사용월,호선명,지하철역,승차총승객수,하차총승객수,승하차총승객수
202101,경부선,서울역,1363,520,1883
202101,경부선,남영,2043,1986,4029
202101,경부선,용산,10812,12323,23135
202101,경부선,노량진,3362,3143,6505
202101,경부선,대방,2717,2671,5388
202101,경부선,영등포,13323,13885,27208
202101,경부선,신도림,944,885,1829
202101,경부선,신길,2502,2072,4574
202101,경부선,구로,4952,5190,10142
202101,경부선,가산디지털단지,2239,3083,5322
202101,경부선,금천구청,3031,3037,6068
202101,경부선,석수,2443,2382,4825
202101,경부선,관악,2112,2046,4158
202101,경부선,안양,6256,6440,12696
202101,경부선,명학,1756,1683,3439
202101,경부선,금정,6731,6792,13523
202101,경부선,군포,1786,1591,3377
202101,경부선,의왕,2167,2123,4290
202101,경부선,성균관대,3578,3646,7224
202101,경부선,화서,1715,1771,3486
202101,경부선,수원,13351,14446,27797
202101,경부선,독산,3029,3017,6046
202101,경부선,세류,1018,990,2008
202101,경부선,병점,4195,4293,8488
202101,경부선,세마,748,700,1448
202101,경부선,오산대,979,871,1850
202101,경부선,오산,3992,3831,7823
202101,경부선,진위,444,391,835
202101,경부선,송탄,1869,1683,3552
202101,경부선,서정리,2276,1967,4243
202101,경부선,지제,862,923,1785
202101,경부선,평택,5087,5111,10198
202101,경부선,성환,1289,1156,2445
202101,경부선,직산,279,258,537
202101,경부선,두정,2101,2111,4212
202101,경부선,천안,2302,2505,4807
202101,경부선,당정,1389,1394,2783
202101,경부선,서동탄,313,327,640
202101,경부선,광명,686,688,1374
202101,경부선,가산디지털단지,15515,18128,33643
202101,경부선,구로,15065,15053,30118
202101,경부선,신길,7785,6565,14350
202101,경부선,신도림,3353,3341,6694
202101,경부선,영등포,28316,28598,56914
202101,경부선,대방,10516,10932,21448
202101,경부선,노량진,5832,6283,12115
202101,경부선,용산,22953,22523,45476
202101,경부선,남영,7566,8028,15594
202101,경부선,서울역,3576,1108,4684
202101,경부선,금천구청,9578,9570,19148
202101,경부선,석수,8309,7392,15701
202101,경부선,관악,5898,5507,11405
202101,경부선,안양,16465,16613,33078
202101,경부선,명학,7801,7762,15563
202101,경부선,금정,21251,22229,43480
202101,경부선,군포,6535,6773,13308
202101,경부선,의왕,7220,7256,14476
202101,경부선,성균관대,10909,11026,21935
202101,경부선,화서,5959,5765,11724
202101,경부선,수원,23837,24667,48504
202101,경부선,독산,14763,15759,30522
202101,경부선,세류,2379,2208,4587
202101,경부선,병점,10067,9990,20057
202101,경부선,세마,1916,1756,3672
202101,경부선,오산대,2300,2120,4420
202101,경부선,오산,6894,7124,14018
202101,경부선,진위,1232,1107,2339
202101,경부선,송탄,3104,3005,6109
202101,경부선,서정리,4237,4415,8652
202101,경부선,지제,2109,1929,4038
202101,경부선,평택,8357,8055,16412
202101,경부선,성환,2329,2429,4758
202101,경부선,직산,527,533,1060
202101,경부선,두정,3724,3702,7426
202101,경부선,천안,3348,3439,6787
202101,경부선,당정,4908,4740,9648
202101,경부선,서동탄,1211,995,2206
202101,경부선,광명,2525,2122,4647
202101,경부선,광명,2215,1992,4207
202101,경부선,서동탄,1233,984,2217
202101,경부선,당정,4771,4616,9387
202101,경부선,천안,3197,3259,6456
202101,경부선,두정,3608,3585,7193
202101,경부선,직산,502,538,1040
202101,경부선,성환,2246,2322,4568
202101,경부선,평택,7823,7692,15515
202101,경부선,지제,2012,1862,3874
202101,경부선,서정리,4255,4052,8307
202101,경부선,송탄,2935,2885,5820
202101,경부선,진위,1207,1080,2287
202101,경부선,오산,6594,6742,13336
202101,경부선,오산대,2309,2075,4384
202101,경부선,세마,1846,1763,3609
202101,경부선,병점,9952,9820,19772
202101,경부선,세류,2246,2116,4362
202101,경부선,독산,14695,15717,30412
202101,경부선,수원,22993,24126,47119
202101,경부선,화서,5765,5641,11406
202101,경부선,성균관대,10783,10751,21534
202101,경부선,의왕,7238,7200,14438
202101,경부선,군포,6673,6639,13312
202101,경부선,금정,21370,22013,43383
202101,경부선,명학,7773,7800,15573
202101,경부선,안양,16272,16439,32711
202101,경부선,관악,5760,5386,11146
202101,경부선,석수,8335,7418,15753
202101,경부선,금천구청,9584,9457,19041
202101,경부선,가산디지털단지,15011,17810,32821
202101,경부선,구로,15267,15502,30769
202101,경부선,신길,7511,6355,13866
202101,경부선,신도림,3154,3036,6190
202101,경부선,영등포,28018,28887,56905
202101,경부선,대방,10400,10810,21210
202101,경부선,노량진,5884,6335,12219
202101,경부선,용산,22029,22110,44139
202101,경부선,남영,7431,7851,15282
202101,경부선,서울역,2671,997,3668
202101,경부선,광명,2601,2448,5049
202101,경부선,서동탄,1193,1084,2277
202101,경부선,당정,4978,4991,9969
202101,경부선,천안,3122,3262,6384
202101,경부선,두정,3586,3690,7276
202101,경부선,직산,557,556,1113
202101,경부선,성환,2252,2274,4526
202101,경부선,평택,7760,7615,15375
202101,경부선,지제,2027,1913,3940
202101,경부선,서정리,4210,4092,8302
202101,경부선,송탄,2906,2852,5758
202101,경부선,진위,1264,1068,2332
202101,경부선,오산,6966,6968,13934
202101,경부선,오산대,2359,2105,4464
202101,경부선,세마,1971,1897,3868
202101,경부선,병점,9801,10110,19911
202101,경부선,세류,2322,2295,4617
202101,경부선,독산,16220,16533,32753
202101,경부선,수원,23603,25486,49089
202101,경부선,화서,5679,6609,12288
202101,경부선,성균관대,10905,12721,23626
202101,경부선,의왕,7132,7443,14575
202101,경부선,군포,6873,6757,13630
202101,경부선,금정,21916,23064,44980
202101,경부선,명학,7949,7827,15776
202101,경부선,안양,16584,17429,34013
202101,경부선,관악,5986,5843,11829
202101,경부선,석수,8802,7972,16774
202101,경부선,금천구청,9986,10640,20626
202101,경부선,가산디지털단지,16786,17813,34599
202101,경부선,구로,16368,16044,32412
202101,경부선,신길,7680,6739,14419
202101,경부선,신도림,3188,3166,6354
202101,경부선,영등포,28938,28708,57646
202101,경부선,대방,10446,11316,21762
202101,경부선,노량진,5863,6618,12481
202101,경부선,용산,23806,22046,45852
202101,경부선,남영,7729,8038,15767
202101,경부선,서울역,2895,1019,3914
202101,경부선,광명,2440,1896,4336
202101,경부선,서동탄,1622,1226,2848
202101,경부선,당정,6037,5624,11661
202101,경부선,천안,3206,3514,6720
202101,경부선,두정,4054,4053,8107
202101,경부선,직산,575,645,1220
202101,경부선,성환,2425,2456,4881
202101,경부선,평택,7952,7748,15700
202101,경부선,지제,2333,2383,4716
202101,경부선,서정리,4737,4482,9219
202101,경부선,송탄,3166,3055,6221
202101,경부선,진위,1484,1292,2776
202101,경부선,오산,7799,7955,15754
202101,경부선,오산대,2934,2473,5407
202101,경부선,세마,2644,2222,4866
202101,경부선,병점,12146,12086,24232
202101,경부선,세류,2755,2574,5329
202101,경부선,독산,16023,17391,33414
202101,경부선,수원,26530,29518,56048
202101,경부선,화서,7104,6723,13827
202101,경부선,성균관대,13421,12912,26333
202101,경부선,의왕,8196,8288,16484
202101,경부선,군포,7583,7785,15368
202101,경부선,금정,24815,26901,51716
202101,경부선,명학,8804,9128,17932
202101,경부선,안양,17834,17804,35638
202101,경부선,관악,6442,6049,12491
202101,경부선,석수,9416,8480,17896
202101,경부선,금천구청,10914,10489,21403
202101,경부선,가산디지털단지,15785,19289,35074
202101,경부선,구로,16140,16993,33133
202101,경부선,신길,7827,6511,14338
202101,경부선,신도림,3177,3035,6212
202101,경부선,영등포,28176,29046,57222
202101,경부선,대방,10681,11292,21973
202101,경부선,노량진,5559,6194,11753
202101,경부선,용산,23586,25281,48867
202101,경부선,남영,7800,8209,16009
202101,경부선,서울역,3607,1194,4801
202101,경부선,서울역,4090,1391,5481
202101,경부선,남영,7248,7624,14872
202101,경부선,용산,24778,25001,49779
202101,경부선,노량진,5762,6263,12025
202101,경부선,대방,10015,10527,20542
202101,경부선,영등포,28616,29941,58557
202101,경부선,신도림,2869,2860,5729
202101,경부선,신길,7318,5997,13315
202101,경부선,구로,14860,15349,30209
202101,경부선,가산디지털단지,14738,17572,32310
202101,경부선,금천구청,9320,9377,18697
202101,경부선,석수,8104,7224,15328
202101,경부선,관악,5579,5225,10804
202101,경부선,안양,16372,16683,33055
202101,경부선,명학,7895,7886,15781
202101,경부선,금정,21860,22600,44460
202101,경부선,군포,6821,6946,13767
202101,경부선,의왕,7413,7333,14746
202101,경부선,성균관대,11537,11335,22872
202101,경부선,화서,6036,5770,11806
202101,경부선,수원,26255,28433,54688
202101,경부선,독산,14552,15625,30177
202101,경부선,세류,2455,2296,4751
202101,경부선,병점,11083,11019,22102
202101,경부선,세마,2128,1876,4004
202101,경부선,오산대,2483,2225,4708
202101,경부선,오산,7932,7699,15631
202101,경부선,진위,1459,1133,2592
202101,경부선,송탄,3120,2949,6069
202101,경부선,서정리,4950,4283,9233
202101,경부선,지제,2500,2271,4771
202101,경부선,평택,8814,8287,17101
202101,경부선,성환,2551,2370,4921
202101,경부선,직산,576,510,1086
202101,경부선,두정,4189,4161,8350
202101,경부선,천안,3609,3690,7299
202101,경부선,당정,5204,4872,10076
202101,경부선,서동탄,1280,984,2264
202101,경부선,광명,2662,2240,4902
202101,경부선,서울역,3529,1191,4720
202101,경부선,남영,7732,8099,15831
202101,경부선,용산,23208,23300,46508
202101,경부선,노량진,5862,6369,12231
202101,경부선,대방,10570,10913,21483
202101,경부선,영등포,28486,29436,57922
202101,경부선,신도림,3110,3106,6216
202101,경부선,신길,7761,6404,14165
202101,경부선,구로,15664,15699,31363
202101,경부선,가산디지털단지,15971,18472,34443
202101,경부선,금천구청,9615,9572,19187
202101,경부선,석수,8381,7450,15831
202101,경부선,관악,5824,5394,11218
202101,경부선,안양,16790,16870,33660
202101,경부선,명학,7838,7894,15732
202101,경부선,금정,21819,22679,44498
202101,경부선,군포,6863,6979,13842
202101,경부선,의왕,7274,7322,14596
202101,경부선,성균관대,11208,11048,22256
202101,경부선,화서,5870,5792,11662
202101,경부선,수원,24137,25481,49618
202101,경부선,독산,15125,16202,31327
202101,경부선,세류,2400,2220,4620
202101,경부선,병점,10196,10126,20322
202101,경부선,세마,2012,1862,3874
202101,경부선,오산대,2322,2065,4387
202101,경부선,오산,7180,7417,14597
202101,경부선,진위,1246,1169,2415
202101,경부선,송탄,3119,2946,6065
202101,경부선,서정리,4431,4492,8923
202101,경부선,지제,2249,2119,4368
202101,경부선,평택,8453,8266,16719
202101,경부선,성환,2567,2677,5244
202101,경부선,직산,520,543,1063
202101,경부선,두정,3750,3816,7566
202101,경부선,천안,3324,3413,6737
202101,경부선,당정,4995,4810,9805
202101,경부선,서동탄,1225,991,2216
202101,경부선,광명,2491,2113,4604
202101,경부선,광명,2912,2606,5518
202101,경부선,서동탄,1240,1188,2428
202101,경부선,당정,5401,5205,10606
202101,경부선,천안,3274,3489,6763
202101,경부선,두정,3723,3726,7449
202101,경부선,직산,538,544,1082
202101,경부선,성환,2431,2346,4777
202101,경부선,평택,8178,8170,16348
202101,경부선,지제,2247,2044,4291
202101,경부선,서정리,4637,4355,8992
202101,경부선,송탄,3047,2919,5966
202101,경부선,진위,1402,1120,2522
202101,경부선,오산,7479,7615,15094
202101,경부선,오산대,2388,2228,4616
202101,경부선,세마,1965,1899,3864
202101,경부선,병점,10455,10746,21201
202101,경부선,세류,2405,2359,4764
202101,경부선,독산,16526,16952,33478
202101,경부선,수원,25177,26904,52081
202101,경부선,화서,6237,6557,12794
202101,경부선,성균관대,11554,12657,24211
202101,경부선,의왕,7682,7769,15451
202101,경부선,군포,7710,7239,14949
202101,경부선,금정,23444,24050,47494
202101,경부선,명학,8768,8272,17040
202101,경부선,안양,17350,18394,35744
202101,경부선,관악,6100,6060,12160
202101,경부선,석수,8786,8183,16969
202101,경부선,금천구청,10176,11048,21224
202101,경부선,가산디지털단지,16789,18641,35430
202101,경부선,구로,16974,16787,33761
202101,경부선,신길,8070,6908,14978
202101,경부선,신도림,3416,3283,6699
202101,경부선,영등포,30521,30625,61146
202101,경부선,대방,10912,11691,22603
202101,경부선,노량진,6112,6695,12807
202101,경부선,용산,24414,23841,48255
202101,경부선,남영,8139,8436,16575
202101,경부선,서울역,3488,1168,4656
202101,경부선,광명,2624,2198,4822
202101,경부선,서동탄,1331,1096,2427
202101,경부선,당정,5611,5272,10883
202101,경부선,천안,3476,3591,7067
202101,경부선,두정,3874,3931,7805
202101,경부선,직산,578,576,1154
202101,경부선,성환,2368,2402,4770
202101,경부선,평택,8501,8388,16889
202101,경부선,지제,2281,2089,4370
202101,경부선,서정리,4627,4499,9126
202101,경부선,송탄,3133,3001,6134
202101,경부선,진위,1358,1217,2575
202101,경부선,오산,7715,7740,15455
202101,경부선,오산대,2441,2293,4734
202101,경부선,세마,2181,2037,4218
202101,경부선,병점,10884,10719,21603
202101,경부선,세류,2481,2284,4765
202101,경부선,독산,15457,16744,32201
202101,경부선,수원,25524,27005,52529
202101,경부선,화서,6505,6155,12660
202101,경부선,성균관대,12086,11632,23718
202101,경부선,의왕,7805,7854,15659
202101,경부선,군포,7240,7560,14800
202101,경부선,금정,23490,24333,47823
202101,경부선,명학,8464,8639,17103
202101,경부선,안양,17948,17844,35792
202101,경부선,관악,6276,5949,12225
202101,경부선,석수,9070,8003,17073
202101,경부선,금천구청,10491,10235,20726
202101,경부선,가산디지털단지,16084,19350,35434
202101,경부선,구로,16871,17414,34285
202101,경부선,신길,8185,6695,14880
202101,경부선,신도림,3527,3380,6907
202101,경부선,영등포,29694,30700,60394
202101,경부선,대방,10951,11351,22302
202101,경부선,노량진,6353,6691,13044
202101,경부선,용산,23762,24701,48463
202101,경부선,남영,7787,8182,15969
202101,경부선,서울역,3507,1161,4668
202101,경부선,서울역,3519,1119,4638
202101,경부선,남영,7883,8272,16155
202101,경부선,용산,24124,24662,48786
202101,경부선,노량진,6731,7103,13834
202101,경부선,대방,11081,11402,22483
202101,경부선,영등포,30216,31044,61260
202101,경부선,신도림,3428,3402,6830
202101,경부선,신길,8095,6706,14801
202101,경부선,구로,16420,16693,33113
202101,경부선,가산디지털단지,15929,18530,34459
202101,경부선,금천구청,9968,10135,20103
202101,경부선,석수,8724,7727,16451
202101,경부선,관악,6284,5776,12060
202101,경부선,안양,17579,17671,35250
202101,경부선,명학,8149,8133,16282
202101,경부선,금정,22770,23321,46091
202101,경부선,군포,7020,7110,14130
202101,경부선,의왕,7546,7534,15080
202101,경부선,성균관대,11633,11590,23223
202101,경부선,화서,6192,6052,12244
202101,경부선,수원,25259,26644,51903
202101,경부선,독산,15119,16217,31336
202101,경부선,세류,2444,2288,4732
202101,경부선,병점,10614,10509,21123
202101,경부선,세마,2103,1927,4030
202101,경부선,오산대,2441,2258,4699
202101,경부선,오산,7285,7298,14583
202101,경부선,진위,1309,1143,2452
202101,경부선,송탄,3101,3065,6166
202101,경부선,서정리,4691,4448,9139
202101,경부선,지제,2233,2173,4406
202101,경부선,평택,8472,8247,16719
202101,경부선,성환,2575,2513,5088
202101,경부선,직산,586,576,1162
202101,경부선,두정,3898,3872,7770
202101,경부선,천안,3593,3655,7248
202101,경부선,당정,5277,4939,10216
202101,경부선,서동탄,1217,1062,2279
202101,경부선,광명,2601,2251,4852
202101,경부선,서울역,4283,1499,5782
202101,경부선,남영,8030,8449,16479
202101,경부선,용산,26949,27081,54030
202101,경부선,노량진,6983,7203,14186
202101,경부선,대방,10953,11324,22277
202101,경부선,영등포,32071,33575,65646
202101,경부선,신도림,3437,3402,6839
202101,경부선,신길,8184,6602,14786
202101,경부선,구로,16554,16972,33526
202101,경부선,가산디지털단지,15803,18210,34013
202101,경부선,금천구청,10043,10322,20365
202101,경부선,석수,8730,7626,16356
202101,경부선,관악,6181,5920,12101
202101,경부선,안양,18011,18375,36386
202101,경부선,명학,8049,7965,16014
202101,경부선,금정,23201,23495,46696
202101,경부선,군포,7058,7117,14175
202101,경부선,의왕,7577,7535,15112
202101,경부선,성균관대,12006,11791,23797
202101,경부선,화서,6214,6085,12299
202101,경부선,수원,27135,29547,56682
202101,경부선,독산,15293,16063,31356
202101,경부선,세류,2555,2398,4953
202101,경부선,병점,11536,11074,22610
202101,경부선,세마,2199,2058,4257
202101,경부선,오산대,2630,2355,4985
202101,경부선,오산,8095,7655,15750
202101,경부선,진위,1457,1187,2644
202101,경부선,송탄,3462,3267,6729
202101,경부선,서정리,5422,4629,10051
202101,경부선,지제,2614,2329,4943
202101,경부선,평택,9911,9426,19337
202101,경부선,성환,2801,2617,5418
202101,경부선,직산,667,634,1301
202101,경부선,두정,4317,4233,8550
202101,경부선,천안,4103,4333,8436
202101,경부선,당정,5246,5163,10409
202101,경부선,서동탄,1296,1121,2417
202101,경부선,광명,2707,2532,5239
202101,경부선,광명,2938,2469,5407
202101,경부선,서동탄,1466,1185,2651
202101,경부선,당정,5483,5213,10696
202101,경부선,천안,3657,3727,7384
202101,경부선,두정,4183,4117,8300
202101,경부선,직산,593,610,1203
202101,경부선,성환,2454,2606,5060
202101,경부선,평택,9099,8910,18009
202101,경부선,지제,2554,2466,5020
202101,경부선,서정리,4837,4850,9687
202101,경부선,송탄,3475,3171,6646
202101,경부선,진위,1367,1290,2657
202101,경부선,오산,7930,8153,16083
202101,경부선,오산대,2614,2367,4981
202101,경부선,세마,2288,2102,4390
202101,경부선,병점,11708,11461,23169
202101,경부선,세류,2612,2394,5006
202101,경부선,독산,15906,17200,33106
202101,경부선,수원,27055,28543,55598
202101,경부선,화서,6701,6342,13043
202101,경부선,성균관대,12487,12361,24848
202101,경부선,의왕,7993,8029,16022
202101,경부선,군포,7410,7746,15156
202101,경부선,금정,23488,24298,47786
202101,경부선,명학,8514,8551,17065
202101,경부선,안양,18338,18260,36598
202101,경부선,관악,6349,5950,12299
202101,경부선,석수,9005,8037,17042
202101,경부선,금천구청,10404,10370,20774
202101,경부선,가산디지털단지,16804,19721,36525
202101,경부선,구로,17015,17085,34100
202101,경부선,신길,8100,6788,14888
202101,경부선,신도림,3344,3371,6715
202101,경부선,영등포,30638,30997,61635
202101,경부선,대방,11527,11975,23502
202101,경부선,노량진,6648,7111,13759
202101,경부선,용산,25680,26186,51866
202101,경부선,남영,7960,8376,16336
202101,경부선,서울역,4398,1303,5701
202101,경부선,서울역,3663,1142,4805
202101,경부선,남영,8009,8267,16276
202101,경부선,용산,23986,24317,48303
202101,경부선,노량진,6528,6836,13364
202101,경부선,대방,11118,11671,22789
202101,경부선,영등포,29361,30172,59533
202101,경부선,신도림,3356,3243,6599
202101,경부선,신길,7885,6588,14473
202101,경부선,구로,16133,16408,32541
202101,경부선,가산디지털단지,16155,18683,34838
202101,경부선,금천구청,9887,9861,19748
202101,경부선,석수,8542,7625,16167
202101,경부선,관악,5999,5610,11609
202101,경부선,안양,17406,17393,34799
202101,경부선,명학,8042,8108,16150
202101,경부선,금정,22097,23044,45141
202101,경부선,군포,7180,7054,14234
202101,경부선,의왕,7408,7383,14791
202101,경부선,성균관대,11495,11449,22944
202101,경부선,화서,6085,5911,11996
202101,경부선,수원,25034,26240,51274
202101,경부선,독산,15237,16295,31532
202101,경부선,세류,2437,2312,4749
202101,경부선,병점,10514,10492,21006
202101,경부선,세마,2075,1899,3974
202101,경부선,오산대,2429,2178,4607
202101,경부선,오산,7373,7418,14791
202101,경부선,진위,1308,1144,2452
202101,경부선,송탄,3101,3032,6133
202101,경부선,서정리,4504,4374,8878
202101,경부선,지제,2156,2054,4210
202101,경부선,평택,8478,8315,16793
202101,경부선,성환,2338,2347,4685
202101,경부선,직산,577,573,1150
202101,경부선,두정,3726,3694,7420
202101,경부선,천안,3426,3528,6954
202101,경부선,당정,5134,4994,10128
202101,경부선,서동탄,1235,1058,2293
202101,경부선,광명,2578,2180,4758
202101,경부선,광명,2531,2300,4831
202101,경부선,서동탄,1343,1142,2485
202101,경부선,당정,5682,5345,11027
202101,경부선,천안,3754,3837,7591
202101,경부선,두정,4001,4083,8084
202101,경부선,직산,622,654,1276
202101,경부선,성환,2501,2520,5021
202101,경부선,평택,9095,8961,18056
202101,경부선,지제,2277,2157,4434
202101,경부선,서정리,4792,4579,9371
202101,경부선,송탄,3292,3193,6485
202101,경부선,진위,1417,1168,2585
202101,경부선,오산,7674,7631,15305
202101,경부선,오산대,2572,2341,4913
202101,경부선,세마,2180,2017,4197
202101,경부선,병점,11276,11053,22329
202101,경부선,세류,2480,2349,4829
202101,경부선,독산,15694,16685,32379
202101,경부선,수원,26721,28097,54818
202101,경부선,화서,6452,6303,12755
202101,경부선,성균관대,12154,12064,24218
202101,경부선,의왕,7786,7803,15589
202101,경부선,군포,7227,7281,14508
202101,경부선,금정,23313,23890,47203
202101,경부선,명학,8382,8296,16678
202101,경부선,안양,18390,18485,36875
202101,경부선,관악,6458,6095,12553
202101,경부선,석수,9098,8098,17196
202101,경부선,금천구청,10490,10611,21101
202101,경부선,가산디지털단지,16636,19219,35855
202101,경부선,구로,17131,17413,34544
202101,경부선,신길,8389,7085,15474
202101,경부선,신도림,3524,3608,7132
202101,경부선,영등포,31775,32678,64453
202101,경부선,대방,11590,12019,23609
202101,경부선,노량진,7125,7573,14698
202101,경부선,용산,25703,26045,51748
202101,경부선,남영,8337,8752,17089
202101,경부선,서울역,3694,1165,4859
202101,경부선,광명,2561,2339,4900
202101,경부선,서동탄,1353,1097,2450
202101,경부선,당정,5151,5048,10199
202101,경부선,천안,3579,3617,7196
202101,경부선,두정,3734,3763,7497
202101,경부선,직산,572,611,1183
202101,경부선,성환,2484,2473,4957
202101,경부선,평택,8600,8441,17041
202101,경부선,지제,2208,2111,4319
202101,경부선,서정리,4619,4416,9035
202101,경부선,송탄,3162,3035,6197
202101,경부선,진위,1299,1140,2439
202101,경부선,오산,7470,7548,15018
202101,경부선,오산대,2475,2201,4676
202101,경부선,세마,2054,2077,4131
202101,경부선,병점,10759,10668,21427
202101,경부선,세류,2394,2267,4661
202101,경부선,독산,15533,16587,32120
202101,경부선,수원,25799,27128,52927
202101,경부선,화서,6307,6097,12404
202101,경부선,성균관대,11730,11772,23502
202101,경부선,의왕,7500,7468,14968
202101,경부선,군포,7055,7092,14147
202101,경부선,금정,22553,23518,46071
202101,경부선,명학,8162,8164,16326
202101,경부선,안양,17726,17924,35650
202101,경부선,관악,6295,5892,12187
202101,경부선,석수,8786,7746,16532
202101,경부선,금천구청,10096,10065,20161
202101,경부선,가산디지털단지,15974,19016,34990
202101,경부선,구로,16892,16949,33841
202101,경부선,신길,7965,6846,14811
202101,경부선,신도림,3244,3295,6539
202101,경부선,영등포,31525,31992,63517
202101,경부선,대방,11405,11972,23377
202101,경부선,노량진,6653,7162,13815
202101,경부선,용산,25606,25748,51354
202101,경부선,남영,8231,8610,16841
202101,경부선,서울역,3971,1298,5269
202101,경부선,광명,2788,2623,5411
202101,경부선,서동탄,1392,1180,2572
202101,경부선,당정,5465,5331,10796
202101,경부선,천안,4244,4251,8495
202101,경부선,두정,4409,4286,8695
202101,경부선,직산,686,632,1318
202101,경부선,성환,2900,2700,5600
202101,경부선,평택,10224,9963,20187
202101,경부선,지제,2672,2364,5036
202101,경부선,서정리,5600,4860,10460
202101,경부선,송탄,3542,3340,6882
202101,경부선,진위,1525,1194,2719
202101,경부선,오산,8502,8195,16697
202101,경부선,오산대,2679,2439,5118
202101,경부선,세마,2217,2042,4259
202101,경부선,병점,11872,11606,23478
202101,경부선,세류,2650,2574,5224
202101,경부선,독산,15605,16510,32115
202101,경부선,수원,29079,31229,60308
202101,경부선,화서,6505,6385,12890
202101,경부선,성균관대,12480,12311,24791
202101,경부선,의왕,7802,7784,15586
202101,경부선,군포,7102,7016,14118
202101,경부선,금정,23554,24062,47616
202101,경부선,명학,8232,8247,16479
202101,경부선,안양,18617,19027,37644
202101,경부선,관악,6446,6013,12459
202101,경부선,석수,9035,7959,16994
202101,경부선,금천구청,10486,10630,21116
202101,경부선,가산디지털단지,16460,19006,35466
202101,경부선,구로,17203,17575,34778
202101,경부선,신길,8239,6839,15078
202101,경부선,신도림,3505,3549,7054
202101,경부선,영등포,33486,35169,68655
202101,경부선,대방,11668,11927,23595
202101,경부선,노량진,7653,7823,15476
202101,경부선,용산,28322,28491,56813
202101,경부선,남영,8259,8559,16818
202101,경부선,서울역,4378,1515,5893
202101,경부선,서울역,4042,1223,5265
202101,경부선,남영,8305,8793,17098
202101,경부선,용산,25948,26486,52434
202101,경부선,노량진,7077,7544,14621
202101,경부선,대방,11646,12172,23818
202101,경부선,영등포,31665,32557,64222
202101,경부선,신도림,3680,3663,7343
202101,경부선,신길,8790,7332,16122
202101,경부선,구로,16978,17075,34053
202101,경부선,가산디지털단지,17195,19731,36926
202101,경부선,금천구청,10735,10660,21395
202101,경부선,석수,9330,8141,17471
202101,경부선,관악,6485,6071,12556
202101,경부선,안양,18794,18769,37563
202101,경부선,명학,8436,8464,16900
202101,경부선,금정,23490,24284,47774
202101,경부선,군포,7183,7429,14612
202101,경부선,의왕,7886,7978,15864
202101,경부선,성균관대,12259,12386,24645
202101,경부선,화서,6692,6468,13160
202101,경부선,수원,27499,28955,56454
202101,경부선,독산,15939,16947,32886
202101,경부선,세류,2630,2453,5083
202101,경부선,병점,11377,11239,22616
202101,경부선,세마,2308,2115,4423
202101,경부선,오산대,2656,2453,5109
202101,경부선,오산,8069,8083,16152
202101,경부선,진위,1388,1258,2646
202101,경부선,송탄,3450,3373,6823
202101,경부선,서정리,4997,4937,9934
202101,경부선,지제,2475,2312,4787
202101,경부선,평택,9551,9388,18939
202101,경부선,성환,2511,2665,5176
202101,경부선,직산,635,658,1293
202101,경부선,두정,4041,4133,8174
202101,경부선,천안,3977,3986,7963
202101,경부선,당정,5439,5274,10713
202101,경부선,서동탄,1348,1166,2514
202101,경부선,광명,2749,2432,5181
202101,경부선,서울역,3668,1217,4885
202101,경부선,남영,8394,8798,17192
202101,경부선,용산,25202,25776,50978
202101,경부선,노량진,6897,7325,14222
202101,경부선,대방,11594,12015,23609
202101,경부선,영등포,30961,32117,63078
202101,경부선,신도림,3366,3463,6829
202101,경부선,신길,8488,7143,15631
202101,경부선,구로,16966,17109,34075
202101,경부선,가산디지털단지,16710,19400,36110
202101,경부선,금천구청,10530,10460,20990
202101,경부선,석수,8951,7894,16845
202101,경부선,관악,6305,6028,12333
202101,경부선,안양,18121,18364,36485
202101,경부선,명학,8379,8257,16636
202101,경부선,금정,23206,23784,46990
202101,경부선,군포,7202,7146,14348
202101,경부선,의왕,7642,7716,15358
202101,경부선,성균관대,11919,11861,23780
202101,경부선,화서,6375,6202,12577
202101,경부선,수원,25957,27421,53378
202101,경부선,독산,15821,16803,32624
202101,경부선,세류,2484,2319,4803
202101,경부선,병점,10958,10810,21768
202101,경부선,세마,2088,1946,4034
202101,경부선,오산대,2499,2335,4834
202101,경부선,오산,7575,7567,15142
202101,경부선,진위,1370,1168,2538
202101,경부선,송탄,3210,3065,6275
202101,경부선,서정리,4641,4419,9060
202101,경부선,지제,2314,2146,4460
202101,경부선,평택,8708,8542,17250
202101,경부선,성환,2445,2441,4886
202101,경부선,직산,557,586,1143
202101,경부선,두정,3736,3848,7584
202101,경부선,천안,3657,3730,7387
202101,경부선,당정,5357,5073,10430
202101,경부선,서동탄,1358,1165,2523
202101,경부선,광명,2623,2251,4874
202101,경부선,서울역,3785,1281,5066
202101,경부선,남영,8518,8977,17495
202101,경부선,용산,26440,26814,53254
202101,경부선,노량진,7380,7766,15146
202101,경부선,대방,11958,12269,24227
202101,경부선,영등포,32543,33508,66051
202101,경부선,신도림,3731,3627,7358
202101,경부선,신길,8796,7505,16301
202101,경부선,구로,17388,17871,35259
202101,경부선,가산디지털단지,17026,19694,36720
202101,경부선,금천구청,10850,10951,21801
202101,경부선,석수,9513,8491,18004
202101,경부선,관악,6911,6403,13314
202101,경부선,안양,19593,19672,39265
202101,경부선,명학,8400,8492,16892
202101,경부선,금정,24037,24603,48640
202101,경부선,군포,7381,7390,14771
202101,경부선,의왕,8133,8093,16226
202101,경부선,성균관대,12491,12556,25047
202101,경부선,화서,6668,6411,13079
202101,경부선,수원,27971,29651,57622
202101,경부선,독산,16100,17221,33321
202101,경부선,세류,2681,2579,5260
202101,경부선,병점,11552,11408,22960
202101,경부선,세마,2195,2087,4282
202101,경부선,오산대,2686,2442,5128
202101,경부선,오산,7903,7920,15823
202101,경부선,진위,1422,1230,2652
202101,경부선,송탄,3437,3318,6755
202101,경부선,서정리,5098,4823,9921
202101,경부선,지제,2316,2170,4486
202101,경부선,평택,9248,9008,18256
202101,경부선,성환,2508,2527,5035
202101,경부선,직산,626,624,1250
202101,경부선,두정,4308,4273,8581
202101,경부선,천안,3738,3848,7586
202101,경부선,당정,5576,5285,10861
202101,경부선,서동탄,1398,1226,2624
202101,경부선,광명,2608,2285,4893
202101,경부선,서울역,4022,1288,5310
202101,경부선,남영,8203,8657,16860
202101,경부선,용산,26636,26884,53520
202101,경부선,노량진,7013,7298,14311
202101,경부선,대방,11559,12148,23707
202101,경부선,영등포,31541,32337,63878
202101,경부선,신도림,3397,3378,6775
202101,경부선,신길,8306,7058,15364
202101,경부선,구로,16942,17081,34023
202101,경부선,가산디지털단지,16525,19713,36238
202101,경부선,금천구청,10262,10464,20726
202101,경부선,석수,9033,7981,17014
202101,경부선,관악,6273,5946,12219
202101,경부선,안양,18163,18246,36409
202101,경부선,명학,8523,8439,16962
202101,경부선,금정,23098,23910,47008
202101,경부선,군포,7260,7204,14464
202101,경부선,의왕,7801,7801,15602
202101,경부선,성균관대,12206,12075,24281
202101,경부선,화서,6455,6147,12602
202101,경부선,수원,26436,27981,54417
202101,경부선,독산,15854,16796,32650
202101,경부선,세류,2546,2368,4914
202101,경부선,병점,11073,10943,22016
202101,경부선,세마,2111,1980,4091
202101,경부선,오산대,2534,2264,4798
202101,경부선,오산,7550,7593,15143
202101,경부선,진위,1315,1171,2486
202101,경부선,송탄,3177,2974,6151
202101,경부선,서정리,4631,4440,9071
202101,경부선,지제,2207,2163,4370
202101,경부선,평택,8522,8342,16864
202101,경부선,성환,2272,2328,4600
202101,경부선,직산,559,604,1163
202101,경부선,두정,3814,3726,7540
202101,경부선,천안,3516,3604,7120
202101,경부선,당정,5548,5204,10752
202101,경부선,서동탄,1363,1117,2480
202101,경부선,광명,2675,2357,5032
202101,경부선,서울역,4515,1480,5995
202101,경부선,남영,8244,8576,16820
202101,경부선,용산,27849,28078,55927
202101,경부선,노량진,6992,7380,14372
202101,경부선,대방,11606,11714,23320
202101,경부선,영등포,32786,34625,67411
202101,경부선,신도림,3347,3313,6660
202101,경부선,신길,8171,6790,14961
202101,경부선,구로,16488,17037,33525
202101,경부선,가산디지털단지,16232,18889,35121
202101,경부선,금천구청,10096,10216,20312
202101,경부선,석수,8750,7712,16462
202101,경부선,관악,6077,5654,11731
202101,경부선,안양,18241,18571,36812
202101,경부선,명학,8132,8012,16144
202101,경부선,금정,22986,23542,46528
202101,경부선,군포,7009,6875,13884
202101,경부선,의왕,7514,7528,15042
202101,경부선,성균관대,12013,11990,24003
202101,경부선,화서,6204,6066,12270
202101,경부선,수원,27951,30158,58109
202101,경부선,독산,15349,16284,31633
202101,경부선,세류,2520,2377,4897
202101,경부선,병점,11836,11522,23358
202101,경부선,세마,2149,1997,4146
202101,경부선,오산대,2539,2351,4890
202101,경부선,오산,8193,7846,16039
202101,경부선,진위,1436,1158,2594
202101,경부선,송탄,3386,3216,6602
202101,경부선,서정리,5355,4584,9939
202101,경부선,지제,2580,2308,4888
202101,경부선,평택,9748,9288,19036
202101,경부선,성환,2629,2444,5073
202101,경부선,직산,644,594,1238
202101,경부선,두정,4361,4331,8692
202101,경부선,천안,4049,4299,8348
202101,경부선,당정,5149,4971,10120
202101,경부선,서동탄,1320,1140,2460
202101,경부선,광명,2777,2522,5299
202102,경부선,광명,2748,2432,5180
202102,경부선,서동탄,1364,1104,2468
202102,경부선,당정,5486,5276,10762
202102,경부선,천안,3846,3953,7799
202102,경부선,두정,3977,4128,8105
202102,경부선,직산,639,621,1260
202102,경부선,성환,2629,2744,5373
202102,경부선,평택,9641,9256,18897
202102,경부선,지제,2296,2290,4586
202102,경부선,서정리,4865,4850,9715
202102,경부선,송탄,3545,3327,6872
202102,경부선,진위,1395,1216,2611
202102,경부선,오산,7941,8176,16117
202102,경부선,오산대,2600,2381,4981
202102,경부선,세마,2261,2052,4313
202102,경부선,병점,11423,11276,22699
202102,경부선,세류,2557,2429,4986
202102,경부선,독산,16216,17253,33469
202102,경부선,수원,27565,29003,56568
202102,경부선,화서,6590,6356,12946
202102,경부선,성균관대,12385,12355,24740
202102,경부선,의왕,8084,8079,16163
202102,경부선,군포,7159,7460,14619
202102,경부선,금정,23545,24409,47954
202102,경부선,명학,8553,8506,17059
202102,경부선,안양,18957,18934,37891
202102,경부선,관악,6551,6065,12616
202102,경부선,석수,9148,8141,17289
202102,경부선,금천구청,10865,10691,21556
202102,경부선,가산디지털단지,17455,20075,37530
202102,경부선,구로,17175,17372,34547
202102,경부선,신길,8666,7197,15863
202102,경부선,신도림,3671,3706,7377
202102,경부선,영등포,31766,32699,64465
202102,경부선,대방,12092,12449,24541
202102,경부선,노량진,7278,7620,14898
202102,경부선,용산,25588,26303,51891
202102,경부선,남영,8662,9090,17752
202102,경부선,서울역,4080,1261,5341
202102,경부선,광명,2614,2323,4937
202102,경부선,서동탄,1350,1106,2456
202102,경부선,당정,5361,5168,10529
202102,경부선,천안,3555,3784,7339
202102,경부선,두정,3833,3880,7713
202102,경부선,직산,590,597,1187
202102,경부선,성환,2341,2384,4725
202102,경부선,평택,8908,8729,17637
202102,경부선,지제,2232,2123,4355
202102,경부선,서정리,4749,4611,9360
202102,경부선,송탄,3299,3141,6440
202102,경부선,진위,1452,1185,2637
202102,경부선,오산,7748,7802,15550
202102,경부선,오산대,2604,2315,4919
202102,경부선,세마,2156,2021,4177
202102,경부선,병점,11292,11183,22475
202102,경부선,세류,2515,2341,4856
202102,경부선,독산,16101,17204,33305
202102,경부선,수원,26593,27954,54547
202102,경부선,화서,6399,6269,12668
202102,경부선,성균관대,12182,12160,24342
202102,경부선,의왕,7779,7844,15623
202102,경부선,군포,7341,7271,14612
202102,경부선,금정,23402,23992,47394
202102,경부선,명학,8425,8391,16816
202102,경부선,안양,18547,18784,37331
202102,경부선,관악,6360,5907,12267
202102,경부선,석수,9112,8163,17275
202102,경부선,금천구청,10521,10675,21196
202102,경부선,가산디지털단지,16523,19584,36107
202102,경부선,구로,16778,17161,33939
202102,경부선,신길,8499,7146,15645
202102,경부선,신도림,3485,3375,6860
202102,경부선,영등포,31718,32639,64357
202102,경부선,대방,11760,12166,23926
202102,경부선,노량진,7051,7358,14409
202102,경부선,용산,25306,25739,51045
202102,경부선,남영,8566,9007,17573
202102,경부선,서울역,3507,1205,4712
202102,경부선,서울역,3856,1279,5135
202102,경부선,남영,8736,9229,17965
202102,경부선,용산,26937,27251,54188
202102,경부선,노량진,7516,7854,15370
202102,경부선,대방,12351,12896,25247
202102,경부선,영등포,33092,33608,66700
202102,경부선,신도림,3686,3619,7305
202102,경부선,신길,8679,7508,16187
202102,경부선,구로,18208,18266,36474
202102,경부선,가산디지털단지,17588,19696,37284
202102,경부선,금천구청,11063,11210,22273
202102,경부선,석수,9322,8543,17865
202102,경부선,관악,6737,6463,13200
202102,경부선,안양,19187,19724,38911
202102,경부선,명학,8672,8607,17279
202102,경부선,금정,24374,24187,48561
202102,경부선,군포,7379,7419,14798
202102,경부선,의왕,8183,8265,16448
202102,경부선,성균관대,12660,12756,25416
202102,경부선,화서,6821,6616,13437
202102,경부선,수원,28203,29473,57676
202102,경부선,독산,16781,17662,34443
202102,경부선,세류,2571,2484,5055
202102,경부선,병점,11837,11668,23505
202102,경부선,세마,2285,2162,4447
202102,경부선,오산대,2686,2429,5115
202102,경부선,오산,8124,8197,16321
202102,경부선,진위,1431,1338,2769
202102,경부선,송탄,3403,3272,6675
202102,경부선,서정리,4919,4679,9598
202102,경부선,지제,2291,2191,4482
202102,경부선,평택,9089,9042,18131
202102,경부선,성환,2468,2449,4917
202102,경부선,직산,600,623,1223
202102,경부선,두정,3999,4006,8005
202102,경부선,천안,3636,3776,7412
202102,경부선,당정,5716,5542,11258
202102,경부선,서동탄,1414,1199,2613
202102,경부선,광명,2755,2466,5221
202102,경부선,서울역,4108,1264,5372
202102,경부선,남영,8686,9137,17823
202102,경부선,용산,27483,28146,55629
202102,경부선,노량진,7246,7743,14989
202102,경부선,대방,12209,12585,24794
202102,경부선,영등포,33005,34040,67045
202102,경부선,신도림,3687,3480,7167
202102,경부선,신길,8742,7250,15992
202102,경부선,구로,17604,18172,35776
202102,경부선,가산디지털단지,17198,20301,37499
202102,경부선,금천구청,10809,10769,21578
202102,경부선,석수,9611,8481,18092
202102,경부선,관악,6572,6131,12703
202102,경부선,안양,19481,19450,38931
202102,경부선,명학,8808,8954,17762
202102,경부선,금정,24708,25318,50026
202102,경부선,군포,7522,7786,15308
202102,경부선,의왕,8362,8441,16803
202102,경부선,성균관대,13495,13050,26545
202102,경부선,화서,7084,6659,13743
202102,경부선,수원,28530,30444,58974
202102,경부선,독산,16443,17802,34245
202102,경부선,세류,2750,2465,5215
202102,경부선,병점,12028,11991,24019
202102,경부선,세마,2295,2184,4479
202102,경부선,오산대,2776,2379,5155
202102,경부선,오산,8139,8281,16420
202102,경부선,진위,1433,1285,2718
202102,경부선,송탄,3413,3342,6755
202102,경부선,서정리,5057,4806,9863
202102,경부선,지제,2403,2269,4672
202102,경부선,평택,9406,9074,18480
202102,경부선,성환,2736,2798,5534
202102,경부선,직산,552,599,1151
202102,경부선,두정,4074,3924,7998
202102,경부선,천안,3705,3916,7621
202102,경부선,당정,5777,5522,11299
202102,경부선,서동탄,1486,1281,2767
202102,경부선,광명,2793,2457,5250
202102,경부선,광명,2893,2584,5477
202102,경부선,서동탄,1444,1283,2727
202102,경부선,당정,5821,5538,11359
202102,경부선,천안,4223,4464,8687
202102,경부선,두정,4482,4385,8867
202102,경부선,직산,724,630,1354
202102,경부선,성환,3048,2919,5967
202102,경부선,평택,10540,10077,20617
202102,경부선,지제,2690,2436,5126
202102,경부선,서정리,5842,5000,10842
202102,경부선,송탄,3700,3494,7194
202102,경부선,진위,1580,1247,2827
202102,경부선,오산,8952,8527,17479
202102,경부선,오산대,2802,2527,5329
202102,경부선,세마,2348,2201,4549
202102,경부선,병점,12583,12539,25122
202102,경부선,세류,2709,2570,5279
202102,경부선,독산,16448,17385,33833
202102,경부선,수원,30666,33021,63687
202102,경부선,화서,6923,6718,13641
202102,경부선,성균관대,13147,13299,26446
202102,경부선,의왕,8220,8112,16332
202102,경부선,군포,7437,7557,14994
202102,경부선,금정,24687,25008,49695
202102,경부선,명학,8471,8365,16836
202102,경부선,안양,19983,20380,40363
202102,경부선,관악,6754,6218,12972
202102,경부선,석수,9642,8540,18182
202102,경부선,금천구청,11028,11045,22073
202102,경부선,가산디지털단지,17184,19910,37094
202102,경부선,구로,18097,18332,36429
202102,경부선,신길,8972,7346,16318
202102,경부선,신도림,3644,3862,7506
202102,경부선,영등포,35637,37169,72806
202102,경부선,대방,12304,12512,24816
202102,경부선,노량진,8309,8398,16707
202102,경부선,용산,29823,30328,60151
202102,경부선,남영,8909,9369,18278
202102,경부선,서울역,4562,1535,6097
202102,경부선,명학,8438,8466,16904
202102,경부선,서울역,4143,1468,5611
202102,경부선,남영,8912,9398,18310
202102,경부선,용산,27175,29450,56625
202102,경부선,노량진,7382,7815,15197
202102,경부선,대방,12249,12713,24962
202102,경부선,영등포,33496,34444,67940
202102,경부선,신도림,3613,3663,7276
202102,경부선,신길,8749,7369,16118
202102,경부선,구로,17550,17577,35127
202102,경부선,가산디지털단지,17301,20147,37448
202102,경부선,금천구청,10845,10843,21688
202102,경부선,석수,9166,8095,17261
202102,경부선,관악,6456,6047,12503
202102,경부선,안양,19464,19750,39214
202102,경부선,금정,23852,24648,48500
202102,경부선,군포,7204,7286,14490
202102,경부선,의왕,8006,7920,15926
202102,경부선,성균관대,12817,12677,25494
202102,경부선,화서,6631,6493,13124
202102,경부선,수원,28586,30572,59158
202102,경부선,독산,16598,17617,34215
202102,경부선,세류,2639,2454,5093
202102,경부선,병점,12031,11998,24029
202102,경부선,세마,2308,2108,4416
202102,경부선,오산대,2711,2399,5110
202102,경부선,오산,8334,8471,16805
202102,경부선,진위,1347,1220,2567
202102,경부선,송탄,3491,3258,6749
202102,경부선,서정리,4928,4844,9772
202102,경부선,지제,2318,2280,4598
202102,경부선,평택,9874,9658,19532
202102,경부선,성환,2791,2906,5697
202102,경부선,직산,633,632,1265
202102,경부선,두정,4090,4104,8194
202102,경부선,천안,3983,4199,8182
202102,경부선,당정,5600,5372,10972
202102,경부선,서동탄,1372,1167,2539
202102,경부선,광명,2796,2511,5307
202102,경부선,광명,2776,2513,5289
202102,경부선,서동탄,1422,1169,2591
202102,경부선,당정,5666,5346,11012
202102,경부선,천안,4140,4497,8637
202102,경부선,두정,4109,4034,8143
202102,경부선,직산,611,650,1261
202102,경부선,성환,2673,2713,5386
202102,경부선,평택,9782,9652,19434
202102,경부선,지제,2504,2303,4807
202102,경부선,서정리,5411,4791,10202
202102,경부선,송탄,3611,3275,6886
202102,경부선,진위,1327,1184,2511
202102,경부선,오산,8313,8233,16546
202102,경부선,오산대,2648,2387,5035
202102,경부선,세마,2282,2117,4399
202102,경부선,병점,12110,11685,23795
202102,경부선,세류,2589,2413,5002
202102,경부선,독산,16765,17599,34364
202102,경부선,수원,28876,31141,60017
202102,경부선,화서,6673,6465,13138
202102,경부선,성균관대,12972,12679,25651
202102,경부선,의왕,8170,8081,16251
202102,경부선,군포,7197,7275,14472
202102,경부선,금정,24346,24787,49133
202102,경부선,명학,8434,8406,16840
202102,경부선,안양,19724,19954,39678
202102,경부선,관악,6688,6164,12852
202102,경부선,석수,9281,8172,17453
202102,경부선,금천구청,11040,11022,22062
202102,경부선,가산디지털단지,17553,20238,37791
202102,경부선,구로,17782,18060,35842
202102,경부선,신길,8739,7276,16015
202102,경부선,신도림,3737,3759,7496
202102,경부선,영등포,33740,35066,68806
202102,경부선,대방,12141,12573,24714
202102,경부선,노량진,7776,8143,15919
202102,경부선,용산,26749,29271,56020
202102,경부선,남영,8659,9109,17768
202102,경부선,서울역,3542,1484,5026
202102,경부선,서울역,3671,1510,5181
202102,경부선,남영,8751,8857,17608
202102,경부선,용산,28568,31439,60007
202102,경부선,노량진,8242,8329,16571
202102,경부선,대방,11549,11481,23030
202102,경부선,영등포,36545,38189,74734
202102,경부선,신도림,3578,3568,7146
202102,경부선,신길,8508,6836,15344
202102,경부선,구로,17181,17720,34901
202102,경부선,가산디지털단지,15421,17503,32924
202102,경부선,금천구청,10690,10870,21560
202102,경부선,석수,8787,7833,16620
202102,경부선,관악,6347,5862,12209
202102,경부선,안양,19621,20278,39899
202102,경부선,명학,7871,7721,15592
202102,경부선,금정,23265,24042,47307
202102,경부선,군포,7010,6738,13748
202102,경부선,의왕,7799,7501,15300
202102,경부선,성균관대,12765,12101,24866
202102,경부선,화서,6080,6017,12097
202102,경부선,수원,32257,35465,67722
202102,경부선,독산,15329,15967,31296
202102,경부선,세류,2618,2719,5337
202102,경부선,병점,12603,11986,24589
202102,경부선,세마,2363,2162,4525
202102,경부선,오산대,2827,2545,5372
202102,경부선,오산,9418,9088,18506
202102,경부선,진위,1492,1206,2698
202102,경부선,송탄,4168,3642,7810
202102,경부선,서정리,6572,5126,11698
202102,경부선,지제,3027,2450,5477
202102,경부선,평택,11866,11770,23636
202102,경부선,성환,3049,2883,5932
202102,경부선,직산,711,660,1371
202102,경부선,두정,4524,4530,9054
202102,경부선,천안,4813,5646,10459
202102,경부선,당정,5480,5026,10506
202102,경부선,서동탄,1397,1259,2656
202102,경부선,광명,2618,2545,5163
202102,경부선,광명,1157,1318,2475
202102,경부선,서동탄,540,570,1110
202102,경부선,당정,2068,2017,4085
202102,경부선,천안,4081,5229,9310
202102,경부선,두정,2807,2670,5477
202102,경부선,직산,398,447,845
202102,경부선,성환,2139,2261,4400
202102,경부선,평택,8471,8943,17414
202102,경부선,지제,1283,1409,2692
202102,경부선,서정리,3329,2817,6146
202102,경부선,송탄,2735,2473,5208
202102,경부선,진위,648,576,1224
202102,경부선,오산,6452,5844,12296
202102,경부선,오산대,1490,1300,2790
202102,경부선,세마,1083,1013,2096
202102,경부선,병점,6423,6230,12653
202102,경부선,세류,1427,1573,3000
202102,경부선,독산,4575,4238,8813
202102,경부선,수원,22760,25875,48635
202102,경부선,화서,2427,2656,5083
202102,경부선,성균관대,5438,5018,10456
202102,경부선,의왕,3033,3013,6046
202102,경부선,군포,2596,2296,4892
202102,경부선,금정,9861,10062,19923
202102,경부선,명학,2314,2160,4474
202102,경부선,안양,9405,9794,19199
202102,경부선,관악,2765,2763,5528
202102,경부선,석수,3471,3293,6764
202102,경부선,금천구청,4667,4435,9102
202102,경부선,가산디지털단지,3692,4469,8161
202102,경부선,구로,6946,7094,14040
202102,경부선,신길,3602,2620,6222
202102,경부선,신도림,1524,1308,2832
202102,경부선,영등포,19156,19485,38641
202102,경부선,대방,4061,3647,7708
202102,경부선,노량진,5832,5136,10968
202102,경부선,용산,16916,21930,38846
202102,경부선,남영,3032,2646,5678
202102,경부선,서울역,1860,984,2844
202102,경부선,서울역,2504,635,3139
202102,경부선,남영,1941,2179,4120
202102,경부선,용산,14717,14301,29018
202102,경부선,노량진,3654,3263,6917
202102,경부선,대방,3022,3088,6110
202102,경부선,영등포,14513,15055,29568
202102,경부선,신도림,1025,991,2016
202102,경부선,신길,2714,2286,5000
202102,경부선,구로,4925,5222,10147
202102,경부선,가산디지털단지,2513,3796,6309
202102,경부선,금천구청,3556,3525,7081
202102,경부선,석수,2615,2359,4974
202102,경부선,관악,2242,2147,4389
202102,경부선,안양,7124,7173,14297
202102,경부선,명학,1849,1676,3525
202102,경부선,금정,7460,7783,15243
202102,경부선,군포,1884,1711,3595
202102,경부선,의왕,2236,2255,4491
202102,경부선,성균관대,3885,3961,7846
202102,경부선,화서,2005,2052,4057
202102,경부선,수원,19522,20368,39890
202102,경부선,독산,3084,3160,6244
202102,경부선,세류,1283,1186,2469
202102,경부선,병점,4876,5170,10046
202102,경부선,세마,856,782,1638
202102,경부선,오산대,1146,1003,2149
202102,경부선,오산,4937,4798,9735
202102,경부선,진위,548,431,979
202102,경부선,송탄,2115,2125,4240
202102,경부선,서정리,2400,2467,4867
202102,경부선,지제,959,881,1840
202102,경부선,평택,7222,6912,14134
202102,경부선,성환,1806,1716,3522
202102,경부선,직산,423,344,767
202102,경부선,두정,2083,2314,4397
202102,경부선,천안,4021,3793,7814
202102,경부선,당정,1517,1433,2950
202102,경부선,서동탄,493,455,948
202102,경부선,광명,912,767,1679
202102,경부선,광명,3084,2318,5402
202102,경부선,서동탄,1350,1117,2467
202102,경부선,당정,5349,5158,10507
202102,경부선,천안,4128,4207,8335
202102,경부선,두정,3927,4160,8087
202102,경부선,직산,615,591,1206
202102,경부선,성환,2497,2631,5128
202102,경부선,평택,10021,9931,19952
202102,경부선,지제,2528,2358,4886
202102,경부선,서정리,4836,4831,9667
202102,경부선,송탄,3835,3639,7474
202102,경부선,진위,1339,1179,2518
202102,경부선,오산,8167,8187,16354
202102,경부선,오산대,2579,2406,4985
202102,경부선,세마,2149,2028,4177
202102,경부선,병점,11356,11560,22916
202102,경부선,세류,2609,2374,4983
202102,경부선,독산,15534,16453,31987
202102,경부선,수원,30564,31092,61656
202102,경부선,화서,6393,6143,12536
202102,경부선,성균관대,12348,12539,24887
202102,경부선,의왕,7507,7606,15113
202102,경부선,군포,6740,6859,13599
202102,경부선,금정,22928,23684,46612
202102,경부선,명학,8241,8224,16465
202102,경부선,안양,18948,18825,37773
202102,경부선,관악,6361,5939,12300
202102,경부선,석수,8639,7618,16257
202102,경부선,금천구청,10427,10453,20880
202102,경부선,가산디지털단지,15929,19088,35017
202102,경부선,구로,16862,16887,33749
202102,경부선,신길,8308,7083,15391
202102,경부선,신도림,3453,3442,6895
202102,경부선,영등포,33797,34241,68038
202102,경부선,대방,11735,12463,24198
202102,경부선,노량진,6836,7372,14208
202102,경부선,용산,30060,27936,57996
202102,경부선,남영,8035,8673,16708
202102,경부선,서울역,5516,1352,6868
202102,경부선,광명,2985,2403,5388
202102,경부선,서동탄,1364,1160,2524
202102,경부선,당정,5650,5373,11023
202102,경부선,천안,3743,4021,7764
202102,경부선,두정,3928,3871,7799
202102,경부선,직산,585,623,1208
202102,경부선,성환,2610,2633,5243
202102,경부선,평택,9371,9293,18664
202102,경부선,지제,2420,2322,4742
202102,경부선,서정리,4922,4702,9624
202102,경부선,송탄,3422,3379,6801
202102,경부선,진위,1388,1199,2587
202102,경부선,오산,7932,8039,15971
202102,경부선,오산대,2722,2410,5132
202102,경부선,세마,2301,2138,4439
202102,경부선,병점,11789,11741,23530
202102,경부선,세류,2655,2342,4997
202102,경부선,독산,16178,17186,33364
202102,경부선,수원,29659,30514,60173
202102,경부선,화서,6677,6439,13116
202102,경부선,성균관대,12809,13065,25874
202102,경부선,의왕,8021,7987,16008
202102,경부선,군포,7351,7302,14653
202102,경부선,금정,23929,24737,48666
202102,경부선,명학,8402,8368,16770
202102,경부선,안양,19784,19896,39680
202102,경부선,관악,6615,6171,12786
202102,경부선,석수,9225,8243,17468
202102,경부선,금천구청,10907,10776,21683
202102,경부선,가산디지털단지,17067,20152,37219
202102,경부선,구로,17521,17797,35318
202102,경부선,신길,8669,7347,16016
202102,경부선,신도림,3539,3550,7089
202102,경부선,영등포,33852,34368,68220
202102,경부선,대방,12117,12583,24700
202102,경부선,노량진,6915,7292,14207
202102,경부선,용산,29590,28541,58131
202102,경부선,남영,8581,9057,17638
202102,경부선,서울역,5042,1383,6425
202102,경부선,서울역,4418,1338,5756
202102,경부선,남영,8505,8850,17355
202102,경부선,용산,28459,28305,56764
202102,경부선,노량진,6856,7206,14062
202102,경부선,대방,11826,12378,24204
202102,경부선,영등포,33085,33911,66996
202102,경부선,신도림,3450,3506,6956
202102,경부선,신길,8354,7050,15404
202102,경부선,구로,17220,17633,34853
202102,경부선,가산디지털단지,16703,19717,36420
202102,경부선,금천구청,10533,10493,21026
202102,경부선,석수,8999,7931,16930
202102,경부선,관악,6393,6037,12430
202102,경부선,안양,19242,19476,38718
202102,경부선,명학,8464,8418,16882
202102,경부선,금정,23712,24111,47823
202102,경부선,군포,7262,7211,14473
202102,경부선,의왕,7751,7773,15524
202102,경부선,성균관대,12868,12775,25643
202102,경부선,화서,6464,6260,12724
202102,경부선,수원,28664,30171,58835
202102,경부선,독산,15871,16980,32851
202102,경부선,세류,2454,2302,4756
202102,경부선,병점,11352,11414,22766
202102,경부선,세마,2193,2040,4233
202102,경부선,오산대,2588,2349,4937
202102,경부선,오산,7716,7707,15423
202102,경부선,진위,1343,1182,2525
202102,경부선,송탄,3356,3193,6549
202102,경부선,서정리,4720,4625,9345
202102,경부선,지제,2387,2293,4680
202102,경부선,평택,8876,8831,17707
202102,경부선,성환,2371,2391,4762
202102,경부선,직산,544,552,1096
202102,경부선,두정,3828,3897,7725
202102,경부선,천안,3588,3724,7312
202102,경부선,당정,5575,5360,10935
202102,경부선,서동탄,1360,1115,2475
202102,경부선,광명,2819,2278,5097
202102,경부선,직산,545,563,1108
202102,경부선,성환,2417,2383,4800
202102,경부선,광명,2843,2508,5351
202102,경부선,서동탄,1346,1137,2483
202102,경부선,당정,5582,5385,10967
202102,경부선,천안,3682,3786,7468
202102,경부선,두정,4017,4064,8081
202102,경부선,평택,9257,9083,18340
202102,경부선,지제,2389,2263,4652
202102,경부선,서정리,5030,4718,9748
202102,경부선,송탄,3340,3202,6542
202102,경부선,진위,1349,1175,2524
202102,경부선,오산,8119,8174,16293
202102,경부선,오산대,2592,2329,4921
202102,경부선,세마,2276,2132,4408
202102,경부선,병점,11692,11627,23319
202102,경부선,세류,2535,2316,4851
202102,경부선,독산,15925,16803,32728
202102,경부선,수원,29270,30807,60077
202102,경부선,화서,6600,6379,12979
202102,경부선,성균관대,12866,12926,25792
202102,경부선,의왕,7934,7914,15848
202102,경부선,군포,7237,7266,14503
202102,경부선,금정,23957,24405,48362
202102,경부선,명학,8577,8558,17135
202102,경부선,안양,19669,19920,39589
202102,경부선,관악,6579,6162,12741
202102,경부선,석수,9154,7956,17110
202102,경부선,금천구청,10720,10683,21403
202102,경부선,가산디지털단지,16930,19929,36859
202102,경부선,구로,17331,17708,35039
202102,경부선,신길,8453,7059,15512
202102,경부선,신도림,3475,3515,6990
202102,경부선,영등포,33513,34410,67923
202102,경부선,대방,11985,12269,24254
202102,경부선,노량진,7018,7507,14525
202102,경부선,용산,28522,28395,56917
202102,경부선,남영,8617,9088,17705
202102,경부선,서울역,4475,1438,5913
202102,경부선,금천구청,11368,11497,22865
202102,경부선,석수,9675,8616,18291
202102,경부선,관악,7036,6590,13626
202102,경부선,안양,21135,21669,42804
202102,경부선,명학,8688,8551,17239
202102,경부선,금정,25673,25760,51433
202102,경부선,군포,7604,7434,15038
202102,경부선,의왕,8439,8331,16770
202102,경부선,성균관대,13433,13579,27012
202102,경부선,화서,7064,6983,14047
202102,경부선,수원,33561,36231,69792
202102,경부선,독산,16283,17271,33554
202102,경부선,세류,2804,2624,5428
202102,경부선,병점,13163,12970,26133
202102,경부선,세마,2492,2306,4798
202102,경부선,오산대,3010,2759,5769
202102,경부선,오산,9406,9043,18449
202102,경부선,진위,1660,1375,3035
202102,경부선,송탄,3949,3639,7588
202102,경부선,서정리,6038,5240,11278
202102,경부선,지제,2924,2725,5649
202102,경부선,평택,11363,10644,22007
202102,경부선,성환,2835,2699,5534
202102,경부선,직산,744,640,1384
202102,경부선,두정,5028,5057,10085
202102,경부선,천안,4430,4684,9114
202102,경부선,서울역,5822,1839,7661
202102,경부선,남영,9229,9714,18943
202102,경부선,용산,32282,32399,64681
202102,경부선,노량진,8138,8274,16412
202102,경부선,대방,12621,12874,25495
202102,경부선,영등포,37662,39549,77211
202102,경부선,신도림,3825,3849,7674
202102,경부선,신길,9155,7573,16728
202102,경부선,구로,18105,18623,36728
202102,경부선,가산디지털단지,17726,20242,37968
202102,경부선,당정,5904,5584,11488
202102,경부선,서동탄,1498,1336,2834
202102,경부선,광명,3297,2891,6188
202102,경부선,서울역,4748,1539,6287
202102,경부선,남영,8821,9333,18154
202102,경부선,용산,28885,29448,58333
202102,경부선,노량진,7416,7720,15136
202102,경부선,대방,12487,12857,25344
202102,경부선,영등포,34704,35452,70156
202102,경부선,신도림,3720,3701,7421
202102,경부선,신길,9174,7790,16964
202102,경부선,구로,18333,18498,36831
202102,경부선,가산디지털단지,17806,20784,38590
202102,경부선,금천구청,11445,11175,22620
202102,경부선,석수,9482,8430,17912
202102,경부선,관악,6901,6435,13336
202102,경부선,안양,20221,20330,40551
202102,경부선,명학,8635,8534,17169
202102,경부선,금정,24789,25554,50343
202102,경부선,군포,7479,7648,15127
202102,경부선,의왕,8541,8525,17066
202102,경부선,성균관대,13516,13257,26773
202102,경부선,화서,7036,6732,13768
202102,경부선,수원,31154,32336,63490
202102,경부선,독산,16355,17428,33783
202102,경부선,세류,2875,2690,5565
202102,경부선,병점,12457,12555,25012
202102,경부선,세마,2452,2289,4741
202102,경부선,오산대,2907,2685,5592
202102,경부선,오산,8593,8793,17386
202102,경부선,진위,1440,1294,2734
202102,경부선,송탄,3822,3605,7427
202102,경부선,서정리,5419,5371,10790
202102,경부선,지제,2678,2532,5210
202102,경부선,평택,10397,10655,21052
202102,경부선,성환,2805,2934,5739
202102,경부선,직산,656,667,1323
202102,경부선,두정,4129,4243,8372
202102,경부선,천안,4225,4361,8586
202102,경부선,당정,5862,5650,11512
202102,경부선,서동탄,1458,1232,2690
202102,경부선,광명,3069,2628,5697
202102,경부선,광명,2932,2492,5424
202102,경부선,서동탄,1498,1237,2735
202102,경부선,당정,5845,5549,11394
202102,경부선,천안,3791,4078,7869
202102,경부선,두정,3994,4046,8040
202102,경부선,직산,620,618,1238
202102,경부선,성환,2657,2636,5293
202102,경부선,평택,9699,9529,19228
202102,경부선,지제,2391,2299,4690
202102,경부선,서정리,5111,4946,10057
202102,경부선,송탄,3526,3247,6773
202102,경부선,진위,1405,1227,2632
202102,경부선,오산,8719,8662,17381
202102,경부선,오산대,2789,2576,5365
202102,경부선,세마,2359,2182,4541
202102,경부선,병점,12493,12449,24942
202102,경부선,세류,2700,2522,5222
202102,경부선,독산,16451,17560,34011
202102,경부선,수원,30275,31668,61943
202102,경부선,화서,6924,6707,13631
202102,경부선,성균관대,13284,13225,26509
202102,경부선,의왕,8297,8241,16538
202102,경부선,군포,7500,7502,15002
202102,경부선,금정,25003,25447,50450
202102,경부선,명학,8574,8517,17091
202102,경부선,안양,20037,20101,40138
202102,경부선,관악,6848,6457,13305
202102,경부선,석수,9455,8480,17935
202102,경부선,금천구청,11101,11233,22334
202102,경부선,가산디지털단지,17535,20566,38101
202102,경부선,구로,18036,18475,36511
202102,경부선,신길,8990,7682,16672
202102,경부선,신도림,3611,3644,7255
202102,경부선,영등포,34412,34935,69347
202102,경부선,대방,12493,12906,25399
202102,경부선,노량진,7467,7851,15318
202102,경부선,용산,28355,28676,57031
202102,경부선,남영,8847,9300,18147
202102,경부선,서울역,4374,1523,5897
202102,경부선,광명,2905,2515,5420
202102,경부선,서동탄,1452,1307,2759
202102,경부선,당정,5836,5646,11482
202102,경부선,천안,4073,4084,8157
202102,경부선,두정,4221,4304,8525
202102,경부선,직산,615,636,1251
202102,경부선,성환,2801,2752,5553
202102,경부선,평택,9830,9858,19688
202102,경부선,지제,2517,2369,4886
202102,경부선,서정리,5186,5000,10186
202102,경부선,송탄,3600,3461,7061
202102,경부선,진위,1453,1258,2711
202102,경부선,오산,8505,8507,17012
202102,경부선,오산대,2835,2595,5430
202102,경부선,세마,2429,2233,4662
202102,경부선,병점,12464,12428,24892
202102,경부선,세류,2794,2585,5379
202102,경부선,독산,16509,17507,34016
202102,경부선,수원,30956,32239,63195
202102,경부선,화서,6905,6796,13701
202102,경부선,성균관대,13456,13321,26777
202102,경부선,의왕,8532,8374,16906
202102,경부선,군포,7498,7503,15001
202102,경부선,금정,25043,25472,50515
202102,경부선,명학,8806,8748,17554
202102,경부선,안양,20933,20867,41800
202102,경부선,관악,6930,6464,13394
202102,경부선,석수,9623,8578,18201
202102,경부선,금천구청,11379,11398,22777
202102,경부선,가산디지털단지,17597,20497,38094
202102,경부선,구로,18368,18857,37225
202102,경부선,신길,9261,7809,17070
202102,경부선,신도림,3829,3939,7768
202102,경부선,영등포,35271,36046,71317
202102,경부선,대방,12437,13007,25444
202102,경부선,노량진,7705,7926,15631
202102,경부선,용산,29423,29412,58835
202102,경부선,남영,9125,9534,18659
202102,경부선,서울역,4400,1472,5872
202102,경부선,서울역,4821,1523,6344
202102,경부선,남영,9160,9572,18732
202102,경부선,용산,29630,30005,59635
202102,경부선,노량진,7901,8119,16020
202102,경부선,대방,12671,13037,25708
202102,경부선,영등포,35472,36482,71954
202102,경부선,신도림,3799,3871,7670
202102,경부선,신길,9217,7709,16926
202102,경부선,구로,18368,18789,37157
202102,경부선,가산디지털단지,17753,20551,38304
202102,경부선,금천구청,11226,11203,22429
202102,경부선,석수,9663,8572,18235
202102,경부선,관악,6913,6390,13303
202102,경부선,안양,20284,20501,40785
202102,경부선,명학,8703,8704,17407
202102,경부선,금정,24952,25430,50382
202102,경부선,군포,7366,7453,14819
202102,경부선,의왕,8347,8327,16674
202102,경부선,성균관대,13476,13156,26632
202102,경부선,화서,7018,6849,13867
202102,경부선,수원,30969,32136,63105
202102,경부선,독산,16352,17358,33710
202102,경부선,세류,2682,2513,5195
202102,경부선,병점,12463,12498,24961
202102,경부선,세마,2366,2208,4574
202102,경부선,오산대,2853,2654,5507
202102,경부선,오산,8548,8399,16947
202102,경부선,진위,1472,1273,2745
202102,경부선,송탄,3572,3416,6988
202102,경부선,서정리,5277,4991,10268
202102,경부선,지제,2514,2421,4935
202102,경부선,평택,9742,9762,19504
202102,경부선,성환,2681,2712,5393
202102,경부선,직산,637,678,1315
202102,경부선,두정,4252,4287,8539
202102,경부선,천안,4055,4076,8131
202102,경부선,당정,5907,5658,11565
202102,경부선,서동탄,1488,1256,2744
202102,경부선,광명,2881,2529,5410
202102,경부선,서울역,6233,2211,8444
202102,경부선,남영,9213,9720,18933
202102,경부선,용산,33867,35722,69589
202102,경부선,노량진,8463,8641,17104
202102,경부선,대방,12840,13068,25908
202102,경부선,영등포,39442,41691,81133
202102,경부선,신도림,3983,3996,7979
202102,경부선,신길,9515,7842,17357
202102,경부선,구로,18876,19550,38426
202102,경부선,가산디지털단지,17894,20692,38586
202102,경부선,금천구청,11626,11718,23344
202102,경부선,석수,9836,8609,18445
202102,경부선,관악,7296,6789,14085
202102,경부선,안양,21416,21714,43130
202102,경부선,명학,8775,8635,17410
202102,경부선,금정,25815,25985,51800
202102,경부선,군포,7624,7497,15121
202102,경부선,의왕,8675,8602,17277
202102,경부선,성균관대,13943,13822,27765
202102,경부선,화서,7162,7001,14163
202102,경부선,수원,34989,37408,72397
202102,경부선,독산,16397,17371,33768
202102,경부선,세류,2918,2638,5556
202102,경부선,병점,13672,13491,27163
202102,경부선,세마,2621,2381,5002
202102,경부선,오산대,3148,2809,5957
202102,경부선,오산,9853,9404,19257
202102,경부선,진위,1696,1343,3039
202102,경부선,송탄,4096,3715,7811
202102,경부선,서정리,6251,5406,11657
202102,경부선,지제,3070,2957,6027
202102,경부선,평택,11761,11269,23030
202102,경부선,성환,3185,3016,6201
202102,경부선,직산,757,667,1424
202102,경부선,두정,5317,5216,10533
202102,경부선,천안,4736,5062,9798
202102,경부선,당정,6047,5775,11822
202102,경부선,서동탄,1532,1425,2957
202102,경부선,광명,3345,3197,6542
202103,경부선,서울역,5872,1128,7000
202103,경부선,남영,3033,3361,6394
202103,경부선,용산,24589,20519,45108
202103,경부선,노량진,4004,4165,8169
202103,경부선,대방,4475,4857,9332
202103,경부선,영등포,25691,24158,49849
202103,경부선,신도림,1254,1401,2655
202103,경부선,신길,3644,3311,6955
202103,경부선,구로,7516,7523,15039
202103,경부선,가산디지털단지,3158,4725,7883
202103,경부선,금천구청,4111,4228,8339
202103,경부선,석수,3540,3141,6681
202103,경부선,관악,2761,2753,5514
202103,경부선,안양,9848,9731,19579
202103,경부선,명학,2742,2749,5491
202103,경부선,금정,9844,10290,20134
202103,경부선,군포,2404,2453,4857
202103,경부선,의왕,2974,3108,6082
202103,경부선,성균관대,5450,5971,11421
202103,경부선,화서,2623,2603,5226
202103,경부선,수원,23871,22350,46221
202103,경부선,독산,4716,5022,9738
202103,경부선,세류,1427,1408,2835
202103,경부선,병점,6360,7203,13563
202103,경부선,세마,1192,1111,2303
202103,경부선,오산대,1448,1375,2823
202103,경부선,오산,5173,5685,10858
202103,경부선,진위,579,572,1151
202103,경부선,송탄,2311,2610,4921
202103,경부선,서정리,2741,3967,6708
202103,경부선,지제,1807,1641,3448
202103,경부선,평택,7263,7261,14524
202103,경부선,성환,1517,1875,3392
202103,경부선,직산,299,370,669
202103,경부선,두정,2733,2926,5659
202103,경부선,천안,3797,3323,7120
202103,경부선,당정,2166,2184,4350
202103,경부선,서동탄,552,542,1094
202103,경부선,광명,2159,1370,3529
202103,경부선,광명,2950,2555,5505
202103,경부선,서동탄,1475,1233,2708
202103,경부선,당정,5942,5700,11642
202103,경부선,천안,4254,4299,8553
202103,경부선,두정,4826,4901,9727
202103,경부선,직산,657,664,1321
202103,경부선,성환,4162,4182,8344
202103,경부선,평택,10704,10454,21158
202103,경부선,지제,2734,2514,5248
202103,경부선,서정리,6290,6241,12531
202103,경부선,송탄,3936,3616,7552
202103,경부선,진위,1470,1262,2732
202103,경부선,오산,8723,8733,17456
202103,경부선,오산대,2956,2614,5570
202103,경부선,세마,2447,2214,4661
202103,경부선,병점,12470,12842,25312
202103,경부선,세류,2810,2561,5371
202103,경부선,독산,16478,17617,34095
202103,경부선,수원,30891,32558,63449
202103,경부선,화서,7080,6802,13882
202103,경부선,성균관대,14683,14674,29357
202103,경부선,의왕,8431,8449,16880
202103,경부선,군포,7482,7608,15090
202103,경부선,금정,25065,25850,50915
202103,경부선,명학,8840,8939,17779
202103,경부선,안양,24815,24445,49260
202103,경부선,관악,6808,6307,13115
202103,경부선,석수,9453,8344,17797
202103,경부선,금천구청,11460,11402,22862
202103,경부선,가산디지털단지,17711,20680,38391
202103,경부선,구로,18411,18583,36994
202103,경부선,신길,9268,7867,17135
202103,경부선,신도림,3871,3885,7756
202103,경부선,영등포,34014,34607,68621
202103,경부선,대방,12658,13035,25693
202103,경부선,노량진,7488,7842,15330
202103,경부선,용산,27983,28121,56104
202103,경부선,남영,9485,10005,19490
202103,경부선,서울역,4377,1363,5740
202103,경부선,서울역,3923,1335,5258
202103,경부선,남영,9719,10100,19819
202103,경부선,용산,27574,27891,55465
202103,경부선,노량진,7751,8095,15846
202103,경부선,대방,12984,13525,26509
202103,경부선,영등포,34361,35347,69708
202103,경부선,신도림,4009,3993,8002
202103,경부선,신길,9544,8004,17548
202103,경부선,구로,18740,19477,38217
202103,경부선,가산디지털단지,18029,20963,38992
202103,경부선,금천구청,11650,11580,23230
202103,경부선,석수,9808,8632,18440
202103,경부선,관악,7074,6560,13634
202103,경부선,안양,24948,24857,49805
202103,경부선,명학,9032,8987,18019
202103,경부선,금정,25537,26011,51548
202103,경부선,군포,7608,7684,15292
202103,경부선,의왕,8747,8571,17318
202103,경부선,성균관대,14695,14439,29134
202103,경부선,화서,7273,7065,14338
202103,경부선,수원,31589,33245,64834
202103,경부선,독산,16670,17964,34634
202103,경부선,세류,2829,2627,5456
202103,경부선,병점,12993,13014,26007
202103,경부선,세마,2469,2368,4837
202103,경부선,오산대,3070,2790,5860
202103,경부선,오산,8962,9039,18001
202103,경부선,진위,1529,1326,2855
202103,경부선,송탄,3962,3589,7551
202103,경부선,서정리,6189,6011,12200
202103,경부선,지제,2648,2496,5144
202103,경부선,평택,10571,10480,21051
202103,경부선,성환,4150,4047,8197
202103,경부선,직산,631,669,1300
202103,경부선,두정,4857,4815,9672
202103,경부선,천안,4220,4378,8598
202103,경부선,당정,6195,5827,12022
202103,경부선,서동탄,1524,1324,2848
202103,경부선,광명,2808,2473,5281
202103,경부선,서울역,4062,1369,5431
202103,경부선,남영,9700,10035,19735
202103,경부선,용산,28688,28852,57540
202103,경부선,노량진,7970,8148,16118
202103,경부선,대방,13025,13441,26466
202103,경부선,영등포,34639,35564,70203
202103,경부선,신도림,4056,3974,8030
202103,경부선,신길,9630,7918,17548
202103,경부선,구로,18446,18854,37300
202103,경부선,가산디지털단지,18105,21083,39188
202103,경부선,금천구청,11616,11523,23139
202103,경부선,석수,9883,8804,18687
202103,경부선,관악,6970,6477,13447
202103,경부선,안양,24533,24392,48925
202103,경부선,명학,8982,8956,17938
202103,경부선,금정,25692,25960,51652
202103,경부선,군포,7673,7696,15369
202103,경부선,의왕,8740,8687,17427
202103,경부선,성균관대,14897,14809,29706
202103,경부선,화서,7179,7033,14212
202103,경부선,수원,31760,33530,65290
202103,경부선,독산,16507,17564,34071
202103,경부선,세류,2803,2622,5425
202103,경부선,병점,12846,12993,25839
202103,경부선,세마,2430,2324,4754
202103,경부선,오산대,3193,2855,6048
202103,경부선,오산,8762,8740,17502
202103,경부선,진위,1548,1346,2894
202103,경부선,송탄,3802,3565,7367
202103,경부선,서정리,6266,6014,12280
202103,경부선,지제,2590,2519,5109
202103,경부선,평택,10667,10434,21101
202103,경부선,성환,4489,4267,8756
202103,경부선,직산,671,678,1349
202103,경부선,두정,5060,4879,9939
202103,경부선,천안,4257,4396,8653
202103,경부선,당정,6238,5944,12182
202103,경부선,서동탄,1496,1285,2781
202103,경부선,광명,2893,2482,5375
202103,경부선,광명,3355,2939,6294
202103,경부선,서동탄,1601,1457,3058
202103,경부선,당정,6399,6074,12473
202103,경부선,천안,5282,5363,10645
202103,경부선,두정,6101,5920,12021
202103,경부선,직산,809,729,1538
202103,경부선,성환,4132,3640,7772
202103,경부선,평택,12551,12031,24582
202103,경부선,지제,3135,2959,6094
202103,경부선,서정리,6599,5592,12191
202103,경부선,송탄,4397,3997,8394
202103,경부선,진위,1771,1425,3196
202103,경부선,오산,9892,9639,19531
202103,경부선,오산대,3362,3000,6362
202103,경부선,세마,2649,2411,5060
202103,경부선,병점,14538,14411,28949
202103,경부선,세류,3103,2761,5864
202103,경부선,독산,17036,18017,35053
202103,경부선,수원,36370,38833,75203
202103,경부선,화서,7559,7450,15009
202103,경부선,성균관대,15250,14877,30127
202103,경부선,의왕,9145,9057,18202
202103,경부선,군포,7839,7794,15633
202103,경부선,금정,26862,27036,53898
202103,경부선,명학,9122,9087,18209
202103,경부선,안양,25229,25463,50692
202103,경부선,관악,7257,6883,14140
202103,경부선,석수,10447,9050,19497
202103,경부선,금천구청,11977,12168,24145
202103,경부선,가산디지털단지,18696,21511,40207
202103,경부선,구로,19304,20025,39329
202103,경부선,신길,9881,8224,18105
202103,경부선,신도림,4256,4177,8433
202103,경부선,영등포,39024,40763,79787
202103,경부선,대방,13511,13833,27344
202103,경부선,노량진,8859,8895,17754
202103,경부선,용산,33801,33813,67614
202103,경부선,남영,9966,10368,20334
202103,경부선,서울역,5840,1903,7743
202103,경부선,서울역,4479,1477,5956
202103,경부선,남영,9347,9807,19154
202103,경부선,용산,28427,29086,57513
202103,경부선,노량진,8075,8391,16466
202103,경부선,대방,13344,13782,27126
202103,경부선,영등포,33513,34452,67965
202103,경부선,신도림,4126,4031,8157
202103,경부선,신길,9604,8030,17634
202103,경부선,구로,18760,19104,37864
202103,경부선,가산디지털단지,18177,21400,39577
202103,경부선,금천구청,11812,11671,23483
202103,경부선,석수,9942,8722,18664
202103,경부선,관악,7072,6560,13632
202103,경부선,안양,25175,25016,50191
202103,경부선,명학,9151,9060,18211
202103,경부선,금정,25678,26448,52126
202103,경부선,군포,7579,7675,15254
202103,경부선,의왕,8850,8822,17672
202103,경부선,성균관대,14700,14765,29465
202103,경부선,화서,7485,7209,14694
202103,경부선,수원,31707,33605,65312
202103,경부선,독산,16713,17719,34432
202103,경부선,세류,2877,2651,5528
202103,경부선,병점,13222,13399,26621
202103,경부선,세마,2556,2285,4841
202103,경부선,오산대,3545,3239,6784
202103,경부선,오산,9777,9701,19478
202103,경부선,진위,1583,1435,3018
202103,경부선,송탄,4038,3676,7714
202103,경부선,서정리,6413,6287,12700
202103,경부선,지제,2687,2549,5236
202103,경부선,평택,11144,11081,22225
202103,경부선,성환,4255,4390,8645
202103,경부선,직산,707,717,1424
202103,경부선,두정,4928,5317,10245
202103,경부선,천안,4435,4620,9055
202103,경부선,당정,6204,5963,12167
202103,경부선,서동탄,1524,1288,2812
202103,경부선,광명,3061,2644,5705
202103,경부선,서울역,3875,1389,5264
202103,경부선,남영,9431,10112,19543
202103,경부선,용산,27751,28222,55973
202103,경부선,노량진,8108,8383,16491
202103,경부선,대방,13073,13397,26470
202103,경부선,영등포,34747,36228,70975
202103,경부선,신도림,4042,4115,8157
202103,경부선,신길,9447,8042,17489
202103,경부선,구로,18749,19648,38397
202103,경부선,가산디지털단지,18110,21204,39314
202103,경부선,금천구청,11931,11934,23865
202103,경부선,석수,9855,8788,18643
202103,경부선,관악,7242,6704,13946
202103,경부선,안양,24133,23890,48023
202103,경부선,명학,9152,9095,18247
202103,경부선,금정,26201,26724,52925
202103,경부선,군포,7680,7624,15304
202103,경부선,의왕,8871,8906,17777
202103,경부선,성균관대,14852,14718,29570
202103,경부선,화서,7476,7274,14750
202103,경부선,수원,32062,33818,65880
202103,경부선,독산,16841,17772,34613
202103,경부선,세류,2912,2770,5682
202103,경부선,병점,13201,13490,26691
202103,경부선,세마,2538,2294,4832
202103,경부선,오산대,3675,3412,7087
202103,경부선,오산,9386,9328,18714
202103,경부선,진위,1602,1407,3009
202103,경부선,송탄,4001,3677,7678
202103,경부선,서정리,6222,5987,12209
202103,경부선,지제,2582,2491,5073
202103,경부선,평택,10755,10682,21437
202103,경부선,성환,3874,3938,7812
202103,경부선,직산,682,685,1367
202103,경부선,두정,5258,5291,10549
202103,경부선,천안,4500,4640,9140
202103,경부선,당정,6303,6004,12307
202103,경부선,서동탄,1517,1318,2835
202103,경부선,광명,2824,2523,5347
202103,경부선,서울역,4128,1316,5444
202103,경부선,남영,9779,10166,19945
202103,경부선,용산,28077,28709,56786
202103,경부선,노량진,8297,8400,16697
202103,경부선,대방,13307,13623,26930
202103,경부선,영등포,35494,36449,71943
202103,경부선,신도림,4223,4199,8422
202103,경부선,신길,9629,8153,17782
202103,경부선,구로,18989,19405,38394
202103,경부선,가산디지털단지,18423,21155,39578
202103,경부선,금천구청,12034,11939,23973
202103,경부선,석수,10114,8843,18957
202103,경부선,관악,7263,6726,13989
202103,경부선,안양,24798,24875,49673
202103,경부선,명학,9167,9177,18344
202103,경부선,금정,26711,26898,53609
202103,경부선,군포,7759,7735,15494
202103,경부선,의왕,8999,8856,17855
202103,경부선,성균관대,15149,14765,29914
202103,경부선,화서,7488,7244,14732
202103,경부선,수원,32425,34306,66731
202103,경부선,독산,16839,18085,34924
202103,경부선,세류,2875,2700,5575
202103,경부선,병점,13221,13396,26617
202103,경부선,세마,2643,2441,5084
202103,경부선,오산대,3647,3269,6916
202103,경부선,오산,9284,9360,18644
202103,경부선,진위,1563,1306,2869
202103,경부선,송탄,3902,3740,7642
202103,경부선,서정리,6332,6082,12414
202103,경부선,지제,2586,2527,5113
202103,경부선,평택,11011,10762,21773
202103,경부선,성환,4063,3923,7986
202103,경부선,직산,705,721,1426
202103,경부선,두정,5270,5395,10665
202103,경부선,천안,4386,4474,8860
202103,경부선,당정,6294,5975,12269
202103,경부선,서동탄,1540,1350,2890
202103,경부선,광명,2843,2580,5423
202103,경부선,서울역,4364,1328,5692
202103,경부선,남영,9543,10135,19678
202103,경부선,용산,29703,30209,59912
202103,경부선,노량진,8528,8579,17107
202103,경부선,대방,13183,13577,26760
202103,경부선,영등포,35827,36647,72474
202103,경부선,신도림,4108,4067,8175
202103,경부선,신길,9596,8049,17645
202103,경부선,구로,18601,18960,37561
202103,경부선,가산디지털단지,18372,21425,39797
202103,경부선,금천구청,11823,11841,23664
202103,경부선,석수,10011,8800,18811
202103,경부선,관악,7211,6725,13936
202103,경부선,안양,24016,24171,48187
202103,경부선,명학,9157,9054,18211
202103,경부선,금정,26280,26854,53134
202103,경부선,군포,7584,7615,15199
202103,경부선,의왕,8697,8686,17383
202103,경부선,성균관대,15008,14743,29751
202103,경부선,화서,7421,7178,14599
202103,경부선,수원,32601,34061,66662
202103,경부선,독산,16757,17839,34596
202103,경부선,세류,2815,2691,5506
202103,경부선,병점,13305,13377,26682
202103,경부선,세마,2602,2372,4974
202103,경부선,오산대,3448,3191,6639
202103,경부선,오산,9180,9120,18300
202103,경부선,진위,1549,1386,2935
202103,경부선,송탄,3918,3724,7642
202103,경부선,서정리,6411,5911,12322
202103,경부선,지제,2681,2583,5264
202103,경부선,평택,10978,10818,21796
202103,경부선,성환,4352,4165,8517
202103,경부선,직산,712,750,1462
202103,경부선,두정,5552,5366,10918
202103,경부선,천안,4493,4492,8985
202103,경부선,당정,6358,5980,12338
202103,경부선,서동탄,1543,1339,2882
202103,경부선,광명,2982,2551,5533
202103,경부선,서울역,6033,2034,8067
202103,경부선,남영,9894,10277,20171
202103,경부선,용산,34362,35307,69669
202103,경부선,노량진,8787,8886,17673
202103,경부선,대방,13425,13477,26902
202103,경부선,영등포,39488,41167,80655
202103,경부선,신도림,4111,4116,8227
202103,경부선,신길,9622,8105,17727
202103,경부선,구로,19074,19779,38853
202103,경부선,가산디지털단지,18228,21239,39467
202103,경부선,금천구청,11908,11928,23836
202103,경부선,석수,9962,8730,18692
202103,경부선,관악,7149,6606,13755
202103,경부선,안양,24314,24589,48903
202103,경부선,명학,8964,8792,17756
202103,경부선,금정,26708,27196,53904
202103,경부선,군포,7717,7586,15303
202103,경부선,의왕,8964,8743,17707
202103,경부선,성균관대,14871,14558,29429
202103,경부선,화서,7326,7254,14580
202103,경부선,수원,35940,38766,74706
202103,경부선,독산,16982,17922,34904
202103,경부선,세류,2986,2842,5828
202103,경부선,병점,14060,14119,28179
202103,경부선,세마,2726,2477,5203
202103,경부선,오산대,3477,3103,6580
202103,경부선,오산,10065,9720,19785
202103,경부선,진위,1733,1473,3206
202103,경부선,송탄,4257,3861,8118
202103,경부선,서정리,6613,5771,12384
202103,경부선,지제,3132,2956,6088
202103,경부선,평택,12204,11539,23743
202103,경부선,성환,3873,3325,7198
202103,경부선,직산,725,715,1440
202103,경부선,두정,6170,5690,11860
202103,경부선,천안,5292,5381,10673
202103,경부선,당정,6259,6041,12300
202103,경부선,서동탄,1541,1365,2906
202103,경부선,광명,3359,3068,6427
202103,경부선,서울역,4800,1516,6316
202103,경부선,남영,9589,10070,19659
202103,경부선,용산,28856,29220,58076
202103,경부선,노량진,8013,8172,16185
202103,경부선,대방,13263,13736,26999
202103,경부선,영등포,34139,34998,69137
202103,경부선,신도림,4133,4164,8297
202103,경부선,신길,9418,8073,17491
202103,경부선,구로,19309,19425,38734
202103,경부선,가산디지털단지,18141,21213,39354
202103,경부선,금천구청,11883,11669,23552
202103,경부선,석수,9660,8704,18364
202103,경부선,관악,7131,6574,13705
202103,경부선,안양,22780,22790,45570
202103,경부선,명학,9182,9092,18274
202103,경부선,금정,25752,26175,51927
202103,경부선,군포,7577,7765,15342
202103,경부선,의왕,8820,8781,17601
202103,경부선,성균관대,14645,14847,29492
202103,경부선,화서,7413,7086,14499
202103,경부선,수원,31886,33534,65420
202103,경부선,독산,16789,17791,34580
202103,경부선,세류,2984,2730,5714
202103,경부선,병점,13179,13248,26427
202103,경부선,세마,2567,2370,4937
202103,경부선,오산대,3457,3182,6639
202103,경부선,오산,9491,9494,18985
202103,경부선,진위,1538,1434,2972
202103,경부선,송탄,4174,3828,8002
202103,경부선,서정리,6492,6470,12962
202103,경부선,지제,2767,2568,5335
202103,경부선,평택,11048,11016,22064
202103,경부선,성환,4030,4228,8258
202103,경부선,직산,654,659,1313
202103,경부선,두정,5093,5539,10632
202103,경부선,천안,4609,4647,9256
202103,경부선,당정,6052,5831,11883
202103,경부선,서동탄,1548,1282,2830
202103,경부선,광명,3060,2635,5695
202103,경부선,의왕,8859,8849,17708
202103,경부선,성균관대,14817,14835,29652
202103,경부선,화서,7416,7153,14569
202103,경부선,수원,31781,33599,65380
202103,경부선,독산,16770,17826,34596
202103,경부선,세류,2911,2664,5575
202103,경부선,병점,13163,13192,26355
202103,경부선,세마,2549,2390,4939
202103,경부선,오산대,3636,3279,6915
202103,경부선,오산,9276,9269,18545
202103,경부선,진위,1593,1379,2972
202103,경부선,송탄,3923,3649,7572
202103,경부선,서정리,6306,6058,12364
202103,경부선,지제,2728,2582,5310
202103,경부선,평택,10610,10671,21281
202103,경부선,성환,4031,3986,8017
202103,경부선,직산,675,643,1318
202103,경부선,두정,5252,5460,10712
202103,경부선,천안,4550,4586,9136
202103,경부선,당정,6211,5967,12178
202103,경부선,서동탄,1507,1343,2850
202103,경부선,광명,2834,2493,5327
202103,경부선,서울역,4026,1371,5397
202103,경부선,남영,9573,10008,19581
202103,경부선,용산,28151,28559,56710
202103,경부선,노량진,8188,8445,16633
202103,경부선,대방,13275,13689,26964
202103,경부선,영등포,35297,36162,71459
202103,경부선,신도림,4106,4094,8200
202103,경부선,신길,9540,8116,17656
202103,경부선,구로,18850,19265,38115
202103,경부선,가산디지털단지,18283,21309,39592
202103,경부선,금천구청,11822,11882,23704
202103,경부선,석수,9939,8796,18735
202103,경부선,관악,7089,6585,13674
202103,경부선,안양,23957,24164,48121
202103,경부선,명학,9204,9133,18337
202103,경부선,금정,26122,26747,52869
202103,경부선,군포,7693,7569,15262
202103,경부선,서울역,4059,1443,5502
202103,경부선,남영,9918,10347,20265
202103,경부선,용산,28719,29482,58201
202103,경부선,노량진,8461,8580,17041
202103,경부선,대방,13467,13760,27227
202103,경부선,영등포,35692,36794,72486
202103,경부선,신도림,4207,4254,8461
202103,경부선,신길,9739,8252,17991
202103,경부선,구로,19235,19868,39103
202103,경부선,가산디지털단지,18504,21328,39832
202103,경부선,금천구청,12116,12093,24209
202103,경부선,석수,10016,8958,18974
202103,경부선,관악,7336,6844,14180
202103,경부선,안양,25065,24821,49886
202103,경부선,명학,9182,9184,18366
202103,경부선,금정,26515,26898,53413
202103,경부선,군포,7850,7750,15600
202103,경부선,의왕,9189,9021,18210
202103,경부선,성균관대,15178,15058,30236
202103,경부선,화서,7496,7133,14629
202103,경부선,수원,32883,34556,67439
202103,경부선,독산,16809,17808,34617
202103,경부선,세류,3003,2708,5711
202103,경부선,병점,13202,13392,26594
202103,경부선,세마,2581,2457,5038
202103,경부선,오산대,3511,3181,6692
202103,경부선,오산,9429,9372,18801
202103,경부선,진위,1554,1365,2919
202103,경부선,송탄,3896,3712,7608
202103,경부선,서정리,6560,6256,12816
202103,경부선,지제,2753,2611,5364
202103,경부선,평택,10847,10821,21668
202103,경부선,성환,3992,3910,7902
202103,경부선,직산,697,712,1409
202103,경부선,두정,5354,5379,10733
202103,경부선,천안,4575,4614,9189
202103,경부선,당정,6233,5991,12224
202103,경부선,서동탄,1552,1377,2929
202103,경부선,광명,2846,2516,5362
202103,경부선,광명,2995,2631,5626
202103,경부선,서동탄,1539,1355,2894
202103,경부선,당정,6379,6041,12420
202103,경부선,천안,4607,4604,9211
202103,경부선,두정,5632,5484,11116
202103,경부선,직산,671,707,1378
202103,경부선,성환,4207,4051,8258
202103,경부선,평택,11054,10887,21941
202103,경부선,지제,2737,2631,5368
202103,경부선,서정리,6458,6053,12511
202103,경부선,송탄,3996,3820,7816
202103,경부선,진위,1544,1407,2951
202103,경부선,오산,9631,9612,19243
202103,경부선,오산대,3490,3207,6697
202103,경부선,세마,2591,2441,5032
202103,경부선,병점,13415,13361,26776
202103,경부선,세류,2955,2713,5668
202103,경부선,독산,16701,17733,34434
202103,경부선,수원,33323,35045,68368
202103,경부선,화서,7440,7230,14670
202103,경부선,성균관대,15274,14963,30237
202103,경부선,의왕,8988,8916,17904
202103,경부선,군포,7813,7660,15473
202103,경부선,금정,26681,27165,53846
202103,경부선,명학,9180,9192,18372
202103,경부선,안양,24451,24379,48830
202103,경부선,관악,7355,6774,14129
202103,경부선,석수,10053,9055,19108
202103,경부선,금천구청,12214,12106,24320
202103,경부선,가산디지털단지,18576,21644,40220
202103,경부선,구로,19407,19769,39176
202103,경부선,신길,9708,8254,17962
202103,경부선,신도림,4281,4189,8470
202103,경부선,영등포,36117,37081,73198
202103,경부선,대방,13143,13529,26672
202103,경부선,노량진,8606,8722,17328
202103,경부선,용산,30013,30579,60592
202103,경부선,남영,9758,10226,19984
202103,경부선,서울역,4601,1453,6054
202103,경부선,서울역,6454,2070,8524
202103,경부선,남영,9989,10388,20377
202103,경부선,용산,35050,36225,71275
202103,경부선,노량진,9370,9246,18616
202103,경부선,대방,13781,14008,27789
202103,경부선,영등포,40431,42315,82746
202103,경부선,신도림,4409,4392,8801
202103,경부선,신길,9920,8253,18173
202103,경부선,구로,19861,20592,40453
202103,경부선,가산디지털단지,18503,21495,39998
202103,경부선,금천구청,12406,12418,24824
202103,경부선,석수,10476,9025,19501
202103,경부선,관악,7489,7000,14489
202103,경부선,안양,25299,25485,50784
202103,경부선,명학,9109,8998,18107
202103,경부선,금정,27775,27928,55703
202103,경부선,군포,7793,7748,15541
202103,경부선,의왕,9292,9173,18465
202103,경부선,성균관대,15506,15310,30816
202103,경부선,화서,7743,7542,15285
202103,경부선,수원,37334,40995,78329
202103,경부선,독산,16892,17632,34524
202103,경부선,세류,3142,3003,6145
202103,경부선,병점,14594,14461,29055
202103,경부선,세마,2802,2535,5337
202103,경부선,오산대,3719,3258,6977
202103,경부선,오산,10525,10120,20645
202103,경부선,진위,1782,1425,3207
202103,경부선,송탄,4652,4220,8872
202103,경부선,서정리,7057,5945,13002
202103,경부선,지제,3347,3124,6471
202103,경부선,평택,13159,12476,25635
202103,경부선,성환,4010,3463,7473
202103,경부선,직산,849,797,1646
202103,경부선,두정,6556,6277,12833
202103,경부선,천안,5929,5944,11873
202103,경부선,당정,6437,6244,12681
202103,경부선,서동탄,1647,1468,3115
202103,경부선,광명,3489,3166,6655
202103,경부선,서울역,4940,1471,6411
202103,경부선,남영,9383,10014,19397
202103,경부선,용산,28871,29369,58240
202103,경부선,노량진,8022,8273,16295
202103,경부선,대방,13176,13655,26831
202103,경부선,영등포,34814,35891,70705
202103,경부선,신도림,4074,4133,8207
202103,경부선,신길,9529,8310,17839
202103,경부선,구로,19117,19139,38256
202103,경부선,가산디지털단지,18251,21196,39447
202103,경부선,금천구청,11946,11842,23788
202103,경부선,석수,9833,8752,18585
202103,경부선,관악,7075,6636,13711
202103,경부선,안양,24561,24541,49102
202103,경부선,명학,8976,9007,17983
202103,경부선,금정,25838,26589,52427
202103,경부선,군포,7584,7575,15159
202103,경부선,의왕,8793,8842,17635
202103,경부선,성균관대,14539,14483,29022
202103,경부선,화서,7351,7050,14401
202103,경부선,수원,32078,33666,65744
202103,경부선,독산,16712,17814,34526
202103,경부선,세류,2944,2704,5648
202103,경부선,병점,13175,13255,26430
202103,경부선,세마,2562,2351,4913
202103,경부선,오산대,3472,3146,6618
202103,경부선,오산,9429,9536,18965
202103,경부선,진위,1540,1366,2906
202103,경부선,송탄,3947,3714,7661
202103,경부선,서정리,6501,6431,12932
202103,경부선,지제,2895,2659,5554
202103,경부선,평택,11133,11186,22319
202103,경부선,성환,4166,4279,8445
202103,경부선,직산,724,711,1435
202103,경부선,두정,5086,5612,10698
202103,경부선,천안,4488,4636,9124
202103,경부선,당정,6166,5918,12084
202103,경부선,서동탄,1590,1304,2894
202103,경부선,광명,3052,2631,5683
202103,경부선,광명,2873,2534,5407
202103,경부선,서동탄,1530,1324,2854
202103,경부선,당정,6256,6029,12285
202103,경부선,천안,4543,4572,9115
202103,경부선,두정,5427,5608,11035
202103,경부선,직산,730,721,1451
202103,경부선,성환,3801,3848,7649
202103,경부선,평택,10856,10784,21640
202103,경부선,지제,2692,2570,5262
202103,경부선,서정리,6430,6128,12558
202103,경부선,송탄,4013,3726,7739
202103,경부선,진위,1549,1375,2924
202103,경부선,오산,9723,9499,19222
202103,경부선,오산대,3566,3388,6954
202103,경부선,세마,2593,2428,5021
202103,경부선,병점,13434,13387,26821
202103,경부선,세류,2906,2830,5736
202103,경부선,독산,17032,18167,35199
202103,경부선,수원,32284,33797,66081
202103,경부선,화서,7606,7275,14881
202103,경부선,성균관대,14855,14784,29639
202103,경부선,의왕,9058,9040,18098
202103,경부선,군포,7775,7692,15467
202103,경부선,금정,26473,26933,53406
202103,경부선,명학,9363,9214,18577
202103,경부선,안양,24519,24432,48951
202103,경부선,관악,7278,6780,14058
202103,경부선,석수,10039,8910,18949
202103,경부선,금천구청,12219,12189,24408
202103,경부선,가산디지털단지,18378,21426,39804
202103,경부선,구로,18894,19236,38130
202103,경부선,신길,9646,8217,17863
202103,경부선,신도림,4252,4122,8374
202103,경부선,영등포,35612,36406,72018
202103,경부선,대방,13492,13744,27236
202103,경부선,노량진,8374,8554,16928
202103,경부선,용산,28717,29362,58079
202103,경부선,남영,9729,10171,19900
202103,경부선,서울역,4201,1429,5630
202103,경부선,광명,2961,2587,5548
202103,경부선,서동탄,1527,1350,2877
202103,경부선,당정,6282,5985,12267
202103,경부선,천안,4692,4760,9452
202103,경부선,두정,5474,5401,10875
202103,경부선,직산,678,719,1397
202103,경부선,성환,3884,3899,7783
202103,경부선,평택,10911,10805,21716
202103,경부선,지제,2677,2639,5316
202103,경부선,서정리,6445,6261,12706
202103,경부선,송탄,3890,3676,7566
202103,경부선,진위,1609,1401,3010
202103,경부선,오산,9397,9317,18714
202103,경부선,오산대,3592,3242,6834
202103,경부선,세마,2669,2456,5125
202103,경부선,병점,13258,13279,26537
202103,경부선,세류,2937,2732,5669
202103,경부선,독산,16911,18121,35032
202103,경부선,수원,32429,34012,66441
202103,경부선,화서,7622,7350,14972
202103,경부선,성균관대,15153,14896,30049
202103,경부선,의왕,9103,9059,18162
202103,경부선,군포,7859,7748,15607
202103,경부선,금정,26987,27419,54406
202103,경부선,명학,9188,9150,18338
202103,경부선,안양,24752,24748,49500
202103,경부선,관악,7417,6887,14304
202103,경부선,석수,10097,8987,19084
202103,경부선,금천구청,12366,12145,24511
202103,경부선,가산디지털단지,18545,21369,39914
202103,경부선,구로,19170,19701,38871
202103,경부선,신길,9788,8252,18040
202103,경부선,신도림,4258,4274,8532
202103,경부선,영등포,35965,37080,73045
202103,경부선,대방,13484,13868,27352
202103,경부선,노량진,8493,8651,17144
202103,경부선,용산,29035,29473,58508
202103,경부선,남영,9752,10210,19962
202103,경부선,서울역,4265,1498,5763
202103,경부선,광명,2966,2679,5645
202103,경부선,서동탄,1540,1358,2898
202103,경부선,당정,6512,6197,12709
202103,경부선,천안,4684,4765,9449
202103,경부선,두정,5751,5644,11395
202103,경부선,직산,686,694,1380
202103,경부선,성환,4229,4060,8289
202103,경부선,평택,11115,11128,22243
202103,경부선,지제,2744,2610,5354
202103,경부선,서정리,6743,6176,12919
202103,경부선,송탄,3992,3652,7644
202103,경부선,진위,1583,1444,3027
202103,경부선,오산,9440,9360,18800
202103,경부선,오산대,3540,3217,6757
202103,경부선,세마,2642,2487,5129
202103,경부선,병점,13497,13588,27085
202103,경부선,세류,2934,2714,5648
202103,경부선,독산,16894,17975,34869
202103,경부선,수원,33538,35303,68841
202103,경부선,화서,7535,7405,14940
202103,경부선,성균관대,15413,15189,30602
202103,경부선,의왕,9131,9066,18197
202103,경부선,군포,7845,7796,15641
202103,경부선,금정,26979,27648,54627
202103,경부선,명학,9132,9114,18246
202103,경부선,안양,24584,24519,49103
202103,경부선,관악,7342,6832,14174
202103,경부선,석수,10197,9012,19209
202103,경부선,금천구청,12126,11961,24087
202103,경부선,가산디지털단지,18624,21629,40253
202103,경부선,구로,19155,19549,38704
202103,경부선,신길,9888,8369,18257
202103,경부선,신도림,4258,3943,8201
202103,경부선,영등포,36857,38025,74882
202103,경부선,대방,13419,13839,27258
202103,경부선,노량진,8740,8721,17461
202103,경부선,용산,30629,31185,61814
202103,경부선,남영,9951,10377,20328
202103,경부선,서울역,4632,1471,6103
202103,경부선,광명,3486,3285,6771
202103,경부선,서동탄,1600,1514,3114
202103,경부선,당정,6505,6149,12654
202103,경부선,천안,5922,6020,11942
202103,경부선,두정,6770,6308,13078
202103,경부선,직산,802,788,1590
202103,경부선,성환,4076,3649,7725
202103,경부선,평택,13122,12514,25636
202103,경부선,지제,3370,3215,6585
202103,경부선,서정리,7045,6098,13143
202103,경부선,송탄,4597,4142,8739
202103,경부선,진위,1819,1505,3324
202103,경부선,오산,10383,9963,20346
202103,경부선,오산대,3558,3285,6843
202103,경부선,세마,2846,2613,5459
202103,경부선,병점,14809,14672,29481
202103,경부선,세류,3190,2982,6172
202103,경부선,독산,16987,17845,34832
202103,경부선,수원,37617,40535,78152
202103,경부선,화서,7758,7575,15333
202103,경부선,성균관대,16262,15623,31885
202103,경부선,의왕,9241,9138,18379
202103,경부선,군포,7764,7648,15412
202103,경부선,금정,27587,27837,55424
202103,경부선,명학,9163,9057,18220
202103,경부선,안양,25202,25441,50643
202103,경부선,관악,7551,6905,14456
202103,경부선,석수,10442,9272,19714
202103,경부선,금천구청,12521,12490,25011
202103,경부선,가산디지털단지,18847,21642,40489
202103,경부선,구로,19392,20244,39636
202103,경부선,신길,9919,8220,18139
202103,경부선,신도림,4460,3972,8432
202103,경부선,영등포,40741,42770,83511
202103,경부선,대방,13842,13820,27662
202103,경부선,노량진,9268,9368,18636
202103,경부선,용산,35383,36821,72204
202103,경부선,남영,10070,10507,20577
202103,경부선,서울역,6704,2200,8904
202103,경부선,광명,3250,2674,5924
202103,경부선,서동탄,1532,1285,2817
202103,경부선,당정,6073,5840,11913
202103,경부선,천안,4757,4913,9670
202103,경부선,두정,5115,5635,10750
202103,경부선,직산,687,742,1429
202103,경부선,성환,4066,4168,8234
202103,경부선,평택,11325,11330,22655
202103,경부선,지제,2899,2703,5602
202103,경부선,서정리,6484,6511,12995
202103,경부선,송탄,3996,3789,7785
202103,경부선,진위,1555,1428,2983
202103,경부선,오산,9490,9516,19006
202103,경부선,오산대,3425,3040,6465
202103,경부선,세마,2591,2428,5019
202103,경부선,병점,13171,13206,26377
202103,경부선,세류,3038,2769,5807
202103,경부선,독산,16809,18005,34814
202103,경부선,수원,32036,33967,66003
202103,경부선,화서,7382,7211,14593
202103,경부선,성균관대,14393,14661,29054
202103,경부선,의왕,8810,8754,17564
202103,경부선,군포,7778,7767,15545
202103,경부선,금정,26016,26618,52634
202103,경부선,명학,9085,9123,18208
202103,경부선,안양,24613,24339,48952
202103,경부선,관악,7150,6631,13781
202103,경부선,석수,9872,8843,18715
202103,경부선,금천구청,11827,11632,23459
202103,경부선,가산디지털단지,18420,21509,39929
202103,경부선,구로,18894,19166,38060
202103,경부선,신길,9632,8232,17864
202103,경부선,신도림,4079,3831,7910
202103,경부선,영등포,35021,35985,71006
202103,경부선,대방,13167,13431,26598
202103,경부선,노량진,8097,8289,16386
202103,경부선,용산,29056,29409,58465
202103,경부선,남영,9565,10269,19834
202103,경부선,서울역,5033,1550,6583
202103,경부선,서울역,4201,1411,5612
202103,경부선,남영,9891,10309,20200
202103,경부선,용산,28962,29479,58441
202103,경부선,노량진,8391,8644,17035
202103,경부선,대방,13489,13990,27479
202103,경부선,영등포,36113,36872,72985
202103,경부선,신도림,4181,3864,8045
202103,경부선,신길,9937,8338,18275
202103,경부선,구로,18954,19419,38373
202103,경부선,가산디지털단지,18596,21709,40305
202103,경부선,금천구청,12187,12016,24203
202103,경부선,석수,10168,8990,19158
202103,경부선,관악,7376,6838,14214
202103,경부선,안양,24589,24324,48913
202103,경부선,명학,9158,9158,18316
202103,경부선,금정,26767,27365,54132
202103,경부선,군포,7857,7732,15589
202103,경부선,의왕,9082,8910,17992
202103,경부선,성균관대,14752,14702,29454
202103,경부선,화서,7695,7358,15053
202103,경부선,수원,32713,34318,67031
202103,경부선,독산,16867,18123,34990
202103,경부선,세류,3044,2885,5929
202103,경부선,병점,13563,13622,27185
202103,경부선,세마,2668,2538,5206
202103,경부선,오산대,3675,3445,7120
202103,경부선,오산,9388,9292,18680
202103,경부선,진위,1578,1364,2942
202103,경부선,송탄,3981,3767,7748
202103,경부선,서정리,6627,6201,12828
202103,경부선,지제,2887,2668,5555
202103,경부선,평택,11023,11261,22284
202103,경부선,성환,3811,3922,7733
202103,경부선,직산,722,710,1432
202103,경부선,두정,5314,5558,10872
202103,경부선,천안,4581,4603,9184
202103,경부선,당정,6333,6083,12416
202103,경부선,서동탄,1515,1337,2852
202103,경부선,광명,2887,2586,5473
202103,경부선,서울역,4244,1349,5593
202103,경부선,남영,9874,10341,20215
202103,경부선,용산,29145,29460,58605
202103,경부선,노량진,8617,8856,17473
202103,경부선,대방,13657,14013,27670
202103,경부선,영등포,35908,37155,73063
202103,경부선,신도림,4362,4030,8392
202103,경부선,신길,10063,8602,18665
202103,경부선,구로,19218,19666,38884
202103,경부선,가산디지털단지,18598,21417,40015
202103,경부선,금천구청,12354,12341,24695
202103,경부선,석수,10180,9087,19267
202103,경부선,관악,7669,7114,14783
202103,경부선,안양,25088,25053,50141
202103,경부선,명학,9287,9148,18435
202103,경부선,금정,26915,27353,54268
202103,경부선,군포,7845,7733,15578
202103,경부선,의왕,9202,9093,18295
202103,경부선,성균관대,15146,14978,30124
202103,경부선,화서,7712,7437,15149
202103,경부선,수원,32640,34648,67288
202103,경부선,독산,17166,18224,35390
202103,경부선,세류,3002,2787,5789
202103,경부선,병점,13885,13721,27606
202103,경부선,세마,2667,2429,5096
202103,경부선,오산대,3768,3447,7215
202103,경부선,오산,9590,9459,19049
202103,경부선,진위,1610,1402,3012
202103,경부선,송탄,3981,3744,7725
202103,경부선,서정리,6524,6212,12736
202103,경부선,지제,2725,2640,5365
202103,경부선,평택,11187,11034,22221
202103,경부선,성환,4283,4228,8511
202103,경부선,직산,713,710,1423
202103,경부선,두정,5402,5429,10831
202103,경부선,천안,4758,4834,9592
202103,경부선,당정,6512,6214,12726
202103,경부선,서동탄,1610,1323,2933
202103,경부선,광명,2969,2493,5462
202104,경부선,광명,3015,2618,5633
202104,경부선,서동탄,1519,1347,2866
202104,경부선,당정,6507,6285,12792
202104,경부선,천안,4942,4945,9887
202104,경부선,두정,5779,5801,11580
202104,경부선,직산,707,692,1399
202104,경부선,성환,4447,4312,8759
202104,경부선,평택,11528,11161,22689
202104,경부선,지제,2747,2648,5395
202104,경부선,서정리,6626,6229,12855
202104,경부선,송탄,4153,3791,7944
202104,경부선,진위,1584,1406,2990
202104,경부선,오산,9545,9306,18851
202104,경부선,오산대,3740,3397,7137
202104,경부선,세마,2632,2456,5088
202104,경부선,병점,13795,13892,27687
202104,경부선,세류,2888,2747,5635
202104,경부선,독산,16888,18030,34918
202104,경부선,수원,33456,35054,68510
202104,경부선,화서,7726,7565,15291
202104,경부선,성균관대,15190,14940,30130
202104,경부선,의왕,9068,9093,18161
202104,경부선,군포,7845,7677,15522
202104,경부선,금정,26962,27495,54457
202104,경부선,명학,9163,9075,18238
202104,경부선,안양,24968,24817,49785
202104,경부선,관악,7516,6920,14436
202104,경부선,석수,10246,9189,19435
202104,경부선,금천구청,12401,12449,24850
202104,경부선,가산디지털단지,18464,21614,40078
202104,경부선,구로,18889,19371,38260
202104,경부선,신길,9911,8243,18154
202104,경부선,신도림,4306,4127,8433
202104,경부선,영등포,35976,36983,72959
202104,경부선,대방,13640,13856,27496
202104,경부선,노량진,8463,8597,17060
202104,경부선,용산,29837,30294,60131
202104,경부선,남영,9780,10324,20104
202104,경부선,서울역,4498,1525,6023
202104,경부선,광명,3465,3285,6750
202104,경부선,서동탄,1622,1549,3171
202104,경부선,당정,6491,6147,12638
202104,경부선,천안,5937,5886,11823
202104,경부선,두정,6720,6430,13150
202104,경부선,직산,785,770,1555
202104,경부선,성환,4101,3566,7667
202104,경부선,평택,13427,12538,25965
202104,경부선,지제,3395,3291,6686
202104,경부선,서정리,7367,6302,13669
202104,경부선,송탄,4604,4160,8764
202104,경부선,진위,1868,1563,3431
202104,경부선,오산,10338,10066,20404
202104,경부선,오산대,3824,3488,7312
202104,경부선,세마,2829,2649,5478
202104,경부선,병점,15382,15064,30446
202104,경부선,세류,3210,2907,6117
202104,경부선,독산,17262,18130,35392
202104,경부선,수원,37592,40883,78475
202104,경부선,화서,7787,7788,15575
202104,경부선,성균관대,15931,15586,31517
202104,경부선,의왕,9299,9198,18497
202104,경부선,군포,7924,7840,15764
202104,경부선,금정,27783,28245,56028
202104,경부선,명학,9184,9105,18289
202104,경부선,안양,25191,25423,50614
202104,경부선,관악,7709,7145,14854
202104,경부선,석수,10421,9253,19674
202104,경부선,금천구청,12604,12603,25207
202104,경부선,가산디지털단지,18789,21678,40467
202104,경부선,구로,19224,19974,39198
202104,경부선,신길,9959,8582,18541
202104,경부선,신도림,4350,4424,8774
202104,경부선,영등포,40231,42576,82807
202104,경부선,대방,13875,13774,27649
202104,경부선,노량진,9392,9345,18737
202104,경부선,용산,35005,35994,70999
202104,경부선,남영,10055,10485,20540
202104,경부선,서울역,6268,2128,8396
202104,경부선,광명,3186,2682,5868
202104,경부선,서동탄,1540,1380,2920
202104,경부선,당정,6257,5927,12184
202104,경부선,천안,4903,4931,9834
202104,경부선,두정,5176,5638,10814
202104,경부선,직산,732,709,1441
202104,경부선,성환,4154,4308,8462
202104,경부선,평택,11589,11742,23331
202104,경부선,지제,2871,2718,5589
202104,경부선,서정리,6532,6410,12942
202104,경부선,송탄,4073,3940,8013
202104,경부선,진위,1657,1436,3093
202104,경부선,오산,9660,9844,19504
202104,경부선,오산대,3581,3311,6892
202104,경부선,세마,2674,2423,5097
202104,경부선,병점,13639,13585,27224
202104,경부선,세류,3074,2846,5920
202104,경부선,독산,17030,18098,35128
202104,경부선,수원,33253,34502,67755
202104,경부선,화서,7631,7316,14947
202104,경부선,성균관대,14659,14793,29452
202104,경부선,의왕,9061,9141,18202
202104,경부선,군포,7698,7699,15397
202104,경부선,금정,26466,27323,53789
202104,경부선,명학,9272,9285,18557
202104,경부선,안양,24738,24765,49503
202104,경부선,관악,7351,6799,14150
202104,경부선,석수,10115,8989,19104
202104,경부선,금천구청,12358,12190,24548
202104,경부선,가산디지털단지,18459,21632,40091
202104,경부선,구로,19309,19510,38819
202104,경부선,신길,9824,8406,18230
202104,경부선,신도림,4255,4154,8409
202104,경부선,영등포,35659,36616,72275
202104,경부선,대방,13423,13752,27175
202104,경부선,노량진,8227,8434,16661
202104,경부선,용산,29504,30140,59644
202104,경부선,남영,9660,10440,20100
202104,경부선,서울역,4938,1484,6422
202104,경부선,광명,2938,2633,5571
202104,경부선,서동탄,1635,1417,3052
202104,경부선,당정,6473,6294,12767
202104,경부선,천안,4742,4804,9546
202104,경부선,두정,5561,5704,11265
202104,경부선,직산,736,730,1466
202104,경부선,성환,4135,4171,8306
202104,경부선,평택,11339,11091,22430
202104,경부선,지제,2710,2592,5302
202104,경부선,서정리,6491,6158,12649
202104,경부선,송탄,4118,3785,7903
202104,경부선,진위,1643,1471,3114
202104,경부선,오산,9548,9407,18955
202104,경부선,오산대,3851,3577,7428
202104,경부선,세마,2712,2477,5189
202104,경부선,병점,13731,13823,27554
202104,경부선,세류,3014,2886,5900
202104,경부선,독산,17193,18290,35483
202104,경부선,수원,32742,34567,67309
202104,경부선,화서,7675,7408,15083
202104,경부선,성균관대,14938,14773,29711
202104,경부선,의왕,9280,9261,18541
202104,경부선,군포,7871,7876,15747
202104,경부선,금정,27016,27328,54344
202104,경부선,명학,9456,9318,18774
202104,경부선,안양,24388,24467,48855
202104,경부선,관악,7483,6984,14467
202104,경부선,석수,10180,9002,19182
202104,경부선,금천구청,12185,12199,24384
202104,경부선,가산디지털단지,18640,21890,40530
202104,경부선,구로,19107,19479,38586
202104,경부선,신길,9830,8265,18095
202104,경부선,신도림,4292,4327,8619
202104,경부선,영등포,35485,36392,71877
202104,경부선,대방,13511,13824,27335
202104,경부선,노량진,8288,8579,16867
202104,경부선,용산,28819,29092,57911
202104,경부선,남영,9940,10281,20221
202104,경부선,서울역,4304,1407,5711
202104,경부선,광명,2910,2520,5430
202104,경부선,서동탄,1585,1358,2943
202104,경부선,당정,6516,6266,12782
202104,경부선,천안,4682,4804,9486
202104,경부선,두정,5441,5438,10879
202104,경부선,직산,739,742,1481
202104,경부선,성환,4108,4082,8190
202104,경부선,평택,11004,11131,22135
202104,경부선,지제,2728,2577,5305
202104,경부선,서정리,6673,6351,13024
202104,경부선,송탄,4036,3779,7815
202104,경부선,진위,1652,1424,3076
202104,경부선,오산,9616,9446,19062
202104,경부선,오산대,3806,3542,7348
202104,경부선,세마,2625,2425,5050
202104,경부선,병점,13650,13848,27498
202104,경부선,세류,2997,2783,5780
202104,경부선,독산,17123,18230,35353
202104,경부선,수원,33051,34648,67699
202104,경부선,화서,7756,7498,15254
202104,경부선,성균관대,14919,14739,29658
202104,경부선,의왕,9198,9181,18379
202104,경부선,군포,7905,7846,15751
202104,경부선,금정,27002,27304,54306
202104,경부선,명학,9385,9336,18721
202104,경부선,안양,24651,24693,49344
202104,경부선,관악,7459,6960,14419
202104,경부선,석수,10066,9009,19075
202104,경부선,금천구청,12073,12135,24208
202104,경부선,가산디지털단지,18605,21706,40311
202104,경부선,구로,19122,19819,38941
202104,경부선,신길,9797,8231,18028
202104,경부선,신도림,4408,4368,8776
202104,경부선,영등포,35599,36700,72299
202104,경부선,대방,13398,13622,27020
202104,경부선,노량진,8571,8714,17285
202104,경부선,용산,28676,29188,57864
202104,경부선,남영,9423,9955,19378
202104,경부선,서울역,4112,1392,5504
202104,경부선,오산대,3642,3422,7064
202104,경부선,세마,2662,2538,5200
202104,경부선,병점,13880,13971,27851
202104,경부선,세류,2977,2769,5746
202104,경부선,독산,17030,18077,35107
202104,경부선,수원,33233,34932,68165
202104,경부선,화서,7594,7374,14968
202104,경부선,성균관대,14963,14600,29563
202104,경부선,의왕,9219,9163,18382
202104,경부선,군포,7821,7809,15630
202104,경부선,금정,26832,27491,54323
202104,경부선,명학,9222,9262,18484
202104,경부선,안양,24720,24801,49521
202104,경부선,관악,7529,7031,14560
202104,경부선,석수,10232,9145,19377
202104,경부선,금천구청,12151,12179,24330
202104,경부선,가산디지털단지,19027,21895,40922
202104,경부선,구로,19081,19487,38568
202104,경부선,신길,9769,8316,18085
202104,경부선,신도림,4298,4320,8618
202104,경부선,영등포,35861,37028,72889
202104,경부선,대방,13340,13745,27085
202104,경부선,노량진,8684,8771,17455
202104,경부선,용산,29597,30149,59746
202104,경부선,남영,9820,10295,20115
202104,경부선,서울역,4451,1540,5991
202104,경부선,광명,3109,2775,5884
202104,경부선,서동탄,1544,1348,2892
202104,경부선,당정,6454,6227,12681
202104,경부선,천안,4604,4681,9285
202104,경부선,두정,5649,5577,11226
202104,경부선,직산,719,721,1440
202104,경부선,성환,4268,4180,8448
202104,경부선,평택,11182,10943,22125
202104,경부선,지제,2739,2633,5372
202104,경부선,서정리,6684,6111,12795
202104,경부선,송탄,3994,3754,7748
202104,경부선,진위,1535,1409,2944
202104,경부선,오산,9857,9845,19702
202104,경부선,서울역,6268,2198,8466
202104,경부선,남영,9836,10172,20008
202104,경부선,용산,34585,35984,70569
202104,경부선,노량진,9250,9225,18475
202104,경부선,대방,13150,13412,26562
202104,경부선,영등포,39582,41810,81392
202104,경부선,신도림,4425,4405,8830
202104,경부선,신길,9816,8282,18098
202104,경부선,구로,19625,20102,39727
202104,경부선,가산디지털단지,18808,21348,40156
202104,경부선,금천구청,12382,12341,24723
202104,경부선,석수,10304,9017,19321
202104,경부선,관악,7582,6980,14562
202104,경부선,안양,24672,25054,49726
202104,경부선,명학,9197,8915,18112
202104,경부선,금정,27344,27727,55071
202104,경부선,군포,7983,7840,15823
202104,경부선,의왕,9361,9207,18568
202104,경부선,성균관대,14765,14466,29231
202104,경부선,화서,7739,7543,15282
202104,경부선,수원,36884,40204,77088
202104,경부선,독산,16997,17823,34820
202104,경부선,세류,3266,3098,6364
202104,경부선,병점,15100,14797,29897
202104,경부선,세마,2869,2593,5462
202104,경부선,오산대,3774,3502,7276
202104,경부선,오산,10025,9829,19854
202104,경부선,진위,1841,1502,3343
202104,경부선,송탄,4706,4280,8986
202104,경부선,서정리,7013,5969,12982
202104,경부선,지제,3391,3248,6639
202104,경부선,평택,13143,12511,25654
202104,경부선,성환,4158,3733,7891
202104,경부선,직산,874,774,1648
202104,경부선,두정,6352,6372,12724
202104,경부선,천안,5790,5793,11583
202104,경부선,당정,6404,6215,12619
202104,경부선,서동탄,1618,1426,3044
202104,경부선,광명,3442,3389,6831
202104,경부선,신길,8983,8005,16988
202104,경부선,신도림,3668,3827,7495
202104,경부선,영등포,33774,34469,68243
202104,경부선,대방,12458,13022,25480
202104,경부선,노량진,7439,7811,15250
202104,경부선,용산,28343,28554,56897
202104,경부선,남영,9420,9682,19102
202104,경부선,서울역,4995,1562,6557
202104,경부선,수원,30373,31847,62220
202104,경부선,독산,16828,17762,34590
202104,경부선,세류,2867,2668,5535
202104,경부선,병점,12722,12914,25636
202104,경부선,세마,2488,2315,4803
202104,경부선,오산대,3266,3042,6308
202104,경부선,오산,9184,9166,18350
202104,경부선,진위,1472,1308,2780
202104,경부선,송탄,3934,3678,7612
202104,경부선,서정리,6204,6191,12395
202104,경부선,지제,2806,2598,5404
202104,경부선,평택,10657,10535,21192
202104,경부선,성환,3689,3872,7561
202104,경부선,직산,667,677,1344
202104,경부선,두정,4734,5081,9815
202104,경부선,천안,4353,4446,8799
202104,경부선,당정,5947,5795,11742
202104,경부선,서동탄,1445,1209,2654
202104,경부선,광명,3140,2646,5786
202104,경부선,화서,7132,6794,13926
202104,경부선,성균관대,13829,13808,27637
202104,경부선,의왕,8369,8416,16785
202104,경부선,군포,7431,7595,15026
202104,경부선,금정,25069,25957,51026
202104,경부선,명학,8946,8956,17902
202104,경부선,안양,23606,23434,47040
202104,경부선,관악,6995,6605,13600
202104,경부선,석수,9557,8444,18001
202104,경부선,금천구청,11394,11185,22579
202104,경부선,가산디지털단지,17833,21064,38897
202104,경부선,구로,18690,18819,37509
202104,경부선,서울역,4033,1402,5435
202104,경부선,남영,9760,10106,19866
202104,경부선,용산,28395,28965,57360
202104,경부선,노량진,8037,8339,16376
202104,경부선,대방,12899,13544,26443
202104,경부선,영등포,34596,35514,70110
202104,경부선,신도림,4089,3986,8075
202104,경부선,신길,9412,8145,17557
202104,경부선,구로,18757,19258,38015
202104,경부선,가산디지털단지,18469,21680,40149
202104,경부선,금천구청,11935,11798,23733
202104,경부선,석수,10001,8984,18985
202104,경부선,관악,7181,6765,13946
202104,경부선,안양,24873,24890,49763
202104,경부선,명학,9315,9231,18546
202104,경부선,금정,26193,26775,52968
202104,경부선,군포,7910,7705,15615
202104,경부선,의왕,8824,8859,17683
202104,경부선,성균관대,14442,14247,28689
202104,경부선,화서,7496,7267,14763
202104,경부선,수원,31201,33119,64320
202104,경부선,독산,16934,18268,35202
202104,경부선,세류,2961,2770,5731
202104,경부선,병점,13396,13406,26802
202104,경부선,세마,2543,2436,4979
202104,경부선,오산대,3743,3389,7132
202104,경부선,오산,9597,9544,19141
202104,경부선,진위,1561,1377,2938
202104,경부선,송탄,3861,3621,7482
202104,경부선,서정리,6470,6162,12632
202104,경부선,지제,2755,2628,5383
202104,경부선,평택,10758,10735,21493
202104,경부선,성환,3818,3855,7673
202104,경부선,직산,709,691,1400
202104,경부선,두정,4983,5104,10087
202104,경부선,천안,4522,4701,9223
202104,경부선,당정,6225,6061,12286
202104,경부선,서동탄,1465,1233,2698
202104,경부선,광명,2910,2558,5468
202104,경부선,광명,2992,2623,5615
202104,경부선,서동탄,1543,1284,2827
202104,경부선,당정,6352,6043,12395
202104,경부선,천안,4645,4683,9328
202104,경부선,두정,4900,4974,9874
202104,경부선,직산,732,749,1481
202104,경부선,성환,2985,3089,6074
202104,경부선,평택,11132,11088,22220
202104,경부선,지제,2741,2602,5343
202104,경부선,서정리,6447,6017,12464
202104,경부선,송탄,3924,3711,7635
202104,경부선,진위,1556,1409,2965
202104,경부선,오산,9622,9407,19029
202104,경부선,오산대,3706,3444,7150
202104,경부선,세마,2609,2456,5065
202104,경부선,병점,13520,13645,27165
202104,경부선,세류,2952,2809,5761
202104,경부선,독산,17019,18106,35125
202104,경부선,수원,31685,33444,65129
202104,경부선,화서,7489,7277,14766
202104,경부선,성균관대,14749,14415,29164
202104,경부선,의왕,9007,8990,17997
202104,경부선,군포,7807,7752,15559
202104,경부선,금정,26575,26951,53526
202104,경부선,명학,9400,9300,18700
202104,경부선,안양,25353,25458,50811
202104,경부선,관악,7409,6915,14324
202104,경부선,석수,10114,8987,19101
202104,경부선,금천구청,12064,12025,24089
202104,경부선,가산디지털단지,18515,21643,40158
202104,경부선,구로,19501,19609,39110
202104,경부선,신길,9662,8320,17982
202104,경부선,신도림,4196,4221,8417
202104,경부선,영등포,34827,35682,70509
202104,경부선,대방,13146,13706,26852
202104,경부선,노량진,8264,8406,16670
202104,경부선,용산,28345,26355,54700
202104,경부선,남영,9750,10031,19781
202104,경부선,서울역,4115,1370,5485
202104,경부선,광명,3007,2661,5668
202104,경부선,서동탄,1602,1368,2970
202104,경부선,당정,6282,5965,12247
202104,경부선,천안,4659,4747,9406
202104,경부선,두정,5269,5220,10489
202104,경부선,직산,751,788,1539
202104,경부선,성환,4160,4008,8168
202104,경부선,평택,10910,10830,21740
202104,경부선,지제,2723,2645,5368
202104,경부선,서정리,6551,6033,12584
202104,경부선,송탄,4055,3794,7849
202104,경부선,진위,1587,1428,3015
202104,경부선,오산,9332,9169,18501
202104,경부선,오산대,3612,3320,6932
202104,경부선,세마,2708,2558,5266
202104,경부선,병점,13692,13684,27376
202104,경부선,세류,2949,2809,5758
202104,경부선,독산,16896,17847,34743
202104,경부선,수원,32651,34522,67173
202104,경부선,화서,7504,7264,14768
202104,경부선,성균관대,15044,14789,29833
202104,경부선,의왕,9161,9029,18190
202104,경부선,군포,7818,7716,15534
202104,경부선,금정,26575,27336,53911
202104,경부선,명학,9240,9263,18503
202104,경부선,안양,25249,25117,50366
202104,경부선,관악,7401,6954,14355
202104,경부선,석수,10133,9079,19212
202104,경부선,금천구청,12052,12081,24133
202104,경부선,가산디지털단지,18531,21714,40245
202104,경부선,구로,19167,19487,38654
202104,경부선,신길,9724,8124,17848
202104,경부선,신도림,4299,4335,8634
202104,경부선,영등포,35708,36498,72206
202104,경부선,대방,13127,13545,26672
202104,경부선,노량진,8644,8710,17354
202104,경부선,용산,29205,29637,58842
202104,경부선,남영,9789,10161,19950
202104,경부선,서울역,4506,1504,6010
202104,경부선,서울역,5791,2085,7876
202104,경부선,남영,9367,9709,19076
202104,경부선,용산,33652,35103,68755
202104,경부선,노량진,8711,8525,17236
202104,경부선,대방,12781,12952,25733
202104,경부선,영등포,37732,39890,77622
202104,경부선,신도림,3991,4030,8021
202104,경부선,신길,9462,8020,17482
202104,경부선,구로,18854,19374,38228
202104,경부선,가산디지털단지,18385,20916,39301
202104,경부선,금천구청,11678,11887,23565
202104,경부선,석수,9760,8556,18316
202104,경부선,관악,7141,6636,13777
202104,경부선,안양,24053,24396,48449
202104,경부선,명학,9094,8902,17996
202104,경부선,금정,25984,26403,52387
202104,경부선,군포,7783,7476,15259
202104,경부선,의왕,8661,8614,17275
202104,경부선,성균관대,14398,14036,28434
202104,경부선,화서,7235,7069,14304
202104,경부선,수원,34821,38150,72971
202104,경부선,독산,16663,17371,34034
202104,경부선,세류,3073,2815,5888
202104,경부선,병점,14382,14075,28457
202104,경부선,세마,2726,2406,5132
202104,경부선,오산대,3407,3240,6647
202104,경부선,오산,9950,9627,19577
202104,경부선,진위,1720,1376,3096
202104,경부선,송탄,4550,3835,8385
202104,경부선,서정리,7005,5790,12795
202104,경부선,지제,3354,3044,6398
202104,경부선,평택,12552,11828,24380
202104,경부선,성환,3924,3502,7426
202104,경부선,직산,780,753,1533
202104,경부선,두정,5837,5736,11573
202104,경부선,천안,5248,5375,10623
202104,경부선,당정,6197,5865,12062
202104,경부선,서동탄,1533,1367,2900
202104,경부선,광명,3188,3112,6300
202104,경부선,서울역,4915,1502,6417
202104,경부선,남영,9212,9669,18881
202104,경부선,의왕,8928,8893,17821
202104,경부선,군포,7739,7785,15524
202104,경부선,금정,25720,26437,52157
202104,경부선,명학,9216,9294,18510
202104,경부선,안양,25211,25296,50507
202104,경부선,관악,7322,6771,14093
202104,경부선,석수,9966,8943,18909
202104,경부선,금천구청,11978,11924,23902
202104,경부선,가산디지털단지,18792,21831,40623
202104,경부선,구로,19214,19430,38644
202104,경부선,신길,9520,8117,17637
202104,경부선,신도림,4208,4202,8410
202104,경부선,영등포,32345,32971,65316
202104,경부선,대방,12873,13297,26170
202104,경부선,노량진,8171,8477,16648
202104,경부선,용산,28863,29245,58108
202104,경부선,광명,3146,2668,5814
202104,경부선,서동탄,1539,1274,2813
202104,경부선,당정,6118,5909,12027
202104,경부선,천안,4568,4696,9264
202104,경부선,두정,4758,5011,9769
202104,경부선,직산,770,784,1554
202104,경부선,성환,3015,3168,6183
202104,경부선,평택,10949,10833,21782
202104,경부선,지제,2775,2651,5426
202104,경부선,서정리,6496,6425,12921
202104,경부선,송탄,3946,3689,7635
202104,경부선,진위,1575,1419,2994
202104,경부선,오산,9352,9515,18867
202104,경부선,오산대,3439,3244,6683
202104,경부선,세마,2626,2395,5021
202104,경부선,병점,13223,13370,26593
202104,경부선,세류,3023,2773,5796
202104,경부선,독산,16908,17865,34773
202104,경부선,수원,31405,32279,63684
202104,경부선,화서,7543,7286,14829
202104,경부선,성균관대,14272,14501,28773
202104,경부선,광명,2924,2569,5493
202104,경부선,서동탄,1590,1335,2925
202104,경부선,당정,6424,6113,12537
202104,경부선,천안,4603,4664,9267
202104,경부선,두정,4923,5020,9943
202104,경부선,직산,728,757,1485
202104,경부선,성환,2976,3109,6085
202104,경부선,평택,11067,10905,21972
202104,경부선,지제,2746,2690,5436
202104,경부선,서정리,6588,6289,12877
202104,경부선,송탄,4048,3812,7860
202104,경부선,진위,1617,1446,3063
202104,경부선,오산,9470,9398,18868
202104,경부선,오산대,4007,3730,7737
202104,경부선,세마,2623,2420,5043
202104,경부선,병점,13787,14098,27885
202104,경부선,세류,2949,2749,5698
202104,경부선,독산,17045,17993,35038
202104,경부선,수원,32162,33760,65922
202104,경부선,화서,7713,7347,15060
202104,경부선,성균관대,15221,15043,30264
202104,경부선,의왕,9436,9452,18888
202104,경부선,군포,7774,7857,15631
202104,경부선,금정,26628,26936,53564
202104,경부선,명학,9465,9428,18893
202104,경부선,안양,25531,25588,51119
202104,경부선,관악,7504,6960,14464
202104,경부선,석수,10316,9199,19515
202104,경부선,금천구청,12205,12049,24254
202104,경부선,가산디지털단지,18884,22076,40960
202104,경부선,구로,19043,19366,38409
202104,경부선,신길,9715,8263,17978
202104,경부선,신도림,4416,4324,8740
202104,경부선,영등포,35450,36077,71527
202104,경부선,대방,13172,13516,26688
202104,경부선,노량진,8280,8548,16828
202104,경부선,용산,28841,29236,58077
202104,경부선,남영,9811,10165,19976
202104,경부선,서울역,4277,1466,5743
202104,경부선,광명,2998,2586,5584
202104,경부선,서동탄,1546,1323,2869
202104,경부선,당정,6515,6192,12707
202104,경부선,천안,4532,4603,9135
202104,경부선,두정,5064,5021,10085
202104,경부선,직산,761,802,1563
202104,경부선,성환,3127,3210,6337
202104,경부선,평택,11303,11057,22360
202104,경부선,지제,2807,2740,5547
202104,경부선,서정리,6734,6304,13038
202104,경부선,송탄,3931,3750,7681
202104,경부선,진위,1616,1382,2998
202104,경부선,오산,9485,9473,18958
202104,경부선,오산대,3931,3681,7612
202104,경부선,세마,2604,2527,5131
202104,경부선,병점,14059,14389,28448
202104,경부선,세류,2915,2800,5715
202104,경부선,독산,17161,18191,35352
202104,경부선,수원,33573,34882,68455
202104,경부선,화서,7570,7449,15019
202104,경부선,성균관대,15601,15278,30879
202104,경부선,의왕,9440,9470,18910
202104,경부선,군포,7794,7768,15562
202104,경부선,금정,26646,26912,53558
202104,경부선,명학,9460,9236,18696
202104,경부선,안양,25920,25923,51843
202104,경부선,관악,7497,7012,14509
202104,경부선,석수,10114,9038,19152
202104,경부선,금천구청,12187,12118,24305
202104,경부선,가산디지털단지,18794,21740,40534
202104,경부선,구로,19743,20208,39951
202104,경부선,신길,9695,8268,17963
202104,경부선,신도림,4289,4300,8589
202104,경부선,영등포,34746,35915,70661
202104,경부선,대방,13250,13495,26745
202104,경부선,노량진,8543,8710,17253
202104,경부선,용산,28981,29490,58471
202104,경부선,남영,9781,10203,19984
202104,경부선,서울역,4381,1409,5790
202104,경부선,광명,3112,2745,5857
202104,경부선,서동탄,1526,1280,2806
202104,경부선,당정,6474,6194,12668
202104,경부선,천안,4655,4746,9401
202104,경부선,두정,5183,5104,10287
202104,경부선,직산,750,761,1511
202104,경부선,성환,2974,2985,5959
202104,경부선,평택,11242,10916,22158
202104,경부선,지제,2709,2665,5374
202104,경부선,서정리,6872,6371,13243
202104,경부선,송탄,4091,3775,7866
202104,경부선,진위,1571,1375,2946
202104,경부선,오산,9232,9154,18386
202104,경부선,오산대,3622,3394,7016
202104,경부선,세마,2578,2401,4979
202104,경부선,병점,14006,14221,28227
202104,경부선,세류,2865,2700,5565
202104,경부선,독산,16914,17872,34786
202104,경부선,수원,33547,34967,68514
202104,경부선,화서,7624,7363,14987
202104,경부선,성균관대,15272,14848,30120
202104,경부선,의왕,9311,9328,18639
202104,경부선,군포,7845,7674,15519
202104,경부선,금정,26344,26784,53128
202104,경부선,명학,9438,9378,18816
202104,경부선,안양,25336,25238,50574
202104,경부선,관악,7357,6880,14237
202104,경부선,석수,10114,9052,19166
202104,경부선,금천구청,11899,11953,23852
202104,경부선,가산디지털단지,18544,21535,40079
202104,경부선,구로,19195,19687,38882
202104,경부선,신길,9604,8086,17690
202104,경부선,신도림,4302,4337,8639
202104,경부선,영등포,35112,35928,71040
202104,경부선,대방,13313,13564,26877
202104,경부선,노량진,8324,8518,16842
202104,경부선,용산,29684,30104,59788
202104,경부선,남영,9614,9815,19429
202104,경부선,서울역,4778,1572,6350
202104,경부선,서울역,6356,2187,8543
202104,경부선,남영,9388,9692,19080
202104,경부선,용산,34779,35935,70714
202104,경부선,노량진,9145,9147,18292
202104,경부선,대방,13346,13541,26887
202104,경부선,영등포,38710,41016,79726
202104,경부선,신도림,4360,4339,8699
202104,경부선,신길,9744,8079,17823
202104,경부선,구로,19596,20186,39782
202104,경부선,가산디지털단지,18673,21473,40146
202104,경부선,금천구청,12189,12398,24587
202104,경부선,석수,10362,9094,19456
202104,경부선,관악,7485,6889,14374
202104,경부선,안양,25495,26014,51509
202104,경부선,명학,9442,9255,18697
202104,경부선,금정,27143,27264,54407
202104,경부선,군포,7651,7658,15309
202104,경부선,의왕,9549,9422,18971
202104,경부선,성균관대,15809,15343,31152
202104,경부선,화서,7544,7406,14950
202104,경부선,수원,36919,39767,76686
202104,경부선,독산,16930,17735,34665
202104,경부선,세류,3062,2976,6038
202104,경부선,병점,15230,15112,30342
202104,경부선,세마,2899,2589,5488
202104,경부선,오산대,3630,3389,7019
202104,경부선,오산,10504,10125,20629
202104,경부선,진위,1878,1457,3335
202104,경부선,송탄,4643,4162,8805
202104,경부선,서정리,7045,6037,13082
202104,경부선,지제,3367,3208,6575
202104,경부선,평택,13074,12218,25292
202104,경부선,성환,3593,3241,6834
202104,경부선,직산,815,797,1612
202104,경부선,두정,6290,6057,12347
202104,경부선,천안,5646,5765,11411
202104,경부선,당정,6481,6099,12580
202104,경부선,서동탄,1583,1419,3002
202104,경부선,광명,3513,3274,6787
202104,경부선,광명,3280,2736,6016
202104,경부선,서동탄,1592,1307,2899
202104,경부선,당정,6291,6195,12486
202104,경부선,천안,4868,4936,9804
202104,경부선,두정,5071,5442,10513
202104,경부선,직산,749,736,1485
202104,경부선,성환,4307,4428,8735
202104,경부선,평택,11681,11704,23385
202104,경부선,지제,2966,2800,5766
202104,경부선,서정리,6826,6719,13545
202104,경부선,송탄,4064,3750,7814
202104,경부선,진위,1603,1439,3042
202104,경부선,오산,9783,9765,19548
202104,경부선,오산대,3597,3456,7053
202104,경부선,세마,2670,2500,5170
202104,경부선,병점,14326,14496,28822
202104,경부선,세류,3009,2926,5935
202104,경부선,독산,16869,17992,34861
202104,경부선,수원,33661,34881,68542
202104,경부선,화서,7637,7323,14960
202104,경부선,성균관대,14640,14697,29337
202104,경부선,의왕,9254,9236,18490
202104,경부선,군포,7871,7953,15824
202104,경부선,금정,26121,26612,52733
202104,경부선,명학,9228,9213,18441
202104,경부선,안양,26234,26105,52339
202104,경부선,관악,7434,6924,14358
202104,경부선,석수,10179,9018,19197
202104,경부선,금천구청,12196,12027,24223
202104,경부선,가산디지털단지,18725,21681,40406
202104,경부선,구로,19415,19528,38943
202104,경부선,신길,9707,8252,17959
202104,경부선,신도림,4148,4165,8313
202104,경부선,영등포,34736,35640,70376
202104,경부선,대방,12896,13273,26169
202104,경부선,노량진,8170,8466,16636
202104,경부선,용산,29436,30200,59636
202104,경부선,남영,9587,10050,19637
202104,경부선,서울역,5010,1626,6636
202104,경부선,서울역,4375,1448,5823
202104,경부선,남영,9645,10145,19790
202104,경부선,용산,28840,29417,58257
202104,경부선,노량진,8412,8534,16946
202104,경부선,대방,13042,13426,26468
202104,경부선,영등포,34548,35566,70114
202104,경부선,신도림,4278,4285,8563
202104,경부선,신길,9437,8026,17463
202104,경부선,구로,19148,19578,38726
202104,경부선,가산디지털단지,18554,21823,40377
202104,경부선,금천구청,12008,12079,24087
202104,경부선,석수,10128,9078,19206
202104,경부선,관악,7481,7079,14560
202104,경부선,안양,24275,24134,48409
202104,경부선,명학,9405,9296,18701
202104,경부선,금정,26393,26588,52981
202104,경부선,군포,7881,7902,15783
202104,경부선,의왕,9157,9136,18293
202104,경부선,성균관대,14776,14569,29345
202104,경부선,화서,7736,7405,15141
202104,경부선,수원,33317,34840,68157
202104,경부선,독산,16969,17958,34927
202104,경부선,세류,3018,2801,5819
202104,경부선,병점,14474,14623,29097
202104,경부선,세마,2678,2534,5212
202104,경부선,오산대,3912,3617,7529
202104,경부선,오산,9572,9499,19071
202104,경부선,진위,1630,1444,3074
202104,경부선,송탄,3961,3650,7611
202104,경부선,서정리,6657,6462,13119
202104,경부선,지제,2760,2666,5426
202104,경부선,평택,11274,11219,22493
202104,경부선,성환,3805,3787,7592
202104,경부선,직산,694,728,1422
202104,경부선,두정,5361,5400,10761
202104,경부선,천안,4687,4827,9514
202104,경부선,당정,6279,6059,12338
202104,경부선,서동탄,1575,1331,2906
202104,경부선,광명,3031,2713,5744
202104,경부선,광명,3013,2539,5552
202104,경부선,서동탄,1594,1322,2916
202104,경부선,당정,6335,6149,12484
202104,경부선,천안,4702,4845,9547
202104,경부선,두정,5271,5303,10574
202104,경부선,직산,702,708,1410
202104,경부선,성환,4077,4051,8128
202104,경부선,평택,11442,11217,22659
202104,경부선,지제,2745,2700,5445
202104,경부선,서정리,6799,6348,13147
202104,경부선,송탄,3939,3717,7656
202104,경부선,진위,1644,1475,3119
202104,경부선,오산,10023,9774,19797
202104,경부선,오산대,3781,3550,7331
202104,경부선,세마,2733,2548,5281
202104,경부선,병점,13930,14081,28011
202104,경부선,세류,3058,2772,5830
202104,경부선,독산,16907,17986,34893
202104,경부선,수원,32541,34013,66554
202104,경부선,화서,7593,7308,14901
202104,경부선,성균관대,14722,14588,29310
202104,경부선,의왕,9243,9119,18362
202104,경부선,군포,7742,7842,15584
202104,경부선,금정,26475,26605,53080
202104,경부선,명학,9370,9211,18581
202104,경부선,안양,24284,24361,48645
202104,경부선,관악,7430,6897,14327
202104,경부선,석수,9954,8877,18831
202104,경부선,금천구청,12034,12106,24140
202104,경부선,가산디지털단지,18443,21648,40091
202104,경부선,구로,19404,19783,39187
202104,경부선,신길,9725,8350,18075
202104,경부선,신도림,4319,4321,8640
202104,경부선,영등포,35549,36630,72179
202104,경부선,대방,12998,13199,26197
202104,경부선,노량진,8498,8579,17077
202104,경부선,용산,29742,30057,59799
202104,경부선,남영,9867,10240,20107
202104,경부선,서울역,4468,1480,5948
202104,경부선,서울역,4714,1596,6310
202104,경부선,남영,9666,10249,19915
202104,경부선,용산,30384,31026,61410
202104,경부선,노량진,8403,8564,16967
202104,경부선,대방,13045,13524,26569
202104,경부선,영등포,35816,36617,72433
202104,경부선,신도림,4156,4244,8400
202104,경부선,신길,9581,8126,17707
202104,경부선,구로,19244,19593,38837
202104,경부선,가산디지털단지,18589,21585,40174
202104,경부선,금천구청,12007,11930,23937
202104,경부선,석수,10121,9031,19152
202104,경부선,관악,7347,6864,14211
202104,경부선,안양,24547,24515,49062
202104,경부선,명학,9420,9309,18729
202104,경부선,금정,26190,26739,52929
202104,경부선,군포,7770,7789,15559
202104,경부선,의왕,9131,8986,18117
202104,경부선,성균관대,14941,14745,29686
202104,경부선,화서,7705,7461,15166
202104,경부선,수원,34048,35168,69216
202104,경부선,독산,16853,17972,34825
202104,경부선,세류,2887,2805,5692
202104,경부선,병점,14191,14350,28541
202104,경부선,세마,2736,2595,5331
202104,경부선,오산대,3765,3315,7080
202104,경부선,오산,9444,9598,19042
202104,경부선,진위,1695,1431,3126
202104,경부선,송탄,3993,3731,7724
202104,경부선,서정리,6750,6244,12994
202104,경부선,지제,2741,2739,5480
202104,경부선,평택,11537,11269,22806
202104,경부선,성환,4305,4156,8461
202104,경부선,직산,722,765,1487
202104,경부선,두정,5523,5246,10769
202104,경부선,천안,5034,4892,9926
202104,경부선,당정,6398,6159,12557
202104,경부선,서동탄,1556,1337,2893
202104,경부선,광명,3191,2718,5909
202104,경부선,서울역,6734,2377,9111
202104,경부선,남영,9875,10407,20282
202104,경부선,용산,36076,37725,73801
202104,경부선,노량진,9149,9053,18202
202104,경부선,대방,13221,13399,26620
202104,경부선,영등포,40739,42703,83442
202104,경부선,신도림,4288,4364,8652
202104,경부선,신길,9720,8166,17886
202104,경부선,구로,19515,20306,39821
202104,경부선,가산디지털단지,18969,21896,40865
202104,경부선,금천구청,12248,12462,24710
202104,경부선,석수,10204,8886,19090
202104,경부선,관악,7368,6882,14250
202104,경부선,안양,24938,25129,50067
202104,경부선,명학,9322,9219,18541
202104,경부선,금정,27098,27400,54498
202104,경부선,군포,7827,7759,15586
202104,경부선,의왕,9184,9141,18325
202104,경부선,성균관대,15122,14643,29765
202104,경부선,화서,7644,7398,15042
202104,경부선,수원,37829,41069,78898
202104,경부선,독산,17181,17908,35089
202104,경부선,세류,3185,2929,6114
202104,경부선,병점,15266,15066,30332
202104,경부선,세마,2815,2537,5352
202104,경부선,오산대,3635,3357,6992
202104,경부선,오산,10645,10057,20702
202104,경부선,진위,1806,1506,3312
202104,경부선,송탄,4811,4095,8906
202104,경부선,서정리,7647,5990,13637
202104,경부선,지제,3635,3252,6887
202104,경부선,평택,14154,12790,26944
202104,경부선,성환,4129,3599,7728
202104,경부선,직산,827,807,1634
202104,경부선,두정,6461,6301,12762
202104,경부선,천안,6220,6175,12395
202104,경부선,당정,6326,6146,12472
202104,경부선,서동탄,1562,1427,2989
202104,경부선,광명,3614,3412,7026
202105,경부선,광명,3287,2708,5995
202105,경부선,서동탄,1579,1379,2958
202105,경부선,당정,6287,6093,12380
202105,경부선,천안,4950,5138,10088
202105,경부선,두정,5342,5664,11006
202105,경부선,직산,779,758,1537
202105,경부선,성환,4176,4341,8517
202105,경부선,평택,11973,11939,23912
202105,경부선,지제,2948,2759,5707
202105,경부선,서정리,6754,6619,13373
202105,경부선,송탄,4198,3907,8105
202105,경부선,진위,1560,1449,3009
202105,경부선,오산,10004,10197,20201
202105,경부선,오산대,3735,3350,7085
202105,경부선,세마,2736,2495,5231
202105,경부선,병점,14057,14126,28183
202105,경부선,세류,3114,2801,5915
202105,경부선,독산,16997,18033,35030
202105,경부선,수원,34051,35328,69379
202105,경부선,화서,7712,7479,15191
202105,경부선,성균관대,14527,14546,29073
202105,경부선,의왕,9222,9098,18320
202105,경부선,군포,7787,7761,15548
202105,경부선,금정,26238,27033,53271
202105,경부선,명학,9213,9300,18513
202105,경부선,안양,24800,24819,49619
202105,경부선,관악,7479,6853,14332
202105,경부선,석수,10236,9099,19335
202105,경부선,금천구청,12261,12252,24513
202105,경부선,가산디지털단지,18981,21959,40940
202105,경부선,구로,19074,19328,38402
202105,경부선,신길,9645,8239,17884
202105,경부선,신도림,4271,4216,8487
202105,경부선,영등포,35398,36656,72054
202105,경부선,대방,13080,13556,26636
202105,경부선,노량진,8390,8537,16927
202105,경부선,용산,30591,31105,61696
202105,경부선,남영,9786,10064,19850
202105,경부선,서울역,5321,1651,6972
202105,경부선,광명,3111,2824,5935
202105,경부선,서동탄,1461,1347,2808
202105,경부선,당정,6133,5966,12099
202105,경부선,천안,5023,5131,10154
202105,경부선,두정,5235,5581,10816
202105,경부선,직산,707,729,1436
202105,경부선,성환,4010,3843,7853
202105,경부선,평택,11693,11418,23111
202105,경부선,평택지제,2971,2810,5781
202105,경부선,서정리,7039,6243,13282
202105,경부선,송탄,4095,3834,7929
202105,경부선,진위,1532,1275,2807
202105,경부선,오산,9570,9294,18864
202105,경부선,오산대,3532,3325,6857
202105,경부선,세마,2559,2448,5007
202105,경부선,병점,13976,14018,27994
202105,경부선,세류,2914,2635,5549
202105,경부선,독산,17036,17867,34903
202105,경부선,수원,33721,35823,69544
202105,경부선,화서,7141,6856,13997
202105,경부선,성균관대,14548,14371,28919
202105,경부선,의왕,8730,8714,17444
202105,경부선,군포,7622,7537,15159
202105,경부선,금정,25641,25933,51574
202105,경부선,명학,9225,9111,18336
202105,경부선,안양,23341,23239,46580
202105,경부선,관악,6959,6571,13530
202105,경부선,석수,9704,8596,18300
202105,경부선,금천구청,11728,11836,23564
202105,경부선,가산디지털단지,18198,21394,39592
202105,경부선,구로,18683,19281,37964
202105,경부선,신길,9080,7878,16958
202105,경부선,신도림,3677,3954,7631
202105,경부선,영등포,36297,37792,74089
202105,경부선,대방,12636,13104,25740
202105,경부선,노량진,7851,8090,15941
202105,경부선,용산,31870,33220,65090
202105,경부선,남영,9596,9986,19582
202105,경부선,서울역,5625,2013,7638
202105,경부선,서울역,3829,1133,4962
202105,경부선,남영,4663,4751,9414
202105,경부선,용산,26014,25763,51777
202105,경부선,노량진,7211,6563,13774
202105,경부선,대방,6188,6392,12580
202105,경부선,영등포,31216,31309,62525
202105,경부선,신도림,2516,2550,5066
202105,경부선,신길,5343,4610,9953
202105,경부선,구로,10594,10549,21143
202105,경부선,가산디지털단지,5064,6760,11824
202105,경부선,금천구청,7219,7024,14243
202105,경부선,석수,6020,5816,11836
202105,경부선,관악,5206,4884,10090
202105,경부선,안양,15257,15092,30349
202105,경부선,명학,3840,3804,7644
202105,경부선,금정,14934,15022,29956
202105,경부선,군포,3834,3542,7376
202105,경부선,의왕,5208,5147,10355
202105,경부선,성균관대,8174,8413,16587
202105,경부선,화서,4337,4298,8635
202105,경부선,수원,31929,32641,64570
202105,경부선,독산,7230,7359,14589
202105,경부선,세류,1897,1955,3852
202105,경부선,병점,9698,10051,19749
202105,경부선,세마,1846,1709,3555
202105,경부선,오산대,2600,2400,5000
202105,경부선,오산,7136,7148,14284
202105,경부선,진위,827,779,1606
202105,경부선,송탄,3227,3357,6584
202105,경부선,서정리,4247,4552,8799
202105,경부선,평택지제,1990,2087,4077
202105,경부선,평택,9652,9558,19210
202105,경부선,성환,2303,2358,4661
202105,경부선,직산,424,448,872
202105,경부선,두정,3973,3848,7821
202105,경부선,천안,4765,4629,9394
202105,경부선,당정,3379,3328,6707
202105,경부선,서동탄,901,858,1759
202105,경부선,광명,1863,1780,3643
202105,경부선,서울역,5133,1653,6786
202105,경부선,남영,9456,9831,19287
202105,경부선,용산,31177,32216,63393
202105,경부선,노량진,8348,8495,16843
202105,경부선,대방,12998,13340,26338
202105,경부선,영등포,36644,37342,73986
202105,경부선,신도림,4345,4411,8756
202105,경부선,신길,9542,8085,17627
202105,경부선,구로,19409,19734,39143
202105,경부선,가산디지털단지,18435,21524,39959
202105,경부선,금천구청,12246,12166,24412
202105,경부선,석수,10434,9191,19625
202105,경부선,관악,7505,6973,14478
202105,경부선,안양,24545,24660,49205
202105,경부선,명학,9268,9276,18544
202105,경부선,금정,26455,26709,53164
202105,경부선,군포,7827,7780,15607
202105,경부선,의왕,9234,9269,18503
202105,경부선,성균관대,14897,14887,29784
202105,경부선,화서,7574,7356,14930
202105,경부선,수원,34871,36522,71393
202105,경부선,독산,17131,18014,35145
202105,경부선,세류,3028,2813,5841
202105,경부선,병점,14216,14236,28452
202105,경부선,세마,2647,2453,5100
202105,경부선,오산대,3528,3310,6838
202105,경부선,오산,9757,9680,19437
202105,경부선,진위,1586,1376,2962
202105,경부선,송탄,4103,3799,7902
202105,경부선,서정리,6672,6382,13054
202105,경부선,평택지제,2845,2771,5616
202105,경부선,평택,11825,11631,23456
202105,경부선,성환,4337,4159,8496
202105,경부선,직산,733,759,1492
202105,경부선,두정,5391,5442,10833
202105,경부선,천안,5000,5093,10093
202105,경부선,당정,6452,6217,12669
202105,경부선,서동탄,1571,1348,2919
202105,경부선,광명,3263,2814,6077
202105,경부선,서울역,6534,2473,9007
202105,경부선,남영,9260,9567,18827
202105,경부선,용산,35522,38542,74064
202105,경부선,노량진,8204,8033,16237
202105,경부선,대방,12993,13120,26113
202105,경부선,영등포,39548,40834,80382
202105,경부선,신도림,3967,4037,8004
202105,경부선,신길,9379,7842,17221
202105,경부선,구로,19751,19803,39554
202105,경부선,가산디지털단지,18180,20747,38927
202105,경부선,금천구청,12024,12269,24293
202105,경부선,석수,9988,8817,18805
202105,경부선,관악,7253,6710,13963
202105,경부선,안양,24026,24278,48304
202105,경부선,명학,9025,8930,17955
202105,경부선,성균관대,14890,14506,29396
202105,경부선,화서,7345,7318,14663
202105,경부선,수원,37134,40401,77535
202105,경부선,독산,16907,17674,34581
202105,경부선,세류,3113,2991,6104
202105,경부선,병점,14728,14482,29210
202105,경부선,세마,2812,2493,5305
202105,경부선,오산대,3283,2913,6196
202105,경부선,오산,10006,9709,19715
202105,경부선,진위,1697,1379,3076
202105,경부선,송탄,4599,4119,8718
202105,경부선,서정리,7146,6121,13267
202105,경부선,평택지제,3334,3121,6455
202105,경부선,평택,12890,12459,25349
202105,경부선,성환,4061,3582,7643
202105,경부선,직산,839,802,1641
202105,경부선,두정,6129,5882,12011
202105,경부선,천안,5730,6006,11736
202105,경부선,당정,6278,6046,12324
202105,경부선,서동탄,1544,1420,2964
202105,경부선,광명,3343,3309,6652
202105,경부선,금정,26109,26458,52567
202105,경부선,군포,7752,7600,15352
202105,경부선,의왕,8954,8971,17925
202105,경부선,서울역,5615,1611,7226
202105,경부선,용산,30822,30076,60898
202105,경부선,노량진,7732,7813,15545
202105,경부선,대방,12777,13334,26111
202105,경부선,영등포,34215,34812,69027
202105,경부선,신도림,4021,3931,7952
202105,경부선,신길,9326,7947,17273
202105,경부선,구로,18831,19173,38004
202105,경부선,가산디지털단지,18421,21606,40027
202105,경부선,금천구청,11640,11690,23330
202105,경부선,석수,9713,8535,18248
202105,경부선,관악,6926,6411,13337
202105,경부선,안양,23381,23351,46732
202105,경부선,명학,9106,9161,18267
202105,경부선,금정,25207,25738,50945
202105,경부선,군포,7539,7664,15203
202105,경부선,의왕,8718,8808,17526
202105,경부선,성균관대,14037,14201,28238
202105,경부선,화서,7026,6831,13857
202105,경부선,수원,31540,32536,64076
202105,경부선,독산,16776,17815,34591
202105,경부선,세류,2848,2603,5451
202105,경부선,병점,13248,13205,26453
202105,경부선,세마,2431,2309,4740
202105,경부선,오산대,2934,2648,5582
202105,경부선,오산,8643,8878,17521
202105,경부선,진위,1442,1324,2766
202105,경부선,송탄,3843,3661,7504
202105,경부선,서정리,6176,6096,12272
202105,경부선,평택지제,2893,2610,5503
202105,경부선,평택,10924,10927,21851
202105,경부선,성환,3793,4008,7801
202105,경부선,직산,681,672,1353
202105,경부선,두정,4737,5246,9983
202105,경부선,천안,4564,4489,9053
202105,경부선,당정,6062,5844,11906
202105,경부선,서동탄,1430,1230,2660
202105,경부선,광명,3325,2690,6015
202105,경부선,남영,9369,9871,19240
202105,경부선,서울역,4514,1461,5975
202105,경부선,남영,9744,10378,20122
202105,경부선,용산,29788,30263,60051
202105,경부선,노량진,8267,8368,16635
202105,경부선,대방,13444,13805,27249
202105,경부선,영등포,35675,36477,72152
202105,경부선,신도림,4375,4446,8821
202105,경부선,신길,9815,8238,18053
202105,경부선,구로,19682,19838,39520
202105,경부선,가산디지털단지,18982,22154,41136
202105,경부선,금천구청,12493,12407,24900
202105,경부선,석수,10549,9465,20014
202105,경부선,관악,7877,7308,15185
202105,경부선,안양,24627,24570,49197
202105,경부선,명학,9760,9713,19473
202105,경부선,금정,27080,27416,54496
202105,경부선,군포,8077,8021,16098
202105,경부선,의왕,9537,9491,19028
202105,경부선,성균관대,15244,15171,30415
202105,경부선,화서,7831,7530,15361
202105,경부선,수원,33627,35338,68965
202105,경부선,독산,17410,18295,35705
202105,경부선,세류,3059,2818,5877
202105,경부선,병점,14267,14216,28483
202105,경부선,세마,2750,2609,5359
202105,경부선,오산대,3501,3196,6697
202105,경부선,오산,9447,9451,18898
202105,경부선,진위,1648,1454,3102
202105,경부선,송탄,4092,3862,7954
202105,경부선,서정리,6780,6490,13270
202105,경부선,평택지제,2824,2694,5518
202105,경부선,평택,11570,11459,23029
202105,경부선,성환,4131,4119,8250
202105,경부선,직산,781,792,1573
202105,경부선,두정,5383,5615,10998
202105,경부선,천안,4931,5032,9963
202105,경부선,당정,6483,6187,12670
202105,경부선,서동탄,1630,1401,3031
202105,경부선,광명,3090,2646,5736
202105,경부선,광명,3059,2668,5727
202105,경부선,서동탄,1588,1342,2930
202105,경부선,당정,6427,6191,12618
202105,경부선,천안,4854,4966,9820
202105,경부선,두정,5331,5407,10738
202105,경부선,직산,746,752,1498
202105,경부선,성환,4195,4158,8353
202105,경부선,평택,11712,11477,23189
202105,경부선,평택지제,2883,2654,5537
202105,경부선,서정리,7134,6522,13656
202105,경부선,송탄,4141,3912,8053
202105,경부선,진위,1637,1487,3124
202105,경부선,오산,9462,9353,18815
202105,경부선,오산대,3496,3216,6712
202105,경부선,세마,2767,2527,5294
202105,경부선,병점,14145,14383,28528
202105,경부선,세류,3030,2836,5866
202105,경부선,독산,17253,18330,35583
202105,경부선,수원,33588,35341,68929
202105,경부선,화서,7856,7551,15407
202105,경부선,성균관대,15296,15020,30316
202105,경부선,의왕,9579,9410,18989
202105,경부선,군포,8046,7814,15860
202105,경부선,금정,26797,27129,53926
202105,경부선,명학,9722,9638,19360
202105,경부선,안양,25221,25140,50361
202105,경부선,관악,7956,7419,15375
202105,경부선,석수,10472,9288,19760
202105,경부선,금천구청,12407,12435,24842
202105,경부선,가산디지털단지,18914,21915,40829
202105,경부선,구로,19754,20062,39816
202105,경부선,신길,9791,8320,18111
202105,경부선,신도림,4547,4549,9096
202105,경부선,영등포,35930,36869,72799
202105,경부선,대방,13390,13839,27229
202105,경부선,노량진,8492,8570,17062
202105,경부선,용산,30203,30747,60950
202105,경부선,남영,9876,10272,20148
202105,경부선,서울역,4640,1521,6161
202105,경부선,서울역,4909,1656,6565
202105,경부선,남영,9588,9965,19553
202105,경부선,용산,31378,31631,63009
202105,경부선,노량진,8497,8413,16910
202105,경부선,대방,13383,13664,27047
202105,경부선,영등포,36357,37102,73459
202105,경부선,신도림,4354,4410,8764
202105,경부선,신길,9914,8252,18166
202105,경부선,구로,19564,19961,39525
202105,경부선,가산디지털단지,18857,22136,40993
202105,경부선,금천구청,12427,12335,24762
202105,경부선,석수,10295,9084,19379
202105,경부선,관악,7443,7007,14450
202105,경부선,안양,24524,24500,49024
202105,경부선,명학,9462,9517,18979
202105,경부선,금정,26716,27122,53838
202105,경부선,군포,7916,7852,15768
202105,경부선,의왕,9301,9215,18516
202105,경부선,성균관대,15406,15192,30598
202105,경부선,화서,7796,7555,15351
202105,경부선,수원,33464,35152,68616
202105,경부선,독산,16991,17937,34928
202105,경부선,세류,2937,2806,5743
202105,경부선,병점,14232,14080,28312
202105,경부선,세마,2714,2592,5306
202105,경부선,오산대,3567,3251,6818
202105,경부선,오산,9755,9715,19470
202105,경부선,진위,1619,1432,3051
202105,경부선,송탄,4051,3971,8022
202105,경부선,서정리,6930,6496,13426
202105,경부선,평택지제,2765,2666,5431
202105,경부선,평택,11871,11800,23671
202105,경부선,성환,4176,4071,8247
202105,경부선,직산,744,753,1497
202105,경부선,두정,5566,5537,11103
202105,경부선,천안,4937,4960,9897
202105,경부선,당정,6384,6119,12503
202105,경부선,서동탄,1543,1350,2893
202105,경부선,광명,3183,2805,5988
202105,경부선,서울역,7108,2412,9520
202105,경부선,남영,10125,10473,20598
202105,경부선,용산,36836,37803,74639
202105,경부선,노량진,9156,9134,18290
202105,경부선,대방,13439,13662,27101
202105,경부선,영등포,39940,41605,81545
202105,경부선,신도림,4389,4503,8892
202105,경부선,신길,9748,8223,17971
202105,경부선,구로,19698,20225,39923
202105,경부선,가산디지털단지,18982,22091,41073
202105,경부선,금천구청,12524,12716,25240
202105,경부선,석수,10519,9220,19739
202105,경부선,관악,7778,7240,15018
202105,경부선,안양,24917,25066,49983
202105,경부선,명학,9513,9335,18848
202105,경부선,금정,27673,27574,55247
202105,경부선,군포,7853,7787,15640
202105,경부선,의왕,9415,9280,18695
202105,경부선,성균관대,15520,15299,30819
202105,경부선,화서,7883,7723,15606
202105,경부선,수원,38635,41542,80177
202105,경부선,독산,17346,18192,35538
202105,경부선,세류,3274,3039,6313
202105,경부선,병점,15206,15134,30340
202105,경부선,세마,2949,2702,5651
202105,경부선,오산대,3685,3377,7062
202105,경부선,오산,10598,10214,20812
202105,경부선,진위,1780,1470,3250
202105,경부선,송탄,4760,4316,9076
202105,경부선,서정리,7274,6159,13433
202105,경부선,평택지제,3391,3171,6562
202105,경부선,평택,13815,12878,26693
202105,경부선,성환,4166,3689,7855
202105,경부선,직산,941,880,1821
202105,경부선,두정,6550,6360,12910
202105,경부선,천안,6144,6003,12147
202105,경부선,당정,6609,6339,12948
202105,경부선,서동탄,1701,1482,3183
202105,경부선,광명,3629,3397,7026
202105,경부선,광명,3081,2720,5801
202105,경부선,서동탄,1502,1277,2779
202105,경부선,당정,6077,5944,12021
202105,경부선,천안,4465,4703,9168
202105,경부선,두정,4829,5205,10034
202105,경부선,직산,708,676,1384
202105,경부선,성환,3876,4019,7895
202105,경부선,평택,10828,10924,21752
202105,경부선,평택지제,2768,2666,5434
202105,경부선,서정리,6462,6427,12889
202105,경부선,송탄,3961,3604,7565
202105,경부선,진위,1466,1337,2803
202105,경부선,수원,32029,33323,65352
202105,경부선,화서,7248,7020,14268
202105,경부선,성균관대,14553,14576,29129
202105,경부선,의왕,8964,8903,17867
202105,경부선,군포,7559,7694,15253
202105,경부선,금정,25346,25911,51257
202105,경부선,명학,9208,9087,18295
202105,경부선,안양,22068,21995,44063
202105,경부선,관악,7034,6504,13538
202105,경부선,석수,9632,8486,18118
202105,경부선,금천구청,11678,11463,23141
202105,경부선,가산디지털단지,18477,21581,40058
202105,경부선,구로,18914,19131,38045
202105,경부선,신길,9517,7990,17507
202105,경부선,신도림,3968,3998,7966
202105,경부선,영등포,33315,34268,67583
202105,경부선,대방,12620,13062,25682
202105,경부선,노량진,7637,7926,15563
202105,경부선,용산,29524,30382,59906
202105,경부선,남영,9325,9800,19125
202105,경부선,서울역,5224,1745,6969
202105,경부선,오산,9339,9373,18712
202105,경부선,오산대,3427,3095,6522
202105,경부선,세마,2546,2384,4930
202105,경부선,병점,13357,13249,26606
202105,경부선,세류,2875,2678,5553
202105,경부선,독산,16952,18033,34985
202105,경부선,광명,3365,2985,6350
202105,경부선,서동탄,1645,1426,3071
202105,경부선,당정,6738,6264,13002
202105,경부선,천안,5175,5576,10751
202105,경부선,두정,5720,6333,12053
202105,경부선,직산,771,815,1586
202105,경부선,성환,4234,4021,8255
202105,경부선,평택,12526,12149,24675
202105,경부선,평택지제,3239,3034,6273
202105,경부선,서정리,7549,6550,14099
202105,경부선,송탄,4412,3993,8405
202105,경부선,진위,1718,1483,3201
202105,경부선,오산,10672,10464,21136
202105,경부선,오산대,4067,3836,7903
202105,경부선,세마,2888,2524,5412
202105,경부선,병점,15399,15354,30753
202105,경부선,세류,3163,3068,6231
202105,경부선,독산,17771,18662,36433
202105,경부선,수원,36009,38312,74321
202105,경부선,화서,8036,7675,15711
202105,경부선,성균관대,15735,15459,31194
202105,경부선,의왕,9679,9583,19262
202105,경부선,군포,8093,8002,16095
202105,경부선,금정,27706,27921,55627
202105,경부선,명학,9648,9738,19386
202105,경부선,안양,23901,24106,48007
202105,경부선,관악,7840,7124,14964
202105,경부선,석수,10779,9475,20254
202105,경부선,금천구청,12721,12613,25334
202105,경부선,가산디지털단지,19807,22726,42533
202105,경부선,구로,20036,20432,40468
202105,경부선,신길,9839,8330,18169
202105,경부선,신도림,4573,4647,9220
202105,경부선,영등포,38134,40428,78562
202105,경부선,대방,13471,13656,27127
202105,경부선,노량진,8937,8836,17773
202105,경부선,용산,33190,35163,68353
202105,경부선,남영,10121,10572,20693
202105,경부선,서울역,5618,1972,7590
202105,경부선,광명,1990,1660,3650
202105,경부선,서동탄,913,948,1861
202105,경부선,당정,3716,3679,7395
202105,경부선,천안,5496,5163,10659
202105,경부선,두정,4296,4186,8482
202105,경부선,직산,527,549,1076
202105,경부선,성환,2418,2543,4961
202105,경부선,평택,10431,10390,20821
202105,경부선,평택지제,2050,1981,4031
202105,경부선,서정리,4658,4956,9614
202105,경부선,송탄,3440,3519,6959
202105,경부선,진위,929,933,1862
202105,경부선,오산,7416,7327,14743
202105,경부선,오산대,2886,2731,5617
202105,경부선,세마,1976,1883,3859
202105,경부선,병점,10665,10931,21596
202105,경부선,세류,2138,2184,4322
202105,경부선,독산,7698,7663,15361
202105,경부선,수원,33786,34620,68406
202105,경부선,화서,4682,4669,9351
202105,경부선,성균관대,8852,8997,17849
202105,경부선,의왕,5504,5566,11070
202105,경부선,군포,4147,3880,8027
202105,경부선,금정,15798,15745,31543
202105,경부선,명학,4467,4399,8866
202105,경부선,안양,16494,16375,32869
202105,경부선,관악,7032,6658,13690
202105,경부선,석수,6566,6650,13216
202105,경부선,금천구청,7720,7537,15257
202105,경부선,가산디지털단지,5437,7174,12611
202105,경부선,구로,11342,11574,22916
202105,경부선,신길,5844,4812,10656
202105,경부선,신도림,2612,2838,5450
202105,경부선,영등포,31943,32318,64261
202105,경부선,대방,6587,6912,13499
202105,경부선,노량진,7649,6877,14526
202105,경부선,용산,27970,27794,55764
202105,경부선,남영,4792,4928,9720
202105,경부선,서울역,4108,1074,5182
202105,경부선,평택,10849,10607,21456
202105,경부선,평택지제,2746,2758,5504
202105,경부선,서정리,6361,6009,12370
202105,경부선,송탄,3920,3615,7535
202105,경부선,진위,1573,1322,2895
202105,경부선,오산,9135,9200,18335
202105,경부선,오산대,3362,3172,6534
202105,경부선,세마,2601,2409,5010
202105,경부선,병점,13656,13618,27274
202105,경부선,세류,2914,2656,5570
202105,경부선,독산,16966,18095,35061
202105,경부선,수원,32269,33651,65920
202105,경부선,화서,7353,7141,14494
202105,경부선,성균관대,14640,14590,29230
202105,경부선,의왕,8958,9023,17981
202105,경부선,군포,7734,7886,15620
202105,경부선,금정,25857,26228,52085
202105,경부선,명학,9166,9254,18420
202105,경부선,안양,23114,22824,45938
202105,경부선,관악,7221,6795,14016
202105,경부선,석수,9731,8757,18488
202105,경부선,금천구청,11946,11905,23851
202105,경부선,광명,3078,2702,5780
202105,경부선,서동탄,1505,1301,2806
202105,경부선,당정,6339,6035,12374
202105,경부선,천안,4788,4751,9539
202105,경부선,두정,5323,5267,10590
202105,경부선,직산,696,694,1390
202105,경부선,성환,3896,3831,7727
202105,경부선,서울역,5124,1639,6763
202105,경부선,남영,9466,9854,19320
202105,경부선,용산,31785,31674,63459
202105,경부선,노량진,8016,8175,16191
202105,경부선,대방,12703,13147,25850
202105,경부선,영등포,35100,35553,70653
202105,경부선,신도림,4136,4277,8413
202105,경부선,신길,9154,7890,17044
202105,경부선,구로,19045,19341,38386
202105,경부선,가산디지털단지,18346,21230,39576
202105,경부선,광명,3496,3231,6727
202105,경부선,서동탄,1555,1351,2906
202105,경부선,당정,6411,6136,12547
202105,경부선,천안,5447,5567,11014
202105,경부선,두정,6054,6068,12122
202105,경부선,직산,799,769,1568
202105,경부선,성환,3771,3359,7130
202105,경부선,평택,12845,11969,24814
202105,경부선,평택지제,3188,3115,6303
202105,경부선,서정리,6854,5835,12689
202105,경부선,송탄,4476,4055,8531
202105,경부선,진위,1748,1409,3157
202105,경부선,오산,10029,9623,19652
202105,경부선,오산대,3439,3205,6644
202105,경부선,세마,2790,2518,5308
202105,경부선,병점,14656,14346,29002
202105,경부선,세류,3142,2932,6074
202105,경부선,독산,16892,17890,34782
202105,경부선,수원,35461,38583,74044
202105,경부선,화서,7351,7192,14543
202105,경부선,성균관대,15542,15160,30702
202105,경부선,의왕,9085,9035,18120
202105,경부선,군포,7968,7792,15760
202105,경부선,금정,26618,26696,53314
202105,경부선,명학,9249,9108,18357
202105,경부선,안양,23449,23558,47007
202105,경부선,관악,7244,6856,14100
202105,경부선,석수,10093,8689,18782
202105,경부선,금천구청,12068,12139,24207
202105,경부선,가산디지털단지,18680,21725,40405
202105,경부선,구로,19576,20010,39586
202105,경부선,신길,9609,7889,17498
202105,경부선,신도림,4244,4285,8529
202105,경부선,영등포,38528,40176,78704
202105,경부선,대방,13149,13390,26539
202105,경부선,노량진,8660,8693,17353
202105,경부선,용산,35762,37032,72794
202105,경부선,남영,9611,9963,19574
202105,경부선,서울역,6549,2293,8842
202105,경부선,서울역,5424,1641,7065
202105,경부선,남영,9516,10107,19623
202105,경부선,용산,30616,31099,61715
202105,경부선,노량진,8154,8231,16385
202105,경부선,대방,12955,13394,26349
202105,경부선,영등포,33848,34656,68504
202105,경부선,신도림,4192,4278,8470
202105,경부선,신길,9698,8210,17908
202105,경부선,구로,19515,19596,39111
202105,경부선,가산디지털단지,19238,22370,41608
202105,경부선,금천구청,12043,12034,24077
202105,경부선,석수,10104,9094,19198
202105,경부선,관악,7375,6812,14187
202105,경부선,안양,24307,24173,48480
202105,경부선,명학,9193,9168,18361
202105,경부선,금정,26266,26677,52943
202105,경부선,군포,7808,7984,15792
202105,경부선,의왕,9430,9400,18830
202105,경부선,성균관대,14676,14837,29513
202105,경부선,화서,7598,7311,14909
202105,경부선,수원,32548,33759,66307
202105,경부선,독산,17244,18187,35431
202105,경부선,세류,3082,2843,5925
202105,경부선,병점,14037,14064,28101
202105,경부선,세마,2639,2495,5134
202105,경부선,오산대,3228,2940,6168
202105,경부선,오산,9377,9415,18792
202105,경부선,진위,1562,1390,2952
202105,경부선,송탄,4147,3846,7993
202105,경부선,서정리,6686,6610,13296
202105,경부선,평택지제,2971,2858,5829
202105,경부선,평택,11295,11310,22605
202105,경부선,성환,3970,4002,7972
202105,경부선,직산,764,736,1500
202105,경부선,두정,5120,5701,10821
202105,경부선,천안,4791,4893,9684
202105,경부선,당정,6352,6176,12528
202105,경부선,서동탄,1605,1357,2962
202105,경부선,광명,3352,2738,6090
202105,경부선,서울역,4553,1511,6064
202105,경부선,남영,9658,10230,19888
202105,경부선,용산,29372,29846,59218
202105,경부선,노량진,8044,8250,16294
202105,경부선,대방,13008,13395,26403
202105,경부선,영등포,35030,35713,70743
202105,경부선,신도림,4197,4248,8445
202105,경부선,신길,9638,7885,17523
202105,경부선,구로,19183,19737,38920
202105,경부선,가산디지털단지,18969,22164,41133
202105,경부선,금천구청,12044,11940,23984
202105,경부선,석수,10066,8850,18916
202105,경부선,관악,7213,6902,14115
202105,경부선,안양,23754,23794,47548
202105,경부선,명학,9476,9483,18959
202105,경부선,금정,26458,26842,53300
202105,경부선,군포,7917,7828,15745
202105,경부선,의왕,9353,9325,18678
202105,경부선,성균관대,14758,14621,29379
202105,경부선,화서,7575,7344,14919
202105,경부선,수원,32335,33772,66107
202105,경부선,독산,17355,18477,35832
202105,경부선,세류,2961,2721,5682
202105,경부선,병점,14011,13981,27992
202105,경부선,세마,2624,2415,5039
202105,경부선,오산대,3712,3524,7236
202105,경부선,오산,9384,9284,18668
202105,경부선,진위,1522,1357,2879
202105,경부선,송탄,3839,3683,7522
202105,경부선,서정리,6530,6206,12736
202105,경부선,평택지제,2817,2666,5483
202105,경부선,평택,10867,10798,21665
202105,경부선,성환,3809,3821,7630
202105,경부선,직산,719,731,1450
202105,경부선,두정,5227,5366,10593
202105,경부선,천안,4650,4802,9452
202105,경부선,당정,6382,6144,12526
202105,경부선,서동탄,1511,1297,2808
202105,경부선,광명,3045,2623,5668
202105,경부선,서울역,4680,1479,6159
202105,경부선,남영,9919,10327,20246
202105,경부선,용산,30943,31402,62345
202105,경부선,노량진,8590,8784,17374
202105,경부선,대방,13368,13583,26951
202105,경부선,영등포,35576,36826,72402
202105,경부선,신도림,4513,4456,8969
202105,경부선,신길,9739,8329,18068
202105,경부선,구로,19617,20214,39831
202105,경부선,가산디지털단지,19219,22148,41367
202105,경부선,금천구청,12460,12499,24959
202105,경부선,석수,10509,9268,19777
202105,경부선,관악,7668,7164,14832
202105,경부선,안양,24921,24848,49769
202105,경부선,명학,9446,9417,18863
202105,경부선,금정,27299,27420,54719
202105,경부선,군포,7965,7931,15896
202105,경부선,의왕,9704,9587,19291
202105,경부선,성균관대,15033,14803,29836
202105,경부선,화서,7869,7519,15388
202105,경부선,수원,33616,35374,68990
202105,경부선,독산,17380,18517,35897
202105,경부선,세류,3101,2801,5902
202105,경부선,병점,14246,14282,28528
202105,경부선,세마,2707,2495,5202
202105,경부선,오산대,3772,3522,7294
202105,경부선,오산,9672,9543,19215
202105,경부선,진위,1567,1380,2947
202105,경부선,송탄,3994,3798,7792
202105,경부선,서정리,6709,6358,13067
202105,경부선,평택지제,2915,2727,5642
202105,경부선,평택,11234,11268,22502
202105,경부선,성환,4271,4329,8600
202105,경부선,직산,763,802,1565
202105,경부선,두정,5351,5400,10751
202105,경부선,천안,4881,4888,9769
202105,경부선,당정,6497,6261,12758
202105,경부선,서동탄,1574,1311,2885
202105,경부선,광명,3216,2805,6021
202105,경부선,서울역,4992,1589,6581
202105,경부선,남영,9568,10096,19664
202105,경부선,용산,30375,30632,61007
202105,경부선,노량진,8043,8304,16347
202105,경부선,대방,12800,13088,25888
202105,경부선,영등포,34364,34985,69349
202105,경부선,신도림,4085,4088,8173
202105,경부선,신길,9437,7788,17225
202105,경부선,구로,18806,19097,37903
202105,경부선,가산디지털단지,18780,21785,40565
202105,경부선,금천구청,11662,11607,23269
202105,경부선,석수,9821,8603,18424
202105,경부선,관악,7071,6555,13626
202105,경부선,안양,23381,23503,46884
202105,경부선,명학,9118,9143,18261
202105,경부선,금정,25765,26412,52177
202105,경부선,군포,7730,7548,15278
202105,경부선,의왕,9079,8998,18077
202105,경부선,성균관대,14233,14130,28363
202105,경부선,화서,7322,6991,14313
202105,경부선,수원,32422,33918,66340
202105,경부선,독산,16942,18081,35023
202105,경부선,세류,2950,2775,5725
202105,경부선,병점,13699,13628,27327
202105,경부선,세마,2579,2504,5083
202105,경부선,오산대,3269,3055,6324
202105,경부선,오산,9025,9034,18059
202105,경부선,진위,1501,1341,2842
202105,경부선,송탄,3909,3662,7571
202105,경부선,서정리,6403,6088,12491
202105,경부선,평택지제,2817,2753,5570
202105,경부선,평택,11119,10524,21643
202105,경부선,성환,4013,3849,7862
202105,경부선,직산,695,709,1404
202105,경부선,두정,5334,5202,10536
202105,경부선,천안,4595,4566,9161
202105,경부선,당정,6223,5960,12183
202105,경부선,서동탄,1457,1258,2715
202105,경부선,광명,3119,2732,5851
202105,경부선,광명,3446,3194,6640
202105,경부선,서동탄,1526,1384,2910
202105,경부선,당정,6195,5917,12112
202105,경부선,천안,5285,5339,10624
202105,경부선,두정,6120,6007,12127
202105,경부선,직산,754,724,1478
202105,경부선,성환,3728,3204,6932
202105,경부선,평택,12236,11818,24054
202105,경부선,평택지제,3387,3114,6501
202105,경부선,서정리,6954,5798,12752
202105,경부선,송탄,4520,3974,8494
202105,경부선,진위,1612,1353,2965
202105,경부선,오산,9996,9627,19623
202105,경부선,오산대,3417,3191,6608
202105,경부선,세마,2728,2424,5152
202105,경부선,병점,14416,14238,28654
202105,경부선,세류,3121,2862,5983
202105,경부선,독산,16859,17758,34617
202105,경부선,수원,34841,37918,72759
202105,경부선,화서,7135,7030,14165
202105,경부선,성균관대,14984,14706,29690
202105,경부선,의왕,9078,8875,17953
202105,경부선,군포,7643,7508,15151
202105,경부선,금정,26260,26329,52589
202105,경부선,명학,8968,8972,17940
202105,경부선,안양,22637,22520,45157
202105,경부선,관악,7082,6697,13779
202105,경부선,석수,9814,8450,18264
202105,경부선,금천구청,11788,11850,23638
202105,경부선,가산디지털단지,18597,21600,40197
202105,경부선,구로,18977,19591,38568
202105,경부선,신길,9524,7652,17176
202105,경부선,신도림,4057,4217,8274
202105,경부선,영등포,37766,39576,77342
202105,경부선,대방,12793,13043,25836
202105,경부선,노량진,8561,8655,17216
202105,경부선,용산,35042,36117,71159
202105,경부선,남영,9644,9937,19581
202105,경부선,서울역,6677,2323,9000
202105,경부선,광명,3230,2657,5887
202105,경부선,서동탄,1527,1297,2824
202105,경부선,당정,6244,5917,12161
202105,경부선,천안,4662,4728,9390
202105,경부선,두정,5030,5510,10540
202105,경부선,직산,722,726,1448
202105,경부선,성환,3817,4031,7848
202105,경부선,평택,11349,11888,23237
202105,경부선,평택지제,3267,2815,6082
202105,경부선,서정리,6692,6645,13337
202105,경부선,송탄,4164,4325,8489
202105,경부선,진위,1587,1427,3014
202105,경부선,오산,9340,9409,18749
202105,경부선,오산대,3469,3219,6688
202105,경부선,세마,2593,2436,5029
202105,경부선,병점,13664,13629,27293
202105,경부선,세류,2915,2870,5785
202105,경부선,독산,17202,18274,35476
202105,경부선,수원,32131,33449,65580
202105,경부선,화서,7489,7093,14582
202105,경부선,성균관대,14277,14273,28550
202105,경부선,의왕,9085,9062,18147
202105,경부선,군포,7798,7823,15621
202105,경부선,금정,26021,26444,52465
202105,경부선,명학,9122,9171,18293
202105,경부선,안양,23824,23825,47649
202105,경부선,관악,7126,6601,13727
202105,경부선,석수,9859,8697,18556
202105,경부선,금천구청,12141,11974,24115
202105,경부선,가산디지털단지,18848,21594,40442
202105,경부선,구로,19400,19449,38849
202105,경부선,신길,9634,8032,17666
202105,경부선,신도림,4287,4258,8545
202105,경부선,영등포,33845,34838,68683
202105,경부선,대방,12738,13100,25838
202105,경부선,노량진,7950,8129,16079
202105,경부선,용산,29400,29882,59282
202105,경부선,남영,9426,9878,19304
202105,경부선,서울역,5134,1592,6726
202106,경부선,석수,9939,8999,18938
202106,경부선,관악,7460,6841,14301
202106,경부선,안양,24650,24564,49214
202106,경부선,명학,9484,9236,18720
202106,경부선,금정,26541,26853,53394
202106,경부선,군포,7910,7880,15790
202106,경부선,의왕,9364,9319,18683
202106,경부선,성균관대,14593,14364,28957
202106,경부선,화서,7525,7291,14816
202106,경부선,수원,31895,33857,65752
202106,경부선,독산,17498,18393,35891
202106,경부선,세류,3040,2807,5847
202106,경부선,병점,13985,13955,27940
202106,경부선,세마,2651,2407,5058
202106,경부선,오산대,3643,3528,7171
202106,경부선,오산,9267,9282,18549
202106,경부선,진위,1603,1347,2950
202106,경부선,송탄,3969,3682,7651
202106,경부선,서정리,6633,6230,12863
202106,경부선,평택지제,2823,2629,5452
202106,경부선,평택,10964,10856,21820
202106,경부선,서울역,4296,1414,5710
202106,경부선,남영,9644,10078,19722
202106,경부선,용산,28080,28760,56840
202106,경부선,노량진,8055,8445,16500
202106,경부선,대방,13153,13384,26537
202106,경부선,영등포,33564,34833,68397
202106,경부선,신도림,4300,4315,8615
202106,경부선,신길,9578,8082,17660
202106,경부선,구로,19273,19624,38897
202106,경부선,가산디지털단지,19033,21987,41020
202106,경부선,금천구청,12073,12101,24174
202106,경부선,성환,3796,3862,7658
202106,경부선,직산,755,754,1509
202106,경부선,두정,5088,5315,10403
202106,경부선,천안,4598,4573,9171
202106,경부선,당정,6343,6147,12490
202106,경부선,서동탄,1570,1404,2974
202106,경부선,광명,2994,2673,5667
202106,경부선,서울역,4259,1505,5764
202106,경부선,남영,9619,10153,19772
202106,경부선,용산,28803,29193,57996
202106,경부선,노량진,8264,8524,16788
202106,경부선,대방,13100,13349,26449
202106,경부선,영등포,34683,35565,70248
202106,경부선,신도림,4397,4423,8820
202106,경부선,신길,9669,8194,17863
202106,경부선,구로,19300,19824,39124
202106,경부선,가산디지털단지,18899,21866,40765
202106,경부선,금천구청,12106,12086,24192
202106,경부선,석수,10203,9022,19225
202106,경부선,관악,7514,7065,14579
202106,경부선,안양,25057,25030,50087
202106,경부선,명학,9379,9270,18649
202106,경부선,금정,26825,26986,53811
202106,경부선,군포,7839,7863,15702
202106,경부선,의왕,9370,9275,18645
202106,경부선,성균관대,14823,14671,29494
202106,경부선,화서,7711,7474,15185
202106,경부선,수원,32457,34084,66541
202106,경부선,독산,17377,18308,35685
202106,경부선,세류,3069,2773,5842
202106,경부선,병점,13875,14052,27927
202106,경부선,세마,2661,2457,5118
202106,경부선,오산대,3809,3509,7318
202106,경부선,오산,9583,9349,18932
202106,경부선,진위,1562,1389,2951
202106,경부선,송탄,3960,3724,7684
202106,경부선,서정리,6851,6454,13305
202106,경부선,평택지제,2853,2682,5535
202106,경부선,평택,11021,10958,21979
202106,경부선,성환,4099,4036,8135
202106,경부선,직산,722,748,1470
202106,경부선,두정,5173,5251,10424
202106,경부선,천안,4560,4660,9220
202106,경부선,당정,6520,6169,12689
202106,경부선,서동탄,1526,1326,2852
202106,경부선,광명,3001,2639,5640
202106,경부선,서울역,4669,1576,6245
202106,경부선,남영,9453,9916,19369
202106,경부선,용산,28974,29654,58628
202106,경부선,노량진,7661,7971,15632
202106,경부선,대방,12524,13038,25562
202106,경부선,영등포,33429,34259,67688
202106,경부선,신도림,3803,3894,7697
202106,경부선,신길,9086,7806,16892
202106,경부선,구로,18531,18884,37415
202106,경부선,가산디지털단지,18292,21767,40059
202106,경부선,금천구청,11206,11613,22819
202106,경부선,석수,9606,8772,18378
202106,경부선,관악,7065,6567,13632
202106,경부선,안양,23700,23464,47164
202106,경부선,명학,8793,9192,17985
202106,경부선,금정,25821,26253,52074
202106,경부선,군포,7561,7839,15400
202106,경부선,의왕,8624,8616,17240
202106,경부선,성균관대,14040,13819,27859
202106,경부선,화서,7219,6828,14047
202106,경부선,수원,30627,32500,63127
202106,경부선,독산,16850,18145,34995
202106,경부선,세류,2831,2614,5445
202106,경부선,병점,13345,13648,26993
202106,경부선,세마,2601,2392,4993
202106,경부선,오산대,3175,3037,6212
202106,경부선,오산,8965,8748,17713
202106,경부선,진위,1504,1317,2821
202106,경부선,송탄,3669,3422,7091
202106,경부선,서정리,6439,5855,12294
202106,경부선,평택지제,2684,2610,5294
202106,경부선,평택,10277,10173,20450
202106,경부선,성환,3931,3900,7831
202106,경부선,직산,687,690,1377
202106,경부선,두정,5028,4982,10010
202106,경부선,천안,4356,4440,8796
202106,경부선,당정,6236,5916,12152
202106,경부선,서동탄,1461,1148,2609
202106,경부선,광명,3091,2898,5989
202106,경부선,서울역,6288,2258,8546
202106,경부선,남영,9598,10075,19673
202106,경부선,용산,35793,36681,72474
202106,경부선,노량진,9360,8986,18346
202106,경부선,대방,13303,13221,26524
202106,경부선,영등포,38689,40612,79301
202106,경부선,신도림,4402,4491,8893
202106,경부선,신길,9806,8126,17932
202106,경부선,구로,19853,20096,39949
202106,경부선,가산디지털단지,18796,22238,41034
202106,경부선,금천구청,12527,12118,24645
202106,경부선,석수,10374,8906,19280
202106,경부선,관악,7590,6993,14583
202106,경부선,안양,25186,24870,50056
202106,경부선,명학,9216,9169,18385
202106,경부선,금정,27718,28017,55735
202106,경부선,군포,7851,7851,15702
202106,경부선,의왕,9459,9247,18706
202106,경부선,성균관대,15355,15027,30382
202106,경부선,화서,7689,7304,14993
202106,경부선,수원,36333,39263,75596
202106,경부선,독산,17241,17914,35155
202106,경부선,세류,3291,3162,6453
202106,경부선,병점,15555,15100,30655
202106,경부선,세마,2846,2632,5478
202106,경부선,오산대,3620,3320,6940
202106,경부선,오산,10422,9943,20365
202106,경부선,진위,1772,1449,3221
202106,경부선,송탄,4670,4146,8816
202106,경부선,서정리,7169,5939,13108
202106,경부선,평택지제,3422,3297,6719
202106,경부선,평택,13252,12424,25676
202106,경부선,성환,4053,3573,7626
202106,경부선,직산,879,840,1719
202106,경부선,두정,6211,6259,12470
202106,경부선,천안,5666,5905,11571
202106,경부선,당정,6566,6146,12712
202106,경부선,서동탄,1485,1341,2826
202106,경부선,광명,3514,3299,6813
202106,경부선,광명,3203,2777,5980
202106,경부선,서동탄,1520,1286,2806
202106,경부선,당정,6211,5882,12093
202106,경부선,천안,4691,4835,9526
202106,경부선,두정,4972,5355,10327
202106,경부선,직산,739,706,1445
202106,경부선,성환,4172,4256,8428
202106,경부선,평택,11337,11274,22611
202106,경부선,평택지제,2999,2795,5794
202106,경부선,서정리,6902,6760,13662
202106,경부선,송탄,4019,3784,7803
202106,경부선,진위,1590,1406,2996
202106,경부선,오산,9378,9532,18910
202106,경부선,오산대,3443,3210,6653
202106,경부선,세마,2619,2416,5035
202106,경부선,병점,13636,13642,27278
202106,경부선,세류,3058,2842,5900
202106,경부선,독산,17266,18278,35544
202106,경부선,수원,31764,33132,64896
202106,경부선,화서,7551,7221,14772
202106,경부선,성균관대,14214,14186,28400
202106,경부선,의왕,9221,9135,18356
202106,경부선,군포,7709,7744,15453
202106,경부선,금정,25968,26477,52445
202106,경부선,명학,9199,9197,18396
202106,경부선,안양,23201,23303,46504
202106,경부선,관악,7234,6629,13863
202106,경부선,석수,9884,8834,18718
202106,경부선,금천구청,12009,11853,23862
202106,경부선,가산디지털단지,18838,21651,40489
202106,경부선,구로,19096,19209,38305
202106,경부선,신길,9378,7956,17334
202106,경부선,신도림,4245,4268,8513
202106,경부선,영등포,33655,34685,68340
202106,경부선,대방,12738,13148,25886
202106,경부선,노량진,7967,8315,16282
202106,경부선,용산,29063,29620,58683
202106,경부선,남영,8888,9387,18275
202106,경부선,서울역,5198,1618,6816
202106,경부선,서울역,4599,1517,6116
202106,경부선,남영,9403,9925,19328
202106,경부선,용산,28757,29228,57985
202106,경부선,노량진,8300,8340,16640
202106,경부선,대방,13061,13314,26375
202106,경부선,영등포,34111,35139,69250
202106,경부선,신도림,4348,4372,8720
202106,경부선,신길,9479,8076,17555
202106,경부선,구로,19078,19449,38527
202106,경부선,가산디지털단지,19001,22104,41105
202106,경부선,금천구청,12174,12124,24298
202106,경부선,석수,10098,8984,19082
202106,경부선,관악,7537,6887,14424
202106,경부선,안양,22791,22773,45564
202106,경부선,명학,9429,9373,18802
202106,경부선,금정,26369,26936,53305
202106,경부선,군포,7704,7657,15361
202106,경부선,의왕,9202,9151,18353
202106,경부선,성균관대,15156,14935,30091
202106,경부선,화서,7741,7465,15206
202106,경부선,수원,31904,33503,65407
202106,경부선,독산,17629,18699,36328
202106,경부선,세류,3087,2847,5934
202106,경부선,병점,14189,14074,28263
202106,경부선,세마,2684,2494,5178
202106,경부선,오산대,3801,3600,7401
202106,경부선,오산,9875,9961,19836
202106,경부선,진위,1532,1432,2964
202106,경부선,송탄,3987,3671,7658
202106,경부선,서정리,6776,6449,13225
202106,경부선,평택지제,2850,2631,5481
202106,경부선,평택,11144,11099,22243
202106,경부선,성환,4061,4061,8122
202106,경부선,직산,683,704,1387
202106,경부선,두정,5163,5235,10398
202106,경부선,천안,4723,4762,9485
202106,경부선,당정,6360,6089,12449
202106,경부선,서동탄,1516,1371,2887
202106,경부선,광명,3099,2643,5742
202106,경부선,서울역,4627,1509,6136
202106,경부선,남영,9361,9890,19251
202106,경부선,용산,29684,30003,59687
202106,경부선,노량진,8237,8400,16637
202106,경부선,대방,12816,13044,25860
202106,경부선,영등포,34673,35771,70444
202106,경부선,신도림,4296,4494,8790
202106,경부선,신길,9317,7964,17281
202106,경부선,구로,19294,19502,38796
202106,경부선,가산디지털단지,18945,21764,40709
202106,경부선,금천구청,11968,12046,24014
202106,경부선,석수,10036,8954,18990
202106,경부선,관악,7507,6978,14485
202106,경부선,안양,23530,23444,46974
202106,경부선,명학,9291,9208,18499
202106,경부선,금정,26572,26689,53261
202106,경부선,군포,7755,7759,15514
202106,경부선,의왕,9187,9145,18332
202106,경부선,성균관대,15018,14789,29807
202106,경부선,화서,7654,7306,14960
202106,경부선,수원,32269,33613,65882
202106,경부선,독산,17635,18679,36314
202106,경부선,세류,3004,2832,5836
202106,경부선,병점,14188,14279,28467
202106,경부선,세마,2595,2447,5042
202106,경부선,오산대,3561,3389,6950
202106,경부선,오산,9432,9457,18889
202106,경부선,진위,1558,1370,2928
202106,경부선,송탄,3948,3712,7660
202106,경부선,서정리,6807,6415,13222
202106,경부선,평택지제,2756,2710,5466
202106,경부선,평택,11204,10980,22184
202106,경부선,성환,4337,4256,8593
202106,경부선,직산,705,726,1431
202106,경부선,두정,5009,5141,10150
202106,경부선,천안,4658,4770,9428
202106,경부선,당정,6392,6126,12518
202106,경부선,서동탄,1547,1328,2875
202106,경부선,광명,3178,2644,5822
202106,경부선,광명,3236,2795,6031
202106,경부선,서동탄,1514,1289,2803
202106,경부선,당정,6440,6181,12621
202106,경부선,천안,4809,4958,9767
202106,경부선,두정,5304,5254,10558
202106,경부선,직산,714,725,1439
202106,경부선,성환,4680,4412,9092
202106,경부선,평택,11228,11242,22470
202106,경부선,평택지제,2945,2859,5804
202106,경부선,서정리,6967,6521,13488
202106,경부선,송탄,4043,3764,7807
202106,경부선,진위,1584,1393,2977
202106,경부선,오산,9553,9267,18820
202106,경부선,오산대,3546,3312,6858
202106,경부선,세마,2730,2557,5287
202106,경부선,병점,14190,14151,28341
202106,경부선,세류,3027,2823,5850
202106,경부선,독산,17483,18427,35910
202106,경부선,수원,32533,34223,66756
202106,경부선,화서,7469,7245,14714
202106,경부선,성균관대,15150,14865,30015
202106,경부선,의왕,9010,9014,18024
202106,경부선,군포,7801,7725,15526
202106,경부선,금정,26256,26906,53162
202106,경부선,명학,9333,9391,18724
202106,경부선,안양,23849,23860,47709
202106,경부선,관악,7597,7001,14598
202106,경부선,석수,10105,9017,19122
202106,경부선,금천구청,11985,12021,24006
202106,경부선,가산디지털단지,18531,21656,40187
202106,경부선,구로,19036,19419,38455
202106,경부선,신길,9114,7955,17069
202106,경부선,신도림,4108,4233,8341
202106,경부선,영등포,35256,35873,71129
202106,경부선,대방,13068,13553,26621
202106,경부선,노량진,8235,8329,16564
202106,경부선,용산,30744,30925,61669
202106,경부선,남영,9595,9930,19525
202106,경부선,서울역,5053,1681,6734
202106,경부선,광명,3542,3338,6880
202106,경부선,서동탄,1551,1421,2972
202106,경부선,당정,6468,6068,12536
202106,경부선,천안,5565,5732,11297
202106,경부선,두정,5926,5984,11910
202106,경부선,직산,870,791,1661
202106,경부선,성환,4137,3763,7900
202106,경부선,평택,12974,12333,25307
202106,경부선,평택지제,3298,3095,6393
202106,경부선,서정리,7221,6119,13340
202106,경부선,송탄,4536,4174,8710
202106,경부선,진위,1801,1390,3191
202106,경부선,오산,10059,9687,19746
202106,경부선,오산대,3555,3287,6842
202106,경부선,세마,2797,2517,5314
202106,경부선,병점,14849,14739,29588
202106,경부선,세류,3091,2917,6008
202106,경부선,독산,17002,17792,34794
202106,경부선,수원,35682,38456,74138
202106,경부선,화서,7385,7207,14592
202106,경부선,성균관대,15303,15006,30309
202106,경부선,의왕,9421,9246,18667
202106,경부선,군포,7835,7812,15647
202106,경부선,금정,26677,26839,53516
202106,경부선,명학,9075,8823,17898
202106,경부선,안양,23964,23992,47956
202106,경부선,관악,7211,6691,13902
202106,경부선,석수,9796,8584,18380
202106,경부선,금천구청,11950,11985,23935
202106,경부선,가산디지털단지,18403,21245,39648
202106,경부선,구로,19002,19579,38581
202106,경부선,신길,9281,7786,17067
202106,경부선,신도림,4262,4386,8648
202106,경부선,영등포,37983,39695,77678
202106,경부선,대방,12831,12956,25787
202106,경부선,노량진,8648,8631,17279
202106,경부선,용산,34243,35913,70156
202106,경부선,남영,9430,9622,19052
202106,경부선,서울역,6498,2223,8721
202106,경부선,광명,3334,2824,6158
202106,경부선,서동탄,1553,1333,2886
202106,경부선,당정,6349,6006,12355
202106,경부선,천안,5244,5226,10470
202106,경부선,두정,5194,5546,10740
202106,경부선,직산,754,752,1506
202106,경부선,성환,4367,4576,8943
202106,경부선,평택,11835,11731,23566
202106,경부선,평택지제,3020,2815,5835
202106,경부선,서정리,6974,6728,13702
202106,경부선,송탄,4060,3864,7924
202106,경부선,진위,1574,1423,2997
202106,경부선,오산,9782,9914,19696
202106,경부선,오산대,3669,3427,7096
202106,경부선,세마,2721,2540,5261
202106,경부선,병점,14210,14337,28547
202106,경부선,세류,3106,2831,5937
202106,경부선,독산,17310,18248,35558
202106,경부선,수원,33481,34701,68182
202106,경부선,화서,7627,7270,14897
202106,경부선,성균관대,14419,14526,28945
202106,경부선,의왕,9192,9205,18397
202106,경부선,군포,7741,7797,15538
202106,경부선,금정,26129,26721,52850
202106,경부선,명학,9066,9223,18289
202106,경부선,안양,24898,24979,49877
202106,경부선,관악,7307,6665,13972
202106,경부선,석수,9985,8915,18900
202106,경부선,금천구청,11926,11886,23812
202106,경부선,가산디지털단지,18782,21662,40444
202106,경부선,구로,19176,19302,38478
202106,경부선,신길,9320,7962,17282
202106,경부선,신도림,4125,4101,8226
202106,경부선,영등포,34090,35041,69131
202106,경부선,대방,12848,13074,25922
202106,경부선,노량진,7816,8185,16001
202106,경부선,용산,30359,30719,61078
202106,경부선,남영,9079,9645,18724
202106,경부선,서울역,5508,1697,7205
202106,경부선,광명,3096,2637,5733
202106,경부선,서동탄,1466,1270,2736
202106,경부선,당정,6298,5987,12285
202106,경부선,천안,4785,4916,9701
202106,경부선,두정,5299,5402,10701
202106,경부선,직산,673,763,1436
202106,경부선,성환,3563,3598,7161
202106,경부선,평택,10960,10857,21817
202106,경부선,평택지제,2866,2727,5593
202106,경부선,서정리,6131,5857,11988
202106,경부선,송탄,4020,3757,7777
202106,경부선,진위,1579,1300,2879
202106,경부선,오산,9466,9357,18823
202106,경부선,오산대,3737,3546,7283
202106,경부선,세마,2610,2373,4983
202106,경부선,병점,14197,14295,28492
202106,경부선,세류,3009,2821,5830
202106,경부선,독산,17458,18488,35946
202106,경부선,수원,33082,34727,67809
202106,경부선,화서,7456,7214,14670
202106,경부선,성균관대,13545,13465,27010
202106,경부선,의왕,9419,9350,18769
202106,경부선,군포,7752,7669,15421
202106,경부선,금정,26003,26447,52450
202106,경부선,명학,9173,9148,18321
202106,경부선,안양,24875,25023,49898
202106,경부선,관악,7215,6677,13892
202106,경부선,석수,9767,8750,18517
202106,경부선,금천구청,11792,11841,23633
202106,경부선,가산디지털단지,18673,21690,40363
202106,경부선,구로,18816,19145,37961
202106,경부선,신길,9457,7931,17388
202106,경부선,신도림,4261,4262,8523
202106,경부선,영등포,34742,35532,70274
202106,경부선,대방,13059,13261,26320
202106,경부선,노량진,7983,8055,16038
202106,경부선,용산,29566,29990,59556
202106,경부선,남영,9250,9644,18894
202106,경부선,서울역,4839,1561,6400
202106,경부선,평택,11348,11230,22578
202106,경부선,평택지제,2891,2818,5709
202106,경부선,서정리,6212,5858,12070
202106,경부선,송탄,4151,3857,8008
202106,경부선,진위,1586,1427,3013
202106,경부선,오산,9850,9783,19633
202106,경부선,오산대,3922,3615,7537
202106,경부선,세마,2694,2545,5239
202106,경부선,병점,14483,14512,28995
202106,경부선,세류,3043,2875,5918
202106,경부선,독산,17639,18635,36274
202106,경부선,수원,35527,36642,72169
202106,경부선,화서,7715,7451,15166
202106,경부선,성균관대,14277,14188,28465
202106,경부선,의왕,9573,9441,19014
202106,경부선,군포,7821,7719,15540
202106,경부선,금정,26732,26964,53696
202106,경부선,명학,9316,9404,18720
202106,경부선,안양,25986,26126,52112
202106,경부선,관악,7616,6983,14599
202106,경부선,석수,10293,9089,19382
202106,경부선,금천구청,12221,12223,24444
202106,경부선,가산디지털단지,18948,21731,40679
202106,경부선,구로,19665,20141,39806
202106,경부선,신길,9527,8054,17581
202106,경부선,신도림,4424,4456,8880
202106,경부선,영등포,35954,36985,72939
202106,경부선,대방,13071,13418,26489
202106,경부선,노량진,8219,8414,16633
202106,경부선,용산,31323,31728,63051
202106,경부선,남영,9318,9767,19085
202106,경부선,서울역,4864,1603,6467
202106,경부선,광명,3150,2744,5894
202106,경부선,서동탄,1562,1340,2902
202106,경부선,당정,6481,6208,12689
202106,경부선,천안,5044,5160,10204
202106,경부선,두정,5618,5606,11224
202106,경부선,직산,731,735,1466
202106,경부선,성환,3963,3985,7948
202106,경부선,서울역,5004,1677,6681
202106,경부선,남영,9337,9779,19116
202106,경부선,용산,32451,32726,65177
202106,경부선,노량진,8261,8460,16721
202106,경부선,대방,13116,13356,26472
202106,경부선,영등포,36468,37515,73983
202106,경부선,신도림,4377,4257,8634
202106,경부선,신길,9503,8149,17652
202106,경부선,구로,19128,19531,38659
202106,경부선,가산디지털단지,18807,21880,40687
202106,경부선,금천구청,12046,12122,24168
202106,경부선,석수,10114,8926,19040
202106,경부선,관악,7551,6923,14474
202106,경부선,안양,23451,23521,46972
202106,경부선,명학,9062,9072,18134
202106,경부선,금정,26720,26787,53507
202106,경부선,군포,7826,7636,15462
202106,경부선,의왕,9504,9341,18845
202106,경부선,성균관대,14012,14049,28061
202106,경부선,화서,7562,7185,14747
202106,경부선,수원,35729,37480,73209
202106,경부선,독산,17314,18439,35753
202106,경부선,세류,3043,2822,5865
202106,경부선,병점,14076,14169,28245
202106,경부선,세마,2658,2469,5127
202106,경부선,오산대,3705,3405,7110
202106,경부선,오산,9468,9346,18814
202106,경부선,진위,1620,1370,2990
202106,경부선,송탄,3956,3760,7716
202106,경부선,서정리,6066,5812,11878
202106,경부선,평택지제,2867,2687,5554
202106,경부선,평택,11258,11115,22373
202106,경부선,성환,3397,3350,6747
202106,경부선,직산,724,733,1457
202106,경부선,두정,5142,5047,10189
202106,경부선,천안,4807,4876,9683
202106,경부선,당정,6529,6176,12705
202106,경부선,서동탄,1569,1383,2952
202106,경부선,광명,3287,2844,6131
202106,경부선,서울역,6980,2439,9419
202106,경부선,남영,9157,9566,18723
202106,경부선,용산,36743,38615,75358
202106,경부선,노량진,8750,8596,17346
202106,경부선,대방,12918,13017,25935
202106,경부선,영등포,39482,41534,81016
202106,경부선,신도림,4077,4218,8295
202106,경부선,신길,9522,7842,17364
202106,경부선,구로,18985,19493,38478
202106,경부선,가산디지털단지,18474,21335,39809
202106,경부선,금천구청,11916,12132,24048
202106,경부선,석수,9919,8610,18529
202106,경부선,관악,7156,6597,13753
202106,경부선,안양,23193,23282,46475
202106,경부선,명학,8958,8834,17792
202106,경부선,금정,26441,26525,52966
202106,경부선,군포,7628,7499,15127
202106,경부선,의왕,8952,8997,17949
202106,경부선,성균관대,14091,13880,27971
202106,경부선,화서,7203,7023,14226
202106,경부선,수원,37225,40112,77337
202106,경부선,독산,17165,17932,35097
202106,경부선,세류,3112,2965,6077
202106,경부선,병점,15032,14763,29795
202106,경부선,세마,2812,2524,5336
202106,경부선,오산대,3534,3342,6876
202106,경부선,오산,10323,9932,20255
202106,경부선,진위,1753,1413,3166
202106,경부선,송탄,4545,4104,8649
202106,경부선,서정리,7048,5930,12978
202106,경부선,평택지제,3402,3176,6578
202106,경부선,평택,13127,12568,25695
202106,경부선,성환,3837,3575,7412
202106,경부선,직산,805,774,1579
202106,경부선,두정,6068,6091,12159
202106,경부선,천안,5772,5815,11587
202106,경부선,당정,6276,6055,12331
202106,경부선,서동탄,1528,1424,2952
202106,경부선,광명,3498,3333,6831
202106,경부선,서울역,6148,1857,8005
202106,경부선,남영,9315,9762,19077
202106,경부선,용산,32576,32818,65394
202106,경부선,노량진,8220,8164,16384
202106,경부선,대방,13328,13576,26904
202106,경부선,영등포,35213,36025,71238
202106,경부선,신도림,4405,4417,8822
202106,경부선,신길,9586,8070,17656
202106,경부선,구로,19351,19283,38634
202106,경부선,가산디지털단지,19044,22101,41145
202106,경부선,금천구청,12308,12089,24397
202106,경부선,석수,10270,8908,19178
202106,경부선,관악,7427,6788,14215
202106,경부선,안양,23483,23286,46769
202106,경부선,명학,9324,9164,18488
202106,경부선,금정,26305,26790,53095
202106,경부선,군포,7875,7861,15736
202106,경부선,의왕,9121,9228,18349
202106,경부선,성균관대,13979,14151,28130
202106,경부선,화서,7633,7388,15021
202106,경부선,수원,34171,35178,69349
202106,경부선,독산,17483,18655,36138
202106,경부선,세류,3093,2905,5998
202106,경부선,병점,13931,13970,27901
202106,경부선,세마,2638,2476,5114
202106,경부선,오산대,3192,3029,6221
202106,경부선,오산,9305,9372,18677
202106,경부선,진위,1587,1417,3004
202106,경부선,송탄,4174,3986,8160
202106,경부선,서정리,5894,5756,11650
202106,경부선,평택지제,3027,2792,5819
202106,경부선,평택,11043,11359,22402
202106,경부선,성환,3340,3463,6803
202106,경부선,직산,727,746,1473
202106,경부선,두정,4795,5113,9908
202106,경부선,천안,4918,5105,10023
202106,경부선,당정,6281,5961,12242
202106,경부선,서동탄,1580,1334,2914
202106,경부선,광명,3424,2811,6235
202106,경부선,서울역,5054,1633,6687
202106,경부선,남영,9454,9857,19311
202106,경부선,용산,31771,32588,64359
202106,경부선,노량진,8140,8321,16461
202106,경부선,대방,13516,13820,27336
202106,경부선,영등포,36228,37148,73376
202106,경부선,신도림,4353,4380,8733
202106,경부선,신길,9596,8107,17703
202106,경부선,구로,18965,19522,38487
202106,경부선,가산디지털단지,19141,22301,41442
202106,경부선,금천구청,12194,12209,24403
202106,경부선,석수,10154,9001,19155
202106,경부선,관악,7463,6964,14427
202106,경부선,안양,21852,21860,43712
202106,경부선,명학,9318,9345,18663
202106,경부선,금정,26617,27252,53869
202106,경부선,군포,7923,7852,15775
202106,경부선,의왕,9242,9185,18427
202106,경부선,성균관대,14178,14006,28184
202106,경부선,화서,7789,7457,15246
202106,경부선,수원,32487,34301,66788
202106,경부선,독산,17731,18726,36457
202106,경부선,세류,3026,2780,5806
202106,경부선,병점,13714,13725,27439
202106,경부선,세마,2679,2497,5176
202106,경부선,오산대,3269,3098,6367
202106,경부선,오산,9017,8888,17905
202106,경부선,진위,1601,1452,3053
202106,경부선,송탄,4098,3843,7941
202106,경부선,서정리,5967,5826,11793
202106,경부선,평택지제,2844,2743,5587
202106,경부선,평택,10939,10794,21733
202106,경부선,성환,3177,3241,6418
202106,경부선,직산,694,693,1387
202106,경부선,두정,4750,4700,9450
202106,경부선,천안,4540,4727,9267
202106,경부선,당정,6371,6090,12461
202106,경부선,서동탄,1539,1308,2847
202106,경부선,광명,3186,2791,5977
202106,경부선,서울역,5445,1739,7184
202106,경부선,남영,9539,9884,19423
202106,경부선,용산,32445,33492,65937
202106,경부선,노량진,8138,8459,16597
202106,경부선,대방,13440,13580,27020
202106,경부선,영등포,36708,37582,74290
202106,경부선,신도림,4399,4515,8914
202106,경부선,신길,9684,8240,17924
202106,경부선,구로,19353,19711,39064
202106,경부선,가산디지털단지,18949,21967,40916
202106,경부선,금천구청,12049,12179,24228
202106,경부선,석수,9988,8822,18810
202106,경부선,관악,7318,6845,14163
202106,경부선,안양,21669,21740,43409
202106,경부선,명학,9281,9204,18485
202106,경부선,금정,26668,26841,53509
202106,경부선,군포,7844,7742,15586
202106,경부선,의왕,9307,9235,18542
202106,경부선,성균관대,13969,13869,27838
202106,경부선,화서,7682,7397,15079
202106,경부선,수원,32213,33821,66034
202106,경부선,독산,17656,18559,36215
202106,경부선,세류,3024,2804,5828
202106,경부선,병점,13809,13831,27640
202106,경부선,세마,2725,2570,5295
202106,경부선,오산대,3265,3006,6271
202106,경부선,오산,9399,9242,18641
202106,경부선,진위,1493,1375,2868
202106,경부선,송탄,4004,3785,7789
202106,경부선,서정리,5781,5421,11202
202106,경부선,평택지제,2809,2680,5489
202106,경부선,평택,10537,10615,21152
202106,경부선,성환,3083,3032,6115
202106,경부선,직산,721,699,1420
202106,경부선,두정,4641,4661,9302
202106,경부선,천안,4500,4729,9229
202106,경부선,당정,6263,6049,12312
202106,경부선,서동탄,1599,1396,2995
202106,경부선,광명,3212,2746,5958
202106,경부선,서울역,5732,1783,7515
202106,경부선,남영,9321,9664,18985
202106,경부선,용산,33129,34246,67375
202106,경부선,노량진,8670,8571,17241
202106,경부선,대방,13507,13719,27226
202106,경부선,영등포,37028,37956,74984
202106,경부선,신도림,4382,4484,8866
202106,경부선,신길,9624,8063,17687
202106,경부선,구로,19258,19582,38840
202106,경부선,가산디지털단지,19423,22295,41718
202106,경부선,금천구청,12171,12164,24335
202106,경부선,석수,10241,8953,19194
202106,경부선,관악,7585,7012,14597
202106,경부선,안양,21889,21859,43748
202106,경부선,명학,9324,9346,18670
202106,경부선,금정,26829,27150,53979
202106,경부선,군포,7895,7754,15649
202106,경부선,의왕,9374,9238,18612
202106,경부선,성균관대,13942,14004,27946
202106,경부선,화서,7740,7559,15299
202106,경부선,수원,33117,35005,68122
202106,경부선,독산,17727,18892,36619
202106,경부선,세류,3010,2805,5815
202106,경부선,병점,14003,14029,28032
202106,경부선,세마,2757,2577,5334
202106,경부선,오산대,3353,3099,6452
202106,경부선,오산,9253,9238,18491
202106,경부선,진위,1566,1402,2968
202106,경부선,송탄,4065,3884,7949
202106,경부선,서정리,6050,5634,11684
202106,경부선,평택지제,2904,2794,5698
202106,경부선,평택,10909,10968,21877
202106,경부선,성환,3180,3223,6403
202106,경부선,직산,761,769,1530
202106,경부선,두정,4860,4937,9797
202106,경부선,천안,4593,4741,9334
202106,경부선,당정,6449,6056,12505
202106,경부선,서동탄,1610,1362,2972
202106,경부선,광명,3310,2884,6194
202106,경부선,광명,3753,3569,7322
202106,경부선,서동탄,1630,1524,3154
202106,경부선,당정,6469,6082,12551
202106,경부선,천안,5626,5848,11474
202106,경부선,두정,5668,5874,11542
202106,경부선,직산,840,776,1616
202106,경부선,성환,3565,3208,6773
202106,경부선,평택,13220,12533,25753
202106,경부선,평택지제,3456,3353,6809
202106,경부선,서정리,7054,5972,13026
202106,경부선,송탄,4642,4187,8829
202106,경부선,진위,1806,1543,3349
202106,경부선,오산,10340,9801,20141
202106,경부선,오산대,3493,3305,6798
202106,경부선,세마,2864,2659,5523
202106,경부선,병점,15318,14890,30208
202106,경부선,세류,3382,3233,6615
202106,경부선,독산,17906,18513,36419
202106,경부선,수원,36883,40433,77316
202106,경부선,화서,7971,7629,15600
202106,경부선,성균관대,14858,14704,29562
202106,경부선,의왕,9444,9251,18695
202106,경부선,군포,7906,7830,15736
202106,경부선,금정,27950,27997,55947
202106,경부선,명학,9142,9002,18144
202106,경부선,안양,22603,22897,45500
202106,경부선,관악,7783,7161,14944
202106,경부선,석수,10407,9159,19566
202106,경부선,금천구청,12360,12515,24875
202106,경부선,가산디지털단지,18894,21955,40849
202106,경부선,구로,19792,20331,40123
202106,경부선,신길,9823,8119,17942
202106,경부선,신도림,4411,4467,8878
202106,경부선,영등포,41410,43830,85240
202106,경부선,대방,13634,13602,27236
202106,경부선,노량진,9154,9140,18294
202106,경부선,용산,38279,40490,78769
202106,경부선,남영,9933,10135,20068
202106,경부선,서울역,7824,2506,10330
202106,경부선,광명,3465,2783,6248
202106,경부선,서동탄,1558,1314,2872
202106,경부선,당정,6058,5657,11715
202106,경부선,천안,4647,4845,9492
202106,경부선,두정,4646,4788,9434
202106,경부선,직산,732,725,1457
202106,경부선,성환,2939,3156,6095
202106,경부선,평택,10917,10833,21750
202106,경부선,평택지제,2979,2801,5780
202106,경부선,서정리,5880,5780,11660
202106,경부선,송탄,4084,3771,7855
202106,경부선,진위,1567,1342,2909
202106,경부선,오산,9272,9625,18897
202106,경부선,오산대,3179,2906,6085
202106,경부선,세마,2693,2529,5222
202106,경부선,병점,13528,13474,27002
202106,경부선,세류,2984,2769,5753
202106,경부선,독산,17297,18309,35606
202106,경부선,수원,31945,33209,65154
202106,경부선,화서,7340,7020,14360
202106,경부선,성균관대,13496,13575,27071
202106,경부선,의왕,8819,8841,17660
202106,경부선,군포,7362,7498,14860
202106,경부선,금정,25514,26159,51673
202106,경부선,명학,9042,9107,18149
202106,경부선,안양,20986,20765,41751
202106,경부선,관악,6989,6447,13436
202106,경부선,석수,9657,8491,18148
202106,경부선,금천구청,11712,11551,23263
202106,경부선,가산디지털단지,19070,22058,41128
202106,경부선,구로,18497,18556,37053
202106,경부선,신길,9416,8042,17458
202106,경부선,신도림,4153,4105,8258
202106,경부선,영등포,35381,36304,71685
202106,경부선,대방,12890,13391,26281
202106,경부선,노량진,7862,8083,15945
202106,경부선,용산,32068,32642,64710
202106,경부선,남영,9373,9753,19126
202106,경부선,서울역,6256,1819,8075
202106,경부선,광명,3237,2866,6103
202106,경부선,서동탄,1600,1390,2990
202106,경부선,당정,6292,5915,12207
202106,경부선,천안,4610,4732,9342
202106,경부선,두정,4637,4710,9347
202106,경부선,직산,756,754,1510
202106,경부선,성환,3054,3125,6179
202106,경부선,평택,10680,10624,21304
202106,경부선,평택지제,2804,2689,5493
202106,경부선,서정리,5938,5615,11553
202106,경부선,송탄,3946,3732,7678
202106,경부선,진위,1583,1444,3027
202106,경부선,오산,9049,8915,17964
202106,경부선,오산대,3208,3005,6213
202106,경부선,세마,2678,2469,5147
202106,경부선,병점,13637,13550,27187
202106,경부선,세류,3101,2800,5901
202106,경부선,독산,17607,18619,36226
202106,경부선,수원,31856,33724,65580
202106,경부선,화서,7762,7541,15303
202106,경부선,성균관대,14095,13943,28038
202106,경부선,의왕,9233,9244,18477
202106,경부선,군포,7833,7825,15658
202106,경부선,금정,26535,26914,53449
202106,경부선,명학,9355,9237,18592
202106,경부선,안양,21638,21395,43033
202106,경부선,관악,7504,6962,14466
202106,경부선,석수,10139,9088,19227
202106,경부선,금천구청,12097,12144,24241
202106,경부선,가산디지털단지,19190,22105,41295
202106,경부선,구로,19186,19421,38607
202106,경부선,신길,9679,8140,17819
202106,경부선,신도림,4257,4296,8553
202106,경부선,영등포,36397,37106,73503
202106,경부선,대방,13172,13584,26756
202106,경부선,노량진,8028,8110,16138
202106,경부선,용산,31833,32585,64418
202106,경부선,남영,9345,9763,19108
202106,경부선,서울역,5202,1660,6862
202106,경부선,남영,9588,9865,19453
202106,경부선,서울역,5350,1708,7058
202106,경부선,용산,32181,32359,64540
202106,경부선,노량진,8189,8196,16385
202106,경부선,대방,13077,13540,26617
202106,경부선,영등포,36592,37603,74195
202106,경부선,신도림,4382,4406,8788
202106,경부선,신길,9453,7967,17420
202106,경부선,구로,19495,19866,39361
202106,경부선,가산디지털단지,19117,22263,41380
202106,경부선,금천구청,12031,12129,24160
202106,경부선,석수,10094,8855,18949
202106,경부선,관악,7361,6901,14262
202106,경부선,안양,21826,21615,43441
202106,경부선,명학,9241,9113,18354
202106,경부선,금정,26762,26967,53729
202106,경부선,군포,7831,7669,15500
202106,경부선,의왕,9272,9253,18525
202106,경부선,성균관대,14043,13999,28042
202106,경부선,화서,7584,7396,14980
202106,경부선,수원,31979,33825,65804
202106,경부선,독산,17716,18583,36299
202106,경부선,세류,3009,2812,5821
202106,경부선,병점,13763,13765,27528
202106,경부선,세마,2766,2570,5336
202106,경부선,오산대,3195,3074,6269
202106,경부선,오산,9118,8925,18043
202106,경부선,진위,1556,1408,2964
202106,경부선,송탄,3880,3744,7624
202106,경부선,서정리,5841,5571,11412
202106,경부선,평택지제,2885,2682,5567
202106,경부선,평택,10768,10630,21398
202106,경부선,성환,3127,3200,6327
202106,경부선,직산,700,727,1427
202106,경부선,두정,4649,4649,9298
202106,경부선,천안,4485,4661,9146
202106,경부선,당정,6302,6065,12367
202106,경부선,서동탄,1530,1346,2876
202106,경부선,광명,3135,2667,5802
202107,경부선,광명,3129,2784,5913
202107,경부선,서동탄,1562,1310,2872
202107,경부선,당정,6335,6109,12444
202107,경부선,천안,4600,4691,9291
202107,경부선,두정,4831,4956,9787
202107,경부선,직산,755,773,1528
202107,경부선,성환,3038,3052,6090
202107,경부선,평택,11096,10618,21714
202107,경부선,평택지제,2864,2857,5721
202107,경부선,서정리,5896,5478,11374
202107,경부선,송탄,4007,3745,7752
202107,경부선,진위,1613,1471,3084
202107,경부선,오산,9051,8963,18014
202107,경부선,오산대,3256,3048,6304
202107,경부선,세마,2701,2521,5222
202107,경부선,병점,13729,13719,27448
202107,경부선,세류,3082,2850,5932
202107,경부선,독산,17453,18454,35907
202107,경부선,수원,32340,34318,66658
202107,경부선,화서,7680,7460,15140
202107,경부선,성균관대,13920,13736,27656
202107,경부선,의왕,9097,8969,18066
202107,경부선,군포,7757,7682,15439
202107,경부선,금정,26476,26821,53297
202107,경부선,명학,9217,9287,18504
202107,경부선,안양,21924,21527,43451
202107,경부선,관악,7408,6855,14263
202107,경부선,석수,10198,9120,19318
202107,경부선,금천구청,11970,11905,23875
202107,경부선,가산디지털단지,18893,21802,40695
202107,경부선,구로,19091,19500,38591
202107,경부선,신길,9532,8013,17545
202107,경부선,신도림,4365,4405,8770
202107,경부선,영등포,36911,38004,74915
202107,경부선,대방,13229,13490,26719
202107,경부선,노량진,8607,8625,17232
202107,경부선,용산,31835,32909,64744
202107,경부선,남영,9771,10256,20027
202107,경부선,서울역,5219,1690,6909
202107,경부선,광명,3617,3456,7073
202107,경부선,서동탄,1608,1462,3070
202107,경부선,당정,6472,6037,12509
202107,경부선,천안,5565,5905,11470
202107,경부선,두정,6264,6375,12639
202107,경부선,직산,874,832,1706
202107,경부선,성환,3502,3204,6706
202107,경부선,평택,13064,12765,25829
202107,경부선,평택지제,3464,3338,6802
202107,경부선,서정리,7187,6066,13253
202107,경부선,송탄,4934,4359,9293
202107,경부선,진위,1970,1527,3497
202107,경부선,오산,10342,10012,20354
202107,경부선,오산대,3601,3329,6930
202107,경부선,세마,2938,2729,5667
202107,경부선,병점,15218,15109,30327
202107,경부선,세류,3365,3088,6453
202107,경부선,독산,17668,18647,36315
202107,경부선,수원,36687,40012,76699
202107,경부선,화서,7838,7517,15355
202107,경부선,성균관대,14508,14302,28810
202107,경부선,의왕,9380,9097,18477
202107,경부선,군포,7838,7728,15566
202107,경부선,금정,27119,27049,54168
202107,경부선,명학,9002,8997,17999
202107,경부선,안양,22212,22272,44484
202107,경부선,관악,7433,7030,14463
202107,경부선,석수,10150,8958,19108
202107,경부선,금천구청,12372,12354,24726
202107,경부선,가산디지털단지,19062,21947,41009
202107,경부선,구로,19619,20077,39696
202107,경부선,신길,9839,8121,17960
202107,경부선,신도림,4406,4378,8784
202107,경부선,영등포,40662,42140,82802
202107,경부선,대방,13556,13606,27162
202107,경부선,노량진,8914,9011,17925
202107,경부선,용산,36645,38368,75013
202107,경부선,남영,9823,10119,19942
202107,경부선,서울역,6997,2420,9417
202107,경부선,광명,3295,2751,6046
202107,경부선,서동탄,1571,1338,2909
202107,경부선,당정,6302,6000,12302
202107,경부선,천안,4610,4849,9459
202107,경부선,두정,4516,4707,9223
202107,경부선,직산,793,746,1539
202107,경부선,성환,3051,3159,6210
202107,경부선,평택,10884,11253,22137
202107,경부선,평택지제,3066,2851,5917
202107,경부선,서정리,5884,5741,11625
202107,경부선,송탄,4166,4135,8301
202107,경부선,진위,1598,1480,3078
202107,경부선,오산,9119,9240,18359
202107,경부선,오산대,3124,2934,6058
202107,경부선,세마,2703,2544,5247
202107,경부선,병점,13744,13688,27432
202107,경부선,세류,3061,2859,5920
202107,경부선,독산,17726,18605,36331
202107,경부선,수원,32132,33775,65907
202107,경부선,화서,7585,7255,14840
202107,경부선,성균관대,13798,13948,27746
202107,경부선,의왕,9137,9162,18299
202107,경부선,군포,7860,7937,15797
202107,경부선,금정,26277,26944,53221
202107,경부선,명학,9261,9283,18544
202107,경부선,안양,21263,21197,42460
202107,경부선,관악,7401,7039,14440
202107,경부선,석수,9978,8864,18842
202107,경부선,금천구청,12140,11966,24106
202107,경부선,가산디지털단지,19375,22282,41657
202107,경부선,구로,19515,19486,39001
202107,경부선,신길,9605,8153,17758
202107,경부선,신도림,4430,4289,8719
202107,경부선,영등포,35916,36855,72771
202107,경부선,대방,13418,13659,27077
202107,경부선,노량진,8213,8348,16561
202107,경부선,용산,31681,31997,63678
202107,경부선,남영,9476,9930,19406
202107,경부선,서울역,5554,1693,7247
202107,경부선,광명,3158,2687,5845
202107,경부선,서동탄,1545,1365,2910
202107,경부선,당정,6301,6062,12363
202107,경부선,천안,4475,4665,9140
202107,경부선,두정,4356,4523,8879
202107,경부선,직산,726,721,1447
202107,경부선,성환,2982,3011,5993
202107,경부선,평택,10593,10361,20954
202107,경부선,평택지제,2782,2743,5525
202107,경부선,서정리,5719,5451,11170
202107,경부선,송탄,3923,3762,7685
202107,경부선,진위,1633,1432,3065
202107,경부선,오산,8937,9048,17985
202107,경부선,오산대,3332,3123,6455
202107,경부선,세마,2882,2648,5530
202107,경부선,병점,13923,13805,27728
202107,경부선,세류,3060,2778,5838
202107,경부선,독산,17721,18767,36488
202107,경부선,수원,31398,33370,64768
202107,경부선,화서,7657,7485,15142
202107,경부선,성균관대,13984,13849,27833
202107,경부선,의왕,9312,9304,18616
202107,경부선,군포,7802,7842,15644
202107,경부선,금정,26603,26849,53452
202107,경부선,명학,9219,9239,18458
202107,경부선,안양,21097,20983,42080
202107,경부선,관악,7428,6918,14346
202107,경부선,석수,10233,8998,19231
202107,경부선,금천구청,12074,12067,24141
202107,경부선,가산디지털단지,19260,22209,41469
202107,경부선,구로,19527,20001,39528
202107,경부선,신길,9597,8080,17677
202107,경부선,신도림,4350,4362,8712
202107,경부선,영등포,36583,37454,74037
202107,경부선,대방,13457,13847,27304
202107,경부선,노량진,8348,8526,16874
202107,경부선,용산,30996,31300,62296
202107,경부선,남영,9857,10195,20052
202107,경부선,서울역,4860,1591,6451
202107,경부선,서울역,4815,1591,6406
202107,경부선,남영,9314,9762,19076
202107,경부선,용산,30249,31056,61305
202107,경부선,노량진,7788,7912,15700
202107,경부선,대방,13187,13462,26649
202107,경부선,영등포,34656,35284,69940
202107,경부선,신도림,4278,4230,8508
202107,경부선,신길,9178,7764,16942
202107,경부선,구로,19239,19641,38880
202107,경부선,가산디지털단지,18697,21655,40352
202107,경부선,금천구청,11860,11838,23698
202107,경부선,석수,9687,8613,18300
202107,경부선,관악,7110,6716,13826
202107,경부선,안양,20653,20673,41326
202107,경부선,명학,9196,9112,18308
202107,경부선,금정,25979,26284,52263
202107,경부선,군포,7722,7667,15389
202107,경부선,의왕,8957,8982,17939
202107,경부선,성균관대,13630,13410,27040
202107,경부선,화서,7475,7243,14718
202107,경부선,수원,30628,31810,62438
202107,경부선,독산,17411,18610,36021
202107,경부선,세류,2911,2750,5661
202107,경부선,병점,13111,13078,26189
202107,경부선,세마,2719,2485,5204
202107,경부선,오산대,3003,2856,5859
202107,경부선,오산,8664,8592,17256
202107,경부선,진위,1533,1339,2872
202107,경부선,송탄,3813,3768,7581
202107,경부선,서정리,5690,5484,11174
202107,경부선,평택지제,2827,2684,5511
202107,경부선,평택,10332,10226,20558
202107,경부선,성환,2864,2970,5834
202107,경부선,직산,673,652,1325
202107,경부선,두정,4402,4481,8883
202107,경부선,천안,4314,4393,8707
202107,경부선,당정,6190,5838,12028
202107,경부선,서동탄,1524,1309,2833
202107,경부선,광명,2999,2528,5527
202107,경부선,서울역,4605,1590,6195
202107,경부선,남영,9155,9523,18678
202107,경부선,용산,30339,31309,61648
202107,경부선,노량진,7807,7761,15568
202107,경부선,대방,12770,13123,25893
202107,경부선,영등포,33502,34476,67978
202107,경부선,신도림,4113,4149,8262
202107,경부선,신길,9088,7649,16737
202107,경부선,구로,18577,18947,37524
202107,경부선,가산디지털단지,18322,21371,39693
202107,경부선,금천구청,11358,11573,22931
202107,경부선,석수,9650,8496,18146
202107,경부선,관악,6973,6549,13522
202107,경부선,안양,20120,20169,40289
202107,경부선,명학,8936,8949,17885
202107,경부선,금정,25424,25753,51177
202107,경부선,군포,7621,7445,15066
202107,경부선,의왕,9032,8823,17855
202107,경부선,성균관대,13288,13255,26543
202107,경부선,화서,7150,6911,14061
202107,경부선,수원,29768,31790,61558
202107,경부선,독산,17006,18060,35066
202107,경부선,세류,2901,2701,5602
202107,경부선,병점,12864,12816,25680
202107,경부선,세마,2639,2547,5186
202107,경부선,오산대,3010,2830,5840
202107,경부선,오산,8804,8911,17715
202107,경부선,진위,1532,1391,2923
202107,경부선,송탄,3723,3622,7345
202107,경부선,서정리,5528,5186,10714
202107,경부선,평택지제,2723,2601,5324
202107,경부선,평택,10036,9907,19943
202107,경부선,성환,2901,2933,5834
202107,경부선,직산,658,652,1310
202107,경부선,두정,4445,4612,9057
202107,경부선,천안,4173,4230,8403
202107,경부선,당정,6044,5798,11842
202107,경부선,서동탄,1446,1228,2674
202107,경부선,광명,2907,2540,5447
202107,경부선,서울역,5797,2177,7974
202107,경부선,남영,9020,9348,18368
202107,경부선,용산,33017,35338,68355
202107,경부선,노량진,8246,8057,16303
202107,경부선,대방,12564,12607,25171
202107,경부선,영등포,35622,37460,73082
202107,경부선,신도림,4161,4110,8271
202107,경부선,신길,9170,7556,16726
202107,경부선,구로,18859,19348,38207
202107,경부선,가산디지털단지,17666,20698,38364
202107,경부선,금천구청,11535,11688,23223
202107,경부선,석수,9747,8536,18283
202107,경부선,관악,7157,6656,13813
202107,경부선,안양,20327,20608,40935
202107,경부선,명학,8884,8752,17636
202107,경부선,금정,25834,25830,51664
202107,경부선,군포,7509,7484,14993
202107,경부선,의왕,8941,8845,17786
202107,경부선,성균관대,13552,13436,26988
202107,경부선,화서,7291,7184,14475
202107,경부선,수원,32680,35538,68218
202107,경부선,독산,16665,17444,34109
202107,경부선,세류,2985,2875,5860
202107,경부선,병점,13822,13534,27356
202107,경부선,세마,2766,2516,5282
202107,경부선,오산대,3184,2994,6178
202107,경부선,오산,9531,9138,18669
202107,경부선,진위,1814,1447,3261
202107,경부선,송탄,4156,3897,8053
202107,경부선,서정리,6510,5480,11990
202107,경부선,평택지제,3222,2997,6219
202107,경부선,평택,11926,11449,23375
202107,경부선,성환,3393,3215,6608
202107,경부선,직산,816,770,1586
202107,경부선,두정,6017,6128,12145
202107,경부선,천안,5274,5510,10784
202107,경부선,당정,6007,5675,11682
202107,경부선,서동탄,1470,1328,2798
202107,경부선,광명,3184,3077,6261
202107,경부선,서울역,4457,1464,5921
202107,경부선,남영,8163,8587,16750
202107,경부선,용산,26803,27338,54141
202107,경부선,노량진,7057,7173,14230
202107,경부선,대방,11288,11646,22934
202107,경부선,영등포,29320,29653,58973
202107,경부선,신도림,3794,3742,7536
202107,경부선,신길,8360,6977,15337
202107,경부선,구로,17627,17718,35345
202107,경부선,가산디지털단지,16436,19545,35981
202107,경부선,금천구청,10567,10545,21112
202107,경부선,석수,8734,7874,16608
202107,경부선,관악,6263,5910,12173
202107,경부선,안양,18340,18153,36493
202107,경부선,명학,8148,8266,16414
202107,경부선,금정,23245,23781,47026
202107,경부선,군포,7260,7287,14547
202107,경부선,의왕,8053,8220,16273
202107,경부선,성균관대,11889,11999,23888
202107,경부선,화서,6551,6297,12848
202107,경부선,수원,27038,28399,55437
202107,경부선,독산,15965,17027,32992
202107,경부선,세류,2674,2511,5185
202107,경부선,병점,11949,11867,23816
202107,경부선,세마,2313,2199,4512
202107,경부선,오산대,2734,2567,5301
202107,경부선,오산,8130,8126,16256
202107,경부선,진위,1412,1328,2740
202107,경부선,송탄,3683,3383,7066
202107,경부선,서정리,5240,5142,10382
202107,경부선,평택지제,2639,2632,5271
202107,경부선,평택,9552,9434,18986
202107,경부선,성환,2809,2960,5769
202107,경부선,직산,666,644,1310
202107,경부선,두정,4231,4393,8624
202107,경부선,천안,4220,4498,8718
202107,경부선,당정,5434,5189,10623
202107,경부선,서동탄,1325,1089,2414
202107,경부선,광명,2909,2524,5433
202107,경부선,광명,2579,2313,4892
202107,경부선,서동탄,1335,1133,2468
202107,경부선,당정,5343,5128,10471
202107,경부선,천안,4182,4263,8445
202107,경부선,두정,4036,4187,8223
202107,경부선,직산,679,691,1370
202107,경부선,성환,2707,2711,5418
202107,경부선,평택,9319,9186,18505
202107,경부선,평택지제,2501,2428,4929
202107,경부선,서정리,5030,4835,9865
202107,경부선,송탄,3483,3270,6753
202107,경부선,진위,1465,1308,2773
202107,경부선,오산,8099,8152,16251
202107,경부선,오산대,2707,2546,5253
202107,경부선,세마,2308,2145,4453
202107,경부선,병점,11692,11662,23354
202107,경부선,세류,2644,2446,5090
202107,경부선,독산,15943,16727,32670
202107,경부선,수원,26461,27814,54275
202107,경부선,화서,6473,6234,12707
202107,경부선,성균관대,11701,11762,23463
202107,경부선,의왕,7931,7955,15886
202107,경부선,군포,7247,7188,14435
202107,경부선,금정,23146,23597,46743
202107,경부선,명학,8424,8361,16785
202107,경부선,안양,18022,18065,36087
202107,경부선,관악,6307,6001,12308
202107,경부선,석수,8730,7864,16594
202107,경부선,금천구청,10496,10446,20942
202107,경부선,가산디지털단지,16241,19107,35348
202107,경부선,구로,17361,17530,34891
202107,경부선,신길,8124,6800,14924
202107,경부선,신도림,3704,3753,7457
202107,경부선,영등포,29568,30072,59640
202107,경부선,대방,11334,11649,22983
202107,경부선,노량진,7088,7062,14150
202107,경부선,용산,25788,26062,51850
202107,경부선,남영,8054,8582,16636
202107,경부선,서울역,3637,1319,4956
202107,경부선,광명,2548,2288,4836
202107,경부선,서동탄,1311,1098,2409
202107,경부선,당정,5208,5083,10291
202107,경부선,천안,4131,4391,8522
202107,경부선,두정,4294,4358,8652
202107,경부선,직산,651,638,1289
202107,경부선,성환,2658,2800,5458
202107,경부선,평택,9179,9016,18195
202107,경부선,평택지제,2531,2480,5011
202107,경부선,서정리,4938,4725,9663
202107,경부선,송탄,3485,3302,6787
202107,경부선,진위,1479,1264,2743
202107,경부선,오산,7756,7772,15528
202107,경부선,오산대,2682,2455,5137
202107,경부선,세마,2262,2152,4414
202107,경부선,병점,11699,11525,23224
202107,경부선,세류,2619,2463,5082
202107,경부선,독산,15651,16497,32148
202107,경부선,수원,26360,27994,54354
202107,경부선,화서,6535,6277,12812
202107,경부선,성균관대,11687,11700,23387
202107,경부선,의왕,7986,7955,15941
202107,경부선,군포,7180,7086,14266
202107,경부선,금정,22936,23217,46153
202107,경부선,명학,8194,8213,16407
202107,경부선,안양,17904,17959,35863
202107,경부선,관악,6229,5762,11991
202107,경부선,석수,8649,7705,16354
202107,경부선,금천구청,10397,10422,20819
202107,경부선,가산디지털단지,15824,18699,34523
202107,경부선,구로,17100,17275,34375
202107,경부선,신길,7886,6705,14591
202107,경부선,신도림,3699,3774,7473
202107,경부선,영등포,29538,30289,59827
202107,경부선,대방,11177,11502,22679
202107,경부선,노량진,6992,6960,13952
202107,경부선,용산,26162,26638,52800
202107,경부선,남영,7715,8032,15747
202107,경부선,서울역,3745,1387,5132
202107,경부선,광명,2577,2349,4926
202107,경부선,서동탄,1275,1086,2361
202107,경부선,당정,5129,4841,9970
202107,경부선,천안,4029,4103,8132
202107,경부선,두정,4120,4129,8249
202107,경부선,직산,623,662,1285
202107,경부선,성환,2586,2633,5219
202107,경부선,평택,8888,8865,17753
202107,경부선,평택지제,2490,2372,4862
202107,경부선,서정리,4931,4640,9571
202107,경부선,송탄,3388,3295,6683
202107,경부선,진위,1398,1249,2647
202107,경부선,오산,7725,7674,15399
202107,경부선,오산대,2623,2493,5116
202107,경부선,세마,2273,2192,4465
202107,경부선,병점,11289,11208,22497
202107,경부선,세류,2522,2361,4883
202107,경부선,독산,15596,16170,31766
202107,경부선,수원,26293,28030,54323
202107,경부선,화서,6282,6115,12397
202107,경부선,성균관대,11498,11368,22866
202107,경부선,의왕,7760,7699,15459
202107,경부선,군포,6962,6998,13960
202107,경부선,금정,22430,22768,45198
202107,경부선,명학,8176,8052,16228
202107,경부선,안양,17629,17628,35257
202107,경부선,관악,6123,5743,11866
202107,경부선,석수,8509,7628,16137
202107,경부선,금천구청,10331,10320,20651
202107,경부선,가산디지털단지,15791,18705,34496
202107,경부선,구로,16660,16773,33433
202107,경부선,신길,7804,6369,14173
202107,경부선,신도림,3539,3524,7063
202107,경부선,영등포,29492,30262,59754
202107,경부선,대방,11002,11331,22333
202107,경부선,노량진,6802,6805,13607
202107,경부선,용산,25572,26427,51999
202107,경부선,남영,7613,7995,15608
202107,경부선,서울역,3507,1433,4940
202107,경부선,광명,2776,2775,5551
202107,경부선,서동탄,1289,1150,2439
202107,경부선,당정,5032,4866,9898
202107,경부선,천안,4733,5032,9765
202107,경부선,두정,5088,4993,10081
202107,경부선,직산,718,694,1412
202107,경부선,성환,3100,2851,5951
202107,경부선,평택,10609,10053,20662
202107,경부선,평택지제,2983,2802,5785
202107,경부선,서정리,5747,4927,10674
202107,경부선,송탄,3769,3614,7383
202107,경부선,진위,1542,1258,2800
202107,경부선,오산,8564,8344,16908
202107,경부선,오산대,2888,2598,5486
202107,경부선,세마,2264,2135,4399
202107,경부선,병점,12357,11942,24299
202107,경부선,세류,2717,2627,5344
202107,경부선,독산,15413,15994,31407
202107,경부선,수원,28617,31147,59764
202107,경부선,화서,6389,6225,12614
202107,경부선,성균관대,11833,11648,23481
202107,경부선,의왕,7792,7683,15475
202107,경부선,군포,7055,6869,13924
202107,경부선,금정,22980,23175,46155
202107,경부선,명학,7998,8000,15998
202107,경부선,안양,17751,18048,35799
202107,경부선,관악,6068,5655,11723
202107,경부선,석수,8461,7546,16007
202107,경부선,금천구청,10281,10406,20687
202107,경부선,가산디지털단지,15345,18164,33509
202107,경부선,구로,16683,16970,33653
202107,경부선,신길,7848,6281,14129
202107,경부선,신도림,3416,3450,6866
202107,경부선,영등포,32044,33293,65337
202107,경부선,대방,10929,11140,22069
202107,경부선,노량진,7045,7006,14051
202107,경부선,용산,28985,30960,59945
202107,경부선,남영,7475,7694,15169
202107,경부선,서울역,4754,1947,6701
202107,경부선,서울역,4335,1405,5740
202107,경부선,남영,7472,7986,15458
202107,경부선,용산,25879,25843,51722
202107,경부선,노량진,6591,6797,13388
202107,경부선,대방,11218,11517,22735
202107,경부선,영등포,28889,29161,58050
202107,경부선,신도림,3408,3537,6945
202107,경부선,신길,7790,6478,14268
202107,경부선,구로,16656,16521,33177
202107,경부선,가산디지털단지,15981,18835,34816
202107,경부선,금천구청,10159,10290,20449
202107,경부선,석수,8481,7536,16017
202107,경부선,관악,6162,5792,11954
202107,경부선,안양,17766,17648,35414
202107,경부선,명학,8135,8163,16298
202107,경부선,금정,22764,23209,45973
202107,경부선,군포,7026,7110,14136
202107,경부선,의왕,7820,7925,15745
202107,경부선,성균관대,11502,11507,23009
202107,경부선,화서,6344,6164,12508
202107,경부선,수원,26421,27629,54050
202107,경부선,독산,15847,16522,32369
202107,경부선,세류,2618,2442,5060
202107,경부선,병점,11444,11246,22690
202107,경부선,세마,2271,2170,4441
202107,경부선,오산대,2624,2456,5080
202107,경부선,오산,7720,7986,15706
202107,경부선,진위,1417,1265,2682
202107,경부선,송탄,3454,3326,6780
202107,경부선,서정리,5038,4964,10002
202107,경부선,평택지제,2566,2537,5103
202107,경부선,평택,9441,9207,18648
202107,경부선,성환,2628,2786,5414
202107,경부선,직산,697,680,1377
202107,경부선,두정,4100,4236,8336
202107,경부선,천안,4280,4452,8732
202107,경부선,당정,5117,4989,10106
202107,경부선,서동탄,1280,1073,2353
202107,경부선,광명,2730,2350,5080
202107,경부선,서울역,3828,1333,5161
202107,경부선,남영,7639,7969,15608
202107,경부선,용산,25414,25766,51180
202107,경부선,노량진,6968,6944,13912
202107,경부선,대방,11171,11471,22642
202107,경부선,영등포,30201,30615,60816
202107,경부선,신도림,3578,3562,7140
202107,경부선,신길,7858,6560,14418
202107,경부선,구로,16994,17266,34260
202107,경부선,가산디지털단지,15996,18834,34830
202107,경부선,금천구청,10361,10388,20749
202107,경부선,석수,8730,7735,16465
202107,경부선,관악,6330,5929,12259
202107,경부선,안양,17715,17705,35420
202107,경부선,명학,8291,8318,16609
202107,경부선,금정,23136,23389,46525
202107,경부선,군포,7071,7100,14171
202107,경부선,의왕,7783,7818,15601
202107,경부선,성균관대,11575,11628,23203
202107,경부선,화서,6363,6167,12530
202107,경부선,수원,26484,27830,54314
202107,경부선,독산,15810,16662,32472
202107,경부선,세류,2664,2435,5099
202107,경부선,병점,11503,11476,22979
202107,경부선,세마,2273,2113,4386
202107,경부선,오산대,2659,2400,5059
202107,경부선,오산,7809,7894,15703
202107,경부선,진위,1383,1249,2632
202107,경부선,송탄,3446,3307,6753
202107,경부선,서정리,5107,4894,10001
202107,경부선,평택지제,2495,2312,4807
202107,경부선,평택,9215,9105,18320
202107,경부선,성환,2551,2568,5119
202107,경부선,직산,685,665,1350
202107,경부선,두정,3827,3888,7715
202107,경부선,천안,4151,4261,8412
202107,경부선,당정,5263,4966,10229
202107,경부선,서동탄,1289,1134,2423
202107,경부선,광명,2549,2289,4838
202107,경부선,서울역,3784,1341,5125
202107,경부선,남영,7566,7891,15457
202107,경부선,용산,25072,25635,50707
202107,경부선,노량진,6691,6814,13505
202107,경부선,대방,11032,11339,22371
202107,경부선,영등포,29749,30458,60207
202107,경부선,신도림,3429,3482,6911
202107,경부선,신길,7733,6418,14151
202107,경부선,구로,16723,16862,33585
202107,경부선,가산디지털단지,15761,18499,34260
202107,경부선,금천구청,10129,10135,20264
202107,경부선,석수,8516,7641,16157
202107,경부선,관악,6177,5849,12026
202107,경부선,안양,17737,17711,35448
202107,경부선,명학,8131,8226,16357
202107,경부선,금정,22861,23072,45933
202107,경부선,군포,6968,6962,13930
202107,경부선,의왕,7719,7702,15421
202107,경부선,성균관대,11283,11399,22682
202107,경부선,화서,6339,6063,12402
202107,경부선,수원,26370,27682,54052
202107,경부선,독산,15499,16181,31680
202107,경부선,세류,2501,2398,4899
202107,경부선,병점,11353,11179,22532
202107,경부선,세마,2265,2145,4410
202107,경부선,오산대,2595,2469,5064
202107,경부선,오산,7630,7714,15344
202107,경부선,진위,1431,1242,2673
202107,경부선,송탄,3424,3263,6687
202107,경부선,서정리,5031,4909,9940
202107,경부선,평택지제,2411,2362,4773
202107,경부선,평택,9130,9014,18144
202107,경부선,성환,2466,2473,4939
202107,경부선,직산,644,632,1276
202107,경부선,두정,4047,4095,8142
202107,경부선,천안,4167,4299,8466
202107,경부선,당정,5186,4945,10131
202107,경부선,서동탄,1275,1114,2389
202107,경부선,광명,2465,2247,4712
202107,경부선,광명,2521,2327,4848
202107,경부선,서동탄,1250,1057,2307
202107,경부선,당정,5035,4839,9874
202107,경부선,천안,4096,4215,8311
202107,경부선,두정,4001,4075,8076
202107,경부선,직산,653,689,1342
202107,경부선,성환,2406,2417,4823
202107,경부선,평택,8817,8687,17504
202107,경부선,평택지제,2464,2348,4812
202107,경부선,서정리,4976,4735,9711
202107,경부선,송탄,3290,3168,6458
202107,경부선,진위,1337,1229,2566
202107,경부선,오산,7624,7606,15230
202107,경부선,오산대,2566,2382,4948
202107,경부선,세마,2271,2160,4431
202107,경부선,병점,11449,11260,22709
202107,경부선,세류,2493,2351,4844
202107,경부선,독산,15414,16065,31479
202107,경부선,수원,25969,27464,53433
202107,경부선,화서,6260,6046,12306
202107,경부선,성균관대,11276,11094,22370
202107,경부선,의왕,7597,7626,15223
202107,경부선,군포,6927,6916,13843
202107,경부선,금정,22514,22934,45448
202107,경부선,명학,8092,8037,16129
202107,경부선,안양,17402,17540,34942
202107,경부선,관악,6069,5718,11787
202107,경부선,석수,8351,7353,15704
202107,경부선,금천구청,9830,9901,19731
202107,경부선,가산디지털단지,15340,18233,33573
202107,경부선,구로,16401,16537,32938
202107,경부선,신길,7681,6302,13983
202107,경부선,신도림,3424,3391,6815
202107,경부선,영등포,29712,30442,60154
202107,경부선,대방,10964,11259,22223
202107,경부선,노량진,6505,6586,13091
202107,경부선,용산,25492,26213,51705
202107,경부선,남영,7565,7841,15406
202107,경부선,서울역,3785,1400,5185
202107,경부선,서울역,4840,1875,6715
202107,경부선,남영,7555,7822,15377
202107,경부선,용산,28240,30252,58492
202107,경부선,노량진,6987,6992,13979
202107,경부선,대방,10893,11117,22010
202107,경부선,영등포,32274,33604,65878
202107,경부선,신도림,3366,3420,6786
202107,경부선,신길,7787,6445,14232
202107,경부선,구로,16670,16952,33622
202107,경부선,가산디지털단지,15434,18120,33554
202107,경부선,금천구청,9992,10247,20239
202107,경부선,석수,8496,7503,15999
202107,경부선,관악,6126,5687,11813
202107,경부선,안양,18019,18240,36259
202107,경부선,명학,8051,7874,15925
202107,경부선,금정,22992,22998,45990
202107,경부선,군포,6852,6812,13664
202107,경부선,의왕,7643,7704,15347
202107,경부선,성균관대,11556,11579,23135
202107,경부선,화서,6228,6156,12384
202107,경부선,수원,28577,31187,59764
202107,경부선,독산,15277,15936,31213
202107,경부선,세류,2694,2501,5195
202107,경부선,병점,12243,11980,24223
202107,경부선,세마,2330,2171,4501
202107,경부선,오산대,2757,2536,5293
202107,경부선,오산,8650,8326,16976
202107,경부선,진위,1566,1249,2815
202107,경부선,송탄,3702,3460,7162
202107,경부선,서정리,5643,4880,10523
202107,경부선,평택지제,2949,2818,5767
202107,경부선,평택,10490,10035,20525
202107,경부선,성환,2850,2653,5503
202107,경부선,직산,754,701,1455
202107,경부선,두정,4991,4955,9946
202107,경부선,천안,4750,5206,9956
202107,경부선,당정,5158,4865,10023
202107,경부선,서동탄,1279,1104,2383
202107,경부선,광명,2785,2792,5577
202107,경부선,광명,2877,2378,5255
202107,경부선,서동탄,1300,1121,2421
202107,경부선,당정,5141,4870,10011
202107,경부선,천안,4163,4382,8545
202107,경부선,두정,3980,3999,7979
202107,경부선,직산,668,659,1327
202107,경부선,성환,2533,2686,5219
202107,경부선,평택,9118,9009,18127
202107,경부선,평택지제,2585,2480,5065
202107,경부선,서정리,4922,4810,9732
202107,경부선,송탄,3441,3199,6640
202107,경부선,진위,1354,1202,2556
202107,경부선,오산,7770,8032,15802
202107,경부선,오산대,2628,2336,4964
202107,경부선,세마,2193,2083,4276
202107,경부선,병점,11318,11300,22618
202107,경부선,세류,2535,2391,4926
202107,경부선,독산,15567,16412,31979
202107,경부선,수원,26847,28074,54921
202107,경부선,화서,6279,6087,12366
202107,경부선,성균관대,11342,11335,22677
202107,경부선,의왕,7586,7694,15280
202107,경부선,군포,6738,6810,13548
202107,경부선,금정,22315,22928,45243
202107,경부선,명학,8154,8163,16317
202107,경부선,안양,17445,17428,34873
202107,경부선,관악,5990,5716,11706
202107,경부선,석수,8517,7440,15957
202107,경부선,금천구청,9866,9891,19757
202107,경부선,가산디지털단지,15723,18753,34476
202107,경부선,구로,16597,16623,33220
202107,경부선,신길,7642,6374,14016
202107,경부선,신도림,3466,3464,6930
202107,경부선,영등포,30134,30613,60747
202107,경부선,대방,10814,11188,22002
202107,경부선,노량진,6486,6852,13338
202107,경부선,용산,26608,26561,53169
202107,경부선,남영,7494,7961,15455
202107,경부선,서울역,4223,1360,5583
202107,경부선,광명,2626,2307,4933
202107,경부선,서동탄,1267,1078,2345
202107,경부선,당정,4947,4836,9783
202107,경부선,천안,4201,4284,8485
202107,경부선,두정,3728,3764,7492
202107,경부선,직산,626,583,1209
202107,경부선,성환,2416,2436,4852
202107,경부선,평택,8853,8803,17656
202107,경부선,평택지제,2425,2353,4778
202107,경부선,서정리,4882,4668,9550
202107,경부선,송탄,3366,3163,6529
202107,경부선,진위,1296,1114,2410
202107,경부선,오산,7700,7766,15466
202107,경부선,오산대,2596,2434,5030
202107,경부선,세마,2237,2118,4355
202107,경부선,병점,11313,11226,22539
202107,경부선,세류,2498,2373,4871
202107,경부선,독산,15414,16161,31575
202107,경부선,수원,26205,27417,53622
202107,경부선,화서,6167,6069,12236
202107,경부선,성균관대,11325,11314,22639
202107,경부선,의왕,7665,7599,15264
202107,경부선,군포,6749,6758,13507
202107,경부선,금정,22356,22645,45001
202107,경부선,명학,8026,8020,16046
202107,경부선,안양,17269,17364,34633
202107,경부선,관악,6146,5728,11874
202107,경부선,석수,8311,7566,15877
202107,경부선,금천구청,9792,9836,19628
202107,경부선,가산디지털단지,15568,18345,33913
202107,경부선,구로,16409,16702,33111
202107,경부선,신길,7652,6370,14022
202107,경부선,신도림,3407,3370,6777
202107,경부선,영등포,30255,30640,60895
202107,경부선,대방,10640,11097,21737
202107,경부선,노량진,6590,6688,13278
202107,경부선,용산,25667,25882,51549
202107,경부선,남영,7486,7845,15331
202107,경부선,서울역,3769,1308,5077
202107,경부선,서울역,3702,1389,5091
202107,경부선,남영,7498,7847,15345
202107,경부선,용산,26087,26438,52525
202107,경부선,노량진,6807,6895,13702
202107,경부선,대방,10844,11281,22125
202107,경부선,영등포,30103,30776,60879
202107,경부선,신도림,3405,3463,6868
202107,경부선,신길,7629,6233,13862
202107,경부선,구로,16319,16537,32856
202107,경부선,가산디지털단지,15351,18036,33387
202107,경부선,금천구청,9704,9799,19503
202107,경부선,석수,8435,7530,15965
202107,경부선,관악,5992,5599,11591
202107,경부선,안양,17426,17423,34849
202107,경부선,명학,7932,7818,15750
202107,경부선,금정,22212,22579,44791
202107,경부선,군포,6679,6583,13262
202107,경부선,의왕,7443,7508,14951
202107,경부선,성균관대,11225,11175,22400
202107,경부선,화서,6140,5985,12125
202107,경부선,수원,25972,27562,53534
202107,경부선,독산,15163,16114,31277
202107,경부선,세류,2463,2312,4775
202107,경부선,병점,11229,11096,22325
202107,경부선,세마,2251,2035,4286
202107,경부선,오산대,2505,2295,4800
202107,경부선,오산,7843,7785,15628
202107,경부선,진위,1306,1135,2441
202107,경부선,송탄,3325,3204,6529
202107,경부선,서정리,4736,4622,9358
202107,경부선,평택지제,2494,2414,4908
202107,경부선,평택,8753,8628,17381
202107,경부선,성환,2351,2344,4695
202107,경부선,직산,628,600,1228
202107,경부선,두정,3933,3925,7858
202107,경부선,천안,4158,4326,8484
202107,경부선,당정,4899,4707,9606
202107,경부선,서동탄,1269,1083,2352
202107,경부선,광명,2638,2290,4928
202107,경부선,서울역,3845,1436,5281
202107,경부선,남영,7291,7732,15023
202107,경부선,용산,24957,25941,50898
202107,경부선,노량진,6558,6548,13106
202107,경부선,대방,10826,11041,21867
202107,경부선,영등포,30125,31124,61249
202107,경부선,신도림,3298,3426,6724
202107,경부선,신길,7432,6267,13699
202107,경부선,구로,16274,16334,32608
202107,경부선,가산디지털단지,15182,18036,33218
202107,경부선,금천구청,9665,9751,19416
202107,경부선,석수,8239,7256,15495
202107,경부선,관악,5982,5606,11588
202107,경부선,안양,17216,17162,34378
202107,경부선,명학,7912,7850,15762
202107,경부선,금정,22165,22330,44495
202107,경부선,군포,6672,6668,13340
202107,경부선,의왕,7374,7425,14799
202107,경부선,성균관대,11057,11007,22064
202107,경부선,화서,5973,5798,11771
202107,경부선,수원,26310,27788,54098
202107,경부선,독산,14890,15729,30619
202107,경부선,세류,2450,2346,4796
202107,경부선,병점,11113,11055,22168
202107,경부선,세마,2193,2010,4203
202107,경부선,오산대,2551,2421,4972
202107,경부선,오산,7855,7764,15619
202107,경부선,진위,1289,1136,2425
202107,경부선,송탄,3281,3162,6443
202107,경부선,서정리,4847,4553,9400
202107,경부선,평택지제,2456,2431,4887
202107,경부선,평택,8882,8800,17682
202107,경부선,성환,2345,2363,4708
202107,경부선,직산,622,643,1265
202107,경부선,두정,3898,3930,7828
202107,경부선,천안,4213,4295,8508
202107,경부선,당정,4927,4782,9709
202107,경부선,서동탄,1232,1104,2336
202107,경부선,광명,2520,2350,4870
202107,경부선,광명,2835,2839,5674
202107,경부선,서동탄,1230,1128,2358
202107,경부선,당정,4955,4806,9761
202107,경부선,천안,4870,5261,10131
202107,경부선,두정,4678,4682,9360
202107,경부선,직산,728,726,1454
202107,경부선,성환,2793,2655,5448
202107,경부선,평택,10831,10255,21086
202107,경부선,평택지제,2931,2712,5643
202107,경부선,서정리,5734,4852,10586
202107,경부선,송탄,3828,3464,7292
202107,경부선,진위,1423,1176,2599
202107,경부선,오산,8664,8323,16987
202107,경부선,오산대,2651,2550,5201
202107,경부선,세마,2360,2157,4517
202107,경부선,병점,12121,11704,23825
202107,경부선,세류,2732,2442,5174
202107,경부선,독산,14718,15289,30007
202107,경부선,수원,29016,31542,60558
202107,경부선,화서,5972,5905,11877
202107,경부선,성균관대,11453,11321,22774
202107,경부선,의왕,7483,7335,14818
202107,경부선,군포,6562,6411,12973
202107,경부선,금정,22238,22512,44750
202107,경부선,명학,7543,7392,14935
202107,경부선,안양,17540,17750,35290
202107,경부선,관악,5999,5702,11701
202107,경부선,석수,8317,7423,15740
202107,경부선,금천구청,9633,9827,19460
202107,경부선,가산디지털단지,14999,17833,32832
202107,경부선,구로,16177,16530,32707
202107,경부선,신길,7613,6196,13809
202107,경부선,신도림,3288,3358,6646
202107,경부선,영등포,32544,34143,66687
202107,경부선,대방,10788,10905,21693
202107,경부선,노량진,6941,6812,13753
202107,경부선,용산,27822,30681,58503
202107,경부선,남영,7547,7800,15347
202107,경부선,서울역,4761,1876,6637
202108,경부선,광명,2806,2263,5069
202108,경부선,서동탄,1130,939,2069
202108,경부선,당정,4600,4522,9122
202108,경부선,천안,4278,4503,8781
202108,경부선,두정,3569,3722,7291
202108,경부선,직산,585,550,1135
202108,경부선,성환,2414,2480,4894
202108,경부선,평택,9513,9223,18736
202108,경부선,평택지제,2445,2243,4688
202108,경부선,서정리,4732,4627,9359
202108,경부선,송탄,3378,3186,6564
202108,경부선,진위,1107,998,2105
202108,경부선,오산,7624,7954,15578
202108,경부선,오산대,2450,2318,4768
202108,경부선,세마,2054,1888,3942
202108,경부선,병점,10560,10506,21066
202108,경부선,세류,2396,2226,4622
202108,경부선,독산,13503,14423,27926
202108,경부선,수원,27841,28468,56309
202108,경부선,화서,5498,5296,10794
202108,경부선,성균관대,10349,10387,20736
202108,경부선,의왕,6619,6781,13400
202108,경부선,군포,5196,5142,10338
202108,경부선,금정,20028,20453,40481
202108,경부선,명학,6647,6559,13206
202108,경부선,안양,17001,16885,33886
202108,경부선,관악,5493,5178,10671
202108,경부선,석수,7331,6432,13763
202108,경부선,금천구청,9140,9080,18220
202108,경부선,가산디지털단지,14675,17477,32152
202108,경부선,구로,14052,14197,28249
202108,경부선,신길,7189,5973,13162
202108,경부선,신도림,3088,3113,6201
202108,경부선,영등포,29814,30219,60033
202108,경부선,대방,10463,10881,21344
202108,경부선,노량진,6461,6405,12866
202108,경부선,용산,27550,26887,54437
202108,경부선,남영,7107,7463,14570
202108,경부선,서울역,4617,1393,6010
202108,경부선,서울역,4111,1243,5354
202108,경부선,남영,7261,7611,14872
202108,경부선,용산,26730,25766,52496
202108,경부선,노량진,6476,6591,13067
202108,경부선,대방,10518,10923,21441
202108,경부선,영등포,30046,30276,60322
202108,경부선,신도림,3085,3101,6186
202108,경부선,신길,7236,6118,13354
202108,경부선,구로,14049,14193,28242
202108,경부선,가산디지털단지,14368,17209,31577
202108,경부선,금천구청,9376,9342,18718
202108,경부선,석수,7544,6693,14237
202108,경부선,관악,5598,5419,11017
202108,경부선,안양,16915,16939,33854
202108,경부선,명학,6808,6593,13401
202108,경부선,금정,20394,21001,41395
202108,경부선,군포,5307,5213,10520
202108,경부선,의왕,6757,6690,13447
202108,경부선,성균관대,10244,10399,20643
202108,경부선,화서,5573,5467,11040
202108,경부선,수원,27135,28053,55188
202108,경부선,독산,13907,14694,28601
202108,경부선,세류,2391,2221,4612
202108,경부선,병점,10884,10718,21602
202108,경부선,세마,2095,2015,4110
202108,경부선,오산대,2469,2305,4774
202108,경부선,오산,7714,7855,15569
202108,경부선,진위,1112,1002,2114
202108,경부선,송탄,3387,3226,6613
202108,경부선,서정리,4760,4577,9337
202108,경부선,평택지제,2411,2180,4591
202108,경부선,평택,9284,9330,18614
202108,경부선,성환,2498,2613,5111
202108,경부선,직산,604,609,1213
202108,경부선,두정,3620,3738,7358
202108,경부선,천안,4489,4606,9095
202108,경부선,당정,4566,4446,9012
202108,경부선,서동탄,1169,1040,2209
202108,경부선,광명,2598,2241,4839
202108,경부선,서울역,4133,1318,5451
202108,경부선,남영,7122,7504,14626
202108,경부선,용산,27157,26930,54087
202108,경부선,노량진,6637,6590,13227
202108,경부선,대방,10727,10926,21653
202108,경부선,영등포,29931,30454,60385
202108,경부선,신도림,3190,3199,6389
202108,경부선,신길,7317,6160,13477
202108,경부선,구로,14819,14990,29809
202108,경부선,가산디지털단지,14393,17040,31433
202108,경부선,금천구청,9338,9269,18607
202108,경부선,석수,7708,6824,14532
202108,경부선,관악,5605,5382,10987
202108,경부선,안양,16968,16964,33932
202108,경부선,명학,6940,6770,13710
202108,경부선,금정,20751,20983,41734
202108,경부선,군포,5545,5388,10933
202108,경부선,의왕,6816,6867,13683
202108,경부선,성균관대,10577,10622,21199
202108,경부선,화서,5746,5613,11359
202108,경부선,수원,27456,28640,56096
202108,경부선,독산,14017,14674,28691
202108,경부선,세류,2340,2163,4503
202108,경부선,병점,10932,11171,22103
202108,경부선,세마,2127,1993,4120
202108,경부선,오산대,2512,2333,4845
202108,경부선,오산,7706,7892,15598
202108,경부선,진위,1125,979,2104
202108,경부선,송탄,3357,3233,6590
202108,경부선,서정리,4617,4609,9226
202108,경부선,평택지제,2520,2389,4909
202108,경부선,평택,9786,9639,19425
202108,경부선,성환,2344,2440,4784
202108,경부선,직산,647,643,1290
202108,경부선,두정,3865,3848,7713
202108,경부선,천안,4532,4635,9167
202108,경부선,당정,4733,4571,9304
202108,경부선,서동탄,1205,1050,2255
202108,경부선,광명,2547,2293,4840
202108,경부선,서울역,3859,1346,5205
202108,경부선,남영,7257,7631,14888
202108,경부선,용산,27254,27919,55173
202108,경부선,노량진,6796,6854,13650
202108,경부선,대방,10838,11141,21979
202108,경부선,영등포,30692,31241,61933
202108,경부선,신도림,3336,3366,6702
202108,경부선,신길,7430,6174,13604
202108,경부선,구로,15935,16009,31944
202108,경부선,가산디지털단지,14826,17652,32478
202108,경부선,금천구청,9596,9517,19113
202108,경부선,석수,8195,7258,15453
202108,경부선,관악,5793,5563,11356
202108,경부선,안양,17247,17442,34689
202108,경부선,명학,7550,7564,15114
202108,경부선,금정,21204,21614,42818
202108,경부선,군포,6420,6380,12800
202108,경부선,의왕,7087,7049,14136
202108,경부선,성균관대,10781,10855,21636
202108,경부선,화서,5936,5810,11746
202108,경부선,수원,26956,28362,55318
202108,경부선,독산,14813,15492,30305
202108,경부선,세류,2417,2219,4636
202108,경부선,병점,11209,10995,22204
202108,경부선,세마,2101,1988,4089
202108,경부선,오산대,2517,2348,4865
202108,경부선,오산,7721,7777,15498
202108,경부선,진위,1174,1031,2205
202108,경부선,송탄,3342,3192,6534
202108,경부선,서정리,4808,4569,9377
202108,경부선,평택지제,2457,2377,4834
202108,경부선,평택,9130,9127,18257
202108,경부선,성환,2355,2452,4807
202108,경부선,직산,575,596,1171
202108,경부선,두정,3842,3840,7682
202108,경부선,천안,4399,4594,8993
202108,경부선,당정,4913,4696,9609
202108,경부선,서동탄,1207,1075,2282
202108,경부선,광명,2586,2345,4931
202108,경부선,광명,2786,2694,5480
202108,경부선,서동탄,1193,1095,2288
202108,경부선,당정,4902,4743,9645
202108,경부선,천안,4665,4918,9583
202108,경부선,두정,4524,4517,9041
202108,경부선,직산,681,609,1290
202108,경부선,성환,2553,2549,5102
202108,경부선,평택,10223,9945,20168
202108,경부선,평택지제,2769,2590,5359
202108,경부선,서정리,5562,4871,10433
202108,경부선,송탄,3628,3428,7056
202108,경부선,진위,1263,1072,2335
202108,경부선,오산,8160,7934,16094
202108,경부선,오산대,2615,2483,5098
202108,경부선,세마,2150,2064,4214
202108,경부선,병점,11796,11451,23247
202108,경부선,세류,2511,2364,4875
202108,경부선,독산,14636,15219,29855
202108,경부선,수원,28959,31196,60155
202108,경부선,화서,6009,5893,11902
202108,경부선,성균관대,11064,10898,21962
202108,경부선,의왕,7201,7146,14347
202108,경부선,군포,6534,6313,12847
202108,경부선,금정,21585,21687,43272
202108,경부선,명학,7465,7281,14746
202108,경부선,안양,17415,17929,35344
202108,경부선,관악,5942,5667,11609
202108,경부선,석수,8155,7249,15404
202108,경부선,금천구청,9823,9861,19684
202108,경부선,가산디지털단지,14824,17278,32102
202108,경부선,구로,16220,16562,32782
202108,경부선,신길,7609,6189,13798
202108,경부선,신도림,3351,3346,6697
202108,경부선,영등포,32304,33602,65906
202108,경부선,대방,10844,10908,21752
202108,경부선,노량진,7014,6966,13980
202108,경부선,용산,29609,31349,60958
202108,경부선,남영,7338,7696,15034
202108,경부선,서울역,4896,1753,6649
202108,경부선,광명,2894,2397,5291
202108,경부선,서동탄,1277,1110,2387
202108,경부선,당정,5259,5030,10289
202108,경부선,천안,4442,4507,8949
202108,경부선,두정,3936,4096,8032
202108,경부선,직산,629,609,1238
202108,경부선,성환,2569,2694,5263
202108,경부선,평택,9435,9335,18770
202108,경부선,평택지제,2671,2596,5267
202108,경부선,서정리,5014,5007,10021
202108,경부선,송탄,3480,3271,6751
202108,경부선,진위,1358,1213,2571
202108,경부선,오산,7853,8021,15874
202108,경부선,오산대,2661,2466,5127
202108,경부선,세마,2260,2098,4358
202108,경부선,병점,11655,11555,23210
202108,경부선,세류,2597,2431,5028
202108,경부선,독산,15661,16423,32084
202108,경부선,수원,27329,28780,56109
202108,경부선,화서,6328,6116,12444
202108,경부선,성균관대,11690,11697,23387
202108,경부선,의왕,7699,7789,15488
202108,경부선,군포,6871,6920,13791
202108,경부선,금정,22727,23107,45834
202108,경부선,명학,8170,8168,16338
202108,경부선,안양,18186,18268,36454
202108,경부선,관악,6133,5730,11863
202108,경부선,석수,8594,7732,16326
202108,경부선,금천구청,10218,10257,20475
202108,경부선,가산디지털단지,16195,18986,35181
202108,경부선,구로,16629,16673,33302
202108,경부선,신길,7775,6462,14237
202108,경부선,신도림,3570,3530,7100
202108,경부선,영등포,31220,31716,62936
202108,경부선,대방,11084,11468,22552
202108,경부선,노량진,6769,6843,13612
202108,경부선,용산,28558,28204,56762
202108,경부선,남영,7601,8037,15638
202108,경부선,서울역,4653,1388,6041
202108,경부선,광명,2748,2397,5145
202108,경부선,서동탄,1330,1112,2442
202108,경부선,당정,5360,5145,10505
202108,경부선,천안,4141,4198,8339
202108,경부선,두정,3860,3920,7780
202108,경부선,직산,630,621,1251
202108,경부선,성환,2459,2570,5029
202108,경부선,평택,9183,9262,18445
202108,경부선,평택지제,2580,2462,5042
202108,경부선,서정리,5244,5093,10337
202108,경부선,송탄,3428,3313,6741
202108,경부선,진위,1369,1179,2548
202108,경부선,오산,7756,7768,15524
202108,경부선,오산대,2628,2481,5109
202108,경부선,세마,2292,2145,4437
202108,경부선,병점,11642,11457,23099
202108,경부선,세류,2552,2439,4991
202108,경부선,독산,15825,16622,32447
202108,경부선,수원,27118,28335,55453
202108,경부선,화서,6446,6219,12665
202108,경부선,성균관대,11648,11800,23448
202108,경부선,의왕,7814,7775,15589
202108,경부선,군포,7080,6993,14073
202108,경부선,금정,23312,23788,47100
202108,경부선,명학,8290,8211,16501
202108,경부선,안양,18327,18457,36784
202108,경부선,관악,6381,6020,12401
202108,경부선,석수,8700,7828,16528
202108,경부선,금천구청,10242,10287,20529
202108,경부선,가산디지털단지,16246,18951,35197
202108,경부선,구로,17059,17380,34439
202108,경부선,신길,7881,6503,14384
202108,경부선,신도림,3575,3596,7171
202108,경부선,영등포,31109,31368,62477
202108,경부선,대방,11222,11609,22831
202108,경부선,노량진,6613,6731,13344
202108,경부선,용산,27586,27608,55194
202108,경부선,남영,7705,8055,15760
202108,경부선,서울역,4206,1321,5527
202108,경부선,서울역,4110,1495,5605
202108,경부선,남영,7813,8158,15971
202108,경부선,용산,28082,28168,56250
202108,경부선,노량진,6774,6735,13509
202108,경부선,대방,11135,11406,22541
202108,경부선,영등포,30748,31364,62112
202108,경부선,신도림,3525,3493,7018
202108,경부선,신길,7842,6626,14468
202108,경부선,구로,17025,17314,34339
202108,경부선,가산디지털단지,15902,18623,34525
202108,경부선,금천구청,10274,10248,20522
202108,경부선,석수,8668,7653,16321
202108,경부선,관악,6202,5845,12047
202108,경부선,안양,18376,18391,36767
202108,경부선,명학,8242,8084,16326
202108,경부선,금정,23010,23459,46469
202108,경부선,군포,6919,6847,13766
202108,경부선,의왕,7850,7860,15710
202108,경부선,성균관대,11868,11757,23625
202108,경부선,화서,6606,6315,12921
202108,경부선,수원,27668,29207,56875
202108,경부선,독산,15552,16337,31889
202108,경부선,세류,2671,2423,5094
202108,경부선,병점,11621,11694,23315
202108,경부선,세마,2233,2117,4350
202108,경부선,오산대,2606,2475,5081
202108,경부선,오산,7851,7745,15596
202108,경부선,진위,1401,1210,2611
202108,경부선,송탄,3436,3290,6726
202108,경부선,서정리,5073,4864,9937
202108,경부선,평택지제,2612,2525,5137
202108,경부선,평택,9235,9176,18411
202108,경부선,성환,2452,2497,4949
202108,경부선,직산,640,631,1271
202108,경부선,두정,3980,3985,7965
202108,경부선,천안,4166,4329,8495
202108,경부선,당정,5162,4935,10097
202108,경부선,서동탄,1302,1201,2503
202108,경부선,광명,2743,2467,5210
202108,경부선,광명,2646,2460,5106
202108,경부선,서동탄,1308,1129,2437
202108,경부선,당정,5162,4984,10146
202108,경부선,천안,3993,4208,8201
202108,경부선,두정,3901,4001,7902
202108,경부선,직산,617,657,1274
202108,경부선,성환,2448,2496,4944
202108,경부선,평택,9323,9133,18456
202108,경부선,평택지제,2549,2499,5048
202108,경부선,서정리,5208,4974,10182
202108,경부선,송탄,3422,3246,6668
202108,경부선,진위,1361,1199,2560
202108,경부선,오산,7925,7835,15760
202108,경부선,오산대,2571,2383,4954
202108,경부선,세마,2199,2086,4285
202108,경부선,병점,11696,11498,23194
202108,경부선,세류,2590,2381,4971
202108,경부선,독산,15576,16318,31894
202108,경부선,수원,27249,28977,56226
202108,경부선,화서,6405,6175,12580
202108,경부선,성균관대,11672,11669,23341
202108,경부선,의왕,7642,7642,15284
202108,경부선,군포,6901,6822,13723
202108,경부선,금정,22813,23076,45889
202108,경부선,명학,8266,8021,16287
202108,경부선,안양,18090,18125,36215
202108,경부선,관악,6174,5818,11992
202108,경부선,석수,8618,7636,16254
202108,경부선,금천구청,10153,10180,20333
202108,경부선,가산디지털단지,15519,18505,34024
202108,경부선,구로,16839,16894,33733
202108,경부선,신길,7683,6490,14173
202108,경부선,신도림,3410,3537,6947
202108,경부선,영등포,30783,31439,62222
202108,경부선,대방,11101,11466,22567
202108,경부선,노량진,6470,6678,13148
202108,경부선,용산,28133,29021,57154
202108,경부선,남영,7626,8037,15663
202108,경부선,서울역,4126,1523,5649
202108,경부선,서울역,5261,2029,7290
202108,경부선,남영,7831,8002,15833
202108,경부선,용산,31156,33860,65016
202108,경부선,노량진,7053,6920,13973
202108,경부선,대방,11040,11188,22228
202108,경부선,영등포,32966,34386,67352
202108,경부선,신도림,3581,3547,7128
202108,경부선,신길,7940,6391,14331
202108,경부선,구로,17105,17406,34511
202108,경부선,가산디지털단지,15360,17984,33344
202108,경부선,금천구청,10337,10468,20805
202108,경부선,석수,8584,7701,16285
202108,경부선,관악,6200,5852,12052
202108,경부선,안양,18411,18534,36945
202108,경부선,명학,8141,8030,16171
202108,경부선,금정,23172,23228,46400
202108,경부선,군포,6895,6753,13648
202108,경부선,의왕,7964,7936,15900
202108,경부선,성균관대,11986,11779,23765
202108,경부선,화서,6251,6132,12383
202108,경부선,수원,29740,32478,62218
202108,경부선,독산,15353,15790,31143
202108,경부선,세류,2721,2515,5236
202108,경부선,병점,12842,12419,25261
202108,경부선,세마,2319,2136,4455
202108,경부선,오산대,2829,2621,5450
202108,경부선,오산,8760,8598,17358
202108,경부선,진위,1542,1239,2781
202108,경부선,송탄,3887,3651,7538
202108,경부선,서정리,6021,5190,11211
202108,경부선,평택지제,2891,2876,5767
202108,경부선,평택,10750,10460,21210
202108,경부선,성환,2864,2723,5587
202108,경부선,직산,696,670,1366
202108,경부선,두정,4528,4370,8898
202108,경부선,천안,4555,4938,9493
202108,경부선,당정,5238,5013,10251
202108,경부선,서동탄,1295,1154,2449
202108,경부선,광명,2890,2991,5881
202108,경부선,서울역,5946,1114,7060
202108,경부선,남영,3800,4092,7892
202108,경부선,용산,26665,22528,49193
202108,경부선,노량진,5136,4522,9658
202108,경부선,대방,5681,6133,11814
202108,경부선,영등포,26321,25794,52115
202108,경부선,신도림,2067,2244,4311
202108,경부선,신길,4581,4177,8758
202108,경부선,구로,10062,10252,20314
202108,경부선,가산디지털단지,4866,6739,11605
202108,경부선,금천구청,6018,6238,12256
202108,경부선,석수,5153,4829,9982
202108,경부선,관악,4069,3772,7841
202108,경부선,안양,12865,12713,25578
202108,경부선,명학,3929,3961,7890
202108,경부선,금정,13611,13976,27587
202108,경부선,군포,3901,3983,7884
202108,경부선,의왕,4469,4550,9019
202108,경부선,성균관대,6831,7249,14080
202108,경부선,화서,3682,3508,7190
202108,경부선,수원,26306,25341,51647
202108,경부선,독산,7141,7261,14402
202108,경부선,세류,1792,1689,3481
202108,경부선,병점,8449,8979,17428
202108,경부선,세마,1575,1453,3028
202108,경부선,오산대,1946,1834,3780
202108,경부선,오산,6475,6808,13283
202108,경부선,진위,750,707,1457
202108,경부선,송탄,2934,3046,5980
202108,경부선,서정리,3776,4718,8494
202108,경부선,평택지제,2158,1942,4100
202108,경부선,평택,8872,8717,17589
202108,경부선,성환,2027,2213,4240
202108,경부선,직산,491,538,1029
202108,경부선,두정,3325,3492,6817
202108,경부선,천안,4776,4443,9219
202108,경부선,당정,2972,3027,5999
202108,경부선,서동탄,727,734,1461
202108,경부선,광명,2314,1524,3838
202108,경부선,서울역,5056,1479,6535
202108,경부선,남영,8135,8661,16796
202108,경부선,용산,28783,27881,56664
202108,경부선,노량진,6463,6513,12976
202108,경부선,대방,11039,11718,22757
202108,경부선,영등포,31370,31210,62580
202108,경부선,신도림,3327,3469,6796
202108,경부선,신길,7701,6776,14477
202108,경부선,구로,16767,16987,33754
202108,경부선,가산디지털단지,15782,19016,34798
202108,경부선,금천구청,10190,10276,20466
202108,경부선,석수,8799,7994,16793
202108,경부선,관악,6207,5902,12109
202108,경부선,안양,18213,18204,36417
202108,경부선,명학,8255,8257,16512
202108,경부선,금정,23083,23770,46853
202108,경부선,군포,7027,7038,14065
202108,경부선,의왕,7677,7805,15482
202108,경부선,성균관대,11780,11890,23670
202108,경부선,화서,6489,6302,12791
202108,경부선,수원,27617,28804,56421
202108,경부선,독산,16012,16748,32760
202108,경부선,세류,2606,2378,4984
202108,경부선,병점,12213,11889,24102
202108,경부선,세마,2298,2150,4448
202108,경부선,오산대,2678,2630,5308
202108,경부선,오산,8029,8065,16094
202108,경부선,진위,1343,1213,2556
202108,경부선,송탄,3576,3393,6969
202108,경부선,서정리,5325,5171,10496
202108,경부선,평택지제,2654,2588,5242
202108,경부선,평택,9658,9589,19247
202108,경부선,성환,2513,2500,5013
202108,경부선,직산,674,632,1306
202108,경부선,두정,4092,4069,8161
202108,경부선,천안,4182,4332,8514
202108,경부선,당정,5264,5109,10373
202108,경부선,서동탄,1301,1145,2446
202108,경부선,광명,2866,2466,5332
202108,경부선,광명,2703,2305,5008
202108,경부선,서동탄,1228,1147,2375
202108,경부선,당정,5212,4996,10208
202108,경부선,천안,4060,4196,8256
202108,경부선,두정,3970,4043,8013
202108,경부선,직산,647,629,1276
202108,경부선,성환,2419,2499,4918
202108,경부선,평택,9021,9039,18060
202108,경부선,평택지제,2612,2515,5127
202108,경부선,서정리,5142,4789,9931
202108,경부선,송탄,3372,3184,6556
202108,경부선,진위,1343,1172,2515
202108,경부선,오산,7913,7896,15809
202108,경부선,오산대,2647,2406,5053
202108,경부선,세마,2235,2139,4374
202108,경부선,병점,11811,11793,23604
202108,경부선,세류,2560,2331,4891
202108,경부선,독산,15838,16731,32569
202108,경부선,수원,26683,28242,54925
202108,경부선,화서,6313,6190,12503
202108,경부선,성균관대,11617,11676,23293
202108,경부선,의왕,7693,7797,15490
202108,경부선,군포,6965,6899,13864
202108,경부선,금정,23126,23381,46507
202108,경부선,명학,8208,8108,16316
202108,경부선,안양,18344,18339,36683
202108,경부선,관악,6173,5758,11931
202108,경부선,석수,8696,7634,16330
202108,경부선,금천구청,10235,10332,20567
202108,경부선,가산디지털단지,16202,18828,35030
202108,경부선,구로,17208,17354,34562
202108,경부선,신길,8116,6563,14679
202108,경부선,신도림,3513,3527,7040
202108,경부선,영등포,30551,31126,61677
202108,경부선,대방,11331,11523,22854
202108,경부선,노량진,6625,6763,13388
202108,경부선,용산,27155,27071,54226
202108,경부선,남영,8233,8457,16690
202108,경부선,서울역,4136,1377,5513
202108,경부선,서울역,4315,1473,5788
202108,경부선,남영,8457,8835,17292
202108,경부선,용산,27876,28439,56315
202108,경부선,노량진,6934,7012,13946
202108,경부선,대방,11528,11695,23223
202108,경부선,영등포,31168,31456,62624
202108,경부선,신도림,3819,3794,7613
202108,경부선,신길,8065,6751,14816
202108,경부선,구로,17264,17458,34722
202108,경부선,가산디지털단지,16215,19089,35304
202108,경부선,금천구청,10667,10605,21272
202108,경부선,석수,8944,7937,16881
202108,경부선,관악,6447,6077,12524
202108,경부선,안양,18854,18970,37824
202108,경부선,명학,8451,8297,16748
202108,경부선,금정,23662,23902,47564
202108,경부선,군포,7091,7015,14106
202108,경부선,의왕,8176,8027,16203
202108,경부선,성균관대,12302,12274,24576
202108,경부선,화서,6707,6397,13104
202108,경부선,수원,27853,29482,57335
202108,경부선,독산,15992,16914,32906
202108,경부선,세류,2668,2424,5092
202108,경부선,병점,12223,12202,24425
202108,경부선,세마,2309,2243,4552
202108,경부선,오산대,2857,2685,5542
202108,경부선,오산,7999,7976,15975
202108,경부선,진위,1444,1290,2734
202108,경부선,송탄,3531,3318,6849
202108,경부선,서정리,5221,4877,10098
202108,경부선,평택지제,2662,2543,5205
202108,경부선,평택,9550,9364,18914
202108,경부선,성환,2579,2548,5127
202108,경부선,직산,672,668,1340
202108,경부선,두정,4132,4153,8285
202108,경부선,천안,4277,4433,8710
202108,경부선,당정,5436,5279,10715
202108,경부선,서동탄,1259,1110,2369
202108,경부선,광명,2728,2412,5140
202108,경부선,서울역,5472,1943,7415
202108,경부선,남영,8471,8806,17277
202108,경부선,용산,30942,31912,62854
202108,경부선,노량진,7561,7342,14903
202108,경부선,대방,11576,11686,23262
202108,경부선,영등포,33625,34833,68458
202108,경부선,신도림,3769,3734,7503
202108,경부선,신길,8218,6898,15116
202108,경부선,구로,17366,17678,35044
202108,경부선,가산디지털단지,16236,18915,35151
202108,경부선,금천구청,10511,10737,21248
202108,경부선,석수,8990,7919,16909
202108,경부선,관악,6472,6162,12634
202108,경부선,안양,19178,19276,38454
202108,경부선,명학,8267,8100,16367
202108,경부선,금정,24057,24316,48373
202108,경부선,군포,7114,6903,14017
202108,경부선,의왕,8107,8156,16263
202108,경부선,성균관대,12611,12425,25036
202108,경부선,화서,6558,6508,13066
202108,경부선,수원,30065,32385,62450
202108,경부선,독산,15986,16561,32547
202108,경부선,세류,2797,2574,5371
202108,경부선,병점,13118,12745,25863
202108,경부선,세마,2526,2358,4884
202108,경부선,오산대,2888,2674,5562
202108,경부선,오산,8898,8636,17534
202108,경부선,진위,1580,1259,2839
202108,경부선,송탄,3903,3696,7599
202108,경부선,서정리,6210,5355,11565
202108,경부선,평택지제,3113,2898,6011
202108,경부선,평택,11460,10834,22294
202108,경부선,성환,2988,2886,5874
202108,경부선,직산,775,733,1508
202108,경부선,두정,4603,4542,9145
202108,경부선,천안,4851,5147,9998
202108,경부선,당정,5467,5203,10670
202108,경부선,서동탄,1340,1186,2526
202108,경부선,광명,2994,2741,5735
202108,경부선,서울역,4793,1568,6361
202108,경부선,남영,8147,8535,16682
202108,경부선,용산,27883,27649,55532
202108,경부선,노량진,6525,6818,13343
202108,경부선,대방,11492,11954,23446
202108,경부선,영등포,29190,29499,58689
202108,경부선,신도림,3531,3619,7150
202108,경부선,신길,8086,6970,15056
202108,경부선,구로,17182,17117,34299
202108,경부선,가산디지털단지,16641,19659,36300
202108,경부선,금천구청,10422,10488,20910
202108,경부선,석수,8697,7816,16513
202108,경부선,관악,6176,5819,11995
202108,경부선,안양,18465,18338,36803
202108,경부선,명학,8256,8258,16514
202108,경부선,금정,22966,23691,46657
202108,경부선,군포,6973,7139,14112
202108,경부선,의왕,7728,7852,15580
202108,경부선,성균관대,11895,12001,23896
202108,경부선,화서,6484,6211,12695
202108,경부선,수원,26670,27971,54641
202108,경부선,독산,16093,17099,33192
202108,경부선,세류,2572,2367,4939
202108,경부선,병점,11771,11715,23486
202108,경부선,세마,2308,2275,4583
202108,경부선,오산대,2683,2502,5185
202108,경부선,오산,7903,8008,15911
202108,경부선,진위,1427,1296,2723
202108,경부선,송탄,3460,3243,6703
202108,경부선,서정리,5055,4862,9917
202108,경부선,평택지제,2672,2579,5251
202108,경부선,평택,9284,9204,18488
202108,경부선,성환,2577,2778,5355
202108,경부선,직산,608,624,1232
202108,경부선,두정,3908,4008,7916
202108,경부선,천안,4033,4199,8232
202108,경부선,당정,5442,5228,10670
202108,경부선,서동탄,1273,1131,2404
202108,경부선,광명,2915,2440,5355
202108,경부선,광명,2703,2369,5072
202108,경부선,서동탄,1272,1126,2398
202108,경부선,당정,5198,5060,10258
202108,경부선,천안,4000,4029,8029
202108,경부선,두정,3962,4018,7980
202108,경부선,직산,592,582,1174
202108,경부선,성환,2634,2710,5344
202108,경부선,평택,9207,9237,18444
202108,경부선,평택지제,2569,2471,5040
202108,경부선,서정리,5067,4877,9944
202108,경부선,송탄,3463,3260,6723
202108,경부선,진위,1444,1256,2700
202108,경부선,오산,7764,7849,15613
202108,경부선,오산대,2693,2459,5152
202108,경부선,세마,2353,2206,4559
202108,경부선,병점,11569,11397,22966
202108,경부선,세류,2507,2326,4833
202108,경부선,독산,16047,16914,32961
202108,경부선,수원,26159,27663,53822
202108,경부선,화서,6444,6237,12681
202108,경부선,성균관대,11597,11660,23257
202108,경부선,의왕,7561,7552,15113
202108,경부선,군포,6914,6901,13815
202108,경부선,금정,23036,23548,46584
202108,경부선,명학,8264,8176,16440
202108,경부선,안양,18141,18167,36308
202108,경부선,관악,6072,5764,11836
202108,경부선,석수,8578,7722,16300
202108,경부선,금천구청,10176,10331,20507
202108,경부선,가산디지털단지,16422,19169,35591
202108,경부선,구로,16807,17035,33842
202108,경부선,신길,8097,6920,15017
202108,경부선,신도림,3479,3455,6934
202108,경부선,영등포,30860,31290,62150
202108,경부선,대방,11435,11766,23201
202108,경부선,노량진,6602,6872,13474
202108,경부선,용산,26964,26645,53609
202108,경부선,남영,8161,8530,16691
202108,경부선,서울역,4330,1482,5812
202108,경부선,광명,2749,2397,5146
202108,경부선,서동탄,1319,1162,2481
202108,경부선,당정,5468,5299,10767
202108,경부선,천안,4072,4373,8445
202108,경부선,두정,4084,4022,8106
202108,경부선,직산,685,635,1320
202108,경부선,평택,9246,9270,18516
202108,경부선,평택지제,2657,2555,5212
202108,경부선,서정리,5116,4958,10074
202108,경부선,송탄,3527,3276,6803
202108,경부선,진위,1458,1313,2771
202108,경부선,오산,8099,8187,16286
202108,경부선,오산대,2763,2512,5275
202108,경부선,세마,2382,2323,4705
202108,경부선,병점,12217,12193,24410
202108,경부선,세류,2706,2485,5191
202108,경부선,독산,16301,17178,33479
202108,경부선,수원,27872,29388,57260
202108,경부선,화서,6738,6585,13323
202108,경부선,성균관대,12377,12331,24708
202108,경부선,의왕,8232,8258,16490
202108,경부선,군포,7163,7091,14254
202108,경부선,금정,24109,24302,48411
202108,경부선,명학,8362,8462,16824
202108,경부선,안양,19357,19248,38605
202108,경부선,관악,6459,6101,12560
202108,경부선,석수,9039,8035,17074
202108,경부선,금천구청,10802,10752,21554
202108,경부선,가산디지털단지,16636,19501,36137
202108,경부선,구로,17679,17903,35582
202108,경부선,신길,8644,7194,15838
202108,경부선,신도림,3832,3689,7521
202108,경부선,영등포,31957,32760,64717
202108,경부선,대방,11812,12257,24069
202108,경부선,노량진,7199,7421,14620
202108,경부선,용산,27997,28185,56182
202108,경부선,남영,8395,8882,17277
202108,경부선,서울역,4409,1456,5865
202108,경부선,성환,2619,2711,5330
202108,경부선,서울역,4436,1494,5930
202108,경부선,남영,8436,8849,17285
202108,경부선,용산,27959,28472,56431
202108,경부선,노량진,7315,7151,14466
202108,경부선,대방,11928,12220,24148
202108,경부선,영등포,31942,32665,64607
202108,경부선,신도림,3750,3682,7432
202108,경부선,신길,8455,7134,15589
202108,경부선,구로,17574,17617,35191
202108,경부선,가산디지털단지,16421,19376,35797
202108,경부선,금천구청,10851,10932,21783
202108,경부선,석수,9179,8184,17363
202108,경부선,관악,6657,6144,12801
202108,경부선,안양,19330,19443,38773
202108,경부선,명학,8488,8362,16850
202108,경부선,금정,24078,24436,48514
202108,경부선,군포,7130,7169,14299
202108,경부선,의왕,8387,8255,16642
202108,경부선,성균관대,12403,12366,24769
202108,경부선,화서,6873,6604,13477
202108,경부선,수원,28694,30298,58992
202108,경부선,독산,16295,17102,33397
202108,경부선,세류,2718,2487,5205
202108,경부선,병점,12406,12361,24767
202108,경부선,세마,2352,2355,4707
202108,경부선,오산대,2886,2671,5557
202108,경부선,오산,8340,8343,16683
202108,경부선,진위,1546,1356,2902
202108,경부선,송탄,3655,3427,7082
202108,경부선,서정리,5334,5039,10373
202108,경부선,평택지제,2720,2611,5331
202108,경부선,평택,9752,9643,19395
202108,경부선,성환,2743,2822,5565
202108,경부선,직산,641,679,1320
202108,경부선,두정,4287,4262,8549
202108,경부선,천안,4363,4544,8907
202108,경부선,당정,5533,5380,10913
202108,경부선,서동탄,1280,1179,2459
202108,경부선,광명,2804,2511,5315
202108,경부선,서울역,5629,2018,7647
202108,경부선,남영,8460,8793,17253
202108,경부선,용산,31379,32680,64059
202108,경부선,노량진,7269,7267,14536
202108,경부선,대방,11668,11958,23626
202108,경부선,영등포,33892,35056,68948
202108,경부선,신도림,3661,3680,7341
202108,경부선,신길,8357,6939,15296
202108,경부선,구로,17445,17732,35177
202108,경부선,가산디지털단지,16179,18901,35080
202108,경부선,금천구청,10951,10835,21786
202108,경부선,석수,8809,7814,16623
202108,경부선,관악,6333,6012,12345
202108,경부선,안양,19122,19500,38622
202108,경부선,명학,8292,8113,16405
202108,경부선,금정,23810,24115,47925
202108,경부선,군포,7040,6911,13951
202108,경부선,의왕,8015,7991,16006
202108,경부선,성균관대,12501,12292,24793
202108,경부선,화서,6494,6411,12905
202108,경부선,수원,30078,32775,62853
202108,경부선,독산,15939,16811,32750
202108,경부선,세류,2733,2474,5207
202108,경부선,병점,13033,12627,25660
202108,경부선,세마,2501,2316,4817
202108,경부선,오산대,2954,2739,5693
202108,경부선,오산,8903,8666,17569
202108,경부선,진위,1580,1313,2893
202108,경부선,송탄,3928,3534,7462
202108,경부선,서정리,6169,5253,11422
202108,경부선,평택지제,3167,3014,6181
202108,경부선,평택,11057,10611,21668
202108,경부선,성환,2937,2803,5740
202108,경부선,직산,730,668,1398
202108,경부선,두정,4630,4586,9216
202108,경부선,천안,4718,5016,9734
202108,경부선,당정,5443,5240,10683
202108,경부선,서동탄,1334,1190,2524
202108,경부선,광명,3055,2866,5921
202108,경부선,서울역,4971,1571,6542
202108,경부선,남영,8566,8985,17551
202108,경부선,용산,28511,28228,56739
202108,경부선,노량진,7357,7437,14794
202108,경부선,대방,12282,12630,24912
202108,경부선,영등포,31923,32418,64341
202108,경부선,신도림,3899,3962,7861
202108,경부선,신길,8764,7345,16109
202108,경부선,구로,17870,17881,35751
202108,경부선,가산디지털단지,16878,19846,36724
202108,경부선,금천구청,11010,10995,22005
202108,경부선,석수,9209,8185,17394
202108,경부선,관악,6548,6163,12711
202108,경부선,안양,20045,19976,40021
202108,경부선,명학,8691,8640,17331
202108,경부선,금정,24314,24722,49036
202108,경부선,군포,7150,7242,14392
202108,경부선,의왕,8454,8424,16878
202108,경부선,성균관대,12654,12745,25399
202108,경부선,화서,6991,6776,13767
202108,경부선,수원,29532,30699,60231
202108,경부선,독산,16385,17299,33684
202108,경부선,세류,2888,2579,5467
202108,경부선,병점,12654,12548,25202
202108,경부선,세마,2520,2330,4850
202108,경부선,오산대,2961,2698,5659
202108,경부선,오산,8399,8567,16966
202108,경부선,진위,1506,1325,2831
202108,경부선,송탄,3856,3631,7487
202108,경부선,서정리,6131,5999,12130
202108,경부선,평택지제,2870,2740,5610
202108,경부선,평택,10394,10449,20843
202108,경부선,성환,4083,4306,8389
202108,경부선,직산,714,676,1390
202108,경부선,두정,4627,4838,9465
202108,경부선,천안,4669,4760,9429
202108,경부선,당정,5668,5397,11065
202108,경부선,서동탄,1403,1213,2616
202108,경부선,광명,3052,2598,5650
202108,경부선,서울역,4393,1447,5840
202108,경부선,남영,8130,8603,16733
202108,경부선,용산,27408,26978,54386
202108,경부선,노량진,6410,6813,13223
202108,경부선,대방,11338,12139,23477
202108,경부선,영등포,31306,31657,62963
202108,경부선,신도림,3220,3389,6609
202108,경부선,신길,8251,7090,15341
202108,경부선,구로,17130,17313,34443
202108,경부선,가산디지털단지,15853,19316,35169
202108,경부선,금천구청,10283,10231,20514
202108,경부선,석수,8800,7805,16605
202108,경부선,관악,6289,5897,12186
202108,경부선,안양,18587,18706,37293
202108,경부선,명학,8336,8363,16699
202108,경부선,금정,23191,23746,46937
202108,경부선,군포,6940,7055,13995
202108,경부선,의왕,7933,7843,15776
202108,경부선,성균관대,12078,12040,24118
202108,경부선,화서,6564,6299,12863
202108,경부선,수원,27227,28467,55694
202108,경부선,독산,16239,17433,33672
202108,경부선,세류,2648,2470,5118
202108,경부선,병점,12003,12005,24008
202108,경부선,세마,2320,2234,4554
202108,경부선,오산대,2777,2475,5252
202108,경부선,오산,7978,8090,16068
202108,경부선,진위,1395,1233,2628
202108,경부선,송탄,3595,3467,7062
202108,경부선,서정리,5795,5562,11357
202108,경부선,평택지제,2644,2496,5140
202108,경부선,평택,9569,9656,19225
202108,경부선,성환,3624,3703,7327
202108,경부선,직산,620,633,1253
202108,경부선,두정,4375,4528,8903
202108,경부선,천안,4239,4355,8594
202108,경부선,당정,5322,5140,10462
202108,경부선,서동탄,1276,1090,2366
202108,경부선,광명,2735,2368,5103
202109,경부선,서울역,3769,1385,5154
202109,경부선,남영,8497,8888,17385
202109,경부선,용산,27575,27898,55473
202109,경부선,노량진,7483,7673,15156
202109,경부선,대방,12061,12251,24312
202109,경부선,영등포,31490,32524,64014
202109,경부선,신도림,3883,3852,7735
202109,경부선,신길,8562,7140,15702
202109,경부선,구로,17876,18131,36007
202109,경부선,가산디지털단지,16706,19899,36605
202109,경부선,금천구청,10874,10810,21684
202109,경부선,석수,8993,8083,17076
202109,경부선,관악,6396,6031,12427
202109,경부선,안양,19454,19477,38931
202109,경부선,명학,8504,8449,16953
202109,경부선,금정,24139,24558,48697
202109,경부선,군포,7161,7108,14269
202109,경부선,의왕,8259,8195,16454
202109,경부선,성균관대,12529,12539,25068
202109,경부선,화서,6736,6514,13250
202109,경부선,수원,27717,29361,57078
202109,경부선,독산,16487,17256,33743
202109,경부선,세류,2711,2456,5167
202109,경부선,병점,12289,12295,24584
202109,경부선,세마,2304,2143,4447
202109,경부선,오산대,2821,2564,5385
202109,경부선,오산,7876,8086,15962
202109,경부선,진위,1384,1186,2570
202109,경부선,송탄,3638,3400,7038
202109,경부선,서정리,5850,5616,11466
202109,경부선,평택지제,2588,2445,5033
202109,경부선,평택,9334,9456,18790
202109,경부선,성환,3953,3903,7856
202109,경부선,직산,630,572,1202
202109,경부선,두정,4502,4508,9010
202109,경부선,천안,4110,4331,8441
202109,경부선,당정,5518,5332,10850
202109,경부선,서동탄,1273,1164,2437
202109,경부선,광명,2699,2401,5100
202109,경부선,광명,2701,2431,5132
202109,경부선,서동탄,1365,1166,2531
202109,경부선,당정,5622,5458,11080
202109,경부선,천안,4528,4725,9253
202109,경부선,두정,4888,4735,9623
202109,경부선,직산,705,701,1406
202109,경부선,성환,4224,4134,8358
202109,경부선,평택,10025,9905,19930
202109,경부선,평택지제,2731,2637,5368
202109,경부선,서정리,6031,5850,11881
202109,경부선,송탄,3832,3529,7361
202109,경부선,진위,1492,1350,2842
202109,경부선,오산,8357,8378,16735
202109,경부선,오산대,2913,2706,5619
202109,경부선,세마,2541,2422,4963
202109,경부선,병점,12760,12793,25553
202109,경부선,세류,2744,2475,5219
202109,경부선,독산,16494,17456,33950
202109,경부선,수원,29098,30380,59478
202109,경부선,화서,6957,6664,13621
202109,경부선,성균관대,12859,12815,25674
202109,경부선,의왕,8453,8463,16916
202109,경부선,군포,7362,7349,14711
202109,경부선,금정,24756,25184,49940
202109,경부선,명학,8754,8570,17324
202109,경부선,안양,20154,20184,40338
202109,경부선,관악,6705,6253,12958
202109,경부선,석수,9371,8282,17653
202109,경부선,금천구청,11134,11045,22179
202109,경부선,가산디지털단지,17143,20003,37146
202109,경부선,구로,17769,18005,35774
202109,경부선,신길,8594,7199,15793
202109,경부선,신도림,3888,3949,7837
202109,경부선,영등포,32474,33208,65682
202109,경부선,대방,12240,12466,24706
202109,경부선,노량진,7598,7592,15190
202109,경부선,용산,28071,28451,56522
202109,경부선,남영,8544,8972,17516
202109,경부선,서울역,4046,1444,5490
202109,경부선,광명,3221,3113,6334
202109,경부선,서동탄,1474,1340,2814
202109,경부선,당정,5703,5454,11157
202109,경부선,천안,5540,5935,11475
202109,경부선,두정,5736,5271,11007
202109,경부선,직산,817,757,1574
202109,경부선,성환,3964,3656,7620
202109,경부선,평택,12156,11751,23907
202109,경부선,평택지제,3223,3174,6397
202109,경부선,서정리,6633,5697,12330
202109,경부선,송탄,4398,3850,8248
202109,경부선,진위,1680,1413,3093
202109,경부선,오산,9529,9343,18872
202109,경부선,오산대,3154,2937,6091
202109,경부선,세마,2705,2511,5216
202109,경부선,병점,14078,13845,27923
202109,경부선,세류,2986,2698,5684
202109,경부선,독산,16823,17592,34415
202109,경부선,수원,32347,35242,67589
202109,경부선,화서,7159,7002,14161
202109,경부선,성균관대,13531,13178,26709
202109,경부선,의왕,8546,8593,17139
202109,경부선,군포,7349,7176,14525
202109,경부선,금정,25083,25214,50297
202109,경부선,명학,8707,8607,17314
202109,경부선,안양,20849,20975,41824
202109,경부선,관악,6847,6462,13309
202109,경부선,석수,9706,8554,18260
202109,경부선,금천구청,11426,11449,22875
202109,경부선,가산디지털단지,17175,19894,37069
202109,경부선,구로,17942,18406,36348
202109,경부선,신길,8959,7447,16406
202109,경부선,신도림,4008,3997,8005
202109,경부선,영등포,35574,36814,72388
202109,경부선,대방,12348,12447,24795
202109,경부선,노량진,8204,8081,16285
202109,경부선,용산,32703,33986,66689
202109,경부선,남영,8822,9229,18051
202109,경부선,서울역,5655,2045,7700
202109,경부선,서울역,4678,1586,6264
202109,경부선,남영,8556,8986,17542
202109,경부선,용산,27991,28035,56026
202109,경부선,노량진,7459,7590,15049
202109,경부선,대방,12092,12595,24687
202109,경부선,영등포,32351,32889,65240
202109,경부선,신도림,3782,3835,7617
202109,경부선,신길,8576,7329,15905
202109,경부선,구로,17885,18035,35920
202109,경부선,가산디지털단지,17349,20523,37872
202109,경부선,금천구청,11276,11093,22369
202109,경부선,석수,9445,8419,17864
202109,경부선,관악,6587,6112,12699
202109,경부선,안양,20257,20062,40319
202109,경부선,명학,8683,8699,17382
202109,경부선,금정,24273,25071,49344
202109,경부선,군포,7232,7282,14514
202109,경부선,의왕,8348,8372,16720
202109,경부선,성균관대,12842,13002,25844
202109,경부선,화서,7105,6767,13872
202109,경부선,수원,29225,30476,59701
202109,경부선,독산,17189,18095,35284
202109,경부선,세류,2898,2548,5446
202109,경부선,병점,12884,12747,25631
202109,경부선,세마,2518,2422,4940
202109,경부선,오산대,2978,2682,5660
202109,경부선,오산,8422,8545,16967
202109,경부선,진위,1510,1368,2878
202109,경부선,송탄,3931,3863,7794
202109,경부선,서정리,6128,6017,12145
202109,경부선,평택지제,3009,2756,5765
202109,경부선,평택,10572,10536,21108
202109,경부선,성환,4152,4384,8536
202109,경부선,직산,697,694,1391
202109,경부선,두정,4778,5069,9847
202109,경부선,천안,4624,4751,9375
202109,경부선,당정,5694,5514,11208
202109,경부선,서동탄,1381,1212,2593
202109,경부선,광명,2979,2554,5533
202109,경부선,서울역,3930,1435,5365
202109,경부선,남영,8429,8748,17177
202109,경부선,용산,26086,26402,52488
202109,경부선,노량진,6845,7129,13974
202109,경부선,대방,11617,12109,23726
202109,경부선,영등포,30352,30966,61318
202109,경부선,신도림,3430,3513,6943
202109,경부선,신길,8379,7059,15438
202109,경부선,구로,16880,17065,33945
202109,경부선,가산디지털단지,16821,19978,36799
202109,경부선,금천구청,10360,10544,20904
202109,경부선,석수,8877,7908,16785
202109,경부선,관악,6389,6057,12446
202109,경부선,안양,18951,18869,37820
202109,경부선,명학,8444,8384,16828
202109,경부선,금정,23468,23817,47285
202109,경부선,군포,6896,7058,13954
202109,경부선,의왕,7833,7853,15686
202109,경부선,성균관대,11810,11889,23699
202109,경부선,화서,6529,6344,12873
202109,경부선,수원,26963,28621,55584
202109,경부선,독산,16602,17336,33938
202109,경부선,세류,2634,2435,5069
202109,경부선,병점,12071,11984,24055
202109,경부선,세마,2286,2230,4516
202109,경부선,오산대,2792,2599,5391
202109,경부선,오산,7940,7925,15865
202109,경부선,진위,1430,1239,2669
202109,경부선,송탄,3592,3433,7025
202109,경부선,서정리,5870,5582,11452
202109,경부선,평택지제,2650,2523,5173
202109,경부선,평택,9393,9848,19241
202109,경부선,성환,3491,3603,7094
202109,경부선,직산,615,623,1238
202109,경부선,두정,4682,4640,9322
202109,경부선,천안,4332,4361,8693
202109,경부선,당정,5423,5159,10582
202109,경부선,서동탄,1314,1138,2452
202109,경부선,광명,2684,2334,5018
202109,경부선,서울역,4115,1410,5525
202109,경부선,남영,8887,9271,18158
202109,경부선,용산,28003,28409,56412
202109,경부선,노량진,8096,8147,16243
202109,경부선,대방,12437,12844,25281
202109,경부선,영등포,32585,33550,66135
202109,경부선,신도림,3930,3994,7924
202109,경부선,신길,9066,7579,16645
202109,경부선,구로,18776,19467,38243
202109,경부선,가산디지털단지,17527,20577,38104
202109,경부선,금천구청,11517,11406,22923
202109,경부선,석수,9605,8476,18081
202109,경부선,관악,6857,6459,13316
202109,경부선,안양,20688,20585,41273
202109,경부선,명학,8929,8787,17716
202109,경부선,금정,25184,25667,50851
202109,경부선,군포,7485,7499,14984
202109,경부선,의왕,8686,8510,17196
202109,경부선,성균관대,13145,13080,26225
202109,경부선,화서,7284,7068,14352
202109,경부선,수원,29986,31429,61415
202109,경부선,독산,17021,17836,34857
202109,경부선,세류,2899,2617,5516
202109,경부선,병점,13191,13174,26365
202109,경부선,세마,2570,2413,4983
202109,경부선,오산대,3091,2861,5952
202109,경부선,오산,8889,8864,17753
202109,경부선,진위,1545,1364,2909
202109,경부선,송탄,3778,3710,7488
202109,경부선,서정리,6223,5983,12206
202109,경부선,평택지제,2844,2699,5543
202109,경부선,평택,10054,10131,20185
202109,경부선,성환,3966,4023,7989
202109,경부선,직산,684,668,1352
202109,경부선,두정,4953,4987,9940
202109,경부선,천안,4653,4758,9411
202109,경부선,당정,5821,5564,11385
202109,경부선,서동탄,1375,1211,2586
202109,경부선,광명,2761,2441,5202
202109,경부선,구로,18167,18608,36775
202109,경부선,오산대,3080,2896,5976
202109,경부선,오산,8594,8700,17294
202109,경부선,진위,1475,1298,2773
202109,경부선,송탄,3916,3578,7494
202109,경부선,서울역,4498,1576,6074
202109,경부선,남영,8634,9112,17746
202109,경부선,용산,29233,29270,58503
202109,경부선,노량진,8070,8062,16132
202109,경부선,대방,12359,12779,25138
202109,경부선,영등포,32861,33713,66574
202109,경부선,신도림,3977,3957,7934
202109,경부선,신길,8901,7446,16347
202109,경부선,가산디지털단지,17218,20327,37545
202109,경부선,금천구청,11454,11477,22931
202109,경부선,석수,9633,8477,18110
202109,경부선,관악,6919,6459,13378
202109,경부선,안양,20725,20485,41210
202109,경부선,명학,8837,8620,17457
202109,경부선,금정,25015,25654,50669
202109,경부선,군포,7453,7388,14841
202109,경부선,의왕,8547,8484,17031
202109,경부선,성균관대,13165,13106,26271
202109,경부선,화서,7294,6972,14266
202109,경부선,수원,29478,31265,60743
202109,경부선,독산,17060,17787,34847
202109,경부선,세류,2856,2582,5438
202109,경부선,병점,13163,13099,26262
202109,경부선,세마,2496,2407,4903
202109,경부선,서정리,6362,5871,12233
202109,경부선,평택지제,2687,2733,5420
202109,경부선,평택,10367,10312,20679
202109,경부선,성환,3879,3858,7737
202109,경부선,직산,694,728,1422
202109,경부선,두정,5244,5069,10313
202109,경부선,천안,4994,5028,10022
202109,경부선,당정,5804,5691,11495
202109,경부선,서동탄,1408,1260,2668
202109,경부선,광명,2884,2576,5460
202109,경부선,광명,3218,2977,6195
202109,경부선,서동탄,1398,1227,2625
202109,경부선,당정,5862,5566,11428
202109,경부선,천안,5465,5627,11092
202109,경부선,두정,6091,5648,11739
202109,경부선,직산,821,747,1568
202109,경부선,성환,3690,3301,6991
202109,경부선,평택,12257,11669,23926
202109,경부선,평택지제,3265,3151,6416
202109,경부선,서정리,6769,5873,12642
202109,경부선,송탄,4499,3951,8450
202109,경부선,진위,1656,1358,3014
202109,경부선,오산,9453,9190,18643
202109,경부선,오산대,3219,3015,6234
202109,경부선,세마,2728,2559,5287
202109,경부선,병점,13950,13821,27771
202109,경부선,세류,3048,2815,5863
202109,경부선,독산,16750,17306,34056
202109,경부선,수원,32428,35338,67766
202109,경부선,화서,7225,7188,14413
202109,경부선,성균관대,13474,13192,26666
202109,경부선,의왕,8570,8582,17152
202109,경부선,군포,7378,7311,14689
202109,경부선,금정,25408,25707,51115
202109,경부선,명학,8591,8398,16989
202109,경부선,안양,20491,20733,41224
202109,경부선,관악,6862,6506,13368
202109,경부선,석수,9702,8447,18149
202109,경부선,금천구청,11444,11443,22887
202109,경부선,가산디지털단지,16858,19803,36661
202109,경부선,구로,18375,18750,37125
202109,경부선,신길,8981,7457,16438
202109,경부선,신도림,3990,3999,7989
202109,경부선,영등포,35800,37284,73084
202109,경부선,대방,12436,12496,24932
202109,경부선,노량진,8600,8403,17003
202109,경부선,용산,32610,33796,66406
202109,경부선,남영,8843,9187,18030
202109,경부선,서울역,5866,2078,7944
202109,경부선,광명,3013,2498,5511
202109,경부선,서동탄,1493,1191,2684
202109,경부선,당정,5896,5620,11516
202109,경부선,천안,4726,4954,9680
202109,경부선,두정,4822,4955,9777
202109,경부선,직산,705,707,1412
202109,경부선,성환,4037,4293,8330
202109,경부선,평택,10928,10971,21899
202109,경부선,평택지제,2978,2836,5814
202109,경부선,서정리,6442,6256,12698
202109,경부선,송탄,3946,3784,7730
202109,경부선,진위,1533,1422,2955
202109,경부선,오산,9280,9425,18705
202109,경부선,오산대,3432,3176,6608
202109,경부선,세마,2554,2465,5019
202109,경부선,병점,13377,13247,26624
202109,경부선,세류,2964,2685,5649
202109,경부선,독산,17283,18173,35456
202109,경부선,수원,30381,31940,62321
202109,경부선,화서,7295,6962,14257
202109,경부선,성균관대,12900,13133,26033
202109,경부선,의왕,8562,8578,17140
202109,경부선,군포,7272,7417,14689
202109,경부선,금정,24658,25387,50045
202109,경부선,명학,8765,8742,17507
202109,경부선,안양,21796,21543,43339
202109,경부선,관악,6806,6325,13131
202109,경부선,석수,9517,8491,18008
202109,경부선,금천구청,11373,11286,22659
202109,경부선,가산디지털단지,17560,20606,38166
202109,경부선,구로,18008,18079,36087
202109,경부선,신길,8928,7503,16431
202109,경부선,신도림,3970,3953,7923
202109,경부선,영등포,32851,33594,66445
202109,경부선,대방,12389,12609,24998
202109,경부선,노량진,8012,8050,16062
202109,경부선,용산,28581,28938,57519
202109,경부선,남영,8677,9123,17800
202109,경부선,서울역,4932,1600,6532
202109,경부선,서울역,4404,1471,5875
202109,경부선,남영,8906,9331,18237
202109,경부선,용산,28195,28504,56699
202109,경부선,노량진,8209,8154,16363
202109,경부선,대방,12448,12776,25224
202109,경부선,영등포,32936,33799,66735
202109,경부선,신도림,4032,4051,8083
202109,경부선,신길,8948,7604,16552
202109,경부선,구로,17931,18343,36274
202109,경부선,가산디지털단지,17267,20441,37708
202109,경부선,금천구청,11492,11421,22913
202109,경부선,석수,9707,8501,18208
202109,경부선,관악,6907,6460,13367
202109,경부선,안양,21512,21638,43150
202109,경부선,명학,8919,8887,17806
202109,경부선,금정,25069,25498,50567
202109,경부선,군포,7535,7404,14939
202109,경부선,의왕,8606,8523,17129
202109,경부선,성균관대,12906,12973,25879
202109,경부선,화서,7171,6910,14081
202109,경부선,수원,29689,31141,60830
202109,경부선,독산,17231,18228,35459
202109,경부선,세류,2853,2623,5476
202109,경부선,병점,13135,13021,26156
202109,경부선,세마,2588,2481,5069
202109,경부선,오산대,3381,3098,6479
202109,경부선,오산,9026,8791,17817
202109,경부선,진위,1535,1390,2925
202109,경부선,송탄,3920,3730,7650
202109,경부선,서정리,6328,6055,12383
202109,경부선,평택지제,2831,2700,5531
202109,경부선,평택,10473,10414,20887
202109,경부선,성환,3630,3761,7391
202109,경부선,직산,734,737,1471
202109,경부선,두정,4680,4739,9419
202109,경부선,천안,4597,4771,9368
202109,경부선,당정,5764,5694,11458
202109,경부선,서동탄,1442,1158,2600
202109,경부선,광명,2883,2575,5458
202109,경부선,서울역,4580,1598,6178
202109,경부선,남영,9120,9484,18604
202109,경부선,용산,28657,29976,58633
202109,경부선,노량진,8409,8549,16958
202109,경부선,대방,12543,12856,25399
202109,경부선,영등포,33605,34571,68176
202109,경부선,신도림,4132,4208,8340
202109,경부선,신길,8939,7425,16364
202109,경부선,구로,18137,18678,36815
202109,경부선,가산디지털단지,17544,20551,38095
202109,경부선,금천구청,11416,11486,22902
202109,경부선,석수,9754,8642,18396
202109,경부선,관악,7037,6515,13552
202109,경부선,안양,22202,21878,44080
202109,경부선,명학,8949,8876,17825
202109,경부선,금정,25391,26192,51583
202109,경부선,군포,7476,7450,14926
202109,경부선,의왕,8854,8687,17541
202109,경부선,성균관대,13424,13095,26519
202109,경부선,화서,7356,7099,14455
202109,경부선,수원,30611,32268,62879
202109,경부선,독산,17518,18357,35875
202109,경부선,세류,2873,2683,5556
202109,경부선,병점,13239,13386,26625
202109,경부선,세마,2628,2489,5117
202109,경부선,오산대,3432,3295,6727
202109,경부선,오산,9138,8985,18123
202109,경부선,진위,1589,1431,3020
202109,경부선,송탄,3940,3716,7656
202109,경부선,서정리,6460,5998,12458
202109,경부선,평택지제,2894,2773,5667
202109,경부선,평택,10575,10607,21182
202109,경부선,성환,3892,3945,7837
202109,경부선,직산,714,708,1422
202109,경부선,두정,4939,4838,9777
202109,경부선,천안,4738,4860,9598
202109,경부선,당정,5909,5697,11606
202109,경부선,서동탄,1435,1220,2655
202109,경부선,광명,2863,2596,5459
202109,경부선,서울역,4796,2249,7045
202109,경부선,남영,9113,9479,18592
202109,경부선,용산,29436,34200,63636
202109,경부선,노량진,8747,8494,17241
202109,경부선,대방,12642,12751,25393
202109,경부선,영등포,34142,35693,69835
202109,경부선,신도림,4125,4139,8264
202109,경부선,신길,9062,7539,16601
202109,경부선,구로,18152,18396,36548
202109,경부선,가산디지털단지,17392,20464,37856
202109,경부선,금천구청,11549,11352,22901
202109,경부선,석수,9703,8437,18140
202109,경부선,관악,6941,6475,13416
202109,경부선,안양,21938,21762,43700
202109,경부선,명학,9059,8905,17964
202109,경부선,금정,25789,26106,51895
202109,경부선,군포,7515,7274,14789
202109,경부선,의왕,8594,8616,17210
202109,경부선,성균관대,13441,12874,26315
202109,경부선,화서,7265,7028,14293
202109,경부선,수원,30809,33432,64241
202109,경부선,독산,17562,18242,35804
202109,경부선,세류,2891,2581,5472
202109,경부선,병점,13457,13159,26616
202109,경부선,세마,2612,2460,5072
202109,경부선,오산대,3270,3026,6296
202109,경부선,오산,8914,8664,17578
202109,경부선,진위,1558,1336,2894
202109,경부선,송탄,3934,3695,7629
202109,경부선,서정리,6537,5984,12521
202109,경부선,평택지제,3010,2959,5969
202109,경부선,평택,10702,10681,21383
202109,경부선,성환,4103,3882,7985
202109,경부선,직산,706,711,1417
202109,경부선,두정,5149,4825,9974
202109,경부선,천안,4839,4992,9831
202109,경부선,당정,6022,5599,11621
202109,경부선,서동탄,1425,1189,2614
202109,경부선,광명,2883,2913,5796
202109,경부선,서울역,4340,2038,6378
202109,경부선,남영,8945,9244,18189
202109,경부선,용산,30148,32798,62946
202109,경부선,노량진,8970,8656,17626
202109,경부선,대방,12266,12455,24721
202109,경부선,영등포,36975,38505,75480
202109,경부선,신도림,4033,4060,8093
202109,경부선,신길,8821,7266,16087
202109,경부선,구로,18004,18536,36540
202109,경부선,가산디지털단지,16542,19435,35977
202109,경부선,금천구청,11675,11704,23379
202109,경부선,석수,9636,8451,18087
202109,경부선,관악,6818,6451,13269
202109,경부선,안양,21898,22198,44096
202109,경부선,명학,8530,8347,16877
202109,경부선,금정,25412,25468,50880
202109,경부선,군포,7245,7105,14350
202109,경부선,의왕,8673,8414,17087
202109,경부선,성균관대,14023,13263,27286
202109,경부선,화서,7158,7097,14255
202109,경부선,수원,33433,37102,70535
202109,경부선,독산,17108,17538,34646
202109,경부선,세류,3209,3100,6309
202109,경부선,병점,14540,14236,28776
202109,경부선,세마,2740,2553,5293
202109,경부선,오산대,3299,3122,6421
202109,경부선,오산,10236,9892,20128
202109,경부선,진위,1691,1402,3093
202109,경부선,송탄,4720,4258,8978
202109,경부선,서정리,7813,6209,14022
202109,경부선,평택지제,3627,3127,6754
202109,경부선,평택,14007,13057,27064
202109,경부선,성환,3852,3341,7193
202109,경부선,직산,739,733,1472
202109,경부선,두정,6335,6025,12360
202109,경부선,천안,6009,6483,12492
202109,경부선,당정,5745,5541,11286
202109,경부선,서동탄,1405,1308,2713
202109,경부선,광명,2920,2835,5755
202109,경부선,서울역,2871,954,3825
202109,경부선,남영,2723,2556,5279
202109,경부선,용산,19909,21354,41263
202109,경부선,노량진,5336,4844,10180
202109,경부선,대방,3735,3422,7157
202109,경부선,영등포,18256,18381,36637
202109,경부선,신도림,1530,1421,2951
202109,경부선,신길,3439,2678,6117
202109,경부선,구로,7042,7161,14203
202109,경부선,가산디지털단지,3514,4742,8256
202109,경부선,금천구청,4293,4425,8718
202109,경부선,석수,3464,3290,6754
202109,경부선,관악,2866,2821,5687
202109,경부선,안양,9273,9551,18824
202109,경부선,명학,2264,2099,4363
202109,경부선,금정,9957,10158,20115
202109,경부선,군포,2430,2258,4688
202109,경부선,의왕,3042,3061,6103
202109,경부선,성균관대,5195,5151,10346
202109,경부선,화서,2651,2727,5378
202109,경부선,수원,24332,25617,49949
202109,경부선,독산,4387,4166,8553
202109,경부선,세류,1662,1689,3351
202109,경부선,병점,6481,6548,13029
202109,경부선,세마,1165,1075,2240
202109,경부선,오산대,1505,1439,2944
202109,경부선,오산,6195,6116,12311
202109,경부선,진위,652,651,1303
202109,경부선,송탄,2760,2728,5488
202109,경부선,서정리,3130,3261,6391
202109,경부선,평택지제,1414,1412,2826
202109,경부선,평택,9257,9675,18932
202109,경부선,성환,2160,2374,4534
202109,경부선,직산,458,480,938
202109,경부선,두정,2907,2735,5642
202109,경부선,천안,4841,5687,10528
202109,경부선,당정,1918,1818,3736
202109,경부선,서동탄,553,615,1168
202109,경부선,광명,1374,1247,2621
202109,경부선,서울역,3713,749,4462
202109,경부선,남영,2073,2374,4447
202109,경부선,용산,17540,15652,33192
202109,경부선,노량진,3564,3763,7327
202109,경부선,대방,3023,3347,6370
202109,경부선,영등포,15609,16230,31839
202109,경부선,신도림,1066,1242,2308
202109,경부선,신길,2924,2764,5688
202109,경부선,구로,5548,5973,11521
202109,경부선,가산디지털단지,2937,4623,7560
202109,경부선,금천구청,4082,4271,8353
202109,경부선,석수,3005,2693,5698
202109,경부선,관악,2497,2344,4841
202109,경부선,안양,7662,7902,15564
202109,경부선,명학,1981,2008,3989
202109,경부선,금정,8542,8844,17386
202109,경부선,군포,2014,1910,3924
202109,경부선,의왕,2720,2540,5260
202109,경부선,성균관대,4309,4681,8990
202109,경부선,화서,2501,2420,4921
202109,경부선,수원,21588,21641,43229
202109,경부선,독산,3532,3837,7369
202109,경부선,세류,1656,1557,3213
202109,경부선,병점,5763,6372,12135
202109,경부선,세마,1014,954,1968
202109,경부선,오산대,1406,1284,2690
202109,경부선,오산,5924,5821,11745
202109,경부선,진위,597,498,1095
202109,경부선,송탄,2489,2442,4931
202109,경부선,서정리,2949,3142,6091
202109,경부선,평택지제,1487,1343,2830
202109,경부선,평택,9490,8486,17976
202109,경부선,성환,2119,2014,4133
202109,경부선,직산,486,424,910
202109,경부선,두정,2730,2872,5602
202109,경부선,천안,6433,4765,11198
202109,경부선,당정,1711,1738,3449
202109,경부선,서동탄,610,473,1083
202109,경부선,광명,1294,857,2151
202109,경부선,서울역,5342,972,6314
202109,경부선,남영,2996,3481,6477
202109,경부선,용산,23963,21120,45083
202109,경부선,노량진,4768,4664,9432
202109,경부선,대방,3939,4605,8544
202109,경부선,영등포,24571,25376,49947
202109,경부선,신도림,1617,1725,3342
202109,경부선,신길,3650,3379,7029
202109,경부선,구로,7747,7855,15602
202109,경부선,가산디지털단지,3844,5848,9692
202109,경부선,금천구청,5191,5223,10414
202109,경부선,광명,1964,1404,3368
202109,경부선,서동탄,730,720,1450
202109,경부선,당정,2510,2376,4886
202109,경부선,천안,7349,5866,13215
202109,경부선,두정,3869,4142,8011
202109,경부선,직산,486,494,980
202109,경부선,성환,2226,2561,4787
202109,경부선,평택,11589,11371,22960
202109,경부선,평택지제,1948,2036,3984
202109,경부선,서정리,3773,5440,9213
202109,경부선,송탄,3095,3536,6631
202109,경부선,진위,693,585,1278
202109,경부선,오산,7417,7635,15052
202109,경부선,오산대,1974,1914,3888
202109,경부선,세마,1502,1359,2861
202109,경부선,병점,8014,8726,16740
202109,경부선,세류,2066,1795,3861
202109,경부선,독산,4898,5154,10052
202109,경부선,수원,30011,28998,59009
202109,경부선,화서,3370,3126,6496
202109,경부선,성균관대,6022,6925,12947
202109,경부선,의왕,3830,3806,7636
202109,경부선,군포,2591,2466,5057
202109,경부선,금정,11321,11622,22943
202109,경부선,명학,2633,2769,5402
202109,경부선,안양,11384,11128,22512
202109,경부선,관악,3607,3323,6930
202109,경부선,석수,4281,3890,8171
202109,경부선,서울역,7693,1422,9115
202109,경부선,남영,8129,8633,16762
202109,경부선,용산,33127,27708,60835
202109,경부선,노량진,7255,7435,14690
202109,경부선,대방,11230,11770,23000
202109,경부선,영등포,33554,33640,67194
202109,경부선,신도림,3871,3913,7784
202109,경부선,신길,8232,7144,15376
202109,경부선,구로,17099,17213,34312
202109,경부선,가산디지털단지,15802,18739,34541
202109,경부선,금천구청,10771,10688,21459
202109,경부선,석수,8829,7865,16694
202109,경부선,관악,6356,5966,12322
202109,경부선,안양,20627,20403,41030
202109,경부선,명학,7923,7854,15777
202109,경부선,금정,22674,23109,45783
202109,경부선,군포,6930,6914,13844
202109,경부선,의왕,7517,7584,15101
202109,경부선,성균관대,12006,12837,24843
202109,경부선,화서,6770,6537,13307
202109,경부선,수원,31536,31179,62715
202109,경부선,독산,15466,16386,31852
202109,경부선,세류,2778,2504,5282
202109,경부선,병점,12448,12499,24947
202109,경부선,세마,2419,2271,4690
202109,경부선,오산대,3080,2946,6026
202109,경부선,오산,8893,9005,17898
202109,경부선,진위,1333,1256,2589
202109,경부선,송탄,3963,3876,7839
202109,경부선,서정리,5561,5759,11320
202109,경부선,평택지제,2969,2738,5707
202109,경부선,평택,11108,10949,22057
202109,경부선,성환,3505,3792,7297
202109,경부선,직산,673,664,1337
202109,경부선,두정,4560,4885,9445
202109,경부선,천안,5085,5219,10304
202109,경부선,당정,5429,5245,10674
202109,경부선,서동탄,1301,1120,2421
202109,경부선,광명,3369,2366,5735
202109,경부선,서울역,5826,1765,7591
202109,경부선,남영,8698,9007,17705
202109,경부선,용산,31856,31102,62958
202109,경부선,노량진,8070,8050,16120
202109,경부선,대방,11755,12087,23842
202109,경부선,영등포,35575,36508,72083
202109,경부선,신도림,3971,3970,7941
202109,경부선,신길,8589,7288,15877
202109,경부선,구로,17703,18079,35782
202109,경부선,가산디지털단지,16399,19437,35836
202109,경부선,금천구청,11276,11279,22555
202109,경부선,석수,9262,8217,17479
202109,경부선,관악,6743,6424,13167
202109,경부선,안양,21441,21163,42604
202109,경부선,명학,8300,8189,16489
202109,경부선,금정,23923,24387,48310
202109,경부선,군포,7089,6972,14061
202109,경부선,의왕,8160,8103,16263
202109,경부선,성균관대,12810,12921,25731
202109,경부선,화서,7145,7037,14182
202109,경부선,수원,32496,34081,66577
202109,경부선,독산,16158,16748,32906
202109,경부선,세류,2950,2669,5619
202109,경부선,병점,13574,13415,26989
202109,경부선,세마,2659,2447,5106
202109,경부선,오산대,3393,3218,6611
202109,경부선,오산,9350,9445,18795
202109,경부선,진위,1576,1301,2877
202109,경부선,송탄,4263,3957,8220
202109,경부선,서정리,6495,5879,12374
202109,경부선,평택지제,3090,2985,6075
202109,경부선,평택,12179,11518,23697
202109,경부선,성환,3563,3426,6989
202109,경부선,직산,795,744,1539
202109,경부선,두정,5239,5157,10396
202109,경부선,천안,5458,5570,11028
202109,경부선,당정,5703,5340,11043
202109,경부선,서동탄,1325,1254,2579
202109,경부선,광명,2937,2573,5510
202109,경부선,광명,3051,2658,5709
202109,경부선,서동탄,1404,1131,2535
202109,경부선,당정,5849,5640,11489
202109,경부선,천안,4877,5109,9986
202109,경부선,두정,4870,5306,10176
202109,경부선,직산,730,685,1415
202109,경부선,성환,4208,4395,8603
202109,경부선,평택,11057,10872,21929
202109,경부선,평택지제,3111,2943,6054
202109,경부선,서정리,6640,6388,13028
202109,경부선,송탄,4038,3861,7899
202109,경부선,진위,1592,1430,3022
202109,경부선,오산,9120,9312,18432
202109,경부선,오산대,3412,3186,6598
202109,경부선,세마,2655,2448,5103
202109,경부선,병점,13468,13365,26833
202109,경부선,세류,2994,2683,5677
202109,경부선,독산,17164,18082,35246
202109,경부선,수원,30182,31716,61898
202109,경부선,화서,7575,7187,14762
202109,경부선,성균관대,13031,13265,26296
202109,경부선,의왕,8628,8645,17273
202109,경부선,군포,7414,7422,14836
202109,경부선,금정,24958,25701,50659
202109,경부선,명학,8981,8868,17849
202109,경부선,안양,21876,21694,43570
202109,경부선,관악,6852,6237,13089
202109,경부선,석수,9533,8623,18156
202109,경부선,금천구청,11514,11344,22858
202109,경부선,가산디지털단지,17990,21011,39001
202109,경부선,구로,17878,18094,35972
202109,경부선,신길,8947,7569,16516
202109,경부선,신도림,4055,4075,8130
202109,경부선,영등포,32301,33073,65374
202109,경부선,대방,12418,12757,25175
202109,경부선,노량진,7560,7757,15317
202109,경부선,용산,28172,28616,56788
202109,경부선,남영,8848,9126,17974
202109,경부선,서울역,4905,1574,6479
202109,경부선,서울역,4482,1522,6004
202109,경부선,남영,8737,9194,17931
202109,경부선,용산,27811,27644,55455
202109,경부선,노량진,7425,7604,15029
202109,경부선,대방,12096,12631,24727
202109,경부선,영등포,32266,32946,65212
202109,경부선,신도림,3869,3787,7656
202109,경부선,신길,8751,7471,16222
202109,경부선,구로,17871,18040,35911
202109,경부선,가산디지털단지,17615,20875,38490
202109,경부선,금천구청,11555,11450,23005
202109,경부선,석수,9624,8497,18121
202109,경부선,관악,6791,6322,13113
202109,경부선,안양,21495,21483,42978
202109,경부선,명학,9026,8884,17910
202109,경부선,금정,24998,25601,50599
202109,경부선,군포,7510,7529,15039
202109,경부선,의왕,8557,8594,17151
202109,경부선,성균관대,12725,12804,25529
202109,경부선,화서,7215,7103,14318
202109,경부선,수원,29604,31229,60833
202109,경부선,독산,17214,18172,35386
202109,경부선,세류,2925,2667,5592
202109,경부선,병점,13223,13185,26408
202109,경부선,세마,2574,2416,4990
202109,경부선,오산대,3464,3153,6617
202109,경부선,오산,9163,9266,18429
202109,경부선,진위,1595,1379,2974
202109,경부선,송탄,4006,3855,7861
202109,경부선,서정리,6294,6130,12424
202109,경부선,평택지제,2837,2809,5646
202109,경부선,평택,10648,10448,21096
202109,경부선,성환,3677,3754,7431
202109,경부선,직산,724,681,1405
202109,경부선,두정,4756,4887,9643
202109,경부선,천안,4751,4798,9549
202109,경부선,당정,5792,5550,11342
202109,경부선,서동탄,1356,1185,2541
202109,경부선,광명,2800,2550,5350
202109,경부선,광명,2813,2431,5244
202109,경부선,서동탄,1242,1091,2333
202109,경부선,당정,5609,5410,11019
202109,경부선,천안,4452,4603,9055
202109,경부선,두정,4914,4828,9742
202109,경부선,직산,632,618,1250
202109,경부선,성환,3644,3694,7338
202109,경부선,평택,9812,9915,19727
202109,경부선,평택지제,2753,2653,5406
202109,경부선,서정리,6067,5802,11869
202109,경부선,송탄,3738,3577,7315
202109,경부선,진위,1461,1277,2738
202109,경부선,오산,8514,8421,16935
202109,경부선,오산대,3166,2912,6078
202109,경부선,세마,2502,2331,4833
202109,경부선,병점,12571,12660,25231
202109,경부선,세류,2701,2549,5250
202109,경부선,독산,17026,18055,35081
202109,경부선,수원,28672,30028,58700
202109,경부선,화서,7099,6789,13888
202109,경부선,성균관대,12526,12487,25013
202109,경부선,의왕,8249,8205,16454
202109,경부선,군포,7335,7258,14593
202109,경부선,금정,24281,24687,48968
202109,경부선,명학,8862,8658,17520
202109,경부선,안양,20691,20558,41249
202109,경부선,관악,6521,5964,12485
202109,경부선,석수,9190,8219,17409
202109,경부선,금천구청,10933,10916,21849
202109,경부선,가산디지털단지,17137,20240,37377
202109,경부선,구로,17463,17846,35309
202109,경부선,신길,8497,7132,15629
202109,경부선,신도림,3721,3768,7489
202109,경부선,영등포,31139,31921,63060
202109,경부선,대방,11968,12346,24314
202109,경부선,노량진,7194,7364,14558
202109,경부선,용산,27681,27481,55162
202109,경부선,남영,8541,8898,17439
202109,경부선,서울역,4369,1502,5871
202109,경부선,서울역,4661,1606,6267
202109,경부선,남영,8929,9369,18298
202109,경부선,용산,30187,30010,60197
202109,경부선,노량진,8022,8146,16168
202109,경부선,대방,12535,12779,25314
202109,경부선,영등포,33727,34448,68175
202109,경부선,신도림,4068,4037,8105
202109,경부선,신길,9039,7590,16629
202109,경부선,구로,18200,18319,36519
202109,경부선,가산디지털단지,17660,20762,38422
202109,경부선,금천구청,11764,11719,23483
202109,경부선,석수,9919,8696,18615
202109,경부선,관악,7096,6589,13685
202109,경부선,안양,21790,21699,43489
202109,경부선,명학,9006,8939,17945
202109,경부선,금정,25411,25909,51320
202109,경부선,군포,7427,7458,14885
202109,경부선,의왕,8686,8704,17390
202109,경부선,성균관대,13137,13069,26206
202109,경부선,화서,7452,7291,14743
202109,경부선,수원,30814,32656,63470
202109,경부선,독산,17370,18313,35683
202109,경부선,세류,3030,2676,5706
202109,경부선,병점,13649,13591,27240
202109,경부선,세마,2648,2550,5198
202109,경부선,오산대,3553,3284,6837
202109,경부선,오산,9031,8960,17991
202109,경부선,진위,1525,1373,2898
202109,경부선,송탄,4065,3838,7903
202109,경부선,서정리,6487,6027,12514
202109,경부선,평택지제,2942,2903,5845
202109,경부선,평택,10959,10892,21851
202109,경부선,성환,4100,3938,8038
202109,경부선,직산,763,743,1506
202109,경부선,두정,5319,5171,10490
202109,경부선,천안,5033,5119,10152
202109,경부선,당정,5836,5570,11406
202109,경부선,서동탄,1410,1185,2595
202109,경부선,광명,2894,2581,5475
202110,경부선,광명,3338,3125,6463
202110,경부선,서동탄,1472,1319,2791
202110,경부선,당정,5957,5657,11614
202110,경부선,천안,5904,6025,11929
202110,경부선,두정,6569,6176,12745
202110,경부선,직산,817,789,1606
202110,경부선,성환,4012,3645,7657
202110,경부선,평택,12670,12064,24734
202110,경부선,평택지제,3441,3246,6687
202110,경부선,서정리,7194,6057,13251
202110,경부선,송탄,4423,4012,8435
202110,경부선,진위,1753,1443,3196
202110,경부선,오산,10025,9681,19706
202110,경부선,오산대,3550,3349,6899
202110,경부선,세마,2840,2575,5415
202110,경부선,병점,14417,14339,28756
202110,경부선,세류,3089,2790,5879
202110,경부선,독산,17316,17833,35149
202110,경부선,수원,34101,36910,71011
202110,경부선,화서,7401,7380,14781
202110,경부선,성균관대,13623,13413,27036
202110,경부선,의왕,8670,8670,17340
202110,경부선,군포,7419,7282,14701
202110,경부선,금정,25815,26031,51846
202110,경부선,명학,8913,8833,17746
202110,경부선,안양,22069,22333,44402
202110,경부선,관악,6939,6650,13589
202110,경부선,석수,9856,8599,18455
202110,경부선,금천구청,11823,11890,23713
202110,경부선,가산디지털단지,17535,20709,38244
202110,경부선,구로,18147,18449,36596
202110,경부선,신길,9152,7733,16885
202110,경부선,신도림,4059,4085,8144
202110,경부선,영등포,36705,38162,74867
202110,경부선,대방,12542,12711,25253
202110,경부선,노량진,8436,8459,16895
202110,경부선,용산,32712,34021,66733
202110,경부선,남영,8759,9364,18123
202110,경부선,서울역,6197,2167,8364
202110,경부선,서울역,5842,1198,7040
202110,경부선,남영,4184,4461,8645
202110,경부선,용산,25519,23116,48635
202110,경부선,노량진,5924,5658,11582
202110,경부선,대방,5953,6439,12392
202110,경부선,영등포,28178,27585,55763
202110,경부선,신도림,2214,2471,4685
202110,경부선,신길,4982,4422,9404
202110,경부선,구로,10493,10447,20940
202110,경부선,가산디지털단지,5398,7315,12713
202110,경부선,금천구청,6547,6600,13147
202110,경부선,석수,5605,5151,10756
202110,경부선,관악,4401,4145,8546
202110,경부선,안양,13754,13696,27450
202110,경부선,명학,4378,4255,8633
202110,경부선,금정,14510,14822,29332
202110,경부선,군포,4039,4212,8251
202110,경부선,의왕,4872,4901,9773
202110,경부선,성균관대,7668,8030,15698
202110,경부선,화서,4260,4031,8291
202110,경부선,수원,27831,27252,55083
202110,경부선,독산,7603,7869,15472
202110,경부선,세류,2057,2052,4109
202110,경부선,병점,9112,9664,18776
202110,경부선,세마,1704,1671,3375
202110,경부선,오산대,2165,2156,4321
202110,경부선,오산,6870,7297,14167
202110,경부선,진위,895,864,1759
202110,경부선,송탄,3254,3340,6594
202110,경부선,서정리,4532,5172,9704
202110,경부선,평택지제,2545,2342,4887
202110,경부선,평택,9944,9599,19543
202110,경부선,성환,2359,2766,5125
202110,경부선,직산,497,552,1049
202110,경부선,두정,3898,4405,8303
202110,경부선,천안,5523,5183,10706
202110,경부선,당정,3311,3239,6550
202110,경부선,서동탄,754,757,1511
202110,경부선,광명,2335,1673,4008
202110,경부선,광명,3131,2773,5904
202110,경부선,서동탄,1463,1274,2737
202110,경부선,당정,6117,5797,11914
202110,경부선,천안,4769,4974,9743
202110,경부선,두정,4984,5259,10243
202110,경부선,직산,760,751,1511
202110,경부선,성환,3776,4002,7778
202110,경부선,평택,10916,10667,21583
202110,경부선,평택지제,3110,3011,6121
202110,경부선,서정리,6612,6351,12963
202110,경부선,송탄,4102,3871,7973
202110,경부선,진위,1590,1415,3005
202110,경부선,오산,9272,9177,18449
202110,경부선,오산대,3542,3330,6872
202110,경부선,세마,2648,2494,5142
202110,경부선,병점,13375,13347,26722
202110,경부선,세류,2960,2658,5618
202110,경부선,독산,17602,18611,36213
202110,경부선,수원,30424,31907,62331
202110,경부선,화서,7536,7262,14798
202110,경부선,성균관대,13428,13414,26842
202110,경부선,의왕,8768,8708,17476
202110,경부선,군포,7504,7562,15066
202110,경부선,금정,25404,26096,51500
202110,경부선,명학,9083,9075,18158
202110,경부선,안양,21690,21695,43385
202110,경부선,관악,6981,6541,13522
202110,경부선,석수,9631,8550,18181
202110,경부선,금천구청,11525,11676,23201
202110,경부선,가산디지털단지,18398,21495,39893
202110,경부선,구로,18031,18285,36316
202110,경부선,신길,8996,7588,16584
202110,경부선,신도림,4162,4196,8358
202110,경부선,영등포,32804,33485,66289
202110,경부선,대방,12503,13053,25556
202110,경부선,노량진,7806,7729,15535
202110,경부선,용산,28240,28752,56992
202110,경부선,남영,9045,9460,18505
202110,경부선,서울역,5037,1633,6670
202110,경부선,광명,2945,2522,5467
202110,경부선,서동탄,1436,1245,2681
202110,경부선,당정,5852,5646,11498
202110,경부선,천안,4720,4821,9541
202110,경부선,두정,5180,5193,10373
202110,경부선,직산,659,630,1289
202110,경부선,성환,4003,3970,7973
202110,경부선,평택,10296,10434,20730
202110,경부선,평택지제,2995,2870,5865
202110,경부선,서정리,6535,6243,12778
202110,경부선,송탄,3933,3848,7781
202110,경부선,진위,1537,1330,2867
202110,경부선,오산,9193,8957,18150
202110,경부선,오산대,3411,3198,6609
202110,경부선,세마,2628,2559,5187
202110,경부선,병점,13246,13278,26524
202110,경부선,세류,2901,2578,5479
202110,경부선,독산,17457,18542,35999
202110,경부선,수원,29986,31717,61703
202110,경부선,화서,7507,7254,14761
202110,경부선,성균관대,13201,13174,26375
202110,경부선,의왕,8615,8554,17169
202110,경부선,군포,7499,7410,14909
202110,경부선,금정,25282,25660,50942
202110,경부선,명학,9125,9048,18173
202110,경부선,안양,21671,21645,43316
202110,경부선,관악,6904,6379,13283
202110,경부선,석수,9476,8483,17959
202110,경부선,금천구청,11418,11427,22845
202110,경부선,가산디지털단지,18065,21057,39122
202110,경부선,구로,18020,18360,36380
202110,경부선,신길,8899,7441,16340
202110,경부선,신도림,3942,3964,7906
202110,경부선,영등포,32460,33215,65675
202110,경부선,대방,12368,12755,25123
202110,경부선,노량진,7449,7726,15175
202110,경부선,용산,28086,28350,56436
202110,경부선,남영,9067,9456,18523
202110,경부선,서울역,4395,1569,5964
202110,경부선,서울역,4747,1753,6500
202110,경부선,남영,9133,9516,18649
202110,경부선,용산,28605,28708,57313
202110,경부선,노량진,7844,7962,15806
202110,경부선,대방,12581,12937,25518
202110,경부선,직산,711,723,1434
202110,경부선,성환,3923,3828,7751
202110,경부선,평택,10780,10265,21045
202110,경부선,평택지제,2970,3016,5986
202110,경부선,서정리,6658,6222,12880
202110,경부선,송탄,3958,3788,7746
202110,경부선,진위,1563,1356,2919
202110,경부선,오산,8779,8831,17610
202110,경부선,오산대,3403,3180,6583
202110,경부선,세마,2669,2492,5161
202110,경부선,병점,13150,13236,26386
202110,경부선,세류,2964,2613,5577
202110,경부선,독산,17463,18273,35736
202110,경부선,수원,30565,32118,62683
202110,경부선,화서,7376,7192,14568
202110,경부선,성균관대,13249,13055,26304
202110,경부선,의왕,8780,8644,17424
202110,경부선,군포,7461,7356,14817
202110,경부선,금정,25268,25679,50947
202110,경부선,명학,9093,8959,18052
202110,경부선,안양,21595,21473,43068
202110,경부선,관악,6793,6291,13084
202110,경부선,석수,9695,8600,18295
202110,경부선,금천구청,11544,11542,23086
202110,경부선,가산디지털단지,17877,20966,38843
202110,경부선,구로,17926,18204,36130
202110,경부선,신길,8867,7356,16223
202110,경부선,당정,5925,5678,11603
202110,경부선,천안,4807,4913,9720
202110,경부선,두정,5204,5213,10417
202110,경부선,신도림,4049,4090,8139
202110,경부선,광명,3025,2630,5655
202110,경부선,서동탄,1381,1220,2601
202110,경부선,영등포,33158,33985,67143
202110,경부선,광명,3429,3345,6774
202110,경부선,서동탄,1459,1392,2851
202110,경부선,당정,6014,5668,11682
202110,경부선,천안,5877,6064,11941
202110,경부선,두정,6567,6266,12833
202110,경부선,직산,838,825,1663
202110,경부선,성환,3926,3570,7496
202110,경부선,평택,12478,12296,24774
202110,경부선,평택지제,3551,3397,6948
202110,경부선,서정리,7298,6198,13496
202110,경부선,송탄,4588,4109,8697
202110,경부선,진위,1798,1410,3208
202110,경부선,오산,10051,9756,19807
202110,경부선,오산대,3492,3283,6775
202110,경부선,세마,2780,2646,5426
202110,경부선,병점,14577,14488,29065
202110,경부선,세류,3144,2905,6049
202110,경부선,독산,17407,18023,35430
202110,경부선,수원,34151,37112,71263
202110,경부선,화서,7447,7341,14788
202110,경부선,성균관대,13694,13441,27135
202110,경부선,의왕,8759,8693,17452
202110,경부선,군포,7456,7449,14905
202110,경부선,금정,25737,26073,51810
202110,경부선,명학,9086,8846,17932
202110,경부선,안양,21993,22201,44194
202110,경부선,관악,6843,6455,13298
202110,경부선,석수,9688,8558,18246
202110,경부선,금천구청,11778,11740,23518
202110,경부선,가산디지털단지,17607,20618,38225
202110,경부선,구로,18650,18687,37337
202110,경부선,신길,9145,7659,16804
202110,경부선,신도림,3995,4074,8069
202110,경부선,영등포,36935,38428,75363
202110,경부선,대방,12748,12829,25577
202110,경부선,노량진,8322,8246,16568
202110,경부선,용산,34282,36127,70409
202110,경부선,남영,9173,9491,18664
202110,경부선,서울역,7022,2509,9531
202110,경부선,서울역,7021,1310,8331
202110,경부선,남영,4350,4676,9026
202110,경부선,용산,29413,25714,55127
202110,경부선,노량진,6342,6210,12552
202110,경부선,대방,6346,6617,12963
202110,경부선,영등포,30047,29563,59610
202110,경부선,신도림,2476,2613,5089
202110,경부선,신길,5248,4660,9908
202110,경부선,구로,10933,10888,21821
202110,경부선,가산디지털단지,5511,7757,13268
202110,경부선,금천구청,7158,7072,14230
202110,경부선,석수,5847,5432,11279
202110,경부선,관악,4809,4474,9283
202110,경부선,안양,14892,14700,29592
202110,경부선,명학,4350,4363,8713
202110,경부선,금정,15247,15447,30694
202110,경부선,군포,4100,4241,8341
202110,경부선,의왕,5311,5375,10686
202110,경부선,성균관대,7805,8121,15926
202110,경부선,화서,4368,4315,8683
202110,경부선,수원,30237,29196,59433
202110,경부선,독산,7981,8178,16159
202110,경부선,세류,2028,2030,4058
202110,경부선,병점,9399,9980,19379
202110,경부선,세마,1783,1713,3496
202110,경부선,오산대,2423,2301,4724
202110,경부선,오산,7407,7638,15045
202110,경부선,진위,892,827,1719
202110,경부선,송탄,3625,3750,7375
202110,경부선,서정리,4485,5163,9648
202110,경부선,평택지제,2727,2536,5263
202110,경부선,평택,10567,10780,21347
202110,경부선,성환,2425,2847,5272
202110,경부선,직산,494,581,1075
202110,경부선,두정,3971,4511,8482
202110,경부선,천안,5645,5105,10750
202110,경부선,당정,3326,3323,6649
202110,경부선,서동탄,891,831,1722
202110,경부선,광명,2620,1769,4389
202110,경부선,서울역,5429,1707,7136
202110,경부선,남영,9241,9697,18938
202110,경부선,용산,29682,29692,59374
202110,경부선,노량진,7930,8040,15970
202110,경부선,대방,12716,13073,25789
202110,경부선,영등포,33830,34559,68389
202110,경부선,신도림,4161,4108,8269
202110,경부선,신길,9305,7914,17219
202110,경부선,구로,18420,18579,36999
202110,경부선,가산디지털단지,18241,21510,39751
202110,경부선,금천구청,11698,11577,23275
202110,경부선,석수,9878,8728,18606
202110,경부선,관악,7086,6608,13694
202110,경부선,안양,22866,22755,45621
202110,경부선,명학,9292,9099,18391
202110,경부선,금정,25814,26667,52481
202110,경부선,군포,7585,7546,15131
202110,경부선,의왕,9055,9051,18106
202110,경부선,성균관대,13414,13320,26734
202110,경부선,화서,7673,7427,15100
202110,경부선,수원,31550,32800,64350
202110,경부선,독산,17926,19090,37016
202110,경부선,세류,3026,2738,5764
202110,경부선,병점,13692,13746,27438
202110,경부선,세마,2654,2600,5254
202110,경부선,오산대,3502,3338,6840
202110,경부선,오산,9360,9371,18731
202110,경부선,진위,1604,1412,3016
202110,경부선,송탄,4080,3861,7941
202110,경부선,서정리,6866,6520,13386
202110,경부선,평택지제,3078,3001,6079
202110,경부선,평택,10936,10810,21746
202110,경부선,성환,3685,3911,7596
202110,경부선,직산,723,707,1430
202110,경부선,두정,4901,5075,9976
202110,경부선,천안,4789,4845,9634
202110,경부선,당정,6111,5899,12010
202110,경부선,서동탄,1449,1229,2678
202110,경부선,광명,3254,2758,6012
202110,경부선,광명,3113,2625,5738
202110,경부선,서동탄,1490,1273,2763
202110,경부선,당정,6201,5913,12114
202110,경부선,천안,4844,5017,9861
202110,경부선,두정,5157,5253,10410
202110,경부선,직산,758,769,1527
202110,경부선,성환,3993,4034,8027
202110,경부선,평택,10836,10938,21774
202110,경부선,평택지제,2997,3021,6018
202110,경부선,서정리,6997,6645,13642
202110,경부선,송탄,4109,3927,8036
202110,경부선,진위,1601,1400,3001
202110,경부선,오산,9760,9602,19362
202110,경부선,오산대,3723,3523,7246
202110,경부선,세마,2791,2666,5457
202110,경부선,병점,13914,13908,27822
202110,경부선,세류,3045,2688,5733
202110,경부선,독산,18299,19150,37449
202110,경부선,수원,32390,33970,66360
202110,경부선,화서,7963,7677,15640
202110,경부선,성균관대,13570,13506,27076
202110,경부선,의왕,9143,9152,18295
202110,경부선,군포,7645,7793,15438
202110,경부선,금정,26465,26956,53421
202110,경부선,명학,9468,9308,18776
202110,경부선,안양,22983,22810,45793
202110,경부선,관악,7281,6697,13978
202110,경부선,석수,9983,8785,18768
202110,경부선,금천구청,11862,11788,23650
202110,경부선,가산디지털단지,18316,21417,39733
202110,경부선,구로,18820,19292,38112
202110,경부선,신길,9212,7785,16997
202110,경부선,신도림,4278,4366,8644
202110,경부선,영등포,34007,34941,68948
202110,경부선,대방,12962,13224,26186
202110,경부선,노량진,8166,8304,16470
202110,경부선,용산,31073,31769,62842
202110,경부선,남영,9255,9629,18884
202110,경부선,서울역,4793,1586,6379
202110,경부선,광명,3029,2703,5732
202110,경부선,서동탄,1463,1281,2744
202110,경부선,당정,6133,5886,12019
202110,경부선,천안,4920,5103,10023
202110,경부선,두정,5386,5243,10629
202110,경부선,직산,770,767,1537
202110,경부선,성환,4264,4160,8424
202110,경부선,평택,11207,11059,22266
202110,경부선,평택지제,3154,3047,6201
202110,경부선,서정리,6820,6467,13287
202110,경부선,송탄,4191,3915,8106
202110,경부선,진위,1559,1437,2996
202110,경부선,오산,9370,9313,18683
202110,경부선,오산대,3676,3460,7136
202110,경부선,세마,2728,2537,5265
202110,경부선,병점,13840,13983,27823
202110,경부선,세류,3080,2766,5846
202110,경부선,독산,18313,19155,37468
202110,경부선,수원,32017,33777,65794
202110,경부선,화서,7797,7443,15240
202110,경부선,성균관대,13463,13273,26736
202110,경부선,의왕,9141,9052,18193
202110,경부선,군포,7679,7546,15225
202110,경부선,금정,26318,26759,53077
202110,경부선,명학,9179,9168,18347
202110,경부선,안양,22609,22515,45124
202110,경부선,관악,7112,6593,13705
202110,경부선,석수,9912,8865,18777
202110,경부선,금천구청,11852,11886,23738
202110,경부선,가산디지털단지,18081,21287,39368
202110,경부선,구로,18619,18949,37568
202110,경부선,신길,9169,7855,17024
202110,경부선,신도림,4256,4257,8513
202110,경부선,영등포,33960,34921,68881
202110,경부선,대방,12882,13172,26054
202110,경부선,노량진,8200,8279,16479
202110,경부선,용산,30371,30471,60842
202110,경부선,남영,9108,9450,18558
202110,경부선,서울역,4936,1636,6572
202110,경부선,서울역,6746,2292,9038
202110,경부선,남영,9137,9485,18622
202110,경부선,용산,34591,35237,69828
202110,경부선,노량진,8559,8558,17117
202110,경부선,대방,12457,12855,25312
202110,경부선,영등포,37173,39012,76185
202110,경부선,신도림,4159,4217,8376
202110,경부선,신길,9289,7603,16892
202110,경부선,구로,18645,19246,37891
202110,경부선,가산디지털단지,17703,20712,38415
202110,경부선,금천구청,12031,11917,23948
202110,경부선,석수,9872,8793,18665
202110,경부선,관악,7049,6610,13659
202110,경부선,안양,22676,22889,45565
202110,경부선,명학,9210,9062,18272
202110,경부선,금정,26103,26392,52495
202110,경부선,군포,7663,7507,15170
202110,경부선,의왕,9056,8995,18051
202110,경부선,성균관대,13789,13563,27352
202110,경부선,화서,7646,7659,15305
202110,경부선,수원,34291,37025,71316
202110,경부선,독산,17846,18803,36649
202110,경부선,세류,3165,2939,6104
202110,경부선,병점,14676,14508,29184
202110,경부선,세마,2903,2646,5549
202110,경부선,오산대,3670,3380,7050
202110,경부선,오산,10213,9818,20031
202110,경부선,진위,1834,1450,3284
202110,경부선,송탄,4666,4115,8781
202110,경부선,서정리,7277,6255,13532
202110,경부선,평택지제,3677,3430,7107
202110,경부선,평택,13223,12217,25440
202110,경부선,성환,3979,3618,7597
202110,경부선,직산,781,748,1529
202110,경부선,두정,6304,6074,12378
202110,경부선,천안,5703,5804,11507
202110,경부선,당정,6260,5878,12138
202110,경부선,서동탄,1478,1394,2872
202110,경부선,광명,3451,3079,6530
202110,경부선,서울역,5181,1756,6937
202110,경부선,남영,8860,9286,18146
202110,경부선,용산,29076,29567,58643
202110,경부선,노량진,7691,7915,15606
202110,경부선,대방,12296,12838,25134
202110,경부선,영등포,31777,32277,64054
202110,경부선,신도림,3881,4029,7910
202110,경부선,신길,9036,7604,16640
202110,경부선,구로,18223,18382,36605
202110,경부선,가산디지털단지,18149,21354,39503
202110,경부선,금천구청,11575,11464,23039
202110,경부선,석수,9528,8622,18150
202110,경부선,관악,6858,6396,13254
202110,경부선,안양,23243,22998,46241
202110,경부선,명학,9006,8975,17981
202110,경부선,금정,25394,26097,51491
202110,경부선,군포,7549,7601,15150
202110,경부선,의왕,8970,8974,17944
202110,경부선,성균관대,12993,12880,25873
202110,경부선,화서,7574,7275,14849
202110,경부선,수원,31408,33180,64588
202110,경부선,독산,17822,18756,36578
202110,경부선,세류,2975,2645,5620
202110,경부선,병점,13952,13889,27841
202110,경부선,세마,2682,2562,5244
202110,경부선,오산대,3694,3434,7128
202110,경부선,오산,9714,9661,19375
202110,경부선,진위,1605,1456,3061
202110,경부선,송탄,4148,4021,8169
202110,경부선,서정리,7034,6789,13823
202110,경부선,평택지제,3147,3045,6192
202110,경부선,평택,11032,10968,22000
202110,경부선,성환,4205,4358,8563
202110,경부선,직산,761,715,1476
202110,경부선,두정,4907,5242,10149
202110,경부선,천안,4776,5227,10003
202110,경부선,당정,6027,5858,11885
202110,경부선,서동탄,1458,1224,2682
202110,경부선,광명,3233,2699,5932
202110,경부선,서울역,4548,1575,6123
202110,경부선,남영,8935,9417,18352
202110,경부선,용산,28673,29013,57686
202110,경부선,노량진,7842,7942,15784
202110,경부선,대방,12466,12983,25449
202110,경부선,영등포,33955,34816,68771
202110,경부선,신도림,4004,4035,8039
202110,경부선,신길,8995,7817,16812
202110,경부선,구로,18233,18644,36877
202110,경부선,가산디지털단지,17966,21329,39295
202110,경부선,금천구청,11721,11682,23403
202110,경부선,석수,9852,8779,18631
202110,경부선,관악,7005,6572,13577
202110,경부선,안양,24185,23944,48129
202110,경부선,명학,9260,9113,18373
202110,경부선,금정,26110,26534,52644
202110,경부선,군포,7677,7674,15351
202110,경부선,의왕,9081,8983,18064
202110,경부선,성균관대,14445,14192,28637
202110,경부선,화서,7675,7420,15095
202110,경부선,수원,32543,34093,66636
202110,경부선,독산,18066,19098,37164
202110,경부선,세류,2940,2773,5713
202110,경부선,병점,14096,14177,28273
202110,경부선,세마,2696,2555,5251
202110,경부선,오산대,3851,3595,7446
202110,경부선,오산,9401,9387,18788
202110,경부선,진위,1626,1466,3092
202110,경부선,송탄,4122,3939,8061
202110,경부선,서정리,7081,6644,13725
202110,경부선,평택지제,3056,2921,5977
202110,경부선,평택,10967,11054,22021
202110,경부선,성환,3986,3900,7886
202110,경부선,직산,705,745,1450
202110,경부선,두정,4913,5025,9938
202110,경부선,천안,4977,5115,10092
202110,경부선,당정,6098,5903,12001
202110,경부선,서동탄,1461,1316,2777
202110,경부선,광명,2988,2638,5626
202110,경부선,서울역,4897,1599,6496
202110,경부선,남영,9253,9649,18902
202110,경부선,용산,30632,31122,61754
202110,경부선,노량진,8431,8524,16955
202110,경부선,대방,12860,13037,25897
202110,경부선,영등포,35154,35986,71140
202110,경부선,신도림,4123,4215,8338
202110,경부선,신길,9344,8130,17474
202110,경부선,구로,18777,19040,37817
202110,경부선,가산디지털단지,18355,21605,39960
202110,경부선,금천구청,12291,12229,24520
202110,경부선,석수,10186,8967,19153
202110,경부선,관악,7367,6796,14163
202110,경부선,안양,24555,24442,48997
202110,경부선,명학,9270,9183,18453
202110,경부선,금정,26687,27216,53903
202110,경부선,군포,7874,7722,15596
202110,경부선,의왕,9300,9310,18610
202110,경부선,성균관대,14632,14409,29041
202110,경부선,화서,7938,7650,15588
202110,경부선,수원,33681,35373,69054
202110,경부선,독산,18228,19086,37314
202110,경부선,세류,3084,2805,5889
202110,경부선,병점,14610,14701,29311
202110,경부선,세마,2739,2591,5330
202110,경부선,오산대,3833,3553,7386
202110,경부선,오산,9877,9713,19590
202110,경부선,진위,1669,1513,3182
202110,경부선,송탄,4248,4089,8337
202110,경부선,서정리,7410,6963,14373
202110,경부선,평택지제,3136,2994,6130
202110,경부선,평택,11417,11437,22854
202110,경부선,성환,4138,4182,8320
202110,경부선,직산,735,753,1488
202110,경부선,두정,5307,5309,10616
202110,경부선,천안,5166,5361,10527
202110,경부선,당정,6304,6089,12393
202110,경부선,서동탄,1475,1218,2693
202110,경부선,광명,3113,2676,5789
202110,경부선,서울역,5226,1679,6905
202110,경부선,남영,9262,9618,18880
202110,경부선,용산,31375,31637,63012
202110,경부선,노량진,8243,8537,16780
202110,경부선,대방,12698,13025,25723
202110,경부선,영등포,35141,36007,71148
202110,경부선,신도림,4154,4342,8496
202110,경부선,신길,9271,7850,17121
202110,경부선,구로,18561,18801,37362
202110,경부선,가산디지털단지,18231,21397,39628
202110,경부선,금천구청,12000,11930,23930
202110,경부선,석수,9995,8927,18922
202110,경부선,관악,7301,6767,14068
202110,경부선,안양,25076,25062,50138
202110,경부선,명학,9077,9037,18114
202110,경부선,금정,26470,27145,53615
202110,경부선,군포,7661,7554,15215
202110,경부선,의왕,9521,9388,18909
202110,경부선,성균관대,14846,14717,29563
202110,경부선,화서,7809,7473,15282
202110,경부선,수원,34609,36305,70914
202110,경부선,독산,18095,18941,37036
202110,경부선,세류,3030,2716,5746
202110,경부선,병점,14795,14908,29703
202110,경부선,세마,2798,2573,5371
202110,경부선,오산대,3790,3553,7343
202110,경부선,오산,9780,9743,19523
202110,경부선,진위,1647,1429,3076
202110,경부선,송탄,4306,4011,8317
202110,경부선,서정리,7202,6754,13956
202110,경부선,평택지제,3066,3087,6153
202110,경부선,평택,11707,11262,22969
202110,경부선,성환,4609,4407,9016
202110,경부선,직산,752,769,1521
202110,경부선,두정,5765,5596,11361
202110,경부선,천안,5494,5585,11079
202110,경부선,당정,6326,6015,12341
202110,경부선,서동탄,1405,1252,2657
202110,경부선,광명,3061,2714,5775
202110,경부선,광명,3626,3312,6938
202110,경부선,서동탄,1561,1428,2989
202110,경부선,당정,6356,6018,12374
202110,경부선,천안,6452,6449,12901
202110,경부선,두정,6884,6589,13473
202110,경부선,직산,896,857,1753
202110,경부선,성환,4218,3778,7996
202110,경부선,평택,13257,12691,25948
202110,경부선,평택지제,3722,3450,7172
202110,경부선,서정리,7828,4518,12346
202110,경부선,송탄,4867,4449,9316
202110,경부선,진위,1787,1485,3272
202110,경부선,오산,10502,10177,20679
202110,경부선,오산대,3801,3545,7346
202110,경부선,세마,3018,2791,5809
202110,경부선,병점,15505,15481,30986
202110,경부선,세류,3223,3007,6230
202110,경부선,독산,18012,18605,36617
202110,경부선,수원,37726,40791,78517
202110,경부선,화서,7883,7692,15575
202110,경부선,성균관대,15395,14943,30338
202110,경부선,의왕,9593,9380,18973
202110,경부선,군포,7597,7502,15099
202110,경부선,금정,26885,27573,54458
202110,경부선,명학,9065,9029,18094
202110,경부선,안양,24870,24976,49846
202110,경부선,관악,7506,6835,14341
202110,경부선,석수,10169,8943,19112
202110,경부선,금천구청,12317,12288,24605
202110,경부선,가산디지털단지,17649,20810,38459
202110,경부선,구로,18866,19564,38430
202110,경부선,신길,9483,7907,17390
202110,경부선,신도림,4189,4241,8430
202110,경부선,영등포,38695,40340,79035
202110,경부선,대방,13049,13183,26232
202110,경부선,노량진,9049,9282,18331
202110,경부선,용산,36629,37970,74599
202110,경부선,남영,9735,9990,19725
202110,경부선,서울역,7193,2307,9500
202110,경부선,서울역,5619,1795,7414
202110,경부선,남영,9087,9405,18492
202110,경부선,용산,31364,31652,63016
202110,경부선,노량진,8174,8266,16440
202110,경부선,대방,12864,13311,26175
202110,경부선,영등포,34622,35601,70223
202110,경부선,신도림,4303,4234,8537
202110,경부선,신길,9497,7914,17411
202110,경부선,구로,18691,18813,37504
202110,경부선,가산디지털단지,18596,21784,40380
202110,경부선,금천구청,12026,11834,23860
202110,경부선,석수,9795,8826,18621
202110,경부선,관악,7322,6752,14074
202110,경부선,안양,23813,23661,47474
202110,경부선,명학,9251,9165,18416
202110,경부선,금정,26318,27062,53380
202110,경부선,군포,7715,7799,15514
202110,경부선,의왕,9306,9326,18632
202110,경부선,성균관대,14374,14498,28872
202110,경부선,화서,7962,7573,15535
202110,경부선,수원,33164,34630,67794
202110,경부선,독산,18169,19040,37209
202110,경부선,세류,3001,2720,5721
202110,경부선,병점,14383,14386,28769
202110,경부선,세마,2771,2590,5361
202110,경부선,오산대,3655,3415,7070
202110,경부선,오산,9857,9935,19792
202110,경부선,진위,1642,1443,3085
202110,경부선,송탄,4312,4120,8432
202110,경부선,서정리,6980,6814,13794
202110,경부선,평택지제,3289,3137,6426
202110,경부선,평택,11793,11854,23647
202110,경부선,성환,4328,4557,8885
202110,경부선,직산,758,787,1545
202110,경부선,두정,5386,5616,11002
202110,경부선,천안,5364,5606,10970
202110,경부선,당정,6353,6043,12396
202110,경부선,서동탄,1533,1315,2848
202110,경부선,광명,3478,2959,6437
202110,경부선,광명,3341,2967,6308
202110,경부선,서동탄,1535,1368,2903
202110,경부선,당정,6400,6053,12453
202110,경부선,천안,5564,5727,11291
202110,경부선,두정,5426,5392,10818
202110,경부선,직산,806,796,1602
202110,경부선,성환,4016,4164,8180
202110,경부선,평택,11475,11468,22943
202110,경부선,평택지제,3200,3032,6232
202110,경부선,서정리,7079,6795,13874
202110,경부선,송탄,4160,3989,8149
202110,경부선,진위,1591,1382,2973
202110,경부선,오산,9846,9924,19770
202110,경부선,오산대,3950,3629,7579
202110,경부선,세마,2787,2672,5459
202110,경부선,병점,14550,14670,29220
202110,경부선,세류,3020,2681,5701
202110,경부선,독산,18636,19509,38145
202110,경부선,수원,33795,35514,69309
202110,경부선,화서,8107,7728,15835
202110,경부선,성균관대,14754,14661,29415
202110,경부선,의왕,9464,9535,18999
202110,경부선,군포,7978,7860,15838
202110,경부선,금정,26644,27272,53916
202110,경부선,명학,9451,9312,18763
202110,경부선,안양,23961,23989,47950
202110,경부선,관악,7564,6998,14562
202110,경부선,석수,10064,8977,19041
202110,경부선,금천구청,12225,12103,24328
202110,경부선,가산디지털단지,18635,21822,40457
202110,경부선,구로,18976,19203,38179
202110,경부선,신길,9329,7953,17282
202110,경부선,신도림,4334,4326,8660
202110,경부선,영등포,35304,36320,71624
202110,경부선,대방,13128,13346,26474
202110,경부선,노량진,8514,8690,17204
202110,경부선,용산,30867,31445,62312
202110,경부선,남영,9405,9944,19349
202110,경부선,서울역,5041,1607,6648
202110,경부선,광명,3274,2860,6134
202110,경부선,서동탄,1507,1323,2830
202110,경부선,당정,6440,6101,12541
202110,경부선,천안,5564,5720,11284
202110,경부선,두정,5743,5682,11425
202110,경부선,직산,744,720,1464
202110,경부선,성환,4256,4208,8464
202110,경부선,평택,11578,11272,22850
202110,경부선,평택지제,3096,3150,6246
202110,경부선,서정리,7522,6954,14476
202110,경부선,송탄,4227,4071,8298
202110,경부선,진위,1588,1417,3005
202110,경부선,오산,9917,9709,19626
202110,경부선,오산대,3911,3617,7528
202110,경부선,세마,2783,2629,5412
202110,경부선,병점,14703,14892,29595
202110,경부선,세류,3009,2824,5833
202110,경부선,독산,18703,19452,38155
202110,경부선,수원,34448,36160,70608
202110,경부선,화서,8069,7765,15834
202110,경부선,성균관대,14863,14898,29761
202110,경부선,의왕,9513,9541,19054
202110,경부선,군포,7945,7847,15792
202110,경부선,금정,26912,27649,54561
202110,경부선,명학,9399,9350,18749
202110,경부선,안양,24184,24080,48264
202110,경부선,관악,7358,6947,14305
202110,경부선,석수,10096,8987,19083
202110,경부선,금천구청,12180,12231,24411
202110,경부선,가산디지털단지,18734,21855,40589
202110,경부선,구로,19140,19572,38712
202110,경부선,신길,9456,8061,17517
202110,경부선,신도림,4232,4406,8638
202110,경부선,영등포,35754,36551,72305
202110,경부선,대방,13182,13664,26846
202110,경부선,노량진,8503,8850,17353
202110,경부선,용산,32185,32693,64878
202110,경부선,남영,9428,9981,19409
202110,경부선,서울역,5265,1741,7006
202110,경부선,광명,3333,2973,6306
202110,경부선,서동탄,1529,1342,2871
202110,경부선,당정,6281,6113,12394
202110,경부선,천안,5552,5533,11085
202110,경부선,두정,5908,5847,11755
202110,경부선,직산,747,793,1540
202110,경부선,성환,4363,4234,8597
202110,경부선,평택,11830,11637,23467
202110,경부선,평택지제,3169,3145,6314
202110,경부선,서정리,7178,6658,13836
202110,경부선,송탄,4243,4019,8262
202110,경부선,진위,1643,1464,3107
202110,경부선,오산,10255,10219,20474
202110,경부선,오산대,3848,3616,7464
202110,경부선,세마,2834,2691,5525
202110,경부선,병점,14409,14424,28833
202110,경부선,세류,3097,2830,5927
202110,경부선,독산,18359,19221,37580
202110,경부선,수원,34123,35856,69979
202110,경부선,화서,7943,7659,15602
202110,경부선,성균관대,14989,14620,29609
202110,경부선,의왕,9528,9457,18985
202110,경부선,군포,7817,7688,15505
202110,경부선,금정,26856,27326,54182
202110,경부선,명학,9348,9331,18679
202110,경부선,안양,23558,23438,46996
202110,경부선,관악,7403,6826,14229
202110,경부선,석수,10186,9180,19366
202110,경부선,금천구청,12198,12148,24346
202110,경부선,가산디지털단지,18328,21463,39791
202110,경부선,구로,18752,19197,37949
202110,경부선,신길,9279,7872,17151
202110,경부선,신도림,4306,4420,8726
202110,경부선,영등포,36002,36760,72762
202110,경부선,대방,13105,13277,26382
202110,경부선,노량진,8740,8940,17680
202110,경부선,용산,32773,33251,66024
202110,경부선,남영,9241,9921,19162
202110,경부선,서울역,5659,1878,7537
202110,경부선,광명,3831,3507,7338
202110,경부선,서동탄,1542,1437,2979
202110,경부선,당정,6409,6021,12430
202110,경부선,천안,6665,6798,13463
202110,경부선,두정,7067,6540,13607
202110,경부선,직산,870,883,1753
202110,경부선,성환,4176,3714,7890
202110,경부선,평택,14134,13145,27279
202110,경부선,평택지제,3751,3508,7259
202110,경부선,서정리,7779,6476,14255
202110,경부선,송탄,4834,4432,9266
202110,경부선,진위,1768,1536,3304
202110,경부선,오산,10429,10161,20590
202110,경부선,오산대,3878,3622,7500
202110,경부선,세마,2928,2799,5727
202110,경부선,병점,15544,15415,30959
202110,경부선,세류,3353,3014,6367
202110,경부선,독산,18470,18904,37374
202110,경부선,수원,37508,41666,79174
202110,경부선,화서,8198,7969,16167
202110,경부선,성균관대,15300,15002,30302
202110,경부선,의왕,9435,9351,18786
202110,경부선,군포,7655,7584,15239
202110,경부선,금정,27192,27745,54937
202110,경부선,명학,9088,8956,18044
202110,경부선,안양,23952,23961,47913
202110,경부선,관악,7512,6991,14503
202110,경부선,석수,10123,9008,19131
202110,경부선,금천구청,12417,12366,24783
202110,경부선,가산디지털단지,18095,20949,39044
202110,경부선,구로,18888,19741,38629
202110,경부선,신길,9313,7935,17248
202110,경부선,신도림,4300,4375,8675
202110,경부선,영등포,39623,41155,80778
202110,경부선,대방,13085,13241,26326
202110,경부선,노량진,9373,9375,18748
202110,경부선,용산,38080,39300,77380
202110,경부선,남영,9633,9837,19470
202110,경부선,서울역,7647,2490,10137
202111,경부선,광명,3401,2847,6248
202111,경부선,서동탄,1488,1283,2771
202111,경부선,당정,6398,6075,12473
202111,경부선,천안,5510,5752,11262
202111,경부선,두정,5170,5478,10648
202111,경부선,직산,815,763,1578
202111,경부선,성환,4626,4935,9561
202111,경부선,평택,12064,12055,24119
202111,경부선,평택지제,3280,3145,6425
202111,경부선,서정리,7151,6982,14133
202111,경부선,송탄,4232,4029,8261
202111,경부선,진위,1577,1411,2988
202111,경부선,오산,9912,9978,19890
202111,경부선,오산대,3661,3392,7053
202111,경부선,세마,2839,2624,5463
202111,경부선,병점,14538,14251,28789
202111,경부선,세류,3004,2719,5723
202111,경부선,독산,18661,19487,38148
202111,경부선,수원,33385,35838,69223
202111,경부선,화서,8109,7652,15761
202111,경부선,성균관대,14553,14619,29172
202111,경부선,의왕,9252,9355,18607
202111,경부선,군포,7837,7865,15702
202111,경부선,금정,26715,27034,53749
202111,경부선,명학,9458,9366,18824
202111,경부선,안양,24309,24093,48402
202111,경부선,관악,7409,6702,14111
202111,경부선,석수,9962,8957,18919
202111,경부선,금천구청,12177,11863,24040
202111,경부선,가산디지털단지,18801,21856,40657
202111,경부선,구로,19003,19473,38476
202111,경부선,신길,9329,8024,17353
202111,경부선,신도림,4236,4291,8527
202111,경부선,영등포,35237,36608,71845
202111,경부선,대방,13022,13438,26460
202111,경부선,노량진,7972,8322,16294
202111,경부선,용산,32247,32410,64657
202111,경부선,남영,9310,9779,19089
202111,경부선,서울역,5903,1796,7699
202111,경부선,서울역,4868,1693,6561
202111,경부선,남영,9679,10068,19747
202111,경부선,용산,32342,33076,65418
202111,경부선,노량진,8567,8751,17318
202111,경부선,대방,13481,13763,27244
202111,경부선,영등포,35764,37001,72765
202111,경부선,신도림,4323,4342,8665
202111,경부선,신길,9313,7938,17251
202111,경부선,구로,19096,19357,38453
202111,경부선,가산디지털단지,19019,20923,39942
202111,경부선,금천구청,12420,12396,24816
202111,경부선,석수,10234,9070,19304
202111,경부선,관악,7518,6855,14373
202111,경부선,안양,24660,24374,49034
202111,경부선,명학,9739,9641,19380
202111,경부선,금정,27419,27848,55267
202111,경부선,군포,8003,7920,15923
202111,경부선,의왕,9602,9565,19167
202111,경부선,성균관대,15090,14842,29932
202111,경부선,화서,8285,7968,16253
202111,경부선,수원,33177,35643,68820
202111,경부선,독산,19047,19852,38899
202111,경부선,세류,3095,2786,5881
202111,경부선,병점,14808,14756,29564
202111,경부선,세마,2818,2615,5433
202111,경부선,오산대,4058,3716,7774
202111,경부선,오산,9936,9893,19829
202111,경부선,진위,1570,1392,2962
202111,경부선,송탄,4228,3993,8221
202111,경부선,서정리,7306,7020,14326
202111,경부선,평택지제,3251,3068,6319
202111,경부선,평택,11552,11515,23067
202111,경부선,성환,4211,4329,8540
202111,경부선,직산,816,826,1642
202111,경부선,두정,5535,5616,11151
202111,경부선,천안,5347,5546,10893
202111,경부선,당정,6404,6059,12463
202111,경부선,서동탄,1572,1359,2931
202111,경부선,광명,3184,2709,5893
202111,경부선,광명,3193,2743,5936
202111,경부선,서동탄,1522,1331,2853
202111,경부선,당정,6557,6281,12838
202111,경부선,천안,5469,5570,11039
202111,경부선,두정,5634,5668,11302
202111,경부선,직산,809,755,1564
202111,경부선,성환,4509,4449,8958
202111,경부선,평택,11856,11668,23524
202111,경부선,평택지제,3200,3158,6358
202111,경부선,서정리,7210,6838,14048
202111,경부선,송탄,4259,4112,8371
202111,경부선,진위,1694,1438,3132
202111,경부선,오산,10484,10395,20879
202111,경부선,오산대,3987,3631,7618
202111,경부선,세마,2916,2776,5692
202111,경부선,병점,14945,14811,29756
202111,경부선,세류,3092,2899,5991
202111,경부선,독산,19086,19772,38858
202111,경부선,수원,34625,37084,71709
202111,경부선,화서,8361,7931,16292
202111,경부선,성균관대,15363,15154,30517
202111,경부선,의왕,9632,9654,19286
202111,경부선,군포,8169,8058,16227
202111,경부선,금정,27583,27863,55446
202111,경부선,명학,9852,9645,19497
202111,경부선,안양,25039,25138,50177
202111,경부선,관악,7683,7086,14769
202111,경부선,석수,10275,9016,19291
202111,경부선,금천구청,12405,12234,24639
202111,경부선,가산디지털단지,19099,22025,41124
202111,경부선,구로,19489,20071,39560
202111,경부선,신길,9512,8113,17625
202111,경부선,신도림,4372,4523,8895
202111,경부선,영등포,36384,37961,74345
202111,경부선,대방,13483,13755,27238
202111,경부선,노량진,8961,9124,18085
202111,경부선,용산,32962,33904,66866
202111,경부선,남영,9565,10029,19594
202111,경부선,서울역,5122,1768,6890
202111,경부선,광명,3388,2956,6344
202111,경부선,서동탄,1518,1328,2846
202111,경부선,당정,6478,6168,12646
202111,경부선,천안,5740,5808,11548
202111,경부선,두정,5976,5919,11895
202111,경부선,직산,803,776,1579
202111,경부선,성환,4618,4468,9086
202111,경부선,평택,12230,11933,24163
202111,경부선,평택지제,3290,3120,6410
202111,경부선,서정리,7182,6696,13878
202111,경부선,송탄,4196,4012,8208
202111,경부선,진위,1638,1399,3037
202111,경부선,오산,9913,9845,19758
202111,경부선,오산대,3918,3662,7580
202111,경부선,세마,2813,2651,5464
202111,경부선,병점,14878,14822,29700
202111,경부선,세류,3088,2761,5849
202111,경부선,독산,18805,19740,38545
202111,경부선,수원,34225,36690,70915
202111,경부선,화서,8297,7885,16182
202111,경부선,성균관대,15221,14780,30001
202111,경부선,의왕,9592,9488,19080
202111,경부선,군포,7841,7847,15688
202111,경부선,금정,27118,27595,54713
202111,경부선,명학,9760,9473,19233
202111,경부선,안양,24302,24225,48527
202111,경부선,관악,7497,6883,14380
202111,경부선,석수,10155,9058,19213
202111,경부선,금천구청,12224,12152,24376
202111,경부선,가산디지털단지,18936,21957,40893
202111,경부선,구로,19061,19537,38598
202111,경부선,신길,9437,8080,17517
202111,경부선,신도림,4273,4268,8541
202111,경부선,영등포,36704,37922,74626
202111,경부선,대방,13438,13604,27042
202111,경부선,노량진,8700,8895,17595
202111,경부선,용산,34314,34583,68897
202111,경부선,남영,9624,10060,19684
202111,경부선,서울역,5505,1842,7347
202111,경부선,광명,3868,3467,7335
202111,경부선,서동탄,1640,1484,3124
202111,경부선,당정,6687,6131,12818
202111,경부선,천안,6289,6387,12676
202111,경부선,두정,6594,6128,12722
202111,경부선,직산,914,885,1799
202111,경부선,성환,4343,3833,8176
202111,경부선,평택,13854,13294,27148
202111,경부선,평택지제,3835,3624,7459
202111,경부선,서정리,7902,6526,14428
202111,경부선,송탄,4950,4361,9311
202111,경부선,진위,1874,1503,3377
202111,경부선,오산,11024,10537,21561
202111,경부선,오산대,4133,3810,7943
202111,경부선,세마,3050,2824,5874
202111,경부선,병점,16065,15571,31636
202111,경부선,세류,3292,2982,6274
202111,경부선,독산,18895,19152,38047
202111,경부선,수원,38553,43091,81644
202111,경부선,화서,8532,8187,16719
202111,경부선,성균관대,15511,14964,30475
202111,경부선,의왕,9621,9464,19085
202111,경부선,군포,8128,7930,16058
202111,경부선,금정,28461,28868,57329
202111,경부선,명학,9543,9294,18837
202111,경부선,안양,25148,25275,50423
202111,경부선,관악,7827,7115,14942
202111,경부선,석수,10360,9087,19447
202111,경부선,금천구청,12721,12564,25285
202111,경부선,가산디지털단지,19080,21887,40967
202111,경부선,구로,19435,20115,39550
202111,경부선,신길,9651,8127,17778
202111,경부선,신도림,4435,4388,8823
202111,경부선,영등포,40294,43548,83842
202111,경부선,대방,13454,13540,26994
202111,경부선,노량진,9672,9916,19588
202111,경부선,용산,39212,42014,81226
202111,경부선,남영,9924,10257,20181
202111,경부선,서울역,7894,2601,10495
202111,경부선,서울역,6007,1954,7961
202111,경부선,남영,8842,9388,18230
202111,경부선,용산,31537,31798,63335
202111,경부선,노량진,7318,7858,15176
202111,경부선,대방,12370,12928,25298
202111,경부선,영등포,32889,33831,66720
202111,경부선,신도림,3613,3799,7412
202111,경부선,신길,8636,7257,15893
202111,경부선,구로,18169,18609,36778
202111,경부선,광명,3464,2825,6289
202111,경부선,서동탄,1352,1129,2481
202111,경부선,당정,5880,5691,11571
202111,경부선,천안,5056,5340,10396
202111,경부선,두정,5081,5462,10543
202111,경부선,직산,693,660,1353
202111,경부선,성환,4318,4566,8884
202111,경부선,평택,10914,10799,21713
202111,경부선,평택지제,3264,3107,6371
202111,경부선,서정리,6477,6484,12961
202111,경부선,송탄,3895,3588,7483
202111,경부선,진위,1519,1321,2840
202111,경부선,오산,9521,9608,19129
202111,경부선,오산대,3477,3192,6669
202111,경부선,세마,2620,2431,5051
202111,경부선,병점,13537,13501,27038
202111,경부선,세류,2848,2541,5389
202111,경부선,독산,18322,19271,37593
202111,경부선,수원,31811,33199,65010
202111,경부선,화서,7421,6987,14408
202111,경부선,성균관대,13896,13905,27801
202111,경부선,의왕,8369,8470,16839
202111,경부선,군포,7424,7494,14918
202111,경부선,금정,24855,25643,50498
202111,경부선,명학,9238,9251,18489
202111,경부선,안양,22976,22518,45494
202111,경부선,관악,6745,6185,12930
202111,경부선,석수,9258,8247,17505
202111,경부선,금천구청,11143,11037,22180
202111,경부선,가산디지털단지,18041,21219,39260
202111,경부선,서울역,5056,1761,6817
202111,경부선,남영,9283,9793,19076
202111,경부선,용산,31322,31597,62919
202111,경부선,노량진,8205,8311,16516
202111,경부선,대방,13015,13290,26305
202111,경부선,영등포,35276,36627,71903
202111,경부선,신도림,3864,3892,7756
202111,경부선,신길,9233,7810,17043
202111,경부선,구로,18463,19074,37537
202111,경부선,가산디지털단지,18394,21510,39904
202111,경부선,금천구청,11581,11440,23021
202111,경부선,석수,9749,8550,18299
202111,경부선,관악,7036,6521,13557
202111,경부선,안양,23992,23898,47890
202111,경부선,명학,9622,9460,19082
202111,경부선,금정,26480,26776,53256
202111,경부선,군포,7792,7773,15565
202111,경부선,의왕,8982,8968,17950
202111,경부선,성균관대,14658,14239,28897
202111,경부선,화서,7739,7279,15018
202111,경부선,독산,18879,19609,38488
202111,경부선,세류,2880,2648,5528
202111,경부선,병점,13925,13969,27894
202111,경부선,세마,2614,2426,5040
202111,경부선,오산대,3662,3299,6961
202111,경부선,오산,9290,9377,18667
202111,경부선,진위,1520,1302,2822
202111,경부선,송탄,3814,3710,7524
202111,경부선,서정리,6728,6372,13100
202111,경부선,평택지제,3072,2892,5964
202111,경부선,평택,11008,10849,21857
202111,경부선,성환,4137,4234,8371
202111,경부선,직산,747,742,1489
202111,경부선,두정,5288,5528,10816
202111,경부선,천안,5207,5356,10563
202111,경부선,당정,6207,5930,12137
202111,경부선,서동탄,1414,1265,2679
202111,경부선,광명,3178,2701,5879
202111,경부선,수원,32135,33983,66118
202111,경부선,오산대,3848,3449,7297
202111,경부선,서울역,5529,1770,7299
202111,경부선,남영,9768,10165,19933
202111,경부선,용산,33198,33495,66693
202111,경부선,노량진,8921,9260,18181
202111,경부선,대방,13447,13960,27407
202111,경부선,영등포,36344,37887,74231
202111,경부선,신도림,4091,4287,8378
202111,경부선,신길,9262,7904,17166
202111,경부선,구로,19278,20137,39415
202111,경부선,가산디지털단지,18938,22212,41150
202111,경부선,금천구청,12232,12341,24573
202111,경부선,석수,10168,9052,19220
202111,경부선,관악,7466,6883,14349
202111,경부선,안양,24864,24703,49567
202111,경부선,명학,9724,9565,19289
202111,경부선,금정,27536,27759,55295
202111,경부선,군포,7901,7879,15780
202111,경부선,의왕,9401,9359,18760
202111,경부선,성균관대,15222,14890,30112
202111,경부선,화서,8140,7712,15852
202111,경부선,수원,34006,36020,70026
202111,경부선,독산,19262,20200,39462
202111,경부선,세류,3001,2702,5703
202111,경부선,병점,14495,14599,29094
202111,경부선,세마,2846,2577,5423
202111,경부선,오산,9893,9761,19654
202111,경부선,진위,1603,1413,3016
202111,경부선,송탄,4088,3920,8008
202111,경부선,서정리,7251,6855,14106
202111,경부선,평택지제,3160,3123,6283
202111,경부선,평택,11629,11506,23135
202111,경부선,성환,4475,4402,8877
202111,경부선,직산,731,700,1431
202111,경부선,두정,5418,5502,10920
202111,경부선,천안,5261,5479,10740
202111,경부선,당정,6388,6061,12449
202111,경부선,서동탄,1475,1284,2759
202111,경부선,광명,3333,2824,6157
202111,경부선,서울역,5934,1990,7924
202111,경부선,남영,9380,9716,19096
202111,경부선,용산,34962,35363,70325
202111,경부선,노량진,9169,9321,18490
202111,경부선,대방,13658,14005,27663
202111,경부선,영등포,37963,39383,77346
202111,경부선,신도림,4158,4286,8444
202111,경부선,신길,9243,7900,17143
202111,경부선,구로,18974,19561,38535
202111,경부선,가산디지털단지,18560,21651,40211
202111,경부선,금천구청,12157,12043,24200
202111,경부선,석수,10249,9051,19300
202111,경부선,관악,7445,6817,14262
202111,경부선,안양,24940,24798,49738
202111,경부선,명학,9700,9572,19272
202111,경부선,금정,26818,27197,54015
202111,경부선,군포,7871,7829,15700
202111,경부선,의왕,9695,9464,19159
202111,경부선,성균관대,15377,14972,30349
202111,경부선,화서,8169,7786,15955
202111,경부선,수원,35484,37752,73236
202111,경부선,독산,19175,19743,38918
202111,경부선,세류,3097,2801,5898
202111,경부선,병점,14995,15010,30005
202111,경부선,세마,2780,2585,5365
202111,경부선,오산대,3916,3563,7479
202111,경부선,오산,10166,9912,20078
202111,경부선,진위,1669,1454,3123
202111,경부선,송탄,4597,4253,8850
202111,경부선,서정리,7298,6800,14098
202111,경부선,평택지제,3307,3237,6544
202111,경부선,평택,12358,11887,24245
202111,경부선,성환,4544,4421,8965
202111,경부선,직산,749,795,1544
202111,경부선,두정,5746,5807,11553
202111,경부선,천안,5566,5815,11381
202111,경부선,당정,6438,6138,12576
202111,경부선,서동탄,1452,1226,2678
202111,경부선,광명,3516,2980,6496
202111,경부선,서울역,8440,2763,11203
202111,경부선,남영,9519,9667,19186
202111,경부선,용산,40094,42355,82449
202111,경부선,노량진,9733,10029,19762
202111,경부선,대방,13394,13264,26658
202111,경부선,영등포,41199,44124,85323
202111,경부선,신도림,4189,4289,8478
202111,경부선,신길,9288,7863,17151
202111,경부선,구로,19253,20368,39621
202111,경부선,가산디지털단지,18697,21411,40108
202111,경부선,금천구청,12272,12203,24475
202111,경부선,석수,10123,8872,18995
202111,경부선,관악,7495,6875,14370
202111,경부선,안양,24607,24687,49294
202111,경부선,명학,9319,9112,18431
202111,경부선,금정,27347,27422,54769
202111,경부선,군포,7945,7814,15759
202111,경부선,의왕,9360,9143,18503
202111,경부선,성균관대,15380,14848,30228
202111,경부선,화서,8040,7676,15716
202111,경부선,수원,37729,41557,79286
202111,경부선,독산,18920,19215,38135
202111,경부선,세류,3247,2914,6161
202111,경부선,병점,15795,15529,31324
202111,경부선,세마,2888,2695,5583
202111,경부선,오산대,3873,3550,7423
202111,경부선,오산,10762,10494,21256
202111,경부선,진위,1831,1526,3357
202111,경부선,송탄,5090,4503,9593
202111,경부선,서정리,8017,6683,14700
202111,경부선,평택지제,3833,3616,7449
202111,경부선,평택,13481,13219,26700
202111,경부선,성환,4295,3731,8026
202111,경부선,직산,932,881,1813
202111,경부선,두정,6386,5810,12196
202111,경부선,천안,6205,6398,12603
202111,경부선,당정,6433,6073,12506
202111,경부선,서동탄,1557,1489,3046
202111,경부선,광명,4000,3578,7578
202111,경부선,서울역,6519,1940,8459
202111,경부선,남영,9117,9603,18720
202111,경부선,용산,33175,33703,66878
202111,경부선,노량진,8426,8834,17260
202111,경부선,대방,13061,13398,26459
202111,경부선,영등포,35568,36604,72172
202111,경부선,신도림,4271,4357,8628
202111,경부선,신길,9274,7889,17163
202111,경부선,구로,19212,19280,38492
202111,경부선,가산디지털단지,19170,22009,41179
202111,경부선,금천구청,11990,11827,23817
202111,경부선,석수,10004,8990,18994
202111,경부선,관악,7291,6753,14044
202111,경부선,안양,24304,24345,48649
202111,경부선,명학,9587,9499,19086
202111,경부선,금정,26788,27416,54204
202111,경부선,군포,7788,7860,15648
202111,경부선,의왕,9621,9680,19301
202111,경부선,성균관대,14934,14961,29895
202111,경부선,화서,8173,7806,15979
202111,경부선,수원,33585,35549,69134
202111,경부선,독산,18719,19619,38338
202111,경부선,세류,3112,2790,5902
202111,경부선,병점,14779,14593,29372
202111,경부선,세마,2815,2610,5425
202111,경부선,오산대,3714,3473,7187
202111,경부선,오산,10266,10139,20405
202111,경부선,진위,1647,1548,3195
202111,경부선,송탄,4343,4166,8509
202111,경부선,서정리,7125,6966,14091
202111,경부선,평택지제,3376,3217,6593
202111,경부선,평택,12234,11985,24219
202111,경부선,성환,4960,5276,10236
202111,경부선,직산,759,751,1510
202111,경부선,두정,5509,6007,11516
202111,경부선,천안,5475,5624,11099
202111,경부선,당정,6385,6104,12489
202111,경부선,서동탄,1530,1304,2834
202111,경부선,광명,3723,2993,6716
202111,경부선,서울역,5714,1716,7430
202111,경부선,남영,9372,9891,19263
202111,경부선,용산,31984,32539,64523
202111,경부선,노량진,8939,9038,17977
202111,경부선,대방,13203,13541,26744
202111,경부선,영등포,36360,37419,73779
202111,경부선,신도림,4241,4244,8485
202111,경부선,신길,9343,8012,17355
202111,경부선,구로,19034,19521,38555
202111,경부선,가산디지털단지,19068,22258,41326
202111,경부선,금천구청,12265,12079,24344
202111,경부선,석수,10239,9157,19396
202111,경부선,관악,7553,6914,14467
202111,경부선,안양,24990,24871,49861
202111,경부선,명학,9852,9689,19541
202111,경부선,금정,27438,27772,55210
202111,경부선,군포,8002,7910,15912
202111,경부선,의왕,9835,9676,19511
202111,경부선,성균관대,15172,15010,30182
202111,경부선,화서,8294,7976,16270
202111,경부선,수원,33999,36072,70071
202111,경부선,독산,19177,20054,39231
202111,경부선,세류,3118,2829,5947
202111,경부선,병점,14716,14686,29402
202111,경부선,세마,2802,2602,5404
202111,경부선,오산대,3915,3671,7586
202111,경부선,오산,10238,10006,20244
202111,경부선,진위,1642,1461,3103
202111,경부선,송탄,4253,4021,8274
202111,경부선,서정리,7165,6688,13853
202111,경부선,평택지제,3301,3091,6392
202111,경부선,평택,11770,11729,23499
202111,경부선,성환,5311,5316,10627
202111,경부선,직산,752,750,1502
202111,경부선,두정,5624,5887,11511
202111,경부선,천안,5663,5691,11354
202111,경부선,당정,6436,6078,12514
202111,경부선,서동탄,1497,1312,2809
202111,경부선,광명,3344,2883,6227
202111,경부선,서울역,5627,1785,7412
202111,경부선,남영,9705,10292,19997
202111,경부선,용산,33737,33983,67720
202111,경부선,노량진,9071,9318,18389
202111,경부선,대방,13483,13841,27324
202111,경부선,영등포,36801,38051,74852
202111,경부선,신도림,4363,4305,8668
202111,경부선,신길,9475,8039,17514
202111,경부선,구로,19799,20311,40110
202111,경부선,가산디지털단지,19231,22249,41480
202111,경부선,금천구청,12507,12250,24757
202111,경부선,석수,10374,9259,19633
202111,경부선,관악,7645,7047,14692
202111,경부선,안양,25461,25419,50880
202111,경부선,명학,9862,9717,19579
202111,경부선,금정,28106,29073,57179
202111,경부선,군포,8077,7960,16037
202111,경부선,의왕,9691,9546,19237
202111,경부선,성균관대,15630,15196,30826
202111,경부선,화서,8534,8087,16621
202111,경부선,수원,35550,37623,73173
202111,경부선,독산,19148,19915,39063
202111,경부선,세류,3185,2843,6028
202111,경부선,병점,15077,15093,30170
202111,경부선,세마,2869,2677,5546
202111,경부선,오산대,3982,3605,7587
202111,경부선,오산,10211,10063,20274
202111,경부선,진위,1671,1451,3122
202111,경부선,송탄,4475,4277,8752
202111,경부선,서정리,7579,7220,14799
202111,경부선,평택지제,3312,3164,6476
202111,경부선,평택,11928,11850,23778
202111,경부선,성환,5090,5106,10196
202111,경부선,직산,750,747,1497
202111,경부선,두정,5831,5752,11583
202111,경부선,천안,5323,5559,10882
202111,경부선,당정,6536,6200,12736
202111,경부선,서동탄,1602,1420,3022
202111,경부선,광명,3451,2914,6365
202111,경부선,광명,3435,3072,6507
202111,경부선,서동탄,1531,1374,2905
202111,경부선,당정,6391,6044,12435
202111,경부선,천안,5690,5662,11352
202111,경부선,두정,5935,5800,11735
202111,경부선,직산,754,741,1495
202111,경부선,성환,5181,4960,10141
202111,경부선,평택,12118,11977,24095
202111,경부선,평택지제,3384,3308,6692
202111,경부선,서정리,7303,6740,14043
202111,경부선,송탄,4271,4092,8363
202111,경부선,진위,1624,1508,3132
202111,경부선,오산,10410,10340,20750
202111,경부선,오산대,3974,3602,7576
202111,경부선,세마,2970,2669,5639
202111,경부선,병점,14959,15064,30023
202111,경부선,세류,3221,2907,6128
202111,경부선,독산,18867,19563,38430
202111,경부선,수원,35652,38316,73968
202111,경부선,화서,8395,7971,16366
202111,경부선,성균관대,15173,14787,29960
202111,경부선,의왕,9835,9633,19468
202111,경부선,군포,7913,7825,15738
202111,경부선,금정,27093,27655,54748
202111,경부선,명학,9625,9479,19104
202111,경부선,안양,24358,24323,48681
202111,경부선,관악,7570,6909,14479
202111,경부선,석수,10147,9006,19153
202111,경부선,금천구청,12316,11999,24315
202111,경부선,가산디지털단지,18883,21793,40676
202111,경부선,구로,19233,19944,39177
202111,경부선,신길,9325,7894,17219
202111,경부선,신도림,4305,4433,8738
202111,경부선,영등포,36886,38221,75107
202111,경부선,대방,13285,13599,26884
202111,경부선,노량진,8800,9068,17868
202111,경부선,용산,33787,34556,68343
202111,경부선,남영,9213,9618,18831
202111,경부선,서울역,6166,2048,8214
202111,경부선,서울역,8747,2720,11467
202111,경부선,남영,9390,9740,19130
202111,경부선,용산,39936,42040,81976
202111,경부선,노량진,9756,10059,19815
202111,경부선,대방,13337,13352,26689
202111,경부선,영등포,40916,44200,85116
202111,경부선,신도림,4244,4407,8651
202111,경부선,신길,9477,7975,17452
202111,경부선,구로,19300,20211,39511
202111,경부선,가산디지털단지,18552,21467,40019
202111,경부선,금천구청,12428,12222,24650
202111,경부선,석수,10202,8960,19162
202111,경부선,관악,7694,7030,14724
202111,경부선,안양,24583,24681,49264
202111,경부선,명학,9461,9158,18619
202111,경부선,금정,28151,28368,56519
202111,경부선,군포,8100,7892,15992
202111,경부선,의왕,9689,9407,19096
202111,경부선,성균관대,15442,15043,30485
202111,경부선,화서,8397,8063,16460
202111,경부선,수원,38896,42991,81887
202111,경부선,독산,18928,19258,38186
202111,경부선,세류,3277,2999,6276
202111,경부선,병점,16153,15440,31593
202111,경부선,세마,2999,2700,5699
202111,경부선,오산대,3954,3660,7614
202111,경부선,오산,11051,10527,21578
202111,경부선,진위,1873,1503,3376
202111,경부선,송탄,4842,4515,9357
202111,경부선,서정리,7946,6722,14668
202111,경부선,평택지제,3938,3759,7697
202111,경부선,평택,14081,13344,27425
202111,경부선,성환,4232,3829,8061
202111,경부선,직산,919,887,1806
202111,경부선,두정,6477,5943,12420
202111,경부선,천안,6393,6671,13064
202111,경부선,당정,6583,6229,12812
202111,경부선,서동탄,1552,1431,2983
202111,경부선,광명,4010,3721,7731
202111,경부선,서울역,6525,1978,8503
202111,경부선,남영,9320,9744,19064
202111,경부선,용산,33000,33277,66277
202111,경부선,노량진,8092,8481,16573
202111,경부선,대방,12878,13202,26080
202111,경부선,영등포,35465,36822,72287
202111,경부선,신도림,3947,4028,7975
202111,경부선,신길,9085,7843,16928
202111,경부선,구로,18973,19002,37975
202111,경부선,가산디지털단지,18142,21475,39617
202111,경부선,금천구청,12024,11664,23688
202111,경부선,석수,9723,8700,18423
202111,경부선,관악,7279,6600,13879
202111,경부선,안양,24129,23880,48009
202111,경부선,명학,9388,9342,18730
202111,경부선,금정,26275,26962,53237
202111,경부선,군포,7774,7905,15679
202111,경부선,의왕,9122,9227,18349
202111,경부선,성균관대,14652,14599,29251
202111,경부선,화서,7830,7403,15233
202111,경부선,수원,33417,35294,68711
202111,경부선,독산,18790,19421,38211
202111,경부선,세류,2985,2666,5651
202111,경부선,병점,14228,14224,28452
202111,경부선,세마,2752,2580,5332
202111,경부선,오산대,3772,3420,7192
202111,경부선,오산,9834,9875,19709
202111,경부선,진위,1679,1485,3164
202111,경부선,송탄,4313,4088,8401
202111,경부선,서정리,7141,7000,14141
202111,경부선,평택지제,3405,3226,6631
202111,경부선,평택,11692,11760,23452
202111,경부선,성환,4657,4933,9590
202111,경부선,직산,743,699,1442
202111,경부선,두정,5121,5692,10813
202111,경부선,천안,5194,5496,10690
202111,경부선,당정,6206,5959,12165
202111,경부선,서동탄,1464,1257,2721
202111,경부선,광명,3649,2908,6557
202111,경부선,광명,3238,2724,5962
202111,경부선,서동탄,1447,1295,2742
202111,경부선,당정,6507,6228,12735
202111,경부선,천안,5511,5598,11109
202111,경부선,두정,5438,5611,11049
202111,경부선,직산,733,741,1474
202111,경부선,성환,4579,4700,9279
202111,경부선,평택,11434,11257,22691
202111,경부선,평택지제,3204,3208,6412
202111,경부선,서정리,7156,6752,13908
202111,경부선,송탄,4169,4003,8172
202111,경부선,진위,1590,1389,2979
202111,경부선,오산,10110,9923,20033
202111,경부선,오산대,3890,3566,7456
202111,경부선,세마,2766,2625,5391
202111,경부선,병점,14641,14640,29281
202111,경부선,세류,3019,2792,5811
202111,경부선,독산,18989,19835,38824
202111,경부선,수원,33556,35500,69056
202111,경부선,화서,8216,7805,16021
202111,경부선,성균관대,14957,14573,29530
202111,경부선,의왕,9524,9383,18907
202111,경부선,군포,7814,7748,15562
202111,경부선,금정,26773,27458,54231
202111,경부선,명학,9803,9723,19526
202111,경부선,안양,24804,24653,49457
202111,경부선,관악,7311,6743,14054
202111,경부선,석수,10050,8773,18823
202111,경부선,금천구청,11907,11770,23677
202111,경부선,가산디지털단지,18641,21708,40349
202111,경부선,구로,18759,19468,38227
202111,경부선,신길,9335,7960,17295
202111,경부선,신도림,3981,4062,8043
202111,경부선,영등포,35856,36968,72824
202111,경부선,대방,13078,13328,26406
202111,경부선,노량진,8406,8840,17246
202111,경부선,용산,31353,31604,62957
202111,경부선,남영,9387,9796,19183
202111,경부선,서울역,5629,1815,7444
202111,경부선,서울역,5553,1923,7476
202111,경부선,남영,9563,9977,19540
202111,경부선,용산,32350,32958,65308
202111,경부선,노량진,8070,8232,16302
202111,경부선,대방,13403,13830,27233
202111,경부선,영등포,35923,36881,72804
202111,경부선,신도림,4162,4293,8455
202111,경부선,신길,9386,7913,17299
202111,경부선,구로,19242,20005,39247
202111,경부선,가산디지털단지,18825,21969,40794
202111,경부선,금천구청,12246,12082,24328
202111,경부선,석수,10134,8915,19049
202111,경부선,관악,7429,6816,14245
202111,경부선,안양,24957,24655,49612
202111,경부선,명학,9737,9640,19377
202111,경부선,금정,27092,27675,54767
202111,경부선,군포,7930,7892,15822
202111,경부선,의왕,9317,9363,18680
202111,경부선,성균관대,14824,14614,29438
202111,경부선,화서,8182,7856,16038
202111,경부선,수원,34126,35902,70028
202111,경부선,독산,19034,19855,38889
202111,경부선,세류,3035,2731,5766
202111,경부선,병점,14509,14651,29160
202111,경부선,세마,2820,2600,5420
202111,경부선,오산대,3846,3564,7410
202111,경부선,오산,9845,9769,19614
202111,경부선,진위,1634,1434,3068
202111,경부선,송탄,4364,4101,8465
202111,경부선,서정리,7343,6898,14241
202111,경부선,평택지제,3367,3221,6588
202111,경부선,평택,11959,11590,23549
202111,경부선,성환,4841,4825,9666
202111,경부선,직산,778,726,1504
202111,경부선,두정,5619,5686,11305
202111,경부선,천안,5146,5332,10478
202111,경부선,당정,6543,6118,12661
202111,경부선,서동탄,1520,1270,2790
202111,경부선,광명,3343,2808,6151
202111,경부선,두정,5735,5720,11455
202111,경부선,직산,770,770,1540
202111,경부선,성환,4965,4896,9861
202111,경부선,평택,12191,12015,24206
202111,경부선,평택지제,3402,3307,6709
202111,경부선,서정리,7495,6894,14389
202111,경부선,송탄,4573,4167,8740
202111,경부선,진위,1701,1544,3245
202111,경부선,오산,10065,9989,20054
202111,경부선,오산대,3810,3479,7289
202111,경부선,세마,2800,2682,5482
202111,경부선,병점,14912,14860,29772
202111,경부선,세류,3210,2784,5994
202111,경부선,독산,19125,19862,38987
202111,경부선,수원,35152,37525,72677
202111,경부선,화서,8216,7942,16158
202111,경부선,성균관대,15004,14781,29785
202111,경부선,의왕,9636,9565,19201
202111,경부선,군포,7866,7842,15708
202111,경부선,금정,27249,27916,55165
202111,경부선,명학,9659,9599,19258
202111,경부선,안양,24957,24811,49768
202111,경부선,관악,7555,6771,14326
202111,경부선,석수,10113,9073,19186
202111,경부선,금천구청,12321,11993,24314
202111,경부선,가산디지털단지,18858,21862,40720
202111,경부선,구로,18971,20049,39020
202111,경부선,신길,9343,7952,17295
202111,경부선,신도림,4225,4439,8664
202111,경부선,영등포,36708,37630,74338
202111,경부선,대방,13400,13796,27196
202111,경부선,노량진,8072,8306,16378
202111,경부선,용산,33599,34298,67897
202111,경부선,남영,9444,9957,19401
202111,경부선,서울역,6294,2016,8310
202111,경부선,광명,3402,2889,6291
202111,경부선,서동탄,1560,1331,2891
202111,경부선,당정,6531,6069,12600
202111,경부선,천안,5429,5484,10913
202111,경부선,서울역,8577,2675,11252
202111,경부선,남영,9511,10002,19513
202111,경부선,용산,39463,41866,81329
202111,경부선,노량진,8947,8780,17727
202111,경부선,대방,13438,13384,26822
202111,경부선,영등포,40601,43430,84031
202111,경부선,신도림,4192,4298,8490
202111,경부선,신길,9499,7990,17489
202111,경부선,구로,19209,20164,39373
202111,경부선,가산디지털단지,18636,21449,40085
202111,경부선,금천구청,12346,12196,24542
202111,경부선,석수,10302,8924,19226
202111,경부선,관악,7531,6819,14350
202111,경부선,안양,24787,24661,49448
202111,경부선,명학,9382,9177,18559
202111,경부선,금정,27786,28076,55862
202111,경부선,군포,8066,7835,15901
202111,경부선,의왕,9587,9389,18976
202111,경부선,성균관대,16028,15505,31533
202111,경부선,화서,8221,7866,16087
202111,경부선,수원,38331,42632,80963
202111,경부선,독산,18816,19252,38068
202111,경부선,세류,3284,2988,6272
202111,경부선,병점,16143,15676,31819
202111,경부선,세마,2948,2728,5676
202111,경부선,오산대,3886,3566,7452
202111,경부선,오산,10838,10497,21335
202111,경부선,진위,1959,1577,3536
202111,경부선,송탄,5281,4696,9977
202111,경부선,서정리,8077,2712,10789
202111,경부선,평택지제,3976,3750,7726
202111,경부선,평택,13769,13340,27109
202111,경부선,성환,4202,3777,7979
202111,경부선,직산,907,794,1701
202111,경부선,두정,6547,5997,12544
202111,경부선,천안,6219,6297,12516
202111,경부선,당정,6443,6002,12445
202111,경부선,서동탄,1613,1478,3091
202111,경부선,광명,3975,3598,7573
202111,경부선,서울역,6453,1945,8398
202111,경부선,남영,9360,9773,19133
202111,경부선,용산,32335,32526,64861
202111,경부선,노량진,7992,8134,16126
202111,경부선,대방,12947,13477,26424
202111,경부선,영등포,35430,37044,72474
202111,경부선,신도림,4066,4099,8165
202111,경부선,신길,9453,7871,17324
202111,경부선,구로,18667,19071,37738
202111,경부선,가산디지털단지,18852,21779,40631
202111,경부선,금천구청,12110,11937,24047
202111,경부선,석수,10016,8787,18803
202111,경부선,관악,7253,6608,13861
202111,경부선,안양,24217,23877,48094
202111,경부선,명학,9592,9471,19063
202111,경부선,금정,26473,27360,53833
202111,경부선,군포,7926,7890,15816
202111,경부선,의왕,9264,9234,18498
202111,경부선,성균관대,14414,14501,28915
202111,경부선,화서,8126,7708,15834
202111,경부선,수원,33639,35465,69104
202111,경부선,독산,18617,19518,38135
202111,경부선,세류,3042,2725,5767
202111,경부선,병점,14596,14618,29214
202111,경부선,세마,2764,2617,5381
202111,경부선,오산대,3868,3438,7306
202111,경부선,오산,10119,10000,20119
202111,경부선,진위,1676,1532,3208
202111,경부선,송탄,4376,4153,8529
202111,경부선,서정리,7395,7138,14533
202111,경부선,평택지제,3412,3251,6663
202111,경부선,평택,12171,12055,24226
202111,경부선,성환,4776,4997,9773
202111,경부선,직산,826,732,1558
202111,경부선,두정,5358,5811,11169
202111,경부선,천안,5432,5701,11133
202111,경부선,당정,6299,6044,12343
202111,경부선,서동탄,1528,1290,2818
202111,경부선,광명,3606,2998,6604
202111,경부선,서울역,5475,1823,7298
202111,경부선,남영,9139,9488,18627
202111,경부선,용산,30284,30170,60454
202111,경부선,노량진,7013,7377,14390
202111,경부선,대방,12685,13247,25932
202111,경부선,영등포,33676,34551,68227
202111,경부선,신도림,3581,3679,7260
202111,경부선,신길,8589,7159,15748
202111,경부선,구로,17916,18431,36347
202111,경부선,가산디지털단지,18304,21331,39635
202111,경부선,금천구청,11171,11069,22240
202111,경부선,석수,9453,8327,17780
202111,경부선,관악,6814,6297,13111
202111,경부선,안양,23040,22978,46018
202111,경부선,명학,9455,9259,18714
202111,경부선,금정,25353,25822,51175
202111,경부선,군포,7509,7433,14942
202111,경부선,의왕,8604,8718,17322
202111,경부선,성균관대,14026,13805,27831
202111,경부선,화서,7699,7378,15077
202111,경부선,수원,30966,32855,63821
202111,경부선,독산,18290,19292,37582
202111,경부선,세류,2864,2551,5415
202111,경부선,병점,13667,13664,27331
202111,경부선,세마,2592,2392,4984
202111,경부선,오산대,3568,3217,6785
202111,경부선,오산,9163,9189,18352
202111,경부선,진위,1557,1351,2908
202111,경부선,송탄,4012,3802,7814
202111,경부선,서정리,6773,6430,13203
202111,경부선,평택지제,3166,2982,6148
202111,경부선,평택,10630,10523,21153
202111,경부선,성환,4132,4260,8392
202111,경부선,직산,631,656,1287
202111,경부선,두정,4867,5062,9929
202111,경부선,천안,4823,4914,9737
202111,경부선,당정,6126,5780,11906
202111,경부선,서동탄,1378,1166,2544
202111,경부선,광명,3276,2738,6014
202112,경부선,광명,3094,2704,5798
202112,경부선,서동탄,1503,1313,2816
202112,경부선,당정,6198,5947,12145
202112,경부선,천안,4919,5040,9959
202112,경부선,두정,5354,5339,10693
202112,경부선,직산,712,666,1378
202112,경부선,성환,4778,4729,9507
202112,경부선,평택,11103,11083,22186
202112,경부선,평택지제,3118,3041,6159
202112,경부선,서정리,7110,6610,13720
202112,경부선,송탄,4030,3947,7977
202112,경부선,진위,1610,1380,2990
202112,경부선,오산,9613,9555,19168
202112,경부선,오산대,3798,3487,7285
202112,경부선,세마,2722,2563,5285
202112,경부선,병점,14315,14264,28579
202112,경부선,세류,2991,2766,5757
202112,경부선,독산,18903,19804,38707
202112,경부선,수원,32915,34624,67539
202112,경부선,화서,7864,7531,15395
202112,경부선,성균관대,14290,14025,28315
202112,경부선,의왕,9106,9114,18220
202112,경부선,군포,7807,7685,15492
202112,경부선,금정,26272,26903,53175
202112,경부선,명학,9548,9486,19034
202112,경부선,안양,24218,23932,48150
202112,경부선,관악,7266,6658,13924
202112,경부선,석수,9861,8781,18642
202112,경부선,금천구청,11885,11656,23541
202112,경부선,가산디지털단지,18564,21516,40080
202112,경부선,구로,18588,19180,37768
202112,경부선,신길,8972,7636,16608
202112,경부선,신도림,3919,3898,7817
202112,경부선,영등포,34963,36325,71288
202112,경부선,대방,12938,13415,26353
202112,경부선,노량진,7728,7977,15705
202112,경부선,용산,31447,32071,63518
202112,경부선,남영,9432,9793,19225
202112,경부선,서울역,5249,1732,6981
202112,경부선,광명,3254,2798,6052
202112,경부선,서동탄,1458,1245,2703
202112,경부선,당정,6234,5867,12101
202112,경부선,천안,5079,5151,10230
202112,경부선,두정,5276,5322,10598
202112,경부선,직산,719,730,1449
202112,경부선,성환,4830,4555,9385
202112,경부선,평택,11232,11072,22304
202112,경부선,평택지제,3187,3060,6247
202112,경부선,서정리,7371,6705,14076
202112,경부선,송탄,4175,3959,8134
202112,경부선,진위,1597,1434,3031
202112,경부선,오산,9590,9487,19077
202112,경부선,오산대,3716,3498,7214
202112,경부선,세마,2752,2583,5335
202112,경부선,병점,14168,14171,28339
202112,경부선,세류,3039,2638,5677
202112,경부선,독산,18557,19337,37894
202112,경부선,수원,32417,34203,66620
202112,경부선,화서,7897,7661,15558
202112,경부선,성균관대,14130,13943,28073
202112,경부선,의왕,9269,9141,18410
202112,경부선,군포,7667,7724,15391
202112,경부선,금정,26666,27031,53697
202112,경부선,명학,9533,9470,19003
202112,경부선,안양,23830,23771,47601
202112,경부선,관악,7199,6619,13818
202112,경부선,석수,9896,8749,18645
202112,경부선,금천구청,11873,11701,23574
202112,경부선,가산디지털단지,18583,21664,40247
202112,경부선,구로,18469,19062,37531
202112,경부선,신길,9059,7668,16727
202112,경부선,신도림,3869,3980,7849
202112,경부선,영등포,34950,36336,71286
202112,경부선,대방,12755,13231,25986
202112,경부선,노량진,7846,8048,15894
202112,경부선,용산,32195,32764,64959
202112,경부선,남영,9187,9606,18793
202112,경부선,서울역,5550,1848,7398
202112,경부선,서울역,7997,2588,10585
202112,경부선,남영,9399,9854,19253
202112,경부선,용산,37971,40016,77987
202112,경부선,노량진,8423,8839,17262
202112,경부선,대방,13091,13254,26345
202112,경부선,영등포,39409,42143,81552
202112,경부선,신도림,3993,4112,8105
202112,경부선,신길,9293,8363,17656
202112,경부선,구로,19051,19742,38793
202112,경부선,가산디지털단지,18338,21139,39477
202112,경부선,금천구청,12343,12236,24579
202112,경부선,석수,10015,8684,18699
202112,경부선,관악,7378,6788,14166
202112,경부선,안양,24017,23989,48006
202112,경부선,명학,9407,9303,18710
202112,경부선,금정,27451,27605,55056
202112,경부선,군포,7950,7886,15836
202112,경부선,의왕,9434,9345,18779
202112,경부선,성균관대,15177,14567,29744
202112,경부선,화서,8080,7687,15767
202112,경부선,수원,36017,39456,75473
202112,경부선,독산,18757,19196,37953
202112,경부선,세류,3192,2802,5994
202112,경부선,병점,15364,14938,30302
202112,경부선,세마,2958,2688,5646
202112,경부선,오산대,3751,3416,7167
202112,경부선,오산,10793,10400,21193
202112,경부선,진위,1883,1493,3376
202112,경부선,송탄,4679,4318,8997
202112,경부선,서정리,7701,6431,14132
202112,경부선,평택지제,3772,3493,7265
202112,경부선,평택,12864,12278,25142
202112,경부선,성환,4128,3631,7759
202112,경부선,직산,881,768,1649
202112,경부선,두정,6105,5617,11722
202112,경부선,천안,5500,5535,11035
202112,경부선,당정,6343,5836,12179
202112,경부선,서동탄,1552,1328,2880
202112,경부선,광명,3751,3402,7153
202112,경부선,광명,3418,2854,6272
202112,경부선,서동탄,1434,1208,2642
202112,경부선,당정,6285,5953,12238
202112,경부선,천안,5067,5252,10319
202112,경부선,두정,5095,5488,10583
202112,경부선,직산,765,717,1482
202112,경부선,성환,4863,5068,9931
202112,경부선,평택,11648,11754,23402
202112,경부선,평택지제,3380,3162,6542
202112,경부선,서정리,7169,7000,14169
202112,경부선,송탄,4174,4012,8186
202112,경부선,진위,1629,1477,3106
202112,경부선,오산,9788,9793,19581
202112,경부선,오산대,3634,3360,6994
202112,경부선,세마,2798,2620,5418
202112,경부선,병점,14456,14531,28987
202112,경부선,세류,2966,2673,5639
202112,경부선,독산,18601,19189,37790
202112,경부선,수원,32775,34062,66837
202112,경부선,화서,7825,7510,15335
202112,경부선,성균관대,13815,13520,27335
202112,경부선,의왕,9163,9186,18349
202112,경부선,군포,7885,7976,15861
202112,경부선,금정,25940,26791,52731
202112,경부선,명학,9374,9200,18574
202112,경부선,안양,22443,22235,44678
202112,경부선,관악,7204,6622,13826
202112,경부선,석수,9723,8562,18285
202112,경부선,금천구청,11905,11677,23582
202112,경부선,가산디지털단지,18658,21591,40249
202112,경부선,구로,18596,18648,37244
202112,경부선,신길,8890,7491,16381
202112,경부선,신도림,4102,4112,8214
202112,경부선,영등포,33937,34841,68778
202112,경부선,대방,12697,13061,25758
202112,경부선,노량진,7604,7789,15393
202112,경부선,용산,30400,30534,60934
202112,경부선,남영,8926,9255,18181
202112,경부선,서울역,5932,1816,7748
202112,경부선,서울역,4986,1651,6637
202112,경부선,남영,9338,9646,18984
202112,경부선,용산,29583,29830,59413
202112,경부선,노량진,7641,7915,15556
202112,경부선,대방,12898,13253,26151
202112,경부선,영등포,34117,35255,69372
202112,경부선,신도림,4106,4020,8126
202112,경부선,신길,9028,7561,16589
202112,경부선,구로,18566,19018,37584
202112,경부선,가산디지털단지,18649,21719,40368
202112,경부선,금천구청,11971,11773,23744
202112,경부선,석수,9779,8717,18496
202112,경부선,관악,7393,6731,14124
202112,경부선,안양,22553,22504,45057
202112,경부선,명학,9446,9464,18910
202112,경부선,금정,26597,26914,53511
202112,경부선,군포,7889,7776,15665
202112,경부선,의왕,9259,9230,18489
202112,경부선,성균관대,13841,13583,27424
202112,경부선,화서,8079,7807,15886
202112,경부선,수원,32772,34645,67417
202112,경부선,독산,18702,19509,38211
202112,경부선,세류,3005,2808,5813
202112,경부선,병점,14703,14771,29474
202112,경부선,세마,2750,2543,5293
202112,경부선,오산대,3830,3595,7425
202112,경부선,오산,9681,9527,19208
202112,경부선,진위,1638,1421,3059
202112,경부선,송탄,4112,3899,8011
202112,경부선,서정리,7425,7029,14454
202112,경부선,평택지제,3146,3021,6167
202112,경부선,평택,11293,11252,22545
202112,경부선,성환,4331,4436,8767
202112,경부선,직산,763,767,1530
202112,경부선,두정,5200,5273,10473
202112,경부선,천안,4932,5112,10044
202112,경부선,당정,6217,5984,12201
202112,경부선,서동탄,1486,1219,2705
202112,경부선,광명,3158,2685,5843
202112,경부선,광명,3085,2604,5689
202112,경부선,서동탄,1435,1213,2648
202112,경부선,당정,6310,5980,12290
202112,경부선,천안,4745,4985,9730
202112,경부선,두정,5217,5114,10331
202112,경부선,직산,775,760,1535
202112,경부선,성환,4741,4701,9442
202112,경부선,평택,11202,11286,22488
202112,경부선,평택지제,3263,3044,6307
202112,경부선,서정리,7271,6806,14077
202112,경부선,송탄,4106,4022,8128
202112,경부선,진위,1649,1460,3109
202112,경부선,오산,10088,9874,19962
202112,경부선,오산대,3768,3502,7270
202112,경부선,세마,2854,2696,5550
202112,경부선,병점,14627,14718,29345
202112,경부선,세류,3021,2750,5771
202112,경부선,독산,18793,19431,38224
202112,경부선,수원,32913,34685,67598
202112,경부선,화서,7947,7667,15614
202112,경부선,성균관대,13873,13600,27473
202112,경부선,의왕,9245,9230,18475
202112,경부선,군포,7934,7836,15770
202112,경부선,금정,26632,27080,53712
202112,경부선,명학,9371,9275,18646
202112,경부선,안양,22949,22734,45683
202112,경부선,관악,7307,6737,14044
202112,경부선,석수,9965,8736,18701
202112,경부선,금천구청,11981,11867,23848
202112,경부선,가산디지털단지,18659,21422,40081
202112,경부선,구로,18879,19282,38161
202112,경부선,신길,9119,7709,16828
202112,경부선,신도림,4167,4188,8355
202112,경부선,영등포,33821,35025,68846
202112,경부선,대방,12974,13367,26341
202112,경부선,노량진,7915,8028,15943
202112,경부선,용산,30193,30448,60641
202112,경부선,남영,9190,9637,18827
202112,경부선,서울역,5072,1667,6739
202112,경부선,서울역,5186,1773,6959
202112,경부선,남영,9066,9495,18561
202112,경부선,용산,30777,31308,62085
202112,경부선,노량진,7826,8014,15840
202112,경부선,대방,12638,13086,25724
202112,경부선,영등포,34332,35649,69981
202112,경부선,신도림,4121,4189,8310
202112,경부선,신길,8968,7528,16496
202112,경부선,구로,18275,18778,37053
202112,경부선,가산디지털단지,18458,21166,39624
202112,경부선,금천구청,11884,11775,23659
202112,경부선,석수,9682,8590,18272
202112,경부선,관악,7189,6632,13821
202112,경부선,안양,22214,22136,44350
202112,경부선,명학,9505,9348,18853
202112,경부선,금정,26521,26934,53455
202112,경부선,군포,7771,7701,15472
202112,경부선,의왕,9251,9103,18354
202112,경부선,성균관대,13930,13593,27523
202112,경부선,화서,7969,7640,15609
202112,경부선,수원,33241,35127,68368
202112,경부선,독산,18461,19224,37685
202112,경부선,세류,3034,2729,5763
202112,경부선,병점,14306,14390,28696
202112,경부선,세마,2811,2627,5438
202112,경부선,오산대,3664,3355,7019
202112,경부선,오산,9611,9674,19285
202112,경부선,진위,1679,1419,3098
202112,경부선,송탄,4178,3927,8105
202112,경부선,서정리,7197,6723,13920
202112,경부선,평택지제,3156,3130,6286
202112,경부선,평택,11408,11192,22600
202112,경부선,성환,4990,4797,9787
202112,경부선,직산,780,735,1515
202112,경부선,두정,5360,5437,10797
202112,경부선,천안,5103,5279,10382
202112,경부선,당정,6175,5896,12071
202112,경부선,서동탄,1496,1270,2766
202112,경부선,광명,3151,2804,5955
202112,경부선,서울역,7303,2638,9941
202112,경부선,남영,9332,9770,19102
202112,경부선,용산,35253,37147,72400
202112,경부선,노량진,8417,8731,17148
202112,경부선,대방,12694,12849,25543
202112,경부선,영등포,37427,40148,77575
202112,경부선,신도림,4089,4125,8214
202112,경부선,신길,9218,7630,16848
202112,경부선,구로,18605,19152,37757
202112,경부선,가산디지털단지,18206,20606,38812
202112,경부선,금천구청,11916,11689,23605
202112,경부선,석수,9666,8159,17825
202112,경부선,관악,7069,6503,13572
202112,경부선,안양,22378,22119,44497
202112,경부선,명학,9121,8859,17980
202112,경부선,금정,26822,27083,53905
202112,경부선,군포,7763,7521,15284
202112,경부선,의왕,9165,9011,18176
202112,경부선,성균관대,14427,13882,28309
202112,경부선,화서,7804,7448,15252
202112,경부선,수원,34825,38745,73570
202112,경부선,독산,18235,18850,37085
202112,경부선,세류,3067,2753,5820
202112,경부선,병점,15230,14692,29922
202112,경부선,세마,3019,2658,5677
202112,경부선,오산대,3676,3247,6923
202112,경부선,오산,10001,9740,19741
202112,경부선,진위,1843,1457,3300
202112,경부선,송탄,4591,4189,8780
202112,경부선,서정리,7786,6451,14237
202112,경부선,평택지제,3844,3550,7394
202112,경부선,평택,12706,12156,24862
202112,경부선,성환,4020,3503,7523
202112,경부선,직산,858,779,1637
202112,경부선,두정,5951,5607,11558
202112,경부선,천안,5313,5545,10858
202112,경부선,당정,6212,5877,12089
202112,경부선,서동탄,1472,1308,2780
202112,경부선,광명,3626,3369,6995
202112,경부선,광명,3292,2709,6001
202112,경부선,서동탄,1362,1197,2559
202112,경부선,당정,5918,5621,11539
202112,경부선,천안,4484,4756,9240
202112,경부선,두정,4688,5028,9716
202112,경부선,직산,727,686,1413
202112,경부선,성환,3400,3631,7031
202112,경부선,평택,10743,10590,21333
202112,경부선,평택지제,3282,3055,6337
202112,경부선,서정리,6234,6254,12488
202112,경부선,송탄,4018,3946,7964
202112,경부선,진위,1546,1395,2941
202112,경부선,오산,9059,9131,18190
202112,경부선,오산대,3123,2843,5966
202112,경부선,세마,2592,2464,5056
202112,경부선,병점,13309,13261,26570
202112,경부선,세류,2800,2512,5312
202112,경부선,독산,17994,18970,36964
202112,경부선,수원,30313,31914,62227
202112,경부선,화서,7525,7228,14753
202112,경부선,성균관대,13772,13576,27348
202112,경부선,의왕,8879,8935,17814
202112,경부선,군포,7447,7493,14940
202112,경부선,금정,24837,25795,50632
202112,경부선,명학,8812,8704,17516
202112,경부선,안양,23642,23638,47280
202112,경부선,관악,6739,6161,12900
202112,경부선,석수,9289,8016,17305
202112,경부선,금천구청,11290,11084,22374
202112,경부선,가산디지털단지,17707,20775,38482
202112,경부선,구로,17760,17822,35582
202112,경부선,신길,8626,7228,15854
202112,경부선,신도림,3835,3850,7685
202112,경부선,영등포,32952,33787,66739
202112,경부선,대방,12156,12534,24690
202112,경부선,노량진,6972,7314,14286
202112,경부선,용산,29407,29486,58893
202112,경부선,남영,8536,8957,17493
202112,경부선,서울역,5695,1837,7532
202112,경부선,광명,3029,2696,5725
202112,경부선,서동탄,1413,1155,2568
202112,경부선,당정,5938,5739,11677
202112,경부선,천안,4631,4725,9356
202112,경부선,두정,4837,4929,9766
202112,경부선,직산,705,695,1400
202112,경부선,성환,3558,3563,7121
202112,경부선,평택,10535,10473,21008
202112,경부선,평택지제,3195,3021,6216
202112,경부선,서정리,6422,5993,12415
202112,경부선,송탄,3826,3769,7595
202112,경부선,진위,1558,1344,2902
202112,경부선,오산,9017,8966,17983
202112,경부선,오산대,3209,2933,6142
202112,경부선,세마,2643,2498,5141
202112,경부선,병점,13533,13696,27229
202112,경부선,세류,2877,2571,5448
202112,경부선,독산,18732,19268,38000
202112,경부선,수원,30524,31728,62252
202112,경부선,화서,7559,7251,14810
202112,경부선,성균관대,14266,14042,28308
202112,경부선,의왕,9059,8994,18053
202112,경부선,군포,7571,7611,15182
202112,경부선,금정,25872,26346,52218
202112,경부선,명학,9155,9080,18235
202112,경부선,안양,23749,23349,47098
202112,경부선,관악,6971,6461,13432
202112,경부선,석수,9573,8370,17943
202112,경부선,금천구청,11775,11744,23519
202112,경부선,가산디지털단지,18127,20951,39078
202112,경부선,구로,18384,18546,36930
202112,경부선,신길,8751,7504,16255
202112,경부선,신도림,3920,3875,7795
202112,경부선,영등포,33296,34401,67697
202112,경부선,대방,12498,13054,25552
202112,경부선,노량진,7456,7666,15122
202112,경부선,용산,29797,30440,60237
202112,경부선,남영,9130,9420,18550
202112,경부선,서울역,5119,1727,6846
202112,경부선,서울역,4953,1714,6667
202112,경부선,남영,9194,9538,18732
202112,경부선,용산,32480,33279,65759
202112,경부선,노량진,7915,8009,15924
202112,경부선,대방,12679,13001,25680
202112,경부선,영등포,35366,37033,72399
202112,경부선,신도림,4081,3995,8076
202112,경부선,신길,8851,7396,16247
202112,경부선,구로,19020,19586,38606
202112,경부선,가산디지털단지,18346,21262,39608
202112,경부선,금천구청,11699,11566,23265
202112,경부선,석수,9707,8345,18052
202112,경부선,관악,7035,6404,13439
202112,경부선,안양,24616,24284,48900
202112,경부선,명학,9084,9011,18095
202112,경부선,금정,26063,26444,52507
202112,경부선,군포,7761,7713,15474
202112,경부선,의왕,9117,9115,18232
202112,경부선,성균관대,14416,13847,28263
202112,경부선,화서,7726,7419,15145
202112,경부선,수원,31899,33452,65351
202112,경부선,독산,18414,19271,37685
202112,경부선,세류,2929,2648,5577
202112,경부선,병점,13474,13538,27012
202112,경부선,세마,2628,2497,5125
202112,경부선,오산대,3099,2873,5972
202112,경부선,오산,8976,8780,17756
202112,경부선,진위,1527,1334,2861
202112,경부선,송탄,4072,3842,7914
202112,경부선,서정리,6463,5958,12421
202112,경부선,평택지제,3116,3040,6156
202112,경부선,평택,10860,10738,21598
202112,경부선,성환,3569,3613,7182
202112,경부선,직산,727,726,1453
202112,경부선,두정,5177,5245,10422
202112,경부선,천안,4459,4669,9128
202112,경부선,당정,6076,5740,11816
202112,경부선,서동탄,1383,1177,2560
202112,경부선,광명,3000,2658,5658
202112,경부선,광명,3134,2770,5904
202112,경부선,서동탄,1370,1229,2599
202112,경부선,당정,6162,5850,12012
202112,경부선,천안,4727,4832,9559
202112,경부선,두정,5179,5236,10415
202112,경부선,직산,718,722,1440
202112,경부선,성환,3556,3520,7076
202112,경부선,평택,11005,10672,21677
202112,경부선,평택지제,3202,3116,6318
202112,경부선,서정리,6449,5981,12430
202112,경부선,송탄,4077,3873,7950
202112,경부선,진위,1571,1397,2968
202112,경부선,오산,9115,8911,18026
202112,경부선,오산대,3229,2982,6211
202112,경부선,세마,2720,2527,5247
202112,경부선,병점,13714,13605,27319
202112,경부선,세류,2939,2620,5559
202112,경부선,독산,18514,19212,37726
202112,경부선,수원,32414,34253,66667
202112,경부선,화서,7847,7444,15291
202112,경부선,성균관대,14325,13979,28304
202112,경부선,의왕,9333,9237,18570
202112,경부선,군포,7759,7706,15465
202112,경부선,금정,26148,26510,52658
202112,경부선,명학,9261,8998,18259
202112,경부선,안양,24709,24532,49241
202112,경부선,관악,7170,6467,13637
202112,경부선,석수,9658,8452,18110
202112,경부선,금천구청,11772,11588,23360
202112,경부선,가산디지털단지,18259,20914,39173
202112,경부선,구로,18499,19131,37630
202112,경부선,신길,8889,7411,16300
202112,경부선,신도림,4020,4114,8134
202112,경부선,영등포,35746,37234,72980
202112,경부선,대방,12694,12990,25684
202112,경부선,노량진,7956,8117,16073
202112,경부선,용산,32955,33754,66709
202112,경부선,남영,9016,9454,18470
202112,경부선,서울역,5509,1788,7297
202112,경부선,광명,3596,3247,6843
202112,경부선,서동탄,1386,1275,2661
202112,경부선,당정,6003,5473,11476
202112,경부선,천안,5306,5408,10714
202112,경부선,두정,5847,5449,11296
202112,경부선,직산,856,724,1580
202112,경부선,성환,3491,3158,6649
202112,경부선,평택,12537,11732,24269
202112,경부선,평택지제,3720,3436,7156
202112,경부선,서정리,7451,6165,13616
202112,경부선,송탄,4439,4045,8484
202112,경부선,진위,1793,1390,3183
202112,경부선,오산,9749,9456,19205
202112,경부선,오산대,3363,3044,6407
202112,경부선,세마,2734,2471,5205
202112,경부선,병점,14749,14221,28970
202112,경부선,세류,2978,2705,5683
202112,경부선,독산,18082,18664,36746
202112,경부선,수원,35868,39581,75449
202112,경부선,화서,7537,7237,14774
202112,경부선,성균관대,14263,13808,28071
202112,경부선,의왕,8863,8663,17526
202112,경부선,군포,7361,7196,14557
202112,경부선,금정,25895,26030,51925
202112,경부선,명학,8688,8403,17091
202112,경부선,안양,23754,23837,47591
202112,경부선,관악,6752,6184,12936
202112,경부선,석수,9362,8170,17532
202112,경부선,금천구청,11701,11289,22990
202112,경부선,가산디지털단지,16824,20132,36956
202112,경부선,구로,18460,19447,37907
202112,경부선,신길,8553,7206,15759
202112,경부선,신도림,3767,3777,7544
202112,경부선,영등포,39455,42222,81677
202112,경부선,대방,12150,12371,24521
202112,경부선,노량진,8217,8689,16906
202112,경부선,용산,38499,39796,78295
202112,경부선,남영,8929,9517,18446
202112,경부선,서울역,7441,2581,10022
202112,경부선,서울역,5844,1894,7738
202112,경부선,남영,8555,9016,17571
202112,경부선,용산,32073,32329,64402
202112,경부선,노량진,7582,7665,15247
202112,경부선,대방,12539,12873,25412
202112,경부선,영등포,35052,35943,70995
202112,경부선,신도림,3952,3943,7895
202112,경부선,신길,8815,7506,16321
202112,경부선,구로,18025,17995,36020
202112,경부선,가산디지털단지,17936,20789,38725
202112,경부선,금천구청,11651,11508,23159
202112,경부선,석수,9361,8381,17742
202112,경부선,관악,6863,6350,13213
202112,경부선,안양,20880,20753,41633
202112,경부선,명학,8794,8780,17574
202112,경부선,금정,25139,25861,51000
202112,경부선,군포,7619,7661,15280
202112,경부선,의왕,8805,8972,17777
202112,경부선,성균관대,13445,13505,26950
202112,경부선,화서,7586,7251,14837
202112,경부선,수원,31749,32093,63842
202112,경부선,독산,18381,19335,37716
202112,경부선,세류,2866,2571,5437
202112,경부선,병점,13431,13533,26964
202112,경부선,세마,2702,2553,5255
202112,경부선,오산대,3165,2883,6048
202112,경부선,오산,9123,9058,18181
202112,경부선,진위,1602,1455,3057
202112,경부선,송탄,4076,3972,8048
202112,경부선,서정리,6176,6130,12306
202112,경부선,평택지제,3351,3216,6567
202112,경부선,평택,10857,10775,21632
202112,경부선,성환,2922,3125,6047
202112,경부선,직산,758,755,1513
202112,경부선,두정,4795,5127,9922
202112,경부선,천안,4482,4680,9162
202112,경부선,당정,5948,5685,11633
202112,경부선,서동탄,1373,1209,2582
202112,경부선,광명,3304,2666,5970
202112,경부선,서울역,5387,1754,7141
202112,경부선,남영,9008,9326,18334
202112,경부선,용산,32557,32781,65338
202112,경부선,노량진,7839,8021,15860
202112,경부선,대방,12778,13121,25899
202112,경부선,영등포,36396,36910,73306
202112,경부선,신도림,3940,3989,7929
202112,경부선,신길,8861,7507,16368
202112,경부선,구로,18286,18499,36785
202112,경부선,가산디지털단지,18180,20947,39127
202112,경부선,금천구청,11648,11673,23321
202112,경부선,석수,9550,8582,18132
202112,경부선,관악,7184,6732,13916
202112,경부선,안양,21314,21335,42649
202112,경부선,명학,8928,8832,17760
202112,경부선,금정,25854,26524,52378
202112,경부선,군포,7688,7850,15538
202112,경부선,의왕,9037,9023,18060
202112,경부선,성균관대,13674,13548,27222
202112,경부선,화서,7827,7641,15468
202112,경부선,수원,31825,33542,65367
202112,경부선,독산,18582,19350,37932
202112,경부선,세류,2890,2624,5514
202112,경부선,병점,13537,13332,26869
202112,경부선,세마,2690,2577,5267
202112,경부선,오산대,3168,2971,6139
202112,경부선,오산,9003,8977,17980
202112,경부선,진위,1645,1438,3083
202112,경부선,송탄,4074,4021,8095
202112,경부선,서정리,6269,5931,12200
202112,경부선,평택지제,3201,3135,6336
202112,경부선,평택,10669,10479,21148
202112,경부선,성환,2989,2970,5959
202112,경부선,직산,682,708,1390
202112,경부선,두정,4966,5012,9978
202112,경부선,천안,4495,4589,9084
202112,경부선,당정,6030,5817,11847
202112,경부선,서동탄,1388,1208,2596
202112,경부선,광명,3047,2666,5713
202112,경부선,서울역,5372,1920,7292
202112,경부선,남영,9219,9505,18724
202112,경부선,용산,33066,33330,66396
202112,경부선,노량진,7999,8133,16132
202112,경부선,대방,12712,13150,25862
202112,경부선,영등포,36672,37635,74307
202112,경부선,신도림,4127,4113,8240
202112,경부선,신길,8997,7610,16607
202112,경부선,구로,18642,18981,37623
202112,경부선,가산디지털단지,18149,20897,39046
202112,경부선,금천구청,11777,11807,23584
202112,경부선,석수,9713,8598,18311
202112,경부선,관악,7543,6949,14492
202112,경부선,안양,21004,20922,41926
202112,경부선,명학,8898,8719,17617
202112,경부선,금정,26254,26718,52972
202112,경부선,군포,7814,7750,15564
202112,경부선,의왕,9104,9144,18248
202112,경부선,성균관대,13669,13629,27298
202112,경부선,화서,7784,7526,15310
202112,경부선,수원,32469,34324,66793
202112,경부선,독산,18743,19477,38220
202112,경부선,세류,2925,2683,5608
202112,경부선,병점,13561,13549,27110
202112,경부선,세마,2808,2638,5446
202112,경부선,오산대,3231,2959,6190
202112,경부선,오산,9077,9072,18149
202112,경부선,진위,1618,1467,3085
202112,경부선,송탄,4196,4070,8266
202112,경부선,서정리,6532,6161,12693
202112,경부선,평택지제,3259,3110,6369
202112,경부선,평택,10734,10675,21409
202112,경부선,성환,2841,2833,5674
202112,경부선,직산,693,678,1371
202112,경부선,두정,5174,4966,10140
202112,경부선,천안,4456,4603,9059
202112,경부선,당정,6068,5816,11884
202112,경부선,서동탄,1408,1226,2634
202112,경부선,광명,3133,2696,5829
202112,경부선,광명,3132,2791,5923
202112,경부선,서동탄,1436,1272,2708
202112,경부선,당정,6049,5764,11813
202112,경부선,천안,4403,4656,9059
202112,경부선,두정,4758,4581,9339
202112,경부선,직산,692,685,1377
202112,경부선,성환,2979,2922,5901
202112,경부선,평택,11260,10674,21934
202112,경부선,평택지제,3250,3317,6567
202112,경부선,서정리,6380,5911,12291
202112,경부선,송탄,4224,4078,8302
202112,경부선,진위,1645,1410,3055
202112,경부선,오산,9457,9394,18851
202112,경부선,오산대,3333,3068,6401
202112,경부선,세마,2713,2586,5299
202112,경부선,병점,13890,13883,27773
202112,경부선,세류,2979,2649,5628
202112,경부선,독산,18504,19333,37837
202112,경부선,수원,32973,34894,67867
202112,경부선,화서,7801,7549,15350
202112,경부선,성균관대,14074,13859,27933
202112,경부선,의왕,9012,9058,18070
202112,경부선,군포,7678,7691,15369
202112,경부선,금정,26087,26555,52642
202112,경부선,명학,8839,8758,17597
202112,경부선,안양,20826,20794,41620
202112,경부선,관악,7125,6525,13650
202112,경부선,석수,9675,8673,18348
202112,경부선,금천구청,11779,11710,23489
202112,경부선,가산디지털단지,18083,20711,38794
202112,경부선,구로,18543,18753,37296
202112,경부선,신길,8789,7561,16350
202112,경부선,신도림,4167,3992,8159
202112,경부선,영등포,37777,39167,76944
202112,경부선,대방,12896,13175,26071
202112,경부선,노량진,8226,8154,16380
202112,경부선,용산,34140,34743,68883
202112,경부선,남영,9114,9462,18576
202112,경부선,서울역,5736,1978,7714
202112,경부선,서동탄,1352,1305,2657
202112,경부선,당정,5843,5639,11482
202112,경부선,천안,5494,5774,11268
202112,경부선,두정,5644,5414,11058
202112,경부선,직산,888,768,1656
202112,경부선,성환,3336,2963,6299
202112,경부선,평택,12830,12598,25428
202112,경부선,평택지제,4269,3674,7943
202112,경부선,서정리,8457,6465,14922
202112,경부선,송탄,5140,4706,9846
202112,경부선,진위,1957,1470,3427
202112,경부선,오산,10696,10083,20779
202112,경부선,오산대,3445,3186,6631
202112,경부선,세마,2923,2734,5657
202112,경부선,병점,14827,14710,29537
202112,경부선,세류,3087,2890,5977
202112,경부선,광명,3387,3393,6780
202112,경부선,서울역,6919,2860,9779
202112,경부선,남영,8717,9054,17771
202112,경부선,용산,39912,41885,81797
202112,경부선,노량진,8874,8871,17745
202112,경부선,대방,12340,12676,25016
202112,경부선,영등포,44817,46312,91129
202112,경부선,신도림,3871,3823,7694
202112,경부선,신길,8814,7595,16409
202112,경부선,구로,18541,18789,37330
202112,경부선,가산디지털단지,16641,19475,36116
202112,경부선,금천구청,11576,11753,23329
202112,경부선,석수,9484,8306,17790
202112,경부선,관악,6948,6550,13498
202112,경부선,안양,21207,21286,42493
202112,경부선,명학,8386,8053,16439
202112,경부선,금정,25717,26172,51889
202112,경부선,군포,7620,7393,15013
202112,경부선,의왕,8783,8651,17434
202112,경부선,성균관대,13835,13571,27406
202112,경부선,화서,7547,7382,14929
202112,경부선,수원,37809,42057,79866
202112,경부선,독산,18045,18625,36670
202112,경부선,광명,3196,2637,5833
202112,경부선,서동탄,1259,1080,2339
202112,경부선,당정,5416,5220,10636
202112,경부선,천안,4060,4169,8229
202112,경부선,두정,4280,4368,8648
202112,경부선,직산,669,644,1313
202112,경부선,성환,2711,2941,5652
202112,경부선,평택,10142,10342,20484
202112,경부선,평택지제,3247,3074,6321
202112,경부선,서정리,5800,5776,11576
202112,경부선,송탄,3817,3648,7465
202112,경부선,진위,1488,1374,2862
202112,경부선,오산,8444,8487,16931
202112,경부선,오산대,2855,2660,5515
202112,경부선,세마,2435,2306,4741
202112,경부선,서울역,6274,1997,8271
202112,경부선,남영,8449,8698,17147
202112,경부선,용산,31949,32009,63958
202112,경부선,노량진,7068,7220,14288
202112,경부선,대방,11427,12089,23516
202112,경부선,영등포,34130,34610,68740
202112,경부선,신도림,3698,3531,7229
202112,경부선,신길,8073,6853,14926
202112,경부선,구로,16857,16822,33679
202112,경부선,가산디지털단지,16648,19319,35967
202112,경부선,금천구청,10709,10582,21291
202112,경부선,석수,8767,7963,16730
202112,경부선,관악,6317,5917,12234
202112,경부선,안양,19058,19036,38094
202112,경부선,명학,8196,8127,16323
202112,경부선,금정,23715,24387,48102
202112,경부선,군포,7025,7217,14242
202112,경부선,의왕,8166,8246,16412
202112,경부선,성균관대,12497,12477,24974
202112,경부선,화서,7022,6722,13744
202112,경부선,수원,29595,31271,60866
202112,경부선,독산,17186,18199,35385
202112,경부선,병점,12488,12311,24799
202112,경부선,세류,2589,2354,4943
202112,경부선,남영,8773,9095,17868
202112,경부선,광명,3056,2614,5670
202112,경부선,서동탄,1336,1188,2524
202112,경부선,당정,5787,5470,11257
202112,경부선,천안,4012,4196,8208
202112,경부선,두정,4220,4227,8447
202112,경부선,직산,691,685,1376
202112,경부선,성환,2772,2826,5598
202112,경부선,평택,10142,10047,20189
202112,경부선,평택지제,3062,2967,6029
202112,경부선,서정리,6035,5718,11753
202112,경부선,송탄,3826,3850,7676
202112,경부선,진위,1488,1331,2819
202112,경부선,오산,8676,8766,17442
202112,경부선,오산대,3023,2735,5758
202112,경부선,세마,2507,2460,4967
202112,경부선,병점,13132,12941,26073
202112,경부선,세류,2649,2495,5144
202112,경부선,독산,18017,18872,36889
202112,경부선,수원,30073,32018,62091
202112,경부선,화서,7405,7188,14593
202112,경부선,성균관대,12962,12959,25921
202112,경부선,의왕,8640,8624,17264
202112,경부선,군포,7395,7445,14840
202112,경부선,금정,25248,25717,50965
202112,경부선,명학,8485,8443,16928
202112,경부선,안양,19909,20043,39952
202112,경부선,관악,6802,6307,13109
202112,경부선,석수,9237,8313,17550
202112,경부선,금천구청,11152,11153,22305
202112,경부선,가산디지털단지,17126,19917,37043
202112,경부선,구로,17458,17671,35129
202112,경부선,신길,8413,7319,15732
202112,경부선,신도림,3881,3726,7607
202112,경부선,영등포,35666,36074,71740
202112,경부선,대방,12288,12584,24872
202112,경부선,노량진,7650,7786,15436
202112,경부선,용산,31902,31618,63520
202112,경부선,서울역,5383,1807,7190
202112,경부선,서울역,5474,1937,7411
202112,경부선,남영,9068,9542,18610
202112,경부선,용산,33045,33961,67006
202112,경부선,노량진,7989,8130,16119
202112,경부선,대방,12425,12989,25414
202112,경부선,영등포,36949,37972,74921
202112,경부선,신도림,4059,4007,8066
202112,경부선,신길,8639,7345,15984
202112,경부선,구로,18169,18452,36621
202112,경부선,가산디지털단지,17237,20110,37347
202112,경부선,금천구청,11505,11329,22834
202112,경부선,석수,9372,8568,17940
202112,경부선,관악,6953,6398,13351
202112,경부선,안양,20811,20728,41539
202112,경부선,명학,8522,8521,17043
202112,경부선,금정,25624,26107,51731
202112,경부선,군포,7404,7385,14789
202112,경부선,의왕,8781,8805,17586
202112,경부선,성균관대,13306,13265,26571
202112,경부선,화서,7465,7189,14654
202112,경부선,수원,31703,33739,65442
202112,경부선,독산,18378,19086,37464
202112,경부선,세류,2840,2653,5493
202112,경부선,병점,13280,13151,26431
202112,경부선,세마,2671,2580,5251
202112,경부선,오산대,3128,2850,5978
202112,경부선,오산,8970,8916,17886
202112,경부선,진위,1524,1328,2852
202112,경부선,송탄,3932,3824,7756
202112,경부선,서정리,6496,5801,12297
202112,경부선,평택지제,3179,3176,6355
202112,경부선,평택,10761,10519,21280
202112,경부선,성환,2877,2897,5774
202112,경부선,직산,730,675,1405
202112,경부선,두정,4437,4538,8975
202112,경부선,천안,4380,4476,8856
202112,경부선,당정,5874,5599,11473
202112,경부선,서동탄,1303,1166,2469
202112,경부선,광명,3045,2673,5718
202112,경부선,광명,3094,2850,5944
202112,경부선,서동탄,1286,1147,2433
202112,경부선,당정,5706,5423,11129
202112,경부선,천안,4418,4560,8978
202112,경부선,두정,4550,4393,8943
202112,경부선,직산,776,693,1469
202112,경부선,성환,2833,2798,5631
202112,경부선,평택,10811,10735,21546
202112,경부선,평택지제,3323,3211,6534
202112,경부선,서울역,5596,2225,7821
202112,경부선,남영,8774,9127,17901
202112,경부선,용산,33747,36255,70002
202112,경부선,노량진,8003,8074,16077
202112,경부선,대방,12073,12462,24535
202112,경부선,영등포,37591,38721,76312
202112,경부선,신도림,3912,3695,7607
202112,경부선,신길,8229,7042,15271
202112,경부선,구로,17625,18165,35790
202112,경부선,가산디지털단지,16243,19058,35301
202112,경부선,금천구청,11001,10997,21998
202112,경부선,석수,9135,8229,17364
202112,경부선,관악,6588,6157,12745
202112,경부선,안양,20285,20187,40472
202112,경부선,명학,8131,8040,16171
202112,경부선,금정,25140,25490,50630
202112,경부선,군포,7298,7219,14517
202112,경부선,의왕,8536,8469,17005
202112,경부선,성균관대,13066,12819,25885
202112,경부선,화서,7301,6915,14216
202112,경부선,수원,31779,34805,66584
202112,경부선,독산,17351,18179,35530
202112,경부선,세류,2771,2496,5267
202112,경부선,병점,13251,13020,26271
202112,경부선,세마,2702,2397,5099
202112,경부선,오산대,3083,2749,5832
202112,경부선,오산,9002,8744,17746
202112,경부선,진위,1456,1289,2745
202112,경부선,송탄,4156,3903,8059
202112,경부선,서정리,6507,5721,12228
202112,경부선,서울역,6055,2928,8983
202112,경부선,남영,7804,8111,15915
202112,경부선,용산,35937,40806,76743
202112,경부선,노량진,8471,8327,16798
202112,경부선,대방,11106,11070,22176
202112,경부선,영등포,40181,41751,81932
202112,경부선,신도림,3484,3227,6711
202112,경부선,신길,7758,6393,14151
202112,경부선,구로,16471,16987,33458
202112,경부선,가산디지털단지,13481,16010,29491
202112,경부선,금천구청,10422,10439,20861
202112,경부선,석수,8176,7307,15483
202112,경부선,관악,6071,5693,11764
202112,경부선,안양,19204,19701,38905
202112,경부선,명학,6947,6563,13510
202112,경부선,금정,22705,23172,45877
202112,경부선,군포,6621,6514,13135
202112,경부선,의왕,7593,7364,14957
202112,경부선,성균관대,12341,11758,24099
202112,경부선,화서,6342,6207,12549
202112,경부선,수원,34093,38417,72510
202112,경부선,독산,15250,15454,30704
202112,경부선,세류,2780,2726,5506
202112,경부선,병점,13641,13069,26710
202112,경부선,세마,2498,2286,4784
202112,경부선,오산대,3066,2845,5911
202112,경부선,오산,10055,9593,19648
202112,경부선,진위,1610,1276,2886
202112,경부선,송탄,4957,4190,9147
202112,경부선,서정리,8287,5868,14155
202112,경부선,평택지제,4046,3421,7467
202112,경부선,평택,12984,12671,25655
202112,경부선,성환,3317,2970,6287
202112,경부선,직산,773,704,1477
202112,경부선,두정,5043,4767,9810
202112,경부선,천안,5354,5943,11297
202112,경부선,당정,5053,4781,9834
202112,경부선,서동탄,1115,1018,2133
202112,경부선,광명,2897,3040,5937
