사용월,호선명,지하철역,승차총승객수,하차총승객수,승하차총승객수
202101,7호선,장암,483,311,794
202101,7호선,도봉산,2324,3610,5934
202101,7호선,수락산,3749,3958,7707
202101,7호선,마들,3321,3395,6716
202101,7호선,노원,4618,4714,9332
202101,7호선,중계,3397,3232,6629
202101,7호선,하계,4391,4160,8551
202101,7호선,공릉,3259,3276,6535
202101,7호선,태릉입구,2202,1934,4136
202101,7호선,먹골,2765,2796,5561
202101,7호선,중화,3080,3008,6088
202101,7호선,상봉,4811,4532,9343
202101,7호선,면목,4288,4321,8609
202101,7호선,사가정,4918,4753,9671
202101,7호선,용마산,1724,1844,3568
202101,7호선,중곡,2560,2568,5128
202101,7호선,군자,4020,3039,7059
202101,7호선,어린이대공원,3247,2989,6236
202101,7호선,건대입구,3804,3634,7438
202101,7호선,뚝섬유원지,2308,2301,4609
202101,7호선,청담,3080,3164,6244
202101,7호선,강남구청,2250,2352,4602
202101,7호선,학동,2394,2371,4765
202101,7호선,논현,3270,3446,6716
202101,7호선,반포,1373,1357,2730
202101,7호선,고속터미널,4270,3497,7767
202101,7호선,내방,2467,2359,4826
202101,7호선,이수,3717,3464,7181
202101,7호선,남성,2879,2729,5608
202101,7호선,숭실대입구,2759,2830,5589
202101,7호선,상도,2573,2397,4970
202101,7호선,장승배기,2663,2560,5223
202101,7호선,신대방삼거리,4111,3934,8045
202101,7호선,보라매,2103,1966,4069
202101,7호선,신풍,2922,2906,5828
202101,7호선,대림,3475,3505,6980
202101,7호선,남구로,3835,3909,7744
202101,7호선,가산디지털단지,5885,5299,11184
202101,7호선,철산,5045,5169,10214
202101,7호선,광명사거리,6500,6639,13139
202101,7호선,천왕,2427,2384,4811
202101,7호선,온수,2119,2066,4185
202101,7호선,까치울,1790,1834,3624
202101,7호선,부천종합운동장,1144,1147,2291
202101,7호선,춘의,1929,1806,3735
202101,7호선,신중동,2956,2793,5749
202101,7호선,부천시청,3014,2904,5918
202101,7호선,상동,3094,3141,6235
202101,7호선,삼산체육관,1004,970,1974
202101,7호선,굴포천,2323,2482,4805
202101,7호선,부평구청,2365,2101,4466
202101,7호선,반포,4385,4161,8546
202101,7호선,숭실대입구,9419,9883,19302
202101,7호선,남성,9292,8793,18085
202101,7호선,이수,12082,11953,24035
202101,7호선,내방,12338,12565,24903
202101,7호선,고속터미널,12589,10187,22776
202101,7호선,논현,17647,18737,36384
202101,7호선,학동,21777,22596,44373
202101,7호선,강남구청,13475,14644,28119
202101,7호선,청담,16806,18237,35043
202101,7호선,뚝섬유원지,5553,5513,11066
202101,7호선,건대입구,9273,9495,18768
202101,7호선,어린이대공원,9149,9359,18508
202101,7호선,군자,11911,9609,21520
202101,7호선,중곡,8216,7945,16161
202101,7호선,용마산,5025,4804,9829
202101,7호선,사가정,13809,14009,27818
202101,7호선,면목,13027,12839,25866
202101,7호선,상봉,13777,13154,26931
202101,7호선,중화,9215,9045,18260
202101,7호선,공릉,9226,9337,18563
202101,7호선,먹골,8419,8348,16767
202101,7호선,하계,14028,13565,27593
202101,7호선,상도,8120,8166,16286
202101,7호선,장승배기,8059,8106,16165
202101,7호선,신대방삼거리,13760,13585,27345
202101,7호선,보라매,7981,8018,15999
202101,7호선,신풍,9809,9414,19223
202101,7호선,대림,6408,6337,12745
202101,7호선,남구로,14857,15590,30447
202101,7호선,가산디지털단지,43236,43364,86600
202101,7호선,철산,17836,17903,35739
202101,7호선,광명사거리,19110,18895,38005
202101,7호선,천왕,9364,8993,18357
202101,7호선,온수,9168,8385,17553
202101,7호선,까치울,6136,6035,12171
202101,7호선,부천종합운동장,3752,3316,7068
202101,7호선,춘의,8742,8661,17403
202101,7호선,신중동,11894,11718,23612
202101,7호선,부천시청,10075,10072,20147
202101,7호선,상동,9650,9866,19516
202101,7호선,삼산체육관,3905,3536,7441
202101,7호선,굴포천,7134,7541,14675
202101,7호선,부평구청,9892,8102,17994
202101,7호선,도봉산,7378,8614,15992
202101,7호선,수락산,10314,10511,20825
202101,7호선,마들,10270,10053,20323
202101,7호선,노원,16187,16866,33053
202101,7호선,중계,11528,10618,22146
202101,7호선,태릉입구,6379,6023,12402
202101,7호선,장암,1954,657,2611
202101,7호선,부평구청,9733,8177,17910
202101,7호선,굴포천,7071,7533,14604
202101,7호선,삼산체육관,3821,3533,7354
202101,7호선,상동,9960,10298,20258
202101,7호선,부천시청,10250,10092,20342
202101,7호선,신중동,11925,11762,23687
202101,7호선,춘의,8760,8686,17446
202101,7호선,부천종합운동장,3758,3323,7081
202101,7호선,까치울,6118,5986,12104
202101,7호선,온수,9080,8353,17433
202101,7호선,천왕,9277,8854,18131
202101,7호선,광명사거리,18872,18928,37800
202101,7호선,철산,17641,18100,35741
202101,7호선,가산디지털단지,42727,42706,85433
202101,7호선,남구로,14476,15388,29864
202101,7호선,대림,6445,6222,12667
202101,7호선,신풍,9749,9379,19128
202101,7호선,보라매,8035,8004,16039
202101,7호선,신대방삼거리,13864,13665,27529
202101,7호선,장승배기,8122,7902,16024
202101,7호선,상도,8287,8199,16486
202101,7호선,숭실대입구,9361,9665,19026
202101,7호선,남성,9408,8947,18355
202101,7호선,이수,12585,12220,24805
202101,7호선,내방,12543,12602,25145
202101,7호선,고속터미널,11600,10218,21818
202101,7호선,반포,4566,4336,8902
202101,7호선,논현,17311,18683,35994
202101,7호선,학동,21788,22860,44648
202101,7호선,강남구청,13805,15176,28981
202101,7호선,청담,16872,18527,35399
202101,7호선,뚝섬유원지,5639,5580,11219
202101,7호선,건대입구,10014,9939,19953
202101,7호선,어린이대공원,9352,9315,18667
202101,7호선,군자,12325,10039,22364
202101,7호선,중곡,8474,8105,16579
202101,7호선,용마산,5120,4958,10078
202101,7호선,사가정,13749,13879,27628
202101,7호선,면목,13019,13055,26074
202101,7호선,상봉,14253,13279,27532
202101,7호선,중화,9344,9366,18710
202101,7호선,먹골,8548,8498,17046
202101,7호선,태릉입구,6476,5861,12337
202101,7호선,공릉,9309,9367,18676
202101,7호선,하계,14096,13529,27625
202101,7호선,중계,11762,10817,22579
202101,7호선,노원,16113,16844,32957
202101,7호선,마들,10273,10157,20430
202101,7호선,수락산,10223,10369,20592
202101,7호선,도봉산,7286,8610,15896
202101,7호선,장암,1921,678,2599
202101,7호선,부평구청,9798,8498,18296
202101,7호선,굴포천,7208,7911,15119
202101,7호선,삼산체육관,3882,3762,7644
202101,7호선,상동,10428,10721,21149
202101,7호선,부천시청,10398,10499,20897
202101,7호선,신중동,12202,12194,24396
202101,7호선,춘의,9158,8892,18050
202101,7호선,부천종합운동장,3856,3504,7360
202101,7호선,까치울,6033,6295,12328
202101,7호선,온수,8943,8805,17748
202101,7호선,천왕,9256,9459,18715
202101,7호선,광명사거리,19612,20131,39743
202101,7호선,철산,18993,20066,39059
202101,7호선,가산디지털단지,49345,42564,91909
202101,7호선,남구로,15741,15717,31458
202101,7호선,대림,6547,6457,13004
202101,7호선,신풍,9884,10218,20102
202101,7호선,보라매,8537,8621,17158
202101,7호선,신대방삼거리,14476,14940,29416
202101,7호선,장승배기,8983,8998,17981
202101,7호선,상도,9230,9550,18780
202101,7호선,숭실대입구,10417,12120,22537
202101,7호선,남성,9812,10405,20217
202101,7호선,이수,13523,13080,26603
202101,7호선,내방,13556,13414,26970
202101,7호선,고속터미널,12478,10601,23079
202101,7호선,반포,4872,4807,9679
202101,7호선,논현,18977,18965,37942
202101,7호선,학동,24774,23213,47987
202101,7호선,강남구청,15325,15392,30717
202101,7호선,청담,19114,18659,37773
202101,7호선,뚝섬유원지,5618,6006,11624
202101,7호선,건대입구,10085,10308,20393
202101,7호선,어린이대공원,10025,10073,20098
202101,7호선,군자,12239,10510,22749
202101,7호선,중곡,8317,8713,17030
202101,7호선,용마산,4969,5213,10182
202101,7호선,사가정,13760,14528,28288
202101,7호선,면목,12881,13578,26459
202101,7호선,상봉,14022,13499,27521
202101,7호선,중화,9469,9693,19162
202101,7호선,태릉입구,6507,6177,12684
202101,7호선,공릉,9270,9484,18754
202101,7호선,하계,14739,14995,29734
202101,7호선,중계,11559,11215,22774
202101,7호선,노원,15708,16232,31940
202101,7호선,마들,10318,10463,20781
202101,7호선,수락산,10272,10520,20792
202101,7호선,도봉산,8221,8806,17027
202101,7호선,장암,2116,650,2766
202101,7호선,먹골,8494,8755,17249
202101,7호선,부평구청,10323,8720,19043
202101,7호선,굴포천,7925,8488,16413
202101,7호선,삼산체육관,4362,3822,8184
202101,7호선,상동,11242,11615,22857
202101,7호선,부천시청,11308,11240,22548
202101,7호선,신중동,13401,13117,26518
202101,7호선,춘의,9840,10065,19905
202101,7호선,부천종합운동장,4097,3591,7688
202101,7호선,까치울,6549,6246,12795
202101,7호선,온수,9580,9023,18603
202101,7호선,천왕,10063,9525,19588
202101,7호선,광명사거리,19847,19612,39459
202101,7호선,철산,20691,20384,41075
202101,7호선,가산디지털단지,47001,48318,95319
202101,7호선,남구로,15554,16647,32201
202101,7호선,대림,6926,7117,14043
202101,7호선,신풍,10707,10270,20977
202101,7호선,보라매,9139,8961,18100
202101,7호선,신대방삼거리,15063,14415,29478
202101,7호선,장승배기,8829,8603,17432
202101,7호선,상도,9125,8883,18008
202101,7호선,숭실대입구,10992,10604,21596
202101,7호선,남성,11150,10006,21156
202101,7호선,이수,14214,13373,27587
202101,7호선,내방,14293,14258,28551
202101,7호선,고속터미널,12081,11399,23480
202101,7호선,반포,5079,4764,9843
202101,7호선,논현,18254,19609,37863
202101,7호선,학동,23624,25043,48667
202101,7호선,강남구청,15001,16009,31010
202101,7호선,청담,18511,20305,38816
202101,7호선,뚝섬유원지,6009,5830,11839
202101,7호선,건대입구,10381,10798,21179
202101,7호선,어린이대공원,10357,10128,20485
202101,7호선,군자,12443,10062,22505
202101,7호선,중곡,8794,8475,17269
202101,7호선,용마산,5322,5001,10323
202101,7호선,사가정,14079,14361,28440
202101,7호선,면목,13196,13358,26554
202101,7호선,상봉,14320,13484,27804
202101,7호선,중화,9691,9598,19289
202101,7호선,먹골,8976,8787,17763
202101,7호선,태릉입구,6573,6099,12672
202101,7호선,공릉,9497,9619,19116
202101,7호선,하계,15370,14698,30068
202101,7호선,중계,12139,11148,23287
202101,7호선,노원,16662,16688,33350
202101,7호선,마들,10744,10495,21239
202101,7호선,수락산,10512,10564,21076
202101,7호선,도봉산,7623,8983,16606
202101,7호선,장암,1899,682,2581
202101,7호선,장암,1786,622,2408
202101,7호선,도봉산,6968,8079,15047
202101,7호선,수락산,9688,9761,19449
202101,7호선,마들,10043,9795,19838
202101,7호선,노원,15736,16190,31926
202101,7호선,중계,11192,10101,21293
202101,7호선,하계,14133,13662,27795
202101,7호선,공릉,9463,9513,18976
202101,7호선,태릉입구,6242,5757,11999
202101,7호선,먹골,8390,8301,16691
202101,7호선,중화,9018,8961,17979
202101,7호선,상봉,14036,13104,27140
202101,7호선,면목,12652,12569,25221
202101,7호선,사가정,13343,13414,26757
202101,7호선,용마산,4970,4657,9627
202101,7호선,중곡,8043,7799,15842
202101,7호선,군자,12060,9657,21717
202101,7호선,어린이대공원,9292,9245,18537
202101,7호선,건대입구,10269,10343,20612
202101,7호선,뚝섬유원지,5480,5358,10838
202101,7호선,청담,17037,18682,35719
202101,7호선,강남구청,13982,15113,29095
202101,7호선,학동,21958,23014,44972
202101,7호선,논현,17175,18511,35686
202101,7호선,반포,4744,4491,9235
202101,7호선,고속터미널,12334,10928,23262
202101,7호선,내방,13003,13171,26174
202101,7호선,이수,13080,12467,25547
202101,7호선,남성,9820,9145,18965
202101,7호선,숭실대입구,12028,11942,23970
202101,7호선,상도,8409,8222,16631
202101,7호선,장승배기,8208,7956,16164
202101,7호선,신대방삼거리,13951,13687,27638
202101,7호선,보라매,8245,8118,16363
202101,7호선,신풍,9756,9325,19081
202101,7호선,대림,6316,6290,12606
202101,7호선,남구로,14315,15185,29500
202101,7호선,가산디지털단지,43142,43267,86409
202101,7호선,철산,18330,18732,37062
202101,7호선,광명사거리,18783,18477,37260
202101,7호선,천왕,9335,8905,18240
202101,7호선,온수,9020,8381,17401
202101,7호선,까치울,5978,5766,11744
202101,7호선,부천종합운동장,3710,3216,6926
202101,7호선,춘의,8876,8837,17713
202101,7호선,신중동,12041,11798,23839
202101,7호선,부천시청,10552,10445,20997
202101,7호선,상동,10219,10749,20968
202101,7호선,삼산체육관,3742,3448,7190
202101,7호선,굴포천,7310,7877,15187
202101,7호선,부평구청,9790,8221,18011
202101,7호선,장암,1873,645,2518
202101,7호선,도봉산,7430,8473,15903
202101,7호선,수락산,10349,10371,20720
202101,7호선,마들,10443,10131,20574
202101,7호선,노원,16024,16940,32964
202101,7호선,중계,11602,10687,22289
202101,7호선,하계,14291,13655,27946
202101,7호선,공릉,9324,9279,18603
202101,7호선,태릉입구,6382,5887,12269
202101,7호선,먹골,8546,8412,16958
202101,7호선,중화,9388,9294,18682
202101,7호선,상봉,14248,13303,27551
202101,7호선,면목,12899,12827,25726
202101,7호선,사가정,13748,13982,27730
202101,7호선,용마산,5039,4785,9824
202101,7호선,중곡,8348,8039,16387
202101,7호선,군자,12139,9949,22088
202101,7호선,어린이대공원,9511,9402,18913
202101,7호선,건대입구,9752,10049,19801
202101,7호선,뚝섬유원지,5598,5515,11113
202101,7호선,청담,16772,18277,35049
202101,7호선,강남구청,13814,14974,28788
202101,7호선,학동,22091,23090,45181
202101,7호선,논현,17956,19192,37148
202101,7호선,반포,4608,4480,9088
202101,7호선,고속터미널,12265,10588,22853
202101,7호선,내방,12699,12728,25427
202101,7호선,이수,12617,12444,25061
202101,7호선,남성,9599,9097,18696
202101,7호선,숭실대입구,9558,9947,19505
202101,7호선,상도,8456,8328,16784
202101,7호선,장승배기,8146,8059,16205
202101,7호선,신대방삼거리,14014,13857,27871
202101,7호선,보라매,8244,8245,16489
202101,7호선,신풍,9925,9574,19499
202101,7호선,대림,6633,6550,13183
202101,7호선,남구로,14842,15585,30427
202101,7호선,가산디지털단지,44412,44430,88842
202101,7호선,철산,18214,18448,36662
202101,7호선,광명사거리,19217,19005,38222
202101,7호선,천왕,9409,8987,18396
202101,7호선,온수,9214,8575,17789
202101,7호선,까치울,6254,6038,12292
202101,7호선,부천종합운동장,3740,3221,6961
202101,7호선,춘의,8976,8848,17824
202101,7호선,신중동,12037,11868,23905
202101,7호선,부천시청,10420,10270,20690
202101,7호선,상동,10083,10443,20526
202101,7호선,삼산체육관,3925,3525,7450
202101,7호선,굴포천,7269,7804,15073
202101,7호선,부평구청,10053,8339,18392
202101,7호선,까치울,6373,6551,12924
202101,7호선,온수,9543,9224,18767
202101,7호선,천왕,9708,9862,19570
202101,7호선,광명사거리,19627,20514,40141
202101,7호선,철산,18926,20676,39602
202101,7호선,부평구청,10334,8806,19140
202101,7호선,굴포천,7644,8384,16028
202101,7호선,삼산체육관,4107,4049,8156
202101,7호선,상동,10661,11410,22071
202101,7호선,부천시청,11012,11166,22178
202101,7호선,신중동,12728,12607,25335
202101,7호선,춘의,9632,9138,18770
202101,7호선,부천종합운동장,3859,3525,7384
202101,7호선,가산디지털단지,49408,43941,93349
202101,7호선,남구로,16150,16412,32562
202101,7호선,대림,6932,7021,13953
202101,7호선,신풍,10323,10614,20937
202101,7호선,보라매,8694,8878,17572
202101,7호선,신대방삼거리,14687,15172,29859
202101,7호선,장승배기,8620,8955,17575
202101,7호선,상도,8809,9271,18080
202101,7호선,숭실대입구,9988,11141,21129
202101,7호선,남성,10127,10344,20471
202101,7호선,이수,13332,13315,26647
202101,7호선,내방,13729,13825,27554
202101,7호선,고속터미널,13170,11089,24259
202101,7호선,반포,4917,4855,9772
202101,7호선,논현,19245,19666,38911
202101,7호선,학동,24878,23864,48742
202101,7호선,강남구청,15437,15833,31270
202101,7호선,청담,18491,19441,37932
202101,7호선,뚝섬유원지,5993,6314,12307
202101,7호선,건대입구,10467,10659,21126
202101,7호선,어린이대공원,10619,10202,20821
202101,7호선,군자,13019,10961,23980
202101,7호선,중곡,8791,8922,17713
202101,7호선,용마산,5293,5473,10766
202101,7호선,사가정,14393,15390,29783
202101,7호선,장암,1912,680,2592
202101,7호선,도봉산,7667,9337,17004
202101,7호선,수락산,10742,11428,22170
202101,7호선,마들,10716,11113,21829
202101,7호선,노원,17368,17892,35260
202101,7호선,중계,12265,11781,24046
202101,7호선,하계,15454,15602,31056
202101,7호선,공릉,10075,10394,20469
202101,7호선,태릉입구,6883,6426,13309
202101,7호선,먹골,8988,9416,18404
202101,7호선,중화,10015,10294,20309
202101,7호선,상봉,15148,14602,29750
202101,7호선,면목,13540,14302,27842
202101,7호선,부평구청,10360,8657,19017
202101,7호선,굴포천,7719,8054,15773
202101,7호선,삼산체육관,4207,3597,7804
202101,7호선,상동,10924,11329,22253
202101,7호선,부천시청,10967,10644,21611
202101,7호선,신중동,12755,12550,25305
202101,7호선,춘의,9265,9364,18629
202101,7호선,부천종합운동장,3953,3495,7448
202101,7호선,까치울,6619,6316,12935
202101,7호선,온수,9621,8765,18386
202101,7호선,천왕,10028,9405,19433
202101,7호선,광명사거리,20104,19782,39886
202101,7호선,철산,19495,19361,38856
202101,7호선,가산디지털단지,44320,46278,90598
202101,7호선,남구로,15146,16121,31267
202101,7호선,대림,6672,6751,13423
202101,7호선,신풍,10579,9894,20473
202101,7호선,보라매,8815,8900,17715
202101,7호선,신대방삼거리,14889,14281,29170
202101,7호선,장승배기,8631,8311,16942
202101,7호선,상도,9037,8592,17629
202101,7호선,숭실대입구,10306,10268,20574
202101,7호선,남성,10502,9512,20014
202101,7호선,이수,13635,13088,26723
202101,7호선,내방,13278,13572,26850
202101,7호선,고속터미널,12342,11254,23596
202101,7호선,반포,5079,4834,9913
202101,7호선,논현,18177,19728,37905
202101,7호선,학동,22589,24500,47089
202101,7호선,강남구청,14789,16161,30950
202101,7호선,청담,17767,19576,37343
202101,7호선,뚝섬유원지,6280,6088,12368
202101,7호선,건대입구,10341,10368,20709
202101,7호선,어린이대공원,10159,10246,20405
202101,7호선,군자,12863,10414,23277
202101,7호선,중곡,8901,8386,17287
202101,7호선,용마산,5423,5038,10461
202101,7호선,사가정,14699,14673,29372
202101,7호선,면목,13748,13533,27281
202101,7호선,상봉,15188,14080,29268
202101,7호선,중화,9954,9786,19740
202101,7호선,먹골,9022,8874,17896
202101,7호선,태릉입구,6990,6479,13469
202101,7호선,공릉,9885,9914,19799
202101,7호선,하계,15885,15054,30939
202101,7호선,중계,12340,11088,23428
202101,7호선,노원,16580,17434,34014
202101,7호선,마들,11080,10520,21600
202101,7호선,수락산,11075,11037,22112
202101,7호선,도봉산,7784,9136,16920
202101,7호선,장암,1986,708,2694
202101,7호선,장암,1978,739,2717
202101,7호선,도봉산,7668,9082,16750
202101,7호선,수락산,10802,10896,21698
202101,7호선,마들,10727,10447,21174
202101,7호선,노원,16276,17218,33494
202101,7호선,중계,11975,10977,22952
202101,7호선,하계,14863,14259,29122
202101,7호선,공릉,9758,9703,19461
202101,7호선,태릉입구,6800,6258,13058
202101,7호선,먹골,8817,8730,17547
202101,7호선,중화,9605,9512,19117
202101,7호선,상봉,14944,14027,28971
202101,7호선,면목,13519,13541,27060
202101,7호선,사가정,14382,14492,28874
202101,7호선,용마산,5319,5108,10427
202101,7호선,중곡,8675,8187,16862
202101,7호선,군자,12751,10297,23048
202101,7호선,어린이대공원,10117,9887,20004
202101,7호선,건대입구,10069,10260,20329
202101,7호선,뚝섬유원지,6016,5915,11931
202101,7호선,청담,17189,18916,36105
202101,7호선,강남구청,14436,15709,30145
202101,7호선,학동,22055,23220,45275
202101,7호선,논현,18220,19346,37566
202101,7호선,반포,4933,4739,9672
202101,7호선,고속터미널,12556,11040,23596
202101,7호선,내방,12935,13101,26036
202101,7호선,이수,13060,12720,25780
202101,7호선,남성,9800,9236,19036
202101,7호선,숭실대입구,9839,10146,19985
202101,7호선,상도,8682,8541,17223
202101,7호선,장승배기,8252,8203,16455
202101,7호선,신대방삼거리,14477,14065,28542
202101,7호선,보라매,8528,8496,17024
202101,7호선,신풍,10185,9775,19960
202101,7호선,대림,6479,6525,13004
202101,7호선,남구로,14823,15658,30481
202101,7호선,가산디지털단지,43594,43671,87265
202101,7호선,철산,18467,18876,37343
202101,7호선,광명사거리,19797,19643,39440
202101,7호선,천왕,9748,9204,18952
202101,7호선,온수,9311,8703,18014
202101,7호선,까치울,6443,6286,12729
202101,7호선,부천종합운동장,3863,3453,7316
202101,7호선,춘의,9039,8925,17964
202101,7호선,신중동,12433,12045,24478
202101,7호선,부천시청,10524,10377,20901
202101,7호선,상동,10435,10855,21290
202101,7호선,삼산체육관,4078,3643,7721
202101,7호선,굴포천,7498,8003,15501
202101,7호선,부평구청,10274,8559,18833
202101,7호선,마들,10775,10459,21234
202101,7호선,노원,17026,18137,35163
202101,7호선,중계,12052,10909,22961
202101,7호선,하계,14752,14022,28774
202101,7호선,공릉,9957,9892,19849
202101,7호선,태릉입구,6860,6406,13266
202101,7호선,먹골,8872,8763,17635
202101,7호선,중화,9710,9523,19233
202101,7호선,상봉,14991,14310,29301
202101,7호선,면목,13590,13485,27075
202101,7호선,사가정,14372,14490,28862
202101,7호선,용마산,5338,5034,10372
202101,7호선,중곡,8665,8346,17011
202101,7호선,군자,12828,10354,23182
202101,7호선,어린이대공원,9906,9716,19622
202101,7호선,건대입구,10278,10464,20742
202101,7호선,뚝섬유원지,6038,6006,12044
202101,7호선,청담,17454,19008,36462
202101,7호선,강남구청,14808,15942,30750
202101,7호선,학동,22081,23102,45183
202101,7호선,논현,18496,19713,38209
202101,7호선,반포,5061,4712,9773
202101,7호선,고속터미널,14040,12060,26100
202101,7호선,내방,13086,13170,26256
202101,7호선,이수,13534,13060,26594
202101,7호선,남성,9796,9110,18906
202101,7호선,숭실대입구,10127,10070,20197
202101,7호선,상도,8867,8600,17467
202101,7호선,장승배기,8532,8291,16823
202101,7호선,신대방삼거리,14463,14154,28617
202101,7호선,보라매,8656,8584,17240
202101,7호선,신풍,10147,9831,19978
202101,7호선,대림,6610,6718,13328
202101,7호선,남구로,14553,15554,30107
202101,7호선,가산디지털단지,43219,43024,86243
202101,7호선,철산,18554,19310,37864
202101,7호선,광명사거리,20198,20264,40462
202101,7호선,천왕,9819,9319,19138
202101,7호선,온수,9316,8572,17888
202101,7호선,까치울,6405,6194,12599
202101,7호선,부천종합운동장,3970,3470,7440
202101,7호선,춘의,9141,8860,18001
202101,7호선,신중동,12448,12684,25132
202101,7호선,부천시청,10893,10815,21708
202101,7호선,상동,10732,11230,21962
202101,7호선,삼산체육관,4055,3628,7683
202101,7호선,굴포천,7558,8188,15746
202101,7호선,부평구청,10319,8558,18877
202101,7호선,장암,1920,743,2663
202101,7호선,도봉산,7530,8683,16213
202101,7호선,수락산,10684,10689,21373
202101,7호선,부천시청,11238,11118,22356
202101,7호선,신중동,13315,13048,26363
202101,7호선,춘의,9466,9539,19005
202101,7호선,부천종합운동장,4076,3587,7663
202101,7호선,까치울,6577,6401,12978
202101,7호선,온수,9740,8971,18711
202101,7호선,천왕,10357,9933,20290
202101,7호선,광명사거리,20489,20173,40662
202101,7호선,철산,19880,20172,40052
202101,7호선,가산디지털단지,47216,47254,94470
202101,7호선,남구로,15756,16546,32302
202101,7호선,대림,6933,6921,13854
202101,7호선,신풍,10604,10190,20794
202101,7호선,보라매,8966,9013,17979
202101,7호선,신대방삼거리,15014,14615,29629
202101,7호선,장승배기,8784,8634,17418
202101,7호선,상도,8994,8971,17965
202101,7호선,숭실대입구,10210,10452,20662
202101,7호선,남성,9976,9405,19381
202101,7호선,이수,13358,13124,26482
202101,7호선,내방,13877,14053,27930
202101,7호선,고속터미널,13408,11550,24958
202101,7호선,반포,4983,4901,9884
202101,7호선,논현,19095,20561,39656
202101,7호선,학동,23203,24412,47615
202101,7호선,강남구청,14694,15776,30470
202101,7호선,청담,18061,19765,37826
202101,7호선,뚝섬유원지,6024,5901,11925
202101,7호선,건대입구,10392,10676,21068
202101,7호선,어린이대공원,10306,10196,20502
202101,7호선,군자,12849,10451,23300
202101,7호선,중곡,8720,8530,17250
202101,7호선,용마산,5321,5110,10431
202101,7호선,사가정,14845,14920,29765
202101,7호선,면목,13800,13731,27531
202101,7호선,상봉,15203,14373,29576
202101,7호선,중화,10091,9926,20017
202101,7호선,먹골,9196,9127,18323
202101,7호선,태릉입구,7040,6579,13619
202101,7호선,공릉,10035,10165,20200
202101,7호선,하계,15439,14905,30344
202101,7호선,중계,12610,11602,24212
202101,7호선,노원,17777,18359,36136
202101,7호선,마들,11118,10753,21871
202101,7호선,수락산,11142,11271,22413
202101,7호선,도봉산,7945,9104,17049
202101,7호선,장암,2128,632,2760
202101,7호선,부평구청,10885,8920,19805
202101,7호선,굴포천,8227,8669,16896
202101,7호선,삼산체육관,4363,3963,8326
202101,7호선,상동,11432,11648,23080
202101,7호선,장암,1902,614,2516
202101,7호선,도봉산,7541,8742,16283
202101,7호선,수락산,10595,10708,21303
202101,7호선,마들,10714,10406,21120
202101,7호선,노원,16748,17599,34347
202101,7호선,중계,12147,11107,23254
202101,7호선,하계,14841,14199,29040
202101,7호선,공릉,9669,9753,19422
202101,7호선,태릉입구,6872,6434,13306
202101,7호선,먹골,8811,8662,17473
202101,7호선,중화,9754,9601,19355
202101,7호선,상봉,14702,13892,28594
202101,7호선,면목,13516,13438,26954
202101,7호선,사가정,14195,14330,28525
202101,7호선,용마산,5167,5072,10239
202101,7호선,중곡,8545,8254,16799
202101,7호선,군자,12857,10266,23123
202101,7호선,어린이대공원,9985,9838,19823
202101,7호선,건대입구,10189,10454,20643
202101,7호선,뚝섬유원지,5919,5916,11835
202101,7호선,청담,17883,19398,37281
202101,7호선,강남구청,14736,16000,30736
202101,7호선,학동,23018,23959,46977
202101,7호선,논현,18655,20115,38770
202101,7호선,반포,4960,4762,9722
202101,7호선,고속터미널,12729,10978,23707
202101,7호선,내방,13136,13358,26494
202101,7호선,이수,13082,12647,25729
202101,7호선,남성,9764,9226,18990
202101,7호선,숭실대입구,9884,10234,20118
202101,7호선,상도,8845,8606,17451
202101,7호선,장승배기,8397,8283,16680
202101,7호선,신대방삼거리,14554,14194,28748
202101,7호선,보라매,8436,8403,16839
202101,7호선,신풍,10183,9699,19882
202101,7호선,대림,6624,6668,13292
202101,7호선,남구로,14908,15737,30645
202101,7호선,가산디지털단지,45308,45066,90374
202101,7호선,철산,18453,18740,37193
202101,7호선,광명사거리,19340,19294,38634
202101,7호선,천왕,9793,9402,19195
202101,7호선,온수,9329,8485,17814
202101,7호선,까치울,6376,6160,12536
202101,7호선,부천종합운동장,3871,3347,7218
202101,7호선,춘의,9056,8879,17935
202101,7호선,신중동,12567,12418,24985
202101,7호선,부천시청,10734,10665,21399
202101,7호선,상동,10733,11163,21896
202101,7호선,삼산체육관,4034,3694,7728
202101,7호선,굴포천,7559,8066,15625
202101,7호선,부평구청,10494,8760,19254
202101,7호선,부평구청,10842,8919,19761
202101,7호선,굴포천,8072,8476,16548
202101,7호선,삼산체육관,4282,3897,8179
202101,7호선,상동,11266,11719,22985
202101,7호선,부천시청,11319,11120,22439
202101,7호선,신중동,13012,12870,25882
202101,7호선,춘의,9318,9246,18564
202101,7호선,부천종합운동장,4070,3615,7685
202101,7호선,까치울,6655,6539,13194
202101,7호선,온수,9673,9017,18690
202101,7호선,천왕,10291,9751,20042
202101,7호선,광명사거리,20609,20419,41028
202101,7호선,철산,19304,19797,39101
202101,7호선,가산디지털단지,45760,45472,91232
202101,7호선,남구로,15202,16022,31224
202101,7호선,대림,6722,6730,13452
202101,7호선,신풍,10669,10259,20928
202101,7호선,보라매,8775,8782,17557
202101,7호선,신대방삼거리,15160,14806,29966
202101,7호선,장승배기,8865,8794,17659
202101,7호선,상도,9309,9041,18350
202101,7호선,숭실대입구,10133,10515,20648
202101,7호선,남성,10160,9523,19683
202101,7호선,이수,13963,13703,27666
202101,7호선,내방,13685,13847,27532
202101,7호선,고속터미널,13193,11459,24652
202101,7호선,반포,5199,4998,10197
202101,7호선,논현,19365,20517,39882
202101,7호선,학동,23224,24362,47586
202101,7호선,강남구청,15274,16444,31718
202101,7호선,청담,18282,20008,38290
202101,7호선,뚝섬유원지,6354,6264,12618
202101,7호선,건대입구,10566,10814,21380
202101,7호선,어린이대공원,10440,10199,20639
202101,7호선,군자,13345,10716,24061
202101,7호선,중곡,8958,8613,17571
202101,7호선,용마산,5452,5289,10741
202101,7호선,사가정,15043,15102,30145
202101,7호선,면목,14059,14001,28060
202101,7호선,상봉,15429,14525,29954
202101,7호선,중화,10159,10042,20201
202101,7호선,먹골,9204,9042,18246
202101,7호선,태릉입구,7126,6735,13861
202101,7호선,공릉,10178,10164,20342
202101,7호선,하계,16133,15601,31734
202101,7호선,중계,12513,11431,23944
202101,7호선,노원,17492,18406,35898
202101,7호선,마들,11309,10917,22226
202101,7호선,수락산,11281,11423,22704
202101,7호선,도봉산,7986,9360,17346
202101,7호선,장암,2097,729,2826
202101,7호선,부평구청,10508,8729,19237
202101,7호선,굴포천,7816,8370,16186
202101,7호선,삼산체육관,4174,3814,7988
202101,7호선,상동,11101,11396,22497
202101,7호선,부천시청,10930,10771,21701
202101,7호선,신중동,12703,12552,25255
202101,7호선,춘의,9114,9013,18127
202101,7호선,부천종합운동장,3940,3468,7408
202101,7호선,까치울,6484,6307,12791
202101,7호선,온수,9572,8785,18357
202101,7호선,천왕,9964,9462,19426
202101,7호선,광명사거리,19975,19784,39759
202101,7호선,철산,18791,19355,38146
202101,7호선,가산디지털단지,45742,44978,90720
202101,7호선,남구로,15046,16339,31385
202101,7호선,대림,6598,6622,13220
202101,7호선,신풍,10411,10201,20612
202101,7호선,보라매,8597,8634,17231
202101,7호선,신대방삼거리,14795,14628,29423
202101,7호선,장승배기,8672,8595,17267
202101,7호선,상도,9069,8920,17989
202101,7호선,숭실대입구,10010,10402,20412
202101,7호선,남성,9867,9428,19295
202101,7호선,이수,13472,13229,26701
202101,7호선,내방,13524,13441,26965
202101,7호선,고속터미널,12946,11224,24170
202101,7호선,반포,4995,4787,9782
202101,7호선,논현,18641,20248,38889
202101,7호선,학동,23052,24283,47335
202101,7호선,강남구청,14889,16204,31093
202101,7호선,청담,17819,19924,37743
202101,7호선,뚝섬유원지,5917,5939,11856
202101,7호선,건대입구,10712,10848,21560
202101,7호선,어린이대공원,10617,10277,20894
202101,7호선,군자,13088,10784,23872
202101,7호선,중곡,8784,8544,17328
202101,7호선,용마산,5349,5252,10601
202101,7호선,사가정,14587,14758,29345
202101,7호선,면목,13741,13893,27634
202101,7호선,상봉,15252,14123,29375
202101,7호선,중화,9958,9920,19878
202101,7호선,먹골,8842,8880,17722
202101,7호선,태릉입구,7047,6488,13535
202101,7호선,공릉,10020,9964,19984
202101,7호선,하계,15274,14661,29935
202101,7호선,중계,12372,11342,23714
202101,7호선,노원,17011,17406,34417
202101,7호선,마들,11102,10926,22028
202101,7호선,수락산,11095,11296,22391
202101,7호선,도봉산,7768,9205,16973
202101,7호선,장암,1974,717,2691
202101,7호선,부평구청,10672,8772,19444
202101,7호선,굴포천,7881,8441,16322
202101,7호선,삼산체육관,4264,3737,8001
202101,7호선,상동,11305,11842,23147
202101,7호선,부천시청,11323,11302,22625
202101,7호선,신중동,13011,12902,25913
202101,7호선,춘의,9239,9095,18334
202101,7호선,부천종합운동장,4007,3494,7501
202101,7호선,까치울,6683,6464,13147
202101,7호선,온수,9517,8785,18302
202101,7호선,천왕,10039,9539,19578
202101,7호선,광명사거리,20521,20473,40994
202101,7호선,철산,19483,20218,39701
202101,7호선,가산디지털단지,44620,44502,89122
202101,7호선,남구로,14862,15764,30626
202101,7호선,대림,6625,6810,13435
202101,7호선,신풍,10531,10091,20622
202101,7호선,보라매,8824,8660,17484
202101,7호선,신대방삼거리,15105,14508,29613
202101,7호선,장승배기,8869,8540,17409
202101,7호선,상도,9434,9181,18615
202101,7호선,숭실대입구,10364,10341,20705
202101,7호선,남성,10038,9392,19430
202101,7호선,이수,14201,13855,28056
202101,7호선,내방,13688,13964,27652
202101,7호선,고속터미널,14788,12363,27151
202101,7호선,반포,5324,5000,10324
202101,7호선,논현,19358,20989,40347
202101,7호선,학동,22616,24065,46681
202101,7호선,강남구청,15030,16441,31471
202101,7호선,청담,18585,20364,38949
202101,7호선,뚝섬유원지,6382,6258,12640
202101,7호선,건대입구,11293,11349,22642
202101,7호선,어린이대공원,10697,10450,21147
202101,7호선,군자,13410,10666,24076
202101,7호선,중곡,8932,8516,17448
202101,7호선,용마산,5523,5161,10684
202101,7호선,사가정,15056,15285,30341
202101,7호선,면목,14020,13795,27815
202101,7호선,상봉,15671,15062,30733
202101,7호선,중화,10103,9898,20001
202101,7호선,먹골,9215,9126,18341
202101,7호선,태릉입구,7241,6798,14039
202101,7호선,공릉,10447,10359,20806
202101,7호선,하계,15521,14763,30284
202101,7호선,중계,12513,11152,23665
202101,7호선,노원,17807,19109,36916
202101,7호선,마들,11443,10845,22288
202101,7호선,수락산,11236,11209,22445
202101,7호선,도봉산,7952,9018,16970
202101,7호선,장암,1993,780,2773
202101,7호선,장암,2178,762,2940
202101,7호선,도봉산,8169,9509,17678
202101,7호선,수락산,11435,11487,22922
202101,7호선,마들,11254,10871,22125
202101,7호선,노원,17692,18782,36474
202101,7호선,중계,12831,11726,24557
202101,7호선,하계,15477,14701,30178
202101,7호선,공릉,10319,10456,20775
202101,7호선,태릉입구,7207,6656,13863
202101,7호선,먹골,9257,9088,18345
202101,7호선,중화,10189,10134,20323
202101,7호선,상봉,15445,14655,30100
202101,7호선,면목,14119,13753,27872
202101,7호선,사가정,15095,15055,30150
202101,7호선,용마산,5528,5370,10898
202101,7호선,중곡,8981,8504,17485
202101,7호선,군자,13215,10794,24009
202101,7호선,어린이대공원,10424,10309,20733
202101,7호선,건대입구,10434,10711,21145
202101,7호선,뚝섬유원지,7000,6846,13846
202101,7호선,청담,18508,20076,38584
202101,7호선,강남구청,15008,16223,31231
202101,7호선,학동,23243,24390,47633
202101,7호선,논현,19474,20866,40340
202101,7호선,반포,5097,4946,10043
202101,7호선,고속터미널,13943,11770,25713
202101,7호선,내방,13856,13985,27841
202101,7호선,이수,13811,13576,27387
202101,7호선,남성,10097,9517,19614
202101,7호선,숭실대입구,10171,10679,20850
202101,7호선,상도,9264,9149,18413
202101,7호선,장승배기,8903,8765,17668
202101,7호선,신대방삼거리,14928,14735,29663
202101,7호선,보라매,8859,8820,17679
202101,7호선,신풍,10718,10244,20962
202101,7호선,대림,6968,6891,13859
202101,7호선,남구로,15551,16286,31837
202101,7호선,가산디지털단지,45927,46257,92184
202101,7호선,철산,19533,19843,39376
202101,7호선,광명사거리,20794,20495,41289
202101,7호선,천왕,10417,9905,20322
202101,7호선,온수,9809,9012,18821
202101,7호선,까치울,6649,6453,13102
202101,7호선,부천종합운동장,4079,3552,7631
202101,7호선,춘의,9258,9161,18419
202101,7호선,신중동,13060,12915,25975
202101,7호선,부천시청,11333,10989,22322
202101,7호선,상동,11077,11431,22508
202101,7호선,삼산체육관,4384,3873,8257
202101,7호선,굴포천,8000,8547,16547
202101,7호선,부평구청,10859,9015,19874
202101,7호선,장암,2065,752,2817
202101,7호선,도봉산,7875,9029,16904
202101,7호선,수락산,11158,11296,22454
202101,7호선,마들,11362,10925,22287
202101,7호선,노원,17466,18115,35581
202101,7호선,중계,12528,11631,24159
202101,7호선,하계,15595,14693,30288
202101,7호선,공릉,10010,10324,20334
202101,7호선,태릉입구,7243,6760,14003
202101,7호선,먹골,9014,9033,18047
202101,7호선,중화,9985,10026,20011
202101,7호선,상봉,15532,14612,30144
202101,7호선,면목,13726,13670,27396
202101,7호선,사가정,14995,14929,29924
202101,7호선,용마산,5477,5279,10756
202101,7호선,중곡,9071,8679,17750
202101,7호선,군자,13336,10774,24110
202101,7호선,어린이대공원,10258,10133,20391
202101,7호선,건대입구,10775,10900,21675
202101,7호선,뚝섬유원지,6117,6041,12158
202101,7호선,청담,18524,20158,38682
202101,7호선,강남구청,15464,16725,32189
202101,7호선,학동,23531,24865,48396
202101,7호선,논현,19457,20718,40175
202101,7호선,반포,5197,5028,10225
202101,7호선,고속터미널,13368,11544,24912
202101,7호선,내방,13735,13900,27635
202101,7호선,이수,13885,13469,27354
202101,7호선,남성,10008,9605,19613
202101,7호선,숭실대입구,10290,10612,20902
202101,7호선,상도,9163,8938,18101
202101,7호선,장승배기,8618,8635,17253
202101,7호선,신대방삼거리,14943,14566,29509
202101,7호선,보라매,8906,8838,17744
202101,7호선,신풍,10722,10241,20963
202101,7호선,대림,6683,6752,13435
202101,7호선,남구로,15444,16289,31733
202101,7호선,가산디지털단지,45561,45599,91160
202101,7호선,철산,19124,19508,38632
202101,7호선,광명사거리,20038,20087,40125
202101,7호선,천왕,9987,9594,19581
202101,7호선,온수,9694,8950,18644
202101,7호선,까치울,6687,6526,13213
202101,7호선,부천종합운동장,4073,3459,7532
202101,7호선,춘의,9165,9049,18214
202101,7호선,신중동,13045,12736,25781
202101,7호선,부천시청,10988,10924,21912
202101,7호선,상동,11327,11617,22944
202101,7호선,삼산체육관,4271,3923,8194
202101,7호선,굴포천,7867,8474,16341
202101,7호선,부평구청,10761,9025,19786
202101,7호선,장암,2107,796,2903
202101,7호선,도봉산,8323,9785,18108
202101,7호선,수락산,11645,11676,23321
202101,7호선,마들,11613,11278,22891
202101,7호선,노원,18002,18884,36886
202101,7호선,중계,12930,11935,24865
202101,7호선,하계,16641,15948,32589
202101,7호선,공릉,10520,10550,21070
202101,7호선,태릉입구,7524,7111,14635
202101,7호선,먹골,9397,9327,18724
202101,7호선,중화,10298,10289,20587
202101,7호선,상봉,15873,14960,30833
202101,7호선,면목,14248,14107,28355
202101,7호선,사가정,15516,15600,31116
202101,7호선,용마산,5639,5567,11206
202101,7호선,중곡,9459,8896,18355
202101,7호선,군자,13824,11065,24889
202101,7호선,어린이대공원,10614,10521,21135
202101,7호선,건대입구,11002,11145,22147
202101,7호선,뚝섬유원지,6770,6624,13394
202101,7호선,청담,18644,20559,39203
202101,7호선,강남구청,15639,17055,32694
202101,7호선,학동,23658,25120,48778
202101,7호선,논현,19943,21154,41097
202101,7호선,반포,5406,5008,10414
202101,7호선,고속터미널,13471,11731,25202
202101,7호선,내방,13847,14089,27936
202101,7호선,이수,14975,14610,29585
202101,7호선,남성,10421,9750,20171
202101,7호선,숭실대입구,10576,10978,21554
202101,7호선,상도,9513,9289,18802
202101,7호선,장승배기,9057,9011,18068
202101,7호선,신대방삼거리,15432,15095,30527
202101,7호선,보라매,8828,8976,17804
202101,7호선,신풍,10910,10430,21340
202101,7호선,대림,6985,7009,13994
202101,7호선,남구로,15662,16542,32204
202101,7호선,가산디지털단지,46349,46216,92565
202101,7호선,철산,19931,20148,40079
202101,7호선,광명사거리,20963,20993,41956
202101,7호선,천왕,10523,9891,20414
202101,7호선,온수,10008,9214,19222
202101,7호선,까치울,6910,6726,13636
202101,7호선,부천종합운동장,4184,3643,7827
202101,7호선,춘의,9440,9272,18712
202101,7호선,신중동,13405,13227,26632
202101,7호선,부천시청,11355,11267,22622
202101,7호선,상동,11654,11940,23594
202101,7호선,삼산체육관,4497,4079,8576
202101,7호선,굴포천,8113,8695,16808
202101,7호선,부평구청,10979,9165,20144
202101,7호선,장암,2088,751,2839
202101,7호선,도봉산,7959,8956,16915
202101,7호선,수락산,11248,11287,22535
202101,7호선,마들,11411,11183,22594
202101,7호선,노원,18007,18532,36539
202101,7호선,중계,12687,11696,24383
202101,7호선,하계,15911,15295,31206
202101,7호선,공릉,10305,10369,20674
202101,7호선,태릉입구,7520,6771,14291
202101,7호선,먹골,9154,9288,18442
202101,7호선,중화,10101,9966,20067
202101,7호선,상봉,15584,14679,30263
202101,7호선,면목,13900,13973,27873
202101,7호선,사가정,14736,14856,29592
202101,7호선,용마산,5520,5395,10915
202101,7호선,중곡,8987,8693,17680
202101,7호선,군자,13591,10912,24503
202101,7호선,어린이대공원,10556,10263,20819
202101,7호선,건대입구,10990,11150,22140
202101,7호선,뚝섬유원지,6081,5963,12044
202101,7호선,청담,18375,20529,38904
202101,7호선,강남구청,15344,16814,32158
202101,7호선,학동,23876,25254,49130
202101,7호선,논현,19081,20477,39558
202101,7호선,반포,5163,5078,10241
202101,7호선,고속터미널,13478,11812,25290
202101,7호선,내방,13723,14044,27767
202101,7호선,이수,14233,13889,28122
202101,7호선,남성,10200,9767,19967
202101,7호선,숭실대입구,10567,10931,21498
202101,7호선,상도,9328,9116,18444
202101,7호선,장승배기,8769,8677,17446
202101,7호선,신대방삼거리,15162,14760,29922
202101,7호선,보라매,8823,8897,17720
202101,7호선,신풍,10655,10373,21028
202101,7호선,대림,6905,6752,13657
202101,7호선,남구로,15495,16553,32048
202101,7호선,가산디지털단지,46384,46043,92427
202101,7호선,철산,19405,19698,39103
202101,7호선,광명사거리,19987,19887,39874
202101,7호선,천왕,10281,9850,20131
202101,7호선,온수,9829,9029,18858
202101,7호선,까치울,6523,6423,12946
202101,7호선,부천종합운동장,4079,3478,7557
202101,7호선,춘의,9362,9227,18589
202101,7호선,신중동,13394,13025,26419
202101,7호선,부천시청,11458,11379,22837
202101,7호선,상동,11445,11907,23352
202101,7호선,삼산체육관,4404,4019,8423
202101,7호선,굴포천,8050,8611,16661
202101,7호선,부평구청,10744,8964,19708
202101,7호선,장암,1979,771,2750
202101,7호선,도봉산,7655,8733,16388
202101,7호선,수락산,10935,10962,21897
202101,7호선,마들,11212,10726,21938
202101,7호선,노원,18177,19094,37271
202101,7호선,중계,12430,11121,23551
202101,7호선,하계,15288,14627,29915
202101,7호선,공릉,10307,10429,20736
202101,7호선,태릉입구,7131,6616,13747
202101,7호선,먹골,9124,9020,18144
202101,7호선,중화,9990,9843,19833
202101,7호선,상봉,15555,14685,30240
202101,7호선,면목,13777,13614,27391
202101,7호선,사가정,14659,14818,29477
202101,7호선,용마산,5557,5187,10744
202101,7호선,중곡,9019,8449,17468
202101,7호선,군자,13504,10701,24205
202101,7호선,어린이대공원,10215,10099,20314
202101,7호선,건대입구,11303,11250,22553
202101,7호선,뚝섬유원지,5995,5925,11920
202101,7호선,청담,18023,19841,37864
202101,7호선,강남구청,15219,16656,31875
202101,7호선,학동,23219,24434,47653
202101,7호선,논현,18885,20552,39437
202101,7호선,반포,5211,4936,10147
202101,7호선,고속터미널,14289,12022,26311
202101,7호선,내방,13389,13637,27026
202101,7호선,이수,14228,13793,28021
202101,7호선,남성,9969,9321,19290
202101,7호선,숭실대입구,10363,10446,20809
202101,7호선,상도,9234,9001,18235
202101,7호선,장승배기,8723,8436,17159
202101,7호선,신대방삼거리,14925,14535,29460
202101,7호선,보라매,8684,8709,17393
202101,7호선,신풍,10425,9998,20423
202101,7호선,대림,6623,6632,13255
202101,7호선,남구로,14866,15764,30630
202101,7호선,가산디지털단지,44634,44540,89174
202101,7호선,철산,19052,19588,38640
202101,7호선,광명사거리,20015,19867,39882
202101,7호선,천왕,10011,9405,19416
202101,7호선,온수,9483,8613,18096
202101,7호선,까치울,6534,6349,12883
202101,7호선,부천종합운동장,3886,3328,7214
202101,7호선,춘의,9127,8890,18017
202101,7호선,신중동,12988,12882,25870
202101,7호선,부천시청,11155,11087,22242
202101,7호선,상동,11259,11709,22968
202101,7호선,삼산체육관,4180,3796,7976
202101,7호선,굴포천,7765,8315,16080
202101,7호선,부평구청,10541,8801,19342
202102,7호선,부평구청,10981,9168,20149
202102,7호선,굴포천,7968,8562,16530
202102,7호선,삼산체육관,4379,3967,8346
202102,7호선,상동,11387,11618,23005
202102,7호선,부천시청,11236,11079,22315
202102,7호선,신중동,13236,13161,26397
202102,7호선,춘의,9367,9211,18578
202102,7호선,부천종합운동장,4112,3602,7714
202102,7호선,까치울,6777,6602,13379
202102,7호선,온수,9983,9087,19070
202102,7호선,천왕,10375,9883,20258
202102,7호선,광명사거리,20934,20755,41689
202102,7호선,철산,19672,20111,39783
202102,7호선,가산디지털단지,46772,46724,93496
202102,7호선,남구로,15928,16598,32526
202102,7호선,대림,7128,6983,14111
202102,7호선,신풍,10883,10415,21298
202102,7호선,보라매,8854,9088,17942
202102,7호선,신대방삼거리,15152,14843,29995
202102,7호선,장승배기,8831,8820,17651
202102,7호선,상도,9233,9218,18451
202102,7호선,숭실대입구,10448,10792,21240
202102,7호선,남성,10140,9593,19733
202102,7호선,이수,14239,13955,28194
202102,7호선,내방,13761,14052,27813
202102,7호선,고속터미널,14204,11820,26024
202102,7호선,반포,5214,5040,10254
202102,7호선,논현,19673,20996,40669
202102,7호선,학동,23516,24869,48385
202102,7호선,강남구청,15290,16621,31911
202102,7호선,청담,19048,20752,39800
202102,7호선,뚝섬유원지,6800,6731,13531
202102,7호선,건대입구,10781,10888,21669
202102,7호선,어린이대공원,10397,10219,20616
202102,7호선,군자,13590,10968,24558
202102,7호선,중곡,9544,9019,18563
202102,7호선,용마산,5708,5428,11136
202102,7호선,사가정,15282,15526,30808
202102,7호선,면목,14193,14110,28303
202102,7호선,상봉,15960,14901,30861
202102,7호선,중화,10353,10387,20740
202102,7호선,먹골,9293,9203,18496
202102,7호선,태릉입구,7445,6882,14327
202102,7호선,공릉,10417,10541,20958
202102,7호선,하계,15858,15028,30886
202102,7호선,중계,13005,11918,24923
202102,7호선,노원,18262,19119,37381
202102,7호선,마들,11636,11160,22796
202102,7호선,수락산,11593,11716,23309
202102,7호선,도봉산,8249,9430,17679
202102,7호선,장암,2103,732,2835
202102,7호선,부평구청,10920,9166,20086
202102,7호선,굴포천,7968,8480,16448
202102,7호선,삼산체육관,4379,4009,8388
202102,7호선,상동,11417,11858,23275
202102,7호선,부천시청,11170,11110,22280
202102,7호선,신중동,13291,13084,26375
202102,7호선,춘의,9265,9133,18398
202102,7호선,부천종합운동장,4074,3609,7683
202102,7호선,까치울,6633,6425,13058
202102,7호선,온수,9989,9219,19208
202102,7호선,천왕,10444,9948,20392
202102,7호선,광명사거리,20562,20490,41052
202102,7호선,철산,19510,19866,39376
202102,7호선,가산디지털단지,46760,46466,93226
202102,7호선,남구로,15538,16319,31857
202102,7호선,대림,7036,6880,13916
202102,7호선,신풍,10916,10476,21392
202102,7호선,보라매,8886,8854,17740
202102,7호선,신대방삼거리,15321,14926,30247
202102,7호선,장승배기,8840,8626,17466
202102,7호선,상도,9272,9076,18348
202102,7호선,숭실대입구,10266,10655,20921
202102,7호선,남성,10331,9784,20115
202102,7호선,이수,14147,13864,28011
202102,7호선,내방,13877,14084,27961
202102,7호선,고속터미널,13405,11729,25134
202102,7호선,반포,5226,5053,10279
202102,7호선,논현,19581,21151,40732
202102,7호선,학동,23924,25173,49097
202102,7호선,강남구청,15523,16987,32510
202102,7호선,청담,18656,20579,39235
202102,7호선,뚝섬유원지,6421,6374,12795
202102,7호선,건대입구,11182,11268,22450
202102,7호선,어린이대공원,10449,10243,20692
202102,7호선,군자,13777,10977,24754
202102,7호선,중곡,9414,8936,18350
202102,7호선,용마산,5622,5452,11074
202102,7호선,사가정,15130,15352,30482
202102,7호선,면목,14110,14099,28209
202102,7호선,상봉,15798,14650,30448
202102,7호선,중화,10243,10234,20477
202102,7호선,먹골,9200,9170,18370
202102,7호선,태릉입구,7245,6636,13881
202102,7호선,공릉,10332,10295,20627
202102,7호선,하계,15835,15267,31102
202102,7호선,중계,12981,12034,25015
202102,7호선,노원,17782,18538,36320
202102,7호선,마들,11461,11230,22691
202102,7호선,수락산,11413,11602,23015
202102,7호선,도봉산,8025,9440,17465
202102,7호선,장암,2085,735,2820
202102,7호선,장암,2104,751,2855
202102,7호선,도봉산,8333,9839,18172
202102,7호선,수락산,12002,12226,24228
202102,7호선,마들,12003,11885,23888
202102,7호선,노원,18147,18868,37015
202102,7호선,중계,13307,12450,25757
202102,7호선,하계,17061,16771,33832
202102,7호선,공릉,10667,10952,21619
202102,7호선,태릉입구,7540,7050,14590
202102,7호선,먹골,9515,9494,19009
202102,7호선,중화,10357,10534,20891
202102,7호선,상봉,16238,15329,31567
202102,7호선,면목,14324,14556,28880
202102,7호선,사가정,15672,16063,31735
202102,7호선,용마산,5822,5685,11507
202102,7호선,중곡,9725,9566,19291
202102,7호선,군자,13758,11351,25109
202102,7호선,어린이대공원,10706,10516,21222
202102,7호선,건대입구,10869,11055,21924
202102,7호선,뚝섬유원지,6616,6677,13293
202102,7호선,청담,19721,21257,40978
202102,7호선,강남구청,16344,17272,33616
202102,7호선,학동,24689,25486,50175
202102,7호선,논현,20279,21356,41635
202102,7호선,반포,5678,5432,11110
202102,7호선,고속터미널,13584,11748,25332
202102,7호선,내방,14451,14611,29062
202102,7호선,이수,14995,14615,29610
202102,7호선,남성,10814,10442,21256
202102,7호선,숭실대입구,10718,11369,22087
202102,7호선,상도,9729,9769,19498
202102,7호선,장승배기,9359,9230,18589
202102,7호선,신대방삼거리,15768,15656,31424
202102,7호선,보라매,9247,9313,18560
202102,7호선,신풍,11151,11034,22185
202102,7호선,대림,7181,7127,14308
202102,7호선,남구로,16057,16794,32851
202102,7호선,가산디지털단지,48699,46680,95379
202102,7호선,철산,20251,21356,41607
202102,7호선,광명사거리,21348,21539,42887
202102,7호선,천왕,10802,10511,21313
202102,7호선,온수,10263,9631,19894
202102,7호선,까치울,7018,6928,13946
202102,7호선,부천종합운동장,4138,3657,7795
202102,7호선,춘의,9750,9565,19315
202102,7호선,신중동,13945,13767,27712
202102,7호선,부천시청,11844,11586,23430
202102,7호선,상동,12476,12648,25124
202102,7호선,삼산체육관,4481,4186,8667
202102,7호선,굴포천,8186,8963,17149
202102,7호선,부평구청,11200,9478,20678
202102,7호선,장암,2061,691,2752
202102,7호선,도봉산,8251,9615,17866
202102,7호선,수락산,11875,11823,23698
202102,7호선,마들,11921,11503,23424
202102,7호선,노원,18246,18998,37244
202102,7호선,중계,13480,12259,25739
202102,7호선,하계,16915,16066,32981
202102,7호선,공릉,10694,10697,21391
202102,7호선,태릉입구,7685,7143,14828
202102,7호선,먹골,9584,9391,18975
202102,7호선,중화,10506,10379,20885
202102,7호선,상봉,16390,15020,31410
202102,7호선,면목,14531,14326,28857
202102,7호선,사가정,15609,15676,31285
202102,7호선,용마산,5783,5480,11263
202102,7호선,중곡,9705,9136,18841
202102,7호선,군자,13811,11095,24906
202102,7호선,어린이대공원,10820,10747,21567
202102,7호선,건대입구,10855,11107,21962
202102,7호선,뚝섬유원지,6849,6703,13552
202102,7호선,청담,19056,21297,40353
202102,7호선,강남구청,15979,17222,33201
202102,7호선,학동,24212,25788,50000
202102,7호선,논현,19761,21376,41137
202102,7호선,반포,5496,5215,10711
202102,7호선,고속터미널,13599,12114,25713
202102,7호선,내방,14375,14578,28953
202102,7호선,이수,14718,14333,29051
202102,7호선,남성,10793,9994,20787
202102,7호선,숭실대입구,10821,10898,21719
202102,7호선,상도,9571,9350,18921
202102,7호선,장승배기,9324,8956,18280
202102,7호선,신대방삼거리,15585,15006,30591
202102,7호선,보라매,9342,9355,18697
202102,7호선,신풍,11303,10723,22026
202102,7호선,대림,7041,7032,14073
202102,7호선,남구로,15839,17035,32874
202102,7호선,가산디지털단지,47437,48471,95908
202102,7호선,철산,20482,20655,41137
202102,7호선,광명사거리,21227,20774,42001
202102,7호선,천왕,10741,10126,20867
202102,7호선,온수,10207,9330,19537
202102,7호선,까치울,7029,6776,13805
202102,7호선,부천종합운동장,4221,3624,7845
202102,7호선,춘의,9655,9627,19282
202102,7호선,신중동,13696,13744,27440
202102,7호선,부천시청,11929,11846,23775
202102,7호선,상동,12205,12499,24704
202102,7호선,삼산체육관,4547,4128,8675
202102,7호선,굴포천,8513,9065,17578
202102,7호선,부평구청,11164,9290,20454
202102,7호선,부평구청,11238,9267,20505
202102,7호선,굴포천,8469,9029,17498
202102,7호선,삼산체육관,4485,3978,8463
202102,7호선,상동,12035,12493,24528
202102,7호선,부천시청,11892,11941,23833
202102,7호선,신중동,13881,13793,27674
202102,7호선,춘의,9464,9309,18773
202102,7호선,부천종합운동장,4248,3670,7918
202102,7호선,까치울,7118,6768,13886
202102,7호선,온수,10043,9213,19256
202102,7호선,천왕,10857,10250,21107
202102,7호선,광명사거리,21851,21821,43672
202102,7호선,철산,20657,21330,41987
202102,7호선,가산디지털단지,46503,46160,92663
202102,7호선,남구로,15590,16538,32128
202102,7호선,대림,7174,7184,14358
202102,7호선,신풍,11180,10744,21924
202102,7호선,보라매,9567,9503,19070
202102,7호선,신대방삼거리,15793,15258,31051
202102,7호선,장승배기,9179,9073,18252
202102,7호선,상도,9798,9507,19305
202102,7호선,숭실대입구,11032,11080,22112
202102,7호선,남성,10750,9957,20707
202102,7호선,이수,15056,14735,29791
202102,7호선,내방,14212,14469,28681
202102,7호선,고속터미널,15100,12507,27607
202102,7호선,반포,5611,5265,10876
202102,7호선,논현,20514,21980,42494
202102,7호선,학동,23736,25138,48874
202102,7호선,강남구청,15955,17620,33575
202102,7호선,청담,19485,21447,40932
202102,7호선,뚝섬유원지,7075,7063,14138
202102,7호선,건대입구,10812,11114,21926
202102,7호선,어린이대공원,10897,10802,21699
202102,7호선,군자,14394,11325,25719
202102,7호선,중곡,9542,8974,18516
202102,7호선,용마산,5793,5510,11303
202102,7호선,사가정,15823,15952,31775
202102,7호선,면목,14635,14477,29112
202102,7호선,상봉,16355,15603,31958
202102,7호선,중화,10580,10337,20917
202102,7호선,먹골,9573,9532,19105
202102,7호선,태릉입구,7718,7101,14819
202102,7호선,공릉,10839,10841,21680
202102,7호선,하계,16534,15567,32101
202102,7호선,중계,13255,12006,25261
202102,7호선,노원,18736,19659,38395
202102,7호선,마들,12042,11488,23530
202102,7호선,수락산,11890,11702,23592
202102,7호선,도봉산,8316,9657,17973
202102,7호선,장암,2109,828,2937
202102,7호선,춘의,9437,9245,18682
202102,7호선,장암,2121,774,2895
202102,7호선,도봉산,8244,9440,17684
202102,7호선,수락산,11786,11746,23532
202102,7호선,마들,11766,11377,23143
202102,7호선,노원,18778,19282,38060
202102,7호선,중계,13164,12060,25224
202102,7호선,하계,16310,15448,31758
202102,7호선,공릉,10576,10683,21259
202102,7호선,태릉입구,7459,6961,14420
202102,7호선,먹골,9538,9262,18800
202102,7호선,중화,10562,10480,21042
202102,7호선,상봉,16409,15116,31525
202102,7호선,면목,14538,14534,29072
202102,7호선,사가정,15409,15626,31035
202102,7호선,용마산,5641,5480,11121
202102,7호선,중곡,9585,9057,18642
202102,7호선,군자,13670,11229,24899
202102,7호선,어린이대공원,10604,10398,21002
202102,7호선,건대입구,11139,11031,22170
202102,7호선,뚝섬유원지,6415,6320,12735
202102,7호선,청담,18923,20938,39861
202102,7호선,강남구청,15504,16901,32405
202102,7호선,학동,23909,25213,49122
202102,7호선,논현,19990,21715,41705
202102,7호선,반포,5400,5268,10668
202102,7호선,고속터미널,14233,12242,26475
202102,7호선,내방,14194,14427,28621
202102,7호선,이수,14658,14228,28886
202102,7호선,남성,10530,9964,20494
202102,7호선,숭실대입구,10777,11036,21813
202102,7호선,상도,9544,9388,18932
202102,7호선,장승배기,9191,9081,18272
202102,7호선,신대방삼거리,15510,15099,30609
202102,7호선,보라매,9081,9105,18186
202102,7호선,신풍,11111,10750,21861
202102,7호선,대림,7743,7614,15357
202102,7호선,남구로,15908,16750,32658
202102,7호선,가산디지털단지,47510,47068,94578
202102,7호선,철산,20332,20851,41183
202102,7호선,광명사거리,21528,21517,43045
202102,7호선,천왕,10729,10062,20791
202102,7호선,온수,9852,9178,19030
202102,7호선,까치울,6900,6796,13696
202102,7호선,부천종합운동장,4127,3658,7785
202102,7호선,신중동,13543,13441,26984
202102,7호선,부천시청,11808,11592,23400
202102,7호선,상동,11640,11967,23607
202102,7호선,삼산체육관,4416,4094,8510
202102,7호선,굴포천,8208,8792,17000
202102,7호선,부평구청,11175,9183,20358
202102,7호선,부평구청,11198,9161,20359
202102,7호선,굴포천,8221,8786,17007
202102,7호선,삼산체육관,4512,4133,8645
202102,7호선,상동,11923,12422,24345
202102,7호선,부천시청,11925,11846,23771
202102,7호선,신중동,13578,13379,26957
202102,7호선,춘의,9244,9099,18343
202102,7호선,부천종합운동장,4247,3724,7971
202102,7호선,까치울,6956,6706,13662
202102,7호선,온수,9969,9111,19080
202102,7호선,천왕,10753,10192,20945
202102,7호선,광명사거리,22217,22282,44499
202102,7호선,철산,20442,20926,41368
202102,7호선,가산디지털단지,47034,46650,93684
202102,7호선,남구로,15957,16950,32907
202102,7호선,대림,7944,7937,15881
202102,7호선,신풍,11264,10897,22161
202102,7호선,보라매,9107,8982,18089
202102,7호선,신대방삼거리,15772,15098,30870
202102,7호선,장승배기,9288,9167,18455
202102,7호선,상도,9799,9339,19138
202102,7호선,숭실대입구,10994,11153,22147
202102,7호선,남성,10562,9917,20479
202102,7호선,이수,14915,14507,29422
202102,7호선,내방,14199,14496,28695
202102,7호선,고속터미널,14196,13543,27739
202102,7호선,반포,5562,5441,11003
202102,7호선,논현,20433,21928,42361
202102,7호선,학동,23945,25363,49308
202102,7호선,강남구청,16393,17537,33930
202102,7호선,청담,19063,21116,40179
202102,7호선,뚝섬유원지,6724,6629,13353
202102,7호선,건대입구,11201,11155,22356
202102,7호선,어린이대공원,10886,10406,21292
202102,7호선,군자,14062,11280,25342
202102,7호선,중곡,9503,8995,18498
202102,7호선,용마산,5707,5525,11232
202102,7호선,사가정,15527,15576,31103
202102,7호선,면목,14673,14555,29228
202102,7호선,상봉,16301,15470,31771
202102,7호선,중화,10620,10374,20994
202102,7호선,먹골,9726,9501,19227
202102,7호선,태릉입구,7710,7018,14728
202102,7호선,공릉,10821,10566,21387
202102,7호선,하계,16391,15516,31907
202102,7호선,중계,13430,12182,25612
202102,7호선,노원,18655,19426,38081
202102,7호선,마들,11760,11505,23265
202102,7호선,수락산,11820,11753,23573
202102,7호선,도봉산,8402,9591,17993
202102,7호선,장암,2193,764,2957
202102,7호선,먹골,9361,9089,18450
202102,7호선,장암,1937,738,2675
202102,7호선,도봉산,7888,9136,17024
202102,7호선,수락산,11589,11486,23075
202102,7호선,마들,11574,11229,22803
202102,7호선,노원,18683,20434,39117
202102,7호선,중계,12793,11491,24284
202102,7호선,하계,15998,14988,30986
202102,7호선,공릉,10694,10148,20842
202102,7호선,태릉입구,7441,6634,14075
202102,7호선,중화,10173,9733,19906
202102,7호선,상봉,15919,15005,30924
202102,7호선,면목,14254,13814,28068
202102,7호선,사가정,15102,15099,30201
202102,7호선,용마산,5480,5098,10578
202102,7호선,중곡,9072,8387,17459
202102,7호선,군자,13924,10455,24379
202102,7호선,어린이대공원,10576,9363,19939
202102,7호선,건대입구,11434,11159,22593
202102,7호선,뚝섬유원지,6547,6407,12954
202102,7호선,청담,17351,19038,36389
202102,7호선,강남구청,14982,16140,31122
202102,7호선,학동,21365,22713,44078
202102,7호선,논현,18882,20184,39066
202102,7호선,반포,5500,5285,10785
202102,7호선,고속터미널,14086,16198,30284
202102,7호선,내방,13485,13507,26992
202102,7호선,이수,14924,14090,29014
202102,7호선,남성,10284,8948,19232
202102,7호선,숭실대입구,10763,10199,20962
202102,7호선,상도,9520,8631,18151
202102,7호선,장승배기,9046,8384,17430
202102,7호선,신대방삼거리,15396,13737,29133
202102,7호선,보라매,8661,8215,16876
202102,7호선,신풍,10859,10296,21155
202102,7호선,대림,9051,9146,18197
202102,7호선,남구로,15547,16083,31630
202102,7호선,가산디지털단지,41750,40413,82163
202102,7호선,철산,19852,20647,40499
202102,7호선,광명사거리,22092,22460,44552
202102,7호선,천왕,10228,9535,19763
202102,7호선,온수,9369,8510,17879
202102,7호선,까치울,6688,6514,13202
202102,7호선,부천종합운동장,3998,3536,7534
202102,7호선,춘의,8606,8464,17070
202102,7호선,신중동,13097,13025,26122
202102,7호선,부천시청,11658,11739,23397
202102,7호선,상동,11462,12028,23490
202102,7호선,삼산체육관,4273,3799,8072
202102,7호선,굴포천,8072,8619,16691
202102,7호선,부평구청,10513,8766,19279
202102,7호선,부평구청,3497,3360,6857
202102,7호선,굴포천,3247,3501,6748
202102,7호선,삼산체육관,1476,1543,3019
202102,7호선,상동,4529,4698,9227
202102,7호선,부천시청,4470,4453,8923
202102,7호선,신중동,4295,4009,8304
202102,7호선,춘의,2543,2481,5024
202102,7호선,부천종합운동장,1504,1428,2932
202102,7호선,까치울,2529,2656,5185
202102,7호선,온수,2888,2953,5841
202102,7호선,천왕,3740,3506,7246
202102,7호선,광명사거리,10464,10762,21226
202102,7호선,철산,7620,7815,15435
202102,7호선,가산디지털단지,8571,6893,15464
202102,7호선,남구로,5431,5295,10726
202102,7호선,대림,6228,6181,12409
202102,7호선,신풍,4433,4090,8523
202102,7호선,보라매,2933,2543,5476
202102,7호선,신대방삼거리,6274,5039,11313
202102,7호선,장승배기,3804,3394,7198
202102,7호선,상도,3845,3048,6893
202102,7호선,숭실대입구,4224,3659,7883
202102,7호선,남성,4154,3450,7604
202102,7호선,이수,5900,4990,10890
202102,7호선,내방,3896,3564,7460
202102,7호선,고속터미널,5887,7303,13190
202102,7호선,반포,2127,2096,4223
202102,7호선,논현,5141,5057,10198
202102,7호선,학동,3511,3100,6611
202102,7호선,강남구청,3484,3387,6871
202102,7호선,청담,4362,4389,8751
202102,7호선,뚝섬유원지,3489,3243,6732
202102,7호선,건대입구,4969,4405,9374
202102,7호선,어린이대공원,4483,3391,7874
202102,7호선,군자,5601,3711,9312
202102,7호선,중곡,3722,3406,7128
202102,7호선,용마산,2371,2465,4836
202102,7호선,사가정,6727,6403,13130
202102,7호선,면목,6135,6038,12173
202102,7호선,상봉,6980,6363,13343
202102,7호선,중화,4034,3922,7956
202102,7호선,먹골,3918,3631,7549
202102,7호선,태릉입구,3141,2776,5917
202102,7호선,공릉,4511,4213,8724
202102,7호선,하계,6082,5758,11840
202102,7호선,중계,4979,4470,9449
202102,7호선,노원,7041,7141,14182
202102,7호선,마들,4738,4490,9228
202102,7호선,수락산,5030,5071,10101
202102,7호선,도봉산,2877,4584,7461
202102,7호선,장암,667,434,1101
202102,7호선,장암,551,331,882
202102,7호선,도봉산,2638,3641,6279
202102,7호선,수락산,4215,3977,8192
202102,7호선,마들,3875,3713,7588
202102,7호선,노원,4717,4940,9657
202102,7호선,중계,4197,3851,8048
202102,7호선,하계,4629,4321,8950
202102,7호선,공릉,3368,3483,6851
202102,7호선,태릉입구,2361,2038,4399
202102,7호선,먹골,2905,2842,5747
202102,7호선,중화,3184,3068,6252
202102,7호선,상봉,4812,4636,9448
202102,7호선,면목,4551,4586,9137
202102,7호선,사가정,5220,5049,10269
202102,7호선,용마산,2049,2122,4171
202102,7호선,중곡,2648,2672,5320
202102,7호선,군자,3818,3090,6908
202102,7호선,어린이대공원,3093,3142,6235
202102,7호선,건대입구,3156,3173,6329
202102,7호선,뚝섬유원지,3366,3202,6568
202102,7호선,청담,2465,2564,5029
202102,7호선,강남구청,1692,1826,3518
202102,7호선,학동,1845,1880,3725
202102,7호선,논현,2559,2902,5461
202102,7호선,반포,961,854,1815
202102,7호선,고속터미널,6592,3466,10058
202102,7호선,내방,2225,2235,4460
202102,7호선,이수,3384,3220,6604
202102,7호선,남성,2764,2724,5488
202102,7호선,숭실대입구,2732,2989,5721
202102,7호선,상도,2336,2271,4607
202102,7호선,장승배기,2703,2635,5338
202102,7호선,신대방삼거리,4119,4142,8261
202102,7호선,보라매,2044,2026,4070
202102,7호선,신풍,3217,3176,6393
202102,7호선,대림,3782,3837,7619
202102,7호선,남구로,4237,4304,8541
202102,7호선,가산디지털단지,5937,5314,11251
202102,7호선,철산,5411,5519,10930
202102,7호선,광명사거리,6733,6527,13260
202102,7호선,천왕,2562,2451,5013
202102,7호선,온수,2183,2091,4274
202102,7호선,까치울,1946,1948,3894
202102,7호선,부천종합운동장,1264,1176,2440
202102,7호선,춘의,1984,1829,3813
202102,7호선,신중동,2980,3075,6055
202102,7호선,부천시청,2812,2787,5599
202102,7호선,상동,2853,2771,5624
202102,7호선,삼산체육관,1148,1044,2192
202102,7호선,굴포천,2475,2598,5073
202102,7호선,부평구청,2756,2354,5110
202102,7호선,군자,13230,10851,24081
202102,7호선,중곡,9019,8757,17776
202102,7호선,용마산,5461,5290,10751
202102,7호선,사가정,15259,15385,30644
202102,7호선,면목,13854,13772,27626
202102,7호선,상봉,15666,14742,30408
202102,7호선,중화,10098,10106,20204
202102,7호선,먹골,9377,9271,18648
202102,7호선,태릉입구,7404,6929,14333
202102,7호선,공릉,10424,10807,21231
202102,7호선,하계,15904,15280,31184
202102,7호선,중계,12732,11675,24407
202102,7호선,노원,19042,19854,38896
202102,7호선,마들,11422,11021,22443
202102,7호선,수락산,11364,11430,22794
202102,7호선,도봉산,8057,9179,17236
202102,7호선,장암,2172,759,2931
202102,7호선,부평구청,10605,8842,19447
202102,7호선,굴포천,8147,8619,16766
202102,7호선,삼산체육관,4381,3933,8314
202102,7호선,상동,11832,11969,23801
202102,7호선,부천시청,11746,11512,23258
202102,7호선,신중동,13398,13288,26686
202102,7호선,춘의,9175,8946,18121
202102,7호선,부천종합운동장,4184,3594,7778
202102,7호선,까치울,6623,6512,13135
202102,7호선,온수,9609,8876,18485
202102,7호선,천왕,10269,9762,20031
202102,7호선,광명사거리,20287,19945,40232
202102,7호선,철산,19850,20304,40154
202102,7호선,가산디지털단지,45249,44730,89979
202102,7호선,남구로,15464,16299,31763
202102,7호선,대림,7150,7017,14167
202102,7호선,신풍,10698,10250,20948
202102,7호선,보라매,8820,8864,17684
202102,7호선,신대방삼거리,14958,14843,29801
202102,7호선,장승배기,8826,8813,17639
202102,7호선,상도,9103,9273,18376
202102,7호선,숭실대입구,10678,11380,22058
202102,7호선,남성,9924,9654,19578
202102,7호선,이수,13970,13839,27809
202102,7호선,내방,13791,13943,27734
202102,7호선,고속터미널,17318,11973,29291
202102,7호선,반포,5194,4991,10185
202102,7호선,논현,19446,21027,40473
202102,7호선,학동,23206,24438,47644
202102,7호선,강남구청,14828,16116,30944
202102,7호선,청담,18033,19980,38013
202102,7호선,뚝섬유원지,6241,6247,12488
202102,7호선,건대입구,10485,11120,21605
202102,7호선,어린이대공원,10195,10487,20682
202102,7호선,부평구청,11041,9346,20387
202102,7호선,굴포천,8276,8940,17216
202102,7호선,삼산체육관,4536,4156,8692
202102,7호선,상동,12161,12457,24618
202102,7호선,부천시청,11852,11723,23575
202102,7호선,신중동,13909,13699,27608
202102,7호선,춘의,9473,9247,18720
202102,7호선,부천종합운동장,4270,3727,7997
202102,7호선,까치울,6876,6678,13554
202102,7호선,온수,9941,9234,19175
202102,7호선,천왕,10588,10069,20657
202102,7호선,광명사거리,20426,20356,40782
202102,7호선,철산,20178,20848,41026
202102,7호선,가산디지털단지,47708,47211,94919
202102,7호선,남구로,15661,16599,32260
202102,7호선,대림,7072,6987,14059
202102,7호선,신풍,11194,10843,22037
202102,7호선,보라매,9248,9190,18438
202102,7호선,신대방삼거리,15340,15122,30462
202102,7호선,장승배기,9082,8925,18007
202102,7호선,상도,9546,9488,19034
202102,7호선,숭실대입구,10966,11464,22430
202102,7호선,남성,10627,9895,20522
202102,7호선,이수,14549,14140,28689
202102,7호선,내방,14248,14487,28735
202102,7호선,고속터미널,14976,12273,27249
202102,7호선,반포,5386,5184,10570
202102,7호선,논현,20004,21688,41692
202102,7호선,학동,24509,25827,50336
202102,7호선,강남구청,15850,17400,33250
202102,7호선,청담,19294,21312,40606
202102,7호선,뚝섬유원지,6384,6379,12763
202102,7호선,건대입구,11140,11365,22505
202102,7호선,어린이대공원,10755,10673,21428
202102,7호선,군자,13764,11303,25067
202102,7호선,중곡,9441,9041,18482
202102,7호선,용마산,5612,5397,11009
202102,7호선,사가정,15324,15589,30913
202102,7호선,면목,14233,14041,28274
202102,7호선,상봉,16111,14966,31077
202102,7호선,중화,10434,10372,20806
202102,7호선,먹골,9509,9522,19031
202102,7호선,태릉입구,7419,6877,14296
202102,7호선,공릉,10551,10872,21423
202102,7호선,하계,16226,15548,31774
202102,7호선,중계,13081,12109,25190
202102,7호선,노원,18683,19403,38086
202102,7호선,마들,11521,11133,22654
202102,7호선,수락산,11578,11702,23280
202102,7호선,도봉산,8412,9536,17948
202102,7호선,장암,2153,796,2949
202102,7호선,장암,2124,707,2831
202102,7호선,도봉산,8022,9217,17239
202102,7호선,수락산,11345,11405,22750
202102,7호선,마들,11374,11008,22382
202102,7호선,노원,18126,18762,36888
202102,7호선,중계,12825,11757,24582
202102,7호선,하계,16034,15501,31535
202102,7호선,공릉,10329,10411,20740
202102,7호선,태릉입구,7495,6939,14434
202102,7호선,먹골,9329,9204,18533
202102,7호선,중화,10226,10192,20418
202102,7호선,상봉,15571,14596,30167
202102,7호선,면목,13960,13901,27861
202102,7호선,사가정,15089,15294,30383
202102,7호선,용마산,5665,5459,11124
202102,7호선,중곡,9295,8746,18041
202102,7호선,군자,13499,10896,24395
202102,7호선,어린이대공원,10508,10426,20934
202102,7호선,건대입구,11212,11373,22585
202102,7호선,뚝섬유원지,6245,6156,12401
202102,7호선,청담,19042,21194,40236
202102,7호선,강남구청,15952,17249,33201
202102,7호선,학동,24225,25672,49897
202102,7호선,논현,19776,21383,41159
202102,7호선,반포,5335,5192,10527
202102,7호선,고속터미널,13917,11856,25773
202102,7호선,내방,13939,14337,28276
202102,7호선,이수,14315,14100,28415
202102,7호선,남성,10451,9769,20220
202102,7호선,숭실대입구,10707,11092,21799
202102,7호선,상도,9465,9355,18820
202102,7호선,장승배기,9029,8828,17857
202102,7호선,신대방삼거리,15155,14828,29983
202102,7호선,보라매,8964,8934,17898
202102,7호선,신풍,10728,10465,21193
202102,7호선,대림,6951,6795,13746
202102,7호선,남구로,15594,16580,32174
202102,7호선,가산디지털단지,47022,46503,93525
202102,7호선,철산,19755,20325,40080
202102,7호선,광명사거리,20218,20039,40257
202102,7호선,천왕,10398,9824,20222
202102,7호선,온수,9815,8952,18767
202102,7호선,까치울,6653,6551,13204
202102,7호선,부천종합운동장,4196,3582,7778
202102,7호선,춘의,9397,9290,18687
202102,7호선,신중동,13703,13457,27160
202102,7호선,부천시청,11693,11556,23249
202102,7호선,상동,11879,12254,24133
202102,7호선,삼산체육관,4426,4069,8495
202102,7호선,굴포천,8145,8659,16804
202102,7호선,부평구청,11184,9238,20422
202102,7호선,부평구청,11227,9305,20532
202102,7호선,굴포천,8062,8690,16752
202102,7호선,삼산체육관,4527,4120,8647
202102,7호선,상동,11790,12128,23918
202102,7호선,부천시청,11663,11650,23313
202102,7호선,신중동,13555,13301,26856
202102,7호선,춘의,9306,9090,18396
202102,7호선,부천종합운동장,4148,3666,7814
202102,7호선,까치울,6875,6640,13515
202102,7호선,온수,9923,9050,18973
202102,7호선,천왕,10445,9829,20274
202102,7호선,광명사거리,20438,20404,40842
202102,7호선,철산,19804,20372,40176
202102,7호선,가산디지털단지,46836,46716,93552
202102,7호선,남구로,15476,16435,31911
202102,7호선,대림,6717,6662,13379
202102,7호선,신풍,10987,10472,21459
202102,7호선,보라매,9347,9229,18576
202102,7호선,신대방삼거리,15180,14790,29970
202102,7호선,장승배기,8982,8789,17771
202102,7호선,상도,9446,9234,18680
202102,7호선,숭실대입구,10987,11253,22240
202102,7호선,남성,10504,9788,20292
202102,7호선,이수,14572,14158,28730
202102,7호선,내방,13934,14297,28231
202102,7호선,고속터미널,14202,12063,26265
202102,7호선,반포,5389,5216,10605
202102,7호선,논현,19781,21276,41057
202102,7호선,학동,23858,25415,49273
202102,7호선,강남구청,15791,17411,33202
202102,7호선,청담,19099,21141,40240
202102,7호선,뚝섬유원지,6708,6634,13342
202102,7호선,건대입구,11049,11257,22306
202102,7호선,어린이대공원,10913,10778,21691
202102,7호선,군자,13846,11307,25153
202102,7호선,중곡,9509,8998,18507
202102,7호선,용마산,5734,5457,11191
202102,7호선,사가정,15260,15403,30663
202102,7호선,면목,14369,14162,28531
202102,7호선,상봉,15953,15073,31026
202102,7호선,중화,10257,10228,20485
202102,7호선,먹골,9399,9340,18739
202102,7호선,태릉입구,7653,7038,14691
202102,7호선,공릉,10532,10671,21203
202102,7호선,하계,16187,15330,31517
202102,7호선,중계,13079,11975,25054
202102,7호선,노원,18099,18864,36963
202102,7호선,마들,11518,11186,22704
202102,7호선,수락산,11411,11405,22816
202102,7호선,도봉산,8171,9401,17572
202102,7호선,장암,2089,821,2910
202102,7호선,면목,14726,14600,29326
202102,7호선,사가정,16155,16041,32196
202102,7호선,용마산,5957,5618,11575
202102,7호선,중곡,9589,9082,18671
202102,7호선,군자,14511,11572,26083
202102,7호선,어린이대공원,11971,11982,23953
202102,7호선,건대입구,11843,12310,24153
202102,7호선,뚝섬유원지,7174,7024,14198
202102,7호선,청담,19445,21586,41031
202102,7호선,강남구청,16407,17979,34386
202102,7호선,학동,24231,25860,50091
202102,7호선,논현,20599,22357,42956
202102,7호선,반포,5665,5281,10946
202102,7호선,고속터미널,15801,13139,28940
202102,7호선,내방,14304,14638,28942
202102,7호선,이수,15479,15152,30631
202102,7호선,남성,10883,10050,20933
202102,7호선,숭실대입구,11558,11788,23346
202102,7호선,상도,9877,9750,19627
202102,7호선,장승배기,9415,9061,18476
202102,7호선,신대방삼거리,16002,15350,31352
202102,7호선,보라매,9680,9558,19238
202102,7호선,신풍,11245,10862,22107
202102,7호선,대림,7122,7230,14352
202102,7호선,남구로,15518,16567,32085
202102,7호선,가산디지털단지,46897,46724,93621
202102,7호선,철산,21142,21877,43019
202102,7호선,광명사거리,21700,21599,43299
202102,7호선,천왕,10954,10210,21164
202102,7호선,온수,10035,9243,19278
202102,7호선,까치울,7153,6875,14028
202102,7호선,부천종합운동장,4445,3812,8257
202102,7호선,춘의,9570,9259,18829
202102,7호선,신중동,14323,14281,28604
202102,7호선,부천시청,12258,12178,24436
202102,7호선,상동,12457,12898,25355
202102,7호선,삼산체육관,4692,4253,8945
202102,7호선,굴포천,8479,9086,17565
202102,7호선,부평구청,11402,9308,20710
202102,7호선,상봉,16951,15978,32929
202102,7호선,중화,10632,10345,20977
202102,7호선,먹골,9848,9669,19517
202102,7호선,태릉입구,8094,7730,15824
202102,7호선,공릉,11114,11211,22325
202102,7호선,하계,16509,15625,32134
202102,7호선,중계,13482,12005,25487
202102,7호선,노원,19664,20861,40525
202102,7호선,마들,12010,11523,23533
202102,7호선,수락산,12050,11857,23907
202102,7호선,도봉산,8514,9831,18345
202102,7호선,장암,2260,877,3137
202102,7호선,장암,2301,822,3123
202102,7호선,도봉산,8544,9902,18446
202102,7호선,수락산,12037,11919,23956
202102,7호선,마들,11867,11443,23310
202102,7호선,노원,19346,20520,39866
202102,7호선,중계,13348,12330,25678
202102,7호선,하계,16393,15621,32014
202102,7호선,공릉,11007,11005,22012
202102,7호선,태릉입구,7748,7298,15046
202102,7호선,먹골,9632,9459,19091
202102,7호선,중화,10618,10447,21065
202102,7호선,상봉,16568,15342,31910
202102,7호선,면목,14662,14453,29115
202102,7호선,사가정,15885,16146,32031
202102,7호선,용마산,5811,5604,11415
202102,7호선,중곡,9673,9087,18760
202102,7호선,군자,13976,11323,25299
202102,7호선,어린이대공원,11530,11536,23066
202102,7호선,건대입구,11356,11452,22808
202102,7호선,뚝섬유원지,7826,7664,15490
202102,7호선,청담,18957,21200,40157
202102,7호선,강남구청,15666,17033,32699
202102,7호선,학동,24222,25744,49966
202102,7호선,논현,20385,22037,42422
202102,7호선,반포,5373,5179,10552
202102,7호선,고속터미널,14818,12324,27142
202102,7호선,내방,14245,14331,28576
202102,7호선,이수,14862,14406,29268
202102,7호선,남성,10648,9982,20630
202102,7호선,숭실대입구,11083,11393,22476
202102,7호선,상도,9614,9523,19137
202102,7호선,장승배기,9285,9051,18336
202102,7호선,신대방삼거리,15573,15224,30797
202102,7호선,보라매,9532,9531,19063
202102,7호선,신풍,11241,10944,22185
202102,7호선,대림,7581,7314,14895
202102,7호선,남구로,16148,17125,33273
202102,7호선,가산디지털단지,47813,47777,95590
202102,7호선,철산,20872,21191,42063
202102,7호선,광명사거리,21425,21103,42528
202102,7호선,천왕,11004,10343,21347
202102,7호선,온수,10068,9355,19423
202102,7호선,까치울,7087,6918,14005
202102,7호선,부천종합운동장,4484,3835,8319
202102,7호선,춘의,9467,9341,18808
202102,7호선,신중동,13958,13675,27633
202102,7호선,부천시청,11854,11740,23594
202102,7호선,상동,12064,12481,24545
202102,7호선,삼산체육관,4618,4226,8844
202102,7호선,굴포천,8211,8758,16969
202102,7호선,부평구청,11471,9559,21030
202102,7호선,부평구청,11442,9477,20919
202102,7호선,굴포천,8308,8890,17198
202102,7호선,삼산체육관,4724,4340,9064
202102,7호선,상동,12386,12659,25045
202102,7호선,부천시청,12145,11927,24072
202102,7호선,신중동,14018,13657,27675
202102,7호선,춘의,9503,9402,18905
202102,7호선,부천종합운동장,4490,3916,8406
202102,7호선,까치울,7127,6835,13962
202102,7호선,온수,10127,9325,19452
202102,7호선,천왕,10867,10321,21188
202102,7호선,광명사거리,21538,21191,42729
202102,7호선,철산,20511,21121,41632
202102,7호선,가산디지털단지,47764,47720,95484
202102,7호선,남구로,16051,17062,33113
202102,7호선,대림,7341,7298,14639
202102,7호선,신풍,11388,10889,22277
202102,7호선,보라매,9533,9555,19088
202102,7호선,신대방삼거리,15948,15393,31341
202102,7호선,장승배기,9344,9167,18511
202102,7호선,숭실대입구,11049,11504,22553
202102,7호선,남성,10758,10038,20796
202102,7호선,이수,15034,14646,29680
202102,7호선,내방,14376,14760,29136
202102,7호선,고속터미널,14421,12176,26597
202102,7호선,반포,5409,5212,10621
202102,7호선,논현,20540,22065,42605
202102,7호선,학동,24491,25981,50472
202102,7호선,강남구청,16209,17558,33767
202102,7호선,청담,19377,21686,41063
202102,7호선,뚝섬유원지,7127,6918,14045
202102,7호선,건대입구,11386,11657,23043
202102,7호선,어린이대공원,11382,11296,22678
202102,7호선,군자,14112,11487,25599
202102,7호선,중곡,9584,9063,18647
202102,7호선,용마산,5859,5668,11527
202102,7호선,사가정,15864,15865,31729
202102,7호선,면목,14710,14582,29292
202102,7호선,상봉,16790,15432,32222
202102,7호선,중화,10702,10533,21235
202102,7호선,먹골,9768,9651,19419
202102,7호선,태릉입구,7743,7104,14847
202102,7호선,공릉,10865,11059,21924
202102,7호선,하계,16515,15797,32312
202102,7호선,중계,13303,12141,25444
202102,7호선,노원,18896,20124,39020
202102,7호선,마들,11749,11273,23022
202102,7호선,수락산,12051,11883,23934
202102,7호선,도봉산,8570,9886,18456
202102,7호선,장암,2312,870,3182
202102,7호선,상도,9803,9769,19572
202102,7호선,반포,5644,5372,11016
202102,7호선,부평구청,11546,9568,21114
202102,7호선,굴포천,8406,8867,17273
202102,7호선,삼산체육관,4608,4280,8888
202102,7호선,상동,12396,12711,25107
202102,7호선,부천시청,12016,11930,23946
202102,7호선,신중동,14083,13990,28073
202102,7호선,춘의,9652,9397,19049
202102,7호선,부천종합운동장,4484,3989,8473
202102,7호선,까치울,7271,7041,14312
202102,7호선,온수,10142,9399,19541
202102,7호선,천왕,11105,10456,21561
202102,7호선,광명사거리,21877,21597,43474
202102,7호선,철산,21006,21457,42463
202102,7호선,가산디지털단지,47614,47528,95142
202102,7호선,남구로,16007,16988,32995
202102,7호선,대림,7399,7309,14708
202102,7호선,신풍,11385,10951,22336
202102,7호선,보라매,9623,9701,19324
202102,7호선,신대방삼거리,16017,15563,31580
202102,7호선,장승배기,9443,9240,18683
202102,7호선,상도,9969,9842,19811
202102,7호선,숭실대입구,11180,11427,22607
202102,7호선,남성,11015,10277,21292
202102,7호선,이수,15297,14948,30245
202102,7호선,내방,14412,14779,29191
202102,7호선,고속터미널,14426,12290,26716
202102,7호선,논현,20476,22020,42496
202102,7호선,학동,24236,25855,50091
202102,7호선,강남구청,16239,17740,33979
202102,7호선,청담,19765,21876,41641
202102,7호선,뚝섬유원지,7557,7300,14857
202102,7호선,건대입구,11369,11621,22990
202102,7호선,어린이대공원,11367,11176,22543
202102,7호선,군자,14032,11363,25395
202102,7호선,중곡,9686,9145,18831
202102,7호선,용마산,5945,5691,11636
202102,7호선,사가정,15967,16150,32117
202102,7호선,면목,14748,14571,29319
202102,7호선,상봉,16663,15586,32249
202102,7호선,중화,10664,10508,21172
202102,7호선,먹골,9693,9697,19390
202102,7호선,태릉입구,7888,7394,15282
202102,7호선,공릉,11669,11786,23455
202102,7호선,하계,17184,16517,33701
202102,7호선,중계,13519,12427,25946
202102,7호선,노원,18891,19839,38730
202102,7호선,마들,11947,11478,23425
202102,7호선,수락산,12135,12156,24291
202102,7호선,도봉산,8745,10200,18945
202102,7호선,장암,2271,851,3122
202102,7호선,장암,2217,839,3056
202102,7호선,도봉산,8472,9878,18350
202102,7호선,수락산,12179,11995,24174
202102,7호선,마들,12169,11559,23728
202102,7호선,노원,18589,19954,38543
202102,7호선,중계,13403,11996,25399
202102,7호선,하계,16800,15936,32736
202102,7호선,공릉,11121,11125,22246
202102,7호선,태릉입구,7766,7256,15022
202102,7호선,먹골,9782,9591,19373
202102,7호선,중화,10725,10466,21191
202102,7호선,상봉,16740,15345,32085
202102,7호선,면목,14623,14436,29059
202102,7호선,사가정,15865,15946,31811
202102,7호선,용마산,5966,5629,11595
202102,7호선,중곡,9508,9117,18625
202102,7호선,군자,14187,11367,25554
202102,7호선,어린이대공원,11198,10954,22152
202102,7호선,건대입구,11253,11770,23023
202102,7호선,뚝섬유원지,7662,7643,15305
202102,7호선,청담,19393,21575,40968
202102,7호선,강남구청,16385,17876,34261
202102,7호선,학동,24037,25542,49579
202102,7호선,논현,20622,21911,42533
202102,7호선,반포,5613,5370,10983
202102,7호선,고속터미널,14270,12282,26552
202102,7호선,내방,14370,14624,28994
202102,7호선,이수,15157,14727,29884
202102,7호선,남성,10865,10150,21015
202102,7호선,숭실대입구,11126,11339,22465
202102,7호선,상도,9849,9655,19504
202102,7호선,장승배기,9453,9139,18592
202102,7호선,신대방삼거리,15922,15425,31347
202102,7호선,보라매,9287,9309,18596
202102,7호선,신풍,11309,10753,22062
202102,7호선,대림,7179,7206,14385
202102,7호선,남구로,15929,16917,32846
202102,7호선,가산디지털단지,47121,47455,94576
202102,7호선,철산,20920,21220,42140
202102,7호선,광명사거리,21654,21619,43273
202102,7호선,천왕,10903,10291,21194
202102,7호선,온수,10136,9328,19464
202102,7호선,까치울,7240,6957,14197
202102,7호선,부천종합운동장,4458,3854,8312
202102,7호선,춘의,9445,9223,18668
202102,7호선,신중동,13889,13554,27443
202102,7호선,부천시청,11957,11837,23794
202102,7호선,상동,12144,12608,24752
202102,7호선,삼산체육관,4644,4214,8858
202102,7호선,굴포천,8419,8991,17410
202102,7호선,부평구청,11555,9548,21103
202102,7호선,장암,2219,871,3090
202102,7호선,도봉산,8911,10574,19485
202102,7호선,수락산,12689,12492,25181
202102,7호선,마들,12372,11602,23974
202102,7호선,노원,20181,21571,41752
202102,7호선,중계,13681,12219,25900
202102,7호선,하계,17117,16024,33141
202102,7호선,공릉,11673,11729,23402
202102,7호선,태릉입구,8022,7480,15502
202102,7호선,먹골,10057,9857,19914
202102,7호선,중화,10962,10557,21519
202102,7호선,상봉,17199,15822,33021
202102,7호선,면목,15223,14769,29992
202102,7호선,사가정,16256,16281,32537
202102,7호선,용마산,6072,5796,11868
202102,7호선,중곡,9877,9386,19263
202102,7호선,군자,14788,11604,26392
202102,7호선,어린이대공원,11634,11428,23062
202102,7호선,건대입구,12034,12531,24565
202102,7호선,뚝섬유원지,9297,8952,18249
202102,7호선,청담,19596,21865,41461
202102,7호선,강남구청,16326,18161,34487
202102,7호선,학동,23781,25729,49510
202102,7호선,논현,21136,22737,43873
202102,7호선,반포,5927,5692,11619
202102,7호선,고속터미널,16458,13590,30048
202102,7호선,내방,14498,14965,29463
202102,7호선,이수,16015,15479,31494
202102,7호선,남성,11082,10019,21101
202102,7호선,숭실대입구,11530,11709,23239
202102,7호선,상도,10184,9681,19865
202102,7호선,장승배기,9617,9233,18850
202102,7호선,신대방삼거리,15992,15259,31251
202102,7호선,보라매,9707,9497,19204
202102,7호선,신풍,11470,10814,22284
202102,7호선,대림,7609,7787,15396
202102,7호선,남구로,15670,16885,32555
202102,7호선,가산디지털단지,47218,46891,94109
202102,7호선,철산,21324,22136,43460
202102,7호선,광명사거리,22217,22185,44402
202102,7호선,천왕,11131,10436,21567
202102,7호선,온수,10301,9396,19697
202102,7호선,까치울,7495,7167,14662
202102,7호선,부천종합운동장,4530,4080,8610
202102,7호선,춘의,9604,9290,18894
202102,7호선,신중동,14196,14350,28546
202102,7호선,부천시청,12559,12442,25001
202102,7호선,상동,12634,13218,25852
202102,7호선,삼산체육관,4986,4604,9590
202102,7호선,굴포천,8703,9230,17933
202102,7호선,부평구청,11672,9563,21235
202103,7호선,신풍,4593,4575,9168
202103,7호선,장암,652,354,1006
202103,7호선,도봉산,3082,3761,6843
202103,7호선,수락산,5225,5084,10309
202103,7호선,마들,4807,4626,9433
202103,7호선,노원,8873,8867,17740
202103,7호선,중계,5130,4748,9878
202103,7호선,하계,6818,6808,13626
202103,7호선,공릉,5038,5202,10240
202103,7호선,태릉입구,3405,3259,6664
202103,7호선,먹골,4288,4446,8734
202103,7호선,중화,4470,4527,8997
202103,7호선,상봉,7492,7130,14622
202103,7호선,면목,6485,6605,13090
202103,7호선,사가정,7085,7217,14302
202103,7호선,용마산,2530,2480,5010
202103,7호선,중곡,3737,3939,7676
202103,7호선,군자,5948,4912,10860
202103,7호선,어린이대공원,4976,4984,9960
202103,7호선,건대입구,6411,6642,13053
202103,7호선,뚝섬유원지,2818,2756,5574
202103,7호선,청담,5368,5703,11071
202103,7호선,강남구청,4402,4775,9177
202103,7호선,학동,5141,5468,10609
202103,7호선,논현,5443,5836,11279
202103,7호선,반포,2504,2435,4939
202103,7호선,고속터미널,10359,5911,16270
202103,7호선,내방,4201,4510,8711
202103,7호선,이수,6053,5925,11978
202103,7호선,남성,4343,4448,8791
202103,7호선,숭실대입구,4446,4800,9246
202103,7호선,상도,3916,3976,7892
202103,7호선,장승배기,3885,3888,7773
202103,7호선,신대방삼거리,5911,6148,12059
202103,7호선,보라매,3060,3095,6155
202103,7호선,대림,4578,4263,8841
202103,7호선,남구로,5561,5598,11159
202103,7호선,가산디지털단지,8676,8085,16761
202103,7호선,철산,7799,7908,15707
202103,7호선,광명사거리,9389,9330,18719
202103,7호선,천왕,3591,3440,7031
202103,7호선,온수,3108,3081,6189
202103,7호선,까치울,2681,2712,5393
202103,7호선,부천종합운동장,1627,1429,3056
202103,7호선,춘의,2779,2820,5599
202103,7호선,신중동,5193,5203,10396
202103,7호선,부천시청,5288,5241,10529
202103,7호선,상동,5198,5048,10246
202103,7호선,삼산체육관,1714,1548,3262
202103,7호선,굴포천,3499,3574,7073
202103,7호선,부평구청,3835,3382,7217
202103,7호선,부평구청,11725,9739,21464
202103,7호선,굴포천,8451,9186,17637
202103,7호선,삼산체육관,4788,4329,9117
202103,7호선,상동,12155,12638,24793
202103,7호선,부천시청,12056,11925,23981
202103,7호선,신중동,13818,13555,27373
202103,7호선,춘의,9631,9418,19049
202103,7호선,부천종합운동장,4471,3856,8327
202103,7호선,까치울,7206,6979,14185
202103,7호선,온수,11485,10411,21896
202103,7호선,천왕,11250,10745,21995
202103,7호선,광명사거리,21894,21492,43386
202103,7호선,철산,20824,21160,41984
202103,7호선,가산디지털단지,47565,47932,95497
202103,7호선,남구로,16099,17095,33194
202103,7호선,대림,7525,7482,15007
202103,7호선,신풍,11597,10999,22596
202103,7호선,보라매,9963,9968,19931
202103,7호선,신대방삼거리,15959,15670,31629
202103,7호선,장승배기,9631,9421,19052
202103,7호선,상도,9758,9690,19448
202103,7호선,숭실대입구,11740,12159,23899
202103,7호선,남성,11013,10217,21230
202103,7호선,이수,15021,14621,29642
202103,7호선,내방,14333,14592,28925
202103,7호선,고속터미널,14547,12269,26816
202103,7호선,반포,5552,5415,10967
202103,7호선,논현,20084,21709,41793
202103,7호선,학동,24264,25742,50006
202103,7호선,강남구청,16294,17678,33972
202103,7호선,청담,19432,21710,41142
202103,7호선,뚝섬유원지,7131,6962,14093
202103,7호선,건대입구,11339,11739,23078
202103,7호선,어린이대공원,12184,12223,24407
202103,7호선,군자,14244,11546,25790
202103,7호선,중곡,10189,9343,19532
202103,7호선,용마산,6008,5748,11756
202103,7호선,사가정,16023,16248,32271
202103,7호선,면목,14785,14709,29494
202103,7호선,상봉,16536,15392,31928
202103,7호선,중화,10956,10839,21795
202103,7호선,먹골,9881,9741,19622
202103,7호선,태릉입구,7847,7257,15104
202103,7호선,공릉,11648,11769,23417
202103,7호선,하계,16998,16384,33382
202103,7호선,중계,14040,12897,26937
202103,7호선,노원,19480,20515,39995
202103,7호선,마들,12159,11752,23911
202103,7호선,수락산,12095,12021,24116
202103,7호선,도봉산,8588,9991,18579
202103,7호선,장암,2202,793,2995
202103,7호선,장암,2226,822,3048
202103,7호선,도봉산,8855,10488,19343
202103,7호선,수락산,12484,12380,24864
202103,7호선,마들,12301,11742,24043
202103,7호선,노원,19199,20378,39577
202103,7호선,중계,14306,12961,27267
202103,7호선,하계,17628,17020,34648
202103,7호선,공릉,11611,11639,23250
202103,7호선,태릉입구,7989,7423,15412
202103,7호선,먹골,9922,9709,19631
202103,7호선,중화,11016,10890,21906
202103,7호선,상봉,16800,15711,32511
202103,7호선,면목,15301,15065,30366
202103,7호선,사가정,16382,16512,32894
202103,7호선,용마산,5998,5894,11892
202103,7호선,중곡,10116,9522,19638
202103,7호선,군자,14719,11753,26472
202103,7호선,어린이대공원,12243,12151,24394
202103,7호선,건대입구,11668,11812,23480
202103,7호선,뚝섬유원지,7489,7430,14919
202103,7호선,청담,19824,22167,41991
202103,7호선,강남구청,16560,18117,34677
202103,7호선,학동,24532,26162,50694
202103,7호선,논현,20680,22058,42738
202103,7호선,반포,5827,5547,11374
202103,7호선,고속터미널,13818,12268,26086
202103,7호선,내방,14524,14900,29424
202103,7호선,이수,15274,14953,30227
202103,7호선,남성,11173,10419,21592
202103,7호선,숭실대입구,11951,12355,24306
202103,7호선,상도,10154,9865,20019
202103,7호선,장승배기,9659,9336,18995
202103,7호선,신대방삼거리,16168,15708,31876
202103,7호선,보라매,9921,9892,19813
202103,7호선,신풍,11707,11233,22940
202103,7호선,대림,7592,7543,15135
202103,7호선,남구로,16322,17312,33634
202103,7호선,가산디지털단지,48228,48163,96391
202103,7호선,철산,21288,21748,43036
202103,7호선,광명사거리,22118,21823,43941
202103,7호선,천왕,11493,10980,22473
202103,7호선,온수,11340,10478,21818
202103,7호선,까치울,7546,7281,14827
202103,7호선,부천종합운동장,4540,3967,8507
202103,7호선,춘의,9854,9735,19589
202103,7호선,신중동,14319,14172,28491
202103,7호선,부천시청,12149,12204,24353
202103,7호선,상동,12366,12835,25201
202103,7호선,삼산체육관,4854,4348,9202
202103,7호선,굴포천,8544,9162,17706
202103,7호선,부평구청,11840,9874,21714
202103,7호선,장암,2175,827,3002
202103,7호선,도봉산,8842,10278,19120
202103,7호선,수락산,12283,12308,24591
202103,7호선,마들,12159,11639,23798
202103,7호선,노원,18647,20000,38647
202103,7호선,중계,14053,12748,26801
202103,7호선,하계,17346,16303,33649
202103,7호선,공릉,11569,11582,23151
202103,7호선,태릉입구,7828,7433,15261
202103,7호선,먹골,9700,9485,19185
202103,7호선,중화,10788,10692,21480
202103,7호선,상봉,16681,15663,32344
202103,7호선,면목,14994,14665,29659
202103,7호선,사가정,16119,16248,32367
202103,7호선,용마산,6018,5890,11908
202103,7호선,중곡,9998,9322,19320
202103,7호선,군자,14481,11571,26052
202103,7호선,어린이대공원,12104,12096,24200
202103,7호선,건대입구,11536,11932,23468
202103,7호선,뚝섬유원지,7629,7553,15182
202103,7호선,청담,19763,22074,41837
202103,7호선,강남구청,16453,18191,34644
202103,7호선,학동,24369,26069,50438
202103,7호선,논현,20594,22079,42673
202103,7호선,반포,5781,5578,11359
202103,7호선,고속터미널,14215,12432,26647
202103,7호선,내방,14233,14508,28741
202103,7호선,이수,15262,14893,30155
202103,7호선,남성,11029,10230,21259
202103,7호선,숭실대입구,12192,12325,24517
202103,7호선,상도,10104,9816,19920
202103,7호선,장승배기,9417,9164,18581
202103,7호선,신대방삼거리,16000,15631,31631
202103,7호선,보라매,9868,9853,19721
202103,7호선,신풍,11536,11038,22574
202103,7호선,대림,7376,7295,14671
202103,7호선,남구로,16050,17098,33148
202103,7호선,가산디지털단지,48021,48473,96494
202103,7호선,철산,20879,21283,42162
202103,7호선,광명사거리,22091,21812,43903
202103,7호선,천왕,11351,10751,22102
202103,7호선,온수,11269,10288,21557
202103,7호선,까치울,7426,7236,14662
202103,7호선,부천종합운동장,4484,3903,8387
202103,7호선,춘의,9513,9478,18991
202103,7호선,신중동,13992,13858,27850
202103,7호선,부천시청,12108,11909,24017
202103,7호선,상동,12236,12777,25013
202103,7호선,삼산체육관,4863,4375,9238
202103,7호선,굴포천,8349,8973,17322
202103,7호선,부평구청,11816,9769,21585
202103,7호선,부평구청,12044,10045,22089
202103,7호선,굴포천,8846,9451,18297
202103,7호선,삼산체육관,5035,4547,9582
202103,7호선,상동,12893,13506,26399
202103,7호선,부천시청,12874,12996,25870
202103,7호선,신중동,14729,14830,29559
202103,7호선,춘의,9839,9561,19400
202103,7호선,부천종합운동장,4671,4089,8760
202103,7호선,까치울,7754,7555,15309
202103,7호선,온수,11330,10279,21609
202103,7호선,천왕,11606,10956,22562
202103,7호선,광명사거리,22921,22643,45564
202103,7호선,철산,21834,22720,44554
202103,7호선,가산디지털단지,48591,48457,97048
202103,7호선,남구로,16202,17216,33418
202103,7호선,대림,7692,7882,15574
202103,7호선,신풍,12018,11506,23524
202103,7호선,보라매,10284,10102,20386
202103,7호선,신대방삼거리,16406,15908,32314
202103,7호선,장승배기,9733,9423,19156
202103,7호선,상도,10480,10210,20690
202103,7호선,숭실대입구,12825,12796,25621
202103,7호선,남성,11433,10300,21733
202103,7호선,이수,16284,15884,32168
202103,7호선,내방,14734,15169,29903
202103,7호선,고속터미널,16256,13598,29854
202103,7호선,반포,6047,5774,11821
202103,7호선,논현,21405,23047,44452
202103,7호선,학동,24592,26316,50908
202103,7호선,강남구청,17042,18809,35851
202103,7호선,청담,20101,22707,42808
202103,7호선,뚝섬유원지,9640,9381,19021
202103,7호선,건대입구,12496,12856,25352
202103,7호선,어린이대공원,13035,12858,25893
202103,7호선,군자,15100,11919,27019
202103,7호선,중곡,10318,9513,19831
202103,7호선,용마산,6250,5948,12198
202103,7호선,사가정,16798,16761,33559
202103,7호선,면목,15584,15249,30833
202103,7호선,상봉,17598,16590,34188
202103,7호선,중화,11351,11083,22434
202103,7호선,먹골,10195,9932,20127
202103,7호선,태릉입구,8359,7848,16207
202103,7호선,공릉,12324,12122,24446
202103,7호선,하계,17611,16531,34142
202103,7호선,중계,14132,12726,26858
202103,7호선,노원,20170,21898,42068
202103,7호선,마들,12602,11958,24560
202103,7호선,수락산,12811,12592,25403
202103,7호선,도봉산,9142,10685,19827
202103,7호선,장암,2287,975,3262
202103,7호선,장암,2346,921,3267
202103,7호선,도봉산,8894,10517,19411
202103,7호선,수락산,12398,12261,24659
202103,7호선,마들,12204,11690,23894
202103,7호선,노원,18519,19525,38044
202103,7호선,중계,13951,12919,26870
202103,7호선,하계,17067,16284,33351
202103,7호선,공릉,11580,11637,23217
202103,7호선,태릉입구,7831,7470,15301
202103,7호선,먹골,9714,9477,19191
202103,7호선,중화,10810,10727,21537
202103,7호선,상봉,16707,15605,32312
202103,7호선,면목,15638,15362,31000
202103,7호선,사가정,16293,16181,32474
202103,7호선,용마산,6001,5806,11807
202103,7호선,중곡,9987,9155,19142
202103,7호선,군자,14092,11404,25496
202103,7호선,어린이대공원,12025,12069,24094
202103,7호선,건대입구,11118,11588,22706
202103,7호선,뚝섬유원지,7655,7554,15209
202103,7호선,청담,19360,21611,40971
202103,7호선,강남구청,15717,17185,32902
202103,7호선,학동,24622,26078,50700
202103,7호선,논현,20705,22074,42779
202103,7호선,반포,5541,5442,10983
202103,7호선,고속터미널,14845,12580,27425
202103,7호선,내방,14293,14503,28796
202103,7호선,이수,14994,14589,29583
202103,7호선,남성,10868,10211,21079
202103,7호선,숭실대입구,12202,12591,24793
202103,7호선,상도,10074,10077,20151
202103,7호선,장승배기,9569,9289,18858
202103,7호선,신대방삼거리,15922,15349,31271
202103,7호선,보라매,9777,9842,19619
202103,7호선,신풍,11640,11148,22788
202103,7호선,대림,7841,7720,15561
202103,7호선,남구로,16472,17334,33806
202103,7호선,가산디지털단지,48455,48558,97013
202103,7호선,철산,21004,21374,42378
202103,7호선,광명사거리,22080,21573,43653
202103,7호선,천왕,11511,10982,22493
202103,7호선,온수,11150,10262,21412
202103,7호선,까치울,7496,7166,14662
202103,7호선,부천종합운동장,4675,4026,8701
202103,7호선,춘의,9698,9548,19246
202103,7호선,신중동,13696,13546,27242
202103,7호선,부천시청,12070,11849,23919
202103,7호선,상동,12093,12590,24683
202103,7호선,삼산체육관,4858,4362,9220
202103,7호선,굴포천,8467,9064,17531
202103,7호선,부평구청,11667,9637,21304
202103,7호선,반포,5742,5459,11201
202103,7호선,장암,2379,901,3280
202103,7호선,도봉산,9128,10703,19831
202103,7호선,수락산,12552,12514,25066
202103,7호선,마들,12337,11937,24274
202103,7호선,노원,19234,20462,39696
202103,7호선,중계,14278,13041,27319
202103,7호선,하계,17408,16596,34004
202103,7호선,공릉,11729,11676,23405
202103,7호선,태릉입구,8136,7614,15750
202103,7호선,먹골,9903,9697,19600
202103,7호선,중화,11015,10850,21865
202103,7호선,상봉,16941,15599,32540
202103,7호선,면목,15869,15651,31520
202103,7호선,사가정,16326,16492,32818
202103,7호선,용마산,6057,5915,11972
202103,7호선,중곡,9974,9279,19253
202103,7호선,군자,14385,11677,26062
202103,7호선,어린이대공원,12254,12244,24498
202103,7호선,건대입구,11484,11989,23473
202103,7호선,뚝섬유원지,7815,7681,15496
202103,7호선,청담,19772,22131,41903
202103,7호선,강남구청,16720,18054,34774
202103,7호선,학동,24965,26559,51524
202103,7호선,논현,20856,22410,43266
202103,7호선,고속터미널,14176,12570,26746
202103,7호선,내방,14515,14870,29385
202103,7호선,이수,15263,14827,30090
202103,7호선,남성,11144,10330,21474
202103,7호선,숭실대입구,12371,12627,24998
202103,7호선,상도,10239,10092,20331
202103,7호선,장승배기,9689,9406,19095
202103,7호선,신대방삼거리,16127,15704,31831
202103,7호선,보라매,9861,9717,19578
202103,7호선,신풍,11670,11227,22897
202103,7호선,대림,7493,7447,14940
202103,7호선,남구로,16354,17254,33608
202103,7호선,가산디지털단지,48402,48711,97113
202103,7호선,철산,21140,21637,42777
202103,7호선,광명사거리,22133,21946,44079
202103,7호선,천왕,11390,10851,22241
202103,7호선,온수,11397,10454,21851
202103,7호선,까치울,7667,7247,14914
202103,7호선,부천종합운동장,4577,3998,8575
202103,7호선,춘의,9650,9626,19276
202103,7호선,신중동,14435,14238,28673
202103,7호선,부천시청,12453,13195,25648
202103,7호선,상동,11265,11007,22272
202103,7호선,삼산체육관,5152,4979,10131
202103,7호선,굴포천,8644,9140,17784
202103,7호선,부평구청,11790,9656,21446
202103,7호선,장암,2404,965,3369
202103,7호선,도봉산,9105,10686,19791
202103,7호선,수락산,12934,12776,25710
202103,7호선,마들,12460,11994,24454
202103,7호선,노원,19341,20577,39918
202103,7호선,중계,14544,13257,27801
202103,7호선,하계,17821,16997,34818
202103,7호선,공릉,11896,11848,23744
202103,7호선,태릉입구,8076,7722,15798
202103,7호선,먹골,10035,9832,19867
202103,7호선,중화,11221,11083,22304
202103,7호선,상봉,16900,15776,32676
202103,7호선,면목,15661,15420,31081
202103,7호선,사가정,16534,16357,32891
202103,7호선,용마산,6035,5932,11967
202103,7호선,군자,14627,11707,26334
202103,7호선,어린이대공원,12360,12277,24637
202103,7호선,건대입구,11690,12051,23741
202103,7호선,뚝섬유원지,8396,8261,16657
202103,7호선,청담,19941,22035,41976
202103,7호선,강남구청,16570,17987,34557
202103,7호선,학동,24728,26545,51273
202103,7호선,논현,20924,22265,43189
202103,7호선,반포,5756,5606,11362
202103,7호선,고속터미널,14087,12518,26605
202103,7호선,내방,14610,14922,29532
202103,7호선,이수,15504,15108,30612
202103,7호선,남성,11170,10457,21627
202103,7호선,숭실대입구,12330,12573,24903
202103,7호선,상도,10385,10019,20404
202103,7호선,장승배기,9578,9362,18940
202103,7호선,신대방삼거리,16245,15654,31899
202103,7호선,보라매,10033,10038,20071
202103,7호선,신풍,11795,11419,23214
202103,7호선,대림,7549,7592,15141
202103,7호선,남구로,16223,17258,33481
202103,7호선,가산디지털단지,48087,48783,96870
202103,7호선,철산,21486,21884,43370
202103,7호선,광명사거리,22586,22265,44851
202103,7호선,천왕,11575,11068,22643
202103,7호선,온수,11407,10475,21882
202103,7호선,까치울,7690,7464,15154
202103,7호선,부천종합운동장,4626,4075,8701
202103,7호선,춘의,9757,9560,19317
202103,7호선,신중동,14460,14398,28858
202103,7호선,부천시청,12490,12273,24763
202103,7호선,상동,12386,12846,25232
202103,7호선,삼산체육관,4971,4474,9445
202103,7호선,굴포천,8717,9242,17959
202103,7호선,부평구청,11891,9861,21752
202103,7호선,중곡,10211,9446,19657
202103,7호선,춘의,9533,9342,18875
202103,7호선,장암,2341,975,3316
202103,7호선,도봉산,9003,10634,19637
202103,7호선,수락산,12507,12425,24932
202103,7호선,마들,12320,11804,24124
202103,7호선,노원,18668,20016,38684
202103,7호선,중계,14235,12961,27196
202103,7호선,하계,17325,16511,33836
202103,7호선,공릉,11750,11553,23303
202103,7호선,태릉입구,7981,7429,15410
202103,7호선,먹골,9881,9550,19431
202103,7호선,중화,10739,10519,21258
202103,7호선,상봉,16676,15721,32397
202103,7호선,면목,15675,15350,31025
202103,7호선,사가정,16266,16384,32650
202103,7호선,용마산,6090,5861,11951
202103,7호선,중곡,9959,9133,19092
202103,7호선,군자,14571,11727,26298
202103,7호선,어린이대공원,12229,12272,24501
202103,7호선,건대입구,11547,11791,23338
202103,7호선,뚝섬유원지,7930,7809,15739
202103,7호선,청담,19613,21972,41585
202103,7호선,강남구청,16333,17888,34221
202103,7호선,학동,24336,26172,50508
202103,7호선,논현,20542,21966,42508
202103,7호선,반포,5729,5526,11255
202103,7호선,고속터미널,14422,12601,27023
202103,7호선,내방,14265,14681,28946
202103,7호선,이수,15369,15067,30436
202103,7호선,남성,11128,10262,21390
202103,7호선,숭실대입구,12289,12553,24842
202103,7호선,상도,10303,10084,20387
202103,7호선,장승배기,9596,9286,18882
202103,7호선,신대방삼거리,15895,15469,31364
202103,7호선,보라매,9758,9787,19545
202103,7호선,신풍,11712,11071,22783
202103,7호선,대림,7543,7404,14947
202103,7호선,남구로,15880,17103,32983
202103,7호선,가산디지털단지,47903,48525,96428
202103,7호선,철산,21049,21339,42388
202103,7호선,광명사거리,22201,21947,44148
202103,7호선,천왕,11401,10717,22118
202103,7호선,온수,11212,10268,21480
202103,7호선,까치울,7597,7247,14844
202103,7호선,부천종합운동장,4650,4024,8674
202103,7호선,신중동,14200,14103,28303
202103,7호선,부천시청,12229,12247,24476
202103,7호선,상동,12269,12719,24988
202103,7호선,삼산체육관,4965,4489,9454
202103,7호선,굴포천,8575,9103,17678
202103,7호선,부평구청,11735,9767,21502
202103,7호선,장암,2322,953,3275
202103,7호선,도봉산,8859,10088,18947
202103,7호선,수락산,12639,12256,24895
202103,7호선,마들,12533,11786,24319
202103,7호선,노원,19902,21137,41039
202103,7호선,중계,14323,12602,26925
202103,7호선,하계,17405,16205,33610
202103,7호선,공릉,12233,12121,24354
202103,7호선,태릉입구,8197,7718,15915
202103,7호선,먹골,10172,10048,20220
202103,7호선,중화,11205,11106,22311
202103,7호선,상봉,17224,16084,33308
202103,7호선,면목,15932,15275,31207
202103,7호선,사가정,16739,16913,33652
202103,7호선,용마산,6202,6281,12483
202103,7호선,중곡,10085,9570,19655
202103,7호선,군자,15221,12203,27424
202103,7호선,어린이대공원,12605,12368,24973
202103,7호선,건대입구,12269,12751,25020
202103,7호선,뚝섬유원지,7636,7412,15048
202103,7호선,청담,19812,22122,41934
202103,7호선,강남구청,16588,18464,35052
202103,7호선,학동,24305,26254,50559
202103,7호선,논현,20860,22667,43527
202103,7호선,반포,5991,5693,11684
202103,7호선,고속터미널,16938,13866,30804
202103,7호선,내방,14557,14843,29400
202103,7호선,이수,16339,15674,32013
202103,7호선,남성,11204,10276,21480
202103,7호선,숭실대입구,12581,12511,25092
202103,7호선,상도,10672,9974,20646
202103,7호선,장승배기,9673,9227,18900
202103,7호선,신대방삼거리,16471,15918,32389
202103,7호선,보라매,9890,9835,19725
202103,7호선,신풍,11847,11247,23094
202103,7호선,대림,7441,7561,15002
202103,7호선,남구로,15772,16883,32655
202103,7호선,가산디지털단지,47595,47357,94952
202103,7호선,철산,21371,22272,43643
202103,7호선,광명사거리,22690,22415,45105
202103,7호선,천왕,11473,10755,22228
202103,7호선,온수,11241,10160,21401
202103,7호선,까치울,7596,7513,15109
202103,7호선,부천종합운동장,4707,4024,8731
202103,7호선,춘의,9637,9406,19043
202103,7호선,신중동,14625,14707,29332
202103,7호선,부천시청,12892,12943,25835
202103,7호선,상동,12832,13459,26291
202103,7호선,삼산체육관,4872,4416,9288
202103,7호선,굴포천,8736,9506,18242
202103,7호선,부평구청,11847,9795,21642
202103,7호선,장암,2349,900,3249
202103,7호선,도봉산,9000,10479,19479
202103,7호선,수락산,12446,12198,24644
202103,7호선,마들,12245,11728,23973
202103,7호선,노원,19048,20309,39357
202103,7호선,중계,14152,12984,27136
202103,7호선,하계,17360,16601,33961
202103,7호선,공릉,11668,11717,23385
202103,7호선,태릉입구,7879,7492,15371
202103,7호선,먹골,9817,9551,19368
202103,7호선,중화,10662,10614,21276
202103,7호선,상봉,16433,15482,31915
202103,7호선,면목,15239,15089,30328
202103,7호선,사가정,16077,16125,32202
202103,7호선,용마산,5998,5841,11839
202103,7호선,중곡,9961,9196,19157
202103,7호선,군자,14446,11544,25990
202103,7호선,어린이대공원,12160,12261,24421
202103,7호선,건대입구,11174,11754,22928
202103,7호선,뚝섬유원지,7469,7401,14870
202103,7호선,청담,19389,21467,40856
202103,7호선,강남구청,15822,17364,33186
202103,7호선,학동,24231,25822,50053
202103,7호선,논현,20525,21773,42298
202103,7호선,반포,5618,5510,11128
202103,7호선,고속터미널,14737,12357,27094
202103,7호선,내방,14318,14566,28884
202103,7호선,이수,14922,14658,29580
202103,7호선,남성,11017,10287,21304
202103,7호선,숭실대입구,12212,12605,24817
202103,7호선,상도,10025,9827,19852
202103,7호선,장승배기,9534,9210,18744
202103,7호선,신대방삼거리,15806,15473,31279
202103,7호선,보라매,9742,9713,19455
202103,7호선,신풍,11719,11084,22803
202103,7호선,대림,7746,7626,15372
202103,7호선,남구로,16198,17090,33288
202103,7호선,가산디지털단지,47815,48037,95852
202103,7호선,철산,21062,21418,42480
202103,7호선,광명사거리,22108,21647,43755
202103,7호선,천왕,11432,10958,22390
202103,7호선,온수,11140,10160,21300
202103,7호선,까치울,7384,7225,14609
202103,7호선,부천종합운동장,4828,4254,9082
202103,7호선,춘의,9481,9362,18843
202103,7호선,신중동,14050,13908,27958
202103,7호선,부천시청,11498,11390,22888
202103,7호선,상동,12187,12510,24697
202103,7호선,삼산체육관,4834,4451,9285
202103,7호선,굴포천,8441,9060,17501
202103,7호선,부평구청,11680,9477,21157
202103,7호선,장암,2315,960,3275
202103,7호선,도봉산,9278,10864,20142
202103,7호선,수락산,12660,12520,25180
202103,7호선,마들,12317,11754,24071
202103,7호선,노원,19027,20206,39233
202103,7호선,중계,14367,13106,27473
202103,7호선,하계,17291,16458,33749
202103,7호선,공릉,11817,11715,23532
202103,7호선,태릉입구,7996,7682,15678
202103,7호선,먹골,9839,9703,19542
202103,7호선,중화,11079,10966,22045
202103,7호선,상봉,16971,15840,32811
202103,7호선,면목,15693,15423,31116
202103,7호선,사가정,16273,16339,32612
202103,7호선,용마산,6022,5853,11875
202103,7호선,중곡,9980,9251,19231
202103,7호선,군자,14454,11671,26125
202103,7호선,어린이대공원,12466,12407,24873
202103,7호선,건대입구,11281,11741,23022
202103,7호선,뚝섬유원지,7603,7480,15083
202103,7호선,청담,19774,22133,41907
202103,7호선,강남구청,16519,18218,34737
202103,7호선,학동,24684,26391,51075
202103,7호선,논현,20699,22283,42982
202103,7호선,반포,5710,5482,11192
202103,7호선,고속터미널,14416,12690,27106
202103,7호선,내방,14387,14723,29110
202103,7호선,이수,15362,14883,30245
202103,7호선,남성,11092,10356,21448
202103,7호선,숭실대입구,12406,12558,24964
202103,7호선,상도,10347,10140,20487
202103,7호선,장승배기,9629,9415,19044
202103,7호선,신대방삼거리,16168,15799,31967
202103,7호선,보라매,9841,9846,19687
202103,7호선,신풍,11671,11220,22891
202103,7호선,대림,7534,7517,15051
202103,7호선,남구로,16172,17121,33293
202103,7호선,가산디지털단지,48278,48390,96668
202103,7호선,철산,21303,21864,43167
202103,7호선,광명사거리,22460,22016,44476
202103,7호선,천왕,11539,10838,22377
202103,7호선,온수,11285,10337,21622
202103,7호선,까치울,7519,7176,14695
202103,7호선,부천종합운동장,4799,4236,9035
202103,7호선,춘의,9738,9594,19332
202103,7호선,신중동,14301,14178,28479
202103,7호선,부천시청,12436,12309,24745
202103,7호선,상동,12413,12804,25217
202103,7호선,삼산체육관,4907,4486,9393
202103,7호선,굴포천,8534,9090,17624
202103,7호선,부평구청,11894,9801,21695
202103,7호선,수락산,12747,12702,25449
202103,7호선,장암,2495,1029,3524
202103,7호선,도봉산,9300,11008,20308
202103,7호선,마들,12553,11943,24496
202103,7호선,노원,19258,20505,39763
202103,7호선,중계,14505,13089,27594
202103,7호선,하계,17887,17267,35154
202103,7호선,공릉,11922,11855,23777
202103,7호선,태릉입구,8314,7763,16077
202103,7호선,먹골,10066,9812,19878
202103,7호선,중화,11084,10922,22006
202103,7호선,상봉,17084,15884,32968
202103,7호선,면목,15718,15322,31040
202103,7호선,사가정,16635,16636,33271
202103,7호선,용마산,6151,5891,12042
202103,7호선,중곡,10130,9395,19525
202103,7호선,군자,14685,11874,26559
202103,7호선,어린이대공원,12521,12713,25234
202103,7호선,건대입구,11470,11844,23314
202103,7호선,뚝섬유원지,8455,8212,16667
202103,7호선,청담,20192,22350,42542
202103,7호선,강남구청,16706,18366,35072
202103,7호선,학동,24684,26456,51140
202103,7호선,논현,20897,22176,43073
202103,7호선,반포,5774,5697,11471
202103,7호선,고속터미널,14313,12627,26940
202103,7호선,내방,14467,14906,29373
202103,7호선,이수,15523,15265,30788
202103,7호선,남성,11104,10438,21542
202103,7호선,숭실대입구,12503,12879,25382
202103,7호선,상도,10399,10089,20488
202103,7호선,장승배기,9639,9489,19128
202103,7호선,신대방삼거리,16236,15814,32050
202103,7호선,보라매,10070,9908,19978
202103,7호선,신풍,11861,11330,23191
202103,7호선,대림,7485,7454,14939
202103,7호선,남구로,16174,17287,33461
202103,7호선,가산디지털단지,47851,48403,96254
202103,7호선,철산,21456,22026,43482
202103,7호선,광명사거리,22370,22033,44403
202103,7호선,천왕,11713,11022,22735
202103,7호선,온수,11298,10423,21721
202103,7호선,까치울,7696,7394,15090
202103,7호선,부천종합운동장,4858,4248,9106
202103,7호선,춘의,9749,9625,19374
202103,7호선,신중동,14486,14157,28643
202103,7호선,부천시청,12639,12507,25146
202103,7호선,상동,12623,12975,25598
202103,7호선,삼산체육관,5058,4546,9604
202103,7호선,굴포천,8435,9115,17550
202103,7호선,부평구청,11871,9929,21800
202103,7호선,반포,5840,5576,11416
202103,7호선,부평구청,11722,9868,21590
202103,7호선,굴포천,8574,9162,17736
202103,7호선,삼산체육관,4938,4464,9402
202103,7호선,상동,12477,12796,25273
202103,7호선,부천시청,12436,12394,24830
202103,7호선,신중동,14384,14116,28500
202103,7호선,춘의,9685,9543,19228
202103,7호선,부천종합운동장,4920,4291,9211
202103,7호선,까치울,7695,7436,15131
202103,7호선,온수,10818,9880,20698
202103,7호선,천왕,11447,10864,22311
202103,7호선,광명사거리,22277,22054,44331
202103,7호선,철산,21240,21723,42963
202103,7호선,가산디지털단지,47823,48369,96192
202103,7호선,남구로,15954,16993,32947
202103,7호선,대림,7354,7258,14612
202103,7호선,신풍,11699,11153,22852
202103,7호선,보라매,9936,9920,19856
202103,7호선,신대방삼거리,16360,15740,32100
202103,7호선,장승배기,9768,9477,19245
202103,7호선,상도,10438,10121,20559
202103,7호선,숭실대입구,12703,12959,25662
202103,7호선,남성,11287,10305,21592
202103,7호선,이수,15638,15071,30709
202103,7호선,내방,14426,14788,29214
202103,7호선,고속터미널,14692,12755,27447
202103,7호선,논현,20765,22282,43047
202103,7호선,학동,24582,26591,51173
202103,7호선,강남구청,16612,18467,35079
202103,7호선,청담,19872,22303,42175
202103,7호선,뚝섬유원지,8430,8266,16696
202103,7호선,건대입구,11533,12125,23658
202103,7호선,어린이대공원,12764,12490,25254
202103,7호선,군자,14530,11532,26062
202103,7호선,중곡,10038,9299,19337
202103,7호선,용마산,6156,6004,12160
202103,7호선,사가정,16583,16226,32809
202103,7호선,면목,15724,15366,31090
202103,7호선,상봉,17109,16065,33174
202103,7호선,중화,11006,10748,21754
202103,7호선,먹골,9868,9514,19382
202103,7호선,태릉입구,8197,7599,15796
202103,7호선,공릉,11874,11823,23697
202103,7호선,하계,17470,16518,33988
202103,7호선,중계,14291,13023,27314
202103,7호선,노원,18865,20230,39095
202103,7호선,마들,12493,12011,24504
202103,7호선,수락산,12790,12741,25531
202103,7호선,도봉산,9384,10898,20282
202103,7호선,장암,2491,909,3400
202103,7호선,장암,2440,1027,3467
202103,7호선,도봉산,9500,10969,20469
202103,7호선,수락산,12881,12787,25668
202103,7호선,마들,12763,12110,24873
202103,7호선,노원,20362,22127,42489
202103,7호선,중계,14846,13072,27918
202103,7호선,하계,18120,16901,35021
202103,7호선,공릉,12494,12328,24822
202103,7호선,태릉입구,8514,7970,16484
202103,7호선,먹골,10252,10074,20326
202103,7호선,중화,11379,10960,22339
202103,7호선,상봉,17800,16752,34552
202103,7호선,면목,16199,15800,31999
202103,7호선,사가정,17025,16959,33984
202103,7호선,용마산,6309,6010,12319
202103,7호선,중곡,10318,9534,19852
202103,7호선,군자,15051,11962,27013
202103,7호선,어린이대공원,13024,12825,25849
202103,7호선,건대입구,12537,13199,25736
202103,7호선,뚝섬유원지,10959,10624,21583
202103,7호선,청담,19885,22282,42167
202103,7호선,강남구청,17025,18605,35630
202103,7호선,학동,24158,26253,50411
202103,7호선,논현,21436,23181,44617
202103,7호선,반포,6092,5688,11780
202103,7호선,고속터미널,17043,14132,31175
202103,7호선,내방,14767,14983,29750
202103,7호선,이수,16425,15879,32304
202103,7호선,남성,11492,10348,21840
202103,7호선,숭실대입구,13029,13045,26074
202103,7호선,상도,10799,10321,21120
202103,7호선,장승배기,10049,9602,19651
202103,7호선,신대방삼거리,16708,16070,32778
202103,7호선,보라매,10051,9685,19736
202103,7호선,신풍,11939,11355,23294
202103,7호선,대림,7679,7800,15479
202103,7호선,남구로,15874,17073,32947
202103,7호선,가산디지털단지,47413,47447,94860
202103,7호선,철산,22138,23038,45176
202103,7호선,광명사거리,23444,22821,46265
202103,7호선,천왕,11618,10993,22611
202103,7호선,온수,11358,10293,21651
202103,7호선,까치울,7990,7577,15567
202103,7호선,부천종합운동장,5054,4496,9550
202103,7호선,춘의,9683,9466,19149
202103,7호선,신중동,14832,14866,29698
202103,7호선,부천시청,13003,12893,25896
202103,7호선,상동,13057,13783,26840
202103,7호선,삼산체육관,5261,4728,9989
202103,7호선,굴포천,8856,9472,18328
202103,7호선,부평구청,11952,9831,21783
202103,7호선,장암,2355,905,3260
202103,7호선,도봉산,9333,10831,20164
202103,7호선,수락산,12559,12403,24962
202103,7호선,마들,12236,11729,23965
202103,7호선,노원,19154,20462,39616
202103,7호선,중계,14210,13148,27358
202103,7호선,하계,17332,16571,33903
202103,7호선,공릉,11773,11725,23498
202103,7호선,태릉입구,8042,7483,15525
202103,7호선,먹골,10005,9713,19718
202103,7호선,중화,10993,10807,21800
202103,7호선,상봉,16761,15778,32539
202103,7호선,면목,15609,15478,31087
202103,7호선,사가정,16134,16170,32304
202103,7호선,용마산,6035,5847,11882
202103,7호선,중곡,9900,9215,19115
202103,7호선,군자,14269,11537,25806
202103,7호선,어린이대공원,12405,12333,24738
202103,7호선,건대입구,11359,11807,23166
202103,7호선,뚝섬유원지,7566,7510,15076
202103,7호선,청담,19527,21654,41181
202103,7호선,강남구청,16102,17573,33675
202103,7호선,학동,24388,25994,50382
202103,7호선,논현,20685,22132,42817
202103,7호선,반포,5575,5500,11075
202103,7호선,고속터미널,14987,12620,27607
202103,7호선,내방,14130,14475,28605
202103,7호선,이수,14929,14454,29383
202103,7호선,남성,11112,10441,21553
202103,7호선,숭실대입구,12155,12476,24631
202103,7호선,상도,10130,10014,20144
202103,7호선,장승배기,9498,9380,18878
202103,7호선,신대방삼거리,16161,15839,32000
202103,7호선,보라매,9776,9774,19550
202103,7호선,신풍,11616,11066,22682
202103,7호선,대림,7732,7576,15308
202103,7호선,남구로,16414,17372,33786
202103,7호선,가산디지털단지,47851,48068,95919
202103,7호선,철산,21061,21328,42389
202103,7호선,광명사거리,22103,21676,43779
202103,7호선,천왕,11459,10952,22411
202103,7호선,온수,11249,10374,21623
202103,7호선,까치울,7590,7259,14849
202103,7호선,부천종합운동장,5001,4495,9496
202103,7호선,춘의,9707,9390,19097
202103,7호선,신중동,13964,13956,27920
202103,7호선,부천시청,12123,11942,24065
202103,7호선,상동,12111,12520,24631
202103,7호선,삼산체육관,4933,4398,9331
202103,7호선,굴포천,8405,9003,17408
202103,7호선,부평구청,11857,9743,21600
202103,7호선,부평구청,11965,10009,21974
202103,7호선,굴포천,8611,9247,17858
202103,7호선,삼산체육관,5034,4575,9609
202103,7호선,상동,12489,12836,25325
202103,7호선,부천시청,12313,12251,24564
202103,7호선,신중동,14470,14212,28682
202103,7호선,춘의,9817,9618,19435
202103,7호선,부천종합운동장,5379,4933,10312
202103,7호선,까치울,7846,7412,15258
202103,7호선,온수,11466,10482,21948
202103,7호선,천왕,11461,10928,22389
202103,7호선,광명사거리,22198,21979,44177
202103,7호선,철산,21390,21901,43291
202103,7호선,가산디지털단지,48359,48694,97053
202103,7호선,남구로,16183,17093,33276
202103,7호선,대림,7509,7463,14972
202103,7호선,신풍,11911,11457,23368
202103,7호선,보라매,9952,9922,19874
202103,7호선,신대방삼거리,16305,15850,32155
202103,7호선,장승배기,9752,9645,19397
202103,7호선,상도,10376,10280,20656
202103,7호선,숭실대입구,12404,12689,25093
202103,7호선,남성,11298,10495,21793
202103,7호선,이수,15517,15001,30518
202103,7호선,내방,14818,15218,30036
202103,7호선,고속터미널,14417,12752,27169
202103,7호선,반포,5706,5511,11217
202103,7호선,논현,21080,22689,43769
202103,7호선,학동,24991,26719,51710
202103,7호선,강남구청,16705,18329,35034
202103,7호선,청담,19981,22475,42456
202103,7호선,뚝섬유원지,8328,8242,16570
202103,7호선,건대입구,11673,12195,23868
202103,7호선,어린이대공원,12742,12737,25479
202103,7호선,군자,14415,11621,26036
202103,7호선,중곡,10095,9266,19361
202103,7호선,용마산,6140,6054,12194
202103,7호선,사가정,16581,16628,33209
202103,7호선,면목,15896,15592,31488
202103,7호선,상봉,17009,15818,32827
202103,7호선,중화,11160,10971,22131
202103,7호선,먹골,10181,9912,20093
202103,7호선,태릉입구,8245,7749,15994
202103,7호선,공릉,12000,11927,23927
202103,7호선,하계,17582,16844,34426
202103,7호선,중계,14360,13273,27633
202103,7호선,노원,19209,20148,39357
202103,7호선,마들,12300,11840,24140
202103,7호선,수락산,12910,12732,25642
202103,7호선,도봉산,9601,11223,20824
202103,7호선,장암,2326,887,3213
202103,7호선,남구로,16322,17285,33607
202103,7호선,대림,7515,7512,15027
202103,7호선,신풍,11817,11284,23101
202103,7호선,보라매,10070,10029,20099
202103,7호선,상봉,17237,15930,33167
202103,7호선,중화,11293,11050,22343
202103,7호선,먹골,10009,9885,19894
202103,7호선,태릉입구,8435,7792,16227
202103,7호선,공릉,11949,12062,24011
202103,7호선,하계,18354,17391,35745
202103,7호선,중계,14567,13409,27976
202103,7호선,노원,19017,20206,39223
202103,7호선,마들,12472,11914,24386
202103,7호선,수락산,13021,12860,25881
202103,7호선,도봉산,9419,11084,20503
202103,7호선,장암,2292,952,3244
202103,7호선,신대방삼거리,16360,15809,32169
202103,7호선,장승배기,9755,9491,19246
202103,7호선,상도,10501,10165,20666
202103,7호선,숭실대입구,12512,12679,25191
202103,7호선,남성,11298,10509,21807
202103,7호선,이수,15556,15218,30774
202103,7호선,내방,14526,14962,29488
202103,7호선,고속터미널,14312,12613,26925
202103,7호선,반포,5747,5641,11388
202103,7호선,논현,21018,22517,43535
202103,7호선,학동,24945,26695,51640
202103,7호선,강남구청,16702,18273,34975
202103,7호선,청담,20099,22340,42439
202103,7호선,뚝섬유원지,8598,8497,17095
202103,7호선,건대입구,11759,12072,23831
202103,7호선,어린이대공원,12628,12483,25111
202103,7호선,군자,14707,11889,26596
202103,7호선,중곡,10179,9345,19524
202103,7호선,용마산,6207,5991,12198
202103,7호선,사가정,16675,16543,33218
202103,7호선,면목,15759,15531,31290
202103,7호선,가산디지털단지,47879,48278,96157
202103,7호선,철산,21725,22167,43892
202103,7호선,광명사거리,22385,22083,44468
202103,7호선,천왕,11665,11012,22677
202103,7호선,온수,11473,10542,22015
202103,7호선,까치울,7996,7697,15693
202103,7호선,부천종합운동장,5018,4491,9509
202103,7호선,춘의,9883,9752,19635
202103,7호선,신중동,14568,14414,28982
202103,7호선,부천시청,12591,12366,24957
202103,7호선,상동,12647,13024,25671
202103,7호선,삼산체육관,5031,4536,9567
202103,7호선,굴포천,8789,9310,18099
202103,7호선,부평구청,11867,9996,21863
202103,7호선,부평구청,11782,9925,21707
202103,7호선,굴포천,8776,9278,18054
202103,7호선,삼산체육관,5094,4629,9723
202103,7호선,상동,12556,13082,25638
202103,7호선,부천시청,12319,12225,24544
202103,7호선,신중동,14451,14154,28605
202103,7호선,춘의,9742,9653,19395
202103,7호선,부천종합운동장,5048,4699,9747
202103,7호선,까치울,7881,7568,15449
202103,7호선,온수,11520,10454,21974
202103,7호선,천왕,11573,11016,22589
202103,7호선,광명사거리,22475,22128,44603
202103,7호선,철산,21666,21904,43570
202103,7호선,가산디지털단지,48002,48459,96461
202103,7호선,남구로,16011,17151,33162
202103,7호선,대림,7428,7525,14953
202103,7호선,신풍,11921,11416,23337
202103,7호선,보라매,10028,10016,20044
202103,7호선,신대방삼거리,16473,15915,32388
202103,7호선,장승배기,9958,9553,19511
202103,7호선,상도,10425,10194,20619
202103,7호선,숭실대입구,12705,12918,25623
202103,7호선,남성,11397,10524,21921
202103,7호선,이수,15618,15143,30761
202103,7호선,내방,14361,14812,29173
202103,7호선,고속터미널,15072,12917,27989
202103,7호선,반포,5837,5642,11479
202103,7호선,논현,20766,22543,43309
202103,7호선,학동,24573,26498,51071
202103,7호선,강남구청,16563,18251,34814
202103,7호선,청담,19794,22239,42033
202103,7호선,뚝섬유원지,9222,9093,18315
202103,7호선,건대입구,11807,12349,24156
202103,7호선,어린이대공원,12922,12940,25862
202103,7호선,군자,14901,12028,26929
202103,7호선,중곡,10119,9346,19465
202103,7호선,용마산,6209,6033,12242
202103,7호선,사가정,16763,16674,33437
202103,7호선,면목,16040,15772,31812
202103,7호선,상봉,17254,16088,33342
202103,7호선,중화,11128,10890,22018
202103,7호선,먹골,10204,9930,20134
202103,7호선,태릉입구,8301,7718,16019
202103,7호선,공릉,12168,11964,24132
202103,7호선,하계,17778,16975,34753
202103,7호선,중계,14481,13164,27645
202103,7호선,노원,19158,20462,39620
202103,7호선,마들,12601,12135,24736
202103,7호선,수락산,13122,12995,26117
202103,7호선,도봉산,9501,11428,20929
202103,7호선,장암,2480,1012,3492
202103,7호선,부평구청,12077,10080,22157
202103,7호선,굴포천,8845,9598,18443
202103,7호선,삼산체육관,5225,4575,9800
202103,7호선,상동,13038,13791,26829
202103,7호선,부천시청,12916,13025,25941
202103,7호선,신중동,14775,15000,29775
202103,7호선,춘의,9945,9672,19617
202103,7호선,부천종합운동장,5115,4595,9710
202103,7호선,까치울,8088,7608,15696
202103,7호선,온수,11470,10247,21717
202103,7호선,천왕,11641,10966,22607
202103,7호선,광명사거리,23183,22788,45971
202103,7호선,철산,22263,23080,45343
202103,7호선,가산디지털단지,47918,47608,95526
202103,7호선,남구로,16113,17192,33305
202103,7호선,대림,7767,8022,15789
202103,7호선,신풍,11997,11442,23439
202103,7호선,보라매,10194,9960,20154
202103,7호선,신대방삼거리,16713,15939,32652
202103,7호선,장승배기,9835,9571,19406
202103,7호선,상도,10839,10349,21188
202103,7호선,숭실대입구,13099,12965,26064
202103,7호선,남성,11314,10360,21674
202103,7호선,이수,16552,15928,32480
202103,7호선,내방,14701,15092,29793
202103,7호선,고속터미널,17486,14640,32126
202103,7호선,반포,6020,5716,11736
202103,7호선,논현,21418,23314,44732
202103,7호선,학동,24381,26131,50512
202103,7호선,강남구청,17042,18799,35841
202103,7호선,청담,20135,22553,42688
202103,7호선,뚝섬유원지,11118,11028,22146
202103,7호선,건대입구,12738,13270,26008
202103,7호선,어린이대공원,13207,12983,26190
202103,7호선,군자,15353,12145,27498
202103,7호선,중곡,10225,9422,19647
202103,7호선,용마산,6315,6099,12414
202103,7호선,사가정,17141,16927,34068
202103,7호선,면목,16311,15836,32147
202103,7호선,상봉,18065,17131,35196
202103,7호선,중화,11464,11165,22629
202103,7호선,먹골,10336,10100,20436
202103,7호선,태릉입구,8657,7990,16647
202103,7호선,공릉,12598,12288,24886
202103,7호선,하계,18166,16949,35115
202103,7호선,중계,14737,13174,27911
202103,7호선,노원,20302,21940,42242
202103,7호선,마들,12751,12169,24920
202103,7호선,수락산,13235,13011,26246
202103,7호선,도봉산,9507,11318,20825
202103,7호선,장암,2386,1060,3446
202103,7호선,부천종합운동장,4884,4335,9219
202103,7호선,부평구청,11826,9802,21628
202103,7호선,굴포천,8543,9108,17651
202103,7호선,삼산체육관,4978,4329,9307
202103,7호선,상동,12197,12492,24689
202103,7호선,부천시청,12160,12061,24221
202103,7호선,신중동,14198,14027,28225
202103,7호선,춘의,9547,9512,19059
202103,7호선,까치울,7672,7347,15019
202103,7호선,온수,11099,10288,21387
202103,7호선,천왕,11425,10820,22245
202103,7호선,광명사거리,22133,21636,43769
202103,7호선,철산,21211,21518,42729
202103,7호선,가산디지털단지,47845,48187,96032
202103,7호선,남구로,16458,17415,33873
202103,7호선,대림,7724,7597,15321
202103,7호선,신풍,11681,11082,22763
202103,7호선,보라매,9827,9816,19643
202103,7호선,신대방삼거리,16049,15602,31651
202103,7호선,장승배기,9486,9381,18867
202103,7호선,상도,10072,9822,19894
202103,7호선,숭실대입구,12098,12553,24651
202103,7호선,남성,11090,10336,21426
202103,7호선,이수,14833,14525,29358
202103,7호선,내방,14116,14415,28531
202103,7호선,고속터미널,14893,12603,27496
202103,7호선,반포,5655,5459,11114
202103,7호선,논현,20629,22169,42798
202103,7호선,학동,24305,26131,50436
202103,7호선,강남구청,15809,17521,33330
202103,7호선,청담,19344,21476,40820
202103,7호선,뚝섬유원지,7540,7454,14994
202103,7호선,건대입구,11364,12256,23620
202103,7호선,어린이대공원,12446,12539,24985
202103,7호선,군자,14375,11624,25999
202103,7호선,중곡,9874,9144,19018
202103,7호선,용마산,6007,5786,11793
202103,7호선,사가정,16169,16280,32449
202103,7호선,면목,15705,15310,31015
202103,7호선,상봉,17003,15657,32660
202103,7호선,중화,11075,10806,21881
202103,7호선,먹골,9835,9559,19394
202103,7호선,태릉입구,8026,7558,15584
202103,7호선,공릉,11680,11882,23562
202103,7호선,하계,17008,16238,33246
202103,7호선,중계,14266,13054,27320
202103,7호선,노원,19156,20143,39299
202103,7호선,마들,12099,11656,23755
202103,7호선,수락산,12386,12241,24627
202103,7호선,도봉산,8819,10416,19235
202103,7호선,장암,2399,906,3305
202103,7호선,장암,2417,995,3412
202103,7호선,도봉산,9371,10842,20213
202103,7호선,수락산,12865,12735,25600
202103,7호선,마들,12469,11951,24420
202103,7호선,노원,19113,20356,39469
202103,7호선,중계,14546,13311,27857
202103,7호선,하계,17808,16893,34701
202103,7호선,공릉,11882,11820,23702
202103,7호선,태릉입구,8399,7888,16287
202103,7호선,먹골,9897,9768,19665
202103,7호선,중화,11240,11004,22244
202103,7호선,상봉,17342,16035,33377
202103,7호선,면목,16030,15721,31751
202103,7호선,사가정,16488,16520,33008
202103,7호선,용마산,6163,5968,12131
202103,7호선,중곡,10145,9318,19463
202103,7호선,군자,14650,11758,26408
202103,7호선,어린이대공원,13352,13626,26978
202103,7호선,건대입구,11526,12074,23600
202103,7호선,뚝섬유원지,9011,8876,17887
202103,7호선,청담,19809,22090,41899
202103,7호선,강남구청,16732,18387,35119
202103,7호선,학동,25298,26954,52252
202103,7호선,논현,20841,22401,43242
202103,7호선,반포,5879,5523,11402
202103,7호선,고속터미널,14403,13007,27410
202103,7호선,내방,14559,14872,29431
202103,7호선,이수,15150,14827,29977
202103,7호선,남성,11421,10624,22045
202103,7호선,숭실대입구,12395,12796,25191
202103,7호선,상도,10692,10314,21006
202103,7호선,장승배기,9715,9563,19278
202103,7호선,신대방삼거리,16354,15842,32196
202103,7호선,보라매,10114,10005,20119
202103,7호선,신풍,11821,11343,23164
202103,7호선,대림,7672,7651,15323
202103,7호선,남구로,16294,17329,33623
202103,7호선,가산디지털단지,48485,49051,97536
202103,7호선,철산,21755,22008,43763
202103,7호선,광명사거리,22479,21951,44430
202103,7호선,천왕,11566,11023,22589
202103,7호선,온수,11126,10297,21423
202103,7호선,까치울,7928,7475,15403
202103,7호선,부천종합운동장,4924,4506,9430
202103,7호선,춘의,9853,9706,19559
202103,7호선,신중동,14309,14233,28542
202103,7호선,부천시청,12297,12179,24476
202103,7호선,상동,12384,12887,25271
202103,7호선,삼산체육관,5053,4580,9633
202103,7호선,굴포천,8638,9203,17841
202103,7호선,부평구청,11925,9866,21791
202103,7호선,춘의,9844,9711,19555
202103,7호선,장암,2398,985,3383
202103,7호선,도봉산,9533,11220,20753
202103,7호선,수락산,13013,12831,25844
202103,7호선,마들,12673,11862,24535
202103,7호선,노원,19156,20544,39700
202103,7호선,중계,14569,13191,27760
202103,7호선,하계,18495,17503,35998
202103,7호선,공릉,11906,11949,23855
202103,7호선,태릉입구,8345,7933,16278
202103,7호선,먹골,10092,9684,19776
202103,7호선,중화,11266,11012,22278
202103,7호선,상봉,17288,16222,33510
202103,7호선,면목,15849,15442,31291
202103,7호선,사가정,16609,16401,33010
202103,7호선,용마산,6145,6069,12214
202103,7호선,중곡,10183,9420,19603
202103,7호선,군자,14828,11787,26615
202103,7호선,어린이대공원,13751,13983,27734
202103,7호선,건대입구,12022,12497,24519
202103,7호선,뚝섬유원지,10663,10258,20921
202103,7호선,청담,19879,22477,42356
202103,7호선,강남구청,16874,18583,35457
202103,7호선,학동,24899,26524,51423
202103,7호선,논현,20752,22220,42972
202103,7호선,반포,5882,5716,11598
202103,7호선,고속터미널,14611,13022,27633
202103,7호선,내방,14486,14867,29353
202103,7호선,이수,15395,15118,30513
202103,7호선,남성,11416,10431,21847
202103,7호선,숭실대입구,12603,12925,25528
202103,7호선,상도,10583,10189,20772
202103,7호선,장승배기,9824,9584,19408
202103,7호선,신대방삼거리,16418,16007,32425
202103,7호선,보라매,10201,10140,20341
202103,7호선,신풍,11958,11428,23386
202103,7호선,대림,7565,7543,15108
202103,7호선,남구로,16271,17511,33782
202103,7호선,가산디지털단지,48115,48908,97023
202103,7호선,철산,22188,22609,44797
202103,7호선,광명사거리,22783,22204,44987
202103,7호선,천왕,11742,11146,22888
202103,7호선,온수,11195,10274,21469
202103,7호선,부천종합운동장,4981,4544,9525
202103,7호선,신중동,14584,14366,28950
202103,7호선,부천시청,12572,12536,25108
202103,7호선,상동,12782,13199,25981
202103,7호선,삼산체육관,5199,4733,9932
202103,7호선,굴포천,8765,9248,18013
202103,7호선,부평구청,12037,9946,21983
202103,7호선,까치울,8077,7601,15678
202104,7호선,부평구청,12058,9986,22044
202104,7호선,굴포천,8662,9258,17920
202104,7호선,삼산체육관,5426,4927,10353
202104,7호선,상동,12344,12941,25285
202104,7호선,부천시청,12611,12356,24967
202104,7호선,신중동,14301,14237,28538
202104,7호선,춘의,9803,9678,19481
202104,7호선,부천종합운동장,5126,4578,9704
202104,7호선,까치울,8021,7585,15606
202104,7호선,온수,11351,10363,21714
202104,7호선,천왕,11582,11046,22628
202104,7호선,광명사거리,22331,21898,44229
202104,7호선,철산,21859,22191,44050
202104,7호선,가산디지털단지,47745,48594,96339
202104,7호선,남구로,16040,17261,33301
202104,7호선,대림,7540,7479,15019
202104,7호선,신풍,11837,11293,23130
202104,7호선,보라매,10045,10085,20130
202104,7호선,신대방삼거리,16411,15857,32268
202104,7호선,장승배기,9832,9488,19320
202104,7호선,상도,10704,10362,21066
202104,7호선,숭실대입구,12932,13098,26030
202104,7호선,남성,11552,10681,22233
202104,7호선,이수,15432,14897,30329
202104,7호선,내방,14390,14694,29084
202104,7호선,고속터미널,14629,12845,27474
202104,7호선,반포,5803,5686,11489
202104,7호선,논현,20633,22320,42953
202104,7호선,학동,24591,26526,51117
202104,7호선,강남구청,16711,18299,35010
202104,7호선,청담,19438,21995,41433
202104,7호선,뚝섬유원지,11685,11390,23075
202104,7호선,건대입구,11998,12571,24569
202104,7호선,어린이대공원,14357,14720,29077
202104,7호선,군자,14853,11787,26640
202104,7호선,중곡,10071,9210,19281
202104,7호선,용마산,6319,6156,12475
202104,7호선,사가정,16886,16681,33567
202104,7호선,면목,15764,15332,31096
202104,7호선,상봉,17352,15970,33322
202104,7호선,중화,11083,10906,21989
202104,7호선,태릉입구,8466,8116,16582
202104,7호선,공릉,12234,12237,24471
202104,7호선,하계,17914,16850,34764
202104,7호선,중계,14687,13310,27997
202104,7호선,노원,18931,20302,39233
202104,7호선,마들,12677,11937,24614
202104,7호선,수락산,12900,12782,25682
202104,7호선,도봉산,9370,11044,20414
202104,7호선,장암,2337,1007,3344
202104,7호선,먹골,9997,9772,19769
202104,7호선,부평구청,12155,9932,22087
202104,7호선,굴포천,8751,9338,18089
202104,7호선,삼산체육관,5251,4721,9972
202104,7호선,상동,12918,13614,26532
202104,7호선,부천시청,13045,13048,26093
202104,7호선,신중동,14858,15044,29902
202104,7호선,춘의,9982,9788,19770
202104,7호선,부천종합운동장,5108,4530,9638
202104,7호선,까치울,8106,7763,15869
202104,7호선,온수,11032,10297,21329
202104,7호선,천왕,11895,11084,22979
202104,7호선,광명사거리,23073,22687,45760
202104,7호선,철산,22357,23468,45825
202104,7호선,가산디지털단지,48346,47786,96132
202104,7호선,남구로,16250,17200,33450
202104,7호선,대림,7739,7947,15686
202104,7호선,신풍,12087,11601,23688
202104,7호선,보라매,10283,9911,20194
202104,7호선,신대방삼거리,16867,15885,32752
202104,7호선,장승배기,9928,9501,19429
202104,7호선,상도,10928,10519,21447
202104,7호선,숭실대입구,13119,12922,26041
202104,7호선,남성,11627,10469,22096
202104,7호선,이수,16153,15708,31861
202104,7호선,내방,14605,14845,29450
202104,7호선,고속터미널,17057,14335,31392
202104,7호선,논현,21349,23243,44592
202104,7호선,학동,24332,26250,50582
202104,7호선,강남구청,16532,18523,35055
202104,7호선,청담,20033,22486,42519
202104,7호선,뚝섬유원지,12348,12020,24368
202104,7호선,건대입구,12573,13563,26136
202104,7호선,어린이대공원,14949,15033,29982
202104,7호선,군자,15510,12119,27629
202104,7호선,중곡,10273,9476,19749
202104,7호선,용마산,6296,6046,12342
202104,7호선,사가정,16924,17034,33958
202104,7호선,면목,16186,15653,31839
202104,7호선,상봉,17912,16632,34544
202104,7호선,중화,11486,11224,22710
202104,7호선,먹골,10243,10015,20258
202104,7호선,태릉입구,8532,8006,16538
202104,7호선,공릉,12702,12459,25161
202104,7호선,하계,18188,16851,35039
202104,7호선,중계,14722,13146,27868
202104,7호선,노원,20177,21786,41963
202104,7호선,마들,12845,12177,25022
202104,7호선,수락산,13308,12920,26228
202104,7호선,도봉산,9539,11179,20718
202104,7호선,장암,2372,979,3351
202104,7호선,반포,6159,5867,12026
202104,7호선,장암,2493,960,3453
202104,7호선,도봉산,9579,11071,20650
202104,7호선,수락산,12821,12614,25435
202104,7호선,마들,12533,11788,24321
202104,7호선,노원,19020,20459,39479
202104,7호선,중계,14626,13414,28040
202104,7호선,하계,17432,16726,34158
202104,7호선,공릉,11579,11683,23262
202104,7호선,태릉입구,8218,7785,16003
202104,7호선,먹골,9919,9718,19637
202104,7호선,중화,11065,10965,22030
202104,7호선,상봉,17114,15936,33050
202104,7호선,면목,15922,15398,31320
202104,7호선,사가정,16406,16399,32805
202104,7호선,용마산,6144,5919,12063
202104,7호선,중곡,10080,9353,19433
202104,7호선,군자,14498,11715,26213
202104,7호선,어린이대공원,13197,13399,26596
202104,7호선,건대입구,11482,12262,23744
202104,7호선,뚝섬유원지,9765,9614,19379
202104,7호선,청담,19721,21723,41444
202104,7호선,강남구청,16179,17602,33781
202104,7호선,학동,24728,26218,50946
202104,7호선,논현,20947,22427,43374
202104,7호선,반포,5742,5552,11294
202104,7호선,고속터미널,15157,12680,27837
202104,7호선,내방,14296,14494,28790
202104,7호선,이수,14889,14537,29426
202104,7호선,남성,11160,10469,21629
202104,7호선,숭실대입구,12282,12665,24947
202104,7호선,상도,10323,10159,20482
202104,7호선,장승배기,9852,9606,19458
202104,7호선,신대방삼거리,16387,15956,32343
202104,7호선,보라매,9940,10030,19970
202104,7호선,신풍,11747,11291,23038
202104,7호선,대림,7908,7846,15754
202104,7호선,남구로,16553,17480,34033
202104,7호선,가산디지털단지,48782,48975,97757
202104,7호선,철산,22168,22166,44334
202104,7호선,광명사거리,22356,21939,44295
202104,7호선,천왕,11784,11096,22880
202104,7호선,온수,11393,10397,21790
202104,7호선,까치울,7845,7479,15324
202104,7호선,부천종합운동장,4926,4269,9195
202104,7호선,신중동,14137,14008,28145
202104,7호선,부천시청,12539,12463,25002
202104,7호선,상동,12014,12452,24466
202104,7호선,삼산체육관,5110,4588,9698
202104,7호선,굴포천,8493,9000,17493
202104,7호선,부평구청,11847,9806,21653
202104,7호선,춘의,9749,9643,19392
202104,7호선,반포,5669,5588,11257
202104,7호선,부평구청,12022,10066,22088
202104,7호선,굴포천,8700,9300,18000
202104,7호선,삼산체육관,5196,4727,9923
202104,7호선,상동,12432,12940,25372
202104,7호선,부천시청,12652,12379,25031
202104,7호선,신중동,14551,14464,29015
202104,7호선,춘의,9790,9654,19444
202104,7호선,부천종합운동장,4863,4339,9202
202104,7호선,까치울,8015,7639,15654
202104,7호선,온수,11534,10581,22115
202104,7호선,천왕,11839,11318,23157
202104,7호선,광명사거리,22760,22182,44942
202104,7호선,철산,21751,22242,43993
202104,7호선,가산디지털단지,49081,49132,98213
202104,7호선,남구로,16446,17402,33848
202104,7호선,대림,7819,7729,15548
202104,7호선,신풍,12100,11427,23527
202104,7호선,보라매,10097,10173,20270
202104,7호선,신대방삼거리,16656,16225,32881
202104,7호선,장승배기,9805,9489,19294
202104,7호선,상도,10563,10320,20883
202104,7호선,숭실대입구,12465,12857,25322
202104,7호선,남성,11389,10630,22019
202104,7호선,이수,15333,14920,30253
202104,7호선,내방,14617,14990,29607
202104,7호선,고속터미널,14748,12955,27703
202104,7호선,논현,20963,22638,43601
202104,7호선,학동,25135,26713,51848
202104,7호선,강남구청,16866,18566,35432
202104,7호선,청담,20038,22288,42326
202104,7호선,뚝섬유원지,9970,9940,19910
202104,7호선,건대입구,11765,12219,23984
202104,7호선,어린이대공원,13333,13500,26833
202104,7호선,군자,14990,11967,26957
202104,7호선,중곡,10120,9283,19403
202104,7호선,용마산,6171,6092,12263
202104,7호선,사가정,16792,16595,33387
202104,7호선,면목,16141,15724,31865
202104,7호선,상봉,17264,16179,33443
202104,7호선,중화,11276,11023,22299
202104,7호선,먹골,10205,9904,20109
202104,7호선,태릉입구,8300,7959,16259
202104,7호선,공릉,11831,11891,23722
202104,7호선,하계,17856,16775,34631
202104,7호선,중계,14750,13602,28352
202104,7호선,노원,19508,20735,40243
202104,7호선,마들,12613,12081,24694
202104,7호선,수락산,12894,12798,25692
202104,7호선,도봉산,9637,11375,21012
202104,7호선,장암,2381,971,3352
202104,7호선,보라매,10013,9938,19951
202104,7호선,부평구청,11980,9953,21933
202104,7호선,굴포천,8756,9307,18063
202104,7호선,삼산체육관,5124,4695,9819
202104,7호선,상동,12633,13180,25813
202104,7호선,부천시청,12670,12506,25176
202104,7호선,신중동,14429,14439,28868
202104,7호선,춘의,9883,9712,19595
202104,7호선,부천종합운동장,4768,4303,9071
202104,7호선,까치울,8174,7865,16039
202104,7호선,온수,11299,10352,21651
202104,7호선,천왕,11685,10964,22649
202104,7호선,광명사거리,22294,22023,44317
202104,7호선,철산,21836,22365,44201
202104,7호선,가산디지털단지,48431,48634,97065
202104,7호선,남구로,16411,17423,33834
202104,7호선,대림,7683,7562,15245
202104,7호선,신풍,11956,11562,23518
202104,7호선,신대방삼거리,16322,15741,32063
202104,7호선,장승배기,9708,9591,19299
202104,7호선,상도,10192,10039,20231
202104,7호선,숭실대입구,12164,12444,24608
202104,7호선,남성,11107,10349,21456
202104,7호선,이수,15411,14825,30236
202104,7호선,내방,14450,14757,29207
202104,7호선,고속터미널,14359,12553,26912
202104,7호선,반포,5749,5693,11442
202104,7호선,논현,21141,22322,43463
202104,7호선,학동,25016,26711,51727
202104,7호선,강남구청,16486,18096,34582
202104,7호선,청담,20012,22203,42215
202104,7호선,뚝섬유원지,10160,10080,20240
202104,7호선,건대입구,11574,11960,23534
202104,7호선,어린이대공원,13443,13531,26974
202104,7호선,군자,14640,11923,26563
202104,7호선,중곡,10054,9230,19284
202104,7호선,용마산,6254,6185,12439
202104,7호선,사가정,16457,16377,32834
202104,7호선,면목,15739,15453,31192
202104,7호선,상봉,17148,15890,33038
202104,7호선,중화,11337,11053,22390
202104,7호선,먹골,10145,10027,20172
202104,7호선,태릉입구,8470,7836,16306
202104,7호선,공릉,11831,11957,23788
202104,7호선,하계,18251,17477,35728
202104,7호선,중계,14323,13172,27495
202104,7호선,노원,18996,20242,39238
202104,7호선,마들,12495,11960,24455
202104,7호선,수락산,12956,12846,25802
202104,7호선,도봉산,9577,11178,20755
202104,7호선,장암,2341,931,3272
202104,7호선,부평구청,11973,9806,21779
202104,7호선,굴포천,8775,9467,18242
202104,7호선,삼산체육관,5087,4536,9623
202104,7호선,상동,12505,12899,25404
202104,7호선,부천시청,12532,12485,25017
202104,7호선,신중동,14225,14309,28534
202104,7호선,춘의,9765,9645,19410
202104,7호선,부천종합운동장,4751,4199,8950
202104,7호선,까치울,7976,7600,15576
202104,7호선,온수,11357,10535,21892
202104,7호선,천왕,11577,11000,22577
202104,7호선,광명사거리,22411,22175,44586
202104,7호선,철산,21664,22061,43725
202104,7호선,가산디지털단지,48314,48867,97181
202104,7호선,남구로,16072,17262,33334
202104,7호선,대림,7537,7407,14944
202104,7호선,신풍,11935,11386,23321
202104,7호선,보라매,9963,9929,19892
202104,7호선,신대방삼거리,16332,15862,32194
202104,7호선,장승배기,9754,9460,19214
202104,7호선,상도,10535,10291,20826
202104,7호선,숭실대입구,12593,12879,25472
202104,7호선,남성,11273,10484,21757
202104,7호선,이수,15392,14874,30266
202104,7호선,내방,14469,14825,29294
202104,7호선,고속터미널,14428,13018,27446
202104,7호선,반포,5897,5640,11537
202104,7호선,논현,21070,22660,43730
202104,7호선,학동,24722,26574,51296
202104,7호선,강남구청,16763,18373,35136
202104,7호선,청담,20037,22491,42528
202104,7호선,뚝섬유원지,9915,9846,19761
202104,7호선,건대입구,11717,12175,23892
202104,7호선,어린이대공원,13059,13040,26099
202104,7호선,군자,14822,11879,26701
202104,7호선,중곡,9999,9191,19190
202104,7호선,용마산,6226,6116,12342
202104,7호선,사가정,16595,16477,33072
202104,7호선,면목,15947,15577,31524
202104,7호선,상봉,17148,16130,33278
202104,7호선,중화,11012,10811,21823
202104,7호선,먹골,10154,10010,20164
202104,7호선,태릉입구,8359,7835,16194
202104,7호선,공릉,12026,11878,23904
202104,7호선,하계,17966,17008,34974
202104,7호선,중계,14523,13323,27846
202104,7호선,노원,18948,20271,39219
202104,7호선,마들,12587,11913,24500
202104,7호선,수락산,12931,12683,25614
202104,7호선,도봉산,9404,11165,20569
202104,7호선,장암,2406,1002,3408
202104,7호선,숭실대입구,12704,12681,25385
202104,7호선,상도,10867,10269,21136
202104,7호선,장승배기,9801,9400,19201
202104,7호선,신대방삼거리,16794,16133,32927
202104,7호선,보라매,9643,9393,19036
202104,7호선,신풍,11918,11427,23345
202104,7호선,대림,7569,7673,15242
202104,7호선,남구로,16148,17102,33250
202104,7호선,가산디지털단지,47147,47138,94285
202104,7호선,철산,22192,23111,45303
202104,7호선,광명사거리,23120,22606,45726
202104,7호선,천왕,11680,10932,22612
202104,7호선,온수,11344,10296,21640
202104,7호선,까치울,8191,7888,16079
202104,7호선,부천종합운동장,4841,4177,9018
202104,7호선,춘의,9851,9608,19459
202104,7호선,신중동,14785,15004,29789
202104,7호선,부천시청,12920,12847,25767
202104,7호선,상동,12723,13489,26212
202104,7호선,삼산체육관,5258,4729,9987
202104,7호선,굴포천,8747,9360,18107
202104,7호선,부평구청,11980,9952,21932
202104,7호선,장암,2431,1027,3458
202104,7호선,도봉산,9444,11179,20623
202104,7호선,수락산,13164,12962,26126
202104,7호선,마들,12930,12119,25049
202104,7호선,노원,20222,21767,41989
202104,7호선,중계,14998,13412,28410
202104,7호선,하계,18145,16913,35058
202104,7호선,공릉,12440,12143,24583
202104,7호선,태릉입구,8626,8073,16699
202104,7호선,먹골,10403,10059,20462
202104,7호선,중화,11550,11241,22791
202104,7호선,상봉,17940,16796,34736
202104,7호선,면목,16380,15864,32244
202104,7호선,사가정,16896,16964,33860
202104,7호선,용마산,6341,5960,12301
202104,7호선,중곡,10061,9284,19345
202104,7호선,군자,15223,12062,27285
202104,7호선,어린이대공원,13513,13211,26724
202104,7호선,건대입구,12354,12733,25087
202104,7호선,뚝섬유원지,11526,11318,22844
202104,7호선,청담,20261,22779,43040
202104,7호선,강남구청,17006,18730,35736
202104,7호선,학동,24361,26273,50634
202104,7호선,논현,21512,23289,44801
202104,7호선,반포,6232,5851,12083
202104,7호선,고속터미널,16351,14229,30580
202104,7호선,내방,14695,14910,29605
202104,7호선,이수,16164,15760,31924
202104,7호선,남성,11477,10501,21978
202104,7호선,부평구청,11467,9462,20929
202104,7호선,굴포천,8341,9042,17383
202104,7호선,삼산체육관,4760,4409,9169
202104,7호선,상동,11887,12212,24099
202104,7호선,부천시청,11717,11532,23249
202104,7호선,신중동,13604,13484,27088
202104,7호선,춘의,9557,9572,19129
202104,7호선,부천종합운동장,4480,3753,8233
202104,7호선,까치울,7239,6962,14201
202104,7호선,온수,10832,10080,20912
202104,7호선,천왕,11412,10801,22213
202104,7호선,장암,2271,773,3044
202104,7호선,철산,20667,21537,42204
202104,7호선,가산디지털단지,49082,47965,97047
202104,7호선,남구로,16624,17863,34487
202104,7호선,대림,8055,7888,15943
202104,7호선,신풍,11593,11296,22889
202104,7호선,보라매,9144,9115,18259
202104,7호선,신대방삼거리,15752,15462,31214
202104,7호선,장승배기,9418,9488,18906
202104,7호선,상도,10050,9910,19960
202104,7호선,숭실대입구,11614,12069,23683
202104,7호선,남성,10782,10431,21213
202104,7호선,이수,14514,14356,28870
202104,7호선,내방,14005,14346,28351
202104,7호선,고속터미널,14766,12244,27010
202104,7호선,반포,5299,5313,10612
202104,7호선,논현,20056,21821,41877
202104,7호선,학동,24446,25723,50169
202104,7호선,강남구청,15561,16966,32527
202104,7호선,청담,18899,21204,40103
202104,7호선,뚝섬유원지,6696,6631,13327
202104,7호선,건대입구,11017,11579,22596
202104,7호선,어린이대공원,11868,11953,23821
202104,7호선,군자,13915,11595,25510
202104,7호선,중곡,9590,9176,18766
202104,7호선,용마산,5902,5792,11694
202104,7호선,사가정,15662,15894,31556
202104,7호선,면목,15348,15279,30627
202104,7호선,상봉,16302,15029,31331
202104,7호선,중화,10748,10681,21429
202104,7호선,먹골,9609,9520,19129
202104,7호선,태릉입구,7892,7403,15295
202104,7호선,공릉,11140,11337,22477
202104,7호선,하계,16888,16180,33068
202104,7호선,중계,13935,13187,27122
202104,7호선,노원,18607,19016,37623
202104,7호선,마들,11922,11752,23674
202104,7호선,수락산,12161,12141,24302
202104,7호선,도봉산,8693,10000,18693
202104,7호선,광명사거리,21495,21254,42749
202104,7호선,장암,2328,951,3279
202104,7호선,도봉산,9290,10829,20119
202104,7호선,수락산,12644,12483,25127
202104,7호선,마들,12497,11882,24379
202104,7호선,노원,18800,19842,38642
202104,7호선,중계,14445,13350,27795
202104,7호선,하계,17537,16648,34185
202104,7호선,공릉,11738,11630,23368
202104,7호선,태릉입구,8003,7568,15571
202104,7호선,먹골,9858,9688,19546
202104,7호선,중화,11099,10929,22028
202104,7호선,상봉,17017,15849,32866
202104,7호선,면목,15788,15562,31350
202104,7호선,사가정,16534,16433,32967
202104,7호선,용마산,6140,5861,12001
202104,7호선,중곡,10054,9291,19345
202104,7호선,군자,14661,11800,26461
202104,7호선,어린이대공원,12612,12699,25311
202104,7호선,건대입구,11467,11667,23134
202104,7호선,뚝섬유원지,7750,7765,15515
202104,7호선,청담,19571,22066,41637
202104,7호선,강남구청,16638,18395,35033
202104,7호선,학동,25009,26619,51628
202104,7호선,논현,20716,22299,43015
202104,7호선,반포,5529,5359,10888
202104,7호선,고속터미널,13875,12424,26299
202104,7호선,내방,14311,14815,29126
202104,7호선,이수,15102,14769,29871
202104,7호선,남성,11330,10456,21786
202104,7호선,숭실대입구,12302,12642,24944
202104,7호선,상도,10431,10134,20565
202104,7호선,장승배기,9670,9398,19068
202104,7호선,신대방삼거리,16346,15875,32221
202104,7호선,보라매,9779,9681,19460
202104,7호선,신풍,11851,11232,23083
202104,7호선,대림,8045,7808,15853
202104,7호선,남구로,16403,17382,33785
202104,7호선,가산디지털단지,48842,48859,97701
202104,7호선,철산,21268,21725,42993
202104,7호선,광명사거리,22090,21785,43875
202104,7호선,천왕,11803,11137,22940
202104,7호선,온수,11400,10325,21725
202104,7호선,까치울,7721,7464,15185
202104,7호선,부천종합운동장,4694,4079,8773
202104,7호선,춘의,9674,9704,19378
202104,7호선,신중동,14259,14067,28326
202104,7호선,부천시청,12235,12088,24323
202104,7호선,상동,12169,12664,24833
202104,7호선,삼산체육관,5069,4694,9763
202104,7호선,굴포천,8544,8990,17534
202104,7호선,부평구청,11901,9887,21788
202104,7호선,부평구청,11919,9985,21904
202104,7호선,굴포천,8577,9193,17770
202104,7호선,삼산체육관,5253,4897,10150
202104,7호선,상동,12461,12978,25439
202104,7호선,부천시청,12387,12404,24791
202104,7호선,신중동,14389,14257,28646
202104,7호선,춘의,9911,9649,19560
202104,7호선,부천종합운동장,4729,4201,8930
202104,7호선,까치울,7861,7574,15435
202104,7호선,온수,11078,10298,21376
202104,7호선,천왕,11763,11157,22920
202104,7호선,광명사거리,22458,22238,44696
202104,7호선,철산,21703,22130,43833
202104,7호선,가산디지털단지,48610,48460,97070
202104,7호선,남구로,16307,17415,33722
202104,7호선,대림,7682,7623,15305
202104,7호선,신풍,12012,11443,23455
202104,7호선,보라매,10000,9830,19830
202104,7호선,신대방삼거리,16285,15883,32168
202104,7호선,장승배기,9664,9446,19110
202104,7호선,상도,10345,10170,20515
202104,7호선,숭실대입구,12484,12741,25225
202104,7호선,남성,11207,10506,21713
202104,7호선,이수,15244,14937,30181
202104,7호선,내방,14452,14820,29272
202104,7호선,고속터미널,13970,12300,26270
202104,7호선,반포,5798,5586,11384
202104,7호선,논현,20843,22286,43129
202104,7호선,학동,24925,26578,51503
202104,7호선,강남구청,16903,18429,35332
202104,7호선,청담,19799,22192,41991
202104,7호선,뚝섬유원지,8330,8256,16586
202104,7호선,건대입구,11495,11725,23220
202104,7호선,어린이대공원,12604,12620,25224
202104,7호선,군자,14759,12018,26777
202104,7호선,중곡,10085,9314,19399
202104,7호선,용마산,6105,5905,12010
202104,7호선,사가정,16475,16610,33085
202104,7호선,면목,16010,15556,31566
202104,7호선,상봉,17040,15901,32941
202104,7호선,중화,11024,10794,21818
202104,7호선,먹골,9929,9778,19707
202104,7호선,태릉입구,8406,7948,16354
202104,7호선,공릉,11838,11604,23442
202104,7호선,하계,18022,17054,35076
202104,7호선,중계,14655,13549,28204
202104,7호선,노원,18890,20134,39024
202104,7호선,마들,12577,12057,24634
202104,7호선,수락산,12835,12742,25577
202104,7호선,도봉산,9418,11260,20678
202104,7호선,장암,2393,892,3285
202104,7호선,태릉입구,8299,7676,15975
202104,7호선,부평구청,12019,9982,22001
202104,7호선,굴포천,8715,9168,17883
202104,7호선,삼산체육관,5190,4679,9869
202104,7호선,상동,12385,12913,25298
202104,7호선,부천시청,12335,12413,24748
202104,7호선,신중동,14517,14438,28955
202104,7호선,춘의,9806,9623,19429
202104,7호선,부천종합운동장,4739,4217,8956
202104,7호선,까치울,8074,7724,15798
202104,7호선,온수,11075,10266,21341
202104,7호선,천왕,11540,11049,22589
202104,7호선,광명사거리,22491,22059,44550
202104,7호선,철산,21203,21769,42972
202104,7호선,가산디지털단지,48060,48235,96295
202104,7호선,남구로,16387,17316,33703
202104,7호선,대림,7626,7682,15308
202104,7호선,신풍,11888,11290,23178
202104,7호선,보라매,9921,9703,19624
202104,7호선,신대방삼거리,16153,15814,31967
202104,7호선,장승배기,9784,9458,19242
202104,7호선,상도,10519,10289,20808
202104,7호선,숭실대입구,12625,12790,25415
202104,7호선,남성,11272,10466,21738
202104,7호선,이수,15279,14737,30016
202104,7호선,내방,14282,14569,28851
202104,7호선,고속터미널,14354,12888,27242
202104,7호선,반포,5774,5645,11419
202104,7호선,논현,20524,22228,42752
202104,7호선,학동,24695,26392,51087
202104,7호선,강남구청,16796,18364,35160
202104,7호선,청담,19507,21938,41445
202104,7호선,뚝섬유원지,8906,8638,17544
202104,7호선,건대입구,11482,11763,23245
202104,7호선,어린이대공원,12569,12580,25149
202104,7호선,군자,14769,11744,26513
202104,7호선,중곡,10134,9243,19377
202104,7호선,용마산,6167,5983,12150
202104,7호선,사가정,16603,16482,33085
202104,7호선,면목,15869,15492,31361
202104,7호선,상봉,16984,16076,33060
202104,7호선,중화,11176,10961,22137
202104,7호선,먹골,9926,9852,19778
202104,7호선,공릉,11464,11502,22966
202104,7호선,하계,17566,16764,34330
202104,7호선,중계,14545,13395,27940
202104,7호선,노원,18843,20131,38974
202104,7호선,마들,12555,11971,24526
202104,7호선,수락산,12810,12660,25470
202104,7호선,도봉산,9437,11340,20777
202104,7호선,장암,2370,966,3336
202104,7호선,장암,2211,898,3109
202104,7호선,도봉산,8810,10091,18901
202104,7호선,수락산,12384,12296,24680
202104,7호선,마들,12314,11598,23912
202104,7호선,노원,19754,21160,40914
202104,7호선,중계,14400,12890,27290
202104,7호선,하계,17201,16046,33247
202104,7호선,공릉,11525,11481,23006
202104,7호선,태릉입구,8142,7776,15918
202104,7호선,먹골,9835,9677,19512
202104,7호선,중화,11053,10681,21734
202104,7호선,상봉,17040,16313,33353
202104,7호선,면목,15530,15043,30573
202104,7호선,사가정,16126,16127,32253
202104,7호선,용마산,6097,5791,11888
202104,7호선,중곡,9847,9198,19045
202104,7호선,군자,14700,11637,26337
202104,7호선,어린이대공원,12388,12204,24592
202104,7호선,건대입구,11684,12177,23861
202104,7호선,뚝섬유원지,7739,7685,15424
202104,7호선,청담,19088,21638,40726
202104,7호선,강남구청,16516,18216,34732
202104,7호선,학동,24123,25807,49930
202104,7호선,논현,20779,22525,43304
202104,7호선,반포,5845,5515,11360
202104,7호선,고속터미널,15955,13745,29700
202104,7호선,내방,14251,14390,28641
202104,7호선,이수,15695,15390,31085
202104,7호선,남성,10990,10022,21012
202104,7호선,숭실대입구,12319,12168,24487
202104,7호선,상도,10438,9943,20381
202104,7호선,장승배기,9625,9256,18881
202104,7호선,신대방삼거리,16175,15563,31738
202104,7호선,보라매,9856,9591,19447
202104,7호선,신풍,11724,11128,22852
202104,7호선,대림,7730,7712,15442
202104,7호선,남구로,15930,16997,32927
202104,7호선,가산디지털단지,47014,46865,93879
202104,7호선,철산,21422,22234,43656
202104,7호선,광명사거리,22318,21847,44165
202104,7호선,천왕,11441,10691,22132
202104,7호선,온수,10895,9888,20783
202104,7호선,까치울,7688,7404,15092
202104,7호선,부천종합운동장,4453,3866,8319
202104,7호선,춘의,9773,9523,19296
202104,7호선,신중동,14292,14278,28570
202104,7호선,부천시청,12575,12596,25171
202104,7호선,상동,12248,13042,25290
202104,7호선,삼산체육관,5193,4680,9873
202104,7호선,굴포천,8517,9150,17667
202104,7호선,부평구청,11758,9708,21466
202104,7호선,부평구청,11560,9559,21119
202104,7호선,굴포천,8266,8865,17131
202104,7호선,삼산체육관,5057,4545,9602
202104,7호선,상동,11921,12528,24449
202104,7호선,부천시청,11582,11321,22903
202104,7호선,신중동,13584,13436,27020
202104,7호선,춘의,9708,9552,19260
202104,7호선,부천종합운동장,4706,4134,8840
202104,7호선,까치울,7786,7384,15170
202104,7호선,온수,11014,10120,21134
202104,7호선,천왕,11609,10992,22601
202104,7호선,광명사거리,22030,21624,43654
202104,7호선,철산,21084,21675,42759
202104,7호선,가산디지털단지,48164,48328,96492
202104,7호선,남구로,16449,17377,33826
202104,7호선,대림,7835,7902,15737
202104,7호선,신풍,11729,11191,22920
202104,7호선,보라매,9782,9921,19703
202104,7호선,신대방삼거리,16183,15784,31967
202104,7호선,장승배기,9625,9352,18977
202104,7호선,상도,10168,9865,20033
202104,7호선,숭실대입구,12298,12648,24946
202104,7호선,남성,11201,10569,21770
202104,7호선,이수,14680,14416,29096
202104,7호선,내방,14054,14427,28481
202104,7호선,고속터미널,14919,12571,27490
202104,7호선,반포,5567,5400,10967
202104,7호선,논현,20617,22035,42652
202104,7호선,학동,24260,25769,50029
202104,7호선,강남구청,15878,17240,33118
202104,7호선,청담,19184,21271,40455
202104,7호선,뚝섬유원지,8451,8342,16793
202104,7호선,건대입구,10649,11079,21728
202104,7호선,어린이대공원,11932,11985,23917
202104,7호선,군자,14228,11478,25706
202104,7호선,중곡,9912,9146,19058
202104,7호선,용마산,6134,5883,12017
202104,7호선,사가정,16328,16467,32795
202104,7호선,면목,16429,15973,32402
202104,7호선,상봉,16676,15459,32135
202104,7호선,중화,10873,10936,21809
202104,7호선,먹골,9614,9462,19076
202104,7호선,태릉입구,8057,7652,15709
202104,7호선,공릉,11627,11601,23228
202104,7호선,하계,17004,16215,33219
202104,7호선,중계,14434,13263,27697
202104,7호선,노원,17912,19332,37244
202104,7호선,마들,12244,11694,23938
202104,7호선,수락산,12776,12513,25289
202104,7호선,도봉산,9408,10829,20237
202104,7호선,장암,2376,926,3302
202104,7호선,부평구청,12017,9953,21970
202104,7호선,굴포천,8629,9203,17832
202104,7호선,삼산체육관,5311,4816,10127
202104,7호선,상동,12125,12562,24687
202104,7호선,이수,15253,14726,29979
202104,7호선,내방,14425,14667,29092
202104,7호선,고속터미널,14393,12700,27093
202104,7호선,반포,5658,5426,11084
202104,7호선,논현,21075,22403,43478
202104,7호선,학동,24736,26305,51041
202104,7호선,강남구청,16623,18185,34808
202104,7호선,청담,19821,21949,41770
202104,7호선,뚝섬유원지,8984,8998,17982
202104,7호선,건대입구,11122,11398,22520
202104,7호선,어린이대공원,12018,12058,24076
202104,7호선,군자,14458,11775,26233
202104,7호선,중곡,10006,9189,19195
202104,7호선,용마산,6189,6127,12316
202104,7호선,사가정,16833,16890,33723
202104,7호선,면목,16918,16568,33486
202104,7호선,상봉,16982,15905,32887
202104,7호선,중화,11176,10983,22159
202104,7호선,먹골,9913,9822,19735
202104,7호선,태릉입구,8474,8025,16499
202104,7호선,공릉,11961,11785,23746
202104,7호선,하계,17502,16599,34101
202104,7호선,중계,14651,13510,28161
202104,7호선,노원,18891,20327,39218
202104,7호선,마들,12490,11849,24339
202104,7호선,수락산,12831,12955,25786
202104,7호선,도봉산,9586,11310,20896
202104,7호선,장암,2323,904,3227
202104,7호선,남성,11612,10776,22388
202104,7호선,숭실대입구,13021,13277,26298
202104,7호선,상도,10370,10152,20522
202104,7호선,장승배기,9788,9630,19418
202104,7호선,신대방삼거리,16294,15826,32120
202104,7호선,보라매,9967,9961,19928
202104,7호선,신풍,12079,11529,23608
202104,7호선,대림,7713,7653,15366
202104,7호선,남구로,16725,17654,34379
202104,7호선,가산디지털단지,48570,48524,97094
202104,7호선,철산,21429,22137,43566
202104,7호선,광명사거리,22484,22177,44661
202104,7호선,천왕,11741,11250,22991
202104,7호선,온수,11233,10439,21672
202104,7호선,까치울,8052,7667,15719
202104,7호선,부천종합운동장,4747,4213,8960
202104,7호선,춘의,9837,9648,19485
202104,7호선,신중동,14417,14324,28741
202104,7호선,부천시청,12390,12397,24787
202104,7호선,부평구청,12263,10145,22408
202104,7호선,굴포천,8801,9375,18176
202104,7호선,삼산체육관,5240,4753,9993
202104,7호선,상동,12810,13514,26324
202104,7호선,부천시청,12516,12383,24899
202104,7호선,신중동,14621,14468,29089
202104,7호선,춘의,10001,9718,19719
202104,7호선,부천종합운동장,4759,4147,8906
202104,7호선,까치울,8031,7677,15708
202104,7호선,온수,11249,10441,21690
202104,7호선,천왕,11944,11345,23289
202104,7호선,광명사거리,22385,22048,44433
202104,7호선,철산,21673,22352,44025
202104,7호선,가산디지털단지,48068,48333,96401
202104,7호선,남구로,16630,17528,34158
202104,7호선,대림,7545,7535,15080
202104,7호선,신풍,11886,11417,23303
202104,7호선,보라매,10118,10150,20268
202104,7호선,신대방삼거리,16482,15839,32321
202104,7호선,장승배기,9875,9551,19426
202104,7호선,상도,10583,10234,20817
202104,7호선,숭실대입구,12609,12875,25484
202104,7호선,남성,11648,10934,22582
202104,7호선,이수,15516,15037,30553
202104,7호선,내방,14566,14782,29348
202104,7호선,고속터미널,14272,12722,26994
202104,7호선,반포,6041,5803,11844
202104,7호선,논현,20932,22194,43126
202104,7호선,학동,24783,26603,51386
202104,7호선,강남구청,16603,18303,34906
202104,7호선,청담,19871,22097,41968
202104,7호선,뚝섬유원지,9760,9677,19437
202104,7호선,건대입구,11315,11396,22711
202104,7호선,어린이대공원,12313,12169,24482
202104,7호선,군자,14559,11886,26445
202104,7호선,중곡,10097,9193,19290
202104,7호선,용마산,6269,5990,12259
202104,7호선,사가정,16649,16656,33305
202104,7호선,면목,16831,16500,33331
202104,7호선,상봉,16991,15914,32905
202104,7호선,중화,11205,11031,22236
202104,7호선,먹골,10001,9810,19811
202104,7호선,태릉입구,8587,8062,16649
202104,7호선,공릉,11929,11853,23782
202104,7호선,하계,18212,17481,35693
202104,7호선,중계,14924,13754,28678
202104,7호선,노원,19056,20084,39140
202104,7호선,마들,12629,11953,24582
202104,7호선,수락산,13070,12902,25972
202104,7호선,도봉산,9674,11192,20866
202104,7호선,장암,2333,907,3240
202104,7호선,학동,24625,26251,50876
202104,7호선,강남구청,16737,18363,35100
202104,7호선,청담,19415,21885,41300
202104,7호선,뚝섬유원지,9705,9689,19394
202104,7호선,건대입구,11230,11668,22898
202104,7호선,어린이대공원,12332,12221,24553
202104,7호선,군자,14475,11684,26159
202104,7호선,중곡,9987,9187,19174
202104,7호선,용마산,6171,6003,12174
202104,7호선,사가정,16728,16689,33417
202104,7호선,면목,16616,16289,32905
202104,7호선,상봉,16853,15827,32680
202104,7호선,중화,11082,10757,21839
202104,7호선,먹골,9990,9702,19692
202104,7호선,태릉입구,8223,7859,16082
202104,7호선,공릉,11901,11758,23659
202104,7호선,하계,17423,16556,33979
202104,7호선,중계,14555,13310,27865
202104,7호선,노원,18458,19769,38227
202104,7호선,마들,12530,11935,24465
202104,7호선,수락산,12840,12623,25463
202104,7호선,도봉산,9427,11056,20483
202104,7호선,장암,2322,940,3262
202104,7호선,부평구청,11979,9856,21835
202104,7호선,굴포천,8712,9355,18067
202104,7호선,삼산체육관,5212,4716,9928
202104,7호선,상동,12334,13067,25401
202104,7호선,부천시청,12164,12164,24328
202104,7호선,신중동,14378,14309,28687
202104,7호선,춘의,9607,9483,19090
202104,7호선,부천종합운동장,4694,4173,8867
202104,7호선,까치울,7949,7599,15548
202104,7호선,온수,11203,10306,21509
202104,7호선,천왕,11655,11157,22812
202104,7호선,광명사거리,22048,21633,43681
202104,7호선,철산,21370,21808,43178
202104,7호선,가산디지털단지,47596,48072,95668
202104,7호선,남구로,16270,17440,33710
202104,7호선,대림,7370,7306,14676
202104,7호선,신풍,11803,11190,22993
202104,7호선,보라매,9902,9839,19741
202104,7호선,신대방삼거리,16198,15730,31928
202104,7호선,장승배기,9794,9566,19360
202104,7호선,상도,10537,10238,20775
202104,7호선,숭실대입구,13750,13989,27739
202104,7호선,남성,11582,10643,22225
202104,7호선,이수,15336,15110,30446
202104,7호선,내방,14156,14488,28644
202104,7호선,고속터미널,14530,12634,27164
202104,7호선,반포,5852,5615,11467
202104,7호선,논현,20606,22260,42866
202104,7호선,장암,2342,974,3316
202104,7호선,도봉산,9118,10652,19770
202104,7호선,수락산,13084,12790,25874
202104,7호선,마들,12748,12011,24759
202104,7호선,노원,19374,21146,40520
202104,7호선,중계,14454,12976,27430
202104,7호선,하계,17601,16333,33934
202104,7호선,공릉,11999,11903,23902
202104,7호선,태릉입구,8456,7937,16393
202104,7호선,먹골,10125,9911,20036
202104,7호선,중화,11097,10903,22000
202104,7호선,상봉,17318,16251,33569
202104,7호선,면목,16621,15911,32532
202104,7호선,사가정,16769,16837,33606
202104,7호선,용마산,6199,5954,12153
202104,7호선,중곡,10103,9208,19311
202104,7호선,군자,14985,11811,26796
202104,7호선,어린이대공원,12569,12294,24863
202104,7호선,건대입구,11652,12140,23792
202104,7호선,뚝섬유원지,10095,9930,20025
202104,7호선,청담,19622,21777,41399
202104,7호선,강남구청,16902,18629,35531
202104,7호선,학동,24067,25961,50028
202104,7호선,논현,21142,22816,43958
202104,7호선,반포,6020,5827,11847
202104,7호선,고속터미널,16988,14299,31287
202104,7호선,내방,14284,14640,28924
202104,7호선,이수,15911,15392,31303
202104,7호선,남성,11489,10521,22010
202104,7호선,숭실대입구,12751,12700,25451
202104,7호선,상도,10797,10245,21042
202104,7호선,장승배기,10041,9507,19548
202104,7호선,신대방삼거리,16456,15845,32301
202104,7호선,보라매,9923,9774,19697
202104,7호선,신풍,11861,11303,23164
202104,7호선,대림,7461,7662,15123
202104,7호선,남구로,16083,17156,33239
202104,7호선,가산디지털단지,47494,47333,94827
202104,7호선,철산,21873,22768,44641
202104,7호선,광명사거리,22789,22393,45182
202104,7호선,천왕,11693,10984,22677
202104,7호선,온수,11102,10325,21427
202104,7호선,까치울,7848,7688,15536
202104,7호선,부천종합운동장,4964,4167,9131
202104,7호선,춘의,9778,9432,19210
202104,7호선,신중동,14529,14605,29134
202104,7호선,부천시청,12712,12810,25522
202104,7호선,상동,12470,13144,25614
202104,7호선,삼산체육관,5188,4699,9887
202104,7호선,굴포천,8743,9395,18138
202104,7호선,부평구청,11842,9844,21686
202104,7호선,부평구청,12081,10031,22112
202104,7호선,굴포천,8553,9110,17663
202104,7호선,삼산체육관,5188,4751,9939
202104,7호선,상동,11944,12360,24304
202104,7호선,부천시청,12078,12057,24135
202104,7호선,신중동,14111,13864,27975
202104,7호선,춘의,9631,9607,19238
202104,7호선,부천종합운동장,4719,4107,8826
202104,7호선,까치울,7760,7501,15261
202104,7호선,온수,11333,10383,21716
202104,7호선,천왕,11653,11150,22803
202104,7호선,광명사거리,22250,21870,44120
202104,7호선,철산,21790,22062,43852
202104,7호선,가산디지털단지,47975,48165,96140
202104,7호선,남구로,16800,17603,34403
202104,7호선,대림,7766,7503,15269
202104,7호선,신풍,11760,11200,22960
202104,7호선,보라매,9794,9819,19613
202104,7호선,신대방삼거리,16287,15792,32079
202104,7호선,장승배기,9567,9386,18953
202104,7호선,상도,10339,10169,20508
202104,7호선,숭실대입구,12593,13104,25697
202104,7호선,남성,11086,10392,21478
202104,7호선,이수,14999,14566,29565
202104,7호선,내방,13975,14246,28221
202104,7호선,고속터미널,15222,12731,27953
202104,7호선,반포,5642,5545,11187
202104,7호선,논현,20734,22133,42867
202104,7호선,학동,24406,25854,50260
202104,7호선,강남구청,15911,17305,33216
202104,7호선,청담,19258,21250,40508
202104,7호선,뚝섬유원지,10041,9725,19766
202104,7호선,건대입구,11335,11892,23227
202104,7호선,어린이대공원,12799,13149,25948
202104,7호선,군자,14351,11584,25935
202104,7호선,중곡,10070,9134,19204
202104,7호선,용마산,6175,5969,12144
202104,7호선,사가정,16308,16378,32686
202104,7호선,면목,15989,15526,31515
202104,7호선,상봉,16682,15695,32377
202104,7호선,중화,10987,10867,21854
202104,7호선,먹골,9855,9609,19464
202104,7호선,태릉입구,8041,7769,15810
202104,7호선,공릉,11822,11772,23594
202104,7호선,하계,17487,16420,33907
202104,7호선,중계,14416,13328,27744
202104,7호선,노원,18998,20191,39189
202104,7호선,마들,12443,11804,24247
202104,7호선,수락산,12690,12631,25321
202104,7호선,도봉산,9267,10888,20155
202104,7호선,장암,2397,904,3301
202104,7호선,장암,2323,929,3252
202104,7호선,도봉산,9279,10893,20172
202104,7호선,수락산,12779,12594,25373
202104,7호선,마들,12354,11850,24204
202104,7호선,노원,18881,20152,39033
202104,7호선,중계,14802,13586,28388
202104,7호선,하계,17679,16842,34521
202104,7호선,공릉,11745,11805,23550
202104,7호선,태릉입구,8325,7933,16258
202104,7호선,먹골,9905,9784,19689
202104,7호선,중화,11084,11039,22123
202104,7호선,상봉,17002,15759,32761
202104,7호선,면목,16036,15625,31661
202104,7호선,사가정,16536,16278,32814
202104,7호선,용마산,6182,6077,12259
202104,7호선,중곡,10246,9453,19699
202104,7호선,군자,14640,11762,26402
202104,7호선,어린이대공원,12525,12254,24779
202104,7호선,건대입구,11461,11821,23282
202104,7호선,뚝섬유원지,8737,8709,17446
202104,7호선,청담,19684,21988,41672
202104,7호선,강남구청,16695,18333,35028
202104,7호선,학동,24853,26603,51456
202104,7호선,논현,20854,22494,43348
202104,7호선,반포,5703,5410,11113
202104,7호선,고속터미널,14346,12708,27054
202104,7호선,내방,14398,14829,29227
202104,7호선,이수,15369,14650,30019
202104,7호선,남성,11341,10699,22040
202104,7호선,숭실대입구,12063,12278,24341
202104,7호선,상도,10761,10642,21403
202104,7호선,장승배기,9794,9526,19320
202104,7호선,신대방삼거리,16457,15984,32441
202104,7호선,보라매,10074,9992,20066
202104,7호선,신풍,11952,11409,23361
202104,7호선,대림,7570,7568,15138
202104,7호선,남구로,16544,17647,34191
202104,7호선,가산디지털단지,48876,48571,97447
202104,7호선,철산,21180,21820,43000
202104,7호선,광명사거리,21987,21675,43662
202104,7호선,천왕,11581,11174,22755
202104,7호선,온수,11267,10299,21566
202104,7호선,까치울,7839,7423,15262
202104,7호선,부천종합운동장,4654,4062,8716
202104,7호선,춘의,9880,9780,19660
202104,7호선,신중동,14217,14169,28386
202104,7호선,부천시청,12391,12222,24613
202104,7호선,상동,12096,12715,24811
202104,7호선,삼산체육관,5374,4930,10304
202104,7호선,굴포천,8757,9391,18148
202104,7호선,부평구청,12149,10113,22262
202104,7호선,부평구청,12057,9952,22009
202104,7호선,굴포천,8710,9226,17936
202104,7호선,삼산체육관,5232,4831,10063
202104,7호선,상동,12252,12768,25020
202104,7호선,부천시청,12297,12264,24561
202104,7호선,신중동,14371,14240,28611
202104,7호선,춘의,9855,9619,19474
202104,7호선,부천종합운동장,4609,4076,8685
202104,7호선,까치울,7869,7598,15467
202104,7호선,온수,11232,10307,21539
202104,7호선,천왕,11771,11204,22975
202104,7호선,광명사거리,22345,21946,44291
202104,7호선,철산,21589,22252,43841
202104,7호선,가산디지털단지,48621,48680,97301
202104,7호선,남구로,16389,17614,34003
202104,7호선,대림,7472,7484,14956
202104,7호선,신풍,11834,11317,23151
202104,7호선,보라매,10093,10125,20218
202104,7호선,신대방삼거리,16619,16081,32700
202104,7호선,장승배기,9750,9410,19160
202104,7호선,상도,10662,10393,21055
202104,7호선,숭실대입구,12298,12615,24913
202104,7호선,남성,11683,10754,22437
202104,7호선,이수,15507,15033,30540
202104,7호선,내방,14463,14774,29237
202104,7호선,고속터미널,14043,12508,26551
202104,7호선,논현,20869,22100,42969
202104,7호선,학동,24653,26193,50846
202104,7호선,강남구청,16796,18445,35241
202104,7호선,청담,19756,22003,41759
202104,7호선,뚝섬유원지,9747,9484,19231
202104,7호선,건대입구,11842,12242,24084
202104,7호선,어린이대공원,12454,12391,24845
202104,7호선,군자,14641,11909,26550
202104,7호선,중곡,10245,9411,19656
202104,7호선,용마산,6154,5953,12107
202104,7호선,사가정,16625,16451,33076
202104,7호선,면목,15755,15415,31170
202104,7호선,상봉,16868,16019,32887
202104,7호선,중화,11239,10929,22168
202104,7호선,먹골,10036,9782,19818
202104,7호선,태릉입구,8431,8001,16432
202104,7호선,공릉,11859,11947,23806
202104,7호선,하계,18385,17514,35899
202104,7호선,중계,14789,13512,28301
202104,7호선,노원,19272,20430,39702
202104,7호선,마들,12609,12047,24656
202104,7호선,수락산,12780,12741,25521
202104,7호선,도봉산,9345,10911,20256
202104,7호선,장암,2401,1001,3402
202104,7호선,반포,5853,5643,11496
202104,7호선,장암,2348,967,3315
202104,7호선,도봉산,9305,10822,20127
202104,7호선,수락산,12869,12620,25489
202104,7호선,마들,12658,11948,24606
202104,7호선,노원,18847,20165,39012
202104,7호선,중계,14555,13381,27936
202104,7호선,하계,17543,16600,34143
202104,7호선,공릉,11872,11959,23831
202104,7호선,태릉입구,8464,7909,16373
202104,7호선,중화,11065,10896,21961
202104,7호선,상봉,17051,15884,32935
202104,7호선,면목,15915,15470,31385
202104,7호선,사가정,16758,16604,33362
202104,7호선,용마산,6206,6037,12243
202104,7호선,중곡,10104,9202,19306
202104,7호선,군자,14576,11883,26459
202104,7호선,어린이대공원,12349,12138,24487
202104,7호선,건대입구,11753,12285,24038
202104,7호선,뚝섬유원지,10013,9498,19511
202104,7호선,청담,19782,21872,41654
202104,7호선,강남구청,16642,18390,35032
202104,7호선,학동,24568,26206,50774
202104,7호선,논현,20653,22253,42906
202104,7호선,반포,5911,5636,11547
202104,7호선,고속터미널,14668,12714,27382
202104,7호선,내방,14223,14560,28783
202104,7호선,이수,15613,14964,30577
202104,7호선,남성,11079,10292,21371
202104,7호선,숭실대입구,12376,12628,25004
202104,7호선,상도,10667,10319,20986
202104,7호선,장승배기,9664,9305,18969
202104,7호선,신대방삼거리,16321,15825,32146
202104,7호선,보라매,9974,9983,19957
202104,7호선,신풍,11845,11258,23103
202104,7호선,대림,7225,7327,14552
202104,7호선,남구로,16271,17591,33862
202104,7호선,가산디지털단지,47892,48323,96215
202104,7호선,철산,21522,22168,43690
202104,7호선,광명사거리,22239,21722,43961
202104,7호선,천왕,11786,11193,22979
202104,7호선,온수,11338,10421,21759
202104,7호선,까치울,7811,7597,15408
202104,7호선,부천종합운동장,4589,3997,8586
202104,7호선,춘의,9681,9492,19173
202104,7호선,신중동,14223,14232,28455
202104,7호선,부천시청,12367,12373,24740
202104,7호선,상동,12312,12701,25013
202104,7호선,삼산체육관,5192,4918,10110
202104,7호선,굴포천,9011,9517,18528
202104,7호선,부평구청,12065,9985,22050
202104,7호선,먹골,9965,9655,19620
202104,7호선,장암,2407,1007,3414
202104,7호선,도봉산,9191,10645,19836
202104,7호선,수락산,13068,12858,25926
202104,7호선,마들,12842,12155,24997
202104,7호선,노원,20080,21727,41807
202104,7호선,중계,14708,13179,27887
202104,7호선,하계,17873,16662,34535
202104,7호선,공릉,12434,12155,24589
202104,7호선,태릉입구,8566,8152,16718
202104,7호선,먹골,10339,10113,20452
202104,7호선,중화,11360,10980,22340
202104,7호선,상봉,17463,16453,33916
202104,7호선,면목,16088,15602,31690
202104,7호선,사가정,16674,16788,33462
202104,7호선,용마산,6270,6013,12283
202104,7호선,중곡,10227,9344,19571
202104,7호선,군자,15183,11949,27132
202104,7호선,어린이대공원,12568,12377,24945
202104,7호선,건대입구,12226,12942,25168
202104,7호선,뚝섬유원지,8894,8627,17521
202104,7호선,청담,19578,21980,41558
202104,7호선,강남구청,16665,18378,35043
202104,7호선,학동,24035,25993,50028
202104,7호선,논현,21102,22898,44000
202104,7호선,반포,6086,5826,11912
202104,7호선,고속터미널,17165,14574,31739
202104,7호선,내방,14479,14742,29221
202104,7호선,이수,16130,15495,31625
202104,7호선,남성,11517,10523,22040
202104,7호선,숭실대입구,12563,12488,25051
202104,7호선,상도,10855,10583,21438
202104,7호선,장승배기,9873,9462,19335
202104,7호선,신대방삼거리,16789,16141,32930
202104,7호선,보라매,10100,9918,20018
202104,7호선,신풍,12083,11446,23529
202104,7호선,대림,7900,8299,16199
202104,7호선,남구로,16345,17416,33761
202104,7호선,가산디지털단지,48014,47678,95692
202104,7호선,철산,22175,23074,45249
202104,7호선,광명사거리,22878,22539,45417
202104,7호선,천왕,11799,11173,22972
202104,7호선,온수,11259,10356,21615
202104,7호선,까치울,7887,7563,15450
202104,7호선,부천종합운동장,4632,4037,8669
202104,7호선,춘의,9727,9453,19180
202104,7호선,신중동,14719,14700,29419
202104,7호선,부천시청,12813,12938,25751
202104,7호선,상동,12702,13314,26016
202104,7호선,삼산체육관,5196,4728,9924
202104,7호선,굴포천,8898,9724,18622
202104,7호선,부평구청,12154,9945,22099
202105,7호선,부평구청,11804,9632,21436
202105,7호선,굴포천,8584,9197,17781
202105,7호선,삼산체육관,5164,4612,9776
202105,7호선,상동,12048,12579,24627
202105,7호선,부천시청,12570,12200,24770
202105,7호선,신중동,14412,14262,28674
202105,7호선,춘의,9690,9604,19294
202105,7호선,부천종합운동장,4738,4174,8912
202105,7호선,까치울,7780,7515,15295
202105,7호선,온수,11069,10226,21295
202105,7호선,천왕,11757,11174,22931
202105,7호선,광명사거리,22498,22078,44576
202105,7호선,철산,21840,22115,43955
202105,7호선,가산디지털단지,48064,48599,96663
202105,7호선,남구로,16607,17454,34061
202105,7호선,대림,7986,7818,15804
202105,7호선,신풍,11894,11260,23154
202105,7호선,보라매,10019,10080,20099
202105,7호선,신대방삼거리,16316,15979,32295
202105,7호선,장승배기,9689,9442,19131
202105,7호선,상도,10528,10172,20700
202105,7호선,숭실대입구,12095,12414,24509
202105,7호선,남성,11347,10497,21844
202105,7호선,이수,15036,14955,29991
202105,7호선,내방,14431,14666,29097
202105,7호선,고속터미널,15874,13285,29159
202105,7호선,반포,5546,5380,10926
202105,7호선,논현,20481,21956,42437
202105,7호선,학동,24212,25740,49952
202105,7호선,강남구청,15705,17308,33013
202105,7호선,청담,19490,21461,40951
202105,7호선,뚝섬유원지,10217,10027,20244
202105,7호선,건대입구,11825,12231,24056
202105,7호선,어린이대공원,12510,12541,25051
202105,7호선,군자,14754,11976,26730
202105,7호선,중곡,9947,9222,19169
202105,7호선,용마산,6140,5887,12027
202105,7호선,사가정,16550,16417,32967
202105,7호선,면목,15537,15234,30771
202105,7호선,상봉,17152,15992,33144
202105,7호선,중화,11081,10871,21952
202105,7호선,먹골,9992,9717,19709
202105,7호선,태릉입구,8226,7824,16050
202105,7호선,공릉,11783,11851,23634
202105,7호선,하계,17305,16396,33701
202105,7호선,중계,14578,13350,27928
202105,7호선,노원,19402,20875,40277
202105,7호선,마들,12539,11907,24446
202105,7호선,수락산,13019,12756,25775
202105,7호선,도봉산,9598,11139,20737
202105,7호선,장암,2432,957,3389
202105,7호선,부평구청,11501,9411,20912
202105,7호선,굴포천,8579,9026,17605
202105,7호선,삼산체육관,4973,4482,9455
202105,7호선,상동,12395,12923,25318
202105,7호선,부천시청,12277,12170,24447
202105,7호선,신중동,14037,13946,27983
202105,7호선,춘의,9569,9422,18991
202105,7호선,부천종합운동장,4324,3681,8005
202105,7호선,까치울,7266,6935,14201
202105,7호선,온수,10837,9816,20653
202105,7호선,천왕,11445,10859,22304
202105,7호선,광명사거리,21745,21342,43087
202105,7호선,철산,21990,22234,44224
202105,7호선,가산디지털단지,48351,48198,96549
202105,7호선,남구로,16303,17494,33797
202105,7호선,대림,7855,7756,15611
202105,7호선,신풍,11657,11190,22847
202105,7호선,보라매,9931,9797,19728
202105,7호선,신대방삼거리,15996,15426,31422
202105,7호선,장승배기,9456,9273,18729
202105,7호선,상도,10445,10251,20696
202105,7호선,숭실대입구,11795,11877,23672
202105,7호선,남성,11152,10643,21795
202105,7호선,이수,15703,15301,31004
202105,7호선,내방,14351,14742,29093
202105,7호선,고속터미널,15158,13081,28239
202105,7호선,반포,5590,5347,10937
202105,7호선,논현,20702,22383,43085
202105,7호선,학동,24478,26248,50726
202105,7호선,강남구청,16305,17769,34074
202105,7호선,청담,18884,21476,40360
202105,7호선,뚝섬유원지,6532,6563,13095
202105,7호선,건대입구,11929,12455,24384
202105,7호선,어린이대공원,11944,11844,23788
202105,7호선,군자,14510,11906,26416
202105,7호선,중곡,9629,9094,18723
202105,7호선,용마산,5912,5768,11680
202105,7호선,사가정,15908,16042,31950
202105,7호선,면목,15300,15040,30340
202105,7호선,상봉,16870,15799,32669
202105,7호선,중화,10832,10554,21386
202105,7호선,먹골,9968,9722,19690
202105,7호선,태릉입구,8093,7687,15780
202105,7호선,공릉,11422,11520,22942
202105,7호선,하계,17590,16692,34282
202105,7호선,중계,14169,12915,27084
202105,7호선,노원,19589,20667,40256
202105,7호선,마들,12278,11719,23997
202105,7호선,수락산,12334,12138,24472
202105,7호선,도봉산,8753,9957,18710
202105,7호선,장암,2165,853,3018
202105,7호선,장암,1443,1004,2447
202105,7호선,도봉산,5807,8313,14120
202105,7호선,수락산,8636,8465,17101
202105,7호선,마들,7092,6716,13808
202105,7호선,노원,12539,13145,25684
202105,7호선,중계,7626,6868,14494
202105,7호선,하계,10329,9947,20276
202105,7호선,공릉,7511,7550,15061
202105,7호선,태릉입구,5333,5021,10354
202105,7호선,먹골,6314,6053,12367
202105,7호선,중화,6472,6255,12727
202105,7호선,상봉,10936,10489,21425
202105,7호선,면목,9276,9125,18401
202105,7호선,사가정,10338,10141,20479
202105,7호선,용마산,3803,4003,7806
202105,7호선,중곡,5558,5304,10862
202105,7호선,군자,8759,6707,15466
202105,7호선,어린이대공원,12451,13152,25603
202105,7호선,건대입구,9365,9834,19199
202105,7호선,뚝섬유원지,14632,14381,29013
202105,7호선,청담,7318,7923,15241
202105,7호선,강남구청,6225,6931,13156
202105,7호선,학동,6247,6515,12762
202105,7호선,논현,7534,8065,15599
202105,7호선,반포,3364,3283,6647
202105,7호선,고속터미널,8955,7141,16096
202105,7호선,내방,5891,5960,11851
202105,7호선,이수,8676,8396,17072
202105,7호선,남성,5993,5712,11705
202105,7호선,숭실대입구,6345,6651,12996
202105,7호선,상도,5702,5525,11227
202105,7호선,장승배기,5470,5111,10581
202105,7호선,신대방삼거리,8422,8080,16502
202105,7호선,보라매,4674,4604,9278
202105,7호선,신풍,6383,6085,12468
202105,7호선,대림,5644,5558,11202
202105,7호선,남구로,7007,7189,14196
202105,7호선,가산디지털단지,12662,11648,24310
202105,7호선,철산,11870,11947,23817
202105,7호선,광명사거리,13694,13710,27404
202105,7호선,천왕,5555,5320,10875
202105,7호선,온수,4312,4425,8737
202105,7호선,까치울,4695,4733,9428
202105,7호선,부천종합운동장,2561,2408,4969
202105,7호선,춘의,4091,4013,8104
202105,7호선,신중동,7522,7210,14732
202105,7호선,부천시청,7613,7356,14969
202105,7호선,상동,7342,7470,14812
202105,7호선,삼산체육관,2782,2642,5424
202105,7호선,굴포천,4884,5077,9961
202105,7호선,부평구청,5490,4790,10280
202105,7호선,장암,2395,990,3385
202105,7호선,도봉산,9588,11260,20848
202105,7호선,수락산,13138,12969,26107
202105,7호선,마들,12845,12153,24998
202105,7호선,노원,19554,20839,40393
202105,7호선,중계,14729,13462,28191
202105,7호선,하계,17753,16807,34560
202105,7호선,공릉,11938,11829,23767
202105,7호선,태릉입구,8473,7932,16405
202105,7호선,먹골,10165,10012,20177
202105,7호선,중화,11064,10940,22004
202105,7호선,상봉,17394,16142,33536
202105,7호선,면목,15733,15333,31066
202105,7호선,사가정,16831,16610,33441
202105,7호선,용마산,6236,6159,12395
202105,7호선,중곡,10116,9351,19467
202105,7호선,군자,14872,11944,26816
202105,7호선,어린이대공원,12736,12615,25351
202105,7호선,건대입구,11796,12383,24179
202105,7호선,뚝섬유원지,10800,10551,21351
202105,7호선,청담,19837,22121,41958
202105,7호선,강남구청,16873,18461,35334
202105,7호선,학동,24498,26171,50669
202105,7호선,논현,21054,22659,43713
202105,7호선,반포,5841,5707,11548
202105,7호선,고속터미널,15083,12865,27948
202105,7호선,내방,14484,14934,29418
202105,7호선,이수,15634,15201,30835
202105,7호선,남성,11317,10596,21913
202105,7호선,숭실대입구,12069,12464,24533
202105,7호선,상도,10817,10470,21287
202105,7호선,장승배기,9752,9449,19201
202105,7호선,신대방삼거리,16292,15781,32073
202105,7호선,보라매,10052,10000,20052
202105,7호선,신풍,11816,11159,22975
202105,7호선,대림,7664,7647,15311
202105,7호선,남구로,16357,17448,33805
202105,7호선,가산디지털단지,47456,47983,95439
202105,7호선,철산,22087,22348,44435
202105,7호선,광명사거리,22615,22284,44899
202105,7호선,천왕,11731,11047,22778
202105,7호선,온수,11032,10236,21268
202105,7호선,까치울,7995,7573,15568
202105,7호선,부천종합운동장,4804,4290,9094
202105,7호선,춘의,9685,9549,19234
202105,7호선,신중동,14653,14498,29151
202105,7호선,부천시청,12636,12417,25053
202105,7호선,상동,12214,12605,24819
202105,7호선,삼산체육관,5185,4645,9830
202105,7호선,굴포천,8630,9280,17910
202105,7호선,부평구청,11921,9917,21838
202105,7호선,장암,2218,928,3146
202105,7호선,도봉산,8986,10473,19459
202105,7호선,수락산,12599,12510,25109
202105,7호선,마들,12728,11779,24507
202105,7호선,노원,20055,21788,41843
202105,7호선,중계,14524,13082,27606
202105,7호선,하계,17403,16510,33913
202105,7호선,공릉,12433,12009,24442
202105,7호선,태릉입구,8594,8016,16610
202105,7호선,먹골,10056,9802,19858
202105,7호선,중화,11298,10909,22207
202105,7호선,상봉,17305,16281,33586
202105,7호선,면목,15661,15335,30996
202105,7호선,사가정,16688,16768,33456
202105,7호선,용마산,6434,6123,12557
202105,7호선,중곡,10064,9381,19445
202105,7호선,군자,15096,11868,26964
202105,7호선,어린이대공원,12197,11742,23939
202105,7호선,건대입구,12413,12809,25222
202105,7호선,뚝섬유원지,8535,8503,17038
202105,7호선,청담,19769,21889,41658
202105,7호선,강남구청,16641,18258,34899
202105,7호선,학동,23981,25536,49517
202105,7호선,논현,20891,22771,43662
202105,7호선,반포,6205,5821,12026
202105,7호선,고속터미널,16806,14721,31527
202105,7호선,내방,14563,14837,29400
202105,7호선,이수,15997,15333,31330
202105,7호선,남성,11425,10456,21881
202105,7호선,숭실대입구,12425,12159,24584
202105,7호선,상도,10865,10261,21126
202105,7호선,장승배기,9841,9364,19205
202105,7호선,신대방삼거리,16551,15451,32002
202105,7호선,보라매,9821,9782,19603
202105,7호선,신풍,11773,11158,22931
202105,7호선,대림,7628,7849,15477
202105,7호선,남구로,16201,17181,33382
202105,7호선,가산디지털단지,47401,46516,93917
202105,7호선,철산,21881,22906,44787
202105,7호선,광명사거리,22511,22134,44645
202105,7호선,천왕,11394,10690,22084
202105,7호선,온수,10833,9733,20566
202105,7호선,까치울,7613,7427,15040
202105,7호선,부천종합운동장,4601,4063,8664
202105,7호선,춘의,9650,9376,19026
202105,7호선,신중동,14500,14625,29125
202105,7호선,부천시청,12812,12816,25628
202105,7호선,상동,12529,13291,25820
202105,7호선,삼산체육관,4905,4566,9471
202105,7호선,굴포천,8839,9523,18362
202105,7호선,부평구청,11898,9931,21829
202105,7호선,강남구청,15570,17107,32677
202105,7호선,청담,19399,21398,40797
202105,7호선,논현,20379,21860,42239
202105,7호선,뚝섬유원지,7368,7211,14579
202105,7호선,건대입구,11463,11878,23341
202105,7호선,어린이대공원,11519,11776,23295
202105,7호선,군자,14426,11793,26219
202105,7호선,중곡,9989,9197,19186
202105,7호선,용마산,5992,5767,11759
202105,7호선,사가정,16152,16231,32383
202105,7호선,면목,15327,15000,30327
202105,7호선,상봉,16719,15750,32469
202105,7호선,중화,10831,10734,21565
202105,7호선,먹골,9883,9733,19616
202105,7호선,태릉입구,7954,7695,15649
202105,7호선,공릉,11754,11791,23545
202105,7호선,하계,16975,16170,33145
202105,7호선,중계,14201,13074,27275
202105,7호선,노원,18846,19990,38836
202105,7호선,마들,12212,11686,23898
202105,7호선,수락산,12476,12386,24862
202105,7호선,도봉산,9060,10294,19354
202105,7호선,장암,2322,843,3165
202105,7호선,반포,5630,5335,10965
202105,7호선,고속터미널,16033,12491,28524
202105,7호선,학동,24405,26011,50416
202105,7호선,내방,14363,14667,29030
202105,7호선,이수,14837,14509,29346
202105,7호선,남성,11143,10588,21731
202105,7호선,숭실대입구,11452,11900,23352
202105,7호선,상도,10458,10347,20805
202105,7호선,장승배기,9480,9282,18762
202105,7호선,신대방삼거리,16010,15713,31723
202105,7호선,보라매,10000,10023,20023
202105,7호선,신풍,11753,11229,22982
202105,7호선,대림,7863,7660,15523
202105,7호선,남구로,16656,17448,34104
202105,7호선,가산디지털단지,48298,48619,96917
202105,7호선,철산,21307,21769,43076
202105,7호선,광명사거리,21947,21271,43218
202105,7호선,천왕,11655,11018,22673
202105,7호선,온수,11034,10117,21151
202105,7호선,까치울,7436,7214,14650
202105,7호선,부천종합운동장,4450,3844,8294
202105,7호선,춘의,9565,9534,19099
202105,7호선,신중동,13949,13618,27567
202105,7호선,부천시청,11990,11813,23803
202105,7호선,상동,11962,12420,24382
202105,7호선,삼산체육관,4885,4429,9314
202105,7호선,굴포천,8281,8940,17221
202105,7호선,부평구청,11730,9627,21357
202105,7호선,장암,2392,1033,3425
202105,7호선,도봉산,9890,11479,21369
202105,7호선,수락산,13249,13054,26303
202105,7호선,마들,12760,12171,24931
202105,7호선,노원,19649,21088,40737
202105,7호선,중계,14608,13410,28018
202105,7호선,하계,17913,16936,34849
202105,7호선,공릉,12197,12190,24387
202105,7호선,태릉입구,8583,8129,16712
202105,7호선,먹골,10205,9934,20139
202105,7호선,중화,11204,10995,22199
202105,7호선,상봉,17393,16512,33905
202105,7호선,면목,15986,15698,31684
202105,7호선,사가정,16810,16725,33535
202105,7호선,용마산,6346,6164,12510
202105,7호선,중곡,10296,9522,19818
202105,7호선,군자,15100,12098,27198
202105,7호선,어린이대공원,13108,13083,26191
202105,7호선,건대입구,12087,12351,24438
202105,7호선,뚝섬유원지,10439,10400,20839
202105,7호선,청담,20143,22422,42565
202105,7호선,강남구청,17006,18386,35392
202105,7호선,학동,25020,26784,51804
202105,7호선,논현,21340,22733,44073
202105,7호선,반포,5843,5683,11526
202105,7호선,고속터미널,14819,12840,27659
202105,7호선,내방,14709,15048,29757
202105,7호선,이수,15776,15324,31100
202105,7호선,남성,11999,11220,23219
202105,7호선,숭실대입구,12571,12876,25447
202105,7호선,상도,11002,10789,21791
202105,7호선,장승배기,10275,9916,20191
202105,7호선,신대방삼거리,16496,15861,32357
202105,7호선,보라매,10209,10453,20662
202105,7호선,신풍,12272,11722,23994
202105,7호선,대림,8060,7943,16003
202105,7호선,남구로,16641,17686,34327
202105,7호선,가산디지털단지,48743,49068,97811
202105,7호선,철산,22096,22480,44576
202105,7호선,광명사거리,22616,22293,44909
202105,7호선,천왕,11959,11507,23466
202105,7호선,온수,11424,10475,21899
202105,7호선,까치울,8103,7713,15816
202105,7호선,부천종합운동장,4821,4218,9039
202105,7호선,춘의,9898,9701,19599
202105,7호선,신중동,14823,14723,29546
202105,7호선,부천시청,12618,12624,25242
202105,7호선,상동,12508,13002,25510
202105,7호선,삼산체육관,5185,4789,9974
202105,7호선,굴포천,8779,9388,18167
202105,7호선,부평구청,12310,10154,22464
202105,7호선,반포,6012,5824,11836
202105,7호선,부평구청,12340,10168,22508
202105,7호선,굴포천,8773,9340,18113
202105,7호선,삼산체육관,5320,4854,10174
202105,7호선,상동,12797,13366,26163
202105,7호선,부천시청,12707,12613,25320
202105,7호선,신중동,14929,14775,29704
202105,7호선,춘의,9995,9797,19792
202105,7호선,부천종합운동장,4807,4274,9081
202105,7호선,까치울,8183,7906,16089
202105,7호선,온수,11422,10586,22008
202105,7호선,천왕,11940,11385,23325
202105,7호선,광명사거리,23076,22500,45576
202105,7호선,철산,22363,22860,45223
202105,7호선,가산디지털단지,48331,48817,97148
202105,7호선,남구로,16652,17644,34296
202105,7호선,대림,7718,7652,15370
202105,7호선,신풍,12310,11732,24042
202105,7호선,보라매,10145,10268,20413
202105,7호선,신대방삼거리,16626,16062,32688
202105,7호선,장승배기,10051,9714,19765
202105,7호선,상도,11142,10755,21897
202105,7호선,숭실대입구,12290,12650,24940
202105,7호선,남성,12023,11247,23270
202105,7호선,이수,15796,15386,31182
202105,7호선,내방,14850,15231,30081
202105,7호선,고속터미널,14772,12976,27748
202105,7호선,논현,21296,22693,43989
202105,7호선,학동,25168,26919,52087
202105,7호선,강남구청,16942,18407,35349
202105,7호선,청담,20115,22477,42592
202105,7호선,뚝섬유원지,10774,10584,21358
202105,7호선,건대입구,12033,12323,24356
202105,7호선,어린이대공원,13177,13152,26329
202105,7호선,군자,15193,12200,27393
202105,7호선,중곡,10273,9498,19771
202105,7호선,용마산,6266,6219,12485
202105,7호선,사가정,16651,16588,33239
202105,7호선,면목,16026,15519,31545
202105,7호선,상봉,17458,16372,33830
202105,7호선,중화,11270,11106,22376
202105,7호선,먹골,10346,10138,20484
202105,7호선,태릉입구,8756,8319,17075
202105,7호선,공릉,12365,12290,24655
202105,7호선,하계,18525,17647,36172
202105,7호선,중계,14712,13417,28129
202105,7호선,노원,19505,20958,40463
202105,7호선,마들,12713,12285,24998
202105,7호선,수락산,13364,13161,26525
202105,7호선,도봉산,9842,11586,21428
202105,7호선,장암,2438,979,3417
202105,7호선,장암,2397,1027,3424
202105,7호선,도봉산,9684,11410,21094
202105,7호선,수락산,13204,12985,26189
202105,7호선,마들,12979,12205,25184
202105,7호선,노원,19309,20601,39910
202105,7호선,중계,14741,13464,28205
202105,7호선,하계,17658,16910,34568
202105,7호선,공릉,12233,12224,24457
202105,7호선,태릉입구,8667,8461,17128
202105,7호선,먹골,10273,9971,20244
202105,7호선,중화,11106,10935,22041
202105,7호선,상봉,17445,16147,33592
202105,7호선,면목,15953,15381,31334
202105,7호선,사가정,16781,16730,33511
202105,7호선,용마산,6290,6198,12488
202105,7호선,중곡,10015,9298,19313
202105,7호선,군자,15021,12010,27031
202105,7호선,어린이대공원,13121,12984,26105
202105,7호선,건대입구,12024,12396,24420
202105,7호선,뚝섬유원지,10936,10776,21712
202105,7호선,청담,20001,22567,42568
202105,7호선,강남구청,16911,18668,35579
202105,7호선,학동,24623,26439,51062
202105,7호선,논현,21260,22769,44029
202105,7호선,반포,6032,5730,11762
202105,7호선,고속터미널,14981,13006,27987
202105,7호선,내방,14679,15074,29753
202105,7호선,이수,15599,15223,30822
202105,7호선,남성,11906,11034,22940
202105,7호선,숭실대입구,12504,12909,25413
202105,7호선,상도,11068,10682,21750
202105,7호선,장승배기,10206,9830,20036
202105,7호선,신대방삼거리,16596,15940,32536
202105,7호선,보라매,10194,10318,20512
202105,7호선,신풍,12176,11547,23723
202105,7호선,대림,7609,7667,15276
202105,7호선,남구로,16369,17437,33806
202105,7호선,가산디지털단지,48180,48671,96851
202105,7호선,철산,21851,22301,44152
202105,7호선,광명사거리,22443,22106,44549
202105,7호선,천왕,11946,11299,23245
202105,7호선,온수,11250,10258,21508
202105,7호선,까치울,7891,7711,15602
202105,7호선,부천종합운동장,4871,4204,9075
202105,7호선,춘의,9859,9739,19598
202105,7호선,신중동,14786,14597,29383
202105,7호선,부천시청,12705,12577,25282
202105,7호선,상동,12681,13154,25835
202105,7호선,삼산체육관,5238,4785,10023
202105,7호선,굴포천,8781,9378,18159
202105,7호선,부평구청,12225,9985,22210
202105,7호선,장암,2443,1017,3460
202105,7호선,도봉산,9684,11368,21052
202105,7호선,수락산,13487,13163,26650
202105,7호선,마들,13018,12330,25348
202105,7호선,노원,20459,22215,42674
202105,7호선,중계,15081,13501,28582
202105,7호선,하계,18093,16916,35009
202105,7호선,공릉,12598,12491,25089
202105,7호선,태릉입구,9204,8781,17985
202105,7호선,먹골,10546,10377,20923
202105,7호선,중화,11730,11312,23042
202105,7호선,상봉,17818,17017,34835
202105,7호선,면목,16169,15691,31860
202105,7호선,사가정,17135,17203,34338
202105,7호선,용마산,6387,6241,12628
202105,7호선,중곡,10608,9731,20339
202105,7호선,군자,15602,12274,27876
202105,7호선,어린이대공원,13957,13731,27688
202105,7호선,건대입구,12532,13123,25655
202105,7호선,뚝섬유원지,12795,13131,25926
202105,7호선,청담,20209,22701,42910
202105,7호선,강남구청,17076,18904,35980
202105,7호선,학동,24623,26487,51110
202105,7호선,논현,21634,23412,45046
202105,7호선,반포,6289,5974,12263
202105,7호선,고속터미널,16529,13762,30291
202105,7호선,내방,15003,15216,30219
202105,7호선,이수,16541,16071,32612
202105,7호선,남성,12080,11018,23098
202105,7호선,숭실대입구,12738,12694,25432
202105,7호선,상도,11547,10969,22516
202105,7호선,장승배기,10091,9595,19686
202105,7호선,신대방삼거리,16796,16156,32952
202105,7호선,보라매,10400,10324,20724
202105,7호선,신풍,12407,11801,24208
202105,7호선,대림,7802,7994,15796
202105,7호선,남구로,16427,17406,33833
202105,7호선,가산디지털단지,48063,47672,95735
202105,7호선,철산,22813,23693,46506
202105,7호선,광명사거리,23167,22689,45856
202105,7호선,천왕,12060,11463,23523
202105,7호선,온수,11289,10313,21602
202105,7호선,까치울,8064,7689,15753
202105,7호선,부천종합운동장,4862,4220,9082
202105,7호선,춘의,10117,9715,19832
202105,7호선,신중동,15171,15276,30447
202105,7호선,부천시청,13173,13228,26401
202105,7호선,상동,13022,13766,26788
202105,7호선,삼산체육관,5423,4862,10285
202105,7호선,굴포천,8863,9496,18359
202105,7호선,부평구청,12213,9953,22166
202105,7호선,이수,14724,14381,29105
202105,7호선,내방,14383,14693,29076
202105,7호선,고속터미널,15202,12661,27863
202105,7호선,반포,5567,5418,10985
202105,7호선,논현,20812,22262,43074
202105,7호선,학동,24575,26199,50774
202105,7호선,강남구청,15775,17296,33071
202105,7호선,청담,19209,21535,40744
202105,7호선,뚝섬유원지,7143,7052,14195
202105,7호선,건대입구,11380,11720,23100
202105,7호선,어린이대공원,11974,11906,23880
202105,7호선,군자,14501,11857,26358
202105,7호선,중곡,9855,9071,18926
202105,7호선,용마산,6058,5824,11882
202105,7호선,사가정,16255,16125,32380
202105,7호선,면목,15321,14936,30257
202105,7호선,상봉,16564,15432,31996
202105,7호선,중화,10855,10692,21547
202105,7호선,먹골,9747,9557,19304
202105,7호선,태릉입구,8260,8088,16348
202105,7호선,공릉,11558,11618,23176
202105,7호선,하계,17168,16238,33406
202105,7호선,중계,14098,12966,27064
202105,7호선,노원,19105,20130,39235
202105,7호선,마들,12391,11731,24122
202105,7호선,수락산,12359,12291,24650
202105,7호선,도봉산,9050,10101,19151
202105,7호선,장암,2257,797,3054
202105,7호선,남성,11005,10374,21379
202105,7호선,숭실대입구,11708,12234,23942
202105,7호선,상도,10405,10164,20569
202105,7호선,장승배기,9403,9179,18582
202105,7호선,신대방삼거리,16023,15420,31443
202105,7호선,보라매,9748,9696,19444
202105,7호선,신풍,11723,11157,22880
202105,7호선,대림,8145,7852,15997
202105,7호선,남구로,16530,17380,33910
202105,7호선,가산디지털단지,48045,48599,96644
202105,7호선,철산,21497,21814,43311
202105,7호선,광명사거리,21833,21250,43083
202105,7호선,천왕,11544,11020,22564
202105,7호선,온수,10906,10022,20928
202105,7호선,까치울,7337,7077,14414
202105,7호선,부천종합운동장,4663,4031,8694
202105,7호선,춘의,9541,9467,19008
202105,7호선,신중동,14044,13763,27807
202105,7호선,부천시청,12179,11961,24140
202105,7호선,상동,11964,12395,24359
202105,7호선,삼산체육관,5072,4517,9589
202105,7호선,굴포천,8466,9043,17509
202105,7호선,부평구청,11773,9612,21385
202105,7호선,부평구청,12266,9855,22121
202105,7호선,굴포천,8931,9519,18450
202105,7호선,삼산체육관,5438,4805,10243
202105,7호선,상동,13002,13656,26658
202105,7호선,부천시청,13057,12829,25886
202105,7호선,신중동,14987,14970,29957
202105,7호선,춘의,10023,9727,19750
202105,7호선,부천종합운동장,4952,4289,9241
202105,7호선,까치울,8242,7866,16108
202105,7호선,온수,11576,10395,21971
202105,7호선,천왕,12189,11390,23579
202105,7호선,광명사거리,23155,22632,45787
202105,7호선,철산,22724,23150,45874
202105,7호선,가산디지털단지,49015,49453,98468
202105,7호선,남구로,16503,17647,34150
202105,7호선,대림,8274,8353,16627
202105,7호선,신풍,12229,11632,23861
202105,7호선,보라매,10254,10127,20381
202105,7호선,신대방삼거리,16808,16059,32867
202105,7호선,장승배기,10014,9673,19687
202105,7호선,상도,11382,10872,22254
202105,7호선,숭실대입구,12720,12817,25537
202105,7호선,남성,11870,10879,22749
202105,7호선,이수,16274,15865,32139
202105,7호선,내방,14913,15355,30268
202105,7호선,고속터미널,15906,13781,29687
202105,7호선,반포,6103,5698,11801
202105,7호선,논현,21885,23700,45585
202105,7호선,학동,25065,27032,52097
202105,7호선,강남구청,16830,18644,35474
202105,7호선,청담,19976,22349,42325
202105,7호선,뚝섬유원지,10231,10171,20402
202105,7호선,건대입구,12216,12586,24802
202105,7호선,어린이대공원,13485,13472,26957
202105,7호선,군자,15597,12403,28000
202105,7호선,중곡,10514,9668,20182
202105,7호선,용마산,6391,6132,12523
202105,7호선,사가정,17424,17203,34627
202105,7호선,면목,16514,15662,32176
202105,7호선,상봉,17833,16944,34777
202105,7호선,중화,11715,11263,22978
202105,7호선,먹골,10725,10424,21149
202105,7호선,태릉입구,9749,9698,19447
202105,7호선,공릉,12604,12388,24992
202105,7호선,하계,18592,17320,35912
202105,7호선,중계,14904,13320,28224
202105,7호선,노원,20433,21603,42036
202105,7호선,마들,12895,12088,24983
202105,7호선,수락산,13617,13289,26906
202105,7호선,도봉산,10000,11484,21484
202105,7호선,장암,2389,955,3344
202105,7호선,부평구청,5939,5285,11224
202105,7호선,굴포천,5279,5520,10799
202105,7호선,삼산체육관,3249,2950,6199
202105,7호선,상동,8032,7970,16002
202105,7호선,부천시청,7991,7900,15891
202105,7호선,신중동,7950,7737,15687
202105,7호선,춘의,4774,4803,9577
202105,7호선,부천종합운동장,2988,2828,5816
202105,7호선,까치울,5208,5106,10314
202105,7호선,온수,4736,4744,9480
202105,7호선,천왕,5904,5621,11525
202105,7호선,광명사거리,14679,14612,29291
202105,7호선,철산,12441,12553,24994
202105,7호선,가산디지털단지,13100,12205,25305
202105,7호선,남구로,7483,7754,15237
202105,7호선,대림,6064,5999,12063
202105,7호선,신풍,6962,6723,13685
202105,7호선,보라매,4843,4740,9583
202105,7호선,신대방삼거리,8978,8630,17608
202105,7호선,장승배기,5546,5408,10954
202105,7호선,상도,6149,5912,12061
202105,7호선,숭실대입구,7087,7337,14424
202105,7호선,남성,6557,6254,12811
202105,7호선,이수,9513,8786,18299
202105,7호선,내방,6510,6651,13161
202105,7호선,고속터미널,9624,7492,17116
202105,7호선,반포,3438,3350,6788
202105,7호선,논현,8247,8617,16864
202105,7호선,학동,6853,7279,14132
202105,7호선,강남구청,6802,7554,14356
202105,7호선,청담,8279,9206,17485
202105,7호선,뚝섬유원지,14333,13555,27888
202105,7호선,건대입구,9315,9519,18834
202105,7호선,어린이대공원,10172,10284,20456
202105,7호선,군자,9354,6939,16293
202105,7호선,중곡,6026,5780,11806
202105,7호선,용마산,4167,4449,8616
202105,7호선,사가정,11343,10865,22208
202105,7호선,면목,9922,9768,19690
202105,7호선,상봉,11473,10778,22251
202105,7호선,중화,7384,6963,14347
202105,7호선,먹골,6958,6463,13421
202105,7호선,태릉입구,8113,8115,16228
202105,7호선,공릉,7799,7773,15572
202105,7호선,하계,10711,10184,20895
202105,7호선,중계,8094,7517,15611
202105,7호선,노원,13172,13776,26948
202105,7호선,마들,7657,7075,14732
202105,7호선,수락산,9709,9477,19186
202105,7호선,도봉산,7438,10921,18359
202105,7호선,장암,1808,1375,3183
202105,7호선,장암,2271,890,3161
202105,7호선,도봉산,9051,10452,19503
202105,7호선,수락산,12714,12619,25333
202105,7호선,마들,12651,12184,24835
202105,7호선,노원,19149,20300,39449
202105,7호선,중계,14174,13096,27270
202105,7호선,하계,17512,16495,34007
202105,7호선,공릉,11981,11900,23881
202105,7호선,태릉입구,8926,8584,17510
202105,7호선,먹골,10215,9926,20141
202105,7호선,중화,11101,10920,22021
202105,7호선,상봉,16678,15689,32367
202105,7호선,면목,15598,15359,30957
202105,7호선,사가정,16387,16386,32773
202105,7호선,용마산,6145,6090,12235
202105,7호선,중곡,9501,8934,18435
202105,7호선,군자,14713,12035,26748
202105,7호선,어린이대공원,12614,12659,25273
202105,7호선,건대입구,11277,11699,22976
202105,7호선,뚝섬유원지,7323,7255,14578
202105,7호선,청담,19376,21926,41302
202105,7호선,강남구청,16501,18186,34687
202105,7호선,학동,25076,26589,51665
202105,7호선,논현,20717,22285,43002
202105,7호선,반포,5774,5643,11417
202105,7호선,고속터미널,15160,12570,27730
202105,7호선,내방,14457,14920,29377
202105,7호선,이수,15406,14836,30242
202105,7호선,남성,11384,10795,22179
202105,7호선,숭실대입구,12269,12526,24795
202105,7호선,상도,10759,10496,21255
202105,7호선,장승배기,9731,9476,19207
202105,7호선,신대방삼거리,16236,15775,32011
202105,7호선,보라매,10097,10075,20172
202105,7호선,신풍,11727,11129,22856
202105,7호선,대림,7615,7606,15221
202105,7호선,남구로,16241,17405,33646
202105,7호선,가산디지털단지,47769,47613,95382
202105,7호선,철산,21450,21918,43368
202105,7호선,광명사거리,22070,21825,43895
202105,7호선,천왕,11516,11037,22553
202105,7호선,온수,11031,10073,21104
202105,7호선,까치울,7646,7373,15019
202105,7호선,부천종합운동장,4660,4071,8731
202105,7호선,춘의,9665,9675,19340
202105,7호선,신중동,14351,14164,28515
202105,7호선,부천시청,12335,12211,24546
202105,7호선,상동,12372,12745,25117
202105,7호선,삼산체육관,5155,4695,9850
202105,7호선,굴포천,8495,9230,17725
202105,7호선,부평구청,11850,9830,21680
202105,7호선,부평구청,12004,9776,21780
202105,7호선,굴포천,8676,9360,18036
202105,7호선,삼산체육관,5259,4678,9937
202105,7호선,상동,12547,13521,26068
202105,7호선,부천시청,12856,12706,25562
202105,7호선,신중동,14570,14620,29190
202105,7호선,춘의,9879,9511,19390
202105,7호선,부천종합운동장,4700,4065,8765
202105,7호선,까치울,7714,7580,15294
202105,7호선,온수,11008,10124,21132
202105,7호선,천왕,11872,11193,23065
202105,7호선,광명사거리,22856,22278,45134
202105,7호선,철산,22164,22878,45042
202105,7호선,가산디지털단지,47534,47710,95244
202105,7호선,남구로,16368,17267,33635
202105,7호선,대림,7951,7998,15949
202105,7호선,신풍,11924,11361,23285
202105,7호선,보라매,10096,9941,20037
202105,7호선,신대방삼거리,16649,15953,32602
202105,7호선,장승배기,9962,9575,19537
202105,7호선,상도,11155,10661,21816
202105,7호선,숭실대입구,12673,12581,25254
202105,7호선,남성,11587,10633,22220
202105,7호선,이수,16194,15725,31919
202105,7호선,내방,14730,14999,29729
202105,7호선,고속터미널,16785,13994,30779
202105,7호선,반포,5966,5675,11641
202105,7호선,논현,21248,23005,44253
202105,7호선,학동,24755,26571,51326
202105,7호선,강남구청,16980,18778,35758
202105,7호선,청담,19681,22312,41993
202105,7호선,뚝섬유원지,8384,8097,16481
202105,7호선,건대입구,12498,12731,25229
202105,7호선,어린이대공원,13320,13053,26373
202105,7호선,군자,15092,12079,27171
202105,7호선,중곡,9868,9215,19083
202105,7호선,용마산,6378,5990,12368
202105,7호선,사가정,16708,16740,33448
202105,7호선,면목,15954,15599,31553
202105,7호선,상봉,17623,16549,34172
202105,7호선,중화,11465,11047,22512
202105,7호선,먹골,10546,10319,20865
202105,7호선,태릉입구,9352,9112,18464
202105,7호선,공릉,12555,12285,24840
202105,7호선,하계,18208,16872,35080
202105,7호선,중계,14638,13021,27659
202105,7호선,노원,20052,21590,41642
202105,7호선,마들,12906,12055,24961
202105,7호선,수락산,12831,12747,25578
202105,7호선,도봉산,9266,10713,19979
202105,7호선,장암,2299,928,3227
202105,7호선,반포,5665,5522,11187
202105,7호선,장암,2467,927,3394
202105,7호선,도봉산,9398,10976,20374
202105,7호선,수락산,12846,12793,25639
202105,7호선,마들,12431,11848,24279
202105,7호선,노원,18265,19653,37918
202105,7호선,중계,14649,13423,28072
202105,7호선,하계,17642,16718,34360
202105,7호선,공릉,11948,11988,23936
202105,7호선,태릉입구,9308,9271,18579
202105,7호선,먹골,10207,9833,20040
202105,7호선,중화,11099,10867,21966
202105,7호선,상봉,17058,15926,32984
202105,7호선,면목,15976,15580,31556
202105,7호선,사가정,16717,16662,33379
202105,7호선,용마산,6029,5888,11917
202105,7호선,중곡,10144,9294,19438
202105,7호선,군자,14559,11804,26363
202105,7호선,어린이대공원,12472,12745,25217
202105,7호선,건대입구,11105,11631,22736
202105,7호선,뚝섬유원지,8768,8621,17389
202105,7호선,청담,19692,21784,41476
202105,7호선,강남구청,16455,17972,34427
202105,7호선,학동,24958,26447,51405
202105,7호선,논현,21117,22486,43603
202105,7호선,고속터미널,15645,12999,28644
202105,7호선,내방,14626,14897,29523
202105,7호선,이수,15193,15126,30319
202105,7호선,남성,11651,11014,22665
202105,7호선,숭실대입구,12052,12359,24411
202105,7호선,상도,10706,10354,21060
202105,7호선,장승배기,9881,9664,19545
202105,7호선,신대방삼거리,16599,15964,32563
202105,7호선,보라매,10024,10080,20104
202105,7호선,신풍,11911,11386,23297
202105,7호선,대림,8055,8007,16062
202105,7호선,남구로,17012,17906,34918
202105,7호선,가산디지털단지,49498,49535,99033
202105,7호선,철산,21993,22363,44356
202105,7호선,광명사거리,22717,22097,44814
202105,7호선,천왕,11844,11380,23224
202105,7호선,온수,11269,10381,21650
202105,7호선,까치울,7698,7524,15222
202105,7호선,부천종합운동장,4895,4267,9162
202105,7호선,춘의,9693,9726,19419
202105,7호선,신중동,14088,13914,28002
202105,7호선,부천시청,12105,11979,24084
202105,7호선,상동,12651,13158,25809
202105,7호선,삼산체육관,5216,4650,9866
202105,7호선,굴포천,9052,9562,18614
202105,7호선,부평구청,8980,7064,16044
202105,7호선,반포,5751,5580,11331
202105,7호선,장암,2319,897,3216
202105,7호선,도봉산,9394,10727,20121
202105,7호선,수락산,12999,12755,25754
202105,7호선,마들,12789,12013,24802
202105,7호선,노원,19105,20605,39710
202105,7호선,중계,14518,13409,27927
202105,7호선,하계,17874,16822,34696
202105,7호선,공릉,11961,11943,23904
202105,7호선,태릉입구,9196,8746,17942
202105,7호선,먹골,10244,10057,20301
202105,7호선,중화,11294,11009,22303
202105,7호선,상봉,17036,15939,32975
202105,7호선,면목,16037,15582,31619
202105,7호선,사가정,16614,16526,33140
202105,7호선,용마산,6304,6071,12375
202105,7호선,중곡,10290,9384,19674
202105,7호선,군자,14969,12120,27089
202105,7호선,어린이대공원,12796,12843,25639
202105,7호선,건대입구,11637,11809,23446
202105,7호선,뚝섬유원지,8297,8193,16490
202105,7호선,청담,19970,22310,42280
202105,7호선,강남구청,16802,18521,35323
202105,7호선,학동,25060,26878,51938
202105,7호선,논현,21174,22643,43817
202105,7호선,고속터미널,14430,12825,27255
202105,7호선,내방,14803,15307,30110
202105,7호선,이수,15525,15116,30641
202105,7호선,남성,11864,10971,22835
202105,7호선,숭실대입구,12165,12417,24582
202105,7호선,상도,10659,10552,21211
202105,7호선,장승배기,9905,9548,19453
202105,7호선,신대방삼거리,16648,16094,32742
202105,7호선,보라매,9988,9922,19910
202105,7호선,신풍,12084,11424,23508
202105,7호선,대림,7973,8007,15980
202105,7호선,남구로,16791,17612,34403
202105,7호선,가산디지털단지,49026,49784,98810
202105,7호선,철산,21785,22097,43882
202105,7호선,광명사거리,22385,21903,44288
202105,7호선,천왕,11693,11019,22712
202105,7호선,온수,11312,10328,21640
202105,7호선,까치울,7865,7583,15448
202105,7호선,부천종합운동장,4623,4173,8796
202105,7호선,춘의,9882,9746,19628
202105,7호선,신중동,14646,14466,29112
202105,7호선,부천시청,12842,12723,25565
202105,7호선,상동,12860,13472,26332
202105,7호선,삼산체육관,5343,4947,10290
202105,7호선,굴포천,9149,9651,18800
202105,7호선,부평구청,8674,7238,15912
202105,7호선,반포,5893,5768,11661
202105,7호선,장암,2443,963,3406
202105,7호선,도봉산,9676,11335,21011
202105,7호선,수락산,13412,13185,26597
202105,7호선,마들,12967,12274,25241
202105,7호선,노원,19426,20768,40194
202105,7호선,중계,14805,13569,28374
202105,7호선,하계,18506,17547,36053
202105,7호선,공릉,12271,12284,24555
202105,7호선,태릉입구,9442,9357,18799
202105,7호선,먹골,10381,10081,20462
202105,7호선,중화,11503,11146,22649
202105,7호선,상봉,17148,16322,33470
202105,7호선,면목,16042,15611,31653
202105,7호선,사가정,16952,16867,33819
202105,7호선,용마산,6285,6044,12329
202105,7호선,중곡,10221,9503,19724
202105,7호선,군자,15191,12222,27413
202105,7호선,어린이대공원,12865,12969,25834
202105,7호선,건대입구,11880,12211,24091
202105,7호선,뚝섬유원지,8778,8705,17483
202105,7호선,청담,20345,22712,43057
202105,7호선,강남구청,17119,18769,35888
202105,7호선,학동,25106,26670,51776
202105,7호선,논현,21177,22572,43749
202105,7호선,고속터미널,14900,12885,27785
202105,7호선,내방,14938,15268,30206
202105,7호선,이수,15938,15705,31643
202105,7호선,남성,11425,10766,22191
202105,7호선,숭실대입구,12451,12690,25141
202105,7호선,상도,10946,10704,21650
202105,7호선,장승배기,9783,9503,19286
202105,7호선,신대방삼거리,16647,16142,32789
202105,7호선,보라매,10184,10271,20455
202105,7호선,신풍,12247,11686,23933
202105,7호선,대림,7940,8013,15953
202105,7호선,남구로,16703,17698,34401
202105,7호선,가산디지털단지,49109,49238,98347
202105,7호선,철산,22220,22565,44785
202105,7호선,광명사거리,22927,22542,45469
202105,7호선,천왕,12017,11434,23451
202105,7호선,온수,11428,10680,22108
202105,7호선,까치울,8057,7796,15853
202105,7호선,부천종합운동장,4879,4290,9169
202105,7호선,춘의,10103,9924,20027
202105,7호선,신중동,15001,14991,29992
202105,7호선,부천시청,12935,12992,25927
202105,7호선,상동,13286,13893,27179
202105,7호선,삼산체육관,5612,4958,10570
202105,7호선,굴포천,9273,9799,19072
202105,7호선,부평구청,8491,7255,15746
202105,7호선,장암,2232,806,3038
202105,7호선,도봉산,8856,10080,18936
202105,7호선,수락산,12381,12243,24624
202105,7호선,마들,12452,11855,24307
202105,7호선,노원,18120,19580,37700
202105,7호선,중계,14277,12991,27268
202105,7호선,하계,17580,16414,33994
202105,7호선,공릉,11603,11444,23047
202105,7호선,태릉입구,8474,8159,16633
202105,7호선,먹골,9912,9707,19619
202105,7호선,중화,10772,10661,21433
202105,7호선,상봉,16726,15768,32494
202105,7호선,면목,15381,14991,30372
202105,7호선,사가정,16363,16209,32572
202105,7호선,용마산,6101,5865,11966
202105,7호선,중곡,9869,9028,18897
202105,7호선,군자,14778,11905,26683
202105,7호선,어린이대공원,12681,12340,25021
202105,7호선,건대입구,11433,11752,23185
202105,7호선,뚝섬유원지,7639,7530,15169
202105,7호선,청담,19776,22014,41790
202105,7호선,강남구청,16505,18209,34714
202105,7호선,학동,24804,26330,51134
202105,7호선,논현,20441,21877,42318
202105,7호선,반포,5689,5548,11237
202105,7호선,고속터미널,14434,12426,26860
202105,7호선,내방,14444,14847,29291
202105,7호선,이수,15198,14960,30158
202105,7호선,남성,11121,10201,21322
202105,7호선,숭실대입구,12115,12169,24284
202105,7호선,상도,10581,10258,20839
202105,7호선,장승배기,9594,9311,18905
202105,7호선,신대방삼거리,16181,15490,31671
202105,7호선,보라매,9882,9911,19793
202105,7호선,신풍,11841,11320,23161
202105,7호선,대림,7545,7536,15081
202105,7호선,남구로,16346,17304,33650
202105,7호선,가산디지털단지,48226,49203,97429
202105,7호선,철산,21201,21707,42908
202105,7호선,광명사거리,21902,21307,43209
202105,7호선,천왕,11525,10846,22371
202105,7호선,온수,11124,10238,21362
202105,7호선,까치울,7659,7521,15180
202105,7호선,부천종합운동장,4535,3934,8469
202105,7호선,춘의,9625,9432,19057
202105,7호선,신중동,14182,14160,28342
202105,7호선,부천시청,12465,12263,24728
202105,7호선,상동,12630,13028,25658
202105,7호선,삼산체육관,5278,4816,10094
202105,7호선,굴포천,8963,9462,18425
202105,7호선,부평구청,8179,6919,15098
202105,7호선,부평구청,8190,6963,15153
202105,7호선,굴포천,9246,9836,19082
202105,7호선,삼산체육관,5362,4712,10074
202105,7호선,상동,12742,13582,26324
202105,7호선,부천시청,12965,12948,25913
202105,7호선,신중동,14574,14699,29273
202105,7호선,춘의,9686,9461,19147
202105,7호선,부천종합운동장,4587,3984,8571
202105,7호선,까치울,7702,7567,15269
202105,7호선,온수,11040,9995,21035
202105,7호선,천왕,11536,10756,22292
202105,7호선,광명사거리,22489,21843,44332
202105,7호선,철산,21904,22206,44110
202105,7호선,가산디지털단지,47414,47707,95121
202105,7호선,남구로,16036,16948,32984
202105,7호선,대림,7976,7923,15899
202105,7호선,신풍,11959,11177,23136
202105,7호선,보라매,10068,9752,19820
202105,7호선,신대방삼거리,16403,15446,31849
202105,7호선,장승배기,9601,9302,18903
202105,7호선,상도,10862,10273,21135
202105,7호선,숭실대입구,12433,12142,24575
202105,7호선,남성,11250,10109,21359
202105,7호선,이수,15989,15687,31676
202105,7호선,내방,14480,14907,29387
202105,7호선,고속터미널,16484,13930,30414
202105,7호선,반포,5912,5566,11478
202105,7호선,논현,20928,22404,43332
202105,7호선,학동,23966,25916,49882
202105,7호선,강남구청,16618,18120,34738
202105,7호선,청담,19669,22211,41880
202105,7호선,뚝섬유원지,8105,7948,16053
202105,7호선,건대입구,11876,12403,24279
202105,7호선,어린이대공원,13032,12735,25767
202105,7호선,군자,15085,12029,27114
202105,7호선,중곡,9820,9007,18827
202105,7호선,용마산,6167,5871,12038
202105,7호선,사가정,16417,16258,32675
202105,7호선,면목,15757,15262,31019
202105,7호선,상봉,17194,16389,33583
202105,7호선,중화,11083,10709,21792
202105,7호선,먹골,10181,9788,19969
202105,7호선,태릉입구,8503,8139,16642
202105,7호선,공릉,12155,11929,24084
202105,7호선,하계,17669,16315,33984
202105,7호선,중계,14505,12944,27449
202105,7호선,노원,19426,20964,40390
202105,7호선,마들,12603,11779,24382
202105,7호선,수락산,12580,12274,24854
202105,7호선,도봉산,8997,10142,19139
202105,7호선,장암,2247,869,3116
202105,7호선,부평구청,8139,6956,15095
202105,7호선,굴포천,9080,9450,18530
202105,7호선,삼산체육관,5253,4724,9977
202105,7호선,상동,12252,12888,25140
202105,7호선,부천시청,12269,12151,24420
202105,7호선,신중동,14334,14116,28450
202105,7호선,춘의,9618,9597,19215
202105,7호선,부천종합운동장,4678,4132,8810
202105,7호선,까치울,7809,7495,15304
202105,7호선,온수,11045,10203,21248
202105,7호선,천왕,11594,10979,22573
202105,7호선,광명사거리,22295,21671,43966
202105,7호선,철산,21593,21718,43311
202105,7호선,가산디지털단지,48159,48829,96988
202105,7호선,남구로,16556,17439,33995
202105,7호선,대림,8004,7873,15877
202105,7호선,신풍,11830,11186,23016
202105,7호선,보라매,9993,10045,20038
202105,7호선,신대방삼거리,16161,15460,31621
202105,7호선,장승배기,9482,9397,18879
202105,7호선,상도,10388,10196,20584
202105,7호선,숭실대입구,11761,12118,23879
202105,7호선,남성,10940,10291,21231
202105,7호선,이수,14869,14600,29469
202105,7호선,내방,14429,14588,29017
202105,7호선,고속터미널,15135,12524,27659
202105,7호선,반포,5600,5355,10955
202105,7호선,논현,20568,21862,42430
202105,7호선,학동,24293,25866,50159
202105,7호선,강남구청,15822,17419,33241
202105,7호선,청담,19308,21462,40770
202105,7호선,뚝섬유원지,7845,7777,15622
202105,7호선,건대입구,11062,11584,22646
202105,7호선,어린이대공원,12309,12266,24575
202105,7호선,군자,14330,11829,26159
202105,7호선,중곡,9725,8962,18687
202105,7호선,용마산,6048,5824,11872
202105,7호선,사가정,16184,16264,32448
202105,7호선,면목,15802,15331,31133
202105,7호선,상봉,16772,15739,32511
202105,7호선,중화,10959,10775,21734
202105,7호선,먹골,9959,9653,19612
202105,7호선,태릉입구,8330,8078,16408
202105,7호선,공릉,11607,11605,23212
202105,7호선,하계,17282,16247,33529
202105,7호선,중계,14269,13115,27384
202105,7호선,노원,18370,19585,37955
202105,7호선,마들,12370,11762,24132
202105,7호선,수락산,12616,12379,24995
202105,7호선,도봉산,9274,10615,19889
202105,7호선,장암,2271,843,3114
202106,7호선,장암,2350,877,3227
202106,7호선,도봉산,9470,10934,20404
202106,7호선,수락산,12555,12496,25051
202106,7호선,마들,12503,12016,24519
202106,7호선,노원,18563,19786,38349
202106,7호선,중계,14675,13335,28010
202106,7호선,하계,17531,16478,34009
202106,7호선,공릉,11766,11591,23357
202106,7호선,태릉입구,8241,8024,16265
202106,7호선,먹골,9945,9730,19675
202106,7호선,중화,11059,10779,21838
202106,7호선,상봉,16840,15930,32770
202106,7호선,면목,15880,15486,31366
202106,7호선,사가정,16427,16381,32808
202106,7호선,용마산,6213,5970,12183
202106,7호선,중곡,9979,9074,19053
202106,7호선,군자,14602,11967,26569
202106,7호선,어린이대공원,13113,13197,26310
202106,7호선,건대입구,11455,11718,23173
202106,7호선,뚝섬유원지,7991,7932,15923
202106,7호선,청담,19676,21892,41568
202106,7호선,강남구청,16620,18402,35022
202106,7호선,학동,24619,26476,51095
202106,7호선,논현,20932,22486,43418
202106,7호선,반포,5780,5505,11285
202106,7호선,고속터미널,14342,12761,27103
202106,7호선,내방,14536,14940,29476
202106,7호선,이수,15404,15111,30515
202106,7호선,남성,11246,10407,21653
202106,7호선,숭실대입구,12226,12522,24748
202106,7호선,상도,10733,10352,21085
202106,7호선,장승배기,9727,9523,19250
202106,7호선,신대방삼거리,16316,15584,31900
202106,7호선,보라매,9691,9736,19427
202106,7호선,신풍,11952,11227,23179
202106,7호선,대림,7794,7855,15649
202106,7호선,남구로,16718,17550,34268
202106,7호선,가산디지털단지,48775,49238,98013
202106,7호선,철산,21533,22083,43616
202106,7호선,광명사거리,22245,21866,44111
202106,7호선,천왕,11793,11225,23018
202106,7호선,온수,11155,10216,21371
202106,7호선,까치울,7852,7616,15468
202106,7호선,부천종합운동장,4797,4260,9057
202106,7호선,춘의,9935,9764,19699
202106,7호선,신중동,14502,14275,28777
202106,7호선,부천시청,12595,12545,25140
202106,7호선,상동,12798,13356,26154
202106,7호선,삼산체육관,5431,4962,10393
202106,7호선,굴포천,9072,9587,18659
202106,7호선,부평구청,8248,7085,15333
202106,7호선,장암,2371,976,3347
202106,7호선,도봉산,9726,11216,20942
202106,7호선,수락산,13152,12874,26026
202106,7호선,마들,12721,12164,24885
202106,7호선,노원,18736,19794,38530
202106,7호선,중계,14734,13659,28393
202106,7호선,하계,18200,17172,35372
202106,7호선,공릉,11853,11945,23798
202106,7호선,태릉입구,8417,8146,16563
202106,7호선,먹골,10091,9809,19900
202106,7호선,중화,11162,11004,22166
202106,7호선,상봉,16848,16042,32890
202106,7호선,면목,15676,15268,30944
202106,7호선,사가정,16574,16466,33040
202106,7호선,용마산,6102,5945,12047
202106,7호선,중곡,10081,9215,19296
202106,7호선,군자,14745,11934,26679
202106,7호선,어린이대공원,12861,12752,25613
202106,7호선,건대입구,11589,11834,23423
202106,7호선,뚝섬유원지,8643,8558,17201
202106,7호선,청담,19894,22211,42105
202106,7호선,강남구청,16735,18523,35258
202106,7호선,학동,24968,26713,51681
202106,7호선,논현,20888,22304,43192
202106,7호선,반포,5745,5522,11267
202106,7호선,고속터미널,14281,12484,26765
202106,7호선,내방,14767,15144,29911
202106,7호선,이수,15641,15213,30854
202106,7호선,남성,11270,10481,21751
202106,7호선,숭실대입구,12018,12327,24345
202106,7호선,상도,10738,10314,21052
202106,7호선,장승배기,9716,9460,19176
202106,7호선,신대방삼거리,16487,15820,32307
202106,7호선,보라매,9889,10035,19924
202106,7호선,신풍,12117,11624,23741
202106,7호선,대림,7936,7961,15897
202106,7호선,남구로,16736,17611,34347
202106,7호선,가산디지털단지,48695,49028,97723
202106,7호선,철산,21667,22285,43952
202106,7호선,광명사거리,22805,22138,44943
202106,7호선,천왕,11740,11308,23048
202106,7호선,온수,11181,10369,21550
202106,7호선,까치울,8023,7773,15796
202106,7호선,부천종합운동장,4782,4108,8890
202106,7호선,춘의,10022,9772,19794
202106,7호선,신중동,14657,14543,29200
202106,7호선,부천시청,12608,12669,25277
202106,7호선,상동,12944,13582,26526
202106,7호선,삼산체육관,5551,4978,10529
202106,7호선,굴포천,9066,9629,18695
202106,7호선,부평구청,8183,7113,15296
202106,7호선,장암,2244,829,3073
202106,7호선,도봉산,8971,10288,19259
202106,7호선,수락산,12193,12406,24599
202106,7호선,마들,12372,11964,24336
202106,7호선,노원,18493,18973,37466
202106,7호선,중계,14185,13272,27457
202106,7호선,하계,17140,16486,33626
202106,7호선,공릉,11208,11201,22409
202106,7호선,태릉입구,8016,7551,15567
202106,7호선,먹골,9657,9634,19291
202106,7호선,중화,10652,10510,21162
202106,7호선,상봉,16514,15458,31972
202106,7호선,면목,15039,15019,30058
202106,7호선,사가정,15807,15911,31718
202106,7호선,용마산,6005,5844,11849
202106,7호선,중곡,9681,9108,18789
202106,7호선,군자,14464,11887,26351
202106,7호선,어린이대공원,12187,12092,24279
202106,7호선,건대입구,11507,11649,23156
202106,7호선,뚝섬유원지,6677,6622,13299
202106,7호선,청담,19223,21932,41155
202106,7호선,강남구청,16282,17961,34243
202106,7호선,학동,24921,26414,51335
202106,7호선,논현,20089,21857,41946
202106,7호선,반포,5573,5493,11066
202106,7호선,고속터미널,14151,12499,26650
202106,7호선,내방,14285,14639,28924
202106,7호선,이수,15011,14698,29709
202106,7호선,남성,10957,10419,21376
202106,7호선,숭실대입구,11808,12091,23899
202106,7호선,상도,10291,10111,20402
202106,7호선,장승배기,9393,9341,18734
202106,7호선,신대방삼거리,15879,15246,31125
202106,7호선,보라매,9654,9700,19354
202106,7호선,신풍,11523,11168,22691
202106,7호선,대림,7779,7607,15386
202106,7호선,남구로,16200,17327,33527
202106,7호선,가산디지털단지,49786,48259,98045
202106,7호선,철산,20755,21534,42289
202106,7호선,광명사거리,21306,21119,42425
202106,7호선,천왕,11327,10884,22211
202106,7호선,온수,10902,10079,20981
202106,7호선,까치울,7538,7257,14795
202106,7호선,부천종합운동장,4413,3883,8296
202106,7호선,춘의,9589,9480,19069
202106,7호선,신중동,14097,13939,28036
202106,7호선,부천시청,12237,12198,24435
202106,7호선,상동,12572,12869,25441
202106,7호선,삼산체육관,5181,4775,9956
202106,7호선,굴포천,8785,9568,18353
202106,7호선,부평구청,7871,6795,14666
202106,7호선,장암,2459,1038,3497
202106,7호선,도봉산,9605,11668,21273
202106,7호선,수락산,13049,12883,25932
202106,7호선,마들,13019,12022,25041
202106,7호선,노원,20255,22267,42522
202106,7호선,중계,15115,13364,28479
202106,7호선,하계,17973,16765,34738
202106,7호선,공릉,12443,12177,24620
202106,7호선,태릉입구,8736,8420,17156
202106,7호선,먹골,10328,10042,20370
202106,7호선,중화,11591,10983,22574
202106,7호선,상봉,17613,16825,34438
202106,7호선,면목,16207,15640,31847
202106,7호선,사가정,17129,16960,34089
202106,7호선,용마산,6272,5919,12191
202106,7호선,중곡,10315,9427,19742
202106,7호선,군자,15247,12034,27281
202106,7호선,어린이대공원,13586,13234,26820
202106,7호선,건대입구,12371,12911,25282
202106,7호선,뚝섬유원지,10015,10023,20038
202106,7호선,청담,19947,22568,42515
202106,7호선,강남구청,16694,18690,35384
202106,7호선,학동,24505,26439,50944
202106,7호선,논현,21161,23016,44177
202106,7호선,반포,6090,5850,11940
202106,7호선,고속터미널,16682,14277,30959
202106,7호선,내방,15021,15214,30235
202106,7호선,이수,16548,15985,32533
202106,7호선,남성,11527,10554,22081
202106,7호선,숭실대입구,12383,12106,24489
202106,7호선,상도,11089,10572,21661
202106,7호선,장승배기,9862,9392,19254
202106,7호선,신대방삼거리,16864,16025,32889
202106,7호선,보라매,9831,9676,19507
202106,7호선,신풍,12046,11560,23606
202106,7호선,대림,7905,8166,16071
202106,7호선,남구로,16216,17294,33510
202106,7호선,가산디지털단지,48175,48241,96416
202106,7호선,철산,22456,22970,45426
202106,7호선,광명사거리,23377,23019,46396
202106,7호선,천왕,12028,11196,23224
202106,7호선,온수,11230,10322,21552
202106,7호선,까치울,8193,7974,16167
202106,7호선,부천종합운동장,5014,4413,9427
202106,7호선,춘의,9930,9690,19620
202106,7호선,신중동,15120,15079,30199
202106,7호선,부천시청,13450,13488,26938
202106,7호선,상동,13316,14172,27488
202106,7호선,삼산체육관,5620,5068,10688
202106,7호선,굴포천,9308,9952,19260
202106,7호선,부평구청,8336,7196,15532
202106,7호선,마들,12394,11783,24177
202106,7호선,노원,18368,19764,38132
202106,7호선,중계,14234,13127,27361
202106,7호선,하계,17141,15994,33135
202106,7호선,공릉,11557,11626,23183
202106,7호선,태릉입구,8070,7661,15731
202106,7호선,숭실대입구,11886,12201,24087
202106,7호선,남성,10901,10329,21230
202106,7호선,이수,14926,14604,29530
202106,7호선,내방,14251,14570,28821
202106,7호선,고속터미널,15658,12997,28655
202106,7호선,반포,5501,5313,10814
202106,7호선,논현,20480,21937,42417
202106,7호선,학동,24394,26064,50458
202106,7호선,강남구청,15753,17288,33041
202106,7호선,청담,19231,21483,40714
202106,7호선,뚝섬유원지,7748,7764,15512
202106,7호선,건대입구,11216,11478,22694
202106,7호선,어린이대공원,12384,12367,24751
202106,7호선,군자,14210,11537,25747
202106,7호선,중곡,9733,9015,18748
202106,7호선,용마산,6029,5980,12009
202106,7호선,사가정,16228,16216,32444
202106,7호선,면목,15642,15062,30704
202106,7호선,상봉,16466,15538,32004
202106,7호선,부평구청,7697,6684,14381
202106,7호선,굴포천,8908,9447,18355
202106,7호선,삼산체육관,5298,4811,10109
202106,7호선,상동,12313,12768,25081
202106,7호선,부천시청,12317,12183,24500
202106,7호선,신중동,14020,13981,28001
202106,7호선,춘의,9675,9541,19216
202106,7호선,중화,10760,10689,21449
202106,7호선,부천종합운동장,4616,4116,8732
202106,7호선,까치울,7720,7409,15129
202106,7호선,온수,11216,10247,21463
202106,7호선,천왕,11551,11136,22687
202106,7호선,광명사거리,22050,21447,43497
202106,7호선,철산,21502,21801,43303
202106,7호선,가산디지털단지,48275,48527,96802
202106,7호선,남구로,16736,17705,34441
202106,7호선,대림,8004,7889,15893
202106,7호선,신풍,11696,11107,22803
202106,7호선,보라매,9730,9822,19552
202106,7호선,신대방삼거리,16063,15638,31701
202106,7호선,장승배기,9415,9228,18643
202106,7호선,상도,10204,9994,20198
202106,7호선,장암,2358,883,3241
202106,7호선,도봉산,9355,10705,20060
202106,7호선,수락산,12469,12412,24881
202106,7호선,먹골,9736,9545,19281
202106,7호선,장암,2407,920,3327
202106,7호선,도봉산,9583,11249,20832
202106,7호선,수락산,12866,12774,25640
202106,7호선,마들,12677,11937,24614
202106,7호선,노원,18790,20090,38880
202106,7호선,중계,14522,13358,27880
202106,7호선,하계,17802,16778,34580
202106,7호선,공릉,12368,12318,24686
202106,7호선,태릉입구,8284,7838,16122
202106,7호선,먹골,9957,9654,19611
202106,7호선,중화,11098,10796,21894
202106,7호선,상봉,16906,15930,32836
202106,7호선,면목,16087,15559,31646
202106,7호선,사가정,16484,16610,33094
202106,7호선,용마산,6250,6073,12323
202106,7호선,중곡,10084,9141,19225
202106,7호선,군자,14671,11877,26548
202106,7호선,어린이대공원,12651,12679,25330
202106,7호선,건대입구,11279,11588,22867
202106,7호선,뚝섬유원지,8463,8414,16877
202106,7호선,청담,19870,22046,41916
202106,7호선,강남구청,16640,18436,35076
202106,7호선,학동,24926,26522,51448
202106,7호선,논현,20983,22471,43454
202106,7호선,반포,5709,5543,11252
202106,7호선,고속터미널,14474,12544,27018
202106,7호선,내방,14636,14940,29576
202106,7호선,이수,15407,14928,30335
202106,7호선,남성,11071,10378,21449
202106,7호선,숭실대입구,13640,13904,27544
202106,7호선,상도,10528,10170,20698
202106,7호선,장승배기,9693,9372,19065
202106,7호선,신대방삼거리,16414,15861,32275
202106,7호선,보라매,9997,9993,19990
202106,7호선,신풍,11745,11279,23024
202106,7호선,대림,7869,7737,15606
202106,7호선,남구로,16736,17625,34361
202106,7호선,가산디지털단지,48868,49227,98095
202106,7호선,철산,21594,21977,43571
202106,7호선,광명사거리,22166,21753,43919
202106,7호선,천왕,11639,11118,22757
202106,7호선,온수,11101,10197,21298
202106,7호선,까치울,7807,7642,15449
202106,7호선,부천종합운동장,4791,4248,9039
202106,7호선,춘의,9966,9800,19766
202106,7호선,신중동,14450,14333,28783
202106,7호선,부천시청,12619,12537,25156
202106,7호선,상동,12730,13348,26078
202106,7호선,삼산체육관,5471,5106,10577
202106,7호선,굴포천,9047,9521,18568
202106,7호선,부평구청,8181,7005,15186
202106,7호선,춘의,9944,9690,19634
202106,7호선,장암,2356,915,3271
202106,7호선,도봉산,9433,11090,20523
202106,7호선,수락산,12977,12881,25858
202106,7호선,마들,12602,12021,24623
202106,7호선,노원,18654,20139,38793
202106,7호선,중계,14471,13408,27879
202106,7호선,하계,18153,17143,35296
202106,7호선,공릉,12210,12240,24450
202106,7호선,태릉입구,8413,7913,16326
202106,7호선,먹골,10075,9839,19914
202106,7호선,중화,11005,10720,21725
202106,7호선,상봉,16806,16024,32830
202106,7호선,면목,15675,15215,30890
202106,7호선,사가정,16437,16488,32925
202106,7호선,용마산,6200,5980,12180
202106,7호선,중곡,10027,9175,19202
202106,7호선,군자,14738,11945,26683
202106,7호선,어린이대공원,12615,12751,25366
202106,7호선,건대입구,11502,11522,23024
202106,7호선,뚝섬유원지,8540,8358,16898
202106,7호선,청담,19876,22306,42182
202106,7호선,강남구청,16721,18336,35057
202106,7호선,학동,24944,26639,51583
202106,7호선,논현,20755,22156,42911
202106,7호선,고속터미널,14241,12630,26871
202106,7호선,내방,14835,15039,29874
202106,7호선,이수,15392,15146,30538
202106,7호선,남성,11236,10432,21668
202106,7호선,숭실대입구,13155,13378,26533
202106,7호선,상도,10710,10283,20993
202106,7호선,장승배기,9699,9510,19209
202106,7호선,신대방삼거리,16358,15805,32163
202106,7호선,보라매,10035,10107,20142
202106,7호선,신풍,12024,11380,23404
202106,7호선,대림,7860,7725,15585
202106,7호선,남구로,16541,17537,34078
202106,7호선,가산디지털단지,48350,48878,97228
202106,7호선,철산,21792,22210,44002
202106,7호선,광명사거리,22323,21919,44242
202106,7호선,천왕,11739,11293,23032
202106,7호선,온수,11240,10370,21610
202106,7호선,까치울,7918,7607,15525
202106,7호선,부천종합운동장,4675,4190,8865
202106,7호선,신중동,14600,14442,29042
202106,7호선,부천시청,12764,12695,25459
202106,7호선,상동,12982,13600,26582
202106,7호선,삼산체육관,5496,4959,10455
202106,7호선,굴포천,9060,9699,18759
202106,7호선,부평구청,8043,6960,15003
202106,7호선,반포,5811,5443,11254
202106,7호선,부평구청,7886,6968,14854
202106,7호선,굴포천,9024,9695,18719
202106,7호선,삼산체육관,5340,4915,10255
202106,7호선,상동,12798,13267,26065
202106,7호선,부천시청,12839,12641,25480
202106,7호선,신중동,14406,14520,28926
202106,7호선,춘의,9939,9850,19789
202106,7호선,부천종합운동장,4661,4047,8708
202106,7호선,까치울,7932,7712,15644
202106,7호선,온수,11210,10245,21455
202106,7호선,천왕,11580,11050,22630
202106,7호선,광명사거리,22210,22071,44281
202106,7호선,철산,21309,22141,43450
202106,7호선,가산디지털단지,48863,48286,97149
202106,7호선,남구로,16536,17714,34250
202106,7호선,대림,7879,7918,15797
202106,7호선,신풍,11839,11502,23341
202106,7호선,보라매,9808,9785,19593
202106,7호선,신대방삼거리,16582,15926,32508
202106,7호선,장승배기,9627,9442,19069
202106,7호선,상도,10655,10321,20976
202106,7호선,숭실대입구,13926,14059,27985
202106,7호선,남성,11451,10648,22099
202106,7호선,이수,15419,15080,30499
202106,7호선,내방,14572,14959,29531
202106,7호선,고속터미널,14940,12994,27934
202106,7호선,반포,5765,5618,11383
202106,7호선,논현,20537,22363,42900
202106,7호선,학동,25167,26856,52023
202106,7호선,강남구청,16531,18292,34823
202106,7호선,청담,19613,22119,41732
202106,7호선,뚝섬유원지,7534,7299,14833
202106,7호선,건대입구,11453,11839,23292
202106,7호선,어린이대공원,12901,12844,25745
202106,7호선,군자,14741,12099,26840
202106,7호선,중곡,9828,9141,18969
202106,7호선,용마산,6120,6070,12190
202106,7호선,사가정,16445,16594,33039
202106,7호선,면목,15297,14854,30151
202106,7호선,상봉,16947,16020,32967
202106,7호선,중화,10879,10769,21648
202106,7호선,먹골,10047,9880,19927
202106,7호선,태릉입구,8299,7816,16115
202106,7호선,공릉,12190,12202,24392
202106,7호선,하계,17851,16946,34797
202106,7호선,중계,14522,13374,27896
202106,7호선,노원,18676,19879,38555
202106,7호선,마들,12675,12159,24834
202106,7호선,수락산,13056,12908,25964
202106,7호선,도봉산,9379,11205,20584
202106,7호선,장암,2380,944,3324
202106,7호선,중계,14310,12852,27162
202106,7호선,부평구청,7916,6846,14762
202106,7호선,굴포천,9003,9597,18600
202106,7호선,삼산체육관,5317,4832,10149
202106,7호선,상동,12802,13631,26433
202106,7호선,부천시청,12919,12948,25867
202106,7호선,신중동,14452,14391,28843
202106,7호선,춘의,9724,9487,19211
202106,7호선,부천종합운동장,4735,4083,8818
202106,7호선,까치울,7764,7593,15357
202106,7호선,온수,10924,10034,20958
202106,7호선,천왕,11669,10951,22620
202106,7호선,광명사거리,22372,22028,44400
202106,7호선,철산,21558,22384,43942
202106,7호선,가산디지털단지,47025,46791,93816
202106,7호선,남구로,16037,17088,33125
202106,7호선,대림,8029,8059,16088
202106,7호선,신풍,11912,11276,23188
202106,7호선,보라매,9852,9620,19472
202106,7호선,신대방삼거리,16432,15432,31864
202106,7호선,장승배기,9568,9087,18655
202106,7호선,상도,10647,10158,20805
202106,7호선,숭실대입구,13089,12914,26003
202106,7호선,남성,11150,10154,21304
202106,7호선,이수,15688,15248,30936
202106,7호선,내방,14330,14577,28907
202106,7호선,고속터미널,16330,13597,29927
202106,7호선,반포,5975,5662,11637
202106,7호선,논현,20703,22523,43226
202106,7호선,학동,23618,25333,48951
202106,7호선,강남구청,16275,18162,34437
202106,7호선,청담,18812,21561,40373
202106,7호선,뚝섬유원지,8312,8377,16689
202106,7호선,건대입구,11927,12118,24045
202106,7호선,어린이대공원,12448,12147,24595
202106,7호선,군자,14812,11718,26530
202106,7호선,중곡,9902,9020,18922
202106,7호선,용마산,6093,5699,11792
202106,7호선,사가정,16450,16449,32899
202106,7호선,면목,15975,15280,31255
202106,7호선,상봉,16952,16203,33155
202106,7호선,중화,10969,10532,21501
202106,7호선,먹골,9998,9562,19560
202106,7호선,태릉입구,8325,7883,16208
202106,7호선,공릉,12088,12030,24118
202106,7호선,하계,17455,16207,33662
202106,7호선,노원,19465,21106,40571
202106,7호선,마들,12628,11713,24341
202106,7호선,수락산,12729,12570,25299
202106,7호선,도봉산,9166,10536,19702
202106,7호선,장암,2289,950,3239
202106,7호선,부평구청,7853,6855,14708
202106,7호선,굴포천,8958,9517,18475
202106,7호선,삼산체육관,5186,4680,9866
202106,7호선,상동,12710,13141,25851
202106,7호선,부천시청,11944,11750,23694
202106,7호선,신중동,13828,13740,27568
202106,7호선,춘의,9843,9757,19600
202106,7호선,부천종합운동장,4744,4093,8837
202106,7호선,까치울,7733,7556,15289
202106,7호선,온수,11242,10447,21689
202106,7호선,천왕,11576,11093,22669
202106,7호선,광명사거리,22137,21629,43766
202106,7호선,철산,21313,21826,43139
202106,7호선,가산디지털단지,47928,48255,96183
202106,7호선,남구로,16842,17573,34415
202106,7호선,대림,8485,8277,16762
202106,7호선,신풍,11743,11287,23030
202106,7호선,보라매,9705,9891,19596
202106,7호선,신대방삼거리,16340,15780,32120
202106,7호선,장승배기,9521,9367,18888
202106,7호선,상도,10225,9991,20216
202106,7호선,숭실대입구,13384,13747,27131
202106,7호선,남성,11186,10486,21672
202106,7호선,이수,14949,14611,29560
202106,7호선,내방,14297,14591,28888
202106,7호선,고속터미널,15763,13117,28880
202106,7호선,반포,5665,5450,11115
202106,7호선,논현,20579,22052,42631
202106,7호선,학동,24519,25832,50351
202106,7호선,강남구청,15656,17230,32886
202106,7호선,청담,19039,21194,40233
202106,7호선,뚝섬유원지,8287,8104,16391
202106,7호선,건대입구,11050,11269,22319
202106,7호선,어린이대공원,11461,11386,22847
202106,7호선,군자,14235,11793,26028
202106,7호선,중곡,9930,9115,19045
202106,7호선,용마산,6067,5958,12025
202106,7호선,사가정,16221,16293,32514
202106,7호선,면목,16449,16051,32500
202106,7호선,상봉,16676,15633,32309
202106,7호선,중화,10707,10567,21274
202106,7호선,먹골,9856,9644,19500
202106,7호선,태릉입구,8026,7517,15543
202106,7호선,공릉,12256,12177,24433
202106,7호선,하계,17312,16372,33684
202106,7호선,중계,14496,13390,27886
202106,7호선,노원,17961,19141,37102
202106,7호선,마들,12294,11777,24071
202106,7호선,수락산,12716,12548,25264
202106,7호선,도봉산,9218,10636,19854
202106,7호선,장암,2391,891,3282
202106,7호선,부평구청,7898,6850,14748
202106,7호선,굴포천,8861,9482,18343
202106,7호선,삼산체육관,5346,4863,10209
202106,7호선,상동,12527,13112,25639
202106,7호선,부천시청,12562,12399,24961
202106,7호선,신중동,14229,14082,28311
202106,7호선,부천종합운동장,4511,3910,8421
202106,7호선,까치울,7641,7466,15107
202106,7호선,온수,11347,10238,21585
202106,7호선,천왕,11614,11129,22743
202106,7호선,광명사거리,22008,21562,43570
202106,7호선,철산,21200,21713,42913
202106,7호선,가산디지털단지,47850,48480,96330
202106,7호선,춘의,9896,9688,19584
202106,7호선,남구로,16498,17449,33947
202106,7호선,대림,7872,7827,15699
202106,7호선,신풍,11725,11090,22815
202106,7호선,보라매,9965,9941,19906
202106,7호선,신대방삼거리,16406,15851,32257
202106,7호선,장승배기,9447,9191,18638
202106,7호선,상도,10403,10061,20464
202106,7호선,숭실대입구,12414,12669,25083
202106,7호선,남성,11196,10405,21601
202106,7호선,이수,15097,14853,29950
202106,7호선,내방,14136,14429,28565
202106,7호선,고속터미널,15041,12989,28030
202106,7호선,반포,5623,5486,11109
202106,7호선,논현,20722,22135,42857
202106,7호선,학동,24399,26227,50626
202106,7호선,강남구청,16174,17996,34170
202106,7호선,청담,19265,21319,40584
202106,7호선,뚝섬유원지,7995,7835,15830
202106,7호선,건대입구,11411,11541,22952
202106,7호선,어린이대공원,11689,11676,23365
202106,7호선,군자,14438,11668,26106
202106,7호선,중곡,9888,9234,19122
202106,7호선,용마산,6086,5916,12002
202106,7호선,사가정,16182,16259,32441
202106,7호선,면목,16138,15708,31846
202106,7호선,상봉,16716,15801,32517
202106,7호선,중화,10979,10754,21733
202106,7호선,먹골,9807,9735,19542
202106,7호선,태릉입구,8331,7813,16144
202106,7호선,공릉,11762,11513,23275
202106,7호선,하계,17309,16392,33701
202106,7호선,중계,14472,13353,27825
202106,7호선,노원,18813,20112,38925
202106,7호선,마들,12389,11689,24078
202106,7호선,수락산,12482,12321,24803
202106,7호선,도봉산,8777,9943,18720
202106,7호선,장암,2296,869,3165
202106,7호선,부평구청,8093,7071,15164
202106,7호선,굴포천,9222,9800,19022
202106,7호선,삼산체육관,5638,5129,10767
202106,7호선,상동,13560,14033,27593
202106,7호선,부천시청,12902,12942,25844
202106,7호선,신중동,14832,14783,29615
202106,7호선,춘의,10099,9788,19887
202106,7호선,부천종합운동장,4837,4226,9063
202106,7호선,까치울,8079,7887,15966
202106,7호선,온수,11412,10589,22001
202106,7호선,천왕,11912,11277,23189
202106,7호선,광명사거리,22490,22098,44588
202106,7호선,철산,21833,22564,44397
202106,7호선,가산디지털단지,48200,48252,96452
202106,7호선,남구로,16686,17580,34266
202106,7호선,대림,8070,8084,16154
202106,7호선,신풍,11856,11276,23132
202106,7호선,보라매,9879,9959,19838
202106,7호선,신대방삼거리,16515,15702,32217
202106,7호선,장승배기,9433,9185,18618
202106,7호선,상도,10418,10129,20547
202106,7호선,숭실대입구,12657,12756,25413
202106,7호선,남성,11162,10320,21482
202106,7호선,이수,15654,15552,31206
202106,7호선,내방,14443,14726,29169
202106,7호선,고속터미널,14884,13051,27935
202106,7호선,반포,5912,5766,11678
202106,7호선,논현,20718,22066,42784
202106,7호선,학동,24671,26387,51058
202106,7호선,강남구청,16681,18299,34980
202106,7호선,청담,19844,21863,41707
202106,7호선,뚝섬유원지,10256,10163,20419
202106,7호선,건대입구,11803,11855,23658
202106,7호선,어린이대공원,12218,12014,24232
202106,7호선,군자,14744,11928,26672
202106,7호선,중곡,10227,9503,19730
202106,7호선,용마산,6222,6108,12330
202106,7호선,사가정,16785,16660,33445
202106,7호선,면목,16804,16442,33246
202106,7호선,상봉,17052,16113,33165
202106,7호선,중화,11190,10992,22182
202106,7호선,먹골,10072,9804,19876
202106,7호선,태릉입구,8544,8163,16707
202106,7호선,공릉,11807,11758,23565
202106,7호선,하계,18267,17419,35686
202106,7호선,중계,14866,13740,28606
202106,7호선,노원,19258,20710,39968
202106,7호선,마들,12732,12200,24932
202106,7호선,수락산,13237,13035,26272
202106,7호선,도봉산,9303,11131,20434
202106,7호선,장암,2404,922,3326
202106,7호선,광명사거리,22359,22070,44429
202106,7호선,철산,21580,21928,43508
202106,7호선,가산디지털단지,48121,48414,96535
202106,7호선,남구로,16532,17473,34005
202106,7호선,대림,7828,7898,15726
202106,7호선,신풍,11968,11418,23386
202106,7호선,보라매,9794,9845,19639
202106,7호선,신대방삼거리,16325,15649,31974
202106,7호선,장승배기,9373,9116,18489
202106,7호선,상도,10543,10190,20733
202106,7호선,숭실대입구,12470,12611,25081
202106,7호선,남성,11092,10328,21420
202106,7호선,이수,15722,15281,31003
202106,7호선,내방,14323,14673,28996
202106,7호선,고속터미널,15402,13281,28683
202106,7호선,반포,5813,5695,11508
202106,7호선,논현,20422,22107,42529
202106,7호선,학동,24544,26399,50943
202106,7호선,강남구청,16365,18360,34725
202106,7호선,청담,19441,21963,41404
202106,7호선,뚝섬유원지,8437,8247,16684
202106,7호선,건대입구,11586,11942,23528
202106,7호선,어린이대공원,11950,11802,23752
202106,7호선,군자,14674,11752,26426
202106,7호선,중곡,9918,9130,19048
202106,7호선,용마산,6274,6178,12452
202106,7호선,사가정,16500,16424,32924
202106,7호선,면목,16287,16004,32291
202106,7호선,상봉,17201,16007,33208
202106,7호선,중화,10988,10687,21675
202106,7호선,먹골,9951,9785,19736
202106,7호선,태릉입구,8608,8108,16716
202106,7호선,공릉,11742,11658,23400
202106,7호선,하계,17532,16521,34053
202106,7호선,중계,14801,13657,28458
202106,7호선,노원,18730,20310,39040
202106,7호선,마들,12809,12158,24967
202106,7호선,수락산,12906,12762,25668
202106,7호선,도봉산,9268,10743,20011
202106,7호선,장암,2377,980,3357
202106,7호선,부평구청,7897,6927,14824
202106,7호선,굴포천,9093,9628,18721
202106,7호선,삼산체육관,5574,5149,10723
202106,7호선,상동,12870,13323,26193
202106,7호선,부천시청,12702,12689,25391
202106,7호선,신중동,14678,14601,29279
202106,7호선,부천종합운동장,4734,4173,8907
202106,7호선,까치울,8007,7754,15761
202106,7호선,온수,11359,10445,21804
202106,7호선,천왕,11667,10942,22609
202106,7호선,춘의,9820,9708,19528
202106,7호선,상동,13130,13755,26885
202106,7호선,뚝섬유원지,8466,8283,16749
202106,7호선,장암,2340,945,3285
202106,7호선,도봉산,8705,9808,18513
202106,7호선,수락산,12608,12472,25080
202106,7호선,마들,12791,11811,24602
202106,7호선,노원,19603,21201,40804
202106,7호선,중계,14709,13146,27855
202106,7호선,하계,17711,16235,33946
202106,7호선,공릉,12224,11947,24171
202106,7호선,태릉입구,8490,8117,16607
202106,7호선,먹골,10124,9841,19965
202106,7호선,중화,11038,10770,21808
202106,7호선,상봉,17185,16422,33607
202106,7호선,면목,16279,15532,31811
202106,7호선,용마산,6158,5867,12025
202106,7호선,중곡,10104,9144,19248
202106,7호선,군자,15170,11921,27091
202106,7호선,어린이대공원,12436,12062,24498
202106,7호선,건대입구,12056,12296,24352
202106,7호선,청담,18987,21608,40595
202106,7호선,강남구청,16306,18229,34535
202106,7호선,학동,23710,25620,49330
202106,7호선,논현,20860,22493,43353
202106,7호선,반포,5953,5543,11496
202106,7호선,고속터미널,17122,14382,31504
202106,7호선,내방,14433,14834,29267
202106,7호선,이수,16026,15703,31729
202106,7호선,남성,11143,9899,21042
202106,7호선,숭실대입구,12330,11969,24299
202106,7호선,상도,10774,10085,20859
202106,7호선,장승배기,9566,9120,18686
202106,7호선,신대방삼거리,16356,15378,31734
202106,7호선,보라매,9783,9721,19504
202106,7호선,신풍,12025,11290,23315
202106,7호선,대림,8021,8123,16144
202106,7호선,남구로,16250,17125,33375
202106,7호선,가산디지털단지,46920,47102,94022
202106,7호선,철산,21780,22344,44124
202106,7호선,광명사거리,22604,21794,44398
202106,7호선,천왕,11683,10804,22487
202106,7호선,온수,11042,10191,21233
202106,7호선,까치울,7769,7548,15317
202106,7호선,부천종합운동장,4707,4041,8748
202106,7호선,춘의,9809,9491,19300
202106,7호선,신중동,14525,14565,29090
202106,7호선,부천시청,12964,12899,25863
202106,7호선,삼산체육관,5407,4930,10337
202106,7호선,굴포천,9195,9867,19062
202106,7호선,부평구청,7855,6832,14687
202106,7호선,사가정,16553,16412,32965
202106,7호선,대림,8189,7951,16140
202106,7호선,신풍,11902,11431,23333
202106,7호선,보라매,9631,9713,19344
202106,7호선,신대방삼거리,16405,15851,32256
202106,7호선,장승배기,9616,9454,19070
202106,7호선,상도,10621,10357,20978
202106,7호선,숭실대입구,11806,12204,24010
202106,7호선,남성,10951,10229,21180
202106,7호선,이수,15315,15128,30443
202106,7호선,내방,14513,14659,29172
202106,7호선,고속터미널,16405,13352,29757
202106,7호선,반포,5813,5656,11469
202106,7호선,논현,20966,22130,43096
202106,7호선,학동,24576,26092,50668
202106,7호선,강남구청,16342,17796,34138
202106,7호선,청담,19617,21576,41193
202106,7호선,뚝섬유원지,9916,9706,19622
202106,7호선,건대입구,11920,12142,24062
202106,7호선,어린이대공원,12308,12260,24568
202106,7호선,남구로,16851,17873,34724
202106,7호선,가산디지털단지,48841,49321,98162
202106,7호선,철산,21793,22090,43883
202106,7호선,광명사거리,22524,22150,44674
202106,7호선,천왕,11783,11195,22978
202106,7호선,온수,10951,10113,21064
202106,7호선,까치울,7855,7668,15523
202106,7호선,부천종합운동장,4797,4177,8974
202106,7호선,춘의,9812,9677,19489
202106,7호선,신중동,14632,14440,29072
202106,7호선,부천시청,12922,12758,25680
202106,7호선,상동,12802,13286,26088
202106,7호선,삼산체육관,5529,5009,10538
202106,7호선,굴포천,9112,9727,18839
202106,7호선,부평구청,7995,6872,14867
202106,7호선,군자,14615,11862,26477
202106,7호선,장암,2391,885,3276
202106,7호선,도봉산,9089,10714,19803
202106,7호선,수락산,12904,12800,25704
202106,7호선,마들,12738,12039,24777
202106,7호선,노원,19523,20868,40391
202106,7호선,중계,14637,13438,28075
202106,7호선,하계,17775,16732,34507
202106,7호선,공릉,11691,11923,23614
202106,7호선,태릉입구,8354,7963,16317
202106,7호선,먹골,9982,9830,19812
202106,7호선,중화,11078,10767,21845
202106,7호선,상봉,16986,16193,33179
202106,7호선,면목,15382,14998,30380
202106,7호선,사가정,16493,16625,33118
202106,7호선,용마산,6190,5977,12167
202106,7호선,중곡,9916,9207,19123
202106,7호선,장암,2318,901,3219
202106,7호선,도봉산,9357,10860,20217
202106,7호선,수락산,13223,13175,26398
202106,7호선,마들,12877,12255,25132
202106,7호선,노원,19549,20608,40157
202106,7호선,중계,14857,13620,28477
202106,7호선,하계,17908,16993,34901
202106,7호선,공릉,11879,11980,23859
202106,7호선,태릉입구,8435,7840,16275
202106,7호선,먹골,10249,10152,20401
202106,7호선,중화,11297,11141,22438
202106,7호선,상봉,17436,16340,33776
202106,7호선,면목,15469,15012,30481
202106,7호선,사가정,16847,16589,33436
202106,7호선,용마산,6221,6056,12277
202106,7호선,중곡,10278,9405,19683
202106,7호선,군자,15005,12136,27141
202106,7호선,어린이대공원,12339,12265,24604
202106,7호선,건대입구,11795,12149,23944
202106,7호선,뚝섬유원지,8727,8530,17257
202106,7호선,청담,20041,22501,42542
202106,7호선,강남구청,16966,18649,35615
202106,7호선,학동,25120,26700,51820
202106,7호선,논현,21354,22845,44199
202106,7호선,반포,5870,5676,11546
202106,7호선,고속터미널,15753,13571,29324
202106,7호선,내방,14813,15134,29947
202106,7호선,이수,15970,15509,31479
202106,7호선,남성,11197,10535,21732
202106,7호선,숭실대입구,11945,12262,24207
202106,7호선,상도,11103,10691,21794
202106,7호선,장승배기,9709,9420,19129
202106,7호선,신대방삼거리,16450,15836,32286
202106,7호선,보라매,10061,10054,20115
202106,7호선,신풍,12261,11602,23863
202106,7호선,대림,7832,7882,15714
202106,7호선,남구로,16995,17949,34944
202106,7호선,가산디지털단지,49388,49477,98865
202106,7호선,철산,21764,22228,43992
202106,7호선,광명사거리,22419,22129,44548
202106,7호선,천왕,11920,11367,23287
202106,7호선,온수,10962,10057,21019
202106,7호선,까치울,7876,7599,15475
202106,7호선,부천종합운동장,4969,4339,9308
202106,7호선,춘의,9918,9803,19721
202106,7호선,신중동,14728,14676,29404
202106,7호선,부천시청,12980,12827,25807
202106,7호선,상동,13025,13541,26566
202106,7호선,삼산체육관,5669,5177,10846
202106,7호선,굴포천,9128,9730,18858
202106,7호선,부평구청,8160,7103,15263
202106,7호선,장암,2392,899,3291
202106,7호선,도봉산,9248,10787,20035
202106,7호선,수락산,13115,12954,26069
202106,7호선,마들,12885,12210,25095
202106,7호선,노원,19434,20825,40259
202106,7호선,중계,14830,13591,28421
202106,7호선,하계,18220,17388,35608
202106,7호선,공릉,11971,11839,23810
202106,7호선,태릉입구,8107,7811,15918
202106,7호선,먹골,10097,9856,19953
202106,7호선,중화,11286,11126,22412
202106,7호선,상봉,17370,16389,33759
202106,7호선,면목,15565,15146,30711
202106,7호선,사가정,16556,16479,33035
202106,7호선,용마산,6168,6004,12172
202106,7호선,중곡,10150,9301,19451
202106,7호선,군자,15009,12161,27170
202106,7호선,어린이대공원,12294,11983,24277
202106,7호선,건대입구,11901,12051,23952
202106,7호선,뚝섬유원지,8643,8442,17085
202106,7호선,청담,19940,22262,42202
202106,7호선,강남구청,16644,18515,35159
202106,7호선,학동,24766,26478,51244
202106,7호선,논현,21270,22691,43961
202106,7호선,반포,5972,5664,11636
202106,7호선,고속터미널,15423,13225,28648
202106,7호선,내방,14702,15103,29805
202106,7호선,이수,15908,15379,31287
202106,7호선,남성,11313,10520,21833
202106,7호선,숭실대입구,11851,12106,23957
202106,7호선,상도,10957,10560,21517
202106,7호선,장승배기,9624,9480,19104
202106,7호선,신대방삼거리,16468,15833,32301
202106,7호선,보라매,10118,10112,20230
202106,7호선,신풍,12101,11600,23701
202106,7호선,대림,8155,7982,16137
202106,7호선,남구로,16958,18020,34978
202106,7호선,가산디지털단지,49254,49110,98364
202106,7호선,철산,21771,22441,44212
202106,7호선,광명사거리,22451,22077,44528
202106,7호선,천왕,12003,11326,23329
202106,7호선,온수,11061,10135,21196
202106,7호선,까치울,7877,7747,15624
202106,7호선,부천종합운동장,4770,4164,8934
202106,7호선,춘의,10099,9827,19926
202106,7호선,신중동,14657,14731,29388
202106,7호선,부천시청,13064,12948,26012
202106,7호선,상동,13062,13706,26768
202106,7호선,삼산체육관,5636,5036,10672
202106,7호선,굴포천,9336,9716,19052
202106,7호선,부평구청,8152,7070,15222
202106,7호선,장암,2413,1031,3444
202106,7호선,도봉산,9252,10854,20106
202106,7호선,수락산,13413,13124,26537
202106,7호선,마들,12841,12249,25090
202106,7호선,노원,19252,20597,39849
202106,7호선,중계,14774,13433,28207
202106,7호선,하계,17910,17086,34996
202106,7호선,공릉,11811,11836,23647
202106,7호선,태릉입구,8332,7969,16301
202106,7호선,먹골,10136,9966,20102
202106,7호선,중화,11225,11002,22227
202106,7호선,상봉,17381,16366,33747
202106,7호선,면목,15573,15029,30602
202106,7호선,사가정,16845,16803,33648
202106,7호선,용마산,6386,6210,12596
202106,7호선,중곡,10227,9307,19534
202106,7호선,군자,14984,12189,27173
202106,7호선,어린이대공원,12275,12049,24324
202106,7호선,건대입구,11814,11930,23744
202106,7호선,뚝섬유원지,9578,9230,18808
202106,7호선,청담,19813,22342,42155
202106,7호선,강남구청,16786,18602,35388
202106,7호선,학동,24913,26756,51669
202106,7호선,논현,21235,22840,44075
202106,7호선,반포,6055,5789,11844
202106,7호선,고속터미널,15525,13487,29012
202106,7호선,내방,14648,15017,29665
202106,7호선,이수,16077,15633,31710
202106,7호선,남성,11281,10374,21655
202106,7호선,숭실대입구,11932,12159,24091
202106,7호선,상도,11001,10519,21520
202106,7호선,장승배기,9743,9576,19319
202106,7호선,신대방삼거리,16570,15872,32442
202106,7호선,보라매,10010,10032,20042
202106,7호선,신풍,12210,11540,23750
202106,7호선,대림,7761,7696,15457
202106,7호선,남구로,16635,17746,34381
202106,7호선,가산디지털단지,48934,49399,98333
202106,7호선,철산,21996,22494,44490
202106,7호선,광명사거리,22590,22296,44886
202106,7호선,천왕,11957,11254,23211
202106,7호선,온수,11015,10200,21215
202106,7호선,까치울,8147,7669,15816
202106,7호선,부천종합운동장,4953,4282,9235
202106,7호선,춘의,9996,9750,19746
202106,7호선,신중동,14754,14600,29354
202106,7호선,부천시청,13039,13023,26062
202106,7호선,상동,13186,13795,26981
202106,7호선,삼산체육관,5722,5101,10823
202106,7호선,굴포천,9251,9773,19024
202106,7호선,부평구청,8124,7134,15258
202106,7호선,내방,14969,15225,30194
202106,7호선,부평구청,8178,6943,15121
202106,7호선,굴포천,9589,10216,19805
202106,7호선,삼산체육관,5772,5143,10915
202106,7호선,상동,13672,14364,28036
202106,7호선,부천시청,13614,13642,27256
202106,7호선,신중동,15221,15451,30672
202106,7호선,춘의,10217,9790,20007
202106,7호선,부천종합운동장,5010,4383,9393
202106,7호선,까치울,8271,7908,16179
202106,7호선,온수,11003,10130,21133
202106,7호선,천왕,12074,11175,23249
202106,7호선,광명사거리,23350,23010,46360
202106,7호선,철산,22548,23240,45788
202106,7호선,가산디지털단지,48796,48260,97056
202106,7호선,남구로,16546,17599,34145
202106,7호선,대림,8053,8304,16357
202106,7호선,신풍,12325,11606,23931
202106,7호선,보라매,10001,10006,20007
202106,7호선,신대방삼거리,17033,16049,33082
202106,7호선,장승배기,9888,9428,19316
202106,7호선,상도,11306,10641,21947
202106,7호선,숭실대입구,12282,12261,24543
202106,7호선,남성,11516,10391,21907
202106,7호선,이수,16574,16203,32777
202106,7호선,고속터미널,17720,14858,32578
202106,7호선,반포,6228,5940,12168
202106,7호선,논현,21748,23487,45235
202106,7호선,학동,24330,26178,50508
202106,7호선,강남구청,17070,18654,35724
202106,7호선,청담,19582,22165,41747
202106,7호선,뚝섬유원지,10808,10971,21779
202106,7호선,건대입구,12799,13003,25802
202106,7호선,어린이대공원,12733,12514,25247
202106,7호선,군자,15522,12340,27862
202106,7호선,중곡,10424,9487,19911
202106,7호선,용마산,6530,6080,12610
202106,7호선,사가정,17455,17206,34661
202106,7호선,면목,15789,15260,31049
202106,7호선,상봉,17880,17169,35049
202106,7호선,중화,11528,11019,22547
202106,7호선,먹골,10522,10207,20729
202106,7호선,태릉입구,8732,8266,16998
202106,7호선,공릉,12526,12212,24738
202106,7호선,하계,18148,17052,35200
202106,7호선,중계,15184,13528,28712
202106,7호선,노원,20857,22566,43423
202106,7호선,마들,13183,12294,25477
202106,7호선,수락산,13443,13167,26610
202106,7호선,도봉산,9168,10996,20164
202106,7호선,장암,2337,1006,3343
202106,7호선,부평구청,7781,6817,14598
202106,7호선,굴포천,8958,9488,18446
202106,7호선,삼산체육관,5312,4878,10190
202106,7호선,상동,12282,12829,25111
202106,7호선,부천시청,12416,12230,24646
202106,7호선,신중동,14052,14001,28053
202106,7호선,춘의,9833,9701,19534
202106,7호선,부천종합운동장,4476,3954,8430
202106,7호선,까치울,7637,7245,14882
202106,7호선,온수,10742,9883,20625
202106,7호선,천왕,11772,11210,22982
202106,7호선,광명사거리,21918,21567,43485
202106,7호선,철산,21129,21450,42579
202106,7호선,가산디지털단지,48667,49104,97771
202106,7호선,남구로,16854,17592,34446
202106,7호선,대림,7951,7795,15746
202106,7호선,신풍,11693,11165,22858
202106,7호선,보라매,9794,9849,19643
202106,7호선,신대방삼거리,16204,15686,31890
202106,7호선,장승배기,9569,9433,19002
202106,7호선,상도,10542,10333,20875
202106,7호선,숭실대입구,11327,11626,22953
202106,7호선,남성,10930,10337,21267
202106,7호선,이수,15156,14831,29987
202106,7호선,내방,14300,14492,28792
202106,7호선,고속터미널,16656,13225,29881
202106,7호선,반포,5491,5343,10834
202106,7호선,논현,20816,22223,43039
202106,7호선,학동,24422,25827,50249
202106,7호선,강남구청,15779,17378,33157
202106,7호선,청담,19333,21183,40516
202106,7호선,뚝섬유원지,8319,8024,16343
202106,7호선,건대입구,11350,11800,23150
202106,7호선,어린이대공원,11657,11484,23141
202106,7호선,군자,14552,11949,26501
202106,7호선,중곡,10086,9277,19363
202106,7호선,용마산,6113,6026,12139
202106,7호선,사가정,16723,16665,33388
202106,7호선,면목,15401,14952,30353
202106,7호선,상봉,16917,15884,32801
202106,7호선,중화,11127,10907,22034
202106,7호선,먹골,10071,9806,19877
202106,7호선,태릉입구,8029,7729,15758
202106,7호선,공릉,11814,11718,23532
202106,7호선,하계,17541,16583,34124
202106,7호선,중계,14330,13246,27576
202106,7호선,노원,19394,20603,39997
202106,7호선,마들,12648,11949,24597
202106,7호선,수락산,12771,12703,25474
202106,7호선,도봉산,8960,10129,19089
202106,7호선,장암,2323,899,3222
202106,7호선,부평구청,7849,6924,14773
202106,7호선,굴포천,9201,9757,18958
202106,7호선,삼산체육관,5553,5002,10555
202106,7호선,상동,12916,13617,26533
202106,7호선,부천시청,12731,12775,25506
202106,7호선,신중동,14640,14473,29113
202106,7호선,춘의,9934,9859,19793
202106,7호선,부천종합운동장,4688,4122,8810
202106,7호선,까치울,7886,7531,15417
202106,7호선,온수,10837,9872,20709
202106,7호선,천왕,11811,11157,22968
202106,7호선,광명사거리,22385,21938,44323
202106,7호선,철산,21772,22204,43976
202106,7호선,가산디지털단지,49154,49535,98689
202106,7호선,남구로,16785,17811,34596
202106,7호선,대림,7859,7834,15693
202106,7호선,신풍,12153,11542,23695
202106,7호선,보라매,10132,10186,20318
202106,7호선,신대방삼거리,16532,16032,32564
202106,7호선,장승배기,9775,9619,19394
202106,7호선,상도,10946,10567,21513
202106,7호선,숭실대입구,11771,12008,23779
202106,7호선,남성,11244,10423,21667
202106,7호선,이수,15628,15279,30907
202106,7호선,내방,14698,15150,29848
202106,7호선,고속터미널,15607,13476,29083
202106,7호선,반포,5860,5603,11463
202106,7호선,논현,21368,22776,44144
202106,7호선,학동,24949,26602,51551
202106,7호선,강남구청,16632,18288,34920
202106,7호선,청담,19744,22090,41834
202106,7호선,뚝섬유원지,8416,8431,16847
202106,7호선,건대입구,11797,11924,23721
202106,7호선,어린이대공원,12049,11760,23809
202106,7호선,군자,14887,12161,27048
202106,7호선,중곡,10184,9435,19619
202106,7호선,용마산,6267,6107,12374
202106,7호선,사가정,16795,16689,33484
202106,7호선,상봉,17085,16035,33120
202106,7호선,중화,11181,10974,22155
202106,7호선,먹골,10199,10008,20207
202106,7호선,태릉입구,8398,7895,16293
202106,7호선,공릉,11945,12054,23999
202106,7호선,하계,18016,16929,34945
202106,7호선,중계,14484,13227,27711
202106,7호선,노원,19554,20597,40151
202106,7호선,마들,12730,12196,24926
202106,7호선,수락산,13173,12973,26146
202106,7호선,도봉산,9194,10687,19881
202106,7호선,장암,2343,896,3239
202106,7호선,면목,15491,15071,30562
202106,7호선,부평구청,7939,7095,15034
202106,7호선,굴포천,9270,9854,19124
202106,7호선,삼산체육관,5682,5080,10762
202106,7호선,상동,13195,13699,26894
202106,7호선,부천시청,12971,12931,25902
202106,7호선,신중동,14650,14652,29302
202106,7호선,춘의,10075,9741,19816
202106,7호선,부천종합운동장,4698,4194,8892
202106,7호선,까치울,8155,7826,15981
202106,7호선,온수,11024,10024,21048
202106,7호선,천왕,11879,11342,23221
202106,7호선,광명사거리,22457,22047,44504
202106,7호선,철산,21694,22274,43968
202106,7호선,가산디지털단지,49040,49456,98496
202106,7호선,남구로,16696,17839,34535
202106,7호선,대림,7927,8027,15954
202106,7호선,신풍,12159,11624,23783
202106,7호선,보라매,10257,10303,20560
202106,7호선,신대방삼거리,16448,15710,32158
202106,7호선,장승배기,9727,9662,19389
202106,7호선,상도,10800,10388,21188
202106,7호선,숭실대입구,11735,12053,23788
202106,7호선,남성,11553,10550,22103
202106,7호선,이수,15793,15533,31326
202106,7호선,내방,14563,15184,29747
202106,7호선,고속터미널,15390,13395,28785
202106,7호선,반포,5942,5753,11695
202106,7호선,논현,20990,22499,43489
202106,7호선,학동,24903,26657,51560
202106,7호선,강남구청,16842,18540,35382
202106,7호선,청담,19691,21785,41476
202106,7호선,뚝섬유원지,8883,8734,17617
202106,7호선,건대입구,11803,11920,23723
202106,7호선,어린이대공원,12458,12281,24739
202106,7호선,군자,14839,12116,26955
202106,7호선,중곡,9976,9245,19221
202106,7호선,용마산,6181,5959,12140
202106,7호선,사가정,16711,16724,33435
202106,7호선,면목,15476,15109,30585
202106,7호선,상봉,17103,15996,33099
202106,7호선,중화,11338,11002,22340
202106,7호선,먹골,10127,9908,20035
202106,7호선,태릉입구,8199,7809,16008
202106,7호선,공릉,11847,11844,23691
202106,7호선,하계,18300,17316,35616
202106,7호선,중계,14684,13317,28001
202106,7호선,노원,19439,20618,40057
202106,7호선,마들,12790,12037,24827
202106,7호선,수락산,13091,12854,25945
202106,7호선,도봉산,9003,10241,19244
202106,7호선,장암,2318,908,3226
202107,7호선,면목,15526,15035,30561
202107,7호선,반포,5934,5714,11648
202107,7호선,부평구청,8019,7087,15106
202107,7호선,굴포천,9212,9656,18868
202107,7호선,삼산체육관,5499,5086,10585
202107,7호선,상동,13180,13695,26875
202107,7호선,부천시청,13002,12978,25980
202107,7호선,신중동,14703,14664,29367
202107,7호선,춘의,9887,9611,19498
202107,7호선,부천종합운동장,4856,4261,9117
202107,7호선,까치울,8148,7838,15986
202107,7호선,온수,11123,10046,21169
202107,7호선,천왕,11900,11278,23178
202107,7호선,광명사거리,22422,22064,44486
202107,7호선,철산,22264,22487,44751
202107,7호선,가산디지털단지,48540,49132,97672
202107,7호선,남구로,16611,17703,34314
202107,7호선,대림,7918,8017,15935
202107,7호선,신풍,12201,11538,23739
202107,7호선,보라매,10346,10179,20525
202107,7호선,신대방삼거리,16704,16105,32809
202107,7호선,장승배기,9887,9619,19506
202107,7호선,상도,11099,10597,21696
202107,7호선,숭실대입구,11985,12223,24208
202107,7호선,남성,11515,10586,22101
202107,7호선,이수,15829,15450,31279
202107,7호선,내방,14818,15021,29839
202107,7호선,고속터미널,14909,13108,28017
202107,7호선,논현,20971,22701,43672
202107,7호선,학동,24643,26550,51193
202107,7호선,강남구청,16854,18577,35431
202107,7호선,청담,19566,21901,41467
202107,7호선,뚝섬유원지,10021,9675,19696
202107,7호선,건대입구,11750,12091,23841
202107,7호선,어린이대공원,12138,12031,24169
202107,7호선,군자,14814,11843,26657
202107,7호선,중곡,10150,9373,19523
202107,7호선,용마산,6258,6093,12351
202107,7호선,사가정,16681,16491,33172
202107,7호선,상봉,17086,16145,33231
202107,7호선,중화,11281,11036,22317
202107,7호선,먹골,10132,9964,20096
202107,7호선,태릉입구,8341,7940,16281
202107,7호선,공릉,11962,11872,23834
202107,7호선,하계,17867,16806,34673
202107,7호선,중계,14655,13365,28020
202107,7호선,노원,19611,21040,40651
202107,7호선,마들,13123,12397,25520
202107,7호선,수락산,13107,13064,26171
202107,7호선,장암,2383,916,3299
202107,7호선,도봉산,9208,10865,20073
202107,7호선,내방,14877,15198,30075
202107,7호선,이수,16409,16136,32545
202107,7호선,남성,11543,10440,21983
202107,7호선,숭실대입구,12165,12022,24187
202107,7호선,상도,11118,10499,21617
202107,7호선,장승배기,9900,9397,19297
202107,7호선,신대방삼거리,16806,15991,32797
202107,7호선,보라매,10287,10042,20329
202107,7호선,신풍,12219,11621,23840
202107,7호선,대림,8055,8200,16255
202107,7호선,남구로,16542,17596,34138
202107,7호선,가산디지털단지,48310,48176,96486
202107,7호선,부평구청,8159,7163,15322
202107,7호선,굴포천,9467,9978,19445
202107,7호선,광명사거리,23428,22864,46292
202107,7호선,철산,22657,23605,46262
202107,7호선,삼산체육관,5687,5003,10690
202107,7호선,상동,13548,14339,27887
202107,7호선,부천시청,13733,13709,27442
202107,7호선,신중동,15187,15201,30388
202107,7호선,춘의,10037,9724,19761
202107,7호선,부천종합운동장,4959,4289,9248
202107,7호선,까치울,8095,7847,15942
202107,7호선,온수,10964,10059,21023
202107,7호선,천왕,12172,11326,23498
202107,7호선,고속터미널,17104,14532,31636
202107,7호선,반포,6135,5888,12023
202107,7호선,논현,21249,23136,44385
202107,7호선,학동,24205,26004,50209
202107,7호선,강남구청,16889,18769,35658
202107,7호선,청담,19603,22178,41781
202107,7호선,뚝섬유원지,10797,10891,21688
202107,7호선,건대입구,12421,12790,25211
202107,7호선,어린이대공원,12396,11999,24395
202107,7호선,군자,15404,12422,27826
202107,7호선,중곡,10333,9508,19841
202107,7호선,용마산,6438,6131,12569
202107,7호선,사가정,17060,16842,33902
202107,7호선,면목,15787,15178,30965
202107,7호선,상봉,17887,17000,34887
202107,7호선,중화,11528,11007,22535
202107,7호선,먹골,10560,10287,20847
202107,7호선,태릉입구,8464,8094,16558
202107,7호선,공릉,12275,12156,24431
202107,7호선,하계,18024,16736,34760
202107,7호선,중계,14973,13368,28341
202107,7호선,노원,20855,22631,43486
202107,7호선,마들,13389,12398,25787
202107,7호선,수락산,13244,13084,26328
202107,7호선,도봉산,9185,10676,19861
202107,7호선,장암,2452,1003,3455
202107,7호선,반포,5741,5657,11398
202107,7호선,부평구청,7839,6874,14713
202107,7호선,굴포천,9126,9592,18718
202107,7호선,삼산체육관,5548,4991,10539
202107,7호선,상동,12946,13529,26475
202107,7호선,부천시청,13102,12853,25955
202107,7호선,신중동,14451,14320,28771
202107,7호선,춘의,10048,9828,19876
202107,7호선,부천종합운동장,5307,4718,10025
202107,7호선,까치울,7815,7581,15396
202107,7호선,온수,11062,10006,21068
202107,7호선,천왕,11764,11180,22944
202107,7호선,광명사거리,22825,22224,45049
202107,7호선,철산,21824,22232,44056
202107,7호선,가산디지털단지,49110,49621,98731
202107,7호선,남구로,17038,17796,34834
202107,7호선,대림,7997,7962,15959
202107,7호선,신풍,11979,11390,23369
202107,7호선,보라매,9814,9908,19722
202107,7호선,신대방삼거리,16324,15886,32210
202107,7호선,장승배기,9641,9374,19015
202107,7호선,상도,10687,10318,21005
202107,7호선,숭실대입구,11607,12107,23714
202107,7호선,남성,11105,10366,21471
202107,7호선,이수,15454,15195,30649
202107,7호선,내방,14610,14821,29431
202107,7호선,고속터미널,15935,13156,29091
202107,7호선,논현,21258,22845,44103
202107,7호선,학동,24745,26434,51179
202107,7호선,강남구청,16207,17834,34041
202107,7호선,청담,19648,21702,41350
202107,7호선,뚝섬유원지,8393,8284,16677
202107,7호선,건대입구,11676,11776,23452
202107,7호선,어린이대공원,11847,11829,23676
202107,7호선,군자,14441,11901,26342
202107,7호선,중곡,10080,9274,19354
202107,7호선,용마산,6222,6012,12234
202107,7호선,사가정,16664,16616,33280
202107,7호선,면목,15258,14887,30145
202107,7호선,상봉,17102,16104,33206
202107,7호선,중화,11214,10851,22065
202107,7호선,먹골,10122,9970,20092
202107,7호선,태릉입구,8252,7851,16103
202107,7호선,공릉,11825,11848,23673
202107,7호선,하계,17620,16422,34042
202107,7호선,중계,14448,13403,27851
202107,7호선,노원,19624,20863,40487
202107,7호선,마들,12678,11996,24674
202107,7호선,수락산,12952,12799,25751
202107,7호선,도봉산,9110,10499,19609
202107,7호선,장암,2388,887,3275
202107,7호선,반포,5864,5645,11509
202107,7호선,수락산,13147,13128,26275
202107,7호선,부평구청,7959,7055,15014
202107,7호선,굴포천,9372,9889,19261
202107,7호선,삼산체육관,5562,5025,10587
202107,7호선,상동,13168,13794,26962
202107,7호선,부천시청,13162,13137,26299
202107,7호선,신중동,14752,14719,29471
202107,7호선,춘의,10050,9832,19882
202107,7호선,부천종합운동장,4984,4425,9409
202107,7호선,까치울,8094,7761,15855
202107,7호선,온수,11045,9918,20963
202107,7호선,천왕,11919,11414,23333
202107,7호선,광명사거리,22548,22252,44800
202107,7호선,철산,21845,22310,44155
202107,7호선,가산디지털단지,49504,49840,99344
202107,7호선,남구로,16675,17633,34308
202107,7호선,대림,7893,7870,15763
202107,7호선,신풍,12016,11522,23538
202107,7호선,보라매,9729,9780,19509
202107,7호선,신대방삼거리,16418,15882,32300
202107,7호선,장승배기,9933,9500,19433
202107,7호선,상도,10925,10483,21408
202107,7호선,숭실대입구,11829,12194,24023
202107,7호선,남성,11386,10493,21879
202107,7호선,이수,15849,15536,31385
202107,7호선,내방,14846,15161,30007
202107,7호선,고속터미널,14977,13134,28111
202107,7호선,논현,21230,23013,44243
202107,7호선,학동,25311,26697,52008
202107,7호선,강남구청,17187,18820,36007
202107,7호선,청담,19860,22107,41967
202107,7호선,뚝섬유원지,9231,8944,18175
202107,7호선,건대입구,11869,12205,24074
202107,7호선,어린이대공원,12097,11838,23935
202107,7호선,군자,14876,12247,27123
202107,7호선,중곡,10226,9436,19662
202107,7호선,용마산,6334,6062,12396
202107,7호선,사가정,16754,16632,33386
202107,7호선,면목,15502,15261,30763
202107,7호선,상봉,17266,16528,33794
202107,7호선,중화,11247,11026,22273
202107,7호선,먹골,10147,10051,20198
202107,7호선,태릉입구,8363,7907,16270
202107,7호선,공릉,11905,12072,23977
202107,7호선,하계,17924,16796,34720
202107,7호선,중계,14882,13480,28362
202107,7호선,노원,20485,21566,42051
202107,7호선,마들,12992,12225,25217
202107,7호선,도봉산,9336,10931,20267
202107,7호선,장암,2461,921,3382
202107,7호선,장암,2270,845,3115
202107,7호선,도봉산,8970,10366,19336
202107,7호선,수락산,12869,12806,25675
202107,7호선,마들,12618,11995,24613
202107,7호선,노원,19604,20735,40339
202107,7호선,중계,14504,13268,27772
202107,7호선,하계,17949,17007,34956
202107,7호선,공릉,11405,11481,22886
202107,7호선,태릉입구,8130,7665,15795
202107,7호선,먹골,9936,9849,19785
202107,7호선,중화,11111,10800,21911
202107,7호선,상봉,16600,15709,32309
202107,7호선,면목,15290,15021,30311
202107,7호선,사가정,16324,16178,32502
202107,7호선,용마산,6050,5974,12024
202107,7호선,중곡,9966,9273,19239
202107,7호선,군자,14601,11953,26554
202107,7호선,어린이대공원,11599,11362,22961
202107,7호선,건대입구,11282,11506,22788
202107,7호선,뚝섬유원지,7621,7590,15211
202107,7호선,청담,19266,21316,40582
202107,7호선,강남구청,16463,18165,34628
202107,7호선,학동,24890,26340,51230
202107,7호선,논현,20520,22063,42583
202107,7호선,반포,5701,5491,11192
202107,7호선,고속터미널,14107,12444,26551
202107,7호선,내방,14594,14697,29291
202107,7호선,이수,15649,15413,31062
202107,7호선,남성,11070,10368,21438
202107,7호선,숭실대입구,11471,11844,23315
202107,7호선,상도,10571,10221,20792
202107,7호선,장승배기,9560,9445,19005
202107,7호선,신대방삼거리,16085,15547,31632
202107,7호선,보라매,9923,9895,19818
202107,7호선,신풍,11898,11383,23281
202107,7호선,대림,7625,7511,15136
202107,7호선,남구로,16591,17483,34074
202107,7호선,가산디지털단지,48550,48517,97067
202107,7호선,철산,21406,22117,43523
202107,7호선,광명사거리,22023,21704,43727
202107,7호선,천왕,11738,11235,22973
202107,7호선,온수,10720,9876,20596
202107,7호선,까치울,7869,7726,15595
202107,7호선,부천종합운동장,5080,4461,9541
202107,7호선,춘의,9994,9771,19765
202107,7호선,신중동,14587,14592,29179
202107,7호선,부천시청,12833,12836,25669
202107,7호선,상동,13053,13749,26802
202107,7호선,삼산체육관,5579,4917,10496
202107,7호선,굴포천,9084,9690,18774
202107,7호선,부평구청,7695,6791,14486
202107,7호선,장암,2210,847,3057
202107,7호선,도봉산,8711,9889,18600
202107,7호선,수락산,12455,12185,24640
202107,7호선,마들,12243,11652,23895
202107,7호선,노원,18636,19933,38569
202107,7호선,중계,14168,12878,27046
202107,7호선,하계,16911,15905,32816
202107,7호선,공릉,11077,10978,22055
202107,7호선,태릉입구,7879,7582,15461
202107,7호선,먹골,9709,9538,19247
202107,7호선,중화,10584,10340,20924
202107,7호선,상봉,16203,15320,31523
202107,7호선,면목,14878,14510,29388
202107,7호선,사가정,15629,15473,31102
202107,7호선,용마산,5925,5797,11722
202107,7호선,중곡,9697,8945,18642
202107,7호선,군자,14331,11467,25798
202107,7호선,어린이대공원,11222,10985,22207
202107,7호선,건대입구,10939,11082,22021
202107,7호선,뚝섬유원지,7449,7291,14740
202107,7호선,청담,18827,20617,39444
202107,7호선,강남구청,15970,17643,33613
202107,7호선,학동,24151,25606,49757
202107,7호선,논현,19942,21551,41493
202107,7호선,반포,5594,5339,10933
202107,7호선,고속터미널,13797,12405,26202
202107,7호선,내방,14105,14376,28481
202107,7호선,이수,14860,14636,29496
202107,7호선,남성,10649,9935,20584
202107,7호선,숭실대입구,11368,11527,22895
202107,7호선,상도,10316,9935,20251
202107,7호선,장승배기,9442,9231,18673
202107,7호선,신대방삼거리,15693,15235,30928
202107,7호선,보라매,9701,9742,19443
202107,7호선,신풍,11482,10980,22462
202107,7호선,대림,7202,7225,14427
202107,7호선,남구로,16137,17018,33155
202107,7호선,가산디지털단지,47220,47356,94576
202107,7호선,철산,20682,21134,41816
202107,7호선,광명사거리,21728,21336,43064
202107,7호선,천왕,11350,10853,22203
202107,7호선,온수,10573,9563,20136
202107,7호선,까치울,7737,7562,15299
202107,7호선,부천종합운동장,4881,4338,9219
202107,7호선,춘의,9789,9541,19330
202107,7호선,신중동,14170,14017,28187
202107,7호선,부천시청,12610,12660,25270
202107,7호선,상동,12463,13064,25527
202107,7호선,삼산체육관,5258,4747,10005
202107,7호선,굴포천,8800,9384,18184
202107,7호선,부평구청,7602,6685,14287
202107,7호선,장암,2238,921,3159
202107,7호선,도봉산,8647,9990,18637
202107,7호선,수락산,12507,12399,24906
202107,7호선,마들,12332,11655,23987
202107,7호선,노원,19187,20875,40062
202107,7호선,중계,13954,12583,26537
202107,7호선,하계,16622,15387,32009
202107,7호선,공릉,11495,11280,22775
202107,7호선,태릉입구,8037,7649,15686
202107,7호선,먹골,9922,9686,19608
202107,7호선,중화,10834,10528,21362
202107,7호선,상봉,16516,15911,32427
202107,7호선,면목,15294,14755,30049
202107,7호선,사가정,15920,15850,31770
202107,7호선,용마산,5967,5700,11667
202107,7호선,중곡,9910,9068,18978
202107,7호선,군자,14422,11580,26002
202107,7호선,어린이대공원,11468,11251,22719
202107,7호선,건대입구,11208,11420,22628
202107,7호선,뚝섬유원지,8034,7883,15917
202107,7호선,청담,18365,20476,38841
202107,7호선,강남구청,15778,17384,33162
202107,7호선,학동,23441,25105,48546
202107,7호선,논현,20035,21641,41676
202107,7호선,반포,5664,5354,11018
202107,7호선,고속터미널,14878,12961,27839
202107,7호선,내방,14021,14376,28397
202107,7호선,이수,15030,14909,29939
202107,7호선,남성,10948,9793,20741
202107,7호선,숭실대입구,11316,11284,22600
202107,7호선,상도,10283,9828,20111
202107,7호선,장승배기,9342,9122,18464
202107,7호선,신대방삼거리,15942,15106,31048
202107,7호선,보라매,9747,9627,19374
202107,7호선,신풍,11506,10926,22432
202107,7호선,대림,7572,7752,15324
202107,7호선,남구로,16007,16842,32849
202107,7호선,가산디지털단지,45317,45010,90327
202107,7호선,철산,20954,21738,42692
202107,7호선,광명사거리,21865,21611,43476
202107,7호선,천왕,11376,10582,21958
202107,7호선,온수,10478,9500,19978
202107,7호선,까치울,7674,7492,15166
202107,7호선,부천종합운동장,4938,4288,9226
202107,7호선,춘의,9860,9483,19343
202107,7호선,신중동,14181,14324,28505
202107,7호선,부천시청,12986,13017,26003
202107,7호선,상동,12916,13637,26553
202107,7호선,삼산체육관,5293,4865,10158
202107,7호선,굴포천,8757,9378,18135
202107,7호선,부평구청,7410,6640,14050
202107,7호선,장암,2147,792,2939
202107,7호선,도봉산,8082,9409,17491
202107,7호선,수락산,11311,11431,22742
202107,7호선,마들,11389,10940,22329
202107,7호선,노원,16747,17707,34454
202107,7호선,중계,12762,11781,24543
202107,7호선,하계,15498,14713,30211
202107,7호선,공릉,10261,10333,20594
202107,7호선,태릉입구,7122,6905,14027
202107,7호선,먹골,9203,9027,18230
202107,7호선,중화,9993,9945,19938
202107,7호선,상봉,15064,14171,29235
202107,7호선,면목,13888,13658,27546
202107,7호선,사가정,14744,14650,29394
202107,7호선,용마산,5493,5338,10831
202107,7호선,중곡,8864,8396,17260
202107,7호선,군자,13010,10691,23701
202107,7호선,어린이대공원,10169,9991,20160
202107,7호선,건대입구,9989,10053,20042
202107,7호선,뚝섬유원지,6706,6667,13373
202107,7호선,청담,17011,18427,35438
202107,7호선,강남구청,14654,16058,30712
202107,7호선,학동,22403,23629,46032
202107,7호선,논현,18629,19957,38586
202107,7호선,반포,5163,4845,10008
202107,7호선,고속터미널,13476,11140,24616
202107,7호선,내방,13054,13410,26464
202107,7호선,이수,13186,13148,26334
202107,7호선,남성,9823,9167,18990
202107,7호선,숭실대입구,10207,10501,20708
202107,7호선,상도,9252,8943,18195
202107,7호선,장승배기,8668,8542,17210
202107,7호선,신대방삼거리,14485,14218,28703
202107,7호선,보라매,8744,8660,17404
202107,7호선,신풍,10640,10085,20725
202107,7호선,대림,7283,7230,14513
202107,7호선,남구로,15311,16009,31320
202107,7호선,가산디지털단지,44535,44402,88937
202107,7호선,철산,18969,19376,38345
202107,7호선,광명사거리,20020,19753,39773
202107,7호선,천왕,10363,10098,20461
202107,7호선,온수,9764,8917,18681
202107,7호선,까치울,6969,6697,13666
202107,7호선,부천종합운동장,4581,4069,8650
202107,7호선,춘의,9233,9176,18409
202107,7호선,신중동,12444,12389,24833
202107,7호선,부천시청,10640,10626,21266
202107,7호선,상동,11686,12181,23867
202107,7호선,삼산체육관,4645,4210,8855
202107,7호선,굴포천,8117,8645,16762
202107,7호선,부평구청,6917,6010,12927
202107,7호선,부평구청,6931,6186,13117
202107,7호선,굴포천,8140,8725,16865
202107,7호선,삼산체육관,4745,4218,8963
202107,7호선,상동,11687,12267,23954
202107,7호선,부천시청,11634,11584,23218
202107,7호선,신중동,12956,12917,25873
202107,7호선,춘의,9293,9242,18535
202107,7호선,부천종합운동장,4615,3986,8601
202107,7호선,까치울,6884,6753,13637
202107,7호선,온수,9570,8704,18274
202107,7호선,천왕,10250,9947,20197
202107,7호선,광명사거리,19911,19731,39642
202107,7호선,철산,18746,19199,37945
202107,7호선,가산디지털단지,43321,43206,86527
202107,7호선,남구로,15062,15780,30842
202107,7호선,대림,7003,6974,13977
202107,7호선,신풍,10614,10087,20701
202107,7호선,보라매,8550,8562,17112
202107,7호선,신대방삼거리,14680,14389,29069
202107,7호선,장승배기,8666,8428,17094
202107,7호선,상도,9314,9042,18356
202107,7호선,숭실대입구,10181,10348,20529
202107,7호선,남성,9930,9295,19225
202107,7호선,이수,13566,13295,26861
202107,7호선,내방,13148,13331,26479
202107,7호선,고속터미널,12607,11028,23635
202107,7호선,반포,5001,4827,9828
202107,7호선,논현,18590,19935,38525
202107,7호선,학동,22627,23506,46133
202107,7호선,강남구청,14382,15840,30222
202107,7호선,청담,17196,18701,35897
202107,7호선,뚝섬유원지,6808,6768,13576
202107,7호선,건대입구,10023,10168,20191
202107,7호선,어린이대공원,10312,10073,20385
202107,7호선,군자,12984,10705,23689
202107,7호선,중곡,9129,8543,17672
202107,7호선,용마산,5431,5262,10693
202107,7호선,사가정,14764,14741,29505
202107,7호선,면목,13869,13756,27625
202107,7호선,상봉,14949,14142,29091
202107,7호선,중화,10043,9867,19910
202107,7호선,먹골,9076,9059,18135
202107,7호선,태릉입구,7298,6939,14237
202107,7호선,공릉,10225,10221,20446
202107,7호선,하계,15545,14865,30410
202107,7호선,중계,12636,11596,24232
202107,7호선,노원,17561,18728,36289
202107,7호선,마들,11460,10993,22453
202107,7호선,수락산,11594,11627,23221
202107,7호선,도봉산,8231,9701,17932
202107,7호선,장암,2111,847,2958
202107,7호선,마들,11085,10610,21695
202107,7호선,수락산,11391,11394,22785
202107,7호선,도봉산,8126,9487,17613
202107,7호선,장암,2166,885,3051
202107,7호선,부평구청,6887,6166,13053
202107,7호선,굴포천,8212,8639,16851
202107,7호선,삼산체육관,4711,4292,9003
202107,7호선,상동,11740,12276,24016
202107,7호선,부천시청,11277,11364,22641
202107,7호선,신중동,12934,12868,25802
202107,7호선,춘의,9338,9150,18488
202107,7호선,부천종합운동장,4509,3908,8417
202107,7호선,까치울,6909,6757,13666
202107,7호선,온수,9419,8667,18086
202107,7호선,천왕,9838,9499,19337
202107,7호선,광명사거리,19649,19536,39185
202107,7호선,철산,18580,19017,37597
202107,7호선,가산디지털단지,42742,42652,85394
202107,7호선,남구로,14705,15433,30138
202107,7호선,대림,6930,6790,13720
202107,7호선,신풍,10252,9953,20205
202107,7호선,보라매,8389,8354,16743
202107,7호선,신대방삼거리,14451,13944,28395
202107,7호선,장승배기,8533,8349,16882
202107,7호선,상도,9131,8798,17929
202107,7호선,숭실대입구,9835,10036,19871
202107,7호선,남성,9793,9117,18910
202107,7호선,이수,13535,13414,26949
202107,7호선,내방,13094,13282,26376
202107,7호선,고속터미널,12142,10858,23000
202107,7호선,반포,5107,4786,9893
202107,7호선,논현,17751,19204,36955
202107,7호선,학동,22173,23082,45255
202107,7호선,강남구청,14408,15800,30208
202107,7호선,청담,16740,18249,34989
202107,7호선,뚝섬유원지,6818,6767,13585
202107,7호선,건대입구,10006,9964,19970
202107,7호선,어린이대공원,10201,9899,20100
202107,7호선,군자,12898,10635,23533
202107,7호선,중곡,9082,8546,17628
202107,7호선,용마산,5428,5348,10776
202107,7호선,사가정,14548,14431,28979
202107,7호선,면목,13714,13597,27311
202107,7호선,상봉,14718,13896,28614
202107,7호선,중화,9931,9706,19637
202107,7호선,먹골,9062,8919,17981
202107,7호선,태릉입구,7192,6727,13919
202107,7호선,공릉,9814,9851,19665
202107,7호선,하계,15434,14870,30304
202107,7호선,중계,12140,11253,23393
202107,7호선,노원,16862,17852,34714
202107,7호선,이수,13249,12874,26123
202107,7호선,내방,12738,12964,25702
202107,7호선,고속터미널,11944,10617,22561
202107,7호선,반포,4964,4852,9816
202107,7호선,논현,17768,18953,36721
202107,7호선,학동,21670,22722,44392
202107,7호선,강남구청,14025,15443,29468
202107,7호선,청담,16751,18262,35013
202107,7호선,뚝섬유원지,6388,6427,12815
202107,7호선,건대입구,10146,10085,20231
202107,7호선,어린이대공원,10090,9802,19892
202107,7호선,군자,12737,10534,23271
202107,7호선,중곡,8672,8339,17011
202107,7호선,용마산,5288,5229,10517
202107,7호선,사가정,14122,14229,28351
202107,7호선,면목,13517,13416,26933
202107,7호선,상봉,14591,13668,28259
202107,7호선,중화,9763,9599,19362
202107,7호선,먹골,8906,8761,17667
202107,7호선,태릉입구,7030,6678,13708
202107,7호선,공릉,9521,9712,19233
202107,7호선,하계,14940,14216,29156
202107,7호선,중계,12052,11160,23212
202107,7호선,노원,16680,17571,34251
202107,7호선,마들,11220,10740,21960
202107,7호선,수락산,11400,11585,22985
202107,7호선,도봉산,8075,9451,17526
202107,7호선,장암,2151,843,2994
202107,7호선,부평구청,6874,6044,12918
202107,7호선,굴포천,8068,8599,16667
202107,7호선,삼산체육관,4642,4305,8947
202107,7호선,상동,11507,12092,23599
202107,7호선,부천시청,11316,11145,22461
202107,7호선,신중동,12578,12485,25063
202107,7호선,춘의,9089,9010,18099
202107,7호선,부천종합운동장,4474,3882,8356
202107,7호선,까치울,6764,6573,13337
202107,7호선,온수,9210,8355,17565
202107,7호선,천왕,9805,9464,19269
202107,7호선,광명사거리,19431,19419,38850
202107,7호선,철산,18394,18772,37166
202107,7호선,가산디지털단지,42442,42267,84709
202107,7호선,남구로,14715,15396,30111
202107,7호선,대림,6670,6724,13394
202107,7호선,신풍,10428,9903,20331
202107,7호선,보라매,8349,8322,16671
202107,7호선,신대방삼거리,14269,13909,28178
202107,7호선,장승배기,8415,8189,16604
202107,7호선,상도,8995,8684,17679
202107,7호선,숭실대입구,9681,9996,19677
202107,7호선,남성,9630,9032,18662
202107,7호선,부평구청,6811,6167,12978
202107,7호선,굴포천,8056,8622,16678
202107,7호선,삼산체육관,4611,4212,8823
202107,7호선,상동,11583,12369,23952
202107,7호선,부천시청,11469,11461,22930
202107,7호선,신중동,12932,12936,25868
202107,7호선,춘의,9078,8968,18046
202107,7호선,부천종합운동장,4420,3821,8241
202107,7호선,까치울,6815,6557,13372
202107,7호선,온수,9036,8190,17226
202107,7호선,천왕,9836,9286,19122
202107,7호선,광명사거리,19778,19732,39510
202107,7호선,철산,18542,19212,37754
202107,7호선,가산디지털단지,41881,41102,82983
202107,7호선,남구로,14389,15164,29553
202107,7호선,대림,6963,7107,14070
202107,7호선,신풍,10401,9997,20398
202107,7호선,보라매,8336,8305,16641
202107,7호선,신대방삼거리,14534,13994,28528
202107,7호선,장승배기,8499,8314,16813
202107,7호선,상도,9219,8844,18063
202107,7호선,숭실대입구,9975,9917,19892
202107,7호선,남성,9906,9099,19005
202107,7호선,이수,13722,13522,27244
202107,7호선,내방,13010,13119,26129
202107,7호선,고속터미널,13285,11828,25113
202107,7호선,반포,5248,4915,10163
202107,7호선,논현,17918,19440,37358
202107,7호선,학동,21597,22510,44107
202107,7호선,강남구청,14111,15390,29501
202107,7호선,청담,16619,18131,34750
202107,7호선,뚝섬유원지,6746,6692,13438
202107,7호선,건대입구,10419,10317,20736
202107,7호선,어린이대공원,10255,9843,20098
202107,7호선,군자,12816,10566,23382
202107,7호선,중곡,9029,8413,17442
202107,7호선,용마산,5306,5228,10534
202107,7호선,사가정,14628,14409,29037
202107,7호선,면목,13914,13468,27382
202107,7호선,상봉,15015,14121,29136
202107,7호선,중화,9839,9609,19448
202107,7호선,먹골,9134,8997,18131
202107,7호선,태릉입구,7310,6850,14160
202107,7호선,공릉,10102,9918,20020
202107,7호선,하계,15087,14188,29275
202107,7호선,중계,12076,11008,23084
202107,7호선,노원,17593,18752,36345
202107,7호선,마들,11297,10795,22092
202107,7호선,수락산,11208,11185,22393
202107,7호선,도봉산,7859,9363,17222
202107,7호선,장암,2119,846,2965
202107,7호선,장암,2095,819,2914
202107,7호선,도봉산,8348,9314,17662
202107,7호선,수락산,11231,11235,22466
202107,7호선,마들,11055,10616,21671
202107,7호선,노원,17108,18105,35213
202107,7호선,중계,12255,11294,23549
202107,7호선,하계,14899,14306,29205
202107,7호선,공릉,9715,9681,19396
202107,7호선,태릉입구,7196,6714,13910
202107,7호선,먹골,8991,8898,17889
202107,7호선,중화,9843,9556,19399
202107,7호선,상봉,14823,13953,28776
202107,7호선,면목,13645,13524,27169
202107,7호선,사가정,14341,14491,28832
202107,7호선,용마산,5309,5168,10477
202107,7호선,중곡,8889,8502,17391
202107,7호선,군자,12558,10437,22995
202107,7호선,어린이대공원,9823,9763,19586
202107,7호선,건대입구,10016,10016,20032
202107,7호선,뚝섬유원지,6484,6441,12925
202107,7호선,청담,16575,18113,34688
202107,7호선,강남구청,13949,15113,29062
202107,7호선,학동,21767,22726,44493
202107,7호선,논현,18057,19574,37631
202107,7호선,반포,4789,4676,9465
202107,7호선,고속터미널,13257,10857,24114
202107,7호선,내방,12842,13093,25935
202107,7호선,이수,13495,13301,26796
202107,7호선,남성,9566,9107,18673
202107,7호선,숭실대입구,9626,10006,19632
202107,7호선,상도,9038,8846,17884
202107,7호선,장승배기,8512,8458,16970
202107,7호선,신대방삼거리,14367,14104,28471
202107,7호선,보라매,8490,8480,16970
202107,7호선,신풍,10393,9978,20371
202107,7호선,대림,7200,7026,14226
202107,7호선,남구로,14906,15678,30584
202107,7호선,가산디지털단지,44219,43103,87322
202107,7호선,철산,18419,18950,37369
202107,7호선,광명사거리,19655,19625,39280
202107,7호선,천왕,9941,9509,19450
202107,7호선,온수,9263,8538,17801
202107,7호선,까치울,6666,6458,13124
202107,7호선,부천종합운동장,4344,3844,8188
202107,7호선,춘의,9051,9085,18136
202107,7호선,신중동,12749,12766,25515
202107,7호선,부천시청,11094,11010,22104
202107,7호선,상동,11077,11605,22682
202107,7호선,삼산체육관,4663,4282,8945
202107,7호선,굴포천,7963,8320,16283
202107,7호선,부평구청,6671,6036,12707
202107,7호선,장암,2186,949,3135
202107,7호선,도봉산,8590,9546,18136
202107,7호선,수락산,11547,11595,23142
202107,7호선,마들,11332,10884,22216
202107,7호선,노원,17417,18485,35902
202107,7호선,중계,12441,11533,23974
202107,7호선,하계,15330,14512,29842
202107,7호선,공릉,10028,9942,19970
202107,7호선,태릉입구,7231,6925,14156
202107,7호선,먹골,9129,9069,18198
202107,7호선,중화,9955,9764,19719
202107,7호선,상봉,14932,14123,29055
202107,7호선,면목,13798,13508,27306
202107,7호선,사가정,14630,14563,29193
202107,7호선,용마산,5408,5350,10758
202107,7호선,중곡,9119,8636,17755
202107,7호선,군자,12973,10724,23697
202107,7호선,어린이대공원,10061,9920,19981
202107,7호선,건대입구,10298,10199,20497
202107,7호선,뚝섬유원지,6918,6834,13752
202107,7호선,청담,16865,18532,35397
202107,7호선,강남구청,14565,15989,30554
202107,7호선,학동,22327,23301,45628
202107,7호선,논현,18383,19870,38253
202107,7호선,반포,5151,4877,10028
202107,7호선,고속터미널,12732,11233,23965
202107,7호선,내방,13199,13456,26655
202107,7호선,이수,13726,13476,27202
202107,7호선,남성,9936,9230,19166
202107,7호선,숭실대입구,10090,10298,20388
202107,7호선,상도,9157,9032,18189
202107,7호선,장승배기,8554,8298,16852
202107,7호선,신대방삼거리,14681,14331,29012
202107,7호선,보라매,8427,8390,16817
202107,7호선,신풍,10519,9936,20455
202107,7호선,대림,7085,7053,14138
202107,7호선,남구로,14882,15561,30443
202107,7호선,가산디지털단지,43557,43084,86641
202107,7호선,철산,18730,19140,37870
202107,7호선,광명사거리,19855,19770,39625
202107,7호선,천왕,10160,9799,19959
202107,7호선,온수,9344,8578,17922
202107,7호선,까치울,6867,6674,13541
202107,7호선,부천종합운동장,4351,3894,8245
202107,7호선,춘의,9277,9156,18433
202107,7호선,신중동,12755,12830,25585
202107,7호선,부천시청,11233,11021,22254
202107,7호선,상동,11574,12116,23690
202107,7호선,삼산체육관,4762,4324,9086
202107,7호선,굴포천,8086,8516,16602
202107,7호선,부평구청,6893,6211,13104
202107,7호선,부평구청,6886,6099,12985
202107,7호선,굴포천,8075,8559,16634
202107,7호선,삼산체육관,4739,4414,9153
202107,7호선,상동,11606,12137,23743
202107,7호선,부천시청,11235,11162,22397
202107,7호선,신중동,12720,12756,25476
202107,7호선,춘의,9188,9153,18341
202107,7호선,부천종합운동장,4224,3767,7991
202107,7호선,까치울,6885,6654,13539
202107,7호선,온수,9182,8437,17619
202107,7호선,천왕,9859,9476,19335
202107,7호선,광명사거리,19560,19549,39109
202107,7호선,철산,18660,19133,37793
202107,7호선,가산디지털단지,42839,42549,85388
202107,7호선,남구로,14825,15464,30289
202107,7호선,대림,6957,6957,13914
202107,7호선,신풍,10402,10038,20440
202107,7호선,보라매,8338,8305,16643
202107,7호선,신대방삼거리,14467,13952,28419
202107,7호선,장승배기,8543,8269,16812
202107,7호선,상도,9124,8771,17895
202107,7호선,숭실대입구,9681,10070,19751
202107,7호선,남성,9800,9143,18943
202107,7호선,이수,13364,13154,26518
202107,7호선,내방,13110,13380,26490
202107,7호선,고속터미널,12262,10898,23160
202107,7호선,반포,5078,4877,9955
202107,7호선,논현,17997,19400,37397
202107,7호선,학동,21767,22825,44592
202107,7호선,강남구청,14166,15627,29793
202107,7호선,청담,16872,18413,35285
202107,7호선,뚝섬유원지,6809,6715,13524
202107,7호선,건대입구,10248,10133,20381
202107,7호선,어린이대공원,10541,10294,20835
202107,7호선,군자,12942,10730,23672
202107,7호선,중곡,8775,8495,17270
202107,7호선,용마산,5324,5293,10617
202107,7호선,사가정,14527,14495,29022
202107,7호선,면목,13734,13725,27459
202107,7호선,상봉,14617,13867,28484
202107,7호선,중화,9811,9593,19404
202107,7호선,먹골,9009,8872,17881
202107,7호선,태릉입구,7264,6856,14120
202107,7호선,공릉,9450,9482,18932
202107,7호선,하계,15389,14946,30335
202107,7호선,중계,12352,11206,23558
202107,7호선,노원,16890,17650,34540
202107,7호선,마들,11156,10576,21732
202107,7호선,수락산,11333,11485,22818
202107,7호선,도봉산,8823,9484,18307
202107,7호선,장암,2090,878,2968
202107,7호선,부평구청,6666,6012,12678
202107,7호선,굴포천,8110,8479,16589
202107,7호선,삼산체육관,4571,4146,8717
202107,7호선,상동,11371,11834,23205
202107,7호선,부천시청,11164,11120,22284
202107,7호선,신중동,12446,12455,24901
202107,7호선,춘의,9149,8949,18098
202107,7호선,부천종합운동장,4267,3739,8006
202107,7호선,까치울,6655,6439,13094
202107,7호선,온수,9065,8176,17241
202107,7호선,천왕,9896,9363,19259
202107,7호선,광명사거리,19225,19041,38266
202107,7호선,철산,18190,18589,36779
202107,7호선,가산디지털단지,42281,42025,84306
202107,7호선,남구로,14474,15268,29742
202107,7호선,대림,6921,6717,13638
202107,7호선,신풍,10328,9844,20172
202107,7호선,보라매,8273,8278,16551
202107,7호선,신대방삼거리,14266,13758,28024
202107,7호선,장승배기,8370,8163,16533
202107,7호선,상도,8989,8724,17713
202107,7호선,숭실대입구,9484,9685,19169
202107,7호선,남성,9739,8973,18712
202107,7호선,이수,13273,12941,26214
202107,7호선,내방,12896,13198,26094
202107,7호선,고속터미널,12285,10873,23158
202107,7호선,반포,5015,4725,9740
202107,7호선,논현,17825,19305,37130
202107,7호선,학동,21614,22730,44344
202107,7호선,강남구청,14240,15535,29775
202107,7호선,청담,16581,18181,34762
202107,7호선,뚝섬유원지,6568,6432,13000
202107,7호선,건대입구,10131,10075,20206
202107,7호선,어린이대공원,10022,9768,19790
202107,7호선,군자,12600,10494,23094
202107,7호선,중곡,8752,8301,17053
202107,7호선,용마산,5319,5108,10427
202107,7호선,사가정,14260,14247,28507
202107,7호선,면목,13432,13256,26688
202107,7호선,상봉,14546,13706,28252
202107,7호선,중화,9651,9485,19136
202107,7호선,먹골,8801,8763,17564
202107,7호선,태릉입구,7071,6730,13801
202107,7호선,공릉,9522,9514,19036
202107,7호선,하계,14876,14082,28958
202107,7호선,중계,12003,10948,22951
202107,7호선,노원,16579,17486,34065
202107,7호선,마들,10888,10580,21468
202107,7호선,수락산,11053,11208,22261
202107,7호선,도봉산,8762,9286,18048
202107,7호선,장암,2077,881,2958
202107,7호선,장암,2081,960,3041
202107,7호선,도봉산,8680,9359,18039
202107,7호선,수락산,11370,11374,22744
202107,7호선,마들,11303,10895,22198
202107,7호선,노원,17978,18767,36745
202107,7호선,중계,12196,11122,23318
202107,7호선,하계,15010,14323,29333
202107,7호선,공릉,9995,9947,19942
202107,7호선,태릉입구,7155,6785,13940
202107,7호선,먹골,9264,8986,18250
202107,7호선,중화,9957,9586,19543
202107,7호선,상봉,14743,14092,28835
202107,7호선,면목,13860,13622,27482
202107,7호선,사가정,14620,14409,29029
202107,7호선,용마산,5284,5086,10370
202107,7호선,중곡,9126,8580,17706
202107,7호선,군자,12941,10486,23427
202107,7호선,어린이대공원,10501,10228,20729
202107,7호선,건대입구,10935,10845,21780
202107,7호선,뚝섬유원지,6714,6616,13330
202107,7호선,청담,16650,18262,34912
202107,7호선,강남구청,14312,15526,29838
202107,7호선,학동,21220,22259,43479
202107,7호선,논현,18257,19791,38048
202107,7호선,반포,5245,4919,10164
202107,7호선,고속터미널,13298,11663,24961
202107,7호선,내방,12925,13048,25973
202107,7호선,이수,13682,13435,27117
202107,7호선,남성,9859,9000,18859
202107,7호선,숭실대입구,9899,9864,19763
202107,7호선,상도,9150,8697,17847
202107,7호선,장승배기,8479,8201,16680
202107,7호선,신대방삼거리,14520,13908,28428
202107,7호선,보라매,8335,8262,16597
202107,7호선,신풍,10459,9895,20354
202107,7호선,대림,6998,7108,14106
202107,7호선,남구로,14397,15044,29441
202107,7호선,가산디지털단지,42077,41031,83108
202107,7호선,철산,18575,19289,37864
202107,7호선,광명사거리,19851,19749,39600
202107,7호선,천왕,9852,9456,19308
202107,7호선,온수,9172,8324,17496
202107,7호선,까치울,6715,6562,13277
202107,7호선,부천종합운동장,4313,3824,8137
202107,7호선,춘의,9138,8992,18130
202107,7호선,신중동,12954,12967,25921
202107,7호선,부천시청,11379,11392,22771
202107,7호선,상동,11684,12125,23809
202107,7호선,삼산체육관,4656,4177,8833
202107,7호선,굴포천,8122,8715,16837
202107,7호선,부평구청,6830,6092,12922
202107,7호선,부평구청,6831,5929,12760
202107,7호선,굴포천,8126,8637,16763
202107,7호선,삼산체육관,4582,4141,8723
202107,7호선,상동,11335,11791,23126
202107,7호선,부천시청,11089,11253,22342
202107,7호선,신중동,12507,12489,24996
202107,7호선,춘의,9197,9128,18325
202107,7호선,부천종합운동장,4247,3692,7939
202107,7호선,까치울,6540,6384,12924
202107,7호선,온수,9242,8427,17669
202107,7호선,천왕,9949,9516,19465
202107,7호선,광명사거리,19472,19373,38845
202107,7호선,철산,18212,18756,36968
202107,7호선,가산디지털단지,42944,42720,85664
202107,7호선,남구로,14799,15453,30252
202107,7호선,대림,7283,7179,14462
202107,7호선,신풍,10087,9701,19788
202107,7호선,보라매,8136,8247,16383
202107,7호선,신대방삼거리,14283,14026,28309
202107,7호선,장승배기,8363,8202,16565
202107,7호선,상도,8931,8607,17538
202107,7호선,숭실대입구,9475,9847,19322
202107,7호선,남성,9448,8880,18328
202107,7호선,이수,13138,12838,25976
202107,7호선,내방,12684,12995,25679
202107,7호선,고속터미널,13151,10787,23938
202107,7호선,반포,4851,4810,9661
202107,7호선,논현,18283,19660,37943
202107,7호선,학동,21816,22712,44528
202107,7호선,강남구청,13944,15196,29140
202107,7호선,청담,16409,17936,34345
202107,7호선,뚝섬유원지,6357,6356,12713
202107,7호선,건대입구,10321,10354,20675
202107,7호선,어린이대공원,10078,9878,19956
202107,7호선,군자,12593,10553,23146
202107,7호선,중곡,8610,8195,16805
202107,7호선,용마산,5239,5146,10385
202107,7호선,사가정,14240,14248,28488
202107,7호선,면목,13437,13286,26723
202107,7호선,상봉,14545,13773,28318
202107,7호선,중화,9611,9482,19093
202107,7호선,먹골,8878,8798,17676
202107,7호선,태릉입구,6952,6578,13530
202107,7호선,공릉,9641,9726,19367
202107,7호선,하계,14922,14031,28953
202107,7호선,중계,11822,11009,22831
202107,7호선,노원,17403,18330,35733
202107,7호선,마들,10952,10648,21600
202107,7호선,수락산,11183,11204,22387
202107,7호선,도봉산,8579,9262,17841
202107,7호선,장암,2087,834,2921
202107,7호선,부평구청,6859,6012,12871
202107,7호선,굴포천,8092,8633,16725
202107,7호선,삼산체육관,4607,4191,8798
202107,7호선,상동,11302,11920,23222
202107,7호선,부천시청,11215,11188,22403
202107,7호선,신중동,12685,12519,25204
202107,7호선,춘의,9215,9112,18327
202107,7호선,부천종합운동장,4142,3744,7886
202107,7호선,까치울,6757,6465,13222
202107,7호선,온수,9156,8378,17534
202107,7호선,천왕,9713,9362,19075
202107,7호선,광명사거리,19327,19209,38536
202107,7호선,철산,18146,18906,37052
202107,7호선,가산디지털단지,43022,42469,85491
202107,7호선,남구로,14697,15439,30136
202107,7호선,대림,6959,6988,13947
202107,7호선,신풍,10220,9800,20020
202107,7호선,보라매,8154,8116,16270
202107,7호선,신대방삼거리,14324,13917,28241
202107,7호선,장승배기,8278,8161,16439
202107,7호선,상도,8975,8749,17724
202107,7호선,숭실대입구,9417,9787,19204
202107,7호선,남성,9633,9005,18638
202107,7호선,이수,13207,13127,26334
202107,7호선,내방,12749,12998,25747
202107,7호선,고속터미널,12452,10773,23225
202107,7호선,반포,4900,4534,9434
202107,7호선,논현,18175,19591,37766
202107,7호선,학동,21796,22824,44620
202107,7호선,강남구청,14223,15732,29955
202107,7호선,청담,16539,17911,34450
202107,7호선,뚝섬유원지,6570,6453,13023
202107,7호선,건대입구,10369,10314,20683
202107,7호선,어린이대공원,10270,9884,20154
202107,7호선,군자,12665,10528,23193
202107,7호선,중곡,8538,8129,16667
202107,7호선,용마산,5240,5166,10406
202107,7호선,사가정,14074,14142,28216
202107,7호선,면목,13434,13255,26689
202107,7호선,상봉,14468,13558,28026
202107,7호선,중화,9539,9534,19073
202107,7호선,먹골,8875,8793,17668
202107,7호선,태릉입구,7001,6662,13663
202107,7호선,공릉,9549,9700,19249
202107,7호선,하계,14861,14173,29034
202107,7호선,중계,11871,10757,22628
202107,7호선,노원,17364,18200,35564
202107,7호선,마들,10975,10669,21644
202107,7호선,수락산,11293,11374,22667
202107,7호선,도봉산,8523,9155,17678
202107,7호선,장암,2091,869,2960
202107,7호선,장암,2075,864,2939
202107,7호선,도봉산,7916,9163,17079
202107,7호선,수락산,11023,11032,22055
202107,7호선,마들,10875,10360,21235
202107,7호선,노원,16963,18041,35004
202107,7호선,중계,11927,10981,22908
202107,7호선,하계,15116,14371,29487
202107,7호선,공릉,9544,9621,19165
202107,7호선,태릉입구,6999,6686,13685
202107,7호선,먹골,8789,8674,17463
202107,7호선,중화,9578,9508,19086
202107,7호선,상봉,14481,13705,28186
202107,7호선,면목,13273,13209,26482
202107,7호선,사가정,14111,14024,28135
202107,7호선,용마산,5235,5072,10307
202107,7호선,중곡,8540,8097,16637
202107,7호선,군자,12797,10629,23426
202107,7호선,어린이대공원,10023,9793,19816
202107,7호선,건대입구,10418,10416,20834
202107,7호선,뚝섬유원지,6454,6375,12829
202107,7호선,청담,16534,18048,34582
202107,7호선,강남구청,14099,15383,29482
202107,7호선,학동,21521,22437,43958
202107,7호선,논현,18036,19254,37290
202107,7호선,반포,4909,4653,9562
202107,7호선,고속터미널,12364,10650,23014
202107,7호선,내방,12786,12897,25683
202107,7호선,이수,13149,13053,26202
202107,7호선,남성,9494,8861,18355
202107,7호선,숭실대입구,9464,9678,19142
202107,7호선,상도,8857,8589,17446
202107,7호선,장승배기,8192,7977,16169
202107,7호선,신대방삼거리,14069,13758,27827
202107,7호선,보라매,8112,8064,16176
202107,7호선,신풍,10052,9652,19704
202107,7호선,대림,6771,6741,13512
202107,7호선,남구로,14459,15208,29667
202107,7호선,가산디지털단지,42098,41694,83792
202107,7호선,철산,18055,18652,36707
202107,7호선,광명사거리,19197,19225,38422
202107,7호선,천왕,9676,9322,18998
202107,7호선,온수,9028,8140,17168
202107,7호선,까치울,6819,6560,13379
202107,7호선,부천종합운동장,4134,3628,7762
202107,7호선,춘의,8995,8882,17877
202107,7호선,신중동,12309,12338,24647
202107,7호선,부천시청,11344,11187,22531
202107,7호선,상동,11432,11979,23411
202107,7호선,삼산체육관,4530,4143,8673
202107,7호선,굴포천,8068,8478,16546
202107,7호선,부평구청,6628,5992,12620
202107,7호선,장암,1956,828,2784
202107,7호선,도봉산,7810,9135,16945
202107,7호선,수락산,11058,11043,22101
202107,7호선,마들,10854,10510,21364
202107,7호선,노원,16769,17667,34436
202107,7호선,중계,11755,10678,22433
202107,7호선,하계,14595,13834,28429
202107,7호선,공릉,9426,9386,18812
202107,7호선,태릉입구,6928,6530,13458
202107,7호선,먹골,8772,8692,17464
202107,7호선,중화,9369,9186,18555
202107,7호선,상봉,14171,13534,27705
202107,7호선,면목,13233,12970,26203
202107,7호선,사가정,14086,13976,28062
202107,7호선,용마산,5195,5118,10313
202107,7호선,중곡,8442,8069,16511
202107,7호선,군자,12554,10401,22955
202107,7호선,어린이대공원,10034,9594,19628
202107,7호선,건대입구,10074,10288,20362
202107,7호선,뚝섬유원지,6389,6261,12650
202107,7호선,청담,16540,17807,34347
202107,7호선,강남구청,13933,15246,29179
202107,7호선,학동,21150,22274,43424
202107,7호선,논현,17697,19034,36731
202107,7호선,반포,4806,4606,9412
202107,7호선,고속터미널,12204,10761,22965
202107,7호선,내방,12578,12774,25352
202107,7호선,이수,13097,12919,26016
202107,7호선,남성,9359,8795,18154
202107,7호선,숭실대입구,9441,9685,19126
202107,7호선,상도,8680,8439,17119
202107,7호선,장승배기,8116,7843,15959
202107,7호선,신대방삼거리,13984,13449,27433
202107,7호선,보라매,8003,8028,16031
202107,7호선,신풍,9947,9451,19398
202107,7호선,대림,6623,6530,13153
202107,7호선,남구로,14148,15022,29170
202107,7호선,가산디지털단지,41512,40963,82475
202107,7호선,철산,17783,18471,36254
202107,7호선,광명사거리,19086,18872,37958
202107,7호선,천왕,9686,9231,18917
202107,7호선,온수,8933,8163,17096
202107,7호선,까치울,6678,6349,13027
202107,7호선,부천종합운동장,4061,3538,7599
202107,7호선,춘의,8742,8645,17387
202107,7호선,신중동,12344,12250,24594
202107,7호선,부천시청,10911,11063,21974
202107,7호선,상동,11092,11484,22576
202107,7호선,삼산체육관,4476,3992,8468
202107,7호선,굴포천,7799,8321,16120
202107,7호선,부평구청,6559,5783,12342
202107,7호선,부평구청,6624,5779,12403
202107,7호선,굴포천,7888,8546,16434
202107,7호선,삼산체육관,4496,4109,8605
202107,7호선,상동,11162,11804,22966
202107,7호선,부천시청,11100,11233,22333
202107,7호선,신중동,12340,12419,24759
202107,7호선,춘의,8482,8351,16833
202107,7호선,부천종합운동장,4106,3593,7699
202107,7호선,까치울,6687,6378,13065
202107,7호선,온수,8613,7910,16523
202107,7호선,천왕,9604,9062,18666
202107,7호선,광명사거리,19529,19408,38937
202107,7호선,철산,18219,18763,36982
202107,7호선,가산디지털단지,40792,39871,80663
202107,7호선,남구로,13856,14630,28486
202107,7호선,대림,6900,7017,13917
202107,7호선,신풍,10198,9634,19832
202107,7호선,보라매,8140,7952,16092
202107,7호선,신대방삼거리,14134,13547,27681
202107,7호선,장승배기,8336,7998,16334
202107,7호선,상도,8929,8490,17419
202107,7호선,숭실대입구,9627,9633,19260
202107,7호선,남성,9551,8660,18211
202107,7호선,이수,13387,13072,26459
202107,7호선,내방,12474,12640,25114
202107,7호선,고속터미널,13300,11146,24446
202107,7호선,반포,4959,4647,9606
202107,7호선,논현,17703,19159,36862
202107,7호선,학동,20649,21709,42358
202107,7호선,강남구청,14021,15420,29441
202107,7호선,청담,16143,17843,33986
202107,7호선,뚝섬유원지,6709,6652,13361
202107,7호선,건대입구,10368,10496,20864
202107,7호선,어린이대공원,10262,9792,20054
202107,7호선,군자,12869,10443,23312
202107,7호선,중곡,8598,8032,16630
202107,7호선,용마산,5245,5030,10275
202107,7호선,사가정,14227,14283,28510
202107,7호선,면목,13527,13192,26719
202107,7호선,상봉,14642,13999,28641
202107,7호선,중화,9589,9272,18861
202107,7호선,먹골,8920,8751,17671
202107,7호선,태릉입구,7065,6743,13808
202107,7호선,공릉,9830,9642,19472
202107,7호선,하계,14770,13892,28662
202107,7호선,중계,11903,10631,22534
202107,7호선,노원,17476,18658,36134
202107,7호선,마들,10914,10407,21321
202107,7호선,수락산,11027,11032,22059
202107,7호선,도봉산,7883,9101,16984
202107,7호선,장암,1988,900,2888
202108,7호선,천왕,9157,8832,17989
202108,7호선,부평구청,5940,5297,11237
202108,7호선,굴포천,7336,7802,15138
202108,7호선,삼산체육관,4152,3797,7949
202108,7호선,상동,10276,10694,20970
202108,7호선,부천시청,10284,10230,20514
202108,7호선,신중동,11303,11249,22552
202108,7호선,춘의,7275,7172,14447
202108,7호선,부천종합운동장,3820,3383,7203
202108,7호선,까치울,6153,6000,12153
202108,7호선,온수,8112,7409,15521
202108,7호선,광명사거리,18391,18264,36655
202108,7호선,철산,17117,17495,34612
202108,7호선,가산디지털단지,38828,38542,77370
202108,7호선,남구로,13805,14306,28111
202108,7호선,대림,7179,7116,14295
202108,7호선,신풍,9469,8922,18391
202108,7호선,보라매,7821,7807,15628
202108,7호선,신대방삼거리,13462,13114,26576
202108,7호선,장승배기,7851,7724,15575
202108,7호선,상도,8339,8247,16586
202108,7호선,숭실대입구,9077,9517,18594
202108,7호선,남성,9036,8409,17445
202108,7호선,이수,12295,12135,24430
202108,7호선,내방,12104,12314,24418
202108,7호선,고속터미널,13820,10906,24726
202108,7호선,반포,4702,4541,9243
202108,7호선,논현,17377,18384,35761
202108,7호선,학동,20334,21307,41641
202108,7호선,강남구청,13446,14664,28110
202108,7호선,청담,15805,16966,32771
202108,7호선,뚝섬유원지,6336,6124,12460
202108,7호선,건대입구,9339,9591,18930
202108,7호선,어린이대공원,9594,9334,18928
202108,7호선,군자,12058,10072,22130
202108,7호선,중곡,7983,7582,15565
202108,7호선,용마산,4873,4829,9702
202108,7호선,사가정,13477,13535,27012
202108,7호선,면목,12677,12533,25210
202108,7호선,상봉,13790,12972,26762
202108,7호선,중화,9017,8977,17994
202108,7호선,먹골,8349,8258,16607
202108,7호선,태릉입구,6706,6358,13064
202108,7호선,공릉,9063,9168,18231
202108,7호선,하계,14045,13400,27445
202108,7호선,중계,11138,10124,21262
202108,7호선,노원,16616,17600,34216
202108,7호선,마들,10441,10070,20511
202108,7호선,수락산,10540,10454,20994
202108,7호선,도봉산,7486,8433,15919
202108,7호선,장암,1800,712,2512
202108,7호선,중곡,8324,7921,16245
202108,7호선,장암,1996,878,2874
202108,7호선,도봉산,7722,8966,16688
202108,7호선,수락산,10814,10868,21682
202108,7호선,마들,10601,10149,20750
202108,7호선,노원,16945,17754,34699
202108,7호선,중계,11303,10387,21690
202108,7호선,하계,14500,13741,28241
202108,7호선,공릉,9161,9278,18439
202108,7호선,태릉입구,6738,6434,13172
202108,7호선,먹골,8599,8459,17058
202108,7호선,중화,9306,9222,18528
202108,7호선,상봉,14200,13167,27367
202108,7호선,면목,12927,12676,25603
202108,7호선,사가정,13812,13759,27571
202108,7호선,용마산,5046,5017,10063
202108,7호선,군자,12331,10065,22396
202108,7호선,어린이대공원,9958,9762,19720
202108,7호선,건대입구,10159,10142,20301
202108,7호선,뚝섬유원지,6479,6352,12831
202108,7호선,청담,15801,17260,33061
202108,7호선,강남구청,13910,15289,29199
202108,7호선,학동,20477,21391,41868
202108,7호선,논현,17688,18979,36667
202108,7호선,반포,4780,4554,9334
202108,7호선,고속터미널,13211,11009,24220
202108,7호선,내방,12297,12513,24810
202108,7호선,이수,12824,12642,25466
202108,7호선,남성,9150,8635,17785
202108,7호선,숭실대입구,9252,9542,18794
202108,7호선,상도,8748,8399,17147
202108,7호선,장승배기,7997,7813,15810
202108,7호선,신대방삼거리,13479,13134,26613
202108,7호선,보라매,7888,7937,15825
202108,7호선,신풍,9660,9105,18765
202108,7호선,대림,7125,7092,14217
202108,7호선,남구로,13616,14207,27823
202108,7호선,가산디지털단지,38876,38299,77175
202108,7호선,철산,17113,17690,34803
202108,7호선,광명사거리,18295,18260,36555
202108,7호선,천왕,9298,8865,18163
202108,7호선,온수,8270,7483,15753
202108,7호선,까치울,6302,6153,12455
202108,7호선,부천종합운동장,3864,3371,7235
202108,7호선,춘의,7473,7312,14785
202108,7호선,신중동,11506,11547,23053
202108,7호선,부천시청,10763,10603,21366
202108,7호선,상동,10689,11069,21758
202108,7호선,삼산체육관,4333,4021,8354
202108,7호선,굴포천,7492,7927,15419
202108,7호선,부평구청,6063,5472,11535
202108,7호선,장암,1974,894,2868
202108,7호선,도봉산,7651,8915,16566
202108,7호선,수락산,10788,10750,21538
202108,7호선,마들,10709,10279,20988
202108,7호선,노원,16822,17771,34593
202108,7호선,중계,11403,10455,21858
202108,7호선,하계,14774,14194,28968
202108,7호선,공릉,9188,9226,18414
202108,7호선,태릉입구,6869,6515,13384
202108,7호선,먹골,8647,8506,17153
202108,7호선,중화,9254,9067,18321
202108,7호선,상봉,14114,13369,27483
202108,7호선,면목,13120,13018,26138
202108,7호선,사가정,13667,13773,27440
202108,7호선,용마산,5083,4979,10062
202108,7호선,중곡,8314,7951,16265
202108,7호선,군자,12463,10340,22803
202108,7호선,어린이대공원,9922,9655,19577
202108,7호선,건대입구,10071,9960,20031
202108,7호선,뚝섬유원지,6730,6515,13245
202108,7호선,청담,15906,17249,33155
202108,7호선,강남구청,14106,15376,29482
202108,7호선,학동,20603,21399,42002
202108,7호선,논현,17511,18637,36148
202108,7호선,반포,4908,4685,9593
202108,7호선,고속터미널,12618,10728,23346
202108,7호선,내방,12438,12526,24964
202108,7호선,이수,12806,12721,25527
202108,7호선,남성,9257,8634,17891
202108,7호선,숭실대입구,9431,9723,19154
202108,7호선,상도,8666,8465,17131
202108,7호선,장승배기,8045,7840,15885
202108,7호선,신대방삼거리,13701,13338,27039
202108,7호선,보라매,7900,7995,15895
202108,7호선,신풍,9668,9260,18928
202108,7호선,대림,7093,6891,13984
202108,7호선,남구로,13690,14234,27924
202108,7호선,가산디지털단지,38669,38197,76866
202108,7호선,철산,17293,17916,35209
202108,7호선,광명사거리,18526,18250,36776
202108,7호선,천왕,9318,8896,18214
202108,7호선,온수,8364,7667,16031
202108,7호선,까치울,6380,6295,12675
202108,7호선,부천종합운동장,3910,3493,7403
202108,7호선,춘의,7759,7572,15331
202108,7호선,신중동,11575,11607,23182
202108,7호선,부천시청,10576,10445,21021
202108,7호선,상동,10744,11160,21904
202108,7호선,삼산체육관,4268,3919,8187
202108,7호선,굴포천,7420,7885,15305
202108,7호선,부평구청,6211,5553,11764
202108,7호선,장암,2007,866,2873
202108,7호선,도봉산,7896,9195,17091
202108,7호선,수락산,11100,11265,22365
202108,7호선,마들,10961,10510,21471
202108,7호선,노원,16681,17512,34193
202108,7호선,중계,11684,10665,22349
202108,7호선,하계,14731,13990,28721
202108,7호선,공릉,9480,9490,18970
202108,7호선,태릉입구,7116,6715,13831
202108,7호선,먹골,8711,8520,17231
202108,7호선,중화,9311,9216,18527
202108,7호선,상봉,14337,13414,27751
202108,7호선,면목,13230,12961,26191
202108,7호선,사가정,13992,13926,27918
202108,7호선,용마산,5107,5131,10238
202108,7호선,중곡,8502,8140,16642
202108,7호선,군자,12603,10210,22813
202108,7호선,어린이대공원,9983,9737,19720
202108,7호선,건대입구,10422,10443,20865
202108,7호선,뚝섬유원지,6783,6628,13411
202108,7호선,청담,16226,17551,33777
202108,7호선,강남구청,14019,15402,29421
202108,7호선,학동,21000,21881,42881
202108,7호선,논현,17647,18902,36549
202108,7호선,반포,4897,4676,9573
202108,7호선,고속터미널,12707,10904,23611
202108,7호선,내방,12497,12572,25069
202108,7호선,이수,12809,12715,25524
202108,7호선,남성,9425,8904,18329
202108,7호선,숭실대입구,9520,9713,19233
202108,7호선,상도,8721,8595,17316
202108,7호선,장승배기,8143,7922,16065
202108,7호선,신대방삼거리,13826,13389,27215
202108,7호선,보라매,8005,8056,16061
202108,7호선,신풍,9894,9331,19225
202108,7호선,대림,6856,6886,13742
202108,7호선,남구로,13922,14647,28569
202108,7호선,가산디지털단지,40157,39639,79796
202108,7호선,철산,17704,18330,36034
202108,7호선,광명사거리,19103,18905,38008
202108,7호선,천왕,9555,9156,18711
202108,7호선,온수,8637,7889,16526
202108,7호선,까치울,6384,6251,12635
202108,7호선,부천종합운동장,4047,3568,7615
202108,7호선,춘의,8367,8126,16493
202108,7호선,신중동,12056,11912,23968
202108,7호선,부천시청,11064,10985,22049
202108,7호선,상동,10994,11475,22469
202108,7호선,삼산체육관,4293,4017,8310
202108,7호선,굴포천,7841,8212,16053
202108,7호선,부평구청,6469,5770,12239
202108,7호선,부평구청,6329,5635,11964
202108,7호선,굴포천,7767,8249,16016
202108,7호선,삼산체육관,4298,4039,8337
202108,7호선,상동,11063,11726,22789
202108,7호선,부천시청,11124,11104,22228
202108,7호선,신중동,12076,12251,24327
202108,7호선,춘의,8427,8226,16653
202108,7호선,부천종합운동장,3988,3471,7459
202108,7호선,까치울,6560,6380,12940
202108,7호선,온수,8649,7899,16548
202108,7호선,천왕,9355,8910,18265
202108,7호선,광명사거리,19308,19268,38576
202108,7호선,철산,18005,18578,36583
202108,7호선,가산디지털단지,39367,38877,78244
202108,7호선,남구로,13802,14574,28376
202108,7호선,대림,6823,7006,13829
202108,7호선,신풍,9967,9467,19434
202108,7호선,보라매,8253,8033,16286
202108,7호선,신대방삼거리,14169,13650,27819
202108,7호선,장승배기,8342,8086,16428
202108,7호선,상도,8909,8535,17444
202108,7호선,숭실대입구,9730,9774,19504
202108,7호선,남성,9728,8801,18529
202108,7호선,이수,13326,12860,26186
202108,7호선,내방,12545,12685,25230
202108,7호선,고속터미널,13770,11946,25716
202108,7호선,반포,4987,4772,9759
202108,7호선,논현,17819,19217,37036
202108,7호선,학동,20658,21553,42211
202108,7호선,강남구청,13871,15379,29250
202108,7호선,청담,16203,17535,33738
202108,7호선,뚝섬유원지,6844,6753,13597
202108,7호선,건대입구,10476,10520,20996
202108,7호선,어린이대공원,10232,9898,20130
202108,7호선,군자,12629,10219,22848
202108,7호선,중곡,8550,8164,16714
202108,7호선,용마산,5263,5043,10306
202108,7호선,사가정,14211,14245,28456
202108,7호선,면목,13510,13211,26721
202108,7호선,상봉,14571,13729,28300
202108,7호선,중화,9560,9416,18976
202108,7호선,먹골,8751,8741,17492
202108,7호선,태릉입구,7076,6724,13800
202108,7호선,공릉,9549,9608,19157
202108,7호선,하계,14784,13954,28738
202108,7호선,중계,11846,10665,22511
202108,7호선,노원,17391,18643,36034
202108,7호선,마들,10956,10519,21475
202108,7호선,수락산,11205,11060,22265
202108,7호선,도봉산,7810,9066,16876
202108,7호선,장암,1936,831,2767
202108,7호선,부평구청,6788,6007,12795
202108,7호선,굴포천,8177,8728,16905
202108,7호선,삼산체육관,4686,4283,8969
202108,7호선,상동,11427,11889,23316
202108,7호선,부천시청,10823,10795,21618
202108,7호선,신중동,12837,12824,25661
202108,7호선,춘의,8987,8920,17907
202108,7호선,부천종합운동장,4320,3832,8152
202108,7호선,까치울,6810,6625,13435
202108,7호선,온수,9212,8524,17736
202108,7호선,천왕,10022,9614,19636
202108,7호선,광명사거리,19904,19878,39782
202108,7호선,철산,18947,19502,38449
202108,7호선,가산디지털단지,43288,42929,86217
202108,7호선,남구로,14824,15453,30277
202108,7호선,대림,7286,7215,14501
202108,7호선,신풍,10417,9894,20311
202108,7호선,보라매,8452,8577,17029
202108,7호선,신대방삼거리,14406,14072,28478
202108,7호선,장승배기,8529,8490,17019
202108,7호선,상도,9117,8863,17980
202108,7호선,숭실대입구,10005,10388,20393
202108,7호선,남성,9847,9214,19061
202108,7호선,이수,13559,13472,27031
202108,7호선,내방,12983,13235,26218
202108,7호선,고속터미널,13704,11205,24909
202108,7호선,반포,5056,4869,9925
202108,7호선,논현,18381,19854,38235
202108,7호선,학동,21847,22925,44772
202108,7호선,강남구청,14174,15440,29614
202108,7호선,청담,16813,18425,35238
202108,7호선,뚝섬유원지,7321,7057,14378
202108,7호선,건대입구,10401,10610,21011
202108,7호선,어린이대공원,10218,9945,20163
202108,7호선,군자,12751,10579,23330
202108,7호선,중곡,8796,8302,17098
202108,7호선,용마산,5299,5204,10503
202108,7호선,사가정,14507,14499,29006
202108,7호선,면목,13730,13683,27413
202108,7호선,상봉,14961,14151,29112
202108,7호선,중화,9927,9714,19641
202108,7호선,먹골,8990,8892,17882
202108,7호선,태릉입구,7166,6823,13989
202108,7호선,공릉,9677,9953,19630
202108,7호선,하계,15192,14390,29582
202108,7호선,중계,12013,11160,23173
202108,7호선,노원,17782,18745,36527
202108,7호선,마들,11218,10766,21984
202108,7호선,수락산,11322,11295,22617
202108,7호선,도봉산,8029,9146,17175
202108,7호선,장암,2106,883,2989
202108,7호선,부평구청,7096,6261,13357
202108,7호선,굴포천,8288,8776,17064
202108,7호선,삼산체육관,4670,4298,8968
202108,7호선,상동,11724,12211,23935
202108,7호선,부천시청,11575,11762,23337
202108,7호선,신중동,12857,12814,25671
202108,7호선,춘의,9290,9103,18393
202108,7호선,부천종합운동장,4262,3857,8119
202108,7호선,까치울,7019,6822,13841
202108,7호선,온수,9344,8423,17767
202108,7호선,천왕,9997,9676,19673
202108,7호선,광명사거리,20025,19936,39961
202108,7호선,철산,18874,19749,38623
202108,7호선,가산디지털단지,43366,42929,86295
202108,7호선,남구로,14911,15452,30363
202108,7호선,대림,7218,7195,14413
202108,7호선,신풍,10428,10003,20431
202108,7호선,보라매,8527,8561,17088
202108,7호선,신대방삼거리,14734,14289,29023
202108,7호선,장승배기,8701,8381,17082
202108,7호선,상도,9157,8916,18073
202108,7호선,숭실대입구,10020,10325,20345
202108,7호선,남성,10032,9310,19342
202108,7호선,이수,13855,13766,27621
202108,7호선,내방,13359,13572,26931
202108,7호선,고속터미널,13464,11467,24931
202108,7호선,반포,5066,4841,9907
202108,7호선,논현,18741,20061,38802
202108,7호선,학동,22151,23251,45402
202108,7호선,강남구청,14853,16235,31088
202108,7호선,청담,17184,18724,35908
202108,7호선,뚝섬유원지,7321,7140,14461
202108,7호선,건대입구,10663,10833,21496
202108,7호선,어린이대공원,10349,10041,20390
202108,7호선,군자,13085,10799,23884
202108,7호선,중곡,8943,8543,17486
202108,7호선,용마산,5380,5370,10750
202108,7호선,사가정,14683,14794,29477
202108,7호선,면목,13776,13663,27439
202108,7호선,상봉,14917,14033,28950
202108,7호선,중화,9764,9649,19413
202108,7호선,먹골,9050,8929,17979
202108,7호선,태릉입구,7204,6869,14073
202108,7호선,공릉,9748,9776,19524
202108,7호선,하계,15277,14536,29813
202108,7호선,중계,12120,11071,23191
202108,7호선,노원,17475,18658,36133
202108,7호선,마들,11277,10865,22142
202108,7호선,수락산,11526,11552,23078
202108,7호선,도봉산,8086,9341,17427
202108,7호선,장암,2108,960,3068
202108,7호선,장암,2072,905,2977
202108,7호선,도봉산,8174,9452,17626
202108,7호선,수락산,11395,11380,22775
202108,7호선,마들,11425,10955,22380
202108,7호선,노원,17232,18421,35653
202108,7호선,중계,12307,11108,23415
202108,7호선,하계,15600,14848,30448
202108,7호선,공릉,9804,9838,19642
202108,7호선,태릉입구,7187,6963,14150
202108,7호선,먹골,8984,8997,17981
202108,7호선,중화,9894,9766,19660
202108,7호선,상봉,15016,14162,29178
202108,7호선,면목,13682,13555,27237
202108,7호선,사가정,14643,14575,29218
202108,7호선,용마산,5416,5327,10743
202108,7호선,중곡,8784,8370,17154
202108,7호선,군자,13141,10804,23945
202108,7호선,어린이대공원,10328,10043,20371
202108,7호선,건대입구,10407,10547,20954
202108,7호선,뚝섬유원지,7392,7095,14487
202108,7호선,청담,17301,18638,35939
202108,7호선,강남구청,14628,16142,30770
202108,7호선,학동,22134,23136,45270
202108,7호선,논현,18321,19526,37847
202108,7호선,반포,5235,4953,10188
202108,7호선,고속터미널,12775,11123,23898
202108,7호선,내방,13076,13391,26467
202108,7호선,이수,13905,13700,27605
202108,7호선,남성,9743,9091,18834
202108,7호선,숭실대입구,10010,10328,20338
202108,7호선,상도,9154,8886,18040
202108,7호선,장승배기,8583,8425,17008
202108,7호선,신대방삼거리,14359,14011,28370
202108,7호선,보라매,8328,8417,16745
202108,7호선,신풍,10368,9887,20255
202108,7호선,대림,7079,7000,14079
202108,7호선,남구로,14779,15433,30212
202108,7호선,가산디지털단지,42515,42316,84831
202108,7호선,철산,18940,19542,38482
202108,7호선,광명사거리,19606,19668,39274
202108,7호선,천왕,10251,9614,19865
202108,7호선,온수,9166,8363,17529
202108,7호선,까치울,7052,6808,13860
202108,7호선,부천종합운동장,4178,3662,7840
202108,7호선,춘의,9172,8856,18028
202108,7호선,신중동,12595,12512,25107
202108,7호선,부천시청,11109,11259,22368
202108,7호선,상동,11496,12048,23544
202108,7호선,삼산체육관,4800,4404,9204
202108,7호선,굴포천,8084,8645,16729
202108,7호선,부평구청,6859,6080,12939
202108,7호선,부평구청,6820,6009,12829
202108,7호선,굴포천,8077,8564,16641
202108,7호선,삼산체육관,4790,4403,9193
202108,7호선,상동,11348,11947,23295
202108,7호선,부천시청,11359,11333,22692
202108,7호선,신중동,12711,12582,25293
202108,7호선,춘의,8888,8864,17752
202108,7호선,부천종합운동장,4218,3723,7941
202108,7호선,까치울,6787,6554,13341
202108,7호선,온수,9008,8256,17264
202108,7호선,천왕,10004,9462,19466
202108,7호선,광명사거리,19725,19551,39276
202108,7호선,철산,18667,19444,38111
202108,7호선,가산디지털단지,42426,41614,84040
202108,7호선,남구로,14483,15283,29766
202108,7호선,대림,6876,6865,13741
202108,7호선,신풍,10337,9854,20191
202108,7호선,보라매,8468,8572,17040
202108,7호선,신대방삼거리,14295,13967,28262
202108,7호선,장승배기,8473,8289,16762
202108,7호선,상도,9034,8788,17822
202108,7호선,숭실대입구,9931,10207,20138
202108,7호선,남성,9770,9110,18880
202108,7호선,이수,13828,13489,27317
202108,7호선,내방,13068,13309,26377
202108,7호선,고속터미널,12906,11198,24104
202108,7호선,반포,5040,4933,9973
202108,7호선,논현,18040,19517,37557
202108,7호선,학동,21654,22866,44520
202108,7호선,강남구청,14491,15814,30305
202108,7호선,청담,16955,18640,35595
202108,7호선,뚝섬유원지,6858,6683,13541
202108,7호선,건대입구,10326,10689,21015
202108,7호선,어린이대공원,10298,10096,20394
202108,7호선,군자,12932,10622,23554
202108,7호선,중곡,8726,8415,17141
202108,7호선,용마산,5377,5288,10665
202108,7호선,사가정,14479,14466,28945
202108,7호선,면목,13515,13328,26843
202108,7호선,상봉,14846,13899,28745
202108,7호선,중화,9633,9425,19058
202108,7호선,먹골,8968,8896,17864
202108,7호선,태릉입구,7218,6803,14021
202108,7호선,공릉,9830,9818,19648
202108,7호선,하계,15120,14471,29591
202108,7호선,중계,12050,11261,23311
202108,7호선,노원,17543,18269,35812
202108,7호선,마들,11251,10877,22128
202108,7호선,수락산,11294,11229,22523
202108,7호선,도봉산,7938,9214,17152
202108,7호선,장암,2078,949,3027
202108,7호선,장암,1964,892,2856
202108,7호선,도봉산,7833,9255,17088
202108,7호선,수락산,11514,11403,22917
202108,7호선,마들,11376,10815,22191
202108,7호선,노원,17971,19125,37096
202108,7호선,중계,12153,10929,23082
202108,7호선,하계,15337,14356,29693
202108,7호선,공릉,10230,9971,20201
202108,7호선,태릉입구,7332,6971,14303
202108,7호선,먹골,9034,8841,17875
202108,7호선,중화,9830,9532,19362
202108,7호선,상봉,15163,14192,29355
202108,7호선,면목,13652,13353,27005
202108,7호선,사가정,14483,14552,29035
202108,7호선,용마산,5373,5192,10565
202108,7호선,중곡,8858,8234,17092
202108,7호선,군자,13150,10451,23601
202108,7호선,어린이대공원,10339,9985,20324
202108,7호선,건대입구,10498,10517,21015
202108,7호선,뚝섬유원지,7762,7315,15077
202108,7호선,청담,16635,18414,35049
202108,7호선,강남구청,14642,15811,30453
202108,7호선,학동,20899,22064,42963
202108,7호선,논현,18089,19645,37734
202108,7호선,반포,5226,4867,10093
202108,7호선,고속터미널,13757,12229,25986
202108,7호선,내방,12809,13033,25842
202108,7호선,이수,13948,13700,27648
202108,7호선,남성,9913,9076,18989
202108,7호선,숭실대입구,9996,9886,19882
202108,7호선,상도,9291,8777,18068
202108,7호선,장승배기,8538,8199,16737
202108,7호선,신대방삼거리,14451,13906,28357
202108,7호선,보라매,8470,8215,16685
202108,7호선,신풍,10470,9720,20190
202108,7호선,대림,6997,7009,14006
202108,7호선,남구로,14158,14693,28851
202108,7호선,가산디지털단지,40508,39923,80431
202108,7호선,철산,18843,19681,38524
202108,7호선,광명사거리,19983,19781,39764
202108,7호선,천왕,9854,9338,19192
202108,7호선,온수,9053,8172,17225
202108,7호선,까치울,6902,6675,13577
202108,7호선,부천종합운동장,4262,3760,8022
202108,7호선,춘의,8832,8785,17617
202108,7호선,신중동,12853,12914,25767
202108,7호선,부천시청,11557,11621,23178
202108,7호선,상동,11681,12271,23952
202108,7호선,삼산체육관,4716,4294,9010
202108,7호선,굴포천,8195,8595,16790
202108,7호선,부평구청,6880,6078,12958
202108,7호선,온수,4574,4437,9011
202108,7호선,장암,1306,739,2045
202108,7호선,도봉산,4921,6644,11565
202108,7호선,수락산,8040,7974,16014
202108,7호선,마들,6473,6257,12730
202108,7호선,노원,11414,11787,23201
202108,7호선,중계,6971,6429,13400
202108,7호선,하계,8540,8178,16718
202108,7호선,공릉,6419,6492,12911
202108,7호선,태릉입구,4780,4596,9376
202108,7호선,먹골,5757,5829,11586
202108,7호선,중화,6126,5993,12119
202108,7호선,상봉,9866,9600,19466
202108,7호선,면목,9154,9160,18314
202108,7호선,사가정,9467,9486,18953
202108,7호선,용마산,3404,3692,7096
202108,7호선,중곡,5326,5285,10611
202108,7호선,군자,7896,6609,14505
202108,7호선,어린이대공원,6355,6519,12874
202108,7호선,건대입구,8388,8439,16827
202108,7호선,뚝섬유원지,6463,5723,12186
202108,7호선,청담,7333,7751,15084
202108,7호선,강남구청,5906,6580,12486
202108,7호선,학동,7230,7549,14779
202108,7호선,논현,8551,8959,17510
202108,7호선,반포,3334,3181,6515
202108,7호선,고속터미널,13444,8527,21971
202108,7호선,내방,5903,5919,11822
202108,7호선,이수,8206,8104,16310
202108,7호선,남성,5725,5644,11369
202108,7호선,숭실대입구,5676,6086,11762
202108,7호선,상도,5340,5243,10583
202108,7호선,장승배기,5145,5164,10309
202108,7호선,신대방삼거리,8417,8594,17011
202108,7호선,보라매,4338,4374,8712
202108,7호선,신풍,6243,6127,12370
202108,7호선,대림,5953,5673,11626
202108,7호선,남구로,6965,7115,14080
202108,7호선,가산디지털단지,11694,11410,23104
202108,7호선,철산,11039,11267,22306
202108,7호선,광명사거리,13189,13035,26224
202108,7호선,천왕,5106,4978,10084
202108,7호선,까치울,4193,4134,8327
202108,7호선,부천종합운동장,2580,2339,4919
202108,7호선,춘의,4781,4777,9558
202108,7호선,신중동,7177,7020,14197
202108,7호선,부천시청,7447,7458,14905
202108,7호선,상동,7179,7176,14355
202108,7호선,삼산체육관,2705,2501,5206
202108,7호선,굴포천,4909,5092,10001
202108,7호선,부평구청,3808,3496,7304
202108,7호선,장암,2139,855,2994
202108,7호선,도봉산,8115,9457,17572
202108,7호선,수락산,11552,11654,23206
202108,7호선,마들,11587,11163,22750
202108,7호선,노원,17635,18376,36011
202108,7호선,중계,12512,11715,24227
202108,7호선,하계,15482,14975,30457
202108,7호선,공릉,9965,10108,20073
202108,7호선,태릉입구,7421,6963,14384
202108,7호선,먹골,9297,9278,18575
202108,7호선,중화,10170,10044,20214
202108,7호선,상봉,14910,13918,28828
202108,7호선,면목,13932,13917,27849
202108,7호선,사가정,14963,14971,29934
202108,7호선,용마산,5553,5588,11141
202108,7호선,중곡,9032,8723,17755
202108,7호선,군자,13142,10888,24030
202108,7호선,어린이대공원,10431,10352,20783
202108,7호선,건대입구,10378,10773,21151
202108,7호선,뚝섬유원지,6804,6702,13506
202108,7호선,청담,17042,18658,35700
202108,7호선,강남구청,14925,16277,31202
202108,7호선,학동,22327,23073,45400
202108,7호선,논현,18435,19879,38314
202108,7호선,반포,5092,4909,10001
202108,7호선,고속터미널,14075,11425,25500
202108,7호선,내방,13299,13601,26900
202108,7호선,이수,13784,13561,27345
202108,7호선,남성,9928,9537,19465
202108,7호선,숭실대입구,10074,10715,20789
202108,7호선,상도,9517,9282,18799
202108,7호선,장승배기,8553,8456,17009
202108,7호선,신대방삼거리,14789,14512,29301
202108,7호선,보라매,8571,8530,17101
202108,7호선,신풍,10432,10145,20577
202108,7호선,대림,7279,7339,14618
202108,7호선,남구로,14768,15693,30461
202108,7호선,가산디지털단지,44216,42657,86873
202108,7호선,철산,18860,19762,38622
202108,7호선,광명사거리,19903,19696,39599
202108,7호선,천왕,10066,9782,19848
202108,7호선,온수,9337,8620,17957
202108,7호선,까치울,6809,6673,13482
202108,7호선,부천종합운동장,4306,3728,8034
202108,7호선,춘의,9193,9143,18336
202108,7호선,신중동,12788,12614,25402
202108,7호선,부천시청,11384,11459,22843
202108,7호선,상동,11614,12072,23686
202108,7호선,삼산체육관,4715,4454,9169
202108,7호선,굴포천,8170,8606,16776
202108,7호선,부평구청,6931,6144,13075
202108,7호선,부평구청,6857,6172,13029
202108,7호선,굴포천,8178,8643,16821
202108,7호선,삼산체육관,4795,4427,9222
202108,7호선,상동,11472,12105,23577
202108,7호선,부천시청,11240,11295,22535
202108,7호선,신중동,12643,12755,25398
202108,7호선,춘의,9236,9146,18382
202108,7호선,부천종합운동장,4153,3703,7856
202108,7호선,까치울,7072,6734,13806
202108,7호선,온수,9408,8558,17966
202108,7호선,천왕,10266,9746,20012
202108,7호선,광명사거리,19977,19728,39705
202108,7호선,철산,18909,19396,38305
202108,7호선,가산디지털단지,42699,42926,85625
202108,7호선,남구로,14884,15493,30377
202108,7호선,대림,7214,6943,14157
202108,7호선,신풍,10554,10056,20610
202108,7호선,보라매,8535,8575,17110
202108,7호선,신대방삼거리,14793,14264,29057
202108,7호선,장승배기,8589,8319,16908
202108,7호선,상도,9454,9160,18614
202108,7호선,숭실대입구,10170,10553,20723
202108,7호선,남성,10050,9338,19388
202108,7호선,이수,13866,13657,27523
202108,7호선,내방,13243,13659,26902
202108,7호선,고속터미널,13162,11313,24475
202108,7호선,반포,5202,4939,10141
202108,7호선,논현,18501,19531,38032
202108,7호선,학동,21851,23125,44976
202108,7호선,강남구청,14947,16311,31258
202108,7호선,청담,17065,18597,35662
202108,7호선,뚝섬유원지,7650,7285,14935
202108,7호선,건대입구,10512,10623,21135
202108,7호선,어린이대공원,10474,10418,20892
202108,7호선,군자,13078,10835,23913
202108,7호선,중곡,9077,8590,17667
202108,7호선,용마산,5545,5347,10892
202108,7호선,사가정,14742,14757,29499
202108,7호선,면목,14039,13904,27943
202108,7호선,상봉,15163,14090,29253
202108,7호선,중화,10131,9971,20102
202108,7호선,먹골,9294,9090,18384
202108,7호선,태릉입구,7419,6993,14412
202108,7호선,공릉,10173,10195,20368
202108,7호선,하계,16030,15394,31424
202108,7호선,중계,12795,11654,24449
202108,7호선,노원,17120,18372,35492
202108,7호선,마들,11521,11148,22669
202108,7호선,수락산,11761,11407,23168
202108,7호선,도봉산,8075,9385,17460
202108,7호선,장암,2012,824,2836
202108,7호선,장암,2170,873,3043
202108,7호선,도봉산,8203,9642,17845
202108,7호선,수락산,11980,11872,23852
202108,7호선,마들,11607,11075,22682
202108,7호선,노원,17139,18300,35439
202108,7호선,중계,12840,11717,24557
202108,7호선,하계,15714,14970,30684
202108,7호선,공릉,10214,10263,20477
202108,7호선,태릉입구,7357,7087,14444
202108,7호선,먹골,9195,9092,18287
202108,7호선,중화,9991,9983,19974
202108,7호선,상봉,15199,14445,29644
202108,7호선,면목,13992,13890,27882
202108,7호선,사가정,14975,14962,29937
202108,7호선,용마산,5586,5545,11131
202108,7호선,중곡,9186,8623,17809
202108,7호선,군자,13295,10908,24203
202108,7호선,어린이대공원,10710,10374,21084
202108,7호선,건대입구,10649,10630,21279
202108,7호선,뚝섬유원지,8220,7822,16042
202108,7호선,청담,17367,18983,36350
202108,7호선,강남구청,15222,16650,31872
202108,7호선,학동,22063,23236,45299
202108,7호선,논현,18498,20009,38507
202108,7호선,반포,5261,5034,10295
202108,7호선,고속터미널,13253,11678,24931
202108,7호선,내방,13308,13484,26792
202108,7호선,이수,13840,13588,27428
202108,7호선,남성,10037,9331,19368
202108,7호선,숭실대입구,10406,10746,21152
202108,7호선,상도,9540,9231,18771
202108,7호선,장승배기,8607,8415,17022
202108,7호선,신대방삼거리,15046,14471,29517
202108,7호선,보라매,8857,8897,17754
202108,7호선,신풍,10756,10123,20879
202108,7호선,대림,7116,7054,14170
202108,7호선,남구로,14855,15605,30460
202108,7호선,가산디지털단지,42783,42699,85482
202108,7호선,철산,19100,19729,38829
202108,7호선,광명사거리,20539,20092,40631
202108,7호선,천왕,10371,9975,20346
202108,7호선,온수,9633,8696,18329
202108,7호선,까치울,7237,7015,14252
202108,7호선,부천종합운동장,4401,3918,8319
202108,7호선,춘의,9235,9229,18464
202108,7호선,신중동,12975,12845,25820
202108,7호선,부천시청,11562,11626,23188
202108,7호선,상동,11809,12200,24009
202108,7호선,삼산체육관,4770,4526,9296
202108,7호선,굴포천,8306,8786,17092
202108,7호선,부평구청,7055,6331,13386
202108,7호선,장암,2095,850,2945
202108,7호선,도봉산,8221,9517,17738
202108,7호선,수락산,11841,11734,23575
202108,7호선,마들,11881,11355,23236
202108,7호선,노원,17994,19269,37263
202108,7호선,중계,12759,11517,24276
202108,7호선,하계,15921,15019,30940
202108,7호선,공릉,10427,10318,20745
202108,7호선,태릉입구,7661,7329,14990
202108,7호선,먹골,9427,9159,18586
202108,7호선,중화,10079,9869,19948
202108,7호선,상봉,15423,14763,30186
202108,7호선,면목,14355,14235,28590
202108,7호선,사가정,15136,15218,30354
202108,7호선,용마산,5580,5457,11037
202108,7호선,중곡,9186,8733,17919
202108,7호선,군자,13449,10802,24251
202108,7호선,어린이대공원,10922,11100,22022
202108,7호선,건대입구,10725,10976,21701
202108,7호선,뚝섬유원지,8177,7761,15938
202108,7호선,청담,17252,18854,36106
202108,7호선,강남구청,14990,16481,31471
202108,7호선,학동,21666,22726,44392
202108,7호선,논현,18979,20399,39378
202108,7호선,반포,5456,5097,10553
202108,7호선,고속터미널,14691,12382,27073
202108,7호선,내방,13522,13576,27098
202108,7호선,이수,14153,13803,27956
202108,7호선,남성,10232,9443,19675
202108,7호선,숭실대입구,10914,11125,22039
202108,7호선,상도,9845,9505,19350
202108,7호선,장승배기,8753,8576,17329
202108,7호선,신대방삼거리,15135,14416,29551
202108,7호선,보라매,9127,8990,18117
202108,7호선,신풍,10665,10132,20797
202108,7호선,대림,7123,7236,14359
202108,7호선,남구로,14828,15487,30315
202108,7호선,가산디지털단지,42575,41769,84344
202108,7호선,철산,19642,20341,39983
202108,7호선,광명사거리,20713,20650,41363
202108,7호선,천왕,10320,9697,20017
202108,7호선,온수,9519,8711,18230
202108,7호선,까치울,7167,6977,14144
202108,7호선,부천종합운동장,4409,3918,8327
202108,7호선,춘의,9117,9066,18183
202108,7호선,신중동,13053,13220,26273
202108,7호선,부천시청,11977,11994,23971
202108,7호선,상동,12038,12640,24678
202108,7호선,삼산체육관,4942,4506,9448
202108,7호선,굴포천,8446,8974,17420
202108,7호선,부평구청,7104,6304,13408
202108,7호선,장암,2127,830,2957
202108,7호선,도봉산,7934,9042,16976
202108,7호선,수락산,11348,11479,22827
202108,7호선,마들,11457,11117,22574
202108,7호선,노원,16881,17440,34321
202108,7호선,중계,12681,11885,24566
202108,7호선,하계,15370,14687,30057
202108,7호선,공릉,10217,10405,20622
202108,7호선,태릉입구,7315,6824,14139
202108,7호선,먹골,9055,9060,18115
202108,7호선,중화,9934,9826,19760
202108,7호선,상봉,14954,13993,28947
202108,7호선,면목,13879,13845,27724
202108,7호선,사가정,14611,14769,29380
202108,7호선,용마산,5430,5429,10859
202108,7호선,중곡,9122,8741,17863
202108,7호선,군자,12891,10843,23734
202108,7호선,어린이대공원,10341,10167,20508
202108,7호선,건대입구,10283,10664,20947
202108,7호선,뚝섬유원지,6234,6256,12490
202108,7호선,청담,17021,18613,35634
202108,7호선,강남구청,14649,15787,30436
202108,7호선,학동,22154,22994,45148
202108,7호선,논현,18450,19917,38367
202108,7호선,반포,4932,4786,9718
202108,7호선,고속터미널,13624,11129,24753
202108,7호선,내방,13227,13443,26670
202108,7호선,이수,13421,13383,26804
202108,7호선,남성,9821,9330,19151
202108,7호선,숭실대입구,10124,10596,20720
202108,7호선,상도,9292,9172,18464
202108,7호선,장승배기,8440,8460,16900
202108,7호선,신대방삼거리,14676,14379,29055
202108,7호선,보라매,8990,9030,18020
202108,7호선,신풍,10607,10292,20899
202108,7호선,대림,7412,7291,14703
202108,7호선,남구로,15336,16125,31461
202108,7호선,가산디지털단지,44862,43440,88302
202108,7호선,철산,18614,19585,38199
202108,7호선,광명사거리,20354,20014,40368
202108,7호선,천왕,10336,9996,20332
202108,7호선,온수,9656,8800,18456
202108,7호선,까치울,6962,6750,13712
202108,7호선,부천종합운동장,4200,3707,7907
202108,7호선,춘의,9297,9276,18573
202108,7호선,신중동,12387,12238,24625
202108,7호선,부천시청,11333,11441,22774
202108,7호선,상동,11216,11702,22918
202108,7호선,삼산체육관,4745,4345,9090
202108,7호선,굴포천,8155,8604,16759
202108,7호선,부평구청,6968,6128,13096
202108,7호선,부평구청,6997,6145,13142
202108,7호선,굴포천,8233,8716,16949
202108,7호선,삼산체육관,4725,4408,9133
202108,7호선,상동,11520,12121,23641
202108,7호선,부천시청,11417,11376,22793
202108,7호선,신중동,12734,12692,25426
202108,7호선,춘의,9296,9190,18486
202108,7호선,부천종합운동장,4040,3586,7626
202108,7호선,까치울,6951,6841,13792
202108,7호선,온수,9601,8616,18217
202108,7호선,천왕,10132,9877,20009
202108,7호선,광명사거리,19857,19535,39392
202108,7호선,철산,18857,19598,38455
202108,7호선,가산디지털단지,43580,43211,86791
202108,7호선,남구로,14998,15605,30603
202108,7호선,대림,7177,6999,14176
202108,7호선,신풍,10614,10157,20771
202108,7호선,보라매,8932,8921,17853
202108,7호선,신대방삼거리,14801,14298,29099
202108,7호선,장승배기,8429,8448,16877
202108,7호선,상도,9476,9253,18729
202108,7호선,숭실대입구,10288,10692,20980
202108,7호선,남성,9970,9404,19374
202108,7호선,이수,13652,13430,27082
202108,7호선,내방,13245,13529,26774
202108,7호선,고속터미널,12612,10998,23610
202108,7호선,반포,5198,4979,10177
202108,7호선,논현,18521,19846,38367
202108,7호선,학동,22234,23088,45322
202108,7호선,강남구청,14853,16337,31190
202108,7호선,청담,17209,18710,35919
202108,7호선,뚝섬유원지,6248,6260,12508
202108,7호선,건대입구,10151,10494,20645
202108,7호선,어린이대공원,10427,10333,20760
202108,7호선,군자,13084,10875,23959
202108,7호선,중곡,9164,8697,17861
202108,7호선,용마산,5491,5397,10888
202108,7호선,사가정,14535,14615,29150
202108,7호선,면목,13549,13644,27193
202108,7호선,상봉,14830,13852,28682
202108,7호선,중화,9995,9860,19855
202108,7호선,먹골,9168,9170,18338
202108,7호선,태릉입구,7207,6875,14082
202108,7호선,공릉,10267,10268,20535
202108,7호선,하계,15531,14768,30299
202108,7호선,중계,12819,11879,24698
202108,7호선,노원,17334,18080,35414
202108,7호선,마들,11415,11110,22525
202108,7호선,수락산,11220,11160,22380
202108,7호선,도봉산,7875,8879,16754
202108,7호선,장암,2001,710,2711
202108,7호선,부평구청,7188,6375,13563
202108,7호선,굴포천,8529,9058,17587
202108,7호선,삼산체육관,5049,4504,9553
202108,7호선,상동,11968,12677,24645
202108,7호선,부천시청,12026,11904,23930
202108,7호선,신중동,13027,13080,26107
202108,7호선,춘의,9452,9475,18927
202108,7호선,부천종합운동장,4388,3809,8197
202108,7호선,까치울,7366,7168,14534
202108,7호선,온수,10123,9094,19217
202108,7호선,천왕,10694,10160,20854
202108,7호선,광명사거리,21017,20687,41704
202108,7호선,철산,19719,20203,39922
202108,7호선,가산디지털단지,43410,43585,86995
202108,7호선,남구로,15148,15853,31001
202108,7호선,대림,7207,7158,14365
202108,7호선,신풍,10805,10437,21242
202108,7호선,보라매,9273,9255,18528
202108,7호선,신대방삼거리,15476,14804,30280
202108,7호선,장승배기,8954,8720,17674
202108,7호선,상도,9705,9603,19308
202108,7호선,숭실대입구,10622,10874,21496
202108,7호선,남성,10238,9639,19877
202108,7호선,이수,14180,13917,28097
202108,7호선,내방,13519,13852,27371
202108,7호선,고속터미널,13083,11413,24496
202108,7호선,반포,5358,5173,10531
202108,7호선,논현,18559,20248,38807
202108,7호선,학동,22423,23388,45811
202108,7호선,강남구청,15486,16899,32385
202108,7호선,청담,17829,19381,37210
202108,7호선,뚝섬유원지,7333,6972,14305
202108,7호선,건대입구,10584,10725,21309
202108,7호선,어린이대공원,10833,10622,21455
202108,7호선,군자,13541,11047,24588
202108,7호선,중곡,9368,8701,18069
202108,7호선,용마산,5731,5466,11197
202108,7호선,사가정,15165,15031,30196
202108,7호선,면목,14327,14382,28709
202108,7호선,상봉,15412,14545,29957
202108,7호선,중화,10399,10197,20596
202108,7호선,먹골,9405,9199,18604
202108,7호선,태릉입구,7567,7225,14792
202108,7호선,공릉,10711,10746,21457
202108,7호선,하계,16446,15610,32056
202108,7호선,중계,13389,12146,25535
202108,7호선,노원,17759,18751,36510
202108,7호선,마들,12022,11522,23544
202108,7호선,수락산,11851,11752,23603
202108,7호선,도봉산,8278,9436,17714
202108,7호선,장암,2158,906,3064
202108,7호선,장암,2216,941,3157
202108,7호선,도봉산,8224,9647,17871
202108,7호선,수락산,11860,11921,23781
202108,7호선,마들,11760,11464,23224
202108,7호선,노원,17431,18472,35903
202108,7호선,중계,13186,12164,25350
202108,7호선,하계,16069,15218,31287
202108,7호선,공릉,10877,10895,21772
202108,7호선,태릉입구,7556,7104,14660
202108,7호선,먹골,9335,9195,18530
202108,7호선,중화,10214,10122,20336
202108,7호선,상봉,15529,14514,30043
202108,7호선,면목,14259,14070,28329
202108,7호선,사가정,15118,15114,30232
202108,7호선,용마산,5650,5674,11324
202108,7호선,중곡,9411,8991,18402
202108,7호선,군자,13600,11149,24749
202108,7호선,어린이대공원,10870,10503,21373
202108,7호선,건대입구,10668,10828,21496
202108,7호선,뚝섬유원지,7232,6945,14177
202108,7호선,청담,17480,19069,36549
202108,7호선,강남구청,15150,16604,31754
202108,7호선,학동,22369,23379,45748
202108,7호선,논현,18447,20122,38569
202108,7호선,반포,5323,5059,10382
202108,7호선,고속터미널,13188,11691,24879
202108,7호선,내방,13579,13781,27360
202108,7호선,이수,14071,13782,27853
202108,7호선,남성,10190,9477,19667
202108,7호선,숭실대입구,10666,10975,21641
202108,7호선,상도,9923,9634,19557
202108,7호선,장승배기,8974,8764,17738
202108,7호선,신대방삼거리,15349,14885,30234
202108,7호선,보라매,9307,9217,18524
202108,7호선,신풍,10865,10461,21326
202108,7호선,대림,7088,6966,14054
202108,7호선,남구로,14985,15647,30632
202108,7호선,가산디지털단지,43505,43051,86556
202108,7호선,철산,19450,20061,39511
202108,7호선,광명사거리,21066,20870,41936
202108,7호선,천왕,10603,10112,20715
202108,7호선,온수,10012,9206,19218
202108,7호선,까치울,7355,7148,14503
202108,7호선,부천종합운동장,4626,4103,8729
202108,7호선,춘의,9411,9331,18742
202108,7호선,신중동,13099,13081,26180
202108,7호선,부천시청,11887,11836,23723
202108,7호선,상동,11882,12431,24313
202108,7호선,삼산체육관,5032,4621,9653
202108,7호선,굴포천,8512,9056,17568
202108,7호선,부평구청,7200,6293,13493
202108,7호선,장암,2042,857,2899
202108,7호선,도봉산,8097,9263,17360
202108,7호선,수락산,11495,11506,23001
202108,7호선,마들,11799,11306,23105
202108,7호선,노원,17965,19211,37176
202108,7호선,중계,13207,11874,25081
202108,7호선,하계,15725,14844,30569
202108,7호선,공릉,10804,10653,21457
202108,7호선,태릉입구,7661,7204,14865
202108,7호선,먹골,9374,9160,18534
202108,7호선,중화,10205,9968,20173
202108,7호선,상봉,15503,14843,30346
202108,7호선,면목,14190,14127,28317
202108,7호선,사가정,15041,15023,30064
202108,7호선,용마산,5611,5407,11018
202108,7호선,중곡,9608,8809,18417
202108,7호선,군자,13412,11063,24475
202108,7호선,어린이대공원,10901,10645,21546
202108,7호선,건대입구,10836,10838,21674
202108,7호선,뚝섬유원지,7042,6840,13882
202108,7호선,청담,17291,19109,36400
202108,7호선,강남구청,15159,16378,31537
202108,7호선,학동,21514,22525,44039
202108,7호선,논현,18714,20026,38740
202108,7호선,반포,5510,5138,10648
202108,7호선,고속터미널,14601,12369,26970
202108,7호선,내방,13460,13610,27070
202108,7호선,이수,14280,14119,28399
202108,7호선,남성,10352,9333,19685
202108,7호선,숭실대입구,10553,10664,21217
202108,7호선,상도,9918,9466,19384
202108,7호선,장승배기,8861,8559,17420
202108,7호선,신대방삼거리,15118,14581,29699
202108,7호선,보라매,9194,9226,18420
202108,7호선,신풍,10818,10333,21151
202108,7호선,대림,7301,7340,14641
202108,7호선,남구로,14576,15423,29999
202108,7호선,가산디지털단지,42062,41506,83568
202108,7호선,철산,19281,20108,39389
202108,7호선,광명사거리,20876,20536,41412
202108,7호선,천왕,10404,9883,20287
202108,7호선,온수,9686,8768,18454
202108,7호선,까치울,7220,7022,14242
202108,7호선,부천종합운동장,4449,3951,8400
202108,7호선,춘의,9206,9041,18247
202108,7호선,신중동,13219,13255,26474
202108,7호선,부천시청,12081,12043,24124
202108,7호선,상동,11776,12596,24372
202108,7호선,삼산체육관,4858,4484,9342
202108,7호선,굴포천,8307,8814,17121
202108,7호선,부평구청,7029,6243,13272
202108,7호선,장암,2259,862,3121
202108,7호선,도봉산,8632,10021,18653
202108,7호선,수락산,11882,11932,23814
202108,7호선,마들,11918,11390,23308
202108,7호선,노원,17824,18772,36596
202108,7호선,중계,13321,12392,25713
202108,7호선,하계,16030,15084,31114
202108,7호선,공릉,10611,10741,21352
202108,7호선,태릉입구,7582,7059,14641
202108,7호선,먹골,9392,9365,18757
202108,7호선,중화,10248,10100,20348
202108,7호선,상봉,15414,14524,29938
202108,7호선,면목,14450,14279,28729
202108,7호선,사가정,15293,15278,30571
202108,7호선,용마산,5611,5549,11160
202108,7호선,중곡,9446,8797,18243
202108,7호선,군자,13335,11095,24430
202108,7호선,어린이대공원,10908,10880,21788
202108,7호선,건대입구,10593,10819,21412
202108,7호선,뚝섬유원지,7779,7473,15252
202108,7호선,청담,17489,19108,36597
202108,7호선,강남구청,15090,16169,31259
202108,7호선,학동,22517,23510,46027
202108,7호선,논현,18925,20298,39223
202108,7호선,반포,5276,5091,10367
202108,7호선,고속터미널,14196,11649,25845
202108,7호선,내방,13471,13668,27139
202108,7호선,이수,13762,13687,27449
202108,7호선,남성,10403,9711,20114
202108,7호선,숭실대입구,10651,10992,21643
202108,7호선,상도,9795,9698,19493
202108,7호선,장승배기,9053,9001,18054
202108,7호선,신대방삼거리,15425,14974,30399
202108,7호선,보라매,9342,9466,18808
202108,7호선,신풍,11121,10633,21754
202108,7호선,대림,7486,7392,14878
202108,7호선,남구로,15578,16240,31818
202108,7호선,가산디지털단지,44076,43979,88055
202108,7호선,철산,19638,20151,39789
202108,7호선,광명사거리,21083,20637,41720
202108,7호선,천왕,10766,10416,21182
202108,7호선,온수,10084,9250,19334
202108,7호선,까치울,7377,7113,14490
202108,7호선,부천종합운동장,4825,4174,8999
202108,7호선,춘의,9448,9450,18898
202108,7호선,신중동,13240,13314,26554
202108,7호선,부천시청,11753,11817,23570
202108,7호선,상동,11630,12136,23766
202108,7호선,삼산체육관,5032,4556,9588
202108,7호선,굴포천,8328,8935,17263
202108,7호선,부평구청,7121,6320,13441
202108,7호선,장암,2084,820,2904
202108,7호선,도봉산,8291,9464,17755
202108,7호선,수락산,11377,11440,22817
202108,7호선,마들,11516,11303,22819
202108,7호선,노원,17209,17607,34816
202108,7호선,중계,13002,12160,25162
202108,7호선,하계,15748,15035,30783
202108,7호선,공릉,10296,10431,20727
202108,7호선,태릉입구,7340,6721,14061
202108,7호선,먹골,9215,9134,18349
202108,7호선,중화,9958,10059,20017
202108,7호선,상봉,15004,14099,29103
202108,7호선,면목,13763,13872,27635
202108,7호선,사가정,14408,14634,29042
202108,7호선,용마산,5548,5633,11181
202108,7호선,중곡,9245,8858,18103
202108,7호선,군자,13090,11160,24250
202108,7호선,어린이대공원,10792,10653,21445
202108,7호선,건대입구,11199,11195,22394
202108,7호선,뚝섬유원지,6178,6248,12426
202108,7호선,청담,17344,19101,36445
202108,7호선,강남구청,15077,16475,31552
202108,7호선,학동,22635,23619,46254
202108,7호선,논현,17904,19726,37630
202108,7호선,반포,5124,4848,9972
202108,7호선,고속터미널,13007,11178,24185
202108,7호선,내방,13359,13599,26958
202108,7호선,이수,13811,13478,27289
202108,7호선,남성,9948,9463,19411
202108,7호선,숭실대입구,10242,10690,20932
202108,7호선,상도,9506,9440,18946
202108,7호선,장승배기,8546,8603,17149
202108,7호선,신대방삼거리,15009,14730,29739
202108,7호선,보라매,9032,9080,18112
202108,7호선,신풍,10604,10391,20995
202108,7호선,대림,7273,7169,14442
202108,7호선,남구로,15250,16226,31476
202108,7호선,가산디지털단지,44479,42841,87320
202108,7호선,철산,18826,19748,38574
202108,7호선,광명사거리,19756,19584,39340
202108,7호선,천왕,10300,9910,20210
202108,7호선,온수,9502,8766,18268
202108,7호선,까치울,7029,6868,13897
202108,7호선,부천종합운동장,4256,3756,8012
202108,7호선,춘의,9089,9078,18167
202108,7호선,신중동,12697,12701,25398
202108,7호선,부천시청,11431,11446,22877
202108,7호선,상동,11402,11976,23378
202108,7호선,삼산체육관,4757,4417,9174
202108,7호선,굴포천,8178,8730,16908
202108,7호선,부평구청,6879,6111,12990
202109,7호선,장암,2099,829,2928
202109,7호선,도봉산,8565,9797,18362
202109,7호선,수락산,11707,11761,23468
202109,7호선,마들,11894,11416,23310
202109,7호선,노원,17618,18618,36236
202109,7호선,중계,13347,12385,25732
202109,7호선,하계,16494,15623,32117
202109,7호선,공릉,10691,10753,21444
202109,7호선,태릉입구,7367,7045,14412
202109,7호선,먹골,9390,9383,18773
202109,7호선,중화,10292,10147,20439
202109,7호선,상봉,15441,14472,29913
202109,7호선,면목,14315,14171,28486
202109,7호선,사가정,15257,15119,30376
202109,7호선,용마산,5666,5541,11207
202109,7호선,중곡,9557,8585,18142
202109,7호선,군자,13425,10990,24415
202109,7호선,어린이대공원,10917,10755,21672
202109,7호선,건대입구,10737,10824,21561
202109,7호선,뚝섬유원지,7298,7123,14421
202109,7호선,청담,17922,19538,37460
202109,7호선,강남구청,15750,17058,32808
202109,7호선,학동,22583,23724,46307
202109,7호선,논현,18614,19925,38539
202109,7호선,반포,5327,5120,10447
202109,7호선,고속터미널,12698,11379,24077
202109,7호선,내방,13583,13822,27405
202109,7호선,이수,14096,13849,27945
202109,7호선,남성,10335,9496,19831
202109,7호선,숭실대입구,11058,11382,22440
202109,7호선,상도,9649,9371,19020
202109,7호선,장승배기,8952,8797,17749
202109,7호선,신대방삼거리,15220,14715,29935
202109,7호선,보라매,9186,9281,18467
202109,7호선,신풍,10716,10389,21105
202109,7호선,대림,7457,7111,14568
202109,7호선,남구로,15410,15926,31336
202109,7호선,가산디지털단지,43995,43983,87978
202109,7호선,철산,19757,20548,40305
202109,7호선,광명사거리,21082,20494,41576
202109,7호선,천왕,10675,10286,20961
202109,7호선,온수,9893,8941,18834
202109,7호선,까치울,7295,7053,14348
202109,7호선,부천종합운동장,4485,3890,8375
202109,7호선,춘의,9392,9397,18789
202109,7호선,신중동,13035,13134,26169
202109,7호선,부천시청,11909,11804,23713
202109,7호선,상동,11845,12497,24342
202109,7호선,삼산체육관,4928,4532,9460
202109,7호선,굴포천,8486,8920,17406
202109,7호선,부평구청,7125,6284,13409
202109,7호선,용마산,5774,5681,11455
202109,7호선,부평구청,7173,6398,13571
202109,7호선,굴포천,8456,8886,17342
202109,7호선,삼산체육관,5002,4539,9541
202109,7호선,상동,12078,12662,24740
202109,7호선,부천시청,11857,11813,23670
202109,7호선,신중동,13183,13329,26512
202109,7호선,춘의,9342,9246,18588
202109,7호선,부천종합운동장,4626,4136,8762
202109,7호선,까치울,7364,7145,14509
202109,7호선,온수,9985,9049,19034
202109,7호선,천왕,10814,10258,21072
202109,7호선,광명사거리,21313,21042,42355
202109,7호선,철산,19725,20296,40021
202109,7호선,가산디지털단지,44184,44245,88429
202109,7호선,남구로,15355,16087,31442
202109,7호선,대림,7364,7230,14594
202109,7호선,신풍,10946,10458,21404
202109,7호선,보라매,9312,9209,18521
202109,7호선,신대방삼거리,15541,14814,30355
202109,7호선,장승배기,8964,8792,17756
202109,7호선,상도,9719,9477,19196
202109,7호선,숭실대입구,10903,11092,21995
202109,7호선,남성,10406,9668,20074
202109,7호선,이수,14345,14013,28358
202109,7호선,내방,13637,13924,27561
202109,7호선,고속터미널,13013,11731,24744
202109,7호선,반포,5383,5141,10524
202109,7호선,논현,18681,20202,38883
202109,7호선,학동,22740,23847,46587
202109,7호선,강남구청,15477,16889,32366
202109,7호선,청담,17902,19583,37485
202109,7호선,뚝섬유원지,7754,7385,15139
202109,7호선,건대입구,10683,10838,21521
202109,7호선,어린이대공원,11016,10979,21995
202109,7호선,군자,13595,11025,24620
202109,7호선,중곡,9383,8765,18148
202109,7호선,사가정,15361,15372,30733
202109,7호선,면목,14561,14277,28838
202109,7호선,상봉,15575,14761,30336
202109,7호선,중화,10321,10117,20438
202109,7호선,먹골,9472,9318,18790
202109,7호선,태릉입구,7787,7425,15212
202109,7호선,공릉,10674,10915,21589
202109,7호선,하계,16458,15610,32068
202109,7호선,중계,13474,12279,25753
202109,7호선,노원,17560,18730,36290
202109,7호선,마들,12029,11626,23655
202109,7호선,수락산,12129,12260,24389
202109,7호선,도봉산,8832,10294,19126
202109,7호선,장암,2138,879,3017
202109,7호선,부평구청,7405,6530,13935
202109,7호선,굴포천,8492,9190,17682
202109,7호선,삼산체육관,5140,4711,9851
202109,7호선,상동,12423,13263,25686
202109,7호선,부천시청,12645,12582,25227
202109,7호선,신중동,13746,13898,27644
202109,7호선,춘의,9597,9322,18919
202109,7호선,부천종합운동장,4805,4232,9037
202109,7호선,까치울,7683,7449,15132
202109,7호선,온수,9964,9078,19042
202109,7호선,천왕,10857,10266,21123
202109,7호선,광명사거리,21847,21615,43462
202109,7호선,철산,20479,21153,41632
202109,7호선,가산디지털단지,43958,43455,87413
202109,7호선,남구로,15201,16013,31214
202109,7호선,대림,7490,7614,15104
202109,7호선,신풍,11212,10706,21918
202109,7호선,보라매,9662,9500,19162
202109,7호선,신대방삼거리,15972,15276,31248
202109,7호선,장승배기,9127,8943,18070
202109,7호선,상도,10215,9752,19967
202109,7호선,숭실대입구,11705,11718,23423
202109,7호선,남성,10737,9743,20480
202109,7호선,이수,14949,14645,29594
202109,7호선,내방,13926,14066,27992
202109,7호선,고속터미널,14607,12745,27352
202109,7호선,반포,5591,5346,10937
202109,7호선,논현,19404,21071,40475
202109,7호선,학동,22296,23576,45872
202109,7호선,강남구청,15960,17271,33231
202109,7호선,청담,18107,19874,37981
202109,7호선,뚝섬유원지,9854,9398,19252
202109,7호선,건대입구,11258,11684,22942
202109,7호선,어린이대공원,11833,11582,23415
202109,7호선,군자,14205,11528,25733
202109,7호선,중곡,9714,8934,18648
202109,7호선,용마산,5889,5769,11658
202109,7호선,사가정,15728,15689,31417
202109,7호선,면목,14898,14755,29653
202109,7호선,상봉,16234,15446,31680
202109,7호선,중화,10672,10415,21087
202109,7호선,먹골,9815,9519,19334
202109,7호선,태릉입구,8202,7627,15829
202109,7호선,공릉,11350,11203,22553
202109,7호선,하계,16631,15786,32417
202109,7호선,중계,13904,12408,26312
202109,7호선,노원,18820,20428,39248
202109,7호선,마들,12251,11683,23934
202109,7호선,수락산,12504,12347,24851
202109,7호선,도봉산,8843,10321,19164
202109,7호선,장암,2230,990,3220
202109,7호선,건대입구,11001,11257,22258
202109,7호선,장암,2156,847,3003
202109,7호선,도봉산,8707,10178,18885
202109,7호선,수락산,12145,12200,24345
202109,7호선,마들,12163,11717,23880
202109,7호선,노원,18104,18972,37076
202109,7호선,중계,13592,12767,26359
202109,7호선,하계,16474,15805,32279
202109,7호선,공릉,11046,11115,22161
202109,7호선,태릉입구,7656,7303,14959
202109,7호선,먹골,9586,9506,19092
202109,7호선,중화,10492,10426,20918
202109,7호선,상봉,15509,14518,30027
202109,7호선,면목,14629,14557,29186
202109,7호선,사가정,15523,15588,31111
202109,7호선,용마산,5797,5799,11596
202109,7호선,중곡,9761,9258,19019
202109,7호선,군자,13669,11501,25170
202109,7호선,어린이대공원,11254,11226,22480
202109,7호선,뚝섬유원지,6777,6754,13531
202109,7호선,청담,17398,19366,36764
202109,7호선,강남구청,14936,16402,31338
202109,7호선,학동,23103,24116,47219
202109,7호선,논현,18800,20738,39538
202109,7호선,반포,5442,5217,10659
202109,7호선,고속터미널,14104,11858,25962
202109,7호선,내방,13849,14046,27895
202109,7호선,이수,14137,13975,28112
202109,7호선,남성,10587,10015,20602
202109,7호선,숭실대입구,11238,11780,23018
202109,7호선,장승배기,9148,9008,18156
202109,7호선,신대방삼거리,15590,15279,30869
202109,7호선,보라매,9278,9423,18701
202109,7호선,신풍,10940,10601,21541
202109,7호선,대림,7696,7571,15267
202109,7호선,남구로,15792,16710,32502
202109,7호선,가산디지털단지,46356,44948,91304
202109,7호선,철산,20031,20629,40660
202109,7호선,광명사거리,21081,20987,42068
202109,7호선,천왕,10918,10584,21502
202109,7호선,온수,10269,9407,19676
202109,7호선,까치울,7265,7092,14357
202109,7호선,부천종합운동장,4619,4173,8792
202109,7호선,춘의,9686,9622,19308
202109,7호선,신중동,13202,13179,26381
202109,7호선,부천시청,11926,11961,23887
202109,7호선,상동,12058,12427,24485
202109,7호선,삼산체육관,5085,4702,9787
202109,7호선,굴포천,8513,8936,17449
202109,7호선,부평구청,7181,6354,13535
202109,7호선,상도,9999,9848,19847
202109,7호선,장암,1992,725,2717
202109,7호선,도봉산,7992,9063,17055
202109,7호선,수락산,11355,11408,22763
202109,7호선,마들,11542,11176,22718
202109,7호선,노원,16998,17748,34746
202109,7호선,중계,13143,12180,25323
202109,7호선,하계,16144,15379,31523
202109,7호선,공릉,10424,10504,20928
202109,7호선,태릉입구,7321,6860,14181
202109,7호선,먹골,9192,9045,18237
202109,7호선,중화,10258,10162,20420
202109,7호선,상봉,14998,13947,28945
202109,7호선,면목,13962,13899,27861
202109,7호선,사가정,14792,14932,29724
202109,7호선,용마산,5691,5526,11217
202109,7호선,중곡,9635,9044,18679
202109,7호선,군자,13428,11123,24551
202109,7호선,어린이대공원,10916,10779,21695
202109,7호선,건대입구,10589,10708,21297
202109,7호선,뚝섬유원지,6355,6367,12722
202109,7호선,청담,17476,19094,36570
202109,7호선,강남구청,15186,16518,31704
202109,7호선,학동,22819,23811,46630
202109,7호선,논현,18402,19927,38329
202109,7호선,반포,5208,4948,10156
202109,7호선,고속터미널,13061,11336,24397
202109,7호선,내방,13431,13787,27218
202109,7호선,이수,14126,13798,27924
202109,7호선,남성,10346,9708,20054
202109,7호선,숭실대입구,11040,11297,22337
202109,7호선,상도,9626,9368,18994
202109,7호선,장승배기,8635,8542,17177
202109,7호선,신대방삼거리,15118,14708,29826
202109,7호선,보라매,9057,9072,18129
202109,7호선,신풍,10733,10365,21098
202109,7호선,대림,7337,7257,14594
202109,7호선,남구로,15320,15889,31209
202109,7호선,가산디지털단지,44840,44304,89144
202109,7호선,철산,19197,19847,39044
202109,7호선,광명사거리,20205,19887,40092
202109,7호선,천왕,10684,10303,20987
202109,7호선,온수,9802,8947,18749
202109,7호선,까치울,7027,6790,13817
202109,7호선,부천종합운동장,4190,3681,7871
202109,7호선,춘의,9563,9241,18804
202109,7호선,신중동,12801,12798,25599
202109,7호선,부천시청,11564,11527,23091
202109,7호선,상동,11514,12081,23595
202109,7호선,삼산체육관,4882,4618,9500
202109,7호선,굴포천,8384,8866,17250
202109,7호선,부평구청,6870,6189,13059
202109,7호선,장암,2311,977,3288
202109,7호선,도봉산,8809,10381,19190
202109,7호선,수락산,12414,12311,24725
202109,7호선,마들,12394,11841,24235
202109,7호선,노원,18422,19376,37798
202109,7호선,중계,13844,12902,26746
202109,7호선,하계,17473,16681,34154
202109,7호선,공릉,11260,11160,22420
202109,7호선,태릉입구,8016,7589,15605
202109,7호선,먹골,9763,9612,19375
202109,7호선,중화,10716,10517,21233
202109,7호선,상봉,16203,15237,31440
202109,7호선,면목,14910,14857,29767
202109,7호선,사가정,15780,15759,31539
202109,7호선,용마산,5901,5807,11708
202109,7호선,중곡,10040,9258,19298
202109,7호선,군자,14078,11508,25586
202109,7호선,어린이대공원,11535,11462,22997
202109,7호선,건대입구,10915,11101,22016
202109,7호선,뚝섬유원지,8985,8816,17801
202109,7호선,청담,18217,20148,38365
202109,7호선,강남구청,15800,17292,33092
202109,7호선,학동,23068,24435,47503
202109,7호선,논현,19452,20711,40163
202109,7호선,반포,5657,5393,11050
202109,7호선,고속터미널,13496,12091,25587
202109,7호선,내방,13911,14281,28192
202109,7호선,이수,14807,14436,29243
202109,7호선,남성,10806,9947,20753
202109,7호선,숭실대입구,11711,12013,23724
202109,7호선,상도,10199,9806,20005
202109,7호선,장승배기,9226,8954,18180
202109,7호선,신대방삼거리,15725,15246,30971
202109,7호선,보라매,9482,9402,18884
202109,7호선,신풍,11284,10894,22178
202109,7호선,대림,7417,7290,14707
202109,7호선,남구로,15509,16420,31929
202109,7호선,가산디지털단지,45434,45425,90859
202109,7호선,철산,20645,21220,41865
202109,7호선,광명사거리,21554,21270,42824
202109,7호선,천왕,11304,10686,21990
202109,7호선,온수,10291,9388,19679
202109,7호선,까치울,7625,7294,14919
202109,7호선,부천종합운동장,4535,4158,8693
202109,7호선,춘의,9814,9683,19497
202109,7호선,신중동,13498,13510,27008
202109,7호선,부천시청,12282,12161,24443
202109,7호선,상동,12256,12888,25144
202109,7호선,삼산체육관,5267,4787,10054
202109,7호선,굴포천,8765,9100,17865
202109,7호선,부평구청,7338,6538,13876
202109,7호선,상동,11989,12626,24615
202109,7호선,삼산체육관,5251,4860,10111
202109,7호선,굴포천,8569,9118,17687
202109,7호선,부평구청,7293,6480,13773
202109,7호선,장암,2231,953,3184
202109,7호선,도봉산,8911,10342,19253
202109,7호선,수락산,12560,12384,24944
202109,7호선,마들,12278,11733,24011
202109,7호선,노원,17856,19103,36959
202109,7호선,중계,13683,12545,26228
202109,7호선,하계,16735,16001,32736
202109,7호선,공릉,11208,11080,22288
202109,7호선,태릉입구,7948,7606,15554
202109,7호선,먹골,9577,9314,18891
202109,7호선,중화,10348,10358,20706
202109,7호선,상봉,16087,15305,31392
202109,7호선,면목,14781,14557,29338
202109,7호선,사가정,15735,15734,31469
202109,7호선,용마산,5980,5798,11778
202109,7호선,중곡,9852,9262,19114
202109,7호선,군자,13933,11407,25340
202109,7호선,어린이대공원,11765,11584,23349
202109,7호선,건대입구,11111,11393,22504
202109,7호선,뚝섬유원지,8791,8529,17320
202109,7호선,청담,18265,20043,38308
202109,7호선,강남구청,15609,16910,32519
202109,7호선,학동,22854,24013,46867
202109,7호선,논현,18844,20377,39221
202109,7호선,반포,5516,5222,10738
202109,7호선,고속터미널,13490,11993,25483
202109,7호선,내방,13947,14105,28052
202109,7호선,이수,14597,14310,28907
202109,7호선,남성,10680,9803,20483
202109,7호선,숭실대입구,11372,11710,23082
202109,7호선,상도,10096,9742,19838
202109,7호선,장승배기,9118,8764,17882
202109,7호선,신대방삼거리,15793,15232,31025
202109,7호선,보라매,9540,9407,18947
202109,7호선,신풍,11210,10691,21901
202109,7호선,대림,7323,7184,14507
202109,7호선,남구로,15549,16419,31968
202109,7호선,가산디지털단지,44170,44220,88390
202109,7호선,철산,20213,20635,40848
202109,7호선,광명사거리,21498,21159,42657
202109,7호선,천왕,11171,10766,21937
202109,7호선,온수,10489,9406,19895
202109,7호선,까치울,7615,7363,14978
202109,7호선,부천종합운동장,4803,4300,9103
202109,7호선,춘의,9497,9489,18986
202109,7호선,신중동,13257,13342,26599
202109,7호선,부천시청,12249,12297,24546
202109,7호선,부평구청,7379,6626,14005
202109,7호선,굴포천,8728,9195,17923
202109,7호선,삼산체육관,5257,4786,10043
202109,7호선,상동,12591,13425,26016
202109,7호선,부천시청,12471,12584,25055
202109,7호선,신중동,13714,14049,27763
202109,7호선,춘의,9533,9340,18873
202109,7호선,부천종합운동장,4800,4336,9136
202109,7호선,까치울,7733,7512,15245
202109,7호선,온수,10150,9140,19290
202109,7호선,천왕,11023,10539,21562
202109,7호선,광명사거리,22163,21667,43830
202109,7호선,철산,20684,21553,42237
202109,7호선,가산디지털단지,43098,42785,85883
202109,7호선,남구로,15088,15985,31073
202109,7호선,대림,7363,7484,14847
202109,7호선,신풍,11186,10644,21830
202109,7호선,보라매,9569,9228,18797
202109,7호선,신대방삼거리,15969,15112,31081
202109,7호선,장승배기,9268,9151,18419
202109,7호선,상도,10353,9869,20222
202109,7호선,숭실대입구,11888,11916,23804
202109,7호선,남성,10854,9885,20739
202109,7호선,이수,15080,14807,29887
202109,7호선,내방,14055,14126,28181
202109,7호선,고속터미널,15148,13015,28163
202109,7호선,반포,5814,5505,11319
202109,7호선,논현,19206,20996,40202
202109,7호선,학동,22024,23271,45295
202109,7호선,강남구청,15669,17110,32779
202109,7호선,청담,17985,19806,37791
202109,7호선,뚝섬유원지,9394,9111,18505
202109,7호선,어린이대공원,11985,11585,23570
202109,7호선,먹골,9940,9657,19597
202109,7호선,태릉입구,8272,7648,15920
202109,7호선,공릉,11778,11628,23406
202109,7호선,하계,16899,15834,32733
202109,7호선,중계,13747,12369,26116
202109,7호선,노원,19085,20498,39583
202109,7호선,마들,12532,11813,24345
202109,7호선,수락산,12703,12541,25244
202109,7호선,도봉산,8771,10241,19012
202109,7호선,장암,2143,980,3123
202109,7호선,건대입구,11581,11909,23490
202109,7호선,군자,14125,11523,25648
202109,7호선,중곡,10163,9324,19487
202109,7호선,용마산,5990,5777,11767
202109,7호선,사가정,15944,16067,32011
202109,7호선,면목,15233,14863,30096
202109,7호선,상봉,16424,15711,32135
202109,7호선,중화,10740,10480,21220
202109,7호선,강남구청,15241,16455,31696
202109,7호선,청담,17939,19773,37712
202109,7호선,뚝섬유원지,8194,8025,16219
202109,7호선,어린이대공원,11154,11042,22196
202109,7호선,군자,13903,11462,25365
202109,7호선,중곡,10016,9266,19282
202109,7호선,용마산,5870,5816,11686
202109,7호선,사가정,15840,15748,31588
202109,7호선,면목,14795,14551,29346
202109,7호선,상봉,16143,15373,31516
202109,7호선,중화,10780,10541,21321
202109,7호선,먹골,9656,9416,19072
202109,7호선,태릉입구,8017,7521,15538
202109,7호선,공릉,11174,11272,22446
202109,7호선,하계,16719,15795,32514
202109,7호선,중계,13680,12633,26313
202109,7호선,노원,18288,19319,37607
202109,7호선,마들,12151,11609,23760
202109,7호선,수락산,12309,12213,24522
202109,7호선,도봉산,8743,10039,18782
202109,7호선,장암,2277,900,3177
202109,7호선,건대입구,11225,11603,22828
202109,7호선,부평구청,7334,6591,13925
202109,7호선,굴포천,8667,9190,17857
202109,7호선,삼산체육관,5248,4809,10057
202109,7호선,상동,12249,12768,25017
202109,7호선,부천시청,12256,12066,24322
202109,7호선,신중동,13644,13731,27375
202109,7호선,춘의,9638,9749,19387
202109,7호선,부천종합운동장,4814,4207,9021
202109,7호선,까치울,7576,7302,14878
202109,7호선,온수,10497,9435,19932
202109,7호선,천왕,11089,10630,21719
202109,7호선,광명사거리,21711,21441,43152
202109,7호선,철산,20345,20802,41147
202109,7호선,가산디지털단지,45253,45179,90432
202109,7호선,남구로,15711,16348,32059
202109,7호선,대림,7518,7333,14851
202109,7호선,신풍,11260,10801,22061
202109,7호선,보라매,9680,9684,19364
202109,7호선,신대방삼거리,15867,15401,31268
202109,7호선,장승배기,9297,9098,18395
202109,7호선,상도,10011,9965,19976
202109,7호선,숭실대입구,11470,11938,23408
202109,7호선,남성,10633,9909,20542
202109,7호선,이수,14702,14375,29077
202109,7호선,내방,14160,14432,28592
202109,7호선,고속터미널,14548,12238,26786
202109,7호선,반포,5587,5313,10900
202109,7호선,논현,19474,20974,40448
202109,7호선,학동,23172,24388,47560
202109,7호선,장암,2289,937,3226
202109,7호선,도봉산,8766,10191,18957
202109,7호선,수락산,12646,12414,25060
202109,7호선,마들,12313,11610,23923
202109,7호선,노원,18345,19272,37617
202109,7호선,중계,13769,12825,26594
202109,7호선,하계,16998,15845,32843
202109,7호선,공릉,11256,11261,22517
202109,7호선,태릉입구,7904,7612,15516
202109,7호선,먹골,9627,9526,19153
202109,7호선,중화,10781,10592,21373
202109,7호선,상봉,16317,15354,31671
202109,7호선,면목,14840,14612,29452
202109,7호선,사가정,15873,15793,31666
202109,7호선,용마산,5972,5757,11729
202109,7호선,중곡,10032,9324,19356
202109,7호선,군자,13978,11622,25600
202109,7호선,어린이대공원,11618,11421,23039
202109,7호선,건대입구,11305,11637,22942
202109,7호선,뚝섬유원지,8650,8358,17008
202109,7호선,청담,18445,20231,38676
202109,7호선,강남구청,16068,17459,33527
202109,7호선,학동,23389,24430,47819
202109,7호선,논현,19731,21437,41168
202109,7호선,반포,5632,5368,11000
202109,7호선,고속터미널,14174,12452,26626
202109,7호선,내방,14222,14476,28698
202109,7호선,이수,14898,14587,29485
202109,7호선,남성,10796,10040,20836
202109,7호선,숭실대입구,11621,11876,23497
202109,7호선,상도,10322,9901,20223
202109,7호선,장승배기,9369,9181,18550
202109,7호선,신대방삼거리,15886,15236,31122
202109,7호선,보라매,9644,9769,19413
202109,7호선,신풍,11249,10849,22098
202109,7호선,대림,7409,7483,14892
202109,7호선,남구로,15589,16603,32192
202109,7호선,가산디지털단지,45151,45181,90332
202109,7호선,철산,20462,20976,41438
202109,7호선,광명사거리,21933,21579,43512
202109,7호선,천왕,11340,10807,22147
202109,7호선,온수,10392,9365,19757
202109,7호선,까치울,7569,7369,14938
202109,7호선,부천종합운동장,4754,4121,8875
202109,7호선,춘의,9699,9557,19256
202109,7호선,신중동,13588,13845,27433
202109,7호선,부천시청,12384,12210,24594
202109,7호선,상동,12228,12849,25077
202109,7호선,삼산체육관,5204,4821,10025
202109,7호선,굴포천,8692,9164,17856
202109,7호선,부평구청,7268,6607,13875
202109,7호선,장암,2304,913,3217
202109,7호선,도봉산,8931,10286,19217
202109,7호선,수락산,12750,12613,25363
202109,7호선,마들,12662,12134,24796
202109,7호선,노원,18652,19747,38399
202109,7호선,중계,13926,12930,26856
202109,7호선,하계,17708,16776,34484
202109,7호선,공릉,11524,11402,22926
202109,7호선,태릉입구,8079,7734,15813
202109,7호선,먹골,9824,9695,19519
202109,7호선,중화,10815,10663,21478
202109,7호선,상봉,16488,15650,32138
202109,7호선,면목,15197,14967,30164
202109,7호선,사가정,15990,15977,31967
202109,7호선,용마산,6081,5929,12010
202109,7호선,중곡,10129,9437,19566
202109,7호선,군자,14329,11808,26137
202109,7호선,어린이대공원,11885,11602,23487
202109,7호선,건대입구,11586,11902,23488
202109,7호선,뚝섬유원지,9192,9020,18212
202109,7호선,청담,18929,20567,39496
202109,7호선,강남구청,16224,17587,33811
202109,7호선,학동,23876,24809,48685
202109,7호선,논현,20077,21387,41464
202109,7호선,반포,5864,5608,11472
202109,7호선,고속터미널,13995,12430,26425
202109,7호선,내방,14423,14769,29192
202109,7호선,이수,15127,14871,29998
202109,7호선,남성,10938,10197,21135
202109,7호선,숭실대입구,11985,12270,24255
202109,7호선,상도,10439,9998,20437
202109,7호선,장승배기,9469,9237,18706
202109,7호선,신대방삼거리,16084,15420,31504
202109,7호선,보라매,9925,9751,19676
202109,7호선,신풍,11381,10998,22379
202109,7호선,대림,7394,7382,14776
202109,7호선,남구로,15808,16616,32424
202109,7호선,가산디지털단지,45452,45447,90899
202109,7호선,철산,20888,21550,42438
202109,7호선,광명사거리,22160,21784,43944
202109,7호선,천왕,11554,10987,22541
202109,7호선,온수,10496,9365,19861
202109,7호선,까치울,7783,7453,15236
202109,7호선,부천종합운동장,4725,4181,8906
202109,7호선,춘의,9691,9571,19262
202109,7호선,신중동,13823,13880,27703
202109,7호선,부천시청,12507,12651,25158
202109,7호선,상동,12508,13087,25595
202109,7호선,삼산체육관,5375,4935,10310
202109,7호선,굴포천,8766,9262,18028
202109,7호선,부평구청,7489,6701,14190
202109,7호선,장암,2294,987,3281
202109,7호선,도봉산,8950,10492,19442
202109,7호선,수락산,12710,12537,25247
202109,7호선,마들,12677,12056,24733
202109,7호선,노원,18509,19645,38154
202109,7호선,중계,14056,12744,26800
202109,7호선,하계,17279,16038,33317
202109,7호선,공릉,11617,11249,22866
202109,7호선,태릉입구,8169,7804,15973
202109,7호선,먹골,9812,9484,19296
202109,7호선,중화,10734,10558,21292
202109,7호선,상봉,16452,15767,32219
202109,7호선,면목,15191,15002,30193
202109,7호선,사가정,15884,15991,31875
202109,7호선,용마산,6005,5897,11902
202109,7호선,중곡,10284,9559,19843
202109,7호선,군자,14327,11695,26022
202109,7호선,어린이대공원,12059,11758,23817
202109,7호선,건대입구,11730,11976,23706
202109,7호선,뚝섬유원지,8915,8606,17521
202109,7호선,청담,18760,20686,39446
202109,7호선,강남구청,15987,17316,33303
202109,7호선,학동,23536,24779,48315
202109,7호선,논현,19820,21499,41319
202109,7호선,반포,5817,5534,11351
202109,7호선,고속터미널,13847,13103,26950
202109,7호선,내방,14485,14638,29123
202109,7호선,이수,15159,14508,29667
202109,7호선,남성,10766,9922,20688
202109,7호선,숭실대입구,11883,11940,23823
202109,7호선,상도,10428,9886,20314
202109,7호선,장승배기,9330,8992,18322
202109,7호선,신대방삼거리,16111,15345,31456
202109,7호선,보라매,9692,9704,19396
202109,7호선,신풍,11495,10904,22399
202109,7호선,대림,7565,7563,15128
202109,7호선,남구로,15653,16738,32391
202109,7호선,가산디지털단지,45083,44920,90003
202109,7호선,철산,20733,21334,42067
202109,7호선,광명사거리,22259,21911,44170
202109,7호선,천왕,11382,10866,22248
202109,7호선,온수,10471,9439,19910
202109,7호선,까치울,7633,7228,14861
202109,7호선,부천종합운동장,4633,4172,8805
202109,7호선,춘의,9671,9510,19181
202109,7호선,신중동,13632,13757,27389
202109,7호선,부천시청,12487,12399,24886
202109,7호선,상동,12280,13122,25402
202109,7호선,삼산체육관,5234,4814,10048
202109,7호선,굴포천,8800,9217,18017
202109,7호선,부평구청,7346,6531,13877
202109,7호선,장암,2183,965,3148
202109,7호선,도봉산,8812,10086,18898
202109,7호선,수락산,12936,12509,25445
202109,7호선,마들,12574,11903,24477
202109,7호선,노원,19721,21475,41196
202109,7호선,중계,13984,12551,26535
202109,7호선,하계,17477,16115,33592
202109,7호선,공릉,12285,11562,23847
202109,7호선,태릉입구,8206,7731,15937
202109,7호선,먹골,10309,9842,20151
202109,7호선,중화,10984,10473,21457
202109,7호선,상봉,16739,16001,32740
202109,7호선,면목,15509,15015,30524
202109,7호선,사가정,16105,16059,32164
202109,7호선,용마산,6094,5732,11826
202109,7호선,중곡,10373,9389,19762
202109,7호선,군자,14627,11509,26136
202109,7호선,어린이대공원,12267,11448,23715
202109,7호선,건대입구,12252,12424,24676
202109,7호선,뚝섬유원지,10129,9828,19957
202109,7호선,청담,17737,19614,37351
202109,7호선,강남구청,15870,17155,33025
202109,7호선,학동,21861,23097,44958
202109,7호선,논현,19328,20854,40182
202109,7호선,반포,6051,5708,11759
202109,7호선,고속터미널,15471,16340,31811
202109,7호선,내방,14078,14243,28321
202109,7호선,이수,15453,14890,30343
202109,7호선,남성,10924,9736,20660
202109,7호선,숭실대입구,12084,11510,23594
202109,7호선,상도,10627,9874,20501
202109,7호선,장승배기,9507,9083,18590
202109,7호선,신대방삼거리,16359,15024,31383
202109,7호선,보라매,9808,9361,19169
202109,7호선,신풍,11573,10765,22338
202109,7호선,대림,8363,8488,16851
202109,7호선,남구로,15487,16332,31819
202109,7호선,가산디지털단지,42825,41503,84328
202109,7호선,철산,21436,22240,43676
202109,7호선,광명사거리,23116,22916,46032
202109,7호선,천왕,11324,10618,21942
202109,7호선,온수,10240,9204,19444
202109,7호선,까치울,7701,7484,15185
202109,7호선,부천종합운동장,4587,4016,8603
202109,7호선,춘의,9441,9350,18791
202109,7호선,신중동,13991,14055,28046
202109,7호선,부천시청,12958,12993,25951
202109,7호선,상동,12605,13462,26067
202109,7호선,삼산체육관,5268,4877,10145
202109,7호선,굴포천,8794,9336,18130
202109,7호선,부평구청,7393,6724,14117
202109,7호선,사가정,6520,6307,12827
202109,7호선,장암,786,635,1421
202109,7호선,도봉산,3454,4954,8408
202109,7호선,수락산,5427,5528,10955
202109,7호선,마들,4717,4333,9050
202109,7호선,노원,6581,7048,13629
202109,7호선,중계,4908,4411,9319
202109,7호선,하계,6167,5712,11879
202109,7호선,공릉,4215,4109,8324
202109,7호선,태릉입구,3029,2804,5833
202109,7호선,먹골,3764,3571,7335
202109,7호선,중화,3922,3689,7611
202109,7호선,상봉,6315,6119,12434
202109,7호선,면목,5998,5902,11900
202109,7호선,용마산,2298,2485,4783
202109,7호선,중곡,3529,3304,6833
202109,7호선,군자,4974,3695,8669
202109,7호선,어린이대공원,4859,4257,9116
202109,7호선,건대입구,4657,4844,9501
202109,7호선,뚝섬유원지,6723,6005,12728
202109,7호선,청담,3588,3626,7214
202109,7호선,강남구청,2758,2755,5513
202109,7호선,학동,2577,2463,5040
202109,7호선,논현,3970,3879,7849
202109,7호선,반포,2067,2042,4109
202109,7호선,고속터미널,7411,6107,13518
202109,7호선,내방,3456,3108,6564
202109,7호선,이수,5225,4685,9910
202109,7호선,남성,3609,3231,6840
202109,7호선,숭실대입구,3836,3544,7380
202109,7호선,상도,3371,2930,6301
202109,7호선,장승배기,3419,3132,6551
202109,7호선,신대방삼거리,5503,4903,10406
202109,7호선,보라매,2753,2494,5247
202109,7호선,신풍,4217,4026,8243
202109,7호선,대림,6883,6792,13675
202109,7호선,남구로,5580,5506,11086
202109,7호선,가산디지털단지,8072,6928,15000
202109,7호선,철산,7315,7252,14567
202109,7호선,광명사거리,10353,10656,21009
202109,7호선,천왕,3578,3456,7034
202109,7호선,온수,2937,2915,5852
202109,7호선,까치울,2701,2778,5479
202109,7호선,부천종합운동장,1900,1757,3657
202109,7호선,춘의,2685,2695,5380
202109,7호선,신중동,4098,3966,8064
202109,7호선,부천시청,4464,4306,8770
202109,7호선,상동,4531,4572,9103
202109,7호선,삼산체육관,1626,1558,3184
202109,7호선,굴포천,3309,3510,6819
202109,7호선,부평구청,2575,2435,5010
202109,7호선,신풍,3540,3698,7238
202109,7호선,장암,712,409,1121
202109,7호선,도봉산,2896,3640,6536
202109,7호선,수락산,4391,4170,8561
202109,7호선,마들,4227,4140,8367
202109,7호선,노원,5031,5458,10489
202109,7호선,중계,4463,4260,8723
202109,7호선,하계,4941,4775,9716
202109,7호선,공릉,3434,3827,7261
202109,7호선,태릉입구,2611,2517,5128
202109,7호선,먹골,3184,3243,6427
202109,7호선,중화,3327,3443,6770
202109,7호선,상봉,5114,5116,10230
202109,7호선,면목,5077,5375,10452
202109,7호선,사가정,5315,5396,10711
202109,7호선,용마산,1945,2150,4095
202109,7호선,중곡,2830,3067,5897
202109,7호선,군자,4195,3781,7976
202109,7호선,어린이대공원,3588,4276,7864
202109,7호선,건대입구,3699,4116,7815
202109,7호선,뚝섬유원지,5059,4718,9777
202109,7호선,청담,2590,2693,5283
202109,7호선,강남구청,1745,2104,3849
202109,7호선,학동,1886,2059,3945
202109,7호선,논현,2612,3014,5626
202109,7호선,반포,1252,1077,2329
202109,7호선,고속터미널,14623,3875,18498
202109,7호선,내방,2327,2598,4925
202109,7호선,이수,3701,3933,7634
202109,7호선,남성,2901,3160,6061
202109,7호선,숭실대입구,2908,3671,6579
202109,7호선,상도,2656,2992,5648
202109,7호선,장승배기,2806,3118,5924
202109,7호선,신대방삼거리,4315,4999,9314
202109,7호선,보라매,2233,2378,4611
202109,7호선,대림,5141,5180,10321
202109,7호선,남구로,4876,5014,9890
202109,7호선,가산디지털단지,5806,5505,11311
202109,7호선,철산,5765,5998,11763
202109,7호선,광명사거리,7347,7347,14694
202109,7호선,천왕,2748,2837,5585
202109,7호선,온수,2436,2504,4940
202109,7호선,까치울,2290,2438,4728
202109,7호선,부천종합운동장,1547,1309,2856
202109,7호선,춘의,2249,2254,4503
202109,7호선,신중동,3333,3541,6874
202109,7호선,부천시청,3155,3295,6450
202109,7호선,상동,3294,3174,6468
202109,7호선,삼산체육관,1514,1334,2848
202109,7호선,굴포천,2948,2960,5908
202109,7호선,부평구청,2316,2002,4318
202109,7호선,천왕,3833,3813,7646
202109,7호선,온수,3116,3375,6491
202109,7호선,까치울,3555,3425,6980
202109,7호선,부천종합운동장,2245,1974,4219
202109,7호선,춘의,3002,2677,5679
202109,7호선,신중동,5362,5378,10740
202109,7호선,부천시청,5860,5864,11724
202109,7호선,상동,5689,5535,11224
202109,7호선,삼산체육관,2235,1921,4156
202109,7호선,굴포천,3971,3982,7953
202109,7호선,부평구청,3123,2693,5816
202109,7호선,장암,1100,755,1855
202109,7호선,도봉산,4716,6196,10912
202109,7호선,수락산,6717,6469,13186
202109,7호선,마들,5264,5218,10482
202109,7호선,노원,9497,9963,19460
202109,7호선,중계,5639,5158,10797
202109,7호선,하계,7201,6962,14163
202109,7호선,공릉,4841,5580,10421
202109,7호선,태릉입구,3679,3964,7643
202109,7호선,먹골,4281,4431,8712
202109,7호선,중화,4482,4492,8974
202109,7호선,상봉,7584,7437,15021
202109,7호선,면목,6433,6547,12980
202109,7호선,사가정,7145,7192,14337
202109,7호선,용마산,2612,2864,5476
202109,7호선,중곡,3864,4005,7869
202109,7호선,군자,5827,5501,11328
202109,7호선,어린이대공원,5143,6265,11408
202109,7호선,건대입구,6177,6941,13118
202109,7호선,뚝섬유원지,7364,6587,13951
202109,7호선,청담,4128,4545,8673
202109,7호선,강남구청,3406,4002,7408
202109,7호선,학동,3129,3578,6707
202109,7호선,논현,4389,5001,9390
202109,7호선,반포,2520,2192,4712
202109,7호선,고속터미널,22658,6231,28889
202109,7호선,내방,3815,4046,7861
202109,7호선,이수,6079,6215,12294
202109,7호선,남성,4030,4409,8439
202109,7호선,숭실대입구,4173,5250,9423
202109,7호선,상도,3703,4301,8004
202109,7호선,장승배기,3765,4075,7840
202109,7호선,신대방삼거리,5703,6789,12492
202109,7호선,보라매,3029,3496,6525
202109,7호선,신풍,4651,4637,9288
202109,7호선,대림,5729,5398,11127
202109,7호선,남구로,5497,5385,10882
202109,7호선,가산디지털단지,8926,8942,17868
202109,7호선,철산,8589,8535,17124
202109,7호선,광명사거리,9474,9318,18792
202109,7호선,고속터미널,17211,11651,28862
202109,7호선,내방,13340,13444,26784
202109,7호선,이수,13648,13714,27362
202109,7호선,남성,9749,9378,19127
202109,7호선,숭실대입구,10650,11271,21921
202109,7호선,상도,9404,9478,18882
202109,7호선,장승배기,8690,8662,17352
202109,7호선,신대방삼거리,14607,14439,29046
202109,7호선,보라매,8956,8917,17873
202109,7호선,신풍,10578,10074,20652
202109,7호선,대림,7362,7249,14611
202109,7호선,남구로,14908,15420,30328
202109,7호선,가산디지털단지,41027,41041,82068
202109,7호선,철산,19284,19653,38937
202109,7호선,광명사거리,20164,19595,39759
202109,7호선,천왕,10292,9979,20271
202109,7호선,온수,9700,8722,18422
202109,7호선,까치울,7165,6924,14089
202109,7호선,부천종합운동장,4798,4228,9026
202109,7호선,춘의,9066,8998,18064
202109,7호선,신중동,13079,12975,26054
202109,7호선,부천시청,11833,11656,23489
202109,7호선,상동,11594,12240,23834
202109,7호선,삼산체육관,4978,4528,9506
202109,7호선,굴포천,8260,8701,16961
202109,7호선,부평구청,6855,6158,13013
202109,7호선,장암,2297,916,3213
202109,7호선,도봉산,8512,9959,18471
202109,7호선,수락산,11921,11886,23807
202109,7호선,마들,12021,11494,23515
202109,7호선,노원,18229,19087,37316
202109,7호선,중계,12783,11761,24544
202109,7호선,하계,16104,15364,31468
202109,7호선,공릉,10631,11088,21719
202109,7호선,태릉입구,7553,7216,14769
202109,7호선,먹골,9365,9360,18725
202109,7호선,중화,10141,10068,20209
202109,7호선,상봉,15077,14549,29626
202109,7호선,면목,14231,14181,28412
202109,7호선,사가정,14883,14995,29878
202109,7호선,용마산,5659,5530,11189
202109,7호선,중곡,9520,8899,18419
202109,7호선,군자,12966,10979,23945
202109,7호선,어린이대공원,10765,11133,21898
202109,7호선,건대입구,10446,11013,21459
202109,7호선,뚝섬유원지,8626,8367,16993
202109,7호선,청담,17102,18691,35793
202109,7호선,강남구청,15036,16348,31384
202109,7호선,학동,21774,22860,44634
202109,7호선,논현,18866,20195,39061
202109,7호선,반포,5302,5031,10333
202109,7호선,장암,2251,973,3224
202109,7호선,도봉산,8713,10148,18861
202109,7호선,수락산,12598,12506,25104
202109,7호선,마들,12486,11938,24424
202109,7호선,노원,19408,20845,40253
202109,7호선,중계,13362,12003,25365
202109,7호선,하계,16929,15836,32765
202109,7호선,공릉,11411,11564,22975
202109,7호선,태릉입구,7870,7750,15620
202109,7호선,먹골,9671,9379,19050
202109,7호선,중화,10615,10453,21068
202109,7호선,상봉,16153,15510,31663
202109,7호선,면목,14786,14608,29394
202109,7호선,사가정,15922,15728,31650
202109,7호선,용마산,5808,5638,11446
202109,7호선,중곡,9974,9293,19267
202109,7호선,군자,14035,11402,25437
202109,7호선,어린이대공원,11475,11509,22984
202109,7호선,건대입구,11416,11879,23295
202109,7호선,뚝섬유원지,9936,9702,19638
202109,7호선,청담,17682,19502,37184
202109,7호선,강남구청,15652,17096,32748
202109,7호선,학동,21953,23077,45030
202109,7호선,논현,19588,21406,40994
202109,7호선,반포,5723,5285,11008
202109,7호선,고속터미널,15760,12590,28350
202109,7호선,내방,13838,14079,27917
202109,7호선,이수,14947,14727,29674
202109,7호선,남성,10472,9754,20226
202109,7호선,숭실대입구,11360,11588,22948
202109,7호선,상도,10094,9648,19742
202109,7호선,장승배기,9296,9152,18448
202109,7호선,신대방삼거리,15434,14931,30365
202109,7호선,보라매,9416,9371,18787
202109,7호선,신풍,11214,10802,22016
202109,7호선,대림,7323,7398,14721
202109,7호선,남구로,14887,15576,30463
202109,7호선,가산디지털단지,42073,42031,84104
202109,7호선,철산,20347,21168,41515
202109,7호선,광명사거리,21027,20623,41650
202109,7호선,천왕,10814,10173,20987
202109,7호선,온수,10001,8864,18865
202109,7호선,까치울,7504,7309,14813
202109,7호선,부천종합운동장,4966,4448,9414
202109,7호선,춘의,9321,9241,18562
202109,7호선,신중동,13730,13941,27671
202109,7호선,부천시청,12457,12320,24777
202109,7호선,상동,12344,13124,25468
202109,7호선,삼산체육관,5184,4631,9815
202109,7호선,굴포천,8572,9088,17660
202109,7호선,부평구청,7179,6435,13614
202109,7호선,부평구청,7432,6535,13967
202109,7호선,굴포천,8817,9224,18041
202109,7호선,삼산체육관,5205,4784,9989
202109,7호선,상동,12164,12746,24910
202109,7호선,부천시청,12263,12192,24455
202109,7호선,신중동,13841,13697,27538
202109,7호선,춘의,9717,9736,19453
202109,7호선,부천종합운동장,5136,4490,9626
202109,7호선,까치울,7627,7482,15109
202109,7호선,온수,10487,9417,19904
202109,7호선,천왕,11214,10758,21972
202109,7호선,광명사거리,21345,20868,42213
202109,7호선,철산,20445,21006,41451
202109,7호선,가산디지털단지,46287,46231,92518
202109,7호선,남구로,16010,16866,32876
202109,7호선,대림,7614,7459,15073
202109,7호선,신풍,11476,11012,22488
202109,7호선,보라매,9582,9610,19192
202109,7호선,신대방삼거리,15606,15296,30902
202109,7호선,장승배기,9349,9262,18611
202109,7호선,상도,10122,9987,20109
202109,7호선,숭실대입구,11467,11886,23353
202109,7호선,남성,10631,9947,20578
202109,7호선,이수,14296,14274,28570
202109,7호선,내방,14240,14358,28598
202109,7호선,고속터미널,14676,12333,27009
202109,7호선,반포,5601,5315,10916
202109,7호선,논현,19800,21470,41270
202109,7호선,학동,23511,24654,48165
202109,7호선,강남구청,15482,16726,32208
202109,7호선,청담,18324,19915,38239
202109,7호선,뚝섬유원지,7612,7474,15086
202109,7호선,건대입구,10837,11159,21996
202109,7호선,어린이대공원,11196,11178,22374
202109,7호선,군자,13965,11477,25442
202109,7호선,중곡,9982,9293,19275
202109,7호선,용마산,5798,5785,11583
202109,7호선,사가정,15645,15698,31343
202109,7호선,면목,14906,14943,29849
202109,7호선,상봉,15867,15173,31040
202109,7호선,중화,10748,10512,21260
202109,7호선,먹골,9753,9537,19290
202109,7호선,태릉입구,7900,7445,15345
202109,7호선,공릉,11291,11413,22704
202109,7호선,하계,16956,16015,32971
202109,7호선,중계,13907,13040,26947
202109,7호선,노원,18555,19694,38249
202109,7호선,마들,12437,11850,24287
202109,7호선,수락산,12255,12309,24564
202109,7호선,도봉산,9149,10337,19486
202109,7호선,장암,2299,897,3196
202109,7호선,천왕,11236,10819,22055
202109,7호선,광명사거리,21392,20998,42390
202109,7호선,철산,20240,21003,41243
202109,7호선,가산디지털단지,46433,45902,92335
202109,7호선,남구로,15709,16671,32380
202109,7호선,대림,7430,7429,14859
202109,7호선,신풍,11481,11140,22621
202109,7호선,보라매,9671,9650,19321
202109,7호선,신대방삼거리,15854,15313,31167
202109,7호선,장승배기,9138,9064,18202
202109,7호선,상도,10173,9924,20097
202109,7호선,숭실대입구,11440,11870,23310
202109,7호선,남성,10748,10047,20795
202109,7호선,이수,14728,14275,29003
202109,7호선,내방,14272,14463,28735
202109,7호선,고속터미널,14041,12168,26209
202109,7호선,반포,5532,5337,10869
202109,7호선,논현,19583,21193,40776
202109,7호선,학동,23605,24743,48348
202109,7호선,강남구청,16123,17467,33590
202109,7호선,청담,18356,20367,38723
202109,7호선,뚝섬유원지,7213,7180,14393
202109,7호선,건대입구,11227,11423,22650
202109,7호선,어린이대공원,11402,11317,22719
202109,7호선,군자,13983,11660,25643
202109,7호선,중곡,10111,9607,19718
202109,7호선,용마산,5980,5980,11960
202109,7호선,사가정,15856,15827,31683
202109,7호선,면목,15069,14936,30005
202109,7호선,상봉,16041,15203,31244
202109,7호선,중화,10749,10557,21306
202109,7호선,먹골,9697,9677,19374
202109,7호선,부천시청,12140,12027,24167
202109,7호선,태릉입구,8032,7516,15548
202109,7호선,상동,12236,12939,25175
202109,7호선,삼산체육관,5168,4766,9934
202109,7호선,굴포천,8870,9354,18224
202109,7호선,부평구청,7429,6735,14164
202109,7호선,공릉,11511,11423,22934
202109,7호선,하계,17190,16382,33572
202109,7호선,중계,13975,13053,27028
202109,7호선,노원,18444,19311,37755
202109,7호선,마들,12435,12006,24441
202109,7호선,수락산,12359,12494,24853
202109,7호선,도봉산,9049,10505,19554
202109,7호선,장암,2302,918,3220
202109,7호선,신중동,13354,13426,26780
202109,7호선,춘의,9711,9557,19268
202109,7호선,부천종합운동장,4855,4305,9160
202109,7호선,까치울,7590,7372,14962
202109,7호선,온수,10439,9351,19790
202109,7호선,부평구청,7150,6480,13630
202109,7호선,굴포천,8423,8988,17411
202109,7호선,삼산체육관,5015,4554,9569
202109,7호선,상동,12063,12622,24685
202109,7호선,부천시청,11850,11800,23650
202109,7호선,신중동,13196,13240,26436
202109,7호선,춘의,9555,9501,19056
202109,7호선,부천종합운동장,4510,4020,8530
202109,7호선,까치울,7228,7022,14250
202109,7호선,온수,10246,9327,19573
202109,7호선,천왕,11005,10470,21475
202109,7호선,광명사거리,20480,20040,40520
202109,7호선,철산,19904,20336,40240
202109,7호선,가산디지털단지,45222,45270,90492
202109,7호선,남구로,15644,16236,31880
202109,7호선,대림,7251,7179,14430
202109,7호선,신풍,10904,10370,21274
202109,7호선,보라매,9116,9083,18199
202109,7호선,신대방삼거리,15379,14753,30132
202109,7호선,장승배기,8963,8801,17764
202109,7호선,상도,9917,9694,19611
202109,7호선,숭실대입구,11358,11501,22859
202109,7호선,남성,10433,9737,20170
202109,7호선,이수,14379,14185,28564
202109,7호선,내방,14124,14197,28321
202109,7호선,고속터미널,13518,11773,25291
202109,7호선,반포,5441,5219,10660
202109,7호선,논현,19225,20628,39853
202109,7호선,학동,23460,24457,47917
202109,7호선,강남구청,15920,17236,33156
202109,7호선,청담,18097,20010,38107
202109,7호선,뚝섬유원지,6763,6725,13488
202109,7호선,건대입구,10954,11104,22058
202109,7호선,어린이대공원,10962,10745,21707
202109,7호선,군자,13616,11357,24973
202109,7호선,중곡,9721,9033,18754
202109,7호선,용마산,5979,5682,11661
202109,7호선,사가정,15157,15173,30330
202109,7호선,면목,14316,14233,28549
202109,7호선,상봉,15306,14526,29832
202109,7호선,중화,10598,10452,21050
202109,7호선,먹골,9429,9247,18676
202109,7호선,태릉입구,7746,7440,15186
202109,7호선,공릉,10911,10930,21841
202109,7호선,하계,16637,15889,32526
202109,7호선,중계,13529,12271,25800
202109,7호선,노원,17441,18500,35941
202109,7호선,마들,12107,11441,23548
202109,7호선,수락산,11779,11621,23400
202109,7호선,도봉산,8491,9517,18008
202109,7호선,장암,2074,749,2823
202109,7호선,장암,2281,939,3220
202109,7호선,도봉산,9405,10828,20233
202109,7호선,수락산,12601,12654,25255
202109,7호선,마들,12612,11935,24547
202109,7호선,노원,18363,19545,37908
202109,7호선,중계,14005,12760,26765
202109,7호선,하계,17126,16178,33304
202109,7호선,공릉,11459,11262,22721
202109,7호선,태릉입구,8122,7733,15855
202109,7호선,먹골,9731,9522,19253
202109,7호선,중화,10725,10603,21328
202109,7호선,상봉,16327,15450,31777
202109,7호선,면목,15209,14911,30120
202109,7호선,사가정,15965,15745,31710
202109,7호선,용마산,6062,5891,11953
202109,7호선,중곡,10042,9469,19511
202109,7호선,군자,14094,11542,25636
202109,7호선,어린이대공원,11600,11434,23034
202109,7호선,건대입구,11537,11665,23202
202109,7호선,뚝섬유원지,8914,8738,17652
202109,7호선,청담,18616,20426,39042
202109,7호선,강남구청,16086,17644,33730
202109,7호선,학동,23323,24501,47824
202109,7호선,논현,19709,21342,41051
202109,7호선,반포,5702,5478,11180
202109,7호선,고속터미널,14027,12352,26379
202109,7호선,내방,14157,14412,28569
202109,7호선,이수,14898,14498,29396
202109,7호선,남성,10773,9891,20664
202109,7호선,숭실대입구,11645,11702,23347
202109,7호선,상도,10302,9959,20261
202109,7호선,장승배기,9281,8928,18209
202109,7호선,신대방삼거리,15815,15223,31038
202109,7호선,보라매,9466,9416,18882
202109,7호선,신풍,11438,10902,22340
202109,7호선,대림,7299,7354,14653
202109,7호선,남구로,15607,16485,32092
202109,7호선,가산디지털단지,44905,45176,90081
202109,7호선,철산,20416,21018,41434
202109,7호선,광명사거리,21800,21293,43093
202109,7호선,천왕,11357,10930,22287
202109,7호선,온수,10756,9682,20438
202109,7호선,까치울,7700,7404,15104
202109,7호선,부천종합운동장,4874,4299,9173
202109,7호선,춘의,9739,9655,19394
202109,7호선,신중동,13651,13799,27450
202109,7호선,부천시청,12480,12319,24799
202109,7호선,상동,12506,13200,25706
202109,7호선,삼산체육관,5263,4840,10103
202109,7호선,굴포천,8761,9234,17995
202109,7호선,부평구청,7435,6695,14130
202110,7호선,논현,19955,21564,41519
202110,7호선,학동,22906,24028,46934
202110,7호선,강남구청,15983,17553,33536
202110,7호선,청담,18492,20492,38984
202110,7호선,뚝섬유원지,10462,9686,20148
202110,7호선,건대입구,11701,12342,24043
202110,7호선,어린이대공원,12286,12104,24390
202110,7호선,군자,14425,11696,26121
202110,7호선,중곡,10208,9520,19728
202110,7호선,용마산,6021,5882,11903
202110,7호선,사가정,16024,16269,32293
202110,7호선,면목,15341,15121,30462
202110,7호선,상봉,16637,15821,32458
202110,7호선,중화,11143,10725,21868
202110,7호선,먹골,9846,9777,19623
202110,7호선,태릉입구,8431,7996,16427
202110,7호선,공릉,11955,11852,23807
202110,7호선,하계,17374,16359,33733
202110,7호선,중계,14098,12603,26701
202110,7호선,노원,19623,20992,40615
202110,7호선,마들,12655,12211,24866
202110,7호선,수락산,12904,12736,25640
202110,7호선,도봉산,9207,10694,19901
202110,7호선,장암,2245,1038,3283
202110,7호선,부평구청,7471,6690,14161
202110,7호선,굴포천,8934,9412,18346
202110,7호선,삼산체육관,5360,4861,10221
202110,7호선,상동,13093,13657,26750
202110,7호선,부천시청,12799,12722,25521
202110,7호선,신중동,14154,14267,28421
202110,7호선,춘의,9777,9720,19497
202110,7호선,부천종합운동장,4840,4295,9135
202110,7호선,까치울,7796,7595,15391
202110,7호선,온수,10615,9468,20083
202110,7호선,천왕,11294,10841,22135
202110,7호선,광명사거리,22157,21676,43833
202110,7호선,철산,20956,21506,42462
202110,7호선,가산디지털단지,44558,43871,88429
202110,7호선,남구로,15407,16406,31813
202110,7호선,대림,7482,7690,15172
202110,7호선,신풍,11427,11120,22547
202110,7호선,보라매,9749,9541,19290
202110,7호선,신대방삼거리,15945,15231,31176
202110,7호선,장승배기,9353,9069,18422
202110,7호선,상도,10463,10080,20543
202110,7호선,숭실대입구,12031,11923,23954
202110,7호선,남성,10902,9983,20885
202110,7호선,이수,15481,14947,30428
202110,7호선,내방,14181,14361,28542
202110,7호선,고속터미널,16110,13584,29694
202110,7호선,반포,5859,5502,11361
202110,7호선,장암,1239,735,1974
202110,7호선,도봉산,5161,6581,11742
202110,7호선,수락산,7871,7759,15630
202110,7호선,마들,6740,6517,13257
202110,7호선,노원,12199,12150,24349
202110,7호선,중계,6993,6594,13587
202110,7호선,하계,8885,8513,17398
202110,7호선,공릉,6767,6833,13600
202110,7호선,태릉입구,5094,4789,9883
202110,7호선,먹골,5935,5828,11763
202110,7호선,중화,6198,6038,12236
202110,7호선,상봉,10163,9771,19934
202110,7호선,면목,9507,9366,18873
202110,7호선,사가정,9665,9641,19306
202110,7호선,용마산,3400,3651,7051
202110,7호선,중곡,5628,5634,11262
202110,7호선,군자,8415,6898,15313
202110,7호선,어린이대공원,7322,7259,14581
202110,7호선,건대입구,9004,8947,17951
202110,7호선,뚝섬유원지,5179,4905,10084
202110,7호선,청담,8099,8732,16831
202110,7호선,강남구청,6445,7031,13476
202110,7호선,학동,7763,8266,16029
202110,7호선,논현,8932,9806,18738
202110,7호선,반포,3465,3352,6817
202110,7호선,고속터미널,10827,7456,18283
202110,7호선,내방,6183,6283,12466
202110,7호선,이수,8796,8509,17305
202110,7호선,남성,5934,5945,11879
202110,7호선,숭실대입구,6368,6711,13079
202110,7호선,상도,5704,5533,11237
202110,7호선,장승배기,5339,5336,10675
202110,7호선,신대방삼거리,8644,8562,17206
202110,7호선,보라매,4369,4342,8711
202110,7호선,신풍,6436,6153,12589
202110,7호선,대림,5823,5670,11493
202110,7호선,남구로,7067,7329,14396
202110,7호선,가산디지털단지,12701,12263,24964
202110,7호선,철산,11292,11533,22825
202110,7호선,광명사거리,13460,13379,26839
202110,7호선,천왕,5186,5132,10318
202110,7호선,온수,4712,4461,9173
202110,7호선,까치울,4616,4548,9164
202110,7호선,부천종합운동장,2590,2359,4949
202110,7호선,춘의,5009,5014,10023
202110,7호선,신중동,7412,7400,14812
202110,7호선,부천시청,7562,7430,14992
202110,7호선,상동,7366,7324,14690
202110,7호선,삼산체육관,2734,2449,5183
202110,7호선,굴포천,5216,5232,10448
202110,7호선,부평구청,3836,3421,7257
202110,7호선,장암,2294,863,3157
202110,7호선,도봉산,9246,10393,19639
202110,7호선,수락산,12200,12273,24473
202110,7호선,마들,12484,11854,24338
202110,7호선,노원,18402,19320,37722
202110,7호선,중계,13703,12573,26276
202110,7호선,하계,16982,16107,33089
202110,7호선,공릉,11209,11273,22482
202110,7호선,태릉입구,7917,7580,15497
202110,7호선,먹골,9781,9593,19374
202110,7호선,중화,10895,10746,21641
202110,7호선,상봉,15964,15152,31116
202110,7호선,면목,15129,15061,30190
202110,7호선,사가정,16018,16126,32144
202110,7호선,용마산,5950,5885,11835
202110,7호선,중곡,10165,9482,19647
202110,7호선,군자,14089,11503,25592
202110,7호선,어린이대공원,11338,11234,22572
202110,7호선,건대입구,10982,11180,22162
202110,7호선,뚝섬유원지,7372,7511,14883
202110,7호선,청담,18729,20633,39362
202110,7호선,강남구청,16285,17969,34254
202110,7호선,학동,24165,25287,49452
202110,7호선,논현,20213,21682,41895
202110,7호선,반포,5513,5377,10890
202110,7호선,고속터미널,14672,12311,26983
202110,7호선,내방,14480,14593,29073
202110,7호선,이수,14998,14695,29693
202110,7호선,남성,10917,10250,21167
202110,7호선,숭실대입구,11633,12066,23699
202110,7호선,상도,10358,10013,20371
202110,7호선,장승배기,9324,9154,18478
202110,7호선,신대방삼거리,15939,15549,31488
202110,7호선,보라매,9798,9753,19551
202110,7호선,신풍,11560,11170,22730
202110,7호선,대림,7605,7706,15311
202110,7호선,남구로,15985,16914,32899
202110,7호선,가산디지털단지,46570,46529,93099
202110,7호선,철산,20497,20994,41491
202110,7호선,광명사거리,21883,21480,43363
202110,7호선,천왕,11318,10872,22190
202110,7호선,온수,10663,9801,20464
202110,7호선,까치울,7695,7474,15169
202110,7호선,부천종합운동장,4671,4133,8804
202110,7호선,춘의,9841,9723,19564
202110,7호선,신중동,13702,13653,27355
202110,7호선,부천시청,12225,12016,24241
202110,7호선,상동,12444,13013,25457
202110,7호선,삼산체육관,5212,4847,10059
202110,7호선,굴포천,8700,9272,17972
202110,7호선,부평구청,7494,6563,14057
202110,7호선,부평구청,7234,6678,13912
202110,7호선,굴포천,8758,9193,17951
202110,7호선,삼산체육관,5246,4820,10066
202110,7호선,상동,12494,13146,25640
202110,7호선,부천시청,12124,12037,24161
202110,7호선,신중동,13775,13881,27656
202110,7호선,춘의,9837,9793,19630
202110,7호선,부천종합운동장,4568,4009,8577
202110,7호선,까치울,7676,7384,15060
202110,7호선,온수,10732,9831,20563
202110,7호선,천왕,11573,10994,22567
202110,7호선,광명사거리,21501,21118,42619
202110,7호선,철산,20198,20596,40794
202110,7호선,가산디지털단지,46423,46626,93049
202110,7호선,남구로,16244,16814,33058
202110,7호선,대림,7405,7506,14911
202110,7호선,신풍,11418,10986,22404
202110,7호선,보라매,9640,9658,19298
202110,7호선,신대방삼거리,15811,15127,30938
202110,7호선,장승배기,9189,8983,18172
202110,7호선,상도,10042,9770,19812
202110,7호선,숭실대입구,12289,12487,24776
202110,7호선,남성,10635,9820,20455
202110,7호선,이수,15006,14722,29728
202110,7호선,내방,14261,14496,28757
202110,7호선,고속터미널,14045,12298,26343
202110,7호선,반포,5556,5398,10954
202110,7호선,논현,19784,21198,40982
202110,7호선,학동,23762,25097,48859
202110,7호선,강남구청,16108,17767,33875
202110,7호선,청담,18938,20689,39627
202110,7호선,뚝섬유원지,7498,7422,14920
202110,7호선,건대입구,11147,11218,22365
202110,7호선,어린이대공원,11528,11319,22847
202110,7호선,군자,14069,11614,25683
202110,7호선,중곡,10073,9235,19308
202110,7호선,용마산,5938,5812,11750
202110,7호선,사가정,15859,15786,31645
202110,7호선,면목,14865,14677,29542
202110,7호선,상봉,15923,14835,30758
202110,7호선,중화,10600,10513,21113
202110,7호선,먹골,9629,9375,19004
202110,7호선,태릉입구,7850,7630,15480
202110,7호선,공릉,11018,11067,22085
202110,7호선,하계,17362,16265,33627
202110,7호선,중계,14160,12897,27057
202110,7호선,노원,17916,18980,36896
202110,7호선,마들,12451,11842,24293
202110,7호선,수락산,12100,12159,24259
202110,7호선,도봉산,9014,9978,18992
202110,7호선,장암,2288,848,3136
202110,7호선,면목,15135,14739,29874
202110,7호선,춘의,9674,9683,19357
202110,7호선,부평구청,7404,6609,14013
202110,7호선,굴포천,8795,9304,18099
202110,7호선,삼산체육관,5245,4869,10114
202110,7호선,상동,12410,12991,25401
202110,7호선,부천시청,12342,12059,24401
202110,7호선,신중동,13733,13846,27579
202110,7호선,부천종합운동장,4623,4151,8774
202110,7호선,까치울,7700,7439,15139
202110,7호선,온수,10839,9814,20653
202110,7호선,천왕,11377,10820,22197
202110,7호선,광명사거리,21596,21138,42734
202110,7호선,철산,20103,20522,40625
202110,7호선,가산디지털단지,45415,45799,91214
202110,7호선,남구로,15688,16480,32168
202110,7호선,대림,7475,7326,14801
202110,7호선,신풍,11312,10858,22170
202110,7호선,보라매,9616,9560,19176
202110,7호선,신대방삼거리,15686,15139,30825
202110,7호선,장승배기,9192,8976,18168
202110,7호선,상도,10355,9990,20345
202110,7호선,숭실대입구,12248,12311,24559
202110,7호선,남성,10792,9842,20634
202110,7호선,이수,15391,14973,30364
202110,7호선,내방,14240,14259,28499
202110,7호선,고속터미널,14268,12452,26720
202110,7호선,반포,5632,5467,11099
202110,7호선,논현,19882,21401,41283
202110,7호선,학동,23528,25019,48547
202110,7호선,강남구청,16259,17851,34110
202110,7호선,청담,18621,20616,39237
202110,7호선,뚝섬유원지,7933,7678,15611
202110,7호선,건대입구,11093,11500,22593
202110,7호선,어린이대공원,11646,11492,23138
202110,7호선,군자,14226,11497,25723
202110,7호선,중곡,10131,9418,19549
202110,7호선,용마산,5946,5827,11773
202110,7호선,사가정,15978,15797,31775
202110,7호선,상봉,16074,15137,31211
202110,7호선,중화,10623,10459,21082
202110,7호선,먹골,9703,9421,19124
202110,7호선,태릉입구,8262,7789,16051
202110,7호선,공릉,11238,11207,22445
202110,7호선,하계,17125,16208,33333
202110,7호선,중계,14173,13073,27246
202110,7호선,노원,17990,19112,37102
202110,7호선,마들,12668,11908,24576
202110,7호선,수락산,12263,12387,24650
202110,7호선,도봉산,9077,10383,19460
202110,7호선,장암,2227,876,3103
202110,7호선,부평구청,7487,6800,14287
202110,7호선,굴포천,9008,9512,18520
202110,7호선,삼산체육관,5248,4832,10080
202110,7호선,상동,12753,13715,26468
202110,7호선,부천시청,12785,12752,25537
202110,7호선,신중동,14173,14375,28548
202110,7호선,부천종합운동장,4611,4038,8649
202110,7호선,까치울,7713,7376,15089
202110,7호선,온수,10558,9542,20100
202110,7호선,천왕,11209,10632,21841
202110,7호선,광명사거리,21887,21657,43544
202110,7호선,철산,20552,21137,41689
202110,7호선,가산디지털단지,44988,43962,88950
202110,7호선,남구로,15540,16442,31982
202110,7호선,대림,7665,7915,15580
202110,7호선,신풍,11706,11374,23080
202110,7호선,보라매,9744,9534,19278
202110,7호선,신대방삼거리,16134,15199,31333
202110,7호선,장승배기,9361,8893,18254
202110,7호선,상도,10375,9982,20357
202110,7호선,숭실대입구,12336,12223,24559
202110,7호선,남성,10728,9722,20450
202110,7호선,이수,15746,15306,31052
202110,7호선,내방,14328,14533,28861
202110,7호선,고속터미널,16459,14267,30726
202110,7호선,반포,5908,5563,11471
202110,7호선,논현,20090,21529,41619
202110,7호선,학동,22827,24043,46870
202110,7호선,강남구청,16177,17701,33878
202110,7호선,청담,18517,20474,38991
202110,7호선,뚝섬유원지,7976,7890,15866
202110,7호선,건대입구,11686,11978,23664
202110,7호선,어린이대공원,11741,11370,23111
202110,7호선,군자,14743,11974,26717
202110,7호선,중곡,10489,9675,20164
202110,7호선,용마산,5981,5681,11662
202110,7호선,사가정,16195,16250,32445
202110,7호선,면목,15267,15014,30281
202110,7호선,상봉,16417,15508,31925
202110,7호선,중화,10721,10461,21182
202110,7호선,먹골,9981,9713,19694
202110,7호선,태릉입구,8166,7867,16033
202110,7호선,공릉,11720,11471,23191
202110,7호선,하계,16993,15824,32817
202110,7호선,중계,13871,12398,26269
202110,7호선,노원,19415,20631,40046
202110,7호선,마들,12816,12030,24846
202110,7호선,수락산,12465,12460,24925
202110,7호선,도봉산,8940,10144,19084
202110,7호선,장암,2147,914,3061
202110,7호선,춘의,9665,9513,19178
202110,7호선,장암,1473,874,2347
202110,7호선,도봉산,5783,7732,13515
202110,7호선,수락산,8453,8283,16736
202110,7호선,마들,7353,6941,14294
202110,7호선,노원,12916,13497,26413
202110,7호선,중계,7655,6981,14636
202110,7호선,하계,9469,8949,18418
202110,7호선,공릉,7209,7344,14553
202110,7호선,태릉입구,5402,5202,10604
202110,7호선,먹골,6273,6152,12425
202110,7호선,중화,6691,6453,13144
202110,7호선,상봉,10894,10482,21376
202110,7호선,면목,9835,9857,19692
202110,7호선,사가정,10659,10537,21196
202110,7호선,용마산,3636,3809,7445
202110,7호선,중곡,6120,6070,12190
202110,7호선,군자,8762,7296,16058
202110,7호선,어린이대공원,7571,7952,15523
202110,7호선,건대입구,9276,9281,18557
202110,7호선,뚝섬유원지,8245,7631,15876
202110,7호선,청담,8569,9018,17587
202110,7호선,강남구청,6528,7171,13699
202110,7호선,학동,8172,8601,16773
202110,7호선,논현,9271,9933,19204
202110,7호선,반포,3601,3471,7072
202110,7호선,고속터미널,12802,7970,20772
202110,7호선,내방,6402,6461,12863
202110,7호선,이수,9385,9052,18437
202110,7호선,남성,6165,6099,12264
202110,7호선,숭실대입구,6884,7349,14233
202110,7호선,상도,5977,5839,11816
202110,7호선,장승배기,5450,5321,10771
202110,7호선,신대방삼거리,9257,9262,18519
202110,7호선,보라매,4723,4716,9439
202110,7호선,신풍,6812,6612,13424
202110,7호선,대림,6271,6123,12394
202110,7호선,남구로,7300,7403,14703
202110,7호선,가산디지털단지,14006,13388,27394
202110,7호선,철산,11946,11996,23942
202110,7호선,광명사거리,14396,14286,28682
202110,7호선,천왕,5504,5418,10922
202110,7호선,온수,4987,4833,9820
202110,7호선,까치울,4841,4793,9634
202110,7호선,부천종합운동장,2906,2541,5447
202110,7호선,춘의,5133,5163,10296
202110,7호선,신중동,7893,7840,15733
202110,7호선,부천시청,8103,8012,16115
202110,7호선,상동,8161,8285,16446
202110,7호선,삼산체육관,2879,2638,5517
202110,7호선,굴포천,5444,5643,11087
202110,7호선,부평구청,4287,3756,8043
202110,7호선,반포,5618,5439,11057
202110,7호선,장암,2355,915,3270
202110,7호선,도봉산,9197,10574,19771
202110,7호선,수락산,12652,12664,25316
202110,7호선,마들,12510,12052,24562
202110,7호선,노원,18551,19744,38295
202110,7호선,중계,14346,13274,27620
202110,7호선,하계,17348,16378,33726
202110,7호선,공릉,11563,11407,22970
202110,7호선,태릉입구,8090,7837,15927
202110,7호선,먹골,9801,9589,19390
202110,7호선,중화,10955,10758,21713
202110,7호선,상봉,16260,15432,31692
202110,7호선,면목,15416,15370,30786
202110,7호선,사가정,16071,16164,32235
202110,7호선,용마산,6062,5902,11964
202110,7호선,중곡,10070,9429,19499
202110,7호선,군자,14411,11784,26195
202110,7호선,어린이대공원,11454,11425,22879
202110,7호선,건대입구,10855,11259,22114
202110,7호선,뚝섬유원지,8130,8040,16170
202110,7호선,청담,19093,20937,40030
202110,7호선,강남구청,16280,17936,34216
202110,7호선,학동,24384,25428,49812
202110,7호선,논현,20315,21814,42129
202110,7호선,고속터미널,14968,12528,27496
202110,7호선,내방,14321,14695,29016
202110,7호선,이수,15177,14995,30172
202110,7호선,남성,10999,10091,21090
202110,7호선,숭실대입구,12627,13013,25640
202110,7호선,상도,10357,9986,20343
202110,7호선,장승배기,9409,9394,18803
202110,7호선,신대방삼거리,16036,15492,31528
202110,7호선,보라매,10034,9903,19937
202110,7호선,신풍,11581,11133,22714
202110,7호선,대림,7864,7853,15717
202110,7호선,남구로,16283,16899,33182
202110,7호선,가산디지털단지,47025,46924,93949
202110,7호선,철산,20475,20703,41178
202110,7호선,광명사거리,21910,21646,43556
202110,7호선,천왕,11532,11030,22562
202110,7호선,온수,10911,9935,20846
202110,7호선,까치울,7740,7574,15314
202110,7호선,부천종합운동장,4875,4265,9140
202110,7호선,춘의,10091,9888,19979
202110,7호선,신중동,13974,14046,28020
202110,7호선,부천시청,12336,12216,24552
202110,7호선,상동,12610,13246,25856
202110,7호선,삼산체육관,5401,4895,10296
202110,7호선,굴포천,8930,9369,18299
202110,7호선,부평구청,7512,6765,14277
202110,7호선,부평구청,7669,6920,14589
202110,7호선,굴포천,8998,9465,18463
202110,7호선,삼산체육관,5434,4851,10285
202110,7호선,상동,13141,13829,26970
202110,7호선,부천시청,12711,12625,25336
202110,7호선,신중동,14091,14172,28263
202110,7호선,춘의,10059,10037,20096
202110,7호선,부천종합운동장,4862,4201,9063
202110,7호선,까치울,7931,7805,15736
202110,7호선,온수,10982,10177,21159
202110,7호선,천왕,11668,11141,22809
202110,7호선,광명사거리,22326,21964,44290
202110,7호선,철산,20854,21186,42040
202110,7호선,가산디지털단지,46147,46253,92400
202110,7호선,남구로,16147,16988,33135
202110,7호선,대림,7674,7620,15294
202110,7호선,신풍,11741,11123,22864
202110,7호선,보라매,10097,9921,20018
202110,7호선,신대방삼거리,16328,15671,31999
202110,7호선,장승배기,9372,9186,18558
202110,7호선,상도,10377,9959,20336
202110,7호선,숭실대입구,12722,12993,25715
202110,7호선,남성,10855,9983,20838
202110,7호선,이수,15620,15095,30715
202110,7호선,내방,14474,14792,29266
202110,7호선,고속터미널,14425,12774,27199
202110,7호선,반포,5730,5632,11362
202110,7호선,논현,20311,21595,41906
202110,7호선,학동,24026,25407,49433
202110,7호선,강남구청,16403,18056,34459
202110,7호선,청담,19081,21199,40280
202110,7호선,뚝섬유원지,8967,8761,17728
202110,7호선,건대입구,11394,11618,23012
202110,7호선,어린이대공원,11446,11334,22780
202110,7호선,군자,14388,11673,26061
202110,7호선,중곡,10411,9677,20088
202110,7호선,용마산,6097,5945,12042
202110,7호선,사가정,16358,16207,32565
202110,7호선,면목,15356,15067,30423
202110,7호선,상봉,16380,15387,31767
202110,7호선,중화,10981,10826,21807
202110,7호선,먹골,9891,9782,19673
202110,7호선,태릉입구,8217,7850,16067
202110,7호선,공릉,11667,11500,23167
202110,7호선,하계,17982,17094,35076
202110,7호선,중계,14461,13364,27825
202110,7호선,노원,18629,19718,38347
202110,7호선,마들,13037,12196,25233
202110,7호선,수락산,12804,12823,25627
202110,7호선,도봉산,9520,11039,20559
202110,7호선,장암,2458,964,3422
202110,7호선,부평구청,7477,6829,14306
202110,7호선,굴포천,9037,9438,18475
202110,7호선,삼산체육관,5409,4977,10386
202110,7호선,상동,13038,13571,26609
202110,7호선,부천시청,12555,12529,25084
202110,7호선,신중동,14184,14184,28368
202110,7호선,춘의,10035,9868,19903
202110,7호선,부천종합운동장,4852,4336,9188
202110,7호선,까치울,8022,7812,15834
202110,7호선,온수,11134,10063,21197
202110,7호선,천왕,11543,11019,22562
202110,7호선,광명사거리,22228,22061,44289
202110,7호선,철산,20655,20984,41639
202110,7호선,가산디지털단지,45880,45921,91801
202110,7호선,남구로,15845,16853,32698
202110,7호선,대림,7596,7488,15084
202110,7호선,신풍,11762,11349,23111
202110,7호선,보라매,9940,9824,19764
202110,7호선,신대방삼거리,16073,15533,31606
202110,7호선,장승배기,9176,8966,18142
202110,7호선,상도,10276,9876,20152
202110,7호선,숭실대입구,12521,12506,25027
202110,7호선,남성,10809,9985,20794
202110,7호선,이수,15396,14932,30328
202110,7호선,내방,14589,14838,29427
202110,7호선,고속터미널,14782,12818,27600
202110,7호선,반포,5771,5593,11364
202110,7호선,논현,19979,21551,41530
202110,7호선,학동,23699,25139,48838
202110,7호선,강남구청,16181,17838,34019
202110,7호선,청담,18985,21076,40061
202110,7호선,뚝섬유원지,8813,8577,17390
202110,7호선,어린이대공원,11499,11452,22951
202110,7호선,군자,14409,11656,26065
202110,7호선,중곡,10188,9402,19590
202110,7호선,용마산,6017,6042,12059
202110,7호선,사가정,16078,16094,32172
202110,7호선,면목,15296,15059,30355
202110,7호선,상봉,16372,15576,31948
202110,7호선,중화,10786,10659,21445
202110,7호선,먹골,9908,9687,19595
202110,7호선,태릉입구,8155,7758,15913
202110,7호선,공릉,11647,11509,23156
202110,7호선,하계,18112,16777,34889
202110,7호선,중계,14173,13029,27202
202110,7호선,노원,18243,19400,37643
202110,7호선,마들,12752,12096,24848
202110,7호선,수락산,12717,12646,25363
202110,7호선,도봉산,9420,11154,20574
202110,7호선,장암,2355,978,3333
202110,7호선,건대입구,11091,11248,22339
202110,7호선,장암,2272,972,3244
202110,7호선,도봉산,9193,10633,19826
202110,7호선,수락산,12758,12602,25360
202110,7호선,마들,12959,12097,25056
202110,7호선,노원,19363,20956,40319
202110,7호선,중계,14260,12880,27140
202110,7호선,하계,17482,16341,33823
202110,7호선,공릉,11879,11757,23636
202110,7호선,태릉입구,8370,7961,16331
202110,7호선,먹골,9999,9871,19870
202110,7호선,중화,11011,10789,21800
202110,7호선,상봉,16583,15909,32492
202110,7호선,면목,15657,15240,30897
202110,7호선,사가정,16239,16162,32401
202110,7호선,용마산,6094,5878,11972
202110,7호선,중곡,10339,9440,19779
202110,7호선,군자,14458,11852,26310
202110,7호선,어린이대공원,11713,11489,23202
202110,7호선,건대입구,11740,12068,23808
202110,7호선,뚝섬유원지,8988,8741,17729
202110,7호선,청담,19005,21019,40024
202110,7호선,강남구청,16169,17813,33982
202110,7호선,학동,22959,24216,47175
202110,7호선,논현,20399,22028,42427
202110,7호선,반포,6049,5610,11659
202110,7호선,고속터미널,16537,13853,30390
202110,7호선,내방,14331,14388,28719
202110,7호선,이수,15754,15567,31321
202110,7호선,남성,10927,9823,20750
202110,7호선,숭실대입구,12464,12367,24831
202110,7호선,상도,10366,10013,20379
202110,7호선,장승배기,9372,9151,18523
202110,7호선,신대방삼거리,15715,14961,30676
202110,7호선,보라매,9750,9549,19299
202110,7호선,신풍,11724,11235,22959
202110,7호선,대림,7658,7844,15502
202110,7호선,남구로,15678,16417,32095
202110,7호선,가산디지털단지,44839,44257,89096
202110,7호선,철산,20750,21406,42156
202110,7호선,광명사거리,22722,22263,44985
202110,7호선,천왕,11527,10917,22444
202110,7호선,온수,10856,9730,20586
202110,7호선,까치울,7907,7673,15580
202110,7호선,부천종합운동장,4811,4274,9085
202110,7호선,춘의,9864,9723,19587
202110,7호선,신중동,14324,14642,28966
202110,7호선,부천시청,12840,12845,25685
202110,7호선,상동,13024,14036,27060
202110,7호선,삼산체육관,5512,5063,10575
202110,7호선,굴포천,9114,9557,18671
202110,7호선,부평구청,7518,6841,14359
202110,7호선,장암,2247,843,3090
202110,7호선,도봉산,9139,10412,19551
202110,7호선,수락산,12021,12189,24210
202110,7호선,마들,12358,11763,24121
202110,7호선,노원,17120,17911,35031
202110,7호선,중계,14073,13140,27213
202110,7호선,하계,16899,16049,32948
202110,7호선,공릉,11161,11242,22403
202110,7호선,태릉입구,7738,7421,15159
202110,7호선,먹골,9677,9393,19070
202110,7호선,중화,10512,10462,20974
202110,7호선,상봉,16019,15141,31160
202110,7호선,면목,15023,14883,29906
202110,7호선,사가정,15782,15895,31677
202110,7호선,용마산,5960,5858,11818
202110,7호선,중곡,9991,9228,19219
202110,7호선,군자,14033,11504,25537
202110,7호선,어린이대공원,10734,10627,21361
202110,7호선,건대입구,10588,10958,21546
202110,7호선,뚝섬유원지,7175,7229,14404
202110,7호선,청담,18139,20021,38160
202110,7호선,강남구청,15567,16925,32492
202110,7호선,학동,23622,24802,48424
202110,7호선,논현,19664,21160,40824
202110,7호선,반포,5511,5197,10708
202110,7호선,고속터미널,14901,12488,27389
202110,7호선,내방,13961,14201,28162
202110,7호선,이수,14663,14464,29127
202110,7호선,남성,10506,9876,20382
202110,7호선,숭실대입구,12272,12652,24924
202110,7호선,상도,9986,9742,19728
202110,7호선,장승배기,9244,9007,18251
202110,7호선,신대방삼거리,15724,15294,31018
202110,7호선,보라매,9833,9923,19756
202110,7호선,신풍,11495,11060,22555
202110,7호선,대림,7937,7846,15783
202110,7호선,남구로,16146,16943,33089
202110,7호선,가산디지털단지,46576,46242,92818
202110,7호선,철산,19836,20426,40262
202110,7호선,광명사거리,21795,21372,43167
202110,7호선,천왕,11294,10716,22010
202110,7호선,온수,10707,9688,20395
202110,7호선,까치울,7701,7458,15159
202110,7호선,부천종합운동장,4666,4033,8699
202110,7호선,춘의,9771,9728,19499
202110,7호선,신중동,13279,13256,26535
202110,7호선,부천시청,11568,11367,22935
202110,7호선,상동,12424,13048,25472
202110,7호선,삼산체육관,5156,4582,9738
202110,7호선,굴포천,8620,9215,17835
202110,7호선,부평구청,7112,6409,13521
202110,7호선,장암,2284,910,3194
202110,7호선,도봉산,9023,10694,19717
202110,7호선,수락산,12407,12387,24794
202110,7호선,마들,12566,11904,24470
202110,7호선,노원,18370,19309,37679
202110,7호선,중계,14372,13194,27566
202110,7호선,하계,17147,16341,33488
202110,7호선,공릉,11279,11296,22575
202110,7호선,태릉입구,7937,7517,15454
202110,7호선,먹골,9900,9778,19678
202110,7호선,중화,10863,10688,21551
202110,7호선,상봉,16294,15319,31613
202110,7호선,면목,15322,15113,30435
202110,7호선,사가정,16014,16007,32021
202110,7호선,용마산,6023,5932,11955
202110,7호선,중곡,10202,9501,19703
202110,7호선,군자,14141,11695,25836
202110,7호선,어린이대공원,11085,10787,21872
202110,7호선,건대입구,11214,11429,22643
202110,7호선,뚝섬유원지,7604,7491,15095
202110,7호선,청담,18625,20733,39358
202110,7호선,강남구청,15998,17810,33808
202110,7호선,학동,23971,25106,49077
202110,7호선,논현,19841,21509,41350
202110,7호선,반포,5599,5430,11029
202110,7호선,고속터미널,14240,12618,26858
202110,7호선,내방,14277,14602,28879
202110,7호선,이수,15257,14749,30006
202110,7호선,남성,10740,9979,20719
202110,7호선,숭실대입구,12585,12926,25511
202110,7호선,상도,10113,9749,19862
202110,7호선,장승배기,9154,9122,18276
202110,7호선,신대방삼거리,15999,15494,31493
202110,7호선,보라매,9998,9910,19908
202110,7호선,신풍,11604,11119,22723
202110,7호선,대림,7838,7687,15525
202110,7호선,남구로,16049,16873,32922
202110,7호선,가산디지털단지,46447,46377,92824
202110,7호선,철산,20496,21051,41547
202110,7호선,광명사거리,22157,21835,43992
202110,7호선,천왕,11628,11004,22632
202110,7호선,온수,10860,9934,20794
202110,7호선,까치울,7888,7633,15521
202110,7호선,부천종합운동장,4742,4275,9017
202110,7호선,춘의,9950,9803,19753
202110,7호선,신중동,14105,14021,28126
202110,7호선,부천시청,12522,12468,24990
202110,7호선,상동,12625,13404,26029
202110,7호선,삼산체육관,5263,4840,10103
202110,7호선,굴포천,8985,9491,18476
202110,7호선,부평구청,7473,6739,14212
202110,7호선,건대입구,11554,11778,23332
202110,7호선,내방,14607,14885,29492
202110,7호선,이수,15612,15222,30834
202110,7호선,남성,10930,10049,20979
202110,7호선,숭실대입구,13570,13722,27292
202110,7호선,상도,10184,9897,20081
202110,7호선,장승배기,9294,9141,18435
202110,7호선,신대방삼거리,16172,15500,31672
202110,7호선,보라매,10009,10079,20088
202110,7호선,신풍,11872,11129,23001
202110,7호선,대림,7706,7752,15458
202110,7호선,남구로,16070,16918,32988
202110,7호선,가산디지털단지,46845,46899,93744
202110,7호선,철산,20814,21196,42010
202110,7호선,광명사거리,22695,22379,45074
202110,7호선,천왕,11801,11239,23040
202110,7호선,온수,11124,10234,21358
202110,7호선,까치울,8128,7753,15881
202110,7호선,부천종합운동장,4668,4137,8805
202110,7호선,춘의,10050,9942,19992
202110,7호선,장암,2337,925,3262
202110,7호선,도봉산,9464,11139,20603
202110,7호선,수락산,12656,12728,25384
202110,7호선,마들,12856,12188,25044
202110,7호선,노원,18517,19395,37912
202110,7호선,중계,14616,13461,28077
202110,7호선,하계,18014,17201,35215
202110,7호선,공릉,11574,11484,23058
202110,7호선,태릉입구,8436,8121,16557
202110,7호선,먹골,10033,9871,19904
202110,7호선,중화,11027,10841,21868
202110,7호선,상봉,16683,15729,32412
202110,7호선,면목,16426,16290,32716
202110,7호선,사가정,16230,16356,32586
202110,7호선,용마산,6191,6063,12254
202110,7호선,중곡,10460,9670,20130
202110,7호선,군자,14322,11807,26129
202110,7호선,어린이대공원,11321,11198,22519
202110,7호선,뚝섬유원지,7897,7817,15714
202110,7호선,청담,18979,21164,40143
202110,7호선,강남구청,16366,18017,34383
202110,7호선,학동,24157,25412,49569
202110,7호선,논현,20269,21571,41840
202110,7호선,반포,5688,5524,11212
202110,7호선,고속터미널,14389,12696,27085
202110,7호선,부천시청,12730,12676,25406
202110,7호선,상동,13216,13675,26891
202110,7호선,삼산체육관,5444,5044,10488
202110,7호선,굴포천,9236,9728,18964
202110,7호선,부평구청,7765,6950,14715
202110,7호선,신중동,14086,14374,28460
202110,7호선,부천종합운동장,4777,4169,8946
202110,7호선,신중동,14067,14067,28134
202110,7호선,부천시청,12595,12615,25210
202110,7호선,상동,12888,13637,26525
202110,7호선,삼산체육관,5417,4946,10363
202110,7호선,굴포천,9118,9625,18743
202110,7호선,부평구청,7501,6766,14267
202110,7호선,까치울,7993,7767,15760
202110,7호선,반포,5759,5562,11321
202110,7호선,춘의,9938,9839,19777
202110,7호선,장암,2337,927,3264
202110,7호선,도봉산,9231,10935,20166
202110,7호선,수락산,12832,12860,25692
202110,7호선,마들,12708,12083,24791
202110,7호선,노원,18306,19252,37558
202110,7호선,중계,14526,13435,27961
202110,7호선,하계,17803,16991,34794
202110,7호선,공릉,11698,11584,23282
202110,7호선,태릉입구,8295,7720,16015
202110,7호선,먹골,10061,9803,19864
202110,7호선,중화,11168,10968,22136
202110,7호선,상봉,16460,15715,32175
202110,7호선,면목,16194,15908,32102
202110,7호선,사가정,16172,16190,32362
202110,7호선,용마산,6108,5908,12016
202110,7호선,중곡,10311,9706,20017
202110,7호선,군자,14198,11594,25792
202110,7호선,어린이대공원,11632,11493,23125
202110,7호선,건대입구,11317,11674,22991
202110,7호선,뚝섬유원지,7951,7864,15815
202110,7호선,청담,18434,20858,39292
202110,7호선,강남구청,16377,17971,34348
202110,7호선,학동,23847,25209,49056
202110,7호선,논현,19993,21698,41691
202110,7호선,고속터미널,14651,12615,27266
202110,7호선,내방,14311,14505,28816
202110,7호선,이수,15206,14779,29985
202110,7호선,남성,10752,10026,20778
202110,7호선,숭실대입구,13394,13385,26779
202110,7호선,상도,10257,9895,20152
202110,7호선,장승배기,9152,9125,18277
202110,7호선,신대방삼거리,16060,15475,31535
202110,7호선,보라매,10038,9951,19989
202110,7호선,신풍,11740,11282,23022
202110,7호선,대림,7663,7775,15438
202110,7호선,남구로,15894,16646,32540
202110,7호선,가산디지털단지,46188,46282,92470
202110,7호선,철산,20750,21135,41885
202110,7호선,광명사거리,22366,22111,44477
202110,7호선,천왕,11654,11033,22687
202110,7호선,온수,11093,10189,21282
202110,7호선,부평구청,7463,6869,14332
202110,7호선,굴포천,9165,9799,18964
202110,7호선,삼산체육관,5542,4995,10537
202110,7호선,상동,13438,14312,27750
202110,7호선,부천시청,13436,13420,26856
202110,7호선,신중동,14502,14779,29281
202110,7호선,춘의,10017,9706,19723
202110,7호선,부천종합운동장,4764,4148,8912
202110,7호선,까치울,8082,7819,15901
202110,7호선,온수,10986,10021,21007
202110,7호선,천왕,11701,10935,22636
202110,7호선,광명사거리,22710,22364,45074
202110,7호선,철산,21577,22183,43760
202110,7호선,가산디지털단지,44916,44270,89186
202110,7호선,남구로,15421,16344,31765
202110,7호선,대림,7746,7948,15694
202110,7호선,신풍,11820,11278,23098
202110,7호선,보라매,9427,9299,18726
202110,7호선,신대방삼거리,16367,15579,31946
202110,7호선,장승배기,9349,8967,18316
202110,7호선,상도,10742,10101,20843
202110,7호선,숭실대입구,13119,13060,26179
202110,7호선,남성,10996,9871,20867
202110,7호선,이수,15926,15458,31384
202110,7호선,내방,14256,14445,28701
202110,7호선,고속터미널,16675,13913,30588
202110,7호선,반포,6051,5713,11764
202110,7호선,논현,20340,22053,42393
202110,7호선,학동,23063,24338,47401
202110,7호선,강남구청,16448,18186,34634
202110,7호선,청담,18480,20970,39450
202110,7호선,뚝섬유원지,8906,8679,17585
202110,7호선,건대입구,12197,12491,24688
202110,7호선,어린이대공원,12352,11928,24280
202110,7호선,군자,14771,11798,26569
202110,7호선,중곡,10387,9619,20006
202110,7호선,용마산,6261,6014,12275
202110,7호선,사가정,16485,16688,33173
202110,7호선,면목,16566,16214,32780
202110,7호선,상봉,17138,16281,33419
202110,7호선,중화,10938,10831,21769
202110,7호선,먹골,10130,9802,19932
202110,7호선,태릉입구,8504,7985,16489
202110,7호선,공릉,11941,11705,23646
202110,7호선,하계,18126,17019,35145
202110,7호선,중계,14673,13204,27877
202110,7호선,노원,19748,21223,40971
202110,7호선,마들,13023,12062,25085
202110,7호선,수락산,13123,13157,26280
202110,7호선,도봉산,9315,11254,20569
202110,7호선,장암,2308,1089,3397
202110,7호선,중곡,10300,9492,19792
202110,7호선,장암,2405,945,3350
202110,7호선,도봉산,9530,10953,20483
202110,7호선,수락산,12811,12582,25393
202110,7호선,마들,12742,12065,24807
202110,7호선,노원,18455,19463,37918
202110,7호선,중계,14516,13363,27879
202110,7호선,하계,17398,16356,33754
202110,7호선,공릉,11982,11924,23906
202110,7호선,태릉입구,8364,7960,16324
202110,7호선,먹골,10040,9820,19860
202110,7호선,중화,10849,10763,21612
202110,7호선,상봉,16732,15637,32369
202110,7호선,면목,16369,16172,32541
202110,7호선,사가정,16261,16376,32637
202110,7호선,용마산,6226,6095,12321
202110,7호선,군자,14577,11956,26533
202110,7호선,어린이대공원,11721,11799,23520
202110,7호선,건대입구,11476,11821,23297
202110,7호선,뚝섬유원지,7887,7740,15627
202110,7호선,청담,18705,20574,39279
202110,7호선,강남구청,15715,17171,32886
202110,7호선,학동,24181,25291,49472
202110,7호선,논현,20308,21884,42192
202110,7호선,반포,5541,5462,11003
202110,7호선,고속터미널,15485,13166,28651
202110,7호선,내방,14304,14454,28758
202110,7호선,이수,15132,14746,29878
202110,7호선,남성,10726,10039,20765
202110,7호선,숭실대입구,13414,13886,27300
202110,7호선,상도,10204,9997,20201
202110,7호선,장승배기,9503,9334,18837
202110,7호선,신대방삼거리,16183,15679,31862
202110,7호선,보라매,10124,9873,19997
202110,7호선,신풍,11515,11142,22657
202110,7호선,대림,7782,7769,15551
202110,7호선,남구로,16270,17000,33270
202110,7호선,가산디지털단지,46831,47027,93858
202110,7호선,철산,20948,21389,42337
202110,7호선,광명사거리,22358,21944,44302
202110,7호선,천왕,11575,11095,22670
202110,7호선,온수,11029,10162,21191
202110,7호선,까치울,7874,7652,15526
202110,7호선,부천종합운동장,4746,4102,8848
202110,7호선,춘의,9968,9982,19950
202110,7호선,신중동,14020,13986,28006
202110,7호선,부천시청,12799,12711,25510
202110,7호선,상동,12802,13324,26126
202110,7호선,삼산체육관,5461,4927,10388
202110,7호선,굴포천,9112,9526,18638
202110,7호선,부평구청,7602,6752,14354
202110,7호선,부평구청,7752,6956,14708
202110,7호선,굴포천,9298,9831,19129
202110,7호선,삼산체육관,5571,5036,10607
202110,7호선,상동,12998,13650,26648
202110,7호선,부천시청,12940,12612,25552
202110,7호선,신중동,14222,14216,28438
202110,7호선,춘의,10263,10150,20413
202110,7호선,부천종합운동장,4734,4258,8992
202110,7호선,까치울,8149,7819,15968
202110,7호선,온수,11185,10326,21511
202110,7호선,천왕,11859,11317,23176
202110,7호선,광명사거리,22429,22086,44515
202110,7호선,철산,21130,21717,42847
202110,7호선,가산디지털단지,47651,47668,95319
202110,7호선,남구로,16059,17084,33143
202110,7호선,대림,7777,7796,15573
202110,7호선,신풍,12015,11507,23522
202110,7호선,보라매,10029,10036,20065
202110,7호선,신대방삼거리,16526,15924,32450
202110,7호선,장승배기,9449,9260,18709
202110,7호선,상도,10485,10230,20715
202110,7호선,숭실대입구,13920,14188,28108
202110,7호선,남성,11030,10220,21250
202110,7호선,이수,15310,14911,30221
202110,7호선,내방,14777,14990,29767
202110,7호선,고속터미널,15243,13274,28517
202110,7호선,논현,20795,22376,43171
202110,7호선,학동,24381,25823,50204
202110,7호선,강남구청,16611,18093,34704
202110,7호선,청담,19327,21509,40836
202110,7호선,뚝섬유원지,8311,8110,16421
202110,7호선,어린이대공원,12127,12160,24287
202110,7호선,군자,14796,12046,26842
202110,7호선,중곡,10494,9714,20208
202110,7호선,용마산,6206,6061,12267
202110,7호선,사가정,16671,16604,33275
202110,7호선,면목,16766,16469,33235
202110,7호선,상봉,16883,15968,32851
202110,7호선,중화,10996,10884,21880
202110,7호선,먹골,10193,10031,20224
202110,7호선,태릉입구,8684,8179,16863
202110,7호선,공릉,12244,11944,24188
202110,7호선,하계,18116,17121,35237
202110,7호선,중계,14756,13668,28424
202110,7호선,노원,18787,19799,38586
202110,7호선,마들,12854,12293,25147
202110,7호선,수락산,13000,13087,26087
202110,7호선,도봉산,9748,11492,21240
202110,7호선,장암,2471,984,3455
202110,7호선,건대입구,11660,12041,23701
202110,7호선,반포,5824,5572,11396
202110,7호선,반포,5844,5558,11402
202110,7호선,부평구청,7645,7016,14661
202110,7호선,굴포천,9355,9771,19126
202110,7호선,삼산체육관,5506,5080,10586
202110,7호선,상동,13413,13959,27372
202110,7호선,부천시청,13011,13110,26121
202110,7호선,신중동,14498,14560,29058
202110,7호선,춘의,10217,10196,20413
202110,7호선,부천종합운동장,4861,4279,9140
202110,7호선,까치울,8181,7849,16030
202110,7호선,온수,11260,10439,21699
202110,7호선,천왕,11817,11265,23082
202110,7호선,광명사거리,22732,22516,45248
202110,7호선,철산,21297,21632,42929
202110,7호선,가산디지털단지,47008,47104,94112
202110,7호선,남구로,16238,17001,33239
202110,7호선,대림,7887,7867,15754
202110,7호선,신풍,11873,11279,23152
202110,7호선,보라매,10234,10231,20465
202110,7호선,신대방삼거리,16331,15641,31972
202110,7호선,장승배기,9451,9356,18807
202110,7호선,상도,10726,10331,21057
202110,7호선,숭실대입구,13450,13630,27080
202110,7호선,남성,10994,10179,21173
202110,7호선,이수,15786,15344,31130
202110,7호선,내방,14911,15045,29956
202110,7호선,고속터미널,15050,13188,28238
202110,7호선,논현,20408,21913,42321
202110,7호선,학동,24351,25740,50091
202110,7호선,강남구청,16737,18189,34926
202110,7호선,청담,19140,21601,40741
202110,7호선,뚝섬유원지,8421,8103,16524
202110,7호선,건대입구,11910,12007,23917
202110,7호선,어린이대공원,12749,12695,25444
202110,7호선,군자,15061,12334,27395
202110,7호선,중곡,10417,9707,20124
202110,7호선,용마산,6284,6077,12361
202110,7호선,사가정,16583,16463,33046
202110,7호선,면목,15702,15359,31061
202110,7호선,상봉,17033,16186,33219
202110,7호선,중화,11041,11057,22098
202110,7호선,먹골,10172,9903,20075
202110,7호선,태릉입구,8536,8186,16722
202110,7호선,공릉,12201,12135,24336
202110,7호선,하계,18312,17377,35689
202110,7호선,중계,14830,13665,28495
202110,7호선,노원,18751,19971,38722
202110,7호선,마들,13043,12333,25376
202110,7호선,수락산,13311,13104,26415
202110,7호선,도봉산,10004,11572,21576
202110,7호선,장암,2447,966,3413
202110,7호선,부평구청,7643,6773,14416
202110,7호선,굴포천,9168,9762,18930
202110,7호선,삼산체육관,5482,4987,10469
202110,7호선,상동,13193,13839,27032
202110,7호선,부천시청,12824,12765,25589
202110,7호선,신중동,14183,14315,28498
202110,7호선,춘의,10098,9966,20064
202110,7호선,부천종합운동장,4998,4458,9456
202110,7호선,까치울,8139,7783,15922
202110,7호선,온수,11413,10458,21871
202110,7호선,천왕,11716,11020,22736
202110,7호선,광명사거리,22564,22400,44964
202110,7호선,철산,21219,21599,42818
202110,7호선,가산디지털단지,46033,46202,92235
202110,7호선,남구로,15790,16781,32571
202110,7호선,대림,7625,7700,15325
202110,7호선,신풍,11889,11327,23216
202110,7호선,보라매,10021,9953,19974
202110,7호선,신대방삼거리,16287,15765,32052
202110,7호선,장승배기,9328,9234,18562
202110,7호선,상도,10691,10376,21067
202110,7호선,숭실대입구,13265,13311,26576
202110,7호선,남성,11094,10370,21464
202110,7호선,이수,15644,15055,30699
202110,7호선,내방,14602,14880,29482
202110,7호선,고속터미널,15402,13130,28532
202110,7호선,논현,20282,22009,42291
202110,7호선,학동,24270,25815,50085
202110,7호선,강남구청,16413,17950,34363
202110,7호선,청담,19055,21478,40533
202110,7호선,뚝섬유원지,8553,8194,16747
202110,7호선,건대입구,12151,12269,24420
202110,7호선,어린이대공원,12414,12462,24876
202110,7호선,군자,14833,12072,26905
202110,7호선,중곡,10432,9812,20244
202110,7호선,용마산,6215,6215,12430
202110,7호선,사가정,16368,16373,32741
202110,7호선,면목,15625,15257,30882
202110,7호선,상봉,17032,16003,33035
202110,7호선,중화,10906,10868,21774
202110,7호선,먹골,10252,9994,20246
202110,7호선,태릉입구,8660,8234,16894
202110,7호선,공릉,12350,12196,24546
202110,7호선,하계,18038,16886,34924
202110,7호선,중계,14887,13683,28570
202110,7호선,노원,18650,19841,38491
202110,7호선,마들,13030,12519,25549
202110,7호선,수락산,12979,12993,25972
202110,7호선,도봉산,9721,11636,21357
202110,7호선,장암,2400,970,3370
202110,7호선,반포,5914,5569,11483
202110,7호선,부평구청,7674,6956,14630
202110,7호선,굴포천,9285,9736,19021
202110,7호선,삼산체육관,5626,5014,10640
202110,7호선,상동,13476,14379,27855
202110,7호선,부천시청,13460,13414,26874
202110,7호선,신중동,14502,14991,29493
202110,7호선,춘의,9994,9782,19776
202110,7호선,부천종합운동장,4882,4371,9253
202110,7호선,까치울,8108,7749,15857
202110,7호선,온수,10865,10164,21029
202110,7호선,천왕,11603,10800,22403
202110,7호선,광명사거리,23032,22691,45723
202110,7호선,철산,21736,22364,44100
202110,7호선,가산디지털단지,44921,44515,89436
202110,7호선,남구로,15556,16498,32054
202110,7호선,대림,7964,8089,16053
202110,7호선,신풍,11901,11266,23167
202110,7호선,보라매,9840,9744,19584
202110,7호선,신대방삼거리,16500,15593,32093
202110,7호선,장승배기,9375,9053,18428
202110,7호선,상도,10888,10348,21236
202110,7호선,숭실대입구,13235,13061,26296
202110,7호선,남성,11058,10120,21178
202110,7호선,이수,16390,15691,32081
202110,7호선,내방,14522,14742,29264
202110,7호선,고속터미널,17729,14365,32094
202110,7호선,반포,5988,5698,11686
202110,7호선,논현,20774,22412,43186
202110,7호선,학동,23543,24968,48511
202110,7호선,강남구청,16372,18001,34373
202110,7호선,청담,18917,21278,40195
202110,7호선,뚝섬유원지,9603,9195,18798
202110,7호선,건대입구,12494,12886,25380
202110,7호선,어린이대공원,12799,12511,25310
202110,7호선,군자,15078,12172,27250
202110,7호선,중곡,10431,9651,20082
202110,7호선,용마산,6303,5966,12269
202110,7호선,사가정,16553,16543,33096
202110,7호선,면목,15641,15205,30846
202110,7호선,상봉,17267,16262,33529
202110,7호선,중화,11048,10756,21804
202110,7호선,먹골,10357,10048,20405
202110,7호선,태릉입구,8801,8468,17269
202110,7호선,공릉,12697,12451,25148
202110,7호선,하계,18140,17000,35140
202110,7호선,중계,14795,13318,28113
202110,7호선,노원,20106,21624,41730
202110,7호선,마들,13306,12569,25875
202110,7호선,수락산,13156,12621,25777
202110,7호선,도봉산,9610,11401,21011
202110,7호선,장암,2377,1066,3443
202111,7호선,부평구청,7552,6688,14240
202111,7호선,굴포천,9004,9499,18503
202111,7호선,삼산체육관,5382,4843,10225
202111,7호선,상동,12745,13307,26052
202111,7호선,부천시청,12603,12607,25210
202111,7호선,신중동,14020,13999,28019
202111,7호선,춘의,10119,9963,20082
202111,7호선,부천종합운동장,5043,4360,9403
202111,7호선,까치울,7982,7639,15621
202111,7호선,온수,11099,10170,21269
202111,7호선,천왕,11569,11030,22599
202111,7호선,광명사거리,22558,21975,44533
202111,7호선,철산,20998,21422,42420
202111,7호선,가산디지털단지,47567,47746,95313
202111,7호선,남구로,16476,17294,33770
202111,7호선,대림,7916,7613,15529
202111,7호선,신풍,11806,11279,23085
202111,7호선,보라매,10024,9970,19994
202111,7호선,신대방삼거리,16340,15653,31993
202111,7호선,장승배기,9352,9103,18455
202111,7호선,상도,10340,10065,20405
202111,7호선,숭실대입구,13035,13448,26483
202111,7호선,남성,10905,9968,20873
202111,7호선,이수,15155,14910,30065
202111,7호선,내방,14301,14624,28925
202111,7호선,고속터미널,15808,13136,28944
202111,7호선,반포,5551,5330,10881
202111,7호선,논현,19970,21724,41694
202111,7호선,학동,24182,25678,49860
202111,7호선,강남구청,15872,17505,33377
202111,7호선,청담,19168,21240,40408
202111,7호선,뚝섬유원지,7753,7680,15433
202111,7호선,어린이대공원,12202,12213,24415
202111,7호선,군자,14387,11799,26186
202111,7호선,중곡,10367,9478,19845
202111,7호선,용마산,6118,5923,12041
202111,7호선,사가정,16342,16147,32489
202111,7호선,면목,15758,15292,31050
202111,7호선,상봉,16713,15586,32299
202111,7호선,중화,10942,10891,21833
202111,7호선,먹골,9947,9626,19573
202111,7호선,태릉입구,8441,8113,16554
202111,7호선,공릉,11865,11843,23708
202111,7호선,하계,17594,16499,34093
202111,7호선,중계,14438,13254,27692
202111,7호선,노원,18678,19998,38676
202111,7호선,마들,12905,12043,24948
202111,7호선,수락산,12683,12382,25065
202111,7호선,도봉산,9699,11275,20974
202111,7호선,장암,2390,838,3228
202111,7호선,건대입구,11473,12123,23596
202111,7호선,장암,2447,963,3410
202111,7호선,도봉산,9948,11825,21773
202111,7호선,수락산,12878,12515,25393
202111,7호선,마들,12957,12279,25236
202111,7호선,노원,18840,20118,38958
202111,7호선,중계,14979,13559,28538
202111,7호선,하계,17926,16792,34718
202111,7호선,공릉,12160,12028,24188
202111,7호선,태릉입구,8584,8157,16741
202111,7호선,먹골,10154,9813,19967
202111,7호선,중화,11202,11001,22203
202111,7호선,상봉,17054,16030,33084
202111,7호선,면목,15936,15433,31369
202111,7호선,사가정,16335,16359,32694
202111,7호선,용마산,6357,6030,12387
202111,7호선,중곡,10566,9721,20287
202111,7호선,군자,14764,11917,26681
202111,7호선,어린이대공원,12802,12757,25559
202111,7호선,건대입구,11731,12270,24001
202111,7호선,뚝섬유원지,7989,7865,15854
202111,7호선,청담,19688,22021,41709
202111,7호선,강남구청,16805,18804,35609
202111,7호선,학동,24740,26388,51128
202111,7호선,논현,20647,22650,43297
202111,7호선,반포,5899,5563,11462
202111,7호선,고속터미널,14728,12927,27655
202111,7호선,내방,14817,15157,29974
202111,7호선,이수,15577,15150,30727
202111,7호선,남성,11207,10337,21544
202111,7호선,숭실대입구,13442,13637,27079
202111,7호선,상도,10796,10396,21192
202111,7호선,장승배기,9352,9310,18662
202111,7호선,신대방삼거리,16584,15774,32358
202111,7호선,보라매,10244,10075,20319
202111,7호선,신풍,11979,11354,23333
202111,7호선,대림,7616,7647,15263
202111,7호선,남구로,16441,17302,33743
202111,7호선,가산디지털단지,48211,48395,96606
202111,7호선,철산,21386,21801,43187
202111,7호선,광명사거리,22813,22085,44898
202111,7호선,천왕,11933,11381,23314
202111,7호선,온수,11423,10612,22035
202111,7호선,까치울,8229,7793,16022
202111,7호선,부천종합운동장,4995,4347,9342
202111,7호선,춘의,10334,10150,20484
202111,7호선,신중동,14445,14334,28779
202111,7호선,부천시청,12861,12922,25783
202111,7호선,상동,13256,13973,27229
202111,7호선,삼산체육관,5634,5003,10637
202111,7호선,굴포천,9355,9610,18965
202111,7호선,부평구청,7757,6943,14700
202111,7호선,부평구청,7806,7045,14851
202111,7호선,굴포천,9439,9768,19207
202111,7호선,삼산체육관,5600,5089,10689
202111,7호선,상동,13744,14416,28160
202111,7호선,부천시청,12926,13073,25999
202111,7호선,신중동,14494,14588,29082
202111,7호선,춘의,10396,10183,20579
202111,7호선,부천종합운동장,4889,4245,9134
202111,7호선,까치울,8315,7839,16154
202111,7호선,온수,11249,10476,21725
202111,7호선,천왕,12092,11267,23359
202111,7호선,광명사거리,22884,22266,45150
202111,7호선,철산,21446,21898,43344
202111,7호선,가산디지털단지,47944,48277,96221
202111,7호선,남구로,16314,17324,33638
202111,7호선,대림,7588,7586,15174
202111,7호선,신풍,12176,11653,23829
202111,7호선,보라매,10176,10121,20297
202111,7호선,신대방삼거리,16391,15786,32177
202111,7호선,장승배기,9547,9345,18892
202111,7호선,상도,10668,10336,21004
202111,7호선,숭실대입구,13734,13892,27626
202111,7호선,남성,11147,10093,21240
202111,7호선,이수,15942,15682,31624
202111,7호선,내방,14908,15133,30041
202111,7호선,고속터미널,14690,12948,27638
202111,7호선,반포,6043,5859,11902
202111,7호선,논현,20717,22592,43309
202111,7호선,학동,24961,26753,51714
202111,7호선,강남구청,16848,18659,35507
202111,7호선,청담,19752,22177,41929
202111,7호선,뚝섬유원지,8293,8040,16333
202111,7호선,건대입구,12146,12730,24876
202111,7호선,어린이대공원,12707,12716,25423
202111,7호선,군자,14980,12137,27117
202111,7호선,중곡,10724,9923,20647
202111,7호선,용마산,6461,6207,12668
202111,7호선,사가정,16640,16483,33123
202111,7호선,면목,15748,15319,31067
202111,7호선,상봉,17410,16150,33560
202111,7호선,중화,11249,10983,22232
202111,7호선,먹골,10261,9975,20236
202111,7호선,태릉입구,8469,8132,16601
202111,7호선,공릉,12290,12163,24453
202111,7호선,하계,18650,17617,36267
202111,7호선,중계,15026,13764,28790
202111,7호선,노원,18932,20472,39404
202111,7호선,마들,13345,12452,25797
202111,7호선,수락산,13036,12687,25723
202111,7호선,도봉산,10005,11687,21692
202111,7호선,장암,2403,936,3339
202111,7호선,부평구청,7622,6852,14474
202111,7호선,굴포천,9306,9772,19078
202111,7호선,삼산체육관,5538,4914,10452
202111,7호선,상동,13114,13730,26844
202111,7호선,부천시청,12780,12762,25542
202111,7호선,신중동,14279,14353,28632
202111,7호선,춘의,10344,10084,20428
202111,7호선,부천종합운동장,4820,4284,9104
202111,7호선,까치울,8203,7803,16006
202111,7호선,온수,11423,10668,22091
202111,7호선,천왕,11939,11262,23201
202111,7호선,광명사거리,22658,22264,44922
202111,7호선,철산,21309,21776,43085
202111,7호선,가산디지털단지,47319,47701,95020
202111,7호선,남구로,16011,16978,32989
202111,7호선,대림,7809,7778,15587
202111,7호선,신풍,11885,11305,23190
202111,7호선,보라매,10044,10055,20099
202111,7호선,신대방삼거리,16677,15642,32319
202111,7호선,장승배기,9351,9067,18418
202111,7호선,상도,10736,10348,21084
202111,7호선,숭실대입구,13550,13431,26981
202111,7호선,남성,11063,10125,21188
202111,7호선,이수,15596,15229,30825
202111,7호선,내방,14752,14935,29687
202111,7호선,고속터미널,15018,12994,28012
202111,7호선,반포,5841,5694,11535
202111,7호선,논현,20475,22473,42948
202111,7호선,학동,24593,26467,51060
202111,7호선,강남구청,16605,18597,35202
202111,7호선,청담,19717,22455,42172
202111,7호선,뚝섬유원지,8132,7713,15845
202111,7호선,건대입구,11929,12411,24340
202111,7호선,어린이대공원,12926,12892,25818
202111,7호선,군자,14906,11777,26683
202111,7호선,중곡,10708,9738,20446
202111,7호선,용마산,6395,6046,12441
202111,7호선,사가정,16584,16291,32875
202111,7호선,면목,15829,15291,31120
202111,7호선,상봉,17403,16468,33871
202111,7호선,중화,11222,11110,22332
202111,7호선,먹골,10201,9857,20058
202111,7호선,태릉입구,8563,8187,16750
202111,7호선,공릉,12075,11911,23986
202111,7호선,하계,18193,16942,35135
202111,7호선,중계,14862,13422,28284
202111,7호선,노원,18837,20040,38877
202111,7호선,마들,13231,12503,25734
202111,7호선,수락산,12834,12619,25453
202111,7호선,도봉산,9605,11221,20826
202111,7호선,장암,2445,1002,3447
202111,7호선,부평구청,7682,6884,14566
202111,7호선,굴포천,9505,9933,19438
202111,7호선,삼산체육관,5605,4969,10574
202111,7호선,상동,13528,14389,27917
202111,7호선,부천시청,13373,13279,26652
202111,7호선,신중동,14833,15314,30147
202111,7호선,춘의,10364,9971,20335
202111,7호선,부천종합운동장,5003,4352,9355
202111,7호선,까치울,8392,7902,16294
202111,7호선,온수,11476,10546,22022
202111,7호선,천왕,12016,11035,23051
202111,7호선,광명사거리,23733,23155,46888
202111,7호선,철산,22069,22955,45024
202111,7호선,가산디지털단지,47022,46977,93999
202111,7호선,남구로,16062,16848,32910
202111,7호선,대림,7820,7911,15731
202111,7호선,신풍,12020,11445,23465
202111,7호선,보라매,10512,10099,20611
202111,7호선,신대방삼거리,16994,15851,32845
202111,7호선,장승배기,9641,9198,18839
202111,7호선,상도,10977,10240,21217
202111,7호선,숭실대입구,13444,12997,26441
202111,7호선,남성,11341,10127,21468
202111,7호선,이수,16369,15957,32326
202111,7호선,내방,14791,15037,29828
202111,7호선,고속터미널,17688,14497,32185
202111,7호선,반포,6204,5815,12019
202111,7호선,논현,20795,23462,44257
202111,7호선,학동,24080,26082,50162
202111,7호선,강남구청,16790,18924,35714
202111,7호선,청담,19210,22170,41380
202111,7호선,뚝섬유원지,9084,8625,17709
202111,7호선,건대입구,12180,13179,25359
202111,7호선,어린이대공원,13354,13126,26480
202111,7호선,군자,15459,12311,27770
202111,7호선,중곡,10894,9735,20629
202111,7호선,용마산,6432,5884,12316
202111,7호선,사가정,16940,16627,33567
202111,7호선,면목,16158,15350,31508
202111,7호선,상봉,17790,16923,34713
202111,7호선,중화,11300,10872,22172
202111,7호선,먹골,10512,10012,20524
202111,7호선,태릉입구,9026,8372,17398
202111,7호선,공릉,12853,12276,25129
202111,7호선,하계,18330,16565,34895
202111,7호선,중계,14946,13113,28059
202111,7호선,노원,19744,21765,41509
202111,7호선,마들,13374,12278,25652
202111,7호선,수락산,13261,12752,26013
202111,7호선,도봉산,9859,11366,21225
202111,7호선,장암,2449,1050,3499
202111,7호선,장암,2198,767,2965
202111,7호선,도봉산,8915,9755,18670
202111,7호선,수락산,11707,11289,22996
202111,7호선,상봉,16157,15034,31191
202111,7호선,면목,15006,14843,29849
202111,7호선,사가정,15260,15383,30643
202111,7호선,용마산,6028,5566,11594
202111,7호선,중곡,10139,9475,19614
202111,7호선,군자,14282,11696,25978
202111,7호선,어린이대공원,11859,11863,23722
202111,7호선,건대입구,11286,11849,23135
202111,7호선,뚝섬유원지,6445,6348,12793
202111,7호선,청담,18634,20747,39381
202111,7호선,강남구청,15514,17046,32560
202111,7호선,학동,24211,25630,49841
202111,7호선,논현,19362,21269,40631
202111,7호선,반포,5485,5304,10789
202111,7호선,고속터미널,15051,12475,27526
202111,7호선,내방,14257,14471,28728
202111,7호선,이수,14574,14407,28981
202111,7호선,남성,10655,9940,20595
202111,7호선,숭실대입구,12338,12804,25142
202111,7호선,상도,9921,9694,19615
202111,7호선,장승배기,9025,8836,17861
202111,7호선,신대방삼거리,16020,15443,31463
202111,7호선,보라매,9608,9517,19125
202111,7호선,신풍,11322,10951,22273
202111,7호선,대림,8193,7852,16045
202111,7호선,남구로,16626,17164,33790
202111,7호선,가산디지털단지,48212,47484,95696
202111,7호선,철산,20334,20583,40917
202111,7호선,광명사거리,21174,20723,41897
202111,7호선,천왕,11246,10649,21895
202111,7호선,온수,10661,9758,20419
202111,7호선,까치울,7361,7119,14480
202111,7호선,부천종합운동장,4466,3853,8319
202111,7호선,춘의,9907,9854,19761
202111,7호선,신중동,13197,13196,26393
202111,7호선,부천시청,12081,12103,24184
202111,7호선,상동,12334,12758,25092
202111,7호선,삼산체육관,5109,4668,9777
202111,7호선,굴포천,8847,9227,18074
202111,7호선,부평구청,7231,6501,13732
202111,7호선,마들,12416,11798,24214
202111,7호선,노원,16889,17805,34694
202111,7호선,중계,13708,12687,26395
202111,7호선,하계,17101,16040,33141
202111,7호선,공릉,11273,11289,22562
202111,7호선,태릉입구,7944,7558,15502
202111,7호선,먹골,9620,9454,19074
202111,7호선,중화,10476,10455,20931
202111,7호선,장암,2305,829,3134
202111,7호선,도봉산,9358,10398,19756
202111,7호선,수락산,12296,12127,24423
202111,7호선,마들,12865,12257,25122
202111,7호선,노원,18981,20008,38989
202111,7호선,중계,14472,13261,27733
202111,7호선,하계,17755,16641,34396
202111,7호선,공릉,12097,11869,23966
202111,7호선,태릉입구,8254,7880,16134
202111,7호선,먹골,10051,9806,19857
202111,7호선,중화,11054,10781,21835
202111,7호선,상봉,16728,15694,32422
202111,7호선,면목,15550,15293,30843
202111,7호선,사가정,15919,15659,31578
202111,7호선,용마산,6198,5957,12155
202111,7호선,중곡,10573,9858,20431
202111,7호선,군자,14964,12125,27089
202111,7호선,어린이대공원,12544,12356,24900
202111,7호선,건대입구,11789,12422,24211
202111,7호선,뚝섬유원지,6830,6607,13437
202111,7호선,청담,19857,22102,41959
202111,7호선,강남구청,16656,18480,35136
202111,7호선,학동,25028,26426,51454
202111,7호선,논현,20563,22545,43108
202111,7호선,반포,5719,5604,11323
202111,7호선,고속터미널,14756,12824,27580
202111,7호선,내방,14660,14971,29631
202111,7호선,이수,15273,15044,30317
202111,7호선,남성,11138,10220,21358
202111,7호선,숭실대입구,13067,13220,26287
202111,7호선,상도,10486,10239,20725
202111,7호선,장승배기,9346,9197,18543
202111,7호선,신대방삼거리,16535,15901,32436
202111,7호선,보라매,10044,9956,20000
202111,7호선,신풍,11812,11282,23094
202111,7호선,대림,7927,7907,15834
202111,7호선,남구로,16635,17313,33948
202111,7호선,가산디지털단지,48499,48455,96954
202111,7호선,철산,20835,21349,42184
202111,7호선,광명사거리,21938,21408,43346
202111,7호선,천왕,11607,10925,22532
202111,7호선,온수,11031,10092,21123
202111,7호선,까치울,7795,7437,15232
202111,7호선,부천종합운동장,4556,4015,8571
202111,7호선,춘의,10263,10094,20357
202111,7호선,신중동,14266,14029,28295
202111,7호선,부천시청,12565,12553,25118
202111,7호선,상동,12832,13372,26204
202111,7호선,삼산체육관,5309,4814,10123
202111,7호선,굴포천,9256,9690,18946
202111,7호선,부평구청,7607,6820,14427
202111,7호선,장암,2405,889,3294
202111,7호선,도봉산,9600,11109,20709
202111,7호선,수락산,13085,12743,25828
202111,7호선,마들,13358,12487,25845
202111,7호선,노원,19238,20464,39702
202111,7호선,중계,15008,13681,28689
202111,7호선,하계,18955,17929,36884
202111,7호선,공릉,12453,12313,24766
202111,7호선,태릉입구,8651,8142,16793
202111,7호선,먹골,10265,10043,20308
202111,7호선,중화,11337,11224,22561
202111,7호선,상봉,17419,16455,33874
202111,7호선,면목,16851,16342,33193
202111,7호선,사가정,16721,16644,33365
202111,7호선,용마산,6541,6096,12637
202111,7호선,중곡,10908,10295,21203
202111,7호선,군자,15136,12321,27457
202111,7호선,어린이대공원,12857,12597,25454
202111,7호선,건대입구,12111,12687,24798
202111,7호선,뚝섬유원지,7497,7263,14760
202111,7호선,청담,19969,22682,42651
202111,7호선,강남구청,17007,18712,35719
202111,7호선,학동,25473,27248,52721
202111,7호선,논현,20579,22580,43159
202111,7호선,반포,5845,5541,11386
202111,7호선,고속터미널,15160,13371,28531
202111,7호선,내방,15031,15410,30441
202111,7호선,이수,15726,15548,31274
202111,7호선,남성,11428,10412,21840
202111,7호선,숭실대입구,13737,13927,27664
202111,7호선,상도,10685,10229,20914
202111,7호선,장승배기,9635,9388,19023
202111,7호선,신대방삼거리,16891,16116,33007
202111,7호선,보라매,10363,10265,20628
202111,7호선,신풍,12139,11563,23702
202111,7호선,대림,7852,7796,15648
202111,7호선,남구로,16612,17461,34073
202111,7호선,가산디지털단지,49003,48945,97948
202111,7호선,철산,21760,22504,44264
202111,7호선,광명사거리,23129,22619,45748
202111,7호선,천왕,12003,11199,23202
202111,7호선,온수,11505,10750,22255
202111,7호선,까치울,8327,7785,16112
202111,7호선,부천종합운동장,4892,4242,9134
202111,7호선,춘의,10534,10237,20771
202111,7호선,신중동,14743,14912,29655
202111,7호선,부천시청,13064,13124,26188
202111,7호선,상동,13681,14313,27994
202111,7호선,삼산체육관,5595,5044,10639
202111,7호선,굴포천,9434,10056,19490
202111,7호선,부평구청,7730,7055,14785
202111,7호선,장암,2440,979,3419
202111,7호선,도봉산,9580,10926,20506
202111,7호선,수락산,12964,12613,25577
202111,7호선,마들,13195,12547,25742
202111,7호선,노원,19051,20377,39428
202111,7호선,중계,14615,13274,27889
202111,7호선,하계,18170,16909,35079
202111,7호선,공릉,12171,12057,24228
202111,7호선,태릉입구,8567,8213,16780
202111,7호선,먹골,10343,9860,20203
202111,7호선,중화,11248,11031,22279
202111,7호선,상봉,17449,16403,33852
202111,7호선,면목,16798,16196,32994
202111,7호선,사가정,16662,16519,33181
202111,7호선,용마산,6465,6212,12677
202111,7호선,중곡,10587,9875,20462
202111,7호선,군자,15103,12302,27405
202111,7호선,어린이대공원,13099,13034,26133
202111,7호선,건대입구,12576,13087,25663
202111,7호선,뚝섬유원지,7684,7493,15177
202111,7호선,청담,19993,22742,42735
202111,7호선,강남구청,16942,18875,35817
202111,7호선,학동,25292,27123,52415
202111,7호선,논현,20755,22769,43524
202111,7호선,반포,5975,5620,11595
202111,7호선,고속터미널,15700,13644,29344
202111,7호선,내방,15124,15370,30494
202111,7호선,이수,16004,15486,31490
202111,7호선,남성,11214,10395,21609
202111,7호선,숭실대입구,13343,13458,26801
202111,7호선,상도,10822,10327,21149
202111,7호선,장승배기,9717,9269,18986
202111,7호선,신대방삼거리,16836,16209,33045
202111,7호선,보라매,10154,10124,20278
202111,7호선,신풍,11839,11262,23101
202111,7호선,대림,7901,7910,15811
202111,7호선,남구로,16406,17311,33717
202111,7호선,가산디지털단지,48332,48414,96746
202111,7호선,철산,21889,22494,44383
202111,7호선,광명사거리,23073,22749,45822
202111,7호선,천왕,11948,11166,23114
202111,7호선,온수,11181,10454,21635
202111,7호선,까치울,8137,7617,15754
202111,7호선,부천종합운동장,4853,4186,9039
202111,7호선,춘의,10323,10249,20572
202111,7호선,신중동,14718,14721,29439
202111,7호선,부천시청,13028,13030,26058
202111,7호선,상동,13586,14101,27687
202111,7호선,삼산체육관,5485,4937,10422
202111,7호선,굴포천,9644,9899,19543
202111,7호선,부평구청,7894,6952,14846
202111,7호선,장암,2405,993,3398
202111,7호선,도봉산,9429,10745,20174
202111,7호선,수락산,12855,12250,25105
202111,7호선,마들,13349,12192,25541
202111,7호선,노원,20061,21722,41783
202111,7호선,중계,14511,12777,27288
202111,7호선,하계,18430,16854,35284
202111,7호선,공릉,12446,12318,24764
202111,7호선,태릉입구,8778,8331,17109
202111,7호선,먹골,10442,9871,20313
202111,7호선,중화,11387,10919,22306
202111,7호선,상봉,17957,16915,34872
202111,7호선,면목,16844,16012,32856
202111,7호선,사가정,16812,16684,33496
202111,7호선,용마산,6404,5829,12233
202111,7호선,중곡,10918,9980,20898
202111,7호선,군자,15460,12224,27684
202111,7호선,어린이대공원,13716,13273,26989
202111,7호선,건대입구,12628,13612,26240
202111,7호선,뚝섬유원지,7961,7617,15578
202111,7호선,청담,19309,22532,41841
202111,7호선,강남구청,16971,19015,35986
202111,7호선,학동,24639,26408,51047
202111,7호선,논현,21063,23661,44724
202111,7호선,반포,5993,5772,11765
202111,7호선,고속터미널,18368,15006,33374
202111,7호선,내방,14737,14928,29665
202111,7호선,이수,16485,15996,32481
202111,7호선,남성,11367,10030,21397
202111,7호선,숭실대입구,13503,13120,26623
202111,7호선,상도,11001,10176,21177
202111,7호선,장승배기,9594,9204,18798
202111,7호선,신대방삼거리,16980,15713,32693
202111,7호선,보라매,10093,9624,19717
202111,7호선,신풍,11937,11297,23234
202111,7호선,대림,7817,8014,15831
202111,7호선,남구로,15963,16786,32749
202111,7호선,가산디지털단지,47053,46517,93570
202111,7호선,철산,22066,22997,45063
202111,7호선,광명사거리,23389,22790,46179
202111,7호선,천왕,11954,10836,22790
202111,7호선,온수,10761,10108,20869
202111,7호선,까치울,8271,7813,16084
202111,7호선,부천종합운동장,4838,4282,9120
202111,7호선,춘의,10390,9917,20307
202111,7호선,신중동,14865,14900,29765
202111,7호선,부천시청,13379,13432,26811
202111,7호선,상동,13635,14536,28171
202111,7호선,삼산체육관,5653,4796,10449
202111,7호선,굴포천,9427,9893,19320
202111,7호선,부평구청,7628,6877,14505
202111,7호선,장암,2342,888,3230
202111,7호선,도봉산,9566,10915,20481
202111,7호선,수락산,12556,12282,24838
202111,7호선,마들,12844,12205,25049
202111,7호선,노원,18927,20044,38971
202111,7호선,중계,14462,13244,27706
202111,7호선,하계,17224,16230,33454
202111,7호선,공릉,11488,11428,22916
202111,7호선,태릉입구,8242,7922,16164
202111,7호선,먹골,9982,9708,19690
202111,7호선,중화,10881,10534,21415
202111,7호선,상봉,16783,15849,32632
202111,7호선,면목,16396,16102,32498
202111,7호선,사가정,16312,16319,32631
202111,7호선,용마산,6184,5894,12078
202111,7호선,중곡,10264,9686,19950
202111,7호선,군자,14662,12094,26756
202111,7호선,어린이대공원,12528,12326,24854
202111,7호선,건대입구,11791,12353,24144
202111,7호선,뚝섬유원지,7692,7330,15022
202111,7호선,청담,19445,21734,41179
202111,7호선,강남구청,16167,17841,34008
202111,7호선,학동,24528,26076,50604
202111,7호선,논현,20546,22377,42923
202111,7호선,반포,5810,5562,11372
202111,7호선,고속터미널,16083,13236,29319
202111,7호선,내방,14621,14887,29508
202111,7호선,이수,15445,15046,30491
202111,7호선,남성,10893,10131,21024
202111,7호선,숭실대입구,13118,13438,26556
202111,7호선,상도,10618,10278,20896
202111,7호선,장승배기,9431,9119,18550
202111,7호선,신대방삼거리,16495,15751,32246
202111,7호선,보라매,9780,9760,19540
202111,7호선,신풍,11746,11208,22954
202111,7호선,대림,8159,8099,16258
202111,7호선,남구로,16296,17093,33389
202111,7호선,가산디지털단지,48094,48108,96202
202111,7호선,철산,21049,21597,42646
202111,7호선,광명사거리,22412,21997,44409
202111,7호선,천왕,11616,10939,22555
202111,7호선,온수,10726,9764,20490
202111,7호선,까치울,7969,7418,15387
202111,7호선,부천종합운동장,4862,4245,9107
202111,7호선,춘의,10152,9950,20102
202111,7호선,신중동,14351,14412,28763
202111,7호선,부천시청,11912,11794,23706
202111,7호선,상동,13025,13482,26507
202111,7호선,삼산체육관,5432,4851,10283
202111,7호선,굴포천,9179,9462,18641
202111,7호선,부평구청,7562,6697,14259
202111,7호선,장암,2419,907,3326
202111,7호선,도봉산,9774,11311,21085
202111,7호선,수락산,12875,12599,25474
202111,7호선,마들,13003,12206,25209
202111,7호선,노원,19395,20470,39865
202111,7호선,중계,14760,13365,28125
202111,7호선,하계,17565,16533,34098
202111,7호선,공릉,11963,11927,23890
202111,7호선,태릉입구,8536,8168,16704
202111,7호선,먹골,10113,9833,19946
202111,7호선,중화,11241,10967,22208
202111,7호선,상봉,17316,16467,33783
202111,7호선,면목,16706,16289,32995
202111,7호선,사가정,16443,16425,32868
202111,7호선,용마산,6423,6133,12556
202111,7호선,중곡,10729,10047,20776
202111,7호선,군자,15086,12247,27333
202111,7호선,어린이대공원,12916,13059,25975
202111,7호선,건대입구,11895,12271,24166
202111,7호선,뚝섬유원지,7691,7504,15195
202111,7호선,청담,19822,22399,42221
202111,7호선,강남구청,17061,18919,35980
202111,7호선,학동,25235,26907,52142
202111,7호선,논현,21111,23004,44115
202111,7호선,반포,5900,5771,11671
202111,7호선,고속터미널,15398,13280,28678
202111,7호선,내방,15002,15209,30211
202111,7호선,이수,15664,15614,31278
202111,7호선,남성,11239,10266,21505
202111,7호선,숭실대입구,13443,13812,27255
202111,7호선,상도,10756,10283,21039
202111,7호선,장승배기,9477,9302,18779
202111,7호선,신대방삼거리,16913,16179,33092
202111,7호선,보라매,10085,10017,20102
202111,7호선,신풍,12032,11536,23568
202111,7호선,대림,7905,7942,15847
202111,7호선,남구로,16444,17323,33767
202111,7호선,가산디지털단지,48589,48890,97479
202111,7호선,철산,21544,22178,43722
202111,7호선,광명사거리,22897,22269,45166
202111,7호선,천왕,11912,11171,23083
202111,7호선,온수,11001,10064,21065
202111,7호선,까치울,8143,7738,15881
202111,7호선,부천종합운동장,4964,4410,9374
202111,7호선,춘의,10457,10194,20651
202111,7호선,신중동,14552,14553,29105
202111,7호선,부천시청,12925,12953,25878
202111,7호선,상동,13203,13720,26923
202111,7호선,삼산체육관,5569,4964,10533
202111,7호선,굴포천,9378,9807,19185
202111,7호선,부평구청,7844,7046,14890
202111,7호선,장암,2451,953,3404
202111,7호선,도봉산,9921,11500,21421
202111,7호선,수락산,12992,12628,25620
202111,7호선,마들,13377,12781,26158
202111,7호선,노원,19606,21020,40626
202111,7호선,중계,15038,13557,28595
202111,7호선,하계,18572,17305,35877
202111,7호선,공릉,11971,11859,23830
202111,7호선,태릉입구,8698,8217,16915
202111,7호선,먹골,10245,9821,20066
202111,7호선,중화,11112,10935,22047
202111,7호선,상봉,17261,16154,33415
202111,7호선,면목,16621,16230,32851
202111,7호선,사가정,16796,16615,33411
202111,7호선,용마산,6265,6065,12330
202111,7호선,중곡,10720,10107,20827
202111,7호선,군자,15094,12345,27439
202111,7호선,어린이대공원,12650,12481,25131
202111,7호선,건대입구,11967,12306,24273
202111,7호선,뚝섬유원지,7910,7680,15590
202111,7호선,청담,19846,22389,42235
202111,7호선,강남구청,17186,18960,36146
202111,7호선,학동,25430,27004,52434
202111,7호선,논현,20986,22843,43829
202111,7호선,반포,6048,5747,11795
202111,7호선,고속터미널,15504,13590,29094
202111,7호선,내방,15161,15422,30583
202111,7호선,이수,16168,15689,31857
202111,7호선,남성,11270,10204,21474
202111,7호선,숭실대입구,13516,13743,27259
202111,7호선,상도,10859,10302,21161
202111,7호선,장승배기,9664,9309,18973
202111,7호선,신대방삼거리,16857,16196,33053
202111,7호선,보라매,10111,10116,20227
202111,7호선,신풍,11990,11448,23438
202111,7호선,대림,7754,7958,15712
202111,7호선,남구로,16396,17271,33667
202111,7호선,가산디지털단지,48469,48530,96999
202111,7호선,철산,21822,22338,44160
202111,7호선,광명사거리,23181,22536,45717
202111,7호선,천왕,12037,11317,23354
202111,7호선,온수,11286,10506,21792
202111,7호선,까치울,8178,7794,15972
202111,7호선,부천종합운동장,4931,4292,9223
202111,7호선,춘의,10564,10350,20914
202111,7호선,신중동,14784,14661,29445
202111,7호선,상동,13557,14167,27724
202111,7호선,삼산체육관,5620,5015,10635
202111,7호선,굴포천,9396,9866,19262
202111,7호선,부평구청,7799,6974,14773
202111,7호선,부천시청,12981,13036,26017
202111,7호선,부평구청,7562,6869,14431
202111,7호선,굴포천,9417,9820,19237
202111,7호선,삼산체육관,5978,5392,11370
202111,7호선,상동,13133,13695,26828
202111,7호선,부천시청,12904,12807,25711
202111,7호선,신중동,14384,14413,28797
202111,7호선,춘의,10341,9981,20322
202111,7호선,부천종합운동장,4856,4218,9074
202111,7호선,까치울,7950,7540,15490
202111,7호선,온수,10803,10212,21015
202111,7호선,천왕,11746,10977,22723
202111,7호선,광명사거리,22558,22173,44731
202111,7호선,철산,21153,21788,42941
202111,7호선,가산디지털단지,47447,47888,95335
202111,7호선,남구로,15989,16922,32911
202111,7호선,대림,7826,7789,15615
202111,7호선,신풍,11853,11206,23059
202111,7호선,보라매,9852,9699,19551
202111,7호선,신대방삼거리,16969,16093,33062
202111,7호선,장승배기,9370,9081,18451
202111,7호선,상도,10688,10100,20788
202111,7호선,숭실대입구,12938,13193,26131
202111,7호선,남성,11148,10129,21277
202111,7호선,이수,15657,15394,31051
202111,7호선,내방,14764,15117,29881
202111,7호선,고속터미널,15501,13449,28950
202111,7호선,반포,5841,5566,11407
202111,7호선,논현,20235,22240,42475
202111,7호선,학동,24804,26595,51399
202111,7호선,강남구청,16929,18801,35730
202111,7호선,청담,19645,22237,41882
202111,7호선,뚝섬유원지,7989,7554,15543
202111,7호선,건대입구,11700,12543,24243
202111,7호선,어린이대공원,12477,12264,24741
202111,7호선,군자,14823,11961,26784
202111,7호선,중곡,10639,9926,20565
202111,7호선,용마산,6096,5840,11936
202111,7호선,사가정,16288,16049,32337
202111,7호선,면목,16334,15786,32120
202111,7호선,상봉,17067,16101,33168
202111,7호선,중화,11105,10723,21828
202111,7호선,먹골,9963,9605,19568
202111,7호선,태릉입구,8436,8219,16655
202111,7호선,공릉,11799,11691,23490
202111,7호선,하계,17926,16551,34477
202111,7호선,중계,14444,12952,27396
202111,7호선,노원,18952,20107,39059
202111,7호선,마들,13002,12233,25235
202111,7호선,수락산,12674,12165,24839
202111,7호선,도봉산,9430,10727,20157
202111,7호선,장암,2326,836,3162
202111,7호선,장암,2441,1038,3479
202111,7호선,도봉산,9467,10753,20220
202111,7호선,수락산,12940,12291,25231
202111,7호선,마들,13222,12157,25379
202111,7호선,노원,19845,21596,41441
202111,7호선,중계,14623,12915,27538
202111,7호선,하계,18136,16326,34462
202111,7호선,공릉,12515,11943,24458
202111,7호선,태릉입구,8996,8613,17609
202111,7호선,먹골,10266,9852,20118
202111,7호선,중화,11143,10593,21736
202111,7호선,상봉,17817,16932,34749
202111,7호선,면목,16803,16018,32821
202111,7호선,사가정,16794,16486,33280
202111,7호선,용마산,6210,5818,12028
202111,7호선,중곡,10521,9844,20365
202111,7호선,군자,15405,12224,27629
202111,7호선,어린이대공원,13376,12949,26325
202111,7호선,건대입구,12402,13393,25795
202111,7호선,뚝섬유원지,8796,8392,17188
202111,7호선,청담,19369,22343,41712
202111,7호선,강남구청,16594,18811,35405
202111,7호선,학동,24020,26006,50026
202111,7호선,논현,20918,23620,44538
202111,7호선,반포,6216,5757,11973
202111,7호선,고속터미널,18655,15137,33792
202111,7호선,내방,14946,15120,30066
202111,7호선,이수,16420,16276,32696
202111,7호선,남성,11305,10082,21387
202111,7호선,숭실대입구,15259,14459,29718
202111,7호선,상도,11301,10431,21732
202111,7호선,장승배기,9532,9137,18669
202111,7호선,신대방삼거리,16826,15599,32425
202111,7호선,보라매,9917,9490,19407
202111,7호선,신풍,11825,11093,22918
202111,7호선,대림,7948,8038,15986
202111,7호선,남구로,15610,16618,32228
202111,7호선,가산디지털단지,46130,45853,91983
202111,7호선,철산,22169,22954,45123
202111,7호선,광명사거리,23169,22575,45744
202111,7호선,천왕,11877,10811,22688
202111,7호선,온수,10825,10001,20826
202111,7호선,까치울,8087,7708,15795
202111,7호선,부천종합운동장,5071,4287,9358
202111,7호선,춘의,10237,9941,20178
202111,7호선,신중동,14894,15186,30080
202111,7호선,부천시청,13589,13475,27064
202111,7호선,상동,13707,14471,28178
202111,7호선,삼산체육관,5519,4738,10257
202111,7호선,굴포천,9541,9959,19500
202111,7호선,부평구청,7775,6908,14683
202111,7호선,장암,2384,863,3247
202111,7호선,도봉산,9199,10483,19682
202111,7호선,수락산,12458,12098,24556
202111,7호선,마들,12860,12298,25158
202111,7호선,노원,19120,19947,39067
202111,7호선,중계,14160,12994,27154
202111,7호선,하계,17845,16773,34618
202111,7호선,공릉,13091,12913,26004
202111,7호선,태릉입구,8247,7926,16173
202111,7호선,먹골,10220,9968,20188
202111,7호선,중화,10970,10839,21809
202111,7호선,상봉,16772,15852,32624
202111,7호선,면목,16627,16241,32868
202111,7호선,사가정,16316,16333,32649
202111,7호선,용마산,6142,5996,12138
202111,7호선,중곡,11112,10185,21297
202111,7호선,군자,14623,11955,26578
202111,7호선,어린이대공원,12395,12527,24922
202111,7호선,건대입구,12012,12421,24433
202111,7호선,뚝섬유원지,6987,6908,13895
202111,7호선,청담,19365,21843,41208
202111,7호선,강남구청,16218,17953,34171
202111,7호선,학동,24789,26295,51084
202111,7호선,논현,20346,22348,42694
202111,7호선,반포,5863,5641,11504
202111,7호선,고속터미널,16237,13454,29691
202111,7호선,내방,14730,15049,29779
202111,7호선,이수,15292,14918,30210
202111,7호선,남성,10941,10337,21278
202111,7호선,숭실대입구,13144,13462,26606
202111,7호선,상도,10506,10170,20676
202111,7호선,장승배기,9469,9367,18836
202111,7호선,신대방삼거리,16591,15995,32586
202111,7호선,보라매,10161,10050,20211
202111,7호선,신풍,11517,11113,22630
202111,7호선,대림,8214,8064,16278
202111,7호선,남구로,16496,17341,33837
202111,7호선,가산디지털단지,48018,47645,95663
202111,7호선,철산,20932,21614,42546
202111,7호선,광명사거리,22305,21839,44144
202111,7호선,천왕,11628,11086,22714
202111,7호선,온수,10938,10143,21081
202111,7호선,까치울,7887,7422,15309
202111,7호선,부천종합운동장,4741,4171,8912
202111,7호선,춘의,10274,10231,20505
202111,7호선,신중동,14564,14404,28968
202111,7호선,부천시청,12816,12778,25594
202111,7호선,상동,13014,13431,26445
202111,7호선,삼산체육관,5449,4965,10414
202111,7호선,굴포천,9161,9629,18790
202111,7호선,부평구청,7591,6768,14359
202111,7호선,부평구청,7834,6994,14828
202111,7호선,굴포천,9597,10060,19657
202111,7호선,삼산체육관,6154,5789,11943
202111,7호선,상동,13303,13923,27226
202111,7호선,부천시청,13001,12878,25879
202111,7호선,신중동,14598,14374,28972
202111,7호선,춘의,10440,10195,20635
202111,7호선,부천종합운동장,4811,4171,8982
202111,7호선,까치울,7924,7569,15493
202111,7호선,온수,10982,10185,21167
202111,7호선,천왕,11813,11246,23059
202111,7호선,광명사거리,22448,22220,44668
202111,7호선,철산,21393,21769,43162
202111,7호선,가산디지털단지,48533,48503,97036
202111,7호선,남구로,16340,17335,33675
202111,7호선,대림,8022,7898,15920
202111,7호선,신풍,11923,11339,23262
202111,7호선,보라매,10255,10167,20422
202111,7호선,신대방삼거리,16833,16129,32962
202111,7호선,장승배기,9501,9239,18740
202111,7호선,상도,10734,10432,21166
202111,7호선,숭실대입구,13335,13547,26882
202111,7호선,남성,11164,10439,21603
202111,7호선,이수,15588,15498,31086
202111,7호선,내방,14888,15188,30076
202111,7호선,고속터미널,15243,13476,28719
202111,7호선,반포,5982,5674,11656
202111,7호선,논현,20891,22988,43879
202111,7호선,학동,25471,27076,52547
202111,7호선,강남구청,17059,18797,35856
202111,7호선,청담,19979,22626,42605
202111,7호선,뚝섬유원지,6983,6848,13831
202111,7호선,건대입구,11953,12625,24578
202111,7호선,어린이대공원,12516,12558,25074
202111,7호선,군자,15013,12072,27085
202111,7호선,중곡,11042,10227,21269
202111,7호선,용마산,6297,6057,12354
202111,7호선,사가정,16393,16373,32766
202111,7호선,면목,16638,16319,32957
202111,7호선,상봉,17049,15749,32798
202111,7호선,중화,11134,11041,22175
202111,7호선,먹골,10161,9854,20015
202111,7호선,태릉입구,8614,8133,16747
202111,7호선,공릉,13082,12840,25922
202111,7호선,하계,18220,17092,35312
202111,7호선,중계,14400,13229,27629
202111,7호선,노원,19260,20264,39524
202111,7호선,마들,12938,12416,25354
202111,7호선,수락산,12572,12249,24821
202111,7호선,도봉산,9336,10700,20036
202111,7호선,장암,2369,896,3265
202111,7호선,부평구청,7690,6939,14629
202111,7호선,굴포천,9616,10089,19705
202111,7호선,삼산체육관,5563,5029,10592
202111,7호선,상동,13491,14059,27550
202111,7호선,부천시청,13099,13130,26229
202111,7호선,신중동,14691,14705,29396
202111,7호선,춘의,10364,10213,20577
202111,7호선,부천종합운동장,4964,4314,9278
202111,7호선,까치울,7969,7487,15456
202111,7호선,온수,11330,10486,21816
202111,7호선,천왕,11852,11110,22962
202111,7호선,광명사거리,23013,22620,45633
202111,7호선,철산,21433,22037,43470
202111,7호선,가산디지털단지,47970,48233,96203
202111,7호선,남구로,16183,17175,33358
202111,7호선,대림,7825,7917,15742
202111,7호선,신풍,11878,11400,23278
202111,7호선,보라매,10307,10191,20498
202111,7호선,신대방삼거리,16891,16117,33008
202111,7호선,장승배기,9465,9427,18892
202111,7호선,상도,10904,10417,21321
202111,7호선,숭실대입구,13485,13676,27161
202111,7호선,남성,11205,10421,21626
202111,7호선,이수,15705,15254,30959
202111,7호선,내방,14996,15409,30405
202111,7호선,고속터미널,15264,13379,28643
202111,7호선,반포,5801,5622,11423
202111,7호선,논현,20686,22625,43311
202111,7호선,학동,25480,27178,52658
202111,7호선,강남구청,17057,18989,36046
202111,7호선,청담,20169,22822,42991
202111,7호선,뚝섬유원지,7492,7192,14684
202111,7호선,건대입구,12016,12636,24652
202111,7호선,어린이대공원,12352,12191,24543
202111,7호선,군자,15051,12042,27093
202111,7호선,중곡,11269,10360,21629
202111,7호선,용마산,6377,6134,12511
202111,7호선,사가정,16557,16543,33100
202111,7호선,면목,16710,16263,32973
202111,7호선,상봉,17043,16063,33106
202111,7호선,중화,11171,11075,22246
202111,7호선,먹골,10231,9841,20072
202111,7호선,태릉입구,8614,8054,16668
202111,7호선,공릉,12252,12171,24423
202111,7호선,하계,18790,17555,36345
202111,7호선,중계,14547,13342,27889
202111,7호선,노원,19048,20192,39240
202111,7호선,마들,13257,12474,25731
202111,7호선,수락산,12707,12302,25009
202111,7호선,도봉산,9439,10948,20387
202111,7호선,장암,2406,865,3271
202111,7호선,부평구청,7769,7079,14848
202111,7호선,굴포천,9511,9832,19343
202111,7호선,삼산체육관,5707,5078,10785
202111,7호선,상동,13441,14162,27603
202111,7호선,부천시청,13026,13015,26041
202111,7호선,신중동,14743,14875,29618
202111,7호선,춘의,10340,10081,20421
202111,7호선,부천종합운동장,5183,4506,9689
202111,7호선,까치울,8074,7612,15686
202111,7호선,온수,11457,10709,22166
202111,7호선,천왕,11909,11251,23160
202111,7호선,광명사거리,23312,23049,46361
202111,7호선,철산,21417,21817,43234
202111,7호선,가산디지털단지,48223,48274,96497
202111,7호선,남구로,16196,17302,33498
202111,7호선,대림,7971,7992,15963
202111,7호선,신풍,11894,11420,23314
202111,7호선,보라매,10464,10453,20917
202111,7호선,신대방삼거리,17071,16388,33459
202111,7호선,장승배기,9655,9346,19001
202111,7호선,상도,10860,10424,21284
202111,7호선,숭실대입구,13516,13565,27081
202111,7호선,남성,11425,10411,21836
202111,7호선,이수,15996,15469,31465
202111,7호선,내방,14962,15412,30374
202111,7호선,고속터미널,15479,13489,28968
202111,7호선,반포,6057,5767,11824
202111,7호선,논현,20746,22980,43726
202111,7호선,학동,25298,27080,52378
202111,7호선,강남구청,17285,19275,36560
202111,7호선,청담,20146,23058,43204
202111,7호선,뚝섬유원지,7529,7300,14829
202111,7호선,건대입구,12105,12804,24909
202111,7호선,어린이대공원,12508,12619,25127
202111,7호선,군자,15300,12075,27375
202111,7호선,중곡,10856,10084,20940
202111,7호선,용마산,6302,5983,12285
202111,7호선,사가정,16713,16553,33266
202111,7호선,면목,16864,16358,33222
202111,7호선,상봉,17191,16141,33332
202111,7호선,중화,11297,11064,22361
202111,7호선,먹골,10278,9893,20171
202111,7호선,태릉입구,8786,8364,17150
202111,7호선,공릉,12439,12282,24721
202111,7호선,하계,18735,17442,36177
202111,7호선,중계,14602,13267,27869
202111,7호선,노원,19285,20400,39685
202111,7호선,마들,13462,12628,26090
202111,7호선,수락산,13025,12710,25735
202111,7호선,도봉산,9425,11100,20525
202111,7호선,장암,2397,878,3275
202111,7호선,장암,2333,999,3332
202111,7호선,도봉산,9261,10459,19720
202111,7호선,수락산,13179,12524,25703
202111,7호선,마들,13451,12534,25985
202111,7호선,노원,20253,21920,42173
202111,7호선,중계,14612,12806,27418
202111,7호선,하계,18287,16917,35204
202111,7호선,공릉,12819,12388,25207
202111,7호선,태릉입구,9048,8438,17486
202111,7호선,먹골,10328,9994,20322
202111,7호선,중화,11403,10886,22289
202111,7호선,상봉,17561,16605,34166
202111,7호선,면목,17121,16515,33636
202111,7호선,사가정,16919,16630,33549
202111,7호선,용마산,6384,5852,12236
202111,7호선,중곡,11287,10128,21415
202111,7호선,군자,15474,12128,27602
202111,7호선,어린이대공원,13030,12819,25849
202111,7호선,건대입구,12804,13541,26345
202111,7호선,뚝섬유원지,7450,7260,14710
202111,7호선,청담,19730,22700,42430
202111,7호선,강남구청,16910,18956,35866
202111,7호선,학동,24071,26016,50087
202111,7호선,논현,21035,23991,45026
202111,7호선,반포,6224,5884,12108
202111,7호선,고속터미널,18102,14746,32848
202111,7호선,내방,15049,15317,30366
202111,7호선,이수,16568,16243,32811
202111,7호선,남성,11465,10239,21704
202111,7호선,숭실대입구,13399,13048,26447
202111,7호선,상도,11050,10319,21369
202111,7호선,장승배기,9733,9168,18901
202111,7호선,신대방삼거리,17204,15948,33152
202111,7호선,보라매,10487,10098,20585
202111,7호선,신풍,12061,11446,23507
202111,7호선,대림,7927,8060,15987
202111,7호선,남구로,15864,16802,32666
202111,7호선,가산디지털단지,47026,46468,93494
202111,7호선,철산,22026,22777,44803
202111,7호선,광명사거리,23581,22990,46571
202111,7호선,천왕,11795,10839,22634
202111,7호선,온수,11194,10217,21411
202111,7호선,까치울,8055,7686,15741
202111,7호선,부천종합운동장,5209,4506,9715
202111,7호선,춘의,10270,9950,20220
202111,7호선,신중동,14941,15206,30147
202111,7호선,부천시청,13627,13580,27207
202111,7호선,상동,13865,14682,28547
202111,7호선,삼산체육관,5513,4850,10363
202111,7호선,굴포천,9592,10098,19690
202111,7호선,부평구청,7898,7022,14920
202111,7호선,장암,2425,860,3285
202111,7호선,도봉산,9438,10679,20117
202111,7호선,수락산,12547,12372,24919
202111,7호선,마들,12930,12252,25182
202111,7호선,노원,19268,20482,39750
202111,7호선,중계,14329,12990,27319
202111,7호선,하계,17868,16618,34486
202111,7호선,공릉,12095,12071,24166
202111,7호선,태릉입구,8358,7998,16356
202111,7호선,먹골,9968,9752,19720
202111,7호선,중화,10955,10777,21732
202111,7호선,상봉,16748,15726,32474
202111,7호선,면목,16494,15980,32474
202111,7호선,사가정,16227,16325,32552
202111,7호선,용마산,6223,5892,12115
202111,7호선,중곡,10942,10064,21006
202111,7호선,군자,14723,11937,26660
202111,7호선,어린이대공원,12206,12276,24482
202111,7호선,건대입구,11413,12316,23729
202111,7호선,뚝섬유원지,7448,7300,14748
202111,7호선,청담,19550,21820,41370
202111,7호선,강남구청,16341,17997,34338
202111,7호선,학동,24862,26477,51339
202111,7호선,논현,20691,22291,42982
202111,7호선,반포,5860,5619,11479
202111,7호선,고속터미널,15874,13108,28982
202111,7호선,내방,14598,14984,29582
202111,7호선,이수,15223,15053,30276
202111,7호선,남성,11069,10267,21336
202111,7호선,숭실대입구,12933,13261,26194
202111,7호선,상도,10558,10187,20745
202111,7호선,장승배기,9399,9358,18757
202111,7호선,신대방삼거리,16751,16163,32914
202111,7호선,보라매,10398,10339,20737
202111,7호선,신풍,11681,11238,22919
202111,7호선,대림,7908,7922,15830
202111,7호선,남구로,16437,17211,33648
202111,7호선,가산디지털단지,47553,47858,95411
202111,7호선,철산,21220,21658,42878
202111,7호선,광명사거리,22638,22227,44865
202111,7호선,천왕,11960,11322,23282
202111,7호선,온수,11119,10257,21376
202111,7호선,까치울,7681,7443,15124
202111,7호선,부천종합운동장,5229,4596,9825
202111,7호선,춘의,10228,10091,20319
202111,7호선,신중동,14303,14334,28637
202111,7호선,부천시청,12961,12877,25838
202111,7호선,상동,12811,13388,26199
202111,7호선,삼산체육관,5546,4965,10511
202111,7호선,굴포천,9235,9650,18885
202111,7호선,부평구청,7640,6877,14517
202111,7호선,장암,2179,752,2931
202111,7호선,도봉산,8922,9869,18791
202111,7호선,수락산,12045,11623,23668
202111,7호선,마들,12713,12045,24758
202111,7호선,노원,18447,19235,37682
202111,7호선,중계,14109,12805,26914
202111,7호선,하계,17377,16429,33806
202111,7호선,공릉,11697,11661,23358
202111,7호선,태릉입구,8020,7798,15818
202111,7호선,먹골,9863,9458,19321
202111,7호선,중화,10908,10609,21517
202111,7호선,상봉,16138,15028,31166
202111,7호선,면목,16186,15793,31979
202111,7호선,사가정,15733,15719,31452
202111,7호선,용마산,6039,5765,11804
202111,7호선,중곡,10726,9833,20559
202111,7호선,군자,14400,11637,26037
202111,7호선,어린이대공원,12214,12028,24242
202111,7호선,건대입구,11600,12099,23699
202111,7호선,뚝섬유원지,6603,6422,13025
202111,7호선,청담,19138,21746,40884
202111,7호선,강남구청,16571,18210,34781
202111,7호선,학동,24616,26276,50892
202111,7호선,논현,19986,22050,42036
202111,7호선,반포,5751,5538,11289
202111,7호선,고속터미널,14361,12454,26815
202111,7호선,내방,14400,14790,29190
202111,7호선,이수,14948,14624,29572
202111,7호선,남성,11187,10176,21363
202111,7호선,숭실대입구,12959,13075,26034
202111,7호선,상도,10365,9886,20251
202111,7호선,장승배기,8999,8749,17748
202111,7호선,신대방삼거리,16589,15694,32283
202111,7호선,보라매,10238,10126,20364
202111,7호선,신풍,11477,10964,22441
202111,7호선,대림,7852,7851,15703
202111,7호선,남구로,16308,16971,33279
202111,7호선,가산디지털단지,47461,47615,95076
202111,7호선,철산,20356,20892,41248
202111,7호선,광명사거리,21405,20992,42397
202111,7호선,천왕,11314,10749,22063
202111,7호선,온수,10805,9918,20723
202111,7호선,까치울,7525,7144,14669
202111,7호선,부천종합운동장,4765,4116,8881
202111,7호선,춘의,10004,9891,19895
202111,7호선,신중동,13780,13884,27664
202111,7호선,부천시청,12356,12156,24512
202111,7호선,상동,12827,13303,26130
202111,7호선,삼산체육관,5194,4698,9892
202111,7호선,굴포천,9241,9609,18850
202111,7호선,부평구청,7674,6855,14529
202112,7호선,부평구청,7593,6735,14328
202112,7호선,굴포천,9238,9856,19094
202112,7호선,삼산체육관,5806,5328,11134
202112,7호선,상동,13311,13818,27129
202112,7호선,부천시청,12991,13045,26036
202112,7호선,신중동,14428,14394,28822
202112,7호선,춘의,10460,10239,20699
202112,7호선,부천종합운동장,4990,4345,9335
202112,7호선,까치울,7860,7514,15374
202112,7호선,온수,11352,10467,21819
202112,7호선,천왕,11890,11178,23068
202112,7호선,광명사거리,22454,22211,44665
202112,7호선,철산,21221,21845,43066
202112,7호선,가산디지털단지,48278,48141,96419
202112,7호선,남구로,16559,17303,33862
202112,7호선,대림,7919,8076,15995
202112,7호선,신풍,11697,11281,22978
202112,7호선,보라매,10319,10229,20548
202112,7호선,신대방삼거리,16646,15963,32609
202112,7호선,장승배기,9388,9261,18649
202112,7호선,상도,10553,10132,20685
202112,7호선,숭실대입구,13368,13437,26805
202112,7호선,남성,11182,10384,21566
202112,7호선,이수,15749,15299,31048
202112,7호선,내방,14730,15208,29938
202112,7호선,고속터미널,14437,12875,27312
202112,7호선,반포,5753,5630,11383
202112,7호선,논현,20595,22673,43268
202112,7호선,학동,25569,27016,52585
202112,7호선,강남구청,16901,18644,35545
202112,7호선,청담,19783,22564,42347
202112,7호선,뚝섬유원지,7107,6903,14010
202112,7호선,건대입구,12153,12570,24723
202112,7호선,어린이대공원,12401,12350,24751
202112,7호선,군자,15017,12100,27117
202112,7호선,중곡,11019,10360,21379
202112,7호선,용마산,6189,5930,12119
202112,7호선,사가정,16363,16412,32775
202112,7호선,면목,16610,16331,32941
202112,7호선,상봉,16878,15841,32719
202112,7호선,중화,11016,11037,22053
202112,7호선,먹골,10084,9907,19991
202112,7호선,태릉입구,8531,8004,16535
202112,7호선,공릉,12237,12083,24320
202112,7호선,하계,18258,17066,35324
202112,7호선,중계,14558,13418,27976
202112,7호선,노원,19181,19895,39076
202112,7호선,마들,13115,12567,25682
202112,7호선,수락산,12494,12117,24611
202112,7호선,도봉산,9196,10477,19673
202112,7호선,장암,2287,847,3134
202112,7호선,중계,14172,12854,27026
202112,7호선,부평구청,7674,6722,14396
202112,7호선,굴포천,9047,9559,18606
202112,7호선,삼산체육관,5313,4830,10143
202112,7호선,상동,13103,13632,26735
202112,7호선,부천시청,12612,12660,25272
202112,7호선,신중동,14341,14338,28679
202112,7호선,춘의,10263,10111,20374
202112,7호선,부천종합운동장,5011,4463,9474
202112,7호선,까치울,7777,7360,15137
202112,7호선,온수,11064,10402,21466
202112,7호선,천왕,11612,10953,22565
202112,7호선,광명사거리,22211,21863,44074
202112,7호선,철산,20918,21509,42427
202112,7호선,가산디지털단지,47624,47670,95294
202112,7호선,남구로,16195,17032,33227
202112,7호선,대림,7850,7855,15705
202112,7호선,신풍,11632,11073,22705
202112,7호선,보라매,10269,10189,20458
202112,7호선,신대방삼거리,16628,15827,32455
202112,7호선,장승배기,9223,8913,18136
202112,7호선,상도,10667,10305,20972
202112,7호선,숭실대입구,13058,13137,26195
202112,7호선,남성,11117,10302,21419
202112,7호선,이수,15506,15232,30738
202112,7호선,내방,14923,15109,30032
202112,7호선,고속터미널,14714,12760,27474
202112,7호선,반포,5849,5614,11463
202112,7호선,논현,20526,22764,43290
202112,7호선,학동,25235,26999,52234
202112,7호선,강남구청,16859,18699,35558
202112,7호선,청담,19599,22431,42030
202112,7호선,뚝섬유원지,7280,7093,14373
202112,7호선,건대입구,11542,11872,23414
202112,7호선,어린이대공원,12353,12372,24725
202112,7호선,군자,14729,11883,26612
202112,7호선,중곡,10851,10013,20864
202112,7호선,용마산,6162,5946,12108
202112,7호선,사가정,16099,16033,32132
202112,7호선,면목,16389,15983,32372
202112,7호선,상봉,16737,15622,32359
202112,7호선,중화,10908,10736,21644
202112,7호선,먹골,9896,9720,19616
202112,7호선,태릉입구,8478,7957,16435
202112,7호선,공릉,12146,12007,24153
202112,7호선,하계,17871,16831,34702
202112,7호선,노원,18870,19688,38558
202112,7호선,마들,13072,12517,25589
202112,7호선,수락산,12457,12133,24590
202112,7호선,도봉산,9070,10391,19461
202112,7호선,장암,2271,840,3111
202112,7호선,장암,2305,876,3181
202112,7호선,도봉산,9099,10315,19414
202112,7호선,수락산,12662,12213,24875
202112,7호선,마들,13256,12461,25717
202112,7호선,노원,19809,21316,41125
202112,7호선,중계,14593,12921,27514
202112,7호선,하계,18094,16716,34810
202112,7호선,공릉,12685,12167,24852
202112,7호선,태릉입구,8635,8174,16809
202112,7호선,먹골,10335,9788,20123
202112,7호선,중화,11306,10797,22103
202112,7호선,상봉,17254,16433,33687
202112,7호선,면목,16901,16264,33165
202112,7호선,사가정,16520,16244,32764
202112,7호선,용마산,6292,5768,12060
202112,7호선,중곡,11110,10148,21258
202112,7호선,군자,15375,12099,27474
202112,7호선,어린이대공원,12804,12481,25285
202112,7호선,건대입구,12194,13091,25285
202112,7호선,뚝섬유원지,7430,7190,14620
202112,7호선,청담,19342,22379,41721
202112,7호선,강남구청,16753,18816,35569
202112,7호선,학동,24614,26530,51144
202112,7호선,논현,20724,23593,44317
202112,7호선,반포,6066,5778,11844
202112,7호선,고속터미널,17065,14187,31252
202112,7호선,내방,14885,15217,30102
202112,7호선,이수,16578,16126,32704
202112,7호선,남성,11473,10277,21750
202112,7호선,숭실대입구,13090,12879,25969
202112,7호선,상도,10960,10176,21136
202112,7호선,장승배기,9680,9355,19035
202112,7호선,신대방삼거리,17068,15841,32909
202112,7호선,보라매,10266,10128,20394
202112,7호선,신풍,11876,11268,23144
202112,7호선,대림,7976,8139,16115
202112,7호선,남구로,15753,16726,32479
202112,7호선,가산디지털단지,47231,46592,93823
202112,7호선,철산,21793,22725,44518
202112,7호선,광명사거리,23341,22899,46240
202112,7호선,천왕,11846,10934,22780
202112,7호선,온수,11222,10233,21455
202112,7호선,까치울,7786,7435,15221
202112,7호선,부천종합운동장,5421,4562,9983
202112,7호선,춘의,10334,9909,20243
202112,7호선,신중동,14797,14916,29713
202112,7호선,부천시청,13373,13327,26700
202112,7호선,상동,13580,14520,28100
202112,7호선,삼산체육관,5470,4905,10375
202112,7호선,굴포천,9354,9916,19270
202112,7호선,부평구청,7617,6745,14362
202112,7호선,부평구청,7390,6608,13998
202112,7호선,굴포천,9115,9581,18696
202112,7호선,삼산체육관,5334,4869,10203
202112,7호선,상동,12662,13272,25934
202112,7호선,부천시청,12643,12611,25254
202112,7호선,신중동,13977,13872,27849
202112,7호선,춘의,10113,10107,20220
202112,7호선,부천종합운동장,5377,4721,10098
202112,7호선,까치울,7653,7294,14947
202112,7호선,온수,10929,10021,20950
202112,7호선,천왕,11637,11108,22745
202112,7호선,광명사거리,22352,21893,44245
202112,7호선,철산,20849,21283,42132
202112,7호선,가산디지털단지,47348,47588,94936
202112,7호선,남구로,16675,17277,33952
202112,7호선,대림,8039,8063,16102
202112,7호선,신풍,11450,11187,22637
202112,7호선,보라매,10101,10097,20198
202112,7호선,신대방삼거리,16291,15723,32014
202112,7호선,장승배기,9358,9222,18580
202112,7호선,상도,10230,9994,20224
202112,7호선,숭실대입구,12528,12850,25378
202112,7호선,남성,11100,10437,21537
202112,7호선,이수,15099,14700,29799
202112,7호선,내방,14509,14788,29297
202112,7호선,고속터미널,15136,12856,27992
202112,7호선,반포,5682,5472,11154
202112,7호선,논현,20530,22309,42839
202112,7호선,학동,24336,25773,50109
202112,7호선,강남구청,16140,17724,33864
202112,7호선,청담,18917,21314,40231
202112,7호선,뚝섬유원지,6962,6877,13839
202112,7호선,건대입구,11336,11758,23094
202112,7호선,어린이대공원,11609,11531,23140
202112,7호선,군자,14428,11744,26172
202112,7호선,중곡,10930,10156,21086
202112,7호선,용마산,5991,5802,11793
202112,7호선,사가정,15985,16203,32188
202112,7호선,면목,16723,16190,32913
202112,7호선,상봉,16411,15379,31790
202112,7호선,중화,10856,10655,21511
202112,7호선,먹골,9954,9657,19611
202112,7호선,태릉입구,8054,7636,15690
202112,7호선,공릉,11592,11596,23188
202112,7호선,하계,17355,16211,33566
202112,7호선,중계,14446,13307,27753
202112,7호선,노원,18888,19930,38818
202112,7호선,마들,12872,12248,25120
202112,7호선,수락산,12350,12055,24405
202112,7호선,도봉산,9330,10652,19982
202112,7호선,장암,2360,837,3197
202112,7호선,장암,2368,877,3245
202112,7호선,도봉산,9304,10922,20226
202112,7호선,수락산,12587,12135,24722
202112,7호선,마들,12921,12347,25268
202112,7호선,노원,19044,20223,39267
202112,7호선,중계,14508,13397,27905
202112,7호선,하계,17565,16484,34049
202112,7호선,공릉,11810,11831,23641
202112,7호선,태릉입구,8131,7902,16033
202112,7호선,먹골,9965,9677,19642
202112,7호선,중화,10999,10745,21744
202112,7호선,상봉,16828,15574,32402
202112,7호선,면목,16759,16379,33138
202112,7호선,사가정,16076,16112,32188
202112,7호선,용마산,6172,5925,12097
202112,7호선,중곡,10822,10117,20939
202112,7호선,군자,14735,11899,26634
202112,7호선,어린이대공원,11654,11741,23395
202112,7호선,건대입구,11669,11883,23552
202112,7호선,뚝섬유원지,7289,7217,14506
202112,7호선,청담,19457,21899,41356
202112,7호선,강남구청,16737,18476,35213
202112,7호선,학동,25088,26546,51634
202112,7호선,논현,20621,22615,43236
202112,7호선,반포,5697,5471,11168
202112,7호선,고속터미널,14717,13031,27748
202112,7호선,내방,14745,15139,29884
202112,7호선,이수,15477,15115,30592
202112,7호선,남성,11168,10457,21625
202112,7호선,숭실대입구,12849,13090,25939
202112,7호선,상도,10554,10058,20612
202112,7호선,장승배기,9458,9205,18663
202112,7호선,신대방삼거리,16816,16044,32860
202112,7호선,보라매,10181,10223,20404
202112,7호선,신풍,11750,11173,22923
202112,7호선,대림,7833,7875,15708
202112,7호선,남구로,16307,17154,33461
202112,7호선,가산디지털단지,47925,48152,96077
202112,7호선,철산,20819,21406,42225
202112,7호선,광명사거리,22503,22063,44566
202112,7호선,천왕,11731,11172,22903
202112,7호선,온수,11015,10040,21055
202112,7호선,까치울,7885,7573,15458
202112,7호선,부천종합운동장,5156,4490,9646
202112,7호선,춘의,10336,10144,20480
202112,7호선,신중동,14174,14142,28316
202112,7호선,부천시청,12617,12736,25353
202112,7호선,상동,12820,13601,26421
202112,7호선,삼산체육관,5379,4817,10196
202112,7호선,굴포천,9225,9508,18733
202112,7호선,부평구청,7614,6706,14320
202112,7호선,부평구청,7514,6700,14214
202112,7호선,굴포천,9294,9745,19039
202112,7호선,삼산체육관,5380,4881,10261
202112,7호선,상동,12973,13528,26501
202112,7호선,부천시청,12465,12615,25080
202112,7호선,신중동,14308,14287,28595
202112,7호선,춘의,10184,10123,20307
202112,7호선,부천종합운동장,5072,4539,9611
202112,7호선,까치울,7972,7589,15561
202112,7호선,온수,10995,10119,21114
202112,7호선,천왕,11827,11164,22991
202112,7호선,광명사거리,22318,22010,44328
202112,7호선,철산,20798,21379,42177
202112,7호선,가산디지털단지,47278,47360,94638
202112,7호선,남구로,16195,17113,33308
202112,7호선,대림,7659,7674,15333
202112,7호선,신풍,11644,11081,22725
202112,7호선,보라매,10278,10102,20380
202112,7호선,신대방삼거리,16716,15906,32622
202112,7호선,장승배기,9413,9186,18599
202112,7호선,상도,10384,10002,20386
202112,7호선,숭실대입구,13974,14132,28106
202112,7호선,남성,11228,10455,21683
202112,7호선,이수,15503,15196,30699
202112,7호선,내방,14636,15036,29672
202112,7호선,고속터미널,14308,12733,27041
202112,7호선,반포,5796,5716,11512
202112,7호선,논현,20468,22196,42664
202112,7호선,학동,25121,26993,52114
202112,7호선,강남구청,16919,18602,35521
202112,7호선,청담,19351,21806,41157
202112,7호선,뚝섬유원지,7466,7256,14722
202112,7호선,건대입구,11164,11685,22849
202112,7호선,어린이대공원,11772,11661,23433
202112,7호선,군자,14809,11998,26807
202112,7호선,중곡,11067,10294,21361
202112,7호선,용마산,6186,5846,12032
202112,7호선,사가정,16000,15917,31917
202112,7호선,면목,16376,15946,32322
202112,7호선,상봉,16606,15753,32359
202112,7호선,중화,10900,10660,21560
202112,7호선,먹골,9939,9657,19596
202112,7호선,태릉입구,8229,7861,16090
202112,7호선,공릉,11673,11781,23454
202112,7호선,하계,18267,17174,35441
202112,7호선,중계,14717,13397,28114
202112,7호선,노원,18712,19859,38571
202112,7호선,마들,12953,12222,25175
202112,7호선,수락산,12725,12226,24951
202112,7호선,도봉산,9373,10764,20137
202112,7호선,장암,2338,915,3253
202112,7호선,태릉입구,8259,7818,16077
202112,7호선,장암,2295,833,3128
202112,7호선,도봉산,9229,10774,20003
202112,7호선,수락산,12331,12121,24452
202112,7호선,마들,12854,12254,25108
202112,7호선,노원,18206,19142,37348
202112,7호선,중계,14403,13121,27524
202112,7호선,하계,17669,16408,34077
202112,7호선,공릉,11740,11562,23302
202112,7호선,먹골,9845,9539,19384
202112,7호선,중화,10748,10515,21263
202112,7호선,상봉,16834,15590,32424
202112,7호선,면목,15942,15402,31344
202112,7호선,사가정,15982,15856,31838
202112,7호선,용마산,5915,5764,11679
202112,7호선,중곡,11053,10395,21448
202112,7호선,군자,14537,11781,26318
202112,7호선,어린이대공원,11523,11524,23047
202112,7호선,건대입구,11183,11600,22783
202112,7호선,뚝섬유원지,7341,7105,14446
202112,7호선,청담,19210,22120,41330
202112,7호선,강남구청,16812,18538,35350
202112,7호선,학동,25020,26743,51763
202112,7호선,논현,20541,22529,43070
202112,7호선,반포,5770,5514,11284
202112,7호선,고속터미널,14309,12558,26867
202112,7호선,내방,14604,14878,29482
202112,7호선,이수,15204,14936,30140
202112,7호선,남성,11256,10326,21582
202112,7호선,숭실대입구,13606,13648,27254
202112,7호선,상도,10350,9947,20297
202112,7호선,장승배기,9350,9063,18413
202112,7호선,신대방삼거리,16327,15664,31991
202112,7호선,보라매,9787,9739,19526
202112,7호선,신풍,11609,11008,22617
202112,7호선,대림,7391,7474,14865
202112,7호선,남구로,15968,17019,32987
202112,7호선,가산디지털단지,46354,46397,92751
202112,7호선,철산,21832,22656,44488
202112,7호선,광명사거리,22241,21720,43961
202112,7호선,천왕,11647,10985,22632
202112,7호선,온수,11187,10176,21363
202112,7호선,까치울,7742,7440,15182
202112,7호선,부천종합운동장,4876,4274,9150
202112,7호선,춘의,10153,9937,20090
202112,7호선,신중동,13972,13951,27923
202112,7호선,부천시청,12738,12574,25312
202112,7호선,상동,12753,13409,26162
202112,7호선,삼산체육관,5316,4794,10110
202112,7호선,굴포천,9072,9490,18562
202112,7호선,부평구청,7527,6822,14349
202112,7호선,부평구청,7442,6479,13921
202112,7호선,굴포천,9184,9671,18855
202112,7호선,삼산체육관,5761,5192,10953
202112,7호선,상동,12890,13798,26688
202112,7호선,부천시청,12977,12885,25862
202112,7호선,신중동,14247,14449,28696
202112,7호선,춘의,10184,9907,20091
202112,7호선,부천종합운동장,5044,4280,9324
202112,7호선,까치울,7726,7290,15016
202112,7호선,온수,10941,10123,21064
202112,7호선,천왕,11435,10493,21928
202112,7호선,광명사거리,22639,21831,44470
202112,7호선,철산,21661,22585,44246
202112,7호선,가산디지털단지,45360,45116,90476
202112,7호선,남구로,15648,16638,32286
202112,7호선,대림,7626,7738,15364
202112,7호선,신풍,11583,10938,22521
202112,7호선,보라매,9990,9649,19639
202112,7호선,신대방삼거리,16605,15470,32075
202112,7호선,장승배기,9485,9053,18538
202112,7호선,상도,10452,9937,20389
202112,7호선,숭실대입구,13311,12892,26203
202112,7호선,남성,11308,10175,21483
202112,7호선,이수,15977,15579,31556
202112,7호선,내방,14529,14925,29454
202112,7호선,고속터미널,16041,13811,29852
202112,7호선,반포,5990,5721,11711
202112,7호선,논현,20237,23078,43315
202112,7호선,학동,24275,26235,50510
202112,7호선,강남구청,16697,18610,35307
202112,7호선,청담,18951,21858,40809
202112,7호선,뚝섬유원지,7132,6897,14029
202112,7호선,건대입구,11646,12330,23976
202112,7호선,어린이대공원,12029,11833,23862
202112,7호선,군자,14937,11840,26777
202112,7호선,중곡,11305,10277,21582
202112,7호선,용마산,5980,5511,11491
202112,7호선,사가정,16068,15887,31955
202112,7호선,면목,16124,15429,31553
202112,7호선,상봉,16829,15890,32719
202112,7호선,중화,10873,10312,21185
202112,7호선,먹골,10066,9638,19704
202112,7호선,태릉입구,8471,8056,16527
202112,7호선,공릉,11940,11558,23498
202112,7호선,하계,17324,15921,33245
202112,7호선,중계,14392,12586,26978
202112,7호선,노원,19090,20658,39748
202112,7호선,마들,12776,11891,24667
202112,7호선,수락산,12358,11901,24259
202112,7호선,도봉산,8913,10133,19046
202112,7호선,장암,2304,923,3227
202112,7호선,강남구청,15745,17212,32957
202112,7호선,부평구청,7257,6345,13602
202112,7호선,굴포천,9078,9468,18546
202112,7호선,삼산체육관,5117,4672,9789
202112,7호선,상동,12106,12769,24875
202112,7호선,부천시청,12084,12104,24188
202112,7호선,신중동,13648,13541,27189
202112,7호선,춘의,9826,9719,19545
202112,7호선,부천종합운동장,4878,4262,9140
202112,7호선,까치울,7265,6887,14152
202112,7호선,온수,10581,9763,20344
202112,7호선,천왕,11138,10676,21814
202112,7호선,광명사거리,20968,20610,41578
202112,7호선,철산,20253,20650,40903
202112,7호선,가산디지털단지,46371,45975,92346
202112,7호선,남구로,15895,16548,32443
202112,7호선,대림,7776,7776,15552
202112,7호선,신풍,11040,10582,21622
202112,7호선,보라매,9527,9510,19037
202112,7호선,신대방삼거리,15665,15218,30883
202112,7호선,장승배기,9101,8999,18100
202112,7호선,상도,9716,9483,19199
202112,7호선,숭실대입구,13209,13555,26764
202112,7호선,남성,10570,10019,20589
202112,7호선,이수,14353,14148,28501
202112,7호선,내방,14211,14255,28466
202112,7호선,고속터미널,14765,12304,27069
202112,7호선,반포,5498,5401,10899
202112,7호선,논현,19525,21476,41001
202112,7호선,학동,23974,25355,49329
202112,7호선,청담,18648,20635,39283
202112,7호선,뚝섬유원지,6567,6417,12984
202112,7호선,건대입구,11218,11836,23054
202112,7호선,어린이대공원,11227,11013,22240
202112,7호선,군자,13881,11518,25399
202112,7호선,중곡,10530,9952,20482
202112,7호선,용마산,5831,5687,11518
202112,7호선,사가정,15224,15536,30760
202112,7호선,면목,15840,15478,31318
202112,7호선,상봉,15898,14736,30634
202112,7호선,중화,10354,10218,20572
202112,7호선,먹골,9715,9560,19275
202112,7호선,태릉입구,7683,7381,15064
202112,7호선,공릉,11778,11726,23504
202112,7호선,하계,16610,15757,32367
202112,7호선,중계,13686,12618,26304
202112,7호선,노원,18387,19300,37687
202112,7호선,마들,12178,11699,23877
202112,7호선,수락산,11661,11361,23022
202112,7호선,도봉산,8818,9949,18767
202112,7호선,장암,2215,786,3001
202112,7호선,먹골,9896,9662,19558
202112,7호선,부평구청,7499,6728,14227
202112,7호선,굴포천,9035,9507,18542
202112,7호선,삼산체육관,5648,5171,10819
202112,7호선,상동,12699,13119,25818
202112,7호선,부천시청,12350,12359,24709
202112,7호선,신중동,14063,14044,28107
202112,7호선,춘의,10085,9944,20029
202112,7호선,부천종합운동장,4874,4259,9133
202112,7호선,까치울,7608,7216,14824
202112,7호선,온수,10820,9919,20739
202112,7호선,천왕,11490,10877,22367
202112,7호선,광명사거리,21572,21324,42896
202112,7호선,철산,20550,21246,41796
202112,7호선,가산디지털단지,46757,46317,93074
202112,7호선,남구로,16046,16868,32914
202112,7호선,대림,7721,7698,15419
202112,7호선,신풍,11475,10990,22465
202112,7호선,보라매,9749,9733,19482
202112,7호선,신대방삼거리,16095,15455,31550
202112,7호선,장승배기,9241,9291,18532
202112,7호선,상도,10198,9742,19940
202112,7호선,숭실대입구,13982,14131,28113
202112,7호선,남성,10968,10260,21228
202112,7호선,이수,14872,14716,29588
202112,7호선,내방,14439,14766,29205
202112,7호선,고속터미널,14224,12346,26570
202112,7호선,논현,20020,22141,42161
202112,7호선,학동,24848,26371,51219
202112,7호선,강남구청,16674,18341,35015
202112,7호선,청담,19237,21552,40789
202112,7호선,뚝섬유원지,6892,6783,13675
202112,7호선,건대입구,11251,11740,22991
202112,7호선,어린이대공원,12050,11962,24012
202112,7호선,군자,14365,11824,26189
202112,7호선,중곡,10854,10153,21007
202112,7호선,용마산,6096,5870,11966
202112,7호선,사가정,15808,15686,31494
202112,7호선,면목,16294,15997,32291
202112,7호선,상봉,16300,15166,31466
202112,7호선,중화,10678,10486,21164
202112,7호선,태릉입구,8219,7708,15927
202112,7호선,공릉,12198,12104,24302
202112,7호선,하계,17262,16214,33476
202112,7호선,중계,14169,13019,27188
202112,7호선,노원,18482,19212,37694
202112,7호선,마들,12555,11947,24502
202112,7호선,수락산,12266,11919,24185
202112,7호선,도봉산,9563,10583,20146
202112,7호선,장암,2234,825,3059
202112,7호선,반포,5627,5400,11027
202112,7호선,장암,2212,832,3044
202112,7호선,도봉산,9413,10389,19802
202112,7호선,수락산,12227,11876,24103
202112,7호선,마들,12747,12053,24800
202112,7호선,노원,18683,20051,38734
202112,7호선,중계,14344,12995,27339
202112,7호선,하계,17725,16618,34343
202112,7호선,공릉,12278,11876,24154
202112,7호선,태릉입구,8161,7832,15993
202112,7호선,먹골,9933,9553,19486
202112,7호선,중화,10694,10565,21259
202112,7호선,상봉,16631,15492,32123
202112,7호선,면목,16271,15774,32045
202112,7호선,사가정,15900,15819,31719
202112,7호선,용마산,5973,5719,11692
202112,7호선,중곡,11037,10148,21185
202112,7호선,군자,14531,11669,26200
202112,7호선,어린이대공원,11620,11604,23224
202112,7호선,건대입구,11857,12455,24312
202112,7호선,뚝섬유원지,6993,6630,13623
202112,7호선,청담,19091,21865,40956
202112,7호선,강남구청,16695,18369,35064
202112,7호선,학동,24733,26433,51166
202112,7호선,논현,20016,21814,41830
202112,7호선,반포,5564,5400,10964
202112,7호선,고속터미널,14338,12384,26722
202112,7호선,내방,14545,14746,29291
202112,7호선,이수,15589,15416,31005
202112,7호선,남성,10785,9952,20737
202112,7호선,숭실대입구,12579,12691,25270
202112,7호선,상도,10191,9726,19917
202112,7호선,장승배기,9159,8869,18028
202112,7호선,신대방삼거리,16123,15280,31403
202112,7호선,보라매,9638,9617,19255
202112,7호선,신풍,11453,10842,22295
202112,7호선,대림,7605,7481,15086
202112,7호선,남구로,15882,16775,32657
202112,7호선,가산디지털단지,45946,46401,92347
202112,7호선,철산,20757,21313,42070
202112,7호선,광명사거리,22266,21671,43937
202112,7호선,천왕,11621,10967,22588
202112,7호선,온수,10751,10075,20826
202112,7호선,까치울,7780,7193,14973
202112,7호선,부천종합운동장,5044,4416,9460
202112,7호선,춘의,10137,9961,20098
202112,7호선,신중동,14034,14033,28067
202112,7호선,부천시청,12857,12868,25725
202112,7호선,상동,12989,13782,26771
202112,7호선,삼산체육관,5529,4933,10462
202112,7호선,굴포천,9260,9493,18753
202112,7호선,부평구청,7366,6681,14047
202112,7호선,부평구청,7485,6713,14198
202112,7호선,굴포천,9253,9580,18833
202112,7호선,삼산체육관,5516,4927,10443
202112,7호선,상동,12931,13669,26600
202112,7호선,부천시청,12775,12823,25598
202112,7호선,신중동,14262,14254,28516
202112,7호선,춘의,10045,9925,19970
202112,7호선,부천종합운동장,5108,4463,9571
202112,7호선,까치울,7668,7182,14850
202112,7호선,온수,10663,9753,20416
202112,7호선,천왕,11432,10793,22225
202112,7호선,광명사거리,22023,21713,43736
202112,7호선,철산,20871,21275,42146
202112,7호선,가산디지털단지,45403,45713,91116
202112,7호선,남구로,15712,16623,32335
202112,7호선,대림,7395,7562,14957
202112,7호선,신풍,11515,10934,22449
202112,7호선,보라매,9514,9428,18942
202112,7호선,신대방삼거리,16193,15363,31556
202112,7호선,장승배기,9189,9048,18237
202112,7호선,상도,10117,9806,19923
202112,7호선,숭실대입구,12241,12275,24516
202112,7호선,남성,10960,10141,21101
202112,7호선,이수,15219,14960,30179
202112,7호선,내방,14255,14558,28813
202112,7호선,고속터미널,14373,12370,26743
202112,7호선,반포,5708,5495,11203
202112,7호선,논현,19824,22181,42005
202112,7호선,학동,24583,26443,51026
202112,7호선,강남구청,16360,18371,34731
202112,7호선,청담,19211,22259,41470
202112,7호선,뚝섬유원지,7268,6978,14246
202112,7호선,건대입구,11744,12279,24023
202112,7호선,어린이대공원,11714,11688,23402
202112,7호선,군자,14795,11709,26504
202112,7호선,중곡,10762,9982,20744
202112,7호선,용마산,5896,5626,11522
202112,7호선,사가정,15726,15686,31412
202112,7호선,면목,16171,15644,31815
202112,7호선,상봉,16647,15571,32218
202112,7호선,중화,10653,10391,21044
202112,7호선,먹골,9910,9626,19536
202112,7호선,태릉입구,8368,7848,16216
202112,7호선,공릉,11797,11580,23377
202112,7호선,하계,17213,15879,33092
202112,7호선,노원,18692,19755,38447
202112,7호선,마들,12781,11966,24747
202112,7호선,수락산,12122,11813,23935
202112,7호선,도봉산,9434,10486,19920
202112,7호선,장암,2251,797,3048
202112,7호선,중계,14263,12860,27123
202112,7호선,부평구청,7398,6497,13895
202112,7호선,굴포천,9360,9815,19175
202112,7호선,삼산체육관,5217,4736,9953
202112,7호선,상동,13383,14142,27525
202112,7호선,부천시청,13084,13155,26239
202112,7호선,신중동,14425,14509,28934
202112,7호선,춘의,10131,9821,19952
202112,7호선,부천종합운동장,5049,4358,9407
202112,7호선,까치울,7465,6979,14444
202112,7호선,온수,10289,9557,19846
202112,7호선,천왕,11428,10591,22019
202112,7호선,광명사거리,21870,21357,43227
202112,7호선,철산,21155,21694,42849
202112,7호선,가산디지털단지,45066,43851,88917
202112,7호선,남구로,15226,16243,31469
202112,7호선,대림,7592,7767,15359
202112,7호선,신풍,11218,10707,21925
202112,7호선,보라매,9671,9338,19009
202112,7호선,신대방삼거리,16318,15228,31546
202112,7호선,장승배기,9281,8961,18242
202112,7호선,상도,10524,9902,20426
202112,7호선,숭실대입구,12379,12046,24425
202112,7호선,남성,11146,10214,21360
202112,7호선,이수,16010,15483,31493
202112,7호선,내방,14096,14696,28792
202112,7호선,고속터미널,16843,13703,30546
202112,7호선,반포,5800,5459,11259
202112,7호선,논현,19793,22404,42197
202112,7호선,학동,23851,25669,49520
202112,7호선,강남구청,16176,18352,34528
202112,7호선,청담,18422,21459,39881
202112,7호선,뚝섬유원지,6778,6547,13325
202112,7호선,건대입구,12539,13363,25902
202112,7호선,어린이대공원,12402,12164,24566
202112,7호선,군자,14798,11883,26681
202112,7호선,중곡,10678,9933,20611
202112,7호선,용마산,6090,5660,11750
202112,7호선,사가정,15799,15704,31503
202112,7호선,면목,15899,15417,31316
202112,7호선,상봉,16849,15801,32650
202112,7호선,중화,10756,10303,21059
202112,7호선,먹골,9877,9488,19365
202112,7호선,태릉입구,8557,7917,16474
202112,7호선,공릉,12141,11896,24037
202112,7호선,하계,17233,15861,33094
202112,7호선,중계,14027,12365,26392
202112,7호선,노원,19664,20651,40315
202112,7호선,마들,12711,12060,24771
202112,7호선,수락산,12155,11607,23762
202112,7호선,도봉산,9529,9988,19517
202112,7호선,장암,2132,891,3023
202112,7호선,장암,2246,805,3051
202112,7호선,도봉산,9110,9943,19053
202112,7호선,수락산,12025,11769,23794
202112,7호선,마들,12458,11958,24416
202112,7호선,노원,18824,19734,38558
202112,7호선,중계,13780,12723,26503
202112,7호선,하계,16818,15931,32749
202112,7호선,공릉,11588,11497,23085
202112,7호선,태릉입구,8000,7577,15577
202112,7호선,먹골,9711,9533,19244
202112,7호선,중화,10561,10561,21122
202112,7호선,상봉,16134,15192,31326
202112,7호선,면목,16145,15858,32003
202112,7호선,사가정,15667,15574,31241
202112,7호선,용마산,6020,5648,11668
202112,7호선,중곡,10674,10074,20748
202112,7호선,군자,15143,11877,27020
202112,7호선,어린이대공원,11380,11282,22662
202112,7호선,건대입구,11764,12083,23847
202112,7호선,뚝섬유원지,7012,6720,13732
202112,7호선,청담,18976,20772,39748
202112,7호선,강남구청,15535,16896,32431
202112,7호선,학동,24233,25274,49507
202112,7호선,논현,20221,21504,41725
202112,7호선,반포,5509,5323,10832
202112,7호선,고속터미널,15144,12389,27533
202112,7호선,내방,13974,14042,28016
202112,7호선,이수,14792,14649,29441
202112,7호선,남성,10479,10002,20481
202112,7호선,숭실대입구,11353,11698,23051
202112,7호선,상도,10075,9878,19953
202112,7호선,장승배기,9126,9070,18196
202112,7호선,신대방삼거리,15999,15432,31431
202112,7호선,보라매,9451,9608,19059
202112,7호선,신풍,11118,10612,21730
202112,7호선,대림,7599,7414,15013
202112,7호선,남구로,16016,16612,32628
202112,7호선,가산디지털단지,46247,45971,92218
202112,7호선,철산,20121,20552,40673
202112,7호선,광명사거리,21636,21306,42942
202112,7호선,천왕,11209,10750,21959
202112,7호선,온수,10272,9313,19585
202112,7호선,까치울,7412,7057,14469
202112,7호선,부천종합운동장,4974,4437,9411
202112,7호선,춘의,9984,10032,20016
202112,7호선,신중동,13952,13953,27905
202112,7호선,부천시청,12513,12402,24915
202112,7호선,상동,12722,13247,25969
202112,7호선,삼산체육관,5185,4683,9868
202112,7호선,굴포천,8899,9327,18226
202112,7호선,부평구청,7220,6528,13748
202112,7호선,장암,2212,793,3005
202112,7호선,도봉산,9442,10361,19803
202112,7호선,수락산,12289,12078,24367
202112,7호선,마들,12609,12055,24664
202112,7호선,노원,19084,20008,39092
202112,7호선,중계,14121,13107,27228
202112,7호선,하계,17489,16527,34016
202112,7호선,공릉,11814,11769,23583
202112,7호선,태릉입구,8371,7924,16295
202112,7호선,먹골,10091,9834,19925
202112,7호선,중화,11019,10849,21868
202112,7호선,상봉,16853,15710,32563
202112,7호선,면목,16034,15969,32003
202112,7호선,사가정,15787,15712,31499
202112,7호선,용마산,6089,5918,12007
202112,7호선,중곡,11186,10540,21726
202112,7호선,군자,14951,12165,27116
202112,7호선,어린이대공원,11812,11753,23565
202112,7호선,건대입구,11773,12143,23916
202112,7호선,뚝섬유원지,7529,7391,14920
202112,7호선,청담,19572,21781,41353
202112,7호선,강남구청,16851,18415,35266
202112,7호선,학동,24925,26424,51349
202112,7호선,논현,20636,22432,43068
202112,7호선,반포,5768,5575,11343
202112,7호선,고속터미널,14765,12706,27471
202112,7호선,내방,14561,14915,29476
202112,7호선,이수,15255,14753,30008
202112,7호선,남성,10881,10275,21156
202112,7호선,숭실대입구,11695,12092,23787
202112,7호선,상도,10586,10289,20875
202112,7호선,장승배기,9271,9318,18589
202112,7호선,신대방삼거리,16370,15980,32350
202112,7호선,보라매,9830,9786,19616
202112,7호선,신풍,11555,10896,22451
202112,7호선,대림,7550,7674,15224
202112,7호선,남구로,15973,16968,32941
202112,7호선,가산디지털단지,46972,46793,93765
202112,7호선,철산,20903,21295,42198
202112,7호선,광명사거리,22161,21849,44010
202112,7호선,천왕,11487,10907,22394
202112,7호선,온수,10431,9420,19851
202112,7호선,까치울,7574,7278,14852
202112,7호선,부천종합운동장,4870,4306,9176
202112,7호선,춘의,10237,10069,20306
202112,7호선,신중동,13994,13988,27982
202112,7호선,부천시청,12618,12634,25252
202112,7호선,상동,13147,13649,26796
202112,7호선,삼산체육관,5805,5305,11110
202112,7호선,굴포천,8973,9516,18489
202112,7호선,부평구청,7307,6598,13905
202112,7호선,장암,2307,869,3176
202112,7호선,도봉산,9365,10544,19909
202112,7호선,수락산,12540,12277,24817
202112,7호선,마들,12843,12413,25256
202112,7호선,노원,19439,20147,39586
202112,7호선,중계,14235,13061,27296
202112,7호선,하계,18233,17432,35665
202112,7호선,공릉,11895,11839,23734
202112,7호선,태릉입구,8312,7799,16111
202112,7호선,먹골,10079,10054,20133
202112,7호선,중화,10952,10920,21872
202112,7호선,상봉,16871,15833,32704
202112,7호선,면목,15607,15420,31027
202112,7호선,사가정,15887,16024,31911
202112,7호선,용마산,6029,5906,11935
202112,7호선,중곡,11366,10623,21989
202112,7호선,군자,15023,12039,27062
202112,7호선,어린이대공원,12069,11920,23989
202112,7호선,건대입구,12253,12691,24944
202112,7호선,뚝섬유원지,7713,7578,15291
202112,7호선,청담,19857,22016,41873
202112,7호선,강남구청,17090,18475,35565
202112,7호선,학동,25372,26692,52064
202112,7호선,논현,20966,22503,43469
202112,7호선,반포,5966,5695,11661
202112,7호선,고속터미널,15009,12900,27909
202112,7호선,내방,14734,15200,29934
202112,7호선,이수,15588,15222,30810
202112,7호선,남성,11105,10406,21511
202112,7호선,숭실대입구,11774,12009,23783
202112,7호선,상도,10646,10501,21147
202112,7호선,장승배기,9305,9236,18541
202112,7호선,신대방삼거리,16388,15733,32121
202112,7호선,보라매,9790,9596,19386
202112,7호선,신풍,11516,11050,22566
202112,7호선,대림,7466,7538,15004
202112,7호선,남구로,16179,16970,33149
202112,7호선,가산디지털단지,46676,46345,93021
202112,7호선,철산,20996,21594,42590
202112,7호선,광명사거리,22594,22648,45242
202112,7호선,천왕,11683,11034,22717
202112,7호선,온수,10497,9737,20234
202112,7호선,까치울,7659,7344,15003
202112,7호선,부천종합운동장,4973,4342,9315
202112,7호선,춘의,10368,10255,20623
202112,7호선,신중동,14290,14321,28611
202112,7호선,부천시청,13132,13014,26146
202112,7호선,상동,13148,13818,26966
202112,7호선,삼산체육관,5381,4840,10221
202112,7호선,굴포천,9272,9674,18946
202112,7호선,부평구청,7377,6675,14052
202112,7호선,부평구청,7464,6617,14081
202112,7호선,굴포천,9321,9807,19128
202112,7호선,삼산체육관,5291,4705,9996
202112,7호선,상동,13261,13763,27024
202112,7호선,부천시청,13121,13156,26277
202112,7호선,신중동,14408,14327,28735
202112,7호선,춘의,10100,9965,20065
202112,7호선,부천종합운동장,4971,4357,9328
202112,7호선,까치울,7558,7335,14893
202112,7호선,온수,10246,9279,19525
202112,7호선,천왕,11388,10969,22357
202112,7호선,광명사거리,22153,21890,44043
202112,7호선,철산,21031,21410,42441
202112,7호선,가산디지털단지,46077,46145,92222
202112,7호선,남구로,15886,16857,32743
202112,7호선,대림,7352,7504,14856
202112,7호선,신풍,11488,11003,22491
202112,7호선,보라매,9772,9715,19487
202112,7호선,신대방삼거리,16369,15776,32145
202112,7호선,장승배기,9208,9055,18263
202112,7호선,상도,10721,10489,21210
202112,7호선,숭실대입구,11831,11834,23665
202112,7호선,남성,10978,10360,21338
202112,7호선,이수,15598,15226,30824
202112,7호선,내방,14578,14845,29423
202112,7호선,고속터미널,15375,13404,28779
202112,7호선,반포,5956,5678,11634
202112,7호선,논현,20972,22517,43489
202112,7호선,학동,25158,26514,51672
202112,7호선,강남구청,17059,18606,35665
202112,7호선,청담,19802,22276,42078
202112,7호선,뚝섬유원지,7498,7211,14709
202112,7호선,건대입구,12446,12739,25185
202112,7호선,어린이대공원,11872,11614,23486
202112,7호선,군자,14986,12234,27220
202112,7호선,중곡,11297,10620,21917
202112,7호선,용마산,5999,5908,11907
202112,7호선,사가정,15907,15891,31798
202112,7호선,면목,15215,14902,30117
202112,7호선,상봉,17203,16297,33500
202112,7호선,중화,10837,10610,21447
202112,7호선,먹골,10072,9823,19895
202112,7호선,태릉입구,8206,7725,15931
202112,7호선,공릉,12056,11996,24052
202112,7호선,하계,17632,16774,34406
202112,7호선,중계,14119,12969,27088
202112,7호선,노원,19563,20116,39679
202112,7호선,마들,12865,12166,25031
202112,7호선,수락산,12309,12089,24398
202112,7호선,도봉산,8941,10369,19310
202112,7호선,장암,2228,839,3067
202112,7호선,장암,2039,884,2923
202112,7호선,도봉산,8602,9595,18197
202112,7호선,수락산,12356,12009,24365
202112,7호선,마들,12718,12085,24803
202112,7호선,노원,21103,21875,42978
202112,7호선,중계,13517,12262,25779
202112,7호선,하계,17360,16218,33578
202112,7호선,공릉,12142,12037,24179
202112,7호선,태릉입구,8176,7588,15764
202112,7호선,먹골,10094,9957,20051
202112,7호선,중화,10881,10731,21612
202112,7호선,상봉,17211,16751,33962
202112,7호선,면목,15207,14995,30202
202112,7호선,사가정,15896,15929,31825
202112,7호선,용마산,5872,5694,11566
202112,7호선,중곡,11144,10457,21601
202112,7호선,군자,14833,12030,26863
202112,7호선,어린이대공원,12156,11842,23998
202112,7호선,건대입구,13883,14111,27994
202112,7호선,뚝섬유원지,6920,6831,13751
202112,7호선,청담,18389,20575,38964
202112,7호선,강남구청,16046,17293,33339
202112,7호선,학동,22976,23799,46775
202112,7호선,논현,19630,21243,40873
202112,7호선,반포,6032,5659,11691
202112,7호선,고속터미널,16328,14115,30443
202112,7호선,내방,14299,14669,28968
202112,7호선,이수,15578,15136,30714
202112,7호선,남성,10874,10052,20926
202112,7호선,숭실대입구,11410,11234,22644
202112,7호선,상도,10647,10135,20782
202112,7호선,장승배기,9358,9173,18531
202112,7호선,신대방삼거리,16384,15451,31835
202112,7호선,보라매,9584,9314,18898
202112,7호선,신풍,11206,10770,21976
202112,7호선,대림,7743,8030,15773
202112,7호선,남구로,15297,16152,31449
202112,7호선,가산디지털단지,44056,42277,86333
202112,7호선,철산,20899,21770,42669
202112,7호선,광명사거리,22662,22265,44927
202112,7호선,천왕,11372,10927,22299
202112,7호선,온수,10057,9227,19284
202112,7호선,까치울,7479,7353,14832
202112,7호선,부천종합운동장,4729,4134,8863
202112,7호선,춘의,9997,9692,19689
202112,7호선,신중동,14337,14422,28759
202112,7호선,부천시청,13753,14026,27779
202112,7호선,상동,13592,14126,27718
202112,7호선,삼산체육관,5359,4848,10207
202112,7호선,굴포천,9257,9713,18970
202112,7호선,부평구청,7118,6558,13676
202112,7호선,하계,15962,15233,31195
202112,7호선,공릉,10778,10718,21496
202112,7호선,태릉입구,7506,7195,14701
202112,7호선,먹골,9364,9246,18610
202112,7호선,중화,10149,10140,20289
202112,7호선,상봉,15591,14581,30172
202112,7호선,면목,14125,14080,28205
202112,7호선,사가정,14697,14876,29573
202112,7호선,용마산,5568,5419,10987
202112,7호선,중곡,10272,9756,20028
202112,7호선,군자,13836,11426,25262
202112,7호선,어린이대공원,10693,10590,21283
202112,7호선,건대입구,11387,11762,23149
202112,7호선,뚝섬유원지,6122,6077,12199
202112,7호선,청담,17831,19639,37470
202112,7호선,강남구청,15254,16375,31629
202112,7호선,학동,22856,24052,46908
202112,7호선,논현,19137,20611,39748
202112,7호선,반포,5257,5183,10440
202112,7호선,고속터미널,14840,12020,26860
202112,7호선,내방,13338,13444,26782
202112,7호선,이수,13815,13475,27290
202112,7호선,남성,10074,9546,19620
202112,7호선,숭실대입구,10769,11037,21806
202112,7호선,부평구청,6664,6109,12773
202112,7호선,굴포천,8635,9034,17669
202112,7호선,삼산체육관,4998,4521,9519
202112,7호선,상동,12058,12606,24664
202112,7호선,부천시청,11957,11814,23771
202112,7호선,신중동,13341,13225,26566
202112,7호선,춘의,9643,9621,19264
202112,7호선,부천종합운동장,4426,3881,8307
202112,7호선,까치울,6973,6669,13642
202112,7호선,온수,9711,8744,18455
202112,7호선,천왕,10612,10165,20777
202112,7호선,광명사거리,20436,20300,40736
202112,7호선,철산,19564,20249,39813
202112,7호선,가산디지털단지,44126,43370,87496
202112,7호선,남구로,15300,15802,31102
202112,7호선,대림,7386,7323,14709
202112,7호선,신풍,10488,9997,20485
202112,7호선,보라매,9172,9053,18225
202112,7호선,신대방삼거리,15274,14861,30135
202112,7호선,장승배기,8495,8617,17112
202112,7호선,상도,9682,9629,19311
202112,7호선,장암,2044,709,2753
202112,7호선,도봉산,8092,9173,17265
202112,7호선,수락산,11269,11071,22340
202112,7호선,마들,11830,11530,23360
202112,7호선,노원,18167,18638,36805
202112,7호선,중계,12821,11930,24751
202112,7호선,부평구청,7049,6465,13514
202112,7호선,굴포천,9000,9351,18351
202112,7호선,삼산체육관,5170,4693,9863
202112,7호선,상동,12704,13380,26084
202112,7호선,부천시청,12568,12582,25150
202112,7호선,신중동,13899,13815,27714
202112,7호선,춘의,10007,9848,19855
202112,7호선,부천종합운동장,4646,4072,8718
202112,7호선,까치울,7295,6928,14223
202112,7호선,온수,10034,9196,19230
202112,7호선,천왕,11034,10644,21678
202112,7호선,광명사거리,21275,20918,42193
202112,7호선,철산,20197,20704,40901
202112,7호선,가산디지털단지,45380,45087,90467
202112,7호선,남구로,15260,16210,31470
202112,7호선,대림,7386,7433,14819
202112,7호선,신풍,11118,10697,21815
202112,7호선,보라매,9526,9516,19042
202112,7호선,신대방삼거리,15872,15315,31187
202112,7호선,장승배기,8900,8883,17783
202112,7호선,상도,10071,9818,19889
202112,7호선,숭실대입구,11308,11550,22858
202112,7호선,남성,10620,9907,20527
202112,7호선,이수,14883,14484,29367
202112,7호선,내방,14075,14266,28341
202112,7호선,고속터미널,14754,12525,27279
202112,7호선,반포,5483,5331,10814
202112,7호선,논현,20548,21931,42479
202112,7호선,학동,23891,25130,49021
202112,7호선,강남구청,16092,17638,33730
202112,7호선,청담,18784,20759,39543
202112,7호선,뚝섬유원지,6649,6550,13199
202112,7호선,건대입구,11760,12072,23832
202112,7호선,어린이대공원,11251,11141,22392
202112,7호선,군자,14672,11837,26509
202112,7호선,중곡,10657,10101,20758
202112,7호선,용마산,5833,5763,11596
202112,7호선,사가정,15481,15430,30911
202112,7호선,면목,14756,14607,29363
202112,7호선,상봉,16449,15490,31939
202112,7호선,중화,10508,10558,21066
202112,7호선,먹골,9718,9608,19326
202112,7호선,태릉입구,7939,7462,15401
202112,7호선,공릉,11323,11319,22642
202112,7호선,하계,16727,15808,32535
202112,7호선,중계,13445,12361,25806
202112,7호선,노원,19200,19794,38994
202112,7호선,마들,12411,11839,24250
202112,7호선,수락산,11708,11699,23407
202112,7호선,도봉산,8612,9870,18482
202112,7호선,장암,2147,805,2952
202112,7호선,장암,2183,840,3023
202112,7호선,도봉산,8546,9898,18444
202112,7호선,수락산,12425,12066,24491
202112,7호선,마들,12582,12099,24681
202112,7호선,노원,19703,20209,39912
202112,7호선,중계,13858,12595,26453
202112,7호선,하계,17663,16705,34368
202112,7호선,공릉,11476,11391,22867
202112,7호선,태릉입구,8138,7603,15741
202112,7호선,먹골,10025,9810,19835
202112,7호선,중화,10931,10664,21595
202112,7호선,상봉,17060,15996,33056
202112,7호선,면목,14984,14912,29896
202112,7호선,사가정,15656,15690,31346
202112,7호선,용마산,5935,5802,11737
202112,7호선,중곡,11088,10229,21317
202112,7호선,군자,14974,12193,27167
202112,7호선,어린이대공원,11367,11327,22694
202112,7호선,건대입구,12055,12569,24624
202112,7호선,뚝섬유원지,6943,6818,13761
202112,7호선,청담,18838,21072,39910
202112,7호선,강남구청,16380,17800,34180
202112,7호선,학동,23995,25512,49507
202112,7호선,논현,20050,21787,41837
202112,7호선,고속터미널,14612,12897,27509
202112,7호선,내방,14214,14673,28887
202112,7호선,이수,15642,15044,30686
202112,7호선,남성,10750,10231,20981
202112,7호선,숭실대입구,11359,11425,22784
202112,7호선,상도,10400,10041,20441
202112,7호선,장승배기,8976,8905,17881
202112,7호선,신대방삼거리,16045,15460,31505
202112,7호선,보라매,9795,9598,19393
202112,7호선,신풍,11352,10884,22236
202112,7호선,대림,7490,7487,14977
202112,7호선,남구로,15520,16274,31794
202112,7호선,가산디지털단지,45353,45014,90367
202112,7호선,철산,20846,21317,42163
202112,7호선,광명사거리,22033,21750,43783
202112,7호선,천왕,11405,10738,22143
202112,7호선,온수,10127,9391,19518
202112,7호선,까치울,7567,7329,14896
202112,7호선,부천종합운동장,4666,4141,8807
202112,7호선,춘의,10180,9953,20133
202112,7호선,신중동,14255,14246,28501
202112,7호선,부천시청,12937,12798,25735
202112,7호선,상동,13282,13767,27049
202112,7호선,삼산체육관,5579,5172,10751
202112,7호선,굴포천,9202,9581,18783
202112,7호선,부평구청,7144,6480,13624
202112,7호선,반포,5626,5440,11066
202112,7호선,온수,9780,8873,18653
202112,7호선,천왕,10972,10291,21263
202112,7호선,광명사거리,21693,21483,43176
202112,7호선,부평구청,6983,6450,13433
202112,7호선,굴포천,9182,9576,18758
202112,7호선,삼산체육관,5105,4620,9725
202112,7호선,상동,13049,13511,26560
202112,7호선,부천시청,12584,12606,25190
202112,7호선,신중동,14069,13868,27937
202112,7호선,춘의,9701,9625,19326
202112,7호선,부천종합운동장,4684,4066,8750
202112,7호선,까치울,7376,7078,14454
202112,7호선,장암,2148,851,2999
202112,7호선,도봉산,8793,9935,18728
202112,7호선,수락산,12189,11927,24116
202112,7호선,마들,12507,12051,24558
202112,7호선,노원,19824,20207,40031
202112,7호선,중계,13342,12276,25618
202112,7호선,하계,16970,15978,32948
202112,7호선,공릉,11293,11125,22418
202112,7호선,태릉입구,8155,7750,15905
202112,7호선,먹골,9852,9709,19561
202112,7호선,중화,10479,10323,20802
202112,7호선,상봉,16740,15920,32660
202112,7호선,면목,15002,14584,29586
202112,7호선,사가정,15622,15637,31259
202112,7호선,용마산,5813,5667,11480
202112,7호선,중곡,10151,9802,19953
202112,7호선,군자,14604,11620,26224
202112,7호선,어린이대공원,13566,13727,27293
202112,7호선,건대입구,16676,16746,33422
202112,7호선,뚝섬유원지,6660,6559,13219
202112,7호선,청담,18411,20451,38862
202112,7호선,강남구청,15884,17177,33061
202112,7호선,학동,22890,24400,47290
202112,7호선,논현,19467,21280,40747
202112,7호선,반포,5675,5431,11106
202112,7호선,고속터미널,14419,12968,27387
202112,7호선,내방,13851,14137,27988
202112,7호선,이수,15353,14656,30009
202112,7호선,남성,10595,9840,20435
202112,7호선,숭실대입구,11189,11220,22409
202112,7호선,상도,10225,9851,20076
202112,7호선,장승배기,8831,8753,17584
202112,7호선,신대방삼거리,15858,15191,31049
202112,7호선,보라매,9086,8972,18058
202112,7호선,신풍,11048,10610,21658
202112,7호선,대림,7739,7832,15571
202112,7호선,남구로,15010,16049,31059
202112,7호선,가산디지털단지,43047,42726,85773
202112,7호선,철산,20420,21096,41516
202112,7호선,장암,1860,863,2723
202112,7호선,도봉산,7678,8790,16468
202112,7호선,수락산,11311,11164,22475
202112,7호선,마들,11673,10960,22633
202112,7호선,노원,19500,20661,40161
202112,7호선,중계,12308,10932,23240
202112,7호선,하계,15838,14995,30833
202112,7호선,공릉,10669,10249,20918
202112,7호선,태릉입구,7628,7015,14643
202112,7호선,먹골,9336,9213,18549
202112,7호선,중화,9955,9641,19596
202112,7호선,상봉,15902,14943,30845
202112,7호선,면목,14124,14023,28147
202112,7호선,사가정,14811,14924,29735
202112,7호선,용마산,5432,5184,10616
202112,7호선,중곡,9542,9237,18779
202112,7호선,군자,13526,10540,24066
202112,7호선,어린이대공원,11334,10696,22030
202112,7호선,건대입구,12761,12612,25373
202112,7호선,뚝섬유원지,6312,6145,12457
202112,7호선,청담,15740,17537,33277
202112,7호선,강남구청,13217,14276,27493
202112,7호선,학동,18767,19442,38209
202112,7호선,논현,16593,17867,34460
202112,7호선,반포,5247,4959,10206
202112,7호선,고속터미널,14742,13506,28248
202112,7호선,내방,12379,12330,24709
202112,7호선,이수,14250,13321,27571
202112,7호선,남성,9778,8860,18638
202112,7호선,숭실대입구,10071,9542,19613
202112,7호선,상도,9493,8549,18042
202112,7호선,장승배기,8517,8213,16730
202112,7호선,신대방삼거리,15103,14000,29103
202112,7호선,보라매,8456,8019,16475
202112,7호선,신풍,10269,9886,20155
202112,7호선,대림,8294,8733,17027
202112,7호선,남구로,13881,14400,28281
202112,7호선,가산디지털단지,36036,34412,70448
202112,7호선,철산,18981,19608,38589
202112,7호선,광명사거리,21303,21166,42469
202112,7호선,천왕,9986,9369,19355
202112,7호선,온수,8781,7971,16752
202112,7호선,까치울,6795,6562,13357
202112,7호선,부천종합운동장,4178,3800,7978
202112,7호선,춘의,8697,8499,17196
202112,7호선,신중동,12975,12904,25879
202112,7호선,부천시청,12184,12165,24349
202112,7호선,상동,12249,13080,25329
202112,7호선,삼산체육관,4625,4238,8863
202112,7호선,굴포천,8551,9077,17628
202112,7호선,부평구청,6289,5790,12079
