사용월,호선명,지하철역,승차총승객수,하차총승객수,승하차총승객수
202101,9호선,개화,573,482,1055
202101,9호선,김포공항,3002,4841,7843
202101,9호선,공항시장,944,939,1883
202101,9호선,신방화,1694,1646,3340
202101,9호선,마곡나루,2192,2195,4387
202101,9호선,양천향교,2134,2046,4180
202101,9호선,가양,4849,4650,9499
202101,9호선,증미,1729,1687,3416
202101,9호선,등촌,2468,2450,4918
202101,9호선,염창,3968,3831,7799
202101,9호선,신목동,691,606,1297
202101,9호선,선유도,1227,1086,2313
202101,9호선,당산,3917,3677,7594
202101,9호선,국회의사당,1488,1334,2822
202101,9호선,여의도,2240,2063,4303
202101,9호선,샛강,815,777,1592
202101,9호선,노량진,6866,7260,14126
202101,9호선,노들,1156,1010,2166
202101,9호선,흑석,1843,1871,3714
202101,9호선,동작,462,428,890
202101,9호선,구반포,467,494,961
202101,9호선,신반포,520,532,1052
202101,9호선,고속터미널,3048,4369,7417
202101,9호선,사평,508,483,991
202101,9호선,신논현,6210,6071,12281
202101,9호선,개화,2135,1449,3584
202101,9호선,김포공항,5436,6171,11607
202101,9호선,공항시장,2314,2612,4926
202101,9호선,신방화,5489,5462,10951
202101,9호선,마곡나루,8562,8601,17163
202101,9호선,양천향교,7589,7927,15516
202101,9호선,가양,16579,16604,33183
202101,9호선,증미,6121,6264,12385
202101,9호선,등촌,8990,9161,18151
202101,9호선,염창,13675,13878,27553
202101,9호선,신목동,3151,2902,6053
202101,9호선,선유도,6377,6163,12540
202101,9호선,신논현,24222,23750,47972
202101,9호선,사평,2435,2536,4971
202101,9호선,고속터미널,8088,9702,17790
202101,9호선,신반포,2321,2358,4679
202101,9호선,구반포,2067,2191,4258
202101,9호선,동작,1300,1014,2314
202101,9호선,흑석,5725,6222,11947
202101,9호선,노들,3421,3127,6548
202101,9호선,노량진,18077,17741,35818
202101,9호선,샛강,4571,4798,9369
202101,9호선,여의도,19998,19173,39171
202101,9호선,국회의사당,13111,13070,26181
202101,9호선,당산,14030,14298,28328
202101,9호선,신논현,24257,23791,48048
202101,9호선,사평,2445,2516,4961
202101,9호선,고속터미널,7939,9845,17784
202101,9호선,신반포,2352,2328,4680
202101,9호선,구반포,2214,2295,4509
202101,9호선,동작,1320,1006,2326
202101,9호선,흑석,5769,6123,11892
202101,9호선,노들,3500,3152,6652
202101,9호선,노량진,18139,17683,35822
202101,9호선,샛강,4712,4968,9680
202101,9호선,여의도,20083,19162,39245
202101,9호선,국회의사당,13365,13262,26627
202101,9호선,당산,14091,14055,28146
202101,9호선,선유도,6414,6149,12563
202101,9호선,신목동,3128,2857,5985
202101,9호선,염창,13707,13682,27389
202101,9호선,등촌,8921,8991,17912
202101,9호선,증미,6253,6417,12670
202101,9호선,가양,16422,16417,32839
202101,9호선,양천향교,7533,7909,15442
202101,9호선,마곡나루,8616,8624,17240
202101,9호선,신방화,5442,5464,10906
202101,9호선,공항시장,2283,2613,4896
202101,9호선,김포공항,4805,6079,10884
202101,9호선,개화,2047,1428,3475
202101,9호선,신논현,26608,24155,50763
202101,9호선,사평,2747,3123,5870
202101,9호선,고속터미널,8579,10497,19076
202101,9호선,신반포,2726,2767,5493
202101,9호선,구반포,2667,2788,5455
202101,9호선,동작,1698,1205,2903
202101,9호선,흑석,7188,7656,14844
202101,9호선,노들,3865,3698,7563
202101,9호선,노량진,18605,18767,37372
202101,9호선,샛강,5382,5039,10421
202101,9호선,여의도,21320,19033,40353
202101,9호선,국회의사당,14787,13239,28026
202101,9호선,당산,14486,14545,29031
202101,9호선,선유도,6752,6429,13181
202101,9호선,신목동,3024,3123,6147
202101,9호선,염창,13638,14651,28289
202101,9호선,등촌,8896,9614,18510
202101,9호선,증미,6184,6410,12594
202101,9호선,가양,16578,16891,33469
202101,9호선,양천향교,7746,8251,15997
202101,9호선,마곡나루,8876,8785,17661
202101,9호선,신방화,5461,5643,11104
202101,9호선,공항시장,2251,2613,4864
202101,9호선,김포공항,5078,6188,11266
202101,9호선,개화,2031,1431,3462
202101,9호선,신논현,25220,25111,50331
202101,9호선,사평,3455,3273,6728
202101,9호선,고속터미널,8479,10385,18864
202101,9호선,신반포,3013,2883,5896
202101,9호선,구반포,2827,2818,5645
202101,9호선,동작,1541,1110,2651
202101,9호선,흑석,6896,7326,14222
202101,9호선,노들,3900,3440,7340
202101,9호선,노량진,18640,17829,36469
202101,9호선,샛강,5327,5707,11034
202101,9호선,여의도,21810,21924,43734
202101,9호선,국회의사당,15550,16085,31635
202101,9호선,당산,15227,14960,30187
202101,9호선,선유도,7277,7184,14461
202101,9호선,신목동,3644,3217,6861
202101,9호선,염창,14809,14532,29341
202101,9호선,등촌,9775,9702,19477
202101,9호선,증미,6844,7090,13934
202101,9호선,가양,17206,16924,34130
202101,9호선,양천향교,8283,8647,16930
202101,9호선,마곡나루,9328,9562,18890
202101,9호선,신방화,5707,5682,11389
202101,9호선,공항시장,2340,2651,4991
202101,9호선,김포공항,4946,6301,11247
202101,9호선,개화,2151,1523,3674
202101,9호선,개화,1934,1382,3316
202101,9호선,김포공항,4952,6229,11181
202101,9호선,공항시장,2217,2397,4614
202101,9호선,신방화,5333,5320,10653
202101,9호선,마곡나루,8294,8538,16832
202101,9호선,양천향교,7649,8031,15680
202101,9호선,가양,16190,15987,32177
202101,9호선,증미,6179,6419,12598
202101,9호선,등촌,8988,8995,17983
202101,9호선,염창,13685,13585,27270
202101,9호선,신목동,3102,2856,5958
202101,9호선,선유도,6471,6474,12945
202101,9호선,당산,14409,14266,28675
202101,9호선,국회의사당,13913,13756,27669
202101,9호선,여의도,20477,19631,40108
202101,9호선,샛강,4716,4961,9677
202101,9호선,노량진,18395,17598,35993
202101,9호선,노들,3496,3031,6527
202101,9호선,흑석,5980,6333,12313
202101,9호선,동작,1220,913,2133
202101,9호선,구반포,2269,2408,4677
202101,9호선,신반포,2594,2490,5084
202101,9호선,고속터미널,8638,11298,19936
202101,9호선,사평,2848,2728,5576
202101,9호선,신논현,25304,24799,50103
202101,9호선,증미,6422,6536,12958
202101,9호선,개화,2119,1467,3586
202101,9호선,김포공항,5033,6502,11535
202101,9호선,공항시장,2269,2554,4823
202101,9호선,신방화,5525,5542,11067
202101,9호선,마곡나루,8803,8751,17554
202101,9호선,양천향교,7781,8136,15917
202101,9호선,가양,16767,16613,33380
202101,9호선,염창,14062,14124,28186
202101,9호선,신목동,3177,2894,6071
202101,9호선,선유도,6600,6441,13041
202101,9호선,당산,14346,14485,28831
202101,9호선,국회의사당,13513,13420,26933
202101,9호선,여의도,20625,19824,40449
202101,9호선,샛강,4852,5072,9924
202101,9호선,노량진,18477,18002,36479
202101,9호선,노들,3518,3189,6707
202101,9호선,흑석,5772,6320,12092
202101,9호선,동작,1308,1000,2308
202101,9호선,구반포,2244,2340,4584
202101,9호선,신반포,2430,2468,4898
202101,9호선,고속터미널,8473,10271,18744
202101,9호선,사평,2518,2521,5039
202101,9호선,신논현,24979,24497,49476
202101,9호선,등촌,9041,9085,18126
202101,9호선,신논현,27090,25452,52542
202101,9호선,사평,2863,3219,6082
202101,9호선,고속터미널,8605,11000,19605
202101,9호선,신반포,2740,2868,5608
202101,9호선,구반포,2519,2752,5271
202101,9호선,동작,1419,1221,2640
202101,9호선,흑석,6650,7540,14190
202101,9호선,노들,3716,3655,7371
202101,9호선,노량진,19360,18952,38312
202101,9호선,샛강,5759,5371,11130
202101,9호선,여의도,22896,20238,43134
202101,9호선,국회의사당,16468,13770,30238
202101,9호선,당산,15110,15006,30116
202101,9호선,선유도,7379,6910,14289
202101,9호선,신목동,3366,3414,6780
202101,9호선,염창,14368,15401,29769
202101,9호선,등촌,9600,10334,19934
202101,9호선,증미,6803,6976,13779
202101,9호선,가양,17404,17859,35263
202101,9호선,양천향교,8150,8524,16674
202101,9호선,마곡나루,9617,9221,18838
202101,9호선,신방화,5756,5951,11707
202101,9호선,공항시장,2378,2814,5192
202101,9호선,김포공항,5182,6989,12171
202101,9호선,개화,2110,1480,3590
202101,9호선,신논현,25584,25411,50995
202101,9호선,사평,2894,2678,5572
202101,9호선,고속터미널,8877,11118,19995
202101,9호선,신반포,2651,2604,5255
202101,9호선,구반포,2443,2491,4934
202101,9호선,동작,1424,1089,2513
202101,9호선,흑석,6508,6797,13305
202101,9호선,노들,3794,3291,7085
202101,9호선,노량진,19678,18920,38598
202101,9호선,샛강,5017,5432,10449
202101,9호선,여의도,21112,21212,42324
202101,9호선,국회의사당,14231,14719,28950
202101,9호선,당산,15226,15080,30306
202101,9호선,선유도,6998,6839,13837
202101,9호선,신목동,3505,3059,6564
202101,9호선,염창,15002,14654,29656
202101,9호선,등촌,9743,9460,19203
202101,9호선,증미,6480,6663,13143
202101,9호선,가양,17672,17117,34789
202101,9호선,양천향교,8071,8413,16484
202101,9호선,마곡나루,9329,9522,18851
202101,9호선,신방화,5834,5640,11474
202101,9호선,공항시장,2346,2656,5002
202101,9호선,김포공항,5245,7095,12340
202101,9호선,개화,2120,1516,3636
202101,9호선,신반포,2561,2527,5088
202101,9호선,개화,2128,1500,3628
202101,9호선,김포공항,5295,7406,12701
202101,9호선,공항시장,2380,2638,5018
202101,9호선,신방화,5618,5503,11121
202101,9호선,마곡나루,9197,9273,18470
202101,9호선,양천향교,7835,8093,15928
202101,9호선,가양,17268,17109,34377
202101,9호선,증미,6449,6523,12972
202101,9호선,등촌,9434,9341,18775
202101,9호선,염창,14718,14472,29190
202101,9호선,신목동,3363,3014,6377
202101,9호선,선유도,6749,6491,13240
202101,9호선,당산,15115,15017,30132
202101,9호선,국회의사당,13736,13765,27501
202101,9호선,여의도,21327,20564,41891
202101,9호선,샛강,4919,5100,10019
202101,9호선,노량진,19536,18973,38509
202101,9호선,노들,3748,3318,7066
202101,9호선,흑석,6220,6499,12719
202101,9호선,동작,1408,1072,2480
202101,9호선,구반포,2374,2376,4750
202101,9호선,고속터미널,9022,11179,20201
202101,9호선,사평,2628,2654,5282
202101,9호선,신논현,25708,25352,51060
202101,9호선,개화,2089,1540,3629
202101,9호선,김포공항,5977,8723,14700
202101,9호선,공항시장,2456,2790,5246
202101,9호선,신방화,5784,5679,11463
202101,9호선,마곡나루,9379,9395,18774
202101,9호선,양천향교,8120,8293,16413
202101,9호선,가양,17578,17131,34709
202101,9호선,등촌,9608,9493,19101
202101,9호선,염창,14663,14813,29476
202101,9호선,신목동,3263,2976,6239
202101,9호선,선유도,6773,6557,13330
202101,9호선,당산,15598,15360,30958
202101,9호선,국회의사당,13803,13485,27288
202101,9호선,여의도,21553,20264,41817
202101,9호선,샛강,5042,5064,10106
202101,9호선,노량진,20019,19574,39593
202101,9호선,노들,3782,3281,7063
202101,9호선,흑석,6418,6742,13160
202101,9호선,동작,1351,1022,2373
202101,9호선,구반포,2366,2481,4847
202101,9호선,신반포,2566,2529,5095
202101,9호선,고속터미널,9791,13154,22945
202101,9호선,사평,2682,2662,5344
202101,9호선,신논현,27443,26838,54281
202101,9호선,증미,6367,6457,12824
202101,9호선,신논현,26818,26592,53410
202101,9호선,사평,3005,2959,5964
202101,9호선,고속터미널,8902,11080,19982
202101,9호선,신반포,2876,2746,5622
202101,9호선,구반포,2553,2653,5206
202101,9호선,동작,1379,1068,2447
202101,9호선,흑석,6546,7004,13550
202101,9호선,노들,3865,3572,7437
202101,9호선,노량진,20972,20499,41471
202101,9호선,샛강,5449,5655,11104
202101,9호선,여의도,22461,21710,44171
202101,9호선,국회의사당,15157,15149,30306
202101,9호선,당산,15667,15866,31533
202101,9호선,선유도,7285,7080,14365
202101,9호선,신목동,3559,3246,6805
202101,9호선,염창,15227,15308,30535
202101,9호선,등촌,9922,10050,19972
202101,9호선,증미,6948,6995,13943
202101,9호선,가양,18049,17884,35933
202101,9호선,양천향교,8543,8893,17436
202101,9호선,마곡나루,9768,9830,19598
202101,9호선,신방화,6006,5905,11911
202101,9호선,공항시장,2473,2745,5218
202101,9호선,김포공항,5686,7577,13263
202101,9호선,개화,2293,1635,3928
202101,9호선,개화,2075,1495,3570
202101,9호선,김포공항,5483,7038,12521
202101,9호선,공항시장,2378,2654,5032
202101,9호선,신방화,5705,5660,11365
202101,9호선,마곡나루,9467,9524,18991
202101,9호선,양천향교,8051,8441,16492
202101,9호선,가양,17329,17037,34366
202101,9호선,증미,6562,6575,13137
202101,9호선,등촌,9302,9482,18784
202101,9호선,염창,14897,14852,29749
202101,9호선,신목동,3447,3123,6570
202101,9호선,선유도,6984,6827,13811
202101,9호선,당산,15481,15547,31028
202101,9호선,국회의사당,14511,14355,28866
202101,9호선,여의도,21921,20783,42704
202101,9호선,샛강,5083,5483,10566
202101,9호선,노량진,20822,20401,41223
202101,9호선,노들,3666,3227,6893
202101,9호선,흑석,6313,6737,13050
202101,9호선,동작,1418,1105,2523
202101,9호선,구반포,2387,2416,4803
202101,9호선,신반포,2580,2606,5186
202101,9호선,고속터미널,8760,10864,19624
202101,9호선,사평,2675,2587,5262
202101,9호선,신논현,27050,26461,53511
202101,9호선,증미,6732,6736,13468
202101,9호선,신논현,27444,26977,54421
202101,9호선,사평,2821,2731,5552
202101,9호선,고속터미널,9376,11618,20994
202101,9호선,신반포,2661,2695,5356
202101,9호선,구반포,2507,2523,5030
202101,9호선,동작,1549,1167,2716
202101,9호선,흑석,6681,6982,13663
202101,9호선,노들,3927,3499,7426
202101,9호선,노량진,21798,21375,43173
202101,9호선,샛강,5328,5586,10914
202101,9호선,여의도,22656,21592,44248
202101,9호선,국회의사당,14949,14833,29782
202101,9호선,당산,16313,16134,32447
202101,9호선,선유도,7082,6900,13982
202101,9호선,신목동,3518,3187,6705
202101,9호선,염창,15151,15234,30385
202101,9호선,등촌,9841,9951,19792
202101,9호선,가양,17952,17828,35780
202101,9호선,양천향교,8455,8681,17136
202101,9호선,마곡나루,9947,9980,19927
202101,9호선,신방화,5998,5796,11794
202101,9호선,공항시장,2513,2801,5314
202101,9호선,김포공항,5535,7491,13026
202101,9호선,개화,2201,1552,3753
202101,9호선,신논현,27362,26795,54157
202101,9호선,사평,2758,2841,5599
202101,9호선,고속터미널,9177,11650,20827
202101,9호선,신반포,2690,2727,5417
202101,9호선,구반포,2329,2489,4818
202101,9호선,동작,1485,1140,2625
202101,9호선,흑석,6525,6930,13455
202101,9호선,노들,3729,3417,7146
202101,9호선,노량진,21759,20962,42721
202101,9호선,샛강,5520,5581,11101
202101,9호선,여의도,22575,21341,43916
202101,9호선,국회의사당,15130,14589,29719
202101,9호선,당산,16178,15999,32177
202101,9호선,선유도,7165,6874,14039
202101,9호선,신목동,3456,3221,6677
202101,9호선,염창,15225,15000,30225
202101,9호선,등촌,9809,10092,19901
202101,9호선,증미,6614,6732,13346
202101,9호선,가양,17866,17563,35429
202101,9호선,양천향교,8347,8731,17078
202101,9호선,마곡나루,9687,9518,19205
202101,9호선,신방화,5803,5882,11685
202101,9호선,공항시장,2440,2801,5241
202101,9호선,김포공항,5563,7657,13220
202101,9호선,개화,2208,1534,3742
202101,9호선,신논현,29244,28752,57996
202101,9호선,사평,2922,2829,5751
202101,9호선,고속터미널,10654,14326,24980
202101,9호선,신반포,2723,2667,5390
202101,9호선,구반포,2451,2518,4969
202101,9호선,동작,1535,1129,2664
202101,9호선,흑석,6815,7067,13882
202101,9호선,노들,4002,3453,7455
202101,9호선,노량진,22219,21905,44124
202101,9호선,샛강,5302,5532,10834
202101,9호선,여의도,22743,21502,44245
202101,9호선,국회의사당,14760,14521,29281
202101,9호선,당산,16421,16238,32659
202101,9호선,선유도,7061,6829,13890
202101,9호선,신목동,3451,3110,6561
202101,9호선,염창,15439,15376,30815
202101,9호선,등촌,9958,9856,19814
202101,9호선,증미,6822,6946,13768
202101,9호선,가양,18232,17768,36000
202101,9호선,양천향교,8336,8493,16829
202101,9호선,마곡나루,9800,9907,19707
202101,9호선,신방화,5929,5888,11817
202101,9호선,공항시장,2487,2771,5258
202101,9호선,김포공항,6453,9445,15898
202101,9호선,개화,2205,1539,3744
202101,9호선,개화,2297,1566,3863
202101,9호선,김포공항,5934,7939,13873
202101,9호선,공항시장,2596,2832,5428
202101,9호선,신방화,5909,5809,11718
202101,9호선,마곡나루,9906,9917,19823
202101,9호선,양천향교,8287,8563,16850
202101,9호선,가양,18407,18246,36653
202101,9호선,증미,6879,6970,13849
202101,9호선,등촌,9927,9851,19778
202101,9호선,염창,15458,15457,30915
202101,9호선,신목동,3551,3287,6838
202101,9호선,선유도,7148,6792,13940
202101,9호선,당산,15915,16078,31993
202101,9호선,국회의사당,14560,14586,29146
202101,9호선,여의도,22503,21811,44314
202101,9호선,샛강,5299,5624,10923
202101,9호선,노량진,21938,21425,43363
202101,9호선,노들,3971,3458,7429
202101,9호선,흑석,6817,7203,14020
202101,9호선,동작,1607,1155,2762
202101,9호선,구반포,2510,2593,5103
202101,9호선,신반포,2803,2753,5556
202101,9호선,고속터미널,9793,11835,21628
202101,9호선,사평,2739,2735,5474
202101,9호선,신논현,28203,27422,55625
202101,9호선,증미,6903,6879,13782
202101,9호선,개화,2206,1574,3780
202101,9호선,김포공항,5781,7776,13557
202101,9호선,공항시장,2488,2807,5295
202101,9호선,신방화,5947,5822,11769
202101,9호선,마곡나루,10002,9854,19856
202101,9호선,양천향교,8323,8661,16984
202101,9호선,가양,18153,17979,36132
202101,9호선,등촌,9883,9980,19863
202101,9호선,염창,15338,15352,30690
202101,9호선,신목동,3477,3234,6711
202101,9호선,선유도,7208,6944,14152
202101,9호선,당산,16232,16302,32534
202101,9호선,국회의사당,15142,14817,29959
202101,9호선,여의도,22843,21953,44796
202101,9호선,샛강,5508,5671,11179
202101,9호선,노량진,21450,21112,42562
202101,9호선,노들,3941,3401,7342
202101,9호선,흑석,6655,7159,13814
202101,9호선,동작,1542,1198,2740
202101,9호선,구반포,2488,2551,5039
202101,9호선,신반포,2790,2749,5539
202101,9호선,고속터미널,9457,11708,21165
202101,9호선,사평,2887,2877,5764
202101,9호선,신논현,28235,27887,56122
202101,9호선,개화,2303,1603,3906
202101,9호선,김포공항,6009,8469,14478
202101,9호선,공항시장,2616,2929,5545
202101,9호선,신방화,6223,6030,12253
202101,9호선,마곡나루,10375,10422,20797
202101,9호선,양천향교,8600,8988,17588
202101,9호선,가양,18745,18497,37242
202101,9호선,증미,7015,7004,14019
202101,9호선,등촌,10220,10311,20531
202101,9호선,염창,15611,15640,31251
202101,9호선,신목동,3589,3290,6879
202101,9호선,선유도,7373,7161,14534
202101,9호선,당산,16587,16525,33112
202101,9호선,국회의사당,15434,15364,30798
202101,9호선,여의도,23372,22357,45729
202101,9호선,샛강,5410,5719,11129
202101,9호선,노량진,22425,21930,44355
202101,9호선,노들,4097,3636,7733
202101,9호선,흑석,6907,7303,14210
202101,9호선,동작,1591,1265,2856
202101,9호선,구반포,2531,2583,5114
202101,9호선,신반포,2904,2844,5748
202101,9호선,고속터미널,10009,12395,22404
202101,9호선,사평,2831,2908,5739
202101,9호선,신논현,28342,27829,56171
202101,9호선,노량진,22058,21538,43596
202101,9호선,개화,2266,1524,3790
202101,9호선,김포공항,5907,8219,14126
202101,9호선,공항시장,2566,2805,5371
202101,9호선,신방화,6103,6062,12165
202101,9호선,마곡나루,10124,10021,20145
202101,9호선,양천향교,8693,8897,17590
202101,9호선,가양,18394,18010,36404
202101,9호선,증미,7021,7039,14060
202101,9호선,등촌,10122,10162,20284
202101,9호선,염창,15661,15694,31355
202101,9호선,신목동,3582,3303,6885
202101,9호선,선유도,7402,7209,14611
202101,9호선,당산,16331,16444,32775
202101,9호선,국회의사당,15590,15388,30978
202101,9호선,여의도,23642,22245,45887
202101,9호선,샛강,5444,5726,11170
202101,9호선,노들,3910,3537,7447
202101,9호선,흑석,6677,7148,13825
202101,9호선,동작,1535,1198,2733
202101,9호선,구반포,2442,2554,4996
202101,9호선,신반포,2833,2741,5574
202101,9호선,고속터미널,9433,12118,21551
202101,9호선,사평,3021,3021,6042
202101,9호선,신논현,28139,27558,55697
202101,9호선,개화,2209,1540,3749
202101,9호선,김포공항,6709,9909,16618
202101,9호선,공항시장,2428,2709,5137
202101,9호선,신방화,5909,5832,11741
202101,9호선,마곡나루,9868,9867,19735
202101,9호선,양천향교,8429,8679,17108
202101,9호선,가양,18076,17629,35705
202101,9호선,증미,6850,6895,13745
202101,9호선,등촌,9856,9807,19663
202101,9호선,염창,15380,15136,30516
202101,9호선,신목동,3462,3042,6504
202101,9호선,선유도,7163,6980,14143
202101,9호선,당산,16384,16154,32538
202101,9호선,국회의사당,14982,14813,29795
202101,9호선,여의도,23054,21419,44473
202101,9호선,샛강,5245,5561,10806
202101,9호선,노량진,22216,21707,43923
202101,9호선,노들,3911,3353,7264
202101,9호선,흑석,6503,6872,13375
202101,9호선,동작,1456,1101,2557
202101,9호선,구반포,2499,2574,5073
202101,9호선,신반포,2799,2708,5507
202101,9호선,고속터미널,10323,14098,24421
202101,9호선,사평,2782,2768,5550
202101,9호선,신논현,29364,28848,58212
202102,9호선,신논현,28646,28000,56646
202102,9호선,사평,2889,2917,5806
202102,9호선,고속터미널,9815,12119,21934
202102,9호선,신반포,2913,2860,5773
202102,9호선,구반포,2601,2643,5244
202102,9호선,동작,1579,1200,2779
202102,9호선,흑석,6900,7345,14245
202102,9호선,노들,3967,3526,7493
202102,9호선,노량진,21958,21841,43799
202102,9호선,샛강,5514,5768,11282
202102,9호선,여의도,23097,22355,45452
202102,9호선,국회의사당,15022,14838,29860
202102,9호선,당산,16120,16395,32515
202102,9호선,선유도,7325,7045,14370
202102,9호선,신목동,3662,3323,6985
202102,9호선,염창,15534,15592,31126
202102,9호선,등촌,10169,10234,20403
202102,9호선,증미,7014,7102,14116
202102,9호선,가양,18618,18466,37084
202102,9호선,양천향교,8589,8918,17507
202102,9호선,마곡나루,9910,9906,19816
202102,9호선,신방화,6150,5985,12135
202102,9호선,공항시장,2531,2823,5354
202102,9호선,김포공항,6037,8538,14575
202102,9호선,개화,2334,1636,3970
202102,9호선,신논현,28966,28076,57042
202102,9호선,사평,2968,2992,5960
202102,9호선,고속터미널,9655,12127,21782
202102,9호선,신반포,2882,2822,5704
202102,9호선,구반포,2530,2598,5128
202102,9호선,동작,1593,1248,2841
202102,9호선,흑석,6791,7191,13982
202102,9호선,노들,4035,3557,7592
202102,9호선,노량진,22165,21923,44088
202102,9호선,샛강,5752,5867,11619
202102,9호선,여의도,23309,22282,45591
202102,9호선,국회의사당,15560,15309,30869
202102,9호선,당산,16435,16475,32910
202102,9호선,선유도,7567,7260,14827
202102,9호선,신목동,3598,3359,6957
202102,9호선,염창,15526,15511,31037
202102,9호선,등촌,10053,10167,20220
202102,9호선,증미,7101,7066,14167
202102,9호선,가양,18705,18280,36985
202102,9호선,양천향교,8561,8848,17409
202102,9호선,마곡나루,10145,10133,20278
202102,9호선,신방화,6086,6033,12119
202102,9호선,공항시장,2555,2820,5375
202102,9호선,김포공항,5707,8128,13835
202102,9호선,개화,2286,1586,3872
202102,9호선,개화,2407,1676,4083
202102,9호선,김포공항,6108,8552,14660
202102,9호선,공항시장,2714,2977,5691
202102,9호선,신방화,6468,6388,12856
202102,9호선,마곡나루,10863,10585,21448
202102,9호선,양천향교,8885,9234,18119
202102,9호선,가양,19082,19167,38249
202102,9호선,증미,7276,7441,14717
202102,9호선,등촌,10483,10868,21351
202102,9호선,염창,16118,16475,32593
202102,9호선,신목동,3745,3635,7380
202102,9호선,선유도,7777,7596,15373
202102,9호선,당산,17158,17049,34207
202102,9호선,국회의사당,16947,15883,32830
202102,9호선,여의도,24746,22742,47488
202102,9호선,샛강,5937,5922,11859
202102,9호선,노량진,22881,22587,45468
202102,9호선,노들,4130,3778,7908
202102,9호선,흑석,7221,7723,14944
202102,9호선,동작,1650,1315,2965
202102,9호선,구반포,2651,2768,5419
202102,9호선,신반포,3144,3097,6241
202102,9호선,고속터미널,10093,12666,22759
202102,9호선,사평,3180,3330,6510
202102,9호선,신논현,29735,28526,58261
202102,9호선,개화,2373,1611,3984
202102,9호선,김포공항,6395,9460,15855
202102,9호선,공항시장,2587,2823,5410
202102,9호선,신방화,6468,6324,12792
202102,9호선,마곡나루,10691,10847,21538
202102,9호선,양천향교,8993,9320,18313
202102,9호선,가양,19044,18463,37507
202102,9호선,증미,7320,7407,14727
202102,9호선,등촌,10616,10495,21111
202102,9호선,염창,16378,16123,32501
202102,9호선,신목동,3899,3441,7340
202102,9호선,선유도,7829,7521,15350
202102,9호선,당산,17287,17179,34466
202102,9호선,국회의사당,16093,16429,32522
202102,9호선,여의도,24359,23798,48157
202102,9호선,샛강,5735,6237,11972
202102,9호선,노량진,22645,22113,44758
202102,9호선,노들,4172,3563,7735
202102,9호선,흑석,7117,7420,14537
202102,9호선,동작,1627,1197,2824
202102,9호선,구반포,2702,2813,5515
202102,9호선,신반포,3095,2996,6091
202102,9호선,고속터미널,10110,12650,22760
202102,9호선,사평,3228,3182,6410
202102,9호선,신논현,29442,29337,58779
202102,9호선,신논현,31808,31636,63444
202102,9호선,사평,3225,3081,6306
202102,9호선,고속터미널,11448,15071,26519
202102,9호선,신반포,3028,3024,6052
202102,9호선,구반포,2749,2867,5616
202102,9호선,동작,1671,1273,2944
202102,9호선,흑석,7135,7586,14721
202102,9호선,노들,4241,3672,7913
202102,9호선,노량진,23680,23268,46948
202102,9호선,샛강,5695,5848,11543
202102,9호선,여의도,24321,22963,47284
202102,9호선,국회의사당,15782,15324,31106
202102,9호선,당산,17462,17365,34827
202102,9호선,선유도,7389,7140,14529
202102,9호선,신목동,3668,3338,7006
202102,9호선,염창,16260,16054,32314
202102,9호선,등촌,10678,10632,21310
202102,9호선,증미,7164,7231,14395
202102,9호선,가양,19530,19176,38706
202102,9호선,양천향교,9045,9109,18154
202102,9호선,마곡나루,10547,10666,21213
202102,9호선,신방화,6399,6150,12549
202102,9호선,공항시장,2651,2950,5601
202102,9호선,김포공항,7377,10867,18244
202102,9호선,개화,2408,1659,4067
202102,9호선,개화,2373,1654,4027
202102,9호선,김포공항,6425,10497,16922
202102,9호선,공항시장,2656,2931,5587
202102,9호선,신방화,6231,6244,12475
202102,9호선,마곡나루,10313,10127,20440
202102,9호선,양천향교,8811,9022,17833
202102,9호선,가양,19223,18663,37886
202102,9호선,증미,7306,7405,14711
202102,9호선,등촌,10597,10631,21228
202102,9호선,염창,16055,16066,32121
202102,9호선,신목동,3583,3353,6936
202102,9호선,선유도,7441,7153,14594
202102,9호선,당산,17179,16913,34092
202102,9호선,국회의사당,16128,15801,31929
202102,9호선,여의도,24182,22957,47139
202102,9호선,샛강,5955,6068,12023
202102,9호선,노량진,23222,22457,45679
202102,9호선,노들,4119,3698,7817
202102,9호선,흑석,7083,7489,14572
202102,9호선,동작,1642,1303,2945
202102,9호선,구반포,2740,2811,5551
202102,9호선,신반포,2935,2915,5850
202102,9호선,고속터미널,10537,14267,24804
202102,9호선,사평,3045,3117,6162
202102,9호선,신논현,30577,29944,60521
202102,9호선,신논현,31346,30535,61881
202102,9호선,사평,3020,3083,6103
202102,9호선,고속터미널,10575,16239,26814
202102,9호선,신반포,2875,2836,5711
202102,9호선,구반포,2707,2790,5497
202102,9호선,동작,1730,1339,3069
202102,9호선,흑석,7234,7590,14824
202102,9호선,노들,4133,3586,7719
202102,9호선,노량진,23398,22619,46017
202102,9호선,샛강,5902,6057,11959
202102,9호선,여의도,24388,23029,47417
202102,9호선,국회의사당,15757,15313,31070
202102,9호선,당산,17212,16905,34117
202102,9호선,선유도,7506,7138,14644
202102,9호선,신목동,3774,3391,7165
202102,9호선,염창,16114,15949,32063
202102,9호선,등촌,10583,10596,21179
202102,9호선,증미,7312,7359,14671
202102,9호선,가양,19316,18891,38207
202102,9호선,양천향교,8880,8930,17810
202102,9호선,마곡나루,10582,10363,20945
202102,9호선,신방화,6467,6308,12775
202102,9호선,공항시장,2644,2983,5627
202102,9호선,김포공항,6564,10895,17459
202102,9호선,개화,2454,1686,4140
202102,9호선,개화,2178,1558,3736
202102,9호선,김포공항,7210,13986,21196
202102,9호선,공항시장,2554,2769,5323
202102,9호선,신방화,6144,5844,11988
202102,9호선,마곡나루,9697,9393,19090
202102,9호선,양천향교,8639,8250,16889
202102,9호선,가양,18722,17603,36325
202102,9호선,증미,7061,6945,14006
202102,9호선,등촌,10412,10062,20474
202102,9호선,염창,15714,14879,30593
202102,9호선,신목동,3479,3132,6611
202102,9호선,선유도,6659,6254,12913
202102,9호선,당산,16600,15795,32395
202102,9호선,국회의사당,13859,13384,27243
202102,9호선,여의도,22984,20871,43855
202102,9호선,샛강,5348,5413,10761
202102,9호선,노량진,23665,22179,45844
202102,9호선,노들,4068,3299,7367
202102,9호선,흑석,6995,7073,14068
202102,9호선,동작,1665,1342,3007
202102,9호선,구반포,2691,2772,5463
202102,9호선,신반포,2899,2744,5643
202102,9호선,고속터미널,11466,22642,34108
202102,9호선,사평,2944,2868,5812
202102,9호선,신논현,30775,29500,60275
202102,9호선,신논현,11993,11281,23274
202102,9호선,사평,967,883,1850
202102,9호선,고속터미널,5061,12369,17430
202102,9호선,신반포,963,900,1863
202102,9호선,구반포,835,852,1687
202102,9호선,동작,609,495,1104
202102,9호선,흑석,2970,2740,5710
202102,9호선,노들,1643,1353,2996
202102,9호선,노량진,12084,10660,22744
202102,9호선,샛강,1222,1107,2329
202102,9호선,여의도,3405,3219,6624
202102,9호선,국회의사당,1553,1331,2884
202102,9호선,당산,6288,4969,11257
202102,9호선,선유도,1931,1682,3613
202102,9호선,신목동,1160,1010,2170
202102,9호선,염창,6150,5309,11459
202102,9호선,등촌,4172,3625,7797
202102,9호선,증미,2675,2459,5134
202102,9호선,가양,7740,6623,14363
202102,9호선,양천향교,3247,2674,5921
202102,9호선,마곡나루,3404,3041,6445
202102,9호선,신방화,2377,2284,4661
202102,9호선,공항시장,1254,1304,2558
202102,9호선,김포공항,4626,10623,15249
202102,9호선,개화,769,692,1461
202102,9호선,개화,539,397,936
202102,9호선,김포공항,4248,7304,11552
202102,9호선,공항시장,939,979,1918
202102,9호선,신방화,1772,1680,3452
202102,9호선,마곡나루,2288,2485,4773
202102,9호선,양천향교,2015,2037,4052
202102,9호선,가양,5249,5124,10373
202102,9호선,증미,1548,1539,3087
202102,9호선,등촌,2448,2386,4834
202102,9호선,염창,4103,4097,8200
202102,9호선,신목동,840,739,1579
202102,9호선,선유도,1239,1237,2476
202102,9호선,당산,3812,3785,7597
202102,9호선,국회의사당,1075,1082,2157
202102,9호선,여의도,2404,2300,4704
202102,9호선,샛강,665,606,1271
202102,9호선,노량진,7296,7918,15214
202102,9호선,노들,1198,1023,2221
202102,9호선,흑석,1919,1941,3860
202102,9호선,동작,533,444,977
202102,9호선,구반포,502,538,1040
202102,9호선,신반포,541,509,1050
202102,9호선,고속터미널,3763,4597,8360
202102,9호선,사평,615,561,1176
202102,9호선,신논현,6004,5844,11848
202102,9호선,신논현,29487,29082,58569
202102,9호선,사평,2842,2959,5801
202102,9호선,고속터미널,11088,13064,24152
202102,9호선,신반포,2839,2849,5688
202102,9호선,구반포,2566,2696,5262
202102,9호선,동작,1595,1251,2846
202102,9호선,흑석,6755,7410,14165
202102,9호선,노들,3825,3440,7265
202102,9호선,노량진,21390,21517,42907
202102,9호선,샛강,5547,5674,11221
202102,9호선,여의도,23093,22080,45173
202102,9호선,국회의사당,14936,14643,29579
202102,9호선,당산,15603,16246,31849
202102,9호선,선유도,7139,6879,14018
202102,9호선,신목동,3504,3249,6753
202102,9호선,염창,15518,15558,31076
202102,9호선,등촌,10023,10285,20308
202102,9호선,증미,6981,7090,14071
202102,9호선,가양,18632,18500,37132
202102,9호선,양천향교,8375,8820,17195
202102,9호선,마곡나루,9564,9662,19226
202102,9호선,신방화,6146,6081,12227
202102,9호선,공항시장,2613,3013,5626
202102,9호선,김포공항,7356,10344,17700
202102,9호선,개화,2290,1568,3858
202102,9호선,신논현,30675,30406,61081
202102,9호선,사평,3119,3083,6202
202102,9호선,고속터미널,10442,13257,23699
202102,9호선,신반포,2893,2824,5717
202102,9호선,구반포,2649,2720,5369
202102,9호선,동작,1560,1250,2810
202102,9호선,흑석,6996,7464,14460
202102,9호선,노들,3968,3577,7545
202102,9호선,노량진,22280,22092,44372
202102,9호선,샛강,5854,6120,11974
202102,9호선,여의도,24757,23273,48030
202102,9호선,국회의사당,16313,15871,32184
202102,9호선,당산,16704,16999,33703
202102,9호선,선유도,7596,7369,14965
202102,9호선,신목동,3698,3464,7162
202102,9호선,염창,15874,15952,31826
202102,9호선,등촌,10387,10642,21029
202102,9호선,증미,7144,7274,14418
202102,9호선,가양,19001,18648,37649
202102,9호선,양천향교,8860,9242,18102
202102,9호선,마곡나루,10451,10422,20873
202102,9호선,신방화,6241,6234,12475
202102,9호선,공항시장,2707,2972,5679
202102,9호선,김포공항,6940,9545,16485
202102,9호선,개화,2312,1596,3908
202102,9호선,신논현,30002,29534,59536
202102,9호선,개화,2251,1633,3884
202102,9호선,김포공항,6596,9321,15917
202102,9호선,공항시장,2616,2852,5468
202102,9호선,신방화,6100,6071,12171
202102,9호선,마곡나루,10457,10423,20880
202102,9호선,양천향교,8593,9004,17597
202102,9호선,가양,18497,18278,36775
202102,9호선,증미,6922,6978,13900
202102,9호선,등촌,10142,10498,20640
202102,9호선,염창,15917,15836,31753
202102,9호선,신목동,3628,3464,7092
202102,9호선,선유도,7672,7402,15074
202102,9호선,당산,16909,17068,33977
202102,9호선,국회의사당,16621,16237,32858
202102,9호선,여의도,24553,23119,47672
202102,9호선,샛강,5736,6018,11754
202102,9호선,노량진,22288,21995,44283
202102,9호선,노들,4005,3506,7511
202102,9호선,흑석,6909,7369,14278
202102,9호선,동작,1565,1236,2801
202102,9호선,구반포,2606,2698,5304
202102,9호선,신반포,2937,2862,5799
202102,9호선,고속터미널,10224,12999,23223
202102,9호선,사평,3001,3044,6045
202102,9호선,신논현,30628,30153,60781
202102,9호선,사평,2973,3002,5975
202102,9호선,고속터미널,10337,13451,23788
202102,9호선,신반포,2827,2833,5660
202102,9호선,구반포,2559,2635,5194
202102,9호선,동작,1562,1191,2753
202102,9호선,흑석,6941,7467,14408
202102,9호선,노들,3975,3455,7430
202102,9호선,노량진,22467,22045,44512
202102,9호선,샛강,5818,5957,11775
202102,9호선,여의도,24629,23450,48079
202102,9호선,국회의사당,15886,15715,31601
202102,9호선,당산,16942,17090,34032
202102,9호선,선유도,7585,7302,14887
202102,9호선,신목동,3677,3337,7014
202102,9호선,염창,15878,15795,31673
202102,9호선,등촌,10147,10222,20369
202102,9호선,증미,6965,6998,13963
202102,9호선,가양,18818,18463,37281
202102,9호선,양천향교,8700,8991,17691
202102,9호선,마곡나루,10489,10499,20988
202102,9호선,신방화,6183,6144,12327
202102,9호선,공항시장,2579,2873,5452
202102,9호선,김포공항,7002,9850,16852
202102,9호선,개화,2327,1588,3915
202102,9호선,김포공항,8007,11660,19667
202102,9호선,공항시장,2748,3082,5830
202102,9호선,신방화,6427,6289,12716
202102,9호선,마곡나루,10965,10892,21857
202102,9호선,양천향교,9104,9260,18364
202102,9호선,가양,19590,19276,38866
202102,9호선,증미,7257,7196,14453
202102,9호선,등촌,10844,10613,21457
202102,9호선,염창,16619,16377,32996
202102,9호선,신목동,3694,3342,7036
202102,9호선,선유도,7644,7220,14864
202102,9호선,당산,17628,17870,35498
202102,9호선,국회의사당,15692,15622,31314
202102,9호선,여의도,25291,23461,48752
202102,9호선,샛강,5915,6127,12042
202102,9호선,노량진,24155,23462,47617
202102,9호선,노들,4189,3639,7828
202102,9호선,흑석,7490,7951,15441
202102,9호선,동작,1704,1283,2987
202102,9호선,구반포,2724,2769,5493
202102,9호선,신반포,3045,2994,6039
202102,9호선,고속터미널,11669,15825,27494
202102,9호선,사평,3130,3017,6147
202102,9호선,신논현,33424,33016,66440
202102,9호선,개화,2351,1649,4000
202102,9호선,개화,2470,1702,4172
202102,9호선,김포공항,6997,10392,17389
202102,9호선,공항시장,2641,2909,5550
202102,9호선,신방화,6315,6218,12533
202102,9호선,마곡나루,10441,10582,21023
202102,9호선,양천향교,8904,9153,18057
202102,9호선,가양,19431,19263,38694
202102,9호선,증미,7165,7145,14310
202102,9호선,등촌,10625,10667,21292
202102,9호선,염창,16215,16250,32465
202102,9호선,신목동,3756,3455,7211
202102,9호선,선유도,7731,7381,15112
202102,9호선,당산,16776,17124,33900
202102,9호선,국회의사당,15852,15790,31642
202102,9호선,여의도,25285,23940,49225
202102,9호선,샛강,5908,6118,12026
202102,9호선,노량진,22964,22484,45448
202102,9호선,노들,4175,3680,7855
202102,9호선,흑석,7337,7716,15053
202102,9호선,동작,1683,1297,2980
202102,9호선,구반포,2715,2866,5581
202102,9호선,신반포,3016,2938,5954
202102,9호선,고속터미널,10708,13660,24368
202102,9호선,사평,3014,3032,6046
202102,9호선,신논현,30924,30348,61272
202102,9호선,신논현,31117,30846,61963
202102,9호선,사평,3114,3027,6141
202102,9호선,고속터미널,10479,13750,24229
202102,9호선,신반포,2983,2960,5943
202102,9호선,구반포,2694,2734,5428
202102,9호선,동작,1660,1346,3006
202102,9호선,흑석,7293,7636,14929
202102,9호선,노들,4126,3663,7789
202102,9호선,노량진,23120,22818,45938
202102,9호선,샛강,5998,6148,12146
202102,9호선,여의도,25467,24481,49948
202102,9호선,국회의사당,16463,16330,32793
202102,9호선,당산,17146,17337,34483
202102,9호선,선유도,7688,7438,15126
202102,9호선,신목동,3833,3447,7280
202102,9호선,염창,16410,16184,32594
202102,9호선,등촌,10581,10738,21319
202102,9호선,증미,7140,7292,14432
202102,9호선,가양,19463,19207,38670
202102,9호선,양천향교,8907,9220,18127
202102,9호선,마곡나루,10587,10619,21206
202102,9호선,신방화,6460,6324,12784
202102,9호선,공항시장,2760,3075,5835
202102,9호선,김포공항,6779,9743,16522
202102,9호선,개화,2422,1735,4157
202102,9호선,신논현,31321,30726,62047
202102,9호선,사평,3016,3012,6028
202102,9호선,고속터미널,10944,14011,24955
202102,9호선,신반포,2974,3044,6018
202102,9호선,구반포,2764,2770,5534
202102,9호선,동작,1670,1320,2990
202102,9호선,흑석,7426,7832,15258
202102,9호선,노들,4221,3676,7897
202102,9호선,노량진,23656,23365,47021
202102,9호선,샛강,5944,6171,12115
202102,9호선,여의도,26982,25399,52381
202102,9호선,국회의사당,16654,16482,33136
202102,9호선,당산,17364,17686,35050
202102,9호선,선유도,7763,7568,15331
202102,9호선,신목동,3787,3507,7294
202102,9호선,염창,16583,16477,33060
202102,9호선,등촌,10895,10976,21871
202102,9호선,증미,7172,7131,14303
202102,9호선,가양,19706,19434,39140
202102,9호선,양천향교,9021,9303,18324
202102,9호선,마곡나루,10918,10949,21867
202102,9호선,신방화,6493,6357,12850
202102,9호선,공항시장,2703,3012,5715
202102,9호선,김포공항,6905,9746,16651
202102,9호선,개화,2418,1756,4174
202102,9호선,개화,2430,1717,4147
202102,9호선,김포공항,6985,10225,17210
202102,9호선,공항시장,2688,2978,5666
202102,9호선,신방화,6443,6313,12756
202102,9호선,마곡나루,11025,10959,21984
202102,9호선,양천향교,8968,9334,18302
202102,9호선,가양,19575,19560,39135
202102,9호선,증미,7060,7136,14196
202102,9호선,등촌,10947,10745,21692
202102,9호선,염창,16583,16577,33160
202102,9호선,신목동,3812,3506,7318
202102,9호선,선유도,7530,7412,14942
202102,9호선,당산,17515,17493,35008
202102,9호선,국회의사당,16216,16081,32297
202102,9호선,여의도,27046,25897,52943
202102,9호선,샛강,5887,6010,11897
202102,9호선,노량진,23738,23390,47128
202102,9호선,노들,4205,3710,7915
202102,9호선,흑석,7350,7698,15048
202102,9호선,동작,1707,1325,3032
202102,9호선,구반포,2773,2785,5558
202102,9호선,신반포,2981,3008,5989
202102,9호선,고속터미널,11046,14244,25290
202102,9호선,사평,3114,3042,6156
202102,9호선,신논현,31387,30957,62344
202102,9호선,개화,2506,1814,4320
202102,9호선,김포공항,8562,13180,21742
202102,9호선,공항시장,2873,3040,5913
202102,9호선,신방화,6588,6363,12951
202102,9호선,마곡나루,11457,11414,22871
202102,9호선,양천향교,9549,9535,19084
202102,9호선,가양,20089,19631,39720
202102,9호선,증미,7347,7382,14729
202102,9호선,등촌,11179,10927,22106
202102,9호선,염창,17161,16802,33963
202102,9호선,신목동,3892,3456,7348
202102,9호선,선유도,7692,7508,15200
202102,9호선,당산,18453,18411,36864
202102,9호선,국회의사당,15958,15928,31886
202102,9호선,여의도,31571,29576,61147
202102,9호선,샛강,6171,6180,12351
202102,9호선,노량진,25128,24578,49706
202102,9호선,노들,4561,3884,8445
202102,9호선,흑석,7704,7903,15607
202102,9호선,동작,1729,1352,3081
202102,9호선,구반포,2834,2975,5809
202102,9호선,신반포,3290,3250,6540
202102,9호선,고속터미널,12706,17683,30389
202102,9호선,사평,3290,3186,6476
202102,9호선,신논현,34467,34319,68786
202103,9호선,개화,803,717,1520
202103,9호선,김포공항,6234,8820,15054
202103,9호선,공항시장,1331,1505,2836
202103,9호선,신방화,2767,2768,5535
202103,9호선,마곡나루,4386,4373,8759
202103,9호선,양천향교,3190,3518,6708
202103,9호선,가양,7466,7702,15168
202103,9호선,증미,2524,2590,5114
202103,9호선,등촌,4110,4328,8438
202103,9호선,염창,6207,6288,12495
202103,9호선,신목동,1225,1157,2382
202103,9호선,선유도,2120,2221,4341
202103,9호선,당산,6759,6660,13419
202103,9호선,국회의사당,2575,2459,5034
202103,9호선,여의도,10252,8734,18986
202103,9호선,샛강,1564,1510,3074
202103,9호선,노량진,11704,12106,23810
202103,9호선,노들,1715,1581,3296
202103,9호선,흑석,2962,3198,6160
202103,9호선,동작,715,574,1289
202103,9호선,구반포,1083,1132,2215
202103,9호선,신반포,1030,1027,2057
202103,9호선,고속터미널,7491,9964,17455
202103,9호선,사평,1194,1252,2446
202103,9호선,신논현,11830,11427,23257
202103,9호선,신논현,29943,30021,59964
202103,9호선,사평,3250,3334,6584
202103,9호선,고속터미널,10614,12803,23417
202103,9호선,신반포,3088,2995,6083
202103,9호선,구반포,2730,2854,5584
202103,9호선,동작,1618,1329,2947
202103,9호선,흑석,7506,7872,15378
202103,9호선,노들,4252,3620,7872
202103,9호선,노량진,23392,23016,46408
202103,9호선,샛강,5817,5994,11811
202103,9호선,여의도,27404,26088,53492
202103,9호선,국회의사당,15682,15803,31485
202103,9호선,당산,17421,17532,34953
202103,9호선,선유도,7709,7458,15167
202103,9호선,신목동,3837,3500,7337
202103,9호선,염창,16521,16438,32959
202103,9호선,등촌,10896,11060,21956
202103,9호선,증미,7339,7459,14798
202103,9호선,가양,20099,19817,39916
202103,9호선,양천향교,9276,9517,18793
202103,9호선,마곡나루,10577,10596,21173
202103,9호선,신방화,6707,6608,13315
202103,9호선,공항시장,2729,3141,5870
202103,9호선,김포공항,6798,9399,16197
202103,9호선,개화,2467,1720,4187
202103,9호선,개화,2488,1798,4286
202103,9호선,김포공항,6617,9097,15714
202103,9호선,공항시장,2773,3085,5858
202103,9호선,신방화,6875,6673,13548
202103,9호선,마곡나루,10954,11007,21961
202103,9호선,양천향교,9194,9516,18710
202103,9호선,가양,20043,19870,39913
202103,9호선,증미,7375,7380,14755
202103,9호선,등촌,11028,11104,22132
202103,9호선,염창,16811,16783,33594
202103,9호선,신목동,3929,3576,7505
202103,9호선,선유도,7917,7684,15601
202103,9호선,당산,17719,17766,35485
202103,9호선,국회의사당,16057,15994,32051
202103,9호선,여의도,28096,26546,54642
202103,9호선,샛강,5785,6117,11902
202103,9호선,노량진,23644,23261,46905
202103,9호선,노들,4387,3717,8104
202103,9호선,흑석,7721,8111,15832
202103,9호선,동작,1680,1317,2997
202103,9호선,구반포,2808,2839,5647
202103,9호선,신반포,3139,3116,6255
202103,9호선,고속터미널,10472,13231,23703
202103,9호선,사평,3278,3192,6470
202103,9호선,신논현,30510,29984,60494
202103,9호선,개화,2406,1780,4186
202103,9호선,김포공항,6510,9585,16095
202103,9호선,공항시장,2768,3005,5773
202103,9호선,신방화,6674,6467,13141
202103,9호선,마곡나루,10789,10866,21655
202103,9호선,양천향교,9104,9513,18617
202103,9호선,가양,20067,19589,39656
202103,9호선,증미,7341,7341,14682
202103,9호선,등촌,10981,10870,21851
202103,9호선,염창,16819,16562,33381
202103,9호선,신목동,3927,3523,7450
202103,9호선,선유도,7981,7606,15587
202103,9호선,당산,17627,17907,35534
202103,9호선,국회의사당,16005,16346,32351
202103,9호선,여의도,28491,27043,55534
202103,9호선,샛강,5956,6214,12170
202103,9호선,노량진,23846,23460,47306
202103,9호선,노들,4344,3690,8034
202103,9호선,흑석,7721,8077,15798
202103,9호선,동작,1735,1343,3078
202103,9호선,구반포,2720,2794,5514
202103,9호선,신반포,3176,3125,6301
202103,9호선,고속터미널,10743,13475,24218
202103,9호선,사평,3261,3108,6369
202103,9호선,신논현,31063,30907,61970
202103,9호선,신논현,34121,34132,68253
202103,9호선,사평,3525,3416,6941
202103,9호선,고속터미널,12501,16161,28662
202103,9호선,신반포,3337,3238,6575
202103,9호선,구반포,2943,3014,5957
202103,9호선,동작,1838,1407,3245
202103,9호선,흑석,8034,8395,16429
202103,9호선,노들,4531,3872,8403
202103,9호선,노량진,25531,24839,50370
202103,9호선,샛강,6151,6354,12505
202103,9호선,여의도,29842,28047,57889
202103,9호선,국회의사당,16138,16438,32576
202103,9호선,당산,18838,18661,37499
202103,9호선,선유도,7957,7720,15677
202103,9호선,신목동,4041,3633,7674
202103,9호선,염창,17326,17108,34434
202103,9호선,등촌,11178,11070,22248
202103,9호선,증미,7556,7568,15124
202103,9호선,가양,20575,20270,40845
202103,9호선,양천향교,9561,9664,19225
202103,9호선,마곡나루,11532,11670,23202
202103,9호선,신방화,7028,6657,13685
202103,9호선,공항시장,2860,3133,5993
202103,9호선,김포공항,7420,11882,19302
202103,9호선,개화,2583,1845,4428
202103,9호선,개화,2632,1742,4374
202103,9호선,김포공항,6413,9342,15755
202103,9호선,공항시장,2750,2990,5740
202103,9호선,신방화,6680,6570,13250
202103,9호선,마곡나루,10675,10652,21327
202103,9호선,양천향교,9656,9974,19630
202103,9호선,가양,19886,19604,39490
202103,9호선,증미,7383,7454,14837
202103,9호선,등촌,10887,11059,21946
202103,9호선,염창,16757,16399,33156
202103,9호선,신목동,3770,3494,7264
202103,9호선,선유도,7843,7548,15391
202103,9호선,당산,17357,17266,34623
202103,9호선,국회의사당,15790,15962,31752
202103,9호선,여의도,27911,26847,54758
202103,9호선,샛강,5789,6101,11890
202103,9호선,노량진,24198,23788,47986
202103,9호선,노들,4270,3727,7997
202103,9호선,흑석,7675,8050,15725
202103,9호선,동작,1591,1316,2907
202103,9호선,구반포,2722,2715,5437
202103,9호선,신반포,3060,3006,6066
202103,9호선,고속터미널,10646,13378,24024
202103,9호선,사평,3142,3074,6216
202103,9호선,신논현,30246,29959,60205
202103,9호선,흑석,7654,7997,15651
202103,9호선,개화,2508,1758,4266
202103,9호선,김포공항,6320,9111,15431
202103,9호선,공항시장,2804,3067,5871
202103,9호선,신방화,6714,6540,13254
202103,9호선,마곡나루,11031,10972,22003
202103,9호선,양천향교,9656,9874,19530
202103,9호선,가양,20055,19646,39701
202103,9호선,증미,7398,7435,14833
202103,9호선,등촌,11075,11027,22102
202103,9호선,염창,16931,16749,33680
202103,9호선,신목동,4018,3677,7695
202103,9호선,선유도,8029,7802,15831
202103,9호선,당산,17834,17697,35531
202103,9호선,국회의사당,16077,16313,32390
202103,9호선,여의도,28280,26946,55226
202103,9호선,샛강,5964,6281,12245
202103,9호선,노량진,24687,24431,49118
202103,9호선,노들,4275,3741,8016
202103,9호선,동작,1748,1367,3115
202103,9호선,구반포,2938,2999,5937
202103,9호선,신반포,3107,3080,6187
202103,9호선,고속터미널,10799,13405,24204
202103,9호선,사평,3344,3286,6630
202103,9호선,신논현,30706,30457,61163
202103,9호선,흑석,7816,8173,15989
202103,9호선,개화,2559,1749,4308
202103,9호선,김포공항,6372,9464,15836
202103,9호선,공항시장,2829,3121,5950
202103,9호선,신방화,6825,6691,13516
202103,9호선,마곡나루,11252,11073,22325
202103,9호선,양천향교,9677,9935,19612
202103,9호선,가양,20361,19913,40274
202103,9호선,증미,7342,7418,14760
202103,9호선,등촌,11137,11088,22225
202103,9호선,염창,16994,16809,33803
202103,9호선,신목동,4029,3575,7604
202103,9호선,선유도,7833,7677,15510
202103,9호선,당산,18052,17967,36019
202103,9호선,국회의사당,16474,16443,32917
202103,9호선,여의도,28229,27233,55462
202103,9호선,샛강,6122,6301,12423
202103,9호선,노량진,24890,24518,49408
202103,9호선,노들,4466,3816,8282
202103,9호선,동작,1800,1350,3150
202103,9호선,구반포,2808,2854,5662
202103,9호선,신반포,3265,3190,6455
202103,9호선,고속터미널,11075,13637,24712
202103,9호선,사평,3253,3143,6396
202103,9호선,신논현,30471,30292,60763
202103,9호선,개화,2579,1801,4380
202103,9호선,김포공항,6846,10423,17269
202103,9호선,공항시장,2850,3049,5899
202103,9호선,신방화,6822,6629,13451
202103,9호선,마곡나루,10932,10964,21896
202103,9호선,양천향교,9539,9796,19335
202103,9호선,가양,19940,19452,39392
202103,9호선,증미,7325,7309,14634
202103,9호선,등촌,11080,10878,21958
202103,9호선,염창,17145,17001,34146
202103,9호선,신목동,3910,3579,7489
202103,9호선,선유도,7778,7496,15274
202103,9호선,당산,17882,17991,35873
202103,9호선,국회의사당,16177,16522,32699
202103,9호선,여의도,28451,27084,55535
202103,9호선,샛강,5904,6393,12297
202103,9호선,노량진,24944,24543,49487
202103,9호선,노들,4335,3701,8036
202103,9호선,흑석,7596,8028,15624
202103,9호선,동작,1748,1330,3078
202103,9호선,구반포,2681,2773,5454
202103,9호선,신반포,3122,3119,6241
202103,9호선,고속터미널,11114,13682,24796
202103,9호선,사평,3192,3128,6320
202103,9호선,신논현,30813,30883,61696
202103,9호선,개화,2564,1703,4267
202103,9호선,김포공항,7564,12407,19971
202103,9호선,공항시장,2809,3129,5938
202103,9호선,신방화,6836,6565,13401
202103,9호선,마곡나루,11089,11371,22460
202103,9호선,양천향교,9704,9829,19533
202103,9호선,가양,20232,19723,39955
202103,9호선,증미,7425,7502,14927
202103,9호선,등촌,11136,11082,22218
202103,9호선,염창,17339,16837,34176
202103,9호선,신목동,3939,3615,7554
202103,9호선,선유도,7799,7590,15389
202103,9호선,당산,18659,18550,37209
202103,9호선,국회의사당,15970,16170,32140
202103,9호선,여의도,29563,27422,56985
202103,9호선,샛강,6058,6258,12316
202103,9호선,노량진,26174,25571,51745
202103,9호선,노들,4431,3773,8204
202103,9호선,흑석,7986,8221,16207
202103,9호선,동작,1728,1357,3085
202103,9호선,구반포,2815,2876,5691
202103,9호선,신반포,3309,3297,6606
202103,9호선,고속터미널,12406,16812,29218
202103,9호선,사평,3422,3326,6748
202103,9호선,신논현,33653,33608,67261
202103,9호선,개화,2625,1786,4411
202103,9호선,김포공항,7107,9992,17099
202103,9호선,공항시장,2775,3002,5777
202103,9호선,신방화,6787,6626,13413
202103,9호선,마곡나루,10592,10614,21206
202103,9호선,양천향교,9672,10086,19758
202103,9호선,가양,19558,19356,38914
202103,9호선,증미,7275,7293,14568
202103,9호선,등촌,10839,10904,21743
202103,9호선,염창,16397,16321,32718
202103,9호선,신목동,3874,3580,7454
202103,9호선,선유도,7701,7433,15134
202103,9호선,당산,17089,17566,34655
202103,9호선,국회의사당,15809,16129,31938
202103,9호선,여의도,25647,24549,50196
202103,9호선,샛강,5738,5984,11722
202103,9호선,노량진,24975,24824,49799
202103,9호선,노들,4185,3537,7722
202103,9호선,흑석,7567,7979,15546
202103,9호선,동작,1666,1325,2991
202103,9호선,구반포,2683,2742,5425
202103,9호선,신반포,3212,3163,6375
202103,9호선,고속터미널,10292,12987,23279
202103,9호선,사평,3140,3120,6260
202103,9호선,신논현,29810,29704,59514
202103,9호선,개화,2600,1722,4322
202103,9호선,김포공항,6498,9345,15843
202103,9호선,공항시장,2823,3039,5862
202103,9호선,신방화,6683,6615,13298
202103,9호선,마곡나루,10931,10861,21792
202103,9호선,양천향교,9738,10043,19781
202103,9호선,가양,19953,19651,39604
202103,9호선,증미,7377,7420,14797
202103,9호선,등촌,10905,10836,21741
202103,9호선,염창,16792,16744,33536
202103,9호선,신목동,3862,3641,7503
202103,9호선,선유도,7876,7637,15513
202103,9호선,당산,17793,17895,35688
202103,9호선,국회의사당,16451,16703,33154
202103,9호선,여의도,27731,26355,54086
202103,9호선,샛강,5994,6128,12122
202103,9호선,노량진,25298,25172,50470
202103,9호선,노들,4305,3774,8079
202103,9호선,흑석,7730,8157,15887
202103,9호선,동작,1732,1339,3071
202103,9호선,구반포,2626,2821,5447
202103,9호선,신반포,3131,3160,6291
202103,9호선,고속터미널,10836,13452,24288
202103,9호선,사평,3255,3201,6456
202103,9호선,신논현,30576,30122,60698
202103,9호선,개화,2546,1747,4293
202103,9호선,김포공항,6410,9521,15931
202103,9호선,공항시장,2821,3086,5907
202103,9호선,신방화,6885,6709,13594
202103,9호선,마곡나루,11172,11183,22355
202103,9호선,양천향교,9787,10131,19918
202103,9호선,가양,20201,19976,40177
202103,9호선,증미,7383,7353,14736
202103,9호선,등촌,11002,11097,22099
202103,9호선,염창,16985,16956,33941
202103,9호선,신목동,3970,3640,7610
202103,9호선,선유도,7945,7714,15659
202103,9호선,당산,18059,18085,36144
202103,9호선,국회의사당,16431,16656,33087
202103,9호선,여의도,27838,26406,54244
202103,9호선,샛강,6011,6298,12309
202103,9호선,노량진,25791,25321,51112
202103,9호선,노들,4474,3802,8276
202103,9호선,흑석,7719,8140,15859
202103,9호선,동작,1778,1395,3173
202103,9호선,구반포,2734,2841,5575
202103,9호선,신반포,3242,3163,6405
202103,9호선,고속터미널,11161,13824,24985
202103,9호선,사평,3176,3142,6318
202103,9호선,신논현,31112,30491,61603
202103,9호선,신논현,30697,30649,61346
202103,9호선,사평,3240,3168,6408
202103,9호선,고속터미널,11353,14172,25525
202103,9호선,신반포,3171,3215,6386
202103,9호선,구반포,2853,2881,5734
202103,9호선,동작,1827,1450,3277
202103,9호선,흑석,7530,7892,15422
202103,9호선,노들,4367,3843,8210
202103,9호선,노량진,25798,25588,51386
202103,9호선,샛강,5915,6157,12072
202103,9호선,여의도,27318,26439,53757
202103,9호선,국회의사당,16123,16539,32662
202103,9호선,당산,17920,18141,36061
202103,9호선,선유도,7850,7576,15426
202103,9호선,신목동,3972,3608,7580
202103,9호선,염창,17078,16903,33981
202103,9호선,등촌,11173,10983,22156
202103,9호선,증미,7378,7336,14714
202103,9호선,가양,20351,20000,40351
202103,9호선,양천향교,9657,10012,19669
202103,9호선,마곡나루,11207,11247,22454
202103,9호선,신방화,6764,6591,13355
202103,9호선,공항시장,2801,3015,5816
202103,9호선,김포공항,6867,10500,17367
202103,9호선,개화,2575,1744,4319
202103,9호선,개화,2663,1821,4484
202103,9호선,김포공항,7876,13549,21425
202103,9호선,공항시장,2947,3102,6049
202103,9호선,신방화,7022,6626,13648
202103,9호선,마곡나루,11280,11515,22795
202103,9호선,양천향교,10112,10334,20446
202103,9호선,가양,20926,20278,41204
202103,9호선,증미,7606,7631,15237
202103,9호선,등촌,11556,11335,22891
202103,9호선,염창,17359,16832,34191
202103,9호선,신목동,4047,3633,7680
202103,9호선,선유도,8115,7743,15858
202103,9호선,당산,18886,18784,37670
202103,9호선,국회의사당,16352,16430,32782
202103,9호선,여의도,28370,26805,55175
202103,9호선,샛강,5991,6305,12296
202103,9호선,노량진,27493,27393,54886
202103,9호선,노들,4600,3864,8464
202103,9호선,흑석,8095,8374,16469
202103,9호선,동작,1859,1494,3353
202103,9호선,구반포,2833,3019,5852
202103,9호선,신반포,3438,3317,6755
202103,9호선,고속터미널,13337,17613,30950
202103,9호선,사평,3412,3221,6633
202103,9호선,신논현,34203,34176,68379
202103,9호선,개화,2628,1802,4430
202103,9호선,김포공항,7138,10489,17627
202103,9호선,공항시장,2780,3098,5878
202103,9호선,신방화,6680,6559,13239
202103,9호선,마곡나루,10816,10762,21578
202103,9호선,양천향교,9689,10132,19821
202103,9호선,가양,19866,19472,39338
202103,9호선,증미,7338,7321,14659
202103,9호선,등촌,10989,10995,21984
202103,9호선,염창,16571,16465,33036
202103,9호선,신목동,3890,3603,7493
202103,9호선,선유도,7831,7583,15414
202103,9호선,당산,17479,17774,35253
202103,9호선,국회의사당,15951,16138,32089
202103,9호선,여의도,27052,25646,52698
202103,9호선,샛강,5822,6039,11861
202103,9호선,노량진,25205,25034,50239
202103,9호선,노들,4263,3734,7997
202103,9호선,흑석,7441,7953,15394
202103,9호선,동작,1704,1338,3042
202103,9호선,구반포,2717,2777,5494
202103,9호선,신반포,3175,3079,6254
202103,9호선,고속터미널,10796,13509,24305
202103,9호선,사평,3078,3020,6098
202103,9호선,신논현,29992,29840,59832
202103,9호선,신논현,30898,30462,61360
202103,9호선,사평,3210,3183,6393
202103,9호선,고속터미널,10927,13556,24483
202103,9호선,신반포,3136,3214,6350
202103,9호선,구반포,2651,2744,5395
202103,9호선,동작,1760,1379,3139
202103,9호선,흑석,7608,7977,15585
202103,9호선,노들,4403,3788,8191
202103,9호선,노량진,25402,24960,50362
202103,9호선,샛강,5908,6084,11992
202103,9호선,여의도,27449,26260,53709
202103,9호선,국회의사당,16273,16726,32999
202103,9호선,당산,17877,18096,35973
202103,9호선,선유도,8036,7854,15890
202103,9호선,신목동,3939,3633,7572
202103,9호선,염창,16867,16668,33535
202103,9호선,등촌,11352,11289,22641
202103,9호선,증미,7330,7380,14710
202103,9호선,가양,20626,20176,40802
202103,9호선,양천향교,9758,10163,19921
202103,9호선,마곡나루,11186,11227,22413
202103,9호선,신방화,6628,6543,13171
202103,9호선,공항시장,2828,3019,5847
202103,9호선,김포공항,6590,9672,16262
202103,9호선,개화,2605,1854,4459
202103,9호선,신논현,30881,30250,61131
202103,9호선,사평,3233,3090,6323
202103,9호선,고속터미널,11125,13870,24995
202103,9호선,신반포,3347,3218,6565
202103,9호선,구반포,2721,2798,5519
202103,9호선,동작,1786,1452,3238
202103,9호선,흑석,7744,8150,15894
202103,9호선,노들,4470,3761,8231
202103,9호선,노량진,25550,25067,50617
202103,9호선,샛강,5977,6307,12284
202103,9호선,여의도,27628,26671,54299
202103,9호선,국회의사당,16475,16940,33415
202103,9호선,당산,18134,18066,36200
202103,9호선,선유도,8063,7835,15898
202103,9호선,신목동,4071,3645,7716
202103,9호선,염창,17030,16964,33994
202103,9호선,등촌,11265,11173,22438
202103,9호선,증미,7293,7367,14660
202103,9호선,가양,20186,19770,39956
202103,9호선,양천향교,9739,10191,19930
202103,9호선,마곡나루,11211,11284,22495
202103,9호선,신방화,6803,6585,13388
202103,9호선,공항시장,2789,3102,5891
202103,9호선,김포공항,6554,10101,16655
202103,9호선,개화,2492,1719,4211
202103,9호선,신논현,31364,30824,62188
202103,9호선,사평,3241,3243,6484
202103,9호선,고속터미널,11593,14645,26238
202103,9호선,신반포,3312,3311,6623
202103,9호선,구반포,2702,2694,5396
202103,9호선,동작,1928,1498,3426
202103,9호선,흑석,7918,8225,16143
202103,9호선,노들,4513,3879,8392
202103,9호선,노량진,26135,25676,51811
202103,9호선,샛강,5989,6183,12172
202103,9호선,여의도,28048,26681,54729
202103,9호선,국회의사당,16314,16544,32858
202103,9호선,당산,18194,18407,36601
202103,9호선,선유도,7922,7794,15716
202103,9호선,신목동,4082,3814,7896
202103,9호선,염창,17110,17025,34135
202103,9호선,등촌,11344,11186,22530
202103,9호선,증미,7291,7302,14593
202103,9호선,가양,20363,19900,40263
202103,9호선,양천향교,9813,10052,19865
202103,9호선,마곡나루,11474,11406,22880
202103,9호선,신방화,6758,6514,13272
202103,9호선,공항시장,2864,3086,5950
202103,9호선,김포공항,7124,10958,18082
202103,9호선,개화,2665,1844,4509
202103,9호선,신논현,34497,34326,68823
202103,9호선,사평,3347,3209,6556
202103,9호선,고속터미널,13315,18122,31437
202103,9호선,신반포,3493,3371,6864
202103,9호선,구반포,2839,2920,5759
202103,9호선,동작,1971,1601,3572
202103,9호선,흑석,8163,8415,16578
202103,9호선,노들,4571,3907,8478
202103,9호선,노량진,27419,26869,54288
202103,9호선,샛강,5990,6292,12282
202103,9호선,여의도,29159,27365,56524
202103,9호선,국회의사당,16116,16411,32527
202103,9호선,당산,18701,18649,37350
202103,9호선,선유도,8124,7789,15913
202103,9호선,신목동,4150,3702,7852
202103,9호선,염창,17685,17370,35055
202103,9호선,등촌,11466,11214,22680
202103,9호선,증미,7490,7425,14915
202103,9호선,가양,20935,20404,41339
202103,9호선,양천향교,10003,10025,20028
202103,9호선,마곡나루,11426,11558,22984
202103,9호선,신방화,6869,6619,13488
202103,9호선,공항시장,2995,3187,6182
202103,9호선,김포공항,8212,12893,21105
202103,9호선,개화,2732,1851,4583
202103,9호선,신논현,30096,29940,60036
202103,9호선,사평,3191,3128,6319
202103,9호선,고속터미널,10655,13354,24009
202103,9호선,신반포,3196,3062,6258
202103,9호선,구반포,2733,2805,5538
202103,9호선,동작,1932,1555,3487
202103,9호선,흑석,7567,8031,15598
202103,9호선,노들,4246,3636,7882
202103,9호선,노량진,24889,24661,49550
202103,9호선,샛강,5876,6058,11934
202103,9호선,여의도,27049,25972,53021
202103,9호선,국회의사당,16243,16486,32729
202103,9호선,당산,17165,17500,34665
202103,9호선,선유도,8032,7700,15732
202103,9호선,신목동,3967,3573,7540
202103,9호선,염창,16640,16601,33241
202103,9호선,등촌,11026,10900,21926
202103,9호선,증미,7257,7300,14557
202103,9호선,가양,19840,19694,39534
202103,9호선,양천향교,9608,9916,19524
202103,9호선,마곡나루,10824,10909,21733
202103,9호선,신방화,6724,6505,13229
202103,9호선,공항시장,2744,3022,5766
202103,9호선,김포공항,7347,9959,17306
202103,9호선,개화,2643,1790,4433
202103,9호선,개화,2694,1858,4552
202103,9호선,김포공항,6813,9418,16231
202103,9호선,공항시장,2813,3173,5986
202103,9호선,신방화,6843,6668,13511
202103,9호선,마곡나루,11455,11412,22867
202103,9호선,양천향교,9892,10088,19980
202103,9호선,가양,20379,20081,40460
202103,9호선,증미,7451,7522,14973
202103,9호선,등촌,11453,11164,22617
202103,9호선,염창,17330,16996,34326
202103,9호선,신목동,4186,3825,8011
202103,9호선,선유도,8037,7898,15935
202103,9호선,당산,17874,17987,35861
202103,9호선,국회의사당,17166,17517,34683
202103,9호선,여의도,27985,26717,54702
202103,9호선,샛강,6101,6336,12437
202103,9호선,노량진,25605,25249,50854
202103,9호선,노들,4522,3825,8347
202103,9호선,흑석,7750,8068,15818
202103,9호선,동작,2336,1912,4248
202103,9호선,구반포,2763,2850,5613
202103,9호선,신반포,3207,3218,6425
202103,9호선,고속터미널,11004,13759,24763
202103,9호선,사평,3384,3281,6665
202103,9호선,신논현,30889,30357,61246
202103,9호선,개화,2706,1856,4562
202103,9호선,김포공항,7112,10255,17367
202103,9호선,공항시장,2889,3113,6002
202103,9호선,신방화,6957,6700,13657
202103,9호선,마곡나루,11319,11419,22738
202103,9호선,양천향교,9850,10173,20023
202103,9호선,가양,20470,20165,40635
202103,9호선,증미,7477,7505,14982
202103,9호선,등촌,11339,11136,22475
202103,9호선,염창,17238,16969,34207
202103,9호선,신목동,4213,3863,8076
202103,9호선,선유도,8332,8141,16473
202103,9호선,당산,18215,18379,36594
202103,9호선,국회의사당,17123,17710,34833
202103,9호선,여의도,28389,27677,56066
202103,9호선,샛강,6258,6524,12782
202103,9호선,노량진,26183,25894,52077
202103,9호선,노들,4638,3912,8550
202103,9호선,흑석,7916,8244,16160
202103,9호선,동작,3017,2469,5486
202103,9호선,구반포,2819,2920,5739
202103,9호선,신반포,3403,3365,6768
202103,9호선,고속터미널,11634,14159,25793
202103,9호선,사평,3398,3245,6643
202103,9호선,신논현,30835,30506,61341
202104,9호선,신논현,30814,30439,61253
202104,9호선,사평,3306,3174,6480
202104,9호선,고속터미널,11594,14322,25916
202104,9호선,신반포,3348,3364,6712
202104,9호선,구반포,2777,2760,5537
202104,9호선,동작,2041,1773,3814
202104,9호선,흑석,8004,8247,16251
202104,9호선,노들,4535,3857,8392
202104,9호선,노량진,25802,25371,51173
202104,9호선,샛강,6152,6516,12668
202104,9호선,여의도,28307,27539,55846
202104,9호선,국회의사당,16242,16646,32888
202104,9호선,당산,18169,18312,36481
202104,9호선,선유도,8299,8206,16505
202104,9호선,신목동,4286,3900,8186
202104,9호선,염창,17386,17084,34470
202104,9호선,등촌,11438,11120,22558
202104,9호선,증미,7592,7547,15139
202104,9호선,가양,20627,20107,40734
202104,9호선,양천향교,9855,10018,19873
202104,9호선,마곡나루,11506,11537,23043
202104,9호선,신방화,6973,6614,13587
202104,9호선,공항시장,2816,3062,5878
202104,9호선,김포공항,7136,11505,18641
202104,9호선,개화,2693,1872,4565
202104,9호선,신논현,33583,33694,67277
202104,9호선,사평,3518,3307,6825
202104,9호선,고속터미널,13229,17706,30935
202104,9호선,신반포,3482,3439,6921
202104,9호선,구반포,2898,2963,5861
202104,9호선,동작,2007,1700,3707
202104,9호선,흑석,8306,8467,16773
202104,9호선,노들,4702,3935,8637
202104,9호선,노량진,27207,26496,53703
202104,9호선,샛강,6342,6601,12943
202104,9호선,여의도,28764,27410,56174
202104,9호선,국회의사당,16347,16536,32883
202104,9호선,당산,18687,18760,37447
202104,9호선,선유도,8548,8469,17017
202104,9호선,신목동,4326,3961,8287
202104,9호선,염창,17590,17024,34614
202104,9호선,등촌,11660,11535,23195
202104,9호선,증미,7785,7638,15423
202104,9호선,가양,20950,20247,41197
202104,9호선,양천향교,10026,10053,20079
202104,9호선,마곡나루,11631,11731,23362
202104,9호선,신방화,7034,6660,13694
202104,9호선,공항시장,2946,3217,6163
202104,9호선,김포공항,8215,12589,20804
202104,9호선,개화,2653,1845,4498
202104,9호선,신논현,30187,29920,60107
202104,9호선,사평,3232,3164,6396
202104,9호선,고속터미널,11182,13759,24941
202104,9호선,신반포,3200,3124,6324
202104,9호선,구반포,2780,2775,5555
202104,9호선,동작,1778,1508,3286
202104,9호선,흑석,7707,8152,15859
202104,9호선,노들,4307,3742,8049
202104,9호선,노량진,25007,25006,50013
202104,9호선,샛강,6227,6192,12419
202104,9호선,여의도,27295,26465,53760
202104,9호선,국회의사당,16035,16504,32539
202104,9호선,당산,17376,17607,34983
202104,9호선,선유도,8062,7904,15966
202104,9호선,신목동,3997,3596,7593
202104,9호선,염창,16860,16809,33669
202104,9호선,등촌,11356,11156,22512
202104,9호선,증미,7398,7344,14742
202104,9호선,가양,20329,19818,40147
202104,9호선,양천향교,9577,9911,19488
202104,9호선,마곡나루,10969,10968,21937
202104,9호선,신방화,6666,6586,13252
202104,9호선,공항시장,2851,3147,5998
202104,9호선,김포공항,7472,10630,18102
202104,9호선,개화,2753,1828,4581
202104,9호선,신논현,30934,30536,61470
202104,9호선,사평,3282,3129,6411
202104,9호선,고속터미널,11223,13929,25152
202104,9호선,신반포,3186,3173,6359
202104,9호선,구반포,2687,2808,5495
202104,9호선,동작,1827,1454,3281
202104,9호선,흑석,7857,8164,16021
202104,9호선,노들,4467,3899,8366
202104,9호선,노량진,25202,24916,50118
202104,9호선,샛강,5995,6166,12161
202104,9호선,여의도,27965,26793,54758
202104,9호선,국회의사당,16228,16693,32921
202104,9호선,당산,18106,18444,36550
202104,9호선,선유도,8225,8030,16255
202104,9호선,신목동,4099,3749,7848
202104,9호선,염창,17223,17078,34301
202104,9호선,등촌,11310,11084,22394
202104,9호선,증미,7473,7461,14934
202104,9호선,가양,20433,19949,40382
202104,9호선,양천향교,9773,9948,19721
202104,9호선,마곡나루,11425,11419,22844
202104,9호선,신방화,6729,6562,13291
202104,9호선,공항시장,2872,3103,5975
202104,9호선,김포공항,6948,10151,17099
202104,9호선,개화,2682,1823,4505
202104,9호선,신논현,30638,30353,60991
202104,9호선,사평,3271,3153,6424
202104,9호선,고속터미널,11464,14057,25521
202104,9호선,신반포,3180,3146,6326
202104,9호선,구반포,2699,2778,5477
202104,9호선,동작,1743,1407,3150
202104,9호선,흑석,7813,8127,15940
202104,9호선,노들,4478,3922,8400
202104,9호선,노량진,25331,25008,50339
202104,9호선,샛강,6034,6306,12340
202104,9호선,여의도,27866,26558,54424
202104,9호선,국회의사당,16202,16588,32790
202104,9호선,당산,17647,17947,35594
202104,9호선,선유도,8196,7797,15993
202104,9호선,신목동,4034,3669,7703
202104,9호선,염창,17253,17109,34362
202104,9호선,등촌,11197,10841,22038
202104,9호선,증미,7460,7455,14915
202104,9호선,가양,20169,19679,39848
202104,9호선,양천향교,9827,10132,19959
202104,9호선,마곡나루,11305,11270,22575
202104,9호선,신방화,6838,6704,13542
202104,9호선,공항시장,2752,3063,5815
202104,9호선,김포공항,6952,10613,17565
202104,9호선,개화,2597,1826,4423
202104,9호선,신논현,31151,30769,61920
202104,9호선,사평,3260,3167,6427
202104,9호선,고속터미널,11576,14348,25924
202104,9호선,신반포,3200,3215,6415
202104,9호선,구반포,2892,2969,5861
202104,9호선,동작,1820,1489,3309
202104,9호선,흑석,7753,8064,15817
202104,9호선,노들,4428,3787,8215
202104,9호선,노량진,25644,25251,50895
202104,9호선,샛강,5993,6182,12175
202104,9호선,여의도,27909,26918,54827
202104,9호선,국회의사당,15663,16039,31702
202104,9호선,당산,18006,18200,36206
202104,9호선,선유도,8086,7998,16084
202104,9호선,신목동,4022,3612,7634
202104,9호선,염창,17312,17282,34594
202104,9호선,등촌,11234,10961,22195
202104,9호선,증미,7355,7222,14577
202104,9호선,가양,20223,19831,40054
202104,9호선,양천향교,9702,10076,19778
202104,9호선,마곡나루,11532,11402,22934
202104,9호선,신방화,6860,6653,13513
202104,9호선,공항시장,2833,3086,5919
202104,9호선,김포공항,7459,11668,19127
202104,9호선,개화,2648,1845,4493
202104,9호선,개화,2651,1761,4412
202104,9호선,김포공항,8481,13744,22225
202104,9호선,공항시장,2893,3119,6012
202104,9호선,신방화,6935,6626,13561
202104,9호선,마곡나루,11246,11438,22684
202104,9호선,양천향교,9996,10046,20042
202104,9호선,가양,20327,19613,39940
202104,9호선,증미,7462,7413,14875
202104,9호선,등촌,11576,11102,22678
202104,9호선,염창,17402,16857,34259
202104,9호선,신목동,3978,3589,7567
202104,9호선,선유도,8205,7821,16026
202104,9호선,당산,18606,18297,36903
202104,9호선,국회의사당,15431,15898,31329
202104,9호선,여의도,27563,26164,53727
202104,9호선,샛강,6028,6185,12213
202104,9호선,노량진,26999,26244,53243
202104,9호선,노들,4525,3820,8345
202104,9호선,흑석,8173,8307,16480
202104,9호선,동작,1828,1463,3291
202104,9호선,구반포,2835,2960,5795
202104,9호선,신반포,3361,3305,6666
202104,9호선,고속터미널,13017,17730,30747
202104,9호선,사평,3382,3200,6582
202104,9호선,신논현,33605,33282,66887
202104,9호선,신논현,28660,28497,57157
202104,9호선,사평,3134,3273,6407
202104,9호선,고속터미널,10333,12939,23272
202104,9호선,신반포,3134,3058,6192
202104,9호선,구반포,2646,2848,5494
202104,9호선,동작,1606,1333,2939
202104,9호선,흑석,7265,7657,14922
202104,9호선,노들,4176,3789,7965
202104,9호선,노량진,24250,23743,47993
202104,9호선,샛강,5979,5964,11943
202104,9호선,여의도,26657,24654,51311
202104,9호선,국회의사당,16425,15546,31971
202104,9호선,당산,16845,17342,34187
202104,9호선,선유도,8290,7853,16143
202104,9호선,신목동,3768,3550,7318
202104,9호선,염창,16157,16235,32392
202104,9호선,등촌,10857,11299,22156
202104,9호선,증미,7373,7401,14774
202104,9호선,가양,19299,19023,38322
202104,9호선,양천향교,9505,10054,19559
202104,9호선,마곡나루,10610,10366,20976
202104,9호선,신방화,6558,6660,13218
202104,9호선,공항시장,2775,3108,5883
202104,9호선,김포공항,7318,8981,16299
202104,9호선,개화,2461,1714,4175
202104,9호선,개화,2603,1830,4433
202104,9호선,김포공항,7062,9856,16918
202104,9호선,공항시장,2915,3170,6085
202104,9호선,신방화,6805,6680,13485
202104,9호선,마곡나루,11191,11088,22279
202104,9호선,양천향교,9621,9898,19519
202104,9호선,가양,19967,19584,39551
202104,9호선,증미,7413,7520,14933
202104,9호선,등촌,11170,11107,22277
202104,9호선,염창,16916,17161,34077
202104,9호선,신목동,4013,3524,7537
202104,9호선,선유도,8179,7917,16096
202104,9호선,당산,17559,17937,35496
202104,9호선,국회의사당,16167,16221,32388
202104,9호선,여의도,26383,25256,51639
202104,9호선,샛강,5830,6036,11866
202104,9호선,노량진,25038,24617,49655
202104,9호선,노들,4359,3803,8162
202104,9호선,흑석,7426,7722,15148
202104,9호선,동작,1813,1440,3253
202104,9호선,구반포,2729,2797,5526
202104,9호선,신반포,3129,3113,6242
202104,9호선,고속터미널,10655,13283,23938
202104,9호선,사평,3251,3245,6496
202104,9호선,신논현,30113,29873,59986
202104,9호선,신논현,30451,29934,60385
202104,9호선,사평,3217,3201,6418
202104,9호선,고속터미널,10871,13548,24419
202104,9호선,신반포,3230,3197,6427
202104,9호선,구반포,2686,2638,5324
202104,9호선,동작,1889,1472,3361
202104,9호선,흑석,7542,7942,15484
202104,9호선,노들,4323,3781,8104
202104,9호선,노량진,25779,25122,50901
202104,9호선,샛강,6047,6181,12228
202104,9호선,여의도,27402,26142,53544
202104,9호선,국회의사당,16267,16357,32624
202104,9호선,당산,17856,18032,35888
202104,9호선,선유도,8212,7958,16170
202104,9호선,신목동,3892,3661,7553
202104,9호선,염창,16980,16957,33937
202104,9호선,등촌,11300,11092,22392
202104,9호선,증미,7405,7317,14722
202104,9호선,가양,20159,19931,40090
202104,9호선,양천향교,9761,10002,19763
202104,9호선,마곡나루,11395,11364,22759
202104,9호선,신방화,6936,6744,13680
202104,9호선,공항시장,2918,3117,6035
202104,9호선,김포공항,6805,10705,17510
202104,9호선,개화,2656,1779,4435
202104,9호선,신논현,30382,30158,60540
202104,9호선,사평,3287,3200,6487
202104,9호선,고속터미널,11218,13957,25175
202104,9호선,신반포,3182,3211,6393
202104,9호선,구반포,2735,2803,5538
202104,9호선,동작,1832,1514,3346
202104,9호선,흑석,7575,7901,15476
202104,9호선,노들,4382,3802,8184
202104,9호선,노량진,25718,25359,51077
202104,9호선,샛강,5958,6186,12144
202104,9호선,여의도,27182,26015,53197
202104,9호선,국회의사당,15603,15962,31565
202104,9호선,당산,17601,17918,35519
202104,9호선,선유도,8141,7951,16092
202104,9호선,신목동,4057,3580,7637
202104,9호선,염창,17069,16899,33968
202104,9호선,등촌,11306,11109,22415
202104,9호선,증미,7474,7405,14879
202104,9호선,가양,20268,20068,40336
202104,9호선,양천향교,9687,9860,19547
202104,9호선,마곡나루,11409,11344,22753
202104,9호선,신방화,6829,6632,13461
202104,9호선,공항시장,2812,3165,5977
202104,9호선,김포공항,7160,11464,18624
202104,9호선,개화,2579,1793,4372
202104,9호선,등촌,11135,10894,22029
202104,9호선,개화,2562,1750,4312
202104,9호선,김포공항,8225,13076,21301
202104,9호선,공항시장,2853,3179,6032
202104,9호선,신방화,6822,6617,13439
202104,9호선,마곡나루,11484,11322,22806
202104,9호선,양천향교,9912,9854,19766
202104,9호선,가양,20254,19666,39920
202104,9호선,증미,7316,7228,14544
202104,9호선,염창,17045,16718,33763
202104,9호선,신목동,3928,3609,7537
202104,9호선,선유도,8062,7750,15812
202104,9호선,당산,18319,18032,36351
202104,9호선,국회의사당,15574,15660,31234
202104,9호선,여의도,27402,25560,52962
202104,9호선,샛강,5772,5994,11766
202104,9호선,노량진,26264,25628,51892
202104,9호선,노들,4281,3660,7941
202104,9호선,흑석,7508,7787,15295
202104,9호선,동작,1680,1351,3031
202104,9호선,구반포,2687,2786,5473
202104,9호선,신반포,3193,3120,6313
202104,9호선,고속터미널,11973,16463,28436
202104,9호선,사평,3359,3186,6545
202104,9호선,신논현,32217,32337,64554
202104,9호선,개화,2766,1918,4684
202104,9호선,김포공항,7438,10113,17551
202104,9호선,공항시장,2889,3149,6038
202104,9호선,신방화,6652,6591,13243
202104,9호선,마곡나루,10977,11010,21987
202104,9호선,양천향교,9542,9878,19420
202104,9호선,가양,20007,19633,39640
202104,9호선,증미,7241,7367,14608
202104,9호선,등촌,11116,11014,22130
202104,9호선,염창,16514,16536,33050
202104,9호선,신목동,3987,3547,7534
202104,9호선,선유도,7919,7740,15659
202104,9호선,당산,17049,17304,34353
202104,9호선,국회의사당,15059,15457,30516
202104,9호선,여의도,25066,24310,49376
202104,9호선,샛강,5665,6032,11697
202104,9호선,노량진,24766,24649,49415
202104,9호선,노들,4250,3630,7880
202104,9호선,흑석,7237,7690,14927
202104,9호선,동작,1730,1408,3138
202104,9호선,구반포,2672,2733,5405
202104,9호선,신반포,3133,3091,6224
202104,9호선,고속터미널,10421,12749,23170
202104,9호선,사평,3141,3103,6244
202104,9호선,신논현,29485,29358,58843
202104,9호선,염창,17002,16810,33812
202104,9호선,증미,7413,7425,14838
202104,9호선,가양,20139,19924,40063
202104,9호선,양천향교,9775,9981,19756
202104,9호선,마곡나루,11498,11426,22924
202104,9호선,신방화,6881,6585,13466
202104,9호선,공항시장,2883,3085,5968
202104,9호선,김포공항,7262,9908,17170
202104,9호선,개화,2598,1761,4359
202104,9호선,여의도,26989,25691,52680
202104,9호선,신논현,29931,29711,59642
202104,9호선,사평,3191,3151,6342
202104,9호선,고속터미널,10893,13448,24341
202104,9호선,신반포,3136,3100,6236
202104,9호선,구반포,2728,2805,5533
202104,9호선,동작,1816,1480,3296
202104,9호선,흑석,7363,7734,15097
202104,9호선,노들,4393,3737,8130
202104,9호선,노량진,25511,25202,50713
202104,9호선,샛강,5838,6150,11988
202104,9호선,국회의사당,15654,15986,31640
202104,9호선,당산,17511,17699,35210
202104,9호선,선유도,8049,7830,15879
202104,9호선,신목동,3996,3592,7588
202104,9호선,등촌,11123,11077,22200
202104,9호선,신논현,30090,29571,59661
202104,9호선,사평,3242,3139,6381
202104,9호선,고속터미널,11388,14081,25469
202104,9호선,신반포,3263,3231,6494
202104,9호선,구반포,2641,2751,5392
202104,9호선,동작,1885,1537,3422
202104,9호선,흑석,7489,7790,15279
202104,9호선,노들,4473,3830,8303
202104,9호선,노량진,25669,25248,50917
202104,9호선,샛강,5964,6109,12073
202104,9호선,여의도,26636,25861,52497
202104,9호선,국회의사당,16152,16402,32554
202104,9호선,당산,17674,17936,35610
202104,9호선,선유도,8008,7803,15811
202104,9호선,신목동,4053,3698,7751
202104,9호선,염창,17031,16717,33748
202104,9호선,등촌,11394,11204,22598
202104,9호선,증미,7322,7391,14713
202104,9호선,가양,20188,19715,39903
202104,9호선,양천향교,9711,10046,19757
202104,9호선,마곡나루,11412,11436,22848
202104,9호선,신방화,6818,6639,13457
202104,9호선,공항시장,2893,3212,6105
202104,9호선,김포공항,7003,10210,17213
202104,9호선,개화,2643,1827,4470
202104,9호선,신논현,29991,29963,59954
202104,9호선,사평,3286,3166,6452
202104,9호선,고속터미널,11350,14169,25519
202104,9호선,신반포,3196,3154,6350
202104,9호선,구반포,2706,2794,5500
202104,9호선,동작,1808,1438,3246
202104,9호선,흑석,7438,7777,15215
202104,9호선,노들,4388,3776,8164
202104,9호선,노량진,25965,25431,51396
202104,9호선,샛강,5799,6127,11926
202104,9호선,여의도,26772,25840,52612
202104,9호선,국회의사당,15661,16214,31875
202104,9호선,당산,17640,17707,35347
202104,9호선,선유도,8049,7874,15923
202104,9호선,신목동,4018,3585,7603
202104,9호선,염창,16899,16831,33730
202104,9호선,등촌,11065,10984,22049
202104,9호선,증미,7268,7198,14466
202104,9호선,가양,20068,19663,39731
202104,9호선,양천향교,9812,9904,19716
202104,9호선,마곡나루,11275,11326,22601
202104,9호선,신방화,6803,6577,13380
202104,9호선,공항시장,2831,3103,5934
202104,9호선,김포공항,7330,11286,18616
202104,9호선,개화,2553,1729,4282
202104,9호선,개화,2658,1752,4410
202104,9호선,김포공항,8389,12946,21335
202104,9호선,공항시장,2946,3185,6131
202104,9호선,신방화,6906,6581,13487
202104,9호선,마곡나루,11507,11599,23106
202104,9호선,양천향교,9731,9783,19514
202104,9호선,가양,20706,19767,40473
202104,9호선,증미,7436,7268,14704
202104,9호선,등촌,11439,11181,22620
202104,9호선,염창,17272,16695,33967
202104,9호선,신목동,4044,3658,7702
202104,9호선,선유도,8103,7821,15924
202104,9호선,당산,18355,18291,36646
202104,9호선,국회의사당,15488,15797,31285
202104,9호선,여의도,27424,25808,53232
202104,9호선,샛강,5767,6030,11797
202104,9호선,노량진,26976,26417,53393
202104,9호선,노들,4463,3718,8181
202104,9호선,흑석,7715,7967,15682
202104,9호선,동작,1860,1436,3296
202104,9호선,구반포,2864,2922,5786
202104,9호선,신반포,3433,3355,6788
202104,9호선,고속터미널,12870,17316,30186
202104,9호선,사평,3430,3293,6723
202104,9호선,신논현,32801,32981,65782
202104,9호선,신논현,29650,29536,59186
202104,9호선,사평,3268,3202,6470
202104,9호선,고속터미널,11384,14122,25506
202104,9호선,신반포,3212,3140,6352
202104,9호선,구반포,2666,2789,5455
202104,9호선,동작,1835,1446,3281
202104,9호선,흑석,7503,7809,15312
202104,9호선,노들,4267,3754,8021
202104,9호선,노량진,25271,24972,50243
202104,9호선,샛강,5797,6085,11882
202104,9호선,여의도,26238,25484,51722
202104,9호선,국회의사당,15332,15937,31269
202104,9호선,당산,17148,17336,34484
202104,9호선,선유도,7913,7658,15571
202104,9호선,신목동,3931,3547,7478
202104,9호선,염창,16781,16635,33416
202104,9호선,등촌,10988,10904,21892
202104,9호선,증미,7397,7340,14737
202104,9호선,가양,19934,19599,39533
202104,9호선,양천향교,9379,9617,18996
202104,9호선,마곡나루,11088,11047,22135
202104,9호선,신방화,6765,6585,13350
202104,9호선,공항시장,2872,3135,6007
202104,9호선,김포공항,7927,10689,18616
202104,9호선,개화,2638,1798,4436
202104,9호선,개화,2599,1806,4405
202104,9호선,김포공항,7450,10222,17672
202104,9호선,공항시장,2817,3073,5890
202104,9호선,신방화,6707,6634,13341
202104,9호선,마곡나루,11391,11176,22567
202104,9호선,양천향교,9532,9848,19380
202104,9호선,가양,20051,19794,39845
202104,9호선,증미,7306,7268,14574
202104,9호선,등촌,10939,11076,22015
202104,9호선,염창,17062,16775,33837
202104,9호선,신목동,3989,3569,7558
202104,9호선,선유도,8089,7878,15967
202104,9호선,당산,17544,17843,35387
202104,9호선,국회의사당,16194,16372,32566
202104,9호선,여의도,26799,25688,52487
202104,9호선,샛강,6075,6289,12364
202104,9호선,노량진,25550,25126,50676
202104,9호선,노들,4396,3740,8136
202104,9호선,흑석,7678,8086,15764
202104,9호선,동작,1814,1407,3221
202104,9호선,구반포,2735,2775,5510
202104,9호선,신반포,3189,3205,6394
202104,9호선,고속터미널,11106,13563,24669
202104,9호선,사평,3294,3340,6634
202104,9호선,신논현,30375,30169,60544
202104,9호선,등촌,11058,10934,21992
202104,9호선,신논현,30644,30469,61113
202104,9호선,사평,3289,3249,6538
202104,9호선,고속터미널,11450,14238,25688
202104,9호선,신반포,3322,3298,6620
202104,9호선,구반포,2820,2784,5604
202104,9호선,동작,1788,1451,3239
202104,9호선,흑석,7723,8069,15792
202104,9호선,노들,4419,3866,8285
202104,9호선,노량진,25602,25371,50973
202104,9호선,샛강,5849,6124,11973
202104,9호선,여의도,27182,26193,53375
202104,9호선,국회의사당,15843,16108,31951
202104,9호선,당산,17782,18012,35794
202104,9호선,선유도,8125,7829,15954
202104,9호선,신목동,3964,3629,7593
202104,9호선,염창,17150,16590,33740
202104,9호선,증미,7350,7334,14684
202104,9호선,가양,20137,19963,40100
202104,9호선,양천향교,9361,9579,18940
202104,9호선,마곡나루,11387,11296,22683
202104,9호선,신방화,6817,6574,13391
202104,9호선,공항시장,2798,3021,5819
202104,9호선,김포공항,7181,10489,17670
202104,9호선,개화,2657,1821,4478
202104,9호선,개화,2650,1860,4510
202104,9호선,김포공항,7574,11595,19169
202104,9호선,공항시장,2863,3154,6017
202104,9호선,신방화,6823,6634,13457
202104,9호선,마곡나루,11292,11521,22813
202104,9호선,양천향교,9473,9652,19125
202104,9호선,가양,20460,19887,40347
202104,9호선,증미,7275,7288,14563
202104,9호선,등촌,11124,10943,22067
202104,9호선,염창,16946,16788,33734
202104,9호선,신목동,3916,3585,7501
202104,9호선,선유도,8097,7935,16032
202104,9호선,당산,18001,17963,35964
202104,9호선,국회의사당,15356,15778,31134
202104,9호선,여의도,26799,25790,52589
202104,9호선,샛강,5794,6062,11856
202104,9호선,노량진,25789,25394,51183
202104,9호선,노들,4482,3888,8370
202104,9호선,흑석,7687,7897,15584
202104,9호선,동작,1808,1487,3295
202104,9호선,구반포,2946,3128,6074
202104,9호선,신반포,3393,3304,6697
202104,9호선,고속터미널,11382,14034,25416
202104,9호선,사평,3364,3312,6676
202104,9호선,신논현,31016,30703,61719
202104,9호선,개화,2584,1778,4362
202104,9호선,김포공항,8578,13140,21718
202104,9호선,공항시장,2908,3120,6028
202104,9호선,신방화,6965,6689,13654
202104,9호선,마곡나루,11681,11428,23109
202104,9호선,양천향교,9708,9697,19405
202104,9호선,가양,20402,19979,40381
202104,9호선,증미,7537,7495,15032
202104,9호선,등촌,11404,11069,22473
202104,9호선,염창,17305,16810,34115
202104,9호선,신목동,3997,3592,7589
202104,9호선,선유도,8207,7997,16204
202104,9호선,당산,18529,18346,36875
202104,9호선,국회의사당,15548,15793,31341
202104,9호선,여의도,28490,26420,54910
202104,9호선,샛강,5883,6114,11997
202104,9호선,노량진,27317,26515,53832
202104,9호선,노들,4516,3825,8341
202104,9호선,흑석,7860,8034,15894
202104,9호선,동작,1768,1437,3205
202104,9호선,구반포,3165,3135,6300
202104,9호선,신반포,3576,3414,6990
202104,9호선,고속터미널,13185,18360,31545
202104,9호선,사평,3461,3334,6795
202104,9호선,신논현,33813,33940,67753
202105,9호선,신논현,30580,30269,60849
202105,9호선,사평,3187,3077,6264
202105,9호선,고속터미널,11583,14591,26174
202105,9호선,신반포,3217,3190,6407
202105,9호선,구반포,2715,2749,5464
202105,9호선,동작,1781,1500,3281
202105,9호선,흑석,7570,8015,15585
202105,9호선,노들,4516,3723,8239
202105,9호선,노량진,25299,25100,50399
202105,9호선,샛강,5896,6006,11902
202105,9호선,여의도,26472,25695,52167
202105,9호선,국회의사당,15075,15384,30459
202105,9호선,당산,17029,17518,34547
202105,9호선,선유도,8149,7924,16073
202105,9호선,신목동,3901,3539,7440
202105,9호선,염창,16801,16694,33495
202105,9호선,등촌,11248,11014,22262
202105,9호선,증미,7334,7384,14718
202105,9호선,가양,20025,19623,39648
202105,9호선,양천향교,9290,9507,18797
202105,9호선,마곡나루,11123,11182,22305
202105,9호선,신방화,6845,6702,13547
202105,9호선,공항시장,2816,3056,5872
202105,9호선,김포공항,7392,10294,17686
202105,9호선,개화,2649,1757,4406
202105,9호선,신논현,31750,31146,62896
202105,9호선,사평,3231,3176,6407
202105,9호선,고속터미널,11314,15112,26426
202105,9호선,신반포,3014,3022,6036
202105,9호선,구반포,2759,2860,5619
202105,9호선,동작,1597,1258,2855
202105,9호선,흑석,7514,7918,15432
202105,9호선,노들,4280,3697,7977
202105,9호선,노량진,25444,24708,50152
202105,9호선,샛강,6100,6115,12215
202105,9호선,여의도,27485,25437,52922
202105,9호선,국회의사당,16077,15826,31903
202105,9호선,당산,17665,17767,35432
202105,9호선,선유도,8545,8497,17042
202105,9호선,신목동,3851,3487,7338
202105,9호선,염창,16592,16352,32944
202105,9호선,등촌,11115,11173,22288
202105,9호선,증미,7384,7504,14888
202105,9호선,가양,19412,18971,38383
202105,9호선,양천향교,9283,9504,18787
202105,9호선,마곡나루,11099,11110,22209
202105,9호선,신방화,6771,6671,13442
202105,9호선,공항시장,2838,3157,5995
202105,9호선,김포공항,6856,9313,16169
202105,9호선,개화,2435,1574,4009
202105,9호선,개화,1304,1147,2451
202105,9호선,김포공항,7095,10962,18057
202105,9호선,공항시장,1820,1950,3770
202105,9호선,신방화,3701,3506,7207
202105,9호선,마곡나루,6843,6727,13570
202105,9호선,양천향교,4872,4939,9811
202105,9호선,가양,11023,10705,21728
202105,9호선,증미,3504,3478,6982
202105,9호선,등촌,5789,5676,11465
202105,9호선,염창,9131,8827,17958
202105,9호선,신목동,1963,1747,3710
202105,9호선,선유도,3626,3534,7160
202105,9호선,당산,9299,8980,18279
202105,9호선,국회의사당,3354,3250,6604
202105,9호선,여의도,9921,9356,19277
202105,9호선,샛강,2121,1864,3985
202105,9호선,노량진,17058,17563,34621
202105,9호선,노들,2831,2488,5319
202105,9호선,흑석,4474,4613,9087
202105,9호선,동작,1416,1191,2607
202105,9호선,구반포,1285,1460,2745
202105,9호선,신반포,1765,1751,3516
202105,9호선,고속터미널,10206,13454,23660
202105,9호선,사평,1553,1558,3111
202105,9호선,신논현,16351,15669,32020
202105,9호선,개화,2659,1785,4444
202105,9호선,김포공항,7529,11325,18854
202105,9호선,공항시장,2862,3086,5948
202105,9호선,신방화,6822,6541,13363
202105,9호선,마곡나루,11570,11510,23080
202105,9호선,양천향교,9708,9820,19528
202105,9호선,가양,20193,19615,39808
202105,9호선,증미,7358,7473,14831
202105,9호선,등촌,11349,11047,22396
202105,9호선,염창,17063,16787,33850
202105,9호선,신목동,3929,3599,7528
202105,9호선,선유도,8344,8087,16431
202105,9호선,당산,17803,17982,35785
202105,9호선,국회의사당,15325,15826,31151
202105,9호선,여의도,26684,25788,52472
202105,9호선,샛강,5825,6053,11878
202105,9호선,노량진,25642,25168,50810
202105,9호선,노들,4416,3802,8218
202105,9호선,흑석,7741,8178,15919
202105,9호선,동작,1839,1523,3362
202105,9호선,구반포,2690,2722,5412
202105,9호선,신반포,3154,3150,6304
202105,9호선,고속터미널,11806,15420,27226
202105,9호선,사평,3307,3296,6603
202105,9호선,신논현,31281,31049,62330
202105,9호선,개화,2437,1726,4163
202105,9호선,김포공항,8178,13528,21706
202105,9호선,공항시장,2874,3031,5905
202105,9호선,신방화,6799,6609,13408
202105,9호선,마곡나루,11524,11254,22778
202105,9호선,양천향교,9676,9618,19294
202105,9호선,가양,20245,19438,39683
202105,9호선,증미,7447,7337,14784
202105,9호선,등촌,11454,10999,22453
202105,9호선,염창,17110,16744,33854
202105,9호선,신목동,3975,3761,7736
202105,9호선,선유도,8634,8061,16695
202105,9호선,당산,18708,17893,36601
202105,9호선,국회의사당,15536,15345,30881
202105,9호선,여의도,27509,25397,52906
202105,9호선,샛강,5919,6040,11959
202105,9호선,노량진,26099,25032,51131
202105,9호선,노들,4325,3695,8020
202105,9호선,흑석,7826,7893,15719
202105,9호선,동작,1738,1397,3135
202105,9호선,구반포,2873,2918,5791
202105,9호선,신반포,3199,3254,6453
202105,9호선,고속터미널,12887,19523,32410
202105,9호선,사평,3427,3256,6683
202105,9호선,신논현,32679,32258,64937
202105,9호선,개화,2586,1735,4321
202105,9호선,김포공항,7579,10626,18205
202105,9호선,공항시장,2801,3008,5809
202105,9호선,신방화,6767,6559,13326
202105,9호선,마곡나루,10615,10898,21513
202105,9호선,양천향교,9778,10035,19813
202105,9호선,가양,19720,19571,39291
202105,9호선,증미,7429,7546,14975
202105,9호선,등촌,11012,10792,21804
202105,9호선,염창,16404,16497,32901
202105,9호선,신목동,3865,3575,7440
202105,9호선,선유도,8269,8077,16346
202105,9호선,당산,16997,17497,34494
202105,9호선,국회의사당,15402,15878,31280
202105,9호선,여의도,26506,25299,51805
202105,9호선,샛강,5750,5929,11679
202105,9호선,노량진,24810,24632,49442
202105,9호선,노들,4157,3605,7762
202105,9호선,흑석,7213,7801,15014
202105,9호선,동작,1617,1317,2934
202105,9호선,구반포,2722,2818,5540
202105,9호선,신반포,3098,3009,6107
202105,9호선,고속터미널,10879,13388,24267
202105,9호선,사평,3103,3152,6255
202105,9호선,신논현,29578,29366,58944
202105,9호선,개화,2672,1773,4445
202105,9호선,김포공항,7163,10268,17431
202105,9호선,공항시장,2936,3184,6120
202105,9호선,신방화,6817,6602,13419
202105,9호선,마곡나루,11677,11716,23393
202105,9호선,양천향교,9878,10035,19913
202105,9호선,가양,20295,19961,40256
202105,9호선,증미,7640,7629,15269
202105,9호선,등촌,11193,11028,22221
202105,9호선,염창,17308,17238,34546
202105,9호선,신목동,4112,3639,7751
202105,9호선,선유도,8548,8379,16927
202105,9호선,당산,17853,17870,35723
202105,9호선,국회의사당,15835,16396,32231
202105,9호선,여의도,27207,26196,53403
202105,9호선,샛강,5984,6204,12188
202105,9호선,노량진,25564,25400,50964
202105,9호선,노들,4584,3885,8469
202105,9호선,흑석,8013,8275,16288
202105,9호선,동작,1918,1577,3495
202105,9호선,구반포,2923,2977,5900
202105,9호선,신반포,3269,3204,6473
202105,9호선,고속터미널,11556,14332,25888
202105,9호선,사평,3321,3261,6582
202105,9호선,신논현,32017,31614,63631
202105,9호선,신논현,31415,31303,62718
202105,9호선,사평,3287,3299,6586
202105,9호선,고속터미널,11778,14543,26321
202105,9호선,신반포,3503,3445,6948
202105,9호선,구반포,2837,2857,5694
202105,9호선,동작,1923,1505,3428
202105,9호선,흑석,7912,8267,16179
202105,9호선,노들,4601,3901,8502
202105,9호선,노량진,26174,25825,51999
202105,9호선,샛강,5861,6128,11989
202105,9호선,여의도,27093,26187,53280
202105,9호선,국회의사당,16013,16474,32487
202105,9호선,당산,18035,18120,36155
202105,9호선,선유도,8473,8193,16666
202105,9호선,신목동,4061,3651,7712
202105,9호선,염창,17298,17162,34460
202105,9호선,등촌,11372,11089,22461
202105,9호선,증미,7442,7393,14835
202105,9호선,가양,20694,20167,40861
202105,9호선,양천향교,9924,10236,20160
202105,9호선,마곡나루,11490,11517,23007
202105,9호선,신방화,6910,6703,13613
202105,9호선,공항시장,2884,3179,6063
202105,9호선,김포공항,7001,10695,17696
202105,9호선,개화,2637,1734,4371
202105,9호선,개화,2597,1791,4388
202105,9호선,김포공항,7723,11703,19426
202105,9호선,공항시장,2940,3213,6153
202105,9호선,신방화,6844,6679,13523
202105,9호선,마곡나루,11588,11691,23279
202105,9호선,양천향교,9933,10056,19989
202105,9호선,가양,20633,20162,40795
202105,9호선,증미,7337,7304,14641
202105,9호선,등촌,11557,11144,22701
202105,9호선,염창,17195,17075,34270
202105,9호선,신목동,4054,3618,7672
202105,9호선,선유도,8373,8174,16547
202105,9호선,당산,18182,18153,36335
202105,9호선,국회의사당,15931,16436,32367
202105,9호선,여의도,27389,26503,53892
202105,9호선,샛강,5947,6309,12256
202105,9호선,노량진,25910,25533,51443
202105,9호선,노들,4422,3790,8212
202105,9호선,흑석,7879,8159,16038
202105,9호선,동작,1842,1515,3357
202105,9호선,구반포,2828,2886,5714
202105,9호선,신반포,3431,3444,6875
202105,9호선,고속터미널,11899,15014,26913
202105,9호선,사평,3343,3284,6627
202105,9호선,신논현,31622,31331,62953
202105,9호선,개화,2646,1833,4479
202105,9호선,김포공항,8549,13058,21607
202105,9호선,공항시장,2996,3230,6226
202105,9호선,신방화,7252,6848,14100
202105,9호선,마곡나루,11990,12023,24013
202105,9호선,양천향교,10128,10262,20390
202105,9호선,가양,20819,20213,41032
202105,9호선,증미,7622,7528,15150
202105,9호선,등촌,11756,11398,23154
202105,9호선,염창,17773,17219,34992
202105,9호선,신목동,4153,3819,7972
202105,9호선,선유도,8741,8377,17118
202105,9호선,당산,18873,18830,37703
202105,9호선,국회의사당,15801,16022,31823
202105,9호선,여의도,28333,26864,55197
202105,9호선,샛강,6135,6148,12283
202105,9호선,노량진,27298,26846,54144
202105,9호선,노들,4767,3988,8755
202105,9호선,흑석,8373,8582,16955
202105,9호선,동작,1938,1580,3518
202105,9호선,구반포,3001,3052,6053
202105,9호선,신반포,3726,3669,7395
202105,9호선,고속터미널,13742,18865,32607
202105,9호선,사평,3572,3386,6958
202105,9호선,신논현,34786,34829,69615
202105,9호선,신논현,30203,30023,60226
202105,9호선,사평,3232,3216,6448
202105,9호선,고속터미널,10616,13529,24145
202105,9호선,신반포,3218,3168,6386
202105,9호선,구반포,2686,2755,5441
202105,9호선,동작,1654,1309,2963
202105,9호선,흑석,7532,7828,15360
202105,9호선,노들,4353,3631,7984
202105,9호선,노량진,24548,24218,48766
202105,9호선,샛강,5722,5948,11670
202105,9호선,여의도,26676,25539,52215
202105,9호선,국회의사당,15346,16100,31446
202105,9호선,당산,17260,17348,34608
202105,9호선,선유도,8237,8045,16282
202105,9호선,신목동,3996,3556,7552
202105,9호선,염창,16638,16365,33003
202105,9호선,등촌,11229,10940,22169
202105,9호선,증미,7366,7428,14794
202105,9호선,가양,19757,19276,39033
202105,9호선,양천향교,9512,9915,19427
202105,9호선,마곡나루,10945,10916,21861
202105,9호선,신방화,6720,6486,13206
202105,9호선,공항시장,2812,2992,5804
202105,9호선,김포공항,7169,10387,17556
202105,9호선,개화,2569,1756,4325
202105,9호선,신논현,33830,33860,67690
202105,9호선,사평,3506,3350,6856
202105,9호선,고속터미널,12673,16663,29336
202105,9호선,신반포,3478,3407,6885
202105,9호선,구반포,2878,2956,5834
202105,9호선,동작,2022,1682,3704
202105,9호선,흑석,8472,8754,17226
202105,9호선,노들,4713,3956,8669
202105,9호선,노량진,26965,26196,53161
202105,9호선,샛강,6197,6388,12585
202105,9호선,여의도,28212,26980,55192
202105,9호선,국회의사당,15842,16357,32199
202105,9호선,당산,18992,18911,37903
202105,9호선,선유도,8769,8614,17383
202105,9호선,신목동,4231,3744,7975
202105,9호선,염창,17752,17257,35009
202105,9호선,등촌,11864,11329,23193
202105,9호선,증미,7777,7751,15528
202105,9호선,가양,21150,20320,41470
202105,9호선,양천향교,10102,10171,20273
202105,9호선,마곡나루,12272,12266,24538
202105,9호선,신방화,7023,6743,13766
202105,9호선,공항시장,2910,3150,6060
202105,9호선,김포공항,7608,11458,19066
202105,9호선,개화,2661,1812,4473
202105,9호선,신논현,18210,17516,35726
202105,9호선,사평,1831,1676,3507
202105,9호선,고속터미널,10858,14394,25252
202105,9호선,신반포,1944,1896,3840
202105,9호선,구반포,1603,1739,3342
202105,9호선,동작,1780,1426,3206
202105,9호선,흑석,4951,4941,9892
202105,9호선,노들,3098,2652,5750
202105,9호선,노량진,17874,18213,36087
202105,9호선,샛강,2158,2135,4293
202105,9호선,여의도,9972,9355,19327
202105,9호선,국회의사당,3637,3648,7285
202105,9호선,당산,9941,9462,19403
202105,9호선,선유도,3931,3796,7727
202105,9호선,신목동,2100,1854,3954
202105,9호선,염창,9731,9390,19121
202105,9호선,등촌,6259,6137,12396
202105,9호선,증미,3506,3482,6988
202105,9호선,가양,11428,11163,22591
202105,9호선,양천향교,5073,4917,9990
202105,9호선,마곡나루,6971,7049,14020
202105,9호선,신방화,3868,3729,7597
202105,9호선,공항시장,1857,2059,3916
202105,9호선,김포공항,7216,10883,18099
202105,9호선,개화,1432,1273,2705
202105,9호선,김포공항,7373,10867,18240
202105,9호선,선유도,8291,8081,16372
202105,9호선,공항시장,2861,3149,6010
202105,9호선,신방화,6683,6550,13233
202105,9호선,마곡나루,11149,10933,22082
202105,9호선,양천향교,9584,10055,19639
202105,9호선,가양,20085,19608,39693
202105,9호선,증미,7304,7360,14664
202105,9호선,등촌,11286,11266,22552
202105,9호선,염창,16830,16728,33558
202105,9호선,신목동,3896,3534,7430
202105,9호선,당산,17547,17788,35335
202105,9호선,국회의사당,15383,15693,31076
202105,9호선,여의도,26717,25331,52048
202105,9호선,샛강,5870,6084,11954
202105,9호선,노량진,25252,24791,50043
202105,9호선,노들,4450,3784,8234
202105,9호선,흑석,7702,8154,15856
202105,9호선,동작,1793,1425,3218
202105,9호선,구반포,2690,2764,5454
202105,9호선,신반포,3321,3264,6585
202105,9호선,고속터미널,11571,14213,25784
202105,9호선,사평,3270,3273,6543
202105,9호선,신논현,30919,30675,61594
202105,9호선,개화,2538,1740,4278
202105,9호선,신논현,33112,32985,66097
202105,9호선,사평,3427,3192,6619
202105,9호선,고속터미널,12933,17278,30211
202105,9호선,신반포,3343,3277,6620
202105,9호선,구반포,2823,2881,5704
202105,9호선,동작,1884,1417,3301
202105,9호선,흑석,8049,8256,16305
202105,9호선,노들,4571,3775,8346
202105,9호선,노량진,26320,25452,51772
202105,9호선,샛강,5885,6238,12123
202105,9호선,여의도,26921,25258,52179
202105,9호선,국회의사당,15380,15814,31194
202105,9호선,당산,18526,18144,36670
202105,9호선,선유도,8408,8174,16582
202105,9호선,신목동,4001,3613,7614
202105,9호선,염창,17263,16978,34241
202105,9호선,등촌,11610,11102,22712
202105,9호선,증미,7517,7570,15087
202105,9호선,가양,20681,20297,40978
202105,9호선,양천향교,9762,9758,19520
202105,9호선,마곡나루,11344,11345,22689
202105,9호선,신방화,6879,6579,13458
202105,9호선,공항시장,2910,3076,5986
202105,9호선,김포공항,7985,12813,20798
202105,9호선,개화,2565,1737,4302
202105,9호선,개화,2745,1842,4587
202105,9호선,김포공항,7480,10634,18114
202105,9호선,공항시장,2948,3089,6037
202105,9호선,신방화,7039,6680,13719
202105,9호선,마곡나루,11270,11454,22724
202105,9호선,양천향교,9645,9771,19416
202105,9호선,가양,20374,20067,40441
202105,9호선,증미,7442,7548,14990
202105,9호선,등촌,11350,11126,22476
202105,9호선,염창,16867,16831,33698
202105,9호선,신목동,4038,3597,7635
202105,9호선,선유도,8330,7991,16321
202105,9호선,당산,17481,17652,35133
202105,9호선,국회의사당,15821,16285,32106
202105,9호선,여의도,25524,24706,50230
202105,9호선,샛강,5988,6155,12143
202105,9호선,노량진,24956,24619,49575
202105,9호선,노들,4289,3733,8022
202105,9호선,흑석,7862,8200,16062
202105,9호선,동작,2165,1736,3901
202105,9호선,구반포,2713,2845,5558
202105,9호선,신반포,3423,3300,6723
202105,9호선,고속터미널,11298,14159,25457
202105,9호선,사평,3272,3264,6536
202105,9호선,신논현,30228,30174,60402
202105,9호선,개화,2615,1806,4421
202105,9호선,김포공항,7008,9971,16979
202105,9호선,공항시장,2859,3121,5980
202105,9호선,신방화,6892,6655,13547
202105,9호선,마곡나루,11471,11531,23002
202105,9호선,양천향교,9768,9979,19747
202105,9호선,가양,20184,19737,39921
202105,9호선,증미,7618,7585,15203
202105,9호선,등촌,11569,11178,22747
202105,9호선,염창,17275,17111,34386
202105,9호선,신목동,3968,3599,7567
202105,9호선,선유도,8470,8368,16838
202105,9호선,당산,18053,18133,36186
202105,9호선,국회의사당,15929,16830,32759
202105,9호선,여의도,27069,26036,53105
202105,9호선,샛강,5910,6304,12214
202105,9호선,노량진,25218,24655,49873
202105,9호선,노들,4507,3793,8300
202105,9호선,흑석,7935,8366,16301
202105,9호선,동작,1758,1454,3212
202105,9호선,구반포,2767,2889,5656
202105,9호선,신반포,3106,3158,6264
202105,9호선,고속터미널,11216,13816,25032
202105,9호선,사평,3308,3261,6569
202105,9호선,신논현,30922,30447,61369
202105,9호선,개화,2676,1788,4464
202105,9호선,김포공항,7143,10574,17717
202105,9호선,공항시장,2922,3163,6085
202105,9호선,신방화,6984,6784,13768
202105,9호선,마곡나루,11888,11668,23556
202105,9호선,양천향교,10021,10296,20317
202105,9호선,가양,20747,20300,41047
202105,9호선,증미,7650,7613,15263
202105,9호선,등촌,11677,11345,23022
202105,9호선,염창,17374,17253,34627
202105,9호선,신목동,4122,3745,7867
202105,9호선,선유도,8503,8380,16883
202105,9호선,당산,18296,18140,36436
202105,9호선,국회의사당,16431,16718,33149
202105,9호선,여의도,27592,26650,54242
202105,9호선,샛강,5971,6229,12200
202105,9호선,노량진,25871,25188,51059
202105,9호선,노들,4596,3871,8467
202105,9호선,흑석,8249,8424,16673
202105,9호선,동작,1970,1577,3547
202105,9호선,구반포,2894,2878,5772
202105,9호선,신반포,3382,3318,6700
202105,9호선,고속터미널,11649,14399,26048
202105,9호선,사평,3261,3173,6434
202105,9호선,신논현,31195,30619,61814
202105,9호선,개화,2514,1724,4238
202105,9호선,김포공항,7185,11588,18773
202105,9호선,공항시장,2916,3128,6044
202105,9호선,신방화,6779,6471,13250
202105,9호선,마곡나루,11260,11309,22569
202105,9호선,양천향교,9713,9833,19546
202105,9호선,가양,20066,19455,39521
202105,9호선,증미,7544,7574,15118
202105,9호선,등촌,11279,10942,22221
202105,9호선,염창,16997,16580,33577
202105,9호선,신목동,3956,3578,7534
202105,9호선,선유도,8443,8301,16744
202105,9호선,당산,17668,17593,35261
202105,9호선,국회의사당,15812,16621,32433
202105,9호선,여의도,26578,25875,52453
202105,9호선,샛강,5809,6076,11885
202105,9호선,노량진,25237,24443,49680
202105,9호선,노들,4465,3694,8159
202105,9호선,흑석,7799,8175,15974
202105,9호선,동작,1830,1412,3242
202105,9호선,구반포,2726,2818,5544
202105,9호선,신반포,3162,3183,6345
202105,9호선,고속터미널,11312,13937,25249
202105,9호선,사평,3318,3182,6500
202105,9호선,신논현,30134,30079,60213
202105,9호선,신논현,32503,32567,65070
202105,9호선,사평,3413,3182,6595
202105,9호선,고속터미널,12576,16924,29500
202105,9호선,신반포,3225,3101,6326
202105,9호선,구반포,2815,2814,5629
202105,9호선,동작,1947,1488,3435
202105,9호선,흑석,7827,8017,15844
202105,9호선,노들,4582,3738,8320
202105,9호선,노량진,26234,25220,51454
202105,9호선,샛강,5774,6084,11858
202105,9호선,여의도,26926,25508,52434
202105,9호선,국회의사당,15356,16313,31669
202105,9호선,당산,18142,18013,36155
202105,9호선,선유도,8358,8086,16444
202105,9호선,신목동,3944,3461,7405
202105,9호선,염창,17131,16578,33709
202105,9호선,등촌,11334,10877,22211
202105,9호선,증미,7465,7500,14965
202105,9호선,가양,20146,19608,39754
202105,9호선,양천향교,9977,10030,20007
202105,9호선,마곡나루,11336,11657,22993
202105,9호선,신방화,6907,6480,13387
202105,9호선,공항시장,2925,3124,6049
202105,9호선,김포공항,8312,12787,21099
202105,9호선,개화,2575,1710,4285
202105,9호선,신논현,29487,29182,58669
202105,9호선,사평,3171,3103,6274
202105,9호선,고속터미널,10952,13380,24332
202105,9호선,신반포,3104,3117,6221
202105,9호선,구반포,2684,2745,5429
202105,9호선,동작,1848,1479,3327
202105,9호선,흑석,7605,7870,15475
202105,9호선,노들,4195,3615,7810
202105,9호선,노량진,24373,24254,48627
202105,9호선,샛강,5773,6002,11775
202105,9호선,여의도,26106,25181,51287
202105,9호선,국회의사당,15620,16269,31889
202105,9호선,당산,16881,17234,34115
202105,9호선,선유도,8225,8006,16231
202105,9호선,신목동,3851,3536,7387
202105,9호선,염창,16746,16513,33259
202105,9호선,등촌,11103,10891,21994
202105,9호선,증미,7393,7446,14839
202105,9호선,가양,19714,19249,38963
202105,9호선,양천향교,9626,9966,19592
202105,9호선,마곡나루,10839,11009,21848
202105,9호선,신방화,6745,6503,13248
202105,9호선,공항시장,2721,3012,5733
202105,9호선,김포공항,7531,10170,17701
202105,9호선,개화,2580,1734,4314
202106,9호선,구반포,2634,2745,5379
202106,9호선,신반포,3131,3098,6229
202106,9호선,고속터미널,11119,13452,24571
202106,9호선,사평,3215,3136,6351
202106,9호선,신논현,30151,29773,59924
202106,9호선,개화,2681,1825,4506
202106,9호선,김포공항,6905,9584,16489
202106,9호선,공항시장,2950,3110,6060
202106,9호선,신방화,6778,6505,13283
202106,9호선,마곡나루,11181,11275,22456
202106,9호선,양천향교,9666,9891,19557
202106,9호선,가양,20047,19656,39703
202106,9호선,증미,7610,7566,15176
202106,9호선,등촌,11347,11216,22563
202106,9호선,염창,17075,16722,33797
202106,9호선,신목동,3954,3622,7576
202106,9호선,선유도,8358,8205,16563
202106,9호선,당산,17682,17737,35419
202106,9호선,국회의사당,15945,16770,32715
202106,9호선,여의도,26636,25563,52199
202106,9호선,샛강,5830,6124,11954
202106,9호선,노량진,25168,24424,49592
202106,9호선,노들,4448,3788,8236
202106,9호선,흑석,7799,8169,15968
202106,9호선,동작,2156,1749,3905
202106,9호선,개화,2693,1867,4560
202106,9호선,김포공항,6693,9777,16470
202106,9호선,공항시장,2856,3021,5877
202106,9호선,신방화,6804,6634,13438
202106,9호선,마곡나루,11388,11494,22882
202106,9호선,양천향교,9828,9961,19789
202106,9호선,가양,20205,19824,40029
202106,9호선,증미,7573,7635,15208
202106,9호선,등촌,11430,11190,22620
202106,9호선,염창,17061,16844,33905
202106,9호선,신목동,4057,3605,7662
202106,9호선,선유도,8547,8186,16733
202106,9호선,당산,17836,17794,35630
202106,9호선,국회의사당,16141,16666,32807
202106,9호선,여의도,26909,26221,53130
202106,9호선,샛강,5967,6206,12173
202106,9호선,노량진,25537,24867,50404
202106,9호선,노들,4493,3876,8369
202106,9호선,흑석,7890,8167,16057
202106,9호선,동작,2126,1769,3895
202106,9호선,구반포,2706,2789,5495
202106,9호선,신반포,3249,3160,6409
202106,9호선,고속터미널,11270,13872,25142
202106,9호선,사평,3202,3277,6479
202106,9호선,신논현,30289,30000,60289
202106,9호선,개화,2505,1665,4170
202106,9호선,김포공항,6727,10472,17199
202106,9호선,공항시장,2842,3102,5944
202106,9호선,신방화,6537,6545,13082
202106,9호선,마곡나루,11241,10926,22167
202106,9호선,양천향교,9577,9876,19453
202106,9호선,가양,19679,19288,38967
202106,9호선,증미,7632,7658,15290
202106,9호선,등촌,10970,10968,21938
202106,9호선,염창,16517,16421,32938
202106,9호선,신목동,3811,3532,7343
202106,9호선,선유도,8578,8186,16764
202106,9호선,당산,17548,17761,35309
202106,9호선,국회의사당,16973,16439,33412
202106,9호선,여의도,27083,25486,52569
202106,9호선,샛강,5999,6144,12143
202106,9호선,노량진,24920,23597,48517
202106,9호선,노들,4166,3679,7845
202106,9호선,흑석,7405,7753,15158
202106,9호선,동작,2044,1706,3750
202106,9호선,구반포,2636,2747,5383
202106,9호선,신반포,3174,3111,6285
202106,9호선,고속터미널,10548,13277,23825
202106,9호선,사평,3272,3372,6644
202106,9호선,신논현,29596,29459,59055
202106,9호선,개화,2693,1793,4486
202106,9호선,김포공항,7896,13039,20935
202106,9호선,공항시장,2939,3183,6122
202106,9호선,신방화,6947,6642,13589
202106,9호선,마곡나루,12033,11956,23989
202106,9호선,양천향교,10078,10003,20081
202106,9호선,가양,20691,19999,40690
202106,9호선,증미,7800,7568,15368
202106,9호선,등촌,11632,11149,22781
202106,9호선,염창,17578,17037,34615
202106,9호선,신목동,4148,3687,7835
202106,9호선,선유도,8566,8215,16781
202106,9호선,당산,18859,18613,37472
202106,9호선,국회의사당,15651,16079,31730
202106,9호선,여의도,27228,25982,53210
202106,9호선,샛강,5894,6155,12049
202106,9호선,노량진,27375,25774,53149
202106,9호선,노들,4653,3868,8521
202106,9호선,흑석,8054,8284,16338
202106,9호선,동작,2596,2208,4804
202106,9호선,구반포,2861,2931,5792
202106,9호선,신반포,3517,3299,6816
202106,9호선,고속터미널,13335,18230,31565
202106,9호선,사평,3474,3280,6754
202106,9호선,신논현,33621,33738,67359
202106,9호선,신논현,29476,29603,59079
202106,9호선,사평,3147,3155,6302
202106,9호선,고속터미널,11062,13726,24788
202106,9호선,신반포,3179,3034,6213
202106,9호선,구반포,2712,2718,5430
202106,9호선,동작,1977,1605,3582
202106,9호선,흑석,7337,7789,15126
202106,9호선,노들,4218,3615,7833
202106,9호선,노량진,24512,23953,48465
202106,9호선,샛강,5776,5987,11763
202106,9호선,여의도,25834,24774,50608
202106,9호선,국회의사당,15402,16039,31441
202106,9호선,당산,16892,17255,34147
202106,9호선,선유도,8158,7895,16053
202106,9호선,신목동,3798,3504,7302
202106,9호선,염창,16452,16259,32711
202106,9호선,등촌,10953,10780,21733
202106,9호선,증미,7374,7455,14829
202106,9호선,가양,19617,19265,38882
202106,9호선,양천향교,9393,9608,19001
202106,9호선,마곡나루,10743,10779,21522
202106,9호선,신방화,6707,6649,13356
202106,9호선,공항시장,2772,2994,5766
202106,9호선,김포공항,7600,10098,17698
202106,9호선,개화,2659,1835,4494
202106,9호선,개화,2627,1824,4451
202106,9호선,김포공항,6963,9562,16525
202106,9호선,공항시장,2831,3039,5870
202106,9호선,신방화,6659,6504,13163
202106,9호선,마곡나루,11310,11249,22559
202106,9호선,양천향교,9743,9931,19674
202106,9호선,가양,19898,19581,39479
202106,9호선,증미,7501,7639,15140
202106,9호선,등촌,11166,10952,22118
202106,9호선,염창,16920,16786,33706
202106,9호선,신목동,4043,3605,7648
202106,9호선,선유도,8511,8155,16666
202106,9호선,당산,17723,17578,35301
202106,9호선,국회의사당,15945,16485,32430
202106,9호선,여의도,26315,25436,51751
202106,9호선,샛강,5885,6144,12029
202106,9호선,노량진,25111,24348,49459
202106,9호선,노들,4355,3744,8099
202106,9호선,흑석,7545,7758,15303
202106,9호선,동작,1902,1582,3484
202106,9호선,구반포,2676,2808,5484
202106,9호선,신반포,3129,3082,6211
202106,9호선,고속터미널,11127,13702,24829
202106,9호선,사평,3264,3232,6496
202106,9호선,신논현,30723,30211,60934
202106,9호선,개화,2656,1827,4483
202106,9호선,김포공항,6912,9966,16878
202106,9호선,공항시장,2862,3001,5863
202106,9호선,신방화,6882,6630,13512
202106,9호선,마곡나루,11319,11458,22777
202106,9호선,양천향교,9764,10036,19800
202106,9호선,가양,20027,19622,39649
202106,9호선,증미,7590,7655,15245
202106,9호선,등촌,11274,11095,22369
202106,9호선,염창,16877,16666,33543
202106,9호선,신목동,3902,3552,7454
202106,9호선,선유도,8671,8250,16921
202106,9호선,당산,17844,17758,35602
202106,9호선,국회의사당,16265,16640,32905
202106,9호선,여의도,26482,25596,52078
202106,9호선,샛강,5848,6151,11999
202106,9호선,노량진,25180,24635,49815
202106,9호선,노들,4406,3727,8133
202106,9호선,흑석,7679,7918,15597
202106,9호선,동작,1921,1509,3430
202106,9호선,구반포,2694,2757,5451
202106,9호선,신반포,3323,3233,6556
202106,9호선,고속터미널,11487,14212,25699
202106,9호선,사평,3183,3201,6384
202106,9호선,신논현,30431,30294,60725
202106,9호선,신논현,30727,30526,61253
202106,9호선,사평,3296,3312,6608
202106,9호선,고속터미널,11451,14377,25828
202106,9호선,신반포,3284,3217,6501
202106,9호선,구반포,2729,2828,5557
202106,9호선,동작,1869,1575,3444
202106,9호선,흑석,7516,7895,15411
202106,9호선,노들,4367,3868,8235
202106,9호선,노량진,25583,24966,50549
202106,9호선,샛강,6113,6208,12321
202106,9호선,여의도,26610,25383,51993
202106,9호선,국회의사당,16475,16494,32969
202106,9호선,당산,18160,18158,36318
202106,9호선,선유도,8488,8259,16747
202106,9호선,신목동,3913,3636,7549
202106,9호선,염창,16995,16699,33694
202106,9호선,등촌,11409,11367,22776
202106,9호선,증미,7631,7781,15412
202106,9호선,가양,20226,19818,40044
202106,9호선,양천향교,9859,10314,20173
202106,9호선,마곡나루,11497,11205,22702
202106,9호선,신방화,6848,6754,13602
202106,9호선,공항시장,2917,3172,6089
202106,9호선,김포공항,7189,10662,17851
202106,9호선,개화,2592,1765,4357
202106,9호선,신논현,32417,32335,64752
202106,9호선,사평,3313,3187,6500
202106,9호선,고속터미널,12441,17229,29670
202106,9호선,신반포,3277,3194,6471
202106,9호선,구반포,2650,2712,5362
202106,9호선,동작,1793,1355,3148
202106,9호선,흑석,7607,7811,15418
202106,9호선,노들,4361,3578,7939
202106,9호선,노량진,25802,24681,50483
202106,9호선,샛강,5549,5939,11488
202106,9호선,여의도,26200,24937,51137
202106,9호선,국회의사당,14992,15467,30459
202106,9호선,당산,18142,17931,36073
202106,9호선,선유도,8287,7906,16193
202106,9호선,신목동,3970,3487,7457
202106,9호선,염창,16854,16284,33138
202106,9호선,등촌,11304,10871,22175
202106,9호선,증미,7406,7341,14747
202106,9호선,가양,19951,19265,39216
202106,9호선,양천향교,9913,9769,19682
202106,9호선,마곡나루,11346,11432,22778
202106,9호선,신방화,6731,6401,13132
202106,9호선,공항시장,2885,3035,5920
202106,9호선,김포공항,7649,12598,20247
202106,9호선,개화,2556,1746,4302
202106,9호선,신논현,29758,29682,59440
202106,9호선,사평,3152,3184,6336
202106,9호선,고속터미널,11584,14448,26032
202106,9호선,신반포,3212,3211,6423
202106,9호선,구반포,2685,2769,5454
202106,9호선,동작,1735,1449,3184
202106,9호선,흑석,7447,7877,15324
202106,9호선,노들,4329,3608,7937
202106,9호선,노량진,24670,24126,48796
202106,9호선,샛강,5934,6092,12026
202106,9호선,여의도,25213,24421,49634
202106,9호선,국회의사당,15152,15672,30824
202106,9호선,당산,17128,17291,34419
202106,9호선,선유도,8235,8061,16296
202106,9호선,신목동,4038,3635,7673
202106,9호선,염창,16780,16533,33313
202106,9호선,등촌,11163,10930,22093
202106,9호선,증미,7396,7490,14886
202106,9호선,가양,19837,19543,39380
202106,9호선,양천향교,9700,9940,19640
202106,9호선,마곡나루,10794,10966,21760
202106,9호선,신방화,6660,6572,13232
202106,9호선,공항시장,2842,3167,6009
202106,9호선,김포공항,7197,10432,17629
202106,9호선,개화,2648,1821,4469
202106,9호선,신논현,29983,29947,59930
202106,9호선,사평,3265,3152,6417
202106,9호선,고속터미널,11159,14199,25358
202106,9호선,신반포,3099,3058,6157
202106,9호선,구반포,2584,2682,5266
202106,9호선,동작,1759,1445,3204
202106,9호선,흑석,7346,7632,14978
202106,9호선,노들,4291,3646,7937
202106,9호선,노량진,24695,24086,48781
202106,9호선,샛강,5836,6163,11999
202106,9호선,여의도,26711,25250,51961
202106,9호선,국회의사당,15619,16032,31651
202106,9호선,당산,17306,17294,34600
202106,9호선,선유도,8408,8029,16437
202106,9호선,신목동,3890,3420,7310
202106,9호선,염창,16666,16324,32990
202106,9호선,등촌,11152,10901,22053
202106,9호선,증미,7471,7584,15055
202106,9호선,가양,19952,19558,39510
202106,9호선,양천향교,9651,9838,19489
202106,9호선,마곡나루,10970,11125,22095
202106,9호선,신방화,6725,6580,13305
202106,9호선,공항시장,2911,3046,5957
202106,9호선,김포공항,7122,10112,17234
202106,9호선,개화,2556,1763,4319
202106,9호선,신논현,31017,30541,61558
202106,9호선,사평,3320,3328,6648
202106,9호선,고속터미널,12161,15118,27279
202106,9호선,신반포,3365,3404,6769
202106,9호선,구반포,2778,2820,5598
202106,9호선,동작,1895,1485,3380
202106,9호선,흑석,7664,8004,15668
202106,9호선,노들,4482,3847,8329
202106,9호선,노량진,25745,24851,50596
202106,9호선,샛강,5896,6232,12128
202106,9호선,여의도,27525,26151,53676
202106,9호선,국회의사당,16279,16640,32919
202106,9호선,당산,17934,17942,35876
202106,9호선,선유도,8527,8181,16708
202106,9호선,신목동,4038,3661,7699
202106,9호선,염창,17023,16783,33806
202106,9호선,등촌,11326,11050,22376
202106,9호선,증미,7513,7663,15176
202106,9호선,가양,20286,19798,40084
202106,9호선,양천향교,9784,9991,19775
202106,9호선,마곡나루,11411,11501,22912
202106,9호선,신방화,6839,6714,13553
202106,9호선,공항시장,2923,3189,6112
202106,9호선,김포공항,7037,10810,17847
202106,9호선,개화,2563,1796,4359
202106,9호선,여의도,27324,25872,53196
202106,9호선,샛강,5916,6069,11985
202106,9호선,노량진,25761,24988,50749
202106,9호선,노들,4347,3694,8041
202106,9호선,흑석,7649,7790,15439
202106,9호선,동작,1854,1507,3361
202106,9호선,구반포,2718,2785,5503
202106,9호선,신반포,3297,3211,6508
202106,9호선,고속터미널,11865,15108,26973
202106,9호선,사평,3295,3287,6582
202106,9호선,신논현,31613,31367,62980
202106,9호선,국회의사당,15619,16119,31738
202106,9호선,당산,17821,17953,35774
202106,9호선,선유도,8355,8119,16474
202106,9호선,신목동,3958,3566,7524
202106,9호선,염창,16951,16814,33765
202106,9호선,등촌,11309,11090,22399
202106,9호선,증미,7533,7435,14968
202106,9호선,가양,20204,19699,39903
202106,9호선,양천향교,9634,9764,19398
202106,9호선,마곡나루,11362,11385,22747
202106,9호선,신방화,6808,6670,13478
202106,9호선,공항시장,2872,3127,5999
202106,9호선,김포공항,7646,12212,19858
202106,9호선,개화,2564,1800,4364
202106,9호선,개화,2611,1719,4330
202106,9호선,김포공항,8512,14019,22531
202106,9호선,공항시장,2960,3173,6133
202106,9호선,신방화,6860,6586,13446
202106,9호선,마곡나루,11156,11455,22611
202106,9호선,양천향교,9910,9929,19839
202106,9호선,가양,20522,19765,40287
202106,9호선,증미,7669,7467,15136
202106,9호선,등촌,11555,11026,22581
202106,9호선,염창,17088,16553,33641
202106,9호선,신목동,3937,3506,7443
202106,9호선,선유도,8247,8078,16325
202106,9호선,당산,18269,17927,36196
202106,9호선,국회의사당,15252,15756,31008
202106,9호선,여의도,27689,25954,53643
202106,9호선,샛강,5762,6115,11877
202106,9호선,노량진,26115,25301,51416
202106,9호선,노들,4457,3663,8120
202106,9호선,흑석,7696,7999,15695
202106,9호선,동작,1803,1448,3251
202106,9호선,구반포,2716,2745,5461
202106,9호선,신반포,3331,3273,6604
202106,9호선,고속터미널,13090,17989,31079
202106,9호선,사평,3436,3323,6759
202106,9호선,신논현,33407,33647,67054
202106,9호선,개화,2726,1898,4624
202106,9호선,김포공항,8265,12377,20642
202106,9호선,공항시장,2948,3243,6191
202106,9호선,신방화,6782,6588,13370
202106,9호선,마곡나루,11166,11365,22531
202106,9호선,양천향교,9649,9845,19494
202106,9호선,가양,20322,20050,40372
202106,9호선,증미,7503,7551,15054
202106,9호선,등촌,11485,11171,22656
202106,9호선,염창,16892,16813,33705
202106,9호선,신목동,4119,3730,7849
202106,9호선,선유도,8492,8185,16677
202106,9호선,당산,17652,17676,35328
202106,9호선,국회의사당,15323,16081,31404
202106,9호선,여의도,27470,26302,53772
202106,9호선,샛강,5995,6307,12302
202106,9호선,노량진,25133,24594,49727
202106,9호선,노들,4373,3720,8093
202106,9호선,흑석,7774,8293,16067
202106,9호선,동작,1850,1447,3297
202106,9호선,구반포,2643,2799,5442
202106,9호선,신반포,3331,3232,6563
202106,9호선,고속터미널,11939,15021,26960
202106,9호선,사평,3375,3326,6701
202106,9호선,신논현,31850,31652,63502
202106,9호선,개화,2745,1917,4662
202106,9호선,김포공항,7750,12017,19767
202106,9호선,공항시장,2957,3231,6188
202106,9호선,신방화,6815,6603,13418
202106,9호선,마곡나루,11530,11594,23124
202106,9호선,양천향교,9611,9883,19494
202106,9호선,가양,20687,19943,40630
202106,9호선,증미,7671,7649,15320
202106,9호선,등촌,11635,11367,23002
202106,9호선,염창,17277,16957,34234
202106,9호선,신목동,4093,3663,7756
202106,9호선,선유도,8695,8414,17109
202106,9호선,당산,18024,17897,35921
202106,9호선,국회의사당,15830,16453,32283
202106,9호선,여의도,28394,27176,55570
202106,9호선,샛강,6022,6430,12452
202106,9호선,노량진,25769,25029,50798
202106,9호선,노들,4584,3823,8407
202106,9호선,흑석,7879,8209,16088
202106,9호선,동작,1900,1550,3450
202106,9호선,구반포,2658,2805,5463
202106,9호선,신반포,3122,3103,6225
202106,9호선,고속터미널,12267,15753,28020
202106,9호선,사평,3445,3378,6823
202106,9호선,신논현,32723,32399,65122
202106,9호선,증미,7599,7675,15274
202106,9호선,개화,2663,1815,4478
202106,9호선,김포공항,7570,11898,19468
202106,9호선,공항시장,2897,3166,6063
202106,9호선,신방화,6862,6643,13505
202106,9호선,마곡나루,11545,11638,23183
202106,9호선,양천향교,9637,9854,19491
202106,9호선,가양,20438,19961,40399
202106,9호선,등촌,11378,11232,22610
202106,9호선,염창,17279,17010,34289
202106,9호선,신목동,4253,3773,8026
202106,9호선,선유도,8590,8306,16896
202106,9호선,당산,18257,18188,36445
202106,9호선,국회의사당,16664,17030,33694
202106,9호선,여의도,28728,27095,55823
202106,9호선,샛강,6108,6460,12568
202106,9호선,노량진,25712,24904,50616
202106,9호선,노들,4582,3879,8461
202106,9호선,흑석,7936,8351,16287
202106,9호선,동작,1832,1432,3264
202106,9호선,구반포,2677,2762,5439
202106,9호선,신반포,3195,3198,6393
202106,9호선,고속터미널,12244,15617,27861
202106,9호선,사평,3368,3314,6682
202106,9호선,신논현,32238,31965,64203
202106,9호선,개화,2641,1834,4475
202106,9호선,김포공항,8241,12477,20718
202106,9호선,공항시장,2999,3202,6201
202106,9호선,신방화,6972,6731,13703
202106,9호선,마곡나루,11630,11808,23438
202106,9호선,양천향교,9707,9932,19639
202106,9호선,가양,20638,19740,40378
202106,9호선,증미,7626,7685,15311
202106,9호선,등촌,11641,11298,22939
202106,9호선,염창,17360,16994,34354
202106,9호선,신목동,4164,3758,7922
202106,9호선,선유도,8700,8372,17072
202106,9호선,당산,18243,18205,36448
202106,9호선,국회의사당,15760,16566,32326
202106,9호선,여의도,28524,27235,55759
202106,9호선,샛강,6135,6418,12553
202106,9호선,노량진,26240,25582,51822
202106,9호선,노들,4625,3904,8529
202106,9호선,흑석,8132,8439,16571
202106,9호선,동작,2064,1558,3622
202106,9호선,구반포,2711,2852,5563
202106,9호선,신반포,3176,3280,6456
202106,9호선,고속터미널,12693,16391,29084
202106,9호선,사평,3528,3456,6984
202106,9호선,신논현,32761,32630,65391
202106,9호선,신논현,35817,35591,71408
202106,9호선,사평,3742,3577,7319
202106,9호선,고속터미널,14278,20120,34398
202106,9호선,신반포,3360,3451,6811
202106,9호선,구반포,2894,2957,5851
202106,9호선,동작,2216,1734,3950
202106,9호선,흑석,8431,8688,17119
202106,9호선,노들,4736,3906,8642
202106,9호선,노량진,27824,26465,54289
202106,9호선,샛강,6375,6601,12976
202106,9호선,여의도,28909,27232,56141
202106,9호선,국회의사당,15734,16334,32068
202106,9호선,당산,19164,18651,37815
202106,9호선,선유도,8780,8463,17243
202106,9호선,신목동,4301,3875,8176
202106,9호선,염창,17775,17041,34816
202106,9호선,등촌,11826,11381,23207
202106,9호선,증미,7927,7821,15748
202106,9호선,가양,21247,20302,41549
202106,9호선,양천향교,9968,9950,19918
202106,9호선,마곡나루,11839,11978,23817
202106,9호선,신방화,7160,6840,14000
202106,9호선,공항시장,3050,3270,6320
202106,9호선,김포공항,9482,14415,23897
202106,9호선,개화,2755,1827,4582
202106,9호선,신논현,31328,31362,62690
202106,9호선,사평,3329,3316,6645
202106,9호선,고속터미널,11769,15246,27015
202106,9호선,신반포,3115,3044,6159
202106,9호선,구반포,2745,2846,5591
202106,9호선,동작,1791,1427,3218
202106,9호선,흑석,7739,8290,16029
202106,9호선,노들,4502,3807,8309
202106,9호선,노량진,25063,24362,49425
202106,9호선,샛강,6040,6301,12341
202106,9호선,여의도,27503,26167,53670
202106,9호선,국회의사당,16012,16368,32380
202106,9호선,당산,17812,17953,35765
202106,9호선,선유도,8597,8274,16871
202106,9호선,신목동,4121,3776,7897
202106,9호선,염창,16876,16672,33548
202106,9호선,등촌,11358,11290,22648
202106,9호선,증미,7540,7698,15238
202106,9호선,가양,20176,19869,40045
202106,9호선,양천향교,9451,9744,19195
202106,9호선,마곡나루,11252,11142,22394
202106,9호선,신방화,6940,6847,13787
202106,9호선,공항시장,2884,3128,6012
202106,9호선,김포공항,8160,12129,20289
202106,9호선,개화,2736,1850,4586
202106,9호선,신논현,32651,32613,65264
202106,9호선,사평,3417,3406,6823
202106,9호선,고속터미널,12047,15219,27266
202106,9호선,신반포,3101,3170,6271
202106,9호선,구반포,2731,2829,5560
202106,9호선,동작,1871,1461,3332
202106,9호선,흑석,7920,8292,16212
202106,9호선,노들,4532,3838,8370
202106,9호선,노량진,25521,24744,50265
202106,9호선,샛강,6192,6457,12649
202106,9호선,여의도,28246,26848,55094
202106,9호선,국회의사당,15966,16636,32602
202106,9호선,당산,18278,18105,36383
202106,9호선,선유도,8802,8481,17283
202106,9호선,신목동,4161,3751,7912
202106,9호선,염창,17199,16851,34050
202106,9호선,등촌,11714,11416,23130
202106,9호선,증미,7748,7801,15549
202106,9호선,가양,20397,19973,40370
202106,9호선,양천향교,9412,9755,19167
202106,9호선,마곡나루,11611,11597,23208
202106,9호선,신방화,6956,6782,13738
202106,9호선,공항시장,2906,3099,6005
202106,9호선,김포공항,7710,11125,18835
202106,9호선,개화,2729,1863,4592
202106,9호선,신논현,31943,31653,63596
202106,9호선,사평,3423,3345,6768
202106,9호선,고속터미널,11910,15302,27212
202106,9호선,신반포,3172,3246,6418
202106,9호선,구반포,2713,2843,5556
202106,9호선,동작,1878,1419,3297
202106,9호선,흑석,7731,8116,15847
202106,9호선,노들,4531,3850,8381
202106,9호선,노량진,25783,24897,50680
202106,9호선,샛강,6006,6400,12406
202106,9호선,여의도,27562,26596,54158
202106,9호선,국회의사당,16390,16748,33138
202106,9호선,당산,18016,18003,36019
202106,9호선,선유도,8791,8537,17328
202106,9호선,신목동,4120,3711,7831
202106,9호선,염창,17206,16826,34032
202106,9호선,등촌,11489,11257,22746
202106,9호선,증미,7770,7786,15556
202106,9호선,가양,20456,20036,40492
202106,9호선,양천향교,9486,9817,19303
202106,9호선,마곡나루,11616,11738,23354
202106,9호선,신방화,6983,6748,13731
202106,9호선,공항시장,2929,3207,6136
202106,9호선,김포공항,7761,11824,19585
202106,9호선,개화,2775,1889,4664
202107,9호선,신논현,32333,32094,64427
202107,9호선,사평,3439,3467,6906
202107,9호선,고속터미널,12026,15626,27652
202107,9호선,신반포,3230,3241,6471
202107,9호선,구반포,2683,2805,5488
202107,9호선,동작,1904,1526,3430
202107,9호선,흑석,7668,7993,15661
202107,9호선,노들,4512,3817,8329
202107,9호선,노량진,26044,25266,51310
202107,9호선,샛강,6259,6615,12874
202107,9호선,여의도,28064,26758,54822
202107,9호선,국회의사당,16193,17005,33198
202107,9호선,당산,18506,18423,36929
202107,9호선,선유도,8874,8595,17469
202107,9호선,신목동,4202,3680,7882
202107,9호선,염창,17235,16838,34073
202107,9호선,등촌,11690,11282,22972
202107,9호선,증미,7774,7821,15595
202107,9호선,가양,20777,20243,41020
202107,9호선,양천향교,9347,9661,19008
202107,9호선,마곡나루,11590,11697,23287
202107,9호선,신방화,7112,6922,14034
202107,9호선,공항시장,2933,3114,6047
202107,9호선,김포공항,7879,11554,19433
202107,9호선,개화,2833,1966,4799
202107,9호선,신논현,35463,35290,70753
202107,9호선,사평,3783,3649,7432
202107,9호선,고속터미널,13694,18927,32621
202107,9호선,신반포,3516,3401,6917
202107,9호선,구반포,2736,2932,5668
202107,9호선,동작,1952,1497,3449
202107,9호선,흑석,7976,8120,16096
202107,9호선,노들,4704,4010,8714
202107,9호선,노량진,27210,26074,53284
202107,9호선,샛강,6107,6481,12588
202107,9호선,여의도,28038,26759,54797
202107,9호선,국회의사당,15970,16146,32116
202107,9호선,당산,19108,18831,37939
202107,9호선,선유도,8844,8539,17383
202107,9호선,신목동,4231,3655,7886
202107,9호선,염창,17579,17043,34622
202107,9호선,등촌,11873,11416,23289
202107,9호선,증미,7877,7808,15685
202107,9호선,가양,21203,20436,41639
202107,9호선,양천향교,9685,9628,19313
202107,9호선,마곡나루,11966,11885,23851
202107,9호선,신방화,7155,6900,14055
202107,9호선,공항시장,3028,3151,6179
202107,9호선,김포공항,8982,13337,22319
202107,9호선,개화,2880,1867,4747
202107,9호선,신논현,32032,31779,63811
202107,9호선,사평,3507,3395,6902
202107,9호선,고속터미널,11753,14797,26550
202107,9호선,신반포,3327,3275,6602
202107,9호선,구반포,2647,2717,5364
202107,9호선,동작,2092,1682,3774
202107,9호선,흑석,7741,8188,15929
202107,9호선,노들,4454,3885,8339
202107,9호선,노량진,25513,24892,50405
202107,9호선,샛강,5939,6202,12141
202107,9호선,여의도,26777,25606,52383
202107,9호선,국회의사당,15575,16103,31678
202107,9호선,당산,17813,17886,35699
202107,9호선,선유도,8679,8483,17162
202107,9호선,신목동,4128,3794,7922
202107,9호선,염창,17108,16795,33903
202107,9호선,등촌,11427,11293,22720
202107,9호선,증미,7591,7646,15237
202107,9호선,가양,20760,20319,41079
202107,9호선,양천향교,9241,9442,18683
202107,9호선,마곡나루,11286,11438,22724
202107,9호선,신방화,6781,6706,13487
202107,9호선,공항시장,2810,3080,5890
202107,9호선,김포공항,7370,11135,18505
202107,9호선,개화,2907,1973,4880
202107,9호선,신논현,32663,32533,65196
202107,9호선,사평,3551,3526,7077
202107,9호선,고속터미널,11740,14697,26437
202107,9호선,신반포,3424,3296,6720
202107,9호선,구반포,2698,2769,5467
202107,9호선,동작,1833,1446,3279
202107,9호선,흑석,8004,8224,16228
202107,9호선,노들,4694,3843,8537
202107,9호선,노량진,26165,25377,51542
202107,9호선,샛강,6116,6417,12533
202107,9호선,여의도,27287,26193,53480
202107,9호선,국회의사당,16008,16501,32509
202107,9호선,당산,17989,18172,36161
202107,9호선,선유도,8859,8488,17347
202107,9호선,신목동,4155,3766,7921
202107,9호선,염창,17263,16960,34223
202107,9호선,등촌,11640,11498,23138
202107,9호선,증미,7692,7690,15382
202107,9호선,가양,21015,20344,41359
202107,9호선,양천향교,9506,9713,19219
202107,9호선,마곡나루,11616,11704,23320
202107,9호선,신방화,6965,6761,13726
202107,9호선,공항시장,2879,3116,5995
202107,9호선,김포공항,7020,10406,17426
202107,9호선,개화,2807,1933,4740
202107,9호선,개화,2784,1839,4623
202107,9호선,김포공항,7255,10465,17720
202107,9호선,공항시장,2872,3069,5941
202107,9호선,신방화,6752,6639,13391
202107,9호선,마곡나루,11220,11358,22578
202107,9호선,양천향교,9220,9446,18666
202107,9호선,가양,20088,19711,39799
202107,9호선,증미,7462,7530,14992
202107,9호선,등촌,11324,11242,22566
202107,9호선,염창,16662,16387,33049
202107,9호선,신목동,3963,3645,7608
202107,9호선,선유도,8575,8290,16865
202107,9호선,당산,17499,17577,35076
202107,9호선,국회의사당,15927,16299,32226
202107,9호선,여의도,25348,23949,49297
202107,9호선,샛강,5770,6134,11904
202107,9호선,노량진,25336,24559,49895
202107,9호선,노들,4439,3733,8172
202107,9호선,흑석,7524,7825,15349
202107,9호선,동작,1665,1340,3005
202107,9호선,구반포,2558,2611,5169
202107,9호선,신반포,3382,3306,6688
202107,9호선,고속터미널,11104,13988,25092
202107,9호선,사평,3311,3332,6643
202107,9호선,신논현,30331,29900,60231
202107,9호선,개화,2658,1809,4467
202107,9호선,김포공항,7116,10892,18008
202107,9호선,공항시장,2786,3023,5809
202107,9호선,신방화,6689,6507,13196
202107,9호선,마곡나루,10979,11070,22049
202107,9호선,양천향교,9104,9254,18358
202107,9호선,가양,19708,19043,38751
202107,9호선,증미,7305,7286,14591
202107,9호선,등촌,11027,10979,22006
202107,9호선,염창,16267,15976,32243
202107,9호선,신목동,3952,3447,7399
202107,9호선,선유도,8259,8030,16289
202107,9호선,당산,16777,16787,33564
202107,9호선,국회의사당,14740,15299,30039
202107,9호선,여의도,23623,22735,46358
202107,9호선,샛강,5613,5779,11392
202107,9호선,노량진,24748,23909,48657
202107,9호선,노들,4195,3638,7833
202107,9호선,흑석,7228,7650,14878
202107,9호선,동작,1756,1394,3150
202107,9호선,구반포,2405,2513,4918
202107,9호선,신반포,3230,3148,6378
202107,9호선,고속터미널,10580,13319,23899
202107,9호선,사평,3216,3184,6400
202107,9호선,신논현,29052,28950,58002
202107,9호선,개화,2701,1805,4506
202107,9호선,김포공항,7741,12469,20210
202107,9호선,공항시장,2811,3063,5874
202107,9호선,신방화,6646,6406,13052
202107,9호선,마곡나루,11047,11097,22144
202107,9호선,양천향교,9011,9097,18108
202107,9호선,가양,19620,19143,38763
202107,9호선,증미,7385,7328,14713
202107,9호선,등촌,10982,10694,21676
202107,9호선,염창,16249,15699,31948
202107,9호선,신목동,3825,3436,7261
202107,9호선,선유도,7997,7781,15778
202107,9호선,당산,17045,16649,33694
202107,9호선,국회의사당,13921,14215,28136
202107,9호선,여의도,22751,21517,44268
202107,9호선,샛강,5173,5427,10600
202107,9호선,노량진,25119,23941,49060
202107,9호선,노들,4408,3674,8082
202107,9호선,흑석,7325,7626,14951
202107,9호선,동작,1822,1386,3208
202107,9호선,구반포,2539,2513,5052
202107,9호선,신반포,3142,3124,6266
202107,9호선,고속터미널,11330,15526,26856
202107,9호선,사평,3310,3230,6540
202107,9호선,신논현,29973,29688,59661
202107,9호선,개화,2550,1812,4362
202107,9호선,김포공항,6272,9801,16073
202107,9호선,공항시장,2520,2815,5335
202107,9호선,신방화,6062,6069,12131
202107,9호선,마곡나루,9566,9797,19363
202107,9호선,양천향교,8214,8493,16707
202107,9호선,가양,18192,17814,36006
202107,9호선,증미,6592,6627,13219
202107,9호선,등촌,10068,10268,20336
202107,9호선,염창,14660,14509,29169
202107,9호선,신목동,3393,3079,6472
202107,9호선,선유도,7530,7157,14687
202107,9호선,당산,14973,14984,29957
202107,9호선,국회의사당,13256,13456,26712
202107,9호선,여의도,20284,19313,39597
202107,9호선,샛강,4959,5179,10138
202107,9호선,노량진,23005,22475,45480
202107,9호선,노들,3815,3352,7167
202107,9호선,흑석,6614,6980,13594
202107,9호선,동작,1616,1211,2827
202107,9호선,구반포,2197,2315,4512
202107,9호선,신반포,2820,2791,5611
202107,9호선,고속터미널,9535,11857,21392
202107,9호선,사평,2900,2923,5823
202107,9호선,신논현,26054,25461,51515
202107,9호선,신논현,26028,25699,51727
202107,9호선,사평,2966,2913,5879
202107,9호선,고속터미널,9141,11391,20532
202107,9호선,신반포,2802,2766,5568
202107,9호선,구반포,2242,2378,4620
202107,9호선,동작,1558,1229,2787
202107,9호선,흑석,6632,6991,13623
202107,9호선,노들,3791,3280,7071
202107,9호선,노량진,22931,22265,45196
202107,9호선,샛강,4890,5173,10063
202107,9호선,여의도,20780,19643,40423
202107,9호선,국회의사당,13054,13364,26418
202107,9호선,당산,14991,15083,30074
202107,9호선,선유도,7392,7182,14574
202107,9호선,신목동,3322,3047,6369
202107,9호선,염창,14729,14514,29243
202107,9호선,등촌,9940,9924,19864
202107,9호선,증미,6651,6705,13356
202107,9호선,가양,17745,17471,35216
202107,9호선,양천향교,7976,8407,16383
202107,9호선,마곡나루,9794,9854,19648
202107,9호선,신방화,5920,5831,11751
202107,9호선,공항시장,2608,2846,5454
202107,9호선,김포공항,6191,9387,15578
202107,9호선,개화,2480,1751,4231
202107,9호선,신논현,25484,24905,50389
202107,9호선,사평,2871,2915,5786
202107,9호선,고속터미널,9234,11583,20817
202107,9호선,신반포,2760,2778,5538
202107,9호선,구반포,2183,2274,4457
202107,9호선,동작,1584,1240,2824
202107,9호선,흑석,6296,6684,12980
202107,9호선,노들,3880,3320,7200
202107,9호선,노량진,22704,22047,44751
202107,9호선,샛강,4837,5101,9938
202107,9호선,여의도,20338,19111,39449
202107,9호선,국회의사당,13037,13246,26283
202107,9호선,당산,14981,15037,30018
202107,9호선,선유도,7248,7039,14287
202107,9호선,신목동,3379,3020,6399
202107,9호선,염창,14556,14401,28957
202107,9호선,등촌,9904,10090,19994
202107,9호선,증미,6658,6553,13211
202107,9호선,가양,17686,17320,35006
202107,9호선,양천향교,8183,8342,16525
202107,9호선,마곡나루,9722,9770,19492
202107,9호선,신방화,6005,5914,11919
202107,9호선,공항시장,2551,2728,5279
202107,9호선,김포공항,6415,9790,16205
202107,9호선,개화,2355,1684,4039
202107,9호선,신논현,25016,24711,49727
202107,9호선,사평,2892,2790,5682
202107,9호선,고속터미널,9193,11496,20689
202107,9호선,신반포,2676,2637,5313
202107,9호선,구반포,2143,2232,4375
202107,9호선,동작,1589,1169,2758
202107,9호선,흑석,6268,6642,12910
202107,9호선,노들,3737,3274,7011
202107,9호선,노량진,22231,21387,43618
202107,9호선,샛강,4828,5053,9881
202107,9호선,여의도,20333,19095,39428
202107,9호선,국회의사당,12767,13222,25989
202107,9호선,당산,14895,14835,29730
202107,9호선,선유도,7219,7015,14234
202107,9호선,신목동,3360,3117,6477
202107,9호선,염창,14389,14164,28553
202107,9호선,등촌,9812,9889,19701
202107,9호선,증미,6566,6619,13185
202107,9호선,가양,17466,17146,34612
202107,9호선,양천향교,8124,8201,16325
202107,9호선,마곡나루,9553,9658,19211
202107,9호선,신방화,5889,5782,11671
202107,9호선,공항시장,2623,2900,5523
202107,9호선,김포공항,6559,10021,16580
202107,9호선,개화,2479,1743,4222
202107,9호선,신논현,26671,26435,53106
202107,9호선,사평,3088,3014,6102
202107,9호선,고속터미널,10040,13918,23958
202107,9호선,신반포,2865,2809,5674
202107,9호선,구반포,2217,2247,4464
202107,9호선,동작,1620,1174,2794
202107,9호선,흑석,6579,6816,13395
202107,9호선,노들,3884,3314,7198
202107,9호선,노량진,23073,21943,45016
202107,9호선,샛강,4843,4797,9640
202107,9호선,여의도,20470,18814,39284
202107,9호선,국회의사당,12697,12545,25242
202107,9호선,당산,15232,15020,30252
202107,9호선,선유도,7179,6891,14070
202107,9호선,신목동,3290,2950,6240
202107,9호선,염창,14603,14183,28786
202107,9호선,등촌,10201,10088,20289
202107,9호선,증미,6552,6690,13242
202107,9호선,가양,17514,17100,34614
202107,9호선,양천향교,8112,8229,16341
202107,9호선,마곡나루,9772,9617,19389
202107,9호선,신방화,5900,5804,11704
202107,9호선,공항시장,2612,2833,5445
202107,9호선,김포공항,6960,11586,18546
202107,9호선,개화,2352,1654,4006
202107,9호선,개화,2495,1782,4277
202107,9호선,김포공항,6524,9531,16055
202107,9호선,공항시장,2563,2826,5389
202107,9호선,신방화,5916,5862,11778
202107,9호선,마곡나루,9554,9622,19176
202107,9호선,양천향교,7984,8310,16294
202107,9호선,가양,17321,17135,34456
202107,9호선,증미,6687,6873,13560
202107,9호선,등촌,9775,10014,19789
202107,9호선,염창,14250,14218,28468
202107,9호선,신목동,3345,3134,6479
202107,9호선,선유도,7301,7131,14432
202107,9호선,당산,14719,14732,29451
202107,9호선,국회의사당,13199,13080,26279
202107,9호선,여의도,20659,19506,40165
202107,9호선,샛강,4991,5078,10069
202107,9호선,노량진,22243,21698,43941
202107,9호선,노들,3745,3314,7059
202107,9호선,흑석,6505,6914,13419
202107,9호선,동작,1562,1208,2770
202107,9호선,구반포,2118,2264,4382
202107,9호선,신반포,2770,2754,5524
202107,9호선,고속터미널,9494,11485,20979
202107,9호선,사평,2900,2937,5837
202107,9호선,신논현,25624,25417,51041
202107,9호선,개화,2376,1688,4064
202107,9호선,김포공항,6312,9479,15791
202107,9호선,공항시장,2608,2899,5507
202107,9호선,신방화,6073,6021,12094
202107,9호선,마곡나루,9773,9889,19662
202107,9호선,양천향교,8150,8413,16563
202107,9호선,가양,17768,17194,34962
202107,9호선,증미,6821,6995,13816
202107,9호선,등촌,10281,10334,20615
202107,9호선,염창,14611,14588,29199
202107,9호선,신목동,3409,3074,6483
202107,9호선,선유도,7372,7145,14517
202107,9호선,당산,15118,15054,30172
202107,9호선,국회의사당,13197,13353,26550
202107,9호선,여의도,20833,19595,40428
202107,9호선,샛강,4853,5198,10051
202107,9호선,노량진,22718,22003,44721
202107,9호선,노들,3829,3344,7173
202107,9호선,흑석,6611,7099,13710
202107,9호선,동작,1605,1211,2816
202107,9호선,구반포,2189,2227,4416
202107,9호선,신반포,2769,2742,5511
202107,9호선,고속터미널,9480,11844,21324
202107,9호선,사평,2896,2880,5776
202107,9호선,신논현,26392,26109,52501
202107,9호선,구반포,2132,2248,4380
202107,9호선,동작,1526,1152,2678
202107,9호선,흑석,6491,6883,13374
202107,9호선,노들,3930,3344,7274
202107,9호선,노량진,22492,21711,44203
202107,9호선,샛강,4925,5105,10030
202107,9호선,여의도,20788,19586,40374
202107,9호선,국회의사당,13092,13147,26239
202107,9호선,당산,15075,15015,30090
202107,9호선,선유도,7330,7129,14459
202107,9호선,신목동,3305,2994,6299
202107,9호선,염창,14283,14037,28320
202107,9호선,등촌,10034,10173,20207
202107,9호선,증미,6710,6812,13522
202107,9호선,가양,17255,16875,34130
202107,9호선,양천향교,8079,8389,16468
202107,9호선,마곡나루,9775,9726,19501
202107,9호선,신방화,5983,5882,11865
202107,9호선,공항시장,2601,2775,5376
202107,9호선,김포공항,6383,9281,15664
202107,9호선,개화,2446,1724,4170
202107,9호선,신반포,2810,2730,5540
202107,9호선,고속터미널,9635,11937,21572
202107,9호선,사평,2875,2884,5759
202107,9호선,신논현,25692,25519,51211
202107,9호선,신논현,25537,25505,51042
202107,9호선,사평,2886,2897,5783
202107,9호선,고속터미널,9546,12152,21698
202107,9호선,신반포,2718,2743,5461
202107,9호선,구반포,2083,2184,4267
202107,9호선,동작,1518,1195,2713
202107,9호선,흑석,6498,6873,13371
202107,9호선,노들,3799,3311,7110
202107,9호선,노량진,22088,21430,43518
202107,9호선,샛강,4904,5132,10036
202107,9호선,여의도,20673,19667,40340
202107,9호선,국회의사당,13024,13093,26117
202107,9호선,당산,15018,14800,29818
202107,9호선,선유도,7372,7086,14458
202107,9호선,신목동,3316,2880,6196
202107,9호선,염창,14461,14112,28573
202107,9호선,등촌,9841,9816,19657
202107,9호선,증미,6690,6741,13431
202107,9호선,가양,17393,16988,34381
202107,9호선,양천향교,8091,8259,16350
202107,9호선,마곡나루,9712,9901,19613
202107,9호선,신방화,5827,5811,11638
202107,9호선,공항시장,2579,2820,5399
202107,9호선,김포공항,6479,9794,16273
202107,9호선,개화,2302,1605,3907
202107,9호선,증미,6908,6950,13858
202107,9호선,등촌,10111,10121,20232
202107,9호선,염창,14791,14218,29009
202107,9호선,신목동,3337,2962,6299
202107,9호선,선유도,7231,7037,14268
202107,9호선,당산,15432,15277,30709
202107,9호선,국회의사당,12773,12886,25659
202107,9호선,여의도,21098,19604,40702
202107,9호선,샛강,4976,4975,9951
202107,9호선,노량진,22839,21651,44490
202107,9호선,노들,3900,3280,7180
202107,9호선,흑석,6443,6751,13194
202107,9호선,동작,1559,1209,2768
202107,9호선,구반포,2221,2324,4545
202107,9호선,신반포,2847,2711,5558
202107,9호선,고속터미널,10413,13986,24399
202107,9호선,사평,3066,3004,6070
202107,9호선,신논현,27148,26944,54092
202107,9호선,개화,2405,1641,4046
202107,9호선,김포공항,7066,11879,18945
202107,9호선,공항시장,2696,2891,5587
202107,9호선,신방화,6060,5905,11965
202107,9호선,마곡나루,9947,9855,19802
202107,9호선,양천향교,8275,8463,16738
202107,9호선,가양,17747,17362,35109
202107,9호선,신논현,25999,25866,51865
202107,9호선,사평,2734,2707,5441
202107,9호선,고속터미널,9307,11414,20721
202107,9호선,신반포,2711,2593,5304
202107,9호선,구반포,2230,2339,4569
202107,9호선,동작,1533,1196,2729
202107,9호선,흑석,6290,6791,13081
202107,9호선,노들,3786,3298,7084
202107,9호선,노량진,22156,21527,43683
202107,9호선,샛강,4948,5254,10202
202107,9호선,여의도,21045,19880,40925
202107,9호선,국회의사당,13032,13253,26285
202107,9호선,당산,14934,15117,30051
202107,9호선,선유도,7224,7143,14367
202107,9호선,신목동,3188,2946,6134
202107,9호선,염창,14247,14204,28451
202107,9호선,등촌,9838,10040,19878
202107,9호선,증미,6805,7028,13833
202107,9호선,가양,17464,17115,34579
202107,9호선,양천향교,8001,8200,16201
202107,9호선,마곡나루,9627,9685,19312
202107,9호선,신방화,5824,5881,11705
202107,9호선,공항시장,2560,2775,5335
202107,9호선,김포공항,6594,9216,15810
202107,9호선,개화,2372,1702,4074
202107,9호선,신논현,25987,25967,51954
202107,9호선,사평,2792,2789,5581
202107,9호선,고속터미널,9407,11839,21246
202107,9호선,신반포,2624,2620,5244
202107,9호선,구반포,2175,2255,4430
202107,9호선,동작,1464,1152,2616
202107,9호선,흑석,6237,6654,12891
202107,9호선,노들,3774,3249,7023
202107,9호선,노량진,22374,21529,43903
202107,9호선,샛강,4890,5081,9971
202107,9호선,여의도,21120,19796,40916
202107,9호선,국회의사당,13097,13354,26451
202107,9호선,당산,15292,15372,30664
202107,9호선,선유도,7116,7026,14142
202107,9호선,신목동,3280,2995,6275
202107,9호선,염창,14295,14053,28348
202107,9호선,등촌,9749,9872,19621
202107,9호선,증미,6699,6813,13512
202107,9호선,가양,17328,17058,34386
202107,9호선,양천향교,8027,8326,16353
202107,9호선,마곡나루,9698,9773,19471
202107,9호선,신방화,5798,5764,11562
202107,9호선,공항시장,2558,2844,5402
202107,9호선,김포공항,6422,9350,15772
202107,9호선,개화,2459,1693,4152
202107,9호선,개화,2284,1664,3948
202107,9호선,김포공항,6370,9785,16155
202107,9호선,공항시장,2581,2855,5436
202107,9호선,신방화,5821,5805,11626
202107,9호선,마곡나루,9740,9720,19460
202107,9호선,양천향교,8121,8152,16273
202107,9호선,가양,17359,16985,34344
202107,9호선,등촌,9873,9947,19820
202107,9호선,염창,14335,13996,28331
202107,9호선,신목동,3248,2926,6174
202107,9호선,선유도,7140,7067,14207
202107,9호선,당산,15065,14998,30063
202107,9호선,국회의사당,13329,13456,26785
202107,9호선,여의도,21078,19864,40942
202107,9호선,샛강,4843,4929,9772
202107,9호선,노량진,21910,21379,43289
202107,9호선,노들,3700,3258,6958
202107,9호선,흑석,6131,6454,12585
202107,9호선,동작,1530,1109,2639
202107,9호선,구반포,2118,2240,4358
202107,9호선,신반포,2710,2622,5332
202107,9호선,고속터미널,9633,12237,21870
202107,9호선,사평,2796,2799,5595
202107,9호선,신논현,25871,25585,51456
202107,9호선,증미,6659,6900,13559
202107,9호선,개화,2382,1699,4081
202107,9호선,김포공항,6496,10037,16533
202107,9호선,공항시장,2618,2845,5463
202107,9호선,신방화,5739,5642,11381
202107,9호선,마곡나루,9504,9664,19168
202107,9호선,양천향교,7901,8160,16061
202107,9호선,가양,17086,16685,33771
202107,9호선,증미,6527,6557,13084
202107,9호선,등촌,9820,9685,19505
202107,9호선,염창,14384,14030,28414
202107,9호선,신목동,3125,2872,5997
202107,9호선,선유도,7026,6907,13933
202107,9호선,당산,15168,15050,30218
202107,9호선,국회의사당,12957,13190,26147
202107,9호선,여의도,21102,19729,40831
202107,9호선,샛강,4876,5018,9894
202107,9호선,노량진,21749,20907,42656
202107,9호선,노들,3748,3226,6974
202107,9호선,흑석,6174,6523,12697
202107,9호선,동작,1480,1155,2635
202107,9호선,구반포,2070,2137,4207
202107,9호선,신반포,2750,2663,5413
202107,9호선,고속터미널,9468,12097,21565
202107,9호선,사평,2824,2761,5585
202107,9호선,신논현,25531,25341,50872
202107,9호선,신논현,27371,27199,54570
202107,9호선,사평,2791,2805,5596
202107,9호선,고속터미널,10386,14545,24931
202107,9호선,신반포,2760,2703,5463
202107,9호선,구반포,2125,2212,4337
202107,9호선,동작,1547,1204,2751
202107,9호선,흑석,6367,6545,12912
202107,9호선,노들,3873,3217,7090
202107,9호선,노량진,22373,21354,43727
202107,9호선,샛강,4724,5043,9767
202107,9호선,여의도,21370,19671,41041
202107,9호선,국회의사당,12482,12695,25177
202107,9호선,당산,15220,15087,30307
202107,9호선,선유도,6986,6724,13710
202107,9호선,신목동,3165,2820,5985
202107,9호선,염창,14305,13785,28090
202107,9호선,등촌,10051,9833,19884
202107,9호선,증미,6648,6677,13325
202107,9호선,가양,17560,16757,34317
202107,9호선,양천향교,8137,8054,16191
202107,9호선,마곡나루,9918,9866,19784
202107,9호선,신방화,5813,5712,11525
202107,9호선,공항시장,2651,2902,5553
202107,9호선,김포공항,7008,12537,19545
202107,9호선,개화,2336,1677,4013
202108,9호선,신논현,25054,25352,50406
202108,9호선,사평,2669,2689,5358
202108,9호선,고속터미널,9452,11580,21032
202108,9호선,신반포,2273,2302,4575
202108,9호선,구반포,2005,2093,4098
202108,9호선,동작,1492,1122,2614
202108,9호선,흑석,6062,6465,12527
202108,9호선,노들,3684,3189,6873
202108,9호선,노량진,21029,20731,41760
202108,9호선,샛강,4848,4936,9784
202108,9호선,여의도,21183,20076,41259
202108,9호선,국회의사당,12820,13193,26013
202108,9호선,당산,14281,14386,28667
202108,9호선,선유도,6991,6899,13890
202108,9호선,신목동,3072,2809,5881
202108,9호선,염창,13856,13630,27486
202108,9호선,등촌,9696,9638,19334
202108,9호선,증미,6337,6415,12752
202108,9호선,가양,16933,16540,33473
202108,9호선,양천향교,7610,7787,15397
202108,9호선,마곡나루,9215,9286,18501
202108,9호선,신방화,5587,5471,11058
202108,9호선,공항시장,2482,2728,5210
202108,9호선,김포공항,6445,9079,15524
202108,9호선,개화,2255,1544,3799
202108,9호선,개화,2196,1619,3815
202108,9호선,김포공항,6634,9334,15968
202108,9호선,공항시장,2511,2765,5276
202108,9호선,신방화,5627,5636,11263
202108,9호선,마곡나루,9521,9608,19129
202108,9호선,양천향교,7724,7972,15696
202108,9호선,가양,16990,16573,33563
202108,9호선,증미,6289,6366,12655
202108,9호선,등촌,9826,9732,19558
202108,9호선,염창,13882,13828,27710
202108,9호선,신목동,3143,2883,6026
202108,9호선,선유도,7072,6847,13919
202108,9호선,당산,14677,14770,29447
202108,9호선,국회의사당,12998,13274,26272
202108,9호선,여의도,21354,20313,41667
202108,9호선,샛강,4843,5106,9949
202108,9호선,노량진,21372,20863,42235
202108,9호선,노들,3611,3123,6734
202108,9호선,흑석,6152,6579,12731
202108,9호선,동작,1489,1172,2661
202108,9호선,구반포,2063,2147,4210
202108,9호선,신반포,2295,2382,4677
202108,9호선,고속터미널,9556,11748,21304
202108,9호선,사평,2841,2856,5697
202108,9호선,신논현,25993,25949,51942
202108,9호선,개화,2153,1477,3630
202108,9호선,김포공항,6386,9718,16104
202108,9호선,공항시장,2537,2771,5308
202108,9호선,신방화,5778,5667,11445
202108,9호선,마곡나루,9534,9451,18985
202108,9호선,양천향교,7863,8090,15953
202108,9호선,가양,17000,16627,33627
202108,9호선,증미,6345,6372,12717
202108,9호선,등촌,9591,9610,19201
202108,9호선,염창,14072,13990,28062
202108,9호선,신목동,3143,2882,6025
202108,9호선,선유도,7005,6860,13865
202108,9호선,당산,14775,14851,29626
202108,9호선,국회의사당,12781,13062,25843
202108,9호선,여의도,21358,20133,41491
202108,9호선,샛강,4844,4978,9822
202108,9호선,노량진,21618,21056,42674
202108,9호선,노들,3729,3201,6930
202108,9호선,흑석,6165,6489,12654
202108,9호선,동작,1495,1146,2641
202108,9호선,구반포,2057,2155,4212
202108,9호선,신반포,2398,2352,4750
202108,9호선,고속터미널,9564,12313,21877
202108,9호선,사평,2863,2801,5664
202108,9호선,신논현,25703,25610,51313
202108,9호선,개화,2260,1650,3910
202108,9호선,김포공항,6458,9781,16239
202108,9호선,공항시장,2537,2752,5289
202108,9호선,신방화,5803,5629,11432
202108,9호선,마곡나루,9482,9524,19006
202108,9호선,양천향교,7859,8098,15957
202108,9호선,가양,17233,16590,33823
202108,9호선,증미,6627,6599,13226
202108,9호선,등촌,9768,9920,19688
202108,9호선,염창,14282,13990,28272
202108,9호선,신목동,3164,2870,6034
202108,9호선,선유도,7075,6960,14035
202108,9호선,당산,15254,14936,30190
202108,9호선,국회의사당,12862,13178,26040
202108,9호선,여의도,21482,20218,41700
202108,9호선,샛강,4826,5031,9857
202108,9호선,노량진,22099,21446,43545
202108,9호선,노들,3753,3230,6983
202108,9호선,흑석,6214,6533,12747
202108,9호선,동작,1493,1247,2740
202108,9호선,구반포,2101,2221,4322
202108,9호선,신반포,2409,2450,4859
202108,9호선,고속터미널,9594,12370,21964
202108,9호선,사평,2882,2889,5771
202108,9호선,신논현,25942,25935,51877
202108,9호선,신논현,27382,27091,54473
202108,9호선,사평,2955,2832,5787
202108,9호선,고속터미널,10454,14214,24668
202108,9호선,신반포,2800,2699,5499
202108,9호선,구반포,2067,2202,4269
202108,9호선,동작,1536,1230,2766
202108,9호선,흑석,6332,6741,13073
202108,9호선,노들,3877,3235,7112
202108,9호선,노량진,22545,21555,44100
202108,9호선,샛강,4826,4976,9802
202108,9호선,여의도,21636,20074,41710
202108,9호선,국회의사당,12424,12426,24850
202108,9호선,당산,15317,14956,30273
202108,9호선,선유도,6982,6840,13822
202108,9호선,신목동,3310,2929,6239
202108,9호선,염창,14288,13854,28142
202108,9호선,등촌,10056,10005,20061
202108,9호선,증미,6483,6591,13074
202108,9호선,가양,17339,16738,34077
202108,9호선,양천향교,8026,7940,15966
202108,9호선,마곡나루,9744,9739,19483
202108,9호선,신방화,5955,5743,11698
202108,9호선,공항시장,2533,2805,5338
202108,9호선,김포공항,6957,11891,18848
202108,9호선,개화,2204,1537,3741
202108,9호선,신논현,26559,26480,53039
202108,9호선,사평,2898,2901,5799
202108,9호선,고속터미널,10008,12356,22364
202108,9호선,신반포,2793,2821,5614
202108,9호선,구반포,2133,2291,4424
202108,9호선,동작,1561,1235,2796
202108,9호선,흑석,6560,7027,13587
202108,9호선,노들,3899,3323,7222
202108,9호선,노량진,22240,21773,44013
202108,9호선,샛강,5022,5267,10289
202108,9호선,여의도,21461,20389,41850
202108,9호선,국회의사당,13344,13693,27037
202108,9호선,당산,15470,15565,31035
202108,9호선,선유도,7340,7226,14566
202108,9호선,신목동,3387,3096,6483
202108,9호선,염창,14594,14435,29029
202108,9호선,등촌,10213,10395,20608
202108,9호선,증미,6795,6904,13699
202108,9호선,가양,17807,17456,35263
202108,9호선,양천향교,8300,8505,16805
202108,9호선,마곡나루,9918,10025,19943
202108,9호선,신방화,6035,6015,12050
202108,9호선,공항시장,2596,2845,5441
202108,9호선,김포공항,6373,9313,15686
202108,9호선,개화,2403,1703,4106
202108,9호선,신논현,27636,27523,55159
202108,9호선,사평,3116,3137,6253
202108,9호선,고속터미널,10035,12391,22426
202108,9호선,신반포,2833,2767,5600
202108,9호선,구반포,2154,2279,4433
202108,9호선,동작,1607,1246,2853
202108,9호선,흑석,6641,7207,13848
202108,9호선,노들,3951,3382,7333
202108,9호선,노량진,22483,21896,44379
202108,9호선,샛강,5165,5411,10576
202108,9호선,여의도,22679,21448,44127
202108,9호선,국회의사당,13611,13858,27469
202108,9호선,당산,15700,15529,31229
202108,9호선,선유도,7456,7317,14773
202108,9호선,신목동,3444,3143,6587
202108,9호선,염창,14861,14619,29480
202108,9호선,등촌,10307,10355,20662
202108,9호선,증미,6843,6915,13758
202108,9호선,가양,17796,17467,35263
202108,9호선,양천향교,8300,8616,16916
202108,9호선,마곡나루,10218,10113,20331
202108,9호선,신방화,6025,5986,12011
202108,9호선,공항시장,2652,2940,5592
202108,9호선,김포공항,6106,9399,15505
202108,9호선,개화,2418,1686,4104
202108,9호선,개화,2440,1746,4186
202108,9호선,김포공항,6277,9648,15925
202108,9호선,공항시장,2641,2852,5493
202108,9호선,신방화,5985,5962,11947
202108,9호선,마곡나루,10086,10155,20241
202108,9호선,양천향교,8237,8428,16665
202108,9호선,가양,17774,17237,35011
202108,9호선,증미,6648,6743,13391
202108,9호선,등촌,10204,10220,20424
202108,9호선,염창,14821,14638,29459
202108,9호선,신목동,3376,3112,6488
202108,9호선,선유도,7398,7232,14630
202108,9호선,당산,15802,15613,31415
202108,9호선,국회의사당,13618,13678,27296
202108,9호선,여의도,22480,21202,43682
202108,9호선,샛강,5041,5224,10265
202108,9호선,노량진,22404,21706,44110
202108,9호선,노들,3869,3427,7296
202108,9호선,흑석,6626,6976,13602
202108,9호선,동작,1591,1169,2760
202108,9호선,구반포,2169,2248,4417
202108,9호선,신반포,2898,2866,5764
202108,9호선,고속터미널,10062,12609,22671
202108,9호선,사평,2913,2880,5793
202108,9호선,신논현,26986,26621,53607
202108,9호선,신논현,26541,26488,53029
202108,9호선,사평,2987,2987,5974
202108,9호선,고속터미널,9976,12863,22839
202108,9호선,신반포,2773,2651,5424
202108,9호선,구반포,2137,2269,4406
202108,9호선,동작,1632,1252,2884
202108,9호선,흑석,6520,6868,13388
202108,9호선,노들,3842,3305,7147
202108,9호선,노량진,22486,21351,43837
202108,9호선,샛강,4980,5082,10062
202108,9호선,여의도,22363,21009,43372
202108,9호선,국회의사당,13507,13511,27018
202108,9호선,당산,15874,15471,31345
202108,9호선,선유도,7415,7418,14833
202108,9호선,신목동,3411,3016,6427
202108,9호선,염창,14783,14430,29213
202108,9호선,등촌,10233,10241,20474
202108,9호선,증미,6658,6676,13334
202108,9호선,가양,17724,17374,35098
202108,9호선,양천향교,8264,8295,16559
202108,9호선,마곡나루,9863,10072,19935
202108,9호선,신방화,5996,5821,11817
202108,9호선,공항시장,2678,2950,5628
202108,9호선,김포공항,6306,10415,16721
202108,9호선,개화,2346,1648,3994
202108,9호선,개화,2353,1669,4022
202108,9호선,김포공항,6814,12552,19366
202108,9호선,공항시장,2666,2840,5506
202108,9호선,신방화,6030,5786,11816
202108,9호선,마곡나루,10136,10107,20243
202108,9호선,양천향교,8282,8163,16445
202108,9호선,가양,17988,17107,35095
202108,9호선,증미,6707,6825,13532
202108,9호선,등촌,10327,10036,20363
202108,9호선,염창,15053,14456,29509
202108,9호선,신목동,3399,2939,6338
202108,9호선,선유도,8346,8068,16414
202108,9호선,당산,16027,15714,31741
202108,9호선,국회의사당,13093,13113,26206
202108,9호선,여의도,22295,20797,43092
202108,9호선,샛강,4914,5085,9999
202108,9호선,노량진,22703,21306,44009
202108,9호선,노들,4020,3407,7427
202108,9호선,흑석,6768,6947,13715
202108,9호선,동작,1601,1277,2878
202108,9호선,구반포,2156,2236,4392
202108,9호선,신반포,2923,2878,5801
202108,9호선,고속터미널,11023,15333,26356
202108,9호선,사평,3088,3027,6115
202108,9호선,신논현,27888,27547,55435
202108,9호선,개화,1118,947,2065
202108,9호선,김포공항,7264,9966,17230
202108,9호선,공항시장,1751,1981,3732
202108,9호선,신방화,3526,3626,7152
202108,9호선,마곡나루,5338,5404,10742
202108,9호선,양천향교,4105,4462,8567
202108,9호선,가양,9955,10123,20078
202108,9호선,증미,3200,3220,6420
202108,9호선,등촌,5732,5912,11644
202108,9호선,염창,8016,8122,16138
202108,9호선,신목동,1711,1535,3246
202108,9호선,선유도,2866,3047,5913
202108,9호선,당산,8234,8323,16557
202108,9호선,국회의사당,2792,2923,5715
202108,9호선,여의도,7315,6974,14289
202108,9호선,샛강,1941,1994,3935
202108,9호선,노량진,14730,15258,29988
202108,9호선,노들,2322,2050,4372
202108,9호선,흑석,3896,4097,7993
202108,9호선,동작,1098,922,2020
202108,9호선,구반포,1225,1298,2523
202108,9호선,신반포,1542,1584,3126
202108,9호선,고속터미널,8956,10336,19292
202108,9호선,사평,1678,1717,3395
202108,9호선,신논현,16562,16394,32956
202108,9호선,개화,2512,1760,4272
202108,9호선,김포공항,6693,9165,15858
202108,9호선,공항시장,2620,2986,5606
202108,9호선,신방화,6258,6291,12549
202108,9호선,마곡나루,10126,9994,20120
202108,9호선,양천향교,8268,8699,16967
202108,9호선,가양,18168,17922,36090
202108,9호선,증미,6874,7046,13920
202108,9호선,등촌,10465,10803,21268
202108,9호선,염창,14807,14789,29596
202108,9호선,신목동,3445,3150,6595
202108,9호선,선유도,7968,7519,15487
202108,9호선,당산,16173,16237,32410
202108,9호선,국회의사당,14444,13857,28301
202108,9호선,여의도,22743,21191,43934
202108,9호선,샛강,5345,5348,10693
202108,9호선,노량진,22515,21831,44346
202108,9호선,노들,3895,3556,7451
202108,9호선,흑석,6634,7173,13807
202108,9호선,동작,1602,1352,2954
202108,9호선,구반포,2275,2365,4640
202108,9호선,신반포,3037,2928,5965
202108,9호선,고속터미널,10001,12268,22269
202108,9호선,사평,3108,3186,6294
202108,9호선,신논현,27012,26729,53741
202108,9호선,신논현,26363,26050,52413
202108,9호선,사평,3125,3034,6159
202108,9호선,고속터미널,9944,12209,22153
202108,9호선,신반포,3028,2955,5983
202108,9호선,구반포,2205,2283,4488
202108,9호선,동작,1589,1315,2904
202108,9호선,흑석,6663,6932,13595
202108,9호선,노들,4027,3440,7467
202108,9호선,노량진,22581,21869,44450
202108,9호선,샛강,5052,5299,10351
202108,9호선,여의도,22100,21275,43375
202108,9호선,국회의사당,13657,14280,27937
202108,9호선,당산,15798,15820,31618
202108,9호선,선유도,7486,7385,14871
202108,9호선,신목동,3408,3099,6507
202108,9호선,염창,15091,14683,29774
202108,9호선,등촌,10325,10369,20694
202108,9호선,증미,6751,6813,13564
202108,9호선,가양,18103,17658,35761
202108,9호선,양천향교,8367,8565,16932
202108,9호선,마곡나루,10137,10235,20372
202108,9호선,신방화,6303,6135,12438
202108,9호선,공항시장,2682,2965,5647
202108,9호선,김포공항,6476,9170,15646
202108,9호선,개화,2370,1705,4075
202108,9호선,개화,2421,1767,4188
202108,9호선,김포공항,6479,9523,16002
202108,9호선,공항시장,2667,2930,5597
202108,9호선,신방화,6202,6079,12281
202108,9호선,마곡나루,10187,10346,20533
202108,9호선,양천향교,8487,8729,17216
202108,9호선,가양,18389,17770,36159
202108,9호선,증미,6766,6797,13563
202108,9호선,등촌,10435,10522,20957
202108,9호선,염창,15178,14811,29989
202108,9호선,신목동,3502,3141,6643
202108,9호선,선유도,7445,7348,14793
202108,9호선,당산,16123,15945,32068
202108,9호선,국회의사당,13590,13966,27556
202108,9호선,여의도,22534,21633,44167
202108,9호선,샛강,5053,5374,10427
202108,9호선,노량진,22913,21975,44888
202108,9호선,노들,4047,3473,7520
202108,9호선,흑석,6866,7054,13920
202108,9호선,동작,1626,1334,2960
202108,9호선,구반포,2152,2241,4393
202108,9호선,신반포,3085,2982,6067
202108,9호선,고속터미널,10110,12898,23008
202108,9호선,사평,3137,3097,6234
202108,9호선,신논현,26938,26945,53883
202108,9호선,개화,2522,1747,4269
202108,9호선,김포공항,6872,11425,18297
202108,9호선,공항시장,2652,2948,5600
202108,9호선,신방화,6269,6066,12335
202108,9호선,마곡나루,10348,10385,20733
202108,9호선,양천향교,8529,8668,17197
202108,9호선,가양,18753,17940,36693
202108,9호선,증미,6816,6811,13627
202108,9호선,등촌,10732,10595,21327
202108,9호선,염창,15607,15114,30721
202108,9호선,신목동,3544,3143,6687
202108,9호선,선유도,7510,7317,14827
202108,9호선,당산,16350,16125,32475
202108,9호선,국회의사당,13483,13772,27255
202108,9호선,여의도,22946,21434,44380
202108,9호선,샛강,5052,5235,10287
202108,9호선,노량진,23681,22397,46078
202108,9호선,노들,4151,3481,7632
202108,9호선,흑석,7062,7189,14251
202108,9호선,동작,1652,1302,2954
202108,9호선,구반포,2328,2399,4727
202108,9호선,신반포,3182,3126,6308
202108,9호선,고속터미널,10899,14594,25493
202108,9호선,사평,3266,3182,6448
202108,9호선,신논현,28451,28123,56574
202108,9호선,개화,2478,1691,4169
202108,9호선,김포공항,6062,8112,14174
202108,9호선,공항시장,2588,2959,5547
202108,9호선,신방화,6198,6244,12442
202108,9호선,마곡나루,9978,10023,20001
202108,9호선,양천향교,8706,9052,17758
202108,9호선,가양,18224,17807,36031
202108,9호선,증미,6894,7169,14063
202108,9호선,등촌,10404,10504,20908
202108,9호선,염창,14841,14973,29814
202108,9호선,신목동,3536,3302,6838
202108,9호선,선유도,7956,7662,15618
202108,9호선,당산,15618,15969,31587
202108,9호선,국회의사당,14382,14216,28598
202108,9호선,여의도,23340,21867,45207
202108,9호선,샛강,5207,5222,10429
202108,9호선,노량진,22515,21693,44208
202108,9호선,노들,3901,3498,7399
202108,9호선,흑석,6831,7270,14101
202108,9호선,동작,1628,1280,2908
202108,9호선,구반포,2230,2341,4571
202108,9호선,신반포,2981,2901,5882
202108,9호선,고속터미널,9244,11606,20850
202108,9호선,사평,3099,3155,6254
202108,9호선,신논현,26614,26209,52823
202108,9호선,신논현,26409,26290,52699
202108,9호선,사평,3173,3193,6366
202108,9호선,고속터미널,9625,12015,21640
202108,9호선,신반포,2783,2768,5551
202108,9호선,구반포,2139,2259,4398
202108,9호선,동작,1509,1196,2705
202108,9호선,흑석,6712,7178,13890
202108,9호선,노들,3924,3367,7291
202108,9호선,노량진,22544,21777,44321
202108,9호선,샛강,5195,5373,10568
202108,9호선,여의도,23367,21748,45115
202108,9호선,국회의사당,14332,14358,28690
202108,9호선,당산,15724,15833,31557
202108,9호선,선유도,7707,7366,15073
202108,9호선,신목동,3445,3327,6772
202108,9호선,염창,14995,14765,29760
202108,9호선,등촌,10472,10604,21076
202108,9호선,증미,6775,6866,13641
202108,9호선,가양,18007,17814,35821
202108,9호선,양천향교,8791,9042,17833
202108,9호선,마곡나루,10076,10067,20143
202108,9호선,신방화,6160,6284,12444
202108,9호선,공항시장,2674,2878,5552
202108,9호선,김포공항,5849,8401,14250
202108,9호선,개화,2406,1701,4107
202108,9호선,신논현,27342,27010,54352
202108,9호선,사평,3211,3165,6376
202108,9호선,고속터미널,10276,12842,23118
202108,9호선,신반포,2940,2914,5854
202108,9호선,구반포,2295,2356,4651
202108,9호선,동작,1691,1390,3081
202108,9호선,흑석,6942,7253,14195
202108,9호선,노들,4237,3623,7860
202108,9호선,노량진,23743,22984,46727
202108,9호선,샛강,5236,5400,10636
202108,9호선,여의도,23282,22393,45675
202108,9호선,국회의사당,14249,14567,28816
202108,9호선,당산,16283,16497,32780
202108,9호선,선유도,7641,7447,15088
202108,9호선,신목동,3630,3240,6870
202108,9호선,염창,15501,15287,30788
202108,9호선,등촌,10810,10777,21587
202108,9호선,증미,7000,7034,14034
202108,9호선,가양,18688,18352,37040
202108,9호선,양천향교,9021,9230,18251
202108,9호선,마곡나루,10638,10692,21330
202108,9호선,신방화,6499,6440,12939
202108,9호선,공항시장,2719,2936,5655
202108,9호선,김포공항,6281,9786,16067
202108,9호선,개화,2493,1759,4252
202108,9호선,개화,2595,1827,4422
202108,9호선,김포공항,6090,10195,16285
202108,9호선,공항시장,2720,3045,5765
202108,9호선,신방화,6407,6342,12749
202108,9호선,마곡나루,10477,10549,21026
202108,9호선,양천향교,8931,9133,18064
202108,9호선,가양,18722,18310,37032
202108,9호선,증미,6938,7014,13952
202108,9호선,등촌,10815,10735,21550
202108,9호선,염창,15493,15215,30708
202108,9호선,신목동,3572,3264,6836
202108,9호선,선유도,7495,7275,14770
202108,9호선,당산,16152,16124,32276
202108,9호선,국회의사당,13869,14111,27980
202108,9호선,여의도,23418,22040,45458
202108,9호선,샛강,5114,5347,10461
202108,9호선,노량진,23354,22357,45711
202108,9호선,노들,4110,3594,7704
202108,9호선,흑석,7017,7302,14319
202108,9호선,동작,1668,1339,3007
202108,9호선,구반포,2179,2262,4441
202108,9호선,신반포,2824,2806,5630
202108,9호선,고속터미널,10232,13068,23300
202108,9호선,사평,3163,3240,6403
202108,9호선,신논현,27330,26991,54321
202108,9호선,개화,2404,1733,4137
202108,9호선,김포공항,6947,12097,19044
202108,9호선,공항시장,2733,2974,5707
202108,9호선,신방화,6455,6332,12787
202108,9호선,마곡나루,10233,10447,20680
202108,9호선,양천향교,8816,8795,17611
202108,9호선,가양,18594,17980,36574
202108,9호선,증미,6870,6803,13673
202108,9호선,등촌,10768,10579,21347
202108,9호선,염창,15280,14985,30265
202108,9호선,신목동,3457,3136,6593
202108,9호선,선유도,7499,7265,14764
202108,9호선,당산,16284,16270,32554
202108,9호선,국회의사당,13628,13695,27323
202108,9호선,여의도,23011,21468,44479
202108,9호선,샛강,5242,5277,10519
202108,9호선,노량진,23570,22479,46049
202108,9호선,노들,4282,3519,7801
202108,9호선,흑석,6888,7157,14045
202108,9호선,동작,1640,1281,2921
202108,9호선,구반포,2197,2238,4435
202108,9호선,신반포,3117,3015,6132
202108,9호선,고속터미널,11029,15010,26039
202108,9호선,사평,3220,3084,6304
202108,9호선,신논현,28353,27717,56070
202108,9호선,개화,2521,1798,4319
202108,9호선,김포공항,6665,9375,16040
202108,9호선,공항시장,2731,2981,5712
202108,9호선,신방화,6404,6267,12671
202108,9호선,마곡나루,10364,10657,21021
202108,9호선,양천향교,8808,9208,18016
202108,9호선,가양,18986,18682,37668
202108,9호선,증미,7011,7068,14079
202108,9호선,등촌,10781,10948,21729
202108,9호선,염창,15363,15290,30653
202108,9호선,신목동,3655,3344,6999
202108,9호선,선유도,7643,7494,15137
202108,9호선,당산,15876,16125,32001
202108,9호선,국회의사당,13884,14462,28346
202108,9호선,여의도,23192,22369,45561
202108,9호선,샛강,5298,5499,10797
202108,9호선,노량진,23409,22839,46248
202108,9호선,노들,4164,3544,7708
202108,9호선,흑석,7235,7629,14864
202108,9호선,동작,1615,1319,2934
202108,9호선,구반포,2188,2290,4478
202108,9호선,신반포,3099,2989,6088
202108,9호선,고속터미널,10350,12682,23032
202108,9호선,사평,3095,3035,6130
202108,9호선,신논현,27127,26744,53871
202108,9호선,개화,2495,1736,4231
202108,9호선,김포공항,6558,8786,15344
202108,9호선,공항시장,2580,2907,5487
202108,9호선,신방화,6227,6248,12475
202108,9호선,마곡나루,10296,10093,20389
202108,9호선,양천향교,8816,9117,17933
202108,9호선,가양,18085,18074,36159
202108,9호선,증미,6843,6991,13834
202108,9호선,등촌,10584,11114,21698
202108,9호선,염창,14855,15089,29944
202108,9호선,신목동,3544,3349,6893
202108,9호선,선유도,8231,7958,16189
202108,9호선,당산,16406,16564,32970
202108,9호선,국회의사당,15162,14491,29653
202108,9호선,여의도,23886,21798,45684
202108,9호선,샛강,5610,5482,11092
202108,9호선,노량진,23106,22127,45233
202108,9호선,노들,3928,3613,7541
202108,9호선,흑석,6818,7303,14121
202108,9호선,동작,1536,1242,2778
202108,9호선,구반포,2125,2240,4365
202108,9호선,신반포,3042,2997,6039
202108,9호선,고속터미널,9387,12164,21551
202108,9호선,사평,3194,3337,6531
202108,9호선,신논현,26429,25839,52268
202109,9호선,개화,2479,1760,4239
202109,9호선,김포공항,6083,9180,15263
202109,9호선,공항시장,2711,2927,5638
202109,9호선,신방화,6419,6287,12706
202109,9호선,마곡나루,10476,10734,21210
202109,9호선,양천향교,8797,9022,17819
202109,9호선,가양,18837,18353,37190
202109,9호선,증미,7014,7054,14068
202109,9호선,등촌,10760,10846,21606
202109,9호선,염창,15502,15434,30936
202109,9호선,신목동,3681,3342,7023
202109,9호선,선유도,7768,7647,15415
202109,9호선,당산,16241,16320,32561
202109,9호선,국회의사당,14262,14669,28931
202109,9호선,여의도,23368,22540,45908
202109,9호선,샛강,5287,5415,10702
202109,9호선,노량진,23980,22845,46825
202109,9호선,노들,4144,3597,7741
202109,9호선,흑석,7067,7383,14450
202109,9호선,동작,1652,1249,2901
202109,9호선,구반포,2199,2180,4379
202109,9호선,신반포,3026,2983,6009
202109,9호선,고속터미널,9951,12158,22109
202109,9호선,사평,3138,3124,6262
202109,9호선,신논현,27020,26533,53553
202109,9호선,신논현,26810,26808,53618
202109,9호선,사평,3154,3177,6331
202109,9호선,고속터미널,10254,12493,22747
202109,9호선,신반포,3016,2987,6003
202109,9호선,구반포,2093,2195,4288
202109,9호선,동작,1767,1375,3142
202109,9호선,흑석,7217,7619,14836
202109,9호선,노들,4162,3555,7717
202109,9호선,노량진,23559,22700,46259
202109,9호선,샛강,5298,5542,10840
202109,9호선,여의도,23549,22720,46269
202109,9호선,국회의사당,14171,14458,28629
202109,9호선,당산,16270,16301,32571
202109,9호선,선유도,7717,7551,15268
202109,9호선,신목동,3723,3263,6986
202109,9호선,염창,15797,15419,31216
202109,9호선,등촌,10830,10716,21546
202109,9호선,증미,7030,6972,14002
202109,9호선,가양,18791,18286,37077
202109,9호선,양천향교,9024,9289,18313
202109,9호선,마곡나루,10597,10712,21309
202109,9호선,신방화,6416,6379,12795
202109,9호선,공항시장,2737,2918,5655
202109,9호선,김포공항,6019,9462,15481
202109,9호선,개화,2580,1824,4404
202109,9호선,신논현,29612,29134,58746
202109,9호선,사평,3297,3164,6461
202109,9호선,고속터미널,11986,15763,27749
202109,9호선,신반포,3290,3175,6465
202109,9호선,구반포,2239,2311,4550
202109,9호선,동작,1812,1389,3201
202109,9호선,흑석,7531,7771,15302
202109,9호선,노들,4385,3694,8079
202109,9호선,노량진,24984,23962,48946
202109,9호선,샛강,5237,5499,10736
202109,9호선,여의도,24195,23149,47344
202109,9호선,국회의사당,13537,13871,27408
202109,9호선,당산,17098,16992,34090
202109,9호선,선유도,7859,7643,15502
202109,9호선,신목동,3664,3255,6919
202109,9호선,염창,15999,15511,31510
202109,9호선,등촌,11024,10772,21796
202109,9호선,증미,7182,7039,14221
202109,9호선,가양,19142,18843,37985
202109,9호선,양천향교,9205,9231,18436
202109,9호선,마곡나루,11008,10952,21960
202109,9호선,신방화,6559,6295,12854
202109,9호선,공항시장,2799,3002,5801
202109,9호선,김포공항,6755,11801,18556
202109,9호선,개화,2546,1840,4386
202109,9호선,개화,2558,1828,4386
202109,9호선,김포공항,6439,8837,15276
202109,9호선,공항시장,2778,3103,5881
202109,9호선,신방화,6648,6741,13389
202109,9호선,마곡나루,10563,10478,21041
202109,9호선,양천향교,9204,9594,18798
202109,9호선,가양,19138,18784,37922
202109,9호선,증미,7253,7372,14625
202109,9호선,등촌,10941,11157,22098
202109,9호선,염창,15665,15501,31166
202109,9호선,신목동,3700,3399,7099
202109,9호선,선유도,8095,7876,15971
202109,9호선,당산,16253,16775,33028
202109,9호선,국회의사당,14906,14768,29674
202109,9호선,여의도,23869,22506,46375
202109,9호선,샛강,5585,5652,11237
202109,9호선,노량진,24546,23702,48248
202109,9호선,노들,4115,3742,7857
202109,9호선,흑석,7234,7864,15098
202109,9호선,동작,1703,1339,3042
202109,9호선,구반포,2254,2329,4583
202109,9호선,신반포,3092,3077,6169
202109,9호선,고속터미널,10051,12444,22495
202109,9호선,사평,3239,3360,6599
202109,9호선,신논현,27368,26995,54363
202109,9호선,개화,2490,1734,4224
202109,9호선,김포공항,5811,8342,14153
202109,9호선,공항시장,2675,2980,5655
202109,9호선,신방화,6414,6381,12795
202109,9호선,마곡나루,10254,10279,20533
202109,9호선,양천향교,8945,9295,18240
202109,9호선,가양,18423,17935,36358
202109,9호선,증미,6990,7007,13997
202109,9호선,등촌,10420,10388,20808
202109,9호선,염창,15381,15108,30489
202109,9호선,신목동,3531,3257,6788
202109,9호선,선유도,7908,7742,15650
202109,9호선,당산,15912,16125,32037
202109,9호선,국회의사당,14422,14785,29207
202109,9호선,여의도,23057,21576,44633
202109,9호선,샛강,5337,5589,10926
202109,9호선,노량진,23442,22379,45821
202109,9호선,노들,3982,3449,7431
202109,9호선,흑석,6921,7357,14278
202109,9호선,동작,1526,1242,2768
202109,9호선,구반포,2091,2170,4261
202109,9호선,신반포,2782,2831,5613
202109,9호선,고속터미널,9358,11644,21002
202109,9호선,사평,3235,3265,6500
202109,9호선,신논현,26304,26090,52394
202109,9호선,개화,2617,1869,4486
202109,9호선,김포공항,6169,8902,15071
202109,9호선,공항시장,2821,3092,5913
202109,9호선,신방화,6700,6454,13154
202109,9호선,마곡나루,10828,11026,21854
202109,9호선,양천향교,9288,9468,18756
202109,9호선,가양,19552,18949,38501
202109,9호선,증미,7141,7224,14365
202109,9호선,등촌,11250,11006,22256
202109,9호선,염창,16157,15790,31947
202109,9호선,신목동,3751,3350,7101
202109,9호선,선유도,7947,7750,15697
202109,9호선,당산,16854,16783,33637
202109,9호선,국회의사당,14532,15202,29734
202109,9호선,여의도,24010,23188,47198
202109,9호선,샛강,5433,5731,11164
202109,9호선,노량진,24832,24061,48893
202109,9호선,노들,4533,3815,8348
202109,9호선,흑석,7632,7977,15609
202109,9호선,동작,1808,1381,3189
202109,9호선,구반포,2243,2336,4579
202109,9호선,신반포,3205,3109,6314
202109,9호선,고속터미널,10623,13272,23895
202109,9호선,사평,3281,3179,6460
202109,9호선,신논현,27635,27307,54942
202109,9호선,증미,7124,7211,14335
202109,9호선,개화,2589,1795,4384
202109,9호선,김포공항,6228,10348,16576
202109,9호선,공항시장,2816,2993,5809
202109,9호선,신방화,6583,6447,13030
202109,9호선,마곡나루,10883,10992,21875
202109,9호선,양천향교,9134,9263,18397
202109,9호선,가양,19308,18806,38114
202109,9호선,등촌,10852,10417,21269
202109,9호선,염창,15959,15657,31616
202109,9호선,신목동,3740,3409,7149
202109,9호선,선유도,7939,7583,15522
202109,9호선,당산,16685,16548,33233
202109,9호선,국회의사당,14132,14771,28903
202109,9호선,여의도,23498,22837,46335
202109,9호선,샛강,5322,5499,10821
202109,9호선,노량진,24777,24045,48822
202109,9호선,노들,4292,3692,7984
202109,9호선,흑석,7325,7601,14926
202109,9호선,동작,1744,1418,3162
202109,9호선,구반포,2178,2237,4415
202109,9호선,신반포,3220,3121,6341
202109,9호선,고속터미널,10822,13366,24188
202109,9호선,사평,3238,3216,6454
202109,9호선,신논현,27451,27060,54511
202109,9호선,신논현,29841,29508,59349
202109,9호선,사평,3457,3266,6723
202109,9호선,고속터미널,11967,15987,27954
202109,9호선,신반포,3359,3408,6767
202109,9호선,구반포,2304,2374,4678
202109,9호선,동작,1860,1444,3304
202109,9호선,흑석,7552,7755,15307
202109,9호선,노들,4371,3680,8051
202109,9호선,노량진,25421,24467,49888
202109,9호선,샛강,5331,5523,10854
202109,9호선,여의도,24048,22794,46842
202109,9호선,국회의사당,13932,14158,28090
202109,9호선,당산,17071,17172,34243
202109,9호선,선유도,7742,7566,15308
202109,9호선,신목동,3883,3463,7346
202109,9호선,염창,16179,15660,31839
202109,9호선,등촌,11140,10798,21938
202109,9호선,증미,7240,7093,14333
202109,9호선,가양,19868,19116,38984
202109,9호선,양천향교,9253,9341,18594
202109,9호선,마곡나루,10873,11122,21995
202109,9호선,신방화,6649,6507,13156
202109,9호선,공항시장,2824,3080,5904
202109,9호선,김포공항,7085,11620,18705
202109,9호선,개화,2589,1889,4478
202109,9호선,신논현,27674,27403,55077
202109,9호선,사평,3285,3239,6524
202109,9호선,고속터미널,10879,13354,24233
202109,9호선,신반포,3231,3145,6376
202109,9호선,구반포,2178,2186,4364
202109,9호선,동작,1774,1392,3166
202109,9호선,흑석,7543,7933,15476
202109,9호선,노들,4447,3752,8199
202109,9호선,노량진,24890,24423,49313
202109,9호선,샛강,5556,5686,11242
202109,9호선,여의도,24086,23509,47595
202109,9호선,국회의사당,14377,15045,29422
202109,9호선,당산,16512,16739,33251
202109,9호선,선유도,8197,7922,16119
202109,9호선,신목동,3790,3439,7229
202109,9호선,염창,16045,15721,31766
202109,9호선,등촌,11124,10969,22093
202109,9호선,증미,7328,7331,14659
202109,9호선,가양,19364,19101,38465
202109,9호선,양천향교,9262,9499,18761
202109,9호선,마곡나루,10741,10903,21644
202109,9호선,신방화,6754,6645,13399
202109,9호선,공항시장,2879,3064,5943
202109,9호선,김포공항,6576,8667,15243
202109,9호선,개화,2663,1848,4511
202109,9호선,개화,2562,1816,4378
202109,9호선,김포공항,6203,8217,14420
202109,9호선,공항시장,2883,3076,5959
202109,9호선,신방화,6698,6503,13201
202109,9호선,마곡나루,10954,10982,21936
202109,9호선,양천향교,9219,9425,18644
202109,9호선,가양,19740,19115,38855
202109,9호선,증미,7245,7248,14493
202109,9호선,등촌,11103,11064,22167
202109,9호선,염창,16322,15923,32245
202109,9호선,신목동,3830,3472,7302
202109,9호선,선유도,8100,7928,16028
202109,9호선,당산,16717,16883,33600
202109,9호선,국회의사당,14582,15247,29829
202109,9호선,여의도,24287,23263,47550
202109,9호선,샛강,5530,5826,11356
202109,9호선,노량진,25063,24594,49657
202109,9호선,노들,4443,3758,8201
202109,9호선,흑석,7545,7854,15399
202109,9호선,동작,1860,1530,3390
202109,9호선,구반포,2165,2268,4433
202109,9호선,신반포,3242,3201,6443
202109,9호선,고속터미널,10949,13520,24469
202109,9호선,사평,3401,3390,6791
202109,9호선,신논현,28122,27811,55933
202109,9호선,샛강,5622,5851,11473
202109,9호선,노량진,26012,25041,51053
202109,9호선,노들,4595,3870,8465
202109,9호선,흑석,7680,8120,15800
202109,9호선,동작,1864,1523,3387
202109,9호선,구반포,2282,2313,4595
202109,9호선,신반포,3370,3308,6678
202109,9호선,고속터미널,11112,14185,25297
202109,9호선,사평,3279,3283,6562
202109,9호선,신논현,28771,28517,57288
202109,9호선,개화,2633,1815,4448
202109,9호선,김포공항,5995,9460,15455
202109,9호선,공항시장,2890,3145,6035
202109,9호선,신방화,6778,6569,13347
202109,9호선,마곡나루,11239,11359,22598
202109,9호선,양천향교,9369,9518,18887
202109,9호선,가양,20023,19389,39412
202109,9호선,증미,7472,7502,14974
202109,9호선,등촌,11533,11360,22893
202109,9호선,염창,16550,16135,32685
202109,9호선,신목동,3816,3486,7302
202109,9호선,선유도,8358,8095,16453
202109,9호선,당산,17110,17338,34448
202109,9호선,국회의사당,15814,16107,31921
202109,9호선,여의도,25370,24337,49707
202109,9호선,개화,2664,1905,4569
202109,9호선,김포공항,5683,10216,15899
202109,9호선,공항시장,2999,3219,6218
202109,9호선,신방화,6693,6570,13263
202109,9호선,마곡나루,11085,11005,22090
202109,9호선,양천향교,9455,9430,18885
202109,9호선,가양,20199,19379,39578
202109,9호선,증미,7303,7313,14616
202109,9호선,등촌,11385,11135,22520
202109,9호선,염창,16586,15977,32563
202109,9호선,신목동,3854,3446,7300
202109,9호선,선유도,8328,7916,16244
202109,9호선,당산,17356,17035,34391
202109,9호선,국회의사당,15473,15763,31236
202109,9호선,여의도,24763,23888,48651
202109,9호선,샛강,5576,5733,11309
202109,9호선,노량진,26248,25160,51408
202109,9호선,노들,4560,3858,8418
202109,9호선,흑석,7819,8009,15828
202109,9호선,동작,1992,1520,3512
202109,9호선,구반포,2233,2264,4497
202109,9호선,신반포,3374,3330,6704
202109,9호선,고속터미널,11631,15611,27242
202109,9호선,사평,3404,3398,6802
202109,9호선,신논현,29369,28847,58216
202109,9호선,신방화,6666,6470,13136
202109,9호선,개화,2633,1867,4500
202109,9호선,김포공항,6367,14535,20902
202109,9호선,공항시장,3016,3123,6139
202109,9호선,마곡나루,11062,10794,21856
202109,9호선,양천향교,9343,9030,18373
202109,9호선,가양,20298,18933,39231
202109,9호선,증미,7535,7360,14895
202109,9호선,등촌,11393,10948,22341
202109,9호선,염창,16484,15591,32075
202109,9호선,신목동,3813,3414,7227
202109,9호선,선유도,7877,7574,15451
202109,9호선,당산,17340,16814,34154
202109,9호선,국회의사당,14637,14478,29115
202109,9호선,여의도,24947,23216,48163
202109,9호선,샛강,5522,5681,11203
202109,9호선,노량진,26843,24942,51785
202109,9호선,노들,4625,3809,8434
202109,9호선,흑석,7820,7960,15780
202109,9호선,동작,1972,1556,3528
202109,9호선,구반포,2643,2769,5412
202109,9호선,신반포,3488,3453,6941
202109,9호선,고속터미널,13305,23906,37211
202109,9호선,사평,3567,3379,6946
202109,9호선,신논현,31181,30919,62100
202109,9호선,개화,908,876,1784
202109,9호선,김포공항,4929,9631,14560
202109,9호선,공항시장,1219,1268,2487
202109,9호선,신방화,2407,2291,4698
202109,9호선,마곡나루,3149,3003,6152
202109,9호선,양천향교,2698,2457,5155
202109,9호선,가양,7003,6379,13382
202109,9호선,증미,2268,2216,4484
202109,9호선,등촌,3815,3629,7444
202109,9호선,염창,5434,5060,10494
202109,9호선,신목동,1178,1003,2181
202109,9호선,선유도,1932,1743,3675
202109,9호선,당산,5109,4748,9857
202109,9호선,국회의사당,1425,1267,2692
202109,9호선,여의도,3677,3656,7333
202109,9호선,샛강,1112,1038,2150
202109,9호선,노량진,11742,10977,22719
202109,9호선,노들,1883,1574,3457
202109,9호선,흑석,2675,2583,5258
202109,9호선,동작,691,555,1246
202109,9호선,구반포,640,635,1275
202109,9호선,신반포,1025,1026,2051
202109,9호선,고속터미널,5754,10493,16247
202109,9호선,사평,1043,1004,2047
202109,9호선,신논현,9211,8583,17794
202109,9호선,개화,567,417,984
202109,9호선,김포공항,6109,8404,14513
202109,9호선,공항시장,1010,1198,2208
202109,9호선,신방화,1921,2065,3986
202109,9호선,마곡나루,2554,2939,5493
202109,9호선,양천향교,2120,2433,4553
202109,9호선,가양,5418,5985,11403
202109,9호선,증미,1502,1715,3217
202109,9호선,등촌,2753,3098,5851
202109,9호선,염창,4318,5025,9343
202109,9호선,신목동,864,885,1749
202109,9호선,선유도,1424,1610,3034
202109,9호선,당산,4042,4820,8862
202109,9호선,국회의사당,1036,1068,2104
202109,9호선,여의도,2604,2769,5373
202109,9호선,샛강,757,708,1465
202109,9호선,노량진,7726,8952,16678
202109,9호선,노들,1325,1189,2514
202109,9호선,흑석,2155,2303,4458
202109,9호선,동작,632,571,1203
202109,9호선,구반포,370,414,784
202109,9호선,신반포,658,662,1320
202109,9호선,고속터미널,8356,5312,13668
202109,9호선,사평,689,742,1431
202109,9호선,신논현,6181,6281,12462
202109,9호선,개화,1102,948,2050
202109,9호선,김포공항,8152,10749,18901
202109,9호선,공항시장,1357,1610,2967
202109,9호선,신방화,2555,2630,5185
202109,9호선,마곡나루,4142,4732,8874
202109,9호선,양천향교,3001,3707,6708
202109,9호선,가양,7319,8115,15434
202109,9호선,증미,2115,2592,4707
202109,9호선,염창,6500,7221,13721
202109,9호선,신목동,1419,1298,2717
202109,9호선,선유도,2119,2429,4548
202109,9호선,당산,6422,7515,13937
202109,9호선,등촌,3931,4463,8394
202109,9호선,국회의사당,2113,2175,4288
202109,9호선,여의도,6676,6617,13293
202109,9호선,샛강,1215,1328,2543
202109,9호선,노량진,11752,13508,25260
202109,9호선,노들,1990,1835,3825
202109,9호선,흑석,2898,3240,6138
202109,9호선,동작,811,695,1506
202109,9호선,구반포,702,763,1465
202109,9호선,신반포,1120,1169,2289
202109,9호선,고속터미널,14090,10061,24151
202109,9호선,사평,1115,1232,2347
202109,9호선,신논현,11370,11786,23156
202109,9호선,개화,2370,1690,4060
202109,9호선,김포공항,7125,9895,17020
202109,9호선,공항시장,2674,2907,5581
202109,9호선,신방화,6191,6172,12363
202109,9호선,마곡나루,9433,9828,19261
202109,9호선,양천향교,7982,8353,16335
202109,9호선,가양,17975,18019,35994
202109,9호선,증미,6443,6450,12893
202109,9호선,등촌,10128,10184,20312
202109,9호선,염창,15003,14885,29888
202109,9호선,신목동,3415,3024,6439
202109,9호선,선유도,6926,6871,13797
202109,9호선,당산,15148,15715,30863
202109,9호선,국회의사당,13112,13648,26760
202109,9호선,여의도,21921,21616,43537
202109,9호선,샛강,4894,5316,10210
202109,9호선,노량진,22763,22961,45724
202109,9호선,노들,4071,3517,7588
202109,9호선,흑석,6902,7349,14251
202109,9호선,동작,1752,1425,3177
202109,9호선,구반포,2069,2167,4236
202109,9호선,신반포,3112,2940,6052
202109,9호선,고속터미널,11698,13063,24761
202109,9호선,사평,3099,3059,6158
202109,9호선,신논현,27003,26991,53994
202109,9호선,개화,2444,1729,4173
202109,9호선,김포공항,7626,10840,18466
202109,9호선,공항시장,2839,3071,5910
202109,9호선,신방화,6631,6294,12925
202109,9호선,마곡나루,10387,10680,21067
202109,9호선,양천향교,8671,8946,17617
202109,9호선,가양,18843,18454,37297
202109,9호선,증미,6839,6899,13738
202109,9호선,등촌,10809,10610,21419
202109,9호선,염창,15818,15475,31293
202109,9호선,신목동,3673,3259,6932
202109,9호선,선유도,7487,7261,14748
202109,9호선,당산,16543,16712,33255
202109,9호선,국회의사당,13969,14257,28226
202109,9호선,여의도,23425,22549,45974
202109,9호선,샛강,5262,5611,10873
202109,9호선,노량진,24633,24074,48707
202109,9호선,노들,4382,3761,8143
202109,9호선,흑석,7482,7780,15262
202109,9호선,동작,1725,1361,3086
202109,9호선,구반포,2170,2215,4385
202109,9호선,신반포,3379,3277,6656
202109,9호선,고속터미널,12085,15465,27550
202109,9호선,사평,3345,3192,6537
202109,9호선,신논현,29698,29617,59315
202109,9호선,신논현,28094,28154,56248
202109,9호선,사평,3225,3316,6541
202109,9호선,고속터미널,10643,12954,23597
202109,9호선,신반포,3152,3006,6158
202109,9호선,구반포,2102,2124,4226
202109,9호선,동작,1707,1322,3029
202109,9호선,흑석,7479,8024,15503
202109,9호선,노들,4291,3717,8008
202109,9호선,노량진,24487,23765,48252
202109,9호선,샛강,5461,5750,11211
202109,9호선,여의도,24580,23608,48188
202109,9호선,국회의사당,14706,15338,30044
202109,9호선,당산,16502,16822,33324
202109,9호선,선유도,8297,8009,16306
202109,9호선,신목동,3839,3491,7330
202109,9호선,염창,16238,15845,32083
202109,9호선,등촌,10993,10995,21988
202109,9호선,증미,7208,7234,14442
202109,9호선,가양,19782,19284,39066
202109,9호선,양천향교,9188,9475,18663
202109,9호선,마곡나루,10899,10853,21752
202109,9호선,신방화,6536,6417,12953
202109,9호선,공항시장,2905,3170,6075
202109,9호선,김포공항,6673,9309,15982
202109,9호선,개화,2720,1910,4630
202109,9호선,개화,2643,1875,4518
202109,9호선,김포공항,6413,8826,15239
202109,9호선,공항시장,2863,3108,5971
202109,9호선,신방화,6533,6508,13041
202109,9호선,마곡나루,11134,10938,22072
202109,9호선,양천향교,9184,9438,18622
202109,9호선,가양,19539,19107,38646
202109,9호선,증미,7093,7155,14248
202109,9호선,등촌,10987,11126,22113
202109,9호선,염창,16270,15872,32142
202109,9호선,신목동,3807,3528,7335
202109,9호선,선유도,8401,8042,16443
202109,9호선,당산,16714,16984,33698
202109,9호선,국회의사당,15108,15394,30502
202109,9호선,여의도,24394,23075,47469
202109,9호선,샛강,5652,5669,11321
202109,9호선,노량진,24432,23781,48213
202109,9호선,노들,4247,3761,8008
202109,9호선,흑석,7438,7738,15176
202109,9호선,동작,1677,1379,3056
202109,9호선,구반포,2150,2224,4374
202109,9호선,신반포,3146,3077,6223
202109,9호선,고속터미널,10273,12890,23163
202109,9호선,사평,3253,3371,6624
202109,9호선,신논현,28058,27743,55801
202109,9호선,신논현,27068,26829,53897
202109,9호선,사평,3337,3206,6543
202109,9호선,고속터미널,10128,12613,22741
202109,9호선,신반포,3049,3022,6071
202109,9호선,구반포,1993,2103,4096
202109,9호선,동작,1589,1236,2825
202109,9호선,흑석,7129,7486,14615
202109,9호선,노들,4156,3564,7720
202109,9호선,노량진,24034,23149,47183
202109,9호선,샛강,5269,5617,10886
202109,9호선,여의도,24320,23162,47482
202109,9호선,국회의사당,14817,15473,30290
202109,9호선,당산,16273,16359,32632
202109,9호선,선유도,8110,7914,16024
202109,9호선,신목동,3708,3318,7026
202109,9호선,염창,15635,15481,31116
202109,9호선,등촌,10751,10687,21438
202109,9호선,증미,6913,6923,13836
202109,9호선,가양,18859,18471,37330
202109,9호선,양천향교,8947,9326,18273
202109,9호선,마곡나루,10516,10772,21288
202109,9호선,신방화,6552,6403,12955
202109,9호선,공항시장,2737,3008,5745
202109,9호선,김포공항,6258,9002,15260
202109,9호선,개화,2468,1743,4211
202109,9호선,개화,2690,1922,4612
202109,9호선,김포공항,6534,10863,17397
202109,9호선,공항시장,2887,3099,5986
202109,9호선,신방화,6599,6429,13028
202109,9호선,마곡나루,11303,11295,22598
202109,9호선,양천향교,9228,9463,18691
202109,9호선,가양,19818,19232,39050
202109,9호선,증미,7234,7107,14341
202109,9호선,등촌,11029,10802,21831
202109,9호선,염창,16361,16066,32427
202109,9호선,신목동,3870,3429,7299
202109,9호선,선유도,8331,7998,16329
202109,9호선,당산,17110,17208,34318
202109,9호선,국회의사당,14487,15094,29581
202109,9호선,여의도,24296,23744,48040
202109,9호선,샛강,5377,5581,10958
202109,9호선,노량진,25138,24281,49419
202109,9호선,노들,4457,3773,8230
202109,9호선,흑석,7520,7758,15278
202109,9호선,동작,1815,1427,3242
202109,9호선,구반포,2123,2181,4304
202109,9호선,신반포,3257,3266,6523
202109,9호선,고속터미널,11192,13791,24983
202109,9호선,사평,3400,3407,6807
202109,9호선,신논현,28562,28302,56864
202110,9호선,신논현,31176,30274,61450
202110,9호선,사평,3641,3464,7105
202110,9호선,고속터미널,12562,16838,29400
202110,9호선,신반포,3454,3376,6830
202110,9호선,구반포,2171,2273,4444
202110,9호선,동작,1766,1500,3266
202110,9호선,흑석,7986,8215,16201
202110,9호선,노들,4504,3722,8226
202110,9호선,노량진,25887,25028,50915
202110,9호선,샛강,5573,5746,11319
202110,9호선,여의도,24833,23602,48435
202110,9호선,국회의사당,14497,14825,29322
202110,9호선,당산,17572,17576,35148
202110,9호선,선유도,8451,8187,16638
202110,9호선,신목동,3887,3573,7460
202110,9호선,염창,16743,16148,32891
202110,9호선,등촌,11333,11057,22390
202110,9호선,증미,7266,7149,14415
202110,9호선,가양,19852,19471,39323
202110,9호선,양천향교,9293,9493,18786
202110,9호선,마곡나루,11529,11386,22915
202110,9호선,신방화,6769,6479,13248
202110,9호선,공항시장,2993,3205,6198
202110,9호선,김포공항,7216,12670,19886
202110,9호선,개화,2672,1931,4603
202110,9호선,여의도,8446,7574,16020
202110,9호선,개화,1292,1097,2389
202110,9호선,김포공항,7186,10612,17798
202110,9호선,공항시장,1882,2059,3941
202110,9호선,신방화,3669,3686,7355
202110,9호선,마곡나루,5546,5664,11210
202110,9호선,양천향교,4499,4683,9182
202110,9호선,가양,10310,10279,20589
202110,9호선,증미,3144,3236,6380
202110,9호선,등촌,5822,6135,11957
202110,9호선,염창,8535,8468,17003
202110,9호선,신목동,1821,1667,3488
202110,9호선,선유도,3259,3187,6446
202110,9호선,당산,8771,8830,17601
202110,9호선,국회의사당,3110,3254,6364
202110,9호선,샛강,1824,1879,3703
202110,9호선,노량진,16094,16471,32565
202110,9호선,노들,2499,2242,4741
202110,9호선,흑석,4082,4224,8306
202110,9호선,동작,1115,933,2048
202110,9호선,구반포,1188,1257,2445
202110,9호선,신반포,1550,1503,3053
202110,9호선,고속터미널,9241,11512,20753
202110,9호선,사평,1740,1811,3551
202110,9호선,신논현,17460,17069,34529
202110,9호선,개화,2706,1867,4573
202110,9호선,김포공항,6669,9197,15866
202110,9호선,공항시장,2877,3088,5965
202110,9호선,신방화,6652,6496,13148
202110,9호선,마곡나루,11058,11053,22111
202110,9호선,양천향교,9356,9617,18973
202110,9호선,가양,19869,19386,39255
202110,9호선,증미,7297,7317,14614
202110,9호선,등촌,11057,10961,22018
202110,9호선,염창,16387,16021,32408
202110,9호선,신목동,4042,3611,7653
202110,9호선,선유도,8606,8219,16825
202110,9호선,당산,16799,17110,33909
202110,9호선,국회의사당,15105,15621,30726
202110,9호선,여의도,25023,24133,49156
202110,9호선,샛강,5558,5861,11419
202110,9호선,노량진,24375,23691,48066
202110,9호선,노들,4329,3763,8092
202110,9호선,흑석,7402,7792,15194
202110,9호선,동작,1672,1384,3056
202110,9호선,신논현,28802,28331,57133
202110,9호선,사평,3291,3406,6697
202110,9호선,고속터미널,10866,13080,23946
202110,9호선,신반포,3144,3120,6264
202110,9호선,구반포,1999,2077,4076
202110,9호선,신논현,28332,27994,56326
202110,9호선,사평,3345,3273,6618
202110,9호선,고속터미널,10733,13088,23821
202110,9호선,신반포,3202,3101,6303
202110,9호선,구반포,1988,2090,4078
202110,9호선,동작,1672,1314,2986
202110,9호선,흑석,7394,7764,15158
202110,9호선,노들,4249,3619,7868
202110,9호선,노량진,24652,23522,48174
202110,9호선,샛강,5420,5678,11098
202110,9호선,여의도,24654,23904,48558
202110,9호선,국회의사당,15003,15936,30939
202110,9호선,당산,17182,17314,34496
202110,9호선,선유도,8395,8183,16578
202110,9호선,신목동,3957,3475,7432
202110,9호선,염창,16477,16047,32524
202110,9호선,등촌,10940,10722,21662
202110,9호선,증미,7211,7238,14449
202110,9호선,가양,19520,19073,38593
202110,9호선,양천향교,9291,9532,18823
202110,9호선,마곡나루,11037,11167,22204
202110,9호선,신방화,6725,6603,13328
202110,9호선,공항시장,2846,3075,5921
202110,9호선,김포공항,6518,9855,16373
202110,9호선,개화,2739,1797,4536
202110,9호선,신논현,28522,28546,57068
202110,9호선,사평,3322,3228,6550
202110,9호선,고속터미널,11050,13749,24799
202110,9호선,신반포,3148,3124,6272
202110,9호선,구반포,2006,2041,4047
202110,9호선,동작,1728,1332,3060
202110,9호선,흑석,7440,7774,15214
202110,9호선,노들,4256,3663,7919
202110,9호선,노량진,24775,23855,48630
202110,9호선,샛강,5481,5855,11336
202110,9호선,여의도,24806,24010,48816
202110,9호선,국회의사당,14611,15615,30226
202110,9호선,당산,16981,17150,34131
202110,9호선,선유도,8415,8014,16429
202110,9호선,신목동,3878,3524,7402
202110,9호선,염창,16352,15987,32339
202110,9호선,등촌,11170,10878,22048
202110,9호선,증미,7293,7204,14497
202110,9호선,가양,19792,19316,39108
202110,9호선,양천향교,9310,9405,18715
202110,9호선,마곡나루,11255,11125,22380
202110,9호선,신방화,6696,6496,13192
202110,9호선,공항시장,2831,3024,5855
202110,9호선,김포공항,6451,11141,17592
202110,9호선,개화,2726,1879,4605
202110,9호선,신논현,31525,31094,62619
202110,9호선,사평,3539,3409,6948
202110,9호선,고속터미널,12592,17559,30151
202110,9호선,신반포,3327,3252,6579
202110,9호선,구반포,2126,2197,4323
202110,9호선,동작,1738,1355,3093
202110,9호선,흑석,7836,7990,15826
202110,9호선,노들,4423,3742,8165
202110,9호선,노량진,25462,24364,49826
202110,9호선,샛강,5691,5772,11463
202110,9호선,여의도,25843,23802,49645
202110,9호선,국회의사당,15293,15186,30479
202110,9호선,당산,17742,17735,35477
202110,9호선,선유도,8523,8089,16612
202110,9호선,신목동,3905,3449,7354
202110,9호선,염창,16484,15998,32482
202110,9호선,등촌,11317,11054,22371
202110,9호선,증미,7461,7364,14825
202110,9호선,가양,20107,19472,39579
202110,9호선,양천향교,9496,9610,19106
202110,9호선,마곡나루,11655,11420,23075
202110,9호선,신방화,6924,6740,13664
202110,9호선,공항시장,2938,3128,6066
202110,9호선,김포공항,7958,13868,21826
202110,9호선,개화,2650,1861,4511
202110,9호선,개화,1326,1179,2505
202110,9호선,김포공항,7830,11701,19531
202110,9호선,공항시장,2015,2209,4224
202110,9호선,신방화,3834,3848,7682
202110,9호선,마곡나루,6243,6433,12676
202110,9호선,양천향교,4755,4979,9734
202110,9호선,가양,11009,10963,21972
202110,9호선,증미,3476,3572,7048
202110,9호선,등촌,6103,6347,12450
202110,9호선,염창,9012,9088,18100
202110,9호선,신목동,1914,1752,3666
202110,9호선,선유도,3492,3490,6982
202110,9호선,당산,9259,9289,18548
202110,9호선,국회의사당,3561,3710,7271
202110,9호선,여의도,8883,8194,17077
202110,9호선,샛강,2151,2125,4276
202110,9호선,노량진,16719,17289,34008
202110,9호선,노들,2787,2436,5223
202110,9호선,흑석,4442,4611,9053
202110,9호선,동작,1211,980,2191
202110,9호선,구반포,1087,1162,2249
202110,9호선,신반포,1712,1770,3482
202110,9호선,고속터미널,10766,13263,24029
202110,9호선,사평,1722,1772,3494
202110,9호선,신논현,17993,17830,35823
202110,9호선,개화,2853,1928,4781
202110,9호선,김포공항,7170,9701,16871
202110,9호선,공항시장,2911,3163,6074
202110,9호선,신방화,6730,6623,13353
202110,9호선,마곡나루,11246,11203,22449
202110,9호선,양천향교,9555,9678,19233
202110,9호선,가양,20224,19679,39903
202110,9호선,증미,7228,7391,14619
202110,9호선,등촌,11405,11285,22690
202110,9호선,염창,16844,16317,33161
202110,9호선,신목동,3994,3697,7691
202110,9호선,선유도,8672,8317,16989
202110,9호선,당산,17130,17459,34589
202110,9호선,국회의사당,15171,15912,31083
202110,9호선,여의도,25302,24526,49828
202110,9호선,샛강,5665,5922,11587
202110,9호선,노량진,24506,23978,48484
202110,9호선,노들,4349,3670,8019
202110,9호선,흑석,7555,7988,15543
202110,9호선,동작,1781,1404,3185
202110,9호선,구반포,2001,2054,4055
202110,9호선,신반포,3275,3242,6517
202110,9호선,고속터미널,11133,13491,24624
202110,9호선,사평,3288,3356,6644
202110,9호선,신논현,29029,28788,57817
202110,9호선,신논현,29559,29215,58774
202110,9호선,사평,3440,3433,6873
202110,9호선,고속터미널,11419,14360,25779
202110,9호선,신반포,3399,3277,6676
202110,9호선,구반포,2069,2081,4150
202110,9호선,동작,1811,1454,3265
202110,9호선,흑석,7784,8011,15795
202110,9호선,노들,4545,3975,8520
202110,9호선,노량진,25113,24185,49298
202110,9호선,샛강,5741,5940,11681
202110,9호선,여의도,25478,24891,50369
202110,9호선,국회의사당,15296,16045,31341
202110,9호선,당산,17301,17600,34901
202110,9호선,선유도,8652,8371,17023
202110,9호선,신목동,4039,3619,7658
202110,9호선,염창,16928,16420,33348
202110,9호선,등촌,11421,11244,22665
202110,9호선,증미,7253,7206,14459
202110,9호선,가양,20490,20042,40532
202110,9호선,양천향교,9481,9630,19111
202110,9호선,마곡나루,11478,11496,22974
202110,9호선,신방화,6945,6735,13680
202110,9호선,공항시장,2856,3080,5936
202110,9호선,김포공항,7074,10402,17476
202110,9호선,개화,2737,1952,4689
202110,9호선,신논현,28958,28796,57754
202110,9호선,사평,3445,3355,6800
202110,9호선,고속터미널,11486,14134,25620
202110,9호선,신반포,3306,3270,6576
202110,9호선,구반포,2033,2050,4083
202110,9호선,동작,1738,1414,3152
202110,9호선,흑석,7468,7878,15346
202110,9호선,노들,4550,3775,8325
202110,9호선,노량진,25050,24296,49346
202110,9호선,샛강,5612,5961,11573
202110,9호선,여의도,25169,24725,49894
202110,9호선,국회의사당,14973,15547,30520
202110,9호선,당산,17333,17436,34769
202110,9호선,선유도,8443,8136,16579
202110,9호선,신목동,4050,3487,7537
202110,9호선,염창,16690,16413,33103
202110,9호선,등촌,11314,10960,22274
202110,9호선,증미,7189,7142,14331
202110,9호선,가양,20413,20020,40433
202110,9호선,양천향교,9494,9696,19190
202110,9호선,마곡나루,11312,11378,22690
202110,9호선,신방화,6711,6617,13328
202110,9호선,공항시장,2936,3121,6057
202110,9호선,김포공항,6818,10857,17675
202110,9호선,개화,2762,1947,4709
202110,9호선,개화,2744,1930,4674
202110,9호선,김포공항,8088,12850,20938
202110,9호선,공항시장,2998,3197,6195
202110,9호선,신방화,6972,6689,13661
202110,9호선,마곡나루,11451,11439,22890
202110,9호선,양천향교,9616,9640,19256
202110,9호선,가양,20605,20006,40611
202110,9호선,증미,7260,7174,14434
202110,9호선,등촌,11464,11065,22529
202110,9호선,염창,16864,16375,33239
202110,9호선,신목동,4062,3669,7731
202110,9호선,선유도,8290,7932,16222
202110,9호선,당산,17738,17810,35548
202110,9호선,국회의사당,14761,15205,29966
202110,9호선,여의도,25483,24216,49699
202110,9호선,샛강,5537,5865,11402
202110,9호선,노량진,26030,24804,50834
202110,9호선,노들,4554,3821,8375
202110,9호선,흑석,7647,7941,15588
202110,9호선,동작,1796,1375,3171
202110,9호선,구반포,2048,2146,4194
202110,9호선,신반포,3472,3346,6818
202110,9호선,고속터미널,12663,16454,29117
202110,9호선,사평,3620,3515,7135
202110,9호선,신논현,31117,31098,62215
202110,9호선,개화,2723,1904,4627
202110,9호선,김포공항,6827,9874,16701
202110,9호선,공항시장,2898,3200,6098
202110,9호선,신방화,6650,6555,13205
202110,9호선,마곡나루,11112,10976,22088
202110,9호선,양천향교,9378,9636,19014
202110,9호선,가양,19982,19442,39424
202110,9호선,증미,7229,7254,14483
202110,9호선,등촌,11111,11092,22203
202110,9호선,염창,16517,16139,32656
202110,9호선,신목동,3853,3590,7443
202110,9호선,선유도,8391,8196,16587
202110,9호선,당산,16661,17037,33698
202110,9호선,국회의사당,14980,15414,30394
202110,9호선,여의도,24463,23529,47992
202110,9호선,샛강,5610,5822,11432
202110,9호선,노량진,24452,23610,48062
202110,9호선,노들,4236,3680,7916
202110,9호선,흑석,7352,7909,15261
202110,9호선,동작,1831,1386,3217
202110,9호선,구반포,1935,2056,3991
202110,9호선,신반포,3163,3068,6231
202110,9호선,고속터미널,10625,12906,23531
202110,9호선,사평,3364,3414,6778
202110,9호선,신논현,28532,27696,56228
202110,9호선,개화,2664,1855,4519
202110,9호선,김포공항,7002,9909,16911
202110,9호선,공항시장,2967,3160,6127
202110,9호선,신방화,6603,6519,13122
202110,9호선,마곡나루,11392,11295,22687
202110,9호선,양천향교,9530,9846,19376
202110,9호선,가양,20061,19622,39683
202110,9호선,증미,7203,7239,14442
202110,9호선,등촌,11298,11101,22399
202110,9호선,염창,16612,16384,32996
202110,9호선,신목동,3991,3597,7588
202110,9호선,선유도,8413,8020,16433
202110,9호선,당산,16975,17062,34037
202110,9호선,국회의사당,15061,15647,30708
202110,9호선,여의도,25466,24567,50033
202110,9호선,샛강,5652,6028,11680
202110,9호선,노량진,24593,23922,48515
202110,9호선,노들,4264,3641,7905
202110,9호선,흑석,7441,7872,15313
202110,9호선,동작,1763,1408,3171
202110,9호선,구반포,2101,2170,4271
202110,9호선,신반포,3167,3083,6250
202110,9호선,고속터미널,11083,13593,24676
202110,9호선,사평,3385,3400,6785
202110,9호선,신논현,28747,28392,57139
202110,9호선,개화,2796,1890,4686
202110,9호선,김포공항,7280,11204,18484
202110,9호선,공항시장,2922,3151,6073
202110,9호선,신방화,6836,6608,13444
202110,9호선,마곡나루,11653,11731,23384
202110,9호선,양천향교,9632,9875,19507
202110,9호선,가양,20564,20060,40624
202110,9호선,증미,7210,7229,14439
202110,9호선,등촌,11355,11288,22643
202110,9호선,염창,16873,16564,33437
202110,9호선,신목동,4107,3700,7807
202110,9호선,선유도,8507,8216,16723
202110,9호선,당산,17713,17892,35605
202110,9호선,국회의사당,15865,16338,32203
202110,9호선,여의도,25955,25205,51160
202110,9호선,샛강,5809,6011,11820
202110,9호선,노량진,25151,24434,49585
202110,9호선,노들,4335,3734,8069
202110,9호선,흑석,7506,7876,15382
202110,9호선,동작,1812,1399,3211
202110,9호선,구반포,2019,2115,4134
202110,9호선,신반포,3162,3174,6336
202110,9호선,고속터미널,11498,14271,25769
202110,9호선,사평,3389,3371,6760
202110,9호선,신논현,29062,28700,57762
202110,9호선,개화,2712,1906,4618
202110,9호선,김포공항,7335,11372,18707
202110,9호선,공항시장,2960,3221,6181
202110,9호선,신방화,6852,6620,13472
202110,9호선,마곡나루,11447,11477,22924
202110,9호선,양천향교,9341,9581,18922
202110,9호선,가양,20184,19690,39874
202110,9호선,증미,7332,7177,14509
202110,9호선,등촌,11114,10941,22055
202110,9호선,염창,16853,16412,33265
202110,9호선,신목동,4053,3667,7720
202110,9호선,선유도,8397,8125,16522
202110,9호선,당산,17554,17839,35393
202110,9호선,국회의사당,15237,15830,31067
202110,9호선,여의도,25620,24760,50380
202110,9호선,샛강,5776,6081,11857
202110,9호선,노량진,25386,24335,49721
202110,9호선,노들,4348,3733,8081
202110,9호선,흑석,7439,7746,15185
202110,9호선,동작,1837,1442,3279
202110,9호선,구반포,1932,2005,3937
202110,9호선,신반포,3375,3253,6628
202110,9호선,고속터미널,11412,14235,25647
202110,9호선,사평,3356,3384,6740
202110,9호선,신논현,29416,28907,58323
202110,9호선,신논현,31883,31841,63724
202110,9호선,사평,3593,3469,7062
202110,9호선,고속터미널,12875,17143,30018
202110,9호선,신반포,3516,3318,6834
202110,9호선,구반포,2094,2168,4262
202110,9호선,동작,1834,1455,3289
202110,9호선,흑석,7872,8135,16007
202110,9호선,노들,4512,3786,8298
202110,9호선,노량진,26614,25283,51897
202110,9호선,샛강,5697,5923,11620
202110,9호선,여의도,26114,24610,50724
202110,9호선,국회의사당,14969,15144,30113
202110,9호선,당산,18106,18142,36248
202110,9호선,선유도,8418,7931,16349
202110,9호선,신목동,4125,3692,7817
202110,9호선,염창,17255,16528,33783
202110,9호선,등촌,11453,11277,22730
202110,9호선,증미,7387,7219,14606
202110,9호선,가양,21094,20300,41394
202110,9호선,양천향교,9536,9448,18984
202110,9호선,마곡나루,11660,11622,23282
202110,9호선,신방화,6977,6712,13689
202110,9호선,공항시장,3033,3284,6317
202110,9호선,김포공항,8305,13358,21663
202110,9호선,개화,2801,1959,4760
202110,9호선,개화,2907,2023,4930
202110,9호선,김포공항,7081,10862,17943
202110,9호선,공항시장,2932,3188,6120
202110,9호선,신방화,6944,6754,13698
202110,9호선,마곡나루,11321,11359,22680
202110,9호선,양천향교,9569,9729,19298
202110,9호선,가양,20610,20062,40672
202110,9호선,증미,7305,7365,14670
202110,9호선,등촌,11351,11315,22666
202110,9호선,염창,17038,16697,33735
202110,9호선,신목동,3984,3666,7650
202110,9호선,선유도,8574,8263,16837
202110,9호선,당산,17313,17766,35079
202110,9호선,국회의사당,15112,15692,30804
202110,9호선,여의도,26143,25142,51285
202110,9호선,샛강,5685,6101,11786
202110,9호선,노량진,25245,24684,49929
202110,9호선,노들,4465,3773,8238
202110,9호선,흑석,7699,8078,15777
202110,9호선,동작,1798,1457,3255
202110,9호선,구반포,1921,1998,3919
202110,9호선,신반포,3263,3151,6414
202110,9호선,고속터미널,11542,13957,25499
202110,9호선,사평,3331,3331,6662
202110,9호선,신논현,29256,28685,57941
202110,9호선,신논현,30400,30056,60456
202110,9호선,사평,3521,3490,7011
202110,9호선,고속터미널,11562,14331,25893
202110,9호선,신반포,3270,3262,6532
202110,9호선,구반포,1970,2000,3970
202110,9호선,동작,2404,2124,4528
202110,9호선,흑석,8001,8366,16367
202110,9호선,노들,4538,3848,8386
202110,9호선,노량진,25665,24887,50552
202110,9호선,샛강,5898,6074,11972
202110,9호선,여의도,26352,25454,51806
202110,9호선,국회의사당,15551,16236,31787
202110,9호선,당산,17800,17972,35772
202110,9호선,선유도,8784,8461,17245
202110,9호선,신목동,4182,3686,7868
202110,9호선,염창,17244,16847,34091
202110,9호선,등촌,11662,11384,23046
202110,9호선,증미,7449,7458,14907
202110,9호선,가양,20774,20224,40998
202110,9호선,양천향교,9788,9878,19666
202110,9호선,마곡나루,11704,11749,23453
202110,9호선,신방화,6864,6762,13626
202110,9호선,공항시장,3047,3286,6333
202110,9호선,김포공항,7112,10454,17566
202110,9호선,개화,2808,1896,4704
202110,9호선,신논현,30726,30378,61104
202110,9호선,사평,3488,3455,6943
202110,9호선,고속터미널,12094,14863,26957
202110,9호선,신반포,3323,3252,6575
202110,9호선,구반포,2060,2060,4120
202110,9호선,동작,1823,1476,3299
202110,9호선,흑석,7913,8297,16210
202110,9호선,노들,4597,3924,8521
202110,9호선,노량진,26522,25423,51945
202110,9호선,샛강,5970,6102,12072
202110,9호선,여의도,27180,26040,53220
202110,9호선,국회의사당,15919,16445,32364
202110,9호선,당산,17804,17806,35610
202110,9호선,선유도,8726,8440,17166
202110,9호선,신목동,4146,3696,7842
202110,9호선,염창,17444,17083,34527
202110,9호선,등촌,11585,11492,23077
202110,9호선,증미,7432,7341,14773
202110,9호선,가양,21097,20485,41582
202110,9호선,양천향교,9816,10044,19860
202110,9호선,마곡나루,11965,11920,23885
202110,9호선,신방화,6888,6672,13560
202110,9호선,공항시장,3012,3260,6272
202110,9호선,김포공항,7079,11053,18132
202110,9호선,개화,2847,1877,4724
202110,9호선,신논현,30652,30159,60811
202110,9호선,사평,3408,3440,6848
202110,9호선,고속터미널,12046,14975,27021
202110,9호선,신반포,3247,3260,6507
202110,9호선,구반포,1994,2065,4059
202110,9호선,동작,1895,1535,3430
202110,9호선,흑석,8101,8386,16487
202110,9호선,노들,4488,3765,8253
202110,9호선,노량진,26139,25253,51392
202110,9호선,샛강,5973,6054,12027
202110,9호선,여의도,26533,25609,52142
202110,9호선,국회의사당,15594,16111,31705
202110,9호선,당산,18077,18152,36229
202110,9호선,선유도,8791,8406,17197
202110,9호선,신목동,4305,3795,8100
202110,9호선,염창,17389,17072,34461
202110,9호선,등촌,11505,11248,22753
202110,9호선,증미,7279,7206,14485
202110,9호선,가양,20947,20472,41419
202110,9호선,양천향교,9737,9982,19719
202110,9호선,마곡나루,12041,11959,24000
202110,9호선,신방화,6983,6825,13808
202110,9호선,공항시장,3031,3312,6343
202110,9호선,김포공항,7339,11749,19088
202110,9호선,개화,2730,1882,4612
202110,9호선,신논현,33461,33276,66737
202110,9호선,사평,3665,3449,7114
202110,9호선,고속터미널,13432,18319,31751
202110,9호선,신반포,3409,3389,6798
202110,9호선,구반포,2066,2078,4144
202110,9호선,동작,1919,1567,3486
202110,9호선,흑석,8317,8444,16761
202110,9호선,노들,4749,3816,8565
202110,9호선,노량진,27163,26022,53185
202110,9호선,샛강,5819,5976,11795
202110,9호선,여의도,26531,25132,51663
202110,9호선,국회의사당,15222,15613,30835
202110,9호선,당산,18335,18382,36717
202110,9호선,선유도,8627,8209,16836
202110,9호선,신목동,4156,3718,7874
202110,9호선,염창,17499,16760,34259
202110,9호선,등촌,11718,11394,23112
202110,9호선,증미,7398,7366,14764
202110,9호선,가양,21057,20239,41296
202110,9호선,양천향교,9963,9939,19902
202110,9호선,마곡나루,11898,11828,23726
202110,9호선,신방화,6958,6751,13709
202110,9호선,공항시장,3108,3288,6396
202110,9호선,김포공항,8498,13789,22287
202110,9호선,개화,2706,1823,4529
202111,9호선,신논현,29831,29637,59468
202111,9호선,사평,3447,3437,6884
202111,9호선,고속터미널,11341,13895,25236
202111,9호선,신반포,3229,3174,6403
202111,9호선,구반포,2013,2037,4050
202111,9호선,동작,1847,1474,3321
202111,9호선,흑석,7841,8175,16016
202111,9호선,노들,4393,3731,8124
202111,9호선,노량진,25597,24866,50463
202111,9호선,샛강,5602,5978,11580
202111,9호선,여의도,26772,26173,52945
202111,9호선,국회의사당,15935,16579,32514
202111,9호선,당산,17510,17982,35492
202111,9호선,선유도,8909,8523,17432
202111,9호선,신목동,4108,3743,7851
202111,9호선,염창,17219,16685,33904
202111,9호선,등촌,11566,11244,22810
202111,9호선,증미,7442,7419,14861
202111,9호선,가양,20551,20076,40627
202111,9호선,양천향교,9608,9873,19481
202111,9호선,마곡나루,11596,11503,23099
202111,9호선,신방화,6953,6733,13686
202111,9호선,공항시장,2948,3198,6146
202111,9호선,김포공항,7168,10786,17954
202111,9호선,개화,2751,1899,4650
202111,9호선,개화,2830,1950,4780
202111,9호선,김포공항,7011,10742,17753
202111,9호선,공항시장,2981,3186,6167
202111,9호선,신방화,7055,6754,13809
202111,9호선,마곡나루,11730,11815,23545
202111,9호선,양천향교,9886,10045,19931
202111,9호선,가양,20841,20300,41141
202111,9호선,증미,7579,7455,15034
202111,9호선,등촌,11736,11336,23072
202111,9호선,염창,17440,16899,34339
202111,9호선,신목동,4305,3818,8123
202111,9호선,선유도,9124,8687,17811
202111,9호선,당산,17765,18039,35804
202111,9호선,국회의사당,16143,16916,33059
202111,9호선,여의도,27207,26592,53799
202111,9호선,샛강,5957,6224,12181
202111,9호선,노량진,25658,24799,50457
202111,9호선,노들,4620,3802,8422
202111,9호선,흑석,7996,8373,16369
202111,9호선,동작,1977,1620,3597
202111,9호선,구반포,1867,1982,3849
202111,9호선,신반포,3350,3214,6564
202111,9호선,고속터미널,11167,13906,25073
202111,9호선,사평,3587,3467,7054
202111,9호선,신논현,30576,30607,61183
202111,9호선,신논현,30925,30807,61732
202111,9호선,사평,3612,3509,7121
202111,9호선,고속터미널,11990,14403,26393
202111,9호선,신반포,3401,3351,6752
202111,9호선,구반포,2060,2085,4145
202111,9호선,동작,1972,1625,3597
202111,9호선,흑석,8073,8340,16413
202111,9호선,노들,4670,3880,8550
202111,9호선,노량진,26717,25748,52465
202111,9호선,샛강,6024,6348,12372
202111,9호선,여의도,27880,26904,54784
202111,9호선,국회의사당,17046,17544,34590
202111,9호선,당산,18181,18422,36603
202111,9호선,선유도,9090,8692,17782
202111,9호선,신목동,4239,3724,7963
202111,9호선,염창,17685,17198,34883
202111,9호선,등촌,11792,11497,23289
202111,9호선,증미,7428,7249,14677
202111,9호선,가양,21020,20346,41366
202111,9호선,양천향교,9922,10088,20010
202111,9호선,마곡나루,12104,12179,24283
202111,9호선,신방화,7075,6712,13787
202111,9호선,공항시장,2984,3248,6232
202111,9호선,김포공항,6808,11718,18526
202111,9호선,개화,2805,1917,4722
202111,9호선,신논현,31171,31211,62382
202111,9호선,사평,3501,3435,6936
202111,9호선,고속터미널,12028,14972,27000
202111,9호선,신반포,3548,3378,6926
202111,9호선,구반포,1880,1999,3879
202111,9호선,동작,1902,1562,3464
202111,9호선,흑석,7728,8083,15811
202111,9호선,노들,4479,3782,8261
202111,9호선,노량진,26409,25584,51993
202111,9호선,샛강,5850,6272,12122
202111,9호선,여의도,27699,27057,54756
202111,9호선,국회의사당,15998,16897,32895
202111,9호선,당산,18383,18288,36671
202111,9호선,선유도,8874,8416,17290
202111,9호선,신목동,4220,3700,7920
202111,9호선,염창,17639,17152,34791
202111,9호선,등촌,11691,11294,22985
202111,9호선,증미,7447,7161,14608
202111,9호선,가양,20778,20227,41005
202111,9호선,양천향교,9929,10031,19960
202111,9호선,마곡나루,12046,11994,24040
202111,9호선,신방화,7099,6684,13783
202111,9호선,공항시장,3066,3243,6309
202111,9호선,김포공항,7300,12090,19390
202111,9호선,개화,2768,1908,4676
202111,9호선,신논현,33637,34941,68578
202111,9호선,사평,3700,3526,7226
202111,9호선,고속터미널,13558,18338,31896
202111,9호선,신반포,3564,3485,7049
202111,9호선,구반포,2032,2076,4108
202111,9호선,동작,2030,1647,3677
202111,9호선,흑석,8364,8553,16917
202111,9호선,노들,4818,3798,8616
202111,9호선,노량진,27817,26774,54591
202111,9호선,샛강,5789,6106,11895
202111,9호선,여의도,28309,26484,54793
202111,9호선,국회의사당,16150,16500,32650
202111,9호선,당산,19063,18628,37691
202111,9호선,선유도,8701,8161,16862
202111,9호선,신목동,4303,3704,8007
202111,9호선,염창,18252,17056,35308
202111,9호선,등촌,11896,11414,23310
202111,9호선,증미,7458,7210,14668
202111,9호선,가양,21392,20251,41643
202111,9호선,양천향교,10192,9964,20156
202111,9호선,마곡나루,12471,12467,24938
202111,9호선,신방화,7289,6894,14183
202111,9호선,공항시장,3127,3376,6503
202111,9호선,김포공항,8559,13599,22158
202111,9호선,개화,2833,1932,4765
202111,9호선,개화,2620,1711,4331
202111,9호선,김포공항,6788,10278,17066
202111,9호선,공항시장,2878,3168,6046
202111,9호선,신방화,6830,6734,13564
202111,9호선,마곡나루,10786,10790,21576
202111,9호선,양천향교,9619,9820,19439
202111,9호선,가양,19710,19224,38934
202111,9호선,증미,7244,7254,14498
202111,9호선,등촌,11265,11115,22380
202111,9호선,염창,16369,16011,32380
202111,9호선,신목동,3952,3573,7525
202111,9호선,선유도,8913,8682,17595
202111,9호선,당산,16936,17269,34205
202111,9호선,국회의사당,16881,17464,34345
202111,9호선,여의도,26505,25230,51735
202111,9호선,샛강,5642,5945,11587
202111,9호선,노량진,25025,24197,49222
202111,9호선,노들,4229,3645,7874
202111,9호선,흑석,7269,7811,15080
202111,9호선,동작,1659,1270,2929
202111,9호선,구반포,1852,1944,3796
202111,9호선,신반포,3196,3052,6248
202111,9호선,고속터미널,10720,13653,24373
202111,9호선,사평,3460,3488,6948
202111,9호선,신논현,28825,28546,57371
202111,9호선,개화,2669,1750,4419
202111,9호선,김포공항,7118,10560,17678
202111,9호선,공항시장,2940,3206,6146
202111,9호선,신방화,6993,6742,13735
202111,9호선,마곡나루,11579,11641,23220
202111,9호선,양천향교,9998,10057,20055
202111,9호선,가양,20454,19777,40231
202111,9호선,증미,7350,7455,14805
202111,9호선,등촌,11644,11401,23045
202111,9호선,염창,17163,16686,33849
202111,9호선,신목동,4046,3525,7571
202111,9호선,선유도,8827,8484,17311
202111,9호선,당산,17939,18014,35953
202111,9호선,국회의사당,16832,17478,34310
202111,9호선,여의도,27444,26365,53809
202111,9호선,샛강,5870,6347,12217
202111,9호선,노량진,25625,25124,50749
202111,9호선,노들,4396,3784,8180
202111,9호선,흑석,7808,8215,16023
202111,9호선,동작,1810,1434,3244
202111,9호선,구반포,1792,1880,3672
202111,9호선,신반포,3161,3148,6309
202111,9호선,고속터미널,11111,13888,24999
202111,9호선,사평,3504,3502,7006
202111,9호선,신논현,30026,30545,60571
202111,9호선,개화,2837,1859,4696
202111,9호선,김포공항,7346,11547,18893
202111,9호선,공항시장,3006,3320,6326
202111,9호선,신방화,7284,6945,14229
202111,9호선,마곡나루,12183,11981,24164
202111,9호선,양천향교,10123,10378,20501
202111,9호선,가양,21355,20934,42289
202111,9호선,증미,7514,7465,14979
202111,9호선,등촌,11986,11706,23692
202111,9호선,염창,17749,17319,35068
202111,9호선,신목동,4242,3728,7970
202111,9호선,선유도,9103,8840,17943
202111,9호선,당산,18760,18954,37714
202111,9호선,국회의사당,17593,17949,35542
202111,9호선,여의도,28612,27152,55764
202111,9호선,샛강,6093,6429,12522
202111,9호선,노량진,27400,26341,53741
202111,9호선,노들,4679,3952,8631
202111,9호선,흑석,7967,8338,16305
202111,9호선,동작,1884,1496,3380
202111,9호선,구반포,1920,2047,3967
202111,9호선,신반포,3468,3366,6834
202111,9호선,고속터미널,12090,15052,27142
202111,9호선,사평,3696,3591,7287
202111,9호선,신논현,31191,31437,62628
202111,9호선,개화,2739,1894,4633
202111,9호선,김포공항,7577,12268,19845
202111,9호선,공항시장,3029,3328,6357
202111,9호선,신방화,7158,6651,13809
202111,9호선,마곡나루,12284,12223,24507
202111,9호선,양천향교,10091,10285,20376
202111,9호선,가양,21057,20362,41419
202111,9호선,증미,7521,7405,14926
202111,9호선,등촌,11806,11576,23382
202111,9호선,염창,17723,17008,34731
202111,9호선,신목동,4267,3693,7960
202111,9호선,선유도,8864,8364,17228
202111,9호선,당산,18822,18762,37584
202111,9호선,국회의사당,16465,17107,33572
202111,9호선,여의도,28442,27364,55806
202111,9호선,샛강,6069,6395,12464
202111,9호선,노량진,27280,26374,53654
202111,9호선,노들,4584,3885,8469
202111,9호선,흑석,7981,8286,16267
202111,9호선,동작,1858,1508,3366
202111,9호선,구반포,1909,1920,3829
202111,9호선,신반포,3335,3324,6659
202111,9호선,고속터미널,12142,15789,27931
202111,9호선,사평,3625,3455,7080
202111,9호선,신논현,32027,32186,64213
202111,9호선,개화,2722,1904,4626
202111,9호선,김포공항,8845,13878,22723
202111,9호선,공항시장,3163,3293,6456
202111,9호선,신방화,7187,6811,13998
202111,9호선,마곡나루,12406,12280,24686
202111,9호선,양천향교,10018,9713,19731
202111,9호선,가양,21214,20127,41341
202111,9호선,증미,7681,7340,15021
202111,9호선,등촌,12082,11517,23599
202111,9호선,염창,17917,16973,34890
202111,9호선,신목동,4216,3662,7878
202111,9호선,선유도,8738,8251,16989
202111,9호선,당산,19199,19028,38227
202111,9호선,국회의사당,17127,17096,34223
202111,9호선,여의도,28801,26716,55517
202111,9호선,샛강,6058,6296,12354
202111,9호선,노량진,28323,27491,55814
202111,9호선,노들,4714,3922,8636
202111,9호선,흑석,8458,8796,17254
202111,9호선,동작,1982,1609,3591
202111,9호선,구반포,1878,2007,3885
202111,9호선,신반포,3509,3412,6921
202111,9호선,고속터미널,13580,19298,32878
202111,9호선,사평,3698,3380,7078
202111,9호선,신논현,34148,35948,70096
202111,9호선,개화,2775,1880,4655
202111,9호선,김포공항,7791,11730,19521
202111,9호선,공항시장,2921,3124,6045
202111,9호선,신방화,6814,6683,13497
202111,9호선,마곡나루,11549,11645,23194
202111,9호선,양천향교,9873,9871,19744
202111,9호선,가양,20570,20178,40748
202111,9호선,증미,7374,7292,14666
202111,9호선,등촌,11601,11524,23125
202111,9호선,염창,17517,16740,34257
202111,9호선,신목동,4123,3646,7769
202111,9호선,선유도,8558,8298,16856
202111,9호선,당산,17696,18050,35746
202111,9호선,국회의사당,16021,16769,32790
202111,9호선,여의도,26265,25587,51852
202111,9호선,샛강,5963,6284,12247
202111,9호선,노량진,26105,25652,51757
202111,9호선,노들,4406,3744,8150
202111,9호선,흑석,7967,8484,16451
202111,9호선,동작,1854,1458,3312
202111,9호선,구반포,1869,2003,3872
202111,9호선,신반포,3255,3147,6402
202111,9호선,고속터미널,11646,14350,25996
202111,9호선,사평,3402,3325,6727
202111,9호선,신논현,30547,30708,61255
202111,9호선,개화,2740,1904,4644
202111,9호선,김포공항,7218,11152,18370
202111,9호선,공항시장,3009,3197,6206
202111,9호선,신방화,7009,6775,13784
202111,9호선,마곡나루,11960,11926,23886
202111,9호선,양천향교,9961,10138,20099
202111,9호선,가양,20868,20099,40967
202111,9호선,증미,7524,7519,15043
202111,9호선,등촌,12087,11761,23848
202111,9호선,염창,17487,17080,34567
202111,9호선,신목동,4174,3717,7891
202111,9호선,선유도,8951,8606,17557
202111,9호선,당산,18316,18435,36751
202111,9호선,국회의사당,16589,17311,33900
202111,9호선,여의도,28341,27104,55445
202111,9호선,샛강,5979,6490,12469
202111,9호선,노량진,26443,25828,52271
202111,9호선,노들,4591,3914,8505
202111,9호선,흑석,8172,8555,16727
202111,9호선,동작,1906,1538,3444
202111,9호선,구반포,1884,1935,3819
202111,9호선,신반포,3270,3192,6462
202111,9호선,고속터미널,11833,14765,26598
202111,9호선,사평,3545,3356,6901
202111,9호선,신논현,31180,31371,62551
202111,9호선,개화,2754,1869,4623
202111,9호선,김포공항,7023,11912,18935
202111,9호선,공항시장,3062,3244,6306
202111,9호선,신방화,7240,6966,14206
202111,9호선,마곡나루,12235,12072,24307
202111,9호선,양천향교,9949,10125,20074
202111,9호선,가양,21173,20562,41735
202111,9호선,증미,7587,7365,14952
202111,9호선,등촌,12066,11712,23778
202111,9호선,염창,17842,17282,35124
202111,9호선,신목동,4264,3759,8023
202111,9호선,선유도,9047,8589,17636
202111,9호선,당산,18594,18689,37283
202111,9호선,국회의사당,18479,18330,36809
202111,9호선,여의도,28881,27641,56522
202111,9호선,샛강,6127,6442,12569
202111,9호선,노량진,27086,26329,53415
202111,9호선,노들,4735,3862,8597
202111,9호선,흑석,8241,8580,16821
202111,9호선,동작,2026,1729,3755
202111,9호선,구반포,1930,1952,3882
202111,9호선,신반포,3358,3305,6663
202111,9호선,고속터미널,12180,14967,27147
202111,9호선,사평,3704,3592,7296
202111,9호선,신논현,31589,31554,63143
202111,9호선,신논현,30983,31670,62653
202111,9호선,사평,3831,3532,7363
202111,9호선,고속터미널,12004,15375,27379
202111,9호선,신반포,3356,3261,6617
202111,9호선,구반포,1892,1981,3873
202111,9호선,동작,1870,1573,3443
202111,9호선,흑석,7944,8203,16147
202111,9호선,노들,4482,3718,8200
202111,9호선,노량진,25803,25155,50958
202111,9호선,샛강,5870,6213,12083
202111,9호선,여의도,27880,27122,55002
202111,9호선,국회의사당,16477,17325,33802
202111,9호선,당산,18033,18220,36253
202111,9호선,선유도,8716,8146,16862
202111,9호선,신목동,4178,3694,7872
202111,9호선,염창,17439,16844,34283
202111,9호선,등촌,11854,11383,23237
202111,9호선,증미,7322,7115,14437
202111,9호선,가양,20720,20016,40736
202111,9호선,양천향교,9755,9960,19715
202111,9호선,마곡나루,11944,11904,23848
202111,9호선,신방화,7051,6625,13676
202111,9호선,공항시장,2940,3147,6087
202111,9호선,김포공항,7346,12008,19354
202111,9호선,개화,2643,1782,4425
202111,9호선,염창,18266,17109,35375
202111,9호선,신목동,4301,3626,7927
202111,9호선,선유도,8972,8227,17199
202111,9호선,당산,19120,18831,37951
202111,9호선,국회의사당,16388,16699,33087
202111,9호선,여의도,28852,27180,56032
202111,9호선,샛강,5795,6228,12023
202111,9호선,노량진,27954,27311,55265
202111,9호선,노들,4634,3750,8384
202111,9호선,흑석,8408,8665,17073
202111,9호선,동작,1931,1550,3481
202111,9호선,구반포,1951,1968,3919
202111,9호선,신반포,3488,3302,6790
202111,9호선,고속터미널,14141,19687,33828
202111,9호선,사평,3600,3362,6962
202111,9호선,신논현,34643,36370,71013
202111,9호선,개화,2738,1868,4606
202111,9호선,김포공항,8985,14189,23174
202111,9호선,공항시장,3101,3199,6300
202111,9호선,신방화,7045,6672,13717
202111,9호선,마곡나루,12262,12184,24446
202111,9호선,양천향교,10203,9843,20046
202111,9호선,가양,21591,20498,42089
202111,9호선,증미,7544,7200,14744
202111,9호선,등촌,12161,11670,23831
202111,9호선,개화,2670,1871,4541
202111,9호선,김포공항,7440,11190,18630
202111,9호선,공항시장,2907,3201,6108
202111,9호선,신방화,7039,6885,13924
202111,9호선,마곡나루,11407,11333,22740
202111,9호선,양천향교,9729,9957,19686
202111,9호선,가양,20494,19995,40489
202111,9호선,증미,7471,7348,14819
202111,9호선,등촌,11852,11746,23598
202111,9호선,염창,17415,16976,34391
202111,9호선,신목동,4117,3728,7845
202111,9호선,선유도,8884,8535,17419
202111,9호선,당산,17785,18081,35866
202111,9호선,국회의사당,16692,17213,33905
202111,9호선,여의도,27585,26334,53919
202111,9호선,샛강,5837,6203,12040
202111,9호선,노량진,25658,24969,50627
202111,9호선,노들,4400,3801,8201
202111,9호선,흑석,7809,8275,16084
202111,9호선,동작,1797,1398,3195
202111,9호선,구반포,1810,1865,3675
202111,9호선,신반포,3294,3160,6454
202111,9호선,고속터미널,11654,15109,26763
202111,9호선,사평,3638,3627,7265
202111,9호선,신논현,30951,31095,62046
202111,9호선,신논현,31430,31527,62957
202111,9호선,사평,3682,3593,7275
202111,9호선,고속터미널,11529,14567,26096
202111,9호선,신반포,3369,3295,6664
202111,9호선,구반포,1801,1841,3642
202111,9호선,동작,1840,1432,3272
202111,9호선,흑석,8137,8541,16678
202111,9호선,노들,4491,3759,8250
202111,9호선,노량진,26112,25477,51589
202111,9호선,샛강,5981,6497,12478
202111,9호선,여의도,28426,27216,55642
202111,9호선,국회의사당,17507,17921,35428
202111,9호선,당산,18175,18291,36466
202111,9호선,선유도,9129,8631,17760
202111,9호선,신목동,4214,3703,7917
202111,9호선,염창,17754,17164,34918
202111,9호선,등촌,11950,11771,23721
202111,9호선,증미,7474,7447,14921
202111,9호선,가양,20782,20201,40983
202111,9호선,양천향교,10028,10186,20214
202111,9호선,마곡나루,11844,11808,23652
202111,9호선,신방화,7162,6995,14157
202111,9호선,공항시장,2997,3286,6283
202111,9호선,김포공항,7390,10747,18137
202111,9호선,개화,2660,1825,4485
202111,9호선,신반포,3414,3288,6702
202111,9호선,구반포,1820,1907,3727
202111,9호선,동작,1791,1388,3179
202111,9호선,흑석,8085,8469,16554
202111,9호선,노들,4592,3799,8391
202111,9호선,노량진,25888,25006,50894
202111,9호선,샛강,6004,6407,12411
202111,9호선,여의도,28499,27546,56045
202111,9호선,국회의사당,17239,17884,35123
202111,9호선,당산,18420,18418,36838
202111,9호선,선유도,9098,8650,17748
202111,9호선,신목동,4204,3701,7905
202111,9호선,염창,17707,17206,34913
202111,9호선,등촌,11956,11603,23559
202111,9호선,증미,7475,7417,14892
202111,9호선,가양,21040,20417,41457
202111,9호선,양천향교,10019,10214,20233
202111,9호선,마곡나루,11997,11932,23929
202111,9호선,신방화,7183,6922,14105
202111,9호선,공항시장,3040,3231,6271
202111,9호선,김포공항,6912,11303,18215
202111,9호선,개화,2727,1861,4588
202111,9호선,고속터미널,11826,14686,26512
202111,9호선,사평,3610,3513,7123
202111,9호선,신논현,31441,31695,63136
202111,9호선,신논현,32485,32661,65146
202111,9호선,사평,3674,3634,7308
202111,9호선,고속터미널,12245,15296,27541
202111,9호선,신반포,3419,3325,6744
202111,9호선,구반포,1866,2039,3905
202111,9호선,동작,1957,1595,3552
202111,9호선,흑석,8075,8423,16498
202111,9호선,노들,4518,3783,8301
202111,9호선,노량진,26157,25177,51334
202111,9호선,샛강,6085,6403,12488
202111,9호선,여의도,28727,27692,56419
202111,9호선,국회의사당,17024,17817,34841
202111,9호선,당산,18617,18784,37401
202111,9호선,선유도,9026,8708,17734
202111,9호선,신목동,4369,3756,8125
202111,9호선,염창,18140,17239,35379
202111,9호선,등촌,12028,11589,23617
202111,9호선,증미,7494,7331,14825
202111,9호선,가양,21204,20481,41685
202111,9호선,양천향교,9908,10192,20100
202111,9호선,마곡나루,12143,12119,24262
202111,9호선,신방화,7079,6857,13936
202111,9호선,공항시장,3037,3294,6331
202111,9호선,김포공항,7422,11972,19394
202111,9호선,개화,2700,1911,4611
202111,9호선,개화,2711,1833,4544
202111,9호선,김포공항,8783,13814,22597
202111,9호선,공항시장,3098,3263,6361
202111,9호선,신방화,7448,6938,14386
202111,9호선,마곡나루,12358,12270,24628
202111,9호선,양천향교,10200,10037,20237
202111,9호선,가양,21409,20290,41699
202111,9호선,증미,7509,7283,14792
202111,9호선,등촌,12085,11510,23595
202111,9호선,염창,17952,17012,34964
202111,9호선,신목동,4265,3616,7881
202111,9호선,선유도,9027,8538,17565
202111,9호선,당산,19044,18862,37906
202111,9호선,국회의사당,16723,17298,34021
202111,9호선,여의도,28660,27171,55831
202111,9호선,샛강,6083,6358,12441
202111,9호선,노량진,27090,25615,52705
202111,9호선,노들,4672,3796,8468
202111,9호선,흑석,8448,8757,17205
202111,9호선,동작,1880,1439,3319
202111,9호선,구반포,2054,2187,4241
202111,9호선,신반포,3540,3442,6982
202111,9호선,고속터미널,13622,19013,32635
202111,9호선,사평,3748,3607,7355
202111,9호선,신논현,34803,36618,71421
202111,9호선,개화,2753,1845,4598
202111,9호선,김포공항,7326,11005,18331
202111,9호선,공항시장,2902,3143,6045
202111,9호선,신방화,6921,6772,13693
202111,9호선,마곡나루,11349,11382,22731
202111,9호선,양천향교,9727,9993,19720
202111,9호선,가양,20639,19859,40498
202111,9호선,증미,7534,7526,15060
202111,9호선,등촌,11746,11688,23434
202111,9호선,염창,17418,16794,34212
202111,9호선,신목동,4204,3695,7899
202111,9호선,선유도,8922,8625,17547
202111,9호선,당산,17619,18041,35660
202111,9호선,국회의사당,15825,16864,32689
202111,9호선,여의도,27608,26651,54259
202111,9호선,샛강,5836,6159,11995
202111,9호선,노량진,25461,24986,50447
202111,9호선,노들,4423,3812,8235
202111,9호선,흑석,7918,8300,16218
202111,9호선,동작,1728,1426,3154
202111,9호선,구반포,2551,2685,5236
202111,9호선,신반포,3247,3187,6434
202111,9호선,고속터미널,11897,14766,26663
202111,9호선,사평,3658,3469,7127
202111,9호선,신논현,31023,30852,61875
202111,9호선,개화,2680,1737,4417
202111,9호선,김포공항,6956,9527,16483
202111,9호선,공항시장,2915,3236,6151
202111,9호선,신방화,6902,6755,13657
202111,9호선,마곡나루,11300,11177,22477
202111,9호선,양천향교,9747,10062,19809
202111,9호선,가양,19925,19338,39263
202111,9호선,증미,7343,7442,14785
202111,9호선,등촌,11671,11342,23013
202111,9호선,염창,16964,16380,33344
202111,9호선,신목동,4119,3543,7662
202111,9호선,선유도,9040,8695,17735
202111,9호선,당산,17674,18044,35718
202111,9호선,국회의사당,16841,17715,34556
202111,9호선,여의도,27430,26580,54010
202111,9호선,샛강,5964,6364,12328
202111,9호선,노량진,24712,24036,48748
202111,9호선,노들,4292,3684,7976
202111,9호선,흑석,7477,7936,15413
202111,9호선,동작,1608,1262,2870
202111,9호선,구반포,1639,1736,3375
202111,9호선,신반포,3224,3132,6356
202111,9호선,고속터미널,10758,13532,24290
202111,9호선,사평,3667,3513,7180
202111,9호선,신논현,30081,30286,60367
202112,9호선,신논현,31011,30911,61922
202112,9호선,사평,3494,3497,6991
202112,9호선,고속터미널,11503,14355,25858
202112,9호선,신반포,3321,3264,6585
202112,9호선,구반포,1700,1750,3450
202112,9호선,동작,1747,1450,3197
202112,9호선,흑석,7835,8228,16063
202112,9호선,노들,4543,3903,8446
202112,9호선,노량진,26059,25126,51185
202112,9호선,샛강,6126,6336,12462
202112,9호선,여의도,28204,27213,55417
202112,9호선,국회의사당,17617,17917,35534
202112,9호선,당산,18216,18543,36759
202112,9호선,선유도,8982,8676,17658
202112,9호선,신목동,4179,3689,7868
202112,9호선,염창,17377,16902,34279
202112,9호선,등촌,11868,11488,23356
202112,9호선,증미,7613,7625,15238
202112,9호선,가양,20726,19928,40654
202112,9호선,양천향교,9849,10102,19951
202112,9호선,마곡나루,11636,11744,23380
202112,9호선,신방화,7079,6884,13963
202112,9호선,공항시장,2912,3200,6112
202112,9호선,김포공항,6920,10825,17745
202112,9호선,개화,2570,1715,4285
202112,9호선,신논현,30939,31946,62885
202112,9호선,사평,3569,3509,7078
202112,9호선,고속터미널,11414,14301,25715
202112,9호선,신반포,3341,3290,6631
202112,9호선,구반포,1615,1740,3355
202112,9호선,동작,1802,1482,3284
202112,9호선,흑석,7822,8224,16046
202112,9호선,노들,4355,3647,8002
202112,9호선,노량진,25752,24879,50631
202112,9호선,샛강,5977,6372,12349
202112,9호선,여의도,28057,27137,55194
202112,9호선,국회의사당,17811,18281,36092
202112,9호선,당산,18209,18040,36249
202112,9호선,선유도,8996,8598,17594
202112,9호선,신목동,4137,3655,7792
202112,9호선,염창,17287,16702,33989
202112,9호선,등촌,11829,11535,23364
202112,9호선,증미,7460,7296,14756
202112,9호선,가양,20369,19666,40035
202112,9호선,양천향교,9724,10025,19749
202112,9호선,마곡나루,11808,11628,23436
202112,9호선,신방화,6849,6668,13517
202112,9호선,공항시장,2838,3111,5949
202112,9호선,김포공항,6952,11019,17971
202112,9호선,개화,2538,1763,4301
202112,9호선,개화,2657,1812,4469
202112,9호선,김포공항,8133,12672,20805
202112,9호선,공항시장,3213,3310,6523
202112,9호선,신방화,7330,6712,14042
202112,9호선,마곡나루,12204,11951,24155
202112,9호선,양천향교,10253,10031,20284
202112,9호선,가양,20968,19934,40902
202112,9호선,증미,7715,7394,15109
202112,9호선,등촌,12194,11595,23789
202112,9호선,염창,17689,16546,34235
202112,9호선,신목동,4251,3573,7824
202112,9호선,선유도,9005,8485,17490
202112,9호선,당산,19252,18738,37990
202112,9호선,국회의사당,16280,16480,32760
202112,9호선,여의도,28400,27335,55735
202112,9호선,샛강,6119,6562,12681
202112,9호선,노량진,26950,25478,52428
202112,9호선,노들,4530,3733,8263
202112,9호선,흑석,8023,8339,16362
202112,9호선,동작,1812,1485,3297
202112,9호선,구반포,1726,1811,3537
202112,9호선,신반포,3448,3413,6861
202112,9호선,고속터미널,12866,17492,30358
202112,9호선,사평,3707,3589,7296
202112,9호선,신논현,33967,35725,69692
202112,9호선,신논현,29921,29999,59920
202112,9호선,사평,3362,3282,6644
202112,9호선,고속터미널,11226,14063,25289
202112,9호선,신반포,3095,3085,6180
202112,9호선,구반포,1605,1687,3292
202112,9호선,동작,1751,1442,3193
202112,9호선,흑석,7656,8045,15701
202112,9호선,노들,4381,3657,8038
202112,9호선,노량진,25053,24549,49602
202112,9호선,샛강,5699,6248,11947
202112,9호선,여의도,26483,25596,52079
202112,9호선,국회의사당,15720,16608,32328
202112,9호선,당산,17238,17492,34730
202112,9호선,선유도,8805,8370,17175
202112,9호선,신목동,3937,3493,7430
202112,9호선,염창,16903,16384,33287
202112,9호선,등촌,11527,11379,22906
202112,9호선,증미,7164,7137,14301
202112,9호선,가양,20230,19615,39845
202112,9호선,양천향교,9668,9868,19536
202112,9호선,마곡나루,11295,11292,22587
202112,9호선,신방화,6736,6439,13175
202112,9호선,공항시장,2849,3144,5993
202112,9호선,김포공항,6779,10184,16963
202112,9호선,개화,2536,1761,4297
202112,9호선,개화,2519,1741,4260
202112,9호선,김포공항,6423,9685,16108
202112,9호선,공항시장,2875,3199,6074
202112,9호선,신방화,6878,6598,13476
202112,9호선,마곡나루,11657,11562,23219
202112,9호선,양천향교,9914,10110,20024
202112,9호선,가양,20429,19829,40258
202112,9호선,증미,7307,7229,14536
202112,9호선,등촌,11756,11419,23175
202112,9호선,염창,17203,16554,33757
202112,9호선,신목동,4172,3734,7906
202112,9호선,선유도,8922,8572,17494
202112,9호선,당산,17602,17732,35334
202112,9호선,국회의사당,16226,17118,33344
202112,9호선,여의도,27267,26291,53558
202112,9호선,샛강,5740,6194,11934
202112,9호선,노량진,25334,24707,50041
202112,9호선,노들,4432,3675,8107
202112,9호선,흑석,7658,7966,15624
202112,9호선,동작,1880,1451,3331
202112,9호선,구반포,1659,1727,3386
202112,9호선,신반포,3248,3179,6427
202112,9호선,고속터미널,11263,13800,25063
202112,9호선,사평,3452,3362,6814
202112,9호선,신논현,30688,30729,61417
202112,9호선,신논현,30231,30347,60578
202112,9호선,사평,3455,3396,6851
202112,9호선,고속터미널,11236,14122,25358
202112,9호선,신반포,3254,3204,6458
202112,9호선,구반포,1639,1722,3361
202112,9호선,동작,1804,1398,3202
202112,9호선,흑석,7636,7951,15587
202112,9호선,노들,4465,3768,8233
202112,9호선,노량진,25308,24349,49657
202112,9호선,샛강,5788,6188,11976
202112,9호선,여의도,27236,26303,53539
202112,9호선,국회의사당,16577,17309,33886
202112,9호선,당산,17740,17808,35548
202112,9호선,선유도,8795,8428,17223
202112,9호선,신목동,4136,3690,7826
202112,9호선,염창,17112,16635,33747
202112,9호선,등촌,11701,11503,23204
202112,9호선,증미,7323,7242,14565
202112,9호선,가양,20331,19788,40119
202112,9호선,양천향교,9683,9928,19611
202112,9호선,마곡나루,11657,11589,23246
202112,9호선,신방화,6858,6718,13576
202112,9호선,공항시장,2905,3212,6117
202112,9호선,김포공항,6334,9609,15943
202112,9호선,개화,2519,1736,4255
202112,9호선,개화,2483,1764,4247
202112,9호선,김포공항,6777,10871,17648
202112,9호선,공항시장,2969,3177,6146
202112,9호선,신방화,6774,6578,13352
202112,9호선,마곡나루,11626,11614,23240
202112,9호선,양천향교,9869,9958,19827
202112,9호선,가양,19813,19101,38914
202112,9호선,증미,7304,7199,14503
202112,9호선,등촌,11537,11345,22882
202112,9호선,염창,17163,16522,33685
202112,9호선,신목동,4041,3430,7471
202112,9호선,선유도,8770,8269,17039
202112,9호선,당산,17752,17804,35556
202112,9호선,국회의사당,16332,17020,33352
202112,9호선,여의도,26899,26290,53189
202112,9호선,샛강,5689,6077,11766
202112,9호선,노량진,25120,24229,49349
202112,9호선,노들,4369,3594,7963
202112,9호선,흑석,7497,7873,15370
202112,9호선,동작,1808,1439,3247
202112,9호선,구반포,1573,1652,3225
202112,9호선,신반포,3177,3207,6384
202112,9호선,고속터미널,11250,13843,25093
202112,9호선,사평,3433,3324,6757
202112,9호선,신논현,30333,30737,61070
202112,9호선,신논현,32301,33948,66249
202112,9호선,사평,3631,3442,7073
202112,9호선,고속터미널,12204,16345,28549
202112,9호선,신반포,3454,3353,6807
202112,9호선,구반포,1590,1705,3295
202112,9호선,동작,1803,1455,3258
202112,9호선,흑석,7768,7962,15730
202112,9호선,노들,4413,3590,8003
202112,9호선,노량진,26148,25006,51154
202112,9호선,샛강,5720,5945,11665
202112,9호선,여의도,26957,25500,52457
202112,9호선,국회의사당,15531,16025,31556
202112,9호선,당산,18180,17939,36119
202112,9호선,선유도,8651,8239,16890
202112,9호선,신목동,3978,3466,7444
202112,9호선,염창,17016,15993,33009
202112,9호선,등촌,11624,11024,22648
202112,9호선,증미,7371,7051,14422
202112,9호선,가양,20104,19139,39243
202112,9호선,양천향교,9614,9391,19005
202112,9호선,마곡나루,11897,11716,23613
202112,9호선,신방화,7046,6645,13691
202112,9호선,공항시장,3039,3186,6225
202112,9호선,김포공항,7562,12262,19824
202112,9호선,개화,2477,1649,4126
202112,9호선,신논현,29125,29275,58400
202112,9호선,사평,3213,3190,6403
202112,9호선,고속터미널,10820,13506,24326
202112,9호선,신반포,3027,3002,6029
202112,9호선,구반포,1499,1591,3090
202112,9호선,동작,1737,1367,3104
202112,9호선,흑석,7141,7566,14707
202112,9호선,노들,4179,3579,7758
202112,9호선,노량진,23858,23224,47082
202112,9호선,샛강,5576,6121,11697
202112,9호선,여의도,25840,25173,51013
202112,9호선,국회의사당,15507,16061,31568
202112,9호선,당산,16463,16925,33388
202112,9호선,선유도,8486,8050,16536
202112,9호선,신목동,3828,3415,7243
202112,9호선,염창,16246,15778,32024
202112,9호선,등촌,10951,10860,21811
202112,9호선,증미,6990,6950,13940
202112,9호선,가양,19331,18770,38101
202112,9호선,양천향교,9124,9390,18514
202112,9호선,마곡나루,10859,10892,21751
202112,9호선,신방화,6642,6418,13060
202112,9호선,공항시장,2806,3044,5850
202112,9호선,김포공항,6696,10168,16864
202112,9호선,개화,2420,1638,4058
202112,9호선,신논현,30336,30294,60630
202112,9호선,사평,3332,3339,6671
202112,9호선,고속터미널,10849,13148,23997
202112,9호선,신반포,3139,3078,6217
202112,9호선,구반포,1583,1675,3258
202112,9호선,동작,1805,1418,3223
202112,9호선,흑석,7494,7848,15342
202112,9호선,노들,4254,3653,7907
202112,9호선,노량진,24471,23635,48106
202112,9호선,샛강,6051,6437,12488
202112,9호선,여의도,26778,25540,52318
202112,9호선,국회의사당,16259,16707,32966
202112,9호선,당산,17514,17717,35231
202112,9호선,선유도,8683,8343,17026
202112,9호선,신목동,3938,3479,7417
202112,9호선,염창,16714,16306,33020
202112,9호선,등촌,11437,11194,22631
202112,9호선,증미,7256,7165,14421
202112,9호선,가양,19783,19288,39071
202112,9호선,양천향교,9392,9623,19015
202112,9호선,마곡나루,11396,11352,22748
202112,9호선,신방화,6838,6716,13554
202112,9호선,공항시장,2882,3106,5988
202112,9호선,김포공항,6389,9665,16054
202112,9호선,개화,2415,1694,4109
202112,9호선,개화,2434,1686,4120
202112,9호선,김포공항,6806,10607,17413
202112,9호선,공항시장,2907,3110,6017
202112,9호선,신방화,6821,6558,13379
202112,9호선,마곡나루,11261,11370,22631
202112,9호선,양천향교,9527,9552,19079
202112,9호선,가양,20241,19749,39990
202112,9호선,증미,7116,7082,14198
202112,9호선,등촌,11411,11056,22467
202112,9호선,염창,16836,16229,33065
202112,9호선,신목동,4043,3624,7667
202112,9호선,선유도,8661,8302,16963
202112,9호선,당산,17467,17303,34770
202112,9호선,국회의사당,16032,16861,32893
202112,9호선,여의도,26818,26323,53141
202112,9호선,샛강,5826,6203,12029
202112,9호선,노량진,24858,23873,48731
202112,9호선,노들,4286,3603,7889
202112,9호선,흑석,7595,7836,15431
202112,9호선,동작,1746,1346,3092
202112,9호선,구반포,1606,1716,3322
202112,9호선,신반포,3264,3186,6450
202112,9호선,고속터미널,11350,13928,25278
202112,9호선,사평,3542,3364,6906
202112,9호선,신논현,30396,30828,61224
202112,9호선,신논현,30967,31550,62517
202112,9호선,사평,3373,3333,6706
202112,9호선,고속터미널,11332,13852,25184
202112,9호선,신반포,3178,3150,6328
202112,9호선,구반포,1513,1604,3117
202112,9호선,동작,1821,1456,3277
202112,9호선,흑석,7501,7651,15152
202112,9호선,노들,4291,3499,7790
202112,9호선,노량진,25132,24082,49214
202112,9호선,샛강,5651,6067,11718
202112,9호선,여의도,27136,26210,53346
202112,9호선,국회의사당,15677,16459,32136
202112,9호선,당산,17633,17652,35285
202112,9호선,선유도,8551,8084,16635
202112,9호선,신목동,4101,3548,7649
202112,9호선,염창,16752,15951,32703
202112,9호선,등촌,11468,10940,22408
202112,9호선,증미,7087,6981,14068
202112,9호선,가양,20000,19043,39043
202112,9호선,양천향교,9489,9565,19054
202112,9호선,마곡나루,11532,11397,22929
202112,9호선,신방화,6810,6422,13232
202112,9호선,공항시장,2883,3140,6023
202112,9호선,김포공항,7308,11299,18607
202112,9호선,개화,2399,1678,4077
202112,9호선,신논현,33552,34729,68281
202112,9호선,사평,3697,3628,7325
202112,9호선,고속터미널,12639,16804,29443
202112,9호선,신반포,3290,3254,6544
202112,9호선,구반포,1568,1629,3197
202112,9호선,동작,1711,1384,3095
202112,9호선,흑석,7803,8093,15896
202112,9호선,노들,4407,3693,8100
202112,9호선,노량진,25919,24644,50563
202112,9호선,샛강,5819,6073,11892
202112,9호선,여의도,27116,25541,52657
202112,9호선,국회의사당,15989,16518,32507
202112,9호선,당산,18537,18145,36682
202112,9호선,선유도,8822,8345,17167
202112,9호선,신목동,3928,3428,7356
202112,9호선,염창,17189,16194,33383
202112,9호선,등촌,11673,11154,22827
202112,9호선,증미,7195,7115,14310
202112,9호선,가양,19832,18841,38673
202112,9호선,양천향교,9337,9275,18612
202112,9호선,마곡나루,11342,11382,22724
202112,9호선,신방화,6971,6653,13624
202112,9호선,공항시장,2974,3227,6201
202112,9호선,김포공항,8080,13147,21227
202112,9호선,개화,2279,1602,3881
202112,9호선,개화,2463,1752,4215
202112,9호선,김포공항,7230,11428,18658
202112,9호선,공항시장,2867,3042,5909
202112,9호선,신방화,6721,6589,13310
202112,9호선,마곡나루,11161,11145,22306
202112,9호선,양천향교,9158,9549,18707
202112,9호선,가양,20132,19674,39806
202112,9호선,증미,7072,7057,14129
202112,9호선,등촌,11412,11195,22607
202112,9호선,염창,16625,16305,32930
202112,9호선,신목동,3931,3582,7513
202112,9호선,선유도,8496,8199,16695
202112,9호선,당산,16871,17271,34142
202112,9호선,국회의사당,15473,16065,31538
202112,9호선,여의도,26559,26096,52655
202112,9호선,샛강,5644,6041,11685
202112,9호선,노량진,24377,23992,48369
202112,9호선,노들,4277,3626,7903
202112,9호선,흑석,7438,7900,15338
202112,9호선,동작,1723,1369,3092
202112,9호선,구반포,1501,1560,3061
202112,9호선,신반포,3087,2950,6037
202112,9호선,고속터미널,11319,14318,25637
202112,9호선,사평,3429,3325,6754
202112,9호선,신논현,30564,30058,60622
202112,9호선,개화,2460,1798,4258
202112,9호선,김포공항,7112,10780,17892
202112,9호선,공항시장,2795,3115,5910
202112,9호선,신방화,6816,6696,13512
202112,9호선,마곡나루,11504,11424,22928
202112,9호선,양천향교,9565,9750,19315
202112,9호선,가양,19973,19500,39473
202112,9호선,증미,7292,7292,14584
202112,9호선,등촌,11399,11212,22611
202112,9호선,염창,17092,16773,33865
202112,9호선,신목동,4095,3727,7822
202112,9호선,선유도,8754,8344,17098
202112,9호선,당산,17720,18002,35722
202112,9호선,국회의사당,16367,16836,33203
202112,9호선,여의도,27280,26097,53377
202112,9호선,샛강,5756,6089,11845
202112,9호선,노량진,25335,24446,49781
202112,9호선,노들,4290,3681,7971
202112,9호선,흑석,7826,8169,15995
202112,9호선,동작,1815,1520,3335
202112,9호선,구반포,1565,1613,3178
202112,9호선,신반포,3209,3201,6410
202112,9호선,고속터미널,11670,14646,26316
202112,9호선,사평,3588,3537,7125
202112,9호선,신논현,31782,31311,63093
202112,9호선,개화,2573,1807,4380
202112,9호선,김포공항,7412,11253,18665
202112,9호선,공항시장,2835,3152,5987
202112,9호선,신방화,6815,6641,13456
202112,9호선,마곡나루,11614,11362,22976
202112,9호선,양천향교,9432,9787,19219
202112,9호선,가양,20166,19766,39932
202112,9호선,증미,7335,7283,14618
202112,9호선,등촌,11404,11509,22913
202112,9호선,염창,17172,16999,34171
202112,9호선,신목동,4053,3713,7766
202112,9호선,선유도,8955,8679,17634
202112,9호선,당산,18222,18109,36331
202112,9호선,국회의사당,16729,17062,33791
202112,9호선,여의도,27847,26400,54247
202112,9호선,샛강,5810,6124,11934
202112,9호선,노량진,25808,24896,50704
202112,9호선,노들,4551,3782,8333
202112,9호선,흑석,8070,8483,16553
202112,9호선,동작,1828,1442,3270
202112,9호선,구반포,1582,1692,3274
202112,9호선,신반포,3303,3260,6563
202112,9호선,고속터미널,12101,15238,27339
202112,9호선,사평,3564,3534,7098
202112,9호선,신논현,32166,31681,63847
202112,9호선,신논현,33405,33074,66479
202112,9호선,사평,3561,3435,6996
202112,9호선,고속터미널,12320,16100,28420
202112,9호선,신반포,3283,3196,6479
202112,9호선,구반포,1587,1599,3186
202112,9호선,동작,1780,1468,3248
202112,9호선,흑석,8253,8594,16847
202112,9호선,노들,4376,3793,8169
202112,9호선,노량진,25893,24900,50793
202112,9호선,샛강,5912,6303,12215
202112,9호선,여의도,27589,26446,54035
202112,9호선,국회의사당,15980,16657,32637
202112,9호선,당산,18090,17990,36080
202112,9호선,선유도,8738,8538,17276
202112,9호선,신목동,4161,3621,7782
202112,9호선,염창,17364,16928,34292
202112,9호선,등촌,11499,11272,22771
202112,9호선,증미,7286,7308,14594
202112,9호선,가양,20429,19875,40304
202112,9호선,양천향교,9496,9671,19167
202112,9호선,마곡나루,11803,11743,23546
202112,9호선,신방화,6903,6696,13599
202112,9호선,공항시장,2997,3157,6154
202112,9호선,김포공항,7649,11983,19632
202112,9호선,개화,2471,1731,4202
202112,9호선,개화,2393,1718,4111
202112,9호선,김포공항,8377,14222,22599
202112,9호선,공항시장,2979,3160,6139
202112,9호선,신방화,6950,6764,13714
202112,9호선,마곡나루,11161,11079,22240
202112,9호선,양천향교,9425,9422,18847
202112,9호선,가양,20070,19718,39788
202112,9호선,증미,7591,7506,15097
202112,9호선,등촌,11522,11358,22880
202112,9호선,염창,16873,16401,33274
202112,9호선,신목동,3764,3397,7161
202112,9호선,선유도,8478,8000,16478
202112,9호선,당산,17878,17844,35722
202112,9호선,국회의사당,15047,14805,29852
202112,9호선,여의도,27092,24776,51868
202112,9호선,샛강,5506,5425,10931
202112,9호선,노량진,26711,25324,52035
202112,9호선,노들,4444,3804,8248
202112,9호선,흑석,8056,8240,16296
202112,9호선,동작,1802,1337,3139
202112,9호선,구반포,1546,1608,3154
202112,9호선,신반포,3449,3360,6809
202112,9호선,고속터미널,13376,18857,32233
202112,9호선,사평,3769,3702,7471
202112,9호선,신논현,33906,32594,66500
202112,9호선,개화,2255,1606,3861
202112,9호선,김포공항,7098,11589,18687
202112,9호선,공항시장,2725,3044,5769
202112,9호선,신방화,6273,6158,12431
202112,9호선,마곡나루,10515,10317,20832
202112,9호선,양천향교,8842,9057,17899
202112,9호선,가양,18455,18212,36667
202112,9호선,증미,6936,7031,13967
202112,9호선,등촌,10515,10522,21037
202112,9호선,염창,15687,15334,31021
202112,9호선,신목동,3542,3210,6752
202112,9호선,선유도,8181,8009,16190
202112,9호선,당산,16175,16334,32509
202112,9호선,국회의사당,14879,15365,30244
202112,9호선,여의도,24570,23330,47900
202112,9호선,샛강,5343,5636,10979
202112,9호선,노량진,23183,22811,45994
202112,9호선,노들,3972,3446,7418
202112,9호선,흑석,7153,7572,14725
202112,9호선,동작,1564,1203,2767
202112,9호선,구반포,1435,1467,2902
202112,9호선,신반포,2808,2810,5618
202112,9호선,고속터미널,10837,13999,24836
202112,9호선,사평,3207,3159,6366
202112,9호선,신논현,29520,29421,58941
202112,9호선,신논현,31570,30670,62240
202112,9호선,사평,3377,3351,6728
202112,9호선,고속터미널,10990,14123,25113
202112,9호선,신반포,3059,2967,6026
202112,9호선,구반포,1424,1539,2963
202112,9호선,동작,1637,1299,2936
202112,9호선,흑석,7496,7944,15440
202112,9호선,노들,4093,3552,7645
202112,9호선,노량진,24756,23903,48659
202112,9호선,샛강,5673,6059,11732
202112,9호선,여의도,25926,24456,50382
202112,9호선,국회의사당,15715,15981,31696
202112,9호선,당산,17464,17569,35033
202112,9호선,선유도,8575,8330,16905
202112,9호선,신목동,3779,3376,7155
202112,9호선,염창,16419,16291,32710
202112,9호선,등촌,11057,10900,21957
202112,9호선,증미,7111,7195,14306
202112,9호선,가양,19515,18987,38502
202112,9호선,양천향교,9107,9456,18563
202112,9호선,마곡나루,11395,11236,22631
202112,9호선,신방화,6492,6347,12839
202112,9호선,공항시장,2855,3113,5968
202112,9호선,김포공항,7054,10997,18051
202112,9호선,개화,2317,1623,3940
202112,9호선,개화,2395,1681,4076
202112,9호선,김포공항,7295,11708,19003
202112,9호선,공항시장,2994,3171,6165
202112,9호선,신방화,6677,6656,13333
202112,9호선,마곡나루,11563,11311,22874
202112,9호선,양천향교,9327,9525,18852
202112,9호선,가양,19912,19623,39535
202112,9호선,증미,7232,7206,14438
202112,9호선,등촌,11437,11243,22680
202112,9호선,염창,16866,16282,33148
202112,9호선,신목동,4011,3611,7622
202112,9호선,선유도,8816,8469,17285
202112,9호선,당산,17754,17882,35636
202112,9호선,국회의사당,16768,16819,33587
202112,9호선,여의도,26023,24887,50910
202112,9호선,샛강,5844,6104,11948
202112,9호선,노량진,25367,24300,49667
202112,9호선,노들,4318,3803,8121
202112,9호선,흑석,7876,8237,16113
202112,9호선,동작,1762,1370,3132
202112,9호선,구반포,1968,2000,3968
202112,9호선,신반포,3197,3136,6333
202112,9호선,고속터미널,11656,15065,26721
202112,9호선,사평,3360,3318,6678
202112,9호선,신논현,31329,30874,62203
202112,9호선,가양,19449,19000,38449
202112,9호선,양천향교,9029,9314,18343
202112,9호선,마곡나루,11162,10832,21994
202112,9호선,신방화,6630,6393,13023
202112,9호선,공항시장,2885,3164,6049
202112,9호선,김포공항,7249,12021,19270
202112,9호선,개화,2325,1643,3968
202112,9호선,여의도,25429,24116,49545
202112,9호선,샛강,5649,5779,11428
202112,9호선,노량진,25023,24089,49112
202112,9호선,노들,4236,3721,7957
202112,9호선,흑석,7683,7876,15559
202112,9호선,동작,1659,1332,2991
202112,9호선,구반포,1403,1542,2945
202112,9호선,신반포,2981,2920,5901
202112,9호선,고속터미널,11478,15682,27160
202112,9호선,사평,3289,3254,6543
202112,9호선,신논현,31531,30943,62474
202112,9호선,국회의사당,15597,15656,31253
202112,9호선,당산,17458,17254,34712
202112,9호선,선유도,8351,8158,16509
202112,9호선,신목동,3753,3277,7030
202112,9호선,염창,16433,15795,32228
202112,9호선,등촌,11255,10990,22245
202112,9호선,증미,7193,7089,14282
202112,9호선,개화,2062,1501,3563
202112,9호선,김포공항,7809,13928,21737
202112,9호선,공항시장,2837,3079,5916
202112,9호선,신방화,6125,5937,12062
202112,9호선,마곡나루,9848,9500,19348
202112,9호선,양천향교,8401,8104,16505
202112,9호선,가양,18070,17105,35175
202112,9호선,증미,6584,6382,12966
202112,9호선,등촌,10485,10080,20565
202112,9호선,염창,15093,14448,29541
202112,9호선,신목동,3330,2921,6251
202112,9호선,선유도,7272,6757,14029
202112,9호선,당산,15894,15285,31179
202112,9호선,국회의사당,12611,12669,25280
202112,9호선,여의도,22564,20654,43218
202112,9호선,샛강,4709,4732,9441
202112,9호선,노량진,24999,22318,47317
202112,9호선,노들,3927,3273,7200
202112,9호선,흑석,7066,7056,14122
202112,9호선,동작,1600,1253,2853
202112,9호선,구반포,1279,1300,2579
202112,9호선,신반포,2793,2661,5454
202112,9호선,고속터미널,11380,18452,29832
202112,9호선,사평,3142,3072,6214
202112,9호선,신논현,29473,28058,57531
