사용월,호선명,지하철역,승차총승객수,하차총승객수,승하차총승객수
202101,4호선,경마공원,20098,20158,40256
202101,4호선,고잔,152577,146235,298812
202101,4호선,과천,95291,89177,184468
202101,4호선,길음,353056,349869,702925
202101,4호선,남태령,21552,18359,39911
202101,4호선,노원,322712,360600,683312
202101,4호선,당고개,214649,198432,413081
202101,4호선,대공원,29557,31455,61012
202101,4호선,대야미,84595,77112,161707
202101,4호선,동대문,348126,355543,703669
202101,4호선,동대문역사문화공원,254374,234661,489035
202101,4호선,동작,41143,43157,84300
202101,4호선,명동,281090,285318,566408
202101,4호선,미아,262548,259915,522463
202101,4호선,미아사거리,482764,481076,963840
202101,4호선,반월,73682,71139,144821
202101,4호선,범계,443754,432965,876719
202101,4호선,사당,409224,340203,749427
202101,4호선,산본,276162,287166,563328
202101,4호선,삼각지,82263,89194,171457
202101,4호선,상계,337471,316577,654048
202101,4호선,상록수,280168,285053,565221
202101,4호선,서울역,188509,249945,438454
202101,4호선,선바위,147924,131514,279438
202101,4호선,성신여대입구,333495,323676,657171
202101,4호선,수리산,74409,61183,135592
202101,4호선,수유,601138,606093,1207231
202101,4호선,숙대입구,213607,212286,425893
202101,4호선,신길온천,28362,26113,54475
202101,4호선,신용산,269584,278580,548164
202101,4호선,쌍문,526260,492922,1019182
202101,4호선,안산,216892,195821,412713
202101,4호선,오이도,144204,140063,284267
202101,4호선,이촌,117316,131552,248868
202101,4호선,인덕원,426777,447846,874623
202101,4호선,정부과천청사,169370,167265,336635
202101,4호선,정왕,132704,142666,275370
202101,4호선,중앙,282461,293799,576260
202101,4호선,창동,451561,483594,935155
202101,4호선,초지,77614,79210,156824
202101,4호선,총신대입구,332698,362385,695083
202101,4호선,충무로,471544,480893,952437
202101,4호선,평촌,332003,328144,660147
202101,4호선,한대앞,144796,146038,290834
202101,4호선,한성대입구,225410,224777,450187
202101,4호선,혜화,510046,497916,1007962
202101,4호선,회현,396104,407300,803404
202102,4호선,경마공원,19017,19048,38065
202102,4호선,고잔,149281,143200,292481
202102,4호선,과천,96474,89472,185946
202102,4호선,길음,354010,345829,699839
202102,4호선,남태령,20612,18319,38931
202102,4호선,노원,335531,371207,706738
202102,4호선,당고개,218238,200170,418408
202102,4호선,대공원,36819,38312,75131
202102,4호선,대야미,85365,76269,161634
202102,4호선,동대문,337663,350550,688213
202102,4호선,동대문역사문화공원,253068,234100,487168
202102,4호선,동작,42477,44805,87282
202102,4호선,명동,290035,299808,589843
202102,4호선,미아,263040,259832,522872
202102,4호선,미아사거리,486605,479246,965851
202102,4호선,반월,73920,70935,144855
202102,4호선,범계,445267,435154,880421
202102,4호선,사당,418420,349767,768187
202102,4호선,산본,281072,300169,581241
202102,4호선,삼각지,81074,89687,170761
202102,4호선,상계,337713,314415,652128
202102,4호선,상록수,279943,282785,562728
202102,4호선,서울역,185598,261994,447592
202102,4호선,선바위,144599,126147,270746
202102,4호선,성신여대입구,345923,333204,679127
202102,4호선,수리산,72848,58891,131739
202102,4호선,수유,603195,602910,1206105
202102,4호선,숙대입구,219885,215809,435694
202102,4호선,신길온천,28812,26597,55409
202102,4호선,신용산,271491,284934,556425
202102,4호선,쌍문,524451,485987,1010438
202102,4호선,안산,214492,197016,411508
202102,4호선,오이도,147233,143188,290421
202102,4호선,이촌,123841,138587,262428
202102,4호선,인덕원,416462,429622,846084
202102,4호선,정부과천청사,168721,167531,336252
202102,4호선,정왕,130356,138784,269140
202102,4호선,중앙,298111,309769,607880
202102,4호선,창동,462396,492414,954810
202102,4호선,초지,77866,79814,157680
202102,4호선,총신대입구,336693,367596,704289
202102,4호선,충무로,458514,470745,929259
202102,4호선,평촌,316921,313231,630152
202102,4호선,한대앞,146175,146024,292199
202102,4호선,한성대입구,231718,228160,459878
202102,4호선,혜화,533867,531189,1065056
202102,4호선,회현,393409,411344,804753
202103,4호선,경마공원,25058,24804,49862
202103,4호선,고잔,195747,188262,384009
202103,4호선,과천,123717,113946,237663
202103,4호선,길음,457183,446895,904078
202103,4호선,남태령,27717,25133,52850
202103,4호선,노원,421214,469236,890450
202103,4호선,당고개,283653,259156,542809
202103,4호선,대공원,56432,59004,115436
202103,4호선,대야미,112331,100574,212905
202103,4호선,동대문,461343,475105,936448
202103,4호선,동대문역사문화공원,324391,300591,624982
202103,4호선,동작,59177,62993,122170
202103,4호선,명동,372295,384194,756489
202103,4호선,미아,344006,336599,680605
202103,4호선,미아사거리,619961,605325,1225286
202103,4호선,반월,97688,93722,191410
202103,4호선,범계,567656,560823,1128479
202103,4호선,사당,540547,455201,995748
202103,4호선,산본,356960,383013,739973
202103,4호선,삼각지,108600,119993,228593
202103,4호선,상계,428245,398188,826433
202103,4호선,상록수,363334,365296,728630
202103,4호선,서울역,239506,325286,564792
202103,4호선,선바위,190345,165121,355466
202103,4호선,성신여대입구,445763,427116,872879
202103,4호선,수리산,95450,77419,172869
202103,4호선,수유,759049,757328,1516377
202103,4호선,숙대입구,293148,288263,581411
202103,4호선,신길온천,37810,35293,73103
202103,4호선,신용산,346294,365834,712128
202103,4호선,쌍문,663834,611570,1275404
202103,4호선,안산,262611,235859,498470
202103,4호선,오이도,190003,185224,375227
202103,4호선,이촌,158508,178239,336747
202103,4호선,인덕원,533168,547353,1080521
202103,4호선,정부과천청사,224738,221868,446606
202103,4호선,정왕,211521,219287,430808
202103,4호선,중앙,392550,408185,800735
202103,4호선,창동,579271,614878,1194149
202103,4호선,초지,117375,125564,242939
202103,4호선,총신대입구,426146,464538,890684
202103,4호선,충무로,589907,605989,1195896
202103,4호선,평촌,402934,397329,800263
202103,4호선,한대앞,196877,197922,394799
202103,4호선,한성대입구,307364,298534,605898
202103,4호선,혜화,685627,683662,1369289
202103,4호선,회현,534839,563929,1098768
202104,4호선,경마공원,27624,27322,54946
202104,4호선,고잔,196616,188420,385036
202104,4호선,과천,122944,113919,236863
202104,4호선,길음,449055,437550,886605
202104,4호선,남태령,27184,24596,51780
202104,4호선,노원,409271,457497,866768
202104,4호선,당고개,282857,259007,541864
202104,4호선,대공원,77975,81096,159071
202104,4호선,대야미,113615,102015,215630
202104,4호선,동대문,450852,464169,915021
202104,4호선,동대문역사문화공원,312050,290043,602093
202104,4호선,동작,60045,64129,124174
202104,4호선,명동,374897,387744,762641
202104,4호선,미아,335399,327468,662867
202104,4호선,미아사거리,609096,592465,1201561
202104,4호선,반월,97881,93572,191453
202104,4호선,범계,558817,551914,1110731
202104,4호선,사당,530461,445250,975711
202104,4호선,산본,352450,377494,729944
202104,4호선,삼각지,110469,120397,230866
202104,4호선,상계,423682,393394,817076
202104,4호선,상록수,362084,364684,726768
202104,4호선,서울역,237602,325353,562955
202104,4호선,선바위,189540,164256,353796
202104,4호선,성신여대입구,432219,410573,842792
202104,4호선,수리산,97085,80686,177771
202104,4호선,수유,744232,742389,1486621
202104,4호선,숙대입구,285673,279700,565373
202104,4호선,신길온천,38185,35287,73472
202104,4호선,신용산,341283,357890,699173
202104,4호선,쌍문,649025,598531,1247556
202104,4호선,안산,258813,235941,494754
202104,4호선,오이도,188755,183959,372714
202104,4호선,이촌,157134,176395,333529
202104,4호선,인덕원,528919,541837,1070756
202104,4호선,정부과천청사,220819,218906,439725
202104,4호선,정왕,214088,220139,434227
202104,4호선,중앙,380453,397642,778095
202104,4호선,창동,561379,596655,1158034
202104,4호선,초지,111943,120081,232024
202104,4호선,총신대입구,415669,451704,867373
202104,4호선,충무로,580793,599033,1179826
202104,4호선,평촌,398405,392726,791131
202104,4호선,한대앞,200919,200303,401222
202104,4호선,한성대입구,304897,296739,601636
202104,4호선,혜화,663350,661730,1325080
202104,4호선,회현,525524,554236,1079760
202105,4호선,경마공원,25139,24318,49457
202105,4호선,고잔,181033,173493,354526
202105,4호선,과천,114193,104932,219125
202105,4호선,길음,411756,401068,812824
202105,4호선,남태령,25511,22540,48051
202105,4호선,노원,385033,429747,814780
202105,4호선,당고개,265855,242914,508769
202105,4호선,대공원,80050,82827,162877
202105,4호선,대야미,102434,92953,195387
202105,4호선,동대문,423805,436926,860731
202105,4호선,동대문역사문화공원,293037,272122,565159
202105,4호선,동작,54062,58257,112319
202105,4호선,명동,342033,355024,697057
202105,4호선,미아,309626,301621,611247
202105,4호선,미아사거리,561828,546970,1108798
202105,4호선,반월,89425,85212,174637
202105,4호선,범계,516058,508163,1024221
202105,4호선,사당,490910,415965,906875
202105,4호선,산본,322829,345895,668724
202105,4호선,삼각지,101460,110916,212376
202105,4호선,상계,390130,362177,752307
202105,4호선,상록수,331374,333307,664681
202105,4호선,서울역,211961,305556,517517
202105,4호선,선바위,173518,150840,324358
202105,4호선,성신여대입구,409338,389170,798508
202105,4호선,수리산,86706,71047,157753
202105,4호선,수유,690091,685629,1375720
202105,4호선,숙대입구,260512,255218,515730
202105,4호선,신길온천,34825,32214,67039
202105,4호선,신용산,314299,333031,647330
202105,4호선,쌍문,599885,547407,1147292
202105,4호선,안산,239098,216930,456028
202105,4호선,오이도,175868,171655,347523
202105,4호선,이촌,149006,167426,316432
202105,4호선,인덕원,480184,489849,970033
202105,4호선,정부과천청사,203452,202003,405455
202105,4호선,정왕,194315,201214,395529
202105,4호선,중앙,357860,373057,730917
202105,4호선,창동,524909,555563,1080472
202105,4호선,초지,97632,103458,201090
202105,4호선,총신대입구,383869,417521,801390
202105,4호선,충무로,522745,542233,1064978
202105,4호선,평촌,359893,355035,714928
202105,4호선,한대앞,186083,185231,371314
202105,4호선,한성대입구,285243,277694,562937
202105,4호선,혜화,629982,631106,1261088
202105,4호선,회현,479974,511122,991096
202106,4호선,경마공원,29437,29182,58619
202106,4호선,고잔,197181,188213,385394
202106,4호선,과천,124358,114040,238398
202106,4호선,길음,441113,426312,867425
202106,4호선,남태령,27835,24422,52257
202106,4호선,노원,405800,456003,861803
202106,4호선,당고개,282749,257069,539818
202106,4호선,대공원,61085,63688,124773
202106,4호선,대야미,111191,100937,212128
202106,4호선,동대문,451058,462343,913401
202106,4호선,동대문역사문화공원,316985,293631,610616
202106,4호선,동작,55286,59435,114721
202106,4호선,명동,383187,400329,783516
202106,4호선,미아,324546,316012,640558
202106,4호선,미아사거리,603946,586031,1189977
202106,4호선,반월,96561,92136,188697
202106,4호선,범계,560800,555475,1116275
202106,4호선,사당,529857,444197,974054
202106,4호선,산본,353061,373931,726992
202106,4호선,삼각지,112776,122957,235733
202106,4호선,상계,422058,390954,813012
202106,4호선,상록수,354704,356772,711476
202106,4호선,서울역,234219,336028,570247
202106,4호선,선바위,190319,164983,355302
202106,4호선,성신여대입구,426047,404507,830554
202106,4호선,수리산,96026,77588,173614
202106,4호선,수유,739334,734377,1473711
202106,4호선,숙대입구,283713,276436,560149
202106,4호선,신길온천,37765,34985,72750
202106,4호선,신용산,349934,372982,722916
202106,4호선,쌍문,649585,596856,1246441
202106,4호선,안산,256663,233055,489718
202106,4호선,오이도,188978,182338,371316
202106,4호선,이촌,161842,180976,342818
202106,4호선,인덕원,527536,540559,1068095
202106,4호선,정부과천청사,224946,223753,448699
202106,4호선,정왕,199715,206199,405914
202106,4호선,중앙,383257,398153,781410
202106,4호선,창동,563529,596899,1160428
202106,4호선,초지,105056,111279,216335
202106,4호선,총신대입구,414172,450155,864327
202106,4호선,충무로,576669,597995,1174664
202106,4호선,평촌,400422,396432,796854
202106,4호선,한대앞,202119,201701,403820
202106,4호선,한성대입구,301163,291833,592996
202106,4호선,혜화,666428,670222,1336650
202106,4호선,회현,524228,556293,1080521
202107,4호선,경마공원,23987,23717,47704
202107,4호선,고잔,175836,167142,342978
202107,4호선,과천,112751,103771,216522
202107,4호선,길음,393587,380437,774024
202107,4호선,남태령,23509,20056,43565
202107,4호선,노원,372226,415282,787508
202107,4호선,당고개,260766,237738,498504
202107,4호선,대공원,45012,46852,91864
202107,4호선,대야미,99371,90241,189612
202107,4호선,동대문,413771,422871,836642
202107,4호선,동대문역사문화공원,286845,265571,552416
202107,4호선,동작,44195,46692,90887
202107,4호선,명동,329589,339376,668965
202107,4호선,미아,297001,289890,586891
202107,4호선,미아사거리,549845,536172,1086017
202107,4호선,반월,84917,81820,166737
202107,4호선,범계,501837,496687,998524
202107,4호선,사당,461493,381962,843455
202107,4호선,산본,316497,342127,658624
202107,4호선,삼각지,98582,107142,205724
202107,4호선,상계,385755,360376,746131
202107,4호선,상록수,312218,315329,627547
202107,4호선,서울역,205156,282036,487192
202107,4호선,선바위,165925,144551,310476
202107,4호선,성신여대입구,383697,368506,752203
202107,4호선,수리산,85065,68607,153672
202107,4호선,수유,676987,674589,1351576
202107,4호선,숙대입구,246153,240305,486458
202107,4호선,신길온천,33948,31636,65584
202107,4호선,신용산,302523,322571,625094
202107,4호선,쌍문,594877,548394,1143271
202107,4호선,안산,236952,215148,452100
202107,4호선,오이도,172243,166564,338807
202107,4호선,이촌,142082,158283,300365
202107,4호선,인덕원,469689,486068,955757
202107,4호선,정부과천청사,204755,203326,408081
202107,4호선,정왕,152577,163807,316384
202107,4호선,중앙,335140,348293,683433
202107,4호선,창동,505531,536396,1041927
202107,4호선,초지,86595,88934,175529
202107,4호선,총신대입구,371579,403521,775100
202107,4호선,충무로,520571,539122,1059693
202107,4호선,평촌,360442,356500,716942
202107,4호선,한대앞,171640,172420,344060
202107,4호선,한성대입구,261154,252316,513470
202107,4호선,혜화,593197,590358,1183555
202107,4호선,회현,457422,481724,939146
202108,4호선,경마공원,21589,20924,42513
202108,4호선,고잔,164597,156587,321184
202108,4호선,과천,107465,100094,207559
202108,4호선,길음,373231,365948,739179
202108,4호선,남태령,22070,18806,40876
202108,4호선,노원,356097,396758,752855
202108,4호선,당고개,246694,225584,472278
202108,4호선,대공원,47368,49288,96656
202108,4호선,대야미,94223,86006,180229
202108,4호선,동대문,360251,369492,729743
202108,4호선,동대문역사문화공원,270880,248259,519139
202108,4호선,동작,39164,41028,80192
202108,4호선,명동,314024,323615,637639
202108,4호선,미아,282595,276530,559125
202108,4호선,미아사거리,522486,508915,1031401
202108,4호선,반월,80702,78435,159137
202108,4호선,범계,471925,467382,939307
202108,4호선,사당,441190,364537,805727
202108,4호선,산본,299907,324098,624005
202108,4호선,삼각지,93852,102512,196364
202108,4호선,상계,364822,341722,706544
202108,4호선,상록수,296148,298794,594942
202108,4호선,서울역,193635,267582,461217
202108,4호선,선바위,156285,137776,294061
202108,4호선,성신여대입구,367174,356430,723604
202108,4호선,수리산,79484,65079,144563
202108,4호선,수유,645210,646299,1291509
202108,4호선,숙대입구,233823,229483,463306
202108,4호선,신길온천,31990,29427,61417
202108,4호선,신용산,290402,307310,597712
202108,4호선,쌍문,564698,522762,1087460
202108,4호선,안산,222261,203988,426249
202108,4호선,오이도,162969,157420,320389
202108,4호선,이촌,138705,153919,292624
202108,4호선,인덕원,441959,462987,904946
202108,4호선,정부과천청사,194288,192196,386484
202108,4호선,정왕,143291,153083,296374
202108,4호선,중앙,317420,328319,645739
202108,4호선,창동,481162,511099,992261
202108,4호선,초지,82677,85814,168491
202108,4호선,총신대입구,357380,387916,745296
202108,4호선,충무로,486716,505826,992542
202108,4호선,평촌,336600,332260,668860
202108,4호선,한대앞,162110,162704,324814
202108,4호선,한성대입구,250531,242797,493328
202108,4호선,혜화,577500,576738,1154238
202108,4호선,회현,421742,442196,863938
202109,4호선,경마공원,22498,21953,44451
202109,4호선,고잔,167230,159971,327201
202109,4호선,과천,108979,100492,209471
202109,4호선,길음,384333,377804,762137
202109,4호선,남태령,23593,20496,44089
202109,4호선,노원,357535,397882,755417
202109,4호선,당고개,250865,229629,480494
202109,4호선,대공원,63732,65993,129725
202109,4호선,대야미,97006,88158,185164
202109,4호선,동대문,372302,383110,755412
202109,4호선,동대문역사문화공원,269387,249173,518560
202109,4호선,동작,40372,42771,83143
202109,4호선,명동,327510,336614,664124
202109,4호선,미아,293801,287644,581445
202109,4호선,미아사거리,532500,517893,1050393
202109,4호선,반월,85178,82245,167423
202109,4호선,범계,469558,466233,935791
202109,4호선,사당,444890,375046,819936
202109,4호선,산본,303149,324255,627404
202109,4호선,삼각지,93587,103405,196992
202109,4호선,상계,372214,348209,720423
202109,4호선,상록수,305763,309890,615653
202109,4호선,서울역,190534,268302,458836
202109,4호선,선바위,157046,137606,294652
202109,4호선,성신여대입구,376839,363391,740230
202109,4호선,수리산,81633,67652,149285
202109,4호선,수유,652812,652968,1305780
202109,4호선,숙대입구,242174,235140,477314
202109,4호선,신길온천,33907,31450,65357
202109,4호선,신용산,288440,305576,594016
202109,4호선,쌍문,568205,525342,1093547
202109,4호선,안산,234951,214585,449536
202109,4호선,오이도,167536,162489,330025
202109,4호선,이촌,135991,152177,288168
202109,4호선,인덕원,444675,466320,910995
202109,4호선,정부과천청사,195997,192329,388326
202109,4호선,정왕,169210,176750,345960
202109,4호선,중앙,326664,339627,666291
202109,4호선,창동,487438,515440,1002878
202109,4호선,초지,90484,95914,186398
202109,4호선,총신대입구,362809,392957,755766
202109,4호선,충무로,484937,504658,989595
202109,4호선,평촌,335937,332107,668044
202109,4호선,한대앞,167317,167075,334392
202109,4호선,한성대입구,260234,253175,513409
202109,4호선,혜화,574841,575984,1150825
202109,4호선,회현,429135,454151,883286
202110,4호선,경마공원,24932,24386,49318
202110,4호선,고잔,177350,169068,346418
202110,4호선,과천,113377,104198,217575
202110,4호선,길음,398263,389522,787785
202110,4호선,남태령,24343,20966,45309
202110,4호선,노원,370235,411797,782032
202110,4호선,당고개,257607,235237,492844
202110,4호선,대공원,69689,72175,141864
202110,4호선,대야미,102560,92708,195268
202110,4호선,동대문,401697,415900,817597
202110,4호선,동대문역사문화공원,282134,263057,545191
202110,4호선,동작,38968,41403,80371
202110,4호선,명동,339462,353551,693013
202110,4호선,미아,302484,294376,596860
202110,4호선,미아사거리,550809,534519,1085328
202110,4호선,반월,88685,84972,173657
202110,4호선,범계,501531,497535,999066
202110,4호선,사당,479156,407225,886381
202110,4호선,산본,319792,344007,663799
202110,4호선,삼각지,100457,111358,211815
202110,4호선,상계,382498,356089,738587
202110,4호선,상록수,326419,330277,656696
202110,4호선,서울역,203961,296269,500230
202110,4호선,선바위,166415,146310,312725
202110,4호선,성신여대입구,394363,379713,774076
202110,4호선,수리산,86240,70955,157195
202110,4호선,수유,669932,669647,1339579
202110,4호선,숙대입구,253056,246279,499335
202110,4호선,신길온천,35062,32695,67757
202110,4호선,신용산,307899,326161,634060
202110,4호선,쌍문,586605,541343,1127948
202110,4호선,안산,233438,212778,446216
202110,4호선,오이도,174248,169481,343729
202110,4호선,이촌,139713,155477,295190
202110,4호선,인덕원,474616,494610,969226
202110,4호선,정부과천청사,208252,204392,412644
202110,4호선,정왕,185933,192455,378388
202110,4호선,중앙,353410,366813,720223
202110,4호선,창동,503520,530013,1033533
202110,4호선,초지,97200,103612,200812
202110,4호선,총신대입구,389405,421679,811084
202110,4호선,충무로,517197,537175,1054372
202110,4호선,평촌,353018,349500,702518
202110,4호선,한대앞,192179,192587,384766
202110,4호선,한성대입구,270602,262536,533138
202110,4호선,혜화,606481,607089,1213570
202110,4호선,회현,470437,500722,971159
202111,4호선,경마공원,44092,42941,87033
202111,4호선,고잔,197903,187978,385881
202111,4호선,과천,129713,118328,248041
202111,4호선,길음,451395,435779,887174
202111,4호선,남태령,28271,24821,53092
202111,4호선,노원,403754,460567,864321
202111,4호선,당고개,284372,253697,538069
202111,4호선,대공원,67338,70354,137692
202111,4호선,대야미,111898,99538,211436
202111,4호선,동대문,434688,451676,886364
202111,4호선,동대문역사문화공원,320932,302030,622962
202111,4호선,동작,37063,41844,78907
202111,4호선,명동,399163,419413,818576
202111,4호선,미아,328628,318349,646977
202111,4호선,미아사거리,606120,582134,1188254
202111,4호선,반월,96204,91440,187644
202111,4호선,범계,568394,565921,1134315
202111,4호선,사당,550956,474631,1025587
202111,4호선,산본,352581,376969,729550
202111,4호선,삼각지,113072,127123,240195
202111,4호선,상계,421895,385835,807730
202111,4호선,상록수,358422,360620,719042
202111,4호선,서울역,247600,366955,614555
202111,4호선,선바위,192851,165969,358820
202111,4호선,성신여대입구,443085,426711,869796
202111,4호선,수리산,96016,77149,173165
202111,4호선,수유,740202,737814,1478016
202111,4호선,숙대입구,291341,286558,577899
202111,4호선,신길온천,38004,34662,72666
202111,4호선,신용산,371542,395895,767437
202111,4호선,쌍문,651199,587650,1238849
202111,4호선,안산,253302,229924,483226
202111,4호선,오이도,185717,179604,365321
202111,4호선,이촌,158609,175252,333861
202111,4호선,인덕원,543067,564649,1107716
202111,4호선,정부과천청사,241353,235508,476861
202111,4호선,정왕,213098,219084,432182
202111,4호선,중앙,391922,410959,802881
202111,4호선,창동,561956,592864,1154820
202111,4호선,초지,111317,117798,229115
202111,4호선,총신대입구,415647,450544,866191
202111,4호선,충무로,591523,618442,1209965
202111,4호선,평촌,406321,399665,805986
202111,4호선,한대앞,215695,215961,431656
202111,4호선,한성대입구,302184,298290,600474
202111,4호선,혜화,696178,710444,1406622
202111,4호선,회현,514303,553870,1068173
202112,4호선,경마공원,43871,43516,87387
202112,4호선,고잔,197276,186790,384066
202112,4호선,과천,133072,123213,256285
202112,4호선,길음,451132,438171,889303
202112,4호선,남태령,27592,24004,51596
202112,4호선,노원,416742,469810,886552
202112,4호선,당고개,286384,257807,544191
202112,4호선,대공원,46675,48615,95290
202112,4호선,대야미,111177,99363,210540
202112,4호선,동대문,427672,442482,870154
202112,4호선,동대문역사문화공원,335052,308635,643687
202112,4호선,동작,30604,34389,64993
202112,4호선,명동,457228,482289,939517
202112,4호선,미아,335586,323876,659462
202112,4호선,미아사거리,619674,601253,1220927
202112,4호선,반월,96360,92164,188524
202112,4호선,범계,577122,571501,1148623
202112,4호선,사당,550743,462311,1013054
202112,4호선,산본,354464,373331,727795
202112,4호선,삼각지,109511,122284,231795
202112,4호선,상계,425922,394172,820094
202112,4호선,상록수,351866,356709,708575
202112,4호선,서울역,239848,363279,603127
202112,4호선,선바위,184621,161542,346163
202112,4호선,성신여대입구,447802,431354,879156
202112,4호선,수리산,96211,77876,174087
202112,4호선,수유,759290,761357,1520647
202112,4호선,숙대입구,287897,281567,569464
202112,4호선,신길온천,38328,35376,73704
202112,4호선,신용산,370189,392184,762373
202112,4호선,쌍문,662843,607514,1270357
202112,4호선,안산,256920,232771,489691
202112,4호선,오이도,184397,179565,363962
202112,4호선,이촌,161256,177873,339129
202112,4호선,인덕원,539244,559418,1098662
202112,4호선,정부과천청사,239218,236433,475651
202112,4호선,정왕,195927,202289,398216
202112,4호선,중앙,390681,409812,800493
202112,4호선,창동,566070,598947,1165017
202112,4호선,초지,104037,109072,213109
202112,4호선,총신대입구,418052,453155,871207
202112,4호선,충무로,581624,607822,1189446
202112,4호선,평촌,404587,399715,804302
202112,4호선,한대앞,207003,207934,414937
202112,4호선,한성대입구,300978,293491,594469
202112,4호선,혜화,712061,716036,1428097
202112,4호선,회현,553334,589641,1142975
