사용일자,호선명,지하철역,승차총승객수,하차총승객수,승하차총승객수
20210101,공항철도,검암,1756,1969,3725
20210101,공항철도,계양,2176,2128,4304
20210101,공항철도,공덕,543,759,1302
20210101,공항철도,공항화물청사,915,945,1860
20210101,공항철도,김포공항,4299,2762,7061
20210101,공항철도,디지털미디어시티,1919,1767,3686
20210101,공항철도,마곡나루,752,839,1591
20210101,공항철도,서울,2366,2474,4840
20210101,공항철도,영종,1226,1079,2305
20210101,공항철도,운서,2999,2910,5909
20210101,공항철도,인천공항1터미널,2532,2708,5240
20210101,공항철도,인천공항2터미널,1405,1294,2699
20210101,공항철도,청라국제도시,1349,1307,2656
20210101,공항철도,홍대입구,2865,2534,5399
20210104,공항철도,검암,5760,5549,11309
20210104,공항철도,계양,7388,6963,14351
20210104,공항철도,공덕,1746,2158,3904
20210104,공항철도,공항화물청사,1994,2189,4183
20210104,공항철도,김포공항,7521,4229,11750
20210104,공항철도,디지털미디어시티,11595,10386,21981
20210104,공항철도,마곡나루,6209,5865,12074
20210104,공항철도,서울,4854,4252,9106
20210104,공항철도,영종,2130,2147,4277
20210104,공항철도,운서,4612,4677,9289
20210104,공항철도,인천공항1터미널,2727,2853,5580
20210104,공항철도,인천공항2터미널,1684,1703,3387
20210104,공항철도,청라국제도시,5208,4856,10064
20210104,공항철도,홍대입구,5280,5727,11007
20210105,공항철도,검암,5631,5547,11178
20210105,공항철도,계양,7208,6741,13949
20210105,공항철도,공덕,1694,2205,3899
20210105,공항철도,공항화물청사,2018,2257,4275
20210105,공항철도,김포공항,6550,3941,10491
20210105,공항철도,디지털미디어시티,11440,10167,21607
20210105,공항철도,마곡나루,6070,5697,11767
20210105,공항철도,서울,4458,3909,8367
20210105,공항철도,영종,2063,2105,4168
20210105,공항철도,운서,4721,4737,9458
20210105,공항철도,인천공항1터미널,2948,3150,6098
20210105,공항철도,인천공항2터미널,1742,1710,3452
20210105,공항철도,청라국제도시,5225,4949,10174
20210105,공항철도,홍대입구,5231,5462,10693
20210106,공항철도,검암,5680,5317,10997
20210106,공항철도,계양,7001,6890,13891
20210106,공항철도,공덕,1733,2298,4031
20210106,공항철도,공항화물청사,2197,2290,4487
20210106,공항철도,김포공항,6745,4169,10914
20210106,공항철도,디지털미디어시티,12022,10160,22182
20210106,공항철도,마곡나루,6170,5574,11744
20210106,공항철도,서울,4575,4120,8695
20210106,공항철도,영종,2021,2150,4171
20210106,공항철도,운서,4658,4669,9327
20210106,공항철도,인천공항1터미널,3030,3133,6163
20210106,공항철도,인천공항2터미널,1805,1628,3433
20210106,공항철도,청라국제도시,5183,4997,10180
20210106,공항철도,홍대입구,5501,5737,11238
20210107,공항철도,검암,5724,5749,11473
20210107,공항철도,계양,7086,6822,13908
20210107,공항철도,공덕,1783,2328,4111
20210107,공항철도,공항화물청사,2360,2770,5130
20210107,공항철도,김포공항,5841,4167,10008
20210107,공항철도,디지털미디어시티,12346,11188,23534
20210107,공항철도,마곡나루,6299,6207,12506
20210107,공항철도,서울,4989,4357,9346
20210107,공항철도,영종,2138,2139,4277
20210107,공항철도,운서,4879,4819,9698
20210107,공항철도,인천공항1터미널,3312,3706,7018
20210107,공항철도,인천공항2터미널,1998,2077,4075
20210107,공항철도,청라국제도시,5749,5418,11167
20210107,공항철도,홍대입구,5346,5641,10987
20210108,공항철도,검암,5504,5321,10825
20210108,공항철도,계양,6827,6469,13296
20210108,공항철도,공덕,1648,2222,3870
20210108,공항철도,공항화물청사,2112,2332,4444
20210108,공항철도,김포공항,6197,3857,10054
20210108,공항철도,디지털미디어시티,11313,9936,21249
20210108,공항철도,마곡나루,5460,5104,10564
20210108,공항철도,서울,5367,4906,10273
20210108,공항철도,영종,2002,2044,4046
20210108,공항철도,운서,4608,4637,9245
20210108,공항철도,인천공항1터미널,2996,3340,6336
20210108,공항철도,인천공항2터미널,1920,1839,3759
20210108,공항철도,청라국제도시,5211,4921,10132
20210108,공항철도,홍대입구,5380,5621,11001
20210111,공항철도,검암,5704,5572,11276
20210111,공항철도,계양,7372,6849,14221
20210111,공항철도,공덕,1733,2265,3998
20210111,공항철도,공항화물청사,2040,2229,4269
20210111,공항철도,김포공항,6713,4406,11119
20210111,공항철도,디지털미디어시티,11784,10465,22249
20210111,공항철도,마곡나루,6319,6016,12335
20210111,공항철도,서울,4937,4552,9489
20210111,공항철도,영종,2143,2154,4297
20210111,공항철도,운서,4631,4632,9263
20210111,공항철도,인천공항1터미널,2804,2926,5730
20210111,공항철도,인천공항2터미널,1733,1679,3412
20210111,공항철도,청라국제도시,5404,4985,10389
20210111,공항철도,홍대입구,5559,5630,11189
20210112,공항철도,검암,6029,5729,11758
20210112,공항철도,계양,7404,7242,14646
20210112,공항철도,공덕,1820,2463,4283
20210112,공항철도,공항화물청사,2245,2281,4526
20210112,공항철도,김포공항,6911,4363,11274
20210112,공항철도,디지털미디어시티,12972,10883,23855
20210112,공항철도,마곡나루,7410,6051,13461
20210112,공항철도,서울,5254,4591,9845
20210112,공항철도,영종,2169,2261,4430
20210112,공항철도,운서,4849,4879,9728
20210112,공항철도,인천공항1터미널,3206,3426,6632
20210112,공항철도,인천공항2터미널,1895,1856,3751
20210112,공항철도,청라국제도시,5579,5437,11016
20210112,공항철도,홍대입구,5917,6042,11959
20210113,공항철도,검암,5939,5677,11616
20210113,공항철도,계양,7556,7094,14650
20210113,공항철도,공덕,1884,2390,4274
20210113,공항철도,공항화물청사,2152,2386,4538
20210113,공항철도,김포공항,6637,4327,10964
20210113,공항철도,디지털미디어시티,12150,10887,23037
20210113,공항철도,마곡나루,6569,6429,12998
20210113,공항철도,서울,5100,4603,9703
20210113,공항철도,영종,2185,2277,4462
20210113,공항철도,운서,4965,5031,9996
20210113,공항철도,인천공항1터미널,3128,3341,6469
20210113,공항철도,인천공항2터미널,1797,1736,3533
20210113,공항철도,청라국제도시,5722,5314,11036
20210113,공항철도,홍대입구,6079,6076,12155
20210114,공항철도,검암,6057,5785,11842
20210114,공항철도,계양,7571,7063,14634
20210114,공항철도,공덕,1811,2306,4117
20210114,공항철도,공항화물청사,2165,2308,4473
20210114,공항철도,김포공항,7038,4476,11514
20210114,공항철도,디지털미디어시티,11935,10680,22615
20210114,공항철도,마곡나루,6542,6170,12712
20210114,공항철도,서울,5231,4650,9881
20210114,공항철도,영종,2259,2287,4546
20210114,공항철도,운서,4872,4955,9827
20210114,공항철도,인천공항1터미널,2989,3228,6217
20210114,공항철도,인천공항2터미널,1805,1675,3480
20210114,공항철도,청라국제도시,5578,5269,10847
20210114,공항철도,홍대입구,6145,6282,12427
20210115,공항철도,검암,6160,5852,12012
20210115,공항철도,계양,7533,7111,14644
20210115,공항철도,공덕,1872,2338,4210
20210115,공항철도,공항화물청사,2175,2286,4461
20210115,공항철도,김포공항,8755,5092,13847
20210115,공항철도,디지털미디어시티,11791,10241,22032
20210115,공항철도,마곡나루,6317,5923,12240
20210115,공항철도,서울,5969,5567,11536
20210115,공항철도,영종,2252,2439,4691
20210115,공항철도,운서,5094,5082,10176
20210115,공항철도,인천공항1터미널,3093,3412,6505
20210115,공항철도,인천공항2터미널,1831,1727,3558
20210115,공항철도,청라국제도시,5716,5316,11032
20210115,공항철도,홍대입구,6533,6804,13337
20210118,공항철도,검암,6135,5879,12014
20210118,공항철도,계양,7744,7467,15211
20210118,공항철도,공덕,1915,2465,4380
20210118,공항철도,공항화물청사,2204,2493,4697
20210118,공항철도,김포공항,8030,5088,13118
20210118,공항철도,디지털미디어시티,13121,11557,24678
20210118,공항철도,마곡나루,6912,6745,13657
20210118,공항철도,서울,5407,4867,10274
20210118,공항철도,영종,2442,2367,4809
20210118,공항철도,운서,5100,5069,10169
20210118,공항철도,인천공항1터미널,3051,3164,6215
20210118,공항철도,인천공항2터미널,1863,1926,3789
20210118,공항철도,청라국제도시,5965,5641,11606
20210118,공항철도,홍대입구,5986,6194,12180
20210119,공항철도,검암,5975,5730,11705
20210119,공항철도,계양,7505,7050,14555
20210119,공항철도,공덕,1875,2389,4264
20210119,공항철도,공항화물청사,2107,2331,4438
20210119,공항철도,김포공항,7027,4640,11667
20210119,공항철도,디지털미디어시티,12373,10973,23346
20210119,공항철도,마곡나루,6657,6258,12915
20210119,공항철도,서울,5281,4612,9893
20210119,공항철도,영종,2187,2195,4382
20210119,공항철도,운서,4870,4907,9777
20210119,공항철도,인천공항1터미널,3132,3272,6404
20210119,공항철도,인천공항2터미널,1743,1771,3514
20210119,공항철도,청라국제도시,5658,5350,11008
20210119,공항철도,홍대입구,6308,6235,12543
20210120,공항철도,검암,6204,5967,12171
20210120,공항철도,계양,7826,7313,15139
20210120,공항철도,공덕,1934,2455,4389
20210120,공항철도,공항화물청사,2135,2301,4436
20210120,공항철도,김포공항,7282,4654,11936
20210120,공항철도,디지털미디어시티,12796,11453,24249
20210120,공항철도,마곡나루,6886,6574,13460
20210120,공항철도,서울,5386,5011,10397
20210120,공항철도,영종,2396,2422,4818
20210120,공항철도,운서,5081,5066,10147
20210120,공항철도,인천공항1터미널,3029,3191,6220
20210120,공항철도,인천공항2터미널,1803,1676,3479
20210120,공항철도,청라국제도시,5773,5423,11196
20210120,공항철도,홍대입구,6822,6685,13507
20210121,공항철도,검암,6167,5725,11892
20210121,공항철도,계양,7646,7150,14796
20210121,공항철도,공덕,1844,2447,4291
20210121,공항철도,공항화물청사,2068,2395,4463
20210121,공항철도,김포공항,7740,4717,12457
20210121,공항철도,디지털미디어시티,12802,11376,24178
20210121,공항철도,마곡나루,6644,6369,13013
20210121,공항철도,서울,5346,4894,10240
20210121,공항철도,영종,2252,2275,4527
20210121,공항철도,운서,4900,4749,9649
20210121,공항철도,인천공항1터미널,2953,3138,6091
20210121,공항철도,인천공항2터미널,1763,1645,3408
20210121,공항철도,청라국제도시,5705,5420,11125
20210121,공항철도,홍대입구,6337,6574,12911
20210122,공항철도,검암,6241,6021,12262
20210122,공항철도,계양,7912,7456,15368
20210122,공항철도,공덕,1956,2611,4567
20210122,공항철도,공항화물청사,2207,2339,4546
20210122,공항철도,김포공항,9595,5332,14927
20210122,공항철도,디지털미디어시티,12397,10953,23350
20210122,공항철도,마곡나루,6740,6260,13000
20210122,공항철도,서울,6149,5800,11949
20210122,공항철도,영종,2447,2538,4985
20210122,공항철도,운서,5250,5206,10456
20210122,공항철도,인천공항1터미널,3076,3325,6401
20210122,공항철도,인천공항2터미널,1717,1679,3396
20210122,공항철도,청라국제도시,5873,5584,11457
20210122,공항철도,홍대입구,7299,7526,14825
20210125,공항철도,검암,6345,6042,12387
20210125,공항철도,계양,8021,7516,15537
20210125,공항철도,공덕,1983,2498,4481
20210125,공항철도,공항화물청사,2095,2271,4366
20210125,공항철도,김포공항,7959,5080,13039
20210125,공항철도,디지털미디어시티,12745,11354,24099
20210125,공항철도,마곡나루,7052,6787,13839
20210125,공항철도,서울,5507,5040,10547
20210125,공항철도,영종,2553,2562,5115
20210125,공항철도,운서,5163,5192,10355
20210125,공항철도,인천공항1터미널,2939,3134,6073
20210125,공항철도,인천공항2터미널,1742,1680,3422
20210125,공항철도,청라국제도시,5976,5566,11542
20210125,공항철도,홍대입구,6902,6773,13675
20210126,공항철도,검암,6203,5934,12137
20210126,공항철도,계양,8033,7529,15562
20210126,공항철도,공덕,1949,2553,4502
20210126,공항철도,공항화물청사,2174,2333,4507
20210126,공항철도,김포공항,7514,4870,12384
20210126,공항철도,디지털미디어시티,13041,11575,24616
20210126,공항철도,마곡나루,7010,6624,13634
20210126,공항철도,서울,5410,4870,10280
20210126,공항철도,영종,2396,2342,4738
20210126,공항철도,운서,5096,5185,10281
20210126,공항철도,인천공항1터미널,3178,3203,6381
20210126,공항철도,인천공항2터미널,1792,1711,3503
20210126,공항철도,청라국제도시,5898,5512,11410
20210126,공항철도,홍대입구,6767,6906,13673
20210127,공항철도,검암,6354,6103,12457
20210127,공항철도,계양,8146,7614,15760
20210127,공항철도,공덕,2066,2520,4586
20210127,공항철도,공항화물청사,2179,2391,4570
20210127,공항철도,김포공항,7919,5006,12925
20210127,공항철도,디지털미디어시티,13015,11684,24699
20210127,공항철도,마곡나루,7072,6880,13952
20210127,공항철도,서울,5643,5022,10665
20210127,공항철도,영종,2536,2573,5109
20210127,공항철도,운서,5291,5294,10585
20210127,공항철도,인천공항1터미널,3085,3185,6270
20210127,공항철도,인천공항2터미널,1760,1661,3421
20210127,공항철도,청라국제도시,6080,5739,11819
20210127,공항철도,홍대입구,7270,7171,14441
20210128,공항철도,검암,6325,6058,12383
20210128,공항철도,계양,7909,7492,15401
20210128,공항철도,공덕,1943,2566,4509
20210128,공항철도,공항화물청사,2246,2480,4726
20210128,공항철도,김포공항,8192,5170,13362
20210128,공항철도,디지털미디어시티,13438,11760,25198
20210128,공항철도,마곡나루,6831,6598,13429
20210128,공항철도,서울,5614,5183,10797
20210128,공항철도,영종,2393,2391,4784
20210128,공항철도,운서,5191,5151,10342
20210128,공항철도,인천공항1터미널,3201,3313,6514
20210128,공항철도,인천공항2터미널,1860,1755,3615
20210128,공항철도,청라국제도시,5902,5534,11436
20210128,공항철도,홍대입구,6722,6892,13614
20210129,공항철도,검암,6095,5971,12066
20210129,공항철도,계양,7868,7411,15279
20210129,공항철도,공덕,1913,2620,4533
20210129,공항철도,공항화물청사,2142,2276,4418
20210129,공항철도,김포공항,10182,5826,16008
20210129,공항철도,디지털미디어시티,12353,10970,23323
20210129,공항철도,마곡나루,6499,5971,12470
20210129,공항철도,서울,6068,5725,11793
20210129,공항철도,영종,2279,2390,4669
20210129,공항철도,운서,5175,5106,10281
20210129,공항철도,인천공항1터미널,3127,3301,6428
20210129,공항철도,인천공항2터미널,1849,1803,3652
20210129,공항철도,청라국제도시,5820,5403,11223
20210129,공항철도,홍대입구,7281,7340,14621
20210201,공항철도,검암,6400,6109,12509
20210201,공항철도,계양,8207,7713,15920
20210201,공항철도,공덕,1941,2507,4448
20210201,공항철도,공항화물청사,2144,2313,4457
20210201,공항철도,김포공항,8878,5416,14294
20210201,공항철도,디지털미디어시티,12926,11659,24585
20210201,공항철도,마곡나루,7152,6897,14049
20210201,공항철도,서울,5339,5034,10373
20210201,공항철도,영종,2511,2571,5082
20210201,공항철도,운서,5267,5284,10551
20210201,공항철도,인천공항1터미널,2881,2992,5873
20210201,공항철도,인천공항2터미널,1813,1704,3517
20210201,공항철도,청라국제도시,5870,5534,11404
20210201,공항철도,홍대입구,7135,7020,14155
20210202,공항철도,검암,6317,5995,12312
20210202,공항철도,계양,8079,7591,15670
20210202,공항철도,공덕,1987,2501,4488
20210202,공항철도,공항화물청사,2200,2404,4604
20210202,공항철도,김포공항,7912,5186,13098
20210202,공항철도,디지털미디어시티,13210,11904,25114
20210202,공항철도,마곡나루,7038,6721,13759
20210202,공항철도,서울,5309,4804,10113
20210202,공항철도,영종,2444,2456,4900
20210202,공항철도,운서,5269,5155,10424
20210202,공항철도,인천공항1터미널,3034,3148,6182
20210202,공항철도,인천공항2터미널,1761,1689,3450
20210202,공항철도,청라국제도시,6024,5574,11598
20210202,공항철도,홍대입구,6864,6908,13772
20210203,공항철도,검암,6495,6083,12578
20210203,공항철도,계양,8206,7933,16139
20210203,공항철도,공덕,1978,2673,4651
20210203,공항철도,공항화물청사,2190,2362,4552
20210203,공항철도,김포공항,8693,5338,14031
20210203,공항철도,디지털미디어시티,14001,11982,25983
20210203,공항철도,마곡나루,7448,6808,14256
20210203,공항철도,서울,5609,5103,10712
20210203,공항철도,영종,2456,2548,5004
20210203,공항철도,운서,5234,5233,10467
20210203,공항철도,인천공항1터미널,3010,3165,6175
20210203,공항철도,인천공항2터미널,1834,1661,3495
20210203,공항철도,청라국제도시,6055,5787,11842
20210203,공항철도,홍대입구,7474,7429,14903
20210204,공항철도,검암,6407,6380,12787
20210204,공항철도,계양,8458,7909,16367
20210204,공항철도,공덕,1993,2637,4630
20210204,공항철도,공항화물청사,2309,2554,4863
20210204,공항철도,김포공항,9013,5823,14836
20210204,공항철도,디지털미디어시티,13874,12531,26405
20210204,공항철도,마곡나루,7307,7199,14506
20210204,공항철도,서울,5737,5292,11029
20210204,공항철도,영종,2494,2503,4997
20210204,공항철도,운서,5451,5427,10878
20210204,공항철도,인천공항1터미널,3246,3373,6619
20210204,공항철도,인천공항2터미널,1888,1897,3785
20210204,공항철도,청라국제도시,6276,5872,12148
20210204,공항철도,홍대입구,7499,7488,14987
20210205,공항철도,검암,6486,6289,12775
20210205,공항철도,계양,8634,7867,16501
20210205,공항철도,공덕,2110,2772,4882
20210205,공항철도,공항화물청사,2206,2412,4618
20210205,공항철도,김포공항,10468,6241,16709
20210205,공항철도,디지털미디어시티,13372,11743,25115
20210205,공항철도,마곡나루,7146,6576,13722
20210205,공항철도,서울,6542,6089,12631
20210205,공항철도,영종,2532,2677,5209
20210205,공항철도,운서,5463,5467,10930
20210205,공항철도,인천공항1터미널,3165,3386,6551
20210205,공항철도,인천공항2터미널,1808,1729,3537
20210205,공항철도,청라국제도시,6208,5778,11986
20210205,공항철도,홍대입구,8367,8439,16806
20210208,공항철도,검암,6443,6110,12553
20210208,공항철도,계양,8387,7905,16292
20210208,공항철도,공덕,1953,2503,4456
20210208,공항철도,공항화물청사,2102,2299,4401
20210208,공항철도,김포공항,9124,6346,15470
20210208,공항철도,디지털미디어시티,13428,11895,25323
20210208,공항철도,마곡나루,7171,6782,13953
20210208,공항철도,서울,5710,5736,11446
20210208,공항철도,영종,2488,2432,4920
20210208,공항철도,운서,5137,5230,10367
20210208,공항철도,인천공항1터미널,2884,3048,5932
20210208,공항철도,인천공항2터미널,1699,1538,3237
20210208,공항철도,청라국제도시,5996,5632,11628
20210208,공항철도,홍대입구,7274,7223,14497
20210209,공항철도,검암,6473,6187,12660
20210209,공항철도,계양,8336,7799,16135
20210209,공항철도,공덕,2011,2585,4596
20210209,공항철도,공항화물청사,2185,2377,4562
20210209,공항철도,김포공항,9136,6400,15536
20210209,공항철도,디지털미디어시티,13546,12046,25592
20210209,공항철도,마곡나루,6897,6564,13461
20210209,공항철도,서울,5638,5762,11400
20210209,공항철도,영종,2524,2506,5030
20210209,공항철도,운서,5552,5293,10845
20210209,공항철도,인천공항1터미널,3138,3345,6483
20210209,공항철도,인천공항2터미널,1758,1670,3428
20210209,공항철도,청라국제도시,6077,5683,11760
20210209,공항철도,홍대입구,8086,7651,15737
20210210,공항철도,검암,6058,5951,12009
20210210,공항철도,계양,7840,7539,15379
20210210,공항철도,공덕,2019,2496,4515
20210210,공항철도,공항화물청사,2144,2282,4426
20210210,공항철도,김포공항,11308,7365,18673
20210210,공항철도,디지털미디어시티,12415,10854,23269
20210210,공항철도,마곡나루,5988,5423,11411
20210210,공항철도,서울,6093,6196,12289
20210210,공항철도,영종,2544,2621,5165
20210210,공항철도,운서,5591,5115,10706
20210210,공항철도,인천공항1터미널,3004,3085,6089
20210210,공항철도,인천공항2터미널,1726,1635,3361
20210210,공항철도,청라국제도시,5713,5460,11173
20210210,공항철도,홍대입구,8462,7837,16299
20210211,공항철도,검암,2552,2699,5251
20210211,공항철도,계양,3190,3183,6373
20210211,공항철도,공덕,821,886,1707
20210211,공항철도,공항화물청사,964,970,1934
20210211,공항철도,김포공항,7466,4925,12391
20210211,공항철도,디지털미디어시티,2757,2197,4954
20210211,공항철도,마곡나루,1293,1191,2484
20210211,공항철도,서울,3164,4698,7862
20210211,공항철도,영종,1462,1664,3126
20210211,공항철도,운서,3640,3235,6875
20210211,공항철도,인천공항1터미널,2541,2535,5076
20210211,공항철도,인천공항2터미널,1488,1433,2921
20210211,공항철도,청라국제도시,1992,2041,4033
20210211,공항철도,홍대입구,5628,4632,10260
20210212,공항철도,검암,2212,2166,4378
20210212,공항철도,계양,2514,2369,4883
20210212,공항철도,공덕,616,754,1370
20210212,공항철도,공항화물청사,724,736,1460
20210212,공항철도,김포공항,6885,3940,10825
20210212,공항철도,디지털미디어시티,1941,1750,3691
20210212,공항철도,마곡나루,956,1066,2022
20210212,공항철도,서울,3375,3051,6426
20210212,공항철도,영종,1326,1331,2657
20210212,공항철도,운서,2848,3104,5952
20210212,공항철도,인천공항1터미널,2480,2520,5000
20210212,공항철도,인천공항2터미널,1425,1301,2726
20210212,공항철도,청라국제도시,1442,1375,2817
20210212,공항철도,홍대입구,3339,3332,6671
20210215,공항철도,검암,6256,5934,12190
20210215,공항철도,계양,8203,7714,15917
20210215,공항철도,공덕,1940,2506,4446
20210215,공항철도,공항화물청사,2128,2300,4428
20210215,공항철도,김포공항,11525,6139,17664
20210215,공항철도,디지털미디어시티,12709,11543,24252
20210215,공항철도,마곡나루,6506,6361,12867
20210215,공항철도,서울,6565,5128,11693
20210215,공항철도,영종,2540,2584,5124
20210215,공항철도,운서,5087,5445,10532
20210215,공항철도,인천공항1터미널,2870,2924,5794
20210215,공항철도,인천공항2터미널,1733,1581,3314
20210215,공항철도,청라국제도시,5865,5517,11382
20210215,공항철도,홍대입구,7224,7715,14939
20210216,공항철도,검암,6511,6292,12803
20210216,공항철도,계양,8481,7874,16355
20210216,공항철도,공덕,1993,2660,4653
20210216,공항철도,공항화물청사,2188,2347,4535
20210216,공항철도,김포공항,10444,5655,16099
20210216,공항철도,디지털미디어시티,13528,12252,25780
20210216,공항철도,마곡나루,7142,6726,13868
20210216,공항철도,서울,6451,5512,11963
20210216,공항철도,영종,2532,2517,5049
20210216,공항철도,운서,5443,5431,10874
20210216,공항철도,인천공항1터미널,3173,3308,6481
20210216,공항철도,인천공항2터미널,1709,1695,3404
20210216,공항철도,청라국제도시,6174,5861,12035
20210216,공항철도,홍대입구,7288,7557,14845
20210217,공항철도,검암,6252,6225,12477
20210217,공항철도,계양,8161,7723,15884
20210217,공항철도,공덕,2022,2685,4707
20210217,공항철도,공항화물청사,2114,2328,4442
20210217,공항철도,김포공항,9613,5461,15074
20210217,공항철도,디지털미디어시티,13286,11872,25158
20210217,공항철도,마곡나루,7005,6679,13684
20210217,공항철도,서울,6257,5632,11889
20210217,공항철도,영종,2359,2456,4815
20210217,공항철도,운서,5134,5078,10212
20210217,공항철도,인천공항1터미널,3045,3122,6167
20210217,공항철도,인천공항2터미널,1802,1684,3486
20210217,공항철도,청라국제도시,6109,5760,11869
20210217,공항철도,홍대입구,7477,7769,15246
20210218,공항철도,검암,6368,6237,12605
20210218,공항철도,계양,8428,7798,16226
20210218,공항철도,공덕,2048,2708,4756
20210218,공항철도,공항화물청사,2192,2408,4600
20210218,공항철도,김포공항,10111,5529,15640
20210218,공항철도,디지털미디어시티,13306,11969,25275
20210218,공항철도,마곡나루,7228,6913,14141
20210218,공항철도,서울,6453,5879,12332
20210218,공항철도,영종,2512,2587,5099
20210218,공항철도,운서,5301,5381,10682
20210218,공항철도,인천공항1터미널,2965,3204,6169
20210218,공항철도,인천공항2터미널,1803,1763,3566
20210218,공항철도,청라국제도시,6123,5792,11915
20210218,공항철도,홍대입구,8162,8182,16344
20210219,공항철도,검암,6910,6618,13528
20210219,공항철도,계양,8832,7955,16787
20210219,공항철도,공덕,2127,2946,5073
20210219,공항철도,공항화물청사,2150,2337,4487
20210219,공항철도,김포공항,12501,6687,19188
20210219,공항철도,디지털미디어시티,13616,12109,25725
20210219,공항철도,마곡나루,7310,6931,14241
20210219,공항철도,서울,7534,7244,14778
20210219,공항철도,영종,2730,2800,5530
20210219,공항철도,운서,5734,5821,11555
20210219,공항철도,인천공항1터미널,3441,3705,7146
20210219,공항철도,인천공항2터미널,1859,1776,3635
20210219,공항철도,청라국제도시,6458,6099,12557
20210219,공항철도,홍대입구,9303,9453,18756
20210222,공항철도,검암,6723,6435,13158
20210222,공항철도,계양,8706,8160,16866
20210222,공항철도,공덕,2069,2592,4661
20210222,공항철도,공항화물청사,2196,2369,4565
20210222,공항철도,김포공항,10064,6274,16338
20210222,공항철도,디지털미디어시티,13866,12447,26313
20210222,공항철도,마곡나루,7340,7213,14553
20210222,공항철도,서울,6260,5828,12088
20210222,공항철도,영종,2725,2721,5446
20210222,공항철도,운서,5524,5569,11093
20210222,공항철도,인천공항1터미널,3183,3183,6366
20210222,공항철도,인천공항2터미널,1794,1664,3458
20210222,공항철도,청라국제도시,6339,5866,12205
20210222,공항철도,홍대입구,7882,7776,15658
20210223,공항철도,검암,6730,6588,13318
20210223,공항철도,계양,8729,8049,16778
20210223,공항철도,공덕,2016,2693,4709
20210223,공항철도,공항화물청사,2223,2404,4627
20210223,공항철도,김포공항,9871,5802,15673
20210223,공항철도,디지털미디어시티,13823,12485,26308
20210223,공항철도,마곡나루,7506,7149,14655
20210223,공항철도,서울,6190,5564,11754
20210223,공항철도,영종,2724,2684,5408
20210223,공항철도,운서,5507,5630,11137
20210223,공항철도,인천공항1터미널,3328,3358,6686
20210223,공항철도,인천공항2터미널,1716,1584,3300
20210223,공항철도,청라국제도시,6354,5880,12234
20210223,공항철도,홍대입구,7905,7952,15857
20210224,공항철도,검암,6834,6511,13345
20210224,공항철도,계양,8712,8167,16879
20210224,공항철도,공덕,2103,2776,4879
20210224,공항철도,공항화물청사,2173,2416,4589
20210224,공항철도,김포공항,10437,6063,16500
20210224,공항철도,디지털미디어시티,13766,12305,26071
20210224,공항철도,마곡나루,7706,7279,14985
20210224,공항철도,서울,6356,5779,12135
20210224,공항철도,영종,2697,2724,5421
20210224,공항철도,운서,5591,5596,11187
20210224,공항철도,인천공항1터미널,3304,3498,6802
20210224,공항철도,인천공항2터미널,1836,1764,3600
20210224,공항철도,청라국제도시,6466,6013,12479
20210224,공항철도,홍대입구,8209,8382,16591
20210225,공항철도,검암,6760,6724,13484
20210225,공항철도,계양,8734,7989,16723
20210225,공항철도,공덕,2054,2819,4873
20210225,공항철도,공항화물청사,2223,2381,4604
20210225,공항철도,김포공항,10814,5722,16536
20210225,공항철도,디지털미디어시티,14232,12470,26702
20210225,공항철도,마곡나루,7378,7092,14470
20210225,공항철도,서울,6761,6182,12943
20210225,공항철도,영종,2767,2813,5580
20210225,공항철도,운서,5827,5863,11690
20210225,공항철도,인천공항1터미널,3296,3382,6678
20210225,공항철도,인천공항2터미널,1854,1725,3579
20210225,공항철도,청라국제도시,6580,6184,12764
20210225,공항철도,홍대입구,8592,8622,17214
20210226,공항철도,검암,7262,6869,14131
20210226,공항철도,계양,9067,8142,17209
20210226,공항철도,공덕,2184,2872,5056
20210226,공항철도,공항화물청사,2164,2375,4539
20210226,공항철도,김포공항,13414,6995,20409
20210226,공항철도,디지털미디어시티,13806,12081,25887
20210226,공항철도,마곡나루,7353,6886,14239
20210226,공항철도,서울,7913,7834,15747
20210226,공항철도,영종,2871,3069,5940
20210226,공항철도,운서,6044,5962,12006
20210226,공항철도,인천공항1터미널,3616,3882,7498
20210226,공항철도,인천공항2터미널,2040,1865,3905
20210226,공항철도,청라국제도시,6640,6143,12783
20210226,공항철도,홍대입구,9749,9755,19504
20210301,공항철도,검암,2393,2485,4878
20210301,공항철도,계양,3299,3514,6813
20210301,공항철도,공덕,788,1068,1856
20210301,공항철도,공항화물청사,873,1028,1901
20210301,공항철도,김포공항,10857,4581,15438
20210301,공항철도,디지털미디어시티,3018,3064,6082
20210301,공항철도,마곡나루,1332,1544,2876
20210301,공항철도,서울,6019,6673,12692
20210301,공항철도,영종,1668,1446,3114
20210301,공항철도,운서,3402,3525,6927
20210301,공항철도,인천공항1터미널,2236,2291,4527
20210301,공항철도,인천공항2터미널,1460,1290,2750
20210301,공항철도,청라국제도시,2116,2032,4148
20210301,공항철도,홍대입구,5159,4873,10032
20210302,공항철도,검암,6600,6459,13059
20210302,공항철도,계양,8894,8217,17111
20210302,공항철도,공덕,2084,2691,4775
20210302,공항철도,공항화물청사,2275,2465,4740
20210302,공항철도,김포공항,10672,5942,16614
20210302,공항철도,디지털미디어시티,13731,12421,26152
20210302,공항철도,마곡나루,7395,7105,14500
20210302,공항철도,서울,6164,5516,11680
20210302,공항철도,영종,2566,2643,5209
20210302,공항철도,운서,5537,5561,11098
20210302,공항철도,인천공항1터미널,3086,3201,6287
20210302,공항철도,인천공항2터미널,1697,1608,3305
20210302,공항철도,청라국제도시,6335,5810,12145
20210302,공항철도,홍대입구,7289,7329,14618
20210303,공항철도,검암,6804,6629,13433
20210303,공항철도,계양,8837,8279,17116
20210303,공항철도,공덕,2124,2768,4892
20210303,공항철도,공항화물청사,2252,2452,4704
20210303,공항철도,김포공항,9775,5653,15428
20210303,공항철도,디지털미디어시티,14088,12749,26837
20210303,공항철도,마곡나루,7832,7420,15252
20210303,공항철도,서울,5952,5517,11469
20210303,공항철도,영종,2663,2682,5345
20210303,공항철도,운서,5700,5722,11422
20210303,공항철도,인천공항1터미널,3097,3301,6398
20210303,공항철도,인천공항2터미널,1854,1709,3563
20210303,공항철도,청라국제도시,6402,6010,12412
20210303,공항철도,홍대입구,7582,7608,15190
20210304,공항철도,검암,6784,6684,13468
20210304,공항철도,계양,8926,8352,17278
20210304,공항철도,공덕,2122,2773,4895
20210304,공항철도,공항화물청사,2215,2451,4666
20210304,공항철도,김포공항,10044,5545,15589
20210304,공항철도,디지털미디어시티,14214,12768,26982
20210304,공항철도,마곡나루,7938,7590,15528
20210304,공항철도,서울,6150,5521,11671
20210304,공항철도,영종,2617,2744,5361
20210304,공항철도,운서,5733,5774,11507
20210304,공항철도,인천공항1터미널,3118,3229,6347
20210304,공항철도,인천공항2터미널,1839,1745,3584
20210304,공항철도,청라국제도시,6468,6070,12538
20210304,공항철도,홍대입구,7872,8005,15877
20210305,공항철도,검암,6827,6663,13490
20210305,공항철도,계양,9351,8644,17995
20210305,공항철도,공덕,2203,2935,5138
20210305,공항철도,공항화물청사,2218,2420,4638
20210305,공항철도,김포공항,12052,6605,18657
20210305,공항철도,디지털미디어시티,14260,12587,26847
20210305,공항철도,마곡나루,8030,7642,15672
20210305,공항철도,서울,7766,7160,14926
20210305,공항철도,영종,2929,3092,6021
20210305,공항철도,운서,6023,6003,12026
20210305,공항철도,인천공항1터미널,3239,3545,6784
20210305,공항철도,인천공항2터미널,1820,1788,3608
20210305,공항철도,청라국제도시,6785,6361,13146
20210305,공항철도,홍대입구,9237,9338,18575
20210308,공항철도,검암,6657,6419,13076
20210308,공항철도,계양,9071,8198,17269
20210308,공항철도,공덕,2084,2711,4795
20210308,공항철도,공항화물청사,2144,2315,4459
20210308,공항철도,김포공항,10580,5888,16468
20210308,공항철도,디지털미디어시티,14020,12503,26523
20210308,공항철도,마곡나루,7754,7580,15334
20210308,공항철도,서울,6063,5694,11757
20210308,공항철도,영종,2771,2718,5489
20210308,공항철도,운서,5597,5572,11169
20210308,공항철도,인천공항1터미널,2780,2934,5714
20210308,공항철도,인천공항2터미널,1709,1565,3274
20210308,공항철도,청라국제도시,6365,5887,12252
20210308,공항철도,홍대입구,7468,7540,15008
20210309,공항철도,검암,6800,6598,13398
20210309,공항철도,계양,9015,8329,17344
20210309,공항철도,공덕,2131,2751,4882
20210309,공항철도,공항화물청사,2190,2446,4636
20210309,공항철도,김포공항,9684,5705,15389
20210309,공항철도,디지털미디어시티,14149,12750,26899
20210309,공항철도,마곡나루,7930,7712,15642
20210309,공항철도,서울,6119,5572,11691
20210309,공항철도,영종,2774,2759,5533
20210309,공항철도,운서,5840,5736,11576
20210309,공항철도,인천공항1터미널,3015,3056,6071
20210309,공항철도,인천공항2터미널,1781,1670,3451
20210309,공항철도,청라국제도시,6418,6041,12459
20210309,공항철도,홍대입구,7590,7775,15365
20210310,공항철도,검암,6831,6700,13531
20210310,공항철도,계양,9109,8236,17345
20210310,공항철도,공덕,2106,2758,4864
20210310,공항철도,공항화물청사,2226,2411,4637
20210310,공항철도,김포공항,9789,5711,15500
20210310,공항철도,디지털미디어시티,14145,12774,26919
20210310,공항철도,마곡나루,8081,7666,15747
20210310,공항철도,서울,6151,5489,11640
20210310,공항철도,영종,2734,2860,5594
20210310,공항철도,운서,5743,5794,11537
20210310,공항철도,인천공항1터미널,3064,3212,6276
20210310,공항철도,인천공항2터미널,1805,1702,3507
20210310,공항철도,청라국제도시,6552,6200,12752
20210310,공항철도,홍대입구,8082,7871,15953
20210311,공항철도,검암,6820,6685,13505
20210311,공항철도,계양,9095,8422,17517
20210311,공항철도,공덕,2095,2746,4841
20210311,공항철도,공항화물청사,2296,2475,4771
20210311,공항철도,김포공항,10516,6095,16611
20210311,공항철도,디지털미디어시티,13997,12585,26582
20210311,공항철도,마곡나루,7961,7765,15726
20210311,공항철도,서울,6504,5894,12398
20210311,공항철도,영종,2836,2846,5682
20210311,공항철도,운서,5868,5928,11796
20210311,공항철도,인천공항1터미널,3033,3226,6259
20210311,공항철도,인천공항2터미널,1746,1678,3424
20210311,공항철도,청라국제도시,6586,6248,12834
20210311,공항철도,홍대입구,8159,8113,16272
20210312,공항철도,검암,7048,6834,13882
20210312,공항철도,계양,9194,8319,17513
20210312,공항철도,공덕,2311,3068,5379
20210312,공항철도,공항화물청사,2206,2390,4596
20210312,공항철도,김포공항,12767,6857,19624
20210312,공항철도,디지털미디어시티,14054,12411,26465
20210312,공항철도,마곡나루,8020,7475,15495
20210312,공항철도,서울,8138,7449,15587
20210312,공항철도,영종,2841,3053,5894
20210312,공항철도,운서,6141,6121,12262
20210312,공항철도,인천공항1터미널,3140,3438,6578
20210312,공항철도,인천공항2터미널,1854,1719,3573
20210312,공항철도,청라국제도시,6756,6422,13178
20210312,공항철도,홍대입구,9287,9412,18699
20210315,공항철도,검암,6866,6649,13515
20210315,공항철도,계양,9040,8242,17282
20210315,공항철도,공덕,2073,2666,4739
20210315,공항철도,공항화물청사,2107,2336,4443
20210315,공항철도,김포공항,11324,6190,17514
20210315,공항철도,디지털미디어시티,13881,12561,26442
20210315,공항철도,마곡나루,7952,7719,15671
20210315,공항철도,서울,6278,5984,12262
20210315,공항철도,영종,2833,2802,5635
20210315,공항철도,운서,5795,5740,11535
20210315,공항철도,인천공항1터미널,2838,2895,5733
20210315,공항철도,인천공항2터미널,1795,1653,3448
20210315,공항철도,청라국제도시,6581,6123,12704
20210315,공항철도,홍대입구,7501,7521,15022
20210316,공항철도,검암,6836,6667,13503
20210316,공항철도,계양,8998,8357,17355
20210316,공항철도,공덕,2075,2667,4742
20210316,공항철도,공항화물청사,2253,2459,4712
20210316,공항철도,김포공항,9891,5947,15838
20210316,공항철도,디지털미디어시티,14052,12684,26736
20210316,공항철도,마곡나루,8046,7772,15818
20210316,공항철도,서울,5939,5617,11556
20210316,공항철도,영종,2777,2810,5587
20210316,공항철도,운서,5760,5776,11536
20210316,공항철도,인천공항1터미널,3019,3212,6231
20210316,공항철도,인천공항2터미널,1796,1678,3474
20210316,공항철도,청라국제도시,6608,6092,12700
20210316,공항철도,홍대입구,7686,7722,15408
20210317,공항철도,검암,6896,6710,13606
20210317,공항철도,계양,9204,8405,17609
20210317,공항철도,공덕,2134,2774,4908
20210317,공항철도,공항화물청사,2338,2431,4769
20210317,공항철도,김포공항,9976,5823,15799
20210317,공항철도,디지털미디어시티,14273,12901,27174
20210317,공항철도,마곡나루,8222,7939,16161
20210317,공항철도,서울,6188,5746,11934
20210317,공항철도,영종,2831,2888,5719
20210317,공항철도,운서,5950,5984,11934
20210317,공항철도,인천공항1터미널,3108,3323,6431
20210317,공항철도,인천공항2터미널,1771,1662,3433
20210317,공항철도,청라국제도시,6528,6214,12742
20210317,공항철도,홍대입구,8039,8084,16123
20210318,공항철도,검암,6914,6891,13805
20210318,공항철도,계양,9327,8479,17806
20210318,공항철도,공덕,2148,2801,4949
20210318,공항철도,공항화물청사,2270,2490,4760
20210318,공항철도,김포공항,10848,6192,17040
20210318,공항철도,디지털미디어시티,14453,13054,27507
20210318,공항철도,마곡나루,8251,7902,16153
20210318,공항철도,서울,6797,6175,12972
20210318,공항철도,영종,2874,2891,5765
20210318,공항철도,운서,5943,5900,11843
20210318,공항철도,인천공항1터미널,3097,3294,6391
20210318,공항철도,인천공항2터미널,1766,1665,3431
20210318,공항철도,청라국제도시,6612,6257,12869
20210318,공항철도,홍대입구,8273,8234,16507
20210319,공항철도,검암,7230,7181,14411
20210319,공항철도,계양,9496,8669,18165
20210319,공항철도,공덕,2263,2954,5217
20210319,공항철도,공항화물청사,2264,2397,4661
20210319,공항철도,김포공항,13381,6936,20317
20210319,공항철도,디지털미디어시티,14306,12662,26968
20210319,공항철도,마곡나루,7948,7522,15470
20210319,공항철도,서울,8220,7883,16103
20210319,공항철도,영종,3021,3246,6267
20210319,공항철도,운서,6330,6244,12574
20210319,공항철도,인천공항1터미널,3178,3426,6604
20210319,공항철도,인천공항2터미널,1837,1801,3638
20210319,공항철도,청라국제도시,6875,6490,13365
20210319,공항철도,홍대입구,10008,10069,20077
20210322,공항철도,검암,6793,6461,13254
20210322,공항철도,계양,9103,8294,17397
20210322,공항철도,공덕,2038,2695,4733
20210322,공항철도,공항화물청사,2062,2303,4365
20210322,공항철도,김포공항,11444,6317,17761
20210322,공항철도,디지털미디어시티,14020,12586,26606
20210322,공항철도,마곡나루,7939,7817,15756
20210322,공항철도,서울,6172,6030,12202
20210322,공항철도,영종,2872,2858,5730
20210322,공항철도,운서,5729,5806,11535
20210322,공항철도,인천공항1터미널,2717,2809,5526
20210322,공항철도,인천공항2터미널,1759,1610,3369
20210322,공항철도,청라국제도시,6433,6042,12475
20210322,공항철도,홍대입구,7677,7497,15174
20210323,공항철도,검암,6751,6516,13267
20210323,공항철도,계양,9155,8384,17539
20210323,공항철도,공덕,2102,2822,4924
20210323,공항철도,공항화물청사,2230,2475,4705
20210323,공항철도,김포공항,10068,6246,16314
20210323,공항철도,디지털미디어시티,14280,12930,27210
20210323,공항철도,마곡나루,8391,8051,16442
20210323,공항철도,서울,6279,5755,12034
20210323,공항철도,영종,2789,2866,5655
20210323,공항철도,운서,5910,5959,11869
20210323,공항철도,인천공항1터미널,2968,3123,6091
20210323,공항철도,인천공항2터미널,1742,1730,3472
20210323,공항철도,청라국제도시,6499,6090,12589
20210323,공항철도,홍대입구,8118,8023,16141
20210324,공항철도,검암,6926,6729,13655
20210324,공항철도,계양,9252,8509,17761
20210324,공항철도,공덕,2054,2721,4775
20210324,공항철도,공항화물청사,2254,2453,4707
20210324,공항철도,김포공항,10493,6182,16675
20210324,공항철도,디지털미디어시티,14282,12775,27057
20210324,공항철도,마곡나루,8513,8184,16697
20210324,공항철도,서울,6355,5762,12117
20210324,공항철도,영종,2804,2900,5704
20210324,공항철도,운서,6028,5967,11995
20210324,공항철도,인천공항1터미널,3051,3322,6373
20210324,공항철도,인천공항2터미널,1798,1721,3519
20210324,공항철도,청라국제도시,6719,6251,12970
20210324,공항철도,홍대입구,8058,8216,16274
20210325,공항철도,검암,7030,6860,13890
20210325,공항철도,계양,9499,8596,18095
20210325,공항철도,공덕,2162,2887,5049
20210325,공항철도,공항화물청사,2271,2487,4758
20210325,공항철도,김포공항,10758,6597,17355
20210325,공항철도,디지털미디어시티,14337,12691,27028
20210325,공항철도,마곡나루,8402,8202,16604
20210325,공항철도,서울,6779,6221,13000
20210325,공항철도,영종,2950,2998,5948
20210325,공항철도,운서,5972,5997,11969
20210325,공항철도,인천공항1터미널,3064,3148,6212
20210325,공항철도,인천공항2터미널,1806,1655,3461
20210325,공항철도,청라국제도시,6687,6262,12949
20210325,공항철도,홍대입구,8438,8430,16868
20210326,공항철도,검암,7339,7160,14499
20210326,공항철도,계양,9510,8632,18142
20210326,공항철도,공덕,2276,3071,5347
20210326,공항철도,공항화물청사,2233,2359,4592
20210326,공항철도,김포공항,13589,7224,20813
20210326,공항철도,디지털미디어시티,14250,12627,26877
20210326,공항철도,마곡나루,8387,7891,16278
20210326,공항철도,서울,8406,8254,16660
20210326,공항철도,영종,3111,3271,6382
20210326,공항철도,운서,6319,6320,12639
20210326,공항철도,인천공항1터미널,3120,3411,6531
20210326,공항철도,인천공항2터미널,1817,1798,3615
20210326,공항철도,청라국제도시,6776,6529,13305
20210326,공항철도,홍대입구,9862,9864,19726
20210329,공항철도,검암,6796,6644,13440
20210329,공항철도,계양,9063,8470,17533
20210329,공항철도,공덕,2097,2687,4784
20210329,공항철도,공항화물청사,2186,2396,4582
20210329,공항철도,김포공항,11357,6619,17976
20210329,공항철도,디지털미디어시티,13913,12547,26460
20210329,공항철도,마곡나루,8003,7902,15905
20210329,공항철도,서울,6392,6114,12506
20210329,공항철도,영종,2902,2859,5761
20210329,공항철도,운서,5764,5847,11611
20210329,공항철도,인천공항1터미널,2816,2900,5716
20210329,공항철도,인천공항2터미널,1820,1712,3532
20210329,공항철도,청라국제도시,6410,6001,12411
20210329,공항철도,홍대입구,7542,7464,15006
20210330,공항철도,검암,7073,6802,13875
20210330,공항철도,계양,9232,8610,17842
20210330,공항철도,공덕,2084,2740,4824
20210330,공항철도,공항화물청사,2282,2533,4815
20210330,공항철도,김포공항,10606,5897,16503
20210330,공항철도,디지털미디어시티,14259,12938,27197
20210330,공항철도,마곡나루,8548,8345,16893
20210330,공항철도,서울,6227,5742,11969
20210330,공항철도,영종,2914,2913,5827
20210330,공항철도,운서,6117,6165,12282
20210330,공항철도,인천공항1터미널,3083,3135,6218
20210330,공항철도,인천공항2터미널,1871,1953,3824
20210330,공항철도,청라국제도시,6633,6133,12766
20210330,공항철도,홍대입구,8016,7984,16000
20210331,공항철도,검암,6932,6933,13865
20210331,공항철도,계양,9473,8530,18003
20210331,공항철도,공덕,2135,2856,4991
20210331,공항철도,공항화물청사,2353,2483,4836
20210331,공항철도,김포공항,10467,5916,16383
20210331,공항철도,디지털미디어시티,14146,12787,26933
20210331,공항철도,마곡나루,8523,8048,16571
20210331,공항철도,서울,6323,5741,12064
20210331,공항철도,영종,2895,2984,5879
20210331,공항철도,운서,6153,6079,12232
20210331,공항철도,인천공항1터미널,3266,3538,6804
20210331,공항철도,인천공항2터미널,1929,1781,3710
20210331,공항철도,청라국제도시,6670,6306,12976
20210331,공항철도,홍대입구,8417,8536,16953
20210401,공항철도,검암,7228,7073,14301
20210401,공항철도,계양,9514,8590,18104
20210401,공항철도,공덕,2168,2782,4950
20210401,공항철도,공항화물청사,2350,2572,4922
20210401,공항철도,김포공항,10876,6801,17677
20210401,공항철도,디지털미디어시티,14736,13105,27841
20210401,공항철도,마곡나루,8428,8174,16602
20210401,공항철도,서울,6705,6216,12921
20210401,공항철도,영종,2860,2965,5825
20210401,공항철도,운서,6049,6072,12121
20210401,공항철도,인천공항1터미널,3100,3333,6433
20210401,공항철도,인천공항2터미널,1889,1785,3674
20210401,공항철도,청라국제도시,6651,6225,12876
20210401,공항철도,홍대입구,8974,8905,17879
20210402,공항철도,검암,7358,7189,14547
20210402,공항철도,계양,9571,8715,18286
20210402,공항철도,공덕,2261,3027,5288
20210402,공항철도,공항화물청사,2324,2467,4791
20210402,공항철도,김포공항,12885,6987,19872
20210402,공항철도,디지털미디어시티,14306,12597,26903
20210402,공항철도,마곡나루,8295,7891,16186
20210402,공항철도,서울,8187,7905,16092
20210402,공항철도,영종,3126,3283,6409
20210402,공항철도,운서,6287,6229,12516
20210402,공항철도,인천공항1터미널,3064,3244,6308
20210402,공항철도,인천공항2터미널,1875,1867,3742
20210402,공항철도,청라국제도시,6924,6475,13399
20210402,공항철도,홍대입구,10087,9949,20036
20210405,공항철도,검암,6951,6815,13766
20210405,공항철도,계양,9381,8548,17929
20210405,공항철도,공덕,2048,2694,4742
20210405,공항철도,공항화물청사,2280,2425,4705
20210405,공항철도,김포공항,11504,6580,18084
20210405,공항철도,디지털미디어시티,14107,12828,26935
20210405,공항철도,마곡나루,8174,7991,16165
20210405,공항철도,서울,6409,5931,12340
20210405,공항철도,영종,2983,2968,5951
20210405,공항철도,운서,5968,5881,11849
20210405,공항철도,인천공항1터미널,2746,2797,5543
20210405,공항철도,인천공항2터미널,1777,1573,3350
20210405,공항철도,청라국제도시,6487,6068,12555
20210405,공항철도,홍대입구,7893,7838,15731
20210406,공항철도,검암,6998,6894,13892
20210406,공항철도,계양,9423,8659,18082
20210406,공항철도,공덕,2186,2839,5025
20210406,공항철도,공항화물청사,2312,2517,4829
20210406,공항철도,김포공항,10481,6127,16608
20210406,공항철도,디지털미디어시티,14297,12900,27197
20210406,공항철도,마곡나루,8715,8327,17042
20210406,공항철도,서울,6245,5692,11937
20210406,공항철도,영종,2957,3034,5991
20210406,공항철도,운서,6001,5967,11968
20210406,공항철도,인천공항1터미널,2867,3080,5947
20210406,공항철도,인천공항2터미널,1779,1669,3448
20210406,공항철도,청라국제도시,6649,6149,12798
20210406,공항철도,홍대입구,8223,8247,16470
20210407,공항철도,검암,6909,6855,13764
20210407,공항철도,계양,9331,8494,17825
20210407,공항철도,공덕,2140,2829,4969
20210407,공항철도,공항화물청사,2354,2570,4924
20210407,공항철도,김포공항,10606,6434,17040
20210407,공항철도,디지털미디어시티,14129,12710,26839
20210407,공항철도,마곡나루,8545,8209,16754
20210407,공항철도,서울,6379,5668,12047
20210407,공항철도,영종,2941,3001,5942
20210407,공항철도,운서,6055,6105,12160
20210407,공항철도,인천공항1터미널,3026,3219,6245
20210407,공항철도,인천공항2터미널,1783,1728,3511
20210407,공항철도,청라국제도시,6666,6317,12983
20210407,공항철도,홍대입구,8416,8315,16731
20210408,공항철도,검암,7125,7010,14135
20210408,공항철도,계양,9355,8664,18019
20210408,공항철도,공덕,2212,2850,5062
20210408,공항철도,공항화물청사,2372,2514,4886
20210408,공항철도,김포공항,11042,6829,17871
20210408,공항철도,디지털미디어시티,14716,12954,27670
20210408,공항철도,마곡나루,8354,8078,16432
20210408,공항철도,서울,6810,6179,12989
20210408,공항철도,영종,2873,2972,5845
20210408,공항철도,운서,6122,6153,12275
20210408,공항철도,인천공항1터미널,2965,3132,6097
20210408,공항철도,인천공항2터미널,1846,1747,3593
20210408,공항철도,청라국제도시,6691,6272,12963
20210408,공항철도,홍대입구,8457,8524,16981
20210409,공항철도,검암,7264,7193,14457
20210409,공항철도,계양,9439,8534,17973
20210409,공항철도,공덕,2198,2902,5100
20210409,공항철도,공항화물청사,2268,2496,4764
20210409,공항철도,김포공항,13497,7381,20878
20210409,공항철도,디지털미디어시티,13590,12084,25674
20210409,공항철도,마곡나루,5288,5624,10912
20210409,공항철도,서울,8096,7876,15972
20210409,공항철도,영종,3069,3191,6260
20210409,공항철도,운서,6348,6553,12901
20210409,공항철도,인천공항1터미널,3086,3236,6322
20210409,공항철도,인천공항2터미널,1940,1802,3742
20210409,공항철도,청라국제도시,6870,6347,13217
20210409,공항철도,홍대입구,9687,9584,19271
20210412,공항철도,검암,6739,6173,12912
20210412,공항철도,계양,9004,8294,17298
20210412,공항철도,공덕,1981,2640,4621
20210412,공항철도,공항화물청사,2156,2407,4563
20210412,공항철도,김포공항,11228,6555,17783
20210412,공항철도,디지털미디어시티,14014,12514,26528
20210412,공항철도,마곡나루,7744,7432,15176
20210412,공항철도,서울,6333,6128,12461
20210412,공항철도,영종,2721,2693,5414
20210412,공항철도,운서,5390,5350,10740
20210412,공항철도,인천공항1터미널,2667,2677,5344
20210412,공항철도,인천공항2터미널,1692,1596,3288
20210412,공항철도,청라국제도시,6190,5848,12038
20210412,공항철도,홍대입구,6671,7079,13750
20210413,공항철도,검암,6941,6751,13692
20210413,공항철도,계양,9187,8492,17679
20210413,공항철도,공덕,2114,2687,4801
20210413,공항철도,공항화물청사,2300,2463,4763
20210413,공항철도,김포공항,10619,6585,17204
20210413,공항철도,디지털미디어시티,14272,12947,27219
20210413,공항철도,마곡나루,8272,8116,16388
20210413,공항철도,서울,6041,5472,11513
20210413,공항철도,영종,2793,2831,5624
20210413,공항철도,운서,5766,5754,11520
20210413,공항철도,인천공항1터미널,2901,2977,5878
20210413,공항철도,인천공항2터미널,1678,1657,3335
20210413,공항철도,청라국제도시,6424,6008,12432
20210413,공항철도,홍대입구,7362,7624,14986
20210414,공항철도,검암,6968,6845,13813
20210414,공항철도,계양,9383,8408,17791
20210414,공항철도,공덕,2179,2869,5048
20210414,공항철도,공항화물청사,2293,2443,4736
20210414,공항철도,김포공항,10258,6605,16863
20210414,공항철도,디지털미디어시티,14379,12964,27343
20210414,공항철도,마곡나루,8431,8122,16553
20210414,공항철도,서울,6214,5786,12000
20210414,공항철도,영종,2907,2888,5795
20210414,공항철도,운서,5916,6026,11942
20210414,공항철도,인천공항1터미널,3005,3196,6201
20210414,공항철도,인천공항2터미널,1835,1737,3572
20210414,공항철도,청라국제도시,6490,6131,12621
20210414,공항철도,홍대입구,7991,8058,16049
20210415,공항철도,검암,7117,6911,14028
20210415,공항철도,계양,9415,8514,17929
20210415,공항철도,공덕,2162,2810,4972
20210415,공항철도,공항화물청사,2382,2530,4912
20210415,공항철도,김포공항,11080,6935,18015
20210415,공항철도,디지털미디어시티,14299,12871,27170
20210415,공항철도,마곡나루,8504,8251,16755
20210415,공항철도,서울,6653,6152,12805
20210415,공항철도,영종,2935,2981,5916
20210415,공항철도,운서,6074,6124,12198
20210415,공항철도,인천공항1터미널,2973,3175,6148
20210415,공항철도,인천공항2터미널,1746,1607,3353
20210415,공항철도,청라국제도시,6553,6213,12766
20210415,공항철도,홍대입구,8234,8220,16454
20210416,공항철도,검암,6936,6772,13708
20210416,공항철도,계양,8970,8304,17274
20210416,공항철도,공덕,2192,2907,5099
20210416,공항철도,공항화물청사,2262,2484,4746
20210416,공항철도,김포공항,13075,7306,20381
20210416,공항철도,디지털미디어시티,14077,12310,26387
20210416,공항철도,마곡나루,7879,7686,15565
20210416,공항철도,서울,7773,7623,15396
20210416,공항철도,영종,2852,2975,5827
20210416,공항철도,운서,5989,5910,11899
20210416,공항철도,인천공항1터미널,3017,3184,6201
20210416,공항철도,인천공항2터미널,1781,1744,3525
20210416,공항철도,청라국제도시,6548,6157,12705
20210416,공항철도,홍대입구,8892,9118,18010
20210419,공항철도,검암,6792,6611,13403
20210419,공항철도,계양,9062,8380,17442
20210419,공항철도,공덕,2118,2664,4782
20210419,공항철도,공항화물청사,2222,2443,4665
20210419,공항철도,김포공항,12019,6740,18759
20210419,공항철도,디지털미디어시티,14064,12586,26650
20210419,공항철도,마곡나루,8145,8047,16192
20210419,공항철도,서울,6428,5885,12313
20210419,공항철도,영종,2931,2897,5828
20210419,공항철도,운서,5925,5929,11854
20210419,공항철도,인천공항1터미널,2775,2879,5654
20210419,공항철도,인천공항2터미널,1741,1629,3370
20210419,공항철도,청라국제도시,6322,5872,12194
20210419,공항철도,홍대입구,7557,7566,15123
20210420,공항철도,검암,7009,6833,13842
20210420,공항철도,계양,9387,8718,18105
20210420,공항철도,공덕,2174,2827,5001
20210420,공항철도,공항화물청사,2377,2543,4920
20210420,공항철도,김포공항,10826,6259,17085
20210420,공항철도,디지털미디어시티,14658,13049,27707
20210420,공항철도,마곡나루,8502,8340,16842
20210420,공항철도,서울,6289,5656,11945
20210420,공항철도,영종,2868,2908,5776
20210420,공항철도,운서,6025,6073,12098
20210420,공항철도,인천공항1터미널,2958,3059,6017
20210420,공항철도,인천공항2터미널,1801,1732,3533
20210420,공항철도,청라국제도시,6576,6127,12703
20210420,공항철도,홍대입구,7630,7840,15470
20210421,공항철도,검암,6966,6880,13846
20210421,공항철도,계양,9247,8532,17779
20210421,공항철도,공덕,2098,2719,4817
20210421,공항철도,공항화물청사,2332,2548,4880
20210421,공항철도,김포공항,10530,6446,16976
20210421,공항철도,디지털미디어시티,14048,12715,26763
20210421,공항철도,마곡나루,8575,8185,16760
20210421,공항철도,서울,6375,5878,12253
20210421,공항철도,영종,2870,2905,5775
20210421,공항철도,운서,6008,6038,12046
20210421,공항철도,인천공항1터미널,2957,3124,6081
20210421,공항철도,인천공항2터미널,1753,1771,3524
20210421,공항철도,청라국제도시,6458,6156,12614
20210421,공항철도,홍대입구,7977,8150,16127
20210422,공항철도,검암,7110,6893,14003
20210422,공항철도,계양,9531,8616,18147
20210422,공항철도,공덕,2201,2798,4999
20210422,공항철도,공항화물청사,2457,2608,5065
20210422,공항철도,김포공항,10987,6788,17775
20210422,공항철도,디지털미디어시티,14012,12725,26737
20210422,공항철도,마곡나루,8601,8292,16893
20210422,공항철도,서울,6701,6095,12796
20210422,공항철도,영종,2906,2891,5797
20210422,공항철도,운서,6123,6176,12299
20210422,공항철도,인천공항1터미널,2993,3009,6002
20210422,공항철도,인천공항2터미널,1760,1625,3385
20210422,공항철도,청라국제도시,6548,6296,12844
20210422,공항철도,홍대입구,8314,8385,16699
20210423,공항철도,검암,7177,7063,14240
20210423,공항철도,계양,9411,8593,18004
20210423,공항철도,공덕,2218,2933,5151
20210423,공항철도,공항화물청사,2292,2424,4716
20210423,공항철도,김포공항,13038,7322,20360
20210423,공항철도,디지털미디어시티,14153,12587,26740
20210423,공항철도,마곡나루,8267,7976,16243
20210423,공항철도,서울,8058,7806,15864
20210423,공항철도,영종,2915,3112,6027
20210423,공항철도,운서,6292,6127,12419
20210423,공항철도,인천공항1터미널,2957,3220,6177
20210423,공항철도,인천공항2터미널,1785,1787,3572
20210423,공항철도,청라국제도시,6672,6316,12988
20210423,공항철도,홍대입구,9550,9672,19222
20210426,공항철도,검암,6974,6784,13758
20210426,공항철도,계양,9243,8514,17757
20210426,공항철도,공덕,2090,2710,4800
20210426,공항철도,공항화물청사,2247,2452,4699
20210426,공항철도,김포공항,11614,6638,18252
20210426,공항철도,디지털미디어시티,13913,12614,26527
20210426,공항철도,마곡나루,8309,8155,16464
20210426,공항철도,서울,6590,6252,12842
20210426,공항철도,영종,2970,2906,5876
20210426,공항철도,운서,5937,6082,12019
20210426,공항철도,인천공항1터미널,2871,2919,5790
20210426,공항철도,인천공항2터미널,1753,1609,3362
20210426,공항철도,청라국제도시,6503,6087,12590
20210426,공항철도,홍대입구,7645,7706,15351
20210427,공항철도,검암,6910,6735,13645
20210427,공항철도,계양,9173,8656,17829
20210427,공항철도,공덕,2173,2729,4902
20210427,공항철도,공항화물청사,2304,2539,4843
20210427,공항철도,김포공항,10812,6267,17079
20210427,공항철도,디지털미디어시티,14150,12737,26887
20210427,공항철도,마곡나루,8600,8295,16895
20210427,공항철도,서울,6243,5744,11987
20210427,공항철도,영종,2879,2938,5817
20210427,공항철도,운서,5839,5838,11677
20210427,공항철도,인천공항1터미널,2988,3076,6064
20210427,공항철도,인천공항2터미널,1693,1669,3362
20210427,공항철도,청라국제도시,6614,6240,12854
20210427,공항철도,홍대입구,8027,8189,16216
20210428,공항철도,검암,6861,6780,13641
20210428,공항철도,계양,9348,8519,17867
20210428,공항철도,공덕,2183,2806,4989
20210428,공항철도,공항화물청사,2302,2513,4815
20210428,공항철도,김포공항,10729,6379,17108
20210428,공항철도,디지털미디어시티,14031,12822,26853
20210428,공항철도,마곡나루,8454,8272,16726
20210428,공항철도,서울,6350,5811,12161
20210428,공항철도,영종,2795,2852,5647
20210428,공항철도,운서,5996,6075,12071
20210428,공항철도,인천공항1터미널,2985,3190,6175
20210428,공항철도,인천공항2터미널,1838,1811,3649
20210428,공항철도,청라국제도시,6576,6198,12774
20210428,공항철도,홍대입구,8474,8454,16928
20210429,공항철도,검암,6930,6834,13764
20210429,공항철도,계양,9399,8587,17986
20210429,공항철도,공덕,2145,2742,4887
20210429,공항철도,공항화물청사,2335,2500,4835
20210429,공항철도,김포공항,11374,6638,18012
20210429,공항철도,디지털미디어시티,13993,12663,26656
20210429,공항철도,마곡나루,8374,8059,16433
20210429,공항철도,서울,6909,6290,13199
20210429,공항철도,영종,2866,2908,5774
20210429,공항철도,운서,5948,5971,11919
20210429,공항철도,인천공항1터미널,3202,3391,6593
20210429,공항철도,인천공항2터미널,1885,1823,3708
20210429,공항철도,청라국제도시,6627,6288,12915
20210429,공항철도,홍대입구,8783,8679,17462
20210430,공항철도,검암,7035,7012,14047
20210430,공항철도,계양,9676,8713,18389
20210430,공항철도,공덕,2318,3104,5422
20210430,공항철도,공항화물청사,2235,2422,4657
20210430,공항철도,김포공항,13825,7377,21202
20210430,공항철도,디지털미디어시티,14033,12477,26510
20210430,공항철도,마곡나루,7965,7766,15731
20210430,공항철도,서울,8387,8350,16737
20210430,공항철도,영종,3084,3144,6228
20210430,공항철도,운서,6485,6290,12775
20210430,공항철도,인천공항1터미널,3058,3341,6399
20210430,공항철도,인천공항2터미널,1926,1831,3757
20210430,공항철도,청라국제도시,6881,6534,13415
20210430,공항철도,홍대입구,9858,10084,19942
20210503,공항철도,검암,6947,6833,13780
20210503,공항철도,계양,9404,8585,17989
20210503,공항철도,공덕,2180,2790,4970
20210503,공항철도,공항화물청사,2299,2478,4777
20210503,공항철도,김포공항,11026,6425,17451
20210503,공항철도,디지털미디어시티,14153,12820,26973
20210503,공항철도,마곡나루,8236,8214,16450
20210503,공항철도,서울,6624,6308,12932
20210503,공항철도,영종,3094,3034,6128
20210503,공항철도,운서,6040,6054,12094
20210503,공항철도,인천공항1터미널,3015,2990,6005
20210503,공항철도,인천공항2터미널,1737,1593,3330
20210503,공항철도,청라국제도시,6730,6168,12898
20210503,공항철도,홍대입구,8660,8785,17445
20210504,공항철도,검암,6552,6305,12857
20210504,공항철도,계양,8971,8244,17215
20210504,공항철도,공덕,2131,2836,4967
20210504,공항철도,공항화물청사,2216,2350,4566
20210504,공항철도,김포공항,9635,5696,15331
20210504,공항철도,디지털미디어시티,14338,12760,27098
20210504,공항철도,마곡나루,7965,7526,15491
20210504,공항철도,서울,7102,6954,14056
20210504,공항철도,영종,2618,2765,5383
20210504,공항철도,운서,5449,5690,11139
20210504,공항철도,인천공항1터미널,2693,2849,5542
20210504,공항철도,인천공항2터미널,1625,1657,3282
20210504,공항철도,청라국제도시,6242,5984,12226
20210504,공항철도,홍대입구,8284,8673,16957
20210505,공항철도,검암,3813,4057,7870
20210505,공항철도,계양,5454,5098,10552
20210505,공항철도,공덕,1176,1589,2765
20210505,공항철도,공항화물청사,1229,1209,2438
20210505,공항철도,김포공항,9565,5155,14720
20210505,공항철도,디지털미디어시티,4048,3897,7945
20210505,공항철도,마곡나루,3106,3278,6384
20210505,공항철도,서울,5349,5028,10377
20210505,공항철도,영종,2433,2501,4934
20210505,공항철도,운서,4938,5005,9943
20210505,공항철도,인천공항1터미널,3085,3192,6277
20210505,공항철도,인천공항2터미널,1563,1519,3082
20210505,공항철도,청라국제도시,3484,3391,6875
20210505,공항철도,홍대입구,11045,10546,21591
20210506,공항철도,검암,6963,6866,13829
20210506,공항철도,계양,9382,8559,17941
20210506,공항철도,공덕,2135,2770,4905
20210506,공항철도,공항화물청사,2283,2468,4751
20210506,공항철도,김포공항,11398,6669,18067
20210506,공항철도,디지털미디어시티,13966,12517,26483
20210506,공항철도,마곡나루,8085,7926,16011
20210506,공항철도,서울,6962,6739,13701
20210506,공항철도,영종,3062,3037,6099
20210506,공항철도,운서,6080,6106,12186
20210506,공항철도,인천공항1터미널,2979,3143,6122
20210506,공항철도,인천공항2터미널,1756,1630,3386
20210506,공항철도,청라국제도시,6753,6295,13048
20210506,공항철도,홍대입구,9528,9598,19126
20210507,공항철도,검암,6762,6748,13510
20210507,공항철도,계양,9162,8652,17814
20210507,공항철도,공덕,2164,2893,5057
20210507,공항철도,공항화물청사,2301,2441,4742
20210507,공항철도,김포공항,12972,7380,20352
20210507,공항철도,디지털미디어시티,14272,12331,26603
20210507,공항철도,마곡나루,7737,7314,15051
20210507,공항철도,서울,8329,8536,16865
20210507,공항철도,영종,2919,3037,5956
20210507,공항철도,운서,6060,5858,11918
20210507,공항철도,인천공항1터미널,2978,3237,6215
20210507,공항철도,인천공항2터미널,1730,1727,3457
20210507,공항철도,청라국제도시,6567,6344,12911
20210507,공항철도,홍대입구,10147,10093,20240
20210510,공항철도,검암,6762,6525,13287
20210510,공항철도,계양,9157,8386,17543
20210510,공항철도,공덕,2179,2606,4785
20210510,공항철도,공항화물청사,2158,2365,4523
20210510,공항철도,김포공항,12551,6783,19334
20210510,공항철도,디지털미디어시티,14045,12680,26725
20210510,공항철도,마곡나루,8154,7859,16013
20210510,공항철도,서울,6955,6324,13279
20210510,공항철도,영종,2749,2698,5447
20210510,공항철도,운서,5527,5616,11143
20210510,공항철도,인천공항1터미널,2615,2723,5338
20210510,공항철도,인천공항2터미널,1687,1640,3327
20210510,공항철도,청라국제도시,6395,5973,12368
20210510,공항철도,홍대입구,7673,8089,15762
20210511,공항철도,검암,7125,6896,14021
20210511,공항철도,계양,9662,8889,18551
20210511,공항철도,공덕,2291,2852,5143
20210511,공항철도,공항화물청사,2292,2525,4817
20210511,공항철도,김포공항,11076,6204,17280
20210511,공항철도,디지털미디어시티,14490,13108,27598
20210511,공항철도,마곡나루,8780,8385,17165
20210511,공항철도,서울,6622,6046,12668
20210511,공항철도,영종,2973,2915,5888
20210511,공항철도,운서,6097,6203,12300
20210511,공항철도,인천공항1터미널,3025,3108,6133
20210511,공항철도,인천공항2터미널,1756,1725,3481
20210511,공항철도,청라국제도시,6765,6370,13135
20210511,공항철도,홍대입구,8652,8780,17432
20210512,공항철도,검암,7019,7004,14023
20210512,공항철도,계양,9470,8791,18261
20210512,공항철도,공덕,2241,2908,5149
20210512,공항철도,공항화물청사,2307,2514,4821
20210512,공항철도,김포공항,10764,6340,17104
20210512,공항철도,디지털미디어시티,14402,13111,27513
20210512,공항철도,마곡나루,8730,8323,17053
20210512,공항철도,서울,6659,6059,12718
20210512,공항철도,영종,2916,2977,5893
20210512,공항철도,운서,6110,6113,12223
20210512,공항철도,인천공항1터미널,2963,3200,6163
20210512,공항철도,인천공항2터미널,1788,1686,3474
20210512,공항철도,청라국제도시,6742,6339,13081
20210512,공항철도,홍대입구,8997,8908,17905
20210513,공항철도,검암,7135,7111,14246
20210513,공항철도,계양,9504,8716,18220
20210513,공항철도,공덕,2204,2870,5074
20210513,공항철도,공항화물청사,2313,2557,4870
20210513,공항철도,김포공항,11775,6778,18553
20210513,공항철도,디지털미디어시티,14240,12879,27119
20210513,공항철도,마곡나루,8791,8396,17187
20210513,공항철도,서울,7220,6545,13765
20210513,공항철도,영종,2908,3084,5992
20210513,공항철도,운서,6217,6160,12377
20210513,공항철도,인천공항1터미널,3113,3318,6431
20210513,공항철도,인천공항2터미널,1828,1852,3680
20210513,공항철도,청라국제도시,6764,6365,13129
20210513,공항철도,홍대입구,9069,8971,18040
20210514,공항철도,검암,7240,7231,14471
20210514,공항철도,계양,9810,8886,18696
20210514,공항철도,공덕,2279,3043,5322
20210514,공항철도,공항화물청사,2304,2429,4733
20210514,공항철도,김포공항,13775,7391,21166
20210514,공항철도,디지털미디어시티,14447,12961,27408
20210514,공항철도,마곡나루,8160,7805,15965
20210514,공항철도,서울,8587,8193,16780
20210514,공항철도,영종,3079,3196,6275
20210514,공항철도,운서,6405,6478,12883
20210514,공항철도,인천공항1터미널,3211,3502,6713
20210514,공항철도,인천공항2터미널,1852,1775,3627
20210514,공항철도,청라국제도시,6958,6607,13565
20210514,공항철도,홍대입구,10557,10848,21405
20210517,공항철도,검암,6824,6542,13366
20210517,공항철도,계양,9346,8440,17786
20210517,공항철도,공덕,2154,2700,4854
20210517,공항철도,공항화물청사,2202,2356,4558
20210517,공항철도,김포공항,11015,6522,17537
20210517,공항철도,디지털미디어시티,14001,12618,26619
20210517,공항철도,마곡나루,8125,7984,16109
20210517,공항철도,서울,6745,6510,13255
20210517,공항철도,영종,2759,2816,5575
20210517,공항철도,운서,5706,5577,11283
20210517,공항철도,인천공항1터미널,2716,2783,5499
20210517,공항철도,인천공항2터미널,1748,1634,3382
20210517,공항철도,청라국제도시,6480,6067,12547
20210517,공항철도,홍대입구,7719,7886,15605
20210518,공항철도,검암,7370,7189,14559
20210518,공항철도,계양,9730,8830,18560
20210518,공항철도,공덕,2334,3081,5415
20210518,공항철도,공항화물청사,2245,2456,4701
20210518,공항철도,김포공항,10808,6912,17720
20210518,공항철도,디지털미디어시티,14766,13390,28156
20210518,공항철도,마곡나루,9100,8612,17712
20210518,공항철도,서울,7525,7215,14740
20210518,공항철도,영종,3058,3221,6279
20210518,공항철도,운서,6274,6376,12650
20210518,공항철도,인천공항1터미널,3056,3233,6289
20210518,공항철도,인천공항2터미널,1783,1730,3513
20210518,공항철도,청라국제도시,6896,6478,13374
20210518,공항철도,홍대입구,9631,9887,19518
20210519,공항철도,검암,4133,4229,8362
20210519,공항철도,계양,5819,5412,11231
20210519,공항철도,공덕,1205,1648,2853
20210519,공항철도,공항화물청사,1239,1323,2562
20210519,공항철도,김포공항,9521,5171,14692
20210519,공항철도,디지털미디어시티,4353,4186,8539
20210519,공항철도,마곡나루,3343,3636,6979
20210519,공항철도,서울,5714,5249,10963
20210519,공항철도,영종,2650,2586,5236
20210519,공항철도,운서,5229,5337,10566
20210519,공항철도,인천공항1터미널,3329,3468,6797
20210519,공항철도,인천공항2터미널,1560,1519,3079
20210519,공항철도,청라국제도시,3700,3592,7292
20210519,공항철도,홍대입구,10860,10368,21228
20210520,공항철도,검암,6819,6548,13367
20210520,공항철도,계양,9147,8420,17567
20210520,공항철도,공덕,2156,2771,4927
20210520,공항철도,공항화물청사,2146,2438,4584
20210520,공항철도,김포공항,11255,6424,17679
20210520,공항철도,디지털미디어시티,14230,12684,26914
20210520,공항철도,마곡나루,8014,7702,15716
20210520,공항철도,서울,6785,6227,13012
20210520,공항철도,영종,2750,2763,5513
20210520,공항철도,운서,5822,5822,11644
20210520,공항철도,인천공항1터미널,2826,2929,5755
20210520,공항철도,인천공항2터미널,1820,1760,3580
20210520,공항철도,청라국제도시,6494,6246,12740
20210520,공항철도,홍대입구,8449,8496,16945
20210521,공항철도,검암,7005,6990,13995
20210521,공항철도,계양,9404,8554,17958
20210521,공항철도,공덕,2323,2972,5295
20210521,공항철도,공항화물청사,2231,2380,4611
20210521,공항철도,김포공항,13245,6936,20181
20210521,공항철도,디지털미디어시티,13959,12609,26568
20210521,공항철도,마곡나루,7999,7466,15465
20210521,공항철도,서울,8073,7850,15923
20210521,공항철도,영종,2873,2991,5864
20210521,공항철도,운서,6055,5988,12043
20210521,공항철도,인천공항1터미널,2964,3216,6180
20210521,공항철도,인천공항2터미널,1770,1701,3471
20210521,공항철도,청라국제도시,6778,6358,13136
20210521,공항철도,홍대입구,9794,9858,19652
20210524,공항철도,검암,6870,6656,13526
20210524,공항철도,계양,9244,8635,17879
20210524,공항철도,공덕,2249,2773,5022
20210524,공항철도,공항화물청사,2206,2473,4679
20210524,공항철도,김포공항,12122,6804,18926
20210524,공항철도,디지털미디어시티,14361,13005,27366
20210524,공항철도,마곡나루,8411,8231,16642
20210524,공항철도,서울,6755,6487,13242
20210524,공항철도,영종,3009,2928,5937
20210524,공항철도,운서,5942,5969,11911
20210524,공항철도,인천공항1터미널,2775,2852,5627
20210524,공항철도,인천공항2터미널,1774,1649,3423
20210524,공항철도,청라국제도시,6543,6045,12588
20210524,공항철도,홍대입구,8220,8239,16459
20210525,공항철도,검암,6692,6639,13331
20210525,공항철도,계양,9309,8598,17907
20210525,공항철도,공덕,2219,2769,4988
20210525,공항철도,공항화물청사,2380,2488,4868
20210525,공항철도,김포공항,10964,6361,17325
20210525,공항철도,디지털미디어시티,14475,13116,27591
20210525,공항철도,마곡나루,8537,8333,16870
20210525,공항철도,서울,6414,5858,12272
20210525,공항철도,영종,2893,2897,5790
20210525,공항철도,운서,5820,5856,11676
20210525,공항철도,인천공항1터미널,2802,2953,5755
20210525,공항철도,인천공항2터미널,1768,1713,3481
20210525,공항철도,청라국제도시,6537,6108,12645
20210525,공항철도,홍대입구,8304,8317,16621
20210526,공항철도,검암,6841,6730,13571
20210526,공항철도,계양,9603,8824,18427
20210526,공항철도,공덕,2325,2892,5217
20210526,공항철도,공항화물청사,2297,2485,4782
20210526,공항철도,김포공항,10586,6389,16975
20210526,공항철도,디지털미디어시티,14488,13125,27613
20210526,공항철도,마곡나루,8711,8575,17286
20210526,공항철도,서울,6686,6044,12730
20210526,공항철도,영종,2951,3004,5955
20210526,공항철도,운서,6018,6127,12145
20210526,공항철도,인천공항1터미널,2980,3193,6173
20210526,공항철도,인천공항2터미널,1810,1700,3510
20210526,공항철도,청라국제도시,6755,6317,13072
20210526,공항철도,홍대입구,8907,8995,17902
20210527,공항철도,검암,6432,6524,12956
20210527,공항철도,계양,9344,8481,17825
20210527,공항철도,공덕,2175,2751,4926
20210527,공항철도,공항화물청사,2295,2497,4792
20210527,공항철도,김포공항,10846,6604,17450
20210527,공항철도,디지털미디어시티,14172,12878,27050
20210527,공항철도,마곡나루,8236,8111,16347
20210527,공항철도,서울,6926,6135,13061
20210527,공항철도,영종,2704,2736,5440
20210527,공항철도,운서,5770,5701,11471
20210527,공항철도,인천공항1터미널,2793,2994,5787
20210527,공항철도,인천공항2터미널,1724,1787,3511
20210527,공항철도,청라국제도시,6466,6032,12498
20210527,공항철도,홍대입구,8535,8542,17077
20210528,공항철도,검암,6762,6677,13439
20210528,공항철도,계양,9337,8501,17838
20210528,공항철도,공덕,2275,3001,5276
20210528,공항철도,공항화물청사,2287,2369,4656
20210528,공항철도,김포공항,13170,7115,20285
20210528,공항철도,디지털미디어시티,13978,12424,26402
20210528,공항철도,마곡나루,7823,7397,15220
20210528,공항철도,서울,8416,8195,16611
20210528,공항철도,영종,2794,2996,5790
20210528,공항철도,운서,6090,5991,12081
20210528,공항철도,인천공항1터미널,2934,3235,6169
20210528,공항철도,인천공항2터미널,1840,1806,3646
20210528,공항철도,청라국제도시,6593,6381,12974
20210528,공항철도,홍대입구,9703,9759,19462
20210531,공항철도,검암,6779,6560,13339
20210531,공항철도,계양,9219,8400,17619
20210531,공항철도,공덕,2121,2663,4784
20210531,공항철도,공항화물청사,2232,2414,4646
20210531,공항철도,김포공항,11585,5981,17566
20210531,공항철도,디지털미디어시티,14039,12745,26784
20210531,공항철도,마곡나루,8080,8034,16114
20210531,공항철도,서울,6568,6084,12652
20210531,공항철도,영종,2786,2818,5604
20210531,공항철도,운서,5730,5771,11501
20210531,공항철도,인천공항1터미널,2742,2946,5688
20210531,공항철도,인천공항2터미널,1758,1647,3405
20210531,공항철도,청라국제도시,6367,5840,12207
20210531,공항철도,홍대입구,7846,7844,15690
20210601,공항철도,검암,6707,6651,13358
20210601,공항철도,계양,9162,8535,17697
20210601,공항철도,공덕,2237,2766,5003
20210601,공항철도,공항화물청사,2287,2440,4727
20210601,공항철도,김포공항,10366,5971,16337
20210601,공항철도,디지털미디어시티,14306,12998,27304
20210601,공항철도,마곡나루,8473,8114,16587
20210601,공항철도,서울,6019,5676,11695
20210601,공항철도,영종,2780,2784,5564
20210601,공항철도,운서,6138,6020,12158
20210601,공항철도,인천공항1터미널,2992,3111,6103
20210601,공항철도,인천공항2터미널,1763,1826,3589
20210601,공항철도,청라국제도시,6419,6066,12485
20210601,공항철도,홍대입구,7983,7984,15967
20210602,공항철도,검암,6795,6632,13427
20210602,공항철도,계양,9275,8483,17758
20210602,공항철도,공덕,2271,2882,5153
20210602,공항철도,공항화물청사,2381,2547,4928
20210602,공항철도,김포공항,10009,6104,16113
20210602,공항철도,디지털미디어시티,14187,12827,27014
20210602,공항철도,마곡나루,8516,8287,16803
20210602,공항철도,서울,6458,5974,12432
20210602,공항철도,영종,2949,2955,5904
20210602,공항철도,운서,5949,6002,11951
20210602,공항철도,인천공항1터미널,3043,3212,6255
20210602,공항철도,인천공항2터미널,1831,1757,3588
20210602,공항철도,청라국제도시,6620,6166,12786
20210602,공항철도,홍대입구,8618,8497,17115
20210603,공항철도,검암,6492,6128,12620
20210603,공항철도,계양,9073,8326,17399
20210603,공항철도,공덕,2122,2828,4950
20210603,공항철도,공항화물청사,2278,2470,4748
20210603,공항철도,김포공항,10265,6500,16765
20210603,공항철도,디지털미디어시티,14385,12660,27045
20210603,공항철도,마곡나루,7982,7776,15758
20210603,공항철도,서울,6624,6081,12705
20210603,공항철도,영종,2661,2707,5368
20210603,공항철도,운서,5643,5526,11169
20210603,공항철도,인천공항1터미널,2713,2997,5710
20210603,공항철도,인천공항2터미널,1761,1744,3505
20210603,공항철도,청라국제도시,6334,6008,12342
20210603,공항철도,홍대입구,7668,7847,15515
20210604,공항철도,검암,6917,6831,13748
20210604,공항철도,계양,9592,8567,18159
20210604,공항철도,공덕,2333,3000,5333
20210604,공항철도,공항화물청사,2310,2407,4717
20210604,공항철도,김포공항,13421,7454,20875
20210604,공항철도,디지털미디어시티,14100,12744,26844
20210604,공항철도,마곡나루,8136,7873,16009
20210604,공항철도,서울,8338,8065,16403
20210604,공항철도,영종,3008,3170,6178
20210604,공항철도,운서,6530,6266,12796
20210604,공항철도,인천공항1터미널,3195,3389,6584
20210604,공항철도,인천공항2터미널,1866,1812,3678
20210604,공항철도,청라국제도시,6829,6438,13267
20210604,공항철도,홍대입구,10157,10209,20366
20210607,공항철도,검암,6744,6476,13220
20210607,공항철도,계양,9266,8627,17893
20210607,공항철도,공덕,2163,2748,4911
20210607,공항철도,공항화물청사,2248,2454,4702
20210607,공항철도,김포공항,11720,6528,18248
20210607,공항철도,디지털미디어시티,13999,12785,26784
20210607,공항철도,마곡나루,8102,7881,15983
20210607,공항철도,서울,6754,6181,12935
20210607,공항철도,영종,2876,2841,5717
20210607,공항철도,운서,5866,5885,11751
20210607,공항철도,인천공항1터미널,2698,2863,5561
20210607,공항철도,인천공항2터미널,1755,1648,3403
20210607,공항철도,청라국제도시,6479,6024,12503
20210607,공항철도,홍대입구,7866,7925,15791
20210608,공항철도,검암,6735,6656,13391
20210608,공항철도,계양,9377,8673,18050
20210608,공항철도,공덕,2143,2779,4922
20210608,공항철도,공항화물청사,2381,2573,4954
20210608,공항철도,김포공항,10521,6000,16521
20210608,공항철도,디지털미디어시티,14314,13016,27330
20210608,공항철도,마곡나루,8494,8204,16698
20210608,공항철도,서울,6516,5983,12499
20210608,공항철도,영종,2913,2887,5800
20210608,공항철도,운서,5905,5918,11823
20210608,공항철도,인천공항1터미널,2927,3071,5998
20210608,공항철도,인천공항2터미널,1688,1713,3401
20210608,공항철도,청라국제도시,6556,6180,12736
20210608,공항철도,홍대입구,8120,8036,16156
20210609,공항철도,검암,6739,6606,13345
20210609,공항철도,계양,9401,8620,18021
20210609,공항철도,공덕,2198,2783,4981
20210609,공항철도,공항화물청사,2326,2528,4854
20210609,공항철도,김포공항,10524,6170,16694
20210609,공항철도,디지털미디어시티,14307,13001,27308
20210609,공항철도,마곡나루,8519,8097,16616
20210609,공항철도,서울,6631,6055,12686
20210609,공항철도,영종,2906,2928,5834
20210609,공항철도,운서,6004,5994,11998
20210609,공항철도,인천공항1터미널,2907,3139,6046
20210609,공항철도,인천공항2터미널,1788,1771,3559
20210609,공항철도,청라국제도시,6636,6302,12938
20210609,공항철도,홍대입구,8579,8561,17140
20210610,공항철도,검암,6752,6529,13281
20210610,공항철도,계양,9328,8620,17948
20210610,공항철도,공덕,2180,2740,4920
20210610,공항철도,공항화물청사,2299,2567,4866
20210610,공항철도,김포공항,10567,6484,17051
20210610,공항철도,디지털미디어시티,14660,13053,27713
20210610,공항철도,마곡나루,8010,7753,15763
20210610,공항철도,서울,7076,6297,13373
20210610,공항철도,영종,2839,2862,5701
20210610,공항철도,운서,6041,5909,11950
20210610,공항철도,인천공항1터미널,2974,3207,6181
20210610,공항철도,인천공항2터미널,1862,1869,3731
20210610,공항철도,청라국제도시,6561,6248,12809
20210610,공항철도,홍대입구,8403,8330,16733
20210611,공항철도,검암,6834,6631,13465
20210611,공항철도,계양,9240,8564,17804
20210611,공항철도,공덕,2226,2947,5173
20210611,공항철도,공항화물청사,2321,2458,4779
20210611,공항철도,김포공항,12564,6974,19538
20210611,공항철도,디지털미디어시티,13880,12272,26152
20210611,공항철도,마곡나루,7870,7438,15308
20210611,공항철도,서울,8445,8850,17295
20210611,공항철도,영종,2930,3036,5966
20210611,공항철도,운서,6092,5991,12083
20210611,공항철도,인천공항1터미널,2980,3368,6348
20210611,공항철도,인천공항2터미널,1863,1784,3647
20210611,공항철도,청라국제도시,6494,6280,12774
20210611,공항철도,홍대입구,9398,9476,18874
20210614,공항철도,검암,6583,6461,13044
20210614,공항철도,계양,9132,8536,17668
20210614,공항철도,공덕,2189,2760,4949
20210614,공항철도,공항화물청사,2203,2398,4601
20210614,공항철도,김포공항,11659,6823,18482
20210614,공항철도,디지털미디어시티,14032,12722,26754
20210614,공항철도,마곡나루,8113,7792,15905
20210614,공항철도,서울,6865,6260,13125
20210614,공항철도,영종,2989,2979,5968
20210614,공항철도,운서,5893,5965,11858
20210614,공항철도,인천공항1터미널,2847,3003,5850
20210614,공항철도,인천공항2터미널,1806,1678,3484
20210614,공항철도,청라국제도시,6499,6007,12506
20210614,공항철도,홍대입구,8172,8270,16442
20210615,공항철도,검암,6518,6468,12986
20210615,공항철도,계양,9150,8445,17595
20210615,공항철도,공덕,2153,2685,4838
20210615,공항철도,공항화물청사,2293,2456,4749
20210615,공항철도,김포공항,10714,6243,16957
20210615,공항철도,디지털미디어시티,14076,12976,27052
20210615,공항철도,마곡나루,8214,7791,16005
20210615,공항철도,서울,6620,6032,12652
20210615,공항철도,영종,2844,2803,5647
20210615,공항철도,운서,5874,5932,11806
20210615,공항철도,인천공항1터미널,2756,2943,5699
20210615,공항철도,인천공항2터미널,1708,1726,3434
20210615,공항철도,청라국제도시,6360,6085,12445
20210615,공항철도,홍대입구,8248,8262,16510
20210616,공항철도,검암,6657,6693,13350
20210616,공항철도,계양,9267,8707,17974
20210616,공항철도,공덕,2164,2887,5051
20210616,공항철도,공항화물청사,2405,2524,4929
20210616,공항철도,김포공항,10656,6326,16982
20210616,공항철도,디지털미디어시티,14195,12905,27100
20210616,공항철도,마곡나루,8377,8054,16431
20210616,공항철도,서울,6846,6217,13063
20210616,공항철도,영종,2915,2991,5906
20210616,공항철도,운서,6247,6194,12441
20210616,공항철도,인천공항1터미널,3102,3358,6460
20210616,공항철도,인천공항2터미널,1838,1796,3634
20210616,공항철도,청라국제도시,6661,6291,12952
20210616,공항철도,홍대입구,9014,8868,17882
20210617,공항철도,검암,6856,6739,13595
20210617,공항철도,계양,9383,8782,18165
20210617,공항철도,공덕,2212,2840,5052
20210617,공항철도,공항화물청사,2290,2471,4761
20210617,공항철도,김포공항,11418,6780,18198
20210617,공항철도,디지털미디어시티,14429,12994,27423
20210617,공항철도,마곡나루,8375,7982,16357
20210617,공항철도,서울,7384,6631,14015
20210617,공항철도,영종,2922,2880,5802
20210617,공항철도,운서,6175,6183,12358
20210617,공항철도,인천공항1터미널,2917,3193,6110
20210617,공항철도,인천공항2터미널,1891,1850,3741
20210617,공항철도,청라국제도시,6663,6312,12975
20210617,공항철도,홍대입구,8983,9205,18188
20210618,공항철도,검암,6726,6615,13341
20210618,공항철도,계양,9271,8459,17730
20210618,공항철도,공덕,2257,2947,5204
20210618,공항철도,공항화물청사,2280,2358,4638
20210618,공항철도,김포공항,13893,7498,21391
20210618,공항철도,디지털미디어시티,13980,12371,26351
20210618,공항철도,마곡나루,7820,7387,15207
20210618,공항철도,서울,8395,8079,16474
20210618,공항철도,영종,2920,3067,5987
20210618,공항철도,운서,6119,5992,12111
20210618,공항철도,인천공항1터미널,2920,3611,6531
20210618,공항철도,인천공항2터미널,1846,1797,3643
20210618,공항철도,청라국제도시,6637,6378,13015
20210618,공항철도,홍대입구,10149,10079,20228
20210621,공항철도,검암,6873,6760,13633
20210621,공항철도,계양,9316,8762,18078
20210621,공항철도,공덕,2274,2842,5116
20210621,공항철도,공항화물청사,2232,2435,4667
20210621,공항철도,김포공항,12564,7287,19851
20210621,공항철도,디지털미디어시티,14148,13041,27189
20210621,공항철도,마곡나루,8244,8090,16334
20210621,공항철도,서울,7324,6762,14086
20210621,공항철도,영종,3022,3013,6035
20210621,공항철도,운서,6097,6195,12292
20210621,공항철도,인천공항1터미널,3028,3312,6340
20210621,공항철도,인천공항2터미널,1899,1915,3814
20210621,공항철도,청라국제도시,6690,6248,12938
20210621,공항철도,홍대입구,9185,9184,18369
20210622,공항철도,검암,6902,6748,13650
20210622,공항철도,계양,9390,8828,18218
20210622,공항철도,공덕,2305,2904,5209
20210622,공항철도,공항화물청사,2344,2611,4955
20210622,공항철도,김포공항,11418,6903,18321
20210622,공항철도,디지털미디어시티,14626,13176,27802
20210622,공항철도,마곡나루,8634,8273,16907
20210622,공항철도,서울,7175,6517,13692
20210622,공항철도,영종,3021,2983,6004
20210622,공항철도,운서,6262,6155,12417
20210622,공항철도,인천공항1터미널,3158,3446,6604
20210622,공항철도,인천공항2터미널,1866,1905,3771
20210622,공항철도,청라국제도시,6829,6446,13275
20210622,공항철도,홍대입구,9607,9513,19120
20210623,공항철도,검암,6855,6739,13594
20210623,공항철도,계양,9366,8670,18036
20210623,공항철도,공덕,2343,2912,5255
20210623,공항철도,공항화물청사,2356,2485,4841
20210623,공항철도,김포공항,11693,6862,18555
20210623,공항철도,디지털미디어시티,14313,13067,27380
20210623,공항철도,마곡나루,8260,7997,16257
20210623,공항철도,서울,7372,6711,14083
20210623,공항철도,영종,3017,3006,6023
20210623,공항철도,운서,6171,6166,12337
20210623,공항철도,인천공항1터미널,3137,3373,6510
20210623,공항철도,인천공항2터미널,1824,1875,3699
20210623,공항철도,청라국제도시,6760,6417,13177
20210623,공항철도,홍대입구,9709,9414,19123
20210624,공항철도,검암,6894,6758,13652
20210624,공항철도,계양,9450,8761,18211
20210624,공항철도,공덕,2277,3017,5294
20210624,공항철도,공항화물청사,2358,2510,4868
20210624,공항철도,김포공항,12452,6888,19340
20210624,공항철도,디지털미디어시티,14512,13154,27666
20210624,공항철도,마곡나루,8676,8289,16965
20210624,공항철도,서울,7629,6933,14562
20210624,공항철도,영종,3010,3068,6078
20210624,공항철도,운서,6314,6297,12611
20210624,공항철도,인천공항1터미널,3114,3587,6701
20210624,공항철도,인천공항2터미널,1890,1986,3876
20210624,공항철도,청라국제도시,6939,6594,13533
20210624,공항철도,홍대입구,10150,10100,20250
20210625,공항철도,검암,7186,6937,14123
20210625,공항철도,계양,9618,8892,18510
20210625,공항철도,공덕,2351,3165,5516
20210625,공항철도,공항화물청사,2340,2469,4809
20210625,공항철도,김포공항,15156,7647,22803
20210625,공항철도,디지털미디어시티,14233,12752,26985
20210625,공항철도,마곡나루,8271,7830,16101
20210625,공항철도,서울,9003,8827,17830
20210625,공항철도,영종,3197,3386,6583
20210625,공항철도,운서,6580,6578,13158
20210625,공항철도,인천공항1터미널,3468,3979,7447
20210625,공항철도,인천공항2터미널,2011,1964,3975
20210625,공항철도,청라국제도시,7184,6844,14028
20210625,공항철도,홍대입구,11134,11012,22146
20210628,공항철도,검암,6622,6456,13078
20210628,공항철도,계양,9090,8504,17594
20210628,공항철도,공덕,2151,2823,4974
20210628,공항철도,공항화물청사,2172,2383,4555
20210628,공항철도,김포공항,12272,7162,19434
20210628,공항철도,디지털미디어시티,14319,12976,27295
20210628,공항철도,마곡나루,8025,7752,15777
20210628,공항철도,서울,7575,6857,14432
20210628,공항철도,영종,2979,2974,5953
20210628,공항철도,운서,5959,6085,12044
20210628,공항철도,인천공항1터미널,3104,3282,6386
20210628,공항철도,인천공항2터미널,1985,1929,3914
20210628,공항철도,청라국제도시,6608,6123,12731
20210628,공항철도,홍대입구,8713,8763,17476
20210629,공항철도,검암,6981,6822,13803
20210629,공항철도,계양,9366,8811,18177
20210629,공항철도,공덕,2319,2972,5291
20210629,공항철도,공항화물청사,2289,2536,4825
20210629,공항철도,김포공항,11666,6731,18397
20210629,공항철도,디지털미디어시티,14309,13095,27404
20210629,공항철도,마곡나루,8497,8049,16546
20210629,공항철도,서울,7106,6208,13314
20210629,공항철도,영종,2977,3033,6010
20210629,공항철도,운서,6111,6121,12232
20210629,공항철도,인천공항1터미널,3222,3657,6879
20210629,공항철도,인천공항2터미널,1913,1930,3843
20210629,공항철도,청라국제도시,6824,6469,13293
20210629,공항철도,홍대입구,9037,8942,17979
20210630,공항철도,검암,6974,6867,13841
20210630,공항철도,계양,9309,8670,17979
20210630,공항철도,공덕,2326,2965,5291
20210630,공항철도,공항화물청사,2344,2466,4810
20210630,공항철도,김포공항,11698,6604,18302
20210630,공항철도,디지털미디어시티,14252,12942,27194
20210630,공항철도,마곡나루,8264,7962,16226
20210630,공항철도,서울,7003,6181,13184
20210630,공항철도,영종,2958,3007,5965
20210630,공항철도,운서,6113,6076,12189
20210630,공항철도,인천공항1터미널,3391,3732,7123
20210630,공항철도,인천공항2터미널,1992,1975,3967
20210630,공항철도,청라국제도시,6693,6265,12958
20210630,공항철도,홍대입구,9107,9104,18211
20210701,공항철도,검암,7037,6913,13950
20210701,공항철도,계양,9346,8651,17997
20210701,공항철도,공덕,2285,2958,5243
20210701,공항철도,공항화물청사,2378,2549,4927
20210701,공항철도,김포공항,11900,6659,18559
20210701,공항철도,디지털미디어시티,14081,12883,26964
20210701,공항철도,마곡나루,8358,8111,16469
20210701,공항철도,서울,7162,6468,13630
20210701,공항철도,영종,3000,3021,6021
20210701,공항철도,운서,6229,6113,12342
20210701,공항철도,인천공항1터미널,3299,3562,6861
20210701,공항철도,인천공항2터미널,1951,2093,4044
20210701,공항철도,청라국제도시,6850,6558,13408
20210701,공항철도,홍대입구,8971,8962,17933
20210702,공항철도,검암,7153,6969,14122
20210702,공항철도,계양,9655,8855,18510
20210702,공항철도,공덕,2313,3054,5367
20210702,공항철도,공항화물청사,2289,2479,4768
20210702,공항철도,김포공항,14525,7454,21979
20210702,공항철도,디지털미디어시티,14415,12766,27181
20210702,공항철도,마곡나루,8084,7762,15846
20210702,공항철도,서울,8528,8456,16984
20210702,공항철도,영종,3146,3265,6411
20210702,공항철도,운서,6554,6411,12965
20210702,공항철도,인천공항1터미널,3560,3925,7485
20210702,공항철도,인천공항2터미널,2008,1949,3957
20210702,공항철도,청라국제도시,6921,6568,13489
20210702,공항철도,홍대입구,9647,9802,19449
20210705,공항철도,검암,6886,6603,13489
20210705,공항철도,계양,9300,8629,17929
20210705,공항철도,공덕,2243,2862,5105
20210705,공항철도,공항화물청사,2242,2497,4739
20210705,공항철도,김포공항,11395,6979,18374
20210705,공항철도,디지털미디어시티,14434,13131,27565
20210705,공항철도,마곡나루,8086,7873,15959
20210705,공항철도,서울,6974,6308,13282
20210705,공항철도,영종,2942,2900,5842
20210705,공항철도,운서,6042,6158,12200
20210705,공항철도,인천공항1터미널,2993,3178,6171
20210705,공항철도,인천공항2터미널,1874,1764,3638
20210705,공항철도,청라국제도시,6687,6233,12920
20210705,공항철도,홍대입구,8347,8307,16654
20210706,공항철도,검암,6774,6834,13608
20210706,공항철도,계양,9250,8788,18038
20210706,공항철도,공덕,2215,2894,5109
20210706,공항철도,공항화물청사,2420,2573,4993
20210706,공항철도,김포공항,10632,6387,17019
20210706,공항철도,디지털미디어시티,14604,13229,27833
20210706,공항철도,마곡나루,8419,8147,16566
20210706,공항철도,서울,6821,6014,12835
20210706,공항철도,영종,2960,2923,5883
20210706,공항철도,운서,6021,6053,12074
20210706,공항철도,인천공항1터미널,3399,3659,7058
20210706,공항철도,인천공항2터미널,1888,1830,3718
20210706,공항철도,청라국제도시,6800,6466,13266
20210706,공항철도,홍대입구,8354,8278,16632
20210707,공항철도,검암,6799,6610,13409
20210707,공항철도,계양,8998,8437,17435
20210707,공항철도,공덕,2172,2733,4905
20210707,공항철도,공항화물청사,2344,2508,4852
20210707,공항철도,김포공항,10456,6594,17050
20210707,공항철도,디지털미디어시티,14214,12766,26980
20210707,공항철도,마곡나루,8112,7711,15823
20210707,공항철도,서울,6672,6184,12856
20210707,공항철도,영종,2910,2875,5785
20210707,공항철도,운서,5860,5971,11831
20210707,공항철도,인천공항1터미널,3243,3494,6737
20210707,공항철도,인천공항2터미널,1979,1947,3926
20210707,공항철도,청라국제도시,6529,6243,12772
20210707,공항철도,홍대입구,7846,7931,15777
20210708,공항철도,검암,6658,6613,13271
20210708,공항철도,계양,8797,8251,17048
20210708,공항철도,공덕,2133,2680,4813
20210708,공항철도,공항화물청사,2304,2505,4809
20210708,공항철도,김포공항,10810,6326,17136
20210708,공항철도,디지털미디어시티,13762,12437,26199
20210708,공항철도,마곡나루,7934,7581,15515
20210708,공항철도,서울,6494,6065,12559
20210708,공항철도,영종,2807,2807,5614
20210708,공항철도,운서,5778,5840,11618
20210708,공항철도,인천공항1터미널,3232,3377,6609
20210708,공항철도,인천공항2터미널,2016,1990,4006
20210708,공항철도,청라국제도시,6398,6131,12529
20210708,공항철도,홍대입구,7497,7599,15096
20210709,공항철도,검암,6694,6555,13249
20210709,공항철도,계양,8864,8301,17165
20210709,공항철도,공덕,2205,2822,5027
20210709,공항철도,공항화물청사,2285,2397,4682
20210709,공항철도,김포공항,12480,7054,19534
20210709,공항철도,디지털미디어시티,13324,11924,25248
20210709,공항철도,마곡나루,7104,6773,13877
20210709,공항철도,서울,7561,7434,14995
20210709,공항철도,영종,2773,2970,5743
20210709,공항철도,운서,6026,5998,12024
20210709,공항철도,인천공항1터미널,3248,3527,6775
20210709,공항철도,인천공항2터미널,2042,1907,3949
20210709,공항철도,청라국제도시,6369,6147,12516
20210709,공항철도,홍대입구,7897,8046,15943
20210712,공항철도,검암,6211,6101,12312
20210712,공항철도,계양,8049,7447,15496
20210712,공항철도,공덕,1909,2424,4333
20210712,공항철도,공항화물청사,2208,2326,4534
20210712,공항철도,김포공항,10542,6443,16985
20210712,공항철도,디지털미디어시티,11935,10837,22772
20210712,공항철도,마곡나루,6676,6399,13075
20210712,공항철도,서울,5980,5390,11370
20210712,공항철도,영종,2587,2535,5122
20210712,공항철도,운서,5265,5395,10660
20210712,공항철도,인천공항1터미널,2869,3113,5982
20210712,공항철도,인천공항2터미널,1950,1798,3748
20210712,공항철도,청라국제도시,5802,5419,11221
20210712,공항철도,홍대입구,6853,6801,13654
20210713,공항철도,검암,6075,5928,12003
20210713,공항철도,계양,7970,7462,15432
20210713,공항철도,공덕,1935,2341,4276
20210713,공항철도,공항화물청사,2246,2412,4658
20210713,공항철도,김포공항,9712,5981,15693
20210713,공항철도,디지털미디어시티,11932,10870,22802
20210713,공항철도,마곡나루,6737,6494,13231
20210713,공항철도,서울,5388,4929,10317
20210713,공항철도,영종,2480,2474,4954
20210713,공항철도,운서,5254,5470,10724
20210713,공항철도,인천공항1터미널,3157,3283,6440
20210713,공항철도,인천공항2터미널,1985,1877,3862
20210713,공항철도,청라국제도시,5772,5466,11238
20210713,공항철도,홍대입구,6580,6717,13297
20210714,공항철도,검암,5918,5796,11714
20210714,공항철도,계양,7889,7543,15432
20210714,공항철도,공덕,1910,2302,4212
20210714,공항철도,공항화물청사,2174,2374,4548
20210714,공항철도,김포공항,9789,5747,15536
20210714,공항철도,디지털미디어시티,11522,10547,22069
20210714,공항철도,마곡나루,6634,6257,12891
20210714,공항철도,서울,5484,5116,10600
20210714,공항철도,영종,2399,2432,4831
20210714,공항철도,운서,5388,5283,10671
20210714,공항철도,인천공항1터미널,3185,3476,6661
20210714,공항철도,인천공항2터미널,1975,1882,3857
20210714,공항철도,청라국제도시,5687,5348,11035
20210714,공항철도,홍대입구,6778,6778,13556
20210715,공항철도,검암,5855,5841,11696
20210715,공항철도,계양,7916,7594,15510
20210715,공항철도,공덕,1938,2357,4295
20210715,공항철도,공항화물청사,2281,2435,4716
20210715,공항철도,김포공항,10183,6153,16336
20210715,공항철도,디지털미디어시티,11620,10440,22060
20210715,공항철도,마곡나루,6525,6207,12732
20210715,공항철도,서울,5577,5328,10905
20210715,공항철도,영종,2437,2432,4869
20210715,공항철도,운서,5359,5353,10712
20210715,공항철도,인천공항1터미널,3244,3467,6711
20210715,공항철도,인천공항2터미널,2143,2079,4222
20210715,공항철도,청라국제도시,5739,5403,11142
20210715,공항철도,홍대입구,6786,6898,13684
20210716,공항철도,검암,5968,5787,11755
20210716,공항철도,계양,7832,7490,15322
20210716,공항철도,공덕,1915,2482,4397
20210716,공항철도,공항화물청사,2172,2308,4480
20210716,공항철도,김포공항,11468,6875,18343
20210716,공항철도,디지털미디어시티,11211,10009,21220
20210716,공항철도,마곡나루,5950,5623,11573
20210716,공항철도,서울,6494,6565,13059
20210716,공항철도,영종,2397,2547,4944
20210716,공항철도,운서,5527,5458,10985
20210716,공항철도,인천공항1터미널,3442,3412,6854
20210716,공항철도,인천공항2터미널,2103,1952,4055
20210716,공항철도,청라국제도시,5706,5510,11216
20210716,공항철도,홍대입구,7204,7204,14408
20210719,공항철도,검암,6052,5960,12012
20210719,공항철도,계양,7983,7678,15661
20210719,공항철도,공덕,1936,2307,4243
20210719,공항철도,공항화물청사,2121,2292,4413
20210719,공항철도,김포공항,10865,6169,17034
20210719,공항철도,디지털미디어시티,11603,10588,22191
20210719,공항철도,마곡나루,6571,6390,12961
20210719,공항철도,서울,5644,5129,10773
20210719,공항철도,영종,2541,2459,5000
20210719,공항철도,운서,5191,5309,10500
20210719,공항철도,인천공항1터미널,2863,2960,5823
20210719,공항철도,인천공항2터미널,1980,1868,3848
20210719,공항철도,청라국제도시,5610,5300,10910
20210719,공항철도,홍대입구,6342,6542,12884
20210720,공항철도,검암,5928,5872,11800
20210720,공항철도,계양,8039,7729,15768
20210720,공항철도,공덕,1920,2421,4341
20210720,공항철도,공항화물청사,2277,2475,4752
20210720,공항철도,김포공항,9801,5878,15679
20210720,공항철도,디지털미디어시티,11860,10736,22596
20210720,공항철도,마곡나루,6757,6330,13087
20210720,공항철도,서울,5427,5053,10480
20210720,공항철도,영종,2474,2506,4980
20210720,공항철도,운서,5357,5373,10730
20210720,공항철도,인천공항1터미널,3090,3224,6314
20210720,공항철도,인천공항2터미널,2079,2018,4097
20210720,공항철도,청라국제도시,5657,5377,11034
20210720,공항철도,홍대입구,6742,6788,13530
20210721,공항철도,검암,5941,5887,11828
20210721,공항철도,계양,8041,7643,15684
20210721,공항철도,공덕,1888,2308,4196
20210721,공항철도,공항화물청사,2252,2392,4644
20210721,공항철도,김포공항,9742,6058,15800
20210721,공항철도,디지털미디어시티,11712,10594,22306
20210721,공항철도,마곡나루,6571,6225,12796
20210721,공항철도,서울,5366,4917,10283
20210721,공항철도,영종,2388,2436,4824
20210721,공항철도,운서,5271,5339,10610
20210721,공항철도,인천공항1터미널,3290,3462,6752
20210721,공항철도,인천공항2터미널,2272,2123,4395
20210721,공항철도,청라국제도시,5657,5369,11026
20210721,공항철도,홍대입구,6941,6946,13887
20210722,공항철도,검암,5891,5860,11751
20210722,공항철도,계양,7848,7555,15403
20210722,공항철도,공덕,1900,2367,4267
20210722,공항철도,공항화물청사,2227,2367,4594
20210722,공항철도,김포공항,10056,5902,15958
20210722,공항철도,디지털미디어시티,11557,10396,21953
20210722,공항철도,마곡나루,6518,6205,12723
20210722,공항철도,서울,5583,5256,10839
20210722,공항철도,영종,2402,2423,4825
20210722,공항철도,운서,5240,5267,10507
20210722,공항철도,인천공항1터미널,3422,3478,6900
20210722,공항철도,인천공항2터미널,2369,2221,4590
20210722,공항철도,청라국제도시,5560,5312,10872
20210722,공항철도,홍대입구,6958,6883,13841
20210723,공항철도,검암,6026,5929,11955
20210723,공항철도,계양,8040,7605,15645
20210723,공항철도,공덕,1860,2383,4243
20210723,공항철도,공항화물청사,2131,2292,4423
20210723,공항철도,김포공항,11726,6748,18474
20210723,공항철도,디지털미디어시티,11409,10131,21540
20210723,공항철도,마곡나루,6050,5695,11745
20210723,공항철도,서울,6473,6399,12872
20210723,공항철도,영종,2575,2630,5205
20210723,공항철도,운서,5511,5588,11099
20210723,공항철도,인천공항1터미널,3605,3881,7486
20210723,공항철도,인천공항2터미널,2301,2141,4442
20210723,공항철도,청라국제도시,5581,5394,10975
20210723,공항철도,홍대입구,7375,7453,14828
20210726,공항철도,검암,5821,5672,11493
20210726,공항철도,계양,7974,7511,15485
20210726,공항철도,공덕,1931,2310,4241
20210726,공항철도,공항화물청사,2123,2295,4418
20210726,공항철도,김포공항,10557,5880,16437
20210726,공항철도,디지털미디어시티,11731,10604,22335
20210726,공항철도,마곡나루,6344,6211,12555
20210726,공항철도,서울,5818,5162,10980
20210726,공항철도,영종,2559,2489,5048
20210726,공항철도,운서,5348,5473,10821
20210726,공항철도,인천공항1터미널,3389,3507,6896
20210726,공항철도,인천공항2터미널,2475,2317,4792
20210726,공항철도,청라국제도시,5588,5287,10875
20210726,공항철도,홍대입구,6845,6951,13796
20210727,공항철도,검암,5775,5789,11564
20210727,공항철도,계양,7868,7540,15408
20210727,공항철도,공덕,1945,2355,4300
20210727,공항철도,공항화물청사,2181,2365,4546
20210727,공항철도,김포공항,9865,5728,15593
20210727,공항철도,디지털미디어시티,11782,10627,22409
20210727,공항철도,마곡나루,6624,6178,12802
20210727,공항철도,서울,5531,5117,10648
20210727,공항철도,영종,2456,2451,4907
20210727,공항철도,운서,5415,5425,10840
20210727,공항철도,인천공항1터미널,3754,3822,7576
20210727,공항철도,인천공항2터미널,2677,2599,5276
20210727,공항철도,청라국제도시,5623,5301,10924
20210727,공항철도,홍대입구,6772,6981,13753
20210728,공항철도,검암,5832,5722,11554
20210728,공항철도,계양,7917,7485,15402
20210728,공항철도,공덕,1926,2364,4290
20210728,공항철도,공항화물청사,2157,2363,4520
20210728,공항철도,김포공항,9855,5926,15781
20210728,공항철도,디지털미디어시티,11637,10409,22046
20210728,공항철도,마곡나루,6374,6084,12458
20210728,공항철도,서울,5631,5221,10852
20210728,공항철도,영종,2431,2409,4840
20210728,공항철도,운서,5372,5431,10803
20210728,공항철도,인천공항1터미널,3616,3741,7357
20210728,공항철도,인천공항2터미널,2572,2500,5072
20210728,공항철도,청라국제도시,5613,5303,10916
20210728,공항철도,홍대입구,6977,7082,14059
20210729,공항철도,검암,5928,5839,11767
20210729,공항철도,계양,7952,7368,15320
20210729,공항철도,공덕,1901,2399,4300
20210729,공항철도,공항화물청사,2155,2335,4490
20210729,공항철도,김포공항,10003,6139,16142
20210729,공항철도,디지털미디어시티,11618,10316,21934
20210729,공항철도,마곡나루,6368,6128,12496
20210729,공항철도,서울,5780,5684,11464
20210729,공항철도,영종,2532,2552,5084
20210729,공항철도,운서,5346,5377,10723
20210729,공항철도,인천공항1터미널,3670,3790,7460
20210729,공항철도,인천공항2터미널,2675,2553,5228
20210729,공항철도,청라국제도시,5533,5317,10850
20210729,공항철도,홍대입구,7286,7210,14496
20210730,공항철도,검암,5961,5946,11907
20210730,공항철도,계양,7996,7532,15528
20210730,공항철도,공덕,1887,2426,4313
20210730,공항철도,공항화물청사,2142,2230,4372
20210730,공항철도,김포공항,11611,7258,18869
20210730,공항철도,디지털미디어시티,11293,10067,21360
20210730,공항철도,마곡나루,5802,5510,11312
20210730,공항철도,서울,6847,6771,13618
20210730,공항철도,영종,2599,2701,5300
20210730,공항철도,운서,5689,5611,11300
20210730,공항철도,인천공항1터미널,3812,4129,7941
20210730,공항철도,인천공항2터미널,2708,2559,5267
20210730,공항철도,청라국제도시,5567,5317,10884
20210730,공항철도,홍대입구,7664,7626,15290
20210802,공항철도,검암,5540,5599,11139
20210802,공항철도,계양,7541,7186,14727
20210802,공항철도,공덕,1795,2279,4074
20210802,공항철도,공항화물청사,2110,2278,4388
20210802,공항철도,김포공항,10612,5699,16311
20210802,공항철도,디지털미디어시티,11224,10222,21446
20210802,공항철도,마곡나루,5904,5805,11709
20210802,공항철도,서울,5940,5261,11201
20210802,공항철도,영종,2577,2493,5070
20210802,공항철도,운서,5252,5464,10716
20210802,공항철도,인천공항1터미널,3281,3436,6717
20210802,공항철도,인천공항2터미널,2262,2101,4363
20210802,공항철도,청라국제도시,5394,5024,10418
20210802,공항철도,홍대입구,7179,7227,14406
20210803,공항철도,검암,5729,5745,11474
20210803,공항철도,계양,7656,7445,15101
20210803,공항철도,공덕,1882,2272,4154
20210803,공항철도,공항화물청사,2222,2352,4574
20210803,공항철도,김포공항,10088,5685,15773
20210803,공항철도,디지털미디어시티,11436,10460,21896
20210803,공항철도,마곡나루,5966,5762,11728
20210803,공항철도,서울,5843,4995,10838
20210803,공항철도,영종,2460,2463,4923
20210803,공항철도,운서,5313,5386,10699
20210803,공항철도,인천공항1터미널,3613,3667,7280
20210803,공항철도,인천공항2터미널,2399,2285,4684
20210803,공항철도,청라국제도시,5398,5082,10480
20210803,공항철도,홍대입구,7255,7189,14444
20210804,공항철도,검암,5834,5685,11519
20210804,공항철도,계양,7763,7369,15132
20210804,공항철도,공덕,1791,2311,4102
20210804,공항철도,공항화물청사,2176,2319,4495
20210804,공항철도,김포공항,10275,5808,16083
20210804,공항철도,디지털미디어시티,11477,10301,21778
20210804,공항철도,마곡나루,6045,5875,11920
20210804,공항철도,서울,5735,5090,10825
20210804,공항철도,영종,2542,2534,5076
20210804,공항철도,운서,5309,5420,10729
20210804,공항철도,인천공항1터미널,3583,3794,7377
20210804,공항철도,인천공항2터미널,2385,2286,4671
20210804,공항철도,청라국제도시,5469,5250,10719
20210804,공항철도,홍대입구,7421,7308,14729
20210805,공항철도,검암,5916,5809,11725
20210805,공항철도,계양,7916,7554,15470
20210805,공항철도,공덕,1887,2463,4350
20210805,공항철도,공항화물청사,2221,2359,4580
20210805,공항철도,김포공항,10131,6005,16136
20210805,공항철도,디지털미디어시티,11499,10420,21919
20210805,공항철도,마곡나루,6102,5788,11890
20210805,공항철도,서울,5860,5547,11407
20210805,공항철도,영종,2521,2518,5039
20210805,공항철도,운서,5441,5574,11015
20210805,공항철도,인천공항1터미널,3674,3838,7512
20210805,공항철도,인천공항2터미널,2668,2562,5230
20210805,공항철도,청라국제도시,5612,5251,10863
20210805,공항철도,홍대입구,7692,7622,15314
20210806,공항철도,검암,5999,5978,11977
20210806,공항철도,계양,8007,7637,15644
20210806,공항철도,공덕,1937,2389,4326
20210806,공항철도,공항화물청사,2132,2284,4416
20210806,공항철도,김포공항,11254,6827,18081
20210806,공항철도,디지털미디어시티,11591,10298,21889
20210806,공항철도,마곡나루,5715,5454,11169
20210806,공항철도,서울,6842,6449,13291
20210806,공항철도,영종,2534,2650,5184
20210806,공항철도,운서,5683,5641,11324
20210806,공항철도,인천공항1터미널,3790,4035,7825
20210806,공항철도,인천공항2터미널,2564,2437,5001
20210806,공항철도,청라국제도시,5504,5281,10785
20210806,공항철도,홍대입구,7981,8049,16030
20210809,공항철도,검암,5960,5821,11781
20210809,공항철도,계양,8113,7859,15972
20210809,공항철도,공덕,1959,2411,4370
20210809,공항철도,공항화물청사,2100,2318,4418
20210809,공항철도,김포공항,11143,6032,17175
20210809,공항철도,디지털미디어시티,11974,10848,22822
20210809,공항철도,마곡나루,6628,6495,13123
20210809,공항철도,서울,6049,5509,11558
20210809,공항철도,영종,2680,2686,5366
20210809,공항철도,운서,5646,5720,11366
20210809,공항철도,인천공항1터미널,3389,3409,6798
20210809,공항철도,인천공항2터미널,2700,2461,5161
20210809,공항철도,청라국제도시,5812,5508,11320
20210809,공항철도,홍대입구,7494,7489,14983
20210810,공항철도,검암,5983,5903,11886
20210810,공항철도,계양,8223,7861,16084
20210810,공항철도,공덕,1962,2437,4399
20210810,공항철도,공항화물청사,2203,2317,4520
20210810,공항철도,김포공항,10331,5725,16056
20210810,공항철도,디지털미디어시티,12208,11163,23371
20210810,공항철도,마곡나루,6835,6503,13338
20210810,공항철도,서울,5847,5318,11165
20210810,공항철도,영종,2609,2625,5234
20210810,공항철도,운서,5510,5707,11217
20210810,공항철도,인천공항1터미널,3436,3453,6889
20210810,공항철도,인천공항2터미널,2303,2154,4457
20210810,공항철도,청라국제도시,5903,5573,11476
20210810,공항철도,홍대입구,7606,7734,15340
20210811,공항철도,검암,5907,5936,11843
20210811,공항철도,계양,8254,7868,16122
20210811,공항철도,공덕,1922,2404,4326
20210811,공항철도,공항화물청사,2196,2264,4460
20210811,공항철도,김포공항,10387,5989,16376
20210811,공항철도,디지털미디어시티,11873,10846,22719
20210811,공항철도,마곡나루,6763,6517,13280
20210811,공항철도,서울,5843,5296,11139
20210811,공항철도,영종,2590,2627,5217
20210811,공항철도,운서,5494,5509,11003
20210811,공항철도,인천공항1터미널,3330,3548,6878
20210811,공항철도,인천공항2터미널,2293,2158,4451
20210811,공항철도,청라국제도시,5674,5412,11086
20210811,공항철도,홍대입구,7713,7777,15490
20210812,공항철도,검암,6026,5880,11906
20210812,공항철도,계양,8299,7858,16157
20210812,공항철도,공덕,1926,2539,4465
20210812,공항철도,공항화물청사,2250,2399,4649
20210812,공항철도,김포공항,10363,6409,16772
20210812,공항철도,디지털미디어시티,12017,10819,22836
20210812,공항철도,마곡나루,6649,6388,13037
20210812,공항철도,서울,6008,5730,11738
20210812,공항철도,영종,2571,2617,5188
20210812,공항철도,운서,5604,5655,11259
20210812,공항철도,인천공항1터미널,3476,3531,7007
20210812,공항철도,인천공항2터미널,2400,2229,4629
20210812,공항철도,청라국제도시,5863,5600,11463
20210812,공항철도,홍대입구,7880,7786,15666
20210813,공항철도,검암,6077,5987,12064
20210813,공항철도,계양,8183,7762,15945
20210813,공항철도,공덕,2051,2528,4579
20210813,공항철도,공항화물청사,2104,2319,4423
20210813,공항철도,김포공항,12035,7396,19431
20210813,공항철도,디지털미디어시티,11591,10128,21719
20210813,공항철도,마곡나루,6289,6043,12332
20210813,공항철도,서울,7072,7255,14327
20210813,공항철도,영종,2677,2751,5428
20210813,공항철도,운서,5718,5864,11582
20210813,공항철도,인천공항1터미널,3512,3758,7270
20210813,공항철도,인천공항2터미널,2224,2089,4313
20210813,공항철도,청라국제도시,5891,5617,11508
20210813,공항철도,홍대입구,8630,8473,17103
20210816,공항철도,검암,3326,3430,6756
20210816,공항철도,계양,4723,4652,9375
20210816,공항철도,공덕,1139,1402,2541
20210816,공항철도,공항화물청사,1061,1196,2257
20210816,공항철도,김포공항,11269,5357,16626
20210816,공항철도,디지털미디어시티,3742,3776,7518
20210816,공항철도,마곡나루,2028,2202,4230
20210816,공항철도,서울,6018,4491,10509
20210816,공항철도,영종,2367,2179,4546
20210816,공항철도,운서,4618,4935,9553
20210816,공항철도,인천공항1터미널,3358,3303,6661
20210816,공항철도,인천공항2터미널,2102,1882,3984
20210816,공항철도,청라국제도시,2940,2830,5770
20210816,공항철도,홍대입구,6916,6592,13508
20210817,공항철도,검암,6239,5852,12091
20210817,공항철도,계양,8292,7936,16228
20210817,공항철도,공덕,1930,2581,4511
20210817,공항철도,공항화물청사,2039,2341,4380
20210817,공항철도,김포공항,11198,5789,16987
20210817,공항철도,디지털미디어시티,12195,11229,23424
20210817,공항철도,마곡나루,6857,6588,13445
20210817,공항철도,서울,6202,5616,11818
20210817,공항철도,영종,2589,2535,5124
20210817,공항철도,운서,5486,5624,11110
20210817,공항철도,인천공항1터미널,3277,3420,6697
20210817,공항철도,인천공항2터미널,2143,1949,4092
20210817,공항철도,청라국제도시,5696,5521,11217
20210817,공항철도,홍대입구,7289,7436,14725
20210818,공항철도,검암,6095,6017,12112
20210818,공항철도,계양,8307,7892,16199
20210818,공항철도,공덕,1957,2439,4396
20210818,공항철도,공항화물청사,2161,2331,4492
20210818,공항철도,김포공항,10511,5698,16209
20210818,공항철도,디지털미디어시티,11989,10905,22894
20210818,공항철도,마곡나루,7129,6808,13937
20210818,공항철도,서울,5872,5413,11285
20210818,공항철도,영종,2441,2515,4956
20210818,공항철도,운서,5540,5567,11107
20210818,공항철도,인천공항1터미널,3141,3445,6586
20210818,공항철도,인천공항2터미널,2102,1994,4096
20210818,공항철도,청라국제도시,5688,5476,11164
20210818,공항철도,홍대입구,7751,7782,15533
20210819,공항철도,검암,6212,6041,12253
20210819,공항철도,계양,8595,8108,16703
20210819,공항철도,공덕,2008,2585,4593
20210819,공항철도,공항화물청사,2188,2355,4543
20210819,공항철도,김포공항,10318,5901,16219
20210819,공항철도,디지털미디어시티,12060,11142,23202
20210819,공항철도,마곡나루,7119,6786,13905
20210819,공항철도,서울,6230,5700,11930
20210819,공항철도,영종,2663,2669,5332
20210819,공항철도,운서,5737,5814,11551
20210819,공항철도,인천공항1터미널,3532,3622,7154
20210819,공항철도,인천공항2터미널,2239,2143,4382
20210819,공항철도,청라국제도시,5810,5540,11350
20210819,공항철도,홍대입구,7911,7893,15804
20210820,공항철도,검암,6240,6240,12480
20210820,공항철도,계양,8587,8175,16762
20210820,공항철도,공덕,2052,2597,4649
20210820,공항철도,공항화물청사,2144,2250,4394
20210820,공항철도,김포공항,12303,6732,19035
20210820,공항철도,디지털미디어시티,11990,10859,22849
20210820,공항철도,마곡나루,6790,6390,13180
20210820,공항철도,서울,7025,6729,13754
20210820,공항철도,영종,2665,2815,5480
20210820,공항철도,운서,5922,5910,11832
20210820,공항철도,인천공항1터미널,3528,3701,7229
20210820,공항철도,인천공항2터미널,2211,2051,4262
20210820,공항철도,청라국제도시,6056,5777,11833
20210820,공항철도,홍대입구,8396,8373,16769
20210823,공항철도,검암,6060,5686,11746
20210823,공항철도,계양,8279,7859,16138
20210823,공항철도,공덕,1926,2484,4410
20210823,공항철도,공항화물청사,1956,2234,4190
20210823,공항철도,김포공항,9822,5276,15098
20210823,공항철도,디지털미디어시티,12272,11262,23534
20210823,공항철도,마곡나루,6772,6480,13252
20210823,공항철도,서울,6160,5612,11772
20210823,공항철도,영종,2553,2537,5090
20210823,공항철도,운서,5455,5452,10907
20210823,공항철도,인천공항1터미널,3007,3104,6111
20210823,공항철도,인천공항2터미널,2066,1990,4056
20210823,공항철도,청라국제도시,5689,5460,11149
20210823,공항철도,홍대입구,6968,7169,14137
20210824,공항철도,검암,5915,5808,11723
20210824,공항철도,계양,8178,7968,16146
20210824,공항철도,공덕,1982,2487,4469
20210824,공항철도,공항화물청사,2145,2259,4404
20210824,공항철도,김포공항,9534,5561,15095
20210824,공항철도,디지털미디어시티,12330,11184,23514
20210824,공항철도,마곡나루,6907,6521,13428
20210824,공항철도,서울,6047,6308,12355
20210824,공항철도,영종,2438,2420,4858
20210824,공항철도,운서,5411,5533,10944
20210824,공항철도,인천공항1터미널,3150,3113,6263
20210824,공항철도,인천공항2터미널,2053,1939,3992
20210824,공항철도,청라국제도시,5771,5383,11154
20210824,공항철도,홍대입구,7026,7238,14264
20210825,공항철도,검암,6243,6136,12379
20210825,공항철도,계양,8681,8187,16868
20210825,공항철도,공덕,2067,2567,4634
20210825,공항철도,공항화물청사,2140,2347,4487
20210825,공항철도,김포공항,10146,5969,16115
20210825,공항철도,디지털미디어시티,12361,11439,23800
20210825,공항철도,마곡나루,7382,6951,14333
20210825,공항철도,서울,6336,5646,11982
20210825,공항철도,영종,2642,2706,5348
20210825,공항철도,운서,5727,5873,11600
20210825,공항철도,인천공항1터미널,3098,3308,6406
20210825,공항철도,인천공항2터미널,2059,1903,3962
20210825,공항철도,청라국제도시,5869,5587,11456
20210825,공항철도,홍대입구,8119,8264,16383
20210826,공항철도,검암,6226,6086,12312
20210826,공항철도,계양,8587,8118,16705
20210826,공항철도,공덕,2018,2670,4688
20210826,공항철도,공항화물청사,2172,2331,4503
20210826,공항철도,김포공항,10456,6365,16821
20210826,공항철도,디지털미디어시티,12146,10967,23113
20210826,공항철도,마곡나루,7186,6786,13972
20210826,공항철도,서울,6426,5910,12336
20210826,공항철도,영종,2601,2644,5245
20210826,공항철도,운서,5728,5804,11532
20210826,공항철도,인천공항1터미널,3326,3516,6842
20210826,공항철도,인천공항2터미널,2156,2104,4260
20210826,공항철도,청라국제도시,5911,5685,11596
20210826,공항철도,홍대입구,8140,8261,16401
20210827,공항철도,검암,6281,6169,12450
20210827,공항철도,계양,8405,7973,16378
20210827,공항철도,공덕,1984,2609,4593
20210827,공항철도,공항화물청사,2103,2191,4294
20210827,공항철도,김포공항,12210,7129,19339
20210827,공항철도,디지털미디어시티,11916,10741,22657
20210827,공항철도,마곡나루,6699,6308,13007
20210827,공항철도,서울,7306,6894,14200
20210827,공항철도,영종,2647,2754,5401
20210827,공항철도,운서,5866,5716,11582
20210827,공항철도,인천공항1터미널,3313,3469,6782
20210827,공항철도,인천공항2터미널,2150,1998,4148
20210827,공항철도,청라국제도시,5802,5593,11395
20210827,공항철도,홍대입구,8443,8424,16867
20210830,공항철도,검암,6333,6169,12502
20210830,공항철도,계양,8777,8343,17120
20210830,공항철도,공덕,2037,2519,4556
20210830,공항철도,공항화물청사,2160,2324,4484
20210830,공항철도,김포공항,11703,6018,17721
20210830,공항철도,디지털미디어시티,12283,11358,23641
20210830,공항철도,마곡나루,7209,7053,14262
20210830,공항철도,서울,6466,5908,12374
20210830,공항철도,영종,2697,2732,5429
20210830,공항철도,운서,5686,5853,11539
20210830,공항철도,인천공항1터미널,3327,3370,6697
20210830,공항철도,인천공항2터미널,2116,1917,4033
20210830,공항철도,청라국제도시,5995,5586,11581
20210830,공항철도,홍대입구,7731,7810,15541
20210831,공항철도,검암,5908,5701,11609
20210831,공항철도,계양,8488,8120,16608
20210831,공항철도,공덕,1968,2560,4528
20210831,공항철도,공항화물청사,2181,2342,4523
20210831,공항철도,김포공항,10640,5780,16420
20210831,공항철도,디지털미디어시티,12598,11277,23875
20210831,공항철도,마곡나루,6800,6503,13303
20210831,공항철도,서울,5942,5505,11447
20210831,공항철도,영종,2489,2363,4852
20210831,공항철도,운서,5355,5495,10850
20210831,공항철도,인천공항1터미널,3270,3207,6477
20210831,공항철도,인천공항2터미널,2071,2004,4075
20210831,공항철도,청라국제도시,5752,5471,11223
20210831,공항철도,홍대입구,6935,7227,14162
20210901,공항철도,검암,6097,6090,12187
20210901,공항철도,계양,8568,8161,16729
20210901,공항철도,공덕,2018,2611,4629
20210901,공항철도,공항화물청사,2201,2350,4551
20210901,공항철도,김포공항,9963,5697,15660
20210901,공항철도,디지털미디어시티,12319,11360,23679
20210901,공항철도,마곡나루,7367,6955,14322
20210901,공항철도,서울,5763,5263,11026
20210901,공항철도,영종,2530,2621,5151
20210901,공항철도,운서,5630,5695,11325
20210901,공항철도,인천공항1터미널,3049,3377,6426
20210901,공항철도,인천공항2터미널,2046,1966,4012
20210901,공항철도,청라국제도시,5843,5624,11467
20210901,공항철도,홍대입구,7566,7592,15158
20210902,공항철도,검암,6274,6270,12544
20210902,공항철도,계양,8754,8227,16981
20210902,공항철도,공덕,2022,2558,4580
20210902,공항철도,공항화물청사,2316,2430,4746
20210902,공항철도,김포공항,9853,5760,15613
20210902,공항철도,디지털미디어시티,12464,11430,23894
20210902,공항철도,마곡나루,7415,7209,14624
20210902,공항철도,서울,6075,5683,11758
20210902,공항철도,영종,2660,2698,5358
20210902,공항철도,운서,5881,5908,11789
20210902,공항철도,인천공항1터미널,3302,3348,6650
20210902,공항철도,인천공항2터미널,2050,2028,4078
20210902,공항철도,청라국제도시,5874,5665,11539
20210902,공항철도,홍대입구,7843,7873,15716
20210903,공항철도,검암,6586,6525,13111
20210903,공항철도,계양,9009,8493,17502
20210903,공항철도,공덕,2042,2689,4731
20210903,공항철도,공항화물청사,2166,2349,4515
20210903,공항철도,김포공항,11628,6491,18119
20210903,공항철도,디지털미디어시티,12033,10757,22790
20210903,공항철도,마곡나루,7151,6811,13962
20210903,공항철도,서울,7631,7186,14817
20210903,공항철도,영종,2799,2939,5738
20210903,공항철도,운서,6232,6139,12371
20210903,공항철도,인천공항1터미널,3454,3783,7237
20210903,공항철도,인천공항2터미널,2074,1911,3985
20210903,공항철도,청라국제도시,6288,5953,12241
20210903,공항철도,홍대입구,8813,8783,17596
20210906,공항철도,검암,6322,5931,12253
20210906,공항철도,계양,8817,8321,17138
20210906,공항철도,공덕,1980,2570,4550
20210906,공항철도,공항화물청사,2093,2377,4470
20210906,공항철도,김포공항,10762,5850,16612
20210906,공항철도,디지털미디어시티,12933,11692,24625
20210906,공항철도,마곡나루,7113,6891,14004
20210906,공항철도,서울,6133,5709,11842
20210906,공항철도,영종,2678,2620,5298
20210906,공항철도,운서,5605,5630,11235
20210906,공항철도,인천공항1터미널,2916,2918,5834
20210906,공항철도,인천공항2터미널,2003,1832,3835
20210906,공항철도,청라국제도시,5998,5706,11704
20210906,공항철도,홍대입구,7164,7300,14464
20210907,공항철도,검암,5981,5787,11768
20210907,공항철도,계양,8533,8023,16556
20210907,공항철도,공덕,1922,2431,4353
20210907,공항철도,공항화물청사,2139,2339,4478
20210907,공항철도,김포공항,9188,5113,14301
20210907,공항철도,디지털미디어시티,12372,11331,23703
20210907,공항철도,마곡나루,6889,6577,13466
20210907,공항철도,서울,5544,5158,10702
20210907,공항철도,영종,2341,2340,4681
20210907,공항철도,운서,5175,5252,10427
20210907,공항철도,인천공항1터미널,2924,2956,5880
20210907,공항철도,인천공항2터미널,1822,1802,3624
20210907,공항철도,청라국제도시,5673,5467,11140
20210907,공항철도,홍대입구,6708,6820,13528
20210908,공항철도,검암,6327,6293,12620
20210908,공항철도,계양,9112,8502,17614
20210908,공항철도,공덕,2054,2630,4684
20210908,공항철도,공항화물청사,2233,2378,4611
20210908,공항철도,김포공항,9462,5895,15357
20210908,공항철도,디지털미디어시티,12808,11604,24412
20210908,공항철도,마곡나루,7628,7362,14990
20210908,공항철도,서울,6202,5632,11834
20210908,공항철도,영종,2781,2848,5629
20210908,공항철도,운서,6006,6021,12027
20210908,공항철도,인천공항1터미널,3075,3297,6372
20210908,공항철도,인천공항2터미널,1983,1935,3918
20210908,공항철도,청라국제도시,6182,5855,12037
20210908,공항철도,홍대입구,8104,7994,16098
20210909,공항철도,검암,6434,6344,12778
20210909,공항철도,계양,9039,8582,17621
20210909,공항철도,공덕,2048,2636,4684
20210909,공항철도,공항화물청사,2212,2353,4565
20210909,공항철도,김포공항,9990,5437,15427
20210909,공항철도,디지털미디어시티,12390,11437,23827
20210909,공항철도,마곡나루,7382,7125,14507
20210909,공항철도,서울,6383,6042,12425
20210909,공항철도,영종,2655,2743,5398
20210909,공항철도,운서,5894,5925,11819
20210909,공항철도,인천공항1터미널,3203,3226,6429
20210909,공항철도,인천공항2터미널,2005,1904,3909
20210909,공항철도,청라국제도시,6038,5853,11891
20210909,공항철도,홍대입구,8131,8188,16319
20210910,공항철도,검암,6645,6638,13283
20210910,공항철도,계양,9052,8620,17672
20210910,공항철도,공덕,2125,2767,4892
20210910,공항철도,공항화물청사,2182,2275,4457
20210910,공항철도,김포공항,11624,6906,18530
20210910,공항철도,디지털미디어시티,12181,11014,23195
20210910,공항철도,마곡나루,7152,6801,13953
20210910,공항철도,서울,7875,7223,15098
20210910,공항철도,영종,2938,3042,5980
20210910,공항철도,운서,6191,6221,12412
20210910,공항철도,인천공항1터미널,3513,3798,7311
20210910,공항철도,인천공항2터미널,1975,1872,3847
20210910,공항철도,청라국제도시,6341,5982,12323
20210910,공항철도,홍대입구,8862,8978,17840
20210913,공항철도,검암,6541,6318,12859
20210913,공항철도,계양,9109,8618,17727
20210913,공항철도,공덕,2082,2607,4689
20210913,공항철도,공항화물청사,2129,2345,4474
20210913,공항철도,김포공항,10898,5854,16752
20210913,공항철도,디지털미디어시티,12780,11647,24427
20210913,공항철도,마곡나루,7702,7403,15105
20210913,공항철도,서울,6442,6052,12494
20210913,공항철도,영종,2886,2856,5742
20210913,공항철도,운서,5910,5926,11836
20210913,공항철도,인천공항1터미널,2994,3113,6107
20210913,공항철도,인천공항2터미널,1923,1847,3770
20210913,공항철도,청라국제도시,6282,5985,12267
20210913,공항철도,홍대입구,7867,7808,15675
20210914,공항철도,검암,6617,6437,13054
20210914,공항철도,계양,9037,8724,17761
20210914,공항철도,공덕,2039,2631,4670
20210914,공항철도,공항화물청사,2233,2424,4657
20210914,공항철도,김포공항,9828,5285,15113
20210914,공항철도,디지털미디어시티,12828,11764,24592
20210914,공항철도,마곡나루,7813,7510,15323
20210914,공항철도,서울,6256,5815,12071
20210914,공항철도,영종,2752,2795,5547
20210914,공항철도,운서,6009,6046,12055
20210914,공항철도,인천공항1터미널,3216,3200,6416
20210914,공항철도,인천공항2터미널,1900,1885,3785
20210914,공항철도,청라국제도시,6127,5831,11958
20210914,공항철도,홍대입구,7815,7877,15692
20210915,공항철도,검암,6509,6425,12934
20210915,공항철도,계양,9269,8687,17956
20210915,공항철도,공덕,2170,2678,4848
20210915,공항철도,공항화물청사,2260,2440,4700
20210915,공항철도,김포공항,9314,5769,15083
20210915,공항철도,디지털미디어시티,13295,12118,25413
20210915,공항철도,마곡나루,7937,7615,15552
20210915,공항철도,서울,6457,6052,12509
20210915,공항철도,영종,2758,2809,5567
20210915,공항철도,운서,6068,6104,12172
20210915,공항철도,인천공항1터미널,3276,3541,6817
20210915,공항철도,인천공항2터미널,1981,1914,3895
20210915,공항철도,청라국제도시,6171,5900,12071
20210915,공항철도,홍대입구,8190,8353,16543
20210916,공항철도,검암,6623,6500,13123
20210916,공항철도,계양,9301,8746,18047
20210916,공항철도,공덕,2127,2679,4806
20210916,공항철도,공항화물청사,2272,2397,4669
20210916,공항철도,김포공항,9110,6588,15698
20210916,공항철도,디지털미디어시티,13274,11971,25245
20210916,공항철도,마곡나루,7868,7477,15345
20210916,공항철도,서울,7067,7478,14545
20210916,공항철도,영종,2833,2854,5687
20210916,공항철도,운서,6112,6068,12180
20210916,공항철도,인천공항1터미널,3277,3284,6561
20210916,공항철도,인천공항2터미널,2127,2032,4159
20210916,공항철도,청라국제도시,6234,5914,12148
20210916,공항철도,홍대입구,8522,8377,16899
20210917,공항철도,검암,6450,6461,12911
20210917,공항철도,계양,9163,8543,17706
20210917,공항철도,공덕,2127,2631,4758
20210917,공항철도,공항화물청사,2240,2310,4550
20210917,공항철도,김포공항,10613,7911,18524
20210917,공항철도,디지털미디어시티,12401,11072,23473
20210917,공항철도,마곡나루,7306,6744,14050
20210917,공항철도,서울,7114,6712,13826
20210917,공항철도,영종,2762,2951,5713
20210917,공항철도,운서,6477,6198,12675
20210917,공항철도,인천공항1터미널,3443,3803,7246
20210917,공항철도,인천공항2터미널,1988,1867,3855
20210917,공항철도,청라국제도시,6028,5879,11907
20210917,공항철도,홍대입구,9539,9281,18820
20210920,공항철도,검암,2559,2798,5357
20210920,공항철도,계양,3389,3465,6854
20210920,공항철도,공덕,843,955,1798
20210920,공항철도,공항화물청사,884,911,1795
20210920,공항철도,김포공항,8888,5306,14194
20210920,공항철도,디지털미디어시티,2477,2236,4713
20210920,공항철도,마곡나루,1437,1455,2892
20210920,공항철도,서울,3898,4372,8270
20210920,공항철도,영종,1874,1961,3835
20210920,공항철도,운서,4032,3802,7834
20210920,공항철도,인천공항1터미널,3143,3239,6382
20210920,공항철도,인천공항2터미널,1614,1370,2984
20210920,공항철도,청라국제도시,2239,2044,4283
20210920,공항철도,홍대입구,5836,5210,11046
20210921,공항철도,검암,2461,2523,4984
20210921,공항철도,계양,3110,3021,6131
20210921,공항철도,공덕,669,966,1635
20210921,공항철도,공항화물청사,752,821,1573
20210921,공항철도,김포공항,10842,4775,15617
20210921,공항철도,디지털미디어시티,1996,2217,4213
20210921,공항철도,마곡나루,1254,1377,2631
20210921,공항철도,서울,4695,3616,8311
20210921,공항철도,영종,1649,1522,3171
20210921,공항철도,운서,3278,3568,6846
20210921,공항철도,인천공항1터미널,2883,2696,5579
20210921,공항철도,인천공항2터미널,1378,1255,2633
20210921,공항철도,청라국제도시,1687,1680,3367
20210921,공항철도,홍대입구,3850,4031,7881
20210922,공항철도,검암,3347,3377,6724
20210922,공항철도,계양,4518,4105,8623
20210922,공항철도,공덕,907,1309,2216
20210922,공항철도,공항화물청사,958,1057,2015
20210922,공항철도,김포공항,14168,5873,20041
20210922,공항철도,디지털미디어시티,2870,3117,5987
20210922,공항철도,마곡나루,1835,2114,3949
20210922,공항철도,서울,5498,4503,10001
20210922,공항철도,영종,2171,1989,4160
20210922,공항철도,운서,3977,4670,8647
20210922,공항철도,인천공항1터미널,3113,3132,6245
20210922,공항철도,인천공항2터미널,1538,1482,3020
20210922,공항철도,청라국제도시,2668,2520,5188
20210922,공항철도,홍대입구,7077,7451,14528
20210923,공항철도,검암,6293,6181,12474
20210923,공항철도,계양,8728,8192,16920
20210923,공항철도,공덕,1959,2506,4465
20210923,공항철도,공항화물청사,2185,2374,4559
20210923,공항철도,김포공항,12923,6067,18990
20210923,공항철도,디지털미디어시티,11769,11000,22769
20210923,공항철도,마곡나루,5142,5411,10553
20210923,공항철도,서울,7870,5551,13421
20210923,공항철도,영종,2696,2784,5480
20210923,공항철도,운서,5895,6361,12256
20210923,공항철도,인천공항1터미널,3350,3325,6675
20210923,공항철도,인천공항2터미널,1904,1864,3768
20210923,공항철도,청라국제도시,5833,5468,11301
20210923,공항철도,홍대입구,7908,8557,16465
20210924,공항철도,검암,6547,6513,13060
20210924,공항철도,계양,9169,8739,17908
20210924,공항철도,공덕,2045,2665,4710
20210924,공항철도,공항화물청사,2176,2307,4483
20210924,공항철도,김포공항,14208,6372,20580
20210924,공항철도,디지털미디어시티,12103,11096,23199
20210924,공항철도,마곡나루,5991,6051,12042
20210924,공항철도,서울,7129,6311,13440
20210924,공항철도,영종,2764,2974,5738
20210924,공항철도,운서,6246,6409,12655
20210924,공항철도,인천공항1터미널,3588,3751,7339
20210924,공항철도,인천공항2터미널,2056,1782,3838
20210924,공항철도,청라국제도시,6143,5897,12040
20210924,공항철도,홍대입구,8938,9317,18255
20210927,공항철도,검암,6599,6410,13009
20210927,공항철도,계양,9359,8680,18039
20210927,공항철도,공덕,2075,2628,4703
20210927,공항철도,공항화물청사,2225,2373,4598
20210927,공항철도,김포공항,11952,6231,18183
20210927,공항철도,디지털미디어시티,13318,12021,25339
20210927,공항철도,마곡나루,7902,7526,15428
20210927,공항철도,서울,6468,6118,12586
20210927,공항철도,영종,2896,2824,5720
20210927,공항철도,운서,5919,6029,11948
20210927,공항철도,인천공항1터미널,3189,3218,6407
20210927,공항철도,인천공항2터미널,1939,1737,3676
20210927,공항철도,청라국제도시,6106,5831,11937
20210927,공항철도,홍대입구,7497,7632,15129
20210928,공항철도,검암,6485,6168,12653
20210928,공항철도,계양,9328,8900,18228
20210928,공항철도,공덕,2088,2645,4733
20210928,공항철도,공항화물청사,2269,2462,4731
20210928,공항철도,김포공항,10719,5872,16591
20210928,공항철도,디지털미디어시티,13173,11985,25158
20210928,공항철도,마곡나루,7825,7377,15202
20210928,공항철도,서울,6202,5733,11935
20210928,공항철도,영종,2603,2666,5269
20210928,공항철도,운서,5870,5824,11694
20210928,공항철도,인천공항1터미널,3098,3245,6343
20210928,공항철도,인천공항2터미널,1850,1835,3685
20210928,공항철도,청라국제도시,6137,5760,11897
20210928,공항철도,홍대입구,7585,7636,15221
20210929,공항철도,검암,6145,6157,12302
20210929,공항철도,계양,8898,8475,17373
20210929,공항철도,공덕,2083,2498,4581
20210929,공항철도,공항화물청사,2226,2428,4654
20210929,공항철도,김포공항,10344,6014,16358
20210929,공항철도,디지털미디어시티,12837,11834,24671
20210929,공항철도,마곡나루,7840,7453,15293
20210929,공항철도,서울,6277,5569,11846
20210929,공항철도,영종,2501,2539,5040
20210929,공항철도,운서,5772,5794,11566
20210929,공항철도,인천공항1터미널,3134,3294,6428
20210929,공항철도,인천공항2터미널,1910,1856,3766
20210929,공항철도,청라국제도시,5969,5673,11642
20210929,공항철도,홍대입구,7449,7577,15026
20210930,공항철도,검암,6744,6567,13311
20210930,공항철도,계양,9390,8843,18233
20210930,공항철도,공덕,2193,2727,4920
20210930,공항철도,공항화물청사,2268,2475,4743
20210930,공항철도,김포공항,11049,6695,17744
20210930,공항철도,디지털미디어시티,12867,11816,24683
20210930,공항철도,마곡나루,7991,7661,15652
20210930,공항철도,서울,6817,6148,12965
20210930,공항철도,영종,2900,2863,5763
20210930,공항철도,운서,6087,6176,12263
20210930,공항철도,인천공항1터미널,3414,3525,6939
20210930,공항철도,인천공항2터미널,2111,1944,4055
20210930,공항철도,청라국제도시,6198,5966,12164
20210930,공항철도,홍대입구,8221,8231,16452
20211001,공항철도,검암,6627,6543,13170
20211001,공항철도,계양,9539,8937,18476
20211001,공항철도,공덕,2247,2812,5059
20211001,공항철도,공항화물청사,2262,2337,4599
20211001,공항철도,김포공항,12976,7332,20308
20211001,공항철도,디지털미디어시티,12805,11532,24337
20211001,공항철도,마곡나루,7624,7296,14920
20211001,공항철도,서울,8077,7732,15809
20211001,공항철도,영종,2916,3080,5996
20211001,공항철도,운서,6488,6472,12960
20211001,공항철도,인천공항1터미널,3746,3843,7589
20211001,공항철도,인천공항2터미널,2029,1913,3942
20211001,공항철도,청라국제도시,6355,6035,12390
20211001,공항철도,홍대입구,9123,9567,18690
20211004,공항철도,검암,3532,3538,7070
20211004,공항철도,계양,5150,4870,10020
20211004,공항철도,공덕,1057,1421,2478
20211004,공항철도,공항화물청사,1070,1246,2316
20211004,공항철도,김포공항,11763,6420,18183
20211004,공항철도,디지털미디어시티,3946,3804,7750
20211004,공항철도,마곡나루,2330,2595,4925
20211004,공항철도,서울,6122,5219,11341
20211004,공항철도,영종,2394,2225,4619
20211004,공항철도,운서,4590,4839,9429
20211004,공항철도,인천공항1터미널,2927,2864,5791
20211004,공항철도,인천공항2터미널,1714,1621,3335
20211004,공항철도,청라국제도시,3026,2823,5849
20211004,공항철도,홍대입구,7786,7383,15169
20211005,공항철도,검암,6629,6350,12979
20211005,공항철도,계양,9475,8906,18381
20211005,공항철도,공덕,2078,2614,4692
20211005,공항철도,공항화물청사,2234,2411,4645
20211005,공항철도,김포공항,11380,6470,17850
20211005,공항철도,디지털미디어시티,13545,12319,25864
20211005,공항철도,마곡나루,8211,7813,16024
20211005,공항철도,서울,6533,6145,12678
20211005,공항철도,영종,2799,2764,5563
20211005,공항철도,운서,6049,6056,12105
20211005,공항철도,인천공항1터미널,3249,3127,6376
20211005,공항철도,인천공항2터미널,1930,1855,3785
20211005,공항철도,청라국제도시,6268,5855,12123
20211005,공항철도,홍대입구,7508,7745,15253
20211006,공항철도,검암,6436,6315,12751
20211006,공항철도,계양,9378,8804,18182
20211006,공항철도,공덕,2134,2667,4801
20211006,공항철도,공항화물청사,2254,2431,4685
20211006,공항철도,김포공항,10705,6566,17271
20211006,공항철도,디지털미디어시티,13277,12240,25517
20211006,공항철도,마곡나루,7856,7578,15434
20211006,공항철도,서울,6451,5785,12236
20211006,공항철도,영종,2720,2729,5449
20211006,공항철도,운서,5868,5952,11820
20211006,공항철도,인천공항1터미널,3101,3301,6402
20211006,공항철도,인천공항2터미널,1918,1779,3697
20211006,공항철도,청라국제도시,6208,5954,12162
20211006,공항철도,홍대입구,7771,7725,15496
20211007,공항철도,검암,6601,6381,12982
20211007,공항철도,계양,9531,8936,18467
20211007,공항철도,공덕,2170,2765,4935
20211007,공항철도,공항화물청사,2260,2484,4744
20211007,공항철도,김포공항,10681,6697,17378
20211007,공항철도,디지털미디어시티,13146,12178,25324
20211007,공항철도,마곡나루,8020,7888,15908
20211007,공항철도,서울,6672,6302,12974
20211007,공항철도,영종,2826,2850,5676
20211007,공항철도,운서,6147,6113,12260
20211007,공항철도,인천공항1터미널,3230,3264,6494
20211007,공항철도,인천공항2터미널,1968,1873,3841
20211007,공항철도,청라국제도시,6142,5925,12067
20211007,공항철도,홍대입구,7847,8058,15905
20211008,공항철도,검암,6683,6548,13231
20211008,공항철도,계양,9523,8940,18463
20211008,공항철도,공덕,2182,2842,5024
20211008,공항철도,공항화물청사,2237,2370,4607
20211008,공항철도,김포공항,14178,7506,21684
20211008,공항철도,디지털미디어시티,13031,11752,24783
20211008,공항철도,마곡나루,7585,7293,14878
20211008,공항철도,서울,8513,8542,17055
20211008,공항철도,영종,2881,3125,6006
20211008,공항철도,운서,6559,6403,12962
20211008,공항철도,인천공항1터미널,3446,3778,7224
20211008,공항철도,인천공항2터미널,2008,1869,3877
20211008,공항철도,청라국제도시,6246,6088,12334
20211008,공항철도,홍대입구,9022,9050,18072
20211011,공항철도,검암,3854,3936,7790
20211011,공항철도,계양,5488,5350,10838
20211011,공항철도,공덕,1153,1529,2682
20211011,공항철도,공항화물청사,1111,1260,2371
20211011,공항철도,김포공항,11918,6425,18343
20211011,공항철도,디지털미디어시티,4462,4292,8754
20211011,공항철도,마곡나루,2685,2950,5635
20211011,공항철도,서울,7349,6180,13529
20211011,공항철도,영종,2636,2411,5047
20211011,공항철도,운서,5176,5415,10591
20211011,공항철도,인천공항1터미널,3107,3002,6109
20211011,공항철도,인천공항2터미널,1747,1534,3281
20211011,공항철도,청라국제도시,3387,3198,6585
20211011,공항철도,홍대입구,8540,8022,16562
20211012,공항철도,검암,6675,6494,13169
20211012,공항철도,계양,9673,9157,18830
20211012,공항철도,공덕,2235,2772,5007
20211012,공항철도,공항화물청사,2235,2465,4700
20211012,공항철도,김포공항,11725,6694,18419
20211012,공항철도,디지털미디어시티,13337,12404,25741
20211012,공항철도,마곡나루,8423,7977,16400
20211012,공항철도,서울,7023,6314,13337
20211012,공항철도,영종,2892,2792,5684
20211012,공항철도,운서,6260,6381,12641
20211012,공항철도,인천공항1터미널,3188,3119,6307
20211012,공항철도,인천공항2터미널,1901,1810,3711
20211012,공항철도,청라국제도시,6491,6120,12611
20211012,공항철도,홍대입구,7874,8027,15901
20211013,공항철도,검암,6786,6688,13474
20211013,공항철도,계양,9876,9292,19168
20211013,공항철도,공덕,2237,2823,5060
20211013,공항철도,공항화물청사,2357,2540,4897
20211013,공항철도,김포공항,11660,6523,18183
20211013,공항철도,디지털미디어시티,13623,12516,26139
20211013,공항철도,마곡나루,8522,8209,16731
20211013,공항철도,서울,6702,6235,12937
20211013,공항철도,영종,2850,2886,5736
20211013,공항철도,운서,6448,6441,12889
20211013,공항철도,인천공항1터미널,3331,3364,6695
20211013,공항철도,인천공항2터미널,1870,1761,3631
20211013,공항철도,청라국제도시,6560,6186,12746
20211013,공항철도,홍대입구,8435,8342,16777
20211014,공항철도,검암,6657,6623,13280
20211014,공항철도,계양,9783,9181,18964
20211014,공항철도,공덕,2270,2820,5090
20211014,공항철도,공항화물청사,2368,2569,4937
20211014,공항철도,김포공항,11042,6597,17639
20211014,공항철도,디지털미디어시티,13465,12346,25811
20211014,공항철도,마곡나루,8190,7939,16129
20211014,공항철도,서울,6978,6364,13342
20211014,공항철도,영종,2841,2905,5746
20211014,공항철도,운서,6285,6305,12590
20211014,공항철도,인천공항1터미널,3450,3387,6837
20211014,공항철도,인천공항2터미널,2012,1922,3934
20211014,공항철도,청라국제도시,6532,6149,12681
20211014,공항철도,홍대입구,8340,8304,16644
20211015,공항철도,검암,6887,6774,13661
20211015,공항철도,계양,9794,9197,18991
20211015,공항철도,공덕,2147,2807,4954
20211015,공항철도,공항화물청사,2311,2480,4791
20211015,공항철도,김포공항,13479,7254,20733
20211015,공항철도,디지털미디어시티,13260,11945,25205
20211015,공항철도,마곡나루,7724,7330,15054
20211015,공항철도,서울,8382,7961,16343
20211015,공항철도,영종,2931,3168,6099
20211015,공항철도,운서,6417,6379,12796
20211015,공항철도,인천공항1터미널,3591,3660,7251
20211015,공항철도,인천공항2터미널,2006,1848,3854
20211015,공항철도,청라국제도시,6516,6163,12679
20211015,공항철도,홍대입구,9363,9302,18665
20211018,공항철도,검암,6390,6266,12656
20211018,공항철도,계양,9544,8851,18395
20211018,공항철도,공덕,2126,2729,4855
20211018,공항철도,공항화물청사,2136,2357,4493
20211018,공항철도,김포공항,11313,6875,18188
20211018,공항철도,디지털미디어시티,13458,12327,25785
20211018,공항철도,마곡나루,7899,7688,15587
20211018,공항철도,서울,6814,6341,13155
20211018,공항철도,영종,2835,2759,5594
20211018,공항철도,운서,6012,6010,12022
20211018,공항철도,인천공항1터미널,3141,3133,6274
20211018,공항철도,인천공항2터미널,1880,1758,3638
20211018,공항철도,청라국제도시,6275,5857,12132
20211018,공항철도,홍대입구,7699,7754,15453
20211019,공항철도,검암,6593,6389,12982
20211019,공항철도,계양,9775,9209,18984
20211019,공항철도,공덕,2148,2667,4815
20211019,공항철도,공항화물청사,2213,2421,4634
20211019,공항철도,김포공항,11093,6582,17675
20211019,공항철도,디지털미디어시티,13523,12272,25795
20211019,공항철도,마곡나루,8282,7813,16095
20211019,공항철도,서울,6448,6045,12493
20211019,공항철도,영종,2844,2821,5665
20211019,공항철도,운서,6061,6132,12193
20211019,공항철도,인천공항1터미널,3291,3246,6537
20211019,공항철도,인천공항2터미널,1963,1832,3795
20211019,공항철도,청라국제도시,6421,6059,12480
20211019,공항철도,홍대입구,7599,7895,15494
20211020,공항철도,검암,6757,6557,13314
20211020,공항철도,계양,9842,9372,19214
20211020,공항철도,공덕,2225,2818,5043
20211020,공항철도,공항화물청사,2250,2555,4805
20211020,공항철도,김포공항,11095,6811,17906
20211020,공항철도,디지털미디어시티,13849,12534,26383
20211020,공항철도,마곡나루,8561,8008,16569
20211020,공항철도,서울,6935,6431,13366
20211020,공항철도,영종,2844,2920,5764
20211020,공항철도,운서,6414,6241,12655
20211020,공항철도,인천공항1터미널,3335,3412,6747
20211020,공항철도,인천공항2터미널,1858,1834,3692
20211020,공항철도,청라국제도시,6507,6206,12713
20211020,공항철도,홍대입구,8208,8299,16507
20211021,공항철도,검암,6670,6624,13294
20211021,공항철도,계양,9873,9266,19139
20211021,공항철도,공덕,2205,2824,5029
20211021,공항철도,공항화물청사,2311,2492,4803
20211021,공항철도,김포공항,11342,6952,18294
20211021,공항철도,디지털미디어시티,13773,12464,26237
20211021,공항철도,마곡나루,8278,7896,16174
20211021,공항철도,서울,7337,6630,13967
20211021,공항철도,영종,2904,3004,5908
20211021,공항철도,운서,6301,6342,12643
20211021,공항철도,인천공항1터미널,3482,3527,7009
20211021,공항철도,인천공항2터미널,2059,1904,3963
20211021,공항철도,청라국제도시,6609,6429,13038
20211021,공항철도,홍대입구,8248,8333,16581
20211022,공항철도,검암,6908,6790,13698
20211022,공항철도,계양,9921,9382,19303
20211022,공항철도,공덕,2301,2972,5273
20211022,공항철도,공항화물청사,2236,2407,4643
20211022,공항철도,김포공항,14294,7632,21926
20211022,공항철도,디지털미디어시티,13527,12114,25641
20211022,공항철도,마곡나루,7717,7337,15054
20211022,공항철도,서울,8640,8354,16994
20211022,공항철도,영종,3035,3210,6245
20211022,공항철도,운서,6685,6586,13271
20211022,공항철도,인천공항1터미널,3720,3929,7649
20211022,공항철도,인천공항2터미널,2299,2041,4340
20211022,공항철도,청라국제도시,6838,6410,13248
20211022,공항철도,홍대입구,9957,10093,20050
20211025,공항철도,검암,6717,6634,13351
20211025,공항철도,계양,9951,9407,19358
20211025,공항철도,공덕,2277,2772,5049
20211025,공항철도,공항화물청사,2180,2464,4644
20211025,공항철도,김포공항,11645,6822,18467
20211025,공항철도,디지털미디어시티,13746,12728,26474
20211025,공항철도,마곡나루,8538,8195,16733
20211025,공항철도,서울,7251,6810,14061
20211025,공항철도,영종,2955,3001,5956
20211025,공항철도,운서,6372,6225,12597
20211025,공항철도,인천공항1터미널,3361,3379,6740
20211025,공항철도,인천공항2터미널,1997,1756,3753
20211025,공항철도,청라국제도시,6548,6269,12817
20211025,공항철도,홍대입구,7995,8163,16158
20211026,공항철도,검암,6887,6779,13666
20211026,공항철도,계양,10009,9509,19518
20211026,공항철도,공덕,2180,2783,4963
20211026,공항철도,공항화물청사,2242,2511,4753
20211026,공항철도,김포공항,11586,6625,18211
20211026,공항철도,디지털미디어시티,13940,12706,26646
20211026,공항철도,마곡나루,8748,8487,17235
20211026,공항철도,서울,6884,6406,13290
20211026,공항철도,영종,2932,2964,5896
20211026,공항철도,운서,6549,6550,13099
20211026,공항철도,인천공항1터미널,3567,3590,7157
20211026,공항철도,인천공항2터미널,1900,1805,3705
20211026,공항철도,청라국제도시,6750,6298,13048
20211026,공항철도,홍대입구,8196,8144,16340
20211027,공항철도,검암,6881,6854,13735
20211027,공항철도,계양,10179,9547,19726
20211027,공항철도,공덕,2351,2926,5277
20211027,공항철도,공항화물청사,2218,2530,4748
20211027,공항철도,김포공항,11549,6884,18433
20211027,공항철도,디지털미디어시티,14199,12916,27115
20211027,공항철도,마곡나루,8811,8404,17215
20211027,공항철도,서울,7202,6535,13737
20211027,공항철도,영종,3047,3037,6084
20211027,공항철도,운서,6591,6352,12943
20211027,공항철도,인천공항1터미널,3480,3685,7165
20211027,공항철도,인천공항2터미널,2007,1958,3965
20211027,공항철도,청라국제도시,6783,6442,13225
20211027,공항철도,홍대입구,8618,8843,17461
20211028,공항철도,검암,6916,6719,13635
20211028,공항철도,계양,10214,9523,19737
20211028,공항철도,공덕,2346,2915,5261
20211028,공항철도,공항화물청사,2283,2532,4815
20211028,공항철도,김포공항,11969,7209,19178
20211028,공항철도,디지털미디어시티,13768,12614,26382
20211028,공항철도,마곡나루,8687,8437,17124
20211028,공항철도,서울,7539,6822,14361
20211028,공항철도,영종,2953,2974,5927
20211028,공항철도,운서,6440,6526,12966
20211028,공항철도,인천공항1터미널,3524,3596,7120
20211028,공항철도,인천공항2터미널,2250,2131,4381
20211028,공항철도,청라국제도시,6842,6542,13384
20211028,공항철도,홍대입구,9162,9013,18175
20211029,공항철도,검암,6956,6886,13842
20211029,공항철도,계양,10449,9667,20116
20211029,공항철도,공덕,2266,3150,5416
20211029,공항철도,공항화물청사,2302,2452,4754
20211029,공항철도,김포공항,14764,7647,22411
20211029,공항철도,디지털미디어시티,13546,12122,25668
20211029,공항철도,마곡나루,8175,7854,16029
20211029,공항철도,서울,9123,8902,18025
20211029,공항철도,영종,3191,3468,6659
20211029,공항철도,운서,6842,6752,13594
20211029,공항철도,인천공항1터미널,3940,4054,7994
20211029,공항철도,인천공항2터미널,2106,1987,4093
20211029,공항철도,청라국제도시,6830,6572,13402
20211029,공항철도,홍대입구,10318,10749,21067
20211101,공항철도,검암,7023,6776,13799
20211101,공항철도,계양,10217,9520,19737
20211101,공항철도,공덕,2314,2867,5181
20211101,공항철도,공항화물청사,2266,2511,4777
20211101,공항철도,김포공항,11894,7163,19057
20211101,공항철도,디지털미디어시티,14181,12993,27174
20211101,공항철도,마곡나루,8675,8475,17150
20211101,공항철도,서울,7242,6910,14152
20211101,공항철도,영종,3069,2893,5962
20211101,공항철도,운서,6444,6465,12909
20211101,공항철도,인천공항1터미널,3409,3424,6833
20211101,공항철도,인천공항2터미널,2120,1920,4040
20211101,공항철도,청라국제도시,6716,6228,12944
20211101,공항철도,홍대입구,8344,8440,16784
20211102,공항철도,검암,6852,6772,13624
20211102,공항철도,계양,10320,9824,20144
20211102,공항철도,공덕,2222,2946,5168
20211102,공항철도,공항화물청사,2348,2626,4974
20211102,공항철도,김포공항,11079,6553,17632
20211102,공항철도,디지털미디어시티,14269,13089,27358
20211102,공항철도,마곡나루,8772,8606,17378
20211102,공항철도,서울,6959,6519,13478
20211102,공항철도,영종,2945,2973,5918
20211102,공항철도,운서,6487,6377,12864
20211102,공항철도,인천공항1터미널,3416,3607,7023
20211102,공항철도,인천공항2터미널,2026,1931,3957
20211102,공항철도,청라국제도시,6888,6527,13415
20211102,공항철도,홍대입구,8549,8664,17213
20211103,공항철도,검암,7048,6901,13949
20211103,공항철도,계양,10418,9630,20048
20211103,공항철도,공덕,2373,2915,5288
20211103,공항철도,공항화물청사,2318,2590,4908
20211103,공항철도,김포공항,11376,6801,18177
20211103,공항철도,디지털미디어시티,14263,13147,27410
20211103,공항철도,마곡나루,9125,8872,17997
20211103,공항철도,서울,7277,6803,14080
20211103,공항철도,영종,2996,3074,6070
20211103,공항철도,운서,6600,6504,13104
20211103,공항철도,인천공항1터미널,3601,3799,7400
20211103,공항철도,인천공항2터미널,2120,1968,4088
20211103,공항철도,청라국제도시,6936,6552,13488
20211103,공항철도,홍대입구,9034,9240,18274
20211104,공항철도,검암,7037,6897,13934
20211104,공항철도,계양,10493,9690,20183
20211104,공항철도,공덕,2307,2907,5214
20211104,공항철도,공항화물청사,2240,2504,4744
20211104,공항철도,김포공항,11821,7118,18939
20211104,공항철도,디지털미디어시티,14415,13312,27727
20211104,공항철도,마곡나루,8948,8782,17730
20211104,공항철도,서울,7671,7027,14698
20211104,공항철도,영종,2994,2919,5913
20211104,공항철도,운서,6662,6656,13318
20211104,공항철도,인천공항1터미널,3612,3665,7277
20211104,공항철도,인천공항2터미널,2248,2098,4346
20211104,공항철도,청라국제도시,7007,6665,13672
20211104,공항철도,홍대입구,9032,9006,18038
20211105,공항철도,검암,7357,7154,14511
20211105,공항철도,계양,10691,9801,20492
20211105,공항철도,공덕,2334,3120,5454
20211105,공항철도,공항화물청사,2291,2464,4755
20211105,공항철도,김포공항,14967,7670,22637
20211105,공항철도,디지털미디어시티,14309,12886,27195
20211105,공항철도,마곡나루,8755,8351,17106
20211105,공항철도,서울,9497,9163,18660
20211105,공항철도,영종,3231,3385,6616
20211105,공항철도,운서,7149,6924,14073
20211105,공항철도,인천공항1터미널,4137,4387,8524
20211105,공항철도,인천공항2터미널,2195,2078,4273
20211105,공항철도,청라국제도시,7229,6748,13977
20211105,공항철도,홍대입구,10323,10939,21262
20211108,공항철도,검암,6227,6163,12390
20211108,공항철도,계양,9717,9039,18756
20211108,공항철도,공덕,2106,2631,4737
20211108,공항철도,공항화물청사,2131,2413,4544
20211108,공항철도,김포공항,11515,6571,18086
20211108,공항철도,디지털미디어시티,13759,12685,26444
20211108,공항철도,마곡나루,7817,7475,15292
20211108,공항철도,서울,7480,7265,14745
20211108,공항철도,영종,2680,2626,5306
20211108,공항철도,운서,5791,5771,11562
20211108,공항철도,인천공항1터미널,3168,3300,6468
20211108,공항철도,인천공항2터미널,2117,1876,3993
20211108,공항철도,청라국제도시,6341,6008,12349
20211108,공항철도,홍대입구,7498,7608,15106
20211109,공항철도,검암,6604,6439,13043
20211109,공항철도,계양,10092,9492,19584
20211109,공항철도,공덕,2159,2816,4975
20211109,공항철도,공항화물청사,2321,2527,4848
20211109,공항철도,김포공항,11488,6580,18068
20211109,공항철도,디지털미디어시티,14429,13304,27733
20211109,공항철도,마곡나루,8501,8254,16755
20211109,공항철도,서울,7060,6520,13580
20211109,공항철도,영종,2774,2741,5515
20211109,공항철도,운서,6051,6141,12192
20211109,공항철도,인천공항1터미널,3407,3407,6814
20211109,공항철도,인천공항2터미널,2001,1963,3964
20211109,공항철도,청라국제도시,6518,6184,12702
20211109,공항철도,홍대입구,7891,8015,15906
20211110,공항철도,검암,6886,6787,13673
20211110,공항철도,계양,10499,9739,20238
20211110,공항철도,공덕,2239,3008,5247
20211110,공항철도,공항화물청사,2331,2568,4899
20211110,공항철도,김포공항,11662,6929,18591
20211110,공항철도,디지털미디어시티,14639,13395,28034
20211110,공항철도,마곡나루,8864,8582,17446
20211110,공항철도,서울,7499,7003,14502
20211110,공항철도,영종,2988,3063,6051
20211110,공항철도,운서,6629,6491,13120
20211110,공항철도,인천공항1터미널,3642,3945,7587
20211110,공항철도,인천공항2터미널,2047,1943,3990
20211110,공항철도,청라국제도시,7075,6605,13680
20211110,공항철도,홍대입구,8784,9058,17842
20211111,공항철도,검암,7013,6822,13835
20211111,공항철도,계양,10612,9725,20337
20211111,공항철도,공덕,2395,3099,5494
20211111,공항철도,공항화물청사,2310,2628,4938
20211111,공항철도,김포공항,12347,7296,19643
20211111,공항철도,디지털미디어시티,14847,13523,28370
20211111,공항철도,마곡나루,8846,8715,17561
20211111,공항철도,서울,7984,7390,15374
20211111,공항철도,영종,2968,3056,6024
20211111,공항철도,운서,6815,6715,13530
20211111,공항철도,인천공항1터미널,3711,3740,7451
20211111,공항철도,인천공항2터미널,2402,2257,4659
20211111,공항철도,청라국제도시,7002,6677,13679
20211111,공항철도,홍대입구,9307,9457,18764
20211112,공항철도,검암,7147,6929,14076
20211112,공항철도,계양,10729,9736,20465
20211112,공항철도,공덕,2407,3180,5587
20211112,공항철도,공항화물청사,2348,2470,4818
20211112,공항철도,김포공항,14207,7653,21860
20211112,공항철도,디지털미디어시티,14410,12781,27191
20211112,공항철도,마곡나루,8446,8105,16551
20211112,공항철도,서울,9808,9830,19638
20211112,공항철도,영종,3097,3317,6414
20211112,공항철도,운서,7082,6747,13829
20211112,공항철도,인천공항1터미널,4035,4196,8231
20211112,공항철도,인천공항2터미널,2299,2054,4353
20211112,공항철도,청라국제도시,7116,6852,13968
20211112,공항철도,홍대입구,10526,11498,22024
20211115,공항철도,검암,6869,6653,13522
20211115,공항철도,계양,10493,9660,20153
20211115,공항철도,공덕,2305,2983,5288
20211115,공항철도,공항화물청사,2231,2512,4743
20211115,공항철도,김포공항,12795,7300,20095
20211115,공항철도,디지털미디어시티,14308,13035,27343
20211115,공항철도,마곡나루,8782,8465,17247
20211115,공항철도,서울,7705,7158,14863
20211115,공항철도,영종,3036,3069,6105
20211115,공항철도,운서,6529,6577,13106
20211115,공항철도,인천공항1터미널,3508,3678,7186
20211115,공항철도,인천공항2터미널,2259,2036,4295
20211115,공항철도,청라국제도시,6892,6337,13229
20211115,공항철도,홍대입구,8565,8735,17300
20211116,공항철도,검암,6982,6964,13946
20211116,공항철도,계양,10485,9850,20335
20211116,공항철도,공덕,2281,3033,5314
20211116,공항철도,공항화물청사,2352,2608,4960
20211116,공항철도,김포공항,12074,6922,18996
20211116,공항철도,디지털미디어시티,14878,13684,28562
20211116,공항철도,마곡나루,9126,8805,17931
20211116,공항철도,서울,7380,6870,14250
20211116,공항철도,영종,3085,3001,6086
20211116,공항철도,운서,6661,6612,13273
20211116,공항철도,인천공항1터미널,3849,4073,7922
20211116,공항철도,인천공항2터미널,2082,1981,4063
20211116,공항철도,청라국제도시,6963,6595,13558
20211116,공항철도,홍대입구,8628,8869,17497
20211117,공항철도,검암,7160,6888,14048
20211117,공항철도,계양,10503,9822,20325
20211117,공항철도,공덕,2322,3136,5458
20211117,공항철도,공항화물청사,2375,2583,4958
20211117,공항철도,김포공항,11985,7153,19138
20211117,공항철도,디지털미디어시티,14735,13624,28359
20211117,공항철도,마곡나루,9206,8789,17995
20211117,공항철도,서울,7870,7140,15010
20211117,공항철도,영종,3020,3043,6063
20211117,공항철도,운서,6760,6729,13489
20211117,공항철도,인천공항1터미널,3988,4144,8132
20211117,공항철도,인천공항2터미널,2303,2232,4535
20211117,공항철도,청라국제도시,7155,6750,13905
20211117,공항철도,홍대입구,9047,9216,18263
20211118,공항철도,검암,7017,6790,13807
20211118,공항철도,계양,10315,9677,19992
20211118,공항철도,공덕,2293,3007,5300
20211118,공항철도,공항화물청사,2368,2588,4956
20211118,공항철도,김포공항,12015,7067,19082
20211118,공항철도,디지털미디어시티,14300,13114,27414
20211118,공항철도,마곡나루,8888,8623,17511
20211118,공항철도,서울,7836,7389,15225
20211118,공항철도,영종,2966,2986,5952
20211118,공항철도,운서,6594,6610,13204
20211118,공항철도,인천공항1터미널,4006,3832,7838
20211118,공항철도,인천공항2터미널,2298,2143,4441
20211118,공항철도,청라국제도시,6968,6668,13636
20211118,공항철도,홍대입구,9282,9491,18773
20211119,공항철도,검암,7355,7347,14702
20211119,공항철도,계양,10757,9876,20633
20211119,공항철도,공덕,2365,3296,5661
20211119,공항철도,공항화물청사,2303,2520,4823
20211119,공항철도,김포공항,15003,7479,22482
20211119,공항철도,디지털미디어시티,14241,12766,27007
20211119,공항철도,마곡나루,8376,7999,16375
20211119,공항철도,서울,10160,9816,19976
20211119,공항철도,영종,3144,3308,6452
20211119,공항철도,운서,7271,7095,14366
20211119,공항철도,인천공항1터미널,4364,4489,8853
20211119,공항철도,인천공항2터미널,2284,2111,4395
20211119,공항철도,청라국제도시,7163,6846,14009
20211119,공항철도,홍대입구,10745,11640,22385
20211122,공항철도,검암,6760,6559,13319
20211122,공항철도,계양,10138,9547,19685
20211122,공항철도,공덕,2244,2944,5188
20211122,공항철도,공항화물청사,2165,2428,4593
20211122,공항철도,김포공항,12459,6984,19443
20211122,공항철도,디지털미디어시티,14223,12973,27196
20211122,공항철도,마곡나루,8373,8103,16476
20211122,공항철도,서울,7820,7280,15100
20211122,공항철도,영종,2959,2879,5838
20211122,공항철도,운서,6454,6429,12883
20211122,공항철도,인천공항1터미널,3590,3729,7319
20211122,공항철도,인천공항2터미널,2291,2053,4344
20211122,공항철도,청라국제도시,6843,6396,13239
20211122,공항철도,홍대입구,8626,9113,17739
20211123,공항철도,검암,6857,6674,13531
20211123,공항철도,계양,10238,9714,19952
20211123,공항철도,공덕,2243,2937,5180
20211123,공항철도,공항화물청사,2345,2586,4931
20211123,공항철도,김포공항,11894,6616,18510
20211123,공항철도,디지털미디어시티,14663,13396,28059
20211123,공항철도,마곡나루,8673,8431,17104
20211123,공항철도,서울,7346,6924,14270
20211123,공항철도,영종,2974,2985,5959
20211123,공항철도,운서,6441,6368,12809
20211123,공항철도,인천공항1터미널,3657,3789,7446
20211123,공항철도,인천공항2터미널,2130,2104,4234
20211123,공항철도,청라국제도시,6969,6606,13575
20211123,공항철도,홍대입구,8655,8897,17552
20211124,공항철도,검암,6816,6781,13597
20211124,공항철도,계양,10403,9714,20117
20211124,공항철도,공덕,2267,3013,5280
20211124,공항철도,공항화물청사,2298,2520,4818
20211124,공항철도,김포공항,11337,6875,18212
20211124,공항철도,디지털미디어시티,14713,13367,28080
20211124,공항철도,마곡나루,9143,8651,17794
20211124,공항철도,서울,7556,6819,14375
20211124,공항철도,영종,3013,2999,6012
20211124,공항철도,운서,6609,6582,13191
20211124,공항철도,인천공항1터미널,3754,3816,7570
20211124,공항철도,인천공항2터미널,2092,2033,4125
20211124,공항철도,청라국제도시,6965,6582,13547
20211124,공항철도,홍대입구,9016,9166,18182
20211125,공항철도,검암,7065,6873,13938
20211125,공항철도,계양,10395,9651,20046
20211125,공항철도,공덕,2336,3117,5453
20211125,공항철도,공항화물청사,2394,2580,4974
20211125,공항철도,김포공항,12173,7136,19309
20211125,공항철도,디지털미디어시티,14515,13358,27873
20211125,공항철도,마곡나루,9032,8703,17735
20211125,공항철도,서울,8003,7411,15414
20211125,공항철도,영종,3023,3073,6096
20211125,공항철도,운서,6768,6707,13475
20211125,공항철도,인천공항1터미널,3966,3807,7773
20211125,공항철도,인천공항2터미널,2350,2150,4500
20211125,공항철도,청라국제도시,7131,6720,13851
20211125,공항철도,홍대입구,9243,9641,18884
20211126,공항철도,검암,7086,7036,14122
20211126,공항철도,계양,10464,9620,20084
20211126,공항철도,공덕,2411,3265,5676
20211126,공항철도,공항화물청사,2368,2495,4863
20211126,공항철도,김포공항,14957,7688,22645
20211126,공항철도,디지털미디어시티,14384,12676,27060
20211126,공항철도,마곡나루,8542,7952,16494
20211126,공항철도,서울,9982,9562,19544
20211126,공항철도,영종,3125,3244,6369
20211126,공항철도,운서,6870,6683,13553
20211126,공항철도,인천공항1터미널,4144,4722,8866
20211126,공항철도,인천공항2터미널,2326,2259,4585
20211126,공항철도,청라국제도시,7168,6764,13932
20211126,공항철도,홍대입구,10354,11361,21715
20211129,공항철도,검암,6937,6758,13695
20211129,공항철도,계양,10341,9611,19952
20211129,공항철도,공덕,2316,2955,5271
20211129,공항철도,공항화물청사,2217,2532,4749
20211129,공항철도,김포공항,12401,7103,19504
20211129,공항철도,디지털미디어시티,14397,12992,27389
20211129,공항철도,마곡나루,8738,8285,17023
20211129,공항철도,서울,7701,7091,14792
20211129,공항철도,영종,2969,2934,5903
20211129,공항철도,운서,6492,6408,12900
20211129,공항철도,인천공항1터미널,3525,3610,7135
20211129,공항철도,인천공항2터미널,2324,2105,4429
20211129,공항철도,청라국제도시,6807,6432,13239
20211129,공항철도,홍대입구,8596,8644,17240
20211130,공항철도,검암,6563,6519,13082
20211130,공항철도,계양,9801,9401,19202
20211130,공항철도,공덕,2212,2900,5112
20211130,공항철도,공항화물청사,2271,2559,4830
20211130,공항철도,김포공항,11076,6311,17387
20211130,공항철도,디지털미디어시티,14231,13070,27301
20211130,공항철도,마곡나루,8446,7980,16426
20211130,공항철도,서울,7078,6527,13605
20211130,공항철도,영종,2723,2662,5385
20211130,공항철도,운서,6054,6017,12071
20211130,공항철도,인천공항1터미널,3717,3819,7536
20211130,공항철도,인천공항2터미널,2213,2104,4317
20211130,공항철도,청라국제도시,6551,6349,12900
20211130,공항철도,홍대입구,7882,8223,16105
20211201,공항철도,검암,6770,6648,13418
20211201,공항철도,계양,10077,9437,19514
20211201,공항철도,공덕,2259,2930,5189
20211201,공항철도,공항화물청사,2311,2670,4981
20211201,공항철도,김포공항,10525,6656,17181
20211201,공항철도,디지털미디어시티,14368,13147,27515
20211201,공항철도,마곡나루,8809,8396,17205
20211201,공항철도,서울,7045,6483,13528
20211201,공항철도,영종,2839,2872,5711
20211201,공항철도,운서,6453,6332,12785
20211201,공항철도,인천공항1터미널,3949,4048,7997
20211201,공항철도,인천공항2터미널,2304,2066,4370
20211201,공항철도,청라국제도시,6876,6390,13266
20211201,공항철도,홍대입구,8326,8764,17090
20211202,공항철도,검암,6796,6645,13441
20211202,공항철도,계양,10041,9433,19474
20211202,공항철도,공덕,2254,2990,5244
20211202,공항철도,공항화물청사,2309,2516,4825
20211202,공항철도,김포공항,11101,6533,17634
20211202,공항철도,디지털미디어시티,14605,13245,27850
20211202,공항철도,마곡나루,8740,8552,17292
20211202,공항철도,서울,7177,6776,13953
20211202,공항철도,영종,2750,2790,5540
20211202,공항철도,운서,6397,6239,12636
20211202,공항철도,인천공항1터미널,4011,3814,7825
20211202,공항철도,인천공항2터미널,2440,2166,4606
20211202,공항철도,청라국제도시,6817,6421,13238
20211202,공항철도,홍대입구,8538,8794,17332
20211203,공항철도,검암,7021,6736,13757
20211203,공항철도,계양,10316,9521,19837
20211203,공항철도,공덕,2366,3312,5678
20211203,공항철도,공항화물청사,2299,2473,4772
20211203,공항철도,김포공항,13554,7376,20930
20211203,공항철도,디지털미디어시티,14439,12977,27416
20211203,공항철도,마곡나루,8653,7945,16598
20211203,공항철도,서울,8954,8817,17771
20211203,공항철도,영종,2937,3084,6021
20211203,공항철도,운서,6764,6653,13417
20211203,공항철도,인천공항1터미널,3836,4006,7842
20211203,공항철도,인천공항2터미널,2333,2160,4493
20211203,공항철도,청라국제도시,7054,6541,13595
20211203,공항철도,홍대입구,9657,10518,20175
20211206,공항철도,검암,6724,6652,13376
20211206,공항철도,계양,10019,9435,19454
20211206,공항철도,공덕,2154,2724,4878
20211206,공항철도,공항화물청사,2281,2474,4755
20211206,공항철도,김포공항,11212,6547,17759
20211206,공항철도,디지털미디어시티,13699,12562,26261
20211206,공항철도,마곡나루,8287,8070,16357
20211206,공항철도,서울,7158,6751,13909
20211206,공항철도,영종,2859,2775,5634
20211206,공항철도,운서,6344,6362,12706
20211206,공항철도,인천공항1터미널,3424,3512,6936
20211206,공항철도,인천공항2터미널,2370,2036,4406
20211206,공항철도,청라국제도시,6677,6277,12954
20211206,공항철도,홍대입구,8132,8114,16246
20211207,공항철도,검암,6840,6788,13628
20211207,공항철도,계양,10095,9540,19635
20211207,공항철도,공덕,2217,2862,5079
20211207,공항철도,공항화물청사,2336,2535,4871
20211207,공항철도,김포공항,10699,6166,16865
20211207,공항철도,디지털미디어시티,14118,12977,27095
20211207,공항철도,마곡나루,8721,8305,17026
20211207,공항철도,서울,6686,6371,13057
20211207,공항철도,영종,2851,2775,5626
20211207,공항철도,운서,6445,6408,12853
20211207,공항철도,인천공항1터미널,3635,3671,7306
20211207,공항철도,인천공항2터미널,2077,1919,3996
20211207,공항철도,청라국제도시,6882,6483,13365
20211207,공항철도,홍대입구,8351,8562,16913
20211208,공항철도,검암,6779,6725,13504
20211208,공항철도,계양,10183,9472,19655
20211208,공항철도,공덕,2141,2817,4958
20211208,공항철도,공항화물청사,2320,2558,4878
20211208,공항철도,김포공항,10419,6114,16533
20211208,공항철도,디지털미디어시티,14023,12978,27001
20211208,공항철도,마곡나루,8704,8299,17003
20211208,공항철도,서울,6913,6345,13258
20211208,공항철도,영종,2822,2764,5586
20211208,공항철도,운서,6400,6355,12755
20211208,공항철도,인천공항1터미널,3519,3521,7040
20211208,공항철도,인천공항2터미널,1945,1890,3835
20211208,공항철도,청라국제도시,6729,6371,13100
20211208,공항철도,홍대입구,8494,8572,17066
20211209,공항철도,검암,6873,6693,13566
20211209,공항철도,계양,10047,9242,19289
20211209,공항철도,공덕,2141,2908,5049
20211209,공항철도,공항화물청사,2333,2575,4908
20211209,공항철도,김포공항,10712,6516,17228
20211209,공항철도,디지털미디어시티,13938,12776,26714
20211209,공항철도,마곡나루,8681,8320,17001
20211209,공항철도,서울,7378,6701,14079
20211209,공항철도,영종,2756,2826,5582
20211209,공항철도,운서,6535,6444,12979
20211209,공항철도,인천공항1터미널,3573,3622,7195
20211209,공항철도,인천공항2터미널,2284,2210,4494
20211209,공항철도,청라국제도시,6739,6344,13083
20211209,공항철도,홍대입구,8713,9039,17752
20211210,공항철도,검암,6870,6739,13609
20211210,공항철도,계양,10136,9250,19386
20211210,공항철도,공덕,2257,3033,5290
20211210,공항철도,공항화물청사,2305,2443,4748
20211210,공항철도,김포공항,13066,7046,20112
20211210,공항철도,디지털미디어시티,13625,12396,26021
20211210,공항철도,마곡나루,7831,7499,15330
20211210,공항철도,서울,8299,8380,16679
20211210,공항철도,영종,2807,2963,5770
20211210,공항철도,운서,6765,6554,13319
20211210,공항철도,인천공항1터미널,3699,3963,7662
20211210,공항철도,인천공항2터미널,2215,2071,4286
20211210,공항철도,청라국제도시,6807,6385,13192
20211210,공항철도,홍대입구,9322,9891,19213
20211213,공항철도,검암,6438,6294,12732
20211213,공항철도,계양,9552,9149,18701
20211213,공항철도,공덕,2103,2668,4771
20211213,공항철도,공항화물청사,2168,2438,4606
20211213,공항철도,김포공항,11442,6454,17896
20211213,공항철도,디지털미디어시티,13399,12334,25733
20211213,공항철도,마곡나루,8084,7865,15949
20211213,공항철도,서울,7122,6410,13532
20211213,공항철도,영종,2659,2566,5225
20211213,공항철도,운서,6097,6128,12225
20211213,공항철도,인천공항1터미널,3217,3295,6512
20211213,공항철도,인천공항2터미널,2058,1900,3958
20211213,공항철도,청라국제도시,6436,5982,12418
20211213,공항철도,홍대입구,7860,8134,15994
20211214,공항철도,검암,6579,6497,13076
20211214,공항철도,계양,9851,9343,19194
20211214,공항철도,공덕,2118,2808,4926
20211214,공항철도,공항화물청사,2329,2540,4869
20211214,공항철도,김포공항,10600,5871,16471
20211214,공항철도,디지털미디어시티,13796,12745,26541
20211214,공항철도,마곡나루,8504,8197,16701
20211214,공항철도,서울,6721,6130,12851
20211214,공항철도,영종,2612,2573,5185
20211214,공항철도,운서,6064,6111,12175
20211214,공항철도,인천공항1터미널,3416,3656,7072
20211214,공항철도,인천공항2터미널,2001,2033,4034
20211214,공항철도,청라국제도시,6593,6170,12763
20211214,공항철도,홍대입구,8236,8374,16610
20211215,공항철도,검암,6669,6512,13181
20211215,공항철도,계양,9889,9325,19214
20211215,공항철도,공덕,2122,2791,4913
20211215,공항철도,공항화물청사,2294,2481,4775
20211215,공항철도,김포공항,10761,6206,16967
20211215,공항철도,디지털미디어시티,13792,12590,26382
20211215,공항철도,마곡나루,8468,8185,16653
20211215,공항철도,서울,6960,6252,13212
20211215,공항철도,영종,2766,2777,5543
20211215,공항철도,운서,6339,6201,12540
20211215,공항철도,인천공항1터미널,3535,3943,7478
20211215,공항철도,인천공항2터미널,2090,2092,4182
20211215,공항철도,청라국제도시,6614,6182,12796
20211215,공항철도,홍대입구,8804,8928,17732
20211216,공항철도,검암,6432,6369,12801
20211216,공항철도,계양,9947,9327,19274
20211216,공항철도,공덕,2240,2779,5019
20211216,공항철도,공항화물청사,2240,2483,4723
20211216,공항철도,김포공항,11050,6577,17627
20211216,공항철도,디지털미디어시티,13698,12700,26398
20211216,공항철도,마곡나루,8405,8200,16605
20211216,공항철도,서울,7213,6652,13865
20211216,공항철도,영종,2756,2704,5460
20211216,공항철도,운서,6285,6321,12606
20211216,공항철도,인천공항1터미널,3558,3804,7362
20211216,공항철도,인천공항2터미널,2124,2237,4361
20211216,공항철도,청라국제도시,6645,6220,12865
20211216,공항철도,홍대입구,8963,9317,18280
20211217,공항철도,검암,6572,6449,13021
20211217,공항철도,계양,9872,9148,19020
20211217,공항철도,공덕,2211,3137,5348
20211217,공항철도,공항화물청사,2236,2359,4595
20211217,공항철도,김포공항,13118,6558,19676
20211217,공항철도,디지털미디어시티,13286,11951,25237
20211217,공항철도,마곡나루,7451,6897,14348
20211217,공항철도,서울,8784,8536,17320
20211217,공항철도,영종,2764,2896,5660
20211217,공항철도,운서,6381,6245,12626
20211217,공항철도,인천공항1터미널,3853,4362,8215
20211217,공항철도,인천공항2터미널,2192,2108,4300
20211217,공항철도,청라국제도시,6670,6252,12922
20211217,공항철도,홍대입구,9838,10835,20673
20211220,공항철도,검암,6460,6408,12868
20211220,공항철도,계양,9750,9170,18920
20211220,공항철도,공덕,2186,2799,4985
20211220,공항철도,공항화물청사,2293,2429,4722
20211220,공항철도,김포공항,11916,6749,18665
20211220,공항철도,디지털미디어시티,13312,12091,25403
20211220,공항철도,마곡나루,8563,8469,17032
20211220,공항철도,서울,7495,6719,14214
20211220,공항철도,영종,2836,2802,5638
20211220,공항철도,운서,6270,6317,12587
20211220,공항철도,인천공항1터미널,3613,3963,7576
20211220,공항철도,인천공항2터미널,2198,2077,4275
20211220,공항철도,청라국제도시,6647,6267,12914
20211220,공항철도,홍대입구,9021,8936,17957
20211221,공항철도,검암,6643,6480,13123
20211221,공항철도,계양,9804,9375,19179
20211221,공항철도,공덕,2197,2843,5040
20211221,공항철도,공항화물청사,2290,2482,4772
20211221,공항철도,김포공항,11335,6039,17374
20211221,공항철도,디지털미디어시티,13913,12674,26587
20211221,공항철도,마곡나루,8610,8329,16939
20211221,공항철도,서울,7203,6339,13542
20211221,공항철도,영종,2773,2791,5564
20211221,공항철도,운서,6261,6414,12675
20211221,공항철도,인천공항1터미널,3846,4585,8431
20211221,공항철도,인천공항2터미널,2230,2361,4591
20211221,공항철도,청라국제도시,6795,6393,13188
20211221,공항철도,홍대입구,9455,9459,18914
20211222,공항철도,검암,6599,6519,13118
20211222,공항철도,계양,10048,9473,19521
20211222,공항철도,공덕,2302,3020,5322
20211222,공항철도,공항화물청사,2231,2457,4688
20211222,공항철도,김포공항,11397,6532,17929
20211222,공항철도,디지털미디어시티,13748,12854,26602
20211222,공항철도,마곡나루,8723,8371,17094
20211222,공항철도,서울,7542,6606,14148
20211222,공항철도,영종,2901,2888,5789
20211222,공항철도,운서,6409,6439,12848
20211222,공항철도,인천공항1터미널,3943,4511,8454
20211222,공항철도,인천공항2터미널,2177,2171,4348
20211222,공항철도,청라국제도시,6657,6484,13141
20211222,공항철도,홍대입구,10015,10277,20292
20211223,공항철도,검암,6770,6626,13396
20211223,공항철도,계양,10072,9297,19369
20211223,공항철도,공덕,2267,2983,5250
20211223,공항철도,공항화물청사,2278,2510,4788
20211223,공항철도,김포공항,12052,6785,18837
20211223,공항철도,디지털미디어시티,13788,12609,26397
20211223,공항철도,마곡나루,8668,8317,16985
20211223,공항철도,서울,7739,6995,14734
20211223,공항철도,영종,2874,2961,5835
20211223,공항철도,운서,6432,6459,12891
20211223,공항철도,인천공항1터미널,3724,4119,7843
20211223,공항철도,인천공항2터미널,2284,2359,4643
20211223,공항철도,청라국제도시,6749,6434,13183
20211223,공항철도,홍대입구,10467,10457,20924
20211224,공항철도,검암,6641,6682,13323
20211224,공항철도,계양,9903,9182,19085
20211224,공항철도,공덕,2220,2864,5084
20211224,공항철도,공항화물청사,2232,2310,4542
20211224,공항철도,김포공항,13333,7357,20690
20211224,공항철도,디지털미디어시티,12610,11239,23849
20211224,공항철도,마곡나루,7682,7023,14705
20211224,공항철도,서울,8579,8721,17300
20211224,공항철도,영종,2980,3233,6213
20211224,공항철도,운서,6732,6937,13669
20211224,공항철도,인천공항1터미널,3813,4319,8132
20211224,공항철도,인천공항2터미널,2170,2188,4358
20211224,공항철도,청라국제도시,6583,6363,12946
20211224,공항철도,홍대입구,11332,11596,22928
20211227,공항철도,검암,6198,6009,12207
20211227,공항철도,계양,9153,8691,17844
20211227,공항철도,공덕,2123,2704,4827
20211227,공항철도,공항화물청사,2103,2314,4417
20211227,공항철도,김포공항,11459,6917,18376
20211227,공항철도,디지털미디어시티,12644,11444,24088
20211227,공항철도,마곡나루,6843,6646,13489
20211227,공항철도,서울,7288,6731,14019
20211227,공항철도,영종,2780,2777,5557
20211227,공항철도,운서,5959,6090,12049
20211227,공항철도,인천공항1터미널,3467,3664,7131
20211227,공항철도,인천공항2터미널,2079,1923,4002
20211227,공항철도,청라국제도시,6182,5743,11925
20211227,공항철도,홍대입구,8890,8925,17815
20211228,공항철도,검암,6264,6189,12453
20211228,공항철도,계양,9411,8988,18399
20211228,공항철도,공덕,2199,2923,5122
20211228,공항철도,공항화물청사,2212,2441,4653
20211228,공항철도,김포공항,10921,6635,17556
20211228,공항철도,디지털미디어시티,13166,12105,25271
20211228,공항철도,마곡나루,7455,7185,14640
20211228,공항철도,서울,7187,6599,13786
20211228,공항철도,영종,2788,2808,5596
20211228,공항철도,운서,6287,6359,12646
20211228,공항철도,인천공항1터미널,3672,4065,7737
20211228,공항철도,인천공항2터미널,2169,2155,4324
20211228,공항철도,청라국제도시,6485,6066,12551
20211228,공항철도,홍대입구,9267,9249,18516
20211229,공항철도,검암,6547,6496,13043
20211229,공항철도,계양,9762,9089,18851
20211229,공항철도,공덕,2273,2963,5236
20211229,공항철도,공항화물청사,2200,2432,4632
20211229,공항철도,김포공항,11344,6982,18326
20211229,공항철도,디지털미디어시티,13187,11940,25127
20211229,공항철도,마곡나루,7279,7127,14406
20211229,공항철도,서울,7240,6799,14039
20211229,공항철도,영종,2889,2971,5860
20211229,공항철도,운서,6350,6336,12686
20211229,공항철도,인천공항1터미널,3793,4015,7808
20211229,공항철도,인천공항2터미널,2140,2027,4167
20211229,공항철도,청라국제도시,6605,6173,12778
20211229,공항철도,홍대입구,10160,10084,20244
20211230,공항철도,검암,6308,6189,12497
20211230,공항철도,계양,9592,8985,18577
20211230,공항철도,공덕,2225,2812,5037
20211230,공항철도,공항화물청사,2235,2408,4643
20211230,공항철도,김포공항,11606,6870,18476
20211230,공항철도,디지털미디어시티,12693,11316,24009
20211230,공항철도,마곡나루,6316,6671,12987
20211230,공항철도,서울,6972,7210,14182
20211230,공항철도,영종,3003,2918,5921
20211230,공항철도,운서,6363,6159,12522
20211230,공항철도,인천공항1터미널,3561,3663,7224
20211230,공항철도,인천공항2터미널,2134,2125,4259
20211230,공항철도,청라국제도시,6310,6106,12416
20211230,공항철도,홍대입구,10268,10607,20875
20211231,공항철도,검암,5820,5807,11627
20211231,공항철도,계양,8718,8290,17008
20211231,공항철도,공덕,2027,2594,4621
20211231,공항철도,공항화물청사,2072,2205,4277
20211231,공항철도,김포공항,12795,7407,20202
20211231,공항철도,디지털미디어시티,10831,9688,20519
20211231,공항철도,마곡나루,4868,5066,9934
20211231,공항철도,서울,7776,8677,16453
20211231,공항철도,영종,2881,3210,6091
20211231,공항철도,운서,6347,6248,12595
20211231,공항철도,인천공항1터미널,3713,4119,7832
20211231,공항철도,인천공항2터미널,2154,1989,4143
20211231,공항철도,청라국제도시,6003,5697,11700
20211231,공항철도,홍대입구,9995,9956,19951
