사용월,호선명,지하철역,승차총승객수,하차총승객수,승하차총승객수
202101,우이신설선,4.19민주묘지,44926,44102,89028
202101,우이신설선,가오리,68464,70089,138553
202101,우이신설선,보문,25870,26105,51975
202101,우이신설선,북한산보국문,100182,100493,200675
202101,우이신설선,북한산우이,38936,35495,74431
202101,우이신설선,삼양,35231,38142,73373
202101,우이신설선,삼양사거리,40223,42342,82565
202101,우이신설선,성신여대입구,53012,57677,110689
202101,우이신설선,솔밭공원,40355,40560,80915
202101,우이신설선,솔샘,99364,95353,194717
202101,우이신설선,신설동,38093,36005,74098
202101,우이신설선,정릉,76482,74576,151058
202101,우이신설선,화계,56538,54733,111271
202102,우이신설선,4.19민주묘지,46863,45231,92094
202102,우이신설선,가오리,69493,70021,139514
202102,우이신설선,보문,25758,26273,52031
202102,우이신설선,북한산보국문,100995,98862,199857
202102,우이신설선,북한산우이,41948,38397,80345
202102,우이신설선,삼양,34949,37671,72620
202102,우이신설선,삼양사거리,40977,42670,83647
202102,우이신설선,성신여대입구,55072,60889,115961
202102,우이신설선,솔밭공원,41169,40125,81294
202102,우이신설선,솔샘,99770,94398,194168
202102,우이신설선,신설동,37557,36416,73973
202102,우이신설선,정릉,77348,73452,150800
202102,우이신설선,화계,57535,54824,112359
202103,우이신설선,4.19민주묘지,65067,62902,127969
202103,우이신설선,가오리,89265,88672,177937
202103,우이신설선,보문,33080,33414,66494
202103,우이신설선,북한산보국문,131464,126403,257867
202103,우이신설선,북한산우이,59297,54818,114115
202103,우이신설선,삼양,44246,47556,91802
202103,우이신설선,삼양사거리,52600,54037,106637
202103,우이신설선,성신여대입구,70369,77092,147461
202103,우이신설선,솔밭공원,53442,51740,105182
202103,우이신설선,솔샘,127021,119257,246278
202103,우이신설선,신설동,49244,47862,97106
202103,우이신설선,정릉,99467,94189,193656
202103,우이신설선,화계,73534,69450,142984
202104,우이신설선,4.19민주묘지,65667,63633,129300
202104,우이신설선,가오리,89053,88341,177394
202104,우이신설선,보문,32297,32536,64833
202104,우이신설선,북한산보국문,130235,124814,255049
202104,우이신설선,북한산우이,61995,57218,119213
202104,우이신설선,삼양,43819,46937,90756
202104,우이신설선,삼양사거리,51859,53888,105747
202104,우이신설선,성신여대입구,68122,74620,142742
202104,우이신설선,솔밭공원,52695,51040,103735
202104,우이신설선,솔샘,123937,117155,241092
202104,우이신설선,신설동,48486,47480,95966
202104,우이신설선,정릉,98357,91975,190332
202104,우이신설선,화계,72410,68353,140763
202105,우이신설선,4.19민주묘지,61261,59047,120308
202105,우이신설선,가오리,83224,82592,165816
202105,우이신설선,보문,30346,30499,60845
202105,우이신설선,북한산보국문,121760,117445,239205
202105,우이신설선,북한산우이,62508,58332,120840
202105,우이신설선,삼양,41049,43871,84920
202105,우이신설선,삼양사거리,48812,50440,99252
202105,우이신설선,성신여대입구,65055,71987,137042
202105,우이신설선,솔밭공원,48832,47390,96222
202105,우이신설선,솔샘,114724,107394,222118
202105,우이신설선,신설동,44088,42902,86990
202105,우이신설선,정릉,92715,85973,178688
202105,우이신설선,화계,68981,64494,133475
202106,우이신설선,4.19민주묘지,63403,61117,124520
202106,우이신설선,가오리,91958,91436,183394
202106,우이신설선,보문,32507,32470,64977
202106,우이신설선,북한산보국문,129217,124361,253578
202106,우이신설선,북한산우이,58708,54179,112887
202106,우이신설선,삼양,43977,47362,91339
202106,우이신설선,삼양사거리,52314,54295,106609
202106,우이신설선,성신여대입구,68269,74894,143163
202106,우이신설선,솔밭공원,54135,52236,106371
202106,우이신설선,솔샘,125687,118568,244255
202106,우이신설선,신설동,47951,46483,94434
202106,우이신설선,정릉,99297,92119,191416
202106,우이신설선,화계,72718,68635,141353
202107,우이신설선,4.19민주묘지,56286,53787,110073
202107,우이신설선,가오리,83246,84299,167545
202107,우이신설선,보문,29671,29614,59285
202107,우이신설선,북한산보국문,115569,112027,227596
202107,우이신설선,북한산우이,55014,50567,105581
202107,우이신설선,삼양,40760,43894,84654
202107,우이신설선,삼양사거리,49735,50941,100676
202107,우이신설선,성신여대입구,62020,67591,129611
202107,우이신설선,솔밭공원,49544,48722,98266
202107,우이신설선,솔샘,112367,106901,219268
202107,우이신설선,신설동,43525,41182,84707
202107,우이신설선,정릉,88368,82968,171336
202107,우이신설선,화계,67120,63427,130547
202108,우이신설선,4.19민주묘지,54442,51840,106282
202108,우이신설선,가오리,81582,82347,163929
202108,우이신설선,보문,28507,27902,56409
202108,우이신설선,북한산보국문,109897,106786,216683
202108,우이신설선,북한산우이,53899,50231,104130
202108,우이신설선,삼양,38677,41962,80639
202108,우이신설선,삼양사거리,48374,49926,98300
202108,우이신설선,성신여대입구,59836,64957,124793
202108,우이신설선,솔밭공원,47576,46774,94350
202108,우이신설선,솔샘,107026,102220,209246
202108,우이신설선,신설동,40920,38869,79789
202108,우이신설선,정릉,84930,78824,163754
202108,우이신설선,화계,65073,62129,127202
202109,우이신설선,4.19민주묘지,57336,54551,111887
202109,우이신설선,가오리,82190,82187,164377
202109,우이신설선,보문,29793,29385,59178
202109,우이신설선,북한산보국문,114440,111210,225650
202109,우이신설선,북한산우이,55598,51985,107583
202109,우이신설선,삼양,40068,43107,83175
202109,우이신설선,삼양사거리,50227,50741,100968
202109,우이신설선,성신여대입구,61813,67017,128830
202109,우이신설선,솔밭공원,48254,47363,95617
202109,우이신설선,솔샘,109934,104031,213965
202109,우이신설선,신설동,42663,41455,84118
202109,우이신설선,정릉,89231,81522,170753
202109,우이신설선,화계,67531,63565,131096
202110,우이신설선,4.19민주묘지,58867,55935,114802
202110,우이신설선,가오리,84400,83524,167924
202110,우이신설선,보문,30298,30253,60551
202110,우이신설선,북한산보국문,118363,113529,231892
202110,우이신설선,북한산우이,58453,53497,111950
202110,우이신설선,삼양,40694,43146,83840
202110,우이신설선,삼양사거리,50698,51097,101795
202110,우이신설선,성신여대입구,64435,69612,134047
202110,우이신설선,솔밭공원,49300,47451,96751
202110,우이신설선,솔샘,114343,107445,221788
202110,우이신설선,신설동,43210,42289,85499
202110,우이신설선,정릉,92881,84047,176928
202110,우이신설선,화계,68974,65112,134086
202111,우이신설선,4.19민주묘지,63811,60730,124541
202111,우이신설선,가오리,91407,89550,180957
202111,우이신설선,보문,33218,33076,66294
202111,우이신설선,북한산보국문,132131,123780,255911
202111,우이신설선,북한산우이,61887,55930,117817
202111,우이신설선,삼양,44558,46536,91094
202111,우이신설선,삼양사거리,53578,54046,107624
202111,우이신설선,성신여대입구,72995,79990,152985
202111,우이신설선,솔밭공원,54476,51672,106148
202111,우이신설선,솔샘,130057,119804,249861
202111,우이신설선,신설동,47544,46706,94250
202111,우이신설선,정릉,103760,94249,198009
202111,우이신설선,화계,75052,70109,145161
202112,우이신설선,4.19민주묘지,62785,59961,122746
202112,우이신설선,가오리,91408,90661,182069
202112,우이신설선,보문,33546,33671,67217
202112,우이신설선,북한산보국문,133065,127222,260287
202112,우이신설선,북한산우이,57269,51177,108446
202112,우이신설선,삼양,45380,48535,93915
202112,우이신설선,삼양사거리,54451,55222,109673
202112,우이신설선,성신여대입구,73633,80443,154076
202112,우이신설선,솔밭공원,54791,52363,107154
202112,우이신설선,솔샘,130202,121744,251946
202112,우이신설선,신설동,46997,45739,92736
202112,우이신설선,정릉,102888,94609,197497
202112,우이신설선,화계,75575,70726,146301
