사용일자,호선명,지하철역,승차총승객수,하차총승객수,승하차총승객수
20221105,1호선,동대문,11365,11022,22387
20221105,1호선,동묘앞,12375,13228,25603
20221105,1호선,서울역,46683,46301,92984
20221105,1호선,시청,22709,24519,47228
20221105,1호선,신설동,11149,10407,21556
20221105,1호선,제기동,16527,16884,33411
20221105,1호선,종각,25787,23852,49639
20221105,1호선,종로3가,27910,25687,53597
20221105,1호선,종로5가,23084,22913,45997
20221105,1호선,청량리,19487,19988,39475
20221105,2호선,강남,59847,59447,119294
20221105,2호선,강변,31672,32446,64118
20221105,2호선,건대입구,37450,40774,78224
20221105,2호선,교대,19121,21751,40872
20221105,2호선,구로디지털단지,38035,37220,75255
20221105,2호선,구의,18095,16999,35094
20221105,2호선,낙성대,24008,21860,45868
20221105,2호선,당산,13883,15557,29440
20221105,2호선,대림,19702,20640,40342
20221105,2호선,도림천,797,793,1590
20221105,2호선,동대문역사문화공원,12965,14818,27783
20221105,2호선,뚝섬,18569,18358,36927
20221105,2호선,문래,13840,15087,28927
20221105,2호선,방배,11163,11216,22379
20221105,2호선,봉천,18615,16919,35534
20221105,2호선,사당,36403,42475,78878
20221105,2호선,삼성,36265,35825,72090
20221105,2호선,상왕십리,10661,9984,20645
20221105,2호선,서울대입구,39903,38552,78455
20221105,2호선,서초,13762,10012,23774
20221105,2호선,선릉,27425,24010,51435
20221105,2호선,성수,25509,28645,54154
20221105,2호선,시청,17863,15968,33831
20221105,2호선,신답,1077,1126,2203
20221105,2호선,신당,12451,13182,25633
20221105,2호선,신대방,21309,20074,41383
20221105,2호선,신도림,46806,47133,93939
20221105,2호선,신림,49838,47289,97127
20221105,2호선,신설동,3787,3683,7470
20221105,2호선,신정네거리,8060,8008,16068
20221105,2호선,신촌,35480,36401,71881
20221105,2호선,아현,8447,7556,16003
20221105,2호선,양천구청,5019,4884,9903
20221105,2호선,역삼,19217,20935,40152
20221105,2호선,영등포구청,14300,14945,29245
20221105,2호선,왕십리,15433,13833,29266
20221105,2호선,용답,2438,2259,4697
20221105,2호선,용두,1859,1865,3724
20221105,2호선,을지로3가,14442,13987,28429
20221105,2호선,을지로4가,9403,9814,19217
20221105,2호선,을지로입구,29924,29144,59068
20221105,2호선,이대,12944,13384,26328
20221105,2호선,잠실,76217,74064,150281
20221105,2호선,잠실나루,8805,8547,17352
20221105,2호선,잠실새내,19062,19726,38788
20221105,2호선,종합운동장,8157,8698,16855
20221105,2호선,충정로,6555,6955,13510
20221105,2호선,한양대,6845,7094,13939
20221105,2호선,합정,31434,36297,67731
20221105,2호선,홍대입구,75495,85241,160736
20221105,3호선,가락시장,6972,6706,13678
20221105,3호선,경복궁,29740,33642,63382
20221105,3호선,경찰병원,4832,4548,9380
20221105,3호선,고속터미널,56560,58118,114678
20221105,3호선,교대,8473,5034,13507
20221105,3호선,구파발,17758,18087,35845
20221105,3호선,금호,6429,5734,12163
20221105,3호선,남부터미널,24223,23791,48014
20221105,3호선,녹번,11598,10017,21615
20221105,3호선,대청,6482,6077,12559
20221105,3호선,대치,11033,9823,20856
20221105,3호선,도곡,3681,3893,7574
20221105,3호선,독립문,6697,7530,14227
20221105,3호선,동대입구,9107,10953,20060
20221105,3호선,매봉,6907,6652,13559
20221105,3호선,무악재,3085,3123,6208
20221105,3호선,불광,14487,16230,30717
20221105,3호선,수서,15483,15249,30732
20221105,3호선,신사,26143,27807,53950
20221105,3호선,안국,29678,33701,63379
20221105,3호선,압구정,26639,28832,55471
20221105,3호선,약수,10114,9547,19661
20221105,3호선,양재,23425,25457,48882
20221105,3호선,연신내,31525,29648,61173
20221105,3호선,오금,4572,4449,9021
20221105,3호선,옥수,7945,7904,15849
20221105,3호선,을지로3가,6532,6765,13297
20221105,3호선,일원,5753,5638,11391
20221105,3호선,잠원,3958,3718,7676
20221105,3호선,종로3가,7555,10261,17816
20221105,3호선,지축,4462,4302,8764
20221105,3호선,충무로,3,0,3
20221105,3호선,학여울,2124,2296,4420
20221105,3호선,홍제,15300,14038,29338
20221105,4호선,길음,17042,16029,33071
20221105,4호선,남태령,1317,738,2055
20221105,4호선,노원,17203,19089,36292
20221105,4호선,당고개,7922,7305,15227
20221105,4호선,동대문,15083,15323,30406
20221105,4호선,동대문역사문화공원,14771,12488,27259
20221105,4호선,동작,1344,1387,2731
20221105,4호선,명동,24937,28662,53599
20221105,4호선,미아,11902,10914,22816
20221105,4호선,미아사거리,24012,22785,46797
20221105,4호선,사당,25861,22873,48734
20221105,4호선,삼각지,4821,6449,11270
20221105,4호선,상계,15541,14363,29904
20221105,4호선,서울역,7607,19535,27142
20221105,4호선,성신여대입구,18931,17871,36802
20221105,4호선,수유,29374,28712,58086
20221105,4호선,숙대입구,11030,10522,21552
20221105,4호선,신용산,12889,13880,26769
20221105,4호선,쌍문,23710,20952,44662
20221105,4호선,이촌,10487,11092,21579
20221105,4호선,창동,21380,22406,43786
20221105,4호선,총신대입구,15705,17288,32993
20221105,4호선,충무로,17077,18973,36050
20221105,4호선,한성대입구,12530,12241,24771
20221105,4호선,혜화,37801,39595,77396
20221105,4호선,회현,22478,23252,45730
20221105,5호선,강동,14171,13392,27563
20221105,5호선,강일,3916,3418,7334
20221105,5호선,개롱,4696,4683,9379
20221105,5호선,개화산,4036,3848,7884
20221105,5호선,거여,6916,6424,13340
20221105,5호선,고덕,7247,7070,14317
20221105,5호선,공덕,8266,8702,16968
20221105,5호선,광나루,12086,11282,23368
20221105,5호선,광화문,22661,22263,44924
20221105,5호선,군자,9449,10482,19931
20221105,5호선,굽은다리,7740,7170,14910
20221105,5호선,길동,6546,6662,13208
20221105,5호선,김포공항,7416,7585,15001
20221105,5호선,까치산,22968,21163,44131
20221105,5호선,답십리,11405,10302,21707
20221105,5호선,동대문역사문화공원,1429,1874,3303
20221105,5호선,둔촌동,6681,6754,13435
20221105,5호선,마곡,6420,6499,12919
20221105,5호선,마장,4378,4122,8500
20221105,5호선,마천,5390,5528,10918
20221105,5호선,마포,8457,8531,16988
20221105,5호선,명일,6741,6495,13236
20221105,5호선,목동,12257,12544,24801
20221105,5호선,미사,13844,13761,27605
20221105,5호선,발산,15984,17703,33687
20221105,5호선,방이,6141,6137,12278
20221105,5호선,방화,5217,4998,10215
20221105,5호선,상일동,10251,9443,19694
20221105,5호선,서대문,9518,9139,18657
20221105,5호선,송정,5400,5119,10519
20221105,5호선,신금호,4442,4561,9003
20221105,5호선,신길,3173,3174,6347
20221105,5호선,신정,9892,8282,18174
20221105,5호선,아차산,14977,14570,29547
20221105,5호선,애오개,4117,3911,8028
20221105,5호선,양평,4104,3754,7858
20221105,5호선,여의나루,14418,17585,32003
20221105,5호선,여의도,14772,15221,29993
20221105,5호선,영등포구청,2187,2147,4334
20221105,5호선,영등포시장,9471,10198,19669
20221105,5호선,오금,3156,2837,5993
20221105,5호선,오목교,18315,18746,37061
20221105,5호선,올림픽공원,3560,3157,6717
20221105,5호선,왕십리,3659,4601,8260
20221105,5호선,우장산,10831,10511,21342
20221105,5호선,을지로4가,4196,4861,9057
20221105,5호선,장한평,12456,12106,24562
20221105,5호선,종로3가,17124,16813,33937
20221105,5호선,천호,18766,17945,36711
20221105,5호선,청구,2551,2550,5101
20221105,5호선,충정로,2159,1931,4090
20221105,5호선,하남검단산,6137,6067,12204
20221105,5호선,하남시청,6299,5976,12275
20221105,5호선,하남풍산,3091,3032,6123
20221105,5호선,행당,6129,5191,11320
20221105,5호선,화곡,22166,19963,42129
20221105,6호선,고려대,7092,6796,13888
20221105,6호선,공덕,11551,10912,22463
20221105,6호선,광흥창,5540,4984,10524
20221105,6호선,구산,6016,4375,10391
20221105,6호선,녹사평,4867,4879,9746
20221105,6호선,대흥,6536,6511,13047
20221105,6호선,독바위,2160,2339,4499
20221105,6호선,돌곶이,6744,5965,12709
20221105,6호선,동묘앞,8645,8278,16923
20221105,6호선,디지털미디어시티,8354,8756,17110
20221105,6호선,마포구청,10651,8928,19579
20221105,6호선,망원,13995,15210,29205
20221105,6호선,버티고개,1542,1742,3284
20221105,6호선,보문,5639,4926,10565
20221105,6호선,봉화산,5794,5529,11323
20221105,6호선,불광,4229,3766,7995
20221105,6호선,삼각지,6901,5083,11984
20221105,6호선,상수,9408,12031,21439
20221105,6호선,상월곡,4544,3916,8460
20221105,6호선,새절,9250,8624,17874
20221105,6호선,석계,9413,9381,18794
20221105,6호선,신당,5943,5551,11494
20221105,6호선,안암,8437,7860,16297
20221105,6호선,약수,2710,2833,5543
20221105,6호선,역촌,2848,3268,6116
20221105,6호선,연신내,2,0,2
20221105,6호선,월곡,8254,7737,15991
20221105,6호선,월드컵경기장,7973,8575,16548
20221105,6호선,응암,13763,13288,27051
20221105,6호선,이태원,12678,13270,25948
20221105,6호선,증산,7815,7661,15476
20221105,6호선,창신,2320,1889,4209
20221105,6호선,청구,2716,2444,5160
20221105,6호선,태릉입구,4571,4834,9405
20221105,6호선,한강진,9174,10339,19513
20221105,6호선,합정,13456,12969,26425
20221105,6호선,화랑대,7835,6200,14035
20221105,6호선,효창공원앞,5359,4770,10129
20221105,7호선,가산디지털단지,16828,15221,32049
20221105,7호선,강남구청,11186,12544,23730
20221105,7호선,건대입구,12583,13280,25863
20221105,7호선,고속터미널,18024,13467,31491
20221105,7호선,공릉,9826,9526,19352
20221105,7호선,광명사거리,17594,17690,35284
20221105,7호선,군자,11951,8726,20677
20221105,7호선,남구로,8742,9124,17866
20221105,7호선,남성,8432,7579,16011
20221105,7호선,내방,8380,8312,16692
20221105,7호선,노원,16556,17399,33955
20221105,7호선,논현,10612,11339,21951
20221105,7호선,대림,7746,8596,16342
20221105,7호선,도봉산,7542,10394,17936
20221105,7호선,뚝섬유원지,8334,7711,16045
20221105,7호선,마들,9805,8894,18699
20221105,7호선,먹골,8009,7539,15548
20221105,7호선,면목,11874,11155,23029
20221105,7호선,반포,5119,4944,10063
20221105,7호선,보라매,6507,6505,13012
20221105,7호선,사가정,13157,12722,25879
20221105,7호선,상도,9271,8385,17656
20221105,7호선,상봉,14460,13839,28299
20221105,7호선,수락산,10962,10484,21446
20221105,7호선,숭실대입구,10032,9493,19525
20221105,7호선,신대방삼거리,11798,10709,22507
20221105,7호선,신풍,8671,8189,16860
20221105,7호선,어린이대공원,13122,12697,25819
20221105,7호선,온수,6084,6019,12103
20221105,7호선,용마산,5054,5163,10217
20221105,7호선,이수,13563,12522,26085
20221105,7호선,장승배기,7638,7296,14934
20221105,7호선,장암,1778,1257,3035
20221105,7호선,중계,10410,9102,19512
20221105,7호선,중곡,7553,7018,14571
20221105,7호선,중화,8341,7848,16189
20221105,7호선,천왕,7707,7305,15012
20221105,7호선,철산,16766,16740,33506
20221105,7호선,청담,12503,13721,26224
20221105,7호선,태릉입구,7606,6785,14391
20221105,7호선,하계,13548,12422,25970
20221105,7호선,학동,12063,12662,24725
20221105,8호선,가락시장,6162,6527,12689
20221105,8호선,강동구청,6681,6513,13194
20221105,8호선,남위례,4640,4636,9276
20221105,8호선,남한산성입구,10075,8659,18734
20221105,8호선,단대오거리,8057,7470,15527
20221105,8호선,모란,3834,3585,7419
20221105,8호선,몽촌토성,5535,5653,11188
20221105,8호선,문정,9520,9645,19165
20221105,8호선,복정,6754,5577,12331
20221105,8호선,산성,4811,4936,9747
20221105,8호선,석촌,6322,7761,14083
20221105,8호선,송파,7056,6754,13810
20221105,8호선,수진,4603,4086,8689
20221105,8호선,신흥,4011,4231,8242
20221105,8호선,암사,13381,12240,25621
20221105,8호선,잠실,14440,17099,31539
20221105,8호선,장지,13612,12312,25924
20221105,8호선,천호,12793,15011,27804
20221105,9호선,가양,15657,14657,30314
20221105,9호선,개화,1565,1346,2911
20221105,9호선,고속터미널,15578,23306,38884
20221105,9호선,공항시장,2353,2448,4801
20221105,9호선,구반포,1157,1133,2290
20221105,9호선,국회의사당,5485,5747,11232
20221105,9호선,김포공항,7578,11149,18727
20221105,9호선,노들,3719,2931,6650
20221105,9호선,노량진,23724,23012,46736
20221105,9호선,당산,14653,13675,28328
20221105,9호선,동작,1658,1430,3088
20221105,9호선,등촌,7990,7486,15476
20221105,9호선,마곡나루,9056,8770,17826
20221105,9호선,사평,2621,2461,5082
20221105,9호선,샛강,3328,3033,6361
20221105,9호선,선유도,4307,3918,8225
20221105,9호선,신논현,26416,26388,52804
20221105,9호선,신목동,2904,2440,5344
20221105,9호선,신반포,3488,3431,6919
20221105,9호선,신방화,5029,4723,9752
20221105,9호선,양천향교,6288,6014,12302
20221105,9호선,여의도,16056,14551,30607
20221105,9호선,염창,13314,12084,25398
20221105,9호선,증미,3800,3431,7231
20221105,9호선,흑석,6578,6483,13061
20221105,9호선2~3단계,둔촌오륜,740,757,1497
20221105,9호선2~3단계,봉은사,15004,16298,31302
20221105,9호선2~3단계,삼성중앙,3445,3558,7003
20221105,9호선2~3단계,삼전,5439,4801,10240
20221105,9호선2~3단계,석촌,7885,6353,14238
20221105,9호선2~3단계,석촌고분,4980,4574,9554
20221105,9호선2~3단계,선정릉,5621,6213,11834
20221105,9호선2~3단계,송파나루,4627,4949,9576
20221105,9호선2~3단계,언주,6559,6633,13192
20221105,9호선2~3단계,올림픽공원,5487,5835,11322
20221105,9호선2~3단계,종합운동장,3457,3211,6668
20221105,9호선2~3단계,중앙보훈병원,5788,5346,11134
20221105,9호선2~3단계,한성백제,2399,1987,4386
20221105,경강선,경기광주,6504,5738,12242
20221105,경강선,곤지암,2606,2646,5252
20221105,경강선,부발,2245,2069,4314
20221105,경강선,삼동,1723,1526,3249
20221105,경강선,세종대왕릉,380,414,794
20221105,경강선,신둔도예촌,1451,1363,2814
20221105,경강선,여주,2798,3153,5951
20221105,경강선,이매,959,693,1652
20221105,경강선,이천,3095,3321,6416
20221105,경강선,초월,2603,2443,5046
20221105,경강선,판교,3585,3455,7040
20221105,경부선,가산디지털단지,7284,9951,17235
20221105,경부선,관악,6976,6625,13601
20221105,경부선,광명,3458,3119,6577
20221105,경부선,구로,14964,15410,30374
20221105,경부선,군포,4492,4056,8548
20221105,경부선,금정,21867,21449,43316
20221105,경부선,금천구청,9299,9103,18402
20221105,경부선,남영,6825,6840,13665
20221105,경부선,노량진,9999,9553,19552
20221105,경부선,당정,4558,4221,8779
20221105,경부선,대방,8068,8948,17016
20221105,경부선,독산,10094,9610,19704
20221105,경부선,두정,6742,6901,13643
20221105,경부선,명학,5095,4656,9751
20221105,경부선,병점,14100,13732,27832
20221105,경부선,서동탄,1231,1208,2439
20221105,경부선,서울역,11037,2876,13913
20221105,경부선,서정리,9036,6885,15921
20221105,경부선,석수,7423,6872,14295
20221105,경부선,성균관대,12397,12347,24744
20221105,경부선,성환,3831,3507,7338
20221105,경부선,세류,2925,3046,5971
20221105,경부선,세마,2554,2280,4834
20221105,경부선,송탄,5649,4878,10527
20221105,경부선,수원,43350,46999,90349
20221105,경부선,신길,6853,5739,12592
20221105,경부선,신도림,3195,3913,7108
20221105,경부선,안양,20111,20144,40255
20221105,경부선,영등포,45312,48295,93607
20221105,경부선,오산,10813,9912,20725
20221105,경부선,오산대,3663,3251,6914
20221105,경부선,용산,43442,45801,89243
20221105,경부선,의왕,6569,6317,12886
20221105,경부선,직산,865,783,1648
20221105,경부선,진위,1240,1072,2312
20221105,경부선,천안,8039,8094,16133
20221105,경부선,평택,15890,15266,31156
20221105,경부선,평택지제,4438,4002,8440
20221105,경부선,화서,6841,6746,13587
20221105,경원선,가능,5579,5292,10871
20221105,경원선,광운대,6679,6375,13054
20221105,경원선,녹양,4008,3675,7683
20221105,경원선,녹천,3587,2912,6499
20221105,경원선,덕계,3145,2710,5855
20221105,경원선,덕정,5345,4737,10082
20221105,경원선,도봉,4950,4595,9545
20221105,경원선,도봉산,10869,7632,18501
20221105,경원선,동두천,1870,2285,4155
20221105,경원선,동두천중앙,3098,2971,6069
20221105,경원선,망월사,6539,6591,13130
20221105,경원선,방학,8294,7904,16198
20221105,경원선,보산,1877,1761,3638
20221105,경원선,서빙고,2241,2440,4681
20221105,경원선,석계,7695,8028,15723
20221105,경원선,소요산,6040,5553,11593
20221105,경원선,신이문,6857,6132,12989
20221105,경원선,양주,7065,6629,13694
20221105,경원선,옥수,45,37,82
20221105,경원선,왕십리,14302,15795,30097
20221105,경원선,외대앞,7818,7249,15067
20221105,경원선,월계,5521,5033,10554
20221105,경원선,응봉,1687,1467,3154
20221105,경원선,의정부,19292,20617,39909
20221105,경원선,이촌,3279,2433,5712
20221105,경원선,지행,6202,6183,12385
20221105,경원선,창동,2,0,2
20221105,경원선,청량리,19458,19746,39204
20221105,경원선,한남,2906,2848,5754
20221105,경원선,회룡,10830,10561,21391
20221105,경의선,가좌,4659,4386,9045
20221105,경의선,강매,2324,2140,4464
20221105,경의선,곡산,418,458,876
20221105,경의선,공덕,3234,2301,5535
20221105,경의선,금릉,4315,4159,8474
20221105,경의선,금촌,6130,5769,11899
20221105,경의선,능곡,3116,3001,6117
20221105,경의선,디지털미디어시티,2322,2130,4452
20221105,경의선,문산,5248,4710,9958
20221105,경의선,백마,5020,4605,9625
20221105,경의선,서강대,2022,1925,3947
20221105,경의선,서울역,1731,2001,3732
20221105,경의선,수색,1439,1383,2822
20221105,경의선,신촌,442,501,943
20221105,경의선,야당,7067,7205,14272
20221105,경의선,운정,5572,5118,10690
20221105,경의선,월롱,1999,1540,3539
20221105,경의선,일산,6941,6640,13581
20221105,경의선,임진강,62,44,106
20221105,경의선,탄현,6011,5688,11699
20221105,경의선,파주,980,802,1782
20221105,경의선,풍산,4819,4560,9379
20221105,경의선,행신,6077,6216,12293
20221105,경의선,홍대입구,2236,2910,5146
20221105,경의선,화전,1443,1359,2802
20221105,경의선,효창공원앞,2012,2096,4108
20221105,경인선,간석,4896,4554,9450
20221105,경인선,개봉,18940,17378,36318
20221105,경인선,구일,12331,14191,26522
20221105,경인선,도원,2352,2411,4763
20221105,경인선,도화,3404,3129,6533
20221105,경인선,동암,14469,14683,29152
20221105,경인선,동인천,12869,12537,25406
20221105,경인선,백운,6240,5982,12222
20221105,경인선,부개,7159,6585,13744
20221105,경인선,부천,30750,31678,62428
20221105,경인선,부평,30515,34270,64785
20221105,경인선,소사,8424,8198,16622
20221105,경인선,송내,21542,20957,42499
20221105,경인선,역곡,22305,21857,44162
20221105,경인선,오류동,10266,9026,19292
20221105,경인선,온수,5326,4787,10113
20221105,경인선,인천,4834,4352,9186
20221105,경인선,제물포,8167,7554,15721
20221105,경인선,주안,18451,16191,34642
20221105,경인선,중동,7381,6743,14124
20221105,경춘선,가평,3663,4246,7909
20221105,경춘선,갈매,2198,1825,4023
20221105,경춘선,강촌,809,970,1779
20221105,경춘선,굴봉산,224,201,425
20221105,경춘선,금곡,1182,1059,2241
20221105,경춘선,김유정,618,878,1496
20221105,경춘선,남춘천,3253,3626,6879
20221105,경춘선,대성리,1392,2315,3707
20221105,경춘선,마석,3577,3455,7032
20221105,경춘선,백양리,116,146,262
20221105,경춘선,별내,2440,2282,4722
20221105,경춘선,사릉,1798,1770,3568
20221105,경춘선,상천,568,575,1143
20221105,경춘선,신내,1408,1352,2760
20221105,경춘선,천마산,1418,1385,2803
20221105,경춘선,청평,2177,2363,4540
20221105,경춘선,춘천,2460,2014,4474
20221105,경춘선,퇴계원,2774,2517,5291
20221105,경춘선,평내호평,5039,4795,9834
20221105,공항철도 1호선,검암,5157,5118,10275
20221105,공항철도 1호선,계양,8951,7903,16854
20221105,공항철도 1호선,공덕,2009,3183,5192
20221105,공항철도 1호선,공항화물청사,1312,1389,2701
20221105,공항철도 1호선,김포공항,10318,4931,15249
20221105,공항철도 1호선,디지털미디어시티,6500,6216,12716
20221105,공항철도 1호선,마곡나루,4267,4556,8823
20221105,공항철도 1호선,서울역,12257,11706,23963
20221105,공항철도 1호선,영종,3629,3672,7301
20221105,공항철도 1호선,운서,7979,8122,16101
20221105,공항철도 1호선,인천공항1터미널,9605,9362,18967
20221105,공항철도 1호선,인천공항2터미널,3759,3370,7129
20221105,공항철도 1호선,청라국제도시,4994,4802,9796
20221105,공항철도 1호선,홍대입구,14937,15382,30319
20221105,과천선,경마공원,12479,12441,24920
20221105,과천선,과천,5605,5027,10632
20221105,과천선,대공원,9041,9513,18554
20221105,과천선,범계,22875,22782,45657
20221105,과천선,선바위,6416,5179,11595
20221105,과천선,인덕원,19405,18550,37955
20221105,과천선,정부과천청사,7455,7287,14742
20221105,과천선,평촌,11150,10870,22020
20221105,분당선,가천대,6589,6652,13241
20221105,분당선,강남구청,5818,7201,13019
20221105,분당선,개포동,3132,2991,6123
20221105,분당선,구룡,2232,1994,4226
20221105,분당선,구성,3770,3775,7545
20221105,분당선,기흥,7605,7224,14829
20221105,분당선,대모산입구,3443,3055,6498
20221105,분당선,도곡,5474,4733,10207
20221105,분당선,망포,10551,9442,19993
20221105,분당선,매교,3289,3281,6570
20221105,분당선,매탄권선,3994,3669,7663
20221105,분당선,모란,16726,17115,33841
20221105,분당선,미금,11044,11699,22743
20221105,분당선,보정,1921,1745,3666
20221105,분당선,복정,1,0,1
20221105,분당선,상갈,4319,4162,8481
20221105,분당선,서울숲,13249,14858,28107
20221105,분당선,서현,20110,20238,40348
20221105,분당선,선릉,5522,8891,14413
20221105,분당선,선정릉,3841,3829,7670
20221105,분당선,수내,9423,8807,18230
20221105,분당선,수서,12020,12208,24228
20221105,분당선,수원,8433,7326,15759
20221105,분당선,수원시청,12550,14722,27272
20221105,분당선,신갈,3225,3171,6396
20221105,분당선,압구정로데오,19443,23133,42576
20221105,분당선,야탑,19988,21262,41250
20221105,분당선,영통,7666,7588,15254
20221105,분당선,오리,8184,6626,14810
20221105,분당선,이매,4538,4573,9111
20221105,분당선,정자,11744,12153,23897
20221105,분당선,죽전,11120,12319,23439
20221105,분당선,청명,3227,3079,6306
20221105,분당선,태평,11505,10644,22149
20221105,분당선,한티,14112,13653,27765
20221105,수인선,고색,2915,2744,5659
20221105,수인선,남동인더스파크,988,946,1934
20221105,수인선,달월,74,71,145
20221105,수인선,사리,4099,3420,7519
20221105,수인선,소래포구,6723,6875,13598
20221105,수인선,송도,2200,2123,4323
20221105,수인선,숭의,2913,2656,5569
20221105,수인선,신포,1671,1716,3387
20221105,수인선,야목,268,221,489
20221105,수인선,어천,957,836,1793
20221105,수인선,연수,4394,4453,8847
20221105,수인선,오목천,2774,2231,5005
20221105,수인선,원인재,4066,4100,8166
20221105,수인선,월곶,2497,2208,4705
20221105,수인선,인천,1245,2122,3367
20221105,수인선,인천논현,4747,4869,9616
20221105,수인선,인하대,4990,4538,9528
20221105,수인선,호구포,2889,2667,5556
20221105,신림선,관악산,3836,4168,8004
20221105,신림선,당곡,3282,2801,6083
20221105,신림선,대방,2540,1673,4213
20221105,신림선,보라매,2644,2184,4828
20221105,신림선,보라매공원,1430,1457,2887
20221105,신림선,보라매병원,3505,3309,6814
20221105,신림선,샛강,1172,1542,2714
20221105,신림선,서울대벤처타운,6900,6067,12967
20221105,신림선,서울지방병무청,2154,2275,4429
20221105,신림선,서원,2527,2045,4572
20221105,신림선,신림,1396,2003,3399
20221105,안산선,고잔,7640,7394,15034
20221105,안산선,대야미,4497,3880,8377
20221105,안산선,반월,3788,3519,7307
20221105,안산선,산본,14147,15019,29166
20221105,안산선,상록수,14022,13854,27876
20221105,안산선,수리산,3240,2947,6187
20221105,안산선,신길온천,1741,1681,3422
20221105,안산선,안산,10578,10994,21572
20221105,안산선,오이도,8463,8547,17010
20221105,안산선,정왕,7663,7565,15228
20221105,안산선,중앙,17594,18610,36204
20221105,안산선,초지,4120,3960,8080
20221105,안산선,한대앞,8408,8374,16782
20221105,우이신설선,4.19민주묘지,2647,2382,5029
20221105,우이신설선,가오리,3405,3160,6565
20221105,우이신설선,보문,1320,1306,2626
20221105,우이신설선,북한산보국문,5707,4778,10485
20221105,우이신설선,북한산우이,5120,5118,10238
20221105,우이신설선,삼양,1553,1638,3191
20221105,우이신설선,삼양사거리,2036,2085,4121
20221105,우이신설선,성신여대입구,3126,3689,6815
20221105,우이신설선,솔밭공원,2246,2064,4310
20221105,우이신설선,솔샘,4322,3830,8152
20221105,우이신설선,신설동,1595,1586,3181
20221105,우이신설선,정릉,4218,3378,7596
20221105,우이신설선,화계,2795,2507,5302
20221105,일산선,대곡,1511,1301,2812
20221105,일산선,대화,9825,8584,18409
20221105,일산선,마두,5493,5541,11034
20221105,일산선,백석,8205,8117,16322
20221105,일산선,삼송,15828,15148,30976
20221105,일산선,원당,9124,8514,17638
20221105,일산선,원흥,8664,8003,16667
20221105,일산선,정발산,7154,7842,14996
20221105,일산선,주엽,7283,7116,14399
20221105,일산선,화정,14114,14308,28422
20221105,장항선,배방,1221,1192,2413
20221105,장항선,봉명,825,765,1590
20221105,장항선,신창,1481,1504,2985
20221105,장항선,쌍용,2006,1804,3810
20221105,장항선,아산,4102,3873,7975
20221105,장항선,온양온천,5190,5227,10417
20221105,장항선,탕정,1015,893,1908
20221105,중앙선,구리,11122,11398,22520
20221105,중앙선,국수,724,784,1508
20221105,중앙선,덕소,4968,4939,9907
20221105,중앙선,도농,8666,8223,16889
20221105,중앙선,도심,1842,1526,3368
20221105,중앙선,망우,7392,6953,14345
20221105,중앙선,상봉,5345,5279,10624
20221105,중앙선,신원,282,205,487
20221105,중앙선,아신,675,710,1385
20221105,중앙선,양수,2363,2473,4836
20221105,중앙선,양원,2278,2024,4302
20221105,중앙선,양정,591,511,1102
20221105,중앙선,양평,3262,3562,6824
20221105,중앙선,오빈,294,313,607
20221105,중앙선,용문,5136,5498,10634
20221105,중앙선,운길산,1466,1419,2885
20221105,중앙선,원덕,446,526,972
20221105,중앙선,중랑,4858,4716,9574
20221105,중앙선,지평,50,85,135
20221105,중앙선,팔당,1403,1593,2996
20221105,중앙선,회기,25172,23594,48766
20221106,1호선,동대문,11022,11432,22454
20221106,1호선,동묘앞,13862,14423,28285
20221106,1호선,서울역,35989,37105,73094
20221106,1호선,시청,13225,13267,26492
20221106,1호선,신설동,9321,8888,18209
20221106,1호선,제기동,11666,11989,23655
20221106,1호선,종각,17839,15589,33428
20221106,1호선,종로3가,19243,16268,35511
20221106,1호선,종로5가,12326,11949,24275
20221106,1호선,청량리,14436,14241,28677
20221106,2호선,강남,34701,33554,68255
20221106,2호선,강변,26344,25320,51664
20221106,2호선,건대입구,28155,29507,57662
20221106,2호선,교대,11723,12954,24677
20221106,2호선,구로디지털단지,27950,27027,54977
20221106,2호선,구의,12522,12686,25208
20221106,2호선,낙성대,17556,18341,35897
20221106,2호선,당산,9861,10637,20498
20221106,2호선,대림,17648,17799,35447
20221106,2호선,도림천,498,555,1053
20221106,2호선,동대문역사문화공원,9651,11830,21481
20221106,2호선,뚝섬,13677,13358,27035
20221106,2호선,문래,10051,10790,20841
20221106,2호선,방배,7375,7821,15196
20221106,2호선,봉천,13626,13125,26751
20221106,2호선,사당,25762,28491,54253
20221106,2호선,삼성,25735,24708,50443
20221106,2호선,상왕십리,7527,7678,15205
20221106,2호선,서울대입구,28663,29078,57741
20221106,2호선,서초,13506,12811,26317
20221106,2호선,선릉,15407,13250,28657
20221106,2호선,성수,17823,19388,37211
20221106,2호선,시청,10083,8676,18759
20221106,2호선,신답,999,956,1955
20221106,2호선,신당,9060,9622,18682
20221106,2호선,신대방,16725,16025,32750
20221106,2호선,신도림,34378,34704,69082
20221106,2호선,신림,37842,36484,74326
20221106,2호선,신설동,3853,3731,7584
20221106,2호선,신정네거리,5898,5699,11597
20221106,2호선,신촌,24834,24930,49764
20221106,2호선,아현,6226,6178,12404
20221106,2호선,양천구청,3761,3834,7595
20221106,2호선,역삼,11807,12905,24712
20221106,2호선,영등포구청,9786,10134,19920
20221106,2호선,왕십리,10716,9849,20565
20221106,2호선,용답,2001,2023,4024
20221106,2호선,용두,1641,1510,3151
20221106,2호선,을지로3가,10926,10602,21528
20221106,2호선,을지로4가,4931,4778,9709
20221106,2호선,을지로입구,22111,20744,42855
20221106,2호선,이대,9097,10192,19289
20221106,2호선,잠실,57172,54136,111308
20221106,2호선,잠실나루,6155,6375,12530
20221106,2호선,잠실새내,14452,13320,27772
20221106,2호선,종합운동장,13242,11657,24899
20221106,2호선,충정로,4692,4870,9562
20221106,2호선,한양대,3019,3502,6521
20221106,2호선,합정,23726,25493,49219
20221106,2호선,홍대입구,56992,57106,114098
20221106,3호선,가락시장,4399,4677,9076
20221106,3호선,경복궁,23152,26508,49660
20221106,3호선,경찰병원,3232,3300,6532
20221106,3호선,고속터미널,49738,46007,95745
20221106,3호선,교대,5320,3180,8500
20221106,3호선,구파발,13090,13535,26625
20221106,3호선,금호,4885,4519,9404
20221106,3호선,남부터미널,17487,18265,35752
20221106,3호선,녹번,8313,7364,15677
20221106,3호선,대청,4715,4682,9397
20221106,3호선,대치,7862,6794,14656
20221106,3호선,도곡,2376,2616,4992
20221106,3호선,독립문,4933,5615,10548
20221106,3호선,동대입구,8365,9652,18017
20221106,3호선,매봉,4634,4515,9149
20221106,3호선,무악재,2231,2299,4530
20221106,3호선,불광,10405,11902,22307
20221106,3호선,수서,12089,12220,24309
20221106,3호선,신사,14960,15254,30214
20221106,3호선,안국,21644,22884,44528
20221106,3호선,압구정,15675,16426,32101
20221106,3호선,약수,7664,7423,15087
20221106,3호선,양재,16316,18790,35106
20221106,3호선,연신내,22767,21149,43916
20221106,3호선,오금,3167,3079,6246
20221106,3호선,옥수,5464,5644,11108
20221106,3호선,을지로3가,4706,4362,9068
20221106,3호선,일원,4127,4308,8435
20221106,3호선,잠원,2534,2406,4940
20221106,3호선,종로3가,4764,6086,10850
20221106,3호선,지축,3181,2939,6120
20221106,3호선,충무로,4,0,4
20221106,3호선,학여울,1024,1039,2063
20221106,3호선,홍제,11106,10490,21596
20221106,4호선,길음,12354,12303,24657
20221106,4호선,남태령,916,609,1525
20221106,4호선,노원,12632,14002,26634
20221106,4호선,당고개,6128,5824,11952
20221106,4호선,동대문,9250,9729,18979
20221106,4호선,동대문역사문화공원,12049,10640,22689
20221106,4호선,동작,1148,1175,2323
20221106,4호선,명동,20383,21340,41723
20221106,4호선,미아,9023,8434,17457
20221106,4호선,미아사거리,17526,16729,34255
20221106,4호선,사당,18949,16834,35783
20221106,4호선,삼각지,3537,4711,8248
20221106,4호선,상계,11470,10549,22019
20221106,4호선,서울역,5854,15529,21383
20221106,4호선,성신여대입구,13897,13245,27142
20221106,4호선,수유,22068,21148,43216
20221106,4호선,숙대입구,9295,8916,18211
20221106,4호선,신용산,10015,10367,20382
20221106,4호선,쌍문,17584,15813,33397
20221106,4호선,이촌,7515,8041,15556
20221106,4호선,창동,16531,16966,33497
20221106,4호선,총신대입구,11097,12208,23305
20221106,4호선,충무로,11089,12443,23532
20221106,4호선,한성대입구,9043,9390,18433
20221106,4호선,혜화,28653,30405,59058
20221106,4호선,회현,11080,11724,22804
20221106,5호선,강동,10625,10308,20933
20221106,5호선,강일,2855,2666,5521
20221106,5호선,개롱,3447,3807,7254
20221106,5호선,개화산,2835,2949,5784
20221106,5호선,거여,5232,5064,10296
20221106,5호선,고덕,4766,4799,9565
20221106,5호선,공덕,5946,5755,11701
20221106,5호선,광나루,9801,9177,18978
20221106,5호선,광화문,17357,17076,34433
20221106,5호선,군자,7172,7900,15072
20221106,5호선,굽은다리,5796,5512,11308
20221106,5호선,길동,4518,4564,9082
20221106,5호선,김포공항,6598,6493,13091
20221106,5호선,까치산,16873,16364,33237
20221106,5호선,답십리,8953,8065,17018
20221106,5호선,동대문역사문화공원,1077,1203,2280
20221106,5호선,둔촌동,5819,5388,11207
20221106,5호선,마곡,3840,4013,7853
20221106,5호선,마장,3299,2964,6263
20221106,5호선,마천,4216,4635,8851
20221106,5호선,마포,6169,5806,11975
20221106,5호선,명일,5453,5448,10901
20221106,5호선,목동,8532,8571,17103
20221106,5호선,미사,9673,9865,19538
20221106,5호선,발산,10378,11344,21722
20221106,5호선,방이,4900,4656,9556
20221106,5호선,방화,3924,3896,7820
20221106,5호선,상일동,7061,7156,14217
20221106,5호선,서대문,6375,6375,12750
20221106,5호선,송정,3779,3773,7552
20221106,5호선,신금호,3309,3525,6834
20221106,5호선,신길,2536,2565,5101
20221106,5호선,신정,6866,6181,13047
20221106,5호선,아차산,12824,12350,25174
20221106,5호선,애오개,3261,3165,6426
20221106,5호선,양평,2958,2996,5954
20221106,5호선,여의나루,12615,14019,26634
20221106,5호선,여의도,13547,10959,24506
20221106,5호선,영등포구청,1631,1550,3181
20221106,5호선,영등포시장,7118,7312,14430
20221106,5호선,오금,1663,1589,3252
20221106,5호선,오목교,12437,12784,25221
20221106,5호선,올림픽공원,3070,2944,6014
20221106,5호선,왕십리,2801,3221,6022
20221106,5호선,우장산,7573,7772,15345
20221106,5호선,을지로4가,2122,2300,4422
20221106,5호선,장한평,9573,9200,18773
20221106,5호선,종로3가,12125,10354,22479
20221106,5호선,천호,14263,13610,27873
20221106,5호선,청구,1989,1962,3951
20221106,5호선,충정로,1587,1666,3253
20221106,5호선,하남검단산,4972,5032,10004
20221106,5호선,하남시청,4508,4301,8809
20221106,5호선,하남풍산,2383,2310,4693
20221106,5호선,행당,4294,3862,8156
20221106,5호선,화곡,15499,14561,30060
20221106,6호선,고려대,4861,4835,9696
20221106,6호선,공덕,8675,7774,16449
20221106,6호선,광흥창,4703,4321,9024
20221106,6호선,구산,4374,3264,7638
20221106,6호선,녹사평,3635,3402,7037
20221106,6호선,대흥,4486,4621,9107
20221106,6호선,독바위,1590,1999,3589
20221106,6호선,돌곶이,6163,5917,12080
20221106,6호선,동묘앞,7586,7219,14805
20221106,6호선,디지털미디어시티,6233,6594,12827
20221106,6호선,마포구청,8373,8357,16730
20221106,6호선,망원,10474,11262,21736
20221106,6호선,버티고개,1195,1276,2471
20221106,6호선,보문,4557,4385,8942
20221106,6호선,봉화산,4310,4316,8626
20221106,6호선,불광,3203,2896,6099
20221106,6호선,삼각지,4935,3495,8430
20221106,6호선,상수,7029,7986,15015
20221106,6호선,상월곡,3541,3242,6783
20221106,6호선,새절,7052,6924,13976
20221106,6호선,석계,6796,7172,13968
20221106,6호선,신당,4534,4973,9507
20221106,6호선,안암,5697,6510,12207
20221106,6호선,약수,1913,1912,3825
20221106,6호선,역촌,2163,2548,4711
20221106,6호선,연신내,1,0,1
20221106,6호선,월곡,6069,6132,12201
20221106,6호선,월드컵경기장,7314,17218,24532
20221106,6호선,응암,10225,10229,20454
20221106,6호선,이태원,8602,8443,17045
20221106,6호선,증산,5987,5924,11911
20221106,6호선,창신,1806,1625,3431
20221106,6호선,청구,1976,1693,3669
20221106,6호선,태릉입구,3612,3924,7536
20221106,6호선,한강진,7991,8415,16406
20221106,6호선,합정,10456,9353,19809
20221106,6호선,화랑대,5825,5251,11076
20221106,6호선,효창공원앞,3911,3407,7318
20221106,7호선,가산디지털단지,12660,11468,24128
20221106,7호선,강남구청,6639,7315,13954
20221106,7호선,건대입구,8511,9076,17587
20221106,7호선,고속터미널,16324,9678,26002
20221106,7호선,공릉,6930,7230,14160
20221106,7호선,광명사거리,13601,13237,26838
20221106,7호선,군자,9189,6700,15889
20221106,7호선,남구로,7548,7238,14786
20221106,7호선,남성,5982,5989,11971
20221106,7호선,내방,5693,5839,11532
20221106,7호선,노원,11572,11583,23155
20221106,7호선,논현,5789,6160,11949
20221106,7호선,대림,9011,8382,17393
20221106,7호선,도봉산,6252,9046,15298
20221106,7호선,뚝섬유원지,6796,6423,13219
20221106,7호선,마들,6584,6224,12808
20221106,7호선,먹골,5674,5630,11304
20221106,7호선,면목,8505,8497,17002
20221106,7호선,반포,3239,3310,6549
20221106,7호선,보라매,4102,4126,8228
20221106,7호선,사가정,9527,9220,18747
20221106,7호선,상도,6162,6433,12595
20221106,7호선,상봉,10466,10067,20533
20221106,7호선,수락산,8923,8692,17615
20221106,7호선,숭실대입구,6546,7032,13578
20221106,7호선,신대방삼거리,8158,8032,16190
20221106,7호선,신풍,7077,6680,13757
20221106,7호선,어린이대공원,9048,9447,18495
20221106,7호선,온수,4484,4629,9113
20221106,7호선,용마산,3652,4086,7738
20221106,7호선,이수,8993,8419,17412
20221106,7호선,장승배기,4970,4986,9956
20221106,7호선,장암,1523,1082,2605
20221106,7호선,중계,7612,6980,14592
20221106,7호선,중곡,5875,5648,11523
20221106,7호선,중화,6453,6429,12882
20221106,7호선,천왕,5506,5422,10928
20221106,7호선,철산,12140,11873,24013
20221106,7호선,청담,7490,8350,15840
20221106,7호선,태릉입구,5487,5312,10799
20221106,7호선,하계,10192,9748,19940
20221106,7호선,학동,7683,8065,15748
20221106,8호선,가락시장,3651,4539,8190
20221106,8호선,강동구청,5150,5129,10279
20221106,8호선,남위례,3327,3443,6770
20221106,8호선,남한산성입구,7531,6986,14517
20221106,8호선,단대오거리,5777,5743,11520
20221106,8호선,모란,2767,2351,5118
20221106,8호선,몽촌토성,4203,4374,8577
20221106,8호선,문정,6421,6758,13179
20221106,8호선,복정,5387,4932,10319
20221106,8호선,산성,3508,3685,7193
20221106,8호선,석촌,4529,5963,10492
20221106,8호선,송파,5263,4987,10250
20221106,8호선,수진,3174,2883,6057
20221106,8호선,신흥,3010,3183,6193
20221106,8호선,암사,9796,9129,18925
20221106,8호선,잠실,11658,13484,25142
20221106,8호선,장지,10492,10345,20837
20221106,8호선,천호,10106,10782,20888
20221106,9호선,가양,11749,11866,23615
20221106,9호선,개화,1222,1115,2337
20221106,9호선,고속터미널,13074,18708,31782
20221106,9호선,공항시장,1864,2029,3893
20221106,9호선,구반포,520,575,1095
20221106,9호선,국회의사당,7191,5967,13158
20221106,9호선,김포공항,6950,9844,16794
20221106,9호선,노들,3121,2754,5875
20221106,9호선,노량진,16275,17558,33833
20221106,9호선,당산,10751,10572,21323
20221106,9호선,동작,1368,1157,2525
20221106,9호선,등촌,5545,5560,11105
20221106,9호선,마곡나루,6556,6552,13108
20221106,9호선,사평,1885,1917,3802
20221106,9호선,샛강,2317,1894,4211
20221106,9호선,선유도,3138,3230,6368
20221106,9호선,신논현,16654,15938,32592
20221106,9호선,신목동,2087,1898,3985
20221106,9호선,신반포,2377,2388,4765
20221106,9호선,신방화,3716,3734,7450
20221106,9호선,양천향교,4421,4605,9026
20221106,9호선,여의도,15713,10808,26521
20221106,9호선,염창,10105,9556,19661
20221106,9호선,증미,2600,2555,5155
20221106,9호선,흑석,4519,4708,9227
20221106,9호선2~3단계,둔촌오륜,757,760,1517
20221106,9호선2~3단계,봉은사,10722,11095,21817
20221106,9호선2~3단계,삼성중앙,2387,2528,4915
20221106,9호선2~3단계,삼전,4760,4285,9045
20221106,9호선2~3단계,석촌,5677,5030,10707
20221106,9호선2~3단계,석촌고분,4220,3884,8104
20221106,9호선2~3단계,선정릉,3617,4062,7679
20221106,9호선2~3단계,송파나루,3513,3749,7262
20221106,9호선2~3단계,언주,4431,4687,9118
20221106,9호선2~3단계,올림픽공원,4890,5236,10126
20221106,9호선2~3단계,종합운동장,4409,3358,7767
20221106,9호선2~3단계,중앙보훈병원,4105,3945,8050
20221106,9호선2~3단계,한성백제,2034,1937,3971
20221106,경강선,경기광주,4592,4468,9060
20221106,경강선,곤지암,2223,2198,4421
20221106,경강선,부발,1809,2261,4070
20221106,경강선,삼동,1154,1104,2258
20221106,경강선,세종대왕릉,362,349,711
20221106,경강선,신둔도예촌,1151,1126,2277
20221106,경강선,여주,2710,2653,5363
20221106,경강선,이매,801,583,1384
20221106,경강선,이천,2502,2522,5024
20221106,경강선,초월,1930,1829,3759
20221106,경강선,판교,2857,2694,5551
20221106,경부선,가산디지털단지,5757,7677,13434
20221106,경부선,관악,5800,5385,11185
20221106,경부선,광명,3025,2554,5579
20221106,경부선,구로,11450,12565,24015
20221106,경부선,군포,3354,3146,6500
20221106,경부선,금정,16924,17221,34145
20221106,경부선,금천구청,6928,6741,13669
20221106,경부선,남영,5424,5863,11287
20221106,경부선,노량진,6881,6839,13720
20221106,경부선,당정,3460,3379,6839
20221106,경부선,대방,6037,6798,12835
20221106,경부선,독산,7240,6988,14228
20221106,경부선,두정,5393,7187,12580
20221106,경부선,명학,3504,3446,6950
20221106,경부선,병점,10736,11118,21854
20221106,경부선,서동탄,866,833,1699
20221106,경부선,서울역,9040,2446,11486
20221106,경부선,서정리,5450,8034,13484
20221106,경부선,석수,5863,5632,11495
20221106,경부선,성균관대,8918,9406,18324
20221106,경부선,성환,3257,4031,7288
20221106,경부선,세류,2402,2200,4602
20221106,경부선,세마,1913,1852,3765
20221106,경부선,송탄,4006,4873,8879
20221106,경부선,수원,38491,37357,75848
20221106,경부선,신길,5382,5031,10413
20221106,경부선,신도림,2584,3066,5650
20221106,경부선,안양,15359,14830,30189
20221106,경부선,영등포,36520,37096,73616
20221106,경부선,오산,9149,9408,18557
20221106,경부선,오산대,2817,2713,5530
20221106,경부선,용산,37558,33545,71103
20221106,경부선,의왕,4827,4605,9432
20221106,경부선,직산,689,758,1447
20221106,경부선,진위,1063,1095,2158
20221106,경부선,천안,7913,8174,16087
20221106,경부선,평택,13663,14915,28578
20221106,경부선,평택지제,3218,3201,6419
20221106,경부선,화서,4966,4704,9670
20221106,경원선,가능,4348,4111,8459
20221106,경원선,광운대,4953,5011,9964
20221106,경원선,녹양,3192,2937,6129
20221106,경원선,녹천,2744,2381,5125
20221106,경원선,덕계,2259,2069,4328
20221106,경원선,덕정,3759,3861,7620
20221106,경원선,도봉,3827,3517,7344
20221106,경원선,도봉산,10538,7612,18150
20221106,경원선,동두천,1486,1924,3410
20221106,경원선,동두천중앙,2262,2057,4319
20221106,경원선,망월사,5279,5376,10655
20221106,경원선,방학,6720,6332,13052
20221106,경원선,보산,1356,1489,2845
20221106,경원선,서빙고,1936,2264,4200
20221106,경원선,석계,5634,5887,11521
20221106,경원선,소요산,6894,6340,13234
20221106,경원선,신이문,5285,4802,10087
20221106,경원선,양주,5485,5438,10923
20221106,경원선,옥수,57,37,94
20221106,경원선,왕십리,11435,12942,24377
20221106,경원선,외대앞,6241,6202,12443
20221106,경원선,월계,4395,4023,8418
20221106,경원선,응봉,1336,1177,2513
20221106,경원선,의정부,15690,15623,31313
20221106,경원선,이촌,2859,2117,4976
20221106,경원선,지행,4904,4869,9773
20221106,경원선,청량리,16420,15381,31801
20221106,경원선,한남,2031,2006,4037
20221106,경원선,회룡,8367,8211,16578
20221106,경의선,가좌,3270,3198,6468
20221106,경의선,강매,1695,1485,3180
20221106,경의선,곡산,378,336,714
20221106,경의선,공덕,2472,1880,4352
20221106,경의선,금릉,3224,3040,6264
20221106,경의선,금촌,5184,5355,10539
20221106,경의선,능곡,2421,2235,4656
20221106,경의선,디지털미디어시티,1787,1709,3496
20221106,경의선,문산,3995,4108,8103
20221106,경의선,백마,3779,3458,7237
20221106,경의선,서강대,1461,1587,3048
20221106,경의선,서울역,1406,1412,2818
20221106,경의선,수색,961,972,1933
20221106,경의선,신촌,314,345,659
20221106,경의선,야당,5389,5128,10517
20221106,경의선,운정,4201,3842,8043
20221106,경의선,월롱,1052,2061,3113
20221106,경의선,일산,5272,4676,9948
20221106,경의선,임진강,83,55,138
20221106,경의선,탄현,4595,4006,8601
20221106,경의선,파주,748,685,1433
20221106,경의선,풍산,3894,3468,7362
20221106,경의선,행신,5023,4863,9886
20221106,경의선,홍대입구,1880,2388,4268
20221106,경의선,화전,1016,1066,2082
20221106,경의선,효창공원앞,1557,1747,3304
20221106,경인선,간석,3566,3310,6876
20221106,경인선,개봉,13205,12596,25801
20221106,경인선,구일,3518,3361,6879
20221106,경인선,도원,1892,1862,3754
20221106,경인선,도화,2557,2410,4967
20221106,경인선,동암,11068,10528,21596
20221106,경인선,동인천,10181,9700,19881
20221106,경인선,백운,4235,4088,8323
20221106,경인선,부개,5326,4892,10218
20221106,경인선,부천,23972,22884,46856
20221106,경인선,부평,23715,23676,47391
20221106,경인선,소사,6676,6335,13011
20221106,경인선,송내,14897,14284,29181
20221106,경인선,역곡,16204,15755,31959
20221106,경인선,오류동,7826,7101,14927
20221106,경인선,온수,4436,4023,8459
20221106,경인선,인천,4353,3540,7893
20221106,경인선,제물포,5821,5450,11271
20221106,경인선,주안,13098,11379,24477
20221106,경인선,중동,5485,5065,10550
20221106,경춘선,가평,3366,2486,5852
20221106,경춘선,갈매,1611,1451,3062
20221106,경춘선,강촌,947,645,1592
20221106,경춘선,굴봉산,184,147,331
20221106,경춘선,금곡,877,830,1707
20221106,경춘선,김유정,582,581,1163
20221106,경춘선,남춘천,2871,3566,6437
20221106,경춘선,대성리,1985,510,2495
20221106,경춘선,마석,2915,2683,5598
20221106,경춘선,백양리,134,105,239
20221106,경춘선,별내,1938,1828,3766
20221106,경춘선,사릉,1568,1411,2979
20221106,경춘선,상천,715,465,1180
20221106,경춘선,신내,1147,1178,2325
20221106,경춘선,천마산,1189,1165,2354
20221106,경춘선,청평,2319,1613,3932
20221106,경춘선,춘천,2373,2077,4450
20221106,경춘선,퇴계원,2258,2063,4321
20221106,경춘선,평내호평,3823,3564,7387
20221106,공항철도 1호선,검암,4022,3955,7977
20221106,공항철도 1호선,계양,6681,6124,12805
20221106,공항철도 1호선,공덕,1600,2261,3861
20221106,공항철도 1호선,공항화물청사,1003,1085,2088
20221106,공항철도 1호선,김포공항,9872,5096,14968
20221106,공항철도 1호선,디지털미디어시티,4505,4604,9109
20221106,공항철도 1호선,마곡나루,2892,3110,6002
20221106,공항철도 1호선,서울역,10892,11046,21938
20221106,공항철도 1호선,영종,2918,2855,5773
20221106,공항철도 1호선,운서,6669,7077,13746
20221106,공항철도 1호선,인천공항1터미널,9660,9115,18775
20221106,공항철도 1호선,인천공항2터미널,3877,3542,7419
20221106,공항철도 1호선,청라국제도시,3737,3657,7394
20221106,공항철도 1호선,홍대입구,12331,11377,23708
20221106,과천선,경마공원,15866,15975,31841
20221106,과천선,과천,4351,3942,8293
20221106,과천선,대공원,7946,8121,16067
20221106,과천선,범계,16378,15888,32266
20221106,과천선,선바위,4857,4295,9152
20221106,과천선,인덕원,14184,14137,28321
20221106,과천선,정부과천청사,5189,5329,10518
20221106,과천선,평촌,7542,7191,14733
20221106,분당선,가천대,4483,5358,9841
20221106,분당선,강남구청,3478,4259,7737
20221106,분당선,개포동,2348,2361,4709
20221106,분당선,구룡,1014,1199,2213
20221106,분당선,구성,2615,2898,5513
20221106,분당선,기흥,5597,5274,10871
20221106,분당선,대모산입구,2244,2283,4527
20221106,분당선,도곡,3530,3368,6898
20221106,분당선,망포,7161,7440,14601
20221106,분당선,매교,2252,2299,4551
20221106,분당선,매탄권선,2726,2736,5462
20221106,분당선,모란,12053,12411,24464
20221106,분당선,미금,7931,8306,16237
20221106,분당선,보정,1317,1249,2566
20221106,분당선,상갈,3149,3333,6482
20221106,분당선,서울숲,10530,11496,22026
20221106,분당선,서현,14508,14679,29187
20221106,분당선,선릉,3209,4981,8190
20221106,분당선,선정릉,2437,2477,4914
20221106,분당선,수내,6502,6155,12657
20221106,분당선,수서,9299,9424,18723
20221106,분당선,수원,6431,5549,11980
20221106,분당선,수원시청,8951,9013,17964
20221106,분당선,신갈,2317,2327,4644
20221106,분당선,압구정로데오,11209,12555,23764
20221106,분당선,야탑,15158,15510,30668
20221106,분당선,영통,5395,5424,10819
20221106,분당선,오리,5628,4996,10624
20221106,분당선,이매,3802,3982,7784
20221106,분당선,정자,8082,8314,16396
20221106,분당선,죽전,8824,9527,18351
20221106,분당선,청명,2343,2426,4769
20221106,분당선,태평,8816,8407,17223
20221106,분당선,한티,10166,9894,20060
20221106,수인선,고색,1873,1910,3783
20221106,수인선,남동인더스파크,628,623,1251
20221106,수인선,달월,62,71,133
20221106,수인선,사리,3181,2523,5704
20221106,수인선,소래포구,5749,5569,11318
20221106,수인선,송도,1798,1645,3443
20221106,수인선,숭의,2176,2001,4177
20221106,수인선,신포,1378,1349,2727
20221106,수인선,야목,234,156,390
20221106,수인선,어천,802,911,1713
20221106,수인선,연수,3523,3423,6946
20221106,수인선,오목천,1873,1896,3769
20221106,수인선,원인재,3095,3108,6203
20221106,수인선,월곶,1867,1771,3638
20221106,수인선,인천,1198,1706,2904
20221106,수인선,인천논현,3228,3379,6607
20221106,수인선,인하대,3740,3812,7552
20221106,수인선,호구포,2246,2371,4617
20221106,신림선,관악산,4076,4378,8454
20221106,신림선,당곡,2496,2388,4884
20221106,신림선,대방,1640,1305,2945
20221106,신림선,보라매,1911,1765,3676
20221106,신림선,보라매공원,1095,1217,2312
20221106,신림선,보라매병원,2196,2322,4518
20221106,신림선,샛강,1032,1190,2222
20221106,신림선,서울대벤처타운,5208,4908,10116
20221106,신림선,서울지방병무청,1578,1688,3266
20221106,신림선,서원,2063,1842,3905
20221106,신림선,신림,1118,1649,2767
20221106,안산선,고잔,5910,5761,11671
20221106,안산선,대야미,3359,3010,6369
20221106,안산선,반월,2861,2867,5728
20221106,안산선,산본,10127,10442,20569
20221106,안산선,상록수,10156,10080,20236
20221106,안산선,수리산,2388,2337,4725
20221106,안산선,신길온천,1391,1312,2703
20221106,안산선,안산,11435,10347,21782
20221106,안산선,오이도,6652,6303,12955
20221106,안산선,정왕,6180,6818,12998
20221106,안산선,중앙,13546,13184,26730
20221106,안산선,초지,2911,2812,5723
20221106,안산선,한대앞,6260,6162,12422
20221106,우이신설선,4.19민주묘지,2260,1986,4246
20221106,우이신설선,가오리,2653,2452,5105
20221106,우이신설선,보문,1162,1107,2269
20221106,우이신설선,북한산보국문,4449,4055,8504
20221106,우이신설선,북한산우이,4722,4639,9361
20221106,우이신설선,삼양,1378,1362,2740
20221106,우이신설선,삼양사거리,1674,1659,3333
20221106,우이신설선,성신여대입구,2377,2807,5184
20221106,우이신설선,솔밭공원,1868,1732,3600
20221106,우이신설선,솔샘,3259,2991,6250
20221106,우이신설선,신설동,1430,1415,2845
20221106,우이신설선,정릉,3185,2725,5910
20221106,우이신설선,화계,2335,2209,4544
20221106,일산선,대곡,1248,1024,2272
20221106,일산선,대화,7143,6346,13489
20221106,일산선,마두,3879,3889,7768
20221106,일산선,백석,5856,5713,11569
20221106,일산선,삼송,11705,11637,23342
20221106,일산선,원당,6721,6415,13136
20221106,일산선,원흥,6197,6090,12287
20221106,일산선,정발산,5897,5870,11767
20221106,일산선,주엽,5121,5065,10186
20221106,일산선,화정,10194,10382,20576
20221106,장항선,배방,991,1063,2054
20221106,장항선,봉명,604,608,1212
20221106,장항선,신창,1314,2372,3686
20221106,장항선,쌍용,1486,1633,3119
20221106,장항선,아산,4459,3391,7850
20221106,장항선,온양온천,5264,4906,10170
20221106,장항선,탕정,742,853,1595
20221106,중앙선,구리,8346,8479,16825
20221106,중앙선,국수,663,538,1201
20221106,중앙선,덕소,3639,3623,7262
20221106,중앙선,도농,6226,5936,12162
20221106,중앙선,도심,1369,1191,2560
20221106,중앙선,망우,5568,5611,11179
20221106,중앙선,상봉,4307,4260,8567
20221106,중앙선,신원,280,173,453
20221106,중앙선,아신,613,512,1125
20221106,중앙선,양수,2142,1870,4012
20221106,중앙선,양원,1511,1591,3102
20221106,중앙선,양정,519,381,900
20221106,중앙선,양평,2679,2426,5105
20221106,중앙선,오빈,249,240,489
20221106,중앙선,용문,2920,2320,5240
20221106,중앙선,운길산,1224,1239,2463
20221106,중앙선,원덕,399,311,710
20221106,중앙선,중랑,3661,3675,7336
20221106,중앙선,지평,59,43,102
20221106,중앙선,팔당,1217,1325,2542
20221106,중앙선,회기,19659,20056,39715
20221112,1호선,동대문,10800,10684,21484
20221112,1호선,동묘앞,11052,11412,22464
20221112,1호선,서울역,50491,49980,100471
20221112,1호선,시청,31007,28266,59273
20221112,1호선,신설동,10600,10326,20926
20221112,1호선,제기동,15189,15519,30708
20221112,1호선,종각,27820,25815,53635
20221112,1호선,종로3가,26053,25107,51160
20221112,1호선,종로5가,24469,22785,47254
20221112,1호선,청량리,18174,19643,37817
20221112,2호선,강남,59066,58874,117940
20221112,2호선,강변,31283,31386,62669
20221112,2호선,건대입구,34830,37829,72659
20221112,2호선,교대,19007,21626,40633
20221112,2호선,구로디지털단지,36790,36056,72846
20221112,2호선,구의,17523,17183,34706
20221112,2호선,낙성대,22537,20918,43455
20221112,2호선,당산,13045,14645,27690
20221112,2호선,대림,18989,20172,39161
20221112,2호선,도림천,851,925,1776
20221112,2호선,동대문역사문화공원,12194,14141,26335
20221112,2호선,뚝섬,15747,15841,31588
20221112,2호선,문래,14035,15149,29184
20221112,2호선,방배,10964,11268,22232
20221112,2호선,봉천,18293,16811,35104
20221112,2호선,사당,36721,41386,78107
20221112,2호선,삼성,33864,32890,66754
20221112,2호선,상왕십리,10564,10146,20710
20221112,2호선,서울대입구,38147,36501,74648
20221112,2호선,서초,12938,10898,23836
20221112,2호선,선릉,26502,23573,50075
20221112,2호선,성수,25481,28074,53555
20221112,2호선,시청,20391,14962,35353
20221112,2호선,신답,1119,1216,2335
20221112,2호선,신당,11686,12410,24096
20221112,2호선,신대방,20603,19891,40494
20221112,2호선,신도림,45693,46381,92074
20221112,2호선,신림,48768,46510,95278
20221112,2호선,신설동,3995,3577,7572
20221112,2호선,신정네거리,7959,8026,15985
20221112,2호선,신촌,36221,36806,73027
20221112,2호선,아현,8740,8163,16903
20221112,2호선,양천구청,4778,4958,9736
20221112,2호선,역삼,19467,21047,40514
20221112,2호선,영등포구청,14420,14968,29388
20221112,2호선,왕십리,15008,13456,28464
20221112,2호선,용답,2258,2124,4382
20221112,2호선,용두,1996,1879,3875
20221112,2호선,을지로3가,17432,15137,32569
20221112,2호선,을지로4가,9733,9662,19395
20221112,2호선,을지로입구,34500,31627,66127
20221112,2호선,이대,13111,13849,26960
20221112,2호선,잠실,73601,70101,143702
20221112,2호선,잠실나루,8615,8607,17222
20221112,2호선,잠실새내,18233,19130,37363
20221112,2호선,종합운동장,7628,8315,15943
20221112,2호선,충정로,8137,7812,15949
20221112,2호선,한양대,5463,6039,11502
20221112,2호선,합정,32132,36883,69015
20221112,2호선,홍대입구,72976,80976,153952
20221112,3호선,가락시장,6913,6669,13582
20221112,3호선,경복궁,26429,25943,52372
20221112,3호선,경찰병원,4566,4550,9116
20221112,3호선,고속터미널,56868,57846,114714
20221112,3호선,교대,8548,4993,13541
20221112,3호선,구파발,16282,16796,33078
20221112,3호선,금호,6253,5640,11893
20221112,3호선,남부터미널,24287,24587,48874
20221112,3호선,녹번,11554,10271,21825
20221112,3호선,대청,6409,5959,12368
20221112,3호선,대치,9298,8618,17916
20221112,3호선,도곡,3733,3638,7371
20221112,3호선,독립문,7048,7210,14258
20221112,3호선,동대입구,9211,10277,19488
20221112,3호선,매봉,6779,6568,13347
20221112,3호선,무악재,3463,3440,6903
20221112,3호선,불광,13505,14992,28497
20221112,3호선,수서,15955,15671,31626
20221112,3호선,신사,24780,26387,51167
20221112,3호선,안국,29217,29485,58702
20221112,3호선,압구정,27679,29576,57255
20221112,3호선,약수,10064,9583,19647
20221112,3호선,양재,23814,25569,49383
20221112,3호선,연신내,29886,28389,58275
20221112,3호선,오금,4044,3836,7880
20221112,3호선,옥수,7256,7443,14699
20221112,3호선,을지로3가,7551,7572,15123
20221112,3호선,일원,5835,5732,11567
20221112,3호선,잠원,3855,3689,7544
20221112,3호선,종로3가,7176,9748,16924
20221112,3호선,지축,4192,3902,8094
20221112,3호선,학여울,3113,3173,6286
20221112,3호선,홍제,14560,14293,28853
20221112,4호선,길음,16584,16068,32652
20221112,4호선,남태령,1317,729,2046
20221112,4호선,노원,16466,18266,34732
20221112,4호선,당고개,7887,7449,15336
20221112,4호선,동대문,14482,14654,29136
20221112,4호선,동대문역사문화공원,14562,12451,27013
20221112,4호선,동작,1132,1277,2409
20221112,4호선,명동,25662,26796,52458
20221112,4호선,미아,11757,11038,22795
20221112,4호선,미아사거리,23201,22462,45663
20221112,4호선,사당,25386,22505,47891
20221112,4호선,삼각지,8893,10582,19475
20221112,4호선,상계,14732,13669,28401
20221112,4호선,서울역,8657,20761,29418
20221112,4호선,성신여대입구,18414,17635,36049
20221112,4호선,수유,28187,28074,56261
20221112,4호선,숙대입구,12031,11309,23340
20221112,4호선,신용산,14478,15041,29519
20221112,4호선,쌍문,22795,20366,43161
20221112,4호선,이촌,10803,11093,21896
20221112,4호선,창동,20595,21418,42013
20221112,4호선,총신대입구,15328,17085,32413
20221112,4호선,충무로,17907,18096,36003
20221112,4호선,한성대입구,12437,12221,24658
20221112,4호선,혜화,36369,37243,73612
20221112,4호선,회현,25239,23145,48384
20221112,5호선,강동,14101,13654,27755
20221112,5호선,강일,3714,3201,6915
20221112,5호선,개롱,4710,4964,9674
20221112,5호선,개화산,3831,3649,7480
20221112,5호선,거여,6818,6297,13115
20221112,5호선,고덕,6832,6624,13456
20221112,5호선,공덕,8272,8750,17022
20221112,5호선,광나루,12024,11042,23066
20221112,5호선,광화문,25840,26233,52073
20221112,5호선,군자,8844,10087,18931
20221112,5호선,굽은다리,7506,7272,14778
20221112,5호선,길동,6310,6377,12687
20221112,5호선,김포공항,7642,7448,15090
20221112,5호선,까치산,22222,20992,43214
20221112,5호선,답십리,11080,10173,21253
20221112,5호선,동대문역사문화공원,1489,1929,3418
20221112,5호선,둔촌동,6337,6513,12850
20221112,5호선,마곡,5747,5901,11648
20221112,5호선,마장,4339,4229,8568
20221112,5호선,마천,5069,5066,10135
20221112,5호선,마포,8740,8873,17613
20221112,5호선,명일,6655,6508,13163
20221112,5호선,목동,11834,11979,23813
20221112,5호선,미사,13150,13233,26383
20221112,5호선,발산,15591,16826,32417
20221112,5호선,방이,5757,5496,11253
20221112,5호선,방화,4973,4738,9711
20221112,5호선,상일동,9623,9405,19028
20221112,5호선,서대문,10849,11066,21915
20221112,5호선,송정,5187,4986,10173
20221112,5호선,신금호,4628,4722,9350
20221112,5호선,신길,3118,3283,6401
20221112,5호선,신정,9288,8112,17400
20221112,5호선,아차산,12656,12161,24817
20221112,5호선,애오개,4121,4081,8202
20221112,5호선,양평,3890,3741,7631
20221112,5호선,여의나루,9712,15594,25306
20221112,5호선,여의도,18154,16598,34752
20221112,5호선,영등포구청,2219,2208,4427
20221112,5호선,영등포시장,9566,10228,19794
20221112,5호선,오금,2157,1999,4156
20221112,5호선,오목교,17619,18168,35787
20221112,5호선,올림픽공원,4815,4287,9102
20221112,5호선,왕십리,3808,4473,8281
20221112,5호선,우장산,10258,10144,20402
20221112,5호선,을지로4가,3997,4740,8737
20221112,5호선,장한평,12542,12124,24666
20221112,5호선,종로3가,16218,15727,31945
20221112,5호선,천호,17627,16734,34361
20221112,5호선,청구,2566,2519,5085
20221112,5호선,충정로,2497,2194,4691
20221112,5호선,하남검단산,5366,5442,10808
20221112,5호선,하남시청,6066,5776,11842
20221112,5호선,하남풍산,2907,2983,5890
20221112,5호선,행당,6015,5328,11343
20221112,5호선,화곡,21426,19554,40980
20221112,6호선,고려대,6756,6450,13206
20221112,6호선,공덕,11206,10727,21933
20221112,6호선,광흥창,5684,5346,11030
20221112,6호선,구산,5667,4507,10174
20221112,6호선,녹사평,4884,4963,9847
20221112,6호선,대흥,6375,6399,12774
20221112,6호선,독바위,2051,2352,4403
20221112,6호선,돌곶이,6805,6213,13018
20221112,6호선,동묘앞,8586,8242,16828
20221112,6호선,디지털미디어시티,8342,8868,17210
20221112,6호선,마포구청,10486,9432,19918
20221112,6호선,망원,13561,14755,28316
20221112,6호선,버티고개,1577,1707,3284
20221112,6호선,보문,5662,5374,11036
20221112,6호선,봉화산,5653,5633,11286
20221112,6호선,불광,3937,3473,7410
20221112,6호선,삼각지,8024,6233,14257
20221112,6호선,상수,10746,12884,23630
20221112,6호선,상월곡,4373,3790,8163
20221112,6호선,새절,9020,8676,17696
20221112,6호선,석계,9129,9376,18505
20221112,6호선,신당,6251,5862,12113
20221112,6호선,안암,8643,8205,16848
20221112,6호선,약수,2628,2826,5454
20221112,6호선,역촌,2901,3329,6230
20221112,6호선,월곡,7954,7660,15614
20221112,6호선,월드컵경기장,6270,6491,12761
20221112,6호선,응암,13131,13212,26343
20221112,6호선,이태원,9919,10576,20495
20221112,6호선,증산,7675,7648,15323
20221112,6호선,창신,2367,2111,4478
20221112,6호선,청구,2573,2510,5083
20221112,6호선,태릉입구,4471,4764,9235
20221112,6호선,한강진,10332,11506,21838
20221112,6호선,합정,13737,12948,26685
20221112,6호선,화랑대,8042,6284,14326
20221112,6호선,효창공원앞,5498,4968,10466
20221112,7호선,가산디지털단지,15888,13940,29828
20221112,7호선,강남구청,10937,12274,23211
20221112,7호선,건대입구,11746,12935,24681
20221112,7호선,고속터미널,18533,13550,32083
20221112,7호선,공릉,9533,9145,18678
20221112,7호선,광명사거리,16941,16633,33574
20221112,7호선,군자,11474,8555,20029
20221112,7호선,남구로,8621,9378,17999
20221112,7호선,남성,8220,7668,15888
20221112,7호선,내방,8395,8315,16710
20221112,7호선,노원,16570,16403,32973
20221112,7호선,논현,10193,11077,21270
20221112,7호선,대림,7967,8550,16517
20221112,7호선,도봉산,6824,9170,15994
20221112,7호선,뚝섬유원지,6087,5852,11939
20221112,7호선,마들,9301,8713,18014
20221112,7호선,먹골,7903,7510,15413
20221112,7호선,면목,11360,10775,22135
20221112,7호선,반포,5057,4895,9952
20221112,7호선,보라매,5820,5782,11602
20221112,7호선,사가정,12649,12127,24776
20221112,7호선,상도,8816,7932,16748
20221112,7호선,상봉,13997,13302,27299
20221112,7호선,수락산,10408,10269,20677
20221112,7호선,숭실대입구,9622,9511,19133
20221112,7호선,신대방삼거리,11278,10664,21942
20221112,7호선,신풍,8794,8290,17084
20221112,7호선,어린이대공원,11933,11202,23135
20221112,7호선,온수,5770,5761,11531
20221112,7호선,용마산,4569,4629,9198
20221112,7호선,이수,13017,12144,25161
20221112,7호선,장승배기,6928,6666,13594
20221112,7호선,장암,1715,1159,2874
20221112,7호선,중계,10006,9086,19092
20221112,7호선,중곡,7139,6775,13914
20221112,7호선,중화,8256,7803,16059
20221112,7호선,천왕,7365,6902,14267
20221112,7호선,철산,16288,16363,32651
20221112,7호선,청담,12602,13739,26341
20221112,7호선,태릉입구,7362,6415,13777
20221112,7호선,하계,13121,12543,25664
20221112,7호선,학동,12255,13014,25269
20221112,8호선,가락시장,6146,6239,12385
20221112,8호선,강동구청,6509,6529,13038
20221112,8호선,남위례,4339,4480,8819
20221112,8호선,남한산성입구,9573,8481,18054
20221112,8호선,단대오거리,7732,7280,15012
20221112,8호선,모란,3807,3415,7222
20221112,8호선,몽촌토성,4990,5139,10129
20221112,8호선,문정,9374,9545,18919
20221112,8호선,복정,6545,5467,12012
20221112,8호선,산성,4498,4423,8921
20221112,8호선,석촌,6188,7525,13713
20221112,8호선,송파,6457,6543,13000
20221112,8호선,수진,4420,4056,8476
20221112,8호선,신흥,4183,4442,8625
20221112,8호선,암사,12981,11780,24761
20221112,8호선,잠실,15111,16812,31923
20221112,8호선,장지,12961,11703,24664
20221112,8호선,천호,12196,14363,26559
20221112,9호선,가양,15383,14858,30241
20221112,9호선,개화,1612,1314,2926
20221112,9호선,고속터미널,14781,23207,37988
20221112,9호선,공항시장,2322,2440,4762
20221112,9호선,구반포,1422,1386,2808
20221112,9호선,국회의사당,5793,5811,11604
20221112,9호선,김포공항,7841,11028,18869
20221112,9호선,노들,3773,3314,7087
20221112,9호선,노량진,23903,23424,47327
20221112,9호선,당산,14812,13793,28605
20221112,9호선,동작,1531,1279,2810
20221112,9호선,등촌,7542,7432,14974
20221112,9호선,마곡나루,9124,8840,17964
20221112,9호선,사평,2868,2797,5665
20221112,9호선,샛강,3478,3111,6589
20221112,9호선,선유도,4148,4066,8214
20221112,9호선,신논현,26301,26764,53065
20221112,9호선,신목동,2676,2272,4948
20221112,9호선,신반포,3459,3514,6973
20221112,9호선,신방화,4922,4782,9704
20221112,9호선,양천향교,6366,6135,12501
20221112,9호선,여의도,18975,15782,34757
20221112,9호선,염창,12805,11752,24557
20221112,9호선,증미,3729,3518,7247
20221112,9호선,흑석,6752,6642,13394
20221112,9호선2~3단계,둔촌오륜,656,705,1361
20221112,9호선2~3단계,봉은사,13620,14283,27903
20221112,9호선2~3단계,삼성중앙,3606,3711,7317
20221112,9호선2~3단계,삼전,5386,5041,10427
20221112,9호선2~3단계,석촌,7428,6287,13715
20221112,9호선2~3단계,석촌고분,4854,4789,9643
20221112,9호선2~3단계,선정릉,5198,6011,11209
20221112,9호선2~3단계,송파나루,4749,4904,9653
20221112,9호선2~3단계,언주,7152,7165,14317
20221112,9호선2~3단계,올림픽공원,8183,8547,16730
20221112,9호선2~3단계,종합운동장,3608,3309,6917
20221112,9호선2~3단계,중앙보훈병원,5550,5170,10720
20221112,9호선2~3단계,한성백제,2349,2025,4374
20221112,경강선,경기광주,6092,5766,11858
20221112,경강선,곤지암,2313,2382,4695
20221112,경강선,부발,2188,2034,4222
20221112,경강선,삼동,1682,1547,3229
20221112,경강선,세종대왕릉,392,472,864
20221112,경강선,신둔도예촌,1347,1380,2727
20221112,경강선,여주,2682,3060,5742
20221112,경강선,이매,936,751,1687
20221112,경강선,이천,3094,3336,6430
20221112,경강선,초월,2464,2171,4635
20221112,경강선,판교,3682,3460,7142
20221112,경부선,가산디지털단지,6727,9379,16106
20221112,경부선,관악,6330,6319,12649
20221112,경부선,광명,3355,3061,6416
20221112,경부선,구로,14679,15478,30157
20221112,경부선,군포,4373,3986,8359
20221112,경부선,금정,21262,21420,42682
20221112,경부선,금천구청,8842,8799,17641
20221112,경부선,남영,7520,7865,15385
20221112,경부선,노량진,9913,9742,19655
20221112,경부선,당정,4383,4021,8404
20221112,경부선,대방,7840,8934,16774
20221112,경부선,독산,9931,9654,19585
20221112,경부선,두정,6738,6692,13430
20221112,경부선,명학,5289,4616,9905
20221112,경부선,병점,13515,13369,26884
20221112,경부선,서동탄,1120,1189,2309
20221112,경부선,서울역,11522,3224,14746
20221112,경부선,서정리,9240,7164,16404
20221112,경부선,석수,7549,6847,14396
20221112,경부선,성균관대,11664,11620,23284
20221112,경부선,성환,3784,3464,7248
20221112,경부선,세류,2831,2884,5715
20221112,경부선,세마,2559,2294,4853
20221112,경부선,송탄,5651,5088,10739
20221112,경부선,수원,42150,45392,87542
20221112,경부선,신길,6359,5472,11831
20221112,경부선,신도림,3252,3811,7063
20221112,경부선,안양,19368,19303,38671
20221112,경부선,영등포,47286,48415,95701
20221112,경부선,오산,10502,9984,20486
20221112,경부선,오산대,3471,3210,6681
20221112,경부선,용산,46909,48884,95793
20221112,경부선,의왕,6111,5856,11967
20221112,경부선,직산,845,792,1637
20221112,경부선,진위,1186,1031,2217
20221112,경부선,천안,7585,7840,15425
20221112,경부선,평택,15464,15045,30509
20221112,경부선,평택지제,4534,4040,8574
20221112,경부선,화서,6458,6181,12639
20221112,경원선,가능,5467,5220,10687
20221112,경원선,광운대,6007,5980,11987
20221112,경원선,녹양,3711,3586,7297
20221112,경원선,녹천,3429,2917,6346
20221112,경원선,덕계,2779,2600,5379
20221112,경원선,덕정,5176,4739,9915
20221112,경원선,도봉,4882,4609,9491
20221112,경원선,도봉산,8680,5946,14626
20221112,경원선,동두천,1701,2085,3786
20221112,경원선,동두천중앙,2710,2748,5458
20221112,경원선,망월사,6184,6297,12481
20221112,경원선,방학,7774,7589,15363
20221112,경원선,보산,1550,1628,3178
20221112,경원선,서빙고,1868,1838,3706
20221112,경원선,석계,7235,7588,14823
20221112,경원선,소요산,4287,3588,7875
20221112,경원선,신이문,6792,6138,12930
20221112,경원선,양주,6858,6552,13410
20221112,경원선,옥수,32,37,69
20221112,경원선,왕십리,14340,16045,30385
20221112,경원선,외대앞,7307,6707,14014
20221112,경원선,월계,5163,4602,9765
20221112,경원선,응봉,1516,1270,2786
20221112,경원선,의정부,19177,20222,39399
20221112,경원선,이촌,3362,2511,5873
20221112,경원선,지행,6004,5855,11859
20221112,경원선,청량리,18395,18890,37285
20221112,경원선,한남,2860,2805,5665
20221112,경원선,회룡,10196,9925,20121
20221112,경의선,가좌,4429,4276,8705
20221112,경의선,강매,2198,1963,4161
20221112,경의선,곡산,437,426,863
20221112,경의선,공덕,3691,2432,6123
20221112,경의선,금릉,4096,3975,8071
20221112,경의선,금촌,6027,5755,11782
20221112,경의선,능곡,2900,2769,5669
20221112,경의선,디지털미디어시티,2384,2089,4473
20221112,경의선,문산,5123,4733,9856
20221112,경의선,백마,4715,4511,9226
20221112,경의선,서강대,1865,1889,3754
20221112,경의선,서울역,1950,1917,3867
20221112,경의선,수색,1821,1658,3479
20221112,경의선,신촌,500,520,1020
20221112,경의선,야당,6795,6891,13686
20221112,경의선,운정,5309,4975,10284
20221112,경의선,월롱,1845,1552,3397
20221112,경의선,일산,6462,6278,12740
20221112,경의선,임진강,28,54,82
20221112,경의선,탄현,5653,5366,11019
20221112,경의선,파주,1005,784,1789
20221112,경의선,풍산,4424,4300,8724
20221112,경의선,행신,6025,6165,12190
20221112,경의선,홍대입구,2008,2637,4645
20221112,경의선,화전,1354,1221,2575
20221112,경의선,효창공원앞,2074,2275,4349
20221112,경인선,간석,4607,4509,9116
20221112,경인선,개봉,17286,17435,34721
20221112,경인선,구일,5001,4614,9615
20221112,경인선,도원,2277,2236,4513
20221112,경인선,도화,3183,2969,6152
20221112,경인선,동암,13713,13788,27501
20221112,경인선,동인천,11905,11695,23600
20221112,경인선,백운,5949,5882,11831
20221112,경인선,부개,6926,6524,13450
20221112,경인선,부천,29316,30352,59668
20221112,경인선,부평,29792,32641,62433
20221112,경인선,소사,8171,8135,16306
20221112,경인선,송내,19887,19799,39686
20221112,경인선,역곡,20962,20796,41758
20221112,경인선,오류동,9729,8808,18537
20221112,경인선,온수,5239,4819,10058
20221112,경인선,인천,4127,3477,7604
20221112,경인선,제물포,7959,7467,15426
20221112,경인선,주안,17587,15543,33130
20221112,경인선,중동,6889,6459,13348
20221112,경춘선,가평,2154,2520,4674
20221112,경춘선,갈매,2050,1749,3799
20221112,경춘선,강촌,504,677,1181
20221112,경춘선,굴봉산,139,163,302
20221112,경춘선,금곡,1134,1074,2208
20221112,경춘선,김유정,533,650,1183
20221112,경춘선,남춘천,3667,3736,7403
20221112,경춘선,대성리,1642,2001,3643
20221112,경춘선,마석,3520,3198,6718
20221112,경춘선,백양리,88,85,173
20221112,경춘선,별내,2176,2054,4230
20221112,경춘선,사릉,1683,1647,3330
20221112,경춘선,상천,403,394,797
20221112,경춘선,신내,1338,1301,2639
20221112,경춘선,천마산,1350,1314,2664
20221112,경춘선,청평,1682,2110,3792
20221112,경춘선,춘천,1931,1808,3739
20221112,경춘선,퇴계원,2768,2391,5159
20221112,경춘선,평내호평,4771,4556,9327
20221112,공항철도 1호선,검암,5020,4874,9894
20221112,공항철도 1호선,계양,8556,7734,16290
20221112,공항철도 1호선,공덕,1921,3245,5166
20221112,공항철도 1호선,공항화물청사,1310,1313,2623
20221112,공항철도 1호선,김포공항,10793,5197,15990
20221112,공항철도 1호선,디지털미디어시티,7847,7229,15076
20221112,공항철도 1호선,마곡나루,4171,4594,8765
20221112,공항철도 1호선,서울역,12282,11668,23950
20221112,공항철도 1호선,영종,3425,3433,6858
20221112,공항철도 1호선,운서,7455,7708,15163
20221112,공항철도 1호선,인천공항1터미널,9652,9280,18932
20221112,공항철도 1호선,인천공항2터미널,3985,3431,7416
20221112,공항철도 1호선,청라국제도시,4787,4644,9431
20221112,공항철도 1호선,홍대입구,14849,15384,30233
20221112,과천선,경마공원,12363,12415,24778
20221112,과천선,과천,5281,5114,10395
20221112,과천선,대공원,5735,6003,11738
20221112,과천선,범계,21904,21623,43527
20221112,과천선,선바위,5960,5116,11076
20221112,과천선,인덕원,18054,17974,36028
20221112,과천선,정부과천청사,6955,6909,13864
20221112,과천선,평촌,10595,10586,21181
20221112,분당선,가천대,6250,6598,12848
20221112,분당선,강남구청,5676,7002,12678
20221112,분당선,개포동,3027,2936,5963
20221112,분당선,구룡,1529,1386,2915
20221112,분당선,구성,3539,3808,7347
20221112,분당선,기흥,7570,7263,14833
20221112,분당선,대모산입구,3256,3101,6357
20221112,분당선,도곡,5568,5289,10857
20221112,분당선,망포,10124,9322,19446
20221112,분당선,매교,3172,3192,6364
20221112,분당선,매탄권선,3929,3670,7599
20221112,분당선,모란,16329,17023,33352
20221112,분당선,미금,10701,11098,21799
20221112,분당선,보정,1803,1681,3484
20221112,분당선,상갈,3968,4063,8031
20221112,분당선,서울숲,10151,10555,20706
20221112,분당선,서현,19291,19627,38918
20221112,분당선,선릉,5670,8713,14383
20221112,분당선,선정릉,3810,3697,7507
20221112,분당선,수내,9313,9058,18371
20221112,분당선,수서,11702,12090,23792
20221112,분당선,수원,8119,6706,14825
20221112,분당선,수원시청,12019,14336,26355
20221112,분당선,신갈,3050,3040,6090
20221112,분당선,압구정로데오,19357,22847,42204
20221112,분당선,야탑,19253,20632,39885
20221112,분당선,영통,7268,7347,14615
20221112,분당선,오리,7948,6502,14450
20221112,분당선,이매,3975,4019,7994
20221112,분당선,정자,11392,12013,23405
20221112,분당선,죽전,10498,11574,22072
20221112,분당선,청명,3004,3151,6155
20221112,분당선,태평,11385,10722,22107
20221112,분당선,한티,12591,12333,24924
20221112,수인선,고색,2632,2603,5235
20221112,수인선,남동인더스파크,993,952,1945
20221112,수인선,달월,67,67,134
20221112,수인선,사리,4046,3275,7321
20221112,수인선,소래포구,6170,6141,12311
20221112,수인선,송도,2019,1895,3914
20221112,수인선,숭의,2763,2461,5224
20221112,수인선,신포,1434,1500,2934
20221112,수인선,야목,306,231,537
20221112,수인선,어천,935,807,1742
20221112,수인선,연수,4160,4219,8379
20221112,수인선,오목천,2614,2201,4815
20221112,수인선,원인재,3652,3893,7545
20221112,수인선,월곶,2316,2133,4449
20221112,수인선,인천,1189,1930,3119
20221112,수인선,인천논현,4622,4704,9326
20221112,수인선,인하대,4963,4472,9435
20221112,수인선,호구포,2706,2658,5364
20221112,신림선,관악산,2988,3250,6238
20221112,신림선,당곡,3056,2983,6039
20221112,신림선,대방,2494,1589,4083
20221112,신림선,보라매,2614,2230,4844
20221112,신림선,보라매공원,1302,1413,2715
20221112,신림선,보라매병원,3318,3233,6551
20221112,신림선,샛강,1071,1371,2442
20221112,신림선,서울대벤처타운,6707,6096,12803
20221112,신림선,서울지방병무청,2115,2375,4490
20221112,신림선,서원,2379,2132,4511
20221112,신림선,신림,1377,1907,3284
20221112,안산선,고잔,7584,7501,15085
20221112,안산선,대야미,4209,3581,7790
20221112,안산선,반월,3531,3334,6865
20221112,안산선,산본,13291,13841,27132
20221112,안산선,상록수,13308,13299,26607
20221112,안산선,수리산,2992,2643,5635
20221112,안산선,신길온천,1612,1559,3171
20221112,안산선,안산,10517,11255,21772
20221112,안산선,오이도,7486,7747,15233
20221112,안산선,정왕,7447,7217,14664
20221112,안산선,중앙,16589,17745,34334
20221112,안산선,초지,3912,3794,7706
20221112,안산선,한대앞,7835,7852,15687
20221112,우이신설선,4.19민주묘지,2529,2264,4793
20221112,우이신설선,가오리,3219,3007,6226
20221112,우이신설선,보문,1306,1349,2655
20221112,우이신설선,북한산보국문,5217,4799,10016
20221112,우이신설선,북한산우이,3732,4017,7749
20221112,우이신설선,삼양,1534,1600,3134
20221112,우이신설선,삼양사거리,2124,2120,4244
20221112,우이신설선,성신여대입구,3071,3430,6501
20221112,우이신설선,솔밭공원,1990,1900,3890
20221112,우이신설선,솔샘,4015,3701,7716
20221112,우이신설선,신설동,1468,1525,2993
20221112,우이신설선,정릉,3991,3412,7403
20221112,우이신설선,화계,2659,2437,5096
20221112,일산선,대곡,1547,1270,2817
20221112,일산선,대화,11323,10270,21593
20221112,일산선,마두,5596,5751,11347
20221112,일산선,백석,8058,8270,16328
20221112,일산선,삼송,15265,14808,30073
20221112,일산선,원당,8739,8273,17012
20221112,일산선,원흥,8283,7693,15976
20221112,일산선,정발산,7004,7307,14311
20221112,일산선,주엽,7280,7221,14501
20221112,일산선,화정,13161,13789,26950
20221112,장항선,배방,1325,1263,2588
20221112,장항선,봉명,826,804,1630
20221112,장항선,신창,1493,1445,2938
20221112,장항선,쌍용,1919,1764,3683
20221112,장항선,아산,4275,3840,8115
20221112,장항선,온양온천,4737,4934,9671
20221112,장항선,탕정,1069,948,2017
20221112,중앙선,구리,10779,11093,21872
20221112,중앙선,국수,651,732,1383
20221112,중앙선,덕소,4590,4560,9150
20221112,중앙선,도농,8274,7733,16007
20221112,중앙선,도심,1705,1425,3130
20221112,중앙선,망우,6839,6717,13556
20221112,중앙선,상봉,4999,4837,9836
20221112,중앙선,신원,267,196,463
20221112,중앙선,아신,556,622,1178
20221112,중앙선,양수,2049,2144,4193
20221112,중앙선,양원,2130,2043,4173
20221112,중앙선,양정,566,486,1052
20221112,중앙선,양평,2787,2965,5752
20221112,중앙선,오빈,277,295,572
20221112,중앙선,용문,2229,2599,4828
20221112,중앙선,운길산,1038,1043,2081
20221112,중앙선,원덕,374,461,835
20221112,중앙선,중랑,4804,4659,9463
20221112,중앙선,지평,65,75,140
20221112,중앙선,팔당,1119,1257,2376
20221112,중앙선,회기,23525,22546,46071
20221113,1호선,동대문,10165,10269,20434
20221113,1호선,동묘앞,11398,11765,23163
20221113,1호선,서울역,36262,35316,71578
20221113,1호선,시청,11367,10478,21845
20221113,1호선,신설동,8023,7812,15835
20221113,1호선,제기동,10265,10851,21116
20221113,1호선,종각,15651,13755,29406
20221113,1호선,종로3가,17237,14668,31905
20221113,1호선,종로5가,11101,11162,22263
20221113,1호선,청량리,13304,13569,26873
20221113,2호선,강남,34995,33403,68398
20221113,2호선,강변,25221,24561,49782
20221113,2호선,건대입구,27663,28530,56193
20221113,2호선,교대,11168,12441,23609
20221113,2호선,구로디지털단지,27401,26287,53688
20221113,2호선,구의,12245,12222,24467
20221113,2호선,낙성대,16980,17661,34641
20221113,2호선,당산,9637,10369,20006
20221113,2호선,대림,18092,18057,36149
20221113,2호선,도림천,457,474,931
20221113,2호선,동대문역사문화공원,9493,11435,20928
20221113,2호선,뚝섬,11661,11667,23328
20221113,2호선,문래,8510,9054,17564
20221113,2호선,방배,7115,7372,14487
20221113,2호선,봉천,13221,12876,26097
20221113,2호선,사당,24709,27232,51941
20221113,2호선,삼성,24394,23706,48100
20221113,2호선,상왕십리,7357,7203,14560
20221113,2호선,서울대입구,27294,28049,55343
20221113,2호선,서초,13291,12257,25548
20221113,2호선,선릉,14994,13054,28048
20221113,2호선,성수,18399,20044,38443
20221113,2호선,시청,8421,6854,15275
20221113,2호선,신답,757,868,1625
20221113,2호선,신당,8445,9052,17497
20221113,2호선,신대방,16255,15743,31998
20221113,2호선,신도림,33119,33603,66722
20221113,2호선,신림,36489,35642,72131
20221113,2호선,신설동,3047,3147,6194
20221113,2호선,신정네거리,5672,5713,11385
20221113,2호선,신촌,25380,25110,50490
20221113,2호선,아현,5540,5590,11130
20221113,2호선,양천구청,3619,3685,7304
20221113,2호선,역삼,12155,13335,25490
20221113,2호선,영등포구청,8864,9090,17954
20221113,2호선,왕십리,10308,9350,19658
20221113,2호선,용답,1834,1890,3724
20221113,2호선,용두,1050,1037,2087
20221113,2호선,을지로3가,10316,10077,20393
20221113,2호선,을지로4가,5056,4802,9858
20221113,2호선,을지로입구,21185,20201,41386
20221113,2호선,이대,8755,9804,18559
20221113,2호선,잠실,55872,52006,107878
20221113,2호선,잠실나루,5937,6183,12120
20221113,2호선,잠실새내,12032,12134,24166
20221113,2호선,종합운동장,9184,10125,19309
20221113,2호선,충정로,4293,4571,8864
20221113,2호선,한양대,2830,3243,6073
20221113,2호선,합정,24007,26024,50031
20221113,2호선,홍대입구,57651,58403,116054
20221113,3호선,가락시장,4218,4386,8604
20221113,3호선,경복궁,16779,18793,35572
20221113,3호선,경찰병원,2934,3055,5989
20221113,3호선,고속터미널,48711,44825,93536
20221113,3호선,교대,5042,3073,8115
20221113,3호선,구파발,11835,12186,24021
20221113,3호선,금호,4527,4293,8820
20221113,3호선,남부터미널,17630,18506,36136
20221113,3호선,녹번,7769,6953,14722
20221113,3호선,대청,4377,4278,8655
20221113,3호선,대치,5953,5368,11321
20221113,3호선,도곡,2071,2130,4201
20221113,3호선,독립문,4497,4828,9325
20221113,3호선,동대입구,5770,6679,12449
20221113,3호선,매봉,4188,4170,8358
20221113,3호선,무악재,2147,2218,4365
20221113,3호선,불광,9854,10926,20780
20221113,3호선,수서,11419,11584,23003
20221113,3호선,신사,15232,15249,30481
20221113,3호선,안국,18232,19135,37367
20221113,3호선,압구정,15876,16667,32543
20221113,3호선,약수,7106,6906,14012
20221113,3호선,양재,15311,17396,32707
20221113,3호선,연신내,21591,20579,42170
20221113,3호선,오금,3116,3025,6141
20221113,3호선,옥수,5156,5355,10511
20221113,3호선,을지로3가,4279,4011,8290
20221113,3호선,일원,3760,3798,7558
20221113,3호선,잠원,2512,2375,4887
20221113,3호선,종로3가,4535,5661,10196
20221113,3호선,지축,3041,2853,5894
20221113,3호선,학여울,2251,2353,4604
20221113,3호선,홍제,9903,9491,19394
20221113,4호선,길음,11513,11448,22961
20221113,4호선,남태령,850,635,1485
20221113,4호선,노원,12220,13390,25610
20221113,4호선,당고개,5848,5583,11431
20221113,4호선,동대문,7930,8663,16593
20221113,4호선,동대문역사문화공원,11737,10375,22112
20221113,4호선,동작,1072,1042,2114
20221113,4호선,명동,18739,19593,38332
20221113,4호선,미아,8520,8070,16590
20221113,4호선,미아사거리,16462,15608,32070
20221113,4호선,사당,18443,16687,35130
20221113,4호선,삼각지,3550,4902,8452
20221113,4호선,상계,10772,10048,20820
20221113,4호선,서울역,5965,14909,20874
20221113,4호선,성신여대입구,13462,13014,26476
20221113,4호선,수유,21013,20548,41561
20221113,4호선,숙대입구,8678,8451,17129
20221113,4호선,신용산,10016,10362,20378
20221113,4호선,쌍문,16917,15252,32169
20221113,4호선,이촌,7191,7792,14983
20221113,4호선,창동,15402,15894,31296
20221113,4호선,총신대입구,10808,11858,22666
20221113,4호선,충무로,9816,10879,20695
20221113,4호선,한성대입구,8655,8832,17487
20221113,4호선,혜화,27793,29329,57122
20221113,4호선,회현,10336,10576,20912
20221113,5호선,강동,9797,9743,19540
20221113,5호선,강일,2505,2348,4853
20221113,5호선,개롱,3042,3388,6430
20221113,5호선,개화산,2685,2706,5391
20221113,5호선,거여,4858,4562,9420
20221113,5호선,고덕,4393,4212,8605
20221113,5호선,공덕,5268,5420,10688
20221113,5호선,광나루,7909,7811,15720
20221113,5호선,광화문,14230,14367,28597
20221113,5호선,군자,6441,7117,13558
20221113,5호선,굽은다리,5405,5074,10479
20221113,5호선,길동,4079,4196,8275
20221113,5호선,김포공항,6384,6269,12653
20221113,5호선,까치산,16328,15946,32274
20221113,5호선,답십리,7974,7326,15300
20221113,5호선,동대문역사문화공원,954,1078,2032
20221113,5호선,둔촌동,4854,5014,9868
20221113,5호선,마곡,3806,4063,7869
20221113,5호선,마장,3069,2972,6041
20221113,5호선,마천,3784,3944,7728
20221113,5호선,마포,5431,5518,10949
20221113,5호선,명일,5053,5017,10070
20221113,5호선,목동,8380,8453,16833
20221113,5호선,미사,8994,9109,18103
20221113,5호선,발산,9901,10561,20462
20221113,5호선,방이,4473,4120,8593
20221113,5호선,방화,3589,3642,7231
20221113,5호선,상일동,6541,6454,12995
20221113,5호선,서대문,5499,5295,10794
20221113,5호선,송정,3632,3601,7233
20221113,5호선,신금호,2965,3274,6239
20221113,5호선,신길,2235,2349,4584
20221113,5호선,신정,6630,5890,12520
20221113,5호선,아차산,9601,9449,19050
20221113,5호선,애오개,2829,2844,5673
20221113,5호선,양평,2685,2751,5436
20221113,5호선,여의나루,10390,13299,23689
20221113,5호선,여의도,10764,10676,21440
20221113,5호선,영등포구청,1459,1459,2918
20221113,5호선,영등포시장,6462,6898,13360
20221113,5호선,오금,1683,1622,3305
20221113,5호선,오목교,11494,11820,23314
20221113,5호선,올림픽공원,3527,3710,7237
20221113,5호선,왕십리,2588,3000,5588
20221113,5호선,우장산,7161,7301,14462
20221113,5호선,을지로4가,2085,2173,4258
20221113,5호선,장한평,8284,8402,16686
20221113,5호선,종로3가,10876,9551,20427
20221113,5호선,천호,12770,11928,24698
20221113,5호선,청구,1946,1761,3707
20221113,5호선,충정로,1501,1449,2950
20221113,5호선,하남검단산,4453,4260,8713
20221113,5호선,하남시청,4164,3994,8158
20221113,5호선,하남풍산,2198,2242,4440
20221113,5호선,행당,4239,3793,8032
20221113,5호선,화곡,15067,14204,29271
20221113,6호선,고려대,4729,4841,9570
20221113,6호선,공덕,7363,7238,14601
20221113,6호선,광흥창,4401,4194,8595
20221113,6호선,구산,4108,3047,7155
20221113,6호선,녹사평,3251,3021,6272
20221113,6호선,대흥,4240,4548,8788
20221113,6호선,독바위,1484,1763,3247
20221113,6호선,돌곶이,5883,5604,11487
20221113,6호선,동묘앞,6405,6330,12735
20221113,6호선,디지털미디어시티,5867,6246,12113
20221113,6호선,마포구청,7373,6663,14036
20221113,6호선,망원,9965,10696,20661
20221113,6호선,버티고개,1097,1164,2261
20221113,6호선,보문,4308,4134,8442
20221113,6호선,봉화산,4022,3973,7995
20221113,6호선,불광,2964,2729,5693
20221113,6호선,삼각지,5233,4503,9736
20221113,6호선,상수,7101,7979,15080
20221113,6호선,상월곡,3364,3099,6463
20221113,6호선,새절,6699,6425,13124
20221113,6호선,석계,6564,6822,13386
20221113,6호선,신당,3884,4525,8409
20221113,6호선,안암,6328,6979,13307
20221113,6호선,약수,1800,1743,3543
20221113,6호선,역촌,2027,2428,4455
20221113,6호선,월곡,5567,5469,11036
20221113,6호선,월드컵경기장,4320,4555,8875
20221113,6호선,응암,9492,9363,18855
20221113,6호선,이태원,7843,7353,15196
20221113,6호선,증산,5648,5697,11345
20221113,6호선,창신,1622,1524,3146
20221113,6호선,청구,1804,1707,3511
20221113,6호선,태릉입구,3434,3682,7116
20221113,6호선,한강진,7988,8981,16969
20221113,6호선,합정,10344,9379,19723
20221113,6호선,화랑대,5664,5219,10883
20221113,6호선,효창공원앞,3670,3232,6902
20221113,7호선,가산디지털단지,12214,11154,23368
20221113,7호선,강남구청,6335,7141,13476
20221113,7호선,건대입구,7933,8777,16710
20221113,7호선,고속터미널,16324,9433,25757
20221113,7호선,공릉,6505,6812,13317
20221113,7호선,광명사거리,12970,12911,25881
20221113,7호선,군자,8294,6414,14708
20221113,7호선,남구로,7262,7202,14464
20221113,7호선,남성,5681,5800,11481
20221113,7호선,내방,5348,5597,10945
20221113,7호선,노원,11274,11564,22838
20221113,7호선,논현,6016,6031,12047
20221113,7호선,대림,9162,8437,17599
20221113,7호선,도봉산,5202,7195,12397
20221113,7호선,뚝섬유원지,5581,5283,10864
20221113,7호선,마들,6138,5545,11683
20221113,7호선,먹골,5567,5420,10987
20221113,7호선,면목,8165,7900,16065
20221113,7호선,반포,2999,3052,6051
20221113,7호선,보라매,4169,4193,8362
20221113,7호선,사가정,8920,8741,17661
20221113,7호선,상도,6051,6299,12350
20221113,7호선,상봉,9542,8836,18378
20221113,7호선,수락산,7753,7576,15329
20221113,7호선,숭실대입구,6387,6814,13201
20221113,7호선,신대방삼거리,7974,7923,15897
20221113,7호선,신풍,6826,6504,13330
20221113,7호선,어린이대공원,8418,8597,17015
20221113,7호선,온수,4187,4354,8541
20221113,7호선,용마산,3093,3305,6398
20221113,7호선,이수,9047,8349,17396
20221113,7호선,장승배기,4800,4857,9657
20221113,7호선,장암,1252,748,2000
20221113,7호선,중계,7086,6500,13586
20221113,7호선,중곡,5525,5264,10789
20221113,7호선,중화,5820,5690,11510
20221113,7호선,천왕,5420,5264,10684
20221113,7호선,철산,11512,11438,22950
20221113,7호선,청담,7347,8072,15419
20221113,7호선,태릉입구,5354,5202,10556
20221113,7호선,하계,9631,9279,18910
20221113,7호선,학동,7565,8055,15620
20221113,8호선,가락시장,3310,4229,7539
20221113,8호선,강동구청,4421,4527,8948
20221113,8호선,남위례,3012,3112,6124
20221113,8호선,남한산성입구,6990,6499,13489
20221113,8호선,단대오거리,5386,5232,10618
20221113,8호선,모란,2629,2179,4808
20221113,8호선,몽촌토성,4726,5038,9764
20221113,8호선,문정,6117,6369,12486
20221113,8호선,복정,5058,4709,9767
20221113,8호선,산성,2979,3125,6104
20221113,8호선,석촌,4238,5207,9445
20221113,8호선,송파,4363,4313,8676
20221113,8호선,수진,3160,2875,6035
20221113,8호선,신흥,2993,3065,6058
20221113,8호선,암사,9054,8456,17510
20221113,8호선,잠실,11098,12771,23869
20221113,8호선,장지,9146,9263,18409
20221113,8호선,천호,8947,10128,19075
20221113,9호선,가양,12265,11860,24125
20221113,9호선,개화,1195,1004,2199
20221113,9호선,고속터미널,12779,18269,31048
20221113,9호선,공항시장,1796,1951,3747
20221113,9호선,구반포,630,638,1268
20221113,9호선,국회의사당,5678,5321,10999
20221113,9호선,김포공항,6692,9744,16436
20221113,9호선,노들,2960,2655,5615
20221113,9호선,노량진,15512,16776,32288
20221113,9호선,당산,10615,10371,20986
20221113,9호선,동작,1259,1019,2278
20221113,9호선,등촌,5410,5330,10740
20221113,9호선,마곡나루,6369,6494,12863
20221113,9호선,사평,1777,1706,3483
20221113,9호선,샛강,2082,1902,3984
20221113,9호선,선유도,2886,2905,5791
20221113,9호선,신논현,16491,15706,32197
20221113,9호선,신목동,1817,1625,3442
20221113,9호선,신반포,2104,2160,4264
20221113,9호선,신방화,3587,3577,7164
20221113,9호선,양천향교,4278,4517,8795
20221113,9호선,여의도,12748,11187,23935
20221113,9호선,염창,9481,9297,18778
20221113,9호선,증미,2631,2596,5227
20221113,9호선,흑석,4085,4339,8424
20221113,9호선2~3단계,둔촌오륜,620,673,1293
20221113,9호선2~3단계,봉은사,9848,9830,19678
20221113,9호선2~3단계,삼성중앙,2292,2349,4641
20221113,9호선2~3단계,삼전,3787,3632,7419
20221113,9호선2~3단계,석촌,5486,4750,10236
20221113,9호선2~3단계,석촌고분,3389,3206,6595
20221113,9호선2~3단계,선정릉,3292,3727,7019
20221113,9호선2~3단계,송파나루,3352,3637,6989
20221113,9호선2~3단계,언주,4469,4488,8957
20221113,9호선2~3단계,올림픽공원,7750,7709,15459
20221113,9호선2~3단계,종합운동장,3257,2642,5899
20221113,9호선2~3단계,중앙보훈병원,3945,3671,7616
20221113,9호선2~3단계,한성백제,2060,1851,3911
20221113,경강선,경기광주,4342,4382,8724
20221113,경강선,곤지암,1830,1935,3765
20221113,경강선,부발,1742,2198,3940
20221113,경강선,삼동,1110,1055,2165
20221113,경강선,세종대왕릉,372,343,715
20221113,경강선,신둔도예촌,1056,1054,2110
20221113,경강선,여주,2319,2257,4576
20221113,경강선,이매,778,598,1376
20221113,경강선,이천,2412,2507,4919
20221113,경강선,초월,1792,1802,3594
20221113,경강선,판교,2814,2662,5476
20221113,경부선,가산디지털단지,5379,7387,12766
20221113,경부선,관악,5127,4647,9774
20221113,경부선,광명,3390,2394,5784
20221113,경부선,구로,11686,11771,23457
20221113,경부선,군포,3201,3026,6227
20221113,경부선,금정,16432,16425,32857
20221113,경부선,금천구청,6511,6443,12954
20221113,경부선,남영,5093,5449,10542
20221113,경부선,노량진,6529,6397,12926
20221113,경부선,당정,3179,3166,6345
20221113,경부선,대방,5559,6325,11884
20221113,경부선,독산,6603,6728,13331
20221113,경부선,두정,5196,7027,12223
20221113,경부선,명학,3427,3403,6830
20221113,경부선,병점,10406,10908,21314
20221113,경부선,서동탄,837,850,1687
20221113,경부선,서울역,10736,2383,13119
20221113,경부선,서정리,5345,7981,13326
20221113,경부선,석수,5292,4910,10202
20221113,경부선,성균관대,8471,8814,17285
20221113,경부선,성환,3079,3818,6897
20221113,경부선,세류,2258,2074,4332
20221113,경부선,세마,1878,1729,3607
20221113,경부선,송탄,4038,4936,8974
20221113,경부선,수원,36997,35795,72792
20221113,경부선,신길,4925,4551,9476
20221113,경부선,신도림,2544,2887,5431
20221113,경부선,안양,14328,13696,28024
20221113,경부선,영등포,36608,35869,72477
20221113,경부선,오산,8836,9219,18055
20221113,경부선,오산대,2489,2385,4874
20221113,경부선,용산,39328,36541,75869
20221113,경부선,의왕,4490,4469,8959
20221113,경부선,직산,646,747,1393
20221113,경부선,진위,1025,983,2008
20221113,경부선,천안,7403,7820,15223
20221113,경부선,평택,13215,14419,27634
20221113,경부선,평택지제,3256,3319,6575
20221113,경부선,화서,4575,4488,9063
20221113,경원선,가능,4030,3813,7843
20221113,경원선,광운대,4263,4412,8675
20221113,경원선,녹양,3024,2779,5803
20221113,경원선,녹천,2540,2207,4747
20221113,경원선,덕계,1988,1899,3887
20221113,경원선,덕정,3513,3741,7254
20221113,경원선,도봉,3467,3343,6810
20221113,경원선,도봉산,7600,5190,12790
20221113,경원선,동두천,1346,1751,3097
20221113,경원선,동두천중앙,2102,1995,4097
20221113,경원선,망월사,5105,5361,10466
20221113,경원선,방학,6006,5875,11881
20221113,경원선,보산,1343,1512,2855
20221113,경원선,서빙고,1864,1961,3825
20221113,경원선,석계,5234,5789,11023
20221113,경원선,소요산,3703,3351,7054
20221113,경원선,신이문,4845,4576,9421
20221113,경원선,양주,5086,5040,10126
20221113,경원선,옥수,52,26,78
20221113,경원선,왕십리,10113,11272,21385
20221113,경원선,외대앞,5324,5518,10842
20221113,경원선,월계,3835,3524,7359
20221113,경원선,응봉,1143,1094,2237
20221113,경원선,의정부,15580,15672,31252
20221113,경원선,이촌,2570,1985,4555
20221113,경원선,지행,4690,4725,9415
20221113,경원선,청량리,15525,14257,29782
20221113,경원선,한남,1943,1908,3851
20221113,경원선,회룡,7633,7513,15146
20221113,경의선,가좌,3095,3130,6225
20221113,경의선,강매,1515,1470,2985
20221113,경의선,곡산,325,321,646
20221113,경의선,공덕,2366,1737,4103
20221113,경의선,금릉,3035,2939,5974
20221113,경의선,금촌,4691,4930,9621
20221113,경의선,능곡,2284,2223,4507
20221113,경의선,디지털미디어시티,1679,1529,3208
20221113,경의선,문산,3573,3953,7526
20221113,경의선,백마,3725,3468,7193
20221113,경의선,서강대,1425,1514,2939
20221113,경의선,서울역,1302,1204,2506
20221113,경의선,수색,860,949,1809
20221113,경의선,신촌,278,313,591
20221113,경의선,야당,5371,5122,10493
20221113,경의선,운정,3939,3803,7742
20221113,경의선,월롱,1091,2130,3221
20221113,경의선,일산,6089,5646,11735
20221113,경의선,임진강,37,36,73
20221113,경의선,탄현,4456,4037,8493
20221113,경의선,파주,811,715,1526
20221113,경의선,풍산,3700,3447,7147
20221113,경의선,행신,5069,4736,9805
20221113,경의선,홍대입구,1773,2089,3862
20221113,경의선,화전,940,1048,1988
20221113,경의선,효창공원앞,1363,1601,2964
20221113,경인선,간석,3453,3202,6655
20221113,경인선,개봉,12368,12146,24514
20221113,경인선,구일,3324,3234,6558
20221113,경인선,도원,1978,1952,3930
20221113,경인선,도화,2425,2317,4742
20221113,경인선,동암,10733,10292,21025
20221113,경인선,동인천,9625,9426,19051
20221113,경인선,백운,4015,4056,8071
20221113,경인선,부개,5274,4858,10132
20221113,경인선,부천,22553,22106,44659
20221113,경인선,부평,23352,23354,46706
20221113,경인선,소사,6243,6056,12299
20221113,경인선,송내,14460,13710,28170
20221113,경인선,역곡,15318,15336,30654
20221113,경인선,오류동,7607,7017,14624
20221113,경인선,온수,4204,3826,8030
20221113,경인선,인천,3642,3010,6652
20221113,경인선,제물포,5755,5544,11299
20221113,경인선,주안,13141,11560,24701
20221113,경인선,중동,5178,4822,10000
20221113,경춘선,가평,2206,1585,3791
20221113,경춘선,갈매,1442,1263,2705
20221113,경춘선,강촌,652,367,1019
20221113,경춘선,굴봉산,165,122,287
20221113,경춘선,금곡,892,814,1706
20221113,경춘선,김유정,422,425,847
20221113,경춘선,남춘천,2625,3445,6070
20221113,경춘선,대성리,1880,429,2309
20221113,경춘선,마석,2984,2860,5844
20221113,경춘선,백양리,97,74,171
20221113,경춘선,별내,1773,1697,3470
20221113,경춘선,사릉,1331,1273,2604
20221113,경춘선,상천,363,283,646
20221113,경춘선,신내,981,963,1944
20221113,경춘선,천마산,1071,1037,2108
20221113,경춘선,청평,2078,1446,3524
20221113,경춘선,춘천,1793,1752,3545
20221113,경춘선,퇴계원,2086,1885,3971
20221113,경춘선,평내호평,3530,3277,6807
20221113,공항철도 1호선,검암,3938,3882,7820
20221113,공항철도 1호선,계양,6486,6099,12585
20221113,공항철도 1호선,공덕,1527,2320,3847
20221113,공항철도 1호선,공항화물청사,1000,1023,2023
20221113,공항철도 1호선,김포공항,10158,5004,15162
20221113,공항철도 1호선,디지털미디어시티,4594,4666,9260
20221113,공항철도 1호선,마곡나루,3145,3496,6641
20221113,공항철도 1호선,서울역,11491,10610,22101
20221113,공항철도 1호선,영종,2901,2769,5670
20221113,공항철도 1호선,운서,6486,7047,13533
20221113,공항철도 1호선,인천공항1터미널,10005,8996,19001
20221113,공항철도 1호선,인천공항2터미널,3681,3278,6959
20221113,공항철도 1호선,청라국제도시,3690,3493,7183
20221113,공항철도 1호선,홍대입구,12421,11695,24116
20221113,과천선,경마공원,15920,16263,32183
20221113,과천선,과천,4030,3939,7969
20221113,과천선,대공원,4784,4957,9741
20221113,과천선,범계,15577,14929,30506
20221113,과천선,선바위,4372,3721,8093
20221113,과천선,인덕원,13433,13470,26903
20221113,과천선,정부과천청사,5007,4924,9931
20221113,과천선,평촌,7249,7038,14287
20221113,분당선,가천대,4518,5417,9935
20221113,분당선,강남구청,3495,4020,7515
20221113,분당선,개포동,2048,2121,4169
20221113,분당선,구룡,949,1095,2044
20221113,분당선,구성,2502,2701,5203
20221113,분당선,기흥,5304,5107,10411
20221113,분당선,대모산입구,2299,2264,4563
20221113,분당선,도곡,3047,3019,6066
20221113,분당선,망포,6559,6928,13487
20221113,분당선,매교,2158,2160,4318
20221113,분당선,매탄권선,2811,2674,5485
20221113,분당선,모란,11553,11911,23464
20221113,분당선,미금,7294,7741,15035
20221113,분당선,보정,1230,1130,2360
20221113,분당선,복정,1,0,1
20221113,분당선,상갈,2945,3042,5987
20221113,분당선,서울숲,7613,8065,15678
20221113,분당선,서현,14532,14453,28985
20221113,분당선,선릉,3116,4790,7906
20221113,분당선,선정릉,2212,2207,4419
20221113,분당선,수내,6198,5928,12126
20221113,분당선,수서,9236,9242,18478
20221113,분당선,수원,6327,5417,11744
20221113,분당선,수원시청,8297,8430,16727
20221113,분당선,신갈,2120,2222,4342
20221113,분당선,압구정로데오,10996,12216,23212
20221113,분당선,야탑,14661,14989,29650
20221113,분당선,영통,5113,5269,10382
20221113,분당선,오리,5541,4727,10268
20221113,분당선,이매,3455,3554,7009
20221113,분당선,정자,7750,8135,15885
20221113,분당선,죽전,7939,8799,16738
20221113,분당선,청명,2181,2271,4452
20221113,분당선,태평,8581,8116,16697
20221113,분당선,한티,8426,8187,16613
20221113,수인선,고색,1940,1971,3911
20221113,수인선,남동인더스파크,579,626,1205
20221113,수인선,달월,39,55,94
20221113,수인선,사리,2827,2408,5235
20221113,수인선,소래포구,4760,4557,9317
20221113,수인선,송도,1621,1469,3090
20221113,수인선,숭의,2079,1843,3922
20221113,수인선,신포,1267,1193,2460
20221113,수인선,야목,231,184,415
20221113,수인선,어천,715,840,1555
20221113,수인선,연수,3491,3466,6957
20221113,수인선,오목천,1794,1751,3545
20221113,수인선,원인재,2983,3038,6021
20221113,수인선,월곶,1858,1687,3545
20221113,수인선,인천,933,1438,2371
20221113,수인선,인천논현,3141,3179,6320
20221113,수인선,인하대,3424,3476,6900
20221113,수인선,호구포,2224,2235,4459
20221113,신림선,관악산,2607,2907,5514
20221113,신림선,당곡,2316,2324,4640
20221113,신림선,대방,1666,1179,2845
20221113,신림선,보라매,1671,1468,3139
20221113,신림선,보라매공원,1009,1189,2198
20221113,신림선,보라매병원,2141,2234,4375
20221113,신림선,샛강,818,1035,1853
20221113,신림선,서울대벤처타운,4923,4712,9635
20221113,신림선,서울지방병무청,1410,1679,3089
20221113,신림선,서원,1858,1684,3542
20221113,신림선,신림,997,1486,2483
20221113,안산선,고잔,5685,5696,11381
20221113,안산선,대야미,3120,2842,5962
20221113,안산선,반월,2657,2589,5246
20221113,안산선,산본,9581,9996,19577
20221113,안산선,상록수,9963,9862,19825
20221113,안산선,수리산,2233,2076,4309
20221113,안산선,신길온천,1338,1207,2545
20221113,안산선,안산,11617,10503,22120
20221113,안산선,오이도,5938,5657,11595
20221113,안산선,정왕,6386,7038,13424
20221113,안산선,중앙,12912,12448,25360
20221113,안산선,초지,2707,2506,5213
20221113,안산선,한대앞,5871,6049,11920
20221113,우이신설선,4.19민주묘지,2093,1811,3904
20221113,우이신설선,가오리,2370,2269,4639
20221113,우이신설선,보문,1031,1069,2100
20221113,우이신설선,북한산보국문,4157,3685,7842
20221113,우이신설선,북한산우이,3394,3413,6807
20221113,우이신설선,삼양,1182,1150,2332
20221113,우이신설선,삼양사거리,1572,1519,3091
20221113,우이신설선,성신여대입구,2273,2657,4930
20221113,우이신설선,솔밭공원,1383,1369,2752
20221113,우이신설선,솔샘,2904,2709,5613
20221113,우이신설선,신설동,1254,1156,2410
20221113,우이신설선,정릉,3060,2568,5628
20221113,우이신설선,화계,2233,2056,4289
20221113,일산선,대곡,1120,910,2030
20221113,일산선,대화,7809,7083,14892
20221113,일산선,마두,3698,3509,7207
20221113,일산선,백석,5836,5801,11637
20221113,일산선,삼송,11326,11163,22489
20221113,일산선,원당,6315,6037,12352
20221113,일산선,원흥,6069,5778,11847
20221113,일산선,정발산,5651,5586,11237
20221113,일산선,주엽,4881,4811,9692
20221113,일산선,화정,9839,10048,19887
20221113,장항선,배방,925,991,1916
20221113,장항선,봉명,560,664,1224
20221113,장항선,신창,1145,2349,3494
20221113,장항선,쌍용,1415,1603,3018
20221113,장항선,아산,4641,2979,7620
20221113,장항선,온양온천,4151,4009,8160
20221113,장항선,탕정,755,932,1687
20221113,중앙선,구리,7563,7682,15245
20221113,중앙선,국수,639,559,1198
20221113,중앙선,덕소,3421,3436,6857
20221113,중앙선,도농,5713,5493,11206
20221113,중앙선,도심,1274,1094,2368
20221113,중앙선,망우,4826,4775,9601
20221113,중앙선,상봉,3875,3981,7856
20221113,중앙선,신원,257,152,409
20221113,중앙선,아신,518,525,1043
20221113,중앙선,양수,1669,1474,3143
20221113,중앙선,양원,1468,1461,2929
20221113,중앙선,양정,412,343,755
20221113,중앙선,양평,3177,2940,6117
20221113,중앙선,오빈,227,210,437
20221113,중앙선,용문,1870,1609,3479
20221113,중앙선,운길산,839,845,1684
20221113,중앙선,원덕,357,260,617
20221113,중앙선,중랑,3638,3499,7137
20221113,중앙선,지평,59,32,91
20221113,중앙선,팔당,996,977,1973
20221113,중앙선,회기,17848,18372,36220
20221119,1호선,동대문,11202,11035,22237
20221119,1호선,동묘앞,12994,13564,26558
20221119,1호선,서울역,52881,48650,101531
20221119,1호선,시청,22633,28367,51000
20221119,1호선,신설동,11158,10476,21634
20221119,1호선,제기동,16346,16648,32994
20221119,1호선,종각,26112,25379,51491
20221119,1호선,종로3가,28857,26753,55610
20221119,1호선,종로5가,21669,22237,43906
20221119,1호선,청량리,19524,20024,39548
20221119,2호선,강남,60075,61029,121104
20221119,2호선,강변,32845,32166,65011
20221119,2호선,건대입구,41810,45668,87478
20221119,2호선,교대,18542,21361,39903
20221119,2호선,구로디지털단지,38581,38257,76838
20221119,2호선,구의,18112,17303,35415
20221119,2호선,낙성대,23713,21493,45206
20221119,2호선,당산,14514,15935,30449
20221119,2호선,대림,20061,20884,40945
20221119,2호선,도림천,858,850,1708
20221119,2호선,동대문역사문화공원,12999,14642,27641
20221119,2호선,뚝섬,17738,17255,34993
20221119,2호선,문래,14523,15651,30174
20221119,2호선,방배,11407,11677,23084
20221119,2호선,봉천,18765,16739,35504
20221119,2호선,사당,37049,42756,79805
20221119,2호선,삼성,35056,34693,69749
20221119,2호선,상왕십리,10635,9835,20470
20221119,2호선,서울대입구,39814,38330,78144
20221119,2호선,서초,13308,11140,24448
20221119,2호선,선릉,28284,24638,52922
20221119,2호선,성수,26929,31468,58397
20221119,2호선,시청,17500,17232,34732
20221119,2호선,신답,1140,1180,2320
20221119,2호선,신당,12602,13819,26421
20221119,2호선,신대방,21434,20332,41766
20221119,2호선,신도림,45859,46968,92827
20221119,2호선,신림,50121,48157,98278
20221119,2호선,신설동,3927,3677,7604
20221119,2호선,신정네거리,8348,8310,16658
20221119,2호선,신촌,38741,40185,78926
20221119,2호선,아현,8616,7747,16363
20221119,2호선,양천구청,5267,5115,10382
20221119,2호선,역삼,20256,22289,42545
20221119,2호선,영등포구청,14461,15110,29571
20221119,2호선,왕십리,14827,14171,28998
20221119,2호선,용답,2485,2209,4694
20221119,2호선,용두,1889,1794,3683
20221119,2호선,을지로3가,15131,14930,30061
20221119,2호선,을지로4가,9408,10233,19641
20221119,2호선,을지로입구,33569,31617,65186
20221119,2호선,이대,13474,13791,27265
20221119,2호선,잠실,76022,74042,150064
20221119,2호선,잠실나루,8900,8775,17675
20221119,2호선,잠실새내,19163,19730,38893
20221119,2호선,종합운동장,8289,9072,17361
20221119,2호선,충정로,7381,7708,15089
20221119,2호선,한양대,6062,6846,12908
20221119,2호선,합정,33667,39123,72790
20221119,2호선,홍대입구,77828,90561,168389
20221119,3호선,가락시장,7347,7000,14347
20221119,3호선,경복궁,25869,27141,53010
20221119,3호선,경찰병원,4735,4557,9292
20221119,3호선,고속터미널,58131,58076,116207
20221119,3호선,교대,8492,5170,13662
20221119,3호선,구파발,16961,17435,34396
20221119,3호선,금호,6403,5653,12056
20221119,3호선,남부터미널,25246,25250,50496
20221119,3호선,녹번,11949,10359,22308
20221119,3호선,대청,6825,6307,13132
20221119,3호선,대치,9852,9482,19334
20221119,3호선,도곡,3822,3855,7677
20221119,3호선,독립문,7163,7620,14783
20221119,3호선,동대입구,10126,12019,22145
20221119,3호선,매봉,6895,6662,13557
20221119,3호선,무악재,3414,3421,6835
20221119,3호선,불광,13850,15569,29419
20221119,3호선,수서,16280,16203,32483
20221119,3호선,신사,26116,27970,54086
20221119,3호선,안국,26976,30279,57255
20221119,3호선,압구정,28811,31005,59816
20221119,3호선,약수,10165,9628,19793
20221119,3호선,양재,23316,25457,48773
20221119,3호선,연신내,31016,29258,60274
20221119,3호선,오금,4385,4250,8635
20221119,3호선,옥수,7830,7705,15535
20221119,3호선,을지로3가,6757,7242,13999
20221119,3호선,일원,5984,5759,11743
20221119,3호선,잠원,4017,3786,7803
20221119,3호선,종로3가,6980,10329,17309
20221119,3호선,지축,4631,4195,8826
20221119,3호선,충무로,1,0,1
20221119,3호선,학여울,1411,1398,2809
20221119,3호선,홍제,14917,14123,29040
20221119,4호선,길음,17198,16376,33574
20221119,4호선,남태령,1442,771,2213
20221119,4호선,노원,17729,20038,37767
20221119,4호선,당고개,7986,7229,15215
20221119,4호선,동대문,15100,15414,30514
20221119,4호선,동대문역사문화공원,14554,12709,27263
20221119,4호선,동작,1556,1466,3022
20221119,4호선,명동,26188,29673,55861
20221119,4호선,미아,12488,11425,23913
20221119,4호선,미아사거리,24507,23430,47937
20221119,4호선,사당,26222,23452,49674
20221119,4호선,삼각지,7262,7348,14610
20221119,4호선,상계,15697,14320,30017
20221119,4호선,서울역,9438,21604,31042
20221119,4호선,성신여대입구,19048,18236,37284
20221119,4호선,수유,28846,29015,57861
20221119,4호선,숙대입구,15382,13661,29043
20221119,4호선,신용산,16950,15736,32686
20221119,4호선,쌍문,23828,21120,44948
20221119,4호선,이촌,10976,11462,22438
20221119,4호선,창동,21837,22625,44462
20221119,4호선,총신대입구,15839,17446,33285
20221119,4호선,충무로,16435,18091,34526
20221119,4호선,한성대입구,12323,12078,24401
20221119,4호선,혜화,41068,42019,83087
20221119,4호선,회현,24122,24345,48467
20221119,5호선,강동,14529,13718,28247
20221119,5호선,강일,3853,3280,7133
20221119,5호선,개롱,4793,4932,9725
20221119,5호선,개화산,4126,3843,7969
20221119,5호선,거여,7257,6757,14014
20221119,5호선,고덕,7790,7550,15340
20221119,5호선,공덕,8982,9233,18215
20221119,5호선,광나루,12781,12685,25466
20221119,5호선,광화문,22502,23951,46453
20221119,5호선,군자,9385,10311,19696
20221119,5호선,굽은다리,7802,7167,14969
20221119,5호선,길동,6367,6416,12783
20221119,5호선,김포공항,7704,7662,15366
20221119,5호선,까치산,22915,21135,44050
20221119,5호선,답십리,11515,10293,21808
20221119,5호선,동대문역사문화공원,1504,1891,3395
20221119,5호선,둔촌동,6872,7157,14029
20221119,5호선,마곡,6064,6226,12290
20221119,5호선,마장,4413,4240,8653
20221119,5호선,마천,5294,5331,10625
20221119,5호선,마포,8861,9108,17969
20221119,5호선,명일,6721,6744,13465
20221119,5호선,목동,12334,12338,24672
20221119,5호선,미사,13573,13593,27166
20221119,5호선,발산,15361,16818,32179
20221119,5호선,방이,5923,5810,11733
20221119,5호선,방화,5054,4666,9720
20221119,5호선,상일동,10274,9418,19692
20221119,5호선,서대문,9973,9309,19282
20221119,5호선,송정,5289,5036,10325
20221119,5호선,신금호,4637,4861,9498
20221119,5호선,신길,3246,3236,6482
20221119,5호선,신정,9839,8258,18097
20221119,5호선,아차산,14006,13079,27085
20221119,5호선,애오개,4120,3910,8030
20221119,5호선,양평,4170,3714,7884
20221119,5호선,여의나루,16401,19774,36175
20221119,5호선,여의도,15289,15874,31163
20221119,5호선,영등포구청,2377,2266,4643
20221119,5호선,영등포시장,9805,10202,20007
20221119,5호선,오금,2453,2078,4531
20221119,5호선,오목교,17959,18971,36930
20221119,5호선,올림픽공원,4529,4282,8811
20221119,5호선,왕십리,3861,4895,8756
20221119,5호선,우장산,10639,10360,20999
20221119,5호선,을지로4가,4201,4673,8874
20221119,5호선,장한평,12758,12336,25094
20221119,5호선,종로3가,16113,16560,32673
20221119,5호선,천호,18656,18080,36736
20221119,5호선,청구,2805,2549,5354
20221119,5호선,충정로,2185,1908,4093
20221119,5호선,하남검단산,6107,5958,12065
20221119,5호선,하남시청,6421,6093,12514
20221119,5호선,하남풍산,3220,3164,6384
20221119,5호선,행당,6143,5287,11430
20221119,5호선,화곡,21973,19940,41913
20221119,6호선,고려대,7229,6736,13965
20221119,6호선,공덕,12200,11879,24079
20221119,6호선,광흥창,5909,5477,11386
20221119,6호선,구산,6029,4391,10420
20221119,6호선,녹사평,5825,5288,11113
20221119,6호선,대흥,7453,7789,15242
20221119,6호선,독바위,2217,2515,4732
20221119,6호선,돌곶이,7039,6231,13270
20221119,6호선,동묘앞,8471,8452,16923
20221119,6호선,디지털미디어시티,8557,8856,17413
20221119,6호선,마포구청,10506,8986,19492
20221119,6호선,망원,13783,15352,29135
20221119,6호선,버티고개,1587,1738,3325
20221119,6호선,보문,5821,5053,10874
20221119,6호선,봉화산,5939,5758,11697
20221119,6호선,불광,4029,3545,7574
20221119,6호선,삼각지,11490,6805,18295
20221119,6호선,상수,9489,12324,21813
20221119,6호선,상월곡,4642,3907,8549
20221119,6호선,새절,9388,8565,17953
20221119,6호선,석계,9459,9622,19081
20221119,6호선,신내,1,0,1
20221119,6호선,신당,7284,6910,14194
20221119,6호선,안암,9952,9305,19257
20221119,6호선,약수,2786,2821,5607
20221119,6호선,역촌,2929,3462,6391
20221119,6호선,연신내,1,0,1
20221119,6호선,월곡,8392,7931,16323
20221119,6호선,월드컵경기장,6781,7162,13943
20221119,6호선,응암,13682,13445,27127
20221119,6호선,이태원,10713,11424,22137
20221119,6호선,증산,8199,7680,15879
20221119,6호선,창신,2443,2116,4559
20221119,6호선,청구,2701,2525,5226
20221119,6호선,태릉입구,4803,5043,9846
20221119,6호선,한강진,8439,10267,18706
20221119,6호선,합정,14050,13882,27932
20221119,6호선,화랑대,9356,7108,16464
20221119,6호선,효창공원앞,5827,5134,10961
20221119,7호선,가산디지털단지,16176,14456,30632
20221119,7호선,강남구청,11448,12718,24166
20221119,7호선,건대입구,17751,18200,35951
20221119,7호선,고속터미널,18524,13936,32460
20221119,7호선,공릉,9798,9354,19152
20221119,7호선,광명사거리,17401,17379,34780
20221119,7호선,군자,11814,8616,20430
20221119,7호선,남구로,8947,9329,18276
20221119,7호선,남성,8335,7562,15897
20221119,7호선,내방,8676,8581,17257
20221119,7호선,노원,17233,17914,35147
20221119,7호선,논현,10954,11485,22439
20221119,7호선,대림,7636,8561,16197
20221119,7호선,도봉산,7794,9677,17471
20221119,7호선,뚝섬유원지,9111,8411,17522
20221119,7호선,마들,9781,8638,18419
20221119,7호선,먹골,8209,7705,15914
20221119,7호선,면목,11832,10783,22615
20221119,7호선,반포,5387,5049,10436
20221119,7호선,보라매,5822,5892,11714
20221119,7호선,사가정,13243,12448,25691
20221119,7호선,상도,8991,8194,17185
20221119,7호선,상봉,14340,13685,28025
20221119,7호선,수락산,10817,10546,21363
20221119,7호선,숭실대입구,11814,10929,22743
20221119,7호선,신대방삼거리,11431,10435,21866
20221119,7호선,신풍,8734,8390,17124
20221119,7호선,어린이대공원,15427,15322,30749
20221119,7호선,온수,6004,5924,11928
20221119,7호선,용마산,4930,5192,10122
20221119,7호선,이수,13534,12906,26440
20221119,7호선,장승배기,7075,6654,13729
20221119,7호선,장암,1922,1383,3305
20221119,7호선,중계,11172,9964,21136
20221119,7호선,중곡,7511,6818,14329
20221119,7호선,중화,8541,8092,16633
20221119,7호선,천왕,7699,7173,14872
20221119,7호선,철산,16740,17035,33775
20221119,7호선,청담,13371,14671,28042
20221119,7호선,태릉입구,7815,7094,14909
20221119,7호선,하계,13809,12573,26382
20221119,7호선,학동,12453,13343,25796
20221119,8호선,가락시장,6347,6784,13131
20221119,8호선,강동구청,6664,6421,13085
20221119,8호선,남위례,4570,4749,9319
20221119,8호선,남한산성입구,10383,8937,19320
20221119,8호선,단대오거리,8445,7723,16168
20221119,8호선,모란,6011,5169,11180
20221119,8호선,몽촌토성,5383,5371,10754
20221119,8호선,문정,9501,9660,19161
20221119,8호선,복정,6819,5686,12505
20221119,8호선,산성,4672,4629,9301
20221119,8호선,석촌,6214,7882,14096
20221119,8호선,송파,6424,6008,12432
20221119,8호선,수진,4776,4547,9323
20221119,8호선,신흥,4349,4339,8688
20221119,8호선,암사,13559,12066,25625
20221119,8호선,잠실,15403,17776,33179
20221119,8호선,장지,13590,12166,25756
20221119,8호선,천호,12978,15299,28277
20221119,9호선,가양,15999,15063,31062
20221119,9호선,개화,1622,1292,2914
20221119,9호선,고속터미널,16054,23785,39839
20221119,9호선,공항시장,2308,2467,4775
20221119,9호선,구반포,1157,1271,2428
20221119,9호선,국회의사당,5963,6254,12217
20221119,9호선,김포공항,7954,11272,19226
20221119,9호선,노들,3949,3249,7198
20221119,9호선,노량진,24208,24088,48296
20221119,9호선,당산,15013,13901,28914
20221119,9호선,동작,1583,1391,2974
20221119,9호선,등촌,7835,7286,15121
20221119,9호선,마곡나루,9713,9272,18985
20221119,9호선,사평,2690,2399,5089
20221119,9호선,샛강,3506,3083,6589
20221119,9호선,선유도,4259,3935,8194
20221119,9호선,신논현,27967,28082,56049
20221119,9호선,신목동,2881,2410,5291
20221119,9호선,신반포,3325,3228,6553
20221119,9호선,신방화,5201,4724,9925
20221119,9호선,양천향교,6187,5759,11946
20221119,9호선,여의도,17081,16068,33149
20221119,9호선,염창,13431,12397,25828
20221119,9호선,증미,3807,3366,7173
20221119,9호선,흑석,6630,6495,13125
20221119,9호선2~3단계,둔촌오륜,641,784,1425
20221119,9호선2~3단계,봉은사,14222,14855,29077
20221119,9호선2~3단계,삼성중앙,3862,3754,7616
20221119,9호선2~3단계,삼전,5427,5121,10548
20221119,9호선2~3단계,석촌,8238,6816,15054
20221119,9호선2~3단계,석촌고분,4966,4775,9741
20221119,9호선2~3단계,선정릉,5335,6242,11577
20221119,9호선2~3단계,송파나루,4478,5056,9534
20221119,9호선2~3단계,언주,7285,7348,14633
20221119,9호선2~3단계,올림픽공원,10875,10572,21447
20221119,9호선2~3단계,종합운동장,3832,3509,7341
20221119,9호선2~3단계,중앙보훈병원,5606,5098,10704
20221119,9호선2~3단계,한성백제,2318,1949,4267
20221119,경강선,경기광주,6570,6052,12622
20221119,경강선,곤지암,2482,2386,4868
20221119,경강선,부발,2240,2152,4392
20221119,경강선,삼동,1822,1618,3440
20221119,경강선,세종대왕릉,410,441,851
20221119,경강선,신둔도예촌,1451,1428,2879
20221119,경강선,여주,2681,3038,5719
20221119,경강선,이매,982,729,1711
20221119,경강선,이천,3113,3418,6531
20221119,경강선,초월,2660,2414,5074
20221119,경강선,판교,3424,3398,6822
20221119,경부선,가산디지털단지,7525,9776,17301
20221119,경부선,관악,6803,6539,13342
20221119,경부선,광명,3741,3159,6900
20221119,경부선,구로,14892,15588,30480
20221119,경부선,군포,4760,4294,9054
20221119,경부선,금정,21800,21514,43314
20221119,경부선,금천구청,9211,9157,18368
20221119,경부선,남영,8816,8101,16917
20221119,경부선,노량진,10403,10113,20516
20221119,경부선,당정,4559,4334,8893
20221119,경부선,대방,8007,8848,16855
20221119,경부선,독산,10272,9807,20079
20221119,경부선,두정,7237,7204,14441
20221119,경부선,명학,5535,4857,10392
20221119,경부선,병점,14289,13929,28218
20221119,경부선,서동탄,1212,1272,2484
20221119,경부선,서울역,12754,3148,15902
20221119,경부선,서정리,9217,6950,16167
20221119,경부선,석수,7679,6942,14621
20221119,경부선,성균관대,12615,12382,24997
20221119,경부선,성환,3798,3514,7312
20221119,경부선,세류,2951,3029,5980
20221119,경부선,세마,2648,2319,4967
20221119,경부선,송탄,5875,5026,10901
20221119,경부선,수원,43606,47416,91022
20221119,경부선,신길,7077,5939,13016
20221119,경부선,신도림,3397,3779,7176
20221119,경부선,안양,19969,19783,39752
20221119,경부선,영등포,47153,50187,97340
20221119,경부선,오산,10785,10114,20899
20221119,경부선,오산대,3531,3187,6718
20221119,경부선,용산,48419,49204,97623
20221119,경부선,의왕,6248,6164,12412
20221119,경부선,직산,904,806,1710
20221119,경부선,진위,1299,1174,2473
20221119,경부선,천안,8078,8279,16357
20221119,경부선,평택,16136,15762,31898
20221119,경부선,평택지제,4756,4083,8839
20221119,경부선,화서,6818,6473,13291
20221119,경원선,가능,5751,5359,11110
20221119,경원선,광운대,6552,6441,12993
20221119,경원선,녹양,3992,3691,7683
20221119,경원선,녹천,3635,2948,6583
20221119,경원선,덕계,2928,2663,5591
20221119,경원선,덕정,5344,4956,10300
20221119,경원선,도봉,4864,4586,9450
20221119,경원선,도봉산,9236,6782,16018
20221119,경원선,동두천,1895,2406,4301
20221119,경원선,동두천중앙,2879,2853,5732
20221119,경원선,망월사,6365,6584,12949
20221119,경원선,방학,8168,7724,15892
20221119,경원선,보산,2118,2020,4138
20221119,경원선,서빙고,2152,2191,4343
20221119,경원선,석계,7516,8063,15579
20221119,경원선,소요산,4613,3871,8484
20221119,경원선,신이문,6942,6105,13047
20221119,경원선,양주,7182,6542,13724
20221119,경원선,옥수,51,41,92
20221119,경원선,왕십리,16198,17050,33248
20221119,경원선,외대앞,7844,7164,15008
20221119,경원선,월계,5487,4987,10474
20221119,경원선,응봉,1729,1481,3210
20221119,경원선,의정부,19823,21087,40910
20221119,경원선,이촌,3479,2685,6164
20221119,경원선,지행,6759,6524,13283
20221119,경원선,청량리,19002,19473,38475
20221119,경원선,한남,2969,2915,5884
20221119,경원선,회룡,10768,10508,21276
20221119,경의선,가좌,4736,4563,9299
20221119,경의선,강매,2389,2194,4583
20221119,경의선,곡산,457,488,945
20221119,경의선,공덕,3471,2711,6182
20221119,경의선,금릉,4545,4306,8851
20221119,경의선,금촌,6442,6095,12537
20221119,경의선,능곡,3198,3070,6268
20221119,경의선,디지털미디어시티,2464,2180,4644
20221119,경의선,문산,6167,5573,11740
20221119,경의선,백마,5281,4841,10122
20221119,경의선,서강대,2420,2455,4875
20221119,경의선,서울역,2274,2070,4344
20221119,경의선,수색,1934,1815,3749
20221119,경의선,신촌,522,610,1132
20221119,경의선,야당,7511,7807,15318
20221119,경의선,운정,5850,5291,11141
20221119,경의선,월롱,2040,1637,3677
20221119,경의선,일산,7341,6997,14338
20221119,경의선,임진강,94,77,171
20221119,경의선,탄현,6263,5977,12240
20221119,경의선,파주,1076,802,1878
20221119,경의선,풍산,4896,4701,9597
20221119,경의선,행신,6467,6487,12954
20221119,경의선,홍대입구,2330,3175,5505
20221119,경의선,화전,2799,2335,5134
20221119,경의선,효창공원앞,2137,2234,4371
20221119,경인선,간석,4887,4590,9477
20221119,경인선,개봉,18036,17288,35324
20221119,경인선,구일,5482,5027,10509
20221119,경인선,도원,2496,2458,4954
20221119,경인선,도화,3399,3050,6449
20221119,경인선,동암,14437,14496,28933
20221119,경인선,동인천,12866,12727,25593
20221119,경인선,백운,6101,6203,12304
20221119,경인선,부개,7017,6411,13428
20221119,경인선,부천,31160,32166,63326
20221119,경인선,부평,30471,33883,64354
20221119,경인선,소사,8307,7903,16210
20221119,경인선,송내,20938,20161,41099
20221119,경인선,역곡,22530,21546,44076
20221119,경인선,오류동,10166,9275,19441
20221119,경인선,온수,5420,4866,10286
20221119,경인선,인천,5289,4464,9753
20221119,경인선,제물포,8111,7682,15793
20221119,경인선,주안,18392,15822,34214
20221119,경인선,중동,7511,6993,14504
20221119,경춘선,가평,2273,2533,4806
20221119,경춘선,갈매,2086,1826,3912
20221119,경춘선,강촌,785,706,1491
20221119,경춘선,굴봉산,177,229,406
20221119,경춘선,금곡,1203,1127,2330
20221119,경춘선,김유정,529,674,1203
20221119,경춘선,남춘천,3286,3541,6827
20221119,경춘선,대성리,1171,2015,3186
20221119,경춘선,마석,3688,3379,7067
20221119,경춘선,백양리,102,100,202
20221119,경춘선,별내,2461,2305,4766
20221119,경춘선,사릉,1745,1708,3453
20221119,경춘선,상천,327,359,686
20221119,경춘선,신내,1488,1381,2869
20221119,경춘선,천마산,1464,1397,2861
20221119,경춘선,청평,2051,2236,4287
20221119,경춘선,춘천,2056,1836,3892
20221119,경춘선,퇴계원,2817,2506,5323
20221119,경춘선,평내호평,4946,4761,9707
20221119,공항철도 1호선,검암,5527,5341,10868
20221119,공항철도 1호선,계양,9412,8511,17923
20221119,공항철도 1호선,공덕,2004,3362,5366
20221119,공항철도 1호선,공항화물청사,1357,1343,2700
20221119,공항철도 1호선,김포공항,10924,5488,16412
20221119,공항철도 1호선,디지털미디어시티,7885,7233,15118
20221119,공항철도 1호선,마곡나루,4627,5178,9805
20221119,공항철도 1호선,서울역,13047,12172,25219
20221119,공항철도 1호선,영종,3774,3738,7512
20221119,공항철도 1호선,운서,8419,8481,16900
20221119,공항철도 1호선,인천공항1터미널,10520,9727,20247
20221119,공항철도 1호선,인천공항2터미널,3811,3280,7091
20221119,공항철도 1호선,청라국제도시,5285,5089,10374
20221119,공항철도 1호선,홍대입구,15676,16415,32091
20221119,과천선,경마공원,12922,13074,25996
20221119,과천선,과천,5578,4925,10503
20221119,과천선,대공원,6960,7252,14212
20221119,과천선,범계,22627,22691,45318
20221119,과천선,선바위,6205,5210,11415
20221119,과천선,인덕원,19125,18854,37979
20221119,과천선,정부과천청사,7027,10217,17244
20221119,과천선,평촌,11103,10967,22070
20221119,분당선,가천대,7000,7037,14037
20221119,분당선,강남구청,5795,7025,12820
20221119,분당선,개포동,3095,3059,6154
20221119,분당선,구룡,1695,1512,3207
20221119,분당선,구성,3905,4028,7933
20221119,분당선,기흥,7937,7235,15172
20221119,분당선,대모산입구,3901,3409,7310
20221119,분당선,도곡,5885,5330,11215
20221119,분당선,망포,10780,9843,20623
20221119,분당선,매교,3181,3061,6242
20221119,분당선,매탄권선,4057,3740,7797
20221119,분당선,모란,23305,24680,47985
20221119,분당선,미금,11542,12157,23699
20221119,분당선,보정,1939,1810,3749
20221119,분당선,상갈,4244,4208,8452
20221119,분당선,서울숲,11561,12441,24002
20221119,분당선,서현,20206,20558,40764
20221119,분당선,선릉,5819,9499,15318
20221119,분당선,선정릉,3690,3616,7306
20221119,분당선,수내,9757,9133,18890
20221119,분당선,수서,12691,12800,25491
20221119,분당선,수원,8534,7350,15884
20221119,분당선,수원시청,12927,15239,28166
20221119,분당선,신갈,3343,3314,6657
20221119,분당선,압구정로데오,20122,24695,44817
20221119,분당선,야탑,20416,21644,42060
20221119,분당선,영통,8224,7809,16033
20221119,분당선,오리,8792,7295,16087
20221119,분당선,이매,4943,4864,9807
20221119,분당선,정자,12172,12587,24759
20221119,분당선,죽전,12631,13528,26159
20221119,분당선,청명,3209,3074,6283
20221119,분당선,태평,11969,11020,22989
20221119,분당선,한티,13380,13465,26845
20221119,수인선,고색,2960,2844,5804
20221119,수인선,남동인더스파크,1082,992,2074
20221119,수인선,달월,63,68,131
20221119,수인선,사리,4176,3460,7636
20221119,수인선,소래포구,6013,6095,12108
20221119,수인선,송도,2272,2186,4458
20221119,수인선,숭의,2959,2687,5646
20221119,수인선,신포,1704,1680,3384
20221119,수인선,야목,257,237,494
20221119,수인선,어천,985,861,1846
20221119,수인선,연수,4479,4494,8973
20221119,수인선,오목천,2870,2323,5193
20221119,수인선,원인재,4010,4084,8094
20221119,수인선,월곶,2336,2155,4491
20221119,수인선,인천,1336,2291,3627
20221119,수인선,인천논현,4911,4990,9901
20221119,수인선,인하대,5369,5045,10414
20221119,수인선,호구포,2929,2741,5670
20221119,신림선,관악산,3333,3515,6848
20221119,신림선,당곡,3089,2829,5918
20221119,신림선,대방,2432,1541,3973
20221119,신림선,보라매,2458,2058,4516
20221119,신림선,보라매공원,1249,1366,2615
20221119,신림선,보라매병원,3176,3263,6439
20221119,신림선,샛강,1096,1477,2573
20221119,신림선,서울대벤처타운,6690,5959,12649
20221119,신림선,서울지방병무청,1836,1920,3756
20221119,신림선,서원,2490,1984,4474
20221119,신림선,신림,1353,1734,3087
20221119,안산선,고잔,8037,8018,16055
20221119,안산선,대야미,4431,3698,8129
20221119,안산선,반월,3734,3430,7164
20221119,안산선,산본,13838,14919,28757
20221119,안산선,상록수,14129,13724,27853
20221119,안산선,수리산,3136,2729,5865
20221119,안산선,신길온천,1743,1651,3394
20221119,안산선,안산,10797,11488,22285
20221119,안산선,오이도,8435,8359,16794
20221119,안산선,정왕,7613,7598,15211
20221119,안산선,중앙,18019,17944,35963
20221119,안산선,초지,3999,3801,7800
20221119,안산선,한대앞,8451,8189,16640
20221119,우이신설선,4.19민주묘지,2610,2341,4951
20221119,우이신설선,가오리,3274,3087,6361
20221119,우이신설선,보문,1276,1277,2553
20221119,우이신설선,북한산보국문,5649,4733,10382
20221119,우이신설선,북한산우이,4065,4270,8335
20221119,우이신설선,삼양,1616,1687,3303
20221119,우이신설선,삼양사거리,2037,2052,4089
20221119,우이신설선,성신여대입구,3052,3544,6596
20221119,우이신설선,솔밭공원,2076,1820,3896
20221119,우이신설선,솔샘,4393,3794,8187
20221119,우이신설선,신설동,1631,1582,3213
20221119,우이신설선,정릉,4065,3402,7467
20221119,우이신설선,화계,2625,2456,5081
20221119,일산선,대곡,1686,1392,3078
20221119,일산선,대화,12042,10949,22991
20221119,일산선,마두,5691,5725,11416
20221119,일산선,백석,8332,8304,16636
20221119,일산선,삼송,16268,15301,31569
20221119,일산선,원당,9216,8648,17864
20221119,일산선,원흥,8698,7881,16579
20221119,일산선,정발산,6991,7602,14593
20221119,일산선,주엽,7664,7377,15041
20221119,일산선,화정,13872,15198,29070
20221119,장항선,배방,1290,1252,2542
20221119,장항선,봉명,909,861,1770
20221119,장항선,신창,1675,1541,3216
20221119,장항선,쌍용,2197,1950,4147
20221119,장항선,아산,4371,4047,8418
20221119,장항선,온양온천,6143,6223,12366
20221119,장항선,탕정,1107,927,2034
20221119,중앙선,구리,11219,11367,22586
20221119,중앙선,국수,659,670,1329
20221119,중앙선,덕소,4812,4847,9659
20221119,중앙선,도농,8588,7940,16528
20221119,중앙선,도심,1719,1406,3125
20221119,중앙선,망우,7110,6958,14068
20221119,중앙선,상봉,5305,5118,10423
20221119,중앙선,신원,230,202,432
20221119,중앙선,아신,646,712,1358
20221119,중앙선,양수,2243,2230,4473
20221119,중앙선,양원,2300,2109,4409
20221119,중앙선,양정,547,476,1023
20221119,중앙선,양평,2968,3215,6183
20221119,중앙선,오빈,290,315,605
20221119,중앙선,용문,2081,2315,4396
20221119,중앙선,운길산,1271,1221,2492
20221119,중앙선,원덕,389,484,873
20221119,중앙선,중랑,4992,4706,9698
20221119,중앙선,지평,41,56,97
20221119,중앙선,팔당,1294,1521,2815
20221119,중앙선,회기,28084,26142,54226
20221120,1호선,동대문,10750,11189,21939
20221120,1호선,동묘앞,13754,14195,27949
20221120,1호선,서울역,39184,37959,77143
20221120,1호선,시청,12102,11432,23534
20221120,1호선,신설동,8873,8824,17697
20221120,1호선,제기동,10894,11352,22246
20221120,1호선,종각,15878,14242,30120
20221120,1호선,종로3가,18113,15258,33371
20221120,1호선,종로5가,12329,12234,24563
20221120,1호선,청량리,13780,13929,27709
20221120,2호선,강남,37499,36148,73647
20221120,2호선,강변,27617,27286,54903
20221120,2호선,건대입구,29094,30283,59377
20221120,2호선,교대,11936,13301,25237
20221120,2호선,구로디지털단지,27629,26829,54458
20221120,2호선,구의,12577,12562,25139
20221120,2호선,낙성대,17311,18064,35375
20221120,2호선,당산,10267,11223,21490
20221120,2호선,대림,17269,17713,34982
20221120,2호선,도림천,488,578,1066
20221120,2호선,동대문역사문화공원,10134,12320,22454
20221120,2호선,뚝섬,12622,12593,25215
20221120,2호선,문래,9804,10402,20206
20221120,2호선,방배,7524,7935,15459
20221120,2호선,봉천,13533,13099,26632
20221120,2호선,사당,25586,29010,54596
20221120,2호선,삼성,26681,25707,52388
20221120,2호선,상왕십리,7640,7416,15056
20221120,2호선,서울대입구,28520,29166,57686
20221120,2호선,서초,14918,13797,28715
20221120,2호선,선릉,16262,14018,30280
20221120,2호선,성수,19781,22714,42495
20221120,2호선,시청,8953,7471,16424
20221120,2호선,신답,895,916,1811
20221120,2호선,신당,9039,9717,18756
20221120,2호선,신대방,16341,15869,32210
20221120,2호선,신도림,33104,33961,67065
20221120,2호선,신림,37803,37146,74949
20221120,2호선,신설동,3590,3685,7275
20221120,2호선,신정네거리,5831,5801,11632
20221120,2호선,신촌,28557,27700,56257
20221120,2호선,아현,5987,5928,11915
20221120,2호선,양천구청,4000,4174,8174
20221120,2호선,역삼,12724,13921,26645
20221120,2호선,영등포구청,9669,9964,19633
20221120,2호선,왕십리,10785,10280,21065
20221120,2호선,용답,1905,1957,3862
20221120,2호선,용두,1354,1400,2754
20221120,2호선,을지로3가,11112,10897,22009
20221120,2호선,을지로4가,5292,5347,10639
20221120,2호선,을지로입구,23415,21747,45162
20221120,2호선,이대,9036,10319,19355
20221120,2호선,잠실,57508,54629,112137
20221120,2호선,잠실나루,6196,6183,12379
20221120,2호선,잠실새내,15378,14370,29748
20221120,2호선,종합운동장,21636,26242,47878
20221120,2호선,충정로,4636,4903,9539
20221120,2호선,한양대,3076,3630,6706
20221120,2호선,합정,26685,28267,54952
20221120,2호선,홍대입구,61635,61396,123031
20221120,3호선,가락시장,4423,4622,9045
20221120,3호선,경복궁,17933,20623,38556
20221120,3호선,경찰병원,3131,3262,6393
20221120,3호선,고속터미널,50145,46328,96473
20221120,3호선,교대,5030,3072,8102
20221120,3호선,구파발,12690,13528,26218
20221120,3호선,금호,4838,4502,9340
20221120,3호선,남부터미널,17795,18663,36458
20221120,3호선,녹번,8400,7575,15975
20221120,3호선,대청,4754,4766,9520
20221120,3호선,대치,6164,5874,12038
20221120,3호선,도곡,2434,2409,4843
20221120,3호선,독립문,4931,5554,10485
20221120,3호선,동대입구,13506,13628,27134
20221120,3호선,매봉,4627,4641,9268
20221120,3호선,무악재,2384,2478,4862
20221120,3호선,불광,10425,11903,22328
20221120,3호선,수서,12356,12968,25324
20221120,3호선,신사,14939,15449,30388
20221120,3호선,안국,19240,20286,39526
20221120,3호선,압구정,16925,17683,34608
20221120,3호선,약수,7841,7547,15388
20221120,3호선,양재,15944,18041,33985
20221120,3호선,연신내,22332,21032,43364
20221120,3호선,오금,3199,3085,6284
20221120,3호선,옥수,5642,5869,11511
20221120,3호선,을지로3가,4639,4192,8831
20221120,3호선,일원,4085,4132,8217
20221120,3호선,잠원,2570,2461,5031
20221120,3호선,종로3가,4610,5814,10424
20221120,3호선,지축,3204,2970,6174
20221120,3호선,충무로,2,0,2
20221120,3호선,학여울,1084,1109,2193
20221120,3호선,홍제,10572,9957,20529
20221120,4호선,길음,12626,12251,24877
20221120,4호선,남태령,989,648,1637
20221120,4호선,노원,12591,13995,26586
20221120,4호선,당고개,5993,5740,11733
20221120,4호선,동대문,8867,9449,18316
20221120,4호선,동대문역사문화공원,12549,10429,22978
20221120,4호선,동작,1237,1272,2509
20221120,4호선,명동,21144,22667,43811
20221120,4호선,미아,9053,8265,17318
20221120,4호선,미아사거리,17967,17409,35376
20221120,4호선,사당,18842,17195,36037
20221120,4호선,삼각지,3774,4877,8651
20221120,4호선,상계,11700,10789,22489
20221120,4호선,서울역,6113,17611,23724
20221120,4호선,성신여대입구,14204,13746,27950
20221120,4호선,수유,21859,21204,43063
20221120,4호선,숙대입구,10760,9964,20724
20221120,4호선,신용산,11147,11509,22656
20221120,4호선,쌍문,17565,15824,33389
20221120,4호선,이촌,7313,8018,15331
20221120,4호선,창동,16779,17443,34222
20221120,4호선,총신대입구,11358,12546,23904
20221120,4호선,충무로,12398,13628,26026
20221120,4호선,한성대입구,9052,9010,18062
20221120,4호선,혜화,35620,35007,70627
20221120,4호선,회현,11803,12301,24104
20221120,5호선,강동,9941,9836,19777
20221120,5호선,강일,2836,2550,5386
20221120,5호선,개롱,3290,3577,6867
20221120,5호선,개화산,2937,2858,5795
20221120,5호선,거여,5188,4954,10142
20221120,5호선,고덕,5051,5155,10206
20221120,5호선,공덕,5295,5372,10667
20221120,5호선,광나루,9400,9154,18554
20221120,5호선,광화문,15624,16343,31967
20221120,5호선,군자,6903,7568,14471
20221120,5호선,굽은다리,6088,5704,11792
20221120,5호선,길동,4445,4402,8847
20221120,5호선,김포공항,6906,6663,13569
20221120,5호선,까치산,16767,16357,33124
20221120,5호선,답십리,8553,7903,16456
20221120,5호선,동대문역사문화공원,1050,1190,2240
20221120,5호선,둔촌동,5048,4986,10034
20221120,5호선,마곡,3950,4075,8025
20221120,5호선,마장,3206,2993,6199
20221120,5호선,마천,4122,4386,8508
20221120,5호선,마포,5627,5704,11331
20221120,5호선,명일,5485,5456,10941
20221120,5호선,목동,8441,8602,17043
20221120,5호선,미사,9630,9918,19548
20221120,5호선,발산,10125,10776,20901
20221120,5호선,방이,4583,4189,8772
20221120,5호선,방화,3793,3826,7619
20221120,5호선,상일동,6969,6879,13848
20221120,5호선,서대문,6506,6384,12890
20221120,5호선,송정,3774,3767,7541
20221120,5호선,신금호,3201,3511,6712
20221120,5호선,신길,2347,2449,4796
20221120,5호선,신정,6787,6252,13039
20221120,5호선,아차산,11077,11034,22111
20221120,5호선,애오개,2983,3021,6004
20221120,5호선,양평,3005,2967,5972
20221120,5호선,여의나루,13671,15818,29489
20221120,5호선,여의도,10402,10742,21144
20221120,5호선,영등포구청,1684,1623,3307
20221120,5호선,영등포시장,6822,7304,14126
20221120,5호선,오금,1705,1634,3339
20221120,5호선,오목교,13121,13707,26828
20221120,5호선,올림픽공원,3895,3615,7510
20221120,5호선,왕십리,2851,3420,6271
20221120,5호선,우장산,7453,7597,15050
20221120,5호선,을지로4가,2399,2494,4893
20221120,5호선,장한평,9104,8773,17877
20221120,5호선,종로3가,11313,9911,21224
20221120,5호선,천호,14278,13607,27885
20221120,5호선,청구,1973,1894,3867
20221120,5호선,충정로,1663,1659,3322
20221120,5호선,하남검단산,5124,5079,10203
20221120,5호선,하남시청,4461,4254,8715
20221120,5호선,하남풍산,2623,2595,5218
20221120,5호선,행당,4555,4014,8569
20221120,5호선,화곡,15549,14601,30150
20221120,6호선,고려대,4640,4698,9338
20221120,6호선,공덕,7988,7662,15650
20221120,6호선,광흥창,4626,4527,9153
20221120,6호선,구산,4326,3213,7539
20221120,6호선,녹사평,3634,3518,7152
20221120,6호선,대흥,5669,6093,11762
20221120,6호선,독바위,1613,1956,3569
20221120,6호선,돌곶이,6248,5778,12026
20221120,6호선,동묘앞,7215,7006,14221
20221120,6호선,디지털미디어시티,6301,6539,12840
20221120,6호선,마포구청,7787,6879,14666
20221120,6호선,망원,10420,11162,21582
20221120,6호선,버티고개,1119,1258,2377
20221120,6호선,보문,4513,4381,8894
20221120,6호선,봉화산,4492,4305,8797
20221120,6호선,불광,3076,2722,5798
20221120,6호선,삼각지,4686,3590,8276
20221120,6호선,상수,7493,8375,15868
20221120,6호선,상월곡,3542,3236,6778
20221120,6호선,새절,6880,6654,13534
20221120,6호선,석계,7066,7530,14596
20221120,6호선,신당,5074,5614,10688
20221120,6호선,안암,5833,6768,12601
20221120,6호선,약수,1866,1887,3753
20221120,6호선,역촌,2243,2510,4753
20221120,6호선,연신내,1,0,1
20221120,6호선,월곡,6090,6116,12206
20221120,6호선,월드컵경기장,5457,5505,10962
20221120,6호선,응암,10501,10473,20974
20221120,6호선,이태원,8200,7605,15805
20221120,6호선,증산,5834,5998,11832
20221120,6호선,창신,1728,1576,3304
20221120,6호선,청구,1848,1709,3557
20221120,6호선,태릉입구,3514,3821,7335
20221120,6호선,한강진,6412,7442,13854
20221120,6호선,합정,10922,9575,20497
20221120,6호선,화랑대,5780,5185,10965
20221120,6호선,효창공원앞,4051,3500,7551
20221120,7호선,가산디지털단지,12031,11066,23097
20221120,7호선,강남구청,6358,7107,13465
20221120,7호선,건대입구,9017,9738,18755
20221120,7호선,고속터미널,16819,10430,27249
20221120,7호선,공릉,7201,7371,14572
20221120,7호선,광명사거리,13316,13295,26611
20221120,7호선,군자,8803,6765,15568
20221120,7호선,남구로,7422,7230,14652
20221120,7호선,남성,5963,5973,11936
20221120,7호선,내방,5771,5819,11590
20221120,7호선,노원,11548,11756,23304
20221120,7호선,논현,6174,6256,12430
20221120,7호선,대림,8927,8216,17143
20221120,7호선,도봉산,6609,8324,14933
20221120,7호선,뚝섬유원지,7474,6853,14327
20221120,7호선,마들,6654,6065,12719
20221120,7호선,먹골,5871,5746,11617
20221120,7호선,면목,8609,8574,17183
20221120,7호선,반포,3227,3151,6378
20221120,7호선,보라매,3943,4124,8067
20221120,7호선,사가정,9953,9784,19737
20221120,7호선,상도,6166,6562,12728
20221120,7호선,상봉,10436,9797,20233
20221120,7호선,수락산,8632,8621,17253
20221120,7호선,숭실대입구,6772,7040,13812
20221120,7호선,신대방삼거리,8210,8083,16293
20221120,7호선,신풍,6790,6272,13062
20221120,7호선,어린이대공원,9392,9387,18779
20221120,7호선,온수,4318,4369,8687
20221120,7호선,용마산,3821,4155,7976
20221120,7호선,이수,9457,8684,18141
20221120,7호선,장승배기,4779,4923,9702
20221120,7호선,장암,1551,944,2495
20221120,7호선,중계,8062,6803,14865
20221120,7호선,중곡,5674,5388,11062
20221120,7호선,중화,6071,5964,12035
20221120,7호선,천왕,5553,5398,10951
20221120,7호선,철산,11845,11841,23686
20221120,7호선,청담,7835,8435,16270
20221120,7호선,태릉입구,5641,5370,11011
20221120,7호선,하계,10175,9655,19830
20221120,7호선,학동,7881,8397,16278
20221120,8호선,가락시장,3602,4439,8041
20221120,8호선,강동구청,4901,5009,9910
20221120,8호선,남위례,3244,3270,6514
20221120,8호선,남한산성입구,7307,6741,14048
20221120,8호선,단대오거리,5778,5621,11399
20221120,8호선,모란,3005,2306,5311
20221120,8호선,몽촌토성,3803,3916,7719
20221120,8호선,문정,6369,6712,13081
20221120,8호선,복정,5393,4941,10334
20221120,8호선,산성,3277,3388,6665
20221120,8호선,석촌,4475,5772,10247
20221120,8호선,송파,4547,4523,9070
20221120,8호선,수진,3281,2933,6214
20221120,8호선,신흥,3145,3331,6476
20221120,8호선,암사,9649,9038,18687
20221120,8호선,잠실,11500,12758,24258
20221120,8호선,장지,9894,9907,19801
20221120,8호선,천호,9757,10985,20742
20221120,9호선,가양,12833,12409,25242
20221120,9호선,개화,1194,1020,2214
20221120,9호선,고속터미널,13801,19732,33533
20221120,9호선,공항시장,1743,2010,3753
20221120,9호선,구반포,585,585,1170
20221120,9호선,국회의사당,6286,5860,12146
20221120,9호선,김포공항,7273,10339,17612
20221120,9호선,노들,3249,2850,6099
20221120,9호선,노량진,16231,17318,33549
20221120,9호선,당산,10770,10579,21349
20221120,9호선,동작,1373,1170,2543
20221120,9호선,등촌,5555,5520,11075
20221120,9호선,마곡나루,6600,6721,13321
20221120,9호선,사평,1816,1924,3740
20221120,9호선,샛강,2285,2009,4294
20221120,9호선,선유도,3154,3150,6304
20221120,9호선,신논현,17934,16665,34599
20221120,9호선,신목동,2145,1850,3995
20221120,9호선,신반포,2212,2362,4574
20221120,9호선,신방화,3609,3725,7334
20221120,9호선,양천향교,4579,4790,9369
20221120,9호선,여의도,12689,11196,23885
20221120,9호선,염창,9749,9635,19384
20221120,9호선,증미,2748,2570,5318
20221120,9호선,흑석,4492,4732,9224
20221120,9호선2~3단계,둔촌오륜,1128,652,1780
20221120,9호선2~3단계,봉은사,10561,11015,21576
20221120,9호선2~3단계,삼성중앙,2246,2277,4523
20221120,9호선2~3단계,삼전,3983,3829,7812
20221120,9호선2~3단계,석촌,6043,5104,11147
20221120,9호선2~3단계,석촌고분,3698,3771,7469
20221120,9호선2~3단계,선정릉,3511,3981,7492
20221120,9호선2~3단계,송파나루,3300,3756,7056
20221120,9호선2~3단계,언주,4631,4673,9304
20221120,9호선2~3단계,올림픽공원,9691,9867,19558
20221120,9호선2~3단계,종합운동장,4007,3072,7079
20221120,9호선2~3단계,중앙보훈병원,4195,4081,8276
20221120,9호선2~3단계,한성백제,1877,1674,3551
20221120,경강선,경기광주,4579,4567,9146
20221120,경강선,곤지암,1977,2102,4079
20221120,경강선,부발,1827,2457,4284
20221120,경강선,삼동,1194,1134,2328
20221120,경강선,세종대왕릉,315,371,686
20221120,경강선,신둔도예촌,1136,1136,2272
20221120,경강선,여주,2632,2666,5298
20221120,경강선,이매,801,634,1435
20221120,경강선,이천,2388,2522,4910
20221120,경강선,초월,2003,1888,3891
20221120,경강선,판교,2938,2716,5654
20221120,경부선,가산디지털단지,5322,7342,12664
20221120,경부선,관악,5853,5400,11253
20221120,경부선,광명,3361,2324,5685
20221120,경부선,구로,11485,11627,23112
20221120,경부선,군포,3421,3210,6631
20221120,경부선,금정,16606,16991,33597
20221120,경부선,금천구청,6899,6750,13649
20221120,경부선,남영,5645,5988,11633
20221120,경부선,노량진,7193,6842,14035
20221120,경부선,당정,3510,3376,6886
20221120,경부선,대방,6168,6915,13083
20221120,경부선,독산,6936,6781,13717
20221120,경부선,두정,5368,7321,12689
20221120,경부선,명학,3609,3409,7018
20221120,경부선,병점,10897,11513,22410
20221120,경부선,서동탄,916,916,1832
20221120,경부선,서울역,11458,2593,14051
20221120,경부선,서정리,5620,8272,13892
20221120,경부선,석수,5627,5275,10902
20221120,경부선,성균관대,8792,9469,18261
20221120,경부선,성환,2946,3904,6850
20221120,경부선,세류,2585,2402,4987
20221120,경부선,세마,1915,1811,3726
20221120,경부선,송탄,3961,5145,9106
20221120,경부선,수원,38430,37131,75561
20221120,경부선,신길,5379,4741,10120
20221120,경부선,신도림,2781,2949,5730
20221120,경부선,안양,14669,14386,29055
20221120,경부선,영등포,38108,37263,75371
20221120,경부선,오산,8816,9182,17998
20221120,경부선,오산대,2542,2451,4993
20221120,경부선,용산,41277,38063,79340
20221120,경부선,의왕,4620,4628,9248
20221120,경부선,직산,690,785,1475
20221120,경부선,진위,1107,1090,2197
20221120,경부선,천안,7624,7769,15393
20221120,경부선,평택,13455,14795,28250
20221120,경부선,평택지제,3379,3409,6788
20221120,경부선,화서,5034,4862,9896
20221120,경원선,가능,4259,4043,8302
20221120,경원선,광운대,4549,4797,9346
20221120,경원선,녹양,3124,2917,6041
20221120,경원선,녹천,2779,2417,5196
20221120,경원선,덕계,2217,2060,4277
20221120,경원선,덕정,3838,4066,7904
20221120,경원선,도봉,3708,3525,7233
20221120,경원선,도봉산,8832,6675,15507
20221120,경원선,동두천,1497,2061,3558
20221120,경원선,동두천중앙,2567,2462,5029
20221120,경원선,망월사,5111,5208,10319
20221120,경원선,방학,6523,6244,12767
20221120,경원선,보산,1583,1661,3244
20221120,경원선,서빙고,2049,1977,4026
20221120,경원선,석계,5636,5971,11607
20221120,경원선,소요산,4611,4081,8692
20221120,경원선,신이문,5282,4954,10236
20221120,경원선,양주,5619,5567,11186
20221120,경원선,옥수,48,29,77
20221120,경원선,왕십리,12442,13372,25814
20221120,경원선,외대앞,5899,5698,11597
20221120,경원선,월계,4544,4171,8715
20221120,경원선,응봉,1225,1144,2369
20221120,경원선,의정부,16008,15879,31887
20221120,경원선,이촌,2936,2158,5094
20221120,경원선,지행,4983,5217,10200
20221120,경원선,청량리,16276,15528,31804
20221120,경원선,한남,2109,2010,4119
20221120,경원선,회룡,8380,8396,16776
20221120,경의선,가좌,3517,3391,6908
20221120,경의선,강매,1707,1538,3245
20221120,경의선,곡산,347,371,718
20221120,경의선,공덕,2169,1774,3943
20221120,경의선,금릉,3277,3146,6423
20221120,경의선,금촌,4706,5068,9774
20221120,경의선,능곡,2437,2299,4736
20221120,경의선,디지털미디어시티,1695,1593,3288
20221120,경의선,문산,3910,4093,8003
20221120,경의선,백마,3832,3642,7474
20221120,경의선,서강대,2138,2049,4187
20221120,경의선,서울역,1510,1376,2886
20221120,경의선,수색,999,1062,2061
20221120,경의선,신촌,360,392,752
20221120,경의선,야당,5739,5609,11348
20221120,경의선,운정,4110,3923,8033
20221120,경의선,월롱,1037,2129,3166
20221120,경의선,일산,5509,5077,10586
20221120,경의선,임진강,77,49,126
20221120,경의선,탄현,4746,4349,9095
20221120,경의선,파주,811,785,1596
20221120,경의선,풍산,4052,3729,7781
20221120,경의선,행신,5200,4828,10028
20221120,경의선,홍대입구,1970,2392,4362
20221120,경의선,화전,996,1094,2090
20221120,경의선,효창공원앞,1574,1810,3384
20221120,경인선,간석,3510,3225,6735
20221120,경인선,개봉,13089,12988,26077
20221120,경인선,구일,3720,3620,7340
20221120,경인선,도원,1855,1835,3690
20221120,경인선,도화,2430,2335,4765
20221120,경인선,동암,11127,10922,22049
20221120,경인선,동인천,10207,10019,20226
20221120,경인선,백운,4367,4133,8500
20221120,경인선,부개,5381,4931,10312
20221120,경인선,부천,24390,24171,48561
20221120,경인선,부평,23496,23689,47185
20221120,경인선,소사,6188,6152,12340
20221120,경인선,송내,15102,14426,29528
20221120,경인선,역곡,16307,16404,32711
20221120,경인선,오류동,7945,7222,15167
20221120,경인선,온수,4236,3976,8212
20221120,경인선,인천,4598,3875,8473
20221120,경인선,제물포,5864,5696,11560
20221120,경인선,주안,13161,11719,24880
20221120,경인선,중동,5706,5360,11066
20221120,경춘선,가평,2276,1772,4048
20221120,경춘선,갈매,1661,1420,3081
20221120,경춘선,강촌,783,523,1306
20221120,경춘선,굴봉산,300,247,547
20221120,경춘선,금곡,909,848,1757
20221120,경춘선,김유정,557,656,1213
20221120,경춘선,남춘천,2645,3443,6088
20221120,경춘선,대성리,1792,470,2262
20221120,경춘선,마석,2793,2687,5480
20221120,경춘선,백양리,93,87,180
20221120,경춘선,별내,1975,1764,3739
20221120,경춘선,사릉,1452,1367,2819
20221120,경춘선,상천,575,424,999
20221120,경춘선,신내,1121,1096,2217
20221120,경춘선,천마산,1196,1115,2311
20221120,경춘선,청평,1922,1414,3336
20221120,경춘선,춘천,1942,1867,3809
20221120,경춘선,퇴계원,2205,1979,4184
20221120,경춘선,평내호평,3622,3401,7023
20221120,공항철도 1호선,검암,4043,4089,8132
20221120,공항철도 1호선,계양,6932,6394,13326
20221120,공항철도 1호선,공덕,1520,1973,3493
20221120,공항철도 1호선,공항화물청사,1006,1099,2105
20221120,공항철도 1호선,김포공항,9871,5056,14927
20221120,공항철도 1호선,디지털미디어시티,4603,4608,9211
20221120,공항철도 1호선,마곡나루,2904,3378,6282
20221120,공항철도 1호선,서울역,12077,11079,23156
20221120,공항철도 1호선,영종,3014,2922,5936
20221120,공항철도 1호선,운서,6732,7430,14162
20221120,공항철도 1호선,인천공항1터미널,10244,9312,19556
20221120,공항철도 1호선,인천공항2터미널,4025,3635,7660
20221120,공항철도 1호선,청라국제도시,3893,3718,7611
20221120,공항철도 1호선,홍대입구,13348,12125,25473
20221120,과천선,경마공원,16083,16265,32348
20221120,과천선,과천,4137,3780,7917
20221120,과천선,대공원,5561,5798,11359
20221120,과천선,범계,16607,16223,32830
20221120,과천선,선바위,4688,3977,8665
20221120,과천선,인덕원,13984,13763,27747
20221120,과천선,정부과천청사,8094,4890,12984
20221120,과천선,평촌,7648,7346,14994
20221120,분당선,가천대,4665,5581,10246
20221120,분당선,강남구청,3604,4196,7800
20221120,분당선,개포동,2342,2389,4731
20221120,분당선,구룡,1053,1162,2215
20221120,분당선,구성,2702,2790,5492
20221120,분당선,기흥,5650,5306,10956
20221120,분당선,대모산입구,2622,2570,5192
20221120,분당선,도곡,3478,3573,7051
20221120,분당선,망포,7049,7346,14395
20221120,분당선,매교,2355,2275,4630
20221120,분당선,매탄권선,2889,2828,5717
20221120,분당선,모란,12015,12139,24154
20221120,분당선,미금,7726,8374,16100
20221120,분당선,보정,1293,1262,2555
20221120,분당선,상갈,3074,3274,6348
20221120,분당선,서울숲,9255,9758,19013
20221120,분당선,서현,14928,15106,30034
20221120,분당선,선릉,3508,5145,8653
20221120,분당선,선정릉,2359,2400,4759
20221120,분당선,수내,6688,6346,13034
20221120,분당선,수서,10061,9541,19602
20221120,분당선,수원,6375,5549,11924
20221120,분당선,수원시청,8462,8545,17007
20221120,분당선,신갈,2321,2336,4657
20221120,분당선,압구정로데오,11647,12937,24584
20221120,분당선,야탑,15383,15833,31216
20221120,분당선,영통,5556,5687,11243
20221120,분당선,오리,5741,4824,10565
20221120,분당선,이매,4075,4127,8202
20221120,분당선,정자,7995,8557,16552
20221120,분당선,죽전,9491,10527,20018
20221120,분당선,청명,2303,2512,4815
20221120,분당선,태평,8817,8152,16969
20221120,분당선,한티,9129,9474,18603
20221120,수인선,고색,2024,2104,4128
20221120,수인선,남동인더스파크,624,617,1241
20221120,수인선,달월,53,61,114
20221120,수인선,사리,3196,2667,5863
20221120,수인선,소래포구,5333,5020,10353
20221120,수인선,송도,1676,1633,3309
20221120,수인선,숭의,2270,2061,4331
20221120,수인선,신포,1405,1353,2758
20221120,수인선,야목,244,192,436
20221120,수인선,어천,769,867,1636
20221120,수인선,연수,3727,3528,7255
20221120,수인선,오목천,1906,1870,3776
20221120,수인선,원인재,3193,3237,6430
20221120,수인선,월곶,1901,1757,3658
20221120,수인선,인천,1185,1800,2985
20221120,수인선,인천논현,3245,3394,6639
20221120,수인선,인하대,3754,3755,7509
20221120,수인선,호구포,2234,2346,4580
20221120,신림선,관악산,3502,3912,7414
20221120,신림선,당곡,2242,2256,4498
20221120,신림선,대방,1569,1200,2769
20221120,신림선,보라매,1847,1602,3449
20221120,신림선,보라매공원,1065,1152,2217
20221120,신림선,보라매병원,2109,2144,4253
20221120,신림선,샛강,911,1228,2139
20221120,신림선,서울대벤처타운,5201,4868,10069
20221120,신림선,서울지방병무청,1497,1678,3175
20221120,신림선,서원,1802,1784,3586
20221120,신림선,신림,1077,1529,2606
20221120,안산선,고잔,5663,5602,11265
20221120,안산선,대야미,3370,3027,6397
20221120,안산선,반월,2827,2865,5692
20221120,안산선,산본,10091,10695,20786
20221120,안산선,상록수,10232,10250,20482
20221120,안산선,수리산,2436,2253,4689
20221120,안산선,신길온천,1471,1390,2861
20221120,안산선,안산,11986,10529,22515
20221120,안산선,오이도,6451,6208,12659
20221120,안산선,정왕,6221,6864,13085
20221120,안산선,중앙,13667,12626,26293
20221120,안산선,초지,3000,2742,5742
20221120,안산선,한대앞,6180,6194,12374
20221120,우이신설선,4.19민주묘지,2303,2038,4341
20221120,우이신설선,가오리,2623,2492,5115
20221120,우이신설선,보문,1093,1080,2173
20221120,우이신설선,북한산보국문,4230,3814,8044
20221120,우이신설선,북한산우이,3808,3567,7375
20221120,우이신설선,삼양,1298,1306,2604
20221120,우이신설선,삼양사거리,1610,1620,3230
20221120,우이신설선,성신여대입구,2257,2600,4857
20221120,우이신설선,솔밭공원,1627,1542,3169
20221120,우이신설선,솔샘,3258,2969,6227
20221120,우이신설선,신설동,1398,1357,2755
20221120,우이신설선,정릉,3235,2684,5919
20221120,우이신설선,화계,2339,2206,4545
20221120,일산선,대곡,1175,1099,2274
20221120,일산선,대화,8680,7850,16530
20221120,일산선,마두,3824,3839,7663
20221120,일산선,백석,5905,5735,11640
20221120,일산선,삼송,11940,11756,23696
20221120,일산선,원당,6511,6265,12776
20221120,일산선,원흥,6367,6149,12516
20221120,일산선,정발산,5797,5694,11491
20221120,일산선,주엽,5297,5252,10549
20221120,일산선,화정,10511,10226,20737
20221120,장항선,배방,949,1021,1970
20221120,장항선,봉명,611,663,1274
20221120,장항선,신창,1338,2460,3798
20221120,장항선,쌍용,1529,1669,3198
20221120,장항선,아산,4623,3232,7855
20221120,장항선,온양온천,4224,4112,8336
20221120,장항선,탕정,753,878,1631
20221120,중앙선,구리,8340,8573,16913
20221120,중앙선,국수,631,576,1207
20221120,중앙선,덕소,3689,3696,7385
20221120,중앙선,도농,6371,6155,12526
20221120,중앙선,도심,1357,1232,2589
20221120,중앙선,망우,5672,5573,11245
20221120,중앙선,상봉,4091,4207,8298
20221120,중앙선,신원,274,190,464
20221120,중앙선,아신,624,549,1173
20221120,중앙선,양수,1789,1643,3432
20221120,중앙선,양원,1592,1665,3257
20221120,중앙선,양정,470,362,832
20221120,중앙선,양평,2487,2293,4780
20221120,중앙선,오빈,237,209,446
20221120,중앙선,용문,3815,3470,7285
20221120,중앙선,운길산,1080,994,2074
20221120,중앙선,원덕,396,329,725
20221120,중앙선,중랑,3935,3830,7765
20221120,중앙선,지평,62,44,106
20221120,중앙선,팔당,1282,1356,2638
20221120,중앙선,회기,23353,22461,45814
20221126,1호선,동대문,11360,11545,22905
20221126,1호선,동묘앞,12494,12942,25436
20221126,1호선,서울역,49419,47949,97368
20221126,1호선,시청,20562,20941,41503
20221126,1호선,신설동,11038,10434,21472
20221126,1호선,제기동,16162,16416,32578
20221126,1호선,종각,27584,25767,53351
20221126,1호선,종로3가,27895,26796,54691
20221126,1호선,종로5가,23080,22682,45762
20221126,1호선,청량리,19422,19926,39348
20221126,2호선,강남,62174,62902,125076
20221126,2호선,강변,33119,32525,65644
20221126,2호선,건대입구,37919,41839,79758
20221126,2호선,교대,20265,23108,43373
20221126,2호선,구로디지털단지,38805,38478,77283
20221126,2호선,구의,18537,17768,36305
20221126,2호선,낙성대,23555,21547,45102
20221126,2호선,당산,14589,16463,31052
20221126,2호선,대림,19655,20688,40343
20221126,2호선,도림천,840,879,1719
20221126,2호선,동대문역사문화공원,12467,14433,26900
20221126,2호선,뚝섬,17987,17952,35939
20221126,2호선,문래,14986,16391,31377
20221126,2호선,방배,11669,11910,23579
20221126,2호선,봉천,18670,16797,35467
20221126,2호선,사당,39269,43692,82961
20221126,2호선,삼성,48082,47106,95188
20221126,2호선,상왕십리,10949,10125,21074
20221126,2호선,서울대입구,39667,37874,77541
20221126,2호선,서초,13753,11477,25230
20221126,2호선,선릉,28242,24732,52974
20221126,2호선,성수,27491,30653,58144
20221126,2호선,시청,15701,12384,28085
20221126,2호선,신답,1143,1189,2332
20221126,2호선,신당,12223,13230,25453
20221126,2호선,신대방,21206,19906,41112
20221126,2호선,신도림,46537,47346,93883
20221126,2호선,신림,50448,48451,98899
20221126,2호선,신설동,4023,3722,7745
20221126,2호선,신정네거리,7994,7980,15974
20221126,2호선,신촌,37095,37889,74984
20221126,2호선,아현,9005,8255,17260
20221126,2호선,양천구청,5262,5241,10503
20221126,2호선,역삼,20411,22281,42692
20221126,2호선,영등포구청,14620,15512,30132
20221126,2호선,왕십리,15809,14473,30282
20221126,2호선,용답,2379,2187,4566
20221126,2호선,용두,2036,1860,3896
20221126,2호선,을지로3가,14678,14647,29325
20221126,2호선,을지로4가,9549,10202,19751
20221126,2호선,을지로입구,35240,33281,68521
20221126,2호선,이대,15309,16093,31402
20221126,2호선,잠실,80222,78114,158336
20221126,2호선,잠실나루,9144,8674,17818
20221126,2호선,잠실새내,19370,20188,39558
20221126,2호선,종합운동장,9250,10237,19487
20221126,2호선,충정로,7348,7753,15101
20221126,2호선,한양대,13100,13631,26731
20221126,2호선,합정,32466,37284,69750
20221126,2호선,홍대입구,78448,88489,166937
20221126,3호선,가락시장,7172,6965,14137
20221126,3호선,경복궁,25219,25693,50912
20221126,3호선,경찰병원,4620,4435,9055
20221126,3호선,고속터미널,59108,59698,118806
20221126,3호선,교대,8848,5504,14352
20221126,3호선,구파발,16872,17143,34015
20221126,3호선,금호,6330,5787,12117
20221126,3호선,남부터미널,23993,24342,48335
20221126,3호선,녹번,12070,10340,22410
20221126,3호선,대청,6842,6206,13048
20221126,3호선,대치,9655,8911,18566
20221126,3호선,도곡,4121,4408,8529
20221126,3호선,독립문,6977,7490,14467
20221126,3호선,동대입구,10356,11976,22332
20221126,3호선,매봉,7092,6917,14009
20221126,3호선,무악재,3327,3384,6711
20221126,3호선,불광,14043,15445,29488
20221126,3호선,수서,16312,16005,32317
20221126,3호선,신사,26806,28414,55220
20221126,3호선,안국,26532,28372,54904
20221126,3호선,압구정,28936,30925,59861
20221126,3호선,약수,10359,9991,20350
20221126,3호선,양재,23151,25717,48868
20221126,3호선,연신내,30875,29413,60288
20221126,3호선,오금,4076,3913,7989
20221126,3호선,옥수,7768,7669,15437
20221126,3호선,을지로3가,6896,6913,13809
20221126,3호선,일원,6079,5956,12035
20221126,3호선,잠원,3962,3734,7696
20221126,3호선,종로3가,7076,10186,17262
20221126,3호선,지축,4588,4340,8928
20221126,3호선,학여울,1711,1670,3381
20221126,3호선,홍제,14743,13976,28719
20221126,4호선,길음,16998,16313,33311
20221126,4호선,남태령,1590,975,2565
20221126,4호선,노원,16921,19285,36206
20221126,4호선,당고개,8067,7410,15477
20221126,4호선,동대문,15041,15721,30762
20221126,4호선,동대문역사문화공원,14748,12313,27061
20221126,4호선,동작,1339,1386,2725
20221126,4호선,명동,28714,32692,61406
20221126,4호선,미아,12357,11403,23760
20221126,4호선,미아사거리,23771,22673,46444
20221126,4호선,사당,25591,24092,49683
20221126,4호선,삼각지,5180,6902,12082
20221126,4호선,상계,15423,14101,29524
20221126,4호선,서울역,8239,21291,29530
20221126,4호선,성신여대입구,18527,17784,36311
20221126,4호선,수유,29014,28827,57841
20221126,4호선,숙대입구,11664,11098,22762
20221126,4호선,신용산,14048,14883,28931
20221126,4호선,쌍문,23477,20820,44297
20221126,4호선,이촌,11098,11603,22701
20221126,4호선,창동,21277,22282,43559
20221126,4호선,총신대입구,15809,17237,33046
20221126,4호선,충무로,16833,18452,35285
20221126,4호선,한성대입구,12213,11886,24099
20221126,4호선,혜화,36992,38371,75363
20221126,4호선,회현,25332,25495,50827
20221126,5호선,강동,14626,13846,28472
20221126,5호선,강일,3932,3379,7311
20221126,5호선,개롱,5061,5101,10162
20221126,5호선,개화산,4020,3865,7885
20221126,5호선,거여,7241,6784,14025
20221126,5호선,고덕,7068,6865,13933
20221126,5호선,공덕,8793,9156,17949
20221126,5호선,광나루,12790,12197,24987
20221126,5호선,광화문,23452,24030,47482
20221126,5호선,군자,9520,10572,20092
20221126,5호선,굽은다리,7687,7198,14885
20221126,5호선,길동,6480,6583,13063
20221126,5호선,김포공항,7560,7645,15205
20221126,5호선,까치산,22637,21413,44050
20221126,5호선,답십리,11477,10313,21790
20221126,5호선,동대문역사문화공원,1447,1759,3206
20221126,5호선,둔촌동,6615,6615,13230
20221126,5호선,마곡,6411,6450,12861
20221126,5호선,마장,4395,4109,8504
20221126,5호선,마천,5218,5364,10582
20221126,5호선,마포,9317,9337,18654
20221126,5호선,명일,6758,6606,13364
20221126,5호선,목동,12336,12520,24856
20221126,5호선,미사,13506,13651,27157
20221126,5호선,발산,16117,17456,33573
20221126,5호선,방이,5889,5691,11580
20221126,5호선,방화,4849,4630,9479
20221126,5호선,상일동,10165,9548,19713
20221126,5호선,서대문,9677,9425,19102
20221126,5호선,송정,5331,4950,10281
20221126,5호선,신금호,4458,4584,9042
20221126,5호선,신길,3076,3068,6144
20221126,5호선,신정,9703,8128,17831
20221126,5호선,아차산,13269,12544,25813
20221126,5호선,애오개,4221,4049,8270
20221126,5호선,양평,4045,3732,7777
20221126,5호선,여의나루,12895,17371,30266
20221126,5호선,여의도,16182,15308,31490
20221126,5호선,영등포구청,2251,2208,4459
20221126,5호선,영등포시장,9817,10199,20016
20221126,5호선,오금,2295,2111,4406
20221126,5호선,오목교,18186,18852,37038
20221126,5호선,올림픽공원,5220,4765,9985
20221126,5호선,왕십리,3820,4755,8575
20221126,5호선,우장산,10756,10330,21086
20221126,5호선,을지로4가,4101,4662,8763
20221126,5호선,장한평,12851,12337,25188
20221126,5호선,종로3가,16435,16740,33175
20221126,5호선,천호,18176,17560,35736
20221126,5호선,청구,2600,2494,5094
20221126,5호선,충정로,2182,2066,4248
20221126,5호선,하남검단산,5818,5662,11480
20221126,5호선,하남시청,6238,5850,12088
20221126,5호선,하남풍산,2962,2924,5886
20221126,5호선,행당,5972,5247,11219
20221126,5호선,화곡,22159,20084,42243
20221126,6호선,고려대,7433,6799,14232
20221126,6호선,공덕,11640,11186,22826
20221126,6호선,광흥창,5685,5317,11002
20221126,6호선,구산,6046,4584,10630
20221126,6호선,녹사평,4878,5254,10132
20221126,6호선,대흥,6543,6871,13414
20221126,6호선,독바위,2051,2253,4304
20221126,6호선,돌곶이,8377,7346,15723
20221126,6호선,동묘앞,8420,8252,16672
20221126,6호선,디지털미디어시티,8539,9005,17544
20221126,6호선,마포구청,10456,9165,19621
20221126,6호선,망원,14068,15265,29333
20221126,6호선,버티고개,1635,1712,3347
20221126,6호선,보문,5611,5034,10645
20221126,6호선,봉화산,5900,5647,11547
20221126,6호선,불광,3927,3584,7511
20221126,6호선,삼각지,7618,5945,13563
20221126,6호선,상수,9542,12031,21573
20221126,6호선,상월곡,4589,3919,8508
20221126,6호선,새절,9208,8571,17779
20221126,6호선,석계,9789,9929,19718
20221126,6호선,신당,7283,6751,14034
20221126,6호선,안암,9119,8785,17904
20221126,6호선,약수,2725,2859,5584
20221126,6호선,역촌,2826,3232,6058
20221126,6호선,연신내,1,0,1
20221126,6호선,월곡,7924,7663,15587
20221126,6호선,월드컵경기장,5226,5574,10800
20221126,6호선,응암,13783,13351,27134
20221126,6호선,이태원,10592,11405,21997
20221126,6호선,증산,7957,7652,15609
20221126,6호선,창신,2294,2037,4331
20221126,6호선,청구,2563,2411,4974
20221126,6호선,태릉입구,4726,4916,9642
20221126,6호선,한강진,8295,10016,18311
20221126,6호선,합정,13430,13368,26798
20221126,6호선,화랑대,8165,6298,14463
20221126,6호선,효창공원앞,5198,4607,9805
20221126,7호선,가산디지털단지,16343,14689,31032
20221126,7호선,강남구청,11477,12776,24253
20221126,7호선,건대입구,12768,13397,26165
20221126,7호선,고속터미널,18189,13960,32149
20221126,7호선,공릉,10232,9581,19813
20221126,7호선,광명사거리,17232,17122,34354
20221126,7호선,군자,12080,8889,20969
20221126,7호선,남구로,8632,9054,17686
20221126,7호선,남성,8439,7741,16180
20221126,7호선,내방,8699,8636,17335
20221126,7호선,노원,16765,17309,34074
20221126,7호선,논현,10901,11888,22789
20221126,7호선,대림,7896,8550,16446
20221126,7호선,도봉산,6792,9094,15886
20221126,7호선,뚝섬유원지,7444,7024,14468
20221126,7호선,마들,9894,9058,18952
20221126,7호선,먹골,8191,7752,15943
20221126,7호선,면목,11740,11167,22907
20221126,7호선,반포,5203,5044,10247
20221126,7호선,보라매,6105,6021,12126
20221126,7호선,사가정,13248,12434,25682
20221126,7호선,상도,11155,10191,21346
20221126,7호선,상봉,14804,13965,28769
20221126,7호선,수락산,10930,10671,21601
20221126,7호선,숭실대입구,11202,10599,21801
20221126,7호선,신대방삼거리,11516,10546,22062
20221126,7호선,신풍,8964,8281,17245
20221126,7호선,어린이대공원,12737,11882,24619
20221126,7호선,온수,6024,6004,12028
20221126,7호선,용마산,4576,4676,9252
20221126,7호선,이수,13775,12809,26584
20221126,7호선,장승배기,6983,6773,13756
20221126,7호선,장암,1764,1210,2974
20221126,7호선,중계,10170,8898,19068
20221126,7호선,중곡,7569,6954,14523
20221126,7호선,중화,8195,7941,16136
20221126,7호선,천왕,7623,7032,14655
20221126,7호선,철산,17038,16986,34024
20221126,7호선,청담,13039,14555,27594
20221126,7호선,태릉입구,7444,6689,14133
20221126,7호선,하계,13433,12320,25753
20221126,7호선,학동,12817,13614,26431
20221126,8호선,가락시장,6279,6690,12969
20221126,8호선,강동구청,6745,6654,13399
20221126,8호선,남위례,4531,4554,9085
20221126,8호선,남한산성입구,9861,8464,18325
20221126,8호선,단대오거리,8114,7460,15574
20221126,8호선,모란,3797,3448,7245
20221126,8호선,몽촌토성,5083,5226,10309
20221126,8호선,문정,9798,9766,19564
20221126,8호선,복정,6817,5511,12328
20221126,8호선,산성,4540,4534,9074
20221126,8호선,석촌,6405,7862,14267
20221126,8호선,송파,6519,6285,12804
20221126,8호선,수진,4465,4079,8544
20221126,8호선,신흥,4205,4375,8580
20221126,8호선,암사,13365,12163,25528
20221126,8호선,잠실,15842,18073,33915
20221126,8호선,장지,13562,12232,25794
20221126,8호선,천호,12812,15105,27917
20221126,9호선,가양,17511,16449,33960
20221126,9호선,개화,1717,1433,3150
20221126,9호선,고속터미널,16378,24956,41334
20221126,9호선,공항시장,2437,2493,4930
20221126,9호선,구반포,1378,1409,2787
20221126,9호선,국회의사당,5942,6198,12140
20221126,9호선,김포공항,7670,10884,18554
20221126,9호선,노들,3790,3153,6943
20221126,9호선,노량진,23539,23468,47007
20221126,9호선,당산,15578,14644,30222
20221126,9호선,동작,1618,1344,2962
20221126,9호선,등촌,7996,7344,15340
20221126,9호선,마곡나루,9159,8906,18065
20221126,9호선,사평,2794,2484,5278
20221126,9호선,샛강,3352,3057,6409
20221126,9호선,선유도,4294,4036,8330
20221126,9호선,신논현,28828,29169,57997
20221126,9호선,신목동,2941,2463,5404
20221126,9호선,신반포,3557,3520,7077
20221126,9호선,신방화,5048,4604,9652
20221126,9호선,양천향교,6439,6051,12490
20221126,9호선,여의도,17322,15706,33028
20221126,9호선,염창,13586,12390,25976
20221126,9호선,증미,3718,3344,7062
20221126,9호선,흑석,11423,10267,21690
20221126,9호선2~3단계,둔촌오륜,747,801,1548
20221126,9호선2~3단계,봉은사,21211,23478,44689
20221126,9호선2~3단계,삼성중앙,4079,3910,7989
20221126,9호선2~3단계,삼전,5700,5108,10808
20221126,9호선2~3단계,석촌,8012,6765,14777
20221126,9호선2~3단계,석촌고분,4938,4725,9663
20221126,9호선2~3단계,선정릉,5510,6381,11891
20221126,9호선2~3단계,송파나루,4832,5419,10251
20221126,9호선2~3단계,언주,7258,7147,14405
20221126,9호선2~3단계,올림픽공원,11104,11324,22428
20221126,9호선2~3단계,종합운동장,4148,3580,7728
20221126,9호선2~3단계,중앙보훈병원,5545,5026,10571
20221126,9호선2~3단계,한성백제,2302,1863,4165
20221126,경강선,경기광주,6343,5755,12098
20221126,경강선,곤지암,2306,2182,4488
20221126,경강선,부발,2339,2144,4483
20221126,경강선,삼동,1738,1558,3296
20221126,경강선,세종대왕릉,439,466,905
20221126,경강선,신둔도예촌,1403,1374,2777
20221126,경강선,여주,2658,3012,5670
20221126,경강선,이매,911,736,1647
20221126,경강선,이천,3154,3371,6525
20221126,경강선,초월,2581,2279,4860
20221126,경강선,판교,3555,3414,6969
20221126,경부선,가산디지털단지,7176,10018,17194
20221126,경부선,관악,6688,6520,13208
20221126,경부선,광명,3665,3164,6829
20221126,경부선,구로,14714,15846,30560
20221126,경부선,군포,4571,3987,8558
20221126,경부선,금정,22334,22430,44764
20221126,경부선,금천구청,9106,9017,18123
20221126,경부선,남영,7269,7354,14623
20221126,경부선,노량진,9971,10142,20113
20221126,경부선,당정,4564,4169,8733
20221126,경부선,대방,8056,9153,17209
20221126,경부선,독산,10032,9489,19521
20221126,경부선,두정,6898,6788,13686
20221126,경부선,명학,5063,4754,9817
20221126,경부선,병점,14469,13983,28452
20221126,경부선,서동탄,1108,1150,2258
20221126,경부선,서울역,12120,3117,15237
20221126,경부선,서정리,9302,6944,16246
20221126,경부선,석수,7520,6840,14360
20221126,경부선,성균관대,11962,11983,23945
20221126,경부선,성환,3721,3437,7158
20221126,경부선,세류,2948,2959,5907
20221126,경부선,세마,2545,2153,4698
20221126,경부선,송탄,5774,4880,10654
20221126,경부선,수원,42925,47028,89953
20221126,경부선,신길,6618,5672,12290
20221126,경부선,신도림,3222,3736,6958
20221126,경부선,안양,20303,20121,40424
20221126,경부선,영등포,48832,50125,98957
20221126,경부선,오산,10758,9627,20385
20221126,경부선,오산대,3409,3026,6435
20221126,경부선,용산,45276,47158,92434
20221126,경부선,의왕,6065,5926,11991
20221126,경부선,직산,847,761,1608
20221126,경부선,진위,1229,1038,2267
20221126,경부선,천안,7821,8162,15983
20221126,경부선,평택,15761,15516,31277
20221126,경부선,평택지제,4462,4054,8516
20221126,경부선,화서,6597,6459,13056
20221126,경원선,가능,5436,5066,10502
20221126,경원선,광운대,7138,6719,13857
20221126,경원선,녹양,3877,3613,7490
20221126,경원선,녹천,3299,2820,6119
20221126,경원선,덕계,2915,2525,5440
20221126,경원선,덕정,5268,4685,9953
20221126,경원선,도봉,4724,4371,9095
20221126,경원선,도봉산,9191,6243,15434
20221126,경원선,동두천,1923,2295,4218
20221126,경원선,동두천중앙,2679,2773,5452
20221126,경원선,망월사,6408,6408,12816
20221126,경원선,방학,7883,7491,15374
20221126,경원선,보산,2045,1987,4032
20221126,경원선,서빙고,1840,1860,3700
20221126,경원선,석계,7456,7841,15297
20221126,경원선,소요산,3985,3354,7339
20221126,경원선,신이문,7130,6459,13589
20221126,경원선,양주,7203,6677,13880
20221126,경원선,옥수,51,57,108
20221126,경원선,왕십리,15944,16752,32696
20221126,경원선,외대앞,11141,10058,21199
20221126,경원선,월계,5408,4876,10284
20221126,경원선,응봉,1583,1302,2885
20221126,경원선,의정부,19453,21058,40511
20221126,경원선,이촌,3290,2590,5880
20221126,경원선,지행,6532,6407,12939
20221126,경원선,창동,1,0,1
20221126,경원선,청량리,19177,19177,38354
20221126,경원선,한남,2883,2855,5738
20221126,경원선,회룡,10365,10355,20720
20221126,경의선,가좌,4587,4418,9005
20221126,경의선,강매,2260,1962,4222
20221126,경의선,곡산,439,465,904
20221126,경의선,공덕,3489,2547,6036
20221126,경의선,금릉,4615,4277,8892
20221126,경의선,금촌,7159,6771,13930
20221126,경의선,능곡,3092,2928,6020
20221126,경의선,디지털미디어시티,2508,2128,4636
20221126,경의선,문산,8304,7901,16205
20221126,경의선,백마,5282,4756,10038
20221126,경의선,서강대,1859,1963,3822
20221126,경의선,서울역,1764,1866,3630
20221126,경의선,수색,1856,1724,3580
20221126,경의선,신촌,578,541,1119
20221126,경의선,야당,8021,8242,16263
20221126,경의선,운정,6100,5462,11562
20221126,경의선,월롱,1799,1537,3336
20221126,경의선,일산,7142,6966,14108
20221126,경의선,임진강,41,69,110
20221126,경의선,탄현,6227,5874,12101
20221126,경의선,파주,1091,838,1929
20221126,경의선,풍산,4665,4440,9105
20221126,경의선,행신,6176,6300,12476
20221126,경의선,홍대입구,2128,3007,5135
20221126,경의선,화전,1329,1202,2531
20221126,경의선,효창공원앞,2012,2220,4232
20221126,경인선,간석,4749,4425,9174
20221126,경인선,개봉,18014,17479,35493
20221126,경인선,구일,13012,14121,27133
20221126,경인선,도원,2263,2364,4627
20221126,경인선,도화,3246,2984,6230
20221126,경인선,동암,14373,14332,28705
20221126,경인선,동인천,12650,12536,25186
20221126,경인선,백운,5884,5595,11479
20221126,경인선,부개,7013,6494,13507
20221126,경인선,부천,30197,31279,61476
20221126,경인선,부평,30407,33534,63941
20221126,경인선,소사,8113,7908,16021
20221126,경인선,송내,20358,19815,40173
20221126,경인선,역곡,21971,21537,43508
20221126,경인선,오류동,9835,9009,18844
20221126,경인선,온수,5257,4721,9978
20221126,경인선,인천,4477,3776,8253
20221126,경인선,제물포,8019,7513,15532
20221126,경인선,주안,17755,15618,33373
20221126,경인선,중동,7266,6681,13947
20221126,경춘선,가평,2035,2217,4252
20221126,경춘선,갈매,2076,1734,3810
20221126,경춘선,강촌,552,698,1250
20221126,경춘선,굴봉산,148,152,300
20221126,경춘선,금곡,1176,1113,2289
20221126,경춘선,김유정,463,575,1038
20221126,경춘선,남춘천,3411,3624,7035
20221126,경춘선,대성리,897,1082,1979
20221126,경춘선,마석,3568,3306,6874
20221126,경춘선,백양리,87,112,199
20221126,경춘선,별내,2415,2239,4654
20221126,경춘선,사릉,1722,1692,3414
20221126,경춘선,상천,327,309,636
20221126,경춘선,신내,1328,1218,2546
20221126,경춘선,천마산,1441,1324,2765
20221126,경춘선,청평,1822,2039,3861
20221126,경춘선,춘천,2000,1712,3712
20221126,경춘선,퇴계원,2838,2606,5444
20221126,경춘선,평내호평,4894,4640,9534
20221126,공항철도 1호선,검암,4963,4941,9904
20221126,공항철도 1호선,계양,9161,8267,17428
20221126,공항철도 1호선,공덕,2008,3305,5313
20221126,공항철도 1호선,공항화물청사,1307,1322,2629
20221126,공항철도 1호선,김포공항,10356,5781,16137
20221126,공항철도 1호선,디지털미디어시티,7503,6940,14443
20221126,공항철도 1호선,마곡나루,4271,4728,8999
20221126,공항철도 1호선,서울역,12427,11832,24259
20221126,공항철도 1호선,영종,3702,3635,7337
20221126,공항철도 1호선,운서,8046,8003,16049
20221126,공항철도 1호선,인천공항1터미널,10524,9636,20160
20221126,공항철도 1호선,인천공항2터미널,3769,3409,7178
20221126,공항철도 1호선,청라국제도시,5160,4918,10078
20221126,공항철도 1호선,홍대입구,15060,15712,30772
20221126,과천선,경마공원,12516,12696,25212
20221126,과천선,과천,5576,5010,10586
20221126,과천선,대공원,6842,7246,14088
20221126,과천선,범계,23036,22832,45868
20221126,과천선,선바위,6510,5287,11797
20221126,과천선,인덕원,20206,19895,40101
20221126,과천선,정부과천청사,6980,6864,13844
20221126,과천선,평촌,11568,11211,22779
20221126,분당선,가천대,6502,6530,13032
20221126,분당선,강남구청,5967,7226,13193
20221126,분당선,개포동,3160,3006,6166
20221126,분당선,구룡,2109,1761,3870
20221126,분당선,구성,3917,3978,7895
20221126,분당선,기흥,7941,7248,15189
20221126,분당선,대모산입구,3637,3434,7071
20221126,분당선,도곡,6085,5399,11484
20221126,분당선,망포,10972,9794,20766
20221126,분당선,매교,3275,3192,6467
20221126,분당선,매탄권선,4102,3664,7766
20221126,분당선,모란,16817,17064,33881
20221126,분당선,미금,11036,11716,22752
20221126,분당선,보정,1866,1686,3552
20221126,분당선,상갈,4119,4159,8278
20221126,분당선,서울숲,10570,11163,21733
20221126,분당선,서현,20687,20472,41159
20221126,분당선,선릉,5906,9159,15065
20221126,분당선,선정릉,3870,3783,7653
20221126,분당선,수내,9853,9139,18992
20221126,분당선,수서,12166,12540,24706
20221126,분당선,수원,8246,7088,15334
20221126,분당선,수원시청,12404,14621,27025
20221126,분당선,신갈,3170,3155,6325
20221126,분당선,압구정로데오,20455,24600,45055
20221126,분당선,야탑,20058,21061,41119
20221126,분당선,영통,7617,7496,15113
20221126,분당선,오리,8374,7010,15384
20221126,분당선,이매,4490,4496,8986
20221126,분당선,정자,11839,12295,24134
20221126,분당선,죽전,10971,12089,23060
20221126,분당선,청명,3070,2976,6046
20221126,분당선,태평,11398,10948,22346
20221126,분당선,한티,12686,12629,25315
20221126,수인선,고색,2920,2869,5789
20221126,수인선,남동인더스파크,1010,929,1939
20221126,수인선,달월,84,96,180
20221126,수인선,사리,4019,3218,7237
20221126,수인선,소래포구,5805,5952,11757
20221126,수인선,송도,2067,1970,4037
20221126,수인선,숭의,2832,2543,5375
20221126,수인선,신포,1575,1582,3157
20221126,수인선,야목,249,231,480
20221126,수인선,어천,1012,866,1878
20221126,수인선,연수,4219,4355,8574
20221126,수인선,오목천,2859,2296,5155
20221126,수인선,원인재,3916,3942,7858
20221126,수인선,월곶,2429,2234,4663
20221126,수인선,인천,1121,1989,3110
20221126,수인선,인천논현,4659,4820,9479
20221126,수인선,인하대,4787,4337,9124
20221126,수인선,호구포,2832,2703,5535
20221126,신림선,관악산,3013,3243,6256
20221126,신림선,당곡,3079,2791,5870
20221126,신림선,대방,2711,1644,4355
20221126,신림선,보라매,2687,2185,4872
20221126,신림선,보라매공원,1393,1478,2871
20221126,신림선,보라매병원,3384,3433,6817
20221126,신림선,샛강,1042,1419,2461
20221126,신림선,서울대벤처타운,6726,5959,12685
20221126,신림선,서울지방병무청,1903,2114,4017
20221126,신림선,서원,2500,2020,4520
20221126,신림선,신림,1293,1904,3197
20221126,안산선,고잔,7672,7683,15355
20221126,안산선,대야미,4326,3743,8069
20221126,안산선,반월,3692,3424,7116
20221126,안산선,산본,14059,14752,28811
20221126,안산선,상록수,13539,13649,27188
20221126,안산선,수리산,3030,2706,5736
20221126,안산선,신길온천,1714,1662,3376
20221126,안산선,안산,10419,11070,21489
20221126,안산선,오이도,8020,8201,16221
20221126,안산선,정왕,7511,7534,15045
20221126,안산선,중앙,17990,18658,36648
20221126,안산선,초지,4182,3926,8108
20221126,안산선,한대앞,8429,8243,16672
20221126,우이신설선,4.19민주묘지,2580,2278,4858
20221126,우이신설선,가오리,3275,3069,6344
20221126,우이신설선,보문,1228,1256,2484
20221126,우이신설선,북한산보국문,5459,4712,10171
20221126,우이신설선,북한산우이,3768,3844,7612
20221126,우이신설선,삼양,1504,1599,3103
20221126,우이신설선,삼양사거리,1975,1973,3948
20221126,우이신설선,성신여대입구,3014,3489,6503
20221126,우이신설선,솔밭공원,1966,1861,3827
20221126,우이신설선,솔샘,4238,3713,7951
20221126,우이신설선,신설동,1556,1537,3093
20221126,우이신설선,정릉,4125,3398,7523
20221126,우이신설선,화계,2735,2538,5273
20221126,일산선,대곡,1519,1263,2782
20221126,일산선,대화,9816,8590,18406
20221126,일산선,마두,5488,5551,11039
20221126,일산선,백석,8098,8118,16216
20221126,일산선,삼송,15766,14903,30669
20221126,일산선,원당,8997,8395,17392
20221126,일산선,원흥,8647,8012,16659
20221126,일산선,정발산,7215,7801,15016
20221126,일산선,주엽,7372,7271,14643
20221126,일산선,지축,1,0,1
20221126,일산선,화정,13699,14077,27776
20221126,장항선,배방,1163,1224,2387
20221126,장항선,봉명,793,761,1554
20221126,장항선,신창,1427,1349,2776
20221126,장항선,쌍용,2027,1735,3762
20221126,장항선,아산,4158,3784,7942
20221126,장항선,온양온천,4635,4809,9444
20221126,장항선,탕정,995,924,1919
20221126,중앙선,구리,11118,11500,22618
20221126,중앙선,국수,653,729,1382
20221126,중앙선,덕소,4823,4708,9531
20221126,중앙선,도농,8481,7923,16404
20221126,중앙선,도심,1683,1406,3089
20221126,중앙선,망우,6836,6725,13561
20221126,중앙선,상봉,5169,5135,10304
20221126,중앙선,신원,227,168,395
20221126,중앙선,아신,591,565,1156
20221126,중앙선,양수,2162,2211,4373
20221126,중앙선,양원,2067,1946,4013
20221126,중앙선,양정,516,453,969
20221126,중앙선,양평,2915,3052,5967
20221126,중앙선,오빈,304,329,633
20221126,중앙선,용문,1997,2265,4262
20221126,중앙선,운길산,952,904,1856
20221126,중앙선,원덕,371,440,811
20221126,중앙선,중랑,4853,4668,9521
20221126,중앙선,지평,58,65,123
20221126,중앙선,팔당,1141,1239,2380
20221126,중앙선,회기,25579,23867,49446
20221127,1호선,동대문,10078,10531,20609
20221127,1호선,동묘앞,12529,12967,25496
20221127,1호선,서울역,37098,36697,73795
20221127,1호선,시청,11330,10527,21857
20221127,1호선,신설동,8296,8240,16536
20221127,1호선,제기동,10332,10799,21131
20221127,1호선,종각,16128,13784,29912
20221127,1호선,종로3가,17583,15368,32951
20221127,1호선,종로5가,11554,11007,22561
20221127,1호선,청량리,13556,14087,27643
20221127,2호선,강남,35616,34378,69994
20221127,2호선,강변,25384,25806,51190
20221127,2호선,건대입구,28819,29558,58377
20221127,2호선,교대,11499,13009,24508
20221127,2호선,구로디지털단지,26365,25692,52057
20221127,2호선,구의,12385,12446,24831
20221127,2호선,낙성대,16701,17590,34291
20221127,2호선,당산,9846,10604,20450
20221127,2호선,대림,16325,16858,33183
20221127,2호선,도림천,528,596,1124
20221127,2호선,동대문역사문화공원,9563,11674,21237
20221127,2호선,뚝섬,13142,12809,25951
20221127,2호선,문래,8740,9389,18129
20221127,2호선,방배,7487,7847,15334
20221127,2호선,봉천,12896,12631,25527
20221127,2호선,사당,25399,27994,53393
20221127,2호선,삼성,25349,24459,49808
20221127,2호선,상왕십리,7434,7466,14900
20221127,2호선,서울대입구,27782,28044,55826
20221127,2호선,서초,13519,12440,25959
20221127,2호선,선릉,15251,12929,28180
20221127,2호선,성수,18917,20934,39851
20221127,2호선,시청,8501,6524,15025
20221127,2호선,신답,805,839,1644
20221127,2호선,신당,8773,9314,18087
20221127,2호선,신대방,15834,15382,31216
20221127,2호선,신도림,32152,32542,64694
20221127,2호선,신림,37316,36425,73741
20221127,2호선,신설동,3371,3412,6783
20221127,2호선,신정네거리,5590,5663,11253
20221127,2호선,신촌,25272,24880,50152
20221127,2호선,아현,5960,5825,11785
20221127,2호선,양천구청,3856,3878,7734
20221127,2호선,역삼,12249,13340,25589
20221127,2호선,영등포구청,9264,9509,18773
20221127,2호선,왕십리,11338,10001,21339
20221127,2호선,용답,1782,1928,3710
20221127,2호선,용두,1160,1085,2245
20221127,2호선,을지로3가,10556,10486,21042
20221127,2호선,을지로4가,4852,4952,9804
20221127,2호선,을지로입구,24363,22517,46880
20221127,2호선,이대,10944,11754,22698
20221127,2호선,잠실,58247,54472,112719
20221127,2호선,잠실나루,5693,5801,11494
20221127,2호선,잠실새내,13149,13376,26525
20221127,2호선,종합운동장,5894,6434,12328
20221127,2호선,충정로,4553,5002,9555
20221127,2호선,한양대,14200,15240,29440
20221127,2호선,합정,23688,24862,48550
20221127,2호선,홍대입구,59512,59305,118817
20221127,3호선,가락시장,4361,4461,8822
20221127,3호선,경복궁,16153,17762,33915
20221127,3호선,경찰병원,2964,3039,6003
20221127,3호선,고속터미널,49712,46632,96344
20221127,3호선,교대,5104,3152,8256
20221127,3호선,구파발,12045,12468,24513
20221127,3호선,금호,4515,4218,8733
20221127,3호선,남부터미널,17000,18255,35255
20221127,3호선,녹번,7945,7102,15047
20221127,3호선,대청,4474,4441,8915
20221127,3호선,대치,5554,5190,10744
20221127,3호선,도곡,2218,2460,4678
20221127,3호선,독립문,4566,5190,9756
20221127,3호선,동대입구,6377,7648,14025
20221127,3호선,매봉,4409,4267,8676
20221127,3호선,무악재,2209,2336,4545
20221127,3호선,불광,10117,11163,21280
20221127,3호선,수서,11778,12004,23782
20221127,3호선,신사,14849,14756,29605
20221127,3호선,안국,16683,18045,34728
20221127,3호선,압구정,16379,17122,33501
20221127,3호선,약수,7283,7037,14320
20221127,3호선,양재,15210,17091,32301
20221127,3호선,연신내,21812,20419,42231
20221127,3호선,오금,2944,2899,5843
20221127,3호선,옥수,5173,5217,10390
20221127,3호선,을지로3가,4304,3726,8030
20221127,3호선,일원,3928,4109,8037
20221127,3호선,잠원,2365,2277,4642
20221127,3호선,종로3가,4631,5877,10508
20221127,3호선,지축,3131,2883,6014
20221127,3호선,충무로,1,0,1
20221127,3호선,학여울,1286,1248,2534
20221127,3호선,홍제,10102,9655,19757
20221127,4호선,길음,12058,11724,23782
20221127,4호선,남태령,925,601,1526
20221127,4호선,노원,12485,13718,26203
20221127,4호선,당고개,5994,5718,11712
20221127,4호선,동대문,8483,9108,17591
20221127,4호선,동대문역사문화공원,11885,10160,22045
20221127,4호선,동작,1039,1122,2161
20221127,4호선,명동,21043,22701,43744
20221127,4호선,미아,8742,8242,16984
20221127,4호선,미아사거리,16813,16070,32883
20221127,4호선,사당,18647,17193,35840
20221127,4호선,삼각지,3535,4570,8105
20221127,4호선,상계,11161,10325,21486
20221127,4호선,서울역,5669,15971,21640
20221127,4호선,성신여대입구,13338,12930,26268
20221127,4호선,수유,21160,20700,41860
20221127,4호선,숙대입구,9297,9021,18318
20221127,4호선,신용산,10195,10220,20415
20221127,4호선,쌍문,17576,15927,33503
20221127,4호선,이촌,7090,7796,14886
20221127,4호선,창동,15816,16358,32174
20221127,4호선,총신대입구,10974,12010,22984
20221127,4호선,충무로,9827,10652,20479
20221127,4호선,한성대입구,8514,8383,16897
20221127,4호선,혜화,27271,28399,55670
20221127,4호선,회현,11675,12040,23715
20221127,5호선,강동,9764,9649,19413
20221127,5호선,강일,2659,2546,5205
20221127,5호선,개롱,3184,3584,6768
20221127,5호선,개화산,2775,2741,5516
20221127,5호선,거여,4811,4777,9588
20221127,5호선,고덕,4525,4543,9068
20221127,5호선,공덕,5319,5571,10890
20221127,5호선,광나루,9284,9089,18373
20221127,5호선,광화문,14813,15083,29896
20221127,5호선,군자,7009,7974,14983
20221127,5호선,굽은다리,5559,5305,10864
20221127,5호선,길동,4299,4382,8681
20221127,5호선,김포공항,6418,6620,13038
20221127,5호선,까치산,16393,15771,32164
20221127,5호선,답십리,8156,7516,15672
20221127,5호선,동대문역사문화공원,1068,1194,2262
20221127,5호선,둔촌동,4824,4850,9674
20221127,5호선,마곡,3872,4036,7908
20221127,5호선,마장,3155,3074,6229
20221127,5호선,마천,3785,4094,7879
20221127,5호선,마포,5559,5801,11360
20221127,5호선,명일,5296,5334,10630
20221127,5호선,목동,8187,8464,16651
20221127,5호선,미사,9415,9538,18953
20221127,5호선,발산,10778,11136,21914
20221127,5호선,방이,4288,3999,8287
20221127,5호선,방화,3647,3558,7205
20221127,5호선,상일동,6702,6650,13352
20221127,5호선,서대문,6009,5922,11931
20221127,5호선,송정,3743,3715,7458
20221127,5호선,신금호,3095,3447,6542
20221127,5호선,신길,2179,2329,4508
20221127,5호선,신정,6688,5962,12650
20221127,5호선,아차산,10434,10217,20651
20221127,5호선,애오개,2809,2863,5672
20221127,5호선,양평,2889,2859,5748
20221127,5호선,여의나루,10634,13158,23792
20221127,5호선,여의도,10867,10645,21512
20221127,5호선,영등포구청,1567,1425,2992
20221127,5호선,영등포시장,6656,7131,13787
20221127,5호선,오금,1641,1506,3147
20221127,5호선,오목교,11941,12309,24250
20221127,5호선,올림픽공원,4647,3712,8359
20221127,5호선,왕십리,2637,3141,5778
20221127,5호선,우장산,7249,7362,14611
20221127,5호선,을지로4가,2192,2216,4408
20221127,5호선,장한평,8889,8791,17680
20221127,5호선,종로3가,10945,9695,20640
20221127,5호선,천호,13592,12575,26167
20221127,5호선,청구,1937,1858,3795
20221127,5호선,충정로,1673,1565,3238
20221127,5호선,하남검단산,4868,4781,9649
20221127,5호선,하남시청,4381,4349,8730
20221127,5호선,하남풍산,2397,2340,4737
20221127,5호선,행당,4356,3965,8321
20221127,5호선,화곡,14908,14169,29077
20221127,6호선,고려대,4785,4654,9439
20221127,6호선,공덕,7695,6988,14683
20221127,6호선,광흥창,4362,4204,8566
20221127,6호선,구산,4187,3151,7338
20221127,6호선,녹사평,3407,3471,6878
20221127,6호선,대흥,4204,4409,8613
20221127,6호선,독바위,1551,1849,3400
20221127,6호선,돌곶이,6730,6296,13026
20221127,6호선,동묘앞,6714,6468,13182
20221127,6호선,디지털미디어시티,5937,6288,12225
20221127,6호선,마포구청,7522,6764,14286
20221127,6호선,망원,10237,10839,21076
20221127,6호선,버티고개,1067,1161,2228
20221127,6호선,보문,4235,4107,8342
20221127,6호선,봉화산,4114,4114,8228
20221127,6호선,불광,3108,2829,5937
20221127,6호선,삼각지,4291,3321,7612
20221127,6호선,상수,7136,7860,14996
20221127,6호선,상월곡,3533,3233,6766
20221127,6호선,새절,6848,6423,13271
20221127,6호선,석계,6763,7000,13763
20221127,6호선,신당,4593,5075,9668
20221127,6호선,안암,6398,6944,13342
20221127,6호선,약수,1852,1819,3671
20221127,6호선,역촌,2115,2496,4611
20221127,6호선,월곡,5589,5532,11121
20221127,6호선,월드컵경기장,3535,3763,7298
20221127,6호선,응암,9661,9706,19367
20221127,6호선,이태원,8250,7542,15792
20221127,6호선,증산,5728,5760,11488
20221127,6호선,창신,1712,1503,3215
20221127,6호선,청구,1911,1832,3743
20221127,6호선,태릉입구,3468,3750,7218
20221127,6호선,한강진,6185,6999,13184
20221127,6호선,합정,9842,9073,18915
20221127,6호선,화랑대,5532,5085,10617
20221127,6호선,효창공원앞,3570,3294,6864
20221127,7호선,가산디지털단지,11845,10928,22773
20221127,7호선,강남구청,6195,6907,13102
20221127,7호선,건대입구,8371,9259,17630
20221127,7호선,고속터미널,16639,10304,26943
20221127,7호선,공릉,7056,7088,14144
20221127,7호선,광명사거리,12653,12662,25315
20221127,7호선,군자,8840,6648,15488
20221127,7호선,남구로,7202,7112,14314
20221127,7호선,남성,5999,5814,11813
20221127,7호선,내방,5532,5603,11135
20221127,7호선,노원,11549,11555,23104
20221127,7호선,논현,6035,6153,12188
20221127,7호선,대림,8538,7888,16426
20221127,7호선,도봉산,5291,7566,12857
20221127,7호선,뚝섬유원지,5972,5576,11548
20221127,7호선,마들,6436,5900,12336
20221127,7호선,먹골,5750,5643,11393
20221127,7호선,면목,8316,8112,16428
20221127,7호선,반포,3339,3214,6553
20221127,7호선,보라매,4001,4149,8150
20221127,7호선,사가정,9092,9008,18100
20221127,7호선,상도,8075,7996,16071
20221127,7호선,상봉,10098,9339,19437
20221127,7호선,수락산,8284,8208,16492
20221127,7호선,숭실대입구,6589,6963,13552
20221127,7호선,신대방삼거리,7992,8204,16196
20221127,7호선,신풍,6483,6086,12569
20221127,7호선,어린이대공원,11891,11198,23089
20221127,7호선,온수,4367,4346,8713
20221127,7호선,용마산,3360,3563,6923
20221127,7호선,이수,9279,8696,17975
20221127,7호선,장승배기,4822,4726,9548
20221127,7호선,장암,1464,909,2373
20221127,7호선,중계,7205,6647,13852
20221127,7호선,중곡,5702,5455,11157
20221127,7호선,중화,5984,5794,11778
20221127,7호선,천왕,5483,5380,10863
20221127,7호선,철산,11588,11555,23143
20221127,7호선,청담,7726,8243,15969
20221127,7호선,태릉입구,5398,5243,10641
20221127,7호선,하계,9876,9445,19321
20221127,7호선,학동,7737,8123,15860
20221127,8호선,가락시장,3506,4227,7733
20221127,8호선,강동구청,4684,4741,9425
20221127,8호선,남위례,3131,3215,6346
20221127,8호선,남한산성입구,6877,6422,13299
20221127,8호선,단대오거리,5922,5705,11627
20221127,8호선,모란,2772,2322,5094
20221127,8호선,몽촌토성,3616,3700,7316
20221127,8호선,문정,6454,6899,13353
20221127,8호선,복정,5160,4891,10051
20221127,8호선,산성,3216,3347,6563
20221127,8호선,석촌,4339,5683,10022
20221127,8호선,송파,4421,4486,8907
20221127,8호선,수진,3146,2870,6016
20221127,8호선,신흥,3105,3226,6331
20221127,8호선,암사,9325,8788,18113
20221127,8호선,잠실,11644,13177,24821
20221127,8호선,장지,9851,9666,19517
20221127,8호선,천호,9135,10409,19544
20221127,9호선,가양,11993,11755,23748
20221127,9호선,개화,1186,950,2136
20221127,9호선,고속터미널,13221,19001,32222
20221127,9호선,공항시장,1739,1921,3660
20221127,9호선,구반포,756,814,1570
20221127,9호선,국회의사당,8784,8499,17283
20221127,9호선,김포공항,6909,9411,16320
20221127,9호선,노들,3085,2576,5661
20221127,9호선,노량진,15979,17070,33049
20221127,9호선,당산,10724,10236,20960
20221127,9호선,동작,1337,1124,2461
20221127,9호선,등촌,5460,5470,10930
20221127,9호선,마곡나루,6221,6166,12387
20221127,9호선,사평,1949,1938,3887
20221127,9호선,샛강,2135,1823,3958
20221127,9호선,선유도,2957,2904,5861
20221127,9호선,신논현,16868,16148,33016
20221127,9호선,신목동,2024,1838,3862
20221127,9호선,신반포,2345,2418,4763
20221127,9호선,신방화,3580,3662,7242
20221127,9호선,양천향교,4273,4521,8794
20221127,9호선,여의도,12832,11042,23874
20221127,9호선,염창,9411,9360,18771
20221127,9호선,증미,2581,2483,5064
20221127,9호선,흑석,8668,7799,16467
20221127,9호선2~3단계,둔촌오륜,636,640,1276
20221127,9호선2~3단계,봉은사,9895,10404,20299
20221127,9호선2~3단계,삼성중앙,2346,2467,4813
20221127,9호선2~3단계,삼전,3916,3773,7689
20221127,9호선2~3단계,석촌,5635,4864,10499
20221127,9호선2~3단계,석촌고분,3527,3480,7007
20221127,9호선2~3단계,선정릉,3225,3634,6859
20221127,9호선2~3단계,송파나루,3286,3656,6942
20221127,9호선2~3단계,언주,4441,4397,8838
20221127,9호선2~3단계,올림픽공원,8793,9764,18557
20221127,9호선2~3단계,종합운동장,2556,2277,4833
20221127,9호선2~3단계,중앙보훈병원,4123,3893,8016
20221127,9호선2~3단계,한성백제,1717,1578,3295
20221127,경강선,경기광주,4488,4522,9010
20221127,경강선,곤지암,1786,1882,3668
20221127,경강선,부발,1809,2224,4033
20221127,경강선,삼동,1195,1182,2377
20221127,경강선,세종대왕릉,330,355,685
20221127,경강선,신둔도예촌,1163,1168,2331
20221127,경강선,여주,2513,2501,5014
20221127,경강선,이매,738,566,1304
20221127,경강선,이천,2526,2778,5304
20221127,경강선,초월,1849,1816,3665
20221127,경강선,판교,3013,2782,5795
20221127,경부선,가산디지털단지,5293,7270,12563
20221127,경부선,관악,5237,4771,10008
20221127,경부선,광명,3236,2268,5504
20221127,경부선,구로,10798,11078,21876
20221127,경부선,군포,3393,3249,6642
20221127,경부선,금정,16872,16738,33610
20221127,경부선,금천구청,6593,6413,13006
20221127,경부선,남영,5401,5707,11108
20221127,경부선,노량진,6725,6942,13667
20221127,경부선,당정,3202,3162,6364
20221127,경부선,대방,5821,6742,12563
20221127,경부선,독산,6818,6605,13423
20221127,경부선,두정,5123,7168,12291
20221127,경부선,명학,3406,3258,6664
20221127,경부선,병점,10418,11207,21625
20221127,경부선,서동탄,846,857,1703
20221127,경부선,서울역,11024,2487,13511
20221127,경부선,서정리,5416,8466,13882
20221127,경부선,석수,5304,5058,10362
20221127,경부선,성균관대,8483,8942,17425
20221127,경부선,성환,2953,3699,6652
20221127,경부선,세류,2423,2432,4855
20221127,경부선,세마,1890,1795,3685
20221127,경부선,송탄,3855,4981,8836
20221127,경부선,수원,37197,36151,73348
20221127,경부선,신길,5025,4561,9586
20221127,경부선,신도림,2611,2861,5472
20221127,경부선,안양,14940,14163,29103
20221127,경부선,영등포,37886,36160,74046
20221127,경부선,오산,8437,8795,17232
20221127,경부선,오산대,2268,2129,4397
20221127,경부선,용산,39103,36084,75187
20221127,경부선,의왕,4352,4314,8666
20221127,경부선,직산,644,739,1383
20221127,경부선,진위,975,1040,2015
20221127,경부선,천안,7258,7917,15175
20221127,경부선,평택,12990,14927,27917
20221127,경부선,평택지제,3329,3360,6689
20221127,경부선,화서,4683,4628,9311
20221127,경원선,가능,4073,3859,7932
20221127,경원선,광운대,5739,5681,11420
20221127,경원선,녹양,3020,2827,5847
20221127,경원선,녹천,2752,2352,5104
20221127,경원선,덕계,2049,1900,3949
20221127,경원선,덕정,3621,3804,7425
20221127,경원선,도봉,3544,3393,6937
20221127,경원선,도봉산,8410,5907,14317
20221127,경원선,동두천,1500,1961,3461
20221127,경원선,동두천중앙,2289,2091,4380
20221127,경원선,망월사,4734,4909,9643
20221127,경원선,방학,6072,5785,11857
20221127,경원선,보산,1345,1637,2982
20221127,경원선,서빙고,1749,1892,3641
20221127,경원선,석계,5358,5798,11156
20221127,경원선,소요산,3583,3014,6597
20221127,경원선,신이문,5479,4891,10370
20221127,경원선,양주,5371,5363,10734
20221127,경원선,옥수,65,37,102
20221127,경원선,왕십리,11929,11812,23741
20221127,경원선,외대앞,8818,8250,17068
20221127,경원선,월계,4039,3642,7681
20221127,경원선,응봉,1203,1085,2288
20221127,경원선,의정부,15488,15234,30722
20221127,경원선,이촌,2708,1991,4699
20221127,경원선,지행,4652,4791,9443
20221127,경원선,청량리,15540,14362,29902
20221127,경원선,한남,1913,1913,3826
20221127,경원선,회룡,7963,7671,15634
20221127,경의선,가좌,3310,3349,6659
20221127,경의선,강매,1644,1527,3171
20221127,경의선,곡산,338,344,682
20221127,경의선,공덕,2235,1634,3869
20221127,경의선,금릉,3309,3233,6542
20221127,경의선,금촌,4688,4980,9668
20221127,경의선,능곡,2284,2182,4466
20221127,경의선,디지털미디어시티,1629,1483,3112
20221127,경의선,문산,5968,6197,12165
20221127,경의선,백마,3780,3646,7426
20221127,경의선,서강대,1330,1346,2676
20221127,경의선,서울역,1402,1334,2736
20221127,경의선,수색,972,1003,1975
20221127,경의선,신촌,398,405,803
20221127,경의선,야당,5608,5424,11032
20221127,경의선,운정,3928,3698,7626
20221127,경의선,월롱,993,2062,3055
20221127,경의선,일산,5284,4942,10226
20221127,경의선,임진강,52,59,111
20221127,경의선,탄현,4441,4012,8453
20221127,경의선,파주,875,794,1669
20221127,경의선,풍산,3814,3578,7392
20221127,경의선,행신,5200,4753,9953
20221127,경의선,홍대입구,1916,2210,4126
20221127,경의선,화전,965,1075,2040
20221127,경의선,효창공원앞,1463,1751,3214
20221127,경인선,간석,3290,3068,6358
20221127,경인선,개봉,12620,12285,24905
20221127,경인선,구일,3203,3188,6391
20221127,경인선,도원,1916,1884,3800
20221127,경인선,도화,2312,2161,4473
20221127,경인선,동암,10671,10335,21006
20221127,경인선,동인천,9646,9442,19088
20221127,경인선,백운,4065,3959,8024
20221127,경인선,부개,5024,4667,9691
20221127,경인선,부천,22128,21493,43621
20221127,경인선,부평,22843,22709,45552
20221127,경인선,소사,5894,5884,11778
20221127,경인선,송내,14282,13934,28216
20221127,경인선,역곡,15307,15144,30451
20221127,경인선,오류동,7611,6967,14578
20221127,경인선,온수,4010,3688,7698
20221127,경인선,인천,3703,2965,6668
20221127,경인선,제물포,5568,5350,10918
20221127,경인선,주안,12365,11208,23573
20221127,경인선,중동,5221,4786,10007
20221127,경춘선,가평,1872,1493,3365
20221127,경춘선,갈매,1474,1240,2714
20221127,경춘선,강촌,651,421,1072
20221127,경춘선,굴봉산,175,123,298
20221127,경춘선,금곡,944,825,1769
20221127,경춘선,김유정,380,389,769
20221127,경춘선,남춘천,3067,3741,6808
20221127,경춘선,대성리,927,431,1358
20221127,경춘선,마석,2562,2341,4903
20221127,경춘선,백양리,131,88,219
20221127,경춘선,별내,1960,1614,3574
20221127,경춘선,사릉,1358,1416,2774
20221127,경춘선,상천,320,290,610
20221127,경춘선,신내,1055,986,2041
20221127,경춘선,천마산,1129,1024,2153
20221127,경춘선,청평,1737,1303,3040
20221127,경춘선,춘천,1629,1674,3303
20221127,경춘선,퇴계원,2187,2122,4309
20221127,경춘선,평내호평,3591,3267,6858
20221127,공항철도 1호선,검암,3812,3878,7690
20221127,공항철도 1호선,계양,6492,5938,12430
20221127,공항철도 1호선,공덕,1356,2065,3421
20221127,공항철도 1호선,공항화물청사,1066,1123,2189
20221127,공항철도 1호선,김포공항,9606,5755,15361
20221127,공항철도 1호선,디지털미디어시티,4451,4415,8866
20221127,공항철도 1호선,마곡나루,3141,3558,6699
20221127,공항철도 1호선,서울역,11331,10587,21918
20221127,공항철도 1호선,영종,2837,2821,5658
20221127,공항철도 1호선,운서,6304,7034,13338
20221127,공항철도 1호선,인천공항1터미널,10043,9552,19595
20221127,공항철도 1호선,인천공항2터미널,3601,3631,7232
20221127,공항철도 1호선,청라국제도시,3727,3549,7276
20221127,공항철도 1호선,홍대입구,12622,11289,23911
20221127,과천선,경마공원,15377,15611,30988
20221127,과천선,과천,4062,3889,7951
20221127,과천선,대공원,5237,5190,10427
20221127,과천선,범계,16371,15774,32145
20221127,과천선,선바위,4389,3863,8252
20221127,과천선,인덕원,14182,14538,28720
20221127,과천선,정부과천청사,4788,4716,9504
20221127,과천선,평촌,7542,7178,14720
20221127,분당선,가천대,4240,5185,9425
20221127,분당선,강남구청,3403,4141,7544
20221127,분당선,개포동,2366,2263,4629
20221127,분당선,구룡,957,1084,2041
20221127,분당선,구성,2636,2816,5452
20221127,분당선,기흥,5357,5151,10508
20221127,분당선,대모산입구,2495,2433,4928
20221127,분당선,도곡,3224,3219,6443
20221127,분당선,망포,6861,7163,14024
20221127,분당선,매교,2216,2184,4400
20221127,분당선,매탄권선,2951,2794,5745
20221127,분당선,모란,11849,12139,23988
20221127,분당선,미금,7924,8488,16412
20221127,분당선,보정,1304,1259,2563
20221127,분당선,복정,2,0,2
20221127,분당선,상갈,3089,3178,6267
20221127,분당선,서울숲,7443,7947,15390
20221127,분당선,서현,15214,15246,30460
20221127,분당선,선릉,3112,4676,7788
20221127,분당선,선정릉,2054,2116,4170
20221127,분당선,수내,6382,6218,12600
20221127,분당선,수서,9525,9373,18898
20221127,분당선,수원,6355,5485,11840
20221127,분당선,수원시청,8328,8335,16663
20221127,분당선,신갈,2182,2274,4456
20221127,분당선,압구정로데오,11607,12801,24408
20221127,분당선,야탑,14801,15249,30050
20221127,분당선,영통,5469,5528,10997
20221127,분당선,오리,5605,4882,10487
20221127,분당선,이매,3845,4098,7943
20221127,분당선,정자,7892,8210,16102
20221127,분당선,죽전,7747,8847,16594
20221127,분당선,청명,2207,2378,4585
20221127,분당선,태평,8729,8230,16959
20221127,분당선,한티,8541,8485,17026
20221127,수인선,고색,1882,1955,3837
20221127,수인선,남동인더스파크,678,735,1413
20221127,수인선,달월,43,55,98
20221127,수인선,사리,2888,2457,5345
20221127,수인선,소래포구,4368,4169,8537
20221127,수인선,송도,1608,1590,3198
20221127,수인선,숭의,2082,1912,3994
20221127,수인선,신포,1152,1138,2290
20221127,수인선,야목,232,193,425
20221127,수인선,어천,719,844,1563
20221127,수인선,연수,3381,3306,6687
20221127,수인선,오목천,1866,1831,3697
20221127,수인선,원인재,3006,3052,6058
20221127,수인선,월곶,1868,1788,3656
20221127,수인선,인천,1063,1540,2603
20221127,수인선,인천논현,2984,3001,5985
20221127,수인선,인하대,3154,3209,6363
20221127,수인선,호구포,2176,2166,4342
20221127,신림선,관악산,2695,2915,5610
20221127,신림선,당곡,2280,2285,4565
20221127,신림선,대방,1719,1235,2954
20221127,신림선,보라매,1792,1662,3454
20221127,신림선,보라매공원,1071,1097,2168
20221127,신림선,보라매병원,1963,1914,3877
20221127,신림선,샛강,846,1093,1939
20221127,신림선,서울대벤처타운,5055,4875,9930
20221127,신림선,서울지방병무청,1412,1653,3065
20221127,신림선,서원,1869,1676,3545
20221127,신림선,신림,1048,1576,2624
20221127,안산선,고잔,5530,5325,10855
20221127,안산선,대야미,3187,2931,6118
20221127,안산선,반월,2671,2655,5326
20221127,안산선,산본,9518,9972,19490
20221127,안산선,상록수,10622,10608,21230
20221127,안산선,수리산,2235,2122,4357
20221127,안산선,신길온천,1293,1225,2518
20221127,안산선,안산,11065,9849,20914
20221127,안산선,오이도,6259,5805,12064
20221127,안산선,정왕,6398,6988,13386
20221127,안산선,중앙,13088,12711,25799
20221127,안산선,초지,2716,2600,5316
20221127,안산선,한대앞,5874,5901,11775
20221127,우이신설선,4.19민주묘지,3755,3123,6878
20221127,우이신설선,가오리,2447,2314,4761
20221127,우이신설선,보문,1058,1049,2107
20221127,우이신설선,북한산보국문,4138,3769,7907
20221127,우이신설선,북한산우이,3310,3270,6580
20221127,우이신설선,삼양,1222,1201,2423
20221127,우이신설선,삼양사거리,1590,1585,3175
20221127,우이신설선,성신여대입구,2204,2636,4840
20221127,우이신설선,솔밭공원,1649,1468,3117
20221127,우이신설선,솔샘,3101,2819,5920
20221127,우이신설선,신설동,1274,1238,2512
20221127,우이신설선,정릉,3145,2597,5742
20221127,우이신설선,화계,2234,2107,4341
20221127,일산선,대곡,1193,975,2168
20221127,일산선,대화,6919,6074,12993
20221127,일산선,마두,3658,3609,7267
20221127,일산선,백석,6012,5826,11838
20221127,일산선,삼송,11366,11160,22526
20221127,일산선,원당,6308,6052,12360
20221127,일산선,원흥,6190,6026,12216
20221127,일산선,정발산,5696,5713,11409
20221127,일산선,주엽,5004,4941,9945
20221127,일산선,지축,1,0,1
20221127,일산선,화정,9634,9760,19394
20221127,장항선,배방,882,993,1875
20221127,장항선,봉명,603,632,1235
20221127,장항선,신창,1215,2214,3429
20221127,장항선,쌍용,1433,1558,2991
20221127,장항선,아산,4646,2933,7579
20221127,장항선,온양온천,4023,4062,8085
20221127,장항선,탕정,733,787,1520
20221127,중앙선,구리,7911,8168,16079
20221127,중앙선,국수,569,551,1120
20221127,중앙선,덕소,3469,3460,6929
20221127,중앙선,도농,6075,5939,12014
20221127,중앙선,도심,1216,1076,2292
20221127,중앙선,망우,5017,4964,9981
20221127,중앙선,상봉,4049,4370,8419
20221127,중앙선,신원,205,153,358
20221127,중앙선,아신,548,650,1198
20221127,중앙선,양수,1686,1501,3187
20221127,중앙선,양원,1515,1469,2984
20221127,중앙선,양정,415,343,758
20221127,중앙선,양평,2470,2153,4623
20221127,중앙선,오빈,227,212,439
20221127,중앙선,용문,1778,1493,3271
20221127,중앙선,운길산,798,781,1579
20221127,중앙선,원덕,380,304,684
20221127,중앙선,중랑,3722,3543,7265
20221127,중앙선,지평,61,57,118
20221127,중앙선,팔당,1024,1085,2109
20221127,중앙선,회기,19082,19016,38098
