사용일자,호선명,지하철역,승차총승객수,하차총승객수,승하차총승객수
20220101,1호선,동대문,6486,6390,12876
20220101,1호선,동묘앞,7240,7366,14606
20220101,1호선,서울역,18398,16926,35324
20220101,1호선,시청,5604,5006,10610
20220101,1호선,신설동,4939,4733,9672
20220101,1호선,제기동,7244,7259,14503
20220101,1호선,종각,9977,8864,18841
20220101,1호선,종로3가,11017,9630,20647
20220101,1호선,종로5가,7975,7922,15897
20220101,1호선,청량리,9400,9553,18953
20220101,2호선,강남,26200,24977,51177
20220101,2호선,강변,14225,13711,27936
20220101,2호선,건대입구,21954,23039,44993
20220101,2호선,교대,6678,7333,14011
20220101,2호선,구로디지털단지,18363,18352,36715
20220101,2호선,구의,8872,8862,17734
20220101,2호선,낙성대,11148,10973,22121
20220101,2호선,당산,6288,7044,13332
20220101,2호선,대림,10717,11703,22420
20220101,2호선,도림천,332,348,680
20220101,2호선,동대문역사문화공원,5620,6213,11833
20220101,2호선,뚝섬,6067,5964,12031
20220101,2호선,문래,5480,5672,11152
20220101,2호선,방배,4297,4484,8781
20220101,2호선,봉천,9207,8941,18148
20220101,2호선,사당,15292,16173,31465
20220101,2호선,삼성,15003,13937,28940
20220101,2호선,상왕십리,5212,5043,10255
20220101,2호선,서울대입구,20142,20315,40457
20220101,2호선,서초,4010,3348,7358
20220101,2호선,선릉,9197,7746,16943
20220101,2호선,성수,9220,10042,19262
20220101,2호선,시청,4137,2961,7098
20220101,2호선,신답,512,551,1063
20220101,2호선,신당,6015,6529,12544
20220101,2호선,신대방,11652,11727,23379
20220101,2호선,신도림,18150,18655,36805
20220101,2호선,신림,29564,29162,58726
20220101,2호선,신설동,1801,1806,3607
20220101,2호선,신정네거리,3834,4073,7907
20220101,2호선,신촌,15120,14485,29605
20220101,2호선,아현,3624,3682,7306
20220101,2호선,양천구청,2299,2518,4817
20220101,2호선,역삼,8239,8524,16763
20220101,2호선,영등포구청,5631,5554,11185
20220101,2호선,왕십리,6953,6214,13167
20220101,2호선,용답,1334,1385,2719
20220101,2호선,용두,889,882,1771
20220101,2호선,을지로3가,5883,5290,11173
20220101,2호선,을지로4가,2568,2350,4918
20220101,2호선,을지로입구,10825,9485,20310
20220101,2호선,이대,4692,4938,9630
20220101,2호선,잠실,35454,33619,69073
20220101,2호선,잠실나루,3594,3660,7254
20220101,2호선,잠실새내,8404,8750,17154
20220101,2호선,종합운동장,3428,3504,6932
20220101,2호선,충정로,2661,2761,5422
20220101,2호선,한양대,1359,1517,2876
20220101,2호선,합정,13993,14840,28833
20220101,2호선,홍대입구,38842,38438,77280
20220101,3호선,가락시장,2769,2734,5503
20220101,3호선,경복궁,7916,8217,16133
20220101,3호선,경찰병원,2071,2017,4088
20220101,3호선,고속터미널,21392,21318,42710
20220101,3호선,교대,2419,1533,3952
20220101,3호선,구파발,8761,9006,17767
20220101,3호선,금호,2920,2819,5739
20220101,3호선,남부터미널,8813,8988,17801
20220101,3호선,녹번,5319,4904,10223
20220101,3호선,대청,3224,2903,6127
20220101,3호선,대치,4906,5067,9973
20220101,3호선,도곡,1330,1263,2593
20220101,3호선,독립문,3120,3377,6497
20220101,3호선,동대입구,3319,3865,7184
20220101,3호선,매봉,2829,2774,5603
20220101,3호선,무악재,1416,1550,2966
20220101,3호선,불광,7261,8298,15559
20220101,3호선,수서,7370,7076,14446
20220101,3호선,신사,9269,9133,18402
20220101,3호선,안국,6901,7218,14119
20220101,3호선,압구정,7726,7982,15708
20220101,3호선,약수,4669,4528,9197
20220101,3호선,양재,8646,9105,17751
20220101,3호선,연신내,16671,15993,32664
20220101,3호선,오금,1789,1782,3571
20220101,3호선,옥수,3543,3641,7184
20220101,3호선,을지로3가,2345,2163,4508
20220101,3호선,일원,3321,2803,6124
20220101,3호선,잠원,1488,1587,3075
20220101,3호선,종로3가,3034,4181,7215
20220101,3호선,지축,1580,1532,3112
20220101,3호선,학여울,461,473,934
20220101,3호선,홍제,7002,6640,13642
20220101,4호선,길음,7240,7189,14429
20220101,4호선,남태령,437,372,809
20220101,4호선,노원,9287,10239,19526
20220101,4호선,당고개,5762,5674,11436
20220101,4호선,동대문,4370,4250,8620
20220101,4호선,동대문역사문화공원,6641,5631,12272
20220101,4호선,동작,766,802,1568
20220101,4호선,명동,12174,12386,24560
20220101,4호선,미아,5820,5523,11343
20220101,4호선,미아사거리,11557,11381,22938
20220101,4호선,사당,10613,9321,19934
20220101,4호선,삼각지,1657,2037,3694
20220101,4호선,상계,8017,7693,15710
20220101,4호선,서울역,3123,6657,9780
20220101,4호선,성신여대입구,9522,9234,18756
20220101,4호선,수유,15534,15487,31021
20220101,4호선,숙대입구,4439,4172,8611
20220101,4호선,신용산,5930,6093,12023
20220101,4호선,쌍문,11661,11083,22744
20220101,4호선,이촌,2154,2461,4615
20220101,4호선,창동,11195,12193,23388
20220101,4호선,총신대입구,7163,7857,15020
20220101,4호선,충무로,6117,5834,11951
20220101,4호선,한성대입구,5709,5507,11216
20220101,4호선,혜화,16405,16577,32982
20220101,4호선,회현,6552,7068,13620
20220101,5호선,강동,6644,6329,12973
20220101,5호선,강일,1527,1558,3085
20220101,5호선,개롱,2085,2304,4389
20220101,5호선,개화산,2253,2366,4619
20220101,5호선,거여,3095,3109,6204
20220101,5호선,고덕,3515,3454,6969
20220101,5호선,공덕,3249,3303,6552
20220101,5호선,광나루,5727,5762,11489
20220101,5호선,광화문,8245,7887,16132
20220101,5호선,군자,4671,5286,9957
20220101,5호선,굽은다리,4329,4090,8419
20220101,5호선,길동,3397,3534,6931
20220101,5호선,김포공항,5736,5212,10948
20220101,5호선,까치산,12401,12296,24697
20220101,5호선,답십리,5872,5566,11438
20220101,5호선,동대문역사문화공원,672,778,1450
20220101,5호선,둔촌동,3208,3233,6441
20220101,5호선,마곡,2606,2607,5213
20220101,5호선,마장,2302,2166,4468
20220101,5호선,마천,2732,2942,5674
20220101,5호선,마포,3732,3718,7450
20220101,5호선,명일,3191,3429,6620
20220101,5호선,목동,5641,5864,11505
20220101,5호선,미사,6848,6830,13678
20220101,5호선,발산,7230,7644,14874
20220101,5호선,방이,2789,2757,5546
20220101,5호선,방화,2873,2870,5743
20220101,5호선,상일동,4982,4848,9830
20220101,5호선,서대문,3995,3793,7788
20220101,5호선,송정,3160,2982,6142
20220101,5호선,신금호,2302,2414,4716
20220101,5호선,신길,1375,1483,2858
20220101,5호선,신정,4971,4549,9520
20220101,5호선,아차산,9533,9281,18814
20220101,5호선,애오개,1995,1911,3906
20220101,5호선,양평,1828,1869,3697
20220101,5호선,여의나루,3296,3376,6672
20220101,5호선,여의도,4712,5120,9832
20220101,5호선,영등포구청,986,907,1893
20220101,5호선,영등포시장,3730,3872,7602
20220101,5호선,오금,1080,1041,2121
20220101,5호선,오목교,7333,7737,15070
20220101,5호선,올림픽공원,2184,2150,4334
20220101,5호선,왕십리,2005,2381,4386
20220101,5호선,우장산,4987,5287,10274
20220101,5호선,을지로4가,1163,1289,2452
20220101,5호선,장한평,5610,5604,11214
20220101,5호선,종로3가,7197,6625,13822
20220101,5호선,천호,9009,8308,17317
20220101,5호선,청구,1437,1325,2762
20220101,5호선,충정로,1029,980,2009
20220101,5호선,하남검단산,3509,3422,6931
20220101,5호선,하남시청,3074,2964,6038
20220101,5호선,하남풍산,1684,1772,3456
20220101,5호선,행당,2816,2563,5379
20220101,5호선,화곡,11204,10584,21788
20220101,6호선,고려대,2874,2802,5676
20220101,6호선,공덕,5045,4766,9811
20220101,6호선,광흥창,2822,2715,5537
20220101,6호선,구산,2969,2258,5227
20220101,6호선,녹사평,2710,2610,5320
20220101,6호선,대흥,2752,2770,5522
20220101,6호선,독바위,1225,1442,2667
20220101,6호선,돌곶이,3505,3169,6674
20220101,6호선,동묘앞,4065,3980,8045
20220101,6호선,디지털미디어시티,3843,3953,7796
20220101,6호선,마포구청,5295,4801,10096
20220101,6호선,망원,7118,7554,14672
20220101,6호선,버티고개,782,870,1652
20220101,6호선,보문,2841,2727,5568
20220101,6호선,봉화산,2943,2985,5928
20220101,6호선,불광,2301,2062,4363
20220101,6호선,삼각지,2519,1941,4460
20220101,6호선,상수,4796,5142,9938
20220101,6호선,상월곡,2265,1980,4245
20220101,6호선,새절,4975,5010,9985
20220101,6호선,석계,5057,5057,10114
20220101,6호선,신당,3539,3001,6540
20220101,6호선,안암,3170,3182,6352
20220101,6호선,약수,1197,1206,2403
20220101,6호선,역촌,1514,1880,3394
20220101,6호선,월곡,4090,4232,8322
20220101,6호선,월드컵경기장,2867,2883,5750
20220101,6호선,응암,7342,7591,14933
20220101,6호선,이태원,7952,7914,15866
20220101,6호선,증산,4364,4537,8901
20220101,6호선,창신,1309,1104,2413
20220101,6호선,청구,1258,1237,2495
20220101,6호선,태릉입구,2249,2439,4688
20220101,6호선,한강진,5417,6074,11491
20220101,6호선,합정,6695,6122,12817
20220101,6호선,화랑대,3640,3191,6831
20220101,6호선,효창공원앞,2388,2105,4493
20220101,7호선,가산디지털단지,9016,7932,16948
20220101,7호선,강남구청,3317,3470,6787
20220101,7호선,건대입구,6113,6462,12575
20220101,7호선,고속터미널,6805,4829,11634
20220101,7호선,공릉,4812,4860,9672
20220101,7호선,광명사거리,9727,9687,19414
20220101,7호선,군자,5938,4709,10647
20220101,7호선,굴포천,2,0,2
20220101,7호선,남구로,5309,5399,10708
20220101,7호선,남성,4096,3940,8036
20220101,7호선,내방,3514,3427,6941
20220101,7호선,노원,7963,8076,16039
20220101,7호선,논현,4681,4739,9420
20220101,7호선,대림,5540,5581,11121
20220101,7호선,도봉산,3393,5082,8475
20220101,7호선,뚝섬유원지,3864,3658,7522
20220101,7호선,마들,5163,5126,10289
20220101,7호선,먹골,4191,4164,8355
20220101,7호선,면목,6160,6241,12401
20220101,7호선,반포,2099,2027,4126
20220101,7호선,보라매,3071,2998,6069
20220101,7호선,부천시청,1,0,1
20220101,7호선,부평구청,1,0,1
20220101,7호선,사가정,6932,6677,13609
20220101,7호선,상도,3968,3758,7726
20220101,7호선,상봉,7178,6724,13902
20220101,7호선,수락산,5660,5453,11113
20220101,7호선,숭실대입구,3870,4157,8027
20220101,7호선,신대방삼거리,6131,5963,12094
20220101,7호선,신중동,3,0,3
20220101,7호선,신풍,4307,4136,8443
20220101,7호선,어린이대공원,4664,4507,9171
20220101,7호선,온수,2839,3001,5840
20220101,7호선,용마산,2554,2749,5303
20220101,7호선,이수,5921,5493,11414
20220101,7호선,장승배기,3472,3561,7033
20220101,7호선,장암,726,529,1255
20220101,7호선,중계,5003,4677,9680
20220101,7호선,중곡,3969,3847,7816
20220101,7호선,중화,4220,4206,8426
20220101,7호선,천왕,3682,3662,7344
20220101,7호선,철산,7963,8160,16123
20220101,7호선,청담,4282,4279,8561
20220101,7호선,태릉입구,3370,3161,6531
20220101,7호선,하계,6656,6447,13103
20220101,7호선,학동,3245,3172,6417
20220101,8호선,가락시장,2644,2828,5472
20220101,8호선,강동구청,3371,3526,6897
20220101,8호선,남위례,1367,1592,2959
20220101,8호선,남한산성입구,5323,5004,10327
20220101,8호선,단대오거리,4316,4142,8458
20220101,8호선,모란,2208,1927,4135
20220101,8호선,몽촌토성,2779,2571,5350
20220101,8호선,문정,3686,3717,7403
20220101,8호선,복정,3374,3023,6397
20220101,8호선,산성,2435,2447,4882
20220101,8호선,석촌,3107,3797,6904
20220101,8호선,송파,2576,2707,5283
20220101,8호선,수진,2462,2262,4724
20220101,8호선,신흥,2273,2602,4875
20220101,8호선,암사,6855,6471,13326
20220101,8호선,잠실,8337,9287,17624
20220101,8호선,장지,7522,7404,14926
20220101,8호선,천호,6431,7632,14063
20220101,9호선,가양,7454,7393,14847
20220101,9호선,개화,888,806,1694
20220101,9호선,고속터미널,5747,8054,13801
20220101,9호선,공항시장,1414,1491,2905
20220101,9호선,구반포,374,367,741
20220101,9호선,국회의사당,2450,2192,4642
20220101,9호선,김포공항,5785,7500,13285
20220101,9호선,노들,1846,1592,3438
20220101,9호선,노량진,11914,12084,23998
20220101,9호선,당산,6380,6129,12509
20220101,9호선,동작,979,871,1850
20220101,9호선,등촌,3980,4040,8020
20220101,9호선,마곡나루,3936,3840,7776
20220101,9호선,사평,1135,1165,2300
20220101,9호선,샛강,1321,1284,2605
20220101,9호선,선유도,2097,2041,4138
20220101,9호선,신논현,11872,11567,23439
20220101,9호선,신목동,1286,1123,2409
20220101,9호선,신반포,915,923,1838
20220101,9호선,신방화,2613,2658,5271
20220101,9호선,양천향교,3038,3065,6103
20220101,9호선,여의도,4901,4639,9540
20220101,9호선,염창,6195,6059,12254
20220101,9호선,증미,2496,2544,5040
20220101,9호선,흑석,2765,2866,5631
20220101,9호선2~3단계,둔촌오륜,301,293,594
20220101,9호선2~3단계,봉은사,6418,6599,13017
20220101,9호선2~3단계,삼성중앙,1369,1342,2711
20220101,9호선2~3단계,삼전,2776,2658,5434
20220101,9호선2~3단계,석촌,3312,2852,6164
20220101,9호선2~3단계,석촌고분,2375,2318,4693
20220101,9호선2~3단계,선정릉,1905,2062,3967
20220101,9호선2~3단계,송파나루,2349,2546,4895
20220101,9호선2~3단계,언주,2197,2177,4374
20220101,9호선2~3단계,올림픽공원,5633,5455,11088
20220101,9호선2~3단계,종합운동장,1485,1472,2957
20220101,9호선2~3단계,중앙보훈병원,2192,2310,4502
20220101,9호선2~3단계,한성백제,931,822,1753
20220101,경강선,경기광주,2922,3062,5984
20220101,경강선,곤지암,1251,1182,2433
20220101,경강선,부발,1223,1233,2456
20220101,경강선,삼동,749,681,1430
20220101,경강선,세종대왕릉,161,195,356
20220101,경강선,신둔도예촌,589,579,1168
20220101,경강선,여주,1329,1328,2657
20220101,경강선,이매,519,317,836
20220101,경강선,이천,1644,1720,3364
20220101,경강선,초월,1169,1135,2304
20220101,경강선,판교,1427,1260,2687
20220101,경부선,가산디지털단지,3643,5070,8713
20220101,경부선,관악,3254,3061,6315
20220101,경부선,광명,1527,1276,2803
20220101,경부선,구로,7339,7617,14956
20220101,경부선,군포,2476,2230,4706
20220101,경부선,금정,10218,10393,20611
20220101,경부선,금천구청,4596,4650,9246
20220101,경부선,남영,3089,3046,6135
20220101,경부선,노량진,5028,4908,9936
20220101,경부선,당정,2205,2137,4342
20220101,경부선,대방,4284,4259,8543
20220101,경부선,독산,4704,4655,9359
20220101,경부선,두정,2964,2944,5908
20220101,경부선,명학,2482,2353,4835
20220101,경부선,병점,7334,7617,14951
20220101,경부선,서동탄,502,526,1028
20220101,경부선,서울역,3983,1105,5088
20220101,경부선,서정리,3572,3493,7065
20220101,경부선,석수,3675,3478,7153
20220101,경부선,성균관대,5914,6247,12161
20220101,경부선,성환,1878,1795,3673
20220101,경부선,세류,1498,1549,3047
20220101,경부선,세마,1243,1182,2425
20220101,경부선,송탄,2889,2713,5602
20220101,경부선,수원,24644,25858,50502
20220101,경부선,신길,3252,2893,6145
20220101,경부선,신도림,1490,1275,2765
20220101,경부선,안양,10329,10440,20769
20220101,경부선,영등포,24257,24411,48668
20220101,경부선,오산,6174,6117,12291
20220101,경부선,오산대,1757,1558,3315
20220101,경부선,용산,22345,22394,44739
20220101,경부선,의왕,3292,3300,6592
20220101,경부선,직산,395,364,759
20220101,경부선,진위,627,568,1195
20220101,경부선,천안,3883,4082,7965
20220101,경부선,평택,8433,8221,16654
20220101,경부선,평택지제,1715,1621,3336
20220101,경부선,화서,2910,2947,5857
20220101,경원선,가능,2996,2855,5851
20220101,경원선,광운대,3040,3166,6206
20220101,경원선,녹양,2000,2031,4031
20220101,경원선,녹천,1934,1633,3567
20220101,경원선,덕계,1203,1182,2385
20220101,경원선,덕정,2668,2576,5244
20220101,경원선,도봉,2638,2480,5118
20220101,경원선,도봉산,5421,3866,9287
20220101,경원선,동두천,959,1154,2113
20220101,경원선,동두천중앙,1617,1626,3243
20220101,경원선,망월사,3245,3429,6674
20220101,경원선,방학,4376,4204,8580
20220101,경원선,보산,883,991,1874
20220101,경원선,서빙고,750,695,1445
20220101,경원선,석계,3821,4189,8010
20220101,경원선,소요산,2218,1982,4200
20220101,경원선,신이문,3480,3310,6790
20220101,경원선,양주,3605,3514,7119
20220101,경원선,옥수,28,28,56
20220101,경원선,왕십리,7197,8126,15323
20220101,경원선,외대앞,3374,3345,6719
20220101,경원선,월계,2796,2675,5471
20220101,경원선,응봉,876,794,1670
20220101,경원선,의정부,10507,10890,21397
20220101,경원선,이촌,1274,1053,2327
20220101,경원선,지행,3454,3406,6860
20220101,경원선,창동,1,0,1
20220101,경원선,청량리,9450,9171,18621
20220101,경원선,한남,1487,1363,2850
20220101,경원선,회룡,5162,5301,10463
20220101,경의선,가좌,2017,1980,3997
20220101,경의선,강매,1078,1085,2163
20220101,경의선,곡산,223,222,445
20220101,경의선,공덕,1251,1060,2311
20220101,경의선,금릉,2226,2242,4468
20220101,경의선,금촌,3655,3696,7351
20220101,경의선,능곡,1562,1524,3086
20220101,경의선,디지털미디어시티,1025,905,1930
20220101,경의선,문산,2792,2863,5655
20220101,경의선,백마,2377,2411,4788
20220101,경의선,서강대,929,856,1785
20220101,경의선,서울역,687,726,1413
20220101,경의선,수색,677,686,1363
20220101,경의선,신촌,181,212,393
20220101,경의선,야당,4003,3880,7883
20220101,경의선,운정,2739,2779,5518
20220101,경의선,월롱,757,813,1570
20220101,경의선,일산,3367,3452,6819
20220101,경의선,임진강,56,73,129
20220101,경의선,탄현,3023,3009,6032
20220101,경의선,파주,482,424,906
20220101,경의선,풍산,2502,2511,5013
20220101,경의선,행신,2954,3044,5998
20220101,경의선,홍대입구,1134,1294,2428
20220101,경의선,화전,515,449,964
20220101,경의선,효창공원앞,934,1056,1990
20220101,경인선,간석,2500,2449,4949
20220101,경인선,개봉,8815,9030,17845
20220101,경인선,구일,2408,2385,4793
20220101,경인선,도원,1306,1401,2707
20220101,경인선,도화,1894,1826,3720
20220101,경인선,동암,7406,7824,15230
20220101,경인선,동인천,7494,7323,14817
20220101,경인선,백운,3037,3105,6142
20220101,경인선,부개,3717,3559,7276
20220101,경인선,부천,18252,18977,37229
20220101,경인선,부평,19542,21240,40782
20220101,경인선,소사,3831,3896,7727
20220101,경인선,송내,9835,9716,19551
20220101,경인선,역곡,11594,11696,23290
20220101,경인선,오류동,5400,5191,10591
20220101,경인선,온수,2784,2648,5432
20220101,경인선,인천,3511,2837,6348
20220101,경인선,제물포,4285,4358,8643
20220101,경인선,주안,9520,8463,17983
20220101,경인선,중동,3811,3747,7558
20220101,경춘선,가평,1183,1126,2309
20220101,경춘선,갈매,996,977,1973
20220101,경춘선,강촌,304,319,623
20220101,경춘선,굴봉산,118,122,240
20220101,경춘선,금곡,643,614,1257
20220101,경춘선,김유정,207,200,407
20220101,경춘선,남춘천,1573,1664,3237
20220101,경춘선,대성리,391,247,638
20220101,경춘선,마석,1805,1841,3646
20220101,경춘선,백양리,326,255,581
20220101,경춘선,별내,1348,1285,2633
20220101,경춘선,사릉,1227,1256,2483
20220101,경춘선,상천,151,146,297
20220101,경춘선,신내,652,648,1300
20220101,경춘선,천마산,800,805,1605
20220101,경춘선,청평,1089,1001,2090
20220101,경춘선,춘천,976,904,1880
20220101,경춘선,퇴계원,1457,1421,2878
20220101,경춘선,평내호평,2636,2550,5186
20220101,공항철도 1호선,검암,2523,2697,5220
20220101,공항철도 1호선,계양,3715,3735,7450
20220101,공항철도 1호선,공덕,805,1177,1982
20220101,공항철도 1호선,공항화물청사,1055,1057,2112
20220101,공항철도 1호선,김포공항,8828,4204,13032
20220101,공항철도 1호선,디지털미디어시티,2655,2457,5112
20220101,공항철도 1호선,마곡나루,1551,1591,3142
20220101,공항철도 1호선,서울역,4845,4299,9144
20220101,공항철도 1호선,영종,1904,1839,3743
20220101,공항철도 1호선,운서,4110,4080,8190
20220101,공항철도 1호선,인천공항1터미널,3601,3377,6978
20220101,공항철도 1호선,인천공항2터미널,1684,1522,3206
20220101,공항철도 1호선,청라국제도시,2333,2353,4686
20220101,공항철도 1호선,홍대입구,6979,6898,13877
20220101,과천선,경마공원,378,371,749
20220101,과천선,과천,2325,2194,4519
20220101,과천선,대공원,1856,1869,3725
20220101,과천선,범계,10536,10290,20826
20220101,과천선,선바위,2468,2233,4701
20220101,과천선,인덕원,8031,8303,16334
20220101,과천선,정부과천청사,3162,3153,6315
20220101,과천선,평촌,4657,4604,9261
20220101,분당선,가천대,2542,2988,5530
20220101,분당선,강남구청,2024,2355,4379
20220101,분당선,개포동,1114,1121,2235
20220101,분당선,구룡,468,542,1010
20220101,분당선,구성,1805,1908,3713
20220101,분당선,기흥,3933,3873,7806
20220101,분당선,대모산입구,1430,1409,2839
20220101,분당선,도곡,1858,1799,3657
20220101,분당선,망포,5250,5034,10284
20220101,분당선,매교,1075,1049,2124
20220101,분당선,매탄권선,2034,2085,4119
20220101,분당선,모란,8977,9270,18247
20220101,분당선,미금,5774,6011,11785
20220101,분당선,보정,833,801,1634
20220101,분당선,복정,1,0,1
20220101,분당선,상갈,2335,2371,4706
20220101,분당선,서울숲,3164,3292,6456
20220101,분당선,서현,11052,10765,21817
20220101,분당선,선릉,1980,2837,4817
20220101,분당선,선정릉,1210,1218,2428
20220101,분당선,수내,3887,3641,7528
20220101,분당선,수서,5513,5557,11070
20220101,분당선,수원,4789,4007,8796
20220101,분당선,수원시청,6412,6209,12621
20220101,분당선,신갈,1426,1522,2948
20220101,분당선,압구정로데오,5891,6496,12387
20220101,분당선,야탑,9563,10027,19590
20220101,분당선,영통,4036,3958,7994
20220101,분당선,오리,4144,3475,7619
20220101,분당선,이매,2019,2134,4153
20220101,분당선,정자,5621,5722,11343
20220101,분당선,죽전,5099,5796,10895
20220101,분당선,청명,1364,1469,2833
20220101,분당선,태평,6305,5972,12277
20220101,분당선,한티,5769,5517,11286
20220101,수인선,고색,1544,1512,3056
20220101,수인선,남동인더스파크,441,362,803
20220101,수인선,달월,38,55,93
20220101,수인선,사리,2162,1974,4136
20220101,수인선,소래포구,3911,3837,7748
20220101,수인선,송도,1354,1324,2678
20220101,수인선,숭의,1636,1500,3136
20220101,수인선,신포,1010,992,2002
20220101,수인선,야목,152,122,274
20220101,수인선,어천,427,416,843
20220101,수인선,연수,2297,2372,4669
20220101,수인선,오목천,1239,1112,2351
20220101,수인선,원인재,2188,2402,4590
20220101,수인선,월곶,1348,1284,2632
20220101,수인선,인천,1172,1569,2741
20220101,수인선,인천논현,2600,2694,5294
20220101,수인선,인하대,2640,2546,5186
20220101,수인선,호구포,1548,1489,3037
20220101,안산선,고잔,3162,3166,6328
20220101,안산선,대야미,2182,1982,4164
20220101,안산선,반월,1970,1970,3940
20220101,안산선,산본,6805,6259,13064
20220101,안산선,상록수,7257,7467,14724
20220101,안산선,수리산,1548,1470,3018
20220101,안산선,신길온천,869,821,1690
20220101,안산선,안산,7473,7880,15353
20220101,안산선,오이도,5359,5296,10655
20220101,안산선,정왕,4086,4310,8396
20220101,안산선,중앙,9574,9814,19388
20220101,안산선,초지,1778,1866,3644
20220101,안산선,한대앞,4099,4233,8332
20220101,우이신설선,4.19민주묘지,1374,1227,2601
20220101,우이신설선,가오리,1814,1754,3568
20220101,우이신설선,보문,741,656,1397
20220101,우이신설선,북한산보국문,2808,2504,5312
20220101,우이신설선,북한산우이,2603,2554,5157
20220101,우이신설선,삼양,934,985,1919
20220101,우이신설선,삼양사거리,1183,1215,2398
20220101,우이신설선,성신여대입구,1771,2160,3931
20220101,우이신설선,솔밭공원,1073,1012,2085
20220101,우이신설선,솔샘,2149,2052,4201
20220101,우이신설선,신설동,791,844,1635
20220101,우이신설선,정릉,1969,1772,3741
20220101,우이신설선,화계,1597,1464,3061
20220101,일산선,대곡,721,534,1255
20220101,일산선,대화,4677,4190,8867
20220101,일산선,마두,2568,2642,5210
20220101,일산선,백석,4287,4281,8568
20220101,일산선,삼송,8752,8588,17340
20220101,일산선,원당,4609,4594,9203
20220101,일산선,원흥,3952,3997,7949
20220101,일산선,정발산,3824,3861,7685
20220101,일산선,주엽,3259,3354,6613
20220101,일산선,화정,7575,7999,15574
20220101,장항선,배방,577,558,1135
20220101,장항선,봉명,401,354,755
20220101,장항선,신창,606,603,1209
20220101,장항선,쌍용,819,791,1610
20220101,장항선,아산,1705,1503,3208
20220101,장항선,온양온천,2469,2493,4962
20220101,장항선,탕정,197,180,377
20220101,중앙선,구리,5372,5743,11115
20220101,중앙선,국수,337,378,715
20220101,중앙선,덕소,2626,2727,5353
20220101,중앙선,도농,3751,3812,7563
20220101,중앙선,도심,868,795,1663
20220101,중앙선,망우,3549,3588,7137
20220101,중앙선,상봉,2911,2736,5647
20220101,중앙선,신원,110,108,218
20220101,중앙선,아신,278,314,592
20220101,중앙선,양수,1149,1169,2318
20220101,중앙선,양원,655,680,1335
20220101,중앙선,양정,277,203,480
20220101,중앙선,양평,1432,1481,2913
20220101,중앙선,오빈,144,142,286
20220101,중앙선,용문,1171,1224,2395
20220101,중앙선,운길산,689,667,1356
20220101,중앙선,원덕,171,190,361
20220101,중앙선,중랑,2451,2381,4832
20220101,중앙선,지평,24,40,64
20220101,중앙선,팔당,838,820,1658
20220101,중앙선,회기,10723,10388,21111
20220102,1호선,동대문,7925,7654,15579
20220102,1호선,동묘앞,10028,10292,20320
20220102,1호선,서울역,26464,20031,46495
20220102,1호선,시청,5933,5744,11677
20220102,1호선,신설동,5989,6218,12207
20220102,1호선,제기동,7793,8559,16352
20220102,1호선,종각,10056,8862,18918
20220102,1호선,종로3가,11357,10036,21393
20220102,1호선,종로5가,7065,7156,14221
20220102,1호선,청량리,10719,10816,21535
20220102,2호선,강남,28851,27608,56459
20220102,2호선,강변,19839,16427,36266
20220102,2호선,건대입구,22711,24285,46996
20220102,2호선,교대,8357,9224,17581
20220102,2호선,구로디지털단지,19473,20224,39697
20220102,2호선,구의,9237,9886,19123
20220102,2호선,낙성대,12310,14112,26422
20220102,2호선,당산,6727,7314,14041
20220102,2호선,대림,11906,12223,24129
20220102,2호선,도림천,379,418,797
20220102,2호선,동대문역사문화공원,6265,6923,13188
20220102,2호선,뚝섬,7108,7317,14425
20220102,2호선,문래,5972,6236,12208
20220102,2호선,방배,5546,5866,11412
20220102,2호선,봉천,9799,10421,20220
20220102,2호선,사당,16722,18540,35262
20220102,2호선,삼성,17182,16571,33753
20220102,2호선,상왕십리,5766,6122,11888
20220102,2호선,서울대입구,21118,23761,44879
20220102,2호선,서초,9894,9108,19002
20220102,2호선,선릉,9592,8449,18041
20220102,2호선,성수,10290,11533,21823
20220102,2호선,시청,4292,3507,7799
20220102,2호선,신답,602,633,1235
20220102,2호선,신당,6697,7268,13965
20220102,2호선,신대방,12379,12956,25335
20220102,2호선,신도림,21220,21784,43004
20220102,2호선,신림,30662,32909,63571
20220102,2호선,신설동,2298,2550,4848
20220102,2호선,신정네거리,4437,4479,8916
20220102,2호선,신촌,17755,17927,35682
20220102,2호선,아현,4335,4418,8753
20220102,2호선,양천구청,2756,2825,5581
20220102,2호선,역삼,9117,10127,19244
20220102,2호선,영등포구청,6306,6771,13077
20220102,2호선,왕십리,7469,7281,14750
20220102,2호선,용답,1387,1507,2894
20220102,2호선,용두,957,998,1955
20220102,2호선,을지로3가,6412,6183,12595
20220102,2호선,을지로4가,2417,2334,4751
20220102,2호선,을지로입구,15144,14139,29283
20220102,2호선,이대,5374,6263,11637
20220102,2호선,잠실,41857,38814,80671
20220102,2호선,잠실나루,4344,4411,8755
20220102,2호선,잠실새내,9297,9781,19078
20220102,2호선,종합운동장,4138,4560,8698
20220102,2호선,충정로,2847,3021,5868
20220102,2호선,한양대,1657,1862,3519
20220102,2호선,합정,16022,16990,33012
20220102,2호선,홍대입구,39667,39606,79273
20220102,3호선,가락시장,3140,3412,6552
20220102,3호선,경복궁,8101,8467,16568
20220102,3호선,경찰병원,2186,2420,4606
20220102,3호선,고속터미널,39814,30429,70243
20220102,3호선,교대,3241,2139,5380
20220102,3호선,구파발,9439,9582,19021
20220102,3호선,금호,3556,3472,7028
20220102,3호선,남부터미널,12278,11483,23761
20220102,3호선,녹번,6065,5509,11574
20220102,3호선,대청,3550,3577,7127
20220102,3호선,대치,5248,4598,9846
20220102,3호선,도곡,1612,1769,3381
20220102,3호선,독립문,3143,3493,6636
20220102,3호선,동대입구,4375,4970,9345
20220102,3호선,매봉,3436,3470,6906
20220102,3호선,무악재,1462,1663,3125
20220102,3호선,불광,8004,9452,17456
20220102,3호선,수서,9629,8463,18092
20220102,3호선,신사,11108,10958,22066
20220102,3호선,안국,7682,8406,16088
20220102,3호선,압구정,11469,12084,23553
20220102,3호선,약수,5491,5522,11013
20220102,3호선,양재,10604,12674,23278
20220102,3호선,연신내,18040,17330,35370
20220102,3호선,오금,2220,2222,4442
20220102,3호선,옥수,3919,4299,8218
20220102,3호선,을지로3가,2519,2382,4901
20220102,3호선,일원,2936,3181,6117
20220102,3호선,잠원,1948,2075,4023
20220102,3호선,종로3가,3043,3936,6979
20220102,3호선,지축,1728,1656,3384
20220102,3호선,충무로,1,0,1
20220102,3호선,학여울,657,704,1361
20220102,3호선,홍제,7597,7319,14916
20220102,4호선,길음,8502,8494,16996
20220102,4호선,남태령,510,430,940
20220102,4호선,노원,10630,11595,22225
20220102,4호선,당고개,6569,6249,12818
20220102,4호선,동대문,5094,5173,10267
20220102,4호선,동대문역사문화공원,7350,6273,13623
20220102,4호선,동작,681,749,1430
20220102,4호선,명동,11202,11327,22529
20220102,4호선,미아,6519,6499,13018
20220102,4호선,미아사거리,14176,13609,27785
20220102,4호선,사당,11615,11338,22953
20220102,4호선,삼각지,1974,2515,4489
20220102,4호선,상계,8935,8228,17163
20220102,4호선,서울역,3227,7255,10482
20220102,4호선,성신여대입구,10387,10602,20989
20220102,4호선,수유,16850,16612,33462
20220102,4호선,숙대입구,5667,5564,11231
20220102,4호선,신용산,7628,6981,14609
20220102,4호선,쌍문,13439,12423,25862
20220102,4호선,이촌,4012,4528,8540
20220102,4호선,창동,12796,13175,25971
20220102,4호선,총신대입구,8233,9125,17358
20220102,4호선,충무로,6031,6199,12230
20220102,4호선,한성대입구,6097,6353,12450
20220102,4호선,혜화,17491,18280,35771
20220102,4호선,회현,9036,9104,18140
20220102,5호선,강동,7051,7495,14546
20220102,5호선,강일,1711,1693,3404
20220102,5호선,개롱,2464,2753,5217
20220102,5호선,개화산,2333,2414,4747
20220102,5호선,거여,3498,3420,6918
20220102,5호선,고덕,3760,3853,7613
20220102,5호선,공덕,3612,3701,7313
20220102,5호선,광나루,6287,6123,12410
20220102,5호선,광화문,8709,8581,17290
20220102,5호선,군자,5014,5587,10601
20220102,5호선,굽은다리,4832,4654,9486
20220102,5호선,길동,3642,3824,7466
20220102,5호선,김포공항,7284,6233,13517
20220102,5호선,까치산,13229,13561,26790
20220102,5호선,답십리,6445,6300,12745
20220102,5호선,동대문역사문화공원,667,781,1448
20220102,5호선,둔촌동,3975,4068,8043
20220102,5호선,마곡,3030,3254,6284
20220102,5호선,마장,2334,2271,4605
20220102,5호선,마천,2957,3137,6094
20220102,5호선,마포,3830,4046,7876
20220102,5호선,명일,4168,4373,8541
20220102,5호선,목동,6407,6795,13202
20220102,5호선,미사,7374,7698,15072
20220102,5호선,발산,7448,8020,15468
20220102,5호선,방이,3319,3278,6597
20220102,5호선,방화,3244,3285,6529
20220102,5호선,상일동,5747,5574,11321
20220102,5호선,서대문,4268,4308,8576
20220102,5호선,송정,3175,3281,6456
20220102,5호선,신금호,2577,2888,5465
20220102,5호선,신길,1439,1871,3310
20220102,5호선,신정,5395,5120,10515
20220102,5호선,아차산,8733,8893,17626
20220102,5호선,애오개,2221,2318,4539
20220102,5호선,양평,2168,2434,4602
20220102,5호선,여의나루,4297,5071,9368
20220102,5호선,여의도,6590,6657,13247
20220102,5호선,영등포구청,1142,1214,2356
20220102,5호선,영등포시장,3770,4313,8083
20220102,5호선,오금,1233,1225,2458
20220102,5호선,오목교,10065,10408,20473
20220102,5호선,올림픽공원,2184,1984,4168
20220102,5호선,왕십리,2279,2650,4929
20220102,5호선,우장산,5974,6091,12065
20220102,5호선,을지로4가,1127,1201,2328
20220102,5호선,장한평,6526,7026,13552
20220102,5호선,종로3가,6867,6228,13095
20220102,5호선,천호,11082,10250,21332
20220102,5호선,청구,1558,1378,2936
20220102,5호선,충정로,1170,1231,2401
20220102,5호선,하남검단산,3779,3697,7476
20220102,5호선,하남시청,3379,3183,6562
20220102,5호선,하남풍산,1777,1910,3687
20220102,5호선,행당,3243,3039,6282
20220102,5호선,화곡,12405,11732,24137
20220102,6호선,고려대,3120,3291,6411
20220102,6호선,공덕,5531,5440,10971
20220102,6호선,광흥창,3415,3501,6916
20220102,6호선,구산,3210,2523,5733
20220102,6호선,녹사평,2831,2791,5622
20220102,6호선,대흥,2953,3301,6254
20220102,6호선,독바위,1230,1526,2756
20220102,6호선,돌곶이,4200,4174,8374
20220102,6호선,동묘앞,4739,4619,9358
20220102,6호선,디지털미디어시티,4125,4423,8548
20220102,6호선,마포구청,5788,5772,11560
20220102,6호선,망원,7652,8426,16078
20220102,6호선,버티고개,809,986,1795
20220102,6호선,보문,3177,3249,6426
20220102,6호선,봉화산,3366,3339,6705
20220102,6호선,불광,2574,2272,4846
20220102,6호선,삼각지,2536,2135,4671
20220102,6호선,상수,4789,5742,10531
20220102,6호선,상월곡,2565,2421,4986
20220102,6호선,새절,5473,5506,10979
20220102,6호선,석계,5373,5513,10886
20220102,6호선,신당,3218,3066,6284
20220102,6호선,안암,3458,4006,7464
20220102,6호선,약수,1382,1418,2800
20220102,6호선,역촌,1735,2022,3757
20220102,6호선,월곡,4455,4723,9178
20220102,6호선,월드컵경기장,2599,2599,5198
20220102,6호선,응암,7938,8201,16139
20220102,6호선,이태원,7271,6801,14072
20220102,6호선,증산,4621,4830,9451
20220102,6호선,창신,1373,1290,2663
20220102,6호선,청구,1380,1370,2750
20220102,6호선,태릉입구,2554,2678,5232
20220102,6호선,한강진,4733,5372,10105
20220102,6호선,합정,7529,6658,14187
20220102,6호선,화랑대,4146,3548,7694
20220102,6호선,효창공원앞,2712,2467,5179
20220102,7호선,가산디지털단지,8629,8532,17161
20220102,7호선,강남구청,3931,4294,8225
20220102,7호선,건대입구,7000,7162,14162
20220102,7호선,고속터미널,12940,6335,19275
20220102,7호선,공릉,5330,5721,11051
20220102,7호선,광명사거리,10840,10749,21589
20220102,7호선,군자,6208,5331,11539
20220102,7호선,굴포천,1,0,1
20220102,7호선,까치울,1,0,1
20220102,7호선,남구로,5838,5661,11499
20220102,7호선,남성,4508,4810,9318
20220102,7호선,내방,4272,4591,8863
20220102,7호선,노원,10362,10194,20556
20220102,7호선,논현,4758,5343,10101
20220102,7호선,대림,5775,5368,11143
20220102,7호선,도봉산,4281,5950,10231
20220102,7호선,뚝섬유원지,3615,3566,7181
20220102,7호선,마들,4913,4847,9760
20220102,7호선,먹골,4637,4420,9057
20220102,7호선,면목,6861,6848,13709
20220102,7호선,반포,2481,2420,4901
20220102,7호선,보라매,3405,3602,7007
20220102,7호선,부천시청,1,0,1
20220102,7호선,사가정,7612,7553,15165
20220102,7호선,상도,4128,4563,8691
20220102,7호선,상봉,8021,7896,15917
20220102,7호선,수락산,6744,6582,13326
20220102,7호선,숭실대입구,4473,5149,9622
20220102,7호선,신대방삼거리,6506,6960,13466
20220102,7호선,신풍,5060,4829,9889
20220102,7호선,어린이대공원,5046,5635,10681
20220102,7호선,온수,3305,3365,6670
20220102,7호선,용마산,2638,3061,5699
20220102,7호선,이수,7063,6924,13987
20220102,7호선,장승배기,3975,4120,8095
20220102,7호선,장암,931,556,1487
20220102,7호선,중계,5599,5357,10956
20220102,7호선,중곡,4591,4530,9121
20220102,7호선,중화,4689,4718,9407
20220102,7호선,천왕,4108,4039,8147
20220102,7호선,철산,8706,8737,17443
20220102,7호선,청담,4852,5229,10081
20220102,7호선,태릉입구,3813,3629,7442
20220102,7호선,하계,7642,7262,14904
20220102,7호선,학동,4269,4686,8955
20220102,8호선,가락시장,2587,3313,5900
20220102,8호선,강동구청,3987,4302,8289
20220102,8호선,남위례,1560,1796,3356
20220102,8호선,남한산성입구,5625,5333,10958
20220102,8호선,단대오거리,4737,4721,9458
20220102,8호선,모란,2400,1983,4383
20220102,8호선,몽촌토성,2790,2862,5652
20220102,8호선,문정,3765,4409,8174
20220102,8호선,복정,3633,3498,7131
20220102,8호선,산성,2646,2693,5339
20220102,8호선,석촌,3587,4643,8230
20220102,8호선,송파,3028,3320,6348
20220102,8호선,수진,2671,2496,5167
20220102,8호선,신흥,2385,2611,4996
20220102,8호선,암사,7687,7350,15037
20220102,8호선,잠실,9634,10188,19822
20220102,8호선,장지,8000,8381,16381
20220102,8호선,천호,7651,9029,16680
20220102,9호선,가양,8201,8663,16864
20220102,9호선,개화,808,790,1598
20220102,9호선,고속터미널,9114,10548,19662
20220102,9호선,공항시장,1523,1707,3230
20220102,9호선,구반포,471,462,933
20220102,9호선,국회의사당,3731,3447,7178
20220102,9호선,김포공항,7550,9801,17351
20220102,9호선,노들,2110,1966,4076
20220102,9호선,노량진,11771,13531,25302
20220102,9호선,당산,6893,7440,14333
20220102,9호선,동작,1006,830,1836
20220102,9호선,등촌,4364,4656,9020
20220102,9호선,마곡나루,4081,4380,8461
20220102,9호선,사평,1353,1448,2801
20220102,9호선,샛강,1347,1380,2727
20220102,9호선,선유도,2131,2391,4522
20220102,9호선,신논현,13234,12492,25726
20220102,9호선,신목동,1427,1327,2754
20220102,9호선,신반포,1328,1321,2649
20220102,9호선,신방화,3021,3038,6059
20220102,9호선,양천향교,3297,3844,7141
20220102,9호선,여의도,7506,6835,14341
20220102,9호선,염창,6847,7311,14158
20220102,9호선,증미,2648,2964,5612
20220102,9호선,흑석,3220,3460,6680
20220102,9호선2~3단계,둔촌오륜,350,392,742
20220102,9호선2~3단계,봉은사,5861,6141,12002
20220102,9호선2~3단계,삼성중앙,1491,1670,3161
20220102,9호선2~3단계,삼전,2926,3136,6062
20220102,9호선2~3단계,석촌,3756,3520,7276
20220102,9호선2~3단계,석촌고분,2520,2735,5255
20220102,9호선2~3단계,선정릉,2156,2523,4679
20220102,9호선2~3단계,송파나루,2618,2984,5602
20220102,9호선2~3단계,언주,2613,2890,5503
20220102,9호선2~3단계,올림픽공원,4392,4333,8725
20220102,9호선2~3단계,종합운동장,1651,1751,3402
20220102,9호선2~3단계,중앙보훈병원,2746,2709,5455
20220102,9호선2~3단계,한성백제,1049,1079,2128
20220102,경강선,경기광주,3581,3390,6971
20220102,경강선,곤지암,1333,1454,2787
20220102,경강선,부발,1652,2166,3818
20220102,경강선,삼동,918,922,1840
20220102,경강선,세종대왕릉,223,198,421
20220102,경강선,신둔도예촌,817,710,1527
20220102,경강선,여주,1918,1566,3484
20220102,경강선,이매,563,449,1012
20220102,경강선,이천,1957,2065,4022
20220102,경강선,초월,1415,1415,2830
20220102,경강선,판교,2469,2330,4799
20220102,경부선,가산디지털단지,3867,5643,9510
20220102,경부선,관악,3757,3347,7104
20220102,경부선,광명,2595,1546,4141
20220102,경부선,구로,7787,7701,15488
20220102,경부선,군포,2443,2453,4896
20220102,경부선,금정,11130,11646,22776
20220102,경부선,금천구청,5324,5153,10477
20220102,경부선,남영,3803,4235,8038
20220102,경부선,노량진,4725,4806,9531
20220102,경부선,당정,2616,2553,5169
20220102,경부선,대방,4796,5467,10263
20220102,경부선,독산,4949,5259,10208
20220102,경부선,두정,3286,3617,6903
20220102,경부선,명학,2575,2598,5173
20220102,경부선,병점,7829,8665,16494
20220102,경부선,서동탄,649,679,1328
20220102,경부선,서울역,8276,1456,9732
20220102,경부선,서정리,3595,5927,9522
20220102,경부선,석수,4205,4071,8276
20220102,경부선,성균관대,6249,6931,13180
20220102,경부선,성환,1798,2287,4085
20220102,경부선,세류,1703,1653,3356
20220102,경부선,세마,1408,1381,2789
20220102,경부선,송탄,2976,3876,6852
20220102,경부선,수원,30134,28307,58441
20220102,경부선,신길,3700,3570,7270
20220102,경부선,신도림,1692,1663,3355
20220102,경부선,안양,11263,10822,22085
20220102,경부선,영등포,29293,28250,57543
20220102,경부선,오산,6742,7507,14249
20220102,경부선,오산대,1728,1681,3409
20220102,경부선,용산,31414,24205,55619
20220102,경부선,의왕,3474,3592,7066
20220102,경부선,직산,479,543,1022
20220102,경부선,진위,742,709,1451
20220102,경부선,천안,5021,4792,9813
20220102,경부선,평택,9807,10202,20009
20220102,경부선,평택지제,2340,2132,4472
20220102,경부선,화서,3259,3126,6385
20220102,경원선,가능,3229,3049,6278
20220102,경원선,광운대,3441,3578,7019
20220102,경원선,녹양,2261,2092,4353
20220102,경원선,녹천,2185,1839,4024
20220102,경원선,덕계,1496,1361,2857
20220102,경원선,덕정,2802,3050,5852
20220102,경원선,도봉,2954,2799,5753
20220102,경원선,도봉산,6606,4567,11173
20220102,경원선,동두천,1068,1252,2320
20220102,경원선,동두천중앙,1754,1608,3362
20220102,경원선,망월사,3655,3810,7465
20220102,경원선,방학,5070,4958,10028
20220102,경원선,보산,980,1151,2131
20220102,경원선,서빙고,1105,1194,2299
20220102,경원선,석계,4167,4521,8688
20220102,경원선,소요산,2820,2301,5121
20220102,경원선,신이문,3898,3737,7635
20220102,경원선,양주,4171,4007,8178
20220102,경원선,옥수,74,17,91
20220102,경원선,왕십리,8462,9540,18002
20220102,경원선,외대앞,3648,3950,7598
20220102,경원선,월계,3132,3031,6163
20220102,경원선,응봉,824,797,1621
20220102,경원선,의정부,12496,12549,25045
20220102,경원선,이촌,1901,1506,3407
20220102,경원선,지행,3703,3680,7383
20220102,경원선,청량리,13206,10555,23761
20220102,경원선,한남,1549,1559,3108
20220102,경원선,회룡,6390,6138,12528
20220102,경의선,가좌,2182,2313,4495
20220102,경의선,강매,1278,1206,2484
20220102,경의선,곡산,240,223,463
20220102,경의선,공덕,1261,1147,2408
20220102,경의선,금릉,2504,2506,5010
20220102,경의선,금촌,3528,3759,7287
20220102,경의선,능곡,1805,1781,3586
20220102,경의선,디지털미디어시티,1088,1035,2123
20220102,경의선,문산,3095,3127,6222
20220102,경의선,백마,2891,2756,5647
20220102,경의선,서강대,994,1113,2107
20220102,경의선,서울역,914,790,1704
20220102,경의선,수색,701,831,1532
20220102,경의선,신촌,218,240,458
20220102,경의선,야당,4161,3933,8094
20220102,경의선,운정,3145,3025,6170
20220102,경의선,월롱,751,1798,2549
20220102,경의선,일산,4011,3628,7639
20220102,경의선,임진강,43,58,101
20220102,경의선,탄현,3666,3353,7019
20220102,경의선,파주,568,425,993
20220102,경의선,풍산,3052,2770,5822
20220102,경의선,행신,3825,3389,7214
20220102,경의선,홍대입구,1329,1653,2982
20220102,경의선,화전,559,605,1164
20220102,경의선,효창공원앞,1096,1301,2397
20220102,경인선,간석,2806,2670,5476
20220102,경인선,개봉,9742,9885,19627
20220102,경인선,구일,2605,2624,5229
20220102,경인선,도원,1322,1328,2650
20220102,경인선,도화,2108,1959,4067
20220102,경인선,동암,8331,8074,16405
20220102,경인선,동인천,8117,7665,15782
20220102,경인선,백운,3332,3209,6541
20220102,경인선,부개,4052,3840,7892
20220102,경인선,부천,19755,19126,38881
20220102,경인선,부평,20403,20198,40601
20220102,경인선,소사,4246,3986,8232
20220102,경인선,송내,10961,10437,21398
20220102,경인선,역곡,12503,12243,24746
20220102,경인선,오류동,6108,5888,11996
20220102,경인선,온수,3014,2883,5897
20220102,경인선,인천,3053,2451,5504
20220102,경인선,제물포,4641,4373,9014
20220102,경인선,주안,9878,8635,18513
20220102,경인선,중동,4264,3989,8253
20220102,경춘선,가평,1277,955,2232
20220102,경춘선,갈매,1167,1047,2214
20220102,경춘선,강촌,409,343,752
20220102,경춘선,굴봉산,120,164,284
20220102,경춘선,금곡,704,667,1371
20220102,경춘선,김유정,292,243,535
20220102,경춘선,남춘천,2315,2209,4524
20220102,경춘선,대성리,359,239,598
20220102,경춘선,마석,1994,1943,3937
20220102,경춘선,백양리,234,167,401
20220102,경춘선,별내,1547,1514,3061
20220102,경춘선,사릉,1329,1356,2685
20220102,경춘선,상천,256,182,438
20220102,경춘선,신내,715,735,1450
20220102,경춘선,천마산,927,917,1844
20220102,경춘선,청평,1144,966,2110
20220102,경춘선,춘천,1174,952,2126
20220102,경춘선,퇴계원,1729,1499,3228
20220102,경춘선,평내호평,2856,2644,5500
20220102,공항철도 1호선,검암,3023,2966,5989
20220102,공항철도 1호선,계양,4421,4159,8580
20220102,공항철도 1호선,공덕,933,1293,2226
20220102,공항철도 1호선,공항화물청사,887,926,1813
20220102,공항철도 1호선,김포공항,10988,5498,16486
20220102,공항철도 1호선,디지털미디어시티,2741,2965,5706
20220102,공항철도 1호선,마곡나루,1673,1976,3649
20220102,공항철도 1호선,서울역,7609,5335,12944
20220102,공항철도 1호선,영종,2032,1896,3928
20220102,공항철도 1호선,운서,4037,4513,8550
20220102,공항철도 1호선,인천공항1터미널,3129,3391,6520
20220102,공항철도 1호선,인천공항2터미널,1791,1714,3505
20220102,공항철도 1호선,청라국제도시,2640,2440,5080
20220102,공항철도 1호선,홍대입구,8011,7906,15917
20220102,과천선,경마공원,560,521,1081
20220102,과천선,과천,2880,2769,5649
20220102,과천선,대공원,2675,2790,5465
20220102,과천선,범계,12791,12319,25110
20220102,과천선,선바위,2868,2681,5549
20220102,과천선,인덕원,9002,9295,18297
20220102,과천선,정부과천청사,3476,3691,7167
20220102,과천선,평촌,5144,5031,10175
20220102,분당선,가천대,2683,3491,6174
20220102,분당선,강남구청,2477,2897,5374
20220102,분당선,개포동,1563,1573,3136
20220102,분당선,구룡,593,726,1319
20220102,분당선,구성,2122,2214,4336
20220102,분당선,기흥,4334,4047,8381
20220102,분당선,대모산입구,1722,1658,3380
20220102,분당선,도곡,2245,2214,4459
20220102,분당선,망포,5471,6140,11611
20220102,분당선,매교,1181,1214,2395
20220102,분당선,매탄권선,2188,2179,4367
20220102,분당선,모란,9397,9996,19393
20220102,분당선,미금,6679,7192,13871
20220102,분당선,보정,1000,965,1965
20220102,분당선,상갈,2507,2595,5102
20220102,분당선,서울숲,3821,3894,7715
20220102,분당선,서현,13629,13575,27204
20220102,분당선,선릉,2172,3237,5409
20220102,분당선,선정릉,1515,1666,3181
20220102,분당선,수내,5245,5244,10489
20220102,분당선,수서,8247,6553,14800
20220102,분당선,수원,5264,4461,9725
20220102,분당선,수원시청,6127,6320,12447
20220102,분당선,신갈,1669,1739,3408
20220102,분당선,압구정로데오,8748,9297,18045
20220102,분당선,야탑,12108,11987,24095
20220102,분당선,영통,4147,4351,8498
20220102,분당선,오리,4600,4018,8618
20220102,분당선,이매,2819,2981,5800
20220102,분당선,정자,6446,6937,13383
20220102,분당선,죽전,7083,8152,15235
20220102,분당선,청명,1723,1753,3476
20220102,분당선,태평,6910,6727,13637
20220102,분당선,한티,7690,7513,15203
20220102,수인선,고색,1479,1583,3062
20220102,수인선,남동인더스파크,414,466,880
20220102,수인선,달월,33,36,69
20220102,수인선,사리,2336,1876,4212
20220102,수인선,소래포구,3674,3507,7181
20220102,수인선,송도,1304,1315,2619
20220102,수인선,숭의,1781,1633,3414
20220102,수인선,신포,1032,987,2019
20220102,수인선,야목,173,144,317
20220102,수인선,어천,404,549,953
20220102,수인선,연수,2541,2502,5043
20220102,수인선,오목천,1263,1354,2617
20220102,수인선,원인재,2575,2693,5268
20220102,수인선,월곶,1497,1459,2956
20220102,수인선,인천,940,1350,2290
20220102,수인선,인천논현,2607,2802,5409
20220102,수인선,인하대,2630,2609,5239
20220102,수인선,호구포,1681,1755,3436
20220102,안산선,고잔,3616,3179,6795
20220102,안산선,대야미,2394,2096,4490
20220102,안산선,반월,2035,2075,4110
20220102,안산선,산본,7632,6913,14545
20220102,안산선,상록수,7844,7605,15449
20220102,안산선,수리산,1707,1701,3408
20220102,안산선,신길온천,991,896,1887
20220102,안산선,안산,8478,7527,16005
20220102,안산선,오이도,4978,4911,9889
20220102,안산선,정왕,4372,4918,9290
20220102,안산선,중앙,10335,9847,20182
20220102,안산선,초지,2001,1852,3853
20220102,안산선,한대앞,4433,4229,8662
20220102,우이신설선,4.19민주묘지,1617,1422,3039
20220102,우이신설선,가오리,2048,1952,4000
20220102,우이신설선,보문,810,823,1633
20220102,우이신설선,북한산보국문,3071,2933,6004
20220102,우이신설선,북한산우이,2398,2469,4867
20220102,우이신설선,삼양,1053,1049,2102
20220102,우이신설선,삼양사거리,1294,1316,2610
20220102,우이신설선,성신여대입구,2015,2262,4277
20220102,우이신설선,솔밭공원,1250,1206,2456
20220102,우이신설선,솔샘,2444,2286,4730
20220102,우이신설선,신설동,1028,957,1985
20220102,우이신설선,정릉,2259,2013,4272
20220102,우이신설선,화계,1813,1727,3540
20220102,일산선,대곡,795,635,1430
20220102,일산선,대화,5218,4771,9989
20220102,일산선,마두,2848,2806,5654
20220102,일산선,백석,4966,4906,9872
20220102,일산선,삼송,9297,9094,18391
20220102,일산선,원당,5141,5017,10158
20220102,일산선,원흥,4529,4442,8971
20220102,일산선,정발산,4426,4484,8910
20220102,일산선,주엽,3930,3869,7799
20220102,일산선,지축,1,0,1
20220102,일산선,화정,8254,8554,16808
20220102,장항선,배방,634,706,1340
20220102,장항선,봉명,439,443,882
20220102,장항선,신창,709,864,1573
20220102,장항선,쌍용,1021,983,2004
20220102,장항선,아산,3102,1797,4899
20220102,장항선,온양온천,2973,2960,5933
20220102,장항선,탕정,229,282,511
20220102,중앙선,구리,6322,6649,12971
20220102,중앙선,국수,418,329,747
20220102,중앙선,덕소,2794,2753,5547
20220102,중앙선,도농,4316,4257,8573
20220102,중앙선,도심,1013,881,1894
20220102,중앙선,망우,3998,4088,8086
20220102,중앙선,상봉,3269,3309,6578
20220102,중앙선,신원,137,103,240
20220102,중앙선,아신,362,320,682
20220102,중앙선,양수,1210,1140,2350
20220102,중앙선,양원,805,821,1626
20220102,중앙선,양정,345,287,632
20220102,중앙선,양평,1772,1522,3294
20220102,중앙선,오빈,176,147,323
20220102,중앙선,용문,1489,1064,2553
20220102,중앙선,운길산,656,589,1245
20220102,중앙선,원덕,266,200,466
20220102,중앙선,중랑,2812,2804,5616
20220102,중앙선,지평,36,22,58
20220102,중앙선,팔당,909,949,1858
20220102,중앙선,회기,11714,12684,24398
20220108,1호선,동대문,9733,8988,18721
20220108,1호선,동묘앞,10262,10670,20932
20220108,1호선,서울역,27185,26970,54155
20220108,1호선,시청,9385,9665,19050
20220108,1호선,신설동,9082,8464,17546
20220108,1호선,제기동,14978,15170,30148
20220108,1호선,종각,16933,15881,32814
20220108,1호선,종로3가,21271,18898,40169
20220108,1호선,종로5가,16802,17017,33819
20220108,1호선,청량리,16624,17094,33718
20220108,2호선,강남,60515,59780,120295
20220108,2호선,강변,23294,23124,46418
20220108,2호선,건대입구,32797,34819,67616
20220108,2호선,교대,15895,17914,33809
20220108,2호선,구로디지털단지,32316,31994,64310
20220108,2호선,구의,15359,15137,30496
20220108,2호선,낙성대,19755,18538,38293
20220108,2호선,당산,11426,12499,23925
20220108,2호선,대림,16817,17773,34590
20220108,2호선,도림천,718,800,1518
20220108,2호선,동대문역사문화공원,9530,10453,19983
20220108,2호선,뚝섬,12587,12859,25446
20220108,2호선,문래,11239,11732,22971
20220108,2호선,방배,9138,9411,18549
20220108,2호선,봉천,16146,15061,31207
20220108,2호선,사당,28402,31021,59423
20220108,2호선,삼성,27958,27740,55698
20220108,2호선,상왕십리,9222,8674,17896
20220108,2호선,서울대입구,36134,34927,71061
20220108,2호선,서초,10377,8809,19186
20220108,2호선,선릉,22333,19574,41907
20220108,2호선,성수,17929,19777,37706
20220108,2호선,시청,7036,6120,13156
20220108,2호선,신답,932,1027,1959
20220108,2호선,신당,10320,10886,21206
20220108,2호선,신대방,18637,18169,36806
20220108,2호선,신도림,36645,37148,73793
20220108,2호선,신림,47240,45940,93180
20220108,2호선,신설동,3201,3326,6527
20220108,2호선,신정네거리,6923,6912,13835
20220108,2호선,신촌,27651,27604,55255
20220108,2호선,아현,6545,6335,12880
20220108,2호선,양천구청,4102,4253,8355
20220108,2호선,역삼,18233,19880,38113
20220108,2호선,영등포구청,11818,12321,24139
20220108,2호선,왕십리,12464,11065,23529
20220108,2호선,용답,1993,1994,3987
20220108,2호선,용두,1696,1639,3335
20220108,2호선,을지로3가,9928,9819,19747
20220108,2호선,을지로4가,7145,6973,14118
20220108,2호선,을지로입구,20983,20590,41573
20220108,2호선,이대,9073,9691,18764
20220108,2호선,잠실,60847,58266,119113
20220108,2호선,잠실나루,6888,6758,13646
20220108,2호선,잠실새내,15595,16228,31823
20220108,2호선,종합운동장,4951,5426,10377
20220108,2호선,충정로,5107,5317,10424
20220108,2호선,한양대,6538,6293,12831
20220108,2호선,합정,26459,28046,54505
20220108,2호선,홍대입구,58826,62640,121466
20220108,3호선,가락시장,5686,5406,11092
20220108,3호선,경복궁,13627,14089,27716
20220108,3호선,경찰병원,3702,3694,7396
20220108,3호선,고속터미널,43388,43336,86724
20220108,3호선,교대,6247,3750,9997
20220108,3호선,구파발,13854,13754,27608
20220108,3호선,금호,5400,4991,10391
20220108,3호선,남부터미널,18153,18159,36312
20220108,3호선,녹번,9803,8544,18347
20220108,3호선,대청,5745,5252,10997
20220108,3호선,대치,9216,8229,17445
20220108,3호선,도곡,3297,3180,6477
20220108,3호선,독립문,5083,5383,10466
20220108,3호선,동대입구,6877,7366,14243
20220108,3호선,매봉,5589,5321,10910
20220108,3호선,무악재,2492,2575,5067
20220108,3호선,불광,11957,13323,25280
20220108,3호선,수서,12241,12373,24614
20220108,3호선,신사,26065,26724,52789
20220108,3호선,안국,13133,14633,27766
20220108,3호선,압구정,24711,25484,50195
20220108,3호선,약수,8464,7981,16445
20220108,3호선,양재,19763,20996,40759
20220108,3호선,연신내,26820,25471,52291
20220108,3호선,오금,3515,3305,6820
20220108,3호선,옥수,6218,6444,12662
20220108,3호선,을지로3가,4731,4880,9611
20220108,3호선,일원,5492,5496,10988
20220108,3호선,잠원,3009,2862,5871
20220108,3호선,종로3가,5607,7684,13291
20220108,3호선,지축,2929,2840,5769
20220108,3호선,충무로,1,0,1
20220108,3호선,학여울,1064,994,2058
20220108,3호선,홍제,12055,11444,23499
20220108,4호선,길음,13414,13037,26451
20220108,4호선,남태령,958,614,1572
20220108,4호선,노원,15337,16433,31770
20220108,4호선,당고개,9332,8757,18089
20220108,4호선,동대문,12287,12274,24561
20220108,4호선,동대문역사문화공원,10972,9447,20419
20220108,4호선,동작,968,1026,1994
20220108,4호선,명동,14651,16301,30952
20220108,4호선,미아,9960,9480,19440
20220108,4호선,미아사거리,20315,19529,39844
20220108,4호선,사당,19763,17186,36949
20220108,4호선,삼각지,3234,4172,7406
20220108,4호선,상계,12742,12069,24811
20220108,4호선,서울역,4983,11276,16259
20220108,4호선,성신여대입구,15681,14791,30472
20220108,4호선,수유,24665,24525,49190
20220108,4호선,숙대입구,8532,8365,16897
20220108,4호선,신용산,9298,10134,19432
20220108,4호선,쌍문,19867,18273,38140
20220108,4호선,이촌,5899,6583,12482
20220108,4호선,창동,18686,19507,38193
20220108,4호선,총신대입구,13426,14539,27965
20220108,4호선,충무로,11872,12413,24285
20220108,4호선,한성대입구,9534,9051,18585
20220108,4호선,혜화,27662,27544,55206
20220108,4호선,회현,17477,19316,36793
20220108,5호선,강동,12086,11628,23714
20220108,5호선,강일,2499,2412,4911
20220108,5호선,개롱,3875,4160,8035
20220108,5호선,개화산,3386,3254,6640
20220108,5호선,거여,5526,5265,10791
20220108,5호선,고덕,6308,6126,12434
20220108,5호선,공덕,6318,6680,12998
20220108,5호선,광나루,9346,9205,18551
20220108,5호선,광화문,13721,14252,27973
20220108,5호선,군자,8114,9154,17268
20220108,5호선,굽은다리,6859,6411,13270
20220108,5호선,길동,5611,6019,11630
20220108,5호선,김포공항,6857,6946,13803
20220108,5호선,까치산,19791,19477,39268
20220108,5호선,답십리,9637,8925,18562
20220108,5호선,동대문역사문화공원,1001,1297,2298
20220108,5호선,둔촌동,5873,5888,11761
20220108,5호선,마곡,5318,5199,10517
20220108,5호선,마장,3802,3592,7394
20220108,5호선,마천,4365,4621,8986
20220108,5호선,마포,6959,6949,13908
20220108,5호선,명일,5767,5785,11552
20220108,5호선,목동,10684,10793,21477
20220108,5호선,미사,11180,11293,22473
20220108,5호선,발산,12596,13223,25819
20220108,5호선,방이,4813,4744,9557
20220108,5호선,방화,4485,4231,8716
20220108,5호선,상일동,8829,8282,17111
20220108,5호선,서대문,6236,6164,12400
20220108,5호선,송정,4711,4519,9230
20220108,5호선,신금호,3844,3990,7834
20220108,5호선,신길,2409,2519,4928
20220108,5호선,신정,8253,7301,15554
20220108,5호선,아차산,12221,11468,23689
20220108,5호선,애오개,3392,3386,6778
20220108,5호선,양평,3627,3489,7116
20220108,5호선,여의나루,5302,6306,11608
20220108,5호선,여의도,10058,10444,20502
20220108,5호선,영등포구청,1891,1844,3735
20220108,5호선,영등포시장,7514,7956,15470
20220108,5호선,오금,2051,1979,4030
20220108,5호선,오목교,15270,15663,30933
20220108,5호선,올림픽공원,2671,2438,5109
20220108,5호선,왕십리,3318,3991,7309
20220108,5호선,우장산,8919,9259,18178
20220108,5호선,을지로4가,3165,3638,6803
20220108,5호선,장한평,10450,10525,20975
20220108,5호선,종로3가,11199,11421,22620
20220108,5호선,천호,16234,15305,31539
20220108,5호선,청구,2454,2203,4657
20220108,5호선,충정로,1752,1739,3491
20220108,5호선,하남검단산,5047,4971,10018
20220108,5호선,하남시청,4822,4740,9562
20220108,5호선,하남풍산,2526,2567,5093
20220108,5호선,행당,5030,4499,9529
20220108,5호선,화곡,18979,17720,36699
20220108,6호선,고려대,4689,4530,9219
20220108,6호선,공덕,9200,8684,17884
20220108,6호선,광흥창,4885,4530,9415
20220108,6호선,구산,5015,3841,8856
20220108,6호선,녹사평,4345,4746,9091
20220108,6호선,대흥,4761,4829,9590
20220108,6호선,독바위,1845,2103,3948
20220108,6호선,돌곶이,5561,5140,10701
20220108,6호선,동묘앞,7453,7028,14481
20220108,6호선,디지털미디어시티,6649,6884,13533
20220108,6호선,마포구청,8824,7835,16659
20220108,6호선,망원,12270,13368,25638
20220108,6호선,버티고개,1307,1391,2698
20220108,6호선,보문,4738,4357,9095
20220108,6호선,봉화산,4861,4773,9634
20220108,6호선,불광,3505,3159,6664
20220108,6호선,삼각지,4741,3786,8527
20220108,6호선,상수,7459,8686,16145
20220108,6호선,상월곡,3773,3245,7018
20220108,6호선,새절,8020,7814,15834
20220108,6호선,석계,8104,8196,16300
20220108,6호선,신당,6370,5441,11811
20220108,6호선,안암,5611,5462,11073
20220108,6호선,약수,2290,2366,4656
20220108,6호선,역촌,2530,2985,5515
20220108,6호선,연신내,3,0,3
20220108,6호선,월곡,6874,6827,13701
20220108,6호선,월드컵경기장,3215,3367,6582
20220108,6호선,응암,11598,11665,23263
20220108,6호선,이태원,11231,11397,22628
20220108,6호선,증산,6890,6900,13790
20220108,6호선,창신,1988,1663,3651
20220108,6호선,청구,2212,2202,4414
20220108,6호선,태릉입구,3708,3987,7695
20220108,6호선,한강진,8670,10212,18882
20220108,6호선,합정,12072,10638,22710
20220108,6호선,화랑대,6577,5535,12112
20220108,6호선,효창공원앞,4350,3915,8265
20220108,7호선,가산디지털단지,13612,12272,25884
20220108,7호선,강남구청,9501,10240,19741
20220108,7호선,건대입구,10381,10425,20806
20220108,7호선,고속터미널,12746,9760,22506
20220108,7호선,공릉,7950,8000,15950
20220108,7호선,광명사거리,15903,15853,31756
20220108,7호선,군자,10280,7767,18047
20220108,7호선,남구로,7609,7998,15607
20220108,7호선,남성,7114,6627,13741
20220108,7호선,내방,7516,7451,14967
20220108,7호선,노원,15291,15588,30879
20220108,7호선,논현,11258,11979,23237
20220108,7호선,대림,6403,7021,13424
20220108,7호선,도봉산,5772,7886,13658
20220108,7호선,뚝섬유원지,5562,5203,10765
20220108,7호선,마들,8425,7936,16361
20220108,7호선,먹골,7448,7240,14688
20220108,7호선,면목,10556,10260,20816
20220108,7호선,반포,3946,3784,7730
20220108,7호선,보라매,5985,5750,11735
20220108,7호선,사가정,11538,11338,22876
20220108,7호선,상도,6985,6523,13508
20220108,7호선,상동,1,0,1
20220108,7호선,상봉,12566,12042,24608
20220108,7호선,수락산,9176,9004,18180
20220108,7호선,숭실대입구,7245,7321,14566
20220108,7호선,신대방삼거리,11011,10356,21367
20220108,7호선,신중동,1,0,1
20220108,7호선,신풍,7623,7328,14951
20220108,7호선,어린이대공원,11019,10031,21050
20220108,7호선,온수,5251,5275,10526
20220108,7호선,용마산,3980,4170,8150
20220108,7호선,이수,11414,10786,22200
20220108,7호선,장승배기,6123,5902,12025
20220108,7호선,장암,1301,874,2175
20220108,7호선,중계,8373,7652,16025
20220108,7호선,중곡,6568,6205,12773
20220108,7호선,중화,7142,6939,14081
20220108,7호선,천왕,6548,6287,12835
20220108,7호선,철산,14281,14594,28875
20220108,7호선,청담,10687,11517,22204
20220108,7호선,태릉입구,5994,5666,11660
20220108,7호선,하계,11174,10416,21590
20220108,7호선,학동,10443,10938,21381
20220108,8호선,가락시장,5231,5359,10590
20220108,8호선,강동구청,5689,5761,11450
20220108,8호선,남위례,2576,2796,5372
20220108,8호선,남한산성입구,8715,7794,16509
20220108,8호선,단대오거리,7072,6655,13727
20220108,8호선,모란,3455,3021,6476
20220108,8호선,몽촌토성,3961,4008,7969
20220108,8호선,문정,8089,8252,16341
20220108,8호선,복정,6021,5045,11066
20220108,8호선,산성,3813,3893,7706
20220108,8호선,석촌,5696,6892,12588
20220108,8호선,송파,4613,4937,9550
20220108,8호선,수진,4026,3763,7789
20220108,8호선,신흥,3256,3630,6886
20220108,8호선,암사,11597,10700,22297
20220108,8호선,잠실,12827,14581,27408
20220108,8호선,장지,11516,10918,22434
20220108,8호선,천호,11676,13571,25247
20220108,9호선,가양,12934,12431,25365
20220108,9호선,개화,1131,1015,2146
20220108,9호선,고속터미널,10828,15273,26101
20220108,9호선,공항시장,2230,2479,4709
20220108,9호선,구반포,1068,1097,2165
20220108,9호선,국회의사당,3848,4018,7866
20220108,9호선,김포공항,7124,11213,18337
20220108,9호선,노들,2909,2501,5410
20220108,9호선,노량진,20144,19809,39953
20220108,9호선,당산,11828,11280,23108
20220108,9호선,동작,1335,1098,2433
20220108,9호선,등촌,6839,6810,13649
20220108,9호선,마곡나루,7566,7430,14996
20220108,9호선,사평,2098,1975,4073
20220108,9호선,샛강,2423,2409,4832
20220108,9호선,선유도,3492,3353,6845
20220108,9호선,신논현,25609,24730,50339
20220108,9호선,신목동,2100,1831,3931
20220108,9호선,신반포,2447,2280,4727
20220108,9호선,신방화,4442,4211,8653
20220108,9호선,양천향교,5611,5552,11163
20220108,9호선,여의도,10717,10361,21078
20220108,9호선,염창,10882,10267,21149
20220108,9호선,증미,3847,3754,7601
20220108,9호선,흑석,5103,5163,10266
20220108,9호선2~3단계,둔촌오륜,515,503,1018
20220108,9호선2~3단계,봉은사,10003,10604,20607
20220108,9호선2~3단계,삼성중앙,2892,2939,5831
20220108,9호선2~3단계,삼전,4666,4439,9105
20220108,9호선2~3단계,석촌,6232,5191,11423
20220108,9호선2~3단계,석촌고분,3960,3947,7907
20220108,9호선2~3단계,선정릉,4286,4756,9042
20220108,9호선2~3단계,송파나루,4038,4355,8393
20220108,9호선2~3단계,언주,6150,6102,12252
20220108,9호선2~3단계,올림픽공원,5353,5273,10626
20220108,9호선2~3단계,종합운동장,2869,2618,5487
20220108,9호선2~3단계,중앙보훈병원,4210,3915,8125
20220108,9호선2~3단계,한성백제,1684,1441,3125
20220108,경강선,경기광주,5003,4825,9828
20220108,경강선,곤지암,1697,1654,3351
20220108,경강선,부발,2077,1757,3834
20220108,경강선,삼동,1310,1314,2624
20220108,경강선,세종대왕릉,240,286,526
20220108,경강선,신둔도예촌,1037,988,2025
20220108,경강선,여주,1906,1918,3824
20220108,경강선,이매,731,574,1305
20220108,경강선,이천,2547,2515,5062
20220108,경강선,초월,2056,1966,4022
20220108,경강선,판교,2884,2867,5751
20220108,경부선,가산디지털단지,5682,7715,13397
20220108,경부선,관악,5526,5209,10735
20220108,경부선,광명,2323,2138,4461
20220108,경부선,구로,11896,12113,24009
20220108,경부선,군포,3976,3665,7641
20220108,경부선,금정,17076,17248,34324
20220108,경부선,금천구청,7673,7592,15265
20220108,경부선,남영,5237,5389,10626
20220108,경부선,노량진,7562,6941,14503
20220108,경부선,당정,3711,3584,7295
20220108,경부선,대방,7166,7152,14318
20220108,경부선,독산,8499,8428,16927
20220108,경부선,두정,4607,4661,9268
20220108,경부선,명학,4943,4790,9733
20220108,경부선,병점,11415,11201,22616
20220108,경부선,서동탄,954,919,1873
20220108,경부선,서울역,5739,1763,7502
20220108,경부선,서정리,6187,5181,11368
20220108,경부선,석수,6183,5861,12044
20220108,경부선,성균관대,9566,9626,19192
20220108,경부선,성환,2369,2243,4612
20220108,경부선,세류,2257,2333,4590
20220108,경부선,세마,2062,1896,3958
20220108,경부선,송탄,4177,3937,8114
20220108,경부선,수원,34497,37024,71521
20220108,경부선,신길,5640,4742,10382
20220108,경부선,신도림,3024,2759,5783
20220108,경부선,안양,16471,16321,32792
20220108,경부선,영등포,37213,38603,75816
20220108,경부선,오산,8635,8215,16850
20220108,경부선,오산대,2544,2275,4819
20220108,경부선,용산,30336,31646,61982
20220108,경부선,의왕,5800,5531,11331
20220108,경부선,직산,554,558,1112
20220108,경부선,진위,961,804,1765
20220108,경부선,천안,5226,5339,10565
20220108,경부선,평택,11611,11144,22755
20220108,경부선,평택지제,2770,2586,5356
20220108,경부선,화서,4787,4890,9677
20220108,경원선,가능,4623,4395,9018
20220108,경원선,광운대,4880,4871,9751
20220108,경원선,녹양,3118,3087,6205
20220108,경원선,녹천,3080,2608,5688
20220108,경원선,덕계,2208,2027,4235
20220108,경원선,덕정,3871,3607,7478
20220108,경원선,도봉,4190,4042,8232
20220108,경원선,도봉산,7763,5300,13063
20220108,경원선,동두천,1442,1678,3120
20220108,경원선,동두천중앙,2371,2314,4685
20220108,경원선,망월사,4965,5145,10110
20220108,경원선,방학,6768,6633,13401
20220108,경원선,보산,1084,1099,2183
20220108,경원선,서빙고,1279,1314,2593
20220108,경원선,석계,6179,6446,12625
20220108,경원선,소요산,2675,2332,5007
20220108,경원선,신이문,5610,5188,10798
20220108,경원선,양주,5696,5371,11067
20220108,경원선,옥수,23,25,48
20220108,경원선,왕십리,11805,13064,24869
20220108,경원선,외대앞,5393,5193,10586
20220108,경원선,월계,4356,4122,8478
20220108,경원선,응봉,1185,1120,2305
20220108,경원선,의정부,16140,16944,33084
20220108,경원선,이촌,2486,1966,4452
20220108,경원선,지행,4759,4795,9554
20220108,경원선,청량리,14205,15354,29559
20220108,경원선,한남,2535,2471,5006
20220108,경원선,회룡,8946,8861,17807
20220108,경의선,가좌,3594,3387,6981
20220108,경의선,강매,1867,1778,3645
20220108,경의선,곡산,336,378,714
20220108,경의선,공덕,2534,1856,4390
20220108,경의선,금릉,3427,3383,6810
20220108,경의선,금촌,4879,4769,9648
20220108,경의선,능곡,2483,2433,4916
20220108,경의선,디지털미디어시티,1683,1505,3188
20220108,경의선,문산,4076,3963,8039
20220108,경의선,백마,4172,3931,8103
20220108,경의선,서강대,1472,1424,2896
20220108,경의선,서울역,1105,1279,2384
20220108,경의선,수색,1320,1302,2622
20220108,경의선,신촌,299,326,625
20220108,경의선,야당,5510,5528,11038
20220108,경의선,운정,4642,4371,9013
20220108,경의선,월롱,1537,1232,2769
20220108,경의선,일산,6654,6444,13098
20220108,경의선,임진강,72,64,136
20220108,경의선,탄현,4929,4785,9714
20220108,경의선,파주,722,563,1285
20220108,경의선,풍산,3899,3769,7668
20220108,경의선,행신,4717,4798,9515
20220108,경의선,홍대입구,1873,2008,3881
20220108,경의선,화전,935,867,1802
20220108,경의선,효창공원앞,1564,1732,3296
20220108,경인선,간석,4002,3826,7828
20220108,경인선,개봉,14884,14603,29487
20220108,경인선,구일,4140,3977,8117
20220108,경인선,도원,1691,1813,3504
20220108,경인선,도화,2938,2705,5643
20220108,경인선,동암,11086,11694,22780
20220108,경인선,동인천,10645,10412,21057
20220108,경인선,백운,4666,4631,9297
20220108,경인선,부개,5788,5309,11097
20220108,경인선,부천,26735,27345,54080
20220108,경인선,부평,26712,28883,55595
20220108,경인선,소사,6376,6234,12610
20220108,경인선,송내,16584,16472,33056
20220108,경인선,역곡,18468,18177,36645
20220108,경인선,오류동,8385,7829,16214
20220108,경인선,온수,4362,4069,8431
20220108,경인선,인천,3378,2797,6175
20220108,경인선,제물포,6911,6565,13476
20220108,경인선,주안,13985,12677,26662
20220108,경인선,중동,6203,5856,12059
20220108,경춘선,가평,1287,1337,2624
20220108,경춘선,갈매,1871,1587,3458
20220108,경춘선,강촌,413,430,843
20220108,경춘선,굴봉산,142,196,338
20220108,경춘선,금곡,1072,931,2003
20220108,경춘선,김유정,299,342,641
20220108,경춘선,남춘천,2137,2323,4460
20220108,경춘선,대성리,407,368,775
20220108,경춘선,마석,3028,3065,6093
20220108,경춘선,백양리,366,309,675
20220108,경춘선,별내,2261,2158,4419
20220108,경춘선,사릉,2027,1975,4002
20220108,경춘선,상천,256,213,469
20220108,경춘선,신내,1119,1126,2245
20220108,경춘선,천마산,1239,1252,2491
20220108,경춘선,청평,1278,1331,2609
20220108,경춘선,춘천,1239,1130,2369
20220108,경춘선,퇴계원,2366,2181,4547
20220108,경춘선,평내호평,4127,3954,8081
20220108,공항철도 1호선,검암,3989,4035,8024
20220108,공항철도 1호선,계양,6389,5921,12310
20220108,공항철도 1호선,공덕,1392,2190,3582
20220108,공항철도 1호선,공항화물청사,1226,1197,2423
20220108,공항철도 1호선,김포공항,10576,5713,16289
20220108,공항철도 1호선,디지털미디어시티,4574,4292,8866
20220108,공항철도 1호선,마곡나루,2867,3065,5932
20220108,공항철도 1호선,서울역,6410,6441,12851
20220108,공항철도 1호선,영종,2571,2531,5102
20220108,공항철도 1호선,운서,5404,5563,10967
20220108,공항철도 1호선,인천공항1터미널,3317,3437,6754
20220108,공항철도 1호선,인천공항2터미널,2010,1720,3730
20220108,공항철도 1호선,청라국제도시,3832,3851,7683
20220108,공항철도 1호선,홍대입구,11262,10856,22118
20220108,과천선,경마공원,7326,7408,14734
20220108,과천선,과천,4191,3916,8107
20220108,과천선,대공원,3488,3899,7387
20220108,과천선,범계,19345,18728,38073
20220108,과천선,선바위,4657,4088,8745
20220108,과천선,인덕원,14837,14765,29602
20220108,과천선,정부과천청사,5579,5486,11065
20220108,과천선,평촌,8845,8605,17450
20220108,분당선,가천대,4623,5211,9834
20220108,분당선,강남구청,5286,6380,11666
20220108,분당선,개포동,2425,2491,4916
20220108,분당선,구룡,1069,993,2062
20220108,분당선,구성,3054,3213,6267
20220108,분당선,기흥,6121,5883,12004
20220108,분당선,대모산입구,2964,2755,5719
20220108,분당선,도곡,4469,4046,8515
20220108,분당선,망포,8752,8215,16967
20220108,분당선,매교,1837,1984,3821
20220108,분당선,매탄권선,3388,3179,6567
20220108,분당선,모란,15114,15287,30401
20220108,분당선,미금,10469,10634,21103
20220108,분당선,보정,1506,1417,2923
20220108,분당선,복정,1,0,1
20220108,분당선,상갈,3475,3460,6935
20220108,분당선,서울숲,6730,6964,13694
20220108,분당선,서현,18436,18221,36657
20220108,분당선,선릉,4793,7354,12147
20220108,분당선,선정릉,3065,3109,6174
20220108,분당선,수내,8638,8085,16723
20220108,분당선,수서,9421,9846,19267
20220108,분당선,수원,7141,5763,12904
20220108,분당선,수원시청,10596,11350,21946
20220108,분당선,신갈,2567,2621,5188
20220108,분당선,압구정로데오,18679,20419,39098
20220108,분당선,야탑,16582,17217,33799
20220108,분당선,영통,6405,6309,12714
20220108,분당선,오리,7277,6047,13324
20220108,분당선,이매,3930,3847,7777
20220108,분당선,정자,10266,10519,20785
20220108,분당선,죽전,9566,10657,20223
20220108,분당선,청명,2528,2514,5042
20220108,분당선,태평,10189,9712,19901
20220108,분당선,한티,11728,11264,22992
20220108,수인선,고색,2557,2524,5081
20220108,수인선,남동인더스파크,870,841,1711
20220108,수인선,달월,34,41,75
20220108,수인선,사리,3218,2779,5997
20220108,수인선,소래포구,4517,4634,9151
20220108,수인선,송도,1843,1832,3675
20220108,수인선,숭의,2588,2336,4924
20220108,수인선,신포,1287,1370,2657
20220108,수인선,야목,209,189,398
20220108,수인선,어천,592,518,1110
20220108,수인선,연수,3602,3762,7364
20220108,수인선,오목천,2058,1786,3844
20220108,수인선,원인재,3376,3521,6897
20220108,수인선,월곶,1969,1910,3879
20220108,수인선,인천,1045,1682,2727
20220108,수인선,인천논현,4118,4230,8348
20220108,수인선,인하대,3877,3712,7589
20220108,수인선,호구포,2374,2245,4619
20220108,안산선,고잔,5712,5600,11312
20220108,안산선,대야미,3638,3145,6783
20220108,안산선,반월,3010,2788,5798
20220108,안산선,산본,11638,12483,24121
20220108,안산선,상록수,11507,11720,23227
20220108,안산선,수리산,2541,2335,4876
20220108,안산선,신길온천,1244,1188,2432
20220108,안산선,안산,8376,8474,16850
20220108,안산선,오이도,6576,6806,13382
20220108,안산선,정왕,5818,5839,11657
20220108,안산선,중앙,14741,15184,29925
20220108,안산선,초지,3015,3069,6084
20220108,안산선,한대앞,6725,6578,13303
20220108,우이신설선,4.19민주묘지,2192,1961,4153
20220108,우이신설선,가오리,2774,2674,5448
20220108,우이신설선,보문,1097,1059,2156
20220108,우이신설선,북한산보국문,4600,4112,8712
20220108,우이신설선,북한산우이,3113,3140,6253
20220108,우이신설선,삼양,1481,1539,3020
20220108,우이신설선,삼양사거리,1785,1781,3566
20220108,우이신설선,성신여대입구,2769,3199,5968
20220108,우이신설선,솔밭공원,1709,1585,3294
20220108,우이신설선,솔샘,3748,3354,7102
20220108,우이신설선,신설동,1316,1290,2606
20220108,우이신설선,정릉,3366,2803,6169
20220108,우이신설선,화계,2382,2265,4647
20220108,일산선,대곡,1198,960,2158
20220108,일산선,대화,7591,6872,14463
20220108,일산선,마두,4498,4599,9097
20220108,일산선,백석,6733,7002,13735
20220108,일산선,삼송,13159,12933,26092
20220108,일산선,원당,7613,7297,14910
20220108,일산선,원흥,6756,6531,13287
20220108,일산선,정발산,6036,6216,12252
20220108,일산선,주엽,5961,5992,11953
20220108,일산선,지축,1,0,1
20220108,일산선,화정,11599,11982,23581
20220108,장항선,배방,851,808,1659
20220108,장항선,봉명,684,564,1248
20220108,장항선,신창,802,757,1559
20220108,장항선,쌍용,1334,1274,2608
20220108,장항선,아산,2509,2361,4870
20220108,장항선,온양온천,3260,3453,6713
20220108,장항선,탕정,354,315,669
20220108,중앙선,구리,9564,9842,19406
20220108,중앙선,국수,522,593,1115
20220108,중앙선,덕소,3993,4082,8075
20220108,중앙선,도농,6471,6156,12627
20220108,중앙선,도심,1369,1187,2556
20220108,중앙선,망우,5951,5894,11845
20220108,중앙선,상봉,4462,4427,8889
20220108,중앙선,신원,203,173,376
20220108,중앙선,아신,486,494,980
20220108,중앙선,양수,1426,1439,2865
20220108,중앙선,양원,1306,1349,2655
20220108,중앙선,양정,450,374,824
20220108,중앙선,양평,2965,3160,6125
20220108,중앙선,오빈,236,231,467
20220108,중앙선,용문,1503,1611,3114
20220108,중앙선,운길산,774,726,1500
20220108,중앙선,원덕,328,337,665
20220108,중앙선,중랑,4050,3900,7950
20220108,중앙선,지평,35,43,78
20220108,중앙선,팔당,1030,1067,2097
20220108,중앙선,회기,17998,17010,35008
20220109,1호선,동대문,8011,8290,16301
20220109,1호선,동묘앞,10902,11103,22005
20220109,1호선,서울역,22698,20411,43109
20220109,1호선,시청,6426,6014,12440
20220109,1호선,신설동,6894,6916,13810
20220109,1호선,제기동,9346,9753,19099
20220109,1호선,종각,10970,9660,20630
20220109,1호선,종로3가,12373,11030,23403
20220109,1호선,종로5가,8055,8048,16103
20220109,1호선,청량리,11579,11717,23296
20220109,2호선,강남,33870,32354,66224
20220109,2호선,강변,18185,17425,35610
20220109,2호선,건대입구,24608,25544,50152
20220109,2호선,교대,9310,10445,19755
20220109,2호선,구로디지털단지,21940,21522,43462
20220109,2호선,구의,10463,10625,21088
20220109,2호선,낙성대,14282,14736,29018
20220109,2호선,당산,7604,8252,15856
20220109,2호선,대림,12846,13140,25986
20220109,2호선,도림천,407,402,809
20220109,2호선,동대문역사문화공원,6773,8202,14975
20220109,2호선,뚝섬,9329,9360,18689
20220109,2호선,문래,6785,7046,13831
20220109,2호선,방배,6284,6667,12951
20220109,2호선,봉천,11298,11176,22474
20220109,2호선,사당,19329,21450,40779
20220109,2호선,삼성,20078,19485,39563
20220109,2호선,상왕십리,6231,6251,12482
20220109,2호선,서울대입구,25168,26033,51201
20220109,2호선,서초,10610,9796,20406
20220109,2호선,선릉,12572,10627,23199
20220109,2호선,성수,12457,13292,25749
20220109,2호선,시청,5038,4060,9098
20220109,2호선,신답,701,759,1460
20220109,2호선,신당,7318,7725,15043
20220109,2호선,신대방,13847,13732,27579
20220109,2호선,신도림,25126,25449,50575
20220109,2호선,신림,34676,33117,67793
20220109,2호선,신설동,2837,3072,5909
20220109,2호선,신정네거리,4777,4884,9661
20220109,2호선,신촌,20239,19566,39805
20220109,2호선,아현,4693,4731,9424
20220109,2호선,양천구청,2941,3085,6026
20220109,2호선,역삼,11034,12091,23125
20220109,2호선,영등포구청,7202,7598,14800
20220109,2호선,왕십리,8510,7814,16324
20220109,2호선,용답,1521,1500,3021
20220109,2호선,용두,959,937,1896
20220109,2호선,을지로3가,7390,6971,14361
20220109,2호선,을지로4가,3152,2996,6148
20220109,2호선,을지로입구,14927,13853,28780
20220109,2호선,이대,6310,6983,13293
20220109,2호선,잠실,44557,41825,86382
20220109,2호선,잠실나루,4569,4816,9385
20220109,2호선,잠실새내,10103,10363,20466
20220109,2호선,종합운동장,4006,4599,8605
20220109,2호선,충정로,3400,3725,7125
20220109,2호선,한양대,1987,2154,4141
20220109,2호선,합정,19238,19963,39201
20220109,2호선,홍대입구,45921,44982,90903
20220109,3호선,가락시장,3194,3465,6659
20220109,3호선,경복궁,9803,9922,19725
20220109,3호선,경찰병원,2427,2608,5035
20220109,3호선,고속터미널,34914,32930,67844
20220109,3호선,교대,3810,2497,6307
20220109,3호선,구파발,9760,9964,19724
20220109,3호선,금호,3828,3653,7481
20220109,3호선,남부터미널,12426,12988,25414
20220109,3호선,녹번,6603,5989,12592
20220109,3호선,대청,3760,3656,7416
20220109,3호선,대치,5616,4901,10517
20220109,3호선,도곡,1773,1860,3633
20220109,3호선,독립문,3490,3788,7278
20220109,3호선,동대입구,5017,5428,10445
20220109,3호선,매봉,3678,3711,7389
20220109,3호선,무악재,1687,1770,3457
20220109,3호선,불광,8789,9915,18704
20220109,3호선,수서,9360,9102,18462
20220109,3호선,신사,13825,13662,27487
20220109,3호선,안국,9019,9571,18590
20220109,3호선,압구정,12761,13013,25774
20220109,3호선,약수,6121,5787,11908
20220109,3호선,양재,12417,14163,26580
20220109,3호선,연신내,19331,18628,37959
20220109,3호선,오금,2389,2432,4821
20220109,3호선,옥수,4279,4395,8674
20220109,3호선,을지로3가,3085,2812,5897
20220109,3호선,일원,3067,3179,6246
20220109,3호선,잠원,1877,1929,3806
20220109,3호선,종로3가,3612,4578,8190
20220109,3호선,지축,1892,1802,3694
20220109,3호선,학여울,850,890,1740
20220109,3호선,홍제,8143,7969,16112
20220109,4호선,길음,9061,8966,18027
20220109,4호선,남태령,556,449,1005
20220109,4호선,노원,10943,11844,22787
20220109,4호선,당고개,6890,6608,13498
20220109,4호선,동대문,5681,6418,12099
20220109,4호선,동대문역사문화공원,8273,7563,15836
20220109,4호선,동작,682,725,1407
20220109,4호선,명동,10595,10686,21281
20220109,4호선,미아,7146,6819,13965
20220109,4호선,미아사거리,14327,13572,27899
20220109,4호선,사당,13623,12686,26309
20220109,4호선,삼각지,2321,2953,5274
20220109,4호선,상계,9245,8805,18050
20220109,4호선,서울역,3631,8516,12147
20220109,4호선,성신여대입구,11473,11120,22593
20220109,4호선,수유,18136,17543,35679
20220109,4호선,숙대입구,6301,6223,12524
20220109,4호선,신용산,7207,7314,14521
20220109,4호선,쌍문,14095,12759,26854
20220109,4호선,이촌,4280,4732,9012
20220109,4호선,창동,13544,14174,27718
20220109,4호선,총신대입구,9156,10104,19260
20220109,4호선,충무로,6954,6967,13921
20220109,4호선,한성대입구,6793,6842,13635
20220109,4호선,혜화,20443,20823,41266
20220109,4호선,회현,8905,9133,18038
20220109,5호선,강동,7830,7808,15638
20220109,5호선,강일,1894,1785,3679
20220109,5호선,개롱,2657,2910,5567
20220109,5호선,개화산,2420,2572,4992
20220109,5호선,거여,3913,3734,7647
20220109,5호선,고덕,3729,3711,7440
20220109,5호선,공덕,4051,4090,8141
20220109,5호선,광나루,6602,6466,13068
20220109,5호선,광화문,9917,9657,19574
20220109,5호선,군자,5618,6221,11839
20220109,5호선,굽은다리,4813,4516,9329
20220109,5호선,길동,3746,3958,7704
20220109,5호선,김포공항,6585,6259,12844
20220109,5호선,까치산,14325,14099,28424
20220109,5호선,답십리,6671,6410,13081
20220109,5호선,동대문역사문화공원,690,792,1482
20220109,5호선,둔촌동,4277,4357,8634
20220109,5호선,마곡,3361,3504,6865
20220109,5호선,마장,2596,2579,5175
20220109,5호선,마천,3234,3439,6673
20220109,5호선,마포,4233,4395,8628
20220109,5호선,명일,4296,4343,8639
20220109,5호선,목동,6953,7258,14211
20220109,5호선,미사,8087,8043,16130
20220109,5호선,발산,8318,8707,17025
20220109,5호선,방이,3491,3455,6946
20220109,5호선,방화,3108,3211,6319
20220109,5호선,상일동,6064,6119,12183
20220109,5호선,서대문,4525,4486,9011
20220109,5호선,송정,3458,3417,6875
20220109,5호선,신금호,2653,2925,5578
20220109,5호선,신길,1714,1914,3628
20220109,5호선,신정,5826,5340,11166
20220109,5호선,아차산,9015,8923,17938
20220109,5호선,애오개,2320,2381,4701
20220109,5호선,양평,2399,2520,4919
20220109,5호선,여의나루,5011,5759,10770
20220109,5호선,여의도,7206,7274,14480
20220109,5호선,영등포구청,1160,1189,2349
20220109,5호선,영등포시장,4962,5281,10243
20220109,5호선,오금,1324,1298,2622
20220109,5호선,오목교,10515,10808,21323
20220109,5호선,올림픽공원,1873,1701,3574
20220109,5호선,왕십리,2144,2604,4748
20220109,5호선,우장산,6265,6465,12730
20220109,5호선,을지로4가,1322,1446,2768
20220109,5호선,장한평,7045,7074,14119
20220109,5호선,종로3가,8050,7081,15131
20220109,5호선,천호,11517,10757,22274
20220109,5호선,청구,1572,1480,3052
20220109,5호선,충정로,1315,1261,2576
20220109,5호선,하남검단산,4117,4053,8170
20220109,5호선,하남시청,3622,3488,7110
20220109,5호선,하남풍산,1959,2025,3984
20220109,5호선,행당,3513,3212,6725
20220109,5호선,화곡,13086,12397,25483
20220109,6호선,고려대,3564,3479,7043
20220109,6호선,공덕,6054,5690,11744
20220109,6호선,광흥창,3820,3738,7558
20220109,6호선,구산,3584,2712,6296
20220109,6호선,녹사평,3443,3403,6846
20220109,6호선,대흥,3762,3887,7649
20220109,6호선,독바위,1345,1674,3019
20220109,6호선,돌곶이,4534,4201,8735
20220109,6호선,동묘앞,5408,5349,10757
20220109,6호선,디지털미디어시티,4616,4891,9507
20220109,6호선,마포구청,6481,6064,12545
20220109,6호선,망원,8817,9613,18430
20220109,6호선,버티고개,838,1020,1858
20220109,6호선,보문,3752,3455,7207
20220109,6호선,봉화산,3537,3499,7036
20220109,6호선,불광,2717,2441,5158
20220109,6호선,삼각지,3240,2686,5926
20220109,6호선,상수,5678,6461,12139
20220109,6호선,상월곡,2854,2617,5471
20220109,6호선,새절,5808,5594,11402
20220109,6호선,석계,5715,5966,11681
20220109,6호선,신내,1,0,1
20220109,6호선,신당,3677,4250,7927
20220109,6호선,안암,4155,4396,8551
20220109,6호선,약수,1543,1561,3104
20220109,6호선,역촌,1776,2065,3841
20220109,6호선,월곡,4811,4835,9646
20220109,6호선,월드컵경기장,2251,2312,4563
20220109,6호선,응암,8355,8421,16776
20220109,6호선,이태원,8129,7632,15761
20220109,6호선,증산,4981,5150,10131
20220109,6호선,창신,1454,1370,2824
20220109,6호선,청구,1541,1546,3087
20220109,6호선,태릉입구,2763,2899,5662
20220109,6호선,한강진,6544,7342,13886
20220109,6호선,합정,8581,7755,16336
20220109,6호선,화랑대,4705,4104,8809
20220109,6호선,효창공원앞,3137,2827,5964
20220109,7호선,가산디지털단지,9291,8559,17850
20220109,7호선,강남구청,5244,5662,10906
20220109,7호선,건대입구,6784,6986,13770
20220109,7호선,고속터미널,10273,6987,17260
20220109,7호선,공릉,5836,5913,11749
20220109,7호선,광명사거리,11442,11315,22757
20220109,7호선,군자,7056,5655,12711
20220109,7호선,까치울,1,0,1
20220109,7호선,남구로,6028,5793,11821
20220109,7호선,남성,4798,4804,9602
20220109,7호선,내방,4689,4871,9560
20220109,7호선,노원,10381,10419,20800
20220109,7호선,논현,5690,6078,11768
20220109,7호선,대림,5694,5405,11099
20220109,7호선,도봉산,4594,6651,11245
20220109,7호선,뚝섬유원지,4164,4057,8221
20220109,7호선,마들,5331,5016,10347
20220109,7호선,먹골,4853,4774,9627
20220109,7호선,면목,7191,7324,14515
20220109,7호선,반포,2460,2384,4844
20220109,7호선,보라매,3788,3831,7619
20220109,7호선,부천시청,1,0,1
20220109,7호선,사가정,8035,7865,15900
20220109,7호선,상도,6057,6170,12227
20220109,7호선,상봉,8272,7711,15983
20220109,7호선,수락산,7327,6987,14314
20220109,7호선,숭실대입구,5076,5400,10476
20220109,7호선,신대방삼거리,7202,7256,14458
20220109,7호선,신풍,5319,5027,10346
20220109,7호선,어린이대공원,6000,6029,12029
20220109,7호선,온수,3593,3695,7288
20220109,7호선,용마산,2771,3096,5867
20220109,7호선,이수,7855,7337,15192
20220109,7호선,장승배기,4202,4195,8397
20220109,7호선,장암,1059,740,1799
20220109,7호선,중계,5928,5450,11378
20220109,7호선,중곡,4745,4748,9493
20220109,7호선,중화,5053,5015,10068
20220109,7호선,천왕,4349,4305,8654
20220109,7호선,철산,9521,9565,19086
20220109,7호선,청담,5817,6250,12067
20220109,7호선,태릉입구,4263,4011,8274
20220109,7호선,하계,7949,7589,15538
20220109,7호선,학동,5653,5980,11633
20220109,8호선,가락시장,2847,3580,6427
20220109,8호선,강동구청,4146,4348,8494
20220109,8호선,남위례,1793,2029,3822
20220109,8호선,남한산성입구,6318,5883,12201
20220109,8호선,단대오거리,5287,5212,10499
20220109,8호선,모란,4599,3762,8361
20220109,8호선,몽촌토성,2787,2774,5561
20220109,8호선,문정,5089,5522,10611
20220109,8호선,복정,4167,3909,8076
20220109,8호선,산성,2863,2834,5697
20220109,8호선,석촌,3966,4859,8825
20220109,8호선,송파,3368,3491,6859
20220109,8호선,수진,2955,2782,5737
20220109,8호선,신흥,2600,2882,5482
20220109,8호선,암사,8075,7758,15833
20220109,8호선,잠실,9598,10440,20038
20220109,8호선,장지,8508,8588,17096
20220109,8호선,천호,8222,9376,17598
20220109,9호선,가양,8996,8918,17914
20220109,9호선,개화,921,811,1732
20220109,9호선,고속터미널,8526,11666,20192
20220109,9호선,공항시장,1614,1709,3323
20220109,9호선,구반포,545,540,1085
20220109,9호선,국회의사당,4217,3965,8182
20220109,9호선,김포공항,6767,10490,17257
20220109,9호선,노들,2242,1984,4226
20220109,9호선,노량진,13491,14531,28022
20220109,9호선,당산,8116,8125,16241
20220109,9호선,동작,1028,937,1965
20220109,9호선,등촌,4574,4795,9369
20220109,9호선,마곡나루,5263,5144,10407
20220109,9호선,사평,1382,1463,2845
20220109,9호선,샛강,1464,1529,2993
20220109,9호선,선유도,2523,2560,5083
20220109,9호선,신논현,15098,14248,29346
20220109,9호선,신목동,1566,1376,2942
20220109,9호선,신반포,1500,1548,3048
20220109,9호선,신방화,3151,3055,6206
20220109,9호선,양천향교,3748,3913,7661
20220109,9호선,여의도,8527,7728,16255
20220109,9호선,염창,7430,7506,14936
20220109,9호선,증미,2263,2316,4579
20220109,9호선,흑석,5491,4964,10455
20220109,9호선2~3단계,둔촌오륜,433,454,887
20220109,9호선2~3단계,봉은사,7333,7496,14829
20220109,9호선2~3단계,삼성중앙,1732,1836,3568
20220109,9호선2~3단계,삼전,3293,3228,6521
20220109,9호선2~3단계,석촌,4468,3915,8383
20220109,9호선2~3단계,석촌고분,2762,2812,5574
20220109,9호선2~3단계,선정릉,2663,3034,5697
20220109,9호선2~3단계,송파나루,2968,3216,6184
20220109,9호선2~3단계,언주,3596,3593,7189
20220109,9호선2~3단계,올림픽공원,4372,4281,8653
20220109,9호선2~3단계,종합운동장,2227,2009,4236
20220109,9호선2~3단계,중앙보훈병원,2981,2858,5839
20220109,9호선2~3단계,한성백제,1203,1131,2334
20220109,경강선,경기광주,3637,3541,7178
20220109,경강선,곤지암,1414,1369,2783
20220109,경강선,부발,1472,2087,3559
20220109,경강선,삼동,961,932,1893
20220109,경강선,세종대왕릉,210,214,424
20220109,경강선,신둔도예촌,787,760,1547
20220109,경강선,여주,1678,1528,3206
20220109,경강선,이매,593,393,986
20220109,경강선,이천,1841,2034,3875
20220109,경강선,초월,1408,1483,2891
20220109,경강선,판교,2485,2385,4870
20220109,경부선,가산디지털단지,4089,5640,9729
20220109,경부선,관악,4210,3921,8131
20220109,경부선,광명,2197,1610,3807
20220109,경부선,구로,8679,8791,17470
20220109,경부선,군포,2711,2572,5283
20220109,경부선,금정,12258,12800,25058
20220109,경부선,금천구청,5673,5582,11255
20220109,경부선,남영,3940,4185,8125
20220109,경부선,노량진,5335,5036,10371
20220109,경부선,당정,2713,2706,5419
20220109,경부선,대방,5158,5498,10656
20220109,경부선,독산,5554,5643,11197
20220109,경부선,두정,3887,4141,8028
20220109,경부선,명학,2880,2838,5718
20220109,경부선,병점,8232,9122,17354
20220109,경부선,서동탄,674,705,1379
20220109,경부선,서울역,6199,1467,7666
20220109,경부선,서정리,3906,5427,9333
20220109,경부선,석수,4557,4488,9045
20220109,경부선,성균관대,6927,7301,14228
20220109,경부선,성환,1939,2239,4178
20220109,경부선,세류,1806,1789,3595
20220109,경부선,세마,1508,1497,3005
20220109,경부선,송탄,2921,3527,6448
20220109,경부선,수원,29723,28421,58144
20220109,경부선,신길,4097,3677,7774
20220109,경부선,신도림,1982,1989,3971
20220109,경부선,안양,12110,11836,23946
20220109,경부선,영등포,30086,28828,58914
20220109,경부선,오산,6720,7235,13955
20220109,경부선,오산대,1861,1819,3680
20220109,경부선,용산,27261,24176,51437
20220109,경부선,의왕,3698,3812,7510
20220109,경부선,직산,486,525,1011
20220109,경부선,진위,753,730,1483
20220109,경부선,천안,4925,4852,9777
20220109,경부선,평택,9513,9973,19486
20220109,경부선,평택지제,2101,2079,4180
20220109,경부선,화서,3564,3501,7065
20220109,경원선,가능,3604,3391,6995
20220109,경원선,광운대,3740,3795,7535
20220109,경원선,녹양,2367,2318,4685
20220109,경원선,녹천,2308,1993,4301
20220109,경원선,덕계,1521,1510,3031
20220109,경원선,덕정,2914,3001,5915
20220109,경원선,도봉,3031,2872,5903
20220109,경원선,도봉산,7197,4869,12066
20220109,경원선,동두천,1140,1362,2502
20220109,경원선,동두천중앙,1804,1703,3507
20220109,경원선,망월사,3946,4163,8109
20220109,경원선,방학,5237,5172,10409
20220109,경원선,보산,950,832,1782
20220109,경원선,서빙고,1181,1259,2440
20220109,경원선,석계,4433,4817,9250
20220109,경원선,소요산,2806,2464,5270
20220109,경원선,신이문,4143,4000,8143
20220109,경원선,양주,4367,4352,8719
20220109,경원선,옥수,48,26,74
20220109,경원선,왕십리,8774,9436,18210
20220109,경원선,외대앞,6607,6127,12734
20220109,경원선,월계,3227,3016,6243
20220109,경원선,응봉,871,784,1655
20220109,경원선,의정부,12736,12723,25459
20220109,경원선,이촌,1788,1488,3276
20220109,경원선,지행,3870,3867,7737
20220109,경원선,청량리,12263,11289,23552
20220109,경원선,한남,1653,1723,3376
20220109,경원선,회룡,6616,6609,13225
20220109,경의선,가좌,2508,2508,5016
20220109,경의선,강매,1336,1273,2609
20220109,경의선,곡산,260,254,514
20220109,경의선,공덕,1743,1219,2962
20220109,경의선,금릉,2597,2515,5112
20220109,경의선,금촌,3593,3729,7322
20220109,경의선,능곡,1856,1890,3746
20220109,경의선,디지털미디어시티,1259,1150,2409
20220109,경의선,문산,3361,3551,6912
20220109,경의선,백마,3059,2901,5960
20220109,경의선,서강대,1281,1162,2443
20220109,경의선,서울역,924,820,1744
20220109,경의선,수색,778,851,1629
20220109,경의선,신촌,203,230,433
20220109,경의선,야당,4141,3992,8133
20220109,경의선,운정,3197,3210,6407
20220109,경의선,월롱,811,1759,2570
20220109,경의선,일산,4134,4082,8216
20220109,경의선,임진강,79,61,140
20220109,경의선,탄현,3806,3644,7450
20220109,경의선,파주,523,404,927
20220109,경의선,풍산,3204,3059,6263
20220109,경의선,행신,3972,3592,7564
20220109,경의선,홍대입구,1495,1658,3153
20220109,경의선,화전,632,694,1326
20220109,경의선,효창공원앞,1112,1269,2381
20220109,경인선,간석,2737,2681,5418
20220109,경인선,개봉,10363,10460,20823
20220109,경인선,구일,2751,2724,5475
20220109,경인선,도원,1434,1450,2884
20220109,경인선,도화,2091,2068,4159
20220109,경인선,동암,8530,8413,16943
20220109,경인선,동인천,8499,8146,16645
20220109,경인선,백운,3431,3412,6843
20220109,경인선,부개,4310,3836,8146
20220109,경인선,부천,19283,18965,38248
20220109,경인선,부평,20402,20881,41283
20220109,경인선,소사,4762,4609,9371
20220109,경인선,송내,11687,11474,23161
20220109,경인선,역곡,13671,13326,26997
20220109,경인선,오류동,6434,6102,12536
20220109,경인선,온수,3207,3014,6221
20220109,경인선,인천,2962,2376,5338
20220109,경인선,제물포,4852,4745,9597
20220109,경인선,주안,11025,10090,21115
20220109,경인선,중동,4459,4108,8567
20220109,경춘선,가평,1163,1055,2218
20220109,경춘선,갈매,1293,1139,2432
20220109,경춘선,강촌,455,407,862
20220109,경춘선,굴봉산,126,142,268
20220109,경춘선,금곡,719,692,1411
20220109,경춘선,김유정,300,305,605
20220109,경춘선,남춘천,1805,1870,3675
20220109,경춘선,대성리,420,299,719
20220109,경춘선,마석,2042,2007,4049
20220109,경춘선,백양리,303,256,559
20220109,경춘선,별내,1702,1547,3249
20220109,경춘선,사릉,1375,1369,2744
20220109,경춘선,상천,279,233,512
20220109,경춘선,신내,772,798,1570
20220109,경춘선,천마산,928,922,1850
20220109,경춘선,청평,1167,1035,2202
20220109,경춘선,춘천,1087,929,2016
20220109,경춘선,퇴계원,1765,1577,3342
20220109,경춘선,평내호평,3028,2865,5893
20220109,공항철도 1호선,검암,3127,3097,6224
20220109,공항철도 1호선,계양,4629,4557,9186
20220109,공항철도 1호선,공덕,1054,1565,2619
20220109,공항철도 1호선,공항화물청사,916,968,1884
20220109,공항철도 1호선,김포공항,10438,5715,16153
20220109,공항철도 1호선,디지털미디어시티,3022,3035,6057
20220109,공항철도 1호선,마곡나루,1903,2169,4072
20220109,공항철도 1호선,서울역,6686,5804,12490
20220109,공항철도 1호선,영종,2081,2008,4089
20220109,공항철도 1호선,운서,4511,4795,9306
20220109,공항철도 1호선,인천공항1터미널,3238,3235,6473
20220109,공항철도 1호선,인천공항2터미널,1772,1614,3386
20220109,공항철도 1호선,청라국제도시,2963,2777,5740
20220109,공항철도 1호선,홍대입구,9031,8378,17409
20220109,과천선,경마공원,8292,8298,16590
20220109,과천선,과천,3105,3004,6109
20220109,과천선,대공원,2779,2872,5651
20220109,과천선,범계,14018,13358,27376
20220109,과천선,선바위,3398,3034,6432
20220109,과천선,인덕원,10529,10676,21205
20220109,과천선,정부과천청사,3993,4148,8141
20220109,과천선,평촌,5633,5588,11221
20220109,분당선,가천대,3353,4040,7393
20220109,분당선,강남구청,3063,3735,6798
20220109,분당선,개포동,1754,1791,3545
20220109,분당선,구룡,646,708,1354
20220109,분당선,구성,2323,2442,4765
20220109,분당선,기흥,4523,4415,8938
20220109,분당선,대모산입구,2041,1931,3972
20220109,분당선,도곡,2292,2282,4574
20220109,분당선,망포,5911,6274,12185
20220109,분당선,매교,1322,1212,2534
20220109,분당선,매탄권선,2286,2336,4622
20220109,분당선,모란,16461,17275,33736
20220109,분당선,미금,7032,7350,14382
20220109,분당선,보정,1040,983,2023
20220109,분당선,상갈,2522,2675,5197
20220109,분당선,서울숲,5020,5138,10158
20220109,분당선,서현,14712,14520,29232
20220109,분당선,선릉,2650,4017,6667
20220109,분당선,선정릉,1855,1950,3805
20220109,분당선,수내,5664,5523,11187
20220109,분당선,수서,8149,7844,15993
20220109,분당선,수원,5281,4221,9502
20220109,분당선,수원시청,7058,7005,14063
20220109,분당선,신갈,1776,1814,3590
20220109,분당선,압구정로데오,10452,10941,21393
20220109,분당선,야탑,12388,12567,24955
20220109,분당선,영통,4489,4492,8981
20220109,분당선,오리,5231,4542,9773
20220109,분당선,이매,2876,3027,5903
20220109,분당선,정자,6932,7265,14197
20220109,분당선,죽전,6893,7888,14781
20220109,분당선,청명,1762,1792,3554
20220109,분당선,태평,7701,7297,14998
20220109,분당선,한티,8249,7985,16234
20220109,수인선,고색,1547,1675,3222
20220109,수인선,남동인더스파크,476,508,984
20220109,수인선,달월,48,44,92
20220109,수인선,사리,2339,2089,4428
20220109,수인선,소래포구,3954,3834,7788
20220109,수인선,송도,1380,1423,2803
20220109,수인선,숭의,1855,1739,3594
20220109,수인선,신포,1063,966,2029
20220109,수인선,야목,168,136,304
20220109,수인선,어천,431,534,965
20220109,수인선,연수,3019,3008,6027
20220109,수인선,오목천,1352,1301,2653
20220109,수인선,원인재,2630,2704,5334
20220109,수인선,월곶,1514,1485,2999
20220109,수인선,인천,908,1440,2348
20220109,수인선,인천논현,2695,2757,5452
20220109,수인선,인하대,3892,3360,7252
20220109,수인선,호구포,1838,1817,3655
20220109,안산선,고잔,4035,3817,7852
20220109,안산선,대야미,2525,2314,4839
20220109,안산선,반월,2262,2204,4466
20220109,안산선,산본,8032,8553,16585
20220109,안산선,상록수,8296,8188,16484
20220109,안산선,수리산,1821,1877,3698
20220109,안산선,신길온천,979,958,1937
20220109,안산선,안산,7911,7542,15453
20220109,안산선,오이도,5068,4940,10008
20220109,안산선,정왕,4453,5002,9455
20220109,안산선,중앙,10621,10594,21215
20220109,안산선,초지,2053,2098,4151
20220109,안산선,한대앞,4685,4748,9433
20220109,우이신설선,4.19민주묘지,1667,1436,3103
20220109,우이신설선,가오리,2179,2044,4223
20220109,우이신설선,보문,844,846,1690
20220109,우이신설선,북한산보국문,3404,3139,6543
20220109,우이신설선,북한산우이,2291,2542,4833
20220109,우이신설선,삼양,1094,1149,2243
20220109,우이신설선,삼양사거리,1381,1362,2743
20220109,우이신설선,성신여대입구,2081,2280,4361
20220109,우이신설선,솔밭공원,1287,1245,2532
20220109,우이신설선,솔샘,2524,2451,4975
20220109,우이신설선,신설동,1053,1034,2087
20220109,우이신설선,정릉,2491,2070,4561
20220109,우이신설선,화계,1859,1709,3568
20220109,일산선,대곡,899,761,1660
20220109,일산선,대화,5430,5060,10490
20220109,일산선,마두,3034,3023,6057
20220109,일산선,백석,5039,5080,10119
20220109,일산선,삼송,9767,9543,19310
20220109,일산선,원당,5535,5368,10903
20220109,일산선,원흥,4899,4751,9650
20220109,일산선,정발산,5070,4876,9946
20220109,일산선,주엽,4029,4070,8099
20220109,일산선,화정,8568,8824,17392
20220109,장항선,배방,709,836,1545
20220109,장항선,봉명,535,506,1041
20220109,장항선,신창,669,783,1452
20220109,장항선,쌍용,1192,1087,2279
20220109,장항선,아산,2515,1810,4325
20220109,장항선,온양온천,3853,3834,7687
20220109,장항선,탕정,252,279,531
20220109,중앙선,구리,6755,7074,13829
20220109,중앙선,국수,426,424,850
20220109,중앙선,덕소,2889,2943,5832
20220109,중앙선,도농,4409,4554,8963
20220109,중앙선,도심,1025,902,1927
20220109,중앙선,망우,4154,4102,8256
20220109,중앙선,상봉,3396,3443,6839
20220109,중앙선,신원,178,119,297
20220109,중앙선,아신,388,351,739
20220109,중앙선,양수,1079,1069,2148
20220109,중앙선,양원,886,934,1820
20220109,중앙선,양정,340,251,591
20220109,중앙선,양평,1707,1609,3316
20220109,중앙선,오빈,161,158,319
20220109,중앙선,용문,1301,1172,2473
20220109,중앙선,운길산,698,616,1314
20220109,중앙선,원덕,233,208,441
20220109,중앙선,중랑,3112,2964,6076
20220109,중앙선,지평,52,50,102
20220109,중앙선,팔당,870,935,1805
20220109,중앙선,회기,13957,13859,27816
20220115,1호선,동대문,9692,8809,18501
20220115,1호선,동묘앞,9825,10159,19984
20220115,1호선,서울역,28600,28201,56801
20220115,1호선,시청,9427,9666,19093
20220115,1호선,신설동,9213,8614,17827
20220115,1호선,제기동,16526,17161,33687
20220115,1호선,종각,17538,16043,33581
20220115,1호선,종로3가,20637,19468,40105
20220115,1호선,종로5가,17701,17956,35657
20220115,1호선,청량리,17466,18079,35545
20220115,2호선,강남,61843,60249,122092
20220115,2호선,강변,24067,23498,47565
20220115,2호선,건대입구,33201,35238,68439
20220115,2호선,교대,16184,18197,34381
20220115,2호선,구로디지털단지,32413,31999,64412
20220115,2호선,구의,15604,15382,30986
20220115,2호선,낙성대,20144,18983,39127
20220115,2호선,당산,11694,12807,24501
20220115,2호선,대림,16604,17688,34292
20220115,2호선,도림천,790,796,1586
20220115,2호선,동대문역사문화공원,10174,11352,21526
20220115,2호선,뚝섬,13308,12946,26254
20220115,2호선,문래,11697,12307,24004
20220115,2호선,방배,9099,9284,18383
20220115,2호선,봉천,16295,15314,31609
20220115,2호선,사당,28815,31814,60629
20220115,2호선,삼성,28176,28283,56459
20220115,2호선,상왕십리,9184,8953,18137
20220115,2호선,서울대입구,35833,34722,70555
20220115,2호선,서초,9988,8503,18491
20220115,2호선,선릉,23308,20365,43673
20220115,2호선,성수,19032,21324,40356
20220115,2호선,시청,7655,6573,14228
20220115,2호선,신답,964,1100,2064
20220115,2호선,신당,10331,10976,21307
20220115,2호선,신대방,18666,18174,36840
20220115,2호선,신도림,37671,38059,75730
20220115,2호선,신림,48103,46495,94598
20220115,2호선,신설동,3255,3267,6522
20220115,2호선,신정네거리,7080,7216,14296
20220115,2호선,신촌,27741,27791,55532
20220115,2호선,아현,6761,6644,13405
20220115,2호선,양천구청,4190,4298,8488
20220115,2호선,역삼,18875,20783,39658
20220115,2호선,영등포구청,12719,13282,26001
20220115,2호선,왕십리,12259,10647,22906
20220115,2호선,용답,2008,2012,4020
20220115,2호선,용두,1749,1777,3526
20220115,2호선,을지로3가,10079,10075,20154
20220115,2호선,을지로4가,7091,7263,14354
20220115,2호선,을지로입구,20171,19951,40122
20220115,2호선,이대,9262,9650,18912
20220115,2호선,잠실,60696,58670,119366
20220115,2호선,잠실나루,6753,6702,13455
20220115,2호선,잠실새내,15786,16071,31857
20220115,2호선,종합운동장,4444,4732,9176
20220115,2호선,충정로,5111,5547,10658
20220115,2호선,한양대,3350,3440,6790
20220115,2호선,합정,27867,29613,57480
20220115,2호선,홍대입구,63354,66211,129565
20220115,3호선,가락시장,5913,5567,11480
20220115,3호선,경복궁,13608,14005,27613
20220115,3호선,경찰병원,3741,3674,7415
20220115,3호선,고속터미널,44642,44580,89222
20220115,3호선,교대,6413,3843,10256
20220115,3호선,구파발,13360,13487,26847
20220115,3호선,금호,5611,5167,10778
20220115,3호선,남부터미널,19606,19365,38971
20220115,3호선,녹번,9627,8563,18190
20220115,3호선,대청,5718,5306,11024
20220115,3호선,대치,9057,8089,17146
20220115,3호선,도곡,3167,3110,6277
20220115,3호선,독립문,5022,5244,10266
20220115,3호선,동대입구,5877,6470,12347
20220115,3호선,매봉,5918,5708,11626
20220115,3호선,무악재,2519,2596,5115
20220115,3호선,불광,11890,13216,25106
20220115,3호선,수서,12457,12341,24798
20220115,3호선,신사,26405,26857,53262
20220115,3호선,안국,13542,15067,28609
20220115,3호선,압구정,24607,25694,50301
20220115,3호선,약수,8420,7913,16333
20220115,3호선,양재,20857,22192,43049
20220115,3호선,연신내,27329,26090,53419
20220115,3호선,오금,3514,3217,6731
20220115,3호선,옥수,6230,6417,12647
20220115,3호선,을지로3가,4766,5130,9896
20220115,3호선,일원,5260,5159,10419
20220115,3호선,잠원,3171,3023,6194
20220115,3호선,종로3가,5727,7692,13419
20220115,3호선,지축,2770,2693,5463
20220115,3호선,충무로,1,0,1
20220115,3호선,학여울,2724,2230,4954
20220115,3호선,홍제,12108,11426,23534
20220115,4호선,길음,13520,12848,26368
20220115,4호선,남태령,957,642,1599
20220115,4호선,노원,14928,16251,31179
20220115,4호선,당고개,9069,8644,17713
20220115,4호선,동대문,12392,12262,24654
20220115,4호선,동대문역사문화공원,11471,9957,21428
20220115,4호선,동작,1050,1078,2128
20220115,4호선,명동,13314,15194,28508
20220115,4호선,미아,9922,9630,19552
20220115,4호선,미아사거리,20676,19807,40483
20220115,4호선,사당,19531,17100,36631
20220115,4호선,삼각지,3346,4287,7633
20220115,4호선,상계,13092,12383,25475
20220115,4호선,서울역,5171,11444,16615
20220115,4호선,성신여대입구,15926,15060,30986
20220115,4호선,수유,24848,24540,49388
20220115,4호선,숙대입구,8320,8208,16528
20220115,4호선,신용산,9890,10818,20708
20220115,4호선,쌍문,20063,18140,38203
20220115,4호선,이촌,6213,6836,13049
20220115,4호선,창동,18645,19557,38202
20220115,4호선,총신대입구,13368,14452,27820
20220115,4호선,충무로,11637,12091,23728
20220115,4호선,한성대입구,9873,9410,19283
20220115,4호선,혜화,26463,27087,53550
20220115,4호선,회현,17413,18886,36299
20220115,5호선,강동,12005,11405,23410
20220115,5호선,강일,2578,2422,5000
20220115,5호선,개롱,3982,4154,8136
20220115,5호선,개화산,3525,3413,6938
20220115,5호선,거여,5534,5451,10985
20220115,5호선,고덕,5899,5914,11813
20220115,5호선,공덕,6821,6909,13730
20220115,5호선,광나루,8798,8477,17275
20220115,5호선,광화문,14464,14676,29140
20220115,5호선,군자,8228,8855,17083
20220115,5호선,굽은다리,6631,6238,12869
20220115,5호선,길동,5650,5864,11514
20220115,5호선,김포공항,6974,7080,14054
20220115,5호선,까치산,20055,19480,39535
20220115,5호선,답십리,9754,9096,18850
20220115,5호선,동대문역사문화공원,1043,1339,2382
20220115,5호선,둔촌동,5862,5811,11673
20220115,5호선,마곡,5248,5196,10444
20220115,5호선,마장,3905,3925,7830
20220115,5호선,마천,4453,4713,9166
20220115,5호선,마포,7177,7244,14421
20220115,5호선,명일,5713,5757,11470
20220115,5호선,목동,10786,11013,21799
20220115,5호선,미사,11240,11101,22341
20220115,5호선,발산,12598,13276,25874
20220115,5호선,방이,5087,4948,10035
20220115,5호선,방화,4416,4271,8687
20220115,5호선,상일동,9090,8503,17593
20220115,5호선,서대문,6933,6534,13467
20220115,5호선,송정,4655,4492,9147
20220115,5호선,신금호,3839,4025,7864
20220115,5호선,신길,2486,2595,5081
20220115,5호선,신정,8407,7382,15789
20220115,5호선,아차산,11650,11268,22918
20220115,5호선,애오개,3600,3432,7032
20220115,5호선,양평,3587,3437,7024
20220115,5호선,여의나루,5593,6952,12545
20220115,5호선,여의도,12796,14159,26955
20220115,5호선,영등포구청,2149,1858,4007
20220115,5호선,영등포시장,7519,7848,15367
20220115,5호선,오금,1888,1820,3708
20220115,5호선,오목교,15162,15700,30862
20220115,5호선,올림픽공원,2528,2123,4651
20220115,5호선,왕십리,3392,4170,7562
20220115,5호선,우장산,9270,9180,18450
20220115,5호선,을지로4가,3298,3592,6890
20220115,5호선,장한평,10506,10428,20934
20220115,5호선,종로3가,11742,11558,23300
20220115,5호선,천호,16042,15062,31104
20220115,5호선,청구,2453,2300,4753
20220115,5호선,충정로,1954,1749,3703
20220115,5호선,하남검단산,4788,4636,9424
20220115,5호선,하남시청,4773,4762,9535
20220115,5호선,하남풍산,2514,2610,5124
20220115,5호선,행당,5010,4357,9367
20220115,5호선,화곡,19079,17754,36833
20220115,6호선,고려대,4777,4651,9428
20220115,6호선,공덕,9679,9077,18756
20220115,6호선,광흥창,4974,4743,9717
20220115,6호선,구산,5102,3743,8845
20220115,6호선,녹사평,4440,4635,9075
20220115,6호선,대흥,5164,5092,10256
20220115,6호선,독바위,1880,2124,4004
20220115,6호선,돌곶이,5666,5227,10893
20220115,6호선,동묘앞,7002,6658,13660
20220115,6호선,디지털미디어시티,6543,6795,13338
20220115,6호선,마포구청,8848,8096,16944
20220115,6호선,망원,13148,14568,27716
20220115,6호선,버티고개,1272,1376,2648
20220115,6호선,보문,4919,4611,9530
20220115,6호선,봉화산,5042,4878,9920
20220115,6호선,불광,3438,3059,6497
20220115,6호선,삼각지,4820,3938,8758
20220115,6호선,상수,8051,9549,17600
20220115,6호선,상월곡,3921,3386,7307
20220115,6호선,새절,8188,7978,16166
20220115,6호선,석계,8068,8291,16359
20220115,6호선,신당,6385,5328,11713
20220115,6호선,안암,5554,5354,10908
20220115,6호선,약수,2327,2428,4755
20220115,6호선,역촌,2516,2867,5383
20220115,6호선,월곡,6885,6813,13698
20220115,6호선,월드컵경기장,3267,3294,6561
20220115,6호선,응암,11734,11820,23554
20220115,6호선,이태원,11486,11737,23223
20220115,6호선,증산,6833,6932,13765
20220115,6호선,창신,2009,1803,3812
20220115,6호선,청구,2364,2333,4697
20220115,6호선,태릉입구,3898,4151,8049
20220115,6호선,한강진,9451,10805,20256
20220115,6호선,합정,12343,11007,23350
20220115,6호선,화랑대,6430,5383,11813
20220115,6호선,효창공원앞,4369,3862,8231
20220115,7호선,가산디지털단지,13586,12445,26031
20220115,7호선,강남구청,9612,10398,20010
20220115,7호선,건대입구,10417,10397,20814
20220115,7호선,고속터미널,13111,9897,23008
20220115,7호선,공릉,8126,8210,16336
20220115,7호선,광명사거리,16104,15999,32103
20220115,7호선,군자,10222,7755,17977
20220115,7호선,남구로,7822,7962,15784
20220115,7호선,남성,7232,6684,13916
20220115,7호선,내방,7412,7267,14679
20220115,7호선,노원,15081,15316,30397
20220115,7호선,논현,10834,11519,22353
20220115,7호선,대림,6323,6863,13186
20220115,7호선,도봉산,5806,7868,13674
20220115,7호선,뚝섬유원지,5551,5152,10703
20220115,7호선,마들,8326,7844,16170
20220115,7호선,먹골,7637,7463,15100
20220115,7호선,면목,10732,10331,21063
20220115,7호선,반포,4038,3791,7829
20220115,7호선,보라매,5484,5323,10807
20220115,7호선,사가정,11428,11035,22463
20220115,7호선,상도,6998,6666,13664
20220115,7호선,상동,1,0,1
20220115,7호선,상봉,12644,12163,24807
20220115,7호선,수락산,9205,9008,18213
20220115,7호선,숭실대입구,7368,7431,14799
20220115,7호선,신대방삼거리,10703,10137,20840
20220115,7호선,신풍,7402,7154,14556
20220115,7호선,어린이대공원,7912,7804,15716
20220115,7호선,온수,5183,5228,10411
20220115,7호선,용마산,4042,4191,8233
20220115,7호선,이수,11491,10602,22093
20220115,7호선,장승배기,6069,5875,11944
20220115,7호선,장암,1380,907,2287
20220115,7호선,중계,8612,7739,16351
20220115,7호선,중곡,6645,6335,12980
20220115,7호선,중화,7134,6962,14096
20220115,7호선,천왕,6400,6105,12505
20220115,7호선,철산,14009,14126,28135
20220115,7호선,청담,10416,11259,21675
20220115,7호선,춘의,1,0,1
20220115,7호선,태릉입구,6154,5767,11921
20220115,7호선,하계,11150,10721,21871
20220115,7호선,학동,10396,10898,21294
20220115,8호선,가락시장,5472,5521,10993
20220115,8호선,강동구청,5902,5996,11898
20220115,8호선,남위례,2519,2715,5234
20220115,8호선,남한산성입구,8714,7830,16544
20220115,8호선,단대오거리,7284,6924,14208
20220115,8호선,모란,3439,3017,6456
20220115,8호선,몽촌토성,3858,3819,7677
20220115,8호선,문정,8426,8599,17025
20220115,8호선,복정,5907,4987,10894
20220115,8호선,산성,3791,3893,7684
20220115,8호선,석촌,5846,7047,12893
20220115,8호선,송파,4847,4877,9724
20220115,8호선,수진,3988,3606,7594
20220115,8호선,신흥,3292,3509,6801
20220115,8호선,암사,11830,10864,22694
20220115,8호선,잠실,12444,14527,26971
20220115,8호선,장지,11519,10824,22343
20220115,8호선,천호,11512,13528,25040
20220115,9호선,가양,12855,12423,25278
20220115,9호선,개화,1147,989,2136
20220115,9호선,고속터미널,10865,15712,26577
20220115,9호선,공항시장,2160,2252,4412
20220115,9호선,구반포,955,1017,1972
20220115,9호선,국회의사당,5130,4977,10107
20220115,9호선,김포공항,7378,11602,18980
20220115,9호선,노들,3031,2517,5548
20220115,9호선,노량진,20662,20482,41144
20220115,9호선,당산,12026,11171,23197
20220115,9호선,동작,1317,1089,2406
20220115,9호선,등촌,6806,6740,13546
20220115,9호선,마곡나루,7498,7299,14797
20220115,9호선,사평,2146,1996,4142
20220115,9호선,샛강,2299,2317,4616
20220115,9호선,선유도,3605,3437,7042
20220115,9호선,신논현,25785,25095,50880
20220115,9호선,신목동,2105,1826,3931
20220115,9호선,신반포,2313,2218,4531
20220115,9호선,신방화,4310,4280,8590
20220115,9호선,양천향교,5498,5479,10977
20220115,9호선,여의도,12647,11617,24264
20220115,9호선,염창,11116,10375,21491
20220115,9호선,증미,3974,3778,7752
20220115,9호선,흑석,5244,5229,10473
20220115,9호선2~3단계,둔촌오륜,511,558,1069
20220115,9호선2~3단계,봉은사,9878,10558,20436
20220115,9호선2~3단계,삼성중앙,2982,3053,6035
20220115,9호선2~3단계,삼전,4735,4520,9255
20220115,9호선2~3단계,석촌,6175,5199,11374
20220115,9호선2~3단계,석촌고분,4154,4022,8176
20220115,9호선2~3단계,선정릉,4373,4860,9233
20220115,9호선2~3단계,송파나루,4074,4467,8541
20220115,9호선2~3단계,언주,6203,6173,12376
20220115,9호선2~3단계,올림픽공원,3415,3411,6826
20220115,9호선2~3단계,종합운동장,2730,2656,5386
20220115,9호선2~3단계,중앙보훈병원,4360,4120,8480
20220115,9호선2~3단계,한성백제,1622,1394,3016
20220115,경강선,경기광주,5029,4777,9806
20220115,경강선,곤지암,1886,1801,3687
20220115,경강선,부발,2104,1701,3805
20220115,경강선,삼동,1371,1344,2715
20220115,경강선,세종대왕릉,271,331,602
20220115,경강선,신둔도예촌,1071,987,2058
20220115,경강선,여주,1907,1989,3896
20220115,경강선,이매,750,562,1312
20220115,경강선,이천,2480,2620,5100
20220115,경강선,초월,2111,1945,4056
20220115,경강선,판교,2858,2853,5711
20220115,경부선,가산디지털단지,5769,7796,13565
20220115,경부선,관악,5391,5185,10576
20220115,경부선,광명,2485,2171,4656
20220115,경부선,구로,11877,12204,24081
20220115,경부선,군포,3962,3683,7645
20220115,경부선,금정,17746,17979,35725
20220115,경부선,금천구청,7618,7772,15390
20220115,경부선,남영,5339,5517,10856
20220115,경부선,노량진,8331,7667,15998
20220115,경부선,당정,3609,3485,7094
20220115,경부선,대방,7492,7405,14897
20220115,경부선,독산,8779,8671,17450
20220115,경부선,두정,4505,4518,9023
20220115,경부선,명학,4756,4566,9322
20220115,경부선,병점,11188,11130,22318
20220115,경부선,서동탄,906,939,1845
20220115,경부선,서울역,6133,1899,8032
20220115,경부선,서정리,6062,5009,11071
20220115,경부선,석수,6504,6015,12519
20220115,경부선,성균관대,9439,9528,18967
20220115,경부선,성환,2418,2201,4619
20220115,경부선,세류,2190,2251,4441
20220115,경부선,세마,1954,1836,3790
20220115,경부선,송탄,3846,3487,7333
20220115,경부선,수원,34021,36744,70765
20220115,경부선,신길,5621,4827,10448
20220115,경부선,신도림,2857,2780,5637
20220115,경부선,안양,16296,16529,32825
20220115,경부선,영등포,37696,38771,76467
20220115,경부선,오산,8492,7986,16478
20220115,경부선,오산대,2477,2287,4764
20220115,경부선,용산,31965,33076,65041
20220115,경부선,의왕,5560,5387,10947
20220115,경부선,직산,603,548,1151
20220115,경부선,진위,965,824,1789
20220115,경부선,천안,5252,5386,10638
20220115,경부선,평택,11340,11131,22471
20220115,경부선,평택지제,2846,2590,5436
20220115,경부선,화서,4932,5025,9957
20220115,경원선,가능,4673,4539,9212
20220115,경원선,광운대,5039,4945,9984
20220115,경원선,녹양,3204,3094,6298
20220115,경원선,녹천,3139,2683,5822
20220115,경원선,덕계,2163,2041,4204
20220115,경원선,덕정,3801,3624,7425
20220115,경원선,도봉,4146,3986,8132
20220115,경원선,도봉산,7679,5225,12904
20220115,경원선,동두천,1521,1733,3254
20220115,경원선,동두천중앙,2380,2353,4733
20220115,경원선,망월사,5128,5285,10413
20220115,경원선,방학,6647,6655,13302
20220115,경원선,보산,1070,1079,2149
20220115,경원선,서빙고,1298,1291,2589
20220115,경원선,석계,6221,6561,12782
20220115,경원선,소요산,2623,2247,4870
20220115,경원선,신이문,5802,5242,11044
20220115,경원선,양주,5610,5270,10880
20220115,경원선,옥수,28,28,56
20220115,경원선,왕십리,11418,13124,24542
20220115,경원선,외대앞,5294,5351,10645
20220115,경원선,월계,4271,3992,8263
20220115,경원선,응봉,1257,1037,2294
20220115,경원선,의정부,16086,16763,32849
20220115,경원선,이촌,2541,1959,4500
20220115,경원선,지행,4902,4841,9743
20220115,경원선,청량리,14866,15927,30793
20220115,경원선,한남,2605,2524,5129
20220115,경원선,회룡,9017,9095,18112
20220115,경의선,가좌,3634,3587,7221
20220115,경의선,강매,1912,1718,3630
20220115,경의선,곡산,367,387,754
20220115,경의선,공덕,2727,2046,4773
20220115,경의선,금릉,3550,3421,6971
20220115,경의선,금촌,5017,4829,9846
20220115,경의선,능곡,2582,2424,5006
20220115,경의선,디지털미디어시티,1692,1573,3265
20220115,경의선,문산,3975,3939,7914
20220115,경의선,백마,4006,3872,7878
20220115,경의선,서강대,1562,1505,3067
20220115,경의선,서울역,1120,1207,2327
20220115,경의선,수색,1347,1301,2648
20220115,경의선,신촌,293,307,600
20220115,경의선,야당,5663,5681,11344
20220115,경의선,운정,4477,4205,8682
20220115,경의선,월롱,1495,1195,2690
20220115,경의선,일산,5759,5458,11217
20220115,경의선,임진강,60,52,112
20220115,경의선,탄현,5020,4935,9955
20220115,경의선,파주,713,552,1265
20220115,경의선,풍산,3854,3877,7731
20220115,경의선,행신,4756,4932,9688
20220115,경의선,홍대입구,1914,2220,4134
20220115,경의선,화전,897,862,1759
20220115,경의선,효창공원앞,1619,1828,3447
20220115,경인선,간석,4058,3979,8037
20220115,경인선,개봉,14892,14824,29716
20220115,경인선,구일,3863,3729,7592
20220115,경인선,도원,1852,1884,3736
20220115,경인선,도화,2916,2733,5649
20220115,경인선,동암,11394,11845,23239
20220115,경인선,동인천,10512,10387,20899
20220115,경인선,백운,4688,4574,9262
20220115,경인선,부개,5867,5484,11351
20220115,경인선,부천,27033,27943,54976
20220115,경인선,부평,27258,29201,56459
20220115,경인선,소사,6558,6353,12911
20220115,경인선,송내,16629,16442,33071
20220115,경인선,역곡,18757,18690,37447
20220115,경인선,오류동,8676,7856,16532
20220115,경인선,온수,4327,4022,8349
20220115,경인선,인천,3337,2616,5953
20220115,경인선,제물포,6964,6816,13780
20220115,경인선,주안,14634,13004,27638
20220115,경인선,중동,5980,5714,11694
20220115,경춘선,가평,1302,1358,2660
20220115,경춘선,갈매,1831,1523,3354
20220115,경춘선,강촌,374,465,839
20220115,경춘선,굴봉산,182,224,406
20220115,경춘선,금곡,1015,926,1941
20220115,경춘선,김유정,369,382,751
20220115,경춘선,남춘천,2268,2289,4557
20220115,경춘선,대성리,344,332,676
20220115,경춘선,마석,2654,2646,5300
20220115,경춘선,백양리,397,309,706
20220115,경춘선,별내,2163,2089,4252
20220115,경춘선,사릉,1985,1927,3912
20220115,경춘선,상천,208,206,414
20220115,경춘선,신내,1049,1012,2061
20220115,경춘선,천마산,1193,1211,2404
20220115,경춘선,청평,1180,1381,2561
20220115,경춘선,춘천,1249,1185,2434
20220115,경춘선,퇴계원,2380,2202,4582
20220115,경춘선,평내호평,4183,3964,8147
20220115,공항철도 1호선,검암,4201,4102,8303
20220115,공항철도 1호선,계양,6543,6157,12700
20220115,공항철도 1호선,공덕,1387,2385,3772
20220115,공항철도 1호선,공항화물청사,1157,1191,2348
20220115,공항철도 1호선,김포공항,10842,5485,16327
20220115,공항철도 1호선,디지털미디어시티,4710,4394,9104
20220115,공항철도 1호선,마곡나루,2856,3091,5947
20220115,공항철도 1호선,서울역,6948,7002,13950
20220115,공항철도 1호선,영종,2536,2531,5067
20220115,공항철도 1호선,운서,5486,5509,10995
20220115,공항철도 1호선,인천공항1터미널,3241,3349,6590
20220115,공항철도 1호선,인천공항2터미널,1917,1788,3705
20220115,공항철도 1호선,청라국제도시,3887,3768,7655
20220115,공항철도 1호선,홍대입구,12420,12262,24682
20220115,과천선,경마공원,7500,7512,15012
20220115,과천선,과천,4230,4004,8234
20220115,과천선,대공원,3526,3727,7253
20220115,과천선,범계,19346,18863,38209
20220115,과천선,선바위,4769,4238,9007
20220115,과천선,인덕원,14906,14857,29763
20220115,과천선,정부과천청사,5673,5505,11178
20220115,과천선,평촌,8856,8590,17446
20220115,분당선,가천대,4541,5127,9668
20220115,분당선,강남구청,5479,6521,12000
20220115,분당선,개포동,2414,2414,4828
20220115,분당선,구룡,1122,1073,2195
20220115,분당선,구성,3205,3300,6505
20220115,분당선,기흥,6449,6147,12596
20220115,분당선,대모산입구,2930,2662,5592
20220115,분당선,도곡,4177,3916,8093
20220115,분당선,망포,8994,8472,17466
20220115,분당선,매교,2066,2067,4133
20220115,분당선,매탄권선,3237,3079,6316
20220115,분당선,모란,15383,15505,30888
20220115,분당선,미금,10196,10516,20712
20220115,분당선,보정,1531,1413,2944
20220115,분당선,상갈,3507,3577,7084
20220115,분당선,서울숲,6942,7408,14350
20220115,분당선,서현,18704,18411,37115
20220115,분당선,선릉,5010,7712,12722
20220115,분당선,선정릉,3078,3127,6205
20220115,분당선,수내,8473,7854,16327
20220115,분당선,수서,9816,10256,20072
20220115,분당선,수원,6966,5700,12666
20220115,분당선,수원시청,10981,11545,22526
20220115,분당선,신갈,2617,2649,5266
20220115,분당선,압구정로데오,19388,20829,40217
20220115,분당선,야탑,16472,17238,33710
20220115,분당선,영통,6389,6273,12662
20220115,분당선,오리,7422,6366,13788
20220115,분당선,이매,3828,3777,7605
20220115,분당선,정자,10272,10592,20864
20220115,분당선,죽전,9507,10666,20173
20220115,분당선,청명,2579,2619,5198
20220115,분당선,태평,10157,9792,19949
20220115,분당선,한티,11928,11494,23422
20220115,수인선,고색,2397,2336,4733
20220115,수인선,남동인더스파크,915,918,1833
20220115,수인선,달월,41,36,77
20220115,수인선,사리,3154,2735,5889
20220115,수인선,소래포구,4460,4500,8960
20220115,수인선,송도,1929,1792,3721
20220115,수인선,숭의,2589,2361,4950
20220115,수인선,신포,1227,1320,2547
20220115,수인선,야목,218,203,421
20220115,수인선,어천,621,536,1157
20220115,수인선,연수,3538,3663,7201
20220115,수인선,오목천,1944,1767,3711
20220115,수인선,원인재,3356,3510,6866
20220115,수인선,월곶,1973,1894,3867
20220115,수인선,인천,1047,1822,2869
20220115,수인선,인천논현,4060,4306,8366
20220115,수인선,인하대,3803,3680,7483
20220115,수인선,호구포,2435,2376,4811
20220115,안산선,고잔,6090,5851,11941
20220115,안산선,대야미,3433,3100,6533
20220115,안산선,반월,3149,2984,6133
20220115,안산선,산본,11572,12325,23897
20220115,안산선,상록수,11105,11260,22365
20220115,안산선,수리산,2679,2451,5130
20220115,안산선,신길온천,1215,1200,2415
20220115,안산선,안산,8467,8826,17293
20220115,안산선,오이도,6586,6637,13223
20220115,안산선,정왕,5747,5808,11555
20220115,안산선,중앙,14733,15271,30004
20220115,안산선,초지,3121,3230,6351
20220115,안산선,한대앞,6517,6517,13034
20220115,우이신설선,4.19민주묘지,2093,1846,3939
20220115,우이신설선,가오리,2699,2620,5319
20220115,우이신설선,보문,1111,1110,2221
20220115,우이신설선,북한산보국문,4627,4076,8703
20220115,우이신설선,북한산우이,2588,2608,5196
20220115,우이신설선,삼양,1466,1611,3077
20220115,우이신설선,삼양사거리,1787,1802,3589
20220115,우이신설선,성신여대입구,2764,3133,5897
20220115,우이신설선,솔밭공원,1709,1642,3351
20220115,우이신설선,솔샘,3689,3338,7027
20220115,우이신설선,신설동,1473,1409,2882
20220115,우이신설선,정릉,3387,2841,6228
20220115,우이신설선,화계,2405,2275,4680
20220115,일산선,대곡,1155,947,2102
20220115,일산선,대화,7759,6991,14750
20220115,일산선,마두,4438,4515,8953
20220115,일산선,백석,7082,7003,14085
20220115,일산선,삼송,13348,13061,26409
20220115,일산선,원당,7757,7473,15230
20220115,일산선,원흥,6746,6483,13229
20220115,일산선,정발산,6088,6156,12244
20220115,일산선,주엽,5965,6058,12023
20220115,일산선,화정,12089,12437,24526
20220115,장항선,배방,858,803,1661
20220115,장항선,봉명,629,575,1204
20220115,장항선,신창,790,764,1554
20220115,장항선,쌍용,1435,1265,2700
20220115,장항선,아산,2549,2387,4936
20220115,장항선,온양온천,3388,3408,6796
20220115,장항선,탕정,403,382,785
20220115,중앙선,구리,9854,10054,19908
20220115,중앙선,국수,532,574,1106
20220115,중앙선,덕소,4086,4185,8271
20220115,중앙선,도농,6522,6333,12855
20220115,중앙선,도심,1468,1229,2697
20220115,중앙선,망우,5958,5748,11706
20220115,중앙선,상봉,4561,4566,9127
20220115,중앙선,신원,164,187,351
20220115,중앙선,아신,411,402,813
20220115,중앙선,양수,1528,1501,3029
20220115,중앙선,양원,1293,1348,2641
20220115,중앙선,양정,441,395,836
20220115,중앙선,양평,1997,2084,4081
20220115,중앙선,오빈,231,238,469
20220115,중앙선,용문,2805,2947,5752
20220115,중앙선,운길산,721,790,1511
20220115,중앙선,원덕,279,298,577
20220115,중앙선,중랑,4089,3876,7965
20220115,중앙선,지평,38,46,84
20220115,중앙선,팔당,1036,1023,2059
20220115,중앙선,회기,17837,16931,34768
20220116,1호선,동대문,8233,8481,16714
20220116,1호선,동묘앞,10914,10771,21685
20220116,1호선,서울역,24951,22877,47828
20220116,1호선,시청,6628,6196,12824
20220116,1호선,신설동,7130,7110,14240
20220116,1호선,제기동,10108,10671,20779
20220116,1호선,종각,11669,10275,21944
20220116,1호선,종로3가,12333,11091,23424
20220116,1호선,종로5가,8641,8473,17114
20220116,1호선,청량리,12379,12255,24634
20220116,2호선,강남,35106,32806,67912
20220116,2호선,강변,18633,18432,37065
20220116,2호선,건대입구,25753,26300,52053
20220116,2호선,교대,9862,10929,20791
20220116,2호선,구로디지털단지,22203,22088,44291
20220116,2호선,구의,10838,11075,21913
20220116,2호선,낙성대,14558,15143,29701
20220116,2호선,당산,7602,8251,15853
20220116,2호선,대림,12922,13107,26029
20220116,2호선,도림천,413,447,860
20220116,2호선,동대문역사문화공원,7680,8783,16463
20220116,2호선,뚝섬,9447,9605,19052
20220116,2호선,문래,7492,7700,15192
20220116,2호선,방배,6262,6766,13028
20220116,2호선,봉천,11421,11409,22830
20220116,2호선,사당,20188,21859,42047
20220116,2호선,삼성,19624,18701,38325
20220116,2호선,상왕십리,6472,6525,12997
20220116,2호선,서울대입구,25843,26565,52408
20220116,2호선,서초,11220,10359,21579
20220116,2호선,선릉,12606,10737,23343
20220116,2호선,성수,13839,14648,28487
20220116,2호선,시청,5505,4399,9904
20220116,2호선,신답,691,742,1433
20220116,2호선,신당,7750,8216,15966
20220116,2호선,신대방,14041,13784,27825
20220116,2호선,신도림,25969,26243,52212
20220116,2호선,신림,35219,35149,70368
20220116,2호선,신설동,3054,3101,6155
20220116,2호선,신정네거리,4979,4934,9913
20220116,2호선,신촌,20928,20001,40929
20220116,2호선,아현,4821,4879,9700
20220116,2호선,양천구청,3011,3237,6248
20220116,2호선,역삼,11803,12699,24502
20220116,2호선,영등포구청,7462,8112,15574
20220116,2호선,왕십리,9397,8149,17546
20220116,2호선,용답,1515,1540,3055
20220116,2호선,용두,1133,1153,2286
20220116,2호선,을지로3가,7813,7333,15146
20220116,2호선,을지로4가,3299,3104,6403
20220116,2호선,을지로입구,14962,13908,28870
20220116,2호선,이대,6231,6835,13066
20220116,2호선,잠실,47523,44419,91942
20220116,2호선,잠실나루,4683,4844,9527
20220116,2호선,잠실새내,10481,10662,21143
20220116,2호선,종합운동장,3562,3866,7428
20220116,2호선,충정로,3636,3917,7553
20220116,2호선,한양대,3167,3256,6423
20220116,2호선,합정,20404,21398,41802
20220116,2호선,홍대입구,49697,48109,97806
20220116,3호선,가락시장,3489,3707,7196
20220116,3호선,경복궁,10255,10288,20543
20220116,3호선,경찰병원,2464,2644,5108
20220116,3호선,고속터미널,36869,35095,71964
20220116,3호선,교대,3981,2437,6418
20220116,3호선,구파발,10103,10215,20318
20220116,3호선,금호,3948,3764,7712
20220116,3호선,남부터미널,12275,13044,25319
20220116,3호선,녹번,6804,6089,12893
20220116,3호선,대청,3834,3889,7723
20220116,3호선,대치,5751,5144,10895
20220116,3호선,도곡,1806,1915,3721
20220116,3호선,독립문,3586,4000,7586
20220116,3호선,동대입구,4133,4483,8616
20220116,3호선,매봉,3805,3844,7649
20220116,3호선,무악재,1657,1852,3509
20220116,3호선,불광,8956,10245,19201
20220116,3호선,수서,9819,9719,19538
20220116,3호선,신사,14404,14289,28693
20220116,3호선,안국,10047,10583,20630
20220116,3호선,압구정,13200,13575,26775
20220116,3호선,약수,6182,5949,12131
20220116,3호선,양재,13819,15634,29453
20220116,3호선,연신내,19348,18417,37765
20220116,3호선,오금,2498,2439,4937
20220116,3호선,옥수,4285,4732,9017
20220116,3호선,을지로3가,3085,2919,6004
20220116,3호선,일원,2979,3070,6049
20220116,3호선,잠원,1919,1969,3888
20220116,3호선,종로3가,3643,4792,8435
20220116,3호선,지축,1962,1876,3838
20220116,3호선,학여울,1796,1882,3678
20220116,3호선,홍제,8379,8093,16472
20220116,4호선,길음,9543,9547,19090
20220116,4호선,남태령,623,451,1074
20220116,4호선,노원,11231,11961,23192
20220116,4호선,당고개,7007,6800,13807
20220116,4호선,동대문,5806,6421,12227
20220116,4호선,동대문역사문화공원,8587,8013,16600
20220116,4호선,동작,697,785,1482
20220116,4호선,명동,10897,10644,21541
20220116,4호선,미아,7273,6927,14200
20220116,4호선,미아사거리,14927,14297,29224
20220116,4호선,사당,14050,12927,26977
20220116,4호선,삼각지,2297,2978,5275
20220116,4호선,상계,9456,8910,18366
20220116,4호선,서울역,3974,9609,13583
20220116,4호선,성신여대입구,11760,11222,22982
20220116,4호선,수유,18779,17974,36753
20220116,4호선,숙대입구,6825,6357,13182
20220116,4호선,신용산,7831,8036,15867
20220116,4호선,쌍문,14541,13493,28034
20220116,4호선,이촌,4633,5068,9701
20220116,4호선,창동,13932,14663,28595
20220116,4호선,총신대입구,9595,10448,20043
20220116,4호선,충무로,7197,7102,14299
20220116,4호선,한성대입구,6985,7004,13989
20220116,4호선,혜화,21399,21543,42942
20220116,4호선,회현,9300,9431,18731
20220116,5호선,강동,8482,8309,16791
20220116,5호선,강일,1897,1812,3709
20220116,5호선,개롱,2585,2938,5523
20220116,5호선,개화산,2455,2511,4966
20220116,5호선,거여,3957,3838,7795
20220116,5호선,고덕,4051,4053,8104
20220116,5호선,공덕,4331,4261,8592
20220116,5호선,광나루,6613,6384,12997
20220116,5호선,광화문,10988,10702,21690
20220116,5호선,군자,5862,6634,12496
20220116,5호선,굽은다리,4976,4812,9788
20220116,5호선,길동,3865,4047,7912
20220116,5호선,김포공항,6538,6761,13299
20220116,5호선,까치산,14345,14238,28583
20220116,5호선,답십리,6849,6517,13366
20220116,5호선,동대문역사문화공원,727,803,1530
20220116,5호선,둔촌동,4245,4355,8600
20220116,5호선,마곡,3355,3534,6889
20220116,5호선,마장,2777,2708,5485
20220116,5호선,마천,3309,3570,6879
20220116,5호선,마포,4463,4565,9028
20220116,5호선,명일,4485,4630,9115
20220116,5호선,목동,7011,7299,14310
20220116,5호선,미사,8053,8084,16137
20220116,5호선,발산,8308,8423,16731
20220116,5호선,방이,3651,3572,7223
20220116,5호선,방화,3180,3289,6469
20220116,5호선,상일동,6249,6205,12454
20220116,5호선,서대문,4724,4582,9306
20220116,5호선,송정,3333,3208,6541
20220116,5호선,신금호,2731,2978,5709
20220116,5호선,신길,1651,1983,3634
20220116,5호선,신정,5773,5380,11153
20220116,5호선,아차산,9672,9560,19232
20220116,5호선,애오개,2438,2600,5038
20220116,5호선,양평,2520,2670,5190
20220116,5호선,여의나루,4673,5888,10561
20220116,5호선,여의도,7886,7585,15471
20220116,5호선,영등포구청,1288,1277,2565
20220116,5호선,영등포시장,4984,5240,10224
20220116,5호선,오금,1408,1447,2855
20220116,5호선,오목교,10616,10803,21419
20220116,5호선,올림픽공원,1873,1568,3441
20220116,5호선,왕십리,2382,2815,5197
20220116,5호선,우장산,6361,6611,12972
20220116,5호선,을지로4가,1406,1600,3006
20220116,5호선,장한평,7171,7227,14398
20220116,5호선,종로3가,8717,7461,16178
20220116,5호선,천호,12196,11463,23659
20220116,5호선,청구,1724,1624,3348
20220116,5호선,충정로,1316,1373,2689
20220116,5호선,하남검단산,4084,4033,8117
20220116,5호선,하남시청,3636,3504,7140
20220116,5호선,하남풍산,1971,2059,4030
20220116,5호선,행당,3494,3271,6765
20220116,5호선,화곡,13290,12720,26010
20220116,6호선,고려대,3491,3458,6949
20220116,6호선,공덕,6453,6146,12599
20220116,6호선,광흥창,3994,4064,8058
20220116,6호선,구산,3568,2794,6362
20220116,6호선,녹사평,3572,3523,7095
20220116,6호선,대흥,3430,3535,6965
20220116,6호선,독바위,1341,1595,2936
20220116,6호선,돌곶이,4595,4294,8889
20220116,6호선,동묘앞,5463,5439,10902
20220116,6호선,디지털미디어시티,4638,5027,9665
20220116,6호선,마포구청,6442,6060,12502
20220116,6호선,망원,9877,10478,20355
20220116,6호선,버티고개,979,1109,2088
20220116,6호선,보문,3607,3430,7037
20220116,6호선,봉화산,3685,3697,7382
20220116,6호선,불광,2794,2337,5131
20220116,6호선,삼각지,3460,2819,6279
20220116,6호선,상수,6237,7111,13348
20220116,6호선,상월곡,2901,2711,5612
20220116,6호선,새절,5925,5890,11815
20220116,6호선,석계,5810,6081,11891
20220116,6호선,신당,4263,4611,8874
20220116,6호선,안암,4184,4355,8539
20220116,6호선,약수,1538,1681,3219
20220116,6호선,역촌,1818,2151,3969
20220116,6호선,연신내,1,0,1
20220116,6호선,월곡,5035,5049,10084
20220116,6호선,월드컵경기장,2783,2756,5539
20220116,6호선,응암,8848,8921,17769
20220116,6호선,이태원,8810,8001,16811
20220116,6호선,증산,4977,5309,10286
20220116,6호선,창신,1569,1463,3032
20220116,6호선,청구,1666,1590,3256
20220116,6호선,태릉입구,2918,3050,5968
20220116,6호선,한강진,6218,6892,13110
20220116,6호선,합정,9228,8104,17332
20220116,6호선,화랑대,4686,4068,8754
20220116,6호선,효창공원앞,3132,2813,5945
20220116,7호선,가산디지털단지,9536,8717,18253
20220116,7호선,강남구청,5512,5879,11391
20220116,7호선,건대입구,7670,7742,15412
20220116,7호선,고속터미널,10553,7174,17727
20220116,7호선,공릉,6040,6109,12149
20220116,7호선,광명사거리,11622,11407,23029
20220116,7호선,군자,7217,5769,12986
20220116,7호선,굴포천,1,0,1
20220116,7호선,까치울,1,0,1
20220116,7호선,남구로,5966,5862,11828
20220116,7호선,남성,4838,4924,9762
20220116,7호선,내방,4701,4921,9622
20220116,7호선,노원,10390,10156,20546
20220116,7호선,논현,5784,6244,12028
20220116,7호선,대림,6045,5801,11846
20220116,7호선,도봉산,4438,6537,10975
20220116,7호선,뚝섬유원지,4139,4000,8139
20220116,7호선,마들,5477,5209,10686
20220116,7호선,먹골,5225,5049,10274
20220116,7호선,면목,7520,7428,14948
20220116,7호선,반포,2613,2645,5258
20220116,7호선,보라매,3776,3851,7627
20220116,7호선,사가정,8145,8110,16255
20220116,7호선,상도,4855,4876,9731
20220116,7호선,상봉,9145,8556,17701
20220116,7호선,수락산,7389,7236,14625
20220116,7호선,숭실대입구,5139,5472,10611
20220116,7호선,신대방삼거리,7137,7379,14516
20220116,7호선,신중동,1,0,1
20220116,7호선,신풍,5422,5087,10509
20220116,7호선,어린이대공원,7145,7118,14263
20220116,7호선,온수,3626,3625,7251
20220116,7호선,용마산,2926,3343,6269
20220116,7호선,이수,8162,7727,15889
20220116,7호선,장승배기,4317,4210,8527
20220116,7호선,장암,1059,666,1725
20220116,7호선,중계,6082,5720,11802
20220116,7호선,중곡,4840,4785,9625
20220116,7호선,중화,5092,5110,10202
20220116,7호선,천왕,4566,4409,8975
20220116,7호선,철산,9829,9911,19740
20220116,7호선,청담,6346,6703,13049
20220116,7호선,태릉입구,4347,3985,8332
20220116,7호선,하계,8297,8049,16346
20220116,7호선,학동,5984,6434,12418
20220116,8호선,가락시장,2964,3801,6765
20220116,8호선,강동구청,4295,4475,8770
20220116,8호선,남위례,1778,1967,3745
20220116,8호선,남한산성입구,6208,5874,12082
20220116,8호선,단대오거리,5053,5072,10125
20220116,8호선,모란,2510,2093,4603
20220116,8호선,몽촌토성,2944,3028,5972
20220116,8호선,문정,5142,5456,10598
20220116,8호선,복정,4024,3805,7829
20220116,8호선,산성,2747,2745,5492
20220116,8호선,석촌,3983,5007,8990
20220116,8호선,송파,3271,3472,6743
20220116,8호선,수진,2943,2709,5652
20220116,8호선,신흥,2476,2696,5172
20220116,8호선,암사,8236,8070,16306
20220116,8호선,잠실,10113,11270,21383
20220116,8호선,장지,8662,8746,17408
20220116,8호선,천호,8652,9819,18471
20220116,9호선,가양,9241,9247,18488
20220116,9호선,개화,828,854,1682
20220116,9호선,고속터미널,8440,11905,20345
20220116,9호선,공항시장,1669,1876,3545
20220116,9호선,구반포,491,532,1023
20220116,9호선,국회의사당,4485,4193,8678
20220116,9호선,김포공항,6913,10973,17886
20220116,9호선,노들,2315,2044,4359
20220116,9호선,노량진,13882,14708,28590
20220116,9호선,당산,8063,8061,16124
20220116,9호선,동작,1097,855,1952
20220116,9호선,등촌,4964,5116,10080
20220116,9호선,마곡나루,5403,5334,10737
20220116,9호선,사평,1416,1479,2895
20220116,9호선,샛강,1547,1540,3087
20220116,9호선,선유도,2482,2466,4948
20220116,9호선,신논현,15338,14463,29801
20220116,9호선,신목동,1541,1367,2908
20220116,9호선,신반포,1615,1642,3257
20220116,9호선,신방화,3253,3201,6454
20220116,9호선,양천향교,3765,4027,7792
20220116,9호선,여의도,8533,7574,16107
20220116,9호선,염창,7830,7892,15722
20220116,9호선,증미,2736,2844,5580
20220116,9호선,흑석,3427,3560,6987
20220116,9호선2~3단계,둔촌오륜,443,467,910
20220116,9호선2~3단계,봉은사,7590,7345,14935
20220116,9호선2~3단계,삼성중앙,1827,2021,3848
20220116,9호선2~3단계,삼전,3391,3372,6763
20220116,9호선2~3단계,석촌,4274,3719,7993
20220116,9호선2~3단계,석촌고분,2807,2960,5767
20220116,9호선2~3단계,선정릉,2778,3016,5794
20220116,9호선2~3단계,송파나루,3062,3250,6312
20220116,9호선2~3단계,언주,3767,3787,7554
20220116,9호선2~3단계,올림픽공원,2603,2771,5374
20220116,9호선2~3단계,종합운동장,2027,1854,3881
20220116,9호선2~3단계,중앙보훈병원,3083,3000,6083
20220116,9호선2~3단계,한성백제,1210,1083,2293
20220116,경강선,경기광주,3587,3551,7138
20220116,경강선,곤지암,1429,1445,2874
20220116,경강선,부발,1435,2054,3489
20220116,경강선,삼동,982,1033,2015
20220116,경강선,세종대왕릉,203,209,412
20220116,경강선,신둔도예촌,756,741,1497
20220116,경강선,여주,1661,1450,3111
20220116,경강선,이매,545,420,965
20220116,경강선,이천,1923,2053,3976
20220116,경강선,초월,1465,1510,2975
20220116,경강선,판교,2395,2225,4620
20220116,경부선,가산디지털단지,4171,5844,10015
20220116,경부선,관악,4223,3924,8147
20220116,경부선,광명,2303,1620,3923
20220116,경부선,구로,8367,8416,16783
20220116,경부선,군포,2704,2614,5318
20220116,경부선,금정,12678,13289,25967
20220116,경부선,금천구청,5585,5593,11178
20220116,경부선,남영,3934,4306,8240
20220116,경부선,노량진,5316,5224,10540
20220116,경부선,당정,2725,2734,5459
20220116,경부선,대방,5236,5773,11009
20220116,경부선,독산,5903,6032,11935
20220116,경부선,두정,3729,4033,7762
20220116,경부선,명학,3113,3172,6285
20220116,경부선,병점,8293,9075,17368
20220116,경부선,서동탄,638,694,1332
20220116,경부선,서울역,6961,1733,8694
20220116,경부선,서정리,3858,5586,9444
20220116,경부선,석수,4605,4496,9101
20220116,경부선,성균관대,6941,7333,14274
20220116,경부선,성환,2001,2392,4393
20220116,경부선,세류,1740,1741,3481
20220116,경부선,세마,1527,1434,2961
20220116,경부선,송탄,2879,3456,6335
20220116,경부선,수원,30159,29218,59377
20220116,경부선,신길,4133,3624,7757
20220116,경부선,신도림,2083,2059,4142
20220116,경부선,안양,12318,11899,24217
20220116,경부선,영등포,30989,29598,60587
20220116,경부선,오산,6834,7271,14105
20220116,경부선,오산대,1802,1832,3634
20220116,경부선,용산,29048,26339,55387
20220116,경부선,의왕,3809,3996,7805
20220116,경부선,직산,428,505,933
20220116,경부선,진위,709,755,1464
20220116,경부선,천안,4959,4875,9834
20220116,경부선,평택,9552,10010,19562
20220116,경부선,평택지제,2143,2174,4317
20220116,경부선,화서,3742,3706,7448
20220116,경원선,가능,3666,3472,7138
20220116,경원선,광운대,3801,3860,7661
20220116,경원선,녹양,2484,2431,4915
20220116,경원선,녹천,2190,1980,4170
20220116,경원선,덕계,1470,1418,2888
20220116,경원선,덕정,2869,2947,5816
20220116,경원선,도봉,3037,2884,5921
20220116,경원선,도봉산,7148,4969,12117
20220116,경원선,동두천,1067,1299,2366
20220116,경원선,동두천중앙,1784,1719,3503
20220116,경원선,망월사,3878,3998,7876
20220116,경원선,방학,5415,5242,10657
20220116,경원선,보산,904,827,1731
20220116,경원선,서빙고,1280,1344,2624
20220116,경원선,석계,4451,4894,9345
20220116,경원선,소요산,2638,2254,4892
20220116,경원선,신이문,4160,4013,8173
20220116,경원선,양주,4345,4210,8555
20220116,경원선,옥수,55,18,73
20220116,경원선,왕십리,9363,10462,19825
20220116,경원선,외대앞,4287,4198,8485
20220116,경원선,월계,3374,3213,6587
20220116,경원선,응봉,866,848,1714
20220116,경원선,의정부,12595,12805,25400
20220116,경원선,이촌,2067,1631,3698
20220116,경원선,지행,3794,3734,7528
20220116,경원선,청량리,13236,11875,25111
20220116,경원선,한남,1794,1762,3556
20220116,경원선,회룡,6609,6581,13190
20220116,경의선,가좌,2653,2584,5237
20220116,경의선,강매,1396,1328,2724
20220116,경의선,곡산,265,251,516
20220116,경의선,공덕,1706,1281,2987
20220116,경의선,금릉,2508,2622,5130
20220116,경의선,금촌,3923,4230,8153
20220116,경의선,능곡,1876,1843,3719
20220116,경의선,디지털미디어시티,1242,1183,2425
20220116,경의선,문산,3054,3224,6278
20220116,경의선,백마,3068,2965,6033
20220116,경의선,서강대,1189,1093,2282
20220116,경의선,서울역,916,899,1815
20220116,경의선,수색,811,885,1696
20220116,경의선,신촌,227,290,517
20220116,경의선,야당,4364,4150,8514
20220116,경의선,운정,3306,3323,6629
20220116,경의선,월롱,800,1818,2618
20220116,경의선,일산,4201,4123,8324
20220116,경의선,임진강,43,30,73
20220116,경의선,탄현,3977,3710,7687
20220116,경의선,파주,506,453,959
20220116,경의선,풍산,3116,2972,6088
20220116,경의선,행신,3971,3658,7629
20220116,경의선,홍대입구,1567,1806,3373
20220116,경의선,화전,612,636,1248
20220116,경의선,효창공원앞,1172,1343,2515
20220116,경인선,간석,2842,2753,5595
20220116,경인선,개봉,10703,10603,21306
20220116,경인선,구일,2735,2782,5517
20220116,경인선,도원,1534,1531,3065
20220116,경인선,도화,2099,2042,4141
20220116,경인선,동암,8576,8500,17076
20220116,경인선,동인천,8527,8206,16733
20220116,경인선,백운,3325,3428,6753
20220116,경인선,부개,4423,4188,8611
20220116,경인선,부천,20515,20243,40758
20220116,경인선,부평,21214,21533,42747
20220116,경인선,소사,4902,4723,9625
20220116,경인선,송내,11788,11756,23544
20220116,경인선,역곡,13296,13169,26465
20220116,경인선,오류동,6470,6079,12549
20220116,경인선,온수,3203,3081,6284
20220116,경인선,인천,2913,2345,5258
20220116,경인선,제물포,4955,5001,9956
20220116,경인선,주안,10575,9337,19912
20220116,경인선,중동,4570,4274,8844
20220116,경춘선,가평,1311,1118,2429
20220116,경춘선,갈매,1228,1118,2346
20220116,경춘선,강촌,466,402,868
20220116,경춘선,굴봉산,179,152,331
20220116,경춘선,금곡,772,670,1442
20220116,경춘선,김유정,364,362,726
20220116,경춘선,남춘천,1971,1990,3961
20220116,경춘선,대성리,349,283,632
20220116,경춘선,마석,2148,2014,4162
20220116,경춘선,백양리,365,277,642
20220116,경춘선,별내,1614,1639,3253
20220116,경춘선,사릉,1464,1394,2858
20220116,경춘선,상천,295,181,476
20220116,경춘선,신내,771,797,1568
20220116,경춘선,천마산,959,900,1859
20220116,경춘선,청평,1238,991,2229
20220116,경춘선,춘천,1233,1009,2242
20220116,경춘선,퇴계원,1752,1693,3445
20220116,경춘선,평내호평,3132,2941,6073
20220116,공항철도 1호선,검암,3177,3175,6352
20220116,공항철도 1호선,계양,4720,4750,9470
20220116,공항철도 1호선,공덕,1143,1565,2708
20220116,공항철도 1호선,공항화물청사,906,1012,1918
20220116,공항철도 1호선,김포공항,10713,5540,16253
20220116,공항철도 1호선,디지털미디어시티,3237,3231,6468
20220116,공항철도 1호선,마곡나루,2022,2203,4225
20220116,공항철도 1호선,서울역,6946,6178,13124
20220116,공항철도 1호선,영종,2167,2039,4206
20220116,공항철도 1호선,운서,4653,4928,9581
20220116,공항철도 1호선,인천공항1터미널,3152,3286,6438
20220116,공항철도 1호선,인천공항2터미널,1771,1619,3390
20220116,공항철도 1호선,청라국제도시,2884,2873,5757
20220116,공항철도 1호선,홍대입구,9826,9062,18888
20220116,과천선,경마공원,8272,8185,16457
20220116,과천선,과천,3097,2945,6042
20220116,과천선,대공원,3036,3191,6227
20220116,과천선,범계,13662,13162,26824
20220116,과천선,선바위,3484,3166,6650
20220116,과천선,인덕원,10618,10957,21575
20220116,과천선,정부과천청사,4011,4058,8069
20220116,과천선,평촌,5605,5491,11096
20220116,분당선,가천대,3237,3987,7224
20220116,분당선,강남구청,3347,3898,7245
20220116,분당선,개포동,1700,1782,3482
20220116,분당선,구룡,703,743,1446
20220116,분당선,구성,2293,2342,4635
20220116,분당선,기흥,4575,4367,8942
20220116,분당선,대모산입구,1853,1859,3712
20220116,분당선,도곡,2464,2507,4971
20220116,분당선,망포,6055,6424,12479
20220116,분당선,매교,1394,1372,2766
20220116,분당선,매탄권선,2261,2296,4557
20220116,분당선,모란,10451,10717,21168
20220116,분당선,미금,6897,7342,14239
20220116,분당선,보정,1069,1034,2103
20220116,분당선,상갈,2613,2650,5263
20220116,분당선,서울숲,5316,5344,10660
20220116,분당선,서현,14650,14319,28969
20220116,분당선,선릉,2666,4150,6816
20220116,분당선,선정릉,1953,2012,3965
20220116,분당선,수내,5459,5416,10875
20220116,분당선,수서,8150,7843,15993
20220116,분당선,수원,5472,4389,9861
20220116,분당선,수원시청,7343,7346,14689
20220116,분당선,신갈,1764,1843,3607
20220116,분당선,압구정로데오,10944,11470,22414
20220116,분당선,야탑,12415,12658,25073
20220116,분당선,영통,4774,4707,9481
20220116,분당선,오리,5015,4237,9252
20220116,분당선,이매,2825,2992,5817
20220116,분당선,정자,7112,7273,14385
20220116,분당선,죽전,7289,8395,15684
20220116,분당선,청명,1809,1783,3592
20220116,분당선,태평,7709,7292,15001
20220116,분당선,한티,8329,8048,16377
20220116,수인선,고색,1609,1720,3329
20220116,수인선,남동인더스파크,516,521,1037
20220116,수인선,달월,40,33,73
20220116,수인선,사리,2299,2020,4319
20220116,수인선,소래포구,3853,3664,7517
20220116,수인선,송도,1356,1344,2700
20220116,수인선,숭의,1835,1671,3506
20220116,수인선,신포,1109,1059,2168
20220116,수인선,야목,167,127,294
20220116,수인선,어천,372,492,864
20220116,수인선,연수,2962,2924,5886
20220116,수인선,오목천,1427,1374,2801
20220116,수인선,원인재,2571,2677,5248
20220116,수인선,월곶,1433,1392,2825
20220116,수인선,인천,931,1365,2296
20220116,수인선,인천논현,2645,2864,5509
20220116,수인선,인하대,2921,2766,5687
20220116,수인선,호구포,1781,1797,3578
20220116,안산선,고잔,4027,3746,7773
20220116,안산선,대야미,2561,2307,4868
20220116,안산선,반월,2156,2192,4348
20220116,안산선,산본,8014,8563,16577
20220116,안산선,상록수,8365,8264,16629
20220116,안산선,수리산,1834,1821,3655
20220116,안산선,신길온천,943,936,1879
20220116,안산선,안산,8229,7709,15938
20220116,안산선,오이도,4945,4974,9919
20220116,안산선,정왕,4373,4901,9274
20220116,안산선,중앙,10802,10677,21479
20220116,안산선,초지,2221,2163,4384
20220116,안산선,한대앞,4792,4722,9514
20220116,우이신설선,4.19민주묘지,2803,2504,5307
20220116,우이신설선,가오리,2227,2160,4387
20220116,우이신설선,보문,878,832,1710
20220116,우이신설선,북한산보국문,3513,3225,6738
20220116,우이신설선,북한산우이,2532,2497,5029
20220116,우이신설선,삼양,1261,1283,2544
20220116,우이신설선,삼양사거리,1385,1376,2761
20220116,우이신설선,성신여대입구,2218,2486,4704
20220116,우이신설선,솔밭공원,1398,1343,2741
20220116,우이신설선,솔샘,2708,2545,5253
20220116,우이신설선,신설동,1093,1119,2212
20220116,우이신설선,정릉,2573,2215,4788
20220116,우이신설선,화계,1957,1830,3787
20220116,일산선,대곡,915,763,1678
20220116,일산선,대화,5592,5224,10816
20220116,일산선,마두,3082,3091,6173
20220116,일산선,백석,4995,5025,10020
20220116,일산선,삼송,10160,9929,20089
20220116,일산선,원당,5446,5350,10796
20220116,일산선,원흥,4779,4637,9416
20220116,일산선,정발산,4826,4763,9589
20220116,일산선,주엽,3986,4087,8073
20220116,일산선,지축,1,0,1
20220116,일산선,화정,8644,8993,17637
20220116,장항선,배방,670,781,1451
20220116,장항선,봉명,412,413,825
20220116,장항선,신창,664,771,1435
20220116,장항선,쌍용,1003,982,1985
20220116,장항선,아산,2668,1767,4435
20220116,장항선,온양온천,2733,2847,5580
20220116,장항선,탕정,258,284,542
20220116,중앙선,구리,6841,7079,13920
20220116,중앙선,국수,428,386,814
20220116,중앙선,덕소,2947,3018,5965
20220116,중앙선,도농,4625,4575,9200
20220116,중앙선,도심,1021,933,1954
20220116,중앙선,망우,4584,4612,9196
20220116,중앙선,상봉,3389,3425,6814
20220116,중앙선,신원,198,136,334
20220116,중앙선,아신,353,359,712
20220116,중앙선,양수,1356,1297,2653
20220116,중앙선,양원,911,934,1845
20220116,중앙선,양정,309,245,554
20220116,중앙선,양평,1643,1585,3228
20220116,중앙선,오빈,173,154,327
20220116,중앙선,용문,1396,1154,2550
20220116,중앙선,운길산,751,662,1413
20220116,중앙선,원덕,236,212,448
20220116,중앙선,중랑,3067,3037,6104
20220116,중앙선,지평,34,26,60
20220116,중앙선,팔당,966,949,1915
20220116,중앙선,회기,13711,13768,27479
20220122,1호선,동대문,9942,9099,19041
20220122,1호선,동묘앞,10581,11012,21593
20220122,1호선,서울역,28977,28803,57780
20220122,1호선,시청,10106,10589,20695
20220122,1호선,신설동,9669,9176,18845
20220122,1호선,제기동,17662,18300,35962
20220122,1호선,종각,18119,16687,34806
20220122,1호선,종로3가,21796,20115,41911
20220122,1호선,종로5가,17821,18012,35833
20220122,1호선,청량리,18658,19140,37798
20220122,2호선,강남,62465,61334,123799
20220122,2호선,강변,24020,24002,48022
20220122,2호선,건대입구,33819,36161,69980
20220122,2호선,교대,16627,18904,35531
20220122,2호선,구로디지털단지,33563,32984,66547
20220122,2호선,구의,16009,15875,31884
20220122,2호선,낙성대,20642,19530,40172
20220122,2호선,당산,11798,13361,25159
20220122,2호선,대림,16973,18046,35019
20220122,2호선,도림천,803,812,1615
20220122,2호선,동대문역사문화공원,10063,10875,20938
20220122,2호선,뚝섬,13542,13670,27212
20220122,2호선,문래,11744,12547,24291
20220122,2호선,방배,9610,10034,19644
20220122,2호선,봉천,17091,15840,32931
20220122,2호선,사당,30064,32649,62713
20220122,2호선,삼성,32095,31891,63986
20220122,2호선,상왕십리,9668,9436,19104
20220122,2호선,서울대입구,37320,36010,73330
20220122,2호선,서초,10639,8963,19602
20220122,2호선,선릉,23672,20913,44585
20220122,2호선,성수,19625,21745,41370
20220122,2호선,시청,8444,7588,16032
20220122,2호선,신답,983,1052,2035
20220122,2호선,신당,10598,11232,21830
20220122,2호선,신대방,19185,18438,37623
20220122,2호선,신도림,38224,38760,76984
20220122,2호선,신림,49464,48148,97612
20220122,2호선,신설동,3456,3578,7034
20220122,2호선,신정네거리,7020,7207,14227
20220122,2호선,신촌,28813,29052,57865
20220122,2호선,아현,7086,6639,13725
20220122,2호선,양천구청,4165,4338,8503
20220122,2호선,역삼,18902,20767,39669
20220122,2호선,영등포구청,12760,13427,26187
20220122,2호선,왕십리,12759,10681,23440
20220122,2호선,용답,2034,2034,4068
20220122,2호선,용두,1802,1872,3674
20220122,2호선,을지로3가,10399,10307,20706
20220122,2호선,을지로4가,7337,7489,14826
20220122,2호선,을지로입구,19913,19659,39572
20220122,2호선,이대,9315,9935,19250
20220122,2호선,잠실,62632,59632,122264
20220122,2호선,잠실나루,7072,6924,13996
20220122,2호선,잠실새내,16441,16867,33308
20220122,2호선,종합운동장,5841,6525,12366
20220122,2호선,충정로,5515,5854,11369
20220122,2호선,한양대,3162,3182,6344
20220122,2호선,합정,28460,30303,58763
20220122,2호선,홍대입구,63399,66290,129689
20220122,3호선,가락시장,6198,6036,12234
20220122,3호선,경복궁,14239,14525,28764
20220122,3호선,경찰병원,3813,3768,7581
20220122,3호선,고속터미널,45305,44716,90021
20220122,3호선,교대,6662,4097,10759
20220122,3호선,구파발,14234,14081,28315
20220122,3호선,금호,5641,5177,10818
20220122,3호선,남부터미널,19006,18898,37904
20220122,3호선,녹번,9935,8739,18674
20220122,3호선,대청,5946,5503,11449
20220122,3호선,대치,9186,8182,17368
20220122,3호선,도곡,3175,3129,6304
20220122,3호선,독립문,5229,5505,10734
20220122,3호선,동대입구,5025,5846,10871
20220122,3호선,매봉,6043,5836,11879
20220122,3호선,무악재,2605,2742,5347
20220122,3호선,불광,12123,13521,25644
20220122,3호선,수서,12795,12885,25680
20220122,3호선,신사,26640,27191,53831
20220122,3호선,안국,14062,15719,29781
20220122,3호선,압구정,25367,26391,51758
20220122,3호선,약수,8733,8256,16989
20220122,3호선,양재,20969,22200,43169
20220122,3호선,연신내,28532,26881,55413
20220122,3호선,오금,3643,3387,7030
20220122,3호선,옥수,6369,6608,12977
20220122,3호선,을지로3가,4954,5258,10212
20220122,3호선,일원,4658,4646,9304
20220122,3호선,잠원,3380,3224,6604
20220122,3호선,종로3가,5836,7936,13772
20220122,3호선,지축,2797,2738,5535
20220122,3호선,충무로,1,0,1
20220122,3호선,학여울,990,1017,2007
20220122,3호선,홍제,12473,11799,24272
20220122,4호선,길음,13929,13483,27412
20220122,4호선,남태령,941,599,1540
20220122,4호선,노원,15642,17118,32760
20220122,4호선,당고개,9498,8875,18373
20220122,4호선,동대문,12391,12298,24689
20220122,4호선,동대문역사문화공원,10753,9447,20200
20220122,4호선,동작,1087,1290,2377
20220122,4호선,명동,13015,14903,27918
20220122,4호선,미아,10210,9793,20003
20220122,4호선,미아사거리,20793,20009,40802
20220122,4호선,사당,20069,17199,37268
20220122,4호선,삼각지,3378,4245,7623
20220122,4호선,상계,13262,12601,25863
20220122,4호선,서울역,5410,12120,17530
20220122,4호선,성신여대입구,15915,15159,31074
20220122,4호선,수유,25347,25103,50450
20220122,4호선,숙대입구,8885,8704,17589
20220122,4호선,신용산,10051,10798,20849
20220122,4호선,쌍문,20583,18629,39212
20220122,4호선,이촌,6503,7184,13687
20220122,4호선,창동,19575,20483,40058
20220122,4호선,총신대입구,13900,14981,28881
20220122,4호선,충무로,11920,12194,24114
20220122,4호선,한성대입구,9602,9153,18755
20220122,4호선,혜화,27387,28094,55481
20220122,4호선,회현,16490,17774,34264
20220122,5호선,강동,12429,11759,24188
20220122,5호선,강일,2646,2548,5194
20220122,5호선,개롱,3986,4293,8279
20220122,5호선,개화산,3462,3339,6801
20220122,5호선,거여,5779,5517,11296
20220122,5호선,고덕,6052,6027,12079
20220122,5호선,공덕,6925,7075,14000
20220122,5호선,광나루,9018,8599,17617
20220122,5호선,광화문,13909,13941,27850
20220122,5호선,군자,8329,9157,17486
20220122,5호선,굽은다리,6924,6562,13486
20220122,5호선,길동,5801,6106,11907
20220122,5호선,김포공항,7052,7146,14198
20220122,5호선,까치산,20608,19914,40522
20220122,5호선,답십리,9944,9143,19087
20220122,5호선,동대문역사문화공원,1065,1392,2457
20220122,5호선,둔촌동,6108,6094,12202
20220122,5호선,마곡,5425,5380,10805
20220122,5호선,마장,4202,4165,8367
20220122,5호선,마천,4500,4667,9167
20220122,5호선,마포,7365,7361,14726
20220122,5호선,명일,6000,6051,12051
20220122,5호선,목동,10996,11214,22210
20220122,5호선,미사,11400,11377,22777
20220122,5호선,발산,12951,13443,26394
20220122,5호선,방이,5053,5024,10077
20220122,5호선,방화,4371,4279,8650
20220122,5호선,상일동,9082,8401,17483
20220122,5호선,서대문,6958,6806,13764
20220122,5호선,송정,4825,4642,9467
20220122,5호선,신금호,4011,4134,8145
20220122,5호선,신길,2452,2716,5168
20220122,5호선,신정,8868,7613,16481
20220122,5호선,아차산,12580,12014,24594
20220122,5호선,애오개,3532,3460,6992
20220122,5호선,양평,3667,3621,7288
20220122,5호선,여의나루,6439,7618,14057
20220122,5호선,여의도,11224,11544,22768
20220122,5호선,영등포구청,2025,1938,3963
20220122,5호선,영등포시장,7715,8162,15877
20220122,5호선,오금,2166,2049,4215
20220122,5호선,오목교,15684,16097,31781
20220122,5호선,올림픽공원,2764,2473,5237
20220122,5호선,왕십리,3405,4074,7479
20220122,5호선,우장산,9554,9553,19107
20220122,5호선,을지로4가,3426,3815,7241
20220122,5호선,장한평,10934,10754,21688
20220122,5호선,종로3가,11955,12108,24063
20220122,5호선,천호,16292,15534,31826
20220122,5호선,청구,2530,2286,4816
20220122,5호선,충정로,1848,1779,3627
20220122,5호선,하남검단산,4728,4687,9415
20220122,5호선,하남시청,4971,4898,9869
20220122,5호선,하남풍산,2578,2678,5256
20220122,5호선,행당,5300,4661,9961
20220122,5호선,화곡,19480,18178,37658
20220122,6호선,고려대,4794,4621,9415
20220122,6호선,공덕,10039,9442,19481
20220122,6호선,광흥창,5075,4668,9743
20220122,6호선,구산,5298,3927,9225
20220122,6호선,녹사평,4453,4834,9287
20220122,6호선,대흥,5062,5149,10211
20220122,6호선,독바위,1862,2001,3863
20220122,6호선,돌곶이,6019,5617,11636
20220122,6호선,동묘앞,7456,7049,14505
20220122,6호선,디지털미디어시티,6789,6888,13677
20220122,6호선,마포구청,9287,8373,17660
20220122,6호선,망원,13357,14805,28162
20220122,6호선,버티고개,1353,1452,2805
20220122,6호선,보문,4951,4436,9387
20220122,6호선,봉화산,5153,5102,10255
20220122,6호선,불광,3524,3234,6758
20220122,6호선,삼각지,5109,4147,9256
20220122,6호선,상수,8115,9264,17379
20220122,6호선,상월곡,4003,3636,7639
20220122,6호선,새절,8503,8125,16628
20220122,6호선,석계,8603,8716,17319
20220122,6호선,신당,6667,5764,12431
20220122,6호선,안암,5907,5847,11754
20220122,6호선,약수,2450,2492,4942
20220122,6호선,역촌,2506,3044,5550
20220122,6호선,월곡,7633,7341,14974
20220122,6호선,월드컵경기장,3513,3492,7005
20220122,6호선,응암,12279,12418,24697
20220122,6호선,이태원,11825,12072,23897
20220122,6호선,증산,6986,7211,14197
20220122,6호선,창신,2088,1762,3850
20220122,6호선,청구,2329,2362,4691
20220122,6호선,태릉입구,4175,4416,8591
20220122,6호선,한강진,9879,11362,21241
20220122,6호선,합정,12796,11456,24252
20220122,6호선,화랑대,7767,6270,14037
20220122,6호선,효창공원앞,4496,4056,8552
20220122,7호선,가산디지털단지,14212,12790,27002
20220122,7호선,강남구청,10036,10942,20978
20220122,7호선,건대입구,10640,10737,21377
20220122,7호선,고속터미널,13223,10310,23533
20220122,7호선,공릉,8333,8413,16746
20220122,7호선,광명사거리,16732,16599,33331
20220122,7호선,군자,10515,8123,18638
20220122,7호선,굴포천,2,0,2
20220122,7호선,까치울,1,0,1
20220122,7호선,남구로,7953,8354,16307
20220122,7호선,남성,7557,7141,14698
20220122,7호선,내방,7717,7725,15442
20220122,7호선,노원,15488,15703,31191
20220122,7호선,논현,11348,12126,23474
20220122,7호선,대림,6696,7122,13818
20220122,7호선,도봉산,6017,8230,14247
20220122,7호선,뚝섬유원지,5770,5440,11210
20220122,7호선,마들,8702,8210,16912
20220122,7호선,먹골,7978,7837,15815
20220122,7호선,면목,10578,10503,21081
20220122,7호선,반포,4287,3985,8272
20220122,7호선,보라매,5832,5600,11432
20220122,7호선,사가정,11843,11639,23482
20220122,7호선,상도,7181,6763,13944
20220122,7호선,상동,1,0,1
20220122,7호선,상봉,13057,12550,25607
20220122,7호선,수락산,9558,9444,19002
20220122,7호선,숭실대입구,7843,7814,15657
20220122,7호선,신대방삼거리,11059,10386,21445
20220122,7호선,신풍,7804,7340,15144
20220122,7호선,어린이대공원,9213,8955,18168
20220122,7호선,온수,5258,5280,10538
20220122,7호선,용마산,4375,4465,8840
20220122,7호선,이수,12071,11246,23317
20220122,7호선,장승배기,6349,6121,12470
20220122,7호선,장암,1328,924,2252
20220122,7호선,중계,8798,7863,16661
20220122,7호선,중곡,6776,6407,13183
20220122,7호선,중화,7418,7199,14617
20220122,7호선,천왕,6850,6481,13331
20220122,7호선,철산,14726,14795,29521
20220122,7호선,청담,11071,11870,22941
20220122,7호선,태릉입구,6479,6035,12514
20220122,7호선,하계,11940,11160,23100
20220122,7호선,학동,10754,11167,21921
20220122,8호선,가락시장,5883,5887,11770
20220122,8호선,강동구청,6185,6220,12405
20220122,8호선,남위례,2658,2880,5538
20220122,8호선,남한산성입구,8769,8088,16857
20220122,8호선,단대오거리,7453,7067,14520
20220122,8호선,모란,3589,3011,6600
20220122,8호선,몽촌토성,4014,4091,8105
20220122,8호선,문정,8589,8743,17332
20220122,8호선,복정,6099,5114,11213
20220122,8호선,산성,3864,3874,7738
20220122,8호선,석촌,5792,7183,12975
20220122,8호선,송파,4863,5000,9863
20220122,8호선,수진,4074,3678,7752
20220122,8호선,신흥,3352,3585,6937
20220122,8호선,암사,12331,11344,23675
20220122,8호선,잠실,12627,14506,27133
20220122,8호선,장지,11707,10848,22555
20220122,8호선,천호,11970,13941,25911
20220122,9호선,가양,13753,13070,26823
20220122,9호선,개화,1265,1054,2319
20220122,9호선,고속터미널,11234,16062,27296
20220122,9호선,공항시장,2266,2352,4618
20220122,9호선,구반포,1165,1169,2334
20220122,9호선,국회의사당,4148,4332,8480
20220122,9호선,김포공항,7727,11769,19496
20220122,9호선,노들,3153,2696,5849
20220122,9호선,노량진,20878,20449,41327
20220122,9호선,당산,12686,11720,24406
20220122,9호선,동작,1556,1252,2808
20220122,9호선,등촌,7145,6997,14142
20220122,9호선,마곡나루,7805,7620,15425
20220122,9호선,사평,2204,2014,4218
20220122,9호선,샛강,2441,2472,4913
20220122,9호선,선유도,3740,3574,7314
20220122,9호선,신논현,26414,25630,52044
20220122,9호선,신목동,2278,1992,4270
20220122,9호선,신반포,2465,2358,4823
20220122,9호선,신방화,4535,4413,8948
20220122,9호선,양천향교,5687,5569,11256
20220122,9호선,여의도,11566,11114,22680
20220122,9호선,염창,11455,10767,22222
20220122,9호선,증미,3961,3943,7904
20220122,9호선,흑석,5301,5434,10735
20220122,9호선2~3단계,둔촌오륜,599,636,1235
20220122,9호선2~3단계,봉은사,12248,13094,25342
20220122,9호선2~3단계,삼성중앙,2921,3160,6081
20220122,9호선2~3단계,삼전,4905,4607,9512
20220122,9호선2~3단계,석촌,6472,5585,12057
20220122,9호선2~3단계,석촌고분,4166,4056,8222
20220122,9호선2~3단계,선정릉,4602,5143,9745
20220122,9호선2~3단계,송파나루,4097,4368,8465
20220122,9호선2~3단계,언주,6014,6172,12186
20220122,9호선2~3단계,올림픽공원,5832,5730,11562
20220122,9호선2~3단계,종합운동장,3065,2700,5765
20220122,9호선2~3단계,중앙보훈병원,4434,4212,8646
20220122,9호선2~3단계,한성백제,1634,1420,3054
20220122,경강선,경기광주,5086,4886,9972
20220122,경강선,곤지암,1788,1722,3510
20220122,경강선,부발,2024,1676,3700
20220122,경강선,삼동,1486,1370,2856
20220122,경강선,세종대왕릉,267,289,556
20220122,경강선,신둔도예촌,1059,999,2058
20220122,경강선,여주,1773,1879,3652
20220122,경강선,이매,738,567,1305
20220122,경강선,이천,2595,2599,5194
20220122,경강선,초월,2121,1885,4006
20220122,경강선,판교,2906,2783,5689
20220122,경부선,가산디지털단지,6102,8013,14115
20220122,경부선,관악,5490,5209,10699
20220122,경부선,광명,2556,2217,4773
20220122,경부선,구로,12038,12342,24380
20220122,경부선,군포,4100,3821,7921
20220122,경부선,금정,17860,17925,35785
20220122,경부선,금천구청,8139,8097,16236
20220122,경부선,남영,5686,5801,11487
20220122,경부선,노량진,8123,7653,15776
20220122,경부선,당정,3893,3644,7537
20220122,경부선,대방,7718,7876,15594
20220122,경부선,독산,8747,8872,17619
20220122,경부선,두정,4720,4708,9428
20220122,경부선,명학,4852,4598,9450
20220122,경부선,병점,11406,11233,22639
20220122,경부선,서동탄,957,981,1938
20220122,경부선,서울역,6382,2012,8394
20220122,경부선,서정리,6417,5354,11771
20220122,경부선,석수,6626,6322,12948
20220122,경부선,성균관대,9756,9836,19592
20220122,경부선,성환,2433,2246,4679
20220122,경부선,세류,2199,2265,4464
20220122,경부선,세마,1980,1847,3827
20220122,경부선,송탄,3938,3666,7604
20220122,경부선,수원,34338,36821,71159
20220122,경부선,신길,5903,4990,10893
20220122,경부선,신도림,3021,2804,5825
20220122,경부선,안양,16814,16883,33697
20220122,경부선,영등포,37071,38924,75995
20220122,경부선,오산,8313,7947,16260
20220122,경부선,오산대,2520,2246,4766
20220122,경부선,용산,31764,33270,65034
20220122,경부선,의왕,5637,5448,11085
20220122,경부선,직산,597,566,1163
20220122,경부선,진위,889,770,1659
20220122,경부선,천안,5302,5313,10615
20220122,경부선,평택,11304,10769,22073
20220122,경부선,평택지제,2818,2594,5412
20220122,경부선,화서,5184,5251,10435
20220122,경원선,가능,4762,4528,9290
20220122,경원선,광운대,5728,5620,11348
20220122,경원선,녹양,3281,3193,6474
20220122,경원선,녹천,3112,2710,5822
20220122,경원선,덕계,2299,2185,4484
20220122,경원선,덕정,4066,3705,7771
20220122,경원선,도봉,4339,4107,8446
20220122,경원선,도봉산,8005,5392,13397
20220122,경원선,동두천,1443,1708,3151
20220122,경원선,동두천중앙,2346,2246,4592
20220122,경원선,망월사,5610,5682,11292
20220122,경원선,방학,6979,6777,13756
20220122,경원선,보산,1074,1101,2175
20220122,경원선,서빙고,1417,1451,2868
20220122,경원선,석계,6664,7045,13709
20220122,경원선,소요산,2879,2422,5301
20220122,경원선,신이문,5872,5410,11282
20220122,경원선,양주,5817,5532,11349
20220122,경원선,옥수,27,23,50
20220122,경원선,왕십리,11962,13815,25777
20220122,경원선,외대앞,5570,5478,11048
20220122,경원선,월계,4709,4336,9045
20220122,경원선,응봉,1352,1209,2561
20220122,경원선,의정부,16205,17122,33327
20220122,경원선,이촌,2701,2016,4717
20220122,경원선,지행,4986,5048,10034
20220122,경원선,청량리,15477,16395,31872
20220122,경원선,한남,2664,2478,5142
20220122,경원선,회룡,9297,9325,18622
20220122,경의선,가좌,3688,3628,7316
20220122,경의선,강매,1935,1768,3703
20220122,경의선,곡산,389,355,744
20220122,경의선,공덕,2623,2028,4651
20220122,경의선,금릉,3607,3511,7118
20220122,경의선,금촌,5086,4990,10076
20220122,경의선,능곡,2598,2516,5114
20220122,경의선,디지털미디어시티,1843,1695,3538
20220122,경의선,문산,4097,3922,8019
20220122,경의선,백마,4269,3952,8221
20220122,경의선,서강대,1551,1504,3055
20220122,경의선,서울역,1153,1317,2470
20220122,경의선,수색,1343,1349,2692
20220122,경의선,신촌,322,354,676
20220122,경의선,야당,5862,5821,11683
20220122,경의선,운정,4759,4449,9208
20220122,경의선,월롱,1608,1325,2933
20220122,경의선,일산,5870,5688,11558
20220122,경의선,임진강,47,64,111
20220122,경의선,탄현,5114,4988,10102
20220122,경의선,파주,805,599,1404
20220122,경의선,풍산,4131,3989,8120
20220122,경의선,행신,5019,5156,10175
20220122,경의선,홍대입구,1840,2192,4032
20220122,경의선,화전,980,889,1869
20220122,경의선,효창공원앞,1664,1862,3526
20220122,경인선,간석,4083,4025,8108
20220122,경인선,개봉,15239,15158,30397
20220122,경인선,구일,4057,3937,7994
20220122,경인선,도원,1778,1895,3673
20220122,경인선,도화,3089,2845,5934
20220122,경인선,동암,11780,12057,23837
20220122,경인선,동인천,10954,10704,21658
20220122,경인선,백운,5037,5072,10109
20220122,경인선,부개,6046,5892,11938
20220122,경인선,부천,27397,28387,55784
20220122,경인선,부평,27902,29310,57212
20220122,경인선,소사,7115,6767,13882
20220122,경인선,송내,17056,16975,34031
20220122,경인선,역곡,19207,19111,38318
20220122,경인선,오류동,8621,8009,16630
20220122,경인선,온수,4615,4234,8849
20220122,경인선,인천,3460,2990,6450
20220122,경인선,제물포,7025,6743,13768
20220122,경인선,주안,14754,13104,27858
20220122,경인선,중동,6427,6114,12541
20220122,경춘선,가평,1270,1478,2748
20220122,경춘선,갈매,1929,1626,3555
20220122,경춘선,강촌,473,529,1002
20220122,경춘선,굴봉산,141,169,310
20220122,경춘선,금곡,1014,998,2012
20220122,경춘선,김유정,352,400,752
20220122,경춘선,남춘천,2854,2905,5759
20220122,경춘선,대성리,402,422,824
20220122,경춘선,마석,2897,2761,5658
20220122,경춘선,백양리,411,388,799
20220122,경춘선,별내,2279,2203,4482
20220122,경춘선,사릉,2099,1915,4014
20220122,경춘선,상천,232,213,445
20220122,경춘선,신내,1100,1050,2150
20220122,경춘선,천마산,1286,1250,2536
20220122,경춘선,청평,1297,1465,2762
20220122,경춘선,춘천,1187,1185,2372
20220122,경춘선,퇴계원,2509,2191,4700
20220122,경춘선,평내호평,4200,3973,8173
20220122,공항철도 1호선,검암,4352,4304,8656
20220122,공항철도 1호선,계양,6486,6151,12637
20220122,공항철도 1호선,공덕,1544,2376,3920
20220122,공항철도 1호선,공항화물청사,1215,1221,2436
20220122,공항철도 1호선,김포공항,11070,5386,16456
20220122,공항철도 1호선,디지털미디어시티,5108,4700,9808
20220122,공항철도 1호선,마곡나루,2996,3341,6337
20220122,공항철도 1호선,서울역,6980,7121,14101
20220122,공항철도 1호선,영종,2599,2644,5243
20220122,공항철도 1호선,운서,5607,5722,11329
20220122,공항철도 1호선,인천공항1터미널,3002,3238,6240
20220122,공항철도 1호선,인천공항2터미널,1655,1555,3210
20220122,공항철도 1호선,청라국제도시,4016,3977,7993
20220122,공항철도 1호선,홍대입구,12357,12190,24547
20220122,과천선,경마공원,7824,7830,15654
20220122,과천선,과천,4343,4054,8397
20220122,과천선,대공원,3854,4096,7950
20220122,과천선,범계,19427,17774,37201
20220122,과천선,선바위,4948,4318,9266
20220122,과천선,인덕원,15331,15305,30636
20220122,과천선,정부과천청사,5773,5812,11585
20220122,과천선,평촌,8777,8617,17394
20220122,분당선,가천대,4786,5291,10077
20220122,분당선,강남구청,5721,6795,12516
20220122,분당선,개포동,2478,2388,4866
20220122,분당선,구룡,1308,1161,2469
20220122,분당선,구성,3072,3202,6274
20220122,분당선,기흥,6276,6006,12282
20220122,분당선,대모산입구,3153,2890,6043
20220122,분당선,도곡,4464,4054,8518
20220122,분당선,망포,9355,8605,17960
20220122,분당선,매교,1996,2126,4122
20220122,분당선,매탄권선,3351,3263,6614
20220122,분당선,모란,15844,16038,31882
20220122,분당선,미금,10522,10905,21427
20220122,분당선,보정,1480,1423,2903
20220122,분당선,상갈,3562,3559,7121
20220122,분당선,서울숲,7269,7814,15083
20220122,분당선,서현,18979,19054,38033
20220122,분당선,선릉,5017,7990,13007
20220122,분당선,선정릉,3352,3420,6772
20220122,분당선,수내,8597,8155,16752
20220122,분당선,수서,9901,10355,20256
20220122,분당선,수원,7087,5789,12876
20220122,분당선,수원시청,10834,11700,22534
20220122,분당선,신갈,2566,2551,5117
20220122,분당선,압구정로데오,19759,21549,41308
20220122,분당선,야탑,17161,17994,35155
20220122,분당선,영통,6401,6306,12707
20220122,분당선,오리,7680,6440,14120
20220122,분당선,이매,4137,4088,8225
20220122,분당선,정자,10454,10669,21123
20220122,분당선,죽전,9671,10734,20405
20220122,분당선,청명,2488,2459,4947
20220122,분당선,태평,10566,10023,20589
20220122,분당선,한티,12369,12159,24528
20220122,수인선,고색,2596,2561,5157
20220122,수인선,남동인더스파크,986,944,1930
20220122,수인선,달월,51,44,95
20220122,수인선,사리,3180,2767,5947
20220122,수인선,소래포구,4807,4762,9569
20220122,수인선,송도,1939,1928,3867
20220122,수인선,숭의,2647,2418,5065
20220122,수인선,신포,1441,1444,2885
20220122,수인선,야목,242,193,435
20220122,수인선,어천,650,582,1232
20220122,수인선,연수,3798,3912,7710
20220122,수인선,오목천,2029,1769,3798
20220122,수인선,원인재,3564,3771,7335
20220122,수인선,월곶,2006,1860,3866
20220122,수인선,인천,1146,1809,2955
20220122,수인선,인천논현,4172,4438,8610
20220122,수인선,인하대,3935,3713,7648
20220122,수인선,호구포,2397,2279,4676
20220122,안산선,고잔,6147,6153,12300
20220122,안산선,대야미,3560,3058,6618
20220122,안산선,반월,3103,2963,6066
20220122,안산선,산본,11816,12575,24391
20220122,안산선,상록수,11706,11758,23464
20220122,안산선,수리산,2645,2371,5016
20220122,안산선,신길온천,1298,1212,2510
20220122,안산선,안산,8541,8656,17197
20220122,안산선,오이도,6608,6921,13529
20220122,안산선,정왕,5803,5985,11788
20220122,안산선,중앙,15709,15847,31556
20220122,안산선,초지,3235,3203,6438
20220122,안산선,한대앞,6636,6621,13257
20220122,우이신설선,4.19민주묘지,2212,1947,4159
20220122,우이신설선,가오리,2929,2841,5770
20220122,우이신설선,보문,1100,1064,2164
20220122,우이신설선,북한산보국문,4587,4139,8726
20220122,우이신설선,북한산우이,2757,2872,5629
20220122,우이신설선,삼양,1501,1598,3099
20220122,우이신설선,삼양사거리,1824,1773,3597
20220122,우이신설선,성신여대입구,2769,3177,5946
20220122,우이신설선,솔밭공원,1766,1680,3446
20220122,우이신설선,솔샘,3791,3413,7204
20220122,우이신설선,신설동,1449,1387,2836
20220122,우이신설선,정릉,3402,2905,6307
20220122,우이신설선,화계,2400,2263,4663
20220122,일산선,대곡,1186,1000,2186
20220122,일산선,대화,7992,7257,15249
20220122,일산선,마두,4731,4802,9533
20220122,일산선,백석,7178,7245,14423
20220122,일산선,삼송,13731,13439,27170
20220122,일산선,원당,7767,7528,15295
20220122,일산선,원흥,6945,6640,13585
20220122,일산선,정발산,6057,6242,12299
20220122,일산선,주엽,6108,6104,12212
20220122,일산선,지축,1,0,1
20220122,일산선,화정,12128,12563,24691
20220122,장항선,배방,918,872,1790
20220122,장항선,봉명,663,607,1270
20220122,장항선,신창,832,722,1554
20220122,장항선,쌍용,1326,1320,2646
20220122,장항선,아산,2467,2407,4874
20220122,장항선,온양온천,3257,3383,6640
20220122,장항선,탕정,387,358,745
20220122,중앙선,구리,9753,10080,19833
20220122,중앙선,국수,478,533,1011
20220122,중앙선,덕소,4003,4117,8120
20220122,중앙선,도농,6554,6305,12859
20220122,중앙선,도심,1357,1149,2506
20220122,중앙선,망우,6207,6127,12334
20220122,중앙선,상봉,4688,4599,9287
20220122,중앙선,신원,183,155,338
20220122,중앙선,아신,412,464,876
20220122,중앙선,양수,1477,1576,3053
20220122,중앙선,양원,1291,1328,2619
20220122,중앙선,양정,440,414,854
20220122,중앙선,양평,2018,2199,4217
20220122,중앙선,오빈,218,218,436
20220122,중앙선,용문,1431,1638,3069
20220122,중앙선,운길산,787,750,1537
20220122,중앙선,원덕,269,286,555
20220122,중앙선,중랑,4263,4104,8367
20220122,중앙선,지평,40,55,95
20220122,중앙선,팔당,1016,1131,2147
20220122,중앙선,회기,18164,17268,35432
20220123,1호선,동대문,8408,8749,17157
20220123,1호선,동묘앞,11459,11555,23014
20220123,1호선,서울역,23835,21440,45275
20220123,1호선,시청,6993,6565,13558
20220123,1호선,신설동,7372,7275,14647
20220123,1호선,제기동,11302,11957,23259
20220123,1호선,종각,12042,10621,22663
20220123,1호선,종로3가,13245,11686,24931
20220123,1호선,종로5가,8719,8553,17272
20220123,1호선,청량리,12993,13008,26001
20220123,2호선,강남,35304,33656,68960
20220123,2호선,강변,18335,18291,36626
20220123,2호선,건대입구,26000,26891,52891
20220123,2호선,교대,9695,10548,20243
20220123,2호선,구로디지털단지,22260,21887,44147
20220123,2호선,구의,11127,11341,22468
20220123,2호선,낙성대,14937,15120,30057
20220123,2호선,당산,7942,8701,16643
20220123,2호선,대림,13772,14012,27784
20220123,2호선,도림천,438,481,919
20220123,2호선,동대문역사문화공원,6795,8159,14954
20220123,2호선,뚝섬,10100,10174,20274
20220123,2호선,문래,7514,7800,15314
20220123,2호선,방배,6479,6889,13368
20220123,2호선,봉천,11753,11240,22993
20220123,2호선,사당,20511,22655,43166
20220123,2호선,삼성,21348,20506,41854
20220123,2호선,상왕십리,6585,6569,13154
20220123,2호선,서울대입구,25981,26328,52309
20220123,2호선,서초,10906,9961,20867
20220123,2호선,선릉,12504,10935,23439
20220123,2호선,성수,13693,14782,28475
20220123,2호선,시청,5496,4478,9974
20220123,2호선,신답,764,802,1566
20220123,2호선,신당,7702,8249,15951
20220123,2호선,신대방,14337,13949,28286
20220123,2호선,신도림,26144,26681,52825
20220123,2호선,신림,35605,35342,70947
20220123,2호선,신설동,3018,3214,6232
20220123,2호선,신정네거리,5110,5157,10267
20220123,2호선,신촌,20815,19999,40814
20220123,2호선,아현,4975,5010,9985
20220123,2호선,양천구청,3112,3189,6301
20220123,2호선,역삼,11486,12629,24115
20220123,2호선,영등포구청,7427,7712,15139
20220123,2호선,왕십리,8770,7440,16210
20220123,2호선,용답,1605,1698,3303
20220123,2호선,용두,1174,1164,2338
20220123,2호선,을지로3가,7844,7098,14942
20220123,2호선,을지로4가,3489,3283,6772
20220123,2호선,을지로입구,14704,13696,28400
20220123,2호선,이대,6505,6987,13492
20220123,2호선,잠실,46400,43069,89469
20220123,2호선,잠실나루,4828,4870,9698
20220123,2호선,잠실새내,10373,10930,21303
20220123,2호선,종합운동장,3723,3948,7671
20220123,2호선,충정로,3984,4224,8208
20220123,2호선,한양대,2244,2381,4625
20220123,2호선,합정,20462,21316,41778
20220123,2호선,홍대입구,48221,47073,95294
20220123,3호선,가락시장,3486,3784,7270
20220123,3호선,경복궁,10498,10934,21432
20220123,3호선,경찰병원,2581,2625,5206
20220123,3호선,고속터미널,35272,33988,69260
20220123,3호선,교대,3884,2440,6324
20220123,3호선,구파발,10154,10398,20552
20220123,3호선,금호,3877,3774,7651
20220123,3호선,남부터미널,12985,13839,26824
20220123,3호선,녹번,6857,6212,13069
20220123,3호선,대청,3779,3804,7583
20220123,3호선,대치,5816,5196,11012
20220123,3호선,도곡,1805,1941,3746
20220123,3호선,독립문,3872,4224,8096
20220123,3호선,동대입구,4240,4734,8974
20220123,3호선,매봉,3836,3802,7638
20220123,3호선,무악재,1733,1842,3575
20220123,3호선,불광,9134,10491,19625
20220123,3호선,수서,9714,9555,19269
20220123,3호선,신사,14532,14174,28706
20220123,3호선,안국,10196,10985,21181
20220123,3호선,압구정,13214,13846,27060
20220123,3호선,약수,6292,5955,12247
20220123,3호선,양재,12886,14805,27691
20220123,3호선,연신내,19954,19091,39045
20220123,3호선,오금,2463,2419,4882
20220123,3호선,옥수,4392,4714,9106
20220123,3호선,을지로3가,3116,2743,5859
20220123,3호선,일원,2922,3181,6103
20220123,3호선,잠원,1975,2027,4002
20220123,3호선,종로3가,3698,4843,8541
20220123,3호선,지축,1908,1897,3805
20220123,3호선,충무로,1,0,1
20220123,3호선,학여울,890,886,1776
20220123,3호선,홍제,8685,8281,16966
20220123,4호선,길음,9752,9589,19341
20220123,4호선,남태령,654,492,1146
20220123,4호선,노원,11417,12173,23590
20220123,4호선,당고개,7292,7147,14439
20220123,4호선,동대문,5889,6554,12443
20220123,4호선,동대문역사문화공원,8303,7531,15834
20220123,4호선,동작,924,1074,1998
20220123,4호선,명동,10084,9916,20000
20220123,4호선,미아,7530,7082,14612
20220123,4호선,미아사거리,14892,14393,29285
20220123,4호선,사당,14144,13180,27324
20220123,4호선,삼각지,2482,3169,5651
20220123,4호선,상계,9584,9031,18615
20220123,4호선,서울역,4027,8922,12949
20220123,4호선,성신여대입구,11975,11437,23412
20220123,4호선,수유,18978,18518,37496
20220123,4호선,숙대입구,6936,6746,13682
20220123,4호선,신용산,7509,7599,15108
20220123,4호선,쌍문,14530,13503,28033
20220123,4호선,이촌,5062,5433,10495
20220123,4호선,창동,14892,15628,30520
20220123,4호선,총신대입구,9658,10527,20185
20220123,4호선,충무로,7429,7301,14730
20220123,4호선,한성대입구,6921,7115,14036
20220123,4호선,혜화,22071,22722,44793
20220123,4호선,회현,8436,8817,17253
20220123,5호선,강동,8398,8293,16691
20220123,5호선,강일,1952,1871,3823
20220123,5호선,개롱,2667,3058,5725
20220123,5호선,개화산,2521,2564,5085
20220123,5호선,거여,4015,3929,7944
20220123,5호선,고덕,3993,3874,7867
20220123,5호선,공덕,4217,4343,8560
20220123,5호선,광나루,7271,7097,14368
20220123,5호선,광화문,9853,9814,19667
20220123,5호선,군자,5907,6412,12319
20220123,5호선,굽은다리,5015,4606,9621
20220123,5호선,길동,4034,4201,8235
20220123,5호선,김포공항,6367,6348,12715
20220123,5호선,까치산,14801,14439,29240
20220123,5호선,답십리,7058,6596,13654
20220123,5호선,동대문역사문화공원,695,828,1523
20220123,5호선,둔촌동,4317,4412,8729
20220123,5호선,마곡,3708,3763,7471
20220123,5호선,마장,2933,2960,5893
20220123,5호선,마천,3406,3641,7047
20220123,5호선,마포,4567,4782,9349
20220123,5호선,명일,4446,4593,9039
20220123,5호선,목동,7069,7371,14440
20220123,5호선,미사,8362,8277,16639
20220123,5호선,발산,8763,8943,17706
20220123,5호선,방이,3787,3722,7509
20220123,5호선,방화,3209,3353,6562
20220123,5호선,상일동,6409,6286,12695
20220123,5호선,서대문,4801,4760,9561
20220123,5호선,송정,3521,3433,6954
20220123,5호선,신금호,2863,3035,5898
20220123,5호선,신길,1733,2002,3735
20220123,5호선,신정,6028,5514,11542
20220123,5호선,아차산,10111,10018,20129
20220123,5호선,애오개,2468,2563,5031
20220123,5호선,양평,2534,2628,5162
20220123,5호선,여의나루,5762,6613,12375
20220123,5호선,여의도,7591,7692,15283
20220123,5호선,영등포구청,1333,1201,2534
20220123,5호선,영등포시장,5059,5167,10226
20220123,5호선,오금,1437,1427,2864
20220123,5호선,오목교,10643,10967,21610
20220123,5호선,올림픽공원,1987,1815,3802
20220123,5호선,왕십리,2311,2696,5007
20220123,5호선,우장산,6331,6579,12910
20220123,5호선,을지로4가,1519,1609,3128
20220123,5호선,장한평,7302,7342,14644
20220123,5호선,종로3가,8736,7680,16416
20220123,5호선,천호,11805,11064,22869
20220123,5호선,청구,1757,1519,3276
20220123,5호선,충정로,1336,1372,2708
20220123,5호선,하남검단산,4182,4193,8375
20220123,5호선,하남시청,3623,3475,7098
20220123,5호선,하남풍산,1970,2111,4081
20220123,5호선,행당,3576,3429,7005
20220123,5호선,화곡,13380,12625,26005
20220123,6호선,고려대,3847,3808,7655
20220123,6호선,공덕,6622,6106,12728
20220123,6호선,광흥창,3989,4056,8045
20220123,6호선,구산,3602,2713,6315
20220123,6호선,녹사평,3582,3544,7126
20220123,6호선,대흥,3504,3708,7212
20220123,6호선,독바위,1380,1854,3234
20220123,6호선,돌곶이,4810,4590,9400
20220123,6호선,동묘앞,5661,5472,11133
20220123,6호선,디지털미디어시티,4847,5103,9950
20220123,6호선,마포구청,6807,6400,13207
20220123,6호선,망원,9860,10674,20534
20220123,6호선,버티고개,970,1073,2043
20220123,6호선,보문,3860,3581,7441
20220123,6호선,봉화산,3742,3697,7439
20220123,6호선,불광,2759,2533,5292
20220123,6호선,삼각지,3462,2786,6248
20220123,6호선,상수,6123,7024,13147
20220123,6호선,상월곡,3126,2854,5980
20220123,6호선,새절,6150,6004,12154
20220123,6호선,석계,5985,6438,12423
20220123,6호선,신당,3958,4453,8411
20220123,6호선,안암,4355,4500,8855
20220123,6호선,약수,1591,1639,3230
20220123,6호선,역촌,1920,2235,4155
20220123,6호선,월곡,5510,5279,10789
20220123,6호선,월드컵경기장,2593,2527,5120
20220123,6호선,응암,8867,8777,17644
20220123,6호선,이태원,8819,8171,16990
20220123,6호선,증산,5134,5261,10395
20220123,6호선,창신,1503,1390,2893
20220123,6호선,청구,1609,1587,3196
20220123,6호선,태릉입구,2976,3175,6151
20220123,6호선,한강진,7227,8077,15304
20220123,6호선,합정,9078,8198,17276
20220123,6호선,화랑대,5133,4461,9594
20220123,6호선,효창공원앞,3196,2900,6096
20220123,7호선,가산디지털단지,9635,8951,18586
20220123,7호선,강남구청,5640,6006,11646
20220123,7호선,건대입구,7187,7166,14353
20220123,7호선,고속터미널,10471,7472,17943
20220123,7호선,공릉,6015,6048,12063
20220123,7호선,광명사거리,11864,11784,23648
20220123,7호선,군자,7374,5787,13161
20220123,7호선,굴포천,1,0,1
20220123,7호선,까치울,1,0,1
20220123,7호선,남구로,5979,5964,11943
20220123,7호선,남성,4973,4975,9948
20220123,7호선,내방,4964,5228,10192
20220123,7호선,노원,10592,10562,21154
20220123,7호선,논현,6126,6518,12644
20220123,7호선,대림,6357,6099,12456
20220123,7호선,도봉산,4844,6970,11814
20220123,7호선,뚝섬유원지,4988,4690,9678
20220123,7호선,마들,5582,5269,10851
20220123,7호선,먹골,5244,5071,10315
20220123,7호선,면목,7698,7505,15203
20220123,7호선,반포,2620,2606,5226
20220123,7호선,보라매,3938,3971,7909
20220123,7호선,부천종합운동장,1,0,1
20220123,7호선,사가정,8356,8297,16653
20220123,7호선,상도,5145,4969,10114
20220123,7호선,상봉,8545,7849,16394
20220123,7호선,수락산,7631,7334,14965
20220123,7호선,숭실대입구,5429,5936,11365
20220123,7호선,신대방삼거리,7616,7395,15011
20220123,7호선,신풍,5584,5343,10927
20220123,7호선,어린이대공원,7763,7755,15518
20220123,7호선,온수,3745,3749,7494
20220123,7호선,용마산,3131,3440,6571
20220123,7호선,이수,8014,7626,15640
20220123,7호선,장승배기,4412,4353,8765
20220123,7호선,장암,1104,743,1847
20220123,7호선,중계,6193,5708,11901
20220123,7호선,중곡,4957,4869,9826
20220123,7호선,중화,5261,5246,10507
20220123,7호선,천왕,4782,4628,9410
20220123,7호선,철산,9906,9864,19770
20220123,7호선,청담,6196,6665,12861
20220123,7호선,태릉입구,4663,4310,8973
20220123,7호선,하계,8498,8024,16522
20220123,7호선,학동,5889,6221,12110
20220123,8호선,가락시장,3133,3872,7005
20220123,8호선,강동구청,4229,4513,8742
20220123,8호선,남위례,1942,2032,3974
20220123,8호선,남한산성입구,6380,6071,12451
20220123,8호선,단대오거리,5107,5105,10212
20220123,8호선,모란,2502,2108,4610
20220123,8호선,몽촌토성,2978,2856,5834
20220123,8호선,문정,5295,5512,10807
20220123,8호선,복정,4316,3986,8302
20220123,8호선,산성,2937,2949,5886
20220123,8호선,석촌,4109,4941,9050
20220123,8호선,송파,3221,3436,6657
20220123,8호선,수진,2964,2644,5608
20220123,8호선,신흥,2405,2522,4927
20220123,8호선,암사,8359,7999,16358
20220123,8호선,잠실,9225,10588,19813
20220123,8호선,장지,8295,8632,16927
20220123,8호선,천호,8351,9556,17907
20220123,9호선,가양,9723,9441,19164
20220123,9호선,개화,885,882,1767
20220123,9호선,고속터미널,8530,11945,20475
20220123,9호선,공항시장,1653,1852,3505
20220123,9호선,구반포,507,514,1021
20220123,9호선,국회의사당,4597,4417,9014
20220123,9호선,김포공항,6866,11132,17998
20220123,9호선,노들,2370,2122,4492
20220123,9호선,노량진,14646,15360,30006
20220123,9호선,당산,8618,8441,17059
20220123,9호선,동작,1454,1040,2494
20220123,9호선,등촌,4869,4891,9760
20220123,9호선,마곡나루,5266,5297,10563
20220123,9호선,사평,1450,1549,2999
20220123,9호선,샛강,1512,1636,3148
20220123,9호선,선유도,2579,2604,5183
20220123,9호선,신논현,15627,14859,30486
20220123,9호선,신목동,1620,1441,3061
20220123,9호선,신반포,1712,1689,3401
20220123,9호선,신방화,3183,3130,6313
20220123,9호선,양천향교,4023,4237,8260
20220123,9호선,여의도,8466,7598,16064
20220123,9호선,염창,7877,8007,15884
20220123,9호선,증미,2345,2315,4660
20220123,9호선,흑석,3537,3780,7317
20220123,9호선2~3단계,둔촌오륜,480,474,954
20220123,9호선2~3단계,봉은사,7946,8186,16132
20220123,9호선2~3단계,삼성중앙,1731,1852,3583
20220123,9호선2~3단계,삼전,3493,3376,6869
20220123,9호선2~3단계,석촌,4541,3906,8447
20220123,9호선2~3단계,석촌고분,2894,2859,5753
20220123,9호선2~3단계,선정릉,2757,3059,5816
20220123,9호선2~3단계,송파나루,3061,3378,6439
20220123,9호선2~3단계,언주,3593,3674,7267
20220123,9호선2~3단계,올림픽공원,4157,4230,8387
20220123,9호선2~3단계,종합운동장,1954,1817,3771
20220123,9호선2~3단계,중앙보훈병원,3153,3071,6224
20220123,9호선2~3단계,한성백제,1221,1178,2399
20220123,경강선,경기광주,3585,3615,7200
20220123,경강선,곤지암,1367,1390,2757
20220123,경강선,부발,1389,1913,3302
20220123,경강선,삼동,999,939,1938
20220123,경강선,세종대왕릉,205,196,401
20220123,경강선,신둔도예촌,798,757,1555
20220123,경강선,여주,1693,1587,3280
20220123,경강선,이매,619,410,1029
20220123,경강선,이천,1779,1964,3743
20220123,경강선,초월,1468,1445,2913
20220123,경강선,판교,2329,2269,4598
20220123,경부선,가산디지털단지,4211,5831,10042
20220123,경부선,관악,4367,4025,8392
20220123,경부선,광명,2289,1731,4020
20220123,경부선,구로,8857,9020,17877
20220123,경부선,군포,2875,2747,5622
20220123,경부선,금정,12820,13284,26104
20220123,경부선,금천구청,5973,5807,11780
20220123,경부선,남영,4215,4347,8562
20220123,경부선,노량진,5630,5395,11025
20220123,경부선,당정,2732,2772,5504
20220123,경부선,대방,5264,5619,10883
20220123,경부선,독산,6111,6047,12158
20220123,경부선,두정,3778,4040,7818
20220123,경부선,명학,3056,3131,6187
20220123,경부선,병점,8580,9443,18023
20220123,경부선,서동탄,685,750,1435
20220123,경부선,서울역,6427,1656,8083
20220123,경부선,서정리,3933,5642,9575
20220123,경부선,석수,4869,4813,9682
20220123,경부선,성균관대,7427,7720,15147
20220123,경부선,성환,1919,2219,4138
20220123,경부선,세류,1790,1831,3621
20220123,경부선,세마,1581,1500,3081
20220123,경부선,송탄,3008,3449,6457
20220123,경부선,수원,30123,28988,59111
20220123,경부선,신길,4342,3841,8183
20220123,경부선,신도림,2374,2250,4624
20220123,경부선,안양,12500,12151,24651
20220123,경부선,영등포,30749,29864,60613
20220123,경부선,오산,7212,7804,15016
20220123,경부선,오산대,1841,1798,3639
20220123,경부선,용산,28217,25590,53807
20220123,경부선,의왕,3852,4082,7934
20220123,경부선,직산,434,526,960
20220123,경부선,진위,729,709,1438
20220123,경부선,천안,4851,4740,9591
20220123,경부선,평택,9426,9673,19099
20220123,경부선,평택지제,2049,2047,4096
20220123,경부선,화서,3902,3815,7717
20220123,경원선,가능,3625,3448,7073
20220123,경원선,광운대,3808,4003,7811
20220123,경원선,녹양,2392,2294,4686
20220123,경원선,녹천,2470,2146,4616
20220123,경원선,덕계,1595,1560,3155
20220123,경원선,덕정,2918,3065,5983
20220123,경원선,도봉,3366,3200,6566
20220123,경원선,도봉산,7629,5325,12954
20220123,경원선,동두천,1064,1357,2421
20220123,경원선,동두천중앙,1880,1835,3715
20220123,경원선,망월사,4413,4583,8996
20220123,경원선,방학,5455,5214,10669
20220123,경원선,보산,890,858,1748
20220123,경원선,서빙고,1282,1352,2634
20220123,경원선,석계,4633,5170,9803
20220123,경원선,소요산,2871,2500,5371
20220123,경원선,신이문,4414,4121,8535
20220123,경원선,양주,4429,4466,8895
20220123,경원선,옥수,37,14,51
20220123,경원선,왕십리,8978,9810,18788
20220123,경원선,외대앞,4499,4409,8908
20220123,경원선,월계,3532,3252,6784
20220123,경원선,응봉,924,868,1792
20220123,경원선,의정부,12718,12772,25490
20220123,경원선,이촌,2018,1636,3654
20220123,경원선,지행,3735,3640,7375
20220123,경원선,창동,3,0,3
20220123,경원선,청량리,13033,11860,24893
20220123,경원선,한남,1831,1867,3698
20220123,경원선,회룡,6988,6925,13913
20220123,경의선,가좌,2622,2605,5227
20220123,경의선,강매,1433,1387,2820
20220123,경의선,곡산,278,235,513
20220123,경의선,공덕,1680,1293,2973
20220123,경의선,금릉,2634,2656,5290
20220123,경의선,금촌,3652,3803,7455
20220123,경의선,김포공항,1,0,1
20220123,경의선,능곡,2014,2002,4016
20220123,경의선,디지털미디어시티,1278,1163,2441
20220123,경의선,문산,3173,3282,6455
20220123,경의선,백마,3279,3174,6453
20220123,경의선,서강대,1117,1045,2162
20220123,경의선,서울역,851,898,1749
20220123,경의선,수색,881,913,1794
20220123,경의선,신촌,229,262,491
20220123,경의선,야당,4560,4447,9007
20220123,경의선,운정,3470,3463,6933
20220123,경의선,월롱,839,1926,2765
20220123,경의선,일산,5729,5712,11441
20220123,경의선,임진강,52,60,112
20220123,경의선,탄현,3919,3656,7575
20220123,경의선,파주,542,432,974
20220123,경의선,풍산,3404,3306,6710
20220123,경의선,행신,4228,3836,8064
20220123,경의선,홍대입구,1565,1794,3359
20220123,경의선,화전,732,683,1415
20220123,경의선,효창공원앞,1263,1415,2678
20220123,경인선,간석,2913,2843,5756
20220123,경인선,개봉,10996,10950,21946
20220123,경인선,구일,4279,4424,8703
20220123,경인선,도원,1590,1638,3228
20220123,경인선,도화,2255,2229,4484
20220123,경인선,동암,8803,8709,17512
20220123,경인선,동인천,8836,8448,17284
20220123,경인선,백운,3626,3688,7314
20220123,경인선,부개,4454,4142,8596
20220123,경인선,부천,20005,19736,39741
20220123,경인선,부평,20981,21565,42546
20220123,경인선,소사,5025,4697,9722
20220123,경인선,송내,12091,11884,23975
20220123,경인선,역곡,13593,13496,27089
20220123,경인선,오류동,6701,6251,12952
20220123,경인선,온수,3318,3216,6534
20220123,경인선,인천,3277,2646,5923
20220123,경인선,제물포,5136,4966,10102
20220123,경인선,주안,11029,9542,20571
20220123,경인선,중동,4751,4456,9207
20220123,경춘선,가평,1351,1163,2514
20220123,경춘선,갈매,1409,1201,2610
20220123,경춘선,강촌,497,373,870
20220123,경춘선,굴봉산,174,187,361
20220123,경춘선,금곡,818,796,1614
20220123,경춘선,김유정,345,347,692
20220123,경춘선,남춘천,1934,1923,3857
20220123,경춘선,대성리,432,346,778
20220123,경춘선,마석,2604,2614,5218
20220123,경춘선,백양리,301,262,563
20220123,경춘선,별내,1779,1691,3470
20220123,경춘선,사릉,1543,1526,3069
20220123,경춘선,상천,251,224,475
20220123,경춘선,신내,863,896,1759
20220123,경춘선,천마산,986,989,1975
20220123,경춘선,청평,1277,1058,2335
20220123,경춘선,춘천,1280,1092,2372
20220123,경춘선,퇴계원,1872,1776,3648
20220123,경춘선,평내호평,3232,3036,6268
20220123,공항철도 1호선,검암,3110,3164,6274
20220123,공항철도 1호선,계양,4759,4717,9476
20220123,공항철도 1호선,공덕,1024,1536,2560
20220123,공항철도 1호선,공항화물청사,893,989,1882
20220123,공항철도 1호선,김포공항,11057,5690,16747
20220123,공항철도 1호선,디지털미디어시티,3538,3558,7096
20220123,공항철도 1호선,마곡나루,2156,2436,4592
20220123,공항철도 1호선,서울역,6657,5921,12578
20220123,공항철도 1호선,영종,2251,2047,4298
20220123,공항철도 1호선,운서,4630,4811,9441
20220123,공항철도 1호선,인천공항1터미널,2859,2980,5839
20220123,공항철도 1호선,인천공항2터미널,1575,1649,3224
20220123,공항철도 1호선,청라국제도시,2974,2922,5896
20220123,공항철도 1호선,홍대입구,9840,9195,19035
20220123,과천선,경마공원,8554,8617,17171
20220123,과천선,과천,3313,3275,6588
20220123,과천선,대공원,3754,3809,7563
20220123,과천선,범계,14045,12889,26934
20220123,과천선,선바위,3520,3250,6770
20220123,과천선,인덕원,11126,11300,22426
20220123,과천선,정부과천청사,4113,4174,8287
20220123,과천선,평촌,5868,5700,11568
20220123,분당선,가천대,3605,4204,7809
20220123,분당선,강남구청,3445,4068,7513
20220123,분당선,개포동,1817,1800,3617
20220123,분당선,구룡,707,770,1477
20220123,분당선,구성,2224,2399,4623
20220123,분당선,기흥,4708,4553,9261
20220123,분당선,대모산입구,2138,1976,4114
20220123,분당선,도곡,2451,2404,4855
20220123,분당선,망포,6126,6451,12577
20220123,분당선,매교,1403,1506,2909
20220123,분당선,매탄권선,2350,2370,4720
20220123,분당선,모란,10658,11076,21734
20220123,분당선,미금,6936,7440,14376
20220123,분당선,보정,1022,1083,2105
20220123,분당선,복정,1,0,1
20220123,분당선,상갈,2586,2724,5310
20220123,분당선,서울숲,5480,5640,11120
20220123,분당선,서현,14459,14366,28825
20220123,분당선,선릉,2755,4159,6914
20220123,분당선,선정릉,1916,1988,3904
20220123,분당선,수내,5913,5690,11603
20220123,분당선,수서,7955,7945,15900
20220123,분당선,수원,5553,4508,10061
20220123,분당선,수원시청,7529,7564,15093
20220123,분당선,신갈,1858,1491,3349
20220123,분당선,압구정로데오,11133,11625,22758
20220123,분당선,야탑,12382,12591,24973
20220123,분당선,영통,4594,4564,9158
20220123,분당선,오리,5250,4625,9875
20220123,분당선,이매,3101,3252,6353
20220123,분당선,정자,7473,7663,15136
20220123,분당선,죽전,7179,7958,15137
20220123,분당선,청명,1877,1929,3806
20220123,분당선,태평,7707,7424,15131
20220123,분당선,한티,8357,7981,16338
20220123,수인선,고색,1626,1697,3323
20220123,수인선,남동인더스파크,554,556,1110
20220123,수인선,달월,41,38,79
20220123,수인선,사리,2409,2092,4501
20220123,수인선,소래포구,3981,3909,7890
20220123,수인선,송도,1550,1485,3035
20220123,수인선,숭의,1767,1697,3464
20220123,수인선,신포,1112,1080,2192
20220123,수인선,야목,199,158,357
20220123,수인선,어천,408,557,965
20220123,수인선,연수,3051,3061,6112
20220123,수인선,오목천,1368,1361,2729
20220123,수인선,원인재,2802,2897,5699
20220123,수인선,월곶,1539,1434,2973
20220123,수인선,인천,1051,1534,2585
20220123,수인선,인천논현,2736,2842,5578
20220123,수인선,인하대,3220,2999,6219
20220123,수인선,호구포,1794,1834,3628
20220123,안산선,고잔,4076,3917,7993
20220123,안산선,대야미,2637,2441,5078
20220123,안산선,반월,2341,2310,4651
20220123,안산선,산본,8186,8755,16941
20220123,안산선,상록수,8363,8235,16598
20220123,안산선,수리산,1912,1957,3869
20220123,안산선,신길온천,1028,975,2003
20220123,안산선,안산,8156,7754,15910
20220123,안산선,오이도,5032,5028,10060
20220123,안산선,정왕,4775,5135,9910
20220123,안산선,중앙,11291,11076,22367
20220123,안산선,초지,2271,2224,4495
20220123,안산선,한대앞,4738,4858,9596
20220123,우이신설선,4.19민주묘지,1876,1576,3452
20220123,우이신설선,가오리,2186,2098,4284
20220123,우이신설선,보문,955,954,1909
20220123,우이신설선,북한산보국문,3622,3269,6891
20220123,우이신설선,북한산우이,2510,2541,5051
20220123,우이신설선,삼양,1122,1181,2303
20220123,우이신설선,삼양사거리,1435,1416,2851
20220123,우이신설선,성신여대입구,2199,2414,4613
20220123,우이신설선,솔밭공원,1347,1290,2637
20220123,우이신설선,솔샘,2725,2632,5357
20220123,우이신설선,신설동,1161,1123,2284
20220123,우이신설선,정릉,2634,2191,4825
20220123,우이신설선,화계,2062,1924,3986
20220123,일산선,대곡,945,772,1717
20220123,일산선,대화,5678,5338,11016
20220123,일산선,마두,3103,3234,6337
20220123,일산선,백석,5167,5097,10264
20220123,일산선,삼송,10861,10648,21509
20220123,일산선,원당,5568,5491,11059
20220123,일산선,원흥,4966,4735,9701
20220123,일산선,정발산,5077,4836,9913
20220123,일산선,주엽,4195,4120,8315
20220123,일산선,화정,8816,9147,17963
20220123,장항선,배방,661,777,1438
20220123,장항선,봉명,471,511,982
20220123,장항선,신창,689,733,1422
20220123,장항선,쌍용,1064,1035,2099
20220123,장항선,아산,2525,1848,4373
20220123,장항선,온양온천,2806,2864,5670
20220123,장항선,탕정,300,282,582
20220123,중앙선,구리,7067,7348,14415
20220123,중앙선,국수,519,523,1042
20220123,중앙선,덕소,3119,3176,6295
20220123,중앙선,도농,4750,4764,9514
20220123,중앙선,도심,1132,1001,2133
20220123,중앙선,망우,4368,4318,8686
20220123,중앙선,상봉,3430,3582,7012
20220123,중앙선,신원,207,121,328
20220123,중앙선,아신,402,368,770
20220123,중앙선,양수,1402,1300,2702
20220123,중앙선,양원,956,994,1950
20220123,중앙선,양정,355,286,641
20220123,중앙선,양평,2903,2779,5682
20220123,중앙선,오빈,193,174,367
20220123,중앙선,용문,1365,1228,2593
20220123,중앙선,운길산,743,743,1486
20220123,중앙선,원덕,284,212,496
20220123,중앙선,중랑,3123,3027,6150
20220123,중앙선,지평,49,39,88
20220123,중앙선,팔당,987,1051,2038
20220123,중앙선,회기,14626,14517,29143
20220129,1호선,동대문,8649,8281,16930
20220129,1호선,동묘앞,9309,9512,18821
20220129,1호선,서울역,19588,24323,43911
20220129,1호선,시청,7205,7244,14449
20220129,1호선,신설동,8060,7327,15387
20220129,1호선,제기동,15376,16120,31496
20220129,1호선,종각,13440,12581,26021
20220129,1호선,종로3가,17062,15986,33048
20220129,1호선,종로5가,14878,14124,29002
20220129,1호선,청량리,16977,17105,34082
20220129,2호선,강남,46702,45958,92660
20220129,2호선,강변,19081,26896,45977
20220129,2호선,건대입구,26634,27417,54051
20220129,2호선,교대,13106,14424,27530
20220129,2호선,구로디지털단지,27413,25446,52859
20220129,2호선,구의,13451,12550,26001
20220129,2호선,낙성대,16638,14034,30672
20220129,2호선,당산,9027,9636,18663
20220129,2호선,대림,15127,16037,31164
20220129,2호선,도림천,684,708,1392
20220129,2호선,동대문역사문화공원,7380,8209,15589
20220129,2호선,뚝섬,10176,10270,20446
20220129,2호선,문래,8463,8664,17127
20220129,2호선,방배,7168,7684,14852
20220129,2호선,봉천,14330,12551,26881
20220129,2호선,사당,21888,23978,45866
20220129,2호선,삼성,19407,19342,38749
20220129,2호선,상왕십리,7862,7206,15068
20220129,2호선,서울대입구,30054,26418,56472
20220129,2호선,서초,7232,6382,13614
20220129,2호선,선릉,16621,14513,31134
20220129,2호선,성수,15279,16135,31414
20220129,2호선,시청,5799,4963,10762
20220129,2호선,신답,840,845,1685
20220129,2호선,신당,9226,9255,18481
20220129,2호선,신대방,16405,14670,31075
20220129,2호선,신도림,28405,28328,56733
20220129,2호선,신림,41764,36642,78406
20220129,2호선,신설동,2994,2956,5950
20220129,2호선,신정네거리,6023,5988,12011
20220129,2호선,신촌,22910,22150,45060
20220129,2호선,아현,5938,5564,11502
20220129,2호선,양천구청,3689,3672,7361
20220129,2호선,역삼,13948,14802,28750
20220129,2호선,영등포구청,9413,9308,18721
20220129,2호선,왕십리,10111,8229,18340
20220129,2호선,용답,1888,1710,3598
20220129,2호선,용두,1614,1645,3259
20220129,2호선,을지로3가,7260,7155,14415
20220129,2호선,을지로4가,5322,5373,10695
20220129,2호선,을지로입구,15693,15581,31274
20220129,2호선,이대,7598,7256,14854
20220129,2호선,잠실,46446,44730,91176
20220129,2호선,잠실나루,6029,5886,11915
20220129,2호선,잠실새내,13809,14249,28058
20220129,2호선,종합운동장,3865,4074,7939
20220129,2호선,충정로,4139,4172,8311
20220129,2호선,한양대,2304,2281,4585
20220129,2호선,합정,20557,21749,42306
20220129,2호선,홍대입구,47166,47569,94735
20220129,3호선,가락시장,5398,5256,10654
20220129,3호선,경복궁,11309,11290,22599
20220129,3호선,경찰병원,3295,2970,6265
20220129,3호선,고속터미널,35794,56093,91887
20220129,3호선,교대,4990,2924,7914
20220129,3호선,구파발,12453,12285,24738
20220129,3호선,금호,4943,4429,9372
20220129,3호선,남부터미널,15713,19877,35590
20220129,3호선,녹번,8635,7400,16035
20220129,3호선,대청,4907,4473,9380
20220129,3호선,대치,8329,7482,15811
20220129,3호선,도곡,2467,2447,4914
20220129,3호선,독립문,4501,4655,9156
20220129,3호선,동대입구,5361,5733,11094
20220129,3호선,매봉,4755,4466,9221
20220129,3호선,무악재,2202,2187,4389
20220129,3호선,불광,11100,12101,23201
20220129,3호선,수서,8542,9570,18112
20220129,3호선,신사,19733,20281,40014
20220129,3호선,안국,10345,11421,21766
20220129,3호선,압구정,21122,22140,43262
20220129,3호선,약수,7452,6776,14228
20220129,3호선,양재,15150,15569,30719
20220129,3호선,연신내,25391,23455,48846
20220129,3호선,오금,2959,2657,5616
20220129,3호선,옥수,5440,5597,11037
20220129,3호선,을지로3가,3583,3596,7179
20220129,3호선,일원,3823,3726,7549
20220129,3호선,잠원,2476,2428,4904
20220129,3호선,종로3가,4459,5985,10444
20220129,3호선,지축,2371,2322,4693
20220129,3호선,충무로,1,0,1
20220129,3호선,학여울,855,830,1685
20220129,3호선,홍제,11148,10185,21333
20220129,4호선,길음,11789,10968,22757
20220129,4호선,남태령,679,502,1181
20220129,4호선,노원,13481,14518,27999
20220129,4호선,당고개,8266,7936,16202
20220129,4호선,동대문,8823,9136,17959
20220129,4호선,동대문역사문화공원,8542,7657,16199
20220129,4호선,동작,836,996,1832
20220129,4호선,명동,9672,10830,20502
20220129,4호선,미아,9199,8635,17834
20220129,4호선,미아사거리,18454,17712,36166
20220129,4호선,사당,15676,13304,28980
20220129,4호선,삼각지,2730,3193,5923
20220129,4호선,상계,11585,11047,22632
20220129,4호선,서울역,4074,9099,13173
20220129,4호선,성신여대입구,13786,12499,26285
20220129,4호선,수유,22488,21667,44155
20220129,4호선,숙대입구,6674,6202,12876
20220129,4호선,신용산,7573,8795,16368
20220129,4호선,쌍문,17907,15924,33831
20220129,4호선,이촌,5170,5598,10768
20220129,4호선,창동,17780,18853,36633
20220129,4호선,총신대입구,12304,12990,25294
20220129,4호선,충무로,8657,8878,17535
20220129,4호선,한성대입구,8018,7358,15376
20220129,4호선,혜화,22139,21845,43984
20220129,4호선,회현,12914,13981,26895
20220129,5호선,강동,9719,8979,18698
20220129,5호선,강일,2286,2193,4479
20220129,5호선,개롱,3430,3661,7091
20220129,5호선,개화산,3123,3043,6166
20220129,5호선,거여,4862,4636,9498
20220129,5호선,고덕,5180,5015,10195
20220129,5호선,공덕,5290,5367,10657
20220129,5호선,광나루,7683,7377,15060
20220129,5호선,광화문,10700,10856,21556
20220129,5호선,군자,6698,6961,13659
20220129,5호선,굽은다리,5910,5507,11417
20220129,5호선,길동,5225,5392,10617
20220129,5호선,김포공항,6407,7577,13984
20220129,5호선,까치산,17926,16561,34487
20220129,5호선,답십리,8276,7451,15727
20220129,5호선,동대문역사문화공원,780,1023,1803
20220129,5호선,둔촌동,4982,4909,9891
20220129,5호선,마곡,4469,4455,8924
20220129,5호선,마장,4039,3898,7937
20220129,5호선,마천,4065,4303,8368
20220129,5호선,마포,5656,5676,11332
20220129,5호선,명일,5115,5152,10267
20220129,5호선,목동,9018,9063,18081
20220129,5호선,미사,9811,9351,19162
20220129,5호선,발산,9932,10233,20165
20220129,5호선,방이,4149,4188,8337
20220129,5호선,방화,3821,3668,7489
20220129,5호선,상일동,7650,7117,14767
20220129,5호선,서대문,5326,4891,10217
20220129,5호선,송정,4232,4056,8288
20220129,5호선,신금호,3447,3472,6919
20220129,5호선,신길,1968,1861,3829
20220129,5호선,신정,7348,6282,13630
20220129,5호선,아차산,9845,9164,19009
20220129,5호선,애오개,2943,2705,5648
20220129,5호선,양평,3001,2607,5608
20220129,5호선,여의나루,4129,5227,9356
20220129,5호선,여의도,8238,8467,16705
20220129,5호선,영등포구청,1624,1518,3142
20220129,5호선,영등포시장,5998,5870,11868
20220129,5호선,오금,1631,1623,3254
20220129,5호선,오목교,12902,13288,26190
20220129,5호선,올림픽공원,2315,2115,4430
20220129,5호선,왕십리,2838,3258,6096
20220129,5호선,우장산,8409,8325,16734
20220129,5호선,을지로4가,2374,2672,5046
20220129,5호선,장한평,9010,8624,17634
20220129,5호선,종로3가,9268,9004,18272
20220129,5호선,천호,13966,12949,26915
20220129,5호선,청구,2100,1960,4060
20220129,5호선,충정로,1419,1275,2694
20220129,5호선,하남검단산,4483,4502,8985
20220129,5호선,하남시청,4946,4884,9830
20220129,5호선,하남풍산,2306,2469,4775
20220129,5호선,행당,4381,3808,8189
20220129,5호선,화곡,16770,15023,31793
20220129,6호선,고려대,4283,3778,8061
20220129,6호선,공덕,8080,7329,15409
20220129,6호선,광흥창,4153,3895,8048
20220129,6호선,구산,4330,3330,7660
20220129,6호선,녹사평,3518,3799,7317
20220129,6호선,대흥,4340,4189,8529
20220129,6호선,독바위,1629,1896,3525
20220129,6호선,돌곶이,4923,4415,9338
20220129,6호선,동묘앞,5847,5522,11369
20220129,6호선,디지털미디어시티,5589,5713,11302
20220129,6호선,마포구청,7536,6481,14017
20220129,6호선,망원,11278,12032,23310
20220129,6호선,버티고개,1159,1204,2363
20220129,6호선,보문,4061,3395,7456
20220129,6호선,봉화산,4354,4284,8638
20220129,6호선,불광,3175,2814,5989
20220129,6호선,삼각지,3434,2831,6265
20220129,6호선,상수,6459,6881,13340
20220129,6호선,상월곡,3390,2939,6329
20220129,6호선,새절,7223,6829,14052
20220129,6호선,석계,7137,7152,14289
20220129,6호선,신당,4895,4281,9176
20220129,6호선,안암,4901,4087,8988
20220129,6호선,약수,2043,2087,4130
20220129,6호선,역촌,2229,2519,4748
20220129,6호선,연신내,1,0,1
20220129,6호선,월곡,6302,5843,12145
20220129,6호선,월드컵경기장,3120,3107,6227
20220129,6호선,응암,10658,10314,20972
20220129,6호선,이태원,9278,9679,18957
20220129,6호선,증산,6075,5940,12015
20220129,6호선,창신,1720,1532,3252
20220129,6호선,청구,1883,1890,3773
20220129,6호선,태릉입구,3222,3373,6595
20220129,6호선,한강진,7576,8604,16180
20220129,6호선,합정,9653,8668,18321
20220129,6호선,화랑대,5404,4540,9944
20220129,6호선,효창공원앞,3707,3216,6923
20220129,7호선,가산디지털단지,11297,9560,20857
20220129,7호선,강남구청,7137,7524,14661
20220129,7호선,건대입구,8594,8145,16739
20220129,7호선,고속터미널,9028,10889,19917
20220129,7호선,공릉,7252,6856,14108
20220129,7호선,광명사거리,15173,15044,30217
20220129,7호선,군자,9020,6558,15578
20220129,7호선,남구로,7321,7238,14559
20220129,7호선,남성,6268,5496,11764
20220129,7호선,내방,6414,6239,12653
20220129,7호선,노원,13583,13534,27117
20220129,7호선,논현,8698,9547,18245
20220129,7호선,대림,7407,7591,14998
20220129,7호선,도봉산,4972,6970,11942
20220129,7호선,뚝섬유원지,4885,4618,9503
20220129,7호선,마들,7935,7510,15445
20220129,7호선,먹골,6536,6221,12757
20220129,7호선,면목,9770,9359,19129
20220129,7호선,반포,3645,3528,7173
20220129,7호선,보라매,4883,4433,9316
20220129,7호선,부평구청,1,0,1
20220129,7호선,사가정,10326,9804,20130
20220129,7호선,상도,6205,5232,11437
20220129,7호선,상봉,11197,10580,21777
20220129,7호선,수락산,8334,8028,16362
20220129,7호선,숭실대입구,6457,6019,12476
20220129,7호선,신대방삼거리,9615,8440,18055
20220129,7호선,신풍,6653,6141,12794
20220129,7호선,어린이대공원,6961,6198,13159
20220129,7호선,온수,4549,4396,8945
20220129,7호선,용마산,3473,3555,7028
20220129,7호선,이수,9862,8789,18651
20220129,7호선,장승배기,5720,5142,10862
20220129,7호선,장암,1076,811,1887
20220129,7호선,중계,7561,6672,14233
20220129,7호선,중곡,5835,5388,11223
20220129,7호선,중화,6131,5905,12036
20220129,7호선,천왕,5839,5584,11423
20220129,7호선,철산,12224,12305,24529
20220129,7호선,청담,7927,8404,16331
20220129,7호선,춘의,1,0,1
20220129,7호선,태릉입구,5383,4685,10068
20220129,7호선,하계,9818,9108,18926
20220129,7호선,학동,6980,7045,14025
20220129,8호선,가락시장,5084,5705,10789
20220129,8호선,강동구청,5153,5137,10290
20220129,8호선,남위례,2222,2236,4458
20220129,8호선,남한산성입구,7826,6925,14751
20220129,8호선,단대오거리,6551,6120,12671
20220129,8호선,모란,4927,4000,8927
20220129,8호선,몽촌토성,3485,3329,6814
20220129,8호선,문정,5578,5290,10868
20220129,8호선,복정,4782,4108,8890
20220129,8호선,산성,3376,3377,6753
20220129,8호선,석촌,4953,5749,10702
20220129,8호선,송파,4191,4137,8328
20220129,8호선,수진,3790,3323,7113
20220129,8호선,신흥,3142,3294,6436
20220129,8호선,암사,10636,9834,20470
20220129,8호선,잠실,10491,11558,22049
20220129,8호선,장지,9408,9080,18488
20220129,8호선,천호,10117,11536,21653
20220129,9호선,가양,11456,10270,21726
20220129,9호선,개화,1062,903,1965
20220129,9호선,고속터미널,8773,19640,28413
20220129,9호선,공항시장,1975,2052,4027
20220129,9호선,구반포,663,694,1357
20220129,9호선,국회의사당,2706,2686,5392
20220129,9호선,김포공항,6626,13318,19944
20220129,9호선,노들,2679,2215,4894
20220129,9호선,노량진,17626,16109,33735
20220129,9호선,당산,9964,8546,18510
20220129,9호선,동작,1255,918,2173
20220129,9호선,등촌,6528,5994,12522
20220129,9호선,마곡나루,5678,5155,10833
20220129,9호선,사평,1932,1829,3761
20220129,9호선,샛강,1787,1869,3656
20220129,9호선,선유도,3054,2626,5680
20220129,9호선,신논현,19991,19432,39423
20220129,9호선,신목동,1770,1504,3274
20220129,9호선,신반포,1624,1545,3169
20220129,9호선,신방화,4013,3749,7762
20220129,9호선,양천향교,4697,4206,8903
20220129,9호선,여의도,8746,7809,16555
20220129,9호선,염창,9484,8300,17784
20220129,9호선,증미,3662,3418,7080
20220129,9호선,흑석,4300,4219,8519
20220129,9호선2~3단계,둔촌오륜,477,461,938
20220129,9호선2~3단계,봉은사,7093,7178,14271
20220129,9호선2~3단계,삼성중앙,2348,2275,4623
20220129,9호선2~3단계,삼전,4314,3753,8067
20220129,9호선2~3단계,석촌,5211,4265,9476
20220129,9호선2~3단계,석촌고분,3607,3210,6817
20220129,9호선2~3단계,선정릉,3381,3468,6849
20220129,9호선2~3단계,송파나루,3460,3455,6915
20220129,9호선2~3단계,언주,4010,3707,7717
20220129,9호선2~3단계,올림픽공원,4638,4335,8973
20220129,9호선2~3단계,종합운동장,2378,2203,4581
20220129,9호선2~3단계,중앙보훈병원,3365,3136,6501
20220129,9호선2~3단계,한성백제,1462,1096,2558
20220129,경강선,경기광주,4397,4301,8698
20220129,경강선,곤지암,1664,1619,3283
20220129,경강선,부발,1515,1465,2980
20220129,경강선,삼동,1229,1187,2416
20220129,경강선,세종대왕릉,189,239,428
20220129,경강선,신둔도예촌,869,922,1791
20220129,경강선,여주,1561,2048,3609
20220129,경강선,이매,742,482,1224
20220129,경강선,이천,2198,2371,4569
20220129,경강선,초월,1789,1745,3534
20220129,경강선,판교,2664,2415,5079
20220129,경부선,가산디지털단지,4718,5897,10615
20220129,경부선,관악,4458,4282,8740
20220129,경부선,광명,1651,1830,3481
20220129,경부선,구로,9466,9647,19113
20220129,경부선,군포,3318,3053,6371
20220129,경부선,금정,14702,14880,29582
20220129,경부선,금천구청,6479,6598,13077
20220129,경부선,남영,4445,4309,8754
20220129,경부선,노량진,6845,6221,13066
20220129,경부선,당정,3052,2972,6024
20220129,경부선,대방,6043,5761,11804
20220129,경부선,독산,7502,7085,14587
20220129,경부선,두정,3943,4023,7966
20220129,경부선,명학,3568,3452,7020
20220129,경부선,병점,9279,9123,18402
20220129,경부선,서동탄,652,710,1362
20220129,경부선,서울역,2853,1536,4389
20220129,경부선,서정리,4574,4091,8665
20220129,경부선,석수,5063,4818,9881
20220129,경부선,성균관대,7900,7524,15424
20220129,경부선,성환,2272,2161,4433
20220129,경부선,세류,1853,2181,4034
20220129,경부선,세마,1638,1473,3111
20220129,경부선,송탄,3474,3081,6555
20220129,경부선,수원,29083,31398,60481
20220129,경부선,신길,4664,3627,8291
20220129,경부선,신도림,2314,2052,4366
20220129,경부선,안양,14075,13921,27996
20220129,경부선,영등포,30823,31032,61855
20220129,경부선,오산,7642,7463,15105
20220129,경부선,오산대,2049,1898,3947
20220129,경부선,용산,23283,28054,51337
20220129,경부선,의왕,4612,4584,9196
20220129,경부선,직산,543,505,1048
20220129,경부선,진위,775,677,1452
20220129,경부선,천안,4710,5864,10574
20220129,경부선,평택,10354,10523,20877
20220129,경부선,평택지제,1808,1935,3743
20220129,경부선,화서,3978,4085,8063
20220129,경원선,가능,4171,4106,8277
20220129,경원선,광운대,4388,4219,8607
20220129,경원선,녹양,2848,2839,5687
20220129,경원선,녹천,2715,2237,4952
20220129,경원선,덕계,1845,1618,3463
20220129,경원선,덕정,3572,3349,6921
20220129,경원선,도봉,3860,3699,7559
20220129,경원선,도봉산,6656,4488,11144
20220129,경원선,동두천,1314,1595,2909
20220129,경원선,동두천중앙,2127,2192,4319
20220129,경원선,망월사,4728,4871,9599
20220129,경원선,방학,6292,5956,12248
20220129,경원선,보산,980,977,1957
20220129,경원선,서빙고,1139,1190,2329
20220129,경원선,석계,5552,5691,11243
20220129,경원선,소요산,2278,2128,4406
20220129,경원선,신이문,5215,4792,10007
20220129,경원선,양주,4916,4873,9789
20220129,경원선,옥수,26,28,54
20220129,경원선,왕십리,9518,10254,19772
20220129,경원선,외대앞,4751,4317,9068
20220129,경원선,월계,4007,3675,7682
20220129,경원선,응봉,1102,947,2049
20220129,경원선,의정부,15236,15835,31071
20220129,경원선,이촌,2293,1769,4062
20220129,경원선,지행,4337,4428,8765
20220129,경원선,청량리,11841,12938,24779
20220129,경원선,한남,2218,2101,4319
20220129,경원선,회룡,7890,7996,15886
20220129,경의선,가좌,3042,2887,5929
20220129,경의선,강매,1626,1553,3179
20220129,경의선,곡산,316,302,618
20220129,경의선,공덕,1888,1394,3282
20220129,경의선,금릉,3043,3018,6061
20220129,경의선,금촌,4738,4627,9365
20220129,경의선,능곡,2190,2082,4272
20220129,경의선,디지털미디어시티,1410,1268,2678
20220129,경의선,문산,3969,4035,8004
20220129,경의선,백마,3395,3264,6659
20220129,경의선,서강대,1319,1164,2483
20220129,경의선,서울역,820,991,1811
20220129,경의선,수색,925,943,1868
20220129,경의선,신촌,277,269,546
20220129,경의선,야당,4907,4776,9683
20220129,경의선,운정,3862,3747,7609
20220129,경의선,월롱,1208,967,2175
20220129,경의선,일산,4960,4851,9811
20220129,경의선,임진강,54,56,110
20220129,경의선,탄현,4158,4188,8346
20220129,경의선,파주,654,488,1142
20220129,경의선,풍산,3542,3418,6960
20220129,경의선,행신,3967,4047,8014
20220129,경의선,홍대입구,1429,1673,3102
20220129,경의선,화전,683,625,1308
20220129,경의선,효창공원앞,1364,1432,2796
20220129,경인선,간석,3502,3368,6870
20220129,경인선,개봉,12979,12690,25669
20220129,경인선,구일,3319,3113,6432
20220129,경인선,도원,1443,1545,2988
20220129,경인선,도화,2533,2379,4912
20220129,경인선,동암,9897,10473,20370
20220129,경인선,동인천,9425,9515,18940
20220129,경인선,백운,4226,4276,8502
20220129,경인선,부개,5073,4924,9997
20220129,경인선,부천,24115,24476,48591
20220129,경인선,부평,23767,26209,49976
20220129,경인선,소사,5110,5061,10171
20220129,경인선,송내,13662,13793,27455
20220129,경인선,역곡,16090,16015,32105
20220129,경인선,오류동,7220,6401,13621
20220129,경인선,온수,3761,3537,7298
20220129,경인선,인천,2766,2429,5195
20220129,경인선,제물포,5858,5537,11395
20220129,경인선,주안,12287,10823,23110
20220129,경인선,중동,5323,5174,10497
20220129,경춘선,가평,1204,1523,2727
20220129,경춘선,갈매,1530,1290,2820
20220129,경춘선,강촌,453,396,849
20220129,경춘선,굴봉산,137,205,342
20220129,경춘선,금곡,912,859,1771
20220129,경춘선,김유정,226,301,527
20220129,경춘선,남춘천,1904,2318,4222
20220129,경춘선,대성리,352,403,755
20220129,경춘선,마석,2378,2398,4776
20220129,경춘선,백양리,329,270,599
20220129,경춘선,별내,1903,1755,3658
20220129,경춘선,사릉,1780,1731,3511
20220129,경춘선,상천,191,174,365
20220129,경춘선,신내,877,770,1647
20220129,경춘선,천마산,1096,1124,2220
20220129,경춘선,청평,1148,1361,2509
20220129,경춘선,춘천,1016,1201,2217
20220129,경춘선,퇴계원,2098,1937,4035
20220129,경춘선,평내호평,3569,3483,7052
20220129,공항철도 1호선,검암,3410,3400,6810
20220129,공항철도 1호선,계양,5170,5008,10178
20220129,공항철도 1호선,공덕,1173,1543,2716
20220129,공항철도 1호선,공항화물청사,1176,1218,2394
20220129,공항철도 1호선,김포공항,10886,6290,17176
20220129,공항철도 1호선,디지털미디어시티,3834,3231,7065
20220129,공항철도 1호선,마곡나루,2126,2149,4275
20220129,공항철도 1호선,서울역,4540,5493,10033
20220129,공항철도 1호선,영종,2166,2142,4308
20220129,공항철도 1호선,운서,4919,4591,9510
20220129,공항철도 1호선,인천공항1터미널,2779,3094,5873
20220129,공항철도 1호선,인천공항2터미널,1591,1473,3064
20220129,공항철도 1호선,청라국제도시,3010,3039,6049
20220129,공항철도 1호선,홍대입구,9117,8551,17668
20220129,과천선,경마공원,8193,8221,16414
20220129,과천선,과천,3701,3359,7060
20220129,과천선,대공원,2960,3228,6188
20220129,과천선,범계,15980,15658,31638
20220129,과천선,선바위,3916,3525,7441
20220129,과천선,인덕원,12367,12409,24776
20220129,과천선,정부과천청사,4655,4709,9364
20220129,과천선,평촌,6846,6464,13310
20220129,분당선,가천대,3654,3924,7578
20220129,분당선,강남구청,3974,4613,8587
20220129,분당선,개포동,1990,2008,3998
20220129,분당선,구룡,871,851,1722
20220129,분당선,구성,2725,2874,5599
20220129,분당선,기흥,5324,5177,10501
20220129,분당선,대모산입구,2538,2311,4849
20220129,분당선,도곡,3571,3214,6785
20220129,분당선,망포,7228,6597,13825
20220129,분당선,매교,1582,1649,3231
20220129,분당선,매탄권선,2658,2615,5273
20220129,분당선,모란,19705,20113,39818
20220129,분당선,미금,9309,9524,18833
20220129,분당선,보정,1339,1301,2640
20220129,분당선,상갈,3044,3160,6204
20220129,분당선,서울숲,5322,5518,10840
20220129,분당선,서현,16619,10052,26671
20220129,분당선,선릉,3649,5354,9003
20220129,분당선,선정릉,2377,2306,4683
20220129,분당선,수내,7781,7191,14972
20220129,분당선,수서,6539,7983,14522
20220129,분당선,수원,6036,4957,10993
20220129,분당선,수원시청,8191,8333,16524
20220129,분당선,신갈,2169,2268,4437
20220129,분당선,압구정로데오,14416,15832,30248
20220129,분당선,야탑,14408,16053,30461
20220129,분당선,영통,5376,5113,10489
20220129,분당선,오리,6667,5595,12262
20220129,분당선,이매,3295,3311,6606
20220129,분당선,정자,8875,8816,17691
20220129,분당선,죽전,8394,9168,17562
20220129,분당선,청명,2006,2031,4037
20220129,분당선,태평,9719,9268,18987
20220129,분당선,한티,10510,10114,20624
20220129,수인선,고색,2046,2082,4128
20220129,수인선,남동인더스파크,916,839,1755
20220129,수인선,달월,43,35,78
20220129,수인선,사리,2667,2390,5057
20220129,수인선,소래포구,3806,3795,7601
20220129,수인선,송도,1479,1527,3006
20220129,수인선,숭의,2048,1994,4042
20220129,수인선,신포,1184,1231,2415
20220129,수인선,야목,187,155,342
20220129,수인선,어천,543,469,1012
20220129,수인선,연수,3298,3305,6603
20220129,수인선,오목천,1683,1405,3088
20220129,수인선,원인재,3069,3226,6295
20220129,수인선,월곶,1698,1646,3344
20220129,수인선,인천,905,1427,2332
20220129,수인선,인천논현,3475,3672,7147
20220129,수인선,인하대,3368,3000,6368
20220129,수인선,호구포,2048,1963,4011
20220129,안산선,고잔,4433,4282,8715
20220129,안산선,대야미,3033,2752,5785
20220129,안산선,반월,2774,2575,5349
20220129,안산선,산본,10017,10358,20375
20220129,안산선,상록수,9553,9906,19459
20220129,안산선,수리산,2353,2044,4397
20220129,안산선,신길온천,1080,1058,2138
20220129,안산선,안산,8458,9160,17618
20220129,안산선,오이도,5294,5728,11022
20220129,안산선,정왕,5526,5148,10674
20220129,안산선,중앙,11892,12464,24356
20220129,안산선,초지,2460,2514,4974
20220129,안산선,한대앞,5611,5471,11082
20220129,우이신설선,4.19민주묘지,1915,1598,3513
20220129,우이신설선,가오리,2638,2480,5118
20220129,우이신설선,보문,996,881,1877
20220129,우이신설선,북한산보국문,3963,3511,7474
20220129,우이신설선,북한산우이,2446,2406,4852
20220129,우이신설선,삼양,1394,1460,2854
20220129,우이신설선,삼양사거리,1750,1706,3456
20220129,우이신설선,성신여대입구,2453,2766,5219
20220129,우이신설선,솔밭공원,1541,1458,2999
20220129,우이신설선,솔샘,3275,2931,6206
20220129,우이신설선,신설동,1229,1181,2410
20220129,우이신설선,정릉,3039,2448,5487
20220129,우이신설선,화계,2240,2086,4326
20220129,일산선,대곡,884,823,1707
20220129,일산선,대화,6760,6212,12972
20220129,일산선,마두,4070,4123,8193
20220129,일산선,백석,6225,6380,12605
20220129,일산선,삼송,11875,11468,23343
20220129,일산선,원당,6764,6620,13384
20220129,일산선,원흥,5970,5560,11530
20220129,일산선,정발산,5359,5296,10655
20220129,일산선,주엽,5289,5273,10562
20220129,일산선,화정,10748,10953,21701
20220129,장항선,배방,740,768,1508
20220129,장항선,봉명,641,588,1229
20220129,장항선,신창,737,830,1567
20220129,장항선,쌍용,1178,1151,2329
20220129,장항선,아산,1884,2096,3980
20220129,장항선,온양온천,3869,4090,7959
20220129,장항선,탕정,336,344,680
20220129,중앙선,구리,7924,8332,16256
20220129,중앙선,국수,419,476,895
20220129,중앙선,덕소,3524,3631,7155
20220129,중앙선,도농,5279,5167,10446
20220129,중앙선,도심,1177,1035,2212
20220129,중앙선,망우,5223,5174,10397
20220129,중앙선,상봉,4120,3929,8049
20220129,중앙선,신원,169,151,320
20220129,중앙선,아신,345,417,762
20220129,중앙선,양수,1288,1377,2665
20220129,중앙선,양원,1076,1079,2155
20220129,중앙선,양정,359,321,680
20220129,중앙선,양평,1727,2214,3941
20220129,중앙선,오빈,162,175,337
20220129,중앙선,용문,1192,1609,2801
20220129,중앙선,운길산,742,722,1464
20220129,중앙선,원덕,261,259,520
20220129,중앙선,중랑,3665,3439,7104
20220129,중앙선,지평,30,37,67
20220129,중앙선,팔당,860,919,1779
20220129,중앙선,회기,14843,12997,27840
20220130,1호선,동대문,8095,8313,16408
20220130,1호선,동묘앞,9488,9649,19137
20220130,1호선,서울역,15691,19367,35058
20220130,1호선,시청,5500,5305,10805
20220130,1호선,신설동,6398,5607,12005
20220130,1호선,제기동,10067,10483,20550
20220130,1호선,종각,9133,8329,17462
20220130,1호선,종로3가,10842,9841,20683
20220130,1호선,종로5가,8322,7719,16041
20220130,1호선,청량리,12675,12947,25622
20220130,2호선,강남,26059,25004,51063
20220130,2호선,강변,14584,20807,35391
20220130,2호선,건대입구,20565,20469,41034
20220130,2호선,교대,7449,8143,15592
20220130,2호선,구로디지털단지,18368,17111,35479
20220130,2호선,구의,9212,8547,17759
20220130,2호선,낙성대,11822,9890,21712
20220130,2호선,당산,6121,6610,12731
20220130,2호선,대림,12149,12872,25021
20220130,2호선,도림천,363,381,744
20220130,2호선,동대문역사문화공원,6098,6877,12975
20220130,2호선,뚝섬,7111,7032,14143
20220130,2호선,문래,5579,5819,11398
20220130,2호선,방배,4906,5189,10095
20220130,2호선,봉천,10023,8503,18526
20220130,2호선,사당,14732,16128,30860
20220130,2호선,삼성,14770,14392,29162
20220130,2호선,상왕십리,5839,5328,11167
20220130,2호선,서울대입구,20125,17726,37851
20220130,2호선,서초,7938,7252,15190
20220130,2호선,선릉,9118,7709,16827
20220130,2호선,성수,10838,11602,22440
20220130,2호선,시청,4417,3647,8064
20220130,2호선,신답,606,583,1189
20220130,2호선,신당,6633,6805,13438
20220130,2호선,신대방,12362,11121,23483
20220130,2호선,신도림,20382,20410,40792
20220130,2호선,신림,30405,26212,56617
20220130,2호선,신설동,2514,2605,5119
20220130,2호선,신정네거리,4282,4145,8427
20220130,2호선,신촌,15969,14852,30821
20220130,2호선,아현,4259,4030,8289
20220130,2호선,양천구청,2660,2673,5333
20220130,2호선,역삼,8490,8971,17461
20220130,2호선,영등포구청,5962,6009,11971
20220130,2호선,왕십리,6977,5849,12826
20220130,2호선,용답,1456,1376,2832
20220130,2호선,용두,1238,1196,2434
20220130,2호선,을지로3가,5969,5802,11771
20220130,2호선,을지로4가,2566,2544,5110
20220130,2호선,을지로입구,11924,11334,23258
20220130,2호선,이대,4984,4709,9693
20220130,2호선,잠실,36173,34622,70795
20220130,2호선,잠실나루,3954,3817,7771
20220130,2호선,잠실새내,8826,8965,17791
20220130,2호선,종합운동장,4065,4387,8452
20220130,2호선,충정로,2719,2773,5492
20220130,2호선,한양대,1489,1360,2849
20220130,2호선,합정,14690,15094,29784
20220130,2호선,홍대입구,35149,34713,69862
20220130,3호선,가락시장,3662,3360,7022
20220130,3호선,경복궁,8624,8860,17484
20220130,3호선,경찰병원,2204,2112,4316
20220130,3호선,고속터미널,26728,42041,68769
20220130,3호선,교대,2823,1622,4445
20220130,3호선,구파발,9092,8868,17960
20220130,3호선,금호,3557,3237,6794
20220130,3호선,남부터미널,9973,13520,23493
20220130,3호선,녹번,6083,5307,11390
20220130,3호선,대청,3511,3209,6720
20220130,3호선,대치,5352,4554,9906
20220130,3호선,도곡,1538,1532,3070
20220130,3호선,독립문,3442,3606,7048
20220130,3호선,동대입구,3437,3613,7050
20220130,3호선,매봉,3105,2926,6031
20220130,3호선,무악재,1602,1625,3227
20220130,3호선,불광,8116,8847,16963
20220130,3호선,수서,6363,7379,13742
20220130,3호선,신사,10893,10966,21859
20220130,3호선,안국,7915,8658,16573
20220130,3호선,압구정,12216,12534,24750
20220130,3호선,약수,5502,4986,10488
20220130,3호선,양재,9659,10219,19878
20220130,3호선,연신내,18496,17208,35704
20220130,3호선,오금,2147,2033,4180
20220130,3호선,옥수,3803,3873,7676
20220130,3호선,을지로3가,2393,2206,4599
20220130,3호선,일원,2674,2695,5369
20220130,3호선,잠원,1684,1736,3420
20220130,3호선,종로3가,2858,3793,6651
20220130,3호선,지축,1708,1691,3399
20220130,3호선,학여울,679,653,1332
20220130,3호선,홍제,7799,7303,15102
20220130,4호선,길음,8179,7799,15978
20220130,4호선,남태령,555,378,933
20220130,4호선,노원,9804,10631,20435
20220130,4호선,당고개,6228,6168,12396
20220130,4호선,동대문,4642,4806,9448
20220130,4호선,동대문역사문화공원,7113,6273,13386
20220130,4호선,동작,739,786,1525
20220130,4호선,명동,9003,9469,18472
20220130,4호선,미아,6926,6423,13349
20220130,4호선,미아사거리,13931,13050,26981
20220130,4호선,사당,11370,9536,20906
20220130,4호선,삼각지,1860,2313,4173
20220130,4호선,상계,8696,8275,16971
20220130,4호선,서울역,3166,7232,10398
20220130,4호선,성신여대입구,9473,8499,17972
20220130,4호선,수유,16882,15981,32863
20220130,4호선,숙대입구,5142,4694,9836
20220130,4호선,신용산,5543,6394,11937
20220130,4호선,쌍문,13106,11871,24977
20220130,4호선,이촌,4005,4249,8254
20220130,4호선,창동,13914,14751,28665
20220130,4호선,총신대입구,8983,9631,18614
20220130,4호선,충무로,5764,5400,11164
20220130,4호선,한성대입구,5989,5416,11405
20220130,4호선,혜화,17607,17586,35193
20220130,4호선,회현,7303,7777,15080
20220130,5호선,강동,6686,6326,13012
20220130,5호선,강일,1638,1621,3259
20220130,5호선,개롱,2440,2597,5037
20220130,5호선,개화산,2315,2337,4652
20220130,5호선,거여,3522,3229,6751
20220130,5호선,고덕,3464,3358,6822
20220130,5호선,공덕,3612,3478,7090
20220130,5호선,광나루,5486,5367,10853
20220130,5호선,광화문,8764,8495,17259
20220130,5호선,군자,4653,4625,9278
20220130,5호선,굽은다리,4319,3940,8259
20220130,5호선,길동,3637,3752,7389
20220130,5호선,김포공항,5773,6612,12385
20220130,5호선,까치산,13174,12176,25350
20220130,5호선,답십리,5978,5368,11346
20220130,5호선,동대문역사문화공원,607,740,1347
20220130,5호선,둔촌동,3830,3685,7515
20220130,5호선,마곡,2952,2859,5811
20220130,5호선,마장,2801,2787,5588
20220130,5호선,마천,3007,3213,6220
20220130,5호선,마포,3878,3774,7652
20220130,5호선,명일,3739,3808,7547
20220130,5호선,목동,6097,6118,12215
20220130,5호선,미사,7080,6865,13945
20220130,5호선,발산,6786,6837,13623
20220130,5호선,방이,3003,2919,5922
20220130,5호선,방화,3043,2868,5911
20220130,5호선,상일동,5469,5089,10558
20220130,5호선,서대문,3880,3790,7670
20220130,5호선,송정,3110,2998,6108
20220130,5호선,신금호,2440,2498,4938
20220130,5호선,신길,1291,1228,2519
20220130,5호선,신정,5293,4595,9888
20220130,5호선,아차산,7584,7346,14930
20220130,5호선,애오개,2063,2035,4098
20220130,5호선,양평,2045,1879,3924
20220130,5호선,여의나루,4128,5013,9141
20220130,5호선,여의도,6077,5945,12022
20220130,5호선,영등포구청,1053,971,2024
20220130,5호선,영등포시장,3968,3860,7828
20220130,5호선,오금,1182,1137,2319
20220130,5호선,오목교,9126,9369,18495
20220130,5호선,올림픽공원,1631,1521,3152
20220130,5호선,왕십리,1933,2324,4257
20220130,5호선,우장산,5963,5990,11953
20220130,5호선,을지로4가,1292,1404,2696
20220130,5호선,장한평,6128,5870,11998
20220130,5호선,종로3가,6473,6262,12735
20220130,5호선,천호,10244,9690,19934
20220130,5호선,청구,1490,1347,2837
20220130,5호선,충정로,1055,1000,2055
20220130,5호선,하남검단산,3668,3812,7480
20220130,5호선,하남시청,3389,3248,6637
20220130,5호선,하남풍산,1726,1850,3576
20220130,5호선,행당,3262,2780,6042
20220130,5호선,화곡,11712,10492,22204
20220130,6호선,고려대,3189,2769,5958
20220130,6호선,공덕,5531,5148,10679
20220130,6호선,광흥창,3360,3178,6538
20220130,6호선,구산,3217,2395,5612
20220130,6호선,녹사평,2953,2859,5812
20220130,6호선,대흥,2867,2785,5652
20220130,6호선,독바위,1247,1593,2840
20220130,6호선,돌곶이,4274,3870,8144
20220130,6호선,동묘앞,4810,4308,9118
20220130,6호선,디지털미디어시티,4135,4318,8453
20220130,6호선,마포구청,5605,4682,10287
20220130,6호선,망원,8612,8865,17477
20220130,6호선,버티고개,839,905,1744
20220130,6호선,보문,3155,2543,5698
20220130,6호선,봉화산,3141,3269,6410
20220130,6호선,불광,2431,2140,4571
20220130,6호선,삼각지,2705,2029,4734
20220130,6호선,상수,4599,5055,9654
20220130,6호선,상월곡,2619,2304,4923
20220130,6호선,새절,5321,5065,10386
20220130,6호선,석계,5336,5407,10743
20220130,6호선,신당,3211,2890,6101
20220130,6호선,안암,3075,2636,5711
20220130,6호선,약수,1314,1416,2730
20220130,6호선,역촌,1742,1849,3591
20220130,6호선,월곡,4579,4250,8829
20220130,6호선,월드컵경기장,2556,2580,5136
20220130,6호선,응암,7976,7559,15535
20220130,6호선,이태원,7644,7660,15304
20220130,6호선,증산,4587,4496,9083
20220130,6호선,창신,1352,1229,2581
20220130,6호선,청구,1421,1357,2778
20220130,6호선,태릉입구,2434,2383,4817
20220130,6호선,한강진,4604,5461,10065
20220130,6호선,합정,7065,6248,13313
20220130,6호선,화랑대,3894,3302,7196
20220130,6호선,효창공원앞,2711,2332,5043
20220130,7호선,가산디지털단지,8157,6825,14982
20220130,7호선,강남구청,3750,3708,7458
20220130,7호선,건대입구,6532,6092,12624
20220130,7호선,고속터미널,6759,7722,14481
20220130,7호선,공릉,5245,4937,10182
20220130,7호선,광명사거리,11615,11730,23345
20220130,7호선,군자,6155,4400,10555
20220130,7호선,남구로,5721,5664,11385
20220130,7호선,남성,4534,3989,8523
20220130,7호선,내방,4287,4250,8537
20220130,7호선,노원,9136,9175,18311
20220130,7호선,논현,4915,5265,10180
20220130,7호선,대림,7105,7040,14145
20220130,7호선,도봉산,3748,5526,9274
20220130,7호선,뚝섬유원지,3724,3417,7141
20220130,7호선,마들,5032,4547,9579
20220130,7호선,먹골,4662,4469,9131
20220130,7호선,면목,7036,6711,13747
20220130,7호선,반포,2247,2234,4481
20220130,7호선,보라매,3501,3068,6569
20220130,7호선,사가정,7250,7129,14379
20220130,7호선,상도,4186,3685,7871
20220130,7호선,상봉,7924,7275,15199
20220130,7호선,수락산,6249,6186,12435
20220130,7호선,숭실대입구,4600,4258,8858
20220130,7호선,신대방삼거리,6744,6010,12754
20220130,7호선,신중동,1,0,1
20220130,7호선,신풍,4955,4585,9540
20220130,7호선,어린이대공원,5387,4550,9937
20220130,7호선,온수,3353,3265,6618
20220130,7호선,용마산,2697,2831,5528
20220130,7호선,이수,6584,5949,12533
20220130,7호선,장승배기,4153,3801,7954
20220130,7호선,장암,795,588,1383
20220130,7호선,중계,5668,5228,10896
20220130,7호선,중곡,4404,4016,8420
20220130,7호선,중화,4607,4334,8941
20220130,7호선,천왕,4220,4032,8252
20220130,7호선,철산,8489,8498,16987
20220130,7호선,청담,4368,4641,9009
20220130,7호선,태릉입구,3798,3468,7266
20220130,7호선,하계,7449,7024,14473
20220130,7호선,학동,3694,3568,7262
20220130,8호선,가락시장,3320,3538,6858
20220130,8호선,강동구청,3744,3750,7494
20220130,8호선,남위례,1514,1624,3138
20220130,8호선,남한산성입구,5605,4994,10599
20220130,8호선,단대오거리,4615,4357,8972
20220130,8호선,모란,2273,1848,4121
20220130,8호선,몽촌토성,2417,2245,4662
20220130,8호선,문정,3601,3364,6965
20220130,8호선,복정,3441,3114,6555
20220130,8호선,산성,2460,2545,5005
20220130,8호선,석촌,3235,3898,7133
20220130,8호선,송파,2729,2899,5628
20220130,8호선,수진,2490,2232,4722
20220130,8호선,신흥,2102,2252,4354
20220130,8호선,암사,7761,7202,14963
20220130,8호선,잠실,7950,9081,17031
20220130,8호선,장지,7142,6972,14114
20220130,8호선,천호,7325,8256,15581
20220130,9호선,가양,8315,7421,15736
20220130,9호선,개화,850,769,1619
20220130,9호선,고속터미널,6281,14433,20714
20220130,9호선,공항시장,1406,1436,2842
20220130,9호선,구반포,429,376,805
20220130,9호선,국회의사당,2976,2644,5620
20220130,9호선,김포공항,5427,10787,16214
20220130,9호선,노들,1980,1652,3632
20220130,9호선,노량진,12060,11009,23069
20220130,9호선,당산,6524,5881,12405
20220130,9호선,동작,1130,802,1932
20220130,9호선,등촌,4534,4172,8706
20220130,9호선,마곡나루,3874,3573,7447
20220130,9호선,사평,1122,1138,2260
20220130,9호선,샛강,1191,1170,2361
20220130,9호선,선유도,2190,1940,4130
20220130,9호선,신논현,12150,11509,23659
20220130,9호선,신목동,1294,1130,2424
20220130,9호선,신반포,1198,1187,2385
20220130,9호선,신방화,2771,2700,5471
20220130,9호선,양천향교,3324,2906,6230
20220130,9호선,여의도,6539,5769,12308
20220130,9호선,염창,7020,5969,12989
20220130,9호선,증미,2668,2543,5211
20220130,9호선,흑석,3148,3112,6260
20220130,9호선2~3단계,둔촌오륜,445,427,872
20220130,9호선2~3단계,봉은사,5366,5224,10590
20220130,9호선2~3단계,삼성중앙,1488,1431,2919
20220130,9호선2~3단계,삼전,2997,2502,5499
20220130,9호선2~3단계,석촌,3688,2710,6398
20220130,9호선2~3단계,석촌고분,2526,2197,4723
20220130,9호선2~3단계,선정릉,2133,2027,4160
20220130,9호선2~3단계,송파나루,2500,2476,4976
20220130,9호선2~3단계,언주,2417,2205,4622
20220130,9호선2~3단계,올림픽공원,3450,3276,6726
20220130,9호선2~3단계,종합운동장,1783,1500,3283
20220130,9호선2~3단계,중앙보훈병원,2459,2436,4895
20220130,9호선2~3단계,한성백제,1045,802,1847
20220130,경강선,경기광주,3144,3329,6473
20220130,경강선,곤지암,1517,1493,3010
20220130,경강선,부발,1145,1205,2350
20220130,경강선,삼동,879,818,1697
20220130,경강선,세종대왕릉,207,271,478
20220130,경강선,신둔도예촌,626,706,1332
20220130,경강선,여주,1433,1859,3292
20220130,경강선,이매,601,366,967
20220130,경강선,이천,1672,1974,3646
20220130,경강선,초월,1301,1260,2561
20220130,경강선,판교,2083,1946,4029
20220130,경부선,가산디지털단지,3529,4439,7968
20220130,경부선,관악,3392,3218,6610
20220130,경부선,광명,1368,1497,2865
20220130,경부선,구로,7385,7533,14918
20220130,경부선,군포,2471,2263,4734
20220130,경부선,금정,11130,11361,22491
20220130,경부선,금천구청,4958,4849,9807
20220130,경부선,남영,3366,3309,6675
20220130,경부선,노량진,5127,4778,9905
20220130,경부선,당정,2336,2237,4573
20220130,경부선,대방,4397,4215,8612
20220130,경부선,독산,5216,4931,10147
20220130,경부선,두정,3047,3081,6128
20220130,경부선,명학,2423,2406,4829
20220130,경부선,병점,6833,6915,13748
20220130,경부선,서동탄,550,585,1135
20220130,경부선,서울역,2526,1206,3732
20220130,경부선,서정리,3316,3233,6549
20220130,경부선,석수,3688,3744,7432
20220130,경부선,성균관대,5675,5504,11179
20220130,경부선,성환,1859,1918,3777
20220130,경부선,세류,1477,1585,3062
20220130,경부선,세마,1272,1174,2446
20220130,경부선,송탄,2759,2511,5270
20220130,경부선,수원,24059,25775,49834
20220130,경부선,신길,3512,2809,6321
20220130,경부선,신도림,1819,1505,3324
20220130,경부선,안양,10373,10677,21050
20220130,경부선,영등포,24482,24823,49305
20220130,경부선,오산,6084,6084,12168
20220130,경부선,오산대,1625,1414,3039
20220130,경부선,용산,19341,23070,42411
20220130,경부선,의왕,3252,3316,6568
20220130,경부선,직산,396,380,776
20220130,경부선,진위,593,581,1174
20220130,경부선,천안,4165,4882,9047
20220130,경부선,평택,8417,8567,16984
20220130,경부선,평택지제,1350,1459,2809
20220130,경부선,화서,2950,2972,5922
20220130,경원선,가능,3229,3093,6322
20220130,경원선,광운대,3397,3358,6755
20220130,경원선,녹양,2097,2141,4238
20220130,경원선,녹천,2282,1920,4202
20220130,경원선,덕계,1249,1259,2508
20220130,경원선,덕정,2716,2591,5307
20220130,경원선,도봉,3009,2794,5803
20220130,경원선,도봉산,5969,4076,10045
20220130,경원선,동두천,941,1311,2252
20220130,경원선,동두천중앙,1984,2067,4051
20220130,경원선,망월사,3608,3763,7371
20220130,경원선,방학,5080,4841,9921
20220130,경원선,보산,848,924,1772
20220130,경원선,서빙고,1066,1051,2117
20220130,경원선,석계,4214,4277,8491
20220130,경원선,소요산,2097,2075,4172
20220130,경원선,신이문,4174,3842,8016
20220130,경원선,양주,3893,3899,7792
20220130,경원선,옥수,26,18,44
20220130,경원선,왕십리,7104,7537,14641
20220130,경원선,외대앞,3713,3281,6994
20220130,경원선,월계,3272,3018,6290
20220130,경원선,응봉,798,714,1512
20220130,경원선,의정부,12051,12647,24698
20220130,경원선,이촌,1788,1407,3195
20220130,경원선,지행,3274,3414,6688
20220130,경원선,청량리,9516,10344,19860
20220130,경원선,한남,1608,1494,3102
20220130,경원선,회룡,5942,5918,11860
20220130,경의선,가좌,2287,2034,4321
20220130,경의선,강매,1156,1043,2199
20220130,경의선,곡산,236,224,460
20220130,경의선,공덕,1295,1019,2314
20220130,경의선,금릉,2101,2137,4238
20220130,경의선,금촌,3533,3640,7173
20220130,경의선,능곡,1702,1730,3432
20220130,경의선,디지털미디어시티,1102,958,2060
20220130,경의선,문산,2610,2787,5397
20220130,경의선,백마,2580,2556,5136
20220130,경의선,서강대,954,829,1783
20220130,경의선,서울역,655,735,1390
20220130,경의선,수색,694,679,1373
20220130,경의선,신촌,179,171,350
20220130,경의선,야당,3822,3674,7496
20220130,경의선,운정,2745,2884,5629
20220130,경의선,월롱,703,687,1390
20220130,경의선,일산,3744,3808,7552
20220130,경의선,임진강,48,36,84
20220130,경의선,탄현,3228,3205,6433
20220130,경의선,파주,487,386,873
20220130,경의선,풍산,2758,2745,5503
20220130,경의선,행신,3052,3067,6119
20220130,경의선,홍대입구,1203,1313,2516
20220130,경의선,화전,548,445,993
20220130,경의선,효창공원앞,1016,1063,2079
20220130,경인선,간석,2515,2494,5009
20220130,경인선,개봉,9411,9287,18698
20220130,경인선,구일,2373,2272,4645
20220130,경인선,도원,1242,1252,2494
20220130,경인선,도화,1967,1896,3863
20220130,경인선,동암,7856,8152,16008
20220130,경인선,동인천,7578,7649,15227
20220130,경인선,백운,3115,3235,6350
20220130,경인선,부개,4053,3943,7996
20220130,경인선,부천,19190,19165,38355
20220130,경인선,부평,19414,20898,40312
20220130,경인선,소사,4043,4035,8078
20220130,경인선,송내,9738,9907,19645
20220130,경인선,역곡,11892,11835,23727
20220130,경인선,오류동,5795,4983,10778
20220130,경인선,온수,2904,2744,5648
20220130,경인선,인천,2755,2336,5091
20220130,경인선,제물포,4447,4412,8859
20220130,경인선,주안,9323,8342,17665
20220130,경인선,중동,4104,3930,8034
20220130,경춘선,가평,1095,1220,2315
20220130,경춘선,갈매,1127,994,2121
20220130,경춘선,강촌,301,388,689
20220130,경춘선,굴봉산,119,127,246
20220130,경춘선,금곡,704,695,1399
20220130,경춘선,김유정,304,331,635
20220130,경춘선,남춘천,1654,1943,3597
20220130,경춘선,대성리,355,241,596
20220130,경춘선,마석,1868,1932,3800
20220130,경춘선,백양리,438,353,791
20220130,경춘선,별내,1412,1324,2736
20220130,경춘선,사릉,1268,1312,2580
20220130,경춘선,상천,208,167,375
20220130,경춘선,신내,661,645,1306
20220130,경춘선,천마산,891,866,1757
20220130,경춘선,청평,945,1057,2002
20220130,경춘선,춘천,883,1055,1938
20220130,경춘선,퇴계원,1591,1506,3097
20220130,경춘선,평내호평,2623,2602,5225
20220130,공항철도 1호선,검암,2748,2745,5493
20220130,공항철도 1호선,계양,3979,3899,7878
20220130,공항철도 1호선,공덕,918,1157,2075
20220130,공항철도 1호선,공항화물청사,908,861,1769
20220130,공항철도 1호선,김포공항,8874,5263,14137
20220130,공항철도 1호선,디지털미디어시티,2770,2382,5152
20220130,공항철도 1호선,마곡나루,1568,1605,3173
20220130,공항철도 1호선,서울역,3695,4628,8323
20220130,공항철도 1호선,영종,1745,1715,3460
20220130,공항철도 1호선,운서,4019,3837,7856
20220130,공항철도 1호선,인천공항1터미널,2780,2983,5763
20220130,공항철도 1호선,인천공항2터미널,1567,1552,3119
20220130,공항철도 1호선,청라국제도시,2280,2224,4504
20220130,공항철도 1호선,홍대입구,7202,6627,13829
20220130,과천선,경마공원,8366,8468,16834
20220130,과천선,과천,2863,2718,5581
20220130,과천선,대공원,2899,2882,5781
20220130,과천선,범계,11615,11259,22874
20220130,과천선,선바위,2824,2659,5483
20220130,과천선,인덕원,9018,9052,18070
20220130,과천선,정부과천청사,3376,3353,6729
20220130,과천선,평촌,4863,4620,9483
20220130,분당선,가천대,2649,2864,5513
20220130,분당선,강남구청,2134,2396,4530
20220130,분당선,개포동,1417,1428,2845
20220130,분당선,구룡,539,545,1084
20220130,분당선,구성,1846,2099,3945
20220130,분당선,기흥,3803,3766,7569
20220130,분당선,대모산입구,1550,1485,3035
20220130,분당선,도곡,2069,1953,4022
20220130,분당선,망포,4793,4542,9335
20220130,분당선,매교,1147,1167,2314
20220130,분당선,매탄권선,1954,1771,3725
20220130,분당선,모란,9339,9401,18740
20220130,분당선,미금,6084,6245,12329
20220130,분당선,보정,897,842,1739
20220130,분당선,상갈,2261,2311,4572
20220130,분당선,서울숲,4061,3961,8022
20220130,분당선,서현,12223,6876,19099
20220130,분당선,선릉,1845,2608,4453
20220130,분당선,선정릉,1331,1269,2600
20220130,분당선,수내,4926,4670,9596
20220130,분당선,수서,4683,5781,10464
20220130,분당선,수원,4639,3918,8557
20220130,분당선,수원시청,5544,5288,10832
20220130,분당선,신갈,1560,1550,3110
20220130,분당선,압구정로데오,8252,9008,17260
20220130,분당선,야탑,10374,11590,21964
20220130,분당선,영통,3891,3465,7356
20220130,분당선,오리,4605,3800,8405
20220130,분당선,이매,2327,2452,4779
20220130,분당선,정자,5773,5630,11403
20220130,분당선,죽전,6302,6896,13198
20220130,분당선,청명,1526,1500,3026
20220130,분당선,태평,7103,6779,13882
20220130,분당선,한티,6987,6499,13486
20220130,수인선,고색,1373,1452,2825
20220130,수인선,남동인더스파크,585,488,1073
20220130,수인선,달월,37,40,77
20220130,수인선,사리,2032,1743,3775
20220130,수인선,소래포구,3427,3470,6897
20220130,수인선,송도,1128,1195,2323
20220130,수인선,숭의,1621,1548,3169
20220130,수인선,신포,942,977,1919
20220130,수인선,야목,145,129,274
20220130,수인선,어천,448,393,841
20220130,수인선,연수,2707,2634,5341
20220130,수인선,오목천,1249,1177,2426
20220130,수인선,원인재,2466,2524,4990
20220130,수인선,월곶,1296,1204,2500
20220130,수인선,인천,848,1280,2128
20220130,수인선,인천논현,2468,2554,5022
20220130,수인선,인하대,2388,2235,4623
20220130,수인선,호구포,1671,1508,3179
20220130,안산선,고잔,3103,3076,6179
20220130,안산선,대야미,2333,2006,4339
20220130,안산선,반월,2086,2044,4130
20220130,안산선,산본,7104,7393,14497
20220130,안산선,상록수,7632,7755,15387
20220130,안산선,수리산,1668,1564,3232
20220130,안산선,신길온천,830,835,1665
20220130,안산선,안산,8909,9676,18585
20220130,안산선,오이도,4213,4450,8663
20220130,안산선,정왕,4711,4556,9267
20220130,안산선,중앙,8525,9048,17573
20220130,안산선,초지,1702,1920,3622
20220130,안산선,한대앞,4278,4335,8613
20220130,우이신설선,4.19민주묘지,1530,1234,2764
20220130,우이신설선,가오리,2103,1995,4098
20220130,우이신설선,보문,817,770,1587
20220130,우이신설선,북한산보국문,3094,2655,5749
20220130,우이신설선,북한산우이,2070,2136,4206
20220130,우이신설선,삼양,1106,1150,2256
20220130,우이신설선,삼양사거리,1358,1261,2619
20220130,우이신설선,성신여대입구,1773,2008,3781
20220130,우이신설선,솔밭공원,1198,1092,2290
20220130,우이신설선,솔샘,2354,2133,4487
20220130,우이신설선,신설동,911,928,1839
20220130,우이신설선,정릉,2300,1870,4170
20220130,우이신설선,화계,1725,1534,3259
20220130,일산선,대곡,702,633,1335
20220130,일산선,대화,5024,4635,9659
20220130,일산선,마두,2800,2815,5615
20220130,일산선,백석,4644,4676,9320
20220130,일산선,삼송,9291,9131,18422
20220130,일산선,원당,5100,5025,10125
20220130,일산선,원흥,4586,4288,8874
20220130,일산선,정발산,4300,4190,8490
20220130,일산선,주엽,3577,3770,7347
20220130,일산선,화정,7893,8039,15932
20220130,장항선,배방,505,563,1068
20220130,장항선,봉명,371,378,749
20220130,장항선,신창,635,802,1437
20220130,장항선,쌍용,832,794,1626
20220130,장항선,아산,1494,1567,3061
20220130,장항선,온양온천,2507,2800,5307
20220130,장항선,탕정,268,214,482
20220130,중앙선,구리,5904,6144,12048
20220130,중앙선,국수,377,401,778
20220130,중앙선,덕소,2720,2829,5549
20220130,중앙선,도농,3932,3939,7871
20220130,중앙선,도심,899,834,1733
20220130,중앙선,망우,3955,3967,7922
20220130,중앙선,상봉,2970,2949,5919
20220130,중앙선,신원,127,115,242
20220130,중앙선,아신,337,370,707
20220130,중앙선,양수,1066,1136,2202
20220130,중앙선,양원,841,852,1693
20220130,중앙선,양정,272,249,521
20220130,중앙선,양평,1450,1903,3353
20220130,중앙선,오빈,149,178,327
20220130,중앙선,용문,1947,2350,4297
20220130,중앙선,운길산,608,548,1156
20220130,중앙선,원덕,184,264,448
20220130,중앙선,중랑,2894,2615,5509
20220130,중앙선,지평,41,61,102
20220130,중앙선,팔당,873,885,1758
20220130,중앙선,회기,11708,10051,21759
