사용일자,호선명,지하철역,승차총승객수,하차총승객수,승하차총승객수
20220402,1호선,동대문,10056,9713,19769
20220402,1호선,동묘앞,11515,11938,23453
20220402,1호선,서울역,28867,30246,59113
20220402,1호선,시청,11118,11346,22464
20220402,1호선,신설동,9282,8764,18046
20220402,1호선,제기동,15027,15378,30405
20220402,1호선,종각,18211,16370,34581
20220402,1호선,종로3가,20827,19713,40540
20220402,1호선,종로5가,18374,18337,36711
20220402,1호선,청량리,17282,17276,34558
20220402,2호선,강남,57229,57273,114502
20220402,2호선,강변,24280,24215,48495
20220402,2호선,건대입구,37902,38949,76851
20220402,2호선,교대,15964,17546,33510
20220402,2호선,구로디지털단지,32307,31415,63722
20220402,2호선,구의,15985,15376,31361
20220402,2호선,낙성대,21235,18478,39713
20220402,2호선,당산,12522,13410,25932
20220402,2호선,대림,17284,18123,35407
20220402,2호선,도림천,841,832,1673
20220402,2호선,동대문역사문화공원,10437,12013,22450
20220402,2호선,뚝섬,18005,17458,35463
20220402,2호선,문래,13159,13592,26751
20220402,2호선,방배,9474,9752,19226
20220402,2호선,봉천,16425,14947,31372
20220402,2호선,사당,28587,31886,60473
20220402,2호선,삼성,30343,30525,60868
20220402,2호선,상왕십리,9423,8716,18139
20220402,2호선,서울대입구,36179,35411,71590
20220402,2호선,서초,10191,8355,18546
20220402,2호선,선릉,22459,19670,42129
20220402,2호선,성수,21006,23482,44488
20220402,2호선,시청,8318,7507,15825
20220402,2호선,신답,1038,1061,2099
20220402,2호선,신당,11052,11573,22625
20220402,2호선,신대방,19293,18489,37782
20220402,2호선,신도림,38203,39208,77411
20220402,2호선,신림,49280,46809,96089
20220402,2호선,신설동,3398,1703,5101
20220402,2호선,신정네거리,7265,7267,14532
20220402,2호선,신촌,29269,28408,57677
20220402,2호선,아현,6951,6638,13589
20220402,2호선,양천구청,4424,4461,8885
20220402,2호선,역삼,16784,18201,34985
20220402,2호선,영등포구청,11788,12286,24074
20220402,2호선,왕십리,13554,11722,25276
20220402,2호선,용답,2269,2340,4609
20220402,2호선,용두,1763,1665,3428
20220402,2호선,을지로3가,10953,10637,21590
20220402,2호선,을지로4가,6847,7313,14160
20220402,2호선,을지로입구,19342,19213,38555
20220402,2호선,이대,10039,10466,20505
20220402,2호선,잠실,75696,73365,149061
20220402,2호선,잠실나루,7005,6197,13202
20220402,2호선,잠실새내,17654,17798,35452
20220402,2호선,종합운동장,14414,16092,30506
20220402,2호선,충정로,5015,5478,10493
20220402,2호선,한양대,4606,4925,9531
20220402,2호선,합정,28045,30701,58746
20220402,2호선,홍대입구,63406,67291,130697
20220402,3호선,가락시장,5652,5337,10989
20220402,3호선,경복궁,19427,20459,39886
20220402,3호선,경찰병원,3697,3587,7284
20220402,3호선,고속터미널,45336,45686,91022
20220402,3호선,교대,6362,3886,10248
20220402,3호선,구파발,14356,14853,29209
20220402,3호선,금호,5488,5063,10551
20220402,3호선,남부터미널,18777,19025,37802
20220402,3호선,녹번,9801,8689,18490
20220402,3호선,대청,5572,5163,10735
20220402,3호선,대치,8898,8001,16899
20220402,3호선,도곡,3217,3204,6421
20220402,3호선,독립문,5651,6505,12156
20220402,3호선,동대입구,6450,7187,13637
20220402,3호선,매봉,5945,5641,11586
20220402,3호선,무악재,2676,2830,5506
20220402,3호선,불광,12352,13485,25837
20220402,3호선,수서,12160,12346,24506
20220402,3호선,신사,24762,25365,50127
20220402,3호선,안국,18173,20394,38567
20220402,3호선,압구정,22279,23528,45807
20220402,3호선,약수,8769,8362,17131
20220402,3호선,양재,18935,20889,39824
20220402,3호선,연신내,28355,26882,55237
20220402,3호선,오금,3736,3639,7375
20220402,3호선,옥수,7175,7155,14330
20220402,3호선,을지로3가,4878,5320,10198
20220402,3호선,일원,4847,4739,9586
20220402,3호선,잠원,3299,3115,6414
20220402,3호선,종로3가,6041,8160,14201
20220402,3호선,지축,3207,2893,6100
20220402,3호선,충무로,2,0,2
20220402,3호선,학여울,1085,970,2055
20220402,3호선,홍제,12421,11773,24194
20220402,4호선,길음,13714,12968,26682
20220402,4호선,남태령,1021,580,1601
20220402,4호선,노원,15383,17041,32424
20220402,4호선,당고개,7111,6808,13919
20220402,4호선,동대문,12968,13344,26312
20220402,4호선,동대문역사문화공원,11250,10022,21272
20220402,4호선,동작,1613,1812,3425
20220402,4호선,명동,13743,16198,29941
20220402,4호선,미아,10349,9673,20022
20220402,4호선,미아사거리,21120,20114,41234
20220402,4호선,사당,20155,17237,37392
20220402,4호선,삼각지,3550,4514,8064
20220402,4호선,상계,13709,12797,26506
20220402,4호선,서울역,5275,12014,17289
20220402,4호선,성신여대입구,15776,14884,30660
20220402,4호선,수유,25622,25009,50631
20220402,4호선,숙대입구,9283,8968,18251
20220402,4호선,신용산,9647,10427,20074
20220402,4호선,쌍문,20510,18232,38742
20220402,4호선,이촌,6288,7067,13355
20220402,4호선,창동,19079,19904,38983
20220402,4호선,총신대입구,13545,14563,28108
20220402,4호선,충무로,13194,13475,26669
20220402,4호선,한성대입구,10388,10155,20543
20220402,4호선,혜화,26200,26496,52696
20220402,4호선,회현,17142,18775,35917
20220402,5호선,강동,12506,11967,24473
20220402,5호선,강일,2758,2568,5326
20220402,5호선,개롱,3866,4029,7895
20220402,5호선,개화산,3554,3613,7167
20220402,5호선,거여,6169,5895,12064
20220402,5호선,고덕,6270,6144,12414
20220402,5호선,공덕,6773,6992,13765
20220402,5호선,광나루,9494,9039,18533
20220402,5호선,광화문,15813,15649,31462
20220402,5호선,군자,8023,8740,16763
20220402,5호선,굽은다리,7308,6544,13852
20220402,5호선,길동,5521,5817,11338
20220402,5호선,김포공항,6827,7113,13940
20220402,5호선,까치산,20050,19152,39202
20220402,5호선,답십리,9808,8824,18632
20220402,5호선,동대문역사문화공원,947,1232,2179
20220402,5호선,둔촌동,6030,6031,12061
20220402,5호선,마곡,5240,5254,10494
20220402,5호선,마장,3979,3787,7766
20220402,5호선,마천,4562,4787,9349
20220402,5호선,마포,7134,7130,14264
20220402,5호선,명일,6118,6086,12204
20220402,5호선,목동,10612,10784,21396
20220402,5호선,미사,11766,11656,23422
20220402,5호선,발산,13018,13683,26701
20220402,5호선,방이,5275,5129,10404
20220402,5호선,방화,4361,4108,8469
20220402,5호선,상일동,8972,8438,17410
20220402,5호선,서대문,6990,6549,13539
20220402,5호선,송정,4688,4547,9235
20220402,5호선,신금호,3859,4044,7903
20220402,5호선,신길,2604,2775,5379
20220402,5호선,신정,8737,7678,16415
20220402,5호선,아차산,13809,13505,27314
20220402,5호선,애오개,3476,3378,6854
20220402,5호선,양평,3701,3512,7213
20220402,5호선,여의나루,22126,25446,47572
20220402,5호선,여의도,13757,13833,27590
20220402,5호선,영등포구청,1908,1869,3777
20220402,5호선,영등포시장,7639,7954,15593
20220402,5호선,오금,2531,2274,4805
20220402,5호선,오목교,15805,16110,31915
20220402,5호선,올림픽공원,3129,2970,6099
20220402,5호선,왕십리,3364,4257,7621
20220402,5호선,우장산,9357,9124,18481
20220402,5호선,을지로4가,3155,3540,6695
20220402,5호선,장한평,10783,10548,21331
20220402,5호선,종로3가,12914,12845,25759
20220402,5호선,천호,16064,15184,31248
20220402,5호선,청구,2450,2248,4698
20220402,5호선,충정로,1916,1741,3657
20220402,5호선,하남검단산,4974,5022,9996
20220402,5호선,하남시청,5272,5054,10326
20220402,5호선,하남풍산,2780,2740,5520
20220402,5호선,행당,5059,4423,9482
20220402,5호선,화곡,19269,18025,37294
20220402,6호선,고려대,5319,5287,10606
20220402,6호선,공덕,9449,8972,18421
20220402,6호선,광흥창,4984,4641,9625
20220402,6호선,구산,5275,3903,9178
20220402,6호선,녹사평,5188,5383,10571
20220402,6호선,대흥,5420,5342,10762
20220402,6호선,독바위,1892,2214,4106
20220402,6호선,돌곶이,5997,5550,11547
20220402,6호선,동묘앞,7162,7097,14259
20220402,6호선,디지털미디어시티,6664,6901,13565
20220402,6호선,마포구청,8808,7775,16583
20220402,6호선,망원,12668,13875,26543
20220402,6호선,버티고개,1349,1463,2812
20220402,6호선,보문,5004,4448,9452
20220402,6호선,봉화산,4978,4839,9817
20220402,6호선,불광,3502,3280,6782
20220402,6호선,삼각지,5257,4108,9365
20220402,6호선,상수,8868,10088,18956
20220402,6호선,상월곡,4000,3465,7465
20220402,6호선,새절,8665,8151,16816
20220402,6호선,석계,8194,8282,16476
20220402,6호선,신당,6343,5564,11907
20220402,6호선,안암,7520,7108,14628
20220402,6호선,약수,2446,2508,4954
20220402,6호선,역촌,2460,2899,5359
20220402,6호선,연신내,1,0,1
20220402,6호선,월곡,7310,6988,14298
20220402,6호선,월드컵경기장,4521,4516,9037
20220402,6호선,응암,11963,11897,23860
20220402,6호선,이태원,15246,15657,30903
20220402,6호선,증산,7373,7199,14572
20220402,6호선,창신,2159,1840,3999
20220402,6호선,청구,2213,2358,4571
20220402,6호선,태릉입구,4029,4322,8351
20220402,6호선,한강진,7991,10127,18118
20220402,6호선,합정,12286,11448,23734
20220402,6호선,화랑대,6956,5747,12703
20220402,6호선,효창공원앞,4654,4135,8789
20220402,7호선,가산디지털단지,13770,12474,26244
20220402,7호선,강남구청,9386,10423,19809
20220402,7호선,건대입구,11299,11812,23111
20220402,7호선,고속터미널,13318,10068,23386
20220402,7호선,공릉,8565,8369,16934
20220402,7호선,광명사거리,16073,16082,32155
20220402,7호선,군자,10374,7866,18240
20220402,7호선,남구로,7582,7758,15340
20220402,7호선,남성,7162,6602,13764
20220402,7호선,내방,7207,7163,14370
20220402,7호선,노원,15065,15605,30670
20220402,7호선,논현,10282,11260,21542
20220402,7호선,대림,6201,6644,12845
20220402,7호선,도봉산,6364,9041,15405
20220402,7호선,뚝섬유원지,13332,13256,26588
20220402,7호선,마들,8506,7969,16475
20220402,7호선,먹골,7522,7094,14616
20220402,7호선,면목,10635,10272,20907
20220402,7호선,반포,4107,3943,8050
20220402,7호선,보라매,6336,6076,12412
20220402,7호선,사가정,11752,11299,23051
20220402,7호선,상도,7325,6877,14202
20220402,7호선,상봉,12608,12071,24679
20220402,7호선,수락산,9692,9344,19036
20220402,7호선,숭실대입구,8531,8364,16895
20220402,7호선,신대방삼거리,11119,10342,21461
20220402,7호선,신풍,7588,7163,14751
20220402,7호선,어린이대공원,11875,11929,23804
20220402,7호선,온수,5279,5231,10510
20220402,7호선,용마산,4476,4780,9256
20220402,7호선,이수,11545,10780,22325
20220402,7호선,장승배기,6179,5854,12033
20220402,7호선,장암,1600,1119,2719
20220402,7호선,중계,9150,8036,17186
20220402,7호선,중곡,6860,6488,13348
20220402,7호선,중화,7067,6916,13983
20220402,7호선,천왕,6566,6202,12768
20220402,7호선,철산,13735,13900,27635
20220402,7호선,청담,10399,11369,21768
20220402,7호선,태릉입구,6390,5954,12344
20220402,7호선,하계,11773,11036,22809
20220402,7호선,학동,9906,10469,20375
20220402,8호선,가락시장,5315,5483,10798
20220402,8호선,강동구청,5739,5816,11555
20220402,8호선,남위례,2969,3113,6082
20220402,8호선,남한산성입구,8906,7964,16870
20220402,8호선,단대오거리,7439,6869,14308
20220402,8호선,모란,3779,3320,7099
20220402,8호선,몽촌토성,4768,4639,9407
20220402,8호선,문정,8299,8256,16555
20220402,8호선,복정,5831,5061,10892
20220402,8호선,산성,4104,4121,8225
20220402,8호선,석촌,6302,8346,14648
20220402,8호선,송파,5386,5370,10756
20220402,8호선,수진,4160,3670,7830
20220402,8호선,신흥,3388,3596,6984
20220402,8호선,암사,11877,10784,22661
20220402,8호선,잠실,14450,16018,30468
20220402,8호선,장지,11485,10649,22134
20220402,8호선,천호,11244,13367,24611
20220402,9호선,가양,13442,12573,26015
20220402,9호선,개화,1417,1205,2622
20220402,9호선,고속터미널,12321,17514,29835
20220402,9호선,공항시장,2265,2326,4591
20220402,9호선,구반포,1016,1003,2019
20220402,9호선,국회의사당,5161,5606,10767
20220402,9호선,김포공항,7087,11359,18446
20220402,9호선,노들,3115,2640,5755
20220402,9호선,노량진,20869,20175,41044
20220402,9호선,당산,12897,12010,24907
20220402,9호선,동작,1771,1512,3283
20220402,9호선,등촌,6850,6396,13246
20220402,9호선,마곡나루,8233,7911,16144
20220402,9호선,사평,2315,2146,4461
20220402,9호선,샛강,2699,2550,5249
20220402,9호선,선유도,4046,3969,8015
20220402,9호선,신논현,24815,24045,48860
20220402,9호선,신목동,2297,1947,4244
20220402,9호선,신반포,2702,2651,5353
20220402,9호선,신방화,4458,4167,8625
20220402,9호선,양천향교,5536,5276,10812
20220402,9호선,여의도,13824,13242,27066
20220402,9호선,염창,11758,10710,22468
20220402,9호선,증미,3944,3758,7702
20220402,9호선,흑석,5761,5576,11337
20220402,9호선2~3단계,둔촌오륜,626,621,1247
20220402,9호선2~3단계,봉은사,11919,12833,24752
20220402,9호선2~3단계,삼성중앙,2905,2891,5796
20220402,9호선2~3단계,삼전,4736,4357,9093
20220402,9호선2~3단계,석촌,7170,6534,13704
20220402,9호선2~3단계,석촌고분,4065,3928,7993
20220402,9호선2~3단계,선정릉,4532,5153,9685
20220402,9호선2~3단계,송파나루,5110,5112,10222
20220402,9호선2~3단계,언주,5468,5518,10986
20220402,9호선2~3단계,올림픽공원,5149,5330,10479
20220402,9호선2~3단계,종합운동장,3973,3546,7519
20220402,9호선2~3단계,중앙보훈병원,4442,4134,8576
20220402,9호선2~3단계,한성백제,1970,1642,3612
20220402,경강선,경기광주,5173,4905,10078
20220402,경강선,곤지암,1728,1863,3591
20220402,경강선,부발,1983,1628,3611
20220402,경강선,삼동,1352,1245,2597
20220402,경강선,세종대왕릉,334,395,729
20220402,경강선,신둔도예촌,1190,1116,2306
20220402,경강선,여주,2105,2383,4488
20220402,경강선,이매,808,640,1448
20220402,경강선,이천,2657,2687,5344
20220402,경강선,초월,2096,1983,4079
20220402,경강선,판교,2993,2805,5798
20220402,경부선,가산디지털단지,5995,7834,13829
20220402,경부선,관악,5754,5424,11178
20220402,경부선,광명,2465,2312,4777
20220402,경부선,구로,11865,12088,23953
20220402,경부선,군포,4108,3691,7799
20220402,경부선,금정,17776,18085,35861
20220402,경부선,금천구청,7706,7867,15573
20220402,경부선,남영,5405,5749,11154
20220402,경부선,노량진,8107,7263,15370
20220402,경부선,당정,3975,3678,7653
20220402,경부선,대방,7910,8073,15983
20220402,경부선,독산,8669,8504,17173
20220402,경부선,두정,5276,5078,10354
20220402,경부선,명학,4705,4557,9262
20220402,경부선,병점,11802,11796,23598
20220402,경부선,서동탄,933,1006,1939
20220402,경부선,서울역,6385,1779,8164
20220402,경부선,서정리,6684,5581,12265
20220402,경부선,석수,6453,6080,12533
20220402,경부선,성균관대,10416,10266,20682
20220402,경부선,성환,2974,2722,5696
20220402,경부선,세류,2289,2285,4574
20220402,경부선,세마,2060,1833,3893
20220402,경부선,송탄,5038,4337,9375
20220402,경부선,수원,36000,39451,75451
20220402,경부선,신길,5810,4875,10685
20220402,경부선,신도림,2983,2924,5907
20220402,경부선,안양,16613,16435,33048
20220402,경부선,영등포,36962,38261,75223
20220402,경부선,오산,8865,8287,17152
20220402,경부선,오산대,2849,2533,5382
20220402,경부선,용산,31156,33374,64530
20220402,경부선,의왕,5977,5792,11769
20220402,경부선,직산,660,623,1283
20220402,경부선,진위,1032,872,1904
20220402,경부선,천안,5783,6100,11883
20220402,경부선,평택,13488,12635,26123
20220402,경부선,평택지제,2973,2793,5766
20220402,경부선,화서,5513,5541,11054
20220402,경원선,가능,5025,4718,9743
20220402,경원선,광운대,5311,5386,10697
20220402,경원선,녹양,3497,3354,6851
20220402,경원선,녹천,3183,2795,5978
20220402,경원선,덕계,2466,2298,4764
20220402,경원선,덕정,4645,4307,8952
20220402,경원선,도봉,4293,4019,8312
20220402,경원선,도봉산,8991,6350,15341
20220402,경원선,동두천,1688,2146,3834
20220402,경원선,동두천중앙,2550,2458,5008
20220402,경원선,망월사,5764,5793,11557
20220402,경원선,방학,7198,7036,14234
20220402,경원선,보산,1586,1524,3110
20220402,경원선,서빙고,1563,1838,3401
20220402,경원선,석계,6346,6646,12992
20220402,경원선,소요산,3798,3290,7088
20220402,경원선,신이문,5938,5289,11227
20220402,경원선,양주,6214,6026,12240
20220402,경원선,옥수,43,35,78
20220402,경원선,왕십리,12284,13628,25912
20220402,경원선,외대앞,6164,5732,11896
20220402,경원선,월계,4554,4230,8784
20220402,경원선,응봉,2761,3599,6360
20220402,경원선,의정부,17131,17849,34980
20220402,경원선,이촌,2866,2122,4988
20220402,경원선,지행,5431,5426,10857
20220402,경원선,창동,3,0,3
20220402,경원선,청량리,14792,16083,30875
20220402,경원선,한남,2597,2488,5085
20220402,경원선,회룡,9229,9280,18509
20220402,경의선,가좌,3567,3496,7063
20220402,경의선,강매,1951,1796,3747
20220402,경의선,곡산,436,453,889
20220402,경의선,공덕,2418,1931,4349
20220402,경의선,금릉,3681,3629,7310
20220402,경의선,금촌,5230,5026,10256
20220402,경의선,능곡,2672,2701,5373
20220402,경의선,디지털미디어시티,1857,1639,3496
20220402,경의선,문산,4187,4095,8282
20220402,경의선,백마,4239,4068,8307
20220402,경의선,서강대,1575,1664,3239
20220402,경의선,서울역,1194,1372,2566
20220402,경의선,수색,1396,1386,2782
20220402,경의선,신촌,335,328,663
20220402,경의선,야당,5986,5844,11830
20220402,경의선,운정,4643,4298,8941
20220402,경의선,월롱,1785,1419,3204
20220402,경의선,일산,5894,5585,11479
20220402,경의선,임진강,76,51,127
20220402,경의선,탄현,5118,4960,10078
20220402,경의선,파주,885,685,1570
20220402,경의선,풍산,4133,4049,8182
20220402,경의선,행신,5023,5107,10130
20220402,경의선,홍대입구,1832,2384,4216
20220402,경의선,화전,1208,1094,2302
20220402,경의선,효창공원앞,1718,1781,3499
20220402,경인선,간석,4118,3914,8032
20220402,경인선,개봉,15267,14877,30144
20220402,경인선,구일,8397,8641,17038
20220402,경인선,도원,3585,3578,7163
20220402,경인선,도화,3077,2762,5839
20220402,경인선,동암,11527,11624,23151
20220402,경인선,동인천,11551,11321,22872
20220402,경인선,백운,5109,5061,10170
20220402,경인선,부개,5966,5562,11528
20220402,경인선,부천,27489,28169,55658
20220402,경인선,부평,27396,30168,57564
20220402,경인선,소사,7066,6688,13754
20220402,경인선,송내,17060,16669,33729
20220402,경인선,역곡,19439,19008,38447
20220402,경인선,오류동,8556,7821,16377
20220402,경인선,온수,4726,4292,9018
20220402,경인선,인천,4405,3928,8333
20220402,경인선,제물포,7484,7207,14691
20220402,경인선,주안,15199,13104,28303
20220402,경인선,중동,6628,6031,12659
20220402,경춘선,가평,1718,1800,3518
20220402,경춘선,갈매,1875,1597,3472
20220402,경춘선,강촌,719,705,1424
20220402,경춘선,굴봉산,207,242,449
20220402,경춘선,금곡,1144,1059,2203
20220402,경춘선,김유정,520,593,1113
20220402,경춘선,남춘천,3237,3243,6480
20220402,경춘선,대성리,846,979,1825
20220402,경춘선,마석,3045,2978,6023
20220402,경춘선,백양리,104,130,234
20220402,경춘선,별내,2378,2193,4571
20220402,경춘선,사릉,1663,1605,3268
20220402,경춘선,상천,410,382,792
20220402,경춘선,신내,1277,1229,2506
20220402,경춘선,천마산,1364,1400,2764
20220402,경춘선,청평,1760,1682,3442
20220402,경춘선,춘천,1734,1540,3274
20220402,경춘선,퇴계원,2466,2256,4722
20220402,경춘선,평내호평,4460,4293,8753
20220402,공항철도 1호선,검암,4321,4378,8699
20220402,공항철도 1호선,계양,6710,6330,13040
20220402,공항철도 1호선,공덕,1421,2125,3546
20220402,공항철도 1호선,공항화물청사,1228,1299,2527
20220402,공항철도 1호선,김포공항,10540,5446,15986
20220402,공항철도 1호선,디지털미디어시티,4775,4548,9323
20220402,공항철도 1호선,마곡나루,3083,3530,6613
20220402,공항철도 1호선,서울역,6922,7541,14463
20220402,공항철도 1호선,영종,2892,2887,5779
20220402,공항철도 1호선,운서,5915,5962,11877
20220402,공항철도 1호선,인천공항1터미널,4139,3817,7956
20220402,공항철도 1호선,인천공항2터미널,2299,2152,4451
20220402,공항철도 1호선,청라국제도시,4106,3944,8050
20220402,공항철도 1호선,홍대입구,11466,11414,22880
20220402,과천선,경마공원,8886,8990,17876
20220402,과천선,과천,4615,4207,8822
20220402,과천선,대공원,8541,8906,17447
20220402,과천선,범계,19363,18977,38340
20220402,과천선,선바위,5360,4795,10155
20220402,과천선,인덕원,15404,15252,30656
20220402,과천선,정부과천청사,6045,5956,12001
20220402,과천선,평촌,8725,8492,17217
20220402,분당선,가천대,5417,5755,11172
20220402,분당선,강남구청,5302,6498,11800
20220402,분당선,개포동,2654,2667,5321
20220402,분당선,구룡,1519,1400,2919
20220402,분당선,구성,3139,3308,6447
20220402,분당선,기흥,6119,5898,12017
20220402,분당선,대모산입구,2997,2858,5855
20220402,분당선,도곡,4502,4186,8688
20220402,분당선,망포,8744,8041,16785
20220402,분당선,매교,2098,2211,4309
20220402,분당선,매탄권선,3311,3213,6524
20220402,분당선,모란,15673,15977,31650
20220402,분당선,미금,10021,10342,20363
20220402,분당선,보정,1485,1419,2904
20220402,분당선,상갈,3552,3589,7141
20220402,분당선,서울숲,12451,13642,26093
20220402,분당선,서현,18094,18181,36275
20220402,분당선,선릉,4885,7304,12189
20220402,분당선,선정릉,3248,3296,6544
20220402,분당선,수내,8414,7754,16168
20220402,분당선,수서,9584,10177,19761
20220402,분당선,수원,7664,6100,13764
20220402,분당선,수원시청,10430,11189,21619
20220402,분당선,신갈,2603,2623,5226
20220402,분당선,압구정로데오,19379,21738,41117
20220402,분당선,야탑,16665,17519,34184
20220402,분당선,영통,6352,6184,12536
20220402,분당선,오리,7280,6113,13393
20220402,분당선,이매,3936,3925,7861
20220402,분당선,정자,10005,10138,20143
20220402,분당선,죽전,9819,10952,20771
20220402,분당선,청명,2500,2487,4987
20220402,분당선,태평,10309,9624,19933
20220402,분당선,한티,11644,11455,23099
20220402,수인선,고색,2952,3031,5983
20220402,수인선,남동인더스파크,1015,977,1992
20220402,수인선,달월,57,55,112
20220402,수인선,사리,3464,2991,6455
20220402,수인선,소래포구,5942,5973,11915
20220402,수인선,송도,2171,2063,4234
20220402,수인선,숭의,2948,2633,5581
20220402,수인선,신포,1447,1372,2819
20220402,수인선,야목,270,253,523
20220402,수인선,어천,680,577,1257
20220402,수인선,연수,4054,3968,8022
20220402,수인선,오목천,2266,1893,4159
20220402,수인선,원인재,3508,3638,7146
20220402,수인선,월곶,2095,1967,4062
20220402,수인선,인천,1273,2178,3451
20220402,수인선,인천논현,4061,4412,8473
20220402,수인선,인하대,4513,4151,8664
20220402,수인선,호구포,2594,2427,5021
20220402,안산선,고잔,5967,6089,12056
20220402,안산선,대야미,3977,3572,7549
20220402,안산선,반월,3277,2997,6274
20220402,안산선,산본,11825,12643,24468
20220402,안산선,상록수,11823,11851,23674
20220402,안산선,수리산,2863,2576,5439
20220402,안산선,신길온천,1404,1339,2743
20220402,안산선,안산,8720,9046,17766
20220402,안산선,오이도,7268,7434,14702
20220402,안산선,정왕,6156,6093,12249
20220402,안산선,중앙,15227,15806,31033
20220402,안산선,초지,3258,3304,6562
20220402,안산선,한대앞,7246,6898,14144
20220402,우이신설선,4.19민주묘지,2402,2024,4426
20220402,우이신설선,가오리,2996,2715,5711
20220402,우이신설선,보문,1085,1081,2166
20220402,우이신설선,북한산보국문,4808,4235,9043
20220402,우이신설선,북한산우이,3416,3581,6997
20220402,우이신설선,삼양,1504,1485,2989
20220402,우이신설선,삼양사거리,1922,1849,3771
20220402,우이신설선,성신여대입구,2649,3122,5771
20220402,우이신설선,솔밭공원,1785,1735,3520
20220402,우이신설선,솔샘,3763,3301,7064
20220402,우이신설선,신설동,1335,1407,2742
20220402,우이신설선,정릉,3591,2836,6427
20220402,우이신설선,화계,2497,2153,4650
20220402,일산선,대곡,1421,1211,2632
20220402,일산선,대화,8643,7806,16449
20220402,일산선,마두,4776,4808,9584
20220402,일산선,백석,6926,6811,13737
20220402,일산선,삼송,13857,13352,27209
20220402,일산선,원당,7925,7695,15620
20220402,일산선,원흥,7076,6723,13799
20220402,일산선,정발산,6466,6758,13224
20220402,일산선,주엽,6272,6187,12459
20220402,일산선,화정,12257,12521,24778
20220402,장항선,배방,1050,998,2048
20220402,장항선,봉명,683,601,1284
20220402,장항선,신창,1302,1199,2501
20220402,장항선,쌍용,1620,1468,3088
20220402,장항선,아산,2972,2910,5882
20220402,장항선,온양온천,3618,3599,7217
20220402,장항선,탕정,658,562,1220
20220402,중앙선,구리,9900,10115,20015
20220402,중앙선,국수,781,717,1498
20220402,중앙선,덕소,4305,4393,8698
20220402,중앙선,도농,6738,6463,13201
20220402,중앙선,도심,1573,1262,2835
20220402,중앙선,망우,6754,6329,13083
20220402,중앙선,상봉,4830,4694,9524
20220402,중앙선,신원,366,322,688
20220402,중앙선,아신,586,588,1174
20220402,중앙선,양수,2298,2248,4546
20220402,중앙선,양원,1877,1771,3648
20220402,중앙선,양정,576,472,1048
20220402,중앙선,양평,2566,2697,5263
20220402,중앙선,오빈,293,313,606
20220402,중앙선,용문,1944,2147,4091
20220402,중앙선,운길산,1481,1416,2897
20220402,중앙선,원덕,667,597,1264
20220402,중앙선,중랑,4279,4118,8397
20220402,중앙선,지평,48,82,130
20220402,중앙선,팔당,1421,1657,3078
20220402,중앙선,회기,20428,19552,39980
20220403,1호선,동대문,9068,9490,18558
20220403,1호선,동묘앞,12534,12714,25248
20220403,1호선,서울역,26207,23197,49404
20220403,1호선,시청,7388,6932,14320
20220403,1호선,신설동,7250,7463,14713
20220403,1호선,제기동,9644,10281,19925
20220403,1호선,종각,12019,9990,22009
20220403,1호선,종로3가,13697,11841,25538
20220403,1호선,종로5가,8896,9043,17939
20220403,1호선,청량리,12393,12134,24527
20220403,2호선,강남,31960,31026,62986
20220403,2호선,강변,19907,19983,39890
20220403,2호선,건대입구,27795,27723,55518
20220403,2호선,교대,9968,10799,20767
20220403,2호선,구로디지털단지,22390,21986,44376
20220403,2호선,구의,10806,10908,21714
20220403,2호선,낙성대,15270,15996,31266
20220403,2호선,당산,8875,9229,18104
20220403,2호선,대림,13285,13546,26831
20220403,2호선,도림천,467,496,963
20220403,2호선,동대문역사문화공원,8011,9816,17827
20220403,2호선,뚝섬,12845,12528,25373
20220403,2호선,문래,7986,8340,16326
20220403,2호선,방배,6342,6761,13103
20220403,2호선,봉천,11494,11170,22664
20220403,2호선,사당,20116,22898,43014
20220403,2호선,삼성,18282,17260,35542
20220403,2호선,상왕십리,6534,6578,13112
20220403,2호선,서울대입구,26062,27064,53126
20220403,2호선,서초,11096,10244,21340
20220403,2호선,선릉,12535,10762,23297
20220403,2호선,성수,14398,15867,30265
20220403,2호선,시청,5604,4753,10357
20220403,2호선,신답,815,871,1686
20220403,2호선,신당,7838,8461,16299
20220403,2호선,신대방,14477,14422,28899
20220403,2호선,신도림,25731,26436,52167
20220403,2호선,신림,35450,35340,70790
20220403,2호선,신설동,3259,1748,5007
20220403,2호선,신정네거리,4874,4988,9862
20220403,2호선,신촌,20966,20281,41247
20220403,2호선,아현,4962,4893,9855
20220403,2호선,양천구청,3079,3164,6243
20220403,2호선,역삼,10138,11147,21285
20220403,2호선,영등포구청,7922,8373,16295
20220403,2호선,왕십리,9506,8434,17940
20220403,2호선,용답,1838,2029,3867
20220403,2호선,용두,1144,1132,2276
20220403,2호선,을지로3가,7842,7015,14857
20220403,2호선,을지로4가,3361,3306,6667
20220403,2호선,을지로입구,14403,13186,27589
20220403,2호선,이대,6775,7428,14203
20220403,2호선,잠실,58223,54111,112334
20220403,2호선,잠실나루,4889,5146,10035
20220403,2호선,잠실새내,11472,11434,22906
20220403,2호선,종합운동장,11513,12465,23978
20220403,2호선,충정로,3410,3654,7064
20220403,2호선,한양대,2594,3096,5690
20220403,2호선,합정,19254,20673,39927
20220403,2호선,홍대입구,46727,45690,92417
20220403,3호선,가락시장,3439,3765,7204
20220403,3호선,경복궁,14802,15020,29822
20220403,3호선,경찰병원,2438,2485,4923
20220403,3호선,고속터미널,38338,36068,74406
20220403,3호선,교대,4090,2490,6580
20220403,3호선,구파발,10455,10997,21452
20220403,3호선,금호,4052,3839,7891
20220403,3호선,남부터미널,13241,13836,27077
20220403,3호선,녹번,6829,6334,13163
20220403,3호선,대청,3932,3837,7769
20220403,3호선,대치,5645,5009,10654
20220403,3호선,도곡,1889,2073,3962
20220403,3호선,독립문,4368,5265,9633
20220403,3호선,동대입구,5279,5789,11068
20220403,3호선,매봉,3893,3895,7788
20220403,3호선,무악재,1763,1951,3714
20220403,3호선,불광,9157,10345,19502
20220403,3호선,수서,9878,9787,19665
20220403,3호선,신사,13653,13604,27257
20220403,3호선,안국,13524,15149,28673
20220403,3호선,압구정,12539,12846,25385
20220403,3호선,약수,6226,6218,12444
20220403,3호선,양재,12853,14614,27467
20220403,3호선,연신내,20111,19078,39189
20220403,3호선,오금,2529,2482,5011
20220403,3호선,옥수,5017,5139,10156
20220403,3호선,을지로3가,2978,2837,5815
20220403,3호선,일원,3297,3528,6825
20220403,3호선,잠원,2246,2187,4433
20220403,3호선,종로3가,3972,4890,8862
20220403,3호선,지축,2275,2126,4401
20220403,3호선,충무로,2,0,2
20220403,3호선,학여울,876,869,1745
20220403,3호선,홍제,8967,8634,17601
20220403,4호선,길음,9525,9472,18997
20220403,4호선,남태령,734,481,1215
20220403,4호선,노원,11223,12256,23479
20220403,4호선,당고개,5832,5567,11399
20220403,4호선,동대문,7329,7830,15159
20220403,4호선,동대문역사문화공원,8879,8282,17161
20220403,4호선,동작,1597,1620,3217
20220403,4호선,명동,11257,11153,22410
20220403,4호선,미아,7551,7245,14796
20220403,4호선,미아사거리,15181,14677,29858
20220403,4호선,사당,14465,12985,27450
20220403,4호선,삼각지,2474,3239,5713
20220403,4호선,상계,10173,9666,19839
20220403,4호선,서울역,4043,9384,13427
20220403,4호선,성신여대입구,12090,11675,23765
20220403,4호선,수유,19138,18599,37737
20220403,4호선,숙대입구,6792,6502,13294
20220403,4호선,신용산,7455,7430,14885
20220403,4호선,쌍문,14939,13506,28445
20220403,4호선,이촌,4562,5158,9720
20220403,4호선,창동,14406,15097,29503
20220403,4호선,총신대입구,9579,10362,19941
20220403,4호선,충무로,8669,8513,17182
20220403,4호선,한성대입구,7239,7372,14611
20220403,4호선,혜화,21224,21656,42880
20220403,4호선,회현,8334,8778,17112
20220403,5호선,강동,8534,8506,17040
20220403,5호선,강일,2010,1994,4004
20220403,5호선,개롱,2812,3150,5962
20220403,5호선,개화산,2724,2707,5431
20220403,5호선,거여,4203,4121,8324
20220403,5호선,고덕,4189,4243,8432
20220403,5호선,공덕,4499,4449,8948
20220403,5호선,광나루,7625,7571,15196
20220403,5호선,광화문,10738,10539,21277
20220403,5호선,군자,5781,6387,12168
20220403,5호선,굽은다리,4900,4572,9472
20220403,5호선,길동,3866,3867,7733
20220403,5호선,김포공항,6614,6306,12920
20220403,5호선,까치산,14888,14429,29317
20220403,5호선,답십리,7056,6506,13562
20220403,5호선,동대문역사문화공원,672,771,1443
20220403,5호선,둔촌동,4297,4227,8524
20220403,5호선,마곡,3350,3604,6954
20220403,5호선,마장,2762,2616,5378
20220403,5호선,마천,3439,3677,7116
20220403,5호선,마포,4703,4742,9445
20220403,5호선,명일,4685,4674,9359
20220403,5호선,목동,7113,7412,14525
20220403,5호선,미사,8449,8184,16633
20220403,5호선,발산,8800,9064,17864
20220403,5호선,방이,3707,3559,7266
20220403,5호선,방화,3393,3446,6839
20220403,5호선,상일동,5994,5885,11879
20220403,5호선,서대문,4781,4751,9532
20220403,5호선,송정,3517,3421,6938
20220403,5호선,신금호,2745,3005,5750
20220403,5호선,신길,1889,2139,4028
20220403,5호선,신정,6053,5590,11643
20220403,5호선,아차산,11690,11840,23530
20220403,5호선,애오개,2541,2588,5129
20220403,5호선,양평,2473,2525,4998
20220403,5호선,여의나루,21355,23226,44581
20220403,5호선,여의도,9739,9741,19480
20220403,5호선,영등포구청,1313,1316,2629
20220403,5호선,영등포시장,5102,5366,10468
20220403,5호선,오금,1471,1413,2884
20220403,5호선,오목교,10887,11169,22056
20220403,5호선,올림픽공원,2344,2156,4500
20220403,5호선,왕십리,2474,2945,5419
20220403,5호선,우장산,6398,6564,12962
20220403,5호선,을지로4가,1644,1599,3243
20220403,5호선,장한평,7292,7267,14559
20220403,5호선,종로3가,9029,7704,16733
20220403,5호선,천호,12160,11116,23276
20220403,5호선,청구,1722,1546,3268
20220403,5호선,충정로,1375,1316,2691
20220403,5호선,하남검단산,4228,4272,8500
20220403,5호선,하남시청,3899,3637,7536
20220403,5호선,하남풍산,2077,2139,4216
20220403,5호선,행당,3622,3333,6955
20220403,5호선,화곡,13585,13079,26664
20220403,6호선,고려대,4028,4171,8199
20220403,6호선,공덕,6522,6121,12643
20220403,6호선,광흥창,3780,3687,7467
20220403,6호선,구산,3703,2723,6426
20220403,6호선,녹사평,3805,3604,7409
20220403,6호선,대흥,3720,3840,7560
20220403,6호선,독바위,1447,1861,3308
20220403,6호선,돌곶이,4935,4822,9757
20220403,6호선,동묘앞,5950,5652,11602
20220403,6호선,디지털미디어시티,4764,5104,9868
20220403,6호선,마포구청,6532,5919,12451
20220403,6호선,망원,9635,10188,19823
20220403,6호선,버티고개,1003,1034,2037
20220403,6호선,보문,3802,3659,7461
20220403,6호선,봉화산,3738,3627,7365
20220403,6호선,불광,2806,2564,5370
20220403,6호선,삼각지,3678,2849,6527
20220403,6호선,상수,6043,6748,12791
20220403,6호선,상월곡,3165,2878,6043
20220403,6호선,새절,5984,5914,11898
20220403,6호선,석계,6132,6441,12573
20220403,6호선,신당,4788,5126,9914
20220403,6호선,안암,5513,6230,11743
20220403,6호선,약수,1555,1483,3038
20220403,6호선,역촌,1810,2123,3933
20220403,6호선,월곡,5125,5196,10321
20220403,6호선,월드컵경기장,3965,3939,7904
20220403,6호선,응암,8873,9059,17932
20220403,6호선,이태원,9646,8754,18400
20220403,6호선,증산,5199,5375,10574
20220403,6호선,창신,1551,1420,2971
20220403,6호선,청구,1576,1614,3190
20220403,6호선,태릉입구,2937,3231,6168
20220403,6호선,한강진,6088,7131,13219
20220403,6호선,합정,9045,8248,17293
20220403,6호선,화랑대,4817,4275,9092
20220403,6호선,효창공원앞,3280,2921,6201
20220403,7호선,가산디지털단지,9827,9178,19005
20220403,7호선,강남구청,5236,5651,10887
20220403,7호선,건대입구,7734,8277,16011
20220403,7호선,고속터미널,11918,7373,19291
20220403,7호선,공릉,6068,6203,12271
20220403,7호선,광명사거리,11779,11744,23523
20220403,7호선,군자,7460,5836,13296
20220403,7호선,남구로,5929,5724,11653
20220403,7호선,남성,5052,4918,9970
20220403,7호선,내방,4682,4894,9576
20220403,7호선,노원,10471,10390,20861
20220403,7호선,논현,5736,5963,11699
20220403,7호선,대림,5911,5623,11534
20220403,7호선,도봉산,5443,7995,13438
20220403,7호선,뚝섬유원지,11864,11481,23345
20220403,7호선,마들,5656,5170,10826
20220403,7호선,먹골,5230,5002,10232
20220403,7호선,면목,7463,7377,14840
20220403,7호선,반포,2749,2823,5572
20220403,7호선,보라매,4495,4353,8848
20220403,7호선,사가정,8429,8210,16639
20220403,7호선,상도,5082,5237,10319
20220403,7호선,상봉,8830,8411,17241
20220403,7호선,수락산,7965,7849,15814
20220403,7호선,숭실대입구,5309,5828,11137
20220403,7호선,신대방삼거리,7498,7296,14794
20220403,7호선,신풍,5431,5217,10648
20220403,7호선,어린이대공원,9087,9619,18706
20220403,7호선,온수,3708,3769,7477
20220403,7호선,용마산,3307,3654,6961
20220403,7호선,이수,7721,7224,14945
20220403,7호선,장승배기,4147,4105,8252
20220403,7호선,장암,1380,961,2341
20220403,7호선,중계,6278,5981,12259
20220403,7호선,중곡,4955,4901,9856
20220403,7호선,중화,5371,5232,10603
20220403,7호선,천왕,4578,4381,8959
20220403,7호선,철산,9473,9593,19066
20220403,7호선,청담,6164,6770,12934
20220403,7호선,태릉입구,4627,4517,9144
20220403,7호선,하계,8547,8101,16648
20220403,7호선,학동,5648,6114,11762
20220403,8호선,가락시장,2967,3748,6715
20220403,8호선,강동구청,4232,4325,8557
20220403,8호선,남위례,2258,2271,4529
20220403,8호선,남한산성입구,6596,6214,12810
20220403,8호선,단대오거리,5330,5273,10603
20220403,8호선,모란,2623,2230,4853
20220403,8호선,몽촌토성,3652,3536,7188
20220403,8호선,문정,5399,5679,11078
20220403,8호선,복정,4252,3930,8182
20220403,8호선,산성,2935,3131,6066
20220403,8호선,석촌,4567,6226,10793
20220403,8호선,송파,3525,3634,7159
20220403,8호선,수진,2980,2646,5626
20220403,8호선,신흥,2464,2690,5154
20220403,8호선,암사,8386,8016,16402
20220403,8호선,잠실,11559,12496,24055
20220403,8호선,장지,8295,8690,16985
20220403,8호선,천호,8419,9667,18086
20220403,9호선,가양,9746,9640,19386
20220403,9호선,개화,1021,1061,2082
20220403,9호선,고속터미널,10245,13877,24122
20220403,9호선,공항시장,1711,1846,3557
20220403,9호선,구반포,475,477,952
20220403,9호선,국회의사당,5128,4981,10109
20220403,9호선,김포공항,6715,10614,17329
20220403,9호선,노들,2541,2308,4849
20220403,9호선,노량진,13903,14856,28759
20220403,9호선,당산,8594,8535,17129
20220403,9호선,동작,1561,1262,2823
20220403,9호선,등촌,4812,4817,9629
20220403,9호선,마곡나루,5546,5576,11122
20220403,9호선,사평,1418,1516,2934
20220403,9호선,샛강,1828,1608,3436
20220403,9호선,선유도,2982,2997,5979
20220403,9호선,신논현,14579,13765,28344
20220403,9호선,신목동,1688,1542,3230
20220403,9호선,신반포,1818,1971,3789
20220403,9호선,신방화,3371,3246,6617
20220403,9호선,양천향교,3923,4164,8087
20220403,9호선,여의도,10303,9249,19552
20220403,9호선,염창,8086,7906,15992
20220403,9호선,증미,2794,2826,5620
20220403,9호선,흑석,4219,4334,8553
20220403,9호선2~3단계,둔촌오륜,446,493,939
20220403,9호선2~3단계,봉은사,6816,6902,13718
20220403,9호선2~3단계,삼성중앙,1772,1999,3771
20220403,9호선2~3단계,삼전,3441,3285,6726
20220403,9호선2~3단계,석촌,5177,4733,9910
20220403,9호선2~3단계,석촌고분,3051,2970,6021
20220403,9호선2~3단계,선정릉,2709,3045,5754
20220403,9호선2~3단계,송파나루,3479,3698,7177
20220403,9호선2~3단계,언주,3143,3233,6376
20220403,9호선2~3단계,올림픽공원,4105,4534,8639
20220403,9호선2~3단계,종합운동장,2773,2434,5207
20220403,9호선2~3단계,중앙보훈병원,3245,3125,6370
20220403,9호선2~3단계,한성백제,1606,1305,2911
20220403,경강선,경기광주,3754,3586,7340
20220403,경강선,곤지암,1398,1599,2997
20220403,경강선,부발,1418,2075,3493
20220403,경강선,삼동,1017,925,1942
20220403,경강선,세종대왕릉,268,289,557
20220403,경강선,신둔도예촌,972,998,1970
20220403,경강선,여주,2074,2115,4189
20220403,경강선,이매,582,439,1021
20220403,경강선,이천,1954,2245,4199
20220403,경강선,초월,1488,1528,3016
20220403,경강선,판교,2384,2201,4585
20220403,경부선,가산디지털단지,4375,6123,10498
20220403,경부선,관악,4491,4055,8546
20220403,경부선,광명,2519,1909,4428
20220403,경부선,구로,8505,8659,17164
20220403,경부선,군포,2781,2613,5394
20220403,경부선,금정,13156,13385,26541
20220403,경부선,금천구청,5870,5835,11705
20220403,경부선,남영,3875,4239,8114
20220403,경부선,노량진,5313,5143,10456
20220403,경부선,당정,2862,2833,5695
20220403,경부선,대방,5512,5760,11272
20220403,경부선,독산,5837,5888,11725
20220403,경부선,두정,4243,5521,9764
20220403,경부선,명학,3045,2921,5966
20220403,경부선,병점,8812,9406,18218
20220403,경부선,서동탄,728,761,1489
20220403,경부선,서울역,7751,1591,9342
20220403,경부선,서정리,4155,5967,10122
20220403,경부선,석수,4848,4539,9387
20220403,경부선,성균관대,7026,7586,14612
20220403,경부선,성환,2291,3050,5341
20220403,경부선,세류,1873,1780,3653
20220403,경부선,세마,1593,1492,3085
20220403,경부선,송탄,3497,4289,7786
20220403,경부선,수원,31175,30116,61291
20220403,경부선,신길,4586,4184,8770
20220403,경부선,신도림,2308,2299,4607
20220403,경부선,안양,12720,12162,24882
20220403,경부선,영등포,30520,29333,59853
20220403,경부선,오산,7512,7839,15351
20220403,경부선,오산대,2081,1998,4079
20220403,경부선,용산,29635,26215,55850
20220403,경부선,의왕,4109,4122,8231
20220403,경부선,직산,555,597,1152
20220403,경부선,진위,867,882,1749
20220403,경부선,천안,5726,5842,11568
20220403,경부선,평택,10620,11448,22068
20220403,경부선,평택지제,2480,2251,4731
20220403,경부선,화서,3953,3878,7831
20220403,경원선,가능,3810,3674,7484
20220403,경원선,광운대,3939,4187,8126
20220403,경원선,녹양,2884,2666,5550
20220403,경원선,녹천,2437,2073,4510
20220403,경원선,덕계,1762,1763,3525
20220403,경원선,덕정,3175,3368,6543
20220403,경원선,도봉,3355,3089,6444
20220403,경원선,도봉산,9334,6521,15855
20220403,경원선,동두천,1340,1725,3065
20220403,경원선,동두천중앙,2035,1929,3964
20220403,경원선,망월사,4550,4656,9206
20220403,경원선,방학,5657,5348,11005
20220403,경원선,보산,1121,1173,2294
20220403,경원선,서빙고,1331,1340,2671
20220403,경원선,석계,4632,5024,9656
20220403,경원선,소요산,4117,3601,7718
20220403,경원선,신이문,4445,4322,8767
20220403,경원선,양주,4879,4664,9543
20220403,경원선,옥수,41,18,59
20220403,경원선,왕십리,9389,10479,19868
20220403,경원선,외대앞,4690,4832,9522
20220403,경원선,월계,3662,3405,7067
20220403,경원선,응봉,2360,3447,5807
20220403,경원선,의정부,13218,13494,26712
20220403,경원선,이촌,2206,1696,3902
20220403,경원선,지행,4169,4025,8194
20220403,경원선,청량리,13207,12511,25718
20220403,경원선,한남,1862,1753,3615
20220403,경원선,회룡,7158,7126,14284
20220403,경의선,가좌,2579,2611,5190
20220403,경의선,강매,1423,1355,2778
20220403,경의선,곡산,315,359,674
20220403,경의선,공덕,1691,1333,3024
20220403,경의선,금릉,2795,2743,5538
20220403,경의선,금촌,4003,4208,8211
20220403,경의선,능곡,2128,2120,4248
20220403,경의선,디지털미디어시티,1333,1234,2567
20220403,경의선,문산,3460,3375,6835
20220403,경의선,백마,3439,3296,6735
20220403,경의선,서강대,1289,1255,2544
20220403,경의선,서울역,982,913,1895
20220403,경의선,수색,848,918,1766
20220403,경의선,신촌,238,234,472
20220403,경의선,야당,4747,4508,9255
20220403,경의선,운정,3547,3356,6903
20220403,경의선,월롱,997,2141,3138
20220403,경의선,일산,5801,5499,11300
20220403,경의선,임진강,59,47,106
20220403,경의선,탄현,4088,3638,7726
20220403,경의선,파주,680,642,1322
20220403,경의선,풍산,3398,3192,6590
20220403,경의선,행신,4254,3934,8188
20220403,경의선,홍대입구,1505,1820,3325
20220403,경의선,화전,864,964,1828
20220403,경의선,효창공원앞,1227,1490,2717
20220403,경인선,간석,2964,2852,5816
20220403,경인선,개봉,10720,10508,21228
20220403,경인선,구일,5825,5967,11792
20220403,경인선,도원,1498,1554,3052
20220403,경인선,도화,2344,2218,4562
20220403,경인선,동암,9056,8748,17804
20220403,경인선,동인천,9014,8730,17744
20220403,경인선,백운,3620,3677,7297
20220403,경인선,부개,4383,4186,8569
20220403,경인선,부천,20982,20600,41582
20220403,경인선,부평,21448,21606,43054
20220403,경인선,소사,5223,4917,10140
20220403,경인선,송내,12236,11689,23925
20220403,경인선,역곡,13620,13612,27232
20220403,경인선,오류동,6533,6351,12884
20220403,경인선,온수,3539,3318,6857
20220403,경인선,인천,4196,3570,7766
20220403,경인선,제물포,5239,5076,10315
20220403,경인선,주안,10971,9868,20839
20220403,경인선,중동,4709,4419,9128
20220403,경춘선,가평,1650,1398,3048
20220403,경춘선,갈매,1446,1261,2707
20220403,경춘선,강촌,686,624,1310
20220403,경춘선,굴봉산,221,219,440
20220403,경춘선,금곡,996,911,1907
20220403,경춘선,김유정,474,430,904
20220403,경춘선,남춘천,2067,2691,4758
20220403,경춘선,대성리,1009,556,1565
20220403,경춘선,마석,3049,2997,6046
20220403,경춘선,백양리,112,84,196
20220403,경춘선,별내,1795,1586,3381
20220403,경춘선,사릉,1367,1349,2716
20220403,경춘선,상천,394,288,682
20220403,경춘선,신내,970,996,1966
20220403,경춘선,천마산,1153,1099,2252
20220403,경춘선,청평,1559,1191,2750
20220403,경춘선,춘천,1537,1457,2994
20220403,경춘선,퇴계원,1985,1807,3792
20220403,경춘선,평내호평,3546,3381,6927
20220403,공항철도 1호선,검암,3384,3505,6889
20220403,공항철도 1호선,계양,5039,4871,9910
20220403,공항철도 1호선,공덕,1075,1519,2594
20220403,공항철도 1호선,공항화물청사,971,1046,2017
20220403,공항철도 1호선,김포공항,11552,5724,17276
20220403,공항철도 1호선,디지털미디어시티,3295,3344,6639
20220403,공항철도 1호선,마곡나루,2373,2589,4962
20220403,공항철도 1호선,서울역,7530,6816,14346
20220403,공항철도 1호선,영종,2348,2336,4684
20220403,공항철도 1호선,운서,4928,5176,10104
20220403,공항철도 1호선,인천공항1터미널,4082,3844,7926
20220403,공항철도 1호선,인천공항2터미널,2155,1921,4076
20220403,공항철도 1호선,청라국제도시,3108,3014,6122
20220403,공항철도 1호선,홍대입구,9530,8840,18370
20220403,과천선,경마공원,9917,10066,19983
20220403,과천선,과천,3367,3197,6564
20220403,과천선,대공원,7143,7292,14435
20220403,과천선,범계,13759,13263,27022
20220403,과천선,선바위,4104,3780,7884
20220403,과천선,인덕원,11391,11386,22777
20220403,과천선,정부과천청사,4243,4305,8548
20220403,과천선,평촌,5680,5532,11212
20220403,분당선,가천대,3774,4679,8453
20220403,분당선,강남구청,2957,3569,6526
20220403,분당선,개포동,1947,1935,3882
20220403,분당선,구룡,768,836,1604
20220403,분당선,구성,2245,2445,4690
20220403,분당선,기흥,4703,4309,9012
20220403,분당선,대모산입구,2035,1906,3941
20220403,분당선,도곡,2708,2595,5303
20220403,분당선,망포,5814,5994,11808
20220403,분당선,매교,1339,1383,2722
20220403,분당선,매탄권선,2281,2304,4585
20220403,분당선,모란,10693,10989,21682
20220403,분당선,미금,6747,7258,14005
20220403,분당선,보정,1070,990,2060
20220403,분당선,상갈,2566,2593,5159
20220403,분당선,서울숲,10139,10714,20853
20220403,분당선,서현,13588,13291,26879
20220403,분당선,선릉,2702,4055,6757
20220403,분당선,선정릉,1903,1954,3857
20220403,분당선,수내,5607,5402,11009
20220403,분당선,수서,8356,7521,15877
20220403,분당선,수원,5701,4500,10201
20220403,분당선,수원시청,6877,6731,13608
20220403,분당선,신갈,1802,1955,3757
20220403,분당선,압구정로데오,10417,11226,21643
20220403,분당선,야탑,12752,12994,25746
20220403,분당선,영통,4630,4583,9213
20220403,분당선,오리,4983,4394,9377
20220403,분당선,이매,2854,3035,5889
20220403,분당선,정자,6844,7203,14047
20220403,분당선,죽전,7394,8275,15669
20220403,분당선,청명,1809,1918,3727
20220403,분당선,태평,7647,7220,14867
20220403,분당선,한티,7921,7731,15652
20220403,수인선,고색,2087,2190,4277
20220403,수인선,남동인더스파크,549,576,1125
20220403,수인선,달월,56,68,124
20220403,수인선,사리,2513,2173,4686
20220403,수인선,소래포구,5052,4880,9932
20220403,수인선,송도,1447,1387,2834
20220403,수인선,숭의,1901,1742,3643
20220403,수인선,신포,1166,1101,2267
20220403,수인선,야목,228,181,409
20220403,수인선,어천,501,649,1150
20220403,수인선,연수,3055,3007,6062
20220403,수인선,오목천,1420,1387,2807
20220403,수인선,원인재,2732,2900,5632
20220403,수인선,월곶,1616,1524,3140
20220403,수인선,인천,1029,1653,2682
20220403,수인선,인천논현,2713,2792,5505
20220403,수인선,인하대,3262,3165,6427
20220403,수인선,호구포,1884,1973,3857
20220403,안산선,고잔,4311,4135,8446
20220403,안산선,대야미,3156,2845,6001
20220403,안산선,반월,2309,2369,4678
20220403,안산선,산본,8571,9158,17729
20220403,안산선,상록수,8658,8536,17194
20220403,안산선,수리산,2086,2079,4165
20220403,안산선,신길온천,1087,1030,2117
20220403,안산선,안산,8747,8058,16805
20220403,안산선,오이도,5621,5466,11087
20220403,안산선,정왕,4981,5538,10519
20220403,안산선,중앙,10992,10898,21890
20220403,안산선,초지,2230,2211,4441
20220403,안산선,한대앞,5185,5306,10491
20220403,우이신설선,4.19민주묘지,2186,1828,4014
20220403,우이신설선,가오리,2260,2098,4358
20220403,우이신설선,보문,947,944,1891
20220403,우이신설선,북한산보국문,3824,3487,7311
20220403,우이신설선,북한산우이,3320,3561,6881
20220403,우이신설선,삼양,1158,1189,2347
20220403,우이신설선,삼양사거리,1378,1406,2784
20220403,우이신설선,성신여대입구,2129,2326,4455
20220403,우이신설선,솔밭공원,1345,1335,2680
20220403,우이신설선,솔샘,2677,2586,5263
20220403,우이신설선,신설동,1172,1185,2357
20220403,우이신설선,정릉,2638,2214,4852
20220403,우이신설선,화계,1932,1846,3778
20220403,일산선,대곡,1058,932,1990
20220403,일산선,대화,5621,5077,10698
20220403,일산선,마두,3144,3174,6318
20220403,일산선,백석,5062,5080,10142
20220403,일산선,삼송,10360,10133,20493
20220403,일산선,원당,5981,5657,11638
20220403,일산선,원흥,5215,5020,10235
20220403,일산선,정발산,5337,5278,10615
20220403,일산선,주엽,4437,4232,8669
20220403,일산선,화정,8905,8929,17834
20220403,장항선,배방,802,954,1756
20220403,장항선,봉명,558,526,1084
20220403,장항선,신창,1087,2084,3171
20220403,장항선,쌍용,1163,1433,2596
20220403,장항선,아산,3922,2431,6353
20220403,장항선,온양온천,3278,3153,6431
20220403,장항선,탕정,404,512,916
20220403,중앙선,구리,7276,7570,14846
20220403,중앙선,국수,689,622,1311
20220403,중앙선,덕소,3247,3241,6488
20220403,중앙선,도농,4830,4875,9705
20220403,중앙선,도심,1279,1148,2427
20220403,중앙선,망우,4741,4745,9486
20220403,중앙선,상봉,3614,3711,7325
20220403,중앙선,신원,345,183,528
20220403,중앙선,아신,560,501,1061
20220403,중앙선,양수,1866,1711,3577
20220403,중앙선,양원,1383,1394,2777
20220403,중앙선,양정,523,410,933
20220403,중앙선,양평,4144,3882,8026
20220403,중앙선,오빈,250,245,495
20220403,중앙선,용문,2059,1651,3710
20220403,중앙선,운길산,1472,1367,2839
20220403,중앙선,원덕,535,626,1161
20220403,중앙선,중랑,3287,3206,6493
20220403,중앙선,지평,69,64,133
20220403,중앙선,팔당,1472,1541,3013
20220403,중앙선,회기,15455,15679,31134
20220409,1호선,동대문,10425,10411,20836
20220409,1호선,동묘앞,11221,11546,22767
20220409,1호선,서울역,32255,33153,65408
20220409,1호선,시청,12553,12756,25309
20220409,1호선,신설동,9780,9204,18984
20220409,1호선,제기동,14786,15192,29978
20220409,1호선,종각,18881,17110,35991
20220409,1호선,종로3가,22605,20361,42966
20220409,1호선,종로5가,18465,18779,37244
20220409,1호선,청량리,17889,17559,35448
20220409,2호선,강남,58449,61047,119496
20220409,2호선,강변,28111,27777,55888
20220409,2호선,건대입구,39289,42217,81506
20220409,2호선,교대,17414,19592,37006
20220409,2호선,구로디지털단지,33760,32943,66703
20220409,2호선,구의,16851,16162,33013
20220409,2호선,낙성대,22266,20461,42727
20220409,2호선,당산,15065,15560,30625
20220409,2호선,대림,17548,18314,35862
20220409,2호선,도림천,1424,1696,3120
20220409,2호선,동대문역사문화공원,10219,12072,22291
20220409,2호선,뚝섬,22743,21441,44184
20220409,2호선,문래,13132,13703,26835
20220409,2호선,방배,9903,10039,19942
20220409,2호선,봉천,17391,15604,32995
20220409,2호선,사당,31337,35302,66639
20220409,2호선,삼성,26822,27171,53993
20220409,2호선,상왕십리,10095,9320,19415
20220409,2호선,서울대입구,38471,37123,75594
20220409,2호선,서초,11793,9402,21195
20220409,2호선,선릉,23688,21111,44799
20220409,2호선,성수,21902,24339,46241
20220409,2호선,시청,9748,8704,18452
20220409,2호선,신답,1149,1158,2307
20220409,2호선,신당,11141,11819,22960
20220409,2호선,신대방,21459,20581,42040
20220409,2호선,신도림,40620,41887,82507
20220409,2호선,신림,51066,47976,99042
20220409,2호선,신설동,3557,1815,5372
20220409,2호선,신정네거리,7387,7265,14652
20220409,2호선,신촌,30238,29869,60107
20220409,2호선,아현,7577,6933,14510
20220409,2호선,양천구청,4570,4385,8955
20220409,2호선,역삼,17561,19532,37093
20220409,2호선,영등포구청,13053,13349,26402
20220409,2호선,왕십리,14041,12174,26215
20220409,2호선,용답,2451,2236,4687
20220409,2호선,용두,1711,1755,3466
20220409,2호선,을지로3가,11306,11432,22738
20220409,2호선,을지로4가,7280,7662,14942
20220409,2호선,을지로입구,21288,21600,42888
20220409,2호선,이대,10623,10853,21476
20220409,2호선,잠실,122543,118237,240780
20220409,2호선,잠실나루,8542,8365,16907
20220409,2호선,잠실새내,19798,19840,39638
20220409,2호선,종합운동장,13073,14357,27430
20220409,2호선,충정로,5729,6170,11899
20220409,2호선,한양대,5402,5600,11002
20220409,2호선,합정,28550,32654,61204
20220409,2호선,홍대입구,61157,68056,129213
20220409,3호선,가락시장,6236,5890,12126
20220409,3호선,경복궁,20127,21733,41860
20220409,3호선,경찰병원,4036,3853,7889
20220409,3호선,고속터미널,49165,48018,97183
20220409,3호선,교대,7128,4275,11403
20220409,3호선,구파발,15089,14831,29920
20220409,3호선,금호,5946,5316,11262
20220409,3호선,남부터미널,20887,20315,41202
20220409,3호선,녹번,10162,8685,18847
20220409,3호선,대청,6094,5650,11744
20220409,3호선,대치,9115,8240,17355
20220409,3호선,도곡,3966,4880,8846
20220409,3호선,독립문,6346,7323,13669
20220409,3호선,동대입구,8078,9277,17355
20220409,3호선,매봉,7953,7465,15418
20220409,3호선,무악재,2723,2900,5623
20220409,3호선,불광,12563,14050,26613
20220409,3호선,수서,13994,13896,27890
20220409,3호선,신사,24423,26450,50873
20220409,3호선,안국,19703,22924,42627
20220409,3호선,압구정,23373,24934,48307
20220409,3호선,약수,9012,8516,17528
20220409,3호선,양재,21294,22880,44174
20220409,3호선,연신내,29523,27923,57446
20220409,3호선,오금,4119,3938,8057
20220409,3호선,옥수,7465,7387,14852
20220409,3호선,을지로3가,5184,5606,10790
20220409,3호선,일원,4901,4749,9650
20220409,3호선,잠원,3904,3676,7580
20220409,3호선,종로3가,5930,8018,13948
20220409,3호선,지축,3528,3193,6721
20220409,3호선,충무로,2,0,2
20220409,3호선,학여울,3080,3411,6491
20220409,3호선,홍제,13457,12541,25998
20220409,4호선,길음,14743,13697,28440
20220409,4호선,남태령,1262,672,1934
20220409,4호선,노원,15907,17285,33192
20220409,4호선,당고개,7660,7128,14788
20220409,4호선,동대문,13311,13557,26868
20220409,4호선,동대문역사문화공원,11289,10220,21509
20220409,4호선,동작,2948,3676,6624
20220409,4호선,명동,16039,18808,34847
20220409,4호선,미아,10669,9873,20542
20220409,4호선,미아사거리,22001,20906,42907
20220409,4호선,사당,22445,19041,41486
20220409,4호선,삼각지,3404,4712,8116
20220409,4호선,상계,14430,13413,27843
20220409,4호선,서울역,5808,13626,19434
20220409,4호선,성신여대입구,16696,15416,32112
20220409,4호선,수유,27098,26194,53292
20220409,4호선,숙대입구,9104,8576,17680
20220409,4호선,신용산,9633,10741,20374
20220409,4호선,쌍문,22038,19266,41304
20220409,4호선,이촌,7214,8010,15224
20220409,4호선,창동,19832,19988,39820
20220409,4호선,총신대입구,14389,15498,29887
20220409,4호선,충무로,15548,15886,31434
20220409,4호선,한성대입구,10673,10715,21388
20220409,4호선,혜화,26538,27882,54420
20220409,4호선,회현,18588,20434,39022
20220409,5호선,강동,13322,12406,25728
20220409,5호선,강일,3036,2602,5638
20220409,5호선,개롱,4213,4438,8651
20220409,5호선,개화산,3880,3706,7586
20220409,5호선,거여,6260,6043,12303
20220409,5호선,고덕,6525,6255,12780
20220409,5호선,공덕,8285,8917,17202
20220409,5호선,광나루,11291,10574,21865
20220409,5호선,광화문,17929,18197,36126
20220409,5호선,군자,8869,9568,18437
20220409,5호선,굽은다리,7180,6585,13765
20220409,5호선,길동,6081,6128,12209
20220409,5호선,김포공항,7143,7494,14637
20220409,5호선,까치산,21829,20595,42424
20220409,5호선,답십리,10485,9189,19674
20220409,5호선,동대문역사문화공원,996,1358,2354
20220409,5호선,둔촌동,6502,6197,12699
20220409,5호선,마곡,5703,5619,11322
20220409,5호선,마장,3957,3690,7647
20220409,5호선,마천,4824,4918,9742
20220409,5호선,마포,8909,8529,17438
20220409,5호선,명일,6270,6236,12506
20220409,5호선,목동,11796,11676,23472
20220409,5호선,미사,12682,12495,25177
20220409,5호선,발산,13902,15015,28917
20220409,5호선,방이,5339,5033,10372
20220409,5호선,방화,4719,4433,9152
20220409,5호선,상일동,9621,8889,18510
20220409,5호선,서대문,7840,7444,15284
20220409,5호선,송정,5174,4705,9879
20220409,5호선,신금호,4332,4413,8745
20220409,5호선,신길,3117,3228,6345
20220409,5호선,신정,9679,8064,17743
20220409,5호선,아차산,16766,16301,33067
20220409,5호선,애오개,3978,3921,7899
20220409,5호선,양평,4578,4310,8888
20220409,5호선,여의나루,51164,62797,113961
20220409,5호선,여의도,21663,22351,44014
20220409,5호선,영등포구청,2325,2243,4568
20220409,5호선,영등포시장,8840,9046,17886
20220409,5호선,오금,2481,2279,4760
20220409,5호선,오목교,17927,18199,36126
20220409,5호선,올림픽공원,3929,3770,7699
20220409,5호선,왕십리,3656,4474,8130
20220409,5호선,우장산,10286,9845,20131
20220409,5호선,을지로4가,3608,3982,7590
20220409,5호선,장한평,11392,11288,22680
20220409,5호선,종로3가,12661,13361,26022
20220409,5호선,천호,17004,16015,33019
20220409,5호선,청구,2664,2383,5047
20220409,5호선,충정로,2143,1891,4034
20220409,5호선,하남검단산,5691,5531,11222
20220409,5호선,하남시청,5761,5516,11277
20220409,5호선,하남풍산,3128,2936,6064
20220409,5호선,행당,5520,4771,10291
20220409,5호선,화곡,21878,19493,41371
20220409,6호선,고려대,5680,5688,11368
20220409,6호선,공덕,10866,10313,21179
20220409,6호선,광흥창,5873,5151,11024
20220409,6호선,구산,5904,4147,10051
20220409,6호선,녹사평,5384,5891,11275
20220409,6호선,대흥,6048,6230,12278
20220409,6호선,독바위,2329,2484,4813
20220409,6호선,돌곶이,6289,5772,12061
20220409,6호선,동묘앞,7325,7226,14551
20220409,6호선,디지털미디어시티,7692,7623,15315
20220409,6호선,마포구청,9457,7998,17455
20220409,6호선,망원,13271,14446,27717
20220409,6호선,버티고개,1484,1537,3021
20220409,6호선,보문,5205,4702,9907
20220409,6호선,봉화산,5599,5373,10972
20220409,6호선,불광,4051,3714,7765
20220409,6호선,삼각지,5813,4287,10100
20220409,6호선,상수,8399,10190,18589
20220409,6호선,상월곡,4305,3750,8055
20220409,6호선,새절,11044,10083,21127
20220409,6호선,석계,8975,8986,17961
20220409,6호선,신당,6306,5604,11910
20220409,6호선,안암,7726,7423,15149
20220409,6호선,약수,2504,2537,5041
20220409,6호선,역촌,2664,3051,5715
20220409,6호선,연신내,1,0,1
20220409,6호선,월곡,7575,7351,14926
20220409,6호선,월드컵경기장,5313,5115,10428
20220409,6호선,응암,16461,16958,33419
20220409,6호선,이태원,13604,16745,30349
20220409,6호선,증산,8478,8559,17037
20220409,6호선,창신,2220,1794,4014
20220409,6호선,청구,2422,2395,4817
20220409,6호선,태릉입구,4332,4595,8927
20220409,6호선,한강진,7379,9651,17030
20220409,6호선,합정,13293,12047,25340
20220409,6호선,화랑대,7910,6446,14356
20220409,6호선,효창공원앞,4840,4248,9088
20220409,7호선,가산디지털단지,14870,13621,28491
20220409,7호선,강남구청,9552,10562,20114
20220409,7호선,건대입구,11448,12274,23722
20220409,7호선,고속터미널,14561,11045,25606
20220409,7호선,공릉,9654,9197,18851
20220409,7호선,광명사거리,16522,16233,32755
20220409,7호선,군자,11276,8272,19548
20220409,7호선,굴포천,1,0,1
20220409,7호선,남구로,7837,8010,15847
20220409,7호선,남성,7683,6851,14534
20220409,7호선,내방,7547,7520,15067
20220409,7호선,노원,15436,16134,31570
20220409,7호선,논현,10787,11803,22590
20220409,7호선,대림,6522,7233,13755
20220409,7호선,도봉산,7088,9302,16390
20220409,7호선,뚝섬유원지,18899,18781,37680
20220409,7호선,마들,9988,9050,19038
20220409,7호선,먹골,7768,7333,15101
20220409,7호선,면목,11526,10772,22298
20220409,7호선,반포,4402,4337,8739
20220409,7호선,보라매,7136,6867,14003
20220409,7호선,사가정,12517,12102,24619
20220409,7호선,상도,7569,7087,14656
20220409,7호선,상동,1,0,1
20220409,7호선,상봉,13505,12722,26227
20220409,7호선,수락산,10292,9786,20078
20220409,7호선,숭실대입구,8815,8523,17338
20220409,7호선,신대방삼거리,11394,10395,21789
20220409,7호선,신풍,7958,7626,15584
20220409,7호선,어린이대공원,16878,18196,35074
20220409,7호선,온수,5731,5635,11366
20220409,7호선,용마산,4846,4984,9830
20220409,7호선,이수,12013,11051,23064
20220409,7호선,장승배기,6335,5934,12269
20220409,7호선,장암,1842,1245,3087
20220409,7호선,중계,9789,8534,18323
20220409,7호선,중곡,7114,6607,13721
20220409,7호선,중화,7932,7293,15225
20220409,7호선,천왕,7167,6712,13879
20220409,7호선,철산,15090,15302,30392
20220409,7호선,청담,10955,11964,22919
20220409,7호선,태릉입구,6972,6550,13522
20220409,7호선,하계,12988,11757,24745
20220409,7호선,학동,10547,11089,21636
20220409,8호선,가락시장,5872,6252,12124
20220409,8호선,강동구청,6633,6539,13172
20220409,8호선,남위례,3491,3778,7269
20220409,8호선,남한산성입구,10137,8838,18975
20220409,8호선,단대오거리,8326,7756,16082
20220409,8호선,모란,6470,5738,12208
20220409,8호선,몽촌토성,6592,5754,12346
20220409,8호선,문정,9307,9402,18709
20220409,8호선,복정,6750,5637,12387
20220409,8호선,산성,4446,4433,8879
20220409,8호선,석촌,10038,14568,24606
20220409,8호선,송파,6241,5926,12167
20220409,8호선,수진,4487,3865,8352
20220409,8호선,신흥,3750,3878,7628
20220409,8호선,암사,13154,11789,24943
20220409,8호선,잠실,22933,26129,49062
20220409,8호선,장지,13198,12133,25331
20220409,8호선,천호,12853,15392,28245
20220409,9호선,가양,15403,13931,29334
20220409,9호선,개화,1588,1348,2936
20220409,9호선,고속터미널,14946,20085,35031
20220409,9호선,공항시장,2368,2488,4856
20220409,9호선,구반포,1428,1498,2926
20220409,9호선,국회의사당,25961,24406,50367
20220409,9호선,김포공항,7826,11687,19513
20220409,9호선,노들,4109,3420,7529
20220409,9호선,노량진,23331,23184,46515
20220409,9호선,당산,15041,13852,28893
20220409,9호선,동작,4832,3829,8661
20220409,9호선,등촌,7793,7187,14980
20220409,9호선,마곡나루,8497,8372,16869
20220409,9호선,사평,2478,2134,4612
20220409,9호선,샛강,4336,3929,8265
20220409,9호선,선유도,5682,5752,11434
20220409,9호선,신논현,27225,26914,54139
20220409,9호선,신목동,3098,2748,5846
20220409,9호선,신반포,3373,3428,6801
20220409,9호선,신방화,4908,4541,9449
20220409,9호선,양천향교,6295,5785,12080
20220409,9호선,여의도,22453,21754,44207
20220409,9호선,염창,12884,11740,24624
20220409,9호선,증미,4197,3998,8195
20220409,9호선,흑석,6672,6353,13025
20220409,9호선2~3단계,둔촌오륜,704,665,1369
20220409,9호선2~3단계,봉은사,9953,10482,20435
20220409,9호선2~3단계,삼성중앙,3202,3153,6355
20220409,9호선2~3단계,삼전,5243,4608,9851
20220409,9호선2~3단계,석촌,10919,10898,21817
20220409,9호선2~3단계,석촌고분,5394,4997,10391
20220409,9호선2~3단계,선정릉,4841,5501,10342
20220409,9호선2~3단계,송파나루,7489,6995,14484
20220409,9호선2~3단계,언주,6381,6271,12652
20220409,9호선2~3단계,올림픽공원,8954,9550,18504
20220409,9호선2~3단계,종합운동장,4123,3839,7962
20220409,9호선2~3단계,중앙보훈병원,4958,4639,9597
20220409,9호선2~3단계,한성백제,2537,1964,4501
20220409,경강선,경기광주,5652,5136,10788
20220409,경강선,곤지암,2043,2112,4155
20220409,경강선,부발,2080,1784,3864
20220409,경강선,삼동,1462,1353,2815
20220409,경강선,세종대왕릉,347,399,746
20220409,경강선,신둔도예촌,1263,1210,2473
20220409,경강선,여주,2368,2568,4936
20220409,경강선,이매,911,689,1600
20220409,경강선,이천,2910,2961,5871
20220409,경강선,초월,2344,2165,4509
20220409,경강선,판교,2995,2916,5911
20220409,경부선,가산디지털단지,6856,8709,15565
20220409,경부선,관악,6142,5711,11853
20220409,경부선,광명,2807,2457,5264
20220409,경부선,구로,12713,13502,26215
20220409,경부선,군포,4397,3974,8371
20220409,경부선,금정,20070,19840,39910
20220409,경부선,금천구청,8917,9202,18119
20220409,경부선,남영,5415,5664,11079
20220409,경부선,노량진,8844,8191,17035
20220409,경부선,당정,4411,4039,8450
20220409,경부선,대방,8894,8558,17452
20220409,경부선,독산,9375,9139,18514
20220409,경부선,두정,5665,5476,11141
20220409,경부선,명학,5137,5022,10159
20220409,경부선,병점,12370,12265,24635
20220409,경부선,서동탄,973,1047,2020
20220409,경부선,서울역,7409,1909,9318
20220409,경부선,서정리,7104,5740,12844
20220409,경부선,석수,7126,6690,13816
20220409,경부선,성균관대,10426,10273,20699
20220409,경부선,성환,3098,2841,5939
20220409,경부선,세류,2520,2503,5023
20220409,경부선,세마,2179,1919,4098
20220409,경부선,송탄,5047,4372,9419
20220409,경부선,수원,37628,41204,78832
20220409,경부선,신길,6730,5993,12723
20220409,경부선,신도림,3177,3363,6540
20220409,경부선,안양,17958,17916,35874
20220409,경부선,영등포,39746,39778,79524
20220409,경부선,오산,9355,8577,17932
20220409,경부선,오산대,3011,2685,5696
20220409,경부선,용산,32858,35017,67875
20220409,경부선,의왕,6323,6053,12376
20220409,경부선,직산,746,670,1416
20220409,경부선,진위,1128,909,2037
20220409,경부선,천안,6515,6660,13175
20220409,경부선,평택,13626,12999,26625
20220409,경부선,평택지제,3175,3021,6196
20220409,경부선,화서,5980,5991,11971
20220409,경원선,가능,5238,5014,10252
20220409,경원선,광운대,5518,5365,10883
20220409,경원선,녹양,3866,3559,7425
20220409,경원선,녹천,3366,2803,6169
20220409,경원선,덕계,2648,2319,4967
20220409,경원선,덕정,4800,4425,9225
20220409,경원선,도봉,4479,4181,8660
20220409,경원선,도봉산,9284,6560,15844
20220409,경원선,동두천,1777,2175,3952
20220409,경원선,동두천중앙,2678,2571,5249
20220409,경원선,망월사,6057,6172,12229
20220409,경원선,방학,7472,7231,14703
20220409,경원선,보산,2356,2306,4662
20220409,경원선,서빙고,1717,1813,3530
20220409,경원선,석계,6744,7176,13920
20220409,경원선,소요산,4190,3670,7860
20220409,경원선,신이문,6088,5538,11626
20220409,경원선,양주,6726,6360,13086
20220409,경원선,옥수,50,42,92
20220409,경원선,왕십리,12470,14294,26764
20220409,경원선,외대앞,6668,6228,12896
20220409,경원선,월계,4710,4321,9031
20220409,경원선,응봉,2296,2340,4636
20220409,경원선,의정부,18485,19381,37866
20220409,경원선,이촌,3344,2216,5560
20220409,경원선,지행,6128,5980,12108
20220409,경원선,청량리,15694,17077,32771
20220409,경원선,한남,2774,2734,5508
20220409,경원선,회룡,10256,10148,20404
20220409,경의선,가좌,3875,3696,7571
20220409,경의선,강매,2077,1962,4039
20220409,경의선,계양,1,0,1
20220409,경의선,곡산,471,459,930
20220409,경의선,공덕,2807,2067,4874
20220409,경의선,금릉,3966,3805,7771
20220409,경의선,금촌,5675,5270,10945
20220409,경의선,능곡,2883,2903,5786
20220409,경의선,디지털미디어시티,2105,1847,3952
20220409,경의선,문산,4943,4969,9912
20220409,경의선,백마,4643,4243,8886
20220409,경의선,서강대,1927,1838,3765
20220409,경의선,서울역,1339,1466,2805
20220409,경의선,수색,1564,1553,3117
20220409,경의선,신촌,361,399,760
20220409,경의선,야당,6228,6316,12544
20220409,경의선,운정,5079,4613,9692
20220409,경의선,월롱,1718,1506,3224
20220409,경의선,일산,6353,5961,12314
20220409,경의선,임진강,77,79,156
20220409,경의선,탄현,5537,5137,10674
20220409,경의선,파주,914,688,1602
20220409,경의선,풍산,4430,4267,8697
20220409,경의선,행신,5473,5429,10902
20220409,경의선,홍대입구,1959,2543,4502
20220409,경의선,화전,1268,1151,2419
20220409,경의선,효창공원앞,1748,1932,3680
20220409,경인선,간석,4477,4198,8675
20220409,경인선,개봉,16268,15613,31881
20220409,경인선,구일,6157,6026,12183
20220409,경인선,도원,2000,1919,3919
20220409,경인선,도화,3288,3118,6406
20220409,경인선,동암,12472,12544,25016
20220409,경인선,동인천,12089,11743,23832
20220409,경인선,백운,5548,5479,11027
20220409,경인선,부개,6660,6068,12728
20220409,경인선,부천,28103,29335,57438
20220409,경인선,부평,28977,31989,60966
20220409,경인선,소사,7893,7794,15687
20220409,경인선,송내,19017,18539,37556
20220409,경인선,역곡,21001,20013,41014
20220409,경인선,오류동,9305,8473,17778
20220409,경인선,온수,4861,4491,9352
20220409,경인선,인천,5099,4572,9671
20220409,경인선,제물포,7524,7151,14675
20220409,경인선,주안,16595,14355,30950
20220409,경인선,중동,6797,6320,13117
20220409,경춘선,가평,2004,2145,4149
20220409,경춘선,갈매,2044,1695,3739
20220409,경춘선,강촌,699,763,1462
20220409,경춘선,굴봉산,200,240,440
20220409,경춘선,금곡,1190,1136,2326
20220409,경춘선,김유정,691,760,1451
20220409,경춘선,남춘천,2873,2937,5810
20220409,경춘선,대성리,975,1100,2075
20220409,경춘선,마석,3341,3184,6525
20220409,경춘선,백양리,84,90,174
20220409,경춘선,별내,2350,2146,4496
20220409,경춘선,사릉,1818,1757,3575
20220409,경춘선,상천,466,402,868
20220409,경춘선,신내,1384,1307,2691
20220409,경춘선,천마산,1426,1414,2840
20220409,경춘선,청평,1802,1901,3703
20220409,경춘선,춘천,1981,1732,3713
20220409,경춘선,퇴계원,2609,2325,4934
20220409,경춘선,평내호평,4745,4572,9317
20220409,공항철도 1호선,검암,4939,5047,9986
20220409,공항철도 1호선,계양,7737,7084,14821
20220409,공항철도 1호선,공덕,1532,2466,3998
20220409,공항철도 1호선,공항화물청사,1328,1383,2711
20220409,공항철도 1호선,김포공항,11377,5795,17172
20220409,공항철도 1호선,디지털미디어시티,5630,5490,11120
20220409,공항철도 1호선,마곡나루,3374,3695,7069
20220409,공항철도 1호선,서울역,7740,8208,15948
20220409,공항철도 1호선,영종,3149,3141,6290
20220409,공항철도 1호선,운서,6402,6533,12935
20220409,공항철도 1호선,인천공항1터미널,4422,3972,8394
20220409,공항철도 1호선,인천공항2터미널,2266,2012,4278
20220409,공항철도 1호선,청라국제도시,4583,4382,8965
20220409,공항철도 1호선,홍대입구,12186,12135,24321
20220409,과천선,경마공원,11138,11334,22472
20220409,과천선,과천,5004,4577,9581
20220409,과천선,대공원,16375,16699,33074
20220409,과천선,범계,21153,20691,41844
20220409,과천선,선바위,6305,5474,11779
20220409,과천선,인덕원,17618,17298,34916
20220409,과천선,정부과천청사,7052,6706,13758
20220409,과천선,평촌,9731,9470,19201
20220409,분당선,가천대,5826,6132,11958
20220409,분당선,강남구청,5673,7142,12815
20220409,분당선,개포동,2974,2876,5850
20220409,분당선,구룡,1759,1469,3228
20220409,분당선,구성,3431,3485,6916
20220409,분당선,기흥,6422,6064,12486
20220409,분당선,대모산입구,3016,2819,5835
20220409,분당선,도곡,5759,5422,11181
20220409,분당선,망포,9396,8298,17694
20220409,분당선,매교,2231,2351,4582
20220409,분당선,매탄권선,3902,3468,7370
20220409,분당선,모란,23965,25317,49282
20220409,분당선,미금,10803,11403,22206
20220409,분당선,보정,1601,1465,3066
20220409,분당선,상갈,3862,3736,7598
20220409,분당선,서울숲,21329,25385,46714
20220409,분당선,서현,19119,19195,38314
20220409,분당선,선릉,5191,7916,13107
20220409,분당선,선정릉,3559,3593,7152
20220409,분당선,수내,9103,8359,17462
20220409,분당선,수서,10786,11133,21919
20220409,분당선,수원,7657,6216,13873
20220409,분당선,수원시청,10908,12101,23009
20220409,분당선,신갈,2731,2712,5443
20220409,분당선,압구정로데오,18696,22793,41489
20220409,분당선,야탑,18903,19477,38380
20220409,분당선,영통,6933,6636,13569
20220409,분당선,오리,7752,6286,14038
20220409,분당선,이매,4431,4217,8648
20220409,분당선,정자,10519,10971,21490
20220409,분당선,죽전,10327,11360,21687
20220409,분당선,청명,2737,2647,5384
20220409,분당선,태평,11279,10425,21704
20220409,분당선,한티,11698,11314,23012
20220409,수인선,고색,2755,2542,5297
20220409,수인선,남동인더스파크,914,888,1802
20220409,수인선,달월,71,79,150
20220409,수인선,사리,3681,3132,6813
20220409,수인선,소래포구,6134,6254,12388
20220409,수인선,송도,2047,1933,3980
20220409,수인선,숭의,2969,2561,5530
20220409,수인선,신포,1556,1571,3127
20220409,수인선,야목,265,215,480
20220409,수인선,어천,711,644,1355
20220409,수인선,연수,4113,3998,8111
20220409,수인선,오목천,2339,1932,4271
20220409,수인선,원인재,3887,4257,8144
20220409,수인선,월곶,2159,2118,4277
20220409,수인선,인천,1369,2353,3722
20220409,수인선,인천논현,4326,4461,8787
20220409,수인선,인하대,4508,4359,8867
20220409,수인선,호구포,2747,2508,5255
20220409,안산선,고잔,6770,6735,13505
20220409,안산선,대야미,4328,3693,8021
20220409,안산선,반월,3441,3176,6617
20220409,안산선,산본,13104,13832,26936
20220409,안산선,상록수,12599,12254,24853
20220409,안산선,수리산,3055,2709,5764
20220409,안산선,신길온천,1509,1463,2972
20220409,안산선,안산,9405,9716,19121
20220409,안산선,오이도,7444,7571,15015
20220409,안산선,정왕,6826,6725,13551
20220409,안산선,중앙,16042,17036,33078
20220409,안산선,초지,3483,3607,7090
20220409,안산선,한대앞,7713,7330,15043
20220409,우이신설선,4.19민주묘지,2597,2448,5045
20220409,우이신설선,가오리,3057,2796,5853
20220409,우이신설선,보문,1133,1057,2190
20220409,우이신설선,북한산보국문,4855,4172,9027
20220409,우이신설선,북한산우이,3602,3864,7466
20220409,우이신설선,삼양,1541,1601,3142
20220409,우이신설선,삼양사거리,1904,1835,3739
20220409,우이신설선,성신여대입구,2663,3074,5737
20220409,우이신설선,솔밭공원,1744,1711,3455
20220409,우이신설선,솔샘,3979,3489,7468
20220409,우이신설선,신설동,1368,1375,2743
20220409,우이신설선,정릉,3781,3029,6810
20220409,우이신설선,화계,2623,2313,4936
20220409,일산선,대곡,1480,1224,2704
20220409,일산선,대화,8463,7293,15756
20220409,일산선,마두,5064,5098,10162
20220409,일산선,백석,7268,7135,14403
20220409,일산선,삼송,14524,13773,28297
20220409,일산선,원당,8704,7925,16629
20220409,일산선,원흥,7465,6849,14314
20220409,일산선,정발산,7135,7563,14698
20220409,일산선,주엽,6530,6328,12858
20220409,일산선,화정,13002,13149,26151
20220409,장항선,배방,1080,1038,2118
20220409,장항선,봉명,862,823,1685
20220409,장항선,신창,1289,1280,2569
20220409,장항선,쌍용,1800,1654,3454
20220409,장항선,아산,3243,3091,6334
20220409,장항선,온양온천,5020,5095,10115
20220409,장항선,탕정,667,602,1269
20220409,중앙선,구리,10677,10728,21405
20220409,중앙선,국수,745,720,1465
20220409,중앙선,덕소,4483,4466,8949
20220409,중앙선,도농,7164,6870,14034
20220409,중앙선,도심,1659,1360,3019
20220409,중앙선,망우,6605,6347,12952
20220409,중앙선,상봉,5079,5099,10178
20220409,중앙선,신원,426,303,729
20220409,중앙선,아신,627,703,1330
20220409,중앙선,양수,2447,2479,4926
20220409,중앙선,양원,2017,1996,4013
20220409,중앙선,양정,648,581,1229
20220409,중앙선,양평,3063,3295,6358
20220409,중앙선,오빈,282,297,579
20220409,중앙선,용문,2061,2210,4271
20220409,중앙선,운길산,1542,1532,3074
20220409,중앙선,원덕,750,616,1366
20220409,중앙선,중랑,4764,4424,9188
20220409,중앙선,지평,55,80,135
20220409,중앙선,팔당,1572,1774,3346
20220409,중앙선,회기,22122,21202,43324
20220410,1호선,동대문,10060,10338,20398
20220410,1호선,동묘앞,12475,12499,24974
20220410,1호선,서울역,28853,26107,54960
20220410,1호선,시청,8518,8371,16889
20220410,1호선,신설동,7871,7868,15739
20220410,1호선,제기동,10080,10611,20691
20220410,1호선,종각,12559,10556,23115
20220410,1호선,종로3가,15067,12561,27628
20220410,1호선,종로5가,9959,9775,19734
20220410,1호선,청량리,12733,12779,25512
20220410,2호선,강남,34410,34315,68725
20220410,2호선,강변,22935,22888,45823
20220410,2호선,건대입구,30689,30940,61629
20220410,2호선,교대,10594,11467,22061
20220410,2호선,구로디지털단지,24251,23579,47830
20220410,2호선,구의,12228,12180,24408
20220410,2호선,낙성대,16640,17170,33810
20220410,2호선,당산,10855,11417,22272
20220410,2호선,대림,15176,15559,30735
20220410,2호선,도림천,1150,1429,2579
20220410,2호선,동대문역사문화공원,8142,9913,18055
20220410,2호선,뚝섬,17734,16455,34189
20220410,2호선,문래,8472,8537,17009
20220410,2호선,방배,6597,7107,13704
20220410,2호선,봉천,12928,12223,25151
20220410,2호선,사당,22494,25577,48071
20220410,2호선,삼성,19355,18834,38189
20220410,2호선,상왕십리,7358,7147,14505
20220410,2호선,서울대입구,28406,29297,57703
20220410,2호선,서초,11602,10394,21996
20220410,2호선,선릉,13451,11720,25171
20220410,2호선,성수,15717,16941,32658
20220410,2호선,시청,6784,5687,12471
20220410,2호선,신답,846,925,1771
20220410,2호선,신당,8713,9281,17994
20220410,2호선,신대방,16881,16746,33627
20220410,2호선,신도림,28719,29597,58316
20220410,2호선,신림,39124,37834,76958
20220410,2호선,신설동,3265,1756,5021
20220410,2호선,신정네거리,5549,5533,11082
20220410,2호선,신촌,22655,21728,44383
20220410,2호선,아현,5389,5357,10746
20220410,2호선,양천구청,3246,3338,6584
20220410,2호선,역삼,11060,11779,22839
20220410,2호선,영등포구청,8310,8552,16862
20220410,2호선,왕십리,10242,9075,19317
20220410,2호선,용답,1935,1907,3842
20220410,2호선,용두,1158,1148,2306
20220410,2호선,을지로3가,8608,8002,16610
20220410,2호선,을지로4가,3737,3609,7346
20220410,2호선,을지로입구,16019,14410,30429
20220410,2호선,이대,7577,8036,15613
20220410,2호선,잠실,92633,87117,179750
20220410,2호선,잠실나루,6211,6402,12613
20220410,2호선,잠실새내,13074,12923,25997
20220410,2호선,종합운동장,8402,9380,17782
20220410,2호선,충정로,3836,4168,8004
20220410,2호선,한양대,3171,3537,6708
20220410,2호선,합정,22346,24670,47016
20220410,2호선,홍대입구,46801,47730,94531
20220410,3호선,가락시장,3730,3838,7568
20220410,3호선,경복궁,15855,16914,32769
20220410,3호선,경찰병원,2744,2845,5589
20220410,3호선,고속터미널,41890,39321,81211
20220410,3호선,교대,4292,2732,7024
20220410,3호선,구파발,11646,11648,23294
20220410,3호선,금호,4250,4135,8385
20220410,3호선,남부터미널,14901,15793,30694
20220410,3호선,녹번,7251,6515,13766
20220410,3호선,대청,4401,4282,8683
20220410,3호선,대치,5907,5275,11182
20220410,3호선,도곡,2523,3288,5811
20220410,3호선,독립문,4805,5800,10605
20220410,3호선,동대입구,7008,7813,14821
20220410,3호선,매봉,5622,5570,11192
20220410,3호선,무악재,1998,2180,4178
20220410,3호선,불광,9686,11045,20731
20220410,3호선,수서,10898,10743,21641
20220410,3호선,신사,13223,13494,26717
20220410,3호선,안국,14267,16226,30493
20220410,3호선,압구정,13165,14037,27202
20220410,3호선,약수,6674,6513,13187
20220410,3호선,양재,14400,16189,30589
20220410,3호선,연신내,22312,21108,43420
20220410,3호선,오금,2732,2751,5483
20220410,3호선,옥수,5303,5460,10763
20220410,3호선,을지로3가,3511,3060,6571
20220410,3호선,일원,3635,3936,7571
20220410,3호선,잠원,2666,2634,5300
20220410,3호선,종로3가,4075,4923,8998
20220410,3호선,지축,2568,2290,4858
20220410,3호선,충무로,1,0,1
20220410,3호선,학여울,2449,2716,5165
20220410,3호선,홍제,9897,9467,19364
20220410,4호선,길음,11002,10835,21837
20220410,4호선,남태령,1012,704,1716
20220410,4호선,노원,11716,12656,24372
20220410,4호선,당고개,6068,5878,11946
20220410,4호선,동대문,7397,7793,15190
20220410,4호선,동대문역사문화공원,9243,8724,17967
20220410,4호선,동작,2609,3360,5969
20220410,4호선,명동,12850,12920,25770
20220410,4호선,미아,8133,7595,15728
20220410,4호선,미아사거리,16413,15397,31810
20220410,4호선,사당,16920,15420,32340
20220410,4호선,삼각지,2669,3668,6337
20220410,4호선,상계,10968,10226,21194
20220410,4호선,서울역,4531,10871,15402
20220410,4호선,성신여대입구,12814,11978,24792
20220410,4호선,수유,20763,20032,40795
20220410,4호선,숙대입구,7404,7124,14528
20220410,4호선,신용산,7861,7878,15739
20220410,4호선,쌍문,16502,14990,31492
20220410,4호선,이촌,5434,6082,11516
20220410,4호선,창동,15148,15423,30571
20220410,4호선,총신대입구,10880,11706,22586
20220410,4호선,충무로,10606,10716,21322
20220410,4호선,한성대입구,8288,8558,16846
20220410,4호선,혜화,21826,23145,44971
20220410,4호선,회현,9549,10009,19558
20220410,5호선,강동,9274,9201,18475
20220410,5호선,강일,2425,2263,4688
20220410,5호선,개롱,3010,3293,6303
20220410,5호선,개화산,2777,2867,5644
20220410,5호선,거여,4712,4596,9308
20220410,5호선,고덕,4459,4424,8883
20220410,5호선,공덕,5703,5927,11630
20220410,5호선,광나루,8947,8839,17786
20220410,5호선,광화문,13189,13238,26427
20220410,5호선,군자,6538,7103,13641
20220410,5호선,굽은다리,5402,4892,10294
20220410,5호선,길동,4237,4371,8608
20220410,5호선,김포공항,6889,6731,13620
20220410,5호선,까치산,16895,15984,32879
20220410,5호선,답십리,7760,7100,14860
20220410,5호선,동대문역사문화공원,777,878,1655
20220410,5호선,둔촌동,4704,4663,9367
20220410,5호선,마곡,3841,3979,7820
20220410,5호선,마장,3134,2888,6022
20220410,5호선,마천,3664,3928,7592
20220410,5호선,마포,5796,5437,11233
20220410,5호선,명일,5194,5165,10359
20220410,5호선,목동,8481,8529,17010
20220410,5호선,미사,9454,9513,18967
20220410,5호선,발산,9525,10265,19790
20220410,5호선,방이,4200,3870,8070
20220410,5호선,방화,3704,3681,7385
20220410,5호선,상일동,6983,6645,13628
20220410,5호선,서대문,5810,5624,11434
20220410,5호선,송정,3923,3759,7682
20220410,5호선,신금호,3259,3522,6781
20220410,5호선,신길,2416,2690,5106
20220410,5호선,신정,7211,6392,13603
20220410,5호선,아차산,14674,14899,29573
20220410,5호선,애오개,2984,2885,5869
20220410,5호선,양평,3448,3543,6991
20220410,5호선,여의나루,45681,54132,99813
20220410,5호선,여의도,16248,16930,33178
20220410,5호선,영등포구청,1528,1532,3060
20220410,5호선,영등포시장,6081,6327,12408
20220410,5호선,오금,1495,1473,2968
20220410,5호선,오목교,13159,13630,26789
20220410,5호선,올림픽공원,2920,2919,5839
20220410,5호선,왕십리,2772,3201,5973
20220410,5호선,우장산,7446,7466,14912
20220410,5호선,을지로4가,1893,1900,3793
20220410,5호선,장한평,8349,8277,16626
20220410,5호선,종로3가,9306,8531,17837
20220410,5호선,천호,12892,12226,25118
20220410,5호선,청구,2016,1698,3714
20220410,5호선,충정로,1724,1644,3368
20220410,5호선,하남검단산,4948,4826,9774
20220410,5호선,하남시청,4124,3941,8065
20220410,5호선,하남풍산,2249,2114,4363
20220410,5호선,행당,4292,3915,8207
20220410,5호선,화곡,15670,14686,30356
20220410,6호선,고려대,4456,4350,8806
20220410,6호선,공덕,7753,7074,14827
20220410,6호선,광흥창,4726,4337,9063
20220410,6호선,구산,4243,3005,7248
20220410,6호선,녹사평,4264,4038,8302
20220410,6호선,대흥,4560,4800,9360
20220410,6호선,독바위,1794,2117,3911
20220410,6호선,돌곶이,5441,5129,10570
20220410,6호선,동묘앞,6131,5994,12125
20220410,6호선,디지털미디어시티,5843,5746,11589
20220410,6호선,마포구청,7682,6667,14349
20220410,6호선,망원,10641,11449,22090
20220410,6호선,버티고개,1086,1215,2301
20220410,6호선,보문,4237,3943,8180
20220410,6호선,봉화산,4003,3869,7872
20220410,6호선,불광,3300,3110,6410
20220410,6호선,삼각지,4364,3226,7590
20220410,6호선,상수,6253,7275,13528
20220410,6호선,상월곡,3349,3066,6415
20220410,6호선,새절,7943,7481,15424
20220410,6호선,석계,6583,6999,13582
20220410,6호선,신당,4753,5095,9848
20220410,6호선,안암,5653,6352,12005
20220410,6호선,약수,1744,1738,3482
20220410,6호선,역촌,2034,2368,4402
20220410,6호선,연신내,2,0,2
20220410,6호선,월곡,5502,5368,10870
20220410,6호선,월드컵경기장,9166,9217,18383
20220410,6호선,응암,11098,12075,23173
20220410,6호선,이태원,9761,9550,19311
20220410,6호선,증산,6574,6710,13284
20220410,6호선,창신,1732,1444,3176
20220410,6호선,청구,1726,1766,3492
20220410,6호선,태릉입구,3257,3635,6892
20220410,6호선,한강진,5862,7021,12883
20220410,6호선,합정,10586,9396,19982
20220410,6호선,화랑대,5834,4997,10831
20220410,6호선,효창공원앞,3864,3391,7255
20220410,7호선,가산디지털단지,11517,10517,22034
20220410,7호선,강남구청,5302,5955,11257
20220410,7호선,건대입구,8133,8737,16870
20220410,7호선,고속터미널,13700,8577,22277
20220410,7호선,공릉,6706,6766,13472
20220410,7호선,광명사거리,13071,12835,25906
20220410,7호선,군자,8264,6154,14418
20220410,7호선,까치울,1,0,1
20220410,7호선,남구로,6577,6323,12900
20220410,7호선,남성,5683,5478,11161
20220410,7호선,내방,5162,5376,10538
20220410,7호선,노원,10999,11194,22193
20220410,7호선,논현,5995,6443,12438
20220410,7호선,대림,6897,6360,13257
20220410,7호선,도봉산,5996,8411,14407
20220410,7호선,뚝섬유원지,17663,16465,34128
20220410,7호선,마들,6494,5979,12473
20220410,7호선,먹골,5713,5413,11126
20220410,7호선,면목,8611,8409,17020
20220410,7호선,반포,3032,2989,6021
20220410,7호선,보라매,4786,4984,9770
20220410,7호선,사가정,9446,9176,18622
20220410,7호선,상도,5493,5486,10979
20220410,7호선,상봉,9597,8785,18382
20220410,7호선,수락산,8796,8572,17368
20220410,7호선,숭실대입구,6171,6662,12833
20220410,7호선,신대방삼거리,8142,8113,16255
20220410,7호선,신풍,6212,5811,12023
20220410,7호선,어린이대공원,13359,14447,27806
20220410,7호선,온수,4059,4274,8333
20220410,7호선,용마산,3689,4300,7989
20220410,7호선,이수,8547,7728,16275
20220410,7호선,장승배기,4516,4411,8927
20220410,7호선,장암,1573,1030,2603
20220410,7호선,중계,7030,6517,13547
20220410,7호선,중곡,5504,5277,10781
20220410,7호선,중화,6295,5991,12286
20220410,7호선,천왕,5092,4997,10089
20220410,7호선,철산,11325,11203,22528
20220410,7호선,청담,6728,7123,13851
20220410,7호선,태릉입구,5207,5065,10272
20220410,7호선,하계,9799,9124,18923
20220410,7호선,학동,6281,6810,13091
20220410,8호선,가락시장,3390,4175,7565
20220410,8호선,강동구청,4909,4754,9663
20220410,8호선,남위례,2674,2771,5445
20220410,8호선,남한산성입구,7581,6954,14535
20220410,8호선,단대오거리,6213,6045,12258
20220410,8호선,모란,3138,2748,5886
20220410,8호선,몽촌토성,4997,4687,9684
20220410,8호선,문정,6055,6502,12557
20220410,8호선,복정,4969,4659,9628
20220410,8호선,산성,3566,3696,7262
20220410,8호선,석촌,7157,11008,18165
20220410,8호선,송파,4066,4011,8077
20220410,8호선,수진,3330,3048,6378
20220410,8호선,신흥,2770,2961,5731
20220410,8호선,암사,9599,9020,18619
20220410,8호선,잠실,17985,19454,37439
20220410,8호선,장지,9732,9983,19715
20220410,8호선,천호,9396,10845,20241
20220410,9호선,가양,11039,10839,21878
20220410,9호선,개화,1312,1182,2494
20220410,9호선,고속터미널,12062,16279,28341
20220410,9호선,공항시장,1882,2028,3910
20220410,9호선,구반포,663,641,1304
20220410,9호선,국회의사당,22751,20588,43339
20220410,9호선,김포공항,7198,11246,18444
20220410,9호선,노들,3261,2794,6055
20220410,9호선,노량진,16859,17769,34628
20220410,9호선,당산,11045,10125,21170
20220410,9호선,동작,4238,3413,7651
20220410,9호선,등촌,5879,5812,11691
20220410,9호선,마곡나루,6031,6318,12349
20220410,9호선,사평,1670,1664,3334
20220410,9호선,샛강,2799,2787,5586
20220410,9호선,선유도,4589,4475,9064
20220410,9호선,신논현,16736,15887,32623
20220410,9호선,신목동,2408,2337,4745
20220410,9호선,신반포,2192,2432,4624
20220410,9호선,신방화,3703,3524,7227
20220410,9호선,양천향교,4440,4670,9110
20220410,9호선,여의도,17398,15889,33287
20220410,9호선,염창,9717,9231,18948
20220410,9호선,증미,2767,2728,5495
20220410,9호선,흑석,4703,4766,9469
20220410,9호선2~3단계,둔촌오륜,497,520,1017
20220410,9호선2~3단계,봉은사,7377,7268,14645
20220410,9호선2~3단계,삼성중앙,2029,2200,4229
20220410,9호선2~3단계,삼전,3685,3547,7232
20220410,9호선2~3단계,석촌,7900,7856,15756
20220410,9호선2~3단계,석촌고분,3855,3780,7635
20220410,9호선2~3단계,선정릉,3141,3338,6479
20220410,9호선2~3단계,송파나루,5262,4894,10156
20220410,9호선2~3단계,언주,3929,3894,7823
20220410,9호선2~3단계,올림픽공원,6164,6507,12671
20220410,9호선2~3단계,종합운동장,2539,2124,4663
20220410,9호선2~3단계,중앙보훈병원,3722,3463,7185
20220410,9호선2~3단계,한성백제,2064,1589,3653
20220410,경강선,경기광주,4191,3961,8152
20220410,경강선,곤지암,1604,1755,3359
20220410,경강선,부발,1563,2297,3860
20220410,경강선,삼동,1125,1072,2197
20220410,경강선,세종대왕릉,353,343,696
20220410,경강선,신둔도예촌,1032,1052,2084
20220410,경강선,여주,2467,2504,4971
20220410,경강선,이매,735,573,1308
20220410,경강선,이천,2205,2498,4703
20220410,경강선,초월,1815,1685,3500
20220410,경강선,판교,2475,2289,4764
20220410,경부선,가산디지털단지,5255,7043,12298
20220410,경부선,관악,5156,4666,9822
20220410,경부선,광명,2725,1966,4691
20220410,경부선,구로,9872,10238,20110
20220410,경부선,군포,3245,3079,6324
20220410,경부선,금정,15296,15528,30824
20220410,경부선,금천구청,6980,6972,13952
20220410,경부선,남영,4093,4568,8661
20220410,경부선,노량진,6425,6128,12553
20220410,경부선,당정,3312,3246,6558
20220410,경부선,대방,6624,6922,13546
20220410,경부선,독산,6719,6672,13391
20220410,경부선,두정,4412,5787,10199
20220410,경부선,명학,3565,3493,7058
20220410,경부선,병점,9869,10572,20441
20220410,경부선,서동탄,769,798,1567
20220410,경부선,서울역,8234,1841,10075
20220410,경부선,서정리,4650,6584,11234
20220410,경부선,석수,5451,5428,10879
20220410,경부선,성균관대,7784,8135,15919
20220410,경부선,성환,2679,3350,6029
20220410,경부선,세류,2170,2090,4260
20220410,경부선,세마,1753,1576,3329
20220410,경부선,송탄,3751,4666,8417
20220410,경부선,수원,34026,33773,67799
20220410,경부선,신길,5831,5241,11072
20220410,경부선,신도림,2600,2583,5183
20220410,경부선,안양,14295,13673,27968
20220410,경부선,영등포,33936,31028,64964
20220410,경부선,오산,8023,8263,16286
20220410,경부선,오산대,2373,2268,4641
20220410,경부선,용산,31310,27594,58904
20220410,경부선,의왕,4453,4491,8944
20220410,경부선,직산,572,641,1213
20220410,경부선,진위,949,954,1903
20220410,경부선,천안,6136,6440,12576
20220410,경부선,평택,11737,12577,24314
20220410,경부선,평택지제,2527,2356,4883
20220410,경부선,화서,4647,4505,9152
20220410,경원선,가능,4324,3940,8264
20220410,경원선,광운대,4175,4419,8594
20220410,경원선,녹양,2916,2660,5576
20220410,경원선,녹천,2586,2375,4961
20220410,경원선,덕계,1918,1874,3792
20220410,경원선,덕정,3560,3722,7282
20220410,경원선,도봉,3496,3297,6793
20220410,경원선,도봉산,9607,6851,16458
20220410,경원선,동두천,1404,1870,3274
20220410,경원선,동두천중앙,2425,2332,4757
20220410,경원선,망월사,5159,5336,10495
20220410,경원선,방학,6014,5763,11777
20220410,경원선,보산,1559,1547,3106
20220410,경원선,서빙고,1512,1563,3075
20220410,경원선,석계,5030,5324,10354
20220410,경원선,소요산,4587,3977,8564
20220410,경원선,신이문,4670,4493,9163
20220410,경원선,양주,5409,5213,10622
20220410,경원선,옥수,61,24,85
20220410,경원선,왕십리,9667,11030,20697
20220410,경원선,외대앞,5248,5208,10456
20220410,경원선,월계,3852,3506,7358
20220410,경원선,응봉,1623,1908,3531
20220410,경원선,의정부,14573,14969,29542
20220410,경원선,이촌,2684,1838,4522
20220410,경원선,지행,4770,4685,9455
20220410,경원선,청량리,13919,13137,27056
20220410,경원선,한남,1928,1944,3872
20220410,경원선,회룡,7990,8226,16216
20220410,경의선,가좌,2935,2903,5838
20220410,경의선,강매,1632,1517,3149
20220410,경의선,곡산,366,359,725
20220410,경의선,공덕,2009,1624,3633
20220410,경의선,금릉,3012,2958,5970
20220410,경의선,금촌,4208,4490,8698
20220410,경의선,능곡,2300,2199,4499
20220410,경의선,디지털미디어시티,1538,1405,2943
20220410,경의선,문산,3599,3636,7235
20220410,경의선,백마,3589,3376,6965
20220410,경의선,서강대,1498,1432,2930
20220410,경의선,서울역,1178,1049,2227
20220410,경의선,수색,907,1003,1910
20220410,경의선,신촌,223,284,507
20220410,경의선,야당,4823,4653,9476
20220410,경의선,운정,3841,3583,7424
20220410,경의선,월롱,1027,2208,3235
20220410,경의선,일산,5040,4644,9684
20220410,경의선,임진강,73,73,146
20220410,경의선,탄현,4247,3944,8191
20220410,경의선,파주,692,645,1337
20220410,경의선,풍산,3601,3356,6957
20220410,경의선,행신,4871,4418,9289
20220410,경의선,홍대입구,1653,1922,3575
20220410,경의선,화전,1026,1061,2087
20220410,경의선,효창공원앞,1369,1605,2974
20220410,경인선,간석,3471,3250,6721
20220410,경인선,개봉,11822,11492,23314
20220410,경인선,구일,4984,5390,10374
20220410,경인선,도원,2873,2885,5758
20220410,경인선,도화,2646,2408,5054
20220410,경인선,동암,9751,9535,19286
20220410,경인선,동인천,10347,10124,20471
20220410,경인선,백운,4113,4056,8169
20220410,경인선,부개,5099,4828,9927
20220410,경인선,부천,22105,21804,43909
20220410,경인선,부평,22969,23541,46510
20220410,경인선,소사,6274,6079,12353
20220410,경인선,송내,13883,13719,27602
20220410,경인선,역곡,15112,14876,29988
20220410,경인선,오류동,7268,6928,14196
20220410,경인선,온수,3902,3661,7563
20220410,경인선,인천,5383,4663,10046
20220410,경인선,제물포,5788,5510,11298
20220410,경인선,주안,12319,11078,23397
20220410,경인선,중동,5196,4850,10046
20220410,경춘선,가평,2104,1712,3816
20220410,경춘선,갈매,1514,1322,2836
20220410,경춘선,강촌,805,647,1452
20220410,경춘선,굴봉산,260,214,474
20220410,경춘선,금곡,953,906,1859
20220410,경춘선,김유정,503,560,1063
20220410,경춘선,남춘천,2330,2936,5266
20220410,경춘선,대성리,1246,1006,2252
20220410,경춘선,마석,2869,2745,5614
20220410,경춘선,백양리,131,107,238
20220410,경춘선,별내,2007,1838,3845
20220410,경춘선,사릉,1455,1434,2889
20220410,경춘선,상천,538,423,961
20220410,경춘선,신내,1045,1054,2099
20220410,경춘선,천마산,1200,1173,2373
20220410,경춘선,청평,1878,1354,3232
20220410,경춘선,춘천,1993,1644,3637
20220410,경춘선,퇴계원,2125,1931,4056
20220410,경춘선,평내호평,3738,3579,7317
20220410,공항철도 1호선,검암,3846,4125,7971
20220410,공항철도 1호선,계양,5767,5600,11367
20220410,공항철도 1호선,공덕,1200,1707,2907
20220410,공항철도 1호선,공항화물청사,989,1072,2061
20220410,공항철도 1호선,김포공항,11945,5924,17869
20220410,공항철도 1호선,디지털미디어시티,3874,3922,7796
20220410,공항철도 1호선,마곡나루,2711,2910,5621
20220410,공항철도 1호선,서울역,8253,7612,15865
20220410,공항철도 1호선,영종,2635,2607,5242
20220410,공항철도 1호선,운서,5643,6055,11698
20220410,공항철도 1호선,인천공항1터미널,4333,4048,8381
20220410,공항철도 1호선,인천공항2터미널,2271,2014,4285
20220410,공항철도 1호선,청라국제도시,3594,3275,6869
20220410,공항철도 1호선,홍대입구,10167,9287,19454
20220410,과천선,경마공원,14168,14483,28651
20220410,과천선,과천,4375,4028,8403
20220410,과천선,대공원,17086,17124,34210
20220410,과천선,범계,16177,15760,31937
20220410,과천선,선바위,4985,4613,9598
20220410,과천선,인덕원,13996,13882,27878
20220410,과천선,정부과천청사,5811,5717,11528
20220410,과천선,평촌,7229,6788,14017
20220410,분당선,가천대,4395,5324,9719
20220410,분당선,강남구청,3555,4208,7763
20220410,분당선,개포동,2177,2218,4395
20220410,분당선,구룡,791,982,1773
20220410,분당선,구성,2587,2558,5145
20220410,분당선,기흥,5236,4834,10070
20220410,분당선,대모산입구,2167,2158,4325
20220410,분당선,도곡,3798,3720,7518
20220410,분당선,망포,6331,6428,12759
20220410,분당선,매교,1690,1633,3323
20220410,분당선,매탄권선,2681,2620,5301
20220410,분당선,모란,11488,11995,23483
20220410,분당선,미금,7513,7998,15511
20220410,분당선,보정,1120,1076,2196
20220410,분당선,복정,1,0,1
20220410,분당선,상갈,2819,2877,5696
20220410,분당선,서울숲,17332,20450,37782
20220410,분당선,서현,14724,14743,29467
20220410,분당선,선릉,2939,4461,7400
20220410,분당선,선정릉,2153,2175,4328
20220410,분당선,수내,6237,5960,12197
20220410,분당선,수서,8639,8145,16784
20220410,분당선,수원,6323,4879,11202
20220410,분당선,수원시청,7425,7346,14771
20220410,분당선,신갈,2131,2165,4296
20220410,분당선,압구정로데오,11113,12558,23671
20220410,분당선,야탑,13796,13973,27769
20220410,분당선,영통,4945,4980,9925
20220410,분당선,오리,5494,4705,10199
20220410,분당선,이매,3470,3547,7017
20220410,분당선,정자,7599,7881,15480
20220410,분당선,죽전,7861,8852,16713
20220410,분당선,청명,1985,2131,4116
20220410,분당선,태평,8474,7809,16283
20220410,분당선,한티,8585,8205,16790
20220410,수인선,고색,1721,1895,3616
20220410,수인선,남동인더스파크,574,553,1127
20220410,수인선,달월,65,64,129
20220410,수인선,사리,2797,2351,5148
20220410,수인선,소래포구,5437,5296,10733
20220410,수인선,송도,1634,1591,3225
20220410,수인선,숭의,2193,1988,4181
20220410,수인선,신포,1348,1235,2583
20220410,수인선,야목,210,187,397
20220410,수인선,어천,529,669,1198
20220410,수인선,연수,3535,3382,6917
20220410,수인선,오목천,1612,1644,3256
20220410,수인선,원인재,3487,3648,7135
20220410,수인선,월곶,1791,1572,3363
20220410,수인선,인천,1286,2183,3469
20220410,수인선,인천논현,3018,3126,6144
20220410,수인선,인하대,3602,3517,7119
20220410,수인선,호구포,2130,2229,4359
20220410,안산선,고잔,5125,4950,10075
20220410,안산선,대야미,3439,3120,6559
20220410,안산선,반월,2677,2599,5276
20220410,안산선,산본,9617,10181,19798
20220410,안산선,상록수,9828,9721,19549
20220410,안산선,수리산,2349,2256,4605
20220410,안산선,신길온천,1280,1241,2521
20220410,안산선,안산,9759,9062,18821
20220410,안산선,오이도,6172,6079,12251
20220410,안산선,정왕,5818,6270,12088
20220410,안산선,중앙,12633,12259,24892
20220410,안산선,초지,2750,2811,5561
20220410,안산선,한대앞,5680,5891,11571
20220410,우이신설선,4.19민주묘지,2297,2090,4387
20220410,우이신설선,가오리,2311,2169,4480
20220410,우이신설선,보문,1013,960,1973
20220410,우이신설선,북한산보국문,3961,3701,7662
20220410,우이신설선,북한산우이,3282,3693,6975
20220410,우이신설선,삼양,1147,1191,2338
20220410,우이신설선,삼양사거리,1567,1511,3078
20220410,우이신설선,성신여대입구,2116,2506,4622
20220410,우이신설선,솔밭공원,1479,1410,2889
20220410,우이신설선,솔샘,2946,2785,5731
20220410,우이신설선,신설동,1141,1148,2289
20220410,우이신설선,정릉,2980,2421,5401
20220410,우이신설선,화계,2118,1950,4068
20220410,일산선,대곡,1255,1019,2274
20220410,일산선,대화,6162,5548,11710
20220410,일산선,마두,3535,3466,7001
20220410,일산선,백석,5341,5316,10657
20220410,일산선,삼송,11145,10872,22017
20220410,일산선,원당,6507,6365,12872
20220410,일산선,원흥,5777,5503,11280
20220410,일산선,정발산,6522,6607,13129
20220410,일산선,주엽,4639,4554,9193
20220410,일산선,화정,9631,9799,19430
20220410,장항선,배방,851,984,1835
20220410,장항선,봉명,612,601,1213
20220410,장항선,신창,1195,2014,3209
20220410,장항선,쌍용,1269,1458,2727
20220410,장항선,아산,3905,2513,6418
20220410,장항선,온양온천,3605,3549,7154
20220410,장항선,탕정,517,576,1093
20220410,중앙선,구리,8034,8341,16375
20220410,중앙선,국수,770,671,1441
20220410,중앙선,덕소,3562,3513,7075
20220410,중앙선,도농,5449,5317,10766
20220410,중앙선,도심,1328,1198,2526
20220410,중앙선,망우,5142,4950,10092
20220410,중앙선,상봉,3928,4013,7941
20220410,중앙선,신원,377,245,622
20220410,중앙선,아신,643,550,1193
20220410,중앙선,양수,2215,2125,4340
20220410,중앙선,양원,1503,1557,3060
20220410,중앙선,양정,527,455,982
20220410,중앙선,양평,2840,2545,5385
20220410,중앙선,오빈,253,235,488
20220410,중앙선,용문,4690,4181,8871
20220410,중앙선,운길산,1629,1460,3089
20220410,중앙선,원덕,744,559,1303
20220410,중앙선,중랑,3636,3690,7326
20220410,중앙선,지평,74,65,139
20220410,중앙선,팔당,1654,1794,3448
20220410,중앙선,회기,18424,18642,37066
20220416,1호선,동대문,10631,10524,21155
20220416,1호선,동묘앞,11789,12472,24261
20220416,1호선,서울역,32648,32937,65585
20220416,1호선,시청,11338,12034,23372
20220416,1호선,신설동,9985,9507,19492
20220416,1호선,제기동,15691,16155,31846
20220416,1호선,종각,18991,17374,36365
20220416,1호선,종로3가,23047,21699,44746
20220416,1호선,종로5가,19236,19690,38926
20220416,1호선,청량리,18146,18068,36214
20220416,2호선,강남,58294,59470,117764
20220416,2호선,강변,26400,25916,52316
20220416,2호선,건대입구,35934,38409,74343
20220416,2호선,교대,17027,18943,35970
20220416,2호선,구로디지털단지,33675,32986,66661
20220416,2호선,구의,16502,15783,32285
20220416,2호선,낙성대,21597,19804,41401
20220416,2호선,당산,13272,14297,27569
20220416,2호선,대림,17854,18908,36762
20220416,2호선,도림천,869,879,1748
20220416,2호선,동대문역사문화공원,9776,11237,21013
20220416,2호선,뚝섬,17680,17039,34719
20220416,2호선,문래,13042,13871,26913
20220416,2호선,방배,9492,9775,19267
20220416,2호선,봉천,17385,15426,32811
20220416,2호선,사당,31354,35447,66801
20220416,2호선,삼성,27995,28070,56065
20220416,2호선,상왕십리,9767,9057,18824
20220416,2호선,서울대입구,38666,37150,75816
20220416,2호선,서초,11032,9182,20214
20220416,2호선,선릉,23554,20968,44522
20220416,2호선,성수,21591,24152,45743
20220416,2호선,시청,9081,8454,17535
20220416,2호선,신답,1078,1114,2192
20220416,2호선,신당,11383,11978,23361
20220416,2호선,신대방,20929,19691,40620
20220416,2호선,신도림,40366,40819,81185
20220416,2호선,신림,51216,48522,99738
20220416,2호선,신설동,3557,1827,5384
20220416,2호선,신정네거리,7961,7758,15719
20220416,2호선,신촌,28520,28462,56982
20220416,2호선,아현,7445,6845,14290
20220416,2호선,양천구청,5164,4988,10152
20220416,2호선,역삼,17310,19342,36652
20220416,2호선,영등포구청,12609,13231,25840
20220416,2호선,왕십리,13095,11409,24504
20220416,2호선,용답,2186,2024,4210
20220416,2호선,용두,1736,1696,3432
20220416,2호선,을지로3가,11802,11802,23604
20220416,2호선,을지로4가,7138,7607,14745
20220416,2호선,을지로입구,21592,21851,43443
20220416,2호선,이대,10195,10373,20568
20220416,2호선,잠실,73717,70943,144660
20220416,2호선,잠실나루,7681,7646,15327
20220416,2호선,잠실새내,17083,17692,34775
20220416,2호선,종합운동장,9521,10001,19522
20220416,2호선,충정로,5576,6058,11634
20220416,2호선,한양대,4929,5100,10029
20220416,2호선,합정,28556,31965,60521
20220416,2호선,홍대입구,61990,68143,130133
20220416,3호선,가락시장,6255,6033,12288
20220416,3호선,경복궁,19059,20339,39398
20220416,3호선,경찰병원,3982,3919,7901
20220416,3호선,고속터미널,49558,49422,98980
20220416,3호선,교대,7041,4122,11163
20220416,3호선,구파발,15514,15736,31250
20220416,3호선,금호,5996,5283,11279
20220416,3호선,남부터미널,19779,19561,39340
20220416,3호선,녹번,10491,8876,19367
20220416,3호선,대청,5940,5442,11382
20220416,3호선,대치,8252,7742,15994
20220416,3호선,도곡,3420,3419,6839
20220416,3호선,독립문,6441,7385,13826
20220416,3호선,동대입구,7658,8748,16406
20220416,3호선,매봉,6448,6176,12624
20220416,3호선,무악재,2751,2946,5697
20220416,3호선,불광,13257,14795,28052
20220416,3호선,수서,13398,13449,26847
20220416,3호선,신사,25137,26887,52024
20220416,3호선,안국,17445,20007,37452
20220416,3호선,압구정,24456,25917,50373
20220416,3호선,약수,9356,8996,18352
20220416,3호선,양재,20918,22619,43537
20220416,3호선,연신내,29852,28003,57855
20220416,3호선,오금,3725,3554,7279
20220416,3호선,옥수,7059,7233,14292
20220416,3호선,을지로3가,5379,5821,11200
20220416,3호선,일원,4743,4703,9446
20220416,3호선,잠원,3811,3679,7490
20220416,3호선,종로3가,6165,8282,14447
20220416,3호선,지축,3576,3192,6768
20220416,3호선,충무로,2,0,2
20220416,3호선,학여울,1960,2086,4046
20220416,3호선,홍제,13584,12624,26208
20220416,4호선,길음,14750,13746,28496
20220416,4호선,남태령,1076,655,1731
20220416,4호선,노원,16153,17898,34051
20220416,4호선,당고개,7480,7036,14516
20220416,4호선,동대문,13671,13998,27669
20220416,4호선,동대문역사문화공원,11104,9924,21028
20220416,4호선,동작,1809,2021,3830
20220416,4호선,명동,15237,17491,32728
20220416,4호선,미아,10715,10158,20873
20220416,4호선,미아사거리,22187,20995,43182
20220416,4호선,사당,22796,18998,41794
20220416,4호선,삼각지,3756,5096,8852
20220416,4호선,상계,14794,13659,28453
20220416,4호선,서울역,5917,13888,19805
20220416,4호선,성신여대입구,16494,15516,32010
20220416,4호선,수유,27136,26346,53482
20220416,4호선,숙대입구,9608,9383,18991
20220416,4호선,신용산,10536,11438,21974
20220416,4호선,쌍문,22170,19543,41713
20220416,4호선,이촌,6792,7626,14418
20220416,4호선,창동,20134,20262,40396
20220416,4호선,총신대입구,14683,15983,30666
20220416,4호선,충무로,14194,15320,29514
20220416,4호선,한성대입구,11002,10560,21562
20220416,4호선,혜화,27077,27855,54932
20220416,4호선,회현,19015,21026,40041
20220416,5호선,강동,13330,12496,25826
20220416,5호선,강일,2987,2703,5690
20220416,5호선,개롱,4309,4324,8633
20220416,5호선,개화산,3918,3916,7834
20220416,5호선,거여,6368,6026,12394
20220416,5호선,고덕,6455,6193,12648
20220416,5호선,공덕,7207,7405,14612
20220416,5호선,광나루,10264,9602,19866
20220416,5호선,광화문,15283,15729,31012
20220416,5호선,군자,8529,9265,17794
20220416,5호선,굽은다리,7167,6619,13786
20220416,5호선,길동,5887,6093,11980
20220416,5호선,김포공항,7427,7557,14984
20220416,5호선,까치산,21753,20284,42037
20220416,5호선,답십리,10253,9273,19526
20220416,5호선,동대문역사문화공원,954,1361,2315
20220416,5호선,둔촌동,6378,6238,12616
20220416,5호선,마곡,5531,5738,11269
20220416,5호선,마장,3939,3755,7694
20220416,5호선,마천,4907,5009,9916
20220416,5호선,마포,7873,7831,15704
20220416,5호선,명일,6179,6087,12266
20220416,5호선,목동,11239,11271,22510
20220416,5호선,미사,12351,12293,24644
20220416,5호선,발산,13443,14685,28128
20220416,5호선,방이,5313,5084,10397
20220416,5호선,방화,4729,4392,9121
20220416,5호선,상일동,9579,8752,18331
20220416,5호선,서대문,7512,7127,14639
20220416,5호선,송정,5137,4819,9956
20220416,5호선,신금호,4233,4291,8524
20220416,5호선,신길,2791,2885,5676
20220416,5호선,신정,9064,7656,16720
20220416,5호선,아차산,14656,14302,28958
20220416,5호선,애오개,3585,3561,7146
20220416,5호선,양평,3847,3513,7360
20220416,5호선,여의나루,21772,24778,46550
20220416,5호선,여의도,13913,14679,28592
20220416,5호선,영등포구청,2044,1927,3971
20220416,5호선,영등포시장,8087,8624,16711
20220416,5호선,오금,2017,1935,3952
20220416,5호선,오목교,17146,17515,34661
20220416,5호선,올림픽공원,3567,3263,6830
20220416,5호선,왕십리,3514,4253,7767
20220416,5호선,우장산,9960,9703,19663
20220416,5호선,을지로4가,3445,3916,7361
20220416,5호선,장한평,11271,10820,22091
20220416,5호선,종로3가,13032,13449,26481
20220416,5호선,천호,16973,16380,33353
20220416,5호선,청구,2664,2344,5008
20220416,5호선,충정로,2052,1834,3886
20220416,5호선,하남검단산,5495,5372,10867
20220416,5호선,하남시청,5742,5413,11155
20220416,5호선,하남풍산,2879,2843,5722
20220416,5호선,행당,5575,4830,10405
20220416,5호선,화곡,20703,18748,39451
20220416,6호선,고려대,5433,5232,10665
20220416,6호선,공덕,10240,9665,19905
20220416,6호선,광흥창,5400,4863,10263
20220416,6호선,구산,5395,3996,9391
20220416,6호선,녹사평,5928,6319,12247
20220416,6호선,대흥,5715,5706,11421
20220416,6호선,독바위,2045,2452,4497
20220416,6호선,돌곶이,6184,5708,11892
20220416,6호선,동묘앞,7737,7610,15347
20220416,6호선,디지털미디어시티,7424,7475,14899
20220416,6호선,마포구청,9447,8165,17612
20220416,6호선,망원,13375,14883,28258
20220416,6호선,버티고개,1418,1507,2925
20220416,6호선,보문,5238,4761,9999
20220416,6호선,봉화산,5460,5219,10679
20220416,6호선,불광,3979,3649,7628
20220416,6호선,삼각지,6184,4704,10888
20220416,6호선,상수,8367,10622,18989
20220416,6호선,상월곡,4183,3686,7869
20220416,6호선,새절,8855,8222,17077
20220416,6호선,석계,8950,8860,17810
20220416,6호선,신당,6251,5612,11863
20220416,6호선,안암,6711,6439,13150
20220416,6호선,약수,2613,2645,5258
20220416,6호선,역촌,2684,2858,5542
20220416,6호선,월곡,7871,7712,15583
20220416,6호선,월드컵경기장,4859,5044,9903
20220416,6호선,응암,12994,12610,25604
20220416,6호선,이태원,15121,17537,32658
20220416,6호선,증산,7541,7391,14932
20220416,6호선,창신,2107,1778,3885
20220416,6호선,청구,2462,2470,4932
20220416,6호선,태릉입구,4353,4529,8882
20220416,6호선,한강진,8262,10745,19007
20220416,6호선,합정,12887,12105,24992
20220416,6호선,화랑대,7165,5919,13084
20220416,6호선,효창공원앞,4750,4226,8976
20220416,7호선,가산디지털단지,14930,13438,28368
20220416,7호선,강남구청,10192,11400,21592
20220416,7호선,건대입구,11045,11692,22737
20220416,7호선,고속터미널,13836,11085,24921
20220416,7호선,공릉,9714,9322,19036
20220416,7호선,광명사거리,17142,16847,33989
20220416,7호선,군자,11056,8394,19450
20220416,7호선,남구로,8170,8460,16630
20220416,7호선,남성,7832,7058,14890
20220416,7호선,내방,7537,7510,15047
20220416,7호선,노원,15835,16211,32046
20220416,7호선,논현,11096,12048,23144
20220416,7호선,대림,7009,7449,14458
20220416,7호선,도봉산,7137,10098,17235
20220416,7호선,뚝섬유원지,14480,14758,29238
20220416,7호선,마들,8932,8271,17203
20220416,7호선,먹골,7723,7302,15025
20220416,7호선,면목,11274,10630,21904
20220416,7호선,반포,4574,4353,8927
20220416,7호선,보라매,6737,6491,13228
20220416,7호선,사가정,12380,11810,24190
20220416,7호선,상도,7623,7038,14661
20220416,7호선,상봉,13448,12776,26224
20220416,7호선,수락산,10562,10244,20806
20220416,7호선,숭실대입구,9032,8706,17738
20220416,7호선,신대방삼거리,11801,10914,22715
20220416,7호선,신풍,8213,7643,15856
20220416,7호선,어린이대공원,13538,13947,27485
20220416,7호선,온수,5753,5618,11371
20220416,7호선,용마산,4539,4707,9246
20220416,7호선,이수,12050,11336,23386
20220416,7호선,장승배기,6353,6033,12386
20220416,7호선,장암,1697,1351,3048
20220416,7호선,중계,9627,8353,17980
20220416,7호선,중곡,7043,6487,13530
20220416,7호선,중화,7844,7345,15189
20220416,7호선,천왕,6929,6421,13350
20220416,7호선,철산,15093,15306,30399
20220416,7호선,청담,11326,12308,23634
20220416,7호선,태릉입구,6782,6287,13069
20220416,7호선,하계,13057,11763,24820
20220416,7호선,학동,10359,10913,21272
20220416,8호선,가락시장,5527,5863,11390
20220416,8호선,강동구청,6181,6009,12190
20220416,8호선,남위례,3486,3560,7046
20220416,8호선,남한산성입구,9439,8369,17808
20220416,8호선,단대오거리,7698,6988,14686
20220416,8호선,모란,3802,3347,7149
20220416,8호선,몽촌토성,5005,4951,9956
20220416,8호선,문정,8798,8770,17568
20220416,8호선,복정,6409,5353,11762
20220416,8호선,산성,4278,4252,8530
20220416,8호선,석촌,6079,7822,13901
20220416,8호선,송파,5602,5422,11024
20220416,8호선,수진,4255,3718,7973
20220416,8호선,신흥,3511,3720,7231
20220416,8호선,암사,12531,11391,23922
20220416,8호선,잠실,13818,16025,29843
20220416,8호선,장지,11996,11012,23008
20220416,8호선,천호,12039,14146,26185
20220416,9호선,가양,14267,13156,27423
20220416,9호선,개화,1557,1319,2876
20220416,9호선,고속터미널,13897,18946,32843
20220416,9호선,공항시장,2342,2378,4720
20220416,9호선,구반포,1337,1415,2752
20220416,9호선,국회의사당,8336,8391,16727
20220416,9호선,김포공항,7894,12467,20361
20220416,9호선,노들,3502,2952,6454
20220416,9호선,노량진,21567,20420,41987
20220416,9호선,당산,13399,12165,25564
20220416,9호선,동작,1886,1701,3587
20220416,9호선,등촌,7293,6936,14229
20220416,9호선,마곡나루,8861,8437,17298
20220416,9호선,사평,2203,2027,4230
20220416,9호선,샛강,2917,2823,5740
20220416,9호선,선유도,4447,4263,8710
20220416,9호선,신논현,25405,25483,50888
20220416,9호선,신목동,2528,2072,4600
20220416,9호선,신반포,3008,2967,5975
20220416,9호선,신방화,4635,4402,9037
20220416,9호선,양천향교,5997,5627,11624
20220416,9호선,여의도,14704,13901,28605
20220416,9호선,염창,12233,11145,23378
20220416,9호선,증미,4155,3831,7986
20220416,9호선,흑석,5713,5528,11241
20220416,9호선2~3단계,둔촌오륜,1265,1310,2575
20220416,9호선2~3단계,봉은사,10773,11417,22190
20220416,9호선2~3단계,삼성중앙,3107,3159,6266
20220416,9호선2~3단계,삼전,4970,4628,9598
20220416,9호선2~3단계,석촌,7196,6205,13401
20220416,9호선2~3단계,석촌고분,4381,4082,8463
20220416,9호선2~3단계,선정릉,4755,5421,10176
20220416,9호선2~3단계,송파나루,4563,4599,9162
20220416,9호선2~3단계,언주,6021,6033,12054
20220416,9호선2~3단계,올림픽공원,6917,7191,14108
20220416,9호선2~3단계,종합운동장,3288,2911,6199
20220416,9호선2~3단계,중앙보훈병원,4729,4453,9182
20220416,9호선2~3단계,한성백제,2160,1775,3935
20220416,경강선,경기광주,5645,5158,10803
20220416,경강선,곤지암,2008,2155,4163
20220416,경강선,부발,2079,1776,3855
20220416,경강선,삼동,1543,1446,2989
20220416,경강선,세종대왕릉,394,419,813
20220416,경강선,신둔도예촌,1278,1193,2471
20220416,경강선,여주,2547,2799,5346
20220416,경강선,이매,903,736,1639
20220416,경강선,이천,2848,2858,5706
20220416,경강선,초월,2278,2062,4340
20220416,경강선,판교,3141,3003,6144
20220416,경부선,가산디지털단지,6533,8515,15048
20220416,경부선,관악,6286,5759,12045
20220416,경부선,광명,2839,2447,5286
20220416,경부선,구로,12827,13226,26053
20220416,경부선,군포,4559,4039,8598
20220416,경부선,금정,19663,19733,39396
20220416,경부선,금천구청,8533,8434,16967
20220416,경부선,남영,5832,5976,11808
20220416,경부선,노량진,8470,7857,16327
20220416,경부선,당정,4241,3882,8123
20220416,경부선,대방,8514,8293,16807
20220416,경부선,독산,9036,8805,17841
20220416,경부선,두정,5388,5352,10740
20220416,경부선,명학,5099,4731,9830
20220416,경부선,병점,12494,12329,24823
20220416,경부선,서동탄,977,1007,1984
20220416,경부선,서울역,6718,1963,8681
20220416,경부선,서정리,7214,5808,13022
20220416,경부선,석수,7182,6920,14102
20220416,경부선,성균관대,11227,10788,22015
20220416,경부선,성환,3291,3053,6344
20220416,경부선,세류,2618,2571,5189
20220416,경부선,세마,2265,2009,4274
20220416,경부선,송탄,5235,4531,9766
20220416,경부선,수원,37890,41985,79875
20220416,경부선,신길,6135,5171,11306
20220416,경부선,신도림,3003,3124,6127
20220416,경부선,안양,18409,18171,36580
20220416,경부선,영등포,39741,41321,81062
20220416,경부선,오산,9611,8753,18364
20220416,경부선,오산대,3176,2830,6006
20220416,경부선,용산,33853,36306,70159
20220416,경부선,의왕,6505,6078,12583
20220416,경부선,직산,730,689,1419
20220416,경부선,진위,1134,961,2095
20220416,경부선,천안,6196,6497,12693
20220416,경부선,평택,13856,13289,27145
20220416,경부선,평택지제,3366,3041,6407
20220416,경부선,화서,5708,5600,11308
20220416,경원선,가능,5302,5007,10309
20220416,경원선,광운대,5724,5878,11602
20220416,경원선,녹양,3661,3593,7254
20220416,경원선,녹천,3365,2872,6237
20220416,경원선,덕계,2528,2304,4832
20220416,경원선,덕정,4870,4409,9279
20220416,경원선,도봉,4464,4208,8672
20220416,경원선,도봉산,10371,7220,17591
20220416,경원선,동두천,1750,2360,4110
20220416,경원선,동두천중앙,2696,2642,5338
20220416,경원선,망월사,5909,6192,12101
20220416,경원선,방학,7796,7462,15258
20220416,경원선,보산,2541,2423,4964
20220416,경원선,서빙고,1662,1734,3396
20220416,경원선,석계,7070,7234,14304
20220416,경원선,소요산,4802,4156,8958
20220416,경원선,신이문,6262,5642,11904
20220416,경원선,양주,6886,6438,13324
20220416,경원선,옥수,37,32,69
20220416,경원선,왕십리,12124,14010,26134
20220416,경원선,외대앞,6157,5658,11815
20220416,경원선,월계,4704,4228,8932
20220416,경원선,응봉,1731,1584,3315
20220416,경원선,의정부,18768,19486,38254
20220416,경원선,이촌,3272,2292,5564
20220416,경원선,지행,6135,6040,12175
20220416,경원선,청량리,15712,17234,32946
20220416,경원선,한남,2871,2661,5532
20220416,경원선,회룡,10296,10215,20511
20220416,경의선,가좌,3958,3678,7636
20220416,경의선,강매,2189,1933,4122
20220416,경의선,계양,1,0,1
20220416,경의선,곡산,503,512,1015
20220416,경의선,공덕,2652,2041,4693
20220416,경의선,금릉,4120,3844,7964
20220416,경의선,금촌,6168,5955,12123
20220416,경의선,김포공항,2,0,2
20220416,경의선,능곡,3012,2967,5979
20220416,경의선,디지털미디어시티,2021,1797,3818
20220416,경의선,문산,4869,4759,9628
20220416,경의선,백마,4482,4197,8679
20220416,경의선,서강대,1736,1681,3417
20220416,경의선,서울역,1342,1480,2822
20220416,경의선,수색,1472,1416,2888
20220416,경의선,신촌,314,360,674
20220416,경의선,야당,6413,6399,12812
20220416,경의선,운정,5219,4895,10114
20220416,경의선,월롱,2062,1713,3775
20220416,경의선,일산,6455,6097,12552
20220416,경의선,임진강,117,100,217
20220416,경의선,탄현,5458,5170,10628
20220416,경의선,파주,1012,750,1762
20220416,경의선,풍산,4418,4225,8643
20220416,경의선,행신,5365,5481,10846
20220416,경의선,홍대입구,1982,2455,4437
20220416,경의선,화전,1179,1118,2297
20220416,경의선,효창공원앞,1809,1921,3730
20220416,경인선,간석,4517,3949,8466
20220416,경인선,개봉,16148,15781,31929
20220416,경인선,구일,4741,4439,9180
20220416,경인선,도원,1893,1934,3827
20220416,경인선,도화,3340,3173,6513
20220416,경인선,동암,12420,12994,25414
20220416,경인선,동인천,12546,12574,25120
20220416,경인선,백운,5555,5663,11218
20220416,경인선,부개,6527,6687,13214
20220416,경인선,부천,29049,29843,58892
20220416,경인선,부평,29302,32422,61724
20220416,경인선,소사,7786,7675,15461
20220416,경인선,송내,18859,18559,37418
20220416,경인선,역곡,20555,20117,40672
20220416,경인선,오류동,8995,8225,17220
20220416,경인선,온수,5081,4724,9805
20220416,경인선,인천,6039,5202,11241
20220416,경인선,제물포,7564,7277,14841
20220416,경인선,주안,16200,14238,30438
20220416,경인선,중동,6681,6323,13004
20220416,경춘선,가평,2243,2421,4664
20220416,경춘선,갈매,2081,1817,3898
20220416,경춘선,강촌,882,872,1754
20220416,경춘선,굴봉산,293,349,642
20220416,경춘선,금곡,1278,1148,2426
20220416,경춘선,김유정,561,720,1281
20220416,경춘선,남춘천,2812,3187,5999
20220416,경춘선,대성리,1186,1306,2492
20220416,경춘선,마석,3528,3486,7014
20220416,경춘선,백양리,178,179,357
20220416,경춘선,별내,2375,2173,4548
20220416,경춘선,사릉,1895,1841,3736
20220416,경춘선,상천,695,597,1292
20220416,경춘선,신내,1343,1280,2623
20220416,경춘선,천마산,1491,1479,2970
20220416,경춘선,청평,2051,2172,4223
20220416,경춘선,춘천,2388,1980,4368
20220416,경춘선,퇴계원,2719,2457,5176
20220416,경춘선,평내호평,4799,4728,9527
20220416,공항철도 1호선,검암,4800,4905,9705
20220416,공항철도 1호선,계양,7572,6913,14485
20220416,공항철도 1호선,공덕,1507,2423,3930
20220416,공항철도 1호선,공항화물청사,1387,1336,2723
20220416,공항철도 1호선,김포공항,11275,6017,17292
20220416,공항철도 1호선,디지털미디어시티,5671,5289,10960
20220416,공항철도 1호선,마곡나루,3552,4042,7594
20220416,공항철도 1호선,서울역,7717,8156,15873
20220416,공항철도 1호선,영종,3222,3202,6424
20220416,공항철도 1호선,운서,6776,6909,13685
20220416,공항철도 1호선,인천공항1터미널,4702,4476,9178
20220416,공항철도 1호선,인천공항2터미널,2451,2193,4644
20220416,공항철도 1호선,청라국제도시,4563,4257,8820
20220416,공항철도 1호선,홍대입구,11819,11948,23767
20220416,과천선,경마공원,11307,11388,22695
20220416,과천선,과천,5134,4661,9795
20220416,과천선,대공원,13610,14199,27809
20220416,과천선,범계,21361,20983,42344
20220416,과천선,선바위,6048,5304,11352
20220416,과천선,인덕원,18027,17737,35764
20220416,과천선,정부과천청사,6712,6603,13315
20220416,과천선,평촌,9651,9334,18985
20220416,분당선,가천대,5415,5958,11373
20220416,분당선,강남구청,5736,6960,12696
20220416,분당선,개포동,2721,2735,5456
20220416,분당선,구룡,1365,1267,2632
20220416,분당선,구성,3349,3376,6725
20220416,분당선,기흥,6745,6424,13169
20220416,분당선,대모산입구,2855,2602,5457
20220416,분당선,도곡,4615,4160,8775
20220416,분당선,망포,9467,8487,17954
20220416,분당선,매교,2005,2064,4069
20220416,분당선,매탄권선,3574,3305,6879
20220416,분당선,모란,16276,16682,32958
20220416,분당선,미금,10927,11194,22121
20220416,분당선,보정,1591,1459,3050
20220416,분당선,상갈,3868,3778,7646
20220416,분당선,서울숲,13925,15990,29915
20220416,분당선,서현,18960,19017,37977
20220416,분당선,선릉,4985,7784,12769
20220416,분당선,선정릉,3520,3633,7153
20220416,분당선,수내,8936,8236,17172
20220416,분당선,수서,10395,10755,21150
20220416,분당선,수원,7786,6451,14237
20220416,분당선,수원시청,10951,12253,23204
20220416,분당선,신갈,2696,2757,5453
20220416,분당선,압구정로데오,18726,21999,40725
20220416,분당선,야탑,17840,18738,36578
20220416,분당선,영통,6807,6453,13260
20220416,분당선,오리,7814,6420,14234
20220416,분당선,이매,4190,4081,8271
20220416,분당선,정자,10485,10920,21405
20220416,분당선,죽전,10371,11720,22091
20220416,분당선,청명,2783,2756,5539
20220416,분당선,태평,11065,10353,21418
20220416,분당선,한티,11504,11108,22612
20220416,수인선,고색,2863,2679,5542
20220416,수인선,남동인더스파크,976,910,1886
20220416,수인선,달월,72,69,141
20220416,수인선,사리,3738,3143,6881
20220416,수인선,소래포구,7197,7219,14416
20220416,수인선,송도,2067,1959,4026
20220416,수인선,숭의,2890,2555,5445
20220416,수인선,신포,1694,1655,3349
20220416,수인선,야목,296,242,538
20220416,수인선,어천,822,699,1521
20220416,수인선,연수,4272,4068,8340
20220416,수인선,오목천,2329,1895,4224
20220416,수인선,원인재,3850,4141,7991
20220416,수인선,월곶,2172,2101,4273
20220416,수인선,인천,1485,2642,4127
20220416,수인선,인천논현,4466,4665,9131
20220416,수인선,인하대,4447,4102,8549
20220416,수인선,호구포,2752,2583,5335
20220416,안산선,고잔,6959,6805,13764
20220416,안산선,대야미,4554,3870,8424
20220416,안산선,반월,3550,3231,6781
20220416,안산선,산본,13047,13877,26924
20220416,안산선,상록수,12785,12603,25388
20220416,안산선,수리산,3065,2996,6061
20220416,안산선,신길온천,1535,1487,3022
20220416,안산선,안산,9997,10205,20202
20220416,안산선,오이도,7870,8041,15911
20220416,안산선,정왕,7019,7013,14032
20220416,안산선,중앙,16387,17136,33523
20220416,안산선,초지,3608,3742,7350
20220416,안산선,한대앞,7738,7527,15265
20220416,우이신설선,4.19민주묘지,2752,2354,5106
20220416,우이신설선,가오리,3173,3017,6190
20220416,우이신설선,보문,1151,1158,2309
20220416,우이신설선,북한산보국문,4852,4187,9039
20220416,우이신설선,북한산우이,4176,4456,8632
20220416,우이신설선,삼양,1576,1626,3202
20220416,우이신설선,삼양사거리,1911,1899,3810
20220416,우이신설선,성신여대입구,2777,3226,6003
20220416,우이신설선,솔밭공원,1819,1691,3510
20220416,우이신설선,솔샘,4080,3461,7541
20220416,우이신설선,신설동,1400,1464,2864
20220416,우이신설선,정릉,3767,3019,6786
20220416,우이신설선,화계,2607,2348,4955
20220416,일산선,대곡,1535,1319,2854
20220416,일산선,대화,8442,7556,15998
20220416,일산선,마두,5304,5127,10431
20220416,일산선,백석,7258,7219,14477
20220416,일산선,삼송,14643,13819,28462
20220416,일산선,원당,8723,8239,16962
20220416,일산선,원흥,7702,7468,15170
20220416,일산선,정발산,7285,7751,15036
20220416,일산선,주엽,6680,6549,13229
20220416,일산선,화정,13091,13511,26602
20220416,장항선,배방,1107,1060,2167
20220416,장항선,봉명,726,648,1374
20220416,장항선,신창,1225,1173,2398
20220416,장항선,쌍용,1696,1498,3194
20220416,장항선,아산,3119,2985,6104
20220416,장항선,온양온천,3744,3799,7543
20220416,장항선,탕정,689,610,1299
20220416,중앙선,구리,10638,10745,21383
20220416,중앙선,국수,863,817,1680
20220416,중앙선,덕소,4821,4795,9616
20220416,중앙선,도농,7411,6997,14408
20220416,중앙선,도심,1721,1434,3155
20220416,중앙선,망우,6633,6537,13170
20220416,중앙선,상봉,5116,4917,10033
20220416,중앙선,신원,410,304,714
20220416,중앙선,아신,731,748,1479
20220416,중앙선,양수,2647,2673,5320
20220416,중앙선,양원,2055,1873,3928
20220416,중앙선,양정,706,646,1352
20220416,중앙선,양평,3008,3235,6243
20220416,중앙선,오빈,363,364,727
20220416,중앙선,용문,2409,2559,4968
20220416,중앙선,운길산,1870,1899,3769
20220416,중앙선,원덕,629,607,1236
20220416,중앙선,중랑,4534,4313,8847
20220416,중앙선,지평,60,65,125
20220416,중앙선,팔당,1796,1955,3751
20220416,중앙선,회기,20419,19159,39578
20220417,1호선,동대문,10385,10715,21100
20220417,1호선,동묘앞,13084,13397,26481
20220417,1호선,서울역,29339,26393,55732
20220417,1호선,시청,12798,12474,25272
20220417,1호선,신설동,7948,8036,15984
20220417,1호선,제기동,10441,10923,21364
20220417,1호선,종각,12591,10776,23367
20220417,1호선,종로3가,15545,13064,28609
20220417,1호선,종로5가,9951,10189,20140
20220417,1호선,청량리,13105,13079,26184
20220417,2호선,강남,32852,32236,65088
20220417,2호선,강변,21458,20747,42205
20220417,2호선,건대입구,26266,26982,53248
20220417,2호선,교대,10398,11375,21773
20220417,2호선,구로디지털단지,23829,23208,47037
20220417,2호선,구의,11674,11706,23380
20220417,2호선,낙성대,16012,16603,32615
20220417,2호선,당산,9676,10086,19762
20220417,2호선,대림,14783,15026,29809
20220417,2호선,도림천,491,557,1048
20220417,2호선,동대문역사문화공원,7385,8891,16276
20220417,2호선,뚝섬,12242,12073,24315
20220417,2호선,문래,7911,8369,16280
20220417,2호선,방배,6716,7236,13952
20220417,2호선,봉천,12461,11964,24425
20220417,2호선,사당,21695,24328,46023
20220417,2호선,삼성,19620,18675,38295
20220417,2호선,상왕십리,7062,7008,14070
20220417,2호선,서울대입구,26864,27696,54560
20220417,2호선,서초,12115,11181,23296
20220417,2호선,선릉,13240,11460,24700
20220417,2호선,성수,14833,16667,31500
20220417,2호선,시청,7612,6551,14163
20220417,2호선,신답,873,893,1766
20220417,2호선,신당,8620,9161,17781
20220417,2호선,신대방,16085,15830,31915
20220417,2호선,신도림,27739,28392,56131
20220417,2호선,신림,37848,37077,74925
20220417,2호선,신설동,3544,1826,5370
20220417,2호선,신정네거리,5569,5471,11040
20220417,2호선,신촌,20812,20375,41187
20220417,2호선,아현,5176,5087,10263
20220417,2호선,양천구청,3477,3357,6834
20220417,2호선,역삼,11287,12399,23686
20220417,2호선,영등포구청,8425,8989,17414
20220417,2호선,왕십리,9223,8139,17362
20220417,2호선,용답,1723,1769,3492
20220417,2호선,용두,1245,1165,2410
20220417,2호선,을지로3가,9120,8673,17793
20220417,2호선,을지로4가,3602,3504,7106
20220417,2호선,을지로입구,16406,15185,31591
20220417,2호선,이대,6975,7488,14463
20220417,2호선,잠실,52780,49710,102490
20220417,2호선,잠실나루,5407,5551,10958
20220417,2호선,잠실새내,11315,11334,22649
20220417,2호선,종합운동장,7721,8473,16194
20220417,2호선,충정로,3686,3980,7666
20220417,2호선,한양대,2755,3182,5937
20220417,2호선,합정,20507,22243,42750
20220417,2호선,홍대입구,45108,45558,90666
20220417,3호선,가락시장,3825,4002,7827
20220417,3호선,경복궁,13794,14516,28310
20220417,3호선,경찰병원,2891,2905,5796
20220417,3호선,고속터미널,41041,37809,78850
20220417,3호선,교대,4379,2667,7046
20220417,3호선,구파발,11256,11690,22946
20220417,3호선,금호,4229,4113,8342
20220417,3호선,남부터미널,13731,14476,28207
20220417,3호선,녹번,7223,6590,13813
20220417,3호선,대청,4174,4064,8238
20220417,3호선,대치,5010,4591,9601
20220417,3호선,도곡,2124,2244,4368
20220417,3호선,독립문,4643,5379,10022
20220417,3호선,동대입구,5631,6462,12093
20220417,3호선,매봉,4215,4245,8460
20220417,3호선,무악재,1943,2118,4061
20220417,3호선,불광,9886,11248,21134
20220417,3호선,수서,10319,10252,20571
20220417,3호선,신사,13252,13476,26728
20220417,3호선,안국,12152,13660,25812
20220417,3호선,압구정,13419,14233,27652
20220417,3호선,약수,6889,6611,13500
20220417,3호선,양재,13943,15967,29910
20220417,3호선,연신내,21482,20259,41741
20220417,3호선,오금,2781,2747,5528
20220417,3호선,옥수,5055,5206,10261
20220417,3호선,을지로3가,3669,3329,6998
20220417,3호선,일원,3373,3620,6993
20220417,3호선,잠원,2372,2336,4708
20220417,3호선,종로3가,3891,5092,8983
20220417,3호선,지축,2568,2367,4935
20220417,3호선,학여울,877,866,1743
20220417,3호선,홍제,9584,9247,18831
20220417,4호선,길음,10988,10771,21759
20220417,4호선,남태령,847,624,1471
20220417,4호선,노원,11717,12849,24566
20220417,4호선,당고개,5789,5592,11381
20220417,4호선,동대문,7931,8300,16231
20220417,4호선,동대문역사문화공원,8822,8068,16890
20220417,4호선,동작,1471,1627,3098
20220417,4호선,명동,13159,13110,26269
20220417,4호선,미아,8350,7751,16101
20220417,4호선,미아사거리,16679,15865,32544
20220417,4호선,사당,15990,14669,30659
20220417,4호선,삼각지,2854,3756,6610
20220417,4호선,상계,10943,10316,21259
20220417,4호선,서울역,4529,10764,15293
20220417,4호선,성신여대입구,12265,11805,24070
20220417,4호선,수유,20279,19410,39689
20220417,4호선,숙대입구,7679,7286,14965
20220417,4호선,신용산,8220,8363,16583
20220417,4호선,쌍문,16177,14406,30583
20220417,4호선,이촌,5051,5769,10820
20220417,4호선,창동,15236,15487,30723
20220417,4호선,총신대입구,10282,11357,21639
20220417,4호선,충무로,9523,9679,19202
20220417,4호선,한성대입구,7689,7899,15588
20220417,4호선,혜화,21500,22552,44052
20220417,4호선,회현,9213,9679,18892
20220417,5호선,강동,8960,9070,18030
20220417,5호선,강일,2220,2114,4334
20220417,5호선,개롱,2975,3394,6369
20220417,5호선,개화산,2796,2960,5756
20220417,5호선,거여,4674,4532,9206
20220417,5호선,고덕,4286,4317,8603
20220417,5호선,공덕,4712,4677,9389
20220417,5호선,광나루,8409,8172,16581
20220417,5호선,광화문,11710,12047,23757
20220417,5호선,군자,6133,6714,12847
20220417,5호선,굽은다리,5394,4985,10379
20220417,5호선,길동,4132,4201,8333
20220417,5호선,김포공항,7114,6873,13987
20220417,5호선,까치산,15895,15474,31369
20220417,5호선,답십리,7606,6891,14497
20220417,5호선,동대문역사문화공원,686,820,1506
20220417,5호선,둔촌동,4492,4555,9047
20220417,5호선,마곡,3703,3838,7541
20220417,5호선,마장,3062,2907,5969
20220417,5호선,마천,3686,3926,7612
20220417,5호선,마포,4865,5023,9888
20220417,5호선,명일,5119,5179,10298
20220417,5호선,목동,7787,7939,15726
20220417,5호선,미사,9031,8969,18000
20220417,5호선,발산,9157,9843,19000
20220417,5호선,방이,4149,3906,8055
20220417,5호선,방화,3633,3569,7202
20220417,5호선,상일동,6490,6288,12778
20220417,5호선,서대문,5459,5255,10714
20220417,5호선,송정,3872,3776,7648
20220417,5호선,신금호,2972,3236,6208
20220417,5호선,신길,1984,2293,4277
20220417,5호선,신정,6505,5955,12460
20220417,5호선,아차산,12022,11986,24008
20220417,5호선,애오개,2749,2822,5571
20220417,5호선,양평,2802,2885,5687
20220417,5호선,여의나루,17013,18205,35218
20220417,5호선,여의도,9171,9493,18664
20220417,5호선,영등포구청,1441,1384,2825
20220417,5호선,영등포시장,5571,5858,11429
20220417,5호선,오금,1608,1455,3063
20220417,5호선,오목교,11196,11590,22786
20220417,5호선,올림픽공원,2563,2303,4866
20220417,5호선,왕십리,2652,3101,5753
20220417,5호선,우장산,6821,6947,13768
20220417,5호선,을지로4가,1767,1763,3530
20220417,5호선,장한평,7863,7833,15696
20220417,5호선,종로3가,8598,7772,16370
20220417,5호선,천호,12404,11776,24180
20220417,5호선,청구,1868,1614,3482
20220417,5호선,충정로,1419,1462,2881
20220417,5호선,하남검단산,4678,4622,9300
20220417,5호선,하남시청,4130,3840,7970
20220417,5호선,하남풍산,2076,2121,4197
20220417,5호선,행당,3939,3602,7541
20220417,5호선,화곡,14576,13631,28207
20220417,6호선,고려대,4016,4078,8094
20220417,6호선,공덕,7111,6557,13668
20220417,6호선,광흥창,4159,3939,8098
20220417,6호선,구산,3944,2915,6859
20220417,6호선,녹사평,4134,4092,8226
20220417,6호선,대흥,3867,4001,7868
20220417,6호선,독바위,1586,1935,3521
20220417,6호선,돌곶이,5413,4908,10321
20220417,6호선,동묘앞,6574,6299,12873
20220417,6호선,디지털미디어시티,5496,5602,11098
20220417,6호선,마포구청,6927,6380,13307
20220417,6호선,망원,9943,10622,20565
20220417,6호선,버티고개,1058,1157,2215
20220417,6호선,보문,4233,3990,8223
20220417,6호선,봉화산,3952,3892,7844
20220417,6호선,불광,2840,2683,5523
20220417,6호선,삼각지,4368,3313,7681
20220417,6호선,상수,5930,7122,13052
20220417,6호선,상월곡,3257,3008,6265
20220417,6호선,새절,6406,6288,12694
20220417,6호선,석계,6570,6854,13424
20220417,6호선,신내,2,0,2
20220417,6호선,신당,4487,4896,9383
20220417,6호선,안암,4717,5182,9899
20220417,6호선,약수,1743,1738,3481
20220417,6호선,역촌,1918,2309,4227
20220417,6호선,월곡,5430,5331,10761
20220417,6호선,월드컵경기장,4099,4219,8318
20220417,6호선,응암,9633,9567,19200
20220417,6호선,이태원,9936,9897,19833
20220417,6호선,증산,5621,5674,11295
20220417,6호선,창신,1653,1487,3140
20220417,6호선,청구,1761,1636,3397
20220417,6호선,태릉입구,3201,3463,6664
20220417,6호선,한강진,6241,7478,13719
20220417,6호선,합정,9458,8791,18249
20220417,6호선,화랑대,5092,4404,9496
20220417,6호선,효창공원앞,3569,3213,6782
20220417,7호선,가산디지털단지,10755,9905,20660
20220417,7호선,강남구청,5888,6529,12417
20220417,7호선,건대입구,7553,7965,15518
20220417,7호선,고속터미널,12860,8130,20990
20220417,7호선,공릉,6559,6861,13420
20220417,7호선,광명사거리,12837,12642,25479
20220417,7호선,군자,8200,6126,14326
20220417,7호선,남구로,6597,6404,13001
20220417,7호선,남성,5398,5409,10807
20220417,7호선,내방,5136,5277,10413
20220417,7호선,노원,10810,10754,21564
20220417,7호선,논현,5959,6520,12479
20220417,7호선,대림,6804,6521,13325
20220417,7호선,도봉산,5855,8388,14243
20220417,7호선,뚝섬유원지,11811,11548,23359
20220417,7호선,마들,5991,5668,11659
20220417,7호선,먹골,5508,5217,10725
20220417,7호선,면목,8153,7906,16059
20220417,7호선,반포,2977,2983,5960
20220417,7호선,보라매,5270,5234,10504
20220417,7호선,사가정,9193,8843,18036
20220417,7호선,상도,5398,5456,10854
20220417,7호선,상봉,9513,9029,18542
20220417,7호선,수락산,8262,8168,16430
20220417,7호선,숭실대입구,6104,6454,12558
20220417,7호선,신대방삼거리,8569,8428,16997
20220417,7호선,신풍,6216,5915,12131
20220417,7호선,어린이대공원,9335,9768,19103
20220417,7호선,온수,4058,4149,8207
20220417,7호선,용마산,3495,3863,7358
20220417,7호선,이수,8518,8036,16554
20220417,7호선,장승배기,4526,4587,9113
20220417,7호선,장암,1464,966,2430
20220417,7호선,중계,6727,6260,12987
20220417,7호선,중곡,5400,5121,10521
20220417,7호선,중화,5855,5707,11562
20220417,7호선,천왕,4992,4827,9819
20220417,7호선,철산,10398,10265,20663
20220417,7호선,청담,6768,7451,14219
20220417,7호선,태릉입구,5048,4628,9676
20220417,7호선,하계,9284,8860,18144
20220417,7호선,학동,6229,6521,12750
20220417,8호선,가락시장,3238,4077,7315
20220417,8호선,강동구청,4420,4551,8971
20220417,8호선,남위례,2323,2601,4924
20220417,8호선,남한산성입구,6919,6393,13312
20220417,8호선,단대오거리,5599,5444,11043
20220417,8호선,모란,2680,2270,4950
20220417,8호선,몽촌토성,3668,3683,7351
20220417,8호선,문정,5687,6042,11729
20220417,8호선,복정,4886,4627,9513
20220417,8호선,산성,3105,3337,6442
20220417,8호선,석촌,4182,5399,9581
20220417,8호선,송파,3877,3988,7865
20220417,8호선,수진,3053,2717,5770
20220417,8호선,신흥,2564,2694,5258
20220417,8호선,암사,8971,8410,17381
20220417,8호선,잠실,10205,11447,21652
20220417,8호선,장지,8773,8857,17630
20220417,8호선,천호,8793,9767,18560
20220417,9호선,가양,10308,10343,20651
20220417,9호선,개화,1125,1097,2222
20220417,9호선,고속터미널,10971,14669,25640
20220417,9호선,공항시장,1784,1976,3760
20220417,9호선,구반포,611,628,1239
20220417,9호선,국회의사당,5448,5042,10490
20220417,9호선,김포공항,7420,11566,18986
20220417,9호선,노들,2826,2436,5262
20220417,9호선,노량진,14928,15648,30576
20220417,9호선,당산,9296,8869,18165
20220417,9호선,동작,1731,1295,3026
20220417,9호선,등촌,5169,5287,10456
20220417,9호선,마곡나루,5956,5982,11938
20220417,9호선,사평,1415,1510,2925
20220417,9호선,샛강,1853,1831,3684
20220417,9호선,선유도,3121,3151,6272
20220417,9호선,신논현,15234,14458,29692
20220417,9호선,신목동,1916,1635,3551
20220417,9호선,신반포,2043,2142,4185
20220417,9호선,신방화,3480,3394,6874
20220417,9호선,양천향교,4167,4341,8508
20220417,9호선,여의도,10110,9140,19250
20220417,9호선,염창,8666,8464,17130
20220417,9호선,증미,2974,2924,5898
20220417,9호선,흑석,3835,4109,7944
20220417,9호선2~3단계,둔촌오륜,485,531,1016
20220417,9호선2~3단계,봉은사,7714,7757,15471
20220417,9호선2~3단계,삼성중앙,2010,2197,4207
20220417,9호선2~3단계,삼전,3676,3515,7191
20220417,9호선2~3단계,석촌,5061,4485,9546
20220417,9호선2~3단계,석촌고분,3288,3202,6490
20220417,9호선2~3단계,선정릉,3077,3397,6474
20220417,9호선2~3단계,송파나루,3157,3243,6400
20220417,9호선2~3단계,언주,3767,3768,7535
20220417,9호선2~3단계,올림픽공원,4277,4493,8770
20220417,9호선2~3단계,종합운동장,2295,2066,4361
20220417,9호선2~3단계,중앙보훈병원,3447,3341,6788
20220417,9호선2~3단계,한성백제,1598,1366,2964
20220417,경강선,경기광주,3983,3931,7914
20220417,경강선,곤지암,1717,1859,3576
20220417,경강선,부발,1551,2242,3793
20220417,경강선,삼동,1067,971,2038
20220417,경강선,세종대왕릉,345,304,649
20220417,경강선,신둔도예촌,1010,1000,2010
20220417,경강선,여주,2238,2278,4516
20220417,경강선,이매,724,559,1283
20220417,경강선,이천,2144,2368,4512
20220417,경강선,초월,1780,1688,3468
20220417,경강선,판교,2503,2271,4774
20220417,경부선,가산디지털단지,4868,6711,11579
20220417,경부선,관악,5045,4583,9628
20220417,경부선,광명,2830,1923,4753
20220417,경부선,구로,9657,9519,19176
20220417,경부선,군포,3222,3078,6300
20220417,경부선,금정,15112,15408,30520
20220417,경부선,금천구청,6503,6564,13067
20220417,경부선,남영,4267,4659,8926
20220417,경부선,노량진,5970,5684,11654
20220417,경부선,당정,3094,3144,6238
20220417,경부선,대방,6120,6362,12482
20220417,경부선,독산,6367,6461,12828
20220417,경부선,두정,4457,5485,9942
20220417,경부선,명학,3524,3428,6952
20220417,경부선,병점,9632,10330,19962
20220417,경부선,서동탄,779,719,1498
20220417,경부선,서울역,7922,1678,9600
20220417,경부선,서정리,4796,6852,11648
20220417,경부선,석수,5289,5124,10413
20220417,경부선,성균관대,7851,8618,16469
20220417,경부선,성환,2753,3502,6255
20220417,경부선,세류,2102,2043,4145
20220417,경부선,세마,1696,1651,3347
20220417,경부선,송탄,3707,4475,8182
20220417,경부선,수원,34048,33154,67202
20220417,경부선,신길,4977,4448,9425
20220417,경부선,신도림,2390,2521,4911
20220417,경부선,안양,13734,13142,26876
20220417,경부선,영등포,32436,31105,63541
20220417,경부선,오산,7754,8340,16094
20220417,경부선,오산대,2403,2286,4689
20220417,경부선,용산,31886,28464,60350
20220417,경부선,의왕,4435,4619,9054
20220417,경부선,직산,629,688,1317
20220417,경부선,진위,955,935,1890
20220417,경부선,천안,6322,6215,12537
20220417,경부선,평택,11908,12697,24605
20220417,경부선,평택지제,2719,2556,5275
20220417,경부선,화서,4272,4270,8542
20220417,경원선,가능,4200,3947,8147
20220417,경원선,광운대,4062,4209,8271
20220417,경원선,녹양,2964,2834,5798
20220417,경원선,녹천,2586,2358,4944
20220417,경원선,덕계,1933,1913,3846
20220417,경원선,덕정,3567,3820,7387
20220417,경원선,도봉,3665,3496,7161
20220417,경원선,도봉산,9866,7107,16973
20220417,경원선,동두천,1481,1938,3419
20220417,경원선,동두천중앙,2418,2221,4639
20220417,경원선,망월사,4813,5011,9824
20220417,경원선,방학,6292,5999,12291
20220417,경원선,보산,1647,1614,3261
20220417,경원선,서빙고,1558,1636,3194
20220417,경원선,석계,5154,5591,10745
20220417,경원선,소요산,5287,4536,9823
20220417,경원선,신이문,4784,4393,9177
20220417,경원선,양주,5463,5423,10886
20220417,경원선,옥수,44,23,67
20220417,경원선,왕십리,9379,10680,20059
20220417,경원선,외대앞,4501,4821,9322
20220417,경원선,월계,3850,3655,7505
20220417,경원선,응봉,1350,1285,2635
20220417,경원선,의정부,14479,14847,29326
20220417,경원선,이촌,2681,1855,4536
20220417,경원선,지행,4775,4732,9507
20220417,경원선,청량리,14023,13051,27074
20220417,경원선,한남,2023,1979,4002
20220417,경원선,회룡,7884,7782,15666
20220417,경의선,가좌,2805,2805,5610
20220417,경의선,강매,1590,1464,3054
20220417,경의선,곡산,377,355,732
20220417,경의선,공덕,1858,1454,3312
20220417,경의선,금릉,3010,3025,6035
20220417,경의선,금촌,4305,4619,8924
20220417,경의선,능곡,2342,2324,4666
20220417,경의선,디지털미디어시티,1463,1381,2844
20220417,경의선,문산,3736,3765,7501
20220417,경의선,백마,3352,3244,6596
20220417,경의선,서강대,1320,1404,2724
20220417,경의선,서울역,1147,974,2121
20220417,경의선,수색,977,1028,2005
20220417,경의선,신촌,281,327,608
20220417,경의선,야당,4678,4571,9249
20220417,경의선,운정,3783,3586,7369
20220417,경의선,월롱,1202,2312,3514
20220417,경의선,일산,4784,4534,9318
20220417,경의선,임진강,82,87,169
20220417,경의선,탄현,4282,4056,8338
20220417,경의선,파주,722,696,1418
20220417,경의선,풍산,3614,3329,6943
20220417,경의선,행신,4652,4276,8928
20220417,경의선,홍대입구,1572,1694,3266
20220417,경의선,화전,941,936,1877
20220417,경의선,효창공원앞,1298,1541,2839
20220417,경인선,간석,3311,2921,6232
20220417,경인선,개봉,11592,11696,23288
20220417,경인선,구일,3780,3701,7481
20220417,경인선,도원,1551,1591,3142
20220417,경인선,도화,2490,2334,4824
20220417,경인선,동암,9681,9433,19114
20220417,경인선,동인천,10196,9598,19794
20220417,경인선,백운,4043,4001,8044
20220417,경인선,부개,4912,4481,9393
20220417,경인선,부천,22622,22177,44799
20220417,경인선,부평,22763,23161,45924
20220417,경인선,소사,5824,5572,11396
20220417,경인선,송내,13518,13340,26858
20220417,경인선,역곡,14664,14552,29216
20220417,경인선,오류동,7134,6642,13776
20220417,경인선,온수,3838,3603,7441
20220417,경인선,인천,5075,4292,9367
20220417,경인선,제물포,5645,5395,11040
20220417,경인선,주안,11646,10173,21819
20220417,경인선,중동,4948,4752,9700
20220417,경춘선,가평,2078,1728,3806
20220417,경춘선,갈매,1552,1384,2936
20220417,경춘선,강촌,937,767,1704
20220417,경춘선,굴봉산,350,303,653
20220417,경춘선,금곡,989,959,1948
20220417,경춘선,김유정,533,539,1072
20220417,경춘선,남춘천,3290,3516,6806
20220417,경춘선,대성리,1029,817,1846
20220417,경춘선,마석,2902,2819,5721
20220417,경춘선,백양리,179,128,307
20220417,경춘선,별내,1936,1722,3658
20220417,경춘선,사릉,1505,1477,2982
20220417,경춘선,상천,696,581,1277
20220417,경춘선,신내,1028,993,2021
20220417,경춘선,천마산,1248,1269,2517
20220417,경춘선,청평,2049,1621,3670
20220417,경춘선,춘천,2116,1670,3786
20220417,경춘선,퇴계원,2195,2001,4196
20220417,경춘선,평내호평,3661,3583,7244
20220417,공항철도 1호선,검암,3725,3866,7591
20220417,공항철도 1호선,계양,5439,5317,10756
20220417,공항철도 1호선,공덕,1218,1699,2917
20220417,공항철도 1호선,공항화물청사,1042,1075,2117
20220417,공항철도 1호선,김포공항,11936,6042,17978
20220417,공항철도 1호선,디지털미디어시티,3860,3891,7751
20220417,공항철도 1호선,마곡나루,2597,2887,5484
20220417,공항철도 1호선,서울역,8054,7105,15159
20220417,공항철도 1호선,영종,2617,2509,5126
20220417,공항철도 1호선,운서,5547,5953,11500
20220417,공항철도 1호선,인천공항1터미널,4521,4344,8865
20220417,공항철도 1호선,인천공항2터미널,2177,2103,4280
20220417,공항철도 1호선,청라국제도시,3295,3182,6477
20220417,공항철도 1호선,홍대입구,9643,8760,18403
20220417,과천선,경마공원,13851,14108,27959
20220417,과천선,과천,3829,3729,7558
20220417,과천선,대공원,9833,10118,19951
20220417,과천선,범계,15028,14582,29610
20220417,과천선,선바위,4352,4014,8366
20220417,과천선,인덕원,12946,12850,25796
20220417,과천선,정부과천청사,4610,4570,9180
20220417,과천선,평촌,6282,6043,12325
20220417,분당선,가천대,3802,4677,8479
20220417,분당선,강남구청,3401,4180,7581
20220417,분당선,개포동,1934,1915,3849
20220417,분당선,구룡,816,858,1674
20220417,분당선,구성,2533,2608,5141
20220417,분당선,기흥,5107,4732,9839
20220417,분당선,대모산입구,2105,2020,4125
20220417,분당선,도곡,2871,2760,5631
20220417,분당선,망포,6241,6542,12783
20220417,분당선,매교,1397,1512,2909
20220417,분당선,매탄권선,2471,2438,4909
20220417,분당선,모란,11429,11797,23226
20220417,분당선,미금,7135,7584,14719
20220417,분당선,보정,1138,1047,2185
20220417,분당선,복정,1,0,1
20220417,분당선,상갈,2837,2973,5810
20220417,분당선,서울숲,10460,11113,21573
20220417,분당선,서현,13589,13511,27100
20220417,분당선,선릉,2933,4498,7431
20220417,분당선,선정릉,2121,2219,4340
20220417,분당선,수내,6004,5725,11729
20220417,분당선,수서,8711,8029,16740
20220417,분당선,수원,6204,4934,11138
20220417,분당선,수원시청,7057,7188,14245
20220417,분당선,신갈,1931,1997,3928
20220417,분당선,압구정로데오,10334,11840,22174
20220417,분당선,야탑,13601,13856,27457
20220417,분당선,영통,4724,4762,9486
20220417,분당선,오리,5166,4573,9739
20220417,분당선,이매,3316,3246,6562
20220417,분당선,정자,7274,7772,15046
20220417,분당선,죽전,7615,8453,16068
20220417,분당선,청명,1992,2059,4051
20220417,분당선,태평,8182,7746,15928
20220417,분당선,한티,7329,7351,14680
20220417,수인선,고색,1760,1839,3599
20220417,수인선,남동인더스파크,596,611,1207
20220417,수인선,달월,81,81,162
20220417,수인선,사리,2791,2299,5090
20220417,수인선,소래포구,6084,5912,11996
20220417,수인선,송도,1559,1551,3110
20220417,수인선,숭의,2155,1968,4123
20220417,수인선,신포,1312,1153,2465
20220417,수인선,야목,251,209,460
20220417,수인선,어천,603,738,1341
20220417,수인선,연수,3321,3316,6637
20220417,수인선,오목천,1675,1612,3287
20220417,수인선,원인재,2991,3159,6150
20220417,수인선,월곶,1811,1656,3467
20220417,수인선,인천,1266,2096,3362
20220417,수인선,인천논현,3072,3226,6298
20220417,수인선,인하대,3274,3241,6515
20220417,수인선,호구포,2150,2230,4380
20220417,안산선,고잔,7583,7304,14887
20220417,안산선,대야미,3364,3074,6438
20220417,안산선,반월,2781,2653,5434
20220417,안산선,산본,9318,9984,19302
20220417,안산선,상록수,9525,9476,19001
20220417,안산선,수리산,2460,2572,5032
20220417,안산선,신길온천,1222,1106,2328
20220417,안산선,안산,10835,10318,21153
20220417,안산선,오이도,6295,6074,12369
20220417,안산선,정왕,5561,5780,11341
20220417,안산선,중앙,11996,11816,23812
20220417,안산선,초지,2530,2518,5048
20220417,안산선,한대앞,5666,5621,11287
20220417,우이신설선,4.19민주묘지,2354,2047,4401
20220417,우이신설선,가오리,2372,2176,4548
20220417,우이신설선,보문,1018,1064,2082
20220417,우이신설선,북한산보국문,3875,3600,7475
20220417,우이신설선,북한산우이,3641,3889,7530
20220417,우이신설선,삼양,1255,1323,2578
20220417,우이신설선,삼양사거리,1629,1514,3143
20220417,우이신설선,성신여대입구,2143,2414,4557
20220417,우이신설선,솔밭공원,1433,1440,2873
20220417,우이신설선,솔샘,2997,2782,5779
20220417,우이신설선,신설동,1269,1200,2469
20220417,우이신설선,정릉,2885,2456,5341
20220417,우이신설선,화계,2117,1981,4098
20220417,일산선,대곡,1161,975,2136
20220417,일산선,대화,6089,5547,11636
20220417,일산선,마두,3486,3457,6943
20220417,일산선,백석,5393,5335,10728
20220417,일산선,삼송,10842,10636,21478
20220417,일산선,원당,6483,6182,12665
20220417,일산선,원흥,5773,5526,11299
20220417,일산선,정발산,5756,5753,11509
20220417,일산선,주엽,4627,4518,9145
20220417,일산선,화정,9577,9686,19263
20220417,장항선,배방,820,955,1775
20220417,장항선,봉명,535,561,1096
20220417,장항선,신창,976,1500,2476
20220417,장항선,쌍용,1237,1334,2571
20220417,장항선,아산,3867,2575,6442
20220417,장항선,온양온천,3517,3541,7058
20220417,장항선,탕정,433,511,944
20220417,중앙선,구리,7681,8044,15725
20220417,중앙선,국수,691,637,1328
20220417,중앙선,덕소,3385,3426,6811
20220417,중앙선,도농,5258,5140,10398
20220417,중앙선,도심,1284,1139,2423
20220417,중앙선,망우,5245,5265,10510
20220417,중앙선,상봉,4141,4111,8252
20220417,중앙선,신원,388,244,632
20220417,중앙선,아신,699,560,1259
20220417,중앙선,양수,2077,2009,4086
20220417,중앙선,양원,1502,1545,3047
20220417,중앙선,양정,586,461,1047
20220417,중앙선,양평,2643,2264,4907
20220417,중앙선,오빈,277,255,532
20220417,중앙선,용문,2377,2008,4385
20220417,중앙선,운길산,1779,1621,3400
20220417,중앙선,원덕,551,455,1006
20220417,중앙선,중랑,3592,3452,7044
20220417,중앙선,지평,53,66,119
20220417,중앙선,팔당,1492,1671,3163
20220417,중앙선,회기,15503,15758,31261
20220423,1호선,동대문,10871,10493,21364
20220423,1호선,동묘앞,12346,12956,25302
20220423,1호선,서울역,33471,33971,67442
20220423,1호선,시청,12181,12773,24954
20220423,1호선,신설동,10095,9510,19605
20220423,1호선,제기동,16079,16459,32538
20220423,1호선,종각,19784,18514,38298
20220423,1호선,종로3가,24454,22793,47247
20220423,1호선,종로5가,19721,20440,40161
20220423,1호선,청량리,19179,18976,38155
20220423,2호선,강남,59767,61884,121651
20220423,2호선,강변,27110,27040,54150
20220423,2호선,건대입구,35171,38625,73796
20220423,2호선,교대,17554,19657,37211
20220423,2호선,구로디지털단지,34814,33815,68629
20220423,2호선,구의,16739,15882,32621
20220423,2호선,낙성대,21956,19795,41751
20220423,2호선,당산,13510,14461,27971
20220423,2호선,대림,18435,19361,37796
20220423,2호선,도림천,879,840,1719
20220423,2호선,동대문역사문화공원,9720,9598,19318
20220423,2호선,뚝섬,18493,18825,37318
20220423,2호선,문래,13314,14328,27642
20220423,2호선,방배,10413,10657,21070
20220423,2호선,봉천,17525,15475,33000
20220423,2호선,사당,32535,36175,68710
20220423,2호선,삼성,27571,27818,55389
20220423,2호선,상왕십리,9815,9074,18889
20220423,2호선,서울대입구,38321,37056,75377
20220423,2호선,서초,12408,8594,21002
20220423,2호선,선릉,24083,21248,45331
20220423,2호선,성수,20844,24018,44862
20220423,2호선,시청,9419,8400,17819
20220423,2호선,신답,1115,1110,2225
20220423,2호선,신당,11538,11980,23518
20220423,2호선,신대방,21394,20181,41575
20220423,2호선,신도림,41063,41588,82651
20220423,2호선,신림,52100,48679,100779
20220423,2호선,신설동,3604,3481,7085
20220423,2호선,신정네거리,7439,7356,14795
20220423,2호선,신촌,29126,29519,58645
20220423,2호선,아현,7502,6911,14413
20220423,2호선,양천구청,5223,5034,10257
20220423,2호선,역삼,18093,20117,38210
20220423,2호선,영등포구청,12899,13591,26490
20220423,2호선,왕십리,13621,11651,25272
20220423,2호선,용답,2129,2083,4212
20220423,2호선,용두,1764,1735,3499
20220423,2호선,을지로3가,12323,12946,25269
20220423,2호선,을지로4가,7716,8070,15786
20220423,2호선,을지로입구,21135,21424,42559
20220423,2호선,이대,10487,10639,21126
20220423,2호선,잠실,70676,67442,138118
20220423,2호선,잠실나루,7650,7373,15023
20220423,2호선,잠실새내,17331,18208,35539
20220423,2호선,종합운동장,12890,14801,27691
20220423,2호선,충정로,5824,6232,12056
20220423,2호선,한양대,4970,5256,10226
20220423,2호선,합정,28100,32612,60712
20220423,2호선,홍대입구,61636,71134,132770
20220423,3호선,가락시장,6113,5983,12096
20220423,3호선,경복궁,18800,20283,39083
20220423,3호선,경찰병원,4072,3834,7906
20220423,3호선,고속터미널,50781,50391,101172
20220423,3호선,교대,7094,4163,11257
20220423,3호선,구파발,15465,15608,31073
20220423,3호선,금호,6062,5372,11434
20220423,3호선,남부터미널,21281,21479,42760
20220423,3호선,녹번,10626,8943,19569
20220423,3호선,대청,6128,5592,11720
20220423,3호선,대치,8049,7488,15537
20220423,3호선,도곡,3372,3441,6813
20220423,3호선,독립문,6361,7312,13673
20220423,3호선,동대입구,7120,7943,15063
20220423,3호선,매봉,6574,6253,12827
20220423,3호선,무악재,2883,2911,5794
20220423,3호선,불광,13518,15055,28573
20220423,3호선,수서,13590,13596,27186
20220423,3호선,신사,25661,27586,53247
20220423,3호선,안국,17784,20854,38638
20220423,3호선,압구정,25041,26796,51837
20220423,3호선,약수,9463,8960,18423
20220423,3호선,양재,21199,23286,44485
20220423,3호선,연신내,30127,28149,58276
20220423,3호선,오금,3771,3573,7344
20220423,3호선,옥수,7349,7260,14609
20220423,3호선,을지로3가,5693,6446,12139
20220423,3호선,일원,5273,4993,10266
20220423,3호선,잠원,3563,3396,6959
20220423,3호선,종로3가,5921,8900,14821
20220423,3호선,지축,3547,3256,6803
20220423,3호선,충무로,1,0,1
20220423,3호선,학여울,1219,1238,2457
20220423,3호선,홍제,13773,12726,26499
20220423,4호선,길음,15229,13933,29162
20220423,4호선,남태령,1154,726,1880
20220423,4호선,노원,16058,17896,33954
20220423,4호선,당고개,7532,7150,14682
20220423,4호선,동대문,13899,14121,28020
20220423,4호선,동대문역사문화공원,11023,9605,20628
20220423,4호선,동작,1744,1836,3580
20220423,4호선,명동,14827,17275,32102
20220423,4호선,미아,11010,10206,21216
20220423,4호선,미아사거리,22647,21359,44006
20220423,4호선,사당,22589,20082,42671
20220423,4호선,삼각지,3793,5176,8969
20220423,4호선,상계,15348,14332,29680
20220423,4호선,서울역,6046,14150,20196
20220423,4호선,성신여대입구,16586,15684,32270
20220423,4호선,수유,27324,26581,53905
20220423,4호선,숙대입구,9439,8971,18410
20220423,4호선,신용산,10487,11720,22207
20220423,4호선,쌍문,22077,19206,41283
20220423,4호선,이촌,7174,8019,15193
20220423,4호선,창동,20404,20732,41136
20220423,4호선,총신대입구,14707,15708,30415
20220423,4호선,충무로,14330,15240,29570
20220423,4호선,한성대입구,10881,10422,21303
20220423,4호선,혜화,28251,29881,58132
20220423,4호선,회현,18879,20602,39481
20220423,5호선,강동,13509,12641,26150
20220423,5호선,강일,2974,2760,5734
20220423,5호선,개롱,4274,4487,8761
20220423,5호선,개화산,3864,3823,7687
20220423,5호선,거여,6955,6370,13325
20220423,5호선,고덕,6349,6159,12508
20220423,5호선,공덕,7291,7474,14765
20220423,5호선,광나루,10984,10279,21263
20220423,5호선,광화문,15781,16199,31980
20220423,5호선,군자,8626,9555,18181
20220423,5호선,굽은다리,7434,6709,14143
20220423,5호선,길동,6007,6090,12097
20220423,5호선,김포공항,7539,7709,15248
20220423,5호선,까치산,22136,20498,42634
20220423,5호선,답십리,10564,9401,19965
20220423,5호선,동대문역사문화공원,1036,1332,2368
20220423,5호선,둔촌동,5883,5744,11627
20220423,5호선,마곡,5613,5800,11413
20220423,5호선,마장,3942,3598,7540
20220423,5호선,마천,4908,4987,9895
20220423,5호선,마포,7753,7741,15494
20220423,5호선,명일,6269,6191,12460
20220423,5호선,목동,11601,11437,23038
20220423,5호선,미사,12924,12943,25867
20220423,5호선,발산,14249,15571,29820
20220423,5호선,방이,5404,5189,10593
20220423,5호선,방화,4976,4732,9708
20220423,5호선,상일동,9466,8516,17982
20220423,5호선,서대문,7607,7566,15173
20220423,5호선,송정,5214,4694,9908
20220423,5호선,신금호,4202,4317,8519
20220423,5호선,신길,2712,2749,5461
20220423,5호선,신정,9436,7946,17382
20220423,5호선,아차산,14957,14505,29462
20220423,5호선,애오개,3827,3721,7548
20220423,5호선,양평,3804,3560,7364
20220423,5호선,여의나루,20275,22317,42592
20220423,5호선,여의도,12639,13647,26286
20220423,5호선,영등포구청,2132,2060,4192
20220423,5호선,영등포시장,8330,8667,16997
20220423,5호선,오금,2164,2045,4209
20220423,5호선,오목교,15477,16051,31528
20220423,5호선,올림픽공원,3359,3170,6529
20220423,5호선,왕십리,3492,4320,7812
20220423,5호선,우장산,9911,9759,19670
20220423,5호선,을지로4가,3725,4153,7878
20220423,5호선,장한평,11540,11054,22594
20220423,5호선,종로3가,12850,13859,26709
20220423,5호선,천호,17486,16745,34231
20220423,5호선,청구,2648,2365,5013
20220423,5호선,충정로,1892,1799,3691
20220423,5호선,하남검단산,5615,5454,11069
20220423,5호선,하남시청,5975,5522,11497
20220423,5호선,하남풍산,2885,2901,5786
20220423,5호선,행당,5581,4655,10236
20220423,5호선,화곡,20820,18671,39491
20220423,6호선,고려대,5596,5199,10795
20220423,6호선,공덕,10309,9653,19962
20220423,6호선,광흥창,5343,4821,10164
20220423,6호선,구산,5644,4096,9740
20220423,6호선,녹사평,5685,6480,12165
20220423,6호선,대흥,5603,5544,11147
20220423,6호선,독바위,2025,2198,4223
20220423,6호선,돌곶이,6279,5778,12057
20220423,6호선,동묘앞,8047,7714,15761
20220423,6호선,디지털미디어시티,7577,7515,15092
20220423,6호선,마포구청,9792,8152,17944
20220423,6호선,망원,13899,15493,29392
20220423,6호선,버티고개,1676,1789,3465
20220423,6호선,보문,5330,4698,10028
20220423,6호선,봉화산,5567,5385,10952
20220423,6호선,불광,3869,3631,7500
20220423,6호선,삼각지,6441,5010,11451
20220423,6호선,상수,8161,10430,18591
20220423,6호선,상월곡,4215,3672,7887
20220423,6호선,새절,9049,8358,17407
20220423,6호선,석계,9107,8813,17920
20220423,6호선,신당,6054,5728,11782
20220423,6호선,안암,7258,6893,14151
20220423,6호선,약수,2586,2653,5239
20220423,6호선,역촌,2675,3059,5734
20220423,6호선,월곡,7416,7210,14626
20220423,6호선,월드컵경기장,4959,5153,10112
20220423,6호선,응암,13143,12673,25816
20220423,6호선,이태원,14953,20096,35049
20220423,6호선,증산,7645,7283,14928
20220423,6호선,창신,2122,1729,3851
20220423,6호선,청구,2432,2413,4845
20220423,6호선,태릉입구,4308,4565,8873
20220423,6호선,한강진,8847,11411,20258
20220423,6호선,합정,12860,12155,25015
20220423,6호선,화랑대,7190,5807,12997
20220423,6호선,효창공원앞,4946,4325,9271
20220423,7호선,가산디지털단지,15334,13729,29063
20220423,7호선,강남구청,10040,11370,21410
20220423,7호선,건대입구,10748,11497,22245
20220423,7호선,고속터미널,15070,11600,26670
20220423,7호선,공릉,9530,8945,18475
20220423,7호선,광명사거리,17450,17167,34617
20220423,7호선,군자,11395,8387,19782
20220423,7호선,남구로,8330,8637,16967
20220423,7호선,남성,7850,7214,15064
20220423,7호선,내방,7820,7855,15675
20220423,7호선,노원,15604,16398,32002
20220423,7호선,논현,11342,12287,23629
20220423,7호선,대림,7072,7586,14658
20220423,7호선,도봉산,7251,9673,16924
20220423,7호선,뚝섬유원지,15065,14399,29464
20220423,7호선,마들,9155,8223,17378
20220423,7호선,먹골,7643,7211,14854
20220423,7호선,면목,11556,10750,22306
20220423,7호선,반포,4504,4373,8877
20220423,7호선,보라매,6902,6664,13566
20220423,7호선,사가정,12707,12032,24739
20220423,7호선,삼산체육관,1,0,1
20220423,7호선,상도,7565,6933,14498
20220423,7호선,상동,1,0,1
20220423,7호선,상봉,13670,12995,26665
20220423,7호선,수락산,10573,10215,20788
20220423,7호선,숭실대입구,9587,8995,18582
20220423,7호선,신대방삼거리,11545,10716,22261
20220423,7호선,신풍,8413,7855,16268
20220423,7호선,어린이대공원,11744,11849,23593
20220423,7호선,온수,5964,5692,11656
20220423,7호선,용마산,4435,4508,8943
20220423,7호선,이수,12294,11483,23777
20220423,7호선,장승배기,6595,6229,12824
20220423,7호선,장암,1826,1141,2967
20220423,7호선,중계,9776,8526,18302
20220423,7호선,중곡,7262,6633,13895
20220423,7호선,중화,7998,7445,15443
20220423,7호선,천왕,7220,6669,13889
20220423,7호선,철산,15435,15624,31059
20220423,7호선,청담,11014,12075,23089
20220423,7호선,태릉입구,6732,6229,12961
20220423,7호선,하계,12803,11772,24575
20220423,7호선,학동,10941,11605,22546
20220423,8호선,가락시장,5472,5744,11216
20220423,8호선,강동구청,6165,6018,12183
20220423,8호선,남위례,3486,3443,6929
20220423,8호선,남한산성입구,9681,8296,17977
20220423,8호선,단대오거리,7989,7244,15233
20220423,8호선,모란,3750,3336,7086
20220423,8호선,몽촌토성,4916,5034,9950
20220423,8호선,문정,8734,8728,17462
20220423,8호선,복정,6439,5415,11854
20220423,8호선,산성,4461,4509,8970
20220423,8호선,석촌,6072,7760,13832
20220423,8호선,송파,5669,5341,11010
20220423,8호선,수진,4231,3788,8019
20220423,8호선,신흥,3508,3637,7145
20220423,8호선,암사,12682,11473,24155
20220423,8호선,잠실,12799,15208,28007
20220423,8호선,장지,12362,11133,23495
20220423,8호선,천호,12181,14342,26523
20220423,9호선,가양,14613,13612,28225
20220423,9호선,개화,1554,1312,2866
20220423,9호선,고속터미널,14340,19788,34128
20220423,9호선,공항시장,2424,2416,4840
20220423,9호선,구반포,1077,1135,2212
20220423,9호선,국회의사당,9154,8695,17849
20220423,9호선,김포공항,8136,12383,20519
20220423,9호선,노들,3626,3039,6665
20220423,9호선,노량진,21869,21212,43081
20220423,9호선,당산,13725,12635,26360
20220423,9호선,동작,1980,1560,3540
20220423,9호선,등촌,7456,7100,14556
20220423,9호선,마곡나루,9018,8808,17826
20220423,9호선,사평,2317,2110,4427
20220423,9호선,샛강,2791,2700,5491
20220423,9호선,선유도,4384,4198,8582
20220423,9호선,신논현,26616,26442,53058
20220423,9호선,신목동,2548,2026,4574
20220423,9호선,신반포,3225,3323,6548
20220423,9호선,신방화,4798,4544,9342
20220423,9호선,양천향교,6423,5887,12310
20220423,9호선,여의도,13535,13073,26608
20220423,9호선,염창,12666,11385,24051
20220423,9호선,증미,4231,3880,8111
20220423,9호선,흑석,5791,5732,11523
20220423,9호선2~3단계,둔촌오륜,576,595,1171
20220423,9호선2~3단계,봉은사,10729,11235,21964
20220423,9호선2~3단계,삼성중앙,2960,2972,5932
20220423,9호선2~3단계,삼전,4956,4465,9421
20220423,9호선2~3단계,석촌,7389,6005,13394
20220423,9호선2~3단계,석촌고분,4339,4282,8621
20220423,9호선2~3단계,선정릉,4786,5396,10182
20220423,9호선2~3단계,송파나루,4268,4576,8844
20220423,9호선2~3단계,언주,6518,6553,13071
20220423,9호선2~3단계,올림픽공원,5701,5513,11214
20220423,9호선2~3단계,종합운동장,3621,3637,7258
20220423,9호선2~3단계,중앙보훈병원,4779,4390,9169
20220423,9호선2~3단계,한성백제,2019,1732,3751
20220423,경강선,경기광주,5722,5386,11108
20220423,경강선,곤지암,2051,2133,4184
20220423,경강선,부발,2265,1836,4101
20220423,경강선,삼동,1629,1487,3116
20220423,경강선,세종대왕릉,398,458,856
20220423,경강선,신둔도예촌,1362,1261,2623
20220423,경강선,여주,2372,2768,5140
20220423,경강선,이매,902,713,1615
20220423,경강선,이천,2809,2845,5654
20220423,경강선,초월,2390,2143,4533
20220423,경강선,판교,3264,3221,6485
20220423,경부선,가산디지털단지,6698,8723,15421
20220423,경부선,관악,6683,6373,13056
20220423,경부선,광명,2969,2659,5628
20220423,경부선,구로,13673,14089,27762
20220423,경부선,군포,4519,4117,8636
20220423,경부선,금정,20294,20061,40355
20220423,경부선,금천구청,8907,8766,17673
20220423,경부선,남영,5769,6043,11812
20220423,경부선,노량진,8778,7916,16694
20220423,경부선,당정,4237,3962,8199
20220423,경부선,대방,8537,8445,16982
20220423,경부선,독산,9586,9033,18619
20220423,경부선,두정,5716,5760,11476
20220423,경부선,명학,5228,4955,10183
20220423,경부선,병점,12860,12540,25400
20220423,경부선,서동탄,1063,1057,2120
20220423,경부선,서울역,7565,1956,9521
20220423,경부선,서정리,7437,5914,13351
20220423,경부선,석수,7317,6698,14015
20220423,경부선,성균관대,11595,11347,22942
20220423,경부선,성환,3278,2873,6151
20220423,경부선,세류,2670,2583,5253
20220423,경부선,세마,2342,2238,4580
20220423,경부선,송탄,5338,4692,10030
20220423,경부선,수원,38650,42763,81413
20220423,경부선,신길,6386,5247,11633
20220423,경부선,신도림,3172,3329,6501
20220423,경부선,안양,18544,18470,37014
20220423,경부선,영등포,40184,42542,82726
20220423,경부선,오산,10260,9555,19815
20220423,경부선,오산대,3348,3051,6399
20220423,경부선,용산,34523,37727,72250
20220423,경부선,의왕,6785,6584,13369
20220423,경부선,직산,784,728,1512
20220423,경부선,진위,1272,1096,2368
20220423,경부선,천안,6589,6911,13500
20220423,경부선,평택,14028,13670,27698
20220423,경부선,평택지제,3529,3152,6681
20220423,경부선,화서,6119,5920,12039
20220423,경원선,가능,5452,5151,10603
20220423,경원선,광운대,6306,6249,12555
20220423,경원선,녹양,3794,3602,7396
20220423,경원선,녹천,3485,2769,6254
20220423,경원선,덕계,2544,2346,4890
20220423,경원선,덕정,5168,4653,9821
20220423,경원선,도봉,4915,4588,9503
20220423,경원선,도봉산,10318,7478,17796
20220423,경원선,동두천,1818,2511,4329
20220423,경원선,동두천중앙,2716,2583,5299
20220423,경원선,망월사,6158,6200,12358
20220423,경원선,방학,7998,7754,15752
20220423,경원선,보산,2440,2305,4745
20220423,경원선,서빙고,1770,1830,3600
20220423,경원선,석계,7167,7389,14556
20220423,경원선,소요산,5014,4270,9284
20220423,경원선,신이문,6407,5757,12164
20220423,경원선,양주,6912,6468,13380
20220423,경원선,옥수,48,35,83
20220423,경원선,왕십리,12236,14235,26471
20220423,경원선,외대앞,6147,5813,11960
20220423,경원선,월계,4996,4477,9473
20220423,경원선,응봉,1725,1522,3247
20220423,경원선,의정부,18404,19442,37846
20220423,경원선,이촌,3442,2346,5788
20220423,경원선,지행,6237,6158,12395
20220423,경원선,청량리,16437,17827,34264
20220423,경원선,한남,2811,2791,5602
20220423,경원선,회룡,10340,10246,20586
20220423,경의선,가좌,4250,3874,8124
20220423,경의선,강매,2237,1976,4213
20220423,경의선,곡산,493,526,1019
20220423,경의선,공덕,2902,2175,5077
20220423,경의선,금릉,4232,3948,8180
20220423,경의선,금촌,6099,5551,11650
20220423,경의선,능곡,3063,3062,6125
20220423,경의선,디지털미디어시티,2024,1785,3809
20220423,경의선,문산,4967,4856,9823
20220423,경의선,백마,4842,4446,9288
20220423,경의선,서강대,1781,1696,3477
20220423,경의선,서울역,1480,1610,3090
20220423,경의선,수색,1546,1452,2998
20220423,경의선,신촌,344,390,734
20220423,경의선,야당,6781,6888,13669
20220423,경의선,운정,5388,4892,10280
20220423,경의선,월롱,2195,1731,3926
20220423,경의선,일산,7900,7615,15515
20220423,경의선,임진강,86,75,161
20220423,경의선,탄현,5865,5370,11235
20220423,경의선,파주,991,718,1709
20220423,경의선,풍산,4610,4405,9015
20220423,경의선,행신,5594,5545,11139
20220423,경의선,홍대입구,1851,2346,4197
20220423,경의선,화전,1259,1177,2436
20220423,경의선,효창공원앞,1825,1963,3788
20220423,경인선,간석,4613,3912,8525
20220423,경인선,개봉,16815,16173,32988
20220423,경인선,구일,8075,8296,16371
20220423,경인선,도원,2114,2111,4225
20220423,경인선,도화,3376,3065,6441
20220423,경인선,동암,12635,12697,25332
20220423,경인선,동인천,12616,12272,24888
20220423,경인선,백운,5744,5623,11367
20220423,경인선,부개,6551,6125,12676
20220423,경인선,부천,29446,30379,59825
20220423,경인선,부평,28913,32606,61519
20220423,경인선,소사,7927,7639,15566
20220423,경인선,송내,19159,18651,37810
20220423,경인선,역곡,21064,20210,41274
20220423,경인선,오류동,9571,8524,18095
20220423,경인선,온수,5132,4686,9818
20220423,경인선,인천,5447,4721,10168
20220423,경인선,제물포,7668,7196,14864
20220423,경인선,주안,16689,14541,31230
20220423,경인선,중동,7039,6467,13506
20220423,경춘선,가평,2295,2559,4854
20220423,경춘선,갈매,2108,1812,3920
20220423,경춘선,강촌,841,925,1766
20220423,경춘선,굴봉산,362,350,712
20220423,경춘선,금곡,1232,1176,2408
20220423,경춘선,김유정,653,799,1452
20220423,경춘선,남춘천,2983,3203,6186
20220423,경춘선,대성리,999,1233,2232
20220423,경춘선,마석,4201,4040,8241
20220423,경춘선,백양리,165,185,350
20220423,경춘선,별내,2407,2296,4703
20220423,경춘선,사릉,1943,1900,3843
20220423,경춘선,상천,603,600,1203
20220423,경춘선,신내,1443,1409,2852
20220423,경춘선,천마산,1574,1526,3100
20220423,경춘선,청평,1993,2252,4245
20220423,경춘선,춘천,2422,2034,4456
20220423,경춘선,퇴계원,2833,2555,5388
20220423,경춘선,평내호평,5018,4788,9806
20220423,공항철도 1호선,검암,4838,4889,9727
20220423,공항철도 1호선,계양,7572,6873,14445
20220423,공항철도 1호선,공덕,1733,2669,4402
20220423,공항철도 1호선,공항화물청사,1305,1363,2668
20220423,공항철도 1호선,김포공항,11866,5910,17776
20220423,공항철도 1호선,디지털미디어시티,5904,5531,11435
20220423,공항철도 1호선,마곡나루,3705,3968,7673
20220423,공항철도 1호선,서울역,8284,8459,16743
20220423,공항철도 1호선,영종,3206,3098,6304
20220423,공항철도 1호선,운서,6718,6766,13484
20220423,공항철도 1호선,인천공항1터미널,4955,4652,9607
20220423,공항철도 1호선,인천공항2터미널,2617,2336,4953
20220423,공항철도 1호선,청라국제도시,4487,4290,8777
20220423,공항철도 1호선,홍대입구,11941,12367,24308
20220423,과천선,경마공원,11881,12163,24044
20220423,과천선,과천,5078,4539,9617
20220423,과천선,대공원,11137,11656,22793
20220423,과천선,범계,21289,20885,42174
20220423,과천선,선바위,6176,5283,11459
20220423,과천선,인덕원,17790,17403,35193
20220423,과천선,정부과천청사,6669,6524,13193
20220423,과천선,평촌,9808,9409,19217
20220423,분당선,가천대,5821,6033,11854
20220423,분당선,강남구청,5384,6821,12205
20220423,분당선,개포동,2634,2543,5177
20220423,분당선,구룡,1436,1307,2743
20220423,분당선,구성,3518,3599,7117
20220423,분당선,기흥,6673,6355,13028
20220423,분당선,대모산입구,2811,2479,5290
20220423,분당선,도곡,4600,4151,8751
20220423,분당선,망포,9618,8424,18042
20220423,분당선,매교,2295,2292,4587
20220423,분당선,매탄권선,3718,3371,7089
20220423,분당선,모란,16264,16705,32969
20220423,분당선,미금,10673,11059,21732
20220423,분당선,보정,1728,1513,3241
20220423,분당선,복정,2,0,2
20220423,분당선,상갈,4023,3885,7908
20220423,분당선,서울숲,13894,15617,29511
20220423,분당선,서현,18716,18795,37511
20220423,분당선,선릉,5076,8162,13238
20220423,분당선,선정릉,3511,3640,7151
20220423,분당선,수내,8914,8394,17308
20220423,분당선,수서,10456,10937,21393
20220423,분당선,수원,7856,6604,14460
20220423,분당선,수원시청,11246,13371,24617
20220423,분당선,신갈,2874,2897,5771
20220423,분당선,압구정로데오,18502,22348,40850
20220423,분당선,야탑,18161,19139,37300
20220423,분당선,영통,6973,6080,13053
20220423,분당선,오리,8129,6593,14722
20220423,분당선,이매,4311,4094,8405
20220423,분당선,정자,10777,10964,21741
20220423,분당선,죽전,10317,11361,21678
20220423,분당선,청명,2828,2790,5618
20220423,분당선,태평,11014,10354,21368
20220423,분당선,한티,10541,10279,20820
20220423,수인선,고색,2762,2686,5448
20220423,수인선,남동인더스파크,991,993,1984
20220423,수인선,달월,72,73,145
20220423,수인선,사리,3874,3202,7076
20220423,수인선,소래포구,6663,6713,13376
20220423,수인선,송도,2066,1984,4050
20220423,수인선,숭의,2950,2707,5657
20220423,수인선,신포,1612,1676,3288
20220423,수인선,야목,323,242,565
20220423,수인선,어천,824,748,1572
20220423,수인선,연수,4197,4308,8505
20220423,수인선,오목천,2328,1901,4229
20220423,수인선,원인재,3950,4017,7967
20220423,수인선,월곶,2315,2130,4445
20220423,수인선,인천,1457,2392,3849
20220423,수인선,인천논현,4406,4516,8922
20220423,수인선,인하대,5028,4501,9529
20220423,수인선,호구포,2773,2604,5377
20220423,안산선,고잔,6894,6865,13759
20220423,안산선,대야미,4645,3936,8581
20220423,안산선,반월,3671,3422,7093
20220423,안산선,산본,13913,14471,28384
20220423,안산선,상록수,13148,12955,26103
20220423,안산선,수리산,5137,5487,10624
20220423,안산선,신길온천,1680,1549,3229
20220423,안산선,안산,9912,10222,20134
20220423,안산선,오이도,8161,8387,16548
20220423,안산선,정왕,7064,6984,14048
20220423,안산선,중앙,16505,17711,34216
20220423,안산선,초지,3497,3475,6972
20220423,안산선,한대앞,7739,7490,15229
20220423,우이신설선,4.19민주묘지,2681,2336,5017
20220423,우이신설선,가오리,3052,2907,5959
20220423,우이신설선,보문,1213,1123,2336
20220423,우이신설선,북한산보국문,4953,4132,9085
20220423,우이신설선,북한산우이,3858,4116,7974
20220423,우이신설선,삼양,1688,1679,3367
20220423,우이신설선,삼양사거리,2040,1892,3932
20220423,우이신설선,성신여대입구,2657,3251,5908
20220423,우이신설선,솔밭공원,1945,1867,3812
20220423,우이신설선,솔샘,3991,3556,7547
20220423,우이신설선,신설동,1555,1482,3037
20220423,우이신설선,정릉,3927,3200,7127
20220423,우이신설선,화계,2626,2303,4929
20220423,일산선,대곡,1586,1280,2866
20220423,일산선,대화,9312,8256,17568
20220423,일산선,마두,5455,5518,10973
20220423,일산선,백석,7603,7525,15128
20220423,일산선,삼송,15223,14247,29470
20220423,일산선,원당,8853,8303,17156
20220423,일산선,원흥,7943,7277,15220
20220423,일산선,정발산,9715,10140,19855
20220423,일산선,주엽,6681,6530,13211
20220423,일산선,화정,13456,13733,27189
20220423,장항선,배방,1141,1080,2221
20220423,장항선,봉명,838,724,1562
20220423,장항선,신창,1491,1239,2730
20220423,장항선,쌍용,1724,1608,3332
20220423,장항선,아산,3145,3128,6273
20220423,장항선,온양온천,3905,4114,8019
20220423,장항선,탕정,691,597,1288
20220423,중앙선,구리,11033,10978,22011
20220423,중앙선,국수,887,896,1783
20220423,중앙선,덕소,4882,4961,9843
20220423,중앙선,도농,7624,7097,14721
20220423,중앙선,도심,1690,1449,3139
20220423,중앙선,망우,7011,6712,13723
20220423,중앙선,상봉,5251,4973,10224
20220423,중앙선,신원,439,346,785
20220423,중앙선,아신,754,813,1567
20220423,중앙선,양수,2452,2694,5146
20220423,중앙선,양원,2161,1997,4158
20220423,중앙선,양정,707,622,1329
20220423,중앙선,양평,4862,4956,9818
20220423,중앙선,오빈,343,386,729
20220423,중앙선,용문,2858,3189,6047
20220423,중앙선,운길산,1821,1741,3562
20220423,중앙선,원덕,573,573,1146
20220423,중앙선,중랑,4783,4497,9280
20220423,중앙선,지평,72,117,189
20220423,중앙선,팔당,1717,1991,3708
20220423,중앙선,회기,20548,19281,39829
20220424,1호선,동대문,10046,10299,20345
20220424,1호선,동묘앞,12770,13149,25919
20220424,1호선,서울역,28573,25426,53999
20220424,1호선,시청,8320,7877,16197
20220424,1호선,신설동,7708,7746,15454
20220424,1호선,제기동,10309,10924,21233
20220424,1호선,종각,12941,11205,24146
20220424,1호선,종로3가,15299,12957,28256
20220424,1호선,종로5가,10158,10096,20254
20220424,1호선,청량리,13447,13266,26713
20220424,2호선,강남,33739,33002,66741
20220424,2호선,강변,21441,21273,42714
20220424,2호선,건대입구,25905,26617,52522
20220424,2호선,교대,10579,11598,22177
20220424,2호선,구로디지털단지,23770,23285,47055
20220424,2호선,구의,11312,11485,22797
20220424,2호선,낙성대,15577,16393,31970
20220424,2호선,당산,9499,10114,19613
20220424,2호선,대림,14716,15270,29986
20220424,2호선,도림천,468,541,1009
20220424,2호선,동대문역사문화공원,7636,7874,15510
20220424,2호선,뚝섬,11805,11903,23708
20220424,2호선,문래,7992,8719,16711
20220424,2호선,방배,6765,7182,13947
20220424,2호선,봉천,12429,12111,24540
20220424,2호선,사당,22223,24834,47057
20220424,2호선,삼성,19478,18599,38077
20220424,2호선,상왕십리,6864,6839,13703
20220424,2호선,서울대입구,27124,28021,55145
20220424,2호선,서초,11628,10850,22478
20220424,2호선,선릉,13405,11371,24776
20220424,2호선,성수,13934,15633,29567
20220424,2호선,시청,5881,4988,10869
20220424,2호선,신답,784,850,1634
20220424,2호선,신당,8416,8965,17381
20220424,2호선,신대방,16287,16032,32319
20220424,2호선,신도림,27690,28114,55804
20220424,2호선,신림,37877,37384,75261
20220424,2호선,신설동,3353,3372,6725
20220424,2호선,신정네거리,5589,5690,11279
20220424,2호선,신촌,20252,19920,40172
20220424,2호선,아현,5296,5295,10591
20220424,2호선,양천구청,3543,3629,7172
20220424,2호선,역삼,10820,11729,22549
20220424,2호선,영등포구청,7886,8307,16193
20220424,2호선,왕십리,9356,8044,17400
20220424,2호선,용답,1786,1733,3519
20220424,2호선,용두,1103,1123,2226
20220424,2호선,을지로3가,8844,8564,17408
20220424,2호선,을지로4가,3702,3516,7218
20220424,2호선,을지로입구,15787,14711,30498
20220424,2호선,이대,6839,7448,14287
20220424,2호선,잠실,50924,47258,98182
20220424,2호선,잠실나루,5482,5776,11258
20220424,2호선,잠실새내,11596,11669,23265
20220424,2호선,종합운동장,10716,11947,22663
20220424,2호선,충정로,3632,3795,7427
20220424,2호선,한양대,2714,3340,6054
20220424,2호선,합정,20075,21215,41290
20220424,2호선,홍대입구,45983,44710,90693
20220424,3호선,가락시장,3668,3874,7542
20220424,3호선,경복궁,13278,13876,27154
20220424,3호선,경찰병원,2710,2790,5500
20220424,3호선,고속터미널,41725,38752,80477
20220424,3호선,교대,4304,2786,7090
20220424,3호선,구파발,11623,11884,23507
20220424,3호선,금호,4412,4151,8563
20220424,3호선,남부터미널,14900,15642,30542
20220424,3호선,녹번,7437,6672,14109
20220424,3호선,대청,4224,4059,8283
20220424,3호선,대치,4931,4533,9464
20220424,3호선,도곡,2128,2309,4437
20220424,3호선,독립문,4396,5007,9403
20220424,3호선,동대입구,5156,5556,10712
20220424,3호선,매봉,4527,4427,8954
20220424,3호선,무악재,1777,1997,3774
20220424,3호선,불광,9846,11083,20929
20220424,3호선,수서,10464,10153,20617
20220424,3호선,신사,13309,13338,26647
20220424,3호선,안국,12049,13274,25323
20220424,3호선,압구정,13381,14210,27591
20220424,3호선,약수,6843,6564,13407
20220424,3호선,양재,13361,15786,29147
20220424,3호선,연신내,21868,20484,42352
20220424,3호선,오금,2899,2977,5876
20220424,3호선,옥수,5147,5355,10502
20220424,3호선,을지로3가,3486,3426,6912
20220424,3호선,일원,3589,3873,7462
20220424,3호선,잠원,2329,2291,4620
20220424,3호선,종로3가,3957,5147,9104
20220424,3호선,지축,2506,2265,4771
20220424,3호선,충무로,1,0,1
20220424,3호선,학여울,938,927,1865
20220424,3호선,홍제,9462,8885,18347
20220424,4호선,길음,10927,10763,21690
20220424,4호선,남태령,778,571,1349
20220424,4호선,노원,11929,12791,24720
20220424,4호선,당고개,5932,5628,11560
20220424,4호선,동대문,7325,7979,15304
20220424,4호선,동대문역사문화공원,8766,7804,16570
20220424,4호선,동작,1453,1482,2935
20220424,4호선,명동,11844,12150,23994
20220424,4호선,미아,8401,7871,16272
20220424,4호선,미아사거리,16495,15787,32282
20220424,4호선,사당,16138,14924,31062
20220424,4호선,삼각지,2893,3847,6740
20220424,4호선,상계,11674,11074,22748
20220424,4호선,서울역,4439,10698,15137
20220424,4호선,성신여대입구,12157,11743,23900
20220424,4호선,수유,20144,19518,39662
20220424,4호선,숙대입구,7203,7210,14413
20220424,4호선,신용산,8217,8327,16544
20220424,4호선,쌍문,16299,14677,30976
20220424,4호선,이촌,5278,5946,11224
20220424,4호선,창동,15076,15342,30418
20220424,4호선,총신대입구,10536,11548,22084
20220424,4호선,충무로,8680,8915,17595
20220424,4호선,한성대입구,7661,7868,15529
20220424,4호선,혜화,21419,22588,44007
20220424,4호선,회현,8858,9227,18085
20220424,5호선,강동,9207,9104,18311
20220424,5호선,강일,2218,2208,4426
20220424,5호선,개롱,3241,3481,6722
20220424,5호선,개화산,2822,2779,5601
20220424,5호선,거여,4880,4765,9645
20220424,5호선,고덕,4178,4187,8365
20220424,5호선,공덕,4584,4653,9237
20220424,5호선,광나루,7563,7439,15002
20220424,5호선,광화문,10566,10819,21385
20220424,5호선,군자,6142,6867,13009
20220424,5호선,굽은다리,5344,4809,10153
20220424,5호선,길동,4103,4149,8252
20220424,5호선,김포공항,6853,6708,13561
20220424,5호선,까치산,15757,15442,31199
20220424,5호선,답십리,7293,6767,14060
20220424,5호선,동대문역사문화공원,677,814,1491
20220424,5호선,둔촌동,4507,4426,8933
20220424,5호선,마곡,3717,3896,7613
20220424,5호선,마장,2911,2714,5625
20220424,5호선,마천,3692,3916,7608
20220424,5호선,마포,5027,4988,10015
20220424,5호선,명일,5047,5105,10152
20220424,5호선,목동,7707,7881,15588
20220424,5호선,미사,9344,9331,18675
20220424,5호선,발산,9297,9789,19086
20220424,5호선,방이,4141,3870,8011
20220424,5호선,방화,3837,3816,7653
20220424,5호선,상일동,6607,6254,12861
20220424,5호선,서대문,5200,5374,10574
20220424,5호선,송정,3794,3804,7598
20220424,5호선,신금호,2903,3239,6142
20220424,5호선,신길,1913,2177,4090
20220424,5호선,신정,6563,5909,12472
20220424,5호선,아차산,11855,11618,23473
20220424,5호선,애오개,2812,2845,5657
20220424,5호선,양평,2699,2750,5449
20220424,5호선,여의나루,14206,15227,29433
20220424,5호선,여의도,8540,9010,17550
20220424,5호선,영등포구청,1286,1236,2522
20220424,5호선,영등포시장,5532,5868,11400
20220424,5호선,오금,1922,1777,3699
20220424,5호선,오목교,10989,11100,22089
20220424,5호선,올림픽공원,2434,2220,4654
20220424,5호선,왕십리,2420,2858,5278
20220424,5호선,우장산,6746,6861,13607
20220424,5호선,을지로4가,1725,1774,3499
20220424,5호선,장한평,7816,7913,15729
20220424,5호선,종로3가,8661,7896,16557
20220424,5호선,천호,12650,12221,24871
20220424,5호선,청구,1824,1705,3529
20220424,5호선,충정로,1426,1462,2888
20220424,5호선,하남검단산,4682,4664,9346
20220424,5호선,하남시청,4503,4251,8754
20220424,5호선,하남풍산,2268,2227,4495
20220424,5호선,행당,3990,3587,7577
20220424,5호선,화곡,14371,13681,28052
20220424,6호선,고려대,4040,4077,8117
20220424,6호선,공덕,6869,6375,13244
20220424,6호선,광흥창,4027,3787,7814
20220424,6호선,구산,3968,2969,6937
20220424,6호선,녹사평,4181,4102,8283
20220424,6호선,대흥,3765,3963,7728
20220424,6호선,독바위,1718,2051,3769
20220424,6호선,돌곶이,5419,5146,10565
20220424,6호선,동묘앞,6401,6289,12690
20220424,6호선,디지털미디어시티,5348,5607,10955
20220424,6호선,마포구청,7001,6330,13331
20220424,6호선,망원,10020,10944,20964
20220424,6호선,버티고개,1160,1315,2475
20220424,6호선,보문,3952,3754,7706
20220424,6호선,봉화산,3960,3957,7917
20220424,6호선,불광,2966,2739,5705
20220424,6호선,삼각지,4472,3524,7996
20220424,6호선,상수,6155,6766,12921
20220424,6호선,상월곡,3308,2993,6301
20220424,6호선,새절,6368,6273,12641
20220424,6호선,석계,6422,6747,13169
20220424,6호선,신당,4772,5276,10048
20220424,6호선,안암,4362,4952,9314
20220424,6호선,약수,1764,1671,3435
20220424,6호선,역촌,2024,2355,4379
20220424,6호선,월곡,5256,5104,10360
20220424,6호선,월드컵경기장,3416,3449,6865
20220424,6호선,응암,9505,9529,19034
20220424,6호선,이태원,12496,9917,22413
20220424,6호선,증산,5775,5848,11623
20220424,6호선,창신,1674,1432,3106
20220424,6호선,청구,1726,1602,3328
20220424,6호선,태릉입구,3206,3308,6514
20220424,6호선,한강진,6773,7809,14582
20220424,6호선,합정,9272,8693,17965
20220424,6호선,화랑대,5111,4497,9608
20220424,6호선,효창공원앞,3574,3190,6764
20220424,7호선,가산디지털단지,10909,10268,21177
20220424,7호선,강남구청,5601,6127,11728
20220424,7호선,건대입구,7306,7808,15114
20220424,7호선,고속터미널,13288,8526,21814
20220424,7호선,공릉,6723,7027,13750
20220424,7호선,광명사거리,12898,12712,25610
20220424,7호선,군자,7859,6107,13966
20220424,7호선,남구로,6716,6561,13277
20220424,7호선,남성,5580,5415,10995
20220424,7호선,내방,5233,5370,10603
20220424,7호선,노원,10727,10892,21619
20220424,7호선,논현,6110,6485,12595
20220424,7호선,대림,7030,6664,13694
20220424,7호선,도봉산,5767,7963,13730
20220424,7호선,뚝섬유원지,10634,10141,20775
20220424,7호선,마들,6094,5709,11803
20220424,7호선,먹골,5362,5140,10502
20220424,7호선,면목,8102,7950,16052
20220424,7호선,반포,2857,2814,5671
20220424,7호선,보라매,4921,5007,9928
20220424,7호선,사가정,8889,8878,17767
20220424,7호선,상도,5114,5163,10277
20220424,7호선,상봉,9469,8582,18051
20220424,7호선,수락산,8642,8694,17336
20220424,7호선,숭실대입구,5818,6251,12069
20220424,7호선,신대방삼거리,8408,8239,16647
20220424,7호선,신풍,6024,5756,11780
20220424,7호선,어린이대공원,8724,8971,17695
20220424,7호선,온수,4273,4387,8660
20220424,7호선,용마산,3589,3950,7539
20220424,7호선,이수,8347,7843,16190
20220424,7호선,장승배기,4713,4705,9418
20220424,7호선,장암,1553,1057,2610
20220424,7호선,중계,6633,6252,12885
20220424,7호선,중곡,5356,5209,10565
20220424,7호선,중화,5916,5755,11671
20220424,7호선,천왕,4932,4821,9753
20220424,7호선,철산,10569,10549,21118
20220424,7호선,청담,7117,7642,14759
20220424,7호선,태릉입구,4979,4585,9564
20220424,7호선,하계,9375,8917,18292
20220424,7호선,학동,6347,6667,13014
20220424,8호선,가락시장,3112,3877,6989
20220424,8호선,강동구청,4423,4618,9041
20220424,8호선,남위례,2396,2532,4928
20220424,8호선,남한산성입구,7257,6704,13961
20220424,8호선,단대오거리,6180,5954,12134
20220424,8호선,모란,5563,4685,10248
20220424,8호선,몽촌토성,3822,3834,7656
20220424,8호선,문정,5843,6191,12034
20220424,8호선,복정,5028,4547,9575
20220424,8호선,산성,3413,3435,6848
20220424,8호선,석촌,4166,5304,9470
20220424,8호선,송파,4146,4303,8449
20220424,8호선,수진,3269,3084,6353
20220424,8호선,신흥,2680,2887,5567
20220424,8호선,암사,9131,8551,17682
20220424,8호선,잠실,9864,10979,20843
20220424,8호선,장지,9065,9244,18309
20220424,8호선,천호,8865,9912,18777
20220424,9호선,가양,10164,10084,20248
20220424,9호선,개화,1195,1114,2309
20220424,9호선,고속터미널,10998,15074,26072
20220424,9호선,공항시장,1828,2045,3873
20220424,9호선,구반포,547,550,1097
20220424,9호선,국회의사당,5733,5387,11120
20220424,9호선,김포공항,7315,11381,18696
20220424,9호선,노들,2747,2392,5139
20220424,9호선,노량진,15010,15725,30735
20220424,9호선,당산,9421,9160,18581
20220424,9호선,동작,1528,1268,2796
20220424,9호선,등촌,5181,5266,10447
20220424,9호선,마곡나루,6037,6066,12103
20220424,9호선,사평,1510,1518,3028
20220424,9호선,샛강,1715,1746,3461
20220424,9호선,선유도,3169,3131,6300
20220424,9호선,신논현,15781,14850,30631
20220424,9호선,신목동,1761,1554,3315
20220424,9호선,신반포,2085,2205,4290
20220424,9호선,신방화,3424,3414,6838
20220424,9호선,양천향교,4278,4406,8684
20220424,9호선,여의도,9960,9138,19098
20220424,9호선,염창,8903,8761,17664
20220424,9호선,증미,2459,2363,4822
20220424,9호선,흑석,3984,4211,8195
20220424,9호선2~3단계,둔촌오륜,568,573,1141
20220424,9호선2~3단계,봉은사,7603,7692,15295
20220424,9호선2~3단계,삼성중앙,1948,2069,4017
20220424,9호선2~3단계,삼전,3695,3455,7150
20220424,9호선2~3단계,석촌,4901,4314,9215
20220424,9호선2~3단계,석촌고분,3036,3080,6116
20220424,9호선2~3단계,선정릉,3064,3426,6490
20220424,9호선2~3단계,송파나루,2956,3169,6125
20220424,9호선2~3단계,언주,3898,3933,7831
20220424,9호선2~3단계,올림픽공원,4350,4618,8968
20220424,9호선2~3단계,종합운동장,3091,2756,5847
20220424,9호선2~3단계,중앙보훈병원,3536,3422,6958
20220424,9호선2~3단계,한성백제,1530,1375,2905
20220424,경강선,경기광주,4073,4065,8138
20220424,경강선,곤지암,1723,1957,3680
20220424,경강선,부발,1583,2261,3844
20220424,경강선,삼동,1141,1058,2199
20220424,경강선,세종대왕릉,332,306,638
20220424,경강선,신둔도예촌,990,1005,1995
20220424,경강선,여주,2248,2387,4635
20220424,경강선,이매,762,512,1274
20220424,경강선,이천,2178,2391,4569
20220424,경강선,초월,1703,1674,3377
20220424,경강선,판교,2666,2430,5096
20220424,경부선,가산디지털단지,5114,6844,11958
20220424,경부선,관악,5040,4714,9754
20220424,경부선,광명,2956,1957,4913
20220424,경부선,구로,9778,10086,19864
20220424,경부선,군포,3326,3116,6442
20220424,경부선,금정,15233,15237,30470
20220424,경부선,금천구청,6578,6418,12996
20220424,경부선,남영,4355,4802,9157
20220424,경부선,노량진,6146,5920,12066
20220424,경부선,당정,3031,3051,6082
20220424,경부선,대방,5974,6410,12384
20220424,경부선,독산,6466,6539,13005
20220424,경부선,두정,4655,5668,10323
20220424,경부선,명학,3502,3557,7059
20220424,경부선,병점,9588,10357,19945
20220424,경부선,서동탄,785,849,1634
20220424,경부선,서울역,8430,1857,10287
20220424,경부선,서정리,4647,6605,11252
20220424,경부선,석수,5470,5259,10729
20220424,경부선,성균관대,7954,8854,16808
20220424,경부선,성환,2705,3391,6096
20220424,경부선,세류,2088,2084,4172
20220424,경부선,세마,1820,1633,3453
20220424,경부선,송탄,3637,4524,8161
20220424,경부선,수원,35190,34185,69375
20220424,경부선,신길,4920,4309,9229
20220424,경부선,신도림,2344,2524,4868
20220424,경부선,안양,13772,13336,27108
20220424,경부선,영등포,32831,31412,64243
20220424,경부선,오산,8097,8448,16545
20220424,경부선,오산대,2390,2464,4854
20220424,경부선,용산,31944,28668,60612
20220424,경부선,의왕,4640,4682,9322
20220424,경부선,직산,662,713,1375
20220424,경부선,진위,930,918,1848
20220424,경부선,천안,6635,6524,13159
20220424,경부선,평택,12063,12755,24818
20220424,경부선,평택지제,2722,2453,5175
20220424,경부선,화서,4400,4263,8663
20220424,경원선,가능,4191,4018,8209
20220424,경원선,광운대,4162,4317,8479
20220424,경원선,녹양,2907,2850,5757
20220424,경원선,녹천,2682,2305,4987
20220424,경원선,덕계,1908,1880,3788
20220424,경원선,덕정,3587,3686,7273
20220424,경원선,도봉,3631,3336,6967
20220424,경원선,도봉산,9357,6841,16198
20220424,경원선,동두천,1519,2124,3643
20220424,경원선,동두천중앙,2185,2108,4293
20220424,경원선,망월사,4838,5051,9889
20220424,경원선,방학,6134,5883,12017
20220424,경원선,보산,1423,1516,2939
20220424,경원선,서빙고,1638,1646,3284
20220424,경원선,석계,5192,5673,10865
20220424,경원선,소요산,4803,4033,8836
20220424,경원선,신이문,4620,4396,9016
20220424,경원선,양주,5380,5328,10708
20220424,경원선,옥수,49,19,68
20220424,경원선,왕십리,8865,9949,18814
20220424,경원선,외대앞,4480,4615,9095
20220424,경원선,월계,4020,3735,7755
20220424,경원선,응봉,1182,1189,2371
20220424,경원선,의정부,13967,14261,28228
20220424,경원선,이촌,2593,1791,4384
20220424,경원선,지행,4568,4550,9118
20220424,경원선,청량리,13981,13040,27021
20220424,경원선,한남,1933,1917,3850
20220424,경원선,회룡,7785,7762,15547
20220424,경의선,가좌,2929,2907,5836
20220424,경의선,강매,1640,1553,3193
20220424,경의선,곡산,400,366,766
20220424,경의선,공덕,1776,1422,3198
20220424,경의선,금릉,2982,2976,5958
20220424,경의선,금촌,4406,4634,9040
20220424,경의선,능곡,2411,2389,4800
20220424,경의선,디지털미디어시티,1534,1379,2913
20220424,경의선,문산,4234,4381,8615
20220424,경의선,백마,3355,3178,6533
20220424,경의선,서강대,1348,1322,2670
20220424,경의선,서울역,1177,1033,2210
20220424,경의선,수색,937,1030,1967
20220424,경의선,신촌,255,310,565
20220424,경의선,야당,4725,4559,9284
20220424,경의선,운정,3710,3713,7423
20220424,경의선,월롱,1166,2305,3471
20220424,경의선,일산,4986,4686,9672
20220424,경의선,임진강,55,54,109
20220424,경의선,탄현,4223,3951,8174
20220424,경의선,파주,749,706,1455
20220424,경의선,풍산,3587,3327,6914
20220424,경의선,행신,4728,4268,8996
20220424,경의선,홍대입구,1538,1780,3318
20220424,경의선,화전,899,932,1831
20220424,경의선,효창공원앞,1267,1443,2710
20220424,경인선,간석,3132,2787,5919
20220424,경인선,개봉,11851,11615,23466
20220424,경인선,구일,6091,6296,12387
20220424,경인선,도원,1719,1735,3454
20220424,경인선,도화,2463,2339,4802
20220424,경인선,동암,9570,9535,19105
20220424,경인선,동인천,9751,9406,19157
20220424,경인선,백운,3978,3974,7952
20220424,경인선,부개,4892,4564,9456
20220424,경인선,부천,21684,21400,43084
20220424,경인선,부평,22286,22216,44502
20220424,경인선,소사,5833,5565,11398
20220424,경인선,송내,13460,13097,26557
20220424,경인선,역곡,14655,14656,29311
20220424,경인선,오류동,7064,6612,13676
20220424,경인선,온수,3806,3647,7453
20220424,경인선,인천,4773,3968,8741
20220424,경인선,제물포,5786,5471,11257
20220424,경인선,주안,11901,10835,22736
20220424,경인선,중동,4973,4699,9672
20220424,경춘선,가평,2273,1774,4047
20220424,경춘선,갈매,1609,1434,3043
20220424,경춘선,강촌,922,776,1698
20220424,경춘선,굴봉산,376,380,756
20220424,경춘선,금곡,954,911,1865
20220424,경춘선,김유정,502,501,1003
20220424,경춘선,남춘천,2385,2724,5109
20220424,경춘선,대성리,1189,667,1856
20220424,경춘선,마석,2844,2785,5629
20220424,경춘선,백양리,185,184,369
20220424,경춘선,별내,1798,1667,3465
20220424,경춘선,사릉,1407,1424,2831
20220424,경춘선,상천,673,571,1244
20220424,경춘선,신내,1094,1083,2177
20220424,경춘선,천마산,1137,1201,2338
20220424,경춘선,청평,2026,1578,3604
20220424,경춘선,춘천,2226,1784,4010
20220424,경춘선,퇴계원,2294,2039,4333
20220424,경춘선,평내호평,3614,3437,7051
20220424,공항철도 1호선,검암,3726,3809,7535
20220424,공항철도 1호선,계양,5415,5163,10578
20220424,공항철도 1호선,공덕,1173,1691,2864
20220424,공항철도 1호선,공항화물청사,1047,1131,2178
20220424,공항철도 1호선,김포공항,11819,6062,17881
20220424,공항철도 1호선,디지털미디어시티,3594,3639,7233
20220424,공항철도 1호선,마곡나루,2596,2973,5569
20220424,공항철도 1호선,서울역,8233,7633,15866
20220424,공항철도 1호선,영종,2590,2578,5168
20220424,공항철도 1호선,운서,5460,5871,11331
20220424,공항철도 1호선,인천공항1터미널,4888,4414,9302
20220424,공항철도 1호선,인천공항2터미널,2377,2221,4598
20220424,공항철도 1호선,청라국제도시,3379,3258,6637
20220424,공항철도 1호선,홍대입구,9704,8533,18237
20220424,과천선,경마공원,14840,15136,29976
20220424,과천선,과천,3706,3562,7268
20220424,과천선,대공원,8361,8448,16809
20220424,과천선,범계,15118,14633,29751
20220424,과천선,선바위,4372,4117,8489
20220424,과천선,인덕원,13232,13123,26355
20220424,과천선,정부과천청사,4844,4853,9697
20220424,과천선,평촌,6419,6340,12759
20220424,분당선,가천대,4087,4808,8895
20220424,분당선,강남구청,3409,4073,7482
20220424,분당선,개포동,1970,2070,4040
20220424,분당선,구룡,816,879,1695
20220424,분당선,구성,2571,2723,5294
20220424,분당선,기흥,5125,4810,9935
20220424,분당선,대모산입구,2393,2349,4742
20220424,분당선,도곡,2989,2799,5788
20220424,분당선,망포,6185,6540,12725
20220424,분당선,매교,1514,1560,3074
20220424,분당선,매탄권선,2578,2552,5130
20220424,분당선,모란,20060,20959,41019
20220424,분당선,미금,7523,8151,15674
20220424,분당선,보정,1126,1086,2212
20220424,분당선,상갈,3026,3062,6088
20220424,분당선,서울숲,9825,10299,20124
20220424,분당선,서현,14220,14214,28434
20220424,분당선,선릉,2787,4466,7253
20220424,분당선,선정릉,2171,2199,4370
20220424,분당선,수내,6037,5748,11785
20220424,분당선,수서,9110,8621,17731
20220424,분당선,수원,6397,5059,11456
20220424,분당선,수원시청,7698,7574,15272
20220424,분당선,신갈,2087,2082,4169
20220424,분당선,압구정로데오,10015,11202,21217
20220424,분당선,야탑,14180,14409,28589
20220424,분당선,영통,4710,3064,7774
20220424,분당선,오리,5579,4754,10333
20220424,분당선,이매,3394,3529,6923
20220424,분당선,정자,7697,7892,15589
20220424,분당선,죽전,7773,8677,16450
20220424,분당선,청명,2010,2185,4195
20220424,분당선,태평,8437,8106,16543
20220424,분당선,한티,7435,7428,14863
20220424,수인선,고색,1819,1950,3769
20220424,수인선,남동인더스파크,587,567,1154
20220424,수인선,달월,52,54,106
20220424,수인선,사리,2727,2399,5126
20220424,수인선,소래포구,5611,5555,11166
20220424,수인선,송도,1582,1527,3109
20220424,수인선,숭의,2115,1915,4030
20220424,수인선,신포,1242,1174,2416
20220424,수인선,야목,222,186,408
20220424,수인선,어천,582,725,1307
20220424,수인선,연수,3367,3292,6659
20220424,수인선,오목천,1656,1631,3287
20220424,수인선,원인재,2942,3040,5982
20220424,수인선,월곶,1764,1567,3331
20220424,수인선,인천,1148,1854,3002
20220424,수인선,인천논현,3060,3080,6140
20220424,수인선,인하대,3399,3467,6866
20220424,수인선,호구포,2122,2261,4383
20220424,안산선,고잔,4915,4783,9698
20220424,안산선,대야미,3601,3070,6671
20220424,안산선,반월,2726,2790,5516
20220424,안산선,산본,10019,9997,20016
20220424,안산선,상록수,10041,9727,19768
20220424,안산선,수리산,5143,5966,11109
20220424,안산선,신길온천,1225,1180,2405
20220424,안산선,안산,10130,9335,19465
20220424,안산선,오이도,6193,6039,12232
20220424,안산선,정왕,5691,6066,11757
20220424,안산선,중앙,11889,11686,23575
20220424,안산선,초지,2594,2523,5117
20220424,안산선,한대앞,5521,5709,11230
20220424,우이신설선,4.19민주묘지,2241,1957,4198
20220424,우이신설선,가오리,2385,2277,4662
20220424,우이신설선,보문,995,975,1970
20220424,우이신설선,북한산보국문,3786,3406,7192
20220424,우이신설선,북한산우이,3616,3873,7489
20220424,우이신설선,삼양,1172,1217,2389
20220424,우이신설선,삼양사거리,1593,1538,3131
20220424,우이신설선,성신여대입구,2046,2249,4295
20220424,우이신설선,솔밭공원,1500,1432,2932
20220424,우이신설선,솔샘,2881,2741,5622
20220424,우이신설선,신설동,1244,1267,2511
20220424,우이신설선,정릉,2902,2442,5344
20220424,우이신설선,화계,2086,1991,4077
20220424,일산선,대곡,1209,1054,2263
20220424,일산선,대화,6653,6277,12930
20220424,일산선,마두,3744,3736,7480
20220424,일산선,백석,5441,5425,10866
20220424,일산선,삼송,11133,10893,22026
20220424,일산선,원당,6415,6206,12621
20220424,일산선,원흥,5668,5603,11271
20220424,일산선,정발산,8386,8494,16880
20220424,일산선,주엽,4768,4574,9342
20220424,일산선,화정,9742,9986,19728
20220424,장항선,배방,893,1063,1956
20220424,장항선,봉명,702,708,1410
20220424,장항선,신창,1131,2371,3502
20220424,장항선,쌍용,1433,1578,3011
20220424,장항선,아산,4006,2466,6472
20220424,장항선,온양온천,4968,4838,9806
20220424,장항선,탕정,546,596,1142
20220424,중앙선,구리,7746,8156,15902
20220424,중앙선,국수,742,629,1371
20220424,중앙선,덕소,3663,3647,7310
20220424,중앙선,도농,5413,5346,10759
20220424,중앙선,도심,1291,1201,2492
20220424,중앙선,망우,5005,5036,10041
20220424,중앙선,상봉,3936,4097,8033
20220424,중앙선,신원,459,298,757
20220424,중앙선,아신,684,677,1361
20220424,중앙선,양수,2134,1946,4080
20220424,중앙선,양원,1457,1510,2967
20220424,중앙선,양정,597,502,1099
20220424,중앙선,양평,2407,2178,4585
20220424,중앙선,오빈,323,292,615
20220424,중앙선,용문,2760,2218,4978
20220424,중앙선,운길산,1770,1650,3420
20220424,중앙선,원덕,483,446,929
20220424,중앙선,중랑,3653,3603,7256
20220424,중앙선,지평,82,71,153
20220424,중앙선,팔당,1565,1576,3141
20220424,중앙선,회기,15393,15296,30689
20220430,1호선,동대문,14552,13181,27733
20220430,1호선,동묘앞,13126,13439,26565
20220430,1호선,서울역,38627,38918,77545
20220430,1호선,시청,16058,16299,32357
20220430,1호선,신설동,12068,10907,22975
20220430,1호선,제기동,16631,17034,33665
20220430,1호선,종각,36679,27533,64212
20220430,1호선,종로3가,34784,29355,64139
20220430,1호선,종로5가,28210,25594,53804
20220430,1호선,청량리,19741,21383,41124
20220430,2호선,강남,66438,69086,135524
20220430,2호선,강변,30607,30260,60867
20220430,2호선,건대입구,42017,45632,87649
20220430,2호선,교대,19232,21304,40536
20220430,2호선,구로디지털단지,36372,35338,71710
20220430,2호선,구의,17557,16687,34244
20220430,2호선,낙성대,23435,21504,44939
20220430,2호선,당산,14313,15362,29675
20220430,2호선,대림,18649,19528,38177
20220430,2호선,도림천,810,829,1639
20220430,2호선,동대문역사문화공원,13061,14446,27507
20220430,2호선,뚝섬,18382,18558,36940
20220430,2호선,문래,13919,14923,28842
20220430,2호선,방배,10948,11106,22054
20220430,2호선,봉천,18149,16365,34514
20220430,2호선,사당,33689,38925,72614
20220430,2호선,삼성,30081,29912,59993
20220430,2호선,상왕십리,10594,9830,20424
20220430,2호선,서울대입구,41169,39537,80706
20220430,2호선,서초,12075,9671,21746
20220430,2호선,선릉,25669,22986,48655
20220430,2호선,성수,25166,28565,53731
20220430,2호선,시청,11561,9734,21295
20220430,2호선,신답,1152,1249,2401
20220430,2호선,신당,12310,12882,25192
20220430,2호선,신대방,21460,20309,41769
20220430,2호선,신도림,44145,44885,89030
20220430,2호선,신림,53593,50901,104494
20220430,2호선,신설동,3862,3741,7603
20220430,2호선,신정네거리,7990,7780,15770
20220430,2호선,신촌,34479,35298,69777
20220430,2호선,아현,8208,7872,16080
20220430,2호선,양천구청,4891,4854,9745
20220430,2호선,역삼,18898,20779,39677
20220430,2호선,영등포구청,13430,14244,27674
20220430,2호선,왕십리,14974,13262,28236
20220430,2호선,용답,2365,2202,4567
20220430,2호선,용두,1807,1788,3595
20220430,2호선,을지로3가,15747,15600,31347
20220430,2호선,을지로4가,8905,9255,18160
20220430,2호선,을지로입구,27498,25746,53244
20220430,2호선,이대,12005,12884,24889
20220430,2호선,잠실,85814,81830,167644
20220430,2호선,잠실나루,8352,8193,16545
20220430,2호선,잠실새내,19684,20529,40213
20220430,2호선,종합운동장,17722,19774,37496
20220430,2호선,충정로,6065,6506,12571
20220430,2호선,한양대,5162,5387,10549
20220430,2호선,합정,32173,37308,69481
20220430,2호선,홍대입구,76902,86985,163887
20220430,3호선,가락시장,6427,6085,12512
20220430,3호선,경복궁,24771,24009,48780
20220430,3호선,경찰병원,4208,4128,8336
20220430,3호선,고속터미널,57031,57063,114094
20220430,3호선,교대,7891,4889,12780
20220430,3호선,구파발,16735,17174,33909
20220430,3호선,금호,6294,5727,12021
20220430,3호선,남부터미널,22953,22642,45595
20220430,3호선,녹번,11390,10095,21485
20220430,3호선,대청,6366,5748,12114
20220430,3호선,대치,8217,7590,15807
20220430,3호선,도곡,3764,3839,7603
20220430,3호선,독립문,7233,7868,15101
20220430,3호선,동대입구,9797,14336,24133
20220430,3호선,매봉,6841,6578,13419
20220430,3호선,무악재,3043,3322,6365
20220430,3호선,불광,13759,15681,29440
20220430,3호선,수서,15173,14585,29758
20220430,3호선,신사,28904,30687,59591
20220430,3호선,안국,25024,24453,49477
20220430,3호선,압구정,26215,28438,54653
20220430,3호선,약수,10287,9669,19956
20220430,3호선,양재,22673,25467,48140
20220430,3호선,연신내,30667,29252,59919
20220430,3호선,오금,4022,3789,7811
20220430,3호선,옥수,7717,7814,15531
20220430,3호선,을지로3가,7138,7480,14618
20220430,3호선,일원,5203,5149,10352
20220430,3호선,잠원,3817,3626,7443
20220430,3호선,종로3가,7306,11056,18362
20220430,3호선,지축,3805,3465,7270
20220430,3호선,학여울,2995,3095,6090
20220430,3호선,홍제,14491,14070,28561
20220430,4호선,길음,16480,15672,32152
20220430,4호선,남태령,1195,678,1873
20220430,4호선,노원,17158,19462,36620
20220430,4호선,당고개,7940,7152,15092
20220430,4호선,동대문,19124,18416,37540
20220430,4호선,동대문역사문화공원,14483,12169,26652
20220430,4호선,동작,1669,1764,3433
20220430,4호선,명동,17558,19658,37216
20220430,4호선,미아,11360,10867,22227
20220430,4호선,미아사거리,23965,23408,47373
20220430,4호선,사당,24972,21031,46003
20220430,4호선,삼각지,4231,5724,9955
20220430,4호선,상계,17162,16103,33265
20220430,4호선,서울역,6969,16286,23255
20220430,4호선,성신여대입구,18702,18146,36848
20220430,4호선,수유,28576,28267,56843
20220430,4호선,숙대입구,10951,10393,21344
20220430,4호선,신용산,11849,12871,24720
20220430,4호선,쌍문,23277,20616,43893
20220430,4호선,이촌,8649,9622,18271
20220430,4호선,창동,21416,22148,43564
20220430,4호선,총신대입구,15670,16678,32348
20220430,4호선,충무로,16350,17847,34197
20220430,4호선,한성대입구,12601,12472,25073
20220430,4호선,혜화,33267,34817,68084
20220430,4호선,회현,21142,22823,43965
20220430,5호선,강동,14401,13680,28081
20220430,5호선,강일,3159,3026,6185
20220430,5호선,개롱,4559,4664,9223
20220430,5호선,개화산,4075,3864,7939
20220430,5호선,거여,7000,6516,13516
20220430,5호선,고덕,6741,6405,13146
20220430,5호선,공덕,7674,8314,15988
20220430,5호선,광나루,11053,10372,21425
20220430,5호선,광화문,23300,21987,45287
20220430,5호선,군자,9273,10395,19668
20220430,5호선,굽은다리,7655,7076,14731
20220430,5호선,길동,6344,6475,12819
20220430,5호선,김포공항,8410,8278,16688
20220430,5호선,까치산,22555,20927,43482
20220430,5호선,답십리,11169,10318,21487
20220430,5호선,동대문역사문화공원,1126,1447,2573
20220430,5호선,둔촌동,6423,6309,12732
20220430,5호선,마곡,5825,5787,11612
20220430,5호선,마장,4100,3914,8014
20220430,5호선,마천,5129,5208,10337
20220430,5호선,마포,8250,8544,16794
20220430,5호선,명일,6600,6396,12996
20220430,5호선,목동,11839,11817,23656
20220430,5호선,미사,13367,13577,26944
20220430,5호선,발산,14784,15997,30781
20220430,5호선,방이,5346,5051,10397
20220430,5호선,방화,4944,4683,9627
20220430,5호선,상일동,10204,9285,19489
20220430,5호선,서대문,9209,8035,17244
20220430,5호선,송정,5479,5180,10659
20220430,5호선,신금호,4527,4670,9197
20220430,5호선,신길,2827,2915,5742
20220430,5호선,신정,9706,8136,17842
20220430,5호선,아차산,14650,14308,28958
20220430,5호선,애오개,3965,3937,7902
20220430,5호선,양평,3913,3661,7574
20220430,5호선,여의나루,20969,24752,45721
20220430,5호선,여의도,14230,14288,28518
20220430,5호선,영등포구청,2068,2023,4091
20220430,5호선,영등포시장,8765,9259,18024
20220430,5호선,오금,2329,2091,4420
20220430,5호선,오목교,16958,17672,34630
20220430,5호선,올림픽공원,4267,4022,8289
20220430,5호선,왕십리,3768,4609,8377
20220430,5호선,우장산,10511,10052,20563
20220430,5호선,을지로4가,4288,4698,8986
20220430,5호선,장한평,12052,11860,23912
20220430,5호선,종로3가,16783,17258,34041
20220430,5호선,천호,18311,17696,36007
20220430,5호선,청구,2806,2554,5360
20220430,5호선,충정로,2796,2100,4896
20220430,5호선,하남검단산,6139,6017,12156
20220430,5호선,하남시청,6058,5754,11812
20220430,5호선,하남풍산,2976,2896,5872
20220430,5호선,행당,5754,4934,10688
20220430,5호선,화곡,21557,19446,41003
20220430,6호선,고려대,6163,5917,12080
20220430,6호선,공덕,10828,10011,20839
20220430,6호선,광흥창,5730,5125,10855
20220430,6호선,구산,5671,4132,9803
20220430,6호선,녹사평,6132,7288,13420
20220430,6호선,대흥,5890,6082,11972
20220430,6호선,독바위,2107,2350,4457
20220430,6호선,돌곶이,6536,5959,12495
20220430,6호선,동묘앞,9598,8733,18331
20220430,6호선,디지털미디어시티,7852,8055,15907
20220430,6호선,마포구청,10267,8877,19144
20220430,6호선,망원,14230,16038,30268
20220430,6호선,버티고개,1597,1580,3177
20220430,6호선,보문,5642,5160,10802
20220430,6호선,봉화산,5711,5617,11328
20220430,6호선,불광,4190,3734,7924
20220430,6호선,삼각지,6174,4738,10912
20220430,6호선,상수,9504,11601,21105
20220430,6호선,상월곡,4485,3848,8333
20220430,6호선,새절,9097,8609,17706
20220430,6호선,석계,9270,9380,18650
20220430,6호선,신당,6866,6177,13043
20220430,6호선,안암,7811,7373,15184
20220430,6호선,약수,2684,2705,5389
20220430,6호선,역촌,2750,3043,5793
20220430,6호선,월곡,8176,7844,16020
20220430,6호선,월드컵경기장,4578,4862,9440
20220430,6호선,응암,13393,12970,26363
20220430,6호선,이태원,17292,22478,39770
20220430,6호선,증산,7638,7388,15026
20220430,6호선,창신,2347,2002,4349
20220430,6호선,청구,2655,2635,5290
20220430,6호선,태릉입구,4492,4904,9396
20220430,6호선,한강진,9786,12717,22503
20220430,6호선,합정,13941,13548,27489
20220430,6호선,화랑대,8030,6354,14384
20220430,6호선,효창공원앞,5122,4440,9562
20220430,7호선,가산디지털단지,15867,14244,30111
20220430,7호선,강남구청,10466,11661,22127
20220430,7호선,건대입구,12039,13598,25637
20220430,7호선,고속터미널,17098,12753,29851
20220430,7호선,공릉,9916,9367,19283
20220430,7호선,광명사거리,18143,17606,35749
20220430,7호선,군자,11469,8566,20035
20220430,7호선,남구로,8489,8932,17421
20220430,7호선,남성,8422,7454,15876
20220430,7호선,내방,8279,8222,16501
20220430,7호선,노원,16783,17705,34488
20220430,7호선,논현,11291,12464,23755
20220430,7호선,대림,7295,7798,15093
20220430,7호선,도봉산,7166,9751,16917
20220430,7호선,뚝섬유원지,15126,15105,30231
20220430,7호선,마들,9415,8435,17850
20220430,7호선,먹골,8167,7723,15890
20220430,7호선,면목,11451,10744,22195
20220430,7호선,반포,4741,4584,9325
20220430,7호선,보라매,6973,6632,13605
20220430,7호선,부천시청,1,0,1
20220430,7호선,사가정,13022,12411,25433
20220430,7호선,상도,8484,7593,16077
20220430,7호선,상봉,14154,13867,28021
20220430,7호선,수락산,10935,10492,21427
20220430,7호선,숭실대입구,9739,9157,18896
20220430,7호선,신대방삼거리,12221,11280,23501
20220430,7호선,신풍,8574,8075,16649
20220430,7호선,어린이대공원,12195,12150,24345
20220430,7호선,온수,5938,6067,12005
20220430,7호선,용마산,4686,4814,9500
20220430,7호선,이수,13087,12615,25702
20220430,7호선,장승배기,6672,6132,12804
20220430,7호선,장암,1862,1282,3144
20220430,7호선,중계,9907,8750,18657
20220430,7호선,중곡,7476,6790,14266
20220430,7호선,중화,8014,7522,15536
20220430,7호선,천왕,7614,7001,14615
20220430,7호선,철산,16182,16558,32740
20220430,7호선,청담,11822,13021,24843
20220430,7호선,태릉입구,7211,6656,13867
20220430,7호선,하계,14024,12868,26892
20220430,7호선,학동,11148,11715,22863
20220430,8호선,가락시장,5485,5738,11223
20220430,8호선,강동구청,6486,6493,12979
20220430,8호선,남위례,3782,3871,7653
20220430,8호선,남한산성입구,9795,8380,18175
20220430,8호선,단대오거리,8371,7630,16001
20220430,8호선,모란,3831,3657,7488
20220430,8호선,몽촌토성,5039,5063,10102
20220430,8호선,문정,9399,9227,18626
20220430,8호선,복정,6887,5706,12593
20220430,8호선,산성,4552,4518,9070
20220430,8호선,석촌,6345,7966,14311
20220430,8호선,송파,5870,5620,11490
20220430,8호선,수진,4381,3827,8208
20220430,8호선,신흥,3586,3869,7455
20220430,8호선,암사,12963,11721,24684
20220430,8호선,잠실,14219,17507,31726
20220430,8호선,장지,13139,11838,24977
20220430,8호선,천호,12584,14930,27514
20220430,9호선,가양,15293,14089,29382
20220430,9호선,개화,1576,1359,2935
20220430,9호선,고속터미널,15611,22499,38110
20220430,9호선,공항시장,2551,2603,5154
20220430,9호선,구반포,1318,1327,2645
20220430,9호선,국회의사당,6847,6761,13608
20220430,9호선,김포공항,8659,12883,21542
20220430,9호선,노들,3743,3222,6965
20220430,9호선,노량진,22898,22113,45011
20220430,9호선,당산,14158,13197,27355
20220430,9호선,동작,1893,1651,3544
20220430,9호선,등촌,7625,7240,14865
20220430,9호선,마곡나루,9051,8816,17867
20220430,9호선,사평,2790,2506,5296
20220430,9호선,샛강,2858,2815,5673
20220430,9호선,선유도,4608,4275,8883
20220430,9호선,신논현,29518,29076,58594
20220430,9호선,신목동,2694,2287,4981
20220430,9호선,신반포,3716,3683,7399
20220430,9호선,신방화,4878,4578,9456
20220430,9호선,양천향교,6187,5761,11948
20220430,9호선,여의도,15031,14010,29041
20220430,9호선,염창,13198,11855,25053
20220430,9호선,증미,4164,3905,8069
20220430,9호선,흑석,6389,6342,12731
20220430,9호선2~3단계,둔촌오륜,586,651,1237
20220430,9호선2~3단계,봉은사,11791,12644,24435
20220430,9호선2~3단계,삼성중앙,3354,3299,6653
20220430,9호선2~3단계,삼전,5336,4739,10075
20220430,9호선2~3단계,석촌,7465,6365,13830
20220430,9호선2~3단계,석촌고분,4647,4398,9045
20220430,9호선2~3단계,선정릉,5204,6022,11226
20220430,9호선2~3단계,송파나루,4996,5178,10174
20220430,9호선2~3단계,언주,6645,6659,13304
20220430,9호선2~3단계,올림픽공원,10476,10910,21386
20220430,9호선2~3단계,종합운동장,4740,4191,8931
20220430,9호선2~3단계,중앙보훈병원,5068,4740,9808
20220430,9호선2~3단계,한성백제,2040,1798,3838
20220430,경강선,경기광주,6374,5792,12166
20220430,경강선,곤지암,2216,2345,4561
20220430,경강선,부발,2307,1997,4304
20220430,경강선,삼동,1707,1609,3316
20220430,경강선,세종대왕릉,357,382,739
20220430,경강선,신둔도예촌,1445,1331,2776
20220430,경강선,여주,2777,3123,5900
20220430,경강선,이매,920,695,1615
20220430,경강선,이천,3057,3106,6163
20220430,경강선,초월,2505,2186,4691
20220430,경강선,판교,3562,3603,7165
20220430,경부선,가산디지털단지,6907,9190,16097
20220430,경부선,관악,6624,6279,12903
20220430,경부선,광명,3318,2858,6176
20220430,경부선,구로,13629,14310,27939
20220430,경부선,군포,4566,4064,8630
20220430,경부선,금정,21101,21115,42216
20220430,경부선,금천구청,9217,9215,18432
20220430,경부선,남영,6466,6872,13338
20220430,경부선,노량진,9386,8882,18268
20220430,경부선,당정,4512,4122,8634
20220430,경부선,대방,8933,9024,17957
20220430,경부선,독산,9914,9652,19566
20220430,경부선,두정,6139,6143,12282
20220430,경부선,명학,5517,5170,10687
20220430,경부선,병점,13928,13636,27564
20220430,경부선,서동탄,1088,1156,2244
20220430,경부선,서울역,9068,2357,11425
20220430,경부선,서정리,7805,6254,14059
20220430,경부선,석수,7470,7048,14518
20220430,경부선,성균관대,12229,11773,24002
20220430,경부선,성환,3504,3152,6656
20220430,경부선,세류,2791,2858,5649
20220430,경부선,세마,2583,2316,4899
20220430,경부선,송탄,5437,4736,10173
20220430,경부선,수원,42338,46467,88805
20220430,경부선,신길,6606,5444,12050
20220430,경부선,신도림,3273,3696,6969
20220430,경부선,안양,19925,19863,39788
20220430,경부선,영등포,43261,45304,88565
20220430,경부선,오산,10542,9615,20157
20220430,경부선,오산대,3456,3125,6581
20220430,경부선,용산,38822,41566,80388
20220430,경부선,의왕,6761,6541,13302
20220430,경부선,직산,792,733,1525
20220430,경부선,진위,1243,1064,2307
20220430,경부선,천안,7428,7547,14975
20220430,경부선,평택,15517,14697,30214
20220430,경부선,평택지제,3549,3294,6843
20220430,경부선,화서,6333,6404,12737
20220430,경원선,가능,5612,5323,10935
20220430,경원선,광운대,7508,7580,15088
20220430,경원선,녹양,3877,3667,7544
20220430,경원선,녹천,3571,2966,6537
20220430,경원선,덕계,2760,2530,5290
20220430,경원선,덕정,5229,4638,9867
20220430,경원선,도봉,4890,4588,9478
20220430,경원선,도봉산,9808,6805,16613
20220430,경원선,동두천,1862,2544,4406
20220430,경원선,동두천중앙,3148,3096,6244
20220430,경원선,망월사,6090,6151,12241
20220430,경원선,방학,8111,7755,15866
20220430,경원선,보산,2390,2131,4521
20220430,경원선,서빙고,1880,1977,3857
20220430,경원선,석계,7207,7990,15197
20220430,경원선,소요산,4287,3500,7787
20220430,경원선,신이문,6595,6048,12643
20220430,경원선,양주,7175,6805,13980
20220430,경원선,옥수,50,38,88
20220430,경원선,왕십리,13486,15394,28880
20220430,경원선,외대앞,7077,6779,13856
20220430,경원선,월계,5261,4689,9950
20220430,경원선,응봉,1728,1503,3231
20220430,경원선,의정부,19785,20867,40652
20220430,경원선,이촌,3488,2460,5948
20220430,경원선,지행,6104,6165,12269
20220430,경원선,청량리,18034,18905,36939
20220430,경원선,한남,2880,2980,5860
20220430,경원선,회룡,10739,10513,21252
20220430,경의선,가좌,4313,4130,8443
20220430,경의선,강매,2270,2092,4362
20220430,경의선,곡산,475,530,1005
20220430,경의선,공덕,2964,2377,5341
20220430,경의선,금릉,4327,4182,8509
20220430,경의선,금촌,6220,5833,12053
20220430,경의선,능곡,3273,3168,6441
20220430,경의선,디지털미디어시티,2198,1974,4172
20220430,경의선,문산,5099,4797,9896
20220430,경의선,백마,5267,4779,10046
20220430,경의선,서강대,1834,1773,3607
20220430,경의선,서울역,1631,1709,3340
20220430,경의선,수색,1575,1588,3163
20220430,경의선,신촌,433,479,912
20220430,경의선,야당,7089,7111,14200
20220430,경의선,운정,5809,5275,11084
20220430,경의선,월롱,2261,1783,4044
20220430,경의선,일산,7179,6811,13990
20220430,경의선,임진강,84,61,145
20220430,경의선,탄현,6200,5787,11987
20220430,경의선,파주,1013,740,1753
20220430,경의선,풍산,4716,4576,9292
20220430,경의선,행신,5927,5949,11876
20220430,경의선,홍대입구,2373,3081,5454
20220430,경의선,화전,1326,1304,2630
20220430,경의선,효창공원앞,1886,2001,3887
20220430,경인선,간석,4755,4529,9284
20220430,경인선,개봉,17425,16665,34090
20220430,경인선,구일,6427,6439,12866
20220430,경인선,도원,2092,2195,4287
20220430,경인선,도화,3313,3080,6393
20220430,경인선,동암,13322,13493,26815
20220430,경인선,동인천,12900,12766,25666
20220430,경인선,백운,6171,5896,12067
20220430,경인선,부개,6889,6412,13301
20220430,경인선,부천,30907,32208,63115
20220430,경인선,부평,31667,35492,67159
20220430,경인선,소사,8383,7841,16224
20220430,경인선,송내,19976,19440,39416
20220430,경인선,역곡,22297,21389,43686
20220430,경인선,오류동,9837,8722,18559
20220430,경인선,온수,5425,5057,10482
20220430,경인선,인천,5595,4803,10398
20220430,경인선,제물포,8169,7501,15670
20220430,경인선,주안,17831,15488,33319
20220430,경인선,중동,7365,6847,14212
20220430,경춘선,가평,2740,3161,5901
20220430,경춘선,갈매,2198,1817,4015
20220430,경춘선,강촌,986,1110,2096
20220430,경춘선,굴봉산,328,354,682
20220430,경춘선,금곡,1206,1100,2306
20220430,경춘선,김유정,635,795,1430
20220430,경춘선,남춘천,3483,3527,7010
20220430,경춘선,대성리,1679,2557,4236
20220430,경춘선,마석,3853,3707,7560
20220430,경춘선,백양리,212,205,417
20220430,경춘선,별내,2485,2352,4837
20220430,경춘선,사릉,1947,1857,3804
20220430,경춘선,상천,628,610,1238
20220430,경춘선,신내,1367,1331,2698
20220430,경춘선,천마산,1565,1490,3055
20220430,경춘선,청평,2151,2547,4698
20220430,경춘선,춘천,2322,2093,4415
20220430,경춘선,퇴계원,2820,2478,5298
20220430,경춘선,평내호평,5223,5049,10272
20220430,공항철도 1호선,검암,4912,5079,9991
20220430,공항철도 1호선,계양,8116,7430,15546
20220430,공항철도 1호선,공덕,1744,2830,4574
20220430,공항철도 1호선,공항화물청사,1340,1462,2802
20220430,공항철도 1호선,김포공항,12169,5921,18090
20220430,공항철도 1호선,디지털미디어시티,6181,5795,11976
20220430,공항철도 1호선,마곡나루,3707,4075,7782
20220430,공항철도 1호선,서울역,8962,9292,18254
20220430,공항철도 1호선,영종,3429,3450,6879
20220430,공항철도 1호선,운서,7236,7122,14358
20220430,공항철도 1호선,인천공항1터미널,5721,5088,10809
20220430,공항철도 1호선,인천공항2터미널,2950,2483,5433
20220430,공항철도 1호선,청라국제도시,4950,4782,9732
20220430,공항철도 1호선,홍대입구,14017,14877,28894
20220430,과천선,경마공원,12725,12861,25586
20220430,과천선,과천,5513,4881,10394
20220430,과천선,대공원,10120,10791,20911
20220430,과천선,범계,23063,22943,46006
20220430,과천선,선바위,6501,5635,12136
20220430,과천선,인덕원,18837,18424,37261
20220430,과천선,정부과천청사,7140,6942,14082
20220430,과천선,평촌,10328,9865,20193
20220430,분당선,가천대,5885,6221,12106
20220430,분당선,강남구청,5868,7429,13297
20220430,분당선,개포동,2808,2750,5558
20220430,분당선,구룡,1628,1421,3049
20220430,분당선,구성,3791,3882,7673
20220430,분당선,기흥,7567,7046,14613
20220430,분당선,대모산입구,3235,2954,6189
20220430,분당선,도곡,5174,4487,9661
20220430,분당선,망포,10233,9280,19513
20220430,분당선,매교,2195,2161,4356
20220430,분당선,매탄권선,3940,3648,7588
20220430,분당선,모란,16911,17521,34432
20220430,분당선,미금,11449,11871,23320
20220430,분당선,보정,1792,1654,3446
20220430,분당선,상갈,4233,4127,8360
20220430,분당선,서울숲,12985,14500,27485
20220430,분당선,서현,21214,21556,42770
20220430,분당선,선릉,5336,8630,13966
20220430,분당선,선정릉,3675,3792,7467
20220430,분당선,수내,9291,8742,18033
20220430,분당선,수서,11053,11524,22577
20220430,분당선,수원,8541,6961,15502
20220430,분당선,수원시청,11748,13919,25667
20220430,분당선,신갈,3097,3090,6187
20220430,분당선,압구정로데오,20418,24204,44622
20220430,분당선,야탑,19792,20733,40525
20220430,분당선,영통,7365,7152,14517
20220430,분당선,오리,8413,6889,15302
20220430,분당선,이매,4749,4483,9232
20220430,분당선,정자,11399,11698,23097
20220430,분당선,죽전,11284,12469,23753
20220430,분당선,청명,3026,2944,5970
20220430,분당선,태평,11403,10543,21946
20220430,분당선,한티,11274,11062,22336
20220430,수인선,고색,2815,2807,5622
20220430,수인선,남동인더스파크,1043,1014,2057
20220430,수인선,달월,73,81,154
20220430,수인선,사리,4183,3316,7499
20220430,수인선,소래포구,7049,7118,14167
20220430,수인선,송도,2179,2031,4210
20220430,수인선,숭의,3021,2690,5711
20220430,수인선,신포,1585,1660,3245
20220430,수인선,야목,290,256,546
20220430,수인선,어천,854,780,1634
20220430,수인선,연수,4404,4424,8828
20220430,수인선,오목천,2526,2042,4568
20220430,수인선,원인재,4088,4250,8338
20220430,수인선,월곶,2388,2202,4590
20220430,수인선,인천,1511,2609,4120
20220430,수인선,인천논현,4628,4939,9567
20220430,수인선,인하대,5108,4653,9761
20220430,수인선,호구포,2834,2724,5558
20220430,안산선,고잔,7490,7592,15082
20220430,안산선,대야미,4839,4056,8895
20220430,안산선,반월,3783,3463,7246
20220430,안산선,산본,14611,15087,29698
20220430,안산선,상록수,13954,13776,27730
20220430,안산선,수리산,5089,5561,10650
20220430,안산선,신길온천,1661,1643,3304
20220430,안산선,안산,10391,10570,20961
20220430,안산선,오이도,8844,8815,17659
20220430,안산선,정왕,7482,7351,14833
20220430,안산선,중앙,18302,19164,37466
20220430,안산선,초지,3979,3864,7843
20220430,안산선,한대앞,8411,8052,16463
20220430,우이신설선,4.19민주묘지,2636,2242,4878
20220430,우이신설선,가오리,3136,2965,6101
20220430,우이신설선,보문,1318,1287,2605
20220430,우이신설선,북한산보국문,5496,4841,10337
20220430,우이신설선,북한산우이,4118,4134,8252
20220430,우이신설선,삼양,1620,1707,3327
20220430,우이신설선,삼양사거리,1974,1982,3956
20220430,우이신설선,성신여대입구,3002,3658,6660
20220430,우이신설선,솔밭공원,1985,1861,3846
20220430,우이신설선,솔샘,4391,3939,8330
20220430,우이신설선,신설동,1596,1483,3079
20220430,우이신설선,정릉,4005,3387,7392
20220430,우이신설선,화계,2683,2543,5226
20220430,일산선,대곡,1578,1330,2908
20220430,일산선,대화,9089,8106,17195
20220430,일산선,마두,5476,5599,11075
20220430,일산선,백석,8007,8070,16077
20220430,일산선,삼송,16441,15660,32101
20220430,일산선,원당,9302,8766,18068
20220430,일산선,원흥,8360,7693,16053
20220430,일산선,정발산,8128,8648,16776
20220430,일산선,주엽,7514,7225,14739
20220430,일산선,화정,14438,14898,29336
20220430,장항선,배방,1319,1194,2513
20220430,장항선,봉명,842,790,1632
20220430,장항선,신창,1562,1325,2887
20220430,장항선,쌍용,1812,1625,3437
20220430,장항선,아산,3577,3558,7135
20220430,장항선,온양온천,4355,4376,8731
20220430,장항선,탕정,731,641,1372
20220430,중앙선,구리,11973,12246,24219
20220430,중앙선,국수,785,815,1600
20220430,중앙선,덕소,4997,5053,10050
20220430,중앙선,도농,8108,7599,15707
20220430,중앙선,도심,1888,1633,3521
20220430,중앙선,망우,7311,7169,14480
20220430,중앙선,상봉,5402,5515,10917
20220430,중앙선,신원,368,295,663
20220430,중앙선,아신,790,846,1636
20220430,중앙선,양수,2650,2603,5253
20220430,중앙선,양원,2084,2144,4228
20220430,중앙선,양정,731,620,1351
20220430,중앙선,양평,3245,3457,6702
20220430,중앙선,오빈,397,440,837
20220430,중앙선,용문,4923,5206,10129
20220430,중앙선,운길산,1677,1681,3358
20220430,중앙선,원덕,551,618,1169
20220430,중앙선,중랑,4859,4739,9598
20220430,중앙선,지평,79,124,203
20220430,중앙선,팔당,1919,1980,3899
20220430,중앙선,회기,23117,22273,45390
