사용일자,호선명,지하철역,승차총승객수,하차총승객수,승하차총승객수
2022-04-01,1호선,동대문,10776,9652,20428
2022-04-01,1호선,동묘앞,8297,8644,16941
2022-04-01,1호선,서울역,43089,43731,86820
2022-04-01,1호선,시청,20773,21177,41950
2022-04-01,1호선,신설동,13637,13185,26822
2022-04-01,1호선,제기동,17133,17426,34559
2022-04-01,1호선,종각,31866,30795,62661
2022-04-01,1호선,종로3가,24279,22331,46610
2022-04-01,1호선,종로5가,22217,22157,44374
2022-04-01,1호선,청량리,19844,19618,39462
2022-04-01,2호선,강남,81663,80892,162555
2022-04-01,2호선,강변,30381,28921,59302
2022-04-01,2호선,건대입구,38640,40837,79477
2022-04-01,2호선,교대,32275,36305,68580
2022-04-01,2호선,구로디지털단지,56725,56240,112965
2022-04-01,2호선,구의,23373,22662,46035
2022-04-01,2호선,낙성대,27203,25344,52547
2022-04-01,2호선,당산,18724,21709,40433
2022-04-01,2호선,대림,22732,23398,46130
2022-04-01,2호선,도림천,1343,1420,2763
2022-04-01,2호선,동대문역사문화공원,12146,13895,26041
2022-04-01,2호선,뚝섬,22608,23885,46493
2022-04-01,2호선,문래,21332,22048,43380
2022-04-01,2호선,방배,18134,18842,36976
2022-04-01,2호선,봉천,23137,21123,44260
2022-04-01,2호선,사당,36112,40286,76398
2022-04-01,2호선,삼성,47389,47950,95339
2022-04-01,2호선,상왕십리,13993,13510,27503
2022-04-01,2호선,서울대입구,48258,47114,95372
2022-04-01,2호선,서초,20665,19629,40294
2022-04-01,2호선,선릉,51279,45602,96881
2022-04-01,2호선,성수,36504,39659,76163
2022-04-01,2호선,시청,21848,21331,43179
2022-04-01,2호선,신답,1595,1781,3376
2022-04-01,2호선,신당,13793,14238,28031
2022-04-01,2호선,신대방,25956,25143,51099
2022-04-01,2호선,신도림,45947,47027,92974
2022-04-01,2호선,신림,62771,60285,123056
2022-04-01,2호선,신설동,3555,3038,6593
2022-04-01,2호선,신정네거리,9867,10363,20230
2022-04-01,2호선,신촌,35779,35591,71370
2022-04-01,2호선,아현,10424,9717,20141
2022-04-01,2호선,양천구청,6497,6770,13267
2022-04-01,2호선,역삼,45862,51594,97456
2022-04-01,2호선,영등포구청,21752,22567,44319
2022-04-01,2호선,왕십리,17569,14423,31992
2022-04-01,2호선,용답,3023,3177,6200
2022-04-01,2호선,용두,2281,2410,4691
2022-04-01,2호선,을지로3가,21663,22050,43713
2022-04-01,2호선,을지로4가,12527,12724,25251
2022-04-01,2호선,을지로입구,36620,37857,74477
2022-04-01,2호선,이대,13995,14492,28487
2022-04-01,2호선,잠실,69024,69044,138068
2022-04-01,2호선,잠실나루,13537,11695,25232
2022-04-01,2호선,잠실새내,20846,21324,42170
2022-04-01,2호선,종합운동장,6711,7250,13961
2022-04-01,2호선,충정로,9414,10032,19446
2022-04-01,2호선,한양대,12721,13848,26569
2022-04-01,2호선,합정,31551,33815,65366
2022-04-01,2호선,홍대입구,56121,60931,117052
2022-04-01,3호선,가락시장,8716,8708,17424
2022-04-01,3호선,경복궁,21753,21531,43284
2022-04-01,3호선,경찰병원,6993,6858,13851
2022-04-01,3호선,고속터미널,42055,43793,85848
2022-04-01,3호선,교대,13976,9108,23084
2022-04-01,3호선,구파발,19702,19262,38964
2022-04-01,3호선,금호,7781,7169,14950
2022-04-01,3호선,남부터미널,28716,28916,57632
2022-04-01,3호선,녹번,15091,13417,28508
2022-04-01,3호선,대청,9753,8995,18748
2022-04-01,3호선,대치,10670,10752,21422
2022-04-01,3호선,도곡,5004,5232,10236
2022-04-01,3호선,독립문,6835,7233,14068
2022-04-01,3호선,동대입구,8586,9502,18088
2022-04-01,3호선,매봉,11596,11102,22698
2022-04-01,3호선,무악재,3724,3706,7430
2022-04-01,3호선,불광,15588,16636,32224
2022-04-01,3호선,수서,17340,17878,35218
2022-04-01,3호선,신사,31088,32585,63673
2022-04-01,3호선,안국,20895,21751,42646
2022-04-01,3호선,압구정,30687,32977,63664
2022-04-01,3호선,약수,12826,12476,25302
2022-04-01,3호선,양재,37358,39966,77324
2022-04-01,3호선,연신내,35789,34222,70011
2022-04-01,3호선,오금,6062,5504,11566
2022-04-01,3호선,옥수,8999,9159,18158
2022-04-01,3호선,을지로3가,10123,10645,20768
2022-04-01,3호선,일원,9912,9330,19242
2022-04-01,3호선,잠원,4769,4664,9433
2022-04-01,3호선,종로3가,9980,11774,21754
2022-04-01,3호선,지축,4780,4420,9200
2022-04-01,3호선,학여울,1653,1713,3366
2022-04-01,3호선,홍제,17104,16234,33338
2022-04-01,4호선,길음,20403,20026,40429
2022-04-01,4호선,남태령,1268,976,2244
2022-04-01,4호선,노원,19016,21631,40647
2022-04-01,4호선,당고개,9010,8265,17275
2022-04-01,4호선,동대문,18885,19148,38033
2022-04-01,4호선,동대문역사문화공원,14504,13304,27808
2022-04-01,4호선,동작,1574,1805,3379
2022-04-01,4호선,명동,18753,19848,38601
2022-04-01,4호선,미아,15070,14566,29636
2022-04-01,4호선,미아사거리,26890,26236,53126
2022-04-01,4호선,사당,25061,21399,46460
2022-04-01,4호선,삼각지,4984,5614,10598
2022-04-01,4호선,상계,18867,17499,36366
2022-04-01,4호선,서울역,10455,17206,27661
2022-04-01,4호선,성신여대입구,21283,20155,41438
2022-04-01,4호선,수유,33798,33789,67587
2022-04-01,4호선,숙대입구,13318,12850,26168
2022-04-01,4호선,신용산,15447,16528,31975
2022-04-01,4호선,쌍문,28548,26150,54698
2022-04-01,4호선,이촌,7054,7844,14898
2022-04-01,4호선,창동,25142,26993,52135
2022-04-01,4호선,총신대입구,18572,19970,38542
2022-04-01,4호선,충무로,26912,27790,54702
2022-04-01,4호선,한성대입구,14163,13696,27859
2022-04-01,4호선,혜화,32391,31757,64148
2022-04-01,4호선,회현,23134,24640,47774
2022-04-01,5호선,강동,18055,17105,35160
2022-04-01,5호선,강일,4072,3728,7800
2022-04-01,5호선,개롱,6249,6472,12721
2022-04-01,5호선,개화산,5389,5251,10640
2022-04-01,5호선,거여,9823,9306,19129
2022-04-01,5호선,고덕,9235,9076,18311
2022-04-01,5호선,공덕,13268,14124,27392
2022-04-01,5호선,광나루,13080,11648,24728
2022-04-01,5호선,광화문,27204,28300,55504
2022-04-01,5호선,군자,10928,12144,23072
2022-04-01,5호선,굽은다리,9218,8644,17862
2022-04-01,5호선,길동,7866,8262,16128
2022-04-01,5호선,김포공항,7128,7327,14455
2022-04-01,5호선,까치산,28147,26784,54931
2022-04-01,5호선,답십리,15538,13920,29458
2022-04-01,5호선,동대문역사문화공원,2621,3128,5749
2022-04-01,5호선,둔촌동,8404,8305,16709
2022-04-01,5호선,마곡,10244,10049,20293
2022-04-01,5호선,마장,5535,5281,10816
2022-04-01,5호선,마천,7018,6618,13636
2022-04-01,5호선,마포,13921,14384,28305
2022-04-01,5호선,명일,8442,8730,17172
2022-04-01,5호선,목동,16375,17307,33682
2022-04-01,5호선,미사,15686,15703,31389
2022-04-01,5호선,발산,19305,20085,39390
2022-04-01,5호선,방이,6817,6943,13760
2022-04-01,5호선,방화,6503,6153,12656
2022-04-01,5호선,상일동,14176,13268,27444
2022-04-01,5호선,서대문,17915,18063,35978
2022-04-01,5호선,송정,6403,6065,12468
2022-04-01,5호선,신금호,6166,6412,12578
2022-04-01,5호선,신길,4106,4213,8319
2022-04-01,5호선,신정,13504,10839,24343
2022-04-01,5호선,아차산,15153,14691,29844
2022-04-01,5호선,애오개,6599,6691,13290
2022-04-01,5호선,양평,7395,6943,14338
2022-04-01,5호선,여의나루,15724,17322,33046
2022-04-01,5호선,여의도,27068,28600,55668
2022-04-01,5호선,영등포구청,3819,3901,7720
2022-04-01,5호선,영등포시장,9993,10309,20302
2022-04-01,5호선,오금,3683,3724,7407
2022-04-01,5호선,오목교,20635,22334,42969
2022-04-01,5호선,올림픽공원,4328,3712,8040
2022-04-01,5호선,왕십리,4494,5448,9942
2022-04-01,5호선,우장산,14164,13696,27860
2022-04-01,5호선,을지로4가,5993,6125,12118
2022-04-01,5호선,장한평,17930,17778,35708
2022-04-01,5호선,종로3가,12788,12940,25728
2022-04-01,5호선,천호,17985,17884,35869
2022-04-01,5호선,청구,3994,3541,7535
2022-04-01,5호선,충정로,4421,4475,8896
2022-04-01,5호선,하남검단산,5412,5199,10611
2022-04-01,5호선,하남시청,6541,6505,13046
2022-04-01,5호선,하남풍산,4248,4234,8482
2022-04-01,5호선,행당,7821,6865,14686
2022-04-01,5호선,화곡,27773,25611,53384
2022-04-01,6호선,고려대,8608,8375,16983
2022-04-01,6호선,공덕,17441,16985,34426
2022-04-01,6호선,광흥창,8658,8415,17073
2022-04-01,6호선,구산,7504,5402,12906
2022-04-01,6호선,녹사평,4944,4994,9938
2022-04-01,6호선,대흥,8418,8637,17055
2022-04-01,6호선,독바위,2614,2606,5220
2022-04-01,6호선,돌곶이,9294,8512,17806
2022-04-01,6호선,동묘앞,7636,7535,15171
2022-04-01,6호선,디지털미디어시티,12810,14005,26815
2022-04-01,6호선,마포구청,13621,12244,25865
2022-04-01,6호선,망원,13850,14919,28769
2022-04-01,6호선,버티고개,2031,2007,4038
2022-04-01,6호선,보문,7392,6605,13997
2022-04-01,6호선,봉화산,8464,8043,16507
2022-04-01,6호선,불광,4194,4057,8251
2022-04-01,6호선,삼각지,6343,5560,11903
2022-04-01,6호선,상수,9476,10826,20302
2022-04-01,6호선,상월곡,6132,5502,11634
2022-04-01,6호선,새절,12419,11494,23913
2022-04-01,6호선,석계,12127,12487,24614
2022-04-01,6호선,신당,8502,8536,17038
2022-04-01,6호선,안암,13225,12625,25850
2022-04-01,6호선,약수,3585,3578,7163
2022-04-01,6호선,역촌,3568,4277,7845
2022-04-01,6호선,연신내,1,0,1
2022-04-01,6호선,월곡,11707,11303,23010
2022-04-01,6호선,월드컵경기장,4510,4641,9151
2022-04-01,6호선,응암,17127,16978,34105
2022-04-01,6호선,이태원,12384,13248,25632
2022-04-01,6호선,증산,9831,9700,19531
2022-04-01,6호선,창신,3522,2878,6400
2022-04-01,6호선,청구,3553,3845,7398
2022-04-01,6호선,태릉입구,5563,6043,11606
2022-04-01,6호선,한강진,7621,9094,16715
2022-04-01,6호선,합정,13615,13376,26991
2022-04-01,6호선,화랑대,11524,8863,20387
2022-04-01,6호선,효창공원앞,6979,6430,13409
2022-04-01,7호선,가산디지털단지,42305,42277,84582
2022-04-01,7호선,강남구청,15317,17312,32629
2022-04-01,7호선,건대입구,12584,13775,26359
2022-04-01,7호선,고속터미널,16198,13299,29497
2022-04-01,7호선,공릉,12655,12239,24894
2022-04-01,7호선,광명사거리,21725,21499,43224
2022-04-01,7호선,군자,14719,11722,26441
2022-04-01,7호선,남구로,14939,15778,30717
2022-04-01,7호선,남성,10896,9818,20714
2022-04-01,7호선,내방,13958,14209,28167
2022-04-01,7호선,노원,19086,20226,39312
2022-04-01,7호선,논현,19506,21387,40893
2022-04-01,7호선,대림,7204,7473,14677
2022-04-01,7호선,도봉산,9036,10671,19707
2022-04-01,7호선,뚝섬유원지,12123,11953,24076
2022-04-01,7호선,마들,12430,11709,24139
2022-04-01,7호선,먹골,9889,9555,19444
2022-04-01,7호선,면목,15963,15245,31208
2022-04-01,7호선,반포,5773,5563,11336
2022-04-01,7호선,보라매,9460,9281,18741
2022-04-01,7호선,사가정,15781,15779,31560
2022-04-01,7호선,상도,10989,10413,21402
2022-04-01,7호선,상봉,16289,15431,31720
2022-04-01,7호선,수락산,12156,11944,24100
2022-04-01,7호선,숭실대입구,13992,13754,27746
2022-04-01,7호선,신대방삼거리,16356,15348,31704
2022-04-01,7호선,신풍,11099,10618,21717
2022-04-01,7호선,어린이대공원,14118,14354,28472
2022-04-01,7호선,온수,10320,9854,20174
2022-04-01,7호선,용마산,5950,5619,11569
2022-04-01,7호선,이수,15355,14774,30129
2022-04-01,7호선,장승배기,8748,8465,17213
2022-04-01,7호선,장암,2153,932,3085
2022-04-01,7호선,중계,14245,12826,27071
2022-04-01,7호선,중곡,10723,9872,20595
2022-04-01,7호선,중화,10596,10304,20900
2022-04-01,7호선,천왕,11088,10447,21535
2022-04-01,7호선,철산,20262,20778,41040
2022-04-01,7호선,청담,18475,20724,39199
2022-04-01,7호선,태릉입구,8494,8219,16713
2022-04-01,7호선,하계,17105,15850,32955
2022-04-01,7호선,학동,22100,23650,45750
2022-04-01,8호선,가락시장,7516,8321,15837
2022-04-01,8호선,강동구청,10257,10332,20589
2022-04-01,8호선,남위례,4658,4795,9453
2022-04-01,8호선,남한산성입구,14833,13211,28044
2022-04-01,8호선,단대오거리,11128,10282,21410
2022-04-01,8호선,모란,4490,3792,8282
2022-04-01,8호선,몽촌토성,5977,6110,12087
2022-04-01,8호선,문정,21016,22003,43019
2022-04-01,8호선,복정,9660,8074,17734
2022-04-01,8호선,산성,5358,5260,10618
2022-04-01,8호선,석촌,7711,9041,16752
2022-04-01,8호선,송파,7754,7598,15352
2022-04-01,8호선,수진,5336,4788,10124
2022-04-01,8호선,신흥,4055,4378,8433
2022-04-01,8호선,암사,18128,15953,34081
2022-04-01,8호선,잠실,14090,16426,30516
2022-04-01,8호선,장지,16979,16116,33095
2022-04-01,8호선,천호,14462,17016,31478
2022-04-01,9호선,가양,20123,19063,39186
2022-04-01,9호선,개화,2409,1716,4125
2022-04-01,9호선,고속터미널,12707,16803,29510
2022-04-01,9호선,공항시장,3016,3225,6241
2022-04-01,9호선,구반포,1244,1297,2541
2022-04-01,9호선,국회의사당,14600,14813,29413
2022-04-01,9호선,김포공항,7252,12324,19576
2022-04-01,9호선,노들,4437,3632,8069
2022-04-01,9호선,노량진,26055,24712,50767
2022-04-01,9호선,당산,18142,17838,35980
2022-04-01,9호선,동작,2072,1712,3784
2022-04-01,9호선,등촌,10895,10320,21215
2022-04-01,9호선,마곡나루,11883,11772,23655
2022-04-01,9호선,사평,3435,3342,6777
2022-04-01,9호선,샛강,5630,5852,11482
2022-04-01,9호선,선유도,8291,7873,16164
2022-04-01,9호선,신논현,31736,31458,63194
2022-04-01,9호선,신목동,3942,3373,7315
2022-04-01,9호선,신반포,3383,3285,6668
2022-04-01,9호선,신방화,6745,6479,13224
2022-04-01,9호선,양천향교,9786,9781,19567
2022-04-01,9호선,여의도,26482,25126,51608
2022-04-01,9호선,염창,16856,16074,32930
2022-04-01,9호선,증미,7007,6777,13784
2022-04-01,9호선,흑석,9319,9087,18406
2022-04-01,9호선2~3단계,둔촌오륜,1250,1026,2276
2022-04-01,9호선2~3단계,봉은사,15961,16401,32362
2022-04-01,9호선2~3단계,삼성중앙,6352,6672,13024
2022-04-01,9호선2~3단계,삼전,6622,6485,13107
2022-04-01,9호선2~3단계,석촌,8561,7683,16244
2022-04-01,9호선2~3단계,석촌고분,5807,5625,11432
2022-04-01,9호선2~3단계,선정릉,9073,10050,19123
2022-04-01,9호선2~3단계,송파나루,5237,5501,10738
2022-04-01,9호선2~3단계,언주,9900,9910,19810
2022-04-01,9호선2~3단계,올림픽공원,5951,5827,11778
2022-04-01,9호선2~3단계,종합운동장,3986,4170,8156
2022-04-01,9호선2~3단계,중앙보훈병원,10024,8810,18834
2022-04-01,9호선2~3단계,한성백제,2501,2133,4634
2022-04-01,경강선,경기광주,7614,7162,14776
2022-04-01,경강선,곤지암,2217,2184,4401
2022-04-01,경강선,부발,2569,2012,4581
2022-04-01,경강선,삼동,2245,2057,4302
2022-04-01,경강선,세종대왕릉,338,363,701
2022-04-01,경강선,신둔도예촌,1689,1445,3134
2022-04-01,경강선,여주,2179,2302,4481
2022-04-01,경강선,이매,1105,925,2030
2022-04-01,경강선,이천,2688,2893,5581
2022-04-01,경강선,초월,3041,2862,5903
2022-04-01,경강선,판교,4354,4405,8759
2022-04-01,경부선,가산디지털단지,17501,20000,37501
2022-04-01,경부선,관악,7143,6733,13876
2022-04-01,경부선,광명,3397,3132,6529
2022-04-01,경부선,구로,17700,18684,36384
2022-04-01,경부선,군포,7689,7535,15224
2022-04-01,경부선,금정,26295,26830,53125
2022-04-01,경부선,금천구청,11476,11476,22952
2022-04-01,경부선,남영,9364,9732,19096
2022-04-01,경부선,노량진,8583,8371,16954
2022-04-01,경부선,당정,6273,5819,12092
2022-04-01,경부선,대방,12697,12721,25418
2022-04-01,경부선,독산,18103,18236,36339
2022-04-01,경부선,두정,7348,6484,13832
2022-04-01,경부선,명학,9198,8974,18172
2022-04-01,경부선,병점,15293,15421,30714
2022-04-01,경부선,서동탄,1354,1338,2692
2022-04-01,경부선,서울역,6849,2493,9342
2022-04-01,경부선,서정리,7978,6505,14483
2022-04-01,경부선,석수,9560,8466,18026
2022-04-01,경부선,성균관대,15305,14802,30107
2022-04-01,경부선,성환,4459,3760,8219
2022-04-01,경부선,세류,3055,2771,5826
2022-04-01,경부선,세마,2813,2626,5439
2022-04-01,경부선,송탄,4988,4471,9459
2022-04-01,경부선,수원,36528,40171,76699
2022-04-01,경부선,신길,8841,7534,16375
2022-04-01,경부선,신도림,4038,4019,8057
2022-04-01,경부선,안양,24700,24475,49175
2022-04-01,경부선,영등포,38355,39677,78032
2022-04-01,경부선,오산,10155,9989,20144
2022-04-01,경부선,오산대,3776,3540,7316
2022-04-01,경부선,용산,33746,35565,69311
2022-04-01,경부선,의왕,9323,9137,18460
2022-04-01,경부선,직산,892,809,1701
2022-04-01,경부선,진위,1881,1577,3458
2022-04-01,경부선,천안,6792,6549,13341
2022-04-01,경부선,평택,13991,13271,27262
2022-04-01,경부선,평택지제,3806,3623,7429
2022-04-01,경부선,화서,8011,7572,15583
2022-04-01,경원선,가능,6787,6418,13205
2022-04-01,경원선,광운대,8447,8138,16585
2022-04-01,경원선,녹양,4791,4489,9280
2022-04-01,경원선,녹천,4665,3785,8450
2022-04-01,경원선,덕계,3120,2906,6026
2022-04-01,경원선,덕정,6302,5813,12115
2022-04-01,경원선,도봉,5883,5567,11450
2022-04-01,경원선,도봉산,7928,5217,13145
2022-04-01,경원선,동두천,2551,2678,5229
2022-04-01,경원선,동두천중앙,3127,3085,6212
2022-04-01,경원선,망월사,8092,8127,16219
2022-04-01,경원선,방학,9561,9383,18944
2022-04-01,경원선,보산,1786,1557,3343
2022-04-01,경원선,서빙고,2031,1897,3928
2022-04-01,경원선,석계,8107,9007,17114
2022-04-01,경원선,소요산,2716,2415,5131
2022-04-01,경원선,신이문,8282,7613,15895
2022-04-01,경원선,양주,7881,7447,15328
2022-04-01,경원선,옥수,52,29,81
2022-04-01,경원선,왕십리,15171,16014,31185
2022-04-01,경원선,외대앞,8652,8339,16991
2022-04-01,경원선,월계,7660,7116,14776
2022-04-01,경원선,응봉,2412,2468,4880
2022-04-01,경원선,의정부,18483,19379,37862
2022-04-01,경원선,이촌,3553,2795,6348
2022-04-01,경원선,지행,6765,6726,13491
2022-04-01,경원선,청량리,16206,16523,32729
2022-04-01,경원선,한남,3874,3709,7583
2022-04-01,경원선,회룡,12261,12174,24435
2022-04-01,경의선,가좌,5207,5104,10311
2022-04-01,경의선,강매,3230,2755,5985
2022-04-01,경의선,곡산,592,649,1241
2022-04-01,경의선,공덕,3363,2958,6321
2022-04-01,경의선,금릉,4770,4649,9419
2022-04-01,경의선,금촌,6782,6932,13714
2022-04-01,경의선,능곡,3814,3612,7426
2022-04-01,경의선,디지털미디어시티,2411,2285,4696
2022-04-01,경의선,문산,5271,5098,10369
2022-04-01,경의선,백마,6973,6922,13895
2022-04-01,경의선,서강대,2181,2164,4345
2022-04-01,경의선,서울역,4240,5480,9720
2022-04-01,경의선,수색,2688,2724,5412
2022-04-01,경의선,신촌,812,1078,1890
2022-04-01,경의선,야당,7848,8037,15885
2022-04-01,경의선,운정,6942,6582,13524
2022-04-01,경의선,월롱,2810,2181,4991
2022-04-01,경의선,일산,9314,9256,18570
2022-04-01,경의선,임진강,18,11,29
2022-04-01,경의선,탄현,7608,7484,15092
2022-04-01,경의선,파주,1324,869,2193
2022-04-01,경의선,풍산,5507,5126,10633
2022-04-01,경의선,행신,7985,8107,16092
2022-04-01,경의선,홍대입구,1735,2142,3877
2022-04-01,경의선,화전,2919,2597,5516
2022-04-01,경의선,효창공원앞,2969,3260,6229
2022-04-01,경인선,간석,5914,5646,11560
2022-04-01,경인선,개봉,21016,20591,41607
2022-04-01,경인선,구일,6608,6471,13079
2022-04-01,경인선,도원,3140,3093,6233
2022-04-01,경인선,도화,4208,3944,8152
2022-04-01,경인선,동암,14235,14700,28935
2022-04-01,경인선,동인천,13915,13267,27182
2022-04-01,경인선,백운,6886,6779,13665
2022-04-01,경인선,부개,8311,7739,16050
2022-04-01,경인선,부천,32354,32980,65334
2022-04-01,경인선,부평,29597,32537,62134
2022-04-01,경인선,소사,8788,8389,17177
2022-04-01,경인선,송내,26416,26266,52682
2022-04-01,경인선,역곡,28127,27578,55705
2022-04-01,경인선,오류동,11726,10639,22365
2022-04-01,경인선,온수,6902,6420,13322
2022-04-01,경인선,인천,3549,2775,6324
2022-04-01,경인선,제물포,10826,10327,21153
2022-04-01,경인선,주안,19608,17494,37102
2022-04-01,경인선,중동,9196,8759,17955
2022-04-01,경춘선,가평,1457,1690,3147
2022-04-01,경춘선,갈매,3013,2618,5631
2022-04-01,경춘선,강촌,328,393,721
2022-04-01,경춘선,굴봉산,129,128,257
2022-04-01,경춘선,금곡,1549,1492,3041
2022-04-01,경춘선,김유정,303,345,648
2022-04-01,경춘선,남춘천,2949,2430,5379
2022-04-01,경춘선,대성리,504,641,1145
2022-04-01,경춘선,마석,3912,3891,7803
2022-04-01,경춘선,백양리,86,92,178
2022-04-01,경춘선,별내,3157,3117,6274
2022-04-01,경춘선,사릉,2450,2401,4851
2022-04-01,경춘선,상천,284,255,539
2022-04-01,경춘선,신내,2142,2108,4250
2022-04-01,경춘선,천마산,1670,1603,3273
2022-04-01,경춘선,청평,1560,1714,3274
2022-04-01,경춘선,춘천,1581,1248,2829
2022-04-01,경춘선,퇴계원,3393,3230,6623
2022-04-01,경춘선,평내호평,6121,6170,12291
2022-04-01,공항철도,검암,6540,6516,13056
2022-04-01,공항철도,계양,10099,9588,19687
2022-04-01,공항철도,공덕,2172,2961,5133
2022-04-01,공항철도,공항화물청사,2280,2406,4686
2022-04-01,공항철도,김포공항,12509,6935,19444
2022-04-01,공항철도,디지털미디어시티,12846,11720,24566
2022-04-01,공항철도,마곡나루,8021,7972,15993
2022-04-01,공항철도,서울역,8782,8426,17208
2022-04-01,공항철도,영종,3055,3135,6190
2022-04-01,공항철도,운서,6835,6751,13586
2022-04-01,공항철도,인천공항1터미널,4613,4538,9151
2022-04-01,공항철도,인천공항2터미널,2596,2202,4798
2022-04-01,공항철도,청라국제도시,6681,6444,13125
2022-04-01,공항철도,홍대입구,10102,10273,20375
2022-04-01,과천선,경마공원,5632,5716,11348
2022-04-01,과천선,과천,6280,5626,11906
2022-04-01,과천선,대공원,3405,3489,6894
2022-04-01,과천선,범계,25902,26258,52160
2022-04-01,과천선,선바위,8263,7176,15439
2022-04-01,과천선,인덕원,23845,24462,48307
2022-04-01,과천선,정부과천청사,10022,9905,19927
2022-04-01,과천선,평촌,17076,16682,33758
2022-04-01,분당선,가천대,9575,9898,19473
2022-04-01,분당선,강남구청,9706,11080,20786
2022-04-01,분당선,개포동,3954,4045,7999
2022-04-01,분당선,구룡,2361,2263,4624
2022-04-01,분당선,구성,4822,5103,9925
2022-04-01,분당선,기흥,9615,9235,18850
2022-04-01,분당선,대모산입구,4443,4040,8483
2022-04-01,분당선,도곡,6878,6617,13495
2022-04-01,분당선,망포,14733,13799,28532
2022-04-01,분당선,매교,3132,3149,6281
2022-04-01,분당선,매탄권선,5264,5052,10316
2022-04-01,분당선,모란,20233,20587,40820
2022-04-01,분당선,미금,15312,16215,31527
2022-04-01,분당선,보정,2534,2205,4739
2022-04-01,분당선,복정,1,0,1
2022-04-01,분당선,상갈,5226,5134,10360
2022-04-01,분당선,서울숲,11742,12064,23806
2022-04-01,분당선,서현,24200,24806,49006
2022-04-01,분당선,선릉,12334,18434,30768
2022-04-01,분당선,선정릉,7555,7890,15445
2022-04-01,분당선,수내,12731,12801,25532
2022-04-01,분당선,수서,13592,14840,28432
2022-04-01,분당선,수원,8758,7249,16007
2022-04-01,분당선,수원시청,13101,14488,27589
2022-04-01,분당선,신갈,4346,4304,8650
2022-04-01,분당선,압구정로데오,20054,22600,42654
2022-04-01,분당선,야탑,25771,26677,52448
2022-04-01,분당선,영통,8910,8857,17767
2022-04-01,분당선,오리,11264,9167,20431
2022-04-01,분당선,이매,5677,5394,11071
2022-04-01,분당선,정자,16715,17848,34563
2022-04-01,분당선,죽전,14116,15184,29300
2022-04-01,분당선,청명,4508,4210,8718
2022-04-01,분당선,태평,13472,12898,26370
2022-04-01,분당선,한티,14092,14960,29052
2022-04-01,수인선,고색,5311,4959,10270
2022-04-01,수인선,남동인더스파크,2340,2625,4965
2022-04-01,수인선,달월,122,77,199
2022-04-01,수인선,사리,4826,4343,9169
2022-04-01,수인선,소래포구,5591,5341,10932
2022-04-01,수인선,송도,2594,2467,5061
2022-04-01,수인선,숭의,3835,3641,7476
2022-04-01,수인선,신포,1871,1909,3780
2022-04-01,수인선,야목,390,301,691
2022-04-01,수인선,어천,842,775,1617
2022-04-01,수인선,연수,4897,4903,9800
2022-04-01,수인선,오목천,3437,3016,6453
2022-04-01,수인선,원인재,4425,4709,9134
2022-04-01,수인선,월곶,2739,2510,5249
2022-04-01,수인선,인천,1053,1722,2775
2022-04-01,수인선,인천논현,5573,6036,11609
2022-04-01,수인선,인하대,7215,6589,13804
2022-04-01,수인선,호구포,4047,4148,8195
2022-04-01,안산선,고잔,8853,8438,17291
2022-04-01,안산선,대야미,5135,4553,9688
2022-04-01,안산선,반월,4470,4197,8667
2022-04-01,안산선,산본,15587,17119,32706
2022-04-01,안산선,상록수,16012,15953,31965
2022-04-01,안산선,수리산,4299,3422,7721
2022-04-01,안산선,신길온천,1761,1637,3398
2022-04-01,안산선,안산,11360,10621,21981
2022-04-01,안산선,오이도,8278,8529,16807
2022-04-01,안산선,정왕,10692,10047,20739
2022-04-01,안산선,중앙,18709,19810,38519
2022-04-01,안산선,초지,4791,5138,9929
2022-04-01,안산선,한대앞,10531,10372,20903
2022-04-01,우이신설선,4.19민주묘지,3587,3352,6939
2022-04-01,우이신설선,가오리,4111,4045,8156
2022-04-01,우이신설선,보문,1499,1544,3043
2022-04-01,우이신설선,북한산보국문,6159,5746,11905
2022-04-01,우이신설선,북한산우이,3509,3243,6752
2022-04-01,우이신설선,삼양,1997,2132,4129
2022-04-01,우이신설선,삼양사거리,2434,2455,4889
2022-04-01,우이신설선,성신여대입구,3375,3711,7086
2022-04-01,우이신설선,솔밭공원,2424,2234,4658
2022-04-01,우이신설선,솔샘,5627,5118,10745
2022-04-01,우이신설선,신설동,2155,2137,4292
2022-04-01,우이신설선,정릉,4779,4248,9027
2022-04-01,우이신설선,화계,3400,3139,6539
2022-04-01,일산선,대곡,2134,1686,3820
2022-04-01,일산선,대화,11921,9653,21574
2022-04-01,일산선,마두,7295,7548,14843
2022-04-01,일산선,백석,9452,9395,18847
2022-04-01,일산선,삼송,19366,18600,37966
2022-04-01,일산선,원당,11148,10346,21494
2022-04-01,일산선,원흥,10402,9721,20123
2022-04-01,일산선,정발산,7280,7657,14937
2022-04-01,일산선,주엽,8690,8843,17533
2022-04-01,일산선,화정,16672,17207,33879
2022-04-01,장항선,배방,1216,1163,2379
2022-04-01,장항선,봉명,1272,1182,2454
2022-04-01,장항선,신창,3248,2050,5298
2022-04-01,장항선,쌍용,2687,2249,4936
2022-04-01,장항선,아산,4140,4157,8297
2022-04-01,장항선,온양온천,3597,3991,7588
2022-04-01,장항선,탕정,823,683,1506
2022-04-01,중앙선,구리,13076,13528,26604
2022-04-01,중앙선,국수,690,719,1409
2022-04-01,중앙선,덕소,5443,5569,11012
2022-04-01,중앙선,도농,10157,9406,19563
2022-04-01,중앙선,도심,2374,1942,4316
2022-04-01,중앙선,망우,7581,7497,15078
2022-04-01,중앙선,상봉,5717,5775,11492
2022-04-01,중앙선,신원,237,223,460
2022-04-01,중앙선,아신,532,553,1085
2022-04-01,중앙선,양수,1986,2070,4056
2022-04-01,중앙선,양원,2924,2736,5660
2022-04-01,중앙선,양정,758,664,1422
2022-04-01,중앙선,양평,2769,2875,5644
2022-04-01,중앙선,오빈,327,335,662
2022-04-01,중앙선,용문,1701,1836,3537
2022-04-01,중앙선,운길산,939,893,1832
2022-04-01,중앙선,원덕,421,440,861
2022-04-01,중앙선,중랑,5538,5254,10792
2022-04-01,중앙선,지평,80,88,168
2022-04-01,중앙선,팔당,878,959,1837
2022-04-01,중앙선,회기,25777,24197,49974
2022-04-04,1호선,동대문,10189,9693,19882
2022-04-04,1호선,동묘앞,7412,7753,15165
2022-04-04,1호선,서울역,39136,37312,76448
2022-04-04,1호선,시청,20788,20597,41385
2022-04-04,1호선,신설동,13260,13173,26433
2022-04-04,1호선,제기동,16651,17157,33808
2022-04-04,1호선,종각,31125,30741,61866
2022-04-04,1호선,종로3가,22588,20757,43345
2022-04-04,1호선,종로5가,21283,21355,42638
2022-04-04,1호선,청량리,19062,18819,37881
2022-04-04,2호선,강남,76003,75307,151310
2022-04-04,2호선,강변,27826,26423,54249
2022-04-04,2호선,건대입구,33245,35382,68627
2022-04-04,2호선,교대,31898,35912,67810
2022-04-04,2호선,구로디지털단지,55868,56060,111928
2022-04-04,2호선,구의,22407,22035,44442
2022-04-04,2호선,낙성대,25580,25436,51016
2022-04-04,2호선,당산,18016,20690,38706
2022-04-04,2호선,대림,23039,23352,46391
2022-04-04,2호선,도림천,1366,1460,2826
2022-04-04,2호선,동대문역사문화공원,10740,12115,22855
2022-04-04,2호선,뚝섬,20645,22530,43175
2022-04-04,2호선,문래,21009,21437,42446
2022-04-04,2호선,방배,18255,18826,37081
2022-04-04,2호선,봉천,22821,21128,43949
2022-04-04,2호선,사당,32692,36801,69493
2022-04-04,2호선,삼성,46160,46905,93065
2022-04-04,2호선,상왕십리,13569,13195,26764
2022-04-04,2호선,서울대입구,45087,44804,89891
2022-04-04,2호선,서초,20156,19379,39535
2022-04-04,2호선,선릉,53179,47567,100746
2022-04-04,2호선,성수,34919,37918,72837
2022-04-04,2호선,시청,21474,21090,42564
2022-04-04,2호선,신답,1581,1879,3460
2022-04-04,2호선,신당,12856,13315,26171
2022-04-04,2호선,신대방,25354,24892,50246
2022-04-04,2호선,신도림,43603,42962,86565
2022-04-04,2호선,신림,59587,57535,117122
2022-04-04,2호선,신설동,3097,1706,4803
2022-04-04,2호선,신정네거리,9910,10171,20081
2022-04-04,2호선,신촌,30264,30832,61096
2022-04-04,2호선,아현,9786,9266,19052
2022-04-04,2호선,양천구청,6501,6734,13235
2022-04-04,2호선,역삼,49488,55461,104949
2022-04-04,2호선,영등포구청,21588,22419,44007
2022-04-04,2호선,왕십리,15817,12391,28208
2022-04-04,2호선,용답,3184,3322,6506
2022-04-04,2호선,용두,2248,2372,4620
2022-04-04,2호선,을지로3가,20136,20378,40514
2022-04-04,2호선,을지로4가,12084,12246,24330
2022-04-04,2호선,을지로입구,35316,36350,71666
2022-04-04,2호선,이대,12922,13898,26820
2022-04-04,2호선,잠실,64255,64016,128271
2022-04-04,2호선,잠실나루,13660,13525,27185
2022-04-04,2호선,잠실새내,19571,19429,39000
2022-04-04,2호선,종합운동장,6933,7785,14718
2022-04-04,2호선,충정로,9496,10024,19520
2022-04-04,2호선,한양대,14476,16482,30958
2022-04-04,2호선,합정,27205,28264,55469
2022-04-04,2호선,홍대입구,45432,47362,92794
2022-04-04,3호선,가락시장,8495,8447,16942
2022-04-04,3호선,경복궁,19456,19144,38600
2022-04-04,3호선,경찰병원,7078,7077,14155
2022-04-04,3호선,고속터미널,34856,33253,68109
2022-04-04,3호선,교대,13691,9068,22759
2022-04-04,3호선,구파발,19600,18413,38013
2022-04-04,3호선,금호,7575,7155,14730
2022-04-04,3호선,남부터미널,26560,27377,53937
2022-04-04,3호선,녹번,14906,13543,28449
2022-04-04,3호선,대청,10011,9182,19193
2022-04-04,3호선,대치,10411,10546,20957
2022-04-04,3호선,도곡,5147,5215,10362
2022-04-04,3호선,독립문,6599,6840,13439
2022-04-04,3호선,동대입구,8470,9354,17824
2022-04-04,3호선,매봉,11569,11060,22629
2022-04-04,3호선,무악재,3722,3734,7456
2022-04-04,3호선,불광,15174,16202,31376
2022-04-04,3호선,수서,16321,16711,33032
2022-04-04,3호선,신사,27864,28942,56806
2022-04-04,3호선,안국,18265,18907,37172
2022-04-04,3호선,압구정,28607,30553,59160
2022-04-04,3호선,약수,12452,12157,24609
2022-04-04,3호선,양재,35822,39104,74926
2022-04-04,3호선,연신내,34756,32945,67701
2022-04-04,3호선,오금,6043,5478,11521
2022-04-04,3호선,옥수,8371,8667,17038
2022-04-04,3호선,을지로3가,9652,9848,19500
2022-04-04,3호선,일원,10130,9899,20029
2022-04-04,3호선,잠원,4632,4400,9032
2022-04-04,3호선,종로3가,9278,10695,19973
2022-04-04,3호선,지축,4694,4437,9131
2022-04-04,3호선,충무로,4,0,4
2022-04-04,3호선,학여울,1644,1682,3326
2022-04-04,3호선,홍제,17215,16473,33688
2022-04-04,4호선,길음,20048,20054,40102
2022-04-04,4호선,남태령,1066,920,1986
2022-04-04,4호선,노원,17510,19688,37198
2022-04-04,4호선,당고개,8640,7797,16437
2022-04-04,4호선,동대문,19311,19671,38982
2022-04-04,4호선,동대문역사문화공원,13245,12339,25584
2022-04-04,4호선,동작,1577,1812,3389
2022-04-04,4호선,명동,18236,18564,36800
2022-04-04,4호선,미아,14979,14502,29481
2022-04-04,4호선,미아사거리,25576,25092,50668
2022-04-04,4호선,사당,22913,18951,41864
2022-04-04,4호선,삼각지,4423,4875,9298
2022-04-04,4호선,상계,18478,16934,35412
2022-04-04,4호선,서울역,10093,14145,24238
2022-04-04,4호선,성신여대입구,19662,18979,38641
2022-04-04,4호선,수유,32132,32330,64462
2022-04-04,4호선,숙대입구,13231,12842,26073
2022-04-04,4호선,신용산,14337,14917,29254
2022-04-04,4호선,쌍문,28113,25838,53951
2022-04-04,4호선,이촌,6254,7138,13392
2022-04-04,4호선,창동,23710,25225,48935
2022-04-04,4호선,총신대입구,17997,19471,37468
2022-04-04,4호선,충무로,27314,28090,55404
2022-04-04,4호선,한성대입구,13447,13114,26561
2022-04-04,4호선,혜화,27930,27986,55916
2022-04-04,4호선,회현,22858,24358,47216
2022-04-04,5호선,강동,17674,16991,34665
2022-04-04,5호선,강일,4035,3794,7829
2022-04-04,5호선,개롱,6168,6520,12688
2022-04-04,5호선,개화산,5448,5093,10541
2022-04-04,5호선,거여,9904,9440,19344
2022-04-04,5호선,고덕,9248,9257,18505
2022-04-04,5호선,공덕,13045,13858,26903
2022-04-04,5호선,광나루,12998,11858,24856
2022-04-04,5호선,광화문,26639,27950,54589
2022-04-04,5호선,군자,10445,11365,21810
2022-04-04,5호선,굽은다리,9173,8547,17720
2022-04-04,5호선,길동,7633,7940,15573
2022-04-04,5호선,김포공항,6433,6240,12673
2022-04-04,5호선,까치산,27838,26642,54480
2022-04-04,5호선,답십리,15306,14104,29410
2022-04-04,5호선,동대문역사문화공원,2667,3082,5749
2022-04-04,5호선,둔촌동,8220,8128,16348
2022-04-04,5호선,마곡,10273,10355,20628
2022-04-04,5호선,마장,5462,5177,10639
2022-04-04,5호선,마천,7085,6734,13819
2022-04-04,5호선,마포,13781,14166,27947
2022-04-04,5호선,명일,8321,8714,17035
2022-04-04,5호선,목동,15991,17115,33106
2022-04-04,5호선,미사,15232,15439,30671
2022-04-04,5호선,발산,19435,19998,39433
2022-04-04,5호선,방이,6606,6941,13547
2022-04-04,5호선,방화,6439,6101,12540
2022-04-04,5호선,상일동,14420,13438,27858
2022-04-04,5호선,서대문,18923,18982,37905
2022-04-04,5호선,송정,6246,5865,12111
2022-04-04,5호선,신금호,6253,6488,12741
2022-04-04,5호선,신길,3969,4246,8215
2022-04-04,5호선,신정,13509,10923,24432
2022-04-04,5호선,아차산,14306,13861,28167
2022-04-04,5호선,애오개,6378,6468,12846
2022-04-04,5호선,양평,7267,7192,14459
2022-04-04,5호선,여의나루,13860,15081,28941
2022-04-04,5호선,여의도,27145,28578,55723
2022-04-04,5호선,영등포구청,3854,3910,7764
2022-04-04,5호선,영등포시장,9409,9584,18993
2022-04-04,5호선,오금,3743,3681,7424
2022-04-04,5호선,오목교,19911,21041,40952
2022-04-04,5호선,올림픽공원,4277,3771,8048
2022-04-04,5호선,왕십리,4202,4837,9039
2022-04-04,5호선,우장산,14152,13915,28067
2022-04-04,5호선,을지로4가,5961,5958,11919
2022-04-04,5호선,장한평,17510,17231,34741
2022-04-04,5호선,종로3가,10767,10716,21483
2022-04-04,5호선,천호,16154,16300,32454
2022-04-04,5호선,청구,3902,3617,7519
2022-04-04,5호선,충정로,4612,4797,9409
2022-04-04,5호선,하남검단산,5310,5114,10424
2022-04-04,5호선,하남시청,6712,6566,13278
2022-04-04,5호선,하남풍산,4182,4136,8318
2022-04-04,5호선,행당,7776,6899,14675
2022-04-04,5호선,화곡,27486,25757,53243
2022-04-04,6호선,고려대,8105,7851,15956
2022-04-04,6호선,공덕,17242,16711,33953
2022-04-04,6호선,광흥창,8566,8430,16996
2022-04-04,6호선,구산,7420,5569,12989
2022-04-04,6호선,녹사평,4106,4104,8210
2022-04-04,6호선,대흥,7865,8224,16089
2022-04-04,6호선,독바위,2553,2728,5281
2022-04-04,6호선,돌곶이,9043,8357,17400
2022-04-04,6호선,동묘앞,7418,7631,15049
2022-04-04,6호선,디지털미디어시티,13261,14452,27713
2022-04-04,6호선,마포구청,13595,12110,25705
2022-04-04,6호선,망원,12579,13359,25938
2022-04-04,6호선,버티고개,1999,1962,3961
2022-04-04,6호선,보문,6936,6385,13321
2022-04-04,6호선,봉화산,8472,8032,16504
2022-04-04,6호선,불광,3895,4004,7899
2022-04-04,6호선,삼각지,5639,4963,10602
2022-04-04,6호선,상수,7591,8708,16299
2022-04-04,6호선,상월곡,6275,5905,12180
2022-04-04,6호선,새절,12226,11385,23611
2022-04-04,6호선,석계,11870,12661,24531
2022-04-04,6호선,신내,1,0,1
2022-04-04,6호선,신당,7324,7857,15181
2022-04-04,6호선,안암,13398,13983,27381
2022-04-04,6호선,약수,3511,3519,7030
2022-04-04,6호선,역촌,3501,4224,7725
2022-04-04,6호선,연신내,1,0,1
2022-04-04,6호선,월곡,12297,12060,24357
2022-04-04,6호선,월드컵경기장,4189,4335,8524
2022-04-04,6호선,응암,16729,16687,33416
2022-04-04,6호선,이태원,8287,8479,16766
2022-04-04,6호선,증산,9766,9731,19497
2022-04-04,6호선,창신,3526,2951,6477
2022-04-04,6호선,청구,3582,3865,7447
2022-04-04,6호선,태릉입구,5238,5871,11109
2022-04-04,6호선,한강진,6119,7117,13236
2022-04-04,6호선,합정,11569,11217,22786
2022-04-04,6호선,화랑대,11642,9066,20708
2022-04-04,6호선,효창공원앞,7072,6605,13677
2022-04-04,7호선,가산디지털단지,44134,44589,88723
2022-04-04,7호선,강남구청,14936,16441,31377
2022-04-04,7호선,건대입구,12164,12882,25046
2022-04-04,7호선,고속터미널,14740,11974,26714
2022-04-04,7호선,공릉,12164,12040,24204
2022-04-04,7호선,광명사거리,21165,20647,41812
2022-04-04,7호선,군자,14049,11265,25314
2022-04-04,7호선,남구로,15534,16294,31828
2022-04-04,7호선,남성,10690,10064,20754
2022-04-04,7호선,내방,13833,13969,27802
2022-04-04,7호선,노원,17847,18850,36697
2022-04-04,7호선,논현,19354,21101,40455
2022-04-04,7호선,대림,7388,7265,14653
2022-04-04,7호선,도봉산,9229,10552,19781
2022-04-04,7호선,뚝섬유원지,9580,9167,18747
2022-04-04,7호선,마들,12257,11793,24050
2022-04-04,7호선,먹골,9590,9437,19027
2022-04-04,7호선,면목,15776,15476,31252
2022-04-04,7호선,반포,5549,5418,10967
2022-04-04,7호선,보라매,9695,9712,19407
2022-04-04,7호선,사가정,15428,15699,31127
2022-04-04,7호선,상도,10986,10853,21839
2022-04-04,7호선,상봉,15876,14814,30690
2022-04-04,7호선,수락산,12042,11750,23792
2022-04-04,7호선,숭실대입구,14393,14853,29246
2022-04-04,7호선,신대방삼거리,16291,15676,31967
2022-04-04,7호선,신풍,11351,10829,22180
2022-04-04,7호선,어린이대공원,14338,14917,29255
2022-04-04,7호선,온수,10483,9739,20222
2022-04-04,7호선,용마산,5976,5725,11701
2022-04-04,7호선,이수,14490,14061,28551
2022-04-04,7호선,장승배기,8646,8495,17141
2022-04-04,7호선,장암,2250,834,3084
2022-04-04,7호선,중계,14266,13116,27382
2022-04-04,7호선,중곡,10652,9847,20499
2022-04-04,7호선,중화,10493,10182,20675
2022-04-04,7호선,천왕,10981,10572,21553
2022-04-04,7호선,철산,20007,20342,40349
2022-04-04,7호선,청담,18563,20585,39148
2022-04-04,7호선,태릉입구,8308,7964,16272
2022-04-04,7호선,하계,17063,15869,32932
2022-04-04,7호선,학동,22976,24394,47370
2022-04-04,8호선,가락시장,7391,8171,15562
2022-04-04,8호선,강동구청,10013,10339,20352
2022-04-04,8호선,남위례,4573,4760,9333
2022-04-04,8호선,남한산성입구,15215,14313,29528
2022-04-04,8호선,단대오거리,11326,10587,21913
2022-04-04,8호선,모란,6480,5160,11640
2022-04-04,8호선,몽촌토성,5833,5829,11662
2022-04-04,8호선,문정,21532,22577,44109
2022-04-04,8호선,복정,9450,7983,17433
2022-04-04,8호선,산성,5353,5390,10743
2022-04-04,8호선,석촌,7678,8807,16485
2022-04-04,8호선,송파,7758,7767,15525
2022-04-04,8호선,수진,5355,5051,10406
2022-04-04,8호선,신흥,4122,4450,8572
2022-04-04,8호선,암사,18166,16064,34230
2022-04-04,8호선,잠실,13207,15393,28600
2022-04-04,8호선,장지,16175,15614,31789
2022-04-04,8호선,천호,13542,15444,28986
2022-04-04,9호선,가양,19793,19128,38921
2022-04-04,9호선,개화,2483,1843,4326
2022-04-04,9호선,고속터미널,11038,13566,24604
2022-04-04,9호선,공항시장,2876,3129,6005
2022-04-04,9호선,구반포,1211,1307,2518
2022-04-04,9호선,국회의사당,15000,15776,30776
2022-04-04,9호선,김포공항,6828,9510,16338
2022-04-04,9호선,노들,4226,3566,7792
2022-04-04,9호선,노량진,24769,24057,48826
2022-04-04,9호선,당산,17102,17223,34325
2022-04-04,9호선,동작,2022,1681,3703
2022-04-04,9호선,등촌,10822,10270,21092
2022-04-04,9호선,마곡나루,11274,11281,22555
2022-04-04,9호선,사평,3300,3255,6555
2022-04-04,9호선,샛강,5593,5871,11464
2022-04-04,9호선,선유도,8410,8092,16502
2022-04-04,9호선,신논현,28646,28099,56745
2022-04-04,9호선,신목동,3950,3483,7433
2022-04-04,9호선,신반포,3208,3152,6360
2022-04-04,9호선,신방화,6636,6500,13136
2022-04-04,9호선,양천향교,9629,9801,19430
2022-04-04,9호선,여의도,25893,25267,51160
2022-04-04,9호선,염창,16482,15840,32322
2022-04-04,9호선,증미,7022,6823,13845
2022-04-04,9호선,흑석,8770,8918,17688
2022-04-04,9호선2~3단계,둔촌오륜,1170,1094,2264
2022-04-04,9호선2~3단계,봉은사,14181,14479,28660
2022-04-04,9호선2~3단계,삼성중앙,6360,6776,13136
2022-04-04,9호선2~3단계,삼전,6438,6285,12723
2022-04-04,9호선2~3단계,석촌,8344,7433,15777
2022-04-04,9호선2~3단계,석촌고분,5755,5636,11391
2022-04-04,9호선2~3단계,선정릉,9190,10006,19196
2022-04-04,9호선2~3단계,송파나루,4766,5075,9841
2022-04-04,9호선2~3단계,언주,9807,10091,19898
2022-04-04,9호선2~3단계,올림픽공원,5798,5930,11728
2022-04-04,9호선2~3단계,종합운동장,3914,3936,7850
2022-04-04,9호선2~3단계,중앙보훈병원,10608,9444,20052
2022-04-04,9호선2~3단계,한성백제,2387,2103,4490
2022-04-04,경강선,경기광주,7513,7193,14706
2022-04-04,경강선,곤지암,2151,2154,4305
2022-04-04,경강선,부발,1903,2034,3937
2022-04-04,경강선,삼동,2399,2187,4586
2022-04-04,경강선,세종대왕릉,302,311,613
2022-04-04,경강선,신둔도예촌,1587,1464,3051
2022-04-04,경강선,여주,2364,2408,4772
2022-04-04,경강선,이매,1085,945,2030
2022-04-04,경강선,이천,2515,2655,5170
2022-04-04,경강선,초월,3089,2953,6042
2022-04-04,경강선,판교,4512,4361,8873
2022-04-04,경부선,가산디지털단지,18195,21001,39196
2022-04-04,경부선,관악,7019,6453,13472
2022-04-04,경부선,광명,3231,2749,5980
2022-04-04,경부선,구로,17706,17868,35574
2022-04-04,경부선,군포,7793,7829,15622
2022-04-04,경부선,금정,25957,26411,52368
2022-04-04,경부선,금천구청,11454,11317,22771
2022-04-04,경부선,남영,9025,9677,18702
2022-04-04,경부선,노량진,7575,7851,15426
2022-04-04,경부선,당정,6906,6514,13420
2022-04-04,경부선,대방,12779,13066,25845
2022-04-04,경부선,독산,18383,18958,37341
2022-04-04,경부선,두정,7168,8381,15549
2022-04-04,경부선,명학,10057,10173,20230
2022-04-04,경부선,병점,15198,15089,30287
2022-04-04,경부선,서동탄,1327,1134,2461
2022-04-04,경부선,서울역,5911,1848,7759
2022-04-04,경부선,서정리,7195,7009,14204
2022-04-04,경부선,석수,9536,8439,17975
2022-04-04,경부선,성균관대,14501,14725,29226
2022-04-04,경부선,성환,5287,5496,10783
2022-04-04,경부선,세류,3129,2824,5953
2022-04-04,경부선,세마,2756,2566,5322
2022-04-04,경부선,송탄,4228,4198,8426
2022-04-04,경부선,수원,33216,35082,68298
2022-04-04,경부선,신길,8841,7653,16494
2022-04-04,경부선,신도림,4025,4041,8066
2022-04-04,경부선,안양,25337,24941,50278
2022-04-04,경부선,영등포,33135,34257,67392
2022-04-04,경부선,오산,9924,10057,19981
2022-04-04,경부선,오산대,3944,3650,7594
2022-04-04,경부선,용산,28639,29066,57705
2022-04-04,경부선,의왕,9321,9210,18531
2022-04-04,경부선,직산,864,840,1704
2022-04-04,경부선,진위,1732,1468,3200
2022-04-04,경부선,천안,6601,6481,13082
2022-04-04,경부선,평택,12510,12634,25144
2022-04-04,경부선,평택지제,3532,3277,6809
2022-04-04,경부선,화서,8035,7648,15683
2022-04-04,경원선,가능,6718,6447,13165
2022-04-04,경원선,광운대,8929,9017,17946
2022-04-04,경원선,녹양,4652,4399,9051
2022-04-04,경원선,녹천,4724,3970,8694
2022-04-04,경원선,덕계,3206,2943,6149
2022-04-04,경원선,덕정,6468,6322,12790
2022-04-04,경원선,도봉,5775,5442,11217
2022-04-04,경원선,도봉산,7645,5175,12820
2022-04-04,경원선,동두천,2625,2964,5589
2022-04-04,경원선,동두천중앙,3060,2957,6017
2022-04-04,경원선,망월사,8362,8369,16731
2022-04-04,경원선,방학,9588,9234,18822
2022-04-04,경원선,보산,1518,1307,2825
2022-04-04,경원선,서빙고,1810,1652,3462
2022-04-04,경원선,석계,8092,9010,17102
2022-04-04,경원선,소요산,2803,2354,5157
2022-04-04,경원선,신이문,8124,7521,15645
2022-04-04,경원선,양주,7886,7395,15281
2022-04-04,경원선,옥수,41,43,84
2022-04-04,경원선,왕십리,13457,14539,27996
2022-04-04,경원선,외대앞,8206,8562,16768
2022-04-04,경원선,월계,7531,6892,14423
2022-04-04,경원선,응봉,2352,2511,4863
2022-04-04,경원선,의정부,17540,17938,35478
2022-04-04,경원선,이촌,3493,2709,6202
2022-04-04,경원선,지행,6454,6380,12834
2022-04-04,경원선,창동,1,0,1
2022-04-04,경원선,청량리,13692,14538,28230
2022-04-04,경원선,한남,3908,3741,7649
2022-04-04,경원선,회룡,12293,12293,24586
2022-04-04,경의선,가좌,5335,4956,10291
2022-04-04,경의선,강매,3215,2767,5982
2022-04-04,경의선,곡산,620,649,1269
2022-04-04,경의선,공덕,3184,2900,6084
2022-04-04,경의선,금릉,4828,4679,9507
2022-04-04,경의선,금촌,6261,6254,12515
2022-04-04,경의선,능곡,3823,3502,7325
2022-04-04,경의선,디지털미디어시티,2399,2173,4572
2022-04-04,경의선,문산,5452,5383,10835
2022-04-04,경의선,백마,6869,6543,13412
2022-04-04,경의선,서강대,2083,1977,4060
2022-04-04,경의선,서울역,4197,5419,9616
2022-04-04,경의선,수색,2832,2972,5804
2022-04-04,경의선,신촌,807,1065,1872
2022-04-04,경의선,야당,7174,7058,14232
2022-04-04,경의선,운정,7006,6511,13517
2022-04-04,경의선,월롱,2826,2787,5613
2022-04-04,경의선,일산,9510,9249,18759
2022-04-04,경의선,임진강,4,3,7
2022-04-04,경의선,탄현,7641,7195,14836
2022-04-04,경의선,파주,1616,1261,2877
2022-04-04,경의선,풍산,5410,4935,10345
2022-04-04,경의선,행신,7779,7936,15715
2022-04-04,경의선,홍대입구,1511,1639,3150
2022-04-04,경의선,화전,3486,3313,6799
2022-04-04,경의선,효창공원앞,3043,3279,6322
2022-04-04,경인선,간석,5796,5397,11193
2022-04-04,경인선,개봉,20683,20258,40941
2022-04-04,경인선,구일,6478,6425,12903
2022-04-04,경인선,도원,3174,3116,6290
2022-04-04,경인선,도화,4119,3758,7877
2022-04-04,경인선,동암,13964,13947,27911
2022-04-04,경인선,동인천,13043,12406,25449
2022-04-04,경인선,백운,6841,6785,13626
2022-04-04,경인선,부개,8534,7839,16373
2022-04-04,경인선,부천,30852,30567,61419
2022-04-04,경인선,부평,27139,28843,55982
2022-04-04,경인선,소사,8665,8507,17172
2022-04-04,경인선,송내,26526,26422,52948
2022-04-04,경인선,역곡,27725,27315,55040
2022-04-04,경인선,오류동,11636,10878,22514
2022-04-04,경인선,온수,6662,6378,13040
2022-04-04,경인선,인천,3260,2544,5804
2022-04-04,경인선,제물포,10737,10254,20991
2022-04-04,경인선,주안,18650,17096,35746
2022-04-04,경인선,중동,9327,8685,18012
2022-04-04,경춘선,가평,1507,1436,2943
2022-04-04,경춘선,갈매,2949,2542,5491
2022-04-04,경춘선,강촌,403,398,801
2022-04-04,경춘선,굴봉산,138,132,270
2022-04-04,경춘선,금곡,1574,1450,3024
2022-04-04,경춘선,김유정,330,318,648
2022-04-04,경춘선,남춘천,2252,2515,4767
2022-04-04,경춘선,대성리,525,456,981
2022-04-04,경춘선,마석,4080,4033,8113
2022-04-04,경춘선,백양리,98,82,180
2022-04-04,경춘선,별내,3225,3035,6260
2022-04-04,경춘선,사릉,2565,2393,4958
2022-04-04,경춘선,상천,272,252,524
2022-04-04,경춘선,신내,2242,2082,4324
2022-04-04,경춘선,천마산,1696,1593,3289
2022-04-04,경춘선,청평,1647,1526,3173
2022-04-04,경춘선,춘천,1317,1412,2729
2022-04-04,경춘선,퇴계원,3547,3189,6736
2022-04-04,경춘선,평내호평,6271,6146,12417
2022-04-04,공항철도,검암,6427,6337,12764
2022-04-04,공항철도,계양,10305,9631,19936
2022-04-04,공항철도,공덕,2143,2679,4822
2022-04-04,공항철도,공항화물청사,2201,2357,4558
2022-04-04,공항철도,김포공항,11402,6396,17798
2022-04-04,공항철도,디지털미디어시티,13232,12340,25572
2022-04-04,공항철도,마곡나루,8551,8384,16935
2022-04-04,공항철도,서울역,6896,6660,13556
2022-04-04,공항철도,영종,2996,2904,5900
2022-04-04,공항철도,운서,6413,6531,12944
2022-04-04,공항철도,인천공항1터미널,3752,3591,7343
2022-04-04,공항철도,인천공항2터미널,2562,2061,4623
2022-04-04,공항철도,청라국제도시,6707,6225,12932
2022-04-04,공항철도,홍대입구,8069,8194,16263
2022-04-04,과천선,경마공원,883,857,1740
2022-04-04,과천선,과천,5951,5462,11413
2022-04-04,과천선,대공원,2860,2938,5798
2022-04-04,과천선,범계,24881,24619,49500
2022-04-04,과천선,선바위,7776,6919,14695
2022-04-04,과천선,인덕원,23104,23849,46953
2022-04-04,과천선,정부과천청사,10070,10053,20123
2022-04-04,과천선,평촌,17336,16945,34281
2022-04-04,분당선,가천대,9994,11102,21096
2022-04-04,분당선,강남구청,9361,10709,20070
2022-04-04,분당선,개포동,3832,3941,7773
2022-04-04,분당선,구룡,2278,2211,4489
2022-04-04,분당선,구성,4885,5228,10113
2022-04-04,분당선,기흥,9855,9173,19028
2022-04-04,분당선,대모산입구,4471,4174,8645
2022-04-04,분당선,도곡,6703,6687,13390
2022-04-04,분당선,망포,13834,13281,27115
2022-04-04,분당선,매교,3194,3107,6301
2022-04-04,분당선,매탄권선,4983,4754,9737
2022-04-04,분당선,모란,26071,27498,53569
2022-04-04,분당선,미금,15109,15962,31071
2022-04-04,분당선,보정,2500,2232,4732
2022-04-04,분당선,상갈,5159,5024,10183
2022-04-04,분당선,서울숲,10960,11044,22004
2022-04-04,분당선,서현,22464,22887,45351
2022-04-04,분당선,선릉,12590,19159,31749
2022-04-04,분당선,선정릉,7681,8283,15964
2022-04-04,분당선,수내,12496,12414,24910
2022-04-04,분당선,수서,13410,13313,26723
2022-04-04,분당선,수원,7873,6584,14457
2022-04-04,분당선,수원시청,11918,12598,24516
2022-04-04,분당선,신갈,4335,4358,8693
2022-04-04,분당선,압구정로데오,15957,17503,33460
2022-04-04,분당선,야탑,24720,25597,50317
2022-04-04,분당선,영통,7717,7871,15588
2022-04-04,분당선,오리,11487,9472,20959
2022-04-04,분당선,이매,5565,5088,10653
2022-04-04,분당선,정자,15952,16871,32823
2022-04-04,분당선,죽전,13471,14755,28226
2022-04-04,분당선,청명,4167,4032,8199
2022-04-04,분당선,태평,13188,12686,25874
2022-04-04,분당선,한티,13221,14278,27499
2022-04-04,수인선,고색,5047,4932,9979
2022-04-04,수인선,남동인더스파크,2234,2535,4769
2022-04-04,수인선,달월,110,75,185
2022-04-04,수인선,사리,4786,4284,9070
2022-04-04,수인선,소래포구,5507,5101,10608
2022-04-04,수인선,송도,2447,2294,4741
2022-04-04,수인선,숭의,3989,3689,7678
2022-04-04,수인선,신포,1796,1723,3519
2022-04-04,수인선,야목,407,281,688
2022-04-04,수인선,어천,742,811,1553
2022-04-04,수인선,연수,4422,4295,8717
2022-04-04,수인선,오목천,3440,3245,6685
2022-04-04,수인선,원인재,4362,4566,8928
2022-04-04,수인선,월곶,2658,2508,5166
2022-04-04,수인선,인천,1023,1644,2667
2022-04-04,수인선,인천논현,5467,5834,11301
2022-04-04,수인선,인하대,6968,6749,13717
2022-04-04,수인선,호구포,3964,4239,8203
2022-04-04,안산선,고잔,9014,8372,17386
2022-04-04,안산선,대야미,4972,4588,9560
2022-04-04,안산선,반월,4188,4103,8291
2022-04-04,안산선,산본,15277,16582,31859
2022-04-04,안산선,상록수,16035,16151,32186
2022-04-04,안산선,수리산,4235,3509,7744
2022-04-04,안산선,신길온천,1722,1518,3240
2022-04-04,안산선,안산,11606,10455,22061
2022-04-04,안산선,오이도,8329,7999,16328
2022-04-04,안산선,정왕,9933,10530,20463
2022-04-04,안산선,중앙,17525,17973,35498
2022-04-04,안산선,초지,5105,5495,10600
2022-04-04,안산선,한대앞,10129,10223,20352
2022-04-04,우이신설선,4.19민주묘지,3579,3544,7123
2022-04-04,우이신설선,가오리,4041,3996,8037
2022-04-04,우이신설선,보문,1447,1449,2896
2022-04-04,우이신설선,북한산보국문,5910,5735,11645
2022-04-04,우이신설선,북한산우이,2600,2381,4981
2022-04-04,우이신설선,삼양,1928,2095,4023
2022-04-04,우이신설선,삼양사거리,2454,2407,4861
2022-04-04,우이신설선,성신여대입구,3227,3518,6745
2022-04-04,우이신설선,솔밭공원,2419,2355,4774
2022-04-04,우이신설선,솔샘,5671,5251,10922
2022-04-04,우이신설선,신설동,2141,2037,4178
2022-04-04,우이신설선,정릉,4566,4165,8731
2022-04-04,우이신설선,화계,3244,3004,6248
2022-04-04,일산선,대곡,2134,1753,3887
2022-04-04,일산선,대화,12233,9605,21838
2022-04-04,일산선,마두,7320,7464,14784
2022-04-04,일산선,백석,9295,9248,18543
2022-04-04,일산선,삼송,19078,18525,37603
2022-04-04,일산선,원당,11097,10290,21387
2022-04-04,일산선,원흥,10350,9912,20262
2022-04-04,일산선,정발산,6510,6620,13130
2022-04-04,일산선,주엽,8737,8728,17465
2022-04-04,일산선,화정,16157,16511,32668
2022-04-04,장항선,배방,1149,1204,2353
2022-04-04,장항선,봉명,1340,1321,2661
2022-04-04,장항선,신창,2755,3329,6084
2022-04-04,장항선,쌍용,2926,2975,5901
2022-04-04,장항선,아산,4043,3265,7308
2022-04-04,장항선,온양온천,4746,4770,9516
2022-04-04,장항선,탕정,854,715,1569
2022-04-04,중앙선,구리,12915,13002,25917
2022-04-04,중앙선,국수,804,754,1558
2022-04-04,중앙선,덕소,5406,5513,10919
2022-04-04,중앙선,도농,10237,9287,19524
2022-04-04,중앙선,도심,2378,1869,4247
2022-04-04,중앙선,망우,7371,7200,14571
2022-04-04,중앙선,상봉,5408,5291,10699
2022-04-04,중앙선,신원,263,193,456
2022-04-04,중앙선,아신,492,485,977
2022-04-04,중앙선,양수,1874,1874,3748
2022-04-04,중앙선,양원,2905,2861,5766
2022-04-04,중앙선,양정,775,697,1472
2022-04-04,중앙선,양평,2702,2776,5478
2022-04-04,중앙선,오빈,300,291,591
2022-04-04,중앙선,용문,1733,1627,3360
2022-04-04,중앙선,운길산,814,819,1633
2022-04-04,중앙선,원덕,441,398,839
2022-04-04,중앙선,중랑,5421,5159,10580
2022-04-04,중앙선,지평,69,80,149
2022-04-04,중앙선,팔당,836,883,1719
2022-04-04,중앙선,회기,23748,23485,47233
2022-04-05,1호선,동대문,10543,9724,20267
2022-04-05,1호선,동묘앞,7797,8125,15922
2022-04-05,1호선,서울역,38512,37425,75937
2022-04-05,1호선,시청,21895,21825,43720
2022-04-05,1호선,신설동,13044,12791,25835
2022-04-05,1호선,제기동,17223,17507,34730
2022-04-05,1호선,종각,32121,31438,63559
2022-04-05,1호선,종로3가,23299,21360,44659
2022-04-05,1호선,종로5가,22152,21995,44147
2022-04-05,1호선,청량리,19367,18999,38366
2022-04-05,2호선,강남,77221,76703,153924
2022-04-05,2호선,강변,27206,25695,52901
2022-04-05,2호선,건대입구,33749,36088,69837
2022-04-05,2호선,교대,32950,36972,69922
2022-04-05,2호선,구로디지털단지,56798,56856,113654
2022-04-05,2호선,구의,22885,22573,45458
2022-04-05,2호선,낙성대,26196,25758,51954
2022-04-05,2호선,당산,18786,21282,40068
2022-04-05,2호선,대림,23064,23589,46653
2022-04-05,2호선,도림천,1371,1519,2890
2022-04-05,2호선,동대문역사문화공원,11141,12401,23542
2022-04-05,2호선,뚝섬,21369,23024,44393
2022-04-05,2호선,문래,21268,21512,42780
2022-04-05,2호선,방배,19032,19921,38953
2022-04-05,2호선,봉천,23090,21270,44360
2022-04-05,2호선,사당,34634,38544,73178
2022-04-05,2호선,삼성,47137,47803,94940
2022-04-05,2호선,상왕십리,13657,13257,26914
2022-04-05,2호선,서울대입구,46645,45856,92501
2022-04-05,2호선,서초,20802,20402,41204
2022-04-05,2호선,선릉,54240,48365,102605
2022-04-05,2호선,성수,35974,39200,75174
2022-04-05,2호선,시청,22546,22079,44625
2022-04-05,2호선,신답,1620,1853,3473
2022-04-05,2호선,신당,13210,13892,27102
2022-04-05,2호선,신대방,26016,25289,51305
2022-04-05,2호선,신도림,44532,44139,88671
2022-04-05,2호선,신림,60713,58617,119330
2022-04-05,2호선,신설동,3041,1697,4738
2022-04-05,2호선,신정네거리,9936,10130,20066
2022-04-05,2호선,신촌,30526,31307,61833
2022-04-05,2호선,아현,10408,9946,20354
2022-04-05,2호선,양천구청,6666,6896,13562
2022-04-05,2호선,역삼,49665,55687,105352
2022-04-05,2호선,영등포구청,21853,22607,44460
2022-04-05,2호선,왕십리,15913,12431,28344
2022-04-05,2호선,용답,3167,3332,6499
2022-04-05,2호선,용두,2287,2381,4668
2022-04-05,2호선,을지로3가,20833,20909,41742
2022-04-05,2호선,을지로4가,12352,12402,24754
2022-04-05,2호선,을지로입구,35970,37300,73270
2022-04-05,2호선,이대,13396,14332,27728
2022-04-05,2호선,잠실,67590,67230,134820
2022-04-05,2호선,잠실나루,14415,13985,28400
2022-04-05,2호선,잠실새내,19966,20068,40034
2022-04-05,2호선,종합운동장,9646,10490,20136
2022-04-05,2호선,충정로,9671,10266,19937
2022-04-05,2호선,한양대,15383,17011,32394
2022-04-05,2호선,합정,28196,29408,57604
2022-04-05,2호선,홍대입구,46307,48735,95042
2022-04-05,3호선,가락시장,8523,8547,17070
2022-04-05,3호선,경복궁,20124,19601,39725
2022-04-05,3호선,경찰병원,6977,7014,13991
2022-04-05,3호선,고속터미널,34412,32897,67309
2022-04-05,3호선,교대,13997,9240,23237
2022-04-05,3호선,구파발,19893,19030,38923
2022-04-05,3호선,금호,7536,7099,14635
2022-04-05,3호선,남부터미널,27272,28059,55331
2022-04-05,3호선,녹번,15302,13824,29126
2022-04-05,3호선,대청,10097,9252,19349
2022-04-05,3호선,대치,10429,10591,21020
2022-04-05,3호선,도곡,5102,5323,10425
2022-04-05,3호선,독립문,6659,6958,13617
2022-04-05,3호선,동대입구,8772,9467,18239
2022-04-05,3호선,매봉,12055,11488,23543
2022-04-05,3호선,무악재,3726,3877,7603
2022-04-05,3호선,불광,15605,16711,32316
2022-04-05,3호선,수서,15553,15971,31524
2022-04-05,3호선,신사,28419,29873,58292
2022-04-05,3호선,안국,20611,21851,42462
2022-04-05,3호선,압구정,29701,31667,61368
2022-04-05,3호선,약수,12554,12225,24779
2022-04-05,3호선,양재,36849,40111,76960
2022-04-05,3호선,연신내,35417,33436,68853
2022-04-05,3호선,오금,6156,5616,11772
2022-04-05,3호선,옥수,8747,9024,17771
2022-04-05,3호선,을지로3가,9798,10011,19809
2022-04-05,3호선,일원,10438,9969,20407
2022-04-05,3호선,잠원,4671,4566,9237
2022-04-05,3호선,종로3가,9530,10858,20388
2022-04-05,3호선,지축,4807,4550,9357
2022-04-05,3호선,학여울,1729,1719,3448
2022-04-05,3호선,홍제,17297,16300,33597
2022-04-05,4호선,길음,20605,20327,40932
2022-04-05,4호선,남태령,1151,998,2149
2022-04-05,4호선,노원,17832,19924,37756
2022-04-05,4호선,당고개,8996,8055,17051
2022-04-05,4호선,동대문,19037,19589,38626
2022-04-05,4호선,동대문역사문화공원,13417,12439,25856
2022-04-05,4호선,동작,1645,1879,3524
2022-04-05,4호선,명동,18427,19101,37528
2022-04-05,4호선,미아,15078,14834,29912
2022-04-05,4호선,미아사거리,26452,25641,52093
2022-04-05,4호선,사당,23835,19968,43803
2022-04-05,4호선,삼각지,4525,5106,9631
2022-04-05,4호선,상계,18970,17616,36586
2022-04-05,4호선,서울역,10470,14314,24784
2022-04-05,4호선,성신여대입구,20312,19279,39591
2022-04-05,4호선,수유,32784,32669,65453
2022-04-05,4호선,숙대입구,13840,13393,27233
2022-04-05,4호선,신용산,14716,15392,30108
2022-04-05,4호선,쌍문,28380,26403,54783
2022-04-05,4호선,이촌,6844,7518,14362
2022-04-05,4호선,창동,24406,25774,50180
2022-04-05,4호선,총신대입구,18220,19675,37895
2022-04-05,4호선,충무로,27711,28145,55856
2022-04-05,4호선,한성대입구,13869,13407,27276
2022-04-05,4호선,혜화,31213,31353,62566
2022-04-05,4호선,회현,23607,25172,48779
2022-04-05,5호선,강동,17988,17316,35304
2022-04-05,5호선,강일,4096,3906,8002
2022-04-05,5호선,개롱,6314,6559,12873
2022-04-05,5호선,개화산,5464,5330,10794
2022-04-05,5호선,거여,10163,9578,19741
2022-04-05,5호선,고덕,9468,9365,18833
2022-04-05,5호선,공덕,13591,14414,28005
2022-04-05,5호선,광나루,13274,12169,25443
2022-04-05,5호선,광화문,27544,29067,56611
2022-04-05,5호선,군자,10747,11763,22510
2022-04-05,5호선,굽은다리,9060,8513,17573
2022-04-05,5호선,길동,7795,8037,15832
2022-04-05,5호선,김포공항,6385,6083,12468
2022-04-05,5호선,까치산,28357,26961,55318
2022-04-05,5호선,답십리,15304,13952,29256
2022-04-05,5호선,동대문역사문화공원,2784,3236,6020
2022-04-05,5호선,둔촌동,8230,8254,16484
2022-04-05,5호선,마곡,10496,10506,21002
2022-04-05,5호선,마장,5576,5279,10855
2022-04-05,5호선,마천,7111,6935,14046
2022-04-05,5호선,마포,14119,14540,28659
2022-04-05,5호선,명일,8483,8735,17218
2022-04-05,5호선,목동,16337,17445,33782
2022-04-05,5호선,미사,15431,15391,30822
2022-04-05,5호선,발산,19696,20223,39919
2022-04-05,5호선,방이,6836,7020,13856
2022-04-05,5호선,방화,6526,6284,12810
2022-04-05,5호선,상일동,14535,13595,28130
2022-04-05,5호선,서대문,19111,19461,38572
2022-04-05,5호선,송정,6328,6060,12388
2022-04-05,5호선,신금호,6406,6654,13060
2022-04-05,5호선,신길,4086,4339,8425
2022-04-05,5호선,신정,13618,11178,24796
2022-04-05,5호선,아차산,15250,14680,29930
2022-04-05,5호선,애오개,6709,6709,13418
2022-04-05,5호선,양평,7406,7341,14747
2022-04-05,5호선,여의나루,14504,15879,30383
2022-04-05,5호선,여의도,27841,29601,57442
2022-04-05,5호선,영등포구청,3955,4044,7999
2022-04-05,5호선,영등포시장,9715,9993,19708
2022-04-05,5호선,오금,3775,3759,7534
2022-04-05,5호선,오목교,20333,21669,42002
2022-04-05,5호선,올림픽공원,4349,3754,8103
2022-04-05,5호선,왕십리,4409,4973,9382
2022-04-05,5호선,우장산,14450,14163,28613
2022-04-05,5호선,을지로4가,6038,6020,12058
2022-04-05,5호선,장한평,17774,17625,35399
2022-04-05,5호선,종로3가,11380,11359,22739
2022-04-05,5호선,천호,16777,16906,33683
2022-04-05,5호선,청구,3915,3545,7460
2022-04-05,5호선,충정로,4828,4883,9711
2022-04-05,5호선,하남검단산,5506,5222,10728
2022-04-05,5호선,하남시청,6363,6214,12577
2022-04-05,5호선,하남풍산,4171,4169,8340
2022-04-05,5호선,행당,8010,7111,15121
2022-04-05,5호선,화곡,27789,25957,53746
2022-04-05,6호선,고려대,8424,8317,16741
2022-04-05,6호선,공덕,17709,17090,34799
2022-04-05,6호선,광흥창,8831,8584,17415
2022-04-05,6호선,구산,7518,5559,13077
2022-04-05,6호선,녹사평,4288,4215,8503
2022-04-05,6호선,대흥,8139,8464,16603
2022-04-05,6호선,독바위,2599,2776,5375
2022-04-05,6호선,돌곶이,9191,8453,17644
2022-04-05,6호선,동묘앞,7422,7555,14977
2022-04-05,6호선,디지털미디어시티,13379,14629,28008
2022-04-05,6호선,마포구청,13715,12400,26115
2022-04-05,6호선,망원,12787,13600,26387
2022-04-05,6호선,버티고개,2097,2080,4177
2022-04-05,6호선,보문,7115,6561,13676
2022-04-05,6호선,봉화산,8708,8245,16953
2022-04-05,6호선,불광,4157,4074,8231
2022-04-05,6호선,삼각지,6087,5334,11421
2022-04-05,6호선,상수,8062,9132,17194
2022-04-05,6호선,상월곡,6364,5897,12261
2022-04-05,6호선,새절,12622,11771,24393
2022-04-05,6호선,석계,12295,12837,25132
2022-04-05,6호선,신당,8296,8664,16960
2022-04-05,6호선,안암,13979,13997,27976
2022-04-05,6호선,약수,3593,3563,7156
2022-04-05,6호선,역촌,3599,4195,7794
2022-04-05,6호선,연신내,1,0,1
2022-04-05,6호선,월곡,12389,12017,24406
2022-04-05,6호선,월드컵경기장,4198,4450,8648
2022-04-05,6호선,응암,17217,16979,34196
2022-04-05,6호선,이태원,8651,8921,17572
2022-04-05,6호선,증산,9795,9950,19745
2022-04-05,6호선,창신,3617,3037,6654
2022-04-05,6호선,청구,3677,3974,7651
2022-04-05,6호선,태릉입구,5356,5968,11324
2022-04-05,6호선,한강진,6978,8130,15108
2022-04-05,6호선,합정,12139,11659,23798
2022-04-05,6호선,화랑대,12226,9587,21813
2022-04-05,6호선,효창공원앞,7068,6688,13756
2022-04-05,7호선,가산디지털단지,44203,44959,89162
2022-04-05,7호선,강남구청,15664,17283,32947
2022-04-05,7호선,건대입구,12463,12893,25356
2022-04-05,7호선,고속터미널,13820,12013,25833
2022-04-05,7호선,공릉,12566,12413,24979
2022-04-05,7호선,광명사거리,21325,21047,42372
2022-04-05,7호선,군자,14436,11541,25977
2022-04-05,7호선,남구로,15445,16244,31689
2022-04-05,7호선,남성,11004,10250,21254
2022-04-05,7호선,내방,14102,14499,28601
2022-04-05,7호선,노원,18170,19157,37327
2022-04-05,7호선,논현,19754,21528,41282
2022-04-05,7호선,대림,7409,7405,14814
2022-04-05,7호선,도봉산,9602,10973,20575
2022-04-05,7호선,뚝섬유원지,9614,9532,19146
2022-04-05,7호선,마들,12450,11840,24290
2022-04-05,7호선,먹골,9765,9670,19435
2022-04-05,7호선,면목,16136,15667,31803
2022-04-05,7호선,반포,5563,5421,10984
2022-04-05,7호선,보라매,9996,9861,19857
2022-04-05,7호선,사가정,15887,15891,31778
2022-04-05,7호선,상도,11152,10892,22044
2022-04-05,7호선,상봉,16093,15073,31166
2022-04-05,7호선,수락산,12250,12012,24262
2022-04-05,7호선,숭실대입구,14816,15223,30039
2022-04-05,7호선,신대방삼거리,16257,15511,31768
2022-04-05,7호선,신풍,11399,10892,22291
2022-04-05,7호선,어린이대공원,14928,15285,30213
2022-04-05,7호선,온수,10752,10110,20862
2022-04-05,7호선,용마산,6089,5993,12082
2022-04-05,7호선,이수,14986,14498,29484
2022-04-05,7호선,장승배기,8723,8437,17160
2022-04-05,7호선,장암,2226,858,3084
2022-04-05,7호선,중계,14596,13325,27921
2022-04-05,7호선,중곡,10859,10172,21031
2022-04-05,7호선,중화,10600,10357,20957
2022-04-05,7호선,천왕,11370,10816,22186
2022-04-05,7호선,철산,20403,20703,41106
2022-04-05,7호선,청담,18905,21145,40050
2022-04-05,7호선,태릉입구,8683,8318,17001
2022-04-05,7호선,하계,17417,16420,33837
2022-04-05,7호선,학동,23463,25117,48580
2022-04-05,8호선,가락시장,7452,8280,15732
2022-04-05,8호선,강동구청,10064,10385,20449
2022-04-05,8호선,남위례,4716,4966,9682
2022-04-05,8호선,남한산성입구,15621,14353,29974
2022-04-05,8호선,단대오거리,10995,10495,21490
2022-04-05,8호선,모란,4298,3448,7746
2022-04-05,8호선,몽촌토성,5933,5975,11908
2022-04-05,8호선,문정,21615,22867,44482
2022-04-05,8호선,복정,10004,8313,18317
2022-04-05,8호선,산성,5360,5329,10689
2022-04-05,8호선,석촌,7631,9196,16827
2022-04-05,8호선,송파,7783,7645,15428
2022-04-05,8호선,수진,5192,4729,9921
2022-04-05,8호선,신흥,3897,4272,8169
2022-04-05,8호선,암사,18588,16324,34912
2022-04-05,8호선,잠실,13821,16050,29871
2022-04-05,8호선,장지,16476,15788,32264
2022-04-05,8호선,천호,14003,16000,30003
2022-04-05,9호선,가양,20002,19339,39341
2022-04-05,9호선,개화,2519,1733,4252
2022-04-05,9호선,고속터미널,10885,13324,24209
2022-04-05,9호선,공항시장,2970,3176,6146
2022-04-05,9호선,구반포,1242,1285,2527
2022-04-05,9호선,국회의사당,15455,16114,31569
2022-04-05,9호선,김포공항,6598,9462,16060
2022-04-05,9호선,노들,4280,3571,7851
2022-04-05,9호선,노량진,25211,24666,49877
2022-04-05,9호선,당산,17515,17409,34924
2022-04-05,9호선,동작,2166,1772,3938
2022-04-05,9호선,등촌,10870,10483,21353
2022-04-05,9호선,마곡나루,11911,11661,23572
2022-04-05,9호선,사평,3305,3243,6548
2022-04-05,9호선,샛강,5660,5981,11641
2022-04-05,9호선,선유도,8586,8236,16822
2022-04-05,9호선,신논현,29167,28786,57953
2022-04-05,9호선,신목동,4093,3591,7684
2022-04-05,9호선,신반포,3355,3190,6545
2022-04-05,9호선,신방화,6645,6373,13018
2022-04-05,9호선,양천향교,9860,9983,19843
2022-04-05,9호선,여의도,26500,26078,52578
2022-04-05,9호선,염창,16754,16127,32881
2022-04-05,9호선,증미,7082,6931,14013
2022-04-05,9호선,흑석,9121,9322,18443
2022-04-05,9호선2~3단계,둔촌오륜,1166,1081,2247
2022-04-05,9호선2~3단계,봉은사,14881,15059,29940
2022-04-05,9호선2~3단계,삼성중앙,6534,6984,13518
2022-04-05,9호선2~3단계,삼전,6606,6334,12940
2022-04-05,9호선2~3단계,석촌,8356,7618,15974
2022-04-05,9호선2~3단계,석촌고분,5886,5763,11649
2022-04-05,9호선2~3단계,선정릉,9245,10294,19539
2022-04-05,9호선2~3단계,송파나루,4991,5249,10240
2022-04-05,9호선2~3단계,언주,10029,10317,20346
2022-04-05,9호선2~3단계,올림픽공원,5800,5702,11502
2022-04-05,9호선2~3단계,종합운동장,3954,4014,7968
2022-04-05,9호선2~3단계,중앙보훈병원,10625,9421,20046
2022-04-05,9호선2~3단계,한성백제,2458,2141,4599
2022-04-05,경강선,경기광주,7648,7184,14832
2022-04-05,경강선,곤지암,2137,2135,4272
2022-04-05,경강선,부발,1989,1964,3953
2022-04-05,경강선,삼동,2316,2126,4442
2022-04-05,경강선,세종대왕릉,314,298,612
2022-04-05,경강선,신둔도예촌,1669,1455,3124
2022-04-05,경강선,여주,2407,2407,4814
2022-04-05,경강선,이매,1132,954,2086
2022-04-05,경강선,이천,2392,2546,4938
2022-04-05,경강선,초월,3181,3043,6224
2022-04-05,경강선,판교,4396,4377,8773
2022-04-05,경부선,가산디지털단지,18282,21099,39381
2022-04-05,경부선,관악,7291,6723,14014
2022-04-05,경부선,광명,3047,2598,5645
2022-04-05,경부선,구로,17813,18122,35935
2022-04-05,경부선,군포,7655,7708,15363
2022-04-05,경부선,금정,26613,27143,53756
2022-04-05,경부선,금천구청,11609,11647,23256
2022-04-05,경부선,남영,9336,9909,19245
2022-04-05,경부선,노량진,7829,7860,15689
2022-04-05,경부선,당정,6975,6581,13556
2022-04-05,경부선,대방,12813,13082,25895
2022-04-05,경부선,독산,18641,19213,37854
2022-04-05,경부선,두정,7404,8087,15491
2022-04-05,경부선,명학,10757,10695,21452
2022-04-05,경부선,병점,15424,15411,30835
2022-04-05,경부선,서동탄,1405,1193,2598
2022-04-05,경부선,서울역,4939,1630,6569
2022-04-05,경부선,서정리,7225,6870,14095
2022-04-05,경부선,석수,9714,8627,18341
2022-04-05,경부선,성균관대,14967,14865,29832
2022-04-05,경부선,성환,4860,4800,9660
2022-04-05,경부선,세류,2868,2625,5493
2022-04-05,경부선,세마,2852,2653,5505
2022-04-05,경부선,송탄,4268,4070,8338
2022-04-05,경부선,수원,33421,35465,68886
2022-04-05,경부선,신길,9041,7650,16691
2022-04-05,경부선,신도림,4045,4087,8132
2022-04-05,경부선,안양,25527,25251,50778
2022-04-05,경부선,영등포,34070,34780,68850
2022-04-05,경부선,오산,9816,9770,19586
2022-04-05,경부선,오산대,4131,3772,7903
2022-04-05,경부선,용산,27677,28142,55819
2022-04-05,경부선,의왕,9119,9075,18194
2022-04-05,경부선,직산,838,841,1679
2022-04-05,경부선,진위,1770,1558,3328
2022-04-05,경부선,천안,6544,6247,12791
2022-04-05,경부선,평택,11970,12169,24139
2022-04-05,경부선,평택지제,3411,3222,6633
2022-04-05,경부선,화서,8261,7898,16159
2022-04-05,경원선,가능,6756,6475,13231
2022-04-05,경원선,광운대,8808,8762,17570
2022-04-05,경원선,녹양,4667,4377,9044
2022-04-05,경원선,녹천,4794,3946,8740
2022-04-05,경원선,덕계,3422,3046,6468
2022-04-05,경원선,덕정,6565,6395,12960
2022-04-05,경원선,도봉,5885,5755,11640
2022-04-05,경원선,도봉산,7956,5302,13258
2022-04-05,경원선,동두천,2781,2970,5751
2022-04-05,경원선,동두천중앙,3306,3272,6578
2022-04-05,경원선,망월사,8520,8665,17185
2022-04-05,경원선,방학,9562,9384,18946
2022-04-05,경원선,보산,1429,1294,2723
2022-04-05,경원선,서빙고,1976,1843,3819
2022-04-05,경원선,석계,8268,9176,17444
2022-04-05,경원선,소요산,2674,2370,5044
2022-04-05,경원선,신이문,8279,7679,15958
2022-04-05,경원선,양주,7943,7499,15442
2022-04-05,경원선,옥수,45,33,78
2022-04-05,경원선,왕십리,13663,14545,28208
2022-04-05,경원선,외대앞,8259,8345,16604
2022-04-05,경원선,월계,8138,7545,15683
2022-04-05,경원선,응봉,2346,2309,4655
2022-04-05,경원선,의정부,17614,18127,35741
2022-04-05,경원선,이촌,3434,2709,6143
2022-04-05,경원선,지행,6450,6368,12818
2022-04-05,경원선,청량리,13649,14297,27946
2022-04-05,경원선,한남,3927,3729,7656
2022-04-05,경원선,회룡,12515,12494,25009
2022-04-05,경의선,가좌,5365,5110,10475
2022-04-05,경의선,강매,3283,2882,6165
2022-04-05,경의선,곡산,657,676,1333
2022-04-05,경의선,공덕,3200,2950,6150
2022-04-05,경의선,금릉,4743,4645,9388
2022-04-05,경의선,금촌,6218,6060,12278
2022-04-05,경의선,능곡,3767,3517,7284
2022-04-05,경의선,디지털미디어시티,2458,2224,4682
2022-04-05,경의선,문산,4941,4833,9774
2022-04-05,경의선,백마,6905,6691,13596
2022-04-05,경의선,서강대,2053,2044,4097
2022-04-05,경의선,서울역,4273,5440,9713
2022-04-05,경의선,수색,2862,3003,5865
2022-04-05,경의선,신촌,871,1106,1977
2022-04-05,경의선,야당,7240,7336,14576
2022-04-05,경의선,운정,7005,6492,13497
2022-04-05,경의선,월롱,2903,2738,5641
2022-04-05,경의선,일산,9499,9315,18814
2022-04-05,경의선,임진강,9,7,16
2022-04-05,경의선,탄현,7637,7365,15002
2022-04-05,경의선,파주,1531,1147,2678
2022-04-05,경의선,풍산,5576,5187,10763
2022-04-05,경의선,행신,7648,7841,15489
2022-04-05,경의선,홍대입구,1552,1696,3248
2022-04-05,경의선,화전,3650,3412,7062
2022-04-05,경의선,효창공원앞,3017,3205,6222
2022-04-05,경인선,간석,5930,5585,11515
2022-04-05,경인선,개봉,20772,4896,25668
2022-04-05,경인선,구일,7643,7640,15283
2022-04-05,경인선,도원,3133,3070,6203
2022-04-05,경인선,도화,4153,3743,7896
2022-04-05,경인선,동암,14069,14172,28241
2022-04-05,경인선,동인천,13392,12505,25897
2022-04-05,경인선,백운,6880,6752,13632
2022-04-05,경인선,부개,8528,7994,16522
2022-04-05,경인선,부천,30876,30770,61646
2022-04-05,경인선,부평,27010,28802,55812
2022-04-05,경인선,소사,9078,8721,17799
2022-04-05,경인선,송내,26802,26773,53575
2022-04-05,경인선,역곡,28091,27549,55640
2022-04-05,경인선,오류동,11686,10791,22477
2022-04-05,경인선,온수,6973,6625,13598
2022-04-05,경인선,인천,3420,2657,6077
2022-04-05,경인선,제물포,10932,10614,21546
2022-04-05,경인선,주안,19094,17387,36481
2022-04-05,경인선,중동,9270,8672,17942
2022-04-05,경춘선,가평,1464,1415,2879
2022-04-05,경춘선,갈매,3015,2661,5676
2022-04-05,경춘선,강촌,406,426,832
2022-04-05,경춘선,굴봉산,143,144,287
2022-04-05,경춘선,금곡,1571,1509,3080
2022-04-05,경춘선,김유정,276,291,567
2022-04-05,경춘선,남춘천,2247,2241,4488
2022-04-05,경춘선,대성리,555,439,994
2022-04-05,경춘선,마석,3986,3981,7967
2022-04-05,경춘선,백양리,87,84,171
2022-04-05,경춘선,별내,3248,3054,6302
2022-04-05,경춘선,사릉,2561,2472,5033
2022-04-05,경춘선,상천,299,291,590
2022-04-05,경춘선,신내,2273,2154,4427
2022-04-05,경춘선,천마산,1764,1600,3364
2022-04-05,경춘선,청평,1524,1487,3011
2022-04-05,경춘선,춘천,1465,1389,2854
2022-04-05,경춘선,퇴계원,3525,3294,6819
2022-04-05,경춘선,평내호평,6358,6261,12619
2022-04-05,공항철도,검암,6362,6380,12742
2022-04-05,공항철도,계양,10386,9878,20264
2022-04-05,공항철도,공덕,2189,2749,4938
2022-04-05,공항철도,공항화물청사,2321,2516,4837
2022-04-05,공항철도,김포공항,10490,5991,16481
2022-04-05,공항철도,디지털미디어시티,13542,12574,26116
2022-04-05,공항철도,마곡나루,8876,8697,17573
2022-04-05,공항철도,서울역,6734,6219,12953
2022-04-05,공항철도,영종,2945,2970,5915
2022-04-05,공항철도,운서,6578,6511,13089
2022-04-05,공항철도,인천공항1터미널,3858,4022,7880
2022-04-05,공항철도,인천공항2터미널,2301,2168,4469
2022-04-05,공항철도,청라국제도시,6873,6460,13333
2022-04-05,공항철도,홍대입구,8342,8493,16835
2022-04-05,과천선,경마공원,1459,1429,2888
2022-04-05,과천선,과천,6086,5650,11736
2022-04-05,과천선,대공원,3364,3468,6832
2022-04-05,과천선,범계,25397,25299,50696
2022-04-05,과천선,선바위,8170,7271,15441
2022-04-05,과천선,인덕원,23962,24572,48534
2022-04-05,과천선,정부과천청사,10393,10246,20639
2022-04-05,과천선,평촌,17406,17107,34513
2022-04-05,분당선,가천대,10199,11086,21285
2022-04-05,분당선,강남구청,9742,11260,21002
2022-04-05,분당선,개포동,3861,3962,7823
2022-04-05,분당선,구룡,2308,2201,4509
2022-04-05,분당선,구성,4947,5100,10047
2022-04-05,분당선,기흥,9825,9177,19002
2022-04-05,분당선,대모산입구,4394,4125,8519
2022-04-05,분당선,도곡,6948,6716,13664
2022-04-05,분당선,망포,13909,13266,27175
2022-04-05,분당선,매교,3167,3153,6320
2022-04-05,분당선,매탄권선,5015,4915,9930
2022-04-05,분당선,모란,19484,19809,39293
2022-04-05,분당선,미금,14922,15937,30859
2022-04-05,분당선,보정,2509,2233,4742
2022-04-05,분당선,상갈,5286,5180,10466
2022-04-05,분당선,서울숲,11436,11632,23068
2022-04-05,분당선,서현,22614,22868,45482
2022-04-05,분당선,선릉,12863,19562,32425
2022-04-05,분당선,선정릉,7798,8429,16227
2022-04-05,분당선,수내,12594,12749,25343
2022-04-05,분당선,수서,12641,12645,25286
2022-04-05,분당선,수원,7907,6673,14580
2022-04-05,분당선,수원시청,11954,12773,24727
2022-04-05,분당선,신갈,4352,4359,8711
2022-04-05,분당선,압구정로데오,17488,19257,36745
2022-04-05,분당선,야탑,24624,25804,50428
2022-04-05,분당선,영통,7977,8232,16209
2022-04-05,분당선,오리,11364,9285,20649
2022-04-05,분당선,이매,5562,5197,10759
2022-04-05,분당선,정자,16241,17289,33530
2022-04-05,분당선,죽전,13942,15329,29271
2022-04-05,분당선,청명,4239,4092,8331
2022-04-05,분당선,태평,13088,12644,25732
2022-04-05,분당선,한티,13825,14816,28641
2022-04-05,수인선,고색,5246,4952,10198
2022-04-05,수인선,남동인더스파크,2296,2571,4867
2022-04-05,수인선,달월,99,58,157
2022-04-05,수인선,사리,4799,4330,9129
2022-04-05,수인선,소래포구,5539,5225,10764
2022-04-05,수인선,송도,2498,2313,4811
2022-04-05,수인선,숭의,4042,3808,7850
2022-04-05,수인선,신포,1887,1859,3746
2022-04-05,수인선,야목,406,315,721
2022-04-05,수인선,어천,755,745,1500
2022-04-05,수인선,연수,4561,4569,9130
2022-04-05,수인선,오목천,3510,3382,6892
2022-04-05,수인선,원인재,4333,4594,8927
2022-04-05,수인선,월곶,2740,2493,5233
2022-04-05,수인선,인천,958,1598,2556
2022-04-05,수인선,인천논현,5503,5850,11353
2022-04-05,수인선,인하대,7108,6814,13922
2022-04-05,수인선,호구포,4046,4158,8204
2022-04-05,안산선,고잔,8961,8411,17372
2022-04-05,안산선,대야미,5055,4516,9571
2022-04-05,안산선,반월,4367,4218,8585
2022-04-05,안산선,산본,15445,16552,31997
2022-04-05,안산선,상록수,16166,16478,32644
2022-04-05,안산선,수리산,4298,3529,7827
2022-04-05,안산선,신길온천,1725,1598,3323
2022-04-05,안산선,안산,11452,10290,21742
2022-04-05,안산선,오이도,8425,8264,16689
2022-04-05,안산선,정왕,10247,10572,20819
2022-04-05,안산선,중앙,17617,18387,36004
2022-04-05,안산선,초지,5204,5537,10741
2022-04-05,안산선,한대앞,10610,10930,21540
2022-04-05,우이신설선,4.19민주묘지,3354,3217,6571
2022-04-05,우이신설선,가오리,4090,4032,8122
2022-04-05,우이신설선,보문,1440,1427,2867
2022-04-05,우이신설선,북한산보국문,6016,5583,11599
2022-04-05,우이신설선,북한산우이,2683,2503,5186
2022-04-05,우이신설선,삼양,1979,2095,4074
2022-04-05,우이신설선,삼양사거리,2400,2496,4896
2022-04-05,우이신설선,성신여대입구,3094,3588,6682
2022-04-05,우이신설선,솔밭공원,2477,2380,4857
2022-04-05,우이신설선,솔샘,5666,5388,11054
2022-04-05,우이신설선,신설동,2140,2066,4206
2022-04-05,우이신설선,정릉,4599,4316,8915
2022-04-05,우이신설선,화계,3273,2997,6270
2022-04-05,일산선,대곡,2159,1661,3820
2022-04-05,일산선,대화,12169,9605,21774
2022-04-05,일산선,마두,7323,7582,14905
2022-04-05,일산선,백석,9356,9288,18644
2022-04-05,일산선,삼송,19535,18866,38401
2022-04-05,일산선,원당,11027,10521,21548
2022-04-05,일산선,원흥,10590,10039,20629
2022-04-05,일산선,정발산,6478,6570,13048
2022-04-05,일산선,주엽,8589,8572,17161
2022-04-05,일산선,화정,16408,16806,33214
2022-04-05,장항선,배방,1078,1045,2123
2022-04-05,장항선,봉명,1257,1267,2524
2022-04-05,장항선,신창,2929,2933,5862
2022-04-05,장항선,쌍용,2963,2726,5689
2022-04-05,장항선,아산,3608,3066,6674
2022-04-05,장항선,온양온천,3586,3697,7283
2022-04-05,장항선,탕정,774,645,1419
2022-04-05,중앙선,구리,12897,13261,26158
2022-04-05,중앙선,국수,807,765,1572
2022-04-05,중앙선,덕소,5574,5597,11171
2022-04-05,중앙선,도농,10449,9548,19997
2022-04-05,중앙선,도심,2465,1965,4430
2022-04-05,중앙선,망우,7695,7509,15204
2022-04-05,중앙선,상봉,5561,5562,11123
2022-04-05,중앙선,신원,237,216,453
2022-04-05,중앙선,아신,549,529,1078
2022-04-05,중앙선,양수,1930,1973,3903
2022-04-05,중앙선,양원,3056,2888,5944
2022-04-05,중앙선,양정,788,653,1441
2022-04-05,중앙선,양평,2652,2757,5409
2022-04-05,중앙선,오빈,304,316,620
2022-04-05,중앙선,용문,3790,3684,7474
2022-04-05,중앙선,운길산,927,865,1792
2022-04-05,중앙선,원덕,467,434,901
2022-04-05,중앙선,중랑,5513,5194,10707
2022-04-05,중앙선,지평,67,82,149
2022-04-05,중앙선,팔당,916,962,1878
2022-04-05,중앙선,회기,24375,23782,48157
2022-04-06,1호선,동대문,10441,9838,20279
2022-04-06,1호선,동묘앞,7881,8398,16279
2022-04-06,1호선,서울역,38934,37846,76780
2022-04-06,1호선,시청,21854,22135,43989
2022-04-06,1호선,신설동,13589,13280,26869
2022-04-06,1호선,제기동,16886,17057,33943
2022-04-06,1호선,종각,32109,31388,63497
2022-04-06,1호선,종로3가,23789,21607,45396
2022-04-06,1호선,종로5가,21565,21739,43304
2022-04-06,1호선,청량리,19081,19041,38122
2022-04-06,2호선,강남,77317,76566,153883
2022-04-06,2호선,강변,27822,25658,53480
2022-04-06,2호선,건대입구,33968,36257,70225
2022-04-06,2호선,교대,32786,36807,69593
2022-04-06,2호선,구로디지털단지,56841,57080,113921
2022-04-06,2호선,구의,22931,22305,45236
2022-04-06,2호선,낙성대,26770,25864,52634
2022-04-06,2호선,당산,18867,21555,40422
2022-04-06,2호선,대림,23199,23619,46818
2022-04-06,2호선,도림천,1426,1480,2906
2022-04-06,2호선,동대문역사문화공원,11385,12849,24234
2022-04-06,2호선,뚝섬,22041,23350,45391
2022-04-06,2호선,문래,21645,21995,43640
2022-04-06,2호선,방배,18842,19735,38577
2022-04-06,2호선,봉천,23484,21744,45228
2022-04-06,2호선,사당,35073,38984,74057
2022-04-06,2호선,삼성,48922,49802,98724
2022-04-06,2호선,상왕십리,14067,13574,27641
2022-04-06,2호선,서울대입구,46769,45779,92548
2022-04-06,2호선,서초,20931,20366,41297
2022-04-06,2호선,선릉,54844,48990,103834
2022-04-06,2호선,성수,36457,39851,76308
2022-04-06,2호선,시청,22592,22337,44929
2022-04-06,2호선,신답,1583,1872,3455
2022-04-06,2호선,신당,13665,14209,27874
2022-04-06,2호선,신대방,26097,25586,51683
2022-04-06,2호선,신도림,45429,45315,90744
2022-04-06,2호선,신림,61277,59160,120437
2022-04-06,2호선,신설동,3124,1792,4916
2022-04-06,2호선,신정네거리,10007,10300,20307
2022-04-06,2호선,신촌,30966,31609,62575
2022-04-06,2호선,아현,10485,9846,20331
2022-04-06,2호선,양천구청,6543,6804,13347
2022-04-06,2호선,역삼,50138,56131,106269
2022-04-06,2호선,영등포구청,22325,23027,45352
2022-04-06,2호선,왕십리,16376,13195,29571
2022-04-06,2호선,용답,3236,3194,6430
2022-04-06,2호선,용두,2301,2372,4673
2022-04-06,2호선,을지로3가,21494,21608,43102
2022-04-06,2호선,을지로4가,12476,12395,24871
2022-04-06,2호선,을지로입구,36446,37768,74214
2022-04-06,2호선,이대,13657,14536,28193
2022-04-06,2호선,잠실,73160,73639,146799
2022-04-06,2호선,잠실나루,14257,13973,28230
2022-04-06,2호선,잠실새내,20300,20153,40453
2022-04-06,2호선,종합운동장,9618,10406,20024
2022-04-06,2호선,충정로,9860,10446,20306
2022-04-06,2호선,한양대,14838,16430,31268
2022-04-06,2호선,합정,29419,30774,60193
2022-04-06,2호선,홍대입구,48396,50874,99270
2022-04-06,3호선,가락시장,8663,8625,17288
2022-04-06,3호선,경복궁,22048,21733,43781
2022-04-06,3호선,경찰병원,7096,7003,14099
2022-04-06,3호선,고속터미널,34523,33086,67609
2022-04-06,3호선,교대,14004,9249,23253
2022-04-06,3호선,구파발,19926,19056,38982
2022-04-06,3호선,금호,7822,7198,15020
2022-04-06,3호선,남부터미널,27597,28133,55730
2022-04-06,3호선,녹번,15566,13903,29469
2022-04-06,3호선,대청,10198,9279,19477
2022-04-06,3호선,대치,10267,10350,20617
2022-04-06,3호선,도곡,5283,5571,10854
2022-04-06,3호선,독립문,6829,7224,14053
2022-04-06,3호선,동대입구,8313,9360,17673
2022-04-06,3호선,매봉,12210,11658,23868
2022-04-06,3호선,무악재,3778,3914,7692
2022-04-06,3호선,불광,15433,16526,31959
2022-04-06,3호선,수서,15900,16138,32038
2022-04-06,3호선,신사,28247,29354,57601
2022-04-06,3호선,안국,21173,22128,43301
2022-04-06,3호선,압구정,28959,31081,60040
2022-04-06,3호선,약수,12880,12528,25408
2022-04-06,3호선,양재,36856,40218,77074
2022-04-06,3호선,연신내,35745,33706,69451
2022-04-06,3호선,오금,6073,5532,11605
2022-04-06,3호선,옥수,8671,8821,17492
2022-04-06,3호선,을지로3가,9884,10227,20111
2022-04-06,3호선,일원,10226,9812,20038
2022-04-06,3호선,잠원,4645,4662,9307
2022-04-06,3호선,종로3가,9503,11006,20509
2022-04-06,3호선,지축,4891,4595,9486
2022-04-06,3호선,충무로,3,0,3
2022-04-06,3호선,학여울,1855,1927,3782
2022-04-06,3호선,홍제,17525,16541,34066
2022-04-06,4호선,길음,20762,20723,41485
2022-04-06,4호선,남태령,1202,1008,2210
2022-04-06,4호선,노원,18172,20304,38476
2022-04-06,4호선,당고개,8956,7992,16948
2022-04-06,4호선,동대문,19310,19596,38906
2022-04-06,4호선,동대문역사문화공원,13845,12858,26703
2022-04-06,4호선,동작,1716,1953,3669
2022-04-06,4호선,명동,19315,19734,39049
2022-04-06,4호선,미아,15100,14668,29768
2022-04-06,4호선,미아사거리,26547,25750,52297
2022-04-06,4호선,사당,24108,20061,44169
2022-04-06,4호선,삼각지,4707,5133,9840
2022-04-06,4호선,상계,19179,17790,36969
2022-04-06,4호선,서울역,10511,14687,25198
2022-04-06,4호선,성신여대입구,20879,19657,40536
2022-04-06,4호선,수유,32778,32813,65591
2022-04-06,4호선,숙대입구,14143,13505,27648
2022-04-06,4호선,신용산,14814,15561,30375
2022-04-06,4호선,쌍문,28734,26410,55144
2022-04-06,4호선,이촌,6886,7671,14557
2022-04-06,4호선,창동,24488,26043,50531
2022-04-06,4호선,총신대입구,18707,20012,38719
2022-04-06,4호선,충무로,28169,28788,56957
2022-04-06,4호선,한성대입구,13914,13821,27735
2022-04-06,4호선,혜화,31369,31332,62701
2022-04-06,4호선,회현,23433,24868,48301
2022-04-06,5호선,강동,18101,17347,35448
2022-04-06,5호선,강일,4056,3892,7948
2022-04-06,5호선,개롱,6360,6582,12942
2022-04-06,5호선,개화산,5557,5314,10871
2022-04-06,5호선,거여,10055,9550,19605
2022-04-06,5호선,고덕,9431,9262,18693
2022-04-06,5호선,공덕,13834,14620,28454
2022-04-06,5호선,광나루,13435,11981,25416
2022-04-06,5호선,광화문,28545,29991,58536
2022-04-06,5호선,군자,10807,11916,22723
2022-04-06,5호선,굽은다리,9231,8815,18046
2022-04-06,5호선,길동,7598,8013,15611
2022-04-06,5호선,김포공항,6119,6295,12414
2022-04-06,5호선,까치산,28359,27097,55456
2022-04-06,5호선,답십리,15700,14243,29943
2022-04-06,5호선,동대문역사문화공원,2686,3155,5841
2022-04-06,5호선,둔촌동,8387,8129,16516
2022-04-06,5호선,마곡,10446,10467,20913
2022-04-06,5호선,마장,5714,5368,11082
2022-04-06,5호선,마천,7120,6841,13961
2022-04-06,5호선,마포,14187,14405,28592
2022-04-06,5호선,명일,8780,9013,17793
2022-04-06,5호선,목동,16518,17703,34221
2022-04-06,5호선,미사,15604,15624,31228
2022-04-06,5호선,발산,20124,20582,40706
2022-04-06,5호선,방이,6848,7025,13873
2022-04-06,5호선,방화,6597,6289,12886
2022-04-06,5호선,상일동,14749,13581,28330
2022-04-06,5호선,서대문,19373,19438,38811
2022-04-06,5호선,송정,6407,6023,12430
2022-04-06,5호선,신금호,6441,6778,13219
2022-04-06,5호선,신길,4064,4285,8349
2022-04-06,5호선,신정,13697,11136,24833
2022-04-06,5호선,아차산,15254,14752,30006
2022-04-06,5호선,애오개,6648,6730,13378
2022-04-06,5호선,양평,7483,7301,14784
2022-04-06,5호선,여의나루,16869,18246,35115
2022-04-06,5호선,여의도,28416,30590,59006
2022-04-06,5호선,영등포구청,3974,4089,8063
2022-04-06,5호선,영등포시장,9762,9961,19723
2022-04-06,5호선,오금,3742,3773,7515
2022-04-06,5호선,오목교,20610,22207,42817
2022-04-06,5호선,올림픽공원,4399,3845,8244
2022-04-06,5호선,왕십리,4403,5136,9539
2022-04-06,5호선,우장산,14614,14376,28990
2022-04-06,5호선,을지로4가,6138,6168,12306
2022-04-06,5호선,장한평,18439,18250,36689
2022-04-06,5호선,종로3가,11868,11651,23519
2022-04-06,5호선,천호,16836,17038,33874
2022-04-06,5호선,청구,3989,3657,7646
2022-04-06,5호선,충정로,4744,4840,9584
2022-04-06,5호선,하남검단산,5463,5196,10659
2022-04-06,5호선,하남시청,6714,6426,13140
2022-04-06,5호선,하남풍산,4290,4299,8589
2022-04-06,5호선,행당,8016,7083,15099
2022-04-06,5호선,화곡,28101,26269,54370
2022-04-06,6호선,고려대,8133,8099,16232
2022-04-06,6호선,공덕,17622,17310,34932
2022-04-06,6호선,광흥창,8777,8645,17422
2022-04-06,6호선,구산,7850,5733,13583
2022-04-06,6호선,녹사평,4468,4475,8943
2022-04-06,6호선,대흥,8270,8595,16865
2022-04-06,6호선,독바위,2680,2797,5477
2022-04-06,6호선,돌곶이,9269,8625,17894
2022-04-06,6호선,동묘앞,7521,7695,15216
2022-04-06,6호선,디지털미디어시티,13588,14790,28378
2022-04-06,6호선,마포구청,13657,12344,26001
2022-04-06,6호선,망원,13350,13894,27244
2022-04-06,6호선,버티고개,2092,2029,4121
2022-04-06,6호선,보문,7226,6587,13813
2022-04-06,6호선,봉화산,8859,8245,17104
2022-04-06,6호선,불광,4225,4230,8455
2022-04-06,6호선,삼각지,6114,5541,11655
2022-04-06,6호선,상수,8065,9308,17373
2022-04-06,6호선,상월곡,6422,5967,12389
2022-04-06,6호선,새절,12877,12266,25143
2022-04-06,6호선,석계,12515,12903,25418
2022-04-06,6호선,신내,1,0,1
2022-04-06,6호선,신당,8312,8631,16943
2022-04-06,6호선,안암,14238,14223,28461
2022-04-06,6호선,약수,3547,3602,7149
2022-04-06,6호선,역촌,3631,4266,7897
2022-04-06,6호선,월곡,12550,12209,24759
2022-04-06,6호선,월드컵경기장,6084,6249,12333
2022-04-06,6호선,응암,17511,17353,34864
2022-04-06,6호선,이태원,8941,9231,18172
2022-04-06,6호선,증산,10050,10146,20196
2022-04-06,6호선,창신,3588,2947,6535
2022-04-06,6호선,청구,3659,3943,7602
2022-04-06,6호선,태릉입구,5518,6151,11669
2022-04-06,6호선,한강진,7128,8303,15431
2022-04-06,6호선,합정,12321,12254,24575
2022-04-06,6호선,화랑대,12319,9671,21990
2022-04-06,6호선,효창공원앞,7156,6658,13814
2022-04-06,7호선,가산디지털단지,44227,44819,89046
2022-04-06,7호선,강남구청,15753,17453,33206
2022-04-06,7호선,건대입구,12367,12960,25327
2022-04-06,7호선,고속터미널,13969,12322,26291
2022-04-06,7호선,공릉,12633,12421,25054
2022-04-06,7호선,광명사거리,21589,21337,42926
2022-04-06,7호선,군자,14580,11661,26241
2022-04-06,7호선,남구로,15407,16355,31762
2022-04-06,7호선,남성,10946,10116,21062
2022-04-06,7호선,내방,14314,14689,29003
2022-04-06,7호선,노원,18333,19338,37671
2022-04-06,7호선,논현,19599,21396,40995
2022-04-06,7호선,대림,7397,7306,14703
2022-04-06,7호선,도봉산,9390,10839,20229
2022-04-06,7호선,뚝섬유원지,10363,10102,20465
2022-04-06,7호선,마들,12507,11786,24293
2022-04-06,7호선,먹골,9911,9669,19580
2022-04-06,7호선,면목,16232,15548,31780
2022-04-06,7호선,반포,5729,5534,11263
2022-04-06,7호선,보라매,10069,10045,20114
2022-04-06,7호선,사가정,15805,15885,31690
2022-04-06,7호선,상도,11247,10968,22215
2022-04-06,7호선,상봉,16303,15096,31399
2022-04-06,7호선,수락산,12470,12185,24655
2022-04-06,7호선,숭실대입구,14422,14851,29273
2022-04-06,7호선,신대방삼거리,16535,15917,32452
2022-04-06,7호선,신풍,11417,11020,22437
2022-04-06,7호선,어린이대공원,14886,15511,30397
2022-04-06,7호선,온수,10749,10110,20859
2022-04-06,7호선,용마산,6036,5743,11779
2022-04-06,7호선,이수,15185,14783,29968
2022-04-06,7호선,장승배기,8856,8612,17468
2022-04-06,7호선,장암,2166,847,3013
2022-04-06,7호선,중계,14701,13401,28102
2022-04-06,7호선,중곡,11050,10196,21246
2022-04-06,7호선,중화,10672,10515,21187
2022-04-06,7호선,천왕,11435,10884,22319
2022-04-06,7호선,철산,20491,20727,41218
2022-04-06,7호선,청담,18899,21339,40238
2022-04-06,7호선,태릉입구,8807,8374,17181
2022-04-06,7호선,하계,18400,17292,35692
2022-04-06,7호선,학동,23818,25503,49321
2022-04-06,8호선,가락시장,7495,8337,15832
2022-04-06,8호선,강동구청,10357,10590,20947
2022-04-06,8호선,남위례,4755,4935,9690
2022-04-06,8호선,남한산성입구,15383,14142,29525
2022-04-06,8호선,단대오거리,11381,10662,22043
2022-04-06,8호선,모란,4413,3411,7824
2022-04-06,8호선,몽촌토성,6026,6069,12095
2022-04-06,8호선,문정,21678,22758,44436
2022-04-06,8호선,복정,9901,8286,18187
2022-04-06,8호선,산성,5406,5394,10800
2022-04-06,8호선,석촌,8034,9782,17816
2022-04-06,8호선,송파,7965,7793,15758
2022-04-06,8호선,수진,5285,4891,10176
2022-04-06,8호선,신흥,4057,4433,8490
2022-04-06,8호선,암사,18534,16248,34782
2022-04-06,8호선,잠실,14609,17192,31801
2022-04-06,8호선,장지,17148,16404,33552
2022-04-06,8호선,천호,14188,16156,30344
2022-04-06,9호선,가양,20275,19569,39844
2022-04-06,9호선,개화,2400,1738,4138
2022-04-06,9호선,고속터미널,11326,13586,24912
2022-04-06,9호선,공항시장,2922,3232,6154
2022-04-06,9호선,구반포,1339,1343,2682
2022-04-06,9호선,국회의사당,16374,16986,33360
2022-04-06,9호선,김포공항,6241,9756,15997
2022-04-06,9호선,노들,4428,3660,8088
2022-04-06,9호선,노량진,25794,24907,50701
2022-04-06,9호선,당산,17858,17653,35511
2022-04-06,9호선,동작,2297,1840,4137
2022-04-06,9호선,등촌,10981,10478,21459
2022-04-06,9호선,마곡나루,11971,11845,23816
2022-04-06,9호선,사평,3400,3309,6709
2022-04-06,9호선,샛강,5967,6155,12122
2022-04-06,9호선,선유도,8604,8245,16849
2022-04-06,9호선,신논현,29183,28822,58005
2022-04-06,9호선,신목동,4146,3620,7766
2022-04-06,9호선,신반포,3405,3365,6770
2022-04-06,9호선,신방화,6754,6561,13315
2022-04-06,9호선,양천향교,9813,10052,19865
2022-04-06,9호선,여의도,27264,26912,54176
2022-04-06,9호선,염창,16884,16360,33244
2022-04-06,9호선,증미,6983,6731,13714
2022-04-06,9호선,흑석,9202,9202,18404
2022-04-06,9호선2~3단계,둔촌오륜,1222,1125,2347
2022-04-06,9호선2~3단계,봉은사,15416,15900,31316
2022-04-06,9호선2~3단계,삼성중앙,6624,6953,13577
2022-04-06,9호선2~3단계,삼전,6619,6346,12965
2022-04-06,9호선2~3단계,석촌,8916,8119,17035
2022-04-06,9호선2~3단계,석촌고분,6023,5829,11852
2022-04-06,9호선2~3단계,선정릉,9502,10407,19909
2022-04-06,9호선2~3단계,송파나루,5318,5683,11001
2022-04-06,9호선2~3단계,언주,9864,10169,20033
2022-04-06,9호선2~3단계,올림픽공원,5931,6038,11969
2022-04-06,9호선2~3단계,종합운동장,4051,4206,8257
2022-04-06,9호선2~3단계,중앙보훈병원,10856,9618,20474
2022-04-06,9호선2~3단계,한성백제,2546,2202,4748
2022-04-06,경강선,경기광주,7533,7162,14695
2022-04-06,경강선,곤지암,2263,2232,4495
2022-04-06,경강선,부발,1972,1964,3936
2022-04-06,경강선,삼동,2326,2146,4472
2022-04-06,경강선,세종대왕릉,278,293,571
2022-04-06,경강선,신둔도예촌,1597,1442,3039
2022-04-06,경강선,여주,2409,2346,4755
2022-04-06,경강선,이매,1095,970,2065
2022-04-06,경강선,이천,2446,2462,4908
2022-04-06,경강선,초월,3091,2952,6043
2022-04-06,경강선,판교,4566,4440,9006
2022-04-06,경부선,가산디지털단지,18438,20977,39415
2022-04-06,경부선,관악,7366,6730,14096
2022-04-06,경부선,광명,3005,2646,5651
2022-04-06,경부선,구로,18029,18633,36662
2022-04-06,경부선,군포,7858,7737,15595
2022-04-06,경부선,금정,26856,27170,54026
2022-04-06,경부선,금천구청,11787,11859,23646
2022-04-06,경부선,남영,9541,10178,19719
2022-04-06,경부선,노량진,8050,8343,16393
2022-04-06,경부선,당정,7300,6850,14150
2022-04-06,경부선,대방,13038,13320,26358
2022-04-06,경부선,독산,18475,19249,37724
2022-04-06,경부선,두정,7598,8092,15690
2022-04-06,경부선,명학,10691,10571,21262
2022-04-06,경부선,병점,15362,15364,30726
2022-04-06,경부선,서동탄,1421,1273,2694
2022-04-06,경부선,서울역,4840,1684,6524
2022-04-06,경부선,서정리,7424,6881,14305
2022-04-06,경부선,석수,9993,8730,18723
2022-04-06,경부선,성균관대,14841,14721,29562
2022-04-06,경부선,성환,5602,5501,11103
2022-04-06,경부선,세류,2907,2688,5595
2022-04-06,경부선,세마,2842,2676,5518
2022-04-06,경부선,송탄,4327,4160,8487
2022-04-06,경부선,수원,33684,35910,69594
2022-04-06,경부선,신길,9278,7851,17129
2022-04-06,경부선,신도림,4176,4282,8458
2022-04-06,경부선,안양,25937,25570,51507
2022-04-06,경부선,영등포,34072,35083,69155
2022-04-06,경부선,오산,9735,9757,19492
2022-04-06,경부선,오산대,4164,3878,8042
2022-04-06,경부선,용산,28346,28648,56994
2022-04-06,경부선,의왕,9420,9339,18759
2022-04-06,경부선,직산,837,814,1651
2022-04-06,경부선,진위,1785,1515,3300
2022-04-06,경부선,천안,6631,6169,12800
2022-04-06,경부선,평택,11988,12130,24118
2022-04-06,경부선,평택지제,3369,3207,6576
2022-04-06,경부선,화서,8152,7842,15994
2022-04-06,경원선,가능,6724,6478,13202
2022-04-06,경원선,광운대,9105,8912,18017
2022-04-06,경원선,녹양,4718,4427,9145
2022-04-06,경원선,녹천,4781,4006,8787
2022-04-06,경원선,덕계,3382,3045,6427
2022-04-06,경원선,덕정,6075,5913,11988
2022-04-06,경원선,도봉,5988,5645,11633
2022-04-06,경원선,도봉산,7851,5297,13148
2022-04-06,경원선,동두천,2613,2874,5487
2022-04-06,경원선,동두천중앙,3128,2992,6120
2022-04-06,경원선,망월사,9523,9678,19201
2022-04-06,경원선,방학,9704,9582,19286
2022-04-06,경원선,보산,1459,1367,2826
2022-04-06,경원선,서빙고,1989,1923,3912
2022-04-06,경원선,석계,8281,9309,17590
2022-04-06,경원선,소요산,2747,2260,5007
2022-04-06,경원선,신이문,8288,7721,16009
2022-04-06,경원선,양주,8040,7464,15504
2022-04-06,경원선,옥수,39,23,62
2022-04-06,경원선,왕십리,13970,14911,28881
2022-04-06,경원선,외대앞,8267,8349,16616
2022-04-06,경원선,월계,8445,7804,16249
2022-04-06,경원선,응봉,2216,2361,4577
2022-04-06,경원선,의정부,17659,18257,35916
2022-04-06,경원선,이촌,3593,2775,6368
2022-04-06,경원선,지행,6613,6680,13293
2022-04-06,경원선,청량리,13541,14242,27783
2022-04-06,경원선,한남,3953,3812,7765
2022-04-06,경원선,회룡,12691,12664,25355
2022-04-06,경의선,가좌,5407,5227,10634
2022-04-06,경의선,강매,3308,2877,6185
2022-04-06,경의선,검암,1,0,1
2022-04-06,경의선,계양,1,0,1
2022-04-06,경의선,곡산,616,656,1272
2022-04-06,경의선,공덕,3313,2961,6274
2022-04-06,경의선,금릉,4889,4806,9695
2022-04-06,경의선,금촌,6761,6827,13588
2022-04-06,경의선,능곡,3963,3776,7739
2022-04-06,경의선,디지털미디어시티,2464,2278,4742
2022-04-06,경의선,문산,5114,4916,10030
2022-04-06,경의선,백마,7072,6859,13931
2022-04-06,경의선,서강대,2112,2029,4141
2022-04-06,경의선,서울역,4389,5488,9877
2022-04-06,경의선,수색,2769,2952,5721
2022-04-06,경의선,신촌,809,1095,1904
2022-04-06,경의선,야당,7595,7462,15057
2022-04-06,경의선,운정,7152,6762,13914
2022-04-06,경의선,월롱,2984,2775,5759
2022-04-06,경의선,일산,9530,9403,18933
2022-04-06,경의선,임진강,10,35,45
2022-04-06,경의선,탄현,7792,7378,15170
2022-04-06,경의선,파주,1493,1169,2662
2022-04-06,경의선,풍산,5568,5086,10654
2022-04-06,경의선,행신,7680,7875,15555
2022-04-06,경의선,홍대입구,1640,1829,3469
2022-04-06,경의선,화전,3601,3404,7005
2022-04-06,경의선,효창공원앞,3245,3493,6738
2022-04-06,경인선,간석,5892,5690,11582
2022-04-06,경인선,개봉,21208,20859,42067
2022-04-06,경인선,구일,7828,7801,15629
2022-04-06,경인선,도원,3222,3169,6391
2022-04-06,경인선,도화,4269,3952,8221
2022-04-06,경인선,동암,14331,14424,28755
2022-04-06,경인선,동인천,14121,13320,27441
2022-04-06,경인선,백운,7080,6916,13996
2022-04-06,경인선,부개,8709,8114,16823
2022-04-06,경인선,부천,32066,32249,64315
2022-04-06,경인선,부평,27819,29837,57656
2022-04-06,경인선,소사,9197,8735,17932
2022-04-06,경인선,송내,27130,27081,54211
2022-04-06,경인선,역곡,28317,27796,56113
2022-04-06,경인선,오류동,11973,11080,23053
2022-04-06,경인선,온수,7113,6700,13813
2022-04-06,경인선,인천,3495,2694,6189
2022-04-06,경인선,제물포,10887,10426,21313
2022-04-06,경인선,주안,19472,17937,37409
2022-04-06,경인선,중동,9506,8786,18292
2022-04-06,경춘선,가평,1426,1454,2880
2022-04-06,경춘선,갈매,3053,2682,5735
2022-04-06,경춘선,강촌,417,454,871
2022-04-06,경춘선,굴봉산,139,124,263
2022-04-06,경춘선,금곡,1579,1506,3085
2022-04-06,경춘선,김유정,291,324,615
2022-04-06,경춘선,남춘천,2240,2152,4392
2022-04-06,경춘선,대성리,529,503,1032
2022-04-06,경춘선,마석,3974,3950,7924
2022-04-06,경춘선,백양리,76,80,156
2022-04-06,경춘선,별내,3133,3103,6236
2022-04-06,경춘선,사릉,2639,2584,5223
2022-04-06,경춘선,상천,301,288,589
2022-04-06,경춘선,신내,2340,2191,4531
2022-04-06,경춘선,천마산,1717,1573,3290
2022-04-06,경춘선,청평,1553,1487,3040
2022-04-06,경춘선,춘천,1477,1316,2793
2022-04-06,경춘선,퇴계원,3493,3231,6724
2022-04-06,경춘선,평내호평,6292,6247,12539
2022-04-06,공항철도,검암,6478,6506,12984
2022-04-06,공항철도,계양,10420,9812,20232
2022-04-06,공항철도,공덕,2167,2828,4995
2022-04-06,공항철도,공항화물청사,2321,2485,4806
2022-04-06,공항철도,김포공항,10261,6010,16271
2022-04-06,공항철도,디지털미디어시티,13601,12603,26204
2022-04-06,공항철도,마곡나루,8950,8716,17666
2022-04-06,공항철도,서울역,6873,6352,13225
2022-04-06,공항철도,영종,3043,3049,6092
2022-04-06,공항철도,운서,6714,6682,13396
2022-04-06,공항철도,인천공항1터미널,4272,4045,8317
2022-04-06,공항철도,인천공항2터미널,2309,2092,4401
2022-04-06,공항철도,청라국제도시,6883,6503,13386
2022-04-06,공항철도,홍대입구,8819,8663,17482
2022-04-06,과천선,경마공원,1669,1587,3256
2022-04-06,과천선,과천,6287,5752,12039
2022-04-06,과천선,대공원,3452,3596,7048
2022-04-06,과천선,범계,25760,25801,51561
2022-04-06,과천선,선바위,7980,7203,15183
2022-04-06,과천선,인덕원,24095,24760,48855
2022-04-06,과천선,정부과천청사,10521,10465,20986
2022-04-06,과천선,평촌,17685,17370,35055
2022-04-06,분당선,가천대,9845,10844,20689
2022-04-06,분당선,강남구청,10047,11349,21396
2022-04-06,분당선,개포동,4067,4144,8211
2022-04-06,분당선,구룡,2428,2349,4777
2022-04-06,분당선,구성,4860,5121,9981
2022-04-06,분당선,기흥,9988,9416,19404
2022-04-06,분당선,대모산입구,4455,4203,8658
2022-04-06,분당선,도곡,6969,6914,13883
2022-04-06,분당선,망포,13855,13292,27147
2022-04-06,분당선,매교,3255,3229,6484
2022-04-06,분당선,매탄권선,5115,4867,9982
2022-04-06,분당선,모란,19483,19947,39430
2022-04-06,분당선,미금,15381,16061,31442
2022-04-06,분당선,보정,2615,2284,4899
2022-04-06,분당선,상갈,5323,5196,10519
2022-04-06,분당선,서울숲,12061,12602,24663
2022-04-06,분당선,서현,22642,23027,45669
2022-04-06,분당선,선릉,13149,19600,32749
2022-04-06,분당선,선정릉,7919,8489,16408
2022-04-06,분당선,수내,12932,13026,25958
2022-04-06,분당선,수서,12961,12951,25912
2022-04-06,분당선,수원,8089,6824,14913
2022-04-06,분당선,수원시청,12187,12992,25179
2022-04-06,분당선,신갈,4324,4387,8711
2022-04-06,분당선,압구정로데오,17717,19476,37193
2022-04-06,분당선,야탑,25883,26997,52880
2022-04-06,분당선,영통,8023,8188,16211
2022-04-06,분당선,오리,11523,9463,20986
2022-04-06,분당선,이매,5707,5368,11075
2022-04-06,분당선,정자,16653,17706,34359
2022-04-06,분당선,죽전,14079,15388,29467
2022-04-06,분당선,청명,4148,4021,8169
2022-04-06,분당선,태평,13105,12633,25738
2022-04-06,분당선,한티,13593,14647,28240
2022-04-06,수인선,고색,5290,5093,10383
2022-04-06,수인선,남동인더스파크,2239,2578,4817
2022-04-06,수인선,달월,107,74,181
2022-04-06,수인선,사리,4858,4284,9142
2022-04-06,수인선,소래포구,5695,5337,11032
2022-04-06,수인선,송도,2565,2432,4997
2022-04-06,수인선,숭의,4030,3770,7800
2022-04-06,수인선,신포,1909,1914,3823
2022-04-06,수인선,야목,406,292,698
2022-04-06,수인선,어천,731,751,1482
2022-04-06,수인선,연수,4621,4553,9174
2022-04-06,수인선,오목천,3617,3287,6904
2022-04-06,수인선,원인재,4413,4743,9156
2022-04-06,수인선,월곶,2968,2709,5677
2022-04-06,수인선,인천,983,1672,2655
2022-04-06,수인선,인천논현,5696,6113,11809
2022-04-06,수인선,인하대,7007,6788,13795
2022-04-06,수인선,호구포,4125,4274,8399
2022-04-06,안산선,고잔,8939,8608,17547
2022-04-06,안산선,대야미,5146,4761,9907
2022-04-06,안산선,반월,4367,4229,8596
2022-04-06,안산선,산본,15714,16898,32612
2022-04-06,안산선,상록수,16033,16409,32442
2022-04-06,안산선,수리산,4261,3496,7757
2022-04-06,안산선,신길온천,1751,1629,3380
2022-04-06,안산선,안산,11421,10385,21806
2022-04-06,안산선,오이도,8291,8228,16519
2022-04-06,안산선,정왕,9990,10264,20254
2022-04-06,안산선,중앙,17667,18402,36069
2022-04-06,안산선,초지,5140,5484,10624
2022-04-06,안산선,한대앞,10468,10388,20856
2022-04-06,우이신설선,4.19민주묘지,3868,3703,7571
2022-04-06,우이신설선,가오리,4172,4087,8259
2022-04-06,우이신설선,보문,1411,1484,2895
2022-04-06,우이신설선,북한산보국문,6024,5756,11780
2022-04-06,우이신설선,북한산우이,2743,2473,5216
2022-04-06,우이신설선,삼양,1996,2110,4106
2022-04-06,우이신설선,삼양사거리,2411,2433,4844
2022-04-06,우이신설선,성신여대입구,3233,3519,6752
2022-04-06,우이신설선,솔밭공원,2548,2440,4988
2022-04-06,우이신설선,솔샘,5796,5395,11191
2022-04-06,우이신설선,신설동,2219,2067,4286
2022-04-06,우이신설선,정릉,4717,4238,8955
2022-04-06,우이신설선,화계,3330,3131,6461
2022-04-06,일산선,대곡,2200,1842,4042
2022-04-06,일산선,대화,12260,9804,22064
2022-04-06,일산선,마두,7478,7543,15021
2022-04-06,일산선,백석,9337,9309,18646
2022-04-06,일산선,삼송,19644,18903,38547
2022-04-06,일산선,원당,11234,10614,21848
2022-04-06,일산선,원흥,10755,10297,21052
2022-04-06,일산선,정발산,6689,6925,13614
2022-04-06,일산선,주엽,8851,8886,17737
2022-04-06,일산선,화정,16513,16919,33432
2022-04-06,장항선,배방,1127,1133,2260
2022-04-06,장항선,봉명,1260,1260,2520
2022-04-06,장항선,신창,3029,2776,5805
2022-04-06,장항선,쌍용,2881,2728,5609
2022-04-06,장항선,아산,3737,3259,6996
2022-04-06,장항선,온양온천,3629,3699,7328
2022-04-06,장항선,탕정,788,693,1481
2022-04-06,중앙선,구리,13084,13355,26439
2022-04-06,중앙선,국수,752,776,1528
2022-04-06,중앙선,덕소,5364,5540,10904
2022-04-06,중앙선,도농,10585,9610,20195
2022-04-06,중앙선,도심,2417,1837,4254
2022-04-06,중앙선,망우,7652,7591,15243
2022-04-06,중앙선,상봉,5651,5636,11287
2022-04-06,중앙선,신원,241,215,456
2022-04-06,중앙선,아신,548,508,1056
2022-04-06,중앙선,양수,1949,1983,3932
2022-04-06,중앙선,양원,3082,2917,5999
2022-04-06,중앙선,양정,740,637,1377
2022-04-06,중앙선,양평,2687,2731,5418
2022-04-06,중앙선,오빈,338,333,671
2022-04-06,중앙선,용문,1830,1721,3551
2022-04-06,중앙선,운길산,952,869,1821
2022-04-06,중앙선,원덕,471,438,909
2022-04-06,중앙선,중랑,5679,5323,11002
2022-04-06,중앙선,지평,85,94,179
2022-04-06,중앙선,팔당,870,911,1781
2022-04-06,중앙선,회기,24846,24284,49130
2022-04-07,1호선,동대문,10633,9921,20554
2022-04-07,1호선,동묘앞,8053,8431,16484
2022-04-07,1호선,서울역,40672,39178,79850
2022-04-07,1호선,시청,21680,22129,43809
2022-04-07,1호선,신설동,13561,13229,26790
2022-04-07,1호선,제기동,17143,17384,34527
2022-04-07,1호선,종각,32486,31686,64172
2022-04-07,1호선,종로3가,23894,22044,45938
2022-04-07,1호선,종로5가,22201,22162,44363
2022-04-07,1호선,청량리,19668,19531,39199
2022-04-07,2호선,강남,78855,78015,156870
2022-04-07,2호선,강변,28479,26436,54915
2022-04-07,2호선,건대입구,34574,37034,71608
2022-04-07,2호선,교대,33265,37664,70929
2022-04-07,2호선,구로디지털단지,57775,57444,115219
2022-04-07,2호선,구의,23184,22640,45824
2022-04-07,2호선,낙성대,26628,26080,52708
2022-04-07,2호선,당산,19164,21746,40910
2022-04-07,2호선,대림,23246,23513,46759
2022-04-07,2호선,도림천,1444,1549,2993
2022-04-07,2호선,동대문역사문화공원,11454,12928,24382
2022-04-07,2호선,뚝섬,22503,23863,46366
2022-04-07,2호선,문래,21602,21907,43509
2022-04-07,2호선,방배,19262,19935,39197
2022-04-07,2호선,봉천,23389,21678,45067
2022-04-07,2호선,사당,35235,38986,74221
2022-04-07,2호선,삼성,49497,50525,100022
2022-04-07,2호선,상왕십리,13956,13563,27519
2022-04-07,2호선,서울대입구,46987,45985,92972
2022-04-07,2호선,서초,20910,20207,41117
2022-04-07,2호선,선릉,54623,48919,103542
2022-04-07,2호선,성수,36402,39905,76307
2022-04-07,2호선,시청,23028,22205,45233
2022-04-07,2호선,신답,1639,1842,3481
2022-04-07,2호선,신당,13689,14152,27841
2022-04-07,2호선,신대방,26385,25823,52208
2022-04-07,2호선,신도림,45801,45922,91723
2022-04-07,2호선,신림,61825,59321,121146
2022-04-07,2호선,신설동,3239,1746,4985
2022-04-07,2호선,신정네거리,10047,10291,20338
2022-04-07,2호선,신촌,31649,32276,63925
2022-04-07,2호선,아현,10529,9953,20482
2022-04-07,2호선,양천구청,6512,6774,13286
2022-04-07,2호선,역삼,50154,56525,106679
2022-04-07,2호선,영등포구청,22216,22783,44999
2022-04-07,2호선,왕십리,16484,13155,29639
2022-04-07,2호선,용답,3114,3269,6383
2022-04-07,2호선,용두,2316,2317,4633
2022-04-07,2호선,을지로3가,21374,21311,42685
2022-04-07,2호선,을지로4가,12645,12697,25342
2022-04-07,2호선,을지로입구,36816,38502,75318
2022-04-07,2호선,이대,13638,14374,28012
2022-04-07,2호선,잠실,76368,76338,152706
2022-04-07,2호선,잠실나루,14413,14138,28551
2022-04-07,2호선,잠실새내,20593,20394,40987
2022-04-07,2호선,종합운동장,9279,9986,19265
2022-04-07,2호선,충정로,9645,10348,19993
2022-04-07,2호선,한양대,14705,16266,30971
2022-04-07,2호선,합정,29720,31339,61059
2022-04-07,2호선,홍대입구,49511,52103,101614
2022-04-07,3호선,가락시장,8783,8807,17590
2022-04-07,3호선,경복궁,21921,21932,43853
2022-04-07,3호선,경찰병원,7010,7059,14069
2022-04-07,3호선,고속터미널,36420,34962,71382
2022-04-07,3호선,교대,14527,9533,24060
2022-04-07,3호선,구파발,19910,18843,38753
2022-04-07,3호선,금호,7611,7194,14805
2022-04-07,3호선,남부터미널,28287,28418,56705
2022-04-07,3호선,녹번,15722,14120,29842
2022-04-07,3호선,대청,10231,9337,19568
2022-04-07,3호선,대치,10464,10652,21116
2022-04-07,3호선,도곡,5322,5615,10937
2022-04-07,3호선,독립문,6781,7109,13890
2022-04-07,3호선,동대입구,8939,9884,18823
2022-04-07,3호선,매봉,12487,12028,24515
2022-04-07,3호선,무악재,3866,3904,7770
2022-04-07,3호선,불광,15624,16736,32360
2022-04-07,3호선,수서,16403,16630,33033
2022-04-07,3호선,신사,28906,30114,59020
2022-04-07,3호선,안국,20875,21793,42668
2022-04-07,3호선,압구정,29200,31255,60455
2022-04-07,3호선,약수,12740,12419,25159
2022-04-07,3호선,양재,37428,40810,78238
2022-04-07,3호선,연신내,35315,33527,68842
2022-04-07,3호선,오금,6214,5592,11806
2022-04-07,3호선,옥수,8899,9052,17951
2022-04-07,3호선,을지로3가,9957,10196,20153
2022-04-07,3호선,일원,10289,9949,20238
2022-04-07,3호선,잠원,4614,4510,9124
2022-04-07,3호선,종로3가,9581,10949,20530
2022-04-07,3호선,지축,4940,4569,9509
2022-04-07,3호선,충무로,1,0,1
2022-04-07,3호선,학여울,1986,2031,4017
2022-04-07,3호선,홍제,17461,16708,34169
2022-04-07,4호선,길음,21259,20895,42154
2022-04-07,4호선,남태령,1177,989,2166
2022-04-07,4호선,노원,18209,20508,38717
2022-04-07,4호선,당고개,8949,8189,17138
2022-04-07,4호선,동대문,19214,19821,39035
2022-04-07,4호선,동대문역사문화공원,13872,12857,26729
2022-04-07,4호선,동작,1832,2110,3942
2022-04-07,4호선,명동,18834,19432,38266
2022-04-07,4호선,미아,15451,14947,30398
2022-04-07,4호선,미아사거리,26575,25899,52474
2022-04-07,4호선,사당,24602,20573,45175
2022-04-07,4호선,삼각지,4691,5295,9986
2022-04-07,4호선,상계,19173,17666,36839
2022-04-07,4호선,서울역,10508,15645,26153
2022-04-07,4호선,성신여대입구,20744,19731,40475
2022-04-07,4호선,수유,32959,33170,66129
2022-04-07,4호선,숙대입구,13965,13548,27513
2022-04-07,4호선,신용산,15046,15697,30743
2022-04-07,4호선,쌍문,28936,26763,55699
2022-04-07,4호선,이촌,6855,7622,14477
2022-04-07,4호선,창동,24870,25805,50675
2022-04-07,4호선,총신대입구,18258,19564,37822
2022-04-07,4호선,충무로,28517,29328,57845
2022-04-07,4호선,한성대입구,14107,13844,27951
2022-04-07,4호선,혜화,31670,31911,63581
2022-04-07,4호선,회현,23854,25375,49229
2022-04-07,5호선,강동,18419,17572,35991
2022-04-07,5호선,강일,4178,3940,8118
2022-04-07,5호선,개롱,6394,6715,13109
2022-04-07,5호선,개화산,5492,5308,10800
2022-04-07,5호선,거여,10085,9623,19708
2022-04-07,5호선,고덕,9443,9262,18705
2022-04-07,5호선,공덕,14153,14940,29093
2022-04-07,5호선,광나루,13520,12262,25782
2022-04-07,5호선,광화문,28745,30213,58958
2022-04-07,5호선,군자,11035,12146,23181
2022-04-07,5호선,굽은다리,9370,8769,18139
2022-04-07,5호선,길동,7754,7942,15696
2022-04-07,5호선,김포공항,6610,6582,13192
2022-04-07,5호선,까치산,28366,27105,55471
2022-04-07,5호선,답십리,15600,14200,29800
2022-04-07,5호선,동대문역사문화공원,2722,3188,5910
2022-04-07,5호선,둔촌동,8473,8433,16906
2022-04-07,5호선,마곡,10483,10580,21063
2022-04-07,5호선,마장,5637,5375,11012
2022-04-07,5호선,마천,7158,6870,14028
2022-04-07,5호선,마포,14331,14731,29062
2022-04-07,5호선,명일,8445,8658,17103
2022-04-07,5호선,목동,16725,17887,34612
2022-04-07,5호선,미사,15797,15703,31500
2022-04-07,5호선,발산,19934,20456,40390
2022-04-07,5호선,방이,6920,7152,14072
2022-04-07,5호선,방화,6571,6235,12806
2022-04-07,5호선,상일동,14685,13683,28368
2022-04-07,5호선,서대문,19406,19712,39118
2022-04-07,5호선,송정,6460,6130,12590
2022-04-07,5호선,신금호,6561,6779,13340
2022-04-07,5호선,신길,4198,4365,8563
2022-04-07,5호선,신정,13686,11200,24886
2022-04-07,5호선,아차산,15335,14895,30230
2022-04-07,5호선,애오개,6802,6829,13631
2022-04-07,5호선,양평,7473,7334,14807
2022-04-07,5호선,여의나루,17068,18933,36001
2022-04-07,5호선,여의도,28402,30569,58971
2022-04-07,5호선,영등포구청,4058,4139,8197
2022-04-07,5호선,영등포시장,9827,10036,19863
2022-04-07,5호선,오금,3763,3813,7576
2022-04-07,5호선,오목교,20945,22423,43368
2022-04-07,5호선,올림픽공원,4457,3833,8290
2022-04-07,5호선,왕십리,4515,5100,9615
2022-04-07,5호선,우장산,14483,14291,28774
2022-04-07,5호선,을지로4가,6127,6096,12223
2022-04-07,5호선,장한평,18450,18444,36894
2022-04-07,5호선,종로3가,11556,11520,23076
2022-04-07,5호선,천호,17068,16964,34032
2022-04-07,5호선,청구,3983,3561,7544
2022-04-07,5호선,충정로,4722,4813,9535
2022-04-07,5호선,하남검단산,5466,5175,10641
2022-04-07,5호선,하남시청,6600,6467,13067
2022-04-07,5호선,하남풍산,4260,4220,8480
2022-04-07,5호선,행당,7945,7064,15009
2022-04-07,5호선,화곡,28037,26129,54166
2022-04-07,6호선,고려대,8610,8446,17056
2022-04-07,6호선,공덕,18100,17482,35582
2022-04-07,6호선,광흥창,8964,8630,17594
2022-04-07,6호선,구산,7748,5723,13471
2022-04-07,6호선,녹사평,4531,4546,9077
2022-04-07,6호선,대흥,8415,8757,17172
2022-04-07,6호선,독바위,2663,2820,5483
2022-04-07,6호선,돌곶이,9273,8521,17794
2022-04-07,6호선,동묘앞,7492,7748,15240
2022-04-07,6호선,디지털미디어시티,13641,14906,28547
2022-04-07,6호선,마포구청,13666,12381,26047
2022-04-07,6호선,망원,13328,14099,27427
2022-04-07,6호선,버티고개,2048,2050,4098
2022-04-07,6호선,보문,7322,6688,14010
2022-04-07,6호선,봉화산,8875,8430,17305
2022-04-07,6호선,불광,4125,4189,8314
2022-04-07,6호선,삼각지,6137,5384,11521
2022-04-07,6호선,상수,8143,9293,17436
2022-04-07,6호선,상월곡,6320,5777,12097
2022-04-07,6호선,새절,13533,12676,26209
2022-04-07,6호선,석계,12344,12801,25145
2022-04-07,6호선,신당,8488,8791,17279
2022-04-07,6호선,안암,14082,13946,28028
2022-04-07,6호선,약수,3538,3534,7072
2022-04-07,6호선,역촌,3606,4301,7907
2022-04-07,6호선,연신내,3,0,3
2022-04-07,6호선,월곡,12184,11902,24086
2022-04-07,6호선,월드컵경기장,4381,4514,8895
2022-04-07,6호선,응암,17583,17445,35028
2022-04-07,6호선,이태원,9157,9580,18737
2022-04-07,6호선,증산,10094,10118,20212
2022-04-07,6호선,창신,3685,3082,6767
2022-04-07,6호선,청구,3643,3904,7547
2022-04-07,6호선,태릉입구,5608,6078,11686
2022-04-07,6호선,한강진,6940,8082,15022
2022-04-07,6호선,합정,12402,12335,24737
2022-04-07,6호선,화랑대,12240,9445,21685
2022-04-07,6호선,효창공원앞,7174,6839,14013
2022-04-07,7호선,가산디지털단지,44240,44974,89214
2022-04-07,7호선,강남구청,15700,17708,33408
2022-04-07,7호선,건대입구,12687,13314,26001
2022-04-07,7호선,고속터미널,14467,12371,26838
2022-04-07,7호선,공릉,12730,12487,25217
2022-04-07,7호선,광명사거리,21646,21399,43045
2022-04-07,7호선,군자,14658,11680,26338
2022-04-07,7호선,까치울,1,0,1
2022-04-07,7호선,남구로,15270,16149,31419
2022-04-07,7호선,남성,11051,10080,21131
2022-04-07,7호선,내방,14271,14744,29015
2022-04-07,7호선,노원,18502,19436,37938
2022-04-07,7호선,논현,19459,21372,40831
2022-04-07,7호선,대림,7175,7237,14412
2022-04-07,7호선,도봉산,9614,10930,20544
2022-04-07,7호선,뚝섬유원지,9785,9484,19269
2022-04-07,7호선,마들,12774,12132,24906
2022-04-07,7호선,먹골,9991,9663,19654
2022-04-07,7호선,면목,16128,15650,31778
2022-04-07,7호선,반포,5761,5505,11266
2022-04-07,7호선,보라매,9581,9712,19293
2022-04-07,7호선,부천시청,1,0,1
2022-04-07,7호선,사가정,15964,15819,31783
2022-04-07,7호선,상도,11204,10947,22151
2022-04-07,7호선,상봉,16468,15340,31808
2022-04-07,7호선,수락산,12480,12097,24577
2022-04-07,7호선,숭실대입구,14567,14735,29302
2022-04-07,7호선,신대방삼거리,16495,15693,32188
2022-04-07,7호선,신풍,11525,11081,22606
2022-04-07,7호선,어린이대공원,14969,15454,30423
2022-04-07,7호선,온수,10824,10165,20989
2022-04-07,7호선,용마산,6081,5821,11902
2022-04-07,7호선,이수,15142,14703,29845
2022-04-07,7호선,장승배기,8753,8466,17219
2022-04-07,7호선,장암,2258,854,3112
2022-04-07,7호선,중계,14752,13424,28176
2022-04-07,7호선,중곡,10695,10040,20735
2022-04-07,7호선,중화,10762,10540,21302
2022-04-07,7호선,천왕,11430,10890,22320
2022-04-07,7호선,철산,20509,20919,41428
2022-04-07,7호선,청담,19299,21551,40850
2022-04-07,7호선,태릉입구,8740,8447,17187
2022-04-07,7호선,하계,17904,16899,34803
2022-04-07,7호선,학동,23741,25584,49325
2022-04-07,8호선,가락시장,7634,8594,16228
2022-04-07,8호선,강동구청,10323,10708,21031
2022-04-07,8호선,남위례,4800,5008,9808
2022-04-07,8호선,남한산성입구,15357,14215,29572
2022-04-07,8호선,단대오거리,11254,10543,21797
2022-04-07,8호선,모란,4395,3428,7823
2022-04-07,8호선,몽촌토성,6362,6343,12705
2022-04-07,8호선,문정,21776,22844,44620
2022-04-07,8호선,복정,10101,8453,18554
2022-04-07,8호선,산성,5413,5404,10817
2022-04-07,8호선,석촌,8293,10276,18569
2022-04-07,8호선,송파,8083,7846,15929
2022-04-07,8호선,수진,5335,4917,10252
2022-04-07,8호선,신흥,3977,4346,8323
2022-04-07,8호선,암사,18743,16555,35298
2022-04-07,8호선,잠실,15854,18069,33923
2022-04-07,8호선,장지,17015,16338,33353
2022-04-07,8호선,천호,14161,16157,30318
2022-04-07,9호선,가양,20415,19633,40048
2022-04-07,9호선,개화,2482,1785,4267
2022-04-07,9호선,고속터미널,11635,14271,25906
2022-04-07,9호선,공항시장,3002,3180,6182
2022-04-07,9호선,구반포,1280,1309,2589
2022-04-07,9호선,국회의사당,17221,17646,34867
2022-04-07,9호선,김포공항,6631,10640,17271
2022-04-07,9호선,노들,4495,3721,8216
2022-04-07,9호선,노량진,26205,25299,51504
2022-04-07,9호선,당산,18273,17886,36159
2022-04-07,9호선,동작,2584,2286,4870
2022-04-07,9호선,등촌,11110,10493,21603
2022-04-07,9호선,마곡나루,12088,11846,23934
2022-04-07,9호선,사평,3459,3341,6800
2022-04-07,9호선,샛강,6011,6286,12297
2022-04-07,9호선,선유도,8712,8257,16969
2022-04-07,9호선,신논현,29759,29673,59432
2022-04-07,9호선,신목동,4248,3687,7935
2022-04-07,9호선,신반포,3352,3262,6614
2022-04-07,9호선,신방화,6766,6510,13276
2022-04-07,9호선,양천향교,9885,10108,19993
2022-04-07,9호선,여의도,27705,27445,55150
2022-04-07,9호선,염창,17236,16408,33644
2022-04-07,9호선,증미,7321,7026,14347
2022-04-07,9호선,흑석,9155,9214,18369
2022-04-07,9호선2~3단계,둔촌오륜,1209,1113,2322
2022-04-07,9호선2~3단계,봉은사,16129,16448,32577
2022-04-07,9호선2~3단계,삼성중앙,6530,6982,13512
2022-04-07,9호선2~3단계,삼전,6672,6395,13067
2022-04-07,9호선2~3단계,석촌,9101,8261,17362
2022-04-07,9호선2~3단계,석촌고분,5965,5895,11860
2022-04-07,9호선2~3단계,선정릉,9457,10481,19938
2022-04-07,9호선2~3단계,송파나루,5333,5654,10987
2022-04-07,9호선2~3단계,언주,10081,10385,20466
2022-04-07,9호선2~3단계,올림픽공원,5981,5824,11805
2022-04-07,9호선2~3단계,종합운동장,3986,4127,8113
2022-04-07,9호선2~3단계,중앙보훈병원,10620,9349,19969
2022-04-07,9호선2~3단계,한성백제,2577,2225,4802
2022-04-07,경강선,경기광주,7597,7185,14782
2022-04-07,경강선,곤지암,2188,2202,4390
2022-04-07,경강선,부발,2063,1959,4022
2022-04-07,경강선,삼동,2361,2170,4531
2022-04-07,경강선,세종대왕릉,308,295,603
2022-04-07,경강선,신둔도예촌,1658,1493,3151
2022-04-07,경강선,여주,2563,2402,4965
2022-04-07,경강선,이매,1095,972,2067
2022-04-07,경강선,이천,2477,2544,5021
2022-04-07,경강선,초월,3108,2976,6084
2022-04-07,경강선,판교,4547,4521,9068
2022-04-07,경부선,가산디지털단지,18374,21295,39669
2022-04-07,경부선,관악,7210,6731,13941
2022-04-07,경부선,광명,3145,2780,5925
2022-04-07,경부선,구로,17783,18536,36319
2022-04-07,경부선,군포,7756,7644,15400
2022-04-07,경부선,금정,26724,27370,54094
2022-04-07,경부선,금천구청,11749,11819,23568
2022-04-07,경부선,남영,9494,9971,19465
2022-04-07,경부선,노량진,8229,8470,16699
2022-04-07,경부선,당정,6582,6232,12814
2022-04-07,경부선,대방,13059,13255,26314
2022-04-07,경부선,독산,18577,19166,37743
2022-04-07,경부선,두정,7620,7814,15434
2022-04-07,경부선,명학,10615,10392,21007
2022-04-07,경부선,병점,15273,15306,30579
2022-04-07,경부선,서동탄,1374,1266,2640
2022-04-07,경부선,서울역,5566,1815,7381
2022-04-07,경부선,서정리,7537,6941,14478
2022-04-07,경부선,석수,9775,8797,18572
2022-04-07,경부선,성균관대,14811,14620,29431
2022-04-07,경부선,성환,5305,5044,10349
2022-04-07,경부선,세류,2960,2628,5588
2022-04-07,경부선,세마,2798,2612,5410
2022-04-07,경부선,송탄,4274,4091,8365
2022-04-07,경부선,수원,34217,36359,70576
2022-04-07,경부선,신길,9116,7864,16980
2022-04-07,경부선,신도림,4167,4150,8317
2022-04-07,경부선,안양,25589,25073,50662
2022-04-07,경부선,영등포,35201,35590,70791
2022-04-07,경부선,오산,9736,9755,19491
2022-04-07,경부선,오산대,3946,3647,7593
2022-04-07,경부선,용산,29597,29825,59422
2022-04-07,경부선,의왕,9245,9231,18476
2022-04-07,경부선,직산,794,826,1620
2022-04-07,경부선,진위,1762,1547,3309
2022-04-07,경부선,천안,6836,6110,12946
2022-04-07,경부선,평택,12112,12158,24270
2022-04-07,경부선,평택지제,3402,3351,6753
2022-04-07,경부선,화서,8112,7823,15935
2022-04-07,경원선,가능,6991,6712,13703
2022-04-07,경원선,광운대,8917,8853,17770
2022-04-07,경원선,녹양,4959,4726,9685
2022-04-07,경원선,녹천,4786,4038,8824
2022-04-07,경원선,덕계,3418,3039,6457
2022-04-07,경원선,덕정,6462,6252,12714
2022-04-07,경원선,도봉,5926,5713,11639
2022-04-07,경원선,도봉산,7908,5359,13267
2022-04-07,경원선,동두천,2679,2935,5614
2022-04-07,경원선,동두천중앙,3247,3085,6332
2022-04-07,경원선,망월사,9392,9522,18914
2022-04-07,경원선,방학,9699,9551,19250
2022-04-07,경원선,보산,1612,1496,3108
2022-04-07,경원선,서빙고,2051,1827,3878
2022-04-07,경원선,석계,8348,9127,17475
2022-04-07,경원선,소요산,2666,2364,5030
2022-04-07,경원선,신이문,8297,7734,16031
2022-04-07,경원선,양주,8039,7395,15434
2022-04-07,경원선,옥수,52,29,81
2022-04-07,경원선,왕십리,14218,15203,29421
2022-04-07,경원선,외대앞,8393,8504,16897
2022-04-07,경원선,월계,8326,7650,15976
2022-04-07,경원선,응봉,2142,2043,4185
2022-04-07,경원선,의정부,17852,18604,36456
2022-04-07,경원선,이촌,3453,2732,6185
2022-04-07,경원선,지행,6837,6756,13593
2022-04-07,경원선,창동,2,0,2
2022-04-07,경원선,청량리,14517,14638,29155
2022-04-07,경원선,한남,3969,3827,7796
2022-04-07,경원선,회룡,12427,12375,24802
2022-04-07,경의선,가좌,5446,5278,10724
2022-04-07,경의선,강매,3350,2912,6262
2022-04-07,경의선,곡산,660,683,1343
2022-04-07,경의선,공덕,3399,3049,6448
2022-04-07,경의선,금릉,4739,4684,9423
2022-04-07,경의선,금촌,6451,6265,12716
2022-04-07,경의선,능곡,3852,3593,7445
2022-04-07,경의선,디지털미디어시티,2563,2352,4915
2022-04-07,경의선,문산,5005,4962,9967
2022-04-07,경의선,백마,7141,6945,14086
2022-04-07,경의선,서강대,2195,2104,4299
2022-04-07,경의선,서울역,4396,5660,10056
2022-04-07,경의선,수색,2779,2930,5709
2022-04-07,경의선,신촌,882,1162,2044
2022-04-07,경의선,야당,7371,7410,14781
2022-04-07,경의선,운정,6990,6643,13633
2022-04-07,경의선,월롱,3131,2577,5708
2022-04-07,경의선,일산,9667,9666,19333
2022-04-07,경의선,임진강,12,6,18
2022-04-07,경의선,탄현,7681,7460,15141
2022-04-07,경의선,파주,1592,1171,2763
2022-04-07,경의선,풍산,5705,5241,10946
2022-04-07,경의선,행신,7866,8178,16044
2022-04-07,경의선,홍대입구,1616,1767,3383
2022-04-07,경의선,화전,3765,3517,7282
2022-04-07,경의선,효창공원앞,3199,3463,6662
2022-04-07,경인선,간석,5914,5571,11485
2022-04-07,경인선,개봉,21310,20786,42096
2022-04-07,경인선,구일,7959,7929,15888
2022-04-07,경인선,도원,3309,3332,6641
2022-04-07,경인선,도화,4231,3848,8079
2022-04-07,경인선,동암,14231,14307,28538
2022-04-07,경인선,동인천,13926,13448,27374
2022-04-07,경인선,백운,7004,6890,13894
2022-04-07,경인선,부개,8611,8067,16678
2022-04-07,경인선,부천,31630,31679,63309
2022-04-07,경인선,부평,27602,30130,57732
2022-04-07,경인선,소사,8915,8744,17659
2022-04-07,경인선,송내,27083,26921,54004
2022-04-07,경인선,역곡,28578,28027,56605
2022-04-07,경인선,오류동,12039,11034,23073
2022-04-07,경인선,온수,7020,6608,13628
2022-04-07,경인선,인천,3487,2735,6222
2022-04-07,경인선,제물포,10998,10435,21433
2022-04-07,경인선,주안,19093,17601,36694
2022-04-07,경인선,중동,9498,8900,18398
2022-04-07,경춘선,가평,1469,1527,2996
2022-04-07,경춘선,갈매,3010,2668,5678
2022-04-07,경춘선,강촌,407,415,822
2022-04-07,경춘선,굴봉산,118,133,251
2022-04-07,경춘선,금곡,1614,1569,3183
2022-04-07,경춘선,김유정,273,341,614
2022-04-07,경춘선,남춘천,3214,2954,6168
2022-04-07,경춘선,대성리,532,460,992
2022-04-07,경춘선,마석,3972,3945,7917
2022-04-07,경춘선,백양리,73,62,135
2022-04-07,경춘선,별내,3226,3053,6279
2022-04-07,경춘선,사릉,2553,2541,5094
2022-04-07,경춘선,상천,301,289,590
2022-04-07,경춘선,신내,2290,2231,4521
2022-04-07,경춘선,천마산,1759,1622,3381
2022-04-07,경춘선,청평,1476,1480,2956
2022-04-07,경춘선,춘천,1622,1280,2902
2022-04-07,경춘선,퇴계원,3471,3196,6667
2022-04-07,경춘선,평내호평,6454,6368,12822
2022-04-07,공항철도,검암,6538,6605,13143
2022-04-07,공항철도,계양,10525,9967,20492
2022-04-07,공항철도,공덕,2207,2960,5167
2022-04-07,공항철도,공항화물청사,2377,2551,4928
2022-04-07,공항철도,김포공항,11088,6533,17621
2022-04-07,공항철도,디지털미디어시티,13686,12593,26279
2022-04-07,공항철도,마곡나루,8787,8561,17348
2022-04-07,공항철도,서울역,7411,6949,14360
2022-04-07,공항철도,영종,3007,3048,6055
2022-04-07,공항철도,운서,6744,6760,13504
2022-04-07,공항철도,인천공항1터미널,4276,4077,8353
2022-04-07,공항철도,인천공항2터미널,2674,2293,4967
2022-04-07,공항철도,청라국제도시,6774,6519,13293
2022-04-07,공항철도,홍대입구,8899,8937,17836
2022-04-07,과천선,경마공원,1390,1363,2753
2022-04-07,과천선,과천,6273,5752,12025
2022-04-07,과천선,대공원,3684,3901,7585
2022-04-07,과천선,범계,25552,25306,50858
2022-04-07,과천선,선바위,8234,7256,15490
2022-04-07,과천선,인덕원,23725,24517,48242
2022-04-07,과천선,정부과천청사,10490,10415,20905
2022-04-07,과천선,평촌,17755,17419,35174
2022-04-07,분당선,가천대,10013,10833,20846
2022-04-07,분당선,강남구청,9738,11273,21011
2022-04-07,분당선,개포동,4077,4114,8191
2022-04-07,분당선,구룡,2369,2293,4662
2022-04-07,분당선,구성,5002,5249,10251
2022-04-07,분당선,기흥,9989,9333,19322
2022-04-07,분당선,대모산입구,4390,4142,8532
2022-04-07,분당선,도곡,7160,7025,14185
2022-04-07,분당선,망포,14123,13474,27597
2022-04-07,분당선,매교,3183,3256,6439
2022-04-07,분당선,매탄권선,4988,4939,9927
2022-04-07,분당선,모란,19759,19811,39570
2022-04-07,분당선,미금,15108,16116,31224
2022-04-07,분당선,보정,2495,2187,4682
2022-04-07,분당선,상갈,5408,5190,10598
2022-04-07,분당선,서울숲,12007,12492,24499
2022-04-07,분당선,서현,22655,22490,45145
2022-04-07,분당선,선릉,12903,19661,32564
2022-04-07,분당선,선정릉,8165,8614,16779
2022-04-07,분당선,수내,12806,12844,25650
2022-04-07,분당선,수서,13145,13437,26582
2022-04-07,분당선,수원,8142,6770,14912
2022-04-07,분당선,수원시청,12122,13098,25220
2022-04-07,분당선,신갈,4329,4432,8761
2022-04-07,분당선,압구정로데오,18327,20225,38552
2022-04-07,분당선,야탑,25292,26485,51777
2022-04-07,분당선,영통,8093,8158,16251
2022-04-07,분당선,오리,11610,9454,21064
2022-04-07,분당선,이매,5700,5253,10953
2022-04-07,분당선,정자,16711,17723,34434
2022-04-07,분당선,죽전,14213,15505,29718
2022-04-07,분당선,청명,4256,4075,8331
2022-04-07,분당선,태평,13158,12730,25888
2022-04-07,분당선,한티,13844,14713,28557
2022-04-07,수인선,고색,5289,5000,10289
2022-04-07,수인선,남동인더스파크,2223,2497,4720
2022-04-07,수인선,달월,110,67,177
2022-04-07,수인선,사리,4834,4367,9201
2022-04-07,수인선,소래포구,5563,5222,10785
2022-04-07,수인선,송도,2535,2343,4878
2022-04-07,수인선,숭의,4097,3696,7793
2022-04-07,수인선,신포,1903,1904,3807
2022-04-07,수인선,야목,387,288,675
2022-04-07,수인선,어천,723,789,1512
2022-04-07,수인선,연수,4567,4536,9103
2022-04-07,수인선,오목천,3574,3387,6961
2022-04-07,수인선,원인재,4386,4619,9005
2022-04-07,수인선,월곶,2857,2623,5480
2022-04-07,수인선,인천,989,1627,2616
2022-04-07,수인선,인천논현,5568,5986,11554
2022-04-07,수인선,인하대,7128,6836,13964
2022-04-07,수인선,호구포,4081,4192,8273
2022-04-07,안산선,고잔,9115,8683,17798
2022-04-07,안산선,대야미,5053,4594,9647
2022-04-07,안산선,반월,4267,4124,8391
2022-04-07,안산선,산본,15541,16598,32139
2022-04-07,안산선,상록수,16087,16288,32375
2022-04-07,안산선,수리산,4278,3497,7775
2022-04-07,안산선,신길온천,1682,1609,3291
2022-04-07,안산선,안산,11333,10238,21571
2022-04-07,안산선,오이도,8269,8245,16514
2022-04-07,안산선,정왕,10122,10253,20375
2022-04-07,안산선,중앙,17725,18599,36324
2022-04-07,안산선,초지,5137,5480,10617
2022-04-07,안산선,한대앞,10474,10482,20956
2022-04-07,우이신설선,4.19민주묘지,3358,3161,6519
2022-04-07,우이신설선,가오리,4058,4053,8111
2022-04-07,우이신설선,보문,1473,1473,2946
2022-04-07,우이신설선,북한산보국문,6023,5637,11660
2022-04-07,우이신설선,북한산우이,2639,2446,5085
2022-04-07,우이신설선,삼양,1946,2062,4008
2022-04-07,우이신설선,삼양사거리,2337,2381,4718
2022-04-07,우이신설선,성신여대입구,3195,3469,6664
2022-04-07,우이신설선,솔밭공원,2550,2409,4959
2022-04-07,우이신설선,솔샘,5681,5376,11057
2022-04-07,우이신설선,신설동,2184,2129,4313
2022-04-07,우이신설선,정릉,4642,4216,8858
2022-04-07,우이신설선,화계,3308,3108,6416
2022-04-07,일산선,대곡,2251,1753,4004
2022-04-07,일산선,대화,12208,9835,22043
2022-04-07,일산선,마두,7277,7354,14631
2022-04-07,일산선,백석,9596,9544,19140
2022-04-07,일산선,삼송,19459,18865,38324
2022-04-07,일산선,원당,11341,10706,22047
2022-04-07,일산선,원흥,10767,10149,20916
2022-04-07,일산선,정발산,6561,6744,13305
2022-04-07,일산선,주엽,8897,8988,17885
2022-04-07,일산선,지축,1,0,1
2022-04-07,일산선,화정,16650,17051,33701
2022-04-07,장항선,배방,1193,1139,2332
2022-04-07,장항선,봉명,1287,1245,2532
2022-04-07,장항선,신창,3667,2540,6207
2022-04-07,장항선,쌍용,2973,2660,5633
2022-04-07,장항선,아산,3809,3546,7355
2022-04-07,장항선,온양온천,3600,3863,7463
2022-04-07,장항선,탕정,781,675,1456
2022-04-07,중앙선,구리,13017,13369,26386
2022-04-07,중앙선,국수,755,760,1515
2022-04-07,중앙선,덕소,5501,5583,11084
2022-04-07,중앙선,도농,10418,9579,19997
2022-04-07,중앙선,도심,2423,1957,4380
2022-04-07,중앙선,망우,7655,7563,15218
2022-04-07,중앙선,상봉,5670,5732,11402
2022-04-07,중앙선,신원,243,205,448
2022-04-07,중앙선,아신,527,551,1078
2022-04-07,중앙선,양수,1780,1867,3647
2022-04-07,중앙선,양원,3051,2858,5909
2022-04-07,중앙선,양정,727,616,1343
2022-04-07,중앙선,양평,2560,2602,5162
2022-04-07,중앙선,오빈,316,314,630
2022-04-07,중앙선,용문,1594,1596,3190
2022-04-07,중앙선,운길산,902,846,1748
2022-04-07,중앙선,원덕,404,412,816
2022-04-07,중앙선,중랑,5653,5374,11027
2022-04-07,중앙선,지평,59,83,142
2022-04-07,중앙선,팔당,861,918,1779
2022-04-07,중앙선,회기,24894,24036,48930
2022-04-08,1호선,동대문,10828,9819,20647
2022-04-08,1호선,동묘앞,8476,8825,17301
2022-04-08,1호선,서울역,45182,45468,90650
2022-04-08,1호선,시청,21934,22451,44385
2022-04-08,1호선,신설동,14096,13489,27585
2022-04-08,1호선,제기동,17671,17747,35418
2022-04-08,1호선,종각,32486,32460,64946
2022-04-08,1호선,종로3가,25503,23356,48859
2022-04-08,1호선,종로5가,22639,22759,45398
2022-04-08,1호선,청량리,20347,20253,40600
2022-04-08,2호선,강남,84552,86323,170875
2022-04-08,2호선,강변,32715,30750,63465
2022-04-08,2호선,건대입구,38919,42422,81341
2022-04-08,2호선,교대,33848,38073,71921
2022-04-08,2호선,구로디지털단지,58027,57515,115542
2022-04-08,2호선,구의,23972,23176,47148
2022-04-08,2호선,낙성대,28411,25892,54303
2022-04-08,2호선,당산,19689,22184,41873
2022-04-08,2호선,대림,23820,23906,47726
2022-04-08,2호선,도림천,1712,1932,3644
2022-04-08,2호선,동대문역사문화공원,12168,13613,25781
2022-04-08,2호선,뚝섬,24959,26293,51252
2022-04-08,2호선,문래,21803,22667,44470
2022-04-08,2호선,방배,18603,19234,37837
2022-04-08,2호선,봉천,24042,21361,45403
2022-04-08,2호선,사당,37739,42287,80026
2022-04-08,2호선,삼성,49982,50452,100434
2022-04-08,2호선,상왕십리,14728,14099,28827
2022-04-08,2호선,서울대입구,49513,47746,97259
2022-04-08,2호선,서초,21284,19894,41178
2022-04-08,2호선,선릉,54454,48460,102914
2022-04-08,2호선,성수,37698,42217,79915
2022-04-08,2호선,시청,22992,22429,45421
2022-04-08,2호선,신답,1714,1837,3551
2022-04-08,2호선,신당,14238,14622,28860
2022-04-08,2호선,신대방,27290,26398,53688
2022-04-08,2호선,신도림,48139,49512,97651
2022-04-08,2호선,신림,64711,61479,126190
2022-04-08,2호선,신설동,3544,1854,5398
2022-04-08,2호선,신정네거리,10405,10574,20979
2022-04-08,2호선,신촌,34481,35036,69517
2022-04-08,2호선,아현,10831,9997,20828
2022-04-08,2호선,양천구청,6807,6903,13710
2022-04-08,2호선,역삼,48587,54663,103250
2022-04-08,2호선,영등포구청,22210,22966,45176
2022-04-08,2호선,왕십리,17716,14516,32232
2022-04-08,2호선,용답,3299,3254,6553
2022-04-08,2호선,용두,2463,2543,5006
2022-04-08,2호선,을지로3가,21756,22557,44313
2022-04-08,2호선,을지로4가,12919,12933,25852
2022-04-08,2호선,을지로입구,37487,39254,76741
2022-04-08,2호선,이대,14595,14817,29412
2022-04-08,2호선,잠실,95304,95925,191229
2022-04-08,2호선,잠실나루,14625,13945,28570
2022-04-08,2호선,잠실새내,22418,23002,45420
2022-04-08,2호선,종합운동장,11681,13279,24960
2022-04-08,2호선,충정로,9827,10264,20091
2022-04-08,2호선,한양대,13219,14187,27406
2022-04-08,2호선,합정,32228,35411,67639
2022-04-08,2호선,홍대입구,55998,62878,118876
2022-04-08,3호선,가락시장,9209,9120,18329
2022-04-08,3호선,경복궁,22280,22441,44721
2022-04-08,3호선,경찰병원,7165,7180,14345
2022-04-08,3호선,고속터미널,44494,46343,90837
2022-04-08,3호선,교대,14510,9580,24090
2022-04-08,3호선,구파발,20555,19372,39927
2022-04-08,3호선,금호,8162,7459,15621
2022-04-08,3호선,남부터미널,30882,31030,61912
2022-04-08,3호선,녹번,15844,13691,29535
2022-04-08,3호선,대청,10466,9468,19934
2022-04-08,3호선,대치,11114,11227,22341
2022-04-08,3호선,도곡,5636,6112,11748
2022-04-08,3호선,독립문,7128,7335,14463
2022-04-08,3호선,동대입구,8500,9472,17972
2022-04-08,3호선,매봉,12933,12431,25364
2022-04-08,3호선,무악재,3855,3901,7756
2022-04-08,3호선,불광,16013,16920,32933
2022-04-08,3호선,수서,18367,18546,36913
2022-04-08,3호선,신사,31007,33799,64806
2022-04-08,3호선,안국,22472,24039,46511
2022-04-08,3호선,압구정,31285,34213,65498
2022-04-08,3호선,약수,13288,12864,26152
2022-04-08,3호선,양재,39038,41631,80669
2022-04-08,3호선,연신내,37094,34756,71850
2022-04-08,3호선,오금,6403,5736,12139
2022-04-08,3호선,옥수,9189,9314,18503
2022-04-08,3호선,을지로3가,10126,10919,21045
2022-04-08,3호선,일원,10172,9532,19704
2022-04-08,3호선,잠원,5060,4899,9959
2022-04-08,3호선,종로3가,9978,11964,21942
2022-04-08,3호선,지축,5066,4664,9730
2022-04-08,3호선,충무로,2,0,2
2022-04-08,3호선,학여울,3450,3585,7035
2022-04-08,3호선,홍제,17911,16746,34657
2022-04-08,4호선,길음,21236,20329,41565
2022-04-08,4호선,남태령,1330,1009,2339
2022-04-08,4호선,노원,19180,22231,41411
2022-04-08,4호선,당고개,9381,8452,17833
2022-04-08,4호선,동대문,19775,19522,39297
2022-04-08,4호선,동대문역사문화공원,13988,13091,27079
2022-04-08,4호선,동작,2390,2794,5184
2022-04-08,4호선,명동,19419,20801,40220
2022-04-08,4호선,미아,15549,14662,30211
2022-04-08,4호선,미아사거리,27770,26663,54433
2022-04-08,4호선,사당,26582,22104,48686
2022-04-08,4호선,삼각지,4983,5912,10895
2022-04-08,4호선,상계,19497,17767,37264
2022-04-08,4호선,서울역,10413,17572,27985
2022-04-08,4호선,성신여대입구,21440,20453,41893
2022-04-08,4호선,수유,34808,34853,69661
2022-04-08,4호선,숙대입구,13676,13385,27061
2022-04-08,4호선,신용산,15457,16573,32030
2022-04-08,4호선,쌍문,29721,27175,56896
2022-04-08,4호선,이촌,7401,8347,15748
2022-04-08,4호선,창동,25939,26681,52620
2022-04-08,4호선,총신대입구,19495,21126,40621
2022-04-08,4호선,충무로,28312,29398,57710
2022-04-08,4호선,한성대입구,14490,14326,28816
2022-04-08,4호선,혜화,32605,32735,65340
2022-04-08,4호선,회현,24080,25654,49734
2022-04-08,5호선,강동,18720,17552,36272
2022-04-08,5호선,강일,4329,3877,8206
2022-04-08,5호선,개롱,6450,6626,13076
2022-04-08,5호선,개화산,5749,5361,11110
2022-04-08,5호선,거여,10165,9346,19511
2022-04-08,5호선,고덕,9657,9561,19218
2022-04-08,5호선,공덕,14006,15189,29195
2022-04-08,5호선,광나루,13895,12402,26297
2022-04-08,5호선,광화문,28316,29866,58182
2022-04-08,5호선,군자,11541,12728,24269
2022-04-08,5호선,굽은다리,9457,8802,18259
2022-04-08,5호선,길동,8172,8548,16720
2022-04-08,5호선,김포공항,7763,7645,15408
2022-04-08,5호선,까치산,29280,27404,56684
2022-04-08,5호선,답십리,15806,14181,29987
2022-04-08,5호선,동대문역사문화공원,2492,3006,5498
2022-04-08,5호선,둔촌동,8817,8659,17476
2022-04-08,5호선,마곡,10078,10220,20298
2022-04-08,5호선,마장,5812,5409,11221
2022-04-08,5호선,마천,7280,6848,14128
2022-04-08,5호선,마포,14532,14941,29473
2022-04-08,5호선,명일,8905,9039,17944
2022-04-08,5호선,목동,17061,18088,35149
2022-04-08,5호선,미사,16300,16244,32544
2022-04-08,5호선,발산,18730,19995,38725
2022-04-08,5호선,방이,6902,7220,14122
2022-04-08,5호선,방화,6797,6380,13177
2022-04-08,5호선,상일동,14985,13848,28833
2022-04-08,5호선,서대문,18925,18897,37822
2022-04-08,5호선,송정,6640,6060,12700
2022-04-08,5호선,신금호,6672,6775,13447
2022-04-08,5호선,신길,4283,4289,8572
2022-04-08,5호선,신정,14315,11161,25476
2022-04-08,5호선,아차산,16188,15586,31774
2022-04-08,5호선,애오개,6815,6780,13595
2022-04-08,5호선,양평,7577,7377,14954
2022-04-08,5호선,여의나루,27006,30213,57219
2022-04-08,5호선,여의도,29321,33266,62587
2022-04-08,5호선,영등포구청,3995,4017,8012
2022-04-08,5호선,영등포시장,10354,10515,20869
2022-04-08,5호선,오금,3853,3834,7687
2022-04-08,5호선,오목교,22185,24013,46198
2022-04-08,5호선,올림픽공원,4678,4161,8839
2022-04-08,5호선,왕십리,4687,5454,10141
2022-04-08,5호선,우장산,14983,14490,29473
2022-04-08,5호선,을지로4가,6249,6363,12612
2022-04-08,5호선,장한평,18704,18231,36935
2022-04-08,5호선,종로3가,13082,13769,26851
2022-04-08,5호선,천호,18387,18649,37036
2022-04-08,5호선,청구,4015,3549,7564
2022-04-08,5호선,충정로,4689,4670,9359
2022-04-08,5호선,하남검단산,5740,5504,11244
2022-04-08,5호선,하남시청,6816,6589,13405
2022-04-08,5호선,하남풍산,4380,4266,8646
2022-04-08,5호선,행당,8242,7065,15307
2022-04-08,5호선,화곡,29103,26748,55851
2022-04-08,6호선,고려대,8436,8232,16668
2022-04-08,6호선,공덕,18357,17849,36206
2022-04-08,6호선,광흥창,9185,8871,18056
2022-04-08,6호선,구산,7932,5649,13581
2022-04-08,6호선,녹사평,5090,5352,10442
2022-04-08,6호선,대흥,8921,9050,17971
2022-04-08,6호선,독바위,2795,2887,5682
2022-04-08,6호선,돌곶이,9410,8440,17850
2022-04-08,6호선,동묘앞,7774,7795,15569
2022-04-08,6호선,디지털미디어시티,13217,14166,27383
2022-04-08,6호선,마포구청,14127,12478,26605
2022-04-08,6호선,망원,14376,15523,29899
2022-04-08,6호선,버티고개,2130,2062,4192
2022-04-08,6호선,보문,7606,6740,14346
2022-04-08,6호선,봉화산,8852,8307,17159
2022-04-08,6호선,불광,4404,4338,8742
2022-04-08,6호선,삼각지,6569,5675,12244
2022-04-08,6호선,상수,9169,10856,20025
2022-04-08,6호선,상월곡,6264,5597,11861
2022-04-08,6호선,새절,13738,12859,26597
2022-04-08,6호선,석계,12539,12789,25328
2022-04-08,6호선,신당,8742,8510,17252
2022-04-08,6호선,안암,13092,12342,25434
2022-04-08,6호선,약수,3677,3810,7487
2022-04-08,6호선,역촌,3656,4270,7926
2022-04-08,6호선,연신내,1,0,1
2022-04-08,6호선,월곡,12298,11766,24064
2022-04-08,6호선,월드컵경기장,4923,5018,9941
2022-04-08,6호선,응암,18402,18205,36607
2022-04-08,6호선,이태원,11240,13671,24911
2022-04-08,6호선,증산,10571,10597,21168
2022-04-08,6호선,창신,3587,2996,6583
2022-04-08,6호선,청구,3706,3895,7601
2022-04-08,6호선,태릉입구,5724,6290,12014
2022-04-08,6호선,한강진,8164,9882,18046
2022-04-08,6호선,합정,13772,13675,27447
2022-04-08,6호선,화랑대,12177,9337,21514
2022-04-08,6호선,효창공원앞,7309,6658,13967
2022-04-08,7호선,가산디지털단지,43670,44136,87806
2022-04-08,7호선,강남구청,15616,18026,33642
2022-04-08,7호선,건대입구,13173,14073,27246
2022-04-08,7호선,고속터미널,17327,14065,31392
2022-04-08,7호선,공릉,13112,12606,25718
2022-04-08,7호선,광명사거리,22477,22118,44595
2022-04-08,7호선,군자,15157,11705,26862
2022-04-08,7호선,까치울,1,0,1
2022-04-08,7호선,남구로,15067,15957,31024
2022-04-08,7호선,남성,11126,9913,21039
2022-04-08,7호선,내방,14418,14845,29263
2022-04-08,7호선,노원,19684,21318,41002
2022-04-08,7호선,논현,19967,22212,42179
2022-04-08,7호선,대림,7572,7724,15296
2022-04-08,7호선,도봉산,9480,10859,20339
2022-04-08,7호선,뚝섬유원지,13565,13354,26919
2022-04-08,7호선,마들,13251,12172,25423
2022-04-08,7호선,먹골,10290,9680,19970
2022-04-08,7호선,면목,16676,15765,32441
2022-04-08,7호선,반포,6091,5762,11853
2022-04-08,7호선,보라매,10204,9932,20136
2022-04-08,7호선,사가정,16283,16321,32604
2022-04-08,7호선,상도,11374,10729,22103
2022-04-08,7호선,상동,1,0,1
2022-04-08,7호선,상봉,16958,16069,33027
2022-04-08,7호선,수락산,12655,12250,24905
2022-04-08,7호선,숭실대입구,14186,13993,28179
2022-04-08,7호선,신대방삼거리,16820,15544,32364
2022-04-08,7호선,신풍,11760,11166,22926
2022-04-08,7호선,어린이대공원,16052,16453,32505
2022-04-08,7호선,온수,10927,10167,21094
2022-04-08,7호선,용마산,6121,5726,11847
2022-04-08,7호선,이수,15934,15614,31548
2022-04-08,7호선,장승배기,8978,8602,17580
2022-04-08,7호선,장암,2171,956,3127
2022-04-08,7호선,중계,14904,13274,28178
2022-04-08,7호선,중곡,11135,10105,21240
2022-04-08,7호선,중화,11038,10662,21700
2022-04-08,7호선,천왕,11634,10772,22406
2022-04-08,7호선,철산,21500,21973,43473
2022-04-08,7호선,청담,19226,21941,41167
2022-04-08,7호선,태릉입구,9128,8731,17859
2022-04-08,7호선,하계,18424,16963,35387
2022-04-08,7호선,학동,23372,25091,48463
2022-04-08,8호선,가락시장,8079,9134,17213
2022-04-08,8호선,강동구청,10566,10590,21156
2022-04-08,8호선,남위례,4942,5132,10074
2022-04-08,8호선,남한산성입구,15533,13783,29316
2022-04-08,8호선,단대오거리,11498,10561,22059
2022-04-08,8호선,모란,4628,3790,8418
2022-04-08,8호선,몽촌토성,6638,6594,13232
2022-04-08,8호선,문정,21876,22855,44731
2022-04-08,8호선,복정,10133,8351,18484
2022-04-08,8호선,산성,5536,5348,10884
2022-04-08,8호선,석촌,9300,12074,21374
2022-04-08,8호선,송파,8181,8005,16186
2022-04-08,8호선,수진,5476,5090,10566
2022-04-08,8호선,신흥,4290,4548,8838
2022-04-08,8호선,암사,19168,16603,35771
2022-04-08,8호선,잠실,18383,21756,40139
2022-04-08,8호선,장지,17834,16928,34762
2022-04-08,8호선,천호,15039,17676,32715
2022-04-08,9호선,가양,21285,19889,41174
2022-04-08,9호선,개화,2494,1817,4311
2022-04-08,9호선,고속터미널,13996,18186,32182
2022-04-08,9호선,공항시장,3017,3271,6288
2022-04-08,9호선,구반포,1326,1351,2677
2022-04-08,9호선,국회의사당,21266,21503,42769
2022-04-08,9호선,김포공항,8017,12654,20671
2022-04-08,9호선,노들,4751,3806,8557
2022-04-08,9호선,노량진,28234,26504,54738
2022-04-08,9호선,당산,19330,18706,38036
2022-04-08,9호선,동작,3128,2656,5784
2022-04-08,9호선,등촌,11409,10756,22165
2022-04-08,9호선,마곡나루,12097,12010,24107
2022-04-08,9호선,사평,3538,3412,6950
2022-04-08,9호선,샛강,6335,6737,13072
2022-04-08,9호선,선유도,8951,8432,17383
2022-04-08,9호선,신논현,32835,33573,66408
2022-04-08,9호선,신목동,4356,3822,8178
2022-04-08,9호선,신반포,3748,3606,7354
2022-04-08,9호선,신방화,7076,6676,13752
2022-04-08,9호선,양천향교,10055,9809,19864
2022-04-08,9호선,여의도,29291,29483,58774
2022-04-08,9호선,염창,17950,16685,34635
2022-04-08,9호선,증미,7320,6906,14226
2022-04-08,9호선,흑석,9651,9419,19070
2022-04-08,9호선2~3단계,둔촌오륜,1246,1067,2313
2022-04-08,9호선2~3단계,봉은사,16358,16513,32871
2022-04-08,9호선2~3단계,삼성중앙,6753,6982,13735
2022-04-08,9호선2~3단계,삼전,6910,6562,13472
2022-04-08,9호선2~3단계,석촌,10436,9820,20256
2022-04-08,9호선2~3단계,석촌고분,6517,6256,12773
2022-04-08,9호선2~3단계,선정릉,9685,10481,20166
2022-04-08,9호선2~3단계,송파나루,6220,6506,12726
2022-04-08,9호선2~3단계,언주,10421,10358,20779
2022-04-08,9호선2~3단계,올림픽공원,6871,6774,13645
2022-04-08,9호선2~3단계,종합운동장,4304,4373,8677
2022-04-08,9호선2~3단계,중앙보훈병원,10584,9156,19740
2022-04-08,9호선2~3단계,한성백제,2798,2396,5194
2022-04-08,경강선,경기광주,7973,7397,15370
2022-04-08,경강선,곤지암,2252,2221,4473
2022-04-08,경강선,부발,2703,2180,4883
2022-04-08,경강선,삼동,2411,2127,4538
2022-04-08,경강선,세종대왕릉,360,370,730
2022-04-08,경강선,신둔도예촌,1849,1537,3386
2022-04-08,경강선,여주,2294,2441,4735
2022-04-08,경강선,이매,1133,960,2093
2022-04-08,경강선,이천,2746,2950,5696
2022-04-08,경강선,초월,3371,3076,6447
2022-04-08,경강선,판교,4612,4682,9294
2022-04-08,경부선,가산디지털단지,18846,21362,40208
2022-04-08,경부선,관악,7396,6914,14310
2022-04-08,경부선,광명,3673,3419,7092
2022-04-08,경부선,구로,18189,19185,37374
2022-04-08,경부선,군포,7917,7843,15760
2022-04-08,경부선,금정,27762,28343,56105
2022-04-08,경부선,금천구청,12130,12233,24363
2022-04-08,경부선,남영,9515,9957,19472
2022-04-08,경부선,노량진,8958,8990,17948
2022-04-08,경부선,당정,6628,6207,12835
2022-04-08,경부선,대방,13158,13373,26531
2022-04-08,경부선,독산,18398,18657,37055
2022-04-08,경부선,두정,7581,6710,14291
2022-04-08,경부선,명학,9585,9211,18796
2022-04-08,경부선,병점,15700,15634,31334
2022-04-08,경부선,서동탄,1470,1390,2860
2022-04-08,경부선,서울역,7676,2591,10267
2022-04-08,경부선,서정리,8309,6928,15237
2022-04-08,경부선,석수,9853,8777,18630
2022-04-08,경부선,성균관대,15585,15002,30587
2022-04-08,경부선,성환,4509,3790,8299
2022-04-08,경부선,세류,3090,2839,5929
2022-04-08,경부선,세마,2963,2787,5750
2022-04-08,경부선,송탄,5143,4554,9697
2022-04-08,경부선,수원,37437,40877,78314
2022-04-08,경부선,신길,9707,8087,17794
2022-04-08,경부선,신도림,4276,4336,8612
2022-04-08,경부선,안양,25698,25448,51146
2022-04-08,경부선,영등포,39690,41734,81424
2022-04-08,경부선,오산,10744,10838,21582
2022-04-08,경부선,오산대,4080,3689,7769
2022-04-08,경부선,용산,35336,37116,72452
2022-04-08,경부선,의왕,9600,9306,18906
2022-04-08,경부선,직산,975,901,1876
2022-04-08,경부선,진위,1958,1577,3535
2022-04-08,경부선,천안,6862,6674,13536
2022-04-08,경부선,평택,14127,13590,27717
2022-04-08,경부선,평택지제,3928,3806,7734
2022-04-08,경부선,화서,8262,7930,16192
2022-04-08,경원선,가능,6890,6435,13325
2022-04-08,경원선,광운대,8722,8446,17168
2022-04-08,경원선,녹양,4960,4669,9629
2022-04-08,경원선,녹천,4868,3912,8780
2022-04-08,경원선,덕계,3386,3057,6443
2022-04-08,경원선,덕정,6273,5784,12057
2022-04-08,경원선,도봉,5996,5626,11622
2022-04-08,경원선,도봉산,8174,5398,13572
2022-04-08,경원선,동두천,2499,2738,5237
2022-04-08,경원선,동두천중앙,3241,3154,6395
2022-04-08,경원선,망월사,8731,8695,17426
2022-04-08,경원선,방학,10074,9786,19860
2022-04-08,경원선,보산,1934,1696,3630
2022-04-08,경원선,서빙고,2144,1953,4097
2022-04-08,경원선,석계,8492,9363,17855
2022-04-08,경원선,소요산,2967,2541,5508
2022-04-08,경원선,신이문,8662,7922,16584
2022-04-08,경원선,양주,8207,7595,15802
2022-04-08,경원선,옥수,68,31,99
2022-04-08,경원선,왕십리,14917,16341,31258
2022-04-08,경원선,외대앞,8864,8505,17369
2022-04-08,경원선,월계,8147,7475,15622
2022-04-08,경원선,응봉,2246,2098,4344
2022-04-08,경원선,의정부,19143,20306,39449
2022-04-08,경원선,이촌,3840,2860,6700
2022-04-08,경원선,지행,7242,7147,14389
2022-04-08,경원선,청량리,16779,17293,34072
2022-04-08,경원선,한남,3960,3886,7846
2022-04-08,경원선,회룡,13094,13010,26104
2022-04-08,경의선,가좌,5454,5206,10660
2022-04-08,경의선,강매,3383,2880,6263
2022-04-08,경의선,곡산,618,656,1274
2022-04-08,경의선,공덕,3434,3126,6560
2022-04-08,경의선,금릉,5116,5000,10116
2022-04-08,경의선,금촌,6722,6613,13335
2022-04-08,경의선,능곡,3980,3734,7714
2022-04-08,경의선,디지털미디어시티,2671,2459,5130
2022-04-08,경의선,문산,5420,5216,10636
2022-04-08,경의선,백마,7266,7034,14300
2022-04-08,경의선,서강대,2346,2273,4619
2022-04-08,경의선,서울역,4364,5695,10059
2022-04-08,경의선,수색,2748,2895,5643
2022-04-08,경의선,신촌,884,1138,2022
2022-04-08,경의선,야당,8081,8243,16324
2022-04-08,경의선,운정,7431,6927,14358
2022-04-08,경의선,월롱,2647,2177,4824
2022-04-08,경의선,일산,11077,10940,22017
2022-04-08,경의선,임진강,20,12,32
2022-04-08,경의선,탄현,7985,7561,15546
2022-04-08,경의선,파주,1394,890,2284
2022-04-08,경의선,풍산,5845,5514,11359
2022-04-08,경의선,행신,8328,8565,16893
2022-04-08,경의선,홍대입구,1805,2149,3954
2022-04-08,경의선,화전,3071,2725,5796
2022-04-08,경의선,효창공원앞,3187,3490,6677
2022-04-08,경인선,간석,6204,5679,11883
2022-04-08,경인선,개봉,21709,20779,42488
2022-04-08,경인선,구일,7629,7425,15054
2022-04-08,경인선,도원,3309,3315,6624
2022-04-08,경인선,도화,4357,3941,8298
2022-04-08,경인선,동암,14969,14992,29961
2022-04-08,경인선,동인천,14351,13686,28037
2022-04-08,경인선,백운,7233,6913,14146
2022-04-08,경인선,부개,8759,8090,16849
2022-04-08,경인선,부천,33242,33878,67120
2022-04-08,경인선,부평,29521,33408,62929
2022-04-08,경인선,소사,9207,8647,17854
2022-04-08,경인선,송내,27458,27549,55007
2022-04-08,경인선,역곡,28762,27859,56621
2022-04-08,경인선,오류동,12410,11024,23434
2022-04-08,경인선,온수,7215,6738,13953
2022-04-08,경인선,인천,3965,3074,7039
2022-04-08,경인선,제물포,11541,10641,22182
2022-04-08,경인선,주안,19932,17927,37859
2022-04-08,경인선,중동,9666,8973,18639
2022-04-08,경춘선,가평,1602,1817,3419
2022-04-08,경춘선,갈매,3126,2670,5796
2022-04-08,경춘선,강촌,457,468,925
2022-04-08,경춘선,굴봉산,131,146,277
2022-04-08,경춘선,금곡,1630,1510,3140
2022-04-08,경춘선,김유정,356,396,752
2022-04-08,경춘선,남춘천,3103,2628,5731
2022-04-08,경춘선,대성리,547,530,1077
2022-04-08,경춘선,마석,4483,4475,8958
2022-04-08,경춘선,백양리,82,102,184
2022-04-08,경춘선,별내,3320,3149,6469
2022-04-08,경춘선,사릉,2530,2522,5052
2022-04-08,경춘선,상천,345,304,649
2022-04-08,경춘선,신내,2260,2168,4428
2022-04-08,경춘선,천마산,1773,1700,3473
2022-04-08,경춘선,청평,1716,1789,3505
2022-04-08,경춘선,춘천,1787,1429,3216
2022-04-08,경춘선,퇴계원,3572,3325,6897
2022-04-08,경춘선,평내호평,6466,6473,12939
2022-04-08,공항철도,검암,6753,6764,13517
2022-04-08,공항철도,계양,10559,10033,20592
2022-04-08,공항철도,공덕,2150,3018,5168
2022-04-08,공항철도,공항화물청사,2342,2480,4822
2022-04-08,공항철도,김포공항,14077,7322,21399
2022-04-08,공항철도,디지털미디어시티,12799,11834,24633
2022-04-08,공항철도,마곡나루,6078,6455,12533
2022-04-08,공항철도,서울역,9202,8764,17966
2022-04-08,공항철도,영종,3172,3371,6543
2022-04-08,공항철도,운서,7149,7141,14290
2022-04-08,공항철도,인천공항1터미널,4541,4580,9121
2022-04-08,공항철도,인천공항2터미널,2498,2141,4639
2022-04-08,공항철도,청라국제도시,7047,6800,13847
2022-04-08,공항철도,홍대입구,10478,11081,21559
2022-04-08,과천선,경마공원,6151,6353,12504
2022-04-08,과천선,과천,6583,5842,12425
2022-04-08,과천선,대공원,5438,5569,11007
2022-04-08,과천선,범계,26694,27169,53863
2022-04-08,과천선,선바위,8659,7613,16272
2022-04-08,과천선,인덕원,25314,25797,51111
2022-04-08,과천선,정부과천청사,10768,10491,21259
2022-04-08,과천선,평촌,17530,17257,34787
2022-04-08,분당선,가천대,9953,10123,20076
2022-04-08,분당선,강남구청,10202,11652,21854
2022-04-08,분당선,개포동,4008,4266,8274
2022-04-08,분당선,구룡,2500,2266,4766
2022-04-08,분당선,구성,5198,5291,10489
2022-04-08,분당선,기흥,10155,9550,19705
2022-04-08,분당선,대모산입구,4653,4340,8993
2022-04-08,분당선,도곡,7723,7506,15229
2022-04-08,분당선,망포,15280,14025,29305
2022-04-08,분당선,매교,3348,3337,6685
2022-04-08,분당선,매탄권선,5471,5265,10736
2022-04-08,분당선,모란,20492,21043,41535
2022-04-08,분당선,미금,15812,16553,32365
2022-04-08,분당선,보정,2671,2318,4989
2022-04-08,분당선,상갈,5403,5154,10557
2022-04-08,분당선,서울숲,15647,16459,32106
2022-04-08,분당선,서현,24818,23950,48768
2022-04-08,분당선,선릉,12753,19588,32341
2022-04-08,분당선,선정릉,7988,8516,16504
2022-04-08,분당선,수내,13276,13300,26576
2022-04-08,분당선,수서,14631,15357,29988
2022-04-08,분당선,수원,8829,7602,16431
2022-04-08,분당선,수원시청,13166,14950,28116
2022-04-08,분당선,신갈,4649,4561,9210
2022-04-08,분당선,압구정로데오,20214,23564,43778
2022-04-08,분당선,야탑,26881,27920,54801
2022-04-08,분당선,영통,8842,8999,17841
2022-04-08,분당선,오리,11990,9592,21582
2022-04-08,분당선,이매,5874,5498,11372
2022-04-08,분당선,정자,17378,18730,36108
2022-04-08,분당선,죽전,14503,15557,30060
2022-04-08,분당선,청명,4707,4289,8996
2022-04-08,분당선,태평,13780,13208,26988
2022-04-08,분당선,한티,14542,15478,30020
2022-04-08,수인선,고색,5365,5103,10468
2022-04-08,수인선,남동인더스파크,2271,2533,4804
2022-04-08,수인선,달월,106,72,178
2022-04-08,수인선,사리,5013,4427,9440
2022-04-08,수인선,소래포구,5793,5524,11317
2022-04-08,수인선,송도,2674,2465,5139
2022-04-08,수인선,숭의,4182,3845,8027
2022-04-08,수인선,신포,1996,2020,4016
2022-04-08,수인선,야목,423,309,732
2022-04-08,수인선,어천,855,821,1676
2022-04-08,수인선,연수,4970,4821,9791
2022-04-08,수인선,오목천,3649,3217,6866
2022-04-08,수인선,원인재,4664,5015,9679
2022-04-08,수인선,월곶,2781,2559,5340
2022-04-08,수인선,인천,1087,1827,2914
2022-04-08,수인선,인천논현,5760,6279,12039
2022-04-08,수인선,인하대,7102,6469,13571
2022-04-08,수인선,호구포,4235,4326,8561
2022-04-08,안산선,고잔,9114,8588,17702
2022-04-08,안산선,대야미,5547,4770,10317
2022-04-08,안산선,반월,4621,4356,8977
2022-04-08,안산선,산본,16597,17968,34565
2022-04-08,안산선,상록수,16764,16609,33373
2022-04-08,안산선,수리산,4468,3573,8041
2022-04-08,안산선,신길온천,1808,1673,3481
2022-04-08,안산선,안산,11847,10801,22648
2022-04-08,안산선,오이도,8619,8827,17446
2022-04-08,안산선,정왕,10738,10230,20968
2022-04-08,안산선,중앙,18803,20385,39188
2022-04-08,안산선,초지,4967,5368,10335
2022-04-08,안산선,한대앞,10814,10485,21299
2022-04-08,우이신설선,4.19민주묘지,3709,3412,7121
2022-04-08,우이신설선,가오리,4221,4090,8311
2022-04-08,우이신설선,보문,1541,1489,3030
2022-04-08,우이신설선,북한산보국문,6498,5766,12264
2022-04-08,우이신설선,북한산우이,2835,2569,5404
2022-04-08,우이신설선,삼양,2025,2071,4096
2022-04-08,우이신설선,삼양사거리,2434,2512,4946
2022-04-08,우이신설선,성신여대입구,3461,3746,7207
2022-04-08,우이신설선,솔밭공원,2521,2332,4853
2022-04-08,우이신설선,솔샘,5921,5240,11161
2022-04-08,우이신설선,신설동,2136,2120,4256
2022-04-08,우이신설선,정릉,4875,4347,9222
2022-04-08,우이신설선,화계,3425,3113,6538
2022-04-08,일산선,대곡,2222,1746,3968
2022-04-08,일산선,대화,12483,10002,22485
2022-04-08,일산선,마두,7447,7752,15199
2022-04-08,일산선,백석,9940,9771,19711
2022-04-08,일산선,삼송,20085,18993,39078
2022-04-08,일산선,원당,11566,10701,22267
2022-04-08,일산선,원흥,11088,10294,21382
2022-04-08,일산선,정발산,7441,8013,15454
2022-04-08,일산선,주엽,9009,9220,18229
2022-04-08,일산선,화정,17218,17633,34851
2022-04-08,장항선,배방,1221,1177,2398
2022-04-08,장항선,봉명,1271,1202,2473
2022-04-08,장항선,신창,2157,1445,3602
2022-04-08,장항선,쌍용,2667,2303,4970
2022-04-08,장항선,아산,4288,3955,8243
2022-04-08,장항선,온양온천,3742,4000,7742
2022-04-08,장항선,탕정,863,683,1546
2022-04-08,중앙선,구리,13496,14132,27628
2022-04-08,중앙선,국수,880,899,1779
2022-04-08,중앙선,덕소,5702,5830,11532
2022-04-08,중앙선,도농,10783,10014,20797
2022-04-08,중앙선,도심,2559,2022,4581
2022-04-08,중앙선,망우,8166,7963,16129
2022-04-08,중앙선,상봉,6182,5918,12100
2022-04-08,중앙선,신원,282,226,508
2022-04-08,중앙선,아신,579,617,1196
2022-04-08,중앙선,양수,1939,2006,3945
2022-04-08,중앙선,양원,3187,2940,6127
2022-04-08,중앙선,양정,820,726,1546
2022-04-08,중앙선,양평,4304,4560,8864
2022-04-08,중앙선,오빈,313,335,648
2022-04-08,중앙선,용문,1871,2000,3871
2022-04-08,중앙선,운길산,992,906,1898
2022-04-08,중앙선,원덕,486,478,964
2022-04-08,중앙선,중랑,5977,5498,11475
2022-04-08,중앙선,지평,77,93,170
2022-04-08,중앙선,팔당,1010,1090,2100
2022-04-08,중앙선,회기,27024,25470,52494
2022-04-11,1호선,동대문,10718,10028,20746
2022-04-11,1호선,동묘앞,7508,7802,15310
2022-04-11,1호선,서울역,40811,39414,80225
2022-04-11,1호선,시청,21273,21609,42882
2022-04-11,1호선,신설동,13550,13159,26709
2022-04-11,1호선,제기동,16767,17254,34021
2022-04-11,1호선,종각,31970,31458,63428
2022-04-11,1호선,종로3가,23844,21452,45296
2022-04-11,1호선,종로5가,21860,21947,43807
2022-04-11,1호선,청량리,19353,18786,38139
2022-04-11,2호선,강남,77999,77552,155551
2022-04-11,2호선,강변,29111,28005,57116
2022-04-11,2호선,건대입구,34428,36947,71375
2022-04-11,2호선,교대,32920,37073,69993
2022-04-11,2호선,구로디지털단지,57947,57844,115791
2022-04-11,2호선,구의,23217,23020,46237
2022-04-11,2호선,낙성대,26470,26341,52811
2022-04-11,2호선,당산,19019,21945,40964
2022-04-11,2호선,대림,23927,24304,48231
2022-04-11,2호선,도림천,1604,1705,3309
2022-04-11,2호선,동대문역사문화공원,11126,12470,23596
2022-04-11,2호선,뚝섬,22616,24227,46843
2022-04-11,2호선,문래,21489,21830,43319
2022-04-11,2호선,방배,18818,19476,38294
2022-04-11,2호선,봉천,23472,21711,45183
2022-04-11,2호선,사당,34295,38415,72710
2022-04-11,2호선,삼성,45756,46763,92519
2022-04-11,2호선,상왕십리,13889,13610,27499
2022-04-11,2호선,서울대입구,46668,46275,92943
2022-04-11,2호선,서초,20862,20014,40876
2022-04-11,2호선,선릉,55569,49564,105133
2022-04-11,2호선,성수,35798,39080,74878
2022-04-11,2호선,시청,22330,21835,44165
2022-04-11,2호선,신답,1631,1899,3530
2022-04-11,2호선,신당,13417,13763,27180
2022-04-11,2호선,신대방,26666,26026,52692
2022-04-11,2호선,신도림,45596,45468,91064
2022-04-11,2호선,신림,61145,59054,120199
2022-04-11,2호선,신설동,3222,1734,4956
2022-04-11,2호선,신정네거리,10105,10188,20293
2022-04-11,2호선,신촌,30840,31311,62151
2022-04-11,2호선,아현,10237,9719,19956
2022-04-11,2호선,양천구청,6715,6893,13608
2022-04-11,2호선,역삼,50824,57008,107832
2022-04-11,2호선,영등포구청,21961,22816,44777
2022-04-11,2호선,왕십리,16182,12643,28825
2022-04-11,2호선,용답,3255,3443,6698
2022-04-11,2호선,용두,2340,2400,4740
2022-04-11,2호선,을지로3가,21292,21438,42730
2022-04-11,2호선,을지로4가,12530,12494,25024
2022-04-11,2호선,을지로입구,36441,37946,74387
2022-04-11,2호선,이대,13589,14601,28190
2022-04-11,2호선,잠실,80428,80550,160978
2022-04-11,2호선,잠실나루,14715,14544,29259
2022-04-11,2호선,잠실새내,20866,20385,41251
2022-04-11,2호선,종합운동장,6899,7690,14589
2022-04-11,2호선,충정로,9728,10413,20141
2022-04-11,2호선,한양대,14822,16609,31431
2022-04-11,2호선,합정,28754,30055,58809
2022-04-11,2호선,홍대입구,46880,48722,95602
2022-04-11,3호선,가락시장,8787,8765,17552
2022-04-11,3호선,경복궁,20980,21014,41994
2022-04-11,3호선,경찰병원,7464,7365,14829
2022-04-11,3호선,고속터미널,37321,35812,73133
2022-04-11,3호선,교대,14187,9407,23594
2022-04-11,3호선,구파발,20494,19441,39935
2022-04-11,3호선,금호,7594,7146,14740
2022-04-11,3호선,남부터미널,27208,28306,55514
2022-04-11,3호선,녹번,15643,13992,29635
2022-04-11,3호선,대청,10301,9407,19708
2022-04-11,3호선,대치,10693,10885,21578
2022-04-11,3호선,도곡,5458,5777,11235
2022-04-11,3호선,독립문,6882,7220,14102
2022-04-11,3호선,동대입구,9558,10577,20135
2022-04-11,3호선,매봉,12646,12164,24810
2022-04-11,3호선,무악재,3894,4080,7974
2022-04-11,3호선,불광,15769,16685,32454
2022-04-11,3호선,수서,16443,17011,33454
2022-04-11,3호선,신사,28280,29661,57941
2022-04-11,3호선,안국,19718,20298,40016
2022-04-11,3호선,압구정,29649,31684,61333
2022-04-11,3호선,약수,12570,12360,24930
2022-04-11,3호선,양재,37099,40949,78048
2022-04-11,3호선,연신내,35884,33896,69780
2022-04-11,3호선,오금,6215,5603,11818
2022-04-11,3호선,옥수,8539,8828,17367
2022-04-11,3호선,을지로3가,10130,10346,20476
2022-04-11,3호선,일원,10561,10117,20678
2022-04-11,3호선,잠원,4858,4623,9481
2022-04-11,3호선,종로3가,9591,10951,20542
2022-04-11,3호선,지축,4918,4656,9574
2022-04-11,3호선,충무로,1,0,1
2022-04-11,3호선,학여울,1805,1796,3601
2022-04-11,3호선,홍제,17878,17060,34938
2022-04-11,4호선,길음,20899,20883,41782
2022-04-11,4호선,남태령,1234,1042,2276
2022-04-11,4호선,노원,17973,20164,38137
2022-04-11,4호선,당고개,9109,8047,17156
2022-04-11,4호선,동대문,19524,19983,39507
2022-04-11,4호선,동대문역사문화공원,13613,12639,26252
2022-04-11,4호선,동작,2188,2571,4759
2022-04-11,4호선,명동,19496,19878,39374
2022-04-11,4호선,미아,15414,14932,30346
2022-04-11,4호선,미아사거리,27043,26374,53417
2022-04-11,4호선,사당,24166,20003,44169
2022-04-11,4호선,삼각지,4557,4998,9555
2022-04-11,4호선,상계,19292,17854,37146
2022-04-11,4호선,서울역,10676,15197,25873
2022-04-11,4호선,성신여대입구,20289,19201,39490
2022-04-11,4호선,수유,33592,33688,67280
2022-04-11,4호선,숙대입구,13623,12936,26559
2022-04-11,4호선,신용산,15012,15857,30869
2022-04-11,4호선,쌍문,29158,26838,55996
2022-04-11,4호선,이촌,6799,7727,14526
2022-04-11,4호선,창동,24648,25448,50096
2022-04-11,4호선,총신대입구,18559,19840,38399
2022-04-11,4호선,충무로,28516,29232,57748
2022-04-11,4호선,한성대입구,13868,13725,27593
2022-04-11,4호선,혜화,28812,29235,58047
2022-04-11,4호선,회현,23968,25327,49295
2022-04-11,5호선,강동,18279,17569,35848
2022-04-11,5호선,강일,4137,3921,8058
2022-04-11,5호선,개롱,6430,6693,13123
2022-04-11,5호선,개화산,5569,5296,10865
2022-04-11,5호선,거여,10214,9708,19922
2022-04-11,5호선,고덕,9534,9554,19088
2022-04-11,5호선,공덕,13999,14842,28841
2022-04-11,5호선,광나루,13389,12245,25634
2022-04-11,5호선,광화문,28105,29188,57293
2022-04-11,5호선,군자,10807,11757,22564
2022-04-11,5호선,굽은다리,9373,8767,18140
2022-04-11,5호선,길동,7932,8193,16125
2022-04-11,5호선,김포공항,6714,6572,13286
2022-04-11,5호선,까치산,28722,27135,55857
2022-04-11,5호선,답십리,15649,14292,29941
2022-04-11,5호선,동대문역사문화공원,2779,3184,5963
2022-04-11,5호선,둔촌동,8391,8260,16651
2022-04-11,5호선,마곡,10617,10633,21250
2022-04-11,5호선,마장,5684,5341,11025
2022-04-11,5호선,마천,7194,6877,14071
2022-04-11,5호선,마포,14429,14779,29208
2022-04-11,5호선,명일,8621,8814,17435
2022-04-11,5호선,목동,16614,17863,34477
2022-04-11,5호선,미사,15711,15740,31451
2022-04-11,5호선,발산,19878,20491,40369
2022-04-11,5호선,방이,6721,7038,13759
2022-04-11,5호선,방화,6696,6513,13209
2022-04-11,5호선,상일동,15059,13775,28834
2022-04-11,5호선,서대문,19894,19973,39867
2022-04-11,5호선,송정,6536,6026,12562
2022-04-11,5호선,신금호,6501,6816,13317
2022-04-11,5호선,신길,4274,4486,8760
2022-04-11,5호선,신정,13925,11333,25258
2022-04-11,5호선,아차산,15119,14698,29817
2022-04-11,5호선,애오개,6736,6756,13492
2022-04-11,5호선,양평,7723,7655,15378
2022-04-11,5호선,여의나루,26115,29020,55135
2022-04-11,5호선,여의도,29509,32437,61946
2022-04-11,5호선,영등포구청,4081,4182,8263
2022-04-11,5호선,영등포시장,9934,10032,19966
2022-04-11,5호선,오금,3744,3769,7513
2022-04-11,5호선,오목교,20276,21961,42237
2022-04-11,5호선,올림픽공원,4551,4032,8583
2022-04-11,5호선,왕십리,4467,5171,9638
2022-04-11,5호선,우장산,15021,14516,29537
2022-04-11,5호선,을지로4가,6103,6012,12115
2022-04-11,5호선,장한평,18077,17729,35806
2022-04-11,5호선,종로3가,10921,11203,22124
2022-04-11,5호선,천호,16766,17058,33824
2022-04-11,5호선,청구,4026,3586,7612
2022-04-11,5호선,충정로,4753,4850,9603
2022-04-11,5호선,하남검단산,5709,5512,11221
2022-04-11,5호선,하남시청,6665,6480,13145
2022-04-11,5호선,하남풍산,4264,4215,8479
2022-04-11,5호선,행당,8018,7113,15131
2022-04-11,5호선,화곡,28411,26633,55044
2022-04-11,6호선,고려대,8330,8046,16376
2022-04-11,6호선,공덕,18101,17769,35870
2022-04-11,6호선,광흥창,9033,8715,17748
2022-04-11,6호선,구산,7814,5705,13519
2022-04-11,6호선,녹사평,4375,4152,8527
2022-04-11,6호선,대흥,8322,8750,17072
2022-04-11,6호선,독바위,2730,2901,5631
2022-04-11,6호선,돌곶이,9843,9366,19209
2022-04-11,6호선,동묘앞,7468,7762,15230
2022-04-11,6호선,디지털미디어시티,13777,14947,28724
2022-04-11,6호선,마포구청,13877,12266,26143
2022-04-11,6호선,망원,13114,13729,26843
2022-04-11,6호선,버티고개,2120,2070,4190
2022-04-11,6호선,보문,7115,6570,13685
2022-04-11,6호선,봉화산,8827,8338,17165
2022-04-11,6호선,불광,4124,4163,8287
2022-04-11,6호선,삼각지,5995,5213,11208
2022-04-11,6호선,상수,7432,8450,15882
2022-04-11,6호선,상월곡,6448,5972,12420
2022-04-11,6호선,새절,13624,13015,26639
2022-04-11,6호선,석계,12286,13044,25330
2022-04-11,6호선,신당,7291,7932,15223
2022-04-11,6호선,안암,13592,13997,27589
2022-04-11,6호선,약수,3597,3597,7194
2022-04-11,6호선,역촌,3701,4352,8053
2022-04-11,6호선,연신내,1,0,1
2022-04-11,6호선,월곡,12707,12391,25098
2022-04-11,6호선,월드컵경기장,4402,4569,8971
2022-04-11,6호선,응암,17957,17923,35880
2022-04-11,6호선,이태원,8849,8993,17842
2022-04-11,6호선,증산,10440,10379,20819
2022-04-11,6호선,창신,3679,3101,6780
2022-04-11,6호선,청구,3714,3968,7682
2022-04-11,6호선,태릉입구,5573,6247,11820
2022-04-11,6호선,한강진,6319,7294,13613
2022-04-11,6호선,합정,12192,12038,24230
2022-04-11,6호선,화랑대,12261,9584,21845
2022-04-11,6호선,효창공원앞,7217,6690,13907
2022-04-11,7호선,가산디지털단지,44955,45619,90574
2022-04-11,7호선,강남구청,15100,16630,31730
2022-04-11,7호선,건대입구,12811,13270,26081
2022-04-11,7호선,고속터미널,15428,12774,28202
2022-04-11,7호선,공릉,12602,12346,24948
2022-04-11,7호선,광명사거리,21757,21286,43043
2022-04-11,7호선,군자,14591,11748,26339
2022-04-11,7호선,남구로,15884,16455,32339
2022-04-11,7호선,남성,11054,10413,21467
2022-04-11,7호선,내방,14231,14528,28759
2022-04-11,7호선,노원,18342,19371,37713
2022-04-11,7호선,논현,19972,21466,41438
2022-04-11,7호선,대림,7633,7573,15206
2022-04-11,7호선,도봉산,9584,10712,20296
2022-04-11,7호선,뚝섬유원지,12408,11868,24276
2022-04-11,7호선,마들,12766,12074,24840
2022-04-11,7호선,먹골,9934,9628,19562
2022-04-11,7호선,면목,16400,15903,32303
2022-04-11,7호선,반포,5745,5630,11375
2022-04-11,7호선,보라매,9838,9903,19741
2022-04-11,7호선,사가정,16032,16188,32220
2022-04-11,7호선,상도,11152,11101,22253
2022-04-11,7호선,상봉,16251,15144,31395
2022-04-11,7호선,수락산,12471,11967,24438
2022-04-11,7호선,숭실대입구,14882,15203,30085
2022-04-11,7호선,신대방삼거리,16565,15867,32432
2022-04-11,7호선,신풍,11630,11020,22650
2022-04-11,7호선,어린이대공원,15765,16350,32115
2022-04-11,7호선,온수,11078,10387,21465
2022-04-11,7호선,용마산,6089,5886,11975
2022-04-11,7호선,이수,14798,14485,29283
2022-04-11,7호선,장승배기,9000,8598,17598
2022-04-11,7호선,장암,2303,906,3209
2022-04-11,7호선,중계,14788,13795,28583
2022-04-11,7호선,중곡,10761,9948,20709
2022-04-11,7호선,중화,10937,10603,21540
2022-04-11,7호선,천왕,11543,10888,22431
2022-04-11,7호선,철산,20759,21118,41877
2022-04-11,7호선,청담,18981,21102,40083
2022-04-11,7호선,태릉입구,8698,8469,17167
2022-04-11,7호선,하계,18052,16860,34912
2022-04-11,7호선,학동,23664,25018,48682
2022-04-11,8호선,가락시장,7558,8197,15755
2022-04-11,8호선,강동구청,10321,10605,20926
2022-04-11,8호선,남위례,4659,4949,9608
2022-04-11,8호선,남한산성입구,15512,14529,30041
2022-04-11,8호선,단대오거리,11448,10908,22356
2022-04-11,8호선,모란,4580,3557,8137
2022-04-11,8호선,몽촌토성,6337,6270,12607
2022-04-11,8호선,문정,21692,22938,44630
2022-04-11,8호선,복정,9869,8177,18046
2022-04-11,8호선,산성,5456,5558,11014
2022-04-11,8호선,석촌,8497,10503,19000
2022-04-11,8호선,송파,8033,7863,15896
2022-04-11,8호선,수진,5446,4964,10410
2022-04-11,8호선,신흥,4125,4451,8576
2022-04-11,8호선,암사,18682,16415,35097
2022-04-11,8호선,잠실,15614,18408,34022
2022-04-11,8호선,장지,16660,16133,32793
2022-04-11,8호선,천호,14049,16001,30050
2022-04-11,9호선,가양,20905,20025,40930
2022-04-11,9호선,개화,2602,1864,4466
2022-04-11,9호선,고속터미널,12080,14567,26647
2022-04-11,9호선,공항시장,2973,3211,6184
2022-04-11,9호선,구반포,1260,1352,2612
2022-04-11,9호선,국회의사당,23019,22768,45787
2022-04-11,9호선,김포공항,6950,9692,16642
2022-04-11,9호선,노들,4597,3783,8380
2022-04-11,9호선,노량진,26072,25574,51646
2022-04-11,9호선,당산,18319,17960,36279
2022-04-11,9호선,동작,3180,2600,5780
2022-04-11,9호선,등촌,11464,11001,22465
2022-04-11,9호선,마곡나루,11739,11925,23664
2022-04-11,9호선,사평,3451,3417,6868
2022-04-11,9호선,샛강,6073,6484,12557
2022-04-11,9호선,선유도,9114,8696,17810
2022-04-11,9호선,신논현,29815,29477,59292
2022-04-11,9호선,신목동,4288,3867,8155
2022-04-11,9호선,신반포,3537,3488,7025
2022-04-11,9호선,신방화,6864,6677,13541
2022-04-11,9호선,양천향교,10103,10315,20418
2022-04-11,9호선,여의도,28928,28920,57848
2022-04-11,9호선,염창,17302,16555,33857
2022-04-11,9호선,증미,7477,7291,14768
2022-04-11,9호선,흑석,9483,9512,18995
2022-04-11,9호선2~3단계,둔촌오륜,1190,1101,2291
2022-04-11,9호선2~3단계,봉은사,14584,14755,29339
2022-04-11,9호선2~3단계,삼성중앙,6726,6984,13710
2022-04-11,9호선2~3단계,삼전,6680,6347,13027
2022-04-11,9호선2~3단계,석촌,9227,8690,17917
2022-04-11,9호선2~3단계,석촌고분,6069,5914,11983
2022-04-11,9호선2~3단계,선정릉,9493,10478,19971
2022-04-11,9호선2~3단계,송파나루,5228,5450,10678
2022-04-11,9호선2~3단계,언주,10207,10493,20700
2022-04-11,9호선2~3단계,올림픽공원,6069,6153,12222
2022-04-11,9호선2~3단계,종합운동장,4052,4197,8249
2022-04-11,9호선2~3단계,중앙보훈병원,11118,9853,20971
2022-04-11,9호선2~3단계,한성백제,2604,2304,4908
2022-04-11,경강선,경기광주,7738,7351,15089
2022-04-11,경강선,곤지암,2275,2222,4497
2022-04-11,경강선,부발,1968,2149,4117
2022-04-11,경강선,삼동,2436,2225,4661
2022-04-11,경강선,세종대왕릉,351,356,707
2022-04-11,경강선,신둔도예촌,1607,1525,3132
2022-04-11,경강선,여주,2454,2484,4938
2022-04-11,경강선,이매,1169,1004,2173
2022-04-11,경강선,이천,2560,2661,5221
2022-04-11,경강선,초월,3124,3031,6155
2022-04-11,경강선,판교,4620,4475,9095
2022-04-11,경부선,가산디지털단지,18908,21660,40568
2022-04-11,경부선,관악,7382,6811,14193
2022-04-11,경부선,광명,3386,2802,6188
2022-04-11,경부선,구로,18432,18534,36966
2022-04-11,경부선,군포,7723,7797,15520
2022-04-11,경부선,금정,26979,27424,54403
2022-04-11,경부선,금천구청,12123,12062,24185
2022-04-11,경부선,남영,9211,9965,19176
2022-04-11,경부선,노량진,7901,8166,16067
2022-04-11,경부선,당정,6834,6457,13291
2022-04-11,경부선,대방,13236,13605,26841
2022-04-11,경부선,독산,18860,19423,38283
2022-04-11,경부선,두정,7302,8465,15767
2022-04-11,경부선,명학,10394,10269,20663
2022-04-11,경부선,병점,15876,15643,31519
2022-04-11,경부선,서동탄,1456,1247,2703
2022-04-11,경부선,서울역,6164,1919,8083
2022-04-11,경부선,서정리,7609,7416,15025
2022-04-11,경부선,석수,9874,8932,18806
2022-04-11,경부선,성균관대,14993,14951,29944
2022-04-11,경부선,성환,5332,5547,10879
2022-04-11,경부선,세류,3052,2771,5823
2022-04-11,경부선,세마,2850,2686,5536
2022-04-11,경부선,송탄,4391,4238,8629
2022-04-11,경부선,수원,34499,36780,71279
2022-04-11,경부선,신길,9218,7894,17112
2022-04-11,경부선,신도림,4079,4231,8310
2022-04-11,경부선,안양,26199,25829,52028
2022-04-11,경부선,영등포,34896,35684,70580
2022-04-11,경부선,오산,10192,10349,20541
2022-04-11,경부선,오산대,4007,3747,7754
2022-04-11,경부선,용산,30135,30640,60775
2022-04-11,경부선,의왕,9350,9371,18721
2022-04-11,경부선,직산,825,827,1652
2022-04-11,경부선,진위,1787,1588,3375
2022-04-11,경부선,천안,6718,6474,13192
2022-04-11,경부선,평택,13072,13246,26318
2022-04-11,경부선,평택지제,3664,3450,7114
2022-04-11,경부선,화서,8454,8129,16583
2022-04-11,경원선,가능,7020,6714,13734
2022-04-11,경원선,광운대,9164,9159,18323
2022-04-11,경원선,녹양,4815,4439,9254
2022-04-11,경원선,녹천,4876,4022,8898
2022-04-11,경원선,덕계,3477,3147,6624
2022-04-11,경원선,덕정,6579,6365,12944
2022-04-11,경원선,도봉,5975,5700,11675
2022-04-11,경원선,도봉산,7767,5087,12854
2022-04-11,경원선,동두천,2747,3059,5806
2022-04-11,경원선,동두천중앙,3350,3183,6533
2022-04-11,경원선,망월사,9701,9915,19616
2022-04-11,경원선,방학,9809,9663,19472
2022-04-11,경원선,보산,1572,1374,2946
2022-04-11,경원선,서빙고,1955,1716,3671
2022-04-11,경원선,석계,8334,9136,17470
2022-04-11,경원선,소요산,3004,2572,5576
2022-04-11,경원선,신이문,8440,7801,16241
2022-04-11,경원선,양주,8262,7772,16034
2022-04-11,경원선,옥수,61,48,109
2022-04-11,경원선,왕십리,13933,15334,29267
2022-04-11,경원선,외대앞,8384,8576,16960
2022-04-11,경원선,월계,8461,7944,16405
2022-04-11,경원선,응봉,2058,1909,3967
2022-04-11,경원선,의정부,17711,18171,35882
2022-04-11,경원선,이촌,3679,2815,6494
2022-04-11,경원선,지행,6896,6806,13702
2022-04-11,경원선,청량리,14234,15287,29521
2022-04-11,경원선,한남,4040,3848,7888
2022-04-11,경원선,회룡,12997,13036,26033
2022-04-11,경의선,가좌,5589,5383,10972
2022-04-11,경의선,강매,3412,2992,6404
2022-04-11,경의선,곡산,685,710,1395
2022-04-11,경의선,공덕,3344,3073,6417
2022-04-11,경의선,금릉,4965,4794,9759
2022-04-11,경의선,금촌,6841,6712,13553
2022-04-11,경의선,능곡,3887,3605,7492
2022-04-11,경의선,디지털미디어시티,2569,2410,4979
2022-04-11,경의선,문산,5150,5206,10356
2022-04-11,경의선,백마,7266,6968,14234
2022-04-11,경의선,서강대,2188,2156,4344
2022-04-11,경의선,서울역,4410,5624,10034
2022-04-11,경의선,수색,2883,3043,5926
2022-04-11,경의선,신촌,885,1149,2034
2022-04-11,경의선,야당,7624,7316,14940
2022-04-11,경의선,운정,7248,6712,13960
2022-04-11,경의선,월롱,2947,2958,5905
2022-04-11,경의선,일산,9871,9679,19550
2022-04-11,경의선,임진강,11,10,21
2022-04-11,경의선,탄현,8016,7573,15589
2022-04-11,경의선,파주,1778,1360,3138
2022-04-11,경의선,풍산,5681,5296,10977
2022-04-11,경의선,행신,8029,8051,16080
2022-04-11,경의선,홍대입구,1579,1750,3329
2022-04-11,경의선,화전,3634,3428,7062
2022-04-11,경의선,효창공원앞,3007,3305,6312
2022-04-11,경인선,간석,5999,5721,11720
2022-04-11,경인선,개봉,21398,21016,42414
2022-04-11,경인선,구일,7624,7653,15277
2022-04-11,경인선,도원,3302,3215,6517
2022-04-11,경인선,도화,4293,3851,8144
2022-04-11,경인선,동암,14671,14405,29076
2022-04-11,경인선,동인천,13764,12983,26747
2022-04-11,경인선,백운,7134,7058,14192
2022-04-11,경인선,부개,8811,8106,16917
2022-04-11,경인선,부천,32004,32116,64120
2022-04-11,경인선,부평,27971,30038,58009
2022-04-11,경인선,소사,9430,8939,18369
2022-04-11,경인선,송내,27636,27561,55197
2022-04-11,경인선,역곡,28683,28071,56754
2022-04-11,경인선,오류동,12287,11345,23632
2022-04-11,경인선,온수,7196,6925,14121
2022-04-11,경인선,인천,3702,2920,6622
2022-04-11,경인선,제물포,11260,10752,22012
2022-04-11,경인선,주안,19602,17983,37585
2022-04-11,경인선,중동,9727,8966,18693
2022-04-11,경춘선,가평,1616,1529,3145
2022-04-11,경춘선,갈매,3136,2723,5859
2022-04-11,경춘선,강촌,424,410,834
2022-04-11,경춘선,굴봉산,155,154,309
2022-04-11,경춘선,금곡,1570,1521,3091
2022-04-11,경춘선,김유정,304,302,606
2022-04-11,경춘선,남춘천,2501,2771,5272
2022-04-11,경춘선,대성리,875,826,1701
2022-04-11,경춘선,마석,4279,4195,8474
2022-04-11,경춘선,백양리,91,77,168
2022-04-11,경춘선,별내,3343,3032,6375
2022-04-11,경춘선,사릉,2658,2502,5160
2022-04-11,경춘선,상천,344,299,643
2022-04-11,경춘선,신내,2309,2140,4449
2022-04-11,경춘선,천마산,1738,1609,3347
2022-04-11,경춘선,청평,1786,1651,3437
2022-04-11,경춘선,춘천,1520,1551,3071
2022-04-11,경춘선,퇴계원,3631,3313,6944
2022-04-11,경춘선,평내호평,6663,6453,13116
2022-04-11,공항철도,검암,6581,6550,13131
2022-04-11,공항철도,계양,10763,10098,20861
2022-04-11,공항철도,공덕,2155,2712,4867
2022-04-11,공항철도,공항화물청사,2208,2413,4621
2022-04-11,공항철도,김포공항,11758,6722,18480
2022-04-11,공항철도,디지털미디어시티,13683,12759,26442
2022-04-11,공항철도,마곡나루,8853,8500,17353
2022-04-11,공항철도,서울역,7338,7050,14388
2022-04-11,공항철도,영종,3121,3045,6166
2022-04-11,공항철도,운서,6830,6841,13671
2022-04-11,공항철도,인천공항1터미널,4192,4002,8194
2022-04-11,공항철도,인천공항2터미널,2606,2156,4762
2022-04-11,공항철도,청라국제도시,7043,6665,13708
2022-04-11,공항철도,홍대입구,8546,8763,17309
2022-04-11,과천선,경마공원,1363,1361,2724
2022-04-11,과천선,과천,6423,5855,12278
2022-04-11,과천선,대공원,6682,6901,13583
2022-04-11,과천선,범계,25625,25580,51205
2022-04-11,과천선,선바위,8441,7552,15993
2022-04-11,과천선,인덕원,24377,25069,49446
2022-04-11,과천선,정부과천청사,10752,10565,21317
2022-04-11,과천선,평촌,18058,17595,35653
2022-04-11,분당선,가천대,10023,11217,21240
2022-04-11,분당선,강남구청,9650,11137,20787
2022-04-11,분당선,개포동,3864,3909,7773
2022-04-11,분당선,구룡,2359,2295,4654
2022-04-11,분당선,구성,5105,5326,10431
2022-04-11,분당선,기흥,10056,9288,19344
2022-04-11,분당선,대모산입구,4580,4277,8857
2022-04-11,분당선,도곡,7227,7223,14450
2022-04-11,분당선,망포,14180,13473,27653
2022-04-11,분당선,매교,3237,3243,6480
2022-04-11,분당선,매탄권선,5120,4934,10054
2022-04-11,분당선,모란,19541,19810,39351
2022-04-11,분당선,미금,15135,15993,31128
2022-04-11,분당선,보정,2625,2259,4884
2022-04-11,분당선,상갈,5277,5093,10370
2022-04-11,분당선,서울숲,14014,14911,28925
2022-04-11,분당선,서현,22814,23128,45942
2022-04-11,분당선,선릉,13083,19891,32974
2022-04-11,분당선,선정릉,7852,8553,16405
2022-04-11,분당선,수내,12923,12849,25772
2022-04-11,분당선,수서,13477,13344,26821
2022-04-11,분당선,수원,8101,6646,14747
2022-04-11,분당선,수원시청,12161,12692,24853
2022-04-11,분당선,신갈,4445,4512,8957
2022-04-11,분당선,압구정로데오,15968,17609,33577
2022-04-11,분당선,야탑,25072,26297,51369
2022-04-11,분당선,영통,7915,8202,16117
2022-04-11,분당선,오리,11535,9312,20847
2022-04-11,분당선,이매,5715,5351,11066
2022-04-11,분당선,정자,16623,17539,34162
2022-04-11,분당선,죽전,12985,14401,27386
2022-04-11,분당선,청명,4298,4169,8467
2022-04-11,분당선,태평,13204,12697,25901
2022-04-11,분당선,한티,13647,14833,28480
2022-04-11,수인선,고색,5095,5023,10118
2022-04-11,수인선,남동인더스파크,2209,2585,4794
2022-04-11,수인선,달월,111,66,177
2022-04-11,수인선,사리,4982,4335,9317
2022-04-11,수인선,소래포구,5383,4986,10369
2022-04-11,수인선,송도,2620,2349,4969
2022-04-11,수인선,숭의,4128,3768,7896
2022-04-11,수인선,신포,1831,1815,3646
2022-04-11,수인선,야목,408,296,704
2022-04-11,수인선,어천,701,753,1454
2022-04-11,수인선,연수,4617,4431,9048
2022-04-11,수인선,오목천,3508,3283,6791
2022-04-11,수인선,원인재,4704,4989,9693
2022-04-11,수인선,월곶,2721,2562,5283
2022-04-11,수인선,인천,1067,1778,2845
2022-04-11,수인선,인천논현,5749,6120,11869
2022-04-11,수인선,인하대,7224,6988,14212
2022-04-11,수인선,호구포,4109,4360,8469
2022-04-11,안산선,고잔,9122,8661,17783
2022-04-11,안산선,대야미,5231,4791,10022
2022-04-11,안산선,반월,4466,4291,8757
2022-04-11,안산선,산본,15911,16964,32875
2022-04-11,안산선,상록수,16691,16948,33639
2022-04-11,안산선,수리산,4471,3616,8087
2022-04-11,안산선,신길온천,1885,1674,3559
2022-04-11,안산선,안산,11964,10651,22615
2022-04-11,안산선,오이도,8725,8364,17089
2022-04-11,안산선,정왕,10286,10943,21229
2022-04-11,안산선,중앙,17953,18574,36527
2022-04-11,안산선,초지,5377,5790,11167
2022-04-11,안산선,한대앞,10558,10725,21283
2022-04-11,우이신설선,4.19민주묘지,3858,3696,7554
2022-04-11,우이신설선,가오리,4280,4140,8420
2022-04-11,우이신설선,보문,1463,1492,2955
2022-04-11,우이신설선,북한산보국문,6133,5764,11897
2022-04-11,우이신설선,북한산우이,2722,2478,5200
2022-04-11,우이신설선,삼양,2006,2087,4093
2022-04-11,우이신설선,삼양사거리,2437,2491,4928
2022-04-11,우이신설선,성신여대입구,3252,3489,6741
2022-04-11,우이신설선,솔밭공원,2511,2448,4959
2022-04-11,우이신설선,솔샘,5865,5483,11348
2022-04-11,우이신설선,신설동,2146,2075,4221
2022-04-11,우이신설선,정릉,4692,4192,8884
2022-04-11,우이신설선,화계,3351,3149,6500
2022-04-11,일산선,대곡,2259,1821,4080
2022-04-11,일산선,대화,12643,9991,22634
2022-04-11,일산선,마두,7550,7665,15215
2022-04-11,일산선,백석,9583,9568,19151
2022-04-11,일산선,삼송,19710,19158,38868
2022-04-11,일산선,원당,11502,10799,22301
2022-04-11,일산선,원흥,10814,10338,21152
2022-04-11,일산선,정발산,7300,7455,14755
2022-04-11,일산선,주엽,9155,9050,18205
2022-04-11,일산선,화정,16935,17118,34053
2022-04-11,장항선,배방,1140,1172,2312
2022-04-11,장항선,봉명,1268,1228,2496
2022-04-11,장항선,신창,2653,3186,5839
2022-04-11,장항선,쌍용,3017,3093,6110
2022-04-11,장항선,아산,4009,3413,7422
2022-04-11,장항선,온양온천,3818,3897,7715
2022-04-11,장항선,탕정,824,691,1515
2022-04-11,중앙선,구리,13331,13506,26837
2022-04-11,중앙선,국수,873,835,1708
2022-04-11,중앙선,덕소,5670,5705,11375
2022-04-11,중앙선,도농,10897,9742,20639
2022-04-11,중앙선,도심,2520,2029,4549
2022-04-11,중앙선,망우,7670,7676,15346
2022-04-11,중앙선,상봉,5751,5681,11432
2022-04-11,중앙선,신원,260,241,501
2022-04-11,중앙선,아신,582,592,1174
2022-04-11,중앙선,양수,2001,2033,4034
2022-04-11,중앙선,양원,3042,2948,5990
2022-04-11,중앙선,양정,748,645,1393
2022-04-11,중앙선,양평,2918,3012,5930
2022-04-11,중앙선,오빈,341,311,652
2022-04-11,중앙선,용문,1854,1740,3594
2022-04-11,중앙선,운길산,928,865,1793
2022-04-11,중앙선,원덕,521,443,964
2022-04-11,중앙선,중랑,5673,5441,11114
2022-04-11,중앙선,지평,77,93,170
2022-04-11,중앙선,팔당,911,898,1809
2022-04-11,중앙선,회기,25561,25196,50757
2022-04-12,1호선,동대문,10597,9861,20458
2022-04-12,1호선,동묘앞,7618,8115,15733
2022-04-12,1호선,서울역,40094,38562,78656
2022-04-12,1호선,시청,22164,22247,44411
2022-04-12,1호선,신설동,13353,13068,26421
2022-04-12,1호선,제기동,17130,17419,34549
2022-04-12,1호선,종각,33391,32587,65978
2022-04-12,1호선,종로3가,23683,21619,45302
2022-04-12,1호선,종로5가,22771,22235,45006
2022-04-12,1호선,청량리,19739,19332,39071
2022-04-12,2호선,강남,79450,78812,158262
2022-04-12,2호선,강변,28151,26335,54486
2022-04-12,2호선,건대입구,34058,36116,70174
2022-04-12,2호선,교대,34513,39187,73700
2022-04-12,2호선,구로디지털단지,58408,58564,116972
2022-04-12,2호선,구의,23627,23356,46983
2022-04-12,2호선,낙성대,27013,26692,53705
2022-04-12,2호선,당산,18984,21840,40824
2022-04-12,2호선,대림,23694,24260,47954
2022-04-12,2호선,도림천,1458,1520,2978
2022-04-12,2호선,동대문역사문화공원,11125,12496,23621
2022-04-12,2호선,뚝섬,22442,23771,46213
2022-04-12,2호선,문래,22039,22444,44483
2022-04-12,2호선,방배,19485,20364,39849
2022-04-12,2호선,봉천,23671,21805,45476
2022-04-12,2호선,사당,35964,39855,75819
2022-04-12,2호선,삼성,47728,48235,95963
2022-04-12,2호선,상왕십리,14105,13901,28006
2022-04-12,2호선,서울대입구,47388,46504,93892
2022-04-12,2호선,서초,21724,21059,42783
2022-04-12,2호선,선릉,56317,50218,106535
2022-04-12,2호선,성수,37217,40410,77627
2022-04-12,2호선,시청,23280,22723,46003
2022-04-12,2호선,신답,1575,1920,3495
2022-04-12,2호선,신당,13796,14387,28183
2022-04-12,2호선,신대방,26746,26060,52806
2022-04-12,2호선,신도림,45542,45330,90872
2022-04-12,2호선,신림,61910,59997,121907
2022-04-12,2호선,신설동,3012,1670,4682
2022-04-12,2호선,신정네거리,10127,10434,20561
2022-04-12,2호선,신촌,31507,31814,63321
2022-04-12,2호선,아현,10615,10092,20707
2022-04-12,2호선,양천구청,6777,7092,13869
2022-04-12,2호선,역삼,51613,57776,109389
2022-04-12,2호선,영등포구청,22512,23338,45850
2022-04-12,2호선,왕십리,16312,12680,28992
2022-04-12,2호선,용답,3237,3409,6646
2022-04-12,2호선,용두,2286,2346,4632
2022-04-12,2호선,을지로3가,22006,21689,43695
2022-04-12,2호선,을지로4가,12678,12671,25349
2022-04-12,2호선,을지로입구,37663,38874,76537
2022-04-12,2호선,이대,13612,14552,28164
2022-04-12,2호선,잠실,71244,70497,141741
2022-04-12,2호선,잠실나루,14774,14446,29220
2022-04-12,2호선,잠실새내,20633,20375,41008
2022-04-12,2호선,종합운동장,9634,10652,20286
2022-04-12,2호선,충정로,9920,10587,20507
2022-04-12,2호선,한양대,15929,17181,33110
2022-04-12,2호선,합정,29340,30751,60091
2022-04-12,2호선,홍대입구,48148,49970,98118
2022-04-12,3호선,가락시장,8946,8769,17715
2022-04-12,3호선,경복궁,20976,20402,41378
2022-04-12,3호선,경찰병원,7256,7314,14570
2022-04-12,3호선,고속터미널,35703,34148,69851
2022-04-12,3호선,교대,14845,9851,24696
2022-04-12,3호선,구파발,20367,19422,39789
2022-04-12,3호선,금호,7769,7414,15183
2022-04-12,3호선,남부터미널,27931,28843,56774
2022-04-12,3호선,녹번,15988,14261,30249
2022-04-12,3호선,대청,10334,9486,19820
2022-04-12,3호선,대치,10774,10975,21749
2022-04-12,3호선,도곡,5408,5683,11091
2022-04-12,3호선,독립문,7003,7341,14344
2022-04-12,3호선,동대입구,9431,10472,19903
2022-04-12,3호선,매봉,12712,12230,24942
2022-04-12,3호선,무악재,3896,3969,7865
2022-04-12,3호선,불광,15934,17181,33115
2022-04-12,3호선,수서,16610,16985,33595
2022-04-12,3호선,신사,29346,30392,59738
2022-04-12,3호선,안국,20989,21302,42291
2022-04-12,3호선,압구정,30709,32866,63575
2022-04-12,3호선,약수,12967,12545,25512
2022-04-12,3호선,양재,37926,41831,79757
2022-04-12,3호선,연신내,36012,33870,69882
2022-04-12,3호선,오금,6211,5881,12092
2022-04-12,3호선,옥수,8900,9142,18042
2022-04-12,3호선,을지로3가,10248,10542,20790
2022-04-12,3호선,일원,10396,10158,20554
2022-04-12,3호선,잠원,4808,4941,9749
2022-04-12,3호선,종로3가,9848,11121,20969
2022-04-12,3호선,지축,5016,4650,9666
2022-04-12,3호선,학여울,1799,1929,3728
2022-04-12,3호선,홍제,17984,17017,35001
2022-04-12,4호선,길음,21276,21308,42584
2022-04-12,4호선,남태령,1258,1093,2351
2022-04-12,4호선,노원,18518,20644,39162
2022-04-12,4호선,당고개,8948,8096,17044
2022-04-12,4호선,동대문,19580,19771,39351
2022-04-12,4호선,동대문역사문화공원,13717,12679,26396
2022-04-12,4호선,동작,1857,2225,4082
2022-04-12,4호선,명동,19599,19986,39585
2022-04-12,4호선,미아,15560,15280,30840
2022-04-12,4호선,미아사거리,27010,26249,53259
2022-04-12,4호선,사당,25024,20847,45871
2022-04-12,4호선,삼각지,4809,5266,10075
2022-04-12,4호선,상계,19600,18058,37658
2022-04-12,4호선,서울역,10928,14977,25905
2022-04-12,4호선,성신여대입구,20719,19788,40507
2022-04-12,4호선,수유,33714,33389,67103
2022-04-12,4호선,숙대입구,14317,13630,27947
2022-04-12,4호선,신용산,15389,16193,31582
2022-04-12,4호선,쌍문,29392,27251,56643
2022-04-12,4호선,이촌,7169,8087,15256
2022-04-12,4호선,창동,24963,25865,50828
2022-04-12,4호선,총신대입구,18762,20233,38995
2022-04-12,4호선,충무로,28699,29432,58131
2022-04-12,4호선,한성대입구,14464,14060,28524
2022-04-12,4호선,혜화,31095,31249,62344
2022-04-12,4호선,회현,25075,26311,51386
2022-04-12,5호선,강동,18728,18031,36759
2022-04-12,5호선,강일,4208,3967,8175
2022-04-12,5호선,개롱,6375,6740,13115
2022-04-12,5호선,개화산,5664,5513,11177
2022-04-12,5호선,거여,10326,9929,20255
2022-04-12,5호선,고덕,9601,9550,19151
2022-04-12,5호선,공덕,14259,15149,29408
2022-04-12,5호선,광나루,14263,13051,27314
2022-04-12,5호선,광화문,29126,30116,59242
2022-04-12,5호선,군자,11099,12055,23154
2022-04-12,5호선,굽은다리,9385,8880,18265
2022-04-12,5호선,길동,7948,8208,16156
2022-04-12,5호선,김포공항,6562,6193,12755
2022-04-12,5호선,까치산,28656,27611,56267
2022-04-12,5호선,답십리,15755,14463,30218
2022-04-12,5호선,동대문역사문화공원,2851,3236,6087
2022-04-12,5호선,둔촌동,8485,8414,16899
2022-04-12,5호선,마곡,10660,10791,21451
2022-04-12,5호선,마장,5808,5491,11299
2022-04-12,5호선,마천,7222,6858,14080
2022-04-12,5호선,마포,14788,15050,29838
2022-04-12,5호선,명일,8677,9064,17741
2022-04-12,5호선,목동,16731,18075,34806
2022-04-12,5호선,미사,15883,15916,31799
2022-04-12,5호선,발산,20386,20839,41225
2022-04-12,5호선,방이,7047,7264,14311
2022-04-12,5호선,방화,6695,6392,13087
2022-04-12,5호선,상일동,15009,14144,29153
2022-04-12,5호선,서대문,20336,20353,40689
2022-04-12,5호선,송정,6449,6200,12649
2022-04-12,5호선,신금호,6610,6948,13558
2022-04-12,5호선,신길,4095,4539,8634
2022-04-12,5호선,신정,14080,11578,25658
2022-04-12,5호선,아차산,15225,14755,29980
2022-04-12,5호선,애오개,6982,7129,14111
2022-04-12,5호선,양평,7608,7587,15195
2022-04-12,5호선,여의나루,15135,17231,32366
2022-04-12,5호선,여의도,29868,31154,61022
2022-04-12,5호선,영등포구청,4106,4107,8213
2022-04-12,5호선,영등포시장,9981,10276,20257
2022-04-12,5호선,오금,3780,3818,7598
2022-04-12,5호선,오목교,21063,22611,43674
2022-04-12,5호선,올림픽공원,4527,3926,8453
2022-04-12,5호선,왕십리,4465,5219,9684
2022-04-12,5호선,우장산,14893,14619,29512
2022-04-12,5호선,을지로4가,6293,6274,12567
2022-04-12,5호선,장한평,18082,18056,36138
2022-04-12,5호선,종로3가,11337,11257,22594
2022-04-12,5호선,천호,16986,17167,34153
2022-04-12,5호선,청구,4138,3728,7866
2022-04-12,5호선,충정로,4892,5110,10002
2022-04-12,5호선,하남검단산,5746,5497,11243
2022-04-12,5호선,하남시청,6687,6511,13198
2022-04-12,5호선,하남풍산,4318,4282,8600
2022-04-12,5호선,행당,8185,7287,15472
2022-04-12,5호선,화곡,28433,26540,54973
2022-04-12,6호선,고려대,8591,8397,16988
2022-04-12,6호선,공덕,18412,17935,36347
2022-04-12,6호선,광흥창,9183,8888,18071
2022-04-12,6호선,구산,7718,5759,13477
2022-04-12,6호선,녹사평,4523,4416,8939
2022-04-12,6호선,대흥,8598,8962,17560
2022-04-12,6호선,독바위,2729,2924,5653
2022-04-12,6호선,돌곶이,9924,9318,19242
2022-04-12,6호선,동묘앞,7515,7788,15303
2022-04-12,6호선,디지털미디어시티,14012,15187,29199
2022-04-12,6호선,마포구청,14091,12836,26927
2022-04-12,6호선,망원,13148,13841,26989
2022-04-12,6호선,버티고개,2189,2163,4352
2022-04-12,6호선,보문,7236,6572,13808
2022-04-12,6호선,봉화산,9066,8559,17625
2022-04-12,6호선,불광,4129,4067,8196
2022-04-12,6호선,삼각지,6289,5543,11832
2022-04-12,6호선,상수,8220,9257,17477
2022-04-12,6호선,상월곡,6426,6103,12529
2022-04-12,6호선,새절,13633,12707,26340
2022-04-12,6호선,석계,12613,13263,25876
2022-04-12,6호선,신당,8372,8869,17241
2022-04-12,6호선,안암,14031,14074,28105
2022-04-12,6호선,약수,3556,3603,7159
2022-04-12,6호선,역촌,3650,4341,7991
2022-04-12,6호선,연신내,2,0,2
2022-04-12,6호선,월곡,12607,12148,24755
2022-04-12,6호선,월드컵경기장,4273,4384,8657
2022-04-12,6호선,응암,17793,17644,35437
2022-04-12,6호선,이태원,8803,9168,17971
2022-04-12,6호선,증산,10209,10367,20576
2022-04-12,6호선,창신,3734,3182,6916
2022-04-12,6호선,청구,3718,4024,7742
2022-04-12,6호선,태릉입구,5544,6283,11827
2022-04-12,6호선,한강진,6805,8024,14829
2022-04-12,6호선,합정,12410,12221,24631
2022-04-12,6호선,화랑대,12809,9813,22622
2022-04-12,6호선,효창공원앞,7178,6898,14076
2022-04-12,7호선,가산디지털단지,45445,45855,91300
2022-04-12,7호선,강남구청,16152,17787,33939
2022-04-12,7호선,건대입구,12512,13040,25552
2022-04-12,7호선,고속터미널,14429,12593,27022
2022-04-12,7호선,공릉,12687,12445,25132
2022-04-12,7호선,광명사거리,21860,21440,43300
2022-04-12,7호선,군자,14852,11931,26783
2022-04-12,7호선,남구로,15713,16690,32403
2022-04-12,7호선,남성,11326,10608,21934
2022-04-12,7호선,내방,14569,14962,29531
2022-04-12,7호선,노원,18542,19453,37995
2022-04-12,7호선,논현,20133,21759,41892
2022-04-12,7호선,대림,7445,7414,14859
2022-04-12,7호선,도봉산,9711,11182,20893
2022-04-12,7호선,뚝섬유원지,8962,8697,17659
2022-04-12,7호선,마들,12859,12332,25191
2022-04-12,7호선,먹골,10185,9950,20135
2022-04-12,7호선,면목,16603,16237,32840
2022-04-12,7호선,반포,5752,5527,11279
2022-04-12,7호선,보라매,10143,10079,20222
2022-04-12,7호선,사가정,16292,16396,32688
2022-04-12,7호선,상도,11344,11003,22347
2022-04-12,7호선,상봉,16525,15291,31816
2022-04-12,7호선,수락산,12651,12366,25017
2022-04-12,7호선,숭실대입구,14985,15377,30362
2022-04-12,7호선,신대방삼거리,16838,16140,32978
2022-04-12,7호선,신풍,11638,11283,22921
2022-04-12,7호선,어린이대공원,14958,15664,30622
2022-04-12,7호선,온수,11322,10589,21911
2022-04-12,7호선,용마산,6203,6085,12288
2022-04-12,7호선,이수,15396,14790,30186
2022-04-12,7호선,장승배기,8865,8682,17547
2022-04-12,7호선,장암,2319,872,3191
2022-04-12,7호선,중계,15103,13777,28880
2022-04-12,7호선,중곡,11170,10186,21356
2022-04-12,7호선,중화,10861,10548,21409
2022-04-12,7호선,천왕,11652,11044,22696
2022-04-12,7호선,철산,20671,21242,41913
2022-04-12,7호선,청담,19553,21906,41459
2022-04-12,7호선,태릉입구,8997,8500,17497
2022-04-12,7호선,하계,18037,17026,35063
2022-04-12,7호선,학동,24432,26081,50513
2022-04-12,8호선,가락시장,7758,8595,16353
2022-04-12,8호선,강동구청,10353,10686,21039
2022-04-12,8호선,남위례,4899,5032,9931
2022-04-12,8호선,남한산성입구,15666,14544,30210
2022-04-12,8호선,단대오거리,11223,10578,21801
2022-04-12,8호선,모란,4368,3526,7894
2022-04-12,8호선,몽촌토성,6202,6380,12582
2022-04-12,8호선,문정,22054,23246,45300
2022-04-12,8호선,복정,10331,8680,19011
2022-04-12,8호선,산성,5667,5650,11317
2022-04-12,8호선,석촌,8095,9719,17814
2022-04-12,8호선,송파,8148,8186,16334
2022-04-12,8호선,수진,5337,4889,10226
2022-04-12,8호선,신흥,4064,4323,8387
2022-04-12,8호선,암사,18998,16894,35892
2022-04-12,8호선,잠실,14257,16661,30918
2022-04-12,8호선,장지,17162,16462,33624
2022-04-12,8호선,천호,14273,16372,30645
2022-04-12,9호선,가양,20615,20065,40680
2022-04-12,9호선,개화,2560,1859,4419
2022-04-12,9호선,고속터미널,11639,14186,25825
2022-04-12,9호선,공항시장,3030,3262,6292
2022-04-12,9호선,구반포,1247,1356,2603
2022-04-12,9호선,국회의사당,18840,19329,38169
2022-04-12,9호선,김포공항,6470,8986,15456
2022-04-12,9호선,노들,4427,3809,8236
2022-04-12,9호선,노량진,25990,25080,51070
2022-04-12,9호선,당산,18373,18174,36547
2022-04-12,9호선,동작,2747,2345,5092
2022-04-12,9호선,등촌,11355,10920,22275
2022-04-12,9호선,마곡나루,12134,11961,24095
2022-04-12,9호선,사평,3512,3446,6958
2022-04-12,9호선,샛강,6158,6352,12510
2022-04-12,9호선,선유도,8876,8526,17402
2022-04-12,9호선,신논현,30336,29909,60245
2022-04-12,9호선,신목동,4363,3875,8238
2022-04-12,9호선,신반포,3446,3379,6825
2022-04-12,9호선,신방화,6952,6595,13547
2022-04-12,9호선,양천향교,9993,10177,20170
2022-04-12,9호선,여의도,28747,27818,56565
2022-04-12,9호선,염창,17361,16693,34054
2022-04-12,9호선,증미,7432,7260,14692
2022-04-12,9호선,흑석,9292,9346,18638
2022-04-12,9호선2~3단계,둔촌오륜,1241,1064,2305
2022-04-12,9호선2~3단계,봉은사,15164,15632,30796
2022-04-12,9호선2~3단계,삼성중앙,6834,7163,13997
2022-04-12,9호선2~3단계,삼전,6769,6573,13342
2022-04-12,9호선2~3단계,석촌,8923,8140,17063
2022-04-12,9호선2~3단계,석촌고분,6105,5972,12077
2022-04-12,9호선2~3단계,선정릉,9674,10720,20394
2022-04-12,9호선2~3단계,송파나루,5272,5429,10701
2022-04-12,9호선2~3단계,언주,10373,10568,20941
2022-04-12,9호선2~3단계,올림픽공원,6057,5931,11988
2022-04-12,9호선2~3단계,종합운동장,4102,4250,8352
2022-04-12,9호선2~3단계,중앙보훈병원,11109,9954,21063
2022-04-12,9호선2~3단계,한성백제,2639,2322,4961
2022-04-12,경강선,경기광주,7837,7315,15152
2022-04-12,경강선,곤지암,2254,2241,4495
2022-04-12,경강선,부발,2067,2015,4082
2022-04-12,경강선,삼동,2451,2200,4651
2022-04-12,경강선,세종대왕릉,350,359,709
2022-04-12,경강선,신둔도예촌,1626,1482,3108
2022-04-12,경강선,여주,2542,2491,5033
2022-04-12,경강선,이매,1176,1004,2180
2022-04-12,경강선,이천,2571,2641,5212
2022-04-12,경강선,초월,3204,3073,6277
2022-04-12,경강선,판교,4540,4503,9043
2022-04-12,경부선,가산디지털단지,18873,21821,40694
2022-04-12,경부선,관악,7540,6972,14512
2022-04-12,경부선,광명,3131,2630,5761
2022-04-12,경부선,구로,18331,18746,37077
2022-04-12,경부선,군포,7994,7879,15873
2022-04-12,경부선,금정,27305,27990,55295
2022-04-12,경부선,금천구청,11922,11985,23907
2022-04-12,경부선,남영,9623,10236,19859
2022-04-12,경부선,노량진,7982,8208,16190
2022-04-12,경부선,당정,6827,6413,13240
2022-04-12,경부선,대방,13157,13689,26846
2022-04-12,경부선,독산,19008,19831,38839
2022-04-12,경부선,두정,7527,8125,15652
2022-04-12,경부선,명학,10959,10810,21769
2022-04-12,경부선,병점,15809,15826,31635
2022-04-12,경부선,서동탄,1412,1233,2645
2022-04-12,경부선,서울역,5200,1684,6884
2022-04-12,경부선,서정리,7762,7334,15096
2022-04-12,경부선,석수,9925,9045,18970
2022-04-12,경부선,성균관대,15277,14966,30243
2022-04-12,경부선,성환,4954,4890,9844
2022-04-12,경부선,세류,2997,2699,5696
2022-04-12,경부선,세마,2908,2744,5652
2022-04-12,경부선,송탄,4356,4219,8575
2022-04-12,경부선,수원,34364,36307,70671
2022-04-12,경부선,신길,9279,7876,17155
2022-04-12,경부선,신도림,4130,4192,8322
2022-04-12,경부선,안양,26023,25933,51956
2022-04-12,경부선,영등포,34789,35705,70494
2022-04-12,경부선,오산,10284,10289,20573
2022-04-12,경부선,오산대,4307,3991,8298
2022-04-12,경부선,용산,29275,29649,58924
2022-04-12,경부선,의왕,9413,9420,18833
2022-04-12,경부선,직산,892,865,1757
2022-04-12,경부선,진위,1795,1575,3370
2022-04-12,경부선,천안,6639,6273,12912
2022-04-12,경부선,평택,12507,12556,25063
2022-04-12,경부선,평택지제,3464,3334,6798
2022-04-12,경부선,화서,8677,8438,17115
2022-04-12,경원선,가능,7069,6714,13783
2022-04-12,경원선,광운대,9009,8928,17937
2022-04-12,경원선,녹양,4714,4435,9149
2022-04-12,경원선,녹천,4939,4169,9108
2022-04-12,경원선,덕계,3454,3156,6610
2022-04-12,경원선,덕정,6737,6497,13234
2022-04-12,경원선,도봉,6085,5909,11994
2022-04-12,경원선,도봉산,7871,5291,13162
2022-04-12,경원선,동두천,2735,2957,5692
2022-04-12,경원선,동두천중앙,3230,3117,6347
2022-04-12,경원선,망월사,9766,9860,19626
2022-04-12,경원선,방학,10009,9802,19811
2022-04-12,경원선,보산,1521,1388,2909
2022-04-12,경원선,서빙고,2018,1809,3827
2022-04-12,경원선,석계,8424,9162,17586
2022-04-12,경원선,소요산,2959,2562,5521
2022-04-12,경원선,신이문,8330,7813,16143
2022-04-12,경원선,양주,8139,7705,15844
2022-04-12,경원선,옥수,45,40,85
2022-04-12,경원선,왕십리,14054,15252,29306
2022-04-12,경원선,외대앞,8230,8312,16542
2022-04-12,경원선,월계,8640,7984,16624
2022-04-12,경원선,응봉,1983,1778,3761
2022-04-12,경원선,의정부,17738,18149,35887
2022-04-12,경원선,이촌,3640,2747,6387
2022-04-12,경원선,지행,6800,6913,13713
2022-04-12,경원선,청량리,13689,14581,28270
2022-04-12,경원선,한남,4087,3946,8033
2022-04-12,경원선,회룡,12942,12923,25865
2022-04-12,경의선,가좌,5571,5279,10850
2022-04-12,경의선,강매,3417,3001,6418
2022-04-12,경의선,계양,1,0,1
2022-04-12,경의선,곡산,627,672,1299
2022-04-12,경의선,공덕,3530,3072,6602
2022-04-12,경의선,금릉,4726,4616,9342
2022-04-12,경의선,금촌,6236,6236,12472
2022-04-12,경의선,능곡,3942,3716,7658
2022-04-12,경의선,디지털미디어시티,2597,2470,5067
2022-04-12,경의선,문산,4972,4825,9797
2022-04-12,경의선,백마,7104,6895,13999
2022-04-12,경의선,서강대,2183,2207,4390
2022-04-12,경의선,서울역,4239,5632,9871
2022-04-12,경의선,수색,2944,3159,6103
2022-04-12,경의선,신촌,899,1144,2043
2022-04-12,경의선,야당,7371,7295,14666
2022-04-12,경의선,운정,7041,6641,13682
2022-04-12,경의선,월롱,3013,2979,5992
2022-04-12,경의선,일산,9718,9504,19222
2022-04-12,경의선,임진강,19,8,27
2022-04-12,경의선,탄현,7858,7535,15393
2022-04-12,경의선,파주,1592,1176,2768
2022-04-12,경의선,풍산,5549,5149,10698
2022-04-12,경의선,행신,7919,8039,15958
2022-04-12,경의선,홍대입구,1576,1724,3300
2022-04-12,경의선,화전,3725,3509,7234
2022-04-12,경의선,효창공원앞,3105,3418,6523
2022-04-12,경인선,간석,5961,5386,11347
2022-04-12,경인선,개봉,21614,21463,43077
2022-04-12,경인선,구일,7851,7720,15571
2022-04-12,경인선,도원,3224,3198,6422
2022-04-12,경인선,도화,4307,3989,8296
2022-04-12,경인선,동암,14387,14473,28860
2022-04-12,경인선,동인천,13444,12839,26283
2022-04-12,경인선,백운,7092,6993,14085
2022-04-12,경인선,부개,8855,8337,17192
2022-04-12,경인선,부천,31961,31890,63851
2022-04-12,경인선,부평,27139,28940,56079
2022-04-12,경인선,소사,9518,9088,18606
2022-04-12,경인선,송내,27809,27882,55691
2022-04-12,경인선,역곡,28767,28247,57014
2022-04-12,경인선,오류동,12146,11227,23373
2022-04-12,경인선,온수,7311,7046,14357
2022-04-12,경인선,인천,3918,3086,7004
2022-04-12,경인선,제물포,11202,10680,21882
2022-04-12,경인선,주안,19365,17743,37108
2022-04-12,경인선,중동,9514,8951,18465
2022-04-12,경춘선,가평,1573,1539,3112
2022-04-12,경춘선,갈매,3153,2718,5871
2022-04-12,경춘선,강촌,437,414,851
2022-04-12,경춘선,굴봉산,154,140,294
2022-04-12,경춘선,금곡,1640,1518,3158
2022-04-12,경춘선,김유정,329,358,687
2022-04-12,경춘선,남춘천,2918,2883,5801
2022-04-12,경춘선,대성리,961,870,1831
2022-04-12,경춘선,마석,4192,4204,8396
2022-04-12,경춘선,백양리,95,75,170
2022-04-12,경춘선,별내,3234,3110,6344
2022-04-12,경춘선,사릉,2630,2531,5161
2022-04-12,경춘선,상천,337,331,668
2022-04-12,경춘선,신내,2402,2267,4669
2022-04-12,경춘선,천마산,1833,1726,3559
2022-04-12,경춘선,청평,1739,1671,3410
2022-04-12,경춘선,춘천,1513,1454,2967
2022-04-12,경춘선,퇴계원,3515,3310,6825
2022-04-12,경춘선,평내호평,6567,6555,13122
2022-04-12,공항철도,검암,6583,6678,13261
2022-04-12,공항철도,계양,10641,10155,20796
2022-04-12,공항철도,공덕,2192,2884,5076
2022-04-12,공항철도,공항화물청사,2279,2531,4810
2022-04-12,공항철도,김포공항,11552,6616,18168
2022-04-12,공항철도,디지털미디어시티,13996,13175,27171
2022-04-12,공항철도,마곡나루,8996,8811,17807
2022-04-12,공항철도,서울역,7168,6705,13873
2022-04-12,공항철도,영종,3005,3016,6021
2022-04-12,공항철도,운서,6780,6781,13561
2022-04-12,공항철도,인천공항1터미널,4313,4284,8597
2022-04-12,공항철도,인천공항2터미널,2366,2241,4607
2022-04-12,공항철도,청라국제도시,7007,6618,13625
2022-04-12,공항철도,홍대입구,8361,8599,16960
2022-04-12,과천선,경마공원,2139,2034,4173
2022-04-12,과천선,과천,6641,6091,12732
2022-04-12,과천선,대공원,7119,7330,14449
2022-04-12,과천선,범계,26257,26200,52457
2022-04-12,과천선,선바위,8683,7689,16372
2022-04-12,과천선,인덕원,24961,25702,50663
2022-04-12,과천선,정부과천청사,10647,10633,21280
2022-04-12,과천선,평촌,18274,17917,36191
2022-04-12,분당선,가천대,10227,11254,21481
2022-04-12,분당선,강남구청,10069,11555,21624
2022-04-12,분당선,개포동,3935,4016,7951
2022-04-12,분당선,구룡,2358,2316,4674
2022-04-12,분당선,구성,5045,5302,10347
2022-04-12,분당선,기흥,10165,9457,19622
2022-04-12,분당선,대모산입구,4479,4306,8785
2022-04-12,분당선,도곡,7140,7019,14159
2022-04-12,분당선,망포,14336,13534,27870
2022-04-12,분당선,매교,3324,3303,6627
2022-04-12,분당선,매탄권선,5239,5066,10305
2022-04-12,분당선,모란,19845,20131,39976
2022-04-12,분당선,미금,15173,16467,31640
2022-04-12,분당선,보정,2664,2314,4978
2022-04-12,분당선,상갈,5535,5259,10794
2022-04-12,분당선,서울숲,12220,12845,25065
2022-04-12,분당선,서현,22827,23275,46102
2022-04-12,분당선,선릉,13356,20320,33676
2022-04-12,분당선,선정릉,8044,8599,16643
2022-04-12,분당선,수내,13064,13219,26283
2022-04-12,분당선,수서,13258,13272,26530
2022-04-12,분당선,수원,8151,6805,14956
2022-04-12,분당선,수원시청,12401,13209,25610
2022-04-12,분당선,신갈,4485,4445,8930
2022-04-12,분당선,압구정로데오,18354,20078,38432
2022-04-12,분당선,야탑,25371,26547,51918
2022-04-12,분당선,영통,8069,8308,16377
2022-04-12,분당선,오리,11626,9458,21084
2022-04-12,분당선,이매,5875,5380,11255
2022-04-12,분당선,정자,16978,18083,35061
2022-04-12,분당선,죽전,14354,15675,30029
2022-04-12,분당선,청명,4248,4145,8393
2022-04-12,분당선,태평,13356,12780,26136
2022-04-12,분당선,한티,13986,15081,29067
2022-04-12,수인선,고색,5231,4866,10097
2022-04-12,수인선,남동인더스파크,2401,2603,5004
2022-04-12,수인선,달월,118,67,185
2022-04-12,수인선,사리,4938,4380,9318
2022-04-12,수인선,소래포구,5786,5379,11165
2022-04-12,수인선,송도,2550,2349,4899
2022-04-12,수인선,숭의,4102,3809,7911
2022-04-12,수인선,신포,1858,1907,3765
2022-04-12,수인선,야목,396,285,681
2022-04-12,수인선,어천,710,734,1444
2022-04-12,수인선,연수,4654,4585,9239
2022-04-12,수인선,오목천,3579,3380,6959
2022-04-12,수인선,원인재,4605,4815,9420
2022-04-12,수인선,월곶,2742,2532,5274
2022-04-12,수인선,인천,1011,1805,2816
2022-04-12,수인선,인천논현,5589,5902,11491
2022-04-12,수인선,인하대,7196,6839,14035
2022-04-12,수인선,호구포,4136,4289,8425
2022-04-12,안산선,고잔,9236,8611,17847
2022-04-12,안산선,대야미,5278,4704,9982
2022-04-12,안산선,반월,4400,4299,8699
2022-04-12,안산선,산본,15836,16967,32803
2022-04-12,안산선,상록수,16682,16939,33621
2022-04-12,안산선,수리산,4422,3679,8101
2022-04-12,안산선,신길온천,1819,1635,3454
2022-04-12,안산선,안산,11601,10419,22020
2022-04-12,안산선,오이도,8518,8352,16870
2022-04-12,안산선,정왕,10534,10804,21338
2022-04-12,안산선,중앙,17768,18624,36392
2022-04-12,안산선,초지,5236,5699,10935
2022-04-12,안산선,한대앞,10842,10940,21782
2022-04-12,우이신설선,4.19민주묘지,3523,3385,6908
2022-04-12,우이신설선,가오리,4145,4152,8297
2022-04-12,우이신설선,보문,1477,1529,3006
2022-04-12,우이신설선,북한산보국문,5931,5702,11633
2022-04-12,우이신설선,북한산우이,2662,2481,5143
2022-04-12,우이신설선,삼양,2023,2140,4163
2022-04-12,우이신설선,삼양사거리,2391,2432,4823
2022-04-12,우이신설선,성신여대입구,3177,3539,6716
2022-04-12,우이신설선,솔밭공원,2578,2392,4970
2022-04-12,우이신설선,솔샘,5898,5573,11471
2022-04-12,우이신설선,신설동,2188,2054,4242
2022-04-12,우이신설선,정릉,4713,4226,8939
2022-04-12,우이신설선,화계,3373,3154,6527
2022-04-12,일산선,대곡,2229,1827,4056
2022-04-12,일산선,대화,12643,9981,22624
2022-04-12,일산선,마두,7574,7787,15361
2022-04-12,일산선,백석,9616,9739,19355
2022-04-12,일산선,삼송,19926,19184,39110
2022-04-12,일산선,원당,11468,10731,22199
2022-04-12,일산선,원흥,10869,10451,21320
2022-04-12,일산선,정발산,7098,7035,14133
2022-04-12,일산선,주엽,8987,8874,17861
2022-04-12,일산선,화정,16996,17260,34256
2022-04-12,장항선,배방,1207,1146,2353
2022-04-12,장항선,봉명,1213,1164,2377
2022-04-12,장항선,신창,2712,2708,5420
2022-04-12,장항선,쌍용,2932,2793,5725
2022-04-12,장항선,아산,3677,3147,6824
2022-04-12,장항선,온양온천,3613,3707,7320
2022-04-12,장항선,탕정,817,717,1534
2022-04-12,중앙선,구리,13307,13657,26964
2022-04-12,중앙선,국수,843,833,1676
2022-04-12,중앙선,덕소,5579,5790,11369
2022-04-12,중앙선,도농,10903,9926,20829
2022-04-12,중앙선,도심,2501,2002,4503
2022-04-12,중앙선,망우,7637,7554,15191
2022-04-12,중앙선,상봉,5737,5846,11583
2022-04-12,중앙선,신원,256,224,480
2022-04-12,중앙선,아신,598,581,1179
2022-04-12,중앙선,양수,1990,1975,3965
2022-04-12,중앙선,양원,3067,2936,6003
2022-04-12,중앙선,양정,798,701,1499
2022-04-12,중앙선,양평,2849,2943,5792
2022-04-12,중앙선,오빈,357,362,719
2022-04-12,중앙선,용문,1918,1801,3719
2022-04-12,중앙선,운길산,864,821,1685
2022-04-12,중앙선,원덕,515,438,953
2022-04-12,중앙선,중랑,5704,5446,11150
2022-04-12,중앙선,지평,76,82,158
2022-04-12,중앙선,팔당,881,910,1791
2022-04-12,중앙선,회기,25430,24886,50316
2022-04-13,1호선,동대문,10531,9788,20319
2022-04-13,1호선,동묘앞,6745,7192,13937
2022-04-13,1호선,서울역,40496,39098,79594
2022-04-13,1호선,시청,21967,22742,44709
2022-04-13,1호선,신설동,13348,13236,26584
2022-04-13,1호선,제기동,15324,15375,30699
2022-04-13,1호선,종각,34012,32933,66945
2022-04-13,1호선,종로3가,24483,22707,47190
2022-04-13,1호선,종로5가,22076,21442,43518
2022-04-13,1호선,청량리,18288,17868,36156
2022-04-13,2호선,강남,78530,77989,156519
2022-04-13,2호선,강변,27867,25810,53677
2022-04-13,2호선,건대입구,32537,35060,67597
2022-04-13,2호선,교대,33743,38036,71779
2022-04-13,2호선,구로디지털단지,58064,57855,115919
2022-04-13,2호선,구의,23451,22957,46408
2022-04-13,2호선,낙성대,26671,26225,52896
2022-04-13,2호선,당산,18704,21690,40394
2022-04-13,2호선,대림,23098,23560,46658
2022-04-13,2호선,도림천,1399,1521,2920
2022-04-13,2호선,동대문역사문화공원,11137,12568,23705
2022-04-13,2호선,뚝섬,21389,23164,44553
2022-04-13,2호선,문래,21817,22120,43937
2022-04-13,2호선,방배,19228,19853,39081
2022-04-13,2호선,봉천,23356,21685,45041
2022-04-13,2호선,사당,35564,39196,74760
2022-04-13,2호선,삼성,50314,50988,101302
2022-04-13,2호선,상왕십리,14106,13702,27808
2022-04-13,2호선,서울대입구,46511,45592,92103
2022-04-13,2호선,서초,21544,20976,42520
2022-04-13,2호선,선릉,55720,49602,105322
2022-04-13,2호선,성수,36973,40464,77437
2022-04-13,2호선,시청,23368,22648,46016
2022-04-13,2호선,신답,1577,1815,3392
2022-04-13,2호선,신당,13734,14444,28178
2022-04-13,2호선,신대방,25855,25380,51235
2022-04-13,2호선,신도림,46554,46617,93171
2022-04-13,2호선,신림,61868,59781,121649
2022-04-13,2호선,신설동,3147,1745,4892
2022-04-13,2호선,신정네거리,9920,10355,20275
2022-04-13,2호선,신촌,30917,31523,62440
2022-04-13,2호선,아현,10400,9854,20254
2022-04-13,2호선,양천구청,6641,6940,13581
2022-04-13,2호선,역삼,51169,57538,108707
2022-04-13,2호선,영등포구청,22566,23156,45722
2022-04-13,2호선,왕십리,16437,13232,29669
2022-04-13,2호선,용답,3034,3236,6270
2022-04-13,2호선,용두,2245,2279,4524
2022-04-13,2호선,을지로3가,22272,22207,44479
2022-04-13,2호선,을지로4가,12446,12350,24796
2022-04-13,2호선,을지로입구,38115,39498,77613
2022-04-13,2호선,이대,13396,14022,27418
2022-04-13,2호선,잠실,64205,63976,128181
2022-04-13,2호선,잠실나루,14422,14216,28638
2022-04-13,2호선,잠실새내,20013,19987,40000
2022-04-13,2호선,종합운동장,8988,9832,18820
2022-04-13,2호선,충정로,10101,10720,20821
2022-04-13,2호선,한양대,14898,16188,31086
2022-04-13,2호선,합정,28970,30529,59499
2022-04-13,2호선,홍대입구,47728,50183,97911
2022-04-13,3호선,가락시장,8648,8412,17060
2022-04-13,3호선,경복궁,21570,21148,42718
2022-04-13,3호선,경찰병원,7360,7340,14700
2022-04-13,3호선,고속터미널,34773,33891,68664
2022-04-13,3호선,교대,14696,9684,24380
2022-04-13,3호선,구파발,19975,19101,39076
2022-04-13,3호선,금호,7756,7271,15027
2022-04-13,3호선,남부터미널,27637,28040,55677
2022-04-13,3호선,녹번,15628,13985,29613
2022-04-13,3호선,대청,10316,9458,19774
2022-04-13,3호선,대치,10208,10490,20698
2022-04-13,3호선,도곡,5218,5394,10612
2022-04-13,3호선,독립문,6830,7198,14028
2022-04-13,3호선,동대입구,8511,9440,17951
2022-04-13,3호선,매봉,12439,11838,24277
2022-04-13,3호선,무악재,3881,4016,7897
2022-04-13,3호선,불광,15602,16607,32209
2022-04-13,3호선,수서,16331,16702,33033
2022-04-13,3호선,신사,28330,29661,57991
2022-04-13,3호선,안국,20818,21200,42018
2022-04-13,3호선,압구정,29455,31697,61152
2022-04-13,3호선,약수,12710,12467,25177
2022-04-13,3호선,양재,37787,41245,79032
2022-04-13,3호선,연신내,35693,33620,69313
2022-04-13,3호선,오금,6195,5657,11852
2022-04-13,3호선,옥수,8280,8675,16955
2022-04-13,3호선,을지로3가,10453,10579,21032
2022-04-13,3호선,일원,10330,10118,20448
2022-04-13,3호선,잠원,4693,4578,9271
2022-04-13,3호선,종로3가,9931,11122,21053
2022-04-13,3호선,지축,4942,4594,9536
2022-04-13,3호선,학여울,1769,1861,3630
2022-04-13,3호선,홍제,17503,16827,34330
2022-04-13,4호선,길음,20981,20803,41784
2022-04-13,4호선,남태령,1200,1074,2274
2022-04-13,4호선,노원,18262,20405,38667
2022-04-13,4호선,당고개,8554,7779,16333
2022-04-13,4호선,동대문,18652,19172,37824
2022-04-13,4호선,동대문역사문화공원,13778,12638,26416
2022-04-13,4호선,동작,1238,1487,2725
2022-04-13,4호선,명동,19371,19914,39285
2022-04-13,4호선,미아,15185,14869,30054
2022-04-13,4호선,미아사거리,26464,25726,52190
2022-04-13,4호선,사당,24560,20349,44909
2022-04-13,4호선,삼각지,4738,5380,10118
2022-04-13,4호선,상계,19189,17772,36961
2022-04-13,4호선,서울역,11017,15219,26236
2022-04-13,4호선,성신여대입구,20370,19587,39957
2022-04-13,4호선,수유,32880,33212,66092
2022-04-13,4호선,숙대입구,14231,13708,27939
2022-04-13,4호선,신용산,15761,16519,32280
2022-04-13,4호선,쌍문,28721,26438,55159
2022-04-13,4호선,이촌,7019,7757,14776
2022-04-13,4호선,창동,24475,25453,49928
2022-04-13,4호선,총신대입구,18236,19813,38049
2022-04-13,4호선,충무로,28210,28473,56683
2022-04-13,4호선,한성대입구,14317,13840,28157
2022-04-13,4호선,혜화,31977,32146,64123
2022-04-13,4호선,회현,23329,24649,47978
2022-04-13,5호선,강동,18506,17822,36328
2022-04-13,5호선,강일,4025,3784,7809
2022-04-13,5호선,개롱,6423,6637,13060
2022-04-13,5호선,개화산,5521,5324,10845
2022-04-13,5호선,거여,10285,9728,20013
2022-04-13,5호선,고덕,9489,9197,18686
2022-04-13,5호선,공덕,14024,14921,28945
2022-04-13,5호선,광나루,13095,11777,24872
2022-04-13,5호선,광화문,29041,30583,59624
2022-04-13,5호선,군자,10854,12089,22943
2022-04-13,5호선,굽은다리,9285,8868,18153
2022-04-13,5호선,길동,7631,7998,15629
2022-04-13,5호선,김포공항,6522,6303,12825
2022-04-13,5호선,까치산,28404,26898,55302
2022-04-13,5호선,답십리,15912,14515,30427
2022-04-13,5호선,동대문역사문화공원,2877,3250,6127
2022-04-13,5호선,둔촌동,8243,8283,16526
2022-04-13,5호선,마곡,10714,10627,21341
2022-04-13,5호선,마장,5620,5332,10952
2022-04-13,5호선,마천,7111,6822,13933
2022-04-13,5호선,마포,14764,15150,29914
2022-04-13,5호선,명일,8662,8986,17648
2022-04-13,5호선,목동,16717,17963,34680
2022-04-13,5호선,미사,15698,15607,31305
2022-04-13,5호선,발산,20461,20877,41338
2022-04-13,5호선,방이,6934,7274,14208
2022-04-13,5호선,방화,6446,6250,12696
2022-04-13,5호선,상일동,14476,13698,28174
2022-04-13,5호선,서대문,20075,20044,40119
2022-04-13,5호선,송정,6390,6038,12428
2022-04-13,5호선,신금호,6440,6699,13139
2022-04-13,5호선,신길,4174,4481,8655
2022-04-13,5호선,신정,13969,11506,25475
2022-04-13,5호선,아차산,14151,13841,27992
2022-04-13,5호선,애오개,6864,6959,13823
2022-04-13,5호선,양평,7491,7449,14940
2022-04-13,5호선,여의나루,9387,10943,20330
2022-04-13,5호선,여의도,29047,30112,59159
2022-04-13,5호선,영등포구청,4030,4101,8131
2022-04-13,5호선,영등포시장,9823,10118,19941
2022-04-13,5호선,오금,3806,3839,7645
2022-04-13,5호선,오목교,20847,22433,43280
2022-04-13,5호선,올림픽공원,4267,3669,7936
2022-04-13,5호선,왕십리,4476,5218,9694
2022-04-13,5호선,우장산,14535,14417,28952
2022-04-13,5호선,을지로4가,6053,5993,12046
2022-04-13,5호선,장한평,18451,18411,36862
2022-04-13,5호선,종로3가,11595,11328,22923
2022-04-13,5호선,천호,16942,16759,33701
2022-04-13,5호선,청구,4062,3610,7672
2022-04-13,5호선,충정로,4948,5023,9971
2022-04-13,5호선,하남검단산,5201,4996,10197
2022-04-13,5호선,하남시청,6386,6199,12585
2022-04-13,5호선,하남풍산,4164,4110,8274
2022-04-13,5호선,행당,7914,7115,15029
2022-04-13,5호선,화곡,28035,26222,54257
2022-04-13,6호선,고려대,8248,8048,16296
2022-04-13,6호선,공덕,18039,17522,35561
2022-04-13,6호선,광흥창,9062,8753,17815
2022-04-13,6호선,구산,7571,5730,13301
2022-04-13,6호선,녹사평,4231,4333,8564
2022-04-13,6호선,대흥,8303,8497,16800
2022-04-13,6호선,독바위,2644,2755,5399
2022-04-13,6호선,돌곶이,10059,9353,19412
2022-04-13,6호선,동묘앞,7326,7521,14847
2022-04-13,6호선,디지털미디어시티,13599,15161,28760
2022-04-13,6호선,마포구청,13967,12735,26702
2022-04-13,6호선,망원,12947,13678,26625
2022-04-13,6호선,버티고개,2107,2026,4133
2022-04-13,6호선,보문,7225,6596,13821
2022-04-13,6호선,봉화산,8837,8233,17070
2022-04-13,6호선,불광,4107,4127,8234
2022-04-13,6호선,삼각지,6512,5802,12314
2022-04-13,6호선,상수,7966,8976,16942
2022-04-13,6호선,상월곡,6501,5992,12493
2022-04-13,6호선,새절,13066,12306,25372
2022-04-13,6호선,석계,12200,12918,25118
2022-04-13,6호선,신당,9196,9359,18555
2022-04-13,6호선,안암,13709,13766,27475
2022-04-13,6호선,약수,3579,3544,7123
2022-04-13,6호선,역촌,3681,4285,7966
2022-04-13,6호선,연신내,1,0,1
2022-04-13,6호선,월곡,12357,12044,24401
2022-04-13,6호선,월드컵경기장,3793,3979,7772
2022-04-13,6호선,응암,17332,17126,34458
2022-04-13,6호선,이태원,8945,9348,18293
2022-04-13,6호선,증산,9984,10044,20028
2022-04-13,6호선,창신,3806,3231,7037
2022-04-13,6호선,청구,3761,4049,7810
2022-04-13,6호선,태릉입구,5500,6010,11510
2022-04-13,6호선,한강진,7063,8220,15283
2022-04-13,6호선,합정,12490,12350,24840
2022-04-13,6호선,화랑대,12195,9576,21771
2022-04-13,6호선,효창공원앞,7178,6747,13925
2022-04-13,7호선,가산디지털단지,44950,45477,90427
2022-04-13,7호선,강남구청,15938,17641,33579
2022-04-13,7호선,건대입구,12335,12620,24955
2022-04-13,7호선,고속터미널,14081,12170,26251
2022-04-13,7호선,공릉,12379,12207,24586
2022-04-13,7호선,광명사거리,21518,21039,42557
2022-04-13,7호선,군자,14645,11829,26474
2022-04-13,7호선,남구로,15402,16457,31859
2022-04-13,7호선,남성,10905,10075,20980
2022-04-13,7호선,내방,14437,14871,29308
2022-04-13,7호선,노원,18359,19109,37468
2022-04-13,7호선,논현,19742,21554,41296
2022-04-13,7호선,대림,7316,7274,14590
2022-04-13,7호선,도봉산,9177,10404,19581
2022-04-13,7호선,뚝섬유원지,7056,6940,13996
2022-04-13,7호선,마들,12711,12005,24716
2022-04-13,7호선,먹골,9949,9689,19638
2022-04-13,7호선,면목,16228,15788,32016
2022-04-13,7호선,반포,5720,5576,11296
2022-04-13,7호선,보라매,9655,9750,19405
2022-04-13,7호선,사가정,15833,15837,31670
2022-04-13,7호선,상도,11233,11041,22274
2022-04-13,7호선,상봉,16198,15154,31352
2022-04-13,7호선,수락산,12215,11911,24126
2022-04-13,7호선,숭실대입구,14450,14497,28947
2022-04-13,7호선,신대방삼거리,16733,15828,32561
2022-04-13,7호선,신풍,11522,10982,22504
2022-04-13,7호선,어린이대공원,14499,14882,29381
2022-04-13,7호선,온수,10981,10401,21382
2022-04-13,7호선,용마산,6125,5852,11977
2022-04-13,7호선,이수,15112,14702,29814
2022-04-13,7호선,장승배기,8715,8628,17343
2022-04-13,7호선,장암,2224,855,3079
2022-04-13,7호선,중계,14711,13333,28044
2022-04-13,7호선,중곡,10908,10123,21031
2022-04-13,7호선,중화,10703,10560,21263
2022-04-13,7호선,천왕,11441,10840,22281
2022-04-13,7호선,철산,20481,20824,41305
2022-04-13,7호선,청담,19371,21529,40900
2022-04-13,7호선,태릉입구,8570,8191,16761
2022-04-13,7호선,하계,18309,17361,35670
2022-04-13,7호선,학동,24608,25962,50570
2022-04-13,8호선,가락시장,7511,8308,15819
2022-04-13,8호선,강동구청,10340,10618,20958
2022-04-13,8호선,남위례,4711,4852,9563
2022-04-13,8호선,남한산성입구,15201,14140,29341
2022-04-13,8호선,단대오거리,10950,10582,21532
2022-04-13,8호선,모란,4128,3226,7354
2022-04-13,8호선,몽촌토성,5888,5921,11809
2022-04-13,8호선,문정,22258,23576,45834
2022-04-13,8호선,복정,9971,8298,18269
2022-04-13,8호선,산성,5333,5358,10691
2022-04-13,8호선,석촌,7671,8678,16349
2022-04-13,8호선,송파,8295,8129,16424
2022-04-13,8호선,수진,5110,4777,9887
2022-04-13,8호선,신흥,4015,4236,8251
2022-04-13,8호선,암사,18623,16445,35068
2022-04-13,8호선,잠실,13247,15532,28779
2022-04-13,8호선,장지,17152,16342,33494
2022-04-13,8호선,천호,14021,16061,30082
2022-04-13,9호선,가양,20207,19829,40036
2022-04-13,9호선,개화,2463,1671,4134
2022-04-13,9호선,고속터미널,11188,13428,24616
2022-04-13,9호선,공항시장,2978,3150,6128
2022-04-13,9호선,구반포,1192,1301,2493
2022-04-13,9호선,국회의사당,16657,16825,33482
2022-04-13,9호선,김포공항,6378,10190,16568
2022-04-13,9호선,노들,4403,3696,8099
2022-04-13,9호선,노량진,26170,25063,51233
2022-04-13,9호선,당산,18097,17976,36073
2022-04-13,9호선,동작,1947,1567,3514
2022-04-13,9호선,등촌,10987,10512,21499
2022-04-13,9호선,마곡나루,12116,11835,23951
2022-04-13,9호선,사평,3469,3408,6877
2022-04-13,9호선,샛강,6111,6138,12249
2022-04-13,9호선,선유도,8747,8259,17006
2022-04-13,9호선,신논현,29522,29391,58913
2022-04-13,9호선,신목동,4095,3608,7703
2022-04-13,9호선,신반포,3373,3160,6533
2022-04-13,9호선,신방화,6899,6700,13599
2022-04-13,9호선,양천향교,9917,10169,20086
2022-04-13,9호선,여의도,27668,26920,54588
2022-04-13,9호선,염창,17010,16463,33473
2022-04-13,9호선,증미,7176,7017,14193
2022-04-13,9호선,흑석,8986,9106,18092
2022-04-13,9호선2~3단계,둔촌오륜,1263,1104,2367
2022-04-13,9호선2~3단계,봉은사,16514,16901,33415
2022-04-13,9호선2~3단계,삼성중앙,6707,7204,13911
2022-04-13,9호선2~3단계,삼전,6867,6569,13436
2022-04-13,9호선2~3단계,석촌,8090,7187,15277
2022-04-13,9호선2~3단계,석촌고분,6072,5963,12035
2022-04-13,9호선2~3단계,선정릉,9519,10550,20069
2022-04-13,9호선2~3단계,송파나루,5118,5291,10409
2022-04-13,9호선2~3단계,언주,10103,10489,20592
2022-04-13,9호선2~3단계,올림픽공원,5620,5564,11184
2022-04-13,9호선2~3단계,종합운동장,4100,4279,8379
2022-04-13,9호선2~3단계,중앙보훈병원,10744,9650,20394
2022-04-13,9호선2~3단계,한성백제,2573,2268,4841
2022-04-13,경강선,경기광주,7288,6969,14257
2022-04-13,경강선,곤지암,2112,2079,4191
2022-04-13,경강선,부발,1903,1911,3814
2022-04-13,경강선,삼동,2351,2078,4429
2022-04-13,경강선,세종대왕릉,262,261,523
2022-04-13,경강선,신둔도예촌,1537,1366,2903
2022-04-13,경강선,여주,2225,2224,4449
2022-04-13,경강선,이매,1055,914,1969
2022-04-13,경강선,이천,2303,2400,4703
2022-04-13,경강선,초월,2998,2858,5856
2022-04-13,경강선,판교,4561,4443,9004
2022-04-13,경부선,가산디지털단지,18443,21376,39819
2022-04-13,경부선,관악,7067,6656,13723
2022-04-13,경부선,광명,3168,2807,5975
2022-04-13,경부선,구로,18215,18732,36947
2022-04-13,경부선,군포,7845,7779,15624
2022-04-13,경부선,금정,26315,26904,53219
2022-04-13,경부선,금천구청,11562,11328,22890
2022-04-13,경부선,남영,9524,10204,19728
2022-04-13,경부선,노량진,7645,8084,15729
2022-04-13,경부선,당정,6407,6086,12493
2022-04-13,경부선,대방,12921,13393,26314
2022-04-13,경부선,독산,18762,19300,38062
2022-04-13,경부선,두정,7080,7654,14734
2022-04-13,경부선,명학,10712,10522,21234
2022-04-13,경부선,병점,14758,14979,29737
2022-04-13,경부선,서동탄,1317,1171,2488
2022-04-13,경부선,서울역,5063,1743,6806
2022-04-13,경부선,서정리,7132,6530,13662
2022-04-13,경부선,석수,9564,8618,18182
2022-04-13,경부선,성균관대,14832,14488,29320
2022-04-13,경부선,성환,5105,4885,9990
2022-04-13,경부선,세류,2832,2518,5350
2022-04-13,경부선,세마,2746,2666,5412
2022-04-13,경부선,송탄,4010,3933,7943
2022-04-13,경부선,수원,32550,34624,67174
2022-04-13,경부선,신길,9012,7639,16651
2022-04-13,경부선,신도림,3876,3950,7826
2022-04-13,경부선,안양,25806,25452,51258
2022-04-13,경부선,영등포,34520,35505,70025
2022-04-13,경부선,오산,9719,9680,19399
2022-04-13,경부선,오산대,3981,3632,7613
2022-04-13,경부선,용산,30292,30513,60805
2022-04-13,경부선,의왕,9062,8980,18042
2022-04-13,경부선,직산,771,751,1522
2022-04-13,경부선,진위,1653,1438,3091
2022-04-13,경부선,천안,6111,5709,11820
2022-04-13,경부선,평택,11487,11654,23141
2022-04-13,경부선,평택지제,3204,3061,6265
2022-04-13,경부선,화서,7876,7562,15438
2022-04-13,경원선,가능,6914,6615,13529
2022-04-13,경원선,광운대,8982,8899,17881
2022-04-13,경원선,녹양,4665,4303,8968
2022-04-13,경원선,녹천,4735,3942,8677
2022-04-13,경원선,덕계,3378,3092,6470
2022-04-13,경원선,덕정,6349,5993,12342
2022-04-13,경원선,도봉,5872,5621,11493
2022-04-13,경원선,도봉산,6779,4470,11249
2022-04-13,경원선,동두천,2621,2837,5458
2022-04-13,경원선,동두천중앙,3016,2927,5943
2022-04-13,경원선,망월사,9559,9701,19260
2022-04-13,경원선,방학,9672,9567,19239
2022-04-13,경원선,보산,1474,1348,2822
2022-04-13,경원선,서빙고,1869,1715,3584
2022-04-13,경원선,석계,8109,8895,17004
2022-04-13,경원선,소요산,2132,1842,3974
2022-04-13,경원선,신이문,8190,7613,15803
2022-04-13,경원선,양주,7923,7454,15377
2022-04-13,경원선,옥수,45,29,74
2022-04-13,경원선,왕십리,14082,15299,29381
2022-04-13,경원선,외대앞,8071,8115,16186
2022-04-13,경원선,월계,8339,7756,16095
2022-04-13,경원선,응봉,1847,1616,3463
2022-04-13,경원선,의정부,17653,18323,35976
2022-04-13,경원선,이촌,3544,2683,6227
2022-04-13,경원선,지행,6629,6640,13269
2022-04-13,경원선,청량리,12825,13356,26181
2022-04-13,경원선,한남,3887,3715,7602
2022-04-13,경원선,회룡,12373,12362,24735
2022-04-13,경의선,가좌,5391,5145,10536
2022-04-13,경의선,강매,3341,2801,6142
2022-04-13,경의선,검암,1,0,1
2022-04-13,경의선,곡산,669,693,1362
2022-04-13,경의선,공덕,3402,3039,6441
2022-04-13,경의선,금릉,4798,4700,9498
2022-04-13,경의선,금촌,6019,5989,12008
2022-04-13,경의선,능곡,3908,3576,7484
2022-04-13,경의선,디지털미디어시티,2493,2241,4734
2022-04-13,경의선,문산,4755,4674,9429
2022-04-13,경의선,백마,7003,6847,13850
2022-04-13,경의선,서강대,2123,2060,4183
2022-04-13,경의선,서울역,4239,5460,9699
2022-04-13,경의선,수색,2796,2947,5743
2022-04-13,경의선,신촌,834,1094,1928
2022-04-13,경의선,야당,7493,7569,15062
2022-04-13,경의선,운정,7059,6607,13666
2022-04-13,경의선,월롱,3220,2965,6185
2022-04-13,경의선,일산,10487,10366,20853
2022-04-13,경의선,임진강,10,5,15
2022-04-13,경의선,탄현,7818,7444,15262
2022-04-13,경의선,파주,1552,1168,2720
2022-04-13,경의선,풍산,5448,4978,10426
2022-04-13,경의선,행신,7943,8088,16031
2022-04-13,경의선,홍대입구,1497,1706,3203
2022-04-13,경의선,화전,3698,3449,7147
2022-04-13,경의선,효창공원앞,2952,3349,6301
2022-04-13,경인선,간석,5893,5287,11180
2022-04-13,경인선,개봉,21045,20773,41818
2022-04-13,경인선,구일,7283,7224,14507
2022-04-13,경인선,도원,3193,3111,6304
2022-04-13,경인선,도화,4247,3920,8167
2022-04-13,경인선,동암,14050,14250,28300
2022-04-13,경인선,동인천,14018,13349,27367
2022-04-13,경인선,백운,6820,6722,13542
2022-04-13,경인선,부개,8676,8148,16824
2022-04-13,경인선,부천,31840,32066,63906
2022-04-13,경인선,부평,27489,29479,56968
2022-04-13,경인선,소사,9060,8873,17933
2022-04-13,경인선,송내,27233,27200,54433
2022-04-13,경인선,역곡,27960,27601,55561
2022-04-13,경인선,오류동,11848,10982,22830
2022-04-13,경인선,온수,7103,6902,14005
2022-04-13,경인선,인천,3234,2362,5596
2022-04-13,경인선,제물포,10921,10488,21409
2022-04-13,경인선,주안,19179,17544,36723
2022-04-13,경인선,중동,9295,8728,18023
2022-04-13,경춘선,가평,1355,1360,2715
2022-04-13,경춘선,갈매,2965,2564,5529
2022-04-13,경춘선,강촌,329,345,674
2022-04-13,경춘선,굴봉산,77,84,161
2022-04-13,경춘선,금곡,1419,1406,2825
2022-04-13,경춘선,김유정,235,218,453
2022-04-13,경춘선,남춘천,2237,2136,4373
2022-04-13,경춘선,대성리,486,429,915
2022-04-13,경춘선,마석,4034,3988,8022
2022-04-13,경춘선,백양리,65,63,128
2022-04-13,경춘선,별내,3045,2859,5904
2022-04-13,경춘선,사릉,2572,2492,5064
2022-04-13,경춘선,상천,212,201,413
2022-04-13,경춘선,신내,2256,2177,4433
2022-04-13,경춘선,천마산,1668,1467,3135
2022-04-13,경춘선,청평,1395,1372,2767
2022-04-13,경춘선,춘천,1226,1171,2397
2022-04-13,경춘선,퇴계원,3418,3188,6606
2022-04-13,경춘선,평내호평,6132,5999,12131
2022-04-13,공항철도,검암,6485,6429,12914
2022-04-13,공항철도,계양,10465,9944,20409
2022-04-13,공항철도,공덕,2153,2908,5061
2022-04-13,공항철도,공항화물청사,2303,2401,4704
2022-04-13,공항철도,김포공항,10452,6407,16859
2022-04-13,공항철도,디지털미디어시티,14096,12919,27015
2022-04-13,공항철도,마곡나루,8998,8785,17783
2022-04-13,공항철도,서울역,7082,6498,13580
2022-04-13,공항철도,영종,2942,2923,5865
2022-04-13,공항철도,운서,6618,6564,13182
2022-04-13,공항철도,인천공항1터미널,4577,4388,8965
2022-04-13,공항철도,인천공항2터미널,2402,2240,4642
2022-04-13,공항철도,청라국제도시,6836,6482,13318
2022-04-13,공항철도,홍대입구,8482,8582,17064
2022-04-13,과천선,경마공원,1599,1592,3191
2022-04-13,과천선,과천,6464,5970,12434
2022-04-13,과천선,대공원,2804,3018,5822
2022-04-13,과천선,범계,25282,25278,50560
2022-04-13,과천선,선바위,8365,7435,15800
2022-04-13,과천선,인덕원,23952,24683,48635
2022-04-13,과천선,정부과천청사,10585,10451,21036
2022-04-13,과천선,평촌,17295,17165,34460
2022-04-13,분당선,가천대,10591,11505,22096
2022-04-13,분당선,강남구청,9860,11491,21351
2022-04-13,분당선,개포동,4031,4124,8155
2022-04-13,분당선,구룡,2371,2281,4652
2022-04-13,분당선,구성,4928,5102,10030
2022-04-13,분당선,기흥,9764,9168,18932
2022-04-13,분당선,대모산입구,4473,4078,8551
2022-04-13,분당선,도곡,6721,6574,13295
2022-04-13,분당선,망포,13812,13204,27016
2022-04-13,분당선,매교,3041,3055,6096
2022-04-13,분당선,매탄권선,4978,4933,9911
2022-04-13,분당선,모란,19180,19472,38652
2022-04-13,분당선,미금,14948,15899,30847
2022-04-13,분당선,보정,2537,2149,4686
2022-04-13,분당선,복정,2,0,2
2022-04-13,분당선,상갈,5175,5079,10254
2022-04-13,분당선,서울숲,10570,10663,21233
2022-04-13,분당선,서현,22494,22898,45392
2022-04-13,분당선,선릉,13252,20146,33398
2022-04-13,분당선,선정릉,8097,8601,16698
2022-04-13,분당선,수내,12922,12919,25841
2022-04-13,분당선,수서,13047,13209,26256
2022-04-13,분당선,수원,7686,6405,14091
2022-04-13,분당선,수원시청,11884,12638,24522
2022-04-13,분당선,신갈,4280,4252,8532
2022-04-13,분당선,압구정로데오,17680,19565,37245
2022-04-13,분당선,야탑,25121,26369,51490
2022-04-13,분당선,영통,7834,7967,15801
2022-04-13,분당선,오리,11394,9243,20637
2022-04-13,분당선,이매,5600,5157,10757
2022-04-13,분당선,정자,16779,17642,34421
2022-04-13,분당선,죽전,13602,14930,28532
2022-04-13,분당선,청명,4152,4024,8176
2022-04-13,분당선,태평,12978,12561,25539
2022-04-13,분당선,한티,13732,14712,28444
2022-04-13,수인선,고색,5000,4668,9668
2022-04-13,수인선,남동인더스파크,2270,2578,4848
2022-04-13,수인선,달월,102,58,160
2022-04-13,수인선,사리,4724,4155,8879
2022-04-13,수인선,소래포구,4959,4647,9606
2022-04-13,수인선,송도,2406,2221,4627
2022-04-13,수인선,숭의,3995,3683,7678
2022-04-13,수인선,신포,1800,1804,3604
2022-04-13,수인선,야목,379,293,672
2022-04-13,수인선,어천,637,681,1318
2022-04-13,수인선,연수,4531,4419,8950
2022-04-13,수인선,오목천,3397,3178,6575
2022-04-13,수인선,원인재,4377,4662,9039
2022-04-13,수인선,월곶,2819,2576,5395
2022-04-13,수인선,인천,931,1604,2535
2022-04-13,수인선,인천논현,5546,5936,11482
2022-04-13,수인선,인하대,6992,6624,13616
2022-04-13,수인선,호구포,4078,4220,8298
2022-04-13,안산선,고잔,8654,8311,16965
2022-04-13,안산선,대야미,4902,4401,9303
2022-04-13,안산선,반월,4232,4051,8283
2022-04-13,안산선,산본,15443,16496,31939
2022-04-13,안산선,상록수,16149,16392,32541
2022-04-13,안산선,수리산,4137,3384,7521
2022-04-13,안산선,신길온천,1646,1538,3184
2022-04-13,안산선,안산,11188,10034,21222
2022-04-13,안산선,오이도,8045,7991,16036
2022-04-13,안산선,정왕,8702,9102,17804
2022-04-13,안산선,중앙,17273,18064,35337
2022-04-13,안산선,초지,5068,5569,10637
2022-04-13,안산선,한대앞,9983,10026,20009
2022-04-13,우이신설선,4.19민주묘지,3675,3607,7282
2022-04-13,우이신설선,가오리,4161,4168,8329
2022-04-13,우이신설선,보문,1499,1504,3003
2022-04-13,우이신설선,북한산보국문,5952,5678,11630
2022-04-13,우이신설선,북한산우이,2419,2131,4550
2022-04-13,우이신설선,삼양,1938,2079,4017
2022-04-13,우이신설선,삼양사거리,2346,2343,4689
2022-04-13,우이신설선,성신여대입구,3231,3494,6725
2022-04-13,우이신설선,솔밭공원,2433,2307,4740
2022-04-13,우이신설선,솔샘,5759,5499,11258
2022-04-13,우이신설선,신설동,2150,2059,4209
2022-04-13,우이신설선,정릉,4655,4226,8881
2022-04-13,우이신설선,화계,3344,3148,6492
2022-04-13,일산선,대곡,2091,1706,3797
2022-04-13,일산선,대화,12554,10151,22705
2022-04-13,일산선,마두,7267,7529,14796
2022-04-13,일산선,백석,9375,9231,18606
2022-04-13,일산선,삼송,19260,18802,38062
2022-04-13,일산선,원당,11239,10643,21882
2022-04-13,일산선,원흥,10812,10250,21062
2022-04-13,일산선,정발산,6569,6678,13247
2022-04-13,일산선,주엽,8778,8813,17591
2022-04-13,일산선,화정,16312,16786,33098
2022-04-13,장항선,배방,1016,963,1979
2022-04-13,장항선,봉명,1250,1214,2464
2022-04-13,장항선,신창,2537,2420,4957
2022-04-13,장항선,쌍용,2863,2635,5498
2022-04-13,장항선,아산,3543,3126,6669
2022-04-13,장항선,온양온천,3219,3311,6530
2022-04-13,장항선,탕정,702,618,1320
2022-04-13,중앙선,구리,12804,13122,25926
2022-04-13,중앙선,국수,699,670,1369
2022-04-13,중앙선,덕소,5307,5291,10598
2022-04-13,중앙선,도농,10317,9335,19652
2022-04-13,중앙선,도심,2380,1891,4271
2022-04-13,중앙선,망우,7421,7360,14781
2022-04-13,중앙선,상봉,5278,5356,10634
2022-04-13,중앙선,신원,152,139,291
2022-04-13,중앙선,아신,452,471,923
2022-04-13,중앙선,양수,1576,1628,3204
2022-04-13,중앙선,양원,2976,2880,5856
2022-04-13,중앙선,양정,688,572,1260
2022-04-13,중앙선,양평,3067,3149,6216
2022-04-13,중앙선,오빈,264,269,533
2022-04-13,중앙선,용문,1474,1459,2933
2022-04-13,중앙선,운길산,644,610,1254
2022-04-13,중앙선,원덕,344,360,704
2022-04-13,중앙선,중랑,5416,5040,10456
2022-04-13,중앙선,지평,41,58,99
2022-04-13,중앙선,팔당,723,748,1471
2022-04-13,중앙선,회기,24363,23841,48204
2022-04-14,1호선,동대문,10529,10090,20619
2022-04-14,1호선,동묘앞,7460,7831,15291
2022-04-14,1호선,서울역,41503,40369,81872
2022-04-14,1호선,시청,22527,22645,45172
2022-04-14,1호선,신설동,13729,13443,27172
2022-04-14,1호선,제기동,16818,17180,33998
2022-04-14,1호선,종각,33674,33025,66699
2022-04-14,1호선,종로3가,24054,21759,45813
2022-04-14,1호선,종로5가,22173,22123,44296
2022-04-14,1호선,청량리,19187,18912,38099
2022-04-14,2호선,강남,80995,80315,161310
2022-04-14,2호선,강변,28986,27101,56087
2022-04-14,2호선,건대입구,34408,36548,70956
2022-04-14,2호선,교대,34336,38956,73292
2022-04-14,2호선,구로디지털단지,58675,58651,117326
2022-04-14,2호선,구의,23593,23267,46860
2022-04-14,2호선,낙성대,27036,26318,53354
2022-04-14,2호선,당산,18909,21802,40711
2022-04-14,2호선,대림,23479,23887,47366
2022-04-14,2호선,도림천,1421,1490,2911
2022-04-14,2호선,동대문역사문화공원,11527,12719,24246
2022-04-14,2호선,뚝섬,21876,23743,45619
2022-04-14,2호선,문래,22079,22457,44536
2022-04-14,2호선,방배,19487,20347,39834
2022-04-14,2호선,봉천,23738,21771,45509
2022-04-14,2호선,사당,36506,40493,76999
2022-04-14,2호선,삼성,51891,53114,105005
2022-04-14,2호선,상왕십리,14073,13687,27760
2022-04-14,2호선,서울대입구,47550,46184,93734
2022-04-14,2호선,서초,21493,20626,42119
2022-04-14,2호선,선릉,56141,50416,106557
2022-04-14,2호선,성수,37342,41222,78564
2022-04-14,2호선,시청,23306,22703,46009
2022-04-14,2호선,신답,1642,1811,3453
2022-04-14,2호선,신당,13695,14316,28011
2022-04-14,2호선,신대방,26395,25511,51906
2022-04-14,2호선,신도림,47015,47177,94192
2022-04-14,2호선,신림,62847,60371,123218
2022-04-14,2호선,신설동,3151,1743,4894
2022-04-14,2호선,신정네거리,10279,10531,20810
2022-04-14,2호선,신촌,31145,31779,62924
2022-04-14,2호선,아현,10646,10198,20844
2022-04-14,2호선,양천구청,6767,6938,13705
2022-04-14,2호선,역삼,51307,58173,109480
2022-04-14,2호선,영등포구청,22369,23259,45628
2022-04-14,2호선,왕십리,16550,13201,29751
2022-04-14,2호선,용답,3185,3290,6475
2022-04-14,2호선,용두,2353,2328,4681
2022-04-14,2호선,을지로3가,22021,22314,44335
2022-04-14,2호선,을지로4가,12573,13053,25626
2022-04-14,2호선,을지로입구,37939,39617,77556
2022-04-14,2호선,이대,13495,14082,27577
2022-04-14,2호선,잠실,67134,67254,134388
2022-04-14,2호선,잠실나루,14642,14170,28812
2022-04-14,2호선,잠실새내,20715,20700,41415
2022-04-14,2호선,종합운동장,9940,10698,20638
2022-04-14,2호선,충정로,10018,10611,20629
2022-04-14,2호선,한양대,14959,16406,31365
2022-04-14,2호선,합정,30027,31462,61489
2022-04-14,2호선,홍대입구,49852,53134,102986
2022-04-14,3호선,가락시장,8996,8742,17738
2022-04-14,3호선,경복궁,21937,21720,43657
2022-04-14,3호선,경찰병원,7331,7456,14787
2022-04-14,3호선,고속터미널,36598,35533,72131
2022-04-14,3호선,교대,14849,9591,24440
2022-04-14,3호선,구파발,20463,19586,40049
2022-04-14,3호선,금호,7747,7226,14973
2022-04-14,3호선,남부터미널,28537,28845,57382
2022-04-14,3호선,녹번,15893,13982,29875
2022-04-14,3호선,대청,10200,9300,19500
2022-04-14,3호선,대치,10694,10778,21472
2022-04-14,3호선,도곡,5257,5538,10795
2022-04-14,3호선,독립문,6880,7222,14102
2022-04-14,3호선,동대입구,8913,9906,18819
2022-04-14,3호선,매봉,12357,11972,24329
2022-04-14,3호선,무악재,3999,4008,8007
2022-04-14,3호선,불광,16081,17169,33250
2022-04-14,3호선,수서,16649,16999,33648
2022-04-14,3호선,신사,29587,31178,60765
2022-04-14,3호선,안국,20544,21455,41999
2022-04-14,3호선,압구정,30085,32619,62704
2022-04-14,3호선,약수,12878,12614,25492
2022-04-14,3호선,양재,38258,41871,80129
2022-04-14,3호선,연신내,36078,34153,70231
2022-04-14,3호선,오금,6199,5808,12007
2022-04-14,3호선,옥수,8771,9008,17779
2022-04-14,3호선,을지로3가,10364,10551,20915
2022-04-14,3호선,일원,10626,10191,20817
2022-04-14,3호선,잠원,4871,4793,9664
2022-04-14,3호선,종로3가,9806,11264,21070
2022-04-14,3호선,지축,5162,4733,9895
2022-04-14,3호선,충무로,2,0,2
2022-04-14,3호선,학여울,2870,2954,5824
2022-04-14,3호선,홍제,17622,16855,34477
2022-04-14,4호선,길음,21311,21160,42471
2022-04-14,4호선,남태령,1158,1075,2233
2022-04-14,4호선,노원,18403,20935,39338
2022-04-14,4호선,당고개,8883,7951,16834
2022-04-14,4호선,동대문,19283,19934,39217
2022-04-14,4호선,동대문역사문화공원,13783,12595,26378
2022-04-14,4호선,동작,1489,1732,3221
2022-04-14,4호선,명동,19574,20237,39811
2022-04-14,4호선,미아,15593,15253,30846
2022-04-14,4호선,미아사거리,26930,26165,53095
2022-04-14,4호선,사당,25389,21127,46516
2022-04-14,4호선,삼각지,5012,5520,10532
2022-04-14,4호선,상계,19283,17700,36983
2022-04-14,4호선,서울역,11008,16079,27087
2022-04-14,4호선,성신여대입구,20537,19412,39949
2022-04-14,4호선,수유,33358,33206,66564
2022-04-14,4호선,숙대입구,14226,13643,27869
2022-04-14,4호선,신용산,15808,16742,32550
2022-04-14,4호선,쌍문,29260,26845,56105
2022-04-14,4호선,이촌,7100,7954,15054
2022-04-14,4호선,창동,25073,26003,51076
2022-04-14,4호선,총신대입구,18714,20270,38984
2022-04-14,4호선,충무로,28922,29639,58561
2022-04-14,4호선,한성대입구,14203,13805,28008
2022-04-14,4호선,혜화,31475,31658,63133
2022-04-14,4호선,회현,23865,25647,49512
2022-04-14,5호선,강동,18737,18084,36821
2022-04-14,5호선,강일,4140,3939,8079
2022-04-14,5호선,개롱,6438,6679,13117
2022-04-14,5호선,개화산,5600,5336,10936
2022-04-14,5호선,거여,10400,9851,20251
2022-04-14,5호선,고덕,9576,9373,18949
2022-04-14,5호선,공덕,14085,15089,29174
2022-04-14,5호선,광나루,13563,12255,25818
2022-04-14,5호선,광화문,29362,30857,60219
2022-04-14,5호선,군자,11224,12255,23479
2022-04-14,5호선,굽은다리,9349,8792,18141
2022-04-14,5호선,길동,7810,8015,15825
2022-04-14,5호선,김포공항,6869,6760,13629
2022-04-14,5호선,까치산,28650,27139,55789
2022-04-14,5호선,답십리,15671,14331,30002
2022-04-14,5호선,동대문역사문화공원,2715,3206,5921
2022-04-14,5호선,둔촌동,8351,8415,16766
2022-04-14,5호선,마곡,10653,10862,21515
2022-04-14,5호선,마장,5789,5486,11275
2022-04-14,5호선,마천,7344,7046,14390
2022-04-14,5호선,마포,14634,15143,29777
2022-04-14,5호선,명일,8524,8812,17336
2022-04-14,5호선,목동,16755,17960,34715
2022-04-14,5호선,미사,15898,15830,31728
2022-04-14,5호선,발산,20346,20876,41222
2022-04-14,5호선,방이,7096,7363,14459
2022-04-14,5호선,방화,6649,6387,13036
2022-04-14,5호선,상일동,14897,13855,28752
2022-04-14,5호선,서대문,20003,20293,40296
2022-04-14,5호선,송정,6470,6070,12540
2022-04-14,5호선,신금호,6611,6793,13404
2022-04-14,5호선,신길,4235,4370,8605
2022-04-14,5호선,신정,13985,11216,25201
2022-04-14,5호선,아차산,14843,14178,29021
2022-04-14,5호선,애오개,6816,6967,13783
2022-04-14,5호선,양평,7505,7363,14868
2022-04-14,5호선,여의나루,10898,12280,23178
2022-04-14,5호선,여의도,28542,30240,58782
2022-04-14,5호선,영등포구청,4096,4074,8170
2022-04-14,5호선,영등포시장,9995,10218,20213
2022-04-14,5호선,오금,3934,3865,7799
2022-04-14,5호선,오목교,20996,22701,43697
2022-04-14,5호선,올림픽공원,4471,3765,8236
2022-04-14,5호선,왕십리,4631,5226,9857
2022-04-14,5호선,우장산,14761,14277,29038
2022-04-14,5호선,을지로4가,6068,5891,11959
2022-04-14,5호선,장한평,18631,18296,36927
2022-04-14,5호선,종로3가,11795,11864,23659
2022-04-14,5호선,천호,17261,17369,34630
2022-04-14,5호선,청구,4030,3596,7626
2022-04-14,5호선,충정로,4835,5154,9989
2022-04-14,5호선,하남검단산,5508,5356,10864
2022-04-14,5호선,하남시청,7011,6773,13784
2022-04-14,5호선,하남풍산,4416,4248,8664
2022-04-14,5호선,행당,8106,7215,15321
2022-04-14,5호선,화곡,28212,26413,54625
2022-04-14,6호선,고려대,8739,8479,17218
2022-04-14,6호선,공덕,18415,17911,36326
2022-04-14,6호선,광흥창,9128,8732,17860
2022-04-14,6호선,구산,7750,5677,13427
2022-04-14,6호선,녹사평,4655,4570,9225
2022-04-14,6호선,대흥,8524,8707,17231
2022-04-14,6호선,독바위,2689,2918,5607
2022-04-14,6호선,돌곶이,9974,9200,19174
2022-04-14,6호선,동묘앞,7439,7662,15101
2022-04-14,6호선,디지털미디어시티,13893,15182,29075
2022-04-14,6호선,마포구청,14089,12455,26544
2022-04-14,6호선,망원,13410,14250,27660
2022-04-14,6호선,버티고개,2156,2065,4221
2022-04-14,6호선,보문,7313,6674,13987
2022-04-14,6호선,봉화산,8923,8400,17323
2022-04-14,6호선,불광,4060,3922,7982
2022-04-14,6호선,삼각지,6491,5802,12293
2022-04-14,6호선,상수,8155,9260,17415
2022-04-14,6호선,상월곡,6415,5887,12302
2022-04-14,6호선,새절,13404,12384,25788
2022-04-14,6호선,석계,12428,13060,25488
2022-04-14,6호선,신당,8287,8923,17210
2022-04-14,6호선,안암,13696,13744,27440
2022-04-14,6호선,약수,3605,3592,7197
2022-04-14,6호선,역촌,3583,4322,7905
2022-04-14,6호선,연신내,1,0,1
2022-04-14,6호선,월곡,12306,11978,24284
2022-04-14,6호선,월드컵경기장,4023,4321,8344
2022-04-14,6호선,응암,17420,17268,34688
2022-04-14,6호선,이태원,9479,10097,19576
2022-04-14,6호선,증산,10004,9928,19932
2022-04-14,6호선,창신,3661,3116,6777
2022-04-14,6호선,청구,3753,3964,7717
2022-04-14,6호선,태릉입구,5609,6131,11740
2022-04-14,6호선,한강진,7100,8471,15571
2022-04-14,6호선,합정,12606,12587,25193
2022-04-14,6호선,화랑대,12418,9380,21798
2022-04-14,6호선,효창공원앞,7226,6729,13955
2022-04-14,7호선,가산디지털단지,44881,45485,90366
2022-04-14,7호선,강남구청,15786,17762,33548
2022-04-14,7호선,건대입구,12430,12749,25179
2022-04-14,7호선,고속터미널,14738,12594,27332
2022-04-14,7호선,공릉,12763,12485,25248
2022-04-14,7호선,광명사거리,21948,21604,43552
2022-04-14,7호선,군자,14820,11783,26603
2022-04-14,7호선,남구로,15304,16513,31817
2022-04-14,7호선,남성,11064,10188,21252
2022-04-14,7호선,내방,14552,14931,29483
2022-04-14,7호선,노원,18395,19449,37844
2022-04-14,7호선,논현,20004,21815,41819
2022-04-14,7호선,대림,7324,7225,14549
2022-04-14,7호선,도봉산,9541,10872,20413
2022-04-14,7호선,뚝섬유원지,8139,7884,16023
2022-04-14,7호선,마들,12890,12124,25014
2022-04-14,7호선,먹골,10123,9657,19780
2022-04-14,7호선,면목,16593,16007,32600
2022-04-14,7호선,반포,5752,5611,11363
2022-04-14,7호선,보라매,10084,9978,20062
2022-04-14,7호선,사가정,16183,16210,32393
2022-04-14,7호선,상도,11220,10750,21970
2022-04-14,7호선,상봉,16707,15593,32300
2022-04-14,7호선,수락산,12397,12183,24580
2022-04-14,7호선,숭실대입구,14865,14973,29838
2022-04-14,7호선,신대방삼거리,16924,16002,32926
2022-04-14,7호선,신풍,11581,11018,22599
2022-04-14,7호선,어린이대공원,14490,14821,29311
2022-04-14,7호선,온수,11283,10535,21818
2022-04-14,7호선,용마산,6219,5867,12086
2022-04-14,7호선,이수,15511,15197,30708
2022-04-14,7호선,장승배기,8874,8746,17620
2022-04-14,7호선,장암,2262,888,3150
2022-04-14,7호선,중계,14973,13628,28601
2022-04-14,7호선,중곡,11175,10358,21533
2022-04-14,7호선,중화,10679,10443,21122
2022-04-14,7호선,천왕,11569,10999,22568
2022-04-14,7호선,철산,20924,21237,42161
2022-04-14,7호선,청담,19533,22092,41625
2022-04-14,7호선,태릉입구,9019,8627,17646
2022-04-14,7호선,하계,18295,17118,35413
2022-04-14,7호선,학동,24204,26202,50406
2022-04-14,8호선,가락시장,7747,8607,16354
2022-04-14,8호선,강동구청,10537,10808,21345
2022-04-14,8호선,남위례,4895,5048,9943
2022-04-14,8호선,남한산성입구,15509,14332,29841
2022-04-14,8호선,단대오거리,11431,10818,22249
2022-04-14,8호선,모란,6282,4985,11267
2022-04-14,8호선,몽촌토성,5934,6086,12020
2022-04-14,8호선,문정,22014,23360,45374
2022-04-14,8호선,복정,10284,8617,18901
2022-04-14,8호선,산성,5490,5464,10954
2022-04-14,8호선,석촌,7823,8869,16692
2022-04-14,8호선,송파,8215,8059,16274
2022-04-14,8호선,수진,5530,4980,10510
2022-04-14,8호선,신흥,4151,4456,8607
2022-04-14,8호선,암사,18986,16523,35509
2022-04-14,8호선,잠실,13441,15954,29395
2022-04-14,8호선,장지,17268,16464,33732
2022-04-14,8호선,천호,14502,16555,31057
2022-04-14,9호선,가양,20728,19972,40700
2022-04-14,9호선,개화,2461,1745,4206
2022-04-14,9호선,고속터미널,11822,14167,25989
2022-04-14,9호선,공항시장,3108,3313,6421
2022-04-14,9호선,구반포,1232,1334,2566
2022-04-14,9호선,국회의사당,16317,17074,33391
2022-04-14,9호선,김포공항,6724,10929,17653
2022-04-14,9호선,노들,4394,3712,8106
2022-04-14,9호선,노량진,26172,25223,51395
2022-04-14,9호선,당산,18305,18255,36560
2022-04-14,9호선,동작,2145,1759,3904
2022-04-14,9호선,등촌,11089,10643,21732
2022-04-14,9호선,마곡나루,12179,12162,24341
2022-04-14,9호선,사평,3501,3322,6823
2022-04-14,9호선,샛강,5863,6085,11948
2022-04-14,9호선,선유도,8819,8338,17157
2022-04-14,9호선,신논현,30523,30527,61050
2022-04-14,9호선,신목동,4182,3565,7747
2022-04-14,9호선,신반포,3469,3461,6930
2022-04-14,9호선,신방화,6715,6457,13172
2022-04-14,9호선,양천향교,10068,10122,20190
2022-04-14,9호선,여의도,27664,27156,54820
2022-04-14,9호선,염창,17589,16917,34506
2022-04-14,9호선,증미,7300,7058,14358
2022-04-14,9호선,흑석,9019,9069,18088
2022-04-14,9호선2~3단계,둔촌오륜,1221,1085,2306
2022-04-14,9호선2~3단계,봉은사,17169,17677,34846
2022-04-14,9호선2~3단계,삼성중앙,6768,7190,13958
2022-04-14,9호선2~3단계,삼전,6708,6492,13200
2022-04-14,9호선2~3단계,석촌,8573,7508,16081
2022-04-14,9호선2~3단계,석촌고분,5987,5854,11841
2022-04-14,9호선2~3단계,선정릉,9504,10598,20102
2022-04-14,9호선2~3단계,송파나루,5040,5277,10317
2022-04-14,9호선2~3단계,언주,10106,10542,20648
2022-04-14,9호선2~3단계,올림픽공원,5768,5870,11638
2022-04-14,9호선2~3단계,종합운동장,4078,4235,8313
2022-04-14,9호선2~3단계,중앙보훈병원,11050,9846,20896
2022-04-14,9호선2~3단계,한성백제,2560,2280,4840
2022-04-14,경강선,경기광주,7694,7234,14928
2022-04-14,경강선,곤지암,2205,2198,4403
2022-04-14,경강선,부발,2061,1964,4025
2022-04-14,경강선,삼동,2457,2237,4694
2022-04-14,경강선,세종대왕릉,293,302,595
2022-04-14,경강선,신둔도예촌,1589,1409,2998
2022-04-14,경강선,여주,2630,2448,5078
2022-04-14,경강선,이매,1125,944,2069
2022-04-14,경강선,이천,2569,2626,5195
2022-04-14,경강선,초월,3241,3048,6289
2022-04-14,경강선,판교,4636,4622,9258
2022-04-14,경부선,가산디지털단지,18689,21688,40377
2022-04-14,경부선,관악,7370,6853,14223
2022-04-14,경부선,광명,3223,2771,5994
2022-04-14,경부선,구로,18225,18911,37136
2022-04-14,경부선,군포,7943,7872,15815
2022-04-14,경부선,금정,26932,27466,54398
2022-04-14,경부선,금천구청,11662,11843,23505
2022-04-14,경부선,남영,9655,10287,19942
2022-04-14,경부선,노량진,7971,8232,16203
2022-04-14,경부선,당정,6718,6367,13085
2022-04-14,경부선,대방,13099,13391,26490
2022-04-14,경부선,독산,19036,19629,38665
2022-04-14,경부선,두정,7299,7474,14773
2022-04-14,경부선,명학,10650,10471,21121
2022-04-14,경부선,병점,15258,15384,30642
2022-04-14,경부선,서동탄,1392,1192,2584
2022-04-14,경부선,서울역,5553,1859,7412
2022-04-14,경부선,서정리,7371,6660,14031
2022-04-14,경부선,석수,9839,8782,18621
2022-04-14,경부선,성균관대,15327,14907,30234
2022-04-14,경부선,성환,3324,3225,6549
2022-04-14,경부선,세류,2937,2681,5618
2022-04-14,경부선,세마,2814,2691,5505
2022-04-14,경부선,송탄,4321,4203,8524
2022-04-14,경부선,수원,34487,36804,71291
2022-04-14,경부선,신길,9112,7690,16802
2022-04-14,경부선,신도림,4086,4132,8218
2022-04-14,경부선,안양,26362,26020,52382
2022-04-14,경부선,영등포,35530,36450,71980
2022-04-14,경부선,오산,9842,9882,19724
2022-04-14,경부선,오산대,3860,3656,7516
2022-04-14,경부선,용산,30983,31323,62306
2022-04-14,경부선,의왕,9476,9433,18909
2022-04-14,경부선,직산,829,843,1672
2022-04-14,경부선,진위,1686,1463,3149
2022-04-14,경부선,천안,6696,6097,12793
2022-04-14,경부선,평택,12137,12168,24305
2022-04-14,경부선,평택지제,3401,3281,6682
2022-04-14,경부선,화서,8247,7971,16218
2022-04-14,경원선,가능,6945,6653,13598
2022-04-14,경원선,광운대,9079,8847,17926
2022-04-14,경원선,녹양,4784,4524,9308
2022-04-14,경원선,녹천,4790,4021,8811
2022-04-14,경원선,덕계,3347,3024,6371
2022-04-14,경원선,덕정,6468,6221,12689
2022-04-14,경원선,도봉,5967,5597,11564
2022-04-14,경원선,도봉산,7783,5121,12904
2022-04-14,경원선,동두천,2777,2969,5746
2022-04-14,경원선,동두천중앙,3143,2992,6135
2022-04-14,경원선,망월사,9728,9796,19524
2022-04-14,경원선,방학,9805,9636,19441
2022-04-14,경원선,보산,1518,1432,2950
2022-04-14,경원선,서빙고,2048,1845,3893
2022-04-14,경원선,석계,8271,8988,17259
2022-04-14,경원선,소요산,2471,2174,4645
2022-04-14,경원선,신이문,8368,7774,16142
2022-04-14,경원선,양주,8019,7539,15558
2022-04-14,경원선,옥수,53,42,95
2022-04-14,경원선,왕십리,14248,15480,29728
2022-04-14,경원선,외대앞,8382,8349,16731
2022-04-14,경원선,월계,8525,7898,16423
2022-04-14,경원선,응봉,1976,1685,3661
2022-04-14,경원선,의정부,18054,18587,36641
2022-04-14,경원선,이촌,3698,2848,6546
2022-04-14,경원선,지행,6823,6985,13808
2022-04-14,경원선,창동,1,0,1
2022-04-14,경원선,청량리,14120,14764,28884
2022-04-14,경원선,한남,4092,3953,8045
2022-04-14,경원선,회룡,12674,12683,25357
2022-04-14,경의선,가좌,5494,5287,10781
2022-04-14,경의선,강매,3392,2928,6320
2022-04-14,경의선,계양,1,0,1
2022-04-14,경의선,곡산,635,708,1343
2022-04-14,경의선,공덕,3501,3149,6650
2022-04-14,경의선,금릉,4879,4814,9693
2022-04-14,경의선,금촌,6234,6214,12448
2022-04-14,경의선,능곡,3917,3665,7582
2022-04-14,경의선,디지털미디어시티,2649,2454,5103
2022-04-14,경의선,문산,5229,5338,10567
2022-04-14,경의선,백마,7065,6952,14017
2022-04-14,경의선,서강대,2169,2106,4275
2022-04-14,경의선,서울역,4492,5502,9994
2022-04-14,경의선,수색,2906,3083,5989
2022-04-14,경의선,신촌,869,1137,2006
2022-04-14,경의선,야당,7681,7622,15303
2022-04-14,경의선,운정,7161,6745,13906
2022-04-14,경의선,월롱,2956,2786,5742
2022-04-14,경의선,일산,9716,9720,19436
2022-04-14,경의선,임진강,12,5,17
2022-04-14,경의선,탄현,7978,7566,15544
2022-04-14,경의선,파주,1546,1106,2652
2022-04-14,경의선,풍산,5766,5255,11021
2022-04-14,경의선,행신,7975,8171,16146
2022-04-14,경의선,홍대입구,1634,1841,3475
2022-04-14,경의선,화전,3628,3372,7000
2022-04-14,경의선,효창공원앞,3135,3392,6527
2022-04-14,경인선,간석,5963,5316,11279
2022-04-14,경인선,개봉,21378,20919,42297
2022-04-14,경인선,구일,7501,7464,14965
2022-04-14,경인선,도원,3305,3240,6545
2022-04-14,경인선,도화,4250,3867,8117
2022-04-14,경인선,동암,14486,14556,29042
2022-04-14,경인선,동인천,13896,13211,27107
2022-04-14,경인선,백운,7067,6869,13936
2022-04-14,경인선,부개,8655,8107,16762
2022-04-14,경인선,부천,32233,32146,64379
2022-04-14,경인선,부평,27915,29964,57879
2022-04-14,경인선,소사,9212,8821,18033
2022-04-14,경인선,송내,27730,27642,55372
2022-04-14,경인선,역곡,28449,27888,56337
2022-04-14,경인선,오류동,12162,11267,23429
2022-04-14,경인선,온수,7225,6874,14099
2022-04-14,경인선,인천,3557,2793,6350
2022-04-14,경인선,제물포,11008,10505,21513
2022-04-14,경인선,주안,19487,17696,37183
2022-04-14,경인선,중동,9539,8895,18434
2022-04-14,경춘선,가평,1487,1573,3060
2022-04-14,경춘선,갈매,3057,2674,5731
2022-04-14,경춘선,강촌,406,425,831
2022-04-14,경춘선,굴봉산,147,146,293
2022-04-14,경춘선,금곡,1552,1533,3085
2022-04-14,경춘선,김유정,263,296,559
2022-04-14,경춘선,남춘천,2573,2385,4958
2022-04-14,경춘선,대성리,634,610,1244
2022-04-14,경춘선,마석,3871,3936,7807
2022-04-14,경춘선,백양리,79,88,167
2022-04-14,경춘선,별내,3191,2984,6175
2022-04-14,경춘선,사릉,2547,2550,5097
2022-04-14,경춘선,상천,305,280,585
2022-04-14,경춘선,신내,2356,2219,4575
2022-04-14,경춘선,천마산,1724,1580,3304
2022-04-14,경춘선,청평,1591,1555,3146
2022-04-14,경춘선,춘천,1550,1290,2840
2022-04-14,경춘선,퇴계원,3520,3271,6791
2022-04-14,경춘선,평내호평,6102,6119,12221
2022-04-14,공항철도,검암,6681,6723,13404
2022-04-14,공항철도,계양,10702,10111,20813
2022-04-14,공항철도,공덕,2270,2957,5227
2022-04-14,공항철도,공항화물청사,2276,2515,4791
2022-04-14,공항철도,김포공항,11274,6499,17773
2022-04-14,공항철도,디지털미디어시티,14094,13186,27280
2022-04-14,공항철도,마곡나루,9222,9039,18261
2022-04-14,공항철도,서울역,7483,7007,14490
2022-04-14,공항철도,영종,3176,3207,6383
2022-04-14,공항철도,운서,6915,7023,13938
2022-04-14,공항철도,인천공항1터미널,4479,4080,8559
2022-04-14,공항철도,인천공항2터미널,2759,2382,5141
2022-04-14,공항철도,청라국제도시,6869,6615,13484
2022-04-14,공항철도,홍대입구,8858,8935,17793
2022-04-14,과천선,경마공원,1517,1472,2989
2022-04-14,과천선,과천,6398,5837,12235
2022-04-14,과천선,대공원,4136,4217,8353
2022-04-14,과천선,범계,25459,25522,50981
2022-04-14,과천선,선바위,8421,7641,16062
2022-04-14,과천선,인덕원,24524,25294,49818
2022-04-14,과천선,정부과천청사,10705,10671,21376
2022-04-14,과천선,평촌,18040,17631,35671
2022-04-14,분당선,가천대,11020,12048,23068
2022-04-14,분당선,강남구청,9848,11489,21337
2022-04-14,분당선,개포동,3933,4100,8033
2022-04-14,분당선,구룡,2422,2308,4730
2022-04-14,분당선,구성,4991,5257,10248
2022-04-14,분당선,기흥,10289,9425,19714
2022-04-14,분당선,대모산입구,4634,4344,8978
2022-04-14,분당선,도곡,7038,6933,13971
2022-04-14,분당선,망포,14353,13722,28075
2022-04-14,분당선,매교,3157,3205,6362
2022-04-14,분당선,매탄권선,5181,5060,10241
2022-04-14,분당선,모란,25853,26876,52729
2022-04-14,분당선,미금,15606,16584,32190
2022-04-14,분당선,보정,2597,2364,4961
2022-04-14,분당선,상갈,5510,5348,10858
2022-04-14,분당선,서울숲,11295,11518,22813
2022-04-14,분당선,서현,23005,23477,46482
2022-04-14,분당선,선릉,13314,20154,33468
2022-04-14,분당선,선정릉,8133,8656,16789
2022-04-14,분당선,수내,13232,13064,26296
2022-04-14,분당선,수서,13811,14115,27926
2022-04-14,분당선,수원,8193,6748,14941
2022-04-14,분당선,수원시청,12302,13088,25390
2022-04-14,분당선,신갈,4483,4426,8909
2022-04-14,분당선,압구정로데오,18444,20763,39207
2022-04-14,분당선,야탑,25900,27072,52972
2022-04-14,분당선,영통,8171,8243,16414
2022-04-14,분당선,오리,11838,9719,21557
2022-04-14,분당선,이매,5862,5545,11407
2022-04-14,분당선,정자,17377,18440,35817
2022-04-14,분당선,죽전,14266,15607,29873
2022-04-14,분당선,청명,4334,4225,8559
2022-04-14,분당선,태평,13681,13128,26809
2022-04-14,분당선,한티,13999,14972,28971
2022-04-14,수인선,고색,5057,4811,9868
2022-04-14,수인선,남동인더스파크,2273,2616,4889
2022-04-14,수인선,달월,91,58,149
2022-04-14,수인선,사리,4998,4387,9385
2022-04-14,수인선,소래포구,5576,5258,10834
2022-04-14,수인선,송도,2579,2352,4931
2022-04-14,수인선,숭의,4034,3751,7785
2022-04-14,수인선,신포,1985,1928,3913
2022-04-14,수인선,야목,415,287,702
2022-04-14,수인선,어천,686,782,1468
2022-04-14,수인선,연수,4742,4643,9385
2022-04-14,수인선,오목천,3665,3449,7114
2022-04-14,수인선,원인재,4496,4738,9234
2022-04-14,수인선,월곶,2873,2659,5532
2022-04-14,수인선,인천,962,1701,2663
2022-04-14,수인선,인천논현,5699,5964,11663
2022-04-14,수인선,인하대,7077,6697,13774
2022-04-14,수인선,호구포,4065,4303,8368
2022-04-14,안산선,고잔,9205,8609,17814
2022-04-14,안산선,대야미,5267,4702,9969
2022-04-14,안산선,반월,4363,4193,8556
2022-04-14,안산선,산본,15560,16755,32315
2022-04-14,안산선,상록수,16523,16767,33290
2022-04-14,안산선,수리산,4399,3607,8006
2022-04-14,안산선,신길온천,1732,1601,3333
2022-04-14,안산선,안산,11303,10165,21468
2022-04-14,안산선,오이도,8421,8348,16769
2022-04-14,안산선,정왕,10415,10430,20845
2022-04-14,안산선,중앙,18166,18841,37007
2022-04-14,안산선,초지,5107,5560,10667
2022-04-14,안산선,한대앞,10616,10685,21301
2022-04-14,우이신설선,4.19민주묘지,3354,3210,6564
2022-04-14,우이신설선,가오리,4244,4144,8388
2022-04-14,우이신설선,보문,1534,1521,3055
2022-04-14,우이신설선,북한산보국문,6113,5636,11749
2022-04-14,우이신설선,북한산우이,2597,2439,5036
2022-04-14,우이신설선,삼양,1941,2015,3956
2022-04-14,우이신설선,삼양사거리,2379,2402,4781
2022-04-14,우이신설선,성신여대입구,3150,3440,6590
2022-04-14,우이신설선,솔밭공원,2520,2365,4885
2022-04-14,우이신설선,솔샘,5869,5374,11243
2022-04-14,우이신설선,신설동,2218,2137,4355
2022-04-14,우이신설선,정릉,4729,4250,8979
2022-04-14,우이신설선,화계,3455,3166,6621
2022-04-14,일산선,대곡,2150,1724,3874
2022-04-14,일산선,대화,12815,10395,23210
2022-04-14,일산선,마두,7451,7676,15127
2022-04-14,일산선,백석,9873,9709,19582
2022-04-14,일산선,삼송,20006,19232,39238
2022-04-14,일산선,원당,11490,10820,22310
2022-04-14,일산선,원흥,11013,10341,21354
2022-04-14,일산선,정발산,6728,6898,13626
2022-04-14,일산선,주엽,8878,8930,17808
2022-04-14,일산선,지축,1,0,1
2022-04-14,일산선,화정,16713,17112,33825
2022-04-14,장항선,배방,1139,1085,2224
2022-04-14,장항선,봉명,1247,1198,2445
2022-04-14,장항선,신창,2897,2424,5321
2022-04-14,장항선,쌍용,2870,2610,5480
2022-04-14,장항선,아산,3669,3241,6910
2022-04-14,장항선,온양온천,4207,4457,8664
2022-04-14,장항선,탕정,774,693,1467
2022-04-14,중앙선,구리,13136,13401,26537
2022-04-14,중앙선,국수,786,821,1607
2022-04-14,중앙선,덕소,5514,5743,11257
2022-04-14,중앙선,도농,10640,9676,20316
2022-04-14,중앙선,도심,2471,1941,4412
2022-04-14,중앙선,망우,7739,7518,15257
2022-04-14,중앙선,상봉,5708,5714,11422
2022-04-14,중앙선,신원,221,190,411
2022-04-14,중앙선,아신,543,537,1080
2022-04-14,중앙선,양수,1883,1875,3758
2022-04-14,중앙선,양원,3063,2953,6016
2022-04-14,중앙선,양정,745,620,1365
2022-04-14,중앙선,양평,2664,2723,5387
2022-04-14,중앙선,오빈,321,365,686
2022-04-14,중앙선,용문,1660,1640,3300
2022-04-14,중앙선,운길산,798,767,1565
2022-04-14,중앙선,원덕,400,378,778
2022-04-14,중앙선,중랑,5633,5233,10866
2022-04-14,중앙선,지평,70,82,152
2022-04-14,중앙선,팔당,858,871,1729
2022-04-14,중앙선,회기,25237,24255,49492
2022-04-15,1호선,동대문,11210,9977,21187
2022-04-15,1호선,동묘앞,8638,9057,17695
2022-04-15,1호선,서울역,46888,46616,93504
2022-04-15,1호선,시청,22215,22793,45008
2022-04-15,1호선,신설동,14173,13906,28079
2022-04-15,1호선,제기동,18098,18464,36562
2022-04-15,1호선,종각,34175,33628,67803
2022-04-15,1호선,종로3가,26258,24349,50607
2022-04-15,1호선,종로5가,23487,23394,46881
2022-04-15,1호선,청량리,21332,21033,42365
2022-04-15,2호선,강남,85967,87465,173432
2022-04-15,2호선,강변,32243,30829,63072
2022-04-15,2호선,건대입구,37688,41159,78847
2022-04-15,2호선,교대,34958,39661,74619
2022-04-15,2호선,구로디지털단지,59248,58871,118119
2022-04-15,2호선,구의,24283,23552,47835
2022-04-15,2호선,낙성대,28361,26317,54678
2022-04-15,2호선,당산,19698,22507,42205
2022-04-15,2호선,대림,24626,24967,49593
2022-04-15,2호선,도림천,1419,1462,2881
2022-04-15,2호선,동대문역사문화공원,12429,13400,25829
2022-04-15,2호선,뚝섬,23797,25378,49175
2022-04-15,2호선,문래,22238,23111,45349
2022-04-15,2호선,방배,19053,19674,38727
2022-04-15,2호선,봉천,24513,21831,46344
2022-04-15,2호선,사당,38455,43858,82313
2022-04-15,2호선,삼성,53234,53747,106981
2022-04-15,2호선,상왕십리,14524,13904,28428
2022-04-15,2호선,서울대입구,50254,48217,98471
2022-04-15,2호선,서초,21215,20183,41398
2022-04-15,2호선,선릉,55703,49972,105675
2022-04-15,2호선,성수,38530,42916,81446
2022-04-15,2호선,시청,22930,22464,45394
2022-04-15,2호선,신답,1717,1849,3566
2022-04-15,2호선,신당,14633,15179,29812
2022-04-15,2호선,신대방,27405,26219,53624
2022-04-15,2호선,신도림,49110,49869,98979
2022-04-15,2호선,신림,65833,62556,128389
2022-04-15,2호선,신설동,3731,1863,5594
2022-04-15,2호선,신정네거리,10577,10863,21440
2022-04-15,2호선,신촌,33088,33986,67074
2022-04-15,2호선,아현,10706,9959,20665
2022-04-15,2호선,양천구청,6742,7059,13801
2022-04-15,2호선,역삼,50179,56537,106716
2022-04-15,2호선,영등포구청,22716,23600,46316
2022-04-15,2호선,왕십리,17582,14516,32098
2022-04-15,2호선,용답,3089,3193,6282
2022-04-15,2호선,용두,2445,2437,4882
2022-04-15,2호선,을지로3가,22975,23799,46774
2022-04-15,2호선,을지로4가,13061,13456,26517
2022-04-15,2호선,을지로입구,38841,40426,79267
2022-04-15,2호선,이대,14484,14723,29207
2022-04-15,2호선,잠실,73845,73401,147246
2022-04-15,2호선,잠실나루,14785,14210,28995
2022-04-15,2호선,잠실새내,22118,22734,44852
2022-04-15,2호선,종합운동장,9616,10314,19930
2022-04-15,2호선,충정로,10171,10705,20876
2022-04-15,2호선,한양대,12884,13867,26751
2022-04-15,2호선,합정,32775,35730,68505
2022-04-15,2호선,홍대입구,55882,63024,118906
2022-04-15,3호선,가락시장,9442,9357,18799
2022-04-15,3호선,경복궁,22196,22336,44532
2022-04-15,3호선,경찰병원,7445,7391,14836
2022-04-15,3호선,고속터미널,44806,47217,92023
2022-04-15,3호선,교대,15129,9876,25005
2022-04-15,3호선,구파발,20892,20096,40988
2022-04-15,3호선,금호,8202,7502,15704
2022-04-15,3호선,남부터미널,30851,31387,62238
2022-04-15,3호선,녹번,15971,14041,30012
2022-04-15,3호선,대청,10683,9499,20182
2022-04-15,3호선,대치,11168,11310,22478
2022-04-15,3호선,도곡,5547,5558,11105
2022-04-15,3호선,독립문,7376,7619,14995
2022-04-15,3호선,동대입구,9162,9941,19103
2022-04-15,3호선,매봉,12395,12050,24445
2022-04-15,3호선,무악재,4019,3980,7999
2022-04-15,3호선,불광,16632,17601,34233
2022-04-15,3호선,수서,18637,18818,37455
2022-04-15,3호선,신사,32515,35072,67587
2022-04-15,3호선,안국,22159,23164,45323
2022-04-15,3호선,압구정,33073,36034,69107
2022-04-15,3호선,약수,13856,13300,27156
2022-04-15,3호선,양재,39791,42599,82390
2022-04-15,3호선,연신내,37516,35425,72941
2022-04-15,3호선,오금,6347,5940,12287
2022-04-15,3호선,옥수,9452,9557,19009
2022-04-15,3호선,을지로3가,10694,11645,22339
2022-04-15,3호선,일원,10661,9975,20636
2022-04-15,3호선,잠원,5033,4919,9952
2022-04-15,3호선,종로3가,10261,12415,22676
2022-04-15,3호선,지축,5255,4730,9985
2022-04-15,3호선,충무로,3,0,3
2022-04-15,3호선,학여울,2615,2762,5377
2022-04-15,3호선,홍제,18234,17140,35374
2022-04-15,4호선,길음,21434,20641,42075
2022-04-15,4호선,남태령,1367,1056,2423
2022-04-15,4호선,노원,19599,22522,42121
2022-04-15,4호선,당고개,9183,8263,17446
2022-04-15,4호선,동대문,19990,20336,40326
2022-04-15,4호선,동대문역사문화공원,14580,12875,27455
2022-04-15,4호선,동작,1876,2064,3940
2022-04-15,4호선,명동,20446,21554,42000
2022-04-15,4호선,미아,16281,15717,31998
2022-04-15,4호선,미아사거리,28411,27365,55776
2022-04-15,4호선,사당,27286,23039,50325
2022-04-15,4호선,삼각지,5249,6224,11473
2022-04-15,4호선,상계,20089,18629,38718
2022-04-15,4호선,서울역,11008,18531,29539
2022-04-15,4호선,성신여대입구,21490,20488,41978
2022-04-15,4호선,수유,35412,34926,70338
2022-04-15,4호선,숙대입구,14069,13737,27806
2022-04-15,4호선,신용산,16457,17739,34196
2022-04-15,4호선,쌍문,30190,27250,57440
2022-04-15,4호선,이촌,7822,8533,16355
2022-04-15,4호선,창동,26417,27590,54007
2022-04-15,4호선,총신대입구,19941,21692,41633
2022-04-15,4호선,충무로,28233,29380,57613
2022-04-15,4호선,한성대입구,15041,14497,29538
2022-04-15,4호선,혜화,32727,32324,65051
2022-04-15,4호선,회현,24838,26647,51485
2022-04-15,5호선,강동,19045,18001,37046
2022-04-15,5호선,강일,4316,3986,8302
2022-04-15,5호선,개롱,6606,6783,13389
2022-04-15,5호선,개화산,5793,5526,11319
2022-04-15,5호선,거여,10553,9867,20420
2022-04-15,5호선,고덕,10037,9858,19895
2022-04-15,5호선,공덕,14180,15295,29475
2022-04-15,5호선,광나루,13818,12490,26308
2022-04-15,5호선,광화문,28740,30999,59739
2022-04-15,5호선,군자,11632,12836,24468
2022-04-15,5호선,굽은다리,9642,8956,18598
2022-04-15,5호선,길동,8303,8604,16907
2022-04-15,5호선,김포공항,7910,7833,15743
2022-04-15,5호선,까치산,29499,27685,57184
2022-04-15,5호선,답십리,16336,14616,30952
2022-04-15,5호선,동대문역사문화공원,2694,3205,5899
2022-04-15,5호선,둔촌동,8604,8672,17276
2022-04-15,5호선,마곡,10676,10609,21285
2022-04-15,5호선,마장,5987,5609,11596
2022-04-15,5호선,마천,7395,7004,14399
2022-04-15,5호선,마포,14748,15263,30011
2022-04-15,5호선,명일,8937,9241,18178
2022-04-15,5호선,목동,17548,18276,35824
2022-04-15,5호선,미사,16490,16393,32883
2022-04-15,5호선,발산,20389,21375,41764
2022-04-15,5호선,방이,7166,7372,14538
2022-04-15,5호선,방화,6807,6411,13218
2022-04-15,5호선,상일동,15338,13894,29232
2022-04-15,5호선,서대문,19594,19739,39333
2022-04-15,5호선,송정,6887,6363,13250
2022-04-15,5호선,신금호,6814,6887,13701
2022-04-15,5호선,신길,4262,4343,8605
2022-04-15,5호선,신정,14292,11186,25478
2022-04-15,5호선,아차산,15831,14971,30802
2022-04-15,5호선,애오개,6947,6821,13768
2022-04-15,5호선,양평,7618,7223,14841
2022-04-15,5호선,여의나루,15987,17309,33296
2022-04-15,5호선,여의도,28548,30987,59535
2022-04-15,5호선,영등포구청,4089,4091,8180
2022-04-15,5호선,영등포시장,10364,10658,21022
2022-04-15,5호선,오금,3928,3914,7842
2022-04-15,5호선,오목교,21697,23501,45198
2022-04-15,5호선,올림픽공원,4689,3886,8575
2022-04-15,5호선,왕십리,4675,5678,10353
2022-04-15,5호선,우장산,14952,14502,29454
2022-04-15,5호선,을지로4가,6168,6408,12576
2022-04-15,5호선,장한평,18667,18321,36988
2022-04-15,5호선,종로3가,12962,13899,26861
2022-04-15,5호선,천호,18908,18984,37892
2022-04-15,5호선,청구,4247,3668,7915
2022-04-15,5호선,충정로,4688,4710,9398
2022-04-15,5호선,하남검단산,5864,5659,11523
2022-04-15,5호선,하남시청,6968,6645,13613
2022-04-15,5호선,하남풍산,4432,4348,8780
2022-04-15,5호선,행당,8323,7180,15503
2022-04-15,5호선,화곡,29627,26979,56606
2022-04-15,6호선,고려대,8381,8026,16407
2022-04-15,6호선,공덕,19011,18638,37649
2022-04-15,6호선,광흥창,9223,8807,18030
2022-04-15,6호선,구산,8009,5795,13804
2022-04-15,6호선,녹사평,5268,5600,10868
2022-04-15,6호선,대흥,8315,8452,16767
2022-04-15,6호선,독바위,2770,2877,5647
2022-04-15,6호선,돌곶이,9671,8694,18365
2022-04-15,6호선,동묘앞,8134,7852,15986
2022-04-15,6호선,디지털미디어시티,13918,14824,28742
2022-04-15,6호선,마포구청,14389,12705,27094
2022-04-15,6호선,망원,14597,15724,30321
2022-04-15,6호선,버티고개,2095,2111,4206
2022-04-15,6호선,보문,7652,6874,14526
2022-04-15,6호선,봉화산,8907,8403,17310
2022-04-15,6호선,불광,4276,4248,8524
2022-04-15,6호선,삼각지,6882,5900,12782
2022-04-15,6호선,상수,9072,11048,20120
2022-04-15,6호선,상월곡,6532,5755,12287
2022-04-15,6호선,새절,13178,12287,25465
2022-04-15,6호선,석계,12482,12928,25410
2022-04-15,6호선,신당,8480,8331,16811
2022-04-15,6호선,안암,12241,11581,23822
2022-04-15,6호선,약수,3828,3892,7720
2022-04-15,6호선,역촌,3798,4284,8082
2022-04-15,6호선,연신내,1,0,1
2022-04-15,6호선,월곡,12096,11688,23784
2022-04-15,6호선,월드컵경기장,4764,4993,9757
2022-04-15,6호선,응암,17964,17532,35496
2022-04-15,6호선,이태원,12121,14602,26723
2022-04-15,6호선,증산,10397,10112,20509
2022-04-15,6호선,창신,3740,3110,6850
2022-04-15,6호선,청구,3790,4099,7889
2022-04-15,6호선,태릉입구,5796,6293,12089
2022-04-15,6호선,한강진,8525,10381,18906
2022-04-15,6호선,합정,13929,13853,27782
2022-04-15,6호선,화랑대,12363,9354,21717
2022-04-15,6호선,효창공원앞,7444,6711,14155
2022-04-15,7호선,가산디지털단지,44716,44660,89376
2022-04-15,7호선,강남구청,16292,18273,34565
2022-04-15,7호선,건대입구,13055,13841,26896
2022-04-15,7호선,고속터미널,17022,14337,31359
2022-04-15,7호선,공릉,12716,12300,25016
2022-04-15,7호선,광명사거리,22599,22253,44852
2022-04-15,7호선,군자,15491,12040,27531
2022-04-15,7호선,남구로,15471,16446,31917
2022-04-15,7호선,남성,11469,10139,21608
2022-04-15,7호선,내방,14876,15101,29977
2022-04-15,7호선,노원,19656,21551,41207
2022-04-15,7호선,논현,20468,22871,43339
2022-04-15,7호선,대림,7713,7879,15592
2022-04-15,7호선,도봉산,9675,11343,21018
2022-04-15,7호선,뚝섬유원지,11250,11092,22342
2022-04-15,7호선,마들,13458,12200,25658
2022-04-15,7호선,먹골,10366,9777,20143
2022-04-15,7호선,면목,16983,16193,33176
2022-04-15,7호선,반포,6127,5857,11984
2022-04-15,7호선,보라매,10354,10168,20522
2022-04-15,7호선,사가정,16786,16660,33446
2022-04-15,7호선,상도,11454,10789,22243
2022-04-15,7호선,상봉,17459,16635,34094
2022-04-15,7호선,수락산,12914,12410,25324
2022-04-15,7호선,숭실대입구,14408,14113,28521
2022-04-15,7호선,신대방삼거리,17235,16026,33261
2022-04-15,7호선,신풍,11919,11267,23186
2022-04-15,7호선,어린이대공원,15102,15063,30165
2022-04-15,7호선,온수,11244,10574,21818
2022-04-15,7호선,용마산,6224,5740,11964
2022-04-15,7호선,이수,16355,15922,32277
2022-04-15,7호선,장승배기,9177,8858,18035
2022-04-15,7호선,장암,2339,929,3268
2022-04-15,7호선,중계,15070,13575,28645
2022-04-15,7호선,중곡,11362,10348,21710
2022-04-15,7호선,중화,11225,10819,22044
2022-04-15,7호선,천왕,11967,11085,23052
2022-04-15,7호선,철산,21892,22370,44262
2022-04-15,7호선,청담,19431,22236,41667
2022-04-15,7호선,태릉입구,9220,8714,17934
2022-04-15,7호선,하계,18371,16860,35231
2022-04-15,7호선,학동,23736,25747,49483
2022-04-15,8호선,가락시장,8125,9166,17291
2022-04-15,8호선,강동구청,10500,10566,21066
2022-04-15,8호선,남위례,5142,5318,10460
2022-04-15,8호선,남한산성입구,15660,13734,29394
2022-04-15,8호선,단대오거리,11539,10658,22197
2022-04-15,8호선,모란,4584,3871,8455
2022-04-15,8호선,몽촌토성,6400,6442,12842
2022-04-15,8호선,문정,21924,22746,44670
2022-04-15,8호선,복정,10337,8543,18880
2022-04-15,8호선,산성,5605,5442,11047
2022-04-15,8호선,석촌,8010,9487,17497
2022-04-15,8호선,송파,8471,8108,16579
2022-04-15,8호선,수진,5552,5003,10555
2022-04-15,8호선,신흥,4296,4565,8861
2022-04-15,8호선,암사,19423,16673,36096
2022-04-15,8호선,잠실,14707,17697,32404
2022-04-15,8호선,장지,17516,16444,33960
2022-04-15,8호선,천호,15307,18019,33326
2022-04-15,9호선,가양,21376,20246,41622
2022-04-15,9호선,개화,2518,1806,4324
2022-04-15,9호선,고속터미널,13772,18511,32283
2022-04-15,9호선,공항시장,3122,3256,6378
2022-04-15,9호선,구반포,1339,1434,2773
2022-04-15,9호선,국회의사당,15741,16299,32040
2022-04-15,9호선,김포공항,8197,13193,21390
2022-04-15,9호선,노들,4707,3732,8439
2022-04-15,9호선,노량진,27756,26602,54358
2022-04-15,9호선,당산,19118,18714,37832
2022-04-15,9호선,동작,2254,1822,4076
2022-04-15,9호선,등촌,11465,10907,22372
2022-04-15,9호선,마곡나루,12609,12579,25188
2022-04-15,9호선,사평,3673,3443,7116
2022-04-15,9호선,샛강,6153,6291,12444
2022-04-15,9호선,선유도,8912,8188,17100
2022-04-15,9호선,신논현,33415,34328,67743
2022-04-15,9호선,신목동,4211,3581,7792
2022-04-15,9호선,신반포,3773,3727,7500
2022-04-15,9호선,신방화,7213,6752,13965
2022-04-15,9호선,양천향교,10309,10295,20604
2022-04-15,9호선,여의도,29020,27772,56792
2022-04-15,9호선,염창,17940,16641,34581
2022-04-15,9호선,증미,7652,7159,14811
2022-04-15,9호선,흑석,9168,9060,18228
2022-04-15,9호선2~3단계,둔촌오륜,1233,1070,2303
2022-04-15,9호선2~3단계,봉은사,17962,18447,36409
2022-04-15,9호선2~3단계,삼성중앙,6975,7245,14220
2022-04-15,9호선2~3단계,삼전,7116,6760,13876
2022-04-15,9호선2~3단계,석촌,9113,7965,17078
2022-04-15,9호선2~3단계,석촌고분,6218,5887,12105
2022-04-15,9호선2~3단계,선정릉,9772,10824,20596
2022-04-15,9호선2~3단계,송파나루,5339,5750,11089
2022-04-15,9호선2~3단계,언주,10514,10677,21191
2022-04-15,9호선2~3단계,올림픽공원,6376,6191,12567
2022-04-15,9호선2~3단계,종합운동장,4234,4453,8687
2022-04-15,9호선2~3단계,중앙보훈병원,10825,9404,20229
2022-04-15,9호선2~3단계,한성백제,2697,2390,5087
2022-04-15,경강선,경기광주,8029,7450,15479
2022-04-15,경강선,곤지암,2403,2341,4744
2022-04-15,경강선,부발,2660,2086,4746
2022-04-15,경강선,삼동,2524,2247,4771
2022-04-15,경강선,세종대왕릉,373,403,776
2022-04-15,경강선,신둔도예촌,1777,1620,3397
2022-04-15,경강선,여주,2403,2568,4971
2022-04-15,경강선,이매,1140,1017,2157
2022-04-15,경강선,이천,2886,3067,5953
2022-04-15,경강선,초월,3359,3074,6433
2022-04-15,경강선,판교,4804,4773,9577
2022-04-15,경부선,가산디지털단지,18736,21475,40211
2022-04-15,경부선,관악,7786,7088,14874
2022-04-15,경부선,광명,3733,3528,7261
2022-04-15,경부선,구로,18647,19650,38297
2022-04-15,경부선,군포,7993,7859,15852
2022-04-15,경부선,금정,27638,28228,55866
2022-04-15,경부선,금천구청,12206,12234,24440
2022-04-15,경부선,남영,9641,10057,19698
2022-04-15,경부선,노량진,8944,9048,17992
2022-04-15,경부선,당정,6714,6301,13015
2022-04-15,경부선,대방,13188,13394,26582
2022-04-15,경부선,독산,19044,19337,38381
2022-04-15,경부선,두정,7423,6784,14207
2022-04-15,경부선,명학,9946,9716,19662
2022-04-15,경부선,병점,16311,16219,32530
2022-04-15,경부선,서동탄,1497,1383,2880
2022-04-15,경부선,서울역,7726,2650,10376
2022-04-15,경부선,서정리,8428,7012,15440
2022-04-15,경부선,석수,9959,8759,18718
2022-04-15,경부선,성균관대,16427,15450,31877
2022-04-15,경부선,성환,4446,3974,8420
2022-04-15,경부선,세류,3175,2979,6154
2022-04-15,경부선,세마,3110,2816,5926
2022-04-15,경부선,송탄,5289,4694,9983
2022-04-15,경부선,수원,37915,41779,79694
2022-04-15,경부선,신길,9347,7745,17092
2022-04-15,경부선,신도림,4238,4379,8617
2022-04-15,경부선,안양,26058,25837,51895
2022-04-15,경부선,영등포,40010,42176,82186
2022-04-15,경부선,오산,10910,10654,21564
2022-04-15,경부선,오산대,4215,3902,8117
2022-04-15,경부선,용산,36656,38986,75642
2022-04-15,경부선,의왕,9689,9547,19236
2022-04-15,경부선,직산,1005,897,1902
2022-04-15,경부선,진위,2112,1656,3768
2022-04-15,경부선,천안,6692,6708,13400
2022-04-15,경부선,평택,14417,14015,28432
2022-04-15,경부선,평택지제,4098,3891,7989
2022-04-15,경부선,화서,8574,8283,16857
2022-04-15,경원선,가능,7224,6833,14057
2022-04-15,경원선,광운대,8747,8501,17248
2022-04-15,경원선,녹양,4954,4574,9528
2022-04-15,경원선,녹천,4976,3924,8900
2022-04-15,경원선,덕계,3373,3023,6396
2022-04-15,경원선,덕정,6632,6036,12668
2022-04-15,경원선,도봉,6188,5939,12127
2022-04-15,경원선,도봉산,8484,5691,14175
2022-04-15,경원선,동두천,2636,2880,5516
2022-04-15,경원선,동두천중앙,3525,3485,7010
2022-04-15,경원선,망월사,8792,8756,17548
2022-04-15,경원선,방학,10173,9918,20091
2022-04-15,경원선,보산,2129,1816,3945
2022-04-15,경원선,서빙고,2102,1893,3995
2022-04-15,경원선,석계,8678,9436,18114
2022-04-15,경원선,소요산,3283,2889,6172
2022-04-15,경원선,신이문,8833,7984,16817
2022-04-15,경원선,양주,8443,7930,16373
2022-04-15,경원선,옥수,66,46,112
2022-04-15,경원선,왕십리,15247,16874,32121
2022-04-15,경원선,외대앞,8969,8596,17565
2022-04-15,경원선,월계,8361,7747,16108
2022-04-15,경원선,응봉,2127,1735,3862
2022-04-15,경원선,의정부,19372,20652,40024
2022-04-15,경원선,이촌,3998,3022,7020
2022-04-15,경원선,지행,7317,7300,14617
2022-04-15,경원선,청량리,16718,17670,34388
2022-04-15,경원선,한남,4120,3973,8093
2022-04-15,경원선,회룡,13331,13164,26495
2022-04-15,경의선,가좌,5719,5378,11097
2022-04-15,경의선,강매,3412,2945,6357
2022-04-15,경의선,곡산,697,732,1429
2022-04-15,경의선,공덕,3820,3535,7355
2022-04-15,경의선,금릉,5101,4946,10047
2022-04-15,경의선,금촌,6685,6568,13253
2022-04-15,경의선,능곡,4131,3823,7954
2022-04-15,경의선,디지털미디어시티,2692,2536,5228
2022-04-15,경의선,문산,5542,5366,10908
2022-04-15,경의선,백마,7298,7026,14324
2022-04-15,경의선,서강대,2175,2064,4239
2022-04-15,경의선,서울역,4386,5742,10128
2022-04-15,경의선,수색,2866,2995,5861
2022-04-15,경의선,신촌,877,1142,2019
2022-04-15,경의선,야당,7886,8247,16133
2022-04-15,경의선,운정,7179,6894,14073
2022-04-15,경의선,월롱,3295,2570,5865
2022-04-15,경의선,일산,9882,9774,19656
2022-04-15,경의선,임진강,17,6,23
2022-04-15,경의선,탄현,8031,7702,15733
2022-04-15,경의선,파주,1460,943,2403
2022-04-15,경의선,풍산,5865,5589,11454
2022-04-15,경의선,행신,8356,8451,16807
2022-04-15,경의선,홍대입구,1798,2082,3880
2022-04-15,경의선,화전,2956,2672,5628
2022-04-15,경의선,효창공원앞,3094,3461,6555
2022-04-15,경인선,간석,6290,5683,11973
2022-04-15,경인선,개봉,22142,21422,43564
2022-04-15,경인선,구일,7184,6942,14126
2022-04-15,경인선,도원,3358,3303,6661
2022-04-15,경인선,도화,4476,4036,8512
2022-04-15,경인선,동암,15110,15621,30731
2022-04-15,경인선,동인천,14988,14440,29428
2022-04-15,경인선,백운,7452,7164,14616
2022-04-15,경인선,부개,9036,8308,17344
2022-04-15,경인선,부천,33926,34491,68417
2022-04-15,경인선,부평,30300,33945,64245
2022-04-15,경인선,소사,9177,8688,17865
2022-04-15,경인선,송내,28209,28091,56300
2022-04-15,경인선,역곡,29074,28451,57525
2022-04-15,경인선,오류동,12591,11380,23971
2022-04-15,경인선,온수,7729,7062,14791
2022-04-15,경인선,인천,4242,3237,7479
2022-04-15,경인선,제물포,11670,10820,22490
2022-04-15,경인선,주안,20448,18465,38913
2022-04-15,경인선,중동,9753,8974,18727
2022-04-15,경춘선,가평,1875,2041,3916
2022-04-15,경춘선,갈매,3137,2717,5854
2022-04-15,경춘선,강촌,424,486,910
2022-04-15,경춘선,굴봉산,228,209,437
2022-04-15,경춘선,금곡,1662,1581,3243
2022-04-15,경춘선,김유정,361,426,787
2022-04-15,경춘선,남춘천,3115,2737,5852
2022-04-15,경춘선,대성리,770,794,1564
2022-04-15,경춘선,마석,4266,4228,8494
2022-04-15,경춘선,백양리,88,80,168
2022-04-15,경춘선,별내,3404,3233,6637
2022-04-15,경춘선,사릉,2606,2533,5139
2022-04-15,경춘선,상천,383,363,746
2022-04-15,경춘선,신내,2357,2281,4638
2022-04-15,경춘선,천마산,1842,1687,3529
2022-04-15,경춘선,청평,1843,1997,3840
2022-04-15,경춘선,춘천,1804,1485,3289
2022-04-15,경춘선,퇴계원,3620,3342,6962
2022-04-15,경춘선,평내호평,6417,6531,12948
2022-04-15,공항철도,검암,6876,6864,13740
2022-04-15,공항철도,계양,10785,9980,20765
2022-04-15,공항철도,공덕,2342,3184,5526
2022-04-15,공항철도,공항화물청사,2347,2475,4822
2022-04-15,공항철도,김포공항,14114,7365,21479
2022-04-15,공항철도,디지털미디어시티,13744,12764,26508
2022-04-15,공항철도,마곡나루,8732,8698,17430
2022-04-15,공항철도,서울역,9394,8992,18386
2022-04-15,공항철도,영종,3494,3669,7163
2022-04-15,공항철도,운서,7386,7288,14674
2022-04-15,공항철도,인천공항1터미널,4975,4945,9920
2022-04-15,공항철도,인천공항2터미널,2636,2379,5015
2022-04-15,공항철도,청라국제도시,7307,6842,14149
2022-04-15,공항철도,홍대입구,10870,11117,21987
2022-04-15,과천선,경마공원,6459,6504,12963
2022-04-15,과천선,과천,6707,6005,12712
2022-04-15,과천선,대공원,6125,6421,12546
2022-04-15,과천선,범계,27262,27526,54788
2022-04-15,과천선,선바위,8873,7684,16557
2022-04-15,과천선,인덕원,25694,26245,51939
2022-04-15,과천선,정부과천청사,11206,11040,22246
2022-04-15,과천선,평촌,18082,17526,35608
2022-04-15,분당선,가천대,10524,10763,21287
2022-04-15,분당선,강남구청,10139,11831,21970
2022-04-15,분당선,개포동,4034,4198,8232
2022-04-15,분당선,구룡,2471,2326,4797
2022-04-15,분당선,구성,5236,5416,10652
2022-04-15,분당선,기흥,10397,9666,20063
2022-04-15,분당선,대모산입구,4645,4251,8896
2022-04-15,분당선,도곡,7354,7139,14493
2022-04-15,분당선,망포,15485,14197,29682
2022-04-15,분당선,매교,3384,3420,6804
2022-04-15,분당선,매탄권선,5488,5180,10668
2022-04-15,분당선,모란,21084,21451,42535
2022-04-15,분당선,미금,16176,17173,33349
2022-04-15,분당선,보정,2715,2358,5073
2022-04-15,분당선,상갈,5577,5412,10989
2022-04-15,분당선,서울숲,13714,13874,27588
2022-04-15,분당선,서현,25238,25955,51193
2022-04-15,분당선,선릉,13347,20205,33552
2022-04-15,분당선,선정릉,8094,8589,16683
2022-04-15,분당선,수내,13450,13381,26831
2022-04-15,분당선,수서,14702,15632,30334
2022-04-15,분당선,수원,8870,7884,16754
2022-04-15,분당선,수원시청,13450,15245,28695
2022-04-15,분당선,신갈,4635,4573,9208
2022-04-15,분당선,압구정로데오,21226,24482,45708
2022-04-15,분당선,야탑,26973,28314,55287
2022-04-15,분당선,영통,9055,9162,18217
2022-04-15,분당선,오리,12084,9734,21818
2022-04-15,분당선,이매,6104,5695,11799
2022-04-15,분당선,정자,17128,18317,35445
2022-04-15,분당선,죽전,14797,15899,30696
2022-04-15,분당선,청명,4685,4316,9001
2022-04-15,분당선,태평,14120,13489,27609
2022-04-15,분당선,한티,14702,15696,30398
2022-04-15,수인선,고색,5297,4982,10279
2022-04-15,수인선,남동인더스파크,2405,2585,4990
2022-04-15,수인선,달월,122,88,210
2022-04-15,수인선,사리,5202,4572,9774
2022-04-15,수인선,소래포구,6584,6540,13124
2022-04-15,수인선,송도,2672,2561,5233
2022-04-15,수인선,숭의,4203,3865,8068
2022-04-15,수인선,신포,2078,2071,4149
2022-04-15,수인선,야목,426,325,751
2022-04-15,수인선,어천,854,809,1663
2022-04-15,수인선,연수,5089,5045,10134
2022-04-15,수인선,오목천,3795,3300,7095
2022-04-15,수인선,원인재,4721,4985,9706
2022-04-15,수인선,월곶,2854,2683,5537
2022-04-15,수인선,인천,1117,2069,3186
2022-04-15,수인선,인천논현,5981,6436,12417
2022-04-15,수인선,인하대,7127,6582,13709
2022-04-15,수인선,호구포,4401,4479,8880
2022-04-15,안산선,고잔,9456,8969,18425
2022-04-15,안산선,대야미,5533,4892,10425
2022-04-15,안산선,반월,4644,4363,9007
2022-04-15,안산선,산본,16650,17932,34582
2022-04-15,안산선,상록수,17362,17461,34823
2022-04-15,안산선,수리산,4500,3582,8082
2022-04-15,안산선,신길온천,1907,1738,3645
2022-04-15,안산선,안산,11910,10914,22824
2022-04-15,안산선,오이도,8964,9108,18072
2022-04-15,안산선,정왕,10692,10403,21095
2022-04-15,안산선,중앙,19338,20886,40224
2022-04-15,안산선,초지,5037,5539,10576
2022-04-15,안산선,한대앞,10919,10783,21702
2022-04-15,우이신설선,4.19민주묘지,3877,3635,7512
2022-04-15,우이신설선,가오리,4383,4243,8626
2022-04-15,우이신설선,보문,1569,1642,3211
2022-04-15,우이신설선,북한산보국문,6347,5817,12164
2022-04-15,우이신설선,북한산우이,3111,2810,5921
2022-04-15,우이신설선,삼양,2072,2155,4227
2022-04-15,우이신설선,삼양사거리,2475,2512,4987
2022-04-15,우이신설선,성신여대입구,3386,3739,7125
2022-04-15,우이신설선,솔밭공원,2570,2403,4973
2022-04-15,우이신설선,솔샘,5947,5377,11324
2022-04-15,우이신설선,신설동,2216,2190,4406
2022-04-15,우이신설선,정릉,5026,4268,9294
2022-04-15,우이신설선,화계,3548,3295,6843
2022-04-15,일산선,대곡,2227,1810,4037
2022-04-15,일산선,대화,13054,10517,23571
2022-04-15,일산선,마두,7880,8027,15907
2022-04-15,일산선,백석,10326,10191,20517
2022-04-15,일산선,삼송,20689,19648,40337
2022-04-15,일산선,원당,11855,11091,22946
2022-04-15,일산선,원흥,11149,10557,21706
2022-04-15,일산선,정발산,7737,8219,15956
2022-04-15,일산선,주엽,9261,9331,18592
2022-04-15,일산선,화정,17211,17705,34916
2022-04-15,장항선,배방,1279,1237,2516
2022-04-15,장항선,봉명,1297,1219,2516
2022-04-15,장항선,신창,2642,2022,4664
2022-04-15,장항선,쌍용,2724,2363,5087
2022-04-15,장항선,아산,4190,3904,8094
2022-04-15,장항선,온양온천,3906,4150,8056
2022-04-15,장항선,탕정,909,744,1653
2022-04-15,중앙선,구리,13969,14386,28355
2022-04-15,중앙선,국수,878,905,1783
2022-04-15,중앙선,덕소,5807,6008,11815
2022-04-15,중앙선,도농,11103,10170,21273
2022-04-15,중앙선,도심,2651,2121,4772
2022-04-15,중앙선,망우,8377,8133,16510
2022-04-15,중앙선,상봉,6250,6220,12470
2022-04-15,중앙선,신원,302,271,573
2022-04-15,중앙선,아신,675,656,1331
2022-04-15,중앙선,양수,2284,2223,4507
2022-04-15,중앙선,양원,3314,3096,6410
2022-04-15,중앙선,양정,802,707,1509
2022-04-15,중앙선,양평,3049,3319,6368
2022-04-15,중앙선,오빈,354,368,722
2022-04-15,중앙선,용문,3882,4060,7942
2022-04-15,중앙선,운길산,1057,1016,2073
2022-04-15,중앙선,원덕,457,480,937
2022-04-15,중앙선,중랑,5985,5638,11623
2022-04-15,중앙선,지평,84,83,167
2022-04-15,중앙선,팔당,1106,1176,2282
2022-04-15,중앙선,회기,26209,24580,50789
2022-04-18,1호선,동대문,10763,10283,21046
2022-04-18,1호선,동묘앞,7593,7927,15520
2022-04-18,1호선,서울역,42230,40071,82301
2022-04-18,1호선,시청,21645,21771,43416
2022-04-18,1호선,신설동,13645,13395,27040
2022-04-18,1호선,제기동,17398,17791,35189
2022-04-18,1호선,종각,33326,32917,66243
2022-04-18,1호선,종로3가,23829,21690,45519
2022-04-18,1호선,종로5가,21978,21965,43943
2022-04-18,1호선,청량리,20018,19649,39667
2022-04-18,2호선,강남,79500,79576,159076
2022-04-18,2호선,강변,29318,27719,57037
2022-04-18,2호선,건대입구,32679,35543,68222
2022-04-18,2호선,교대,33902,38417,72319
2022-04-18,2호선,구로디지털단지,58492,58647,117139
2022-04-18,2호선,구의,23276,22869,46145
2022-04-18,2호선,낙성대,26616,26584,53200
2022-04-18,2호선,당산,18903,21886,40789
2022-04-18,2호선,대림,24171,24538,48709
2022-04-18,2호선,도림천,1380,1426,2806
2022-04-18,2호선,동대문역사문화공원,11367,12273,23640
2022-04-18,2호선,뚝섬,21521,23279,44800
2022-04-18,2호선,문래,21839,22130,43969
2022-04-18,2호선,방배,19244,20081,39325
2022-04-18,2호선,봉천,23895,22030,45925
2022-04-18,2호선,사당,35471,39471,74942
2022-04-18,2호선,삼성,45542,46409,91951
2022-04-18,2호선,상왕십리,13885,13395,27280
2022-04-18,2호선,서울대입구,47052,46468,93520
2022-04-18,2호선,서초,22439,20701,43140
2022-04-18,2호선,선릉,56965,51009,107974
2022-04-18,2호선,성수,36024,39646,75670
2022-04-18,2호선,시청,22755,22390,45145
2022-04-18,2호선,신답,1631,1815,3446
2022-04-18,2호선,신당,13409,13864,27273
2022-04-18,2호선,신대방,26555,25900,52455
2022-04-18,2호선,신도림,45132,44816,89948
2022-04-18,2호선,신림,61807,59870,121677
2022-04-18,2호선,신설동,3093,1710,4803
2022-04-18,2호선,신정네거리,10117,10502,20619
2022-04-18,2호선,신촌,29490,29894,59384
2022-04-18,2호선,아현,10285,9698,19983
2022-04-18,2호선,양천구청,6790,7004,13794
2022-04-18,2호선,역삼,52118,59076,111194
2022-04-18,2호선,영등포구청,22492,23216,45708
2022-04-18,2호선,왕십리,15796,12737,28533
2022-04-18,2호선,용답,3155,3383,6538
2022-04-18,2호선,용두,2329,2416,4745
2022-04-18,2호선,을지로3가,21837,21740,43577
2022-04-18,2호선,을지로4가,12665,12932,25597
2022-04-18,2호선,을지로입구,34465,35872,70337
2022-04-18,2호선,이대,13215,13963,27178
2022-04-18,2호선,잠실,60452,59940,120392
2022-04-18,2호선,잠실나루,14822,14627,29449
2022-04-18,2호선,잠실새내,20528,20489,41017
2022-04-18,2호선,종합운동장,6822,7587,14409
2022-04-18,2호선,충정로,9919,10489,20408
2022-04-18,2호선,한양대,14744,16319,31063
2022-04-18,2호선,합정,28135,29782,57917
2022-04-18,2호선,홍대입구,47050,49823,96873
2022-04-18,3호선,가락시장,9016,8820,17836
2022-04-18,3호선,경복궁,20645,20561,41206
2022-04-18,3호선,경찰병원,7445,7519,14964
2022-04-18,3호선,고속터미널,32889,31069,63958
2022-04-18,3호선,교대,14576,9679,24255
2022-04-18,3호선,구파발,20714,19669,40383
2022-04-18,3호선,금호,7832,7386,15218
2022-04-18,3호선,남부터미널,27852,28779,56631
2022-04-18,3호선,녹번,15825,14147,29972
2022-04-18,3호선,대청,10306,9383,19689
2022-04-18,3호선,대치,10766,10994,21760
2022-04-18,3호선,도곡,5411,5555,10966
2022-04-18,3호선,독립문,6944,7314,14258
2022-04-18,3호선,동대입구,9059,9830,18889
2022-04-18,3호선,매봉,12336,11859,24195
2022-04-18,3호선,무악재,3979,3973,7952
2022-04-18,3호선,불광,16165,17008,33173
2022-04-18,3호선,수서,17117,17339,34456
2022-04-18,3호선,신사,28953,30516,59469
2022-04-18,3호선,안국,19944,20665,40609
2022-04-18,3호선,압구정,30798,32975,63773
2022-04-18,3호선,약수,12880,12541,25421
2022-04-18,3호선,양재,37594,41481,79075
2022-04-18,3호선,연신내,36298,34191,70489
2022-04-18,3호선,오금,6408,5771,12179
2022-04-18,3호선,옥수,8707,9026,17733
2022-04-18,3호선,을지로3가,10190,10441,20631
2022-04-18,3호선,일원,10580,10426,21006
2022-04-18,3호선,잠원,4915,4787,9702
2022-04-18,3호선,종로3가,9728,11234,20962
2022-04-18,3호선,지축,5038,4743,9781
2022-04-18,3호선,충무로,1,0,1
2022-04-18,3호선,학여울,1793,1745,3538
2022-04-18,3호선,홍제,18118,17313,35431
2022-04-18,4호선,길음,21166,21153,42319
2022-04-18,4호선,남태령,1202,1052,2254
2022-04-18,4호선,노원,17791,20043,37834
2022-04-18,4호선,당고개,9204,8213,17417
2022-04-18,4호선,동대문,20007,20711,40718
2022-04-18,4호선,동대문역사문화공원,13794,12838,26632
2022-04-18,4호선,동작,1650,1802,3452
2022-04-18,4호선,명동,19256,19549,38805
2022-04-18,4호선,미아,15894,15049,30943
2022-04-18,4호선,미아사거리,26200,25497,51697
2022-04-18,4호선,사당,24675,20849,45524
2022-04-18,4호선,삼각지,4709,5198,9907
2022-04-18,4호선,상계,19669,18075,37744
2022-04-18,4호선,서울역,11026,15477,26503
2022-04-18,4호선,성신여대입구,20170,19361,39531
2022-04-18,4호선,수유,33926,34373,68299
2022-04-18,4호선,숙대입구,13676,13157,26833
2022-04-18,4호선,신용산,15874,16805,32679
2022-04-18,4호선,쌍문,29235,26787,56022
2022-04-18,4호선,이촌,6906,7821,14727
2022-04-18,4호선,창동,24795,25828,50623
2022-04-18,4호선,총신대입구,18822,20281,39103
2022-04-18,4호선,충무로,27773,28952,56725
2022-04-18,4호선,한성대입구,13799,13497,27296
2022-04-18,4호선,혜화,29137,29783,58920
2022-04-18,4호선,회현,24626,26041,50667
2022-04-18,5호선,강동,18601,17729,36330
2022-04-18,5호선,강일,4194,3980,8174
2022-04-18,5호선,개롱,6541,6799,13340
2022-04-18,5호선,개화산,5635,5340,10975
2022-04-18,5호선,거여,10406,9975,20381
2022-04-18,5호선,고덕,9699,9529,19228
2022-04-18,5호선,공덕,13934,14750,28684
2022-04-18,5호선,광나루,13142,11944,25086
2022-04-18,5호선,광화문,28289,29714,58003
2022-04-18,5호선,군자,10959,12036,22995
2022-04-18,5호선,굽은다리,9379,8740,18119
2022-04-18,5호선,길동,7909,8171,16080
2022-04-18,5호선,김포공항,6732,6652,13384
2022-04-18,5호선,까치산,28698,27378,56076
2022-04-18,5호선,답십리,15841,14477,30318
2022-04-18,5호선,동대문역사문화공원,2862,3190,6052
2022-04-18,5호선,둔촌동,8283,8244,16527
2022-04-18,5호선,마곡,10532,10697,21229
2022-04-18,5호선,마장,5780,5489,11269
2022-04-18,5호선,마천,7366,6994,14360
2022-04-18,5호선,마포,14441,14806,29247
2022-04-18,5호선,명일,8622,9021,17643
2022-04-18,5호선,목동,16579,17825,34404
2022-04-18,5호선,미사,15700,15760,31460
2022-04-18,5호선,발산,20357,20716,41073
2022-04-18,5호선,방이,6834,7149,13983
2022-04-18,5호선,방화,6587,6362,12949
2022-04-18,5호선,상일동,15031,13920,28951
2022-04-18,5호선,서대문,19991,20202,40193
2022-04-18,5호선,송정,6627,6103,12730
2022-04-18,5호선,신금호,6234,6489,12723
2022-04-18,5호선,신길,4158,4457,8615
2022-04-18,5호선,신정,13970,11267,25237
2022-04-18,5호선,아차산,14907,14185,29092
2022-04-18,5호선,애오개,6728,6641,13369
2022-04-18,5호선,양평,7542,7480,15022
2022-04-18,5호선,여의나루,10568,11222,21790
2022-04-18,5호선,여의도,27556,29389,56945
2022-04-18,5호선,영등포구청,4112,4226,8338
2022-04-18,5호선,영등포시장,9715,10180,19895
2022-04-18,5호선,오금,3795,3897,7692
2022-04-18,5호선,오목교,20839,22353,43192
2022-04-18,5호선,올림픽공원,4363,3781,8144
2022-04-18,5호선,왕십리,4482,5091,9573
2022-04-18,5호선,우장산,14891,14561,29452
2022-04-18,5호선,을지로4가,6167,6055,12222
2022-04-18,5호선,장한평,18041,17684,35725
2022-04-18,5호선,종로3가,11225,11488,22713
2022-04-18,5호선,천호,15763,16299,32062
2022-04-18,5호선,청구,4012,3623,7635
2022-04-18,5호선,충정로,4790,4959,9749
2022-04-18,5호선,하남검단산,5649,5254,10903
2022-04-18,5호선,하남시청,6816,6621,13437
2022-04-18,5호선,하남풍산,4210,4195,8405
2022-04-18,5호선,행당,8086,7230,15316
2022-04-18,5호선,화곡,28388,26559,54947
2022-04-18,6호선,고려대,8546,8268,16814
2022-04-18,6호선,공덕,18412,17902,36314
2022-04-18,6호선,광흥창,8949,8567,17516
2022-04-18,6호선,구산,7795,5796,13591
2022-04-18,6호선,녹사평,4412,4278,8690
2022-04-18,6호선,대흥,8320,8602,16922
2022-04-18,6호선,독바위,2772,2908,5680
2022-04-18,6호선,돌곶이,9451,8690,18141
2022-04-18,6호선,동묘앞,7533,7896,15429
2022-04-18,6호선,디지털미디어시티,14115,15243,29358
2022-04-18,6호선,마포구청,13869,12450,26319
2022-04-18,6호선,망원,12976,13722,26698
2022-04-18,6호선,버티고개,2130,2099,4229
2022-04-18,6호선,보문,7186,6680,13866
2022-04-18,6호선,봉화산,8858,8348,17206
2022-04-18,6호선,불광,4101,4089,8190
2022-04-18,6호선,삼각지,5904,5265,11169
2022-04-18,6호선,상수,7639,8720,16359
2022-04-18,6호선,상월곡,6484,5963,12447
2022-04-18,6호선,새절,13425,12662,26087
2022-04-18,6호선,석계,12407,13202,25609
2022-04-18,6호선,신당,7492,8121,15613
2022-04-18,6호선,안암,13231,13823,27054
2022-04-18,6호선,약수,3625,3714,7339
2022-04-18,6호선,역촌,3623,4370,7993
2022-04-18,6호선,월곡,12647,12397,25044
2022-04-18,6호선,월드컵경기장,3964,4246,8210
2022-04-18,6호선,응암,17502,17494,34996
2022-04-18,6호선,이태원,9135,9603,18738
2022-04-18,6호선,증산,10092,9968,20060
2022-04-18,6호선,창신,3709,3036,6745
2022-04-18,6호선,청구,3642,3995,7637
2022-04-18,6호선,태릉입구,5559,6143,11702
2022-04-18,6호선,한강진,6497,7445,13942
2022-04-18,6호선,합정,12114,12030,24144
2022-04-18,6호선,화랑대,12414,9738,22152
2022-04-18,6호선,효창공원앞,7123,6583,13706
2022-04-18,7호선,가산디지털단지,46112,46587,92699
2022-04-18,7호선,강남구청,15765,17235,33000
2022-04-18,7호선,건대입구,11956,12490,24446
2022-04-18,7호선,고속터미널,15260,12326,27586
2022-04-18,7호선,공릉,12945,12959,25904
2022-04-18,7호선,광명사거리,22072,21733,43805
2022-04-18,7호선,군자,14685,11824,26509
2022-04-18,7호선,남구로,16101,16911,33012
2022-04-18,7호선,남성,11172,10504,21676
2022-04-18,7호선,내방,14491,14791,29282
2022-04-18,7호선,노원,17881,18919,36800
2022-04-18,7호선,논현,20107,21784,41891
2022-04-18,7호선,대림,7753,7646,15399
2022-04-18,7호선,도봉산,9573,10805,20378
2022-04-18,7호선,뚝섬유원지,9064,8781,17845
2022-04-18,7호선,마들,12792,12130,24922
2022-04-18,7호선,먹골,10088,9874,19962
2022-04-18,7호선,면목,16451,16126,32577
2022-04-18,7호선,반포,5779,5629,11408
2022-04-18,7호선,보라매,10031,9950,19981
2022-04-18,7호선,사가정,16120,16410,32530
2022-04-18,7호선,상도,11177,11111,22288
2022-04-18,7호선,상봉,16378,15259,31637
2022-04-18,7호선,수락산,12577,12105,24682
2022-04-18,7호선,숭실대입구,14767,15094,29861
2022-04-18,7호선,신대방삼거리,16843,16131,32974
2022-04-18,7호선,신풍,11753,11152,22905
2022-04-18,7호선,어린이대공원,14026,14451,28477
2022-04-18,7호선,온수,11190,10358,21548
2022-04-18,7호선,용마산,6095,5790,11885
2022-04-18,7호선,이수,15047,14727,29774
2022-04-18,7호선,장승배기,8984,8660,17644
2022-04-18,7호선,장암,2396,888,3284
2022-04-18,7호선,중계,14972,13868,28840
2022-04-18,7호선,중곡,11083,10086,21169
2022-04-18,7호선,중화,10880,10545,21425
2022-04-18,7호선,천왕,11538,10980,22518
2022-04-18,7호선,철산,20884,21291,42175
2022-04-18,7호선,청담,19147,21365,40512
2022-04-18,7호선,태릉입구,8674,8379,17053
2022-04-18,7호선,하계,17878,16640,34518
2022-04-18,7호선,학동,24412,25927,50339
2022-04-18,8호선,가락시장,7531,8471,16002
2022-04-18,8호선,강동구청,10465,10725,21190
2022-04-18,8호선,남위례,4849,5084,9933
2022-04-18,8호선,남한산성입구,15461,14391,29852
2022-04-18,8호선,단대오거리,11222,10723,21945
2022-04-18,8호선,모란,4457,3508,7965
2022-04-18,8호선,몽촌토성,6136,6213,12349
2022-04-18,8호선,문정,22174,23552,45726
2022-04-18,8호선,복정,9802,8292,18094
2022-04-18,8호선,산성,5438,5506,10944
2022-04-18,8호선,석촌,7571,8600,16171
2022-04-18,8호선,송파,8170,7977,16147
2022-04-18,8호선,수진,5378,5032,10410
2022-04-18,8호선,신흥,4178,4576,8754
2022-04-18,8호선,암사,18980,16671,35651
2022-04-18,8호선,잠실,12609,14993,27602
2022-04-18,8호선,장지,16745,16108,32853
2022-04-18,8호선,천호,13946,15772,29718
2022-04-18,9호선,가양,20673,19933,40606
2022-04-18,9호선,개화,2531,1768,4299
2022-04-18,9호선,고속터미널,11477,13921,25398
2022-04-18,9호선,공항시장,2983,3208,6191
2022-04-18,9호선,구반포,1258,1328,2586
2022-04-18,9호선,국회의사당,15888,16523,32411
2022-04-18,9호선,김포공항,6875,10221,17096
2022-04-18,9호선,노들,4276,3564,7840
2022-04-18,9호선,노량진,25837,25189,51026
2022-04-18,9호선,당산,18091,18145,36236
2022-04-18,9호선,동작,2063,1607,3670
2022-04-18,9호선,등촌,11394,11043,22437
2022-04-18,9호선,마곡나루,12000,12013,24013
2022-04-18,9호선,사평,3472,3380,6852
2022-04-18,9호선,샛강,5908,6327,12235
2022-04-18,9호선,선유도,8757,8325,17082
2022-04-18,9호선,신논현,30113,30083,60196
2022-04-18,9호선,신목동,4298,3837,8135
2022-04-18,9호선,신반포,3487,3392,6879
2022-04-18,9호선,신방화,6866,6696,13562
2022-04-18,9호선,양천향교,9940,10104,20044
2022-04-18,9호선,여의도,26269,25953,52222
2022-04-18,9호선,염창,17400,16664,34064
2022-04-18,9호선,증미,7417,7131,14548
2022-04-18,9호선,흑석,8719,9046,17765
2022-04-18,9호선2~3단계,둔촌오륜,1213,1083,2296
2022-04-18,9호선2~3단계,봉은사,15168,15436,30604
2022-04-18,9호선2~3단계,삼성중앙,6804,7235,14039
2022-04-18,9호선2~3단계,삼전,6792,6481,13273
2022-04-18,9호선2~3단계,석촌,8300,7367,15667
2022-04-18,9호선2~3단계,석촌고분,5829,5753,11582
2022-04-18,9호선2~3단계,선정릉,9740,10828,20568
2022-04-18,9호선2~3단계,송파나루,4678,5033,9711
2022-04-18,9호선2~3단계,언주,10247,10707,20954
2022-04-18,9호선2~3단계,올림픽공원,5885,6045,11930
2022-04-18,9호선2~3단계,종합운동장,4057,4197,8254
2022-04-18,9호선2~3단계,중앙보훈병원,11148,9848,20996
2022-04-18,9호선2~3단계,한성백제,2535,2281,4816
2022-04-18,경강선,경기광주,7674,7328,15002
2022-04-18,경강선,곤지암,2305,2309,4614
2022-04-18,경강선,부발,2021,2136,4157
2022-04-18,경강선,삼동,2427,2242,4669
2022-04-18,경강선,세종대왕릉,316,314,630
2022-04-18,경강선,신둔도예촌,1599,1465,3064
2022-04-18,경강선,여주,2556,2505,5061
2022-04-18,경강선,이매,1102,924,2026
2022-04-18,경강선,이천,2573,2670,5243
2022-04-18,경강선,초월,3185,2996,6181
2022-04-18,경강선,판교,4252,4157,8409
2022-04-18,경부선,가산디지털단지,19157,21989,41146
2022-04-18,경부선,관악,7395,6844,14239
2022-04-18,경부선,광명,3424,2813,6237
2022-04-18,경부선,구로,18895,18810,37705
2022-04-18,경부선,군포,7927,7848,15775
2022-04-18,경부선,금정,27090,27563,54653
2022-04-18,경부선,금천구청,12243,12200,24443
2022-04-18,경부선,남영,9424,9985,19409
2022-04-18,경부선,노량진,7960,8266,16226
2022-04-18,경부선,당정,6735,6403,13138
2022-04-18,경부선,대방,13098,13616,26714
2022-04-18,경부선,독산,19138,19742,38880
2022-04-18,경부선,두정,7301,8385,15686
2022-04-18,경부선,명학,10558,10439,20997
2022-04-18,경부선,병점,16079,15723,31802
2022-04-18,경부선,서동탄,1435,1229,2664
2022-04-18,경부선,서울역,6206,1881,8087
2022-04-18,경부선,서정리,7607,7496,15103
2022-04-18,경부선,석수,9952,8966,18918
2022-04-18,경부선,성균관대,15371,15639,31010
2022-04-18,경부선,성환,7012,7053,14065
2022-04-18,경부선,세류,3171,2768,5939
2022-04-18,경부선,세마,2956,2792,5748
2022-04-18,경부선,송탄,4428,4316,8744
2022-04-18,경부선,수원,34498,36663,71161
2022-04-18,경부선,신길,9320,7846,17166
2022-04-18,경부선,신도림,4088,4187,8275
2022-04-18,경부선,안양,26669,26507,53176
2022-04-18,경부선,영등포,33136,34281,67417
2022-04-18,경부선,오산,10811,10870,21681
2022-04-18,경부선,오산대,4217,3851,8068
2022-04-18,경부선,용산,30923,31353,62276
2022-04-18,경부선,의왕,9598,9589,19187
2022-04-18,경부선,직산,887,856,1743
2022-04-18,경부선,진위,1827,1560,3387
2022-04-18,경부선,천안,6706,6577,13283
2022-04-18,경부선,평택,13212,13407,26619
2022-04-18,경부선,평택지제,3630,3504,7134
2022-04-18,경부선,화서,8433,8115,16548
2022-04-18,경원선,가능,7242,6773,14015
2022-04-18,경원선,광운대,9260,9335,18595
2022-04-18,경원선,녹양,4766,4449,9215
2022-04-18,경원선,녹천,4967,4042,9009
2022-04-18,경원선,덕계,3419,3138,6557
2022-04-18,경원선,덕정,6903,6594,13497
2022-04-18,경원선,도봉,6023,5711,11734
2022-04-18,경원선,도봉산,7903,5306,13209
2022-04-18,경원선,동두천,2813,3162,5975
2022-04-18,경원선,동두천중앙,3283,3051,6334
2022-04-18,경원선,망월사,9777,9886,19663
2022-04-18,경원선,방학,9812,9694,19506
2022-04-18,경원선,보산,1667,1504,3171
2022-04-18,경원선,서빙고,1911,1720,3631
2022-04-18,경원선,석계,8395,9273,17668
2022-04-18,경원선,소요산,2960,2446,5406
2022-04-18,경원선,신이문,8492,7811,16303
2022-04-18,경원선,양주,8296,7680,15976
2022-04-18,경원선,옥수,49,39,88
2022-04-18,경원선,왕십리,13532,15115,28647
2022-04-18,경원선,외대앞,8326,8263,16589
2022-04-18,경원선,월계,8664,8021,16685
2022-04-18,경원선,응봉,1947,1766,3713
2022-04-18,경원선,의정부,17490,17996,35486
2022-04-18,경원선,이촌,3801,2882,6683
2022-04-18,경원선,지행,6796,6822,13618
2022-04-18,경원선,청량리,13588,14171,27759
2022-04-18,경원선,한남,4148,3957,8105
2022-04-18,경원선,회룡,12906,12831,25737
2022-04-18,경의선,가좌,5593,5360,10953
2022-04-18,경의선,강매,3431,2971,6402
2022-04-18,경의선,곡산,666,717,1383
2022-04-18,경의선,공덕,3530,3241,6771
2022-04-18,경의선,금릉,4984,4880,9864
2022-04-18,경의선,금촌,6418,6312,12730
2022-04-18,경의선,능곡,4059,3741,7800
2022-04-18,경의선,디지털미디어시티,2623,2415,5038
2022-04-18,경의선,문산,5236,5070,10306
2022-04-18,경의선,백마,7419,7013,14432
2022-04-18,경의선,서강대,2165,2038,4203
2022-04-18,경의선,서울역,4581,5779,10360
2022-04-18,경의선,수색,3009,3119,6128
2022-04-18,경의선,신촌,873,1167,2040
2022-04-18,경의선,야당,7774,7730,15504
2022-04-18,경의선,운정,7391,6822,14213
2022-04-18,경의선,월롱,2991,3032,6023
2022-04-18,경의선,일산,10803,10684,21487
2022-04-18,경의선,임진강,12,9,21
2022-04-18,경의선,탄현,8150,7557,15707
2022-04-18,경의선,파주,1752,1351,3103
2022-04-18,경의선,풍산,5873,5297,11170
2022-04-18,경의선,행신,8037,8126,16163
2022-04-18,경의선,홍대입구,1578,1696,3274
2022-04-18,경의선,화전,3621,3441,7062
2022-04-18,경의선,효창공원앞,3100,3465,6565
2022-04-18,경인선,간석,6034,5320,11354
2022-04-18,경인선,개봉,21849,21548,43397
2022-04-18,경인선,구일,6899,6850,13749
2022-04-18,경인선,도원,3235,3231,6466
2022-04-18,경인선,도화,4271,3970,8241
2022-04-18,경인선,동암,14452,14458,28910
2022-04-18,경인선,동인천,13758,12922,26680
2022-04-18,경인선,백운,7073,6958,14031
2022-04-18,경인선,부개,8891,8261,17152
2022-04-18,경인선,부천,32703,32475,65178
2022-04-18,경인선,부평,28159,30298,58457
2022-04-18,경인선,소사,9322,8762,18084
2022-04-18,경인선,송내,27787,27614,55401
2022-04-18,경인선,역곡,28500,28037,56537
2022-04-18,경인선,오류동,12171,11219,23390
2022-04-18,경인선,온수,7184,6929,14113
2022-04-18,경인선,인천,3668,2978,6646
2022-04-18,경인선,제물포,11401,10828,22229
2022-04-18,경인선,주안,19842,17890,37732
2022-04-18,경인선,중동,9854,9156,19010
2022-04-18,경춘선,가평,1756,1683,3439
2022-04-18,경춘선,갈매,3025,2676,5701
2022-04-18,경춘선,강촌,495,497,992
2022-04-18,경춘선,굴봉산,197,188,385
2022-04-18,경춘선,금곡,1711,1608,3319
2022-04-18,경춘선,김유정,372,384,756
2022-04-18,경춘선,남춘천,2514,2788,5302
2022-04-18,경춘선,대성리,619,568,1187
2022-04-18,경춘선,마석,4745,4758,9503
2022-04-18,경춘선,백양리,99,100,199
2022-04-18,경춘선,별내,3335,3133,6468
2022-04-18,경춘선,사릉,2706,2576,5282
2022-04-18,경춘선,상천,382,384,766
2022-04-18,경춘선,신내,2352,2223,4575
2022-04-18,경춘선,천마산,1771,1658,3429
2022-04-18,경춘선,청평,1840,1685,3525
2022-04-18,경춘선,춘천,1654,1570,3224
2022-04-18,경춘선,퇴계원,3710,3403,7113
2022-04-18,경춘선,평내호평,6791,6516,13307
2022-04-18,공항철도,검암,6622,6543,13165
2022-04-18,공항철도,계양,10759,10120,20879
2022-04-18,공항철도,공덕,2347,2909,5256
2022-04-18,공항철도,공항화물청사,2270,2552,4822
2022-04-18,공항철도,김포공항,12353,6834,19187
2022-04-18,공항철도,디지털미디어시티,14131,13165,27296
2022-04-18,공항철도,마곡나루,9237,8981,18218
2022-04-18,공항철도,서울역,7555,7235,14790
2022-04-18,공항철도,영종,3143,3114,6257
2022-04-18,공항철도,운서,6985,6899,13884
2022-04-18,공항철도,인천공항1터미널,4259,4240,8499
2022-04-18,공항철도,인천공항2터미널,2639,2527,5166
2022-04-18,공항철도,청라국제도시,7026,6514,13540
2022-04-18,공항철도,홍대입구,8359,8532,16891
2022-04-18,과천선,경마공원,961,910,1871
2022-04-18,과천선,과천,6405,5862,12267
2022-04-18,과천선,대공원,3573,3711,7284
2022-04-18,과천선,범계,25176,25090,50266
2022-04-18,과천선,선바위,8495,7410,15905
2022-04-18,과천선,인덕원,24449,25276,49725
2022-04-18,과천선,정부과천청사,10784,10748,21532
2022-04-18,과천선,평촌,18108,17821,35929
2022-04-18,분당선,가천대,10954,12074,23028
2022-04-18,분당선,강남구청,9898,11498,21396
2022-04-18,분당선,개포동,3905,3935,7840
2022-04-18,분당선,구룡,2403,2317,4720
2022-04-18,분당선,구성,5128,5340,10468
2022-04-18,분당선,기흥,10277,9554,19831
2022-04-18,분당선,대모산입구,4553,4257,8810
2022-04-18,분당선,도곡,7006,6948,13954
2022-04-18,분당선,망포,14365,13707,28072
2022-04-18,분당선,매교,3424,3282,6706
2022-04-18,분당선,매탄권선,5220,5080,10300
2022-04-18,분당선,모란,19794,19828,39622
2022-04-18,분당선,미금,15603,16559,32162
2022-04-18,분당선,보정,2620,2252,4872
2022-04-18,분당선,상갈,5412,5200,10612
2022-04-18,분당선,서울숲,11441,11722,23163
2022-04-18,분당선,서현,22303,22647,44950
2022-04-18,분당선,선릉,13294,20639,33933
2022-04-18,분당선,선정릉,8266,8791,17057
2022-04-18,분당선,수내,12360,12330,24690
2022-04-18,분당선,수서,13667,13715,27382
2022-04-18,분당선,수원,8085,6729,14814
2022-04-18,분당선,수원시청,12468,13386,25854
2022-04-18,분당선,신갈,4545,4437,8982
2022-04-18,분당선,압구정로데오,15745,17474,33219
2022-04-18,분당선,야탑,25513,26843,52356
2022-04-18,분당선,영통,7936,8111,16047
2022-04-18,분당선,오리,11709,9649,21358
2022-04-18,분당선,이매,5854,5332,11186
2022-04-18,분당선,정자,16755,17869,34624
2022-04-18,분당선,죽전,13671,14983,28654
2022-04-18,분당선,청명,4276,4195,8471
2022-04-18,분당선,태평,13124,12825,25949
2022-04-18,분당선,한티,12771,13752,26523
2022-04-18,수인선,고색,4821,4574,9395
2022-04-18,수인선,남동인더스파크,2245,2584,4829
2022-04-18,수인선,달월,115,65,180
2022-04-18,수인선,사리,5026,4423,9449
2022-04-18,수인선,소래포구,6142,5750,11892
2022-04-18,수인선,송도,2594,2408,5002
2022-04-18,수인선,숭의,4228,3938,8166
2022-04-18,수인선,신포,1901,1866,3767
2022-04-18,수인선,야목,408,288,696
2022-04-18,수인선,어천,783,835,1618
2022-04-18,수인선,연수,4758,4588,9346
2022-04-18,수인선,오목천,3828,3449,7277
2022-04-18,수인선,원인재,4537,4672,9209
2022-04-18,수인선,월곶,2739,2476,5215
2022-04-18,수인선,인천,1054,1716,2770
2022-04-18,수인선,인천논현,5612,6061,11673
2022-04-18,수인선,인하대,7453,7066,14519
2022-04-18,수인선,호구포,4152,4387,8539
2022-04-18,안산선,고잔,9293,8547,17840
2022-04-18,안산선,대야미,5303,4802,10105
2022-04-18,안산선,반월,4549,4346,8895
2022-04-18,안산선,산본,15825,17018,32843
2022-04-18,안산선,상록수,16734,16912,33646
2022-04-18,안산선,수리산,4492,3898,8390
2022-04-18,안산선,신길온천,1871,1618,3489
2022-04-18,안산선,안산,12028,10876,22904
2022-04-18,안산선,오이도,8772,8427,17199
2022-04-18,안산선,정왕,10152,10714,20866
2022-04-18,안산선,중앙,17961,18724,36685
2022-04-18,안산선,초지,5339,5692,11031
2022-04-18,안산선,한대앞,10410,10558,20968
2022-04-18,우이신설선,4.19민주묘지,3960,3890,7850
2022-04-18,우이신설선,가오리,4278,4229,8507
2022-04-18,우이신설선,보문,1518,1552,3070
2022-04-18,우이신설선,북한산보국문,5948,5720,11668
2022-04-18,우이신설선,북한산우이,2822,2595,5417
2022-04-18,우이신설선,삼양,2043,2171,4214
2022-04-18,우이신설선,삼양사거리,2499,2514,5013
2022-04-18,우이신설선,성신여대입구,3236,3585,6821
2022-04-18,우이신설선,솔밭공원,2487,2368,4855
2022-04-18,우이신설선,솔샘,5957,5607,11564
2022-04-18,우이신설선,신설동,2229,2139,4368
2022-04-18,우이신설선,정릉,4790,4354,9144
2022-04-18,우이신설선,화계,3520,3255,6775
2022-04-18,일산선,대곡,2282,1866,4148
2022-04-18,일산선,대화,12817,10065,22882
2022-04-18,일산선,마두,7677,7726,15403
2022-04-18,일산선,백석,9661,9609,19270
2022-04-18,일산선,삼송,20135,19436,39571
2022-04-18,일산선,원당,11718,11005,22723
2022-04-18,일산선,원흥,10881,10478,21359
2022-04-18,일산선,정발산,6580,6648,13228
2022-04-18,일산선,주엽,9241,9153,18394
2022-04-18,일산선,지축,1,0,1
2022-04-18,일산선,화정,16680,17094,33774
2022-04-18,장항선,배방,1215,1196,2411
2022-04-18,장항선,봉명,1309,1277,2586
2022-04-18,장항선,신창,2792,3087,5879
2022-04-18,장항선,쌍용,3014,2972,5986
2022-04-18,장항선,아산,4041,3359,7400
2022-04-18,장항선,온양온천,3907,3986,7893
2022-04-18,장항선,탕정,835,760,1595
2022-04-18,중앙선,구리,13392,13550,26942
2022-04-18,중앙선,국수,965,947,1912
2022-04-18,중앙선,덕소,5694,5740,11434
2022-04-18,중앙선,도농,11021,9947,20968
2022-04-18,중앙선,도심,2541,2026,4567
2022-04-18,중앙선,망우,7868,7649,15517
2022-04-18,중앙선,상봉,5777,5884,11661
2022-04-18,중앙선,신원,292,250,542
2022-04-18,중앙선,아신,577,566,1143
2022-04-18,중앙선,양수,2079,2091,4170
2022-04-18,중앙선,양원,3120,2951,6071
2022-04-18,중앙선,양정,783,652,1435
2022-04-18,중앙선,양평,4353,4500,8853
2022-04-18,중앙선,오빈,361,352,713
2022-04-18,중앙선,용문,1994,1796,3790
2022-04-18,중앙선,운길산,989,935,1924
2022-04-18,중앙선,원덕,473,388,861
2022-04-18,중앙선,중랑,5621,5358,10979
2022-04-18,중앙선,지평,86,89,175
2022-04-18,중앙선,팔당,939,965,1904
2022-04-18,중앙선,회기,24520,24263,48783
2022-04-19,1호선,동대문,10904,10274,21178
2022-04-19,1호선,동묘앞,8156,8431,16587
2022-04-19,1호선,서울역,41853,40525,82378
2022-04-19,1호선,시청,22963,23441,46404
2022-04-19,1호선,신설동,13882,13615,27497
2022-04-19,1호선,제기동,18042,18455,36497
2022-04-19,1호선,종각,34293,33761,68054
2022-04-19,1호선,종로3가,24763,22355,47118
2022-04-19,1호선,종로5가,22966,22983,45949
2022-04-19,1호선,청량리,20141,19766,39907
2022-04-19,2호선,강남,82201,81612,163813
2022-04-19,2호선,강변,29318,27259,56577
2022-04-19,2호선,건대입구,32928,35536,68464
2022-04-19,2호선,교대,35047,39924,74971
2022-04-19,2호선,구로디지털단지,59950,60205,120155
2022-04-19,2호선,구의,24016,23494,47510
2022-04-19,2호선,낙성대,27218,26989,54207
2022-04-19,2호선,당산,19741,22731,42472
2022-04-19,2호선,대림,24357,24695,49052
2022-04-19,2호선,도림천,1493,1560,3053
2022-04-19,2호선,동대문역사문화공원,11761,11376,23137
2022-04-19,2호선,뚝섬,22415,24169,46584
2022-04-19,2호선,문래,22293,22788,45081
2022-04-19,2호선,방배,19986,20886,40872
2022-04-19,2호선,봉천,24202,22439,46641
2022-04-19,2호선,사당,37564,41204,78768
2022-04-19,2호선,삼성,50040,51206,101246
2022-04-19,2호선,상왕십리,14337,13855,28192
2022-04-19,2호선,서울대입구,48123,47068,95191
2022-04-19,2호선,서초,22757,21312,44069
2022-04-19,2호선,선릉,58455,52251,110706
2022-04-19,2호선,성수,36931,40951,77882
2022-04-19,2호선,시청,23685,23395,47080
2022-04-19,2호선,신답,1647,1879,3526
2022-04-19,2호선,신당,13846,14249,28095
2022-04-19,2호선,신대방,27527,26897,54424
2022-04-19,2호선,신도림,47267,47002,94269
2022-04-19,2호선,신림,63524,61282,124806
2022-04-19,2호선,신설동,3114,1690,4804
2022-04-19,2호선,신정네거리,10411,10787,21198
2022-04-19,2호선,신촌,30790,31855,62645
2022-04-19,2호선,아현,10876,10459,21335
2022-04-19,2호선,양천구청,6994,7181,14175
2022-04-19,2호선,역삼,54050,61505,115555
2022-04-19,2호선,영등포구청,22717,23764,46481
2022-04-19,2호선,왕십리,16268,12987,29255
2022-04-19,2호선,용답,3178,3344,6522
2022-04-19,2호선,용두,2426,2492,4918
2022-04-19,2호선,을지로3가,22612,22602,45214
2022-04-19,2호선,을지로4가,13117,13373,26490
2022-04-19,2호선,을지로입구,39103,40959,80062
2022-04-19,2호선,이대,13579,14141,27720
2022-04-19,2호선,잠실,66283,65401,131684
2022-04-19,2호선,잠실나루,15382,14971,30353
2022-04-19,2호선,잠실새내,20895,20721,41616
2022-04-19,2호선,종합운동장,9185,10089,19274
2022-04-19,2호선,충정로,10235,10942,21177
2022-04-19,2호선,한양대,15290,16732,32022
2022-04-19,2호선,합정,29414,31058,60472
2022-04-19,2호선,홍대입구,48324,50891,99215
2022-04-19,3호선,가락시장,9227,8945,18172
2022-04-19,3호선,경복궁,21902,21582,43484
2022-04-19,3호선,경찰병원,7463,7459,14922
2022-04-19,3호선,고속터미널,37686,36288,73974
2022-04-19,3호선,교대,15164,10056,25220
2022-04-19,3호선,구파발,21045,20016,41061
2022-04-19,3호선,금호,8081,7562,15643
2022-04-19,3호선,남부터미널,28799,29586,58385
2022-04-19,3호선,녹번,16542,14752,31294
2022-04-19,3호선,대청,10467,9550,20017
2022-04-19,3호선,대치,11018,11169,22187
2022-04-19,3호선,도곡,5594,5714,11308
2022-04-19,3호선,독립문,7188,7524,14712
2022-04-19,3호선,동대입구,9218,10036,19254
2022-04-19,3호선,매봉,12910,12303,25213
2022-04-19,3호선,무악재,3971,4158,8129
2022-04-19,3호선,불광,16679,17702,34381
2022-04-19,3호선,수서,16925,17199,34124
2022-04-19,3호선,신사,30340,31730,62070
2022-04-19,3호선,안국,21702,22623,44325
2022-04-19,3호선,압구정,31525,33730,65255
2022-04-19,3호선,약수,13371,13092,26463
2022-04-19,3호선,양재,39246,43016,82262
2022-04-19,3호선,연신내,37247,35264,72511
2022-04-19,3호선,오금,6561,6005,12566
2022-04-19,3호선,옥수,9005,9186,18191
2022-04-19,3호선,을지로3가,10542,10819,21361
2022-04-19,3호선,일원,11150,10764,21914
2022-04-19,3호선,잠원,4938,4871,9809
2022-04-19,3호선,종로3가,9969,11503,21472
2022-04-19,3호선,지축,5231,4906,10137
2022-04-19,3호선,충무로,2,0,2
2022-04-19,3호선,학여울,1917,1948,3865
2022-04-19,3호선,홍제,18179,17291,35470
2022-04-19,4호선,길음,21783,21483,43266
2022-04-19,4호선,남태령,1293,1098,2391
2022-04-19,4호선,노원,18727,21034,39761
2022-04-19,4호선,당고개,9262,8298,17560
2022-04-19,4호선,동대문,20402,20810,41212
2022-04-19,4호선,동대문역사문화공원,14035,13016,27051
2022-04-19,4호선,동작,1617,1847,3464
2022-04-19,4호선,명동,19645,20136,39781
2022-04-19,4호선,미아,15859,15181,31040
2022-04-19,4호선,미아사거리,27839,27087,54926
2022-04-19,4호선,사당,25400,21537,46937
2022-04-19,4호선,삼각지,4876,5453,10329
2022-04-19,4호선,상계,20173,18554,38727
2022-04-19,4호선,서울역,11287,15627,26914
2022-04-19,4호선,성신여대입구,20656,19678,40334
2022-04-19,4호선,수유,33693,34031,67724
2022-04-19,4호선,숙대입구,14069,13617,27686
2022-04-19,4호선,신용산,15987,17215,33202
2022-04-19,4호선,쌍문,29903,27437,57340
2022-04-19,4호선,이촌,7526,8183,15709
2022-04-19,4호선,창동,25629,26602,52231
2022-04-19,4호선,총신대입구,19245,20723,39968
2022-04-19,4호선,충무로,28266,29346,57612
2022-04-19,4호선,한성대입구,15067,14583,29650
2022-04-19,4호선,혜화,32464,32811,65275
2022-04-19,4호선,회현,25618,27263,52881
2022-04-19,5호선,강동,19146,18253,37399
2022-04-19,5호선,강일,4288,3957,8245
2022-04-19,5호선,개롱,6637,6913,13550
2022-04-19,5호선,개화산,5788,5460,11248
2022-04-19,5호선,거여,10715,10070,20785
2022-04-19,5호선,고덕,9945,9946,19891
2022-04-19,5호선,공덕,14813,15654,30467
2022-04-19,5호선,광나루,13667,12380,26047
2022-04-19,5호선,광화문,29839,31640,61479
2022-04-19,5호선,군자,11241,12319,23560
2022-04-19,5호선,굽은다리,9471,8893,18364
2022-04-19,5호선,길동,8015,8224,16239
2022-04-19,5호선,김포공항,7023,6685,13708
2022-04-19,5호선,까치산,29405,27810,57215
2022-04-19,5호선,답십리,16079,14663,30742
2022-04-19,5호선,동대문역사문화공원,2953,3410,6363
2022-04-19,5호선,둔촌동,8467,8553,17020
2022-04-19,5호선,마곡,10971,10992,21963
2022-04-19,5호선,마장,5832,5559,11391
2022-04-19,5호선,마천,7669,7399,15068
2022-04-19,5호선,마포,14893,15261,30154
2022-04-19,5호선,명일,8952,9236,18188
2022-04-19,5호선,목동,17129,18335,35464
2022-04-19,5호선,미사,16353,16118,32471
2022-04-19,5호선,발산,20732,21306,42038
2022-04-19,5호선,방이,7071,7457,14528
2022-04-19,5호선,방화,6924,6571,13495
2022-04-19,5호선,상일동,15382,14199,29581
2022-04-19,5호선,서대문,20699,20952,41651
2022-04-19,5호선,송정,6647,6223,12870
2022-04-19,5호선,신금호,6790,7042,13832
2022-04-19,5호선,신길,4250,4526,8776
2022-04-19,5호선,신정,14377,11666,26043
2022-04-19,5호선,아차산,15325,14931,30256
2022-04-19,5호선,애오개,7171,7094,14265
2022-04-19,5호선,양평,7774,7621,15395
2022-04-19,5호선,여의나루,12106,13350,25456
2022-04-19,5호선,여의도,29184,31025,60209
2022-04-19,5호선,영등포구청,4236,4349,8585
2022-04-19,5호선,영등포시장,10067,10271,20338
2022-04-19,5호선,오금,3950,4016,7966
2022-04-19,5호선,오목교,21323,23005,44328
2022-04-19,5호선,올림픽공원,4550,3877,8427
2022-04-19,5호선,왕십리,4517,5171,9688
2022-04-19,5호선,우장산,15228,14804,30032
2022-04-19,5호선,을지로4가,6464,6431,12895
2022-04-19,5호선,장한평,18695,18456,37151
2022-04-19,5호선,종로3가,11880,11983,23863
2022-04-19,5호선,천호,17964,18036,36000
2022-04-19,5호선,청구,4148,3624,7772
2022-04-19,5호선,충정로,5059,5161,10220
2022-04-19,5호선,하남검단산,5726,5544,11270
2022-04-19,5호선,하남시청,7292,7110,14402
2022-04-19,5호선,하남풍산,4428,4364,8792
2022-04-19,5호선,행당,8248,7391,15639
2022-04-19,5호선,화곡,28910,27124,56034
2022-04-19,6호선,고려대,8856,8603,17459
2022-04-19,6호선,공덕,18849,18466,37315
2022-04-19,6호선,광흥창,9394,9090,18484
2022-04-19,6호선,구산,7853,5894,13747
2022-04-19,6호선,녹사평,4648,4647,9295
2022-04-19,6호선,대흥,8614,8812,17426
2022-04-19,6호선,독바위,2793,2960,5753
2022-04-19,6호선,돌곶이,9626,8977,18603
2022-04-19,6호선,동묘앞,7580,7915,15495
2022-04-19,6호선,디지털미디어시티,14461,15725,30186
2022-04-19,6호선,마포구청,14459,12924,27383
2022-04-19,6호선,망원,13570,14359,27929
2022-04-19,6호선,버티고개,2187,2125,4312
2022-04-19,6호선,보문,7339,6712,14051
2022-04-19,6호선,봉화산,9259,8668,17927
2022-04-19,6호선,불광,4143,4181,8324
2022-04-19,6호선,삼각지,6443,5743,12186
2022-04-19,6호선,상수,8366,9425,17791
2022-04-19,6호선,상월곡,6618,6046,12664
2022-04-19,6호선,새절,13832,12657,26489
2022-04-19,6호선,석계,12807,13625,26432
2022-04-19,6호선,신내,1,0,1
2022-04-19,6호선,신당,8522,8913,17435
2022-04-19,6호선,안암,13357,13654,27011
2022-04-19,6호선,약수,3631,3483,7114
2022-04-19,6호선,역촌,3765,4388,8153
2022-04-19,6호선,연신내,3,0,3
2022-04-19,6호선,월곡,12583,12188,24771
2022-04-19,6호선,월드컵경기장,4448,4644,9092
2022-04-19,6호선,응암,17929,17733,35662
2022-04-19,6호선,이태원,9300,9531,18831
2022-04-19,6호선,증산,10362,10347,20709
2022-04-19,6호선,창신,3797,3191,6988
2022-04-19,6호선,청구,3799,4075,7874
2022-04-19,6호선,태릉입구,5750,6266,12016
2022-04-19,6호선,한강진,7213,8330,15543
2022-04-19,6호선,합정,12539,12452,24991
2022-04-19,6호선,화랑대,12984,10090,23074
2022-04-19,6호선,효창공원앞,7484,6879,14363
2022-04-19,7호선,가산디지털단지,46573,46979,93552
2022-04-19,7호선,강남구청,16638,18548,35186
2022-04-19,7호선,건대입구,12429,12960,25389
2022-04-19,7호선,고속터미널,14879,13087,27966
2022-04-19,7호선,공릉,13357,13063,26420
2022-04-19,7호선,광명사거리,22520,22261,44781
2022-04-19,7호선,군자,15239,12295,27534
2022-04-19,7호선,남구로,16275,17137,33412
2022-04-19,7호선,남성,11546,10647,22193
2022-04-19,7호선,내방,14900,15312,30212
2022-04-19,7호선,노원,19321,20256,39577
2022-04-19,7호선,논현,20903,22602,43505
2022-04-19,7호선,대림,7656,7771,15427
2022-04-19,7호선,도봉산,9968,11510,21478
2022-04-19,7호선,뚝섬유원지,9342,9115,18457
2022-04-19,7호선,마들,13028,12451,25479
2022-04-19,7호선,먹골,10317,10106,20423
2022-04-19,7호선,면목,16985,16479,33464
2022-04-19,7호선,반포,5986,5737,11723
2022-04-19,7호선,보라매,10498,10525,21023
2022-04-19,7호선,사가정,16576,16724,33300
2022-04-19,7호선,상도,11481,11163,22644
2022-04-19,7호선,상봉,16921,15874,32795
2022-04-19,7호선,수락산,12973,12642,25615
2022-04-19,7호선,숭실대입구,15254,15582,30836
2022-04-19,7호선,신대방삼거리,17147,16395,33542
2022-04-19,7호선,신풍,11894,11333,23227
2022-04-19,7호선,어린이대공원,14347,14694,29041
2022-04-19,7호선,온수,11508,10800,22308
2022-04-19,7호선,용마산,6396,6115,12511
2022-04-19,7호선,이수,15752,15315,31067
2022-04-19,7호선,장승배기,9098,8710,17808
2022-04-19,7호선,장암,2349,898,3247
2022-04-19,7호선,중계,15386,14182,29568
2022-04-19,7호선,중곡,11391,10478,21869
2022-04-19,7호선,중화,11151,10870,22021
2022-04-19,7호선,천왕,11966,11378,23344
2022-04-19,7호선,철산,21349,21899,43248
2022-04-19,7호선,청담,19850,22440,42290
2022-04-19,7호선,태릉입구,9228,8835,18063
2022-04-19,7호선,하계,18483,17234,35717
2022-04-19,7호선,학동,25023,26770,51793
2022-04-19,8호선,가락시장,7833,8713,16546
2022-04-19,8호선,강동구청,10524,10867,21391
2022-04-19,8호선,남위례,5186,5297,10483
2022-04-19,8호선,남한산성입구,16496,15209,31705
2022-04-19,8호선,단대오거리,11747,11053,22800
2022-04-19,8호선,모란,6778,5494,12272
2022-04-19,8호선,몽촌토성,6376,6415,12791
2022-04-19,8호선,문정,22645,23841,46486
2022-04-19,8호선,복정,10624,8937,19561
2022-04-19,8호선,산성,5775,5806,11581
2022-04-19,8호선,석촌,7856,8899,16755
2022-04-19,8호선,송파,8492,8230,16722
2022-04-19,8호선,수진,5557,5110,10667
2022-04-19,8호선,신흥,4177,4426,8603
2022-04-19,8호선,암사,19585,17279,36864
2022-04-19,8호선,잠실,13418,15969,29387
2022-04-19,8호선,장지,17679,16824,34503
2022-04-19,8호선,천호,14866,17066,31932
2022-04-19,9호선,가양,21236,20566,41802
2022-04-19,9호선,개화,2552,1850,4402
2022-04-19,9호선,고속터미널,11977,14332,26309
2022-04-19,9호선,공항시장,2993,3227,6220
2022-04-19,9호선,구반포,1367,1424,2791
2022-04-19,9호선,국회의사당,16061,17006,33067
2022-04-19,9호선,김포공항,7185,10555,17740
2022-04-19,9호선,노들,4627,3850,8477
2022-04-19,9호선,노량진,26032,25235,51267
2022-04-19,9호선,당산,18745,18490,37235
2022-04-19,9호선,동작,2086,1738,3824
2022-04-19,9호선,등촌,11627,11153,22780
2022-04-19,9호선,마곡나루,12689,12533,25222
2022-04-19,9호선,사평,3498,3462,6960
2022-04-19,9호선,샛강,6239,6560,12799
2022-04-19,9호선,선유도,8920,8464,17384
2022-04-19,9호선,신논현,30873,30787,61660
2022-04-19,9호선,신목동,4284,3770,8054
2022-04-19,9호선,신반포,3522,3465,6987
2022-04-19,9호선,신방화,7042,6667,13709
2022-04-19,9호선,양천향교,10234,10398,20632
2022-04-19,9호선,여의도,28378,27939,56317
2022-04-19,9호선,염창,17887,17127,35014
2022-04-19,9호선,증미,7369,7167,14536
2022-04-19,9호선,흑석,9024,9264,18288
2022-04-19,9호선2~3단계,둔촌오륜,1212,1054,2266
2022-04-19,9호선2~3단계,봉은사,15935,16106,32041
2022-04-19,9호선2~3단계,삼성중앙,6898,7400,14298
2022-04-19,9호선2~3단계,삼전,6861,6670,13531
2022-04-19,9호선2~3단계,석촌,8625,7532,16157
2022-04-19,9호선2~3단계,석촌고분,6049,6023,12072
2022-04-19,9호선2~3단계,선정릉,9972,11012,20984
2022-04-19,9호선2~3단계,송파나루,4928,5233,10161
2022-04-19,9호선2~3단계,언주,10613,10986,21599
2022-04-19,9호선2~3단계,올림픽공원,6109,6114,12223
2022-04-19,9호선2~3단계,종합운동장,4087,4312,8399
2022-04-19,9호선2~3단계,중앙보훈병원,11407,10099,21506
2022-04-19,9호선2~3단계,한성백제,2556,2323,4879
2022-04-19,경강선,경기광주,8085,7577,15662
2022-04-19,경강선,곤지암,2408,2414,4822
2022-04-19,경강선,부발,2128,2107,4235
2022-04-19,경강선,삼동,2522,2372,4894
2022-04-19,경강선,세종대왕릉,328,324,652
2022-04-19,경강선,신둔도예촌,1715,1582,3297
2022-04-19,경강선,여주,2483,2507,4990
2022-04-19,경강선,이매,1199,1042,2241
2022-04-19,경강선,이천,2642,2694,5336
2022-04-19,경강선,초월,3348,3188,6536
2022-04-19,경강선,판교,4831,4812,9643
2022-04-19,경부선,가산디지털단지,19330,22301,41631
2022-04-19,경부선,관악,7558,6963,14521
2022-04-19,경부선,광명,3268,2840,6108
2022-04-19,경부선,구로,18564,19160,37724
2022-04-19,경부선,군포,8190,8121,16311
2022-04-19,경부선,금정,27755,28306,56061
2022-04-19,경부선,금천구청,12326,12098,24424
2022-04-19,경부선,남영,9676,10319,19995
2022-04-19,경부선,노량진,8144,8421,16565
2022-04-19,경부선,당정,6879,6394,13273
2022-04-19,경부선,대방,13333,13688,27021
2022-04-19,경부선,독산,19290,20058,39348
2022-04-19,경부선,두정,7557,8340,15897
2022-04-19,경부선,명학,11251,10981,22232
2022-04-19,경부선,병점,15404,15456,30860
2022-04-19,경부선,서동탄,1475,1225,2700
2022-04-19,경부선,서울역,5335,1698,7033
2022-04-19,경부선,서정리,7712,7307,15019
2022-04-19,경부선,석수,10238,9284,19522
2022-04-19,경부선,성균관대,16079,15933,32012
2022-04-19,경부선,성환,6486,6344,12830
2022-04-19,경부선,세류,3113,2782,5895
2022-04-19,경부선,세마,3034,2867,5901
2022-04-19,경부선,송탄,4546,4230,8776
2022-04-19,경부선,수원,34914,37015,71929
2022-04-19,경부선,신길,9362,7909,17271
2022-04-19,경부선,신도림,4272,4294,8566
2022-04-19,경부선,안양,26858,26586,53444
2022-04-19,경부선,영등포,35793,37062,72855
2022-04-19,경부선,오산,10487,10526,21013
2022-04-19,경부선,오산대,4552,4264,8816
2022-04-19,경부선,용산,29942,30481,60423
2022-04-19,경부선,의왕,9795,9826,19621
2022-04-19,경부선,직산,940,871,1811
2022-04-19,경부선,진위,1819,1583,3402
2022-04-19,경부선,천안,6995,6695,13690
2022-04-19,경부선,평택,12946,13047,25993
2022-04-19,경부선,평택지제,3582,3490,7072
2022-04-19,경부선,화서,8729,8286,17015
2022-04-19,경원선,가능,7335,7016,14351
2022-04-19,경원선,광운대,8958,8884,17842
2022-04-19,경원선,녹양,4785,4503,9288
2022-04-19,경원선,녹천,4974,4087,9061
2022-04-19,경원선,덕계,3483,3167,6650
2022-04-19,경원선,덕정,6932,6651,13583
2022-04-19,경원선,도봉,6266,5979,12245
2022-04-19,경원선,도봉산,8408,5693,14101
2022-04-19,경원선,동두천,2922,3194,6116
2022-04-19,경원선,동두천중앙,3336,3164,6500
2022-04-19,경원선,망월사,9635,9759,19394
2022-04-19,경원선,방학,10128,10043,20171
2022-04-19,경원선,보산,1576,1437,3013
2022-04-19,경원선,서빙고,2082,1955,4037
2022-04-19,경원선,석계,8729,9633,18362
2022-04-19,경원선,소요산,3269,2813,6082
2022-04-19,경원선,신이문,8675,8116,16791
2022-04-19,경원선,양주,8509,7892,16401
2022-04-19,경원선,옥수,54,38,92
2022-04-19,경원선,왕십리,13678,14963,28641
2022-04-19,경원선,외대앞,8338,8333,16671
2022-04-19,경원선,월계,8798,8135,16933
2022-04-19,경원선,응봉,2094,1747,3841
2022-04-19,경원선,의정부,18504,19267,37771
2022-04-19,경원선,이촌,3758,2968,6726
2022-04-19,경원선,지행,7014,7133,14147
2022-04-19,경원선,청량리,14474,15391,29865
2022-04-19,경원선,한남,4186,3974,8160
2022-04-19,경원선,회룡,13287,13330,26617
2022-04-19,경의선,가좌,5719,5464,11183
2022-04-19,경의선,강매,3534,3055,6589
2022-04-19,경의선,곡산,701,740,1441
2022-04-19,경의선,공덕,3624,3272,6896
2022-04-19,경의선,금릉,5174,4970,10144
2022-04-19,경의선,금촌,6422,6380,12802
2022-04-19,경의선,능곡,4061,3800,7861
2022-04-19,경의선,디지털미디어시티,2767,2525,5292
2022-04-19,경의선,문산,5605,5561,11166
2022-04-19,경의선,백마,7255,6987,14242
2022-04-19,경의선,서강대,2135,2131,4266
2022-04-19,경의선,서울역,4516,5831,10347
2022-04-19,경의선,수색,3113,3203,6316
2022-04-19,경의선,신촌,909,1145,2054
2022-04-19,경의선,야당,7862,7718,15580
2022-04-19,경의선,운정,7316,6848,14164
2022-04-19,경의선,월롱,3161,2978,6139
2022-04-19,경의선,일산,10020,9863,19883
2022-04-19,경의선,임진강,14,12,26
2022-04-19,경의선,탄현,8110,7761,15871
2022-04-19,경의선,파주,1764,1329,3093
2022-04-19,경의선,풍산,5944,5489,11433
2022-04-19,경의선,행신,8093,8228,16321
2022-04-19,경의선,홍대입구,1584,1733,3317
2022-04-19,경의선,화전,3666,3408,7074
2022-04-19,경의선,효창공원앞,3163,3492,6655
2022-04-19,경인선,간석,6102,5492,11594
2022-04-19,경인선,개봉,22326,21660,43986
2022-04-19,경인선,구일,7243,7197,14440
2022-04-19,경인선,도원,3450,3379,6829
2022-04-19,경인선,도화,4480,4109,8589
2022-04-19,경인선,동암,14864,14989,29853
2022-04-19,경인선,동인천,14130,13359,27489
2022-04-19,경인선,백운,7340,7174,14514
2022-04-19,경인선,부개,8994,8333,17327
2022-04-19,경인선,부천,32940,32980,65920
2022-04-19,경인선,부평,28338,30268,58606
2022-04-19,경인선,소사,9655,9293,18948
2022-04-19,경인선,송내,28743,28829,57572
2022-04-19,경인선,역곡,29313,28715,58028
2022-04-19,경인선,오류동,12274,11319,23593
2022-04-19,경인선,온수,7346,7119,14465
2022-04-19,경인선,인천,4077,3278,7355
2022-04-19,경인선,제물포,11699,11151,22850
2022-04-19,경인선,주안,20064,18086,38150
2022-04-19,경인선,중동,10037,9348,19385
2022-04-19,경춘선,가평,1749,1716,3465
2022-04-19,경춘선,갈매,3154,2785,5939
2022-04-19,경춘선,강촌,567,530,1097
2022-04-19,경춘선,굴봉산,215,191,406
2022-04-19,경춘선,금곡,1718,1626,3344
2022-04-19,경춘선,김유정,379,394,773
2022-04-19,경춘선,남춘천,2408,2474,4882
2022-04-19,경춘선,대성리,634,599,1233
2022-04-19,경춘선,마석,4223,4293,8516
2022-04-19,경춘선,백양리,114,129,243
2022-04-19,경춘선,별내,3359,3178,6537
2022-04-19,경춘선,사릉,2745,2655,5400
2022-04-19,경춘선,상천,402,401,803
2022-04-19,경춘선,신내,2440,2354,4794
2022-04-19,경춘선,천마산,1802,1711,3513
2022-04-19,경춘선,청평,1812,1682,3494
2022-04-19,경춘선,춘천,1931,1754,3685
2022-04-19,경춘선,퇴계원,3800,3419,7219
2022-04-19,경춘선,평내호평,6684,6565,13249
2022-04-19,공항철도,검암,6668,6698,13366
2022-04-19,공항철도,계양,11111,10421,21532
2022-04-19,공항철도,공덕,2313,3035,5348
2022-04-19,공항철도,공항화물청사,2388,2573,4961
2022-04-19,공항철도,김포공항,11381,6258,17639
2022-04-19,공항철도,디지털미디어시티,14478,13601,28079
2022-04-19,공항철도,마곡나루,9711,9500,19211
2022-04-19,공항철도,서울역,7426,6708,14134
2022-04-19,공항철도,영종,3221,3184,6405
2022-04-19,공항철도,운서,7027,7067,14094
2022-04-19,공항철도,인천공항1터미널,4437,4615,9052
2022-04-19,공항철도,인천공항2터미널,2642,2346,4988
2022-04-19,공항철도,청라국제도시,7149,6720,13869
2022-04-19,공항철도,홍대입구,8545,8766,17311
2022-04-19,과천선,경마공원,1654,1608,3262
2022-04-19,과천선,과천,6660,6083,12743
2022-04-19,과천선,대공원,4140,4307,8447
2022-04-19,과천선,범계,26626,26536,53162
2022-04-19,과천선,선바위,8795,7757,16552
2022-04-19,과천선,인덕원,25437,26210,51647
2022-04-19,과천선,정부과천청사,11221,11104,22325
2022-04-19,과천선,평촌,18894,18400,37294
2022-04-19,분당선,가천대,11331,12339,23670
2022-04-19,분당선,강남구청,10419,12003,22422
2022-04-19,분당선,개포동,4106,4192,8298
2022-04-19,분당선,구룡,2522,2417,4939
2022-04-19,분당선,구성,5389,5695,11084
2022-04-19,분당선,기흥,10341,9777,20118
2022-04-19,분당선,대모산입구,4742,4468,9210
2022-04-19,분당선,도곡,7158,7106,14264
2022-04-19,분당선,망포,14715,13914,28629
2022-04-19,분당선,매교,3374,3340,6714
2022-04-19,분당선,매탄권선,5337,5191,10528
2022-04-19,분당선,모란,27899,29091,56990
2022-04-19,분당선,미금,16159,17343,33502
2022-04-19,분당선,보정,2773,2405,5178
2022-04-19,분당선,상갈,5643,5310,10953
2022-04-19,분당선,서울숲,12123,12485,24608
2022-04-19,분당선,서현,23954,24471,48425
2022-04-19,분당선,선릉,13925,21118,35043
2022-04-19,분당선,선정릉,8459,9019,17478
2022-04-19,분당선,수내,13598,13705,27303
2022-04-19,분당선,수서,13856,14000,27856
2022-04-19,분당선,수원,8258,6979,15237
2022-04-19,분당선,수원시청,12737,13682,26419
2022-04-19,분당선,신갈,4730,4748,9478
2022-04-19,분당선,압구정로데오,18637,20669,39306
2022-04-19,분당선,야탑,26323,27386,53709
2022-04-19,분당선,영통,8150,8421,16571
2022-04-19,분당선,오리,12195,9875,22070
2022-04-19,분당선,이매,5997,5599,11596
2022-04-19,분당선,정자,17767,18734,36501
2022-04-19,분당선,죽전,14531,15725,30256
2022-04-19,분당선,청명,4443,4327,8770
2022-04-19,분당선,태평,14004,13508,27512
2022-04-19,분당선,한티,14284,15361,29645
2022-04-19,수인선,고색,4992,4685,9677
2022-04-19,수인선,남동인더스파크,2334,2623,4957
2022-04-19,수인선,달월,122,74,196
2022-04-19,수인선,사리,5166,4699,9865
2022-04-19,수인선,소래포구,6450,6150,12600
2022-04-19,수인선,송도,2694,2477,5171
2022-04-19,수인선,숭의,4341,4022,8363
2022-04-19,수인선,신포,1962,1991,3953
2022-04-19,수인선,야목,407,304,711
2022-04-19,수인선,어천,793,827,1620
2022-04-19,수인선,연수,4702,4779,9481
2022-04-19,수인선,오목천,3854,3503,7357
2022-04-19,수인선,원인재,4608,4817,9425
2022-04-19,수인선,월곶,2752,2603,5355
2022-04-19,수인선,인천,1062,1756,2818
2022-04-19,수인선,인천논현,5648,5993,11641
2022-04-19,수인선,인하대,7379,7091,14470
2022-04-19,수인선,호구포,4219,4417,8636
2022-04-19,안산선,고잔,9464,8943,18407
2022-04-19,안산선,대야미,5303,4749,10052
2022-04-19,안산선,반월,4528,4341,8869
2022-04-19,안산선,산본,16487,17713,34200
2022-04-19,안산선,상록수,17344,17719,35063
2022-04-19,안산선,수리산,4868,4056,8924
2022-04-19,안산선,신길온천,1871,1709,3580
2022-04-19,안산선,안산,12031,10740,22771
2022-04-19,안산선,오이도,9100,8806,17906
2022-04-19,안산선,정왕,10677,10975,21652
2022-04-19,안산선,중앙,18380,19378,37758
2022-04-19,안산선,초지,5495,5817,11312
2022-04-19,안산선,한대앞,10853,10985,21838
2022-04-19,우이신설선,4.19민주묘지,3471,3351,6822
2022-04-19,우이신설선,가오리,4325,4216,8541
2022-04-19,우이신설선,보문,1569,1525,3094
2022-04-19,우이신설선,북한산보국문,6197,5785,11982
2022-04-19,우이신설선,북한산우이,2905,2657,5562
2022-04-19,우이신설선,삼양,2132,2242,4374
2022-04-19,우이신설선,삼양사거리,2455,2544,4999
2022-04-19,우이신설선,성신여대입구,3215,3454,6669
2022-04-19,우이신설선,솔밭공원,2579,2427,5006
2022-04-19,우이신설선,솔샘,5978,5643,11621
2022-04-19,우이신설선,신설동,2289,2136,4425
2022-04-19,우이신설선,정릉,4866,4405,9271
2022-04-19,우이신설선,화계,3510,3232,6742
2022-04-19,일산선,대곡,2293,1775,4068
2022-04-19,일산선,대화,13025,10240,23265
2022-04-19,일산선,마두,7766,7790,15556
2022-04-19,일산선,백석,9954,9965,19919
2022-04-19,일산선,삼송,20614,19956,40570
2022-04-19,일산선,원당,11803,11126,22929
2022-04-19,일산선,원흥,11150,10761,21911
2022-04-19,일산선,정발산,7285,7393,14678
2022-04-19,일산선,주엽,9351,9334,18685
2022-04-19,일산선,화정,16996,17519,34515
2022-04-19,장항선,배방,1183,1168,2351
2022-04-19,장항선,봉명,1359,1359,2718
2022-04-19,장항선,신창,2896,2750,5646
2022-04-19,장항선,쌍용,3232,3064,6296
2022-04-19,장항선,아산,3749,3201,6950
2022-04-19,장항선,온양온천,5246,5346,10592
2022-04-19,장항선,탕정,891,756,1647
2022-04-19,중앙선,구리,13740,14064,27804
2022-04-19,중앙선,국수,887,881,1768
2022-04-19,중앙선,덕소,5737,5844,11581
2022-04-19,중앙선,도농,11118,10131,21249
2022-04-19,중앙선,도심,2605,2061,4666
2022-04-19,중앙선,망우,8125,7896,16021
2022-04-19,중앙선,상봉,5914,5909,11823
2022-04-19,중앙선,신원,296,245,541
2022-04-19,중앙선,아신,559,561,1120
2022-04-19,중앙선,양수,2076,2125,4201
2022-04-19,중앙선,양원,3202,3024,6226
2022-04-19,중앙선,양정,833,684,1517
2022-04-19,중앙선,양평,2854,2949,5803
2022-04-19,중앙선,오빈,396,382,778
2022-04-19,중앙선,용문,2053,1929,3982
2022-04-19,중앙선,운길산,1050,1007,2057
2022-04-19,중앙선,원덕,427,437,864
2022-04-19,중앙선,중랑,5696,5361,11057
2022-04-19,중앙선,지평,66,91,157
2022-04-19,중앙선,팔당,976,988,1964
2022-04-19,중앙선,회기,24697,24160,48857
2022-04-20,1호선,동대문,11231,10600,21831
2022-04-20,1호선,동묘앞,8450,8748,17198
2022-04-20,1호선,서울역,42565,41248,83813
2022-04-20,1호선,시청,23391,23265,46656
2022-04-20,1호선,신설동,14105,13841,27946
2022-04-20,1호선,제기동,17771,18134,35905
2022-04-20,1호선,종각,34907,34433,69340
2022-04-20,1호선,종로3가,25294,23016,48310
2022-04-20,1호선,종로5가,22874,22938,45812
2022-04-20,1호선,청량리,20517,20034,40551
2022-04-20,2호선,강남,81919,81775,163694
2022-04-20,2호선,강변,29461,27431,56892
2022-04-20,2호선,건대입구,33958,36626,70584
2022-04-20,2호선,교대,35386,40272,75658
2022-04-20,2호선,구로디지털단지,60592,60955,121547
2022-04-20,2호선,구의,24092,23374,47466
2022-04-20,2호선,낙성대,27939,27137,55076
2022-04-20,2호선,당산,19950,23170,43120
2022-04-20,2호선,대림,24722,25299,50021
2022-04-20,2호선,도림천,1417,1476,2893
2022-04-20,2호선,동대문역사문화공원,12043,12003,24046
2022-04-20,2호선,뚝섬,22797,24580,47377
2022-04-20,2호선,문래,22554,23203,45757
2022-04-20,2호선,방배,19699,20529,40228
2022-04-20,2호선,봉천,24516,22987,47503
2022-04-20,2호선,사당,37600,42060,79660
2022-04-20,2호선,삼성,53398,54647,108045
2022-04-20,2호선,상왕십리,14576,14166,28742
2022-04-20,2호선,서울대입구,48218,47036,95254
2022-04-20,2호선,서초,23141,21768,44909
2022-04-20,2호선,선릉,58841,52629,111470
2022-04-20,2호선,성수,37431,41178,78609
2022-04-20,2호선,시청,24109,23778,47887
2022-04-20,2호선,신답,1706,1920,3626
2022-04-20,2호선,신당,14588,15092,29680
2022-04-20,2호선,신대방,27618,26900,54518
2022-04-20,2호선,신도림,48358,48044,96402
2022-04-20,2호선,신림,64679,62511,127190
2022-04-20,2호선,신설동,3327,1772,5099
2022-04-20,2호선,신정네거리,10559,10984,21543
2022-04-20,2호선,신촌,31037,31689,62726
2022-04-20,2호선,아현,10945,10302,21247
2022-04-20,2호선,양천구청,7061,7214,14275
2022-04-20,2호선,역삼,53518,61666,115184
2022-04-20,2호선,영등포구청,22872,23698,46570
2022-04-20,2호선,왕십리,16864,13654,30518
2022-04-20,2호선,용답,3038,3045,6083
2022-04-20,2호선,용두,2365,2391,4756
2022-04-20,2호선,을지로3가,22936,23281,46217
2022-04-20,2호선,을지로4가,13136,13396,26532
2022-04-20,2호선,을지로입구,39235,41458,80693
2022-04-20,2호선,이대,13330,13959,27289
2022-04-20,2호선,잠실,67986,65927,133913
2022-04-20,2호선,잠실나루,15268,14747,30015
2022-04-20,2호선,잠실새내,21247,21741,42988
2022-04-20,2호선,종합운동장,10217,11588,21805
2022-04-20,2호선,충정로,10421,11479,21900
2022-04-20,2호선,한양대,13935,15305,29240
2022-04-20,2호선,합정,30381,31728,62109
2022-04-20,2호선,홍대입구,49164,52251,101415
2022-04-20,3호선,가락시장,9124,9103,18227
2022-04-20,3호선,경복궁,22135,21778,43913
2022-04-20,3호선,경찰병원,7425,7375,14800
2022-04-20,3호선,고속터미널,37711,36176,73887
2022-04-20,3호선,교대,15516,10048,25564
2022-04-20,3호선,구파발,20957,20100,41057
2022-04-20,3호선,금호,8237,7658,15895
2022-04-20,3호선,남부터미널,28770,29637,58407
2022-04-20,3호선,녹번,16485,14708,31193
2022-04-20,3호선,대청,10438,9612,20050
2022-04-20,3호선,대치,10663,11012,21675
2022-04-20,3호선,도곡,5520,5558,11078
2022-04-20,3호선,독립문,7139,7584,14723
2022-04-20,3호선,동대입구,9062,9979,19041
2022-04-20,3호선,매봉,12855,12291,25146
2022-04-20,3호선,무악재,4010,4060,8070
2022-04-20,3호선,불광,16977,18242,35219
2022-04-20,3호선,수서,16982,17320,34302
2022-04-20,3호선,신사,29692,31401,61093
2022-04-20,3호선,안국,22025,23058,45083
2022-04-20,3호선,압구정,31405,33485,64890
2022-04-20,3호선,약수,13332,12992,26324
2022-04-20,3호선,양재,39405,43202,82607
2022-04-20,3호선,연신내,37495,35111,72606
2022-04-20,3호선,오금,6439,5828,12267
2022-04-20,3호선,옥수,9023,9341,18364
2022-04-20,3호선,을지로3가,10835,11162,21997
2022-04-20,3호선,일원,10910,10416,21326
2022-04-20,3호선,잠원,5074,4927,10001
2022-04-20,3호선,종로3가,10084,11566,21650
2022-04-20,3호선,지축,5221,4901,10122
2022-04-20,3호선,학여울,1935,1943,3878
2022-04-20,3호선,홍제,18549,17571,36120
2022-04-20,4호선,길음,22070,21732,43802
2022-04-20,4호선,남태령,1298,1079,2377
2022-04-20,4호선,노원,18631,20894,39525
2022-04-20,4호선,당고개,9229,8220,17449
2022-04-20,4호선,동대문,20158,20692,40850
2022-04-20,4호선,동대문역사문화공원,14487,13365,27852
2022-04-20,4호선,동작,1623,1846,3469
2022-04-20,4호선,명동,19645,20047,39692
2022-04-20,4호선,미아,15856,15232,31088
2022-04-20,4호선,미아사거리,27989,27057,55046
2022-04-20,4호선,사당,25747,21601,47348
2022-04-20,4호선,삼각지,4964,5595,10559
2022-04-20,4호선,상계,20264,18536,38800
2022-04-20,4호선,서울역,11526,16413,27939
2022-04-20,4호선,성신여대입구,20665,19856,40521
2022-04-20,4호선,수유,34506,34603,69109
2022-04-20,4호선,숙대입구,14491,14081,28572
2022-04-20,4호선,신용산,16297,17167,33464
2022-04-20,4호선,쌍문,30139,27460,57599
2022-04-20,4호선,이촌,7457,8243,15700
2022-04-20,4호선,창동,25922,26832,52754
2022-04-20,4호선,총신대입구,19583,21011,40594
2022-04-20,4호선,충무로,28532,29245,57777
2022-04-20,4호선,한성대입구,14277,13814,28091
2022-04-20,4호선,혜화,33258,33875,67133
2022-04-20,4호선,회현,25348,27173,52521
2022-04-20,5호선,강동,18916,18166,37082
2022-04-20,5호선,강일,4307,4070,8377
2022-04-20,5호선,개롱,6581,6817,13398
2022-04-20,5호선,개화산,5877,5613,11490
2022-04-20,5호선,거여,10665,9988,20653
2022-04-20,5호선,고덕,9971,9732,19703
2022-04-20,5호선,공덕,14581,15600,30181
2022-04-20,5호선,광나루,14009,12777,26786
2022-04-20,5호선,광화문,30455,32440,62895
2022-04-20,5호선,군자,11388,12613,24001
2022-04-20,5호선,굽은다리,9566,9053,18619
2022-04-20,5호선,길동,8175,8485,16660
2022-04-20,5호선,김포공항,6694,6973,13667
2022-04-20,5호선,까치산,29782,28330,58112
2022-04-20,5호선,답십리,16329,14919,31248
2022-04-20,5호선,동대문역사문화공원,2851,3429,6280
2022-04-20,5호선,둔촌동,8488,8411,16899
2022-04-20,5호선,마곡,10927,11022,21949
2022-04-20,5호선,마장,5867,5561,11428
2022-04-20,5호선,마천,7629,7301,14930
2022-04-20,5호선,마포,14900,15301,30201
2022-04-20,5호선,명일,8957,9317,18274
2022-04-20,5호선,목동,17214,18562,35776
2022-04-20,5호선,미사,16807,16728,33535
2022-04-20,5호선,발산,22225,22855,45080
2022-04-20,5호선,방이,7266,7420,14686
2022-04-20,5호선,방화,6947,6565,13512
2022-04-20,5호선,상일동,15468,14440,29908
2022-04-20,5호선,서대문,20352,20800,41152
2022-04-20,5호선,송정,6805,6496,13301
2022-04-20,5호선,신금호,6867,7041,13908
2022-04-20,5호선,신길,4312,4584,8896
2022-04-20,5호선,신정,14440,11663,26103
2022-04-20,5호선,아차산,15449,14943,30392
2022-04-20,5호선,애오개,7080,7155,14235
2022-04-20,5호선,양평,7721,7713,15434
2022-04-20,5호선,여의나루,12832,13623,26455
2022-04-20,5호선,여의도,30483,31575,62058
2022-04-20,5호선,영등포구청,4156,4285,8441
2022-04-20,5호선,영등포시장,10311,10494,20805
2022-04-20,5호선,오금,3928,4027,7955
2022-04-20,5호선,오목교,21420,22996,44416
2022-04-20,5호선,올림픽공원,4516,3915,8431
2022-04-20,5호선,왕십리,4865,5367,10232
2022-04-20,5호선,우장산,15180,14702,29882
2022-04-20,5호선,을지로4가,6459,6472,12931
2022-04-20,5호선,장한평,19115,18793,37908
2022-04-20,5호선,종로3가,12246,12359,24605
2022-04-20,5호선,천호,17927,18367,36294
2022-04-20,5호선,청구,4161,3796,7957
2022-04-20,5호선,충정로,4955,5294,10249
2022-04-20,5호선,하남검단산,5841,5489,11330
2022-04-20,5호선,하남시청,7007,6722,13729
2022-04-20,5호선,하남풍산,4396,4271,8667
2022-04-20,5호선,행당,8419,7425,15844
2022-04-20,5호선,화곡,29340,26982,56322
2022-04-20,6호선,고려대,8609,8494,17103
2022-04-20,6호선,공덕,19057,18371,37428
2022-04-20,6호선,광흥창,9280,9044,18324
2022-04-20,6호선,구산,7979,5846,13825
2022-04-20,6호선,녹사평,4840,4765,9605
2022-04-20,6호선,대흥,8414,8626,17040
2022-04-20,6호선,독바위,2791,2960,5751
2022-04-20,6호선,돌곶이,9821,9034,18855
2022-04-20,6호선,동묘앞,7866,7938,15804
2022-04-20,6호선,디지털미디어시티,14512,15856,30368
2022-04-20,6호선,마포구청,14669,13047,27716
2022-04-20,6호선,망원,13753,14546,28299
2022-04-20,6호선,버티고개,2135,2107,4242
2022-04-20,6호선,보문,7431,6814,14245
2022-04-20,6호선,봉화산,9340,8709,18049
2022-04-20,6호선,불광,4946,4862,9808
2022-04-20,6호선,삼각지,6718,5964,12682
2022-04-20,6호선,상수,8166,9326,17492
2022-04-20,6호선,상월곡,6571,5792,12363
2022-04-20,6호선,새절,13711,12584,26295
2022-04-20,6호선,석계,13052,13610,26662
2022-04-20,6호선,신당,9031,9514,18545
2022-04-20,6호선,안암,12669,12810,25479
2022-04-20,6호선,약수,3606,3566,7172
2022-04-20,6호선,역촌,3809,4455,8264
2022-04-20,6호선,월곡,12222,11942,24164
2022-04-20,6호선,월드컵경기장,4599,4758,9357
2022-04-20,6호선,응암,18184,17913,36097
2022-04-20,6호선,이태원,9632,10276,19908
2022-04-20,6호선,증산,10600,10430,21030
2022-04-20,6호선,창신,3758,3163,6921
2022-04-20,6호선,청구,3931,4218,8149
2022-04-20,6호선,태릉입구,5646,6406,12052
2022-04-20,6호선,한강진,7558,8816,16374
2022-04-20,6호선,합정,12789,12755,25544
2022-04-20,6호선,화랑대,13043,10233,23276
2022-04-20,6호선,효창공원앞,7512,6878,14390
2022-04-20,7호선,가산디지털단지,46618,46994,93612
2022-04-20,7호선,강남구청,16744,18619,35363
2022-04-20,7호선,건대입구,12699,13249,25948
2022-04-20,7호선,고속터미널,15071,13270,28341
2022-04-20,7호선,공릉,13293,13077,26370
2022-04-20,7호선,광명사거리,22520,22211,44731
2022-04-20,7호선,군자,15143,12155,27298
2022-04-20,7호선,남구로,16090,17085,33175
2022-04-20,7호선,남성,11724,10750,22474
2022-04-20,7호선,내방,15042,15397,30439
2022-04-20,7호선,노원,19168,20336,39504
2022-04-20,7호선,논현,20993,22536,43529
2022-04-20,7호선,대림,7725,7785,15510
2022-04-20,7호선,도봉산,10152,11616,21768
2022-04-20,7호선,뚝섬유원지,9914,9639,19553
2022-04-20,7호선,마들,13266,12534,25800
2022-04-20,7호선,먹골,10341,10204,20545
2022-04-20,7호선,면목,17130,16510,33640
2022-04-20,7호선,반포,6269,6087,12356
2022-04-20,7호선,보라매,10426,10497,20923
2022-04-20,7호선,부천종합운동장,1,0,1
2022-04-20,7호선,사가정,16693,16683,33376
2022-04-20,7호선,삼산체육관,1,0,1
2022-04-20,7호선,상도,11441,11235,22676
2022-04-20,7호선,상봉,17038,15962,33000
2022-04-20,7호선,수락산,13084,12698,25782
2022-04-20,7호선,숭실대입구,15412,15422,30834
2022-04-20,7호선,신대방삼거리,17246,16539,33785
2022-04-20,7호선,신풍,12136,11490,23626
2022-04-20,7호선,어린이대공원,14341,14521,28862
2022-04-20,7호선,온수,11323,10699,22022
2022-04-20,7호선,용마산,6275,6032,12307
2022-04-20,7호선,이수,15977,15692,31669
2022-04-20,7호선,장승배기,9180,8903,18083
2022-04-20,7호선,장암,2351,916,3267
2022-04-20,7호선,중계,15575,14300,29875
2022-04-20,7호선,중곡,11435,10571,22006
2022-04-20,7호선,중화,11109,10722,21831
2022-04-20,7호선,천왕,11971,11379,23350
2022-04-20,7호선,철산,21708,22043,43751
2022-04-20,7호선,청담,20087,22780,42867
2022-04-20,7호선,태릉입구,9348,8704,18052
2022-04-20,7호선,하계,19429,18320,37749
2022-04-20,7호선,학동,25038,26964,52002
2022-04-20,8호선,가락시장,7863,8782,16645
2022-04-20,8호선,강동구청,10599,10944,21543
2022-04-20,8호선,남위례,5158,5256,10414
2022-04-20,8호선,남한산성입구,16043,14785,30828
2022-04-20,8호선,단대오거리,11645,11119,22764
2022-04-20,8호선,모란,4511,3646,8157
2022-04-20,8호선,몽촌토성,6282,6356,12638
2022-04-20,8호선,문정,22478,24001,46479
2022-04-20,8호선,복정,10449,8799,19248
2022-04-20,8호선,산성,5698,5664,11362
2022-04-20,8호선,석촌,7956,9040,16996
2022-04-20,8호선,송파,8574,8358,16932
2022-04-20,8호선,수진,5454,5029,10483
2022-04-20,8호선,신흥,4223,4503,8726
2022-04-20,8호선,암사,19640,17214,36854
2022-04-20,8호선,잠실,13474,16234,29708
2022-04-20,8호선,장지,18220,17535,35755
2022-04-20,8호선,천호,14748,16818,31566
2022-04-20,9호선,가양,21297,20678,41975
2022-04-20,9호선,개화,2683,1830,4513
2022-04-20,9호선,고속터미널,12424,14937,27361
2022-04-20,9호선,공항시장,3046,3307,6353
2022-04-20,9호선,구반포,1305,1388,2693
2022-04-20,9호선,국회의사당,18715,18471,37186
2022-04-20,9호선,김포공항,6915,11052,17967
2022-04-20,9호선,노들,4615,3878,8493
2022-04-20,9호선,노량진,26790,25750,52540
2022-04-20,9호선,당산,19030,19047,38077
2022-04-20,9호선,동작,2057,1690,3747
2022-04-20,9호선,등촌,11535,11094,22629
2022-04-20,9호선,마곡나루,12772,12600,25372
2022-04-20,9호선,사평,3566,3548,7114
2022-04-20,9호선,샛강,6381,6535,12916
2022-04-20,9호선,선유도,9096,8729,17825
2022-04-20,9호선,신논현,31111,31277,62388
2022-04-20,9호선,신목동,4366,3796,8162
2022-04-20,9호선,신반포,3588,3449,7037
2022-04-20,9호선,신방화,7226,6945,14171
2022-04-20,9호선,양천향교,10233,10460,20693
2022-04-20,9호선,여의도,29202,28274,57476
2022-04-20,9호선,염창,18079,17528,35607
2022-04-20,9호선,증미,7456,7245,14701
2022-04-20,9호선,흑석,8700,8896,17596
2022-04-20,9호선2~3단계,둔촌오륜,1247,1115,2362
2022-04-20,9호선2~3단계,봉은사,17422,17951,35373
2022-04-20,9호선2~3단계,삼성중앙,7031,7406,14437
2022-04-20,9호선2~3단계,삼전,7052,6661,13713
2022-04-20,9호선2~3단계,석촌,8741,7687,16428
2022-04-20,9호선2~3단계,석촌고분,6270,6096,12366
2022-04-20,9호선2~3단계,선정릉,10052,11167,21219
2022-04-20,9호선2~3단계,송파나루,4952,5380,10332
2022-04-20,9호선2~3단계,언주,10752,10822,21574
2022-04-20,9호선2~3단계,올림픽공원,6150,6080,12230
2022-04-20,9호선2~3단계,종합운동장,4249,4445,8694
2022-04-20,9호선2~3단계,중앙보훈병원,11269,9960,21229
2022-04-20,9호선2~3단계,한성백제,2629,2399,5028
2022-04-20,경강선,경기광주,8002,7583,15585
2022-04-20,경강선,곤지암,2458,2383,4841
2022-04-20,경강선,부발,2063,2088,4151
2022-04-20,경강선,삼동,2530,2348,4878
2022-04-20,경강선,세종대왕릉,352,344,696
2022-04-20,경강선,신둔도예촌,1717,1474,3191
2022-04-20,경강선,여주,2694,2638,5332
2022-04-20,경강선,이매,1250,1049,2299
2022-04-20,경강선,이천,2532,2728,5260
2022-04-20,경강선,초월,3325,3161,6486
2022-04-20,경강선,판교,4932,4778,9710
2022-04-20,경부선,가산디지털단지,19379,22567,41946
2022-04-20,경부선,관악,7730,7115,14845
2022-04-20,경부선,광명,3318,2875,6193
2022-04-20,경부선,구로,19601,20209,39810
2022-04-20,경부선,군포,8130,7993,16123
2022-04-20,경부선,금정,28131,28731,56862
2022-04-20,경부선,금천구청,12602,12525,25127
2022-04-20,경부선,남영,10025,10508,20533
2022-04-20,경부선,노량진,8344,8715,17059
2022-04-20,경부선,당정,7335,6891,14226
2022-04-20,경부선,대방,13617,14069,27686
2022-04-20,경부선,독산,19369,20144,39513
2022-04-20,경부선,두정,7763,8312,16075
2022-04-20,경부선,명학,11280,11068,22348
2022-04-20,경부선,병점,16157,16138,32295
2022-04-20,경부선,서동탄,1455,1294,2749
2022-04-20,경부선,서울역,5341,1809,7150
2022-04-20,경부선,서정리,7814,7368,15182
2022-04-20,경부선,석수,10177,9341,19518
2022-04-20,경부선,성균관대,16319,15855,32174
2022-04-20,경부선,성환,7099,6800,13899
2022-04-20,경부선,세류,3152,2879,6031
2022-04-20,경부선,세마,3141,2924,6065
2022-04-20,경부선,송탄,4518,4243,8761
2022-04-20,경부선,수원,35395,37722,73117
2022-04-20,경부선,신길,9571,7986,17557
2022-04-20,경부선,신도림,4377,4303,8680
2022-04-20,경부선,안양,27938,27450,55388
2022-04-20,경부선,영등포,36387,37858,74245
2022-04-20,경부선,오산,10661,10570,21231
2022-04-20,경부선,오산대,4403,4083,8486
2022-04-20,경부선,용산,31073,31384,62457
2022-04-20,경부선,의왕,10024,9849,19873
2022-04-20,경부선,직산,890,890,1780
2022-04-20,경부선,진위,1829,1560,3389
2022-04-20,경부선,천안,6673,6222,12895
2022-04-20,경부선,평택,12884,13273,26157
2022-04-20,경부선,평택지제,3566,3402,6968
2022-04-20,경부선,화서,8728,8338,17066
2022-04-20,경원선,가능,7297,7077,14374
2022-04-20,경원선,광운대,9282,9059,18341
2022-04-20,경원선,녹양,4937,4715,9652
2022-04-20,경원선,녹천,5059,4164,9223
2022-04-20,경원선,덕계,3497,3166,6663
2022-04-20,경원선,덕정,6708,6414,13122
2022-04-20,경원선,도봉,6259,5989,12248
2022-04-20,경원선,도봉산,8399,5648,14047
2022-04-20,경원선,동두천,2842,3208,6050
2022-04-20,경원선,동두천중앙,3537,3493,7030
2022-04-20,경원선,망월사,9945,10019,19964
2022-04-20,경원선,방학,10172,10076,20248
2022-04-20,경원선,보산,1555,1418,2973
2022-04-20,경원선,서빙고,2036,1873,3909
2022-04-20,경원선,석계,8828,9527,18355
2022-04-20,경원선,소요산,2994,2535,5529
2022-04-20,경원선,신이문,8653,8041,16694
2022-04-20,경원선,양주,8495,7836,16331
2022-04-20,경원선,옥수,57,38,95
2022-04-20,경원선,왕십리,14105,15374,29479
2022-04-20,경원선,외대앞,7212,7065,14277
2022-04-20,경원선,월계,8914,8226,17140
2022-04-20,경원선,응봉,2074,1859,3933
2022-04-20,경원선,의정부,18882,19494,38376
2022-04-20,경원선,이촌,3868,2864,6732
2022-04-20,경원선,지행,7060,6951,14011
2022-04-20,경원선,청량리,14494,15516,30010
2022-04-20,경원선,한남,4178,4010,8188
2022-04-20,경원선,회룡,13330,13225,26555
2022-04-20,경의선,가좌,5859,5522,11381
2022-04-20,경의선,강매,3484,3014,6498
2022-04-20,경의선,곡산,839,844,1683
2022-04-20,경의선,공덕,3590,3283,6873
2022-04-20,경의선,금릉,5143,4852,9995
2022-04-20,경의선,금촌,6452,6555,13007
2022-04-20,경의선,능곡,4190,3872,8062
2022-04-20,경의선,디지털미디어시티,2730,2466,5196
2022-04-20,경의선,문산,5237,5173,10410
2022-04-20,경의선,백마,7276,7069,14345
2022-04-20,경의선,서강대,2142,2000,4142
2022-04-20,경의선,서울역,4608,5794,10402
2022-04-20,경의선,수색,2995,3222,6217
2022-04-20,경의선,신촌,860,1106,1966
2022-04-20,경의선,야당,7861,7852,15713
2022-04-20,경의선,운정,7341,6924,14265
2022-04-20,경의선,월롱,3257,3091,6348
2022-04-20,경의선,일산,10025,9864,19889
2022-04-20,경의선,임진강,15,14,29
2022-04-20,경의선,탄현,8175,7820,15995
2022-04-20,경의선,파주,1649,1252,2901
2022-04-20,경의선,풍산,5883,5425,11308
2022-04-20,경의선,행신,8320,8351,16671
2022-04-20,경의선,홍대입구,1635,1802,3437
2022-04-20,경의선,화전,3450,3246,6696
2022-04-20,경의선,효창공원앞,3168,3567,6735
2022-04-20,경인선,간석,6255,5894,12149
2022-04-20,경인선,개봉,22371,21980,44351
2022-04-20,경인선,구일,7021,6948,13969
2022-04-20,경인선,도원,3312,3380,6692
2022-04-20,경인선,도화,4471,4094,8565
2022-04-20,경인선,동암,15060,15174,30234
2022-04-20,경인선,동인천,15063,14221,29284
2022-04-20,경인선,백운,7228,7075,14303
2022-04-20,경인선,부개,9052,8525,17577
2022-04-20,경인선,부천,34066,34158,68224
2022-04-20,경인선,부평,28758,30918,59676
2022-04-20,경인선,소사,9800,9334,19134
2022-04-20,경인선,송내,28765,28858,57623
2022-04-20,경인선,역곡,29825,29200,59025
2022-04-20,경인선,오류동,12614,11542,24156
2022-04-20,경인선,온수,7555,7132,14687
2022-04-20,경인선,인천,4055,3230,7285
2022-04-20,경인선,제물포,11770,11065,22835
2022-04-20,경인선,주안,20397,18696,39093
2022-04-20,경인선,중동,10007,9350,19357
2022-04-20,경춘선,가평,1689,1686,3375
2022-04-20,경춘선,갈매,3294,2828,6122
2022-04-20,경춘선,강촌,501,491,992
2022-04-20,경춘선,굴봉산,219,202,421
2022-04-20,경춘선,금곡,1666,1604,3270
2022-04-20,경춘선,김유정,371,397,768
2022-04-20,경춘선,남춘천,2596,2530,5126
2022-04-20,경춘선,대성리,611,581,1192
2022-04-20,경춘선,마석,4224,4224,8448
2022-04-20,경춘선,백양리,125,137,262
2022-04-20,경춘선,별내,3368,3133,6501
2022-04-20,경춘선,사릉,2757,2693,5450
2022-04-20,경춘선,상천,394,369,763
2022-04-20,경춘선,신내,2421,2327,4748
2022-04-20,경춘선,천마산,1794,1667,3461
2022-04-20,경춘선,청평,1683,1683,3366
2022-04-20,경춘선,춘천,1791,1505,3296
2022-04-20,경춘선,퇴계원,3697,3433,7130
2022-04-20,경춘선,평내호평,6676,6534,13210
2022-04-20,공항철도,검암,6895,6789,13684
2022-04-20,공항철도,계양,10816,10190,21006
2022-04-20,공항철도,공덕,2305,3080,5385
2022-04-20,공항철도,공항화물청사,2386,2518,4904
2022-04-20,공항철도,김포공항,11170,6447,17617
2022-04-20,공항철도,디지털미디어시티,14388,13522,27910
2022-04-20,공항철도,마곡나루,9613,9318,18931
2022-04-20,공항철도,서울역,7536,6932,14468
2022-04-20,공항철도,영종,3292,3311,6603
2022-04-20,공항철도,운서,7196,7174,14370
2022-04-20,공항철도,인천공항1터미널,4759,4826,9585
2022-04-20,공항철도,인천공항2터미널,2644,2312,4956
2022-04-20,공항철도,청라국제도시,7293,6813,14106
2022-04-20,공항철도,홍대입구,8941,9159,18100
2022-04-20,과천선,경마공원,1827,1754,3581
2022-04-20,과천선,과천,6737,6173,12910
2022-04-20,과천선,대공원,3907,4161,8068
2022-04-20,과천선,범계,27797,27902,55699
2022-04-20,과천선,선바위,8646,7719,16365
2022-04-20,과천선,인덕원,25847,26598,52445
2022-04-20,과천선,정부과천청사,11192,11169,22361
2022-04-20,과천선,평촌,18602,18141,36743
2022-04-20,분당선,가천대,11651,12494,24145
2022-04-20,분당선,강남구청,10433,12158,22591
2022-04-20,분당선,개포동,4075,4234,8309
2022-04-20,분당선,구룡,2471,2362,4833
2022-04-20,분당선,구성,5222,5551,10773
2022-04-20,분당선,기흥,10573,9856,20429
2022-04-20,분당선,대모산입구,4680,4369,9049
2022-04-20,분당선,도곡,7122,7013,14135
2022-04-20,분당선,망포,14911,14107,29018
2022-04-20,분당선,매교,3316,3265,6581
2022-04-20,분당선,매탄권선,5316,5329,10645
2022-04-20,분당선,모란,20574,20983,41557
2022-04-20,분당선,미금,16581,17739,34320
2022-04-20,분당선,보정,2830,2474,5304
2022-04-20,분당선,복정,2,0,2
2022-04-20,분당선,상갈,5685,5473,11158
2022-04-20,분당선,서울숲,12440,12922,25362
2022-04-20,분당선,서현,24089,24355,48444
2022-04-20,분당선,선릉,14034,21283,35317
2022-04-20,분당선,선정릉,8272,8893,17165
2022-04-20,분당선,수내,13811,13966,27777
2022-04-20,분당선,수서,13755,14008,27763
2022-04-20,분당선,수원,8400,6913,15313
2022-04-20,분당선,수원시청,13002,13949,26951
2022-04-20,분당선,신갈,4771,4773,9544
2022-04-20,분당선,압구정로데오,18705,20741,39446
2022-04-20,분당선,야탑,27467,28724,56191
2022-04-20,분당선,영통,8437,8702,17139
2022-04-20,분당선,오리,12169,9857,22026
2022-04-20,분당선,이매,6020,5673,11693
2022-04-20,분당선,정자,17864,18902,36766
2022-04-20,분당선,죽전,14512,15898,30410
2022-04-20,분당선,청명,4490,4363,8853
2022-04-20,분당선,태평,13722,13198,26920
2022-04-20,분당선,한티,13969,15055,29024
2022-04-20,수인선,고색,4998,4816,9814
2022-04-20,수인선,남동인더스파크,2383,2653,5036
2022-04-20,수인선,달월,109,64,173
2022-04-20,수인선,사리,5119,4596,9715
2022-04-20,수인선,소래포구,6438,6161,12599
2022-04-20,수인선,송도,2667,2511,5178
2022-04-20,수인선,숭의,4326,4004,8330
2022-04-20,수인선,신포,2137,2148,4285
2022-04-20,수인선,야목,426,309,735
2022-04-20,수인선,어천,790,821,1611
2022-04-20,수인선,연수,4844,4820,9664
2022-04-20,수인선,오목천,4008,3663,7671
2022-04-20,수인선,원인재,4561,4913,9474
2022-04-20,수인선,월곶,3028,2840,5868
2022-04-20,수인선,인천,1054,1802,2856
2022-04-20,수인선,인천논현,5886,6312,12198
2022-04-20,수인선,인하대,7636,7105,14741
2022-04-20,수인선,호구포,4373,4479,8852
2022-04-20,안산선,고잔,9563,9156,18719
2022-04-20,안산선,대야미,5410,4929,10339
2022-04-20,안산선,반월,4669,4518,9187
2022-04-20,안산선,산본,16688,17637,34325
2022-04-20,안산선,상록수,17571,17645,35216
2022-04-20,안산선,수리산,4912,4142,9054
2022-04-20,안산선,신길온천,1906,1739,3645
2022-04-20,안산선,안산,11836,10844,22680
2022-04-20,안산선,오이도,8968,8880,17848
2022-04-20,안산선,정왕,10624,10781,21405
2022-04-20,안산선,중앙,18672,19402,38074
2022-04-20,안산선,초지,5557,5914,11471
2022-04-20,안산선,한대앞,10612,10602,21214
2022-04-20,우이신설선,4.19민주묘지,3882,3768,7650
2022-04-20,우이신설선,가오리,4416,4327,8743
2022-04-20,우이신설선,보문,1588,1560,3148
2022-04-20,우이신설선,북한산보국문,6228,5791,12019
2022-04-20,우이신설선,북한산우이,2830,2557,5387
2022-04-20,우이신설선,삼양,2043,2098,4141
2022-04-20,우이신설선,삼양사거리,2518,2517,5035
2022-04-20,우이신설선,성신여대입구,3261,3527,6788
2022-04-20,우이신설선,솔밭공원,2610,2515,5125
2022-04-20,우이신설선,솔샘,6123,5740,11863
2022-04-20,우이신설선,신설동,2251,2153,4404
2022-04-20,우이신설선,정릉,4935,4440,9375
2022-04-20,우이신설선,화계,3527,3318,6845
2022-04-20,일산선,대곡,2291,1842,4133
2022-04-20,일산선,대화,13366,10805,24171
2022-04-20,일산선,마두,8025,8137,16162
2022-04-20,일산선,백석,9987,9887,19874
2022-04-20,일산선,삼송,20905,19921,40826
2022-04-20,일산선,원당,11883,11200,23083
2022-04-20,일산선,원흥,11441,10987,22428
2022-04-20,일산선,정발산,7335,7483,14818
2022-04-20,일산선,주엽,9465,9377,18842
2022-04-20,일산선,화정,17458,17907,35365
2022-04-20,장항선,배방,1121,1112,2233
2022-04-20,장항선,봉명,1339,1310,2649
2022-04-20,장항선,신창,2870,2624,5494
2022-04-20,장항선,쌍용,3125,2856,5981
2022-04-20,장항선,아산,3604,3182,6786
2022-04-20,장항선,온양온천,3731,3882,7613
2022-04-20,장항선,탕정,848,712,1560
2022-04-20,중앙선,구리,13804,14052,27856
2022-04-20,중앙선,국수,902,894,1796
2022-04-20,중앙선,덕소,5801,6008,11809
2022-04-20,중앙선,도농,11288,10173,21461
2022-04-20,중앙선,도심,2627,2089,4716
2022-04-20,중앙선,망우,8252,8041,16293
2022-04-20,중앙선,상봉,5976,5888,11864
2022-04-20,중앙선,신원,292,267,559
2022-04-20,중앙선,아신,557,573,1130
2022-04-20,중앙선,양수,2145,2111,4256
2022-04-20,중앙선,양원,3323,3066,6389
2022-04-20,중앙선,양정,830,706,1536
2022-04-20,중앙선,양평,2956,2976,5932
2022-04-20,중앙선,오빈,343,349,692
2022-04-20,중앙선,용문,4395,4309,8704
2022-04-20,중앙선,운길산,995,977,1972
2022-04-20,중앙선,원덕,470,451,921
2022-04-20,중앙선,중랑,5903,5491,11394
2022-04-20,중앙선,지평,84,97,181
2022-04-20,중앙선,팔당,1044,1044,2088
2022-04-20,중앙선,회기,25068,24368,49436
2022-04-21,1호선,동대문,11082,10505,21587
2022-04-21,1호선,동묘앞,8283,8639,16922
2022-04-21,1호선,서울역,44195,43114,87309
2022-04-21,1호선,시청,23597,25100,48697
2022-04-21,1호선,신설동,14052,13765,27817
2022-04-21,1호선,제기동,17825,18052,35877
2022-04-21,1호선,종각,35016,34374,69390
2022-04-21,1호선,종로3가,25965,23867,49832
2022-04-21,1호선,종로5가,23177,23185,46362
2022-04-21,1호선,청량리,20770,20175,40945
2022-04-21,2호선,강남,82304,79989,162293
2022-04-21,2호선,강변,30279,27897,58176
2022-04-21,2호선,건대입구,34512,37638,72150
2022-04-21,2호선,교대,35473,39434,74907
2022-04-21,2호선,구로디지털단지,59825,58286,118111
2022-04-21,2호선,구의,24222,24034,48256
2022-04-21,2호선,낙성대,27831,26684,54515
2022-04-21,2호선,당산,19712,23149,42861
2022-04-21,2호선,대림,24616,24994,49610
2022-04-21,2호선,도림천,1402,1505,2907
2022-04-21,2호선,동대문역사문화공원,12175,12434,24609
2022-04-21,2호선,뚝섬,22355,23259,45614
2022-04-21,2호선,문래,22357,22726,45083
2022-04-21,2호선,방배,19586,20082,39668
2022-04-21,2호선,봉천,24553,22883,47436
2022-04-21,2호선,사당,40766,44813,85579
2022-04-21,2호선,삼성,53533,53347,106880
2022-04-21,2호선,상왕십리,14283,14463,28746
2022-04-21,2호선,서울대입구,48486,46758,95244
2022-04-21,2호선,서초,23606,20259,43865
2022-04-21,2호선,선릉,58287,52072,110359
2022-04-21,2호선,성수,37010,40139,77149
2022-04-21,2호선,시청,24070,21599,45669
2022-04-21,2호선,신답,1728,1891,3619
2022-04-21,2호선,신당,14465,15919,30384
2022-04-21,2호선,신대방,27672,26809,54481
2022-04-21,2호선,신도림,49039,49806,98845
2022-04-21,2호선,신림,64024,62046,126070
2022-04-21,2호선,신설동,3328,1751,5079
2022-04-21,2호선,신정네거리,10590,10854,21444
2022-04-21,2호선,신촌,31003,31629,62632
2022-04-21,2호선,아현,10905,11724,22629
2022-04-21,2호선,양천구청,7043,7220,14263
2022-04-21,2호선,역삼,52370,57379,109749
2022-04-21,2호선,영등포구청,22995,23922,46917
2022-04-21,2호선,왕십리,17064,13783,30847
2022-04-21,2호선,용답,3138,3217,6355
2022-04-21,2호선,용두,2429,2385,4814
2022-04-21,2호선,을지로3가,22950,21736,44686
2022-04-21,2호선,을지로4가,13328,13432,26760
2022-04-21,2호선,을지로입구,38929,35764,74693
2022-04-21,2호선,이대,13229,14671,27900
2022-04-21,2호선,잠실,67895,67116,135011
2022-04-21,2호선,잠실나루,15122,14813,29935
2022-04-21,2호선,잠실새내,21307,21596,42903
2022-04-21,2호선,종합운동장,9373,10476,19849
2022-04-21,2호선,충정로,10350,11771,22121
2022-04-21,2호선,한양대,14111,14397,28508
2022-04-21,2호선,합정,31170,33618,64788
2022-04-21,2호선,홍대입구,50588,54715,105303
2022-04-21,3호선,가락시장,9229,10090,19319
2022-04-21,3호선,경복궁,21622,19304,40926
2022-04-21,3호선,경찰병원,7144,7049,14193
2022-04-21,3호선,고속터미널,39236,40445,79681
2022-04-21,3호선,교대,15763,10296,26059
2022-04-21,3호선,구파발,20782,21963,42745
2022-04-21,3호선,금호,8003,8412,16415
2022-04-21,3호선,남부터미널,29205,27429,56634
2022-04-21,3호선,녹번,15734,16833,32567
2022-04-21,3호선,대청,9993,9350,19343
2022-04-21,3호선,대치,10736,11657,22393
2022-04-21,3호선,도곡,5367,5768,11135
2022-04-21,3호선,독립문,7267,8056,15323
2022-04-21,3호선,동대입구,9142,9782,18924
2022-04-21,3호선,매봉,12005,12081,24086
2022-04-21,3호선,무악재,4541,5558,10099
2022-04-21,3호선,불광,17201,19395,36596
2022-04-21,3호선,수서,16972,17178,34150
2022-04-21,3호선,신사,30018,29616,59634
2022-04-21,3호선,안국,21499,19003,40502
2022-04-21,3호선,압구정,30753,31695,62448
2022-04-21,3호선,약수,13760,15316,29076
2022-04-21,3호선,양재,39637,38749,78386
2022-04-21,3호선,연신내,38178,36529,74707
2022-04-21,3호선,오금,6487,6508,12995
2022-04-21,3호선,옥수,9434,10126,19560
2022-04-21,3호선,을지로3가,10610,9703,20313
2022-04-21,3호선,일원,10514,10507,21021
2022-04-21,3호선,잠원,4421,5893,10314
2022-04-21,3호선,종로3가,9968,11769,21737
2022-04-21,3호선,지축,5154,5192,10346
2022-04-21,3호선,충무로,1,0,1
2022-04-21,3호선,학여울,2608,2973,5581
2022-04-21,3호선,홍제,18049,18466,36515
2022-04-21,4호선,길음,21322,21829,43151
2022-04-21,4호선,남태령,1357,902,2259
2022-04-21,4호선,노원,18693,21197,39890
2022-04-21,4호선,당고개,9372,8520,17892
2022-04-21,4호선,동대문,20063,20296,40359
2022-04-21,4호선,동대문역사문화공원,14720,13425,28145
2022-04-21,4호선,동작,1751,1886,3637
2022-04-21,4호선,명동,18677,18181,36858
2022-04-21,4호선,미아,15421,15262,30683
2022-04-21,4호선,미아사거리,27410,27249,54659
2022-04-21,4호선,사당,30559,24873,55432
2022-04-21,4호선,삼각지,5095,5875,10970
2022-04-21,4호선,상계,20172,18753,38925
2022-04-21,4호선,서울역,11734,15708,27442
2022-04-21,4호선,성신여대입구,20480,20051,40531
2022-04-21,4호선,수유,33857,34447,68304
2022-04-21,4호선,숙대입구,14149,12935,27084
2022-04-21,4호선,신용산,15899,15420,31319
2022-04-21,4호선,쌍문,29534,28006,57540
2022-04-21,4호선,이촌,7425,8095,15520
2022-04-21,4호선,창동,26095,27291,53386
2022-04-21,4호선,총신대입구,19455,20835,40290
2022-04-21,4호선,충무로,28917,29490,58407
2022-04-21,4호선,한성대입구,13966,14103,28069
2022-04-21,4호선,혜화,32201,31568,63769
2022-04-21,4호선,회현,24944,25106,50050
2022-04-21,5호선,강동,18828,18243,37071
2022-04-21,5호선,강일,4288,4049,8337
2022-04-21,5호선,개롱,6567,6798,13365
2022-04-21,5호선,개화산,5847,5487,11334
2022-04-21,5호선,거여,10654,10012,20666
2022-04-21,5호선,고덕,9821,9788,19609
2022-04-21,5호선,공덕,14667,15655,30322
2022-04-21,5호선,광나루,13998,12693,26691
2022-04-21,5호선,광화문,30117,31977,62094
2022-04-21,5호선,군자,11208,12617,23825
2022-04-21,5호선,굽은다리,9503,9084,18587
2022-04-21,5호선,길동,7782,8291,16073
2022-04-21,5호선,김포공항,6938,6762,13700
2022-04-21,5호선,까치산,29617,27934,57551
2022-04-21,5호선,답십리,16110,14741,30851
2022-04-21,5호선,동대문역사문화공원,2874,3412,6286
2022-04-21,5호선,둔촌동,8428,8351,16779
2022-04-21,5호선,마곡,10916,11029,21945
2022-04-21,5호선,마장,5889,5498,11387
2022-04-21,5호선,마천,7522,7102,14624
2022-04-21,5호선,마포,14838,15250,30088
2022-04-21,5호선,명일,8763,8970,17733
2022-04-21,5호선,목동,17369,18530,35899
2022-04-21,5호선,미사,16456,16453,32909
2022-04-21,5호선,발산,21080,21780,42860
2022-04-21,5호선,방이,7144,7344,14488
2022-04-21,5호선,방화,6918,6628,13546
2022-04-21,5호선,상일동,15317,14334,29651
2022-04-21,5호선,서대문,21041,20095,41136
2022-04-21,5호선,송정,6729,6299,13028
2022-04-21,5호선,신금호,6860,6936,13796
2022-04-21,5호선,신길,4354,4482,8836
2022-04-21,5호선,신정,14358,11534,25892
2022-04-21,5호선,아차산,15509,14589,30098
2022-04-21,5호선,애오개,7131,7105,14236
2022-04-21,5호선,양평,7831,7590,15421
2022-04-21,5호선,여의나루,12524,13560,26084
2022-04-21,5호선,여의도,29009,31274,60283
2022-04-21,5호선,영등포구청,4312,4425,8737
2022-04-21,5호선,영등포시장,10400,10587,20987
2022-04-21,5호선,오금,3944,4073,8017
2022-04-21,5호선,오목교,21197,22895,44092
2022-04-21,5호선,올림픽공원,4472,3871,8343
2022-04-21,5호선,왕십리,4729,5518,10247
2022-04-21,5호선,우장산,15225,14835,30060
2022-04-21,5호선,을지로4가,6513,7045,13558
2022-04-21,5호선,장한평,19087,18717,37804
2022-04-21,5호선,종로3가,12292,13229,25521
2022-04-21,5호선,천호,17902,18143,36045
2022-04-21,5호선,청구,4236,3831,8067
2022-04-21,5호선,충정로,5279,5138,10417
2022-04-21,5호선,하남검단산,5683,5485,11168
2022-04-21,5호선,하남시청,6895,6781,13676
2022-04-21,5호선,하남풍산,4419,4251,8670
2022-04-21,5호선,행당,8345,7413,15758
2022-04-21,5호선,화곡,29063,26777,55840
2022-04-21,6호선,고려대,9069,8659,17728
2022-04-21,6호선,공덕,19076,18407,37483
2022-04-21,6호선,광흥창,9112,8759,17871
2022-04-21,6호선,구산,8080,5700,13780
2022-04-21,6호선,녹사평,4939,4938,9877
2022-04-21,6호선,대흥,8438,8623,17061
2022-04-21,6호선,독바위,2828,2941,5769
2022-04-21,6호선,돌곶이,9774,8857,18631
2022-04-21,6호선,동묘앞,7824,7936,15760
2022-04-21,6호선,디지털미디어시티,14332,15629,29961
2022-04-21,6호선,마포구청,14476,12853,27329
2022-04-21,6호선,망원,13859,14755,28614
2022-04-21,6호선,버티고개,2250,2075,4325
2022-04-21,6호선,보문,7742,6953,14695
2022-04-21,6호선,봉화산,9147,8513,17660
2022-04-21,6호선,불광,4644,4446,9090
2022-04-21,6호선,삼각지,6807,6047,12854
2022-04-21,6호선,상수,8476,9480,17956
2022-04-21,6호선,상월곡,6455,5724,12179
2022-04-21,6호선,새절,13887,12805,26692
2022-04-21,6호선,석계,12841,13439,26280
2022-04-21,6호선,신당,8291,9073,17364
2022-04-21,6호선,안암,13207,12714,25921
2022-04-21,6호선,약수,3764,3993,7757
2022-04-21,6호선,역촌,3777,4462,8239
2022-04-21,6호선,월곡,11969,11589,23558
2022-04-21,6호선,월드컵경기장,4640,4779,9419
2022-04-21,6호선,응암,18322,17566,35888
2022-04-21,6호선,이태원,10024,10720,20744
2022-04-21,6호선,증산,10453,10229,20682
2022-04-21,6호선,창신,3738,3061,6799
2022-04-21,6호선,청구,3970,4139,8109
2022-04-21,6호선,태릉입구,5839,6463,12302
2022-04-21,6호선,한강진,7609,9100,16709
2022-04-21,6호선,합정,13445,14247,27692
2022-04-21,6호선,화랑대,13170,10243,23413
2022-04-21,6호선,효창공원앞,7574,6871,14445
2022-04-21,7호선,가산디지털단지,46202,46644,92846
2022-04-21,7호선,강남구청,16630,18470,35100
2022-04-21,7호선,건대입구,12678,13240,25918
2022-04-21,7호선,고속터미널,15787,13970,29757
2022-04-21,7호선,공릉,13433,12970,26403
2022-04-21,7호선,광명사거리,22753,22106,44859
2022-04-21,7호선,군자,15382,12131,27513
2022-04-21,7호선,남구로,15935,17154,33089
2022-04-21,7호선,남성,11714,10716,22430
2022-04-21,7호선,내방,15003,15527,30530
2022-04-21,7호선,노원,19069,20095,39164
2022-04-21,7호선,논현,20760,23054,43814
2022-04-21,7호선,대림,7591,7652,15243
2022-04-21,7호선,도봉산,9923,11597,21520
2022-04-21,7호선,뚝섬유원지,9975,9616,19591
2022-04-21,7호선,마들,13491,12534,26025
2022-04-21,7호선,먹골,10450,9974,20424
2022-04-21,7호선,면목,17078,16278,33356
2022-04-21,7호선,반포,6334,5893,12227
2022-04-21,7호선,보라매,10438,10394,20832
2022-04-21,7호선,사가정,16836,16666,33502
2022-04-21,7호선,상도,11462,10842,22304
2022-04-21,7호선,상봉,17319,16197,33516
2022-04-21,7호선,수락산,12922,12704,25626
2022-04-21,7호선,숭실대입구,15813,15826,31639
2022-04-21,7호선,신대방삼거리,17522,16399,33921
2022-04-21,7호선,신풍,11989,11391,23380
2022-04-21,7호선,어린이대공원,14440,14437,28877
2022-04-21,7호선,온수,11474,10746,22220
2022-04-21,7호선,용마산,6323,6028,12351
2022-04-21,7호선,이수,16867,15477,32344
2022-04-21,7호선,장승배기,9037,8980,18017
2022-04-21,7호선,장암,2437,901,3338
2022-04-21,7호선,중계,15532,14233,29765
2022-04-21,7호선,중곡,11431,10428,21859
2022-04-21,7호선,중화,11201,10846,22047
2022-04-21,7호선,천왕,12010,11380,23390
2022-04-21,7호선,철산,21376,21684,43060
2022-04-21,7호선,청담,20042,22877,42919
2022-04-21,7호선,태릉입구,9490,8829,18319
2022-04-21,7호선,하계,19005,17710,36715
2022-04-21,7호선,학동,24747,26994,51741
2022-04-21,8호선,가락시장,8051,9082,17133
2022-04-21,8호선,강동구청,10660,10919,21579
2022-04-21,8호선,남위례,5188,5284,10472
2022-04-21,8호선,남한산성입구,15874,14598,30472
2022-04-21,8호선,단대오거리,11425,10838,22263
2022-04-21,8호선,모란,4581,3601,8182
2022-04-21,8호선,몽촌토성,6170,6248,12418
2022-04-21,8호선,문정,22452,23742,46194
2022-04-21,8호선,복정,10533,8818,19351
2022-04-21,8호선,산성,5723,5669,11392
2022-04-21,8호선,석촌,7807,8976,16783
2022-04-21,8호선,송파,8285,7952,16237
2022-04-21,8호선,수진,5453,4981,10434
2022-04-21,8호선,신흥,4245,4571,8816
2022-04-21,8호선,암사,19715,17031,36746
2022-04-21,8호선,잠실,13648,16574,30222
2022-04-21,8호선,장지,17763,16733,34496
2022-04-21,8호선,천호,14933,17068,32001
2022-04-21,9호선,가양,21360,20541,41901
2022-04-21,9호선,개화,2657,1820,4477
2022-04-21,9호선,고속터미널,13235,16578,29813
2022-04-21,9호선,공항시장,3141,3332,6473
2022-04-21,9호선,구반포,1403,1454,2857
2022-04-21,9호선,국회의사당,16090,16523,32613
2022-04-21,9호선,김포공항,6949,11219,18168
2022-04-21,9호선,노들,4616,3846,8462
2022-04-21,9호선,노량진,26688,25681,52369
2022-04-21,9호선,당산,19520,18942,38462
2022-04-21,9호선,동작,2219,1798,4017
2022-04-21,9호선,등촌,11709,11070,22779
2022-04-21,9호선,마곡나루,13043,12656,25699
2022-04-21,9호선,사평,3574,3443,7017
2022-04-21,9호선,샛강,6117,6226,12343
2022-04-21,9호선,선유도,9203,8619,17822
2022-04-21,9호선,신논현,31907,32826,64733
2022-04-21,9호선,신목동,4479,3795,8274
2022-04-21,9호선,신반포,3602,3519,7121
2022-04-21,9호선,신방화,7098,6683,13781
2022-04-21,9호선,양천향교,10370,10623,20993
2022-04-21,9호선,여의도,28619,27941,56560
2022-04-21,9호선,염창,18029,17357,35386
2022-04-21,9호선,증미,7496,7159,14655
2022-04-21,9호선,흑석,8658,8578,17236
2022-04-21,9호선2~3단계,둔촌오륜,1158,1063,2221
2022-04-21,9호선2~3단계,봉은사,17731,18719,36450
2022-04-21,9호선2~3단계,삼성중앙,7250,7600,14850
2022-04-21,9호선2~3단계,삼전,6987,6598,13585
2022-04-21,9호선2~3단계,석촌,8873,7747,16620
2022-04-21,9호선2~3단계,석촌고분,6106,5975,12081
2022-04-21,9호선2~3단계,선정릉,10061,11158,21219
2022-04-21,9호선2~3단계,송파나루,4961,5307,10268
2022-04-21,9호선2~3단계,언주,10606,11050,21656
2022-04-21,9호선2~3단계,올림픽공원,6292,6242,12534
2022-04-21,9호선2~3단계,종합운동장,4350,4463,8813
2022-04-21,9호선2~3단계,중앙보훈병원,11516,10097,21613
2022-04-21,9호선2~3단계,한성백제,2606,2385,4991
2022-04-21,경강선,경기광주,8102,7579,15681
2022-04-21,경강선,곤지암,2401,2402,4803
2022-04-21,경강선,부발,2184,2118,4302
2022-04-21,경강선,삼동,2544,2324,4868
2022-04-21,경강선,세종대왕릉,325,320,645
2022-04-21,경강선,신둔도예촌,1704,1507,3211
2022-04-21,경강선,여주,2637,2542,5179
2022-04-21,경강선,이매,1215,993,2208
2022-04-21,경강선,이천,2633,2712,5345
2022-04-21,경강선,초월,3300,3140,6440
2022-04-21,경강선,판교,4815,4885,9700
2022-04-21,경부선,가산디지털단지,19102,22154,41256
2022-04-21,경부선,관악,8060,7158,15218
2022-04-21,경부선,광명,3289,2811,6100
2022-04-21,경부선,구로,18843,19582,38425
2022-04-21,경부선,군포,8754,8072,16826
2022-04-21,경부선,금정,31109,33471,64580
2022-04-21,경부선,금천구청,12358,12153,24511
2022-04-21,경부선,남영,9932,10872,20804
2022-04-21,경부선,노량진,8540,8810,17350
2022-04-21,경부선,당정,7431,6941,14372
2022-04-21,경부선,대방,13625,14045,27670
2022-04-21,경부선,독산,19267,19593,38860
2022-04-21,경부선,두정,8040,8086,16126
2022-04-21,경부선,명학,11753,11445,23198
2022-04-21,경부선,병점,16549,16838,33387
2022-04-21,경부선,서동탄,1458,1288,2746
2022-04-21,경부선,서울역,5721,1921,7642
2022-04-21,경부선,서정리,7805,7207,15012
2022-04-21,경부선,석수,10516,9247,19763
2022-04-21,경부선,성균관대,16763,16089,32852
2022-04-21,경부선,성환,7507,6819,14326
2022-04-21,경부선,세류,3145,2828,5973
2022-04-21,경부선,세마,3188,2909,6097
2022-04-21,경부선,송탄,4454,4219,8673
2022-04-21,경부선,수원,36868,39138,76006
2022-04-21,경부선,신길,9637,8055,17692
2022-04-21,경부선,신도림,4388,4395,8783
2022-04-21,경부선,안양,28569,27461,56030
2022-04-21,경부선,영등포,37018,38089,75107
2022-04-21,경부선,오산,10492,10528,21020
2022-04-21,경부선,오산대,4391,4017,8408
2022-04-21,경부선,용산,32011,33135,65146
2022-04-21,경부선,의왕,10022,9772,19794
2022-04-21,경부선,직산,902,873,1775
2022-04-21,경부선,진위,1853,1636,3489
2022-04-21,경부선,천안,7042,6576,13618
2022-04-21,경부선,평택,13008,13014,26022
2022-04-21,경부선,평택지제,3687,3570,7257
2022-04-21,경부선,화서,8917,8438,17355
2022-04-21,경원선,가능,7288,7172,14460
2022-04-21,경원선,광운대,9231,9059,18290
2022-04-21,경원선,녹양,5012,4695,9707
2022-04-21,경원선,녹천,4983,4110,9093
2022-04-21,경원선,덕계,3644,3201,6845
2022-04-21,경원선,덕정,7024,6679,13703
2022-04-21,경원선,도봉,6392,6109,12501
2022-04-21,경원선,도봉산,8358,5615,13973
2022-04-21,경원선,동두천,2849,3316,6165
2022-04-21,경원선,동두천중앙,3309,3218,6527
2022-04-21,경원선,망월사,9795,9914,19709
2022-04-21,경원선,방학,10278,10054,20332
2022-04-21,경원선,보산,1533,1392,2925
2022-04-21,경원선,서빙고,2121,1942,4063
2022-04-21,경원선,석계,8780,9665,18445
2022-04-21,경원선,소요산,3173,2667,5840
2022-04-21,경원선,신이문,8700,7954,16654
2022-04-21,경원선,양주,8496,7973,16469
2022-04-21,경원선,옥수,63,28,91
2022-04-21,경원선,왕십리,14588,16003,30591
2022-04-21,경원선,외대앞,8191,8099,16290
2022-04-21,경원선,월계,8803,8094,16897
2022-04-21,경원선,응봉,2180,1808,3988
2022-04-21,경원선,의정부,19064,19514,38578
2022-04-21,경원선,이촌,3948,3093,7041
2022-04-21,경원선,지행,7153,7030,14183
2022-04-21,경원선,청량리,15038,15691,30729
2022-04-21,경원선,한남,4169,3978,8147
2022-04-21,경원선,회룡,13252,13330,26582
2022-04-21,경의선,가좌,5790,5523,11313
2022-04-21,경의선,강매,3544,3080,6624
2022-04-21,경의선,곡산,709,760,1469
2022-04-21,경의선,공덕,3691,3313,7004
2022-04-21,경의선,금릉,5043,4997,10040
2022-04-21,경의선,금촌,6994,6996,13990
2022-04-21,경의선,능곡,4090,3740,7830
2022-04-21,경의선,디지털미디어시티,2898,2548,5446
2022-04-21,경의선,문산,5096,5324,10420
2022-04-21,경의선,백마,7425,7068,14493
2022-04-21,경의선,서강대,2109,2076,4185
2022-04-21,경의선,서울역,4688,6209,10897
2022-04-21,경의선,수색,3011,3142,6153
2022-04-21,경의선,신촌,846,1186,2032
2022-04-21,경의선,야당,8061,7843,15904
2022-04-21,경의선,운정,7383,6933,14316
2022-04-21,경의선,월롱,3141,2931,6072
2022-04-21,경의선,일산,10218,9879,20097
2022-04-21,경의선,임진강,9,9,18
2022-04-21,경의선,탄현,8247,7890,16137
2022-04-21,경의선,파주,1689,1225,2914
2022-04-21,경의선,풍산,5959,5528,11487
2022-04-21,경의선,행신,8678,8283,16961
2022-04-21,경의선,홍대입구,1640,1856,3496
2022-04-21,경의선,화전,3349,3019,6368
2022-04-21,경의선,효창공원앞,3229,3518,6747
2022-04-21,경인선,간석,6252,5801,12053
2022-04-21,경인선,개봉,22388,21765,44153
2022-04-21,경인선,구일,8123,7905,16028
2022-04-21,경인선,도원,3415,3401,6816
2022-04-21,경인선,도화,4420,4018,8438
2022-04-21,경인선,동암,14897,15131,30028
2022-04-21,경인선,동인천,14667,14002,28669
2022-04-21,경인선,백운,7421,7278,14699
2022-04-21,경인선,부개,9066,8381,17447
2022-04-21,경인선,부천,33719,33767,67486
2022-04-21,경인선,부평,28905,31176,60081
2022-04-21,경인선,소사,9527,9074,18601
2022-04-21,경인선,송내,28736,28712,57448
2022-04-21,경인선,역곡,29701,28894,58595
2022-04-21,경인선,오류동,12425,11283,23708
2022-04-21,경인선,온수,7449,7034,14483
2022-04-21,경인선,인천,3870,2985,6855
2022-04-21,경인선,제물포,11692,11158,22850
2022-04-21,경인선,주안,20083,18079,38162
2022-04-21,경인선,중동,9988,9262,19250
2022-04-21,경춘선,가평,1777,1758,3535
2022-04-21,경춘선,갈매,3189,2785,5974
2022-04-21,경춘선,강촌,538,533,1071
2022-04-21,경춘선,굴봉산,260,231,491
2022-04-21,경춘선,금곡,1690,1622,3312
2022-04-21,경춘선,김유정,428,449,877
2022-04-21,경춘선,남춘천,2860,2610,5470
2022-04-21,경춘선,대성리,659,626,1285
2022-04-21,경춘선,마석,4230,4197,8427
2022-04-21,경춘선,백양리,126,164,290
2022-04-21,경춘선,별내,3390,3131,6521
2022-04-21,경춘선,사릉,2716,2670,5386
2022-04-21,경춘선,상천,405,401,806
2022-04-21,경춘선,신내,2506,2306,4812
2022-04-21,경춘선,천마산,1888,1754,3642
2022-04-21,경춘선,청평,1716,1744,3460
2022-04-21,경춘선,춘천,1731,1416,3147
2022-04-21,경춘선,퇴계원,3744,3510,7254
2022-04-21,경춘선,평내호평,6741,6641,13382
2022-04-21,공항철도,검암,6946,6829,13775
2022-04-21,공항철도,계양,11035,10330,21365
2022-04-21,공항철도,공덕,2463,3119,5582
2022-04-21,공항철도,공항화물청사,2281,2511,4792
2022-04-21,공항철도,김포공항,11723,6735,18458
2022-04-21,공항철도,디지털미디어시티,14596,13652,28248
2022-04-21,공항철도,마곡나루,9734,9536,19270
2022-04-21,공항철도,서울역,8151,7611,15762
2022-04-21,공항철도,영종,3351,3318,6669
2022-04-21,공항철도,운서,7149,7142,14291
2022-04-21,공항철도,인천공항1터미널,4826,4442,9268
2022-04-21,공항철도,인천공항2터미널,2768,2379,5147
2022-04-21,공항철도,청라국제도시,7275,6935,14210
2022-04-21,공항철도,홍대입구,9063,9169,18232
2022-04-21,과천선,경마공원,1222,1096,2318
2022-04-21,과천선,과천,4377,5338,9715
2022-04-21,과천선,대공원,3430,3050,6480
2022-04-21,과천선,범계,20777,22499,43276
2022-04-21,과천선,선바위,6637,6347,12984
2022-04-21,과천선,인덕원,19745,21847,41592
2022-04-21,과천선,정부과천청사,8851,7720,16571
2022-04-21,과천선,평촌,14560,12856,27416
2022-04-21,분당선,가천대,11733,12292,24025
2022-04-21,분당선,강남구청,10308,12088,22396
2022-04-21,분당선,개포동,4235,4178,8413
2022-04-21,분당선,구룡,2496,2426,4922
2022-04-21,분당선,구성,5258,5587,10845
2022-04-21,분당선,기흥,10465,9822,20287
2022-04-21,분당선,대모산입구,5091,4543,9634
2022-04-21,분당선,도곡,7697,7674,15371
2022-04-21,분당선,망포,15033,14231,29264
2022-04-21,분당선,매교,3347,3330,6677
2022-04-21,분당선,매탄권선,5383,5255,10638
2022-04-21,분당선,모란,20943,20893,41836
2022-04-21,분당선,미금,15997,17149,33146
2022-04-21,분당선,보정,2691,2321,5012
2022-04-21,분당선,상갈,5614,5455,11069
2022-04-21,분당선,서울숲,12573,13226,25799
2022-04-21,분당선,서현,23806,24299,48105
2022-04-21,분당선,선릉,14243,22304,36547
2022-04-21,분당선,선정릉,8317,8899,17216
2022-04-21,분당선,수내,13478,13623,27101
2022-04-21,분당선,수서,14752,15064,29816
2022-04-21,분당선,수원,8734,7207,15941
2022-04-21,분당선,수원시청,12898,13819,26717
2022-04-21,분당선,신갈,4631,4538,9169
2022-04-21,분당선,압구정로데오,18810,21067,39877
2022-04-21,분당선,야탑,26688,28047,54735
2022-04-21,분당선,영통,8345,8556,16901
2022-04-21,분당선,오리,12310,10118,22428
2022-04-21,분당선,이매,5939,5697,11636
2022-04-21,분당선,정자,17703,18892,36595
2022-04-21,분당선,죽전,14814,15938,30752
2022-04-21,분당선,청명,4480,4440,8920
2022-04-21,분당선,태평,13848,13368,27216
2022-04-21,분당선,한티,14149,15034,29183
2022-04-21,수인선,고색,5148,4916,10064
2022-04-21,수인선,남동인더스파크,2350,2625,4975
2022-04-21,수인선,달월,127,88,215
2022-04-21,수인선,사리,5583,4823,10406
2022-04-21,수인선,소래포구,6315,5913,12228
2022-04-21,수인선,송도,2691,2511,5202
2022-04-21,수인선,숭의,4247,3977,8224
2022-04-21,수인선,신포,1958,2009,3967
2022-04-21,수인선,야목,445,369,814
2022-04-21,수인선,어천,808,857,1665
2022-04-21,수인선,연수,4933,4790,9723
2022-04-21,수인선,오목천,4363,3942,8305
2022-04-21,수인선,원인재,4468,4820,9288
2022-04-21,수인선,월곶,3073,2875,5948
2022-04-21,수인선,인천,1054,1733,2787
2022-04-21,수인선,인천논현,5771,6252,12023
2022-04-21,수인선,인하대,7677,7185,14862
2022-04-21,수인선,호구포,4301,4536,8837
2022-04-21,안산선,고잔,8642,8829,17471
2022-04-21,안산선,대야미,3951,4970,8921
2022-04-21,안산선,반월,3928,5024,8952
2022-04-21,안산선,산본,11892,16151,28043
2022-04-21,안산선,상록수,15662,18221,33883
2022-04-21,안산선,수리산,3444,4136,7580
2022-04-21,안산선,신길온천,1901,1796,3697
2022-04-21,안산선,안산,11486,10225,21711
2022-04-21,안산선,오이도,8756,9354,18110
2022-04-21,안산선,정왕,10646,10852,21498
2022-04-21,안산선,중앙,17743,19782,37525
2022-04-21,안산선,초지,5149,6131,11280
2022-04-21,안산선,한대앞,11278,12642,23920
2022-04-21,우이신설선,4.19민주묘지,3490,3314,6804
2022-04-21,우이신설선,가오리,4371,4164,8535
2022-04-21,우이신설선,보문,1581,1507,3088
2022-04-21,우이신설선,북한산보국문,6204,5776,11980
2022-04-21,우이신설선,북한산우이,2845,2539,5384
2022-04-21,우이신설선,삼양,2047,2107,4154
2022-04-21,우이신설선,삼양사거리,2468,2487,4955
2022-04-21,우이신설선,성신여대입구,3516,3648,7164
2022-04-21,우이신설선,솔밭공원,2574,2470,5044
2022-04-21,우이신설선,솔샘,6059,5643,11702
2022-04-21,우이신설선,신설동,2209,2152,4361
2022-04-21,우이신설선,정릉,4990,4450,9440
2022-04-21,우이신설선,화계,3598,3278,6876
2022-04-21,일산선,대곡,2810,2653,5463
2022-04-21,일산선,대화,12725,11066,23791
2022-04-21,일산선,마두,7571,8014,15585
2022-04-21,일산선,백석,9964,10371,20335
2022-04-21,일산선,삼송,19930,20535,40465
2022-04-21,일산선,원당,11419,11833,23252
2022-04-21,일산선,원흥,11079,10598,21677
2022-04-21,일산선,정발산,6991,6982,13973
2022-04-21,일산선,주엽,9004,9416,18420
2022-04-21,일산선,화정,16846,17780,34626
2022-04-21,장항선,배방,1226,1126,2352
2022-04-21,장항선,봉명,1317,1282,2599
2022-04-21,장항선,신창,3515,2828,6343
2022-04-21,장항선,쌍용,3254,2869,6123
2022-04-21,장항선,아산,3808,3546,7354
2022-04-21,장항선,온양온천,3777,4000,7777
2022-04-21,장항선,탕정,915,728,1643
2022-04-21,중앙선,구리,13735,14051,27786
2022-04-21,중앙선,국수,893,898,1791
2022-04-21,중앙선,덕소,5818,5779,11597
2022-04-21,중앙선,도농,11135,10154,21289
2022-04-21,중앙선,도심,2591,2109,4700
2022-04-21,중앙선,망우,8143,8014,16157
2022-04-21,중앙선,상봉,6106,6100,12206
2022-04-21,중앙선,신원,307,258,565
2022-04-21,중앙선,아신,608,562,1170
2022-04-21,중앙선,양수,2178,2222,4400
2022-04-21,중앙선,양원,3301,3030,6331
2022-04-21,중앙선,양정,814,664,1478
2022-04-21,중앙선,양평,2774,2863,5637
2022-04-21,중앙선,오빈,343,338,681
2022-04-21,중앙선,용문,2049,1985,4034
2022-04-21,중앙선,운길산,1109,1083,2192
2022-04-21,중앙선,원덕,422,445,867
2022-04-21,중앙선,중랑,5816,5499,11315
2022-04-21,중앙선,지평,90,103,193
2022-04-21,중앙선,팔당,914,1009,1923
2022-04-21,중앙선,회기,25030,23887,48917
2022-04-22,1호선,동대문,10928,9643,20571
2022-04-22,1호선,동묘앞,7520,7972,15492
2022-04-22,1호선,서울역,48821,48438,97259
2022-04-22,1호선,시청,22611,23832,46443
2022-04-22,1호선,신설동,14414,13787,28201
2022-04-22,1호선,제기동,17011,17072,34083
2022-04-22,1호선,종각,34937,34797,69734
2022-04-22,1호선,종로3가,25306,23825,49131
2022-04-22,1호선,종로5가,22687,22655,45342
2022-04-22,1호선,청량리,20235,19868,40103
2022-04-22,2호선,강남,87011,89702,176713
2022-04-22,2호선,강변,33011,31111,64122
2022-04-22,2호선,건대입구,36731,41775,78506
2022-04-22,2호선,교대,35390,40512,75902
2022-04-22,2호선,구로디지털단지,60010,59552,119562
2022-04-22,2호선,구의,24397,23588,47985
2022-04-22,2호선,낙성대,28416,25959,54375
2022-04-22,2호선,당산,19366,22473,41839
2022-04-22,2호선,대림,24426,24853,49279
2022-04-22,2호선,도림천,1401,1454,2855
2022-04-22,2호선,동대문역사문화공원,12376,11880,24256
2022-04-22,2호선,뚝섬,22952,24678,47630
2022-04-22,2호선,문래,22168,23084,45252
2022-04-22,2호선,방배,18769,19402,38171
2022-04-22,2호선,봉천,24346,21939,46285
2022-04-22,2호선,사당,39595,44814,84409
2022-04-22,2호선,삼성,55037,54814,109851
2022-04-22,2호선,상왕십리,14569,13911,28480
2022-04-22,2호선,서울대입구,49214,47021,96235
2022-04-22,2호선,서초,22875,20477,43352
2022-04-22,2호선,선릉,57035,50427,107462
2022-04-22,2호선,성수,37517,41757,79274
2022-04-22,2호선,시청,23292,22136,45428
2022-04-22,2호선,신답,1685,1795,3480
2022-04-22,2호선,신당,14545,14763,29308
2022-04-22,2호선,신대방,27471,25892,53363
2022-04-22,2호선,신도림,49682,50695,100377
2022-04-22,2호선,신림,65620,62957,128577
2022-04-22,2호선,신설동,3604,1848,5452
2022-04-22,2호선,신정네거리,10379,10734,21113
2022-04-22,2호선,신촌,33015,33969,66984
2022-04-22,2호선,아현,10663,10076,20739
2022-04-22,2호선,양천구청,6806,7114,13920
2022-04-22,2호선,역삼,51462,57522,108984
2022-04-22,2호선,영등포구청,22795,23476,46271
2022-04-22,2호선,왕십리,17445,14543,31988
2022-04-22,2호선,용답,3035,2973,6008
2022-04-22,2호선,용두,2479,2421,4900
2022-04-22,2호선,을지로3가,23355,24013,47368
2022-04-22,2호선,을지로4가,13160,13280,26440
2022-04-22,2호선,을지로입구,39119,39763,78882
2022-04-22,2호선,이대,14197,14464,28661
2022-04-22,2호선,잠실,71988,70984,142972
2022-04-22,2호선,잠실나루,14827,14060,28887
2022-04-22,2호선,잠실새내,21887,22889,44776
2022-04-22,2호선,종합운동장,13149,14927,28076
2022-04-22,2호선,충정로,10146,10571,20717
2022-04-22,2호선,한양대,12017,12876,24893
2022-04-22,2호선,합정,32421,35974,68395
2022-04-22,2호선,홍대입구,54677,64145,118822
2022-04-22,3호선,가락시장,9145,9061,18206
2022-04-22,3호선,경복궁,20604,19237,39841
2022-04-22,3호선,경찰병원,7320,7284,14604
2022-04-22,3호선,고속터미널,44586,47531,92117
2022-04-22,3호선,교대,15357,10092,25449
2022-04-22,3호선,구파발,19764,19464,39228
2022-04-22,3호선,금호,7866,7491,15357
2022-04-22,3호선,남부터미널,31218,30931,62149
2022-04-22,3호선,녹번,15080,13876,28956
2022-04-22,3호선,대청,10437,9574,20011
2022-04-22,3호선,대치,10909,10983,21892
2022-04-22,3호선,도곡,5377,5500,10877
2022-04-22,3호선,독립문,7044,7092,14136
2022-04-22,3호선,동대입구,8688,8968,17656
2022-04-22,3호선,매봉,12696,11955,24651
2022-04-22,3호선,무악재,3727,3856,7583
2022-04-22,3호선,불광,15441,16877,32318
2022-04-22,3호선,수서,18478,18613,37091
2022-04-22,3호선,신사,32717,34433,67150
2022-04-22,3호선,안국,21677,21228,42905
2022-04-22,3호선,압구정,33609,35748,69357
2022-04-22,3호선,약수,13446,13181,26627
2022-04-22,3호선,양재,40495,41660,82155
2022-04-22,3호선,연신내,36667,34703,71370
2022-04-22,3호선,오금,6270,5930,12200
2022-04-22,3호선,옥수,8952,9526,18478
2022-04-22,3호선,을지로3가,10832,10884,21716
2022-04-22,3호선,일원,10697,9841,20538
2022-04-22,3호선,잠원,4826,4826,9652
2022-04-22,3호선,종로3가,10040,12162,22202
2022-04-22,3호선,지축,4938,4537,9475
2022-04-22,3호선,충무로,1,0,1
2022-04-22,3호선,학여울,2379,2272,4651
2022-04-22,3호선,홍제,17101,16473,33574
2022-04-22,4호선,길음,21074,20379,41453
2022-04-22,4호선,남태령,1351,1009,2360
2022-04-22,4호선,노원,19010,22187,41197
2022-04-22,4호선,당고개,8987,8122,17109
2022-04-22,4호선,동대문,19753,19713,39466
2022-04-22,4호선,동대문역사문화공원,14809,13210,28019
2022-04-22,4호선,동작,1514,1647,3161
2022-04-22,4호선,명동,19321,20527,39848
2022-04-22,4호선,미아,15360,14620,29980
2022-04-22,4호선,미아사거리,27614,26865,54479
2022-04-22,4호선,사당,27603,23585,51188
2022-04-22,4호선,삼각지,5394,6188,11582
2022-04-22,4호선,상계,19705,18310,38015
2022-04-22,4호선,서울역,11663,19074,30737
2022-04-22,4호선,성신여대입구,20586,19808,40394
2022-04-22,4호선,수유,34280,34784,69064
2022-04-22,4호선,숙대입구,14057,13615,27672
2022-04-22,4호선,신용산,16746,17757,34503
2022-04-22,4호선,쌍문,29828,27076,56904
2022-04-22,4호선,이촌,7486,8093,15579
2022-04-22,4호선,창동,26254,27518,53772
2022-04-22,4호선,총신대입구,19702,21518,41220
2022-04-22,4호선,충무로,27685,28588,56273
2022-04-22,4호선,한성대입구,14449,14041,28490
2022-04-22,4호선,혜화,33745,33266,67011
2022-04-22,4호선,회현,24390,25637,50027
2022-04-22,5호선,강동,19028,17937,36965
2022-04-22,5호선,강일,4247,3937,8184
2022-04-22,5호선,개롱,6595,6822,13417
2022-04-22,5호선,개화산,5688,5359,11047
2022-04-22,5호선,거여,10497,9901,20398
2022-04-22,5호선,고덕,10091,9673,19764
2022-04-22,5호선,공덕,14564,15414,29978
2022-04-22,5호선,광나루,13707,12232,25939
2022-04-22,5호선,광화문,29236,31024,60260
2022-04-22,5호선,군자,11567,12857,24424
2022-04-22,5호선,굽은다리,9651,9089,18740
2022-04-22,5호선,길동,8156,8433,16589
2022-04-22,5호선,김포공항,7905,7851,15756
2022-04-22,5호선,까치산,29587,27569,57156
2022-04-22,5호선,답십리,16280,14704,30984
2022-04-22,5호선,동대문역사문화공원,2850,3356,6206
2022-04-22,5호선,둔촌동,8563,8465,17028
2022-04-22,5호선,마곡,10622,10653,21275
2022-04-22,5호선,마장,5795,5470,11265
2022-04-22,5호선,마천,7402,7003,14405
2022-04-22,5호선,마포,14604,15216,29820
2022-04-22,5호선,명일,8805,9066,17871
2022-04-22,5호선,목동,17101,18192,35293
2022-04-22,5호선,미사,16231,16347,32578
2022-04-22,5호선,발산,20539,21545,42084
2022-04-22,5호선,방이,7175,7490,14665
2022-04-22,5호선,방화,6714,6300,13014
2022-04-22,5호선,상일동,15254,14051,29305
2022-04-22,5호선,서대문,19785,19296,39081
2022-04-22,5호선,송정,6756,6307,13063
2022-04-22,5호선,신금호,6894,6948,13842
2022-04-22,5호선,신길,4247,4247,8494
2022-04-22,5호선,신정,14441,11390,25831
2022-04-22,5호선,아차산,15478,14696,30174
2022-04-22,5호선,애오개,7045,7000,14045
2022-04-22,5호선,양평,7680,7284,14964
2022-04-22,5호선,여의나루,11064,12435,23499
2022-04-22,5호선,여의도,28740,30519,59259
2022-04-22,5호선,영등포구청,4147,4221,8368
2022-04-22,5호선,영등포시장,10569,10622,21191
2022-04-22,5호선,오금,3893,3938,7831
2022-04-22,5호선,오목교,21285,23185,44470
2022-04-22,5호선,올림픽공원,4417,3720,8137
2022-04-22,5호선,왕십리,4646,5610,10256
2022-04-22,5호선,우장산,14941,14549,29490
2022-04-22,5호선,을지로4가,6321,6770,13091
2022-04-22,5호선,장한평,18996,18697,37693
2022-04-22,5호선,종로3가,13065,13816,26881
2022-04-22,5호선,천호,18724,18871,37595
2022-04-22,5호선,청구,4178,3826,8004
2022-04-22,5호선,충정로,4926,4946,9872
2022-04-22,5호선,하남검단산,5736,5388,11124
2022-04-22,5호선,하남시청,6926,6724,13650
2022-04-22,5호선,하남풍산,4455,4397,8852
2022-04-22,5호선,행당,8360,7198,15558
2022-04-22,5호선,화곡,29116,26529,55645
2022-04-22,6호선,고려대,8419,8109,16528
2022-04-22,6호선,공덕,19097,18695,37792
2022-04-22,6호선,광흥창,9149,8782,17931
2022-04-22,6호선,구산,8090,5718,13808
2022-04-22,6호선,녹사평,5019,5525,10544
2022-04-22,6호선,대흥,8477,8635,17112
2022-04-22,6호선,독바위,2853,2761,5614
2022-04-22,6호선,돌곶이,9663,8690,18353
2022-04-22,6호선,동묘앞,7774,7654,15428
2022-04-22,6호선,디지털미디어시티,14155,15002,29157
2022-04-22,6호선,마포구청,14449,12773,27222
2022-04-22,6호선,망원,14432,15652,30084
2022-04-22,6호선,버티고개,2159,2097,4256
2022-04-22,6호선,보문,7607,6810,14417
2022-04-22,6호선,봉화산,8991,8398,17389
2022-04-22,6호선,불광,4501,4270,8771
2022-04-22,6호선,삼각지,7014,6198,13212
2022-04-22,6호선,상수,9369,11652,21021
2022-04-22,6호선,상월곡,6428,5525,11953
2022-04-22,6호선,새절,13558,12178,25736
2022-04-22,6호선,석계,12787,13142,25929
2022-04-22,6호선,신당,8744,8257,17001
2022-04-22,6호선,안암,11302,10796,22098
2022-04-22,6호선,약수,3750,3946,7696
2022-04-22,6호선,역촌,3688,4309,7997
2022-04-22,6호선,연신내,1,0,1
2022-04-22,6호선,월곡,12035,11412,23447
2022-04-22,6호선,월드컵경기장,4166,4339,8505
2022-04-22,6호선,응암,18093,17464,35557
2022-04-22,6호선,이태원,11709,16050,27759
2022-04-22,6호선,증산,10287,9932,20219
2022-04-22,6호선,창신,3642,2931,6573
2022-04-22,6호선,청구,3890,4108,7998
2022-04-22,6호선,태릉입구,5774,6075,11849
2022-04-22,6호선,한강진,8909,10871,19780
2022-04-22,6호선,합정,13698,14068,27766
2022-04-22,6호선,화랑대,12751,9392,22143
2022-04-22,6호선,효창공원앞,7329,6661,13990
2022-04-22,7호선,가산디지털단지,45478,45349,90827
2022-04-22,7호선,강남구청,16607,18871,35478
2022-04-22,7호선,건대입구,12979,13807,26786
2022-04-22,7호선,고속터미널,17890,14721,32611
2022-04-22,7호선,공릉,13488,12815,26303
2022-04-22,7호선,광명사거리,22740,22302,45042
2022-04-22,7호선,군자,15633,12231,27864
2022-04-22,7호선,남구로,15588,16660,32248
2022-04-22,7호선,남성,11560,10299,21859
2022-04-22,7호선,내방,14851,15391,30242
2022-04-22,7호선,노원,19773,21042,40815
2022-04-22,7호선,논현,21060,24246,45306
2022-04-22,7호선,대림,7534,7865,15399
2022-04-22,7호선,도봉산,9482,10739,20221
2022-04-22,7호선,뚝섬유원지,8593,8285,16878
2022-04-22,7호선,마들,13291,12321,25612
2022-04-22,7호선,먹골,10532,9942,20474
2022-04-22,7호선,면목,16574,15777,32351
2022-04-22,7호선,반포,6132,5932,12064
2022-04-22,7호선,보라매,10443,10158,20601
2022-04-22,7호선,사가정,16675,16653,33328
2022-04-22,7호선,상도,11628,10825,22453
2022-04-22,7호선,상봉,17437,16268,33705
2022-04-22,7호선,수락산,12866,12405,25271
2022-04-22,7호선,숭실대입구,14477,14124,28601
2022-04-22,7호선,신대방삼거리,17222,16070,33292
2022-04-22,7호선,신풍,11979,11281,23260
2022-04-22,7호선,어린이대공원,13946,13790,27736
2022-04-22,7호선,온수,11384,10582,21966
2022-04-22,7호선,용마산,6282,5756,12038
2022-04-22,7호선,이수,16509,15979,32488
2022-04-22,7호선,장승배기,9146,8804,17950
2022-04-22,7호선,장암,2327,942,3269
2022-04-22,7호선,중계,15132,13374,28506
2022-04-22,7호선,중곡,11598,10418,22016
2022-04-22,7호선,중화,11154,10691,21845
2022-04-22,7호선,천왕,11867,10942,22809
2022-04-22,7호선,철산,21778,22544,44322
2022-04-22,7호선,청담,19617,22388,42005
2022-04-22,7호선,태릉입구,9144,8358,17502
2022-04-22,7호선,하계,18685,17300,35985
2022-04-22,7호선,학동,24481,26427,50908
2022-04-22,8호선,가락시장,7980,9057,17037
2022-04-22,8호선,강동구청,10730,10909,21639
2022-04-22,8호선,남위례,5161,5306,10467
2022-04-22,8호선,남한산성입구,15425,13561,28986
2022-04-22,8호선,단대오거리,11590,10576,22166
2022-04-22,8호선,모란,4473,3807,8280
2022-04-22,8호선,몽촌토성,6296,6307,12603
2022-04-22,8호선,문정,22404,23366,45770
2022-04-22,8호선,복정,10463,8480,18943
2022-04-22,8호선,산성,5426,5365,10791
2022-04-22,8호선,석촌,7856,9381,17237
2022-04-22,8호선,송파,8459,8316,16775
2022-04-22,8호선,수진,5481,5005,10486
2022-04-22,8호선,신흥,4335,4507,8842
2022-04-22,8호선,암사,19469,16903,36372
2022-04-22,8호선,잠실,13800,17051,30851
2022-04-22,8호선,장지,17808,16656,34464
2022-04-22,8호선,천호,15131,18006,33137
2022-04-22,9호선,가양,21475,20096,41571
2022-04-22,9호선,개화,2568,1780,4348
2022-04-22,9호선,고속터미널,13978,18466,32444
2022-04-22,9호선,공항시장,3129,3294,6423
2022-04-22,9호선,구반포,1383,1418,2801
2022-04-22,9호선,국회의사당,15928,16346,32274
2022-04-22,9호선,김포공항,8303,13241,21544
2022-04-22,9호선,노들,4635,3862,8497
2022-04-22,9호선,노량진,27817,26353,54170
2022-04-22,9호선,당산,19354,19058,38412
2022-04-22,9호선,동작,2063,1645,3708
2022-04-22,9호선,등촌,11564,10955,22519
2022-04-22,9호선,마곡나루,12607,12523,25130
2022-04-22,9호선,사평,3724,3458,7182
2022-04-22,9호선,샛강,6113,6424,12537
2022-04-22,9호선,선유도,9136,8443,17579
2022-04-22,9호선,신논현,34000,35894,69894
2022-04-22,9호선,신목동,4355,3699,8054
2022-04-22,9호선,신반포,3706,3570,7276
2022-04-22,9호선,신방화,7155,6676,13831
2022-04-22,9호선,양천향교,10453,10223,20676
2022-04-22,9호선,여의도,29394,27956,57350
2022-04-22,9호선,염창,18246,17125,35371
2022-04-22,9호선,증미,7591,7104,14695
2022-04-22,9호선,흑석,8907,8983,17890
2022-04-22,9호선2~3단계,둔촌오륜,1237,1070,2307
2022-04-22,9호선2~3단계,봉은사,18058,18841,36899
2022-04-22,9호선2~3단계,삼성중앙,7198,7481,14679
2022-04-22,9호선2~3단계,삼전,7070,6706,13776
2022-04-22,9호선2~3단계,석촌,9111,7719,16830
2022-04-22,9호선2~3단계,석촌고분,6329,6155,12484
2022-04-22,9호선2~3단계,선정릉,9959,11078,21037
2022-04-22,9호선2~3단계,송파나루,5223,5679,10902
2022-04-22,9호선2~3단계,언주,10794,11020,21814
2022-04-22,9호선2~3단계,올림픽공원,6417,6099,12516
2022-04-22,9호선2~3단계,종합운동장,4910,5197,10107
2022-04-22,9호선2~3단계,중앙보훈병원,11146,9564,20710
2022-04-22,9호선2~3단계,한성백제,2623,2338,4961
2022-04-22,경강선,경기광주,8063,7476,15539
2022-04-22,경강선,곤지암,2463,2290,4753
2022-04-22,경강선,부발,2801,2214,5015
2022-04-22,경강선,삼동,2526,2277,4803
2022-04-22,경강선,세종대왕릉,357,373,730
2022-04-22,경강선,신둔도예촌,1807,1538,3345
2022-04-22,경강선,여주,2360,2477,4837
2022-04-22,경강선,이매,1154,945,2099
2022-04-22,경강선,이천,2892,3029,5921
2022-04-22,경강선,초월,3434,3119,6553
2022-04-22,경강선,판교,4820,4971,9791
2022-04-22,경부선,가산디지털단지,19021,21945,40966
2022-04-22,경부선,관악,7426,6804,14230
2022-04-22,경부선,광명,3799,3567,7366
2022-04-22,경부선,구로,18760,19794,38554
2022-04-22,경부선,군포,8029,7864,15893
2022-04-22,경부선,금정,28377,28592,56969
2022-04-22,경부선,금천구청,12324,12162,24486
2022-04-22,경부선,남영,9730,10320,20050
2022-04-22,경부선,노량진,9012,8920,17932
2022-04-22,경부선,당정,7076,6667,13743
2022-04-22,경부선,대방,13304,13432,26736
2022-04-22,경부선,독산,19088,19451,38539
2022-04-22,경부선,두정,7792,7030,14822
2022-04-22,경부선,명학,9910,9524,19434
2022-04-22,경부선,병점,16264,16126,32390
2022-04-22,경부선,서동탄,1495,1331,2826
2022-04-22,경부선,서울역,8196,2695,10891
2022-04-22,경부선,서정리,8670,7145,15815
2022-04-22,경부선,석수,10124,9016,19140
2022-04-22,경부선,성균관대,17107,16073,33180
2022-04-22,경부선,성환,5087,4392,9479
2022-04-22,경부선,세류,3266,3012,6278
2022-04-22,경부선,세마,3140,2900,6040
2022-04-22,경부선,송탄,5223,4597,9820
2022-04-22,경부선,수원,37738,41947,79685
2022-04-22,경부선,신길,9398,7847,17245
2022-04-22,경부선,신도림,4271,4373,8644
2022-04-22,경부선,안양,27210,26838,54048
2022-04-22,경부선,영등포,40360,42917,83277
2022-04-22,경부선,오산,10916,10773,21689
2022-04-22,경부선,오산대,4171,3852,8023
2022-04-22,경부선,용산,37637,39429,77066
2022-04-22,경부선,의왕,9881,9620,19501
2022-04-22,경부선,직산,1001,951,1952
2022-04-22,경부선,진위,2076,1658,3734
2022-04-22,경부선,천안,6930,6888,13818
2022-04-22,경부선,평택,14373,13944,28317
2022-04-22,경부선,평택지제,4234,4002,8236
2022-04-22,경부선,화서,8592,8202,16794
2022-04-22,경원선,가능,7159,6822,13981
2022-04-22,경원선,광운대,9042,8770,17812
2022-04-22,경원선,녹양,4921,4687,9608
2022-04-22,경원선,녹천,4892,3928,8820
2022-04-22,경원선,덕계,3440,3135,6575
2022-04-22,경원선,덕정,6894,6311,13205
2022-04-22,경원선,도봉,6238,5875,12113
2022-04-22,경원선,도봉산,7481,4745,12226
2022-04-22,경원선,동두천,2625,2783,5408
2022-04-22,경원선,동두천중앙,3288,3138,6426
2022-04-22,경원선,망월사,8819,8675,17494
2022-04-22,경원선,방학,10095,9815,19910
2022-04-22,경원선,보산,1879,1633,3512
2022-04-22,경원선,서빙고,2072,1860,3932
2022-04-22,경원선,석계,8653,9485,18138
2022-04-22,경원선,소요산,2461,2030,4491
2022-04-22,경원선,신이문,8516,7732,16248
2022-04-22,경원선,양주,8203,7618,15821
2022-04-22,경원선,옥수,61,41,102
2022-04-22,경원선,왕십리,14723,16442,31165
2022-04-22,경원선,외대앞,8435,8150,16585
2022-04-22,경원선,월계,8419,7573,15992
2022-04-22,경원선,응봉,2002,1690,3692
2022-04-22,경원선,의정부,18979,20472,39451
2022-04-22,경원선,이촌,3850,3033,6883
2022-04-22,경원선,지행,7113,7117,14230
2022-04-22,경원선,창동,2,0,2
2022-04-22,경원선,청량리,17060,17473,34533
2022-04-22,경원선,한남,4342,4119,8461
2022-04-22,경원선,회룡,12873,12741,25614
2022-04-22,경의선,가좌,5738,5426,11164
2022-04-22,경의선,강매,3431,2898,6329
2022-04-22,경의선,곡산,709,734,1443
2022-04-22,경의선,공덕,3498,3308,6806
2022-04-22,경의선,금릉,5117,4951,10068
2022-04-22,경의선,금촌,6778,6494,13272
2022-04-22,경의선,능곡,3999,3773,7772
2022-04-22,경의선,디지털미디어시티,2774,2471,5245
2022-04-22,경의선,문산,5399,5119,10518
2022-04-22,경의선,백마,7470,7119,14589
2022-04-22,경의선,서강대,2156,2101,4257
2022-04-22,경의선,서울역,4711,6311,11022
2022-04-22,경의선,수색,2896,3018,5914
2022-04-22,경의선,신촌,912,1176,2088
2022-04-22,경의선,야당,7916,8427,16343
2022-04-22,경의선,운정,7384,6855,14239
2022-04-22,경의선,월롱,3065,2415,5480
2022-04-22,경의선,일산,9963,9762,19725
2022-04-22,경의선,임진강,11,9,20
2022-04-22,경의선,탄현,8107,7761,15868
2022-04-22,경의선,파주,1464,950,2414
2022-04-22,경의선,풍산,5961,5485,11446
2022-04-22,경의선,행신,8592,8509,17101
2022-04-22,경의선,홍대입구,1699,2146,3845
2022-04-22,경의선,화전,2887,2571,5458
2022-04-22,경의선,효창공원앞,3099,3446,6545
2022-04-22,경인선,간석,6170,5368,11538
2022-04-22,경인선,개봉,22318,21568,43886
2022-04-22,경인선,구일,8541,8642,17183
2022-04-22,경인선,도원,3418,3324,6742
2022-04-22,경인선,도화,4361,3897,8258
2022-04-22,경인선,동암,15163,15297,30460
2022-04-22,경인선,동인천,14246,13615,27861
2022-04-22,경인선,백운,7207,6991,14198
2022-04-22,경인선,부개,8943,8248,17191
2022-04-22,경인선,부천,33721,34648,68369
2022-04-22,경인선,부평,30021,33726,63747
2022-04-22,경인선,소사,9247,8656,17903
2022-04-22,경인선,송내,28298,28111,56409
2022-04-22,경인선,역곡,29040,28285,57325
2022-04-22,경인선,오류동,12471,11091,23562
2022-04-22,경인선,온수,7570,6906,14476
2022-04-22,경인선,인천,3539,2787,6326
2022-04-22,경인선,제물포,11666,10646,22312
2022-04-22,경인선,주안,20190,17942,38132
2022-04-22,경인선,중동,9817,9121,18938
2022-04-22,경춘선,가평,1625,1857,3482
2022-04-22,경춘선,갈매,3159,2796,5955
2022-04-22,경춘선,강촌,414,440,854
2022-04-22,경춘선,굴봉산,187,204,391
2022-04-22,경춘선,금곡,1594,1540,3134
2022-04-22,경춘선,김유정,312,362,674
2022-04-22,경춘선,남춘천,3503,3129,6632
2022-04-22,경춘선,대성리,551,610,1161
2022-04-22,경춘선,마석,4081,4136,8217
2022-04-22,경춘선,백양리,88,92,180
2022-04-22,경춘선,별내,3329,3153,6482
2022-04-22,경춘선,사릉,2614,2600,5214
2022-04-22,경춘선,상천,341,339,680
2022-04-22,경춘선,신내,2433,2241,4674
2022-04-22,경춘선,천마산,1801,1631,3432
2022-04-22,경춘선,청평,1758,1970,3728
2022-04-22,경춘선,춘천,2000,1427,3427
2022-04-22,경춘선,퇴계원,3605,3399,7004
2022-04-22,경춘선,평내호평,6478,6512,12990
2022-04-22,공항철도,검암,6923,6874,13797
2022-04-22,공항철도,계양,10834,10108,20942
2022-04-22,공항철도,공덕,2440,3241,5681
2022-04-22,공항철도,공항화물청사,2290,2472,4762
2022-04-22,공항철도,김포공항,14538,7464,22002
2022-04-22,공항철도,디지털미디어시티,14320,13091,27411
2022-04-22,공항철도,마곡나루,9103,8680,17783
2022-04-22,공항철도,서울역,9774,9520,19294
2022-04-22,공항철도,영종,3223,3352,6575
2022-04-22,공항철도,운서,7141,7081,14222
2022-04-22,공항철도,인천공항1터미널,4932,4916,9848
2022-04-22,공항철도,인천공항2터미널,2520,2309,4829
2022-04-22,공항철도,청라국제도시,7209,6953,14162
2022-04-22,공항철도,홍대입구,10069,10835,20904
2022-04-22,과천선,경마공원,6990,7010,14000
2022-04-22,과천선,과천,6549,5926,12475
2022-04-22,과천선,대공원,3469,3761,7230
2022-04-22,과천선,범계,27164,28004,55168
2022-04-22,과천선,선바위,8745,7702,16447
2022-04-22,과천선,인덕원,25537,26200,51737
2022-04-22,과천선,정부과천청사,10624,10294,20918
2022-04-22,과천선,평촌,18009,17733,35742
2022-04-22,분당선,가천대,10904,11121,22025
2022-04-22,분당선,강남구청,10622,12179,22801
2022-04-22,분당선,개포동,4082,4271,8353
2022-04-22,분당선,구룡,2593,2419,5012
2022-04-22,분당선,구성,5208,5509,10717
2022-04-22,분당선,기흥,10456,9721,20177
2022-04-22,분당선,대모산입구,4865,4402,9267
2022-04-22,분당선,도곡,7553,7311,14864
2022-04-22,분당선,망포,15861,14526,30387
2022-04-22,분당선,매교,3440,3399,6839
2022-04-22,분당선,매탄권선,5592,5175,10767
2022-04-22,분당선,모란,20875,21604,42479
2022-04-22,분당선,미금,16575,17452,34027
2022-04-22,분당선,보정,2775,2392,5167
2022-04-22,분당선,복정,2,0,2
2022-04-22,분당선,상갈,5654,5368,11022
2022-04-22,분당선,서울숲,12169,12525,24694
2022-04-22,분당선,서현,25371,26255,51626
2022-04-22,분당선,선릉,13535,21341,34876
2022-04-22,분당선,선정릉,8254,8769,17023
2022-04-22,분당선,수내,13677,13654,27331
2022-04-22,분당선,수서,15354,16327,31681
2022-04-22,분당선,수원,9109,7625,16734
2022-04-22,분당선,수원시청,13634,16081,29715
2022-04-22,분당선,신갈,4644,4633,9277
2022-04-22,분당선,압구정로데오,20635,24588,45223
2022-04-22,분당선,야탑,27110,28619,55729
2022-04-22,분당선,영통,9008,9206,18214
2022-04-22,분당선,오리,12117,9849,21966
2022-04-22,분당선,이매,6026,5589,11615
2022-04-22,분당선,정자,18328,19584,37912
2022-04-22,분당선,죽전,14871,15738,30609
2022-04-22,분당선,청명,4752,4394,9146
2022-04-22,분당선,태평,13945,13308,27253
2022-04-22,분당선,한티,14702,15598,30300
2022-04-22,수인선,고색,5092,4760,9852
2022-04-22,수인선,남동인더스파크,2321,2573,4894
2022-04-22,수인선,달월,118,73,191
2022-04-22,수인선,사리,5208,4435,9643
2022-04-22,수인선,소래포구,5295,5198,10493
2022-04-22,수인선,송도,2562,2360,4922
2022-04-22,수인선,숭의,4188,3909,8097
2022-04-22,수인선,신포,2013,2052,4065
2022-04-22,수인선,야목,428,332,760
2022-04-22,수인선,어천,860,855,1715
2022-04-22,수인선,연수,5051,4950,10001
2022-04-22,수인선,오목천,3953,3374,7327
2022-04-22,수인선,원인재,4552,4920,9472
2022-04-22,수인선,월곶,2763,2617,5380
2022-04-22,수인선,인천,1078,1732,2810
2022-04-22,수인선,인천논현,5753,6268,12021
2022-04-22,수인선,인하대,7090,6452,13542
2022-04-22,수인선,호구포,4443,4495,8938
2022-04-22,안산선,고잔,9436,9007,18443
2022-04-22,안산선,대야미,5524,4760,10284
2022-04-22,안산선,반월,4612,4367,8979
2022-04-22,안산선,산본,16727,18211,34938
2022-04-22,안산선,상록수,17120,17061,34181
2022-04-22,안산선,수리산,4890,4118,9008
2022-04-22,안산선,신길온천,1869,1680,3549
2022-04-22,안산선,안산,12024,10601,22625
2022-04-22,안산선,오이도,8733,8980,17713
2022-04-22,안산선,정왕,10975,10567,21542
2022-04-22,안산선,중앙,19173,20712,39885
2022-04-22,안산선,초지,4941,5266,10207
2022-04-22,안산선,한대앞,10733,10471,21204
2022-04-22,우이신설선,4.19민주묘지,3565,3371,6936
2022-04-22,우이신설선,가오리,4411,4160,8571
2022-04-22,우이신설선,보문,1583,1565,3148
2022-04-22,우이신설선,북한산보국문,6393,5867,12260
2022-04-22,우이신설선,북한산우이,2651,2380,5031
2022-04-22,우이신설선,삼양,2093,2161,4254
2022-04-22,우이신설선,삼양사거리,2436,2430,4866
2022-04-22,우이신설선,성신여대입구,3302,3757,7059
2022-04-22,우이신설선,솔밭공원,2512,2297,4809
2022-04-22,우이신설선,솔샘,6017,5484,11501
2022-04-22,우이신설선,신설동,2185,2144,4329
2022-04-22,우이신설선,정릉,5183,4520,9703
2022-04-22,우이신설선,화계,3472,3178,6650
2022-04-22,일산선,대곡,2418,1760,4178
2022-04-22,일산선,대화,12620,10759,23379
2022-04-22,일산선,마두,7519,7784,15303
2022-04-22,일산선,백석,9512,9776,19288
2022-04-22,일산선,삼송,19204,18956,38160
2022-04-22,일산선,원당,10962,10568,21530
2022-04-22,일산선,원흥,10607,10146,20753
2022-04-22,일산선,정발산,7940,8521,16461
2022-04-22,일산선,주엽,8764,9061,17825
2022-04-22,일산선,화정,16316,17484,33800
2022-04-22,장항선,배방,1319,1222,2541
2022-04-22,장항선,봉명,1380,1254,2634
2022-04-22,장항선,신창,3597,2079,5676
2022-04-22,장항선,쌍용,2776,2424,5200
2022-04-22,장항선,아산,4303,4468,8771
2022-04-22,장항선,온양온천,4069,4326,8395
2022-04-22,장항선,탕정,939,732,1671
2022-04-22,중앙선,구리,13692,14162,27854
2022-04-22,중앙선,국수,913,851,1764
2022-04-22,중앙선,덕소,5707,5797,11504
2022-04-22,중앙선,도농,10944,10082,21026
2022-04-22,중앙선,도심,2545,2030,4575
2022-04-22,중앙선,망우,8374,8177,16551
2022-04-22,중앙선,상봉,6148,6072,12220
2022-04-22,중앙선,신원,241,212,453
2022-04-22,중앙선,아신,546,584,1130
2022-04-22,중앙선,양수,1935,1994,3929
2022-04-22,중앙선,양원,3213,2969,6182
2022-04-22,중앙선,양정,772,637,1409
2022-04-22,중앙선,양평,2894,3175,6069
2022-04-22,중앙선,오빈,290,306,596
2022-04-22,중앙선,용문,2021,2303,4324
2022-04-22,중앙선,운길산,874,914,1788
2022-04-22,중앙선,원덕,396,424,820
2022-04-22,중앙선,중랑,5924,5628,11552
2022-04-22,중앙선,지평,65,79,144
2022-04-22,중앙선,팔당,951,1017,1968
2022-04-22,중앙선,회기,25914,24698,50612
2022-04-25,1호선,동대문,10861,10447,21308
2022-04-25,1호선,동묘앞,7436,7809,15245
2022-04-25,1호선,서울역,43225,41194,84419
2022-04-25,1호선,시청,22449,22688,45137
2022-04-25,1호선,신설동,13849,13648,27497
2022-04-25,1호선,제기동,17410,17894,35304
2022-04-25,1호선,종각,33955,33545,67500
2022-04-25,1호선,종로3가,24262,22181,46443
2022-04-25,1호선,종로5가,22046,22104,44150
2022-04-25,1호선,청량리,20184,19855,40039
2022-04-25,2호선,강남,80426,79937,160363
2022-04-25,2호선,강변,29906,28218,58124
2022-04-25,2호선,건대입구,33738,36419,70157
2022-04-25,2호선,교대,34368,38799,73167
2022-04-25,2호선,구로디지털단지,59322,59394,118716
2022-04-25,2호선,구의,23661,23468,47129
2022-04-25,2호선,낙성대,27216,26945,54161
2022-04-25,2호선,당산,18978,21945,40923
2022-04-25,2호선,대림,24407,24885,49292
2022-04-25,2호선,도림천,1438,1482,2920
2022-04-25,2호선,동대문역사문화공원,10976,12439,23415
2022-04-25,2호선,뚝섬,21453,23329,44782
2022-04-25,2호선,문래,22042,22493,44535
2022-04-25,2호선,방배,18953,19725,38678
2022-04-25,2호선,봉천,23984,22414,46398
2022-04-25,2호선,사당,36084,40077,76161
2022-04-25,2호선,삼성,49077,50223,99300
2022-04-25,2호선,상왕십리,14328,13917,28245
2022-04-25,2호선,서울대입구,47201,46500,93701
2022-04-25,2호선,서초,21872,21172,43044
2022-04-25,2호선,선릉,57856,51601,109457
2022-04-25,2호선,성수,36804,39910,76714
2022-04-25,2호선,시청,23320,22761,46081
2022-04-25,2호선,신답,1659,1878,3537
2022-04-25,2호선,신당,14423,14823,29246
2022-04-25,2호선,신대방,27213,26181,53394
2022-04-25,2호선,신도림,46787,46331,93118
2022-04-25,2호선,신림,62752,60758,123510
2022-04-25,2호선,신설동,3211,3381,6592
2022-04-25,2호선,신정네거리,10657,10915,21572
2022-04-25,2호선,신촌,30691,31546,62237
2022-04-25,2호선,아현,10404,9949,20353
2022-04-25,2호선,양천구청,6893,7132,14025
2022-04-25,2호선,역삼,53110,60171,113281
2022-04-25,2호선,영등포구청,22890,23714,46604
2022-04-25,2호선,왕십리,15836,12485,28321
2022-04-25,2호선,용답,3052,3085,6137
2022-04-25,2호선,용두,2292,2477,4769
2022-04-25,2호선,을지로3가,22438,22558,44996
2022-04-25,2호선,을지로4가,12904,12910,25814
2022-04-25,2호선,을지로입구,38693,40057,78750
2022-04-25,2호선,이대,13526,14537,28063
2022-04-25,2호선,잠실,62971,63238,126209
2022-04-25,2호선,잠실나루,14734,14460,29194
2022-04-25,2호선,잠실새내,20570,20311,40881
2022-04-25,2호선,종합운동장,7024,7822,14846
2022-04-25,2호선,충정로,10222,10770,20992
2022-04-25,2호선,한양대,13902,15420,29322
2022-04-25,2호선,합정,29098,30252,59350
2022-04-25,2호선,홍대입구,48174,49775,97949
2022-04-25,3호선,가락시장,9125,9082,18207
2022-04-25,3호선,경복궁,19969,19669,39638
2022-04-25,3호선,경찰병원,7442,7510,14952
2022-04-25,3호선,고속터미널,37499,35634,73133
2022-04-25,3호선,교대,14672,9933,24605
2022-04-25,3호선,구파발,20789,19936,40725
2022-04-25,3호선,금호,7929,7464,15393
2022-04-25,3호선,남부터미널,28414,29017,57431
2022-04-25,3호선,녹번,15832,14328,30160
2022-04-25,3호선,대청,10398,9531,19929
2022-04-25,3호선,대치,10801,10977,21778
2022-04-25,3호선,도곡,5439,5481,10920
2022-04-25,3호선,독립문,6980,7274,14254
2022-04-25,3호선,동대입구,9305,9862,19167
2022-04-25,3호선,매봉,12442,11961,24403
2022-04-25,3호선,무악재,3962,4022,7984
2022-04-25,3호선,불광,16179,17109,33288
2022-04-25,3호선,수서,17098,17615,34713
2022-04-25,3호선,신사,29421,30556,59977
2022-04-25,3호선,안국,20441,21125,41566
2022-04-25,3호선,압구정,28731,30797,59528
2022-04-25,3호선,약수,13038,12849,25887
2022-04-25,3호선,양재,38326,41958,80284
2022-04-25,3호선,연신내,36483,34419,70902
2022-04-25,3호선,오금,6535,5889,12424
2022-04-25,3호선,옥수,8770,9080,17850
2022-04-25,3호선,을지로3가,10472,10638,21110
2022-04-25,3호선,일원,10744,10444,21188
2022-04-25,3호선,잠원,4807,4751,9558
2022-04-25,3호선,종로3가,9901,11239,21140
2022-04-25,3호선,지축,5176,4887,10063
2022-04-25,3호선,충무로,1,0,1
2022-04-25,3호선,학여울,1806,1776,3582
2022-04-25,3호선,홍제,18395,17453,35848
2022-04-25,4호선,길음,21998,21613,43611
2022-04-25,4호선,남태령,1231,1071,2302
2022-04-25,4호선,노원,18675,20577,39252
2022-04-25,4호선,당고개,9077,8032,17109
2022-04-25,4호선,동대문,20107,20636,40743
2022-04-25,4호선,동대문역사문화공원,13639,12519,26158
2022-04-25,4호선,동작,1517,1666,3183
2022-04-25,4호선,명동,18981,19492,38473
2022-04-25,4호선,미아,15540,15118,30658
2022-04-25,4호선,미아사거리,27363,26636,53999
2022-04-25,4호선,사당,25162,21058,46220
2022-04-25,4호선,삼각지,4868,5319,10187
2022-04-25,4호선,상계,19993,18434,38427
2022-04-25,4호선,서울역,11174,15926,27100
2022-04-25,4호선,성신여대입구,19997,19549,39546
2022-04-25,4호선,수유,33844,33714,67558
2022-04-25,4호선,숙대입구,14056,13563,27619
2022-04-25,4호선,신용산,15846,16736,32582
2022-04-25,4호선,쌍문,29445,27079,56524
2022-04-25,4호선,이촌,7122,7941,15063
2022-04-25,4호선,창동,25198,26954,52152
2022-04-25,4호선,총신대입구,19022,20610,39632
2022-04-25,4호선,충무로,28237,29448,57685
2022-04-25,4호선,한성대입구,13422,13214,26636
2022-04-25,4호선,혜화,29912,30308,60220
2022-04-25,4호선,회현,22674,24337,47011
2022-04-25,5호선,강동,18971,18419,37390
2022-04-25,5호선,강일,4225,4018,8243
2022-04-25,5호선,개롱,6579,6879,13458
2022-04-25,5호선,개화산,5835,5520,11355
2022-04-25,5호선,거여,10689,10166,20855
2022-04-25,5호선,고덕,9791,9686,19477
2022-04-25,5호선,공덕,14165,15037,29202
2022-04-25,5호선,광나루,13604,12364,25968
2022-04-25,5호선,광화문,29197,30552,59749
2022-04-25,5호선,군자,10899,11970,22869
2022-04-25,5호선,굽은다리,9487,8955,18442
2022-04-25,5호선,길동,8077,8246,16323
2022-04-25,5호선,김포공항,7013,6848,13861
2022-04-25,5호선,까치산,29169,27675,56844
2022-04-25,5호선,답십리,16096,14743,30839
2022-04-25,5호선,동대문역사문화공원,3104,3504,6608
2022-04-25,5호선,둔촌동,8295,8410,16705
2022-04-25,5호선,마곡,10769,10978,21747
2022-04-25,5호선,마장,5794,5381,11175
2022-04-25,5호선,마천,7468,7152,14620
2022-04-25,5호선,마포,14751,15221,29972
2022-04-25,5호선,명일,8912,9122,18034
2022-04-25,5호선,목동,16658,18148,34806
2022-04-25,5호선,미사,16161,16176,32337
2022-04-25,5호선,발산,20809,21444,42253
2022-04-25,5호선,방이,7143,7314,14457
2022-04-25,5호선,방화,6773,6541,13314
2022-04-25,5호선,상일동,15308,14210,29518
2022-04-25,5호선,서대문,20189,20525,40714
2022-04-25,5호선,송정,6723,6284,13007
2022-04-25,5호선,신금호,6651,6985,13636
2022-04-25,5호선,신길,4169,4377,8546
2022-04-25,5호선,신정,14201,11543,25744
2022-04-25,5호선,아차산,14742,14337,29079
2022-04-25,5호선,애오개,6764,6841,13605
2022-04-25,5호선,양평,7646,7591,15237
2022-04-25,5호선,여의나루,11110,12058,23168
2022-04-25,5호선,여의도,28662,30509,59171
2022-04-25,5호선,영등포구청,4089,4201,8290
2022-04-25,5호선,영등포시장,10110,10380,20490
2022-04-25,5호선,오금,3934,3924,7858
2022-04-25,5호선,오목교,20574,22105,42679
2022-04-25,5호선,올림픽공원,4398,3940,8338
2022-04-25,5호선,왕십리,4389,5097,9486
2022-04-25,5호선,우장산,15137,14778,29915
2022-04-25,5호선,을지로4가,6221,6357,12578
2022-04-25,5호선,장한평,18380,18175,36555
2022-04-25,5호선,종로3가,11360,11413,22773
2022-04-25,5호선,천호,17281,17345,34626
2022-04-25,5호선,청구,4108,3663,7771
2022-04-25,5호선,충정로,4985,5146,10131
2022-04-25,5호선,하남검단산,5564,5371,10935
2022-04-25,5호선,하남시청,6837,6691,13528
2022-04-25,5호선,하남풍산,4364,4220,8584
2022-04-25,5호선,행당,8203,7222,15425
2022-04-25,5호선,화곡,28930,26980,55910
2022-04-25,6호선,고려대,8699,8479,17178
2022-04-25,6호선,공덕,18696,18039,36735
2022-04-25,6호선,광흥창,9175,8801,17976
2022-04-25,6호선,구산,7806,5763,13569
2022-04-25,6호선,녹사평,4422,4304,8726
2022-04-25,6호선,대흥,8219,8513,16732
2022-04-25,6호선,독바위,2727,2828,5555
2022-04-25,6호선,돌곶이,9686,9020,18706
2022-04-25,6호선,동묘앞,7609,7870,15479
2022-04-25,6호선,디지털미디어시티,14534,15790,30324
2022-04-25,6호선,마포구청,14191,12749,26940
2022-04-25,6호선,망원,12869,13587,26456
2022-04-25,6호선,버티고개,2170,2122,4292
2022-04-25,6호선,보문,7365,6754,14119
2022-04-25,6호선,봉화산,9213,8599,17812
2022-04-25,6호선,불광,4238,4167,8405
2022-04-25,6호선,삼각지,6074,5453,11527
2022-04-25,6호선,상수,7744,8741,16485
2022-04-25,6호선,상월곡,6516,5889,12405
2022-04-25,6호선,새절,13672,12716,26388
2022-04-25,6호선,석계,12795,13551,26346
2022-04-25,6호선,신당,7877,8527,16404
2022-04-25,6호선,안암,12825,13178,26003
2022-04-25,6호선,약수,3630,3643,7273
2022-04-25,6호선,역촌,3686,4323,8009
2022-04-25,6호선,연신내,1,0,1
2022-04-25,6호선,월곡,12069,11901,23970
2022-04-25,6호선,월드컵경기장,4203,4520,8723
2022-04-25,6호선,응암,17812,17615,35427
2022-04-25,6호선,이태원,9296,9627,18923
2022-04-25,6호선,증산,10339,10297,20636
2022-04-25,6호선,창신,3767,3165,6932
2022-04-25,6호선,청구,3713,4064,7777
2022-04-25,6호선,태릉입구,5593,6319,11912
2022-04-25,6호선,한강진,6628,7702,14330
2022-04-25,6호선,합정,12287,12517,24804
2022-04-25,6호선,화랑대,12543,9916,22459
2022-04-25,6호선,효창공원앞,7390,6833,14223
2022-04-25,7호선,가산디지털단지,46960,47168,94128
2022-04-25,7호선,강남구청,15906,17532,33438
2022-04-25,7호선,건대입구,12536,13486,26022
2022-04-25,7호선,고속터미널,15797,13196,28993
2022-04-25,7호선,공릉,13281,13046,26327
2022-04-25,7호선,광명사거리,22377,21918,44295
2022-04-25,7호선,군자,15024,12303,27327
2022-04-25,7호선,남구로,16319,17242,33561
2022-04-25,7호선,남성,11373,10687,22060
2022-04-25,7호선,내방,14905,15142,30047
2022-04-25,7호선,노원,18901,19950,38851
2022-04-25,7호선,논현,20970,22853,43823
2022-04-25,7호선,대림,7879,7870,15749
2022-04-25,7호선,도봉산,9838,10933,20771
2022-04-25,7호선,뚝섬유원지,8947,8524,17471
2022-04-25,7호선,마들,13263,12112,25375
2022-04-25,7호선,먹골,10250,10812,21062
2022-04-25,7호선,면목,16799,16197,32996
2022-04-25,7호선,반포,5845,5702,11547
2022-04-25,7호선,보라매,10233,10277,20510
2022-04-25,7호선,사가정,16404,16761,33165
2022-04-25,7호선,상도,11200,10998,22198
2022-04-25,7호선,상봉,16993,15684,32677
2022-04-25,7호선,수락산,12775,12208,24983
2022-04-25,7호선,숭실대입구,15580,16054,31634
2022-04-25,7호선,신대방삼거리,17010,16380,33390
2022-04-25,7호선,신중동,1,0,1
2022-04-25,7호선,신풍,11788,11307,23095
2022-04-25,7호선,어린이대공원,14009,14529,28538
2022-04-25,7호선,온수,11404,10648,22052
2022-04-25,7호선,용마산,6253,5907,12160
2022-04-25,7호선,이수,15385,14974,30359
2022-04-25,7호선,장승배기,9094,9083,18177
2022-04-25,7호선,장암,2318,867,3185
2022-04-25,7호선,중계,15300,14257,29557
2022-04-25,7호선,중곡,11183,10245,21428
2022-04-25,7호선,중화,11084,10734,21818
2022-04-25,7호선,천왕,11852,11349,23201
2022-04-25,7호선,철산,21422,21716,43138
2022-04-25,7호선,청담,19643,21880,41523
2022-04-25,7호선,태릉입구,9082,8706,17788
2022-04-25,7호선,하계,18296,16931,35227
2022-04-25,7호선,학동,24922,26396,51318
2022-04-25,8호선,가락시장,7718,8626,16344
2022-04-25,8호선,강동구청,10590,10839,21429
2022-04-25,8호선,남위례,5036,5180,10216
2022-04-25,8호선,남한산성입구,15782,14693,30475
2022-04-25,8호선,단대오거리,11375,10790,22165
2022-04-25,8호선,모란,4425,3582,8007
2022-04-25,8호선,몽촌토성,6191,6226,12417
2022-04-25,8호선,문정,22346,23713,46059
2022-04-25,8호선,복정,10026,8558,18584
2022-04-25,8호선,산성,5551,5624,11175
2022-04-25,8호선,석촌,7605,8612,16217
2022-04-25,8호선,송파,8383,8265,16648
2022-04-25,8호선,수진,5508,4974,10482
2022-04-25,8호선,신흥,4166,4550,8716
2022-04-25,8호선,암사,19414,17007,36421
2022-04-25,8호선,잠실,12907,15130,28037
2022-04-25,8호선,장지,16972,16474,33446
2022-04-25,8호선,천호,14331,16361,30692
2022-04-25,9호선,가양,21168,20554,41722
2022-04-25,9호선,개화,2710,1847,4557
2022-04-25,9호선,고속터미널,11936,14628,26564
2022-04-25,9호선,공항시장,3105,3332,6437
2022-04-25,9호선,구반포,1326,1400,2726
2022-04-25,9호선,국회의사당,16162,17025,33187
2022-04-25,9호선,김포공항,7160,10193,17353
2022-04-25,9호선,노들,4462,3855,8317
2022-04-25,9호선,노량진,26156,25499,51655
2022-04-25,9호선,당산,18354,18531,36885
2022-04-25,9호선,동작,1981,1629,3610
2022-04-25,9호선,등촌,11603,11113,22716
2022-04-25,9호선,마곡나루,12266,12103,24369
2022-04-25,9호선,사평,3527,3415,6942
2022-04-25,9호선,샛강,5921,6357,12278
2022-04-25,9호선,선유도,9107,8672,17779
2022-04-25,9호선,신논현,31045,30598,61643
2022-04-25,9호선,신목동,4353,3829,8182
2022-04-25,9호선,신반포,3478,3481,6959
2022-04-25,9호선,신방화,7008,6773,13781
2022-04-25,9호선,양천향교,10267,10380,20647
2022-04-25,9호선,여의도,27821,27513,55334
2022-04-25,9호선,염창,17682,17155,34837
2022-04-25,9호선,증미,7500,7345,14845
2022-04-25,9호선,흑석,8796,9023,17819
2022-04-25,9호선2~3단계,둔촌오륜,1194,1082,2276
2022-04-25,9호선2~3단계,봉은사,15573,16036,31609
2022-04-25,9호선2~3단계,삼성중앙,7173,7575,14748
2022-04-25,9호선2~3단계,삼전,6857,6605,13462
2022-04-25,9호선2~3단계,석촌,8488,7436,15924
2022-04-25,9호선2~3단계,석촌고분,6073,5884,11957
2022-04-25,9호선2~3단계,선정릉,10025,11043,21068
2022-04-25,9호선2~3단계,송파나루,4762,5063,9825
2022-04-25,9호선2~3단계,언주,10308,10817,21125
2022-04-25,9호선2~3단계,올림픽공원,6015,6050,12065
2022-04-25,9호선2~3단계,종합운동장,4101,4235,8336
2022-04-25,9호선2~3단계,중앙보훈병원,11137,9855,20992
2022-04-25,9호선2~3단계,한성백제,2551,2313,4864
2022-04-25,경강선,경기광주,7956,7697,15653
2022-04-25,경강선,곤지암,2313,2253,4566
2022-04-25,경강선,부발,2033,2103,4136
2022-04-25,경강선,삼동,2471,2355,4826
2022-04-25,경강선,세종대왕릉,323,303,626
2022-04-25,경강선,신둔도예촌,1662,1508,3170
2022-04-25,경강선,여주,2656,2616,5272
2022-04-25,경강선,이매,1148,1011,2159
2022-04-25,경강선,이천,2592,2707,5299
2022-04-25,경강선,초월,3235,3148,6383
2022-04-25,경강선,판교,4953,4774,9727
2022-04-25,경부선,가산디지털단지,19120,22087,41207
2022-04-25,경부선,관악,7540,6973,14513
2022-04-25,경부선,광명,3569,2962,6531
2022-04-25,경부선,구로,19141,19253,38394
2022-04-25,경부선,군포,7989,8026,16015
2022-04-25,경부선,금정,27648,28421,56069
2022-04-25,경부선,금천구청,12352,12366,24718
2022-04-25,경부선,남영,9561,10225,19786
2022-04-25,경부선,노량진,8003,8260,16263
2022-04-25,경부선,당정,7237,6786,14023
2022-04-25,경부선,대방,13564,13864,27428
2022-04-25,경부선,독산,19281,20090,39371
2022-04-25,경부선,두정,7603,8559,16162
2022-04-25,경부선,명학,10640,10537,21177
2022-04-25,경부선,병점,16557,16695,33252
2022-04-25,경부선,서동탄,1524,1266,2790
2022-04-25,경부선,서울역,6371,1944,8315
2022-04-25,경부선,서정리,7904,7548,15452
2022-04-25,경부선,석수,10138,9059,19197
2022-04-25,경부선,성균관대,15815,16162,31977
2022-04-25,경부선,성환,7045,7080,14125
2022-04-25,경부선,세류,3090,2791,5881
2022-04-25,경부선,세마,2978,2795,5773
2022-04-25,경부선,송탄,4520,4275,8795
2022-04-25,경부선,수원,35806,37242,73048
2022-04-25,경부선,신길,9351,7934,17285
2022-04-25,경부선,신도림,4211,4297,8508
2022-04-25,경부선,안양,28031,27649,55680
2022-04-25,경부선,영등포,35695,36779,72474
2022-04-25,경부선,오산,10473,10610,21083
2022-04-25,경부선,오산대,4243,3876,8119
2022-04-25,경부선,용산,31456,31793,63249
2022-04-25,경부선,의왕,9954,9956,19910
2022-04-25,경부선,직산,866,884,1750
2022-04-25,경부선,진위,1885,1632,3517
2022-04-25,경부선,천안,6585,6597,13182
2022-04-25,경부선,평택,13112,13296,26408
2022-04-25,경부선,평택지제,3689,3594,7283
2022-04-25,경부선,화서,8746,8246,16992
2022-04-25,경원선,가능,7161,6857,14018
2022-04-25,경원선,광운대,9566,9550,19116
2022-04-25,경원선,녹양,4835,4452,9287
2022-04-25,경원선,녹천,4955,4123,9078
2022-04-25,경원선,덕계,3677,3222,6899
2022-04-25,경원선,덕정,6744,6628,13372
2022-04-25,경원선,도봉,6199,6010,12209
2022-04-25,경원선,도봉산,7554,4998,12552
2022-04-25,경원선,동두천,2725,2957,5682
2022-04-25,경원선,동두천중앙,3561,3448,7009
2022-04-25,경원선,망월사,9954,9943,19897
2022-04-25,경원선,방학,10031,9990,20021
2022-04-25,경원선,보산,1657,1408,3065
2022-04-25,경원선,서빙고,1920,1750,3670
2022-04-25,경원선,석계,8632,9592,18224
2022-04-25,경원선,소요산,2574,2087,4661
2022-04-25,경원선,신이문,8675,7899,16574
2022-04-25,경원선,양주,8418,7857,16275
2022-04-25,경원선,옥수,56,49,105
2022-04-25,경원선,왕십리,13587,14803,28390
2022-04-25,경원선,외대앞,8244,8293,16537
2022-04-25,경원선,월계,8800,8092,16892
2022-04-25,경원선,응봉,2011,1664,3675
2022-04-25,경원선,의정부,18482,18938,37420
2022-04-25,경원선,이촌,3906,3017,6923
2022-04-25,경원선,지행,7050,6999,14049
2022-04-25,경원선,청량리,14743,15343,30086
2022-04-25,경원선,한남,4189,4011,8200
2022-04-25,경원선,회룡,12999,12970,25969
2022-04-25,경의선,가좌,6004,5661,11665
2022-04-25,경의선,강매,3511,3039,6550
2022-04-25,경의선,계양,1,0,1
2022-04-25,경의선,곡산,688,742,1430
2022-04-25,경의선,공덕,3608,3250,6858
2022-04-25,경의선,금릉,5135,4930,10065
2022-04-25,경의선,금촌,6711,6655,13366
2022-04-25,경의선,능곡,4125,3784,7909
2022-04-25,경의선,디지털미디어시티,2684,2484,5168
2022-04-25,경의선,문산,5190,5129,10319
2022-04-25,경의선,백마,7392,7025,14417
2022-04-25,경의선,서강대,2082,2051,4133
2022-04-25,경의선,서울역,4625,5998,10623
2022-04-25,경의선,수색,3010,3109,6119
2022-04-25,경의선,신촌,884,1158,2042
2022-04-25,경의선,야당,7744,7661,15405
2022-04-25,경의선,운정,7422,6867,14289
2022-04-25,경의선,월롱,3135,3062,6197
2022-04-25,경의선,일산,10215,9936,20151
2022-04-25,경의선,임진강,12,4,16
2022-04-25,경의선,탄현,8236,7739,15975
2022-04-25,경의선,파주,1774,1363,3137
2022-04-25,경의선,풍산,5793,5309,11102
2022-04-25,경의선,행신,8312,8464,16776
2022-04-25,경의선,홍대입구,1602,1825,3427
2022-04-25,경의선,화전,3641,3453,7094
2022-04-25,경의선,효창공원앞,3184,3536,6720
2022-04-25,경인선,간석,6190,5661,11851
2022-04-25,경인선,개봉,21916,21522,43438
2022-04-25,경인선,구일,7791,7584,15375
2022-04-25,경인선,도원,3397,3348,6745
2022-04-25,경인선,도화,4470,4093,8563
2022-04-25,경인선,동암,14772,14782,29554
2022-04-25,경인선,동인천,13887,13155,27042
2022-04-25,경인선,백운,7270,7152,14422
2022-04-25,경인선,부개,9027,8465,17492
2022-04-25,경인선,부천,33651,33526,67177
2022-04-25,경인선,부평,28219,30082,58301
2022-04-25,경인선,소사,9497,9039,18536
2022-04-25,경인선,송내,28063,28378,56441
2022-04-25,경인선,역곡,28911,28652,57563
2022-04-25,경인선,오류동,12145,11270,23415
2022-04-25,경인선,온수,7387,7148,14535
2022-04-25,경인선,인천,3515,2504,6019
2022-04-25,경인선,제물포,11632,11225,22857
2022-04-25,경인선,주안,20094,18350,38444
2022-04-25,경인선,중동,10032,9288,19320
2022-04-25,경춘선,가평,1778,1665,3443
2022-04-25,경춘선,갈매,3112,2723,5835
2022-04-25,경춘선,강촌,503,519,1022
2022-04-25,경춘선,굴봉산,197,179,376
2022-04-25,경춘선,금곡,1682,1602,3284
2022-04-25,경춘선,김유정,340,334,674
2022-04-25,경춘선,남춘천,2594,2905,5499
2022-04-25,경춘선,대성리,565,494,1059
2022-04-25,경춘선,마석,4336,4233,8569
2022-04-25,경춘선,백양리,98,82,180
2022-04-25,경춘선,별내,3410,3109,6519
2022-04-25,경춘선,사릉,2809,2641,5450
2022-04-25,경춘선,상천,373,347,720
2022-04-25,경춘선,신내,2371,2243,4614
2022-04-25,경춘선,천마산,1851,1727,3578
2022-04-25,경춘선,청평,1694,1673,3367
2022-04-25,경춘선,춘천,1608,1656,3264
2022-04-25,경춘선,퇴계원,3802,3398,7200
2022-04-25,경춘선,평내호평,6770,6530,13300
2022-04-25,공항철도,검암,6700,6554,13254
2022-04-25,공항철도,계양,11099,10207,21306
2022-04-25,공항철도,공덕,2302,2897,5199
2022-04-25,공항철도,공항화물청사,2289,2501,4790
2022-04-25,공항철도,김포공항,11894,6692,18586
2022-04-25,공항철도,디지털미디어시티,14487,13416,27903
2022-04-25,공항철도,마곡나루,9627,9298,18925
2022-04-25,공항철도,서울역,7808,7468,15276
2022-04-25,공항철도,영종,3255,3113,6368
2022-04-25,공항철도,운서,6932,6805,13737
2022-04-25,공항철도,인천공항1터미널,4409,4217,8626
2022-04-25,공항철도,인천공항2터미널,2910,2490,5400
2022-04-25,공항철도,청라국제도시,7158,6617,13775
2022-04-25,공항철도,홍대입구,8313,8597,16910
2022-04-25,과천선,경마공원,948,908,1856
2022-04-25,과천선,과천,6374,5842,12216
2022-04-25,과천선,대공원,3117,3158,6275
2022-04-25,과천선,범계,26355,26277,52632
2022-04-25,과천선,선바위,8555,7652,16207
2022-04-25,과천선,인덕원,24872,25760,50632
2022-04-25,과천선,정부과천청사,10842,10700,21542
2022-04-25,과천선,평촌,18361,17917,36278
2022-04-25,분당선,가천대,11784,12971,24755
2022-04-25,분당선,강남구청,9940,11640,21580
2022-04-25,분당선,개포동,4194,4204,8398
2022-04-25,분당선,구룡,2499,2381,4880
2022-04-25,분당선,구성,5293,5488,10781
2022-04-25,분당선,기흥,10519,9541,20060
2022-04-25,분당선,대모산입구,4600,4253,8853
2022-04-25,분당선,도곡,7094,7200,14294
2022-04-25,분당선,망포,14759,14057,28816
2022-04-25,분당선,매교,3286,3291,6577
2022-04-25,분당선,매탄권선,5297,5165,10462
2022-04-25,분당선,모란,20277,20584,40861
2022-04-25,분당선,미금,15760,16846,32606
2022-04-25,분당선,보정,2755,2361,5116
2022-04-25,분당선,상갈,5644,5521,11165
2022-04-25,분당선,서울숲,11249,11587,22836
2022-04-25,분당선,서현,23657,23924,47581
2022-04-25,분당선,선릉,13863,21307,35170
2022-04-25,분당선,선정릉,8431,9079,17510
2022-04-25,분당선,수내,13138,13189,26327
2022-04-25,분당선,수서,14086,14072,28158
2022-04-25,분당선,수원,8312,6949,15261
2022-04-25,분당선,수원시청,12804,13596,26400
2022-04-25,분당선,신갈,4692,4687,9379
2022-04-25,분당선,압구정로데오,16584,18370,34954
2022-04-25,분당선,야탑,25877,27072,52949
2022-04-25,분당선,영통,8275,8622,16897
2022-04-25,분당선,오리,11978,9858,21836
2022-04-25,분당선,이매,5944,5545,11489
2022-04-25,분당선,정자,17625,18561,36186
2022-04-25,분당선,죽전,14032,15620,29652
2022-04-25,분당선,청명,4438,4382,8820
2022-04-25,분당선,태평,13578,13147,26725
2022-04-25,분당선,한티,14014,14925,28939
2022-04-25,수인선,고색,5052,4741,9793
2022-04-25,수인선,남동인더스파크,2260,2561,4821
2022-04-25,수인선,달월,113,72,185
2022-04-25,수인선,사리,5111,4581,9692
2022-04-25,수인선,소래포구,5542,5135,10677
2022-04-25,수인선,송도,2591,2383,4974
2022-04-25,수인선,숭의,4222,3896,8118
2022-04-25,수인선,신포,1866,1951,3817
2022-04-25,수인선,야목,420,314,734
2022-04-25,수인선,어천,740,778,1518
2022-04-25,수인선,연수,4719,4703,9422
2022-04-25,수인선,오목천,4129,3810,7939
2022-04-25,수인선,원인재,4594,4730,9324
2022-04-25,수인선,월곶,2852,2598,5450
2022-04-25,수인선,인천,1025,1713,2738
2022-04-25,수인선,인천논현,5755,6197,11952
2022-04-25,수인선,인하대,7836,7695,15531
2022-04-25,수인선,호구포,4274,4403,8677
2022-04-25,안산선,고잔,9596,8708,18304
2022-04-25,안산선,대야미,5294,4855,10149
2022-04-25,안산선,반월,4565,4390,8955
2022-04-25,안산선,산본,16410,17443,33853
2022-04-25,안산선,상록수,17193,17471,34664
2022-04-25,안산선,수리산,5888,5308,11196
2022-04-25,안산선,신길온천,1943,1754,3697
2022-04-25,안산선,안산,12130,11039,23169
2022-04-25,안산선,오이도,8901,8438,17339
2022-04-25,안산선,정왕,10705,11242,21947
2022-04-25,안산선,중앙,18645,19280,37925
2022-04-25,안산선,초지,5468,5819,11287
2022-04-25,안산선,한대앞,10452,10716,21168
2022-04-25,우이신설선,4.19민주묘지,3638,3649,7287
2022-04-25,우이신설선,가오리,4314,4174,8488
2022-04-25,우이신설선,보문,1545,1618,3163
2022-04-25,우이신설선,북한산보국문,5947,5723,11670
2022-04-25,우이신설선,북한산우이,2739,2502,5241
2022-04-25,우이신설선,삼양,2090,2166,4256
2022-04-25,우이신설선,삼양사거리,2526,2561,5087
2022-04-25,우이신설선,성신여대입구,3237,3475,6712
2022-04-25,우이신설선,솔밭공원,2545,2471,5016
2022-04-25,우이신설선,솔샘,6030,5608,11638
2022-04-25,우이신설선,신설동,2258,2102,4360
2022-04-25,우이신설선,정릉,4912,4435,9347
2022-04-25,우이신설선,화계,3541,3268,6809
2022-04-25,일산선,대곡,2248,1790,4038
2022-04-25,일산선,대화,12996,10260,23256
2022-04-25,일산선,마두,7877,8052,15929
2022-04-25,일산선,백석,9753,9747,19500
2022-04-25,일산선,삼송,20107,19479,39586
2022-04-25,일산선,원당,11635,10895,22530
2022-04-25,일산선,원흥,11080,10663,21743
2022-04-25,일산선,정발산,8853,8942,17795
2022-04-25,일산선,주엽,9267,9231,18498
2022-04-25,일산선,화정,17006,17242,34248
2022-04-25,장항선,배방,1260,1193,2453
2022-04-25,장항선,봉명,1351,1343,2694
2022-04-25,장항선,신창,2834,3527,6361
2022-04-25,장항선,쌍용,3036,2994,6030
2022-04-25,장항선,아산,4077,3405,7482
2022-04-25,장항선,온양온천,3939,3923,7862
2022-04-25,장항선,탕정,873,762,1635
2022-04-25,중앙선,구리,13761,13921,27682
2022-04-25,중앙선,국수,849,857,1706
2022-04-25,중앙선,덕소,5911,5854,11765
2022-04-25,중앙선,도농,11276,10150,21426
2022-04-25,중앙선,도심,2605,2074,4679
2022-04-25,중앙선,망우,7821,7811,15632
2022-04-25,중앙선,상봉,5878,5815,11693
2022-04-25,중앙선,신원,235,204,439
2022-04-25,중앙선,아신,575,535,1110
2022-04-25,중앙선,양수,2005,2032,4037
2022-04-25,중앙선,양원,3117,3026,6143
2022-04-25,중앙선,양정,800,649,1449
2022-04-25,중앙선,양평,2972,2932,5904
2022-04-25,중앙선,오빈,351,336,687
2022-04-25,중앙선,용문,3707,3578,7285
2022-04-25,중앙선,운길산,873,832,1705
2022-04-25,중앙선,원덕,443,412,855
2022-04-25,중앙선,중랑,5863,5550,11413
2022-04-25,중앙선,지평,84,84,168
2022-04-25,중앙선,팔당,884,923,1807
2022-04-25,중앙선,회기,24945,24539,49484
2022-04-26,1호선,동대문,11219,10476,21695
2022-04-26,1호선,동묘앞,8130,8680,16810
2022-04-26,1호선,서울역,42381,41142,83523
2022-04-26,1호선,시청,23658,23877,47535
2022-04-26,1호선,신설동,13931,13783,27714
2022-04-26,1호선,제기동,17711,17913,35624
2022-04-26,1호선,종각,35305,34994,70299
2022-04-26,1호선,종로3가,25090,22982,48072
2022-04-26,1호선,종로5가,22922,22832,45754
2022-04-26,1호선,청량리,20382,20091,40473
2022-04-26,2호선,강남,83830,83960,167790
2022-04-26,2호선,강변,29301,27546,56847
2022-04-26,2호선,건대입구,36203,38985,75188
2022-04-26,2호선,교대,35766,40543,76309
2022-04-26,2호선,구로디지털단지,60739,60861,121600
2022-04-26,2호선,구의,24263,23779,48042
2022-04-26,2호선,낙성대,28024,27280,55304
2022-04-26,2호선,당산,19671,22883,42554
2022-04-26,2호선,대림,24667,25170,49837
2022-04-26,2호선,도림천,1446,1463,2909
2022-04-26,2호선,동대문역사문화공원,11671,13046,24717
2022-04-26,2호선,뚝섬,22856,24739,47595
2022-04-26,2호선,문래,23089,23526,46615
2022-04-26,2호선,방배,19876,20515,40391
2022-04-26,2호선,봉천,24797,22669,47466
2022-04-26,2호선,사당,37910,42348,80258
2022-04-26,2호선,삼성,52285,53168,105453
2022-04-26,2호선,상왕십리,14773,14048,28821
2022-04-26,2호선,서울대입구,49575,48258,97833
2022-04-26,2호선,서초,22439,21882,44321
2022-04-26,2호선,선릉,59363,52993,112356
2022-04-26,2호선,성수,37872,41842,79714
2022-04-26,2호선,시청,24215,24009,48224
2022-04-26,2호선,신답,1725,1945,3670
2022-04-26,2호선,신당,15264,15700,30964
2022-04-26,2호선,신대방,27669,26817,54486
2022-04-26,2호선,신도림,47524,47436,94960
2022-04-26,2호선,신림,64286,61804,126090
2022-04-26,2호선,신설동,3275,3251,6526
2022-04-26,2호선,신정네거리,10615,10962,21577
2022-04-26,2호선,신촌,32364,33323,65687
2022-04-26,2호선,아현,11050,10473,21523
2022-04-26,2호선,양천구청,7028,7306,14334
2022-04-26,2호선,역삼,53560,61187,114747
2022-04-26,2호선,영등포구청,23073,24157,47230
2022-04-26,2호선,왕십리,17107,13465,30572
2022-04-26,2호선,용답,3083,3133,6216
2022-04-26,2호선,용두,2387,2445,4832
2022-04-26,2호선,을지로3가,23129,23692,46821
2022-04-26,2호선,을지로4가,13366,13528,26894
2022-04-26,2호선,을지로입구,39507,41638,81145
2022-04-26,2호선,이대,13965,14845,28810
2022-04-26,2호선,잠실,70006,69398,139404
2022-04-26,2호선,잠실나루,15338,15025,30363
2022-04-26,2호선,잠실새내,21747,21634,43381
2022-04-26,2호선,종합운동장,9481,10371,19852
2022-04-26,2호선,충정로,10397,11016,21413
2022-04-26,2호선,한양대,14460,16019,30479
2022-04-26,2호선,합정,30306,32128,62434
2022-04-26,2호선,홍대입구,52163,55069,107232
2022-04-26,3호선,가락시장,9226,8981,18207
2022-04-26,3호선,경복궁,20621,20406,41027
2022-04-26,3호선,경찰병원,7537,7546,15083
2022-04-26,3호선,고속터미널,38306,36627,74933
2022-04-26,3호선,교대,15279,10014,25293
2022-04-26,3호선,구파발,21426,20391,41817
2022-04-26,3호선,금호,8128,7542,15670
2022-04-26,3호선,남부터미널,29425,29962,59387
2022-04-26,3호선,녹번,16434,14596,31030
2022-04-26,3호선,대청,10547,9490,20037
2022-04-26,3호선,대치,10841,10869,21710
2022-04-26,3호선,도곡,5416,5530,10946
2022-04-26,3호선,독립문,7268,7637,14905
2022-04-26,3호선,동대입구,9311,10169,19480
2022-04-26,3호선,매봉,12936,12464,25400
2022-04-26,3호선,무악재,4091,4195,8286
2022-04-26,3호선,불광,16505,17498,34003
2022-04-26,3호선,수서,17145,17506,34651
2022-04-26,3호선,신사,31077,32764,63841
2022-04-26,3호선,안국,21452,22710,44162
2022-04-26,3호선,압구정,32558,35030,67588
2022-04-26,3호선,약수,13387,13213,26600
2022-04-26,3호선,양재,39570,43437,83007
2022-04-26,3호선,연신내,37680,35384,73064
2022-04-26,3호선,오금,6537,5979,12516
2022-04-26,3호선,옥수,9255,9420,18675
2022-04-26,3호선,을지로3가,11007,11209,22216
2022-04-26,3호선,일원,10877,10481,21358
2022-04-26,3호선,잠원,5026,4920,9946
2022-04-26,3호선,종로3가,10070,11505,21575
2022-04-26,3호선,지축,5212,5012,10224
2022-04-26,3호선,충무로,1,0,1
2022-04-26,3호선,학여울,1905,1969,3874
2022-04-26,3호선,홍제,18538,17541,36079
2022-04-26,4호선,길음,22549,22105,44654
2022-04-26,4호선,남태령,1293,1173,2466
2022-04-26,4호선,노원,19486,21641,41127
2022-04-26,4호선,당고개,9357,8457,17814
2022-04-26,4호선,동대문,20564,20918,41482
2022-04-26,4호선,동대문역사문화공원,13966,12878,26844
2022-04-26,4호선,동작,1646,1802,3448
2022-04-26,4호선,명동,18959,19782,38741
2022-04-26,4호선,미아,15810,15290,31100
2022-04-26,4호선,미아사거리,28154,27282,55436
2022-04-26,4호선,사당,26472,22262,48734
2022-04-26,4호선,삼각지,5093,5656,10749
2022-04-26,4호선,상계,20871,19067,39938
2022-04-26,4호선,서울역,11556,16230,27786
2022-04-26,4호선,성신여대입구,21346,20593,41939
2022-04-26,4호선,수유,34558,34717,69275
2022-04-26,4호선,숙대입구,15062,14392,29454
2022-04-26,4호선,신용산,16260,17580,33840
2022-04-26,4호선,쌍문,30182,27775,57957
2022-04-26,4호선,이촌,7998,8963,16961
2022-04-26,4호선,창동,26216,27825,54041
2022-04-26,4호선,총신대입구,19495,20891,40386
2022-04-26,4호선,충무로,29198,30062,59260
2022-04-26,4호선,한성대입구,14467,14028,28495
2022-04-26,4호선,혜화,33587,33830,67417
2022-04-26,4호선,회현,25928,27596,53524
2022-04-26,5호선,강동,19035,18381,37416
2022-04-26,5호선,강일,4398,4154,8552
2022-04-26,5호선,개롱,6655,6916,13571
2022-04-26,5호선,개화산,6020,5710,11730
2022-04-26,5호선,거여,10920,10397,21317
2022-04-26,5호선,고덕,10269,10132,20401
2022-04-26,5호선,공덕,14885,15830,30715
2022-04-26,5호선,광나루,14201,13055,27256
2022-04-26,5호선,광화문,30348,32584,62932
2022-04-26,5호선,군자,11426,12699,24125
2022-04-26,5호선,굽은다리,9804,9180,18984
2022-04-26,5호선,길동,8341,8462,16803
2022-04-26,5호선,김포공항,7111,6916,14027
2022-04-26,5호선,까치산,29796,28379,58175
2022-04-26,5호선,답십리,16362,14864,31226
2022-04-26,5호선,동대문역사문화공원,3049,3593,6642
2022-04-26,5호선,둔촌동,8513,8449,16962
2022-04-26,5호선,마곡,11126,11257,22383
2022-04-26,5호선,마장,6011,5636,11647
2022-04-26,5호선,마천,7558,7158,14716
2022-04-26,5호선,마포,15086,15402,30488
2022-04-26,5호선,명일,8950,9188,18138
2022-04-26,5호선,목동,17395,18619,36014
2022-04-26,5호선,미사,16712,16484,33196
2022-04-26,5호선,발산,21915,22418,44333
2022-04-26,5호선,방이,7422,7575,14997
2022-04-26,5호선,방화,7160,6684,13844
2022-04-26,5호선,상일동,15467,14436,29903
2022-04-26,5호선,서대문,20828,21297,42125
2022-04-26,5호선,송정,6763,6327,13090
2022-04-26,5호선,신금호,6928,7063,13991
2022-04-26,5호선,신길,4321,4405,8726
2022-04-26,5호선,신정,14341,11711,26052
2022-04-26,5호선,아차산,15640,14521,30161
2022-04-26,5호선,애오개,7231,7250,14481
2022-04-26,5호선,양평,7886,7648,15534
2022-04-26,5호선,여의나루,13451,14445,27896
2022-04-26,5호선,여의도,29425,31538,60963
2022-04-26,5호선,영등포구청,4261,4384,8645
2022-04-26,5호선,영등포시장,10384,10569,20953
2022-04-26,5호선,오금,3971,4082,8053
2022-04-26,5호선,오목교,21521,23331,44852
2022-04-26,5호선,올림픽공원,4648,3941,8589
2022-04-26,5호선,왕십리,4520,5221,9741
2022-04-26,5호선,우장산,15594,15202,30796
2022-04-26,5호선,을지로4가,6426,6590,13016
2022-04-26,5호선,장한평,19037,18906,37943
2022-04-26,5호선,종로3가,12301,12551,24852
2022-04-26,5호선,천호,18064,18125,36189
2022-04-26,5호선,청구,4249,3783,8032
2022-04-26,5호선,충정로,5172,5371,10543
2022-04-26,5호선,하남검단산,5894,5666,11560
2022-04-26,5호선,하남시청,7083,6784,13867
2022-04-26,5호선,하남풍산,4561,4523,9084
2022-04-26,5호선,행당,8454,7483,15937
2022-04-26,5호선,화곡,29402,27201,56603
2022-04-26,6호선,고려대,8839,8772,17611
2022-04-26,6호선,공덕,19280,18648,37928
2022-04-26,6호선,광흥창,9520,9144,18664
2022-04-26,6호선,구산,8013,5791,13804
2022-04-26,6호선,녹사평,4746,4763,9509
2022-04-26,6호선,대흥,8660,8850,17510
2022-04-26,6호선,독바위,2817,2908,5725
2022-04-26,6호선,돌곶이,9818,8968,18786
2022-04-26,6호선,동묘앞,7874,8033,15907
2022-04-26,6호선,디지털미디어시티,14662,16111,30773
2022-04-26,6호선,마포구청,14769,13152,27921
2022-04-26,6호선,망원,13586,14674,28260
2022-04-26,6호선,버티고개,2118,2135,4253
2022-04-26,6호선,보문,7659,7008,14667
2022-04-26,6호선,봉화산,9539,8799,18338
2022-04-26,6호선,불광,4304,4393,8697
2022-04-26,6호선,삼각지,6560,5612,12172
2022-04-26,6호선,상수,8487,9866,18353
2022-04-26,6호선,상월곡,6480,5816,12296
2022-04-26,6호선,새절,13978,12943,26921
2022-04-26,6호선,석계,13149,13686,26835
2022-04-26,6호선,신당,8923,9482,18405
2022-04-26,6호선,안암,13385,13440,26825
2022-04-26,6호선,약수,3606,3676,7282
2022-04-26,6호선,역촌,3780,4416,8196
2022-04-26,6호선,월곡,12167,12001,24168
2022-04-26,6호선,월드컵경기장,4507,4696,9203
2022-04-26,6호선,응암,18253,17870,36123
2022-04-26,6호선,이태원,9861,10378,20239
2022-04-26,6호선,증산,10516,10234,20750
2022-04-26,6호선,창신,3814,3192,7006
2022-04-26,6호선,청구,3773,4092,7865
2022-04-26,6호선,태릉입구,5792,6538,12330
2022-04-26,6호선,한강진,7604,8923,16527
2022-04-26,6호선,합정,12826,12746,25572
2022-04-26,6호선,화랑대,13244,10848,24092
2022-04-26,6호선,효창공원앞,7755,7082,14837
2022-04-26,7호선,가산디지털단지,46895,47589,94484
2022-04-26,7호선,강남구청,16688,18725,35413
2022-04-26,7호선,건대입구,12962,13831,26793
2022-04-26,7호선,고속터미널,14956,13184,28140
2022-04-26,7호선,공릉,13773,13564,27337
2022-04-26,7호선,광명사거리,22571,22197,44768
2022-04-26,7호선,군자,15756,12239,27995
2022-04-26,7호선,남구로,16191,17205,33396
2022-04-26,7호선,남성,11955,10983,22938
2022-04-26,7호선,내방,15080,15436,30516
2022-04-26,7호선,노원,19589,20717,40306
2022-04-26,7호선,논현,21243,23122,44365
2022-04-26,7호선,대림,8056,8037,16093
2022-04-26,7호선,도봉산,9953,11424,21377
2022-04-26,7호선,뚝섬유원지,11093,10602,21695
2022-04-26,7호선,마들,13232,12583,25815
2022-04-26,7호선,먹골,10586,10254,20840
2022-04-26,7호선,면목,17187,16642,33829
2022-04-26,7호선,반포,5971,5785,11756
2022-04-26,7호선,보라매,10477,10658,21135
2022-04-26,7호선,사가정,16977,16970,33947
2022-04-26,7호선,상도,11725,11279,23004
2022-04-26,7호선,상봉,17297,16153,33450
2022-04-26,7호선,수락산,13041,12658,25699
2022-04-26,7호선,숭실대입구,16184,16407,32591
2022-04-26,7호선,신대방삼거리,17539,16591,34130
2022-04-26,7호선,신풍,12179,11554,23733
2022-04-26,7호선,어린이대공원,15272,15750,31022
2022-04-26,7호선,온수,11642,10831,22473
2022-04-26,7호선,용마산,6317,6121,12438
2022-04-26,7호선,이수,16094,15656,31750
2022-04-26,7호선,장승배기,9313,9058,18371
2022-04-26,7호선,장암,2445,897,3342
2022-04-26,7호선,중계,15684,14190,29874
2022-04-26,7호선,중곡,11459,10403,21862
2022-04-26,7호선,중화,11268,11023,22291
2022-04-26,7호선,천왕,12172,11538,23710
2022-04-26,7호선,철산,21861,22095,43956
2022-04-26,7호선,청담,20152,22874,43026
2022-04-26,7호선,태릉입구,9466,8912,18378
2022-04-26,7호선,하계,18962,17753,36715
2022-04-26,7호선,학동,25153,27257,52410
2022-04-26,8호선,가락시장,7807,8686,16493
2022-04-26,8호선,강동구청,10804,11196,22000
2022-04-26,8호선,남위례,5150,5342,10492
2022-04-26,8호선,남한산성입구,16274,15089,31363
2022-04-26,8호선,단대오거리,11621,10902,22523
2022-04-26,8호선,모란,4467,3623,8090
2022-04-26,8호선,몽촌토성,6284,6391,12675
2022-04-26,8호선,문정,22997,24259,47256
2022-04-26,8호선,복정,10636,8795,19431
2022-04-26,8호선,산성,5865,5889,11754
2022-04-26,8호선,석촌,7898,8991,16889
2022-04-26,8호선,송파,8617,8510,17127
2022-04-26,8호선,수진,5581,5042,10623
2022-04-26,8호선,신흥,4253,4499,8752
2022-04-26,8호선,암사,19633,17173,36806
2022-04-26,8호선,잠실,13691,16561,30252
2022-04-26,8호선,장지,17835,16829,34664
2022-04-26,8호선,천호,14599,17012,31611
2022-04-26,9호선,가양,21620,20832,42452
2022-04-26,9호선,개화,2690,1900,4590
2022-04-26,9호선,고속터미널,12548,14937,27485
2022-04-26,9호선,공항시장,3093,3290,6383
2022-04-26,9호선,구반포,1300,1392,2692
2022-04-26,9호선,국회의사당,16278,17214,33492
2022-04-26,9호선,김포공항,7198,10229,17427
2022-04-26,9호선,노들,4663,3931,8594
2022-04-26,9호선,노량진,26464,25509,51973
2022-04-26,9호선,당산,19177,19047,38224
2022-04-26,9호선,동작,1994,1671,3665
2022-04-26,9호선,등촌,11672,11143,22815
2022-04-26,9호선,마곡나루,12841,12660,25501
2022-04-26,9호선,사평,3978,3705,7683
2022-04-26,9호선,샛강,6268,6583,12851
2022-04-26,9호선,선유도,9303,8904,18207
2022-04-26,9호선,신논현,32229,32449,64678
2022-04-26,9호선,신목동,4430,3821,8251
2022-04-26,9호선,신반포,3519,3556,7075
2022-04-26,9호선,신방화,7142,6816,13958
2022-04-26,9호선,양천향교,10283,10482,20765
2022-04-26,9호선,여의도,28366,28183,56549
2022-04-26,9호선,염창,18188,17215,35403
2022-04-26,9호선,증미,7573,7222,14795
2022-04-26,9호선,흑석,9187,9438,18625
2022-04-26,9호선2~3단계,둔촌오륜,1201,1061,2262
2022-04-26,9호선2~3단계,봉은사,16623,17084,33707
2022-04-26,9호선2~3단계,삼성중앙,7149,7699,14848
2022-04-26,9호선2~3단계,삼전,7055,6595,13650
2022-04-26,9호선2~3단계,석촌,8709,7759,16468
2022-04-26,9호선2~3단계,석촌고분,6136,6049,12185
2022-04-26,9호선2~3단계,선정릉,10419,11402,21821
2022-04-26,9호선2~3단계,송파나루,4987,5349,10336
2022-04-26,9호선2~3단계,언주,10760,11214,21974
2022-04-26,9호선2~3단계,올림픽공원,6336,6193,12529
2022-04-26,9호선2~3단계,종합운동장,4277,4424,8701
2022-04-26,9호선2~3단계,중앙보훈병원,11264,10089,21353
2022-04-26,9호선2~3단계,한성백제,2584,2375,4959
2022-04-26,경강선,경기광주,8117,7669,15786
2022-04-26,경강선,곤지암,2350,2335,4685
2022-04-26,경강선,부발,2021,2083,4104
2022-04-26,경강선,삼동,2564,2374,4938
2022-04-26,경강선,세종대왕릉,331,317,648
2022-04-26,경강선,신둔도예촌,1769,1520,3289
2022-04-26,경강선,여주,2532,2549,5081
2022-04-26,경강선,이매,1153,1032,2185
2022-04-26,경강선,이천,2524,2654,5178
2022-04-26,경강선,초월,3328,3132,6460
2022-04-26,경강선,판교,4871,4888,9759
2022-04-26,경부선,가산디지털단지,19433,22488,41921
2022-04-26,경부선,관악,7843,7249,15092
2022-04-26,경부선,광명,3379,2883,6262
2022-04-26,경부선,구로,18891,19500,38391
2022-04-26,경부선,군포,8126,8028,16154
2022-04-26,경부선,금정,28092,28553,56645
2022-04-26,경부선,금천구청,12603,12573,25176
2022-04-26,경부선,남영,9928,10687,20615
2022-04-26,경부선,노량진,8267,8502,16769
2022-04-26,경부선,당정,7415,7055,14470
2022-04-26,경부선,대방,13820,14007,27827
2022-04-26,경부선,독산,19681,20416,40097
2022-04-26,경부선,두정,7647,8378,16025
2022-04-26,경부선,명학,11264,11170,22434
2022-04-26,경부선,병점,16684,16754,33438
2022-04-26,경부선,서동탄,1463,1325,2788
2022-04-26,경부선,서울역,5399,1800,7199
2022-04-26,경부선,서정리,7739,7432,15171
2022-04-26,경부선,석수,10336,9168,19504
2022-04-26,경부선,성균관대,15897,15730,31627
2022-04-26,경부선,성환,6792,6550,13342
2022-04-26,경부선,세류,3170,2786,5956
2022-04-26,경부선,세마,2946,2813,5759
2022-04-26,경부선,송탄,4527,4255,8782
2022-04-26,경부선,수원,36838,39076,75914
2022-04-26,경부선,신길,9584,7367,16951
2022-04-26,경부선,신도림,4309,4282,8591
2022-04-26,경부선,안양,28248,27989,56237
2022-04-26,경부선,영등포,36560,37663,74223
2022-04-26,경부선,오산,10469,10389,20858
2022-04-26,경부선,오산대,4506,4150,8656
2022-04-26,경부선,용산,31337,32123,63460
2022-04-26,경부선,의왕,10084,9908,19992
2022-04-26,경부선,직산,833,840,1673
2022-04-26,경부선,진위,1781,1558,3339
2022-04-26,경부선,천안,6823,6412,13235
2022-04-26,경부선,평택,12935,13064,25999
2022-04-26,경부선,평택지제,3479,3380,6859
2022-04-26,경부선,화서,8872,8537,17409
2022-04-26,경원선,가능,7179,6853,14032
2022-04-26,경원선,광운대,9570,9336,18906
2022-04-26,경원선,녹양,4942,4626,9568
2022-04-26,경원선,녹천,4968,4094,9062
2022-04-26,경원선,덕계,3709,3269,6978
2022-04-26,경원선,덕정,7007,6648,13655
2022-04-26,경원선,도봉,6405,6080,12485
2022-04-26,경원선,도봉산,8141,5492,13633
2022-04-26,경원선,동두천,2665,2961,5626
2022-04-26,경원선,동두천중앙,3351,3184,6535
2022-04-26,경원선,망월사,10178,10079,20257
2022-04-26,경원선,방학,10280,10111,20391
2022-04-26,경원선,보산,1607,1420,3027
2022-04-26,경원선,서빙고,2159,2001,4160
2022-04-26,경원선,석계,8742,9623,18365
2022-04-26,경원선,소요산,2890,2413,5303
2022-04-26,경원선,신이문,8694,8062,16756
2022-04-26,경원선,양주,8350,7910,16260
2022-04-26,경원선,옥수,45,39,84
2022-04-26,경원선,왕십리,14251,15807,30058
2022-04-26,경원선,외대앞,8410,8253,16663
2022-04-26,경원선,월계,9063,8403,17466
2022-04-26,경원선,응봉,2038,1729,3767
2022-04-26,경원선,의정부,18822,19477,38299
2022-04-26,경원선,이촌,4062,3017,7079
2022-04-26,경원선,지행,7201,7217,14418
2022-04-26,경원선,청량리,14637,15478,30115
2022-04-26,경원선,한남,4117,3912,8029
2022-04-26,경원선,회룡,13367,13254,26621
2022-04-26,경의선,가좌,5876,5526,11402
2022-04-26,경의선,강매,3514,3047,6561
2022-04-26,경의선,곡산,733,807,1540
2022-04-26,경의선,공덕,3673,3290,6963
2022-04-26,경의선,금릉,5099,4976,10075
2022-04-26,경의선,금촌,6987,6967,13954
2022-04-26,경의선,능곡,4191,3846,8037
2022-04-26,경의선,디지털미디어시티,2720,2490,5210
2022-04-26,경의선,문산,5308,5202,10510
2022-04-26,경의선,백마,7445,7113,14558
2022-04-26,경의선,서강대,2138,2166,4304
2022-04-26,경의선,서울역,4585,5919,10504
2022-04-26,경의선,수색,3013,3223,6236
2022-04-26,경의선,신촌,880,1223,2103
2022-04-26,경의선,야당,8196,8031,16227
2022-04-26,경의선,운정,7444,6881,14325
2022-04-26,경의선,월롱,3244,3057,6301
2022-04-26,경의선,일산,10234,10018,20252
2022-04-26,경의선,임진강,13,6,19
2022-04-26,경의선,탄현,8276,7876,16152
2022-04-26,경의선,파주,1761,1300,3061
2022-04-26,경의선,풍산,6016,5573,11589
2022-04-26,경의선,행신,8349,8479,16828
2022-04-26,경의선,홍대입구,1656,1962,3618
2022-04-26,경의선,화전,3678,3379,7057
2022-04-26,경의선,효창공원앞,3233,3579,6812
2022-04-26,경인선,간석,6240,5865,12105
2022-04-26,경인선,개봉,22394,21666,44060
2022-04-26,경인선,구일,7140,6872,14012
2022-04-26,경인선,도원,3457,3371,6828
2022-04-26,경인선,도화,4453,4047,8500
2022-04-26,경인선,동암,14996,15185,30181
2022-04-26,경인선,동인천,14085,13408,27493
2022-04-26,경인선,백운,7378,7243,14621
2022-04-26,경인선,부개,9083,8397,17480
2022-04-26,경인선,부천,33836,33765,67601
2022-04-26,경인선,부평,28658,30596,59254
2022-04-26,경인선,소사,9584,9151,18735
2022-04-26,경인선,송내,28718,28914,57632
2022-04-26,경인선,역곡,30212,29667,59879
2022-04-26,경인선,오류동,12312,11246,23558
2022-04-26,경인선,온수,7601,7142,14743
2022-04-26,경인선,인천,3891,2914,6805
2022-04-26,경인선,제물포,11802,11111,22913
2022-04-26,경인선,주안,20335,18686,39021
2022-04-26,경인선,중동,9997,9234,19231
2022-04-26,경춘선,가평,1595,1653,3248
2022-04-26,경춘선,갈매,3201,2821,6022
2022-04-26,경춘선,강촌,660,572,1232
2022-04-26,경춘선,굴봉산,189,195,384
2022-04-26,경춘선,금곡,1719,1636,3355
2022-04-26,경춘선,김유정,343,352,695
2022-04-26,경춘선,남춘천,2428,2459,4887
2022-04-26,경춘선,대성리,542,490,1032
2022-04-26,경춘선,마석,4391,4251,8642
2022-04-26,경춘선,백양리,113,120,233
2022-04-26,경춘선,별내,3440,3231,6671
2022-04-26,경춘선,사릉,2830,2680,5510
2022-04-26,경춘선,상천,345,327,672
2022-04-26,경춘선,신내,2412,2282,4694
2022-04-26,경춘선,천마산,1805,1699,3504
2022-04-26,경춘선,청평,1595,1573,3168
2022-04-26,경춘선,춘천,1632,1464,3096
2022-04-26,경춘선,퇴계원,3810,3428,7238
2022-04-26,경춘선,평내호평,6672,6618,13290
2022-04-26,공항철도,검암,6900,6819,13719
2022-04-26,공항철도,계양,11194,10552,21746
2022-04-26,공항철도,공덕,2475,3216,5691
2022-04-26,공항철도,공항화물청사,2369,2591,4960
2022-04-26,공항철도,김포공항,11533,6647,18180
2022-04-26,공항철도,디지털미디어시티,15002,14019,29021
2022-04-26,공항철도,마곡나루,10115,9680,19795
2022-04-26,공항철도,서울역,7613,7141,14754
2022-04-26,공항철도,영종,3235,3253,6488
2022-04-26,공항철도,운서,7000,7151,14151
2022-04-26,공항철도,인천공항1터미널,4598,4747,9345
2022-04-26,공항철도,인천공항2터미널,2434,2370,4804
2022-04-26,공항철도,청라국제도시,7490,7002,14492
2022-04-26,공항철도,홍대입구,9316,9449,18765
2022-04-26,과천선,경마공원,1673,1580,3253
2022-04-26,과천선,과천,6665,6164,12829
2022-04-26,과천선,대공원,3640,3821,7461
2022-04-26,과천선,범계,26820,26769,53589
2022-04-26,과천선,선바위,8893,7907,16800
2022-04-26,과천선,인덕원,25624,26285,51909
2022-04-26,과천선,정부과천청사,10992,11009,22001
2022-04-26,과천선,평촌,18765,18317,37082
2022-04-26,분당선,가천대,12562,13254,25816
2022-04-26,분당선,강남구청,10383,12097,22480
2022-04-26,분당선,개포동,4198,4303,8501
2022-04-26,분당선,구룡,2478,2387,4865
2022-04-26,분당선,구성,5184,5497,10681
2022-04-26,분당선,기흥,11182,9762,20944
2022-04-26,분당선,대모산입구,4704,4300,9004
2022-04-26,분당선,도곡,7266,7095,14361
2022-04-26,분당선,망포,15030,14278,29308
2022-04-26,분당선,매교,3235,3266,6501
2022-04-26,분당선,매탄권선,5413,5146,10559
2022-04-26,분당선,모란,20895,21071,41966
2022-04-26,분당선,미금,15996,17053,33049
2022-04-26,분당선,보정,2842,2423,5265
2022-04-26,분당선,상갈,5725,5518,11243
2022-04-26,분당선,서울숲,12250,12495,24745
2022-04-26,분당선,서현,24466,24959,49425
2022-04-26,분당선,선릉,14073,21803,35876
2022-04-26,분당선,선정릉,8613,9263,17876
2022-04-26,분당선,수내,13700,13583,27283
2022-04-26,분당선,수서,13804,14149,27953
2022-04-26,분당선,수원,8336,6868,15204
2022-04-26,분당선,수원시청,12807,13731,26538
2022-04-26,분당선,신갈,4683,4594,9277
2022-04-26,분당선,압구정로데오,18931,21162,40093
2022-04-26,분당선,야탑,26173,26563,52736
2022-04-26,분당선,영통,8513,8599,17112
2022-04-26,분당선,오리,12083,9784,21867
2022-04-26,분당선,이매,5987,5573,11560
2022-04-26,분당선,정자,17967,19111,37078
2022-04-26,분당선,죽전,14802,16210,31012
2022-04-26,분당선,청명,4464,4346,8810
2022-04-26,분당선,태평,13894,13261,27155
2022-04-26,분당선,한티,14382,15261,29643
2022-04-26,수인선,고색,5083,4735,9818
2022-04-26,수인선,남동인더스파크,2368,2640,5008
2022-04-26,수인선,달월,110,71,181
2022-04-26,수인선,사리,5129,4545,9674
2022-04-26,수인선,소래포구,5853,5477,11330
2022-04-26,수인선,송도,2607,2452,5059
2022-04-26,수인선,숭의,4285,4014,8299
2022-04-26,수인선,신포,2055,2086,4141
2022-04-26,수인선,야목,388,293,681
2022-04-26,수인선,어천,791,769,1560
2022-04-26,수인선,연수,4830,4658,9488
2022-04-26,수인선,오목천,4244,3933,8177
2022-04-26,수인선,원인재,4535,4755,9290
2022-04-26,수인선,월곶,2866,2653,5519
2022-04-26,수인선,인천,1055,1855,2910
2022-04-26,수인선,인천논현,5861,6299,12160
2022-04-26,수인선,인하대,8046,7716,15762
2022-04-26,수인선,호구포,4292,4429,8721
2022-04-26,안산선,고잔,9460,8839,18299
2022-04-26,안산선,대야미,5592,4855,10447
2022-04-26,안산선,반월,4510,4406,8916
2022-04-26,안산선,산본,17065,17862,34927
2022-04-26,안산선,상록수,17216,17513,34729
2022-04-26,안산선,수리산,5870,5553,11423
2022-04-26,안산선,신길온천,1918,1739,3657
2022-04-26,안산선,안산,11970,10737,22707
2022-04-26,안산선,오이도,8996,8740,17736
2022-04-26,안산선,정왕,11005,11162,22167
2022-04-26,안산선,중앙,19084,19929,39013
2022-04-26,안산선,초지,5464,5981,11445
2022-04-26,안산선,한대앞,11095,11193,22288
2022-04-26,우이신설선,4.19민주묘지,3683,3454,7137
2022-04-26,우이신설선,가오리,4410,4283,8693
2022-04-26,우이신설선,보문,1592,1580,3172
2022-04-26,우이신설선,북한산보국문,6393,5993,12386
2022-04-26,우이신설선,북한산우이,2838,2626,5464
2022-04-26,우이신설선,삼양,2072,2147,4219
2022-04-26,우이신설선,삼양사거리,2570,2540,5110
2022-04-26,우이신설선,성신여대입구,3383,3793,7176
2022-04-26,우이신설선,솔밭공원,2672,2526,5198
2022-04-26,우이신설선,솔샘,6125,5695,11820
2022-04-26,우이신설선,신설동,2264,2211,4475
2022-04-26,우이신설선,정릉,4920,4368,9288
2022-04-26,우이신설선,화계,3613,3357,6970
2022-04-26,일산선,대곡,2272,1835,4107
2022-04-26,일산선,대화,13059,10370,23429
2022-04-26,일산선,마두,7911,7956,15867
2022-04-26,일산선,백석,9968,9919,19887
2022-04-26,일산선,삼송,20894,20071,40965
2022-04-26,일산선,원당,11745,11106,22851
2022-04-26,일산선,원흥,11381,10739,22120
2022-04-26,일산선,정발산,8876,9115,17991
2022-04-26,일산선,주엽,9588,9506,19094
2022-04-26,일산선,화정,17614,17892,35506
2022-04-26,장항선,배방,1190,1116,2306
2022-04-26,장항선,봉명,1334,1304,2638
2022-04-26,장항선,신창,2933,2921,5854
2022-04-26,장항선,쌍용,3123,2935,6058
2022-04-26,장항선,아산,3890,3321,7211
2022-04-26,장항선,온양온천,3721,3826,7547
2022-04-26,장항선,탕정,905,787,1692
2022-04-26,중앙선,구리,14136,14408,28544
2022-04-26,중앙선,국수,858,819,1677
2022-04-26,중앙선,덕소,5861,6007,11868
2022-04-26,중앙선,도농,11650,10478,22128
2022-04-26,중앙선,도심,2741,2079,4820
2022-04-26,중앙선,망우,8122,7929,16051
2022-04-26,중앙선,상봉,5891,5952,11843
2022-04-26,중앙선,신원,253,218,471
2022-04-26,중앙선,아신,517,528,1045
2022-04-26,중앙선,양수,1989,2025,4014
2022-04-26,중앙선,양원,3265,3059,6324
2022-04-26,중앙선,양정,787,659,1446
2022-04-26,중앙선,양평,2858,2902,5760
2022-04-26,중앙선,오빈,315,311,626
2022-04-26,중앙선,용문,1941,1959,3900
2022-04-26,중앙선,운길산,1008,948,1956
2022-04-26,중앙선,원덕,383,357,740
2022-04-26,중앙선,중랑,5919,5561,11480
2022-04-26,중앙선,지평,91,89,180
2022-04-26,중앙선,팔당,946,1001,1947
2022-04-26,중앙선,회기,25913,25405,51318
2022-04-27,1호선,동대문,11298,10780,22078
2022-04-27,1호선,동묘앞,8576,8898,17474
2022-04-27,1호선,서울역,44113,42814,86927
2022-04-27,1호선,시청,24331,24870,49201
2022-04-27,1호선,신설동,14489,14285,28774
2022-04-27,1호선,제기동,17989,18351,36340
2022-04-27,1호선,종각,36181,35822,72003
2022-04-27,1호선,종로3가,26612,23949,50561
2022-04-27,1호선,종로5가,23261,23483,46744
2022-04-27,1호선,청량리,20896,20700,41596
2022-04-27,2호선,강남,85042,85309,170351
2022-04-27,2호선,강변,30699,28688,59387
2022-04-27,2호선,건대입구,37986,40657,78643
2022-04-27,2호선,교대,36454,41381,77835
2022-04-27,2호선,구로디지털단지,61253,61282,122535
2022-04-27,2호선,구의,24752,24290,49042
2022-04-27,2호선,낙성대,28688,27896,56584
2022-04-27,2호선,당산,20321,23456,43777
2022-04-27,2호선,대림,24925,25403,50328
2022-04-27,2호선,도림천,1401,1405,2806
2022-04-27,2호선,동대문역사문화공원,12417,13970,26387
2022-04-27,2호선,뚝섬,23645,25644,49289
2022-04-27,2호선,문래,23150,23882,47032
2022-04-27,2호선,방배,20520,21328,41848
2022-04-27,2호선,봉천,24888,22695,47583
2022-04-27,2호선,사당,39488,44126,83614
2022-04-27,2호선,삼성,54306,55271,109577
2022-04-27,2호선,상왕십리,15075,14466,29541
2022-04-27,2호선,서울대입구,50141,49393,99534
2022-04-27,2호선,서초,23402,22819,46221
2022-04-27,2호선,선릉,59987,53229,113216
2022-04-27,2호선,성수,39329,43610,82939
2022-04-27,2호선,시청,24928,24566,49494
2022-04-27,2호선,신답,1821,1911,3732
2022-04-27,2호선,신당,15804,16150,31954
2022-04-27,2호선,신대방,27850,27238,55088
2022-04-27,2호선,신도림,50300,50228,100528
2022-04-27,2호선,신림,65895,63348,129243
2022-04-27,2호선,신설동,3375,3338,6713
2022-04-27,2호선,신정네거리,10865,11328,22193
2022-04-27,2호선,신촌,33905,34785,68690
2022-04-27,2호선,아현,11005,10456,21461
2022-04-27,2호선,양천구청,7334,7472,14806
2022-04-27,2호선,역삼,54546,62194,116740
2022-04-27,2호선,영등포구청,23794,24581,48375
2022-04-27,2호선,왕십리,17846,14036,31882
2022-04-27,2호선,용답,3326,3394,6720
2022-04-27,2호선,용두,2403,2510,4913
2022-04-27,2호선,을지로3가,24400,24866,49266
2022-04-27,2호선,을지로4가,13658,13652,27310
2022-04-27,2호선,을지로입구,41065,42996,84061
2022-04-27,2호선,이대,14413,15434,29847
2022-04-27,2호선,잠실,72175,71475,143650
2022-04-27,2호선,잠실나루,15705,15282,30987
2022-04-27,2호선,잠실새내,22296,22210,44506
2022-04-27,2호선,종합운동장,9863,10890,20753
2022-04-27,2호선,충정로,10467,11291,21758
2022-04-27,2호선,한양대,14753,16667,31420
2022-04-27,2호선,합정,31309,33344,64653
2022-04-27,2호선,홍대입구,54610,58262,112872
2022-04-27,3호선,가락시장,9297,9177,18474
2022-04-27,3호선,경복궁,23588,23741,47329
2022-04-27,3호선,경찰병원,7693,7660,15353
2022-04-27,3호선,고속터미널,40516,38697,79213
2022-04-27,3호선,교대,15992,10333,26325
2022-04-27,3호선,구파발,21677,20814,42491
2022-04-27,3호선,금호,8317,7640,15957
2022-04-27,3호선,남부터미널,30161,30392,60553
2022-04-27,3호선,녹번,16753,14910,31663
2022-04-27,3호선,대청,11333,10341,21674
2022-04-27,3호선,대치,10893,10744,21637
2022-04-27,3호선,도곡,5414,5657,11071
2022-04-27,3호선,독립문,7328,7731,15059
2022-04-27,3호선,동대입구,10128,10873,21001
2022-04-27,3호선,매봉,13220,12593,25813
2022-04-27,3호선,무악재,4124,4292,8416
2022-04-27,3호선,불광,16995,18041,35036
2022-04-27,3호선,수서,17698,18070,35768
2022-04-27,3호선,신사,30802,32368,63170
2022-04-27,3호선,안국,23295,24684,47979
2022-04-27,3호선,압구정,32043,34488,66531
2022-04-27,3호선,약수,13658,13536,27194
2022-04-27,3호선,양재,40512,44607,85119
2022-04-27,3호선,연신내,37790,35748,73538
2022-04-27,3호선,오금,6603,5949,12552
2022-04-27,3호선,옥수,9311,9620,18931
2022-04-27,3호선,을지로3가,11333,11724,23057
2022-04-27,3호선,일원,10956,10594,21550
2022-04-27,3호선,잠원,5243,5073,10316
2022-04-27,3호선,종로3가,10226,11879,22105
2022-04-27,3호선,지축,5324,5009,10333
2022-04-27,3호선,충무로,1,0,1
2022-04-27,3호선,학여울,1925,2047,3972
2022-04-27,3호선,홍제,18987,17742,36729
2022-04-27,4호선,길음,22995,22658,45653
2022-04-27,4호선,남태령,1362,1185,2547
2022-04-27,4호선,노원,19697,22267,41964
2022-04-27,4호선,당고개,9489,8441,17930
2022-04-27,4호선,동대문,20746,21156,41902
2022-04-27,4호선,동대문역사문화공원,14837,13664,28501
2022-04-27,4호선,동작,1700,1863,3563
2022-04-27,4호선,명동,20994,21978,42972
2022-04-27,4호선,미아,16016,15412,31428
2022-04-27,4호선,미아사거리,28569,27645,56214
2022-04-27,4호선,사당,27920,22932,50852
2022-04-27,4호선,삼각지,5304,5841,11145
2022-04-27,4호선,상계,21021,19363,40384
2022-04-27,4호선,서울역,11852,17312,29164
2022-04-27,4호선,성신여대입구,22253,21003,43256
2022-04-27,4호선,수유,35349,35560,70909
2022-04-27,4호선,숙대입구,15225,14576,29801
2022-04-27,4호선,신용산,16819,17888,34707
2022-04-27,4호선,쌍문,30775,28048,58823
2022-04-27,4호선,이촌,7708,8654,16362
2022-04-27,4호선,창동,26627,28112,54739
2022-04-27,4호선,총신대입구,20126,21776,41902
2022-04-27,4호선,충무로,30401,30879,61280
2022-04-27,4호선,한성대입구,15773,15403,31176
2022-04-27,4호선,혜화,35838,36470,72308
2022-04-27,4호선,회현,26482,28231,54713
2022-04-27,5호선,강동,19209,18664,37873
2022-04-27,5호선,강일,4503,4121,8624
2022-04-27,5호선,개롱,6875,6991,13866
2022-04-27,5호선,개화산,6049,5765,11814
2022-04-27,5호선,거여,10971,10408,21379
2022-04-27,5호선,고덕,10212,10102,20314
2022-04-27,5호선,공덕,15184,16280,31464
2022-04-27,5호선,광나루,14523,13062,27585
2022-04-27,5호선,광화문,31880,33636,65516
2022-04-27,5호선,군자,11791,13107,24898
2022-04-27,5호선,굽은다리,9934,9336,19270
2022-04-27,5호선,길동,8283,8459,16742
2022-04-27,5호선,김포공항,7218,7279,14497
2022-04-27,5호선,까치산,30448,28908,59356
2022-04-27,5호선,답십리,16702,15314,32016
2022-04-27,5호선,동대문역사문화공원,3070,3618,6688
2022-04-27,5호선,둔촌동,8540,8622,17162
2022-04-27,5호선,마곡,11329,11428,22757
2022-04-27,5호선,마장,6187,5777,11964
2022-04-27,5호선,마천,7842,7331,15173
2022-04-27,5호선,마포,15468,15894,31362
2022-04-27,5호선,명일,9471,9629,19100
2022-04-27,5호선,목동,17741,18930,36671
2022-04-27,5호선,미사,17249,17026,34275
2022-04-27,5호선,발산,21950,22510,44460
2022-04-27,5호선,방이,7440,7725,15165
2022-04-27,5호선,방화,7090,6792,13882
2022-04-27,5호선,상일동,15832,14663,30495
2022-04-27,5호선,서대문,21006,21251,42257
2022-04-27,5호선,송정,6959,6510,13469
2022-04-27,5호선,신금호,7017,7181,14198
2022-04-27,5호선,신길,4396,4560,8956
2022-04-27,5호선,신정,14648,11799,26447
2022-04-27,5호선,아차산,15952,15112,31064
2022-04-27,5호선,애오개,7308,7342,14650
2022-04-27,5호선,양평,7981,7842,15823
2022-04-27,5호선,여의나루,15276,16238,31514
2022-04-27,5호선,여의도,30217,32404,62621
2022-04-27,5호선,영등포구청,4203,4401,8604
2022-04-27,5호선,영등포시장,10531,10918,21449
2022-04-27,5호선,오금,3974,4046,8020
2022-04-27,5호선,오목교,22117,23858,45975
2022-04-27,5호선,올림픽공원,4731,4021,8752
2022-04-27,5호선,왕십리,4821,5613,10434
2022-04-27,5호선,우장산,15919,15482,31401
2022-04-27,5호선,을지로4가,6809,6676,13485
2022-04-27,5호선,장한평,19915,19561,39476
2022-04-27,5호선,종로3가,13007,13050,26057
2022-04-27,5호선,천호,18479,18821,37300
2022-04-27,5호선,청구,4255,3842,8097
2022-04-27,5호선,충정로,5144,5413,10557
2022-04-27,5호선,하남검단산,5946,5678,11624
2022-04-27,5호선,하남시청,7196,6903,14099
2022-04-27,5호선,하남풍산,4516,4318,8834
2022-04-27,5호선,행당,8553,7592,16145
2022-04-27,5호선,화곡,30012,27592,57604
2022-04-27,6호선,고려대,9004,8893,17897
2022-04-27,6호선,공덕,19538,19046,38584
2022-04-27,6호선,광흥창,9615,9336,18951
2022-04-27,6호선,구산,8192,5868,14060
2022-04-27,6호선,녹사평,5062,5150,10212
2022-04-27,6호선,대흥,8930,9127,18057
2022-04-27,6호선,독바위,2851,2943,5794
2022-04-27,6호선,돌곶이,9972,9354,19326
2022-04-27,6호선,동묘앞,7997,8289,16286
2022-04-27,6호선,디지털미디어시티,14977,16327,31304
2022-04-27,6호선,마포구청,14816,13195,28011
2022-04-27,6호선,망원,14137,15076,29213
2022-04-27,6호선,버티고개,2360,2205,4565
2022-04-27,6호선,보문,7820,7135,14955
2022-04-27,6호선,봉화산,9462,8816,18278
2022-04-27,6호선,불광,4617,4607,9224
2022-04-27,6호선,삼각지,6744,6009,12753
2022-04-27,6호선,상수,8659,9835,18494
2022-04-27,6호선,상월곡,7010,6401,13411
2022-04-27,6호선,새절,13819,12926,26745
2022-04-27,6호선,석계,13383,13878,27261
2022-04-27,6호선,신당,9703,10006,19709
2022-04-27,6호선,안암,13773,13824,27597
2022-04-27,6호선,약수,3847,3657,7504
2022-04-27,6호선,역촌,3858,4601,8459
2022-04-27,6호선,월곡,13241,12756,25997
2022-04-27,6호선,월드컵경기장,4589,4759,9348
2022-04-27,6호선,응암,18481,18064,36545
2022-04-27,6호선,이태원,10452,11032,21484
2022-04-27,6호선,증산,10652,10479,21131
2022-04-27,6호선,창신,3886,3324,7210
2022-04-27,6호선,청구,3920,4223,8143
2022-04-27,6호선,태릉입구,5913,6575,12488
2022-04-27,6호선,한강진,8031,9544,17575
2022-04-27,6호선,합정,13528,13298,26826
2022-04-27,6호선,화랑대,13360,10304,23664
2022-04-27,6호선,효창공원앞,7734,7110,14844
2022-04-27,7호선,가산디지털단지,47189,47901,95090
2022-04-27,7호선,강남구청,17228,19167,36395
2022-04-27,7호선,건대입구,13647,14532,28179
2022-04-27,7호선,고속터미널,15264,13593,28857
2022-04-27,7호선,공릉,13641,13546,27187
2022-04-27,7호선,광명사거리,22987,22532,45519
2022-04-27,7호선,군자,15735,12469,28204
2022-04-27,7호선,남구로,16254,17325,33579
2022-04-27,7호선,남성,11815,10780,22595
2022-04-27,7호선,내방,15337,15905,31242
2022-04-27,7호선,노원,19704,20833,40537
2022-04-27,7호선,논현,21279,23103,44382
2022-04-27,7호선,대림,7830,7876,15706
2022-04-27,7호선,도봉산,10258,11678,21936
2022-04-27,7호선,뚝섬유원지,12703,12169,24872
2022-04-27,7호선,마들,13645,12727,26372
2022-04-27,7호선,먹골,10612,10238,20850
2022-04-27,7호선,면목,17303,16538,33841
2022-04-27,7호선,반포,6130,6061,12191
2022-04-27,7호선,보라매,10514,10527,21041
2022-04-27,7호선,부천시청,2,0,2
2022-04-27,7호선,사가정,16991,16954,33945
2022-04-27,7호선,상도,12198,11942,24140
2022-04-27,7호선,상봉,17694,16476,34170
2022-04-27,7호선,수락산,13361,13134,26495
2022-04-27,7호선,숭실대입구,15739,15768,31507
2022-04-27,7호선,신대방삼거리,17896,16879,34775
2022-04-27,7호선,신풍,12222,11828,24050
2022-04-27,7호선,어린이대공원,16143,16366,32509
2022-04-27,7호선,온수,11628,11096,22724
2022-04-27,7호선,용마산,6475,6237,12712
2022-04-27,7호선,이수,16498,16244,32742
2022-04-27,7호선,장승배기,9428,9276,18704
2022-04-27,7호선,장암,2378,901,3279
2022-04-27,7호선,중계,15650,14272,29922
2022-04-27,7호선,중곡,11458,10575,22033
2022-04-27,7호선,중화,11390,11123,22513
2022-04-27,7호선,천왕,12265,11546,23811
2022-04-27,7호선,철산,22199,22587,44786
2022-04-27,7호선,청담,20446,23132,43578
2022-04-27,7호선,태릉입구,9558,9015,18573
2022-04-27,7호선,하계,20053,18877,38930
2022-04-27,7호선,학동,25584,27602,53186
2022-04-27,8호선,가락시장,8198,9061,17259
2022-04-27,8호선,강동구청,10934,11272,22206
2022-04-27,8호선,남위례,5328,5551,10879
2022-04-27,8호선,남한산성입구,16391,15124,31515
2022-04-27,8호선,단대오거리,11901,11221,23122
2022-04-27,8호선,모란,4713,3734,8447
2022-04-27,8호선,몽촌토성,6807,6786,13593
2022-04-27,8호선,문정,23162,24445,47607
2022-04-27,8호선,복정,10687,8841,19528
2022-04-27,8호선,산성,6026,6001,12027
2022-04-27,8호선,석촌,7932,9324,17256
2022-04-27,8호선,송파,8656,8447,17103
2022-04-27,8호선,수진,5721,5132,10853
2022-04-27,8호선,신흥,4372,4837,9209
2022-04-27,8호선,암사,19922,17276,37198
2022-04-27,8호선,잠실,13821,17007,30828
2022-04-27,8호선,장지,18515,17679,36194
2022-04-27,8호선,천호,15114,17440,32554
2022-04-27,9호선,가양,21900,21389,43289
2022-04-27,9호선,개화,2742,2040,4782
2022-04-27,9호선,고속터미널,12904,15895,28799
2022-04-27,9호선,공항시장,3228,3364,6592
2022-04-27,9호선,구반포,1443,1488,2931
2022-04-27,9호선,국회의사당,18048,18369,36417
2022-04-27,9호선,김포공항,7058,11349,18407
2022-04-27,9호선,노들,4853,4045,8898
2022-04-27,9호선,노량진,27613,26730,54343
2022-04-27,9호선,당산,19827,19634,39461
2022-04-27,9호선,동작,2127,1735,3862
2022-04-27,9호선,등촌,11922,11236,23158
2022-04-27,9호선,마곡나루,13068,13046,26114
2022-04-27,9호선,사평,3863,3767,7630
2022-04-27,9호선,샛강,6332,6640,12972
2022-04-27,9호선,선유도,9476,8934,18410
2022-04-27,9호선,신논현,32503,32201,64704
2022-04-27,9호선,신목동,4529,3889,8418
2022-04-27,9호선,신반포,3915,3895,7810
2022-04-27,9호선,신방화,7320,6812,14132
2022-04-27,9호선,양천향교,10477,10587,21064
2022-04-27,9호선,여의도,29456,28899,58355
2022-04-27,9호선,염창,18398,17881,36279
2022-04-27,9호선,증미,7662,7338,15000
2022-04-27,9호선,흑석,9916,9959,19875
2022-04-27,9호선2~3단계,둔촌오륜,1260,1094,2354
2022-04-27,9호선2~3단계,봉은사,17090,18048,35138
2022-04-27,9호선2~3단계,삼성중앙,7254,7593,14847
2022-04-27,9호선2~3단계,삼전,7109,6729,13838
2022-04-27,9호선2~3단계,석촌,9028,7964,16992
2022-04-27,9호선2~3단계,석촌고분,6260,6058,12318
2022-04-27,9호선2~3단계,선정릉,10471,11563,22034
2022-04-27,9호선2~3단계,송파나루,5205,5500,10705
2022-04-27,9호선2~3단계,언주,10791,11147,21938
2022-04-27,9호선2~3단계,올림픽공원,6408,6488,12896
2022-04-27,9호선2~3단계,종합운동장,4316,4435,8751
2022-04-27,9호선2~3단계,중앙보훈병원,11563,10258,21821
2022-04-27,9호선2~3단계,한성백제,2771,2456,5227
2022-04-27,경강선,경기광주,8220,7674,15894
2022-04-27,경강선,곤지암,2569,2474,5043
2022-04-27,경강선,부발,2149,2100,4249
2022-04-27,경강선,삼동,2589,2323,4912
2022-04-27,경강선,세종대왕릉,335,360,695
2022-04-27,경강선,신둔도예촌,1539,1447,2986
2022-04-27,경강선,여주,2783,2682,5465
2022-04-27,경강선,이매,1197,1036,2233
2022-04-27,경강선,이천,2546,2768,5314
2022-04-27,경강선,초월,3427,3266,6693
2022-04-27,경강선,판교,4985,4958,9943
2022-04-27,경부선,가산디지털단지,19594,22545,42139
2022-04-27,경부선,관악,8111,7401,15512
2022-04-27,경부선,광명,3413,2878,6291
2022-04-27,경부선,구로,19790,20381,40171
2022-04-27,경부선,군포,8328,8220,16548
2022-04-27,경부선,금정,28980,29047,58027
2022-04-27,경부선,금천구청,12723,12647,25370
2022-04-27,경부선,남영,10261,10867,21128
2022-04-27,경부선,노량진,8778,9007,17785
2022-04-27,경부선,당정,7703,7226,14929
2022-04-27,경부선,대방,13986,14130,28116
2022-04-27,경부선,독산,19864,20506,40370
2022-04-27,경부선,두정,8344,8935,17279
2022-04-27,경부선,명학,11339,11048,22387
2022-04-27,경부선,병점,17533,17586,35119
2022-04-27,경부선,서동탄,1503,1385,2888
2022-04-27,경부선,서울역,5603,1890,7493
2022-04-27,경부선,서정리,8245,7781,16026
2022-04-27,경부선,석수,10619,9363,19982
2022-04-27,경부선,성균관대,16670,16410,33080
2022-04-27,경부선,성환,7338,7000,14338
2022-04-27,경부선,세류,3304,2933,6237
2022-04-27,경부선,세마,3256,3058,6314
2022-04-27,경부선,송탄,4596,4386,8982
2022-04-27,경부선,수원,37455,40328,77783
2022-04-27,경부선,신길,9821,7321,17142
2022-04-27,경부선,신도림,4359,4459,8818
2022-04-27,경부선,안양,29028,28343,57371
2022-04-27,경부선,영등포,37942,39421,77363
2022-04-27,경부선,오산,10906,10608,21514
2022-04-27,경부선,오산대,4743,4358,9101
2022-04-27,경부선,용산,32397,32845,65242
2022-04-27,경부선,의왕,10265,10279,20544
2022-04-27,경부선,직산,910,937,1847
2022-04-27,경부선,진위,1912,1660,3572
2022-04-27,경부선,천안,7210,6748,13958
2022-04-27,경부선,평택,13534,13743,27277
2022-04-27,경부선,평택지제,3668,3594,7262
2022-04-27,경부선,화서,9143,8665,17808
2022-04-27,경원선,가능,7414,7227,14641
2022-04-27,경원선,광운대,9815,9570,19385
2022-04-27,경원선,녹양,5025,4672,9697
2022-04-27,경원선,녹천,5067,4239,9306
2022-04-27,경원선,덕계,3668,3242,6910
2022-04-27,경원선,덕정,7125,6740,13865
2022-04-27,경원선,도봉,6533,6151,12684
2022-04-27,경원선,도봉산,8584,5862,14446
2022-04-27,경원선,동두천,2933,3252,6185
2022-04-27,경원선,동두천중앙,3442,3321,6763
2022-04-27,경원선,망월사,10562,10739,21301
2022-04-27,경원선,방학,10347,10187,20534
2022-04-27,경원선,보산,1655,1516,3171
2022-04-27,경원선,서빙고,2211,2001,4212
2022-04-27,경원선,석계,8942,9898,18840
2022-04-27,경원선,소요산,3098,2602,5700
2022-04-27,경원선,신이문,9013,8237,17250
2022-04-27,경원선,양주,8686,8155,16841
2022-04-27,경원선,옥수,58,37,95
2022-04-27,경원선,왕십리,15122,16327,31449
2022-04-27,경원선,외대앞,8888,8874,17762
2022-04-27,경원선,월계,8887,8229,17116
2022-04-27,경원선,응봉,2070,1762,3832
2022-04-27,경원선,의정부,19793,20385,40178
2022-04-27,경원선,이촌,4036,3099,7135
2022-04-27,경원선,지행,7336,7426,14762
2022-04-27,경원선,청량리,15182,16163,31345
2022-04-27,경원선,한남,4294,4028,8322
2022-04-27,경원선,회룡,13747,13550,27297
2022-04-27,경의선,가좌,6109,5757,11866
2022-04-27,경의선,강매,3625,3106,6731
2022-04-27,경의선,곡산,690,750,1440
2022-04-27,경의선,공덕,3833,3424,7257
2022-04-27,경의선,금릉,5410,5212,10622
2022-04-27,경의선,금촌,6865,6754,13619
2022-04-27,경의선,능곡,4291,3929,8220
2022-04-27,경의선,디지털미디어시티,2835,2537,5372
2022-04-27,경의선,문산,5598,5498,11096
2022-04-27,경의선,백마,7624,7366,14990
2022-04-27,경의선,서강대,2300,2237,4537
2022-04-27,경의선,서울역,4759,6189,10948
2022-04-27,경의선,수색,3068,3281,6349
2022-04-27,경의선,신촌,989,1222,2211
2022-04-27,경의선,야당,8309,8492,16801
2022-04-27,경의선,운정,7598,7151,14749
2022-04-27,경의선,월롱,3455,3088,6543
2022-04-27,경의선,일산,10426,10424,20850
2022-04-27,경의선,임진강,16,13,29
2022-04-27,경의선,탄현,8581,8037,16618
2022-04-27,경의선,파주,1708,1247,2955
2022-04-27,경의선,풍산,5853,5418,11271
2022-04-27,경의선,행신,8461,8492,16953
2022-04-27,경의선,홍대입구,1810,2090,3900
2022-04-27,경의선,화전,3812,3574,7386
2022-04-27,경의선,효창공원앞,3315,3687,7002
2022-04-27,경인선,간석,6455,5694,12149
2022-04-27,경인선,개봉,23007,22463,45470
2022-04-27,경인선,구일,8215,8094,16309
2022-04-27,경인선,도원,3921,3954,7875
2022-04-27,경인선,도화,4531,4106,8637
2022-04-27,경인선,동암,15606,15619,31225
2022-04-27,경인선,동인천,15190,14557,29747
2022-04-27,경인선,백운,7454,7256,14710
2022-04-27,경인선,부개,9220,8572,17792
2022-04-27,경인선,부천,35039,34935,69974
2022-04-27,경인선,부평,29880,32025,61905
2022-04-27,경인선,소사,9726,9286,19012
2022-04-27,경인선,송내,29391,29416,58807
2022-04-27,경인선,역곡,30581,30013,60594
2022-04-27,경인선,오류동,12765,11759,24524
2022-04-27,경인선,온수,8045,7609,15654
2022-04-27,경인선,인천,4041,3031,7072
2022-04-27,경인선,제물포,12559,11649,24208
2022-04-27,경인선,주안,21305,19457,40762
2022-04-27,경인선,중동,10228,9547,19775
2022-04-27,경춘선,가평,1843,1871,3714
2022-04-27,경춘선,갈매,3425,2931,6356
2022-04-27,경춘선,강촌,752,721,1473
2022-04-27,경춘선,굴봉산,245,252,497
2022-04-27,경춘선,금곡,1729,1679,3408
2022-04-27,경춘선,김유정,420,462,882
2022-04-27,경춘선,남춘천,3518,3448,6966
2022-04-27,경춘선,대성리,640,572,1212
2022-04-27,경춘선,마석,4422,4375,8797
2022-04-27,경춘선,백양리,175,174,349
2022-04-27,경춘선,별내,3470,3183,6653
2022-04-27,경춘선,사릉,2871,2829,5700
2022-04-27,경춘선,상천,430,421,851
2022-04-27,경춘선,신내,2496,2400,4896
2022-04-27,경춘선,천마산,1923,1823,3746
2022-04-27,경춘선,청평,1863,1854,3717
2022-04-27,경춘선,춘천,1728,1500,3228
2022-04-27,경춘선,퇴계원,3955,3637,7592
2022-04-27,경춘선,평내호평,7033,6830,13863
2022-04-27,공항철도,검암,7034,7056,14090
2022-04-27,공항철도,계양,11318,10597,21915
2022-04-27,공항철도,공덕,2426,3223,5649
2022-04-27,공항철도,공항화물청사,2353,2538,4891
2022-04-27,공항철도,김포공항,11518,6860,18378
2022-04-27,공항철도,디지털미디어시티,15071,14225,29296
2022-04-27,공항철도,마곡나루,10248,9939,20187
2022-04-27,공항철도,서울역,7901,7244,15145
2022-04-27,공항철도,영종,3363,3445,6808
2022-04-27,공항철도,운서,7304,7276,14580
2022-04-27,공항철도,인천공항1터미널,5242,5206,10448
2022-04-27,공항철도,인천공항2터미널,2730,2454,5184
2022-04-27,공항철도,청라국제도시,7569,7076,14645
2022-04-27,공항철도,홍대입구,9870,9868,19738
2022-04-27,과천선,경마공원,1763,1782,3545
2022-04-27,과천선,과천,6949,6344,13293
2022-04-27,과천선,대공원,4025,4265,8290
2022-04-27,과천선,범계,28086,28500,56586
2022-04-27,과천선,선바위,9121,8122,17243
2022-04-27,과천선,인덕원,26381,27148,53529
2022-04-27,과천선,정부과천청사,11456,11122,22578
2022-04-27,과천선,평촌,19143,18535,37678
2022-04-27,분당선,가천대,13155,13939,27094
2022-04-27,분당선,강남구청,10779,12473,23252
2022-04-27,분당선,개포동,4335,4407,8742
2022-04-27,분당선,구룡,2538,2438,4976
2022-04-27,분당선,구성,5453,5735,11188
2022-04-27,분당선,기흥,11037,10122,21159
2022-04-27,분당선,대모산입구,4808,4424,9232
2022-04-27,분당선,도곡,7285,7176,14461
2022-04-27,분당선,망포,15245,14588,29833
2022-04-27,분당선,매교,3099,3055,6154
2022-04-27,분당선,매탄권선,5492,5361,10853
2022-04-27,분당선,모란,21075,21511,42586
2022-04-27,분당선,미금,16603,17807,34410
2022-04-27,분당선,보정,2752,2409,5161
2022-04-27,분당선,복정,1,0,1
2022-04-27,분당선,상갈,5863,5790,11653
2022-04-27,분당선,서울숲,12736,13183,25919
2022-04-27,분당선,서현,25185,25779,50964
2022-04-27,분당선,선릉,14094,21892,35986
2022-04-27,분당선,선정릉,8631,9238,17869
2022-04-27,분당선,수내,13958,13929,27887
2022-04-27,분당선,수서,14015,14468,28483
2022-04-27,분당선,수원,8740,7260,16000
2022-04-27,분당선,수원시청,13238,14166,27404
2022-04-27,분당선,신갈,4714,4681,9395
2022-04-27,분당선,압구정로데오,19318,21702,41020
2022-04-27,분당선,야탑,27882,29203,57085
2022-04-27,분당선,영통,8543,8545,17088
2022-04-27,분당선,오리,12604,10254,22858
2022-04-27,분당선,이매,6162,5763,11925
2022-04-27,분당선,정자,18470,19808,38278
2022-04-27,분당선,죽전,15067,16523,31590
2022-04-27,분당선,청명,4591,4492,9083
2022-04-27,분당선,태평,13994,13368,27362
2022-04-27,분당선,한티,14723,15622,30345
2022-04-27,수인선,고색,5198,4966,10164
2022-04-27,수인선,남동인더스파크,2405,2622,5027
2022-04-27,수인선,달월,120,74,194
2022-04-27,수인선,사리,5367,4658,10025
2022-04-27,수인선,소래포구,6388,6039,12427
2022-04-27,수인선,송도,2759,2545,5304
2022-04-27,수인선,숭의,4402,4115,8517
2022-04-27,수인선,신포,2150,2141,4291
2022-04-27,수인선,야목,459,357,816
2022-04-27,수인선,어천,814,853,1667
2022-04-27,수인선,연수,4988,4993,9981
2022-04-27,수인선,오목천,4294,3883,8177
2022-04-27,수인선,원인재,4774,4988,9762
2022-04-27,수인선,월곶,3187,2988,6175
2022-04-27,수인선,인천,1156,2066,3222
2022-04-27,수인선,인천논현,5987,6408,12395
2022-04-27,수인선,인하대,8015,7603,15618
2022-04-27,수인선,호구포,4289,4505,8794
2022-04-27,안산선,고잔,9740,9200,18940
2022-04-27,안산선,대야미,5704,5022,10726
2022-04-27,안산선,반월,4711,4518,9229
2022-04-27,안산선,산본,17582,18730,36312
2022-04-27,안산선,상록수,17529,17749,35278
2022-04-27,안산선,수리산,6107,5616,11723
2022-04-27,안산선,신길온천,1939,1773,3712
2022-04-27,안산선,안산,11932,10894,22826
2022-04-27,안산선,오이도,9418,9254,18672
2022-04-27,안산선,정왕,10703,11009,21712
2022-04-27,안산선,중앙,19470,20537,40007
2022-04-27,안산선,초지,5568,5932,11500
2022-04-27,안산선,한대앞,10902,10912,21814
2022-04-27,우이신설선,4.19민주묘지,4117,3979,8096
2022-04-27,우이신설선,가오리,4486,4387,8873
2022-04-27,우이신설선,보문,1635,1624,3259
2022-04-27,우이신설선,북한산보국문,6454,6030,12484
2022-04-27,우이신설선,북한산우이,3064,2735,5799
2022-04-27,우이신설선,삼양,2145,2296,4441
2022-04-27,우이신설선,삼양사거리,2612,2608,5220
2022-04-27,우이신설선,성신여대입구,3504,3868,7372
2022-04-27,우이신설선,솔밭공원,2649,2502,5151
2022-04-27,우이신설선,솔샘,6327,5878,12205
2022-04-27,우이신설선,신설동,2304,2223,4527
2022-04-27,우이신설선,정릉,5071,4558,9629
2022-04-27,우이신설선,화계,3648,3290,6938
2022-04-27,일산선,대곡,2305,1911,4216
2022-04-27,일산선,대화,13421,10480,23901
2022-04-27,일산선,마두,8271,8314,16585
2022-04-27,일산선,백석,10041,9891,19932
2022-04-27,일산선,삼송,21378,20479,41857
2022-04-27,일산선,원당,12041,11175,23216
2022-04-27,일산선,원흥,11693,11232,22925
2022-04-27,일산선,정발산,8249,8356,16605
2022-04-27,일산선,주엽,9584,9721,19305
2022-04-27,일산선,지축,1,0,1
2022-04-27,일산선,화정,18205,18543,36748
2022-04-27,장항선,배방,1265,1226,2491
2022-04-27,장항선,봉명,1391,1321,2712
2022-04-27,장항선,신창,3088,3004,6092
2022-04-27,장항선,쌍용,3270,3019,6289
2022-04-27,장항선,아산,3973,3496,7469
2022-04-27,장항선,온양온천,3818,3981,7799
2022-04-27,장항선,탕정,887,772,1659
2022-04-27,중앙선,구리,14422,14502,28924
2022-04-27,중앙선,국수,913,881,1794
2022-04-27,중앙선,덕소,5945,6133,12078
2022-04-27,중앙선,도농,11651,10488,22139
2022-04-27,중앙선,도심,2773,2090,4863
2022-04-27,중앙선,망우,8200,8040,16240
2022-04-27,중앙선,상봉,6146,6017,12163
2022-04-27,중앙선,신원,285,229,514
2022-04-27,중앙선,아신,601,592,1193
2022-04-27,중앙선,양수,2186,2199,4385
2022-04-27,중앙선,양원,3352,3133,6485
2022-04-27,중앙선,양정,815,721,1536
2022-04-27,중앙선,양평,2916,3018,5934
2022-04-27,중앙선,오빈,374,385,759
2022-04-27,중앙선,용문,2095,2095,4190
2022-04-27,중앙선,운길산,1011,942,1953
2022-04-27,중앙선,원덕,429,415,844
2022-04-27,중앙선,중랑,6016,5657,11673
2022-04-27,중앙선,지평,91,111,202
2022-04-27,중앙선,팔당,1016,1041,2057
2022-04-27,중앙선,회기,27527,26326,53853
2022-04-28,1호선,동대문,11548,10870,22418
2022-04-28,1호선,동묘앞,8411,8911,17322
2022-04-28,1호선,서울역,46191,44495,90686
2022-04-28,1호선,시청,24057,24502,48559
2022-04-28,1호선,신설동,14533,14189,28722
2022-04-28,1호선,제기동,17976,18384,36360
2022-04-28,1호선,종각,36749,36231,72980
2022-04-28,1호선,종로3가,26841,24207,51048
2022-04-28,1호선,종로5가,24233,24246,48479
2022-04-28,1호선,청량리,21378,20922,42300
2022-04-28,2호선,강남,86507,86984,173491
2022-04-28,2호선,강변,31867,29237,61104
2022-04-28,2호선,건대입구,38524,41184,79708
2022-04-28,2호선,교대,36441,41069,77510
2022-04-28,2호선,구로디지털단지,61709,61722,123431
2022-04-28,2호선,구의,24917,24282,49199
2022-04-28,2호선,낙성대,28365,27592,55957
2022-04-28,2호선,당산,20455,23427,43882
2022-04-28,2호선,대림,24789,25018,49807
2022-04-28,2호선,도림천,1403,1490,2893
2022-04-28,2호선,동대문역사문화공원,12209,13843,26052
2022-04-28,2호선,뚝섬,23984,25780,49764
2022-04-28,2호선,문래,23399,23971,47370
2022-04-28,2호선,방배,20346,21209,41555
2022-04-28,2호선,봉천,25054,22845,47899
2022-04-28,2호선,사당,40336,44412,84748
2022-04-28,2호선,삼성,53481,55181,108662
2022-04-28,2호선,상왕십리,15240,14626,29866
2022-04-28,2호선,서울대입구,50325,49186,99511
2022-04-28,2호선,서초,22637,22157,44794
2022-04-28,2호선,선릉,59741,53553,113294
2022-04-28,2호선,성수,39702,44487,84189
2022-04-28,2호선,시청,24660,24484,49144
2022-04-28,2호선,신답,1738,1917,3655
2022-04-28,2호선,신당,14877,15264,30141
2022-04-28,2호선,신대방,28167,27287,55454
2022-04-28,2호선,신도림,50180,50007,100187
2022-04-28,2호선,신림,65915,63203,129118
2022-04-28,2호선,신설동,3354,3319,6673
2022-04-28,2호선,신정네거리,11038,11200,22238
2022-04-28,2호선,신촌,34320,35003,69323
2022-04-28,2호선,아현,11333,10637,21970
2022-04-28,2호선,양천구청,7281,7501,14782
2022-04-28,2호선,역삼,53646,61967,115613
2022-04-28,2호선,영등포구청,23381,24260,47641
2022-04-28,2호선,왕십리,18220,14366,32586
2022-04-28,2호선,용답,3344,3403,6747
2022-04-28,2호선,용두,2470,2488,4958
2022-04-28,2호선,을지로3가,24252,24526,48778
2022-04-28,2호선,을지로4가,13589,13877,27466
2022-04-28,2호선,을지로입구,40765,42893,83658
2022-04-28,2호선,이대,14729,15363,30092
2022-04-28,2호선,잠실,73908,73750,147658
2022-04-28,2호선,잠실나루,15540,15102,30642
2022-04-28,2호선,잠실새내,22343,22137,44480
2022-04-28,2호선,종합운동장,9984,11024,21008
2022-04-28,2호선,충정로,10421,11257,21678
2022-04-28,2호선,한양대,14866,16588,31454
2022-04-28,2호선,합정,31853,34159,66012
2022-04-28,2호선,홍대입구,57427,61400,118827
2022-04-28,3호선,가락시장,9453,9360,18813
2022-04-28,3호선,경복궁,23773,23626,47399
2022-04-28,3호선,경찰병원,7681,7711,15392
2022-04-28,3호선,고속터미널,42286,40000,82286
2022-04-28,3호선,교대,15965,10442,26407
2022-04-28,3호선,구파발,21889,21104,42993
2022-04-28,3호선,금호,8293,7726,16019
2022-04-28,3호선,남부터미널,30691,31095,61786
2022-04-28,3호선,녹번,16713,14978,31691
2022-04-28,3호선,대청,10765,9837,20602
2022-04-28,3호선,대치,11123,11080,22203
2022-04-28,3호선,도곡,5786,5838,11624
2022-04-28,3호선,독립문,7256,7657,14913
2022-04-28,3호선,동대입구,9700,10670,20370
2022-04-28,3호선,매봉,13262,12914,26176
2022-04-28,3호선,무악재,4185,4223,8408
2022-04-28,3호선,불광,16994,17999,34993
2022-04-28,3호선,수서,17900,18176,36076
2022-04-28,3호선,신사,31659,33532,65191
2022-04-28,3호선,안국,23192,24179,47371
2022-04-28,3호선,압구정,32496,34949,67445
2022-04-28,3호선,약수,13685,13313,26998
2022-04-28,3호선,양재,41081,45320,86401
2022-04-28,3호선,연신내,38120,36009,74129
2022-04-28,3호선,오금,6630,6090,12720
2022-04-28,3호선,옥수,9589,9736,19325
2022-04-28,3호선,을지로3가,11058,11633,22691
2022-04-28,3호선,일원,11222,10742,21964
2022-04-28,3호선,잠원,5224,5144,10368
2022-04-28,3호선,종로3가,10260,12030,22290
2022-04-28,3호선,지축,5492,5062,10554
2022-04-28,3호선,충무로,1,0,1
2022-04-28,3호선,학여울,3529,3663,7192
2022-04-28,3호선,홍제,18910,17974,36884
2022-04-28,4호선,길음,23129,22738,45867
2022-04-28,4호선,남태령,1370,1138,2508
2022-04-28,4호선,노원,20223,22738,42961
2022-04-28,4호선,당고개,9731,8627,18358
2022-04-28,4호선,동대문,20691,21292,41983
2022-04-28,4호선,동대문역사문화공원,14497,13553,28050
2022-04-28,4호선,동작,1623,1835,3458
2022-04-28,4호선,명동,20415,21356,41771
2022-04-28,4호선,미아,15957,15330,31287
2022-04-28,4호선,미아사거리,28463,27619,56082
2022-04-28,4호선,사당,27575,23168,50743
2022-04-28,4호선,삼각지,5367,5985,11352
2022-04-28,4호선,상계,21289,19643,40932
2022-04-28,4호선,서울역,12038,17891,29929
2022-04-28,4호선,성신여대입구,21338,20114,41452
2022-04-28,4호선,수유,35386,35197,70583
2022-04-28,4호선,숙대입구,15344,14875,30219
2022-04-28,4호선,신용산,17328,18152,35480
2022-04-28,4호선,쌍문,30715,28180,58895
2022-04-28,4호선,이촌,8936,9879,18815
2022-04-28,4호선,창동,26804,28206,55010
2022-04-28,4호선,총신대입구,20117,21639,41756
2022-04-28,4호선,충무로,30709,31548,62257
2022-04-28,4호선,한성대입구,15390,15317,30707
2022-04-28,4호선,혜화,35538,35899,71437
2022-04-28,4호선,회현,26743,28541,55284
2022-04-28,5호선,강동,19540,18785,38325
2022-04-28,5호선,강일,4605,4263,8868
2022-04-28,5호선,개롱,6956,7049,14005
2022-04-28,5호선,개화산,6040,5712,11752
2022-04-28,5호선,거여,11082,10552,21634
2022-04-28,5호선,고덕,10429,10322,20751
2022-04-28,5호선,공덕,15193,16338,31531
2022-04-28,5호선,광나루,14662,13287,27949
2022-04-28,5호선,광화문,31908,34211,66119
2022-04-28,5호선,군자,11778,13158,24936
2022-04-28,5호선,굽은다리,9993,9335,19328
2022-04-28,5호선,길동,8190,8456,16646
2022-04-28,5호선,김포공항,7604,7317,14921
2022-04-28,5호선,까치산,30124,28468,58592
2022-04-28,5호선,답십리,16671,15311,31982
2022-04-28,5호선,동대문역사문화공원,2916,3465,6381
2022-04-28,5호선,둔촌동,8767,8686,17453
2022-04-28,5호선,마곡,11151,11351,22502
2022-04-28,5호선,마장,6064,5764,11828
2022-04-28,5호선,마천,7796,7357,15153
2022-04-28,5호선,마포,15402,15758,31160
2022-04-28,5호선,명일,9335,9487,18822
2022-04-28,5호선,목동,17805,18870,36675
2022-04-28,5호선,미사,17005,16806,33811
2022-04-28,5호선,발산,21443,22234,43677
2022-04-28,5호선,방이,7552,7791,15343
2022-04-28,5호선,방화,7170,6780,13950
2022-04-28,5호선,상일동,15826,14588,30414
2022-04-28,5호선,서대문,21211,21644,42855
2022-04-28,5호선,송정,6826,6356,13182
2022-04-28,5호선,신금호,7047,7257,14304
2022-04-28,5호선,신길,4432,4512,8944
2022-04-28,5호선,신정,14701,11751,26452
2022-04-28,5호선,아차산,15892,15014,30906
2022-04-28,5호선,애오개,7331,7338,14669
2022-04-28,5호선,양평,7785,7706,15491
2022-04-28,5호선,여의나루,16774,18060,34834
2022-04-28,5호선,여의도,30537,32411,62948
2022-04-28,5호선,영등포구청,4260,4457,8717
2022-04-28,5호선,영등포시장,10487,10679,21166
2022-04-28,5호선,오금,4031,4087,8118
2022-04-28,5호선,오목교,22175,23868,46043
2022-04-28,5호선,올림픽공원,4727,4058,8785
2022-04-28,5호선,왕십리,4853,5494,10347
2022-04-28,5호선,우장산,15518,15230,30748
2022-04-28,5호선,을지로4가,6515,6648,13163
2022-04-28,5호선,장한평,19731,19254,38985
2022-04-28,5호선,종로3가,13340,13259,26599
2022-04-28,5호선,천호,18679,18891,37570
2022-04-28,5호선,청구,4218,3841,8059
2022-04-28,5호선,충정로,5129,5344,10473
2022-04-28,5호선,하남검단산,6072,5801,11873
2022-04-28,5호선,하남시청,7255,7035,14290
2022-04-28,5호선,하남풍산,4533,4381,8914
2022-04-28,5호선,행당,8604,7507,16111
2022-04-28,5호선,화곡,29838,27571,57409
2022-04-28,6호선,고려대,9294,9077,18371
2022-04-28,6호선,공덕,19525,19041,38566
2022-04-28,6호선,광흥창,9646,9271,18917
2022-04-28,6호선,구산,8033,5802,13835
2022-04-28,6호선,녹사평,5270,5069,10339
2022-04-28,6호선,대흥,9271,9569,18840
2022-04-28,6호선,독바위,2808,2956,5764
2022-04-28,6호선,돌곶이,9948,9048,18996
2022-04-28,6호선,동묘앞,8164,8414,16578
2022-04-28,6호선,디지털미디어시티,14865,16421,31286
2022-04-28,6호선,마포구청,14908,13249,28157
2022-04-28,6호선,망원,14528,15561,30089
2022-04-28,6호선,버티고개,2266,2281,4547
2022-04-28,6호선,보문,7831,7077,14908
2022-04-28,6호선,봉화산,9583,8998,18581
2022-04-28,6호선,불광,4410,4356,8766
2022-04-28,6호선,삼각지,7026,6144,13170
2022-04-28,6호선,상수,9121,10514,19635
2022-04-28,6호선,상월곡,6893,6367,13260
2022-04-28,6호선,새절,14203,13089,27292
2022-04-28,6호선,석계,13406,13781,27187
2022-04-28,6호선,신내,1,0,1
2022-04-28,6호선,신당,8804,9043,17847
2022-04-28,6호선,안암,14108,13830,27938
2022-04-28,6호선,약수,3695,3748,7443
2022-04-28,6호선,역촌,3824,4533,8357
2022-04-28,6호선,월곡,13071,12619,25690
2022-04-28,6호선,월드컵경기장,4907,5191,10098
2022-04-28,6호선,응암,18932,18404,37336
2022-04-28,6호선,이태원,10941,11852,22793
2022-04-28,6호선,증산,10704,10594,21298
2022-04-28,6호선,창신,3926,3233,7159
2022-04-28,6호선,청구,3815,4144,7959
2022-04-28,6호선,태릉입구,6009,6745,12754
2022-04-28,6호선,한강진,8160,9703,17863
2022-04-28,6호선,합정,13738,13555,27293
2022-04-28,6호선,화랑대,13433,10421,23854
2022-04-28,6호선,효창공원앞,7732,7200,14932
2022-04-28,7호선,가산디지털단지,46675,47429,94104
2022-04-28,7호선,강남구청,16981,18993,35974
2022-04-28,7호선,건대입구,13584,14529,28113
2022-04-28,7호선,고속터미널,16068,13591,29659
2022-04-28,7호선,공릉,13791,13392,27183
2022-04-28,7호선,광명사거리,22754,22258,45012
2022-04-28,7호선,군자,15940,12564,28504
2022-04-28,7호선,남구로,15949,17284,33233
2022-04-28,7호선,남성,11917,10817,22734
2022-04-28,7호선,내방,15353,15739,31092
2022-04-28,7호선,노원,19626,20852,40478
2022-04-28,7호선,논현,21407,23575,44982
2022-04-28,7호선,대림,7651,7692,15343
2022-04-28,7호선,도봉산,10113,11775,21888
2022-04-28,7호선,뚝섬유원지,12744,12242,24986
2022-04-28,7호선,마들,13571,12684,26255
2022-04-28,7호선,먹골,10821,10317,21138
2022-04-28,7호선,면목,17157,16437,33594
2022-04-28,7호선,반포,6252,6114,12366
2022-04-28,7호선,보라매,10632,10705,21337
2022-04-28,7호선,사가정,17152,17105,34257
2022-04-28,7호선,상도,12104,11628,23732
2022-04-28,7호선,상봉,17832,16511,34343
2022-04-28,7호선,수락산,13420,13007,26427
2022-04-28,7호선,숭실대입구,15720,15846,31566
2022-04-28,7호선,신대방삼거리,17768,16784,34552
2022-04-28,7호선,신풍,12431,11816,24247
2022-04-28,7호선,어린이대공원,16749,16982,33731
2022-04-28,7호선,온수,11664,11123,22787
2022-04-28,7호선,용마산,6470,6162,12632
2022-04-28,7호선,이수,16284,15898,32182
2022-04-28,7호선,장승배기,9362,9020,18382
2022-04-28,7호선,장암,2399,921,3320
2022-04-28,7호선,중계,15843,14436,30279
2022-04-28,7호선,중곡,11647,10774,22421
2022-04-28,7호선,중화,11526,11114,22640
2022-04-28,7호선,천왕,12206,11557,23763
2022-04-28,7호선,철산,22411,22589,45000
2022-04-28,7호선,청담,20252,23031,43283
2022-04-28,7호선,태릉입구,9727,9214,18941
2022-04-28,7호선,하계,19199,18071,37270
2022-04-28,7호선,학동,24872,26901,51773
2022-04-28,8호선,가락시장,8126,8994,17120
2022-04-28,8호선,강동구청,10848,11321,22169
2022-04-28,8호선,남위례,5523,5677,11200
2022-04-28,8호선,남한산성입구,16325,14976,31301
2022-04-28,8호선,단대오거리,11909,11098,23007
2022-04-28,8호선,모란,4671,3733,8404
2022-04-28,8호선,몽촌토성,6642,6718,13360
2022-04-28,8호선,문정,22905,24363,47268
2022-04-28,8호선,복정,10786,9008,19794
2022-04-28,8호선,산성,5886,5940,11826
2022-04-28,8호선,석촌,8142,9260,17402
2022-04-28,8호선,송파,8717,8453,17170
2022-04-28,8호선,수진,5659,5208,10867
2022-04-28,8호선,신흥,4377,4676,9053
2022-04-28,8호선,암사,19937,17346,37283
2022-04-28,8호선,잠실,14173,17223,31396
2022-04-28,8호선,장지,18247,17344,35591
2022-04-28,8호선,천호,15136,17411,32547
2022-04-28,9호선,가양,22086,21161,43247
2022-04-28,9호선,개화,2705,1880,4585
2022-04-28,9호선,고속터미널,13323,16441,29764
2022-04-28,9호선,공항시장,3160,3387,6547
2022-04-28,9호선,구반포,1344,1478,2822
2022-04-28,9호선,국회의사당,17123,17780,34903
2022-04-28,9호선,김포공항,7492,12108,19600
2022-04-28,9호선,노들,4845,4010,8855
2022-04-28,9호선,노량진,27682,26655,54337
2022-04-28,9호선,당산,19438,19551,38989
2022-04-28,9호선,동작,2152,1772,3924
2022-04-28,9호선,등촌,11794,11208,23002
2022-04-28,9호선,마곡나루,13086,12925,26011
2022-04-28,9호선,사평,3850,3609,7459
2022-04-28,9호선,샛강,6446,6791,13237
2022-04-28,9호선,선유도,9251,8912,18163
2022-04-28,9호선,신논현,33154,33409,66563
2022-04-28,9호선,신목동,4742,4027,8769
2022-04-28,9호선,신반포,3878,3837,7715
2022-04-28,9호선,신방화,7133,6881,14014
2022-04-28,9호선,양천향교,10330,10627,20957
2022-04-28,9호선,여의도,29155,29097,58252
2022-04-28,9호선,염창,18353,17608,35961
2022-04-28,9호선,증미,7689,7437,15126
2022-04-28,9호선,흑석,9586,9641,19227
2022-04-28,9호선2~3단계,둔촌오륜,1250,1091,2341
2022-04-28,9호선2~3단계,봉은사,17112,17729,34841
2022-04-28,9호선2~3단계,삼성중앙,7291,7684,14975
2022-04-28,9호선2~3단계,삼전,7211,6794,14005
2022-04-28,9호선2~3단계,석촌,9033,8082,17115
2022-04-28,9호선2~3단계,석촌고분,6274,6104,12378
2022-04-28,9호선2~3단계,선정릉,10324,11506,21830
2022-04-28,9호선2~3단계,송파나루,5051,5376,10427
2022-04-28,9호선2~3단계,언주,10660,11013,21673
2022-04-28,9호선2~3단계,올림픽공원,6481,6441,12922
2022-04-28,9호선2~3단계,종합운동장,4399,4564,8963
2022-04-28,9호선2~3단계,중앙보훈병원,11436,10034,21470
2022-04-28,9호선2~3단계,한성백제,2646,2392,5038
2022-04-28,경강선,경기광주,8383,7897,16280
2022-04-28,경강선,곤지암,2510,2527,5037
2022-04-28,경강선,부발,2290,2188,4478
2022-04-28,경강선,삼동,2543,2342,4885
2022-04-28,경강선,세종대왕릉,358,352,710
2022-04-28,경강선,신둔도예촌,1796,1637,3433
2022-04-28,경강선,여주,2782,2596,5378
2022-04-28,경강선,이매,1207,1062,2269
2022-04-28,경강선,이천,2660,2825,5485
2022-04-28,경강선,초월,3453,3180,6633
2022-04-28,경강선,판교,5041,5058,10099
2022-04-28,경부선,가산디지털단지,19539,22771,42310
2022-04-28,경부선,관악,8143,7420,15563
2022-04-28,경부선,광명,3660,3148,6808
2022-04-28,경부선,구로,19285,20319,39604
2022-04-28,경부선,군포,8200,8142,16342
2022-04-28,경부선,금정,28765,29423,58188
2022-04-28,경부선,금천구청,13053,12937,25990
2022-04-28,경부선,남영,10350,10993,21343
2022-04-28,경부선,노량진,8679,8889,17568
2022-04-28,경부선,당정,7682,7289,14971
2022-04-28,경부선,대방,14174,14579,28753
2022-04-28,경부선,독산,19893,20599,40492
2022-04-28,경부선,두정,8451,8478,16929
2022-04-28,경부선,명학,11137,10955,22092
2022-04-28,경부선,병점,17655,17760,35415
2022-04-28,경부선,서동탄,1529,1391,2920
2022-04-28,경부선,서울역,6371,2084,8455
2022-04-28,경부선,서정리,7982,7381,15363
2022-04-28,경부선,석수,10613,9554,20167
2022-04-28,경부선,성균관대,16935,16630,33565
2022-04-28,경부선,성환,7641,6939,14580
2022-04-28,경부선,세류,3229,2994,6223
2022-04-28,경부선,세마,3177,3011,6188
2022-04-28,경부선,송탄,4598,4470,9068
2022-04-28,경부선,수원,39415,41913,81328
2022-04-28,경부선,신길,9621,7052,16673
2022-04-28,경부선,신도림,4429,4500,8929
2022-04-28,경부선,안양,28944,28445,57389
2022-04-28,경부선,영등포,38298,39593,77891
2022-04-28,경부선,오산,10929,11180,22109
2022-04-28,경부선,오산대,4685,4267,8952
2022-04-28,경부선,용산,33862,33990,67852
2022-04-28,경부선,의왕,10391,10220,20611
2022-04-28,경부선,직산,914,844,1758
2022-04-28,경부선,진위,1905,1751,3656
2022-04-28,경부선,천안,7596,6876,14472
2022-04-28,경부선,평택,13744,13741,27485
2022-04-28,경부선,평택지제,3748,3632,7380
2022-04-28,경부선,화서,9233,8748,17981
2022-04-28,경원선,가능,7499,7080,14579
2022-04-28,경원선,광운대,9617,9455,19072
2022-04-28,경원선,녹양,4971,4743,9714
2022-04-28,경원선,녹천,5023,4221,9244
2022-04-28,경원선,덕계,3662,3201,6863
2022-04-28,경원선,덕정,7233,6930,14163
2022-04-28,경원선,도봉,6368,6102,12470
2022-04-28,경원선,도봉산,8608,5770,14378
2022-04-28,경원선,동두천,3067,3471,6538
2022-04-28,경원선,동두천중앙,3480,3413,6893
2022-04-28,경원선,망월사,10241,10344,20585
2022-04-28,경원선,방학,10513,10245,20758
2022-04-28,경원선,보산,1703,1534,3237
2022-04-28,경원선,서빙고,2218,2075,4293
2022-04-28,경원선,석계,9024,9910,18934
2022-04-28,경원선,소요산,3204,2634,5838
2022-04-28,경원선,신이문,8916,8158,17074
2022-04-28,경원선,양주,8646,8194,16840
2022-04-28,경원선,옥수,57,53,110
2022-04-28,경원선,왕십리,15300,16705,32005
2022-04-28,경원선,외대앞,9243,9251,18494
2022-04-28,경원선,월계,8823,8120,16943
2022-04-28,경원선,응봉,2128,1786,3914
2022-04-28,경원선,의정부,19710,20314,40024
2022-04-28,경원선,이촌,4100,3136,7236
2022-04-28,경원선,지행,7360,7487,14847
2022-04-28,경원선,청량리,16031,16676,32707
2022-04-28,경원선,한남,4244,4053,8297
2022-04-28,경원선,회룡,13508,13578,27086
2022-04-28,경의선,가좌,6110,5787,11897
2022-04-28,경의선,강매,3610,3159,6769
2022-04-28,경의선,곡산,734,775,1509
2022-04-28,경의선,공덕,3859,3434,7293
2022-04-28,경의선,금릉,5462,5301,10763
2022-04-28,경의선,금촌,6849,6833,13682
2022-04-28,경의선,능곡,4263,4021,8284
2022-04-28,경의선,디지털미디어시티,2851,2697,5548
2022-04-28,경의선,문산,5416,5640,11056
2022-04-28,경의선,백마,8020,7687,15707
2022-04-28,경의선,서강대,2276,2266,4542
2022-04-28,경의선,서울역,4828,6227,11055
2022-04-28,경의선,수색,3048,3260,6308
2022-04-28,경의선,신촌,872,1242,2114
2022-04-28,경의선,야당,8703,8685,17388
2022-04-28,경의선,운정,7860,7370,15230
2022-04-28,경의선,월롱,3298,2940,6238
2022-04-28,경의선,일산,11759,11634,23393
2022-04-28,경의선,임진강,18,15,33
2022-04-28,경의선,탄현,8641,8215,16856
2022-04-28,경의선,파주,1797,1325,3122
2022-04-28,경의선,풍산,6224,5790,12014
2022-04-28,경의선,행신,8878,8898,17776
2022-04-28,경의선,홍대입구,1856,2352,4208
2022-04-28,경의선,화전,3882,3581,7463
2022-04-28,경의선,효창공원앞,3278,3638,6916
2022-04-28,경인선,간석,6431,5636,12067
2022-04-28,경인선,개봉,22961,22278,45239
2022-04-28,경인선,구일,7900,7641,15541
2022-04-28,경인선,도원,3572,3547,7119
2022-04-28,경인선,도화,4562,4157,8719
2022-04-28,경인선,동암,15413,15266,30679
2022-04-28,경인선,동인천,14932,14388,29320
2022-04-28,경인선,백운,7593,7503,15096
2022-04-28,경인선,부개,9156,8576,17732
2022-04-28,경인선,부천,33392,33571,66963
2022-04-28,경인선,부평,30049,32345,62394
2022-04-28,경인선,소사,9394,9072,18466
2022-04-28,경인선,송내,29572,29468,59040
2022-04-28,경인선,역곡,31061,30272,61333
2022-04-28,경인선,오류동,12930,11717,24647
2022-04-28,경인선,온수,7819,7303,15122
2022-04-28,경인선,인천,4183,3253,7436
2022-04-28,경인선,제물포,12098,11395,23493
2022-04-28,경인선,주안,20895,18991,39886
2022-04-28,경인선,중동,10155,9495,19650
2022-04-28,경춘선,가평,1780,1882,3662
2022-04-28,경춘선,갈매,3365,2963,6328
2022-04-28,경춘선,강촌,723,635,1358
2022-04-28,경춘선,굴봉산,221,224,445
2022-04-28,경춘선,금곡,1801,1685,3486
2022-04-28,경춘선,김유정,403,471,874
2022-04-28,경춘선,남춘천,3054,2627,5681
2022-04-28,경춘선,대성리,630,638,1268
2022-04-28,경춘선,마석,5035,5107,10142
2022-04-28,경춘선,백양리,132,145,277
2022-04-28,경춘선,별내,3496,3300,6796
2022-04-28,경춘선,사릉,2925,2878,5803
2022-04-28,경춘선,상천,384,377,761
2022-04-28,경춘선,신내,2502,2326,4828
2022-04-28,경춘선,천마산,1909,1746,3655
2022-04-28,경춘선,청평,1924,1859,3783
2022-04-28,경춘선,춘천,1937,1556,3493
2022-04-28,경춘선,퇴계원,3945,3614,7559
2022-04-28,경춘선,평내호평,7079,6949,14028
2022-04-28,공항철도,검암,7078,7073,14151
2022-04-28,공항철도,계양,11618,10830,22448
2022-04-28,공항철도,공덕,2515,3243,5758
2022-04-28,공항철도,공항화물청사,2360,2537,4897
2022-04-28,공항철도,김포공항,12185,7013,19198
2022-04-28,공항철도,디지털미디어시티,15268,14353,29621
2022-04-28,공항철도,마곡나루,10293,10159,20452
2022-04-28,공항철도,서울역,8749,7986,16735
2022-04-28,공항철도,영종,3374,3415,6789
2022-04-28,공항철도,운서,7212,7491,14703
2022-04-28,공항철도,인천공항1터미널,5758,4918,10676
2022-04-28,공항철도,인천공항2터미널,3191,2587,5778
2022-04-28,공항철도,청라국제도시,7481,7165,14646
2022-04-28,공항철도,홍대입구,10264,10412,20676
2022-04-28,과천선,경마공원,1383,1388,2771
2022-04-28,과천선,과천,6929,6256,13185
2022-04-28,과천선,대공원,5327,5477,10804
2022-04-28,과천선,범계,27996,27770,55766
2022-04-28,과천선,선바위,9115,8331,17446
2022-04-28,과천선,인덕원,26227,26830,53057
2022-04-28,과천선,정부과천청사,11648,11533,23181
2022-04-28,과천선,평촌,19004,18697,37701
2022-04-28,분당선,가천대,13581,14291,27872
2022-04-28,분당선,강남구청,10530,12449,22979
2022-04-28,분당선,개포동,4284,4421,8705
2022-04-28,분당선,구룡,2550,2419,4969
2022-04-28,분당선,구성,5397,5803,11200
2022-04-28,분당선,기흥,11020,10134,21154
2022-04-28,분당선,대모산입구,4956,4516,9472
2022-04-28,분당선,도곡,7244,7219,14463
2022-04-28,분당선,망포,15576,14825,30401
2022-04-28,분당선,매교,3500,3460,6960
2022-04-28,분당선,매탄권선,5526,5388,10914
2022-04-28,분당선,모란,21748,21797,43545
2022-04-28,분당선,미금,16463,17586,34049
2022-04-28,분당선,보정,2876,2509,5385
2022-04-28,분당선,복정,1,0,1
2022-04-28,분당선,상갈,5876,5629,11505
2022-04-28,분당선,서울숲,13325,13802,27127
2022-04-28,분당선,서현,25752,26464,52216
2022-04-28,분당선,선릉,14117,21997,36114
2022-04-28,분당선,선정릉,8624,9267,17891
2022-04-28,분당선,수내,14296,14345,28641
2022-04-28,분당선,수서,14482,14897,29379
2022-04-28,분당선,수원,9113,7437,16550
2022-04-28,분당선,수원시청,13396,14245,27641
2022-04-28,분당선,신갈,4839,4860,9699
2022-04-28,분당선,압구정로데오,19937,22652,42589
2022-04-28,분당선,야탑,27726,28969,56695
2022-04-28,분당선,영통,8627,8797,17424
2022-04-28,분당선,오리,12549,10287,22836
2022-04-28,분당선,이매,6422,5890,12312
2022-04-28,분당선,정자,18764,19987,38751
2022-04-28,분당선,죽전,15500,16878,32378
2022-04-28,분당선,청명,4648,4488,9136
2022-04-28,분당선,태평,14211,13509,27720
2022-04-28,분당선,한티,14872,15766,30638
2022-04-28,수인선,고색,5170,4914,10084
2022-04-28,수인선,남동인더스파크,2350,2618,4968
2022-04-28,수인선,달월,104,74,178
2022-04-28,수인선,사리,5465,4799,10264
2022-04-28,수인선,소래포구,6923,6569,13492
2022-04-28,수인선,송도,2716,2576,5292
2022-04-28,수인선,숭의,4292,4012,8304
2022-04-28,수인선,신포,2033,2012,4045
2022-04-28,수인선,야목,459,354,813
2022-04-28,수인선,어천,835,859,1694
2022-04-28,수인선,연수,4999,4921,9920
2022-04-28,수인선,오목천,4305,3999,8304
2022-04-28,수인선,원인재,4767,5001,9768
2022-04-28,수인선,월곶,3100,2833,5933
2022-04-28,수인선,인천,1144,1820,2964
2022-04-28,수인선,인천논현,5861,6377,12238
2022-04-28,수인선,인하대,8144,7760,15904
2022-04-28,수인선,호구포,4300,4503,8803
2022-04-28,안산선,고잔,9707,9264,18971
2022-04-28,안산선,대야미,5690,5035,10725
2022-04-28,안산선,반월,4711,4531,9242
2022-04-28,안산선,산본,17459,18329,35788
2022-04-28,안산선,상록수,17678,17794,35472
2022-04-28,안산선,수리산,6254,5859,12113
2022-04-28,안산선,신길온천,1943,1827,3770
2022-04-28,안산선,안산,11907,10906,22813
2022-04-28,안산선,오이도,9419,9425,18844
2022-04-28,안산선,정왕,10986,11168,22154
2022-04-28,안산선,중앙,20021,20883,40904
2022-04-28,안산선,초지,5559,6036,11595
2022-04-28,안산선,한대앞,11484,11448,22932
2022-04-28,우이신설선,4.19민주묘지,3693,3408,7101
2022-04-28,우이신설선,가오리,4392,4310,8702
2022-04-28,우이신설선,보문,1631,1601,3232
2022-04-28,우이신설선,북한산보국문,6539,6026,12565
2022-04-28,우이신설선,북한산우이,3070,2734,5804
2022-04-28,우이신설선,삼양,2036,2191,4227
2022-04-28,우이신설선,삼양사거리,2559,2540,5099
2022-04-28,우이신설선,성신여대입구,3398,3855,7253
2022-04-28,우이신설선,솔밭공원,2705,2558,5263
2022-04-28,우이신설선,솔샘,6276,5719,11995
2022-04-28,우이신설선,신설동,2333,2301,4634
2022-04-28,우이신설선,정릉,5034,4547,9581
2022-04-28,우이신설선,화계,3633,3396,7029
2022-04-28,일산선,대곡,2390,1857,4247
2022-04-28,일산선,대화,13843,10876,24719
2022-04-28,일산선,마두,8214,8299,16513
2022-04-28,일산선,백석,10532,10391,20923
2022-04-28,일산선,삼송,21726,20830,42556
2022-04-28,일산선,원당,12095,11382,23477
2022-04-28,일산선,원흥,12002,11296,23298
2022-04-28,일산선,정발산,8380,8674,17054
2022-04-28,일산선,주엽,9864,9867,19731
2022-04-28,일산선,지축,1,0,1
2022-04-28,일산선,화정,18292,18594,36886
2022-04-28,장항선,배방,1214,1249,2463
2022-04-28,장항선,봉명,1365,1299,2664
2022-04-28,장항선,신창,3721,2921,6642
2022-04-28,장항선,쌍용,3191,2866,6057
2022-04-28,장항선,아산,3999,3809,7808
2022-04-28,장항선,온양온천,3971,4110,8081
2022-04-28,장항선,탕정,896,716,1612
2022-04-28,중앙선,구리,14474,14803,29277
2022-04-28,중앙선,국수,959,967,1926
2022-04-28,중앙선,덕소,6224,6445,12669
2022-04-28,중앙선,도농,11859,10696,22555
2022-04-28,중앙선,도심,2786,2173,4959
2022-04-28,중앙선,망우,8524,8259,16783
2022-04-28,중앙선,상봉,6246,6256,12502
2022-04-28,중앙선,신원,293,245,538
2022-04-28,중앙선,아신,632,649,1281
2022-04-28,중앙선,양수,2070,2094,4164
2022-04-28,중앙선,양원,3344,3120,6464
2022-04-28,중앙선,양정,809,707,1516
2022-04-28,중앙선,양평,4569,4543,9112
2022-04-28,중앙선,오빈,363,367,730
2022-04-28,중앙선,용문,2220,2166,4386
2022-04-28,중앙선,운길산,984,947,1931
2022-04-28,중앙선,원덕,421,399,820
2022-04-28,중앙선,중랑,5995,5623,11618
2022-04-28,중앙선,지평,80,110,190
2022-04-28,중앙선,팔당,1048,1108,2156
2022-04-28,중앙선,회기,27513,26452,53965
2022-04-29,1호선,동대문,11585,10363,21948
2022-04-29,1호선,동묘앞,8364,8826,17190
2022-04-29,1호선,서울역,52299,51354,103653
2022-04-29,1호선,시청,24144,24798,48942
2022-04-29,1호선,신설동,14941,14473,29414
2022-04-29,1호선,제기동,17526,17495,35021
2022-04-29,1호선,종각,37840,37622,75462
2022-04-29,1호선,종로3가,27685,25791,53476
2022-04-29,1호선,종로5가,24213,24475,48688
2022-04-29,1호선,청량리,21288,21089,42377
2022-04-29,2호선,강남,93091,96321,189412
2022-04-29,2호선,강변,36246,33985,70231
2022-04-29,2호선,건대입구,42919,47877,90796
2022-04-29,2호선,교대,37089,42419,79508
2022-04-29,2호선,구로디지털단지,62347,61931,124278
2022-04-29,2호선,구의,25548,24627,50175
2022-04-29,2호선,낙성대,29959,27632,57591
2022-04-29,2호선,당산,20482,23637,44119
2022-04-29,2호선,대림,24687,25168,49855
2022-04-29,2호선,도림천,1427,1505,2932
2022-04-29,2호선,동대문역사문화공원,12834,14104,26938
2022-04-29,2호선,뚝섬,24761,26622,51383
2022-04-29,2호선,문래,23393,24514,47907
2022-04-29,2호선,방배,19568,20167,39735
2022-04-29,2호선,봉천,25412,22435,47847
2022-04-29,2호선,사당,41945,47761,89706
2022-04-29,2호선,삼성,53447,55031,108478
2022-04-29,2호선,상왕십리,15531,14674,30205
2022-04-29,2호선,서울대입구,52523,50280,102803
2022-04-29,2호선,서초,23131,21939,45070
2022-04-29,2호선,선릉,59219,53172,112391
2022-04-29,2호선,성수,41449,46758,88207
2022-04-29,2호선,시청,25337,24583,49920
2022-04-29,2호선,신답,1845,1924,3769
2022-04-29,2호선,신당,15312,15682,30994
2022-04-29,2호선,신대방,28586,26890,55476
2022-04-29,2호선,신도림,52197,53292,105489
2022-04-29,2호선,신림,68950,65322,134272
2022-04-29,2호선,신설동,3868,3820,7688
2022-04-29,2호선,신정네거리,11197,11455,22652
2022-04-29,2호선,신촌,37529,38640,76169
2022-04-29,2호선,아현,11708,10728,22436
2022-04-29,2호선,양천구청,7231,7439,14670
2022-04-29,2호선,역삼,52855,60206,113061
2022-04-29,2호선,영등포구청,23753,24597,48350
2022-04-29,2호선,왕십리,19208,15868,35076
2022-04-29,2호선,용답,3341,3221,6562
2022-04-29,2호선,용두,2653,2625,5278
2022-04-29,2호선,을지로3가,25320,26665,51985
2022-04-29,2호선,을지로4가,13938,14235,28173
2022-04-29,2호선,을지로입구,42085,43815,85900
2022-04-29,2호선,이대,16007,16230,32237
2022-04-29,2호선,잠실,83090,83175,166265
2022-04-29,2호선,잠실나루,15830,15154,30984
2022-04-29,2호선,잠실새내,24194,25258,49452
2022-04-29,2호선,종합운동장,17483,19875,37358
2022-04-29,2호선,충정로,10501,11239,21740
2022-04-29,2호선,한양대,13458,14438,27896
2022-04-29,2호선,합정,34215,38691,72906
2022-04-29,2호선,홍대입구,64651,74522,139173
2022-04-29,3호선,가락시장,9977,9672,19649
2022-04-29,3호선,경복궁,23843,24132,47975
2022-04-29,3호선,경찰병원,7811,7827,15638
2022-04-29,3호선,고속터미널,50671,52510,103181
2022-04-29,3호선,교대,16136,10549,26685
2022-04-29,3호선,구파발,21935,20927,42862
2022-04-29,3호선,금호,8804,7806,16610
2022-04-29,3호선,남부터미널,33346,33331,66677
2022-04-29,3호선,녹번,16779,14690,31469
2022-04-29,3호선,대청,11009,10014,21023
2022-04-29,3호선,대치,11408,11198,22606
2022-04-29,3호선,도곡,5874,5884,11758
2022-04-29,3호선,독립문,7524,7626,15150
2022-04-29,3호선,동대입구,9222,9840,19062
2022-04-29,3호선,매봉,13218,12646,25864
2022-04-29,3호선,무악재,4123,4174,8297
2022-04-29,3호선,불광,16988,18058,35046
2022-04-29,3호선,수서,19570,19686,39256
2022-04-29,3호선,신사,34268,37617,71885
2022-04-29,3호선,안국,25297,25089,50386
2022-04-29,3호선,압구정,34764,38477,73241
2022-04-29,3호선,약수,14389,13966,28355
2022-04-29,3호선,양재,42251,45548,87799
2022-04-29,3호선,연신내,38646,36663,75309
2022-04-29,3호선,오금,6771,6062,12833
2022-04-29,3호선,옥수,9770,9845,19615
2022-04-29,3호선,을지로3가,11803,12699,24502
2022-04-29,3호선,일원,10955,10213,21168
2022-04-29,3호선,잠원,5324,5209,10533
2022-04-29,3호선,종로3가,10693,13247,23940
2022-04-29,3호선,지축,5409,4888,10297
2022-04-29,3호선,충무로,2,0,2
2022-04-29,3호선,학여울,3422,3520,6942
2022-04-29,3호선,홍제,19151,18044,37195
2022-04-29,4호선,길음,23385,22227,45612
2022-04-29,4호선,남태령,1474,1157,2631
2022-04-29,4호선,노원,21387,24811,46198
2022-04-29,4호선,당고개,9579,8459,18038
2022-04-29,4호선,동대문,21071,21200,42271
2022-04-29,4호선,동대문역사문화공원,15449,13538,28987
2022-04-29,4호선,동작,1630,1782,3412
2022-04-29,4호선,명동,21403,22713,44116
2022-04-29,4호선,미아,16148,15313,31461
2022-04-29,4호선,미아사거리,29961,28978,58939
2022-04-29,4호선,사당,29595,24844,54439
2022-04-29,4호선,삼각지,5781,6646,12427
2022-04-29,4호선,상계,21352,19459,40811
2022-04-29,4호선,서울역,12223,20558,32781
2022-04-29,4호선,성신여대입구,23274,22458,45732
2022-04-29,4호선,수유,36532,37055,73587
2022-04-29,4호선,숙대입구,15118,14925,30043
2022-04-29,4호선,신용산,17929,19074,37003
2022-04-29,4호선,쌍문,31770,28721,60491
2022-04-29,4호선,이촌,9283,10278,19561
2022-04-29,4호선,창동,27790,29510,57300
2022-04-29,4호선,총신대입구,20907,22560,43467
2022-04-29,4호선,충무로,29601,30728,60329
2022-04-29,4호선,한성대입구,16101,15585,31686
2022-04-29,4호선,혜화,38766,38478,77244
2022-04-29,4호선,회현,26051,28144,54195
2022-04-29,5호선,강동,19488,18389,37877
2022-04-29,5호선,강일,4668,4294,8962
2022-04-29,5호선,개롱,6998,7069,14067
2022-04-29,5호선,개화산,6085,5601,11686
2022-04-29,5호선,거여,11228,10502,21730
2022-04-29,5호선,고덕,10847,10470,21317
2022-04-29,5호선,공덕,15245,16496,31741
2022-04-29,5호선,광나루,15018,13381,28399
2022-04-29,5호선,광화문,31805,33732,65537
2022-04-29,5호선,군자,12151,13578,25729
2022-04-29,5호선,굽은다리,10269,9719,19988
2022-04-29,5호선,길동,8435,8836,17271
2022-04-29,5호선,김포공항,8484,8310,16794
2022-04-29,5호선,까치산,30895,28672,59567
2022-04-29,5호선,답십리,17140,15281,32421
2022-04-29,5호선,동대문역사문화공원,3048,3595,6643
2022-04-29,5호선,둔촌동,9109,9042,18151
2022-04-29,5호선,마곡,11115,11266,22381
2022-04-29,5호선,마장,6211,5843,12054
2022-04-29,5호선,마천,7941,7198,15139
2022-04-29,5호선,마포,15420,16125,31545
2022-04-29,5호선,명일,9541,9693,19234
2022-04-29,5호선,목동,17909,19017,36926
2022-04-29,5호선,미사,17961,17853,35814
2022-04-29,5호선,발산,21180,22541,43721
2022-04-29,5호선,방이,7497,7683,15180
2022-04-29,5호선,방화,7131,6648,13779
2022-04-29,5호선,상일동,16381,14908,31289
2022-04-29,5호선,서대문,20416,20800,41216
2022-04-29,5호선,송정,7027,6546,13573
2022-04-29,5호선,신금호,7221,7181,14402
2022-04-29,5호선,신길,4684,4590,9274
2022-04-29,5호선,신정,14878,11642,26520
2022-04-29,5호선,아차산,16380,15463,31843
2022-04-29,5호선,애오개,7413,7332,14745
2022-04-29,5호선,양평,8088,7627,15715
2022-04-29,5호선,여의나루,17300,18568,35868
2022-04-29,5호선,여의도,30231,33271,63502
2022-04-29,5호선,영등포구청,4177,4249,8426
2022-04-29,5호선,영등포시장,10922,11296,22218
2022-04-29,5호선,오금,4054,4170,8224
2022-04-29,5호선,오목교,23312,25072,48384
2022-04-29,5호선,올림픽공원,5321,4514,9835
2022-04-29,5호선,왕십리,4856,6026,10882
2022-04-29,5호선,우장산,16175,15512,31687
2022-04-29,5호선,을지로4가,6414,6840,13254
2022-04-29,5호선,장한평,19770,19401,39171
2022-04-29,5호선,종로3가,14576,15258,29834
2022-04-29,5호선,천호,20079,20287,40366
2022-04-29,5호선,청구,4269,3882,8151
2022-04-29,5호선,충정로,4981,5117,10098
2022-04-29,5호선,하남검단산,6446,6035,12481
2022-04-29,5호선,하남시청,7818,7611,15429
2022-04-29,5호선,하남풍산,4711,4610,9321
2022-04-29,5호선,행당,8727,7498,16225
2022-04-29,5호선,화곡,30450,27613,58063
2022-04-29,6호선,고려대,9177,8744,17921
2022-04-29,6호선,공덕,20093,19506,39599
2022-04-29,6호선,광흥창,9711,9188,18899
2022-04-29,6호선,구산,8318,5858,14176
2022-04-29,6호선,녹사평,5502,6038,11540
2022-04-29,6호선,대흥,9218,9192,18410
2022-04-29,6호선,독바위,2808,2846,5654
2022-04-29,6호선,돌곶이,10059,8962,19021
2022-04-29,6호선,동묘앞,8435,8293,16728
2022-04-29,6호선,디지털미디어시티,14498,15720,30218
2022-04-29,6호선,마포구청,15094,13192,28286
2022-04-29,6호선,망원,15339,16354,31693
2022-04-29,6호선,버티고개,2272,2172,4444
2022-04-29,6호선,보문,8214,7092,15306
2022-04-29,6호선,봉화산,9269,8645,17914
2022-04-29,6호선,불광,4675,4451,9126
2022-04-29,6호선,삼각지,7285,6251,13536
2022-04-29,6호선,상수,10134,12481,22615
2022-04-29,6호선,상월곡,6795,5999,12794
2022-04-29,6호선,새절,13899,12626,26525
2022-04-29,6호선,석계,13446,13747,27193
2022-04-29,6호선,신당,8998,8613,17611
2022-04-29,6호선,안암,13359,12536,25895
2022-04-29,6호선,약수,3861,3927,7788
2022-04-29,6호선,역촌,3908,4545,8453
2022-04-29,6호선,월곡,13054,12289,25343
2022-04-29,6호선,월드컵경기장,4389,4792,9181
2022-04-29,6호선,응암,18766,18085,36851
2022-04-29,6호선,이태원,12924,17603,30527
2022-04-29,6호선,증산,10873,10464,21337
2022-04-29,6호선,창신,3945,3163,7108
2022-04-29,6호선,청구,3964,4118,8082
2022-04-29,6호선,태릉입구,5975,6482,12457
2022-04-29,6호선,한강진,8838,11065,19903
2022-04-29,6호선,합정,14728,14761,29489
2022-04-29,6호선,화랑대,13241,9977,23218
2022-04-29,6호선,효창공원앞,7838,6938,14776
2022-04-29,7호선,가산디지털단지,46231,46574,92805
2022-04-29,7호선,강남구청,16789,19282,36071
2022-04-29,7호선,건대입구,14276,15346,29622
2022-04-29,7호선,고속터미널,19559,15335,34894
2022-04-29,7호선,공릉,14145,13461,27606
2022-04-29,7호선,광명사거리,23886,22819,46705
2022-04-29,7호선,군자,16142,12525,28667
2022-04-29,7호선,남구로,15906,16945,32851
2022-04-29,7호선,남성,11924,10645,22569
2022-04-29,7호선,내방,15291,15778,31069
2022-04-29,7호선,노원,21089,22774,43863
2022-04-29,7호선,논현,21606,24024,45630
2022-04-29,7호선,대림,8036,8256,16292
2022-04-29,7호선,도봉산,9910,11051,20961
2022-04-29,7호선,뚝섬유원지,13080,12352,25432
2022-04-29,7호선,마들,13870,12747,26617
2022-04-29,7호선,먹골,10984,10398,21382
2022-04-29,7호선,면목,17187,16192,33379
2022-04-29,7호선,반포,6518,6200,12718
2022-04-29,7호선,보라매,10602,10496,21098
2022-04-29,7호선,사가정,17463,17179,34642
2022-04-29,7호선,상도,12172,11330,23502
2022-04-29,7호선,상봉,18191,17191,35382
2022-04-29,7호선,수락산,13658,12953,26611
2022-04-29,7호선,숭실대입구,15607,15415,31022
2022-04-29,7호선,신대방삼거리,18025,16799,34824
2022-04-29,7호선,신풍,12401,11776,24177
2022-04-29,7호선,어린이대공원,16096,15937,32033
2022-04-29,7호선,온수,11478,10762,22240
2022-04-29,7호선,용마산,6557,6026,12583
2022-04-29,7호선,이수,17385,16931,34316
2022-04-29,7호선,장승배기,9517,9059,18576
2022-04-29,7호선,장암,2410,984,3394
2022-04-29,7호선,중계,15788,14178,29966
2022-04-29,7호선,중곡,11822,10783,22605
2022-04-29,7호선,중화,11730,11182,22912
2022-04-29,7호선,천왕,12237,11234,23471
2022-04-29,7호선,철산,22960,23823,46783
2022-04-29,7호선,청담,20165,22905,43070
2022-04-29,7호선,태릉입구,9759,9180,18939
2022-04-29,7호선,하계,20004,18168,38172
2022-04-29,7호선,학동,24377,26687,51064
2022-04-29,8호선,가락시장,8400,9607,18007
2022-04-29,8호선,강동구청,11275,11344,22619
2022-04-29,8호선,남위례,5545,5719,11264
2022-04-29,8호선,남한산성입구,16310,14329,30639
2022-04-29,8호선,단대오거리,12296,11184,23480
2022-04-29,8호선,모란,6835,5810,12645
2022-04-29,8호선,몽촌토성,6655,6985,13640
2022-04-29,8호선,문정,22815,24181,46996
2022-04-29,8호선,복정,10914,9051,19965
2022-04-29,8호선,산성,5890,5735,11625
2022-04-29,8호선,석촌,8551,9955,18506
2022-04-29,8호선,송파,9376,8907,18283
2022-04-29,8호선,수진,5950,5230,11180
2022-04-29,8호선,신흥,4695,4934,9629
2022-04-29,8호선,암사,20280,17389,37669
2022-04-29,8호선,잠실,15176,19286,34462
2022-04-29,8호선,장지,18966,17742,36708
2022-04-29,8호선,천호,16151,19239,35390
2022-04-29,9호선,가양,22644,21233,43877
2022-04-29,9호선,개화,2721,1895,4616
2022-04-29,9호선,고속터미널,15577,20148,35725
2022-04-29,9호선,공항시장,3254,3408,6662
2022-04-29,9호선,구반포,1408,1451,2859
2022-04-29,9호선,국회의사당,16166,16646,32812
2022-04-29,9호선,김포공항,9368,13695,23063
2022-04-29,9호선,노들,4931,4005,8936
2022-04-29,9호선,노량진,29309,27451,56760
2022-04-29,9호선,당산,20225,20214,40439
2022-04-29,9호선,동작,2126,1878,4004
2022-04-29,9호선,등촌,12116,11275,23391
2022-04-29,9호선,마곡나루,13264,13383,26647
2022-04-29,9호선,사평,4012,3777,7789
2022-04-29,9호선,샛강,6538,6834,13372
2022-04-29,9호선,선유도,9516,8805,18321
2022-04-29,9호선,신논현,36076,37673,73749
2022-04-29,9호선,신목동,4691,3936,8627
2022-04-29,9호선,신반포,4038,3965,8003
2022-04-29,9호선,신방화,7279,6847,14126
2022-04-29,9호선,양천향교,10803,10637,21440
2022-04-29,9호선,여의도,30427,29264,59691
2022-04-29,9호선,염창,18890,17601,36491
2022-04-29,9호선,증미,7919,7548,15467
2022-04-29,9호선,흑석,9943,9815,19758
2022-04-29,9호선2~3단계,둔촌오륜,1316,1085,2401
2022-04-29,9호선2~3단계,봉은사,17021,17674,34695
2022-04-29,9호선2~3단계,삼성중앙,7305,7779,15084
2022-04-29,9호선2~3단계,삼전,7508,7080,14588
2022-04-29,9호선2~3단계,석촌,9487,8121,17608
2022-04-29,9호선2~3단계,석촌고분,6634,6321,12955
2022-04-29,9호선2~3단계,선정릉,10333,11547,21880
2022-04-29,9호선2~3단계,송파나루,5821,6231,12052
2022-04-29,9호선2~3단계,언주,10966,11318,22284
2022-04-29,9호선2~3단계,올림픽공원,9098,9511,18609
2022-04-29,9호선2~3단계,종합운동장,4876,5845,10721
2022-04-29,9호선2~3단계,중앙보훈병원,11249,9801,21050
2022-04-29,9호선2~3단계,한성백제,2727,2621,5348
2022-04-29,경강선,경기광주,8798,8135,16933
2022-04-29,경강선,곤지암,2494,2416,4910
2022-04-29,경강선,부발,2908,2283,5191
2022-04-29,경강선,삼동,2654,2321,4975
2022-04-29,경강선,세종대왕릉,347,353,700
2022-04-29,경강선,신둔도예촌,1906,1667,3573
2022-04-29,경강선,여주,2557,2804,5361
2022-04-29,경강선,이매,1280,1128,2408
2022-04-29,경강선,이천,3081,3186,6267
2022-04-29,경강선,초월,3517,3196,6713
2022-04-29,경강선,판교,5004,5172,10176
2022-04-29,경부선,가산디지털단지,19205,22240,41445
2022-04-29,경부선,관악,7987,7431,15418
2022-04-29,경부선,광명,4122,3618,7740
2022-04-29,경부선,구로,19229,20413,39642
2022-04-29,경부선,군포,7995,7871,15866
2022-04-29,경부선,금정,29495,29608,59103
2022-04-29,경부선,금천구청,12733,12710,25443
2022-04-29,경부선,남영,10397,10956,21353
2022-04-29,경부선,노량진,9474,9595,19069
2022-04-29,경부선,당정,7537,7013,14550
2022-04-29,경부선,대방,14212,14164,28376
2022-04-29,경부선,독산,19899,20193,40092
2022-04-29,경부선,두정,8496,7622,16118
2022-04-29,경부선,명학,9974,9610,19584
2022-04-29,경부선,병점,17512,17527,35039
2022-04-29,경부선,서동탄,1521,1435,2956
2022-04-29,경부선,서울역,9290,2984,12274
2022-04-29,경부선,서정리,9058,7439,16497
2022-04-29,경부선,석수,10483,9209,19692
2022-04-29,경부선,성균관대,17657,16465,34122
2022-04-29,경부선,성환,5447,4472,9919
2022-04-29,경부선,세류,3494,3132,6626
2022-04-29,경부선,세마,3254,3008,6262
2022-04-29,경부선,송탄,5345,4792,10137
2022-04-29,경부선,수원,42228,46842,89070
2022-04-29,경부선,신길,9615,7775,17390
2022-04-29,경부선,신도림,4301,4479,8780
2022-04-29,경부선,안양,27760,27627,55387
2022-04-29,경부선,영등포,42997,45541,88538
2022-04-29,경부선,오산,11289,11183,22472
2022-04-29,경부선,오산대,4445,4129,8574
2022-04-29,경부선,용산,40421,42334,82755
2022-04-29,경부선,의왕,10310,10132,20442
2022-04-29,경부선,직산,978,894,1872
2022-04-29,경부선,진위,2079,1678,3757
2022-04-29,경부선,천안,7866,7519,15385
2022-04-29,경부선,평택,15642,15168,30810
2022-04-29,경부선,평택지제,4418,4022,8440
2022-04-29,경부선,화서,8767,8370,17137
2022-04-29,경원선,가능,7236,6827,14063
2022-04-29,경원선,광운대,9342,8804,18146
2022-04-29,경원선,녹양,5067,4667,9734
2022-04-29,경원선,녹천,5112,4022,9134
2022-04-29,경원선,덕계,3415,3146,6561
2022-04-29,경원선,덕정,6794,6252,13046
2022-04-29,경원선,도봉,6420,6060,12480
2022-04-29,경원선,도봉산,7847,5064,12911
2022-04-29,경원선,동두천,2429,2615,5044
2022-04-29,경원선,동두천중앙,3487,3389,6876
2022-04-29,경원선,망월사,9122,8932,18054
2022-04-29,경원선,방학,10563,10403,20966
2022-04-29,경원선,보산,2407,1882,4289
2022-04-29,경원선,서빙고,2152,1940,4092
2022-04-29,경원선,석계,9057,10174,19231
2022-04-29,경원선,소요산,2589,2207,4796
2022-04-29,경원선,신이문,8983,8194,17177
2022-04-29,경원선,양주,8708,8132,16840
2022-04-29,경원선,옥수,63,33,96
2022-04-29,경원선,왕십리,16124,17839,33963
2022-04-29,경원선,외대앞,9676,9091,18767
2022-04-29,경원선,월계,8306,7531,15837
2022-04-29,경원선,응봉,2101,1704,3805
2022-04-29,경원선,의정부,20435,22196,42631
2022-04-29,경원선,이촌,4174,3122,7296
2022-04-29,경원선,지행,7602,7497,15099
2022-04-29,경원선,청량리,18534,18819,37353
2022-04-29,경원선,한남,4350,4187,8537
2022-04-29,경원선,회룡,13906,13639,27545
2022-04-29,경의선,가좌,6078,5762,11840
2022-04-29,경의선,강매,3651,3068,6719
2022-04-29,경의선,계양,2,0,2
2022-04-29,경의선,곡산,681,707,1388
2022-04-29,경의선,공덕,3834,3490,7324
2022-04-29,경의선,금릉,5574,5453,11027
2022-04-29,경의선,금촌,7267,6955,14222
2022-04-29,경의선,능곡,4244,3965,8209
2022-04-29,경의선,디지털미디어시티,2926,2689,5615
2022-04-29,경의선,문산,6261,6042,12303
2022-04-29,경의선,백마,7950,7488,15438
2022-04-29,경의선,서강대,2342,2301,4643
2022-04-29,경의선,서울역,4857,6481,11338
2022-04-29,경의선,수색,2967,3094,6061
2022-04-29,경의선,신촌,929,1325,2254
2022-04-29,경의선,야당,8886,9248,18134
2022-04-29,경의선,운정,7752,7259,15011
2022-04-29,경의선,월롱,3224,2510,5734
2022-04-29,경의선,일산,10396,10436,20832
2022-04-29,경의선,임진강,14,7,21
2022-04-29,경의선,탄현,8687,8251,16938
2022-04-29,경의선,파주,1516,963,2479
2022-04-29,경의선,풍산,6182,5817,11999
2022-04-29,경의선,행신,9342,9159,18501
2022-04-29,경의선,홍대입구,2093,2799,4892
2022-04-29,경의선,화전,3110,2716,5826
2022-04-29,경의선,효창공원앞,3315,3703,7018
2022-04-29,경인선,간석,6639,6123,12762
2022-04-29,경인선,개봉,23165,22202,45367
2022-04-29,경인선,구일,8608,8274,16882
2022-04-29,경인선,도원,3547,3517,7064
2022-04-29,경인선,도화,4556,4132,8688
2022-04-29,경인선,동암,15475,15740,31215
2022-04-29,경인선,동인천,15067,14489,29556
2022-04-29,경인선,백운,7499,7246,14745
2022-04-29,경인선,부개,9385,8508,17893
2022-04-29,경인선,부천,35610,36364,71974
2022-04-29,경인선,부평,32020,36754,68774
2022-04-29,경인선,소사,9568,8972,18540
2022-04-29,경인선,송내,29507,29342,58849
2022-04-29,경인선,역곡,30929,29800,60729
2022-04-29,경인선,오류동,12954,11339,24293
2022-04-29,경인선,온수,7780,7276,15056
2022-04-29,경인선,인천,4186,3351,7537
2022-04-29,경인선,제물포,12350,11329,23679
2022-04-29,경인선,주안,21568,19193,40761
2022-04-29,경인선,중동,9997,9286,19283
2022-04-29,경춘선,가평,1809,2203,4012
2022-04-29,경춘선,갈매,3362,2871,6233
2022-04-29,경춘선,강촌,576,689,1265
2022-04-29,경춘선,굴봉산,167,159,326
2022-04-29,경춘선,금곡,1661,1619,3280
2022-04-29,경춘선,김유정,320,377,697
2022-04-29,경춘선,남춘천,3851,3048,6899
2022-04-29,경춘선,대성리,638,1409,2047
2022-04-29,경춘선,마석,4337,4276,8613
2022-04-29,경춘선,백양리,115,131,246
2022-04-29,경춘선,별내,3478,3265,6743
2022-04-29,경춘선,사릉,2733,2659,5392
2022-04-29,경춘선,상천,300,273,573
2022-04-29,경춘선,신내,2440,2278,4718
2022-04-29,경춘선,천마산,1755,1663,3418
2022-04-29,경춘선,청평,1845,2131,3976
2022-04-29,경춘선,춘천,2182,1611,3793
2022-04-29,경춘선,퇴계원,3910,3573,7483
2022-04-29,경춘선,평내호평,6944,6930,13874
2022-04-29,공항철도,검암,7026,7004,14030
2022-04-29,공항철도,계양,11497,10777,22274
2022-04-29,공항철도,공덕,2472,3407,5879
2022-04-29,공항철도,공항화물청사,2344,2521,4865
2022-04-29,공항철도,김포공항,15023,7611,22634
2022-04-29,공항철도,디지털미디어시티,14792,13587,28379
2022-04-29,공항철도,마곡나루,9669,9329,18998
2022-04-29,공항철도,서울역,10526,9857,20383
2022-04-29,공항철도,영종,3453,3626,7079
2022-04-29,공항철도,운서,7655,7474,15129
2022-04-29,공항철도,인천공항1터미널,5863,5421,11284
2022-04-29,공항철도,인천공항2터미널,2775,2596,5371
2022-04-29,공항철도,청라국제도시,7650,7290,14940
2022-04-29,공항철도,홍대입구,11955,12822,24777
2022-04-29,과천선,경마공원,7485,7638,15123
2022-04-29,과천선,과천,7280,6620,13900
2022-04-29,과천선,대공원,5952,5911,11863
2022-04-29,과천선,범계,29615,30278,59893
2022-04-29,과천선,선바위,9554,8037,17591
2022-04-29,과천선,인덕원,27332,27728,55060
2022-04-29,과천선,정부과천청사,12024,11727,23751
2022-04-29,과천선,평촌,19075,18720,37795
2022-04-29,분당선,가천대,12367,12291,24658
2022-04-29,분당선,강남구청,10991,12736,23727
2022-04-29,분당선,개포동,4420,4649,9069
2022-04-29,분당선,구룡,2561,2399,4960
2022-04-29,분당선,구성,5637,5950,11587
2022-04-29,분당선,기흥,11164,10451,21615
2022-04-29,분당선,대모산입구,5182,4658,9840
2022-04-29,분당선,도곡,7773,7345,15118
2022-04-29,분당선,망포,16675,15097,31772
2022-04-29,분당선,매교,3451,3382,6833
2022-04-29,분당선,매탄권선,5799,5457,11256
2022-04-29,분당선,모란,28305,29489,57794
2022-04-29,분당선,미금,17114,18176,35290
2022-04-29,분당선,보정,3089,2506,5595
2022-04-29,분당선,상갈,6386,6055,12441
2022-04-29,분당선,서울숲,13392,13946,27338
2022-04-29,분당선,서현,28691,29475,58166
2022-04-29,분당선,선릉,13966,21936,35902
2022-04-29,분당선,선정릉,8428,9141,17569
2022-04-29,분당선,수내,14422,14377,28799
2022-04-29,분당선,수서,16024,16503,32527
2022-04-29,분당선,수원,9763,8232,17995
2022-04-29,분당선,수원시청,14276,16763,31039
2022-04-29,분당선,신갈,4986,4901,9887
2022-04-29,분당선,압구정로데오,22197,26134,48331
2022-04-29,분당선,야탑,29247,30569,59816
2022-04-29,분당선,영통,9824,9962,19786
2022-04-29,분당선,오리,12952,10312,23264
2022-04-29,분당선,이매,6777,6099,12876
2022-04-29,분당선,정자,19408,20563,39971
2022-04-29,분당선,죽전,16197,17524,33721
2022-04-29,분당선,청명,4963,4603,9566
2022-04-29,분당선,태평,14689,13860,28549
2022-04-29,분당선,한티,15362,16033,31395
2022-04-29,수인선,고색,5271,4870,10141
2022-04-29,수인선,남동인더스파크,2322,2604,4926
2022-04-29,수인선,달월,102,76,178
2022-04-29,수인선,사리,5754,4871,10625
2022-04-29,수인선,소래포구,6415,6175,12590
2022-04-29,수인선,송도,2718,2567,5285
2022-04-29,수인선,숭의,4307,3840,8147
2022-04-29,수인선,신포,2032,2140,4172
2022-04-29,수인선,야목,471,353,824
2022-04-29,수인선,어천,936,874,1810
2022-04-29,수인선,연수,5197,5178,10375
2022-04-29,수인선,오목천,4175,3621,7796
2022-04-29,수인선,원인재,4842,5169,10011
2022-04-29,수인선,월곶,2942,2757,5699
2022-04-29,수인선,인천,1284,1947,3231
2022-04-29,수인선,인천논현,6011,6452,12463
2022-04-29,수인선,인하대,7904,7186,15090
2022-04-29,수인선,호구포,4385,4418,8803
2022-04-29,안산선,고잔,9586,9269,18855
2022-04-29,안산선,대야미,5765,4934,10699
2022-04-29,안산선,반월,4725,4516,9241
2022-04-29,안산선,산본,17987,19351,37338
2022-04-29,안산선,상록수,17869,17605,35474
2022-04-29,안산선,수리산,5285,4652,9937
2022-04-29,안산선,신길온천,1980,1828,3808
2022-04-29,안산선,안산,12628,11678,24306
2022-04-29,안산선,오이도,9993,10198,20191
2022-04-29,안산선,정왕,11442,10661,22103
2022-04-29,안산선,중앙,21247,22832,44079
2022-04-29,안산선,초지,5312,5604,10916
2022-04-29,안산선,한대앞,11639,11496,23135
2022-04-29,우이신설선,4.19민주묘지,3789,3544,7333
2022-04-29,우이신설선,가오리,4442,4261,8703
2022-04-29,우이신설선,보문,1721,1658,3379
2022-04-29,우이신설선,북한산보국문,6961,6291,13252
2022-04-29,우이신설선,북한산우이,2902,2662,5564
2022-04-29,우이신설선,삼양,2214,2211,4425
2022-04-29,우이신설선,삼양사거리,2616,2599,5215
2022-04-29,우이신설선,성신여대입구,3809,4278,8087
2022-04-29,우이신설선,솔밭공원,2664,2424,5088
2022-04-29,우이신설선,솔샘,6424,5825,12249
2022-04-29,우이신설선,신설동,2325,2273,4598
2022-04-29,우이신설선,정릉,5677,4855,10532
2022-04-29,우이신설선,화계,3608,3265,6873
2022-04-29,일산선,대곡,2380,1874,4254
2022-04-29,일산선,대화,13750,10892,24642
2022-04-29,일산선,마두,7976,8183,16159
2022-04-29,일산선,백석,10550,10542,21092
2022-04-29,일산선,삼송,21546,20375,41921
2022-04-29,일산선,원당,12290,11390,23680
2022-04-29,일산선,원흥,11985,10877,22862
2022-04-29,일산선,정발산,9183,9425,18608
2022-04-29,일산선,주엽,9766,10060,19826
2022-04-29,일산선,화정,19426,19809,39235
2022-04-29,장항선,배방,1483,1369,2852
2022-04-29,장항선,봉명,1425,1276,2701
2022-04-29,장항선,신창,3837,2262,6099
2022-04-29,장항선,쌍용,3209,2650,5859
2022-04-29,장항선,아산,4895,4652,9547
2022-04-29,장항선,온양온천,5423,5783,11206
2022-04-29,장항선,탕정,1001,844,1845
2022-04-29,중앙선,구리,14908,15384,30292
2022-04-29,중앙선,국수,861,849,1710
2022-04-29,중앙선,덕소,6173,6216,12389
2022-04-29,중앙선,도농,12101,10958,23059
2022-04-29,중앙선,도심,2677,2116,4793
2022-04-29,중앙선,망우,8546,8314,16860
2022-04-29,중앙선,상봉,6430,6361,12791
2022-04-29,중앙선,신원,199,215,414
2022-04-29,중앙선,아신,594,595,1189
2022-04-29,중앙선,양수,2017,2060,4077
2022-04-29,중앙선,양원,3305,3041,6346
2022-04-29,중앙선,양정,752,676,1428
2022-04-29,중앙선,양평,3197,3433,6630
2022-04-29,중앙선,오빈,297,337,634
2022-04-29,중앙선,용문,2030,2294,4324
2022-04-29,중앙선,운길산,848,819,1667
2022-04-29,중앙선,원덕,445,438,883
2022-04-29,중앙선,중랑,6076,5673,11749
2022-04-29,중앙선,지평,63,72,135
2022-04-29,중앙선,팔당,1025,1057,2082
2022-04-29,중앙선,회기,28543,26769,55312
