사용일자,호선명,지하철역,승차총승객수,하차총승객수,승하차총승객수
20220501,1호선,동대문,11285,11749,23034
20220501,1호선,동묘앞,13992,14031,28023
20220501,1호선,서울역,33748,31073,64821
20220501,1호선,시청,11326,13055,24381
20220501,1호선,신설동,8608,8342,16950
20220501,1호선,제기동,10935,11681,22616
20220501,1호선,종각,22191,18166,40357
20220501,1호선,종로3가,18239,15697,33936
20220501,1호선,종로5가,11811,11456,23267
20220501,1호선,청량리,14302,14335,28637
20220501,2호선,강남,38056,36569,74625
20220501,2호선,강변,25218,24368,49586
20220501,2호선,건대입구,32888,32321,65209
20220501,2호선,교대,11226,12308,23534
20220501,2호선,구로디지털단지,25245,24996,50241
20220501,2호선,구의,11969,12184,24153
20220501,2호선,낙성대,16991,17918,34909
20220501,2호선,당산,10135,10929,21064
20220501,2호선,대림,16075,16562,32637
20220501,2호선,도림천,530,548,1078
20220501,2호선,동대문역사문화공원,8885,10719,19604
20220501,2호선,뚝섬,13633,13276,26909
20220501,2호선,문래,8620,9271,17891
20220501,2호선,방배,7403,7821,15224
20220501,2호선,봉천,13111,12513,25624
20220501,2호선,사당,23673,26878,50551
20220501,2호선,삼성,22187,20965,43152
20220501,2호선,상왕십리,7491,7567,15058
20220501,2호선,서울대입구,29371,30564,59935
20220501,2호선,서초,12452,11427,23879
20220501,2호선,선릉,14314,12418,26732
20220501,2호선,성수,17823,19830,37653
20220501,2호선,시청,8286,8128,16414
20220501,2호선,신답,924,922,1846
20220501,2호선,신당,8932,9826,18758
20220501,2호선,신대방,16780,16841,33621
20220501,2호선,신도림,29504,30452,59956
20220501,2호선,신림,39818,39446,79264
20220501,2호선,신설동,3641,3695,7336
20220501,2호선,신정네거리,5692,5821,11513
20220501,2호선,신촌,24449,23858,48307
20220501,2호선,아현,5790,5714,11504
20220501,2호선,양천구청,3443,3644,7087
20220501,2호선,역삼,11585,12514,24099
20220501,2호선,영등포구청,8742,9211,17953
20220501,2호선,왕십리,10572,9477,20049
20220501,2호선,용답,1874,1975,3849
20220501,2호선,용두,1248,1258,2506
20220501,2호선,을지로3가,10792,9993,20785
20220501,2호선,을지로4가,4273,4282,8555
20220501,2호선,을지로입구,19913,17846,37759
20220501,2호선,이대,7937,8693,16630
20220501,2호선,잠실,59365,54817,114182
20220501,2호선,잠실나루,5616,5764,11380
20220501,2호선,잠실새내,13427,13507,26934
20220501,2호선,종합운동장,15061,16734,31795
20220501,2호선,충정로,4212,4460,8672
20220501,2호선,한양대,2762,3300,6062
20220501,2호선,합정,23125,24575,47700
20220501,2호선,홍대입구,57854,55945,113799
20220501,3호선,가락시장,3999,4214,8213
20220501,3호선,경복궁,20437,18453,38890
20220501,3호선,경찰병원,2820,2818,5638
20220501,3호선,고속터미널,47617,44736,92353
20220501,3호선,교대,4768,2924,7692
20220501,3호선,구파발,12738,13222,25960
20220501,3호선,금호,4479,4416,8895
20220501,3호선,남부터미널,15448,16573,32021
20220501,3호선,녹번,7901,7461,15362
20220501,3호선,대청,4333,4342,8675
20220501,3호선,대치,5049,4747,9796
20220501,3호선,도곡,2136,2240,4376
20220501,3호선,독립문,5123,5830,10953
20220501,3호선,동대입구,5524,6136,11660
20220501,3호선,매봉,4346,4303,8649
20220501,3호선,무악재,2170,2397,4567
20220501,3호선,불광,10896,12777,23673
20220501,3호선,수서,11219,11239,22458
20220501,3호선,신사,16157,15508,31665
20220501,3호선,안국,18204,18370,36574
20220501,3호선,압구정,14505,15139,29644
20220501,3호선,약수,7383,7336,14719
20220501,3호선,양재,14818,17187,32005
20220501,3호선,연신내,23088,22117,45205
20220501,3호선,오금,2800,2851,5651
20220501,3호선,옥수,5509,5794,11303
20220501,3호선,을지로3가,4440,3908,8348
20220501,3호선,일원,3556,3880,7436
20220501,3호선,잠원,2535,2506,5041
20220501,3호선,종로3가,5137,6200,11337
20220501,3호선,지축,2740,2499,5239
20220501,3호선,학여울,2449,2760,5209
20220501,3호선,홍제,10596,10123,20719
20220501,4호선,길음,11648,11932,23580
20220501,4호선,남태령,878,597,1475
20220501,4호선,노원,13184,14315,27499
20220501,4호선,당고개,6778,6498,13276
20220501,4호선,동대문,8493,8856,17349
20220501,4호선,동대문역사문화공원,10264,9268,19532
20220501,4호선,동작,1382,1501,2883
20220501,4호선,명동,14068,13984,28052
20220501,4호선,미아,8631,8354,16985
20220501,4호선,미아사거리,17990,17381,35371
20220501,4호선,사당,17727,16043,33770
20220501,4호선,삼각지,3213,4060,7273
20220501,4호선,상계,13599,13167,26766
20220501,4호선,서울역,5352,12778,18130
20220501,4호선,성신여대입구,14037,13643,27680
20220501,4호선,수유,21663,21251,42914
20220501,4호선,숙대입구,8517,8285,16802
20220501,4호선,신용산,9475,9450,18925
20220501,4호선,쌍문,17301,15690,32991
20220501,4호선,이촌,6502,7206,13708
20220501,4호선,창동,16357,17204,33561
20220501,4호선,총신대입구,11295,12224,23519
20220501,4호선,충무로,10308,10313,20621
20220501,4호선,한성대입구,8890,8988,17878
20220501,4호선,혜화,25500,25925,51425
20220501,4호선,회현,10438,10632,21070
20220501,5호선,강동,9504,9435,18939
20220501,5호선,강일,2256,2264,4520
20220501,5호선,개롱,3205,3421,6626
20220501,5호선,개화산,2936,3031,5967
20220501,5호선,거여,4944,4747,9691
20220501,5호선,고덕,4539,4547,9086
20220501,5호선,공덕,4955,5004,9959
20220501,5호선,광나루,8317,8147,16464
20220501,5호선,광화문,16313,14172,30485
20220501,5호선,군자,6623,7316,13939
20220501,5호선,굽은다리,5627,5450,11077
20220501,5호선,길동,4479,4419,8898
20220501,5호선,김포공항,7698,7343,15041
20220501,5호선,까치산,16647,16104,32751
20220501,5호선,답십리,8073,7326,15399
20220501,5호선,동대문역사문화공원,726,880,1606
20220501,5호선,둔촌동,4995,4937,9932
20220501,5호선,마곡,3839,3947,7786
20220501,5호선,마장,3106,2951,6057
20220501,5호선,마천,3898,4310,8208
20220501,5호선,마포,5157,5161,10318
20220501,5호선,명일,5221,5450,10671
20220501,5호선,목동,8236,8591,16827
20220501,5호선,미사,9649,9680,19329
20220501,5호선,발산,10120,10761,20881
20220501,5호선,방이,4068,3896,7964
20220501,5호선,방화,3942,3878,7820
20220501,5호선,상일동,7096,6938,14034
20220501,5호선,서대문,6022,5664,11686
20220501,5호선,송정,4043,4033,8076
20220501,5호선,신금호,3151,3461,6612
20220501,5호선,신길,2105,2367,4472
20220501,5호선,신정,6878,6222,13100
20220501,5호선,아차산,12728,12454,25182
20220501,5호선,애오개,2816,3054,5870
20220501,5호선,양평,2845,2873,5718
20220501,5호선,여의나루,19551,21538,41089
20220501,5호선,여의도,9768,9626,19394
20220501,5호선,영등포구청,1478,1542,3020
20220501,5호선,영등포시장,5808,6159,11967
20220501,5호선,오금,1736,1716,3452
20220501,5호선,오목교,11546,11845,23391
20220501,5호선,올림픽공원,3297,3144,6441
20220501,5호선,왕십리,2832,3242,6074
20220501,5호선,우장산,7110,7347,14457
20220501,5호선,을지로4가,2010,2068,4078
20220501,5호선,장한평,8338,8266,16604
20220501,5호선,종로3가,11019,9990,21009
20220501,5호선,천호,14385,13378,27763
20220501,5호선,청구,2116,1908,4024
20220501,5호선,충정로,1613,1531,3144
20220501,5호선,하남검단산,5203,5018,10221
20220501,5호선,하남시청,4354,4336,8690
20220501,5호선,하남풍산,2165,2261,4426
20220501,5호선,행당,4222,3904,8126
20220501,5호선,화곡,15111,14421,29532
20220501,6호선,고려대,4395,4507,8902
20220501,6호선,공덕,7489,7027,14516
20220501,6호선,광흥창,4403,4281,8684
20220501,6호선,구산,3998,3061,7059
20220501,6호선,녹사평,4980,4960,9940
20220501,6호선,대흥,4175,4357,8532
20220501,6호선,독바위,1596,1972,3568
20220501,6호선,돌곶이,5745,5471,11216
20220501,6호선,동묘앞,6989,6883,13872
20220501,6호선,디지털미디어시티,5678,6085,11763
20220501,6호선,마포구청,7472,6688,14160
20220501,6호선,망원,10964,11741,22705
20220501,6호선,버티고개,1220,1303,2523
20220501,6호선,보문,4487,4434,8921
20220501,6호선,봉화산,4214,4181,8395
20220501,6호선,불광,3264,2897,6161
20220501,6호선,삼각지,4529,3418,7947
20220501,6호선,상수,7162,7745,14907
20220501,6호선,상월곡,3545,3290,6835
20220501,6호선,새절,6777,6715,13492
20220501,6호선,석계,6927,7179,14106
20220501,6호선,신내,1,0,1
20220501,6호선,신당,5042,5344,10386
20220501,6호선,안암,5593,6607,12200
20220501,6호선,약수,1909,2015,3924
20220501,6호선,역촌,2091,2434,4525
20220501,6호선,연신내,2,0,2
20220501,6호선,월곡,5896,5997,11893
20220501,6호선,월드컵경기장,4139,4210,8349
20220501,6호선,응암,10003,10349,20352
20220501,6호선,이태원,14759,11603,26362
20220501,6호선,증산,5918,6177,12095
20220501,6호선,창신,1735,1630,3365
20220501,6호선,청구,1914,1889,3803
20220501,6호선,태릉입구,3504,3830,7334
20220501,6호선,한강진,7413,8782,16195
20220501,6호선,합정,10453,9471,19924
20220501,6호선,화랑대,5603,5148,10751
20220501,6호선,효창공원앞,3636,3373,7009
20220501,7호선,가산디지털단지,11663,10814,22477
20220501,7호선,강남구청,5743,6228,11971
20220501,7호선,건대입구,8779,9771,18550
20220501,7호선,고속터미널,15699,9196,24895
20220501,7호선,공릉,6956,7484,14440
20220501,7호선,광명사거리,13293,13140,26433
20220501,7호선,군자,8500,6577,15077
20220501,7호선,남구로,7045,6716,13761
20220501,7호선,남성,5648,5667,11315
20220501,7호선,내방,5225,5643,10868
20220501,7호선,노원,11739,11981,23720
20220501,7호선,논현,6231,6672,12903
20220501,7호선,대림,8173,7352,15525
20220501,7호선,도봉산,5977,8518,14495
20220501,7호선,뚝섬유원지,13968,13809,27777
20220501,7호선,마들,6486,5993,12479
20220501,7호선,먹골,5773,5598,11371
20220501,7호선,면목,8375,8161,16536
20220501,7호선,반포,3245,3260,6505
20220501,7호선,보라매,4652,4792,9444
20220501,7호선,사가정,9658,9481,19139
20220501,7호선,상도,5645,6010,11655
20220501,7호선,상봉,10391,9622,20013
20220501,7호선,수락산,8756,8651,17407
20220501,7호선,숭실대입구,6017,6753,12770
20220501,7호선,신대방삼거리,8552,8417,16969
20220501,7호선,신풍,6573,6373,12946
20220501,7호선,어린이대공원,10108,10436,20544
20220501,7호선,온수,4124,4319,8443
20220501,7호선,용마산,3577,4011,7588
20220501,7호선,이수,8745,8339,17084
20220501,7호선,장승배기,4600,4650,9250
20220501,7호선,장암,1677,1088,2765
20220501,7호선,중계,7254,6794,14048
20220501,7호선,중곡,5557,5447,11004
20220501,7호선,중화,6039,5829,11868
20220501,7호선,천왕,5250,5073,10323
20220501,7호선,철산,11251,11206,22457
20220501,7호선,청담,7166,7677,14843
20220501,7호선,태릉입구,5346,5194,10540
20220501,7호선,하계,9954,9804,19758
20220501,7호선,학동,6056,6316,12372
20220501,8호선,가락시장,3370,4176,7546
20220501,8호선,강동구청,4719,4979,9698
20220501,8호선,남위례,2544,2583,5127
20220501,8호선,남한산성입구,7112,6916,14028
20220501,8호선,단대오거리,5900,5764,11664
20220501,8호선,모란,2971,2429,5400
20220501,8호선,몽촌토성,3865,3766,7631
20220501,8호선,문정,5602,5966,11568
20220501,8호선,복정,5132,4863,9995
20220501,8호선,산성,3424,3580,7004
20220501,8호선,석촌,4368,5529,9897
20220501,8호선,송파,4212,4352,8564
20220501,8호선,수진,3209,2937,6146
20220501,8호선,신흥,2692,3033,5725
20220501,8호선,암사,9599,9113,18712
20220501,8호선,잠실,10802,12451,23253
20220501,8호선,장지,9723,9796,19519
20220501,8호선,천호,9280,10601,19881
20220501,9호선,가양,10898,10933,21831
20220501,9호선,개화,1288,1141,2429
20220501,9호선,고속터미널,12979,18275,31254
20220501,9호선,공항시장,1862,2014,3876
20220501,9호선,구반포,453,467,920
20220501,9호선,국회의사당,5260,4762,10022
20220501,9호선,김포공항,7687,11819,19506
20220501,9호선,노들,3026,2808,5834
20220501,9호선,노량진,16085,16910,32995
20220501,9호선,당산,10093,9701,19794
20220501,9호선,동작,1633,1370,3003
20220501,9호선,등촌,5316,5486,10802
20220501,9호선,마곡나루,6460,6452,12912
20220501,9호선,사평,1713,1765,3478
20220501,9호선,샛강,2069,1922,3991
20220501,9호선,선유도,3321,3387,6708
20220501,9호선,신논현,17982,16476,34458
20220501,9호선,신목동,1978,1748,3726
20220501,9호선,신반포,2335,2590,4925
20220501,9호선,신방화,3576,3563,7139
20220501,9호선,양천향교,4349,4596,8945
20220501,9호선,여의도,10992,9752,20744
20220501,9호선,염창,9212,9223,18435
20220501,9호선,증미,2966,2935,5901
20220501,9호선,흑석,4503,4868,9371
20220501,9호선2~3단계,둔촌오륜,527,553,1080
20220501,9호선2~3단계,봉은사,9250,9270,18520
20220501,9호선2~3단계,삼성중앙,2139,2241,4380
20220501,9호선2~3단계,삼전,3739,3749,7488
20220501,9호선2~3단계,석촌,5258,4567,9825
20220501,9호선2~3단계,석촌고분,3502,3401,6903
20220501,9호선2~3단계,선정릉,3199,3672,6871
20220501,9호선2~3단계,송파나루,3694,3903,7597
20220501,9호선2~3단계,언주,4064,3985,8049
20220501,9호선2~3단계,올림픽공원,9811,9880,19691
20220501,9호선2~3단계,종합운동장,3785,3219,7004
20220501,9호선2~3단계,중앙보훈병원,3742,3522,7264
20220501,9호선2~3단계,한성백제,1539,1477,3016
20220501,경강선,경기광주,4471,4336,8807
20220501,경강선,곤지암,1728,1847,3575
20220501,경강선,부발,1653,2357,4010
20220501,경강선,삼동,1196,1171,2367
20220501,경강선,세종대왕릉,371,327,698
20220501,경강선,신둔도예촌,1057,1101,2158
20220501,경강선,여주,2519,2474,4993
20220501,경강선,이매,793,521,1314
20220501,경강선,이천,2350,2557,4907
20220501,경강선,초월,1740,1747,3487
20220501,경강선,판교,2733,2551,5284
20220501,경부선,가산디지털단지,5362,7168,12530
20220501,경부선,관악,5734,5372,11106
20220501,경부선,광명,3037,2179,5216
20220501,경부선,구로,10372,10467,20839
20220501,경부선,군포,3320,3137,6457
20220501,경부선,금정,16083,16527,32610
20220501,경부선,금천구청,6832,6862,13694
20220501,경부선,남영,4823,5147,9970
20220501,경부선,노량진,6587,6544,13131
20220501,경부선,당정,3431,3373,6804
20220501,경부선,대방,6707,7013,13720
20220501,경부선,독산,6885,6890,13775
20220501,경부선,두정,5020,6567,11587
20220501,경부선,명학,3446,3524,6970
20220501,경부선,병점,10592,11359,21951
20220501,경부선,서동탄,916,906,1822
20220501,경부선,서울역,9183,2158,11341
20220501,경부선,서정리,4929,7070,11999
20220501,경부선,석수,5939,5700,11639
20220501,경부선,성균관대,8694,9678,18372
20220501,경부선,성환,2800,3708,6508
20220501,경부선,세류,2369,2241,4610
20220501,경부선,세마,1992,1852,3844
20220501,경부선,송탄,3932,4903,8835
20220501,경부선,수원,40396,38732,79128
20220501,경부선,신길,5207,4663,9870
20220501,경부선,신도림,2488,2622,5110
20220501,경부선,안양,14992,14407,29399
20220501,경부선,영등포,35422,34223,69645
20220501,경부선,오산,8614,9060,17674
20220501,경부선,오산대,2723,2665,5388
20220501,경부선,용산,35900,32868,68768
20220501,경부선,의왕,4891,4922,9813
20220501,경부선,직산,677,722,1399
20220501,경부선,진위,996,978,1974
20220501,경부선,천안,7104,7490,14594
20220501,경부선,평택,13451,14020,27471
20220501,경부선,평택지제,2856,2738,5594
20220501,경부선,화서,4686,4969,9655
20220501,경원선,가능,4453,4200,8653
20220501,경원선,광운대,4430,4817,9247
20220501,경원선,녹양,3028,2911,5939
20220501,경원선,녹천,2687,2333,5020
20220501,경원선,덕계,2173,2064,4237
20220501,경원선,덕정,3745,3967,7712
20220501,경원선,도봉,3777,3614,7391
20220501,경원선,도봉산,9927,7165,17092
20220501,경원선,동두천,1502,2064,3566
20220501,경원선,동두천중앙,2412,2318,4730
20220501,경원선,망월사,4975,5202,10177
20220501,경원선,방학,6529,6369,12898
20220501,경원선,보산,1748,1729,3477
20220501,경원선,서빙고,1729,1820,3549
20220501,경원선,석계,5482,6074,11556
20220501,경원선,소요산,4848,4025,8873
20220501,경원선,신이문,5128,4932,10060
20220501,경원선,양주,5736,5847,11583
20220501,경원선,옥수,63,41,104
20220501,경원선,왕십리,10308,11919,22227
20220501,경원선,외대앞,5241,5385,10626
20220501,경원선,월계,4134,3869,8003
20220501,경원선,응봉,1309,1249,2558
20220501,경원선,의정부,15738,15866,31604
20220501,경원선,이촌,2838,2020,4858
20220501,경원선,지행,5138,5021,10159
20220501,경원선,청량리,15465,14908,30373
20220501,경원선,한남,2030,2025,4055
20220501,경원선,회룡,8344,8335,16679
20220501,경의선,가좌,3030,2964,5994
20220501,경의선,강매,1731,1670,3401
20220501,경의선,곡산,382,333,715
20220501,경의선,공덕,1963,1586,3549
20220501,경의선,금릉,3372,3190,6562
20220501,경의선,금촌,5092,5415,10507
20220501,경의선,능곡,2452,2510,4962
20220501,경의선,디지털미디어시티,1536,1524,3060
20220501,경의선,문산,4010,4065,8075
20220501,경의선,백마,3916,3810,7726
20220501,경의선,서강대,1368,1436,2804
20220501,경의선,서울역,1396,1189,2585
20220501,경의선,수색,956,1056,2012
20220501,경의선,신촌,311,336,647
20220501,경의선,야당,5457,5370,10827
20220501,경의선,운정,4135,3938,8073
20220501,경의선,월롱,1186,2406,3592
20220501,경의선,일산,5401,5045,10446
20220501,경의선,임진강,84,73,157
20220501,경의선,탄현,4665,4261,8926
20220501,경의선,파주,780,684,1464
20220501,경의선,풍산,3892,3580,7472
20220501,경의선,행신,5112,4672,9784
20220501,경의선,홍대입구,1817,2346,4163
20220501,경의선,화전,980,1130,2110
20220501,경의선,효창공원앞,1441,1680,3121
20220501,경인선,간석,3415,3303,6718
20220501,경인선,개봉,12540,12423,24963
20220501,경인선,구일,4757,4886,9643
20220501,경인선,도원,1702,1788,3490
20220501,경인선,도화,2526,2328,4854
20220501,경인선,동암,10375,10062,20437
20220501,경인선,동인천,10571,10202,20773
20220501,경인선,백운,4283,4337,8620
20220501,경인선,부개,5121,4862,9983
20220501,경인선,부천,24307,23799,48106
20220501,경인선,부평,24916,24990,49906
20220501,경인선,소사,6416,6121,12537
20220501,경인선,송내,14501,14053,28554
20220501,경인선,역곡,15974,16146,32120
20220501,경인선,오류동,7576,7194,14770
20220501,경인선,온수,4138,3904,8042
20220501,경인선,인천,5152,4346,9498
20220501,경인선,제물포,5892,5813,11705
20220501,경인선,주안,12553,11430,23983
20220501,경인선,중동,5435,5162,10597
20220501,경춘선,가평,2836,1934,4770
20220501,경춘선,갈매,1622,1391,3013
20220501,경춘선,강촌,1175,745,1920
20220501,경춘선,굴봉산,374,353,727
20220501,경춘선,금곡,1029,1060,2089
20220501,경춘선,김유정,613,611,1224
20220501,경춘선,남춘천,2847,3637,6484
20220501,경춘선,대성리,2399,717,3116
20220501,경춘선,마석,3122,3040,6162
20220501,경춘선,백양리,212,210,422
20220501,경춘선,별내,1916,1782,3698
20220501,경춘선,사릉,1559,1507,3066
20220501,경춘선,상천,743,621,1364
20220501,경춘선,신내,1141,1108,2249
20220501,경춘선,천마산,1305,1291,2596
20220501,경춘선,청평,2536,1675,4211
20220501,경춘선,춘천,2418,1974,4392
20220501,경춘선,퇴계원,2310,2111,4421
20220501,경춘선,평내호평,3917,3751,7668
20220501,공항철도 1호선,검암,3853,3937,7790
20220501,공항철도 1호선,계양,5904,5595,11499
20220501,공항철도 1호선,공덕,1264,1793,3057
20220501,공항철도 1호선,공항화물청사,1066,1116,2182
20220501,공항철도 1호선,김포공항,12119,5854,17973
20220501,공항철도 1호선,디지털미디어시티,3902,3941,7843
20220501,공항철도 1호선,마곡나루,2700,3098,5798
20220501,공항철도 1호선,서울역,8982,8743,17725
20220501,공항철도 1호선,영종,2915,2862,5777
20220501,공항철도 1호선,운서,5698,6058,11756
20220501,공항철도 1호선,인천공항1터미널,5684,4892,10576
20220501,공항철도 1호선,인천공항2터미널,2632,2183,4815
20220501,공항철도 1호선,청라국제도시,3639,3521,7160
20220501,공항철도 1호선,홍대입구,11641,10604,22245
20220501,과천선,경마공원,16079,16490,32569
20220501,과천선,과천,4067,3804,7871
20220501,과천선,대공원,8539,8649,17188
20220501,과천선,범계,16701,16227,32928
20220501,과천선,선바위,4783,4229,9012
20220501,과천선,인덕원,14145,14028,28173
20220501,과천선,정부과천청사,5108,5115,10223
20220501,과천선,평촌,6640,6495,13135
20220501,분당선,가천대,4344,5367,9711
20220501,분당선,강남구청,3310,4058,7368
20220501,분당선,개포동,1972,2092,4064
20220501,분당선,구룡,855,996,1851
20220501,분당선,구성,2733,2918,5651
20220501,분당선,기흥,5569,5228,10797
20220501,분당선,대모산입구,2142,2014,4156
20220501,분당선,도곡,2953,2888,5841
20220501,분당선,망포,7082,7292,14374
20220501,분당선,매교,1614,1732,3346
20220501,분당선,매탄권선,2782,2671,5453
20220501,분당선,모란,12218,12715,24933
20220501,분당선,미금,7788,8362,16150
20220501,분당선,보정,1274,1288,2562
20220501,분당선,상갈,3194,3338,6532
20220501,분당선,서울숲,10105,10537,20642
20220501,분당선,서현,16001,15898,31899
20220501,분당선,선릉,3042,4714,7756
20220501,분당선,선정릉,2214,2271,4485
20220501,분당선,수내,6295,6017,12312
20220501,분당선,수서,9053,8626,17679
20220501,분당선,수원,7821,5467,13288
20220501,분당선,수원시청,8426,8248,16674
20220501,분당선,신갈,2135,2212,4347
20220501,분당선,압구정로데오,11300,12209,23509
20220501,분당선,야탑,15097,15400,30497
20220501,분당선,영통,5712,5728,11440
20220501,분당선,오리,5694,4922,10616
20220501,분당선,이매,3684,3733,7417
20220501,분당선,정자,7826,8243,16069
20220501,분당선,죽전,8558,9881,18439
20220501,분당선,청명,2175,2330,4505
20220501,분당선,태평,8681,8296,16977
20220501,분당선,한티,7401,7549,14950
20220501,수인선,고색,1849,2129,3978
20220501,수인선,남동인더스파크,626,608,1234
20220501,수인선,달월,67,64,131
20220501,수인선,사리,3222,2692,5914
20220501,수인선,소래포구,6217,6040,12257
20220501,수인선,송도,1766,1733,3499
20220501,수인선,숭의,2153,1967,4120
20220501,수인선,신포,1238,1248,2486
20220501,수인선,야목,248,205,453
20220501,수인선,어천,640,744,1384
20220501,수인선,연수,3518,3421,6939
20220501,수인선,오목천,1713,1751,3464
20220501,수인선,원인재,3146,3398,6544
20220501,수인선,월곶,1931,1811,3742
20220501,수인선,인천,1470,2104,3574
20220501,수인선,인천논현,3236,3369,6605
20220501,수인선,인하대,3570,3613,7183
20220501,수인선,호구포,2162,2227,4389
20220501,안산선,고잔,5366,5049,10415
20220501,안산선,대야미,3698,3197,6895
20220501,안산선,반월,2999,2876,5875
20220501,안산선,산본,10901,11109,22010
20220501,안산선,상록수,10516,10543,21059
20220501,안산선,수리산,4528,5347,9875
20220501,안산선,신길온천,1352,1262,2614
20220501,안산선,안산,10531,9936,20467
20220501,안산선,오이도,6860,6659,13519
20220501,안산선,정왕,5986,6491,12477
20220501,안산선,중앙,13825,13649,27474
20220501,안산선,초지,2824,2856,5680
20220501,안산선,한대앞,5947,6395,12342
20220501,우이신설선,4.19민주묘지,2175,1988,4163
20220501,우이신설선,가오리,2514,2416,4930
20220501,우이신설선,보문,1142,1162,2304
20220501,우이신설선,북한산보국문,4247,3923,8170
20220501,우이신설선,북한산우이,4717,4551,9268
20220501,우이신설선,삼양,1343,1403,2746
20220501,우이신설선,삼양사거리,1658,1566,3224
20220501,우이신설선,성신여대입구,2433,2793,5226
20220501,우이신설선,솔밭공원,1608,1557,3165
20220501,우이신설선,솔샘,3104,2970,6074
20220501,우이신설선,신설동,1328,1324,2652
20220501,우이신설선,정릉,3216,2714,5930
20220501,우이신설선,화계,2368,2249,4617
20220501,일산선,대곡,1178,994,2172
20220501,일산선,대화,6619,6133,12752
20220501,일산선,마두,3922,3857,7779
20220501,일산선,백석,5896,5853,11749
20220501,일산선,삼송,12604,12381,24985
20220501,일산선,원당,6901,6582,13483
20220501,일산선,원흥,6162,5968,12130
20220501,일산선,정발산,7001,7098,14099
20220501,일산선,주엽,5089,5103,10192
20220501,일산선,화정,10635,10953,21588
20220501,장항선,배방,926,1173,2099
20220501,장항선,봉명,664,686,1350
20220501,장항선,신창,1186,2390,3576
20220501,장항선,쌍용,1266,1584,2850
20220501,장항선,아산,4576,2920,7496
20220501,장항선,온양온천,4017,3859,7876
20220501,장항선,탕정,521,660,1181
20220501,중앙선,구리,8781,9003,17784
20220501,중앙선,국수,760,667,1427
20220501,중앙선,덕소,3958,4128,8086
20220501,중앙선,도농,5935,5793,11728
20220501,중앙선,도심,1453,1281,2734
20220501,중앙선,망우,5355,5612,10967
20220501,중앙선,상봉,4177,4491,8668
20220501,중앙선,신원,438,246,684
20220501,중앙선,아신,749,574,1323
20220501,중앙선,양수,2485,2194,4679
20220501,중앙선,양원,1632,1626,3258
20220501,중앙선,양정,629,521,1150
20220501,중앙선,양평,2576,2238,4814
20220501,중앙선,오빈,339,285,624
20220501,중앙선,용문,2790,2234,5024
20220501,중앙선,운길산,1723,1604,3327
20220501,중앙선,원덕,550,445,995
20220501,중앙선,중랑,3828,3729,7557
20220501,중앙선,지평,79,76,155
20220501,중앙선,팔당,1609,1652,3261
20220501,중앙선,회기,17189,17429,34618
20220507,1호선,동대문,10668,10409,21077
20220507,1호선,동묘앞,11443,11870,23313
20220507,1호선,서울역,37322,37087,74409
20220507,1호선,시청,13259,13092,26351
20220507,1호선,신설동,9699,9026,18725
20220507,1호선,제기동,14485,14791,29276
20220507,1호선,종각,19990,18946,38936
20220507,1호선,종로3가,22356,20529,42885
20220507,1호선,종로5가,18447,18694,37141
20220507,1호선,청량리,18539,18491,37030
20220507,2호선,강남,57070,58990,116060
20220507,2호선,강변,28928,30839,59767
20220507,2호선,건대입구,37014,39982,76996
20220507,2호선,교대,16653,18776,35429
20220507,2호선,구로디지털단지,32793,31876,64669
20220507,2호선,구의,16247,15020,31267
20220507,2호선,낙성대,20670,18609,39279
20220507,2호선,당산,12528,13376,25904
20220507,2호선,대림,18147,19180,37327
20220507,2호선,도림천,722,746,1468
20220507,2호선,동대문역사문화공원,10865,12416,23281
20220507,2호선,뚝섬,15353,15790,31143
20220507,2호선,문래,12198,12961,25159
20220507,2호선,방배,9807,9770,19577
20220507,2호선,봉천,16664,14695,31359
20220507,2호선,사당,29462,33549,63011
20220507,2호선,삼성,28175,27943,56118
20220507,2호선,상왕십리,9779,9010,18789
20220507,2호선,서울대입구,36785,34517,71302
20220507,2호선,서초,10722,8914,19636
20220507,2호선,선릉,22728,19809,42537
20220507,2호선,성수,19939,23264,43203
20220507,2호선,시청,9888,8260,18148
20220507,2호선,신답,1144,1093,2237
20220507,2호선,신당,11038,11820,22858
20220507,2호선,신대방,20645,18916,39561
20220507,2호선,신도림,37903,38690,76593
20220507,2호선,신림,50317,46971,97288
20220507,2호선,신설동,3397,3328,6725
20220507,2호선,신정네거리,7664,7597,15261
20220507,2호선,신촌,30657,30367,61024
20220507,2호선,아현,7471,6886,14357
20220507,2호선,양천구청,4629,4479,9108
20220507,2호선,역삼,16674,18103,34777
20220507,2호선,영등포구청,11804,12269,24073
20220507,2호선,왕십리,13375,11525,24900
20220507,2호선,용답,2412,2077,4489
20220507,2호선,용두,1653,1654,3307
20220507,2호선,을지로3가,11631,11975,23606
20220507,2호선,을지로4가,7292,7530,14822
20220507,2호선,을지로입구,22403,22251,44654
20220507,2호선,이대,10383,10373,20756
20220507,2호선,잠실,68485,65849,134334
20220507,2호선,잠실나루,7754,7515,15269
20220507,2호선,잠실새내,17046,17276,34322
20220507,2호선,종합운동장,9987,10817,20804
20220507,2호선,충정로,5358,5670,11028
20220507,2호선,한양대,5002,5131,10133
20220507,2호선,합정,27383,31237,58620
20220507,2호선,홍대입구,67876,76048,143924
20220507,3호선,가락시장,5794,5566,11360
20220507,3호선,경복궁,20163,19714,39877
20220507,3호선,경찰병원,3797,3705,7502
20220507,3호선,고속터미널,55663,58892,114555
20220507,3호선,교대,7016,4281,11297
20220507,3호선,구파발,16036,16292,32328
20220507,3호선,금호,5961,5303,11264
20220507,3호선,남부터미널,20771,21840,42611
20220507,3호선,녹번,10509,9063,19572
20220507,3호선,대청,5819,5178,10997
20220507,3호선,대치,9268,8434,17702
20220507,3호선,도곡,3240,3279,6519
20220507,3호선,독립문,6244,6702,12946
20220507,3호선,동대입구,6272,7135,13407
20220507,3호선,매봉,6186,6043,12229
20220507,3호선,무악재,2693,2779,5472
20220507,3호선,불광,12715,14312,27027
20220507,3호선,수서,13435,13522,26957
20220507,3호선,신사,24718,26107,50825
20220507,3호선,안국,18655,19956,38611
20220507,3호선,압구정,23482,25017,48499
20220507,3호선,약수,9090,8398,17488
20220507,3호선,양재,19869,21929,41798
20220507,3호선,연신내,29514,27789,57303
20220507,3호선,오금,3720,3580,7300
20220507,3호선,옥수,6986,7131,14117
20220507,3호선,을지로3가,5388,5785,11173
20220507,3호선,일원,5061,4913,9974
20220507,3호선,잠원,3491,3144,6635
20220507,3호선,종로3가,5894,8632,14526
20220507,3호선,지축,3424,3118,6542
20220507,3호선,충무로,3,0,3
20220507,3호선,학여울,2671,2852,5523
20220507,3호선,홍제,13517,12571,26088
20220507,4호선,길음,14903,13859,28762
20220507,4호선,남태령,1391,839,2230
20220507,4호선,노원,16472,18853,35325
20220507,4호선,당고개,7586,7077,14663
20220507,4호선,동대문,13781,13881,27662
20220507,4호선,동대문역사문화공원,11901,10301,22202
20220507,4호선,동작,1633,1832,3465
20220507,4호선,명동,15399,17104,32503
20220507,4호선,미아,11153,10337,21490
20220507,4호선,미아사거리,22771,21707,44478
20220507,4호선,사당,21579,18722,40301
20220507,4호선,삼각지,3536,4706,8242
20220507,4호선,상계,15151,13948,29099
20220507,4호선,서울역,5887,15318,21205
20220507,4호선,성신여대입구,17030,15850,32880
20220507,4호선,수유,27160,26903,54063
20220507,4호선,숙대입구,9709,9560,19269
20220507,4호선,신용산,11887,12935,24822
20220507,4호선,쌍문,22151,19860,42011
20220507,4호선,이촌,9366,10257,19623
20220507,4호선,창동,20263,21510,41773
20220507,4호선,총신대입구,14216,15701,29917
20220507,4호선,충무로,13022,14025,27047
20220507,4호선,한성대입구,11487,11128,22615
20220507,4호선,혜화,29111,29893,59004
20220507,4호선,회현,19144,19896,39040
20220507,5호선,강동,12439,11527,23966
20220507,5호선,강일,3333,2965,6298
20220507,5호선,개롱,4081,4205,8286
20220507,5호선,개화산,3818,3552,7370
20220507,5호선,거여,6372,6051,12423
20220507,5호선,고덕,6626,6369,12995
20220507,5호선,공덕,6768,6934,13702
20220507,5호선,광나루,10466,9736,20202
20220507,5호선,광화문,17041,17825,34866
20220507,5호선,군자,8115,9040,17155
20220507,5호선,굽은다리,7764,7265,15029
20220507,5호선,길동,5940,5961,11901
20220507,5호선,김포공항,7775,8216,15991
20220507,5호선,까치산,21370,19753,41123
20220507,5호선,답십리,10137,9064,19201
20220507,5호선,동대문역사문화공원,980,1224,2204
20220507,5호선,둔촌동,6120,5982,12102
20220507,5호선,마곡,5480,5501,10981
20220507,5호선,마장,3837,3583,7420
20220507,5호선,마천,4876,4916,9792
20220507,5호선,마포,7444,7574,15018
20220507,5호선,명일,6131,5954,12085
20220507,5호선,목동,11161,11338,22499
20220507,5호선,미사,12294,12238,24532
20220507,5호선,발산,14014,15018,29032
20220507,5호선,방이,5096,5046,10142
20220507,5호선,방화,4947,4732,9679
20220507,5호선,상일동,9309,8353,17662
20220507,5호선,서대문,7258,6984,14242
20220507,5호선,송정,5261,4820,10081
20220507,5호선,신금호,4068,4237,8305
20220507,5호선,신길,2580,2547,5127
20220507,5호선,신정,9087,7684,16771
20220507,5호선,아차산,13480,13114,26594
20220507,5호선,애오개,3589,3481,7070
20220507,5호선,양평,3572,3287,6859
20220507,5호선,여의나루,23027,24963,47990
20220507,5호선,여의도,11659,12407,24066
20220507,5호선,영등포구청,1992,1866,3858
20220507,5호선,영등포시장,7667,7906,15573
20220507,5호선,오금,2195,2014,4209
20220507,5호선,오목교,15964,16926,32890
20220507,5호선,올림픽공원,3204,2783,5987
20220507,5호선,왕십리,3374,4133,7507
20220507,5호선,우장산,9766,9579,19345
20220507,5호선,을지로4가,3258,3707,6965
20220507,5호선,장한평,10841,10433,21274
20220507,5호선,종로3가,12728,12967,25695
20220507,5호선,천호,17225,16440,33665
20220507,5호선,청구,2532,2279,4811
20220507,5호선,충정로,1885,1720,3605
20220507,5호선,하남검단산,5516,5437,10953
20220507,5호선,하남시청,5593,5387,10980
20220507,5호선,하남풍산,2830,2803,5633
20220507,5호선,행당,5411,4673,10084
20220507,5호선,화곡,20772,18656,39428
20220507,6호선,고려대,5600,5270,10870
20220507,6호선,공덕,9827,9070,18897
20220507,6호선,광흥창,5201,4698,9899
20220507,6호선,구산,5531,4052,9583
20220507,6호선,녹사평,5313,5978,11291
20220507,6호선,대흥,5446,5414,10860
20220507,6호선,독바위,2109,2239,4348
20220507,6호선,돌곶이,6253,5701,11954
20220507,6호선,동묘앞,7685,7314,14999
20220507,6호선,디지털미디어시티,7544,7566,15110
20220507,6호선,마포구청,9423,7952,17375
20220507,6호선,망원,12914,14232,27146
20220507,6호선,버티고개,1430,1482,2912
20220507,6호선,보문,5398,4604,10002
20220507,6호선,봉화산,5567,5506,11073
20220507,6호선,불광,3856,3548,7404
20220507,6호선,삼각지,5592,4070,9662
20220507,6호선,상수,8378,10274,18652
20220507,6호선,상월곡,4212,3580,7792
20220507,6호선,새절,9017,8470,17487
20220507,6호선,석계,8992,8914,17906
20220507,6호선,신당,6441,5765,12206
20220507,6호선,안암,7208,6480,13688
20220507,6호선,약수,2452,2508,4960
20220507,6호선,역촌,2534,2851,5385
20220507,6호선,연신내,1,0,1
20220507,6호선,월곡,7586,7061,14647
20220507,6호선,월드컵경기장,4748,5064,9812
20220507,6호선,응암,13153,12703,25856
20220507,6호선,이태원,14475,19446,33921
20220507,6호선,증산,7623,7192,14815
20220507,6호선,창신,2098,1744,3842
20220507,6호선,청구,2309,2325,4634
20220507,6호선,태릉입구,4583,4997,9580
20220507,6호선,한강진,7659,9997,17656
20220507,6호선,합정,12347,11847,24194
20220507,6호선,화랑대,7293,5797,13090
20220507,6호선,효창공원앞,4614,4049,8663
20220507,7호선,가산디지털단지,14462,13037,27499
20220507,7호선,강남구청,9950,10895,20845
20220507,7호선,건대입구,11188,12094,23282
20220507,7호선,고속터미널,16852,12313,29165
20220507,7호선,공릉,9385,8928,18313
20220507,7호선,광명사거리,16971,16846,33817
20220507,7호선,군자,11046,8192,19238
20220507,7호선,남구로,8428,8746,17174
20220507,7호선,남성,7851,7063,14914
20220507,7호선,내방,7730,7797,15527
20220507,7호선,노원,16331,17305,33636
20220507,7호선,논현,10705,11862,22567
20220507,7호선,대림,7359,7891,15250
20220507,7호선,도봉산,6856,9023,15879
20220507,7호선,뚝섬유원지,16006,15419,31425
20220507,7호선,마들,8855,8140,16995
20220507,7호선,먹골,8052,7527,15579
20220507,7호선,면목,11245,10591,21836
20220507,7호선,반포,4707,4470,9177
20220507,7호선,보라매,6634,6273,12907
20220507,7호선,사가정,12340,12019,24359
20220507,7호선,상도,7767,6961,14728
20220507,7호선,상동,1,0,1
20220507,7호선,상봉,13673,12931,26604
20220507,7호선,수락산,10288,9836,20124
20220507,7호선,숭실대입구,9202,8565,17767
20220507,7호선,신대방삼거리,11806,10630,22436
20220507,7호선,신중동,1,0,1
20220507,7호선,신풍,8077,7595,15672
20220507,7호선,어린이대공원,11251,10903,22154
20220507,7호선,온수,5676,5617,11293
20220507,7호선,용마산,4984,4934,9918
20220507,7호선,이수,12271,11313,23584
20220507,7호선,장승배기,6510,6005,12515
20220507,7호선,장암,1659,1082,2741
20220507,7호선,중계,9738,8705,18443
20220507,7호선,중곡,7191,6509,13700
20220507,7호선,중화,8449,7780,16229
20220507,7호선,천왕,6866,6457,13323
20220507,7호선,철산,14793,15256,30049
20220507,7호선,청담,11009,11706,22715
20220507,7호선,태릉입구,7178,6729,13907
20220507,7호선,하계,13356,12232,25588
20220507,7호선,학동,10719,11291,22010
20220507,8호선,가락시장,5306,5434,10740
20220507,8호선,강동구청,5930,5895,11825
20220507,8호선,남위례,3404,3416,6820
20220507,8호선,남한산성입구,9323,8303,17626
20220507,8호선,단대오거리,7703,7238,14941
20220507,8호선,모란,3615,3198,6813
20220507,8호선,몽촌토성,4312,4153,8465
20220507,8호선,문정,7978,7954,15932
20220507,8호선,복정,6294,5219,11513
20220507,8호선,산성,4127,4184,8311
20220507,8호선,석촌,5707,7041,12748
20220507,8호선,송파,5754,5456,11210
20220507,8호선,수진,4381,3762,8143
20220507,8호선,신흥,3470,3714,7184
20220507,8호선,암사,12691,11614,24305
20220507,8호선,잠실,12525,15407,27932
20220507,8호선,장지,11979,10879,22858
20220507,8호선,천호,11703,13804,25507
20220507,9호선,가양,13807,13000,26807
20220507,9호선,개화,1556,1343,2899
20220507,9호선,고속터미널,15704,22561,38265
20220507,9호선,공항시장,2303,2353,4656
20220507,9호선,구반포,1199,1240,2439
20220507,9호선,국회의사당,4828,4740,9568
20220507,9호선,김포공항,7815,12003,19818
20220507,9호선,노들,3553,2862,6415
20220507,9호선,노량진,21459,20243,41702
20220507,9호선,당산,12285,11559,23844
20220507,9호선,동작,1928,1563,3491
20220507,9호선,등촌,7151,6712,13863
20220507,9호선,마곡나루,8040,8069,16109
20220507,9호선,사평,2262,2003,4265
20220507,9호선,샛강,2789,2642,5431
20220507,9호선,선유도,4170,3903,8073
20220507,9호선,신논현,25403,24974,50377
20220507,9호선,신목동,2572,2126,4698
20220507,9호선,신반포,3143,3232,6375
20220507,9호선,신방화,4649,4406,9055
20220507,9호선,양천향교,5836,5411,11247
20220507,9호선,여의도,12625,12225,24850
20220507,9호선,염창,12090,10902,22992
20220507,9호선,증미,4086,3816,7902
20220507,9호선,흑석,6341,6101,12442
20220507,9호선2~3단계,둔촌오륜,687,642,1329
20220507,9호선2~3단계,봉은사,11848,12451,24299
20220507,9호선2~3단계,삼성중앙,3041,3092,6133
20220507,9호선2~3단계,삼전,4830,4366,9196
20220507,9호선2~3단계,석촌,6687,5668,12355
20220507,9호선2~3단계,석촌고분,4322,3988,8310
20220507,9호선2~3단계,선정릉,4631,4966,9597
20220507,9호선2~3단계,송파나루,3880,4187,8067
20220507,9호선2~3단계,언주,5909,5768,11677
20220507,9호선2~3단계,올림픽공원,5078,5157,10235
20220507,9호선2~3단계,종합운동장,2997,2801,5798
20220507,9호선2~3단계,중앙보훈병원,4895,4592,9487
20220507,9호선2~3단계,한성백제,1792,1587,3379
20220507,경강선,경기광주,5766,5516,11282
20220507,경강선,곤지암,2059,2198,4257
20220507,경강선,부발,2082,1794,3876
20220507,경강선,삼동,1508,1375,2883
20220507,경강선,세종대왕릉,349,401,750
20220507,경강선,신둔도예촌,1249,1254,2503
20220507,경강선,여주,2653,3025,5678
20220507,경강선,이매,877,673,1550
20220507,경강선,이천,3021,3273,6294
20220507,경강선,초월,2335,2122,4457
20220507,경강선,판교,3332,3283,6615
20220507,경부선,가산디지털단지,6395,8497,14892
20220507,경부선,관악,6040,5759,11799
20220507,경부선,광명,3337,2722,6059
20220507,경부선,구로,12923,13569,26492
20220507,경부선,군포,4356,3886,8242
20220507,경부선,금정,19290,19272,38562
20220507,경부선,금천구청,8601,8592,17193
20220507,경부선,남영,6276,6039,12315
20220507,경부선,노량진,8696,7954,16650
20220507,경부선,당정,4209,4036,8245
20220507,경부선,대방,8403,8237,16640
20220507,경부선,독산,9178,8679,17857
20220507,경부선,두정,5815,5823,11638
20220507,경부선,명학,4945,4682,9627
20220507,경부선,병점,12625,12646,25271
20220507,경부선,서동탄,984,1024,2008
20220507,경부선,서울역,9801,2244,12045
20220507,경부선,서정리,7391,6258,13649
20220507,경부선,석수,6745,6234,12979
20220507,경부선,성균관대,11180,10819,21999
20220507,경부선,성환,3277,3110,6387
20220507,경부선,세류,2572,2598,5170
20220507,경부선,세마,2367,2172,4539
20220507,경부선,송탄,5288,4704,9992
20220507,경부선,수원,40750,43547,84297
20220507,경부선,신길,6316,5326,11642
20220507,경부선,신도림,2930,3140,6070
20220507,경부선,안양,18193,18310,36503
20220507,경부선,영등포,41085,42599,83684
20220507,경부선,오산,9793,9430,19223
20220507,경부선,오산대,3158,2805,5963
20220507,경부선,용산,41957,44319,86276
20220507,경부선,의왕,6424,6121,12545
20220507,경부선,직산,716,778,1494
20220507,경부선,진위,1118,979,2097
20220507,경부선,천안,7164,7366,14530
20220507,경부선,평택,14734,14483,29217
20220507,경부선,평택지제,3309,3002,6311
20220507,경부선,화서,5657,5756,11413
20220507,경원선,가능,5600,5158,10758
20220507,경원선,광운대,6663,6598,13261
20220507,경원선,녹양,3878,3697,7575
20220507,경원선,녹천,3435,2839,6274
20220507,경원선,덕계,2680,2437,5117
20220507,경원선,덕정,4900,4532,9432
20220507,경원선,도봉,4538,4237,8775
20220507,경원선,도봉산,8716,6355,15071
20220507,경원선,동두천,1709,2241,3950
20220507,경원선,동두천중앙,2830,2833,5663
20220507,경원선,망월사,6334,6335,12669
20220507,경원선,방학,7933,7680,15613
20220507,경원선,보산,2045,2016,4061
20220507,경원선,서빙고,1861,1834,3695
20220507,경원선,석계,6797,7339,14136
20220507,경원선,소요산,3999,3431,7430
20220507,경원선,신이문,6411,5865,12276
20220507,경원선,양주,6983,6681,13664
20220507,경원선,옥수,43,46,89
20220507,경원선,왕십리,13360,14725,28085
20220507,경원선,외대앞,6674,6172,12846
20220507,경원선,월계,5294,4848,10142
20220507,경원선,응봉,1551,1334,2885
20220507,경원선,의정부,18835,20549,39384
20220507,경원선,이촌,3348,2321,5669
20220507,경원선,지행,6222,6454,12676
20220507,경원선,청량리,17441,18144,35585
20220507,경원선,한남,2953,2825,5778
20220507,경원선,회룡,10135,10049,20184
20220507,경의선,가좌,4085,3821,7906
20220507,경의선,강매,2120,2004,4124
20220507,경의선,곡산,399,436,835
20220507,경의선,공덕,2649,2068,4717
20220507,경의선,금릉,4136,4102,8238
20220507,경의선,금촌,5915,5868,11783
20220507,경의선,능곡,2983,2819,5802
20220507,경의선,디지털미디어시티,2117,1880,3997
20220507,경의선,문산,5226,5188,10414
20220507,경의선,백마,4726,4504,9230
20220507,경의선,서강대,1885,1846,3731
20220507,경의선,서울역,1608,1619,3227
20220507,경의선,수색,1495,1514,3009
20220507,경의선,신촌,421,413,834
20220507,경의선,야당,6520,6748,13268
20220507,경의선,운정,5165,4799,9964
20220507,경의선,월롱,1803,1546,3349
20220507,경의선,일산,6618,6490,13108
20220507,경의선,임진강,61,63,124
20220507,경의선,탄현,5708,5463,11171
20220507,경의선,파주,900,755,1655
20220507,경의선,풍산,4601,4422,9023
20220507,경의선,행신,6004,5879,11883
20220507,경의선,홍대입구,2105,2747,4852
20220507,경의선,화전,1223,1116,2339
20220507,경의선,효창공원앞,1739,1918,3657
20220507,경인선,간석,4563,4280,8843
20220507,경인선,개봉,16802,16215,33017
20220507,경인선,구일,7456,7316,14772
20220507,경인선,도원,2349,2374,4723
20220507,경인선,도화,3371,3037,6408
20220507,경인선,동암,12322,12724,25046
20220507,경인선,동인천,12305,12326,24631
20220507,경인선,백운,5672,5406,11078
20220507,경인선,부개,6658,6153,12811
20220507,경인선,부천,28864,30395,59259
20220507,경인선,부평,29268,33434,62702
20220507,경인선,소사,7609,7244,14853
20220507,경인선,송내,18229,18167,36396
20220507,경인선,역곡,20740,20403,41143
20220507,경인선,오류동,9389,8268,17657
20220507,경인선,온수,5094,4794,9888
20220507,경인선,인천,5475,4571,10046
20220507,경인선,제물포,7844,7337,15181
20220507,경인선,주안,17268,15099,32367
20220507,경인선,중동,6962,6528,13490
20220507,경춘선,가평,2562,2831,5393
20220507,경춘선,갈매,2139,1844,3983
20220507,경춘선,강촌,857,852,1709
20220507,경춘선,굴봉산,214,240,454
20220507,경춘선,금곡,1151,1136,2287
20220507,경춘선,김유정,628,735,1363
20220507,경춘선,남춘천,3935,4091,8026
20220507,경춘선,대성리,2604,2862,5466
20220507,경춘선,마석,3716,3663,7379
20220507,경춘선,백양리,161,163,324
20220507,경춘선,별내,2539,2260,4799
20220507,경춘선,사릉,1857,1880,3737
20220507,경춘선,상천,430,565,995
20220507,경춘선,신내,1372,1286,2658
20220507,경춘선,천마산,1413,1453,2866
20220507,경춘선,청평,2125,2494,4619
20220507,경춘선,춘천,2437,2169,4606
20220507,경춘선,퇴계원,2722,2502,5224
20220507,경춘선,평내호평,5033,4900,9933
20220507,공항철도 1호선,검암,4715,4897,9612
20220507,공항철도 1호선,계양,7613,7258,14871
20220507,공항철도 1호선,공덕,1606,2418,4024
20220507,공항철도 1호선,공항화물청사,1257,1350,2607
20220507,공항철도 1호선,김포공항,10800,5805,16605
20220507,공항철도 1호선,디지털미디어시티,5498,5229,10727
20220507,공항철도 1호선,마곡나루,3487,3839,7326
20220507,공항철도 1호선,서울역,9881,9520,19401
20220507,공항철도 1호선,영종,3364,3310,6674
20220507,공항철도 1호선,운서,6664,6681,13345
20220507,공항철도 1호선,인천공항1터미널,5468,5151,10619
20220507,공항철도 1호선,인천공항2터미널,2845,2535,5380
20220507,공항철도 1호선,청라국제도시,4627,4497,9124
20220507,공항철도 1호선,홍대입구,13502,12814,26316
20220507,과천선,경마공원,12510,12731,25241
20220507,과천선,과천,4947,4409,9356
20220507,과천선,대공원,7505,7678,15183
20220507,과천선,범계,21069,21078,42147
20220507,과천선,선바위,5527,4823,10350
20220507,과천선,인덕원,17062,16675,33737
20220507,과천선,정부과천청사,6301,6230,12531
20220507,과천선,평촌,8967,8739,17706
20220507,분당선,가천대,5688,5775,11463
20220507,분당선,강남구청,5464,6520,11984
20220507,분당선,개포동,2688,2584,5272
20220507,분당선,구룡,1388,1243,2631
20220507,분당선,구성,3438,3517,6955
20220507,분당선,기흥,6722,6492,13214
20220507,분당선,대모산입구,3299,3010,6309
20220507,분당선,도곡,4621,4215,8836
20220507,분당선,망포,8881,8076,16957
20220507,분당선,매교,2083,2041,4124
20220507,분당선,매탄권선,3618,3375,6993
20220507,분당선,모란,15941,16181,32122
20220507,분당선,미금,10555,11167,21722
20220507,분당선,보정,1743,1542,3285
20220507,분당선,복정,1,0,1
20220507,분당선,상갈,3951,3916,7867
20220507,분당선,서울숲,10942,11578,22520
20220507,분당선,서현,18981,19415,38396
20220507,분당선,선릉,4849,7312,12161
20220507,분당선,선정릉,3243,3269,6512
20220507,분당선,수내,8845,8402,17247
20220507,분당선,수서,10592,10639,21231
20220507,분당선,수원,7691,6567,14258
20220507,분당선,수원시청,10626,12108,22734
20220507,분당선,신갈,2811,2804,5615
20220507,분당선,압구정로데오,17347,20627,37974
20220507,분당선,야탑,17832,18741,36573
20220507,분당선,영통,6871,6537,13408
20220507,분당선,오리,7801,6563,14364
20220507,분당선,이매,4221,4171,8392
20220507,분당선,정자,11321,11693,23014
20220507,분당선,죽전,10463,11669,22132
20220507,분당선,청명,2686,2682,5368
20220507,분당선,태평,10984,10098,21082
20220507,분당선,한티,12201,11616,23817
20220507,수인선,고색,2831,2858,5689
20220507,수인선,남동인더스파크,875,868,1743
20220507,수인선,달월,80,79,159
20220507,수인선,사리,3801,3192,6993
20220507,수인선,소래포구,5761,5848,11609
20220507,수인선,송도,2100,2088,4188
20220507,수인선,숭의,2832,2552,5384
20220507,수인선,신포,1481,1539,3020
20220507,수인선,야목,326,261,587
20220507,수인선,어천,853,679,1532
20220507,수인선,연수,4182,4283,8465
20220507,수인선,오목천,2369,1988,4357
20220507,수인선,원인재,3832,3834,7666
20220507,수인선,월곶,2124,1989,4113
20220507,수인선,인천,1400,2314,3714
20220507,수인선,인천논현,4315,4483,8798
20220507,수인선,인하대,4789,4288,9077
20220507,수인선,호구포,2521,2388,4909
20220507,안산선,고잔,7167,7379,14546
20220507,안산선,대야미,4107,3556,7663
20220507,안산선,반월,3591,3352,6943
20220507,안산선,산본,12870,13873,26743
20220507,안산선,상록수,13165,12914,26079
20220507,안산선,수리산,3239,2884,6123
20220507,안산선,신길온천,1617,1561,3178
20220507,안산선,안산,10225,10831,21056
20220507,안산선,오이도,8275,8304,16579
20220507,안산선,정왕,7329,7090,14419
20220507,안산선,중앙,16831,18346,35177
20220507,안산선,초지,3689,3711,7400
20220507,안산선,한대앞,7588,7453,15041
20220507,우이신설선,4.19민주묘지,2503,2173,4676
20220507,우이신설선,가오리,3114,3080,6194
20220507,우이신설선,보문,1158,1150,2308
20220507,우이신설선,북한산보국문,5099,4227,9326
20220507,우이신설선,북한산우이,4303,4501,8804
20220507,우이신설선,삼양,1491,1533,3024
20220507,우이신설선,삼양사거리,2060,1969,4029
20220507,우이신설선,성신여대입구,2791,3352,6143
20220507,우이신설선,솔밭공원,1921,1746,3667
20220507,우이신설선,솔샘,3998,3497,7495
20220507,우이신설선,신설동,1504,1416,2920
20220507,우이신설선,정릉,3851,3044,6895
20220507,우이신설선,화계,2688,2449,5137
20220507,일산선,대곡,1556,1292,2848
20220507,일산선,대화,10329,9400,19729
20220507,일산선,마두,5193,5127,10320
20220507,일산선,백석,7625,7650,15275
20220507,일산선,삼송,15177,14563,29740
20220507,일산선,원당,8868,8375,17243
20220507,일산선,원흥,7558,7023,14581
20220507,일산선,정발산,7575,8141,15716
20220507,일산선,주엽,6613,6765,13378
20220507,일산선,화정,13288,13765,27053
20220507,장항선,배방,1136,1118,2254
20220507,장항선,봉명,864,748,1612
20220507,장항선,신창,1416,1333,2749
20220507,장항선,쌍용,1815,1615,3430
20220507,장항선,아산,3872,3300,7172
20220507,장항선,온양온천,4026,4343,8369
20220507,장항선,탕정,711,628,1339
20220507,중앙선,구리,10698,10988,21686
20220507,중앙선,국수,709,811,1520
20220507,중앙선,덕소,4749,4816,9565
20220507,중앙선,도농,7499,7240,14739
20220507,중앙선,도심,1671,1390,3061
20220507,중앙선,망우,6930,6817,13747
20220507,중앙선,상봉,5505,5278,10783
20220507,중앙선,신원,383,279,662
20220507,중앙선,아신,716,731,1447
20220507,중앙선,양수,2401,2407,4808
20220507,중앙선,양원,1922,1791,3713
20220507,중앙선,양정,606,498,1104
20220507,중앙선,양평,3032,3364,6396
20220507,중앙선,오빈,345,370,715
20220507,중앙선,용문,2363,2843,5206
20220507,중앙선,운길산,1322,1283,2605
20220507,중앙선,원덕,470,531,1001
20220507,중앙선,중랑,4682,4400,9082
20220507,중앙선,지평,61,88,149
20220507,중앙선,팔당,1467,1686,3153
20220507,중앙선,회기,21063,18971,40034
20220508,1호선,동대문,9705,10234,19939
20220508,1호선,동묘앞,11574,11629,23203
20220508,1호선,서울역,33122,28886,62008
20220508,1호선,시청,7616,6914,14530
20220508,1호선,신설동,7568,7834,15402
20220508,1호선,제기동,9702,10671,20373
20220508,1호선,종각,17657,16482,34139
20220508,1호선,종로3가,13367,11781,25148
20220508,1호선,종로5가,9185,8771,17956
20220508,1호선,청량리,13031,13063,26094
20220508,2호선,강남,30625,29556,60181
20220508,2호선,강변,28016,23394,51410
20220508,2호선,건대입구,26088,27120,53208
20220508,2호선,교대,9751,11066,20817
20220508,2호선,구로디지털단지,23076,23436,46512
20220508,2호선,구의,11268,11932,23200
20220508,2호선,낙성대,15137,17215,32352
20220508,2호선,당산,8246,8916,17162
20220508,2호선,대림,15645,16014,31659
20220508,2호선,도림천,435,487,922
20220508,2호선,동대문역사문화공원,7342,8694,16036
20220508,2호선,뚝섬,9213,9532,18745
20220508,2호선,문래,6883,7382,14265
20220508,2호선,방배,6614,7169,13783
20220508,2호선,봉천,12183,12698,24881
20220508,2호선,사당,20289,22860,43149
20220508,2호선,삼성,21134,19157,40291
20220508,2호선,상왕십리,6997,7290,14287
20220508,2호선,서울대입구,25723,28229,53952
20220508,2호선,서초,11373,10362,21735
20220508,2호선,선릉,12118,10529,22647
20220508,2호선,성수,12913,14057,26970
20220508,2호선,시청,5368,4275,9643
20220508,2호선,신답,747,843,1590
20220508,2호선,신당,7960,8860,16820
20220508,2호선,신대방,16102,16474,32576
20220508,2호선,신도림,27114,27952,55066
20220508,2호선,신림,36601,38308,74909
20220508,2호선,신설동,3074,3243,6317
20220508,2호선,신정네거리,5326,5569,10895
20220508,2호선,신촌,21169,20673,41842
20220508,2호선,아현,5311,5517,10828
20220508,2호선,양천구청,3297,3547,6844
20220508,2호선,역삼,10715,11747,22462
20220508,2호선,영등포구청,6749,7170,13919
20220508,2호선,왕십리,8967,8185,17152
20220508,2호선,용답,1782,1977,3759
20220508,2호선,용두,1042,1053,2095
20220508,2호선,을지로3가,7790,7233,15023
20220508,2호선,을지로4가,3159,3073,6232
20220508,2호선,을지로입구,15415,14304,29719
20220508,2호선,이대,6957,8166,15123
20220508,2호선,잠실,48619,44639,93258
20220508,2호선,잠실나루,5154,5331,10485
20220508,2호선,잠실새내,10864,11201,22065
20220508,2호선,종합운동장,11423,11977,23400
20220508,2호선,충정로,3286,3614,6900
20220508,2호선,한양대,2387,2958,5345
20220508,2호선,합정,18370,19601,37971
20220508,2호선,홍대입구,46577,45177,91754
20220508,3호선,가락시장,3532,3891,7423
20220508,3호선,경복궁,12774,12763,25537
20220508,3호선,경찰병원,2745,2951,5696
20220508,3호선,고속터미널,53797,43248,97045
20220508,3호선,교대,4067,2638,6705
20220508,3호선,구파발,13513,13924,27437
20220508,3호선,금호,4263,4255,8518
20220508,3호선,남부터미널,16815,16267,33082
20220508,3호선,녹번,7521,7040,14561
20220508,3호선,대청,4102,4197,8299
20220508,3호선,대치,6112,5530,11642
20220508,3호선,도곡,1806,1945,3751
20220508,3호선,독립문,4614,5108,9722
20220508,3호선,동대입구,4853,5413,10266
20220508,3호선,매봉,4146,4125,8271
20220508,3호선,무악재,2055,2379,4434
20220508,3호선,불광,9963,11413,21376
20220508,3호선,수서,11529,10553,22082
20220508,3호선,신사,12482,12592,25074
20220508,3호선,안국,13735,14988,28723
20220508,3호선,압구정,13050,13705,26755
20220508,3호선,약수,6862,6833,13695
20220508,3호선,양재,13475,16295,29770
20220508,3호선,연신내,22421,21279,43700
20220508,3호선,오금,2717,2769,5486
20220508,3호선,옥수,5288,5561,10849
20220508,3호선,을지로3가,3105,2895,6000
20220508,3호선,일원,3574,3856,7430
20220508,3호선,잠원,2244,2262,4506
20220508,3호선,종로3가,4056,4887,8943
20220508,3호선,지축,2552,2307,4859
20220508,3호선,학여울,1972,2114,4086
20220508,3호선,홍제,9916,9806,19722
20220508,4호선,길음,11182,11463,22645
20220508,4호선,남태령,994,686,1680
20220508,4호선,노원,12784,13525,26309
20220508,4호선,당고개,7868,7764,15632
20220508,4호선,동대문,6652,7457,14109
20220508,4호선,동대문역사문화공원,8820,7820,16640
20220508,4호선,동작,1071,1153,2224
20220508,4호선,명동,11116,10928,22044
20220508,4호선,미아,8513,7997,16510
20220508,4호선,미아사거리,16874,16160,33034
20220508,4호선,사당,15379,14210,29589
20220508,4호선,삼각지,2684,3491,6175
20220508,4호선,상계,11521,10870,22391
20220508,4호선,서울역,4455,11432,15887
20220508,4호선,성신여대입구,13212,13233,26445
20220508,4호선,수유,21524,21266,42790
20220508,4호선,숙대입구,7522,7355,14877
20220508,4호선,신용산,9140,8844,17984
20220508,4호선,쌍문,16806,15408,32214
20220508,4호선,이촌,5579,6235,11814
20220508,4호선,창동,15548,15964,31512
20220508,4호선,총신대입구,10205,11074,21279
20220508,4호선,충무로,7925,8903,16828
20220508,4호선,한성대입구,10092,10497,20589
20220508,4호선,혜화,21430,22375,43805
20220508,4호선,회현,8740,8707,17447
20220508,5호선,강동,8448,8623,17071
20220508,5호선,강일,2198,2169,4367
20220508,5호선,개롱,2816,3154,5970
20220508,5호선,개화산,2785,2912,5697
20220508,5호선,거여,4623,4562,9185
20220508,5호선,고덕,4188,4219,8407
20220508,5호선,공덕,4180,4294,8474
20220508,5호선,광나루,7724,7654,15378
20220508,5호선,광화문,11034,11029,22063
20220508,5호선,군자,5963,6675,12638
20220508,5호선,굽은다리,5565,5393,10958
20220508,5호선,길동,4109,4236,8345
20220508,5호선,김포공항,7702,7125,14827
20220508,5호선,까치산,16078,16222,32300
20220508,5호선,답십리,7416,7140,14556
20220508,5호선,동대문역사문화공원,654,782,1436
20220508,5호선,둔촌동,4453,4638,9091
20220508,5호선,마곡,3559,3893,7452
20220508,5호선,마장,3058,2996,6054
20220508,5호선,마천,3913,4057,7970
20220508,5호선,마포,4907,5048,9955
20220508,5호선,명일,4970,5098,10068
20220508,5호선,목동,7670,7952,15622
20220508,5호선,미사,8663,8937,17600
20220508,5호선,발산,9127,9782,18909
20220508,5호선,방이,3718,3699,7417
20220508,5호선,방화,4147,4303,8450
20220508,5호선,상일동,6509,6590,13099
20220508,5호선,서대문,5144,5198,10342
20220508,5호선,송정,3845,3871,7716
20220508,5호선,신금호,3052,3378,6430
20220508,5호선,신길,1696,2161,3857
20220508,5호선,신정,6496,6173,12669
20220508,5호선,아차산,11670,11556,23226
20220508,5호선,애오개,2573,2864,5437
20220508,5호선,양평,2437,2728,5165
20220508,5호선,여의나루,10362,11952,22314
20220508,5호선,여의도,8091,7871,15962
20220508,5호선,영등포구청,1329,1251,2580
20220508,5호선,영등포시장,4929,5386,10315
20220508,5호선,오금,1642,1555,3197
20220508,5호선,오목교,10976,11533,22509
20220508,5호선,올림픽공원,2187,1886,4073
20220508,5호선,왕십리,2363,2852,5215
20220508,5호선,우장산,7026,7301,14327
20220508,5호선,을지로4가,1423,1558,2981
20220508,5호선,장한평,7499,7679,15178
20220508,5호선,종로3가,8621,7431,16052
20220508,5호선,천호,12337,11953,24290
20220508,5호선,청구,1919,1694,3613
20220508,5호선,충정로,1459,1522,2981
20220508,5호선,하남검단산,4583,4428,9011
20220508,5호선,하남시청,4083,3920,8003
20220508,5호선,하남풍산,2301,2242,4543
20220508,5호선,행당,4088,3768,7856
20220508,5호선,화곡,14383,13953,28336
20220508,6호선,고려대,3986,4259,8245
20220508,6호선,공덕,6370,6372,12742
20220508,6호선,광흥창,4231,4131,8362
20220508,6호선,구산,3936,3235,7171
20220508,6호선,녹사평,3720,3485,7205
20220508,6호선,대흥,3757,4034,7791
20220508,6호선,독바위,1595,1906,3501
20220508,6호선,돌곶이,5688,5428,11116
20220508,6호선,동묘앞,5955,5946,11901
20220508,6호선,디지털미디어시티,5477,5754,11231
20220508,6호선,마포구청,7026,6650,13676
20220508,6호선,망원,9047,9907,18954
20220508,6호선,버티고개,1035,1208,2243
20220508,6호선,보문,4495,4685,9180
20220508,6호선,봉화산,4024,4019,8043
20220508,6호선,불광,3131,2749,5880
20220508,6호선,삼각지,3848,2875,6723
20220508,6호선,상수,5976,6451,12427
20220508,6호선,상월곡,3332,3118,6450
20220508,6호선,새절,6690,6702,13392
20220508,6호선,석계,6557,6944,13501
20220508,6호선,신당,4421,5061,9482
20220508,6호선,안암,4894,6122,11016
20220508,6호선,약수,1735,1791,3526
20220508,6호선,역촌,1976,2370,4346
20220508,6호선,월곡,5491,5590,11081
20220508,6호선,월드컵경기장,7613,7529,15142
20220508,6호선,응암,9464,9823,19287
20220508,6호선,이태원,11557,8803,20360
20220508,6호선,증산,5440,5786,11226
20220508,6호선,창신,1730,1544,3274
20220508,6호선,청구,1700,1726,3426
20220508,6호선,태릉입구,3425,3895,7320
20220508,6호선,한강진,5319,6035,11354
20220508,6호선,합정,8640,8000,16640
20220508,6호선,화랑대,5446,4946,10392
20220508,6호선,효창공원앞,3440,3150,6590
20220508,7호선,가산디지털단지,10205,9793,19998
20220508,7호선,강남구청,4866,5370,10236
20220508,7호선,건대입구,7647,8521,16168
20220508,7호선,고속터미널,19482,8335,27817
20220508,7호선,공릉,6454,7051,13505
20220508,7호선,광명사거리,12594,12582,25176
20220508,7호선,군자,7634,6520,14154
20220508,7호선,남구로,7094,7043,14137
20220508,7호선,남성,5602,5816,11418
20220508,7호선,내방,5032,5379,10411
20220508,7호선,노원,11617,11677,23294
20220508,7호선,논현,5500,6052,11552
20220508,7호선,대림,7772,7232,15004
20220508,7호선,도봉산,5982,8135,14117
20220508,7호선,뚝섬유원지,7766,7741,15507
20220508,7호선,마들,6268,6055,12323
20220508,7호선,먹골,5599,5614,11213
20220508,7호선,면목,8066,8248,16314
20220508,7호선,반포,2957,2859,5816
20220508,7호선,보라매,4192,4420,8612
20220508,7호선,사가정,9130,9104,18234
20220508,7호선,상도,5315,5639,10954
20220508,7호선,상봉,9298,8750,18048
20220508,7호선,수락산,7898,7924,15822
20220508,7호선,숭실대입구,5835,6755,12590
20220508,7호선,신대방삼거리,8172,8609,16781
20220508,7호선,신풍,6285,6248,12533
20220508,7호선,어린이대공원,7239,8199,15438
20220508,7호선,온수,4104,4140,8244
20220508,7호선,용마산,3814,4032,7846
20220508,7호선,이수,7993,7938,15931
20220508,7호선,장승배기,4556,4775,9331
20220508,7호선,장암,1504,965,2469
20220508,7호선,중계,6914,6734,13648
20220508,7호선,중곡,5290,5394,10684
20220508,7호선,중화,6118,5893,12011
20220508,7호선,천왕,5067,4987,10054
20220508,7호선,철산,10627,10663,21290
20220508,7호선,청담,6834,7367,14201
20220508,7호선,태릉입구,5285,5139,10424
20220508,7호선,하계,9673,9585,19258
20220508,7호선,학동,5751,6015,11766
20220508,8호선,가락시장,3032,3826,6858
20220508,8호선,강동구청,4560,4762,9322
20220508,8호선,남위례,2385,2489,4874
20220508,8호선,남한산성입구,6886,6594,13480
20220508,8호선,단대오거리,5551,5662,11213
20220508,8호선,모란,2509,2181,4690
20220508,8호선,몽촌토성,2992,3124,6116
20220508,8호선,문정,4844,5418,10262
20220508,8호선,복정,4546,4431,8977
20220508,8호선,산성,3044,3136,6180
20220508,8호선,석촌,4276,5418,9694
20220508,8호선,송파,3933,4149,8082
20220508,8호선,수진,3021,2864,5885
20220508,8호선,신흥,2640,2876,5516
20220508,8호선,암사,8861,8611,17472
20220508,8호선,잠실,9941,10725,20666
20220508,8호선,장지,8983,9059,18042
20220508,8호선,천호,8373,9803,18176
20220508,9호선,가양,10061,10461,20522
20220508,9호선,개화,1161,1099,2260
20220508,9호선,고속터미널,13328,16315,29643
20220508,9호선,공항시장,1699,1920,3619
20220508,9호선,구반포,423,448,871
20220508,9호선,국회의사당,4861,4483,9344
20220508,9호선,김포공항,8068,11400,19468
20220508,9호선,노들,2671,2416,5087
20220508,9호선,노량진,14777,15973,30750
20220508,9호선,당산,8816,9301,18117
20220508,9호선,동작,1760,1471,3231
20220508,9호선,등촌,5037,5553,10590
20220508,9호선,마곡나루,5361,5537,10898
20220508,9호선,사평,1603,1725,3328
20220508,9호선,샛강,1765,1709,3474
20220508,9호선,선유도,2795,2894,5689
20220508,9호선,신논현,14786,13690,28476
20220508,9호선,신목동,1927,1787,3714
20220508,9호선,신반포,1838,1915,3753
20220508,9호선,신방화,3486,3412,6898
20220508,9호선,양천향교,4056,4668,8724
20220508,9호선,여의도,8759,7893,16652
20220508,9호선,염창,8589,8880,17469
20220508,9호선,증미,2474,2622,5096
20220508,9호선,흑석,4148,4372,8520
20220508,9호선2~3단계,둔촌오륜,590,570,1160
20220508,9호선2~3단계,봉은사,14411,14880,29291
20220508,9호선2~3단계,삼성중앙,1885,2022,3907
20220508,9호선2~3단계,삼전,3565,3741,7306
20220508,9호선2~3단계,석촌,4729,4347,9076
20220508,9호선2~3단계,석촌고분,3201,3265,6466
20220508,9호선2~3단계,선정릉,2765,3014,5779
20220508,9호선2~3단계,송파나루,3040,3209,6249
20220508,9호선2~3단계,언주,3624,3694,7318
20220508,9호선2~3단계,올림픽공원,3779,4059,7838
20220508,9호선2~3단계,종합운동장,2823,2767,5590
20220508,9호선2~3단계,중앙보훈병원,3816,3604,7420
20220508,9호선2~3단계,한성백제,1460,1294,2754
20220508,경강선,경기광주,4437,4175,8612
20220508,경강선,곤지암,1888,1771,3659
20220508,경강선,부발,1790,2271,4061
20220508,경강선,삼동,1053,1033,2086
20220508,경강선,세종대왕릉,407,289,696
20220508,경강선,신둔도예촌,1130,1078,2208
20220508,경강선,여주,3118,2554,5672
20220508,경강선,이매,766,578,1344
20220508,경강선,이천,2517,2476,4993
20220508,경강선,초월,1870,1763,3633
20220508,경강선,판교,2809,2721,5530
20220508,경부선,가산디지털단지,4762,7100,11862
20220508,경부선,관악,6157,5962,12119
20220508,경부선,광명,3278,2079,5357
20220508,경부선,구로,10440,10735,21175
20220508,경부선,군포,3350,3186,6536
20220508,경부선,금정,14569,14996,29565
20220508,경부선,금천구청,6511,6542,13053
20220508,경부선,남영,4249,4956,9205
20220508,경부선,노량진,5892,5958,11850
20220508,경부선,당정,3282,3153,6435
20220508,경부선,대방,6115,6866,12981
20220508,경부선,독산,6245,6585,12830
20220508,경부선,두정,4981,6518,11499
20220508,경부선,명학,3364,3351,6715
20220508,경부선,병점,10346,11223,21569
20220508,경부선,서동탄,851,853,1704
20220508,경부선,서울역,10371,2212,12583
20220508,경부선,서정리,4934,7149,12083
20220508,경부선,석수,5340,4867,10207
20220508,경부선,성균관대,7948,8949,16897
20220508,경부선,성환,2836,3791,6627
20220508,경부선,세류,2291,2232,4523
20220508,경부선,세마,1901,1766,3667
20220508,경부선,송탄,3837,4776,8613
20220508,경부선,수원,36684,34898,71582
20220508,경부선,신길,4935,4542,9477
20220508,경부선,신도림,2238,2448,4686
20220508,경부선,안양,14180,13600,27780
20220508,경부선,영등포,33910,32100,66010
20220508,경부선,오산,8996,9356,18352
20220508,경부선,오산대,2425,2368,4793
20220508,경부선,용산,38374,33186,71560
20220508,경부선,의왕,4524,4700,9224
20220508,경부선,직산,669,710,1379
20220508,경부선,진위,1024,1022,2046
20220508,경부선,천안,8131,7294,15425
20220508,경부선,평택,13126,13530,26656
20220508,경부선,평택지제,2837,2584,5421
20220508,경부선,화서,4560,4326,8886
20220508,경원선,가능,4148,3942,8090
20220508,경원선,광운대,4272,4742,9014
20220508,경원선,녹양,2973,2734,5707
20220508,경원선,녹천,2694,2445,5139
20220508,경원선,덕계,1964,1776,3740
20220508,경원선,덕정,3445,3599,7044
20220508,경원선,도봉,3629,3442,7071
20220508,경원선,도봉산,9519,6710,16229
20220508,경원선,동두천,1487,1888,3375
20220508,경원선,동두천중앙,2462,2285,4747
20220508,경원선,망월사,5288,5547,10835
20220508,경원선,방학,6169,6050,12219
20220508,경원선,보산,1426,1551,2977
20220508,경원선,서빙고,1555,1615,3170
20220508,경원선,석계,5234,5750,10984
20220508,경원선,소요산,4182,3441,7623
20220508,경원선,신이문,5074,4801,9875
20220508,경원선,양주,5825,5510,11335
20220508,경원선,옥수,76,32,108
20220508,경원선,왕십리,9523,11085,20608
20220508,경원선,외대앞,4799,5055,9854
20220508,경원선,월계,3940,3626,7566
20220508,경원선,응봉,1122,1094,2216
20220508,경원선,의정부,14841,14607,29448
20220508,경원선,이촌,2343,1846,4189
20220508,경원선,지행,4791,4659,9450
20220508,경원선,창동,1,0,1
20220508,경원선,청량리,15767,14183,29950
20220508,경원선,한남,2018,2038,4056
20220508,경원선,회룡,8058,7904,15962
20220508,경의선,가좌,2850,3036,5886
20220508,경의선,강매,1568,1495,3063
20220508,경의선,곡산,382,366,748
20220508,경의선,공덕,1761,1455,3216
20220508,경의선,금릉,3172,3028,6200
20220508,경의선,금촌,4535,4775,9310
20220508,경의선,능곡,2345,2317,4662
20220508,경의선,디지털미디어시티,1499,1398,2897
20220508,경의선,문산,3963,3915,7878
20220508,경의선,백마,3598,3492,7090
20220508,경의선,서강대,1287,1478,2765
20220508,경의선,서울역,1354,1203,2557
20220508,경의선,수색,1046,1145,2191
20220508,경의선,신촌,249,277,526
20220508,경의선,야당,5030,4943,9973
20220508,경의선,운정,3923,3662,7585
20220508,경의선,월롱,992,2309,3301
20220508,경의선,일산,5828,5463,11291
20220508,경의선,임진강,128,100,228
20220508,경의선,탄현,4506,3970,8476
20220508,경의선,파주,801,773,1574
20220508,경의선,풍산,3803,3498,7301
20220508,경의선,행신,4977,4705,9682
20220508,경의선,홍대입구,1475,1817,3292
20220508,경의선,화전,914,1049,1963
20220508,경의선,효창공원앞,1298,1518,2816
20220508,경인선,간석,3327,3164,6491
20220508,경인선,개봉,12226,12361,24587
20220508,경인선,구일,5464,5539,11003
20220508,경인선,도원,3683,3731,7414
20220508,경인선,도화,2641,2448,5089
20220508,경인선,동암,10489,10192,20681
20220508,경인선,동인천,9815,9500,19315
20220508,경인선,백운,4418,4292,8710
20220508,경인선,부개,4962,4724,9686
20220508,경인선,부천,22181,21648,43829
20220508,경인선,부평,22667,22618,45285
20220508,경인선,소사,5906,5614,11520
20220508,경인선,송내,13328,12797,26125
20220508,경인선,역곡,14833,14905,29738
20220508,경인선,오류동,7135,7015,14150
20220508,경인선,온수,4025,3854,7879
20220508,경인선,인천,4211,3376,7587
20220508,경인선,제물포,5767,5606,11373
20220508,경인선,주안,13591,12485,26076
20220508,경인선,중동,5136,4959,10095
20220508,경춘선,가평,2573,1677,4250
20220508,경춘선,갈매,1564,1435,2999
20220508,경춘선,강촌,856,526,1382
20220508,경춘선,굴봉산,252,210,462
20220508,경춘선,금곡,1055,999,2054
20220508,경춘선,김유정,509,465,974
20220508,경춘선,남춘천,2852,3447,6299
20220508,경춘선,대성리,3173,631,3804
20220508,경춘선,마석,3498,3292,6790
20220508,경춘선,백양리,142,98,240
20220508,경춘선,별내,2024,1837,3861
20220508,경춘선,사릉,1540,1503,3043
20220508,경춘선,상천,621,374,995
20220508,경춘선,신내,1051,1102,2153
20220508,경춘선,천마산,1231,1141,2372
20220508,경춘선,청평,2479,1586,4065
20220508,경춘선,춘천,2243,1714,3957
20220508,경춘선,퇴계원,2251,2011,4262
20220508,경춘선,평내호평,3784,3599,7383
20220508,공항철도 1호선,검암,3756,3703,7459
20220508,공항철도 1호선,계양,5580,5409,10989
20220508,공항철도 1호선,공덕,1122,1575,2697
20220508,공항철도 1호선,공항화물청사,930,970,1900
20220508,공항철도 1호선,김포공항,12103,5886,17989
20220508,공항철도 1호선,디지털미디어시티,3893,4027,7920
20220508,공항철도 1호선,마곡나루,2308,2678,4986
20220508,공항철도 1호선,서울역,10529,8703,19232
20220508,공항철도 1호선,영종,2666,2603,5269
20220508,공항철도 1호선,운서,5331,5827,11158
20220508,공항철도 1호선,인천공항1터미널,5608,4891,10499
20220508,공항철도 1호선,인천공항2터미널,2655,2385,5040
20220508,공항철도 1호선,청라국제도시,3428,3166,6594
20220508,공항철도 1호선,홍대입구,9142,8702,17844
20220508,과천선,경마공원,14907,15148,30055
20220508,과천선,과천,3864,3510,7374
20220508,과천선,대공원,4714,4681,9395
20220508,과천선,범계,15100,14832,29932
20220508,과천선,선바위,4199,3827,8026
20220508,과천선,인덕원,13138,13531,26669
20220508,과천선,정부과천청사,4650,4690,9340
20220508,과천선,평촌,6162,6108,12270
20220508,분당선,가천대,3742,4855,8597
20220508,분당선,강남구청,2924,3469,6393
20220508,분당선,개포동,1941,1972,3913
20220508,분당선,구룡,805,973,1778
20220508,분당선,구성,2560,2729,5289
20220508,분당선,기흥,5377,4928,10305
20220508,분당선,대모산입구,2131,2115,4246
20220508,분당선,도곡,2733,2723,5456
20220508,분당선,망포,6182,6836,13018
20220508,분당선,매교,1396,1407,2803
20220508,분당선,매탄권선,2591,2579,5170
20220508,분당선,모란,11056,11534,22590
20220508,분당선,미금,7473,8051,15524
20220508,분당선,보정,1195,1143,2338
20220508,분당선,복정,1,0,1
20220508,분당선,상갈,2974,3047,6021
20220508,분당선,서울숲,6395,6559,12954
20220508,분당선,서현,14619,14596,29215
20220508,분당선,선릉,2667,4036,6703
20220508,분당선,선정릉,1784,1930,3714
20220508,분당선,수내,6223,6182,12405
20220508,분당선,수서,9556,8341,17897
20220508,분당선,수원,6053,4870,10923
20220508,분당선,수원시청,7006,6975,13981
20220508,분당선,신갈,2118,2151,4269
20220508,분당선,압구정로데오,8946,9632,18578
20220508,분당선,야탑,14252,14306,28558
20220508,분당선,영통,4868,4966,9834
20220508,분당선,오리,5548,4901,10449
20220508,분당선,이매,3414,3762,7176
20220508,분당선,정자,8513,9287,17800
20220508,분당선,죽전,7946,9221,17167
20220508,분당선,청명,2040,2171,4211
20220508,분당선,태평,8426,8237,16663
20220508,분당선,한티,8531,8535,17066
20220508,수인선,고색,2031,2062,4093
20220508,수인선,남동인더스파크,500,526,1026
20220508,수인선,달월,60,66,126
20220508,수인선,사리,3114,2565,5679
20220508,수인선,소래포구,4496,4242,8738
20220508,수인선,송도,1701,1704,3405
20220508,수인선,숭의,2234,2059,4293
20220508,수인선,신포,1128,1080,2208
20220508,수인선,야목,239,195,434
20220508,수인선,어천,612,735,1347
20220508,수인선,연수,3335,3339,6674
20220508,수인선,오목천,1551,1520,3071
20220508,수인선,원인재,2889,2983,5872
20220508,수인선,월곶,1691,1555,3246
20220508,수인선,인천,1125,1724,2849
20220508,수인선,인천논현,2987,3123,6110
20220508,수인선,인하대,3070,3253,6323
20220508,수인선,호구포,1996,2192,4188
20220508,안산선,고잔,6190,5980,12170
20220508,안산선,대야미,3427,3126,6553
20220508,안산선,반월,2775,2739,5514
20220508,안산선,산본,9259,9840,19099
20220508,안산선,상록수,10502,10188,20690
20220508,안산선,수리산,2354,2304,4658
20220508,안산선,신길온천,1376,1251,2627
20220508,안산선,안산,10970,9795,20765
20220508,안산선,오이도,6261,5893,12154
20220508,안산선,정왕,5787,6765,12552
20220508,안산선,중앙,13422,13007,26429
20220508,안산선,초지,2643,2515,5158
20220508,안산선,한대앞,5745,5960,11705
20220508,우이신설선,4.19민주묘지,2191,2048,4239
20220508,우이신설선,가오리,2626,2448,5074
20220508,우이신설선,보문,1288,1346,2634
20220508,우이신설선,북한산보국문,4258,4028,8286
20220508,우이신설선,북한산우이,6452,6076,12528
20220508,우이신설선,삼양,1342,1309,2651
20220508,우이신설선,삼양사거리,1746,1722,3468
20220508,우이신설선,성신여대입구,2362,2754,5116
20220508,우이신설선,솔밭공원,1613,1592,3205
20220508,우이신설선,솔샘,3012,2879,5891
20220508,우이신설선,신설동,1307,1289,2596
20220508,우이신설선,정릉,3262,2849,6111
20220508,우이신설선,화계,3192,3022,6214
20220508,일산선,대곡,1118,914,2032
20220508,일산선,대화,8144,7353,15497
20220508,일산선,마두,3422,3389,6811
20220508,일산선,백석,5715,5558,11273
20220508,일산선,삼송,11567,11500,23067
20220508,일산선,원당,6658,6364,13022
20220508,일산선,원흥,5689,5670,11359
20220508,일산선,정발산,5681,5572,11253
20220508,일산선,주엽,4813,4812,9625
20220508,일산선,화정,9659,9941,19600
20220508,장항선,배방,991,1108,2099
20220508,장항선,봉명,620,714,1334
20220508,장항선,신창,1278,2431,3709
20220508,장항선,쌍용,1443,1582,3025
20220508,장항선,아산,4511,2875,7386
20220508,장항선,온양온천,3838,3660,7498
20220508,장항선,탕정,547,637,1184
20220508,중앙선,구리,7832,8070,15902
20220508,중앙선,국수,699,584,1283
20220508,중앙선,덕소,3718,3665,7383
20220508,중앙선,도농,5624,5351,10975
20220508,중앙선,도심,1270,1172,2442
20220508,중앙선,망우,5258,5481,10739
20220508,중앙선,상봉,4091,4109,8200
20220508,중앙선,신원,356,230,586
20220508,중앙선,아신,756,601,1357
20220508,중앙선,양수,2173,1974,4147
20220508,중앙선,양원,1575,1557,3132
20220508,중앙선,양정,629,499,1128
20220508,중앙선,양평,4053,3501,7554
20220508,중앙선,오빈,332,285,617
20220508,중앙선,용문,3227,2201,5428
20220508,중앙선,운길산,1381,1308,2689
20220508,중앙선,원덕,488,360,848
20220508,중앙선,중랑,3693,3756,7449
20220508,중앙선,지평,85,65,150
20220508,중앙선,팔당,1407,1395,2802
20220508,중앙선,회기,15794,16879,32673
20220514,1호선,동대문,11709,11696,23405
20220514,1호선,동묘앞,12953,13573,26526
20220514,1호선,서울역,41604,41135,82739
20220514,1호선,시청,14972,15357,30329
20220514,1호선,신설동,11015,10072,21087
20220514,1호선,제기동,16376,16812,33188
20220514,1호선,종각,23998,21694,45692
20220514,1호선,종로3가,27650,25944,53594
20220514,1호선,종로5가,22612,22181,44793
20220514,1호선,청량리,20507,20410,40917
20220514,2호선,강남,69464,71428,140892
20220514,2호선,강변,33059,32306,65365
20220514,2호선,건대입구,42898,46648,89546
20220514,2호선,교대,20717,23558,44275
20220514,2호선,구로디지털단지,37956,36873,74829
20220514,2호선,구의,18414,17398,35812
20220514,2호선,낙성대,25012,22740,47752
20220514,2호선,당산,15227,16287,31514
20220514,2호선,대림,20164,21189,41353
20220514,2호선,도림천,844,812,1656
20220514,2호선,동대문역사문화공원,12318,14291,26609
20220514,2호선,뚝섬,18116,18418,36534
20220514,2호선,문래,14491,15561,30052
20220514,2호선,방배,11642,11894,23536
20220514,2호선,봉천,18847,17017,35864
20220514,2호선,사당,37850,43019,80869
20220514,2호선,삼성,36574,36116,72690
20220514,2호선,상왕십리,10998,10133,21131
20220514,2호선,서울대입구,42712,40916,83628
20220514,2호선,서초,13595,11267,24862
20220514,2호선,선릉,28053,24739,52792
20220514,2호선,성수,24905,28546,53451
20220514,2호선,시청,11321,9998,21319
20220514,2호선,신답,1204,1229,2433
20220514,2호선,신당,12421,13112,25533
20220514,2호선,신대방,22673,21290,43963
20220514,2호선,신도림,44852,45438,90290
20220514,2호선,신림,56729,54171,110900
20220514,2호선,신설동,3785,3747,7532
20220514,2호선,신정네거리,8691,8576,17267
20220514,2호선,신촌,36060,36221,72281
20220514,2호선,아현,8679,7882,16561
20220514,2호선,양천구청,5332,5225,10557
20220514,2호선,역삼,21058,23333,44391
20220514,2호선,영등포구청,14380,15360,29740
20220514,2호선,왕십리,15957,14063,30020
20220514,2호선,용답,2490,2214,4704
20220514,2호선,용두,1801,1807,3608
20220514,2호선,을지로3가,14685,14912,29597
20220514,2호선,을지로4가,8351,9088,17439
20220514,2호선,을지로입구,25077,25315,50392
20220514,2호선,이대,12087,12316,24403
20220514,2호선,잠실,76870,73746,150616
20220514,2호선,잠실나루,8825,8629,17454
20220514,2호선,잠실새내,20439,21066,41505
20220514,2호선,종합운동장,16148,18938,35086
20220514,2호선,충정로,6357,6765,13122
20220514,2호선,한양대,5874,6096,11970
20220514,2호선,합정,34977,40935,75912
20220514,2호선,홍대입구,79716,89438,169154
20220514,3호선,가락시장,7090,6634,13724
20220514,3호선,경복궁,28687,32765,61452
20220514,3호선,경찰병원,4716,4481,9197
20220514,3호선,고속터미널,61703,60529,122232
20220514,3호선,교대,8814,5468,14282
20220514,3호선,구파발,17861,18324,36185
20220514,3호선,금호,6596,5992,12588
20220514,3호선,남부터미널,25517,25141,50658
20220514,3호선,녹번,11898,10043,21941
20220514,3호선,대청,6998,6458,13456
20220514,3호선,대치,11410,10006,21416
20220514,3호선,도곡,3934,4109,8043
20220514,3호선,독립문,7611,8718,16329
20220514,3호선,동대입구,8310,9715,18025
20220514,3호선,매봉,7241,6955,14196
20220514,3호선,무악재,3057,3296,6353
20220514,3호선,불광,14440,16400,30840
20220514,3호선,수서,15991,15557,31548
20220514,3호선,신사,30055,31392,61447
20220514,3호선,안국,23162,24871,48033
20220514,3호선,압구정,26998,29220,56218
20220514,3호선,약수,10464,9914,20378
20220514,3호선,양재,25464,27872,53336
20220514,3호선,연신내,33052,31023,64075
20220514,3호선,오금,4784,4601,9385
20220514,3호선,옥수,8453,8223,16676
20220514,3호선,을지로3가,6509,7452,13961
20220514,3호선,일원,5905,5887,11792
20220514,3호선,잠원,4155,3913,8068
20220514,3호선,종로3가,7083,10519,17602
20220514,3호선,지축,4116,3679,7795
20220514,3호선,충무로,1,0,1
20220514,3호선,학여울,11793,12435,24228
20220514,3호선,홍제,15460,14238,29698
20220514,4호선,길음,17368,16184,33552
20220514,4호선,남태령,1386,825,2211
20220514,4호선,노원,18310,20352,38662
20220514,4호선,당고개,8503,7861,16364
20220514,4호선,동대문,15920,16108,32028
20220514,4호선,동대문역사문화공원,13575,11640,25215
20220514,4호선,동작,2028,2388,4416
20220514,4호선,명동,18227,20860,39087
20220514,4호선,미아,12051,10995,23046
20220514,4호선,미아사거리,24703,23405,48108
20220514,4호선,사당,26381,23328,49709
20220514,4호선,삼각지,4558,6166,10724
20220514,4호선,상계,16258,14925,31183
20220514,4호선,서울역,6979,17651,24630
20220514,4호선,성신여대입구,18969,17780,36749
20220514,4호선,수유,29994,29200,59194
20220514,4호선,숙대입구,11546,11074,22620
20220514,4호선,신용산,13598,14676,28274
20220514,4호선,쌍문,24397,21388,45785
20220514,4호선,이촌,10188,11283,21471
20220514,4호선,창동,22233,23081,45314
20220514,4호선,총신대입구,16508,17562,34070
20220514,4호선,충무로,15775,17501,33276
20220514,4호선,한성대입구,12558,12295,24853
20220514,4호선,혜화,34900,35762,70662
20220514,4호선,회현,21490,23036,44526
20220514,5호선,강동,15074,13844,28918
20220514,5호선,강일,3475,3147,6622
20220514,5호선,개롱,4939,5104,10043
20220514,5호선,개화산,4170,4015,8185
20220514,5호선,거여,7469,7074,14543
20220514,5호선,고덕,7491,7327,14818
20220514,5호선,공덕,8480,8836,17316
20220514,5호선,광나루,11779,10982,22761
20220514,5호선,광화문,20032,20539,40571
20220514,5호선,군자,9755,10874,20629
20220514,5호선,굽은다리,8085,7633,15718
20220514,5호선,길동,6591,6672,13263
20220514,5호선,김포공항,8122,8548,16670
20220514,5호선,까치산,23717,21808,45525
20220514,5호선,답십리,11448,10199,21647
20220514,5호선,동대문역사문화공원,1072,1498,2570
20220514,5호선,둔촌동,6986,6896,13882
20220514,5호선,마곡,6612,6651,13263
20220514,5호선,마장,4444,4088,8532
20220514,5호선,마천,5553,5584,11137
20220514,5호선,마포,8686,8791,17477
20220514,5호선,명일,7156,7109,14265
20220514,5호선,목동,12719,12713,25432
20220514,5호선,미사,14117,14022,28139
20220514,5호선,발산,15815,16940,32755
20220514,5호선,방이,6540,6243,12783
20220514,5호선,방화,5432,5130,10562
20220514,5호선,상일동,10740,9661,20401
20220514,5호선,서대문,8689,8210,16899
20220514,5호선,송정,5694,5310,11004
20220514,5호선,신금호,4820,4775,9595
20220514,5호선,신길,2973,2965,5938
20220514,5호선,신정,10183,8452,18635
20220514,5호선,아차산,14868,14279,29147
20220514,5호선,애오개,4233,4135,8368
20220514,5호선,양평,4299,3926,8225
20220514,5호선,여의나루,22594,25899,48493
20220514,5호선,여의도,14273,14642,28915
20220514,5호선,영등포구청,2287,2170,4457
20220514,5호선,영등포시장,9345,9623,18968
20220514,5호선,오금,2991,2833,5824
20220514,5호선,오목교,18193,18700,36893
20220514,5호선,올림픽공원,4757,4953,9710
20220514,5호선,왕십리,3940,4985,8925
20220514,5호선,우장산,11393,10855,22248
20220514,5호선,을지로4가,3854,4617,8471
20220514,5호선,장한평,12527,12130,24657
20220514,5호선,종로3가,16153,16171,32324
20220514,5호선,천호,19519,18581,38100
20220514,5호선,청구,2803,2566,5369
20220514,5호선,충정로,2197,2037,4234
20220514,5호선,하남검단산,6256,6145,12401
20220514,5호선,하남시청,6774,6383,13157
20220514,5호선,하남풍산,3303,3178,6481
20220514,5호선,행당,6356,5444,11800
20220514,5호선,화곡,22778,20598,43376
20220514,6호선,고려대,6403,6292,12695
20220514,6호선,공덕,11952,11293,23245
20220514,6호선,광흥창,6062,5671,11733
20220514,6호선,구산,6192,4469,10661
20220514,6호선,녹사평,6819,7617,14436
20220514,6호선,대흥,6633,6658,13291
20220514,6호선,독바위,2152,2323,4475
20220514,6호선,돌곶이,6994,6312,13306
20220514,6호선,동묘앞,8906,8614,17520
20220514,6호선,디지털미디어시티,8555,8708,17263
20220514,6호선,마포구청,10781,9226,20007
20220514,6호선,망원,15194,16994,32188
20220514,6호선,버티고개,1688,1711,3399
20220514,6호선,보문,6066,5177,11243
20220514,6호선,봉화산,6087,5778,11865
20220514,6호선,불광,4241,3839,8080
20220514,6호선,삼각지,7976,5879,13855
20220514,6호선,상수,9986,12392,22378
20220514,6호선,상월곡,4633,4075,8708
20220514,6호선,새절,9825,9146,18971
20220514,6호선,석계,9898,9979,19877
20220514,6호선,신내,1,0,1
20220514,6호선,신당,7075,6583,13658
20220514,6호선,안암,9065,8396,17461
20220514,6호선,약수,2831,2916,5747
20220514,6호선,역촌,3039,3478,6517
20220514,6호선,연신내,1,0,1
20220514,6호선,월곡,8572,8027,16599
20220514,6호선,월드컵경기장,5110,5315,10425
20220514,6호선,응암,14275,13807,28082
20220514,6호선,이태원,18197,23212,41409
20220514,6호선,증산,8329,7933,16262
20220514,6호선,창신,2328,1910,4238
20220514,6호선,청구,2651,2528,5179
20220514,6호선,태릉입구,6210,7154,13364
20220514,6호선,한강진,11106,14243,25349
20220514,6호선,합정,15628,14590,30218
20220514,6호선,화랑대,8358,6638,14996
20220514,6호선,효창공원앞,5436,4888,10324
20220514,7호선,가산디지털단지,16448,15029,31477
20220514,7호선,강남구청,10931,12340,23271
20220514,7호선,건대입구,13098,14703,27801
20220514,7호선,고속터미널,18122,13466,31588
20220514,7호선,공릉,10368,9872,20240
20220514,7호선,광명사거리,18768,18292,37060
20220514,7호선,군자,12488,9096,21584
20220514,7호선,굴포천,1,0,1
20220514,7호선,남구로,8786,8945,17731
20220514,7호선,남성,8734,7798,16532
20220514,7호선,내방,8785,8899,17684
20220514,7호선,노원,17899,18905,36804
20220514,7호선,논현,12394,13714,26108
20220514,7호선,대림,7756,8416,16172
20220514,7호선,도봉산,7756,10361,18117
20220514,7호선,뚝섬유원지,16745,16493,33238
20220514,7호선,마들,10090,9300,19390
20220514,7호선,먹골,9130,8333,17463
20220514,7호선,면목,12481,11448,23929
20220514,7호선,반포,5097,4829,9926
20220514,7호선,보라매,7456,7209,14665
20220514,7호선,사가정,13894,13145,27039
20220514,7호선,상도,9066,8075,17141
20220514,7호선,상봉,15536,14664,30200
20220514,7호선,수락산,11801,11024,22825
20220514,7호선,숭실대입구,10446,10030,20476
20220514,7호선,신대방삼거리,13088,11903,24991
20220514,7호선,신풍,9062,8583,17645
20220514,7호선,어린이대공원,12408,12583,24991
20220514,7호선,온수,6198,6164,12362
20220514,7호선,용마산,5210,5342,10552
20220514,7호선,이수,13786,13154,26940
20220514,7호선,장승배기,7562,6979,14541
20220514,7호선,장암,1987,1426,3413
20220514,7호선,중계,10517,9166,19683
20220514,7호선,중곡,7760,7092,14852
20220514,7호선,중화,8924,8419,17343
20220514,7호선,천왕,7800,7289,15089
20220514,7호선,철산,17213,17473,34686
20220514,7호선,청담,12737,13731,26468
20220514,7호선,태릉입구,9919,9694,19613
20220514,7호선,하계,14370,12828,27198
20220514,7호선,학동,11914,12611,24525
20220514,8호선,가락시장,5874,6055,11929
20220514,8호선,강동구청,7017,6841,13858
20220514,8호선,남위례,4187,4256,8443
20220514,8호선,남한산성입구,10930,9467,20397
20220514,8호선,단대오거리,9233,8447,17680
20220514,8호선,모란,6476,5625,12101
20220514,8호선,몽촌토성,5273,5294,10567
20220514,8호선,문정,9787,9900,19687
20220514,8호선,복정,7185,6005,13190
20220514,8호선,산성,4942,4849,9791
20220514,8호선,석촌,6691,8275,14966
20220514,8호선,송파,6726,6565,13291
20220514,8호선,수진,4860,4279,9139
20220514,8호선,신흥,3993,4193,8186
20220514,8호선,암사,14112,12648,26760
20220514,8호선,잠실,14160,16835,30995
20220514,8호선,장지,13620,12443,26063
20220514,8호선,천호,13273,16242,29515
20220514,9호선,가양,15926,15126,31052
20220514,9호선,개화,1674,1370,3044
20220514,9호선,고속터미널,17602,24653,42255
20220514,9호선,공항시장,2485,2537,5022
20220514,9호선,구반포,1207,1285,2492
20220514,9호선,국회의사당,4854,5035,9889
20220514,9호선,김포공항,8718,13064,21782
20220514,9호선,노들,3912,3398,7310
20220514,9호선,노량진,24017,23067,47084
20220514,9호선,당산,15148,14064,29212
20220514,9호선,동작,2145,1729,3874
20220514,9호선,등촌,8055,7449,15504
20220514,9호선,마곡나루,9671,9475,19146
20220514,9호선,사평,2639,2370,5009
20220514,9호선,샛강,2995,3098,6093
20220514,9호선,선유도,4932,4595,9527
20220514,9호선,신논현,30498,30315,60813
20220514,9호선,신목동,2757,2259,5016
20220514,9호선,신반포,3640,3834,7474
20220514,9호선,신방화,5062,4735,9797
20220514,9호선,양천향교,6816,6438,13254
20220514,9호선,여의도,15578,14569,30147
20220514,9호선,염창,13488,12173,25661
20220514,9호선,증미,4518,4160,8678
20220514,9호선,흑석,7038,6821,13859
20220514,9호선2~3단계,둔촌오륜,746,712,1458
20220514,9호선2~3단계,봉은사,14850,15767,30617
20220514,9호선2~3단계,삼성중앙,3470,3686,7156
20220514,9호선2~3단계,삼전,5515,4990,10505
20220514,9호선2~3단계,석촌,7851,6469,14320
20220514,9호선2~3단계,석촌고분,4724,4489,9213
20220514,9호선2~3단계,선정릉,5270,6134,11404
20220514,9호선2~3단계,송파나루,4604,5014,9618
20220514,9호선2~3단계,언주,6927,7114,14041
20220514,9호선2~3단계,올림픽공원,11225,10585,21810
20220514,9호선2~3단계,종합운동장,4009,3424,7433
20220514,9호선2~3단계,중앙보훈병원,5698,5267,10965
20220514,9호선2~3단계,한성백제,2282,2080,4362
20220514,경강선,경기광주,6788,6168,12956
20220514,경강선,곤지암,2380,2413,4793
20220514,경강선,부발,2449,2053,4502
20220514,경강선,삼동,1817,1654,3471
20220514,경강선,세종대왕릉,383,459,842
20220514,경강선,신둔도예촌,1524,1406,2930
20220514,경강선,여주,3053,3375,6428
20220514,경강선,이매,961,795,1756
20220514,경강선,이천,3259,3345,6604
20220514,경강선,초월,2724,2466,5190
20220514,경강선,판교,3762,3581,7343
20220514,경부선,가산디지털단지,7325,9449,16774
20220514,경부선,관악,7190,6785,13975
20220514,경부선,광명,3446,3046,6492
20220514,경부선,구로,14546,15292,29838
20220514,경부선,군포,4894,4455,9349
20220514,경부선,금정,22236,21886,44122
20220514,경부선,금천구청,9884,9927,19811
20220514,경부선,남영,6778,6937,13715
20220514,경부선,노량진,9592,8818,18410
20220514,경부선,당정,4783,4533,9316
20220514,경부선,대방,9701,9615,19316
20220514,경부선,독산,10341,9915,20256
20220514,경부선,두정,6667,6699,13366
20220514,경부선,명학,5988,5706,11694
20220514,경부선,병점,15044,14643,29687
20220514,경부선,서동탄,1190,1205,2395
20220514,경부선,서울역,9956,2640,12596
20220514,경부선,서정리,8214,6841,15055
20220514,경부선,석수,8038,7493,15531
20220514,경부선,성균관대,12482,12370,24852
20220514,경부선,성환,3692,3282,6974
20220514,경부선,세류,2919,2934,5853
20220514,경부선,세마,2655,2392,5047
20220514,경부선,송탄,5780,5115,10895
20220514,경부선,수원,45614,49998,95612
20220514,경부선,신길,6930,5933,12863
20220514,경부선,신도림,3164,3461,6625
20220514,경부선,안양,21231,21080,42311
20220514,경부선,영등포,45768,47895,93663
20220514,경부선,오산,10953,10245,21198
20220514,경부선,오산대,3911,3533,7444
20220514,경부선,용산,44320,46819,91139
20220514,경부선,의왕,7266,6964,14230
20220514,경부선,직산,842,794,1636
20220514,경부선,진위,1280,1035,2315
20220514,경부선,천안,8269,8426,16695
20220514,경부선,평택,16208,15537,31745
20220514,경부선,평택지제,3784,3418,7202
20220514,경부선,화서,6887,6920,13807
20220514,경원선,가능,6124,5596,11720
20220514,경원선,광운대,6229,6168,12397
20220514,경원선,녹양,4116,3906,8022
20220514,경원선,녹천,3779,3100,6879
20220514,경원선,덕계,2996,2599,5595
20220514,경원선,덕정,5545,5008,10553
20220514,경원선,도봉,5063,4768,9831
20220514,경원선,도봉산,10622,7429,18051
20220514,경원선,동두천,2015,2492,4507
20220514,경원선,동두천중앙,3069,3025,6094
20220514,경원선,망월사,6708,6832,13540
20220514,경원선,방학,8433,7965,16398
20220514,경원선,보산,2176,1942,4118
20220514,경원선,서빙고,2070,2259,4329
20220514,경원선,석계,7680,7914,15594
20220514,경원선,소요산,4768,4170,8938
20220514,경원선,신이문,6919,6067,12986
20220514,경원선,양주,7786,7253,15039
20220514,경원선,옥수,43,38,81
20220514,경원선,왕십리,14719,16429,31148
20220514,경원선,외대앞,7358,6702,14060
20220514,경원선,월계,5340,4827,10167
20220514,경원선,응봉,1690,1521,3211
20220514,경원선,의정부,20511,21677,42188
20220514,경원선,이촌,3900,2799,6699
20220514,경원선,지행,7317,7218,14535
20220514,경원선,창동,3,0,3
20220514,경원선,청량리,19343,19557,38900
20220514,경원선,한남,3353,3440,6793
20220514,경원선,회룡,11555,11462,23017
20220514,경의선,가좌,4666,4327,8993
20220514,경의선,강매,2399,2212,4611
20220514,경의선,계양,1,0,1
20220514,경의선,곡산,513,465,978
20220514,경의선,공덕,3251,2557,5808
20220514,경의선,금릉,4812,4542,9354
20220514,경의선,금촌,6640,6261,12901
20220514,경의선,능곡,3387,3214,6601
20220514,경의선,디지털미디어시티,2422,2118,4540
20220514,경의선,문산,6032,5809,11841
20220514,경의선,백마,5521,5055,10576
20220514,경의선,서강대,1999,2051,4050
20220514,경의선,서울역,1766,1815,3581
20220514,경의선,수색,1907,1788,3695
20220514,경의선,신촌,379,453,832
20220514,경의선,야당,7619,7720,15339
20220514,경의선,운정,6018,5477,11495
20220514,경의선,월롱,2223,1822,4045
20220514,경의선,일산,7372,6864,14236
20220514,경의선,임진강,114,92,206
20220514,경의선,탄현,6440,5895,12335
20220514,경의선,파주,1099,806,1905
20220514,경의선,풍산,5073,4862,9935
20220514,경의선,행신,6376,6368,12744
20220514,경의선,홍대입구,2470,3327,5797
20220514,경의선,화전,1522,1397,2919
20220514,경의선,효창공원앞,2077,2235,4312
20220514,경인선,간석,5163,4928,10091
20220514,경인선,개봉,18423,17722,36145
20220514,경인선,구일,5375,5160,10535
20220514,경인선,도원,2359,2340,4699
20220514,경인선,도화,3590,3328,6918
20220514,경인선,동암,14209,14160,28369
20220514,경인선,동인천,13815,13611,27426
20220514,경인선,백운,6391,6252,12643
20220514,경인선,부개,7300,6800,14100
20220514,경인선,부천,32579,33818,66397
20220514,경인선,부평,32647,36795,69442
20220514,경인선,소사,8754,8200,16954
20220514,경인선,송내,21337,20684,42021
20220514,경인선,역곡,23589,22800,46389
20220514,경인선,오류동,10417,9041,19458
20220514,경인선,온수,5619,5147,10766
20220514,경인선,인천,5907,5101,11008
20220514,경인선,제물포,8607,8096,16703
20220514,경인선,주안,18768,16367,35135
20220514,경인선,중동,7716,7119,14835
20220514,경춘선,가평,3019,3834,6853
20220514,경춘선,갈매,2323,1987,4310
20220514,경춘선,강촌,1110,1374,2484
20220514,경춘선,굴봉산,342,360,702
20220514,경춘선,금곡,1385,1239,2624
20220514,경춘선,김유정,739,881,1620
20220514,경춘선,남춘천,3876,4280,8156
20220514,경춘선,대성리,3105,3721,6826
20220514,경춘선,마석,4189,3961,8150
20220514,경춘선,백양리,167,215,382
20220514,경춘선,별내,2773,2548,5321
20220514,경춘선,사릉,2097,2009,4106
20220514,경춘선,상천,661,519,1180
20220514,경춘선,신내,1527,1451,2978
20220514,경춘선,천마산,1606,1597,3203
20220514,경춘선,청평,2675,2896,5571
20220514,경춘선,춘천,2900,2347,5247
20220514,경춘선,퇴계원,3092,2751,5843
20220514,경춘선,평내호평,5742,5458,11200
20220514,공항철도 1호선,검암,5309,5441,10750
20220514,공항철도 1호선,계양,8776,7910,16686
20220514,공항철도 1호선,공덕,1825,2933,4758
20220514,공항철도 1호선,공항화물청사,1612,1623,3235
20220514,공항철도 1호선,김포공항,12213,6289,18502
20220514,공항철도 1호선,디지털미디어시티,6824,6215,13039
20220514,공항철도 1호선,마곡나루,4042,4524,8566
20220514,공항철도 1호선,서울역,10024,10306,20330
20220514,공항철도 1호선,영종,3757,3791,7548
20220514,공항철도 1호선,운서,7437,7432,14869
20220514,공항철도 1호선,인천공항1터미널,5966,5708,11674
20220514,공항철도 1호선,인천공항2터미널,3304,2832,6136
20220514,공항철도 1호선,청라국제도시,5413,5163,10576
20220514,공항철도 1호선,홍대입구,15190,15899,31089
20220514,과천선,경마공원,13338,13502,26840
20220514,과천선,과천,5792,5347,11139
20220514,과천선,대공원,10133,10544,20677
20220514,과천선,범계,24104,24030,48134
20220514,과천선,선바위,6776,5785,12561
20220514,과천선,인덕원,20335,19710,40045
20220514,과천선,정부과천청사,7471,7205,14676
20220514,과천선,평촌,11254,10629,21883
20220514,분당선,가천대,6549,6818,13367
20220514,분당선,강남구청,6152,7611,13763
20220514,분당선,개포동,3039,2854,5893
20220514,분당선,구룡,1744,1506,3250
20220514,분당선,구성,4145,4131,8276
20220514,분당선,기흥,8660,8040,16700
20220514,분당선,대모산입구,3742,3442,7184
20220514,분당선,도곡,5474,4810,10284
20220514,분당선,망포,11066,9752,20818
20220514,분당선,매교,2366,2382,4748
20220514,분당선,매탄권선,4227,3984,8211
20220514,분당선,모란,25958,26879,52837
20220514,분당선,미금,12398,12949,25347
20220514,분당선,보정,2013,1858,3871
20220514,분당선,상갈,4496,4435,8931
20220514,분당선,서울숲,13342,14279,27621
20220514,분당선,서현,21913,22314,44227
20220514,분당선,선릉,6050,9496,15546
20220514,분당선,선정릉,4058,4060,8118
20220514,분당선,수내,10071,9483,19554
20220514,분당선,수서,11847,12296,24143
20220514,분당선,수원,8878,7286,16164
20220514,분당선,수원시청,12833,14954,27787
20220514,분당선,신갈,3354,3238,6592
20220514,분당선,압구정로데오,20729,24945,45674
20220514,분당선,야탑,21258,22025,43283
20220514,분당선,영통,8058,7725,15783
20220514,분당선,오리,9171,7444,16615
20220514,분당선,이매,5026,4782,9808
20220514,분당선,정자,12228,12611,24839
20220514,분당선,죽전,11780,13171,24951
20220514,분당선,청명,3391,3269,6660
20220514,분당선,태평,12197,11454,23651
20220514,분당선,한티,13590,13104,26694
20220514,수인선,고색,3233,3222,6455
20220514,수인선,남동인더스파크,1139,1074,2213
20220514,수인선,달월,74,61,135
20220514,수인선,사리,4239,3425,7664
20220514,수인선,소래포구,7724,7697,15421
20220514,수인선,송도,2448,2414,4862
20220514,수인선,숭의,3177,2824,6001
20220514,수인선,신포,1688,1787,3475
20220514,수인선,야목,303,284,587
20220514,수인선,어천,911,810,1721
20220514,수인선,연수,4718,4689,9407
20220514,수인선,오목천,2702,2218,4920
20220514,수인선,원인재,4187,4271,8458
20220514,수인선,월곶,2427,2212,4639
20220514,수인선,인천,1541,2560,4101
20220514,수인선,인천논현,4955,5139,10094
20220514,수인선,인하대,5319,4865,10184
20220514,수인선,호구포,2959,2804,5763
20220514,안산선,고잔,7548,7684,15232
20220514,안산선,대야미,4865,4219,9084
20220514,안산선,반월,4084,3743,7827
20220514,안산선,산본,14520,15593,30113
20220514,안산선,상록수,14537,14430,28967
20220514,안산선,수리산,3449,3224,6673
20220514,안산선,신길온천,1776,1624,3400
20220514,안산선,안산,10830,11029,21859
20220514,안산선,오이도,9209,9313,18522
20220514,안산선,정왕,7801,7718,15519
20220514,안산선,중앙,19030,19989,39019
20220514,안산선,초지,4264,4054,8318
20220514,안산선,한대앞,8823,8616,17439
20220514,우이신설선,4.19민주묘지,2982,2488,5470
20220514,우이신설선,가오리,3394,3090,6484
20220514,우이신설선,보문,1317,1249,2566
20220514,우이신설선,북한산보국문,5600,4727,10327
20220514,우이신설선,북한산우이,4664,4709,9373
20220514,우이신설선,삼양,1762,1677,3439
20220514,우이신설선,삼양사거리,2202,2114,4316
20220514,우이신설선,성신여대입구,3065,3734,6799
20220514,우이신설선,솔밭공원,2080,1982,4062
20220514,우이신설선,솔샘,4539,3818,8357
20220514,우이신설선,신설동,1568,1477,3045
20220514,우이신설선,정릉,4372,3480,7852
20220514,우이신설선,화계,2771,2568,5339
20220514,일산선,대곡,1749,1475,3224
20220514,일산선,대화,14427,12902,27329
20220514,일산선,마두,5907,5787,11694
20220514,일산선,백석,8633,8305,16938
20220514,일산선,삼송,17069,15864,32933
20220514,일산선,원당,10030,9275,19305
20220514,일산선,원흥,8662,8126,16788
20220514,일산선,정발산,8372,8846,17218
20220514,일산선,주엽,8016,7677,15693
20220514,일산선,화정,15108,15638,30746
20220514,장항선,배방,1331,1350,2681
20220514,장항선,봉명,999,914,1913
20220514,장항선,신창,1824,1542,3366
20220514,장항선,쌍용,2221,2040,4261
20220514,장항선,아산,4110,3917,8027
20220514,장항선,온양온천,6081,6118,12199
20220514,장항선,탕정,885,765,1650
20220514,중앙선,구리,12229,12356,24585
20220514,중앙선,국수,823,862,1685
20220514,중앙선,덕소,5350,5179,10529
20220514,중앙선,도농,8651,8118,16769
20220514,중앙선,도심,1944,1774,3718
20220514,중앙선,망우,7705,7453,15158
20220514,중앙선,상봉,5965,5859,11824
20220514,중앙선,신원,341,237,578
20220514,중앙선,아신,796,765,1561
20220514,중앙선,양수,2808,2922,5730
20220514,중앙선,양원,2155,1993,4148
20220514,중앙선,양정,733,608,1341
20220514,중앙선,양평,3578,3639,7217
20220514,중앙선,오빈,363,365,728
20220514,중앙선,용문,2862,3230,6092
20220514,중앙선,운길산,1740,1698,3438
20220514,중앙선,원덕,545,533,1078
20220514,중앙선,중랑,5108,4872,9980
20220514,중앙선,지평,69,94,163
20220514,중앙선,팔당,1829,2024,3853
20220514,중앙선,회기,23908,22729,46637
20220515,1호선,동대문,11197,11660,22857
20220515,1호선,동묘앞,14245,14317,28562
20220515,1호선,서울역,34298,32629,66927
20220515,1호선,시청,10178,9472,19650
20220515,1호선,신설동,8715,8465,17180
20220515,1호선,제기동,11213,11850,23063
20220515,1호선,종각,16095,13378,29473
20220515,1호선,종로3가,18253,14882,33135
20220515,1호선,종로5가,11947,11278,23225
20220515,1호선,청량리,14799,14646,29445
20220515,2호선,강남,40551,39350,79901
20220515,2호선,강변,27398,26667,54065
20220515,2호선,건대입구,32739,33125,65864
20220515,2호선,교대,12453,13993,26446
20220515,2호선,구로디지털단지,26822,26267,53089
20220515,2호선,구의,13038,13052,26090
20220515,2호선,낙성대,17821,18582,36403
20220515,2호선,당산,10679,11358,22037
20220515,2호선,대림,16662,17258,33920
20220515,2호선,도림천,514,518,1032
20220515,2호선,동대문역사문화공원,8915,10719,19634
20220515,2호선,뚝섬,13360,13232,26592
20220515,2호선,문래,9238,9830,19068
20220515,2호선,방배,7807,8231,16038
20220515,2호선,봉천,13623,13172,26795
20220515,2호선,사당,26470,29678,56148
20220515,2호선,삼성,25456,24191,49647
20220515,2호선,상왕십리,7764,7621,15385
20220515,2호선,서울대입구,30896,31837,62733
20220515,2호선,서초,13762,12602,26364
20220515,2호선,선릉,15372,13013,28385
20220515,2호선,성수,17590,19838,37428
20220515,2호선,시청,7250,5975,13225
20220515,2호선,신답,916,1007,1923
20220515,2호선,신당,9163,9907,19070
20220515,2호선,신대방,17426,17278,34704
20220515,2호선,신도림,31100,31920,63020
20220515,2호선,신림,42036,41066,83102
20220515,2호선,신설동,3717,3589,7306
20220515,2호선,신정네거리,6044,6181,12225
20220515,2호선,신촌,25650,25184,50834
20220515,2호선,아현,5966,5802,11768
20220515,2호선,양천구청,3803,3907,7710
20220515,2호선,역삼,12425,13583,26008
20220515,2호선,영등포구청,9101,9630,18731
20220515,2호선,왕십리,11458,10072,21530
20220515,2호선,용답,1956,2011,3967
20220515,2호선,용두,1341,1295,2636
20220515,2호선,을지로3가,10439,9994,20433
20220515,2호선,을지로4가,4418,4122,8540
20220515,2호선,을지로입구,18357,17354,35711
20220515,2호선,이대,7855,8753,16608
20220515,2호선,잠실,57308,52377,109685
20220515,2호선,잠실나루,6302,6318,12620
20220515,2호선,잠실새내,13812,13665,27477
20220515,2호선,종합운동장,15095,16852,31947
20220515,2호선,충정로,4064,4506,8570
20220515,2호선,한양대,3292,3763,7055
20220515,2호선,합정,25712,27883,53595
20220515,2호선,홍대입구,61588,60042,121630
20220515,3호선,가락시장,4315,4610,8925
20220515,3호선,경복궁,22635,26016,48651
20220515,3호선,경찰병원,3095,3226,6321
20220515,3호선,고속터미널,51747,48046,99793
20220515,3호선,교대,5455,3375,8830
20220515,3호선,구파발,13759,13852,27611
20220515,3호선,금호,4742,4401,9143
20220515,3호선,남부터미널,18051,19184,37235
20220515,3호선,녹번,8532,7552,16084
20220515,3호선,대청,4720,4628,9348
20220515,3호선,대치,7573,6710,14283
20220515,3호선,도곡,2443,2732,5175
20220515,3호선,독립문,5676,6649,12325
20220515,3호선,동대입구,7079,7847,14926
20220515,3호선,매봉,5232,5183,10415
20220515,3호선,무악재,2193,2409,4602
20220515,3호선,불광,10990,12576,23566
20220515,3호선,수서,12127,12240,24367
20220515,3호선,신사,16800,16606,33406
20220515,3호선,안국,16666,17331,33997
20220515,3호선,압구정,15557,16348,31905
20220515,3호선,약수,7845,7557,15402
20220515,3호선,양재,16230,19184,35414
20220515,3호선,연신내,23982,22858,46840
20220515,3호선,오금,3166,3221,6387
20220515,3호선,옥수,5971,6179,12150
20220515,3호선,을지로3가,4536,4141,8677
20220515,3호선,일원,4087,4220,8307
20220515,3호선,잠원,2814,2741,5555
20220515,3호선,종로3가,4980,6321,11301
20220515,3호선,지축,2926,2767,5693
20220515,3호선,충무로,1,0,1
20220515,3호선,학여울,10449,11021,21470
20220515,3호선,홍제,10975,10450,21425
20220515,4호선,길음,12015,11955,23970
20220515,4호선,남태령,1039,711,1750
20220515,4호선,노원,13479,14504,27983
20220515,4호선,당고개,6501,6416,12917
20220515,4호선,동대문,8690,9185,17875
20220515,4호선,동대문역사문화공원,10856,9480,20336
20220515,4호선,동작,1738,1888,3626
20220515,4호선,명동,14425,14722,29147
20220515,4호선,미아,9046,8511,17557
20220515,4호선,미아사거리,18663,17611,36274
20220515,4호선,사당,19232,17552,36784
20220515,4호선,삼각지,3583,4808,8391
20220515,4호선,상계,12098,11234,23332
20220515,4호선,서울역,5227,14358,19585
20220515,4호선,성신여대입구,14483,13885,28368
20220515,4호선,수유,22725,22096,44821
20220515,4호선,숙대입구,9017,8928,17945
20220515,4호선,신용산,10533,10715,21248
20220515,4호선,쌍문,18048,16228,34276
20220515,4호선,이촌,7405,8237,15642
20220515,4호선,창동,17209,17942,35151
20220515,4호선,총신대입구,11724,12686,24410
20220515,4호선,충무로,10348,11284,21632
20220515,4호선,한성대입구,8818,9070,17888
20220515,4호선,혜화,26725,28057,54782
20220515,4호선,회현,10194,10367,20561
20220515,5호선,강동,10326,10105,20431
20220515,5호선,강일,2523,2477,5000
20220515,5호선,개롱,3426,3730,7156
20220515,5호선,개화산,3043,3077,6120
20220515,5호선,거여,5415,5293,10708
20220515,5호선,고덕,4983,5042,10025
20220515,5호선,공덕,5460,5440,10900
20220515,5호선,광나루,9309,9140,18449
20220515,5호선,광화문,14660,14578,29238
20220515,5호선,군자,6959,7738,14697
20220515,5호선,굽은다리,6376,6042,12418
20220515,5호선,길동,4505,4674,9179
20220515,5호선,김포공항,7695,7592,15287
20220515,5호선,까치산,17446,16982,34428
20220515,5호선,답십리,8367,7657,16024
20220515,5호선,동대문역사문화공원,734,875,1609
20220515,5호선,둔촌동,5120,5178,10298
20220515,5호선,마곡,4136,4287,8423
20220515,5호선,마장,3275,3043,6318
20220515,5호선,마천,4052,4297,8349
20220515,5호선,마포,5520,5423,10943
20220515,5호선,명일,5661,5669,11330
20220515,5호선,목동,8758,9073,17831
20220515,5호선,미사,10344,10425,20769
20220515,5호선,발산,10216,10652,20868
20220515,5호선,방이,4709,4619,9328
20220515,5호선,방화,4028,4013,8041
20220515,5호선,상일동,7504,7094,14598
20220515,5호선,서대문,6615,6508,13123
20220515,5호선,송정,4134,4091,8225
20220515,5호선,신금호,3335,3600,6935
20220515,5호선,신길,2059,2326,4385
20220515,5호선,신정,7098,6466,13564
20220515,5호선,아차산,12741,12466,25207
20220515,5호선,애오개,2922,3101,6023
20220515,5호선,양평,3180,3202,6382
20220515,5호선,여의나루,19723,21333,41056
20220515,5호선,여의도,9877,10314,20191
20220515,5호선,영등포구청,1645,1529,3174
20220515,5호선,영등포시장,6065,6073,12138
20220515,5호선,오금,1804,1795,3599
20220515,5호선,오목교,12716,13430,26146
20220515,5호선,올림픽공원,4247,4301,8548
20220515,5호선,왕십리,2863,3440,6303
20220515,5호선,우장산,7754,7942,15696
20220515,5호선,을지로4가,2030,2057,4087
20220515,5호선,장한평,8816,8566,17382
20220515,5호선,종로3가,11276,9644,20920
20220515,5호선,천호,14866,13825,28691
20220515,5호선,청구,2077,1888,3965
20220515,5호선,충정로,1613,1713,3326
20220515,5호선,하남검단산,5262,5139,10401
20220515,5호선,하남시청,4734,4528,9262
20220515,5호선,하남풍산,2549,2536,5085
20220515,5호선,행당,4537,4105,8642
20220515,5호선,화곡,16006,15037,31043
20220515,6호선,고려대,5532,5513,11045
20220515,6호선,공덕,8364,7847,16211
20220515,6호선,광흥창,4799,4574,9373
20220515,6호선,구산,4320,3161,7481
20220515,6호선,녹사평,5027,5011,10038
20220515,6호선,대흥,4554,4837,9391
20220515,6호선,독바위,1611,2066,3677
20220515,6호선,돌곶이,6304,5972,12276
20220515,6호선,동묘앞,7599,7315,14914
20220515,6호선,디지털미디어시티,6044,6404,12448
20220515,6호선,마포구청,7828,7137,14965
20220515,6호선,망원,11038,11860,22898
20220515,6호선,버티고개,1252,1318,2570
20220515,6호선,보문,4699,4413,9112
20220515,6호선,봉화산,4513,4570,9083
20220515,6호선,불광,3276,2951,6227
20220515,6호선,삼각지,5644,4401,10045
20220515,6호선,상수,7615,8406,16021
20220515,6호선,상월곡,3846,3496,7342
20220515,6호선,새절,7275,7072,14347
20220515,6호선,석계,7263,7577,14840
20220515,6호선,신당,5389,5787,11176
20220515,6호선,안암,6019,6668,12687
20220515,6호선,약수,2066,2092,4158
20220515,6호선,역촌,2201,2550,4751
20220515,6호선,월곡,6538,6503,13041
20220515,6호선,월드컵경기장,7842,7806,15648
20220515,6호선,응암,10685,10629,21314
20220515,6호선,이태원,14646,11270,25916
20220515,6호선,증산,6128,6314,12442
20220515,6호선,창신,1892,1735,3627
20220515,6호선,청구,1857,1884,3741
20220515,6호선,태릉입구,5591,6651,12242
20220515,6호선,한강진,8244,9753,17997
20220515,6호선,합정,11825,10723,22548
20220515,6호선,화랑대,6044,5660,11704
20220515,6호선,효창공원앞,4219,3711,7930
20220515,7호선,가산디지털단지,12036,10962,22998
20220515,7호선,강남구청,6160,6784,12944
20220515,7호선,건대입구,9377,10365,19742
20220515,7호선,고속터미널,15851,9870,25721
20220515,7호선,공릉,7530,7667,15197
20220515,7호선,광명사거리,14007,13918,27925
20220515,7호선,군자,9120,6908,16028
20220515,7호선,남구로,7436,7366,14802
20220515,7호선,남성,6186,6083,12269
20220515,7호선,내방,5580,5960,11540
20220515,7호선,노원,12758,13028,25786
20220515,7호선,논현,6976,7168,14144
20220515,7호선,대림,8551,7931,16482
20220515,7호선,도봉산,6517,9292,15809
20220515,7호선,뚝섬유원지,14427,14125,28552
20220515,7호선,마들,7002,6453,13455
20220515,7호선,먹골,6865,6380,13245
20220515,7호선,면목,8948,8705,17653
20220515,7호선,반포,3478,3581,7059
20220515,7호선,보라매,5140,5193,10333
20220515,7호선,사가정,10147,10096,20243
20220515,7호선,상도,6051,6342,12393
20220515,7호선,상봉,11091,10264,21355
20220515,7호선,수락산,9769,9486,19255
20220515,7호선,숭실대입구,6802,7375,14177
20220515,7호선,신대방삼거리,9171,9077,18248
20220515,7호선,신풍,6735,6403,13138
20220515,7호선,어린이대공원,9479,9781,19260
20220515,7호선,온수,4439,4541,8980
20220515,7호선,용마산,3655,4053,7708
20220515,7호선,이수,9544,9211,18755
20220515,7호선,장승배기,5049,4987,10036
20220515,7호선,장암,1799,1202,3001
20220515,7호선,중계,7615,7110,14725
20220515,7호선,중곡,6182,5876,12058
20220515,7호선,중화,7146,6656,13802
20220515,7호선,천왕,5546,5431,10977
20220515,7호선,철산,12158,12174,24332
20220515,7호선,청담,7290,8021,15311
20220515,7호선,태릉입구,8554,8832,17386
20220515,7호선,하계,10405,9903,20308
20220515,7호선,학동,7151,7599,14750
20220515,8호선,가락시장,3456,4233,7689
20220515,8호선,강동구청,5045,5145,10190
20220515,8호선,남위례,2950,3089,6039
20220515,8호선,남한산성입구,7885,7507,15392
20220515,8호선,단대오거리,6168,6123,12291
20220515,8호선,모란,3070,2590,5660
20220515,8호선,몽촌토성,4069,4125,8194
20220515,8호선,문정,6113,6335,12448
20220515,8호선,복정,5587,5265,10852
20220515,8호선,산성,3608,3705,7313
20220515,8호선,석촌,4676,5811,10487
20220515,8호선,송파,4457,4462,8919
20220515,8호선,수진,3256,2947,6203
20220515,8호선,신흥,2829,3089,5918
20220515,8호선,암사,9875,9439,19314
20220515,8호선,잠실,10836,12658,23494
20220515,8호선,장지,10080,10010,20090
20220515,8호선,천호,9853,11332,21185
20220515,9호선,가양,12104,11655,23759
20220515,9호선,개화,1278,1208,2486
20220515,9호선,고속터미널,14207,19418,33625
20220515,9호선,공항시장,1908,2141,4049
20220515,9호선,구반포,539,715,1254
20220515,9호선,국회의사당,7649,6736,14385
20220515,9호선,김포공항,8092,12349,20441
20220515,9호선,노들,3305,2855,6160
20220515,9호선,노량진,16443,17110,33553
20220515,9호선,당산,10719,10439,21158
20220515,9호선,동작,1580,1285,2865
20220515,9호선,등촌,5582,5668,11250
20220515,9호선,마곡나루,6791,6789,13580
20220515,9호선,사평,1848,1863,3711
20220515,9호선,샛강,2013,1893,3906
20220515,9호선,선유도,3563,3467,7030
20220515,9호선,신논현,19082,17826,36908
20220515,9호선,신목동,2062,1890,3952
20220515,9호선,신반포,2872,3224,6096
20220515,9호선,신방화,3837,3733,7570
20220515,9호선,양천향교,4728,4842,9570
20220515,9호선,여의도,11402,10384,21786
20220515,9호선,염창,9765,9658,19423
20220515,9호선,증미,3219,3175,6394
20220515,9호선,흑석,4796,4950,9746
20220515,9호선2~3단계,둔촌오륜,585,582,1167
20220515,9호선2~3단계,봉은사,10505,10862,21367
20220515,9호선2~3단계,삼성중앙,2298,2272,4570
20220515,9호선2~3단계,삼전,3981,3774,7755
20220515,9호선2~3단계,석촌,5566,4790,10356
20220515,9호선2~3단계,석촌고분,3523,3452,6975
20220515,9호선2~3단계,선정릉,3368,3826,7194
20220515,9호선2~3단계,송파나루,3488,3694,7182
20220515,9호선2~3단계,언주,4337,4204,8541
20220515,9호선2~3단계,올림픽공원,10411,9761,20172
20220515,9호선2~3단계,종합운동장,3017,2532,5549
20220515,9호선2~3단계,중앙보훈병원,4198,4045,8243
20220515,9호선2~3단계,한성백제,1927,1811,3738
20220515,경강선,경기광주,4831,4714,9545
20220515,경강선,곤지암,1818,1963,3781
20220515,경강선,부발,1716,2480,4196
20220515,경강선,삼동,1271,1228,2499
20220515,경강선,세종대왕릉,371,356,727
20220515,경강선,신둔도예촌,1131,1172,2303
20220515,경강선,여주,2871,2885,5756
20220515,경강선,이매,878,609,1487
20220515,경강선,이천,2561,2791,5352
20220515,경강선,초월,1933,1827,3760
20220515,경강선,판교,2920,2742,5662
20220515,경부선,가산디지털단지,5349,7510,12859
20220515,경부선,관악,6030,5589,11619
20220515,경부선,광명,3243,2279,5522
20220515,경부선,구로,11138,11189,22327
20220515,경부선,군포,3562,3276,6838
20220515,경부선,금정,16677,16955,33632
20220515,경부선,금천구청,7363,7151,14514
20220515,경부선,남영,5176,5588,10764
20220515,경부선,노량진,6864,6530,13394
20220515,경부선,당정,3422,3548,6970
20220515,경부선,대방,7056,7371,14427
20220515,경부선,독산,7159,7252,14411
20220515,경부선,두정,5283,6684,11967
20220515,경부선,명학,4099,3875,7974
20220515,경부선,병점,11207,11921,23128
20220515,경부선,서동탄,936,1021,1957
20220515,경부선,서울역,10010,2244,12254
20220515,경부선,서정리,5210,7432,12642
20220515,경부선,석수,5921,5877,11798
20220515,경부선,성균관대,8986,9607,18593
20220515,경부선,성환,2988,3888,6876
20220515,경부선,세류,2452,2368,4820
20220515,경부선,세마,1997,1876,3873
20220515,경부선,송탄,4027,4955,8982
20220515,경부선,수원,39652,38448,78100
20220515,경부선,신길,5434,4833,10267
20220515,경부선,신도림,2507,2649,5156
20220515,경부선,안양,16144,15525,31669
20220515,경부선,영등포,37434,36239,73673
20220515,경부선,오산,8918,9304,18222
20220515,경부선,오산대,2859,2779,5638
20220515,경부선,용산,39883,36949,76832
20220515,경부선,의왕,4998,5133,10131
20220515,경부선,직산,677,705,1382
20220515,경부선,진위,1059,1029,2088
20220515,경부선,천안,7456,7674,15130
20220515,경부선,평택,13284,14579,27863
20220515,경부선,평택지제,2982,2918,5900
20220515,경부선,화서,5068,4797,9865
20220515,경원선,가능,4635,4339,8974
20220515,경원선,광운대,4806,5186,9992
20220515,경원선,녹양,3231,2986,6217
20220515,경원선,녹천,2902,2625,5527
20220515,경원선,덕계,2256,2140,4396
20220515,경원선,덕정,3907,4124,8031
20220515,경원선,도봉,4095,3786,7881
20220515,경원선,도봉산,10177,7532,17709
20220515,경원선,동두천,1517,2156,3673
20220515,경원선,동두천중앙,2697,2626,5323
20220515,경원선,망월사,5131,5304,10435
20220515,경원선,방학,6913,6552,13465
20220515,경원선,보산,1500,1634,3134
20220515,경원선,서빙고,2014,1966,3980
20220515,경원선,석계,5809,6416,12225
20220515,경원선,소요산,4845,4040,8885
20220515,경원선,신이문,5369,5065,10434
20220515,경원선,양주,5856,5874,11730
20220515,경원선,옥수,41,45,86
20220515,경원선,왕십리,11427,13062,24489
20220515,경원선,외대앞,5557,5788,11345
20220515,경원선,월계,4445,4153,8598
20220515,경원선,응봉,1366,1285,2651
20220515,경원선,의정부,16151,16472,32623
20220515,경원선,이촌,3241,2193,5434
20220515,경원선,지행,5144,5120,10264
20220515,경원선,창동,3,0,3
20220515,경원선,청량리,16448,15928,32376
20220515,경원선,한남,2370,2400,4770
20220515,경원선,회룡,8772,8790,17562
20220515,경의선,가좌,3294,3287,6581
20220515,경의선,강매,1909,1806,3715
20220515,경의선,계양,1,0,1
20220515,경의선,곡산,408,399,807
20220515,경의선,공덕,2314,1902,4216
20220515,경의선,금릉,3520,3576,7096
20220515,경의선,금촌,5005,5333,10338
20220515,경의선,능곡,2557,2462,5019
20220515,경의선,디지털미디어시티,1777,1718,3495
20220515,경의선,문산,4197,4335,8532
20220515,경의선,백마,4024,3819,7843
20220515,경의선,서강대,1534,1620,3154
20220515,경의선,서울역,1338,1274,2612
20220515,경의선,수색,1085,1180,2265
20220515,경의선,신촌,290,361,651
20220515,경의선,야당,5566,5461,11027
20220515,경의선,운정,4329,4139,8468
20220515,경의선,월롱,1258,2357,3615
20220515,경의선,일산,5497,5299,10796
20220515,경의선,임진강,133,96,229
20220515,경의선,탄현,4839,4459,9298
20220515,경의선,파주,762,757,1519
20220515,경의선,풍산,4069,3758,7827
20220515,경의선,행신,5421,4991,10412
20220515,경의선,홍대입구,2024,2533,4557
20220515,경의선,화전,1048,1084,2132
20220515,경의선,효창공원앞,1609,1824,3433
20220515,경인선,간석,3527,3312,6839
20220515,경인선,개봉,13284,13106,26390
20220515,경인선,구일,3782,3712,7494
20220515,경인선,도원,1874,1877,3751
20220515,경인선,도화,2640,2578,5218
20220515,경인선,동암,10836,10621,21457
20220515,경인선,동인천,11027,10621,21648
20220515,경인선,백운,4689,4551,9240
20220515,경인선,부개,5389,5055,10444
20220515,경인선,부천,25097,24984,50081
20220515,경인선,부평,25523,25978,51501
20220515,경인선,소사,6489,6207,12696
20220515,경인선,송내,15246,14977,30223
20220515,경인선,역곡,16761,16673,33434
20220515,경인선,오류동,7836,7401,15237
20220515,경인선,온수,4341,4120,8461
20220515,경인선,인천,5582,4491,10073
20220515,경인선,제물포,6194,6090,12284
20220515,경인선,주안,13603,12251,25854
20220515,경인선,중동,5643,5281,10924
20220515,경춘선,가평,3290,1910,5200
20220515,경춘선,갈매,1767,1547,3314
20220515,경춘선,강촌,1367,782,2149
20220515,경춘선,굴봉산,260,219,479
20220515,경춘선,금곡,1041,1068,2109
20220515,경춘선,김유정,684,712,1396
20220515,경춘선,남춘천,2919,3559,6478
20220515,경춘선,대성리,3459,854,4313
20220515,경춘선,마석,3316,3242,6558
20220515,경춘선,백양리,173,97,270
20220515,경춘선,별내,2132,2046,4178
20220515,경춘선,사릉,1633,1623,3256
20220515,경춘선,상천,747,524,1271
20220515,경춘선,신내,1203,1264,2467
20220515,경춘선,천마산,1298,1242,2540
20220515,경춘선,청평,2734,1684,4418
20220515,경춘선,춘천,2506,2053,4559
20220515,경춘선,퇴계원,2370,2245,4615
20220515,경춘선,평내호평,4020,3827,7847
20220515,공항철도 1호선,검암,4092,4377,8469
20220515,공항철도 1호선,계양,6455,6176,12631
20220515,공항철도 1호선,공덕,1322,1876,3198
20220515,공항철도 1호선,공항화물청사,1247,1295,2542
20220515,공항철도 1호선,김포공항,12402,6194,18596
20220515,공항철도 1호선,디지털미디어시티,4123,4346,8469
20220515,공항철도 1호선,마곡나루,2963,3406,6369
20220515,공항철도 1호선,서울역,9681,9323,19004
20220515,공항철도 1호선,영종,3144,3088,6232
20220515,공항철도 1호선,운서,6143,6512,12655
20220515,공항철도 1호선,인천공항1터미널,6105,5488,11593
20220515,공항철도 1호선,인천공항2터미널,3172,2669,5841
20220515,공항철도 1호선,청라국제도시,4058,3797,7855
20220515,공항철도 1호선,홍대입구,12658,11193,23851
20220515,과천선,경마공원,17037,17502,34539
20220515,과천선,과천,4410,4114,8524
20220515,과천선,대공원,8400,8375,16775
20220515,과천선,범계,17717,17061,34778
20220515,과천선,선바위,5107,4555,9662
20220515,과천선,인덕원,15013,15048,30061
20220515,과천선,정부과천청사,5273,5340,10613
20220515,과천선,평촌,7336,7057,14393
20220515,분당선,가천대,4757,5655,10412
20220515,분당선,강남구청,3654,4485,8139
20220515,분당선,개포동,2410,2392,4802
20220515,분당선,구룡,964,1061,2025
20220515,분당선,구성,2975,3184,6159
20220515,분당선,기흥,6780,6463,13243
20220515,분당선,대모산입구,2544,2476,5020
20220515,분당선,도곡,3329,3106,6435
20220515,분당선,망포,7470,7841,15311
20220515,분당선,매교,1692,1713,3405
20220515,분당선,매탄권선,3018,3036,6054
20220515,분당선,모란,12667,13182,25849
20220515,분당선,미금,8443,8942,17385
20220515,분당선,보정,1334,1233,2567
20220515,분당선,상갈,3224,3360,6584
20220515,분당선,서울숲,9768,10409,20177
20220515,분당선,서현,16312,16444,32756
20220515,분당선,선릉,3316,4926,8242
20220515,분당선,선정릉,2410,2522,4932
20220515,분당선,수내,6948,6434,13382
20220515,분당선,수서,9497,9237,18734
20220515,분당선,수원,6867,5581,12448
20220515,분당선,수원시청,8536,8414,16950
20220515,분당선,신갈,2440,2506,4946
20220515,분당선,압구정로데오,12388,13617,26005
20220515,분당선,야탑,15907,16459,32366
20220515,분당선,영통,5773,5872,11645
20220515,분당선,오리,6042,5224,11266
20220515,분당선,이매,3726,3826,7552
20220515,분당선,정자,8569,8887,17456
20220515,분당선,죽전,9172,10305,19477
20220515,분당선,청명,2361,2535,4896
20220515,분당선,태평,9052,8512,17564
20220515,분당선,한티,9622,9217,18839
20220515,수인선,고색,1938,1979,3917
20220515,수인선,남동인더스파크,639,675,1314
20220515,수인선,달월,53,62,115
20220515,수인선,사리,3133,2689,5822
20220515,수인선,소래포구,6764,6621,13385
20220515,수인선,송도,1835,1857,3692
20220515,수인선,숭의,2261,2039,4300
20220515,수인선,신포,1353,1308,2661
20220515,수인선,야목,267,212,479
20220515,수인선,어천,704,799,1503
20220515,수인선,연수,3788,3706,7494
20220515,수인선,오목천,1776,1835,3611
20220515,수인선,원인재,3354,3380,6734
20220515,수인선,월곶,1984,1819,3803
20220515,수인선,인천,1372,2137,3509
20220515,수인선,인천논현,3291,3487,6778
20220515,수인선,인하대,3831,3786,7617
20220515,수인선,호구포,2303,2297,4600
20220515,안산선,고잔,5285,5211,10496
20220515,안산선,대야미,3728,3411,7139
20220515,안산선,반월,3030,2905,5935
20220515,안산선,산본,10466,11036,21502
20220515,안산선,상록수,10714,10702,21416
20220515,안산선,수리산,2533,2582,5115
20220515,안산선,신길온천,1532,1386,2918
20220515,안산선,안산,11417,10515,21932
20220515,안산선,오이도,7474,6994,14468
20220515,안산선,정왕,6206,6812,13018
20220515,안산선,중앙,14082,13956,28038
20220515,안산선,초지,2983,2941,5924
20220515,안산선,한대앞,6333,6546,12879
20220515,우이신설선,4.19민주묘지,2571,2164,4735
20220515,우이신설선,가오리,2895,2867,5762
20220515,우이신설선,보문,1118,1111,2229
20220515,우이신설선,북한산보국문,4391,4002,8393
20220515,우이신설선,북한산우이,4107,3913,8020
20220515,우이신설선,삼양,1318,1386,2704
20220515,우이신설선,삼양사거리,1726,1741,3467
20220515,우이신설선,성신여대입구,2444,2914,5358
20220515,우이신설선,솔밭공원,1672,1577,3249
20220515,우이신설선,솔샘,3368,3210,6578
20220515,우이신설선,신설동,1320,1344,2664
20220515,우이신설선,정릉,3296,2689,5985
20220515,우이신설선,화계,2472,2253,4725
20220515,일산선,대곡,1265,1130,2395
20220515,일산선,대화,10727,9765,20492
20220515,일산선,마두,4083,4183,8266
20220515,일산선,백석,6518,6325,12843
20220515,일산선,삼송,12937,12415,25352
20220515,일산선,원당,7348,7042,14390
20220515,일산선,원흥,6376,6156,12532
20220515,일산선,정발산,6803,6740,13543
20220515,일산선,주엽,5498,5403,10901
20220515,일산선,화정,11338,11369,22707
20220515,장항선,배방,968,1137,2105
20220515,장항선,봉명,694,688,1382
20220515,장항선,신창,1286,2413,3699
20220515,장항선,쌍용,1521,1732,3253
20220515,장항선,아산,4721,3040,7761
20220515,장항선,온양온천,3966,4074,8040
20220515,장항선,탕정,584,719,1303
20220515,중앙선,구리,9188,9590,18778
20220515,중앙선,국수,759,661,1420
20220515,중앙선,덕소,4100,4214,8314
20220515,중앙선,도농,6356,6269,12625
20220515,중앙선,도심,1543,1366,2909
20220515,중앙선,망우,5873,5889,11762
20220515,중앙선,상봉,4462,4781,9243
20220515,중앙선,신원,453,263,716
20220515,중앙선,아신,616,561,1177
20220515,중앙선,양수,2381,2115,4496
20220515,중앙선,양원,1635,1676,3311
20220515,중앙선,양정,629,472,1101
20220515,중앙선,양평,2918,2617,5535
20220515,중앙선,오빈,304,261,565
20220515,중앙선,용문,5381,4654,10035
20220515,중앙선,운길산,1620,1526,3146
20220515,중앙선,원덕,529,459,988
20220515,중앙선,중랑,4160,4002,8162
20220515,중앙선,지평,75,58,133
20220515,중앙선,팔당,1762,1841,3603
20220515,중앙선,회기,18335,18751,37086
20220521,1호선,동대문,11801,11591,23392
20220521,1호선,동묘앞,12672,13040,25712
20220521,1호선,서울역,41094,40983,82077
20220521,1호선,시청,15618,16223,31841
20220521,1호선,신설동,10977,10464,21441
20220521,1호선,제기동,16477,16760,33237
20220521,1호선,종각,24847,22655,47502
20220521,1호선,종로3가,28555,25825,54380
20220521,1호선,종로5가,22560,22784,45344
20220521,1호선,청량리,20732,20961,41693
20220521,2호선,강남,66742,68983,135725
20220521,2호선,강변,33182,32898,66080
20220521,2호선,건대입구,40890,45041,85931
20220521,2호선,교대,20280,22870,43150
20220521,2호선,구로디지털단지,38013,36715,74728
20220521,2호선,구의,18053,17203,35256
20220521,2호선,낙성대,24659,22374,47033
20220521,2호선,당산,15471,17049,32520
20220521,2호선,대림,19858,20647,40505
20220521,2호선,도림천,897,939,1836
20220521,2호선,동대문역사문화공원,11840,14086,25926
20220521,2호선,뚝섬,17578,17959,35537
20220521,2호선,문래,14628,15845,30473
20220521,2호선,방배,11489,11824,23313
20220521,2호선,봉천,19019,16870,35889
20220521,2호선,사당,38219,42759,80978
20220521,2호선,삼성,31836,31991,63827
20220521,2호선,상왕십리,11051,10227,21278
20220521,2호선,서울대입구,42137,40900,83037
20220521,2호선,서초,12913,10622,23535
20220521,2호선,선릉,26911,23615,50526
20220521,2호선,성수,23477,27288,50765
20220521,2호선,시청,12073,10397,22470
20220521,2호선,신답,1137,1173,2310
20220521,2호선,신당,12332,13146,25478
20220521,2호선,신대방,22811,21301,44112
20220521,2호선,신도림,45592,46690,92282
20220521,2호선,신림,56721,53379,110100
20220521,2호선,신설동,3783,3712,7495
20220521,2호선,신정네거리,8342,8275,16617
20220521,2호선,신촌,35642,36507,72149
20220521,2호선,아현,8385,7660,16045
20220521,2호선,양천구청,5707,5446,11153
20220521,2호선,역삼,20089,22630,42719
20220521,2호선,영등포구청,14299,14818,29117
20220521,2호선,왕십리,15490,13647,29137
20220521,2호선,용답,2397,2182,4579
20220521,2호선,용두,1897,1788,3685
20220521,2호선,을지로3가,14362,14932,29294
20220521,2호선,을지로4가,8307,8978,17285
20220521,2호선,을지로입구,25334,25844,51178
20220521,2호선,이대,11729,12153,23882
20220521,2호선,잠실,75959,72960,148919
20220521,2호선,잠실나루,8606,8310,16916
20220521,2호선,잠실새내,20620,20795,41415
20220521,2호선,종합운동장,18855,21615,40470
20220521,2호선,충정로,6473,6979,13452
20220521,2호선,한양대,5585,5986,11571
20220521,2호선,합정,32816,37565,70381
20220521,2호선,홍대입구,75077,84773,159850
20220521,3호선,가락시장,6809,6451,13260
20220521,3호선,경복궁,29562,34134,63696
20220521,3호선,경찰병원,4415,4209,8624
20220521,3호선,고속터미널,60824,59526,120350
20220521,3호선,교대,8616,5357,13973
20220521,3호선,구파발,18062,18445,36507
20220521,3호선,금호,6504,5804,12308
20220521,3호선,남부터미널,24323,23890,48213
20220521,3호선,녹번,11810,10009,21819
20220521,3호선,대청,6822,6136,12958
20220521,3호선,대치,10675,9594,20269
20220521,3호선,도곡,3886,4173,8059
20220521,3호선,독립문,7191,7954,15145
20220521,3호선,동대입구,7728,9096,16824
20220521,3호선,매봉,7192,7069,14261
20220521,3호선,무악재,3066,3269,6335
20220521,3호선,불광,14565,16373,30938
20220521,3호선,수서,15823,15340,31163
20220521,3호선,신사,28520,30670,59190
20220521,3호선,안국,23503,25613,49116
20220521,3호선,압구정,27311,29447,56758
20220521,3호선,약수,10478,10011,20489
20220521,3호선,양재,24968,27665,52633
20220521,3호선,연신내,32352,30313,62665
20220521,3호선,오금,4218,3916,8134
20220521,3호선,옥수,8219,8068,16287
20220521,3호선,을지로3가,6822,7448,14270
20220521,3호선,일원,5723,5570,11293
20220521,3호선,잠원,4242,3965,8207
20220521,3호선,종로3가,7378,10902,18280
20220521,3호선,지축,4188,3652,7840
20220521,3호선,충무로,3,0,3
20220521,3호선,학여울,1549,1471,3020
20220521,3호선,홍제,15126,14204,29330
20220521,4호선,길음,17578,16202,33780
20220521,4호선,남태령,1456,775,2231
20220521,4호선,노원,17821,20075,37896
20220521,4호선,당고개,8141,7524,15665
20220521,4호선,동대문,15850,16353,32203
20220521,4호선,동대문역사문화공원,13122,11490,24612
20220521,4호선,동작,2479,2670,5149
20220521,4호선,명동,18086,20886,38972
20220521,4호선,미아,11929,11021,22950
20220521,4호선,미아사거리,24733,23472,48205
20220521,4호선,사당,26063,23123,49186
20220521,4호선,삼각지,4812,6551,11363
20220521,4호선,상계,16397,14752,31149
20220521,4호선,서울역,6922,17057,23979
20220521,4호선,성신여대입구,18934,17816,36750
20220521,4호선,수유,29717,29209,58926
20220521,4호선,숙대입구,11157,10863,22020
20220521,4호선,신용산,13733,14640,28373
20220521,4호선,쌍문,24104,20929,45033
20220521,4호선,이촌,8318,9300,17618
20220521,4호선,창동,22450,23381,45831
20220521,4호선,총신대입구,16798,17962,34760
20220521,4호선,충무로,15758,17648,33406
20220521,4호선,한성대입구,12133,11877,24010
20220521,4호선,혜화,33447,35242,68689
20220521,4호선,회현,21204,22066,43270
20220521,5호선,강동,14497,13625,28122
20220521,5호선,강일,3621,3285,6906
20220521,5호선,개롱,4651,4829,9480
20220521,5호선,개화산,4265,3982,8247
20220521,5호선,거여,7657,6964,14621
20220521,5호선,고덕,7292,7209,14501
20220521,5호선,공덕,8388,8607,16995
20220521,5호선,광나루,11670,10759,22429
20220521,5호선,광화문,20231,21222,41453
20220521,5호선,군자,9675,10942,20617
20220521,5호선,굽은다리,8182,7637,15819
20220521,5호선,길동,6681,6574,13255
20220521,5호선,김포공항,8503,8892,17395
20220521,5호선,까치산,23468,21888,45356
20220521,5호선,답십리,11495,10270,21765
20220521,5호선,동대문역사문화공원,1088,1487,2575
20220521,5호선,둔촌동,6763,6627,13390
20220521,5호선,마곡,6188,6196,12384
20220521,5호선,마장,4448,4117,8565
20220521,5호선,마천,5687,5644,11331
20220521,5호선,마포,8484,8601,17085
20220521,5호선,명일,7271,7098,14369
20220521,5호선,목동,12874,12651,25525
20220521,5호선,미사,14119,14103,28222
20220521,5호선,발산,15936,17304,33240
20220521,5호선,방이,5878,5760,11638
20220521,5호선,방화,5331,5052,10383
20220521,5호선,상일동,10853,9699,20552
20220521,5호선,서대문,9011,8751,17762
20220521,5호선,송정,5482,5105,10587
20220521,5호선,신금호,4783,4736,9519
20220521,5호선,신길,2994,3033,6027
20220521,5호선,신정,10126,8338,18464
20220521,5호선,아차산,15081,14206,29287
20220521,5호선,애오개,4178,4027,8205
20220521,5호선,양평,4212,3880,8092
20220521,5호선,여의나루,22823,24605,47428
20220521,5호선,여의도,13774,15191,28965
20220521,5호선,영등포구청,2215,2185,4400
20220521,5호선,영등포시장,9216,9848,19064
20220521,5호선,오금,2378,2254,4632
20220521,5호선,오목교,18316,19341,37657
20220521,5호선,올림픽공원,4087,3928,8015
20220521,5호선,왕십리,3992,5139,9131
20220521,5호선,우장산,11461,10921,22382
20220521,5호선,을지로4가,4185,4558,8743
20220521,5호선,장한평,12741,12011,24752
20220521,5호선,종로3가,16245,16594,32839
20220521,5호선,천호,19138,18508,37646
20220521,5호선,청구,3054,2630,5684
20220521,5호선,충정로,2258,2008,4266
20220521,5호선,하남검단산,6208,6034,12242
20220521,5호선,하남시청,6528,6140,12668
20220521,5호선,하남풍산,3237,3119,6356
20220521,5호선,행당,6317,5469,11786
20220521,5호선,화곡,23043,20637,43680
20220521,6호선,고려대,6962,6517,13479
20220521,6호선,공덕,12093,11568,23661
20220521,6호선,광흥창,6181,5663,11844
20220521,6호선,구산,6216,4348,10564
20220521,6호선,녹사평,6944,7696,14640
20220521,6호선,대흥,6922,6765,13687
20220521,6호선,독바위,2320,2520,4840
20220521,6호선,돌곶이,7196,6419,13615
20220521,6호선,동묘앞,8698,8610,17308
20220521,6호선,디지털미디어시티,8983,8916,17899
20220521,6호선,마포구청,11242,9166,20408
20220521,6호선,망원,15011,16484,31495
20220521,6호선,버티고개,1833,1781,3614
20220521,6호선,보문,6000,5260,11260
20220521,6호선,봉화산,6266,6106,12372
20220521,6호선,불광,4406,4002,8408
20220521,6호선,삼각지,8636,6586,15222
20220521,6호선,상수,9587,11710,21297
20220521,6호선,상월곡,4741,3981,8722
20220521,6호선,새절,9888,9260,19148
20220521,6호선,석계,10006,9810,19816
20220521,6호선,신당,6924,6429,13353
20220521,6호선,안암,8315,7940,16255
20220521,6호선,약수,2800,2815,5615
20220521,6호선,역촌,2897,3265,6162
20220521,6호선,월곡,8647,8081,16728
20220521,6호선,월드컵경기장,12350,13926,26276
20220521,6호선,응암,14287,13738,28025
20220521,6호선,이태원,17306,23024,40330
20220521,6호선,증산,8257,7757,16014
20220521,6호선,창신,2409,1950,4359
20220521,6호선,청구,2686,2591,5277
20220521,6호선,태릉입구,8427,10256,18683
20220521,6호선,한강진,10936,13658,24594
20220521,6호선,합정,14924,14486,29410
20220521,6호선,화랑대,8610,6788,15398
20220521,6호선,효창공원앞,5843,5187,11030
20220521,7호선,가산디지털단지,15868,14444,30312
20220521,7호선,강남구청,10729,12151,22880
20220521,7호선,건대입구,12433,14064,26497
20220521,7호선,고속터미널,17839,13350,31189
20220521,7호선,공릉,10138,9658,19796
20220521,7호선,광명사거리,18708,18298,37006
20220521,7호선,군자,12517,9177,21694
20220521,7호선,까치울,1,0,1
20220521,7호선,남구로,8934,9100,18034
20220521,7호선,남성,8590,7760,16350
20220521,7호선,내방,8832,8717,17549
20220521,7호선,노원,17478,18845,36323
20220521,7호선,논현,12171,13346,25517
20220521,7호선,대림,7757,8476,16233
20220521,7호선,도봉산,7875,10351,18226
20220521,7호선,뚝섬유원지,17281,16290,33571
20220521,7호선,마들,10263,9423,19686
20220521,7호선,먹골,9597,8427,18024
20220521,7호선,면목,12378,11426,23804
20220521,7호선,반포,5142,4906,10048
20220521,7호선,보라매,7261,6892,14153
20220521,7호선,사가정,14060,13103,27163
20220521,7호선,상도,8972,8023,16995
20220521,7호선,상봉,15590,14688,30278
20220521,7호선,수락산,11772,11267,23039
20220521,7호선,숭실대입구,9923,9649,19572
20220521,7호선,신대방삼거리,12373,11397,23770
20220521,7호선,신풍,9111,8482,17593
20220521,7호선,어린이대공원,12728,12643,25371
20220521,7호선,온수,6298,6333,12631
20220521,7호선,용마산,5134,5233,10367
20220521,7호선,이수,14104,13543,27647
20220521,7호선,장승배기,7362,6926,14288
20220521,7호선,장암,2163,1501,3664
20220521,7호선,중계,10818,9467,20285
20220521,7호선,중곡,7877,7112,14989
20220521,7호선,중화,9762,8661,18423
20220521,7호선,천왕,7926,7407,15333
20220521,7호선,철산,17335,17446,34781
20220521,7호선,청담,12538,13515,26053
20220521,7호선,태릉입구,13177,13291,26468
20220521,7호선,하계,14001,12661,26662
20220521,7호선,학동,11686,12403,24089
20220521,8호선,가락시장,6030,6417,12447
20220521,8호선,강동구청,6909,6641,13550
20220521,8호선,남위례,4027,4152,8179
20220521,8호선,남한산성입구,10382,9186,19568
20220521,8호선,단대오거리,8675,7843,16518
20220521,8호선,모란,4070,3744,7814
20220521,8호선,몽촌토성,5831,5677,11508
20220521,8호선,문정,9833,9847,19680
20220521,8호선,복정,7226,6177,13403
20220521,8호선,산성,5041,4908,9949
20220521,8호선,석촌,6509,7972,14481
20220521,8호선,송파,6468,6115,12583
20220521,8호선,수진,4447,3896,8343
20220521,8호선,신흥,3986,4203,8189
20220521,8호선,암사,14000,12258,26258
20220521,8호선,잠실,14369,17482,31851
20220521,8호선,장지,13671,12363,26034
20220521,8호선,천호,13057,15949,29006
20220521,9호선,가양,15999,15298,31297
20220521,9호선,개화,1650,1356,3006
20220521,9호선,고속터미널,17294,24327,41621
20220521,9호선,공항시장,2511,2646,5157
20220521,9호선,구반포,1417,1617,3034
20220521,9호선,국회의사당,5216,5327,10543
20220521,9호선,김포공항,8882,13331,22213
20220521,9호선,노들,4248,3670,7918
20220521,9호선,노량진,24186,22854,47040
20220521,9호선,당산,15608,15774,31382
20220521,9호선,동작,2943,2521,5464
20220521,9호선,등촌,8006,7475,15481
20220521,9호선,마곡나루,9581,9348,18929
20220521,9호선,사평,2689,2398,5087
20220521,9호선,샛강,3087,2987,6074
20220521,9호선,선유도,5034,4782,9816
20220521,9호선,신논현,29540,29613,59153
20220521,9호선,신목동,2972,2426,5398
20220521,9호선,신반포,3767,3932,7699
20220521,9호선,신방화,5348,4897,10245
20220521,9호선,양천향교,6681,6156,12837
20220521,9호선,여의도,14479,14445,28924
20220521,9호선,염창,13591,12259,25850
20220521,9호선,증미,4441,4090,8531
20220521,9호선,흑석,6749,6345,13094
20220521,9호선2~3단계,둔촌오륜,760,783,1543
20220521,9호선2~3단계,봉은사,12438,13232,25670
20220521,9호선2~3단계,삼성중앙,3389,3367,6756
20220521,9호선2~3단계,삼전,5329,4759,10088
20220521,9호선2~3단계,석촌,7893,6479,14372
20220521,9호선2~3단계,석촌고분,5080,4638,9718
20220521,9호선2~3단계,선정릉,5509,6016,11525
20220521,9호선2~3단계,송파나루,4585,5025,9610
20220521,9호선2~3단계,언주,7199,7162,14361
20220521,9호선2~3단계,올림픽공원,8595,8658,17253
20220521,9호선2~3단계,종합운동장,5136,4380,9516
20220521,9호선2~3단계,중앙보훈병원,5564,5126,10690
20220521,9호선2~3단계,한성백제,2494,2015,4509
20220521,경강선,경기광주,6384,5766,12150
20220521,경강선,곤지암,2246,2346,4592
20220521,경강선,부발,2417,2089,4506
20220521,경강선,삼동,1726,1566,3292
20220521,경강선,세종대왕릉,433,490,923
20220521,경강선,신둔도예촌,1448,1410,2858
20220521,경강선,여주,2910,3172,6082
20220521,경강선,이매,986,821,1807
20220521,경강선,이천,3176,3366,6542
20220521,경강선,초월,2629,2298,4927
20220521,경강선,판교,3678,3617,7295
20220521,경부선,가산디지털단지,7147,9438,16585
20220521,경부선,관악,7165,6810,13975
20220521,경부선,광명,3431,3121,6552
20220521,경부선,구로,15301,16165,31466
20220521,경부선,군포,4911,4358,9269
20220521,경부선,금정,22544,22205,44749
20220521,경부선,금천구청,9807,9663,19470
20220521,경부선,남영,6568,6591,13159
20220521,경부선,노량진,9892,9049,18941
20220521,경부선,당정,4851,4507,9358
20220521,경부선,대방,9738,9534,19272
20220521,경부선,독산,10512,10007,20519
20220521,경부선,두정,6695,6536,13231
20220521,경부선,명학,6283,5940,12223
20220521,경부선,병점,14462,14195,28657
20220521,경부선,서동탄,1279,1315,2594
20220521,경부선,서울역,10808,2494,13302
20220521,경부선,서정리,7475,6762,14237
20220521,경부선,석수,8195,7708,15903
20220521,경부선,성균관대,12369,12309,24678
20220521,경부선,성환,3767,3484,7251
20220521,경부선,세류,2896,2892,5788
20220521,경부선,세마,2708,2351,5059
20220521,경부선,송탄,5304,4910,10214
20220521,경부선,수원,45059,48833,93892
20220521,경부선,신길,6955,5840,12795
20220521,경부선,신도림,3658,3834,7492
20220521,경부선,안양,21072,20941,42013
20220521,경부선,영등포,45449,48384,93833
20220521,경부선,오산,11008,10066,21074
20220521,경부선,오산대,3887,3574,7461
20220521,경부선,용산,44159,47170,91329
20220521,경부선,의왕,7161,6830,13991
20220521,경부선,직산,881,831,1712
20220521,경부선,진위,1206,1050,2256
20220521,경부선,천안,8060,8360,16420
20220521,경부선,평택,15787,15146,30933
20220521,경부선,평택지제,3523,3404,6927
20220521,경부선,화서,7016,6793,13809
20220521,경원선,가능,5971,5512,11483
20220521,경원선,광운대,6425,6290,12715
20220521,경원선,녹양,4312,4082,8394
20220521,경원선,녹천,3781,3030,6811
20220521,경원선,덕계,3007,2669,5676
20220521,경원선,덕정,5550,4912,10462
20220521,경원선,도봉,5050,4782,9832
20220521,경원선,도봉산,10227,7437,17664
20220521,경원선,동두천,1978,2399,4377
20220521,경원선,동두천중앙,3205,3088,6293
20220521,경원선,망월사,6830,6709,13539
20220521,경원선,방학,8730,8295,17025
20220521,경원선,보산,2043,1919,3962
20220521,경원선,서빙고,2144,2059,4203
20220521,경원선,석계,7645,8072,15717
20220521,경원선,소요산,4980,4241,9221
20220521,경원선,신이문,6930,6115,13045
20220521,경원선,양주,7491,6952,14443
20220521,경원선,옥수,33,41,74
20220521,경원선,왕십리,14470,16428,30898
20220521,경원선,외대앞,7218,6602,13820
20220521,경원선,월계,5472,4865,10337
20220521,경원선,응봉,1817,1563,3380
20220521,경원선,의정부,20457,22138,42595
20220521,경원선,이촌,4057,2870,6927
20220521,경원선,지행,6934,6834,13768
20220521,경원선,창동,3,0,3
20220521,경원선,청량리,19632,20043,39675
20220521,경원선,한남,3470,3348,6818
20220521,경원선,회룡,11510,11071,22581
20220521,경의선,가좌,4635,4305,8940
20220521,경의선,강매,2679,2551,5230
20220521,경의선,곡산,521,463,984
20220521,경의선,공덕,3163,2438,5601
20220521,경의선,금릉,4632,4407,9039
20220521,경의선,금촌,7193,6703,13896
20220521,경의선,능곡,3570,3368,6938
20220521,경의선,디지털미디어시티,2482,2180,4662
20220521,경의선,문산,5740,5411,11151
20220521,경의선,백마,5354,4938,10292
20220521,경의선,서강대,2044,1971,4015
20220521,경의선,서울역,1816,1867,3683
20220521,경의선,수색,1820,1697,3517
20220521,경의선,신촌,452,504,956
20220521,경의선,야당,7777,8025,15802
20220521,경의선,운정,5899,5317,11216
20220521,경의선,월롱,2270,1831,4101
20220521,경의선,일산,7457,7150,14607
20220521,경의선,임진강,137,112,249
20220521,경의선,탄현,6532,6048,12580
20220521,경의선,파주,1034,755,1789
20220521,경의선,풍산,5193,4865,10058
20220521,경의선,행신,6518,6356,12874
20220521,경의선,홍대입구,2395,3231,5626
20220521,경의선,화전,1503,1369,2872
20220521,경의선,효창공원앞,2178,2248,4426
20220521,경인선,간석,5128,4803,9931
20220521,경인선,개봉,18700,17750,36450
20220521,경인선,구일,7989,8021,16010
20220521,경인선,도원,2441,2454,4895
20220521,경인선,도화,3698,3436,7134
20220521,경인선,동암,14396,14497,28893
20220521,경인선,동인천,14063,13782,27845
20220521,경인선,백운,6430,6290,12720
20220521,경인선,부개,7436,6873,14309
20220521,경인선,부천,32587,33814,66401
20220521,경인선,부평,32949,36868,69817
20220521,경인선,소사,8849,8232,17081
20220521,경인선,송내,21583,21091,42674
20220521,경인선,역곡,23751,22809,46560
20220521,경인선,오류동,10328,9247,19575
20220521,경인선,온수,6019,5289,11308
20220521,경인선,인천,6263,5438,11701
20220521,경인선,제물포,8681,8182,16863
20220521,경인선,주안,18997,16338,35335
20220521,경인선,중동,7640,7038,14678
20220521,경춘선,가평,2911,3587,6498
20220521,경춘선,갈매,2386,1946,4332
20220521,경춘선,강촌,1233,1390,2623
20220521,경춘선,굴봉산,288,233,521
20220521,경춘선,금곡,1356,1236,2592
20220521,경춘선,김유정,783,900,1683
20220521,경춘선,남춘천,3855,4173,8028
20220521,경춘선,대성리,3510,3249,6759
20220521,경춘선,마석,4094,3898,7992
20220521,경춘선,백양리,136,253,389
20220521,경춘선,별내,2852,2554,5406
20220521,경춘선,사릉,2041,1966,4007
20220521,경춘선,상천,685,500,1185
20220521,경춘선,신내,1550,1553,3103
20220521,경춘선,천마산,1607,1574,3181
20220521,경춘선,청평,2740,3098,5838
20220521,경춘선,춘천,2988,2475,5463
20220521,경춘선,퇴계원,3071,2755,5826
20220521,경춘선,평내호평,5638,5437,11075
20220521,공항철도 1호선,검암,5534,5483,11017
20220521,공항철도 1호선,계양,8883,8062,16945
20220521,공항철도 1호선,공덕,1784,2876,4660
20220521,공항철도 1호선,공항화물청사,1423,1496,2919
20220521,공항철도 1호선,김포공항,12166,6150,18316
20220521,공항철도 1호선,디지털미디어시티,7213,6390,13603
20220521,공항철도 1호선,마곡나루,3995,4615,8610
20220521,공항철도 1호선,서울역,10131,10217,20348
20220521,공항철도 1호선,영종,3658,3726,7384
20220521,공항철도 1호선,운서,7558,7663,15221
20220521,공항철도 1호선,인천공항1터미널,6684,5731,12415
20220521,공항철도 1호선,인천공항2터미널,3496,2961,6457
20220521,공항철도 1호선,청라국제도시,5339,5052,10391
20220521,공항철도 1호선,홍대입구,14566,14771,29337
20220521,과천선,경마공원,13429,13655,27084
20220521,과천선,과천,5872,5304,11176
20220521,과천선,대공원,10885,11300,22185
20220521,과천선,범계,23868,23781,47649
20220521,과천선,선바위,6885,5928,12813
20220521,과천선,인덕원,20320,19665,39985
20220521,과천선,정부과천청사,7378,7201,14579
20220521,과천선,평촌,11077,10613,21690
20220521,분당선,가천대,6517,6602,13119
20220521,분당선,강남구청,6135,7529,13664
20220521,분당선,개포동,3091,3009,6100
20220521,분당선,구룡,1615,1386,3001
20220521,분당선,구성,3852,3983,7835
20220521,분당선,기흥,7935,7307,15242
20220521,분당선,대모산입구,3441,3133,6574
20220521,분당선,도곡,5516,4856,10372
20220521,분당선,망포,10896,9719,20615
20220521,분당선,매교,2346,2302,4648
20220521,분당선,매탄권선,4154,3771,7925
20220521,분당선,모란,17670,18025,35695
20220521,분당선,미금,11800,12238,24038
20220521,분당선,보정,1981,1712,3693
20220521,분당선,복정,2,0,2
20220521,분당선,상갈,4387,4254,8641
20220521,분당선,서울숲,12552,13383,25935
20220521,분당선,서현,21294,21598,42892
20220521,분당선,선릉,5802,8832,14634
20220521,분당선,선정릉,3956,4024,7980
20220521,분당선,수내,9965,9396,19361
20220521,분당선,수서,11841,12274,24115
20220521,분당선,수원,8712,7238,15950
20220521,분당선,수원시청,12600,15010,27610
20220521,분당선,신갈,3357,3288,6645
20220521,분당선,압구정로데오,19941,24215,44156
20220521,분당선,야탑,21181,22167,43348
20220521,분당선,영통,7982,7894,15876
20220521,분당선,오리,8755,7129,15884
20220521,분당선,이매,5173,4974,10147
20220521,분당선,정자,11852,12417,24269
20220521,분당선,죽전,11718,13092,24810
20220521,분당선,청명,3234,3191,6425
20220521,분당선,태평,12136,11160,23296
20220521,분당선,한티,13489,12943,26432
20220521,수인선,고색,3176,3055,6231
20220521,수인선,남동인더스파크,1129,1069,2198
20220521,수인선,달월,80,79,159
20220521,수인선,사리,4252,3430,7682
20220521,수인선,소래포구,7618,7761,15379
20220521,수인선,송도,2409,2297,4706
20220521,수인선,숭의,3209,2842,6051
20220521,수인선,신포,1680,1772,3452
20220521,수인선,야목,334,273,607
20220521,수인선,어천,920,791,1711
20220521,수인선,연수,4689,4724,9413
20220521,수인선,오목천,2626,2244,4870
20220521,수인선,원인재,4274,4452,8726
20220521,수인선,월곶,2506,2356,4862
20220521,수인선,인천,1583,2767,4350
20220521,수인선,인천논현,4980,5225,10205
20220521,수인선,인하대,5310,4907,10217
20220521,수인선,호구포,2964,2817,5781
20220521,안산선,고잔,8121,7951,16072
20220521,안산선,대야미,4926,4290,9216
20220521,안산선,반월,4079,3843,7922
20220521,안산선,산본,14659,15550,30209
20220521,안산선,상록수,14492,14259,28751
20220521,안산선,수리산,3333,3031,6364
20220521,안산선,신길온천,1798,1664,3462
20220521,안산선,안산,10851,11018,21869
20220521,안산선,오이도,9387,9358,18745
20220521,안산선,정왕,7929,7727,15656
20220521,안산선,중앙,18650,19678,38328
20220521,안산선,초지,4080,4065,8145
20220521,안산선,한대앞,8915,8638,17553
20220521,우이신설선,4.19민주묘지,2833,2412,5245
20220521,우이신설선,가오리,3295,3114,6409
20220521,우이신설선,보문,1254,1258,2512
20220521,우이신설선,북한산보국문,5943,4849,10792
20220521,우이신설선,북한산우이,4408,4613,9021
20220521,우이신설선,삼양,1683,1702,3385
20220521,우이신설선,삼양사거리,2185,2117,4302
20220521,우이신설선,성신여대입구,3119,3955,7074
20220521,우이신설선,솔밭공원,2073,1979,4052
20220521,우이신설선,솔샘,4449,3845,8294
20220521,우이신설선,신설동,1569,1508,3077
20220521,우이신설선,정릉,4487,3449,7936
20220521,우이신설선,화계,2845,2511,5356
20220521,일산선,대곡,1707,1517,3224
20220521,일산선,대화,10089,8968,19057
20220521,일산선,마두,5807,5819,11626
20220521,일산선,백석,8524,8414,16938
20220521,일산선,삼송,16639,15680,32319
20220521,일산선,원당,9796,9249,19045
20220521,일산선,원흥,8697,8141,16838
20220521,일산선,정발산,7841,8464,16305
20220521,일산선,주엽,7836,7635,15471
20220521,일산선,화정,14781,15056,29837
20220521,장항선,배방,1360,1285,2645
20220521,장항선,봉명,936,885,1821
20220521,장항선,신창,1789,1439,3228
20220521,장항선,쌍용,2073,1838,3911
20220521,장항선,아산,4142,3886,8028
20220521,장항선,온양온천,4814,4864,9678
20220521,장항선,탕정,957,771,1728
20220521,중앙선,구리,12216,12497,24713
20220521,중앙선,국수,855,908,1763
20220521,중앙선,덕소,5280,5270,10550
20220521,중앙선,도농,8786,8148,16934
20220521,중앙선,도심,1879,1566,3445
20220521,중앙선,망우,7629,7501,15130
20220521,중앙선,상봉,5746,5727,11473
20220521,중앙선,신원,323,261,584
20220521,중앙선,아신,833,842,1675
20220521,중앙선,양수,2906,2835,5741
20220521,중앙선,양원,2334,2291,4625
20220521,중앙선,양정,676,532,1208
20220521,중앙선,양평,3495,3650,7145
20220521,중앙선,오빈,357,350,707
20220521,중앙선,용문,2819,3103,5922
20220521,중앙선,운길산,1569,1647,3216
20220521,중앙선,원덕,525,546,1071
20220521,중앙선,중랑,5375,5088,10463
20220521,중앙선,지평,67,93,160
20220521,중앙선,팔당,1772,1897,3669
20220521,중앙선,회기,24094,22335,46429
20220522,1호선,동대문,10932,11185,22117
20220522,1호선,동묘앞,13834,13960,27794
20220522,1호선,서울역,33518,32027,65545
20220522,1호선,시청,10036,9357,19393
20220522,1호선,신설동,8528,8395,16923
20220522,1호선,제기동,10744,11206,21950
20220522,1호선,종각,15515,13282,28797
20220522,1호선,종로3가,18053,14882,32935
20220522,1호선,종로5가,11817,11580,23397
20220522,1호선,청량리,14619,14643,29262
20220522,2호선,강남,38536,37549,76085
20220522,2호선,강변,26257,25652,51909
20220522,2호선,건대입구,29922,31317,61239
20220522,2호선,교대,11935,13255,25190
20220522,2호선,구로디지털단지,26312,25616,51928
20220522,2호선,구의,12500,12395,24895
20220522,2호선,낙성대,17720,18209,35929
20220522,2호선,당산,10522,11840,22362
20220522,2호선,대림,17156,17692,34848
20220522,2호선,도림천,515,524,1039
20220522,2호선,동대문역사문화공원,9190,10953,20143
20220522,2호선,뚝섬,12280,12183,24463
20220522,2호선,문래,8709,9223,17932
20220522,2호선,방배,7345,7867,15212
20220522,2호선,봉천,13474,12801,26275
20220522,2호선,사당,25895,28478,54373
20220522,2호선,삼성,24023,23234,47257
20220522,2호선,상왕십리,7745,7637,15382
20220522,2호선,서울대입구,30045,30869,60914
20220522,2호선,서초,12971,12025,24996
20220522,2호선,선릉,14775,12524,27299
20220522,2호선,성수,15279,17588,32867
20220522,2호선,시청,7309,5960,13269
20220522,2호선,신답,884,870,1754
20220522,2호선,신당,9415,10029,19444
20220522,2호선,신대방,17291,16972,34263
20220522,2호선,신도림,31148,31771,62919
20220522,2호선,신림,40954,40320,81274
20220522,2호선,신설동,3523,3489,7012
20220522,2호선,신정네거리,5938,5979,11917
20220522,2호선,신촌,24374,24027,48401
20220522,2호선,아현,5807,5713,11520
20220522,2호선,양천구청,3739,3788,7527
20220522,2호선,역삼,12283,13500,25783
20220522,2호선,영등포구청,8853,9344,18197
20220522,2호선,왕십리,10621,9394,20015
20220522,2호선,용답,1834,1819,3653
20220522,2호선,용두,1100,1041,2141
20220522,2호선,을지로3가,10242,9685,19927
20220522,2호선,을지로4가,4133,4040,8173
20220522,2호선,을지로입구,18032,17249,35281
20220522,2호선,이대,8118,8640,16758
20220522,2호선,잠실,55344,51154,106498
20220522,2호선,잠실나루,5888,5988,11876
20220522,2호선,잠실새내,13415,13509,26924
20220522,2호선,종합운동장,16204,18105,34309
20220522,2호선,충정로,3989,4364,8353
20220522,2호선,한양대,3281,3693,6974
20220522,2호선,합정,24086,25845,49931
20220522,2호선,홍대입구,56315,55215,111530
20220522,3호선,가락시장,4262,4421,8683
20220522,3호선,경복궁,19162,21074,40236
20220522,3호선,경찰병원,2977,3058,6035
20220522,3호선,고속터미널,49821,46475,96296
20220522,3호선,교대,5157,3196,8353
20220522,3호선,구파발,13020,13284,26304
20220522,3호선,금호,4689,4383,9072
20220522,3호선,남부터미널,16756,17988,34744
20220522,3호선,녹번,8234,7377,15611
20220522,3호선,대청,4777,4642,9419
20220522,3호선,대치,6889,5996,12885
20220522,3호선,도곡,2382,2543,4925
20220522,3호선,독립문,4966,5698,10664
20220522,3호선,동대입구,5944,6629,12573
20220522,3호선,매봉,4821,4843,9664
20220522,3호선,무악재,2107,2287,4394
20220522,3호선,불광,10759,12248,23007
20220522,3호선,수서,11139,11449,22588
20220522,3호선,신사,15982,16055,32037
20220522,3호선,안국,14815,15982,30797
20220522,3호선,압구정,15486,16413,31899
20220522,3호선,약수,7780,7538,15318
20220522,3호선,양재,15516,18051,33567
20220522,3호선,연신내,23119,21908,45027
20220522,3호선,오금,3012,2937,5949
20220522,3호선,옥수,5617,5739,11356
20220522,3호선,을지로3가,4160,3832,7992
20220522,3호선,일원,3844,4020,7864
20220522,3호선,잠원,2617,2497,5114
20220522,3호선,종로3가,5020,6400,11420
20220522,3호선,지축,2792,2605,5397
20220522,3호선,충무로,1,0,1
20220522,3호선,학여울,1068,1058,2126
20220522,3호선,홍제,10776,10440,21216
20220522,4호선,길음,12316,11768,24084
20220522,4호선,남태령,959,660,1619
20220522,4호선,노원,13269,14303,27572
20220522,4호선,당고개,6232,5996,12228
20220522,4호선,동대문,8391,8776,17167
20220522,4호선,동대문역사문화공원,10413,9502,19915
20220522,4호선,동작,1573,1770,3343
20220522,4호선,명동,14316,14463,28779
20220522,4호선,미아,8889,8276,17165
20220522,4호선,미아사거리,17555,16383,33938
20220522,4호선,사당,18169,16821,34990
20220522,4호선,삼각지,3648,4874,8522
20220522,4호선,상계,11692,10919,22611
20220522,4호선,서울역,5235,14126,19361
20220522,4호선,성신여대입구,13977,13470,27447
20220522,4호선,수유,22102,21551,43653
20220522,4호선,숙대입구,8680,8439,17119
20220522,4호선,신용산,9744,10196,19940
20220522,4호선,쌍문,17547,15814,33361
20220522,4호선,이촌,7235,8093,15328
20220522,4호선,창동,16450,17276,33726
20220522,4호선,총신대입구,11688,12617,24305
20220522,4호선,충무로,10069,11017,21086
20220522,4호선,한성대입구,8773,8764,17537
20220522,4호선,혜화,25459,26898,52357
20220522,4호선,회현,10159,10103,20262
20220522,5호선,강동,9904,9659,19563
20220522,5호선,강일,2486,2381,4867
20220522,5호선,개롱,3280,3639,6919
20220522,5호선,개화산,2955,2946,5901
20220522,5호선,거여,5341,5135,10476
20220522,5호선,고덕,4929,4964,9893
20220522,5호선,공덕,5140,5107,10247
20220522,5호선,광나루,8673,8557,17230
20220522,5호선,광화문,13602,13642,27244
20220522,5호선,군자,6804,7601,14405
20220522,5호선,굽은다리,5927,5762,11689
20220522,5호선,길동,4679,4589,9268
20220522,5호선,김포공항,7550,7758,15308
20220522,5호선,까치산,17317,16621,33938
20220522,5호선,답십리,8106,7401,15507
20220522,5호선,동대문역사문화공원,762,975,1737
20220522,5호선,둔촌동,5269,5238,10507
20220522,5호선,마곡,3874,4030,7904
20220522,5호선,마장,3215,3002,6217
20220522,5호선,마천,4023,4322,8345
20220522,5호선,마포,5222,5149,10371
20220522,5호선,명일,5405,5355,10760
20220522,5호선,목동,8940,8980,17920
20220522,5호선,미사,9798,10099,19897
20220522,5호선,발산,10334,11152,21486
20220522,5호선,방이,4490,4289,8779
20220522,5호선,방화,3871,3881,7752
20220522,5호선,상일동,7375,7055,14430
20220522,5호선,서대문,5872,5934,11806
20220522,5호선,송정,4064,4005,8069
20220522,5호선,신금호,3200,3478,6678
20220522,5호선,신길,2157,2266,4423
20220522,5호선,신정,7169,6366,13535
20220522,5호선,아차산,12091,11402,23493
20220522,5호선,애오개,2835,2975,5810
20220522,5호선,양평,3007,2959,5966
20220522,5호선,여의나루,17291,18150,35441
20220522,5호선,여의도,9031,10033,19064
20220522,5호선,영등포구청,1505,1408,2913
20220522,5호선,영등포시장,6303,6825,13128
20220522,5호선,오금,1785,1674,3459
20220522,5호선,오목교,12508,12978,25486
20220522,5호선,올림픽공원,3194,3024,6218
20220522,5호선,왕십리,2670,3409,6079
20220522,5호선,우장산,7776,7834,15610
20220522,5호선,을지로4가,2061,2026,4087
20220522,5호선,장한평,8934,8708,17642
20220522,5호선,종로3가,10862,9726,20588
20220522,5호선,천호,14471,13538,28009
20220522,5호선,청구,1955,1843,3798
20220522,5호선,충정로,1614,1632,3246
20220522,5호선,하남검단산,5153,5090,10243
20220522,5호선,하남시청,4638,4370,9008
20220522,5호선,하남풍산,2528,2484,5012
20220522,5호선,행당,4343,3953,8296
20220522,5호선,화곡,15707,14964,30671
20220522,6호선,고려대,4730,4694,9424
20220522,6호선,공덕,7678,7220,14898
20220522,6호선,광흥창,4605,4462,9067
20220522,6호선,구산,4308,3218,7526
20220522,6호선,녹사평,4966,4833,9799
20220522,6호선,대흥,4496,4561,9057
20220522,6호선,독바위,1623,1959,3582
20220522,6호선,돌곶이,6220,5725,11945
20220522,6호선,동묘앞,7209,7179,14388
20220522,6호선,디지털미디어시티,6067,6530,12597
20220522,6호선,마포구청,7866,6925,14791
20220522,6호선,망원,10634,11436,22070
20220522,6호선,버티고개,1255,1378,2633
20220522,6호선,보문,4631,4382,9013
20220522,6호선,봉화산,4389,4388,8777
20220522,6호선,불광,3478,3211,6689
20220522,6호선,삼각지,5386,4425,9811
20220522,6호선,상수,6876,7751,14627
20220522,6호선,상월곡,3614,3318,6932
20220522,6호선,새절,7192,7002,14194
20220522,6호선,석계,7115,7552,14667
20220522,6호선,신당,5602,5855,11457
20220522,6호선,안암,5883,6877,12760
20220522,6호선,약수,1946,2022,3968
20220522,6호선,역촌,2069,2478,4547
20220522,6호선,월곡,6176,6035,12211
20220522,6호선,월드컵경기장,6852,7126,13978
20220522,6호선,응암,10158,10106,20264
20220522,6호선,이태원,13965,11116,25081
20220522,6호선,증산,6111,6079,12190
20220522,6호선,창신,1927,1680,3607
20220522,6호선,청구,1900,1654,3554
20220522,6호선,태릉입구,6997,8611,15608
20220522,6호선,한강진,8094,9539,17633
20220522,6호선,합정,10794,10086,20880
20220522,6호선,화랑대,5757,5169,10926
20220522,6호선,효창공원앞,4139,3712,7851
20220522,7호선,가산디지털단지,11839,11167,23006
20220522,7호선,강남구청,6169,6707,12876
20220522,7호선,건대입구,8475,9360,17835
20220522,7호선,고속터미널,15523,9795,25318
20220522,7호선,공릉,7152,7137,14289
20220522,7호선,광명사거리,13787,13707,27494
20220522,7호선,군자,8939,6861,15800
20220522,7호선,남구로,7305,7120,14425
20220522,7호선,남성,5991,6001,11992
20220522,7호선,내방,5769,5997,11766
20220522,7호선,노원,12669,13175,25844
20220522,7호선,논현,6740,7119,13859
20220522,7호선,대림,8985,8172,17157
20220522,7호선,도봉산,6393,8972,15365
20220522,7호선,뚝섬유원지,12757,11879,24636
20220522,7호선,마들,7180,6492,13672
20220522,7호선,먹골,7078,6116,13194
20220522,7호선,면목,8720,8632,17352
20220522,7호선,반포,3187,3227,6414
20220522,7호선,보라매,5366,5247,10613
20220522,7호선,사가정,10103,9595,19698
20220522,7호선,상도,6054,6264,12318
20220522,7호선,상봉,10842,9554,20396
20220522,7호선,수락산,9493,9314,18807
20220522,7호선,숭실대입구,6433,7020,13453
20220522,7호선,신대방삼거리,8842,8781,17623
20220522,7호선,신풍,6923,6678,13601
20220522,7호선,어린이대공원,9257,9307,18564
20220522,7호선,온수,4386,4476,8862
20220522,7호선,용마산,3777,4166,7943
20220522,7호선,이수,9390,8941,18331
20220522,7호선,장승배기,5163,5057,10220
20220522,7호선,장암,1635,1145,2780
20220522,7호선,중계,7473,6937,14410
20220522,7호선,중곡,5927,5579,11506
20220522,7호선,중화,7417,6748,14165
20220522,7호선,천왕,5588,5406,10994
20220522,7호선,철산,11803,11678,23481
20220522,7호선,청담,7347,7886,15233
20220522,7호선,태릉입구,11084,11688,22772
20220522,7호선,하계,10284,9787,20071
20220522,7호선,학동,7044,7654,14698
20220522,8호선,가락시장,3295,4139,7434
20220522,8호선,강동구청,4939,4880,9819
20220522,8호선,남위례,2894,3040,5934
20220522,8호선,남한산성입구,7461,7015,14476
20220522,8호선,단대오거리,6277,6071,12348
20220522,8호선,모란,2993,2497,5490
20220522,8호선,몽촌토성,4040,3763,7803
20220522,8호선,문정,6347,6588,12935
20220522,8호선,복정,5487,4955,10442
20220522,8호선,산성,3500,3655,7155
20220522,8호선,석촌,4539,5691,10230
20220522,8호선,송파,4550,4539,9089
20220522,8호선,수진,3208,2989,6197
20220522,8호선,신흥,2916,3238,6154
20220522,8호선,암사,9789,9226,19015
20220522,8호선,잠실,10975,12821,23796
20220522,8호선,장지,9595,9702,19297
20220522,8호선,천호,9667,10977,20644
20220522,9호선,가양,12310,11839,24149
20220522,9호선,개화,1255,1212,2467
20220522,9호선,고속터미널,14254,19454,33708
20220522,9호선,공항시장,1837,2052,3889
20220522,9호선,구반포,466,565,1031
20220522,9호선,국회의사당,5595,4895,10490
20220522,9호선,김포공항,8343,12363,20706
20220522,9호선,노들,3128,2744,5872
20220522,9호선,노량진,16468,16925,33393
20220522,9호선,당산,11100,11305,22405
20220522,9호선,동작,1560,1305,2865
20220522,9호선,등촌,5574,5575,11149
20220522,9호선,마곡나루,6530,6534,13064
20220522,9호선,사평,1651,1651,3302
20220522,9호선,샛강,2061,1991,4052
20220522,9호선,선유도,3572,3536,7108
20220522,9호선,신논현,18000,16924,34924
20220522,9호선,신목동,2007,1811,3818
20220522,9호선,신반포,2925,3098,6023
20220522,9호선,신방화,3743,3633,7376
20220522,9호선,양천향교,4491,4741,9232
20220522,9호선,여의도,10685,10032,20717
20220522,9호선,염창,9637,9381,19018
20220522,9호선,증미,2657,2636,5293
20220522,9호선,흑석,4388,4642,9030
20220522,9호선2~3단계,둔촌오륜,594,570,1164
20220522,9호선2~3단계,봉은사,9170,9103,18273
20220522,9호선2~3단계,삼성중앙,2177,2184,4361
20220522,9호선2~3단계,삼전,3861,3745,7606
20220522,9호선2~3단계,석촌,5552,4705,10257
20220522,9호선2~3단계,석촌고분,3490,3358,6848
20220522,9호선2~3단계,선정릉,3527,3887,7414
20220522,9호선2~3단계,송파나루,3413,3754,7167
20220522,9호선2~3단계,언주,3983,4042,8025
20220522,9호선2~3단계,올림픽공원,6956,7457,14413
20220522,9호선2~3단계,종합운동장,3981,3446,7427
20220522,9호선2~3단계,중앙보훈병원,4180,4068,8248
20220522,9호선2~3단계,한성백제,1855,1529,3384
20220522,경강선,경기광주,4584,4336,8920
20220522,경강선,곤지암,1790,1952,3742
20220522,경강선,부발,1615,2499,4114
20220522,경강선,삼동,1266,1255,2521
20220522,경강선,세종대왕릉,373,349,722
20220522,경강선,신둔도예촌,1144,1149,2293
20220522,경강선,여주,2588,2636,5224
20220522,경강선,이매,851,537,1388
20220522,경강선,이천,2495,2760,5255
20220522,경강선,초월,1927,1844,3771
20220522,경강선,판교,2865,2672,5537
20220522,경부선,가산디지털단지,5491,7349,12840
20220522,경부선,관악,5595,5184,10779
20220522,경부선,광명,3295,2357,5652
20220522,경부선,구로,11471,11580,23051
20220522,경부선,군포,3494,3598,7092
20220522,경부선,금정,16861,17032,33893
20220522,경부선,금천구청,7439,7186,14625
20220522,경부선,남영,5180,5531,10711
20220522,경부선,노량진,6776,6423,13199
20220522,경부선,당정,3534,3326,6860
20220522,경부선,대방,6896,7104,14000
20220522,경부선,독산,6961,6946,13907
20220522,경부선,두정,5131,6635,11766
20220522,경부선,명학,4085,4366,8451
20220522,경부선,병점,10907,11458,22365
20220522,경부선,서동탄,898,934,1832
20220522,경부선,서울역,9966,2244,12210
20220522,경부선,서정리,5173,7782,12955
20220522,경부선,석수,5897,5774,11671
20220522,경부선,성균관대,8913,9257,18170
20220522,경부선,성환,2830,3715,6545
20220522,경부선,세류,2350,2346,4696
20220522,경부선,세마,1962,1896,3858
20220522,경부선,송탄,4002,4783,8785
20220522,경부선,수원,39593,38916,78509
20220522,경부선,신길,5191,4723,9914
20220522,경부선,신도림,2600,2919,5519
20220522,경부선,안양,15743,15326,31069
20220522,경부선,영등포,37279,36607,73886
20220522,경부선,오산,8879,9340,18219
20220522,경부선,오산대,2878,2632,5510
20220522,경부선,용산,38536,36117,74653
20220522,경부선,의왕,4990,5128,10118
20220522,경부선,직산,660,702,1362
20220522,경부선,진위,1009,1010,2019
20220522,경부선,천안,7498,7628,15126
20220522,경부선,평택,13282,14517,27799
20220522,경부선,평택지제,2977,2826,5803
20220522,경부선,화서,4939,4943,9882
20220522,경원선,가능,4558,4201,8759
20220522,경원선,광운대,4417,4761,9178
20220522,경원선,녹양,3082,2867,5949
20220522,경원선,녹천,2775,2465,5240
20220522,경원선,덕계,2219,2122,4341
20220522,경원선,덕정,3910,4082,7992
20220522,경원선,도봉,3955,3722,7677
20220522,경원선,도봉산,9794,7038,16832
20220522,경원선,동두천,1545,2040,3585
20220522,경원선,동두천중앙,2401,2204,4605
20220522,경원선,망월사,5091,5308,10399
20220522,경원선,방학,6695,6308,13003
20220522,경원선,보산,1393,1569,2962
20220522,경원선,서빙고,1985,1991,3976
20220522,경원선,석계,5830,6220,12050
20220522,경원선,소요산,4817,4119,8936
20220522,경원선,신이문,5432,5133,10565
20220522,경원선,양주,5995,5859,11854
20220522,경원선,옥수,80,37,117
20220522,경원선,왕십리,10536,11913,22449
20220522,경원선,외대앞,5439,5287,10726
20220522,경원선,월계,4065,3767,7832
20220522,경원선,응봉,1341,1209,2550
20220522,경원선,의정부,16159,16412,32571
20220522,경원선,이촌,3120,2060,5180
20220522,경원선,지행,5115,5290,10405
20220522,경원선,청량리,16136,15424,31560
20220522,경원선,한남,2362,2241,4603
20220522,경원선,회룡,8551,8550,17101
20220522,경의선,가좌,3261,3232,6493
20220522,경의선,강매,1679,1633,3312
20220522,경의선,계양,2,0,2
20220522,경의선,곡산,400,404,804
20220522,경의선,공덕,2229,1801,4030
20220522,경의선,금릉,3433,3360,6793
20220522,경의선,금촌,4771,5206,9977
20220522,경의선,능곡,2624,2604,5228
20220522,경의선,디지털미디어시티,1744,1533,3277
20220522,경의선,문산,4110,4230,8340
20220522,경의선,백마,3857,3714,7571
20220522,경의선,서강대,1427,1448,2875
20220522,경의선,서울역,1386,1317,2703
20220522,경의선,수색,1078,1072,2150
20220522,경의선,신촌,321,328,649
20220522,경의선,야당,5347,5302,10649
20220522,경의선,운정,4233,4019,8252
20220522,경의선,월롱,1156,2370,3526
20220522,경의선,일산,5448,5091,10539
20220522,경의선,임진강,95,67,162
20220522,경의선,탄현,4707,4286,8993
20220522,경의선,파주,801,730,1531
20220522,경의선,풍산,4031,3859,7890
20220522,경의선,행신,5209,4936,10145
20220522,경의선,홍대입구,1936,2426,4362
20220522,경의선,화전,1022,1109,2131
20220522,경의선,효창공원앞,1536,1851,3387
20220522,경인선,간석,3561,3411,6972
20220522,경인선,개봉,13476,13011,26487
20220522,경인선,구일,6099,6190,12289
20220522,경인선,도원,1884,1918,3802
20220522,경인선,도화,2710,2496,5206
20220522,경인선,동암,10999,10734,21733
20220522,경인선,동인천,11197,10607,21804
20220522,경인선,백운,4294,4322,8616
20220522,경인선,부개,5478,5091,10569
20220522,경인선,부천,24482,24187,48669
20220522,경인선,부평,25800,25930,51730
20220522,경인선,소사,6425,6229,12654
20220522,경인선,송내,15008,14792,29800
20220522,경인선,역곡,16274,16252,32526
20220522,경인선,오류동,7874,7555,15429
20220522,경인선,온수,4286,3940,8226
20220522,경인선,인천,5502,4619,10121
20220522,경인선,제물포,6064,5982,12046
20220522,경인선,주안,13635,12132,25767
20220522,경인선,중동,5591,5134,10725
20220522,경춘선,가평,3321,2039,5360
20220522,경춘선,갈매,1707,1477,3184
20220522,경춘선,강촌,1187,676,1863
20220522,경춘선,굴봉산,285,248,533
20220522,경춘선,금곡,1067,1048,2115
20220522,경춘선,김유정,662,630,1292
20220522,경춘선,남춘천,3633,4199,7832
20220522,경춘선,대성리,2987,1107,4094
20220522,경춘선,마석,3126,2965,6091
20220522,경춘선,백양리,259,145,404
20220522,경춘선,별내,2046,2019,4065
20220522,경춘선,사릉,1622,1557,3179
20220522,경춘선,상천,641,423,1064
20220522,경춘선,신내,1195,1221,2416
20220522,경춘선,천마산,1334,1328,2662
20220522,경춘선,청평,2803,1722,4525
20220522,경춘선,춘천,2296,2028,4324
20220522,경춘선,퇴계원,2394,2187,4581
20220522,경춘선,평내호평,4229,4134,8363
20220522,공항철도 1호선,검암,4052,4191,8243
20220522,공항철도 1호선,계양,6249,5988,12237
20220522,공항철도 1호선,공덕,1408,1974,3382
20220522,공항철도 1호선,공항화물청사,1121,1136,2257
20220522,공항철도 1호선,김포공항,12123,6346,18469
20220522,공항철도 1호선,디지털미디어시티,4145,4270,8415
20220522,공항철도 1호선,마곡나루,2800,3304,6104
20220522,공항철도 1호선,서울역,9699,9539,19238
20220522,공항철도 1호선,영종,3021,2935,5956
20220522,공항철도 1호선,운서,5922,6202,12124
20220522,공항철도 1호선,인천공항1터미널,6212,5695,11907
20220522,공항철도 1호선,인천공항2터미널,3042,2668,5710
20220522,공항철도 1호선,청라국제도시,3920,3634,7554
20220522,공항철도 1호선,홍대입구,12080,10722,22802
20220522,과천선,경마공원,16442,16937,33379
20220522,과천선,과천,4283,3945,8228
20220522,과천선,대공원,8681,8942,17623
20220522,과천선,범계,17158,16757,33915
20220522,과천선,선바위,4942,4373,9315
20220522,과천선,인덕원,14534,14332,28866
20220522,과천선,정부과천청사,5452,5447,10899
20220522,과천선,평촌,7317,7146,14463
20220522,분당선,가천대,4501,5445,9946
20220522,분당선,강남구청,3664,4383,8047
20220522,분당선,개포동,2327,2383,4710
20220522,분당선,구룡,924,1027,1951
20220522,분당선,구성,2746,2952,5698
20220522,분당선,기흥,5657,5294,10951
20220522,분당선,대모산입구,2331,2191,4522
20220522,분당선,도곡,3201,3008,6209
20220522,분당선,망포,7151,7362,14513
20220522,분당선,매교,1634,1632,3266
20220522,분당선,매탄권선,2869,2745,5614
20220522,분당선,모란,12165,12707,24872
20220522,분당선,미금,8218,8855,17073
20220522,분당선,보정,1224,1218,2442
20220522,분당선,상갈,3187,3309,6496
20220522,분당선,서울숲,9371,9549,18920
20220522,분당선,서현,15992,16229,32221
20220522,분당선,선릉,3062,4661,7723
20220522,분당선,선정릉,2432,2472,4904
20220522,분당선,수내,6785,6532,13317
20220522,분당선,수서,9334,9166,18500
20220522,분당선,수원,6766,5630,12396
20220522,분당선,수원시청,8788,8684,17472
20220522,분당선,신갈,2228,2285,4513
20220522,분당선,압구정로데오,11309,12759,24068
20220522,분당선,야탑,15719,16085,31804
20220522,분당선,영통,5434,5581,11015
20220522,분당선,오리,6028,5362,11390
20220522,분당선,이매,3834,3924,7758
20220522,분당선,정자,8220,8528,16748
20220522,분당선,죽전,8568,9489,18057
20220522,분당선,청명,2242,2275,4517
20220522,분당선,태평,8893,8303,17196
20220522,분당선,한티,9245,8902,18147
20220522,수인선,고색,2147,2245,4392
20220522,수인선,남동인더스파크,640,627,1267
20220522,수인선,달월,52,54,106
20220522,수인선,사리,3050,2619,5669
20220522,수인선,소래포구,6133,6045,12178
20220522,수인선,송도,1838,1818,3656
20220522,수인선,숭의,2249,2056,4305
20220522,수인선,신포,1346,1316,2662
20220522,수인선,야목,266,213,479
20220522,수인선,어천,660,801,1461
20220522,수인선,연수,3634,3694,7328
20220522,수인선,오목천,1792,1796,3588
20220522,수인선,원인재,3297,3371,6668
20220522,수인선,월곶,1907,1708,3615
20220522,수인선,인천,1367,1941,3308
20220522,수인선,인천논현,3200,3316,6516
20220522,수인선,인하대,3725,3565,7290
20220522,수인선,호구포,2260,2305,4565
20220522,안산선,고잔,5779,5731,11510
20220522,안산선,대야미,3658,3312,6970
20220522,안산선,반월,2879,2863,5742
20220522,안산선,산본,10374,11034,21408
20220522,안산선,상록수,10763,10369,21132
20220522,안산선,수리산,2469,2428,4897
20220522,안산선,신길온천,1420,1325,2745
20220522,안산선,안산,11233,10305,21538
20220522,안산선,오이도,7017,6834,13851
20220522,안산선,정왕,6327,6938,13265
20220522,안산선,중앙,13944,13782,27726
20220522,안산선,초지,2907,2819,5726
20220522,안산선,한대앞,6097,6208,12305
20220522,우이신설선,4.19민주묘지,2164,1943,4107
20220522,우이신설선,가오리,2685,2493,5178
20220522,우이신설선,보문,1079,1139,2218
20220522,우이신설선,북한산보국문,4400,3867,8267
20220522,우이신설선,북한산우이,3753,3641,7394
20220522,우이신설선,삼양,1262,1276,2538
20220522,우이신설선,삼양사거리,1753,1568,3321
20220522,우이신설선,성신여대입구,2448,2929,5377
20220522,우이신설선,솔밭공원,1661,1531,3192
20220522,우이신설선,솔샘,3247,3008,6255
20220522,우이신설선,신설동,1326,1294,2620
20220522,우이신설선,정릉,3210,2671,5881
20220522,우이신설선,화계,2213,2112,4325
20220522,일산선,대곡,1286,1085,2371
20220522,일산선,대화,7130,6591,13721
20220522,일산선,마두,3790,3785,7575
20220522,일산선,백석,6178,6042,12220
20220522,일산선,삼송,12292,12251,24543
20220522,일산선,원당,6880,6614,13494
20220522,일산선,원흥,6234,6120,12354
20220522,일산선,정발산,6540,6590,13130
20220522,일산선,주엽,5097,5048,10145
20220522,일산선,화정,10689,10673,21362
20220522,장항선,배방,1018,1224,2242
20220522,장항선,봉명,680,742,1422
20220522,장항선,신창,1248,2299,3547
20220522,장항선,쌍용,1478,1636,3114
20220522,장항선,아산,4666,2885,7551
20220522,장항선,온양온천,4074,4013,8087
20220522,장항선,탕정,577,688,1265
20220522,중앙선,구리,8678,8962,17640
20220522,중앙선,국수,704,603,1307
20220522,중앙선,덕소,3978,3988,7966
20220522,중앙선,도농,6289,6112,12401
20220522,중앙선,도심,1336,1259,2595
20220522,중앙선,망우,5496,5509,11005
20220522,중앙선,상봉,4267,4510,8777
20220522,중앙선,신원,343,193,536
20220522,중앙선,아신,677,549,1226
20220522,중앙선,양수,2322,1976,4298
20220522,중앙선,양원,1541,1549,3090
20220522,중앙선,양정,557,498,1055
20220522,중앙선,양평,2849,2575,5424
20220522,중앙선,오빈,302,258,560
20220522,중앙선,용문,2678,2103,4781
20220522,중앙선,운길산,1465,1346,2811
20220522,중앙선,원덕,434,379,813
20220522,중앙선,중랑,4082,4037,8119
20220522,중앙선,지평,75,55,130
20220522,중앙선,팔당,1500,1533,3033
20220522,중앙선,회기,18386,18509,36895
20220528,1호선,동대문,11635,11409,23044
20220528,1호선,동묘앞,12581,12905,25486
20220528,1호선,서울역,42409,42588,84997
20220528,1호선,시청,15181,15823,31004
20220528,1호선,신설동,10916,10259,21175
20220528,1호선,제기동,16252,16320,32572
20220528,1호선,종각,24765,22413,47178
20220528,1호선,종로3가,28448,25267,53715
20220528,1호선,종로5가,22453,22765,45218
20220528,1호선,청량리,20098,20490,40588
20220528,2호선,강남,62981,64548,127529
20220528,2호선,강변,33071,32730,65801
20220528,2호선,건대입구,39445,43231,82676
20220528,2호선,교대,19768,22434,42202
20220528,2호선,구로디지털단지,37197,36436,73633
20220528,2호선,구의,18166,17303,35469
20220528,2호선,낙성대,24491,22241,46732
20220528,2호선,당산,14868,16298,31166
20220528,2호선,대림,19773,20646,40419
20220528,2호선,도림천,875,842,1717
20220528,2호선,동대문역사문화공원,11473,13601,25074
20220528,2호선,뚝섬,18886,19087,37973
20220528,2호선,문래,14037,15039,29076
20220528,2호선,방배,11288,11370,22658
20220528,2호선,봉천,18972,17010,35982
20220528,2호선,사당,37309,42455,79764
20220528,2호선,삼성,35010,34934,69944
20220528,2호선,상왕십리,10874,10033,20907
20220528,2호선,서울대입구,40616,39241,79857
20220528,2호선,서초,13000,10991,23991
20220528,2호선,선릉,27113,23951,51064
20220528,2호선,성수,23720,27742,51462
20220528,2호선,시청,11463,9678,21141
20220528,2호선,신답,1227,1150,2377
20220528,2호선,신당,12467,13068,25535
20220528,2호선,신대방,22030,20667,42697
20220528,2호선,신도림,45903,46924,92827
20220528,2호선,신림,54367,51871,106238
20220528,2호선,신설동,3774,3673,7447
20220528,2호선,신정네거리,8471,8128,16599
20220528,2호선,신촌,34398,35331,69729
20220528,2호선,아현,8403,7658,16061
20220528,2호선,양천구청,5029,4987,10016
20220528,2호선,역삼,20059,22470,42529
20220528,2호선,영등포구청,13967,14611,28578
20220528,2호선,왕십리,16149,13137,29286
20220528,2호선,용답,2461,2140,4601
20220528,2호선,용두,1816,1681,3497
20220528,2호선,을지로3가,13901,14358,28259
20220528,2호선,을지로4가,8547,8813,17360
20220528,2호선,을지로입구,25074,24779,49853
20220528,2호선,이대,11911,12504,24415
20220528,2호선,잠실,74749,71128,145877
20220528,2호선,잠실나루,8916,8569,17485
20220528,2호선,잠실새내,19928,20952,40880
20220528,2호선,종합운동장,22833,25602,48435
20220528,2호선,충정로,6689,7213,13902
20220528,2호선,한양대,6253,6196,12449
20220528,2호선,합정,31899,37244,69143
20220528,2호선,홍대입구,70970,81235,152205
20220528,3호선,가락시장,6812,6564,13376
20220528,3호선,경복궁,30164,32186,62350
20220528,3호선,경찰병원,4343,4124,8467
20220528,3호선,고속터미널,57998,57665,115663
20220528,3호선,교대,8503,5060,13563
20220528,3호선,구파발,17684,18198,35882
20220528,3호선,금호,6484,5786,12270
20220528,3호선,남부터미널,23637,23177,46814
20220528,3호선,녹번,11927,10388,22315
20220528,3호선,대청,6623,6060,12683
20220528,3호선,대치,10690,9522,20212
20220528,3호선,도곡,4232,4423,8655
20220528,3호선,독립문,7339,7948,15287
20220528,3호선,동대입구,7793,9143,16936
20220528,3호선,매봉,7259,7199,14458
20220528,3호선,무악재,3211,3493,6704
20220528,3호선,불광,14305,16046,30351
20220528,3호선,수서,15035,14685,29720
20220528,3호선,신사,25605,27888,53493
20220528,3호선,안국,23872,24625,48497
20220528,3호선,압구정,26891,28958,55849
20220528,3호선,약수,10123,9525,19648
20220528,3호선,양재,23202,25206,48408
20220528,3호선,연신내,33148,30722,63870
20220528,3호선,오금,4297,3940,8237
20220528,3호선,옥수,8189,8293,16482
20220528,3호선,을지로3가,6468,7248,13716
20220528,3호선,일원,5327,5313,10640
20220528,3호선,잠원,4257,4096,8353
20220528,3호선,종로3가,6953,10311,17264
20220528,3호선,지축,4171,3731,7902
20220528,3호선,충무로,1,0,1
20220528,3호선,학여울,2049,2096,4145
20220528,3호선,홍제,15069,14191,29260
20220528,4호선,길음,17252,16106,33358
20220528,4호선,남태령,1421,803,2224
20220528,4호선,노원,17949,20289,38238
20220528,4호선,당고개,8227,7369,15596
20220528,4호선,동대문,15540,15927,31467
20220528,4호선,동대문역사문화공원,13171,11595,24766
20220528,4호선,동작,1869,2052,3921
20220528,4호선,명동,17872,20599,38471
20220528,4호선,미아,12245,10997,23242
20220528,4호선,미아사거리,24213,22825,47038
20220528,4호선,사당,25576,22838,48414
20220528,4호선,삼각지,4855,6404,11259
20220528,4호선,상계,15815,14395,30210
20220528,4호선,서울역,7146,18150,25296
20220528,4호선,성신여대입구,19163,17786,36949
20220528,4호선,수유,29926,29255,59181
20220528,4호선,숙대입구,11348,10509,21857
20220528,4호선,신용산,13364,14536,27900
20220528,4호선,쌍문,23842,20824,44666
20220528,4호선,이촌,10337,11747,22084
20220528,4호선,창동,22297,23138,45435
20220528,4호선,총신대입구,16160,17348,33508
20220528,4호선,충무로,15428,16829,32257
20220528,4호선,한성대입구,12457,12246,24703
20220528,4호선,혜화,32954,35059,68013
20220528,4호선,회현,22387,23312,45699
20220528,5호선,강동,14799,13929,28728
20220528,5호선,강일,3503,3178,6681
20220528,5호선,개롱,4666,4961,9627
20220528,5호선,개화산,4287,4108,8395
20220528,5호선,거여,7536,6966,14502
20220528,5호선,고덕,7126,6955,14081
20220528,5호선,공덕,8210,8348,16558
20220528,5호선,광나루,11709,10894,22603
20220528,5호선,광화문,19640,20410,40050
20220528,5호선,군자,9432,10673,20105
20220528,5호선,굽은다리,7790,7276,15066
20220528,5호선,길동,6615,6730,13345
20220528,5호선,김포공항,7976,8647,16623
20220528,5호선,까치산,23648,21920,45568
20220528,5호선,답십리,11202,9888,21090
20220528,5호선,동대문역사문화공원,1049,1443,2492
20220528,5호선,둔촌동,6509,6299,12808
20220528,5호선,마곡,6089,6265,12354
20220528,5호선,마장,4238,3921,8159
20220528,5호선,마천,5395,5440,10835
20220528,5호선,마포,8700,8858,17558
20220528,5호선,명일,7147,6950,14097
20220528,5호선,목동,12904,12775,25679
20220528,5호선,미사,13878,13878,27756
20220528,5호선,발산,15347,16618,31965
20220528,5호선,방이,6188,5899,12087
20220528,5호선,방화,5257,4965,10222
20220528,5호선,상일동,10487,9520,20007
20220528,5호선,서대문,8949,8763,17712
20220528,5호선,송정,5587,5192,10779
20220528,5호선,신금호,4710,4722,9432
20220528,5호선,신길,3031,2995,6026
20220528,5호선,신정,10218,8548,18766
20220528,5호선,아차산,14718,13609,28327
20220528,5호선,애오개,4173,4168,8341
20220528,5호선,양평,4223,3818,8041
20220528,5호선,여의나루,20118,21714,41832
20220528,5호선,여의도,12784,14526,27310
20220528,5호선,영등포구청,2233,2152,4385
20220528,5호선,영등포시장,9363,10092,19455
20220528,5호선,오금,2618,2443,5061
20220528,5호선,오목교,19157,19676,38833
20220528,5호선,올림픽공원,4664,4868,9532
20220528,5호선,왕십리,3841,4821,8662
20220528,5호선,우장산,11099,10661,21760
20220528,5호선,을지로4가,3995,4315,8310
20220528,5호선,장한평,12508,11856,24364
20220528,5호선,종로3가,15306,15953,31259
20220528,5호선,천호,18563,17762,36325
20220528,5호선,청구,2836,2465,5301
20220528,5호선,충정로,2143,2009,4152
20220528,5호선,하남검단산,6056,5978,12034
20220528,5호선,하남시청,6619,6319,12938
20220528,5호선,하남풍산,3185,3020,6205
20220528,5호선,행당,6058,5094,11152
20220528,5호선,화곡,22824,20472,43296
20220528,6호선,고려대,6416,5500,11916
20220528,6호선,공덕,11516,10816,22332
20220528,6호선,광흥창,6280,5671,11951
20220528,6호선,구산,6055,4296,10351
20220528,6호선,녹사평,6574,7525,14099
20220528,6호선,대흥,6315,6233,12548
20220528,6호선,독바위,2282,2541,4823
20220528,6호선,돌곶이,6857,6297,13154
20220528,6호선,동묘앞,8553,8212,16765
20220528,6호선,디지털미디어시티,8595,8659,17254
20220528,6호선,마포구청,11030,9378,20408
20220528,6호선,망원,14349,15799,30148
20220528,6호선,버티고개,1588,1709,3297
20220528,6호선,보문,6053,5177,11230
20220528,6호선,봉화산,6073,5937,12010
20220528,6호선,불광,4472,4016,8488
20220528,6호선,삼각지,8091,5927,14018
20220528,6호선,상수,9070,11434,20504
20220528,6호선,상월곡,4815,4151,8966
20220528,6호선,새절,9742,9012,18754
20220528,6호선,석계,9853,9846,19699
20220528,6호선,신당,6921,6371,13292
20220528,6호선,안암,9365,6730,16095
20220528,6호선,약수,2693,2785,5478
20220528,6호선,역촌,2881,3282,6163
20220528,6호선,연신내,2,0,2
20220528,6호선,월곡,8153,7857,16010
20220528,6호선,월드컵경기장,13158,15038,28196
20220528,6호선,응암,14056,13449,27505
20220528,6호선,이태원,16783,22903,39686
20220528,6호선,증산,8383,7870,16253
20220528,6호선,창신,2498,2028,4526
20220528,6호선,청구,2539,2585,5124
20220528,6호선,태릉입구,5661,6297,11958
20220528,6호선,한강진,10133,12922,23055
20220528,6호선,합정,14979,14271,29250
20220528,6호선,화랑대,8010,6663,14673
20220528,6호선,효창공원앞,5699,4824,10523
20220528,7호선,가산디지털단지,15959,14264,30223
20220528,7호선,강남구청,11344,13024,24368
20220528,7호선,건대입구,12297,13484,25781
20220528,7호선,고속터미널,17457,13264,30721
20220528,7호선,공릉,10293,9766,20059
20220528,7호선,광명사거리,18382,18124,36506
20220528,7호선,군자,12281,9020,21301
20220528,7호선,남구로,8939,9115,18054
20220528,7호선,남성,8508,7634,16142
20220528,7호선,내방,8965,8779,17744
20220528,7호선,노원,17000,18274,35274
20220528,7호선,논현,11078,12276,23354
20220528,7호선,대림,7773,8335,16108
20220528,7호선,도봉산,7826,10327,18153
20220528,7호선,뚝섬유원지,15533,14794,30327
20220528,7호선,마들,10190,9439,19629
20220528,7호선,먹골,8905,8181,17086
20220528,7호선,면목,12187,11218,23405
20220528,7호선,반포,5197,4955,10152
20220528,7호선,보라매,6503,6417,12920
20220528,7호선,사가정,13383,12749,26132
20220528,7호선,상도,8749,7900,16649
20220528,7호선,상봉,14661,13998,28659
20220528,7호선,수락산,11637,10984,22621
20220528,7호선,숭실대입구,10348,9956,20304
20220528,7호선,신대방삼거리,12088,11286,23374
20220528,7호선,신풍,9157,8685,17842
20220528,7호선,어린이대공원,12378,11943,24321
20220528,7호선,온수,6057,6112,12169
20220528,7호선,용마산,5136,5127,10263
20220528,7호선,이수,13649,12699,26348
20220528,7호선,장승배기,7346,6826,14172
20220528,7호선,장암,2052,1328,3380
20220528,7호선,중계,10525,9212,19737
20220528,7호선,중곡,7735,6964,14699
20220528,7호선,중화,8998,8161,17159
20220528,7호선,천왕,7853,7369,15222
20220528,7호선,철산,17288,17283,34571
20220528,7호선,청담,12383,13493,25876
20220528,7호선,태릉입구,8747,8441,17188
20220528,7호선,하계,13968,12456,26424
20220528,7호선,학동,12153,12642,24795
20220528,8호선,가락시장,5629,5847,11476
20220528,8호선,강동구청,6669,6621,13290
20220528,8호선,남위례,4102,4112,8214
20220528,8호선,남한산성입구,10468,9064,19532
20220528,8호선,단대오거리,8594,7769,16363
20220528,8호선,모란,3990,3778,7768
20220528,8호선,몽촌토성,5707,6043,11750
20220528,8호선,문정,9482,9403,18885
20220528,8호선,복정,7273,6076,13349
20220528,8호선,산성,4944,4914,9858
20220528,8호선,석촌,6217,7743,13960
20220528,8호선,송파,6727,6233,12960
20220528,8호선,수진,4583,4081,8664
20220528,8호선,신흥,4034,4115,8149
20220528,8호선,암사,13596,12173,25769
20220528,8호선,잠실,13998,17034,31032
20220528,8호선,장지,13586,12340,25926
20220528,8호선,천호,12822,15281,28103
20220528,9호선,가양,15878,14946,30824
20220528,9호선,개화,1682,1443,3125
20220528,9호선,고속터미널,16941,24199,41140
20220528,9호선,공항시장,2440,2619,5059
20220528,9호선,구반포,982,1065,2047
20220528,9호선,국회의사당,5079,5212,10291
20220528,9호선,김포공항,8597,12993,21590
20220528,9호선,노들,4290,3602,7892
20220528,9호선,노량진,23645,22889,46534
20220528,9호선,당산,15897,15808,31705
20220528,9호선,동작,2175,1835,4010
20220528,9호선,등촌,8039,7508,15547
20220528,9호선,마곡나루,9221,9142,18363
20220528,9호선,사평,3011,2713,5724
20220528,9호선,샛강,3825,3277,7102
20220528,9호선,선유도,5014,4780,9794
20220528,9호선,신논현,28196,28263,56459
20220528,9호선,신목동,2864,2371,5235
20220528,9호선,신반포,3624,3926,7550
20220528,9호선,신방화,5335,4860,10195
20220528,9호선,양천향교,6639,6040,12679
20220528,9호선,여의도,14768,14204,28972
20220528,9호선,염창,13464,12248,25712
20220528,9호선,증미,4405,4226,8631
20220528,9호선,흑석,6871,6825,13696
20220528,9호선2~3단계,둔촌오륜,652,677,1329
20220528,9호선2~3단계,봉은사,14748,16029,30777
20220528,9호선2~3단계,삼성중앙,3554,3640,7194
20220528,9호선2~3단계,삼전,5477,4957,10434
20220528,9호선2~3단계,석촌,8171,6619,14790
20220528,9호선2~3단계,석촌고분,4755,4576,9331
20220528,9호선2~3단계,선정릉,5598,6114,11712
20220528,9호선2~3단계,송파나루,4748,5138,9886
20220528,9호선2~3단계,언주,6956,7104,14060
20220528,9호선2~3단계,올림픽공원,10298,10109,20407
20220528,9호선2~3단계,종합운동장,5210,4649,9859
20220528,9호선2~3단계,중앙보훈병원,5658,5265,10923
20220528,9호선2~3단계,한성백제,2588,2218,4806
20220528,경강선,경기광주,6444,5929,12373
20220528,경강선,곤지암,2260,2386,4646
20220528,경강선,부발,2364,1991,4355
20220528,경강선,삼동,1702,1610,3312
20220528,경강선,세종대왕릉,451,450,901
20220528,경강선,신둔도예촌,1509,1390,2899
20220528,경강선,여주,2895,3249,6144
20220528,경강선,이매,1019,695,1714
20220528,경강선,이천,3143,3240,6383
20220528,경강선,초월,2605,2407,5012
20220528,경강선,판교,3595,3452,7047
20220528,경부선,가산디지털단지,7018,9285,16303
20220528,경부선,관악,6955,6732,13687
20220528,경부선,광명,3313,3006,6319
20220528,경부선,구로,14569,15510,30079
20220528,경부선,군포,4819,4340,9159
20220528,경부선,금정,21846,21576,43422
20220528,경부선,금천구청,9647,9579,19226
20220528,경부선,남영,7174,7411,14585
20220528,경부선,노량진,9608,8662,18270
20220528,경부선,당정,4861,4377,9238
20220528,경부선,대방,8567,9030,17597
20220528,경부선,독산,10081,9704,19785
20220528,경부선,두정,6308,6449,12757
20220528,경부선,명학,5980,5623,11603
20220528,경부선,병점,14460,14267,28727
20220528,경부선,서동탄,1191,1211,2402
20220528,경부선,서울역,10001,2638,12639
20220528,경부선,서정리,8293,6840,15133
20220528,경부선,석수,8123,7498,15621
20220528,경부선,성균관대,11738,11659,23397
20220528,경부선,성환,3616,3274,6890
20220528,경부선,세류,2789,2860,5649
20220528,경부선,세마,2704,2395,5099
20220528,경부선,송탄,5658,4970,10628
20220528,경부선,수원,44067,47411,91478
20220528,경부선,신길,6773,5735,12508
20220528,경부선,신도림,3591,3892,7483
20220528,경부선,안양,20713,20690,41403
20220528,경부선,영등포,45814,48489,94303
20220528,경부선,오산,11183,10400,21583
20220528,경부선,오산대,3710,3300,7010
20220528,경부선,용산,43799,47266,91065
20220528,경부선,의왕,6995,6764,13759
20220528,경부선,직산,835,791,1626
20220528,경부선,진위,1272,1113,2385
20220528,경부선,천안,7681,7823,15504
20220528,경부선,평택,15622,15033,30655
20220528,경부선,평택지제,3791,3512,7303
20220528,경부선,화서,6809,6683,13492
20220528,경원선,가능,5874,5423,11297
20220528,경원선,광운대,6395,6231,12626
20220528,경원선,녹양,4094,4014,8108
20220528,경원선,녹천,3448,2942,6390
20220528,경원선,덕계,2961,2597,5558
20220528,경원선,덕정,5402,4921,10323
20220528,경원선,도봉,5068,4679,9747
20220528,경원선,도봉산,10381,7299,17680
20220528,경원선,동두천,1979,2436,4415
20220528,경원선,동두천중앙,2993,2862,5855
20220528,경원선,망월사,6688,6616,13304
20220528,경원선,방학,8357,8032,16389
20220528,경원선,보산,2083,1920,4003
20220528,경원선,서빙고,1956,2067,4023
20220528,경원선,석계,7725,7946,15671
20220528,경원선,소요산,4894,4280,9174
20220528,경원선,신이문,6867,6152,13019
20220528,경원선,양주,7740,7155,14895
20220528,경원선,옥수,32,34,66
20220528,경원선,왕십리,14694,16145,30839
20220528,경원선,외대앞,7215,6571,13786
20220528,경원선,월계,5355,4838,10193
20220528,경원선,응봉,1770,1463,3233
20220528,경원선,의정부,20263,21896,42159
20220528,경원선,이촌,4098,2761,6859
20220528,경원선,지행,6851,6669,13520
20220528,경원선,창동,1,0,1
20220528,경원선,청량리,19227,19489,38716
20220528,경원선,한남,3224,3161,6385
20220528,경원선,회룡,11302,11113,22415
20220528,경의선,가좌,4482,4201,8683
20220528,경의선,강매,2358,2182,4540
20220528,경의선,곡산,499,486,985
20220528,경의선,공덕,3102,2458,5560
20220528,경의선,금릉,4649,4428,9077
20220528,경의선,금촌,6659,6206,12865
20220528,경의선,능곡,3474,3268,6742
20220528,경의선,디지털미디어시티,2396,2167,4563
20220528,경의선,문산,5913,5518,11431
20220528,경의선,백마,5259,4844,10103
20220528,경의선,서강대,1975,1901,3876
20220528,경의선,서울역,1656,1887,3543
20220528,경의선,수색,1741,1639,3380
20220528,경의선,신촌,421,481,902
20220528,경의선,야당,7460,7626,15086
20220528,경의선,운정,5905,5356,11261
20220528,경의선,월롱,2095,1745,3840
20220528,경의선,일산,8249,7987,16236
20220528,경의선,임진강,75,114,189
20220528,경의선,탄현,6256,5926,12182
20220528,경의선,파주,1083,754,1837
20220528,경의선,풍산,5026,4747,9773
20220528,경의선,행신,6186,6279,12465
20220528,경의선,홍대입구,2335,2932,5267
20220528,경의선,화전,1465,1321,2786
20220528,경의선,효창공원앞,2178,2304,4482
20220528,경인선,간석,5036,4648,9684
20220528,경인선,개봉,18781,17954,36735
20220528,경인선,구일,4996,4774,9770
20220528,경인선,도원,2391,2387,4778
20220528,경인선,도화,3610,3312,6922
20220528,경인선,동암,14045,14346,28391
20220528,경인선,동인천,13370,13205,26575
20220528,경인선,백운,6138,5923,12061
20220528,경인선,부개,7356,6658,14014
20220528,경인선,부천,31899,32863,64762
20220528,경인선,부평,31674,35437,67111
20220528,경인선,소사,8519,8141,16660
20220528,경인선,송내,20943,20421,41364
20220528,경인선,역곡,23562,22630,46192
20220528,경인선,오류동,10086,8896,18982
20220528,경인선,온수,5745,5178,10923
20220528,경인선,인천,5979,5185,11164
20220528,경인선,제물포,8624,8082,16706
20220528,경인선,주안,18212,16021,34233
20220528,경인선,중동,7953,7302,15255
20220528,경춘선,가평,2805,3438,6243
20220528,경춘선,갈매,2271,1960,4231
20220528,경춘선,강촌,959,1101,2060
20220528,경춘선,굴봉산,242,255,497
20220528,경춘선,금곡,1393,1287,2680
20220528,경춘선,김유정,710,911,1621
20220528,경춘선,남춘천,3616,4123,7739
20220528,경춘선,대성리,2751,2754,5505
20220528,경춘선,마석,4370,4395,8765
20220528,경춘선,백양리,240,223,463
20220528,경춘선,별내,2624,2450,5074
20220528,경춘선,사릉,2135,1974,4109
20220528,경춘선,상천,668,548,1216
20220528,경춘선,신내,1531,1486,3017
20220528,경춘선,천마산,1674,1635,3309
20220528,경춘선,청평,2447,2715,5162
20220528,경춘선,춘천,2780,2351,5131
20220528,경춘선,퇴계원,3095,2733,5828
20220528,경춘선,평내호평,5650,5447,11097
20220528,공항철도 1호선,검암,5350,5649,10999
20220528,공항철도 1호선,계양,8829,7949,16778
20220528,공항철도 1호선,공덕,1813,2780,4593
20220528,공항철도 1호선,공항화물청사,1466,1479,2945
20220528,공항철도 1호선,김포공항,11909,6190,18099
20220528,공항철도 1호선,디지털미디어시티,6674,6483,13157
20220528,공항철도 1호선,마곡나루,4162,4401,8563
20220528,공항철도 1호선,서울역,10020,10247,20267
20220528,공항철도 1호선,영종,3558,3549,7107
20220528,공항철도 1호선,운서,7242,7326,14568
20220528,공항철도 1호선,인천공항1터미널,6598,6455,13053
20220528,공항철도 1호선,인천공항2터미널,3719,3196,6915
20220528,공항철도 1호선,청라국제도시,5357,4994,10351
20220528,공항철도 1호선,홍대입구,13840,14226,28066
20220528,과천선,경마공원,13524,13769,27293
20220528,과천선,과천,5861,5243,11104
20220528,과천선,대공원,10578,11093,21671
20220528,과천선,범계,23749,23636,47385
20220528,과천선,선바위,6707,5859,12566
20220528,과천선,인덕원,19857,19011,38868
20220528,과천선,정부과천청사,7650,7632,15282
20220528,과천선,평촌,11085,10856,21941
20220528,분당선,가천대,6173,6660,12833
20220528,분당선,강남구청,5953,7191,13144
20220528,분당선,개포동,3010,2914,5924
20220528,분당선,구룡,1633,1465,3098
20220528,분당선,구성,3858,3862,7720
20220528,분당선,기흥,7605,7114,14719
20220528,분당선,대모산입구,3430,3150,6580
20220528,분당선,도곡,5687,4870,10557
20220528,분당선,망포,10843,9529,20372
20220528,분당선,매교,2317,2431,4748
20220528,분당선,매탄권선,4158,3750,7908
20220528,분당선,모란,17722,17911,35633
20220528,분당선,미금,11603,12138,23741
20220528,분당선,보정,1853,1681,3534
20220528,분당선,상갈,4328,4235,8563
20220528,분당선,서울숲,12444,13107,25551
20220528,분당선,서현,20746,21130,41876
20220528,분당선,선릉,5842,8962,14804
20220528,분당선,선정릉,3805,3873,7678
20220528,분당선,수내,9784,9100,18884
20220528,분당선,수서,11495,11785,23280
20220528,분당선,수원,8628,7380,16008
20220528,분당선,수원시청,12099,14305,26404
20220528,분당선,신갈,3326,3277,6603
20220528,분당선,압구정로데오,19312,23398,42710
20220528,분당선,야탑,20379,21137,41516
20220528,분당선,영통,7518,7365,14883
20220528,분당선,오리,8518,7094,15612
20220528,분당선,이매,4472,4323,8795
20220528,분당선,정자,12051,12386,24437
20220528,분당선,죽전,11244,12576,23820
20220528,분당선,청명,3211,3098,6309
20220528,분당선,태평,11656,11055,22711
20220528,분당선,한티,13526,13084,26610
20220528,수인선,고색,2824,2817,5641
20220528,수인선,남동인더스파크,1042,951,1993
20220528,수인선,달월,90,84,174
20220528,수인선,사리,4189,3485,7674
20220528,수인선,소래포구,7927,7935,15862
20220528,수인선,송도,2310,2256,4566
20220528,수인선,숭의,3112,2804,5916
20220528,수인선,신포,1713,1726,3439
20220528,수인선,야목,272,232,504
20220528,수인선,어천,872,777,1649
20220528,수인선,연수,4718,4731,9449
20220528,수인선,오목천,2662,2183,4845
20220528,수인선,원인재,4197,4304,8501
20220528,수인선,월곶,2471,2404,4875
20220528,수인선,인천,1540,2621,4161
20220528,수인선,인천논현,5034,5107,10141
20220528,수인선,인하대,5135,4857,9992
20220528,수인선,호구포,3073,2859,5932
20220528,신림선,관악산,8226,8205,16431
20220528,신림선,당곡,3493,2893,6386
20220528,신림선,대방,2044,1370,3414
20220528,신림선,보라매,3069,2427,5496
20220528,신림선,보라매공원,2444,2750,5194
20220528,신림선,보라매병원,3958,3648,7606
20220528,신림선,샛강,4002,5457,9459
20220528,신림선,서울대벤처타운,7104,6246,13350
20220528,신림선,서울지방병무청,2327,2284,4611
20220528,신림선,서원,2860,2382,5242
20220528,신림선,신림,2310,2526,4836
20220528,안산선,고잔,7413,7398,14811
20220528,안산선,대야미,4707,4109,8816
20220528,안산선,반월,4002,3685,7687
20220528,안산선,산본,14729,15504,30233
20220528,안산선,상록수,14144,13934,28078
20220528,안산선,수리산,3357,3025,6382
20220528,안산선,신길온천,1705,1628,3333
20220528,안산선,안산,10745,11064,21809
20220528,안산선,오이도,9167,9140,18307
20220528,안산선,정왕,7659,7742,15401
20220528,안산선,중앙,18803,19621,38424
20220528,안산선,초지,4176,3986,8162
20220528,안산선,한대앞,8780,8118,16898
20220528,우이신설선,4.19민주묘지,2847,2476,5323
20220528,우이신설선,가오리,3563,3340,6903
20220528,우이신설선,보문,1362,1268,2630
20220528,우이신설선,북한산보국문,5486,4802,10288
20220528,우이신설선,북한산우이,3836,4140,7976
20220528,우이신설선,삼양,1725,1717,3442
20220528,우이신설선,삼양사거리,2098,1999,4097
20220528,우이신설선,성신여대입구,3039,3584,6623
20220528,우이신설선,솔밭공원,2076,1899,3975
20220528,우이신설선,솔샘,4347,3874,8221
20220528,우이신설선,신설동,1555,1566,3121
20220528,우이신설선,정릉,4291,3348,7639
20220528,우이신설선,화계,3408,3165,6573
20220528,일산선,대곡,1607,1448,3055
20220528,일산선,대화,9568,8409,17977
20220528,일산선,마두,5997,5955,11952
20220528,일산선,백석,8810,8603,17413
20220528,일산선,삼송,16560,15735,32295
20220528,일산선,원당,9754,9058,18812
20220528,일산선,원흥,8944,8307,17251
20220528,일산선,정발산,8262,8826,17088
20220528,일산선,주엽,7637,7466,15103
20220528,일산선,화정,14842,15176,30018
20220528,장항선,배방,1203,1221,2424
20220528,장항선,봉명,866,811,1677
20220528,장항선,신창,1467,1344,2811
20220528,장항선,쌍용,1969,1740,3709
20220528,장항선,아산,3829,3681,7510
20220528,장항선,온양온천,4469,4595,9064
20220528,장항선,탕정,875,706,1581
20220528,중앙선,구리,11951,12206,24157
20220528,중앙선,국수,821,859,1680
20220528,중앙선,덕소,5307,5305,10612
20220528,중앙선,도농,8546,7918,16464
20220528,중앙선,도심,1821,1543,3364
20220528,중앙선,망우,7557,7284,14841
20220528,중앙선,상봉,5557,5511,11068
20220528,중앙선,신원,364,260,624
20220528,중앙선,아신,751,812,1563
20220528,중앙선,양수,2785,2880,5665
20220528,중앙선,양원,2253,2142,4395
20220528,중앙선,양정,669,568,1237
20220528,중앙선,양평,4901,5071,9972
20220528,중앙선,오빈,376,369,745
20220528,중앙선,용문,2637,3114,5751
20220528,중앙선,운길산,1706,1603,3309
20220528,중앙선,원덕,560,628,1188
20220528,중앙선,중랑,5087,4686,9773
20220528,중앙선,지평,73,80,153
20220528,중앙선,팔당,1764,2036,3800
20220528,중앙선,회기,23693,21738,45431
20220529,1호선,동대문,10328,10692,21020
20220529,1호선,동묘앞,13043,13065,26108
20220529,1호선,서울역,32758,31999,64757
20220529,1호선,시청,9611,8659,18270
20220529,1호선,신설동,8243,8172,16415
20220529,1호선,제기동,10480,10871,21351
20220529,1호선,종각,14958,12811,27769
20220529,1호선,종로3가,17168,14545,31713
20220529,1호선,종로5가,11332,11225,22557
20220529,1호선,청량리,13894,14215,28109
20220529,2호선,강남,36487,34860,71347
20220529,2호선,강변,25309,25151,50460
20220529,2호선,건대입구,28398,29666,58064
20220529,2호선,교대,11741,13112,24853
20220529,2호선,구로디지털단지,26094,25551,51645
20220529,2호선,구의,12125,12100,24225
20220529,2호선,낙성대,17015,17616,34631
20220529,2호선,당산,10137,10828,20965
20220529,2호선,대림,17165,17449,34614
20220529,2호선,도림천,497,515,1012
20220529,2호선,동대문역사문화공원,8617,10357,18974
20220529,2호선,뚝섬,12443,12851,25294
20220529,2호선,문래,9116,9717,18833
20220529,2호선,방배,7241,7610,14851
20220529,2호선,봉천,13380,12831,26211
20220529,2호선,사당,25512,27657,53169
20220529,2호선,삼성,25084,24535,49619
20220529,2호선,상왕십리,7502,7331,14833
20220529,2호선,서울대입구,28073,29058,57131
20220529,2호선,서초,12812,12106,24918
20220529,2호선,선릉,14487,12236,26723
20220529,2호선,성수,15241,16842,32083
20220529,2호선,시청,6737,5392,12129
20220529,2호선,신답,883,949,1832
20220529,2호선,신당,8759,9202,17961
20220529,2호선,신대방,17191,16302,33493
20220529,2호선,신도림,32155,32637,64792
20220529,2호선,신림,40219,39103,79322
20220529,2호선,신설동,3414,3436,6850
20220529,2호선,신정네거리,5832,5897,11729
20220529,2호선,신촌,24094,23233,47327
20220529,2호선,아현,5760,5610,11370
20220529,2호선,양천구청,3562,3591,7153
20220529,2호선,역삼,12298,13079,25377
20220529,2호선,영등포구청,8931,9196,18127
20220529,2호선,왕십리,10369,9216,19585
20220529,2호선,용답,1889,1914,3803
20220529,2호선,용두,1188,1234,2422
20220529,2호선,을지로3가,9448,9141,18589
20220529,2호선,을지로4가,3963,3873,7836
20220529,2호선,을지로입구,17509,16662,34171
20220529,2호선,이대,7823,8415,16238
20220529,2호선,잠실,53641,49950,103591
20220529,2호선,잠실나루,5957,6022,11979
20220529,2호선,잠실새내,12825,12943,25768
20220529,2호선,종합운동장,19443,20659,40102
20220529,2호선,충정로,4210,4481,8691
20220529,2호선,한양대,3113,3570,6683
20220529,2호선,합정,23240,24866,48106
20220529,2호선,홍대입구,54094,53239,107333
20220529,3호선,가락시장,4163,4280,8443
20220529,3호선,경복궁,20182,22880,43062
20220529,3호선,경찰병원,3143,3243,6386
20220529,3호선,고속터미널,45792,43881,89673
20220529,3호선,교대,4928,3133,8061
20220529,3호선,구파발,12650,13136,25786
20220529,3호선,금호,4523,4323,8846
20220529,3호선,남부터미널,16090,17132,33222
20220529,3호선,녹번,8035,7150,15185
20220529,3호선,대청,4591,4435,9026
20220529,3호선,대치,6784,5964,12748
20220529,3호선,도곡,2434,2661,5095
20220529,3호선,독립문,4750,5070,9820
20220529,3호선,동대입구,5241,5880,11121
20220529,3호선,매봉,4607,4710,9317
20220529,3호선,무악재,2122,2297,4419
20220529,3호선,불광,10568,12133,22701
20220529,3호선,수서,11446,11583,23029
20220529,3호선,신사,13984,14106,28090
20220529,3호선,안국,14837,15452,30289
20220529,3호선,압구정,15243,15997,31240
20220529,3호선,약수,7221,6962,14183
20220529,3호선,양재,15447,17398,32845
20220529,3호선,연신내,22716,21317,44033
20220529,3호선,오금,3025,2963,5988
20220529,3호선,옥수,5538,5800,11338
20220529,3호선,을지로3가,4046,3741,7787
20220529,3호선,일원,3826,3961,7787
20220529,3호선,잠원,2501,2516,5017
20220529,3호선,종로3가,4463,5677,10140
20220529,3호선,지축,2826,2589,5415
20220529,3호선,학여울,1443,1499,2942
20220529,3호선,홍제,10232,9728,19960
20220529,4호선,길음,12203,11915,24118
20220529,4호선,남태령,944,690,1634
20220529,4호선,노원,12820,14006,26826
20220529,4호선,당고개,6134,5892,12026
20220529,4호선,동대문,7891,8183,16074
20220529,4호선,동대문역사문화공원,9620,8584,18204
20220529,4호선,동작,1448,1571,3019
20220529,4호선,명동,13710,13833,27543
20220529,4호선,미아,8813,8294,17107
20220529,4호선,미아사거리,17407,16530,33937
20220529,4호선,사당,17475,15854,33329
20220529,4호선,삼각지,3332,4520,7852
20220529,4호선,상계,11483,10614,22097
20220529,4호선,서울역,4884,13431,18315
20220529,4호선,성신여대입구,13766,13056,26822
20220529,4호선,수유,21659,20895,42554
20220529,4호선,숙대입구,8290,8095,16385
20220529,4호선,신용산,9640,10145,19785
20220529,4호선,쌍문,17506,15832,33338
20220529,4호선,이촌,7693,8235,15928
20220529,4호선,창동,16456,17179,33635
20220529,4호선,총신대입구,11261,12205,23466
20220529,4호선,충무로,9729,10293,20022
20220529,4호선,한성대입구,8690,8683,17373
20220529,4호선,혜화,23592,25439,49031
20220529,4호선,회현,10396,10186,20582
20220529,5호선,강동,9974,9969,19943
20220529,5호선,강일,2419,2314,4733
20220529,5호선,개롱,3175,3383,6558
20220529,5호선,개화산,2842,2866,5708
20220529,5호선,거여,5219,5039,10258
20220529,5호선,고덕,4715,4800,9515
20220529,5호선,공덕,5085,5056,10141
20220529,5호선,광나루,8761,8444,17205
20220529,5호선,광화문,12900,13231,26131
20220529,5호선,군자,6517,7329,13846
20220529,5호선,굽은다리,5786,5453,11239
20220529,5호선,길동,4455,4531,8986
20220529,5호선,김포공항,7268,7599,14867
20220529,5호선,까치산,17123,16315,33438
20220529,5호선,답십리,7613,7097,14710
20220529,5호선,동대문역사문화공원,709,809,1518
20220529,5호선,둔촌동,5021,4990,10011
20220529,5호선,마곡,3830,4092,7922
20220529,5호선,마장,3133,2904,6037
20220529,5호선,마천,4010,4239,8249
20220529,5호선,마포,5322,5335,10657
20220529,5호선,명일,5399,5577,10976
20220529,5호선,목동,8675,8864,17539
20220529,5호선,미사,9715,9767,19482
20220529,5호선,발산,9906,10610,20516
20220529,5호선,방이,4574,4379,8953
20220529,5호선,방화,3976,3951,7927
20220529,5호선,상일동,7317,7034,14351
20220529,5호선,서대문,5674,5830,11504
20220529,5호선,송정,3951,3852,7803
20220529,5호선,신금호,3205,3377,6582
20220529,5호선,신길,2025,2194,4219
20220529,5호선,신정,7029,6307,13336
20220529,5호선,아차산,11476,11195,22671
20220529,5호선,애오개,2870,2888,5758
20220529,5호선,양평,2838,2923,5761
20220529,5호선,여의나루,14925,15599,30524
20220529,5호선,여의도,8109,9111,17220
20220529,5호선,영등포구청,1453,1447,2900
20220529,5호선,영등포시장,6178,6531,12709
20220529,5호선,오금,1675,1707,3382
20220529,5호선,오목교,12057,12558,24615
20220529,5호선,올림픽공원,3882,4063,7945
20220529,5호선,왕십리,2781,3281,6062
20220529,5호선,우장산,7319,7531,14850
20220529,5호선,을지로4가,1879,2019,3898
20220529,5호선,장한평,8534,8307,16841
20220529,5호선,종로3가,10197,8765,18962
20220529,5호선,천호,14065,13306,27371
20220529,5호선,청구,1951,1859,3810
20220529,5호선,충정로,1574,1543,3117
20220529,5호선,하남검단산,5066,5027,10093
20220529,5호선,하남시청,4941,4717,9658
20220529,5호선,하남풍산,2464,2418,4882
20220529,5호선,행당,4331,3888,8219
20220529,5호선,화곡,15602,14497,30099
20220529,6호선,고려대,4505,4359,8864
20220529,6호선,공덕,7479,7034,14513
20220529,6호선,광흥창,4499,4267,8766
20220529,6호선,구산,4269,3149,7418
20220529,6호선,녹사평,4514,4605,9119
20220529,6호선,대흥,4436,4594,9030
20220529,6호선,독바위,1660,2004,3664
20220529,6호선,돌곶이,5893,5589,11482
20220529,6호선,동묘앞,6708,6824,13532
20220529,6호선,디지털미디어시티,6084,6354,12438
20220529,6호선,마포구청,7784,6819,14603
20220529,6호선,망원,10246,11072,21318
20220529,6호선,버티고개,1180,1287,2467
20220529,6호선,보문,4594,4279,8873
20220529,6호선,봉화산,4318,4265,8583
20220529,6호선,불광,3200,2928,6128
20220529,6호선,삼각지,5208,3965,9173
20220529,6호선,상수,6752,7422,14174
20220529,6호선,상월곡,3570,3350,6920
20220529,6호선,새절,6924,6656,13580
20220529,6호선,석계,6938,7327,14265
20220529,6호선,신당,4710,5171,9881
20220529,6호선,안암,5301,5655,10956
20220529,6호선,약수,1884,1844,3728
20220529,6호선,역촌,2133,2467,4600
20220529,6호선,연신내,1,0,1
20220529,6호선,월곡,5989,5694,11683
20220529,6호선,월드컵경기장,4496,4618,9114
20220529,6호선,응암,10167,10198,20365
20220529,6호선,이태원,14057,10918,24975
20220529,6호선,증산,5956,6022,11978
20220529,6호선,창신,1768,1602,3370
20220529,6호선,청구,1761,1665,3426
20220529,6호선,태릉입구,4179,4713,8892
20220529,6호선,한강진,7696,8507,16203
20220529,6호선,합정,10229,9775,20004
20220529,6호선,화랑대,5610,5160,10770
20220529,6호선,효창공원앞,3888,3567,7455
20220529,7호선,가산디지털단지,11504,10576,22080
20220529,7호선,강남구청,6300,6901,13201
20220529,7호선,건대입구,8426,9204,17630
20220529,7호선,고속터미널,15215,9531,24746
20220529,7호선,공릉,6636,6769,13405
20220529,7호선,광명사거리,13742,13576,27318
20220529,7호선,군자,8514,6483,14997
20220529,7호선,남구로,7264,7147,14411
20220529,7호선,남성,5786,5785,11571
20220529,7호선,내방,5584,5678,11262
20220529,7호선,노원,11716,12156,23872
20220529,7호선,논현,5835,6167,12002
20220529,7호선,대림,8617,7985,16602
20220529,7호선,도봉산,5972,8424,14396
20220529,7호선,뚝섬유원지,11214,10420,21634
20220529,7호선,마들,6564,6070,12634
20220529,7호선,먹골,6097,5767,11864
20220529,7호선,면목,8425,8268,16693
20220529,7호선,반포,3212,3201,6413
20220529,7호선,보라매,4305,4448,8753
20220529,7호선,사가정,9706,9287,18993
20220529,7호선,상도,5981,6072,12053
20220529,7호선,상봉,10684,9932,20616
20220529,7호선,수락산,8925,8694,17619
20220529,7호선,숭실대입구,6337,6814,13151
20220529,7호선,신대방삼거리,8420,8336,16756
20220529,7호선,신풍,6831,6532,13363
20220529,7호선,어린이대공원,8650,8866,17516
20220529,7호선,온수,4326,4525,8851
20220529,7호선,용마산,3557,3817,7374
20220529,7호선,이수,9173,8853,18026
20220529,7호선,장승배기,5021,4863,9884
20220529,7호선,장암,1511,958,2469
20220529,7호선,중계,7305,6865,14170
20220529,7호선,중곡,5819,5487,11306
20220529,7호선,중화,6145,6063,12208
20220529,7호선,천왕,5591,5417,11008
20220529,7호선,철산,11586,11644,23230
20220529,7호선,청담,7339,8005,15344
20220529,7호선,태릉입구,6615,6362,12977
20220529,7호선,하계,9852,9518,19370
20220529,7호선,학동,7167,7706,14873
20220529,8호선,가락시장,3429,4119,7548
20220529,8호선,강동구청,4966,5078,10044
20220529,8호선,남위례,2837,2914,5751
20220529,8호선,남한산성입구,7467,7089,14556
20220529,8호선,단대오거리,6310,6217,12527
20220529,8호선,모란,5326,4440,9766
20220529,8호선,몽촌토성,4175,4223,8398
20220529,8호선,문정,6169,6558,12727
20220529,8호선,복정,5510,5049,10559
20220529,8호선,산성,3566,3631,7197
20220529,8호선,석촌,4354,5476,9830
20220529,8호선,송파,4428,4286,8714
20220529,8호선,수진,3397,3130,6527
20220529,8호선,신흥,3003,3250,6253
20220529,8호선,암사,9772,9002,18774
20220529,8호선,잠실,10715,12089,22804
20220529,8호선,장지,9627,9668,19295
20220529,8호선,천호,9639,10749,20388
20220529,9호선,가양,12312,11838,24150
20220529,9호선,개화,1254,1146,2400
20220529,9호선,고속터미널,13143,18631,31774
20220529,9호선,공항시장,1828,2033,3861
20220529,9호선,구반포,706,739,1445
20220529,9호선,국회의사당,5534,5489,11023
20220529,9호선,김포공항,8015,12158,20173
20220529,9호선,노들,3020,2719,5739
20220529,9호선,노량진,15886,16763,32649
20220529,9호선,당산,10396,10060,20456
20220529,9호선,동작,1691,1453,3144
20220529,9호선,등촌,5425,5443,10868
20220529,9호선,마곡나루,6329,6297,12626
20220529,9호선,사평,1846,1874,3720
20220529,9호선,샛강,2520,2072,4592
20220529,9호선,선유도,3441,3397,6838
20220529,9호선,신논현,16617,15874,32491
20220529,9호선,신목동,2119,1895,4014
20220529,9호선,신반포,2604,2787,5391
20220529,9호선,신방화,3696,3623,7319
20220529,9호선,양천향교,4561,4740,9301
20220529,9호선,여의도,10024,9387,19411
20220529,9호선,염창,9507,9369,18876
20220529,9호선,증미,3163,3053,6216
20220529,9호선,흑석,4616,4648,9264
20220529,9호선2~3단계,둔촌오륜,578,611,1189
20220529,9호선2~3단계,봉은사,10934,11280,22214
20220529,9호선2~3단계,삼성중앙,2243,2353,4596
20220529,9호선2~3단계,삼전,3844,3814,7658
20220529,9호선2~3단계,석촌,5585,4819,10404
20220529,9호선2~3단계,석촌고분,3486,3383,6869
20220529,9호선2~3단계,선정릉,3514,4007,7521
20220529,9호선2~3단계,송파나루,3344,3727,7071
20220529,9호선2~3단계,언주,4227,4270,8497
20220529,9호선2~3단계,올림픽공원,9281,8934,18215
20220529,9호선2~3단계,종합운동장,3747,3363,7110
20220529,9호선2~3단계,중앙보훈병원,4027,3802,7829
20220529,9호선2~3단계,한성백제,1843,1661,3504
20220529,경강선,경기광주,4504,4636,9140
20220529,경강선,곤지암,1780,1910,3690
20220529,경강선,부발,1701,2391,4092
20220529,경강선,삼동,1233,1138,2371
20220529,경강선,세종대왕릉,332,323,655
20220529,경강선,신둔도예촌,1134,1177,2311
20220529,경강선,여주,2765,2808,5573
20220529,경강선,이매,786,501,1287
20220529,경강선,이천,2394,2608,5002
20220529,경강선,초월,1863,1884,3747
20220529,경강선,판교,2843,2615,5458
20220529,경부선,가산디지털단지,5243,7049,12292
20220529,경부선,관악,5391,4968,10359
20220529,경부선,광명,3153,2296,5449
20220529,경부선,구로,11061,11269,22330
20220529,경부선,군포,3439,3153,6592
20220529,경부선,금정,16059,16468,32527
20220529,경부선,금천구청,6910,6953,13863
20220529,경부선,남영,4904,5288,10192
20220529,경부선,노량진,6361,5881,12242
20220529,경부선,당정,3322,3379,6701
20220529,경부선,대방,6390,7055,13445
20220529,경부선,독산,6903,6975,13878
20220529,경부선,두정,5049,6298,11347
20220529,경부선,명학,4014,3977,7991
20220529,경부선,병점,10468,11425,21893
20220529,경부선,서동탄,927,893,1820
20220529,경부선,서울역,9775,2219,11994
20220529,경부선,서정리,5014,7238,12252
20220529,경부선,석수,5793,5631,11424
20220529,경부선,성균관대,8889,9068,17957
20220529,경부선,성환,2984,3777,6761
20220529,경부선,세류,2429,2291,4720
20220529,경부선,세마,2020,1865,3885
20220529,경부선,송탄,4046,4980,9026
20220529,경부선,수원,38786,37219,76005
20220529,경부선,신길,5076,4454,9530
20220529,경부선,신도림,2677,2883,5560
20220529,경부선,안양,15308,14898,30206
20220529,경부선,영등포,35857,34961,70818
20220529,경부선,오산,8809,9168,17977
20220529,경부선,오산대,2636,2629,5265
20220529,경부선,용산,37703,35182,72885
20220529,경부선,의왕,5001,5008,10009
20220529,경부선,직산,675,738,1413
20220529,경부선,진위,1011,1007,2018
20220529,경부선,천안,7375,7351,14726
20220529,경부선,평택,13241,14106,27347
20220529,경부선,평택지제,2870,2718,5588
20220529,경부선,화서,5709,5696,11405
20220529,경원선,가능,4415,4169,8584
20220529,경원선,광운대,5117,5258,10375
20220529,경원선,녹양,3100,2950,6050
20220529,경원선,녹천,2879,2487,5366
20220529,경원선,덕계,2130,2087,4217
20220529,경원선,덕정,3801,4040,7841
20220529,경원선,도봉,3813,3546,7359
20220529,경원선,도봉산,9453,6710,16163
20220529,경원선,동두천,1388,1923,3311
20220529,경원선,동두천중앙,2363,2257,4620
20220529,경원선,망월사,4808,5040,9848
20220529,경원선,방학,6547,6395,12942
20220529,경원선,보산,1640,1642,3282
20220529,경원선,서빙고,1899,1862,3761
20220529,경원선,석계,5543,6091,11634
20220529,경원선,소요산,4804,4151,8955
20220529,경원선,신이문,5268,4945,10213
20220529,경원선,양주,5638,5594,11232
20220529,경원선,옥수,69,43,112
20220529,경원선,왕십리,10706,12096,22802
20220529,경원선,외대앞,5684,5641,11325
20220529,경원선,월계,4235,3935,8170
20220529,경원선,응봉,1241,1083,2324
20220529,경원선,의정부,15784,15900,31684
20220529,경원선,이촌,2846,2092,4938
20220529,경원선,지행,5160,5325,10485
20220529,경원선,창동,3,0,3
20220529,경원선,청량리,15773,14925,30698
20220529,경원선,한남,2118,2141,4259
20220529,경원선,회룡,8478,8426,16904
20220529,경의선,가좌,3168,3114,6282
20220529,경의선,강매,1680,1634,3314
20220529,경의선,곡산,386,366,752
20220529,경의선,공덕,2239,1768,4007
20220529,경의선,금릉,3387,3292,6679
20220529,경의선,금촌,4660,5129,9789
20220529,경의선,능곡,2415,2346,4761
20220529,경의선,디지털미디어시티,1699,1580,3279
20220529,경의선,문산,4486,4531,9017
20220529,경의선,백마,3835,3631,7466
20220529,경의선,서강대,1552,1553,3105
20220529,경의선,서울역,1383,1224,2607
20220529,경의선,수색,1038,1075,2113
20220529,경의선,신촌,315,329,644
20220529,경의선,야당,5318,5355,10673
20220529,경의선,운정,4241,4013,8254
20220529,경의선,월롱,1155,2415,3570
20220529,경의선,일산,5294,4959,10253
20220529,경의선,임진강,122,92,214
20220529,경의선,탄현,4668,4292,8960
20220529,경의선,파주,725,694,1419
20220529,경의선,풍산,3862,3678,7540
20220529,경의선,행신,5132,4929,10061
20220529,경의선,홍대입구,1996,2305,4301
20220529,경의선,화전,1078,1155,2233
20220529,경의선,효창공원앞,1491,1733,3224
20220529,경인선,간석,3529,3330,6859
20220529,경인선,개봉,12892,12812,25704
20220529,경인선,구일,3520,3557,7077
20220529,경인선,도원,3247,3307,6554
20220529,경인선,도화,2646,2582,5228
20220529,경인선,동암,10719,10468,21187
20220529,경인선,동인천,10414,10136,20550
20220529,경인선,백운,4263,4281,8544
20220529,경인선,부개,5317,4985,10302
20220529,경인선,부천,25037,24596,49633
20220529,경인선,부평,24840,24757,49597
20220529,경인선,소사,6621,6363,12984
20220529,경인선,송내,14582,14348,28930
20220529,경인선,역곡,15994,15952,31946
20220529,경인선,오류동,7675,7243,14918
20220529,경인선,온수,4284,3954,8238
20220529,경인선,인천,4851,4034,8885
20220529,경인선,제물포,6145,5931,12076
20220529,경인선,주안,12977,11560,24537
20220529,경인선,중동,5460,5170,10630
20220529,경춘선,가평,3042,2010,5052
20220529,경춘선,갈매,1567,1411,2978
20220529,경춘선,강촌,1062,719,1781
20220529,경춘선,굴봉산,292,264,556
20220529,경춘선,금곡,1029,967,1996
20220529,경춘선,김유정,480,505,985
20220529,경춘선,남춘천,2826,3427,6253
20220529,경춘선,대성리,2407,817,3224
20220529,경춘선,마석,2864,2744,5608
20220529,경춘선,백양리,207,129,336
20220529,경춘선,별내,1930,1821,3751
20220529,경춘선,사릉,1588,1477,3065
20220529,경춘선,상천,647,439,1086
20220529,경춘선,신내,1103,1107,2210
20220529,경춘선,천마산,1255,1251,2506
20220529,경춘선,청평,2352,1513,3865
20220529,경춘선,춘천,2317,1901,4218
20220529,경춘선,퇴계원,2357,2073,4430
20220529,경춘선,평내호평,4022,3850,7872
20220529,공항철도 1호선,검암,4115,4156,8271
20220529,공항철도 1호선,계양,6184,5913,12097
20220529,공항철도 1호선,공덕,1499,2077,3576
20220529,공항철도 1호선,공항화물청사,1006,1114,2120
20220529,공항철도 1호선,김포공항,11659,6420,18079
20220529,공항철도 1호선,디지털미디어시티,4267,4247,8514
20220529,공항철도 1호선,마곡나루,2699,3143,5842
20220529,공항철도 1호선,서울역,9579,8952,18531
20220529,공항철도 1호선,영종,2763,2735,5498
20220529,공항철도 1호선,운서,5970,6320,12290
20220529,공항철도 1호선,인천공항1터미널,6579,5999,12578
20220529,공항철도 1호선,인천공항2터미널,3171,2698,5869
20220529,공항철도 1호선,청라국제도시,3815,3772,7587
20220529,공항철도 1호선,홍대입구,11277,10328,21605
20220529,과천선,경마공원,16495,17036,33531
20220529,과천선,과천,4226,3910,8136
20220529,과천선,대공원,8597,8641,17238
20220529,과천선,범계,16449,16018,32467
20220529,과천선,선바위,4816,4259,9075
20220529,과천선,인덕원,14209,14392,28601
20220529,과천선,정부과천청사,5176,5054,10230
20220529,과천선,평촌,7280,6978,14258
20220529,분당선,가천대,4628,5554,10182
20220529,분당선,강남구청,3510,4180,7690
20220529,분당선,개포동,2227,2303,4530
20220529,분당선,구룡,905,972,1877
20220529,분당선,구성,2842,3047,5889
20220529,분당선,기흥,5729,5389,11118
20220529,분당선,대모산입구,2529,2485,5014
20220529,분당선,도곡,3359,3150,6509
20220529,분당선,망포,7100,7351,14451
20220529,분당선,매교,1581,1583,3164
20220529,분당선,매탄권선,2959,2825,5784
20220529,분당선,모란,19836,20787,40623
20220529,분당선,미금,8557,8955,17512
20220529,분당선,보정,1328,1246,2574
20220529,분당선,복정,2,0,2
20220529,분당선,상갈,3124,3267,6391
20220529,분당선,서울숲,8576,8811,17387
20220529,분당선,서현,15815,15817,31632
20220529,분당선,선릉,3177,4727,7904
20220529,분당선,선정릉,2259,2356,4615
20220529,분당선,수내,7048,6547,13595
20220529,분당선,수서,9761,9661,19422
20220529,분당선,수원,6551,5514,12065
20220529,분당선,수원시청,8681,8530,17211
20220529,분당선,신갈,2295,2311,4606
20220529,분당선,압구정로데오,10724,11965,22689
20220529,분당선,야탑,15695,16004,31699
20220529,분당선,영통,5386,5555,10941
20220529,분당선,오리,6279,5482,11761
20220529,분당선,이매,3691,3736,7427
20220529,분당선,정자,8505,8800,17305
20220529,분당선,죽전,8809,9674,18483
20220529,분당선,청명,2400,2427,4827
20220529,분당선,태평,9223,8704,17927
20220529,분당선,한티,8963,8759,17722
20220529,수인선,고색,2012,2127,4139
20220529,수인선,남동인더스파크,610,648,1258
20220529,수인선,달월,46,49,95
20220529,수인선,사리,3074,2646,5720
20220529,수인선,소래포구,6546,6091,12637
20220529,수인선,송도,1653,1656,3309
20220529,수인선,숭의,2378,2183,4561
20220529,수인선,신포,1284,1181,2465
20220529,수인선,야목,223,192,415
20220529,수인선,어천,664,743,1407
20220529,수인선,연수,3495,3494,6989
20220529,수인선,오목천,1854,1834,3688
20220529,수인선,원인재,3152,3362,6514
20220529,수인선,월곶,1887,1829,3716
20220529,수인선,인천,1297,1892,3189
20220529,수인선,인천논현,3304,3442,6746
20220529,수인선,인하대,3526,3528,7054
20220529,수인선,호구포,2249,2385,4634
20220529,신림선,관악산,7027,7136,14163
20220529,신림선,당곡,2695,2417,5112
20220529,신림선,대방,1419,1087,2506
20220529,신림선,보라매,2126,1806,3932
20220529,신림선,보라매공원,1808,2097,3905
20220529,신림선,보라매병원,2770,2787,5557
20220529,신림선,샛강,2691,3962,6653
20220529,신림선,서울대벤처타운,5322,4939,10261
20220529,신림선,서울지방병무청,1916,1846,3762
20220529,신림선,서원,2234,1984,4218
20220529,신림선,신림,1850,2160,4010
20220529,안산선,고잔,5947,5821,11768
20220529,안산선,대야미,3528,3184,6712
20220529,안산선,반월,2873,2868,5741
20220529,안산선,산본,10173,10966,21139
20220529,안산선,상록수,10555,10524,21079
20220529,안산선,수리산,2518,2455,4973
20220529,안산선,신길온천,1391,1317,2708
20220529,안산선,안산,10935,10009,20944
20220529,안산선,오이도,6742,6450,13192
20220529,안산선,정왕,6159,6706,12865
20220529,안산선,중앙,13487,13496,26983
20220529,안산선,초지,2882,2751,5633
20220529,안산선,한대앞,6257,6218,12475
20220529,우이신설선,4.19민주묘지,2211,1986,4197
20220529,우이신설선,가오리,2490,2391,4881
20220529,우이신설선,보문,1076,1048,2124
20220529,우이신설선,북한산보국문,4137,3787,7924
20220529,우이신설선,북한산우이,3632,3751,7383
20220529,우이신설선,삼양,1266,1272,2538
20220529,우이신설선,삼양사거리,1737,1602,3339
20220529,우이신설선,성신여대입구,2314,2794,5108
20220529,우이신설선,솔밭공원,1551,1494,3045
20220529,우이신설선,솔샘,3138,2973,6111
20220529,우이신설선,신설동,1254,1255,2509
20220529,우이신설선,정릉,3095,2550,5645
20220529,우이신설선,화계,2409,2147,4556
20220529,일산선,대곡,1177,1030,2207
20220529,일산선,대화,6779,6104,12883
20220529,일산선,마두,3756,3744,7500
20220529,일산선,백석,5886,5835,11721
20220529,일산선,삼송,12242,11915,24157
20220529,일산선,원당,7019,6619,13638
20220529,일산선,원흥,6451,6159,12610
20220529,일산선,정발산,6381,6346,12727
20220529,일산선,주엽,5198,5054,10252
20220529,일산선,화정,10389,10813,21202
20220529,장항선,배방,1049,1190,2239
20220529,장항선,봉명,686,697,1383
20220529,장항선,신창,1112,2072,3184
20220529,장항선,쌍용,1648,1878,3526
20220529,장항선,아산,4550,2934,7484
20220529,장항선,온양온천,5421,5354,10775
20220529,장항선,탕정,619,690,1309
20220529,중앙선,구리,8566,8740,17306
20220529,중앙선,국수,690,614,1304
20220529,중앙선,덕소,3782,3855,7637
20220529,중앙선,도농,6079,5947,12026
20220529,중앙선,도심,1370,1216,2586
20220529,중앙선,망우,5430,5604,11034
20220529,중앙선,상봉,4087,4219,8306
20220529,중앙선,신원,307,388,695
20220529,중앙선,아신,731,532,1263
20220529,중앙선,양수,2372,2093,4465
20220529,중앙선,양원,1518,1549,3067
20220529,중앙선,양정,607,453,1060
20220529,중앙선,양평,2802,2480,5282
20220529,중앙선,오빈,321,282,603
20220529,중앙선,용문,2671,2099,4770
20220529,중앙선,운길산,1420,1334,2754
20220529,중앙선,원덕,461,375,836
20220529,중앙선,중랑,3881,3721,7602
20220529,중앙선,지평,79,61,140
20220529,중앙선,팔당,1576,1559,3135
20220529,중앙선,회기,17568,17803,35371
