사용월,호선명,지하철역,승차총승객수,하차총승객수,승하차총승객수
202101,4호선,수리산,1670,1570,3240
202101,4호선,오이도,4031,4040,8071
202101,4호선,정왕,3168,3394,6562
202101,4호선,신길온천,719,710,1429
202101,4호선,안산,6299,6274,12573
202101,4호선,초지,1548,1589,3137
202101,4호선,고잔,2905,2686,5591
202101,4호선,중앙,7328,7575,14903
202101,4호선,한대앞,3554,3474,7028
202101,4호선,상록수,6973,6779,13752
202101,4호선,반월,1901,1811,3712
202101,4호선,대야미,2139,1896,4035
202101,4호선,산본,6411,6840,13251
202101,4호선,범계,10408,9875,20283
202101,4호선,평촌,4615,4557,9172
202101,4호선,인덕원,7595,7536,15131
202101,4호선,정부과천청사,2590,2651,5241
202101,4호선,과천,1995,1789,3784
202101,4호선,대공원,1691,1777,3468
202101,4호선,경마공원,598,594,1192
202101,4호선,선바위,2460,2269,4729
202101,4호선,쌍문,12277,11291,23568
202101,4호선,창동,11236,11911,23147
202101,4호선,노원,8913,9767,18680
202101,4호선,상계,8140,7761,15901
202101,4호선,당고개,5707,5451,11158
202101,4호선,남태령,383,378,761
202101,4호선,사당,8752,8333,17085
202101,4호선,총신대입구,7734,8434,16168
202101,4호선,동작,1100,1077,2177
202101,4호선,이촌,2406,2716,5122
202101,4호선,신용산,4667,4752,9419
202101,4호선,삼각지,1274,1548,2822
202101,4호선,숙대입구,4219,4101,8320
202101,4호선,서울역,2425,4003,6428
202101,4호선,회현,6789,7060,13849
202101,4호선,명동,6217,6604,12821
202101,4호선,충무로,5573,5809,11382
202101,4호선,동대문역사문화공원,4987,4512,9499
202101,4호선,동대문,5508,5612,11120
202101,4호선,혜화,10234,10444,20678
202101,4호선,한성대입구,5327,5242,10569
202101,4호선,성신여대입구,8838,8684,17522
202101,4호선,길음,7056,6948,14004
202101,4호선,미아사거리,12866,12528,25394
202101,4호선,미아,6345,6191,12536
202101,4호선,수유,15531,15112,30643
202101,4호선,선바위,1852,1778,3630
202101,4호선,경마공원,490,460,950
202101,4호선,대공원,1495,1593,3088
202101,4호선,과천,1560,1448,3008
202101,4호선,정부과천청사,2001,2141,4142
202101,4호선,인덕원,5628,5627,11255
202101,4호선,평촌,3406,3353,6759
202101,4호선,범계,7540,7147,14687
202101,4호선,산본,4818,5052,9870
202101,4호선,대야미,1621,1523,3144
202101,4호선,반월,1410,1438,2848
202101,4호선,상록수,5530,5287,10817
202101,4호선,한대앞,2776,2744,5520
202101,4호선,중앙,5838,5598,11436
202101,4호선,고잔,2318,2176,4494
202101,4호선,초지,1168,1115,2283
202101,4호선,안산,6229,5181,11410
202101,4호선,신길온천,683,567,1250
202101,4호선,정왕,2844,3227,6071
202101,4호선,오이도,3068,3014,6082
202101,4호선,수리산,1190,1164,2354
202101,4호선,쌍문,9272,8337,17609
202101,4호선,창동,8467,8836,17303
202101,4호선,노원,6418,6921,13339
202101,4호선,상계,6098,5675,11773
202101,4호선,당고개,4684,4278,8962
202101,4호선,남태령,306,303,609
202101,4호선,사당,7229,7514,14743
202101,4호선,총신대입구,5490,6075,11565
202101,4호선,동작,881,929,1810
202101,4호선,이촌,1714,1974,3688
202101,4호선,신용산,3802,3663,7465
202101,4호선,삼각지,897,1152,2049
202101,4호선,숙대입구,3158,3088,6246
202101,4호선,서울역,2091,3664,5755
202101,4호선,회현,4778,4785,9563
202101,4호선,명동,4513,4772,9285
202101,4호선,충무로,3715,3934,7649
202101,4호선,동대문역사문화공원,4408,4630,9038
202101,4호선,동대문,3477,3958,7435
202101,4호선,혜화,8355,8621,16976
202101,4호선,한성대입구,4111,4241,8352
202101,4호선,성신여대입구,6559,6653,13212
202101,4호선,길음,5246,5261,10507
202101,4호선,미아사거리,9586,9211,18797
202101,4호선,미아,4754,4626,9380
202101,4호선,수유,11878,11498,23376
202101,4호선,범계,12881,12522,25403
202101,4호선,평촌,6096,6114,12210
202101,4호선,인덕원,9401,9318,18719
202101,4호선,정부과천청사,3029,3175,6204
202101,4호선,과천,2512,2087,4599
202101,4호선,대공원,1151,1270,2421
202101,4호선,경마공원,699,707,1406
202101,4호선,수리산,1861,1655,3516
202101,4호선,오이도,4153,4243,8396
202101,4호선,정왕,3975,3985,7960
202101,4호선,신길온천,799,771,1570
202101,4호선,안산,6399,6416,12815
202101,4호선,초지,1975,2020,3995
202101,4호선,고잔,3717,3666,7383
202101,4호선,중앙,8893,9288,18181
202101,4호선,한대앞,4305,4433,8738
202101,4호선,상록수,8076,8160,16236
202101,4호선,반월,2205,2070,4275
202101,4호선,대야미,2363,2085,4448
202101,4호선,산본,7640,6908,14548
202101,4호선,선바위,2948,2720,5668
202101,4호선,쌍문,14322,13332,27654
202101,4호선,창동,12544,13572,26116
202101,4호선,노원,10321,11183,21504
202101,4호선,상계,9202,8710,17912
202101,4호선,당고개,5948,5849,11797
202101,4호선,남태령,482,421,903
202101,4호선,사당,11590,9885,21475
202101,4호선,총신대입구,9375,10055,19430
202101,4호선,동작,995,1004,1999
202101,4호선,이촌,2861,3135,5996
202101,4호선,신용산,5405,5855,11260
202101,4호선,삼각지,1641,1869,3510
202101,4호선,숙대입구,5503,5278,10781
202101,4호선,서울역,3078,5493,8571
202101,4호선,회현,9654,10130,19784
202101,4호선,명동,6812,7686,14498
202101,4호선,충무로,7511,7806,15317
202101,4호선,동대문역사문화공원,6687,5580,12267
202101,4호선,동대문,8469,8403,16872
202101,4호선,혜화,12723,12776,25499
202101,4호선,한성대입구,6493,6218,12711
202101,4호선,성신여대입구,10530,10214,20744
202101,4호선,길음,8498,8356,16854
202101,4호선,미아사거리,14866,14815,29681
202101,4호선,미아,7527,7309,14836
202101,4호선,수유,18027,17865,35892
202101,4호선,수리산,1258,1184,2442
202101,4호선,오이도,3103,3024,6127
202101,4호선,정왕,2969,3182,6151
202101,4호선,신길온천,604,560,1164
202101,4호선,안산,6123,5547,11670
202101,4호선,초지,1309,1271,2580
202101,4호선,고잔,2439,2333,4772
202101,4호선,중앙,6295,6171,12466
202101,4호선,한대앞,3024,2981,6005
202101,4호선,상록수,5626,5510,11136
202101,4호선,반월,1424,1504,2928
202101,4호선,대야미,1680,1524,3204
202101,4호선,산본,4923,4359,9282
202101,4호선,범계,8451,8084,16535
202101,4호선,평촌,3806,3700,7506
202101,4호선,인덕원,6125,6231,12356
202101,4호선,정부과천청사,2140,2134,4274
202101,4호선,과천,1649,1422,3071
202101,4호선,대공원,1362,1488,2850
202101,4호선,경마공원,534,514,1048
202101,4호선,선바위,1855,1895,3750
202101,4호선,쌍문,9606,8783,18389
202101,4호선,창동,8650,9191,17841
202101,4호선,노원,7098,7767,14865
202101,4호선,상계,6204,5880,12084
202101,4호선,당고개,4619,4510,9129
202101,4호선,남태령,336,284,620
202101,4호선,사당,7774,7898,15672
202101,4호선,총신대입구,5930,6419,12349
202101,4호선,동작,843,898,1741
202101,4호선,이촌,1831,2123,3954
202101,4호선,신용산,3719,3828,7547
202101,4호선,삼각지,1040,1216,2256
202101,4호선,숙대입구,3417,3332,6749
202101,4호선,서울역,2268,4107,6375
202101,4호선,회현,5037,5111,10148
202101,4호선,명동,5013,4977,9990
202101,4호선,충무로,5269,5230,10499
202101,4호선,동대문역사문화공원,5097,5062,10159
202101,4호선,동대문,3549,4145,7694
202101,4호선,혜화,9476,9784,19260
202101,4호선,한성대입구,4368,4367,8735
202101,4호선,성신여대입구,7482,7193,14675
202101,4호선,길음,5802,5729,11531
202101,4호선,미아사거리,9877,9444,19321
202101,4호선,미아,4947,4730,9677
202101,4호선,수유,12588,11992,24580
202101,4호선,수유,20067,19922,39989
202101,4호선,미아,8447,8267,16714
202101,4호선,미아사거리,16819,16637,33456
202101,4호선,길음,9998,9635,19633
202101,4호선,성신여대입구,12060,11468,23528
202101,4호선,한성대입구,7453,7151,14604
202101,4호선,혜화,15347,15441,30788
202101,4호선,동대문,10050,10023,20073
202101,4호선,동대문역사문화공원,7806,6535,14341
202101,4호선,충무로,8607,8554,17161
202101,4호선,명동,8463,9587,18050
202101,4호선,회현,12046,12522,24568
202101,4호선,서울역,3586,6546,10132
202101,4호선,숙대입구,6093,5903,11996
202101,4호선,삼각지,1833,2219,4052
202101,4호선,신용산,6195,6555,12750
202101,4호선,이촌,3319,3592,6911
202101,4호선,동작,1333,1376,2709
202101,4호선,총신대입구,10817,11656,22473
202101,4호선,사당,13540,11448,24988
202101,4호선,남태령,506,427,933
202101,4호선,당고개,7425,6956,14381
202101,4호선,상계,10576,10037,20613
202101,4호선,노원,11663,12680,24343
202101,4호선,창동,14588,15853,30441
202101,4호선,쌍문,16155,15148,31303
202101,4호선,선바위,3305,3096,6401
202101,4호선,경마공원,717,688,1405
202101,4호선,대공원,2085,2291,4376
202101,4호선,과천,3006,2710,5716
202101,4호선,정부과천청사,3675,3740,7415
202101,4호선,인덕원,10706,10473,21179
202101,4호선,평촌,6509,6577,13086
202101,4호선,범계,14097,13762,27859
202101,4호선,산본,8549,9301,17850
202101,4호선,대야미,2842,2455,5297
202101,4호선,반월,2564,2300,4864
202101,4호선,상록수,9119,9472,18591
202101,4호선,한대앞,4840,4840,9680
202101,4호선,중앙,10054,10617,20671
202101,4호선,고잔,4098,4038,8136
202101,4호선,초지,2130,2182,4312
202101,4호선,안산,7713,8062,15775
202101,4호선,신길온천,995,980,1975
202101,4호선,정왕,4333,4524,8857
202101,4호선,오이도,5058,5266,10324
202101,4호선,수리산,2149,1890,4039
202101,4호선,명동,5899,5841,11740
202101,4호선,수리산,1373,1372,2745
202101,4호선,오이도,3786,3589,7375
202101,4호선,정왕,3423,3749,7172
202101,4호선,신길온천,721,636,1357
202101,4호선,안산,7113,6451,13564
202101,4호선,초지,1439,1354,2793
202101,4호선,고잔,2776,2654,5430
202101,4호선,중앙,7267,6990,14257
202101,4호선,한대앞,3448,3368,6816
202101,4호선,상록수,6249,6255,12504
202101,4호선,반월,1637,1694,3331
202101,4호선,대야미,1915,1817,3732
202101,4호선,산본,5826,6282,12108
202101,4호선,혜화,11111,11198,22309
202101,4호선,범계,9477,8914,18391
202101,4호선,평촌,4288,4029,8317
202101,4호선,인덕원,6896,6828,13724
202101,4호선,정부과천청사,2435,2433,4868
202101,4호선,과천,1879,1873,3752
202101,4호선,대공원,1578,1716,3294
202101,4호선,경마공원,518,505,1023
202101,4호선,선바위,2203,2110,4313
202101,4호선,수유,13851,13207,27058
202101,4호선,미아,5359,5160,10519
202101,4호선,미아사거리,11176,10689,21865
202101,4호선,길음,6576,6558,13134
202101,4호선,성신여대입구,8145,8010,16155
202101,4호선,한성대입구,4852,4911,9763
202101,4호선,동대문,4101,4663,8764
202101,4호선,동대문역사문화공원,5518,5636,11154
202101,4호선,충무로,4564,4731,9295
202101,4호선,회현,5604,5670,11274
202101,4호선,서울역,2475,4866,7341
202101,4호선,숙대입구,3744,3724,7468
202101,4호선,삼각지,1170,1394,2564
202101,4호선,신용산,4409,4433,8842
202101,4호선,이촌,2031,2419,4450
202101,4호선,동작,929,973,1902
202101,4호선,총신대입구,6664,7326,13990
202101,4호선,사당,9083,8714,17797
202101,4호선,남태령,379,346,725
202101,4호선,당고개,5272,5000,10272
202101,4호선,상계,7120,6802,13922
202101,4호선,노원,7652,8315,15967
202101,4호선,창동,9719,10312,20031
202101,4호선,쌍문,10686,9844,20530
202101,4호선,수유,21797,21441,43238
202101,4호선,미아,9114,9015,18129
202101,4호선,미아사거리,17862,17605,35467
202101,4호선,길음,11165,10743,21908
202101,4호선,성신여대입구,13155,12533,25688
202101,4호선,한성대입구,8324,7970,16294
202101,4호선,혜화,17769,18099,35868
202101,4호선,동대문,10712,10764,21476
202101,4호선,동대문역사문화공원,8677,7411,16088
202101,4호선,충무로,9483,9893,19376
202101,4호선,명동,9068,10324,19392
202101,4호선,회현,13064,13846,26910
202101,4호선,서울역,3831,7331,11162
202101,4호선,숙대입구,6868,6582,13450
202101,4호선,삼각지,2116,2641,4757
202101,4호선,신용산,6822,7242,14064
202101,4호선,이촌,4388,4841,9229
202101,4호선,동작,1614,1682,3296
202101,4호선,총신대입구,11794,12693,24487
202101,4호선,사당,14793,13026,27819
202101,4호선,남태령,656,505,1161
202101,4호선,당고개,7922,7775,15697
202101,4호선,상계,11514,10886,22400
202101,4호선,노원,13209,14389,27598
202101,4호선,창동,16683,17563,34246
202101,4호선,쌍문,17520,16098,33618
202101,4호선,선바위,3849,3435,7284
202101,4호선,경마공원,866,841,1707
202101,4호선,대공원,2527,2711,5238
202101,4호선,과천,3085,2892,5977
202101,4호선,정부과천청사,3875,3912,7787
202101,4호선,인덕원,12096,11705,23801
202101,4호선,평촌,7090,7145,14235
202101,4호선,범계,15385,15031,30416
202101,4호선,산본,9610,10334,19944
202101,4호선,대야미,3063,2665,5728
202101,4호선,반월,2643,2562,5205
202101,4호선,상록수,9974,9951,19925
202101,4호선,한대앞,5359,5451,10810
202101,4호선,중앙,12526,12895,25421
202101,4호선,고잔,4779,4611,9390
202101,4호선,초지,2405,2437,4842
202101,4호선,안산,8134,8291,16425
202101,4호선,신길온천,1083,1061,2144
202101,4호선,정왕,4864,4816,9680
202101,4호선,오이도,5600,5880,11480
202101,4호선,수리산,2273,2131,4404
202101,4호선,수유,15410,14713,30123
202101,4호선,미아,6334,6077,12411
202101,4호선,미아사거리,12385,11814,24199
202101,4호선,길음,7425,7284,14709
202101,4호선,성신여대입구,9117,8934,18051
202101,4호선,한성대입구,5782,5659,11441
202101,4호선,혜화,13862,14090,27952
202101,4호선,동대문,4926,5494,10420
202101,4호선,동대문역사문화공원,6601,6639,13240
202101,4호선,충무로,5479,5512,10991
202101,4호선,명동,7064,7294,14358
202101,4호선,회현,6541,6609,13150
202101,4호선,서울역,2831,5452,8283
202101,4호선,숙대입구,4624,4571,9195
202101,4호선,삼각지,1340,1712,3052
202101,4호선,신용산,4933,4871,9804
202101,4호선,이촌,3186,3748,6934
202101,4호선,동작,1460,1454,2914
202101,4호선,총신대입구,7621,8367,15988
202101,4호선,사당,10169,9987,20156
202101,4호선,남태령,377,352,729
202101,4호선,당고개,6180,5958,12138
202101,4호선,상계,8095,7687,15782
202101,4호선,노원,8957,9626,18583
202101,4호선,창동,12012,12576,24588
202101,4호선,쌍문,12098,11044,23142
202101,4호선,선바위,2550,2488,5038
202101,4호선,경마공원,567,569,1136
202101,4호선,대공원,2814,2942,5756
202101,4호선,과천,2250,2004,4254
202101,4호선,정부과천청사,2767,2929,5696
202101,4호선,인덕원,8203,8032,16235
202101,4호선,평촌,4597,4492,9089
202101,4호선,범계,10510,10310,20820
202101,4호선,산본,6508,6865,13373
202101,4호선,대야미,2309,2116,4425
202101,4호선,반월,1945,1910,3855
202101,4호선,상록수,7067,6953,14020
202101,4호선,한대앞,3835,3707,7542
202101,4호선,중앙,8869,8521,17390
202101,4호선,고잔,3141,2977,6118
202101,4호선,초지,1597,1617,3214
202101,4호선,안산,7820,7038,14858
202101,4호선,신길온천,816,758,1574
202101,4호선,정왕,3656,3829,7485
202101,4호선,오이도,4409,4458,8867
202101,4호선,수리산,1604,1686,3290
202101,4호선,수유,21978,21740,43718
202101,4호선,미아,9298,8967,18265
202101,4호선,미아사거리,18168,17899,36067
202101,4호선,길음,11158,10717,21875
202101,4호선,성신여대입구,13678,13142,26820
202101,4호선,한성대입구,8406,7925,16331
202101,4호선,혜화,18151,18382,36533
202101,4호선,동대문,10646,10908,21554
202101,4호선,동대문역사문화공원,8896,7744,16640
202101,4호선,충무로,9606,9790,19396
202101,4호선,명동,9130,10183,19313
202101,4호선,회현,12903,13989,26892
202101,4호선,서울역,3937,7388,11325
202101,4호선,숙대입구,6857,6612,13469
202101,4호선,삼각지,2137,2550,4687
202101,4호선,신용산,7020,7439,14459
202101,4호선,이촌,4401,4816,9217
202101,4호선,동작,1506,1479,2985
202101,4호선,총신대입구,11778,12747,24525
202101,4호선,사당,14985,13060,28045
202101,4호선,남태령,587,470,1057
202101,4호선,당고개,8059,7621,15680
202101,4호선,상계,11434,10850,22284
202101,4호선,노원,13191,14558,27749
202101,4호선,창동,17130,18224,35354
202101,4호선,쌍문,17851,16468,34319
202101,4호선,선바위,3584,3386,6970
202101,4호선,경마공원,809,805,1614
202101,4호선,대공원,2176,2399,4575
202101,4호선,과천,3140,2911,6051
202101,4호선,정부과천청사,4032,4137,8169
202101,4호선,인덕원,12095,11873,23968
202101,4호선,평촌,7402,7383,14785
202101,4호선,범계,15812,15304,31116
202101,4호선,산본,9758,10396,20154
202101,4호선,대야미,3129,2664,5793
202101,4호선,반월,2769,2500,5269
202101,4호선,상록수,9997,10039,20036
202101,4호선,한대앞,5383,5393,10776
202101,4호선,중앙,11874,12467,24341
202101,4호선,고잔,4641,4606,9247
202101,4호선,초지,2517,2506,5023
202101,4호선,안산,8090,8526,16616
202101,4호선,신길온천,1091,1060,2151
202101,4호선,정왕,4719,4903,9622
202101,4호선,오이도,5599,5720,11319
202101,4호선,수리산,2266,2011,4277
202101,4호선,수유,15871,15022,30893
202101,4호선,미아,6584,6310,12894
202101,4호선,미아사거리,12933,12249,25182
202101,4호선,길음,7702,7501,15203
202101,4호선,성신여대입구,9520,9032,18552
202101,4호선,한성대입구,5660,5806,11466
202101,4호선,혜화,13961,14574,28535
202101,4호선,동대문,4827,5391,10218
202101,4호선,동대문역사문화공원,6376,6469,12845
202101,4호선,충무로,5355,5421,10776
202101,4호선,명동,7177,7299,14476
202101,4호선,회현,6259,6476,12735
202101,4호선,서울역,2914,5509,8423
202101,4호선,숙대입구,4796,4690,9486
202101,4호선,삼각지,1358,1697,3055
202101,4호선,신용산,5111,5252,10363
202101,4호선,이촌,3040,3522,6562
202101,4호선,동작,1334,1322,2656
202101,4호선,총신대입구,7911,8631,16542
202101,4호선,사당,10449,10214,20663
202101,4호선,남태령,397,337,734
202101,4호선,당고개,6075,5771,11846
202101,4호선,상계,8236,7817,16053
202101,4호선,노원,9021,9783,18804
202101,4호선,창동,12534,13135,25669
202101,4호선,쌍문,12618,11373,23991
202101,4호선,선바위,2465,2338,4803
202101,4호선,경마공원,601,550,1151
202101,4호선,대공원,2522,2748,5270
202101,4호선,과천,2410,2134,4544
202101,4호선,정부과천청사,2884,2952,5836
202101,4호선,인덕원,8022,8027,16049
202101,4호선,평촌,4738,4503,9241
202101,4호선,범계,10506,10342,20848
202101,4호선,산본,6767,7197,13964
202101,4호선,대야미,2363,2109,4472
202101,4호선,반월,1831,1852,3683
202101,4호선,상록수,7246,7166,14412
202101,4호선,한대앞,3852,3652,7504
202101,4호선,중앙,8679,8532,17211
202101,4호선,고잔,3159,3006,6165
202101,4호선,초지,1730,1663,3393
202101,4호선,안산,7607,6960,14567
202101,4호선,신길온천,888,791,1679
202101,4호선,정왕,3607,3867,7474
202101,4호선,오이도,4297,4240,8537
202101,4호선,수리산,1598,1613,3211
202102,4호선,수유,23014,22581,45595
202102,4호선,미아,9707,9470,19177
202102,4호선,미아사거리,19101,18565,37666
202102,4호선,길음,11749,11591,23340
202102,4호선,성신여대입구,13939,13117,27056
202102,4호선,한성대입구,8728,8336,17064
202102,4호선,혜화,19618,19995,39613
202102,4호선,동대문,11245,11347,22592
202102,4호선,동대문역사문화공원,8965,7509,16474
202102,4호선,충무로,9467,9834,19301
202102,4호선,명동,9660,10991,20651
202102,4호선,회현,13451,14391,27842
202102,4호선,서울역,4050,7763,11813
202102,4호선,숙대입구,7515,7526,15041
202102,4호선,삼각지,2163,2724,4887
202102,4호선,신용산,7367,7813,15180
202102,4호선,이촌,4722,5203,9925
202102,4호선,동작,1769,1750,3519
202102,4호선,총신대입구,12529,13455,25984
202102,4호선,사당,15875,13981,29856
202102,4호선,남태령,773,590,1363
202102,4호선,당고개,8372,8077,16449
202102,4호선,상계,12003,11467,23470
202102,4호선,노원,13756,14665,28421
202102,4호선,창동,17892,18950,36842
202102,4호선,쌍문,19036,17587,36623
202102,4호선,선바위,3996,3589,7585
202102,4호선,경마공원,829,823,1652
202102,4호선,대공원,2814,3032,5846
202102,4호선,과천,3493,3214,6707
202102,4호선,정부과천청사,4428,4509,8937
202102,4호선,인덕원,12433,12496,24929
202102,4호선,평촌,7573,7463,15036
202102,4호선,범계,16378,15912,32290
202102,4호선,수리산,2441,2122,4563
202102,4호선,오이도,6178,6282,12460
202102,4호선,정왕,5029,5019,10048
202102,4호선,신길온천,1117,1097,2214
202102,4호선,안산,8255,8084,16339
202102,4호선,초지,2532,2715,5247
202102,4호선,고잔,4847,4672,9519
202102,4호선,중앙,12443,12908,25351
202102,4호선,한대앞,5704,5660,11364
202102,4호선,상록수,10431,10563,20994
202102,4호선,반월,2855,2635,5490
202102,4호선,대야미,3303,2819,6122
202102,4호선,산본,10250,11043,21293
202102,4호선,수리산,1653,1540,3193
202102,4호선,오이도,4503,4371,8874
202102,4호선,정왕,3945,4191,8136
202102,4호선,신길온천,840,829,1669
202102,4호선,안산,7507,6985,14492
202102,4호선,초지,1718,1729,3447
202102,4호선,고잔,3118,3042,6160
202102,4호선,중앙,8859,8772,17631
202102,4호선,한대앞,4002,3960,7962
202102,4호선,상록수,7588,7429,15017
202102,4호선,반월,1908,1892,3800
202102,4호선,대야미,2183,2089,4272
202102,4호선,산본,6871,7195,14066
202102,4호선,범계,11332,10890,22222
202102,4호선,평촌,4778,4602,9380
202102,4호선,인덕원,8543,8501,17044
202102,4호선,정부과천청사,2946,3162,6108
202102,4호선,과천,2345,2211,4556
202102,4호선,대공원,2174,2317,4491
202102,4호선,경마공원,488,460,948
202102,4호선,선바위,2639,2503,5142
202102,4호선,쌍문,13123,12006,25129
202102,4호선,창동,12898,13545,26443
202102,4호선,노원,9324,10062,19386
202102,4호선,상계,8544,7967,16511
202102,4호선,당고개,6154,5930,12084
202102,4호선,남태령,468,387,855
202102,4호선,사당,10582,10335,20917
202102,4호선,총신대입구,8106,9018,17124
202102,4호선,동작,1242,1222,2464
202102,4호선,이촌,3556,3899,7455
202102,4호선,신용산,5348,5430,10778
202102,4호선,삼각지,1382,1792,3174
202102,4호선,숙대입구,5117,4937,10054
202102,4호선,서울역,2958,5825,8783
202102,4호선,회현,6664,6752,13416
202102,4호선,명동,7082,7007,14089
202102,4호선,충무로,5645,5634,11279
202102,4호선,동대문역사문화공원,6551,6516,13067
202102,4호선,동대문,4985,5609,10594
202102,4호선,혜화,15451,15640,31091
202102,4호선,한성대입구,6230,6119,12349
202102,4호선,성신여대입구,10030,9586,19616
202102,4호선,길음,7893,7891,15784
202102,4호선,미아사거리,13316,12529,25845
202102,4호선,미아,6772,6682,13454
202102,4호선,수유,16346,15695,32041
202102,4호선,수유,16234,16477,32711
202102,4호선,미아,6252,5921,12173
202102,4호선,미아사거리,12925,12656,25581
202102,4호선,길음,7575,7307,14882
202102,4호선,성신여대입구,9358,9693,19051
202102,4호선,한성대입구,5575,5735,11310
202102,4호선,혜화,14302,15436,29738
202102,4호선,동대문,4986,5140,10126
202102,4호선,동대문역사문화공원,6311,5762,12073
202102,4호선,충무로,5760,6165,11925
202102,4호선,명동,8787,9579,18366
202102,4호선,회현,6688,7183,13871
202102,4호선,서울역,2849,5304,8153
202102,4호선,숙대입구,4239,4272,8511
202102,4호선,삼각지,1289,1841,3130
202102,4호선,신용산,5640,5229,10869
202102,4호선,이촌,3476,3816,7292
202102,4호선,동작,1510,1578,3088
202102,4호선,총신대입구,7809,8666,16475
202102,4호선,사당,10423,9835,20258
202102,4호선,남태령,440,395,835
202102,4호선,당고개,6306,5928,12234
202102,4호선,상계,8618,7794,16412
202102,4호선,노원,10162,11073,21235
202102,4호선,창동,11805,12497,24302
202102,4호선,쌍문,12776,11493,24269
202102,4호선,선바위,2660,2379,5039
202102,4호선,경마공원,385,347,732
202102,4호선,대공원,3815,4015,7830
202102,4호선,과천,2544,2122,4666
202102,4호선,정부과천청사,3209,3230,6439
202102,4호선,인덕원,8932,8798,17730
202102,4호선,평촌,4866,4943,9809
202102,4호선,범계,12367,11769,24136
202102,4호선,산본,7682,8164,15846
202102,4호선,대야미,2561,2196,4757
202102,4호선,반월,2148,1989,4137
202102,4호선,상록수,8034,7766,15800
202102,4호선,한대앞,4066,4028,8094
202102,4호선,중앙,10417,10167,20584
202102,4호선,고잔,3518,3212,6730
202102,4호선,초지,1963,1838,3801
202102,4호선,안산,9208,8977,18185
202102,4호선,신길온천,950,902,1852
202102,4호선,정왕,4026,4601,8627
202102,4호선,오이도,6377,6505,12882
202102,4호선,수리산,1811,1788,3599
202102,4호선,범계,11355,10767,22122
202102,4호선,평촌,4669,4562,9231
202102,4호선,인덕원,8314,8352,16666
202102,4호선,정부과천청사,2991,3180,6171
202102,4호선,과천,2470,2119,4589
202102,4호선,대공원,2814,3005,5819
202102,4호선,경마공원,440,411,851
202102,4호선,선바위,2595,2399,4994
202102,4호선,쌍문,12392,11359,23751
202102,4호선,창동,11531,12071,23602
202102,4호선,노원,9613,10244,19857
202102,4호선,상계,8414,7735,16149
202102,4호선,당고개,6298,5901,12199
202102,4호선,남태령,433,392,825
202102,4호선,사당,10243,10275,20518
202102,4호선,총신대입구,7462,8335,15797
202102,4호선,동작,1298,1310,2608
202102,4호선,이촌,3136,3581,6717
202102,4호선,신용산,5494,5179,10673
202102,4호선,삼각지,1293,1772,3065
202102,4호선,숙대입구,4558,4633,9191
202102,4호선,서울역,2817,5259,8076
202102,4호선,회현,6249,6477,12726
202102,4호선,명동,7534,7935,15469
202102,4호선,충무로,5282,5619,10901
202102,4호선,동대문역사문화공원,6228,5494,11722
202102,4호선,동대문,4610,4486,9096
202102,4호선,혜화,14461,15648,30109
202102,4호선,한성대입구,5725,5981,11706
202102,4호선,성신여대입구,9375,9837,19212
202102,4호선,길음,7293,7357,14650
202102,4호선,미아사거리,12696,12191,24887
202102,4호선,미아,6183,6128,12311
202102,4호선,수유,15736,15732,31468
202102,4호선,산본,6802,7387,14189
202102,4호선,대야미,2288,2129,4417
202102,4호선,반월,1988,2047,4035
202102,4호선,상록수,7684,7313,14997
202102,4호선,한대앞,3951,3842,7793
202102,4호선,중앙,9942,9468,19410
202102,4호선,고잔,3327,3116,6443
202102,4호선,초지,1914,1765,3679
202102,4호선,안산,8607,7395,16002
202102,4호선,신길온천,922,817,1739
202102,4호선,정왕,4067,4506,8573
202102,4호선,오이도,4987,4894,9881
202102,4호선,수리산,1631,1541,3172
202102,4호선,선바위,4452,4018,8470
202102,4호선,경마공원,963,936,1899
202102,4호선,대공원,3565,3909,7474
202102,4호선,과천,3868,3322,7190
202102,4호선,정부과천청사,5025,5202,10227
202102,4호선,인덕원,13628,13146,26774
202102,4호선,평촌,8406,8246,16652
202102,4호선,범계,18055,17858,35913
202102,4호선,산본,11243,11925,23168
202102,4호선,대야미,3698,3191,6889
202102,4호선,반월,2961,2756,5717
202102,4호선,상록수,11300,11250,22550
202102,4호선,한대앞,6017,6061,12078
202102,4호선,중앙,13995,14414,28409
202102,4호선,고잔,5560,5398,10958
202102,4호선,초지,2875,2931,5806
202102,4호선,안산,8523,8558,17081
202102,4호선,신길온천,1248,1199,2447
202102,4호선,정왕,5166,5306,10472
202102,4호선,오이도,6802,6989,13791
202102,4호선,수리산,2554,2241,4795
202102,4호선,쌍문,19805,18142,37947
202102,4호선,창동,17927,19001,36928
202102,4호선,노원,15040,16456,31496
202102,4호선,상계,12751,12020,24771
202102,4호선,당고개,9014,8500,17514
202102,4호선,남태령,788,573,1361
202102,4호선,사당,17148,14858,32006
202102,4호선,총신대입구,12954,14197,27151
202102,4호선,동작,2006,1984,3990
202102,4호선,이촌,5223,5840,11063
202102,4호선,신용산,8019,8695,16714
202102,4호선,삼각지,2514,3181,5695
202102,4호선,숙대입구,8024,7995,16019
202102,4호선,서울역,4532,9068,13600
202102,4호선,회현,15310,16695,32005
202102,4호선,명동,11217,12879,24096
202102,4호선,충무로,11097,11722,22819
202102,4호선,동대문역사문화공원,9311,8121,17432
202102,4호선,동대문,12914,13053,25967
202102,4호선,혜화,22521,22866,45387
202102,4호선,한성대입구,9232,8838,18070
202102,4호선,성신여대입구,15276,14356,29632
202102,4호선,길음,12462,11700,24162
202102,4호선,미아사거리,20261,19685,39946
202102,4호선,미아,10103,9698,19801
202102,4호선,수유,24500,24015,48515
202102,4호선,노원,10237,11229,21466
202102,4호선,수리산,1828,1864,3692
202102,4호선,오이도,5610,5463,11073
202102,4호선,정왕,4021,4294,8315
202102,4호선,신길온천,951,947,1898
202102,4호선,안산,8121,7419,15540
202102,4호선,초지,1980,1994,3974
202102,4호선,고잔,3532,3584,7116
202102,4호선,중앙,10416,10468,20884
202102,4호선,한대앞,4513,4377,8890
202102,4호선,상록수,8112,7868,15980
202102,4호선,반월,2188,2234,4422
202102,4호선,대야미,2769,2453,5222
202102,4호선,산본,7684,8213,15897
202102,4호선,범계,12538,12033,24571
202102,4호선,평촌,5247,5036,10283
202102,4호선,인덕원,9404,9310,18714
202102,4호선,정부과천청사,3407,3649,7056
202102,4호선,과천,2767,2507,5274
202102,4호선,대공원,3863,3997,7860
202102,4호선,경마공원,773,772,1545
202102,4호선,선바위,2991,2857,5848
202102,4호선,쌍문,14008,12639,26647
202102,4호선,창동,13187,13747,26934
202102,4호선,상계,9042,8517,17559
202102,4호선,당고개,7093,6759,13852
202102,4호선,남태령,434,391,825
202102,4호선,사당,12075,11402,23477
202102,4호선,총신대입구,8874,9608,18482
202102,4호선,동작,1730,1734,3464
202102,4호선,이촌,3927,4570,8497
202102,4호선,신용산,5966,6176,12142
202102,4호선,삼각지,1564,2103,3667
202102,4호선,숙대입구,5802,5768,11570
202102,4호선,서울역,3334,6756,10090
202102,4호선,회현,7205,7386,14591
202102,4호선,명동,8715,8847,17562
202102,4호선,충무로,6578,6434,13012
202102,4호선,동대문역사문화공원,7127,7042,14169
202102,4호선,동대문,5796,6543,12339
202102,4호선,혜화,17821,18217,36038
202102,4호선,한성대입구,6477,6434,12911
202102,4호선,성신여대입구,10853,10505,21358
202102,4호선,길음,8632,8256,16888
202102,4호선,미아사거리,14260,13558,27818
202102,4호선,미아,7125,6796,13921
202102,4호선,수유,17563,16639,34202
202102,4호선,수유,24717,24343,49060
202102,4호선,미아,10268,9647,19915
202102,4호선,미아사거리,20725,19933,40658
202102,4호선,길음,13167,12300,25467
202102,4호선,성신여대입구,15588,14706,30294
202102,4호선,한성대입구,9727,9328,19055
202102,4호선,혜화,23939,24648,48587
202102,4호선,동대문,13590,13952,27542
202102,4호선,동대문역사문화공원,10555,9163,19718
202102,4호선,충무로,11616,12090,23706
202102,4호선,명동,12136,13652,25788
202102,4호선,회현,16300,17728,34028
202102,4호선,서울역,4746,11221,15967
202102,4호선,숙대입구,8049,7808,15857
202102,4호선,삼각지,2516,3267,5783
202102,4호선,신용산,8564,9269,17833
202102,4호선,이촌,5388,6069,11457
202102,4호선,동작,2267,2272,4539
202102,4호선,총신대입구,13522,14597,28119
202102,4호선,사당,18199,15623,33822
202102,4호선,남태령,913,651,1564
202102,4호선,당고개,9073,8558,17631
202102,4호선,상계,13038,12357,25395
202102,4호선,노원,15499,16651,32150
202102,4호선,창동,18566,19559,38125
202102,4호선,쌍문,20433,18513,38946
202102,4호선,선바위,4871,4053,8924
202102,4호선,경마공원,996,974,1970
202102,4호선,대공원,4721,5055,9776
202102,4호선,과천,4024,3541,7565
202102,4호선,정부과천청사,5261,5261,10522
202102,4호선,인덕원,14523,13797,28320
202102,4호선,평촌,8590,8502,17092
202102,4호선,범계,18781,18202,36983
202102,4호선,산본,11777,12421,24198
202102,4호선,대야미,3792,3214,7006
202102,4호선,반월,3261,3066,6327
202102,4호선,상록수,11669,11750,23419
202102,4호선,한대앞,6394,6395,12789
202102,4호선,중앙,14970,15627,30597
202102,4호선,고잔,5973,5919,11892
202102,4호선,초지,3045,3070,6115
202102,4호선,안산,9428,9569,18997
202102,4호선,신길온천,1304,1237,2541
202102,4호선,정왕,5633,5729,11362
202102,4호선,오이도,7602,7938,15540
202102,4호선,수리산,2630,2542,5172
202102,4호선,수유,18897,18332,37229
202102,4호선,미아,7727,7220,14947
202102,4호선,미아사거리,15218,14525,29743
202102,4호선,길음,9034,8877,17911
202102,4호선,성신여대입구,11846,11251,23097
202102,4호선,한성대입구,7204,7159,14363
202102,4호선,혜화,20026,20757,40783
202102,4호선,동대문,6888,7484,14372
202102,4호선,동대문역사문화공원,8349,8529,16878
202102,4호선,충무로,7473,7516,14989
202102,4호선,명동,10121,10754,20875
202102,4호선,회현,8105,8645,16750
202102,4호선,서울역,3625,7576,11201
202102,4호선,숙대입구,6317,5997,12314
202102,4호선,삼각지,1779,2366,4145
202102,4호선,신용산,6363,6537,12900
202102,4호선,이촌,4032,4600,8632
202102,4호선,동작,1597,1670,3267
202102,4호선,총신대입구,9527,10381,19908
202102,4호선,사당,13369,12384,25753
202102,4호선,남태령,615,478,1093
202102,4호선,당고개,7392,7001,14393
202102,4호선,상계,9804,9170,18974
202102,4호선,노원,11486,12588,24074
202102,4호선,창동,14144,14850,28994
202102,4호선,쌍문,15249,13842,29091
202102,4호선,선바위,3351,3086,6437
202102,4호선,경마공원,862,823,1685
202102,4호선,대공원,4646,4844,9490
202102,4호선,과천,3039,2686,5725
202102,4호선,정부과천청사,3877,4010,7887
202102,4호선,인덕원,10543,10217,20760
202102,4호선,평촌,5796,5699,11495
202102,4호선,범계,13810,13229,27039
202102,4호선,산본,8403,8869,17272
202102,4호선,대야미,2838,2553,5391
202102,4호선,반월,2413,2294,4707
202102,4호선,상록수,8716,8689,17405
202102,4호선,한대앞,4803,4819,9622
202102,4호선,중앙,11403,11647,23050
202102,4호선,고잔,3997,3994,7991
202102,4호선,초지,2238,2196,4434
202102,4호선,안산,9284,8624,17908
202102,4호선,신길온천,1013,984,1997
202102,4호선,정왕,4637,4782,9419
202102,4호선,오이도,6531,6582,13113
202102,4호선,수리산,2027,2030,4057
202103,4호선,수유,25366,24650,50016
202103,4호선,미아,10324,9881,20205
202103,4호선,미아사거리,20700,20178,40878
202103,4호선,길음,13068,12537,25605
202103,4호선,성신여대입구,16059,15295,31354
202103,4호선,한성대입구,10021,9540,19561
202103,4호선,혜화,23910,24296,48206
202103,4호선,동대문,13892,13922,27814
202103,4호선,동대문역사문화공원,10778,9029,19807
202103,4호선,충무로,12070,12329,24399
202103,4호선,명동,11637,13190,24827
202103,4호선,회현,16938,18026,34964
202103,4호선,서울역,4944,9390,14334
202103,4호선,숙대입구,8632,8300,16932
202103,4호선,삼각지,2648,3557,6205
202103,4호선,신용산,8296,9076,17372
202103,4호선,이촌,5245,5942,11187
202103,4호선,동작,1957,2065,4022
202103,4호선,총신대입구,14136,15171,29307
202103,4호선,사당,18761,16036,34797
202103,4호선,남태령,909,727,1636
202103,4호선,당고개,9384,8881,18265
202103,4호선,상계,13404,12601,26005
202103,4호선,노원,15398,16525,31923
202103,4호선,창동,18803,19968,38771
202103,4호선,쌍문,20219,18452,38671
202103,4호선,선바위,4836,4156,8992
202103,4호선,경마공원,1016,996,2012
202103,4호선,대공원,4247,4580,8827
202103,4호선,과천,3924,3513,7437
202103,4호선,정부과천청사,5506,5591,11097
202103,4호선,인덕원,14323,13873,28196
202103,4호선,평촌,8421,8233,16654
202103,4호선,범계,19038,18400,37438
202103,4호선,산본,11745,12513,24258
202103,4호선,대야미,3827,3290,7117
202103,4호선,반월,3154,2975,6129
202103,4호선,상록수,11958,11783,23741
202103,4호선,한대앞,6750,6705,13455
202103,4호선,중앙,14984,15492,30476
202103,4호선,고잔,5717,5775,11492
202103,4호선,초지,2950,3034,5984
202103,4호선,안산,8961,8904,17865
202103,4호선,신길온천,1321,1308,2629
202103,4호선,정왕,5715,5757,11472
202103,4호선,오이도,6958,7387,14345
202103,4호선,수리산,2685,2453,5138
202103,4호선,수리산,1972,1981,3953
202103,4호선,오이도,5534,5414,10948
202103,4호선,정왕,4319,5034,9353
202103,4호선,신길온천,1043,1021,2064
202103,4호선,안산,8451,7962,16413
202103,4호선,초지,2059,1955,4014
202103,4호선,고잔,4077,3951,8028
202103,4호선,중앙,10755,10571,21326
202103,4호선,한대앞,4790,4663,9453
202103,4호선,상록수,8617,8380,16997
202103,4호선,반월,2243,2359,4602
202103,4호선,대야미,2897,2555,5452
202103,4호선,산본,8026,8585,16611
202103,4호선,범계,13321,12605,25926
202103,4호선,평촌,5702,5475,11177
202103,4호선,인덕원,9967,9701,19668
202103,4호선,정부과천청사,3673,4074,7747
202103,4호선,과천,2925,2682,5607
202103,4호선,대공원,3987,4094,8081
202103,4호선,경마공원,854,895,1749
202103,4호선,선바위,3291,3135,6426
202103,4호선,쌍문,14944,13501,28445
202103,4호선,창동,14203,14964,29167
202103,4호선,노원,10866,11696,22562
202103,4호선,상계,9843,9134,18977
202103,4호선,당고개,7324,6866,14190
202103,4호선,남태령,774,692,1466
202103,4호선,사당,13208,12372,25580
202103,4호선,총신대입구,9367,10258,19625
202103,4호선,동작,1741,1756,3497
202103,4호선,이촌,3942,4554,8496
202103,4호선,신용산,6268,6480,12748
202103,4호선,삼각지,1766,2292,4058
202103,4호선,숙대입구,6157,5909,12066
202103,4호선,서울역,3335,6719,10054
202103,4호선,회현,7246,7454,14700
202103,4호선,명동,8686,8799,17485
202103,4호선,충무로,7184,7403,14587
202103,4호선,동대문역사문화공원,7860,7725,15585
202103,4호선,동대문,6589,7416,14005
202103,4호선,혜화,18079,18605,36684
202103,4호선,한성대입구,6918,6993,13911
202103,4호선,성신여대입구,11611,11140,22751
202103,4호선,길음,9021,8903,17924
202103,4호선,미아사거리,15066,14318,29384
202103,4호선,미아,7322,7051,14373
202103,4호선,수유,18539,17695,36234
202103,4호선,산본,11851,12661,24512
202103,4호선,대야미,3912,3412,7324
202103,4호선,반월,3402,3124,6526
202103,4호선,상록수,11966,12158,24124
202103,4호선,한대앞,6762,6729,13491
202103,4호선,중앙,15306,15767,31073
202103,4호선,고잔,5884,5847,11731
202103,4호선,동대문,14431,14715,29146
202103,4호선,초지,3149,3141,6290
202103,4호선,안산,9426,9468,18894
202103,4호선,신길온천,1450,1340,2790
202103,4호선,정왕,5990,5947,11937
202103,4호선,오이도,7459,7716,15175
202103,4호선,수리산,2798,2616,5414
202103,4호선,수유,25946,25324,51270
202103,4호선,미아,10435,9953,20388
202103,4호선,미아사거리,21057,20575,41632
202103,4호선,길음,13437,12482,25919
202103,4호선,성신여대입구,16385,15425,31810
202103,4호선,한성대입구,10132,9709,19841
202103,4호선,혜화,24520,24995,49515
202103,4호선,동대문역사문화공원,10934,9241,20175
202103,4호선,충무로,12390,12752,25142
202103,4호선,명동,11519,13022,24541
202103,4호선,회현,16598,17889,34487
202103,4호선,서울역,4906,9748,14654
202103,4호선,숙대입구,8477,8155,16632
202103,4호선,삼각지,2744,3455,6199
202103,4호선,신용산,8676,9227,17903
202103,4호선,이촌,5353,6022,11375
202103,4호선,동작,2207,2296,4503
202103,4호선,총신대입구,14100,15190,29290
202103,4호선,사당,19090,16636,35726
202103,4호선,남태령,1059,818,1877
202103,4호선,당고개,9846,9436,19282
202103,4호선,상계,13424,12615,26039
202103,4호선,노원,15724,17291,33015
202103,4호선,창동,19369,20508,39877
202103,4호선,쌍문,20743,18832,39575
202103,4호선,선바위,4937,4413,9350
202103,4호선,경마공원,976,983,1959
202103,4호선,대공원,4694,4981,9675
202103,4호선,과천,4162,3684,7846
202103,4호선,정부과천청사,5568,5678,11246
202103,4호선,인덕원,14895,14180,29075
202103,4호선,평촌,8465,8474,16939
202103,4호선,범계,19309,18833,38142
202103,4호선,한대앞,4776,4731,9507
202103,4호선,쌍문,14344,13055,27399
202103,4호선,창동,14015,14813,28828
202103,4호선,노원,11055,11859,22914
202103,4호선,상계,9623,9124,18747
202103,4호선,당고개,7525,7020,14545
202103,4호선,남태령,587,523,1110
202103,4호선,사당,13072,12183,25255
202103,4호선,총신대입구,9253,10204,19457
202103,4호선,동작,1595,1633,3228
202103,4호선,이촌,3971,4600,8571
202103,4호선,신용산,6545,6624,13169
202103,4호선,삼각지,1766,2329,4095
202103,4호선,숙대입구,6261,5959,12220
202103,4호선,서울역,3626,7149,10775
202103,4호선,회현,7531,7842,15373
202103,4호선,명동,8688,9002,17690
202103,4호선,충무로,7352,7319,14671
202103,4호선,동대문역사문화공원,7873,7893,15766
202103,4호선,동대문,6814,7468,14282
202103,4호선,혜화,19636,20368,40004
202103,4호선,한성대입구,7085,7116,14201
202103,4호선,성신여대입구,12044,11483,23527
202103,4호선,길음,9205,9132,18337
202103,4호선,미아사거리,14992,14454,29446
202103,4호선,미아,7505,7084,14589
202103,4호선,수유,18946,17757,36703
202103,4호선,산본,8367,8716,17083
202103,4호선,대야미,2923,2593,5516
202103,4호선,반월,2297,2313,4610
202103,4호선,범계,13610,12807,26417
202103,4호선,평촌,5693,5530,11223
202103,4호선,인덕원,10295,10144,20439
202103,4호선,정부과천청사,3847,4025,7872
202103,4호선,과천,2836,2543,5379
202103,4호선,대공원,3858,4130,7988
202103,4호선,경마공원,918,872,1790
202103,4호선,선바위,3360,3100,6460
202103,4호선,수리산,1931,1935,3866
202103,4호선,오이도,5888,5766,11654
202103,4호선,정왕,4649,5348,9997
202103,4호선,신길온천,1029,964,1993
202103,4호선,안산,8945,8281,17226
202103,4호선,초지,2243,2108,4351
202103,4호선,고잔,4038,3947,7985
202103,4호선,상록수,8737,8589,17326
202103,4호선,중앙,11335,11310,22645
202103,4호선,수리산,2503,2120,4623
202103,4호선,오이도,6323,6467,12790
202103,4호선,정왕,5575,5711,11286
202103,4호선,신길온천,1178,1160,2338
202103,4호선,안산,8489,8894,17383
202103,4호선,초지,2827,2875,5702
202103,4호선,고잔,5607,5629,11236
202103,4호선,중앙,13771,14313,28084
202103,4호선,한대앞,6216,6355,12571
202103,4호선,상록수,10991,10924,21915
202103,4호선,반월,3002,2735,5737
202103,4호선,대야미,3357,2899,6256
202103,4호선,산본,10813,11545,22358
202103,4호선,범계,18092,17602,35694
202103,4호선,평촌,8519,8288,16807
202103,4호선,인덕원,13439,13293,26732
202103,4호선,정부과천청사,4788,4809,9597
202103,4호선,과천,3458,3276,6734
202103,4호선,대공원,1976,2177,4153
202103,4호선,경마공원,807,804,1611
202103,4호선,선바위,4457,3942,8399
202103,4호선,수유,23874,23743,47617
202103,4호선,미아,9834,9378,19212
202103,4호선,미아사거리,20115,19623,39738
202103,4호선,길음,12690,11801,24491
202103,4호선,성신여대입구,15152,14375,29527
202103,4호선,한성대입구,9316,8950,18266
202103,4호선,혜화,23023,23846,46869
202103,4호선,동대문,12299,12516,24815
202103,4호선,동대문역사문화공원,9589,8381,17970
202103,4호선,충무로,11307,11586,22893
202103,4호선,명동,10113,11554,21667
202103,4호선,회현,14496,15319,29815
202103,4호선,서울역,4585,9501,14086
202103,4호선,숙대입구,8245,7916,16161
202103,4호선,삼각지,2648,3393,6041
202103,4호선,신용산,8317,8858,17175
202103,4호선,이촌,5192,5678,10870
202103,4호선,동작,1483,1581,3064
202103,4호선,총신대입구,12605,13624,26229
202103,4호선,사당,17782,15228,33010
202103,4호선,남태령,789,562,1351
202103,4호선,당고개,8580,8276,16856
202103,4호선,상계,12420,11712,24132
202103,4호선,노원,14468,15722,30190
202103,4호선,창동,17319,18275,35594
202103,4호선,쌍문,19250,17490,36740
202103,4호선,수유,18552,17918,36470
202103,4호선,미아,7507,7304,14811
202103,4호선,미아사거리,15221,14608,29829
202103,4호선,길음,9359,9086,18445
202103,4호선,성신여대입구,11754,11603,23357
202103,4호선,한성대입구,7156,7127,14283
202103,4호선,혜화,18996,19703,38699
202103,4호선,동대문,6477,7069,13546
202103,4호선,동대문역사문화공원,7989,7691,15680
202103,4호선,충무로,7602,7686,15288
202103,4호선,명동,9108,9157,18265
202103,4호선,회현,7518,7530,15048
202103,4호선,서울역,3670,7701,11371
202103,4호선,숙대입구,6280,6078,12358
202103,4호선,삼각지,1828,2387,4215
202103,4호선,신용산,6795,6901,13696
202103,4호선,이촌,3913,4536,8449
202103,4호선,동작,1518,1544,3062
202103,4호선,총신대입구,9339,10175,19514
202103,4호선,사당,13405,12731,26136
202103,4호선,남태령,560,456,1016
202103,4호선,당고개,7321,6915,14236
202103,4호선,상계,9553,9074,18627
202103,4호선,노원,10847,11565,22412
202103,4호선,창동,13843,14570,28413
202103,4호선,쌍문,14672,13422,28094
202103,4호선,선바위,3302,3099,6401
202103,4호선,경마공원,873,890,1763
202103,4호선,대공원,3583,3814,7397
202103,4호선,과천,2891,2571,5462
202103,4호선,정부과천청사,3740,4043,7783
202103,4호선,인덕원,10042,9963,20005
202103,4호선,평촌,5494,5343,10837
202103,4호선,범계,13181,12425,25606
202103,4호선,산본,8104,8560,16664
202103,4호선,대야미,2830,2601,5431
202103,4호선,반월,2278,2327,4605
202103,4호선,상록수,8611,8538,17149
202103,4호선,한대앞,4883,4801,9684
202103,4호선,중앙,11369,11230,22599
202103,4호선,고잔,4191,4106,8297
202103,4호선,초지,2093,2045,4138
202103,4호선,안산,9334,8344,17678
202103,4호선,신길온천,1030,951,1981
202103,4호선,정왕,4687,5280,9967
202103,4호선,오이도,5551,5548,11099
202103,4호선,수리산,1983,1959,3942
202103,4호선,수리산,2412,2121,4533
202103,4호선,오이도,6199,6385,12584
202103,4호선,정왕,5380,5519,10899
202103,4호선,신길온천,1105,1107,2212
202103,4호선,안산,8199,8570,16769
202103,4호선,초지,2823,2878,5701
202103,4호선,고잔,5585,5556,11141
202103,4호선,중앙,13702,14001,27703
202103,4호선,한대앞,6197,6114,12311
202103,4호선,상록수,10866,10925,21791
202103,4호선,반월,2987,2794,5781
202103,4호선,대야미,3359,2970,6329
202103,4호선,산본,10904,11476,22380
202103,4호선,범계,18277,17704,35981
202103,4호선,평촌,8233,8217,16450
202103,4호선,인덕원,13639,13637,27276
202103,4호선,정부과천청사,5192,5102,10294
202103,4호선,과천,3859,3656,7515
202103,4호선,대공원,2563,2776,5339
202103,4호선,경마공원,881,864,1745
202103,4호선,선바위,4514,3983,8497
202103,4호선,수유,24120,23797,47917
202103,4호선,미아,9737,9388,19125
202103,4호선,미아사거리,19943,19455,39398
202103,4호선,길음,12871,12290,25161
202103,4호선,성신여대입구,15147,14490,29637
202103,4호선,한성대입구,9341,8955,18296
202103,4호선,혜화,23229,23371,46600
202103,4호선,동대문,12529,12513,25042
202103,4호선,동대문역사문화공원,10164,8526,18690
202103,4호선,충무로,11911,12081,23992
202103,4호선,명동,9908,11216,21124
202103,4호선,회현,15394,15569,30963
202103,4호선,서울역,4752,10188,14940
202103,4호선,숙대입구,8299,8049,16348
202103,4호선,삼각지,2695,3595,6290
202103,4호선,신용산,8009,8843,16852
202103,4호선,이촌,5360,5891,11251
202103,4호선,동작,1510,1581,3091
202103,4호선,총신대입구,12634,13622,26256
202103,4호선,사당,18154,15611,33765
202103,4호선,남태령,885,684,1569
202103,4호선,당고개,8682,8280,16962
202103,4호선,상계,12415,11933,24348
202103,4호선,노원,14834,15793,30627
202103,4호선,창동,17262,18499,35761
202103,4호선,쌍문,19501,17975,37476
202103,4호선,산본,7195,7875,15070
202103,4호선,대야미,2445,2206,4651
202103,4호선,반월,2061,2068,4129
202103,4호선,상록수,7940,7855,15795
202103,4호선,한대앞,4425,4409,8834
202103,4호선,중앙,10322,10336,20658
202103,4호선,고잔,3920,3905,7825
202103,4호선,초지,1956,1872,3828
202103,4호선,안산,8374,7656,16030
202103,4호선,신길온천,957,823,1780
202103,4호선,정왕,4455,5113,9568
202103,4호선,오이도,4645,4649,9294
202103,4호선,수리산,1673,1527,3200
202103,4호선,쌍문,13454,12373,25827
202103,4호선,창동,12595,13103,25698
202103,4호선,노원,10596,11155,21751
202103,4호선,상계,8456,8030,16486
202103,4호선,당고개,6443,6194,12637
202103,4호선,남태령,485,435,920
202103,4호선,사당,12172,11371,23543
202103,4호선,총신대입구,8632,9274,17906
202103,4호선,동작,1329,1393,2722
202103,4호선,이촌,3881,4302,8183
202103,4호선,신용산,6332,6179,12511
202103,4호선,삼각지,1764,2263,4027
202103,4호선,숙대입구,6045,5896,11941
202103,4호선,서울역,3470,7220,10690
202103,4호선,회현,6700,6782,13482
202103,4호선,명동,8077,8215,16292
202103,4호선,충무로,6906,6977,13883
202103,4호선,동대문역사문화공원,7171,6999,14170
202103,4호선,동대문,5357,5924,11281
202103,4호선,혜화,17516,18218,35734
202103,4호선,한성대입구,6409,6544,12953
202103,4호선,성신여대입구,11025,10579,21604
202103,4호선,길음,8578,8301,16879
202103,4호선,미아사거리,13670,13050,26720
202103,4호선,미아,6814,6490,13304
202103,4호선,수유,17423,16795,34218
202103,4호선,범계,12484,11798,24282
202103,4호선,평촌,5200,5072,10272
202103,4호선,인덕원,9010,8982,17992
202103,4호선,정부과천청사,3163,3255,6418
202103,4호선,과천,2425,2347,4772
202103,4호선,대공원,2178,2304,4482
202103,4호선,경마공원,781,814,1595
202103,4호선,선바위,2911,2848,5759
202104,4호선,선바위,4042,3554,7596
202104,4호선,경마공원,952,960,1912
202104,4호선,대공원,2106,2184,4290
202104,4호선,과천,3499,3372,6871
202104,4호선,정부과천청사,4579,4662,9241
202104,4호선,인덕원,12278,12200,24478
202104,4호선,평촌,7492,7261,14753
202104,4호선,범계,16377,16039,32416
202104,4호선,수유,22366,22108,44474
202104,4호선,미아,9184,8773,17957
202104,4호선,미아사거리,18074,17812,35886
202104,4호선,길음,11611,11225,22836
202104,4호선,성신여대입구,13902,13177,27079
202104,4호선,한성대입구,8506,8305,16811
202104,4호선,혜화,20419,20845,41264
202104,4호선,동대문,11170,11013,22183
202104,4호선,동대문역사문화공원,8749,7531,16280
202104,4호선,충무로,11062,11271,22333
202104,4호선,명동,8993,10057,19050
202104,4호선,회현,13618,13968,27586
202104,4호선,서울역,4199,9203,13402
202104,4호선,숙대입구,7663,7500,15163
202104,4호선,삼각지,2457,3164,5621
202104,4호선,신용산,7450,8187,15637
202104,4호선,이촌,4971,5538,10509
202104,4호선,동작,1222,1338,2560
202104,4호선,총신대입구,11539,12229,23768
202104,4호선,사당,16584,14114,30698
202104,4호선,남태령,851,569,1420
202104,4호선,당고개,7686,7428,15114
202104,4호선,상계,11449,10954,22403
202104,4호선,노원,13641,14418,28059
202104,4호선,창동,16007,17062,33069
202104,4호선,쌍문,17915,16612,34527
202104,4호선,수리산,2159,1857,4016
202104,4호선,오이도,5544,5782,11326
202104,4호선,정왕,5097,5201,10298
202104,4호선,신길온천,1009,978,1987
202104,4호선,안산,7452,7770,15222
202104,4호선,초지,2533,2626,5159
202104,4호선,고잔,5042,4975,10017
202104,4호선,중앙,12468,12832,25300
202104,4호선,한대앞,5525,5486,11011
202104,4호선,상록수,9862,9986,19848
202104,4호선,반월,2559,2421,4980
202104,4호선,대야미,2900,2591,5491
202104,4호선,산본,9638,10329,19967
202104,4호선,수리산,1884,1768,3652
202104,4호선,오이도,5267,5138,10405
202104,4호선,정왕,4836,5552,10388
202104,4호선,신길온천,994,917,1911
202104,4호선,안산,9311,8583,17894
202104,4호선,초지,2081,2098,4179
202104,4호선,고잔,4033,3779,7812
202104,4호선,중앙,10966,10909,21875
202104,4호선,한대앞,4873,4793,9666
202104,4호선,상록수,8539,8393,16932
202104,4호선,반월,2438,2418,4856
202104,4호선,대야미,2947,2703,5650
202104,4호선,산본,7987,8664,16651
202104,4호선,범계,13335,12766,26101
202104,4호선,평촌,5600,5448,11048
202104,4호선,인덕원,10190,10002,20192
202104,4호선,정부과천청사,3788,3937,7725
202104,4호선,과천,2772,2640,5412
202104,4호선,대공원,7213,7457,14670
202104,4호선,경마공원,1065,995,2060
202104,4호선,선바위,3531,3261,6792
202104,4호선,수유,18791,17828,36619
202104,4호선,미아,7449,7109,14558
202104,4호선,미아사거리,15019,14549,29568
202104,4호선,길음,9368,9044,18412
202104,4호선,성신여대입구,11509,11059,22568
202104,4호선,한성대입구,6856,6935,13791
202104,4호선,혜화,18548,19072,37620
202104,4호선,동대문,6699,7211,13910
202104,4호선,동대문역사문화공원,7796,7832,15628
202104,4호선,충무로,8386,8361,16747
202104,4호선,명동,9633,9907,19540
202104,4호선,회현,7848,7960,15808
202104,4호선,서울역,3690,7334,11024
202104,4호선,숙대입구,6075,5980,12055
202104,4호선,삼각지,1855,2367,4222
202104,4호선,신용산,6362,6422,12784
202104,4호선,이촌,4430,5059,9489
202104,4호선,동작,2003,2070,4073
202104,4호선,총신대입구,9522,10452,19974
202104,4호선,사당,13217,12287,25504
202104,4호선,남태령,629,502,1131
202104,4호선,당고개,7117,6901,14018
202104,4호선,상계,9307,8866,18173
202104,4호선,노원,11285,12016,23301
202104,4호선,창동,14088,14765,28853
202104,4호선,쌍문,14937,13768,28705
202104,4호선,성신여대입구,17291,15950,33241
202104,4호선,한성대입구,10437,10049,20486
202104,4호선,혜화,23566,24544,48110
202104,4호선,수리산,3041,2817,5858
202104,4호선,오이도,7870,8296,16166
202104,4호선,정왕,6382,6520,12902
202104,4호선,신길온천,1401,1411,2812
202104,4호선,안산,10157,10221,20378
202104,4호선,초지,3346,3383,6729
202104,4호선,고잔,6396,6501,12897
202104,4호선,중앙,15579,16074,31653
202104,4호선,한대앞,6941,6998,13939
202104,4호선,상록수,12364,12245,24609
202104,4호선,반월,3396,3131,6527
202104,4호선,대야미,4211,3697,7908
202104,4호선,산본,11888,12675,24563
202104,4호선,범계,19310,18787,38097
202104,4호선,평촌,8923,8932,17855
202104,4호선,인덕원,15461,14894,30355
202104,4호선,정부과천청사,5873,5913,11786
202104,4호선,과천,4199,3788,7987
202104,4호선,대공원,9713,10195,19908
202104,4호선,경마공원,1252,1261,2513
202104,4호선,선바위,5538,4761,10299
202104,4호선,쌍문,20878,18768,39646
202104,4호선,창동,19106,20037,39143
202104,4호선,노원,15395,16667,32062
202104,4호선,상계,13534,12509,26043
202104,4호선,당고개,9747,9209,18956
202104,4호선,남태령,1000,711,1711
202104,4호선,사당,19600,16643,36243
202104,4호선,총신대입구,14219,15086,29305
202104,4호선,동작,2520,2548,5068
202104,4호선,이촌,6198,7138,13336
202104,4호선,신용산,8494,9073,17567
202104,4호선,삼각지,2955,3726,6681
202104,4호선,숙대입구,8619,8281,16900
202104,4호선,서울역,5177,11335,16512
202104,4호선,회현,17042,18232,35274
202104,4호선,명동,12680,14673,27353
202104,4호선,충무로,12699,13340,26039
202104,4호선,동대문역사문화공원,10439,8928,19367
202104,4호선,동대문,14112,14034,28146
202104,4호선,수유,25735,25128,50863
202104,4호선,미아,10704,10138,20842
202104,4호선,미아사거리,21492,20543,42035
202104,4호선,길음,14156,13757,27913
202104,4호선,범계,13414,12764,26178
202104,4호선,평촌,5712,5617,11329
202104,4호선,인덕원,10596,10352,20948
202104,4호선,정부과천청사,4081,4217,8298
202104,4호선,과천,2943,2725,5668
202104,4호선,대공원,7528,7659,15187
202104,4호선,경마공원,949,953,1902
202104,4호선,선바위,3644,3414,7058
202104,4호선,쌍문,14702,13349,28051
202104,4호선,창동,13796,14570,28366
202104,4호선,노원,11112,11865,22977
202104,4호선,상계,9773,9306,19079
202104,4호선,당고개,7727,7310,15037
202104,4호선,남태령,725,657,1382
202104,4호선,사당,13382,12690,26072
202104,4호선,총신대입구,9526,10460,19986
202104,4호선,동작,1913,1995,3908
202104,4호선,이촌,4252,5072,9324
202104,4호선,신용산,6283,6167,12450
202104,4호선,삼각지,1885,2489,4374
202104,4호선,숙대입구,6275,6121,12396
202104,4호선,서울역,3792,7806,11598
202104,4호선,회현,7795,8084,15879
202104,4호선,명동,10071,10515,20586
202104,4호선,충무로,7903,8149,16052
202104,4호선,동대문역사문화공원,7964,7737,15701
202104,4호선,동대문,6872,7510,14382
202104,4호선,혜화,17812,18525,36337
202104,4호선,한성대입구,7345,7510,14855
202104,4호선,성신여대입구,11276,11065,22341
202104,4호선,길음,9625,9458,19083
202104,4호선,미아사거리,15223,14599,29822
202104,4호선,미아,7678,7393,15071
202104,4호선,수유,18849,18075,36924
202104,4호선,산본,8269,8790,17059
202104,4호선,대야미,3267,2959,6226
202104,4호선,반월,2522,2557,5079
202104,4호선,상록수,8904,8878,17782
202104,4호선,한대앞,5204,5039,10243
202104,4호선,중앙,11542,11472,23014
202104,4호선,고잔,4484,4376,8860
202104,4호선,초지,2341,2310,4651
202104,4호선,안산,10180,9396,19576
202104,4호선,신길온천,1239,1146,2385
202104,4호선,정왕,5432,6005,11437
202104,4호선,오이도,6260,6009,12269
202104,4호선,수리산,2400,2547,4947
202104,4호선,쌍문,19663,17873,37536
202104,4호선,창동,17682,18800,36482
202104,4호선,노원,14562,15649,30211
202104,4호선,상계,12912,12286,25198
202104,4호선,당고개,9166,8558,17724
202104,4호선,남태령,870,658,1528
202104,4호선,사당,18056,15560,33616
202104,4호선,총신대입구,12992,14197,27189
202104,4호선,동작,1814,1985,3799
202104,4호선,이촌,5481,6153,11634
202104,4호선,신용산,8185,8778,16963
202104,4호선,삼각지,2878,3653,6531
202104,4호선,숙대입구,8356,8106,16462
202104,4호선,서울역,4846,10155,15001
202104,4호선,회현,15366,16182,31548
202104,4호선,명동,11113,12706,23819
202104,4호선,충무로,11098,11679,22777
202104,4호선,동대문역사문화공원,9739,8361,18100
202104,4호선,동대문,13206,13204,26410
202104,4호선,혜화,21917,22450,44367
202104,4호선,한성대입구,9845,9667,19512
202104,4호선,성신여대입구,14858,14042,28900
202104,4호선,길음,12833,12383,25216
202104,4호선,미아사거리,20631,20037,40668
202104,4호선,미아,10208,9635,19843
202104,4호선,수유,24549,24141,48690
202104,4호선,선바위,4680,4223,8903
202104,4호선,경마공원,988,1001,1989
202104,4호선,대공원,4526,4714,9240
202104,4호선,과천,3815,3412,7227
202104,4호선,정부과천청사,5292,5306,10598
202104,4호선,인덕원,14141,13691,27832
202104,4호선,평촌,8539,8268,16807
202104,4호선,범계,18302,17888,36190
202104,4호선,산본,11366,11976,23342
202104,4호선,대야미,3817,3404,7221
202104,4호선,반월,3115,2923,6038
202104,4호선,상록수,11433,11455,22888
202104,4호선,한대앞,6689,6578,13267
202104,4호선,중앙,14732,15000,29732
202104,4호선,고잔,5872,5961,11833
202104,4호선,초지,3018,3150,6168
202104,4호선,안산,9407,9857,19264
202104,4호선,신길온천,1353,1305,2658
202104,4호선,정왕,6065,6245,12310
202104,4호선,오이도,7128,7343,14471
202104,4호선,수리산,2944,2776,5720
202104,4호선,대공원,6346,6560,12906
202104,4호선,경마공원,940,919,1859
202104,4호선,선바위,3476,3237,6713
202104,4호선,수리산,2427,2913,5340
202104,4호선,오이도,5417,5451,10868
202104,4호선,정왕,4687,5175,9862
202104,4호선,신길온천,1131,1018,2149
202104,4호선,안산,9430,8753,18183
202104,4호선,초지,2247,2197,4444
202104,4호선,고잔,4138,4121,8259
202104,4호선,중앙,10381,10263,20644
202104,4호선,한대앞,4783,4772,9555
202104,4호선,상록수,8539,8369,16908
202104,4호선,반월,2387,2353,4740
202104,4호선,대야미,3283,2740,6023
202104,4호선,산본,8110,8556,16666
202104,4호선,쌍문,14412,13284,27696
202104,4호선,창동,13558,14250,27808
202104,4호선,노원,10608,11195,21803
202104,4호선,상계,9825,9356,19181
202104,4호선,당고개,7308,6861,14169
202104,4호선,남태령,569,510,1079
202104,4호선,사당,12980,12237,25217
202104,4호선,총신대입구,9337,10308,19645
202104,4호선,동작,1841,1870,3711
202104,4호선,이촌,4338,4967,9305
202104,4호선,신용산,6484,6227,12711
202104,4호선,삼각지,1908,2404,4312
202104,4호선,숙대입구,6016,5872,11888
202104,4호선,서울역,3638,7409,11047
202104,4호선,회현,7481,7869,15350
202104,4호선,명동,9327,9653,18980
202104,4호선,충무로,7427,7640,15067
202104,4호선,동대문역사문화공원,7666,7420,15086
202104,4호선,동대문,6786,7227,14013
202104,4호선,혜화,17510,18109,35619
202104,4호선,한성대입구,6980,7092,14072
202104,4호선,성신여대입구,10987,10487,21474
202104,4호선,길음,9275,9007,18282
202104,4호선,미아사거리,15012,14584,29596
202104,4호선,미아,7617,7198,14815
202104,4호선,수유,18411,17572,35983
202104,4호선,범계,12665,12229,24894
202104,4호선,평촌,5548,5414,10962
202104,4호선,인덕원,10182,10018,20200
202104,4호선,정부과천청사,3813,4152,7965
202104,4호선,과천,2907,2623,5530
202104,4호선,수리산,3267,3373,6640
202104,4호선,오이도,7528,7724,15252
202104,4호선,정왕,6319,6456,12775
202104,4호선,신길온천,1414,1348,2762
202104,4호선,안산,9464,9806,19270
202104,4호선,초지,3120,3135,6255
202104,4호선,고잔,6229,6229,12458
202104,4호선,중앙,14511,14983,29494
202104,4호선,한대앞,6950,6781,13731
202104,4호선,상록수,11914,11846,23760
202104,4호선,반월,3316,3087,6403
202104,4호선,대야미,4165,3563,7728
202104,4호선,산본,11544,12328,23872
202104,4호선,범계,18879,18295,37174
202104,4호선,평촌,8783,8592,17375
202104,4호선,인덕원,14541,14050,28591
202104,4호선,정부과천청사,5382,5512,10894
202104,4호선,과천,4142,3622,7764
202104,4호선,대공원,6765,7079,13844
202104,4호선,경마공원,1022,1078,2100
202104,4호선,선바위,4990,4272,9262
202104,4호선,수유,24987,24075,49062
202104,4호선,미아,10429,9725,20154
202104,4호선,미아사거리,20831,19853,40684
202104,4호선,길음,13346,12820,26166
202104,4호선,성신여대입구,15839,14812,30651
202104,4호선,한성대입구,10158,9859,20017
202104,4호선,혜화,23005,23625,46630
202104,4호선,동대문,13777,13672,27449
202104,4호선,동대문역사문화공원,10393,8831,19224
202104,4호선,충무로,12488,12934,25422
202104,4호선,명동,12113,13741,25854
202104,4호선,회현,16484,17953,34437
202104,4호선,서울역,5046,10867,15913
202104,4호선,숙대입구,8059,7969,16028
202104,4호선,삼각지,2689,3548,6237
202104,4호선,신용산,8221,9168,17389
202104,4호선,이촌,5851,6848,12699
202104,4호선,동작,2344,2367,4711
202104,4호선,총신대입구,13557,14795,28352
202104,4호선,사당,18477,16067,34544
202104,4호선,남태령,1119,880,1999
202104,4호선,당고개,9480,9035,18515
202104,4호선,상계,13709,13010,26719
202104,4호선,노원,15074,16398,31472
202104,4호선,창동,18279,19246,37525
202104,4호선,쌍문,20370,18461,38831
202104,4호선,노원,10540,11359,21899
202104,4호선,초지,2403,2375,4778
202104,4호선,고잔,4339,4172,8511
202104,4호선,중앙,10812,10336,21148
202104,4호선,한대앞,5148,5069,10217
202104,4호선,상록수,8766,8647,17413
202104,4호선,반월,2402,2367,4769
202104,4호선,대야미,3311,2963,6274
202104,4호선,산본,8161,8634,16795
202104,4호선,범계,13277,12752,26029
202104,4호선,평촌,5903,5664,11567
202104,4호선,인덕원,10243,10143,20386
202104,4호선,정부과천청사,3875,4043,7918
202104,4호선,과천,3053,2828,5881
202104,4호선,대공원,6332,6436,12768
202104,4호선,경마공원,879,877,1756
202104,4호선,선바위,3424,3296,6720
202104,4호선,안산,9618,8937,18555
202104,4호선,신길온천,1131,1030,2161
202104,4호선,정왕,4945,5500,10445
202104,4호선,오이도,5823,5726,11549
202104,4호선,수리산,2606,2973,5579
202104,4호선,쌍문,14761,13230,27991
202104,4호선,창동,13527,14196,27723
202104,4호선,상계,10097,9459,19556
202104,4호선,당고개,7330,7071,14401
202104,4호선,남태령,559,470,1029
202104,4호선,사당,13172,12394,25566
202104,4호선,총신대입구,9497,10342,19839
202104,4호선,동작,2039,2079,4118
202104,4호선,이촌,4683,5300,9983
202104,4호선,신용산,6263,6418,12681
202104,4호선,삼각지,1915,2482,4397
202104,4호선,숙대입구,6091,5856,11947
202104,4호선,서울역,3700,7607,11307
202104,4호선,회현,7541,8046,15587
202104,4호선,명동,9461,9784,19245
202104,4호선,충무로,7441,7719,15160
202104,4호선,동대문역사문화공원,7892,7709,15601
202104,4호선,동대문,6769,7368,14137
202104,4호선,혜화,17634,18412,36046
202104,4호선,한성대입구,7293,7255,14548
202104,4호선,성신여대입구,10943,10542,21485
202104,4호선,길음,9372,9097,18469
202104,4호선,미아사거리,14914,14312,29226
202104,4호선,미아,7411,7063,14474
202104,4호선,수유,18248,17502,35750
202105,4호선,쌍문,18513,16954,35467
202105,4호선,창동,16714,17797,34511
202105,4호선,노원,14326,15242,29568
202105,4호선,상계,12141,11395,23536
202105,4호선,당고개,8288,8106,16394
202105,4호선,남태령,830,569,1399
202105,4호선,사당,17920,15152,33072
202105,4호선,총신대입구,12643,13542,26185
202105,4호선,동작,1670,1693,3363
202105,4호선,이촌,5329,6022,11351
202105,4호선,신용산,8343,8871,17214
202105,4호선,삼각지,2744,3608,6352
202105,4호선,숙대입구,8198,8037,16235
202105,4호선,서울역,4511,10607,15118
202105,4호선,회현,16732,17026,33758
202105,4호선,명동,11152,12627,23779
202105,4호선,충무로,11007,11283,22290
202105,4호선,동대문역사문화공원,10076,8719,18795
202105,4호선,동대문,13880,13662,27542
202105,4호선,혜화,21623,21978,43601
202105,4호선,한성대입구,9241,9124,18365
202105,4호선,성신여대입구,14798,14042,28840
202105,4호선,길음,12035,11581,23616
202105,4호선,미아사거리,19651,18753,38404
202105,4호선,미아,9671,9032,18703
202105,4호선,수유,23191,22501,45692
202105,4호선,선바위,4410,3851,8261
202105,4호선,경마공원,901,928,1829
202105,4호선,대공원,3633,3780,7413
202105,4호선,과천,3456,3246,6702
202105,4호선,정부과천청사,4711,4802,9513
202105,4호선,인덕원,13705,13395,27100
202105,4호선,평촌,8168,7946,16114
202105,4호선,범계,18607,17867,36474
202105,4호선,오이도,6639,7034,13673
202105,4호선,수리산,2681,2366,5047
202105,4호선,정왕,5887,5859,11746
202105,4호선,신길온천,1327,1268,2595
202105,4호선,안산,9375,9784,19159
202105,4호선,초지,2961,2930,5891
202105,4호선,고잔,5545,5820,11365
202105,4호선,중앙,14597,14933,29530
202105,4호선,한대앞,6323,6343,12666
202105,4호선,상록수,10869,10850,21719
202105,4호선,반월,2890,2782,5672
202105,4호선,대야미,3549,3139,6688
202105,4호선,산본,10865,11558,22423
202105,4호선,수유,18652,18119,36771
202105,4호선,미아,7543,7155,14698
202105,4호선,미아사거리,15227,14611,29838
202105,4호선,길음,9269,9057,18326
202105,4호선,성신여대입구,11721,11393,23114
202105,4호선,한성대입구,7443,7577,15020
202105,4호선,혜화,19556,20006,39562
202105,4호선,동대문,6965,7312,14277
202105,4호선,동대문역사문화공원,7936,7757,15693
202105,4호선,충무로,8171,8292,16463
202105,4호선,명동,9788,10164,19952
202105,4호선,회현,7720,8144,15864
202105,4호선,서울역,3735,8023,11758
202105,4호선,숙대입구,6465,6182,12647
202105,4호선,삼각지,1868,2577,4445
202105,4호선,신용산,6891,6941,13832
202105,4호선,이촌,4648,5313,9961
202105,4호선,동작,2070,2036,4106
202105,4호선,총신대입구,9643,10574,20217
202105,4호선,사당,13468,12683,26151
202105,4호선,남태령,571,477,1048
202105,4호선,당고개,7434,7065,14499
202105,4호선,상계,9795,9289,19084
202105,4호선,노원,10811,11682,22493
202105,4호선,창동,14016,14647,28663
202105,4호선,쌍문,14796,13392,28188
202105,4호선,선바위,3453,3307,6760
202105,4호선,경마공원,899,887,1786
202105,4호선,대공원,6549,6631,13180
202105,4호선,과천,3064,2900,5964
202105,4호선,정부과천청사,3968,4071,8039
202105,4호선,인덕원,10498,10314,20812
202105,4호선,평촌,5710,5630,11340
202105,4호선,범계,13827,13439,27266
202105,4호선,산본,8193,8643,16836
202105,4호선,대야미,3203,2816,6019
202105,4호선,반월,2411,2374,4785
202105,4호선,상록수,8729,8609,17338
202105,4호선,한대앞,5147,5091,10238
202105,4호선,중앙,11240,11073,22313
202105,4호선,고잔,4166,3984,8150
202105,4호선,초지,2171,2167,4338
202105,4호선,안산,9781,8663,18444
202105,4호선,신길온천,1127,1051,2178
202105,4호선,정왕,4892,5637,10529
202105,4호선,수리산,2164,2425,4589
202105,4호선,오이도,6042,6069,12111
202105,4호선,산본,10335,11358,21693
202105,4호선,대야미,3403,2974,6377
202105,4호선,반월,3002,2883,5885
202105,4호선,상록수,11163,11277,22440
202105,4호선,한대앞,6219,6285,12504
202105,4호선,중앙,12876,13794,26670
202105,4호선,고잔,5264,5289,10553
202105,4호선,초지,2632,2819,5451
202105,4호선,안산,9137,9290,18427
202105,4호선,신길온천,1254,1260,2514
202105,4호선,정왕,5951,5970,11921
202105,4호선,오이도,6483,6553,13036
202105,4호선,수리산,2541,2258,4799
202105,4호선,선바위,4312,3981,8293
202105,4호선,수유,23346,23270,46616
202105,4호선,미아,9864,9360,19224
202105,4호선,미아사거리,19834,19242,39076
202105,4호선,길음,12478,11711,24189
202105,4호선,성신여대입구,14544,13588,28132
202105,4호선,한성대입구,9080,8725,17805
202105,4호선,혜화,20744,20965,41709
202105,4호선,동대문,12093,11718,23811
202105,4호선,동대문역사문화공원,8834,7408,16242
202105,4호선,충무로,10341,10278,20619
202105,4호선,명동,9320,10177,19497
202105,4호선,회현,13733,14714,28447
202105,4호선,서울역,4390,9689,14079
202105,4호선,숙대입구,7248,6842,14090
202105,4호선,삼각지,2322,2811,5133
202105,4호선,신용산,7636,8318,15954
202105,4호선,이촌,4843,5511,10354
202105,4호선,동작,1618,1734,3352
202105,4호선,총신대입구,11974,12978,24952
202105,4호선,사당,15911,13893,29804
202105,4호선,남태령,882,626,1508
202105,4호선,당고개,9051,8525,17576
202105,4호선,상계,12443,11905,24348
202105,4호선,노원,14041,15364,29405
202105,4호선,창동,17084,18083,35167
202105,4호선,쌍문,19323,18025,37348
202105,4호선,경마공원,974,968,1942
202105,4호선,대공원,3790,3851,7641
202105,4호선,과천,3333,3154,6487
202105,4호선,정부과천청사,4470,4620,9090
202105,4호선,인덕원,12271,12294,24565
202105,4호선,평촌,7253,7209,14462
202105,4호선,범계,16513,16073,32586
202105,4호선,수리산,2136,2275,4411
202105,4호선,오이도,6137,5910,12047
202105,4호선,정왕,4639,5576,10215
202105,4호선,신길온천,1121,1015,2136
202105,4호선,안산,9261,8501,17762
202105,4호선,초지,2399,2188,4587
202105,4호선,고잔,4419,4095,8514
202105,4호선,중앙,11386,11237,22623
202105,4호선,한대앞,5317,5071,10388
202105,4호선,상록수,8900,8627,17527
202105,4호선,반월,2578,2454,5032
202105,4호선,대야미,3180,2829,6009
202105,4호선,산본,8362,8854,17216
202105,4호선,범계,14093,13344,27437
202105,4호선,평촌,5716,5682,11398
202105,4호선,인덕원,10577,10342,20919
202105,4호선,정부과천청사,4050,4262,8312
202105,4호선,과천,3159,2802,5961
202105,4호선,대공원,5831,5935,11766
202105,4호선,경마공원,889,856,1745
202105,4호선,선바위,3647,3367,7014
202105,4호선,수유,18964,18281,37245
202105,4호선,미아,7717,7389,15106
202105,4호선,미아사거리,15295,14633,29928
202105,4호선,길음,9648,9531,19179
202105,4호선,성신여대입구,11784,11874,23658
202105,4호선,한성대입구,7287,7559,14846
202105,4호선,혜화,19550,20797,40347
202105,4호선,동대문,6475,7030,13505
202105,4호선,동대문역사문화공원,7499,7431,14930
202105,4호선,충무로,7906,8122,16028
202105,4호선,명동,8823,9157,17980
202105,4호선,회현,7409,7935,15344
202105,4호선,서울역,3639,7510,11149
202105,4호선,숙대입구,6179,6151,12330
202105,4호선,삼각지,1871,2509,4380
202105,4호선,신용산,6714,6413,13127
202105,4호선,이촌,4657,5495,10152
202105,4호선,동작,1945,2037,3982
202105,4호선,총신대입구,9617,10355,19972
202105,4호선,사당,13490,12685,26175
202105,4호선,남태령,592,506,1098
202105,4호선,당고개,8042,7547,15589
202105,4호선,상계,10045,9456,19501
202105,4호선,노원,11540,12239,23779
202105,4호선,창동,13867,14322,28189
202105,4호선,쌍문,15180,13966,29146
202105,4호선,수유,24319,24017,48336
202105,4호선,미아,10118,9579,19697
202105,4호선,미아사거리,20537,20014,40551
202105,4호선,길음,13189,12505,25694
202105,4호선,성신여대입구,15968,15282,31250
202105,4호선,한성대입구,9970,9593,19563
202105,4호선,혜화,23395,23971,47366
202105,4호선,동대문,13587,13184,26771
202105,4호선,동대문역사문화공원,9799,8545,18344
202105,4호선,충무로,11862,12293,24155
202105,4호선,명동,10504,12111,22615
202105,4호선,회현,16163,16731,32894
202105,4호선,서울역,4700,10722,15422
202105,4호선,숙대입구,8202,7730,15932
202105,4호선,삼각지,2827,3561,6388
202105,4호선,신용산,8580,9526,18106
202105,4호선,이촌,5698,6376,12074
202105,4호선,동작,1692,1708,3400
202105,4호선,총신대입구,13576,14457,28033
202105,4호선,사당,18925,16050,34975
202105,4호선,남태령,951,778,1729
202105,4호선,당고개,9315,8784,18099
202105,4호선,상계,13365,12762,26127
202105,4호선,노원,15433,16434,31867
202105,4호선,창동,18181,19082,37263
202105,4호선,쌍문,20284,18280,38564
202105,4호선,선바위,4793,4169,8962
202105,4호선,경마공원,981,954,1935
202105,4호선,대공원,3262,3561,6823
202105,4호선,과천,3843,3603,7446
202105,4호선,정부과천청사,5251,5327,10578
202105,4호선,인덕원,14118,13680,27798
202105,4호선,평촌,8528,8561,17089
202105,4호선,범계,18816,18199,37015
202105,4호선,산본,10808,11544,22352
202105,4호선,대야미,3645,3177,6822
202105,4호선,반월,3102,2879,5981
202105,4호선,상록수,11408,11403,22811
202105,4호선,한대앞,6521,6503,13024
202105,4호선,중앙,14456,14665,29121
202105,4호선,고잔,5662,5614,11276
202105,4호선,초지,3151,3181,6332
202105,4호선,안산,9042,9634,18676
202105,4호선,신길온천,1266,1220,2486
202105,4호선,정왕,5736,6021,11757
202105,4호선,오이도,6650,6904,13554
202105,4호선,수리산,2589,2256,4845
202105,4호선,반월,1871,1936,3807
202105,4호선,수유,15490,15088,30578
202105,4호선,미아,6312,6116,12428
202105,4호선,미아사거리,12883,12483,25366
202105,4호선,길음,7873,7812,15685
202105,4호선,성신여대입구,10266,9930,20196
202105,4호선,한성대입구,5926,6084,12010
202105,4호선,혜화,16445,16846,33291
202105,4호선,동대문,4164,4849,9013
202105,4호선,동대문역사문화공원,5994,5773,11767
202105,4호선,충무로,6452,6542,12994
202105,4호선,명동,7055,6842,13897
202105,4호선,회현,6315,6230,12545
202105,4호선,서울역,3097,7099,10196
202105,4호선,숙대입구,5710,5483,11193
202105,4호선,삼각지,1680,2127,3807
202105,4호선,신용산,5806,5984,11790
202105,4호선,이촌,3525,3917,7442
202105,4호선,동작,867,908,1775
202105,4호선,총신대입구,7919,8628,16547
202105,4호선,사당,11422,10431,21853
202105,4호선,남태령,440,407,847
202105,4호선,당고개,5641,5556,11197
202105,4호선,상계,7801,7404,15205
202105,4호선,노원,9528,10053,19581
202105,4호선,창동,10926,11633,22559
202105,4호선,쌍문,12484,11462,23946
202105,4호선,선바위,2667,2567,5234
202105,4호선,경마공원,644,637,1281
202105,4호선,대공원,1311,1287,2598
202105,4호선,과천,2219,2193,4412
202105,4호선,정부과천청사,2749,2914,5663
202105,4호선,인덕원,8150,8357,16507
202105,4호선,평촌,4919,4758,9677
202105,4호선,범계,11311,10872,22183
202105,4호선,산본,6386,6749,13135
202105,4호선,대야미,1957,1907,3864
202105,4호선,상록수,7117,7032,14149
202105,4호선,한대앞,4087,4046,8133
202105,4호선,중앙,9084,8920,18004
202105,4호선,고잔,3201,3129,6330
202105,4호선,초지,1796,1742,3538
202105,4호선,안산,8031,7063,15094
202105,4호선,신길온천,790,729,1519
202105,4호선,정왕,3898,4602,8500
202105,4호선,오이도,4112,4101,8213
202105,4호선,수리산,1551,1332,2883
202105,4호선,수리산,2891,2739,5630
202105,4호선,오이도,7925,8194,16119
202105,4호선,정왕,6398,6347,12745
202105,4호선,신길온천,1430,1413,2843
202105,4호선,안산,9982,10328,20310
202105,4호선,초지,3256,3291,6547
202105,4호선,고잔,6731,6617,13348
202105,4호선,중앙,15843,16432,32275
202105,4호선,한대앞,7197,7134,14331
202105,4호선,상록수,12560,12541,25101
202105,4호선,반월,3528,3225,6753
202105,4호선,대야미,4311,3712,8023
202105,4호선,산본,12305,13321,25626
202105,4호선,범계,19993,19523,39516
202105,4호선,평촌,9302,9060,18362
202105,4호선,인덕원,15305,14921,30226
202105,4호선,정부과천청사,6024,5948,11972
202105,4호선,과천,4507,3874,8381
202105,4호선,대공원,8600,8978,17578
202105,4호선,경마공원,1147,1084,2231
202105,4호선,선바위,5456,4700,10156
202105,4호선,쌍문,21215,19116,40331
202105,4호선,창동,19355,20387,39742
202105,4호선,노원,15647,17175,32822
202105,4호선,상계,13815,12820,26635
202105,4호선,당고개,10054,9388,19442
202105,4호선,남태령,928,675,1603
202105,4호선,사당,20189,16923,37112
202105,4호선,총신대입구,14312,15435,29747
202105,4호선,동작,2779,2829,5608
202105,4호선,이촌,6680,7796,14476
202105,4호선,신용산,9390,10342,19732
202105,4호선,삼각지,2905,3889,6794
202105,4호선,숙대입구,8891,8402,17293
202105,4호선,서울역,4882,11370,16252
202105,4호선,회현,17221,18720,35941
202105,4호선,명동,12765,14621,27386
202105,4호선,충무로,13645,14242,27887
202105,4호선,동대문역사문화공원,10838,9117,19955
202105,4호선,동대문,14785,14779,29564
202105,4호선,혜화,25545,26587,52132
202105,4호선,한성대입구,10542,10291,20833
202105,4호선,성신여대입구,16407,15320,31727
202105,4호선,길음,14142,13207,27349
202105,4호선,미아사거리,21703,20710,42413
202105,4호선,미아,10817,10153,20970
202105,4호선,수유,25859,25144,51003
202105,4호선,수유,18605,17865,36470
202105,4호선,미아,7434,7124,14558
202105,4호선,미아사거리,14851,14327,29178
202105,4호선,길음,9483,9280,18763
202105,4호선,성신여대입구,11504,11323,22827
202105,4호선,한성대입구,7181,7284,14465
202105,4호선,혜화,18883,19762,38645
202105,4호선,동대문,6886,7354,14240
202105,4호선,동대문역사문화공원,7755,7632,15387
202105,4호선,충무로,8038,8002,16040
202105,4호선,명동,9247,9575,18822
202105,4호선,회현,7680,8050,15730
202105,4호선,서울역,3779,8188,11967
202105,4호선,숙대입구,6337,6076,12413
202105,4호선,삼각지,2020,2605,4625
202105,4호선,신용산,7005,7124,14129
202105,4호선,이촌,4530,5298,9828
202105,4호선,동작,2009,2053,4062
202105,4호선,총신대입구,9863,10542,20405
202105,4호선,사당,13480,13041,26521
202105,4호선,남태령,600,502,1102
202105,4호선,당고개,7502,7093,14595
202105,4호선,상계,9928,9437,19365
202105,4호선,노원,10878,11746,22624
202105,4호선,창동,13439,14023,27462
202105,4호선,쌍문,15089,13652,28741
202105,4호선,선바위,3472,3189,6661
202105,4호선,경마공원,878,862,1740
202105,4호선,대공원,6826,6985,13811
202105,4호선,과천,3108,2853,5961
202105,4호선,정부과천청사,4128,4476,8604
202105,4호선,인덕원,10501,10242,20743
202105,4호선,평촌,5998,5873,11871
202105,4호선,범계,13787,13280,27067
202105,4호선,산본,8055,8554,16609
202105,4호선,대야미,3186,2763,5949
202105,4호선,반월,2438,2451,4889
202105,4호선,상록수,8877,8698,17575
202105,4호선,한대앞,5313,5175,10488
202105,4호선,중앙,11384,11366,22750
202105,4호선,고잔,4243,4295,8538
202105,4호선,초지,2341,2210,4551
202105,4호선,안산,9906,8845,18751
202105,4호선,신길온천,1090,981,2071
202105,4호선,정왕,4990,5696,10686
202105,4호선,오이도,6085,5968,12053
202105,4호선,수리산,2181,2275,4456
202105,4호선,선바위,5194,4474,9668
202105,4호선,수유,24829,24122,48951
202105,4호선,미아,10343,9757,20100
202105,4호선,미아사거리,20759,19905,40664
202105,4호선,길음,13375,12700,26075
202105,4호선,성신여대입구,15885,15122,31007
202105,4호선,한성대입구,9963,9593,19556
202105,4호선,혜화,23961,24888,48849
202105,4호선,동대문,13630,14040,27670
202105,4호선,동대문역사문화공원,9850,8462,18312
202105,4호선,충무로,12636,13244,25880
202105,4호선,명동,11255,12750,24005
202105,4호선,회현,16337,17549,33886
202105,4호선,서울역,4761,10810,15571
202105,4호선,숙대입구,8523,8092,16615
202105,4호선,삼각지,2905,3848,6753
202105,4호선,신용산,8987,9980,18967
202105,4호선,이촌,6159,6750,12909
202105,4호선,동작,2018,2175,4193
202105,4호선,총신대입구,13610,14704,28314
202105,4호선,사당,19265,16284,35549
202105,4호선,남태령,938,707,1645
202105,4호선,당고개,9540,9080,18620
202105,4호선,상계,13078,12289,25367
202105,4호선,노원,15002,16329,31331
202105,4호선,창동,18240,19122,37362
202105,4호선,쌍문,20210,18248,38458
202105,4호선,경마공원,1050,1053,2103
202105,4호선,대공원,6532,6935,13467
202105,4호선,과천,4280,3843,8123
202105,4호선,정부과천청사,5438,5567,11005
202105,4호선,인덕원,14630,14107,28737
202105,4호선,평촌,9187,8983,18170
202105,4호선,범계,19277,18667,37944
202105,4호선,산본,11739,12583,24322
202105,4호선,대야미,4154,3534,7688
202105,4호선,반월,3442,3188,6630
202105,4호선,상록수,12146,12016,24162
202105,4호선,한대앞,7127,7058,14185
202105,4호선,중앙,15226,15712,30938
202105,4호선,고잔,6351,6465,12816
202105,4호선,초지,3098,3175,6273
202105,4호선,안산,9563,9940,19503
202105,4호선,신길온천,1421,1324,2745
202105,4호선,정왕,6216,6281,12497
202105,4호선,오이도,7421,7699,15120
202105,4호선,수리산,2858,2623,5481
202105,4호선,수리산,2147,2192,4339
202105,4호선,오이도,5801,5703,11504
202105,4호선,정왕,4728,5415,10143
202105,4호선,신길온천,1152,1064,2216
202105,4호선,안산,9512,8825,18337
202105,4호선,초지,2339,2190,4529
202105,4호선,고잔,4410,4346,8756
202105,4호선,중앙,10904,10761,21665
202105,4호선,한대앞,5130,5046,10176
202105,4호선,상록수,8677,8632,17309
202105,4호선,반월,2447,2339,4786
202105,4호선,대야미,3011,2757,5768
202105,4호선,산본,8220,8684,16904
202105,4호선,범계,13457,12924,26381
202105,4호선,평촌,5933,5894,11827
202105,4호선,인덕원,10617,10615,21232
202105,4호선,정부과천청사,4035,4131,8166
202105,4호선,과천,3095,2849,5944
202105,4호선,대공원,6858,7013,13871
202105,4호선,경마공원,849,877,1726
202105,4호선,선바위,3574,3331,6905
202105,4호선,쌍문,14921,13801,28722
202105,4호선,창동,13934,14538,28472
202105,4호선,노원,11177,11847,23024
202105,4호선,상계,9883,9512,19395
202105,4호선,당고개,7744,7299,15043
202105,4호선,남태령,677,556,1233
202105,4호선,사당,13325,12503,25828
202105,4호선,총신대입구,9858,10652,20510
202105,4호선,동작,1914,1957,3871
202105,4호선,이촌,4557,5294,9851
202105,4호선,신용산,7014,7149,14163
202105,4호선,삼각지,2130,2896,5026
202105,4호선,숙대입구,6374,6110,12484
202105,4호선,서울역,3599,8141,11740
202105,4호선,회현,7962,8290,16252
202105,4호선,명동,9687,9808,19495
202105,4호선,충무로,8324,8326,16650
202105,4호선,동대문역사문화공원,7937,7520,15457
202105,4호선,동대문,6741,7213,13954
202105,4호선,혜화,19124,19881,39005
202105,4호선,한성대입구,7385,7523,14908
202105,4호선,성신여대입구,11537,11075,22612
202105,4호선,길음,9460,9264,18724
202105,4호선,미아사거리,15326,14766,30092
202105,4호선,미아,7636,7362,14998
202105,4호선,수유,18513,17790,36303
202106,4호선,쌍문,21087,19065,40152
202106,4호선,창동,19224,20157,39381
202106,4호선,노원,15771,17270,33041
202106,4호선,상계,13468,12642,26110
202106,4호선,당고개,9612,9133,18745
202106,4호선,남태령,976,777,1753
202106,4호선,사당,19553,16367,35920
202106,4호선,총신대입구,14456,15420,29876
202106,4호선,동작,3115,3343,6458
202106,4호선,이촌,6225,7091,13316
202106,4호선,신용산,9186,10196,19382
202106,4호선,삼각지,2973,3858,6831
202106,4호선,숙대입구,8909,8439,17348
202106,4호선,서울역,4873,11058,15931
202106,4호선,회현,16800,18125,34925
202106,4호선,명동,12391,14128,26519
202106,4호선,충무로,12581,13041,25622
202106,4호선,동대문역사문화공원,10400,8879,19279
202106,4호선,동대문,14139,14231,28370
202106,4호선,혜화,23890,24967,48857
202106,4호선,한성대입구,10524,10094,20618
202106,4호선,성신여대입구,15850,15034,30884
202106,4호선,길음,13604,12922,26526
202106,4호선,미아사거리,21269,20440,41709
202106,4호선,미아,10603,9876,20479
202106,4호선,수유,25648,24805,50453
202106,4호선,선바위,5181,4525,9706
202106,4호선,경마공원,1205,1166,2371
202106,4호선,대공원,7244,7621,14865
202106,4호선,과천,4371,3821,8192
202106,4호선,정부과천청사,6108,5962,12070
202106,4호선,인덕원,15048,14458,29506
202106,4호선,평촌,8802,8751,17553
202106,4호선,범계,19554,19115,38669
202106,4호선,산본,12246,12965,25211
202106,4호선,대야미,4100,3615,7715
202106,4호선,반월,3471,3313,6784
202106,4호선,상록수,12213,12143,24356
202106,4호선,한대앞,7184,7150,14334
202106,4호선,중앙,15569,16178,31747
202106,4호선,고잔,6380,6212,12592
202106,4호선,초지,3256,3343,6599
202106,4호선,안산,9858,10168,20026
202106,4호선,신길온천,1409,1384,2793
202106,4호선,정왕,6194,6375,12569
202106,4호선,오이도,7477,7836,15313
202106,4호선,수리산,2930,2580,5510
202106,4호선,수유,18577,17562,36139
202106,4호선,미아,7410,7092,14502
202106,4호선,미아사거리,15195,14473,29668
202106,4호선,길음,9027,8772,17799
202106,4호선,성신여대입구,11174,10917,22091
202106,4호선,한성대입구,7294,7335,14629
202106,4호선,혜화,18200,19019,37219
202106,4호선,동대문,6557,7136,13693
202106,4호선,동대문역사문화공원,7451,7416,14867
202106,4호선,충무로,7470,7492,14962
202106,4호선,명동,9712,10176,19888
202106,4호선,회현,7489,7826,15315
202106,4호선,서울역,3616,7867,11483
202106,4호선,숙대입구,6154,5875,12029
202106,4호선,삼각지,1978,2633,4611
202106,4호선,신용산,6929,7199,14128
202106,4호선,이촌,4543,5211,9754
202106,4호선,동작,3795,3495,7290
202106,4호선,총신대입구,9520,10307,19827
202106,4호선,사당,13340,12465,25805
202106,4호선,남태령,560,480,1040
202106,4호선,당고개,7495,7179,14674
202106,4호선,상계,9836,9139,18975
202106,4호선,노원,10936,11844,22780
202106,4호선,창동,13762,14367,28129
202106,4호선,쌍문,14676,13358,28034
202106,4호선,선바위,3506,3280,6786
202106,4호선,경마공원,856,849,1705
202106,4호선,대공원,5702,5871,11573
202106,4호선,과천,3089,2735,5824
202106,4호선,정부과천청사,3965,4024,7989
202106,4호선,인덕원,10399,10129,20528
202106,4호선,평촌,5788,5589,11377
202106,4호선,범계,13260,12836,26096
202106,4호선,산본,8006,8461,16467
202106,4호선,대야미,2959,2729,5688
202106,4호선,반월,2473,2475,4948
202106,4호선,상록수,8838,8631,17469
202106,4호선,한대앞,5011,4872,9883
202106,4호선,중앙,10800,10738,21538
202106,4호선,고잔,4317,4334,8651
202106,4호선,초지,2156,2165,4321
202106,4호선,안산,9749,8759,18508
202106,4호선,신길온천,1142,1059,2201
202106,4호선,정왕,4726,5238,9964
202106,4호선,오이도,5725,5754,11479
202106,4호선,수리산,1985,2073,4058
202106,4호선,산본,11469,12329,23798
202106,4호선,대야미,3826,3371,7197
202106,4호선,반월,3320,3060,6380
202106,4호선,상록수,11888,11644,23532
202106,4호선,한대앞,6864,6852,13716
202106,4호선,중앙,14853,15344,30197
202106,4호선,고잔,5988,5803,11791
202106,4호선,초지,3048,3069,6117
202106,4호선,안산,10029,10332,20361
202106,4호선,신길온천,1444,1340,2784
202106,4호선,수리산,2814,2457,5271
202106,4호선,오이도,7341,7759,15100
202106,4호선,정왕,6369,6412,12781
202106,4호선,선바위,4935,4356,9291
202106,4호선,경마공원,966,1003,1969
202106,4호선,대공원,5888,6188,12076
202106,4호선,과천,4137,3602,7739
202106,4호선,정부과천청사,5425,5451,10876
202106,4호선,인덕원,14501,13928,28429
202106,4호선,평촌,8962,8606,17568
202106,4호선,범계,18907,18614,37521
202106,4호선,쌍문,20481,18197,38678
202106,4호선,창동,18233,19108,37341
202106,4호선,노원,14944,16330,31274
202106,4호선,상계,13368,12437,25805
202106,4호선,당고개,9716,9236,18952
202106,4호선,남태령,917,667,1584
202106,4호선,사당,18960,16055,35015
202106,4호선,총신대입구,13679,14605,28284
202106,4호선,동작,2083,2192,4275
202106,4호선,이촌,6296,7075,13371
202106,4호선,신용산,8835,9953,18788
202106,4호선,삼각지,2832,3625,6457
202106,4호선,숙대입구,8287,8192,16479
202106,4호선,서울역,4855,10442,15297
202106,4호선,회현,16813,17789,34602
202106,4호선,명동,13117,15479,28596
202106,4호선,충무로,12046,12409,24455
202106,4호선,동대문역사문화공원,10364,8926,19290
202106,4호선,동대문,14008,13849,27857
202106,4호선,혜화,22816,23879,46695
202106,4호선,한성대입구,9984,9621,19605
202106,4호선,성신여대입구,15379,14231,29610
202106,4호선,길음,13328,12501,25829
202106,4호선,미아사거리,20368,19632,40000
202106,4호선,미아,10313,9618,19931
202106,4호선,수유,25257,24153,49410
202106,4호선,수유,17875,17364,35239
202106,4호선,미아,7435,7152,14587
202106,4호선,미아사거리,14162,13661,27823
202106,4호선,길음,9247,9010,18257
202106,4호선,성신여대입구,10961,10380,21341
202106,4호선,한성대입구,7073,6898,13971
202106,4호선,혜화,18811,19814,38625
202106,4호선,동대문,6108,6521,12629
202106,4호선,동대문역사문화공원,7594,7253,14847
202106,4호선,충무로,7292,7335,14627
202106,4호선,명동,10042,10432,20474
202106,4호선,회현,7809,8124,15933
202106,4호선,서울역,3528,7748,11276
202106,4호선,숙대입구,6163,6224,12387
202106,4호선,삼각지,1887,2524,4411
202106,4호선,신용산,6868,7000,13868
202106,4호선,이촌,4457,4991,9448
202106,4호선,동작,1599,1601,3200
202106,4호선,총신대입구,9194,9820,19014
202106,4호선,사당,13058,12126,25184
202106,4호선,남태령,581,480,1061
202106,4호선,당고개,7422,6891,14313
202106,4호선,상계,9523,8959,18482
202106,4호선,노원,10469,11569,22038
202106,4호선,창동,12779,13321,26100
202106,4호선,쌍문,14493,13136,27629
202106,4호선,선바위,3292,3019,6311
202106,4호선,경마공원,816,816,1632
202106,4호선,대공원,4380,4519,8899
202106,4호선,과천,2868,2762,5630
202106,4호선,정부과천청사,3861,4048,7909
202106,4호선,인덕원,9951,9849,19800
202106,4호선,평촌,5554,5457,11011
202106,4호선,범계,12951,12587,25538
202106,4호선,산본,7780,8191,15971
202106,4호선,대야미,2824,2624,5448
202106,4호선,반월,2431,2412,4843
202106,4호선,상록수,8563,8475,17038
202106,4호선,한대앞,4956,4879,9835
202106,4호선,중앙,10655,10332,20987
202106,4호선,고잔,4287,4122,8409
202106,4호선,초지,2195,2189,4384
202106,4호선,안산,9797,9056,18853
202106,4호선,신길온천,1077,1026,2103
202106,4호선,정왕,4887,5208,10095
202106,4호선,오이도,5786,5675,11461
202106,4호선,수리산,2008,2046,4054
202106,4호선,중앙,15887,16340,32227
202106,4호선,한대앞,7341,7302,14643
202106,4호선,상록수,12307,12108,24415
202106,4호선,반월,3372,3223,6595
202106,4호선,대야미,3997,3466,7463
202106,4호선,산본,12161,12940,25101
202106,4호선,쌍문,21359,18864,40223
202106,4호선,창동,18941,19764,38705
202106,4호선,노원,15675,17079,32754
202106,4호선,상계,13677,12849,26526
202106,4호선,당고개,9896,9407,19303
202106,4호선,남태령,982,695,1677
202106,4호선,사당,19598,16830,36428
202106,4호선,총신대입구,14223,15126,29349
202106,4호선,동작,2246,2285,4531
202106,4호선,이촌,6700,7453,14153
202106,4호선,신용산,9706,10654,20360
202106,4호선,삼각지,3005,4060,7065
202106,4호선,숙대입구,8633,8360,16993
202106,4호선,서울역,5190,11784,16974
202106,4호선,회현,17605,18909,36514
202106,4호선,명동,13967,16342,30309
202106,4호선,충무로,12523,12856,25379
202106,4호선,동대문역사문화공원,10860,9267,20127
202106,4호선,동대문,14874,14784,29658
202106,4호선,혜화,25487,26710,52197
202106,4호선,한성대입구,10674,10074,20748
202106,4호선,성신여대입구,16212,15020,31232
202106,4호선,길음,13846,13038,26884
202106,4호선,미아사거리,21580,20363,41943
202106,4호선,미아,10754,9940,20694
202106,4호선,수유,25801,24880,50681
202106,4호선,범계,19940,19629,39569
202106,4호선,평촌,9134,8929,18063
202106,4호선,인덕원,15475,14820,30295
202106,4호선,정부과천청사,5807,5922,11729
202106,4호선,과천,4178,3745,7923
202106,4호선,대공원,5966,6274,12240
202106,4호선,경마공원,1167,1132,2299
202106,4호선,선바위,5138,4513,9651
202106,4호선,고잔,6297,6435,12732
202106,4호선,초지,3220,3268,6488
202106,4호선,안산,9907,10528,20435
202106,4호선,신길온천,1498,1381,2879
202106,4호선,정왕,6450,6545,12995
202106,4호선,오이도,7881,8151,16032
202106,4호선,수리산,2927,2568,5495
202106,4호선,수리산,2092,2102,4194
202106,4호선,오이도,6088,6034,12122
202106,4호선,정왕,5067,5472,10539
202106,4호선,신길온천,1156,1127,2283
202106,4호선,안산,9926,8954,18880
202106,4호선,초지,2223,2226,4449
202106,4호선,고잔,4379,4231,8610
202106,4호선,중앙,11011,11189,22200
202106,4호선,한대앞,5137,4946,10083
202106,4호선,상록수,8652,8413,17065
202106,4호선,반월,2424,2377,4801
202106,4호선,대야미,3055,2817,5872
202106,4호선,산본,8267,8969,17236
202106,4호선,범계,13812,13147,26959
202106,4호선,평촌,5701,5431,11132
202106,4호선,인덕원,10341,10290,20631
202106,4호선,정부과천청사,4034,4125,8159
202106,4호선,과천,3039,2862,5901
202106,4호선,대공원,4969,5156,10125
202106,4호선,경마공원,948,913,1861
202106,4호선,선바위,3542,3285,6827
202106,4호선,쌍문,15170,13848,29018
202106,4호선,창동,13726,14468,28194
202106,4호선,노원,11031,11874,22905
202106,4호선,상계,9831,9251,19082
202106,4호선,당고개,7640,7326,14966
202106,4호선,남태령,615,488,1103
202106,4호선,사당,13369,12700,26069
202106,4호선,총신대입구,9610,10207,19817
202106,4호선,동작,1629,1689,3318
202106,4호선,이촌,4761,5468,10229
202106,4호선,신용산,7469,7635,15104
202106,4호선,삼각지,2004,2620,4624
202106,4호선,숙대입구,6710,6518,13228
202106,4호선,서울역,3648,8548,12196
202106,4호선,회현,7730,8057,15787
202106,4호선,명동,10363,10746,21109
202106,4호선,충무로,7953,8048,16001
202106,4호선,동대문역사문화공원,7784,7477,15261
202106,4호선,동대문,6363,6958,13321
202106,4호선,혜화,19744,20948,40692
202106,4호선,한성대입구,7190,7155,14345
202106,4호선,성신여대입구,11322,10947,22269
202106,4호선,길음,9547,9227,18774
202106,4호선,미아사거리,15259,14650,29909
202106,4호선,미아,7525,7248,14773
202106,4호선,수유,18850,17982,36832
202106,4호선,수리산,2845,2536,5381
202106,4호선,오이도,7691,7735,15426
202106,4호선,정왕,6227,6316,12543
202106,4호선,신길온천,1343,1390,2733
202106,4호선,안산,9665,10166,19831
202106,4호선,초지,2952,2985,5937
202106,4호선,고잔,5964,5876,11840
202106,4호선,중앙,15097,15762,30859
202106,4호선,선바위,4976,4361,9337
202106,4호선,수유,24917,24074,48991
202106,4호선,미아,10370,9582,19952
202106,4호선,미아사거리,21113,20102,41215
202106,4호선,길음,13455,12860,26315
202106,4호선,성신여대입구,15874,14685,30559
202106,4호선,한성대입구,10121,9606,19727
202106,4호선,혜화,24327,25559,49886
202106,4호선,동대문,13944,13865,27809
202106,4호선,동대문역사문화공원,11270,9852,21122
202106,4호선,충무로,12268,12818,25086
202106,4호선,명동,11915,14068,25983
202106,4호선,회현,16903,18321,35224
202106,4호선,서울역,4874,11733,16607
202106,4호선,숙대입구,8458,8200,16658
202106,4호선,삼각지,3143,4082,7225
202106,4호선,신용산,9610,10696,20306
202106,4호선,이촌,6332,7131,13463
202106,4호선,동작,1968,2053,4021
202106,4호선,총신대입구,13738,14837,28575
202106,4호선,사당,19110,16367,35477
202106,4호선,남태령,950,682,1632
202106,4호선,당고개,9416,8905,18321
202106,4호선,상계,13201,12301,25502
202106,4호선,노원,15080,16770,31850
202106,4호선,창동,18362,19046,37408
202106,4호선,쌍문,20181,18180,38361
202106,4호선,경마공원,1195,1129,2324
202106,4호선,대공원,4594,4930,9524
202106,4호선,과천,4006,3635,7641
202106,4호선,정부과천청사,5524,5508,11032
202106,4호선,인덕원,14976,14183,29159
202106,4호선,평촌,9047,9000,18047
202106,4호선,범계,19388,19027,38415
202106,4호선,산본,11543,12317,23860
202106,4호선,대야미,3781,3359,7140
202106,4호선,반월,3342,3130,6472
202106,4호선,상록수,11852,11877,23729
202106,4호선,한대앞,6792,6727,13519
202106,4호선,수유,18821,18067,36888
202106,4호선,미아,7707,7374,15081
202106,4호선,미아사거리,15389,14632,30021
202106,4호선,길음,9665,9500,19165
202106,4호선,성신여대입구,11650,11283,22933
202106,4호선,한성대입구,7358,7487,14845
202106,4호선,혜화,19680,20440,40120
202106,4호선,동대문,6350,6992,13342
202106,4호선,동대문역사문화공원,8278,7737,16015
202106,4호선,충무로,7889,8138,16027
202106,4호선,명동,10242,10282,20524
202106,4호선,신길온천,1114,1038,2152
202106,4호선,안산,9503,8679,18182
202106,4호선,초지,2244,2189,4433
202106,4호선,고잔,4334,4221,8555
202106,4호선,중앙,11113,11001,22114
202106,4호선,한대앞,5057,4996,10053
202106,4호선,상록수,8785,8525,17310
202106,4호선,반월,2382,2385,4767
202106,4호선,대야미,3046,2818,5864
202106,4호선,산본,8261,8817,17078
202106,4호선,오이도,6265,6005,12270
202106,4호선,수리산,2129,2170,4299
202106,4호선,범계,13970,13527,27497
202106,4호선,평촌,5750,5733,11483
202106,4호선,인덕원,10629,10620,21249
202106,4호선,정부과천청사,4103,4310,8413
202106,4호선,과천,3100,2966,6066
202106,4호선,대공원,4835,4998,9833
202106,4호선,경마공원,929,918,1847
202106,4호선,선바위,3644,3273,6917
202106,4호선,정왕,5020,5442,10462
202106,4호선,회현,8091,8357,16448
202106,4호선,서울역,3751,8847,12598
202106,4호선,숙대입구,6752,6469,13221
202106,4호선,삼각지,2219,2854,5073
202106,4호선,신용산,7274,7506,14780
202106,4호선,이촌,4936,5543,10479
202106,4호선,동작,1443,1463,2906
202106,4호선,총신대입구,9557,10451,20008
202106,4호선,사당,14001,12866,26867
202106,4호선,남태령,590,554,1144
202106,4호선,당고개,7817,7511,15328
202106,4호선,상계,9924,9313,19237
202106,4호선,노원,11423,12196,23619
202106,4호선,창동,13582,14250,27832
202106,4호선,쌍문,15180,14016,29196
202107,4호선,한대앞,6153,6109,12262
202107,4호선,상록수,10557,10792,21349
202107,4호선,반월,3034,2809,5843
202107,4호선,대야미,3485,3134,6619
202107,4호선,산본,10770,11516,22286
202107,4호선,범계,18017,17589,35606
202107,4호선,평촌,8289,8259,16548
202107,4호선,인덕원,13637,12490,26127
202107,4호선,정부과천청사,5147,5188,10335
202107,4호선,과천,3904,3764,7668
202107,4호선,대공원,3430,3563,6993
202107,4호선,경마공원,1020,1010,2030
202107,4호선,선바위,4741,4027,8768
202107,4호선,쌍문,19013,17438,36451
202107,4호선,창동,17045,18277,35322
202107,4호선,노원,14767,15595,30362
202107,4호선,상계,12400,11756,24156
202107,4호선,당고개,9038,8613,17651
202107,4호선,남태령,1003,685,1688
202107,4호선,사당,18344,15313,33657
202107,4호선,총신대입구,13055,14072,27127
202107,4호선,동작,1443,1506,2949
202107,4호선,이촌,5935,6434,12369
202107,4호선,신용산,8521,9482,18003
202107,4호선,삼각지,2859,3640,6499
202107,4호선,숙대입구,7842,7620,15462
202107,4호선,서울역,4692,10254,14946
202107,4호선,회현,16357,16422,32779
202107,4호선,명동,10773,12428,23201
202107,4호선,충무로,11350,11604,22954
202107,4호선,동대문역사문화공원,10278,8803,19081
202107,4호선,동대문,13055,12730,25785
202107,4호선,혜화,24036,24220,48256
202107,4호선,한성대입구,9435,9194,18629
202107,4호선,성신여대입구,14686,14202,28888
202107,4호선,길음,12352,12050,24402
202107,4호선,미아사거리,19737,19277,39014
202107,4호선,미아,9775,9375,19150
202107,4호선,수유,23476,23136,46612
202107,4호선,중앙,13621,14116,27737
202107,4호선,고잔,5579,5553,11132
202107,4호선,초지,2778,2773,5551
202107,4호선,안산,8321,8983,17304
202107,4호선,신길온천,1202,1139,2341
202107,4호선,정왕,5366,5670,11036
202107,4호선,오이도,6484,6530,13014
202107,4호선,수리산,2534,2247,4781
202107,4호선,수유,16112,15801,31913
202107,4호선,미아,6425,6259,12684
202107,4호선,미아사거리,12986,12443,25429
202107,4호선,길음,7864,7611,15475
202107,4호선,성신여대입구,10023,9763,19786
202107,4호선,한성대입구,6280,6211,12491
202107,4호선,혜화,16629,17427,34056
202107,4호선,동대문,4310,4910,9220
202107,4호선,동대문역사문화공원,6678,6388,13066
202107,4호선,충무로,6443,6507,12950
202107,4호선,명동,8089,8148,16237
202107,4호선,회현,6417,6462,12879
202107,4호선,서울역,3249,7140,10389
202107,4호선,숙대입구,5944,5852,11796
202107,4호선,삼각지,1791,2278,4069
202107,4호선,신용산,6508,6555,13063
202107,4호선,이촌,4051,4488,8539
202107,4호선,동작,1018,1046,2064
202107,4호선,총신대입구,8433,9178,17611
202107,4호선,사당,11353,10791,22144
202107,4호선,남태령,515,417,932
202107,4호선,당고개,6146,5847,11993
202107,4호선,상계,8043,7612,15655
202107,4호선,노원,9629,10483,20112
202107,4호선,창동,11444,11975,23419
202107,4호선,쌍문,12652,11534,24186
202107,4호선,선바위,2870,2723,5593
202107,4호선,경마공원,734,706,1440
202107,4호선,대공원,1771,1798,3569
202107,4호선,과천,2394,2287,4681
202107,4호선,정부과천청사,3112,3229,6341
202107,4호선,인덕원,8651,8071,16722
202107,4호선,평촌,5065,4986,10051
202107,4호선,범계,12036,11670,23706
202107,4호선,산본,7128,7730,14858
202107,4호선,대야미,2272,2154,4426
202107,4호선,반월,2027,2026,4053
202107,4호선,상록수,7639,7426,15065
202107,4호선,한대앞,4327,4154,8481
202107,4호선,중앙,9549,9461,19010
202107,4호선,고잔,3599,3417,7016
202107,4호선,초지,1850,1844,3694
202107,4호선,안산,8017,7311,15328
202107,4호선,신길온천,895,852,1747
202107,4호선,정왕,4222,4507,8729
202107,4호선,오이도,4596,4608,9204
202107,4호선,수리산,1679,1487,3166
202107,4호선,수리산,2537,2156,4693
202107,4호선,오이도,6034,6302,12336
202107,4호선,정왕,5558,5660,11218
202107,4호선,신길온천,1202,1189,2391
202107,4호선,안산,8251,8858,17109
202107,4호선,초지,2524,2606,5130
202107,4호선,고잔,4833,4713,9546
202107,4호선,중앙,12097,12690,24787
202107,4호선,한대앞,5730,5837,11567
202107,4호선,상록수,10227,10215,20442
202107,4호선,반월,2771,2605,5376
202107,4호선,대야미,3407,3013,6420
202107,4호선,산본,10234,10852,21086
202107,4호선,범계,15754,15612,31366
202107,4호선,평촌,7357,7333,14690
202107,4호선,인덕원,11965,11891,23856
202107,4호선,정부과천청사,4517,4564,9081
202107,4호선,과천,3216,3077,6293
202107,4호선,대공원,2806,2841,5647
202107,4호선,경마공원,982,951,1933
202107,4호선,선바위,3916,3637,7553
202107,4호선,수유,22213,21335,43548
202107,4호선,미아,9064,8661,17725
202107,4호선,미아사거리,18091,17392,35483
202107,4호선,길음,11336,10467,21803
202107,4호선,성신여대입구,13187,12476,25663
202107,4호선,한성대입구,8503,8256,16759
202107,4호선,혜화,18074,18617,36691
202107,4호선,동대문,11038,10821,21859
202107,4호선,동대문역사문화공원,8152,7010,15162
202107,4호선,충무로,9498,9892,19390
202107,4호선,명동,8925,10223,19148
202107,4호선,회현,12523,13290,25813
202107,4호선,서울역,4074,8169,12243
202107,4호선,숙대입구,6907,6540,13447
202107,4호선,삼각지,2383,2927,5310
202107,4호선,신용산,7586,8466,16052
202107,4호선,이촌,4657,5183,9840
202107,4호선,동작,1525,1557,3082
202107,4호선,총신대입구,11603,12384,23987
202107,4호선,사당,14439,12295,26734
202107,4호선,남태령,783,664,1447
202107,4호선,당고개,8653,8266,16919
202107,4호선,상계,11681,10948,22629
202107,4호선,노원,12994,14277,27271
202107,4호선,창동,16195,16968,33163
202107,4호선,쌍문,17843,16302,34145
202107,4호선,수유,15235,14899,30134
202107,4호선,미아,6170,5891,12061
202107,4호선,미아사거리,11922,11550,23472
202107,4호선,길음,7321,7199,14520
202107,4호선,성신여대입구,9434,9023,18457
202107,4호선,한성대입구,5819,5869,11688
202107,4호선,혜화,14085,14786,28871
202107,4호선,동대문,4375,5073,9448
202107,4호선,동대문역사문화공원,6115,5977,12092
202107,4호선,충무로,5442,5665,11107
202107,4호선,명동,6575,6685,13260
202107,4호선,회현,5834,5869,11703
202107,4호선,서울역,2851,5825,8676
202107,4호선,숙대입구,4830,4685,9515
202107,4호선,삼각지,1602,2156,3758
202107,4호선,신용산,5813,5896,11709
202107,4호선,이촌,3287,3603,6890
202107,4호선,동작,1102,1105,2207
202107,4호선,총신대입구,7711,8365,16076
202107,4호선,사당,10060,9443,19503
202107,4호선,남태령,444,423,867
202107,4호선,당고개,6240,6156,12396
202107,4호선,상계,7856,7356,15212
202107,4호선,노원,9028,9755,18783
202107,4호선,창동,10623,11281,21904
202107,4호선,쌍문,12287,11094,23381
202107,4호선,선바위,2557,2463,5020
202107,4호선,경마공원,710,691,1401
202107,4호선,대공원,2199,2322,4521
202107,4호선,과천,2198,2109,4307
202107,4호선,정부과천청사,3081,3198,6279
202107,4호선,인덕원,8138,8129,16267
202107,4호선,평촌,4699,4550,9249
202107,4호선,범계,10596,10256,20852
202107,4호선,산본,6377,6913,13290
202107,4호선,대야미,2282,2116,4398
202107,4호선,반월,1948,1972,3920
202107,4호선,상록수,6943,6994,13937
202107,4호선,한대앞,4078,4098,8176
202107,4호선,중앙,8855,8564,17419
202107,4호선,고잔,3336,3184,6520
202107,4호선,초지,1724,1556,3280
202107,4호선,안산,7821,7034,14855
202107,4호선,신길온천,932,861,1793
202107,4호선,정왕,4140,4607,8747
202107,4호선,오이도,4543,4367,8910
202107,4호선,수리산,1636,1532,3168
202107,4호선,삼각지,2106,2457,4563
202107,4호선,숙대입구,6053,5806,11859
202107,4호선,서울역,3575,6851,10426
202107,4호선,회현,12212,12784,24996
202107,4호선,명동,7599,8588,16187
202107,4호선,충무로,8357,8686,17043
202107,4호선,동대문역사문화공원,7695,6710,14405
202107,4호선,동대문,10647,10411,21058
202107,4호선,혜화,16373,16854,33227
202107,4호선,한성대입구,7603,7194,14797
202107,4호선,성신여대입구,12278,11509,23787
202107,4호선,길음,10096,9544,19640
202107,4호선,미아사거리,16621,16060,32681
202107,4호선,미아,8648,8266,16914
202107,4호선,수유,20414,19917,40331
202107,4호선,신용산,6870,7646,14516
202107,4호선,이촌,4335,4692,9027
202107,4호선,동작,1450,1437,2887
202107,4호선,총신대입구,10872,11843,22715
202107,4호선,사당,13443,11495,24938
202107,4호선,남태령,581,497,1078
202107,4호선,당고개,7884,7548,15432
202107,4호선,상계,10787,10265,21052
202107,4호선,노원,11711,12825,24536
202107,4호선,창동,14836,15771,30607
202107,4호선,쌍문,16326,14948,31274
202107,4호선,수리산,2283,2070,4353
202107,4호선,오이도,5784,5970,11754
202107,4호선,정왕,4941,5093,10034
202107,4호선,신길온천,1027,1041,2068
202107,4호선,안산,7582,8187,15769
202107,4호선,초지,2144,2246,4390
202107,4호선,고잔,4166,4106,8272
202107,4호선,중앙,10772,11189,21961
202107,4호선,한대앞,5099,5163,10262
202107,4호선,상록수,8995,9019,18014
202107,4호선,경마공원,839,863,1702
202107,4호선,대공원,2566,2750,5316
202107,4호선,과천,3069,2900,5969
202107,4호선,정부과천청사,4268,4320,8588
202107,4호선,인덕원,10861,10704,21565
202107,4호선,평촌,6480,6294,12774
202107,4호선,범계,14318,13900,28218
202107,4호선,선바위,3592,3350,6942
202107,4호선,산본,8916,9641,18557
202107,4호선,대야미,2929,2638,5567
202107,4호선,반월,2462,2409,4871
202107,4호선,수리산,1537,1492,3029
202107,4호선,오이도,4556,4702,9258
202107,4호선,정왕,3864,4202,8066
202107,4호선,신길온천,858,774,1632
202107,4호선,안산,7525,6757,14282
202107,4호선,초지,1580,1526,3106
202107,4호선,고잔,3077,2877,5954
202107,4호선,중앙,7965,7667,15632
202107,4호선,한대앞,3746,3810,7556
202107,4호선,상록수,6482,6347,12829
202107,4호선,반월,1715,1789,3504
202107,4호선,대야미,2135,2041,4176
202107,4호선,산본,6125,6473,12598
202107,4호선,범계,9828,9602,19430
202107,4호선,평촌,4123,4116,8239
202107,4호선,인덕원,7215,7237,14452
202107,4호선,정부과천청사,3053,3205,6258
202107,4호선,과천,2158,2080,4238
202107,4호선,대공원,2253,2327,4580
202107,4호선,경마공원,676,654,1330
202107,4호선,선바위,2287,2260,4547
202107,4호선,쌍문,11217,10041,21258
202107,4호선,창동,10346,10939,21285
202107,4호선,노원,8055,8754,16809
202107,4호선,상계,7450,7029,14479
202107,4호선,당고개,6196,6010,12206
202107,4호선,남태령,406,380,786
202107,4호선,사당,9403,8959,18362
202107,4호선,총신대입구,7026,7678,14704
202107,4호선,동작,1161,1199,2360
202107,4호선,이촌,2858,3296,6154
202107,4호선,신용산,5318,5524,10842
202107,4호선,삼각지,1384,1700,3084
202107,4호선,숙대입구,4195,4177,8372
202107,4호선,서울역,2705,5082,7787
202107,4호선,회현,5791,5911,11702
202107,4호선,명동,6032,6041,12073
202107,4호선,충무로,5099,5251,10350
202107,4호선,동대문역사문화공원,5908,6084,11992
202107,4호선,동대문,4403,5012,9415
202107,4호선,혜화,12988,13530,26518
202107,4호선,한성대입구,5431,5493,10924
202107,4호선,성신여대입구,8630,8547,17177
202107,4호선,길음,6876,6744,13620
202107,4호선,미아사거리,11575,11025,22600
202107,4호선,미아,5655,5468,11123
202107,4호선,수유,14379,13843,28222
202107,4호선,수유,20405,20109,40514
202107,4호선,미아,8435,8044,16479
202107,4호선,미아사거리,16844,16232,33076
202107,4호선,길음,10105,9617,19722
202107,4호선,성신여대입구,12370,11617,23987
202107,4호선,한성대입구,7372,7013,14385
202107,4호선,혜화,16744,17030,33774
202107,4호선,동대문,10375,10122,20497
202107,4호선,동대문역사문화공원,7479,6585,14064
202107,4호선,충무로,8518,8834,17352
202107,4호선,명동,7407,8352,15759
202107,4호선,회현,12217,12695,24912
202107,4호선,서울역,3682,7030,10712
202107,4호선,숙대입구,6208,5932,12140
202107,4호선,삼각지,2079,2482,4561
202107,4호선,신용산,6923,7321,14244
202107,4호선,이촌,4431,4843,9274
202107,4호선,동작,1228,1258,2486
202107,4호선,총신대입구,10675,11533,22208
202107,4호선,사당,13406,11269,24675
202107,4호선,남태령,724,585,1309
202107,4호선,당고개,7856,7575,15431
202107,4호선,상계,10836,10139,20975
202107,4호선,노원,12106,13063,25169
202107,4호선,창동,14641,15662,30303
202107,4호선,쌍문,16613,15385,31998
202107,4호선,선바위,3431,3128,6559
202107,4호선,경마공원,826,769,1595
202107,4호선,대공원,2198,2319,4517
202107,4호선,과천,3081,2826,5907
202107,4호선,정부과천청사,4357,4432,8789
202107,4호선,인덕원,10830,10625,21455
202107,4호선,평촌,6553,6422,12975
202107,4호선,범계,14389,14075,28464
202107,4호선,수리산,2217,1931,4148
202107,4호선,오이도,5860,5983,11843
202107,4호선,정왕,4730,4939,9669
202107,4호선,신길온천,992,1047,2039
202107,4호선,안산,7527,7843,15370
202107,4호선,초지,2220,2298,4518
202107,4호선,고잔,4062,4019,8081
202107,4호선,중앙,10699,11217,21916
202107,4호선,한대앞,5137,5253,10390
202107,4호선,상록수,9003,8873,17876
202107,4호선,반월,2568,2396,4964
202107,4호선,대야미,2880,2643,5523
202107,4호선,산본,8745,9469,18214
202107,4호선,수유,14061,13963,28024
202107,4호선,미아,5617,5308,10925
202107,4호선,미아사거리,11356,10838,22194
202107,4호선,길음,6769,6667,13436
202107,4호선,성신여대입구,8717,8493,17210
202107,4호선,한성대입구,5415,5438,10853
202107,4호선,혜화,13076,13656,26732
202107,4호선,동대문,4121,4812,8933
202107,4호선,동대문역사문화공원,5814,5846,11660
202107,4호선,충무로,4957,5152,10109
202107,4호선,명동,5875,5895,11770
202107,4호선,회현,5808,5980,11788
202107,4호선,서울역,2715,4980,7695
202107,4호선,숙대입구,4406,4136,8542
202107,4호선,삼각지,1456,1709,3165
202107,4호선,신용산,5049,5210,10259
202107,4호선,이촌,3246,3540,6786
202107,4호선,동작,1003,994,1997
202107,4호선,총신대입구,6814,7565,14379
202107,4호선,사당,9315,8780,18095
202107,4호선,남태령,406,370,776
202107,4호선,당고개,5963,5756,11719
202107,4호선,상계,7400,6895,14295
202107,4호선,노원,8271,8895,17166
202107,4호선,창동,9657,10243,19900
202107,4호선,쌍문,11044,10292,21336
202107,4호선,선바위,2346,2227,4573
202107,4호선,경마공원,627,626,1253
202107,4호선,대공원,2047,2114,4161
202107,4호선,과천,2156,2051,4207
202107,4호선,정부과천청사,2936,3117,6053
202107,4호선,인덕원,7185,7362,14547
202107,4호선,평촌,4181,4038,8219
202107,4호선,범계,10087,9676,19763
202107,4호선,산본,5917,6324,12241
202107,4호선,대야미,2060,1921,3981
202107,4호선,반월,1672,1681,3353
202107,4호선,상록수,6353,6390,12743
202107,4호선,한대앞,3667,3681,7348
202107,4호선,중앙,7924,7645,15569
202107,4호선,고잔,2868,2772,5640
202107,4호선,초지,1569,1529,3098
202107,4호선,안산,7096,6434,13530
202107,4호선,신길온천,772,749,1521
202107,4호선,정왕,3603,3984,7587
202107,4호선,오이도,4681,4580,9261
202107,4호선,수리산,1487,1416,2903
202107,4호선,범계,13802,13650,27452
202107,4호선,평촌,6262,6085,12347
202107,4호선,인덕원,10284,10191,20475
202107,4호선,정부과천청사,4054,4176,8230
202107,4호선,과천,3064,2819,5883
202107,4호선,대공원,2318,2437,4755
202107,4호선,경마공원,762,741,1503
202107,4호선,선바위,3433,3163,6596
202107,4호선,산본,8701,9503,18204
202107,4호선,대야미,2712,2413,5125
202107,4호선,반월,2481,2317,4798
202107,4호선,상록수,8544,8723,17267
202107,4호선,한대앞,4853,4981,9834
202107,4호선,중앙,10372,10868,21240
202107,4호선,고잔,3867,3792,7659
202107,4호선,초지,2183,2174,4357
202107,4호선,안산,7684,7959,15643
202107,4호선,신길온천,1003,954,1957
202107,4호선,정왕,4801,4864,9665
202107,4호선,오이도,5862,6020,11882
202107,4호선,수리산,2101,1814,3915
202107,4호선,쌍문,16102,14533,30635
202107,4호선,창동,14269,15257,29526
202107,4호선,노원,11652,12719,24371
202107,4호선,상계,10243,9739,19982
202107,4호선,당고개,7549,7108,14657
202107,4호선,남태령,588,505,1093
202107,4호선,사당,13318,11339,24657
202107,4호선,총신대입구,10529,11375,21904
202107,4호선,동작,1207,1255,2462
202107,4호선,이촌,4370,4870,9240
202107,4호선,신용산,6620,7501,14121
202107,4호선,삼각지,2091,2434,4525
202107,4호선,숙대입구,6168,5933,12101
202107,4호선,서울역,3642,7363,11005
202107,4호선,회현,12413,13193,25606
202107,4호선,명동,7714,8850,16564
202107,4호선,충무로,8250,8291,16541
202107,4호선,동대문역사문화공원,7593,6672,14265
202107,4호선,동대문,10242,10085,20327
202107,4호선,혜화,16485,17182,33667
202107,4호선,한성대입구,7352,6974,14326
202107,4호선,성신여대입구,12152,11384,23536
202107,4호선,길음,9635,9190,18825
202107,4호선,미아사거리,16308,15562,31870
202107,4호선,미아,8307,7829,16136
202107,4호선,수유,19768,19165,38933
202108,4호선,수리산,1449,1292,2741
202108,4호선,오이도,4417,4225,8642
202108,4호선,정왕,3703,3807,7510
202108,4호선,신길온천,782,740,1522
202108,4호선,안산,6721,6363,13084
202108,4호선,초지,1478,1452,2930
202108,4호선,고잔,2828,2604,5432
202108,4호선,중앙,7336,7269,14605
202108,4호선,한대앞,3676,3589,7265
202108,4호선,상록수,6169,5903,12072
202108,4호선,반월,1681,1669,3350
202108,4호선,대야미,1960,1859,3819
202108,4호선,산본,5806,6205,12011
202108,4호선,범계,9544,9409,18953
202108,4호선,평촌,3932,3921,7853
202108,4호선,인덕원,6988,6972,13960
202108,4호선,정부과천청사,2689,2856,5545
202108,4호선,과천,2062,2011,4073
202108,4호선,대공원,1843,1884,3727
202108,4호선,경마공원,588,595,1183
202108,4호선,선바위,2361,2238,4599
202108,4호선,쌍문,10842,10027,20869
202108,4호선,창동,9943,10614,20557
202108,4호선,노원,8316,8683,16999
202108,4호선,상계,7162,6763,13925
202108,4호선,당고개,5622,5441,11063
202108,4호선,남태령,444,385,829
202108,4호선,사당,9424,8501,17925
202108,4호선,총신대입구,6856,7522,14378
202108,4호선,동작,844,898,1742
202108,4호선,이촌,2989,3216,6205
202108,4호선,신용산,5095,5202,10297
202108,4호선,삼각지,1434,1846,3280
202108,4호선,숙대입구,3993,3885,7878
202108,4호선,서울역,2594,5476,8070
202108,4호선,회현,5648,5804,11452
202108,4호선,명동,6196,6214,12410
202108,4호선,충무로,4825,5115,9940
202108,4호선,동대문역사문화공원,5663,5720,11383
202108,4호선,동대문,3903,4672,8575
202108,4호선,혜화,13273,13748,27021
202108,4호선,한성대입구,5234,5348,10582
202108,4호선,성신여대입구,8594,8394,16988
202108,4호선,길음,6658,6617,13275
202108,4호선,미아사거리,11165,10798,21963
202108,4호선,미아,5531,5290,10821
202108,4호선,수유,14176,13517,27693
202108,4호선,수유,20702,20277,40979
202108,4호선,미아,8661,8266,16927
202108,4호선,미아사거리,17152,16587,33739
202108,4호선,길음,10365,9762,20127
202108,4호선,성신여대입구,12938,12141,25079
202108,4호선,한성대입구,7896,7441,15337
202108,4호선,혜화,18376,18833,37209
202108,4호선,동대문,10720,10854,21574
202108,4호선,동대문역사문화공원,7930,7061,14991
202108,4호선,충무로,8927,9065,17992
202108,4호선,명동,8208,9215,17423
202108,4호선,회현,12496,13305,25801
202108,4호선,서울역,3785,7284,11069
202108,4호선,숙대입구,7008,6765,13773
202108,4호선,삼각지,2238,2643,4881
202108,4호선,신용산,7279,8099,15378
202108,4호선,이촌,4749,5217,9966
202108,4호선,동작,1404,1383,2787
202108,4호선,총신대입구,11245,12077,23322
202108,4호선,사당,13908,12223,26131
202108,4호선,남태령,630,566,1196
202108,4호선,당고개,7797,7575,15372
202108,4호선,상계,10997,10414,21411
202108,4호선,노원,12644,13792,26436
202108,4호선,창동,15388,16257,31645
202108,4호선,쌍문,17117,15631,32748
202108,4호선,선바위,3556,3354,6910
202108,4호선,경마공원,861,835,1696
202108,4호선,대공원,2829,2978,5807
202108,4호선,과천,3202,2923,6125
202108,4호선,정부과천청사,4460,4481,8941
202108,4호선,인덕원,10698,10640,21338
202108,4호선,평촌,6600,6444,13044
202108,4호선,범계,14913,13897,28810
202108,4호선,산본,9360,10146,19506
202108,4호선,대야미,2945,2691,5636
202108,4호선,반월,2511,2453,4964
202108,4호선,상록수,9356,9494,18850
202108,4호선,한대앞,5352,5327,10679
202108,4호선,중앙,11571,11888,23459
202108,4호선,고잔,4173,4052,8225
202108,4호선,초지,2261,2428,4689
202108,4호선,안산,7510,7558,15068
202108,4호선,신길온천,1055,1027,2082
202108,4호선,정왕,4827,5066,9893
202108,4호선,오이도,6244,6436,12680
202108,4호선,수리산,2296,1966,4262
202108,4호선,수리산,1555,1495,3050
202108,4호선,오이도,4853,4830,9683
202108,4호선,정왕,3702,3944,7646
202108,4호선,신길온천,781,823,1604
202108,4호선,안산,6622,6164,12786
202108,4호선,초지,1585,1527,3112
202108,4호선,고잔,3014,2919,5933
202108,4호선,중앙,7880,7683,15563
202108,4호선,한대앞,3853,3831,7684
202108,4호선,상록수,6653,6568,13221
202108,4호선,반월,1785,1785,3570
202108,4호선,대야미,2174,1986,4160
202108,4호선,산본,6363,6961,13324
202108,4호선,범계,10463,10064,20527
202108,4호선,평촌,4398,4354,8752
202108,4호선,인덕원,7630,7720,15350
202108,4호선,정부과천청사,2961,3202,6163
202108,4호선,과천,2336,2154,4490
202108,4호선,대공원,2478,2485,4963
202108,4호선,경마공원,704,669,1373
202108,4호선,선바위,2503,2383,4886
202108,4호선,수유,14678,14281,28959
202108,4호선,미아,6066,5762,11828
202108,4호선,미아사거리,11634,11058,22692
202108,4호선,길음,7072,7064,14136
202108,4호선,성신여대입구,8998,8817,17815
202108,4호선,한성대입구,5790,5648,11438
202108,4호선,혜화,14252,15072,29324
202108,4호선,동대문,4174,4136,8310
202108,4호선,동대문역사문화공원,6020,5321,11341
202108,4호선,충무로,5260,5430,10690
202108,4호선,명동,6041,6179,12220
202108,4호선,회현,5748,5850,11598
202108,4호선,서울역,2771,5368,8139
202108,4호선,숙대입구,4241,4124,8365
202108,4호선,삼각지,1507,1943,3450
202108,4호선,신용산,5333,5484,10817
202108,4호선,이촌,3305,3721,7026
202108,4호선,동작,946,937,1883
202108,4호선,총신대입구,7483,8196,15679
202108,4호선,사당,9985,9450,19435
202108,4호선,남태령,437,400,837
202108,4호선,당고개,6220,6055,12275
202108,4호선,상계,7568,7110,14678
202108,4호선,노원,8602,9182,17784
202108,4호선,창동,10566,11108,21674
202108,4호선,쌍문,11532,10624,22156
202108,4호선,수리산,2304,2046,4350
202108,4호선,오이도,6283,6493,12776
202108,4호선,정왕,5120,5286,10406
202108,4호선,신길온천,1116,1038,2154
202108,4호선,안산,7961,8124,16085
202108,4호선,초지,2498,2529,5027
202108,4호선,고잔,4656,4474,9130
202108,4호선,중앙,11485,12024,23509
202108,4호선,한대앞,5437,5572,11009
202108,4호선,상록수,9778,9918,19696
202108,4호선,반월,2676,2607,5283
202108,4호선,대야미,3070,2769,5839
202108,4호선,산본,9702,10412,20114
202108,4호선,범계,15189,14908,30097
202108,4호선,평촌,6914,6677,13591
202108,4호선,인덕원,11437,11280,22717
202108,4호선,정부과천청사,4439,4481,8920
202108,4호선,과천,3462,3059,6521
202108,4호선,대공원,3281,3450,6731
202108,4호선,경마공원,869,794,1663
202108,4호선,선바위,3854,3628,7482
202108,4호선,쌍문,17127,15549,32676
202108,4호선,창동,15607,16227,31834
202108,4호선,노원,12734,13618,26352
202108,4호선,상계,11393,10822,22215
202108,4호선,당고개,8412,8295,16707
202108,4호선,남태령,676,519,1195
202108,4호선,사당,14427,12368,26795
202108,4호선,총신대입구,11303,12266,23569
202108,4호선,동작,1560,1516,3076
202108,4호선,이촌,4976,5489,10465
202108,4호선,신용산,7588,8681,16269
202108,4호선,삼각지,2148,2821,4969
202108,4호선,숙대입구,6633,6301,12934
202108,4호선,서울역,4213,8882,13095
202108,4호선,회현,11137,11798,22935
202108,4호선,명동,8981,10165,19146
202108,4호선,충무로,9323,9472,18795
202108,4호선,동대문역사문화공원,8060,7307,15367
202108,4호선,동대문,10120,10293,20413
202108,4호선,혜화,18752,19488,38240
202108,4호선,한성대입구,8185,7662,15847
202108,4호선,성신여대입구,13146,12390,25536
202108,4호선,길음,11046,10228,21274
202108,4호선,미아사거리,17429,16368,33797
202108,4호선,미아,8756,8385,17141
202108,4호선,수유,21168,20543,41711
202108,4호선,수리산,1696,1724,3420
202108,4호선,오이도,5792,5700,11492
202108,4호선,정왕,4181,4193,8374
202108,4호선,신길온천,881,836,1717
202108,4호선,안산,7427,6904,14331
202108,4호선,초지,1796,1826,3622
202108,4호선,고잔,3380,3289,6669
202108,4호선,중앙,8987,8985,17972
202108,4호선,한대앞,4113,4091,8204
202108,4호선,상록수,7216,7166,14382
202108,4호선,반월,1988,2039,4027
202108,4호선,대야미,2301,2112,4413
202108,4호선,산본,7084,7576,14660
202108,4호선,범계,11380,11092,22472
202108,4호선,평촌,4574,4496,9070
202108,4호선,인덕원,8355,8378,16733
202108,4호선,정부과천청사,3280,3470,6750
202108,4호선,과천,2606,2365,4971
202108,4호선,대공원,3635,3653,7288
202108,4호선,경마공원,697,713,1410
202108,4호선,선바위,2743,2548,5291
202108,4호선,쌍문,12439,11564,24003
202108,4호선,창동,11640,12322,23962
202108,4호선,노원,9247,10304,19551
202108,4호선,상계,8171,7674,15845
202108,4호선,당고개,6561,6460,13021
202108,4호선,남태령,504,444,948
202108,4호선,사당,10750,9781,20531
202108,4호선,총신대입구,7997,8730,16727
202108,4호선,동작,1425,1498,2923
202108,4호선,이촌,3623,4194,7817
202108,4호선,신용산,6037,6239,12276
202108,4호선,삼각지,1634,2107,3741
202108,4호선,숙대입구,5222,4947,10169
202108,4호선,서울역,3125,6071,9196
202108,4호선,회현,6703,7022,13725
202108,4호선,명동,7795,8134,15929
202108,4호선,충무로,6027,6066,12093
202108,4호선,동대문역사문화공원,6764,6075,12839
202108,4호선,동대문,5254,5288,10542
202108,4호선,혜화,15991,16955,32946
202108,4호선,한성대입구,6297,6216,12513
202108,4호선,성신여대입구,9705,9316,19021
202108,4호선,길음,7580,7320,14900
202108,4호선,미아사거리,12582,12150,24732
202108,4호선,미아,6283,5915,12198
202108,4호선,수유,16148,15394,31542
202108,4호선,수리산,2071,1716,3787
202108,4호선,오이도,4973,5084,10057
202108,4호선,정왕,4452,4667,9119
202108,4호선,신길온천,986,932,1918
202108,4호선,안산,6684,6926,13610
202108,4호선,초지,2243,2217,4460
202108,4호선,고잔,4110,3995,8105
202108,4호선,중앙,10250,10690,20940
202108,4호선,한대앞,4954,4911,9865
202108,4호선,상록수,8873,8939,17812
202108,4호선,반월,2389,2309,4698
202108,4호선,대야미,2684,2449,5133
202108,4호선,산본,8640,9339,17979
202108,4호선,범계,13955,13637,27592
202108,4호선,평촌,6651,6415,13066
202108,4호선,인덕원,10448,10462,20910
202108,4호선,정부과천청사,3999,4046,8045
202108,4호선,과천,3034,2840,5874
202108,4호선,대공원,1763,1879,3642
202108,4호선,경마공원,771,773,1544
202108,4호선,선바위,3537,3278,6815
202108,4호선,쌍문,16172,15038,31210
202108,4호선,창동,14268,15064,29332
202108,4호선,노원,11768,12662,24430
202108,4호선,상계,10372,9861,20233
202108,4호선,당고개,7053,6791,13844
202108,4호선,남태령,632,481,1113
202108,4호선,사당,13661,11549,25210
202108,4호선,총신대입구,10475,11338,21813
202108,4호선,동작,1026,1062,2088
202108,4호선,이촌,4201,4584,8785
202108,4호선,신용산,6814,7595,14409
202108,4호선,삼각지,2255,2713,4968
202108,4호선,숙대입구,6283,6008,12291
202108,4호선,서울역,3704,7816,11520
202108,4호선,회현,11356,11841,23197
202108,4호선,명동,7444,8517,15961
202108,4호선,충무로,8428,8759,17187
202108,4호선,동대문역사문화공원,7824,6726,14550
202108,4호선,동대문,9781,9590,19371
202108,4호선,혜화,18279,18867,37146
202108,4호선,한성대입구,7554,7106,14660
202108,4호선,성신여대입구,12143,11587,23730
202108,4호선,길음,9982,9563,19545
202108,4호선,미아사거리,15947,15397,31344
202108,4호선,미아,7934,7682,15616
202108,4호선,수유,19735,19574,39309
202108,4호선,수유,16630,15796,32426
202108,4호선,미아,6411,6148,12559
202108,4호선,미아사거리,12710,12240,24950
202108,4호선,길음,8029,7853,15882
202108,4호선,성신여대입구,10300,10029,20329
202108,4호선,한성대입구,6569,6605,13174
202108,4호선,혜화,16517,17338,33855
202108,4호선,동대문,5004,5452,10456
202108,4호선,동대문역사문화공원,7028,6893,13921
202108,4호선,충무로,6076,6373,12449
202108,4호선,명동,7393,7645,15038
202108,4호선,회현,6493,6691,13184
202108,4호선,서울역,3038,6023,9061
202108,4호선,숙대입구,5061,4932,9993
202108,4호선,삼각지,1755,2230,3985
202108,4호선,신용산,5967,6026,11993
202108,4호선,이촌,3788,4116,7904
202108,4호선,동작,1351,1337,2688
202108,4호선,총신대입구,8367,9092,17459
202108,4호선,사당,11140,10506,21646
202108,4호선,남태령,584,494,1078
202108,4호선,당고개,7109,6802,13911
202108,4호선,상계,8642,8032,16674
202108,4호선,노원,9521,10124,19645
202108,4호선,창동,11638,12238,23876
202108,4호선,쌍문,12958,11749,24707
202108,4호선,선바위,2934,2862,5796
202108,4호선,경마공원,739,731,1470
202108,4호선,대공원,3458,3530,6988
202108,4호선,과천,2585,2418,5003
202108,4호선,정부과천청사,3484,3545,7029
202108,4호선,인덕원,8682,8817,17499
202108,4호선,평촌,4851,4675,9526
202108,4호선,범계,11748,11552,23300
202108,4호선,산본,7152,7487,14639
202108,4호선,대야미,2525,2369,4894
202108,4호선,반월,2046,2053,4099
202108,4호선,상록수,7511,7301,14812
202108,4호선,한대앞,4312,4207,8519
202108,4호선,중앙,9169,9177,18346
202108,4호선,고잔,3462,3322,6784
202108,4호선,초지,1819,1803,3622
202108,4호선,안산,7503,6989,14492
202108,4호선,신길온천,953,917,1870
202108,4호선,정왕,4091,4325,8416
202108,4호선,오이도,5154,5027,10181
202108,4호선,수리산,1741,1646,3387
202108,4호선,오이도,6823,6880,13703
202108,4호선,수유,23044,22623,45667
202108,4호선,미아,9432,8985,18417
202108,4호선,미아사거리,18886,18072,36958
202108,4호선,길음,11916,11224,23140
202108,4호선,성신여대입구,14067,13416,27483
202108,4호선,한성대입구,8783,8469,17252
202108,4호선,혜화,21296,22313,43609
202108,4호선,동대문,12502,12444,24946
202108,4호선,동대문역사문화공원,8901,7673,16574
202108,4호선,충무로,10450,11102,21552
202108,4호선,명동,9843,11294,21137
202108,4호선,회현,14799,15680,30479
202108,4호선,서울역,4344,8702,13046
202108,4호선,숙대입구,7008,6763,13771
202108,4호선,삼각지,2575,3271,5846
202108,4호선,신용산,7920,8790,16710
202108,4호선,이촌,5180,5785,10965
202108,4호선,동작,1798,1667,3465
202108,4호선,총신대입구,12387,13505,25892
202108,4호선,사당,16224,13853,30077
202108,4호선,남태령,799,589,1388
202108,4호선,당고개,8740,8393,17133
202108,4호선,상계,12229,11403,23632
202108,4호선,노원,13374,14754,28128
202108,4호선,창동,16984,17710,34694
202108,4호선,쌍문,18547,16992,35539
202108,4호선,선바위,4339,3913,8252
202108,4호선,경마공원,848,863,1711
202108,4호선,대공원,4623,4883,9506
202108,4호선,과천,3703,3339,7042
202108,4호선,정부과천청사,5074,5156,10230
202108,4호선,인덕원,12660,12431,25091
202108,4호선,평촌,7661,7455,15116
202108,4호선,범계,16585,16296,32881
202108,4호선,산본,10668,11599,22267
202108,4호선,대야미,3528,3146,6674
202108,4호선,반월,2996,2806,5802
202108,4호선,상록수,10467,10589,21056
202108,4호선,한대앞,6042,6023,12065
202108,4호선,중앙,13009,13478,26487
202108,4호선,고잔,5213,5068,10281
202108,4호선,초지,2764,2800,5564
202108,4호선,안산,8172,8384,16556
202108,4호선,신길온천,1211,1210,2421
202108,4호선,정왕,5322,5486,10808
202108,4호선,수리산,2619,2351,4970
202108,4호선,산본,7248,7643,14891
202108,4호선,대야미,2541,2315,4856
202108,4호선,반월,2046,2056,4102
202108,4호선,상록수,7554,7335,14889
202108,4호선,한대앞,4487,4247,8734
202108,4호선,중앙,9400,9533,18933
202108,4호선,고잔,3575,3506,7081
202108,4호선,초지,2010,1856,3866
202108,4호선,안산,7655,6928,14583
202108,4호선,신길온천,856,871,1727
202108,4호선,정왕,4317,4672,8989
202108,4호선,오이도,5126,5052,10178
202108,4호선,수리산,1739,1644,3383
202108,4호선,수유,16877,16121,32998
202108,4호선,미아,6633,6403,13036
202108,4호선,미아사거리,13470,12857,26327
202108,4호선,길음,8431,8173,16604
202108,4호선,성신여대입구,10508,10164,20672
202108,4호선,한성대입구,6367,6395,12762
202108,4호선,혜화,17265,18448,35713
202108,4호선,동대문,5250,5845,11095
202108,4호선,동대문역사문화공원,6495,6404,12899
202108,4호선,충무로,6661,7013,13674
202108,4호선,명동,7636,7942,15578
202108,4호선,회현,6394,6738,13132
202108,4호선,서울역,3187,6311,9498
202108,4호선,숙대입구,4958,4945,9903
202108,4호선,삼각지,1832,2392,4224
202108,4호선,신용산,6108,6351,12459
202108,4호선,이촌,3776,4305,8081
202108,4호선,동작,1371,1320,2691
202108,4호선,총신대입구,8245,9032,17277
202108,4호선,사당,11757,10778,22535
202108,4호선,남태령,520,415,935
202108,4호선,당고개,6701,6338,13039
202108,4호선,상계,8672,8133,16805
202108,4호선,노원,9746,10473,20219
202108,4호선,창동,12370,12868,25238
202108,4호선,쌍문,13111,11877,24988
202108,4호선,경마공원,742,714,1456
202108,4호선,대공원,3544,3640,7184
202108,4호선,과천,2622,2400,5022
202108,4호선,정부과천청사,3305,3525,6830
202108,4호선,인덕원,8988,9022,18010
202108,4호선,평촌,5186,4930,10116
202108,4호선,범계,11986,11649,23635
202108,4호선,선바위,2986,2873,5859
202109,4호선,수유,23527,22868,46395
202109,4호선,미아,9728,9097,18825
202109,4호선,미아사거리,19879,19046,38925
202109,4호선,길음,12477,11597,24074
202109,4호선,성신여대입구,14912,14080,28992
202109,4호선,한성대입구,9693,9264,18957
202109,4호선,혜화,22045,23107,45152
202109,4호선,동대문,13103,13184,26287
202109,4호선,동대문역사문화공원,9640,8580,18220
202109,4호선,충무로,11057,11633,22690
202109,4호선,명동,11331,12904,24235
202109,4호선,회현,15555,16674,32229
202109,4호선,서울역,4560,9299,13859
202109,4호선,숙대입구,7763,7371,15134
202109,4호선,삼각지,2877,3794,6671
202109,4호선,신용산,8740,9539,18279
202109,4호선,이촌,5631,6420,12051
202109,4호선,동작,1975,1981,3956
202109,4호선,총신대입구,12933,14009,26942
202109,4호선,사당,17041,15051,32092
202109,4호선,남태령,804,650,1454
202109,4호선,당고개,8861,8433,17294
202109,4호선,상계,12881,12045,24926
202109,4호선,노원,14128,15575,29703
202109,4호선,창동,17237,18167,35404
202109,4호선,쌍문,19381,17748,37129
202109,4호선,선바위,4546,4026,8572
202109,4호선,경마공원,956,952,1908
202109,4호선,대공원,5598,5903,11501
202109,4호선,과천,4027,3565,7592
202109,4호선,정부과천청사,5413,5456,10869
202109,4호선,인덕원,13777,13390,27167
202109,4호선,평촌,8178,7961,16139
202109,4호선,범계,17797,17119,34916
202109,4호선,산본,10950,11772,22722
202109,4호선,대야미,3636,3172,6808
202109,4호선,반월,3041,2927,5968
202109,4호선,상록수,10909,11010,21919
202109,4호선,한대앞,6508,6355,12863
202109,4호선,중앙,13528,13997,27525
202109,4호선,고잔,5535,5435,10970
202109,4호선,초지,2761,3012,5773
202109,4호선,안산,8449,8497,16946
202109,4호선,신길온천,1202,1246,2448
202109,4호선,정왕,5609,5761,11370
202109,4호선,오이도,7322,7576,14898
202109,4호선,수리산,2695,2461,5156
202109,4호선,수리산,1919,1968,3887
202109,4호선,오이도,5795,5568,11363
202109,4호선,정왕,4626,5080,9706
202109,4호선,신길온천,1003,921,1924
202109,4호선,안산,8016,7478,15494
202109,4호선,초지,2197,2074,4271
202109,4호선,고잔,4181,3957,8138
202109,4호선,중앙,9738,9824,19562
202109,4호선,한대앞,4805,4728,9533
202109,4호선,상록수,8020,7814,15834
202109,4호선,반월,2217,2141,4358
202109,4호선,대야미,2761,2510,5271
202109,4호선,산본,7664,8204,15868
202109,4호선,범계,12704,12177,24881
202109,4호선,평촌,5356,5260,10616
202109,4호선,인덕원,9572,9612,19184
202109,4호선,정부과천청사,3702,3860,7562
202109,4호선,과천,2865,2663,5528
202109,4호선,대공원,4789,4985,9774
202109,4호선,경마공원,801,790,1591
202109,4호선,선바위,3329,3061,6390
202109,4호선,쌍문,13934,12551,26485
202109,4호선,창동,12425,13123,25548
202109,4호선,노원,10052,10769,20821
202109,4호선,상계,9261,8619,17880
202109,4호선,당고개,7004,6853,13857
202109,4호선,남태령,602,506,1108
202109,4호선,사당,12412,11555,23967
202109,4호선,총신대입구,8792,9604,18396
202109,4호선,동작,1508,1476,2984
202109,4호선,이촌,3876,4527,8403
202109,4호선,신용산,6540,6784,13324
202109,4호선,삼각지,1978,2715,4693
202109,4호선,숙대입구,5616,5495,11111
202109,4호선,서울역,3454,6808,10262
202109,4호선,회현,6940,7308,14248
202109,4호선,명동,8721,9049,17770
202109,4호선,충무로,7271,7375,14646
202109,4호선,동대문역사문화공원,7035,6813,13848
202109,4호선,동대문,5859,6327,12186
202109,4호선,혜화,17533,18791,36324
202109,4호선,한성대입구,6623,6561,13184
202109,4호선,성신여대입구,10928,10647,21575
202109,4호선,길음,8720,8642,17362
202109,4호선,미아사거리,13973,13287,27260
202109,4호선,미아,7040,6796,13836
202109,4호선,수유,17206,16651,33857
202109,4호선,수유,24360,23631,47991
202109,4호선,미아,10173,9888,20061
202109,4호선,미아사거리,20511,19367,39878
202109,4호선,길음,12954,12176,25130
202109,4호선,성신여대입구,16100,15337,31437
202109,4호선,한성대입구,9790,9430,19220
202109,4호선,혜화,22480,23765,46245
202109,4호선,동대문,13519,13335,26854
202109,4호선,동대문역사문화공원,9980,8634,18614
202109,4호선,충무로,11651,12079,23730
202109,4호선,명동,10987,12472,23459
202109,4호선,회현,15490,16716,32206
202109,4호선,서울역,4600,9748,14348
202109,4호선,숙대입구,7888,7602,15490
202109,4호선,삼각지,2959,3819,6778
202109,4호선,신용산,8838,9959,18797
202109,4호선,이촌,5884,6613,12497
202109,4호선,동작,1838,1986,3824
202109,4호선,총신대입구,13400,14417,27817
202109,4호선,사당,17904,15451,33355
202109,4호선,남태령,946,775,1721
202109,4호선,당고개,9473,8997,18470
202109,4호선,상계,13385,12586,25971
202109,4호선,노원,14689,16114,30803
202109,4호선,창동,17914,18610,36524
202109,4호선,쌍문,20211,18097,38308
202109,4호선,선바위,4754,4213,8967
202109,4호선,경마공원,1038,1064,2102
202109,4호선,대공원,5637,5841,11478
202109,4호선,과천,4048,3569,7617
202109,4호선,정부과천청사,5593,5668,11261
202109,4호선,인덕원,13996,13752,27748
202109,4호선,평촌,8191,7987,16178
202109,4호선,범계,17777,17308,35085
202109,4호선,산본,11201,12154,23355
202109,4호선,대야미,3713,3296,7009
202109,4호선,반월,3160,2968,6128
202109,4호선,상록수,11243,11312,22555
202109,4호선,한대앞,6567,6572,13139
202109,4호선,중앙,14297,14546,28843
202109,4호선,고잔,5536,5478,11014
202109,4호선,초지,2909,2987,5896
202109,4호선,안산,8712,8940,17652
202109,4호선,신길온천,1284,1322,2606
202109,4호선,정왕,5765,5807,11572
202109,4호선,오이도,7325,7585,14910
202109,4호선,수리산,2701,2464,5165
202109,4호선,수리산,2011,2019,4030
202109,4호선,오이도,5714,5647,11361
202109,4호선,정왕,4466,5164,9630
202109,4호선,신길온천,1082,1014,2096
202109,4호선,안산,8162,7612,15774
202109,4호선,초지,2168,2065,4233
202109,4호선,고잔,4126,3944,8070
202109,4호선,중앙,10460,10519,20979
202109,4호선,한대앞,4920,4861,9781
202109,4호선,상록수,8420,8164,16584
202109,4호선,반월,2297,2274,4571
202109,4호선,대야미,2791,2618,5409
202109,4호선,산본,8066,8577,16643
202109,4호선,범계,12920,12650,25570
202109,4호선,평촌,5639,5416,11055
202109,4호선,인덕원,9938,9912,19850
202109,4호선,정부과천청사,3895,4026,7921
202109,4호선,과천,3044,2855,5899
202109,4호선,대공원,4692,4875,9567
202109,4호선,경마공원,918,887,1805
202109,4호선,선바위,3312,3109,6421
202109,4호선,수유,18163,17494,35657
202109,4호선,미아,7325,7007,14332
202109,4호선,미아사거리,14615,13662,28277
202109,4호선,길음,9015,8856,17871
202109,4호선,성신여대입구,11470,11098,22568
202109,4호선,한성대입구,7106,7150,14256
202109,4호선,혜화,18031,19059,37090
202109,4호선,동대문,6024,6672,12696
202109,4호선,동대문역사문화공원,7579,7280,14859
202109,4호선,충무로,7655,7732,15387
202109,4호선,명동,8996,9388,18384
202109,4호선,회현,7313,7860,15173
202109,4호선,서울역,3477,7161,10638
202109,4호선,숙대입구,5852,5563,11415
202109,4호선,삼각지,2016,2599,4615
202109,4호선,신용산,7038,7077,14115
202109,4호선,이촌,4117,4717,8834
202109,4호선,동작,1530,1592,3122
202109,4호선,총신대입구,9260,10199,19459
202109,4호선,사당,12870,12018,24888
202109,4호선,남태령,570,493,1063
202109,4호선,당고개,7323,7196,14519
202109,4호선,상계,9464,8951,18415
202109,4호선,노원,10756,11826,22582
202109,4호선,창동,13229,13838,27067
202109,4호선,쌍문,14240,12880,27120
202109,4호선,수유,23537,21893,45430
202109,4호선,미아,9769,9255,19024
202109,4호선,미아사거리,19349,18088,37437
202109,4호선,길음,11955,11046,23001
202109,4호선,성신여대입구,14459,12825,27284
202109,4호선,한성대입구,9076,8451,17527
202109,4호선,혜화,20358,20369,40727
202109,4호선,동대문,11330,11485,22815
202109,4호선,동대문역사문화공원,8828,8118,16946
202109,4호선,충무로,9830,9994,19824
202109,4호선,명동,10320,11644,21964
202109,4호선,회현,13768,15105,28873
202109,4호선,서울역,4433,9478,13911
202109,4호선,숙대입구,7082,6647,13729
202109,4호선,삼각지,2595,2979,5574
202109,4호선,신용산,7658,9006,16664
202109,4호선,이촌,5319,5981,11300
202109,4호선,동작,1722,1763,3485
202109,4호선,총신대입구,13196,13990,27186
202109,4호선,사당,15798,13360,29158
202109,4호선,남태령,808,653,1461
202109,4호선,당고개,8864,8472,17336
202109,4호선,상계,12545,11840,24385
202109,4호선,노원,13768,15143,28911
202109,4호선,창동,17603,18662,36265
202109,4호선,쌍문,18679,16470,35149
202109,4호선,선바위,4180,3879,8059
202109,4호선,경마공원,1035,1026,2061
202109,4호선,대공원,5293,5576,10869
202109,4호선,과천,3909,3525,7434
202109,4호선,정부과천청사,4924,4964,9888
202109,4호선,인덕원,12360,12230,24590
202109,4호선,평촌,7246,6969,14215
202109,4호선,범계,16431,16110,32541
202109,4호선,산본,10709,11600,22309
202109,4호선,대야미,3479,3087,6566
202109,4호선,반월,3039,2968,6007
202109,4호선,상록수,10506,10454,20960
202109,4호선,한대앞,6381,6343,12724
202109,4호선,중앙,12702,13698,26400
202109,4호선,고잔,4835,4559,9394
202109,4호선,초지,2626,2726,5352
202109,4호선,안산,9419,10096,19515
202109,4호선,신길온천,1263,1185,2448
202109,4호선,정왕,6005,5630,11635
202109,4호선,오이도,6698,7170,13868
202109,4호선,수리산,2599,2245,4844
202109,4호선,수리산,1901,1770,3671
202109,4호선,오이도,5738,5856,11594
202109,4호선,정왕,5007,4830,9837
202109,4호선,신길온천,1094,1016,2110
202109,4호선,안산,9978,10726,20704
202109,4호선,초지,1962,1991,3953
202109,4호선,고잔,3386,3401,6787
202109,4호선,중앙,9329,9587,18916
202109,4호선,한대앞,4695,4799,9494
202109,4호선,상록수,7990,7942,15932
202109,4호선,반월,2379,2229,4608
202109,4호선,대야미,2671,2320,4991
202109,4호선,산본,7586,8035,15621
202109,4호선,범계,11654,11413,23067
202109,4호선,평촌,4920,4744,9664
202109,4호선,인덕원,9048,9020,18068
202109,4호선,정부과천청사,3412,3551,6963
202109,4호선,과천,2819,2492,5311
202109,4호선,대공원,5438,5558,10996
202109,4호선,경마공원,797,760,1557
202109,4호선,선바위,2939,2821,5760
202109,4호선,쌍문,13491,11899,25390
202109,4호선,창동,13307,14071,27378
202109,4호선,노원,9915,10736,20651
202109,4호선,상계,9207,8503,17710
202109,4호선,당고개,6676,6550,13226
202109,4호선,남태령,541,441,982
202109,4호선,사당,11517,9748,21265
202109,4호선,총신대입구,9382,10049,19431
202109,4호선,동작,1235,1226,2461
202109,4호선,이촌,3920,4325,8245
202109,4호선,신용산,5400,6355,11755
202109,4호선,삼각지,1756,2143,3899
202109,4호선,숙대입구,4721,4413,9134
202109,4호선,서울역,3255,7553,10808
202109,4호선,회현,7139,7613,14752
202109,4호선,명동,9084,9989,19073
202109,4호선,충무로,6214,5905,12119
202109,4호선,동대문역사문화공원,7028,6467,13495
202109,4호선,동대문,5637,5650,11287
202109,4호선,혜화,15926,16099,32025
202109,4호선,한성대입구,6605,6171,12776
202109,4호선,성신여대입구,10200,9011,19211
202109,4호선,길음,8824,8245,17069
202109,4호선,미아사거리,13922,12994,26916
202109,4호선,미아,7072,6606,13678
202109,4호선,수유,17151,15821,32972
202109,4호선,수리산,2698,2604,5302
202109,4호선,오이도,7077,7152,14229
202109,4호선,정왕,5414,5576,10990
202109,4호선,신길온천,1308,1274,2582
202109,4호선,안산,7913,8056,15969
202109,4호선,초지,2992,2954,5946
202109,4호선,고잔,5503,5514,11017
202109,4호선,중앙,13598,14002,27600
202109,4호선,한대앞,6398,6310,12708
202109,4호선,상록수,10859,11048,21907
202109,4호선,반월,3179,2987,6166
202109,4호선,대야미,3839,3320,7159
202109,4호선,산본,11249,10509,21758
202109,4호선,범계,17226,16336,33562
202109,4호선,평촌,8001,7758,15759
202109,4호선,인덕원,13444,13395,26839
202109,4호선,정부과천청사,5267,5500,10767
202109,4호선,과천,4085,3757,7842
202109,4호선,대공원,6138,6411,12549
202109,4호선,경마공원,738,673,1411
202109,4호선,선바위,4444,4140,8584
202109,4호선,쌍문,19385,17391,36776
202109,4호선,창동,16934,17685,34619
202109,4호선,노원,14399,15578,29977
202109,4호선,상계,13003,12189,25192
202109,4호선,당고개,9102,8560,17662
202109,4호선,남태령,875,746,1621
202109,4호선,사당,17259,14978,32237
202109,4호선,총신대입구,12954,13821,26775
202109,4호선,동작,1836,1882,3718
202109,4호선,이촌,5759,6461,12220
202109,4호선,신용산,8086,8576,16662
202109,4호선,삼각지,2942,3842,6784
202109,4호선,숙대입구,7609,7222,14831
202109,4호선,서울역,4579,8997,13576
202109,4호선,회현,15535,16856,32391
202109,4호선,명동,10668,12157,22825
202109,4호선,충무로,11456,11838,23294
202109,4호선,동대문역사문화공원,9035,7724,16759
202109,4호선,동대문,13366,13434,26800
202109,4호선,혜화,21478,22441,43919
202109,4호선,한성대입구,9331,9169,18500
202109,4호선,성신여대입구,14640,14133,28773
202109,4호선,길음,12404,11763,24167
202109,4호선,미아사거리,19390,18584,37974
202109,4호선,미아,9498,9068,18566
202109,4호선,수유,23673,23377,47050
202109,4호선,쌍문,13593,12375,25968
202109,4호선,창동,12274,12623,24897
202109,4호선,노원,10138,10999,21137
202109,4호선,상계,9383,8935,18318
202109,4호선,당고개,7061,6757,13818
202109,4호선,남태령,558,482,1040
202109,4호선,사당,12433,11642,24075
202109,4호선,총신대입구,8944,9749,18693
202109,4호선,동작,1608,1553,3161
202109,4호선,이촌,4367,5020,9387
202109,4호선,신용산,6123,6244,12367
202109,4호선,삼각지,2122,2757,4879
202109,4호선,숙대입구,5510,5396,10906
202109,4호선,서울역,3569,6918,10487
202109,4호선,회현,7022,7511,14533
202109,4호선,명동,8487,8778,17265
202109,4호선,충무로,7593,7792,15385
202109,4호선,동대문역사문화공원,6929,6949,13878
202109,4호선,동대문,5727,6079,11806
202109,4호선,혜화,17208,18377,35585
202109,4호선,한성대입구,7017,7067,14084
202109,4호선,성신여대입구,10921,10547,21468
202109,4호선,길음,8710,8730,17440
202109,4호선,미아사거리,13630,12966,26596
202109,4호선,미아,6860,6573,13433
202109,4호선,수유,17419,16632,34051
202109,4호선,범계,12182,11403,23585
202109,4호선,평촌,5231,5207,10438
202109,4호선,인덕원,9700,9742,19442
202109,4호선,정부과천청사,3810,3953,7763
202109,4호선,과천,3153,3005,6158
202109,4호선,대공원,5194,5287,10481
202109,4호선,경마공원,546,524,1070
202109,4호선,선바위,3283,3060,6343
202109,4호선,수리산,1936,1961,3897
202109,4호선,오이도,5581,5429,11010
202109,4호선,정왕,4420,4857,9277
202109,4호선,신길온천,1000,974,1974
202109,4호선,안산,7560,7021,14581
202109,4호선,초지,2061,2048,4109
202109,4호선,고잔,3989,3944,7933
202109,4호선,중앙,9730,9821,19551
202109,4호선,한대앞,4684,4582,9266
202109,4호선,상록수,7725,7710,15435
202109,4호선,반월,2250,2312,4562
202109,4호선,대야미,2821,2574,5395
202109,4호선,산본,7719,6756,14475
202110,4호선,쌍문,20250,18067,38317
202110,4호선,창동,17511,18161,35672
202110,4호선,노원,14858,15864,30722
202110,4호선,상계,13307,12483,25790
202110,4호선,당고개,9052,8670,17722
202110,4호선,남태령,1068,801,1869
202110,4호선,사당,18403,15835,34238
202110,4호선,총신대입구,13573,14547,28120
202110,4호선,동작,1888,1935,3823
202110,4호선,이촌,5910,6729,12639
202110,4호선,신용산,8557,9514,18071
202110,4호선,삼각지,3001,3958,6959
202110,4호선,숙대입구,8401,8000,16401
202110,4호선,서울역,4898,11312,16210
202110,4호선,회현,16119,17475,33594
202110,4호선,명동,11900,13780,25680
202110,4호선,충무로,12101,12503,24604
202110,4호선,동대문역사문화공원,9809,8596,18405
202110,4호선,동대문,13526,13602,27128
202110,4호선,혜화,23328,24139,47467
202110,4호선,한성대입구,9852,9373,19225
202110,4호선,성신여대입구,15958,14667,30625
202110,4호선,길음,13639,13036,26675
202110,4호선,미아사거리,20372,18987,39359
202110,4호선,미아,10512,9762,20274
202110,4호선,수유,24153,23436,47589
202110,4호선,선바위,4787,4342,9129
202110,4호선,경마공원,1160,1131,2291
202110,4호선,대공원,6385,6823,13208
202110,4호선,과천,4054,3578,7632
202110,4호선,정부과천청사,5575,5585,11160
202110,4호선,인덕원,14167,13948,28115
202110,4호선,평촌,8501,8257,16758
202110,4호선,범계,18182,17817,35999
202110,4호선,산본,11689,12169,23858
202110,4호선,대야미,3876,3468,7344
202110,4호선,반월,3319,3121,6440
202110,4호선,상록수,11213,11315,22528
202110,4호선,수리산,2749,2590,5339
202110,4호선,오이도,7631,7970,15601
202110,4호선,정왕,5808,5937,11745
202110,4호선,신길온천,1327,1284,2611
202110,4호선,안산,8606,8893,17499
202110,4호선,초지,3036,3042,6078
202110,4호선,고잔,5711,5635,11346
202110,4호선,중앙,13932,14541,28473
202110,4호선,한대앞,6906,6715,13621
202110,4호선,범계,13715,13061,26776
202110,4호선,평촌,6018,5730,11748
202110,4호선,인덕원,10686,10552,21238
202110,4호선,정부과천청사,4116,4325,8441
202110,4호선,과천,3168,2895,6063
202110,4호선,대공원,6992,7187,14179
202110,4호선,경마공원,974,943,1917
202110,4호선,선바위,3654,3279,6933
202110,4호선,수유,18803,17779,36582
202110,4호선,미아,7725,7437,15162
202110,4호선,미아사거리,14656,13571,28227
202110,4호선,길음,9339,8990,18329
202110,4호선,성신여대입구,13632,12826,26458
202110,4호선,한성대입구,7426,7428,14854
202110,4호선,혜화,19178,20019,39197
202110,4호선,동대문,6613,7154,13767
202110,4호선,동대문역사문화공원,8030,7944,15974
202110,4호선,충무로,8191,8250,16441
202110,4호선,명동,9901,10897,20798
202110,4호선,회현,7618,8449,16067
202110,4호선,서울역,3764,7793,11557
202110,4호선,숙대입구,5979,5670,11649
202110,4호선,삼각지,2223,2960,5183
202110,4호선,신용산,6571,6841,13412
202110,4호선,이촌,4206,4829,9035
202110,4호선,동작,1598,1596,3194
202110,4호선,총신대입구,9745,10557,20302
202110,4호선,사당,13677,12501,26178
202110,4호선,남태령,637,474,1111
202110,4호선,당고개,7361,6972,14333
202110,4호선,상계,9822,9267,19089
202110,4호선,노원,10927,11890,22817
202110,4호선,창동,13354,14074,27428
202110,4호선,쌍문,14720,13146,27866
202110,4호선,수리산,2150,2195,4345
202110,4호선,오이도,6711,6762,13473
202110,4호선,정왕,4810,4879,9689
202110,4호선,신길온천,1086,1101,2187
202110,4호선,안산,8679,8127,16806
202110,4호선,초지,2248,2217,4465
202110,4호선,고잔,4308,4170,8478
202110,4호선,중앙,10789,10945,21734
202110,4호선,한대앞,5269,5222,10491
202110,4호선,상록수,8682,8416,17098
202110,4호선,반월,2374,2433,4807
202110,4호선,대야미,2986,2704,5690
202110,4호선,산본,8195,8850,17045
202110,4호선,수유,22786,21532,44318
202110,4호선,미아,9158,8438,17596
202110,4호선,미아사거리,18614,17487,36101
202110,4호선,길음,12373,11388,23761
202110,4호선,성신여대입구,15102,13974,29076
202110,4호선,한성대입구,9444,8977,18421
202110,4호선,혜화,23283,24010,47293
202110,4호선,동대문,13462,13803,27265
202110,4호선,동대문역사문화공원,9619,8350,17969
202110,4호선,충무로,11185,11853,23038
202110,4호선,명동,12129,14087,26216
202110,4호선,회현,15829,17417,33246
202110,4호선,서울역,4840,12149,16989
202110,4호선,숙대입구,7362,7053,14415
202110,4호선,삼각지,2983,3958,6941
202110,4호선,신용산,8420,9456,17876
202110,4호선,이촌,5665,6301,11966
202110,4호선,동작,1784,1818,3602
202110,4호선,총신대입구,13301,14319,27620
202110,4호선,사당,17542,15119,32661
202110,4호선,남태령,928,661,1589
202110,4호선,당고개,8823,8484,17307
202110,4호선,상계,12131,11152,23283
202110,4호선,노원,13596,14622,28218
202110,4호선,창동,16652,17201,33853
202110,4호선,쌍문,18503,16477,34980
202110,4호선,선바위,4590,3991,8581
202110,4호선,경마공원,1055,1068,2123
202110,4호선,대공원,7037,7475,14512
202110,4호선,과천,3778,3382,7160
202110,4호선,정부과천청사,5200,5332,10532
202110,4호선,인덕원,13783,13535,27318
202110,4호선,평촌,7815,7568,15383
202110,4호선,범계,17172,16667,33839
202110,4호선,산본,10714,11350,22064
202110,4호선,대야미,3544,3184,6728
202110,4호선,반월,3094,2921,6015
202110,4호선,상록수,11111,10960,22071
202110,4호선,한대앞,6518,6403,12921
202110,4호선,중앙,13531,14146,27677
202110,4호선,고잔,5576,5627,11203
202110,4호선,초지,2970,3036,6006
202110,4호선,안산,8692,9066,17758
202110,4호선,신길온천,1252,1248,2500
202110,4호선,정왕,5698,5723,11421
202110,4호선,오이도,7620,8040,15660
202110,4호선,수리산,2685,2366,5051
202110,4호선,수리산,1945,1861,3806
202110,4호선,오이도,5668,5633,11301
202110,4호선,정왕,4467,4707,9174
202110,4호선,신길온천,940,920,1860
202110,4호선,안산,8192,7431,15623
202110,4호선,초지,2111,2114,4225
202110,4호선,고잔,4276,4405,8681
202110,4호선,중앙,10080,10236,20316
202110,4호선,한대앞,4818,4823,9641
202110,4호선,상록수,8336,8332,16668
202110,4호선,반월,2291,2366,4657
202110,4호선,대야미,2560,2381,4941
202110,4호선,산본,7528,7997,15525
202110,4호선,범계,13025,12649,25674
202110,4호선,평촌,5703,5578,11281
202110,4호선,인덕원,10010,10073,20083
202110,4호선,정부과천청사,3558,3713,7271
202110,4호선,과천,2767,2622,5389
202110,4호선,대공원,3927,3986,7913
202110,4호선,경마공원,828,786,1614
202110,4호선,선바위,3106,2796,5902
202110,4호선,쌍문,13458,12396,25854
202110,4호선,창동,12088,12724,24812
202110,4호선,노원,10317,10958,21275
202110,4호선,상계,8908,8375,17283
202110,4호선,당고개,6470,6378,12848
202110,4호선,남태령,569,469,1038
202110,4호선,사당,13501,11776,25277
202110,4호선,총신대입구,9757,10468,20225
202110,4호선,동작,933,963,1896
202110,4호선,이촌,3972,4311,8283
202110,4호선,신용산,6497,6620,13117
202110,4호선,삼각지,2111,2819,4930
202110,4호선,숙대입구,6048,5867,11915
202110,4호선,서울역,3692,8485,12177
202110,4호선,회현,7609,7783,15392
202110,4호선,명동,9211,9749,18960
202110,4호선,충무로,7186,7335,14521
202110,4호선,동대문역사문화공원,7717,7362,15079
202110,4호선,동대문,5477,6064,11541
202110,4호선,혜화,19057,19583,38640
202110,4호선,한성대입구,6780,6860,13640
202110,4호선,성신여대입구,11553,10705,22258
202110,4호선,미아사거리,13931,13382,27313
202110,4호선,미아,6698,6443,13141
202110,4호선,수유,16957,16376,33333
202110,4호선,길음,8624,8559,17183
202110,4호선,산본,11643,12449,24092
202110,4호선,대야미,3877,3505,7382
202110,4호선,반월,3219,3065,6284
202110,4호선,상록수,11844,11844,23688
202110,4호선,한대앞,7040,6746,13786
202110,4호선,중앙,15947,16184,32131
202110,4호선,고잔,6455,6483,12938
202110,4호선,수유,25406,24500,49906
202110,4호선,미아,10398,9916,20314
202110,4호선,미아사거리,21719,21039,42758
202110,4호선,길음,13143,12846,25989
202110,4호선,성신여대입구,16265,15160,31425
202110,4호선,한성대입구,10425,10117,20542
202110,4호선,혜화,23790,24288,48078
202110,4호선,동대문,13934,13889,27823
202110,4호선,동대문역사문화공원,10345,8969,19314
202110,4호선,충무로,12313,12702,25015
202110,4호선,명동,12795,14480,27275
202110,4호선,회현,16497,17792,34289
202110,4호선,서울역,5133,11514,16647
202110,4호선,숙대입구,8534,8138,16672
202110,4호선,삼각지,3304,4220,7524
202110,4호선,신용산,9657,10323,19980
202110,4호선,이촌,5745,6381,12126
202110,4호선,동작,1377,1584,2961
202110,4호선,총신대입구,14520,15504,30024
202110,4호선,사당,19522,16968,36490
202110,4호선,남태령,964,742,1706
202110,4호선,당고개,9524,9249,18773
202110,4호선,상계,13658,12768,26426
202110,4호선,노원,15539,16570,32109
202110,4호선,창동,18440,19512,37952
202110,4호선,쌍문,20525,18717,39242
202110,4호선,선바위,4855,4369,9224
202110,4호선,경마공원,1181,1109,2290
202110,4호선,대공원,5685,6192,11877
202110,4호선,과천,4102,3725,7827
202110,4호선,정부과천청사,5912,5847,11759
202110,4호선,인덕원,15025,14815,29840
202110,4호선,평촌,9045,8972,18017
202110,4호선,범계,19490,18772,38262
202110,4호선,초지,3099,3169,6268
202110,4호선,안산,9129,9491,18620
202110,4호선,신길온천,1408,1351,2759
202110,4호선,정왕,6016,6262,12278
202110,4호선,오이도,7223,7608,14831
202110,4호선,수리산,2885,2558,5443
202110,4호선,상계,9182,8731,17913
202110,4호선,반월,2197,2202,4399
202110,4호선,상록수,8462,8263,16725
202110,4호선,한대앞,4996,4970,9966
202110,4호선,중앙,11233,10957,22190
202110,4호선,고잔,4302,4350,8652
202110,4호선,초지,2139,2111,4250
202110,4호선,안산,9143,8618,17761
202110,4호선,신길온천,1028,992,2020
202110,4호선,정왕,4831,5195,10026
202110,4호선,오이도,5437,5215,10652
202110,4호선,수리산,1931,1856,3787
202110,4호선,수유,17566,16818,34384
202110,4호선,미아,7287,6889,14176
202110,4호선,미아사거리,14995,14228,29223
202110,4호선,길음,9108,8895,18003
202110,4호선,성신여대입구,11286,10852,22138
202110,4호선,한성대입구,7542,7355,14897
202110,4호선,혜화,18590,19256,37846
202110,4호선,동대문,6290,6942,13232
202110,4호선,동대문역사문화공원,7586,7363,14949
202110,4호선,충무로,7468,7573,15041
202110,4호선,명동,9969,10154,20123
202110,4호선,회현,7315,7719,15034
202110,4호선,서울역,3665,8574,12239
202110,4호선,숙대입구,5839,5723,11562
202110,4호선,삼각지,2135,2793,4928
202110,4호선,신용산,7116,7214,14330
202110,4호선,이촌,3799,4150,7949
202110,4호선,동작,1086,1167,2253
202110,4호선,총신대입구,9684,10594,20278
202110,4호선,사당,13631,12587,26218
202110,4호선,남태령,602,476,1078
202110,4호선,당고개,6832,6462,13294
202110,4호선,노원,10772,11443,22215
202110,4호선,창동,12692,13557,26249
202110,4호선,쌍문,14271,12779,27050
202110,4호선,선바위,3333,3034,6367
202110,4호선,경마공원,801,745,1546
202110,4호선,대공원,4026,4151,8177
202110,4호선,과천,2834,2701,5535
202110,4호선,정부과천청사,3638,3880,7518
202110,4호선,인덕원,9880,10136,20016
202110,4호선,평촌,5485,5465,10950
202110,4호선,범계,13238,12496,25734
202110,4호선,산본,7734,8482,16216
202110,4호선,대야미,2766,2524,5290
202110,4호선,쌍문,21203,19073,40276
202110,4호선,창동,18821,19775,38596
202110,4호선,노원,15917,17147,33064
202110,4호선,상계,13910,12958,26868
202110,4호선,당고개,9715,9273,18988
202110,4호선,남태령,1103,807,1910
202110,4호선,사당,20548,17627,38175
202110,4호선,총신대입구,14852,15977,30829
202110,4호선,동작,1724,1753,3477
202110,4호선,이촌,6663,7308,13971
202110,4호선,신용산,9797,10611,20408
202110,4호선,삼각지,3508,4664,8172
202110,4호선,숙대입구,8519,8009,16528
202110,4호선,서울역,5313,12179,17492
202110,4호선,회현,17795,19219,37014
202110,4호선,명동,14278,16210,30488
202110,4호선,충무로,13318,13885,27203
202110,4호선,동대문역사문화공원,10697,9367,20064
202110,4호선,동대문,13854,13739,27593
202110,4호선,혜화,26650,26980,53630
202110,4호선,한성대입구,11462,10874,22336
202110,4호선,성신여대입구,16119,15225,31344
202110,4호선,길음,13901,13131,27032
202110,4호선,미아사거리,21975,20965,42940
202110,4호선,미아,10540,9996,20536
202110,4호선,수유,25802,24983,50785
202110,4호선,수리산,2926,2812,5738
202110,4호선,오이도,8217,8390,16607
202110,4호선,정왕,6361,6450,12811
202110,4호선,신길온천,1489,1399,2888
202110,4호선,안산,9477,9915,19392
202110,4호선,초지,3330,3365,6695
202110,4호선,고잔,6568,6691,13259
202110,4호선,중앙,16451,16898,33349
202110,4호선,한대앞,7342,7304,14646
202110,4호선,상록수,12528,12291,24819
202110,4호선,반월,3507,3262,6769
202110,4호선,대야미,4052,3534,7586
202110,4호선,산본,12417,13184,25601
202110,4호선,범계,20110,19563,39673
202110,4호선,평촌,9569,9238,18807
202110,4호선,인덕원,15943,15516,31459
202110,4호선,정부과천청사,5927,6019,11946
202110,4호선,과천,4356,3848,8204
202110,4호선,대공원,7626,8101,15727
202110,4호선,경마공원,1373,1308,2681
202110,4호선,선바위,5209,4710,9919
202110,4호선,신길온천,1167,1090,2257
202110,4호선,안산,9362,8742,18104
202110,4호선,초지,2366,2256,4622
202110,4호선,고잔,4820,4646,9466
202110,4호선,중앙,11667,11589,23256
202110,4호선,한대앞,5175,5183,10358
202110,4호선,상록수,9000,8935,17935
202110,4호선,반월,2494,2488,4982
202110,4호선,수유,19003,18220,37223
202110,4호선,미아,7541,7270,14811
202110,4호선,미아사거리,15798,15112,30910
202110,4호선,길음,9855,9655,19510
202110,4호선,성신여대입구,11718,11130,22848
202110,4호선,한성대입구,7359,7404,14763
202110,4호선,혜화,20327,21194,41521
202110,4호선,동대문,7195,7536,14731
202110,4호선,동대문역사문화공원,8261,7864,16125
202110,4호선,충무로,8869,8892,17761
202110,4호선,명동,11042,11195,22237
202110,4호선,회현,8217,8747,16964
202110,4호선,서울역,3946,9276,13222
202110,4호선,숙대입구,6035,5978,12013
202110,4호선,삼각지,2431,3215,5646
202110,4호선,신용산,7437,7375,14812
202110,4호선,이촌,4574,5021,9595
202110,4호선,동작,1375,1371,2746
202110,4호선,총신대입구,10464,11351,21815
202110,4호선,사당,14496,13615,28111
202110,4호선,남태령,744,510,1254
202110,4호선,당고개,7473,7030,14503
202110,4호선,상계,10116,9385,19501
202110,4호선,노원,11194,12226,23420
202110,4호선,창동,13546,14213,27759
202110,4호선,쌍문,15162,13719,28881
202110,4호선,정왕,5090,5493,10583
202110,4호선,오이도,6447,6452,12899
202110,4호선,수리산,2136,2128,4264
202110,4호선,대야미,3078,2760,5838
202110,4호선,산본,8515,8933,17448
202110,4호선,범계,14532,13966,28498
202110,4호선,평촌,6172,6120,12292
202110,4호선,인덕원,11001,11322,22323
202110,4호선,정부과천청사,4306,4354,8660
202110,4호선,과천,3064,2983,6047
202110,4호선,대공원,6675,6802,13477
202110,4호선,경마공원,989,994,1983
202110,4호선,선바위,3722,3413,7135
202110,4호선,범계,20543,19708,40251
202110,4호선,평촌,9655,9625,19280
202110,4호선,인덕원,16324,16079,32403
202110,4호선,정부과천청사,6310,6372,12682
202110,4호선,과천,4510,4024,8534
202110,4호선,대공원,9508,9925,19433
202110,4호선,경마공원,1417,1352,2769
202110,4호선,선바위,5407,4788,10195
202110,4호선,쌍문,21937,19503,41440
202110,4호선,창동,19599,20453,40052
202110,4호선,노원,16046,17413,33459
202110,4호선,상계,14499,13318,27817
202110,4호선,당고개,10149,9498,19647
202110,4호선,남태령,1241,939,2180
202110,4호선,사당,21122,18631,39753
202110,4호선,총신대입구,14989,16378,31367
202110,4호선,동작,1659,1788,3447
202110,4호선,이촌,6433,7216,13649
202110,4호선,신용산,10365,11046,21411
202110,4호선,삼각지,3797,5422,9219
202110,4호선,숙대입구,9089,8662,17751
202110,4호선,서울역,5704,13266,18970
202110,4호선,회현,17727,19429,37156
202110,4호선,명동,15558,17715,33273
202110,4호선,충무로,14948,15819,30767
202110,4호선,동대문역사문화공원,10984,9804,20788
202110,4호선,동대문,13821,13704,27525
202110,4호선,혜화,28407,29624,58031
202110,4호선,한성대입구,11038,10713,21751
202110,4호선,성신여대입구,16531,15571,32102
202110,4호선,길음,14346,13567,27913
202110,4호선,미아사거리,22603,21454,44057
202110,4호선,미아,10699,10174,20873
202110,4호선,수유,26445,25518,51963
202110,4호선,산본,13094,13663,26757
202110,4호선,대야미,4157,3674,7831
202110,4호선,반월,3416,3324,6740
202110,4호선,상록수,12462,12443,24905
202110,4호선,한대앞,7616,7467,15083
202110,4호선,중앙,16297,16651,32948
202110,4호선,고잔,6666,6669,13335
202110,4호선,초지,3540,3539,7079
202110,4호선,안산,9590,9790,19380
202110,4호선,신길온천,1521,1393,2914
202110,4호선,정왕,6490,6565,13055
202110,4호선,오이도,7924,8201,16125
202110,4호선,수리산,3036,2897,5933
202110,4호선,반월,2629,2578,5207
202110,4호선,상록수,9297,9093,18390
202110,4호선,한대앞,5316,5485,10801
202110,4호선,중앙,11969,11788,23757
202110,4호선,고잔,4789,4589,9378
202110,4호선,초지,2473,2425,4898
202110,4호선,안산,9417,8731,18148
202110,4호선,신길온천,1135,1130,2265
202110,4호선,정왕,5186,5756,10942
202110,4호선,오이도,6435,6254,12689
202110,4호선,수리산,2155,2225,4380
202110,4호선,대공원,9155,9276,18431
202110,4호선,경마공원,1235,1196,2431
202110,4호선,선바위,4022,3708,7730
202110,4호선,쌍문,15804,14100,29904
202110,4호선,창동,14362,15276,29638
202110,4호선,노원,11576,12282,23858
202110,4호선,상계,10363,9668,20031
202110,4호선,당고개,7563,7095,14658
202110,4호선,남태령,713,559,1272
202110,4호선,사당,15219,14181,29400
202110,4호선,총신대입구,10798,11719,22517
202110,4호선,동작,1388,1450,2838
202110,4호선,이촌,4590,5232,9822
202110,4호선,신용산,8221,8442,16663
202110,4호선,삼각지,2578,3618,6196
202110,4호선,숙대입구,7144,6908,14052
202110,4호선,서울역,4204,10185,14389
202110,4호선,회현,8602,8998,17600
202110,4호선,명동,12228,12097,24325
202110,4호선,충무로,10028,10150,20178
202110,4호선,동대문역사문화공원,8380,8208,16588
202110,4호선,동대문,6850,7394,14244
202110,4호선,혜화,23267,23987,47254
202110,4호선,한성대입구,7847,8107,15954
202110,4호선,성신여대입구,12392,11712,24104
202110,4호선,길음,10103,10031,20134
202110,4호선,미아사거리,16061,15496,31557
202110,4호선,미아,7721,7372,15093
202110,4호선,수유,19552,18746,38298
202110,4호선,과천,3425,3083,6508
202110,4호선,정부과천청사,4521,4807,9328
202110,4호선,인덕원,11776,11736,23512
202110,4호선,평촌,6761,6685,13446
202110,4호선,범계,14847,14433,29280
202110,4호선,산본,9300,9653,18953
202110,4호선,대야미,3152,2806,5958
202111,4호선,수리산,3164,2915,6079
202111,4호선,오이도,8274,8321,16595
202111,4호선,정왕,6874,6776,13650
202111,4호선,신길온천,1630,1464,3094
202111,4호선,안산,9870,10097,19967
202111,4호선,초지,3669,3625,7294
202111,4호선,고잔,7088,6913,14001
202111,4호선,중앙,16932,17903,34835
202111,4호선,한대앞,8065,7702,15767
202111,4호선,상록수,13117,12919,26036
202111,4호선,반월,3551,3376,6927
202111,4호선,대야미,4321,3791,8112
202111,4호선,산본,13474,14185,27659
202111,4호선,인덕원,17523,17060,34583
202111,4호선,선바위,6034,5174,11208
202111,4호선,경마공원,6326,6230,12556
202111,4호선,대공원,11623,12079,23702
202111,4호선,과천,4689,4143,8832
202111,4호선,정부과천청사,6924,6911,13835
202111,4호선,범계,21119,21079,42198
202111,4호선,평촌,10155,9937,20092
202111,4호선,미아사거리,22912,21752,44664
202111,4호선,미아,11080,10290,21370
202111,4호선,수유,26928,26303,53231
202111,4호선,길음,15138,13947,29085
202111,4호선,성신여대입구,17043,16225,33268
202111,4호선,한성대입구,11921,11498,23419
202111,4호선,혜화,30668,32755,63423
202111,4호선,동대문,14200,14054,28254
202111,4호선,동대문역사문화공원,10999,9579,20578
202111,4호선,충무로,15407,16396,31803
202111,4호선,명동,16098,18443,34541
202111,4호선,회현,17986,19752,37738
202111,4호선,서울역,5961,14295,20256
202111,4호선,숙대입구,9470,9250,18720
202111,4호선,삼각지,3726,4868,8594
202111,4호선,신용산,10886,12104,22990
202111,4호선,이촌,6664,7382,14046
202111,4호선,동작,1829,1867,3696
202111,4호선,총신대입구,14787,16052,30839
202111,4호선,사당,22227,19638,41865
202111,4호선,남태령,1228,754,1982
202111,4호선,당고개,10257,9595,19852
202111,4호선,상계,14580,13253,27833
202111,4호선,노원,16091,18256,34347
202111,4호선,창동,20533,21208,41741
202111,4호선,쌍문,22308,19704,42012
202111,4호선,수리산,2249,2360,4609
202111,4호선,오이도,6439,6217,12656
202111,4호선,정왕,5490,6178,11668
202111,4호선,신길온천,1192,1139,2331
202111,4호선,안산,9702,9133,18835
202111,4호선,초지,2483,2466,4949
202111,4호선,고잔,5036,4792,9828
202111,4호선,중앙,12183,12246,24429
202111,4호선,한대앞,5675,5553,11228
202111,4호선,상록수,9607,9590,19197
202111,4호선,반월,2679,2593,5272
202111,4호선,대야미,3253,2786,6039
202111,4호선,산본,9313,9999,19312
202111,4호선,범계,15579,14950,30529
202111,4호선,평촌,6901,6791,13692
202111,4호선,인덕원,12669,12655,25324
202111,4호선,정부과천청사,4669,4840,9509
202111,4호선,과천,3666,3256,6922
202111,4호선,대공원,10255,10316,20571
202111,4호선,경마공원,6873,6704,13577
202111,4호선,선바위,4426,4054,8480
202111,4호선,쌍문,15995,14442,30437
202111,4호선,창동,15362,15881,31243
202111,4호선,노원,11703,12884,24587
202111,4호선,상계,10622,9806,20428
202111,4호선,당고개,7758,7411,15169
202111,4호선,남태령,804,572,1376
202111,4호선,사당,15873,14966,30839
202111,4호선,총신대입구,10801,11787,22588
202111,4호선,동작,1385,1485,2870
202111,4호선,이촌,4973,5490,10463
202111,4호선,신용산,8324,8471,16795
202111,4호선,삼각지,2599,3405,6004
202111,4호선,숙대입구,7006,6611,13617
202111,4호선,서울역,4418,10710,15128
202111,4호선,회현,8928,9715,18643
202111,4호선,명동,12892,12821,25713
202111,4호선,충무로,10739,10763,21502
202111,4호선,동대문역사문화공원,8465,7873,16338
202111,4호선,동대문,7169,7800,14969
202111,4호선,혜화,24021,25356,49377
202111,4호선,한성대입구,8443,8527,16970
202111,4호선,성신여대입구,12676,12123,24799
202111,4호선,길음,10597,10454,21051
202111,4호선,미아사거리,16300,15456,31756
202111,4호선,미아,7967,7415,15382
202111,4호선,수유,20178,19482,39660
202111,4호선,산본,12490,13346,25836
202111,4호선,대야미,3997,3524,7521
202111,4호선,반월,3473,3302,6775
202111,4호선,상록수,12887,12449,25336
202111,4호선,한대앞,7465,7289,14754
202111,4호선,중앙,15925,17017,32942
202111,4호선,고잔,6939,6848,13787
202111,4호선,초지,3555,3547,7102
202111,4호선,안산,9711,9949,19660
202111,4호선,신길온천,1483,1441,2924
202111,4호선,정왕,6615,6498,13113
202111,4호선,오이도,7804,7942,15746
202111,4호선,수리산,2962,2658,5620
202111,4호선,범계,20453,20328,40781
202111,4호선,평촌,9780,9514,19294
202111,4호선,인덕원,16980,16298,33278
202111,4호선,정부과천청사,6413,6083,12496
202111,4호선,과천,4669,3987,8656
202111,4호선,대공원,7045,7360,14405
202111,4호선,경마공원,6307,6271,12578
202111,4호선,선바위,6047,5133,11180
202111,4호선,쌍문,21759,19174,40933
202111,4호선,창동,19652,20717,40369
202111,4호선,노원,15485,17654,33139
202111,4호선,상계,14163,12997,27160
202111,4호선,당고개,10111,9406,19517
202111,4호선,남태령,1131,815,1946
202111,4호선,사당,22381,19658,42039
202111,4호선,총신대입구,14392,15612,30004
202111,4호선,동작,1470,1655,3125
202111,4호선,이촌,7027,7841,14868
202111,4호선,신용산,11092,11908,23000
202111,4호선,삼각지,3753,4951,8704
202111,4호선,숙대입구,9302,9036,18338
202111,4호선,서울역,6150,15612,21762
202111,4호선,회현,18736,19774,38510
202111,4호선,명동,16149,18470,34619
202111,4호선,충무로,15909,16363,32272
202111,4호선,동대문역사문화공원,13052,11494,24546
202111,4호선,동대문,18757,16408,35165
202111,4호선,혜화,30884,32619,63503
202111,4호선,한성대입구,11735,11018,22753
202111,4호선,성신여대입구,16993,16232,33225
202111,4호선,길음,14829,13609,28438
202111,4호선,미아사거리,22693,21534,44227
202111,4호선,미아,10939,10024,20963
202111,4호선,수유,26590,26180,52770
202111,4호선,쌍문,15651,14184,29835
202111,4호선,창동,14768,15302,30070
202111,4호선,노원,11462,12650,24112
202111,4호선,상계,10232,9444,19676
202111,4호선,당고개,7691,7314,15005
202111,4호선,남태령,825,573,1398
202111,4호선,사당,15397,14433,29830
202111,4호선,총신대입구,10174,11178,21352
202111,4호선,동작,1237,1211,2448
202111,4호선,이촌,4750,5249,9999
202111,4호선,신용산,8167,8213,16380
202111,4호선,삼각지,2582,3511,6093
202111,4호선,숙대입구,7135,6759,13894
202111,4호선,서울역,4400,10835,15235
202111,4호선,회현,9008,9495,18503
202111,4호선,명동,12639,12580,25219
202111,4호선,충무로,9847,9654,19501
202111,4호선,동대문역사문화공원,8719,8185,16904
202111,4호선,동대문,7036,7596,14632
202111,4호선,혜화,24172,25282,49454
202111,4호선,한성대입구,8003,8042,16045
202111,4호선,성신여대입구,12305,12061,24366
202111,4호선,길음,10461,10156,20617
202111,4호선,미아사거리,15847,15139,30986
202111,4호선,미아,7840,7541,15381
202111,4호선,수유,19950,19178,39128
202111,4호선,수리산,2081,2051,4132
202111,4호선,오이도,6142,5881,12023
202111,4호선,정왕,5509,6278,11787
202111,4호선,신길온천,1190,1072,2262
202111,4호선,안산,10046,9334,19380
202111,4호선,초지,2503,2514,5017
202111,4호선,고잔,4936,4939,9875
202111,4호선,중앙,11823,11745,23568
202111,4호선,한대앞,5576,5546,11122
202111,4호선,상록수,9396,9211,18607
202111,4호선,반월,2599,2581,5180
202111,4호선,대야미,3056,2703,5759
202111,4호선,산본,8837,9419,18256
202111,4호선,범계,14980,14509,29489
202111,4호선,평촌,6697,6395,13092
202111,4호선,인덕원,11996,12216,24212
202111,4호선,정부과천청사,4614,4531,9145
202111,4호선,과천,3349,3123,6472
202111,4호선,대공원,5744,5864,11608
202111,4호선,경마공원,6103,6104,12207
202111,4호선,선바위,4058,3672,7730
202111,4호선,쌍문,21712,19105,40817
202111,4호선,창동,19487,20349,39836
202111,4호선,노원,15726,18040,33766
202111,4호선,상계,14274,12927,27201
202111,4호선,당고개,9782,9155,18937
202111,4호선,남태령,1443,925,2368
202111,4호선,사당,22410,19849,42259
202111,4호선,총신대입구,14109,15374,29483
202111,4호선,동작,1341,1447,2788
202111,4호선,이촌,6461,6945,13406
202111,4호선,신용산,11306,12061,23367
202111,4호선,삼각지,3637,4930,8567
202111,4호선,숙대입구,11465,10856,22321
202111,4호선,서울역,5826,14983,20809
202111,4호선,회현,17058,18240,35298
202111,4호선,명동,14968,17712,32680
202111,4호선,충무로,13931,15008,28939
202111,4호선,동대문역사문화공원,11194,9742,20936
202111,4호선,동대문,13517,13456,26973
202111,4호선,혜화,33239,34045,67284
202111,4호선,한성대입구,10813,10507,21320
202111,4호선,성신여대입구,17242,16351,33593
202111,4호선,길음,14970,14073,29043
202111,4호선,미아사거리,22188,21236,43424
202111,4호선,미아,11002,10248,21250
202111,4호선,수유,26384,25847,52231
202111,4호선,선바위,5741,5027,10768
202111,4호선,경마공원,6703,6726,13429
202111,4호선,대공원,5219,5482,10701
202111,4호선,과천,4309,3908,8217
202111,4호선,정부과천청사,6056,6061,12117
202111,4호선,인덕원,17062,16497,33559
202111,4호선,평촌,10043,9656,19699
202111,4호선,범계,20338,20431,40769
202111,4호선,산본,12438,13172,25610
202111,4호선,대야미,3856,3366,7222
202111,4호선,반월,3428,3212,6640
202111,4호선,상록수,12974,12791,25765
202111,4호선,한대앞,7999,7493,15492
202111,4호선,중앙,16041,17351,33392
202111,4호선,고잔,6892,6979,13871
202111,4호선,초지,3551,3607,7158
202111,4호선,안산,9589,9789,19378
202111,4호선,신길온천,1515,1446,2961
202111,4호선,정왕,6851,6760,13611
202111,4호선,오이도,7769,7963,15732
202111,4호선,수리산,2851,2535,5386
202111,4호선,노원,11494,12692,24186
202111,4호선,창동,14641,15417,30058
202111,4호선,쌍문,15602,13957,29559
202111,4호선,수리산,2035,2097,4132
202111,4호선,오이도,5820,5591,11411
202111,4호선,정왕,5254,5977,11231
202111,4호선,신길온천,1134,1090,2224
202111,4호선,안산,9488,8686,18174
202111,4호선,초지,2470,2245,4715
202111,4호선,고잔,4758,4480,9238
202111,4호선,중앙,11469,11496,22965
202111,4호선,한대앞,5223,5310,10533
202111,4호선,상록수,9146,8955,18101
202111,4호선,반월,2446,2436,4882
202111,4호선,삼각지,2452,3372,5824
202111,4호선,선바위,3841,3556,7397
202111,4호선,경마공원,7119,7141,14260
202111,4호선,대공원,3592,3759,7351
202111,4호선,과천,3095,2941,6036
202111,4호선,정부과천청사,4054,4366,8420
202111,4호선,인덕원,12114,12222,24336
202111,4호선,평촌,6526,6303,12829
202111,4호선,범계,14414,14008,28422
202111,4호선,산본,8655,9283,17938
202111,4호선,대야미,2912,2650,5562
202111,4호선,수유,19576,18921,38497
202111,4호선,미아,7806,7440,15246
202111,4호선,미아사거리,15789,15286,31075
202111,4호선,길음,10357,10121,20478
202111,4호선,성신여대입구,12713,12096,24809
202111,4호선,한성대입구,7659,7606,15265
202111,4호선,혜화,28288,27412,55700
202111,4호선,동대문,6865,7337,14202
202111,4호선,동대문역사문화공원,8767,7996,16763
202111,4호선,충무로,10836,10737,21573
202111,4호선,명동,12247,12351,24598
202111,4호선,회현,8377,8760,17137
202111,4호선,서울역,4337,12585,16922
202111,4호선,숙대입구,8056,7558,15614
202111,4호선,신용산,8265,8517,16782
202111,4호선,이촌,4608,5024,9632
202111,4호선,동작,1018,1110,2128
202111,4호선,총신대입구,9894,10984,20878
202111,4호선,사당,15649,14489,30138
202111,4호선,남태령,762,516,1278
202111,4호선,당고개,7526,7130,14656
202111,4호선,상계,10151,9404,19555
202111,4호선,선바위,5557,4673,10230
202111,4호선,경마공원,6784,6757,13541
202111,4호선,대공원,4402,4669,9071
202111,4호선,과천,4426,4007,8433
202111,4호선,정부과천청사,5993,5805,11798
202111,4호선,인덕원,16632,16095,32727
202111,4호선,평촌,9960,9602,19562
202111,4호선,범계,20816,20439,41255
202111,4호선,산본,12483,13304,25787
202111,4호선,쌍문,21388,19037,40425
202111,4호선,창동,19189,20195,39384
202111,4호선,노원,15506,17505,33011
202111,4호선,상계,13765,12762,26527
202111,4호선,당고개,9938,9227,19165
202111,4호선,남태령,1279,768,2047
202111,4호선,사당,22020,19971,41991
202111,4호선,총신대입구,14053,15583,29636
202111,4호선,동작,1386,1434,2820
202111,4호선,이촌,6264,6864,13128
202111,4호선,신용산,10311,11210,21521
202111,4호선,삼각지,3596,4849,8445
202111,4호선,숙대입구,9661,9126,18787
202111,4호선,서울역,6004,15323,21327
202111,4호선,회현,17828,19104,36932
202111,4호선,명동,14929,17210,32139
202111,4호선,충무로,14298,14928,29226
202111,4호선,동대문역사문화공원,12322,11022,23344
202111,4호선,동대문,14075,14161,28236
202111,4호선,혜화,28384,29533,57917
202111,4호선,한성대입구,10483,10077,20560
202111,4호선,성신여대입구,16635,15856,32491
202111,4호선,길음,14677,13646,28323
202111,4호선,미아사거리,22272,21200,43472
202111,4호선,미아,10575,10013,20588
202111,4호선,수유,26089,25815,51904
202111,4호선,대야미,3958,3539,7497
202111,4호선,반월,3462,3073,6535
202111,4호선,상록수,13272,13103,26375
202111,4호선,한대앞,7303,6979,14282
202111,4호선,중앙,15731,16871,32602
202111,4호선,고잔,6690,6778,13468
202111,4호선,초지,3381,3231,6612
202111,4호선,안산,9529,9722,19251
202111,4호선,신길온천,1430,1350,2780
202111,4호선,정왕,6586,6600,13186
202111,4호선,오이도,7520,7700,15220
202111,4호선,수리산,2962,2559,5521
202111,4호선,수리산,2132,2076,4208
202111,4호선,오이도,5930,5675,11605
202111,4호선,정왕,5582,6044,11626
202111,4호선,신길온천,1060,1054,2114
202111,4호선,안산,9289,8545,17834
202111,4호선,초지,2421,2293,4714
202111,4호선,고잔,4897,4689,9586
202111,4호선,중앙,11649,11725,23374
202111,4호선,한대앞,5470,5398,10868
202111,4호선,상록수,9293,9190,18483
202111,4호선,반월,2449,2435,4884
202111,4호선,대야미,2905,2575,5480
202111,4호선,산본,8646,9337,17983
202111,4호선,범계,14732,14438,29170
202111,4호선,평촌,6731,6640,13371
202111,4호선,인덕원,12024,12235,24259
202111,4호선,정부과천청사,4168,4389,8557
202111,4호선,과천,3376,3051,6427
202111,4호선,대공원,3987,4193,8180
202111,4호선,경마공원,7479,7522,15001
202111,4호선,선바위,3883,3474,7357
202111,4호선,수유,19406,18463,37869
202111,4호선,미아,7686,7373,15059
202111,4호선,미아사거리,16248,15157,31405
202111,4호선,길음,10416,10192,20608
202111,4호선,성신여대입구,12368,11887,24255
202111,4호선,한성대입구,7326,7372,14698
202111,4호선,혜화,21694,22890,44584
202111,4호선,동대문,7186,7959,15145
202111,4호선,동대문역사문화공원,9001,8540,17541
202111,4호선,충무로,8399,8485,16884
202111,4호선,명동,12103,12384,24487
202111,4호선,회현,8882,9498,18380
202111,4호선,서울역,4366,11730,16096
202111,4호선,숙대입구,7307,6971,14278
202111,4호선,삼각지,2421,3246,5667
202111,4호선,신용산,7730,7796,15526
202111,4호선,이촌,4616,4960,9576
202111,4호선,동작,1136,1127,2263
202111,4호선,총신대입구,10133,11116,21249
202111,4호선,사당,15575,14429,30004
202111,4호선,남태령,716,510,1226
202111,4호선,당고개,7457,7084,14541
202111,4호선,상계,9973,9242,19215
202111,4호선,노원,11369,12556,23925
202111,4호선,창동,14431,15074,29505
202111,4호선,쌍문,15423,13916,29339
202112,4호선,수유,25477,25166,50643
202112,4호선,미아,10380,9763,20143
202112,4호선,미아사거리,21089,19717,40806
202112,4호선,길음,13714,12909,26623
202112,4호선,성신여대입구,15640,15125,30765
202112,4호선,한성대입구,10257,9893,20150
202112,4호선,혜화,26167,27535,53702
202112,4호선,동대문,13050,13209,26259
202112,4호선,동대문역사문화공원,11155,9618,20773
202112,4호선,충무로,12409,13361,25770
202112,4호선,명동,15649,17835,33484
202112,4호선,회현,17516,18920,36436
202112,4호선,서울역,5209,13037,18246
202112,4호선,숙대입구,8531,8179,16710
202112,4호선,삼각지,3460,4572,8032
202112,4호선,신용산,10412,11204,21616
202112,4호선,이촌,5647,6147,11794
202112,4호선,동작,1154,1221,2375
202112,4호선,총신대입구,13524,14789,28313
202112,4호선,사당,20296,18211,38507
202112,4호선,남태령,1098,685,1783
202112,4호선,당고개,9516,8908,18424
202112,4호선,상계,13338,12253,25591
202112,4호선,노원,14789,16879,31668
202112,4호선,창동,18277,19429,37706
202112,4호선,쌍문,20550,18025,38575
202112,4호선,선바위,4996,4368,9364
202112,4호선,경마공원,6745,6708,13453
202112,4호선,대공원,3267,3514,6781
202112,4호선,과천,4148,3725,7873
202112,4호선,정부과천청사,5971,5778,11749
202112,4호선,인덕원,15894,15579,31473
202112,4호선,평촌,9007,8757,17764
202112,4호선,범계,19183,18982,38165
202112,4호선,산본,11873,10656,22529
202112,4호선,대야미,3789,3213,7002
202112,4호선,반월,3262,2951,6213
202112,4호선,상록수,12071,12057,24128
202112,4호선,한대앞,7050,6943,13993
202112,4호선,중앙,14842,15722,30564
202112,4호선,고잔,6294,6193,12487
202112,4호선,초지,3232,3163,6395
202112,4호선,안산,8812,9064,17876
202112,4호선,신길온천,1401,1312,2713
202112,4호선,정왕,6356,6433,12789
202112,4호선,오이도,6855,6989,13844
202112,4호선,수리산,2794,2356,5150
202112,4호선,선바위,3676,3324,7000
202112,4호선,산본,8127,8831,16958
202112,4호선,대야미,2765,2484,5249
202112,4호선,반월,2393,2362,4755
202112,4호선,상록수,8731,8473,17204
202112,4호선,한대앞,5011,5050,10061
202112,4호선,중앙,11116,11049,22165
202112,4호선,고잔,4299,4104,8403
202112,4호선,초지,2217,2199,4416
202112,4호선,안산,8551,8084,16635
202112,4호선,신길온천,1063,986,2049
202112,4호선,정왕,4899,5378,10277
202112,4호선,오이도,5398,5201,10599
202112,4호선,수리산,1938,2017,3955
202112,4호선,수유,18918,18280,37198
202112,4호선,미아,7308,7108,14416
202112,4호선,미아사거리,14784,14178,28962
202112,4호선,길음,9351,9113,18464
202112,4호선,성신여대입구,11725,11055,22780
202112,4호선,한성대입구,7174,7286,14460
202112,4호선,혜화,19919,20981,40900
202112,4호선,동대문,6204,6965,13169
202112,4호선,동대문역사문화공원,8326,7959,16285
202112,4호선,충무로,7632,7644,15276
202112,4호선,명동,11705,11939,23644
202112,4호선,회현,8742,8754,17496
202112,4호선,서울역,4088,9483,13571
202112,4호선,숙대입구,6404,6171,12575
202112,4호선,삼각지,2367,3083,5450
202112,4호선,신용산,7723,7739,15462
202112,4호선,이촌,4117,4482,8599
202112,4호선,동작,878,927,1805
202112,4호선,총신대입구,9417,10367,19784
202112,4호선,사당,14223,13321,27544
202112,4호선,남태령,645,486,1131
202112,4호선,당고개,7185,6740,13925
202112,4호선,상계,9697,9025,18722
202112,4호선,노원,10817,11767,22584
202112,4호선,창동,13928,14647,28575
202112,4호선,쌍문,14695,13205,27900
202112,4호선,경마공원,7446,7488,14934
202112,4호선,대공원,3192,3283,6475
202112,4호선,과천,3043,2939,5982
202112,4호선,정부과천청사,3939,4038,7977
202112,4호선,인덕원,11065,11221,22286
202112,4호선,평촌,5922,5801,11723
202112,4호선,범계,13546,13279,26825
202112,4호선,선바위,5069,4420,9489
202112,4호선,경마공원,6895,6948,13843
202112,4호선,대공원,3498,3600,7098
202112,4호선,과천,3968,3655,7623
202112,4호선,정부과천청사,5557,5358,10915
202112,4호선,인덕원,14830,14593,29423
202112,4호선,평촌,8822,8547,17369
202112,4호선,범계,18680,17472,36152
202112,4호선,산본,11521,10309,21830
202112,4호선,대야미,3781,3288,7069
202112,4호선,반월,3158,2903,6061
202112,4호선,상록수,11736,11561,23297
202112,4호선,한대앞,6678,6636,13314
202112,4호선,중앙,14364,15233,29597
202112,4호선,고잔,5994,5793,11787
202112,4호선,초지,3195,3101,6296
202112,4호선,안산,8780,9121,17901
202112,4호선,신길온천,1357,1287,2644
202112,4호선,정왕,6139,6166,12305
202112,4호선,오이도,6767,6930,13697
202112,4호선,수리산,2742,2449,5191
202112,4호선,쌍문,20119,17917,38036
202112,4호선,창동,18309,19236,37545
202112,4호선,노원,14505,16371,30876
202112,4호선,상계,13070,12185,25255
202112,4호선,당고개,9363,8536,17899
202112,4호선,남태령,926,662,1588
202112,4호선,사당,19917,17121,37038
202112,4호선,총신대입구,13421,14656,28077
202112,4호선,동작,1114,1189,2303
202112,4호선,이촌,5565,6123,11688
202112,4호선,신용산,9231,10116,19347
202112,4호선,삼각지,3108,4093,7201
202112,4호선,숙대입구,8317,8051,16368
202112,4호선,서울역,5077,12307,17384
202112,4호선,회현,17695,19316,37011
202112,4호선,명동,15830,18426,34256
202112,4호선,충무로,12459,13514,25973
202112,4호선,동대문역사문화공원,11383,9928,21311
202112,4호선,동대문,12603,12496,25099
202112,4호선,혜화,24588,25739,50327
202112,4호선,한성대입구,9878,9432,19310
202112,4호선,성신여대입구,15349,14479,29828
202112,4호선,길음,12966,12065,25031
202112,4호선,미아사거리,20494,19499,39993
202112,4호선,미아,10097,9469,19566
202112,4호선,수유,24733,24172,48905
202112,4호선,수유,18185,17698,35883
202112,4호선,미아,7238,7013,14251
202112,4호선,미아사거리,14857,14112,28969
202112,4호선,길음,9403,9432,18835
202112,4호선,성신여대입구,11282,10635,21917
202112,4호선,한성대입구,7127,7329,14456
202112,4호선,혜화,20207,20730,40937
202112,4호선,동대문,5950,6520,12470
202112,4호선,동대문역사문화공원,8815,8218,17033
202112,4호선,충무로,7717,7698,15415
202112,4호선,명동,12794,12891,25685
202112,4호선,회현,9760,9674,19434
202112,4호선,서울역,3757,9233,12990
202112,4호선,숙대입구,6176,5957,12133
202112,4호선,삼각지,2196,2835,5031
202112,4호선,신용산,7010,7043,14053
202112,4호선,이촌,3897,4239,8136
202112,4호선,동작,740,849,1589
202112,4호선,총신대입구,9200,10109,19309
202112,4호선,사당,13609,12726,26335
202112,4호선,남태령,642,452,1094
202112,4호선,당고개,7006,6730,13736
202112,4호선,상계,9336,8679,18015
202112,4호선,노원,10543,11623,22166
202112,4호선,창동,13591,14230,27821
202112,4호선,쌍문,14401,13165,27566
202112,4호선,선바위,3385,3193,6578
202112,4호선,경마공원,7715,7749,15464
202112,4호선,대공원,2980,3095,6075
202112,4호선,과천,2933,2862,5795
202112,4호선,정부과천청사,3696,3808,7504
202112,4호선,인덕원,10650,11049,21699
202112,4호선,평촌,5903,5813,11716
202112,4호선,범계,13228,12798,26026
202112,4호선,산본,7787,8234,16021
202112,4호선,대야미,2626,2313,4939
202112,4호선,반월,2333,2286,4619
202112,4호선,상록수,8146,8127,16273
202112,4호선,한대앞,4780,4839,9619
202112,4호선,중앙,10229,10159,20388
202112,4호선,고잔,4187,4160,8347
202112,4호선,초지,2096,2024,4120
202112,4호선,안산,8415,7817,16232
202112,4호선,신길온천,1011,939,1950
202112,4호선,정왕,4567,5068,9635
202112,4호선,오이도,5068,4980,10048
202112,4호선,수리산,1904,1886,3790
202112,4호선,수유,24092,24418,48510
202112,4호선,미아,9430,9292,18722
202112,4호선,미아사거리,20012,19742,39754
202112,4호선,길음,13029,12819,25848
202112,4호선,성신여대입구,15909,15282,31191
202112,4호선,한성대입구,9865,9647,19512
202112,4호선,혜화,25892,25881,51773
202112,4호선,동대문,11190,11033,22223
202112,4호선,동대문역사문화공원,11150,9350,20500
202112,4호선,충무로,12021,12704,24725
202112,4호선,명동,17592,19956,37548
202112,4호선,회현,18737,18974,37711
202112,4호선,서울역,5055,12745,17800
202112,4호선,숙대입구,9481,9015,18496
202112,4호선,삼각지,3181,4047,7228
202112,4호선,신용산,10799,11115,21914
202112,4호선,이촌,5569,6015,11584
202112,4호선,동작,822,940,1762
202112,4호선,총신대입구,12812,14028,26840
202112,4호선,사당,18570,16143,34713
202112,4호선,남태령,916,574,1490
202112,4호선,당고개,8455,8197,16652
202112,4호선,상계,12229,11748,23977
202112,4호선,노원,14546,15668,30214
202112,4호선,창동,17277,18460,35737
202112,4호선,쌍문,19269,18153,37422
202112,4호선,수리산,2483,2160,4643
202112,4호선,오이도,6802,7215,14017
202112,4호선,정왕,6041,6275,12316
202112,4호선,신길온천,1196,1198,2394
202112,4호선,안산,8723,8912,17635
202112,4호선,초지,3107,3145,6252
202112,4호선,고잔,6061,5997,12058
202112,4호선,중앙,14948,15388,30336
202112,4호선,한대앞,6448,6673,13121
202112,4호선,상록수,11005,11662,22667
202112,4호선,반월,2913,2779,5692
202112,4호선,대야미,3197,2906,6103
202112,4호선,산본,10826,11619,22445
202112,4호선,범계,18942,18430,37372
202112,4호선,평촌,9001,8917,17918
202112,4호선,인덕원,14589,15001,29590
202112,4호선,정부과천청사,5378,5408,10786
202112,4호선,과천,4004,3853,7857
202112,4호선,대공원,1877,1942,3819
202112,4호선,경마공원,6848,6680,13528
202112,4호선,선바위,4393,3917,8310
202112,4호선,수유,18334,17883,36217
202112,4호선,미아,7124,6873,13997
202112,4호선,미아사거리,14956,14472,29428
202112,4호선,길음,9491,9369,18860
202112,4호선,성신여대입구,12131,11338,23469
202112,4호선,한성대입구,7084,7061,14145
202112,4호선,혜화,20064,20653,40717
202112,4호선,동대문,5590,6333,11923
202112,4호선,동대문역사문화공원,8493,7916,16409
202112,4호선,충무로,7835,8046,15881
202112,4호선,명동,15303,15299,30602
202112,4호선,회현,10217,10734,20951
202112,4호선,서울역,3994,9668,13662
202112,4호선,숙대입구,6411,6302,12713
202112,4호선,삼각지,2285,2943,5228
202112,4호선,신용산,8094,8303,16397
202112,4호선,이촌,4193,4532,8725
202112,4호선,동작,672,773,1445
202112,4호선,총신대입구,9058,10069,19127
202112,4호선,사당,13864,12959,26823
202112,4호선,남태령,645,490,1135
202112,4호선,당고개,6883,6577,13460
202112,4호선,상계,9163,8790,17953
202112,4호선,노원,10748,11810,22558
202112,4호선,창동,13913,14576,28489
202112,4호선,쌍문,14504,13217,27721
202112,4호선,선바위,3518,3152,6670
202112,4호선,경마공원,7965,8112,16077
202112,4호선,대공원,2353,2525,4878
202112,4호선,과천,3175,3013,6188
202112,4호선,정부과천청사,3947,3995,7942
202112,4호선,인덕원,10630,10892,21522
202112,4호선,평촌,6087,6135,12222
202112,4호선,범계,13838,13365,27203
202112,4호선,산본,8083,8677,16760
202112,4호선,대야미,2514,2316,4830
202112,4호선,반월,2302,2198,4500
202112,4호선,상록수,8413,8200,16613
202112,4호선,한대앞,4909,4819,9728
202112,4호선,중앙,11246,10936,22182
202112,4호선,고잔,4552,4428,8980
202112,4호선,초지,2194,2219,4413
202112,4호선,안산,8261,7827,16088
202112,4호선,신길온천,985,998,1983
202112,4호선,정왕,4704,5179,9883
202112,4호선,오이도,5265,5232,10497
202112,4호선,수리산,1782,1698,3480
202112,4호선,쌍문,16544,15219,31763
202112,4호선,창동,15003,15966,30969
202112,4호선,노원,13997,15067,29064
202112,4호선,상계,10363,9801,20164
202112,4호선,당고개,7456,7126,14582
202112,4호선,남태령,686,485,1171
202112,4호선,사당,14968,12753,27721
202112,4호선,총신대입구,9960,10684,20644
202112,4호선,동작,563,613,1176
202112,4호선,이촌,4071,4333,8404
202112,4호선,신용산,8509,9024,17533
202112,4호선,삼각지,2585,3379,5964
202112,4호선,숙대입구,7050,6828,13878
202112,4호선,서울역,5005,11114,16119
202112,4호선,회현,30079,29526,59605
202112,4호선,명동,36093,41115,77208
202112,4호선,충무로,10818,10538,21356
202112,4호선,동대문역사문화공원,11400,9647,21047
202112,4호선,동대문,9695,9791,19486
202112,4호선,혜화,30768,31021,61789
202112,4호선,한성대입구,7643,7471,15114
202112,4호선,성신여대입구,14912,14539,29451
202112,4호선,길음,10060,9846,19906
202112,4호선,미아사거리,17679,16902,34581
202112,4호선,미아,8237,7810,16047
202112,4호선,수유,21442,21229,42671
202112,4호선,수리산,1938,1642,3580
202112,4호선,오이도,6454,6634,13088
202112,4호선,정왕,5086,5189,10275
202112,4호선,신길온천,1087,977,2064
202112,4호선,안산,7729,8099,15828
202112,4호선,초지,2425,2485,4910
202112,4호선,고잔,4426,4269,8695
202112,4호선,중앙,13397,13793,27190
202112,4호선,한대앞,5073,5147,10220
202112,4호선,상록수,9283,9499,18782
202112,4호선,반월,2380,2267,4647
202112,4호선,대야미,2525,2259,4784
202112,4호선,산본,9260,9799,19059
202112,4호선,범계,16446,15419,31865
202112,4호선,평촌,6317,6308,12625
202112,4호선,인덕원,11517,12030,23547
202112,4호선,정부과천청사,4131,4278,8409
202112,4호선,과천,3170,3038,6208
202112,4호선,대공원,2047,2076,4123
202112,4호선,경마공원,7303,7293,14596
202112,4호선,선바위,3610,3279,6889
202112,4호선,수리산,1579,1444,3023
202112,4호선,오이도,4304,4303,8607
202112,4호선,정왕,4154,4545,8699
202112,4호선,신길온천,869,853,1722
202112,4호선,안산,7317,6568,13885
202112,4호선,초지,1822,1792,3614
202112,4호선,고잔,3474,3324,6798
202112,4호선,중앙,9536,9414,18950
202112,4호선,한대앞,4186,4158,8344
202112,4호선,상록수,7232,7279,14511
202112,4호선,반월,1864,1930,3794
202112,4호선,대야미,1974,1872,3846
202112,4호선,산본,6764,7215,13979
202112,4호선,수유,16169,15844,32013
202112,4호선,미아,6241,6107,12348
202112,4호선,미아사거리,12953,12556,25509
202112,4호선,길음,7861,8022,15883
202112,4호선,성신여대입구,10645,10121,20766
202112,4호선,한성대입구,5931,5990,11921
202112,4호선,혜화,19197,19321,38518
202112,4호선,동대문,4547,5295,9842
202112,4호선,동대문역사문화공원,7702,7052,14754
202112,4호선,충무로,6589,6670,13259
202112,4호선,명동,14355,13764,28119
202112,4호선,회현,11049,10797,21846
202112,4호선,서울역,3515,8942,12457
202112,4호선,숙대입구,5690,5512,11202
202112,4호선,삼각지,1902,2404,4306
202112,4호선,신용산,6803,6850,13653
202112,4호선,이촌,3320,3789,7109
202112,4호선,동작,395,432,827
202112,4호선,총신대입구,7834,8654,16488
202112,4호선,사당,12004,11129,23133
202112,4호선,남태령,514,358,872
202112,4호선,당고개,5592,5411,11003
202112,4호선,상계,7990,7629,15619
202112,4호선,노원,9965,10651,20616
202112,4호선,창동,11677,12449,24126
202112,4호선,쌍문,12699,11701,24400
202112,4호선,범계,12118,11849,23967
202112,4호선,평촌,5039,4851,9890
202112,4호선,인덕원,9024,9416,18440
202112,4호선,정부과천청사,3223,3265,6488
202112,4호선,과천,2636,2537,5173
202112,4호선,대공원,1396,1470,2866
202112,4호선,경마공원,7953,7972,15925
202112,4호선,선바위,2772,2701,5473
