사용일자,호선명,지하철역,승차총승객수,하차총승객수,승하차총승객수
2022-01-03,1호선,동대문,8844,8651,17495
2022-01-03,1호선,동묘앞,6324,6598,12922
2022-01-03,1호선,서울역,40413,36361,76774
2022-01-03,1호선,시청,19725,19839,39564
2022-01-03,1호선,신설동,12680,12483,25163
2022-01-03,1호선,제기동,15506,15998,31504
2022-01-03,1호선,종각,33790,32789,66579
2022-01-03,1호선,종로3가,23162,21718,44880
2022-01-03,1호선,종로5가,20166,19926,40092
2022-01-03,1호선,청량리,17754,17906,35660
2022-01-03,2호선,강남,82703,79988,162691
2022-01-03,2호선,강변,28008,26207,54215
2022-01-03,2호선,건대입구,31439,33647,65086
2022-01-03,2호선,교대,30745,34149,64894
2022-01-03,2호선,구로디지털단지,57836,58202,116038
2022-01-03,2호선,구의,22114,22275,44389
2022-01-03,2호선,낙성대,24670,24935,49605
2022-01-03,2호선,당산,16916,19766,36682
2022-01-03,2호선,대림,22887,23296,46183
2022-01-03,2호선,도림천,1379,1425,2804
2022-01-03,2호선,동대문역사문화공원,9536,11120,20656
2022-01-03,2호선,뚝섬,20279,21873,42152
2022-01-03,2호선,문래,20546,20798,41344
2022-01-03,2호선,방배,15296,15833,31129
2022-01-03,2호선,봉천,22172,21130,43302
2022-01-03,2호선,사당,31943,35058,67001
2022-01-03,2호선,삼성,49525,49218,98743
2022-01-03,2호선,상왕십리,13203,13173,26376
2022-01-03,2호선,서울대입구,43068,41647,84715
2022-01-03,2호선,서초,19508,18809,38317
2022-01-03,2호선,선릉,54376,47992,102368
2022-01-03,2호선,성수,35943,38199,74142
2022-01-03,2호선,시청,21695,20941,42636
2022-01-03,2호선,신답,1544,1840,3384
2022-01-03,2호선,신당,12336,12754,25090
2022-01-03,2호선,신대방,24818,24584,49402
2022-01-03,2호선,신도림,43237,42563,85800
2022-01-03,2호선,신림,58307,57981,116288
2022-01-03,2호선,신설동,2976,3215,6191
2022-01-03,2호선,신정네거리,9778,10164,19942
2022-01-03,2호선,신촌,29737,30693,60430
2022-01-03,2호선,아현,9245,8964,18209
2022-01-03,2호선,양천구청,6433,6816,13249
2022-01-03,2호선,역삼,51818,56662,108480
2022-01-03,2호선,영등포구청,21964,22510,44474
2022-01-03,2호선,왕십리,14002,12003,26005
2022-01-03,2호선,용답,2440,2510,4950
2022-01-03,2호선,용두,2135,2265,4400
2022-01-03,2호선,을지로3가,21408,21158,42566
2022-01-03,2호선,을지로4가,12086,11988,24074
2022-01-03,2호선,을지로입구,37348,37786,75134
2022-01-03,2호선,이대,11485,12493,23978
2022-01-03,2호선,잠실,61246,61197,122443
2022-01-03,2호선,잠실나루,13491,13268,26759
2022-01-03,2호선,잠실새내,19471,19395,38866
2022-01-03,2호선,종합운동장,6785,7225,14010
2022-01-03,2호선,충정로,9327,9866,19193
2022-01-03,2호선,한양대,6307,6803,13110
2022-01-03,2호선,합정,27568,28398,55966
2022-01-03,2호선,홍대입구,46517,47843,94360
2022-01-03,3호선,가락시장,8321,8076,16397
2022-01-03,3호선,경복궁,16419,15972,32391
2022-01-03,3호선,경찰병원,7282,7317,14599
2022-01-03,3호선,고속터미널,36229,32417,68646
2022-01-03,3호선,교대,12547,8436,20983
2022-01-03,3호선,구파발,19344,18110,37454
2022-01-03,3호선,금호,7360,7170,14530
2022-01-03,3호선,남부터미널,27313,27445,54758
2022-01-03,3호선,녹번,14572,13505,28077
2022-01-03,3호선,대청,9616,8967,18583
2022-01-03,3호선,대치,10850,10899,21749
2022-01-03,3호선,도곡,5047,5159,10206
2022-01-03,3호선,독립문,5953,6082,12035
2022-01-03,3호선,동대입구,6386,6633,13019
2022-01-03,3호선,매봉,12152,11515,23667
2022-01-03,3호선,무악재,3678,3688,7366
2022-01-03,3호선,불광,14902,16011,30913
2022-01-03,3호선,수서,15959,16024,31983
2022-01-03,3호선,신사,29336,30626,59962
2022-01-03,3호선,안국,18116,18408,36524
2022-01-03,3호선,압구정,30696,32344,63040
2022-01-03,3호선,약수,11727,11471,23198
2022-01-03,3호선,양재,36102,39356,75458
2022-01-03,3호선,연신내,33671,32141,65812
2022-01-03,3호선,오금,6035,5392,11427
2022-01-03,3호선,옥수,8102,8512,16614
2022-01-03,3호선,을지로3가,9984,10299,20283
2022-01-03,3호선,일원,9448,9367,18815
2022-01-03,3호선,잠원,4481,4348,8829
2022-01-03,3호선,종로3가,8970,10182,19152
2022-01-03,3호선,지축,4239,4229,8468
2022-01-03,3호선,학여울,1636,1642,3278
2022-01-03,3호선,홍제,15647,14989,30636
2022-01-03,4호선,길음,18514,18360,36874
2022-01-03,4호선,남태령,1067,957,2024
2022-01-03,4호선,노원,17081,19302,36383
2022-01-03,4호선,당고개,11937,10861,22798
2022-01-03,4호선,동대문,15986,17333,33319
2022-01-03,4호선,동대문역사문화공원,12919,11870,24789
2022-01-03,4호선,동작,1211,1326,2537
2022-01-03,4호선,명동,16690,17130,33820
2022-01-03,4호선,미아,13522,13423,26945
2022-01-03,4호선,미아사거리,25411,24781,50192
2022-01-03,4호선,사당,21998,18031,40029
2022-01-03,4호선,삼각지,4305,4535,8840
2022-01-03,4호선,상계,17534,16370,33904
2022-01-03,4호선,서울역,10530,14163,24693
2022-01-03,4호선,성신여대입구,17836,17395,35231
2022-01-03,4호선,수유,31181,31335,62516
2022-01-03,4호선,숙대입구,11267,11049,22316
2022-01-03,4호선,신용산,15785,16298,32083
2022-01-03,4호선,쌍문,27554,25499,53053
2022-01-03,4호선,이촌,6487,7139,13626
2022-01-03,4호선,창동,23393,24745,48138
2022-01-03,4호선,총신대입구,17147,18611,35758
2022-01-03,4호선,충무로,23771,24715,48486
2022-01-03,4호선,한성대입구,11725,11684,23409
2022-01-03,4호선,혜화,26726,26831,53557
2022-01-03,4호선,회현,21960,23110,45070
2022-01-03,5호선,강동,17436,16738,34174
2022-01-03,5호선,강일,3602,3650,7252
2022-01-03,5호선,개롱,6012,6276,12288
2022-01-03,5호선,개화산,5217,5031,10248
2022-01-03,5호선,거여,8754,8395,17149
2022-01-03,5호선,고덕,8866,8960,17826
2022-01-03,5호선,공덕,13200,13896,27096
2022-01-03,5호선,광나루,12124,11088,23212
2022-01-03,5호선,광화문,27817,28810,56627
2022-01-03,5호선,군자,10335,11261,21596
2022-01-03,5호선,굽은다리,8949,8622,17571
2022-01-03,5호선,길동,7493,7894,15387
2022-01-03,5호선,김포공항,6962,6577,13539
2022-01-03,5호선,까치산,27403,26773,54176
2022-01-03,5호선,답십리,15420,14271,29691
2022-01-03,5호선,동대문역사문화공원,2984,3372,6356
2022-01-03,5호선,둔촌동,7965,8138,16103
2022-01-03,5호선,마곡,10364,10128,20492
2022-01-03,5호선,마장,5047,4739,9786
2022-01-03,5호선,마천,6439,6346,12785
2022-01-03,5호선,마포,13769,13990,27759
2022-01-03,5호선,명일,7961,8267,16228
2022-01-03,5호선,목동,15859,17531,33390
2022-01-03,5호선,미사,15182,15314,30496
2022-01-03,5호선,발산,19127,19282,38409
2022-01-03,5호선,방이,6640,6894,13534
2022-01-03,5호선,방화,6379,6258,12637
2022-01-03,5호선,상일동,14933,13919,28852
2022-01-03,5호선,서대문,17922,18284,36206
2022-01-03,5호선,송정,6174,5658,11832
2022-01-03,5호선,신금호,5775,6177,11952
2022-01-03,5호선,신길,3944,4379,8323
2022-01-03,5호선,신정,13282,10756,24038
2022-01-03,5호선,아차산,12633,12628,25261
2022-01-03,5호선,애오개,6186,6327,12513
2022-01-03,5호선,양평,7366,7543,14909
2022-01-03,5호선,여의나루,8578,9330,17908
2022-01-03,5호선,여의도,28372,29242,57614
2022-01-03,5호선,영등포구청,3832,3876,7708
2022-01-03,5호선,영등포시장,9562,9704,19266
2022-01-03,5호선,오금,3597,3567,7164
2022-01-03,5호선,오목교,20868,22246,43114
2022-01-03,5호선,올림픽공원,4030,3504,7534
2022-01-03,5호선,왕십리,4267,4690,8957
2022-01-03,5호선,우장산,13489,13531,27020
2022-01-03,5호선,을지로4가,5850,5801,11651
2022-01-03,5호선,장한평,17761,17696,35457
2022-01-03,5호선,종로3가,11052,10692,21744
2022-01-03,5호선,천호,16530,16330,32860
2022-01-03,5호선,청구,3653,3442,7095
2022-01-03,5호선,충정로,4669,4686,9355
2022-01-03,5호선,하남검단산,4998,4860,9858
2022-01-03,5호선,하남시청,5835,5691,11526
2022-01-03,5호선,하남풍산,4062,3992,8054
2022-01-03,5호선,행당,7620,6887,14507
2022-01-03,5호선,화곡,27093,25584,52677
2022-01-03,6호선,고려대,6962,6818,13780
2022-01-03,6호선,공덕,17273,16744,34017
2022-01-03,6호선,광흥창,8375,8114,16489
2022-01-03,6호선,구산,6961,5385,12346
2022-01-03,6호선,녹사평,4000,3956,7956
2022-01-03,6호선,대흥,7202,7407,14609
2022-01-03,6호선,독바위,2463,2663,5126
2022-01-03,6호선,돌곶이,8639,8211,16850
2022-01-03,6호선,동묘앞,6101,6813,12914
2022-01-03,6호선,디지털미디어시티,13226,14571,27797
2022-01-03,6호선,마포구청,13313,12155,25468
2022-01-03,6호선,망원,12210,13134,25344
2022-01-03,6호선,버티고개,1873,1983,3856
2022-01-03,6호선,보문,6594,6221,12815
2022-01-03,6호선,봉화산,8407,7900,16307
2022-01-03,6호선,불광,3883,3917,7800
2022-01-03,6호선,삼각지,5231,4806,10037
2022-01-03,6호선,상수,6945,7552,14497
2022-01-03,6호선,상월곡,5713,5234,10947
2022-01-03,6호선,새절,11837,11078,22915
2022-01-03,6호선,석계,11245,11892,23137
2022-01-03,6호선,신당,5812,6822,12634
2022-01-03,6호선,안암,8854,9229,18083
2022-01-03,6호선,약수,3364,3323,6687
2022-01-03,6호선,역촌,3610,4250,7860
2022-01-03,6호선,연신내,2,0,2
2022-01-03,6호선,월곡,10636,10673,21309
2022-01-03,6호선,월드컵경기장,3421,3602,7023
2022-01-03,6호선,응암,16321,16410,32731
2022-01-03,6호선,이태원,8093,7947,16040
2022-01-03,6호선,증산,9426,9497,18923
2022-01-03,6호선,창신,3159,2613,5772
2022-01-03,6호선,청구,3392,3658,7050
2022-01-03,6호선,태릉입구,4979,5399,10378
2022-01-03,6호선,한강진,6140,6952,13092
2022-01-03,6호선,합정,11344,11057,22401
2022-01-03,6호선,화랑대,10857,8535,19392
2022-01-03,6호선,효창공원앞,6300,5852,12152
2022-01-03,7호선,가산디지털단지,47004,46739,93743
2022-01-03,7호선,강남구청,15675,16945,32620
2022-01-03,7호선,건대입구,11285,11874,23159
2022-01-03,7호선,고속터미널,15191,11984,27175
2022-01-03,7호선,공릉,10703,10903,21606
2022-01-03,7호선,광명사거리,21100,20722,41822
2022-01-03,7호선,군자,14091,11537,25628
2022-01-03,7호선,까치울,1,0,1
2022-01-03,7호선,남구로,16221,16847,33068
2022-01-03,7호선,남성,10363,9782,20145
2022-01-03,7호선,내방,14039,14163,28202
2022-01-03,7호선,노원,18585,19372,37957
2022-01-03,7호선,논현,20219,21667,41886
2022-01-03,7호선,대림,7725,7681,15406
2022-01-03,7호선,도봉산,8557,9874,18431
2022-01-03,7호선,뚝섬유원지,6728,6623,13351
2022-01-03,7호선,마들,12155,11759,23914
2022-01-03,7호선,먹골,9482,9356,18838
2022-01-03,7호선,면목,14459,14296,28755
2022-01-03,7호선,반포,5412,5074,10486
2022-01-03,7호선,보라매,9542,9505,19047
2022-01-03,7호선,부평구청,3,0,3
2022-01-03,7호선,사가정,15217,15405,30622
2022-01-03,7호선,삼산체육관,2,0,2
2022-01-03,7호선,상도,9843,9815,19658
2022-01-03,7호선,상동,1,0,1
2022-01-03,7호선,상봉,15456,14694,30150
2022-01-03,7호선,수락산,11678,11520,23198
2022-01-03,7호선,숭실대입구,10802,11256,22058
2022-01-03,7호선,신대방삼거리,15611,15262,30873
2022-01-03,7호선,신풍,10883,10427,21310
2022-01-03,7호선,어린이대공원,10921,10912,21833
2022-01-03,7호선,온수,9918,9111,19029
2022-01-03,7호선,용마산,5782,5635,11417
2022-01-03,7호선,이수,14251,14049,28300
2022-01-03,7호선,장승배기,8655,8642,17297
2022-01-03,7호선,장암,2188,785,2973
2022-01-03,7호선,중계,13034,11983,25017
2022-01-03,7호선,중곡,10317,9807,20124
2022-01-03,7호선,중화,10267,10260,20527
2022-01-03,7호선,천왕,10979,10685,21664
2022-01-03,7호선,철산,19982,20547,40529
2022-01-03,7호선,청담,18657,20556,39213
2022-01-03,7호선,춘의,1,0,1
2022-01-03,7호선,태릉입구,7632,7280,14912
2022-01-03,7호선,하계,16151,15125,31276
2022-01-03,7호선,학동,23993,25214,49207
2022-01-03,8호선,가락시장,7104,7733,14837
2022-01-03,8호선,강동구청,10029,10488,20517
2022-01-03,8호선,남위례,3311,3646,6957
2022-01-03,8호선,남한산성입구,12695,11675,24370
2022-01-03,8호선,단대오거리,9710,9674,19384
2022-01-03,8호선,모란,4097,3128,7225
2022-01-03,8호선,몽촌토성,5659,5724,11383
2022-01-03,8호선,문정,21983,23062,45045
2022-01-03,8호선,복정,8772,7475,16247
2022-01-03,8호선,산성,5008,5038,10046
2022-01-03,8호선,석촌,7245,8280,15525
2022-01-03,8호선,송파,7146,7307,14453
2022-01-03,8호선,수진,5131,4725,9856
2022-01-03,8호선,신흥,3999,4459,8458
2022-01-03,8호선,암사,18074,16322,34396
2022-01-03,8호선,잠실,13182,15254,28436
2022-01-03,8호선,장지,16033,15741,31774
2022-01-03,8호선,천호,13851,16005,29856
2022-01-03,9호선,가양,19220,18972,38192
2022-01-03,9호선,개화,2398,1693,4091
2022-01-03,9호선,고속터미널,10878,13257,24135
2022-01-03,9호선,공항시장,2706,3052,5758
2022-01-03,9호선,구반포,1419,1474,2893
2022-01-03,9호선,국회의사당,16264,16597,32861
2022-01-03,9호선,김포공항,7033,9468,16501
2022-01-03,9호선,노들,4118,3630,7748
2022-01-03,9호선,노량진,23994,23948,47942
2022-01-03,9호선,당산,16755,17187,33942
2022-01-03,9호선,동작,1768,1468,3236
2022-01-03,9호선,등촌,10860,10868,21728
2022-01-03,9호선,마곡나루,11020,11024,22044
2022-01-03,9호선,사평,3332,3376,6708
2022-01-03,9호선,샛강,5535,5803,11338
2022-01-03,9호선,선유도,8455,8120,16575
2022-01-03,9호선,신논현,30463,30150,60613
2022-01-03,9호선,신목동,3826,3553,7379
2022-01-03,9호선,신반포,3006,2898,5904
2022-01-03,9호선,신방화,6460,6503,12963
2022-01-03,9호선,양천향교,9060,9383,18443
2022-01-03,9호선,여의도,26574,25459,52033
2022-01-03,9호선,염창,16434,16203,32637
2022-01-03,9호선,증미,7311,7350,14661
2022-01-03,9호선,흑석,7304,7850,15154
2022-01-03,9호선2~3단계,둔촌오륜,885,909,1794
2022-01-03,9호선2~3단계,봉은사,15254,15591,30845
2022-01-03,9호선2~3단계,삼성중앙,6545,6926,13471
2022-01-03,9호선2~3단계,삼전,6522,6506,13028
2022-01-03,9호선2~3단계,석촌,7793,7017,14810
2022-01-03,9호선2~3단계,석촌고분,5700,5731,11431
2022-01-03,9호선2~3단계,선정릉,9295,10247,19542
2022-01-03,9호선2~3단계,송파나루,4598,4946,9544
2022-01-03,9호선2~3단계,언주,10317,10559,20876
2022-01-03,9호선2~3단계,올림픽공원,5514,5395,10909
2022-01-03,9호선2~3단계,종합운동장,4074,4111,8185
2022-01-03,9호선2~3단계,중앙보훈병원,10308,9031,19339
2022-01-03,9호선2~3단계,한성백제,2314,2215,4529
2022-01-03,경강선,경기광주,7364,7106,14470
2022-01-03,경강선,곤지암,2037,2027,4064
2022-01-03,경강선,부발,1886,1931,3817
2022-01-03,경강선,삼동,2287,2169,4456
2022-01-03,경강선,세종대왕릉,262,249,511
2022-01-03,경강선,신둔도예촌,1229,1175,2404
2022-01-03,경강선,여주,1764,1723,3487
2022-01-03,경강선,이매,1040,897,1937
2022-01-03,경강선,이천,2414,2515,4929
2022-01-03,경강선,초월,2948,2877,5825
2022-01-03,경강선,판교,4610,4535,9145
2022-01-03,경부선,가산디지털단지,18081,20593,38674
2022-01-03,경부선,관악,6853,6309,13162
2022-01-03,경부선,광명,3293,2716,6009
2022-01-03,경부선,구로,17469,17359,34828
2022-01-03,경부선,군포,7371,7567,14938
2022-01-03,경부선,금정,24989,25766,50755
2022-01-03,경부선,금천구청,11094,11004,22098
2022-01-03,경부선,남영,8327,8755,17082
2022-01-03,경부선,노량진,7457,7562,15019
2022-01-03,경부선,당정,5758,5482,11240
2022-01-03,경부선,대방,12299,12855,25154
2022-01-03,경부선,독산,18032,19064,37096
2022-01-03,경부선,두정,4214,4336,8550
2022-01-03,경부선,명학,8615,8515,17130
2022-01-03,경부선,병점,12913,12790,25703
2022-01-03,경부선,서동탄,1318,1105,2423
2022-01-03,경부선,서울역,6012,1755,7767
2022-01-03,경부선,서정리,6034,5982,12016
2022-01-03,경부선,석수,9066,8075,17141
2022-01-03,경부선,성균관대,12972,13114,26086
2022-01-03,경부선,성환,2696,2874,5570
2022-01-03,경부선,세류,2761,2466,5227
2022-01-03,경부선,세마,2571,2394,4965
2022-01-03,경부선,송탄,3841,3726,7567
2022-01-03,경부선,수원,29963,31662,61625
2022-01-03,경부선,신길,8369,7129,15498
2022-01-03,경부선,신도림,3994,3843,7837
2022-01-03,경부선,안양,19510,19612,39122
2022-01-03,경부선,영등포,34042,34279,68321
2022-01-03,경부선,오산,8864,9057,17921
2022-01-03,경부선,오산대,3014,2776,5790
2022-01-03,경부선,용산,30792,29513,60305
2022-01-03,경부선,의왕,8621,8624,17245
2022-01-03,경부선,직산,679,641,1320
2022-01-03,경부선,진위,1589,1403,2992
2022-01-03,경부선,천안,4095,4320,8415
2022-01-03,경부선,평택,10404,10196,20600
2022-01-03,경부선,평택지제,3262,3058,6320
2022-01-03,경부선,화서,7335,7147,14482
2022-01-03,경원선,가능,6092,5847,11939
2022-01-03,경원선,광운대,7047,6805,13852
2022-01-03,경원선,녹양,4112,3878,7990
2022-01-03,경원선,녹천,4325,3672,7997
2022-01-03,경원선,덕계,2726,2478,5204
2022-01-03,경원선,덕정,4891,4710,9601
2022-01-03,경원선,도봉,5530,5390,10920
2022-01-03,경원선,도봉산,6699,4039,10738
2022-01-03,경원선,동두천,1954,2117,4071
2022-01-03,경원선,동두천중앙,2884,2685,5569
2022-01-03,경원선,망월사,6766,7023,13789
2022-01-03,경원선,방학,8739,8545,17284
2022-01-03,경원선,보산,1323,1142,2465
2022-01-03,경원선,서빙고,1736,1617,3353
2022-01-03,경원선,석계,7312,8408,15720
2022-01-03,경원선,소요산,2108,1753,3861
2022-01-03,경원선,신이문,7939,7447,15386
2022-01-03,경원선,양주,6951,6467,13418
2022-01-03,경원선,옥수,44,29,73
2022-01-03,경원선,왕십리,12262,13927,26189
2022-01-03,경원선,외대앞,6519,6800,13319
2022-01-03,경원선,월계,5719,5506,11225
2022-01-03,경원선,응봉,1756,1503,3259
2022-01-03,경원선,의정부,16752,17006,33758
2022-01-03,경원선,이촌,3281,2673,5954
2022-01-03,경원선,지행,5980,5799,11779
2022-01-03,경원선,창동,1,0,1
2022-01-03,경원선,청량리,13338,13358,26696
2022-01-03,경원선,한남,3873,3692,7565
2022-01-03,경원선,회룡,11527,11348,22875
2022-01-03,경의선,가좌,4829,4761,9590
2022-01-03,경의선,강매,3107,2687,5794
2022-01-03,경의선,계양,1,0,1
2022-01-03,경의선,곡산,548,581,1129
2022-01-03,경의선,공덕,3286,2893,6179
2022-01-03,경의선,금릉,4483,4289,8772
2022-01-03,경의선,금촌,5774,5785,11559
2022-01-03,경의선,능곡,3402,3180,6582
2022-01-03,경의선,디지털미디어시티,2284,2101,4385
2022-01-03,경의선,문산,4586,4605,9191
2022-01-03,경의선,백마,6501,6285,12786
2022-01-03,경의선,서강대,1963,1915,3878
2022-01-03,경의선,서울역,4219,5051,9270
2022-01-03,경의선,수색,2677,2748,5425
2022-01-03,경의선,신촌,799,1085,1884
2022-01-03,경의선,야당,6788,6489,13277
2022-01-03,경의선,운정,6517,6201,12718
2022-01-03,경의선,월롱,2110,2113,4223
2022-01-03,경의선,일산,9270,9231,18501
2022-01-03,경의선,임진강,8,8,16
2022-01-03,경의선,탄현,7272,6991,14263
2022-01-03,경의선,파주,933,693,1626
2022-01-03,경의선,풍산,5060,4719,9779
2022-01-03,경의선,행신,7444,7340,14784
2022-01-03,경의선,홍대입구,1529,1810,3339
2022-01-03,경의선,화전,1443,1300,2743
2022-01-03,경의선,효창공원앞,2694,3143,5837
2022-01-03,경인선,간석,5611,5333,10944
2022-01-03,경인선,개봉,19957,20253,40210
2022-01-03,경인선,구일,5711,5788,11499
2022-01-03,경인선,도원,2843,2800,5643
2022-01-03,경인선,도화,3876,3581,7457
2022-01-03,경인선,동암,13697,13586,27283
2022-01-03,경인선,동인천,12647,12005,24652
2022-01-03,경인선,백운,6380,6311,12691
2022-01-03,경인선,부개,7979,7512,15491
2022-01-03,경인선,부천,29786,29508,59294
2022-01-03,경인선,부평,27733,28874,56607
2022-01-03,경인선,소사,7956,7718,15674
2022-01-03,경인선,송내,24839,24853,49692
2022-01-03,경인선,역곡,25275,25029,50304
2022-01-03,경인선,오류동,11073,10604,21677
2022-01-03,경인선,온수,5826,5711,11537
2022-01-03,경인선,인천,3041,2241,5282
2022-01-03,경인선,제물포,9705,9193,18898
2022-01-03,경인선,주안,17175,15478,32653
2022-01-03,경인선,중동,8889,8443,17332
2022-01-03,경춘선,가평,1304,1294,2598
2022-01-03,경춘선,갈매,2904,2529,5433
2022-01-03,경춘선,강촌,243,265,508
2022-01-03,경춘선,굴봉산,92,117,209
2022-01-03,경춘선,금곡,1375,1325,2700
2022-01-03,경춘선,김유정,206,175,381
2022-01-03,경춘선,남춘천,1814,1835,3649
2022-01-03,경춘선,대성리,369,330,699
2022-01-03,경춘선,마석,3673,3675,7348
2022-01-03,경춘선,백양리,243,218,461
2022-01-03,경춘선,별내,3237,3044,6281
2022-01-03,경춘선,사릉,3011,2871,5882
2022-01-03,경춘선,상천,172,145,317
2022-01-03,경춘선,신내,1899,1752,3651
2022-01-03,경춘선,천마산,1533,1393,2926
2022-01-03,경춘선,청평,1337,1318,2655
2022-01-03,경춘선,춘천,899,831,1730
2022-01-03,경춘선,퇴계원,3435,3212,6647
2022-01-03,경춘선,평내호평,5857,5495,11352
2022-01-03,공항철도,검암,6277,6192,12469
2022-01-03,공항철도,계양,9692,9100,18792
2022-01-03,공항철도,공덕,2118,2671,4789
2022-01-03,공항철도,공항화물청사,2232,2374,4606
2022-01-03,공항철도,김포공항,11597,6778,18375
2022-01-03,공항철도,디지털미디어시티,13893,12516,26409
2022-01-03,공항철도,마곡나루,8468,7970,16438
2022-01-03,공항철도,서울역,6955,5972,12927
2022-01-03,공항철도,영종,2771,2782,5553
2022-01-03,공항철도,운서,5917,6075,11992
2022-01-03,공항철도,인천공항1터미널,3444,3690,7134
2022-01-03,공항철도,인천공항2터미널,2032,1953,3985
2022-01-03,공항철도,청라국제도시,6469,5999,12468
2022-01-03,공항철도,홍대입구,8463,8721,17184
2022-01-03,과천선,경마공원,807,781,1588
2022-01-03,과천선,과천,5506,5239,10745
2022-01-03,과천선,대공원,1680,1780,3460
2022-01-03,과천선,범계,24190,23834,48024
2022-01-03,과천선,선바위,7606,6522,14128
2022-01-03,과천선,인덕원,22555,23669,46224
2022-01-03,과천선,정부과천청사,10132,9991,20123
2022-01-03,과천선,평촌,17361,17166,34527
2022-01-03,분당선,가천대,5976,6939,12915
2022-01-03,분당선,강남구청,9556,10735,20291
2022-01-03,분당선,개포동,3465,3662,7127
2022-01-03,분당선,구룡,1927,1896,3823
2022-01-03,분당선,구성,4738,5045,9783
2022-01-03,분당선,기흥,8973,8614,17587
2022-01-03,분당선,대모산입구,4185,3912,8097
2022-01-03,분당선,도곡,6441,6477,12918
2022-01-03,분당선,망포,13567,13154,26721
2022-01-03,분당선,매교,2553,2557,5110
2022-01-03,분당선,매탄권선,4591,4524,9115
2022-01-03,분당선,모란,18360,18668,37028
2022-01-03,분당선,미금,14692,15545,30237
2022-01-03,분당선,보정,2265,1971,4236
2022-01-03,분당선,상갈,5002,4808,9810
2022-01-03,분당선,서울숲,9559,9730,19289
2022-01-03,분당선,서현,24174,24524,48698
2022-01-03,분당선,선릉,13385,19921,33306
2022-01-03,분당선,선정릉,7838,8364,16202
2022-01-03,분당선,수내,13032,12711,25743
2022-01-03,분당선,수서,12967,12522,25489
2022-01-03,분당선,수원,7627,6368,13995
2022-01-03,분당선,수원시청,12013,12653,24666
2022-01-03,분당선,신갈,4322,4340,8662
2022-01-03,분당선,압구정로데오,16748,17847,34595
2022-01-03,분당선,야탑,24110,24954,49064
2022-01-03,분당선,영통,7491,7627,15118
2022-01-03,분당선,오리,11181,9307,20488
2022-01-03,분당선,이매,5523,5137,10660
2022-01-03,분당선,정자,16544,17690,34234
2022-01-03,분당선,죽전,12059,13331,25390
2022-01-03,분당선,청명,4004,3977,7981
2022-01-03,분당선,태평,12833,12473,25306
2022-01-03,분당선,한티,13873,14895,28768
2022-01-03,수인선,고색,4331,4107,8438
2022-01-03,수인선,남동인더스파크,2077,2381,4458
2022-01-03,수인선,달월,93,50,143
2022-01-03,수인선,사리,4127,3724,7851
2022-01-03,수인선,소래포구,4292,3950,8242
2022-01-03,수인선,송도,2161,2102,4263
2022-01-03,수인선,숭의,3824,3524,7348
2022-01-03,수인선,신포,1663,1627,3290
2022-01-03,수인선,야목,325,234,559
2022-01-03,수인선,어천,605,656,1261
2022-01-03,수인선,연수,3975,3941,7916
2022-01-03,수인선,오목천,2549,2480,5029
2022-01-03,수인선,원인재,4017,4254,8271
2022-01-03,수인선,월곶,2303,2138,4441
2022-01-03,수인선,인천,921,1523,2444
2022-01-03,수인선,인천논현,5040,5391,10431
2022-01-03,수인선,인하대,5187,4967,10154
2022-01-03,수인선,호구포,3659,3909,7568
2022-01-03,안산선,고잔,8130,7679,15809
2022-01-03,안산선,대야미,4588,4228,8816
2022-01-03,안산선,반월,3999,3868,7867
2022-01-03,안산선,산본,14762,15838,30600
2022-01-03,안산선,상록수,14420,14771,29191
2022-01-03,안산선,수리산,4025,3312,7337
2022-01-03,안산선,신길온천,1531,1433,2964
2022-01-03,안산선,안산,10959,9883,20842
2022-01-03,안산선,오이도,7597,7139,14736
2022-01-03,안산선,정왕,7175,7717,14892
2022-01-03,안산선,중앙,16326,16577,32903
2022-01-03,안산선,초지,4178,4286,8464
2022-01-03,안산선,한대앞,8161,8126,16287
2022-01-03,우이신설선,4.19민주묘지,2424,2346,4770
2022-01-03,우이신설선,가오리,3742,3798,7540
2022-01-03,우이신설선,보문,1321,1372,2693
2022-01-03,우이신설선,북한산보국문,5377,5290,10667
2022-01-03,우이신설선,북한산우이,2818,2548,5366
2022-01-03,우이신설선,삼양,1901,2053,3954
2022-01-03,우이신설선,삼양사거리,2324,2370,4694
2022-01-03,우이신설선,성신여대입구,2895,3279,6174
2022-01-03,우이신설선,솔밭공원,2263,2193,4456
2022-01-03,우이신설선,솔샘,5484,5208,10692
2022-01-03,우이신설선,신설동,2014,1912,3926
2022-01-03,우이신설선,정릉,4222,4004,8226
2022-01-03,우이신설선,화계,3133,2927,6060
2022-01-03,일산선,대곡,1771,1396,3167
2022-01-03,일산선,대화,11902,9288,21190
2022-01-03,일산선,마두,6859,7092,13951
2022-01-03,일산선,백석,9233,9268,18501
2022-01-03,일산선,삼송,18098,17920,36018
2022-01-03,일산선,원당,10252,9717,19969
2022-01-03,일산선,원흥,9757,9362,19119
2022-01-03,일산선,정발산,6446,6356,12802
2022-01-03,일산선,주엽,8419,8316,16735
2022-01-03,일산선,화정,15782,16258,32040
2022-01-03,장항선,배방,872,854,1726
2022-01-03,장항선,봉명,1105,1064,2169
2022-01-03,장항선,신창,878,1017,1895
2022-01-03,장항선,쌍용,1628,1509,3137
2022-01-03,장항선,아산,2579,2168,4747
2022-01-03,장항선,온양온천,3026,3094,6120
2022-01-03,장항선,탕정,323,319,642
2022-01-03,중앙선,구리,12674,12648,25322
2022-01-03,중앙선,국수,682,661,1343
2022-01-03,중앙선,덕소,5309,5191,10500
2022-01-03,중앙선,도농,9934,9099,19033
2022-01-03,중앙선,도심,2228,1680,3908
2022-01-03,중앙선,망우,6971,6922,13893
2022-01-03,중앙선,상봉,5372,5340,10712
2022-01-03,중앙선,신원,169,156,325
2022-01-03,중앙선,아신,418,437,855
2022-01-03,중앙선,양수,1469,1479,2948
2022-01-03,중앙선,양원,1948,1857,3805
2022-01-03,중앙선,양정,695,562,1257
2022-01-03,중앙선,양평,2861,2852,5713
2022-01-03,중앙선,오빈,262,237,499
2022-01-03,중앙선,용문,1404,1363,2767
2022-01-03,중앙선,운길산,550,513,1063
2022-01-03,중앙선,원덕,280,257,537
2022-01-03,중앙선,중랑,5238,5083,10321
2022-01-03,중앙선,지평,53,63,116
2022-01-03,중앙선,팔당,678,728,1406
2022-01-03,중앙선,회기,21202,21240,42442
2022-01-04,1호선,동대문,10058,9421,19479
2022-01-04,1호선,동묘앞,6868,7110,13978
2022-01-04,1호선,서울역,39092,36147,75239
2022-01-04,1호선,시청,21043,21137,42180
2022-01-04,1호선,신설동,12888,12612,25500
2022-01-04,1호선,제기동,16388,16850,33238
2022-01-04,1호선,종각,33848,32900,66748
2022-01-04,1호선,종로3가,23970,22267,46237
2022-01-04,1호선,종로5가,21139,20766,41905
2022-01-04,1호선,청량리,18462,18619,37081
2022-01-04,2호선,강남,85529,82798,168327
2022-01-04,2호선,강변,28104,26741,54845
2022-01-04,2호선,건대입구,32452,34172,66624
2022-01-04,2호선,교대,32445,36201,68646
2022-01-04,2호선,구로디지털단지,58965,59323,118288
2022-01-04,2호선,구의,22797,22551,45348
2022-01-04,2호선,낙성대,25784,25657,51441
2022-01-04,2호선,당산,17526,20400,37926
2022-01-04,2호선,대림,23123,23660,46783
2022-01-04,2호선,도림천,1391,1465,2856
2022-01-04,2호선,동대문역사문화공원,10556,11804,22360
2022-01-04,2호선,뚝섬,21197,22717,43914
2022-01-04,2호선,문래,21153,21415,42568
2022-01-04,2호선,방배,15859,16496,32355
2022-01-04,2호선,봉천,22886,21599,44485
2022-01-04,2호선,사당,34043,36815,70858
2022-01-04,2호선,삼성,50807,50835,101642
2022-01-04,2호선,상왕십리,13619,13485,27104
2022-01-04,2호선,서울대입구,45023,41320,86343
2022-01-04,2호선,서초,20690,20106,40796
2022-01-04,2호선,선릉,56679,50209,106888
2022-01-04,2호선,성수,37495,40038,77533
2022-01-04,2호선,시청,23070,22229,45299
2022-01-04,2호선,신답,1618,1915,3533
2022-01-04,2호선,신당,12945,13351,26296
2022-01-04,2호선,신대방,25371,24933,50304
2022-01-04,2호선,신도림,45116,44238,89354
2022-01-04,2호선,신림,60080,59323,119403
2022-01-04,2호선,신설동,3011,3166,6177
2022-01-04,2호선,신정네거리,10058,10468,20526
2022-01-04,2호선,신촌,30824,31535,62359
2022-01-04,2호선,아현,9557,9266,18823
2022-01-04,2호선,양천구청,6620,7013,13633
2022-01-04,2호선,역삼,54233,59720,113953
2022-01-04,2호선,영등포구청,22593,22925,45518
2022-01-04,2호선,왕십리,14276,12336,26612
2022-01-04,2호선,용답,2558,2563,5121
2022-01-04,2호선,용두,2278,2314,4592
2022-01-04,2호선,을지로3가,22074,21874,43948
2022-01-04,2호선,을지로4가,12787,12559,25346
2022-01-04,2호선,을지로입구,38512,38923,77435
2022-01-04,2호선,이대,11844,12715,24559
2022-01-04,2호선,잠실,64568,64231,128799
2022-01-04,2호선,잠실나루,14197,13780,27977
2022-01-04,2호선,잠실새내,20190,19848,40038
2022-01-04,2호선,종합운동장,6612,7023,13635
2022-01-04,2호선,충정로,9570,10005,19575
2022-01-04,2호선,한양대,6505,6818,13323
2022-01-04,2호선,합정,29103,29992,59095
2022-01-04,2호선,홍대입구,49289,49959,99248
2022-01-04,3호선,가락시장,8659,8588,17247
2022-01-04,3호선,경복궁,17756,17304,35060
2022-01-04,3호선,경찰병원,7324,7285,14609
2022-01-04,3호선,고속터미널,35692,33353,69045
2022-01-04,3호선,교대,13342,8797,22139
2022-01-04,3호선,구파발,19761,18770,38531
2022-01-04,3호선,금호,7606,7250,14856
2022-01-04,3호선,남부터미널,27816,28269,56085
2022-01-04,3호선,녹번,14996,13936,28932
2022-01-04,3호선,대청,9731,9242,18973
2022-01-04,3호선,대치,11432,11338,22770
2022-01-04,3호선,도곡,5222,5245,10467
2022-01-04,3호선,독립문,6189,6407,12596
2022-01-04,3호선,동대입구,6644,7006,13650
2022-01-04,3호선,매봉,12520,11954,24474
2022-01-04,3호선,무악재,3850,3915,7765
2022-01-04,3호선,불광,15419,16307,31726
2022-01-04,3호선,수서,15700,16119,31819
2022-01-04,3호선,신사,30788,31986,62774
2022-01-04,3호선,안국,18508,18906,37414
2022-01-04,3호선,압구정,32092,34065,66157
2022-01-04,3호선,약수,12317,11983,24300
2022-01-04,3호선,양재,38106,40874,78980
2022-01-04,3호선,연신내,34529,32971,67500
2022-01-04,3호선,오금,6178,5564,11742
2022-01-04,3호선,옥수,8301,8817,17118
2022-01-04,3호선,을지로3가,10394,10496,20890
2022-01-04,3호선,일원,9869,9655,19524
2022-01-04,3호선,잠원,4653,4531,9184
2022-01-04,3호선,종로3가,9529,10847,20376
2022-01-04,3호선,지축,4430,4380,8810
2022-01-04,3호선,충무로,1,0,1
2022-01-04,3호선,학여울,1664,1764,3428
2022-01-04,3호선,홍제,16120,15273,31393
2022-01-04,4호선,길음,19007,18769,37776
2022-01-04,4호선,남태령,1066,973,2039
2022-01-04,4호선,노원,17883,19899,37782
2022-01-04,4호선,당고개,11977,10931,22908
2022-01-04,4호선,동대문,18485,18876,37361
2022-01-04,4호선,동대문역사문화공원,13742,12629,26371
2022-01-04,4호선,동작,1298,1517,2815
2022-01-04,4호선,명동,17294,17590,34884
2022-01-04,4호선,미아,13880,13550,27430
2022-01-04,4호선,미아사거리,26234,25576,51810
2022-01-04,4호선,사당,23412,19014,42426
2022-01-04,4호선,삼각지,4628,5077,9705
2022-01-04,4호선,상계,18022,16870,34892
2022-01-04,4호선,서울역,10632,14490,25122
2022-01-04,4호선,성신여대입구,18370,17764,36134
2022-01-04,4호선,수유,32097,32251,64348
2022-01-04,4호선,숙대입구,11765,11618,23383
2022-01-04,4호선,신용산,15966,16660,32626
2022-01-04,4호선,쌍문,28297,26385,54682
2022-01-04,4호선,이촌,6816,7618,14434
2022-01-04,4호선,창동,23838,25271,49109
2022-01-04,4호선,총신대입구,18023,19516,37539
2022-01-04,4호선,충무로,24984,25705,50689
2022-01-04,4호선,한성대입구,12067,11996,24063
2022-01-04,4호선,혜화,30100,29979,60079
2022-01-04,4호선,회현,23355,24635,47990
2022-01-04,5호선,강동,17978,17095,35073
2022-01-04,5호선,강일,3754,3736,7490
2022-01-04,5호선,개롱,6070,6447,12517
2022-01-04,5호선,개화산,5349,5150,10499
2022-01-04,5호선,거여,8985,8665,17650
2022-01-04,5호선,고덕,9186,9296,18482
2022-01-04,5호선,공덕,13830,14436,28266
2022-01-04,5호선,광나루,13479,12315,25794
2022-01-04,5호선,광화문,29070,29907,58977
2022-01-04,5호선,군자,10850,11893,22743
2022-01-04,5호선,굽은다리,9164,8807,17971
2022-01-04,5호선,길동,7787,8252,16039
2022-01-04,5호선,김포공항,7106,6443,13549
2022-01-04,5호선,까치산,28007,27451,55458
2022-01-04,5호선,답십리,15841,14488,30329
2022-01-04,5호선,동대문역사문화공원,3023,3502,6525
2022-01-04,5호선,둔촌동,8404,8355,16759
2022-01-04,5호선,마곡,10636,10444,21080
2022-01-04,5호선,마장,5505,5033,10538
2022-01-04,5호선,마천,6693,6609,13302
2022-01-04,5호선,마포,14216,14440,28656
2022-01-04,5호선,명일,8294,8741,17035
2022-01-04,5호선,목동,16336,17801,34137
2022-01-04,5호선,미사,15457,15669,31126
2022-01-04,5호선,발산,19726,19975,39701
2022-01-04,5호선,방이,7154,7360,14514
2022-01-04,5호선,방화,6394,6223,12617
2022-01-04,5호선,상일동,15180,13940,29120
2022-01-04,5호선,서대문,18666,18878,37544
2022-01-04,5호선,송정,6315,5953,12268
2022-01-04,5호선,신금호,5951,6268,12219
2022-01-04,5호선,신길,4087,4417,8504
2022-01-04,5호선,신정,13529,11188,24717
2022-01-04,5호선,아차산,13759,13362,27121
2022-01-04,5호선,애오개,6528,6628,13156
2022-01-04,5호선,양평,7474,7576,15050
2022-01-04,5호선,여의나루,8409,9087,17496
2022-01-04,5호선,여의도,29148,29902,59050
2022-01-04,5호선,영등포구청,3916,3986,7902
2022-01-04,5호선,영등포시장,9786,10143,19929
2022-01-04,5호선,오금,3681,3718,7399
2022-01-04,5호선,오목교,21404,22891,44295
2022-01-04,5호선,올림픽공원,4077,3614,7691
2022-01-04,5호선,왕십리,4396,4836,9232
2022-01-04,5호선,우장산,13945,13875,27820
2022-01-04,5호선,을지로4가,6266,6287,12553
2022-01-04,5호선,장한평,18082,18114,36196
2022-01-04,5호선,종로3가,11425,11225,22650
2022-01-04,5호선,천호,17073,17001,34074
2022-01-04,5호선,청구,3862,3535,7397
2022-01-04,5호선,충정로,4732,4881,9613
2022-01-04,5호선,하남검단산,5117,5028,10145
2022-01-04,5호선,하남시청,6166,6086,12252
2022-01-04,5호선,하남풍산,4234,4201,8435
2022-01-04,5호선,행당,7886,7227,15113
2022-01-04,5호선,화곡,27313,25873,53186
2022-01-04,6호선,고려대,7339,7222,14561
2022-01-04,6호선,공덕,17842,17129,34971
2022-01-04,6호선,광흥창,8728,8729,17457
2022-01-04,6호선,구산,7333,5703,13036
2022-01-04,6호선,녹사평,4233,4194,8427
2022-01-04,6호선,대흥,7329,7667,14996
2022-01-04,6호선,독바위,2568,2751,5319
2022-01-04,6호선,돌곶이,8913,8472,17385
2022-01-04,6호선,동묘앞,7318,7522,14840
2022-01-04,6호선,디지털미디어시티,13520,14944,28464
2022-01-04,6호선,마포구청,13748,12838,26586
2022-01-04,6호선,망원,12918,13941,26859
2022-01-04,6호선,버티고개,1869,2049,3918
2022-01-04,6호선,보문,6799,6388,13187
2022-01-04,6호선,봉화산,8658,8105,16763
2022-01-04,6호선,불광,3898,3859,7757
2022-01-04,6호선,삼각지,5772,5377,11149
2022-01-04,6호선,상수,7491,8322,15813
2022-01-04,6호선,상월곡,5890,5281,11171
2022-01-04,6호선,새절,12264,11535,23799
2022-01-04,6호선,석계,11665,12199,23864
2022-01-04,6호선,신당,7830,8290,16120
2022-01-04,6호선,안암,9613,9531,19144
2022-01-04,6호선,약수,3501,3471,6972
2022-01-04,6호선,역촌,3719,4404,8123
2022-01-04,6호선,월곡,10803,10909,21712
2022-01-04,6호선,월드컵경기장,3529,3780,7309
2022-01-04,6호선,응암,17051,17020,34071
2022-01-04,6호선,이태원,8286,8343,16629
2022-01-04,6호선,증산,9621,9703,19324
2022-01-04,6호선,창신,3410,2841,6251
2022-01-04,6호선,청구,3651,3836,7487
2022-01-04,6호선,태릉입구,5101,5554,10655
2022-01-04,6호선,한강진,7421,8319,15740
2022-01-04,6호선,합정,12215,11759,23974
2022-01-04,6호선,화랑대,11173,8901,20074
2022-01-04,6호선,효창공원앞,6629,6061,12690
2022-01-04,7호선,가산디지털단지,47783,47569,95352
2022-01-04,7호선,강남구청,16644,17922,34566
2022-01-04,7호선,건대입구,11611,12288,23899
2022-01-04,7호선,고속터미널,14584,12311,26895
2022-01-04,7호선,공릉,11292,11460,22752
2022-01-04,7호선,광명사거리,21510,21227,42737
2022-01-04,7호선,군자,14503,11888,26391
2022-01-04,7호선,굴포천,3,0,3
2022-01-04,7호선,까치울,2,0,2
2022-01-04,7호선,남구로,16003,16877,32880
2022-01-04,7호선,남성,10772,10185,20957
2022-01-04,7호선,내방,14533,14778,29311
2022-01-04,7호선,노원,19184,19808,38992
2022-01-04,7호선,논현,20800,22431,43231
2022-01-04,7호선,대림,7571,7706,15277
2022-01-04,7호선,도봉산,8702,10007,18709
2022-01-04,7호선,뚝섬유원지,6979,6888,13867
2022-01-04,7호선,마들,12401,12096,24497
2022-01-04,7호선,먹골,9699,9557,19256
2022-01-04,7호선,면목,14821,14542,29363
2022-01-04,7호선,반포,5671,5372,11043
2022-01-04,7호선,보라매,9772,9812,19584
2022-01-04,7호선,부천시청,2,0,2
2022-01-04,7호선,사가정,15395,15602,30997
2022-01-04,7호선,삼산체육관,1,0,1
2022-01-04,7호선,상도,10402,10176,20578
2022-01-04,7호선,상동,3,0,3
2022-01-04,7호선,상봉,16229,15139,31368
2022-01-04,7호선,수락산,11958,11875,23833
2022-01-04,7호선,숭실대입구,11270,11533,22803
2022-01-04,7호선,신대방삼거리,16203,15790,31993
2022-01-04,7호선,신중동,2,0,2
2022-01-04,7호선,신풍,11190,10767,21957
2022-01-04,7호선,어린이대공원,11435,11330,22765
2022-01-04,7호선,온수,10067,9279,19346
2022-01-04,7호선,용마산,5936,6038,11974
2022-01-04,7호선,이수,15012,14650,29662
2022-01-04,7호선,장승배기,8825,8739,17564
2022-01-04,7호선,장암,2224,808,3032
2022-01-04,7호선,중계,13406,12521,25927
2022-01-04,7호선,중곡,10588,10251,20839
2022-01-04,7호선,중화,10687,10493,21180
2022-01-04,7호선,천왕,11321,10879,22200
2022-01-04,7호선,철산,20328,20906,41234
2022-01-04,7호선,청담,19265,21423,40688
2022-01-04,7호선,춘의,1,0,1
2022-01-04,7호선,태릉입구,7952,7500,15452
2022-01-04,7호선,하계,16832,15901,32733
2022-01-04,7호선,학동,24969,26328,51297
2022-01-04,8호선,가락시장,7594,8261,15855
2022-01-04,8호선,강동구청,10325,10838,21163
2022-01-04,8호선,남위례,3426,3778,7204
2022-01-04,8호선,남한산성입구,13195,12277,25472
2022-01-04,8호선,단대오거리,10160,10134,20294
2022-01-04,8호선,모란,5719,4466,10185
2022-01-04,8호선,몽촌토성,6012,5906,11918
2022-01-04,8호선,문정,22640,23757,46397
2022-01-04,8호선,복정,9321,7871,17192
2022-01-04,8호선,산성,5129,5188,10317
2022-01-04,8호선,석촌,7704,8867,16571
2022-01-04,8호선,송파,7236,7405,14641
2022-01-04,8호선,수진,5243,4788,10031
2022-01-04,8호선,신흥,4066,4433,8499
2022-01-04,8호선,암사,18470,16513,34983
2022-01-04,8호선,잠실,13673,15757,29430
2022-01-04,8호선,장지,16924,16435,33359
2022-01-04,8호선,천호,14394,16402,30796
2022-01-04,9호선,가양,19877,19401,39278
2022-01-04,9호선,개화,2352,1738,4090
2022-01-04,9호선,고속터미널,10962,13876,24838
2022-01-04,9호선,공항시장,2800,3086,5886
2022-01-04,9호선,구반포,1478,1569,3047
2022-01-04,9호선,국회의사당,16980,17245,34225
2022-01-04,9호선,김포공항,6735,9862,16597
2022-01-04,9호선,노들,4260,3815,8075
2022-01-04,9호선,노량진,24908,24385,49293
2022-01-04,9호선,당산,17550,17565,35115
2022-01-04,9호선,동작,1740,1451,3191
2022-01-04,9호선,등촌,11239,11024,22263
2022-01-04,9호선,마곡나루,11490,11390,22880
2022-01-04,9호선,사평,3434,3375,6809
2022-01-04,9호선,샛강,5824,6072,11896
2022-01-04,9호선,선유도,8898,8579,17477
2022-01-04,9호선,신논현,31815,31270,63085
2022-01-04,9호선,신목동,3989,3660,7649
2022-01-04,9호선,신반포,3034,3088,6122
2022-01-04,9호선,신방화,6615,6453,13068
2022-01-04,9호선,양천향교,9242,9484,18726
2022-01-04,9호선,여의도,27296,26028,53324
2022-01-04,9호선,염창,16795,16567,33362
2022-01-04,9호선,증미,7374,7394,14768
2022-01-04,9호선,흑석,7598,7997,15595
2022-01-04,9호선2~3단계,둔촌오륜,925,895,1820
2022-01-04,9호선2~3단계,봉은사,15225,15691,30916
2022-01-04,9호선2~3단계,삼성중앙,6712,7034,13746
2022-01-04,9호선2~3단계,삼전,6764,6709,13473
2022-01-04,9호선2~3단계,석촌,8066,7309,15375
2022-01-04,9호선2~3단계,석촌고분,5987,6011,11998
2022-01-04,9호선2~3단계,선정릉,9721,10579,20300
2022-01-04,9호선2~3단계,송파나루,5066,5337,10403
2022-01-04,9호선2~3단계,언주,10831,11089,21920
2022-01-04,9호선2~3단계,올림픽공원,5701,5594,11295
2022-01-04,9호선2~3단계,종합운동장,4083,4170,8253
2022-01-04,9호선2~3단계,중앙보훈병원,10749,9507,20256
2022-01-04,9호선2~3단계,한성백제,2463,2302,4765
2022-01-04,경강선,경기광주,7528,7098,14626
2022-01-04,경강선,곤지암,2032,1999,4031
2022-01-04,경강선,부발,1853,1761,3614
2022-01-04,경강선,삼동,2305,2133,4438
2022-01-04,경강선,세종대왕릉,247,252,499
2022-01-04,경강선,신둔도예촌,1258,1211,2469
2022-01-04,경강선,여주,1737,1748,3485
2022-01-04,경강선,이매,1007,938,1945
2022-01-04,경강선,이천,2328,2368,4696
2022-01-04,경강선,초월,2999,2929,5928
2022-01-04,경강선,판교,4577,4518,9095
2022-01-04,경부선,가산디지털단지,18184,21058,39242
2022-01-04,경부선,관악,6908,6483,13391
2022-01-04,경부선,광명,2994,2543,5537
2022-01-04,경부선,구로,17777,18085,35862
2022-01-04,경부선,군포,7618,7592,15210
2022-01-04,경부선,금정,25689,26385,52074
2022-01-04,경부선,금천구청,11268,11238,22506
2022-01-04,경부선,남영,8695,8893,17588
2022-01-04,경부선,노량진,7606,7820,15426
2022-01-04,경부선,당정,5798,5604,11402
2022-01-04,경부선,대방,12610,13017,25627
2022-01-04,경부선,독산,18510,19359,37869
2022-01-04,경부선,두정,4189,4176,8365
2022-01-04,경부선,명학,8580,8557,17137
2022-01-04,경부선,병점,12898,12867,25765
2022-01-04,경부선,서동탄,1425,1178,2603
2022-01-04,경부선,서울역,4733,1570,6303
2022-01-04,경부선,서정리,5887,5557,11444
2022-01-04,경부선,석수,9336,8418,17754
2022-01-04,경부선,성균관대,13117,13128,26245
2022-01-04,경부선,성환,2654,2723,5377
2022-01-04,경부선,세류,2684,2494,5178
2022-01-04,경부선,세마,2667,2503,5170
2022-01-04,경부선,송탄,3750,3736,7486
2022-01-04,경부선,수원,29545,31396,60941
2022-01-04,경부선,신길,8527,7212,15739
2022-01-04,경부선,신도림,3899,3712,7611
2022-01-04,경부선,안양,19921,19696,39617
2022-01-04,경부선,영등포,34044,34859,68903
2022-01-04,경부선,오산,8719,8528,17247
2022-01-04,경부선,오산대,3030,2829,5859
2022-01-04,경부선,용산,29871,29605,59476
2022-01-04,경부선,의왕,8699,8756,17455
2022-01-04,경부선,직산,714,666,1380
2022-01-04,경부선,진위,1554,1343,2897
2022-01-04,경부선,천안,4237,4219,8456
2022-01-04,경부선,평택,9929,9726,19655
2022-01-04,경부선,평택지제,3060,3013,6073
2022-01-04,경부선,화서,7582,7379,14961
2022-01-04,경원선,가능,6088,5869,11957
2022-01-04,경원선,광운대,7199,6955,14154
2022-01-04,경원선,녹양,4139,3888,8027
2022-01-04,경원선,녹천,4368,3773,8141
2022-01-04,경원선,덕계,2860,2501,5361
2022-01-04,경원선,덕정,4887,4832,9719
2022-01-04,경원선,도봉,5639,5542,11181
2022-01-04,경원선,도봉산,6939,4388,11327
2022-01-04,경원선,동두천,1932,2170,4102
2022-01-04,경원선,동두천중앙,2936,2792,5728
2022-01-04,경원선,망월사,7021,7310,14331
2022-01-04,경원선,방학,9088,8910,17998
2022-01-04,경원선,보산,1296,1183,2479
2022-01-04,경원선,서빙고,1962,1848,3810
2022-01-04,경원선,석계,7524,8648,16172
2022-01-04,경원선,소요산,2210,1931,4141
2022-01-04,경원선,신이문,8035,7540,15575
2022-01-04,경원선,양주,6911,6526,13437
2022-01-04,경원선,옥수,44,32,76
2022-01-04,경원선,왕십리,12904,14399,27303
2022-01-04,경원선,외대앞,6726,6770,13496
2022-01-04,경원선,월계,5956,5647,11603
2022-01-04,경원선,응봉,1764,1521,3285
2022-01-04,경원선,의정부,16924,17272,34196
2022-01-04,경원선,이촌,3418,2729,6147
2022-01-04,경원선,지행,6014,5934,11948
2022-01-04,경원선,청량리,13183,13679,26862
2022-01-04,경원선,한남,3969,3682,7651
2022-01-04,경원선,회룡,11853,11790,23643
2022-01-04,경의선,가좌,4992,4922,9914
2022-01-04,경의선,강매,3119,2813,5932
2022-01-04,경의선,검암,1,0,1
2022-01-04,경의선,곡산,559,572,1131
2022-01-04,경의선,공덕,3377,2979,6356
2022-01-04,경의선,금릉,4571,4402,8973
2022-01-04,경의선,금촌,5949,5881,11830
2022-01-04,경의선,능곡,3575,3314,6889
2022-01-04,경의선,디지털미디어시티,2390,2200,4590
2022-01-04,경의선,문산,4898,4807,9705
2022-01-04,경의선,백마,6529,6461,12990
2022-01-04,경의선,서강대,1972,1921,3893
2022-01-04,경의선,서울역,4089,5117,9206
2022-01-04,경의선,수색,2698,2791,5489
2022-01-04,경의선,신촌,845,1069,1914
2022-01-04,경의선,야당,7009,6697,13706
2022-01-04,경의선,운정,6440,6163,12603
2022-01-04,경의선,월롱,2194,2113,4307
2022-01-04,경의선,일산,8931,8782,17713
2022-01-04,경의선,임진강,7,3,10
2022-01-04,경의선,탄현,7495,7181,14676
2022-01-04,경의선,파주,912,664,1576
2022-01-04,경의선,풍산,5194,4847,10041
2022-01-04,경의선,행신,7445,7553,14998
2022-01-04,경의선,홍대입구,1621,1903,3524
2022-01-04,경의선,화전,1456,1328,2784
2022-01-04,경의선,효창공원앞,2832,3269,6101
2022-01-04,경인선,간석,5469,5237,10706
2022-01-04,경인선,개봉,20358,20519,40877
2022-01-04,경인선,구일,5842,5927,11769
2022-01-04,경인선,도원,2891,2878,5769
2022-01-04,경인선,도화,3955,3750,7705
2022-01-04,경인선,동암,13958,13987,27945
2022-01-04,경인선,동인천,12670,11942,24612
2022-01-04,경인선,백운,6407,6435,12842
2022-01-04,경인선,부개,8000,7558,15558
2022-01-04,경인선,부천,29662,29694,59356
2022-01-04,경인선,부평,27539,28553,56092
2022-01-04,경인선,소사,7992,7733,15725
2022-01-04,경인선,송내,25518,25694,51212
2022-01-04,경인선,역곡,25609,25797,51406
2022-01-04,경인선,오류동,11182,10717,21899
2022-01-04,경인선,온수,6131,5854,11985
2022-01-04,경인선,인천,3102,2308,5410
2022-01-04,경인선,제물포,9681,9192,18873
2022-01-04,경인선,주안,17117,15532,32649
2022-01-04,경인선,중동,8887,8453,17340
2022-01-04,경춘선,가평,1298,1360,2658
2022-01-04,경춘선,갈매,2968,2625,5593
2022-01-04,경춘선,강촌,277,276,553
2022-01-04,경춘선,굴봉산,103,124,227
2022-01-04,경춘선,금곡,1409,1262,2671
2022-01-04,경춘선,김유정,269,228,497
2022-01-04,경춘선,남춘천,1776,1887,3663
2022-01-04,경춘선,대성리,364,320,684
2022-01-04,경춘선,마석,3476,3383,6859
2022-01-04,경춘선,백양리,269,201,470
2022-01-04,경춘선,별내,3200,2998,6198
2022-01-04,경춘선,사릉,3105,2922,6027
2022-01-04,경춘선,상천,180,172,352
2022-01-04,경춘선,신내,1899,1777,3676
2022-01-04,경춘선,천마산,1477,1400,2877
2022-01-04,경춘선,청평,1392,1308,2700
2022-01-04,경춘선,춘천,960,928,1888
2022-01-04,경춘선,퇴계원,3371,3142,6513
2022-01-04,경춘선,평내호평,5907,5608,11515
2022-01-04,공항철도,검암,6453,6288,12741
2022-01-04,공항철도,계양,9741,9256,18997
2022-01-04,공항철도,공덕,2234,2780,5014
2022-01-04,공항철도,공항화물청사,2324,2514,4838
2022-01-04,공항철도,김포공항,10970,5986,16956
2022-01-04,공항철도,디지털미디어시티,13872,12599,26471
2022-01-04,공항철도,마곡나루,8652,8106,16758
2022-01-04,공항철도,서울역,6535,5727,12262
2022-01-04,공항철도,영종,2853,2798,5651
2022-01-04,공항철도,운서,6035,6131,12166
2022-01-04,공항철도,인천공항1터미널,3527,3855,7382
2022-01-04,공항철도,인천공항2터미널,2009,2108,4117
2022-01-04,공항철도,청라국제도시,6587,6219,12806
2022-01-04,공항철도,홍대입구,8879,9076,17955
2022-01-04,과천선,경마공원,1292,1243,2535
2022-01-04,과천선,과천,5831,5436,11267
2022-01-04,과천선,대공원,2253,2372,4625
2022-01-04,과천선,범계,24996,24679,49675
2022-01-04,과천선,선바위,7970,7016,14986
2022-01-04,과천선,인덕원,23362,24546,47908
2022-01-04,과천선,정부과천청사,10462,10310,20772
2022-01-04,과천선,평촌,17983,17669,35652
2022-01-04,분당선,가천대,6246,7160,13406
2022-01-04,분당선,강남구청,10087,11461,21548
2022-01-04,분당선,개포동,3642,3851,7493
2022-01-04,분당선,구룡,1925,1930,3855
2022-01-04,분당선,구성,4915,5240,10155
2022-01-04,분당선,기흥,9293,8762,18055
2022-01-04,분당선,대모산입구,4309,4109,8418
2022-01-04,분당선,도곡,6697,6632,13329
2022-01-04,분당선,망포,13925,13370,27295
2022-01-04,분당선,매교,2654,2661,5315
2022-01-04,분당선,매탄권선,4772,4654,9426
2022-01-04,분당선,모란,24117,25092,49209
2022-01-04,분당선,미금,15468,16387,31855
2022-01-04,분당선,보정,2337,2093,4430
2022-01-04,분당선,복정,1,0,1
2022-01-04,분당선,상갈,5211,4959,10170
2022-01-04,분당선,서울숲,10007,10192,20199
2022-01-04,분당선,서현,25134,25362,50496
2022-01-04,분당선,선릉,13895,20726,34621
2022-01-04,분당선,선정릉,8192,8696,16888
2022-01-04,분당선,수내,13376,13371,26747
2022-01-04,분당선,수서,13025,13109,26134
2022-01-04,분당선,수원,7561,6391,13952
2022-01-04,분당선,수원시청,12031,12930,24961
2022-01-04,분당선,신갈,4569,4474,9043
2022-01-04,분당선,압구정로데오,18591,19819,38410
2022-01-04,분당선,야탑,25318,26436,51754
2022-01-04,분당선,영통,7793,7970,15763
2022-01-04,분당선,오리,11697,9591,21288
2022-01-04,분당선,이매,5869,5443,11312
2022-01-04,분당선,정자,17272,18179,35451
2022-01-04,분당선,죽전,12697,13911,26608
2022-01-04,분당선,청명,4055,4005,8060
2022-01-04,분당선,태평,13311,12955,26266
2022-01-04,분당선,한티,14596,15573,30169
2022-01-04,수인선,고색,4536,4241,8777
2022-01-04,수인선,남동인더스파크,2216,2522,4738
2022-01-04,수인선,달월,103,49,152
2022-01-04,수인선,사리,4212,3755,7967
2022-01-04,수인선,소래포구,4490,4213,8703
2022-01-04,수인선,송도,2315,2095,4410
2022-01-04,수인선,숭의,3946,3740,7686
2022-01-04,수인선,신포,1676,1695,3371
2022-01-04,수인선,야목,291,241,532
2022-01-04,수인선,어천,627,628,1255
2022-01-04,수인선,연수,4132,4172,8304
2022-01-04,수인선,오목천,2600,2410,5010
2022-01-04,수인선,원인재,4141,4244,8385
2022-01-04,수인선,월곶,2254,2144,4398
2022-01-04,수인선,인천,934,1556,2490
2022-01-04,수인선,인천논현,5109,5448,10557
2022-01-04,수인선,인하대,5329,5128,10457
2022-01-04,수인선,호구포,3825,3913,7738
2022-01-04,안산선,고잔,8467,7965,16432
2022-01-04,안산선,대야미,4799,4390,9189
2022-01-04,안산선,반월,4047,3870,7917
2022-01-04,안산선,산본,15295,16235,31530
2022-01-04,안산선,상록수,14495,14955,29450
2022-01-04,안산선,수리산,4066,3312,7378
2022-01-04,안산선,신길온천,1593,1514,3107
2022-01-04,안산선,안산,10969,9857,20826
2022-01-04,안산선,오이도,7605,7412,15017
2022-01-04,안산선,정왕,7116,7449,14565
2022-01-04,안산선,중앙,16775,17001,33776
2022-01-04,안산선,초지,4300,4420,8720
2022-01-04,안산선,한대앞,8197,8340,16537
2022-01-04,우이신설선,4.19민주묘지,2626,2480,5106
2022-01-04,우이신설선,가오리,3902,3896,7798
2022-01-04,우이신설선,보문,1370,1393,2763
2022-01-04,우이신설선,북한산보국문,5576,5514,11090
2022-01-04,우이신설선,북한산우이,2405,2143,4548
2022-01-04,우이신설선,삼양,1914,2051,3965
2022-01-04,우이신설선,삼양사거리,2316,2317,4633
2022-01-04,우이신설선,성신여대입구,3128,3396,6524
2022-01-04,우이신설선,솔밭공원,2405,2302,4707
2022-01-04,우이신설선,솔샘,5655,5448,11103
2022-01-04,우이신설선,신설동,1995,1907,3902
2022-01-04,우이신설선,정릉,4341,4097,8438
2022-01-04,우이신설선,화계,3182,2960,6142
2022-01-04,일산선,대곡,1878,1429,3307
2022-01-04,일산선,대화,12193,9625,21818
2022-01-04,일산선,마두,7000,7340,14340
2022-01-04,일산선,백석,9518,9585,19103
2022-01-04,일산선,삼송,18279,18034,36313
2022-01-04,일산선,원당,10620,10186,20806
2022-01-04,일산선,원흥,10196,9835,20031
2022-01-04,일산선,정발산,6988,7060,14048
2022-01-04,일산선,주엽,8589,8539,17128
2022-01-04,일산선,화정,16425,16716,33141
2022-01-04,장항선,배방,862,856,1718
2022-01-04,장항선,봉명,1170,1190,2360
2022-01-04,장항선,신창,822,794,1616
2022-01-04,장항선,쌍용,1785,1663,3448
2022-01-04,장항선,아산,2288,2206,4494
2022-01-04,장항선,온양온천,3988,3978,7966
2022-01-04,장항선,탕정,343,311,654
2022-01-04,중앙선,구리,12815,12983,25798
2022-01-04,중앙선,국수,572,604,1176
2022-01-04,중앙선,덕소,5393,5336,10729
2022-01-04,중앙선,도농,9868,9128,18996
2022-01-04,중앙선,도심,2183,1721,3904
2022-01-04,중앙선,망우,6985,6998,13983
2022-01-04,중앙선,상봉,5409,5442,10851
2022-01-04,중앙선,신원,171,146,317
2022-01-04,중앙선,아신,455,471,926
2022-01-04,중앙선,양수,1555,1576,3131
2022-01-04,중앙선,양원,1860,1876,3736
2022-01-04,중앙선,양정,637,562,1199
2022-01-04,중앙선,양평,2345,2328,4673
2022-01-04,중앙선,오빈,257,241,498
2022-01-04,중앙선,용문,1425,1476,2901
2022-01-04,중앙선,운길산,555,488,1043
2022-01-04,중앙선,원덕,260,247,507
2022-01-04,중앙선,중랑,5259,5023,10282
2022-01-04,중앙선,지평,53,56,109
2022-01-04,중앙선,팔당,740,740,1480
2022-01-04,중앙선,회기,22252,21802,44054
2022-01-05,1호선,동대문,9999,9324,19323
2022-01-05,1호선,동묘앞,6762,7136,13898
2022-01-05,1호선,서울역,38744,36262,75006
2022-01-05,1호선,시청,21174,21287,42461
2022-01-05,1호선,신설동,13140,12803,25943
2022-01-05,1호선,제기동,16043,16367,32410
2022-01-05,1호선,종각,33946,33241,67187
2022-01-05,1호선,종로3가,24322,22268,46590
2022-01-05,1호선,종로5가,21062,20595,41657
2022-01-05,1호선,청량리,18158,18070,36228
2022-01-05,2호선,강남,85391,82379,167770
2022-01-05,2호선,강변,28475,26833,55308
2022-01-05,2호선,건대입구,33043,35323,68366
2022-01-05,2호선,교대,32733,36418,69151
2022-01-05,2호선,구로디지털단지,59242,59546,118788
2022-01-05,2호선,구의,23145,23105,46250
2022-01-05,2호선,낙성대,25887,25551,51438
2022-01-05,2호선,당산,17847,20544,38391
2022-01-05,2호선,대림,23052,23603,46655
2022-01-05,2호선,도림천,1438,1433,2871
2022-01-05,2호선,동대문역사문화공원,11270,12288,23558
2022-01-05,2호선,뚝섬,21554,23189,44743
2022-01-05,2호선,문래,21009,21382,42391
2022-01-05,2호선,방배,15866,16619,32485
2022-01-05,2호선,봉천,23214,21790,45004
2022-01-05,2호선,사당,34666,37483,72149
2022-01-05,2호선,삼성,51327,51487,102814
2022-01-05,2호선,상왕십리,13680,13352,27032
2022-01-05,2호선,서울대입구,45341,45364,90705
2022-01-05,2호선,서초,20910,20222,41132
2022-01-05,2호선,선릉,57173,50828,108001
2022-01-05,2호선,성수,37655,40372,78027
2022-01-05,2호선,시청,23273,22453,45726
2022-01-05,2호선,신답,1656,1899,3555
2022-01-05,2호선,신당,13019,13689,26708
2022-01-05,2호선,신대방,25306,24891,50197
2022-01-05,2호선,신도림,45212,44424,89636
2022-01-05,2호선,신림,60772,59804,120576
2022-01-05,2호선,신설동,3043,3168,6211
2022-01-05,2호선,신정네거리,10021,10409,20430
2022-01-05,2호선,신촌,30378,31188,61566
2022-01-05,2호선,아현,9670,9322,18992
2022-01-05,2호선,양천구청,6528,6946,13474
2022-01-05,2호선,역삼,54128,59889,114017
2022-01-05,2호선,영등포구청,22749,23126,45875
2022-01-05,2호선,왕십리,14859,12789,27648
2022-01-05,2호선,용답,2544,2648,5192
2022-01-05,2호선,용두,2287,2329,4616
2022-01-05,2호선,을지로3가,22568,22245,44813
2022-01-05,2호선,을지로4가,12630,12434,25064
2022-01-05,2호선,을지로입구,38468,39075,77543
2022-01-05,2호선,이대,12165,12863,25028
2022-01-05,2호선,잠실,64727,64090,128817
2022-01-05,2호선,잠실나루,13910,13614,27524
2022-01-05,2호선,잠실새내,20336,20349,40685
2022-01-05,2호선,종합운동장,6678,7048,13726
2022-01-05,2호선,충정로,9583,10242,19825
2022-01-05,2호선,한양대,6340,6656,12996
2022-01-05,2호선,합정,29420,30363,59783
2022-01-05,2호선,홍대입구,50074,51299,101373
2022-01-05,3호선,가락시장,8693,8459,17152
2022-01-05,3호선,경복궁,18369,17745,36114
2022-01-05,3호선,경찰병원,7544,7585,15129
2022-01-05,3호선,고속터미널,36547,34559,71106
2022-01-05,3호선,교대,13423,8929,22352
2022-01-05,3호선,구파발,19685,18774,38459
2022-01-05,3호선,금호,7601,7301,14902
2022-01-05,3호선,남부터미널,27735,28321,56056
2022-01-05,3호선,녹번,15124,13844,28968
2022-01-05,3호선,대청,9830,9155,18985
2022-01-05,3호선,대치,11086,11105,22191
2022-01-05,3호선,도곡,5184,5307,10491
2022-01-05,3호선,독립문,6160,6354,12514
2022-01-05,3호선,동대입구,6676,6914,13590
2022-01-05,3호선,매봉,12512,11952,24464
2022-01-05,3호선,무악재,3711,3770,7481
2022-01-05,3호선,불광,15412,16556,31968
2022-01-05,3호선,수서,15578,15935,31513
2022-01-05,3호선,신사,30479,31702,62181
2022-01-05,3호선,안국,18790,19178,37968
2022-01-05,3호선,압구정,32478,34335,66813
2022-01-05,3호선,약수,12313,11967,24280
2022-01-05,3호선,양재,38153,40985,79138
2022-01-05,3호선,연신내,34944,33338,68282
2022-01-05,3호선,오금,6087,5366,11453
2022-01-05,3호선,옥수,8424,8781,17205
2022-01-05,3호선,을지로3가,10395,10601,20996
2022-01-05,3호선,일원,9838,9638,19476
2022-01-05,3호선,잠원,4705,4693,9398
2022-01-05,3호선,종로3가,9964,11197,21161
2022-01-05,3호선,지축,4448,4357,8805
2022-01-05,3호선,충무로,1,0,1
2022-01-05,3호선,학여울,1662,1731,3393
2022-01-05,3호선,홍제,16300,15518,31818
2022-01-05,4호선,길음,19539,19120,38659
2022-01-05,4호선,남태령,1086,1000,2086
2022-01-05,4호선,노원,17796,20020,37816
2022-01-05,4호선,당고개,12192,11086,23278
2022-01-05,4호선,동대문,18478,19012,37490
2022-01-05,4호선,동대문역사문화공원,14053,12861,26914
2022-01-05,4호선,동작,1282,1403,2685
2022-01-05,4호선,명동,17459,18007,35466
2022-01-05,4호선,미아,13948,13714,27662
2022-01-05,4호선,미아사거리,25965,25465,51430
2022-01-05,4호선,사당,23635,19229,42864
2022-01-05,4호선,삼각지,4749,5174,9923
2022-01-05,4호선,상계,18236,17060,35296
2022-01-05,4호선,서울역,10765,14349,25114
2022-01-05,4호선,성신여대입구,18464,17978,36442
2022-01-05,4호선,수유,32049,32473,64522
2022-01-05,4호선,숙대입구,11971,11758,23729
2022-01-05,4호선,신용산,16286,16916,33202
2022-01-05,4호선,쌍문,28306,26430,54736
2022-01-05,4호선,이촌,6927,7595,14522
2022-01-05,4호선,창동,24279,25556,49835
2022-01-05,4호선,총신대입구,18226,19766,37992
2022-01-05,4호선,충무로,25051,25916,50967
2022-01-05,4호선,한성대입구,12363,11937,24300
2022-01-05,4호선,혜화,30376,30578,60954
2022-01-05,4호선,회현,23156,24626,47782
2022-01-05,5호선,강동,18107,17516,35623
2022-01-05,5호선,강일,3833,3664,7497
2022-01-05,5호선,개롱,6265,6486,12751
2022-01-05,5호선,개화산,5338,5141,10479
2022-01-05,5호선,거여,9076,8580,17656
2022-01-05,5호선,고덕,9131,9194,18325
2022-01-05,5호선,공덕,13702,14436,28138
2022-01-05,5호선,광나루,12769,11584,24353
2022-01-05,5호선,광화문,29122,30035,59157
2022-01-05,5호선,군자,10922,11795,22717
2022-01-05,5호선,굽은다리,9300,8874,18174
2022-01-05,5호선,길동,7767,8250,16017
2022-01-05,5호선,김포공항,6893,6477,13370
2022-01-05,5호선,까치산,28105,27206,55311
2022-01-05,5호선,답십리,16097,14792,30889
2022-01-05,5호선,동대문역사문화공원,2978,3460,6438
2022-01-05,5호선,둔촌동,8514,8459,16973
2022-01-05,5호선,마곡,10694,10498,21192
2022-01-05,5호선,마장,5330,4975,10305
2022-01-05,5호선,마천,6534,6474,13008
2022-01-05,5호선,마포,14371,14615,28986
2022-01-05,5호선,명일,8436,8896,17332
2022-01-05,5호선,목동,16200,17767,33967
2022-01-05,5호선,미사,15741,15599,31340
2022-01-05,5호선,발산,19597,19988,39585
2022-01-05,5호선,방이,7174,7351,14525
2022-01-05,5호선,방화,6453,6226,12679
2022-01-05,5호선,상일동,15325,14178,29503
2022-01-05,5호선,서대문,18546,19008,37554
2022-01-05,5호선,송정,6228,5724,11952
2022-01-05,5호선,신금호,6012,6272,12284
2022-01-05,5호선,신길,4120,4453,8573
2022-01-05,5호선,신정,13614,11231,24845
2022-01-05,5호선,아차산,13688,13442,27130
2022-01-05,5호선,애오개,6640,6657,13297
2022-01-05,5호선,양평,7686,7730,15416
2022-01-05,5호선,여의나루,8272,9105,17377
2022-01-05,5호선,여의도,29132,30093,59225
2022-01-05,5호선,영등포구청,3941,4015,7956
2022-01-05,5호선,영등포시장,9797,10143,19940
2022-01-05,5호선,오금,3638,3710,7348
2022-01-05,5호선,오목교,21358,22689,44047
2022-01-05,5호선,올림픽공원,4055,3640,7695
2022-01-05,5호선,왕십리,4325,4890,9215
2022-01-05,5호선,우장산,13994,13897,27891
2022-01-05,5호선,을지로4가,6033,6049,12082
2022-01-05,5호선,장한평,18573,18566,37139
2022-01-05,5호선,종로3가,11772,11534,23306
2022-01-05,5호선,천호,17553,17317,34870
2022-01-05,5호선,청구,3932,3653,7585
2022-01-05,5호선,충정로,4713,4837,9550
2022-01-05,5호선,하남검단산,5247,5064,10311
2022-01-05,5호선,하남시청,6150,5915,12065
2022-01-05,5호선,하남풍산,4163,4118,8281
2022-01-05,5호선,행당,7928,7155,15083
2022-01-05,5호선,화곡,27565,25995,53560
2022-01-05,6호선,고려대,7396,7178,14574
2022-01-05,6호선,공덕,17668,17131,34799
2022-01-05,6호선,광흥창,8674,8487,17161
2022-01-05,6호선,구산,7356,5616,12972
2022-01-05,6호선,녹사평,4400,4421,8821
2022-01-05,6호선,대흥,7353,7644,14997
2022-01-05,6호선,독바위,2581,2762,5343
2022-01-05,6호선,돌곶이,9086,8476,17562
2022-01-05,6호선,동묘앞,7187,7318,14505
2022-01-05,6호선,디지털미디어시티,13492,14895,28387
2022-01-05,6호선,마포구청,13790,12695,26485
2022-01-05,6호선,망원,13186,14043,27229
2022-01-05,6호선,버티고개,1824,1925,3749
2022-01-05,6호선,보문,6950,6481,13431
2022-01-05,6호선,봉화산,8590,8077,16667
2022-01-05,6호선,불광,4122,4132,8254
2022-01-05,6호선,삼각지,5929,5439,11368
2022-01-05,6호선,상수,7788,8476,16264
2022-01-05,6호선,상월곡,5933,5321,11254
2022-01-05,6호선,새절,12184,11429,23613
2022-01-05,6호선,석계,11696,12053,23749
2022-01-05,6호선,신당,8606,8903,17509
2022-01-05,6호선,안암,9699,9645,19344
2022-01-05,6호선,약수,3468,3425,6893
2022-01-05,6호선,역촌,3713,4377,8090
2022-01-05,6호선,연신내,2,0,2
2022-01-05,6호선,월곡,10960,11025,21985
2022-01-05,6호선,월드컵경기장,3537,3639,7176
2022-01-05,6호선,응암,17158,17436,34594
2022-01-05,6호선,이태원,8686,8739,17425
2022-01-05,6호선,증산,9721,9712,19433
2022-01-05,6호선,창신,3435,2923,6358
2022-01-05,6호선,청구,3585,3838,7423
2022-01-05,6호선,태릉입구,5136,5650,10786
2022-01-05,6호선,한강진,8466,9404,17870
2022-01-05,6호선,합정,12358,12086,24444
2022-01-05,6호선,화랑대,11320,8930,20250
2022-01-05,6호선,효창공원앞,6696,6220,12916
2022-01-05,7호선,가산디지털단지,47299,47272,94571
2022-01-05,7호선,강남구청,16732,18084,34816
2022-01-05,7호선,건대입구,11535,12172,23707
2022-01-05,7호선,고속터미널,14621,12311,26932
2022-01-05,7호선,공릉,10986,11120,22106
2022-01-05,7호선,광명사거리,21587,21328,42915
2022-01-05,7호선,군자,14487,11863,26350
2022-01-05,7호선,굴포천,1,0,1
2022-01-05,7호선,까치울,1,0,1
2022-01-05,7호선,남구로,15986,16754,32740
2022-01-05,7호선,남성,10648,10143,20791
2022-01-05,7호선,내방,14509,14853,29362
2022-01-05,7호선,노원,18866,19692,38558
2022-01-05,7호선,논현,20625,22146,42771
2022-01-05,7호선,대림,7534,7446,14980
2022-01-05,7호선,도봉산,8591,9793,18384
2022-01-05,7호선,뚝섬유원지,7026,6881,13907
2022-01-05,7호선,마들,12559,12151,24710
2022-01-05,7호선,먹골,9917,9804,19721
2022-01-05,7호선,면목,15050,14700,29750
2022-01-05,7호선,반포,5609,5362,10971
2022-01-05,7호선,보라매,9763,9748,19511
2022-01-05,7호선,부천시청,1,0,1
2022-01-05,7호선,사가정,15324,15557,30881
2022-01-05,7호선,상도,10364,10170,20534
2022-01-05,7호선,상봉,16265,15251,31516
2022-01-05,7호선,수락산,12096,11901,23997
2022-01-05,7호선,숭실대입구,11329,11541,22870
2022-01-05,7호선,신대방삼거리,16288,15831,32119
2022-01-05,7호선,신풍,11256,10599,21855
2022-01-05,7호선,어린이대공원,11315,11348,22663
2022-01-05,7호선,온수,10060,9140,19200
2022-01-05,7호선,용마산,5857,5861,11718
2022-01-05,7호선,이수,15369,14753,30122
2022-01-05,7호선,장승배기,8878,8768,17646
2022-01-05,7호선,장암,2173,831,3004
2022-01-05,7호선,중계,13632,12429,26061
2022-01-05,7호선,중곡,10598,10118,20716
2022-01-05,7호선,중화,10583,10535,21118
2022-01-05,7호선,천왕,11148,10572,21720
2022-01-05,7호선,철산,20431,20972,41403
2022-01-05,7호선,청담,19406,21614,41020
2022-01-05,7호선,태릉입구,7971,7558,15529
2022-01-05,7호선,하계,17207,16318,33525
2022-01-05,7호선,학동,25443,26832,52275
2022-01-05,8호선,가락시장,7592,8280,15872
2022-01-05,8호선,강동구청,10323,10789,21112
2022-01-05,8호선,남위례,3548,3824,7372
2022-01-05,8호선,남한산성입구,13149,12049,25198
2022-01-05,8호선,단대오거리,10096,9908,20004
2022-01-05,8호선,모란,4122,3198,7320
2022-01-05,8호선,몽촌토성,5881,6055,11936
2022-01-05,8호선,문정,22922,24062,46984
2022-01-05,8호선,복정,9328,7905,17233
2022-01-05,8호선,산성,5167,5201,10368
2022-01-05,8호선,석촌,7704,8739,16443
2022-01-05,8호선,송파,7165,7320,14485
2022-01-05,8호선,수진,5190,4697,9887
2022-01-05,8호선,신흥,4059,4363,8422
2022-01-05,8호선,암사,18548,16580,35128
2022-01-05,8호선,잠실,13302,15608,28910
2022-01-05,8호선,장지,16814,16320,33134
2022-01-05,8호선,천호,14547,16626,31173
2022-01-05,9호선,가양,19568,19215,38783
2022-01-05,9호선,개화,2403,1663,4066
2022-01-05,9호선,고속터미널,11344,14525,25869
2022-01-05,9호선,공항시장,2818,3090,5908
2022-01-05,9호선,구반포,1430,1566,2996
2022-01-05,9호선,국회의사당,16996,17297,34293
2022-01-05,9호선,김포공항,6614,9920,16534
2022-01-05,9호선,노들,4255,3687,7942
2022-01-05,9호선,노량진,25026,24391,49417
2022-01-05,9호선,당산,17740,17807,35547
2022-01-05,9호선,동작,1899,1474,3373
2022-01-05,9호선,등촌,11279,11222,22501
2022-01-05,9호선,마곡나루,11527,11420,22947
2022-01-05,9호선,사평,3377,3225,6602
2022-01-05,9호선,샛강,5743,6122,11865
2022-01-05,9호선,선유도,8773,8379,17152
2022-01-05,9호선,신논현,31524,30903,62427
2022-01-05,9호선,신목동,3889,3515,7404
2022-01-05,9호선,신반포,3163,3181,6344
2022-01-05,9호선,신방화,6566,6446,13012
2022-01-05,9호선,양천향교,9384,9620,19004
2022-01-05,9호선,여의도,27463,26079,53542
2022-01-05,9호선,염창,16715,16527,33242
2022-01-05,9호선,증미,7325,7403,14728
2022-01-05,9호선,흑석,7715,8026,15741
2022-01-05,9호선2~3단계,둔촌오륜,1009,973,1982
2022-01-05,9호선2~3단계,봉은사,15636,16072,31708
2022-01-05,9호선2~3단계,삼성중앙,6785,7161,13946
2022-01-05,9호선2~3단계,삼전,6775,6713,13488
2022-01-05,9호선2~3단계,석촌,8227,7374,15601
2022-01-05,9호선2~3단계,석촌고분,6000,5939,11939
2022-01-05,9호선2~3단계,선정릉,9783,10688,20471
2022-01-05,9호선2~3단계,송파나루,4849,5243,10092
2022-01-05,9호선2~3단계,언주,11028,11147,22175
2022-01-05,9호선2~3단계,올림픽공원,5598,5607,11205
2022-01-05,9호선2~3단계,종합운동장,4088,4068,8156
2022-01-05,9호선2~3단계,중앙보훈병원,10695,9550,20245
2022-01-05,9호선2~3단계,한성백제,2490,2260,4750
2022-01-05,경강선,경기광주,7291,7001,14292
2022-01-05,경강선,곤지암,2099,2003,4102
2022-01-05,경강선,부발,1875,1817,3692
2022-01-05,경강선,삼동,2279,2140,4419
2022-01-05,경강선,세종대왕릉,270,261,531
2022-01-05,경강선,신둔도예촌,1286,1223,2509
2022-01-05,경강선,여주,1783,1743,3526
2022-01-05,경강선,이매,1019,880,1899
2022-01-05,경강선,이천,2276,2386,4662
2022-01-05,경강선,초월,3033,2919,5952
2022-01-05,경강선,판교,4577,4531,9108
2022-01-05,경부선,가산디지털단지,18325,21116,39441
2022-01-05,경부선,관악,6958,6570,13528
2022-01-05,경부선,광명,2964,2598,5562
2022-01-05,경부선,구로,17919,18143,36062
2022-01-05,경부선,군포,7545,7512,15057
2022-01-05,경부선,금정,25746,26328,52074
2022-01-05,경부선,금천구청,11159,11333,22492
2022-01-05,경부선,남영,8615,9081,17696
2022-01-05,경부선,노량진,7536,7672,15208
2022-01-05,경부선,당정,5930,5698,11628
2022-01-05,경부선,대방,12396,12869,25265
2022-01-05,경부선,독산,18524,19249,37773
2022-01-05,경부선,두정,4232,4275,8507
2022-01-05,경부선,명학,8600,8546,17146
2022-01-05,경부선,병점,13079,13017,26096
2022-01-05,경부선,서동탄,1364,1142,2506
2022-01-05,경부선,서울역,3969,1344,5313
2022-01-05,경부선,서정리,5967,5722,11689
2022-01-05,경부선,석수,9345,8396,17741
2022-01-05,경부선,성균관대,13234,13086,26320
2022-01-05,경부선,성환,2695,2776,5471
2022-01-05,경부선,세류,2726,2519,5245
2022-01-05,경부선,세마,2727,2527,5254
2022-01-05,경부선,송탄,3789,3667,7456
2022-01-05,경부선,수원,30508,32390,62898
2022-01-05,경부선,신길,8593,7314,15907
2022-01-05,경부선,신도림,3994,3833,7827
2022-01-05,경부선,안양,20081,20169,40250
2022-01-05,경부선,영등포,34644,35678,70322
2022-01-05,경부선,오산,8691,8695,17386
2022-01-05,경부선,오산대,3112,2927,6039
2022-01-05,경부선,용산,31154,30903,62057
2022-01-05,경부선,의왕,8663,8703,17366
2022-01-05,경부선,직산,681,663,1344
2022-01-05,경부선,진위,1539,1368,2907
2022-01-05,경부선,천안,4107,4211,8318
2022-01-05,경부선,평택,9885,9895,19780
2022-01-05,경부선,평택지제,3180,3064,6244
2022-01-05,경부선,화서,7556,7234,14790
2022-01-05,경원선,가능,6138,5974,12112
2022-01-05,경원선,광운대,7259,6915,14174
2022-01-05,경원선,녹양,4186,4026,8212
2022-01-05,경원선,녹천,4321,3670,7991
2022-01-05,경원선,덕계,2872,2567,5439
2022-01-05,경원선,덕정,4999,4824,9823
2022-01-05,경원선,도봉,5637,5453,11090
2022-01-05,경원선,도봉산,6868,4321,11189
2022-01-05,경원선,동두천,1910,2125,4035
2022-01-05,경원선,동두천중앙,3012,2926,5938
2022-01-05,경원선,망월사,6903,7148,14051
2022-01-05,경원선,방학,8938,8898,17836
2022-01-05,경원선,보산,1209,1136,2345
2022-01-05,경원선,서빙고,1885,1763,3648
2022-01-05,경원선,석계,7516,8662,16178
2022-01-05,경원선,소요산,2067,1737,3804
2022-01-05,경원선,신이문,8000,7560,15560
2022-01-05,경원선,양주,7170,6614,13784
2022-01-05,경원선,옥수,52,31,83
2022-01-05,경원선,왕십리,12865,14584,27449
2022-01-05,경원선,외대앞,6714,6807,13521
2022-01-05,경원선,월계,5991,5700,11691
2022-01-05,경원선,응봉,1780,1531,3311
2022-01-05,경원선,의정부,17285,17788,35073
2022-01-05,경원선,이촌,3385,2724,6109
2022-01-05,경원선,지행,6080,5976,12056
2022-01-05,경원선,청량리,13266,13604,26870
2022-01-05,경원선,한남,4017,3716,7733
2022-01-05,경원선,회룡,11902,11879,23781
2022-01-05,경의선,가좌,4977,4874,9851
2022-01-05,경의선,강매,3100,2762,5862
2022-01-05,경의선,곡산,564,583,1147
2022-01-05,경의선,공덕,3418,2933,6351
2022-01-05,경의선,금릉,4627,4532,9159
2022-01-05,경의선,금촌,5979,6007,11986
2022-01-05,경의선,능곡,3676,3337,7013
2022-01-05,경의선,디지털미디어시티,2286,2155,4441
2022-01-05,경의선,문산,4578,4545,9123
2022-01-05,경의선,백마,6621,6399,13020
2022-01-05,경의선,서강대,2017,1993,4010
2022-01-05,경의선,서울역,4043,4975,9018
2022-01-05,경의선,수색,2803,2800,5603
2022-01-05,경의선,신촌,782,977,1759
2022-01-05,경의선,야당,7072,6824,13896
2022-01-05,경의선,운정,6600,6402,13002
2022-01-05,경의선,월롱,2386,2170,4556
2022-01-05,경의선,일산,8819,8737,17556
2022-01-05,경의선,임진강,5,3,8
2022-01-05,경의선,탄현,7392,7161,14553
2022-01-05,경의선,파주,946,682,1628
2022-01-05,경의선,풍산,5183,4829,10012
2022-01-05,경의선,행신,7503,7500,15003
2022-01-05,경의선,홍대입구,1671,1945,3616
2022-01-05,경의선,화전,1490,1368,2858
2022-01-05,경의선,효창공원앞,2860,3330,6190
2022-01-05,경인선,간석,5575,5364,10939
2022-01-05,경인선,개봉,20390,20538,40928
2022-01-05,경인선,구일,5893,5947,11840
2022-01-05,경인선,도원,2844,2863,5707
2022-01-05,경인선,도화,4077,3801,7878
2022-01-05,경인선,동암,14039,14203,28242
2022-01-05,경인선,동인천,13373,12736,26109
2022-01-05,경인선,백운,6451,6360,12811
2022-01-05,경인선,부개,8219,7702,15921
2022-01-05,경인선,부천,30538,30506,61044
2022-01-05,경인선,부평,27956,29400,57356
2022-01-05,경인선,소사,8127,7952,16079
2022-01-05,경인선,송내,25849,25891,51740
2022-01-05,경인선,역곡,25773,25827,51600
2022-01-05,경인선,오류동,11293,10878,22171
2022-01-05,경인선,온수,6118,6010,12128
2022-01-05,경인선,인천,3154,2322,5476
2022-01-05,경인선,제물포,9963,9519,19482
2022-01-05,경인선,주안,17368,15801,33169
2022-01-05,경인선,중동,8958,8488,17446
2022-01-05,경춘선,가평,1309,1290,2599
2022-01-05,경춘선,갈매,3021,2601,5622
2022-01-05,경춘선,강촌,307,266,573
2022-01-05,경춘선,굴봉산,94,118,212
2022-01-05,경춘선,금곡,1389,1299,2688
2022-01-05,경춘선,김유정,221,232,453
2022-01-05,경춘선,남춘천,1881,1960,3841
2022-01-05,경춘선,대성리,340,351,691
2022-01-05,경춘선,마석,3435,3407,6842
2022-01-05,경춘선,백양리,252,205,457
2022-01-05,경춘선,별내,3284,3047,6331
2022-01-05,경춘선,사릉,3018,2927,5945
2022-01-05,경춘선,상천,198,189,387
2022-01-05,경춘선,신내,1902,1813,3715
2022-01-05,경춘선,천마산,1533,1434,2967
2022-01-05,경춘선,청평,1348,1283,2631
2022-01-05,경춘선,춘천,907,832,1739
2022-01-05,경춘선,퇴계원,3488,3156,6644
2022-01-05,경춘선,평내호평,5813,5684,11497
2022-01-05,공항철도,검암,6436,6292,12728
2022-01-05,공항철도,계양,9679,9189,18868
2022-01-05,공항철도,공덕,2187,2775,4962
2022-01-05,공항철도,공항화물청사,2224,2447,4671
2022-01-05,공항철도,김포공항,11128,6233,17361
2022-01-05,공항철도,디지털미디어시티,14024,12460,26484
2022-01-05,공항철도,마곡나루,8583,8234,16817
2022-01-05,공항철도,서울역,6250,5837,12087
2022-01-05,공항철도,영종,2744,2811,5555
2022-01-05,공항철도,운서,6263,6141,12404
2022-01-05,공항철도,인천공항1터미널,3532,3749,7281
2022-01-05,공항철도,인천공항2터미널,2127,2022,4149
2022-01-05,공항철도,청라국제도시,6556,6160,12716
2022-01-05,공항철도,홍대입구,8796,8848,17644
2022-01-05,과천선,경마공원,1494,1463,2957
2022-01-05,과천선,과천,5818,5494,11312
2022-01-05,과천선,대공원,2107,2218,4325
2022-01-05,과천선,범계,25367,24812,50179
2022-01-05,과천선,선바위,7853,6859,14712
2022-01-05,과천선,인덕원,23361,24619,47980
2022-01-05,과천선,정부과천청사,10539,10396,20935
2022-01-05,과천선,평촌,17802,17641,35443
2022-01-05,분당선,가천대,6315,7208,13523
2022-01-05,분당선,강남구청,10116,11517,21633
2022-01-05,분당선,개포동,3763,3929,7692
2022-01-05,분당선,구룡,1931,1928,3859
2022-01-05,분당선,구성,4885,5207,10092
2022-01-05,분당선,기흥,9198,8830,18028
2022-01-05,분당선,대모산입구,4311,4032,8343
2022-01-05,분당선,도곡,6784,6663,13447
2022-01-05,분당선,망포,14216,13559,27775
2022-01-05,분당선,매교,2629,2690,5319
2022-01-05,분당선,매탄권선,4649,4602,9251
2022-01-05,분당선,모란,19027,19085,38112
2022-01-05,분당선,미금,15405,16180,31585
2022-01-05,분당선,보정,2376,2095,4471
2022-01-05,분당선,상갈,5277,5127,10404
2022-01-05,분당선,서울숲,10321,10516,20837
2022-01-05,분당선,서현,24652,24975,49627
2022-01-05,분당선,선릉,13813,20498,34311
2022-01-05,분당선,선정릉,8137,8660,16797
2022-01-05,분당선,수내,13517,13517,27034
2022-01-05,분당선,수서,12207,12761,24968
2022-01-05,분당선,수원,7656,6470,14126
2022-01-05,분당선,수원시청,12066,12909,24975
2022-01-05,분당선,신갈,4342,4319,8661
2022-01-05,분당선,압구정로데오,18725,19996,38721
2022-01-05,분당선,야탑,25593,26422,52015
2022-01-05,분당선,영통,7860,7938,15798
2022-01-05,분당선,오리,11715,9532,21247
2022-01-05,분당선,이매,5354,5181,10535
2022-01-05,분당선,정자,17353,18369,35722
2022-01-05,분당선,죽전,12773,13897,26670
2022-01-05,분당선,청명,4063,3944,8007
2022-01-05,분당선,태평,13110,12686,25796
2022-01-05,분당선,한티,14432,15459,29891
2022-01-05,수인선,고색,4602,4257,8859
2022-01-05,수인선,남동인더스파크,2311,2580,4891
2022-01-05,수인선,달월,93,58,151
2022-01-05,수인선,사리,4181,3666,7847
2022-01-05,수인선,소래포구,4571,4183,8754
2022-01-05,수인선,송도,2371,2236,4607
2022-01-05,수인선,숭의,3941,3675,7616
2022-01-05,수인선,신포,1703,1675,3378
2022-01-05,수인선,야목,316,235,551
2022-01-05,수인선,어천,607,664,1271
2022-01-05,수인선,연수,4130,4093,8223
2022-01-05,수인선,오목천,2596,2442,5038
2022-01-05,수인선,원인재,4176,4356,8532
2022-01-05,수인선,월곶,2534,2396,4930
2022-01-05,수인선,인천,972,1511,2483
2022-01-05,수인선,인천논현,5321,5573,10894
2022-01-05,수인선,인하대,5279,5147,10426
2022-01-05,수인선,호구포,3779,3934,7713
2022-01-05,안산선,고잔,8431,7944,16375
2022-01-05,안산선,대야미,4786,4267,9053
2022-01-05,안산선,반월,4209,3996,8205
2022-01-05,안산선,산본,15272,16442,31714
2022-01-05,안산선,상록수,14734,15163,29897
2022-01-05,안산선,수리산,3992,3243,7235
2022-01-05,안산선,신길온천,1643,1503,3146
2022-01-05,안산선,안산,10941,9830,20771
2022-01-05,안산선,오이도,7824,7652,15476
2022-01-05,안산선,정왕,7054,7455,14509
2022-01-05,안산선,중앙,16872,17376,34248
2022-01-05,안산선,초지,4353,4408,8761
2022-01-05,안산선,한대앞,8165,8334,16499
2022-01-05,우이신설선,4.19민주묘지,2581,2487,5068
2022-01-05,우이신설선,가오리,3966,3916,7882
2022-01-05,우이신설선,보문,1410,1446,2856
2022-01-05,우이신설선,북한산보국문,5715,5546,11261
2022-01-05,우이신설선,북한산우이,2549,2315,4864
2022-01-05,우이신설선,삼양,1986,2092,4078
2022-01-05,우이신설선,삼양사거리,2358,2377,4735
2022-01-05,우이신설선,성신여대입구,3095,3449,6544
2022-01-05,우이신설선,솔밭공원,2372,2252,4624
2022-01-05,우이신설선,솔샘,5701,5375,11076
2022-01-05,우이신설선,신설동,2083,1962,4045
2022-01-05,우이신설선,정릉,4422,4173,8595
2022-01-05,우이신설선,화계,3180,2968,6148
2022-01-05,일산선,대곡,1795,1403,3198
2022-01-05,일산선,대화,11918,9542,21460
2022-01-05,일산선,마두,7094,7289,14383
2022-01-05,일산선,백석,9322,9362,18684
2022-01-05,일산선,삼송,18494,18187,36681
2022-01-05,일산선,원당,10614,10147,20761
2022-01-05,일산선,원흥,10245,9828,20073
2022-01-05,일산선,정발산,6722,6659,13381
2022-01-05,일산선,주엽,8440,8489,16929
2022-01-05,일산선,화정,16208,16545,32753
2022-01-05,장항선,배방,836,788,1624
2022-01-05,장항선,봉명,1070,1067,2137
2022-01-05,장항선,신창,779,826,1605
2022-01-05,장항선,쌍용,1610,1477,3087
2022-01-05,장항선,아산,2200,2079,4279
2022-01-05,장항선,온양온천,2928,2941,5869
2022-01-05,장항선,탕정,347,305,652
2022-01-05,중앙선,구리,12947,13081,26028
2022-01-05,중앙선,국수,574,589,1163
2022-01-05,중앙선,덕소,5370,5262,10632
2022-01-05,중앙선,도농,10105,9299,19404
2022-01-05,중앙선,도심,2265,1868,4133
2022-01-05,중앙선,망우,7345,7314,14659
2022-01-05,중앙선,상봉,5397,5498,10895
2022-01-05,중앙선,신원,173,140,313
2022-01-05,중앙선,아신,439,457,896
2022-01-05,중앙선,양수,1519,1547,3066
2022-01-05,중앙선,양원,1884,1874,3758
2022-01-05,중앙선,양정,675,601,1276
2022-01-05,중앙선,양평,2342,2270,4612
2022-01-05,중앙선,오빈,264,267,531
2022-01-05,중앙선,용문,2460,2411,4871
2022-01-05,중앙선,운길산,567,513,1080
2022-01-05,중앙선,원덕,301,264,565
2022-01-05,중앙선,중랑,5231,5099,10330
2022-01-05,중앙선,지평,59,82,141
2022-01-05,중앙선,팔당,744,774,1518
2022-01-05,중앙선,회기,22020,21563,43583
2022-01-06,1호선,동대문,10266,9601,19867
2022-01-06,1호선,동묘앞,6982,7278,14260
2022-01-06,1호선,서울역,40340,38347,78687
2022-01-06,1호선,시청,21276,21242,42518
2022-01-06,1호선,신설동,13285,12895,26180
2022-01-06,1호선,제기동,17035,17370,34405
2022-01-06,1호선,종각,34091,33098,67189
2022-01-06,1호선,종로3가,24996,22827,47823
2022-01-06,1호선,종로5가,21472,21415,42887
2022-01-06,1호선,청량리,18919,18856,37775
2022-01-06,2호선,강남,86215,84876,171091
2022-01-06,2호선,강변,28693,27082,55775
2022-01-06,2호선,건대입구,33545,35694,69239
2022-01-06,2호선,교대,32862,36863,69725
2022-01-06,2호선,구로디지털단지,59838,59844,119682
2022-01-06,2호선,구의,23268,22898,46166
2022-01-06,2호선,낙성대,26386,26019,52405
2022-01-06,2호선,당산,17993,20798,38791
2022-01-06,2호선,대림,22873,23441,46314
2022-01-06,2호선,도림천,1366,1414,2780
2022-01-06,2호선,동대문역사문화공원,11503,12788,24291
2022-01-06,2호선,뚝섬,21789,23260,45049
2022-01-06,2호선,문래,21285,21568,42853
2022-01-06,2호선,방배,15974,16705,32679
2022-01-06,2호선,봉천,23149,21742,44891
2022-01-06,2호선,사당,35198,38257,73455
2022-01-06,2호선,삼성,51897,52051,103948
2022-01-06,2호선,상왕십리,13966,13690,27656
2022-01-06,2호선,서울대입구,45738,45341,91079
2022-01-06,2호선,서초,21016,20475,41491
2022-01-06,2호선,선릉,57573,51419,108992
2022-01-06,2호선,성수,37858,40830,78688
2022-01-06,2호선,시청,23059,22320,45379
2022-01-06,2호선,신답,1631,1879,3510
2022-01-06,2호선,신당,13257,13645,26902
2022-01-06,2호선,신대방,25768,25322,51090
2022-01-06,2호선,신도림,45958,45152,91110
2022-01-06,2호선,신림,61525,60435,121960
2022-01-06,2호선,신설동,3150,3304,6454
2022-01-06,2호선,신정네거리,10014,10393,20407
2022-01-06,2호선,신촌,31426,32056,63482
2022-01-06,2호선,아현,9623,9234,18857
2022-01-06,2호선,양천구청,6599,7084,13683
2022-01-06,2호선,역삼,54099,59750,113849
2022-01-06,2호선,영등포구청,22693,23193,45886
2022-01-06,2호선,왕십리,14976,12878,27854
2022-01-06,2호선,용답,2556,2561,5117
2022-01-06,2호선,용두,2369,2475,4844
2022-01-06,2호선,을지로3가,22071,21925,43996
2022-01-06,2호선,을지로4가,13009,12941,25950
2022-01-06,2호선,을지로입구,38778,39500,78278
2022-01-06,2호선,이대,11983,12783,24766
2022-01-06,2호선,잠실,66777,66556,133333
2022-01-06,2호선,잠실나루,14187,13784,27971
2022-01-06,2호선,잠실새내,20452,20278,40730
2022-01-06,2호선,종합운동장,6923,7337,14260
2022-01-06,2호선,충정로,9581,10007,19588
2022-01-06,2호선,한양대,6562,6864,13426
2022-01-06,2호선,합정,30267,31207,61474
2022-01-06,2호선,홍대입구,52648,53736,106384
2022-01-06,3호선,가락시장,8922,8503,17425
2022-01-06,3호선,경복궁,18675,18368,37043
2022-01-06,3호선,경찰병원,7226,7419,14645
2022-01-06,3호선,고속터미널,37030,35434,72464
2022-01-06,3호선,교대,13835,9114,22949
2022-01-06,3호선,구파발,19903,18925,38828
2022-01-06,3호선,금호,7756,7492,15248
2022-01-06,3호선,남부터미널,27999,28525,56524
2022-01-06,3호선,녹번,15192,13963,29155
2022-01-06,3호선,대청,9964,9375,19339
2022-01-06,3호선,대치,11531,11403,22934
2022-01-06,3호선,도곡,5198,5325,10523
2022-01-06,3호선,독립문,6342,6450,12792
2022-01-06,3호선,동대입구,7116,7338,14454
2022-01-06,3호선,매봉,12738,12291,25029
2022-01-06,3호선,무악재,3743,3853,7596
2022-01-06,3호선,불광,15651,16747,32398
2022-01-06,3호선,수서,16288,16714,33002
2022-01-06,3호선,신사,31647,32750,64397
2022-01-06,3호선,안국,18543,19211,37754
2022-01-06,3호선,압구정,32248,34101,66349
2022-01-06,3호선,약수,12450,12059,24509
2022-01-06,3호선,양재,38112,41435,79547
2022-01-06,3호선,연신내,34942,33309,68251
2022-01-06,3호선,오금,6151,5569,11720
2022-01-06,3호선,옥수,8620,9031,17651
2022-01-06,3호선,을지로3가,10514,10701,21215
2022-01-06,3호선,일원,10293,10055,20348
2022-01-06,3호선,잠원,4566,4469,9035
2022-01-06,3호선,종로3가,9974,11284,21258
2022-01-06,3호선,지축,4470,4324,8794
2022-01-06,3호선,학여울,1754,1818,3572
2022-01-06,3호선,홍제,16423,15658,32081
2022-01-06,4호선,길음,19734,19234,38968
2022-01-06,4호선,남태령,1102,1020,2122
2022-01-06,4호선,노원,18100,20257,38357
2022-01-06,4호선,당고개,12127,11244,23371
2022-01-06,4호선,동대문,19087,19146,38233
2022-01-06,4호선,동대문역사문화공원,14336,13078,27414
2022-01-06,4호선,동작,1368,1589,2957
2022-01-06,4호선,명동,17458,18050,35508
2022-01-06,4호선,미아,14049,13718,27767
2022-01-06,4호선,미아사거리,26262,25624,51886
2022-01-06,4호선,사당,24095,19898,43993
2022-01-06,4호선,삼각지,4927,5320,10247
2022-01-06,4호선,상계,18513,17300,35813
2022-01-06,4호선,서울역,10702,15245,25947
2022-01-06,4호선,성신여대입구,18785,18085,36870
2022-01-06,4호선,수유,32339,32611,64950
2022-01-06,4호선,숙대입구,12026,11595,23621
2022-01-06,4호선,신용산,16282,17089,33371
2022-01-06,4호선,쌍문,28423,26462,54885
2022-01-06,4호선,이촌,7012,7708,14720
2022-01-06,4호선,창동,24528,25927,50455
2022-01-06,4호선,총신대입구,18184,19517,37701
2022-01-06,4호선,충무로,25149,26180,51329
2022-01-06,4호선,한성대입구,12166,12002,24168
2022-01-06,4호선,혜화,31412,31451,62863
2022-01-06,4호선,회현,24075,25419,49494
2022-01-06,5호선,강동,18195,17537,35732
2022-01-06,5호선,강일,3798,3702,7500
2022-01-06,5호선,개롱,6195,6440,12635
2022-01-06,5호선,개화산,5373,5102,10475
2022-01-06,5호선,거여,9053,8517,17570
2022-01-06,5호선,고덕,9155,9302,18457
2022-01-06,5호선,공덕,13849,14488,28337
2022-01-06,5호선,광나루,12926,11825,24751
2022-01-06,5호선,광화문,30129,31309,61438
2022-01-06,5호선,군자,10974,11992,22966
2022-01-06,5호선,굽은다리,9330,8927,18257
2022-01-06,5호선,길동,7827,8139,15966
2022-01-06,5호선,김포공항,7025,6712,13737
2022-01-06,5호선,까치산,28150,27491,55641
2022-01-06,5호선,답십리,15704,14475,30179
2022-01-06,5호선,동대문역사문화공원,3002,3439,6441
2022-01-06,5호선,둔촌동,8643,8651,17294
2022-01-06,5호선,마곡,10984,10769,21753
2022-01-06,5호선,마장,5427,5081,10508
2022-01-06,5호선,마천,6638,6621,13259
2022-01-06,5호선,마포,14253,14587,28840
2022-01-06,5호선,명일,8103,8542,16645
2022-01-06,5호선,목동,16370,17947,34317
2022-01-06,5호선,미사,15657,15730,31387
2022-01-06,5호선,발산,20270,20234,40504
2022-01-06,5호선,방이,7280,7447,14727
2022-01-06,5호선,방화,6533,6391,12924
2022-01-06,5호선,상일동,15209,13937,29146
2022-01-06,5호선,서대문,18585,18996,37581
2022-01-06,5호선,송정,6275,5991,12266
2022-01-06,5호선,신금호,5998,6399,12397
2022-01-06,5호선,신길,4054,4522,8576
2022-01-06,5호선,신정,13794,11031,24825
2022-01-06,5호선,아차산,13842,13554,27396
2022-01-06,5호선,애오개,6690,6759,13449
2022-01-06,5호선,양평,7635,7627,15262
2022-01-06,5호선,여의나루,8658,9421,18079
2022-01-06,5호선,여의도,29337,30379,59716
2022-01-06,5호선,영등포구청,3852,3989,7841
2022-01-06,5호선,영등포시장,10032,10455,20487
2022-01-06,5호선,오금,3604,3643,7247
2022-01-06,5호선,오목교,21449,22793,44242
2022-01-06,5호선,올림픽공원,4177,3552,7729
2022-01-06,5호선,왕십리,4659,5127,9786
2022-01-06,5호선,우장산,13725,13778,27503
2022-01-06,5호선,을지로4가,6216,6144,12360
2022-01-06,5호선,장한평,18610,18572,37182
2022-01-06,5호선,종로3가,12010,11781,23791
2022-01-06,5호선,천호,17762,17467,35229
2022-01-06,5호선,청구,3896,3513,7409
2022-01-06,5호선,충정로,4738,4894,9632
2022-01-06,5호선,하남검단산,5381,5163,10544
2022-01-06,5호선,하남시청,6264,5961,12225
2022-01-06,5호선,하남풍산,4163,4285,8448
2022-01-06,5호선,행당,7823,7080,14903
2022-01-06,5호선,화곡,27667,26233,53900
2022-01-06,6호선,고려대,7346,7120,14466
2022-01-06,6호선,공덕,17767,17189,34956
2022-01-06,6호선,광흥창,8869,8507,17376
2022-01-06,6호선,구산,7321,5632,12953
2022-01-06,6호선,녹사평,4500,4406,8906
2022-01-06,6호선,대흥,7565,7769,15334
2022-01-06,6호선,독바위,2660,2782,5442
2022-01-06,6호선,돌곶이,9032,8422,17454
2022-01-06,6호선,동묘앞,7253,7450,14703
2022-01-06,6호선,디지털미디어시티,13675,14847,28522
2022-01-06,6호선,마포구청,13805,12754,26559
2022-01-06,6호선,망원,13440,14694,28134
2022-01-06,6호선,버티고개,1877,1990,3867
2022-01-06,6호선,보문,6967,6481,13448
2022-01-06,6호선,봉화산,8666,8260,16926
2022-01-06,6호선,불광,4123,4049,8172
2022-01-06,6호선,삼각지,6052,5482,11534
2022-01-06,6호선,상수,7835,8655,16490
2022-01-06,6호선,상월곡,6034,5415,11449
2022-01-06,6호선,새절,12307,11552,23859
2022-01-06,6호선,석계,11713,12007,23720
2022-01-06,6호선,신내,1,0,1
2022-01-06,6호선,신당,8214,8605,16819
2022-01-06,6호선,안암,9558,9654,19212
2022-01-06,6호선,약수,3553,3431,6984
2022-01-06,6호선,역촌,3676,4470,8146
2022-01-06,6호선,월곡,10914,11020,21934
2022-01-06,6호선,월드컵경기장,3613,3761,7374
2022-01-06,6호선,응암,17117,16966,34083
2022-01-06,6호선,이태원,8726,8881,17607
2022-01-06,6호선,증산,9906,10109,20015
2022-01-06,6호선,창신,3388,2811,6199
2022-01-06,6호선,청구,3681,3974,7655
2022-01-06,6호선,태릉입구,5273,5739,11012
2022-01-06,6호선,한강진,8139,9133,17272
2022-01-06,6호선,합정,12685,12255,24940
2022-01-06,6호선,화랑대,11240,8860,20100
2022-01-06,6호선,효창공원앞,6767,6185,12952
2022-01-06,7호선,가산디지털단지,47851,47621,95472
2022-01-06,7호선,강남구청,16723,18363,35086
2022-01-06,7호선,건대입구,11648,12257,23905
2022-01-06,7호선,고속터미널,14893,12710,27603
2022-01-06,7호선,공릉,11283,11241,22524
2022-01-06,7호선,광명사거리,21835,21525,43360
2022-01-06,7호선,군자,14840,11937,26777
2022-01-06,7호선,남구로,15885,16757,32642
2022-01-06,7호선,남성,10883,10149,21032
2022-01-06,7호선,내방,14475,14856,29331
2022-01-06,7호선,노원,19180,19686,38866
2022-01-06,7호선,논현,20791,22527,43318
2022-01-06,7호선,대림,7522,7544,15066
2022-01-06,7호선,도봉산,8642,10018,18660
2022-01-06,7호선,뚝섬유원지,7027,6865,13892
2022-01-06,7호선,마들,12409,12006,24415
2022-01-06,7호선,먹골,9766,9596,19362
2022-01-06,7호선,면목,14954,14670,29624
2022-01-06,7호선,반포,5712,5324,11036
2022-01-06,7호선,보라매,9678,9744,19422
2022-01-06,7호선,부평구청,2,0,2
2022-01-06,7호선,사가정,15563,15632,31195
2022-01-06,7호선,상도,10464,10291,20755
2022-01-06,7호선,상봉,16455,15680,32135
2022-01-06,7호선,수락산,12209,12056,24265
2022-01-06,7호선,숭실대입구,11410,11641,23051
2022-01-06,7호선,신대방삼거리,16338,15714,32052
2022-01-06,7호선,신중동,1,0,1
2022-01-06,7호선,신풍,11195,10776,21971
2022-01-06,7호선,어린이대공원,11871,11593,23464
2022-01-06,7호선,온수,10037,9221,19258
2022-01-06,7호선,용마산,6097,5870,11967
2022-01-06,7호선,이수,15310,14893,30203
2022-01-06,7호선,장승배기,8809,8683,17492
2022-01-06,7호선,장암,2202,840,3042
2022-01-06,7호선,중계,13565,12530,26095
2022-01-06,7호선,중곡,10520,10136,20656
2022-01-06,7호선,중화,10642,10386,21028
2022-01-06,7호선,천왕,11259,10768,22027
2022-01-06,7호선,철산,20585,21148,41733
2022-01-06,7호선,청담,19516,21945,41461
2022-01-06,7호선,태릉입구,8155,7653,15808
2022-01-06,7호선,하계,17006,16151,33157
2022-01-06,7호선,학동,25404,26973,52377
2022-01-06,8호선,가락시장,7819,8549,16368
2022-01-06,8호선,강동구청,10372,10724,21096
2022-01-06,8호선,남위례,3545,3874,7419
2022-01-06,8호선,남한산성입구,13079,12040,25119
2022-01-06,8호선,단대오거리,10172,9884,20056
2022-01-06,8호선,모란,4268,3227,7495
2022-01-06,8호선,몽촌토성,6020,6107,12127
2022-01-06,8호선,문정,22678,23904,46582
2022-01-06,8호선,복정,9429,7912,17341
2022-01-06,8호선,산성,5100,5225,10325
2022-01-06,8호선,석촌,7815,8850,16665
2022-01-06,8호선,송파,7210,7330,14540
2022-01-06,8호선,수진,5233,4726,9959
2022-01-06,8호선,신흥,4123,4556,8679
2022-01-06,8호선,암사,18657,16597,35254
2022-01-06,8호선,잠실,14152,16381,30533
2022-01-06,8호선,장지,17198,16487,33685
2022-01-06,8호선,천호,14756,16819,31575
2022-01-06,9호선,가양,19891,19636,39527
2022-01-06,9호선,개화,2436,1672,4108
2022-01-06,9호선,고속터미널,11423,14551,25974
2022-01-06,9호선,공항시장,2842,3149,5991
2022-01-06,9호선,구반포,1434,1553,2987
2022-01-06,9호선,국회의사당,17264,17499,34763
2022-01-06,9호선,김포공항,6839,10131,16970
2022-01-06,9호선,노들,4363,3757,8120
2022-01-06,9호선,노량진,25383,24626,50009
2022-01-06,9호선,당산,17890,17815,35705
2022-01-06,9호선,동작,1837,1485,3322
2022-01-06,9호선,등촌,11255,11134,22389
2022-01-06,9호선,마곡나루,11810,11643,23453
2022-01-06,9호선,사평,3434,3329,6763
2022-01-06,9호선,샛강,6000,6345,12345
2022-01-06,9호선,선유도,8683,8328,17011
2022-01-06,9호선,신논현,32112,31789,63901
2022-01-06,9호선,신목동,3907,3552,7459
2022-01-06,9호선,신반포,3206,3167,6373
2022-01-06,9호선,신방화,6745,6599,13344
2022-01-06,9호선,양천향교,9457,9774,19231
2022-01-06,9호선,여의도,27737,26498,54235
2022-01-06,9호선,염창,16983,16675,33658
2022-01-06,9호선,증미,7316,7334,14650
2022-01-06,9호선,흑석,7699,8134,15833
2022-01-06,9호선2~3단계,둔촌오륜,945,943,1888
2022-01-06,9호선2~3단계,봉은사,15577,16044,31621
2022-01-06,9호선2~3단계,삼성중앙,6744,7136,13880
2022-01-06,9호선2~3단계,삼전,6789,6728,13517
2022-01-06,9호선2~3단계,석촌,8204,7347,15551
2022-01-06,9호선2~3단계,석촌고분,6216,6010,12226
2022-01-06,9호선2~3단계,선정릉,9749,10602,20351
2022-01-06,9호선2~3단계,송파나루,5134,5307,10441
2022-01-06,9호선2~3단계,언주,10857,11133,21990
2022-01-06,9호선2~3단계,올림픽공원,5900,5892,11792
2022-01-06,9호선2~3단계,종합운동장,4131,4202,8333
2022-01-06,9호선2~3단계,중앙보훈병원,10588,9442,20030
2022-01-06,9호선2~3단계,한성백제,2493,2314,4807
2022-01-06,경강선,경기광주,7460,7049,14509
2022-01-06,경강선,곤지암,2104,2051,4155
2022-01-06,경강선,부발,2006,1837,3843
2022-01-06,경강선,삼동,2394,2160,4554
2022-01-06,경강선,세종대왕릉,266,262,528
2022-01-06,경강선,신둔도예촌,1261,1216,2477
2022-01-06,경강선,여주,1794,1774,3568
2022-01-06,경강선,이매,1019,889,1908
2022-01-06,경강선,이천,2408,2472,4880
2022-01-06,경강선,초월,2969,2881,5850
2022-01-06,경강선,판교,4613,4571,9184
2022-01-06,경부선,가산디지털단지,18386,21296,39682
2022-01-06,경부선,관악,6959,6470,13429
2022-01-06,경부선,광명,3118,2599,5717
2022-01-06,경부선,구로,17934,18221,36155
2022-01-06,경부선,군포,7519,7454,14973
2022-01-06,경부선,금정,25824,26366,52190
2022-01-06,경부선,금천구청,11376,11520,22896
2022-01-06,경부선,남영,8528,8959,17487
2022-01-06,경부선,노량진,7661,7763,15424
2022-01-06,경부선,당정,6012,5733,11745
2022-01-06,경부선,대방,12730,13184,25914
2022-01-06,경부선,독산,18491,19362,37853
2022-01-06,경부선,두정,4408,4346,8754
2022-01-06,경부선,명학,8854,8724,17578
2022-01-06,경부선,병점,13316,13216,26532
2022-01-06,경부선,서동탄,1371,1209,2580
2022-01-06,경부선,서울역,5188,1718,6906
2022-01-06,경부선,서정리,6160,5612,11772
2022-01-06,경부선,석수,9378,8362,17740
2022-01-06,경부선,성균관대,13272,13214,26486
2022-01-06,경부선,성환,2818,2828,5646
2022-01-06,경부선,세류,2858,2529,5387
2022-01-06,경부선,세마,2623,2574,5197
2022-01-06,경부선,송탄,3781,3745,7526
2022-01-06,경부선,수원,30814,32925,63739
2022-01-06,경부선,신길,8602,7266,15868
2022-01-06,경부선,신도림,4077,3874,7951
2022-01-06,경부선,안양,20109,20122,40231
2022-01-06,경부선,영등포,35629,36169,71798
2022-01-06,경부선,오산,8759,8854,17613
2022-01-06,경부선,오산대,2994,2757,5751
2022-01-06,경부선,용산,30796,31072,61868
2022-01-06,경부선,의왕,8820,8804,17624
2022-01-06,경부선,직산,685,675,1360
2022-01-06,경부선,진위,1572,1398,2970
2022-01-06,경부선,천안,3988,4171,8159
2022-01-06,경부선,평택,10144,9908,20052
2022-01-06,경부선,평택지제,3030,2993,6023
2022-01-06,경부선,화서,7529,7239,14768
2022-01-06,경원선,가능,6101,6003,12104
2022-01-06,경원선,광운대,7067,6882,13949
2022-01-06,경원선,녹양,4341,4165,8506
2022-01-06,경원선,녹천,4424,3719,8143
2022-01-06,경원선,덕계,2808,2550,5358
2022-01-06,경원선,덕정,4968,4831,9799
2022-01-06,경원선,도봉,5740,5661,11401
2022-01-06,경원선,도봉산,7300,4583,11883
2022-01-06,경원선,동두천,2049,2236,4285
2022-01-06,경원선,동두천중앙,2921,2832,5753
2022-01-06,경원선,망월사,7037,7223,14260
2022-01-06,경원선,방학,9086,9113,18199
2022-01-06,경원선,보산,1303,1165,2468
2022-01-06,경원선,서빙고,1894,1725,3619
2022-01-06,경원선,석계,7694,8759,16453
2022-01-06,경원선,소요산,2341,2164,4505
2022-01-06,경원선,신이문,8092,7522,15614
2022-01-06,경원선,양주,7146,6731,13877
2022-01-06,경원선,옥수,46,32,78
2022-01-06,경원선,왕십리,13054,14699,27753
2022-01-06,경원선,외대앞,6672,6837,13509
2022-01-06,경원선,월계,6116,5791,11907
2022-01-06,경원선,응봉,1845,1567,3412
2022-01-06,경원선,의정부,17702,17963,35665
2022-01-06,경원선,이촌,3529,2728,6257
2022-01-06,경원선,지행,5996,6120,12116
2022-01-06,경원선,청량리,13434,14079,27513
2022-01-06,경원선,한남,3966,3780,7746
2022-01-06,경원선,회룡,12278,11959,24237
2022-01-06,경의선,가좌,5361,5207,10568
2022-01-06,경의선,강매,3097,2785,5882
2022-01-06,경의선,곡산,562,553,1115
2022-01-06,경의선,공덕,3472,2982,6454
2022-01-06,경의선,금릉,4700,4458,9158
2022-01-06,경의선,금촌,6286,6443,12729
2022-01-06,경의선,능곡,3582,3318,6900
2022-01-06,경의선,디지털미디어시티,2422,2175,4597
2022-01-06,경의선,문산,4812,4828,9640
2022-01-06,경의선,백마,6644,6432,13076
2022-01-06,경의선,서강대,1907,1967,3874
2022-01-06,경의선,서울역,4186,5046,9232
2022-01-06,경의선,수색,2720,2828,5548
2022-01-06,경의선,신촌,806,980,1786
2022-01-06,경의선,야당,7061,6853,13914
2022-01-06,경의선,운정,6672,6266,12938
2022-01-06,경의선,월롱,2272,2025,4297
2022-01-06,경의선,일산,8957,8855,17812
2022-01-06,경의선,임진강,4,4,8
2022-01-06,경의선,탄현,7428,7220,14648
2022-01-06,경의선,파주,957,692,1649
2022-01-06,경의선,풍산,5375,5020,10395
2022-01-06,경의선,행신,7602,7611,15213
2022-01-06,경의선,홍대입구,1639,2004,3643
2022-01-06,경의선,화전,1491,1397,2888
2022-01-06,경의선,효창공원앞,2871,3356,6227
2022-01-06,경인선,간석,5479,5294,10773
2022-01-06,경인선,개봉,20518,20677,41195
2022-01-06,경인선,구일,5818,5887,11705
2022-01-06,경인선,도원,3031,3088,6119
2022-01-06,경인선,도화,4007,3741,7748
2022-01-06,경인선,동암,14077,14067,28144
2022-01-06,경인선,동인천,13491,12730,26221
2022-01-06,경인선,백운,6520,6446,12966
2022-01-06,경인선,부개,8230,7290,15520
2022-01-06,경인선,부천,30973,30742,61715
2022-01-06,경인선,부평,28167,29796,57963
2022-01-06,경인선,소사,8058,7882,15940
2022-01-06,경인선,송내,25725,25816,51541
2022-01-06,경인선,역곡,26067,26039,52106
2022-01-06,경인선,오류동,11566,10832,22398
2022-01-06,경인선,온수,6135,5955,12090
2022-01-06,경인선,인천,3204,2424,5628
2022-01-06,경인선,제물포,9602,9273,18875
2022-01-06,경인선,주안,17444,15973,33417
2022-01-06,경인선,중동,8920,8529,17449
2022-01-06,경춘선,가평,1337,1400,2737
2022-01-06,경춘선,갈매,2929,2503,5432
2022-01-06,경춘선,강촌,290,265,555
2022-01-06,경춘선,굴봉산,123,142,265
2022-01-06,경춘선,금곡,1427,1320,2747
2022-01-06,경춘선,김유정,275,285,560
2022-01-06,경춘선,남춘천,2006,1994,4000
2022-01-06,경춘선,대성리,401,352,753
2022-01-06,경춘선,마석,3495,3390,6885
2022-01-06,경춘선,백양리,256,271,527
2022-01-06,경춘선,별내,3227,3066,6293
2022-01-06,경춘선,사릉,3016,2944,5960
2022-01-06,경춘선,상천,201,182,383
2022-01-06,경춘선,신내,1889,1761,3650
2022-01-06,경춘선,천마산,1560,1426,2986
2022-01-06,경춘선,청평,1389,1354,2743
2022-01-06,경춘선,춘천,1004,899,1903
2022-01-06,경춘선,퇴계원,3476,3266,6742
2022-01-06,경춘선,평내호평,5718,5677,11395
2022-01-06,공항철도,검암,6516,6358,12874
2022-01-06,공항철도,계양,9951,9342,19293
2022-01-06,공항철도,공덕,2204,2866,5070
2022-01-06,공항철도,공항화물청사,2295,2481,4776
2022-01-06,공항철도,김포공항,10909,6561,17470
2022-01-06,공항철도,디지털미디어시티,14124,12741,26865
2022-01-06,공항철도,마곡나루,8573,8180,16753
2022-01-06,공항철도,서울역,6785,6376,13161
2022-01-06,공항철도,영종,2782,2848,5630
2022-01-06,공항철도,운서,6376,6410,12786
2022-01-06,공항철도,인천공항1터미널,3660,3729,7389
2022-01-06,공항철도,인천공항2터미널,2291,2187,4478
2022-01-06,공항철도,청라국제도시,6759,6225,12984
2022-01-06,공항철도,홍대입구,9087,9319,18406
2022-01-06,과천선,경마공원,1347,1364,2711
2022-01-06,과천선,과천,5880,5433,11313
2022-01-06,과천선,대공원,2486,2575,5061
2022-01-06,과천선,범계,25665,25482,51147
2022-01-06,과천선,선바위,8118,7091,15209
2022-01-06,과천선,인덕원,23845,24638,48483
2022-01-06,과천선,정부과천청사,10440,10268,20708
2022-01-06,과천선,평촌,17913,17649,35562
2022-01-06,분당선,가천대,6391,7253,13644
2022-01-06,분당선,강남구청,10272,11497,21769
2022-01-06,분당선,개포동,3636,3921,7557
2022-01-06,분당선,구룡,1960,1940,3900
2022-01-06,분당선,구성,4991,5240,10231
2022-01-06,분당선,기흥,9376,8946,18322
2022-01-06,분당선,대모산입구,4286,3999,8285
2022-01-06,분당선,도곡,6696,6675,13371
2022-01-06,분당선,망포,14292,13643,27935
2022-01-06,분당선,매교,2661,2720,5381
2022-01-06,분당선,매탄권선,4855,4759,9614
2022-01-06,분당선,모란,19063,19423,38486
2022-01-06,분당선,미금,15385,16102,31487
2022-01-06,분당선,보정,2478,2170,4648
2022-01-06,분당선,상갈,5303,5057,10360
2022-01-06,분당선,서울숲,10360,10434,20794
2022-01-06,분당선,서현,24841,25430,50271
2022-01-06,분당선,선릉,14080,20884,34964
2022-01-06,분당선,선정릉,8162,8758,16920
2022-01-06,분당선,수내,13492,13666,27158
2022-01-06,분당선,수서,12958,13277,26235
2022-01-06,분당선,수원,7641,6450,14091
2022-01-06,분당선,수원시청,12361,12997,25358
2022-01-06,분당선,신갈,4556,4485,9041
2022-01-06,분당선,압구정로데오,19114,20667,39781
2022-01-06,분당선,야탑,25437,26500,51937
2022-01-06,분당선,영통,8236,8029,16265
2022-01-06,분당선,오리,11980,9701,21681
2022-01-06,분당선,이매,5692,5257,10949
2022-01-06,분당선,정자,17669,18566,36235
2022-01-06,분당선,죽전,12912,14103,27015
2022-01-06,분당선,청명,4170,4114,8284
2022-01-06,분당선,태평,13175,12840,26015
2022-01-06,분당선,한티,14787,15797,30584
2022-01-06,수인선,고색,4398,4177,8575
2022-01-06,수인선,남동인더스파크,2309,2574,4883
2022-01-06,수인선,달월,91,55,146
2022-01-06,수인선,사리,4302,3792,8094
2022-01-06,수인선,소래포구,4661,4393,9054
2022-01-06,수인선,송도,2347,2209,4556
2022-01-06,수인선,숭의,3917,3718,7635
2022-01-06,수인선,신포,1619,1652,3271
2022-01-06,수인선,야목,293,234,527
2022-01-06,수인선,어천,651,601,1252
2022-01-06,수인선,연수,4206,4031,8237
2022-01-06,수인선,오목천,2824,2572,5396
2022-01-06,수인선,원인재,4104,4253,8357
2022-01-06,수인선,월곶,2571,2324,4895
2022-01-06,수인선,인천,1007,1642,2649
2022-01-06,수인선,인천논현,5314,5589,10903
2022-01-06,수인선,인하대,5306,5056,10362
2022-01-06,수인선,호구포,3925,3937,7862
2022-01-06,안산선,고잔,8398,8081,16479
2022-01-06,안산선,대야미,4756,4350,9106
2022-01-06,안산선,반월,4035,3983,8018
2022-01-06,안산선,산본,15336,16372,31708
2022-01-06,안산선,상록수,14938,15331,30269
2022-01-06,안산선,수리산,4018,3255,7273
2022-01-06,안산선,신길온천,1586,1499,3085
2022-01-06,안산선,안산,11067,9968,21035
2022-01-06,안산선,오이도,7704,7498,15202
2022-01-06,안산선,정왕,7090,7373,14463
2022-01-06,안산선,중앙,17036,17452,34488
2022-01-06,안산선,초지,4321,4410,8731
2022-01-06,안산선,한대앞,8293,8448,16741
2022-01-06,우이신설선,4.19민주묘지,2623,2531,5154
2022-01-06,우이신설선,가오리,3905,3964,7869
2022-01-06,우이신설선,보문,1420,1428,2848
2022-01-06,우이신설선,북한산보국문,5683,5511,11194
2022-01-06,우이신설선,북한산우이,2455,2219,4674
2022-01-06,우이신설선,삼양,1926,2106,4032
2022-01-06,우이신설선,삼양사거리,2362,2375,4737
2022-01-06,우이신설선,성신여대입구,3111,3413,6524
2022-01-06,우이신설선,솔밭공원,2451,2301,4752
2022-01-06,우이신설선,솔샘,5708,5384,11092
2022-01-06,우이신설선,신설동,2091,1971,4062
2022-01-06,우이신설선,정릉,4483,4147,8630
2022-01-06,우이신설선,화계,3276,3054,6330
2022-01-06,일산선,대곡,1924,1475,3399
2022-01-06,일산선,대화,12115,9605,21720
2022-01-06,일산선,마두,7146,7415,14561
2022-01-06,일산선,백석,9584,9726,19310
2022-01-06,일산선,삼송,18768,18413,37181
2022-01-06,일산선,원당,10690,10212,20902
2022-01-06,일산선,원흥,10399,9947,20346
2022-01-06,일산선,정발산,7026,6960,13986
2022-01-06,일산선,주엽,8528,8653,17181
2022-01-06,일산선,화정,16317,16651,32968
2022-01-06,장항선,배방,857,824,1681
2022-01-06,장항선,봉명,1087,1082,2169
2022-01-06,장항선,신창,803,829,1632
2022-01-06,장항선,쌍용,1646,1608,3254
2022-01-06,장항선,아산,2400,2087,4487
2022-01-06,장항선,온양온천,3021,3051,6072
2022-01-06,장항선,탕정,367,325,692
2022-01-06,중앙선,구리,13118,13395,26513
2022-01-06,중앙선,국수,593,574,1167
2022-01-06,중앙선,덕소,5353,5266,10619
2022-01-06,중앙선,도농,10167,9357,19524
2022-01-06,중앙선,도심,2321,1836,4157
2022-01-06,중앙선,망우,7436,7283,14719
2022-01-06,중앙선,상봉,5512,5571,11083
2022-01-06,중앙선,신원,163,165,328
2022-01-06,중앙선,아신,468,413,881
2022-01-06,중앙선,양수,1567,1608,3175
2022-01-06,중앙선,양원,1959,1905,3864
2022-01-06,중앙선,양정,709,606,1315
2022-01-06,중앙선,양평,2314,2356,4670
2022-01-06,중앙선,오빈,272,273,545
2022-01-06,중앙선,용문,1438,1465,2903
2022-01-06,중앙선,운길산,626,564,1190
2022-01-06,중앙선,원덕,282,287,569
2022-01-06,중앙선,중랑,5420,5181,10601
2022-01-06,중앙선,지평,73,80,153
2022-01-06,중앙선,팔당,797,797,1594
2022-01-06,중앙선,회기,22548,21977,44525
2022-01-07,1호선,동대문,10577,9613,20190
2022-01-07,1호선,동묘앞,7400,7679,15079
2022-01-07,1호선,서울역,43576,42324,85900
2022-01-07,1호선,시청,21016,21220,42236
2022-01-07,1호선,신설동,13673,13125,26798
2022-01-07,1호선,제기동,17405,17836,35241
2022-01-07,1호선,종각,34088,33298,67386
2022-01-07,1호선,종로3가,25665,23798,49463
2022-01-07,1호선,종로5가,22208,22010,44218
2022-01-07,1호선,청량리,19858,19994,39852
2022-01-07,2호선,강남,90564,89305,179869
2022-01-07,2호선,강변,30382,29500,59882
2022-01-07,2호선,건대입구,35800,38542,74342
2022-01-07,2호선,교대,33746,37815,71561
2022-01-07,2호선,구로디지털단지,60359,60335,120694
2022-01-07,2호선,구의,23939,23552,47491
2022-01-07,2호선,낙성대,27262,25906,53168
2022-01-07,2호선,당산,18231,21128,39359
2022-01-07,2호선,대림,23470,23930,47400
2022-01-07,2호선,도림천,1402,1436,2838
2022-01-07,2호선,동대문역사문화공원,11715,13114,24829
2022-01-07,2호선,뚝섬,22117,23461,45578
2022-01-07,2호선,문래,21239,21538,42777
2022-01-07,2호선,방배,16036,16883,32919
2022-01-07,2호선,봉천,23682,21644,45326
2022-01-07,2호선,사당,36489,39801,76290
2022-01-07,2호선,삼성,52489,51923,104412
2022-01-07,2호선,상왕십리,14213,13699,27912
2022-01-07,2호선,서울대입구,47992,46891,94883
2022-01-07,2호선,서초,20789,19949,40738
2022-01-07,2호선,선릉,57994,51049,109043
2022-01-07,2호선,성수,37819,40772,78591
2022-01-07,2호선,시청,22937,22052,44989
2022-01-07,2호선,신답,1687,1876,3563
2022-01-07,2호선,신당,13587,14258,27845
2022-01-07,2호선,신대방,26247,25659,51906
2022-01-07,2호선,신도림,47620,47339,94959
2022-01-07,2호선,신림,62877,61917,124794
2022-01-07,2호선,신설동,3522,3708,7230
2022-01-07,2호선,신정네거리,10327,10859,21186
2022-01-07,2호선,신촌,32789,33582,66371
2022-01-07,2호선,아현,9899,9562,19461
2022-01-07,2호선,양천구청,6775,7161,13936
2022-01-07,2호선,역삼,52991,58173,111164
2022-01-07,2호선,영등포구청,22864,23363,46227
2022-01-07,2호선,왕십리,15674,13798,29472
2022-01-07,2호선,용답,2621,2577,5198
2022-01-07,2호선,용두,2419,2510,4929
2022-01-07,2호선,을지로3가,21978,21980,43958
2022-01-07,2호선,을지로4가,13069,13020,26089
2022-01-07,2호선,을지로입구,39302,39862,79164
2022-01-07,2호선,이대,12498,13094,25592
2022-01-07,2호선,잠실,69885,69051,138936
2022-01-07,2호선,잠실나루,14385,13647,28032
2022-01-07,2호선,잠실새내,21514,21877,43391
2022-01-07,2호선,종합운동장,7366,7834,15200
2022-01-07,2호선,충정로,9560,10091,19651
2022-01-07,2호선,한양대,6739,6869,13608
2022-01-07,2호선,합정,31769,33136,64905
2022-01-07,2호선,홍대입구,57310,59625,116935
2022-01-07,3호선,가락시장,9387,9096,18483
2022-01-07,3호선,경복궁,19074,18615,37689
2022-01-07,3호선,경찰병원,7511,7470,14981
2022-01-07,3호선,고속터미널,42206,43483,85689
2022-01-07,3호선,교대,14159,9179,23338
2022-01-07,3호선,구파발,20015,18906,38921
2022-01-07,3호선,금호,8099,7577,15676
2022-01-07,3호선,남부터미널,30652,30817,61469
2022-01-07,3호선,녹번,15367,13920,29287
2022-01-07,3호선,대청,9847,9111,18958
2022-01-07,3호선,대치,11811,11788,23599
2022-01-07,3호선,도곡,5371,5450,10821
2022-01-07,3호선,독립문,6565,6651,13216
2022-01-07,3호선,동대입구,7153,7479,14632
2022-01-07,3호선,매봉,12896,12260,25156
2022-01-07,3호선,무악재,3857,3843,7700
2022-01-07,3호선,불광,15761,17028,32789
2022-01-07,3호선,수서,17979,18097,36076
2022-01-07,3호선,신사,33826,35149,68975
2022-01-07,3호선,안국,18847,19380,38227
2022-01-07,3호선,압구정,35125,37298,72423
2022-01-07,3호선,약수,12965,12444,25409
2022-01-07,3호선,양재,40154,42237,82391
2022-01-07,3호선,연신내,36026,34196,70222
2022-01-07,3호선,오금,6263,5581,11844
2022-01-07,3호선,옥수,9009,9302,18311
2022-01-07,3호선,을지로3가,10482,10954,21436
2022-01-07,3호선,일원,9887,9397,19284
2022-01-07,3호선,잠원,4698,4566,9264
2022-01-07,3호선,종로3가,10296,11907,22203
2022-01-07,3호선,지축,4360,4197,8557
2022-01-07,3호선,충무로,1,0,1
2022-01-07,3호선,학여울,1757,1768,3525
2022-01-07,3호선,홍제,16792,16055,32847
2022-01-07,4호선,길음,19750,19316,39066
2022-01-07,4호선,남태령,1205,1022,2227
2022-01-07,4호선,노원,18691,21382,40073
2022-01-07,4호선,당고개,12535,11456,23991
2022-01-07,4호선,동대문,19038,19595,38633
2022-01-07,4호선,동대문역사문화공원,14537,13498,28035
2022-01-07,4호선,동작,1340,1514,2854
2022-01-07,4호선,명동,18013,18848,36861
2022-01-07,4호선,미아,14217,13867,28084
2022-01-07,4호선,미아사거리,27010,26344,53354
2022-01-07,4호선,사당,25145,20410,45555
2022-01-07,4호선,삼각지,5038,5553,10591
2022-01-07,4호선,상계,18641,17387,36028
2022-01-07,4호선,서울역,10652,16669,27321
2022-01-07,4호선,성신여대입구,19469,18995,38464
2022-01-07,4호선,수유,33541,33993,67534
2022-01-07,4호선,숙대입구,12255,12066,24321
2022-01-07,4호선,신용산,16603,17333,33936
2022-01-07,4호선,쌍문,28939,26844,55783
2022-01-07,4호선,이촌,7375,8077,15452
2022-01-07,4호선,창동,25424,26896,52320
2022-01-07,4호선,총신대입구,18947,20435,39382
2022-01-07,4호선,충무로,24993,26020,51013
2022-01-07,4호선,한성대입구,12811,12299,25110
2022-01-07,4호선,혜화,31292,31128,62420
2022-01-07,4호선,회현,23983,25829,49812
2022-01-07,5호선,강동,18580,17648,36228
2022-01-07,5호선,강일,3874,3794,7668
2022-01-07,5호선,개롱,6238,6597,12835
2022-01-07,5호선,개화산,5460,5205,10665
2022-01-07,5호선,거여,9110,8594,17704
2022-01-07,5호선,고덕,9379,9420,18799
2022-01-07,5호선,공덕,13754,14626,28380
2022-01-07,5호선,광나루,13079,11671,24750
2022-01-07,5호선,광화문,29356,30589,59945
2022-01-07,5호선,군자,11352,12631,23983
2022-01-07,5호선,굽은다리,9497,9138,18635
2022-01-07,5호선,길동,8189,8777,16966
2022-01-07,5호선,김포공항,7886,7411,15297
2022-01-07,5호선,까치산,28544,27687,56231
2022-01-07,5호선,답십리,16230,14955,31185
2022-01-07,5호선,동대문역사문화공원,2875,3484,6359
2022-01-07,5호선,둔촌동,8932,8932,17864
2022-01-07,5호선,마곡,10760,10574,21334
2022-01-07,5호선,마장,5618,5233,10851
2022-01-07,5호선,마천,6736,6546,13282
2022-01-07,5호선,마포,14339,14789,29128
2022-01-07,5호선,명일,8614,8841,17455
2022-01-07,5호선,목동,16769,18063,34832
2022-01-07,5호선,미사,16096,16153,32249
2022-01-07,5호선,발산,19556,20249,39805
2022-01-07,5호선,방이,7374,7567,14941
2022-01-07,5호선,방화,6539,6365,12904
2022-01-07,5호선,상일동,15570,14123,29693
2022-01-07,5호선,서대문,18147,18423,36570
2022-01-07,5호선,송정,6428,6139,12567
2022-01-07,5호선,신금호,6182,6271,12453
2022-01-07,5호선,신길,4102,4309,8411
2022-01-07,5호선,신정,13800,11287,25087
2022-01-07,5호선,아차산,14321,14166,28487
2022-01-07,5호선,애오개,6725,6679,13404
2022-01-07,5호선,양평,7626,7585,15211
2022-01-07,5호선,여의나루,8750,9500,18250
2022-01-07,5호선,여의도,28567,29802,58369
2022-01-07,5호선,영등포구청,3795,4018,7813
2022-01-07,5호선,영등포시장,10284,10655,20939
2022-01-07,5호선,오금,3689,3623,7312
2022-01-07,5호선,오목교,22282,24107,46389
2022-01-07,5호선,올림픽공원,4197,3718,7915
2022-01-07,5호선,왕십리,4731,5316,10047
2022-01-07,5호선,우장산,14253,14086,28339
2022-01-07,5호선,을지로4가,6147,6349,12496
2022-01-07,5호선,장한평,18676,18561,37237
2022-01-07,5호선,종로3가,12607,12744,25351
2022-01-07,5호선,천호,18862,18721,37583
2022-01-07,5호선,청구,3832,3671,7503
2022-01-07,5호선,충정로,4635,4688,9323
2022-01-07,5호선,하남검단산,5567,5375,10942
2022-01-07,5호선,하남시청,6284,6225,12509
2022-01-07,5호선,하남풍산,4327,4334,8661
2022-01-07,5호선,행당,7999,7161,15160
2022-01-07,5호선,화곡,28093,26405,54498
2022-01-07,6호선,고려대,7476,7256,14732
2022-01-07,6호선,공덕,18272,17640,35912
2022-01-07,6호선,광흥창,8955,8652,17607
2022-01-07,6호선,구산,7535,5675,13210
2022-01-07,6호선,녹사평,4634,4670,9304
2022-01-07,6호선,대흥,7522,7885,15407
2022-01-07,6호선,독바위,2663,2724,5387
2022-01-07,6호선,돌곶이,9202,8524,17726
2022-01-07,6호선,동묘앞,7516,7658,15174
2022-01-07,6호선,디지털미디어시티,13359,14693,28052
2022-01-07,6호선,마포구청,13907,12873,26780
2022-01-07,6호선,망원,14046,15362,29408
2022-01-07,6호선,버티고개,1948,1976,3924
2022-01-07,6호선,보문,7070,6554,13624
2022-01-07,6호선,봉화산,8635,8185,16820
2022-01-07,6호선,불광,4150,4015,8165
2022-01-07,6호선,삼각지,6423,5582,12005
2022-01-07,6호선,상수,9978,10849,20827
2022-01-07,6호선,상월곡,6103,5386,11489
2022-01-07,6호선,새절,12479,11715,24194
2022-01-07,6호선,석계,12016,12433,24449
2022-01-07,6호선,신당,8636,8819,17455
2022-01-07,6호선,안암,9716,9553,19269
2022-01-07,6호선,약수,3483,3513,6996
2022-01-07,6호선,역촌,3794,4445,8239
2022-01-07,6호선,월곡,11208,11179,22387
2022-01-07,6호선,월드컵경기장,3764,3882,7646
2022-01-07,6호선,응암,17375,17305,34680
2022-01-07,6호선,이태원,9853,10342,20195
2022-01-07,6호선,증산,10051,9912,19963
2022-01-07,6호선,창신,3439,2731,6170
2022-01-07,6호선,청구,3687,3812,7499
2022-01-07,6호선,태릉입구,5260,5850,11110
2022-01-07,6호선,한강진,9020,10025,19045
2022-01-07,6호선,합정,13134,12764,25898
2022-01-07,6호선,화랑대,11391,8902,20293
2022-01-07,6호선,효창공원앞,6773,6282,13055
2022-01-07,7호선,가산디지털단지,46641,46210,92851
2022-01-07,7호선,강남구청,17110,18532,35642
2022-01-07,7호선,건대입구,12332,12968,25300
2022-01-07,7호선,고속터미널,16470,13718,30188
2022-01-07,7호선,공릉,12077,11989,24066
2022-01-07,7호선,광명사거리,22469,22264,44733
2022-01-07,7호선,군자,15317,12223,27540
2022-01-07,7호선,남구로,15801,16574,32375
2022-01-07,7호선,남성,11006,10247,21253
2022-01-07,7호선,내방,14932,15087,30019
2022-01-07,7호선,노원,20069,20987,41056
2022-01-07,7호선,논현,21321,23077,44398
2022-01-07,7호선,대림,7723,7847,15570
2022-01-07,7호선,도봉산,8926,10171,19097
2022-01-07,7호선,뚝섬유원지,7283,7031,14314
2022-01-07,7호선,마들,12536,12068,24604
2022-01-07,7호선,먹골,10137,9996,20133
2022-01-07,7호선,면목,15440,15105,30545
2022-01-07,7호선,반포,5884,5515,11399
2022-01-07,7호선,보라매,9830,9640,19470
2022-01-07,7호선,부평구청,1,0,1
2022-01-07,7호선,사가정,16071,16029,32100
2022-01-07,7호선,상도,10812,10283,21095
2022-01-07,7호선,상동,1,0,1
2022-01-07,7호선,상봉,17085,16462,33547
2022-01-07,7호선,수락산,12426,12114,24540
2022-01-07,7호선,숭실대입구,14589,14558,29147
2022-01-07,7호선,신대방삼거리,16484,15877,32361
2022-01-07,7호선,신풍,11373,10803,22176
2022-01-07,7호선,어린이대공원,12076,11927,24003
2022-01-07,7호선,온수,9984,9372,19356
2022-01-07,7호선,용마산,5902,5706,11608
2022-01-07,7호선,이수,16057,15536,31593
2022-01-07,7호선,장승배기,9129,8943,18072
2022-01-07,7호선,장암,2194,891,3085
2022-01-07,7호선,중계,13749,12405,26154
2022-01-07,7호선,중곡,10672,10165,20837
2022-01-07,7호선,중화,10774,10514,21288
2022-01-07,7호선,천왕,11381,10767,22148
2022-01-07,7호선,철산,21531,22120,43651
2022-01-07,7호선,청담,19206,21645,40851
2022-01-07,7호선,태릉입구,8421,7862,16283
2022-01-07,7호선,하계,17383,16442,33825
2022-01-07,7호선,학동,24918,26363,51281
2022-01-07,8호선,가락시장,8036,8904,16940
2022-01-07,8호선,강동구청,10647,11039,21686
2022-01-07,8호선,남위례,3566,3915,7481
2022-01-07,8호선,남한산성입구,13392,12099,25491
2022-01-07,8호선,단대오거리,10505,10128,20633
2022-01-07,8호선,모란,4411,3459,7870
2022-01-07,8호선,몽촌토성,6124,6322,12446
2022-01-07,8호선,문정,22643,23727,46370
2022-01-07,8호선,복정,9676,8109,17785
2022-01-07,8호선,산성,5297,5246,10543
2022-01-07,8호선,석촌,7950,9347,17297
2022-01-07,8호선,송파,7473,7610,15083
2022-01-07,8호선,수진,5335,4867,10202
2022-01-07,8호선,신흥,4251,4569,8820
2022-01-07,8호선,암사,18966,16923,35889
2022-01-07,8호선,잠실,14795,17253,32048
2022-01-07,8호선,장지,17245,16739,33984
2022-01-07,8호선,천호,15065,17735,32800
2022-01-07,9호선,가양,20176,19643,39819
2022-01-07,9호선,개화,2476,1733,4209
2022-01-07,9호선,고속터미널,12236,16914,29150
2022-01-07,9호선,공항시장,2885,3119,6004
2022-01-07,9호선,구반포,1477,1594,3071
2022-01-07,9호선,국회의사당,16418,16640,33058
2022-01-07,9호선,김포공항,7700,12232,19932
2022-01-07,9호선,노들,4373,3799,8172
2022-01-07,9호선,노량진,26431,25588,52019
2022-01-07,9호선,당산,18382,18374,36756
2022-01-07,9호선,동작,1840,1415,3255
2022-01-07,9호선,등촌,11432,11240,22672
2022-01-07,9호선,마곡나루,11979,11743,23722
2022-01-07,9호선,사평,3688,3493,7181
2022-01-07,9호선,샛강,5874,6175,12049
2022-01-07,9호선,선유도,8679,8413,17092
2022-01-07,9호선,신논현,34483,34252,68735
2022-01-07,9호선,신목동,3976,3459,7435
2022-01-07,9호선,신반포,3259,3208,6467
2022-01-07,9호선,신방화,6708,6420,13128
2022-01-07,9호선,양천향교,9533,9625,19158
2022-01-07,9호선,여의도,28284,26378,54662
2022-01-07,9호선,염창,17239,16574,33813
2022-01-07,9호선,증미,7599,7460,15059
2022-01-07,9호선,흑석,7859,8095,15954
2022-01-07,9호선2~3단계,둔촌오륜,983,948,1931
2022-01-07,9호선2~3단계,봉은사,15883,16165,32048
2022-01-07,9호선2~3단계,삼성중앙,6898,7068,13966
2022-01-07,9호선2~3단계,삼전,7011,6733,13744
2022-01-07,9호선2~3단계,석촌,8661,7679,16340
2022-01-07,9호선2~3단계,석촌고분,6271,6158,12429
2022-01-07,9호선2~3단계,선정릉,9807,10531,20338
2022-01-07,9호선2~3단계,송파나루,5307,5693,11000
2022-01-07,9호선2~3단계,언주,11225,11121,22346
2022-01-07,9호선2~3단계,올림픽공원,7328,7161,14489
2022-01-07,9호선2~3단계,종합운동장,4314,4356,8670
2022-01-07,9호선2~3단계,중앙보훈병원,10525,9338,19863
2022-01-07,9호선2~3단계,한성백제,2520,2330,4850
2022-01-07,경강선,경기광주,7635,7357,14992
2022-01-07,경강선,곤지암,2290,2106,4396
2022-01-07,경강선,부발,2803,1962,4765
2022-01-07,경강선,삼동,2377,2180,4557
2022-01-07,경강선,세종대왕릉,300,272,572
2022-01-07,경강선,신둔도예촌,1413,1301,2714
2022-01-07,경강선,여주,2045,2130,4175
2022-01-07,경강선,이매,1080,965,2045
2022-01-07,경강선,이천,2769,2787,5556
2022-01-07,경강선,초월,3120,2978,6098
2022-01-07,경강선,판교,4904,4781,9685
2022-01-07,경부선,가산디지털단지,18345,20984,39329
2022-01-07,경부선,관악,7169,6703,13872
2022-01-07,경부선,광명,3437,3154,6591
2022-01-07,경부선,구로,18325,18845,37170
2022-01-07,경부선,군포,7746,7547,15293
2022-01-07,경부선,금정,26653,26911,53564
2022-01-07,경부선,금천구청,11596,11723,23319
2022-01-07,경부선,남영,8675,9024,17699
2022-01-07,경부선,노량진,8442,8474,16916
2022-01-07,경부선,당정,6047,5777,11824
2022-01-07,경부선,대방,12794,13074,25868
2022-01-07,경부선,독산,18602,19343,37945
2022-01-07,경부선,두정,5174,5047,10221
2022-01-07,경부선,명학,8708,8518,17226
2022-01-07,경부선,병점,14537,14360,28897
2022-01-07,경부선,서동탄,1414,1280,2694
2022-01-07,경부선,서울역,6925,2329,9254
2022-01-07,경부선,서정리,7521,6091,13612
2022-01-07,경부선,석수,9650,8573,18223
2022-01-07,경부선,성균관대,13621,13494,27115
2022-01-07,경부선,성환,3097,2842,5939
2022-01-07,경부선,세류,2915,2799,5714
2022-01-07,경부선,세마,2938,2593,5531
2022-01-07,경부선,송탄,4383,3989,8372
2022-01-07,경부선,수원,34001,36701,70702
2022-01-07,경부선,신길,8770,7238,16008
2022-01-07,경부선,신도림,4035,3969,8004
2022-01-07,경부선,안양,20728,21003,41731
2022-01-07,경부선,영등포,38898,40217,79115
2022-01-07,경부선,오산,9988,9621,19609
2022-01-07,경부선,오산대,3292,3024,6316
2022-01-07,경부선,용산,34843,35562,70405
2022-01-07,경부선,의왕,9007,9007,18014
2022-01-07,경부선,직산,806,764,1570
2022-01-07,경부선,진위,1792,1476,3268
2022-01-07,경부선,천안,4780,5115,9895
2022-01-07,경부선,평택,11502,11193,22695
2022-01-07,경부선,평택지제,3732,3423,7155
2022-01-07,경부선,화서,7535,7391,14926
2022-01-07,경원선,가능,6355,6175,12530
2022-01-07,경원선,광운대,7310,7142,14452
2022-01-07,경원선,녹양,4428,4210,8638
2022-01-07,경원선,녹천,4440,3709,8149
2022-01-07,경원선,덕계,3009,2725,5734
2022-01-07,경원선,덕정,5239,4930,10169
2022-01-07,경원선,도봉,5857,5544,11401
2022-01-07,경원선,도봉산,7079,4555,11634
2022-01-07,경원선,동두천,1968,2207,4175
2022-01-07,경원선,동두천중앙,2933,2932,5865
2022-01-07,경원선,망월사,6889,7211,14100
2022-01-07,경원선,방학,9417,9247,18664
2022-01-07,경원선,보산,1287,1237,2524
2022-01-07,경원선,서빙고,1949,1823,3772
2022-01-07,경원선,석계,7936,8853,16789
2022-01-07,경원선,소요산,2499,2126,4625
2022-01-07,경원선,신이문,8309,7710,16019
2022-01-07,경원선,양주,7354,6949,14303
2022-01-07,경원선,옥수,50,29,79
2022-01-07,경원선,왕십리,13953,15616,29569
2022-01-07,경원선,외대앞,7034,7052,14086
2022-01-07,경원선,월계,6197,5769,11966
2022-01-07,경원선,응봉,1816,1518,3334
2022-01-07,경원선,의정부,18233,19090,37323
2022-01-07,경원선,이촌,3576,2809,6385
2022-01-07,경원선,지행,6372,6220,12592
2022-01-07,경원선,청량리,15902,16510,32412
2022-01-07,경원선,한남,4082,3803,7885
2022-01-07,경원선,회룡,12173,12080,24253
2022-01-07,경의선,가좌,5207,5133,10340
2022-01-07,경의선,강매,3115,2658,5773
2022-01-07,경의선,곡산,575,582,1157
2022-01-07,경의선,공덕,3510,3154,6664
2022-01-07,경의선,금릉,4637,4531,9168
2022-01-07,경의선,금촌,6442,6256,12698
2022-01-07,경의선,능곡,3706,3426,7132
2022-01-07,경의선,디지털미디어시티,2462,2294,4756
2022-01-07,경의선,문산,5092,4800,9892
2022-01-07,경의선,백마,6743,6550,13293
2022-01-07,경의선,서강대,2058,2035,4093
2022-01-07,경의선,서울역,4068,5197,9265
2022-01-07,경의선,수색,2721,2750,5471
2022-01-07,경의선,신촌,769,972,1741
2022-01-07,경의선,야당,7210,7085,14295
2022-01-07,경의선,운정,6736,6404,13140
2022-01-07,경의선,월롱,2594,2009,4603
2022-01-07,경의선,일산,9087,9020,18107
2022-01-07,경의선,임진강,9,5,14
2022-01-07,경의선,탄현,7605,7301,14906
2022-01-07,경의선,파주,992,687,1679
2022-01-07,경의선,풍산,5359,5055,10414
2022-01-07,경의선,행신,7793,8033,15826
2022-01-07,경의선,홍대입구,1740,2101,3841
2022-01-07,경의선,화전,1511,1380,2891
2022-01-07,경의선,효창공원앞,2821,3280,6101
2022-01-07,경인선,간석,5726,5324,11050
2022-01-07,경인선,개봉,20885,20914,41799
2022-01-07,경인선,구일,5938,5950,11888
2022-01-07,경인선,도원,2721,2801,5522
2022-01-07,경인선,도화,4009,3759,7768
2022-01-07,경인선,동암,14313,14668,28981
2022-01-07,경인선,동인천,13527,12799,26326
2022-01-07,경인선,백운,6546,6429,12975
2022-01-07,경인선,부개,8263,7304,15567
2022-01-07,경인선,부천,32125,33030,65155
2022-01-07,경인선,부평,29570,31917,61487
2022-01-07,경인선,소사,8035,7943,15978
2022-01-07,경인선,송내,25897,25936,51833
2022-01-07,경인선,역곡,26619,26635,53254
2022-01-07,경인선,오류동,11600,10831,22431
2022-01-07,경인선,온수,6256,6123,12379
2022-01-07,경인선,인천,3391,2629,6020
2022-01-07,경인선,제물포,10079,9647,19726
2022-01-07,경인선,주안,18212,16624,34836
2022-01-07,경인선,중동,9153,8561,17714
2022-01-07,경춘선,가평,1508,1538,3046
2022-01-07,경춘선,갈매,3012,2601,5613
2022-01-07,경춘선,강촌,300,311,611
2022-01-07,경춘선,굴봉산,96,119,215
2022-01-07,경춘선,금곡,1405,1356,2761
2022-01-07,경춘선,김유정,240,264,504
2022-01-07,경춘선,남춘천,2858,2938,5796
2022-01-07,경춘선,대성리,436,410,846
2022-01-07,경춘선,마석,3710,3615,7325
2022-01-07,경춘선,백양리,257,233,490
2022-01-07,경춘선,별내,3403,3215,6618
2022-01-07,경춘선,사릉,3134,2979,6113
2022-01-07,경춘선,상천,201,190,391
2022-01-07,경춘선,신내,1998,1886,3884
2022-01-07,경춘선,천마산,1594,1513,3107
2022-01-07,경춘선,청평,1577,1624,3201
2022-01-07,경춘선,춘천,1177,1090,2267
2022-01-07,경춘선,퇴계원,3467,3242,6709
2022-01-07,경춘선,평내호평,5974,5906,11880
2022-01-07,공항철도,검암,6577,6487,13064
2022-01-07,공항철도,계양,10059,9177,19236
2022-01-07,공항철도,공덕,2265,2913,5178
2022-01-07,공항철도,공항화물청사,2269,2399,4668
2022-01-07,공항철도,김포공항,13409,7120,20529
2022-01-07,공항철도,디지털미디어시티,13673,12252,25925
2022-01-07,공항철도,마곡나루,8398,7744,16142
2022-01-07,공항철도,서울역,8082,7816,15898
2022-01-07,공항철도,영종,2944,3016,5960
2022-01-07,공항철도,운서,6445,6355,12800
2022-01-07,공항철도,인천공항1터미널,3825,4093,7918
2022-01-07,공항철도,인천공항2터미널,2280,2094,4374
2022-01-07,공항철도,청라국제도시,6717,6424,13141
2022-01-07,공항철도,홍대입구,10075,10175,20250
2022-01-07,과천선,경마공원,5171,5226,10397
2022-01-07,과천선,과천,6070,5655,11725
2022-01-07,과천선,대공원,2460,2557,5017
2022-01-07,과천선,범계,26564,26256,52820
2022-01-07,과천선,선바위,8304,7213,15517
2022-01-07,과천선,인덕원,24137,25378,49515
2022-01-07,과천선,정부과천청사,10779,10657,21436
2022-01-07,과천선,평촌,17793,17558,35351
2022-01-07,분당선,가천대,6633,7363,13996
2022-01-07,분당선,강남구청,10472,11950,22422
2022-01-07,분당선,개포동,3788,3990,7778
2022-01-07,분당선,구룡,2128,1979,4107
2022-01-07,분당선,구성,5072,5412,10484
2022-01-07,분당선,기흥,9569,9221,18790
2022-01-07,분당선,대모산입구,4352,4089,8441
2022-01-07,분당선,도곡,6886,6821,13707
2022-01-07,분당선,망포,15029,13985,29014
2022-01-07,분당선,매교,2831,2931,5762
2022-01-07,분당선,매탄권선,5129,5032,10161
2022-01-07,분당선,모란,20309,20338,40647
2022-01-07,분당선,미금,15699,16712,32411
2022-01-07,분당선,보정,2393,2112,4505
2022-01-07,분당선,복정,1,0,1
2022-01-07,분당선,상갈,5494,5195,10689
2022-01-07,분당선,서울숲,10431,10766,21197
2022-01-07,분당선,서현,26625,27025,53650
2022-01-07,분당선,선릉,13922,20862,34784
2022-01-07,분당선,선정릉,8264,8633,16897
2022-01-07,분당선,수내,13959,14019,27978
2022-01-07,분당선,수서,14082,15041,29123
2022-01-07,분당선,수원,8378,7221,15599
2022-01-07,분당선,수원시청,13219,14515,27734
2022-01-07,분당선,신갈,4543,4487,9030
2022-01-07,분당선,압구정로데오,21398,23174,44572
2022-01-07,분당선,야탑,26388,27288,53676
2022-01-07,분당선,영통,8683,8761,17444
2022-01-07,분당선,오리,12046,9876,21922
2022-01-07,분당선,이매,5616,5395,11011
2022-01-07,분당선,정자,17966,18907,36873
2022-01-07,분당선,죽전,13517,14562,28079
2022-01-07,분당선,청명,4413,4255,8668
2022-01-07,분당선,태평,13548,13166,26714
2022-01-07,분당선,한티,15475,16174,31649
2022-01-07,수인선,고색,4661,4242,8903
2022-01-07,수인선,남동인더스파크,2302,2562,4864
2022-01-07,수인선,달월,101,61,162
2022-01-07,수인선,사리,4338,3916,8254
2022-01-07,수인선,소래포구,4861,4623,9484
2022-01-07,수인선,송도,2430,2335,4765
2022-01-07,수인선,숭의,3987,3785,7772
2022-01-07,수인선,신포,1680,1711,3391
2022-01-07,수인선,야목,354,286,640
2022-01-07,수인선,어천,746,629,1375
2022-01-07,수인선,연수,4490,4522,9012
2022-01-07,수인선,오목천,2918,2550,5468
2022-01-07,수인선,원인재,4292,4551,8843
2022-01-07,수인선,월곶,2425,2319,4744
2022-01-07,수인선,인천,1012,1656,2668
2022-01-07,수인선,인천논현,5398,5756,11154
2022-01-07,수인선,인하대,5538,5249,10787
2022-01-07,수인선,호구포,3909,4066,7975
2022-01-07,안산선,고잔,8582,8127,16709
2022-01-07,안산선,대야미,5016,4377,9393
2022-01-07,안산선,반월,4245,4026,8271
2022-01-07,안산선,산본,15945,17339,33284
2022-01-07,안산선,상록수,15023,15693,30716
2022-01-07,안산선,수리산,4214,3327,7541
2022-01-07,안산선,신길온천,1691,1649,3340
2022-01-07,안산선,안산,11411,10307,21718
2022-01-07,안산선,오이도,8193,8059,16252
2022-01-07,안산선,정왕,7750,7890,15640
2022-01-07,안산선,중앙,17701,18687,36388
2022-01-07,안산선,초지,4350,4458,8808
2022-01-07,안산선,한대앞,8584,8832,17416
2022-01-07,우이신설선,4.19민주묘지,2733,2587,5320
2022-01-07,우이신설선,가오리,3976,3888,7864
2022-01-07,우이신설선,보문,1493,1482,2975
2022-01-07,우이신설선,북한산보국문,5849,5522,11371
2022-01-07,우이신설선,북한산우이,2437,2250,4687
2022-01-07,우이신설선,삼양,2006,2098,4104
2022-01-07,우이신설선,삼양사거리,2467,2495,4962
2022-01-07,우이신설선,성신여대입구,3179,3626,6805
2022-01-07,우이신설선,솔밭공원,2398,2272,4670
2022-01-07,우이신설선,솔샘,5845,5334,11179
2022-01-07,우이신설선,신설동,2053,2030,4083
2022-01-07,우이신설선,정릉,4572,4191,8763
2022-01-07,우이신설선,화계,3267,3075,6342
2022-01-07,일산선,대곡,1863,1516,3379
2022-01-07,일산선,대화,12236,9852,22088
2022-01-07,일산선,마두,7406,7577,14983
2022-01-07,일산선,백석,9816,9887,19703
2022-01-07,일산선,삼송,19188,18817,38005
2022-01-07,일산선,원당,10902,10308,21210
2022-01-07,일산선,원흥,10324,9883,20207
2022-01-07,일산선,정발산,7357,7530,14887
2022-01-07,일산선,주엽,8891,8808,17699
2022-01-07,일산선,화정,16509,17245,33754
2022-01-07,장항선,배방,965,893,1858
2022-01-07,장항선,봉명,1173,1048,2221
2022-01-07,장항선,신창,1065,860,1925
2022-01-07,장항선,쌍용,1805,1656,3461
2022-01-07,장항선,아산,2825,2937,5762
2022-01-07,장항선,온양온천,3452,3475,6927
2022-01-07,장항선,탕정,395,348,743
2022-01-07,중앙선,구리,13378,13781,27159
2022-01-07,중앙선,국수,638,640,1278
2022-01-07,중앙선,덕소,5603,5580,11183
2022-01-07,중앙선,도농,10269,9433,19702
2022-01-07,중앙선,도심,2325,1811,4136
2022-01-07,중앙선,망우,7465,7539,15004
2022-01-07,중앙선,상봉,5896,5777,11673
2022-01-07,중앙선,신원,157,158,315
2022-01-07,중앙선,아신,454,475,929
2022-01-07,중앙선,양수,1561,1567,3128
2022-01-07,중앙선,양원,1974,1914,3888
2022-01-07,중앙선,양정,666,576,1242
2022-01-07,중앙선,양평,2420,2521,4941
2022-01-07,중앙선,오빈,267,260,527
2022-01-07,중앙선,용문,1449,1572,3021
2022-01-07,중앙선,운길산,643,593,1236
2022-01-07,중앙선,원덕,303,320,623
2022-01-07,중앙선,중랑,5561,5253,10814
2022-01-07,중앙선,지평,78,75,153
2022-01-07,중앙선,팔당,787,847,1634
2022-01-07,중앙선,회기,23240,22381,45621
2022-01-10,1호선,동대문,10169,9667,19836
2022-01-10,1호선,동묘앞,6756,7002,13758
2022-01-10,1호선,서울역,41049,39058,80107
2022-01-10,1호선,시청,20759,20958,41717
2022-01-10,1호선,신설동,13445,13034,26479
2022-01-10,1호선,제기동,17374,17838,35212
2022-01-10,1호선,종각,34149,32860,67009
2022-01-10,1호선,종로3가,24887,22972,47859
2022-01-10,1호선,종로5가,21434,21249,42683
2022-01-10,1호선,청량리,19105,19182,38287
2022-01-10,2호선,강남,86972,84796,171768
2022-01-10,2호선,강변,28965,27517,56482
2022-01-10,2호선,건대입구,32965,34829,67794
2022-01-10,2호선,교대,33745,37667,71412
2022-01-10,2호선,구로디지털단지,59721,60233,119954
2022-01-10,2호선,구의,23013,23157,46170
2022-01-10,2호선,낙성대,25884,25552,51436
2022-01-10,2호선,당산,17617,20631,38248
2022-01-10,2호선,대림,23362,23746,47108
2022-01-10,2호선,도림천,1389,1461,2850
2022-01-10,2호선,동대문역사문화공원,10729,11951,22680
2022-01-10,2호선,뚝섬,20742,22246,42988
2022-01-10,2호선,문래,21304,21584,42888
2022-01-10,2호선,방배,15813,16478,32291
2022-01-10,2호선,봉천,23478,22286,45764
2022-01-10,2호선,사당,34247,37503,71750
2022-01-10,2호선,삼성,50835,51226,102061
2022-01-10,2호선,상왕십리,13596,13349,26945
2022-01-10,2호선,서울대입구,45273,45262,90535
2022-01-10,2호선,서초,20922,20208,41130
2022-01-10,2호선,선릉,58395,51412,109807
2022-01-10,2호선,성수,36921,39531,76452
2022-01-10,2호선,시청,22481,21847,44328
2022-01-10,2호선,신답,1647,1907,3554
2022-01-10,2호선,신당,13102,13557,26659
2022-01-10,2호선,신대방,25638,25207,50845
2022-01-10,2호선,신도림,44858,44104,88962
2022-01-10,2호선,신림,60732,57854,118586
2022-01-10,2호선,신설동,3143,3238,6381
2022-01-10,2호선,신정네거리,10033,10417,20450
2022-01-10,2호선,신촌,30818,31574,62392
2022-01-10,2호선,아현,9578,9292,18870
2022-01-10,2호선,양천구청,6670,7054,13724
2022-01-10,2호선,역삼,54281,60073,114354
2022-01-10,2호선,영등포구청,22973,23544,46517
2022-01-10,2호선,왕십리,14365,12333,26698
2022-01-10,2호선,용답,2527,2617,5144
2022-01-10,2호선,용두,2335,2423,4758
2022-01-10,2호선,을지로3가,21930,21833,43763
2022-01-10,2호선,을지로4가,12898,12759,25657
2022-01-10,2호선,을지로입구,37862,38295,76157
2022-01-10,2호선,이대,11878,12798,24676
2022-01-10,2호선,잠실,64779,64626,129405
2022-01-10,2호선,잠실나루,14176,13873,28049
2022-01-10,2호선,잠실새내,20365,20491,40856
2022-01-10,2호선,종합운동장,6766,7430,14196
2022-01-10,2호선,충정로,9610,10025,19635
2022-01-10,2호선,한양대,6502,6873,13375
2022-01-10,2호선,합정,29018,29899,58917
2022-01-10,2호선,홍대입구,49806,50788,100594
2022-01-10,3호선,가락시장,8878,8659,17537
2022-01-10,3호선,경복궁,17897,17542,35439
2022-01-10,3호선,경찰병원,7425,7562,14987
2022-01-10,3호선,고속터미널,36650,34476,71126
2022-01-10,3호선,교대,13937,9100,23037
2022-01-10,3호선,구파발,20115,18891,39006
2022-01-10,3호선,금호,7655,7319,14974
2022-01-10,3호선,남부터미널,28230,28749,56979
2022-01-10,3호선,녹번,14962,13855,28817
2022-01-10,3호선,대청,9733,9358,19091
2022-01-10,3호선,대치,11559,11336,22895
2022-01-10,3호선,도곡,5216,5351,10567
2022-01-10,3호선,독립문,6256,6473,12729
2022-01-10,3호선,동대입구,6678,6842,13520
2022-01-10,3호선,매봉,12575,12067,24642
2022-01-10,3호선,무악재,3685,3870,7555
2022-01-10,3호선,불광,15380,16450,31830
2022-01-10,3호선,수서,16372,17016,33388
2022-01-10,3호선,신사,31412,32526,63938
2022-01-10,3호선,안국,18375,18721,37096
2022-01-10,3호선,압구정,31950,33776,65726
2022-01-10,3호선,약수,12167,12005,24172
2022-01-10,3호선,양재,38083,41211,79294
2022-01-10,3호선,연신내,34816,33286,68102
2022-01-10,3호선,오금,6128,5472,11600
2022-01-10,3호선,옥수,8245,8920,17165
2022-01-10,3호선,을지로3가,10439,10565,21004
2022-01-10,3호선,일원,9804,9618,19422
2022-01-10,3호선,잠원,4591,4492,9083
2022-01-10,3호선,종로3가,10005,11436,21441
2022-01-10,3호선,지축,4435,4330,8765
2022-01-10,3호선,충무로,1,0,1
2022-01-10,3호선,학여울,1694,1736,3430
2022-01-10,3호선,홍제,16232,15708,31940
2022-01-10,4호선,길음,19385,19094,38479
2022-01-10,4호선,남태령,1069,972,2041
2022-01-10,4호선,노원,17808,19723,37531
2022-01-10,4호선,당고개,12298,11092,23390
2022-01-10,4호선,동대문,18743,19438,38181
2022-01-10,4호선,동대문역사문화공원,13951,12696,26647
2022-01-10,4호선,동작,1246,1385,2631
2022-01-10,4호선,명동,17182,17514,34696
2022-01-10,4호선,미아,14023,13805,27828
2022-01-10,4호선,미아사거리,26067,25171,51238
2022-01-10,4호선,사당,23239,18896,42135
2022-01-10,4호선,삼각지,4561,4865,9426
2022-01-10,4호선,상계,18546,17457,36003
2022-01-10,4호선,서울역,10949,15215,26164
2022-01-10,4호선,성신여대입구,18591,18222,36813
2022-01-10,4호선,수유,32100,32556,64656
2022-01-10,4호선,숙대입구,11764,11630,23394
2022-01-10,4호선,신용산,15883,16722,32605
2022-01-10,4호선,쌍문,28398,26224,54622
2022-01-10,4호선,이촌,6609,7322,13931
2022-01-10,4호선,창동,24164,25627,49791
2022-01-10,4호선,총신대입구,17661,19314,36975
2022-01-10,4호선,충무로,25129,25945,51074
2022-01-10,4호선,한성대입구,12170,11867,24037
2022-01-10,4호선,혜화,28140,28097,56237
2022-01-10,4호선,회현,22980,24325,47305
2022-01-10,5호선,강동,18284,17645,35929
2022-01-10,5호선,강일,3810,3759,7569
2022-01-10,5호선,개롱,6197,6562,12759
2022-01-10,5호선,개화산,5394,5223,10617
2022-01-10,5호선,거여,9051,8672,17723
2022-01-10,5호선,고덕,9081,9281,18362
2022-01-10,5호선,공덕,13620,14384,28004
2022-01-10,5호선,광나루,12518,11391,23909
2022-01-10,5호선,광화문,28874,29750,58624
2022-01-10,5호선,군자,10709,11651,22360
2022-01-10,5호선,굽은다리,9324,8898,18222
2022-01-10,5호선,길동,7953,8369,16322
2022-01-10,5호선,김포공항,6944,7039,13983
2022-01-10,5호선,까치산,28254,27659,55913
2022-01-10,5호선,답십리,15683,14554,30237
2022-01-10,5호선,동대문역사문화공원,2996,3442,6438
2022-01-10,5호선,둔촌동,8483,8586,17069
2022-01-10,5호선,마곡,11007,10684,21691
2022-01-10,5호선,마장,5517,5227,10744
2022-01-10,5호선,마천,6663,6504,13167
2022-01-10,5호선,마포,14326,14681,29007
2022-01-10,5호선,명일,8292,8569,16861
2022-01-10,5호선,목동,16466,18105,34571
2022-01-10,5호선,미사,15698,15670,31368
2022-01-10,5호선,발산,19862,20052,39914
2022-01-10,5호선,방이,6988,7292,14280
2022-01-10,5호선,방화,6381,6175,12556
2022-01-10,5호선,상일동,15389,14244,29633
2022-01-10,5호선,서대문,19254,19591,38845
2022-01-10,5호선,송정,6420,6007,12427
2022-01-10,5호선,신금호,6116,6402,12518
2022-01-10,5호선,신길,3979,4439,8418
2022-01-10,5호선,신정,13684,11106,24790
2022-01-10,5호선,아차산,13346,13012,26358
2022-01-10,5호선,애오개,6652,6728,13380
2022-01-10,5호선,양평,7714,7692,15406
2022-01-10,5호선,여의나루,8742,9654,18396
2022-01-10,5호선,여의도,29510,30333,59843
2022-01-10,5호선,영등포구청,3929,4035,7964
2022-01-10,5호선,영등포시장,9963,10233,20196
2022-01-10,5호선,오금,3723,3582,7305
2022-01-10,5호선,오목교,21328,22581,43909
2022-01-10,5호선,올림픽공원,3932,3451,7383
2022-01-10,5호선,왕십리,4475,4913,9388
2022-01-10,5호선,우장산,13886,13842,27728
2022-01-10,5호선,을지로4가,6241,6342,12583
2022-01-10,5호선,장한평,18452,18379,36831
2022-01-10,5호선,종로3가,11706,11332,23038
2022-01-10,5호선,천호,17159,17038,34197
2022-01-10,5호선,청구,3884,3497,7381
2022-01-10,5호선,충정로,4669,4729,9398
2022-01-10,5호선,하남검단산,5193,5078,10271
2022-01-10,5호선,하남시청,6226,5961,12187
2022-01-10,5호선,하남풍산,4161,4118,8279
2022-01-10,5호선,행당,7876,7197,15073
2022-01-10,5호선,화곡,27580,26268,53848
2022-01-10,6호선,고려대,7195,7057,14252
2022-01-10,6호선,공덕,17894,17401,35295
2022-01-10,6호선,광흥창,8715,8493,17208
2022-01-10,6호선,구산,7409,5741,13150
2022-01-10,6호선,녹사평,4140,4039,8179
2022-01-10,6호선,대흥,7629,7826,15455
2022-01-10,6호선,독바위,2578,2696,5274
2022-01-10,6호선,돌곶이,9207,8827,18034
2022-01-10,6호선,동묘앞,7491,7575,15066
2022-01-10,6호선,디지털미디어시티,13666,14916,28582
2022-01-10,6호선,마포구청,13727,12650,26377
2022-01-10,6호선,망원,12993,14055,27048
2022-01-10,6호선,버티고개,1922,1995,3917
2022-01-10,6호선,보문,6862,6360,13222
2022-01-10,6호선,봉화산,8823,8311,17134
2022-01-10,6호선,불광,3813,3877,7690
2022-01-10,6호선,삼각지,5560,5015,10575
2022-01-10,6호선,상수,7570,8289,15859
2022-01-10,6호선,상월곡,6069,5396,11465
2022-01-10,6호선,새절,12195,11534,23729
2022-01-10,6호선,석계,11605,12156,23761
2022-01-10,6호선,신당,7269,7785,15054
2022-01-10,6호선,안암,9346,9518,18864
2022-01-10,6호선,약수,3409,3395,6804
2022-01-10,6호선,역촌,3775,4502,8277
2022-01-10,6호선,연신내,2,0,2
2022-01-10,6호선,월곡,11091,11068,22159
2022-01-10,6호선,월드컵경기장,3525,3789,7314
2022-01-10,6호선,응암,16873,17008,33881
2022-01-10,6호선,이태원,8466,8509,16975
2022-01-10,6호선,증산,9923,9938,19861
2022-01-10,6호선,창신,3516,2945,6461
2022-01-10,6호선,청구,3558,3873,7431
2022-01-10,6호선,태릉입구,5186,5728,10914
2022-01-10,6호선,한강진,7129,7984,15113
2022-01-10,6호선,합정,12073,11762,23835
2022-01-10,6호선,화랑대,11252,8771,20023
2022-01-10,6호선,효창공원앞,6875,6250,13125
2022-01-10,7호선,가산디지털단지,48208,48064,96272
2022-01-10,7호선,강남구청,16244,17576,33820
2022-01-10,7호선,건대입구,11734,12339,24073
2022-01-10,7호선,고속터미널,15207,12340,27547
2022-01-10,7호선,공릉,11177,11140,22317
2022-01-10,7호선,광명사거리,21793,21572,43365
2022-01-10,7호선,군자,14521,12073,26594
2022-01-10,7호선,남구로,16629,17343,33972
2022-01-10,7호선,남성,10523,10049,20572
2022-01-10,7호선,내방,14624,14817,29441
2022-01-10,7호선,노원,19209,19874,39083
2022-01-10,7호선,논현,20827,22581,43408
2022-01-10,7호선,대림,7793,7703,15496
2022-01-10,7호선,도봉산,8659,9949,18608
2022-01-10,7호선,뚝섬유원지,6962,6742,13704
2022-01-10,7호선,마들,12347,11876,24223
2022-01-10,7호선,먹골,9742,9700,19442
2022-01-10,7호선,면목,15072,14704,29776
2022-01-10,7호선,반포,5600,5510,11110
2022-01-10,7호선,보라매,9933,9976,19909
2022-01-10,7호선,부천시청,1,0,1
2022-01-10,7호선,부평구청,1,0,1
2022-01-10,7호선,사가정,15533,15786,31319
2022-01-10,7호선,삼산체육관,1,0,1
2022-01-10,7호선,상도,10354,10297,20651
2022-01-10,7호선,상동,1,0,1
2022-01-10,7호선,상봉,16544,15478,32022
2022-01-10,7호선,수락산,11840,11789,23629
2022-01-10,7호선,숭실대입구,11262,11591,22853
2022-01-10,7호선,신대방삼거리,16212,15902,32114
2022-01-10,7호선,신풍,11132,10663,21795
2022-01-10,7호선,어린이대공원,11770,11519,23289
2022-01-10,7호선,온수,10223,9404,19627
2022-01-10,7호선,용마산,5861,5843,11704
2022-01-10,7호선,이수,14984,14592,29576
2022-01-10,7호선,장승배기,8982,9005,17987
2022-01-10,7호선,장암,2153,775,2928
2022-01-10,7호선,중계,13606,12621,26227
2022-01-10,7호선,중곡,10517,9941,20458
2022-01-10,7호선,중화,10501,10336,20837
2022-01-10,7호선,천왕,11313,10865,22178
2022-01-10,7호선,철산,21065,21346,42411
2022-01-10,7호선,청담,19350,21348,40698
2022-01-10,7호선,태릉입구,7865,7508,15373
2022-01-10,7호선,하계,16366,15511,31877
2022-01-10,7호선,학동,25058,26385,51443
2022-01-10,8호선,가락시장,7613,8449,16062
2022-01-10,8호선,강동구청,10420,10850,21270
2022-01-10,8호선,남위례,3457,3858,7315
2022-01-10,8호선,남한산성입구,13205,12199,25404
2022-01-10,8호선,단대오거리,10126,10040,20166
2022-01-10,8호선,모란,4214,3239,7453
2022-01-10,8호선,몽촌토성,5967,6006,11973
2022-01-10,8호선,문정,22817,24018,46835
2022-01-10,8호선,복정,9180,7809,16989
2022-01-10,8호선,산성,5055,5195,10250
2022-01-10,8호선,석촌,7655,8722,16377
2022-01-10,8호선,송파,7326,7379,14705
2022-01-10,8호선,수진,5155,4707,9862
2022-01-10,8호선,신흥,4157,4526,8683
2022-01-10,8호선,암사,18677,16841,35518
2022-01-10,8호선,잠실,13458,15694,29152
2022-01-10,8호선,장지,16458,16100,32558
2022-01-10,8호선,천호,14382,16325,30707
2022-01-10,9호선,가양,20056,19770,39826
2022-01-10,9호선,개화,2479,1728,4207
2022-01-10,9호선,고속터미널,11095,14222,25317
2022-01-10,9호선,공항시장,2808,3147,5955
2022-01-10,9호선,구반포,1429,1522,2951
2022-01-10,9호선,국회의사당,16879,17166,34045
2022-01-10,9호선,김포공항,7019,10677,17696
2022-01-10,9호선,노들,4252,3690,7942
2022-01-10,9호선,노량진,25665,25115,50780
2022-01-10,9호선,당산,17601,17703,35304
2022-01-10,9호선,동작,1666,1386,3052
2022-01-10,9호선,등촌,11304,11323,22627
2022-01-10,9호선,마곡나루,11536,11537,23073
2022-01-10,9호선,사평,3393,3335,6728
2022-01-10,9호선,샛강,5897,6207,12104
2022-01-10,9호선,선유도,8884,8566,17450
2022-01-10,9호선,신논현,32094,31321,63415
2022-01-10,9호선,신목동,4033,3643,7676
2022-01-10,9호선,신반포,3104,3054,6158
2022-01-10,9호선,신방화,6544,6380,12924
2022-01-10,9호선,양천향교,9461,9689,19150
2022-01-10,9호선,여의도,27796,26561,54357
2022-01-10,9호선,염창,16890,16702,33592
2022-01-10,9호선,증미,7367,7398,14765
2022-01-10,9호선,흑석,7649,7979,15628
2022-01-10,9호선2~3단계,둔촌오륜,917,932,1849
2022-01-10,9호선2~3단계,봉은사,15452,15673,31125
2022-01-10,9호선2~3단계,삼성중앙,6755,7213,13968
2022-01-10,9호선2~3단계,삼전,6970,6811,13781
2022-01-10,9호선2~3단계,석촌,8211,7369,15580
2022-01-10,9호선2~3단계,석촌고분,6002,5935,11937
2022-01-10,9호선2~3단계,선정릉,9795,10536,20331
2022-01-10,9호선2~3단계,송파나루,4822,5119,9941
2022-01-10,9호선2~3단계,언주,10858,11277,22135
2022-01-10,9호선2~3단계,올림픽공원,5641,5611,11252
2022-01-10,9호선2~3단계,종합운동장,3991,4086,8077
2022-01-10,9호선2~3단계,중앙보훈병원,10821,9571,20392
2022-01-10,9호선2~3단계,한성백제,2487,2327,4814
2022-01-10,경강선,경기광주,7594,7295,14889
2022-01-10,경강선,곤지암,2133,2163,4296
2022-01-10,경강선,부발,1916,1976,3892
2022-01-10,경강선,삼동,2329,2229,4558
2022-01-10,경강선,세종대왕릉,304,291,595
2022-01-10,경강선,신둔도예촌,1279,1235,2514
2022-01-10,경강선,여주,1887,1844,3731
2022-01-10,경강선,이매,1033,849,1882
2022-01-10,경강선,이천,2381,2534,4915
2022-01-10,경강선,초월,3005,2980,5985
2022-01-10,경강선,판교,4722,4561,9283
2022-01-10,경부선,가산디지털단지,18655,21484,40139
2022-01-10,경부선,관악,6882,6452,13334
2022-01-10,경부선,광명,3383,2771,6154
2022-01-10,경부선,구로,17933,17878,35811
2022-01-10,경부선,군포,7643,7735,15378
2022-01-10,경부선,금정,25975,26520,52495
2022-01-10,경부선,금천구청,11565,11486,23051
2022-01-10,경부선,남영,8608,8985,17593
2022-01-10,경부선,노량진,7929,8005,15934
2022-01-10,경부선,당정,5884,5641,11525
2022-01-10,경부선,대방,12539,13057,25596
2022-01-10,경부선,독산,18621,19472,38093
2022-01-10,경부선,두정,4368,4412,8780
2022-01-10,경부선,명학,8834,8729,17563
2022-01-10,경부선,병점,13363,13229,26592
2022-01-10,경부선,서동탄,1361,1172,2533
2022-01-10,경부선,서울역,5709,1922,7631
2022-01-10,경부선,서정리,6118,5958,12076
2022-01-10,경부선,석수,9473,8456,17929
2022-01-10,경부선,성균관대,13088,13114,26202
2022-01-10,경부선,성환,2750,2917,5667
2022-01-10,경부선,세류,2846,2496,5342
2022-01-10,경부선,세마,2690,2537,5227
2022-01-10,경부선,송탄,3880,3786,7666
2022-01-10,경부선,수원,30666,32373,63039
2022-01-10,경부선,신길,8768,7533,16301
2022-01-10,경부선,신도림,4087,3877,7964
2022-01-10,경부선,안양,20255,20263,40518
2022-01-10,경부선,영등포,34969,35825,70794
2022-01-10,경부선,오산,9170,9147,18317
2022-01-10,경부선,오산대,3089,2918,6007
2022-01-10,경부선,용산,30973,31208,62181
2022-01-10,경부선,의왕,8899,9007,17906
2022-01-10,경부선,직산,721,668,1389
2022-01-10,경부선,진위,1598,1339,2937
2022-01-10,경부선,천안,4372,4446,8818
2022-01-10,경부선,평택,10411,10347,20758
2022-01-10,경부선,평택지제,3263,3128,6391
2022-01-10,경부선,화서,7543,7251,14794
2022-01-10,경원선,가능,6183,5962,12145
2022-01-10,경원선,광운대,7111,6939,14050
2022-01-10,경원선,녹양,4396,4184,8580
2022-01-10,경원선,녹천,4479,3824,8303
2022-01-10,경원선,덕계,2904,2625,5529
2022-01-10,경원선,덕정,5012,4964,9976
2022-01-10,경원선,도봉,5764,5640,11404
2022-01-10,경원선,도봉산,6886,4327,11213
2022-01-10,경원선,동두천,1941,2213,4154
2022-01-10,경원선,동두천중앙,3041,2937,5978
2022-01-10,경원선,망월사,6857,7232,14089
2022-01-10,경원선,방학,9386,9116,18502
2022-01-10,경원선,보산,1408,1192,2600
2022-01-10,경원선,서빙고,1792,1652,3444
2022-01-10,경원선,석계,7700,8841,16541
2022-01-10,경원선,소요산,2347,1954,4301
2022-01-10,경원선,신이문,8072,7650,15722
2022-01-10,경원선,양주,6997,6562,13559
2022-01-10,경원선,옥수,37,34,71
2022-01-10,경원선,왕십리,12599,14189,26788
2022-01-10,경원선,외대앞,6850,6920,13770
2022-01-10,경원선,월계,5992,5638,11630
2022-01-10,경원선,응봉,1808,1548,3356
2022-01-10,경원선,의정부,17237,17556,34793
2022-01-10,경원선,이촌,3572,2729,6301
2022-01-10,경원선,지행,6141,5992,12133
2022-01-10,경원선,청량리,13861,14152,28013
2022-01-10,경원선,한남,4011,3811,7822
2022-01-10,경원선,회룡,12029,11806,23835
2022-01-10,경의선,가좌,5202,5081,10283
2022-01-10,경의선,강매,3098,2768,5866
2022-01-10,경의선,곡산,561,590,1151
2022-01-10,경의선,공덕,3435,2992,6427
2022-01-10,경의선,금릉,4620,4377,8997
2022-01-10,경의선,금촌,6090,6121,12211
2022-01-10,경의선,능곡,3661,3317,6978
2022-01-10,경의선,디지털미디어시티,2399,2198,4597
2022-01-10,경의선,문산,4810,4733,9543
2022-01-10,경의선,백마,6628,6422,13050
2022-01-10,경의선,서강대,2066,1995,4061
2022-01-10,경의선,서울역,4265,5251,9516
2022-01-10,경의선,수색,2725,2843,5568
2022-01-10,경의선,신촌,822,1025,1847
2022-01-10,경의선,야당,6895,6687,13582
2022-01-10,경의선,운정,6741,6209,12950
2022-01-10,경의선,월롱,2219,2156,4375
2022-01-10,경의선,일산,9053,8918,17971
2022-01-10,경의선,임진강,3,3,6
2022-01-10,경의선,탄현,7473,7205,14678
2022-01-10,경의선,파주,934,725,1659
2022-01-10,경의선,풍산,5316,4999,10315
2022-01-10,경의선,행신,7635,7722,15357
2022-01-10,경의선,홍대입구,1590,1837,3427
2022-01-10,경의선,화전,1428,1317,2745
2022-01-10,경의선,효창공원앞,2833,3315,6148
2022-01-10,경인선,간석,5640,5378,11018
2022-01-10,경인선,개봉,20879,20975,41854
2022-01-10,경인선,구일,5978,5969,11947
2022-01-10,경인선,도원,2582,2646,5228
2022-01-10,경인선,도화,4144,3861,8005
2022-01-10,경인선,동암,14020,13970,27990
2022-01-10,경인선,동인천,12867,12293,25160
2022-01-10,경인선,백운,6626,6569,13195
2022-01-10,경인선,부개,8278,7806,16084
2022-01-10,경인선,부천,31086,31094,62180
2022-01-10,경인선,부평,28139,29370,57509
2022-01-10,경인선,소사,8234,7919,16153
2022-01-10,경인선,송내,25624,25469,51093
2022-01-10,경인선,역곡,26472,26216,52688
2022-01-10,경인선,오류동,11623,10988,22611
2022-01-10,경인선,온수,6347,6020,12367
2022-01-10,경인선,인천,3157,2375,5532
2022-01-10,경인선,제물포,9990,9455,19445
2022-01-10,경인선,주안,17492,15935,33427
2022-01-10,경인선,중동,9149,8630,17779
2022-01-10,경춘선,가평,1315,1309,2624
2022-01-10,경춘선,갈매,2897,2586,5483
2022-01-10,경춘선,강촌,334,333,667
2022-01-10,경춘선,굴봉산,122,149,271
2022-01-10,경춘선,금곡,1446,1352,2798
2022-01-10,경춘선,김유정,250,252,502
2022-01-10,경춘선,남춘천,1950,2043,3993
2022-01-10,경춘선,대성리,374,346,720
2022-01-10,경춘선,마석,3616,3523,7139
2022-01-10,경춘선,백양리,278,241,519
2022-01-10,경춘선,별내,3366,3122,6488
2022-01-10,경춘선,사릉,3109,2953,6062
2022-01-10,경춘선,상천,202,171,373
2022-01-10,경춘선,신내,1963,1783,3746
2022-01-10,경춘선,천마산,1618,1473,3091
2022-01-10,경춘선,청평,1335,1268,2603
2022-01-10,경춘선,춘천,1054,914,1968
2022-01-10,경춘선,퇴계원,3547,3236,6783
2022-01-10,경춘선,평내호평,6004,5688,11692
2022-01-10,공항철도,검암,6479,6329,12808
2022-01-10,공항철도,계양,9769,9390,19159
2022-01-10,공항철도,공덕,2142,2776,4918
2022-01-10,공항철도,공항화물청사,2211,2407,4618
2022-01-10,공항철도,김포공항,11790,6943,18733
2022-01-10,공항철도,디지털미디어시티,14161,12730,26891
2022-01-10,공항철도,마곡나루,8755,8343,17098
2022-01-10,공항철도,서울역,7054,6596,13650
2022-01-10,공항철도,영종,2921,2883,5804
2022-01-10,공항철도,운서,6476,6377,12853
2022-01-10,공항철도,인천공항1터미널,3571,3847,7418
2022-01-10,공항철도,인천공항2터미널,2206,1969,4175
2022-01-10,공항철도,청라국제도시,6627,6147,12774
2022-01-10,공항철도,홍대입구,9072,8905,17977
2022-01-10,과천선,경마공원,847,837,1684
2022-01-10,과천선,과천,5737,5390,11127
2022-01-10,과천선,대공원,1973,2029,4002
2022-01-10,과천선,범계,24698,24276,48974
2022-01-10,과천선,선바위,7996,6944,14940
2022-01-10,과천선,인덕원,23249,24400,47649
2022-01-10,과천선,정부과천청사,10361,10258,20619
2022-01-10,과천선,평촌,17800,17635,35435
2022-01-10,분당선,가천대,6378,7208,13586
2022-01-10,분당선,강남구청,10005,11471,21476
2022-01-10,분당선,개포동,3504,3680,7184
2022-01-10,분당선,구룡,1769,1700,3469
2022-01-10,분당선,구성,5013,5307,10320
2022-01-10,분당선,기흥,9460,9006,18466
2022-01-10,분당선,대모산입구,4309,4019,8328
2022-01-10,분당선,도곡,6812,6837,13649
2022-01-10,분당선,망포,14132,13725,27857
2022-01-10,분당선,매교,2655,2315,4970
2022-01-10,분당선,매탄권선,4713,4587,9300
2022-01-10,분당선,모란,19349,19403,38752
2022-01-10,분당선,미금,15290,16204,31494
2022-01-10,분당선,보정,2452,2193,4645
2022-01-10,분당선,복정,1,0,1
2022-01-10,분당선,상갈,5235,4991,10226
2022-01-10,분당선,서울숲,9988,10074,20062
2022-01-10,분당선,서현,24633,25058,49691
2022-01-10,분당선,선릉,13981,20845,34826
2022-01-10,분당선,선정릉,8204,8833,17037
2022-01-10,분당선,수내,13328,13199,26527
2022-01-10,분당선,수서,13159,13567,26726
2022-01-10,분당선,수원,7656,6546,14202
2022-01-10,분당선,수원시청,12525,13084,25609
2022-01-10,분당선,신갈,4636,4587,9223
2022-01-10,분당선,압구정로데오,17083,18444,35527
2022-01-10,분당선,야탑,24796,25506,50302
2022-01-10,분당선,영통,7947,7899,15846
2022-01-10,분당선,오리,11682,9619,21301
2022-01-10,분당선,이매,5353,5171,10524
2022-01-10,분당선,정자,17248,18161,35409
2022-01-10,분당선,죽전,12617,13857,26474
2022-01-10,분당선,청명,4097,3977,8074
2022-01-10,분당선,태평,13130,12843,25973
2022-01-10,분당선,한티,14408,15575,29983
2022-01-10,수인선,고색,4495,4175,8670
2022-01-10,수인선,남동인더스파크,2256,2532,4788
2022-01-10,수인선,달월,104,52,156
2022-01-10,수인선,사리,4420,3936,8356
2022-01-10,수인선,소래포구,4599,4278,8877
2022-01-10,수인선,송도,2379,2224,4603
2022-01-10,수인선,숭의,3849,3656,7505
2022-01-10,수인선,신포,1688,1636,3324
2022-01-10,수인선,야목,320,239,559
2022-01-10,수인선,어천,690,703,1393
2022-01-10,수인선,연수,4080,4025,8105
2022-01-10,수인선,오목천,2584,2522,5106
2022-01-10,수인선,원인재,4146,4311,8457
2022-01-10,수인선,월곶,2390,2300,4690
2022-01-10,수인선,인천,963,1595,2558
2022-01-10,수인선,인천논현,5271,5484,10755
2022-01-10,수인선,인하대,5367,5078,10445
2022-01-10,수인선,호구포,3888,4112,8000
2022-01-10,안산선,고잔,8545,7860,16405
2022-01-10,안산선,대야미,4736,4308,9044
2022-01-10,안산선,반월,4116,3973,8089
2022-01-10,안산선,산본,15180,16349,31529
2022-01-10,안산선,상록수,14815,15157,29972
2022-01-10,안산선,수리산,3952,3196,7148
2022-01-10,안산선,신길온천,1715,1560,3275
2022-01-10,안산선,안산,11364,10196,21560
2022-01-10,안산선,오이도,7849,7582,15431
2022-01-10,안산선,정왕,7370,7831,15201
2022-01-10,안산선,중앙,17186,17757,34943
2022-01-10,안산선,초지,4415,4480,8895
2022-01-10,안산선,한대앞,8450,8373,16823
2022-01-10,우이신설선,4.19민주묘지,2592,2577,5169
2022-01-10,우이신설선,가오리,3959,3941,7900
2022-01-10,우이신설선,보문,1443,1428,2871
2022-01-10,우이신설선,북한산보국문,5608,5437,11045
2022-01-10,우이신설선,북한산우이,2344,2117,4461
2022-01-10,우이신설선,삼양,1911,2060,3971
2022-01-10,우이신설선,삼양사거리,2428,2425,4853
2022-01-10,우이신설선,성신여대입구,3091,3430,6521
2022-01-10,우이신설선,솔밭공원,2415,2279,4694
2022-01-10,우이신설선,솔샘,5676,5404,11080
2022-01-10,우이신설선,신설동,2080,1976,4056
2022-01-10,우이신설선,정릉,4401,4057,8458
2022-01-10,우이신설선,화계,3221,3063,6284
2022-01-10,일산선,대곡,1843,1457,3300
2022-01-10,일산선,대화,12342,9776,22118
2022-01-10,일산선,마두,7327,7521,14848
2022-01-10,일산선,백석,9550,9700,19250
2022-01-10,일산선,삼송,18695,18313,37008
2022-01-10,일산선,원당,10802,10208,21010
2022-01-10,일산선,원흥,10196,9817,20013
2022-01-10,일산선,정발산,6935,6819,13754
2022-01-10,일산선,주엽,8819,8663,17482
2022-01-10,일산선,지축,1,0,1
2022-01-10,일산선,화정,16362,16813,33175
2022-01-10,장항선,배방,920,835,1755
2022-01-10,장항선,봉명,1110,1073,2183
2022-01-10,장항선,신창,889,955,1844
2022-01-10,장항선,쌍용,1729,1607,3336
2022-01-10,장항선,아산,2558,2336,4894
2022-01-10,장항선,온양온천,3188,3266,6454
2022-01-10,장항선,탕정,339,314,653
2022-01-10,중앙선,구리,13385,13433,26818
2022-01-10,중앙선,국수,690,670,1360
2022-01-10,중앙선,덕소,5494,5474,10968
2022-01-10,중앙선,도농,10328,9284,19612
2022-01-10,중앙선,도심,2254,1766,4020
2022-01-10,중앙선,망우,7369,7279,14648
2022-01-10,중앙선,상봉,5655,5613,11268
2022-01-10,중앙선,신원,182,140,322
2022-01-10,중앙선,아신,501,471,972
2022-01-10,중앙선,양수,1599,1613,3212
2022-01-10,중앙선,양원,1892,1884,3776
2022-01-10,중앙선,양정,683,604,1287
2022-01-10,중앙선,양평,2452,2449,4901
2022-01-10,중앙선,오빈,268,240,508
2022-01-10,중앙선,용문,2644,2620,5264
2022-01-10,중앙선,운길산,562,502,1064
2022-01-10,중앙선,원덕,350,320,670
2022-01-10,중앙선,중랑,5348,5092,10440
2022-01-10,중앙선,지평,63,59,122
2022-01-10,중앙선,팔당,778,781,1559
2022-01-10,중앙선,회기,22421,21863,44284
2022-01-11,1호선,동대문,9740,9100,18840
2022-01-11,1호선,동묘앞,6097,6329,12426
2022-01-11,1호선,서울역,41022,39000,80022
2022-01-11,1호선,시청,21594,21421,43015
2022-01-11,1호선,신설동,12847,12527,25374
2022-01-11,1호선,제기동,15156,15468,30624
2022-01-11,1호선,종각,34616,33532,68148
2022-01-11,1호선,종로3가,23828,21952,45780
2022-01-11,1호선,종로5가,21316,20888,42204
2022-01-11,1호선,청량리,17880,17908,35788
2022-01-11,2호선,강남,89258,87157,176415
2022-01-11,2호선,강변,27964,26547,54511
2022-01-11,2호선,건대입구,33189,34920,68109
2022-01-11,2호선,교대,34511,38936,73447
2022-01-11,2호선,구로디지털단지,60101,60296,120397
2022-01-11,2호선,구의,23454,23366,46820
2022-01-11,2호선,낙성대,26331,25885,52216
2022-01-11,2호선,당산,17596,20540,38136
2022-01-11,2호선,대림,22680,23428,46108
2022-01-11,2호선,도림천,1412,1504,2916
2022-01-11,2호선,동대문역사문화공원,11135,12295,23430
2022-01-11,2호선,뚝섬,21718,23229,44947
2022-01-11,2호선,문래,21732,21966,43698
2022-01-11,2호선,방배,16287,16982,33269
2022-01-11,2호선,봉천,23283,22028,45311
2022-01-11,2호선,사당,35225,38314,73539
2022-01-11,2호선,삼성,52846,52687,105533
2022-01-11,2호선,상왕십리,13856,13681,27537
2022-01-11,2호선,서울대입구,46100,45564,91664
2022-01-11,2호선,서초,21757,21027,42784
2022-01-11,2호선,선릉,58922,52472,111394
2022-01-11,2호선,성수,38340,40973,79313
2022-01-11,2호선,시청,23778,22743,46521
2022-01-11,2호선,신답,1620,1862,3482
2022-01-11,2호선,신당,13148,13825,26973
2022-01-11,2호선,신대방,25584,25168,50752
2022-01-11,2호선,신도림,45109,44212,89321
2022-01-11,2호선,신림,61582,60628,122210
2022-01-11,2호선,신설동,3225,3225,6450
2022-01-11,2호선,신정네거리,9944,10403,20347
2022-01-11,2호선,신촌,31621,32118,63739
2022-01-11,2호선,아현,9978,9814,19792
2022-01-11,2호선,양천구청,6690,7114,13804
2022-01-11,2호선,역삼,56681,61648,118329
2022-01-11,2호선,영등포구청,23515,23729,47244
2022-01-11,2호선,왕십리,15001,12693,27694
2022-01-11,2호선,용답,2461,2519,4980
2022-01-11,2호선,용두,2258,2377,4635
2022-01-11,2호선,을지로3가,22540,22165,44705
2022-01-11,2호선,을지로4가,12774,12479,25253
2022-01-11,2호선,을지로입구,38296,39285,77581
2022-01-11,2호선,이대,12099,12874,24973
2022-01-11,2호선,잠실,66829,66520,133349
2022-01-11,2호선,잠실나루,14215,14055,28270
2022-01-11,2호선,잠실새내,20892,20772,41664
2022-01-11,2호선,종합운동장,7443,7874,15317
2022-01-11,2호선,충정로,9885,10301,20186
2022-01-11,2호선,한양대,6698,7035,13733
2022-01-11,2호선,합정,29837,30798,60635
2022-01-11,2호선,홍대입구,51041,51762,102803
2022-01-11,3호선,가락시장,8901,8692,17593
2022-01-11,3호선,경복궁,18586,17962,36548
2022-01-11,3호선,경찰병원,7560,7511,15071
2022-01-11,3호선,고속터미널,36778,34875,71653
2022-01-11,3호선,교대,14448,9302,23750
2022-01-11,3호선,구파발,19929,18938,38867
2022-01-11,3호선,금호,7638,7361,14999
2022-01-11,3호선,남부터미널,28780,29470,58250
2022-01-11,3호선,녹번,15143,14026,29169
2022-01-11,3호선,대청,9805,9277,19082
2022-01-11,3호선,대치,11681,11836,23517
2022-01-11,3호선,도곡,5260,5340,10600
2022-01-11,3호선,독립문,6143,6349,12492
2022-01-11,3호선,동대입구,6835,7128,13963
2022-01-11,3호선,매봉,12853,12432,25285
2022-01-11,3호선,무악재,3757,3751,7508
2022-01-11,3호선,불광,15380,16375,31755
2022-01-11,3호선,수서,16420,16832,33252
2022-01-11,3호선,신사,32493,33426,65919
2022-01-11,3호선,안국,18988,19406,38394
2022-01-11,3호선,압구정,33138,35149,68287
2022-01-11,3호선,약수,12440,12046,24486
2022-01-11,3호선,양재,39261,42362,81623
2022-01-11,3호선,연신내,34794,32918,67712
2022-01-11,3호선,오금,6131,5525,11656
2022-01-11,3호선,옥수,8480,8975,17455
2022-01-11,3호선,을지로3가,10892,10879,21771
2022-01-11,3호선,일원,9841,9536,19377
2022-01-11,3호선,잠원,4600,4526,9126
2022-01-11,3호선,종로3가,10302,11363,21665
2022-01-11,3호선,지축,4338,4254,8592
2022-01-11,3호선,충무로,1,0,1
2022-01-11,3호선,학여울,1659,1690,3349
2022-01-11,3호선,홍제,16241,15774,32015
2022-01-11,4호선,길음,19634,19245,38879
2022-01-11,4호선,남태령,1081,1007,2088
2022-01-11,4호선,노원,18026,19987,38013
2022-01-11,4호선,당고개,12186,11114,23300
2022-01-11,4호선,동대문,18663,19213,37876
2022-01-11,4호선,동대문역사문화공원,14250,12926,27176
2022-01-11,4호선,동작,1088,1281,2369
2022-01-11,4호선,명동,17183,17804,34987
2022-01-11,4호선,미아,14128,13910,28038
2022-01-11,4호선,미아사거리,26065,25483,51548
2022-01-11,4호선,사당,24414,19734,44148
2022-01-11,4호선,삼각지,4786,5212,9998
2022-01-11,4호선,상계,18548,17364,35912
2022-01-11,4호선,서울역,10936,15468,26404
2022-01-11,4호선,성신여대입구,18941,18192,37133
2022-01-11,4호선,수유,32283,32384,64667
2022-01-11,4호선,숙대입구,12221,12127,24348
2022-01-11,4호선,신용산,16676,17377,34053
2022-01-11,4호선,쌍문,28288,26179,54467
2022-01-11,4호선,이촌,7260,8050,15310
2022-01-11,4호선,창동,23981,25463,49444
2022-01-11,4호선,총신대입구,18045,19422,37467
2022-01-11,4호선,충무로,25437,26134,51571
2022-01-11,4호선,한성대입구,12437,12222,24659
2022-01-11,4호선,혜화,30758,30527,61285
2022-01-11,4호선,회현,23143,24333,47476
2022-01-11,5호선,강동,18582,17761,36343
2022-01-11,5호선,강일,3772,3732,7504
2022-01-11,5호선,개롱,6201,6533,12734
2022-01-11,5호선,개화산,5325,5115,10440
2022-01-11,5호선,거여,9204,8598,17802
2022-01-11,5호선,고덕,9075,9214,18289
2022-01-11,5호선,공덕,14211,14926,29137
2022-01-11,5호선,광나루,12697,11559,24256
2022-01-11,5호선,광화문,30101,31022,61123
2022-01-11,5호선,군자,11017,11998,23015
2022-01-11,5호선,굽은다리,9351,8949,18300
2022-01-11,5호선,길동,8023,8377,16400
2022-01-11,5호선,김포공항,6824,6707,13531
2022-01-11,5호선,까치산,28151,27371,55522
2022-01-11,5호선,답십리,15978,14709,30687
2022-01-11,5호선,동대문역사문화공원,3176,3635,6811
2022-01-11,5호선,둔촌동,8656,8609,17265
2022-01-11,5호선,마곡,11357,10851,22208
2022-01-11,5호선,마장,5604,5235,10839
2022-01-11,5호선,마천,6663,6587,13250
2022-01-11,5호선,마포,14811,15040,29851
2022-01-11,5호선,명일,8458,8861,17319
2022-01-11,5호선,목동,16677,18452,35129
2022-01-11,5호선,미사,15776,15465,31241
2022-01-11,5호선,발산,20445,20413,40858
2022-01-11,5호선,방이,7136,7445,14581
2022-01-11,5호선,방화,6397,6250,12647
2022-01-11,5호선,상일동,15524,14288,29812
2022-01-11,5호선,서대문,19547,20030,39577
2022-01-11,5호선,송정,6223,5768,11991
2022-01-11,5호선,신금호,6237,6468,12705
2022-01-11,5호선,신길,4156,4551,8707
2022-01-11,5호선,신정,13839,11388,25227
2022-01-11,5호선,아차산,13475,13218,26693
2022-01-11,5호선,애오개,6932,7055,13987
2022-01-11,5호선,양평,7823,7938,15761
2022-01-11,5호선,여의나루,8413,9415,17828
2022-01-11,5호선,여의도,30591,31049,61640
2022-01-11,5호선,영등포구청,3859,3960,7819
2022-01-11,5호선,영등포시장,9864,10236,20100
2022-01-11,5호선,오금,3668,3602,7270
2022-01-11,5호선,오목교,22035,23371,45406
2022-01-11,5호선,올림픽공원,4205,3561,7766
2022-01-11,5호선,왕십리,4487,5047,9534
2022-01-11,5호선,우장산,13934,14081,28015
2022-01-11,5호선,을지로4가,6108,6173,12281
2022-01-11,5호선,장한평,18378,18531,36909
2022-01-11,5호선,종로3가,11916,11648,23564
2022-01-11,5호선,천호,17398,17169,34567
2022-01-11,5호선,청구,3953,3558,7511
2022-01-11,5호선,충정로,4908,5017,9925
2022-01-11,5호선,하남검단산,5094,4888,9982
2022-01-11,5호선,하남시청,6076,6031,12107
2022-01-11,5호선,하남풍산,4128,4282,8410
2022-01-11,5호선,행당,8038,7420,15458
2022-01-11,5호선,화곡,27717,26260,53977
2022-01-11,6호선,고려대,7452,7274,14726
2022-01-11,6호선,공덕,18256,17385,35641
2022-01-11,6호선,광흥창,8919,8881,17800
2022-01-11,6호선,구산,7384,5695,13079
2022-01-11,6호선,녹사평,4272,4294,8566
2022-01-11,6호선,대흥,7648,7928,15576
2022-01-11,6호선,독바위,2620,2776,5396
2022-01-11,6호선,돌곶이,9205,8761,17966
2022-01-11,6호선,동묘앞,7224,7342,14566
2022-01-11,6호선,디지털미디어시티,13583,15262,28845
2022-01-11,6호선,마포구청,14066,13116,27182
2022-01-11,6호선,망원,13352,14402,27754
2022-01-11,6호선,버티고개,1909,1987,3896
2022-01-11,6호선,보문,6851,6552,13403
2022-01-11,6호선,봉화산,8897,8385,17282
2022-01-11,6호선,불광,4077,4142,8219
2022-01-11,6호선,삼각지,6163,5651,11814
2022-01-11,6호선,상수,7994,8690,16684
2022-01-11,6호선,상월곡,5960,5423,11383
2022-01-11,6호선,새절,12245,11488,23733
2022-01-11,6호선,석계,11696,12316,24012
2022-01-11,6호선,신당,8249,8467,16716
2022-01-11,6호선,안암,9677,9732,19409
2022-01-11,6호선,약수,3434,3455,6889
2022-01-11,6호선,역촌,3720,4468,8188
2022-01-11,6호선,월곡,11088,11049,22137
2022-01-11,6호선,월드컵경기장,3308,3564,6872
2022-01-11,6호선,응암,16897,17027,33924
2022-01-11,6호선,이태원,8609,8570,17179
2022-01-11,6호선,증산,9612,9775,19387
2022-01-11,6호선,창신,3424,2935,6359
2022-01-11,6호선,청구,3568,3828,7396
2022-01-11,6호선,태릉입구,5170,5645,10815
2022-01-11,6호선,한강진,7971,9059,17030
2022-01-11,6호선,합정,12728,12125,24853
2022-01-11,6호선,화랑대,11367,8937,20304
2022-01-11,6호선,효창공원앞,6894,6329,13223
2022-01-11,7호선,가산디지털단지,48557,48232,96789
2022-01-11,7호선,강남구청,16757,18287,35044
2022-01-11,7호선,건대입구,11820,12453,24273
2022-01-11,7호선,고속터미널,14757,12761,27518
2022-01-11,7호선,공릉,11298,11304,22602
2022-01-11,7호선,광명사거리,21453,21059,42512
2022-01-11,7호선,군자,14777,12042,26819
2022-01-11,7호선,굴포천,1,0,1
2022-01-11,7호선,남구로,16118,17149,33267
2022-01-11,7호선,남성,10889,10250,21139
2022-01-11,7호선,내방,14790,15069,29859
2022-01-11,7호선,노원,19445,19851,39296
2022-01-11,7호선,논현,21025,22731,43756
2022-01-11,7호선,대림,7767,7691,15458
2022-01-11,7호선,도봉산,8625,9707,18332
2022-01-11,7호선,뚝섬유원지,6727,6605,13332
2022-01-11,7호선,마들,12345,12038,24383
2022-01-11,7호선,먹골,10054,9920,19974
2022-01-11,7호선,면목,14863,14670,29533
2022-01-11,7호선,반포,5649,5470,11119
2022-01-11,7호선,보라매,10118,10080,20198
2022-01-11,7호선,부천시청,1,0,1
2022-01-11,7호선,부평구청,1,0,1
2022-01-11,7호선,사가정,15632,15644,31276
2022-01-11,7호선,상도,10386,10249,20635
2022-01-11,7호선,상동,1,0,1
2022-01-11,7호선,상봉,16434,15309,31743
2022-01-11,7호선,수락산,11863,11684,23547
2022-01-11,7호선,숭실대입구,11403,11562,22965
2022-01-11,7호선,신대방삼거리,16552,15948,32500
2022-01-11,7호선,신풍,11356,10947,22303
2022-01-11,7호선,어린이대공원,11833,11740,23573
2022-01-11,7호선,온수,9943,9104,19047
2022-01-11,7호선,용마산,5961,5893,11854
2022-01-11,7호선,이수,15379,14936,30315
2022-01-11,7호선,장승배기,9029,8863,17892
2022-01-11,7호선,장암,2182,757,2939
2022-01-11,7호선,중계,13515,12580,26095
2022-01-11,7호선,중곡,10339,10098,20437
2022-01-11,7호선,중화,10581,10522,21103
2022-01-11,7호선,천왕,11157,10646,21803
2022-01-11,7호선,철산,20733,21384,42117
2022-01-11,7호선,청담,19607,21931,41538
2022-01-11,7호선,춘의,1,0,1
2022-01-11,7호선,태릉입구,8077,7670,15747
2022-01-11,7호선,하계,17107,16280,33387
2022-01-11,7호선,학동,25817,27128,52945
2022-01-11,8호선,가락시장,7765,8457,16222
2022-01-11,8호선,강동구청,10578,11052,21630
2022-01-11,8호선,남위례,3596,3949,7545
2022-01-11,8호선,남한산성입구,13263,12225,25488
2022-01-11,8호선,단대오거리,10089,10038,20127
2022-01-11,8호선,모란,4149,3081,7230
2022-01-11,8호선,몽촌토성,6122,6134,12256
2022-01-11,8호선,문정,23158,24319,47477
2022-01-11,8호선,복정,9388,8012,17400
2022-01-11,8호선,산성,5194,5197,10391
2022-01-11,8호선,석촌,7982,8909,16891
2022-01-11,8호선,송파,7505,7661,15166
2022-01-11,8호선,수진,5158,4798,9956
2022-01-11,8호선,신흥,3987,4505,8492
2022-01-11,8호선,암사,18867,16917,35784
2022-01-11,8호선,잠실,13885,16051,29936
2022-01-11,8호선,장지,17275,16646,33921
2022-01-11,8호선,천호,14611,16789,31400
2022-01-11,9호선,가양,20097,19685,39782
2022-01-11,9호선,개화,2424,1739,4163
2022-01-11,9호선,고속터미널,10971,14125,25096
2022-01-11,9호선,공항시장,2876,3184,6060
2022-01-11,9호선,구반포,1474,1507,2981
2022-01-11,9호선,국회의사당,17722,17931,35653
2022-01-11,9호선,김포공항,6755,10692,17447
2022-01-11,9호선,노들,4275,3724,7999
2022-01-11,9호선,노량진,26066,25185,51251
2022-01-11,9호선,당산,18333,18219,36552
2022-01-11,9호선,동작,1736,1333,3069
2022-01-11,9호선,등촌,11413,11308,22721
2022-01-11,9호선,마곡나루,11887,11644,23531
2022-01-11,9호선,사평,3495,3474,6969
2022-01-11,9호선,샛강,6026,6401,12427
2022-01-11,9호선,선유도,9165,8918,18083
2022-01-11,9호선,신논현,32704,32257,64961
2022-01-11,9호선,신목동,4029,3569,7598
2022-01-11,9호선,신반포,3103,3055,6158
2022-01-11,9호선,신방화,6592,6423,13015
2022-01-11,9호선,양천향교,9599,9980,19579
2022-01-11,9호선,여의도,28497,27116,55613
2022-01-11,9호선,염창,17038,16576,33614
2022-01-11,9호선,증미,7527,7546,15073
2022-01-11,9호선,흑석,7625,8130,15755
2022-01-11,9호선2~3단계,둔촌오륜,972,913,1885
2022-01-11,9호선2~3단계,봉은사,15950,16262,32212
2022-01-11,9호선2~3단계,삼성중앙,7148,7497,14645
2022-01-11,9호선2~3단계,삼전,6954,7030,13984
2022-01-11,9호선2~3단계,석촌,8342,7343,15685
2022-01-11,9호선2~3단계,석촌고분,6295,6241,12536
2022-01-11,9호선2~3단계,선정릉,9775,10670,20445
2022-01-11,9호선2~3단계,송파나루,5242,5465,10707
2022-01-11,9호선2~3단계,언주,11364,11635,22999
2022-01-11,9호선2~3단계,올림픽공원,5687,5589,11276
2022-01-11,9호선2~3단계,종합운동장,4258,4324,8582
2022-01-11,9호선2~3단계,중앙보훈병원,10823,9637,20460
2022-01-11,9호선2~3단계,한성백제,2551,2359,4910
2022-01-11,경강선,경기광주,7663,7177,14840
2022-01-11,경강선,곤지암,2049,2008,4057
2022-01-11,경강선,부발,1934,1845,3779
2022-01-11,경강선,삼동,2361,2220,4581
2022-01-11,경강선,세종대왕릉,270,262,532
2022-01-11,경강선,신둔도예촌,1277,1209,2486
2022-01-11,경강선,여주,1874,1736,3610
2022-01-11,경강선,이매,1071,928,1999
2022-01-11,경강선,이천,2443,2455,4898
2022-01-11,경강선,초월,3033,2934,5967
2022-01-11,경강선,판교,4861,4725,9586
2022-01-11,경부선,가산디지털단지,18251,21322,39573
2022-01-11,경부선,관악,7033,6554,13587
2022-01-11,경부선,광명,3135,2679,5814
2022-01-11,경부선,구로,18126,18367,36493
2022-01-11,경부선,군포,7707,7615,15322
2022-01-11,경부선,금정,26062,26455,52517
2022-01-11,경부선,금천구청,11254,11279,22533
2022-01-11,경부선,남영,8662,9015,17677
2022-01-11,경부선,노량진,7656,7784,15440
2022-01-11,경부선,당정,6018,5661,11679
2022-01-11,경부선,대방,12507,13016,25523
2022-01-11,경부선,독산,18717,19865,38582
2022-01-11,경부선,두정,4076,4123,8199
2022-01-11,경부선,명학,8819,8795,17614
2022-01-11,경부선,병점,13185,13146,26331
2022-01-11,경부선,서동탄,1377,1193,2570
2022-01-11,경부선,서울역,5288,1800,7088
2022-01-11,경부선,서정리,5942,5600,11542
2022-01-11,경부선,석수,9306,8370,17676
2022-01-11,경부선,성균관대,13096,13141,26237
2022-01-11,경부선,성환,2872,2867,5739
2022-01-11,경부선,세류,2745,2470,5215
2022-01-11,경부선,세마,2681,2498,5179
2022-01-11,경부선,송탄,3726,3586,7312
2022-01-11,경부선,수원,30282,32386,62668
2022-01-11,경부선,신길,8497,7274,15771
2022-01-11,경부선,신도림,3753,3720,7473
2022-01-11,경부선,안양,20141,20139,40280
2022-01-11,경부선,영등포,34494,34732,69226
2022-01-11,경부선,오산,8803,8654,17457
2022-01-11,경부선,오산대,3028,2758,5786
2022-01-11,경부선,용산,30863,31075,61938
2022-01-11,경부선,의왕,8834,8753,17587
2022-01-11,경부선,직산,632,659,1291
2022-01-11,경부선,진위,1527,1336,2863
2022-01-11,경부선,천안,3938,4153,8091
2022-01-11,경부선,평택,9892,9789,19681
2022-01-11,경부선,평택지제,3107,3172,6279
2022-01-11,경부선,화서,7609,7420,15029
2022-01-11,경원선,가능,6063,5952,12015
2022-01-11,경원선,광운대,7144,6796,13940
2022-01-11,경원선,녹양,4263,3983,8246
2022-01-11,경원선,녹천,4442,3757,8199
2022-01-11,경원선,덕계,2823,2581,5404
2022-01-11,경원선,덕정,4916,4808,9724
2022-01-11,경원선,도봉,5674,5625,11299
2022-01-11,경원선,도봉산,6468,3821,10289
2022-01-11,경원선,동두천,1863,1996,3859
2022-01-11,경원선,동두천중앙,2663,2616,5279
2022-01-11,경원선,망월사,6802,7066,13868
2022-01-11,경원선,방학,8970,8837,17807
2022-01-11,경원선,보산,1307,1171,2478
2022-01-11,경원선,서빙고,1928,1871,3799
2022-01-11,경원선,석계,7473,8531,16004
2022-01-11,경원선,소요산,1903,1653,3556
2022-01-11,경원선,신이문,7986,7413,15399
2022-01-11,경원선,양주,6953,6526,13479
2022-01-11,경원선,옥수,55,28,83
2022-01-11,경원선,왕십리,12612,14423,27035
2022-01-11,경원선,외대앞,6674,6855,13529
2022-01-11,경원선,월계,5734,5495,11229
2022-01-11,경원선,응봉,1714,1474,3188
2022-01-11,경원선,의정부,16988,17367,34355
2022-01-11,경원선,이촌,3439,2715,6154
2022-01-11,경원선,지행,5968,5848,11816
2022-01-11,경원선,청량리,12993,13453,26446
2022-01-11,경원선,한남,3892,3755,7647
2022-01-11,경원선,회룡,11746,11527,23273
2022-01-11,경의선,가좌,5084,4939,10023
2022-01-11,경의선,강매,3082,2670,5752
2022-01-11,경의선,곡산,527,517,1044
2022-01-11,경의선,공덕,3572,2980,6552
2022-01-11,경의선,금릉,4545,4304,8849
2022-01-11,경의선,금촌,5999,6105,12104
2022-01-11,경의선,능곡,3461,3223,6684
2022-01-11,경의선,디지털미디어시티,2432,2256,4688
2022-01-11,경의선,문산,4547,4513,9060
2022-01-11,경의선,백마,6628,6451,13079
2022-01-11,경의선,서강대,2061,2015,4076
2022-01-11,경의선,서울역,4095,5109,9204
2022-01-11,경의선,수색,2711,2747,5458
2022-01-11,경의선,신촌,827,978,1805
2022-01-11,경의선,야당,6916,6722,13638
2022-01-11,경의선,운정,6553,6182,12735
2022-01-11,경의선,월롱,2327,2126,4453
2022-01-11,경의선,일산,8792,8896,17688
2022-01-11,경의선,임진강,5,8,13
2022-01-11,경의선,탄현,7444,7138,14582
2022-01-11,경의선,파주,905,658,1563
2022-01-11,경의선,풍산,5150,4803,9953
2022-01-11,경의선,행신,7668,7794,15462
2022-01-11,경의선,홍대입구,1503,1814,3317
2022-01-11,경의선,화전,1370,1283,2653
2022-01-11,경의선,효창공원앞,2810,3358,6168
2022-01-11,경인선,간석,5489,5332,10821
2022-01-11,경인선,개봉,20695,20972,41667
2022-01-11,경인선,구일,5746,5821,11567
2022-01-11,경인선,도원,2453,2461,4914
2022-01-11,경인선,도화,3842,3655,7497
2022-01-11,경인선,동암,13604,13824,27428
2022-01-11,경인선,동인천,12327,11776,24103
2022-01-11,경인선,백운,6407,6462,12869
2022-01-11,경인선,부개,8038,7572,15610
2022-01-11,경인선,부천,29959,29926,59885
2022-01-11,경인선,부평,27689,29096,56785
2022-01-11,경인선,소사,7892,7685,15577
2022-01-11,경인선,송내,25699,25900,51599
2022-01-11,경인선,역곡,25612,25655,51267
2022-01-11,경인선,오류동,11268,10674,21942
2022-01-11,경인선,온수,6040,5866,11906
2022-01-11,경인선,인천,2980,2080,5060
2022-01-11,경인선,제물포,9567,9203,18770
2022-01-11,경인선,주안,17507,15757,33264
2022-01-11,경인선,중동,8962,8429,17391
2022-01-11,경춘선,가평,1343,1327,2670
2022-01-11,경춘선,갈매,2938,2519,5457
2022-01-11,경춘선,강촌,321,305,626
2022-01-11,경춘선,굴봉산,110,113,223
2022-01-11,경춘선,금곡,1341,1038,2379
2022-01-11,경춘선,김유정,278,251,529
2022-01-11,경춘선,남춘천,1890,1945,3835
2022-01-11,경춘선,대성리,383,368,751
2022-01-11,경춘선,마석,3397,3304,6701
2022-01-11,경춘선,백양리,289,237,526
2022-01-11,경춘선,별내,3247,3065,6312
2022-01-11,경춘선,사릉,3060,2929,5989
2022-01-11,경춘선,상천,140,129,269
2022-01-11,경춘선,신내,1944,1825,3769
2022-01-11,경춘선,천마산,1489,1366,2855
2022-01-11,경춘선,청평,1334,1294,2628
2022-01-11,경춘선,춘천,1044,921,1965
2022-01-11,경춘선,퇴계원,3397,3129,6526
2022-01-11,경춘선,평내호평,5831,5613,11444
2022-01-11,공항철도,검암,6289,6295,12584
2022-01-11,공항철도,계양,10063,9562,19625
2022-01-11,공항철도,공덕,2282,2960,5242
2022-01-11,공항철도,공항화물청사,2308,2467,4775
2022-01-11,공항철도,김포공항,10947,6380,17327
2022-01-11,공항철도,디지털미디어시티,14412,13084,27496
2022-01-11,공항철도,마곡나루,8702,8445,17147
2022-01-11,공항철도,서울역,6951,6315,13266
2022-01-11,공항철도,영종,2820,2758,5578
2022-01-11,공항철도,운서,6250,6353,12603
2022-01-11,공항철도,인천공항1터미널,3605,3887,7492
2022-01-11,공항철도,인천공항2터미널,2157,2157,4314
2022-01-11,공항철도,청라국제도시,6801,6487,13288
2022-01-11,공항철도,홍대입구,9059,9226,18285
2022-01-11,과천선,경마공원,1214,1240,2454
2022-01-11,과천선,과천,5964,5716,11680
2022-01-11,과천선,대공원,1950,1983,3933
2022-01-11,과천선,범계,25403,24965,50368
2022-01-11,과천선,선바위,8217,7004,15221
2022-01-11,과천선,인덕원,23828,25137,48965
2022-01-11,과천선,정부과천청사,10649,10605,21254
2022-01-11,과천선,평촌,18294,18061,36355
2022-01-11,분당선,가천대,6304,7339,13643
2022-01-11,분당선,강남구청,10555,11988,22543
2022-01-11,분당선,개포동,3707,3843,7550
2022-01-11,분당선,구룡,1723,1706,3429
2022-01-11,분당선,구성,4968,5364,10332
2022-01-11,분당선,기흥,9741,9107,18848
2022-01-11,분당선,대모산입구,4474,4205,8679
2022-01-11,분당선,도곡,7009,6940,13949
2022-01-11,분당선,망포,14539,13931,28470
2022-01-11,분당선,매교,2651,2472,5123
2022-01-11,분당선,매탄권선,4726,4733,9459
2022-01-11,분당선,모란,18785,19048,37833
2022-01-11,분당선,미금,15384,16523,31907
2022-01-11,분당선,보정,2499,2186,4685
2022-01-11,분당선,복정,1,0,1
2022-01-11,분당선,상갈,5298,5052,10350
2022-01-11,분당선,서울숲,10204,10490,20694
2022-01-11,분당선,서현,24994,25293,50287
2022-01-11,분당선,선릉,14530,21629,36159
2022-01-11,분당선,선정릉,8461,8983,17444
2022-01-11,분당선,수내,13995,13924,27919
2022-01-11,분당선,수서,13195,13586,26781
2022-01-11,분당선,수원,7754,6513,14267
2022-01-11,분당선,수원시청,12688,13398,26086
2022-01-11,분당선,신갈,4532,4505,9037
2022-01-11,분당선,압구정로데오,19605,20792,40397
2022-01-11,분당선,야탑,25391,26457,51848
2022-01-11,분당선,영통,8226,8198,16424
2022-01-11,분당선,오리,11807,9592,21399
2022-01-11,분당선,이매,5323,5120,10443
2022-01-11,분당선,정자,17745,18793,36538
2022-01-11,분당선,죽전,12763,14012,26775
2022-01-11,분당선,청명,4167,4028,8195
2022-01-11,분당선,태평,13388,12786,26174
2022-01-11,분당선,한티,14947,16089,31036
2022-01-11,수인선,고색,4600,4263,8863
2022-01-11,수인선,남동인더스파크,2295,2629,4924
2022-01-11,수인선,달월,97,64,161
2022-01-11,수인선,사리,4284,3883,8167
2022-01-11,수인선,소래포구,4372,4036,8408
2022-01-11,수인선,송도,2225,2114,4339
2022-01-11,수인선,숭의,3708,3576,7284
2022-01-11,수인선,신포,1444,1533,2977
2022-01-11,수인선,야목,331,237,568
2022-01-11,수인선,어천,616,654,1270
2022-01-11,수인선,연수,3995,3956,7951
2022-01-11,수인선,오목천,2776,2588,5364
2022-01-11,수인선,원인재,4084,4257,8341
2022-01-11,수인선,월곶,2410,2205,4615
2022-01-11,수인선,인천,908,1488,2396
2022-01-11,수인선,인천논현,5154,5457,10611
2022-01-11,수인선,인하대,5464,5097,10561
2022-01-11,수인선,호구포,3932,4104,8036
2022-01-11,안산선,고잔,8573,8137,16710
2022-01-11,안산선,대야미,4665,4227,8892
2022-01-11,안산선,반월,3957,3729,7686
2022-01-11,안산선,산본,15019,16209,31228
2022-01-11,안산선,상록수,14938,15471,30409
2022-01-11,안산선,수리산,3993,3252,7245
2022-01-11,안산선,신길온천,1602,1453,3055
2022-01-11,안산선,안산,11202,10154,21356
2022-01-11,안산선,오이도,7655,7309,14964
2022-01-11,안산선,정왕,7116,7630,14746
2022-01-11,안산선,중앙,16872,17336,34208
2022-01-11,안산선,초지,4375,4465,8840
2022-01-11,안산선,한대앞,8328,8310,16638
2022-01-11,우이신설선,4.19민주묘지,2451,2486,4937
2022-01-11,우이신설선,가오리,3908,3890,7798
2022-01-11,우이신설선,보문,1446,1423,2869
2022-01-11,우이신설선,북한산보국문,5650,5512,11162
2022-01-11,우이신설선,북한산우이,2233,1980,4213
2022-01-11,우이신설선,삼양,1907,2015,3922
2022-01-11,우이신설선,삼양사거리,2318,2356,4674
2022-01-11,우이신설선,성신여대입구,3137,3462,6599
2022-01-11,우이신설선,솔밭공원,2377,2281,4658
2022-01-11,우이신설선,솔샘,5791,5447,11238
2022-01-11,우이신설선,신설동,1931,1894,3825
2022-01-11,우이신설선,정릉,4419,4185,8604
2022-01-11,우이신설선,화계,3191,3042,6233
2022-01-11,일산선,대곡,1852,1448,3300
2022-01-11,일산선,대화,12157,9696,21853
2022-01-11,일산선,마두,7392,7558,14950
2022-01-11,일산선,백석,9498,9519,19017
2022-01-11,일산선,삼송,18474,18124,36598
2022-01-11,일산선,원당,10461,9992,20453
2022-01-11,일산선,원흥,10277,9849,20126
2022-01-11,일산선,정발산,6889,6771,13660
2022-01-11,일산선,주엽,8678,8531,17209
2022-01-11,일산선,화정,16205,16675,32880
2022-01-11,장항선,배방,862,873,1735
2022-01-11,장항선,봉명,1089,1054,2143
2022-01-11,장항선,신창,815,836,1651
2022-01-11,장항선,쌍용,1651,1492,3143
2022-01-11,장항선,아산,2281,2136,4417
2022-01-11,장항선,온양온천,2872,2960,5832
2022-01-11,장항선,탕정,332,314,646
2022-01-11,중앙선,구리,12872,12836,25708
2022-01-11,중앙선,국수,674,624,1298
2022-01-11,중앙선,덕소,5192,5239,10431
2022-01-11,중앙선,도농,10128,9230,19358
2022-01-11,중앙선,도심,2287,1753,4040
2022-01-11,중앙선,망우,6968,7020,13988
2022-01-11,중앙선,상봉,5427,5493,10920
2022-01-11,중앙선,신원,156,159,315
2022-01-11,중앙선,아신,451,454,905
2022-01-11,중앙선,양수,1505,1517,3022
2022-01-11,중앙선,양원,1926,1869,3795
2022-01-11,중앙선,양정,677,567,1244
2022-01-11,중앙선,양평,2376,2307,4683
2022-01-11,중앙선,오빈,254,235,489
2022-01-11,중앙선,용문,1378,1360,2738
2022-01-11,중앙선,운길산,503,450,953
2022-01-11,중앙선,원덕,274,252,526
2022-01-11,중앙선,중랑,5222,4954,10176
2022-01-11,중앙선,지평,58,59,117
2022-01-11,중앙선,팔당,731,755,1486
2022-01-11,중앙선,회기,22283,21830,44113
2022-01-12,1호선,동대문,9894,9059,18953
2022-01-12,1호선,동묘앞,5976,6169,12145
2022-01-12,1호선,서울역,40827,38656,79483
2022-01-12,1호선,시청,21425,21176,42601
2022-01-12,1호선,신설동,12914,12586,25500
2022-01-12,1호선,제기동,14907,15034,29941
2022-01-12,1호선,종각,34756,33411,68167
2022-01-12,1호선,종로3가,23112,21411,44523
2022-01-12,1호선,종로5가,20613,20381,40994
2022-01-12,1호선,청량리,17052,16862,33914
2022-01-12,2호선,강남,87834,85411,173245
2022-01-12,2호선,강변,28552,27023,55575
2022-01-12,2호선,건대입구,33270,35293,68563
2022-01-12,2호선,교대,34409,38731,73140
2022-01-12,2호선,구로디지털단지,59366,59222,118588
2022-01-12,2호선,구의,23183,22949,46132
2022-01-12,2호선,낙성대,26189,25682,51871
2022-01-12,2호선,당산,17593,20400,37993
2022-01-12,2호선,대림,22714,23250,45964
2022-01-12,2호선,도림천,1416,1451,2867
2022-01-12,2호선,동대문역사문화공원,11302,12387,23689
2022-01-12,2호선,뚝섬,21727,23392,45119
2022-01-12,2호선,문래,21150,21525,42675
2022-01-12,2호선,방배,16089,16860,32949
2022-01-12,2호선,봉천,22923,21656,44579
2022-01-12,2호선,사당,35068,38291,73359
2022-01-12,2호선,삼성,52432,52235,104667
2022-01-12,2호선,상왕십리,13705,13556,27261
2022-01-12,2호선,서울대입구,45617,45075,90692
2022-01-12,2호선,서초,21500,20659,42159
2022-01-12,2호선,선릉,57818,51313,109131
2022-01-12,2호선,성수,38123,40786,78909
2022-01-12,2호선,시청,23644,22461,46105
2022-01-12,2호선,신답,1596,1939,3535
2022-01-12,2호선,신당,12979,13643,26622
2022-01-12,2호선,신대방,25215,24792,50007
2022-01-12,2호선,신도림,45623,44751,90374
2022-01-12,2호선,신림,61441,60475,121916
2022-01-12,2호선,신설동,3237,3363,6600
2022-01-12,2호선,신정네거리,9869,10351,20220
2022-01-12,2호선,신촌,31179,31788,62967
2022-01-12,2호선,아현,9560,9166,18726
2022-01-12,2호선,양천구청,6599,7022,13621
2022-01-12,2호선,역삼,55474,60647,116121
2022-01-12,2호선,영등포구청,22668,23203,45871
2022-01-12,2호선,왕십리,14997,12498,27495
2022-01-12,2호선,용답,2521,2565,5086
2022-01-12,2호선,용두,2200,2273,4473
2022-01-12,2호선,을지로3가,22675,22200,44875
2022-01-12,2호선,을지로4가,12731,12322,25053
2022-01-12,2호선,을지로입구,38799,39363,78162
2022-01-12,2호선,이대,12061,12662,24723
2022-01-12,2호선,잠실,67271,67606,134877
2022-01-12,2호선,잠실나루,14140,13580,27720
2022-01-12,2호선,잠실새내,20648,20412,41060
2022-01-12,2호선,종합운동장,6858,7414,14272
2022-01-12,2호선,충정로,9740,10259,19999
2022-01-12,2호선,한양대,6882,7276,14158
2022-01-12,2호선,합정,30220,30838,61058
2022-01-12,2호선,홍대입구,51272,52155,103427
2022-01-12,3호선,가락시장,8591,8440,17031
2022-01-12,3호선,경복궁,18524,18089,36613
2022-01-12,3호선,경찰병원,7513,7667,15180
2022-01-12,3호선,고속터미널,36363,34880,71243
2022-01-12,3호선,교대,14343,9268,23611
2022-01-12,3호선,구파발,19602,18643,38245
2022-01-12,3호선,금호,7697,7370,15067
2022-01-12,3호선,남부터미널,28486,28955,57441
2022-01-12,3호선,녹번,15015,13818,28833
2022-01-12,3호선,대청,9772,9217,18989
2022-01-12,3호선,대치,11164,11194,22358
2022-01-12,3호선,도곡,5264,5340,10604
2022-01-12,3호선,독립문,6100,6423,12523
2022-01-12,3호선,동대입구,7273,7584,14857
2022-01-12,3호선,매봉,12661,12097,24758
2022-01-12,3호선,무악재,3783,3805,7588
2022-01-12,3호선,불광,15241,16025,31266
2022-01-12,3호선,수서,16175,16474,32649
2022-01-12,3호선,신사,31422,32147,63569
2022-01-12,3호선,안국,19174,19623,38797
2022-01-12,3호선,압구정,32508,34545,67053
2022-01-12,3호선,약수,12230,11926,24156
2022-01-12,3호선,양재,39110,41847,80957
2022-01-12,3호선,연신내,34175,32797,66972
2022-01-12,3호선,오금,6064,5477,11541
2022-01-12,3호선,옥수,8402,8896,17298
2022-01-12,3호선,을지로3가,10752,10942,21694
2022-01-12,3호선,일원,9749,9533,19282
2022-01-12,3호선,잠원,4474,4477,8951
2022-01-12,3호선,종로3가,10047,11314,21361
2022-01-12,3호선,지축,4246,4168,8414
2022-01-12,3호선,학여울,1693,1780,3473
2022-01-12,3호선,홍제,16038,15389,31427
2022-01-12,4호선,길음,19129,18874,38003
2022-01-12,4호선,남태령,1090,987,2077
2022-01-12,4호선,노원,17841,19913,37754
2022-01-12,4호선,당고개,11963,10816,22779
2022-01-12,4호선,동대문,18101,18776,36877
2022-01-12,4호선,동대문역사문화공원,14445,13133,27578
2022-01-12,4호선,동작,1109,1292,2401
2022-01-12,4호선,명동,17095,17644,34739
2022-01-12,4호선,미아,13828,13839,27667
2022-01-12,4호선,미아사거리,25971,25240,51211
2022-01-12,4호선,사당,23786,19455,43241
2022-01-12,4호선,삼각지,4896,5283,10179
2022-01-12,4호선,상계,18061,16862,34923
2022-01-12,4호선,서울역,10818,15502,26320
2022-01-12,4호선,성신여대입구,18692,18193,36885
2022-01-12,4호선,수유,32067,32526,64593
2022-01-12,4호선,숙대입구,12046,11835,23881
2022-01-12,4호선,신용산,16392,17376,33768
2022-01-12,4호선,쌍문,28186,26006,54192
2022-01-12,4호선,이촌,7226,7950,15176
2022-01-12,4호선,창동,23845,25281,49126
2022-01-12,4호선,총신대입구,18049,19625,37674
2022-01-12,4호선,충무로,25529,26150,51679
2022-01-12,4호선,한성대입구,12352,11993,24345
2022-01-12,4호선,혜화,31023,30708,61731
2022-01-12,4호선,회현,22312,23727,46039
2022-01-12,5호선,강동,18342,17488,35830
2022-01-12,5호선,강일,3688,3655,7343
2022-01-12,5호선,개롱,6175,6519,12694
2022-01-12,5호선,개화산,5317,5137,10454
2022-01-12,5호선,거여,9013,8543,17556
2022-01-12,5호선,고덕,8970,9088,18058
2022-01-12,5호선,공덕,13818,14660,28478
2022-01-12,5호선,광나루,12507,11175,23682
2022-01-12,5호선,광화문,29587,30613,60200
2022-01-12,5호선,군자,11077,12039,23116
2022-01-12,5호선,굽은다리,9199,8901,18100
2022-01-12,5호선,길동,7751,8176,15927
2022-01-12,5호선,김포공항,6749,6436,13185
2022-01-12,5호선,까치산,27834,27152,54986
2022-01-12,5호선,답십리,15882,14660,30542
2022-01-12,5호선,동대문역사문화공원,3111,3599,6710
2022-01-12,5호선,둔촌동,8506,8380,16886
2022-01-12,5호선,마곡,10878,10744,21622
2022-01-12,5호선,마장,5495,5056,10551
2022-01-12,5호선,마천,6517,6466,12983
2022-01-12,5호선,마포,14579,14855,29434
2022-01-12,5호선,명일,8262,8739,17001
2022-01-12,5호선,목동,16380,17815,34195
2022-01-12,5호선,미사,15537,15494,31031
2022-01-12,5호선,발산,20042,20161,40203
2022-01-12,5호선,방이,7177,7371,14548
2022-01-12,5호선,방화,6226,6021,12247
2022-01-12,5호선,상일동,15072,14030,29102
2022-01-12,5호선,서대문,19315,19594,38909
2022-01-12,5호선,송정,6033,5779,11812
2022-01-12,5호선,신금호,6069,6255,12324
2022-01-12,5호선,신길,4154,4483,8637
2022-01-12,5호선,신정,13569,11108,24677
2022-01-12,5호선,아차산,13306,13074,26380
2022-01-12,5호선,애오개,6612,6925,13537
2022-01-12,5호선,양평,7563,7636,15199
2022-01-12,5호선,여의나루,8371,9319,17690
2022-01-12,5호선,여의도,29940,30499,60439
2022-01-12,5호선,영등포구청,3784,3904,7688
2022-01-12,5호선,영등포시장,9772,10142,19914
2022-01-12,5호선,오금,3521,3553,7074
2022-01-12,5호선,오목교,21527,22780,44307
2022-01-12,5호선,올림픽공원,4007,3392,7399
2022-01-12,5호선,왕십리,4522,4927,9449
2022-01-12,5호선,우장산,13691,13710,27401
2022-01-12,5호선,을지로4가,5937,5960,11897
2022-01-12,5호선,장한평,18457,18390,36847
2022-01-12,5호선,종로3가,12065,11651,23716
2022-01-12,5호선,천호,17125,17074,34199
2022-01-12,5호선,청구,3832,3584,7416
2022-01-12,5호선,충정로,4720,4788,9508
2022-01-12,5호선,하남검단산,5005,4901,9906
2022-01-12,5호선,하남시청,6032,5831,11863
2022-01-12,5호선,하남풍산,4037,4072,8109
2022-01-12,5호선,행당,7882,7267,15149
2022-01-12,5호선,화곡,27489,25934,53423
2022-01-12,6호선,고려대,7257,7057,14314
2022-01-12,6호선,공덕,18107,17385,35492
2022-01-12,6호선,광흥창,8770,8645,17415
2022-01-12,6호선,구산,7145,5600,12745
2022-01-12,6호선,녹사평,4203,4223,8426
2022-01-12,6호선,대흥,7601,7765,15366
2022-01-12,6호선,독바위,2585,2703,5288
2022-01-12,6호선,돌곶이,9286,8760,18046
2022-01-12,6호선,동묘앞,7097,7345,14442
2022-01-12,6호선,디지털미디어시티,13344,14946,28290
2022-01-12,6호선,마포구청,13704,12740,26444
2022-01-12,6호선,망원,13371,14254,27625
2022-01-12,6호선,버티고개,1828,1896,3724
2022-01-12,6호선,보문,6799,6412,13211
2022-01-12,6호선,봉화산,8650,8199,16849
2022-01-12,6호선,불광,3973,3943,7916
2022-01-12,6호선,삼각지,6060,5479,11539
2022-01-12,6호선,상수,8124,8910,17034
2022-01-12,6호선,상월곡,5913,5330,11243
2022-01-12,6호선,새절,12063,11362,23425
2022-01-12,6호선,석계,11703,12283,23986
2022-01-12,6호선,신내,1,0,1
2022-01-12,6호선,신당,8420,8719,17139
2022-01-12,6호선,안암,9659,9525,19184
2022-01-12,6호선,약수,3459,3436,6895
2022-01-12,6호선,역촌,3582,4342,7924
2022-01-12,6호선,월곡,10840,11033,21873
2022-01-12,6호선,월드컵경기장,3368,3554,6922
2022-01-12,6호선,응암,16780,16821,33601
2022-01-12,6호선,이태원,8869,8885,17754
2022-01-12,6호선,증산,9702,9756,19458
2022-01-12,6호선,창신,3410,2800,6210
2022-01-12,6호선,청구,3740,3903,7643
2022-01-12,6호선,태릉입구,5200,5768,10968
2022-01-12,6호선,한강진,8463,9324,17787
2022-01-12,6호선,합정,12727,12413,25140
2022-01-12,6호선,화랑대,11117,8725,19842
2022-01-12,6호선,효창공원앞,6693,5984,12677
2022-01-12,7호선,가산디지털단지,47246,46973,94219
2022-01-12,7호선,강남구청,16712,18169,34881
2022-01-12,7호선,건대입구,12113,12401,24514
2022-01-12,7호선,고속터미널,14762,12688,27450
2022-01-12,7호선,공릉,10813,10906,21719
2022-01-12,7호선,광명사거리,21086,20857,41943
2022-01-12,7호선,군자,14584,11931,26515
2022-01-12,7호선,까치울,1,0,1
2022-01-12,7호선,남구로,15974,16767,32741
2022-01-12,7호선,남성,10563,9972,20535
2022-01-12,7호선,내방,14729,15085,29814
2022-01-12,7호선,노원,18718,19346,38064
2022-01-12,7호선,논현,20597,22122,42719
2022-01-12,7호선,대림,7462,7510,14972
2022-01-12,7호선,도봉산,8342,9420,17762
2022-01-12,7호선,뚝섬유원지,6680,6716,13396
2022-01-12,7호선,마들,12185,11816,24001
2022-01-12,7호선,먹골,9654,9624,19278
2022-01-12,7호선,면목,14770,14470,29240
2022-01-12,7호선,반포,5544,5370,10914
2022-01-12,7호선,보라매,9374,9458,18832
2022-01-12,7호선,부천시청,1,0,1
2022-01-12,7호선,사가정,15372,15594,30966
2022-01-12,7호선,상도,10185,9984,20169
2022-01-12,7호선,상봉,16210,15245,31455
2022-01-12,7호선,수락산,11988,11878,23866
2022-01-12,7호선,숭실대입구,11224,11439,22663
2022-01-12,7호선,신대방삼거리,15984,15526,31510
2022-01-12,7호선,신중동,1,0,1
2022-01-12,7호선,신풍,11159,10799,21958
2022-01-12,7호선,어린이대공원,11844,11637,23481
2022-01-12,7호선,온수,9786,9068,18854
2022-01-12,7호선,용마산,5857,5699,11556
2022-01-12,7호선,이수,15356,14890,30246
2022-01-12,7호선,장승배기,8709,8608,17317
2022-01-12,7호선,장암,2084,741,2825
2022-01-12,7호선,중계,13409,12465,25874
2022-01-12,7호선,중곡,10361,10002,20363
2022-01-12,7호선,중화,10497,10518,21015
2022-01-12,7호선,천왕,11078,10513,21591
2022-01-12,7호선,철산,20307,20723,41030
2022-01-12,7호선,청담,19550,21777,41327
2022-01-12,7호선,태릉입구,7944,7507,15451
2022-01-12,7호선,하계,17374,16460,33834
2022-01-12,7호선,학동,25498,26672,52170
2022-01-12,8호선,가락시장,7578,8242,15820
2022-01-12,8호선,강동구청,10562,11029,21591
2022-01-12,8호선,남위례,3584,3917,7501
2022-01-12,8호선,남한산성입구,12895,11998,24893
2022-01-12,8호선,단대오거리,10062,9939,20001
2022-01-12,8호선,모란,4124,3136,7260
2022-01-12,8호선,몽촌토성,5960,6114,12074
2022-01-12,8호선,문정,23210,24210,47420
2022-01-12,8호선,복정,9378,7802,17180
2022-01-12,8호선,산성,5110,5061,10171
2022-01-12,8호선,석촌,7763,8861,16624
2022-01-12,8호선,송파,7203,7502,14705
2022-01-12,8호선,수진,5091,4732,9823
2022-01-12,8호선,신흥,3947,4317,8264
2022-01-12,8호선,암사,18482,16636,35118
2022-01-12,8호선,잠실,14155,16400,30555
2022-01-12,8호선,장지,17023,16584,33607
2022-01-12,8호선,천호,14500,16416,30916
2022-01-12,9호선,가양,19600,19246,38846
2022-01-12,9호선,개화,2303,1629,3932
2022-01-12,9호선,고속터미널,11174,14138,25312
2022-01-12,9호선,공항시장,2827,3090,5917
2022-01-12,9호선,구반포,1483,1541,3024
2022-01-12,9호선,국회의사당,17399,17661,35060
2022-01-12,9호선,김포공항,6764,10490,17254
2022-01-12,9호선,노들,4264,3744,8008
2022-01-12,9호선,노량진,25918,25224,51142
2022-01-12,9호선,당산,17928,18024,35952
2022-01-12,9호선,동작,1770,1370,3140
2022-01-12,9호선,등촌,11062,11087,22149
2022-01-12,9호선,마곡나루,11814,11660,23474
2022-01-12,9호선,사평,3400,3384,6784
2022-01-12,9호선,샛강,5988,6266,12254
2022-01-12,9호선,선유도,8913,8719,17632
2022-01-12,9호선,신논현,32038,31596,63634
2022-01-12,9호선,신목동,3930,3526,7456
2022-01-12,9호선,신반포,3093,3065,6158
2022-01-12,9호선,신방화,6465,6383,12848
2022-01-12,9호선,양천향교,9372,9754,19126
2022-01-12,9호선,여의도,28100,26388,54488
2022-01-12,9호선,염창,16962,16662,33624
2022-01-12,9호선,증미,7363,7319,14682
2022-01-12,9호선,흑석,7622,8052,15674
2022-01-12,9호선2~3단계,둔촌오륜,958,920,1878
2022-01-12,9호선2~3단계,봉은사,15883,16130,32013
2022-01-12,9호선2~3단계,삼성중앙,7030,7401,14431
2022-01-12,9호선2~3단계,삼전,6927,6810,13737
2022-01-12,9호선2~3단계,석촌,8302,7239,15541
2022-01-12,9호선2~3단계,석촌고분,6111,6144,12255
2022-01-12,9호선2~3단계,선정릉,9709,10534,20243
2022-01-12,9호선2~3단계,송파나루,5203,5378,10581
2022-01-12,9호선2~3단계,언주,11113,11359,22472
2022-01-12,9호선2~3단계,올림픽공원,5614,5658,11272
2022-01-12,9호선2~3단계,종합운동장,4284,4367,8651
2022-01-12,9호선2~3단계,중앙보훈병원,10644,9347,19991
2022-01-12,9호선2~3단계,한성백제,2526,2273,4799
2022-01-12,경강선,경기광주,7383,6969,14352
2022-01-12,경강선,곤지암,2059,1953,4012
2022-01-12,경강선,부발,1957,1852,3809
2022-01-12,경강선,삼동,2240,2124,4364
2022-01-12,경강선,세종대왕릉,249,244,493
2022-01-12,경강선,신둔도예촌,1240,1174,2414
2022-01-12,경강선,여주,1638,1665,3303
2022-01-12,경강선,이매,1008,858,1866
2022-01-12,경강선,이천,2342,2380,4722
2022-01-12,경강선,초월,2908,2875,5783
2022-01-12,경강선,판교,4636,4505,9141
2022-01-12,경부선,가산디지털단지,18105,21002,39107
2022-01-12,경부선,관악,6644,6260,12904
2022-01-12,경부선,광명,3064,2590,5654
2022-01-12,경부선,구로,18029,18080,36109
2022-01-12,경부선,군포,7488,7477,14965
2022-01-12,경부선,금정,25437,25880,51317
2022-01-12,경부선,금천구청,11141,11075,22216
2022-01-12,경부선,남영,8494,8905,17399
2022-01-12,경부선,노량진,7789,7935,15724
2022-01-12,경부선,당정,5829,5529,11358
2022-01-12,경부선,대방,12338,12895,25233
2022-01-12,경부선,독산,18484,19336,37820
2022-01-12,경부선,두정,4295,4283,8578
2022-01-12,경부선,명학,8634,8630,17264
2022-01-12,경부선,병점,13022,12885,25907
2022-01-12,경부선,서동탄,1314,1105,2419
2022-01-12,경부선,서울역,5345,1798,7143
2022-01-12,경부선,서정리,5896,5681,11577
2022-01-12,경부선,석수,9031,8149,17180
2022-01-12,경부선,성균관대,12807,12931,25738
2022-01-12,경부선,성환,2739,2714,5453
2022-01-12,경부선,세류,2744,2579,5323
2022-01-12,경부선,세마,2557,2383,4940
2022-01-12,경부선,송탄,3656,3469,7125
2022-01-12,경부선,수원,30188,31738,61926
2022-01-12,경부선,신길,8530,7233,15763
2022-01-12,경부선,신도림,3949,3792,7741
2022-01-12,경부선,안양,19566,19735,39301
2022-01-12,경부선,영등포,34295,35186,69481
2022-01-12,경부선,오산,8667,8633,17300
2022-01-12,경부선,오산대,2887,2688,5575
2022-01-12,경부선,용산,30782,31196,61978
2022-01-12,경부선,의왕,8600,8652,17252
2022-01-12,경부선,직산,664,656,1320
2022-01-12,경부선,진위,1508,1306,2814
2022-01-12,경부선,천안,3871,4184,8055
2022-01-12,경부선,평택,9811,9630,19441
2022-01-12,경부선,평택지제,3074,3083,6157
2022-01-12,경부선,화서,7315,7106,14421
2022-01-12,경원선,가능,5908,5809,11717
2022-01-12,경원선,광운대,9339,8829,18168
2022-01-12,경원선,녹양,4144,3908,8052
2022-01-12,경원선,녹천,4244,3673,7917
2022-01-12,경원선,덕계,2777,2495,5272
2022-01-12,경원선,덕정,4710,4545,9255
2022-01-12,경원선,도봉,5597,5454,11051
2022-01-12,경원선,도봉산,6202,3717,9919
2022-01-12,경원선,동두천,1782,1966,3748
2022-01-12,경원선,동두천중앙,2653,2569,5222
2022-01-12,경원선,망월사,6708,6994,13702
2022-01-12,경원선,방학,8838,8778,17616
2022-01-12,경원선,보산,1181,1083,2264
2022-01-12,경원선,서빙고,1880,1780,3660
2022-01-12,경원선,석계,7344,8403,15747
2022-01-12,경원선,소요산,1777,1515,3292
2022-01-12,경원선,신이문,7885,7441,15326
2022-01-12,경원선,양주,6792,6398,13190
2022-01-12,경원선,옥수,43,28,71
2022-01-12,경원선,왕십리,13099,14804,27903
2022-01-12,경원선,외대앞,6722,6827,13549
2022-01-12,경원선,월계,5622,5402,11024
2022-01-12,경원선,응봉,1692,1496,3188
2022-01-12,경원선,의정부,16971,17212,34183
2022-01-12,경원선,이촌,3523,2687,6210
2022-01-12,경원선,지행,5662,5581,11243
2022-01-12,경원선,청량리,12899,13338,26237
2022-01-12,경원선,한남,3945,3638,7583
2022-01-12,경원선,회룡,11346,11264,22610
2022-01-12,경의선,가좌,4922,4798,9720
2022-01-12,경의선,강매,3013,2641,5654
2022-01-12,경의선,곡산,516,536,1052
2022-01-12,경의선,공덕,3416,2971,6387
2022-01-12,경의선,금릉,4414,4215,8629
2022-01-12,경의선,금촌,5702,5602,11304
2022-01-12,경의선,능곡,3455,3217,6672
2022-01-12,경의선,디지털미디어시티,2347,2205,4552
2022-01-12,경의선,문산,4431,4282,8713
2022-01-12,경의선,백마,6421,6354,12775
2022-01-12,경의선,서강대,2006,1923,3929
2022-01-12,경의선,서울역,4061,5127,9188
2022-01-12,경의선,수색,2660,2738,5398
2022-01-12,경의선,신촌,798,961,1759
2022-01-12,경의선,야당,6757,6480,13237
2022-01-12,경의선,운정,6335,6049,12384
2022-01-12,경의선,월롱,2330,2092,4422
2022-01-12,경의선,일산,8651,8675,17326
2022-01-12,경의선,임진강,6,6,12
2022-01-12,경의선,탄현,7292,7135,14427
2022-01-12,경의선,파주,888,664,1552
2022-01-12,경의선,풍산,4987,4642,9629
2022-01-12,경의선,행신,7410,7512,14922
2022-01-12,경의선,홍대입구,1533,1831,3364
2022-01-12,경의선,화전,1464,1328,2792
2022-01-12,경의선,효창공원앞,2793,3306,6099
2022-01-12,경인선,간석,5378,5167,10545
2022-01-12,경인선,개봉,20092,20423,40515
2022-01-12,경인선,구일,5741,5792,11533
2022-01-12,경인선,도원,2575,2678,5253
2022-01-12,경인선,도화,3946,3770,7716
2022-01-12,경인선,동암,13539,13701,27240
2022-01-12,경인선,동인천,12903,12281,25184
2022-01-12,경인선,백운,6246,6196,12442
2022-01-12,경인선,부개,7933,7469,15402
2022-01-12,경인선,부천,29796,29858,59654
2022-01-12,경인선,부평,28001,29367,57368
2022-01-12,경인선,소사,7713,7558,15271
2022-01-12,경인선,송내,25417,25181,50598
2022-01-12,경인선,역곡,25376,25301,50677
2022-01-12,경인선,오류동,11123,10649,21772
2022-01-12,경인선,온수,6021,5862,11883
2022-01-12,경인선,인천,2727,1999,4726
2022-01-12,경인선,제물포,9705,9225,18930
2022-01-12,경인선,주안,17359,15816,33175
2022-01-12,경인선,중동,8769,8340,17109
2022-01-12,경춘선,가평,1258,1282,2540
2022-01-12,경춘선,갈매,2845,2461,5306
2022-01-12,경춘선,강촌,314,312,626
2022-01-12,경춘선,굴봉산,102,97,199
2022-01-12,경춘선,금곡,1296,1247,2543
2022-01-12,경춘선,김유정,204,187,391
2022-01-12,경춘선,남춘천,2051,2139,4190
2022-01-12,경춘선,대성리,388,329,717
2022-01-12,경춘선,마석,3234,3263,6497
2022-01-12,경춘선,백양리,258,221,479
2022-01-12,경춘선,별내,3114,2980,6094
2022-01-12,경춘선,사릉,2945,2839,5784
2022-01-12,경춘선,상천,157,146,303
2022-01-12,경춘선,신내,1851,1742,3593
2022-01-12,경춘선,천마산,1392,1309,2701
2022-01-12,경춘선,청평,1296,1250,2546
2022-01-12,경춘선,춘천,874,823,1697
2022-01-12,경춘선,퇴계원,3348,3081,6429
2022-01-12,경춘선,평내호평,5500,5198,10698
2022-01-12,공항철도,검암,6449,6342,12791
2022-01-12,공항철도,계양,9791,9245,19036
2022-01-12,공항철도,공덕,2195,2892,5087
2022-01-12,공항철도,공항화물청사,2216,2465,4681
2022-01-12,공항철도,김포공항,10853,6399,17252
2022-01-12,공항철도,디지털미디어시티,14330,12914,27244
2022-01-12,공항철도,마곡나루,8508,8122,16630
2022-01-12,공항철도,서울역,6969,6421,13390
2022-01-12,공항철도,영종,2700,2781,5481
2022-01-12,공항철도,운서,6225,6089,12314
2022-01-12,공항철도,인천공항1터미널,3679,3974,7653
2022-01-12,공항철도,인천공항2터미널,2130,2039,4169
2022-01-12,공항철도,청라국제도시,6683,6309,12992
2022-01-12,공항철도,홍대입구,9082,9139,18221
2022-01-12,과천선,경마공원,1434,1464,2898
2022-01-12,과천선,과천,5853,5493,11346
2022-01-12,과천선,대공원,1821,1919,3740
2022-01-12,과천선,범계,25163,24740,49903
2022-01-12,과천선,선바위,7942,6927,14869
2022-01-12,과천선,인덕원,23484,24556,48040
2022-01-12,과천선,정부과천청사,10123,10106,20229
2022-01-12,과천선,평촌,17877,17529,35406
2022-01-12,분당선,가천대,6345,7226,13571
2022-01-12,분당선,강남구청,10127,11560,21687
2022-01-12,분당선,개포동,3635,3891,7526
2022-01-12,분당선,구룡,1717,1707,3424
2022-01-12,분당선,구성,4904,5223,10127
2022-01-12,분당선,기흥,9201,8787,17988
2022-01-12,분당선,대모산입구,4321,4005,8326
2022-01-12,분당선,도곡,6675,6715,13390
2022-01-12,분당선,망포,14181,13610,27791
2022-01-12,분당선,매교,2613,2586,5199
2022-01-12,분당선,매탄권선,4771,4641,9412
2022-01-12,분당선,모란,18730,18939,37669
2022-01-12,분당선,미금,15248,16057,31305
2022-01-12,분당선,보정,2372,2109,4481
2022-01-12,분당선,상갈,5151,4954,10105
2022-01-12,분당선,서울숲,10387,10515,20902
2022-01-12,분당선,서현,24397,24747,49144
2022-01-12,분당선,선릉,14154,21020,35174
2022-01-12,분당선,선정릉,8322,8808,17130
2022-01-12,분당선,수내,13529,13451,26980
2022-01-12,분당선,수서,13119,13515,26634
2022-01-12,분당선,수원,7651,6221,13872
2022-01-12,분당선,수원시청,12654,13287,25941
2022-01-12,분당선,신갈,4373,4354,8727
2022-01-12,분당선,압구정로데오,19594,20667,40261
2022-01-12,분당선,야탑,25318,26446,51764
2022-01-12,분당선,영통,7972,8023,15995
2022-01-12,분당선,오리,11754,9608,21362
2022-01-12,분당선,이매,5382,5144,10526
2022-01-12,분당선,정자,17296,18317,35613
2022-01-12,분당선,죽전,12269,13714,25983
2022-01-12,분당선,청명,3956,3955,7911
2022-01-12,분당선,태평,12922,12559,25481
2022-01-12,분당선,한티,14616,15854,30470
2022-01-12,수인선,고색,4559,4304,8863
2022-01-12,수인선,남동인더스파크,2314,2508,4822
2022-01-12,수인선,달월,98,54,152
2022-01-12,수인선,사리,4175,3713,7888
2022-01-12,수인선,소래포구,4162,3900,8062
2022-01-12,수인선,송도,2237,2117,4354
2022-01-12,수인선,숭의,3699,3507,7206
2022-01-12,수인선,신포,1588,1600,3188
2022-01-12,수인선,야목,322,239,561
2022-01-12,수인선,어천,652,628,1280
2022-01-12,수인선,연수,3998,3970,7968
2022-01-12,수인선,오목천,2469,2387,4856
2022-01-12,수인선,원인재,4077,4214,8291
2022-01-12,수인선,월곶,2479,2288,4767
2022-01-12,수인선,인천,903,1464,2367
2022-01-12,수인선,인천논현,5193,5371,10564
2022-01-12,수인선,인하대,5178,4954,10132
2022-01-12,수인선,호구포,3867,4012,7879
2022-01-12,안산선,고잔,8192,7741,15933
2022-01-12,안산선,대야미,4620,4168,8788
2022-01-12,안산선,반월,3823,3718,7541
2022-01-12,안산선,산본,15111,16359,31470
2022-01-12,안산선,상록수,14174,14650,28824
2022-01-12,안산선,수리산,3889,3228,7117
2022-01-12,안산선,신길온천,1618,1465,3083
2022-01-12,안산선,안산,10780,9880,20660
2022-01-12,안산선,오이도,7454,7253,14707
2022-01-12,안산선,정왕,6991,7479,14470
2022-01-12,안산선,중앙,16652,16599,33251
2022-01-12,안산선,초지,4163,4300,8463
2022-01-12,안산선,한대앞,8151,8242,16393
2022-01-12,우이신설선,4.19민주묘지,2555,2415,4970
2022-01-12,우이신설선,가오리,3836,3788,7624
2022-01-12,우이신설선,보문,1442,1454,2896
2022-01-12,우이신설선,북한산보국문,5623,5536,11159
2022-01-12,우이신설선,북한산우이,2277,1919,4196
2022-01-12,우이신설선,삼양,1822,1929,3751
2022-01-12,우이신설선,삼양사거리,2248,2318,4566
2022-01-12,우이신설선,성신여대입구,3076,3332,6408
2022-01-12,우이신설선,솔밭공원,2273,2241,4514
2022-01-12,우이신설선,솔샘,5722,5395,11117
2022-01-12,우이신설선,신설동,2008,1876,3884
2022-01-12,우이신설선,정릉,4389,4157,8546
2022-01-12,우이신설선,화계,3134,3070,6204
2022-01-12,일산선,대곡,1803,1426,3229
2022-01-12,일산선,대화,11913,9489,21402
2022-01-12,일산선,마두,7296,7366,14662
2022-01-12,일산선,백석,9217,9085,18302
2022-01-12,일산선,삼송,17995,17859,35854
2022-01-12,일산선,원당,10177,9734,19911
2022-01-12,일산선,원흥,9941,9485,19426
2022-01-12,일산선,정발산,6894,6818,13712
2022-01-12,일산선,주엽,8355,8436,16791
2022-01-12,일산선,지축,1,0,1
2022-01-12,일산선,화정,15656,16104,31760
2022-01-12,장항선,배방,848,823,1671
2022-01-12,장항선,봉명,1091,1038,2129
2022-01-12,장항선,신창,809,787,1596
2022-01-12,장항선,쌍용,1594,1476,3070
2022-01-12,장항선,아산,2372,2098,4470
2022-01-12,장항선,온양온천,2937,2994,5931
2022-01-12,장항선,탕정,378,346,724
2022-01-12,중앙선,구리,12488,12701,25189
2022-01-12,중앙선,국수,501,492,993
2022-01-12,중앙선,덕소,5142,5016,10158
2022-01-12,중앙선,도농,9757,8960,18717
2022-01-12,중앙선,도심,2200,1732,3932
2022-01-12,중앙선,망우,6945,6910,13855
2022-01-12,중앙선,상봉,5400,5428,10828
2022-01-12,중앙선,신원,127,109,236
2022-01-12,중앙선,아신,425,454,879
2022-01-12,중앙선,양수,1335,1311,2646
2022-01-12,중앙선,양원,1829,1796,3625
2022-01-12,중앙선,양정,654,558,1212
2022-01-12,중앙선,양평,2166,2144,4310
2022-01-12,중앙선,오빈,238,233,471
2022-01-12,중앙선,용문,1297,1301,2598
2022-01-12,중앙선,운길산,418,400,818
2022-01-12,중앙선,원덕,251,269,520
2022-01-12,중앙선,중랑,5181,5004,10185
2022-01-12,중앙선,지평,51,40,91
2022-01-12,중앙선,팔당,653,666,1319
2022-01-12,중앙선,회기,22299,21721,44020
2022-01-13,1호선,동대문,9843,9082,18925
2022-01-13,1호선,동묘앞,6199,6529,12728
2022-01-13,1호선,서울역,41730,39204,80934
2022-01-13,1호선,시청,21327,21565,42892
2022-01-13,1호선,신설동,13313,12895,26208
2022-01-13,1호선,제기동,15891,16088,31979
2022-01-13,1호선,종각,34704,33454,68158
2022-01-13,1호선,종로3가,23658,21882,45540
2022-01-13,1호선,종로5가,21386,21057,42443
2022-01-13,1호선,청량리,17950,18129,36079
2022-01-13,2호선,강남,88800,86176,174976
2022-01-13,2호선,강변,28413,27283,55696
2022-01-13,2호선,건대입구,33964,36095,70059
2022-01-13,2호선,교대,34352,38733,73085
2022-01-13,2호선,구로디지털단지,59515,59456,118971
2022-01-13,2호선,구의,23147,23129,46276
2022-01-13,2호선,낙성대,26426,25964,52390
2022-01-13,2호선,당산,17490,20448,37938
2022-01-13,2호선,대림,22617,23078,45695
2022-01-13,2호선,도림천,1365,1443,2808
2022-01-13,2호선,동대문역사문화공원,11315,12391,23706
2022-01-13,2호선,뚝섬,22088,23662,45750
2022-01-13,2호선,문래,21365,21690,43055
2022-01-13,2호선,방배,15889,16837,32726
2022-01-13,2호선,봉천,22802,21541,44343
2022-01-13,2호선,사당,35641,38657,74298
2022-01-13,2호선,삼성,51985,52135,104120
2022-01-13,2호선,상왕십리,13851,13833,27684
2022-01-13,2호선,서울대입구,46029,45163,91192
2022-01-13,2호선,서초,21672,20956,42628
2022-01-13,2호선,선릉,57998,51795,109793
2022-01-13,2호선,성수,38518,41057,79575
2022-01-13,2호선,시청,23992,22778,46770
2022-01-13,2호선,신답,1572,1895,3467
2022-01-13,2호선,신당,12914,13585,26499
2022-01-13,2호선,신대방,25380,25027,50407
2022-01-13,2호선,신도림,46183,45513,91696
2022-01-13,2호선,신림,61880,60695,122575
2022-01-13,2호선,신설동,3367,3392,6759
2022-01-13,2호선,신정네거리,9880,10380,20260
2022-01-13,2호선,신촌,31604,32315,63919
2022-01-13,2호선,아현,9618,9537,19155
2022-01-13,2호선,양천구청,6605,7078,13683
2022-01-13,2호선,역삼,55616,60562,116178
2022-01-13,2호선,영등포구청,23034,23257,46291
2022-01-13,2호선,왕십리,15055,12718,27773
2022-01-13,2호선,용답,2525,2582,5107
2022-01-13,2호선,용두,2259,2330,4589
2022-01-13,2호선,을지로3가,22475,22352,44827
2022-01-13,2호선,을지로4가,13066,12785,25851
2022-01-13,2호선,을지로입구,39062,39814,78876
2022-01-13,2호선,이대,12298,12871,25169
2022-01-13,2호선,잠실,67588,67405,134993
2022-01-13,2호선,잠실나루,14198,13822,28020
2022-01-13,2호선,잠실새내,20632,20382,41014
2022-01-13,2호선,종합운동장,6582,7215,13797
2022-01-13,2호선,충정로,9663,10144,19807
2022-01-13,2호선,한양대,6760,6853,13613
2022-01-13,2호선,합정,30694,31763,62457
2022-01-13,2호선,홍대입구,53135,54210,107345
2022-01-13,3호선,가락시장,8797,8623,17420
2022-01-13,3호선,경복궁,18953,18378,37331
2022-01-13,3호선,경찰병원,7442,7426,14868
2022-01-13,3호선,고속터미널,37660,36306,73966
2022-01-13,3호선,교대,14587,9390,23977
2022-01-13,3호선,구파발,19701,18719,38420
2022-01-13,3호선,금호,7793,7377,15170
2022-01-13,3호선,남부터미널,28784,29298,58082
2022-01-13,3호선,녹번,15197,13936,29133
2022-01-13,3호선,대청,9696,9033,18729
2022-01-13,3호선,대치,11442,11485,22927
2022-01-13,3호선,도곡,5211,5422,10633
2022-01-13,3호선,독립문,6223,6437,12660
2022-01-13,3호선,동대입구,6913,7249,14162
2022-01-13,3호선,매봉,12966,12409,25375
2022-01-13,3호선,무악재,3760,3837,7597
2022-01-13,3호선,불광,15284,16248,31532
2022-01-13,3호선,수서,16589,16890,33479
2022-01-13,3호선,신사,32050,33023,65073
2022-01-13,3호선,안국,19156,19745,38901
2022-01-13,3호선,압구정,32035,34330,66365
2022-01-13,3호선,약수,12401,12102,24503
2022-01-13,3호선,양재,38961,42414,81375
2022-01-13,3호선,연신내,34371,32721,67092
2022-01-13,3호선,오금,6132,5503,11635
2022-01-13,3호선,옥수,8441,8825,17266
2022-01-13,3호선,을지로3가,10665,10826,21491
2022-01-13,3호선,일원,9883,9613,19496
2022-01-13,3호선,잠원,4569,4461,9030
2022-01-13,3호선,종로3가,10215,11367,21582
2022-01-13,3호선,지축,4159,4131,8290
2022-01-13,3호선,학여울,1701,1732,3433
2022-01-13,3호선,홍제,16252,15720,31972
2022-01-13,4호선,길음,19270,18937,38207
2022-01-13,4호선,남태령,1088,994,2082
2022-01-13,4호선,노원,17751,19837,37588
2022-01-13,4호선,당고개,12088,11190,23278
2022-01-13,4호선,동대문,18413,19043,37456
2022-01-13,4호선,동대문역사문화공원,14482,13212,27694
2022-01-13,4호선,동작,1105,1259,2364
2022-01-13,4호선,명동,17364,17384,34748
2022-01-13,4호선,미아,13878,13624,27502
2022-01-13,4호선,미아사거리,26099,25436,51535
2022-01-13,4호선,사당,24403,19705,44108
2022-01-13,4호선,삼각지,4916,5396,10312
2022-01-13,4호선,상계,18021,16959,34980
2022-01-13,4호선,서울역,11030,15854,26884
2022-01-13,4호선,성신여대입구,18884,18336,37220
2022-01-13,4호선,수유,32117,32431,64548
2022-01-13,4호선,숙대입구,11944,11937,23881
2022-01-13,4호선,신용산,16496,17106,33602
2022-01-13,4호선,쌍문,28251,26244,54495
2022-01-13,4호선,이촌,7181,7904,15085
2022-01-13,4호선,창동,23936,25352,49288
2022-01-13,4호선,총신대입구,17934,19380,37314
2022-01-13,4호선,충무로,25471,26227,51698
2022-01-13,4호선,한성대입구,12306,12050,24356
2022-01-13,4호선,혜화,31180,30983,62163
2022-01-13,4호선,회현,23003,24099,47102
2022-01-13,5호선,강동,18345,17643,35988
2022-01-13,5호선,강일,3665,3666,7331
2022-01-13,5호선,개롱,6259,6603,12862
2022-01-13,5호선,개화산,5326,5074,10400
2022-01-13,5호선,거여,9052,8589,17641
2022-01-13,5호선,고덕,8703,8799,17502
2022-01-13,5호선,공덕,13918,14837,28755
2022-01-13,5호선,광나루,12781,11558,24339
2022-01-13,5호선,광화문,29861,30797,60658
2022-01-13,5호선,군자,11052,12224,23276
2022-01-13,5호선,굽은다리,9286,8977,18263
2022-01-13,5호선,길동,7790,8160,15950
2022-01-13,5호선,김포공항,7182,6936,14118
2022-01-13,5호선,까치산,27974,27048,55022
2022-01-13,5호선,답십리,15887,14525,30412
2022-01-13,5호선,동대문역사문화공원,3237,3626,6863
2022-01-13,5호선,둔촌동,8464,8451,16915
2022-01-13,5호선,마곡,11161,10815,21976
2022-01-13,5호선,마장,5481,5152,10633
2022-01-13,5호선,마천,6581,6517,13098
2022-01-13,5호선,마포,14699,15234,29933
2022-01-13,5호선,명일,8197,8558,16755
2022-01-13,5호선,목동,16603,18042,34645
2022-01-13,5호선,미사,15423,15299,30722
2022-01-13,5호선,발산,20321,20423,40744
2022-01-13,5호선,방이,7276,7392,14668
2022-01-13,5호선,방화,6270,6164,12434
2022-01-13,5호선,상일동,15118,13975,29093
2022-01-13,5호선,서대문,19590,19997,39587
2022-01-13,5호선,송정,6227,5870,12097
2022-01-13,5호선,신금호,6119,6366,12485
2022-01-13,5호선,신길,4062,4449,8511
2022-01-13,5호선,신정,13567,11127,24694
2022-01-13,5호선,아차산,13908,13676,27584
2022-01-13,5호선,애오개,6879,6986,13865
2022-01-13,5호선,양평,7746,7723,15469
2022-01-13,5호선,여의나루,8146,9405,17551
2022-01-13,5호선,여의도,30033,30822,60855
2022-01-13,5호선,영등포구청,3806,3898,7704
2022-01-13,5호선,영등포시장,9854,10277,20131
2022-01-13,5호선,오금,3590,3580,7170
2022-01-13,5호선,오목교,21605,23100,44705
2022-01-13,5호선,올림픽공원,3874,3378,7252
2022-01-13,5호선,왕십리,4528,4998,9526
2022-01-13,5호선,우장산,13767,13705,27472
2022-01-13,5호선,을지로4가,5929,6009,11938
2022-01-13,5호선,장한평,18550,18551,37101
2022-01-13,5호선,종로3가,12294,11870,24164
2022-01-13,5호선,천호,17300,17119,34419
2022-01-13,5호선,청구,3899,3669,7568
2022-01-13,5호선,충정로,4781,4937,9718
2022-01-13,5호선,하남검단산,5052,4854,9906
2022-01-13,5호선,하남시청,5955,5860,11815
2022-01-13,5호선,하남풍산,4154,4190,8344
2022-01-13,5호선,행당,7976,7300,15276
2022-01-13,5호선,화곡,27343,25858,53201
2022-01-13,6호선,고려대,7443,7229,14672
2022-01-13,6호선,공덕,17944,17323,35267
2022-01-13,6호선,광흥창,8768,8666,17434
2022-01-13,6호선,구산,7267,5710,12977
2022-01-13,6호선,녹사평,4431,4334,8765
2022-01-13,6호선,대흥,7587,7932,15519
2022-01-13,6호선,독바위,2575,2796,5371
2022-01-13,6호선,돌곶이,9217,8655,17872
2022-01-13,6호선,동묘앞,7275,7343,14618
2022-01-13,6호선,디지털미디어시티,13215,14815,28030
2022-01-13,6호선,마포구청,14034,12849,26883
2022-01-13,6호선,망원,14303,15507,29810
2022-01-13,6호선,버티고개,1874,1995,3869
2022-01-13,6호선,보문,6852,6431,13283
2022-01-13,6호선,봉화산,8661,8229,16890
2022-01-13,6호선,불광,3945,3842,7787
2022-01-13,6호선,삼각지,6085,5597,11682
2022-01-13,6호선,상수,8556,9256,17812
2022-01-13,6호선,상월곡,6039,5461,11500
2022-01-13,6호선,새절,12049,11244,23293
2022-01-13,6호선,석계,11497,12037,23534
2022-01-13,6호선,신당,8351,8577,16928
2022-01-13,6호선,안암,9823,9672,19495
2022-01-13,6호선,약수,3544,3430,6974
2022-01-13,6호선,역촌,3744,4349,8093
2022-01-13,6호선,연신내,1,0,1
2022-01-13,6호선,월곡,10962,10982,21944
2022-01-13,6호선,월드컵경기장,3316,3514,6830
2022-01-13,6호선,응암,16750,17036,33786
2022-01-13,6호선,이태원,8925,8872,17797
2022-01-13,6호선,증산,9723,9869,19592
2022-01-13,6호선,창신,3252,2694,5946
2022-01-13,6호선,청구,3667,3810,7477
2022-01-13,6호선,태릉입구,5201,5655,10856
2022-01-13,6호선,한강진,7256,8282,15538
2022-01-13,6호선,합정,13123,12431,25554
2022-01-13,6호선,화랑대,11181,8761,19942
2022-01-13,6호선,효창공원앞,6657,6178,12835
2022-01-13,7호선,가산디지털단지,47433,47083,94516
2022-01-13,7호선,강남구청,16614,18167,34781
2022-01-13,7호선,건대입구,12370,12629,24999
2022-01-13,7호선,고속터미널,15184,13051,28235
2022-01-13,7호선,공릉,11033,11083,22116
2022-01-13,7호선,광명사거리,21308,21210,42518
2022-01-13,7호선,군자,14758,11996,26754
2022-01-13,7호선,남구로,15805,16879,32684
2022-01-13,7호선,남성,10686,10129,20815
2022-01-13,7호선,내방,14666,14975,29641
2022-01-13,7호선,노원,19106,19302,38408
2022-01-13,7호선,논현,20463,22276,42739
2022-01-13,7호선,대림,7621,7579,15200
2022-01-13,7호선,도봉산,8595,9870,18465
2022-01-13,7호선,뚝섬유원지,6681,6621,13302
2022-01-13,7호선,마들,12287,11954,24241
2022-01-13,7호선,먹골,9816,9710,19526
2022-01-13,7호선,면목,14865,14712,29577
2022-01-13,7호선,반포,5827,5546,11373
2022-01-13,7호선,보라매,9420,9429,18849
2022-01-13,7호선,부천종합운동장,1,0,1
2022-01-13,7호선,사가정,15461,15340,30801
2022-01-13,7호선,삼산체육관,2,0,2
2022-01-13,7호선,상도,10340,10122,20462
2022-01-13,7호선,상봉,16478,15493,31971
2022-01-13,7호선,수락산,11931,11753,23684
2022-01-13,7호선,숭실대입구,11330,11515,22845
2022-01-13,7호선,신대방삼거리,16455,15920,32375
2022-01-13,7호선,신풍,11243,10726,21969
2022-01-13,7호선,어린이대공원,11815,11728,23543
2022-01-13,7호선,온수,9768,8845,18613
2022-01-13,7호선,용마산,5861,5749,11610
2022-01-13,7호선,이수,15416,14981,30397
2022-01-13,7호선,장승배기,8879,8726,17605
2022-01-13,7호선,장암,2169,792,2961
2022-01-13,7호선,중계,13452,12500,25952
2022-01-13,7호선,중곡,10497,10045,20542
2022-01-13,7호선,중화,10561,10507,21068
2022-01-13,7호선,천왕,11008,10513,21521
2022-01-13,7호선,철산,20400,20790,41190
2022-01-13,7호선,청담,19376,21756,41132
2022-01-13,7호선,태릉입구,8129,7654,15783
2022-01-13,7호선,하계,17012,16192,33204
2022-01-13,7호선,학동,25309,26834,52143
2022-01-13,8호선,가락시장,7548,8400,15948
2022-01-13,8호선,강동구청,10446,10885,21331
2022-01-13,8호선,남위례,3601,3804,7405
2022-01-13,8호선,남한산성입구,12894,11892,24786
2022-01-13,8호선,단대오거리,10016,9977,19993
2022-01-13,8호선,모란,4120,3234,7354
2022-01-13,8호선,몽촌토성,6043,6180,12223
2022-01-13,8호선,문정,23139,24124,47263
2022-01-13,8호선,복정,9317,7931,17248
2022-01-13,8호선,산성,5086,5128,10214
2022-01-13,8호선,석촌,7829,8898,16727
2022-01-13,8호선,송파,7286,7445,14731
2022-01-13,8호선,수진,5210,4730,9940
2022-01-13,8호선,신흥,3992,4425,8417
2022-01-13,8호선,암사,18779,16757,35536
2022-01-13,8호선,잠실,14087,16394,30481
2022-01-13,8호선,장지,16891,16378,33269
2022-01-13,8호선,천호,14551,16391,30942
2022-01-13,9호선,가양,19871,19258,39129
2022-01-13,9호선,개화,2376,1683,4059
2022-01-13,9호선,고속터미널,11284,14602,25886
2022-01-13,9호선,공항시장,2846,3186,6032
2022-01-13,9호선,구반포,1390,1507,2897
2022-01-13,9호선,국회의사당,17729,17713,35442
2022-01-13,9호선,김포공항,6906,10731,17637
2022-01-13,9호선,노들,4257,3710,7967
2022-01-13,9호선,노량진,26086,25343,51429
2022-01-13,9호선,당산,18428,18303,36731
2022-01-13,9호선,동작,1743,1386,3129
2022-01-13,9호선,등촌,11147,11157,22304
2022-01-13,9호선,마곡나루,11933,11801,23734
2022-01-13,9호선,사평,3482,3445,6927
2022-01-13,9호선,샛강,5988,6144,12132
2022-01-13,9호선,선유도,8902,8622,17524
2022-01-13,9호선,신논현,32531,32026,64557
2022-01-13,9호선,신목동,4011,3564,7575
2022-01-13,9호선,신반포,3116,3117,6233
2022-01-13,9호선,신방화,6499,6501,13000
2022-01-13,9호선,양천향교,9571,9826,19397
2022-01-13,9호선,여의도,28542,26713,55255
2022-01-13,9호선,염창,16906,16512,33418
2022-01-13,9호선,증미,7368,7274,14642
2022-01-13,9호선,흑석,7732,8111,15843
2022-01-13,9호선2~3단계,둔촌오륜,972,914,1886
2022-01-13,9호선2~3단계,봉은사,15715,16146,31861
2022-01-13,9호선2~3단계,삼성중앙,6975,7389,14364
2022-01-13,9호선2~3단계,삼전,6881,6772,13653
2022-01-13,9호선2~3단계,석촌,8178,7301,15479
2022-01-13,9호선2~3단계,석촌고분,6076,6232,12308
2022-01-13,9호선2~3단계,선정릉,9865,10739,20604
2022-01-13,9호선2~3단계,송파나루,5054,5491,10545
2022-01-13,9호선2~3단계,언주,11148,11397,22545
2022-01-13,9호선2~3단계,올림픽공원,5447,5477,10924
2022-01-13,9호선2~3단계,종합운동장,4428,4255,8683
2022-01-13,9호선2~3단계,중앙보훈병원,10702,9417,20119
2022-01-13,9호선2~3단계,한성백제,2510,2340,4850
2022-01-13,경강선,경기광주,7277,7027,14304
2022-01-13,경강선,곤지암,2028,1925,3953
2022-01-13,경강선,부발,1918,1775,3693
2022-01-13,경강선,삼동,2299,2156,4455
2022-01-13,경강선,세종대왕릉,292,281,573
2022-01-13,경강선,신둔도예촌,1274,1225,2499
2022-01-13,경강선,여주,1678,1731,3409
2022-01-13,경강선,이매,1017,866,1883
2022-01-13,경강선,이천,2355,2464,4819
2022-01-13,경강선,초월,2930,2916,5846
2022-01-13,경강선,판교,4607,4521,9128
2022-01-13,경부선,가산디지털단지,18155,20882,39037
2022-01-13,경부선,관악,6822,6417,13239
2022-01-13,경부선,광명,3200,2821,6021
2022-01-13,경부선,구로,17921,17972,35893
2022-01-13,경부선,군포,7579,7641,15220
2022-01-13,경부선,금정,25866,26266,52132
2022-01-13,경부선,금천구청,11056,10965,22021
2022-01-13,경부선,남영,8711,8977,17688
2022-01-13,경부선,노량진,7753,7870,15623
2022-01-13,경부선,당정,5834,5587,11421
2022-01-13,경부선,대방,12427,12900,25327
2022-01-13,경부선,독산,18532,19511,38043
2022-01-13,경부선,두정,4253,4305,8558
2022-01-13,경부선,명학,8821,8718,17539
2022-01-13,경부선,병점,12915,12873,25788
2022-01-13,경부선,서동탄,1337,1143,2480
2022-01-13,경부선,서울역,5869,1926,7795
2022-01-13,경부선,서정리,5823,5401,11224
2022-01-13,경부선,석수,9210,8314,17524
2022-01-13,경부선,성균관대,12939,12992,25931
2022-01-13,경부선,성환,2509,2485,4994
2022-01-13,경부선,세류,2763,2567,5330
2022-01-13,경부선,세마,2556,2401,4957
2022-01-13,경부선,송탄,3619,3403,7022
2022-01-13,경부선,수원,30319,32258,62577
2022-01-13,경부선,신길,8329,7208,15537
2022-01-13,경부선,신도림,3868,3752,7620
2022-01-13,경부선,안양,19828,19757,39585
2022-01-13,경부선,영등포,35698,35926,71624
2022-01-13,경부선,오산,8714,8790,17504
2022-01-13,경부선,오산대,2928,2697,5625
2022-01-13,경부선,용산,31556,31458,63014
2022-01-13,경부선,의왕,8646,8673,17319
2022-01-13,경부선,직산,691,644,1335
2022-01-13,경부선,진위,1480,1339,2819
2022-01-13,경부선,천안,4008,4229,8237
2022-01-13,경부선,평택,9677,9639,19316
2022-01-13,경부선,평택지제,2937,2898,5835
2022-01-13,경부선,화서,7519,7294,14813
2022-01-13,경원선,가능,5984,5855,11839
2022-01-13,경원선,광운대,7263,7035,14298
2022-01-13,경원선,녹양,4133,3878,8011
2022-01-13,경원선,녹천,4331,3658,7989
2022-01-13,경원선,덕계,2821,2441,5262
2022-01-13,경원선,덕정,4753,4648,9401
2022-01-13,경원선,도봉,5820,5583,11403
2022-01-13,경원선,도봉산,6406,3842,10248
2022-01-13,경원선,동두천,1870,2064,3934
2022-01-13,경원선,동두천중앙,2696,2618,5314
2022-01-13,경원선,망월사,6623,6880,13503
2022-01-13,경원선,방학,8777,8661,17438
2022-01-13,경원선,보산,1171,1090,2261
2022-01-13,경원선,서빙고,1838,1789,3627
2022-01-13,경원선,석계,7352,8494,15846
2022-01-13,경원선,소요산,1851,1585,3436
2022-01-13,경원선,신이문,7955,7429,15384
2022-01-13,경원선,양주,6862,6551,13413
2022-01-13,경원선,옥수,54,41,95
2022-01-13,경원선,왕십리,12791,14607,27398
2022-01-13,경원선,외대앞,6729,6851,13580
2022-01-13,경원선,월계,5727,5515,11242
2022-01-13,경원선,응봉,1719,1460,3179
2022-01-13,경원선,의정부,16768,17076,33844
2022-01-13,경원선,이촌,3458,2660,6118
2022-01-13,경원선,지행,5908,5814,11722
2022-01-13,경원선,청량리,13298,13863,27161
2022-01-13,경원선,한남,3983,3767,7750
2022-01-13,경원선,회룡,11519,11330,22849
2022-01-13,경의선,가좌,4951,4845,9796
2022-01-13,경의선,강매,3038,2653,5691
2022-01-13,경의선,곡산,531,531,1062
2022-01-13,경의선,공덕,3576,2988,6564
2022-01-13,경의선,금릉,4420,4314,8734
2022-01-13,경의선,금촌,5686,5760,11446
2022-01-13,경의선,능곡,3396,3146,6542
2022-01-13,경의선,디지털미디어시티,2362,2227,4589
2022-01-13,경의선,문산,4380,4477,8857
2022-01-13,경의선,백마,6588,6328,12916
2022-01-13,경의선,서강대,2040,2023,4063
2022-01-13,경의선,서울역,4035,5045,9080
2022-01-13,경의선,수색,2620,2791,5411
2022-01-13,경의선,신촌,806,1014,1820
2022-01-13,경의선,야당,6793,6548,13341
2022-01-13,경의선,운정,6429,6092,12521
2022-01-13,경의선,월롱,2396,2080,4476
2022-01-13,경의선,일산,9072,9111,18183
2022-01-13,경의선,임진강,8,1,9
2022-01-13,경의선,탄현,7420,7077,14497
2022-01-13,경의선,파주,868,681,1549
2022-01-13,경의선,풍산,5297,4933,10230
2022-01-13,경의선,행신,7496,7721,15217
2022-01-13,경의선,홍대입구,1613,1837,3450
2022-01-13,경의선,화전,1397,1320,2717
2022-01-13,경의선,효창공원앞,2875,3283,6158
2022-01-13,경인선,간석,5371,5169,10540
2022-01-13,경인선,개봉,20102,20364,40466
2022-01-13,경인선,구일,5677,5764,11441
2022-01-13,경인선,도원,2222,2276,4498
2022-01-13,경인선,도화,3884,3691,7575
2022-01-13,경인선,동암,13440,13691,27131
2022-01-13,경인선,동인천,12682,12110,24792
2022-01-13,경인선,백운,6227,6240,12467
2022-01-13,경인선,부개,8020,7506,15526
2022-01-13,경인선,부천,30202,29980,60182
2022-01-13,경인선,부평,27684,29094,56778
2022-01-13,경인선,소사,7773,7633,15406
2022-01-13,경인선,송내,25434,25508,50942
2022-01-13,경인선,역곡,25539,25369,50908
2022-01-13,경인선,오류동,11261,10733,21994
2022-01-13,경인선,온수,6022,5801,11823
2022-01-13,경인선,인천,2846,2159,5005
2022-01-13,경인선,제물포,9369,9085,18454
2022-01-13,경인선,주안,17223,15492,32715
2022-01-13,경인선,중동,8741,8341,17082
2022-01-13,경춘선,가평,1314,1301,2615
2022-01-13,경춘선,갈매,2879,2520,5399
2022-01-13,경춘선,강촌,290,286,576
2022-01-13,경춘선,굴봉산,109,156,265
2022-01-13,경춘선,금곡,1418,1324,2742
2022-01-13,경춘선,김유정,206,207,413
2022-01-13,경춘선,남춘천,1846,1895,3741
2022-01-13,경춘선,대성리,343,306,649
2022-01-13,경춘선,마석,3568,3465,7033
2022-01-13,경춘선,백양리,319,236,555
2022-01-13,경춘선,별내,3296,3081,6377
2022-01-13,경춘선,사릉,2921,2852,5773
2022-01-13,경춘선,상천,167,140,307
2022-01-13,경춘선,신내,1885,1758,3643
2022-01-13,경춘선,천마산,1460,1321,2781
2022-01-13,경춘선,청평,1375,1272,2647
2022-01-13,경춘선,춘천,980,914,1894
2022-01-13,경춘선,퇴계원,3415,3156,6571
2022-01-13,경춘선,평내호평,5648,5408,11056
2022-01-13,공항철도,검암,6461,6360,12821
2022-01-13,공항철도,계양,9866,9374,19240
2022-01-13,공항철도,공덕,2254,2862,5116
2022-01-13,공항철도,공항화물청사,2279,2507,4786
2022-01-13,공항철도,김포공항,10981,6242,17223
2022-01-13,공항철도,디지털미디어시티,14236,12714,26950
2022-01-13,공항철도,마곡나루,8656,8423,17079
2022-01-13,공항철도,서울역,7144,6641,13785
2022-01-13,공항철도,영종,2836,2765,5601
2022-01-13,공항철도,운서,6140,6187,12327
2022-01-13,공항철도,인천공항1터미널,3539,3718,7257
2022-01-13,공항철도,인천공항2터미널,2282,2023,4305
2022-01-13,공항철도,청라국제도시,6670,6325,12995
2022-01-13,공항철도,홍대입구,9404,9503,18907
2022-01-13,과천선,경마공원,1296,1301,2597
2022-01-13,과천선,과천,5900,5603,11503
2022-01-13,과천선,대공원,2009,2070,4079
2022-01-13,과천선,범계,24902,24636,49538
2022-01-13,과천선,선바위,8029,6933,14962
2022-01-13,과천선,인덕원,23491,24603,48094
2022-01-13,과천선,정부과천청사,10382,10347,20729
2022-01-13,과천선,평촌,17863,17679,35542
2022-01-13,분당선,가천대,6242,7230,13472
2022-01-13,분당선,강남구청,10316,11655,21971
2022-01-13,분당선,개포동,3524,3703,7227
2022-01-13,분당선,구룡,1733,1714,3447
2022-01-13,분당선,구성,4967,5320,10287
2022-01-13,분당선,기흥,9275,8969,18244
2022-01-13,분당선,대모산입구,4323,4114,8437
2022-01-13,분당선,도곡,6836,6694,13530
2022-01-13,분당선,망포,14180,13579,27759
2022-01-13,분당선,매교,2655,2647,5302
2022-01-13,분당선,매탄권선,4682,4628,9310
2022-01-13,분당선,모란,18966,19118,38084
2022-01-13,분당선,미금,15017,15782,30799
2022-01-13,분당선,보정,2415,2094,4509
2022-01-13,분당선,복정,1,0,1
2022-01-13,분당선,상갈,5147,4871,10018
2022-01-13,분당선,서울숲,10253,10604,20857
2022-01-13,분당선,서현,24636,24858,49494
2022-01-13,분당선,선릉,14289,20972,35261
2022-01-13,분당선,선정릉,8358,8975,17333
2022-01-13,분당선,수내,13596,13644,27240
2022-01-13,분당선,수서,13287,13591,26878
2022-01-13,분당선,수원,7564,6303,13867
2022-01-13,분당선,수원시청,12353,12957,25310
2022-01-13,분당선,신갈,4419,4403,8822
2022-01-13,분당선,압구정로데오,19699,21053,40752
2022-01-13,분당선,야탑,25127,25943,51070
2022-01-13,분당선,영통,8054,8026,16080
2022-01-13,분당선,오리,11597,9610,21207
2022-01-13,분당선,이매,5358,5128,10486
2022-01-13,분당선,정자,17611,18509,36120
2022-01-13,분당선,죽전,12642,14029,26671
2022-01-13,분당선,청명,4001,3903,7904
2022-01-13,분당선,태평,13040,12697,25737
2022-01-13,분당선,한티,15112,16065,31177
2022-01-13,수인선,고색,4413,4113,8526
2022-01-13,수인선,남동인더스파크,2226,2534,4760
2022-01-13,수인선,달월,94,41,135
2022-01-13,수인선,사리,4193,3745,7938
2022-01-13,수인선,소래포구,4318,4019,8337
2022-01-13,수인선,송도,2266,2098,4364
2022-01-13,수인선,숭의,3636,3459,7095
2022-01-13,수인선,신포,1524,1539,3063
2022-01-13,수인선,야목,304,233,537
2022-01-13,수인선,어천,647,610,1257
2022-01-13,수인선,연수,4004,4027,8031
2022-01-13,수인선,오목천,2557,2464,5021
2022-01-13,수인선,원인재,4107,4181,8288
2022-01-13,수인선,월곶,2429,2233,4662
2022-01-13,수인선,인천,901,1484,2385
2022-01-13,수인선,인천논현,5069,5355,10424
2022-01-13,수인선,인하대,5279,4944,10223
2022-01-13,수인선,호구포,3833,4005,7838
2022-01-13,안산선,고잔,8331,7766,16097
2022-01-13,안산선,대야미,4622,4173,8795
2022-01-13,안산선,반월,3876,3700,7576
2022-01-13,안산선,산본,15017,16233,31250
2022-01-13,안산선,상록수,14474,14862,29336
2022-01-13,안산선,수리산,3996,3215,7211
2022-01-13,안산선,신길온천,1567,1422,2989
2022-01-13,안산선,안산,10688,9602,20290
2022-01-13,안산선,오이도,7613,7450,15063
2022-01-13,안산선,정왕,7009,7316,14325
2022-01-13,안산선,중앙,16621,17222,33843
2022-01-13,안산선,초지,4303,4427,8730
2022-01-13,안산선,한대앞,7964,8040,16004
2022-01-13,우이신설선,4.19민주묘지,2485,2367,4852
2022-01-13,우이신설선,가오리,3766,3868,7634
2022-01-13,우이신설선,보문,1411,1425,2836
2022-01-13,우이신설선,북한산보국문,5658,5551,11209
2022-01-13,우이신설선,북한산우이,2268,1947,4215
2022-01-13,우이신설선,삼양,1841,1953,3794
2022-01-13,우이신설선,삼양사거리,2248,2323,4571
2022-01-13,우이신설선,성신여대입구,3172,3438,6610
2022-01-13,우이신설선,솔밭공원,2335,2242,4577
2022-01-13,우이신설선,솔샘,5627,5396,11023
2022-01-13,우이신설선,신설동,1976,1912,3888
2022-01-13,우이신설선,정릉,4353,4010,8363
2022-01-13,우이신설선,화계,3130,3057,6187
2022-01-13,일산선,대곡,1866,1419,3285
2022-01-13,일산선,대화,11967,9495,21462
2022-01-13,일산선,마두,7124,7312,14436
2022-01-13,일산선,백석,9431,9491,18922
2022-01-13,일산선,삼송,18328,17882,36210
2022-01-13,일산선,원당,10310,9812,20122
2022-01-13,일산선,원흥,9900,9565,19465
2022-01-13,일산선,정발산,6600,6528,13128
2022-01-13,일산선,주엽,8313,8346,16659
2022-01-13,일산선,지축,1,0,1
2022-01-13,일산선,화정,15900,16242,32142
2022-01-13,장항선,배방,836,845,1681
2022-01-13,장항선,봉명,1071,1059,2130
2022-01-13,장항선,신창,793,765,1558
2022-01-13,장항선,쌍용,1824,1637,3461
2022-01-13,장항선,아산,2450,2116,4566
2022-01-13,장항선,온양온천,2909,3025,5934
2022-01-13,장항선,탕정,366,334,700
2022-01-13,중앙선,구리,12717,12839,25556
2022-01-13,중앙선,국수,550,544,1094
2022-01-13,중앙선,덕소,5139,5106,10245
2022-01-13,중앙선,도농,9942,9043,18985
2022-01-13,중앙선,도심,2193,1748,3941
2022-01-13,중앙선,망우,7062,7040,14102
2022-01-13,중앙선,상봉,5367,5422,10789
2022-01-13,중앙선,신원,161,150,311
2022-01-13,중앙선,아신,458,462,920
2022-01-13,중앙선,양수,1419,1468,2887
2022-01-13,중앙선,양원,1882,1836,3718
2022-01-13,중앙선,양정,663,559,1222
2022-01-13,중앙선,양평,2874,2846,5720
2022-01-13,중앙선,오빈,251,255,506
2022-01-13,중앙선,용문,1332,1425,2757
2022-01-13,중앙선,운길산,474,441,915
2022-01-13,중앙선,원덕,297,265,562
2022-01-13,중앙선,중랑,5312,5027,10339
2022-01-13,중앙선,지평,64,58,122
2022-01-13,중앙선,팔당,695,732,1427
2022-01-13,중앙선,회기,22501,21776,44277
2022-01-14,1호선,동대문,10215,9507,19722
2022-01-14,1호선,동묘앞,6843,7135,13978
2022-01-14,1호선,서울역,44956,43212,88168
2022-01-14,1호선,시청,21008,21187,42195
2022-01-14,1호선,신설동,13837,13340,27177
2022-01-14,1호선,제기동,17368,17602,34970
2022-01-14,1호선,종각,34432,32858,67290
2022-01-14,1호선,종로3가,24875,23082,47957
2022-01-14,1호선,종로5가,21969,21703,43672
2022-01-14,1호선,청량리,19577,19999,39576
2022-01-14,2호선,강남,92109,89913,182022
2022-01-14,2호선,강변,30978,29889,60867
2022-01-14,2호선,건대입구,35679,38014,73693
2022-01-14,2호선,교대,34541,39052,73593
2022-01-14,2호선,구로디지털단지,59640,59669,119309
2022-01-14,2호선,구의,23552,23510,47062
2022-01-14,2호선,낙성대,27023,25862,52885
2022-01-14,2호선,당산,18078,20907,38985
2022-01-14,2호선,대림,23083,23589,46672
2022-01-14,2호선,도림천,1371,1385,2756
2022-01-14,2호선,동대문역사문화공원,11446,13031,24477
2022-01-14,2호선,뚝섬,22022,23586,45608
2022-01-14,2호선,문래,21296,21586,42882
2022-01-14,2호선,방배,16412,16989,33401
2022-01-14,2호선,봉천,23410,21848,45258
2022-01-14,2호선,사당,36555,39892,76447
2022-01-14,2호선,삼성,51995,51864,103859
2022-01-14,2호선,상왕십리,14259,13930,28189
2022-01-14,2호선,서울대입구,47768,46476,94244
2022-01-14,2호선,서초,21426,20497,41923
2022-01-14,2호선,선릉,57531,51023,108554
2022-01-14,2호선,성수,38263,41347,79610
2022-01-14,2호선,시청,23053,22076,45129
2022-01-14,2호선,신답,1642,1897,3539
2022-01-14,2호선,신당,13709,14421,28130
2022-01-14,2호선,신대방,26186,25311,51497
2022-01-14,2호선,신도림,47111,46943,94054
2022-01-14,2호선,신림,63065,61543,124608
2022-01-14,2호선,신설동,3571,3605,7176
2022-01-14,2호선,신정네거리,10205,10613,20818
2022-01-14,2호선,신촌,32779,33398,66177
2022-01-14,2호선,아현,9924,9579,19503
2022-01-14,2호선,양천구청,6683,7223,13906
2022-01-14,2호선,역삼,53225,58295,111520
2022-01-14,2호선,영등포구청,22801,23284,46085
2022-01-14,2호선,왕십리,15777,13430,29207
2022-01-14,2호선,용답,2593,2617,5210
2022-01-14,2호선,용두,2459,2509,4968
2022-01-14,2호선,을지로3가,22556,22689,45245
2022-01-14,2호선,을지로4가,13161,12934,26095
2022-01-14,2호선,을지로입구,39190,39726,78916
2022-01-14,2호선,이대,12802,13430,26232
2022-01-14,2호선,잠실,69692,69282,138974
2022-01-14,2호선,잠실나루,14157,13648,27805
2022-01-14,2호선,잠실새내,21680,21941,43621
2022-01-14,2호선,종합운동장,7078,7512,14590
2022-01-14,2호선,충정로,9688,10179,19867
2022-01-14,2호선,한양대,6764,6975,13739
2022-01-14,2호선,합정,32668,34199,66867
2022-01-14,2호선,홍대입구,57559,59788,117347
2022-01-14,3호선,가락시장,9243,9046,18289
2022-01-14,3호선,경복궁,19021,18500,37521
2022-01-14,3호선,경찰병원,7356,7442,14798
2022-01-14,3호선,고속터미널,43375,44994,88369
2022-01-14,3호선,교대,14581,9258,23839
2022-01-14,3호선,구파발,20001,18855,38856
2022-01-14,3호선,금호,7987,7539,15526
2022-01-14,3호선,남부터미널,30531,30889,61420
2022-01-14,3호선,녹번,15283,13864,29147
2022-01-14,3호선,대청,9710,9170,18880
2022-01-14,3호선,대치,12021,11893,23914
2022-01-14,3호선,도곡,5228,5408,10636
2022-01-14,3호선,독립문,6428,6407,12835
2022-01-14,3호선,동대입구,7108,7303,14411
2022-01-14,3호선,매봉,12804,12233,25037
2022-01-14,3호선,무악재,3814,3815,7629
2022-01-14,3호선,불광,15615,16411,32026
2022-01-14,3호선,수서,18106,18351,36457
2022-01-14,3호선,신사,34064,35278,69342
2022-01-14,3호선,안국,18983,19736,38719
2022-01-14,3호선,압구정,34764,37130,71894
2022-01-14,3호선,약수,12802,12357,25159
2022-01-14,3호선,양재,40915,42808,83723
2022-01-14,3호선,연신내,35360,33804,69164
2022-01-14,3호선,오금,6316,5448,11764
2022-01-14,3호선,옥수,8902,9178,18080
2022-01-14,3호선,을지로3가,10976,11099,22075
2022-01-14,3호선,일원,9929,9360,19289
2022-01-14,3호선,잠원,4914,4696,9610
2022-01-14,3호선,종로3가,10345,11880,22225
2022-01-14,3호선,지축,4217,4179,8396
2022-01-14,3호선,충무로,1,0,1
2022-01-14,3호선,학여울,2809,2908,5717
2022-01-14,3호선,홍제,16720,16097,32817
2022-01-14,4호선,길음,19840,19152,38992
2022-01-14,4호선,남태령,1239,966,2205
2022-01-14,4호선,노원,18569,20974,39543
2022-01-14,4호선,당고개,12322,11176,23498
2022-01-14,4호선,동대문,18654,19393,38047
2022-01-14,4호선,동대문역사문화공원,14586,13656,28242
2022-01-14,4호선,동작,1242,1390,2632
2022-01-14,4호선,명동,17594,18708,36302
2022-01-14,4호선,미아,14074,13766,27840
2022-01-14,4호선,미아사거리,26700,26307,53007
2022-01-14,4호선,사당,25293,20702,45995
2022-01-14,4호선,삼각지,5083,5694,10777
2022-01-14,4호선,상계,18309,17103,35412
2022-01-14,4호선,서울역,10987,17339,28326
2022-01-14,4호선,성신여대입구,19424,18872,38296
2022-01-14,4호선,수유,33171,33803,66974
2022-01-14,4호선,숙대입구,12296,12171,24467
2022-01-14,4호선,신용산,16627,17469,34096
2022-01-14,4호선,쌍문,29068,26525,55593
2022-01-14,4호선,이촌,7384,7979,15363
2022-01-14,4호선,창동,25026,26668,51694
2022-01-14,4호선,총신대입구,18606,20378,38984
2022-01-14,4호선,충무로,25463,26449,51912
2022-01-14,4호선,한성대입구,12642,12273,24915
2022-01-14,4호선,혜화,31658,31449,63107
2022-01-14,4호선,회현,23424,25031,48455
2022-01-14,5호선,강동,18513,17673,36186
2022-01-14,5호선,강일,3783,3674,7457
2022-01-14,5호선,개롱,6387,6608,12995
2022-01-14,5호선,개화산,5459,5159,10618
2022-01-14,5호선,거여,8935,8480,17415
2022-01-14,5호선,고덕,9037,9130,18167
2022-01-14,5호선,공덕,13820,14834,28654
2022-01-14,5호선,광나루,12812,11464,24276
2022-01-14,5호선,광화문,28560,29859,58419
2022-01-14,5호선,군자,11305,12490,23795
2022-01-14,5호선,굽은다리,9394,9035,18429
2022-01-14,5호선,길동,8185,8665,16850
2022-01-14,5호선,김포공항,7877,7412,15289
2022-01-14,5호선,까치산,28174,27454,55628
2022-01-14,5호선,답십리,16007,14749,30756
2022-01-14,5호선,동대문역사문화공원,3005,3556,6561
2022-01-14,5호선,둔촌동,8795,8815,17610
2022-01-14,5호선,마곡,10743,10533,21276
2022-01-14,5호선,마장,5680,5267,10947
2022-01-14,5호선,마천,6748,6555,13303
2022-01-14,5호선,마포,14420,14942,29362
2022-01-14,5호선,명일,8528,8754,17282
2022-01-14,5호선,목동,16869,18152,35021
2022-01-14,5호선,미사,15774,15768,31542
2022-01-14,5호선,발산,19317,19877,39194
2022-01-14,5호선,방이,7484,7725,15209
2022-01-14,5호선,방화,6440,6092,12532
2022-01-14,5호선,상일동,15411,14227,29638
2022-01-14,5호선,서대문,18785,18948,37733
2022-01-14,5호선,송정,6422,6015,12437
2022-01-14,5호선,신금호,6346,6467,12813
2022-01-14,5호선,신길,4052,4423,8475
2022-01-14,5호선,신정,13641,11007,24648
2022-01-14,5호선,아차산,13893,13430,27323
2022-01-14,5호선,애오개,6815,6825,13640
2022-01-14,5호선,양평,7487,7440,14927
2022-01-14,5호선,여의나루,8240,9142,17382
2022-01-14,5호선,여의도,28940,30012,58952
2022-01-14,5호선,영등포구청,3851,3865,7716
2022-01-14,5호선,영등포시장,10353,10604,20957
2022-01-14,5호선,오금,3567,3662,7229
2022-01-14,5호선,오목교,22246,23793,46039
2022-01-14,5호선,올림픽공원,4055,3486,7541
2022-01-14,5호선,왕십리,4684,5251,9935
2022-01-14,5호선,우장산,13820,13784,27604
2022-01-14,5호선,을지로4가,6111,6198,12309
2022-01-14,5호선,장한평,18561,18615,37176
2022-01-14,5호선,종로3가,12734,12705,25439
2022-01-14,5호선,천호,18756,18540,37296
2022-01-14,5호선,청구,3987,3756,7743
2022-01-14,5호선,충정로,4583,4586,9169
2022-01-14,5호선,하남검단산,5354,5211,10565
2022-01-14,5호선,하남시청,6511,6305,12816
2022-01-14,5호선,하남풍산,4229,4270,8499
2022-01-14,5호선,행당,7906,7041,14947
2022-01-14,5호선,화곡,27696,26232,53928
2022-01-14,6호선,고려대,7535,7294,14829
2022-01-14,6호선,공덕,18550,17876,36426
2022-01-14,6호선,광흥창,8915,8699,17614
2022-01-14,6호선,구산,7418,5609,13027
2022-01-14,6호선,녹사평,4583,4794,9377
2022-01-14,6호선,대흥,7863,8073,15936
2022-01-14,6호선,독바위,2672,2703,5375
2022-01-14,6호선,돌곶이,9382,8790,18172
2022-01-14,6호선,동묘앞,7629,7565,15194
2022-01-14,6호선,디지털미디어시티,13170,14350,27520
2022-01-14,6호선,마포구청,14068,12789,26857
2022-01-14,6호선,망원,14958,16289,31247
2022-01-14,6호선,버티고개,2008,2024,4032
2022-01-14,6호선,보문,7035,6434,13469
2022-01-14,6호선,봉화산,8699,8153,16852
2022-01-14,6호선,불광,3985,4050,8035
2022-01-14,6호선,삼각지,6454,5743,12197
2022-01-14,6호선,상수,8977,10098,19075
2022-01-14,6호선,상월곡,6041,5354,11395
2022-01-14,6호선,새절,12248,11628,23876
2022-01-14,6호선,석계,11845,12216,24061
2022-01-14,6호선,신내,1,0,1
2022-01-14,6호선,신당,8554,8766,17320
2022-01-14,6호선,안암,9561,9378,18939
2022-01-14,6호선,약수,3560,3587,7147
2022-01-14,6호선,역촌,3682,4341,8023
2022-01-14,6호선,연신내,1,0,1
2022-01-14,6호선,월곡,11188,11055,22243
2022-01-14,6호선,월드컵경기장,3742,3871,7613
2022-01-14,6호선,응암,17156,17224,34380
2022-01-14,6호선,이태원,10061,10348,20409
2022-01-14,6호선,증산,9830,9874,19704
2022-01-14,6호선,창신,3271,2686,5957
2022-01-14,6호선,청구,3728,3908,7636
2022-01-14,6호선,태릉입구,5347,5894,11241
2022-01-14,6호선,한강진,9067,10180,19247
2022-01-14,6호선,합정,13603,13059,26662
2022-01-14,6호선,화랑대,11308,8790,20098
2022-01-14,6호선,효창공원앞,6872,6229,13101
2022-01-14,7호선,가산디지털단지,46086,45467,91553
2022-01-14,7호선,강남구청,17024,18419,35443
2022-01-14,7호선,건대입구,12466,13039,25505
2022-01-14,7호선,고속터미널,17078,14107,31185
2022-01-14,7호선,공릉,11491,11402,22893
2022-01-14,7호선,광명사거리,22102,21960,44062
2022-01-14,7호선,군자,14819,11988,26807
2022-01-14,7호선,까치울,2,0,2
2022-01-14,7호선,남구로,15679,16622,32301
2022-01-14,7호선,남성,10890,10189,21079
2022-01-14,7호선,내방,14691,14978,29669
2022-01-14,7호선,노원,19643,20693,40336
2022-01-14,7호선,논현,21116,22993,44109
2022-01-14,7호선,대림,7621,7852,15473
2022-01-14,7호선,도봉산,8397,9740,18137
2022-01-14,7호선,뚝섬유원지,7060,6830,13890
2022-01-14,7호선,마들,12587,11934,24521
2022-01-14,7호선,먹골,9994,9966,19960
2022-01-14,7호선,면목,15169,14834,30003
2022-01-14,7호선,반포,5921,5699,11620
2022-01-14,7호선,보라매,9638,9432,19070
2022-01-14,7호선,부평구청,1,0,1
2022-01-14,7호선,사가정,15651,15857,31508
2022-01-14,7호선,삼산체육관,2,0,2
2022-01-14,7호선,상도,10618,10132,20750
2022-01-14,7호선,상동,1,0,1
2022-01-14,7호선,상봉,16957,16190,33147
2022-01-14,7호선,수락산,12162,11859,24021
2022-01-14,7호선,숭실대입구,11389,11302,22691
2022-01-14,7호선,신대방삼거리,16347,15771,32118
2022-01-14,7호선,신풍,11223,10759,21982
2022-01-14,7호선,어린이대공원,12185,11993,24178
2022-01-14,7호선,온수,9759,8850,18609
2022-01-14,7호선,용마산,5937,5702,11639
2022-01-14,7호선,이수,16054,15401,31455
2022-01-14,7호선,장승배기,8872,8742,17614
2022-01-14,7호선,장암,2094,822,2916
2022-01-14,7호선,중계,13550,12171,25721
2022-01-14,7호선,중곡,10494,10063,20557
2022-01-14,7호선,중화,10604,10358,20962
2022-01-14,7호선,천왕,11231,10554,21785
2022-01-14,7호선,철산,21071,21625,42696
2022-01-14,7호선,청담,19316,21653,40969
2022-01-14,7호선,춘의,1,0,1
2022-01-14,7호선,태릉입구,8256,7758,16014
2022-01-14,7호선,하계,17161,16007,33168
2022-01-14,7호선,학동,24678,26262,50940
2022-01-14,8호선,가락시장,8127,8966,17093
2022-01-14,8호선,강동구청,10602,10974,21576
2022-01-14,8호선,남위례,3735,4105,7840
2022-01-14,8호선,남한산성입구,13557,12153,25710
2022-01-14,8호선,단대오거리,10530,10175,20705
2022-01-14,8호선,모란,5735,4625,10360
2022-01-14,8호선,몽촌토성,5891,6126,12017
2022-01-14,8호선,문정,22874,23845,46719
2022-01-14,8호선,복정,9580,7792,17372
2022-01-14,8호선,산성,5206,5072,10278
2022-01-14,8호선,석촌,8178,9275,17453
2022-01-14,8호선,송파,7393,7730,15123
2022-01-14,8호선,수진,5363,4869,10232
2022-01-14,8호선,신흥,4296,4583,8879
2022-01-14,8호선,암사,18799,16896,35695
2022-01-14,8호선,잠실,14551,17040,31591
2022-01-14,8호선,장지,17149,16539,33688
2022-01-14,8호선,천호,14997,17735,32732
2022-01-14,9호선,가양,20054,19439,39493
2022-01-14,9호선,개화,2329,1665,3994
2022-01-14,9호선,고속터미널,12438,16952,29390
2022-01-14,9호선,공항시장,2910,3105,6015
2022-01-14,9호선,구반포,1481,1528,3009
2022-01-14,9호선,국회의사당,16946,17031,33977
2022-01-14,9호선,김포공항,8050,12636,20686
2022-01-14,9호선,노들,4364,3725,8089
2022-01-14,9호선,노량진,27202,26146,53348
2022-01-14,9호선,당산,18663,18465,37128
2022-01-14,9호선,동작,1856,1397,3253
2022-01-14,9호선,등촌,11315,11232,22547
2022-01-14,9호선,마곡나루,11785,11673,23458
2022-01-14,9호선,사평,3542,3502,7044
2022-01-14,9호선,샛강,5954,6120,12074
2022-01-14,9호선,선유도,8841,8338,17179
2022-01-14,9호선,신논현,34553,34015,68568
2022-01-14,9호선,신목동,3904,3505,7409
2022-01-14,9호선,신반포,3215,3211,6426
2022-01-14,9호선,신방화,6643,6454,13097
2022-01-14,9호선,양천향교,9641,9801,19442
2022-01-14,9호선,여의도,28605,26665,55270
2022-01-14,9호선,염창,17120,16562,33682
2022-01-14,9호선,증미,7346,7413,14759
2022-01-14,9호선,흑석,7892,8150,16042
2022-01-14,9호선2~3단계,둔촌오륜,976,907,1883
2022-01-14,9호선2~3단계,봉은사,15841,16088,31929
2022-01-14,9호선2~3단계,삼성중앙,6924,7183,14107
2022-01-14,9호선2~3단계,삼전,7053,6880,13933
2022-01-14,9호선2~3단계,석촌,8437,7604,16041
2022-01-14,9호선2~3단계,석촌고분,6243,6273,12516
2022-01-14,9호선2~3단계,선정릉,9854,10582,20436
2022-01-14,9호선2~3단계,송파나루,5344,5720,11064
2022-01-14,9호선2~3단계,언주,11367,11439,22806
2022-01-14,9호선2~3단계,올림픽공원,5679,5609,11288
2022-01-14,9호선2~3단계,종합운동장,4404,4416,8820
2022-01-14,9호선2~3단계,중앙보훈병원,10527,9223,19750
2022-01-14,9호선2~3단계,한성백제,2546,2350,4896
2022-01-14,경강선,경기광주,7486,7169,14655
2022-01-14,경강선,곤지암,2317,2136,4453
2022-01-14,경강선,부발,2790,2058,4848
2022-01-14,경강선,삼동,2361,2176,4537
2022-01-14,경강선,세종대왕릉,326,295,621
2022-01-14,경강선,신둔도예촌,1382,1282,2664
2022-01-14,경강선,여주,1848,1963,3811
2022-01-14,경강선,이매,1012,904,1916
2022-01-14,경강선,이천,2670,2760,5430
2022-01-14,경강선,초월,3167,2896,6063
2022-01-14,경강선,판교,4687,4790,9477
2022-01-14,경부선,가산디지털단지,17992,20604,38596
2022-01-14,경부선,관악,6775,6492,13267
2022-01-14,경부선,광명,3550,3228,6778
2022-01-14,경부선,구로,18069,18327,36396
2022-01-14,경부선,군포,7685,7593,15278
2022-01-14,경부선,금정,26497,26770,53267
2022-01-14,경부선,금천구청,11427,11698,23125
2022-01-14,경부선,남영,8656,9157,17813
2022-01-14,경부선,노량진,8455,8406,16861
2022-01-14,경부선,당정,5893,5631,11524
2022-01-14,경부선,대방,12380,12726,25106
2022-01-14,경부선,독산,18464,19190,37654
2022-01-14,경부선,두정,5149,5078,10227
2022-01-14,경부선,명학,8659,8517,17176
2022-01-14,경부선,병점,14302,13708,28010
2022-01-14,경부선,서동탄,1385,1268,2653
2022-01-14,경부선,서울역,7472,2704,10176
2022-01-14,경부선,서정리,7352,5784,13136
2022-01-14,경부선,석수,9261,8394,17655
2022-01-14,경부선,성균관대,13520,13264,26784
2022-01-14,경부선,성환,3027,2809,5836
2022-01-14,경부선,세류,2929,2759,5688
2022-01-14,경부선,세마,2692,2501,5193
2022-01-14,경부선,송탄,4256,3929,8185
2022-01-14,경부선,수원,33663,36855,70518
2022-01-14,경부선,신길,8758,7353,16111
2022-01-14,경부선,신도림,4053,3850,7903
2022-01-14,경부선,안양,20577,20789,41366
2022-01-14,경부선,영등포,39015,40040,79055
2022-01-14,경부선,오산,9668,9462,19130
2022-01-14,경부선,오산대,3126,2848,5974
2022-01-14,경부선,용산,35568,36557,72125
2022-01-14,경부선,의왕,8927,8809,17736
2022-01-14,경부선,직산,814,736,1550
2022-01-14,경부선,진위,1666,1345,3011
2022-01-14,경부선,천안,4872,5195,10067
2022-01-14,경부선,평택,11424,11200,22624
2022-01-14,경부선,평택지제,3793,3321,7114
2022-01-14,경부선,화서,7457,7435,14892
2022-01-14,경원선,가능,6136,5961,12097
2022-01-14,경원선,광운대,7227,7025,14252
2022-01-14,경원선,녹양,4322,4095,8417
2022-01-14,경원선,녹천,4318,3661,7979
2022-01-14,경원선,덕계,2955,2602,5557
2022-01-14,경원선,덕정,5064,4800,9864
2022-01-14,경원선,도봉,5816,5672,11488
2022-01-14,경원선,도봉산,6655,4114,10769
2022-01-14,경원선,동두천,1905,2109,4014
2022-01-14,경원선,동두천중앙,2806,2743,5549
2022-01-14,경원선,망월사,6834,7026,13860
2022-01-14,경원선,방학,9286,9097,18383
2022-01-14,경원선,보산,1298,1216,2514
2022-01-14,경원선,서빙고,2006,1846,3852
2022-01-14,경원선,석계,7833,8697,16530
2022-01-14,경원선,소요산,2061,1725,3786
2022-01-14,경원선,신이문,8226,7602,15828
2022-01-14,경원선,양주,7152,6684,13836
2022-01-14,경원선,옥수,50,39,89
2022-01-14,경원선,왕십리,13918,15956,29874
2022-01-14,경원선,외대앞,7049,7009,14058
2022-01-14,경원선,월계,5878,5592,11470
2022-01-14,경원선,응봉,1802,1526,3328
2022-01-14,경원선,의정부,17833,18612,36445
2022-01-14,경원선,이촌,3545,2720,6265
2022-01-14,경원선,지행,6025,6024,12049
2022-01-14,경원선,청량리,15974,16368,32342
2022-01-14,경원선,한남,4053,3809,7862
2022-01-14,경원선,회룡,11810,11797,23607
2022-01-14,경의선,가좌,5059,5040,10099
2022-01-14,경의선,강매,3104,2692,5796
2022-01-14,경의선,곡산,528,527,1055
2022-01-14,경의선,공덕,3518,3117,6635
2022-01-14,경의선,금릉,4529,4370,8899
2022-01-14,경의선,금촌,6145,6079,12224
2022-01-14,경의선,능곡,3453,3201,6654
2022-01-14,경의선,디지털미디어시티,2461,2326,4787
2022-01-14,경의선,문산,5217,5071,10288
2022-01-14,경의선,백마,6638,6438,13076
2022-01-14,경의선,서강대,2127,2093,4220
2022-01-14,경의선,서울역,4153,5128,9281
2022-01-14,경의선,수색,2572,2674,5246
2022-01-14,경의선,신촌,777,991,1768
2022-01-14,경의선,야당,6999,6943,13942
2022-01-14,경의선,운정,6539,6311,12850
2022-01-14,경의선,월롱,2842,2071,4913
2022-01-14,경의선,일산,8627,8738,17365
2022-01-14,경의선,임진강,15,7,22
2022-01-14,경의선,탄현,7479,7312,14791
2022-01-14,경의선,파주,923,624,1547
2022-01-14,경의선,풍산,5340,4974,10314
2022-01-14,경의선,행신,7840,7992,15832
2022-01-14,경의선,홍대입구,1814,2106,3920
2022-01-14,경의선,화전,1466,1359,2825
2022-01-14,경의선,효창공원앞,2809,3310,6119
2022-01-14,경인선,간석,5607,5368,10975
2022-01-14,경인선,개봉,20701,20723,41424
2022-01-14,경인선,구일,5819,5833,11652
2022-01-14,경인선,도원,2368,2488,4856
2022-01-14,경인선,도화,4087,3809,7896
2022-01-14,경인선,동암,14071,14647,28718
2022-01-14,경인선,동인천,13230,12534,25764
2022-01-14,경인선,백운,6464,6339,12803
2022-01-14,경인선,부개,8197,7642,15839
2022-01-14,경인선,부천,31479,32026,63505
2022-01-14,경인선,부평,29475,31859,61334
2022-01-14,경인선,소사,7766,7643,15409
2022-01-14,경인선,송내,25734,25705,51439
2022-01-14,경인선,역곡,25931,25985,51916
2022-01-14,경인선,오류동,11449,10855,22304
2022-01-14,경인선,온수,6092,5877,11969
2022-01-14,경인선,인천,3050,2340,5390
2022-01-14,경인선,제물포,9884,9449,19333
2022-01-14,경인선,주안,17898,16262,34160
2022-01-14,경인선,중동,9020,8605,17625
2022-01-14,경춘선,가평,1375,1460,2835
2022-01-14,경춘선,갈매,2872,2530,5402
2022-01-14,경춘선,강촌,296,285,581
2022-01-14,경춘선,굴봉산,94,100,194
2022-01-14,경춘선,금곡,1371,1301,2672
2022-01-14,경춘선,김유정,223,206,429
2022-01-14,경춘선,남춘천,2123,2319,4442
2022-01-14,경춘선,대성리,358,311,669
2022-01-14,경춘선,마석,3346,3317,6663
2022-01-14,경춘선,백양리,307,286,593
2022-01-14,경춘선,별내,3353,3200,6553
2022-01-14,경춘선,사릉,3030,2959,5989
2022-01-14,경춘선,상천,182,184,366
2022-01-14,경춘선,신내,1919,1761,3680
2022-01-14,경춘선,천마산,1530,1389,2919
2022-01-14,경춘선,청평,1355,1342,2697
2022-01-14,경춘선,춘천,1239,1127,2366
2022-01-14,경춘선,퇴계원,3446,3194,6640
2022-01-14,경춘선,평내호평,5768,5694,11462
2022-01-14,공항철도,검암,6593,6557,13150
2022-01-14,공항철도,계양,9880,9337,19217
2022-01-14,공항철도,공덕,2248,2976,5224
2022-01-14,공항철도,공항화물청사,2261,2414,4675
2022-01-14,공항철도,김포공항,13982,7251,21233
2022-01-14,공항철도,디지털미디어시티,13868,12294,26162
2022-01-14,공항철도,마곡나루,8269,7754,16023
2022-01-14,공항철도,서울역,8651,8303,16954
2022-01-14,공항철도,영종,2829,2954,5783
2022-01-14,공항철도,운서,6452,6279,12731
2022-01-14,공항철도,인천공항1터미널,3766,4193,7959
2022-01-14,공항철도,인천공항2터미널,2349,2152,4501
2022-01-14,공항철도,청라국제도시,6828,6456,13284
2022-01-14,공항철도,홍대입구,10621,10857,21478
2022-01-14,과천선,경마공원,5070,5158,10228
2022-01-14,과천선,과천,6131,5741,11872
2022-01-14,과천선,대공원,2056,2167,4223
2022-01-14,과천선,범계,25861,25645,51506
2022-01-14,과천선,선바위,8153,7118,15271
2022-01-14,과천선,인덕원,24294,25148,49442
2022-01-14,과천선,정부과천청사,10364,10244,20608
2022-01-14,과천선,평촌,17825,17739,35564
2022-01-14,분당선,가천대,6653,7356,14009
2022-01-14,분당선,강남구청,10594,11856,22450
2022-01-14,분당선,개포동,3640,3907,7547
2022-01-14,분당선,구룡,1789,1727,3516
2022-01-14,분당선,구성,5136,5373,10509
2022-01-14,분당선,기흥,9745,9181,18926
2022-01-14,분당선,대모산입구,4520,4201,8721
2022-01-14,분당선,도곡,7097,6924,14021
2022-01-14,분당선,망포,15033,13987,29020
2022-01-14,분당선,매교,2628,2740,5368
2022-01-14,분당선,매탄권선,5147,4832,9979
2022-01-14,분당선,모란,24535,25385,49920
2022-01-14,분당선,미금,15791,16558,32349
2022-01-14,분당선,보정,2488,2177,4665
2022-01-14,분당선,복정,1,0,1
2022-01-14,분당선,상갈,5429,5178,10607
2022-01-14,분당선,서울숲,10472,10725,21197
2022-01-14,분당선,서현,25963,26523,52486
2022-01-14,분당선,선릉,13855,20565,34420
2022-01-14,분당선,선정릉,8328,8818,17146
2022-01-14,분당선,수내,13899,13821,27720
2022-01-14,분당선,수서,14513,15471,29984
2022-01-14,분당선,수원,8148,6774,14922
2022-01-14,분당선,수원시청,13400,14501,27901
2022-01-14,분당선,신갈,4579,4521,9100
2022-01-14,분당선,압구정로데오,21594,23311,44905
2022-01-14,분당선,야탑,25889,26848,52737
2022-01-14,분당선,영통,8603,8820,17423
2022-01-14,분당선,오리,11858,9841,21699
2022-01-14,분당선,이매,5669,5352,11021
2022-01-14,분당선,정자,18114,19021,37135
2022-01-14,분당선,죽전,13558,14648,28206
2022-01-14,분당선,청명,4229,4082,8311
2022-01-14,분당선,태평,13646,13407,27053
2022-01-14,분당선,한티,15602,16592,32194
2022-01-14,수인선,고색,4644,4265,8909
2022-01-14,수인선,남동인더스파크,2259,2460,4719
2022-01-14,수인선,달월,85,53,138
2022-01-14,수인선,사리,4343,3915,8258
2022-01-14,수인선,소래포구,4464,4258,8722
2022-01-14,수인선,송도,2417,2282,4699
2022-01-14,수인선,숭의,3826,3591,7417
2022-01-14,수인선,신포,1650,1710,3360
2022-01-14,수인선,야목,333,250,583
2022-01-14,수인선,어천,800,661,1461
2022-01-14,수인선,연수,4368,4519,8887
2022-01-14,수인선,오목천,2723,2494,5217
2022-01-14,수인선,원인재,4380,4449,8829
2022-01-14,수인선,월곶,2467,2304,4771
2022-01-14,수인선,인천,995,1584,2579
2022-01-14,수인선,인천논현,5339,5712,11051
2022-01-14,수인선,인하대,5565,5199,10764
2022-01-14,수인선,호구포,3887,4069,7956
2022-01-14,안산선,고잔,8466,8035,16501
2022-01-14,안산선,대야미,4914,4326,9240
2022-01-14,안산선,반월,4027,3836,7863
2022-01-14,안산선,산본,15597,16951,32548
2022-01-14,안산선,상록수,14770,15177,29947
2022-01-14,안산선,수리산,4007,3189,7196
2022-01-14,안산선,신길온천,1573,1533,3106
2022-01-14,안산선,안산,11279,10198,21477
2022-01-14,안산선,오이도,7983,7848,15831
2022-01-14,안산선,정왕,7688,7797,15485
2022-01-14,안산선,중앙,17443,18488,35931
2022-01-14,안산선,초지,4327,4445,8772
2022-01-14,안산선,한대앞,8399,8440,16839
2022-01-14,우이신설선,4.19민주묘지,2669,2480,5149
2022-01-14,우이신설선,가오리,3941,3875,7816
2022-01-14,우이신설선,보문,1434,1458,2892
2022-01-14,우이신설선,북한산보국문,5807,5621,11428
2022-01-14,우이신설선,북한산우이,2250,1977,4227
2022-01-14,우이신설선,삼양,1980,2108,4088
2022-01-14,우이신설선,삼양사거리,2402,2433,4835
2022-01-14,우이신설선,성신여대입구,3198,3579,6777
2022-01-14,우이신설선,솔밭공원,2420,2237,4657
2022-01-14,우이신설선,솔샘,5668,5282,10950
2022-01-14,우이신설선,신설동,2091,1962,4053
2022-01-14,우이신설선,정릉,4496,4114,8610
2022-01-14,우이신설선,화계,3303,3060,6363
2022-01-14,일산선,대곡,1842,1457,3299
2022-01-14,일산선,대화,11937,9700,21637
2022-01-14,일산선,마두,7399,7638,15037
2022-01-14,일산선,백석,9617,9712,19329
2022-01-14,일산선,삼송,18576,17992,36568
2022-01-14,일산선,원당,10595,10094,20689
2022-01-14,일산선,원흥,10138,9676,19814
2022-01-14,일산선,정발산,7199,7283,14482
2022-01-14,일산선,주엽,8797,8877,17674
2022-01-14,일산선,지축,1,0,1
2022-01-14,일산선,화정,16305,16887,33192
2022-01-14,장항선,배방,982,887,1869
2022-01-14,장항선,봉명,1150,1116,2266
2022-01-14,장항선,신창,1097,897,1994
2022-01-14,장항선,쌍용,1748,1608,3356
2022-01-14,장항선,아산,2871,2925,5796
2022-01-14,장항선,온양온천,4022,4136,8158
2022-01-14,장항선,탕정,432,395,827
2022-01-14,중앙선,구리,13105,13403,26508
2022-01-14,중앙선,국수,567,562,1129
2022-01-14,중앙선,덕소,5269,5234,10503
2022-01-14,중앙선,도농,10076,9431,19507
2022-01-14,중앙선,도심,2252,1779,4031
2022-01-14,중앙선,망우,7465,7485,14950
2022-01-14,중앙선,상봉,5810,5735,11545
2022-01-14,중앙선,신원,146,136,282
2022-01-14,중앙선,아신,464,466,930
2022-01-14,중앙선,양수,1511,1536,3047
2022-01-14,중앙선,양원,1968,1834,3802
2022-01-14,중앙선,양정,629,554,1183
2022-01-14,중앙선,양평,2355,2408,4763
2022-01-14,중앙선,오빈,258,260,518
2022-01-14,중앙선,용문,1391,1458,2849
2022-01-14,중앙선,운길산,490,472,962
2022-01-14,중앙선,원덕,281,265,546
2022-01-14,중앙선,중랑,5402,5103,10505
2022-01-14,중앙선,지평,60,54,114
2022-01-14,중앙선,팔당,762,790,1552
2022-01-14,중앙선,회기,23091,22110,45201
2022-01-17,1호선,동대문,10235,9573,19808
2022-01-17,1호선,동묘앞,6486,6641,13127
2022-01-17,1호선,서울역,41857,39516,81373
2022-01-17,1호선,시청,21072,21112,42184
2022-01-17,1호선,신설동,13535,13129,26664
2022-01-17,1호선,제기동,16940,17430,34370
2022-01-17,1호선,종각,35176,33692,68868
2022-01-17,1호선,종로3가,23959,22259,46218
2022-01-17,1호선,종로5가,21497,20975,42472
2022-01-17,1호선,청량리,18860,18814,37674
2022-01-17,2호선,강남,88930,85584,174514
2022-01-17,2호선,강변,28956,27826,56782
2022-01-17,2호선,건대입구,33133,34967,68100
2022-01-17,2호선,교대,34233,38193,72426
2022-01-17,2호선,구로디지털단지,59603,59983,119586
2022-01-17,2호선,구의,22994,23412,46406
2022-01-17,2호선,낙성대,26064,26095,52159
2022-01-17,2호선,당산,17546,20313,37859
2022-01-17,2호선,대림,23229,23905,47134
2022-01-17,2호선,도림천,1482,1506,2988
2022-01-17,2호선,동대문역사문화공원,10651,11787,22438
2022-01-17,2호선,뚝섬,21576,23084,44660
2022-01-17,2호선,문래,21661,21772,43433
2022-01-17,2호선,방배,15842,16561,32403
2022-01-17,2호선,봉천,23049,22130,45179
2022-01-17,2호선,사당,34328,37450,71778
2022-01-17,2호선,삼성,53146,52136,105282
2022-01-17,2호선,상왕십리,13947,13984,27931
2022-01-17,2호선,서울대입구,45578,45575,91153
2022-01-17,2호선,서초,21605,20490,42095
2022-01-17,2호선,선릉,59123,51712,110835
2022-01-17,2호선,성수,38279,40288,78567
2022-01-17,2호선,시청,23726,22148,45874
2022-01-17,2호선,신답,1625,1967,3592
2022-01-17,2호선,신당,13035,13586,26621
2022-01-17,2호선,신대방,25558,25487,51045
2022-01-17,2호선,신도림,45311,44128,89439
2022-01-17,2호선,신림,61183,60578,121761
2022-01-17,2호선,신설동,3383,3380,6763
2022-01-17,2호선,신정네거리,10108,10739,20847
2022-01-17,2호선,신촌,31394,31773,63167
2022-01-17,2호선,아현,9613,9436,19049
2022-01-17,2호선,양천구청,6722,7172,13894
2022-01-17,2호선,역삼,56428,60587,117015
2022-01-17,2호선,영등포구청,23372,23785,47157
2022-01-17,2호선,왕십리,14705,12345,27050
2022-01-17,2호선,용답,2583,2660,5243
2022-01-17,2호선,용두,2321,2465,4786
2022-01-17,2호선,을지로3가,22599,21977,44576
2022-01-17,2호선,을지로4가,13082,12763,25845
2022-01-17,2호선,을지로입구,38811,38719,77530
2022-01-17,2호선,이대,12291,13001,25292
2022-01-17,2호선,잠실,64564,64198,128762
2022-01-17,2호선,잠실나루,14241,13950,28191
2022-01-17,2호선,잠실새내,20672,20709,41381
2022-01-17,2호선,종합운동장,6560,7353,13913
2022-01-17,2호선,충정로,9849,10355,20204
2022-01-17,2호선,한양대,6873,7136,14009
2022-01-17,2호선,합정,29119,29771,58890
2022-01-17,2호선,홍대입구,50570,51028,101598
2022-01-17,3호선,가락시장,8921,8585,17506
2022-01-17,3호선,경복궁,18213,17784,35997
2022-01-17,3호선,경찰병원,7634,7723,15357
2022-01-17,3호선,고속터미널,36629,34942,71571
2022-01-17,3호선,교대,14311,9203,23514
2022-01-17,3호선,구파발,19901,18791,38692
2022-01-17,3호선,금호,7668,7485,15153
2022-01-17,3호선,남부터미널,28977,28987,57964
2022-01-17,3호선,녹번,15031,13926,28957
2022-01-17,3호선,대청,9865,9367,19232
2022-01-17,3호선,대치,11597,11644,23241
2022-01-17,3호선,도곡,5377,5491,10868
2022-01-17,3호선,독립문,6342,6433,12775
2022-01-17,3호선,동대입구,6776,7029,13805
2022-01-17,3호선,매봉,12783,12151,24934
2022-01-17,3호선,무악재,3767,3865,7632
2022-01-17,3호선,불광,15364,16549,31913
2022-01-17,3호선,수서,16582,17264,33846
2022-01-17,3호선,신사,32298,32863,65161
2022-01-17,3호선,안국,19135,19281,38416
2022-01-17,3호선,압구정,32619,34318,66937
2022-01-17,3호선,약수,12374,12114,24488
2022-01-17,3호선,양재,38853,41474,80327
2022-01-17,3호선,연신내,34538,33402,67940
2022-01-17,3호선,오금,6219,5575,11794
2022-01-17,3호선,옥수,8284,8950,17234
2022-01-17,3호선,을지로3가,10730,10772,21502
2022-01-17,3호선,일원,9877,9740,19617
2022-01-17,3호선,잠원,4588,4666,9254
2022-01-17,3호선,종로3가,10242,11330,21572
2022-01-17,3호선,지축,4295,4304,8599
2022-01-17,3호선,충무로,1,0,1
2022-01-17,3호선,학여울,1716,1743,3459
2022-01-17,3호선,홍제,16506,16114,32620
2022-01-17,4호선,길음,19171,19266,38437
2022-01-17,4호선,남태령,1055,958,2013
2022-01-17,4호선,노원,17812,19759,37571
2022-01-17,4호선,당고개,12157,11029,23186
2022-01-17,4호선,동대문,19157,19612,38769
2022-01-17,4호선,동대문역사문화공원,14043,12770,26813
2022-01-17,4호선,동작,1122,1242,2364
2022-01-17,4호선,명동,16964,17273,34237
2022-01-17,4호선,미아,14028,13794,27822
2022-01-17,4호선,미아사거리,25785,25398,51183
2022-01-17,4호선,사당,23307,19203,42510
2022-01-17,4호선,삼각지,4654,5075,9729
2022-01-17,4호선,상계,18270,17361,35631
2022-01-17,4호선,서울역,11231,15610,26841
2022-01-17,4호선,성신여대입구,18530,18070,36600
2022-01-17,4호선,수유,32266,32667,64933
2022-01-17,4호선,숙대입구,11831,11604,23435
2022-01-17,4호선,신용산,16253,16931,33184
2022-01-17,4호선,쌍문,28241,26262,54503
2022-01-17,4호선,이촌,6829,7619,14448
2022-01-17,4호선,창동,24255,25727,49982
2022-01-17,4호선,총신대입구,17898,19548,37446
2022-01-17,4호선,충무로,25332,25944,51276
2022-01-17,4호선,한성대입구,12154,12088,24242
2022-01-17,4호선,혜화,29638,29273,58911
2022-01-17,4호선,회현,23167,23914,47081
2022-01-17,5호선,강동,18244,17732,35976
2022-01-17,5호선,강일,3768,3759,7527
2022-01-17,5호선,개롱,6179,6680,12859
2022-01-17,5호선,개화산,5410,5296,10706
2022-01-17,5호선,거여,9033,8772,17805
2022-01-17,5호선,고덕,9022,9189,18211
2022-01-17,5호선,공덕,13840,14773,28613
2022-01-17,5호선,광나루,12454,11472,23926
2022-01-17,5호선,광화문,29581,29675,59256
2022-01-17,5호선,군자,10785,11811,22596
2022-01-17,5호선,굽은다리,9256,9070,18326
2022-01-17,5호선,길동,8019,8397,16416
2022-01-17,5호선,김포공항,7278,7056,14334
2022-01-17,5호선,까치산,28044,27648,55692
2022-01-17,5호선,답십리,15790,14835,30625
2022-01-17,5호선,동대문역사문화공원,3135,3499,6634
2022-01-17,5호선,둔촌동,8570,8554,17124
2022-01-17,5호선,마곡,11428,11056,22484
2022-01-17,5호선,마장,5541,5364,10905
2022-01-17,5호선,마천,6681,6596,13277
2022-01-17,5호선,마포,14962,15169,30131
2022-01-17,5호선,명일,8292,8853,17145
2022-01-17,5호선,목동,16579,18416,34995
2022-01-17,5호선,미사,15530,15569,31099
2022-01-17,5호선,발산,20713,20346,41059
2022-01-17,5호선,방이,7070,7477,14547
2022-01-17,5호선,방화,6420,6317,12737
2022-01-17,5호선,상일동,15158,14285,29443
2022-01-17,5호선,서대문,19781,19835,39616
2022-01-17,5호선,송정,6414,6077,12491
2022-01-17,5호선,신금호,6159,6626,12785
2022-01-17,5호선,신길,4129,4745,8874
2022-01-17,5호선,신정,13615,11419,25034
2022-01-17,5호선,아차산,13090,12968,26058
2022-01-17,5호선,애오개,6941,7046,13987
2022-01-17,5호선,양평,7765,7816,15581
2022-01-17,5호선,여의나루,8754,9543,18297
2022-01-17,5호선,여의도,30840,30560,61400
2022-01-17,5호선,영등포구청,3952,4078,8030
2022-01-17,5호선,영등포시장,10107,10394,20501
2022-01-17,5호선,오금,3637,3662,7299
2022-01-17,5호선,오목교,21959,22991,44950
2022-01-17,5호선,올림픽공원,4035,3423,7458
2022-01-17,5호선,왕십리,4599,4928,9527
2022-01-17,5호선,우장산,14012,14149,28161
2022-01-17,5호선,을지로4가,6228,6161,12389
2022-01-17,5호선,장한평,18257,18269,36526
2022-01-17,5호선,종로3가,11920,11549,23469
2022-01-17,5호선,천호,17056,16758,33814
2022-01-17,5호선,청구,3961,3700,7661
2022-01-17,5호선,충정로,4922,4910,9832
2022-01-17,5호선,하남검단산,5158,5004,10162
2022-01-17,5호선,하남시청,6103,6034,12137
2022-01-17,5호선,하남풍산,4126,4158,8284
2022-01-17,5호선,행당,7863,7434,15297
2022-01-17,5호선,화곡,27923,26449,54372
2022-01-17,6호선,고려대,7527,7383,14910
2022-01-17,6호선,공덕,18240,17562,35802
2022-01-17,6호선,광흥창,8773,8774,17547
2022-01-17,6호선,구산,7162,5838,13000
2022-01-17,6호선,녹사평,4057,4049,8106
2022-01-17,6호선,대흥,7813,8084,15897
2022-01-17,6호선,독바위,2596,2840,5436
2022-01-17,6호선,돌곶이,9108,8726,17834
2022-01-17,6호선,동묘앞,7380,7586,14966
2022-01-17,6호선,디지털미디어시티,13574,14977,28551
2022-01-17,6호선,마포구청,14018,13028,27046
2022-01-17,6호선,망원,13085,14089,27174
2022-01-17,6호선,버티고개,1978,2035,4013
2022-01-17,6호선,보문,6777,6403,13180
2022-01-17,6호선,봉화산,8834,8431,17265
2022-01-17,6호선,불광,3934,3915,7849
2022-01-17,6호선,삼각지,5641,5092,10733
2022-01-17,6호선,상수,7771,8183,15954
2022-01-17,6호선,상월곡,5982,5483,11465
2022-01-17,6호선,새절,12306,11763,24069
2022-01-17,6호선,석계,11543,12319,23862
2022-01-17,6호선,신당,7307,7846,15153
2022-01-17,6호선,안암,9594,9593,19187
2022-01-17,6호선,약수,3503,3527,7030
2022-01-17,6호선,역촌,3764,4433,8197
2022-01-17,6호선,연신내,1,0,1
2022-01-17,6호선,월곡,11035,11136,22171
2022-01-17,6호선,월드컵경기장,3319,3454,6773
2022-01-17,6호선,응암,16930,17148,34078
2022-01-17,6호선,이태원,8471,8392,16863
2022-01-17,6호선,증산,9766,9955,19721
2022-01-17,6호선,창신,3187,2798,5985
2022-01-17,6호선,청구,3634,3838,7472
2022-01-17,6호선,태릉입구,5246,5642,10888
2022-01-17,6호선,한강진,6714,7328,14042
2022-01-17,6호선,합정,12272,11662,23934
2022-01-17,6호선,화랑대,11250,8910,20160
2022-01-17,6호선,효창공원앞,6797,6196,12993
2022-01-17,7호선,가산디지털단지,48784,47393,96177
2022-01-17,7호선,강남구청,16509,17645,34154
2022-01-17,7호선,건대입구,11728,12487,24215
2022-01-17,7호선,고속터미널,15522,12581,28103
2022-01-17,7호선,공릉,11152,11262,22414
2022-01-17,7호선,광명사거리,21605,21582,43187
2022-01-17,7호선,군자,14662,12101,26763
2022-01-17,7호선,굴포천,1,0,1
2022-01-17,7호선,남구로,16531,17231,33762
2022-01-17,7호선,남성,10574,10254,20828
2022-01-17,7호선,내방,14757,14990,29747
2022-01-17,7호선,노원,19424,19863,39287
2022-01-17,7호선,논현,20722,22190,42912
2022-01-17,7호선,대림,7999,7874,15873
2022-01-17,7호선,도봉산,8610,9918,18528
2022-01-17,7호선,뚝섬유원지,6865,6767,13632
2022-01-17,7호선,마들,12306,12113,24419
2022-01-17,7호선,먹골,9870,9801,19671
2022-01-17,7호선,면목,14801,14637,29438
2022-01-17,7호선,반포,5332,5144,10476
2022-01-17,7호선,보라매,9717,9698,19415
2022-01-17,7호선,부천시청,1,0,1
2022-01-17,7호선,사가정,15559,15730,31289
2022-01-17,7호선,상도,10367,10169,20536
2022-01-17,7호선,상봉,16377,15396,31773
2022-01-17,7호선,수락산,11951,11953,23904
2022-01-17,7호선,숭실대입구,11085,11627,22712
2022-01-17,7호선,신대방삼거리,16349,15957,32306
2022-01-17,7호선,신풍,11316,10938,22254
2022-01-17,7호선,어린이대공원,11611,11571,23182
2022-01-17,7호선,온수,9904,9166,19070
2022-01-17,7호선,용마산,5835,5778,11613
2022-01-17,7호선,이수,15224,14899,30123
2022-01-17,7호선,장승배기,8778,8883,17661
2022-01-17,7호선,장암,2132,758,2890
2022-01-17,7호선,중계,13410,12544,25954
2022-01-17,7호선,중곡,10438,10023,20461
2022-01-17,7호선,중화,10558,10523,21081
2022-01-17,7호선,천왕,11179,10768,21947
2022-01-17,7호선,철산,20632,21385,42017
2022-01-17,7호선,청담,19351,21506,40857
2022-01-17,7호선,태릉입구,7931,7510,15441
2022-01-17,7호선,하계,16490,15816,32306
2022-01-17,7호선,학동,25743,26508,52251
2022-01-17,8호선,가락시장,7680,8466,16146
2022-01-17,8호선,강동구청,10469,11112,21581
2022-01-17,8호선,남위례,3536,3892,7428
2022-01-17,8호선,남한산성입구,13056,12243,25299
2022-01-17,8호선,단대오거리,10479,10351,20830
2022-01-17,8호선,모란,4341,3281,7622
2022-01-17,8호선,몽촌토성,5948,6120,12068
2022-01-17,8호선,문정,23316,24059,47375
2022-01-17,8호선,복정,9027,7820,16847
2022-01-17,8호선,산성,5045,5247,10292
2022-01-17,8호선,석촌,7702,8674,16376
2022-01-17,8호선,송파,7288,7672,14960
2022-01-17,8호선,수진,5229,4874,10103
2022-01-17,8호선,신흥,4122,4494,8616
2022-01-17,8호선,암사,18597,16946,35543
2022-01-17,8호선,잠실,13693,15624,29317
2022-01-17,8호선,장지,16645,16408,33053
2022-01-17,8호선,천호,14351,16330,30681
2022-01-17,9호선,가양,20157,19844,40001
2022-01-17,9호선,개화,2435,1736,4171
2022-01-17,9호선,고속터미널,11317,14138,25455
2022-01-17,9호선,공항시장,2826,3077,5903
2022-01-17,9호선,구반포,1399,1519,2918
2022-01-17,9호선,국회의사당,18001,17743,35744
2022-01-17,9호선,김포공항,7329,11259,18588
2022-01-17,9호선,노들,4164,3698,7862
2022-01-17,9호선,노량진,25677,25188,50865
2022-01-17,9호선,당산,18175,18340,36515
2022-01-17,9호선,동작,1743,1346,3089
2022-01-17,9호선,등촌,11501,11763,23264
2022-01-17,9호선,마곡나루,11718,11493,23211
2022-01-17,9호선,사평,3488,3645,7133
2022-01-17,9호선,샛강,6291,6328,12619
2022-01-17,9호선,선유도,9184,8688,17872
2022-01-17,9호선,신논현,32232,31773,64005
2022-01-17,9호선,신목동,3972,3760,7732
2022-01-17,9호선,신반포,3094,3088,6182
2022-01-17,9호선,신방화,6645,6742,13387
2022-01-17,9호선,양천향교,9522,9867,19389
2022-01-17,9호선,여의도,28684,27006,55690
2022-01-17,9호선,염창,16990,16770,33760
2022-01-17,9호선,증미,7661,7672,15333
2022-01-17,9호선,흑석,7818,8352,16170
2022-01-17,9호선2~3단계,둔촌오륜,936,974,1910
2022-01-17,9호선2~3단계,봉은사,16090,16023,32113
2022-01-17,9호선2~3단계,삼성중앙,7186,7458,14644
2022-01-17,9호선2~3단계,삼전,7000,7086,14086
2022-01-17,9호선2~3단계,석촌,8120,7305,15425
2022-01-17,9호선2~3단계,석촌고분,6135,6250,12385
2022-01-17,9호선2~3단계,선정릉,9774,10553,20327
2022-01-17,9호선2~3단계,송파나루,4967,5237,10204
2022-01-17,9호선2~3단계,언주,11312,11421,22733
2022-01-17,9호선2~3단계,올림픽공원,5492,5415,10907
2022-01-17,9호선2~3단계,종합운동장,4246,4164,8410
2022-01-17,9호선2~3단계,중앙보훈병원,10692,9354,20046
2022-01-17,9호선2~3단계,한성백제,2458,2327,4785
2022-01-17,경강선,경기광주,7448,7530,14978
2022-01-17,경강선,곤지암,2008,2123,4131
2022-01-17,경강선,부발,1894,1961,3855
2022-01-17,경강선,삼동,2327,2351,4678
2022-01-17,경강선,세종대왕릉,262,245,507
2022-01-17,경강선,신둔도예촌,1335,1225,2560
2022-01-17,경강선,여주,1744,1685,3429
2022-01-17,경강선,이매,1080,877,1957
2022-01-17,경강선,이천,2434,2505,4939
2022-01-17,경강선,초월,3004,3072,6076
2022-01-17,경강선,판교,4922,4550,9472
2022-01-17,경부선,가산디지털단지,18557,21377,39934
2022-01-17,경부선,관악,6817,6426,13243
2022-01-17,경부선,광명,3374,2906,6280
2022-01-17,경부선,구로,18027,17984,36011
2022-01-17,경부선,군포,7496,7581,15077
2022-01-17,경부선,금정,25847,26677,52524
2022-01-17,경부선,금천구청,11467,11445,22912
2022-01-17,경부선,남영,8504,9064,17568
2022-01-17,경부선,노량진,7597,7919,15516
2022-01-17,경부선,당정,5809,5640,11449
2022-01-17,경부선,대방,12641,13291,25932
2022-01-17,경부선,독산,18910,19637,38547
2022-01-17,경부선,두정,4263,4408,8671
2022-01-17,경부선,명학,8891,8674,17565
2022-01-17,경부선,병점,13105,13068,26173
2022-01-17,경부선,서동탄,1347,1094,2441
2022-01-17,경부선,서울역,6001,2006,8007
2022-01-17,경부선,서정리,6039,5907,11946
2022-01-17,경부선,석수,9235,8246,17481
2022-01-17,경부선,성균관대,12836,12981,25817
2022-01-17,경부선,성환,2651,2798,5449
2022-01-17,경부선,세류,2823,2567,5390
2022-01-17,경부선,세마,2584,2333,4917
2022-01-17,경부선,송탄,3847,3668,7515
2022-01-17,경부선,수원,30564,32287,62851
2022-01-17,경부선,신길,8552,7356,15908
2022-01-17,경부선,신도림,3950,3781,7731
2022-01-17,경부선,안양,20003,20197,40200
2022-01-17,경부선,영등포,34729,35274,70003
2022-01-17,경부선,오산,8963,9153,18116
2022-01-17,경부선,오산대,2955,2736,5691
2022-01-17,경부선,용산,31160,30905,62065
2022-01-17,경부선,의왕,8724,8864,17588
2022-01-17,경부선,직산,746,661,1407
2022-01-17,경부선,진위,1500,1338,2838
2022-01-17,경부선,천안,4115,4424,8539
2022-01-17,경부선,평택,10104,10072,20176
2022-01-17,경부선,평택지제,3271,3089,6360
2022-01-17,경부선,화서,7440,7234,14674
2022-01-17,경원선,가능,6121,5892,12013
2022-01-17,경원선,광운대,6985,6816,13801
2022-01-17,경원선,녹양,4083,3917,8000
2022-01-17,경원선,녹천,4472,3933,8405
2022-01-17,경원선,덕계,2716,2507,5223
2022-01-17,경원선,덕정,4874,4752,9626
2022-01-17,경원선,도봉,5735,5525,11260
2022-01-17,경원선,도봉산,6577,3954,10531
2022-01-17,경원선,동두천,1865,2087,3952
2022-01-17,경원선,동두천중앙,2845,2659,5504
2022-01-17,경원선,망월사,6826,7103,13929
2022-01-17,경원선,방학,9234,9085,18319
2022-01-17,경원선,보산,1255,1092,2347
2022-01-17,경원선,서빙고,1770,1749,3519
2022-01-17,경원선,석계,7646,8654,16300
2022-01-17,경원선,소요산,2025,1698,3723
2022-01-17,경원선,신이문,8064,7619,15683
2022-01-17,경원선,양주,7050,6628,13678
2022-01-17,경원선,옥수,39,35,74
2022-01-17,경원선,왕십리,12991,14821,27812
2022-01-17,경원선,외대앞,6608,6793,13401
2022-01-17,경원선,월계,5911,5675,11586
2022-01-17,경원선,응봉,1714,1501,3215
2022-01-17,경원선,의정부,16939,17166,34105
2022-01-17,경원선,이촌,3481,2784,6265
2022-01-17,경원선,지행,5885,5760,11645
2022-01-17,경원선,청량리,13750,14306,28056
2022-01-17,경원선,한남,4105,3893,7998
2022-01-17,경원선,회룡,11799,11702,23501
2022-01-17,경의선,가좌,5068,5166,10234
2022-01-17,경의선,강매,3060,2738,5798
2022-01-17,경의선,곡산,549,540,1089
2022-01-17,경의선,공덕,3443,2950,6393
2022-01-17,경의선,금릉,4608,4270,8878
2022-01-17,경의선,금촌,5954,5904,11858
2022-01-17,경의선,능곡,3472,3241,6713
2022-01-17,경의선,디지털미디어시티,2332,2204,4536
2022-01-17,경의선,문산,4593,4684,9277
2022-01-17,경의선,백마,6563,6457,13020
2022-01-17,경의선,서강대,2118,1974,4092
2022-01-17,경의선,서울역,4215,5159,9374
2022-01-17,경의선,수색,2813,2889,5702
2022-01-17,경의선,신촌,798,950,1748
2022-01-17,경의선,야당,6948,6777,13725
2022-01-17,경의선,운정,6548,6245,12793
2022-01-17,경의선,월롱,2348,2295,4643
2022-01-17,경의선,일산,8610,8755,17365
2022-01-17,경의선,임진강,2,5,7
2022-01-17,경의선,탄현,7549,7278,14827
2022-01-17,경의선,파주,952,693,1645
2022-01-17,경의선,풍산,5239,4864,10103
2022-01-17,경의선,행신,7452,7616,15068
2022-01-17,경의선,홍대입구,1484,1781,3265
2022-01-17,경의선,화전,1389,1341,2730
2022-01-17,경의선,효창공원앞,2893,3447,6340
2022-01-17,경인선,간석,5489,5295,10784
2022-01-17,경인선,개봉,20495,20864,41359
2022-01-17,경인선,구일,5904,5984,11888
2022-01-17,경인선,도원,2394,2437,4831
2022-01-17,경인선,도화,3993,3723,7716
2022-01-17,경인선,동암,13858,13982,27840
2022-01-17,경인선,동인천,12766,11903,24669
2022-01-17,경인선,백운,6486,6488,12974
2022-01-17,경인선,부개,8180,7701,15881
2022-01-17,경인선,부천,30582,30340,60922
2022-01-17,경인선,부평,28001,29237,57238
2022-01-17,경인선,소사,7858,7849,15707
2022-01-17,경인선,송내,25541,25492,51033
2022-01-17,경인선,역곡,25456,25462,50918
2022-01-17,경인선,오류동,11286,10987,22273
2022-01-17,경인선,온수,6024,5909,11933
2022-01-17,경인선,인천,2771,2038,4809
2022-01-17,경인선,제물포,9573,9200,18773
2022-01-17,경인선,주안,17365,15826,33191
2022-01-17,경인선,중동,9052,8638,17690
2022-01-17,경춘선,가평,1355,1381,2736
2022-01-17,경춘선,갈매,2917,2610,5527
2022-01-17,경춘선,강촌,281,273,554
2022-01-17,경춘선,굴봉산,119,133,252
2022-01-17,경춘선,금곡,1431,1311,2742
2022-01-17,경춘선,김유정,195,191,386
2022-01-17,경춘선,남춘천,2317,2394,4711
2022-01-17,경춘선,대성리,367,355,722
2022-01-17,경춘선,마석,3456,3461,6917
2022-01-17,경춘선,백양리,256,265,521
2022-01-17,경춘선,별내,3187,3067,6254
2022-01-17,경춘선,사릉,3145,2943,6088
2022-01-17,경춘선,상천,199,168,367
2022-01-17,경춘선,신내,1981,1818,3799
2022-01-17,경춘선,천마산,1563,1432,2995
2022-01-17,경춘선,청평,1380,1295,2675
2022-01-17,경춘선,춘천,1047,946,1993
2022-01-17,경춘선,퇴계원,3463,3321,6784
2022-01-17,경춘선,평내호평,5972,5618,11590
2022-01-17,공항철도,검암,6428,6224,12652
2022-01-17,공항철도,계양,9999,9483,19482
2022-01-17,공항철도,공덕,2294,2952,5246
2022-01-17,공항철도,공항화물청사,2284,2437,4721
2022-01-17,공항철도,김포공항,11997,6903,18900
2022-01-17,공항철도,디지털미디어시티,14606,12910,27516
2022-01-17,공항철도,마곡나루,9195,8357,17552
2022-01-17,공항철도,서울역,7423,6725,14148
2022-01-17,공항철도,영종,2819,2834,5653
2022-01-17,공항철도,운서,6133,6135,12268
2022-01-17,공항철도,인천공항1터미널,3425,3607,7032
2022-01-17,공항철도,인천공항2터미널,2103,1878,3981
2022-01-17,공항철도,청라국제도시,6805,6313,13118
2022-01-17,공항철도,홍대입구,8906,8810,17716
2022-01-17,과천선,경마공원,835,841,1676
2022-01-17,과천선,과천,5921,5712,11633
2022-01-17,과천선,대공원,1729,1796,3525
2022-01-17,과천선,범계,24658,24494,49152
2022-01-17,과천선,선바위,7972,6805,14777
2022-01-17,과천선,인덕원,23316,24465,47781
2022-01-17,과천선,정부과천청사,10601,10474,21075
2022-01-17,과천선,평촌,18097,17839,35936
2022-01-17,분당선,가천대,6119,7155,13274
2022-01-17,분당선,강남구청,10431,11566,21997
2022-01-17,분당선,개포동,3651,3847,7498
2022-01-17,분당선,구룡,1878,1865,3743
2022-01-17,분당선,구성,4879,5483,10362
2022-01-17,분당선,기흥,9366,9050,18416
2022-01-17,분당선,대모산입구,4397,4195,8592
2022-01-17,분당선,도곡,6952,7003,13955
2022-01-17,분당선,망포,14225,13825,28050
2022-01-17,분당선,매교,2661,2727,5388
2022-01-17,분당선,매탄권선,4639,4575,9214
2022-01-17,분당선,모란,19108,19435,38543
2022-01-17,분당선,미금,15623,16345,31968
2022-01-17,분당선,보정,2339,2117,4456
2022-01-17,분당선,상갈,5060,5022,10082
2022-01-17,분당선,서울숲,10144,10401,20545
2022-01-17,분당선,서현,25632,25458,51090
2022-01-17,분당선,선릉,14551,21112,35663
2022-01-17,분당선,선정릉,8645,9100,17745
2022-01-17,분당선,수내,13812,13708,27520
2022-01-17,분당선,수서,13321,13749,27070
2022-01-17,분당선,수원,7557,6451,14008
2022-01-17,분당선,수원시청,12637,13204,25841
2022-01-17,분당선,신갈,4590,4637,9227
2022-01-17,분당선,압구정로데오,18337,19212,37549
2022-01-17,분당선,야탑,25155,25842,50997
2022-01-17,분당선,영통,8022,8128,16150
2022-01-17,분당선,오리,11796,9852,21648
2022-01-17,분당선,이매,5425,5298,10723
2022-01-17,분당선,정자,17854,18406,36260
2022-01-17,분당선,죽전,12540,13926,26466
2022-01-17,분당선,청명,4087,4148,8235
2022-01-17,분당선,태평,13292,13050,26342
2022-01-17,분당선,한티,14841,15969,30810
2022-01-17,수인선,고색,4465,4091,8556
2022-01-17,수인선,남동인더스파크,2293,2577,4870
2022-01-17,수인선,달월,93,57,150
2022-01-17,수인선,사리,4269,3747,8016
2022-01-17,수인선,소래포구,4332,4061,8393
2022-01-17,수인선,송도,2318,2202,4520
2022-01-17,수인선,숭의,3816,3567,7383
2022-01-17,수인선,신포,1538,1543,3081
2022-01-17,수인선,야목,296,224,520
2022-01-17,수인선,어천,661,679,1340
2022-01-17,수인선,연수,4083,4055,8138
2022-01-17,수인선,오목천,2520,2432,4952
2022-01-17,수인선,원인재,4213,4395,8608
2022-01-17,수인선,월곶,2348,2192,4540
2022-01-17,수인선,인천,980,1544,2524
2022-01-17,수인선,인천논현,5275,5564,10839
2022-01-17,수인선,인하대,5329,5089,10418
2022-01-17,수인선,호구포,3903,4060,7963
2022-01-17,안산선,고잔,8468,7969,16437
2022-01-17,안산선,대야미,4636,4181,8817
2022-01-17,안산선,반월,4088,3880,7968
2022-01-17,안산선,산본,14858,16069,30927
2022-01-17,안산선,상록수,14441,14907,29348
2022-01-17,안산선,수리산,3936,3232,7168
2022-01-17,안산선,신길온천,1646,1437,3083
2022-01-17,안산선,안산,11197,10121,21318
2022-01-17,안산선,오이도,7512,7290,14802
2022-01-17,안산선,정왕,7110,7694,14804
2022-01-17,안산선,중앙,16705,17191,33896
2022-01-17,안산선,초지,4249,4357,8606
2022-01-17,안산선,한대앞,8200,8205,16405
2022-01-17,우이신설선,4.19민주묘지,2617,2540,5157
2022-01-17,우이신설선,가오리,3861,3980,7841
2022-01-17,우이신설선,보문,1470,1497,2967
2022-01-17,우이신설선,북한산보국문,5594,5553,11147
2022-01-17,우이신설선,북한산우이,2337,2180,4517
2022-01-17,우이신설선,삼양,1896,2023,3919
2022-01-17,우이신설선,삼양사거리,2343,2396,4739
2022-01-17,우이신설선,성신여대입구,3114,3300,6414
2022-01-17,우이신설선,솔밭공원,2305,2281,4586
2022-01-17,우이신설선,솔샘,5663,5491,11154
2022-01-17,우이신설선,신설동,2035,1990,4025
2022-01-17,우이신설선,정릉,4428,4171,8599
2022-01-17,우이신설선,화계,3283,3106,6389
2022-01-17,일산선,대곡,1839,1483,3322
2022-01-17,일산선,대화,12329,9985,22314
2022-01-17,일산선,마두,7483,7656,15139
2022-01-17,일산선,백석,9539,9574,19113
2022-01-17,일산선,삼송,18354,18352,36706
2022-01-17,일산선,원당,10434,9943,20377
2022-01-17,일산선,원흥,10149,9748,19897
2022-01-17,일산선,정발산,6929,6652,13581
2022-01-17,일산선,주엽,8741,8766,17507
2022-01-17,일산선,화정,16078,16574,32652
2022-01-17,장항선,배방,822,848,1670
2022-01-17,장항선,봉명,1113,1074,2187
2022-01-17,장항선,신창,832,907,1739
2022-01-17,장항선,쌍용,1700,1557,3257
2022-01-17,장항선,아산,2483,2206,4689
2022-01-17,장항선,온양온천,3084,3164,6248
2022-01-17,장항선,탕정,391,353,744
2022-01-17,중앙선,구리,13179,13026,26205
2022-01-17,중앙선,국수,556,544,1100
2022-01-17,중앙선,덕소,5337,5293,10630
2022-01-17,중앙선,도농,10046,9232,19278
2022-01-17,중앙선,도심,2186,1771,3957
2022-01-17,중앙선,망우,7030,7073,14103
2022-01-17,중앙선,상봉,5434,5432,10866
2022-01-17,중앙선,신원,163,133,296
2022-01-17,중앙선,아신,445,401,846
2022-01-17,중앙선,양수,1468,1471,2939
2022-01-17,중앙선,양원,1909,1935,3844
2022-01-17,중앙선,양정,682,526,1208
2022-01-17,중앙선,양평,2299,2239,4538
2022-01-17,중앙선,오빈,258,248,506
2022-01-17,중앙선,용문,1377,1378,2755
2022-01-17,중앙선,운길산,479,443,922
2022-01-17,중앙선,원덕,296,271,567
2022-01-17,중앙선,중랑,5348,5080,10428
2022-01-17,중앙선,지평,53,51,104
2022-01-17,중앙선,팔당,693,699,1392
2022-01-17,중앙선,회기,22141,21817,43958
2022-01-18,1호선,동대문,10026,9379,19405
2022-01-18,1호선,동묘앞,6886,7125,14011
2022-01-18,1호선,서울역,41563,39218,80781
2022-01-18,1호선,시청,22017,22175,44192
2022-01-18,1호선,신설동,13254,12908,26162
2022-01-18,1호선,제기동,17059,17386,34445
2022-01-18,1호선,종각,34898,33710,68608
2022-01-18,1호선,종로3가,23936,21806,45742
2022-01-18,1호선,종로5가,21331,21065,42396
2022-01-18,1호선,청량리,19069,19169,38238
2022-01-18,2호선,강남,89782,87751,177533
2022-01-18,2호선,강변,28947,27600,56547
2022-01-18,2호선,건대입구,33338,35426,68764
2022-01-18,2호선,교대,35021,39443,74464
2022-01-18,2호선,구로디지털단지,60453,60605,121058
2022-01-18,2호선,구의,23893,23735,47628
2022-01-18,2호선,낙성대,26627,25955,52582
2022-01-18,2호선,당산,18089,20852,38941
2022-01-18,2호선,대림,23459,24048,47507
2022-01-18,2호선,도림천,1473,1600,3073
2022-01-18,2호선,동대문역사문화공원,10984,12066,23050
2022-01-18,2호선,뚝섬,22072,23824,45896
2022-01-18,2호선,문래,21682,22147,43829
2022-01-18,2호선,방배,16207,17181,33388
2022-01-18,2호선,봉천,23526,22135,45661
2022-01-18,2호선,사당,35643,38624,74267
2022-01-18,2호선,삼성,53289,53589,106878
2022-01-18,2호선,상왕십리,14106,13867,27973
2022-01-18,2호선,서울대입구,46123,45611,91734
2022-01-18,2호선,서초,22140,21453,43593
2022-01-18,2호선,선릉,59315,52714,112029
2022-01-18,2호선,성수,38592,41346,79938
2022-01-18,2호선,시청,24222,23215,47437
2022-01-18,2호선,신답,1654,1946,3600
2022-01-18,2호선,신당,13142,13481,26623
2022-01-18,2호선,신대방,25837,25414,51251
2022-01-18,2호선,신도림,46099,45475,91574
2022-01-18,2호선,신림,62161,60911,123072
2022-01-18,2호선,신설동,3107,3241,6348
2022-01-18,2호선,신정네거리,10205,10591,20796
2022-01-18,2호선,신촌,31556,32290,63846
2022-01-18,2호선,아현,9723,9511,19234
2022-01-18,2호선,양천구청,6974,7320,14294
2022-01-18,2호선,역삼,56528,62263,118791
2022-01-18,2호선,영등포구청,23506,24332,47838
2022-01-18,2호선,왕십리,15150,12317,27467
2022-01-18,2호선,용답,2569,2585,5154
2022-01-18,2호선,용두,2349,2404,4753
2022-01-18,2호선,을지로3가,22623,22339,44962
2022-01-18,2호선,을지로4가,13109,12858,25967
2022-01-18,2호선,을지로입구,39518,40395,79913
2022-01-18,2호선,이대,12524,13144,25668
2022-01-18,2호선,잠실,67048,66552,133600
2022-01-18,2호선,잠실나루,14619,14153,28772
2022-01-18,2호선,잠실새내,21149,20924,42073
2022-01-18,2호선,종합운동장,6920,7489,14409
2022-01-18,2호선,충정로,9857,10302,20159
2022-01-18,2호선,한양대,7083,7250,14333
2022-01-18,2호선,합정,29976,30890,60866
2022-01-18,2호선,홍대입구,51102,52065,103167
2022-01-18,3호선,가락시장,9218,8936,18154
2022-01-18,3호선,경복궁,18688,18316,37004
2022-01-18,3호선,경찰병원,7601,7641,15242
2022-01-18,3호선,고속터미널,37143,35608,72751
2022-01-18,3호선,교대,14714,9545,24259
2022-01-18,3호선,구파발,20127,18929,39056
2022-01-18,3호선,금호,7986,7547,15533
2022-01-18,3호선,남부터미널,29227,29974,59201
2022-01-18,3호선,녹번,15193,13951,29144
2022-01-18,3호선,대청,9900,9223,19123
2022-01-18,3호선,대치,11970,11824,23794
2022-01-18,3호선,도곡,5383,5394,10777
2022-01-18,3호선,독립문,6527,6694,13221
2022-01-18,3호선,동대입구,6877,7194,14071
2022-01-18,3호선,매봉,12939,12542,25481
2022-01-18,3호선,무악재,3864,3991,7855
2022-01-18,3호선,불광,15545,16224,31769
2022-01-18,3호선,수서,16693,17083,33776
2022-01-18,3호선,신사,32380,33445,65825
2022-01-18,3호선,안국,19326,19811,39137
2022-01-18,3호선,압구정,33278,35316,68594
2022-01-18,3호선,약수,12544,12164,24708
2022-01-18,3호선,양재,39728,43028,82756
2022-01-18,3호선,연신내,34840,33245,68085
2022-01-18,3호선,오금,6323,5575,11898
2022-01-18,3호선,옥수,8727,9176,17903
2022-01-18,3호선,을지로3가,10799,10936,21735
2022-01-18,3호선,일원,10181,9827,20008
2022-01-18,3호선,잠원,4751,4668,9419
2022-01-18,3호선,종로3가,10324,11416,21740
2022-01-18,3호선,지축,4360,4266,8626
2022-01-18,3호선,학여울,1773,1825,3598
2022-01-18,3호선,홍제,16574,15904,32478
2022-01-18,4호선,길음,19839,19667,39506
2022-01-18,4호선,남태령,1090,1010,2100
2022-01-18,4호선,노원,18190,20371,38561
2022-01-18,4호선,당고개,12259,11052,23311
2022-01-18,4호선,동대문,18825,19319,38144
2022-01-18,4호선,동대문역사문화공원,14127,12935,27062
2022-01-18,4호선,동작,1145,1357,2502
2022-01-18,4호선,명동,17462,17960,35422
2022-01-18,4호선,미아,13943,13711,27654
2022-01-18,4호선,미아사거리,26280,25734,52014
2022-01-18,4호선,사당,24205,19798,44003
2022-01-18,4호선,삼각지,4983,5405,10388
2022-01-18,4호선,상계,18490,17349,35839
2022-01-18,4호선,서울역,11233,15830,27063
2022-01-18,4호선,성신여대입구,19065,18471,37536
2022-01-18,4호선,수유,32400,32494,64894
2022-01-18,4호선,숙대입구,12267,12115,24382
2022-01-18,4호선,신용산,16356,17304,33660
2022-01-18,4호선,쌍문,28665,26751,55416
2022-01-18,4호선,이촌,7199,7981,15180
2022-01-18,4호선,창동,24713,25885,50598
2022-01-18,4호선,총신대입구,18203,19894,38097
2022-01-18,4호선,충무로,25827,26654,52481
2022-01-18,4호선,한성대입구,13441,13012,26453
2022-01-18,4호선,혜화,31140,30984,62124
2022-01-18,4호선,회현,23663,24966,48629
2022-01-18,5호선,강동,18793,17811,36604
2022-01-18,5호선,강일,3828,3746,7574
2022-01-18,5호선,개롱,6315,6793,13108
2022-01-18,5호선,개화산,5467,5316,10783
2022-01-18,5호선,거여,9271,8832,18103
2022-01-18,5호선,고덕,9165,9392,18557
2022-01-18,5호선,공덕,14269,15155,29424
2022-01-18,5호선,광나루,12844,11551,24395
2022-01-18,5호선,광화문,29862,30891,60753
2022-01-18,5호선,군자,11102,12230,23332
2022-01-18,5호선,굽은다리,9521,9025,18546
2022-01-18,5호선,길동,8083,8586,16669
2022-01-18,5호선,김포공항,7175,6969,14144
2022-01-18,5호선,까치산,28503,27503,56006
2022-01-18,5호선,답십리,16083,14802,30885
2022-01-18,5호선,동대문역사문화공원,3188,3620,6808
2022-01-18,5호선,둔촌동,8699,8705,17404
2022-01-18,5호선,마곡,11390,11219,22609
2022-01-18,5호선,마장,5681,5387,11068
2022-01-18,5호선,마천,6727,6671,13398
2022-01-18,5호선,마포,14955,15365,30320
2022-01-18,5호선,명일,8375,8798,17173
2022-01-18,5호선,목동,17031,18436,35467
2022-01-18,5호선,미사,15862,15659,31521
2022-01-18,5호선,발산,20843,20997,41840
2022-01-18,5호선,방이,7294,7467,14761
2022-01-18,5호선,방화,6457,6172,12629
2022-01-18,5호선,상일동,15441,14160,29601
2022-01-18,5호선,서대문,19692,20050,39742
2022-01-18,5호선,송정,6499,6064,12563
2022-01-18,5호선,신금호,6203,6503,12706
2022-01-18,5호선,신길,4162,4509,8671
2022-01-18,5호선,신정,13855,11245,25100
2022-01-18,5호선,아차산,13844,13292,27136
2022-01-18,5호선,애오개,6846,6865,13711
2022-01-18,5호선,양평,7758,7875,15633
2022-01-18,5호선,여의나루,8494,9553,18047
2022-01-18,5호선,여의도,30621,31658,62279
2022-01-18,5호선,영등포구청,3983,4110,8093
2022-01-18,5호선,영등포시장,10139,10585,20724
2022-01-18,5호선,오금,3719,3796,7515
2022-01-18,5호선,오목교,21981,23373,45354
2022-01-18,5호선,올림픽공원,4068,3458,7526
2022-01-18,5호선,왕십리,4528,4996,9524
2022-01-18,5호선,우장산,14004,13884,27888
2022-01-18,5호선,을지로4가,6295,6328,12623
2022-01-18,5호선,장한평,18680,18624,37304
2022-01-18,5호선,종로3가,12153,11981,24134
2022-01-18,5호선,천호,17343,17257,34600
2022-01-18,5호선,청구,4051,3648,7699
2022-01-18,5호선,충정로,4912,4997,9909
2022-01-18,5호선,하남검단산,5294,5086,10380
2022-01-18,5호선,하남시청,6099,6044,12143
2022-01-18,5호선,하남풍산,4206,4236,8442
2022-01-18,5호선,행당,8004,7351,15355
2022-01-18,5호선,화곡,27768,26337,54105
2022-01-18,6호선,고려대,7587,7359,14946
2022-01-18,6호선,공덕,18616,17756,36372
2022-01-18,6호선,광흥창,9125,9038,18163
2022-01-18,6호선,구산,7366,5576,12942
2022-01-18,6호선,녹사평,4305,4207,8512
2022-01-18,6호선,대흥,7932,8215,16147
2022-01-18,6호선,독바위,2689,2793,5482
2022-01-18,6호선,돌곶이,9157,8627,17784
2022-01-18,6호선,동묘앞,7376,7607,14983
2022-01-18,6호선,디지털미디어시티,13681,15176,28857
2022-01-18,6호선,마포구청,14396,13244,27640
2022-01-18,6호선,망원,13560,14731,28291
2022-01-18,6호선,버티고개,1907,2058,3965
2022-01-18,6호선,보문,6909,6505,13414
2022-01-18,6호선,봉화산,8986,8361,17347
2022-01-18,6호선,불광,3988,3962,7950
2022-01-18,6호선,삼각지,6111,5544,11655
2022-01-18,6호선,상수,8113,8760,16873
2022-01-18,6호선,상월곡,6078,5486,11564
2022-01-18,6호선,새절,12406,11653,24059
2022-01-18,6호선,석계,11911,12361,24272
2022-01-18,6호선,신내,1,0,1
2022-01-18,6호선,신당,7831,8295,16126
2022-01-18,6호선,안암,9716,9665,19381
2022-01-18,6호선,약수,3469,3443,6912
2022-01-18,6호선,역촌,3773,4437,8210
2022-01-18,6호선,월곡,11150,11147,22297
2022-01-18,6호선,월드컵경기장,3681,3843,7524
2022-01-18,6호선,응암,17199,17343,34542
2022-01-18,6호선,이태원,8625,8440,17065
2022-01-18,6호선,증산,9842,10012,19854
2022-01-18,6호선,창신,3521,3037,6558
2022-01-18,6호선,청구,3773,4065,7838
2022-01-18,6호선,태릉입구,5195,5711,10906
2022-01-18,6호선,한강진,7669,8754,16423
2022-01-18,6호선,합정,12434,12057,24491
2022-01-18,6호선,화랑대,11474,9069,20543
2022-01-18,6호선,효창공원앞,6912,6246,13158
2022-01-18,7호선,가산디지털단지,48163,48232,96395
2022-01-18,7호선,강남구청,17095,18614,35709
2022-01-18,7호선,건대입구,12048,12365,24413
2022-01-18,7호선,고속터미널,15215,13108,28323
2022-01-18,7호선,공릉,11007,11078,22085
2022-01-18,7호선,광명사거리,21718,21318,43036
2022-01-18,7호선,군자,14931,12190,27121
2022-01-18,7호선,까치울,1,0,1
2022-01-18,7호선,남구로,16288,17195,33483
2022-01-18,7호선,남성,10964,10216,21180
2022-01-18,7호선,내방,14832,15214,30046
2022-01-18,7호선,노원,19956,20397,40353
2022-01-18,7호선,논현,21222,23085,44307
2022-01-18,7호선,대림,7596,7603,15199
2022-01-18,7호선,도봉산,8764,9985,18749
2022-01-18,7호선,뚝섬유원지,6978,6949,13927
2022-01-18,7호선,마들,12436,12107,24543
2022-01-18,7호선,먹골,9968,9956,19924
2022-01-18,7호선,면목,14954,14706,29660
2022-01-18,7호선,반포,5686,5432,11118
2022-01-18,7호선,보라매,9695,9732,19427
2022-01-18,7호선,부평구청,2,0,2
2022-01-18,7호선,사가정,15822,15836,31658
2022-01-18,7호선,삼산체육관,1,0,1
2022-01-18,7호선,상도,10494,10311,20805
2022-01-18,7호선,상동,1,0,1
2022-01-18,7호선,상봉,16540,15467,32007
2022-01-18,7호선,수락산,12230,11984,24214
2022-01-18,7호선,숭실대입구,11383,11548,22931
2022-01-18,7호선,신대방삼거리,16567,15922,32489
2022-01-18,7호선,신풍,11423,10933,22356
2022-01-18,7호선,어린이대공원,11960,11714,23674
2022-01-18,7호선,온수,9918,9100,19018
2022-01-18,7호선,용마산,5917,5843,11760
2022-01-18,7호선,이수,15593,15242,30835
2022-01-18,7호선,장승배기,8835,8816,17651
2022-01-18,7호선,장암,2117,748,2865
2022-01-18,7호선,중계,13750,12719,26469
2022-01-18,7호선,중곡,10748,10192,20940
2022-01-18,7호선,중화,10695,10592,21287
2022-01-18,7호선,천왕,11365,10835,22200
2022-01-18,7호선,철산,20736,21196,41932
2022-01-18,7호선,청담,19753,22046,41799
2022-01-18,7호선,춘의,1,0,1
2022-01-18,7호선,태릉입구,8175,7636,15811
2022-01-18,7호선,하계,17330,16136,33466
2022-01-18,7호선,학동,25531,27034,52565
2022-01-18,8호선,가락시장,7818,8589,16407
2022-01-18,8호선,강동구청,10708,11187,21895
2022-01-18,8호선,남위례,3762,4089,7851
2022-01-18,8호선,남한산성입구,13344,12233,25577
2022-01-18,8호선,단대오거리,10256,10201,20457
2022-01-18,8호선,모란,4146,3171,7317
2022-01-18,8호선,몽촌토성,5998,5984,11982
2022-01-18,8호선,문정,23357,24681,48038
2022-01-18,8호선,복정,9496,8023,17519
2022-01-18,8호선,산성,5247,5134,10381
2022-01-18,8호선,석촌,7834,9000,16834
2022-01-18,8호선,송파,7428,7543,14971
2022-01-18,8호선,수진,5032,4668,9700
2022-01-18,8호선,신흥,4010,4350,8360
2022-01-18,8호선,암사,19027,16957,35984
2022-01-18,8호선,잠실,13861,16140,30001
2022-01-18,8호선,장지,17201,16776,33977
2022-01-18,8호선,천호,14766,16755,31521
2022-01-18,9호선,가양,20143,19761,39904
2022-01-18,9호선,개화,2423,1718,4141
2022-01-18,9호선,고속터미널,11374,14462,25836
2022-01-18,9호선,공항시장,2895,3187,6082
2022-01-18,9호선,구반포,1502,1543,3045
2022-01-18,9호선,국회의사당,18032,18393,36425
2022-01-18,9호선,김포공항,7106,10973,18079
2022-01-18,9호선,노들,4391,3765,8156
2022-01-18,9호선,노량진,26040,25260,51300
2022-01-18,9호선,당산,18263,18441,36704
2022-01-18,9호선,동작,1778,1411,3189
2022-01-18,9호선,등촌,11607,11490,23097
2022-01-18,9호선,마곡나루,12112,12073,24185
2022-01-18,9호선,사평,3532,3455,6987
2022-01-18,9호선,샛강,6111,6426,12537
2022-01-18,9호선,선유도,9143,8818,17961
2022-01-18,9호선,신논현,33303,32801,66104
2022-01-18,9호선,신목동,4154,3685,7839
2022-01-18,9호선,신반포,3134,3192,6326
2022-01-18,9호선,신방화,6647,6575,13222
2022-01-18,9호선,양천향교,9704,9950,19654
2022-01-18,9호선,여의도,28823,27451,56274
2022-01-18,9호선,염창,17322,16835,34157
2022-01-18,9호선,증미,7595,7638,15233
2022-01-18,9호선,흑석,7626,8004,15630
2022-01-18,9호선2~3단계,둔촌오륜,991,992,1983
2022-01-18,9호선2~3단계,봉은사,15916,16415,32331
2022-01-18,9호선2~3단계,삼성중앙,6998,7494,14492
2022-01-18,9호선2~3단계,삼전,6990,6949,13939
2022-01-18,9호선2~3단계,석촌,8357,7425,15782
2022-01-18,9호선2~3단계,석촌고분,6319,6239,12558
2022-01-18,9호선2~3단계,선정릉,10185,10835,21020
2022-01-18,9호선2~3단계,송파나루,5180,5490,10670
2022-01-18,9호선2~3단계,언주,11215,11536,22751
2022-01-18,9호선2~3단계,올림픽공원,5690,5630,11320
2022-01-18,9호선2~3단계,종합운동장,4297,4271,8568
2022-01-18,9호선2~3단계,중앙보훈병원,11106,9887,20993
2022-01-18,9호선2~3단계,한성백제,2573,2409,4982
2022-01-18,경강선,경기광주,7614,7195,14809
2022-01-18,경강선,곤지암,2105,2068,4173
2022-01-18,경강선,부발,1903,1817,3720
2022-01-18,경강선,삼동,2374,2244,4618
2022-01-18,경강선,세종대왕릉,268,255,523
2022-01-18,경강선,신둔도예촌,1294,1218,2512
2022-01-18,경강선,여주,1788,1769,3557
2022-01-18,경강선,이매,1088,886,1974
2022-01-18,경강선,이천,2370,2438,4808
2022-01-18,경강선,초월,3008,2907,5915
2022-01-18,경강선,판교,4768,4711,9479
2022-01-18,경부선,가산디지털단지,18576,21677,40253
2022-01-18,경부선,관악,6979,6438,13417
2022-01-18,경부선,광명,3230,2792,6022
2022-01-18,경부선,구로,17844,18180,36024
2022-01-18,경부선,군포,7621,7621,15242
2022-01-18,경부선,금정,26019,26477,52496
2022-01-18,경부선,금천구청,11521,11554,23075
2022-01-18,경부선,남영,8728,9018,17746
2022-01-18,경부선,노량진,7997,8159,16156
2022-01-18,경부선,당정,5848,5679,11527
2022-01-18,경부선,대방,12831,13256,26087
2022-01-18,경부선,독산,18968,20021,38989
2022-01-18,경부선,두정,4245,4248,8493
2022-01-18,경부선,명학,8777,8752,17529
2022-01-18,경부선,병점,13080,12781,25861
2022-01-18,경부선,서동탄,1324,1163,2487
2022-01-18,경부선,서울역,5607,1767,7374
2022-01-18,경부선,서정리,5912,5528,11440
2022-01-18,경부선,석수,9429,8498,17927
2022-01-18,경부선,성균관대,13030,12901,25931
2022-01-18,경부선,성환,2659,2699,5358
2022-01-18,경부선,세류,2807,2580,5387
2022-01-18,경부선,세마,2582,2420,5002
2022-01-18,경부선,송탄,3681,3637,7318
2022-01-18,경부선,수원,29809,31799,61608
2022-01-18,경부선,신길,8669,7219,15888
2022-01-18,경부선,신도림,3887,3852,7739
2022-01-18,경부선,안양,20212,20335,40547
2022-01-18,경부선,영등포,34937,35554,70491
2022-01-18,경부선,오산,8930,9076,18006
2022-01-18,경부선,오산대,3131,2870,6001
2022-01-18,경부선,용산,30618,31020,61638
2022-01-18,경부선,의왕,8720,8704,17424
2022-01-18,경부선,직산,679,659,1338
2022-01-18,경부선,진위,1514,1302,2816
2022-01-18,경부선,천안,4061,4246,8307
2022-01-18,경부선,평택,9817,9732,19549
2022-01-18,경부선,평택지제,3001,3069,6070
2022-01-18,경부선,화서,7683,7389,15072
2022-01-18,경원선,가능,6152,5988,12140
2022-01-18,경원선,광운대,7114,6827,13941
2022-01-18,경원선,녹양,4254,4011,8265
2022-01-18,경원선,녹천,4412,3820,8232
2022-01-18,경원선,덕계,2812,2549,5361
2022-01-18,경원선,덕정,4905,4752,9657
2022-01-18,경원선,도봉,5856,5809,11665
2022-01-18,경원선,도봉산,6602,4092,10694
2022-01-18,경원선,동두천,1843,2008,3851
2022-01-18,경원선,동두천중앙,2821,2750,5571
2022-01-18,경원선,망월사,7031,7174,14205
2022-01-18,경원선,방학,9177,8998,18175
2022-01-18,경원선,보산,1197,1114,2311
2022-01-18,경원선,서빙고,1966,1863,3829
2022-01-18,경원선,석계,7538,8657,16195
2022-01-18,경원선,소요산,1932,1671,3603
2022-01-18,경원선,신이문,8105,7538,15643
2022-01-18,경원선,양주,6900,6539,13439
2022-01-18,경원선,옥수,43,38,81
2022-01-18,경원선,왕십리,12873,15331,28204
2022-01-18,경원선,외대앞,6846,6917,13763
2022-01-18,경원선,월계,5854,5651,11505
2022-01-18,경원선,응봉,1747,1553,3300
2022-01-18,경원선,의정부,16897,17237,34134
2022-01-18,경원선,이촌,3513,2738,6251
2022-01-18,경원선,지행,5808,5752,11560
2022-01-18,경원선,청량리,13585,14111,27696
2022-01-18,경원선,한남,3994,3804,7798
2022-01-18,경원선,회룡,11908,11805,23713
2022-01-18,경의선,가좌,5198,5030,10228
2022-01-18,경의선,강매,3099,2700,5799
2022-01-18,경의선,곡산,525,548,1073
2022-01-18,경의선,공덕,3629,3000,6629
2022-01-18,경의선,금릉,4526,4351,8877
2022-01-18,경의선,금촌,5890,5808,11698
2022-01-18,경의선,능곡,3562,3347,6909
2022-01-18,경의선,디지털미디어시티,2429,2208,4637
2022-01-18,경의선,문산,4641,4548,9189
2022-01-18,경의선,백마,6822,6542,13364
2022-01-18,경의선,서강대,1991,2008,3999
2022-01-18,경의선,서울역,4117,5210,9327
2022-01-18,경의선,수색,2732,2877,5609
2022-01-18,경의선,신촌,814,979,1793
2022-01-18,경의선,야당,7280,7027,14307
2022-01-18,경의선,운정,6785,6416,13201
2022-01-18,경의선,월롱,2323,2216,4539
2022-01-18,경의선,일산,9657,9605,19262
2022-01-18,경의선,임진강,12,7,19
2022-01-18,경의선,탄현,7612,7374,14986
2022-01-18,경의선,파주,959,692,1651
2022-01-18,경의선,풍산,5327,5007,10334
2022-01-18,경의선,행신,7678,7725,15403
2022-01-18,경의선,홍대입구,1575,1750,3325
2022-01-18,경의선,화전,1387,1284,2671
2022-01-18,경의선,효창공원앞,2877,3324,6201
2022-01-18,경인선,간석,5630,5385,11015
2022-01-18,경인선,개봉,20988,20911,41899
2022-01-18,경인선,구일,5922,5940,11862
2022-01-18,경인선,도원,2397,2456,4853
2022-01-18,경인선,도화,4047,3768,7815
2022-01-18,경인선,동암,13900,13941,27841
2022-01-18,경인선,동인천,12628,11929,24557
2022-01-18,경인선,백운,6642,6522,13164
2022-01-18,경인선,부개,8226,7861,16087
2022-01-18,경인선,부천,30499,30349,60848
2022-01-18,경인선,부평,27578,28863,56441
2022-01-18,경인선,소사,7809,7890,15699
2022-01-18,경인선,송내,26070,26050,52120
2022-01-18,경인선,역곡,25790,25574,51364
2022-01-18,경인선,오류동,11204,10740,21944
2022-01-18,경인선,온수,6100,5892,11992
2022-01-18,경인선,인천,2979,2179,5158
2022-01-18,경인선,제물포,9532,9152,18684
2022-01-18,경인선,주안,17384,15849,33233
2022-01-18,경인선,중동,9137,8648,17785
2022-01-18,경춘선,가평,1396,1354,2750
2022-01-18,경춘선,갈매,2899,2585,5484
2022-01-18,경춘선,강촌,261,267,528
2022-01-18,경춘선,굴봉산,115,89,204
2022-01-18,경춘선,금곡,1378,1314,2692
2022-01-18,경춘선,김유정,233,226,459
2022-01-18,경춘선,남춘천,1872,1963,3835
2022-01-18,경춘선,대성리,409,336,745
2022-01-18,경춘선,마석,3677,3640,7317
2022-01-18,경춘선,백양리,337,275,612
2022-01-18,경춘선,별내,3309,3040,6349
2022-01-18,경춘선,사릉,2998,2864,5862
2022-01-18,경춘선,상천,194,181,375
2022-01-18,경춘선,신내,1911,1822,3733
2022-01-18,경춘선,천마산,1535,1475,3010
2022-01-18,경춘선,청평,1278,1283,2561
2022-01-18,경춘선,춘천,1011,878,1889
2022-01-18,경춘선,퇴계원,3440,3219,6659
2022-01-18,경춘선,평내호평,5805,5578,11383
2022-01-18,공항철도,검암,6570,6424,12994
2022-01-18,공항철도,계양,10043,9375,19418
2022-01-18,공항철도,공덕,2300,2923,5223
2022-01-18,공항철도,공항화물청사,2311,2476,4787
2022-01-18,공항철도,김포공항,11053,6644,17697
2022-01-18,공항철도,디지털미디어시티,14492,13173,27665
2022-01-18,공항철도,마곡나루,9042,8727,17769
2022-01-18,공항철도,서울역,7128,6552,13680
2022-01-18,공항철도,영종,2784,2731,5515
2022-01-18,공항철도,운서,6081,6168,12249
2022-01-18,공항철도,인천공항1터미널,3664,3626,7290
2022-01-18,공항철도,인천공항2터미널,2143,2035,4178
2022-01-18,공항철도,청라국제도시,6822,6431,13253
2022-01-18,공항철도,홍대입구,9005,9218,18223
2022-01-18,과천선,경마공원,1516,1507,3023
2022-01-18,과천선,과천,6158,5799,11957
2022-01-18,과천선,대공원,2126,2222,4348
2022-01-18,과천선,범계,25361,25200,50561
2022-01-18,과천선,선바위,8005,7077,15082
2022-01-18,과천선,인덕원,24125,25129,49254
2022-01-18,과천선,정부과천청사,10728,10746,21474
2022-01-18,과천선,평촌,18299,18015,36314
2022-01-18,분당선,가천대,6269,7334,13603
2022-01-18,분당선,강남구청,10567,12049,22616
2022-01-18,분당선,개포동,3637,3805,7442
2022-01-18,분당선,구룡,1892,1888,3780
2022-01-18,분당선,구성,4966,5324,10290
2022-01-18,분당선,기흥,9435,8880,18315
2022-01-18,분당선,대모산입구,4477,4138,8615
2022-01-18,분당선,도곡,7025,7008,14033
2022-01-18,분당선,망포,14291,13450,27741
2022-01-18,분당선,매교,2681,2751,5432
2022-01-18,분당선,매탄권선,4780,4644,9424
2022-01-18,분당선,모란,19166,19350,38516
2022-01-18,분당선,미금,15694,16504,32198
2022-01-18,분당선,보정,2448,2157,4605
2022-01-18,분당선,상갈,5324,5093,10417
2022-01-18,분당선,서울숲,10488,10656,21144
2022-01-18,분당선,서현,24970,25350,50320
2022-01-18,분당선,선릉,14497,21645,36142
2022-01-18,분당선,선정릉,8462,9036,17498
2022-01-18,분당선,수내,13957,13923,27880
2022-01-18,분당선,수서,13294,13591,26885
2022-01-18,분당선,수원,7630,6308,13938
2022-01-18,분당선,수원시청,12534,13386,25920
2022-01-18,분당선,신갈,4584,4572,9156
2022-01-18,분당선,압구정로데오,19616,20916,40532
2022-01-18,분당선,야탑,25550,26447,51997
2022-01-18,분당선,영통,8199,8193,16392
2022-01-18,분당선,오리,11804,9905,21709
2022-01-18,분당선,이매,5470,5332,10802
2022-01-18,분당선,정자,18058,19044,37102
2022-01-18,분당선,죽전,12679,13986,26665
2022-01-18,분당선,청명,4157,4134,8291
2022-01-18,분당선,태평,13328,12986,26314
2022-01-18,분당선,한티,15063,16214,31277
2022-01-18,수인선,고색,4465,4181,8646
2022-01-18,수인선,남동인더스파크,2429,2611,5040
2022-01-18,수인선,달월,103,57,160
2022-01-18,수인선,사리,4306,3796,8102
2022-01-18,수인선,소래포구,4626,4299,8925
2022-01-18,수인선,송도,2277,2106,4383
2022-01-18,수인선,숭의,3813,3641,7454
2022-01-18,수인선,신포,1634,1640,3274
2022-01-18,수인선,야목,308,239,547
2022-01-18,수인선,어천,653,613,1266
2022-01-18,수인선,연수,4123,4174,8297
2022-01-18,수인선,오목천,2537,2441,4978
2022-01-18,수인선,원인재,4148,4362,8510
2022-01-18,수인선,월곶,2336,2137,4473
2022-01-18,수인선,인천,969,1541,2510
2022-01-18,수인선,인천논현,5273,5589,10862
2022-01-18,수인선,인하대,5324,5135,10459
2022-01-18,수인선,호구포,3932,4028,7960
2022-01-18,안산선,고잔,8626,7999,16625
2022-01-18,안산선,대야미,4670,4243,8913
2022-01-18,안산선,반월,3939,3753,7692
2022-01-18,안산선,산본,15538,16503,32041
2022-01-18,안산선,상록수,14663,15046,29709
2022-01-18,안산선,수리산,4000,3283,7283
2022-01-18,안산선,신길온천,1544,1455,2999
2022-01-18,안산선,안산,11074,9878,20952
2022-01-18,안산선,오이도,7744,7409,15153
2022-01-18,안산선,정왕,7170,7685,14855
2022-01-18,안산선,중앙,16625,17289,33914
2022-01-18,안산선,초지,4340,4388,8728
2022-01-18,안산선,한대앞,8233,8341,16574
2022-01-18,우이신설선,4.19민주묘지,2565,2530,5095
2022-01-18,우이신설선,가오리,3979,4029,8008
2022-01-18,우이신설선,보문,1466,1424,2890
2022-01-18,우이신설선,북한산보국문,5773,5619,11392
2022-01-18,우이신설선,북한산우이,2251,1958,4209
2022-01-18,우이신설선,삼양,1943,2139,4082
2022-01-18,우이신설선,삼양사거리,2395,2383,4778
2022-01-18,우이신설선,성신여대입구,3079,3363,6442
2022-01-18,우이신설선,솔밭공원,2360,2308,4668
2022-01-18,우이신설선,솔샘,5874,5537,11411
2022-01-18,우이신설선,신설동,2093,2011,4104
2022-01-18,우이신설선,정릉,4550,4285,8835
2022-01-18,우이신설선,화계,3290,3114,6404
2022-01-18,일산선,대곡,1876,1479,3355
2022-01-18,일산선,대화,12382,9875,22257
2022-01-18,일산선,마두,7350,7551,14901
2022-01-18,일산선,백석,9625,9523,19148
2022-01-18,일산선,삼송,18610,18350,36960
2022-01-18,일산선,원당,10593,10049,20642
2022-01-18,일산선,원흥,10288,9881,20169
2022-01-18,일산선,정발산,7021,7084,14105
2022-01-18,일산선,주엽,8856,8873,17729
2022-01-18,일산선,지축,1,0,1
2022-01-18,일산선,화정,16616,17026,33642
2022-01-18,장항선,배방,824,797,1621
2022-01-18,장항선,봉명,1124,1076,2200
2022-01-18,장항선,신창,773,830,1603
2022-01-18,장항선,쌍용,1605,1482,3087
2022-01-18,장항선,아산,2344,2146,4490
2022-01-18,장항선,온양온천,3035,3068,6103
2022-01-18,장항선,탕정,379,350,729
2022-01-18,중앙선,구리,13032,13143,26175
2022-01-18,중앙선,국수,567,576,1143
2022-01-18,중앙선,덕소,5374,5303,10677
2022-01-18,중앙선,도농,10263,9362,19625
2022-01-18,중앙선,도심,2241,1807,4048
2022-01-18,중앙선,망우,7165,7139,14304
2022-01-18,중앙선,상봉,5529,5559,11088
2022-01-18,중앙선,신원,158,134,292
2022-01-18,중앙선,아신,448,486,934
2022-01-18,중앙선,양수,1498,1470,2968
2022-01-18,중앙선,양원,1957,1870,3827
2022-01-18,중앙선,양정,642,567,1209
2022-01-18,중앙선,양평,3093,3115,6208
2022-01-18,중앙선,오빈,266,262,528
2022-01-18,중앙선,용문,1394,1378,2772
2022-01-18,중앙선,운길산,484,417,901
2022-01-18,중앙선,원덕,316,283,599
2022-01-18,중앙선,중랑,5312,5073,10385
2022-01-18,중앙선,지평,52,46,98
2022-01-18,중앙선,팔당,731,728,1459
2022-01-18,중앙선,회기,22699,22125,44824
2022-01-19,1호선,동대문,10185,9373,19558
2022-01-19,1호선,동묘앞,5813,6394,12207
2022-01-19,1호선,서울역,43713,40739,84452
2022-01-19,1호선,시청,22757,22640,45397
2022-01-19,1호선,신설동,13758,13386,27144
2022-01-19,1호선,제기동,15643,15705,31348
2022-01-19,1호선,종각,36458,34681,71139
2022-01-19,1호선,종로3가,23900,21803,45703
2022-01-19,1호선,종로5가,21523,20787,42310
2022-01-19,1호선,청량리,17724,18086,35810
2022-01-19,2호선,강남,90594,87403,177997
2022-01-19,2호선,강변,29387,27886,57273
2022-01-19,2호선,건대입구,33779,35685,69464
2022-01-19,2호선,교대,36189,40801,76990
2022-01-19,2호선,구로디지털단지,61216,61080,122296
2022-01-19,2호선,구의,24245,24253,48498
2022-01-19,2호선,낙성대,26970,26458,53428
2022-01-19,2호선,당산,18267,21182,39449
2022-01-19,2호선,대림,23731,24232,47963
2022-01-19,2호선,도림천,1466,1540,3006
2022-01-19,2호선,동대문역사문화공원,11433,12599,24032
2022-01-19,2호선,뚝섬,22803,24211,47014
2022-01-19,2호선,문래,22663,22653,45316
2022-01-19,2호선,방배,16914,17669,34583
2022-01-19,2호선,봉천,23578,22441,46019
2022-01-19,2호선,사당,36668,39637,76305
2022-01-19,2호선,삼성,56330,55876,112206
2022-01-19,2호선,상왕십리,14684,14348,29032
2022-01-19,2호선,서울대입구,47447,47107,94554
2022-01-19,2호선,서초,23061,22260,45321
2022-01-19,2호선,선릉,60485,53015,113500
2022-01-19,2호선,성수,40186,42157,82343
2022-01-19,2호선,시청,25606,24139,49745
2022-01-19,2호선,신답,1651,2019,3670
2022-01-19,2호선,신당,13569,14258,27827
2022-01-19,2호선,신대방,25734,25379,51113
2022-01-19,2호선,신도림,47425,47296,94721
2022-01-19,2호선,신림,62548,62373,124921
2022-01-19,2호선,신설동,3479,3553,7032
2022-01-19,2호선,신정네거리,10493,10993,21486
2022-01-19,2호선,신촌,32495,33206,65701
2022-01-19,2호선,아현,9834,9750,19584
2022-01-19,2호선,양천구청,6940,7493,14433
2022-01-19,2호선,역삼,58313,63147,121460
2022-01-19,2호선,영등포구청,23894,24371,48265
2022-01-19,2호선,왕십리,15848,12864,28712
2022-01-19,2호선,용답,2582,2648,5230
2022-01-19,2호선,용두,2341,2502,4843
2022-01-19,2호선,을지로3가,23900,23256,47156
2022-01-19,2호선,을지로4가,13285,12794,26079
2022-01-19,2호선,을지로입구,40437,40534,80971
2022-01-19,2호선,이대,12796,13518,26314
2022-01-19,2호선,잠실,69130,68694,137824
2022-01-19,2호선,잠실나루,15639,14956,30595
2022-01-19,2호선,잠실새내,22025,21918,43943
2022-01-19,2호선,종합운동장,7115,7694,14809
2022-01-19,2호선,충정로,10254,10704,20958
2022-01-19,2호선,한양대,7195,7433,14628
2022-01-19,2호선,합정,31235,31814,63049
2022-01-19,2호선,홍대입구,51993,53039,105032
2022-01-19,3호선,가락시장,9441,9267,18708
2022-01-19,3호선,경복궁,20283,19528,39811
2022-01-19,3호선,경찰병원,8024,7988,16012
2022-01-19,3호선,고속터미널,38580,36275,74855
2022-01-19,3호선,교대,15279,9748,25027
2022-01-19,3호선,구파발,20744,19725,40469
2022-01-19,3호선,금호,8198,7972,16170
2022-01-19,3호선,남부터미널,30380,30477,60857
2022-01-19,3호선,녹번,15547,14369,29916
2022-01-19,3호선,대청,10239,9618,19857
2022-01-19,3호선,대치,12009,12239,24248
2022-01-19,3호선,도곡,5682,5876,11558
2022-01-19,3호선,독립문,6557,6847,13404
2022-01-19,3호선,동대입구,7275,7479,14754
2022-01-19,3호선,매봉,13669,12932,26601
2022-01-19,3호선,무악재,3988,4075,8063
2022-01-19,3호선,불광,15620,16911,32531
2022-01-19,3호선,수서,17522,17945,35467
2022-01-19,3호선,신사,32892,33559,66451
2022-01-19,3호선,안국,20911,20965,41876
2022-01-19,3호선,압구정,34307,36423,70730
2022-01-19,3호선,약수,12985,12748,25733
2022-01-19,3호선,양재,41513,43857,85370
2022-01-19,3호선,연신내,34895,33729,68624
2022-01-19,3호선,오금,6505,5811,12316
2022-01-19,3호선,옥수,9109,9553,18662
2022-01-19,3호선,을지로3가,11385,11277,22662
2022-01-19,3호선,일원,10916,10585,21501
2022-01-19,3호선,잠원,4903,4924,9827
2022-01-19,3호선,종로3가,10550,11623,22173
2022-01-19,3호선,지축,4460,4442,8902
2022-01-19,3호선,학여울,1855,1975,3830
2022-01-19,3호선,홍제,16944,16277,33221
2022-01-19,4호선,길음,20527,20368,40895
2022-01-19,4호선,남태령,1172,1074,2246
2022-01-19,4호선,노원,18489,20463,38952
2022-01-19,4호선,당고개,12433,11285,23718
2022-01-19,4호선,동대문,18682,19062,37744
2022-01-19,4호선,동대문역사문화공원,14751,13501,28252
2022-01-19,4호선,동작,1141,1288,2429
2022-01-19,4호선,명동,17754,18308,36062
2022-01-19,4호선,미아,14011,13758,27769
2022-01-19,4호선,미아사거리,26478,26184,52662
2022-01-19,4호선,사당,24720,20315,45035
2022-01-19,4호선,삼각지,5089,5496,10585
2022-01-19,4호선,상계,18658,17579,36237
2022-01-19,4호선,서울역,11740,16804,28544
2022-01-19,4호선,성신여대입구,19398,18921,38319
2022-01-19,4호선,수유,32605,33215,65820
2022-01-19,4호선,숙대입구,12508,12482,24990
2022-01-19,4호선,신용산,17614,18150,35764
2022-01-19,4호선,쌍문,29304,27070,56374
2022-01-19,4호선,이촌,7960,8761,16721
2022-01-19,4호선,창동,24992,26857,51849
2022-01-19,4호선,총신대입구,18600,20402,39002
2022-01-19,4호선,충무로,27026,27112,54138
2022-01-19,4호선,한성대입구,13050,12909,25959
2022-01-19,4호선,혜화,33786,33719,67505
2022-01-19,4호선,회현,23753,24761,48514
2022-01-19,5호선,강동,19355,18834,38189
2022-01-19,5호선,강일,4006,3953,7959
2022-01-19,5호선,개롱,6641,7065,13706
2022-01-19,5호선,개화산,5474,5397,10871
2022-01-19,5호선,거여,9549,9190,18739
2022-01-19,5호선,고덕,9692,9864,19556
2022-01-19,5호선,공덕,14679,15612,30291
2022-01-19,5호선,광나루,13296,12094,25390
2022-01-19,5호선,광화문,31977,32291,64268
2022-01-19,5호선,군자,11603,12759,24362
2022-01-19,5호선,굽은다리,9919,9606,19525
2022-01-19,5호선,길동,8394,8705,17099
2022-01-19,5호선,김포공항,7333,7016,14349
2022-01-19,5호선,까치산,28625,28069,56694
2022-01-19,5호선,답십리,16546,15438,31984
2022-01-19,5호선,동대문역사문화공원,3300,3686,6986
2022-01-19,5호선,둔촌동,9021,9109,18130
2022-01-19,5호선,마곡,11592,11488,23080
2022-01-19,5호선,마장,5850,5553,11403
2022-01-19,5호선,마천,6891,6862,13753
2022-01-19,5호선,마포,15821,16022,31843
2022-01-19,5호선,명일,9035,9577,18612
2022-01-19,5호선,목동,17247,18904,36151
2022-01-19,5호선,미사,16950,16774,33724
2022-01-19,5호선,발산,21393,21303,42696
2022-01-19,5호선,방이,7805,8038,15843
2022-01-19,5호선,방화,6655,6459,13114
2022-01-19,5호선,상일동,16377,15398,31775
2022-01-19,5호선,서대문,20257,20381,40638
2022-01-19,5호선,송정,6496,6087,12583
2022-01-19,5호선,신금호,6485,6778,13263
2022-01-19,5호선,신길,4125,4706,8831
2022-01-19,5호선,신정,14001,11522,25523
2022-01-19,5호선,아차산,14005,13790,27795
2022-01-19,5호선,애오개,7119,7290,14409
2022-01-19,5호선,양평,8034,8116,16150
2022-01-19,5호선,여의나루,8749,9583,18332
2022-01-19,5호선,여의도,32088,32081,64169
2022-01-19,5호선,영등포구청,3979,4104,8083
2022-01-19,5호선,영등포시장,10362,10835,21197
2022-01-19,5호선,오금,3801,3838,7639
2022-01-19,5호선,오목교,22781,24408,47189
2022-01-19,5호선,올림픽공원,4398,3771,8169
2022-01-19,5호선,왕십리,4897,5237,10134
2022-01-19,5호선,우장산,14309,14414,28723
2022-01-19,5호선,을지로4가,6224,6229,12453
2022-01-19,5호선,장한평,19561,19618,39179
2022-01-19,5호선,종로3가,12520,12145,24665
2022-01-19,5호선,천호,18192,17745,35937
2022-01-19,5호선,청구,4141,3749,7890
2022-01-19,5호선,충정로,5054,5190,10244
2022-01-19,5호선,하남검단산,5456,5409,10865
2022-01-19,5호선,하남시청,6573,6529,13102
2022-01-19,5호선,하남풍산,4480,4413,8893
2022-01-19,5호선,행당,8567,7942,16509
2022-01-19,5호선,화곡,28360,26989,55349
2022-01-19,6호선,고려대,7765,7638,15403
2022-01-19,6호선,공덕,18999,18218,37217
2022-01-19,6호선,광흥창,9323,9164,18487
2022-01-19,6호선,구산,7426,5773,13199
2022-01-19,6호선,녹사평,4363,4428,8791
2022-01-19,6호선,대흥,8147,8398,16545
2022-01-19,6호선,독바위,2678,2884,5562
2022-01-19,6호선,돌곶이,9590,9105,18695
2022-01-19,6호선,동묘앞,7243,7551,14794
2022-01-19,6호선,디지털미디어시티,14006,15630,29636
2022-01-19,6호선,마포구청,14403,13320,27723
2022-01-19,6호선,망원,13901,14994,28895
2022-01-19,6호선,버티고개,2053,2165,4218
2022-01-19,6호선,보문,7294,6676,13970
2022-01-19,6호선,봉화산,9183,8735,17918
2022-01-19,6호선,불광,4103,4063,8166
2022-01-19,6호선,삼각지,6576,6058,12634
2022-01-19,6호선,상수,8393,9089,17482
2022-01-19,6호선,상월곡,6296,5660,11956
2022-01-19,6호선,새절,12587,12042,24629
2022-01-19,6호선,석계,12309,12795,25104
2022-01-19,6호선,신당,8764,9091,17855
2022-01-19,6호선,안암,10500,10242,20742
2022-01-19,6호선,약수,3667,3710,7377
2022-01-19,6호선,역촌,3810,4520,8330
2022-01-19,6호선,연신내,1,0,1
2022-01-19,6호선,월곡,11533,11751,23284
2022-01-19,6호선,월드컵경기장,3660,3789,7449
2022-01-19,6호선,응암,17393,17508,34901
2022-01-19,6호선,이태원,8920,8882,17802
2022-01-19,6호선,증산,9915,10158,20073
2022-01-19,6호선,창신,3419,2824,6243
2022-01-19,6호선,청구,3792,4075,7867
2022-01-19,6호선,태릉입구,5322,5891,11213
2022-01-19,6호선,한강진,9329,10226,19555
2022-01-19,6호선,합정,13004,12668,25672
2022-01-19,6호선,화랑대,11933,9401,21334
2022-01-19,6호선,효창공원앞,6984,6459,13443
2022-01-19,7호선,가산디지털단지,49441,48818,98259
2022-01-19,7호선,강남구청,17710,19056,36766
2022-01-19,7호선,건대입구,12568,13134,25702
2022-01-19,7호선,고속터미널,15601,13390,28991
2022-01-19,7호선,공릉,11506,11725,23231
2022-01-19,7호선,광명사거리,21975,22011,43986
2022-01-19,7호선,군자,15165,12392,27557
2022-01-19,7호선,까치울,2,0,2
2022-01-19,7호선,남구로,16686,17606,34292
2022-01-19,7호선,남성,11035,10558,21593
2022-01-19,7호선,내방,15535,15836,31371
2022-01-19,7호선,노원,19698,20340,40038
2022-01-19,7호선,논현,21428,22825,44253
2022-01-19,7호선,대림,7826,7910,15736
2022-01-19,7호선,도봉산,8939,10102,19041
2022-01-19,7호선,뚝섬유원지,7344,7159,14503
2022-01-19,7호선,마들,12849,12672,25521
2022-01-19,7호선,먹골,10258,10287,20545
2022-01-19,7호선,면목,15258,15153,30411
2022-01-19,7호선,반포,5866,5704,11570
2022-01-19,7호선,보라매,9880,9848,19728
2022-01-19,7호선,사가정,15974,16159,32133
2022-01-19,7호선,상도,10720,10525,21245
2022-01-19,7호선,상봉,17140,16185,33325
2022-01-19,7호선,수락산,12711,12687,25398
2022-01-19,7호선,숭실대입구,11666,11939,23605
2022-01-19,7호선,신대방삼거리,16718,16190,32908
2022-01-19,7호선,신풍,11427,11044,22471
2022-01-19,7호선,어린이대공원,12504,12282,24786
2022-01-19,7호선,온수,10132,9465,19597
2022-01-19,7호선,용마산,6029,5853,11882
2022-01-19,7호선,이수,16068,15546,31614
2022-01-19,7호선,장승배기,9174,8987,18161
2022-01-19,7호선,장암,2244,753,2997
2022-01-19,7호선,중계,14083,13188,27271
2022-01-19,7호선,중곡,10995,10583,21578
2022-01-19,7호선,중화,10910,10779,21689
2022-01-19,7호선,천왕,11707,11137,22844
2022-01-19,7호선,철산,21304,21842,43146
2022-01-19,7호선,청담,20187,22345,42532
2022-01-19,7호선,태릉입구,8573,7964,16537
2022-01-19,7호선,하계,18094,17479,35573
2022-01-19,7호선,학동,26573,27417,53990
2022-01-19,8호선,가락시장,8304,8965,17269
2022-01-19,8호선,강동구청,11914,11943,23857
2022-01-19,8호선,남위례,4066,4405,8471
2022-01-19,8호선,남한산성입구,13630,12747,26377
2022-01-19,8호선,단대오거리,10847,10910,21757
2022-01-19,8호선,모란,5220,4002,9222
2022-01-19,8호선,몽촌토성,6494,6565,13059
2022-01-19,8호선,문정,24897,25648,50545
2022-01-19,8호선,복정,10046,8473,18519
2022-01-19,8호선,산성,5461,5529,10990
2022-01-19,8호선,석촌,8437,9539,17976
2022-01-19,8호선,송파,7962,8335,16297
2022-01-19,8호선,수진,5314,5017,10331
2022-01-19,8호선,신흥,4243,4646,8889
2022-01-19,8호선,암사,19604,17786,37390
2022-01-19,8호선,잠실,14945,17411,32356
2022-01-19,8호선,장지,18348,17889,36237
2022-01-19,8호선,천호,15230,17411,32641
2022-01-19,9호선,가양,20619,20334,40953
2022-01-19,9호선,개화,2503,1755,4258
2022-01-19,9호선,고속터미널,11646,14971,26617
2022-01-19,9호선,공항시장,2950,3224,6174
2022-01-19,9호선,구반포,1463,1516,2979
2022-01-19,9호선,국회의사당,19131,18901,38032
2022-01-19,9호선,김포공항,7427,11687,19114
2022-01-19,9호선,노들,4493,3911,8404
2022-01-19,9호선,노량진,26761,26241,53002
2022-01-19,9호선,당산,18848,19126,37974
2022-01-19,9호선,동작,1756,1413,3169
2022-01-19,9호선,등촌,11732,11860,23592
2022-01-19,9호선,마곡나루,12599,12245,24844
2022-01-19,9호선,사평,3781,3777,7558
2022-01-19,9호선,샛강,6403,6558,12961
2022-01-19,9호선,선유도,9538,9253,18791
2022-01-19,9호선,신논현,33109,32818,65927
2022-01-19,9호선,신목동,4219,3877,8096
2022-01-19,9호선,신반포,3431,3406,6837
2022-01-19,9호선,신방화,6915,6758,13673
2022-01-19,9호선,양천향교,10043,10309,20352
2022-01-19,9호선,여의도,30218,28149,58367
2022-01-19,9호선,염창,17738,17518,35256
2022-01-19,9호선,증미,7932,7922,15854
2022-01-19,9호선,흑석,8109,8482,16591
2022-01-19,9호선2~3단계,둔촌오륜,1055,1024,2079
2022-01-19,9호선2~3단계,봉은사,17051,17039,34090
2022-01-19,9호선2~3단계,삼성중앙,7607,7878,15485
2022-01-19,9호선2~3단계,삼전,7460,7417,14877
2022-01-19,9호선2~3단계,석촌,8683,7648,16331
2022-01-19,9호선2~3단계,석촌고분,6593,6632,13225
2022-01-19,9호선2~3단계,선정릉,10182,11066,21248
2022-01-19,9호선2~3단계,송파나루,5386,5764,11150
2022-01-19,9호선2~3단계,언주,11578,11799,23377
2022-01-19,9호선2~3단계,올림픽공원,5966,6004,11970
2022-01-19,9호선2~3단계,종합운동장,4480,4472,8952
2022-01-19,9호선2~3단계,중앙보훈병원,11423,10223,21646
2022-01-19,9호선2~3단계,한성백제,2781,2585,5366
2022-01-19,경강선,경기광주,7829,7699,15528
2022-01-19,경강선,곤지암,2201,2093,4294
2022-01-19,경강선,부발,2114,1875,3989
2022-01-19,경강선,삼동,2477,2455,4932
2022-01-19,경강선,세종대왕릉,267,264,531
2022-01-19,경강선,신둔도예촌,1314,1230,2544
2022-01-19,경강선,여주,1894,1872,3766
2022-01-19,경강선,이매,1113,947,2060
2022-01-19,경강선,이천,2516,2535,5051
2022-01-19,경강선,초월,3113,3121,6234
2022-01-19,경강선,판교,5070,4821,9891
2022-01-19,경부선,가산디지털단지,19168,21884,41052
2022-01-19,경부선,관악,7059,6695,13754
2022-01-19,경부선,광명,3290,2855,6145
2022-01-19,경부선,구로,18695,19005,37700
2022-01-19,경부선,군포,7917,7789,15706
2022-01-19,경부선,금정,26984,27836,54820
2022-01-19,경부선,금천구청,11692,11757,23449
2022-01-19,경부선,남영,8851,9163,18014
2022-01-19,경부선,노량진,7909,8255,16164
2022-01-19,경부선,당정,6151,5748,11899
2022-01-19,경부선,대방,12976,13517,26493
2022-01-19,경부선,독산,19360,20243,39603
2022-01-19,경부선,두정,4528,4686,9214
2022-01-19,경부선,명학,9159,8918,18077
2022-01-19,경부선,병점,13269,13438,26707
2022-01-19,경부선,서동탄,1390,1188,2578
2022-01-19,경부선,서울역,6079,1985,8064
2022-01-19,경부선,서정리,6112,5723,11835
2022-01-19,경부선,석수,9585,8516,18101
2022-01-19,경부선,성균관대,13608,13629,27237
2022-01-19,경부선,성환,2579,2686,5265
2022-01-19,경부선,세류,2831,2601,5432
2022-01-19,경부선,세마,2608,2466,5074
2022-01-19,경부선,송탄,3674,3577,7251
2022-01-19,경부선,수원,31412,33437,64849
2022-01-19,경부선,신길,8837,7684,16521
2022-01-19,경부선,신도림,4063,3942,8005
2022-01-19,경부선,안양,20585,20819,41404
2022-01-19,경부선,영등포,35923,36609,72532
2022-01-19,경부선,오산,8894,8947,17841
2022-01-19,경부선,오산대,3165,2850,6015
2022-01-19,경부선,용산,32354,32748,65102
2022-01-19,경부선,의왕,9183,9204,18387
2022-01-19,경부선,직산,679,662,1341
2022-01-19,경부선,진위,1503,1347,2850
2022-01-19,경부선,천안,4199,4381,8580
2022-01-19,경부선,평택,9867,9765,19632
2022-01-19,경부선,평택지제,3147,3020,6167
2022-01-19,경부선,화서,7701,7597,15298
2022-01-19,경원선,가능,6095,6029,12124
2022-01-19,경원선,광운대,7149,7124,14273
2022-01-19,경원선,녹양,4337,4048,8385
2022-01-19,경원선,녹천,4418,3808,8226
2022-01-19,경원선,덕계,2937,2598,5535
2022-01-19,경원선,덕정,4900,4670,9570
2022-01-19,경원선,도봉,6028,5816,11844
2022-01-19,경원선,도봉산,6254,3866,10120
2022-01-19,경원선,동두천,1824,1968,3792
2022-01-19,경원선,동두천중앙,2776,2567,5343
2022-01-19,경원선,망월사,6981,7245,14226
2022-01-19,경원선,방학,9253,9160,18413
2022-01-19,경원선,보산,1198,1138,2336
2022-01-19,경원선,서빙고,2012,1955,3967
2022-01-19,경원선,석계,7573,8728,16301
2022-01-19,경원선,소요산,1914,1627,3541
2022-01-19,경원선,신이문,8252,7909,16161
2022-01-19,경원선,양주,7198,6911,14109
2022-01-19,경원선,옥수,55,33,88
2022-01-19,경원선,왕십리,13858,16268,30126
2022-01-19,경원선,외대앞,6792,7068,13860
2022-01-19,경원선,월계,5959,5684,11643
2022-01-19,경원선,응봉,1766,1516,3282
2022-01-19,경원선,의정부,17381,17758,35139
2022-01-19,경원선,이촌,3803,3034,6837
2022-01-19,경원선,지행,5816,5840,11656
2022-01-19,경원선,창동,1,0,1
2022-01-19,경원선,청량리,14009,14326,28335
2022-01-19,경원선,한남,4101,3916,8017
2022-01-19,경원선,회룡,12031,12019,24050
2022-01-19,경의선,가좌,5317,5324,10641
2022-01-19,경의선,강매,3117,2688,5805
2022-01-19,경의선,계양,1,0,1
2022-01-19,경의선,곡산,536,569,1105
2022-01-19,경의선,공덕,3791,3174,6965
2022-01-19,경의선,금릉,4874,4645,9519
2022-01-19,경의선,금촌,5898,5894,11792
2022-01-19,경의선,능곡,3623,3391,7014
2022-01-19,경의선,디지털미디어시티,2535,2376,4911
2022-01-19,경의선,문산,4811,4746,9557
2022-01-19,경의선,백마,7009,6778,13787
2022-01-19,경의선,서강대,2120,2047,4167
2022-01-19,경의선,서울역,4260,5258,9518
2022-01-19,경의선,수색,2816,2916,5732
2022-01-19,경의선,신촌,829,1022,1851
2022-01-19,경의선,야당,7243,7213,14456
2022-01-19,경의선,운정,6995,6585,13580
2022-01-19,경의선,월롱,2632,2263,4895
2022-01-19,경의선,일산,8953,9093,18046
2022-01-19,경의선,임진강,4,4,8
2022-01-19,경의선,탄현,7897,7609,15506
2022-01-19,경의선,파주,911,651,1562
2022-01-19,경의선,풍산,5519,5216,10735
2022-01-19,경의선,행신,7737,7909,15646
2022-01-19,경의선,홍대입구,1640,1813,3453
2022-01-19,경의선,화전,1476,1351,2827
2022-01-19,경의선,효창공원앞,2913,3457,6370
2022-01-19,경인선,간석,5645,5438,11083
2022-01-19,경인선,개봉,21084,21359,42443
2022-01-19,경인선,구일,5997,5961,11958
2022-01-19,경인선,도원,2440,2478,4918
2022-01-19,경인선,도화,4163,3913,8076
2022-01-19,경인선,동암,14256,14515,28771
2022-01-19,경인선,동인천,13500,12786,26286
2022-01-19,경인선,백운,6625,6511,13136
2022-01-19,경인선,부개,8291,7787,16078
2022-01-19,경인선,부천,30834,31123,61957
2022-01-19,경인선,부평,28282,29534,57816
2022-01-19,경인선,소사,8016,8042,16058
2022-01-19,경인선,송내,26394,26717,53111
2022-01-19,경인선,역곡,26209,26198,52407
2022-01-19,경인선,오류동,11450,10842,22292
2022-01-19,경인선,온수,6159,6043,12202
2022-01-19,경인선,인천,3033,2126,5159
2022-01-19,경인선,제물포,9829,9421,19250
2022-01-19,경인선,주안,17920,16327,34247
2022-01-19,경인선,중동,9288,8666,17954
2022-01-19,경춘선,가평,1512,1399,2911
2022-01-19,경춘선,갈매,3157,2770,5927
2022-01-19,경춘선,강촌,304,342,646
2022-01-19,경춘선,굴봉산,111,148,259
2022-01-19,경춘선,금곡,1356,1327,2683
2022-01-19,경춘선,김유정,272,244,516
2022-01-19,경춘선,남춘천,1989,2133,4122
2022-01-19,경춘선,대성리,410,339,749
2022-01-19,경춘선,마석,3425,3320,6745
2022-01-19,경춘선,백양리,348,277,625
2022-01-19,경춘선,별내,3371,3203,6574
2022-01-19,경춘선,사릉,3096,3027,6123
2022-01-19,경춘선,상천,185,172,357
2022-01-19,경춘선,신내,1994,1911,3905
2022-01-19,경춘선,천마산,1507,1415,2922
2022-01-19,경춘선,청평,1340,1287,2627
2022-01-19,경춘선,춘천,1117,984,2101
2022-01-19,경춘선,퇴계원,3598,3368,6966
2022-01-19,경춘선,평내호평,5939,5891,11830
2022-01-19,공항철도,검암,6766,6608,13374
2022-01-19,공항철도,계양,10257,9721,19978
2022-01-19,공항철도,공덕,2394,3147,5541
2022-01-19,공항철도,공항화물청사,2380,2596,4976
2022-01-19,공항철도,김포공항,12085,6751,18836
2022-01-19,공항철도,디지털미디어시티,15553,13714,29267
2022-01-19,공항철도,마곡나루,9430,8817,18247
2022-01-19,공항철도,서울역,7573,6883,14456
2022-01-19,공항철도,영종,2965,2959,5924
2022-01-19,공항철도,운서,6293,6312,12605
2022-01-19,공항철도,인천공항1터미널,3563,3776,7339
2022-01-19,공항철도,인천공항2터미널,2248,2047,4295
2022-01-19,공항철도,청라국제도시,6902,6619,13521
2022-01-19,공항철도,홍대입구,9135,9487,18622
2022-01-19,과천선,경마공원,1595,1628,3223
2022-01-19,과천선,과천,6361,6130,12491
2022-01-19,과천선,대공원,1954,2049,4003
2022-01-19,과천선,범계,26444,26276,52720
2022-01-19,과천선,선바위,8497,7315,15812
2022-01-19,과천선,인덕원,25000,26252,51252
2022-01-19,과천선,정부과천청사,11377,11241,22618
2022-01-19,과천선,평촌,19186,18836,38022
2022-01-19,분당선,가천대,6429,7454,13883
2022-01-19,분당선,강남구청,11332,12660,23992
2022-01-19,분당선,개포동,3876,4141,8017
2022-01-19,분당선,구룡,1980,1945,3925
2022-01-19,분당선,구성,5337,5802,11139
2022-01-19,분당선,기흥,9986,9588,19574
2022-01-19,분당선,대모산입구,4678,4350,9028
2022-01-19,분당선,도곡,7529,7446,14975
2022-01-19,분당선,망포,15151,14566,29717
2022-01-19,분당선,매교,2816,2877,5693
2022-01-19,분당선,매탄권선,5013,4908,9921
2022-01-19,분당선,모란,22906,23520,46426
2022-01-19,분당선,미금,16874,17772,34646
2022-01-19,분당선,보정,2673,2312,4985
2022-01-19,분당선,상갈,5595,5407,11002
2022-01-19,분당선,서울숲,10967,11234,22201
2022-01-19,분당선,서현,26627,26697,53324
2022-01-19,분당선,선릉,14844,21985,36829
2022-01-19,분당선,선정릉,8928,9310,18238
2022-01-19,분당선,수내,15161,14819,29980
2022-01-19,분당선,수서,14091,14688,28779
2022-01-19,분당선,수원,8118,6592,14710
2022-01-19,분당선,수원시청,13126,13874,27000
2022-01-19,분당선,신갈,4710,4796,9506
2022-01-19,분당선,압구정로데오,20347,21538,41885
2022-01-19,분당선,야탑,27753,28428,56181
2022-01-19,분당선,영통,8499,8646,17145
2022-01-19,분당선,오리,12553,10470,23023
2022-01-19,분당선,이매,5959,5799,11758
2022-01-19,분당선,정자,19165,20093,39258
2022-01-19,분당선,죽전,13530,14972,28502
2022-01-19,분당선,청명,4357,4330,8687
2022-01-19,분당선,태평,13639,13394,27033
2022-01-19,분당선,한티,16161,17263,33424
2022-01-19,수인선,고색,4852,4441,9293
2022-01-19,수인선,남동인더스파크,2431,2686,5117
2022-01-19,수인선,달월,100,40,140
2022-01-19,수인선,사리,4343,3956,8299
2022-01-19,수인선,소래포구,4705,4405,9110
2022-01-19,수인선,송도,2424,2372,4796
2022-01-19,수인선,숭의,3958,3609,7567
2022-01-19,수인선,신포,1702,1724,3426
2022-01-19,수인선,야목,326,254,580
2022-01-19,수인선,어천,612,667,1279
2022-01-19,수인선,연수,4404,4334,8738
2022-01-19,수인선,오목천,2683,2587,5270
2022-01-19,수인선,원인재,4305,4566,8871
2022-01-19,수인선,월곶,2753,2525,5278
2022-01-19,수인선,인천,961,1551,2512
2022-01-19,수인선,인천논현,5669,5994,11663
2022-01-19,수인선,인하대,5497,5328,10825
2022-01-19,수인선,호구포,4186,4351,8537
2022-01-19,안산선,고잔,8773,8345,17118
2022-01-19,안산선,대야미,4784,4342,9126
2022-01-19,안산선,반월,4111,3972,8083
2022-01-19,안산선,산본,15795,17114,32909
2022-01-19,안산선,상록수,14869,15425,30294
2022-01-19,안산선,수리산,4051,3333,7384
2022-01-19,안산선,신길온천,1663,1491,3154
2022-01-19,안산선,안산,11275,10189,21464
2022-01-19,안산선,오이도,8062,7829,15891
2022-01-19,안산선,정왕,7321,7814,15135
2022-01-19,안산선,중앙,17559,18207,35766
2022-01-19,안산선,초지,4522,4615,9137
2022-01-19,안산선,한대앞,8446,8536,16982
2022-01-19,우이신설선,4.19민주묘지,2501,2420,4921
2022-01-19,우이신설선,가오리,3878,4014,7892
2022-01-19,우이신설선,보문,1539,1495,3034
2022-01-19,우이신설선,북한산보국문,6023,5864,11887
2022-01-19,우이신설선,북한산우이,2328,2064,4392
2022-01-19,우이신설선,삼양,1925,2053,3978
2022-01-19,우이신설선,삼양사거리,2245,2315,4560
2022-01-19,우이신설선,성신여대입구,3220,3526,6746
2022-01-19,우이신설선,솔밭공원,2315,2284,4599
2022-01-19,우이신설선,솔샘,5936,5695,11631
2022-01-19,우이신설선,신설동,2124,1914,4038
2022-01-19,우이신설선,정릉,4583,4369,8952
2022-01-19,우이신설선,화계,3215,3065,6280
2022-01-19,일산선,대곡,1863,1521,3384
2022-01-19,일산선,대화,12586,10251,22837
2022-01-19,일산선,마두,7651,7798,15449
2022-01-19,일산선,백석,10030,9960,19990
2022-01-19,일산선,삼송,19286,19058,38344
2022-01-19,일산선,원당,10771,10228,20999
2022-01-19,일산선,원흥,10611,10040,20651
2022-01-19,일산선,정발산,7238,7231,14469
2022-01-19,일산선,주엽,9066,9062,18128
2022-01-19,일산선,지축,1,0,1
2022-01-19,일산선,화정,16839,17395,34234
2022-01-19,장항선,배방,851,839,1690
2022-01-19,장항선,봉명,1160,1123,2283
2022-01-19,장항선,신창,826,813,1639
2022-01-19,장항선,쌍용,1705,1654,3359
2022-01-19,장항선,아산,2515,2172,4687
2022-01-19,장항선,온양온천,3793,3830,7623
2022-01-19,장항선,탕정,410,388,798
2022-01-19,중앙선,구리,13419,13728,27147
2022-01-19,중앙선,국수,565,558,1123
2022-01-19,중앙선,덕소,5444,5410,10854
2022-01-19,중앙선,도농,10463,9739,20202
2022-01-19,중앙선,도심,2323,1789,4112
2022-01-19,중앙선,망우,7408,7357,14765
2022-01-19,중앙선,상봉,5560,5559,11119
2022-01-19,중앙선,신원,136,140,276
2022-01-19,중앙선,아신,443,462,905
2022-01-19,중앙선,양수,1555,1524,3079
2022-01-19,중앙선,양원,1971,1982,3953
2022-01-19,중앙선,양정,686,561,1247
2022-01-19,중앙선,양평,2347,2312,4659
2022-01-19,중앙선,오빈,265,229,494
2022-01-19,중앙선,용문,1428,1470,2898
2022-01-19,중앙선,운길산,573,555,1128
2022-01-19,중앙선,원덕,262,261,523
2022-01-19,중앙선,중랑,5405,5214,10619
2022-01-19,중앙선,지평,62,53,115
2022-01-19,중앙선,팔당,752,816,1568
2022-01-19,중앙선,회기,23126,22696,45822
2022-01-20,1호선,동대문,10441,9353,19794
2022-01-20,1호선,동묘앞,7247,7631,14878
2022-01-20,1호선,서울역,43402,41037,84439
2022-01-20,1호선,시청,22125,22266,44391
2022-01-20,1호선,신설동,13742,13361,27103
2022-01-20,1호선,제기동,17689,18394,36083
2022-01-20,1호선,종각,35826,34909,70735
2022-01-20,1호선,종로3가,25062,22768,47830
2022-01-20,1호선,종로5가,22152,22033,44185
2022-01-20,1호선,청량리,20370,20097,40467
2022-01-20,2호선,강남,89339,87282,176621
2022-01-20,2호선,강변,29369,27785,57154
2022-01-20,2호선,건대입구,34628,36305,70933
2022-01-20,2호선,교대,35367,40064,75431
2022-01-20,2호선,구로디지털단지,60461,60614,121075
2022-01-20,2호선,구의,24105,23835,47940
2022-01-20,2호선,낙성대,26971,26307,53278
2022-01-20,2호선,당산,18206,21111,39317
2022-01-20,2호선,대림,23382,23917,47299
2022-01-20,2호선,도림천,1405,1482,2887
2022-01-20,2호선,동대문역사문화공원,11510,12708,24218
2022-01-20,2호선,뚝섬,22469,24453,46922
2022-01-20,2호선,문래,21923,22405,44328
2022-01-20,2호선,방배,16234,17152,33386
2022-01-20,2호선,봉천,23769,22294,46063
2022-01-20,2호선,사당,36242,39568,75810
2022-01-20,2호선,삼성,54633,55286,109919
2022-01-20,2호선,상왕십리,14194,13999,28193
2022-01-20,2호선,서울대입구,47097,46244,93341
2022-01-20,2호선,서초,22800,22220,45020
2022-01-20,2호선,선릉,58951,52645,111596
2022-01-20,2호선,성수,38950,42255,81205
2022-01-20,2호선,시청,24189,23385,47574
2022-01-20,2호선,신답,1673,1957,3630
2022-01-20,2호선,신당,13600,13993,27593
2022-01-20,2호선,신대방,26130,25583,51713
2022-01-20,2호선,신도림,47551,46788,94339
2022-01-20,2호선,신림,63222,61648,124870
2022-01-20,2호선,신설동,3392,3558,6950
2022-01-20,2호선,신정네거리,10298,10671,20969
2022-01-20,2호선,신촌,31946,33083,65029
2022-01-20,2호선,아현,9856,9584,19440
2022-01-20,2호선,양천구청,6930,7353,14283
2022-01-20,2호선,역삼,55561,61362,116923
2022-01-20,2호선,영등포구청,23554,24135,47689
2022-01-20,2호선,왕십리,15655,12912,28567
2022-01-20,2호선,용답,2727,2738,5465
2022-01-20,2호선,용두,2466,2522,4988
2022-01-20,2호선,을지로3가,22777,22762,45539
2022-01-20,2호선,을지로4가,13430,13335,26765
2022-01-20,2호선,을지로입구,40030,40815,80845
2022-01-20,2호선,이대,12714,13357,26071
2022-01-20,2호선,잠실,68645,68286,136931
2022-01-20,2호선,잠실나루,14754,14335,29089
2022-01-20,2호선,잠실새내,21335,21081,42416
2022-01-20,2호선,종합운동장,7106,7525,14631
2022-01-20,2호선,충정로,9797,10328,20125
2022-01-20,2호선,한양대,7056,7319,14375
2022-01-20,2호선,합정,31230,32291,63521
2022-01-20,2호선,홍대입구,53551,54651,108202
2022-01-20,3호선,가락시장,9369,9111,18480
2022-01-20,3호선,경복궁,19273,19199,38472
2022-01-20,3호선,경찰병원,7486,7557,15043
2022-01-20,3호선,고속터미널,38949,37151,76100
2022-01-20,3호선,교대,15091,9810,24901
2022-01-20,3호선,구파발,20418,19414,39832
2022-01-20,3호선,금호,7911,7485,15396
2022-01-20,3호선,남부터미널,29308,30016,59324
2022-01-20,3호선,녹번,15370,14071,29441
2022-01-20,3호선,대청,10183,9509,19692
2022-01-20,3호선,대치,11950,11914,23864
2022-01-20,3호선,도곡,5198,5406,10604
2022-01-20,3호선,독립문,6733,6774,13507
2022-01-20,3호선,동대입구,8124,8411,16535
2022-01-20,3호선,매봉,13113,12488,25601
2022-01-20,3호선,무악재,3923,3922,7845
2022-01-20,3호선,불광,15932,16764,32696
2022-01-20,3호선,수서,16924,17555,34479
2022-01-20,3호선,신사,32416,33822,66238
2022-01-20,3호선,안국,20494,20977,41471
2022-01-20,3호선,압구정,32976,34777,67753
2022-01-20,3호선,약수,12679,12236,24915
2022-01-20,3호선,양재,40433,43689,84122
2022-01-20,3호선,연신내,35346,33545,68891
2022-01-20,3호선,오금,6363,5621,11984
2022-01-20,3호선,옥수,8741,9205,17946
2022-01-20,3호선,을지로3가,10909,11230,22139
2022-01-20,3호선,일원,10404,10271,20675
2022-01-20,3호선,잠원,4703,4556,9259
2022-01-20,3호선,종로3가,10234,11636,21870
2022-01-20,3호선,지축,4544,4285,8829
2022-01-20,3호선,충무로,1,0,1
2022-01-20,3호선,학여울,1765,1872,3637
2022-01-20,3호선,홍제,16671,15925,32596
2022-01-20,4호선,길음,20242,19745,39987
2022-01-20,4호선,남태령,1200,1028,2228
2022-01-20,4호선,노원,18417,20411,38828
2022-01-20,4호선,당고개,12599,11341,23940
2022-01-20,4호선,동대문,18731,19560,38291
2022-01-20,4호선,동대문역사문화공원,14544,13593,28137
2022-01-20,4호선,동작,1228,1444,2672
2022-01-20,4호선,명동,17552,17983,35535
2022-01-20,4호선,미아,14226,13962,28188
2022-01-20,4호선,미아사거리,26847,26330,53177
2022-01-20,4호선,사당,24783,20501,45284
2022-01-20,4호선,삼각지,4967,5415,10382
2022-01-20,4호선,상계,18627,17450,36077
2022-01-20,4호선,서울역,11238,16579,27817
2022-01-20,4호선,성신여대입구,19481,18901,38382
2022-01-20,4호선,수유,32757,32997,65754
2022-01-20,4호선,숙대입구,12360,12369,24729
2022-01-20,4호선,신용산,16711,17822,34533
2022-01-20,4호선,쌍문,29039,26851,55890
2022-01-20,4호선,이촌,7571,8291,15862
2022-01-20,4호선,창동,25254,26714,51968
2022-01-20,4호선,총신대입구,18572,20015,38587
2022-01-20,4호선,충무로,26047,27017,53064
2022-01-20,4호선,한성대입구,12717,12278,24995
2022-01-20,4호선,혜화,32216,32350,64566
2022-01-20,4호선,회현,23745,25225,48970
2022-01-20,5호선,강동,18982,18307,37289
2022-01-20,5호선,강일,3834,3793,7627
2022-01-20,5호선,개롱,6357,6768,13125
2022-01-20,5호선,개화산,5497,5286,10783
2022-01-20,5호선,거여,9318,8783,18101
2022-01-20,5호선,고덕,9121,9239,18360
2022-01-20,5호선,공덕,14299,15334,29633
2022-01-20,5호선,광나루,13229,12011,25240
2022-01-20,5호선,광화문,30280,31544,61824
2022-01-20,5호선,군자,11348,12369,23717
2022-01-20,5호선,굽은다리,9473,9045,18518
2022-01-20,5호선,길동,8112,8531,16643
2022-01-20,5호선,김포공항,7309,7019,14328
2022-01-20,5호선,까치산,28601,27676,56277
2022-01-20,5호선,답십리,16307,14999,31306
2022-01-20,5호선,동대문역사문화공원,3104,3597,6701
2022-01-20,5호선,둔촌동,8876,8954,17830
2022-01-20,5호선,마곡,11206,11024,22230
2022-01-20,5호선,마장,5904,5593,11497
2022-01-20,5호선,마천,6873,6852,13725
2022-01-20,5호선,마포,15048,15399,30447
2022-01-20,5호선,명일,8448,8724,17172
2022-01-20,5호선,목동,17203,18502,35705
2022-01-20,5호선,미사,16349,15975,32324
2022-01-20,5호선,발산,20585,20951,41536
2022-01-20,5호선,방이,7493,7592,15085
2022-01-20,5호선,방화,6521,6320,12841
2022-01-20,5호선,상일동,15667,14499,30166
2022-01-20,5호선,서대문,19622,20029,39651
2022-01-20,5호선,송정,6561,6128,12689
2022-01-20,5호선,신금호,6375,6587,12962
2022-01-20,5호선,신길,4232,4543,8775
2022-01-20,5호선,신정,13873,11280,25153
2022-01-20,5호선,아차산,14054,13775,27829
2022-01-20,5호선,애오개,7032,7150,14182
2022-01-20,5호선,양평,7670,7779,15449
2022-01-20,5호선,여의나루,8637,9616,18253
2022-01-20,5호선,여의도,30025,31192,61217
2022-01-20,5호선,영등포구청,4038,4153,8191
2022-01-20,5호선,영등포시장,10307,10505,20812
2022-01-20,5호선,오금,3723,3818,7541
2022-01-20,5호선,오목교,22118,23539,45657
2022-01-20,5호선,올림픽공원,4124,3623,7747
2022-01-20,5호선,왕십리,4661,5257,9918
2022-01-20,5호선,우장산,14218,14045,28263
2022-01-20,5호선,을지로4가,6382,6439,12821
2022-01-20,5호선,장한평,19224,19065,38289
2022-01-20,5호선,종로3가,12390,11971,24361
2022-01-20,5호선,천호,18035,17932,35967
2022-01-20,5호선,청구,4061,3721,7782
2022-01-20,5호선,충정로,4801,4973,9774
2022-01-20,5호선,하남검단산,5266,5088,10354
2022-01-20,5호선,하남시청,6209,6099,12308
2022-01-20,5호선,하남풍산,4270,4350,8620
2022-01-20,5호선,행당,8198,7358,15556
2022-01-20,5호선,화곡,27869,26384,54253
2022-01-20,6호선,고려대,7648,7379,15027
2022-01-20,6호선,공덕,18684,17990,36674
2022-01-20,6호선,광흥창,9009,8837,17846
2022-01-20,6호선,구산,7512,5655,13167
2022-01-20,6호선,녹사평,4515,4342,8857
2022-01-20,6호선,대흥,7858,8270,16128
2022-01-20,6호선,독바위,2685,2732,5417
2022-01-20,6호선,돌곶이,9381,8762,18143
2022-01-20,6호선,동묘앞,7616,7673,15289
2022-01-20,6호선,디지털미디어시티,13693,15318,29011
2022-01-20,6호선,마포구청,14170,13038,27208
2022-01-20,6호선,망원,14184,15184,29368
2022-01-20,6호선,버티고개,1936,2094,4030
2022-01-20,6호선,보문,7125,6596,13721
2022-01-20,6호선,봉화산,9048,8481,17529
2022-01-20,6호선,불광,4215,4068,8283
2022-01-20,6호선,삼각지,6403,5695,12098
2022-01-20,6호선,상수,8419,9163,17582
2022-01-20,6호선,상월곡,6291,5662,11953
2022-01-20,6호선,새절,12521,11698,24219
2022-01-20,6호선,석계,11961,12416,24377
2022-01-20,6호선,신당,8275,8556,16831
2022-01-20,6호선,안암,9724,9727,19451
2022-01-20,6호선,약수,3594,3669,7263
2022-01-20,6호선,역촌,3844,4542,8386
2022-01-20,6호선,연신내,1,0,1
2022-01-20,6호선,월곡,11585,11688,23273
2022-01-20,6호선,월드컵경기장,3638,3885,7523
2022-01-20,6호선,응암,17363,17471,34834
2022-01-20,6호선,이태원,9339,9290,18629
2022-01-20,6호선,증산,10070,10155,20225
2022-01-20,6호선,창신,3375,2727,6102
2022-01-20,6호선,청구,3755,4096,7851
2022-01-20,6호선,태릉입구,5341,5862,11203
2022-01-20,6호선,한강진,8468,9603,18071
2022-01-20,6호선,합정,12802,12416,25218
2022-01-20,6호선,화랑대,11581,9022,20603
2022-01-20,6호선,효창공원앞,6904,6281,13185
2022-01-20,7호선,가산디지털단지,47837,47688,95525
2022-01-20,7호선,강남구청,17455,18745,36200
2022-01-20,7호선,건대입구,12114,12478,24592
2022-01-20,7호선,고속터미널,15514,13237,28751
2022-01-20,7호선,공릉,11473,11267,22740
2022-01-20,7호선,광명사거리,22036,21782,43818
2022-01-20,7호선,군자,15148,12214,27362
2022-01-20,7호선,굴포천,1,0,1
2022-01-20,7호선,까치울,1,0,1
2022-01-20,7호선,남구로,16077,17131,33208
2022-01-20,7호선,남성,11058,10255,21313
2022-01-20,7호선,내방,14995,15254,30249
2022-01-20,7호선,노원,19319,19884,39203
2022-01-20,7호선,논현,21034,22905,43939
2022-01-20,7호선,대림,7537,7547,15084
2022-01-20,7호선,도봉산,8665,10047,18712
2022-01-20,7호선,뚝섬유원지,7298,7105,14403
2022-01-20,7호선,마들,12737,12407,25144
2022-01-20,7호선,먹골,10141,9941,20082
2022-01-20,7호선,면목,15261,14955,30216
2022-01-20,7호선,반포,5850,5586,11436
2022-01-20,7호선,보라매,9731,9869,19600
2022-01-20,7호선,사가정,16072,16016,32088
2022-01-20,7호선,상도,10493,10372,20865
2022-01-20,7호선,상동,2,0,2
2022-01-20,7호선,상봉,16979,15940,32919
2022-01-20,7호선,수락산,12433,12140,24573
2022-01-20,7호선,숭실대입구,11468,11540,23008
2022-01-20,7호선,신대방삼거리,16615,16130,32745
2022-01-20,7호선,신중동,1,0,1
2022-01-20,7호선,신풍,11430,10805,22235
2022-01-20,7호선,어린이대공원,12152,12026,24178
2022-01-20,7호선,온수,9996,9194,19190
2022-01-20,7호선,용마산,6075,5882,11957
2022-01-20,7호선,이수,15608,15091,30699
2022-01-20,7호선,장승배기,8985,8739,17724
2022-01-20,7호선,장암,2180,820,3000
2022-01-20,7호선,중계,13862,12773,26635
2022-01-20,7호선,중곡,10659,10063,20722
2022-01-20,7호선,중화,10849,10619,21468
2022-01-20,7호선,천왕,11473,10849,22322
2022-01-20,7호선,철산,20894,21342,42236
2022-01-20,7호선,청담,19784,22342,42126
2022-01-20,7호선,태릉입구,8387,7994,16381
2022-01-20,7호선,하계,17544,16498,34042
2022-01-20,7호선,학동,25256,27037,52293
2022-01-20,8호선,가락시장,8199,8926,17125
2022-01-20,8호선,강동구청,11012,11428,22440
2022-01-20,8호선,남위례,3865,4148,8013
2022-01-20,8호선,남한산성입구,13256,12175,25431
2022-01-20,8호선,단대오거리,10444,10300,20744
2022-01-20,8호선,모란,4285,3211,7496
2022-01-20,8호선,몽촌토성,6185,6280,12465
2022-01-20,8호선,문정,23521,24951,48472
2022-01-20,8호선,복정,9538,8047,17585
2022-01-20,8호선,산성,5239,5217,10456
2022-01-20,8호선,석촌,7960,9080,17040
2022-01-20,8호선,송파,7467,7600,15067
2022-01-20,8호선,수진,5215,4853,10068
2022-01-20,8호선,신흥,4155,4487,8642
2022-01-20,8호선,암사,19213,17091,36304
2022-01-20,8호선,잠실,14154,16494,30648
2022-01-20,8호선,장지,17407,16856,34263
2022-01-20,8호선,천호,15046,17074,32120
2022-01-20,9호선,가양,20391,20053,40444
2022-01-20,9호선,개화,2457,1743,4200
2022-01-20,9호선,고속터미널,11684,14910,26594
2022-01-20,9호선,공항시장,3000,3318,6318
2022-01-20,9호선,구반포,1377,1483,2860
2022-01-20,9호선,국회의사당,17521,18156,35677
2022-01-20,9호선,김포공항,7624,11383,19007
2022-01-20,9호선,노들,4402,3746,8148
2022-01-20,9호선,노량진,26783,25626,52409
2022-01-20,9호선,당산,18679,18481,37160
2022-01-20,9호선,동작,1867,1463,3330
2022-01-20,9호선,등촌,11677,11436,23113
2022-01-20,9호선,마곡나루,12177,11980,24157
2022-01-20,9호선,사평,3516,3427,6943
2022-01-20,9호선,샛강,6172,6394,12566
2022-01-20,9호선,선유도,8889,8654,17543
2022-01-20,9호선,신논현,32749,32536,65285
2022-01-20,9호선,신목동,4186,3665,7851
2022-01-20,9호선,신반포,3269,3192,6461
2022-01-20,9호선,신방화,6705,6552,13257
2022-01-20,9호선,양천향교,9677,9969,19646
2022-01-20,9호선,여의도,28503,27387,55890
2022-01-20,9호선,염창,17502,17133,34635
2022-01-20,9호선,증미,7660,7659,15319
2022-01-20,9호선,흑석,7804,8160,15964
2022-01-20,9호선2~3단계,둔촌오륜,988,964,1952
2022-01-20,9호선2~3단계,봉은사,17043,17586,34629
2022-01-20,9호선2~3단계,삼성중앙,7014,7587,14601
2022-01-20,9호선2~3단계,삼전,7157,6959,14116
2022-01-20,9호선2~3단계,석촌,8601,7581,16182
2022-01-20,9호선2~3단계,석촌고분,6385,6340,12725
2022-01-20,9호선2~3단계,선정릉,10014,10879,20893
2022-01-20,9호선2~3단계,송파나루,5224,5525,10749
2022-01-20,9호선2~3단계,언주,11152,11426,22578
2022-01-20,9호선2~3단계,올림픽공원,5818,5894,11712
2022-01-20,9호선2~3단계,종합운동장,4448,4255,8703
2022-01-20,9호선2~3단계,중앙보훈병원,10897,9552,20449
2022-01-20,9호선2~3단계,한성백제,2691,2439,5130
2022-01-20,경강선,경기광주,7546,7057,14603
2022-01-20,경강선,곤지암,2096,2087,4183
2022-01-20,경강선,부발,1989,1878,3867
2022-01-20,경강선,삼동,2354,2270,4624
2022-01-20,경강선,세종대왕릉,272,266,538
2022-01-20,경강선,신둔도예촌,1271,1222,2493
2022-01-20,경강선,여주,1899,1870,3769
2022-01-20,경강선,이매,1064,893,1957
2022-01-20,경강선,이천,2446,2512,4958
2022-01-20,경강선,초월,2978,2930,5908
2022-01-20,경강선,판교,4767,4681,9448
2022-01-20,경부선,가산디지털단지,18423,21402,39825
2022-01-20,경부선,관악,6932,6526,13458
2022-01-20,경부선,광명,3191,2896,6087
2022-01-20,경부선,구로,18212,18459,36671
2022-01-20,경부선,군포,7657,7689,15346
2022-01-20,경부선,금정,26415,26791,53206
2022-01-20,경부선,금천구청,11684,11744,23428
2022-01-20,경부선,남영,8976,9393,18369
2022-01-20,경부선,노량진,7970,7996,15966
2022-01-20,경부선,당정,5971,5683,11654
2022-01-20,경부선,대방,12924,13231,26155
2022-01-20,경부선,독산,18975,20041,39016
2022-01-20,경부선,두정,4458,4429,8887
2022-01-20,경부선,명학,8999,9028,18027
2022-01-20,경부선,병점,13259,13030,26289
2022-01-20,경부선,서동탄,1362,1209,2571
2022-01-20,경부선,서울역,6051,1972,8023
2022-01-20,경부선,서정리,6050,5602,11652
2022-01-20,경부선,석수,9503,8390,17893
2022-01-20,경부선,성균관대,13309,13378,26687
2022-01-20,경부선,성환,2708,2643,5351
2022-01-20,경부선,세류,2875,2561,5436
2022-01-20,경부선,세마,2554,2432,4986
2022-01-20,경부선,송탄,3703,3700,7403
2022-01-20,경부선,수원,30799,32832,63631
2022-01-20,경부선,신길,8818,7494,16312
2022-01-20,경부선,신도림,4100,3975,8075
2022-01-20,경부선,안양,20525,20376,40901
2022-01-20,경부선,영등포,36272,37104,73376
2022-01-20,경부선,오산,8969,8775,17744
2022-01-20,경부선,오산대,3171,2862,6033
2022-01-20,경부선,용산,32552,32575,65127
2022-01-20,경부선,의왕,9020,8950,17970
2022-01-20,경부선,직산,699,675,1374
2022-01-20,경부선,진위,1514,1342,2856
2022-01-20,경부선,천안,4242,4416,8658
2022-01-20,경부선,평택,9894,9817,19711
2022-01-20,경부선,평택지제,3187,3093,6280
2022-01-20,경부선,화서,7779,7481,15260
2022-01-20,경원선,가능,6215,6022,12237
2022-01-20,경원선,광운대,7257,7176,14433
2022-01-20,경원선,녹양,4249,4034,8283
2022-01-20,경원선,녹천,4550,3866,8416
2022-01-20,경원선,덕계,2832,2577,5409
2022-01-20,경원선,덕정,4757,4686,9443
2022-01-20,경원선,도봉,5958,5843,11801
2022-01-20,경원선,도봉산,6938,4184,11122
2022-01-20,경원선,동두천,1913,2171,4084
2022-01-20,경원선,동두천중앙,2992,2937,5929
2022-01-20,경원선,망월사,7036,7077,14113
2022-01-20,경원선,방학,9334,9153,18487
2022-01-20,경원선,보산,1262,1205,2467
2022-01-20,경원선,서빙고,1958,1899,3857
2022-01-20,경원선,석계,7847,8810,16657
2022-01-20,경원선,소요산,2047,1883,3930
2022-01-20,경원선,신이문,8185,7736,15921
2022-01-20,경원선,양주,7052,6674,13726
2022-01-20,경원선,옥수,52,36,88
2022-01-20,경원선,왕십리,13223,15294,28517
2022-01-20,경원선,외대앞,6897,7046,13943
2022-01-20,경원선,월계,6149,5913,12062
2022-01-20,경원선,응봉,1821,1554,3375
2022-01-20,경원선,의정부,17234,17586,34820
2022-01-20,경원선,이촌,3665,2861,6526
2022-01-20,경원선,지행,5995,5959,11954
2022-01-20,경원선,청량리,14595,15085,29680
2022-01-20,경원선,한남,4062,3832,7894
2022-01-20,경원선,회룡,12184,12069,24253
2022-01-20,경의선,가좌,5255,5170,10425
2022-01-20,경의선,강매,3141,2756,5897
2022-01-20,경의선,곡산,543,535,1078
2022-01-20,경의선,공덕,3565,3043,6608
2022-01-20,경의선,금릉,4527,4344,8871
2022-01-20,경의선,금촌,5920,5997,11917
2022-01-20,경의선,능곡,3754,3358,7112
2022-01-20,경의선,디지털미디어시티,2479,2289,4768
2022-01-20,경의선,문산,4545,4759,9304
2022-01-20,경의선,백마,6780,6546,13326
2022-01-20,경의선,서강대,2036,2013,4049
2022-01-20,경의선,서울역,4259,5342,9601
2022-01-20,경의선,수색,2802,2879,5681
2022-01-20,경의선,신촌,778,962,1740
2022-01-20,경의선,야당,7220,6970,14190
2022-01-20,경의선,운정,6589,6331,12920
2022-01-20,경의선,월롱,2498,2190,4688
2022-01-20,경의선,일산,8991,8958,17949
2022-01-20,경의선,임진강,8,2,10
2022-01-20,경의선,탄현,7654,7471,15125
2022-01-20,경의선,파주,903,708,1611
2022-01-20,경의선,풍산,5421,5072,10493
2022-01-20,경의선,행신,7653,7730,15383
2022-01-20,경의선,홍대입구,1632,1941,3573
2022-01-20,경의선,화전,1517,1393,2910
2022-01-20,경의선,효창공원앞,2986,3376,6362
2022-01-20,경인선,간석,5607,5341,10948
2022-01-20,경인선,개봉,21142,21140,42282
2022-01-20,경인선,구일,5965,6078,12043
2022-01-20,경인선,도원,2434,2497,4931
2022-01-20,경인선,도화,4097,3814,7911
2022-01-20,경인선,동암,14131,14286,28417
2022-01-20,경인선,동인천,13596,12843,26439
2022-01-20,경인선,백운,6603,6640,13243
2022-01-20,경인선,부개,8219,7849,16068
2022-01-20,경인선,부천,31545,31522,63067
2022-01-20,경인선,부평,28425,29987,58412
2022-01-20,경인선,소사,8221,8055,16276
2022-01-20,경인선,송내,26437,26176,52613
2022-01-20,경인선,역곡,26343,26243,52586
2022-01-20,경인선,오류동,11545,10905,22450
2022-01-20,경인선,온수,5995,5913,11908
2022-01-20,경인선,인천,3068,2321,5389
2022-01-20,경인선,제물포,9820,9322,19142
2022-01-20,경인선,주안,17642,16155,33797
2022-01-20,경인선,중동,9162,8683,17845
2022-01-20,경춘선,가평,1438,1519,2957
2022-01-20,경춘선,갈매,3063,2684,5747
2022-01-20,경춘선,강촌,328,295,623
2022-01-20,경춘선,굴봉산,114,116,230
2022-01-20,경춘선,금곡,1401,1320,2721
2022-01-20,경춘선,김유정,260,248,508
2022-01-20,경춘선,남춘천,2106,2125,4231
2022-01-20,경춘선,대성리,384,360,744
2022-01-20,경춘선,마석,3424,3436,6860
2022-01-20,경춘선,백양리,326,254,580
2022-01-20,경춘선,별내,3293,3140,6433
2022-01-20,경춘선,사릉,3017,2922,5939
2022-01-20,경춘선,상천,182,164,346
2022-01-20,경춘선,신내,1911,1822,3733
2022-01-20,경춘선,천마산,1502,1400,2902
2022-01-20,경춘선,청평,1451,1387,2838
2022-01-20,경춘선,춘천,1054,922,1976
2022-01-20,경춘선,퇴계원,3507,3275,6782
2022-01-20,경춘선,평내호평,5807,5663,11470
2022-01-20,공항철도,검암,6673,6628,13301
2022-01-20,공항철도,계양,10253,9443,19696
2022-01-20,공항철도,공덕,2297,2980,5277
2022-01-20,공항철도,공항화물청사,2338,2546,4884
2022-01-20,공항철도,김포공항,11995,6361,18356
2022-01-20,공항철도,디지털미디어시티,14688,13248,27936
2022-01-20,공항철도,마곡나루,8821,8437,17258
2022-01-20,공항철도,서울역,7493,6907,14400
2022-01-20,공항철도,영종,2855,2866,5721
2022-01-20,공항철도,운서,6294,6222,12516
2022-01-20,공항철도,인천공항1터미널,3306,3673,6979
2022-01-20,공항철도,인천공항2터미널,2125,2125,4250
2022-01-20,공항철도,청라국제도시,6863,6463,13326
2022-01-20,공항철도,홍대입구,9702,9632,19334
2022-01-20,과천선,경마공원,1345,1418,2763
2022-01-20,과천선,과천,6144,5757,11901
2022-01-20,과천선,대공원,2320,2432,4752
2022-01-20,과천선,범계,25702,25247,50949
2022-01-20,과천선,선바위,8184,7192,15376
2022-01-20,과천선,인덕원,24389,25610,49999
2022-01-20,과천선,정부과천청사,10797,10709,21506
2022-01-20,과천선,평촌,18209,18092,36301
2022-01-20,분당선,가천대,6347,7219,13566
2022-01-20,분당선,강남구청,10739,12153,22892
2022-01-20,분당선,개포동,3634,3838,7472
2022-01-20,분당선,구룡,1935,1926,3861
2022-01-20,분당선,구성,5219,5346,10565
2022-01-20,분당선,기흥,9604,9082,18686
2022-01-20,분당선,대모산입구,4504,4199,8703
2022-01-20,분당선,도곡,6978,6865,13843
2022-01-20,분당선,망포,14665,13829,28494
2022-01-20,분당선,매교,2679,2754,5433
2022-01-20,분당선,매탄권선,4886,4682,9568
2022-01-20,분당선,모란,19618,19734,39352
2022-01-20,분당선,미금,15705,16716,32421
2022-01-20,분당선,보정,2510,2185,4695
2022-01-20,분당선,복정,1,0,1
2022-01-20,분당선,상갈,5174,5055,10229
2022-01-20,분당선,서울숲,10799,11054,21853
2022-01-20,분당선,서현,25053,25322,50375
2022-01-20,분당선,선릉,14380,21488,35868
2022-01-20,분당선,선정릉,8536,8975,17511
2022-01-20,분당선,수내,13827,14014,27841
2022-01-20,분당선,수서,13793,14278,28071
2022-01-20,분당선,수원,7818,6468,14286
2022-01-20,분당선,수원시청,12743,13487,26230
2022-01-20,분당선,신갈,4549,4604,9153
2022-01-20,분당선,압구정로데오,20051,21659,41710
2022-01-20,분당선,야탑,26294,27386,53680
2022-01-20,분당선,영통,8354,8374,16728
2022-01-20,분당선,오리,12310,10151,22461
2022-01-20,분당선,이매,5645,5412,11057
2022-01-20,분당선,정자,17990,19101,37091
2022-01-20,분당선,죽전,13071,14363,27434
2022-01-20,분당선,청명,4206,4030,8236
2022-01-20,분당선,태평,13535,13057,26592
2022-01-20,분당선,한티,15425,16443,31868
2022-01-20,수인선,고색,4553,4314,8867
2022-01-20,수인선,남동인더스파크,2365,2694,5059
2022-01-20,수인선,달월,89,42,131
2022-01-20,수인선,사리,4351,3948,8299
2022-01-20,수인선,소래포구,4726,4426,9152
2022-01-20,수인선,송도,2439,2279,4718
2022-01-20,수인선,숭의,3863,3633,7496
2022-01-20,수인선,신포,1714,1686,3400
2022-01-20,수인선,야목,302,245,547
2022-01-20,수인선,어천,654,659,1313
2022-01-20,수인선,연수,4304,4333,8637
2022-01-20,수인선,오목천,2646,2459,5105
2022-01-20,수인선,원인재,4320,4473,8793
2022-01-20,수인선,월곶,2622,2459,5081
2022-01-20,수인선,인천,1007,1613,2620
2022-01-20,수인선,인천논현,5382,5680,11062
2022-01-20,수인선,인하대,5485,5272,10757
2022-01-20,수인선,호구포,3966,4147,8113
2022-01-20,안산선,고잔,8744,8380,17124
2022-01-20,안산선,대야미,4775,4225,9000
2022-01-20,안산선,반월,3970,3844,7814
2022-01-20,안산선,산본,15479,16391,31870
2022-01-20,안산선,상록수,14790,15101,29891
2022-01-20,안산선,수리산,3978,3251,7229
2022-01-20,안산선,신길온천,1582,1478,3060
2022-01-20,안산선,안산,11092,9908,21000
2022-01-20,안산선,오이도,7630,7385,15015
2022-01-20,안산선,정왕,7283,7711,14994
2022-01-20,안산선,중앙,17418,17885,35303
2022-01-20,안산선,초지,4371,4551,8922
2022-01-20,안산선,한대앞,8332,8303,16635
2022-01-20,우이신설선,4.19민주묘지,2670,2596,5266
2022-01-20,우이신설선,가오리,3979,3996,7975
2022-01-20,우이신설선,보문,1518,1493,3011
2022-01-20,우이신설선,북한산보국문,5909,5544,11453
2022-01-20,우이신설선,북한산우이,2506,2265,4771
2022-01-20,우이신설선,삼양,1976,2044,4020
2022-01-20,우이신설선,삼양사거리,2427,2455,4882
2022-01-20,우이신설선,성신여대입구,3289,3547,6836
2022-01-20,우이신설선,솔밭공원,2421,2289,4710
2022-01-20,우이신설선,솔샘,5835,5636,11471
2022-01-20,우이신설선,신설동,2143,2097,4240
2022-01-20,우이신설선,정릉,4506,4159,8665
2022-01-20,우이신설선,화계,3378,3147,6525
2022-01-20,일산선,대곡,1968,1508,3476
2022-01-20,일산선,대화,12541,9895,22436
2022-01-20,일산선,마두,7473,7542,15015
2022-01-20,일산선,백석,9581,9833,19414
2022-01-20,일산선,삼송,18917,18617,37534
2022-01-20,일산선,원당,10777,10247,21024
2022-01-20,일산선,원흥,10432,9974,20406
2022-01-20,일산선,정발산,7028,6988,14016
2022-01-20,일산선,주엽,8675,8734,17409
2022-01-20,일산선,화정,16673,17066,33739
2022-01-20,장항선,배방,880,847,1727
2022-01-20,장항선,봉명,1076,1062,2138
2022-01-20,장항선,신창,896,826,1722
2022-01-20,장항선,쌍용,1638,1525,3163
2022-01-20,장항선,아산,2477,2283,4760
2022-01-20,장항선,온양온천,3060,3149,6209
2022-01-20,장항선,탕정,426,395,821
2022-01-20,중앙선,구리,13148,13297,26445
2022-01-20,중앙선,국수,567,577,1144
2022-01-20,중앙선,덕소,5287,5384,10671
2022-01-20,중앙선,도농,10279,9441,19720
2022-01-20,중앙선,도심,2226,1716,3942
2022-01-20,중앙선,망우,7488,7502,14990
2022-01-20,중앙선,상봉,5642,5522,11164
2022-01-20,중앙선,신원,166,136,302
2022-01-20,중앙선,아신,462,477,939
2022-01-20,중앙선,양수,1561,1577,3138
2022-01-20,중앙선,양원,1974,1861,3835
2022-01-20,중앙선,양정,689,620,1309
2022-01-20,중앙선,양평,2393,2374,4767
2022-01-20,중앙선,오빈,255,248,503
2022-01-20,중앙선,용문,2196,2269,4465
2022-01-20,중앙선,운길산,548,498,1046
2022-01-20,중앙선,원덕,286,297,583
2022-01-20,중앙선,중랑,5463,5324,10787
2022-01-20,중앙선,지평,67,58,125
2022-01-20,중앙선,팔당,725,760,1485
2022-01-20,중앙선,회기,23184,22547,45731
2022-01-21,1호선,동대문,11068,10066,21134
2022-01-21,1호선,동묘앞,7810,8186,15996
2022-01-21,1호선,서울역,46637,44427,91064
2022-01-21,1호선,시청,22081,22228,44309
2022-01-21,1호선,신설동,14300,13665,27965
2022-01-21,1호선,제기동,19997,20638,40635
2022-01-21,1호선,종각,36003,34974,70977
2022-01-21,1호선,종로3가,26719,24562,51281
2022-01-21,1호선,종로5가,23292,22980,46272
2022-01-21,1호선,청량리,21669,21812,43481
2022-01-21,2호선,강남,92932,91167,184099
2022-01-21,2호선,강변,31486,30514,62000
2022-01-21,2호선,건대입구,37184,39631,76815
2022-01-21,2호선,교대,35779,40689,76468
2022-01-21,2호선,구로디지털단지,60224,60333,120557
2022-01-21,2호선,구의,24357,24180,48537
2022-01-21,2호선,낙성대,27391,26265,53656
2022-01-21,2호선,당산,18649,21227,39876
2022-01-21,2호선,대림,23870,24356,48226
2022-01-21,2호선,도림천,1386,1443,2829
2022-01-21,2호선,동대문역사문화공원,11723,13166,24889
2022-01-21,2호선,뚝섬,23137,24339,47476
2022-01-21,2호선,문래,21519,22047,43566
2022-01-21,2호선,방배,16490,17151,33641
2022-01-21,2호선,봉천,24029,22448,46477
2022-01-21,2호선,사당,38617,42109,80726
2022-01-21,2호선,삼성,56085,56247,112332
2022-01-21,2호선,상왕십리,14523,14192,28715
2022-01-21,2호선,서울대입구,48684,47559,96243
2022-01-21,2호선,서초,22413,21602,44015
2022-01-21,2호선,선릉,57932,51335,109267
2022-01-21,2호선,성수,38604,41760,80364
2022-01-21,2호선,시청,23783,22915,46698
2022-01-21,2호선,신답,1701,1918,3619
2022-01-21,2호선,신당,14019,14446,28465
2022-01-21,2호선,신대방,26493,25795,52288
2022-01-21,2호선,신도림,48182,47848,96030
2022-01-21,2호선,신림,64508,63198,127706
2022-01-21,2호선,신설동,3684,3827,7511
2022-01-21,2호선,신정네거리,10491,10958,21449
2022-01-21,2호선,신촌,33381,34024,67405
2022-01-21,2호선,아현,10267,9775,20042
2022-01-21,2호선,양천구청,7020,7331,14351
2022-01-21,2호선,역삼,53947,59558,113505
2022-01-21,2호선,영등포구청,23396,24073,47469
2022-01-21,2호선,왕십리,16154,13329,29483
2022-01-21,2호선,용답,2731,2715,5446
2022-01-21,2호선,용두,2638,2632,5270
2022-01-21,2호선,을지로3가,23140,22942,46082
2022-01-21,2호선,을지로4가,13506,13335,26841
2022-01-21,2호선,을지로입구,39961,40586,80547
2022-01-21,2호선,이대,13181,13798,26979
2022-01-21,2호선,잠실,70855,69615,140470
2022-01-21,2호선,잠실나루,14987,14366,29353
2022-01-21,2호선,잠실새내,22169,22508,44677
2022-01-21,2호선,종합운동장,7167,7738,14905
2022-01-21,2호선,충정로,9741,10424,20165
2022-01-21,2호선,한양대,6751,6987,13738
2022-01-21,2호선,합정,33005,34126,67131
2022-01-21,2호선,홍대입구,56189,58740,114929
2022-01-21,3호선,가락시장,9758,9466,19224
2022-01-21,3호선,경복궁,19481,19160,38641
2022-01-21,3호선,경찰병원,7643,7704,15347
2022-01-21,3호선,고속터미널,44144,44964,89108
2022-01-21,3호선,교대,15409,9888,25297
2022-01-21,3호선,구파발,20790,19464,40254
2022-01-21,3호선,금호,8290,7661,15951
2022-01-21,3호선,남부터미널,31200,31100,62300
2022-01-21,3호선,녹번,15586,14305,29891
2022-01-21,3호선,대청,10151,9524,19675
2022-01-21,3호선,대치,12363,12197,24560
2022-01-21,3호선,도곡,5478,5485,10963
2022-01-21,3호선,독립문,6997,7070,14067
2022-01-21,3호선,동대입구,7092,7483,14575
2022-01-21,3호선,매봉,12967,12363,25330
2022-01-21,3호선,무악재,3894,3950,7844
2022-01-21,3호선,불광,16121,17358,33479
2022-01-21,3호선,수서,18504,18789,37293
2022-01-21,3호선,신사,34478,35794,70272
2022-01-21,3호선,안국,20548,21120,41668
2022-01-21,3호선,압구정,35809,37898,73707
2022-01-21,3호선,약수,13181,12689,25870
2022-01-21,3호선,양재,41083,43387,84470
2022-01-21,3호선,연신내,36748,34938,71686
2022-01-21,3호선,오금,6400,5611,12011
2022-01-21,3호선,옥수,9155,9604,18759
2022-01-21,3호선,을지로3가,11244,11290,22534
2022-01-21,3호선,일원,10041,9469,19510
2022-01-21,3호선,잠원,5067,4844,9911
2022-01-21,3호선,종로3가,10619,12153,22772
2022-01-21,3호선,지축,4524,4356,8880
2022-01-21,3호선,충무로,1,0,1
2022-01-21,3호선,학여울,1830,1828,3658
2022-01-21,3호선,홍제,17357,16548,33905
2022-01-21,4호선,길음,20628,20695,41323
2022-01-21,4호선,남태령,1270,1094,2364
2022-01-21,4호선,노원,18736,21582,40318
2022-01-21,4호선,당고개,12722,11677,24399
2022-01-21,4호선,동대문,19228,19615,38843
2022-01-21,4호선,동대문역사문화공원,14538,13702,28240
2022-01-21,4호선,동작,1390,1521,2911
2022-01-21,4호선,명동,17877,18700,36577
2022-01-21,4호선,미아,14514,14166,28680
2022-01-21,4호선,미아사거리,27554,27645,55199
2022-01-21,4호선,사당,26270,22040,48310
2022-01-21,4호선,삼각지,5023,5891,10914
2022-01-21,4호선,상계,18300,17754,36054
2022-01-21,4호선,서울역,11151,17816,28967
2022-01-21,4호선,성신여대입구,20198,21328,41526
2022-01-21,4호선,수유,33950,34409,68359
2022-01-21,4호선,숙대입구,12792,12759,25551
2022-01-21,4호선,신용산,17123,17936,35059
2022-01-21,4호선,쌍문,29408,27376,56784
2022-01-21,4호선,이촌,7698,8574,16272
2022-01-21,4호선,창동,27071,28736,55807
2022-01-21,4호선,총신대입구,19515,21302,40817
2022-01-21,4호선,충무로,26038,26625,52663
2022-01-21,4호선,한성대입구,13346,14329,27675
2022-01-21,4호선,혜화,32786,31435,64221
2022-01-21,4호선,회현,24521,25816,50337
2022-01-21,5호선,강동,18976,18173,37149
2022-01-21,5호선,강일,3923,3734,7657
2022-01-21,5호선,개롱,6369,6716,13085
2022-01-21,5호선,개화산,5580,5274,10854
2022-01-21,5호선,거여,9340,8906,18246
2022-01-21,5호선,고덕,9637,9552,19189
2022-01-21,5호선,공덕,14454,15417,29871
2022-01-21,5호선,광나루,13518,12064,25582
2022-01-21,5호선,광화문,29609,30560,60169
2022-01-21,5호선,군자,11610,12819,24429
2022-01-21,5호선,굽은다리,9790,9300,19090
2022-01-21,5호선,길동,8453,8916,17369
2022-01-21,5호선,김포공항,8002,7435,15437
2022-01-21,5호선,까치산,29189,28116,57305
2022-01-21,5호선,답십리,16378,15001,31379
2022-01-21,5호선,동대문역사문화공원,3110,3592,6702
2022-01-21,5호선,둔촌동,8973,9114,18087
2022-01-21,5호선,마곡,11087,11018,22105
2022-01-21,5호선,마장,5958,5806,11764
2022-01-21,5호선,마천,6881,6702,13583
2022-01-21,5호선,마포,14695,15331,30026
2022-01-21,5호선,명일,8721,9088,17809
2022-01-21,5호선,목동,17177,18579,35756
2022-01-21,5호선,미사,16110,16128,32238
2022-01-21,5호선,발산,20228,20678,40906
2022-01-21,5호선,방이,7478,7827,15305
2022-01-21,5호선,방화,6576,6422,12998
2022-01-21,5호선,상일동,15866,14558,30424
2022-01-21,5호선,서대문,18997,19357,38354
2022-01-21,5호선,송정,6660,6332,12992
2022-01-21,5호선,신금호,6415,6602,13017
2022-01-21,5호선,신길,4193,4502,8695
2022-01-21,5호선,신정,14053,11214,25267
2022-01-21,5호선,아차산,14056,13749,27805
2022-01-21,5호선,애오개,6883,6977,13860
2022-01-21,5호선,양평,7702,7612,15314
2022-01-21,5호선,여의나루,9330,10083,19413
2022-01-21,5호선,여의도,29367,30652,60019
2022-01-21,5호선,영등포구청,4002,4145,8147
2022-01-21,5호선,영등포시장,10416,10663,21079
2022-01-21,5호선,오금,3708,3864,7572
2022-01-21,5호선,오목교,22832,24678,47510
2022-01-21,5호선,올림픽공원,4326,3792,8118
2022-01-21,5호선,왕십리,4854,5480,10334
2022-01-21,5호선,우장산,14381,14178,28559
2022-01-21,5호선,을지로4가,6446,6533,12979
2022-01-21,5호선,장한평,18874,18786,37660
2022-01-21,5호선,종로3가,13107,13051,26158
2022-01-21,5호선,천호,19164,18838,38002
2022-01-21,5호선,청구,4118,3697,7815
2022-01-21,5호선,충정로,4738,4740,9478
2022-01-21,5호선,하남검단산,5470,5206,10676
2022-01-21,5호선,하남시청,6555,6407,12962
2022-01-21,5호선,하남풍산,4219,4289,8508
2022-01-21,5호선,행당,8153,7251,15404
2022-01-21,5호선,화곡,28755,26885,55640
2022-01-21,6호선,고려대,7839,7426,15265
2022-01-21,6호선,공덕,19074,18364,37438
2022-01-21,6호선,광흥창,9056,8916,17972
2022-01-21,6호선,구산,7574,5718,13292
2022-01-21,6호선,녹사평,4886,4840,9726
2022-01-21,6호선,대흥,8082,8272,16354
2022-01-21,6호선,독바위,2662,2754,5416
2022-01-21,6호선,돌곶이,9525,8887,18412
2022-01-21,6호선,동묘앞,7935,7935,15870
2022-01-21,6호선,디지털미디어시티,13449,14760,28209
2022-01-21,6호선,마포구청,14566,13233,27799
2022-01-21,6호선,망원,14931,16154,31085
2022-01-21,6호선,버티고개,2043,2097,4140
2022-01-21,6호선,보문,7417,6763,14180
2022-01-21,6호선,봉화산,8965,8437,17402
2022-01-21,6호선,불광,4283,4048,8331
2022-01-21,6호선,삼각지,6590,5888,12478
2022-01-21,6호선,상수,8694,9740,18434
2022-01-21,6호선,상월곡,6262,5645,11907
2022-01-21,6호선,새절,12788,11938,24726
2022-01-21,6호선,석계,12312,12577,24889
2022-01-21,6호선,신당,9013,9299,18312
2022-01-21,6호선,안암,9928,9698,19626
2022-01-21,6호선,약수,3646,3779,7425
2022-01-21,6호선,역촌,3830,4528,8358
2022-01-21,6호선,연신내,1,0,1
2022-01-21,6호선,월곡,11716,11612,23328
2022-01-21,6호선,월드컵경기장,3831,3997,7828
2022-01-21,6호선,응암,17614,17676,35290
2022-01-21,6호선,이태원,10468,10844,21312
2022-01-21,6호선,증산,10174,10018,20192
2022-01-21,6호선,창신,3382,2658,6040
2022-01-21,6호선,청구,3805,4032,7837
2022-01-21,6호선,태릉입구,5574,6047,11621
2022-01-21,6호선,한강진,9800,11026,20826
2022-01-21,6호선,합정,13760,13356,27116
2022-01-21,6호선,화랑대,11713,9125,20838
2022-01-21,6호선,효창공원앞,7010,6386,13396
2022-01-21,7호선,가산디지털단지,46564,45952,92516
2022-01-21,7호선,강남구청,17213,18853,36066
2022-01-21,7호선,건대입구,12674,13151,25825
2022-01-21,7호선,고속터미널,16905,13928,30833
2022-01-21,7호선,공릉,11479,11558,23037
2022-01-21,7호선,광명사거리,22676,22547,45223
2022-01-21,7호선,군자,15345,12307,27652
2022-01-21,7호선,까치울,1,0,1
2022-01-21,7호선,남구로,15744,16954,32698
2022-01-21,7호선,남성,11265,10413,21678
2022-01-21,7호선,내방,14930,15286,30216
2022-01-21,7호선,노원,20786,21282,42068
2022-01-21,7호선,논현,21521,23491,45012
2022-01-21,7호선,대림,7678,7850,15528
2022-01-21,7호선,도봉산,8782,10096,18878
2022-01-21,7호선,뚝섬유원지,7469,7218,14687
2022-01-21,7호선,마들,13011,12327,25338
2022-01-21,7호선,먹골,10326,10047,20373
2022-01-21,7호선,면목,15468,15292,30760
2022-01-21,7호선,반포,6062,5692,11754
2022-01-21,7호선,보라매,9840,9695,19535
2022-01-21,7호선,부천종합운동장,1,0,1
2022-01-21,7호선,사가정,16198,16278,32476
2022-01-21,7호선,상도,10837,10399,21236
2022-01-21,7호선,상동,2,0,2
2022-01-21,7호선,상봉,17358,16563,33921
2022-01-21,7호선,수락산,12515,12144,24659
2022-01-21,7호선,숭실대입구,11431,11644,23075
2022-01-21,7호선,신대방삼거리,16790,15872,32662
2022-01-21,7호선,신중동,1,0,1
2022-01-21,7호선,신풍,11600,11106,22706
2022-01-21,7호선,어린이대공원,12367,12180,24547
2022-01-21,7호선,온수,10035,9122,19157
2022-01-21,7호선,용마산,5960,5788,11748
2022-01-21,7호선,이수,16381,15746,32127
2022-01-21,7호선,장승배기,9290,9076,18366
2022-01-21,7호선,장암,2145,825,2970
2022-01-21,7호선,중계,13970,12508,26478
2022-01-21,7호선,중곡,10672,10198,20870
2022-01-21,7호선,중화,10826,10654,21480
2022-01-21,7호선,천왕,11401,10689,22090
2022-01-21,7호선,철산,21673,22059,43732
2022-01-21,7호선,청담,19990,22447,42437
2022-01-21,7호선,춘의,1,0,1
2022-01-21,7호선,태릉입구,8494,8071,16565
2022-01-21,7호선,하계,17664,16392,34056
2022-01-21,7호선,학동,25296,26530,51826
2022-01-21,8호선,가락시장,8487,9305,17792
2022-01-21,8호선,강동구청,10979,11432,22411
2022-01-21,8호선,남위례,4000,4202,8202
2022-01-21,8호선,남한산성입구,13608,12348,25956
2022-01-21,8호선,단대오거리,10606,10250,20856
2022-01-21,8호선,모란,4345,3430,7775
2022-01-21,8호선,몽촌토성,6240,6346,12586
2022-01-21,8호선,문정,22789,24000,46789
2022-01-21,8호선,복정,9767,8266,18033
2022-01-21,8호선,산성,5385,5325,10710
2022-01-21,8호선,석촌,8067,9399,17466
2022-01-21,8호선,송파,7636,7769,15405
2022-01-21,8호선,수진,5307,4830,10137
2022-01-21,8호선,신흥,4229,4596,8825
2022-01-21,8호선,암사,19429,17291,36720
2022-01-21,8호선,잠실,14519,17005,31524
2022-01-21,8호선,장지,17637,16833,34470
2022-01-21,8호선,천호,15735,18323,34058
2022-01-21,9호선,가양,20678,20113,40791
2022-01-21,9호선,개화,2449,1729,4178
2022-01-21,9호선,고속터미널,12581,16999,29580
2022-01-21,9호선,공항시장,2966,3262,6228
2022-01-21,9호선,구반포,1528,1571,3099
2022-01-21,9호선,국회의사당,17211,17561,34772
2022-01-21,9호선,김포공항,8242,13149,21391
2022-01-21,9호선,노들,4490,3813,8303
2022-01-21,9호선,노량진,27307,26419,53726
2022-01-21,9호선,당산,18997,18999,37996
2022-01-21,9호선,동작,1961,1565,3526
2022-01-21,9호선,등촌,11682,11661,23343
2022-01-21,9호선,마곡나루,12162,12051,24213
2022-01-21,9호선,사평,3639,3496,7135
2022-01-21,9호선,샛강,6194,6265,12459
2022-01-21,9호선,선유도,8991,8597,17588
2022-01-21,9호선,신논현,34993,34956,69949
2022-01-21,9호선,신목동,4148,3672,7820
2022-01-21,9호선,신반포,3438,3268,6706
2022-01-21,9호선,신방화,6864,6498,13362
2022-01-21,9호선,양천향교,9782,9927,19709
2022-01-21,9호선,여의도,29243,27206,56449
2022-01-21,9호선,염창,17715,16996,34711
2022-01-21,9호선,증미,7622,7621,15243
2022-01-21,9호선,흑석,8030,8330,16360
2022-01-21,9호선2~3단계,둔촌오륜,1022,925,1947
2022-01-21,9호선2~3단계,봉은사,17714,17987,35701
2022-01-21,9호선2~3단계,삼성중앙,7025,7430,14455
2022-01-21,9호선2~3단계,삼전,7394,7053,14447
2022-01-21,9호선2~3단계,석촌,8849,7802,16651
2022-01-21,9호선2~3단계,석촌고분,6367,6431,12798
2022-01-21,9호선2~3단계,선정릉,10002,10557,20559
2022-01-21,9호선2~3단계,송파나루,5355,5790,11145
2022-01-21,9호선2~3단계,언주,11515,11547,23062
2022-01-21,9호선2~3단계,올림픽공원,7282,7057,14339
2022-01-21,9호선2~3단계,종합운동장,4586,4508,9094
2022-01-21,9호선2~3단계,중앙보훈병원,10857,9449,20306
2022-01-21,9호선2~3단계,한성백제,2636,2492,5128
2022-01-21,경강선,경기광주,7588,7230,14818
2022-01-21,경강선,곤지암,2315,2130,4445
2022-01-21,경강선,부발,2730,1964,4694
2022-01-21,경강선,삼동,2463,2252,4715
2022-01-21,경강선,세종대왕릉,344,300,644
2022-01-21,경강선,신둔도예촌,1381,1286,2667
2022-01-21,경강선,여주,2067,2154,4221
2022-01-21,경강선,이매,1130,943,2073
2022-01-21,경강선,이천,2842,2875,5717
2022-01-21,경강선,초월,3121,2967,6088
2022-01-21,경강선,판교,4751,4745,9496
2022-01-21,경부선,가산디지털단지,18194,21082,39276
2022-01-21,경부선,관악,7101,6674,13775
2022-01-21,경부선,광명,3625,3234,6859
2022-01-21,경부선,구로,18399,18872,37271
2022-01-21,경부선,군포,7776,7645,15421
2022-01-21,경부선,금정,27071,27578,54649
2022-01-21,경부선,금천구청,11791,12006,23797
2022-01-21,경부선,남영,9291,9768,19059
2022-01-21,경부선,노량진,8714,8875,17589
2022-01-21,경부선,당정,6034,5716,11750
2022-01-21,경부선,대방,12931,13078,26009
2022-01-21,경부선,독산,18791,19535,38326
2022-01-21,경부선,두정,5228,5069,10297
2022-01-21,경부선,명학,8875,8665,17540
2022-01-21,경부선,병점,14235,14182,28417
2022-01-21,경부선,서동탄,1384,1227,2611
2022-01-21,경부선,서울역,7530,2454,9984
2022-01-21,경부선,서정리,7368,5875,13243
2022-01-21,경부선,석수,9663,8666,18329
2022-01-21,경부선,성균관대,14215,13680,27895
2022-01-21,경부선,성환,3119,2917,6036
2022-01-21,경부선,세류,2985,2844,5829
2022-01-21,경부선,세마,2694,2477,5171
2022-01-21,경부선,송탄,4221,3901,8122
2022-01-21,경부선,수원,33957,37033,70990
2022-01-21,경부선,신길,8995,7523,16518
2022-01-21,경부선,신도림,4304,4092,8396
2022-01-21,경부선,안양,20999,21387,42386
2022-01-21,경부선,영등포,39521,41165,80686
2022-01-21,경부선,오산,9825,9552,19377
2022-01-21,경부선,오산대,3273,3065,6338
2022-01-21,경부선,용산,36661,37035,73696
2022-01-21,경부선,의왕,9052,8969,18021
2022-01-21,경부선,직산,813,752,1565
2022-01-21,경부선,진위,1716,1374,3090
2022-01-21,경부선,천안,4844,5023,9867
2022-01-21,경부선,평택,11123,11050,22173
2022-01-21,경부선,평택지제,3771,3252,7023
2022-01-21,경부선,화서,7818,7614,15432
2022-01-21,경원선,가능,6368,6268,12636
2022-01-21,경원선,광운대,7472,7148,14620
2022-01-21,경원선,녹양,4342,4106,8448
2022-01-21,경원선,녹천,4437,3723,8160
2022-01-21,경원선,덕계,3037,2721,5758
2022-01-21,경원선,덕정,5180,4969,10149
2022-01-21,경원선,도봉,6143,5825,11968
2022-01-21,경원선,도봉산,7271,4506,11777
2022-01-21,경원선,동두천,1944,2170,4114
2022-01-21,경원선,동두천중앙,2923,2858,5781
2022-01-21,경원선,망월사,7097,7320,14417
2022-01-21,경원선,방학,9679,9523,19202
2022-01-21,경원선,보산,1258,1178,2436
2022-01-21,경원선,서빙고,2095,1955,4050
2022-01-21,경원선,석계,8225,9153,17378
2022-01-21,경원선,소요산,2278,1949,4227
2022-01-21,경원선,신이문,8396,7765,16161
2022-01-21,경원선,양주,7360,6974,14334
2022-01-21,경원선,옥수,56,30,86
2022-01-21,경원선,왕십리,14179,16678,30857
2022-01-21,경원선,외대앞,7202,7143,14345
2022-01-21,경원선,월계,6286,6005,12291
2022-01-21,경원선,응봉,1922,1653,3575
2022-01-21,경원선,의정부,18140,18951,37091
2022-01-21,경원선,이촌,3726,2912,6638
2022-01-21,경원선,지행,6126,6186,12312
2022-01-21,경원선,청량리,16916,17500,34416
2022-01-21,경원선,한남,4131,3859,7990
2022-01-21,경원선,회룡,12580,12400,24980
2022-01-21,경의선,가좌,5428,5271,10699
2022-01-21,경의선,강매,3088,2731,5819
2022-01-21,경의선,곡산,545,582,1127
2022-01-21,경의선,공덕,3624,3246,6870
2022-01-21,경의선,금릉,4840,4548,9388
2022-01-21,경의선,금촌,6767,6743,13510
2022-01-21,경의선,능곡,3671,3444,7115
2022-01-21,경의선,디지털미디어시티,2438,2305,4743
2022-01-21,경의선,문산,5085,4794,9879
2022-01-21,경의선,백마,6805,6520,13325
2022-01-21,경의선,서강대,2114,2043,4157
2022-01-21,경의선,서울역,4196,5342,9538
2022-01-21,경의선,수색,2724,2787,5511
2022-01-21,경의선,신촌,808,1048,1856
2022-01-21,경의선,야당,7504,7402,14906
2022-01-21,경의선,운정,6845,6523,13368
2022-01-21,경의선,월롱,2808,2134,4942
2022-01-21,경의선,일산,8932,9077,18009
2022-01-21,경의선,임진강,4,3,7
2022-01-21,경의선,탄현,7661,7557,15218
2022-01-21,경의선,파주,976,656,1632
2022-01-21,경의선,풍산,5462,5188,10650
2022-01-21,경의선,행신,7976,8085,16061
2022-01-21,경의선,홍대입구,1787,2086,3873
2022-01-21,경의선,화전,1563,1467,3030
2022-01-21,경의선,효창공원앞,2915,3427,6342
2022-01-21,경인선,간석,5899,5565,11464
2022-01-21,경인선,개봉,21541,21648,43189
2022-01-21,경인선,구일,6033,6081,12114
2022-01-21,경인선,도원,2533,2647,5180
2022-01-21,경인선,도화,4129,3845,7974
2022-01-21,경인선,동암,14646,15038,29684
2022-01-21,경인선,동인천,13739,13075,26814
2022-01-21,경인선,백운,6658,6563,13221
2022-01-21,경인선,부개,8379,7960,16339
2022-01-21,경인선,부천,32397,33158,65555
2022-01-21,경인선,부평,29466,31832,61298
2022-01-21,경인선,소사,8248,8043,16291
2022-01-21,경인선,송내,26300,26454,52754
2022-01-21,경인선,역곡,26692,26526,53218
2022-01-21,경인선,오류동,11708,11165,22873
2022-01-21,경인선,온수,6235,6076,12311
2022-01-21,경인선,인천,3254,2448,5702
2022-01-21,경인선,제물포,10037,9558,19595
2022-01-21,경인선,주안,18269,16584,34853
2022-01-21,경인선,중동,9300,8718,18018
2022-01-21,경춘선,가평,1481,1438,2919
2022-01-21,경춘선,갈매,2974,2653,5627
2022-01-21,경춘선,강촌,306,312,618
2022-01-21,경춘선,굴봉산,128,166,294
2022-01-21,경춘선,금곡,1436,1382,2818
2022-01-21,경춘선,김유정,259,274,533
2022-01-21,경춘선,남춘천,2190,2353,4543
2022-01-21,경춘선,대성리,390,357,747
2022-01-21,경춘선,마석,3551,3578,7129
2022-01-21,경춘선,백양리,306,271,577
2022-01-21,경춘선,별내,3383,3339,6722
2022-01-21,경춘선,사릉,3099,3008,6107
2022-01-21,경춘선,상천,177,178,355
2022-01-21,경춘선,신내,1984,1833,3817
2022-01-21,경춘선,천마산,1587,1447,3034
2022-01-21,경춘선,청평,1437,1487,2924
2022-01-21,경춘선,춘천,1209,1098,2307
2022-01-21,경춘선,퇴계원,3566,3253,6819
2022-01-21,경춘선,평내호평,5882,5782,11664
2022-01-21,공항철도,검암,6713,6689,13402
2022-01-21,공항철도,계양,9938,9492,19430
2022-01-21,공항철도,공덕,2313,3134,5447
2022-01-21,공항철도,공항화물청사,2342,2475,4817
2022-01-21,공항철도,김포공항,13681,6579,20260
2022-01-21,공항철도,디지털미디어시티,14093,12550,26643
2022-01-21,공항철도,마곡나루,8563,7935,16498
2022-01-21,공항철도,서울역,8801,8243,17044
2022-01-21,공항철도,영종,2943,3018,5961
2022-01-21,공항철도,운서,6638,6503,13141
2022-01-21,공항철도,인천공항1터미널,3370,3820,7190
2022-01-21,공항철도,인천공항2터미널,2137,2053,4190
2022-01-21,공항철도,청라국제도시,6852,6499,13351
2022-01-21,공항철도,홍대입구,10129,10441,20570
2022-01-21,과천선,경마공원,5443,5538,10981
2022-01-21,과천선,과천,6192,5945,12137
2022-01-21,과천선,대공원,2364,2498,4862
2022-01-21,과천선,범계,26192,25651,51843
2022-01-21,과천선,선바위,8339,7304,15643
2022-01-21,과천선,인덕원,24705,25947,50652
2022-01-21,과천선,정부과천청사,10848,10712,21560
2022-01-21,과천선,평촌,18012,17748,35760
2022-01-21,분당선,가천대,6636,7215,13851
2022-01-21,분당선,강남구청,11068,12473,23541
2022-01-21,분당선,개포동,3891,4099,7990
2022-01-21,분당선,구룡,1950,1855,3805
2022-01-21,분당선,구성,5093,5397,10490
2022-01-21,분당선,기흥,9877,9509,19386
2022-01-21,분당선,대모산입구,4651,4319,8970
2022-01-21,분당선,도곡,7211,7126,14337
2022-01-21,분당선,망포,15295,14208,29503
2022-01-21,분당선,매교,2746,2849,5595
2022-01-21,분당선,매탄권선,4999,4684,9683
2022-01-21,분당선,모란,20237,20532,40769
2022-01-21,분당선,미금,16240,17137,33377
2022-01-21,분당선,보정,2483,2261,4744
2022-01-21,분당선,상갈,5418,5212,10630
2022-01-21,분당선,서울숲,10935,11099,22034
2022-01-21,분당선,서현,26259,26853,53112
2022-01-21,분당선,선릉,14175,21071,35246
2022-01-21,분당선,선정릉,8513,8780,17293
2022-01-21,분당선,수내,14217,14038,28255
2022-01-21,분당선,수서,14748,15338,30086
2022-01-21,분당선,수원,8424,7187,15611
2022-01-21,분당선,수원시청,13551,14909,28460
2022-01-21,분당선,신갈,4571,4558,9129
2022-01-21,분당선,압구정로데오,21866,23677,45543
2022-01-21,분당선,야탑,26850,27822,54672
2022-01-21,분당선,영통,8703,8856,17559
2022-01-21,분당선,오리,12357,10263,22620
2022-01-21,분당선,이매,5721,5502,11223
2022-01-21,분당선,정자,18242,19345,37587
2022-01-21,분당선,죽전,13793,14735,28528
2022-01-21,분당선,청명,4289,4031,8320
2022-01-21,분당선,태평,13847,13317,27164
2022-01-21,분당선,한티,16052,17015,33067
2022-01-21,수인선,고색,4745,4317,9062
2022-01-21,수인선,남동인더스파크,2364,2592,4956
2022-01-21,수인선,달월,99,58,157
2022-01-21,수인선,사리,4509,4074,8583
2022-01-21,수인선,소래포구,4862,4668,9530
2022-01-21,수인선,송도,2487,2379,4866
2022-01-21,수인선,숭의,3927,3667,7594
2022-01-21,수인선,신포,1729,1786,3515
2022-01-21,수인선,야목,350,277,627
2022-01-21,수인선,어천,738,728,1466
2022-01-21,수인선,연수,4526,4548,9074
2022-01-21,수인선,오목천,2837,2645,5482
2022-01-21,수인선,원인재,4567,4681,9248
2022-01-21,수인선,월곶,2537,2330,4867
2022-01-21,수인선,인천,994,1641,2635
2022-01-21,수인선,인천논현,5453,5923,11376
2022-01-21,수인선,인하대,5674,5351,11025
2022-01-21,수인선,호구포,4020,4222,8242
2022-01-21,안산선,고잔,8754,8337,17091
2022-01-21,안산선,대야미,4890,4336,9226
2022-01-21,안산선,반월,4084,3969,8053
2022-01-21,안산선,산본,15770,17000,32770
2022-01-21,안산선,상록수,15013,15381,30394
2022-01-21,안산선,수리산,4139,3302,7441
2022-01-21,안산선,신길온천,1662,1555,3217
2022-01-21,안산선,안산,11388,10497,21885
2022-01-21,안산선,오이도,8101,8078,16179
2022-01-21,안산선,정왕,8600,8636,17236
2022-01-21,안산선,중앙,18217,18934,37151
2022-01-21,안산선,초지,4436,4531,8967
2022-01-21,안산선,한대앞,8606,8755,17361
2022-01-21,우이신설선,4.19민주묘지,3032,2778,5810
2022-01-21,우이신설선,가오리,4139,3979,8118
2022-01-21,우이신설선,보문,1505,1451,2956
2022-01-21,우이신설선,북한산보국문,6132,5874,12006
2022-01-21,우이신설선,북한산우이,2476,2132,4608
2022-01-21,우이신설선,삼양,2068,2180,4248
2022-01-21,우이신설선,삼양사거리,2553,2590,5143
2022-01-21,우이신설선,성신여대입구,3775,3854,7629
2022-01-21,우이신설선,솔밭공원,2399,2254,4653
2022-01-21,우이신설선,솔샘,5876,5450,11326
2022-01-21,우이신설선,신설동,2255,2118,4373
2022-01-21,우이신설선,정릉,4759,4334,9093
2022-01-21,우이신설선,화계,3402,3207,6609
2022-01-21,일산선,대곡,1934,1505,3439
2022-01-21,일산선,대화,12566,10118,22684
2022-01-21,일산선,마두,7604,7773,15377
2022-01-21,일산선,백석,9978,10172,20150
2022-01-21,일산선,삼송,19283,19018,38301
2022-01-21,일산선,원당,11022,10553,21575
2022-01-21,일산선,원흥,10518,9881,20399
2022-01-21,일산선,정발산,7469,7557,15026
2022-01-21,일산선,주엽,9032,9050,18082
2022-01-21,일산선,화정,17084,17397,34481
2022-01-21,장항선,배방,1005,895,1900
2022-01-21,장항선,봉명,1128,1064,2192
2022-01-21,장항선,신창,1039,891,1930
2022-01-21,장항선,쌍용,1712,1545,3257
2022-01-21,장항선,아산,2880,2815,5695
2022-01-21,장항선,온양온천,3396,3520,6916
2022-01-21,장항선,탕정,457,392,849
2022-01-21,중앙선,구리,13593,14005,27598
2022-01-21,중앙선,국수,585,613,1198
2022-01-21,중앙선,덕소,5472,5500,10972
2022-01-21,중앙선,도농,10290,9427,19717
2022-01-21,중앙선,도심,2235,1770,4005
2022-01-21,중앙선,망우,7694,7617,15311
2022-01-21,중앙선,상봉,5901,5867,11768
2022-01-21,중앙선,신원,161,160,321
2022-01-21,중앙선,아신,537,528,1065
2022-01-21,중앙선,양수,1641,1627,3268
2022-01-21,중앙선,양원,2003,1951,3954
2022-01-21,중앙선,양정,623,556,1179
2022-01-21,중앙선,양평,2450,2501,4951
2022-01-21,중앙선,오빈,280,280,560
2022-01-21,중앙선,용문,1446,1546,2992
2022-01-21,중앙선,운길산,555,521,1076
2022-01-21,중앙선,원덕,307,321,628
2022-01-21,중앙선,중랑,5643,5305,10948
2022-01-21,중앙선,지평,54,63,117
2022-01-21,중앙선,팔당,780,819,1599
2022-01-21,중앙선,회기,23723,22802,46525
2022-01-24,1호선,동대문,10477,9794,20271
2022-01-24,1호선,동묘앞,7115,7417,14532
2022-01-24,1호선,서울역,41306,39822,81128
2022-01-24,1호선,시청,21013,21267,42280
2022-01-24,1호선,신설동,13549,13040,26589
2022-01-24,1호선,제기동,19915,20683,40598
2022-01-24,1호선,종각,34229,33503,67732
2022-01-24,1호선,종로3가,24867,22725,47592
2022-01-24,1호선,종로5가,21737,21575,43312
2022-01-24,1호선,청량리,20846,21012,41858
2022-01-24,2호선,강남,87455,85914,173369
2022-01-24,2호선,강변,29253,27957,57210
2022-01-24,2호선,건대입구,33272,35081,68353
2022-01-24,2호선,교대,33998,38309,72307
2022-01-24,2호선,구로디지털단지,59992,60197,120189
2022-01-24,2호선,구의,23327,23137,46464
2022-01-24,2호선,낙성대,26305,25955,52260
2022-01-24,2호선,당산,17910,20787,38697
2022-01-24,2호선,대림,23866,24506,48372
2022-01-24,2호선,도림천,1425,1459,2884
2022-01-24,2호선,동대문역사문화공원,10526,12018,22544
2022-01-24,2호선,뚝섬,21602,23399,45001
2022-01-24,2호선,문래,21413,21805,43218
2022-01-24,2호선,방배,16018,16620,32638
2022-01-24,2호선,봉천,23519,22260,45779
2022-01-24,2호선,사당,34740,37793,72533
2022-01-24,2호선,삼성,51731,52110,103841
2022-01-24,2호선,상왕십리,14008,13747,27755
2022-01-24,2호선,서울대입구,46284,46019,92303
2022-01-24,2호선,서초,21833,21489,43322
2022-01-24,2호선,선릉,57972,51638,109610
2022-01-24,2호선,성수,38072,40892,78964
2022-01-24,2호선,시청,23356,22691,46047
2022-01-24,2호선,신답,1652,1956,3608
2022-01-24,2호선,신당,13272,13689,26961
2022-01-24,2호선,신대방,25842,25183,51025
2022-01-24,2호선,신도림,45960,45048,91008
2022-01-24,2호선,신림,61664,60370,122034
2022-01-24,2호선,신설동,3259,3414,6673
2022-01-24,2호선,신정네거리,10224,10633,20857
2022-01-24,2호선,신촌,30584,31417,62001
2022-01-24,2호선,아현,9899,9503,19402
2022-01-24,2호선,양천구청,6740,7119,13859
2022-01-24,2호선,역삼,54845,61050,115895
2022-01-24,2호선,영등포구청,23502,24051,47553
2022-01-24,2호선,왕십리,15088,12382,27470
2022-01-24,2호선,용답,2643,2621,5264
2022-01-24,2호선,용두,2578,2704,5282
2022-01-24,2호선,을지로3가,22157,21988,44145
2022-01-24,2호선,을지로4가,13106,13053,26159
2022-01-24,2호선,을지로입구,38792,39527,78319
2022-01-24,2호선,이대,12397,13002,25399
2022-01-24,2호선,잠실,65603,65223,130826
2022-01-24,2호선,잠실나루,14717,14353,29070
2022-01-24,2호선,잠실새내,20857,20648,41505
2022-01-24,2호선,종합운동장,7851,8444,16295
2022-01-24,2호선,충정로,9811,10317,20128
2022-01-24,2호선,한양대,6735,7138,13873
2022-01-24,2호선,합정,29409,30278,59687
2022-01-24,2호선,홍대입구,49818,50731,100549
2022-01-24,3호선,가락시장,9239,9213,18452
2022-01-24,3호선,경복궁,18578,18599,37177
2022-01-24,3호선,경찰병원,7695,7734,15429
2022-01-24,3호선,고속터미널,37539,35783,73322
2022-01-24,3호선,교대,14484,9377,23861
2022-01-24,3호선,구파발,20272,19057,39329
2022-01-24,3호선,금호,7815,7478,15293
2022-01-24,3호선,남부터미널,28256,28926,57182
2022-01-24,3호선,녹번,15184,14103,29287
2022-01-24,3호선,대청,9902,9330,19232
2022-01-24,3호선,대치,11804,11676,23480
2022-01-24,3호선,도곡,5364,5472,10836
2022-01-24,3호선,독립문,6323,6510,12833
2022-01-24,3호선,동대입구,6759,7046,13805
2022-01-24,3호선,매봉,12707,12245,24952
2022-01-24,3호선,무악재,3876,3887,7763
2022-01-24,3호선,불광,15699,16677,32376
2022-01-24,3호선,수서,16492,17060,33552
2022-01-24,3호선,신사,32042,33099,65141
2022-01-24,3호선,안국,18869,19301,38170
2022-01-24,3호선,압구정,32305,34341,66646
2022-01-24,3호선,약수,12660,12335,24995
2022-01-24,3호선,양재,38528,42207,80735
2022-01-24,3호선,연신내,35447,33699,69146
2022-01-24,3호선,오금,6249,5697,11946
2022-01-24,3호선,옥수,8647,9061,17708
2022-01-24,3호선,을지로3가,10513,10694,21207
2022-01-24,3호선,일원,10206,9951,20157
2022-01-24,3호선,잠원,4697,4589,9286
2022-01-24,3호선,종로3가,10168,11526,21694
2022-01-24,3호선,지축,4409,4299,8708
2022-01-24,3호선,충무로,2,0,2
2022-01-24,3호선,학여울,1771,1782,3553
2022-01-24,3호선,홍제,16672,15886,32558
2022-01-24,4호선,길음,19473,19235,38708
2022-01-24,4호선,남태령,1073,920,1993
2022-01-24,4호선,노원,17935,19847,37782
2022-01-24,4호선,당고개,12413,11295,23708
2022-01-24,4호선,동대문,18765,19329,38094
2022-01-24,4호선,동대문역사문화공원,14049,12913,26962
2022-01-24,4호선,동작,1423,1549,2972
2022-01-24,4호선,명동,16618,16914,33532
2022-01-24,4호선,미아,14356,13976,28332
2022-01-24,4호선,미아사거리,26696,25958,52654
2022-01-24,4호선,사당,23653,19408,43061
2022-01-24,4호선,삼각지,4607,5002,9609
2022-01-24,4호선,상계,18420,17349,35769
2022-01-24,4호선,서울역,10864,15442,26306
2022-01-24,4호선,성신여대입구,18677,18122,36799
2022-01-24,4호선,수유,32610,32765,65375
2022-01-24,4호선,숙대입구,11710,11631,23341
2022-01-24,4호선,신용산,16064,16987,33051
2022-01-24,4호선,쌍문,28862,26646,55508
2022-01-24,4호선,이촌,7022,7837,14859
2022-01-24,4호선,창동,25062,26335,51397
2022-01-24,4호선,총신대입구,18300,19705,38005
2022-01-24,4호선,충무로,25413,26315,51728
2022-01-24,4호선,한성대입구,12282,11968,24250
2022-01-24,4호선,혜화,29518,29506,59024
2022-01-24,4호선,회현,23156,24589,47745
2022-01-24,5호선,강동,18451,17814,36265
2022-01-24,5호선,강일,3918,3860,7778
2022-01-24,5호선,개롱,6292,6575,12867
2022-01-24,5호선,개화산,5552,5288,10840
2022-01-24,5호선,거여,9293,8873,18166
2022-01-24,5호선,고덕,9248,9492,18740
2022-01-24,5호선,공덕,14091,14916,29007
2022-01-24,5호선,광나루,12908,11788,24696
2022-01-24,5호선,광화문,29031,29914,58945
2022-01-24,5호선,군자,10845,11882,22727
2022-01-24,5호선,굽은다리,9399,9074,18473
2022-01-24,5호선,길동,8134,8447,16581
2022-01-24,5호선,김포공항,7115,6921,14036
2022-01-24,5호선,까치산,28659,27512,56171
2022-01-24,5호선,답십리,16044,14694,30738
2022-01-24,5호선,동대문역사문화공원,3146,3566,6712
2022-01-24,5호선,둔촌동,8690,8563,17253
2022-01-24,5호선,마곡,11083,10908,21991
2022-01-24,5호선,마장,5886,5500,11386
2022-01-24,5호선,마천,6857,6747,13604
2022-01-24,5호선,마포,14707,14985,29692
2022-01-24,5호선,명일,8524,8844,17368
2022-01-24,5호선,목동,16531,18257,34788
2022-01-24,5호선,미사,15806,15634,31440
2022-01-24,5호선,발산,20517,20751,41268
2022-01-24,5호선,방이,7070,7256,14326
2022-01-24,5호선,방화,6427,6176,12603
2022-01-24,5호선,상일동,15501,14292,29793
2022-01-24,5호선,서대문,19021,19398,38419
2022-01-24,5호선,송정,6544,6086,12630
2022-01-24,5호선,신금호,6215,6540,12755
2022-01-24,5호선,신길,4115,4566,8681
2022-01-24,5호선,신정,13861,11199,25060
2022-01-24,5호선,아차산,13347,12961,26308
2022-01-24,5호선,애오개,6758,6832,13590
2022-01-24,5호선,양평,7723,7786,15509
2022-01-24,5호선,여의나루,9572,10712,20284
2022-01-24,5호선,여의도,29890,30836,60726
2022-01-24,5호선,영등포구청,4071,4266,8337
2022-01-24,5호선,영등포시장,10073,10312,20385
2022-01-24,5호선,오금,3752,3698,7450
2022-01-24,5호선,오목교,22030,23449,45479
2022-01-24,5호선,올림픽공원,4031,3595,7626
2022-01-24,5호선,왕십리,4625,5012,9637
2022-01-24,5호선,우장산,13919,13826,27745
2022-01-24,5호선,을지로4가,6353,6488,12841
2022-01-24,5호선,장한평,18694,18503,37197
2022-01-24,5호선,종로3가,12075,11798,23873
2022-01-24,5호선,천호,17334,17470,34804
2022-01-24,5호선,청구,4061,3652,7713
2022-01-24,5호선,충정로,4878,4901,9779
2022-01-24,5호선,하남검단산,5291,5191,10482
2022-01-24,5호선,하남시청,6656,6438,13094
2022-01-24,5호선,하남풍산,4179,4124,8303
2022-01-24,5호선,행당,7994,7229,15223
2022-01-24,5호선,화곡,28259,26524,54783
2022-01-24,6호선,고려대,7412,7260,14672
2022-01-24,6호선,공덕,18532,17850,36382
2022-01-24,6호선,광흥창,8872,8634,17506
2022-01-24,6호선,구산,7436,5707,13143
2022-01-24,6호선,녹사평,4259,4183,8442
2022-01-24,6호선,대흥,7796,8114,15910
2022-01-24,6호선,독바위,2676,2836,5512
2022-01-24,6호선,돌곶이,9313,8749,18062
2022-01-24,6호선,동묘앞,7493,7736,15229
2022-01-24,6호선,디지털미디어시티,13604,14960,28564
2022-01-24,6호선,마포구청,14081,12956,27037
2022-01-24,6호선,망원,13569,14367,27936
2022-01-24,6호선,버티고개,2005,2058,4063
2022-01-24,6호선,보문,6914,6420,13334
2022-01-24,6호선,봉화산,8778,8125,16903
2022-01-24,6호선,불광,3961,3926,7887
2022-01-24,6호선,삼각지,5657,5034,10691
2022-01-24,6호선,상수,7475,8242,15717
2022-01-24,6호선,상월곡,6204,5666,11870
2022-01-24,6호선,새절,12260,11537,23797
2022-01-24,6호선,석계,11820,12321,24141
2022-01-24,6호선,신당,7344,7788,15132
2022-01-24,6호선,안암,9656,9796,19452
2022-01-24,6호선,약수,3519,3543,7062
2022-01-24,6호선,역촌,3757,4477,8234
2022-01-24,6호선,연신내,1,0,1
2022-01-24,6호선,월곡,11584,11494,23078
2022-01-24,6호선,월드컵경기장,4014,4141,8155
2022-01-24,6호선,응암,17196,17173,34369
2022-01-24,6호선,이태원,8430,8598,17028
2022-01-24,6호선,증산,10008,9969,19977
2022-01-24,6호선,창신,3215,2655,5870
2022-01-24,6호선,청구,3517,3908,7425
2022-01-24,6호선,태릉입구,5233,5581,10814
2022-01-24,6호선,한강진,6690,7427,14117
2022-01-24,6호선,합정,12189,11914,24103
2022-01-24,6호선,화랑대,11493,8985,20478
2022-01-24,6호선,효창공원앞,6712,6153,12865
2022-01-24,7호선,가산디지털단지,47964,48049,96013
2022-01-24,7호선,강남구청,16292,17880,34172
2022-01-24,7호선,건대입구,11675,12527,24202
2022-01-24,7호선,고속터미널,15878,13176,29054
2022-01-24,7호선,공릉,11058,11244,22302
2022-01-24,7호선,광명사거리,22055,21699,43754
2022-01-24,7호선,군자,14657,11934,26591
2022-01-24,7호선,까치울,1,0,1
2022-01-24,7호선,남구로,16415,17155,33570
2022-01-24,7호선,남성,11043,10252,21295
2022-01-24,7호선,내방,14696,14965,29661
2022-01-24,7호선,노원,19220,20208,39428
2022-01-24,7호선,논현,21041,22740,43781
2022-01-24,7호선,대림,7937,7840,15777
2022-01-24,7호선,도봉산,8856,9995,18851
2022-01-24,7호선,뚝섬유원지,7624,7384,15008
2022-01-24,7호선,마들,12558,12111,24669
2022-01-24,7호선,먹골,9928,9809,19737
2022-01-24,7호선,면목,15169,14852,30021
2022-01-24,7호선,반포,5603,5457,11060
2022-01-24,7호선,보라매,9842,9791,19633
2022-01-24,7호선,사가정,15664,15889,31553
2022-01-24,7호선,상도,10544,10173,20717
2022-01-24,7호선,상봉,16583,15681,32264
2022-01-24,7호선,수락산,12210,12077,24287
2022-01-24,7호선,숭실대입구,11177,11555,22732
2022-01-24,7호선,신대방삼거리,16605,16055,32660
2022-01-24,7호선,신중동,1,0,1
2022-01-24,7호선,신풍,11421,10876,22297
2022-01-24,7호선,어린이대공원,11752,11661,23413
2022-01-24,7호선,온수,9964,9175,19139
2022-01-24,7호선,용마산,5929,5802,11731
2022-01-24,7호선,이수,15206,15059,30265
2022-01-24,7호선,장승배기,9098,9035,18133
2022-01-24,7호선,장암,2195,769,2964
2022-01-24,7호선,중계,13940,12635,26575
2022-01-24,7호선,중곡,10735,10093,20828
2022-01-24,7호선,중화,10851,10538,21389
2022-01-24,7호선,천왕,11432,10837,22269
2022-01-24,7호선,철산,20812,21352,42164
2022-01-24,7호선,청담,19492,21625,41117
2022-01-24,7호선,춘의,1,0,1
2022-01-24,7호선,태릉입구,8162,7748,15910
2022-01-24,7호선,하계,16957,16029,32986
2022-01-24,7호선,학동,25080,26672,51752
2022-01-24,8호선,가락시장,8200,9007,17207
2022-01-24,8호선,강동구청,10725,11269,21994
2022-01-24,8호선,남위례,3721,3958,7679
2022-01-24,8호선,남한산성입구,13431,12336,25767
2022-01-24,8호선,단대오거리,10650,10423,21073
2022-01-24,8호선,모란,6192,4714,10906
2022-01-24,8호선,몽촌토성,6065,6189,12254
2022-01-24,8호선,문정,22816,24232,47048
2022-01-24,8호선,복정,9344,7895,17239
2022-01-24,8호선,산성,5199,5170,10369
2022-01-24,8호선,석촌,7638,8896,16534
2022-01-24,8호선,송파,7527,7595,15122
2022-01-24,8호선,수진,5356,5038,10394
2022-01-24,8호선,신흥,4203,4532,8735
2022-01-24,8호선,암사,18881,16840,35721
2022-01-24,8호선,잠실,13465,15598,29063
2022-01-24,8호선,장지,16977,16512,33489
2022-01-24,8호선,천호,14741,16531,31272
2022-01-24,9호선,가양,20411,19901,40312
2022-01-24,9호선,개화,2498,1747,4245
2022-01-24,9호선,고속터미널,11473,14441,25914
2022-01-24,9호선,공항시장,2866,3234,6100
2022-01-24,9호선,구반포,1389,1475,2864
2022-01-24,9호선,국회의사당,17048,17741,34789
2022-01-24,9호선,김포공항,7117,11348,18465
2022-01-24,9호선,노들,4393,3829,8222
2022-01-24,9호선,노량진,25747,24843,50590
2022-01-24,9호선,당산,17724,17929,35653
2022-01-24,9호선,동작,2081,1621,3702
2022-01-24,9호선,등촌,11508,11407,22915
2022-01-24,9호선,마곡나루,11830,11651,23481
2022-01-24,9호선,사평,3435,3364,6799
2022-01-24,9호선,샛강,5988,6220,12208
2022-01-24,9호선,선유도,8951,8411,17362
2022-01-24,9호선,신논현,32373,31851,64224
2022-01-24,9호선,신목동,4090,3651,7741
2022-01-24,9호선,신반포,3271,3210,6481
2022-01-24,9호선,신방화,6725,6612,13337
2022-01-24,9호선,양천향교,9423,9580,19003
2022-01-24,9호선,여의도,28214,27265,55479
2022-01-24,9호선,염창,17034,16629,33663
2022-01-24,9호선,증미,7677,7699,15376
2022-01-24,9호선,흑석,8012,8470,16482
2022-01-24,9호선2~3단계,둔촌오륜,939,935,1874
2022-01-24,9호선2~3단계,봉은사,15454,15966,31420
2022-01-24,9호선2~3단계,삼성중앙,6991,7479,14470
2022-01-24,9호선2~3단계,삼전,6957,6557,13514
2022-01-24,9호선2~3단계,석촌,8272,7333,15605
2022-01-24,9호선2~3단계,석촌고분,5976,6039,12015
2022-01-24,9호선2~3단계,선정릉,9830,10783,20613
2022-01-24,9호선2~3단계,송파나루,4819,5175,9994
2022-01-24,9호선2~3단계,언주,10863,11291,22154
2022-01-24,9호선2~3단계,올림픽공원,5636,5605,11241
2022-01-24,9호선2~3단계,종합운동장,4183,4315,8498
2022-01-24,9호선2~3단계,중앙보훈병원,10788,9574,20362
2022-01-24,9호선2~3단계,한성백제,2439,2241,4680
2022-01-24,경강선,경기광주,7653,7188,14841
2022-01-24,경강선,곤지암,2138,2253,4391
2022-01-24,경강선,부발,1912,1952,3864
2022-01-24,경강선,삼동,2408,2255,4663
2022-01-24,경강선,세종대왕릉,298,280,578
2022-01-24,경강선,신둔도예촌,1318,1250,2568
2022-01-24,경강선,여주,1865,1843,3708
2022-01-24,경강선,이매,998,875,1873
2022-01-24,경강선,이천,2442,2489,4931
2022-01-24,경강선,초월,3021,2992,6013
2022-01-24,경강선,판교,4860,4652,9512
2022-01-24,경부선,가산디지털단지,18650,21529,40179
2022-01-24,경부선,관악,6948,6570,13518
2022-01-24,경부선,광명,3309,2832,6141
2022-01-24,경부선,구로,18339,18237,36576
2022-01-24,경부선,군포,7820,7912,15732
2022-01-24,경부선,금정,26149,26653,52802
2022-01-24,경부선,금천구청,11741,11615,23356
2022-01-24,경부선,남영,8682,9089,17771
2022-01-24,경부선,노량진,7891,8052,15943
2022-01-24,경부선,당정,5985,5734,11719
2022-01-24,경부선,대방,13055,13459,26514
2022-01-24,경부선,독산,19080,20042,39122
2022-01-24,경부선,두정,4409,4486,8895
2022-01-24,경부선,명학,8805,8820,17625
2022-01-24,경부선,병점,13279,13037,26316
2022-01-24,경부선,서동탄,1389,1180,2569
2022-01-24,경부선,서울역,5757,1926,7683
2022-01-24,경부선,서정리,5983,5842,11825
2022-01-24,경부선,석수,9390,8473,17863
2022-01-24,경부선,성균관대,13115,13290,26405
2022-01-24,경부선,성환,2771,2896,5667
2022-01-24,경부선,세류,2923,2690,5613
2022-01-24,경부선,세마,2591,2467,5058
2022-01-24,경부선,송탄,3807,3664,7471
2022-01-24,경부선,수원,30587,32424,63011
2022-01-24,경부선,신길,8899,7479,16378
2022-01-24,경부선,신도림,4310,4030,8340
2022-01-24,경부선,안양,20359,20304,40663
2022-01-24,경부선,영등포,34571,35700,70271
2022-01-24,경부선,오산,8880,8981,17861
2022-01-24,경부선,오산대,3083,2799,5882
2022-01-24,경부선,용산,30766,31499,62265
2022-01-24,경부선,의왕,9006,9051,18057
2022-01-24,경부선,직산,756,705,1461
2022-01-24,경부선,진위,1533,1402,2935
2022-01-24,경부선,천안,4317,4454,8771
2022-01-24,경부선,평택,10218,10101,20319
2022-01-24,경부선,평택지제,3173,3136,6309
2022-01-24,경부선,화서,7626,7431,15057
2022-01-24,경원선,가능,6368,6133,12501
2022-01-24,경원선,광운대,7114,6873,13987
2022-01-24,경원선,녹양,4261,4069,8330
2022-01-24,경원선,녹천,4538,3868,8406
2022-01-24,경원선,덕계,2924,2561,5485
2022-01-24,경원선,덕정,4973,4909,9882
2022-01-24,경원선,도봉,6161,5755,11916
2022-01-24,경원선,도봉산,7084,4427,11511
2022-01-24,경원선,동두천,1868,2165,4033
2022-01-24,경원선,동두천중앙,2975,2707,5682
2022-01-24,경원선,망월사,7103,7266,14369
2022-01-24,경원선,방학,9584,9398,18982
2022-01-24,경원선,보산,1274,1117,2391
2022-01-24,경원선,서빙고,1835,1718,3553
2022-01-24,경원선,석계,7880,8836,16716
2022-01-24,경원선,소요산,2092,1803,3895
2022-01-24,경원선,신이문,8303,7877,16180
2022-01-24,경원선,양주,7191,6761,13952
2022-01-24,경원선,옥수,40,32,72
2022-01-24,경원선,왕십리,13303,15280,28583
2022-01-24,경원선,외대앞,6983,6964,13947
2022-01-24,경원선,월계,6235,5928,12163
2022-01-24,경원선,응봉,1761,1550,3311
2022-01-24,경원선,의정부,17287,17571,34858
2022-01-24,경원선,이촌,3638,2801,6439
2022-01-24,경원선,지행,6077,5997,12074
2022-01-24,경원선,창동,1,0,1
2022-01-24,경원선,청량리,14734,15158,29892
2022-01-24,경원선,한남,4175,3899,8074
2022-01-24,경원선,회룡,12169,11979,24148
2022-01-24,경의선,가좌,5233,5039,10272
2022-01-24,경의선,강매,3185,2769,5954
2022-01-24,경의선,곡산,556,595,1151
2022-01-24,경의선,공덕,3504,3140,6644
2022-01-24,경의선,금릉,4622,4323,8945
2022-01-24,경의선,금촌,6146,6187,12333
2022-01-24,경의선,능곡,3699,3379,7078
2022-01-24,경의선,디지털미디어시티,2370,2237,4607
2022-01-24,경의선,문산,5083,5106,10189
2022-01-24,경의선,백마,6795,6591,13386
2022-01-24,경의선,서강대,2096,2028,4124
2022-01-24,경의선,서울역,4265,5267,9532
2022-01-24,경의선,수색,2740,2875,5615
2022-01-24,경의선,신촌,814,1047,1861
2022-01-24,경의선,야당,7185,6992,14177
2022-01-24,경의선,운정,6826,6415,13241
2022-01-24,경의선,월롱,2439,2285,4724
2022-01-24,경의선,일산,8877,8763,17640
2022-01-24,경의선,임진강,9,4,13
2022-01-24,경의선,탄현,7729,7388,15117
2022-01-24,경의선,파주,961,745,1706
2022-01-24,경의선,풍산,5470,5020,10490
2022-01-24,경의선,행신,7733,7706,15439
2022-01-24,경의선,홍대입구,1547,1655,3202
2022-01-24,경의선,화전,1423,1337,2760
2022-01-24,경의선,효창공원앞,2899,3360,6259
2022-01-24,경인선,간석,5724,5439,11163
2022-01-24,경인선,개봉,21119,21050,42169
2022-01-24,경인선,구일,6002,6045,12047
2022-01-24,경인선,도원,2540,2524,5064
2022-01-24,경인선,도화,4054,3882,7936
2022-01-24,경인선,동암,14209,14136,28345
2022-01-24,경인선,동인천,13211,12381,25592
2022-01-24,경인선,백운,6679,6739,13418
2022-01-24,경인선,부개,8424,7906,16330
2022-01-24,경인선,부천,31443,31148,62591
2022-01-24,경인선,부평,28058,29326,57384
2022-01-24,경인선,소사,8471,8158,16629
2022-01-24,경인선,송내,25691,25509,51200
2022-01-24,경인선,역곡,26462,26068,52530
2022-01-24,경인선,오류동,11572,11117,22689
2022-01-24,경인선,온수,6235,5978,12213
2022-01-24,경인선,인천,3207,2359,5566
2022-01-24,경인선,제물포,9944,9510,19454
2022-01-24,경인선,주안,17738,15901,33639
2022-01-24,경인선,중동,9269,8672,17941
2022-01-24,경춘선,가평,1440,1553,2993
2022-01-24,경춘선,갈매,2947,2544,5491
2022-01-24,경춘선,강촌,275,308,583
2022-01-24,경춘선,굴봉산,136,154,290
2022-01-24,경춘선,금곡,1425,1331,2756
2022-01-24,경춘선,김유정,253,242,495
2022-01-24,경춘선,남춘천,2019,2073,4092
2022-01-24,경춘선,대성리,422,394,816
2022-01-24,경춘선,마석,3510,3441,6951
2022-01-24,경춘선,백양리,314,300,614
2022-01-24,경춘선,별내,3363,3103,6466
2022-01-24,경춘선,사릉,3160,3007,6167
2022-01-24,경춘선,상천,209,194,403
2022-01-24,경춘선,신내,1930,1843,3773
2022-01-24,경춘선,천마산,1634,1472,3106
2022-01-24,경춘선,청평,1441,1416,2857
2022-01-24,경춘선,춘천,1101,942,2043
2022-01-24,경춘선,퇴계원,3528,3264,6792
2022-01-24,경춘선,평내호평,6053,5715,11768
2022-01-24,공항철도,검암,6821,6478,13299
2022-01-24,공항철도,계양,10021,9436,19457
2022-01-24,공항철도,공덕,2257,2847,5104
2022-01-24,공항철도,공항화물청사,2339,2488,4827
2022-01-24,공항철도,김포공항,11517,6827,18344
2022-01-24,공항철도,디지털미디어시티,14403,13068,27471
2022-01-24,공항철도,마곡나루,9104,8776,17880
2022-01-24,공항철도,서울역,7358,6956,14314
2022-01-24,공항철도,영종,2909,2872,5781
2022-01-24,공항철도,운서,6268,6325,12593
2022-01-24,공항철도,인천공항1터미널,3177,3454,6631
2022-01-24,공항철도,인천공항2터미널,1988,1883,3871
2022-01-24,공항철도,청라국제도시,6733,6261,12994
2022-01-24,공항철도,홍대입구,8910,9006,17916
2022-01-24,과천선,경마공원,889,876,1765
2022-01-24,과천선,과천,5999,5587,11586
2022-01-24,과천선,대공원,2156,2253,4409
2022-01-24,과천선,범계,25173,23635,48808
2022-01-24,과천선,선바위,8020,6955,14975
2022-01-24,과천선,인덕원,23731,24762,48493
2022-01-24,과천선,정부과천청사,10430,10315,20745
2022-01-24,과천선,평촌,18194,17943,36137
2022-01-24,분당선,가천대,6360,7338,13698
2022-01-24,분당선,강남구청,10497,11777,22274
2022-01-24,분당선,개포동,3660,3830,7490
2022-01-24,분당선,구룡,1927,1932,3859
2022-01-24,분당선,구성,5090,5299,10389
2022-01-24,분당선,기흥,9486,8979,18465
2022-01-24,분당선,대모산입구,4588,4378,8966
2022-01-24,분당선,도곡,7001,6989,13990
2022-01-24,분당선,망포,13986,13524,27510
2022-01-24,분당선,매교,2779,2777,5556
2022-01-24,분당선,매탄권선,4802,4637,9439
2022-01-24,분당선,모란,26115,27339,53454
2022-01-24,분당선,미금,15874,16757,32631
2022-01-24,분당선,보정,2409,2148,4557
2022-01-24,분당선,복정,1,0,1
2022-01-24,분당선,상갈,5289,5078,10367
2022-01-24,분당선,서울숲,9795,9952,19747
2022-01-24,분당선,서현,24917,25358,50275
2022-01-24,분당선,선릉,14085,21261,35346
2022-01-24,분당선,선정릉,8432,9054,17486
2022-01-24,분당선,수내,13547,13414,26961
2022-01-24,분당선,수서,13931,14241,28172
2022-01-24,분당선,수원,7590,6437,14027
2022-01-24,분당선,수원시청,12680,13156,25836
2022-01-24,분당선,신갈,4587,4177,8764
2022-01-24,분당선,압구정로데오,18124,19228,37352
2022-01-24,분당선,야탑,25866,26823,52689
2022-01-24,분당선,영통,7823,7974,15797
2022-01-24,분당선,오리,12007,9954,21961
2022-01-24,분당선,이매,5622,5393,11015
2022-01-24,분당선,정자,17683,18535,36218
2022-01-24,분당선,죽전,12942,14342,27284
2022-01-24,분당선,청명,4140,4093,8233
2022-01-24,분당선,태평,13768,13302,27070
2022-01-24,분당선,한티,14867,15875,30742
2022-01-24,수인선,고색,4546,4213,8759
2022-01-24,수인선,남동인더스파크,2242,2558,4800
2022-01-24,수인선,달월,103,55,158
2022-01-24,수인선,사리,4333,3797,8130
2022-01-24,수인선,소래포구,4568,4280,8848
2022-01-24,수인선,송도,2336,2215,4551
2022-01-24,수인선,숭의,3989,3729,7718
2022-01-24,수인선,신포,1650,1696,3346
2022-01-24,수인선,야목,326,238,564
2022-01-24,수인선,어천,650,677,1327
2022-01-24,수인선,연수,4242,4200,8442
2022-01-24,수인선,오목천,2574,2481,5055
2022-01-24,수인선,원인재,4319,4537,8856
2022-01-24,수인선,월곶,2419,2271,4690
2022-01-24,수인선,인천,954,1612,2566
2022-01-24,수인선,인천논현,5225,5590,10815
2022-01-24,수인선,인하대,5451,5124,10575
2022-01-24,수인선,호구포,3895,4131,8026
2022-01-24,안산선,고잔,8634,8113,16747
2022-01-24,안산선,대야미,4889,4339,9228
2022-01-24,안산선,반월,4142,3995,8137
2022-01-24,안산선,산본,15484,16466,31950
2022-01-24,안산선,상록수,14940,15157,30097
2022-01-24,안산선,수리산,4038,3417,7455
2022-01-24,안산선,신길온천,1658,1511,3169
2022-01-24,안산선,안산,11375,10247,21622
2022-01-24,안산선,오이도,7718,7372,15090
2022-01-24,안산선,정왕,7202,7713,14915
2022-01-24,안산선,중앙,17344,17604,34948
2022-01-24,안산선,초지,4382,4538,8920
2022-01-24,안산선,한대앞,8594,8494,17088
2022-01-24,우이신설선,4.19민주묘지,2678,2564,5242
2022-01-24,우이신설선,가오리,4079,4101,8180
2022-01-24,우이신설선,보문,1508,1449,2957
2022-01-24,우이신설선,북한산보국문,5809,5600,11409
2022-01-24,우이신설선,북한산우이,2344,2158,4502
2022-01-24,우이신설선,삼양,2006,2135,4141
2022-01-24,우이신설선,삼양사거리,2521,2572,5093
2022-01-24,우이신설선,성신여대입구,3083,3352,6435
2022-01-24,우이신설선,솔밭공원,2427,2321,4748
2022-01-24,우이신설선,솔샘,5783,5537,11320
2022-01-24,우이신설선,신설동,2191,2023,4214
2022-01-24,우이신설선,정릉,4379,4210,8589
2022-01-24,우이신설선,화계,3403,3194,6597
2022-01-24,일산선,대곡,1967,1535,3502
2022-01-24,일산선,대화,12529,9807,22336
2022-01-24,일산선,마두,7484,7616,15100
2022-01-24,일산선,백석,9678,9727,19405
2022-01-24,일산선,삼송,18833,18292,37125
2022-01-24,일산선,원당,10660,10109,20769
2022-01-24,일산선,원흥,10386,9936,20322
2022-01-24,일산선,정발산,7049,6916,13965
2022-01-24,일산선,주엽,8841,8921,17762
2022-01-24,일산선,화정,16431,16857,33288
2022-01-24,장항선,배방,964,1011,1975
2022-01-24,장항선,봉명,1227,1173,2400
2022-01-24,장항선,신창,854,922,1776
2022-01-24,장항선,쌍용,1741,1693,3434
2022-01-24,장항선,아산,2609,1784,4393
2022-01-24,장항선,온양온천,4196,4158,8354
2022-01-24,장항선,탕정,479,453,932
2022-01-24,중앙선,구리,13251,13195,26446
2022-01-24,중앙선,국수,630,653,1283
2022-01-24,중앙선,덕소,5411,5333,10744
2022-01-24,중앙선,도농,10435,9422,19857
2022-01-24,중앙선,도심,2313,1785,4098
2022-01-24,중앙선,망우,7442,7276,14718
2022-01-24,중앙선,상봉,5601,5766,11367
2022-01-24,중앙선,신원,173,157,330
2022-01-24,중앙선,아신,485,446,931
2022-01-24,중앙선,양수,1642,1585,3227
2022-01-24,중앙선,양원,1923,1903,3826
2022-01-24,중앙선,양정,692,570,1262
2022-01-24,중앙선,양평,2448,2367,4815
2022-01-24,중앙선,오빈,278,264,542
2022-01-24,중앙선,용문,1438,1421,2859
2022-01-24,중앙선,운길산,512,473,985
2022-01-24,중앙선,원덕,305,301,606
2022-01-24,중앙선,중랑,5355,5156,10511
2022-01-24,중앙선,지평,67,55,122
2022-01-24,중앙선,팔당,759,750,1509
2022-01-24,중앙선,회기,22760,22035,44795
2022-01-25,1호선,동대문,10203,9494,19697
2022-01-25,1호선,동묘앞,6342,6640,12982
2022-01-25,1호선,서울역,41537,39739,81276
2022-01-25,1호선,시청,22124,22099,44223
2022-01-25,1호선,신설동,13446,13092,26538
2022-01-25,1호선,제기동,18781,19241,38022
2022-01-25,1호선,종각,34558,33662,68220
2022-01-25,1호선,종로3가,24710,22412,47122
2022-01-25,1호선,종로5가,22005,21675,43680
2022-01-25,1호선,청량리,20098,20142,40240
2022-01-25,2호선,강남,88820,86868,175688
2022-01-25,2호선,강변,28139,26926,55065
2022-01-25,2호선,건대입구,33503,35380,68883
2022-01-25,2호선,교대,35010,39389,74399
2022-01-25,2호선,구로디지털단지,60520,60634,121154
2022-01-25,2호선,구의,23800,23661,47461
2022-01-25,2호선,낙성대,26698,26203,52901
2022-01-25,2호선,당산,18259,21084,39343
2022-01-25,2호선,대림,23697,24226,47923
2022-01-25,2호선,도림천,1447,1518,2965
2022-01-25,2호선,동대문역사문화공원,10755,11998,22753
2022-01-25,2호선,뚝섬,22030,23773,45803
2022-01-25,2호선,문래,22017,22328,44345
2022-01-25,2호선,방배,17753,18454,36207
2022-01-25,2호선,봉천,23996,22385,46381
2022-01-25,2호선,사당,36033,39314,75347
2022-01-25,2호선,삼성,53338,53772,107110
2022-01-25,2호선,상왕십리,14104,13925,28029
2022-01-25,2호선,서울대입구,46703,46012,92715
2022-01-25,2호선,서초,22088,21278,43366
2022-01-25,2호선,선릉,58570,51906,110476
2022-01-25,2호선,성수,38914,41723,80637
2022-01-25,2호선,시청,24495,23416,47911
2022-01-25,2호선,신답,1690,1986,3676
2022-01-25,2호선,신당,13655,14251,27906
2022-01-25,2호선,신대방,25965,25391,51356
2022-01-25,2호선,신도림,45798,45147,90945
2022-01-25,2호선,신림,61983,60624,122607
2022-01-25,2호선,신설동,3243,3388,6631
2022-01-25,2호선,신정네거리,10201,10612,20813
2022-01-25,2호선,신촌,31067,31839,62906
2022-01-25,2호선,아현,9863,9460,19323
2022-01-25,2호선,양천구청,6934,7325,14259
2022-01-25,2호선,역삼,56501,62621,119122
2022-01-25,2호선,영등포구청,23710,24357,48067
2022-01-25,2호선,왕십리,15280,12865,28145
2022-01-25,2호선,용답,2618,2647,5265
2022-01-25,2호선,용두,2461,2576,5037
2022-01-25,2호선,을지로3가,22698,22384,45082
2022-01-25,2호선,을지로4가,13169,13060,26229
2022-01-25,2호선,을지로입구,39615,40508,80123
2022-01-25,2호선,이대,12463,13282,25745
2022-01-25,2호선,잠실,67366,67356,134722
2022-01-25,2호선,잠실나루,14763,14408,29171
2022-01-25,2호선,잠실새내,21188,21092,42280
2022-01-25,2호선,종합운동장,7556,7795,15351
2022-01-25,2호선,충정로,9924,10414,20338
2022-01-25,2호선,한양대,6611,6959,13570
2022-01-25,2호선,합정,30529,31710,62239
2022-01-25,2호선,홍대입구,50950,51776,102726
2022-01-25,3호선,가락시장,9096,9181,18277
2022-01-25,3호선,경복궁,18762,18572,37334
2022-01-25,3호선,경찰병원,7460,7414,14874
2022-01-25,3호선,고속터미널,37772,36985,74757
2022-01-25,3호선,교대,14610,9704,24314
2022-01-25,3호선,구파발,20414,19233,39647
2022-01-25,3호선,금호,8166,8291,16457
2022-01-25,3호선,남부터미널,28982,29402,58384
2022-01-25,3호선,녹번,15349,14378,29727
2022-01-25,3호선,대청,9969,9303,19272
2022-01-25,3호선,대치,11692,11506,23198
2022-01-25,3호선,도곡,5502,5649,11151
2022-01-25,3호선,독립문,6694,6973,13667
2022-01-25,3호선,동대입구,6944,7445,14389
2022-01-25,3호선,매봉,13017,12223,25240
2022-01-25,3호선,무악재,3939,3987,7926
2022-01-25,3호선,불광,15934,17110,33044
2022-01-25,3호선,수서,16656,16796,33452
2022-01-25,3호선,신사,32623,33733,66356
2022-01-25,3호선,안국,18933,19800,38733
2022-01-25,3호선,압구정,33229,34888,68117
2022-01-25,3호선,약수,12755,13033,25788
2022-01-25,3호선,양재,40211,42629,82840
2022-01-25,3호선,연신내,35689,33880,69569
2022-01-25,3호선,오금,6011,5628,11639
2022-01-25,3호선,옥수,8766,9448,18214
2022-01-25,3호선,을지로3가,10649,11182,21831
2022-01-25,3호선,일원,10079,9595,19674
2022-01-25,3호선,잠원,4729,4676,9405
2022-01-25,3호선,종로3가,10344,11486,21830
2022-01-25,3호선,지축,4345,4345,8690
2022-01-25,3호선,학여울,1719,1784,3503
2022-01-25,3호선,홍제,16974,16458,33432
2022-01-25,4호선,길음,19904,19538,39442
2022-01-25,4호선,남태령,1159,1004,2163
2022-01-25,4호선,노원,17914,20186,38100
2022-01-25,4호선,당고개,12434,11198,23632
2022-01-25,4호선,동대문,18394,18926,37320
2022-01-25,4호선,동대문역사문화공원,14029,12923,26952
2022-01-25,4호선,동작,1231,1493,2724
2022-01-25,4호선,명동,16920,17537,34457
2022-01-25,4호선,미아,14204,13951,28155
2022-01-25,4호선,미아사거리,26691,26124,52815
2022-01-25,4호선,사당,24558,20036,44594
2022-01-25,4호선,삼각지,4842,5398,10240
2022-01-25,4호선,상계,18446,17163,35609
2022-01-25,4호선,서울역,11021,15894,26915
2022-01-25,4호선,성신여대입구,19445,18968,38413
2022-01-25,4호선,수유,32834,33064,65898
2022-01-25,4호선,숙대입구,12384,12199,24583
2022-01-25,4호선,신용산,16324,17487,33811
2022-01-25,4호선,쌍문,28803,26707,55510
2022-01-25,4호선,이촌,7452,8035,15487
2022-01-25,4호선,창동,24991,26527,51518
2022-01-25,4호선,총신대입구,18574,20086,38660
2022-01-25,4호선,충무로,26245,27324,53569
2022-01-25,4호선,한성대입구,12570,12031,24601
2022-01-25,4호선,혜화,31447,31146,62593
2022-01-25,4호선,회현,22877,24200,47077
2022-01-25,5호선,강동,18681,17960,36641
2022-01-25,5호선,강일,3783,3683,7466
2022-01-25,5호선,개롱,6332,6619,12951
2022-01-25,5호선,개화산,5558,5283,10841
2022-01-25,5호선,거여,9440,8863,18303
2022-01-25,5호선,고덕,9194,9382,18576
2022-01-25,5호선,공덕,14558,15271,29829
2022-01-25,5호선,광나루,12715,11498,24213
2022-01-25,5호선,광화문,29863,31260,61123
2022-01-25,5호선,군자,10898,11927,22825
2022-01-25,5호선,굽은다리,9353,8825,18178
2022-01-25,5호선,길동,8151,8420,16571
2022-01-25,5호선,김포공항,6947,6721,13668
2022-01-25,5호선,까치산,28773,27727,56500
2022-01-25,5호선,답십리,16062,14725,30787
2022-01-25,5호선,동대문역사문화공원,3102,3633,6735
2022-01-25,5호선,둔촌동,8590,8653,17243
2022-01-25,5호선,마곡,11093,11007,22100
2022-01-25,5호선,마장,5885,5522,11407
2022-01-25,5호선,마천,6858,6810,13668
2022-01-25,5호선,마포,15100,15385,30485
2022-01-25,5호선,명일,8616,8803,17419
2022-01-25,5호선,목동,17036,18376,35412
2022-01-25,5호선,미사,15704,15383,31087
2022-01-25,5호선,발산,20910,21088,41998
2022-01-25,5호선,방이,7314,7523,14837
2022-01-25,5호선,방화,6430,6273,12703
2022-01-25,5호선,상일동,15482,14184,29666
2022-01-25,5호선,서대문,19339,19876,39215
2022-01-25,5호선,송정,6540,6083,12623
2022-01-25,5호선,신금호,6280,6549,12829
2022-01-25,5호선,신길,4234,4574,8808
2022-01-25,5호선,신정,13908,11228,25136
2022-01-25,5호선,아차산,13731,13544,27275
2022-01-25,5호선,애오개,6998,7113,14111
2022-01-25,5호선,양평,7831,7965,15796
2022-01-25,5호선,여의나루,8967,10037,19004
2022-01-25,5호선,여의도,29956,31300,61256
2022-01-25,5호선,영등포구청,4048,4239,8287
2022-01-25,5호선,영등포시장,10119,10385,20504
2022-01-25,5호선,오금,3848,3837,7685
2022-01-25,5호선,오목교,22240,23709,45949
2022-01-25,5호선,올림픽공원,4060,3436,7496
2022-01-25,5호선,왕십리,4631,5099,9730
2022-01-25,5호선,우장산,14163,14199,28362
2022-01-25,5호선,을지로4가,6258,6438,12696
2022-01-25,5호선,장한평,18625,18700,37325
2022-01-25,5호선,종로3가,12117,11957,24074
2022-01-25,5호선,천호,17354,17381,34735
2022-01-25,5호선,청구,4044,3747,7791
2022-01-25,5호선,충정로,4943,5018,9961
2022-01-25,5호선,하남검단산,5187,4973,10160
2022-01-25,5호선,하남시청,6035,5984,12019
2022-01-25,5호선,하남풍산,4152,4218,8370
2022-01-25,5호선,행당,8289,7374,15663
2022-01-25,5호선,화곡,28389,26603,54992
2022-01-25,6호선,고려대,7542,7353,14895
2022-01-25,6호선,공덕,18884,18189,37073
2022-01-25,6호선,광흥창,8954,8777,17731
2022-01-25,6호선,구산,7429,5717,13146
2022-01-25,6호선,녹사평,4361,4285,8646
2022-01-25,6호선,대흥,7940,8169,16109
2022-01-25,6호선,독바위,2686,2856,5542
2022-01-25,6호선,돌곶이,9234,8730,17964
2022-01-25,6호선,동묘앞,7282,7403,14685
2022-01-25,6호선,디지털미디어시티,13689,15289,28978
2022-01-25,6호선,마포구청,14537,13117,27654
2022-01-25,6호선,망원,14144,15268,29412
2022-01-25,6호선,버티고개,1935,2025,3960
2022-01-25,6호선,보문,7095,6557,13652
2022-01-25,6호선,봉화산,9003,8393,17396
2022-01-25,6호선,불광,4002,4108,8110
2022-01-25,6호선,삼각지,6350,5731,12081
2022-01-25,6호선,상수,8026,8704,16730
2022-01-25,6호선,상월곡,6200,5621,11821
2022-01-25,6호선,새절,12629,11814,24443
2022-01-25,6호선,석계,12039,12369,24408
2022-01-25,6호선,신당,8121,8415,16536
2022-01-25,6호선,안암,9939,9861,19800
2022-01-25,6호선,약수,3660,3609,7269
2022-01-25,6호선,역촌,3837,4588,8425
2022-01-25,6호선,월곡,11375,11263,22638
2022-01-25,6호선,월드컵경기장,3772,3939,7711
2022-01-25,6호선,응암,17570,17413,34983
2022-01-25,6호선,이태원,8646,8697,17343
2022-01-25,6호선,증산,10202,10139,20341
2022-01-25,6호선,창신,3317,2696,6013
2022-01-25,6호선,청구,3735,3992,7727
2022-01-25,6호선,태릉입구,5322,5817,11139
2022-01-25,6호선,한강진,7886,8879,16765
2022-01-25,6호선,합정,12598,12329,24927
2022-01-25,6호선,화랑대,11461,9126,20587
2022-01-25,6호선,효창공원앞,6908,6261,13169
2022-01-25,7호선,가산디지털단지,48036,48004,96040
2022-01-25,7호선,강남구청,17362,18569,35931
2022-01-25,7호선,건대입구,11887,12337,24224
2022-01-25,7호선,고속터미널,15521,13225,28746
2022-01-25,7호선,공릉,11141,11122,22263
2022-01-25,7호선,광명사거리,22083,21886,43969
2022-01-25,7호선,군자,15185,12220,27405
2022-01-25,7호선,굴포천,1,0,1
2022-01-25,7호선,남구로,16485,17314,33799
2022-01-25,7호선,남성,11245,10409,21654
2022-01-25,7호선,내방,15115,15391,30506
2022-01-25,7호선,노원,19291,20017,39308
2022-01-25,7호선,논현,21627,23075,44702
2022-01-25,7호선,대림,8023,8134,16157
2022-01-25,7호선,도봉산,8626,9717,18343
2022-01-25,7호선,뚝섬유원지,7105,6931,14036
2022-01-25,7호선,마들,12634,12170,24804
2022-01-25,7호선,먹골,10214,10085,20299
2022-01-25,7호선,면목,15182,14853,30035
2022-01-25,7호선,반포,5837,5485,11322
2022-01-25,7호선,보라매,9871,10095,19966
2022-01-25,7호선,부천시청,2,0,2
2022-01-25,7호선,사가정,15722,15774,31496
2022-01-25,7호선,상도,10754,10445,21199
2022-01-25,7호선,상동,1,0,1
2022-01-25,7호선,상봉,16917,16000,32917
2022-01-25,7호선,수락산,12212,11996,24208
2022-01-25,7호선,숭실대입구,11470,11651,23121
2022-01-25,7호선,신대방삼거리,16713,16049,32762
2022-01-25,7호선,신풍,11537,11129,22666
2022-01-25,7호선,어린이대공원,11758,11559,23317
2022-01-25,7호선,온수,10198,9280,19478
2022-01-25,7호선,용마산,5975,5698,11673
2022-01-25,7호선,이수,15811,15452,31263
2022-01-25,7호선,장승배기,9174,9035,18209
2022-01-25,7호선,장암,2183,772,2955
2022-01-25,7호선,중계,13905,12821,26726
2022-01-25,7호선,중곡,10668,10162,20830
2022-01-25,7호선,중화,10738,10625,21363
2022-01-25,7호선,천왕,11475,10948,22423
2022-01-25,7호선,철산,20885,21395,42280
2022-01-25,7호선,청담,19767,22209,41976
2022-01-25,7호선,태릉입구,8223,7770,15993
2022-01-25,7호선,하계,17453,16353,33806
2022-01-25,7호선,학동,25641,27065,52706
2022-01-25,8호선,가락시장,8532,9472,18004
2022-01-25,8호선,강동구청,10895,11372,22267
2022-01-25,8호선,남위례,3795,3995,7790
2022-01-25,8호선,남한산성입구,13233,12212,25445
2022-01-25,8호선,단대오거리,10263,10192,20455
2022-01-25,8호선,모란,4253,3217,7470
2022-01-25,8호선,몽촌토성,5976,6071,12047
2022-01-25,8호선,문정,23193,24613,47806
2022-01-25,8호선,복정,9361,7991,17352
2022-01-25,8호선,산성,5037,5104,10141
2022-01-25,8호선,석촌,7790,8913,16703
2022-01-25,8호선,송파,7428,7507,14935
2022-01-25,8호선,수진,5131,4644,9775
2022-01-25,8호선,신흥,4055,4411,8466
2022-01-25,8호선,암사,19030,16958,35988
2022-01-25,8호선,잠실,13725,16004,29729
2022-01-25,8호선,장지,17414,16775,34189
2022-01-25,8호선,천호,14901,16869,31770
2022-01-25,9호선,가양,20414,20064,40478
2022-01-25,9호선,개화,2443,1739,4182
2022-01-25,9호선,고속터미널,11431,14992,26423
2022-01-25,9호선,공항시장,2963,3249,6212
2022-01-25,9호선,구반포,1455,1520,2975
2022-01-25,9호선,국회의사당,17833,18350,36183
2022-01-25,9호선,김포공항,7029,10897,17926
2022-01-25,9호선,노들,4493,3811,8304
2022-01-25,9호선,노량진,25773,24969,50742
2022-01-25,9호선,당산,18180,18068,36248
2022-01-25,9호선,동작,2143,1675,3818
2022-01-25,9호선,등촌,11611,11580,23191
2022-01-25,9호선,마곡나루,12182,11917,24099
2022-01-25,9호선,사평,3574,3445,7019
2022-01-25,9호선,샛강,6163,6328,12491
2022-01-25,9호선,선유도,9163,8900,18063
2022-01-25,9호선,신논현,32981,32931,65912
2022-01-25,9호선,신목동,4106,3660,7766
2022-01-25,9호선,신반포,3231,3210,6441
2022-01-25,9호선,신방화,6779,6610,13389
2022-01-25,9호선,양천향교,9662,9802,19464
2022-01-25,9호선,여의도,28512,27435,55947
2022-01-25,9호선,염창,17464,16728,34192
2022-01-25,9호선,증미,7680,7637,15317
2022-01-25,9호선,흑석,8148,8453,16601
2022-01-25,9호선2~3단계,둔촌오륜,982,946,1928
2022-01-25,9호선2~3단계,봉은사,16182,16306,32488
2022-01-25,9호선2~3단계,삼성중앙,7190,7714,14904
2022-01-25,9호선2~3단계,삼전,6987,6831,13818
2022-01-25,9호선2~3단계,석촌,8570,7657,16227
2022-01-25,9호선2~3단계,석촌고분,6206,6073,12279
2022-01-25,9호선2~3단계,선정릉,10013,10979,20992
2022-01-25,9호선2~3단계,송파나루,5098,5377,10475
2022-01-25,9호선2~3단계,언주,11298,11536,22834
2022-01-25,9호선2~3단계,올림픽공원,5571,5590,11161
2022-01-25,9호선2~3단계,종합운동장,4289,4314,8603
2022-01-25,9호선2~3단계,중앙보훈병원,10952,9815,20767
2022-01-25,9호선2~3단계,한성백제,2485,2350,4835
2022-01-25,경강선,경기광주,7418,6973,14391
2022-01-25,경강선,곤지암,2106,2050,4156
2022-01-25,경강선,부발,1852,1755,3607
2022-01-25,경강선,삼동,2310,2241,4551
2022-01-25,경강선,세종대왕릉,282,266,548
2022-01-25,경강선,신둔도예촌,1319,1205,2524
2022-01-25,경강선,여주,1792,1701,3493
2022-01-25,경강선,이매,1088,911,1999
2022-01-25,경강선,이천,2387,2401,4788
2022-01-25,경강선,초월,2933,2858,5791
2022-01-25,경강선,판교,4803,4793,9596
2022-01-25,경부선,가산디지털단지,18824,21661,40485
2022-01-25,경부선,관악,7122,6686,13808
2022-01-25,경부선,광명,3131,2718,5849
2022-01-25,경부선,구로,18137,18490,36627
2022-01-25,경부선,군포,7758,7747,15505
2022-01-25,경부선,금정,26483,26904,53387
2022-01-25,경부선,금천구청,11649,11673,23322
2022-01-25,경부선,남영,8933,9339,18272
2022-01-25,경부선,노량진,7942,8046,15988
2022-01-25,경부선,당정,5986,5671,11657
2022-01-25,경부선,대방,12962,13275,26237
2022-01-25,경부선,독산,18798,20015,38813
2022-01-25,경부선,두정,4240,4343,8583
2022-01-25,경부선,명학,8837,8755,17592
2022-01-25,경부선,병점,13198,12833,26031
2022-01-25,경부선,서동탄,1362,1186,2548
2022-01-25,경부선,서울역,5481,1867,7348
2022-01-25,경부선,서정리,5924,5439,11363
2022-01-25,경부선,석수,9365,8423,17788
2022-01-25,경부선,성균관대,12952,13032,25984
2022-01-25,경부선,성환,2593,2643,5236
2022-01-25,경부선,세류,2828,2601,5429
2022-01-25,경부선,세마,2606,2445,5051
2022-01-25,경부선,송탄,3627,3572,7199
2022-01-25,경부선,수원,29483,31424,60907
2022-01-25,경부선,신길,8911,7517,16428
2022-01-25,경부선,신도림,4098,3938,8036
2022-01-25,경부선,안양,20242,20343,40585
2022-01-25,경부선,영등포,35090,35589,70679
2022-01-25,경부선,오산,8605,8703,17308
2022-01-25,경부선,오산대,3112,2878,5990
2022-01-25,경부선,용산,30783,31572,62355
2022-01-25,경부선,의왕,8931,8901,17832
2022-01-25,경부선,직산,694,658,1352
2022-01-25,경부선,진위,1515,1324,2839
2022-01-25,경부선,천안,3933,4062,7995
2022-01-25,경부선,평택,9426,9384,18810
2022-01-25,경부선,평택지제,3022,2957,5979
2022-01-25,경부선,화서,7846,7565,15411
2022-01-25,경원선,가능,6356,6193,12549
2022-01-25,경원선,광운대,7178,6869,14047
2022-01-25,경원선,녹양,4316,4072,8388
2022-01-25,경원선,녹천,4511,3849,8360
2022-01-25,경원선,덕계,2973,2636,5609
2022-01-25,경원선,덕정,4820,4646,9466
2022-01-25,경원선,도봉,6074,5823,11897
2022-01-25,경원선,도봉산,6198,3778,9976
2022-01-25,경원선,동두천,1898,2118,4016
2022-01-25,경원선,동두천중앙,2979,2989,5968
2022-01-25,경원선,망월사,6973,7299,14272
2022-01-25,경원선,방학,9407,9203,18610
2022-01-25,경원선,보산,1221,1076,2297
2022-01-25,경원선,서빙고,1925,1851,3776
2022-01-25,경원선,석계,7717,8790,16507
2022-01-25,경원선,소요산,1853,1626,3479
2022-01-25,경원선,신이문,8261,7721,15982
2022-01-25,경원선,양주,7118,6602,13720
2022-01-25,경원선,옥수,45,41,86
2022-01-25,경원선,왕십리,13330,15095,28425
2022-01-25,경원선,외대앞,6842,6924,13766
2022-01-25,경원선,월계,5988,5703,11691
2022-01-25,경원선,응봉,1809,1515,3324
2022-01-25,경원선,의정부,16989,17260,34249
2022-01-25,경원선,이촌,3494,2854,6348
2022-01-25,경원선,지행,5948,5865,11813
2022-01-25,경원선,창동,5,0,5
2022-01-25,경원선,청량리,13961,14669,28630
2022-01-25,경원선,한남,4136,3840,7976
2022-01-25,경원선,회룡,12028,11939,23967
2022-01-25,경의선,가좌,5298,5122,10420
2022-01-25,경의선,강매,3134,2768,5902
2022-01-25,경의선,곡산,553,561,1114
2022-01-25,경의선,공덕,3597,3119,6716
2022-01-25,경의선,금릉,4630,4403,9033
2022-01-25,경의선,금촌,6050,5978,12028
2022-01-25,경의선,능곡,3708,3382,7090
2022-01-25,경의선,디지털미디어시티,2450,2213,4663
2022-01-25,경의선,문산,4540,4734,9274
2022-01-25,경의선,백마,6899,6522,13421
2022-01-25,경의선,서강대,2110,1987,4097
2022-01-25,경의선,서울역,4245,5345,9590
2022-01-25,경의선,수색,2874,3045,5919
2022-01-25,경의선,신촌,842,1057,1899
2022-01-25,경의선,야당,7309,7028,14337
2022-01-25,경의선,운정,6832,6461,13293
2022-01-25,경의선,월롱,2370,2188,4558
2022-01-25,경의선,일산,8819,8766,17585
2022-01-25,경의선,임진강,2,6,8
2022-01-25,경의선,탄현,7704,7465,15169
2022-01-25,경의선,파주,1026,692,1718
2022-01-25,경의선,풍산,5440,5133,10573
2022-01-25,경의선,행신,7778,7830,15608
2022-01-25,경의선,홍대입구,1584,1749,3333
2022-01-25,경의선,화전,1370,1289,2659
2022-01-25,경의선,효창공원앞,2906,3398,6304
2022-01-25,경인선,간석,5906,5556,11462
2022-01-25,경인선,개봉,21074,21044,42118
2022-01-25,경인선,구일,6021,5959,11980
2022-01-25,경인선,도원,2467,2577,5044
2022-01-25,경인선,도화,4089,3809,7898
2022-01-25,경인선,동암,14145,14324,28469
2022-01-25,경인선,동인천,13002,12212,25214
2022-01-25,경인선,백운,6653,6642,13295
2022-01-25,경인선,부개,8399,7856,16255
2022-01-25,경인선,부천,31710,31470,63180
2022-01-25,경인선,부평,27553,28774,56327
2022-01-25,경인선,소사,8248,8168,16416
2022-01-25,경인선,송내,26004,26045,52049
2022-01-25,경인선,역곡,26078,26086,52164
2022-01-25,경인선,오류동,11588,11152,22740
2022-01-25,경인선,온수,6308,6112,12420
2022-01-25,경인선,인천,3014,2173,5187
2022-01-25,경인선,제물포,9868,9529,19397
2022-01-25,경인선,주안,17744,16037,33781
2022-01-25,경인선,중동,9166,8738,17904
2022-01-25,경춘선,가평,1477,1414,2891
2022-01-25,경춘선,갈매,2954,2636,5590
2022-01-25,경춘선,강촌,305,325,630
2022-01-25,경춘선,굴봉산,146,112,258
2022-01-25,경춘선,금곡,1456,1365,2821
2022-01-25,경춘선,김유정,228,234,462
2022-01-25,경춘선,남춘천,1967,2005,3972
2022-01-25,경춘선,대성리,380,308,688
2022-01-25,경춘선,마석,3379,3327,6706
2022-01-25,경춘선,백양리,337,210,547
2022-01-25,경춘선,별내,3243,3072,6315
2022-01-25,경춘선,사릉,3064,2925,5989
2022-01-25,경춘선,상천,197,172,369
2022-01-25,경춘선,신내,1974,1802,3776
2022-01-25,경춘선,천마산,1498,1428,2926
2022-01-25,경춘선,청평,1454,1365,2819
2022-01-25,경춘선,춘천,1028,904,1932
2022-01-25,경춘선,퇴계원,3526,3263,6789
2022-01-25,경춘선,평내호평,5864,5679,11543
2022-01-25,공항철도,검암,6719,6560,13279
2022-01-25,공항철도,계양,10146,9605,19751
2022-01-25,공항철도,공덕,2360,3050,5410
2022-01-25,공항철도,공항화물청사,2309,2540,4849
2022-01-25,공항철도,김포공항,11336,6670,18006
2022-01-25,공항철도,디지털미디어시티,14533,13256,27789
2022-01-25,공항철도,마곡나루,9456,9035,18491
2022-01-25,공항철도,서울역,7022,6581,13603
2022-01-25,공항철도,영종,2818,2859,5677
2022-01-25,공항철도,운서,6249,6236,12485
2022-01-25,공항철도,인천공항1터미널,3176,3503,6679
2022-01-25,공항철도,인천공항2터미널,1986,1973,3959
2022-01-25,공항철도,청라국제도시,6801,6529,13330
2022-01-25,공항철도,홍대입구,9275,9237,18512
2022-01-25,과천선,경마공원,1619,1604,3223
2022-01-25,과천선,과천,6193,5840,12033
2022-01-25,과천선,대공원,2027,2155,4182
2022-01-25,과천선,범계,25421,24329,49750
2022-01-25,과천선,선바위,8081,6940,15021
2022-01-25,과천선,인덕원,23979,25118,49097
2022-01-25,과천선,정부과천청사,10682,10678,21360
2022-01-25,과천선,평촌,18442,17961,36403
2022-01-25,분당선,가천대,6653,7387,14040
2022-01-25,분당선,강남구청,10711,12142,22853
2022-01-25,분당선,개포동,3601,3775,7376
2022-01-25,분당선,구룡,1880,1827,3707
2022-01-25,분당선,구성,4900,5184,10084
2022-01-25,분당선,기흥,9463,8947,18410
2022-01-25,분당선,대모산입구,4604,4341,8945
2022-01-25,분당선,도곡,7112,7009,14121
2022-01-25,분당선,망포,14282,13451,27733
2022-01-25,분당선,매교,2674,2689,5363
2022-01-25,분당선,매탄권선,4763,4598,9361
2022-01-25,분당선,모란,19492,19376,38868
2022-01-25,분당선,미금,15536,16423,31959
2022-01-25,분당선,보정,2393,2072,4465
2022-01-25,분당선,상갈,5208,4977,10185
2022-01-25,분당선,서울숲,10106,10265,20371
2022-01-25,분당선,서현,24529,24784,49313
2022-01-25,분당선,선릉,14275,21490,35765
2022-01-25,분당선,선정릉,8614,9119,17733
2022-01-25,분당선,수내,13626,13472,27098
2022-01-25,분당선,수서,13541,14262,27803
2022-01-25,분당선,수원,7489,6256,13745
2022-01-25,분당선,수원시청,12275,13072,25347
2022-01-25,분당선,신갈,4474,4513,8987
2022-01-25,분당선,압구정로데오,20008,21720,41728
2022-01-25,분당선,야탑,25579,26759,52338
2022-01-25,분당선,영통,8065,7983,16048
2022-01-25,분당선,오리,12070,9940,22010
2022-01-25,분당선,이매,5253,5072,10325
2022-01-25,분당선,정자,17673,18631,36304
2022-01-25,분당선,죽전,12703,14132,26835
2022-01-25,분당선,청명,4139,3971,8110
2022-01-25,분당선,태평,13312,12935,26247
2022-01-25,분당선,한티,15211,16214,31425
2022-01-25,수인선,고색,4499,4162,8661
2022-01-25,수인선,남동인더스파크,2315,2541,4856
2022-01-25,수인선,달월,105,50,155
2022-01-25,수인선,사리,4239,3757,7996
2022-01-25,수인선,소래포구,4490,4117,8607
2022-01-25,수인선,송도,2299,2209,4508
2022-01-25,수인선,숭의,3796,3617,7413
2022-01-25,수인선,신포,1688,1694,3382
2022-01-25,수인선,야목,310,222,532
2022-01-25,수인선,어천,596,626,1222
2022-01-25,수인선,연수,4169,4152,8321
2022-01-25,수인선,오목천,2538,2369,4907
2022-01-25,수인선,원인재,4287,4502,8789
2022-01-25,수인선,월곶,2398,2211,4609
2022-01-25,수인선,인천,964,1518,2482
2022-01-25,수인선,인천논현,5187,5574,10761
2022-01-25,수인선,인하대,5380,5063,10443
2022-01-25,수인선,호구포,3958,4148,8106
2022-01-25,안산선,고잔,8642,8119,16761
2022-01-25,안산선,대야미,4708,4341,9049
2022-01-25,안산선,반월,4074,3902,7976
2022-01-25,안산선,산본,15374,16591,31965
2022-01-25,안산선,상록수,14682,15185,29867
2022-01-25,안산선,수리산,4132,3325,7457
2022-01-25,안산선,신길온천,1623,1467,3090
2022-01-25,안산선,안산,10927,9896,20823
2022-01-25,안산선,오이도,7674,7443,15117
2022-01-25,안산선,정왕,7049,7462,14511
2022-01-25,안산선,중앙,17182,17526,34708
2022-01-25,안산선,초지,4394,4519,8913
2022-01-25,안산선,한대앞,8239,8368,16607
2022-01-25,우이신설선,4.19민주묘지,2584,2451,5035
2022-01-25,우이신설선,가오리,3959,4013,7972
2022-01-25,우이신설선,보문,1500,1532,3032
2022-01-25,우이신설선,북한산보국문,5819,5549,11368
2022-01-25,우이신설선,북한산우이,2246,1950,4196
2022-01-25,우이신설선,삼양,1934,2136,4070
2022-01-25,우이신설선,삼양사거리,2454,2416,4870
2022-01-25,우이신설선,성신여대입구,3221,3523,6744
2022-01-25,우이신설선,솔밭공원,2359,2332,4691
2022-01-25,우이신설선,솔샘,5851,5485,11336
2022-01-25,우이신설선,신설동,2121,2058,4179
2022-01-25,우이신설선,정릉,4566,4287,8853
2022-01-25,우이신설선,화계,3320,3103,6423
2022-01-25,일산선,대곡,1968,1543,3511
2022-01-25,일산선,대화,12685,9995,22680
2022-01-25,일산선,마두,7588,7575,15163
2022-01-25,일산선,백석,9850,10048,19898
2022-01-25,일산선,삼송,19433,18772,38205
2022-01-25,일산선,원당,10833,10410,21243
2022-01-25,일산선,원흥,10481,9995,20476
2022-01-25,일산선,정발산,6948,6865,13813
2022-01-25,일산선,주엽,8848,8801,17649
2022-01-25,일산선,화정,16933,17402,34335
2022-01-25,장항선,배방,834,801,1635
2022-01-25,장항선,봉명,1100,1112,2212
2022-01-25,장항선,신창,836,846,1682
2022-01-25,장항선,쌍용,1558,1533,3091
2022-01-25,장항선,아산,2289,2068,4357
2022-01-25,장항선,온양온천,3069,3136,6205
2022-01-25,장항선,탕정,402,374,776
2022-01-25,중앙선,구리,12919,13073,25992
2022-01-25,중앙선,국수,581,576,1157
2022-01-25,중앙선,덕소,5294,5201,10495
2022-01-25,중앙선,도농,10230,9322,19552
2022-01-25,중앙선,도심,2261,1749,4010
2022-01-25,중앙선,망우,7281,7251,14532
2022-01-25,중앙선,상봉,5677,5601,11278
2022-01-25,중앙선,신원,152,121,273
2022-01-25,중앙선,아신,449,452,901
2022-01-25,중앙선,양수,1474,1541,3015
2022-01-25,중앙선,양원,1920,1858,3778
2022-01-25,중앙선,양정,677,587,1264
2022-01-25,중앙선,양평,2348,2312,4660
2022-01-25,중앙선,오빈,271,271,542
2022-01-25,중앙선,용문,2169,2218,4387
2022-01-25,중앙선,운길산,489,439,928
2022-01-25,중앙선,원덕,295,266,561
2022-01-25,중앙선,중랑,5369,5158,10527
2022-01-25,중앙선,지평,56,51,107
2022-01-25,중앙선,팔당,683,721,1404
2022-01-25,중앙선,회기,22854,21986,44840
2022-01-26,1호선,동대문,10782,9880,20662
2022-01-26,1호선,동묘앞,7813,8166,15979
2022-01-26,1호선,서울역,42167,41207,83374
2022-01-26,1호선,시청,22733,22803,45536
2022-01-26,1호선,신설동,14042,13539,27581
2022-01-26,1호선,제기동,20506,21250,41756
2022-01-26,1호선,종각,35346,34368,69714
2022-01-26,1호선,종로3가,25502,23461,48963
2022-01-26,1호선,종로5가,22828,22386,45214
2022-01-26,1호선,청량리,21722,22121,43843
2022-01-26,2호선,강남,88530,85855,174385
2022-01-26,2호선,강변,29411,27746,57157
2022-01-26,2호선,건대입구,34195,36169,70364
2022-01-26,2호선,교대,35390,39856,75246
2022-01-26,2호선,구로디지털단지,60610,60593,121203
2022-01-26,2호선,구의,24303,23911,48214
2022-01-26,2호선,낙성대,26820,26284,53104
2022-01-26,2호선,당산,18360,21247,39607
2022-01-26,2호선,대림,23911,24663,48574
2022-01-26,2호선,도림천,1484,1516,3000
2022-01-26,2호선,동대문역사문화공원,11308,12485,23793
2022-01-26,2호선,뚝섬,22596,24314,46910
2022-01-26,2호선,문래,21808,22193,44001
2022-01-26,2호선,방배,17644,18331,35975
2022-01-26,2호선,봉천,24124,22793,46917
2022-01-26,2호선,사당,36681,39503,76184
2022-01-26,2호선,삼성,53163,53728,106891
2022-01-26,2호선,상왕십리,14406,14224,28630
2022-01-26,2호선,서울대입구,47347,46793,94140
2022-01-26,2호선,서초,22293,21529,43822
2022-01-26,2호선,선릉,58871,51999,110870
2022-01-26,2호선,성수,39178,42286,81464
2022-01-26,2호선,시청,24913,23899,48812
2022-01-26,2호선,신답,1705,2017,3722
2022-01-26,2호선,신당,13915,14514,28429
2022-01-26,2호선,신대방,26303,25672,51975
2022-01-26,2호선,신도림,47560,46892,94452
2022-01-26,2호선,신림,62999,61637,124636
2022-01-26,2호선,신설동,3468,3550,7018
2022-01-26,2호선,신정네거리,10379,10728,21107
2022-01-26,2호선,신촌,31692,32663,64355
2022-01-26,2호선,아현,9910,9617,19527
2022-01-26,2호선,양천구청,6930,7347,14277
2022-01-26,2호선,역삼,56425,61937,118362
2022-01-26,2호선,영등포구청,23831,24437,48268
2022-01-26,2호선,왕십리,15496,13172,28668
2022-01-26,2호선,용답,2709,2772,5481
2022-01-26,2호선,용두,2662,2755,5417
2022-01-26,2호선,을지로3가,22773,22454,45227
2022-01-26,2호선,을지로4가,13658,13221,26879
2022-01-26,2호선,을지로입구,39993,40899,80892
2022-01-26,2호선,이대,12590,13344,25934
2022-01-26,2호선,잠실,68262,67853,136115
2022-01-26,2호선,잠실나루,14986,14461,29447
2022-01-26,2호선,잠실새내,21376,21318,42694
2022-01-26,2호선,종합운동장,7670,8093,15763
2022-01-26,2호선,충정로,10230,10828,21058
2022-01-26,2호선,한양대,6970,7312,14282
2022-01-26,2호선,합정,31127,31944,63071
2022-01-26,2호선,홍대입구,53110,53614,106724
2022-01-26,3호선,가락시장,9656,9446,19102
2022-01-26,3호선,경복궁,19891,19391,39282
2022-01-26,3호선,경찰병원,7709,7801,15510
2022-01-26,3호선,고속터미널,38125,38019,76144
2022-01-26,3호선,교대,14975,9515,24490
2022-01-26,3호선,구파발,20727,19587,40314
2022-01-26,3호선,금호,8197,7802,15999
2022-01-26,3호선,남부터미널,29423,30370,59793
2022-01-26,3호선,녹번,15455,14222,29677
2022-01-26,3호선,대청,10055,9373,19428
2022-01-26,3호선,대치,11668,11607,23275
2022-01-26,3호선,도곡,5475,5637,11112
2022-01-26,3호선,독립문,6712,6937,13649
2022-01-26,3호선,동대입구,6997,7274,14271
2022-01-26,3호선,매봉,13117,12554,25671
2022-01-26,3호선,무악재,4018,3962,7980
2022-01-26,3호선,불광,16280,17565,33845
2022-01-26,3호선,수서,17270,17668,34938
2022-01-26,3호선,신사,32315,33500,65815
2022-01-26,3호선,안국,20288,20774,41062
2022-01-26,3호선,압구정,34171,36128,70299
2022-01-26,3호선,약수,12881,12453,25334
2022-01-26,3호선,양재,40537,43664,84201
2022-01-26,3호선,연신내,36139,34564,70703
2022-01-26,3호선,오금,6294,5735,12029
2022-01-26,3호선,옥수,8939,9504,18443
2022-01-26,3호선,을지로3가,10731,10948,21679
2022-01-26,3호선,일원,10335,10153,20488
2022-01-26,3호선,잠원,4803,4823,9626
2022-01-26,3호선,종로3가,10639,11847,22486
2022-01-26,3호선,지축,4558,4360,8918
2022-01-26,3호선,충무로,1,0,1
2022-01-26,3호선,학여울,1865,1866,3731
2022-01-26,3호선,홍제,17134,16417,33551
2022-01-26,4호선,길음,20425,20328,40753
2022-01-26,4호선,남태령,1131,975,2106
2022-01-26,4호선,노원,18695,20840,39535
2022-01-26,4호선,당고개,12691,11350,24041
2022-01-26,4호선,동대문,18917,19594,38511
2022-01-26,4호선,동대문역사문화공원,14252,13263,27515
2022-01-26,4호선,동작,1364,1576,2940
2022-01-26,4호선,명동,17457,17794,35251
2022-01-26,4호선,미아,14617,14083,28700
2022-01-26,4호선,미아사거리,27290,26634,53924
2022-01-26,4호선,사당,24444,20090,44534
2022-01-26,4호선,삼각지,5029,5546,10575
2022-01-26,4호선,상계,18673,17455,36128
2022-01-26,4호선,서울역,11174,16894,28068
2022-01-26,4호선,성신여대입구,19558,18780,38338
2022-01-26,4호선,수유,33139,33553,66692
2022-01-26,4호선,숙대입구,12460,12309,24769
2022-01-26,4호선,신용산,16785,17905,34690
2022-01-26,4호선,쌍문,29182,26992,56174
2022-01-26,4호선,이촌,7798,8595,16393
2022-01-26,4호선,창동,25810,27606,53416
2022-01-26,4호선,총신대입구,19151,20800,39951
2022-01-26,4호선,충무로,25875,26571,52446
2022-01-26,4호선,한성대입구,12863,12645,25508
2022-01-26,4호선,혜화,33973,33813,67786
2022-01-26,4호선,회현,23364,24782,48146
2022-01-26,5호선,강동,18645,18134,36779
2022-01-26,5호선,강일,3973,3852,7825
2022-01-26,5호선,개롱,6557,6784,13341
2022-01-26,5호선,개화산,5613,5511,11124
2022-01-26,5호선,거여,9576,9026,18602
2022-01-26,5호선,고덕,9508,9704,19212
2022-01-26,5호선,공덕,14385,15453,29838
2022-01-26,5호선,광나루,13238,11905,25143
2022-01-26,5호선,광화문,30422,31409,61831
2022-01-26,5호선,군자,11430,12546,23976
2022-01-26,5호선,굽은다리,9574,9202,18776
2022-01-26,5호선,길동,8328,8529,16857
2022-01-26,5호선,김포공항,7107,6976,14083
2022-01-26,5호선,까치산,29170,28177,57347
2022-01-26,5호선,답십리,16622,15236,31858
2022-01-26,5호선,동대문역사문화공원,3105,3570,6675
2022-01-26,5호선,둔촌동,8747,8758,17505
2022-01-26,5호선,마곡,11527,11194,22721
2022-01-26,5호선,마장,6134,5894,12028
2022-01-26,5호선,마천,6947,6880,13827
2022-01-26,5호선,마포,15281,15643,30924
2022-01-26,5호선,명일,8618,9109,17727
2022-01-26,5호선,목동,17249,18740,35989
2022-01-26,5호선,미사,16452,16168,32620
2022-01-26,5호선,발산,21108,21592,42700
2022-01-26,5호선,방이,7359,7604,14963
2022-01-26,5호선,방화,6481,6279,12760
2022-01-26,5호선,상일동,15687,14479,30166
2022-01-26,5호선,서대문,19630,19908,39538
2022-01-26,5호선,송정,6688,6198,12886
2022-01-26,5호선,신금호,6299,6568,12867
2022-01-26,5호선,신길,4198,4519,8717
2022-01-26,5호선,신정,13904,11469,25373
2022-01-26,5호선,아차산,14320,13910,28230
2022-01-26,5호선,애오개,7025,7033,14058
2022-01-26,5호선,양평,7926,7851,15777
2022-01-26,5호선,여의나루,9350,10227,19577
2022-01-26,5호선,여의도,30144,31140,61284
2022-01-26,5호선,영등포구청,4058,4193,8251
2022-01-26,5호선,영등포시장,10175,10485,20660
2022-01-26,5호선,오금,3788,3768,7556
2022-01-26,5호선,오목교,22743,24111,46854
2022-01-26,5호선,올림픽공원,4215,3552,7767
2022-01-26,5호선,왕십리,4858,5335,10193
2022-01-26,5호선,우장산,14451,14358,28809
2022-01-26,5호선,을지로4가,6474,6520,12994
2022-01-26,5호선,장한평,19089,19195,38284
2022-01-26,5호선,종로3가,12805,12335,25140
2022-01-26,5호선,천호,17954,17951,35905
2022-01-26,5호선,청구,4123,3768,7891
2022-01-26,5호선,충정로,4800,4991,9791
2022-01-26,5호선,하남검단산,5335,5130,10465
2022-01-26,5호선,하남시청,6451,6274,12725
2022-01-26,5호선,하남풍산,4129,4192,8321
2022-01-26,5호선,행당,8434,7553,15987
2022-01-26,5호선,화곡,28442,26868,55310
2022-01-26,6호선,고려대,7635,7412,15047
2022-01-26,6호선,공덕,19040,18078,37118
2022-01-26,6호선,광흥창,9309,9089,18398
2022-01-26,6호선,구산,7467,5686,13153
2022-01-26,6호선,녹사평,4444,4446,8890
2022-01-26,6호선,대흥,7911,8253,16164
2022-01-26,6호선,독바위,2682,2829,5511
2022-01-26,6호선,돌곶이,9541,9053,18594
2022-01-26,6호선,동묘앞,7769,7944,15713
2022-01-26,6호선,디지털미디어시티,13946,15240,29186
2022-01-26,6호선,마포구청,14609,13390,27999
2022-01-26,6호선,망원,14701,15522,30223
2022-01-26,6호선,버티고개,1907,2051,3958
2022-01-26,6호선,보문,7310,6723,14033
2022-01-26,6호선,봉화산,9013,8398,17411
2022-01-26,6호선,불광,4442,4381,8823
2022-01-26,6호선,삼각지,6408,5687,12095
2022-01-26,6호선,상수,8263,9115,17378
2022-01-26,6호선,상월곡,6288,5570,11858
2022-01-26,6호선,새절,12674,12028,24702
2022-01-26,6호선,석계,12251,12512,24763
2022-01-26,6호선,신당,8580,8758,17338
2022-01-26,6호선,안암,9883,10051,19934
2022-01-26,6호선,약수,3536,3501,7037
2022-01-26,6호선,역촌,3852,4544,8396
2022-01-26,6호선,연신내,2,0,2
2022-01-26,6호선,월곡,11680,11661,23341
2022-01-26,6호선,월드컵경기장,4063,4206,8269
2022-01-26,6호선,응암,17732,17728,35460
2022-01-26,6호선,이태원,9021,9133,18154
2022-01-26,6호선,증산,10188,10067,20255
2022-01-26,6호선,창신,3365,2703,6068
2022-01-26,6호선,청구,3743,4032,7775
2022-01-26,6호선,태릉입구,5567,6010,11577
2022-01-26,6호선,한강진,9310,10302,19612
2022-01-26,6호선,합정,12953,12431,25384
2022-01-26,6호선,화랑대,12041,9336,21377
2022-01-26,6호선,효창공원앞,6935,6230,13165
2022-01-26,7호선,가산디지털단지,47561,47472,95033
2022-01-26,7호선,강남구청,17539,19005,36544
2022-01-26,7호선,건대입구,12042,12840,24882
2022-01-26,7호선,고속터미널,15474,13393,28867
2022-01-26,7호선,공릉,11381,11173,22554
2022-01-26,7호선,광명사거리,22503,22296,44799
2022-01-26,7호선,군자,15239,12298,27537
2022-01-26,7호선,남구로,16311,17346,33657
2022-01-26,7호선,남성,11096,10293,21389
2022-01-26,7호선,내방,15191,15596,30787
2022-01-26,7호선,노원,19747,20439,40186
2022-01-26,7호선,논현,21423,23085,44508
2022-01-26,7호선,대림,8004,8005,16009
2022-01-26,7호선,도봉산,8875,10374,19249
2022-01-26,7호선,뚝섬유원지,7486,7254,14740
2022-01-26,7호선,마들,12917,12513,25430
2022-01-26,7호선,먹골,10390,10195,20585
2022-01-26,7호선,면목,15458,15136,30594
2022-01-26,7호선,반포,5954,5593,11547
2022-01-26,7호선,보라매,9734,9854,19588
2022-01-26,7호선,부평구청,1,0,1
2022-01-26,7호선,사가정,16340,16345,32685
2022-01-26,7호선,상도,10787,10884,21671
2022-01-26,7호선,상봉,17183,15963,33146
2022-01-26,7호선,수락산,12575,12419,24994
2022-01-26,7호선,숭실대입구,11482,11690,23172
2022-01-26,7호선,신대방삼거리,16938,16281,33219
2022-01-26,7호선,신중동,2,0,2
2022-01-26,7호선,신풍,11570,11063,22633
2022-01-26,7호선,어린이대공원,11967,11768,23735
2022-01-26,7호선,온수,10080,9274,19354
2022-01-26,7호선,용마산,5994,5892,11886
2022-01-26,7호선,이수,16032,15565,31597
2022-01-26,7호선,장승배기,9243,9083,18326
2022-01-26,7호선,장암,2205,770,2975
2022-01-26,7호선,중계,14123,12909,27032
2022-01-26,7호선,중곡,10818,10197,21015
2022-01-26,7호선,중화,10876,10819,21695
2022-01-26,7호선,천왕,11737,11192,22929
2022-01-26,7호선,철산,21148,21555,42703
2022-01-26,7호선,청담,19792,22214,42006
2022-01-26,7호선,춘의,1,0,1
2022-01-26,7호선,태릉입구,8629,8090,16719
2022-01-26,7호선,하계,18250,17152,35402
2022-01-26,7호선,학동,25870,27245,53115
2022-01-26,8호선,가락시장,8300,9134,17434
2022-01-26,8호선,강동구청,10892,11394,22286
2022-01-26,8호선,남위례,3897,4120,8017
2022-01-26,8호선,남한산성입구,13530,12301,25831
2022-01-26,8호선,단대오거리,10483,10387,20870
2022-01-26,8호선,모란,4219,3265,7484
2022-01-26,8호선,몽촌토성,6114,6303,12417
2022-01-26,8호선,문정,23176,24464,47640
2022-01-26,8호선,복정,9716,8265,17981
2022-01-26,8호선,산성,5282,5289,10571
2022-01-26,8호선,석촌,8030,8952,16982
2022-01-26,8호선,송파,7509,7743,15252
2022-01-26,8호선,수진,5139,4733,9872
2022-01-26,8호선,신흥,4216,4560,8776
2022-01-26,8호선,암사,19236,17239,36475
2022-01-26,8호선,잠실,13856,16270,30126
2022-01-26,8호선,장지,17548,17125,34673
2022-01-26,8호선,천호,14941,16982,31923
2022-01-26,9호선,가양,20581,20197,40778
2022-01-26,9호선,개화,2515,1696,4211
2022-01-26,9호선,고속터미널,11773,15517,27290
2022-01-26,9호선,공항시장,2963,3214,6177
2022-01-26,9호선,구반포,1447,1494,2941
2022-01-26,9호선,국회의사당,18193,18619,36812
2022-01-26,9호선,김포공항,7227,11289,18516
2022-01-26,9호선,노들,4575,3939,8514
2022-01-26,9호선,노량진,26574,25750,52324
2022-01-26,9호선,당산,18419,18415,36834
2022-01-26,9호선,동작,2245,1768,4013
2022-01-26,9호선,등촌,11775,11696,23471
2022-01-26,9호선,마곡나루,12204,12058,24262
2022-01-26,9호선,사평,3499,3456,6955
2022-01-26,9호선,샛강,6137,6374,12511
2022-01-26,9호선,선유도,9123,8765,17888
2022-01-26,9호선,신논현,32884,32514,65398
2022-01-26,9호선,신목동,4218,3800,8018
2022-01-26,9호선,신반포,3280,3260,6540
2022-01-26,9호선,신방화,6885,6665,13550
2022-01-26,9호선,양천향교,9714,9896,19610
2022-01-26,9호선,여의도,29140,27745,56885
2022-01-26,9호선,염창,17566,17084,34650
2022-01-26,9호선,증미,7546,7526,15072
2022-01-26,9호선,흑석,8158,8451,16609
2022-01-26,9호선2~3단계,둔촌오륜,981,983,1964
2022-01-26,9호선2~3단계,봉은사,16811,16966,33777
2022-01-26,9호선2~3단계,삼성중앙,7122,7423,14545
2022-01-26,9호선2~3단계,삼전,7082,6842,13924
2022-01-26,9호선2~3단계,석촌,8603,7756,16359
2022-01-26,9호선2~3단계,석촌고분,6233,6206,12439
2022-01-26,9호선2~3단계,선정릉,9973,11072,21045
2022-01-26,9호선2~3단계,송파나루,5292,5538,10830
2022-01-26,9호선2~3단계,언주,11203,11470,22673
2022-01-26,9호선2~3단계,올림픽공원,5849,5874,11723
2022-01-26,9호선2~3단계,종합운동장,4338,4321,8659
2022-01-26,9호선2~3단계,중앙보훈병원,11105,9715,20820
2022-01-26,9호선2~3단계,한성백제,2577,2422,4999
2022-01-26,경강선,경기광주,7524,7111,14635
2022-01-26,경강선,곤지암,2226,2091,4317
2022-01-26,경강선,부발,2191,1838,4029
2022-01-26,경강선,삼동,2365,2266,4631
2022-01-26,경강선,세종대왕릉,246,256,502
2022-01-26,경강선,신둔도예촌,1296,1210,2506
2022-01-26,경강선,여주,1851,1876,3727
2022-01-26,경강선,이매,1071,857,1928
2022-01-26,경강선,이천,2396,2492,4888
2022-01-26,경강선,초월,3014,2905,5919
2022-01-26,경강선,판교,4887,4759,9646
2022-01-26,경부선,가산디지털단지,18833,21554,40387
2022-01-26,경부선,관악,7168,6755,13923
2022-01-26,경부선,광명,3090,2825,5915
2022-01-26,경부선,구로,18737,19026,37763
2022-01-26,경부선,군포,7940,7896,15836
2022-01-26,경부선,금정,26671,27247,53918
2022-01-26,경부선,금천구청,11840,11997,23837
2022-01-26,경부선,남영,9030,9411,18441
2022-01-26,경부선,노량진,8117,8419,16536
2022-01-26,경부선,당정,6060,5880,11940
2022-01-26,경부선,대방,13114,13451,26565
2022-01-26,경부선,독산,19074,20030,39104
2022-01-26,경부선,두정,4508,4466,8974
2022-01-26,경부선,명학,8915,8816,17731
2022-01-26,경부선,병점,13326,13104,26430
2022-01-26,경부선,서동탄,1362,1182,2544
2022-01-26,경부선,서울역,5523,1994,7517
2022-01-26,경부선,서정리,6278,5528,11806
2022-01-26,경부선,석수,9776,8574,18350
2022-01-26,경부선,성균관대,13254,13195,26449
2022-01-26,경부선,성환,2678,2723,5401
2022-01-26,경부선,세류,2983,2771,5754
2022-01-26,경부선,세마,2614,2406,5020
2022-01-26,경부선,송탄,3843,3601,7444
2022-01-26,경부선,수원,30764,32838,63602
2022-01-26,경부선,신길,8914,7600,16514
2022-01-26,경부선,신도림,4255,4152,8407
2022-01-26,경부선,안양,20660,20906,41566
2022-01-26,경부선,영등포,36059,36687,72746
2022-01-26,경부선,오산,9082,8950,18032
2022-01-26,경부선,오산대,3095,2872,5967
2022-01-26,경부선,용산,31500,32670,64170
2022-01-26,경부선,의왕,9138,9071,18209
2022-01-26,경부선,직산,679,696,1375
2022-01-26,경부선,진위,1524,1330,2854
2022-01-26,경부선,천안,4363,4413,8776
2022-01-26,경부선,평택,9854,9726,19580
2022-01-26,경부선,평택지제,3109,3033,6142
2022-01-26,경부선,화서,7846,7500,15346
2022-01-26,경원선,가능,6397,6258,12655
2022-01-26,경원선,광운대,7292,7176,14468
2022-01-26,경원선,녹양,4497,4161,8658
2022-01-26,경원선,녹천,4456,3820,8276
2022-01-26,경원선,덕계,3017,2709,5726
2022-01-26,경원선,덕정,5036,4768,9804
2022-01-26,경원선,도봉,6312,6135,12447
2022-01-26,경원선,도봉산,7258,4525,11783
2022-01-26,경원선,동두천,1939,2150,4089
2022-01-26,경원선,동두천중앙,2910,2785,5695
2022-01-26,경원선,망월사,7040,7389,14429
2022-01-26,경원선,방학,9664,9489,19153
2022-01-26,경원선,보산,1267,1179,2446
2022-01-26,경원선,서빙고,2048,1957,4005
2022-01-26,경원선,석계,8040,9126,17166
2022-01-26,경원선,소요산,2141,1808,3949
2022-01-26,경원선,신이문,8432,7923,16355
2022-01-26,경원선,양주,7366,6893,14259
2022-01-26,경원선,옥수,50,33,83
2022-01-26,경원선,왕십리,13945,15534,29479
2022-01-26,경원선,외대앞,7149,7057,14206
2022-01-26,경원선,월계,6429,6117,12546
2022-01-26,경원선,응봉,1842,1593,3435
2022-01-26,경원선,의정부,17817,18308,36125
2022-01-26,경원선,이촌,3666,2945,6611
2022-01-26,경원선,지행,5972,5898,11870
2022-01-26,경원선,청량리,14916,15647,30563
2022-01-26,경원선,한남,4127,3904,8031
2022-01-26,경원선,회룡,12515,12308,24823
2022-01-26,경의선,가좌,5254,5100,10354
2022-01-26,경의선,강매,3159,2750,5909
2022-01-26,경의선,곡산,581,596,1177
2022-01-26,경의선,공덕,3727,3106,6833
2022-01-26,경의선,금릉,4730,4573,9303
2022-01-26,경의선,금촌,6702,6870,13572
2022-01-26,경의선,능곡,3647,3416,7063
2022-01-26,경의선,디지털미디어시티,2367,2253,4620
2022-01-26,경의선,문산,4701,4643,9344
2022-01-26,경의선,백마,6773,6557,13330
2022-01-26,경의선,서강대,2144,2079,4223
2022-01-26,경의선,서울역,4187,5300,9487
2022-01-26,경의선,수색,2804,2919,5723
2022-01-26,경의선,신촌,860,1006,1866
2022-01-26,경의선,야당,7468,7161,14629
2022-01-26,경의선,운정,7002,6460,13462
2022-01-26,경의선,월롱,2601,2203,4804
2022-01-26,경의선,일산,8954,9058,18012
2022-01-26,경의선,임진강,4,7,11
2022-01-26,경의선,탄현,7585,7417,15002
2022-01-26,경의선,파주,991,717,1708
2022-01-26,경의선,풍산,5373,4945,10318
2022-01-26,경의선,행신,7655,7815,15470
2022-01-26,경의선,홍대입구,1731,1998,3729
2022-01-26,경의선,화전,1469,1300,2769
2022-01-26,경의선,효창공원앞,2926,3424,6350
2022-01-26,경인선,간석,5821,5461,11282
2022-01-26,경인선,개봉,21108,21199,42307
2022-01-26,경인선,구일,5996,5972,11968
2022-01-26,경인선,도원,2426,2510,4936
2022-01-26,경인선,도화,4078,3851,7929
2022-01-26,경인선,동암,14318,14511,28829
2022-01-26,경인선,동인천,13636,12970,26606
2022-01-26,경인선,백운,6648,6594,13242
2022-01-26,경인선,부개,8325,7910,16235
2022-01-26,경인선,부천,31856,31943,63799
2022-01-26,경인선,부평,28255,29836,58091
2022-01-26,경인선,소사,8361,8162,16523
2022-01-26,경인선,송내,26191,26072,52263
2022-01-26,경인선,역곡,26403,26363,52766
2022-01-26,경인선,오류동,11840,11206,23046
2022-01-26,경인선,온수,6269,6104,12373
2022-01-26,경인선,인천,3174,2411,5585
2022-01-26,경인선,제물포,9940,9602,19542
2022-01-26,경인선,주안,17934,16312,34246
2022-01-26,경인선,중동,9232,8801,18033
2022-01-26,경춘선,가평,1492,1476,2968
2022-01-26,경춘선,갈매,3043,2645,5688
2022-01-26,경춘선,강촌,319,302,621
2022-01-26,경춘선,굴봉산,121,142,263
2022-01-26,경춘선,금곡,1464,1420,2884
2022-01-26,경춘선,김유정,270,258,528
2022-01-26,경춘선,남춘천,1942,1914,3856
2022-01-26,경춘선,대성리,390,393,783
2022-01-26,경춘선,마석,3438,3438,6876
2022-01-26,경춘선,백양리,303,269,572
2022-01-26,경춘선,별내,3312,3081,6393
2022-01-26,경춘선,사릉,3100,3038,6138
2022-01-26,경춘선,상천,204,183,387
2022-01-26,경춘선,신내,1965,1865,3830
2022-01-26,경춘선,천마산,1560,1420,2980
2022-01-26,경춘선,청평,1481,1365,2846
2022-01-26,경춘선,춘천,1033,894,1927
2022-01-26,경춘선,퇴계원,3589,3388,6977
2022-01-26,경춘선,평내호평,6015,5745,11760
2022-01-26,공항철도,검암,6734,6562,13296
2022-01-26,공항철도,계양,10158,9524,19682
2022-01-26,공항철도,공덕,2258,2956,5214
2022-01-26,공항철도,공항화물청사,2288,2548,4836
2022-01-26,공항철도,김포공항,11575,6525,18100
2022-01-26,공항철도,디지털미디어시티,14728,13258,27986
2022-01-26,공항철도,마곡나루,9227,8851,18078
2022-01-26,공항철도,서울역,7071,6853,13924
2022-01-26,공항철도,영종,2920,2909,5829
2022-01-26,공항철도,운서,6390,6244,12634
2022-01-26,공항철도,인천공항1터미널,3245,3540,6785
2022-01-26,공항철도,인천공항2터미널,1962,1905,3867
2022-01-26,공항철도,청라국제도시,6897,6459,13356
2022-01-26,공항철도,홍대입구,9430,9473,18903
2022-01-26,과천선,경마공원,1770,1774,3544
2022-01-26,과천선,과천,6273,5818,12091
2022-01-26,과천선,대공원,2501,2612,5113
2022-01-26,과천선,범계,26066,25730,51796
2022-01-26,과천선,선바위,8268,7182,15450
2022-01-26,과천선,인덕원,24119,25373,49492
2022-01-26,과천선,정부과천청사,10607,10559,21166
2022-01-26,과천선,평촌,18129,17887,36016
2022-01-26,분당선,가천대,6495,7320,13815
2022-01-26,분당선,강남구청,11057,12415,23472
2022-01-26,분당선,개포동,3812,4065,7877
2022-01-26,분당선,구룡,1994,1923,3917
2022-01-26,분당선,구성,5050,5358,10408
2022-01-26,분당선,기흥,9234,8939,18173
2022-01-26,분당선,대모산입구,4582,4345,8927
2022-01-26,분당선,도곡,7051,7051,14102
2022-01-26,분당선,망포,14496,13627,28123
2022-01-26,분당선,매교,2753,2757,5510
2022-01-26,분당선,매탄권선,4811,4668,9479
2022-01-26,분당선,모란,20032,20049,40081
2022-01-26,분당선,미금,15982,17104,33086
2022-01-26,분당선,보정,2411,2119,4530
2022-01-26,분당선,상갈,5318,5137,10455
2022-01-26,분당선,서울숲,10476,10743,21219
2022-01-26,분당선,서현,24939,25323,50262
2022-01-26,분당선,선릉,14187,21071,35258
2022-01-26,분당선,선정릉,8494,9071,17565
2022-01-26,분당선,수내,13878,13848,27726
2022-01-26,분당선,수서,13296,14321,27617
2022-01-26,분당선,수원,7680,6497,14177
2022-01-26,분당선,수원시청,12900,13605,26505
2022-01-26,분당선,신갈,4504,4520,9024
2022-01-26,분당선,압구정로데오,20403,21924,42327
2022-01-26,분당선,야탑,26671,27642,54313
2022-01-26,분당선,영통,8347,8135,16482
2022-01-26,분당선,오리,12514,10142,22656
2022-01-26,분당선,이매,5666,5512,11178
2022-01-26,분당선,정자,17903,18808,36711
2022-01-26,분당선,죽전,13196,14443,27639
2022-01-26,분당선,청명,4173,4041,8214
2022-01-26,분당선,태평,13692,13376,27068
2022-01-26,분당선,한티,15382,16454,31836
2022-01-26,수인선,고색,4529,4275,8804
2022-01-26,수인선,남동인더스파크,2375,2625,5000
2022-01-26,수인선,달월,94,65,159
2022-01-26,수인선,사리,4301,3816,8117
2022-01-26,수인선,소래포구,4689,4323,9012
2022-01-26,수인선,송도,2422,2273,4695
2022-01-26,수인선,숭의,3862,3572,7434
2022-01-26,수인선,신포,1711,1813,3524
2022-01-26,수인선,야목,339,236,575
2022-01-26,수인선,어천,673,666,1339
2022-01-26,수인선,연수,4221,4185,8406
2022-01-26,수인선,오목천,2647,2514,5161
2022-01-26,수인선,원인재,4365,4532,8897
2022-01-26,수인선,월곶,2662,2510,5172
2022-01-26,수인선,인천,965,1567,2532
2022-01-26,수인선,인천논현,5304,5527,10831
2022-01-26,수인선,인하대,5467,5166,10633
2022-01-26,수인선,호구포,4055,4167,8222
2022-01-26,안산선,고잔,8643,8176,16819
2022-01-26,안산선,대야미,4888,4388,9276
2022-01-26,안산선,반월,4182,4074,8256
2022-01-26,안산선,산본,15627,16761,32388
2022-01-26,안산선,상록수,14991,15263,30254
2022-01-26,안산선,수리산,4150,3325,7475
2022-01-26,안산선,신길온천,1579,1515,3094
2022-01-26,안산선,안산,10978,10169,21147
2022-01-26,안산선,오이도,7785,7486,15271
2022-01-26,안산선,정왕,7213,7607,14820
2022-01-26,안산선,중앙,17464,17724,35188
2022-01-26,안산선,초지,4376,4472,8848
2022-01-26,안산선,한대앞,8506,8500,17006
2022-01-26,우이신설선,4.19민주묘지,2796,2639,5435
2022-01-26,우이신설선,가오리,4134,4104,8238
2022-01-26,우이신설선,보문,1542,1532,3074
2022-01-26,우이신설선,북한산보국문,6013,5870,11883
2022-01-26,우이신설선,북한산우이,2535,2274,4809
2022-01-26,우이신설선,삼양,2051,2139,4190
2022-01-26,우이신설선,삼양사거리,2452,2466,4918
2022-01-26,우이신설선,성신여대입구,3312,3569,6881
2022-01-26,우이신설선,솔밭공원,2490,2302,4792
2022-01-26,우이신설선,솔샘,5927,5645,11572
2022-01-26,우이신설선,신설동,2149,2153,4302
2022-01-26,우이신설선,정릉,4749,4409,9158
2022-01-26,우이신설선,화계,3474,3255,6729
2022-01-26,일산선,대곡,1914,1517,3431
2022-01-26,일산선,대화,12388,10063,22451
2022-01-26,일산선,마두,7710,7755,15465
2022-01-26,일산선,백석,9495,9498,18993
2022-01-26,일산선,삼송,19231,18983,38214
2022-01-26,일산선,원당,10993,10436,21429
2022-01-26,일산선,원흥,10672,10131,20803
2022-01-26,일산선,정발산,7154,6970,14124
2022-01-26,일산선,주엽,8868,8983,17851
2022-01-26,일산선,화정,16915,17334,34249
2022-01-26,장항선,배방,931,903,1834
2022-01-26,장항선,봉명,1133,1116,2249
2022-01-26,장항선,신창,857,819,1676
2022-01-26,장항선,쌍용,1777,1607,3384
2022-01-26,장항선,아산,2489,2364,4853
2022-01-26,장항선,온양온천,3240,3246,6486
2022-01-26,장항선,탕정,453,415,868
2022-01-26,중앙선,구리,13374,13431,26805
2022-01-26,중앙선,국수,562,565,1127
2022-01-26,중앙선,덕소,5347,5411,10758
2022-01-26,중앙선,도농,10314,9336,19650
2022-01-26,중앙선,도심,2287,1809,4096
2022-01-26,중앙선,망우,7556,7541,15097
2022-01-26,중앙선,상봉,5693,5831,11524
2022-01-26,중앙선,신원,143,117,260
2022-01-26,중앙선,아신,454,484,938
2022-01-26,중앙선,양수,1666,1674,3340
2022-01-26,중앙선,양원,2075,2026,4101
2022-01-26,중앙선,양정,705,629,1334
2022-01-26,중앙선,양평,2425,2417,4842
2022-01-26,중앙선,오빈,274,256,530
2022-01-26,중앙선,용문,1392,1390,2782
2022-01-26,중앙선,운길산,588,527,1115
2022-01-26,중앙선,원덕,292,282,574
2022-01-26,중앙선,중랑,5516,5259,10775
2022-01-26,중앙선,지평,55,55,110
2022-01-26,중앙선,팔당,745,803,1548
2022-01-26,중앙선,회기,23270,22436,45706
2022-01-27,1호선,동대문,10541,9703,20244
2022-01-27,1호선,동묘앞,7534,7763,15297
2022-01-27,1호선,서울역,40907,44780,85687
2022-01-27,1호선,시청,21888,21799,43687
2022-01-27,1호선,신설동,13602,13058,26660
2022-01-27,1호선,제기동,19563,20404,39967
2022-01-27,1호선,종각,34149,33315,67464
2022-01-27,1호선,종로3가,24453,22290,46743
2022-01-27,1호선,종로5가,22600,21405,44005
2022-01-27,1호선,청량리,20872,21268,42140
2022-01-27,2호선,강남,87398,85315,172713
2022-01-27,2호선,강변,28775,28343,57118
2022-01-27,2호선,건대입구,33606,35200,68806
2022-01-27,2호선,교대,35175,39824,74999
2022-01-27,2호선,구로디지털단지,60098,59717,119815
2022-01-27,2호선,구의,23925,23336,47261
2022-01-27,2호선,낙성대,26880,25481,52361
2022-01-27,2호선,당산,17867,20671,38538
2022-01-27,2호선,대림,23703,24394,48097
2022-01-27,2호선,도림천,1386,1440,2826
2022-01-27,2호선,동대문역사문화공원,10948,12103,23051
2022-01-27,2호선,뚝섬,22034,23744,45778
2022-01-27,2호선,문래,21562,21917,43479
2022-01-27,2호선,방배,16748,17151,33899
2022-01-27,2호선,봉천,23686,22162,45848
2022-01-27,2호선,사당,35433,38249,73682
2022-01-27,2호선,삼성,52070,52410,104480
2022-01-27,2호선,상왕십리,14277,13680,27957
2022-01-27,2호선,서울대입구,46382,45079,91461
2022-01-27,2호선,서초,22189,21620,43809
2022-01-27,2호선,선릉,57138,50565,107703
2022-01-27,2호선,성수,38088,41342,79430
2022-01-27,2호선,시청,23830,23067,46897
2022-01-27,2호선,신답,1657,1879,3536
2022-01-27,2호선,신당,13793,14252,28045
2022-01-27,2호선,신대방,25764,25050,50814
2022-01-27,2호선,신도림,46535,46034,92569
2022-01-27,2호선,신림,63104,60538,123642
2022-01-27,2호선,신설동,3432,3456,6888
2022-01-27,2호선,신정네거리,10165,10663,20828
2022-01-27,2호선,신촌,31305,31930,63235
2022-01-27,2호선,아현,9867,9371,19238
2022-01-27,2호선,양천구청,6784,7137,13921
2022-01-27,2호선,역삼,55019,60740,115759
2022-01-27,2호선,영등포구청,23469,23786,47255
2022-01-27,2호선,왕십리,15586,12893,28479
2022-01-27,2호선,용답,2652,2714,5366
2022-01-27,2호선,용두,2571,2709,5280
2022-01-27,2호선,을지로3가,22042,21941,43983
2022-01-27,2호선,을지로4가,13075,12928,26003
2022-01-27,2호선,을지로입구,39213,40035,79248
2022-01-27,2호선,이대,12448,12746,25194
2022-01-27,2호선,잠실,66420,66215,132635
2022-01-27,2호선,잠실나루,14628,14133,28761
2022-01-27,2호선,잠실새내,21214,21025,42239
2022-01-27,2호선,종합운동장,8334,8693,17027
2022-01-27,2호선,충정로,9803,10263,20066
2022-01-27,2호선,한양대,6725,6964,13689
2022-01-27,2호선,합정,30141,31231,61372
2022-01-27,2호선,홍대입구,51805,52873,104678
2022-01-27,3호선,가락시장,9547,9278,18825
2022-01-27,3호선,경복궁,18997,18486,37483
2022-01-27,3호선,경찰병원,7510,7547,15057
2022-01-27,3호선,고속터미널,38641,41346,79987
2022-01-27,3호선,교대,15207,9543,24750
2022-01-27,3호선,구파발,20431,19413,39844
2022-01-27,3호선,금호,8094,7603,15697
2022-01-27,3호선,남부터미널,29211,30814,60025
2022-01-27,3호선,녹번,15533,14148,29681
2022-01-27,3호선,대청,10126,9367,19493
2022-01-27,3호선,대치,11683,11867,23550
2022-01-27,3호선,도곡,5384,5436,10820
2022-01-27,3호선,독립문,6672,6800,13472
2022-01-27,3호선,동대입구,6858,7056,13914
2022-01-27,3호선,매봉,12864,12310,25174
2022-01-27,3호선,무악재,3779,3836,7615
2022-01-27,3호선,불광,16273,17253,33526
2022-01-27,3호선,수서,16593,17307,33900
2022-01-27,3호선,신사,32731,34092,66823
2022-01-27,3호선,안국,19284,19819,39103
2022-01-27,3호선,압구정,33555,35758,69313
2022-01-27,3호선,약수,12874,12382,25256
2022-01-27,3호선,양재,40104,42999,83103
2022-01-27,3호선,연신내,35895,34154,70049
2022-01-27,3호선,오금,6222,5520,11742
2022-01-27,3호선,옥수,8873,9181,18054
2022-01-27,3호선,을지로3가,10538,10698,21236
2022-01-27,3호선,일원,10277,9740,20017
2022-01-27,3호선,잠원,4679,4686,9365
2022-01-27,3호선,종로3가,10362,11563,21925
2022-01-27,3호선,지축,4414,4281,8695
2022-01-27,3호선,학여울,1710,1824,3534
2022-01-27,3호선,홍제,16941,15963,32904
2022-01-27,4호선,길음,20064,19486,39550
2022-01-27,4호선,남태령,1108,942,2050
2022-01-27,4호선,노원,18127,20115,38242
2022-01-27,4호선,당고개,12363,11259,23622
2022-01-27,4호선,동대문,18510,19000,37510
2022-01-27,4호선,동대문역사문화공원,13977,12868,26845
2022-01-27,4호선,동작,1414,1645,3059
2022-01-27,4호선,명동,16611,16852,33463
2022-01-27,4호선,미아,14353,13996,28349
2022-01-27,4호선,미아사거리,26551,26314,52865
2022-01-27,4호선,사당,24074,19631,43705
2022-01-27,4호선,삼각지,4875,5302,10177
2022-01-27,4호선,상계,18555,17190,35745
2022-01-27,4호선,서울역,10729,17696,28425
2022-01-27,4호선,성신여대입구,19315,18279,37594
2022-01-27,4호선,수유,32907,32985,65892
2022-01-27,4호선,숙대입구,12079,12092,24171
2022-01-27,4호선,신용산,16113,17691,33804
2022-01-27,4호선,쌍문,28924,26584,55508
2022-01-27,4호선,이촌,7212,7992,15204
2022-01-27,4호선,창동,25304,26971,52275
2022-01-27,4호선,총신대입구,18684,20338,39022
2022-01-27,4호선,충무로,25672,26243,51915
2022-01-27,4호선,한성대입구,12552,12193,24745
2022-01-27,4호선,혜화,33543,33101,66644
2022-01-27,4호선,회현,22710,24007,46717
2022-01-27,5호선,강동,18528,17709,36237
2022-01-27,5호선,강일,3803,3660,7463
2022-01-27,5호선,개롱,6438,6689,13127
2022-01-27,5호선,개화산,5548,5386,10934
2022-01-27,5호선,거여,9304,8877,18181
2022-01-27,5호선,고덕,9177,9538,18715
2022-01-27,5호선,공덕,13955,14902,28857
2022-01-27,5호선,광나루,13005,11828,24833
2022-01-27,5호선,광화문,29342,30503,59845
2022-01-27,5호선,군자,11282,12142,23424
2022-01-27,5호선,굽은다리,9447,9001,18448
2022-01-27,5호선,길동,8175,8522,16697
2022-01-27,5호선,김포공항,7183,7269,14452
2022-01-27,5호선,까치산,28531,27354,55885
2022-01-27,5호선,답십리,16216,14644,30860
2022-01-27,5호선,동대문역사문화공원,2947,3431,6378
2022-01-27,5호선,둔촌동,8291,8361,16652
2022-01-27,5호선,마곡,11230,10937,22167
2022-01-27,5호선,마장,6033,5766,11799
2022-01-27,5호선,마천,6923,6818,13741
2022-01-27,5호선,마포,14958,15388,30346
2022-01-27,5호선,명일,8490,8704,17194
2022-01-27,5호선,목동,16770,18138,34908
2022-01-27,5호선,미사,16047,15731,31778
2022-01-27,5호선,발산,20594,20495,41089
2022-01-27,5호선,방이,7226,7415,14641
2022-01-27,5호선,방화,6498,6187,12685
2022-01-27,5호선,상일동,15180,13983,29163
2022-01-27,5호선,서대문,19012,19603,38615
2022-01-27,5호선,송정,6541,6134,12675
2022-01-27,5호선,신금호,6303,6608,12911
2022-01-27,5호선,신길,4121,4474,8595
2022-01-27,5호선,신정,13774,11252,25026
2022-01-27,5호선,아차산,14340,14028,28368
2022-01-27,5호선,애오개,6823,6888,13711
2022-01-27,5호선,양평,7840,7840,15680
2022-01-27,5호선,여의나루,8840,9687,18527
2022-01-27,5호선,여의도,29366,30343,59709
2022-01-27,5호선,영등포구청,3956,4073,8029
2022-01-27,5호선,영등포시장,10092,10398,20490
2022-01-27,5호선,오금,3633,3760,7393
2022-01-27,5호선,오목교,21851,23409,45260
2022-01-27,5호선,올림픽공원,4049,3440,7489
2022-01-27,5호선,왕십리,4640,5237,9877
2022-01-27,5호선,우장산,14016,13942,27958
2022-01-27,5호선,을지로4가,6293,6407,12700
2022-01-27,5호선,장한평,18791,18564,37355
2022-01-27,5호선,종로3가,12159,11888,24047
2022-01-27,5호선,천호,18005,17584,35589
2022-01-27,5호선,청구,4070,3679,7749
2022-01-27,5호선,충정로,4776,4865,9641
2022-01-27,5호선,하남검단산,5313,5065,10378
2022-01-27,5호선,하남시청,6140,6003,12143
2022-01-27,5호선,하남풍산,4339,4345,8684
2022-01-27,5호선,행당,8205,7289,15494
2022-01-27,5호선,화곡,27855,25993,53848
2022-01-27,6호선,고려대,7502,7168,14670
2022-01-27,6호선,공덕,18581,17623,36204
2022-01-27,6호선,광흥창,9038,8677,17715
2022-01-27,6호선,구산,7528,5695,13223
2022-01-27,6호선,녹사평,4448,4512,8960
2022-01-27,6호선,대흥,7776,8089,15865
2022-01-27,6호선,독바위,2731,2853,5584
2022-01-27,6호선,돌곶이,9314,8624,17938
2022-01-27,6호선,동묘앞,7583,7581,15164
2022-01-27,6호선,디지털미디어시티,13456,15044,28500
2022-01-27,6호선,마포구청,14300,12945,27245
2022-01-27,6호선,망원,14263,15174,29437
2022-01-27,6호선,버티고개,1972,2042,4014
2022-01-27,6호선,보문,7165,6594,13759
2022-01-27,6호선,봉화산,8969,8342,17311
2022-01-27,6호선,불광,4192,4090,8282
2022-01-27,6호선,삼각지,6079,5587,11666
2022-01-27,6호선,상수,8038,8693,16731
2022-01-27,6호선,상월곡,6064,5476,11540
2022-01-27,6호선,새절,12349,11604,23953
2022-01-27,6호선,석계,12066,12295,24361
2022-01-27,6호선,신당,8117,8541,16658
2022-01-27,6호선,안암,9736,9486,19222
2022-01-27,6호선,약수,3604,3556,7160
2022-01-27,6호선,역촌,3926,4488,8414
2022-01-27,6호선,월곡,11591,11444,23035
2022-01-27,6호선,월드컵경기장,3841,3976,7817
2022-01-27,6호선,응암,17286,17110,34396
2022-01-27,6호선,이태원,9181,9099,18280
2022-01-27,6호선,증산,10015,10013,20028
2022-01-27,6호선,창신,3309,2719,6028
2022-01-27,6호선,청구,3791,4048,7839
2022-01-27,6호선,태릉입구,5579,5874,11453
2022-01-27,6호선,한강진,8045,9175,17220
2022-01-27,6호선,합정,12776,12272,25048
2022-01-27,6호선,화랑대,11464,8937,20401
2022-01-27,6호선,효창공원앞,7022,6356,13378
2022-01-27,7호선,가산디지털단지,46554,46764,93318
2022-01-27,7호선,강남구청,17336,18700,36036
2022-01-27,7호선,건대입구,12035,12465,24500
2022-01-27,7호선,고속터미널,14868,13728,28596
2022-01-27,7호선,공릉,11422,11251,22673
2022-01-27,7호선,광명사거리,22214,21877,44091
2022-01-27,7호선,군자,15125,12273,27398
2022-01-27,7호선,남구로,15995,17090,33085
2022-01-27,7호선,남성,11111,10396,21507
2022-01-27,7호선,내방,14826,15344,30170
2022-01-27,7호선,노원,19353,19905,39258
2022-01-27,7호선,논현,20802,22665,43467
2022-01-27,7호선,대림,8171,8059,16230
2022-01-27,7호선,도봉산,8615,9888,18503
2022-01-27,7호선,뚝섬유원지,7293,7162,14455
2022-01-27,7호선,마들,12864,12390,25254
2022-01-27,7호선,먹골,10152,9954,20106
2022-01-27,7호선,면목,15124,14735,29859
2022-01-27,7호선,반포,5799,5566,11365
2022-01-27,7호선,보라매,9480,9474,18954
2022-01-27,7호선,사가정,15984,15778,31762
2022-01-27,7호선,상도,10497,10116,20613
2022-01-27,7호선,상동,1,0,1
2022-01-27,7호선,상봉,16882,15918,32800
2022-01-27,7호선,수락산,12275,12059,24334
2022-01-27,7호선,숭실대입구,11330,11428,22758
2022-01-27,7호선,신대방삼거리,16530,16037,32567
2022-01-27,7호선,신중동,2,0,2
2022-01-27,7호선,신풍,11274,10719,21993
2022-01-27,7호선,어린이대공원,12145,11899,24044
2022-01-27,7호선,온수,10027,9103,19130
2022-01-27,7호선,용마산,5939,5700,11639
2022-01-27,7호선,이수,15934,15325,31259
2022-01-27,7호선,장승배기,9269,8967,18236
2022-01-27,7호선,장암,2202,788,2990
2022-01-27,7호선,중계,13897,12563,26460
2022-01-27,7호선,중곡,10821,10177,20998
2022-01-27,7호선,중화,10806,10360,21166
2022-01-27,7호선,천왕,11484,10850,22334
2022-01-27,7호선,철산,20869,21238,42107
2022-01-27,7호선,청담,19557,21997,41554
2022-01-27,7호선,춘의,1,0,1
2022-01-27,7호선,태릉입구,8372,7981,16353
2022-01-27,7호선,하계,17299,16235,33534
2022-01-27,7호선,학동,25369,26779,52148
2022-01-27,8호선,가락시장,8256,9274,17530
2022-01-27,8호선,강동구청,10834,11365,22199
2022-01-27,8호선,남위례,3711,4026,7737
2022-01-27,8호선,남한산성입구,13061,11995,25056
2022-01-27,8호선,단대오거리,10173,9879,20052
2022-01-27,8호선,모란,4239,3231,7470
2022-01-27,8호선,몽촌토성,6241,6265,12506
2022-01-27,8호선,문정,22991,24215,47206
2022-01-27,8호선,복정,9250,7817,17067
2022-01-27,8호선,산성,5128,5132,10260
2022-01-27,8호선,석촌,7773,8876,16649
2022-01-27,8호선,송파,7303,7452,14755
2022-01-27,8호선,수진,5190,4645,9835
2022-01-27,8호선,신흥,4053,4313,8366
2022-01-27,8호선,암사,18985,16789,35774
2022-01-27,8호선,잠실,13698,15970,29668
2022-01-27,8호선,장지,17215,16390,33605
2022-01-27,8호선,천호,14937,16830,31767
2022-01-27,9호선,가양,20469,19748,40217
2022-01-27,9호선,개화,2458,1721,4179
2022-01-27,9호선,고속터미널,11657,16139,27796
2022-01-27,9호선,공항시장,2974,3217,6191
2022-01-27,9호선,구반포,1422,1513,2935
2022-01-27,9호선,국회의사당,17880,17979,35859
2022-01-27,9호선,김포공항,7473,12503,19976
2022-01-27,9호선,노들,4476,3833,8309
2022-01-27,9호선,노량진,26398,25085,51483
2022-01-27,9호선,당산,18284,17986,36270
2022-01-27,9호선,동작,2330,1805,4135
2022-01-27,9호선,등촌,11810,11581,23391
2022-01-27,9호선,마곡나루,11885,11574,23459
2022-01-27,9호선,사평,3525,3459,6984
2022-01-27,9호선,샛강,6054,6168,12222
2022-01-27,9호선,선유도,8889,8564,17453
2022-01-27,9호선,신논현,32847,32368,65215
2022-01-27,9호선,신목동,4077,3689,7766
2022-01-27,9호선,신반포,3009,3032,6041
2022-01-27,9호선,신방화,6805,6674,13479
2022-01-27,9호선,양천향교,9497,9565,19062
2022-01-27,9호선,여의도,28124,26712,54836
2022-01-27,9호선,염창,17349,16588,33937
2022-01-27,9호선,증미,7721,7673,15394
2022-01-27,9호선,흑석,8020,8344,16364
2022-01-27,9호선2~3단계,둔촌오륜,930,882,1812
2022-01-27,9호선2~3단계,봉은사,15921,16246,32167
2022-01-27,9호선2~3단계,삼성중앙,7122,7440,14562
2022-01-27,9호선2~3단계,삼전,7000,6752,13752
2022-01-27,9호선2~3단계,석촌,8444,7395,15839
2022-01-27,9호선2~3단계,석촌고분,6306,6226,12532
2022-01-27,9호선2~3단계,선정릉,9809,10869,20678
2022-01-27,9호선2~3단계,송파나루,5205,5388,10593
2022-01-27,9호선2~3단계,언주,11151,11215,22366
2022-01-27,9호선2~3단계,올림픽공원,5655,5552,11207
2022-01-27,9호선2~3단계,종합운동장,4591,4528,9119
2022-01-27,9호선2~3단계,중앙보훈병원,10432,9341,19773
2022-01-27,9호선2~3단계,한성백제,2641,2323,4964
2022-01-27,경강선,경기광주,7385,6957,14342
2022-01-27,경강선,곤지암,2155,2104,4259
2022-01-27,경강선,부발,2110,1708,3818
2022-01-27,경강선,삼동,2344,2127,4471
2022-01-27,경강선,세종대왕릉,270,247,517
2022-01-27,경강선,신둔도예촌,1311,1260,2571
2022-01-27,경강선,여주,1747,1727,3474
2022-01-27,경강선,이매,987,858,1845
2022-01-27,경강선,이천,2408,2447,4855
2022-01-27,경강선,초월,2956,2835,5791
2022-01-27,경강선,판교,4544,4607,9151
2022-01-27,경부선,가산디지털단지,18644,21335,39979
2022-01-27,경부선,관악,6948,6449,13397
2022-01-27,경부선,광명,3147,3079,6226
2022-01-27,경부선,구로,17953,18382,36335
2022-01-27,경부선,군포,7475,7509,14984
2022-01-27,경부선,금정,26089,26520,52609
2022-01-27,경부선,금천구청,11546,11649,23195
2022-01-27,경부선,남영,8853,9114,17967
2022-01-27,경부선,노량진,8078,8158,16236
2022-01-27,경부선,당정,6091,5745,11836
2022-01-27,경부선,대방,12654,12995,25649
2022-01-27,경부선,독산,19125,19992,39117
2022-01-27,경부선,두정,4397,4320,8717
2022-01-27,경부선,명학,8619,8485,17104
2022-01-27,경부선,병점,13127,12791,25918
2022-01-27,경부선,서동탄,1385,1236,2621
2022-01-27,경부선,서울역,5437,2435,7872
2022-01-27,경부선,서정리,7099,5739,12838
2022-01-27,경부선,석수,9306,8363,17669
2022-01-27,경부선,성균관대,13364,13065,26429
2022-01-27,경부선,성환,2651,2621,5272
2022-01-27,경부선,세류,2789,2631,5420
2022-01-27,경부선,세마,2574,2371,4945
2022-01-27,경부선,송탄,4026,3587,7613
2022-01-27,경부선,수원,30025,33003,63028
2022-01-27,경부선,신길,8635,7220,15855
2022-01-27,경부선,신도림,4210,3910,8120
2022-01-27,경부선,안양,20302,20470,40772
2022-01-27,경부선,영등포,36231,37310,73541
2022-01-27,경부선,오산,8924,8863,17787
2022-01-27,경부선,오산대,2992,2757,5749
2022-01-27,경부선,용산,31599,36137,67736
2022-01-27,경부선,의왕,8846,8662,17508
2022-01-27,경부선,직산,679,695,1374
2022-01-27,경부선,진위,1565,1364,2929
2022-01-27,경부선,천안,4107,4354,8461
2022-01-27,경부선,평택,10325,10110,20435
2022-01-27,경부선,평택지제,3276,3046,6322
2022-01-27,경부선,화서,7488,7153,14641
2022-01-27,경원선,가능,6217,6094,12311
2022-01-27,경원선,광운대,7207,7024,14231
2022-01-27,경원선,녹양,4404,4095,8499
2022-01-27,경원선,녹천,4506,3802,8308
2022-01-27,경원선,덕계,2887,2581,5468
2022-01-27,경원선,덕정,4940,4824,9764
2022-01-27,경원선,도봉,6050,5901,11951
2022-01-27,경원선,도봉산,7034,4426,11460
2022-01-27,경원선,동두천,1888,2077,3965
2022-01-27,경원선,동두천중앙,2783,2708,5491
2022-01-27,경원선,망월사,7047,7243,14290
2022-01-27,경원선,방학,9443,9280,18723
2022-01-27,경원선,보산,1255,1162,2417
2022-01-27,경원선,서빙고,1929,1843,3772
2022-01-27,경원선,석계,8070,8932,17002
2022-01-27,경원선,소요산,2091,1902,3993
2022-01-27,경원선,신이문,8283,7856,16139
2022-01-27,경원선,양주,7127,6618,13745
2022-01-27,경원선,옥수,38,32,70
2022-01-27,경원선,왕십리,13646,15314,28960
2022-01-27,경원선,외대앞,7015,6829,13844
2022-01-27,경원선,월계,6299,5895,12194
2022-01-27,경원선,응봉,1874,1563,3437
2022-01-27,경원선,의정부,17362,17710,35072
2022-01-27,경원선,이촌,3630,2769,6399
2022-01-27,경원선,지행,5898,5695,11593
2022-01-27,경원선,청량리,14645,15705,30350
2022-01-27,경원선,한남,4107,3771,7878
2022-01-27,경원선,회룡,12169,11947,24116
2022-01-27,경의선,가좌,5307,5054,10361
2022-01-27,경의선,강매,3116,2730,5846
2022-01-27,경의선,계양,1,0,1
2022-01-27,경의선,곡산,522,542,1064
2022-01-27,경의선,공덕,3609,3093,6702
2022-01-27,경의선,금릉,4550,4258,8808
2022-01-27,경의선,금촌,6155,6040,12195
2022-01-27,경의선,능곡,3743,3399,7142
2022-01-27,경의선,디지털미디어시티,2361,2190,4551
2022-01-27,경의선,문산,4701,4711,9412
2022-01-27,경의선,백마,6581,6329,12910
2022-01-27,경의선,서강대,2106,2013,4119
2022-01-27,경의선,서울역,4034,5220,9254
2022-01-27,경의선,수색,2708,2848,5556
2022-01-27,경의선,신촌,784,1031,1815
2022-01-27,경의선,야당,7336,6975,14311
2022-01-27,경의선,운정,6770,6328,13098
2022-01-27,경의선,월롱,2466,2086,4552
2022-01-27,경의선,일산,8861,8764,17625
2022-01-27,경의선,임진강,4,4,8
2022-01-27,경의선,탄현,7524,7195,14719
2022-01-27,경의선,파주,873,650,1523
2022-01-27,경의선,풍산,5374,5023,10397
2022-01-27,경의선,행신,7583,7800,15383
2022-01-27,경의선,홍대입구,1627,1838,3465
2022-01-27,경의선,화전,1363,1250,2613
2022-01-27,경의선,효창공원앞,2887,3348,6235
2022-01-27,경인선,간석,5650,5352,11002
2022-01-27,경인선,개봉,20787,20700,41487
2022-01-27,경인선,구일,5992,5896,11888
2022-01-27,경인선,도원,2297,2301,4598
2022-01-27,경인선,도화,4103,3749,7852
2022-01-27,경인선,동암,14020,14278,28298
2022-01-27,경인선,동인천,13229,12491,25720
2022-01-27,경인선,백운,6504,6474,12978
2022-01-27,경인선,부개,8215,7778,15993
2022-01-27,경인선,부천,31638,31495,63133
2022-01-27,경인선,부평,28086,29445,57531
2022-01-27,경인선,소사,8045,7948,15993
2022-01-27,경인선,송내,25724,25489,51213
2022-01-27,경인선,역곡,25958,25867,51825
2022-01-27,경인선,오류동,11736,11175,22911
2022-01-27,경인선,온수,6142,5932,12074
2022-01-27,경인선,인천,3000,2296,5296
2022-01-27,경인선,제물포,9656,9240,18896
2022-01-27,경인선,주안,17706,15807,33513
2022-01-27,경인선,중동,9031,8667,17698
2022-01-27,경춘선,가평,1393,1413,2806
2022-01-27,경춘선,갈매,2977,2592,5569
2022-01-27,경춘선,강촌,324,333,657
2022-01-27,경춘선,굴봉산,139,153,292
2022-01-27,경춘선,금곡,1435,1347,2782
2022-01-27,경춘선,김유정,293,302,595
2022-01-27,경춘선,남춘천,2535,2525,5060
2022-01-27,경춘선,대성리,402,359,761
2022-01-27,경춘선,마석,3470,3470,6940
2022-01-27,경춘선,백양리,277,247,524
2022-01-27,경춘선,별내,3278,3073,6351
2022-01-27,경춘선,사릉,3017,2858,5875
2022-01-27,경춘선,상천,187,197,384
2022-01-27,경춘선,신내,1930,1823,3753
2022-01-27,경춘선,천마산,1579,1437,3016
2022-01-27,경춘선,청평,1425,1358,2783
2022-01-27,경춘선,춘천,948,922,1870
2022-01-27,경춘선,퇴계원,3539,3224,6763
2022-01-27,경춘선,평내호평,5868,5592,11460
2022-01-27,공항철도,검암,6628,6507,13135
2022-01-27,공항철도,계양,9934,9243,19177
2022-01-27,공항철도,공덕,2380,2924,5304
2022-01-27,공항철도,공항화물청사,2258,2443,4701
2022-01-27,공항철도,김포공항,11960,7214,19174
2022-01-27,공항철도,디지털미디어시티,14592,13072,27664
2022-01-27,공항철도,마곡나루,8874,8282,17156
2022-01-27,공항철도,서울역,7083,7897,14980
2022-01-27,공항철도,영종,2827,2849,5676
2022-01-27,공항철도,운서,6298,6151,12449
2022-01-27,공항철도,인천공항1터미널,3171,3425,6596
2022-01-27,공항철도,인천공항2터미널,2045,2069,4114
2022-01-27,공항철도,청라국제도시,6596,6382,12978
2022-01-27,공항철도,홍대입구,9567,9311,18878
2022-01-27,과천선,경마공원,1342,1346,2688
2022-01-27,과천선,과천,6007,5575,11582
2022-01-27,과천선,대공원,2253,2327,4580
2022-01-27,과천선,범계,25230,24939,50169
2022-01-27,과천선,선바위,7991,6995,14986
2022-01-27,과천선,인덕원,23559,24829,48388
2022-01-27,과천선,정부과천청사,10382,10383,20765
2022-01-27,과천선,평촌,18051,17782,35833
2022-01-27,분당선,가천대,6246,6977,13223
2022-01-27,분당선,강남구청,10525,12056,22581
2022-01-27,분당선,개포동,3611,3733,7344
2022-01-27,분당선,구룡,1734,1734,3468
2022-01-27,분당선,구성,4936,5247,10183
2022-01-27,분당선,기흥,9254,8833,18087
2022-01-27,분당선,대모산입구,4483,4207,8690
2022-01-27,분당선,도곡,6933,7035,13968
2022-01-27,분당선,망포,14304,13312,27616
2022-01-27,분당선,매교,2514,2573,5087
2022-01-27,분당선,매탄권선,4742,4570,9312
2022-01-27,분당선,모란,19914,19999,39913
2022-01-27,분당선,미금,15354,16290,31644
2022-01-27,분당선,보정,2428,2159,4587
2022-01-27,분당선,상갈,5146,5005,10151
2022-01-27,분당선,서울숲,10106,10397,20503
2022-01-27,분당선,서현,24599,24848,49447
2022-01-27,분당선,선릉,13925,20479,34404
2022-01-27,분당선,선정릉,8493,8967,17460
2022-01-27,분당선,수내,13526,13500,27026
2022-01-27,분당선,수서,12977,14372,27349
2022-01-27,분당선,수원,7749,6519,14268
2022-01-27,분당선,수원시청,12290,12957,25247
2022-01-27,분당선,신갈,4437,4431,8868
2022-01-27,분당선,압구정로데오,20362,21813,42175
2022-01-27,분당선,야탑,25844,27095,52939
2022-01-27,분당선,영통,8102,7989,16091
2022-01-27,분당선,오리,11923,9836,21759
2022-01-27,분당선,이매,5401,5192,10593
2022-01-27,분당선,정자,17341,18357,35698
2022-01-27,분당선,죽전,12786,13752,26538
2022-01-27,분당선,청명,4047,3903,7950
2022-01-27,분당선,태평,13342,12904,26246
2022-01-27,분당선,한티,15247,16214,31461
2022-01-27,수인선,고색,4300,4166,8466
2022-01-27,수인선,남동인더스파크,2301,2554,4855
2022-01-27,수인선,달월,88,49,137
2022-01-27,수인선,사리,4214,3787,8001
2022-01-27,수인선,소래포구,4519,4280,8799
2022-01-27,수인선,송도,2299,2198,4497
2022-01-27,수인선,숭의,3771,3462,7233
2022-01-27,수인선,신포,1579,1718,3297
2022-01-27,수인선,야목,321,237,558
2022-01-27,수인선,어천,607,580,1187
2022-01-27,수인선,연수,4137,4074,8211
2022-01-27,수인선,오목천,2528,2384,4912
2022-01-27,수인선,원인재,4236,4403,8639
2022-01-27,수인선,월곶,2541,2394,4935
2022-01-27,수인선,인천,943,1519,2462
2022-01-27,수인선,인천논현,5139,5485,10624
2022-01-27,수인선,인하대,5303,4903,10206
2022-01-27,수인선,호구포,3818,3970,7788
2022-01-27,안산선,고잔,8372,8039,16411
2022-01-27,안산선,대야미,4799,4272,9071
2022-01-27,안산선,반월,4006,3831,7837
2022-01-27,안산선,산본,15310,16423,31733
2022-01-27,안산선,상록수,14699,15053,29752
2022-01-27,안산선,수리산,4045,3254,7299
2022-01-27,안산선,신길온천,1581,1468,3049
2022-01-27,안산선,안산,10885,9983,20868
2022-01-27,안산선,오이도,7620,7338,14958
2022-01-27,안산선,정왕,7195,7539,14734
2022-01-27,안산선,중앙,16814,17117,33931
2022-01-27,안산선,초지,4330,4480,8810
2022-01-27,안산선,한대앞,8304,8285,16589
2022-01-27,우이신설선,4.19민주묘지,2831,2466,5297
2022-01-27,우이신설선,가오리,4033,4054,8087
2022-01-27,우이신설선,보문,1466,1438,2904
2022-01-27,우이신설선,북한산보국문,5972,5573,11545
2022-01-27,우이신설선,북한산우이,2359,2178,4537
2022-01-27,우이신설선,삼양,2021,2113,4134
2022-01-27,우이신설선,삼양사거리,2422,2498,4920
2022-01-27,우이신설선,성신여대입구,3213,3494,6707
2022-01-27,우이신설선,솔밭공원,2406,2321,4727
2022-01-27,우이신설선,솔샘,5833,5518,11351
2022-01-27,우이신설선,신설동,2147,2135,4282
2022-01-27,우이신설선,정릉,4571,4102,8673
2022-01-27,우이신설선,화계,3418,3227,6645
2022-01-27,일산선,대곡,1894,1461,3355
2022-01-27,일산선,대화,12319,9823,22142
2022-01-27,일산선,마두,7385,7563,14948
2022-01-27,일산선,백석,9806,9935,19741
2022-01-27,일산선,삼송,19041,18694,37735
2022-01-27,일산선,원당,10854,10183,21037
2022-01-27,일산선,원흥,10588,9828,20416
2022-01-27,일산선,정발산,7111,6952,14063
2022-01-27,일산선,주엽,8600,8581,17181
2022-01-27,일산선,화정,16707,16998,33705
2022-01-27,장항선,배방,980,891,1871
2022-01-27,장항선,봉명,1186,1154,2340
2022-01-27,장항선,신창,900,791,1691
2022-01-27,장항선,쌍용,1603,1462,3065
2022-01-27,장항선,아산,2372,2690,5062
2022-01-27,장항선,온양온천,3154,3218,6372
2022-01-27,장항선,탕정,431,380,811
2022-01-27,중앙선,구리,13086,13253,26339
2022-01-27,중앙선,국수,584,577,1161
2022-01-27,중앙선,덕소,5355,5316,10671
2022-01-27,중앙선,도농,10177,9270,19447
2022-01-27,중앙선,도심,2193,1752,3945
2022-01-27,중앙선,망우,7473,7417,14890
2022-01-27,중앙선,상봉,5764,5718,11482
2022-01-27,중앙선,신원,191,151,342
2022-01-27,중앙선,아신,459,478,937
2022-01-27,중앙선,양수,1519,1496,3015
2022-01-27,중앙선,양원,2038,2001,4039
2022-01-27,중앙선,양정,630,534,1164
2022-01-27,중앙선,양평,2249,2313,4562
2022-01-27,중앙선,오빈,245,228,473
2022-01-27,중앙선,용문,1344,1372,2716
2022-01-27,중앙선,운길산,508,438,946
2022-01-27,중앙선,원덕,281,253,534
2022-01-27,중앙선,중랑,5389,5082,10471
2022-01-27,중앙선,지평,58,50,108
2022-01-27,중앙선,팔당,726,776,1502
2022-01-27,중앙선,회기,23295,21830,45125
2022-01-28,1호선,동대문,10582,9624,20206
2022-01-28,1호선,동묘앞,7723,7949,15672
2022-01-28,1호선,서울역,38242,39895,78137
2022-01-28,1호선,시청,19955,20181,40136
2022-01-28,1호선,신설동,13659,12886,26545
2022-01-28,1호선,제기동,19090,19678,38768
2022-01-28,1호선,종각,31832,30911,62743
2022-01-28,1호선,종로3가,24404,22454,46858
2022-01-28,1호선,종로5가,23053,21716,44769
2022-01-28,1호선,청량리,21027,21465,42492
2022-01-28,2호선,강남,86385,83877,170262
2022-01-28,2호선,강변,30198,35416,65614
2022-01-28,2호선,건대입구,35378,36881,72259
2022-01-28,2호선,교대,32776,36595,69371
2022-01-28,2호선,구로디지털단지,57624,56705,114329
2022-01-28,2호선,구의,23469,22689,46158
2022-01-28,2호선,낙성대,26713,24311,51024
2022-01-28,2호선,당산,17390,19857,37247
2022-01-28,2호선,대림,23561,24111,47672
2022-01-28,2호선,도림천,1363,1405,2768
2022-01-28,2호선,동대문역사문화공원,10996,12249,23245
2022-01-28,2호선,뚝섬,21381,22708,44089
2022-01-28,2호선,문래,20584,21022,41606
2022-01-28,2호선,방배,15354,16380,31734
2022-01-28,2호선,봉천,23605,21180,44785
2022-01-28,2호선,사당,34683,37854,72537
2022-01-28,2호선,삼성,49950,49315,99265
2022-01-28,2호선,상왕십리,14190,13404,27594
2022-01-28,2호선,서울대입구,47501,44279,91780
2022-01-28,2호선,서초,20354,19052,39406
2022-01-28,2호선,선릉,52544,46044,98588
2022-01-28,2호선,성수,36274,39245,75519
2022-01-28,2호선,시청,21968,20967,42935
2022-01-28,2호선,신답,1640,1862,3502
2022-01-28,2호선,신당,13800,14223,28023
2022-01-28,2호선,신대방,25688,24188,49876
2022-01-28,2호선,신도림,46983,46685,93668
2022-01-28,2호선,신림,63605,59295,122900
2022-01-28,2호선,신설동,3839,3646,7485
2022-01-28,2호선,신정네거리,10066,10523,20589
2022-01-28,2호선,신촌,31921,31722,63643
2022-01-28,2호선,아현,9804,9239,19043
2022-01-28,2호선,양천구청,6710,6901,13611
2022-01-28,2호선,역삼,50114,54467,104581
2022-01-28,2호선,영등포구청,22356,22941,45297
2022-01-28,2호선,왕십리,15515,12935,28450
2022-01-28,2호선,용답,2682,2566,5248
2022-01-28,2호선,용두,2648,2719,5367
2022-01-28,2호선,을지로3가,20667,20681,41348
2022-01-28,2호선,을지로4가,12631,12433,25064
2022-01-28,2호선,을지로입구,37071,37516,74587
2022-01-28,2호선,이대,12577,12681,25258
2022-01-28,2호선,잠실,66146,65513,131659
2022-01-28,2호선,잠실나루,14165,13376,27541
2022-01-28,2호선,잠실새내,21516,21426,42942
2022-01-28,2호선,종합운동장,7303,7833,15136
2022-01-28,2호선,충정로,9281,9807,19088
2022-01-28,2호선,한양대,6257,6458,12715
2022-01-28,2호선,합정,30507,31896,62403
2022-01-28,2호선,홍대입구,53953,55044,108997
2022-01-28,3호선,가락시장,9397,9213,18610
2022-01-28,3호선,경복궁,18776,18025,36801
2022-01-28,3호선,경찰병원,7148,7056,14204
2022-01-28,3호선,고속터미널,42711,62417,105128
2022-01-28,3호선,교대,13664,8835,22499
2022-01-28,3호선,구파발,20279,18898,39177
2022-01-28,3호선,금호,8151,7612,15763
2022-01-28,3호선,남부터미널,30528,34946,65474
2022-01-28,3호선,녹번,15164,13532,28696
2022-01-28,3호선,대청,9793,9097,18890
2022-01-28,3호선,대치,11982,11944,23926
2022-01-28,3호선,도곡,5395,5452,10847
2022-01-28,3호선,독립문,6669,6654,13323
2022-01-28,3호선,동대입구,7536,7587,15123
2022-01-28,3호선,매봉,12399,11655,24054
2022-01-28,3호선,무악재,3775,3765,7540
2022-01-28,3호선,불광,16152,16842,32994
2022-01-28,3호선,수서,14584,15592,30176
2022-01-28,3호선,신사,33324,34327,67651
2022-01-28,3호선,안국,18970,18891,37861
2022-01-28,3호선,압구정,34300,36606,70906
2022-01-28,3호선,약수,12802,12076,24878
2022-01-28,3호선,양재,38937,39912,78849
2022-01-28,3호선,연신내,36381,34455,70836
2022-01-28,3호선,오금,5889,5260,11149
2022-01-28,3호선,옥수,8963,9278,18241
2022-01-28,3호선,을지로3가,10185,10284,20469
2022-01-28,3호선,일원,9734,9119,18853
2022-01-28,3호선,잠원,4805,4677,9482
2022-01-28,3호선,종로3가,10120,11592,21712
2022-01-28,3호선,지축,4258,3985,8243
2022-01-28,3호선,충무로,1,0,1
2022-01-28,3호선,학여울,1720,1702,3422
2022-01-28,3호선,홍제,16829,16063,32892
2022-01-28,4호선,길음,19463,19418,38881
2022-01-28,4호선,남태령,1186,955,2141
2022-01-28,4호선,노원,18621,21136,39757
2022-01-28,4호선,당고개,12114,11065,23179
2022-01-28,4호선,동대문,17050,17620,34670
2022-01-28,4호선,동대문역사문화공원,13835,12706,26541
2022-01-28,4호선,동작,1355,1610,2965
2022-01-28,4호선,명동,16134,16314,32448
2022-01-28,4호선,미아,14399,14351,28750
2022-01-28,4호선,미아사거리,26889,26476,53365
2022-01-28,4호선,사당,24087,19449,43536
2022-01-28,4호선,삼각지,4771,5344,10115
2022-01-28,4호선,상계,18223,17353,35576
2022-01-28,4호선,서울역,9898,15116,25014
2022-01-28,4호선,성신여대입구,19796,19263,39059
2022-01-28,4호선,수유,33455,34060,67515
2022-01-28,4호선,숙대입구,12079,11639,23718
2022-01-28,4호선,신용산,15167,16406,31573
2022-01-28,4호선,쌍문,28444,26551,54995
2022-01-28,4호선,이촌,7299,7948,15247
2022-01-28,4호선,창동,26258,28091,54349
2022-01-28,4호선,총신대입구,18943,20652,39595
2022-01-28,4호선,충무로,23789,24833,48622
2022-01-28,4호선,한성대입구,12713,12317,25030
2022-01-28,4호선,혜화,32104,31056,63160
2022-01-28,4호선,회현,22115,22678,44793
2022-01-28,5호선,강동,18233,16969,35202
2022-01-28,5호선,강일,3760,3529,7289
2022-01-28,5호선,개롱,6234,6498,12732
2022-01-28,5호선,개화산,5540,5231,10771
2022-01-28,5호선,거여,9109,8344,17453
2022-01-28,5호선,고덕,9188,9305,18493
2022-01-28,5호선,공덕,13395,14131,27526
2022-01-28,5호선,광나루,12503,11198,23701
2022-01-28,5호선,광화문,27367,28052,55419
2022-01-28,5호선,군자,11132,11848,22980
2022-01-28,5호선,굽은다리,9508,9046,18554
2022-01-28,5호선,길동,8131,8569,16700
2022-01-28,5호선,김포공항,7902,8373,16275
2022-01-28,5호선,까치산,28575,26946,55521
2022-01-28,5호선,답십리,15605,14237,29842
2022-01-28,5호선,동대문역사문화공원,2681,3155,5836
2022-01-28,5호선,둔촌동,8260,8203,16463
2022-01-28,5호선,마곡,10523,10346,20869
2022-01-28,5호선,마장,6019,5770,11789
2022-01-28,5호선,마천,6684,6606,13290
2022-01-28,5호선,마포,13985,14222,28207
2022-01-28,5호선,명일,8297,8771,17068
2022-01-28,5호선,목동,16508,17487,33995
2022-01-28,5호선,미사,15477,15337,30814
2022-01-28,5호선,발산,19375,19974,39349
2022-01-28,5호선,방이,7121,7402,14523
2022-01-28,5호선,방화,6253,5928,12181
2022-01-28,5호선,상일동,14891,13553,28444
2022-01-28,5호선,서대문,18199,18228,36427
2022-01-28,5호선,송정,6474,6066,12540
2022-01-28,5호선,신금호,6243,6416,12659
2022-01-28,5호선,신길,4120,4230,8350
2022-01-28,5호선,신정,13583,10933,24516
2022-01-28,5호선,아차산,13637,13166,26803
2022-01-28,5호선,애오개,6661,6500,13161
2022-01-28,5호선,양평,7629,7305,14934
2022-01-28,5호선,여의나루,8500,9086,17586
2022-01-28,5호선,여의도,27839,28850,56689
2022-01-28,5호선,영등포구청,3849,3845,7694
2022-01-28,5호선,영등포시장,10302,10466,20768
2022-01-28,5호선,오금,3524,3530,7054
2022-01-28,5호선,오목교,22373,24081,46454
2022-01-28,5호선,올림픽공원,4099,3638,7737
2022-01-28,5호선,왕십리,4672,5383,10055
2022-01-28,5호선,우장산,13988,13880,27868
2022-01-28,5호선,을지로4가,5894,6072,11966
2022-01-28,5호선,장한평,18160,17912,36072
2022-01-28,5호선,종로3가,12437,12203,24640
2022-01-28,5호선,천호,18597,18302,36899
2022-01-28,5호선,청구,3978,3527,7505
2022-01-28,5호선,충정로,4549,4599,9148
2022-01-28,5호선,하남검단산,5307,5176,10483
2022-01-28,5호선,하남시청,6326,6202,12528
2022-01-28,5호선,하남풍산,4045,4192,8237
2022-01-28,5호선,행당,7980,6999,14979
2022-01-28,5호선,화곡,28004,25777,53781
2022-01-28,6호선,고려대,7445,7046,14491
2022-01-28,6호선,공덕,17952,17403,35355
2022-01-28,6호선,광흥창,8796,8527,17323
2022-01-28,6호선,구산,7337,5482,12819
2022-01-28,6호선,녹사평,4608,4642,9250
2022-01-28,6호선,대흥,7755,7811,15566
2022-01-28,6호선,독바위,2587,2692,5279
2022-01-28,6호선,돌곶이,9035,8235,17270
2022-01-28,6호선,동묘앞,7675,7443,15118
2022-01-28,6호선,디지털미디어시티,12635,13959,26594
2022-01-28,6호선,마포구청,14204,12604,26808
2022-01-28,6호선,망원,14868,15716,30584
2022-01-28,6호선,버티고개,1919,2006,3925
2022-01-28,6호선,보문,7234,6354,13588
2022-01-28,6호선,봉화산,8541,8169,16710
2022-01-28,6호선,불광,4230,4051,8281
2022-01-28,6호선,삼각지,5957,5336,11293
2022-01-28,6호선,상수,8568,9518,18086
2022-01-28,6호선,상월곡,6062,5270,11332
2022-01-28,6호선,새절,12204,11182,23386
2022-01-28,6호선,석계,11795,12001,23796
2022-01-28,6호선,신당,8306,7890,16196
2022-01-28,6호선,안암,9465,8792,18257
2022-01-28,6호선,약수,3433,3537,6970
2022-01-28,6호선,역촌,3864,4559,8423
2022-01-28,6호선,연신내,2,0,2
2022-01-28,6호선,월곡,11497,11124,22621
2022-01-28,6호선,월드컵경기장,4050,4211,8261
2022-01-28,6호선,응암,17221,17010,34231
2022-01-28,6호선,이태원,9978,10307,20285
2022-01-28,6호선,증산,9862,9695,19557
2022-01-28,6호선,창신,3269,2537,5806
2022-01-28,6호선,청구,3688,3814,7502
2022-01-28,6호선,태릉입구,5392,5728,11120
2022-01-28,6호선,한강진,9338,10577,19915
2022-01-28,6호선,합정,13100,12760,25860
2022-01-28,6호선,화랑대,10999,8621,19620
2022-01-28,6호선,효창공원앞,6774,6205,12979
2022-01-28,7호선,가산디지털단지,43662,42765,86427
2022-01-28,7호선,강남구청,16463,17748,34211
2022-01-28,7호선,건대입구,12273,12476,24749
2022-01-28,7호선,고속터미널,15461,16157,31618
2022-01-28,7호선,공릉,11508,11079,22587
2022-01-28,7호선,광명사거리,22456,22506,44962
2022-01-28,7호선,군자,15079,11620,26699
2022-01-28,7호선,남구로,15771,16295,32066
2022-01-28,7호선,남성,11032,9954,20986
2022-01-28,7호선,내방,14421,14772,29193
2022-01-28,7호선,노원,20369,20982,41351
2022-01-28,7호선,논현,20200,22172,42372
2022-01-28,7호선,대림,8708,8803,17511
2022-01-28,7호선,도봉산,8289,9556,17845
2022-01-28,7호선,뚝섬유원지,7339,7148,14487
2022-01-28,7호선,마들,12700,12123,24823
2022-01-28,7호선,먹골,10278,9902,20180
2022-01-28,7호선,면목,15221,14867,30088
2022-01-28,7호선,반포,6009,5692,11701
2022-01-28,7호선,보라매,9472,9139,18611
2022-01-28,7호선,사가정,15749,15648,31397
2022-01-28,7호선,상도,10786,9855,20641
2022-01-28,7호선,상봉,16895,16219,33114
2022-01-28,7호선,수락산,12217,12018,24235
2022-01-28,7호선,숭실대입구,11280,11075,22355
2022-01-28,7호선,신대방삼거리,16812,15445,32257
2022-01-28,7호선,신풍,11342,10631,21973
2022-01-28,7호선,어린이대공원,11957,11492,23449
2022-01-28,7호선,온수,9647,8757,18404
2022-01-28,7호선,용마산,5869,5523,11392
2022-01-28,7호선,이수,15999,15043,31042
2022-01-28,7호선,장승배기,9201,8837,18038
2022-01-28,7호선,장암,2048,793,2841
2022-01-28,7호선,중계,13468,12181,25649
2022-01-28,7호선,중곡,10736,10036,20772
2022-01-28,7호선,중화,10634,10251,20885
2022-01-28,7호선,천왕,11146,10453,21599
2022-01-28,7호선,철산,21031,21446,42477
2022-01-28,7호선,청담,18623,20942,39565
2022-01-28,7호선,태릉입구,8272,7710,15982
2022-01-28,7호선,하계,16965,15709,32674
2022-01-28,7호선,학동,23321,24666,47987
2022-01-28,8호선,가락시장,8129,9170,17299
2022-01-28,8호선,강동구청,10652,11089,21741
2022-01-28,8호선,남위례,3652,3905,7557
2022-01-28,8호선,남한산성입구,12969,11556,24525
2022-01-28,8호선,단대오거리,10329,9857,20186
2022-01-28,8호선,모란,4230,3312,7542
2022-01-28,8호선,몽촌토성,5942,5953,11895
2022-01-28,8호선,문정,20803,21816,42619
2022-01-28,8호선,복정,8987,7550,16537
2022-01-28,8호선,산성,5094,5011,10105
2022-01-28,8호선,석촌,7906,9082,16988
2022-01-28,8호선,송파,7302,7469,14771
2022-01-28,8호선,수진,5297,4746,10043
2022-01-28,8호선,신흥,4116,4609,8725
2022-01-28,8호선,암사,18613,16450,35063
2022-01-28,8호선,잠실,14240,16430,30670
2022-01-28,8호선,장지,16579,15660,32239
2022-01-28,8호선,천호,15163,17407,32570
2022-01-28,9호선,가양,20330,19310,39640
2022-01-28,9호선,개화,2336,1671,4007
2022-01-28,9호선,고속터미널,12310,23067,35377
2022-01-28,9호선,공항시장,2976,3116,6092
2022-01-28,9호선,구반포,1404,1461,2865
2022-01-28,9호선,국회의사당,15388,15506,30894
2022-01-28,9호선,김포공항,7775,14698,22473
2022-01-28,9호선,노들,4509,3636,8145
2022-01-28,9호선,노량진,27022,25165,52187
2022-01-28,9호선,당산,18067,17592,35659
2022-01-28,9호선,동작,2362,1890,4252
2022-01-28,9호선,등촌,11821,11344,23165
2022-01-28,9호선,마곡나루,11509,11079,22588
2022-01-28,9호선,사평,3598,3381,6979
2022-01-28,9호선,샛강,5589,5700,11289
2022-01-28,9호선,선유도,8444,7917,16361
2022-01-28,9호선,신논현,33427,33100,66527
2022-01-28,9호선,신목동,3996,3440,7436
2022-01-28,9호선,신반포,2944,3000,5944
2022-01-28,9호선,신방화,6763,6483,13246
2022-01-28,9호선,양천향교,9206,9052,18258
2022-01-28,9호선,여의도,27794,25194,52988
2022-01-28,9호선,염창,17140,16096,33236
2022-01-28,9호선,증미,7652,7392,15044
2022-01-28,9호선,흑석,7974,8125,16099
2022-01-28,9호선2~3단계,둔촌오륜,830,826,1656
2022-01-28,9호선2~3단계,봉은사,15035,14952,29987
2022-01-28,9호선2~3단계,삼성중앙,6723,6909,13632
2022-01-28,9호선2~3단계,삼전,7096,6634,13730
2022-01-28,9호선2~3단계,석촌,8614,7342,15956
2022-01-28,9호선2~3단계,석촌고분,6278,6052,12330
2022-01-28,9호선2~3단계,선정릉,9423,9951,19374
2022-01-28,9호선2~3단계,송파나루,5214,5350,10564
2022-01-28,9호선2~3단계,언주,10936,10617,21553
2022-01-28,9호선2~3단계,올림픽공원,6638,6436,13074
2022-01-28,9호선2~3단계,종합운동장,4256,4142,8398
2022-01-28,9호선2~3단계,중앙보훈병원,9958,8790,18748
2022-01-28,9호선2~3단계,한성백제,2477,2227,4704
2022-01-28,경강선,경기광주,7349,7113,14462
2022-01-28,경강선,곤지암,2271,2152,4423
2022-01-28,경강선,부발,2743,1884,4627
2022-01-28,경강선,삼동,2337,2160,4497
2022-01-28,경강선,세종대왕릉,281,298,579
2022-01-28,경강선,신둔도예촌,1299,1239,2538
2022-01-28,경강선,여주,1860,2058,3918
2022-01-28,경강선,이매,1050,844,1894
2022-01-28,경강선,이천,2578,2792,5370
2022-01-28,경강선,초월,2965,2690,5655
2022-01-28,경강선,판교,4547,4560,9107
2022-01-28,경부선,가산디지털단지,16836,19496,36332
2022-01-28,경부선,관악,6787,6266,13053
2022-01-28,경부선,광명,2884,2984,5868
2022-01-28,경부선,구로,17658,17926,35584
2022-01-28,경부선,군포,7457,7413,14870
2022-01-28,경부선,금정,25069,25594,50663
2022-01-28,경부선,금천구청,11279,11395,22674
2022-01-28,경부선,남영,8510,8908,17418
2022-01-28,경부선,노량진,8329,8204,16533
2022-01-28,경부선,당정,5828,5490,11318
2022-01-28,경부선,대방,12361,12541,24902
2022-01-28,경부선,독산,18108,18554,36662
2022-01-28,경부선,두정,5110,5154,10264
2022-01-28,경부선,명학,8096,7969,16065
2022-01-28,경부선,병점,13961,13337,27298
2022-01-28,경부선,서동탄,1306,1202,2508
2022-01-28,경부선,서울역,4562,2068,6630
2022-01-28,경부선,서정리,7214,5567,12781
2022-01-28,경부선,석수,9309,8167,17476
2022-01-28,경부선,성균관대,13337,12836,26173
2022-01-28,경부선,성환,2908,2752,5660
2022-01-28,경부선,세류,2838,2885,5723
2022-01-28,경부선,세마,2712,2522,5234
2022-01-28,경부선,송탄,4266,3758,8024
2022-01-28,경부선,수원,32851,36601,69452
2022-01-28,경부선,신길,8353,6895,15248
2022-01-28,경부선,신도림,4127,3732,7859
2022-01-28,경부선,안양,20376,20868,41244
2022-01-28,경부선,영등포,38669,40119,78788
2022-01-28,경부선,오산,10193,10098,20291
2022-01-28,경부선,오산대,3211,2929,6140
2022-01-28,경부선,용산,30750,33735,64485
2022-01-28,경부선,의왕,8466,8174,16640
2022-01-28,경부선,직산,745,685,1430
2022-01-28,경부선,진위,1660,1358,3018
2022-01-28,경부선,천안,5079,5639,10718
2022-01-28,경부선,평택,12252,11335,23587
2022-01-28,경부선,평택지제,3361,2922,6283
2022-01-28,경부선,화서,7121,7035,14156
2022-01-28,경원선,가능,6240,5962,12202
2022-01-28,경원선,광운대,7116,6793,13909
2022-01-28,경원선,녹양,4281,4043,8324
2022-01-28,경원선,녹천,4449,3719,8168
2022-01-28,경원선,덕계,2756,2445,5201
2022-01-28,경원선,덕정,4875,4629,9504
2022-01-28,경원선,도봉,5930,5550,11480
2022-01-28,경원선,도봉산,6856,4420,11276
2022-01-28,경원선,동두천,1875,2057,3932
2022-01-28,경원선,동두천중앙,2845,2822,5667
2022-01-28,경원선,망월사,6933,7063,13996
2022-01-28,경원선,방학,9384,9233,18617
2022-01-28,경원선,보산,1430,1187,2617
2022-01-28,경원선,서빙고,2013,1856,3869
2022-01-28,경원선,석계,7914,8771,16685
2022-01-28,경원선,소요산,2089,1857,3946
2022-01-28,경원선,신이문,8337,7681,16018
2022-01-28,경원선,양주,7104,6804,13908
2022-01-28,경원선,옥수,43,24,67
2022-01-28,경원선,왕십리,14105,15618,29723
2022-01-28,경원선,외대앞,6948,6652,13600
2022-01-28,경원선,월계,6145,5776,11921
2022-01-28,경원선,응봉,1836,1540,3376
2022-01-28,경원선,의정부,18008,18861,36869
2022-01-28,경원선,이촌,3555,2856,6411
2022-01-28,경원선,지행,5843,5923,11766
2022-01-28,경원선,청량리,14702,15653,30355
2022-01-28,경원선,한남,4120,3797,7917
2022-01-28,경원선,회룡,11989,11752,23741
2022-01-28,경의선,가좌,5206,4933,10139
2022-01-28,경의선,강매,3010,2621,5631
2022-01-28,경의선,곡산,547,550,1097
2022-01-28,경의선,공덕,3456,2989,6445
2022-01-28,경의선,금릉,4507,4300,8807
2022-01-28,경의선,금촌,6169,6164,12333
2022-01-28,경의선,능곡,3515,3255,6770
2022-01-28,경의선,디지털미디어시티,2451,2144,4595
2022-01-28,경의선,문산,4820,4589,9409
2022-01-28,경의선,백마,6412,6217,12629
2022-01-28,경의선,서강대,2047,1928,3975
2022-01-28,경의선,서울역,3560,4869,8429
2022-01-28,경의선,수색,2523,2481,5004
2022-01-28,경의선,신촌,751,915,1666
2022-01-28,경의선,야당,7262,7153,14415
2022-01-28,경의선,운정,6452,6096,12548
2022-01-28,경의선,월롱,3192,1931,5123
2022-01-28,경의선,일산,9633,9854,19487
2022-01-28,경의선,임진강,6,4,10
2022-01-28,경의선,탄현,7157,7065,14222
2022-01-28,경의선,파주,889,647,1536
2022-01-28,경의선,풍산,5212,5146,10358
2022-01-28,경의선,행신,7334,7235,14569
2022-01-28,경의선,홍대입구,1587,1790,3377
2022-01-28,경의선,화전,1365,1198,2563
2022-01-28,경의선,효창공원앞,2765,3155,5920
2022-01-28,경인선,간석,5653,5308,10961
2022-01-28,경인선,개봉,20350,20338,40688
2022-01-28,경인선,구일,5718,5739,11457
2022-01-28,경인선,도원,2350,2397,4747
2022-01-28,경인선,도화,4059,3746,7805
2022-01-28,경인선,동암,14056,14677,28733
2022-01-28,경인선,동인천,12970,12438,25408
2022-01-28,경인선,백운,6436,6360,12796
2022-01-28,경인선,부개,7984,7535,15519
2022-01-28,경인선,부천,32323,32978,65301
2022-01-28,경인선,부평,28947,31459,60406
2022-01-28,경인선,소사,7864,7637,15501
2022-01-28,경인선,송내,24886,24912,49798
2022-01-28,경인선,역곡,25609,25417,51026
2022-01-28,경인선,오류동,11515,10690,22205
2022-01-28,경인선,온수,6136,5832,11968
2022-01-28,경인선,인천,3013,2323,5336
2022-01-28,경인선,제물포,9684,9257,18941
2022-01-28,경인선,주안,17671,15997,33668
2022-01-28,경인선,중동,8998,8650,17648
2022-01-28,경춘선,가평,1506,1530,3036
2022-01-28,경춘선,갈매,2813,2514,5327
2022-01-28,경춘선,강촌,321,300,621
2022-01-28,경춘선,굴봉산,132,156,288
2022-01-28,경춘선,금곡,1358,1296,2654
2022-01-28,경춘선,김유정,216,237,453
2022-01-28,경춘선,남춘천,2320,2461,4781
2022-01-28,경춘선,대성리,381,398,779
2022-01-28,경춘선,마석,3729,3767,7496
2022-01-28,경춘선,백양리,321,282,603
2022-01-28,경춘선,별내,3163,2951,6114
2022-01-28,경춘선,사릉,2939,2807,5746
2022-01-28,경춘선,상천,223,198,421
2022-01-28,경춘선,신내,1800,1661,3461
2022-01-28,경춘선,천마산,1498,1406,2904
2022-01-28,경춘선,청평,1483,1479,2962
2022-01-28,경춘선,춘천,1161,1097,2258
2022-01-28,경춘선,퇴계원,3478,3204,6682
2022-01-28,경춘선,평내호평,5873,5751,11624
2022-01-28,공항철도,검암,6391,6254,12645
2022-01-28,공항철도,계양,9470,8894,18364
2022-01-28,공항철도,공덕,2262,2846,5108
2022-01-28,공항철도,공항화물청사,2315,2398,4713
2022-01-28,공항철도,김포공항,13464,7853,21317
2022-01-28,공항철도,디지털미디어시티,13297,11692,24989
2022-01-28,공항철도,마곡나루,7345,6800,14145
2022-01-28,공항철도,서울역,6656,6664,13320
2022-01-28,공항철도,영종,2830,2919,5749
2022-01-28,공항철도,운서,6368,6079,12447
2022-01-28,공항철도,인천공항1터미널,3336,3767,7103
2022-01-28,공항철도,인천공항2터미널,2042,1908,3950
2022-01-28,공항철도,청라국제도시,6397,5974,12371
2022-01-28,공항철도,홍대입구,9662,9741,19403
2022-01-28,과천선,경마공원,5801,5871,11672
2022-01-28,과천선,과천,5911,5649,11560
2022-01-28,과천선,대공원,2075,2194,4269
2022-01-28,과천선,범계,25320,25307,50627
2022-01-28,과천선,선바위,7805,6803,14608
2022-01-28,과천선,인덕원,22741,23648,46389
2022-01-28,과천선,정부과천청사,9833,9722,19555
2022-01-28,과천선,평촌,16810,16488,33298
2022-01-28,분당선,가천대,5863,6445,12308
2022-01-28,분당선,강남구청,10420,11634,22054
2022-01-28,분당선,개포동,3623,3836,7459
2022-01-28,분당선,구룡,1596,1559,3155
2022-01-28,분당선,구성,4807,5039,9846
2022-01-28,분당선,기흥,9060,8783,17843
2022-01-28,분당선,대모산입구,4338,4046,8384
2022-01-28,분당선,도곡,6932,6904,13836
2022-01-28,분당선,망포,15050,13352,28402
2022-01-28,분당선,매교,2520,2573,5093
2022-01-28,분당선,매탄권선,5122,4525,9647
2022-01-28,분당선,모란,19922,20163,40085
2022-01-28,분당선,미금,15482,16339,31821
2022-01-28,분당선,보정,2338,2060,4398
2022-01-28,분당선,복정,1,0,1
2022-01-28,분당선,상갈,5245,4925,10170
2022-01-28,분당선,서울숲,10046,10011,20057
2022-01-28,분당선,서현,25986,21487,47473
2022-01-28,분당선,선릉,12474,18571,31045
2022-01-28,분당선,선정릉,7786,8115,15901
2022-01-28,분당선,수내,13423,13509,26932
2022-01-28,분당선,수서,11246,12478,23724
2022-01-28,분당선,수원,8135,6957,15092
2022-01-28,분당선,수원시청,12866,14001,26867
2022-01-28,분당선,신갈,4258,4234,8492
2022-01-28,분당선,압구정로데오,21081,22941,44022
2022-01-28,분당선,야탑,25771,27811,53582
2022-01-28,분당선,영통,8600,8530,17130
2022-01-28,분당선,오리,11654,9676,21330
2022-01-28,분당선,이매,5340,5187,10527
2022-01-28,분당선,정자,17280,18346,35626
2022-01-28,분당선,죽전,13203,14075,27278
2022-01-28,분당선,청명,3985,3901,7886
2022-01-28,분당선,태평,13802,13212,27014
2022-01-28,분당선,한티,15454,16412,31866
2022-01-28,수인선,고색,4307,4089,8396
2022-01-28,수인선,남동인더스파크,2254,2544,4798
2022-01-28,수인선,달월,104,50,154
2022-01-28,수인선,사리,4136,3728,7864
2022-01-28,수인선,소래포구,4447,4273,8720
2022-01-28,수인선,송도,2327,2258,4585
2022-01-28,수인선,숭의,3740,3408,7148
2022-01-28,수인선,신포,1580,1687,3267
2022-01-28,수인선,야목,292,241,533
2022-01-28,수인선,어천,767,639,1406
2022-01-28,수인선,연수,4310,4285,8595
2022-01-28,수인선,오목천,2691,2451,5142
2022-01-28,수인선,원인재,4372,4526,8898
2022-01-28,수인선,월곶,2424,2263,4687
2022-01-28,수인선,인천,1000,1544,2544
2022-01-28,수인선,인천논현,5073,5623,10696
2022-01-28,수인선,인하대,5147,4817,9964
2022-01-28,수인선,호구포,3902,3957,7859
2022-01-28,안산선,고잔,8424,7927,16351
2022-01-28,안산선,대야미,4758,4142,8900
2022-01-28,안산선,반월,4048,3922,7970
2022-01-28,안산선,산본,15533,16802,32335
2022-01-28,안산선,상록수,14744,15089,29833
2022-01-28,안산선,수리산,3940,3106,7046
2022-01-28,안산선,신길온천,1602,1503,3105
2022-01-28,안산선,안산,11198,10774,21972
2022-01-28,안산선,오이도,7695,7568,15263
2022-01-28,안산선,정왕,7811,7849,15660
2022-01-28,안산선,중앙,16982,17986,34968
2022-01-28,안산선,초지,4143,4361,8504
2022-01-28,안산선,한대앞,8287,8306,16593
2022-01-28,우이신설선,4.19민주묘지,2689,2490,5179
2022-01-28,우이신설선,가오리,4052,3894,7946
2022-01-28,우이신설선,보문,1564,1491,3055
2022-01-28,우이신설선,북한산보국문,5879,5571,11450
2022-01-28,우이신설선,북한산우이,2233,2033,4266
2022-01-28,우이신설선,삼양,1949,2110,4059
2022-01-28,우이신설선,삼양사거리,2458,2500,4958
2022-01-28,우이신설선,성신여대입구,3548,3678,7226
2022-01-28,우이신설선,솔밭공원,2347,2133,4480
2022-01-28,우이신설선,솔샘,5695,5185,10880
2022-01-28,우이신설선,신설동,2048,2026,4074
2022-01-28,우이신설선,정릉,4621,4148,8769
2022-01-28,우이신설선,화계,3376,3167,6543
2022-01-28,일산선,대곡,1814,1405,3219
2022-01-28,일산선,대화,11813,9557,21370
2022-01-28,일산선,마두,7285,7447,14732
2022-01-28,일산선,백석,9719,9877,19596
2022-01-28,일산선,삼송,18817,18490,37307
2022-01-28,일산선,원당,10552,10080,20632
2022-01-28,일산선,원흥,10146,9453,19599
2022-01-28,일산선,정발산,7313,7502,14815
2022-01-28,일산선,주엽,8565,8705,17270
2022-01-28,일산선,지축,1,0,1
2022-01-28,일산선,화정,16282,16886,33168
2022-01-28,장항선,배방,940,934,1874
2022-01-28,장항선,봉명,1046,1018,2064
2022-01-28,장항선,신창,1021,936,1957
2022-01-28,장항선,쌍용,1560,1498,3058
2022-01-28,장항선,아산,2737,2989,5726
2022-01-28,장항선,온양온천,3415,3612,7027
2022-01-28,장항선,탕정,414,369,783
2022-01-28,중앙선,구리,12609,13152,25761
2022-01-28,중앙선,국수,601,629,1230
2022-01-28,중앙선,덕소,5218,5349,10567
2022-01-28,중앙선,도농,9636,8884,18520
2022-01-28,중앙선,도심,2182,1737,3919
2022-01-28,중앙선,망우,7576,7456,15032
2022-01-28,중앙선,상봉,5669,5608,11277
2022-01-28,중앙선,신원,171,161,332
2022-01-28,중앙선,아신,493,511,1004
2022-01-28,중앙선,양수,1468,1510,2978
2022-01-28,중앙선,양원,1973,1901,3874
2022-01-28,중앙선,양정,587,527,1114
2022-01-28,중앙선,양평,3283,3449,6732
2022-01-28,중앙선,오빈,256,284,540
2022-01-28,중앙선,용문,1452,1699,3151
2022-01-28,중앙선,운길산,512,476,988
2022-01-28,중앙선,원덕,302,323,625
2022-01-28,중앙선,중랑,5470,5113,10583
2022-01-28,중앙선,지평,61,66,127
2022-01-28,중앙선,팔당,766,865,1631
2022-01-28,중앙선,회기,22939,20986,43925
2022-01-31,1호선,동대문,6744,6720,13464
2022-01-31,1호선,동묘앞,6014,6136,12150
2022-01-31,1호선,서울역,15649,16857,32506
2022-01-31,1호선,시청,4315,4155,8470
2022-01-31,1호선,신설동,4267,3770,8037
2022-01-31,1호선,제기동,7217,7169,14386
2022-01-31,1호선,종각,7447,6393,13840
2022-01-31,1호선,종로3가,8629,7556,16185
2022-01-31,1호선,종로5가,6658,6303,12961
2022-01-31,1호선,청량리,9670,10051,19721
2022-01-31,2호선,강남,18308,17141,35449
2022-01-31,2호선,강변,11754,15860,27614
2022-01-31,2호선,건대입구,15140,15279,30419
2022-01-31,2호선,교대,5477,5907,11384
2022-01-31,2호선,구로디지털단지,14330,13472,27802
2022-01-31,2호선,구의,6973,6684,13657
2022-01-31,2호선,낙성대,8485,7327,15812
2022-01-31,2호선,당산,4748,4954,9702
2022-01-31,2호선,대림,9571,10216,19787
2022-01-31,2호선,도림천,274,307,581
2022-01-31,2호선,동대문역사문화공원,4459,4932,9391
2022-01-31,2호선,뚝섬,4882,4785,9667
2022-01-31,2호선,문래,4056,4251,8307
2022-01-31,2호선,방배,3350,3465,6815
2022-01-31,2호선,봉천,7549,6603,14152
2022-01-31,2호선,사당,10684,11885,22569
2022-01-31,2호선,삼성,9989,9555,19544
2022-01-31,2호선,상왕십리,4165,3982,8147
2022-01-31,2호선,서울대입구,15227,13388,28615
2022-01-31,2호선,서초,2969,2594,5563
2022-01-31,2호선,선릉,6472,5276,11748
2022-01-31,2호선,성수,7513,8055,15568
2022-01-31,2호선,시청,2790,2247,5037
2022-01-31,2호선,신답,461,505,966
2022-01-31,2호선,신당,4981,5121,10102
2022-01-31,2호선,신대방,9484,8862,18346
2022-01-31,2호선,신도림,14964,15188,30152
2022-01-31,2호선,신림,23366,20345,43711
2022-01-31,2호선,신설동,1362,1318,2680
2022-01-31,2호선,신정네거리,3255,3418,6673
2022-01-31,2호선,신촌,11815,10594,22409
2022-01-31,2호선,아현,3194,3050,6244
2022-01-31,2호선,양천구청,2004,2059,4063
2022-01-31,2호선,역삼,6027,6214,12241
2022-01-31,2호선,영등포구청,4699,4651,9350
2022-01-31,2호선,왕십리,5161,4127,9288
2022-01-31,2호선,용답,1172,1128,2300
2022-01-31,2호선,용두,851,847,1698
2022-01-31,2호선,을지로3가,3521,3165,6686
2022-01-31,2호선,을지로4가,2077,1872,3949
2022-01-31,2호선,을지로입구,6685,6092,12777
2022-01-31,2호선,이대,3578,3393,6971
2022-01-31,2호선,잠실,26747,25859,52606
2022-01-31,2호선,잠실나루,3125,3118,6243
2022-01-31,2호선,잠실새내,6645,6698,13343
2022-01-31,2호선,종합운동장,2015,2102,4117
2022-01-31,2호선,충정로,2274,2310,4584
2022-01-31,2호선,한양대,1207,1104,2311
2022-01-31,2호선,합정,9989,10210,20199
2022-01-31,2호선,홍대입구,25297,24169,49466
2022-01-31,3호선,가락시장,2686,2604,5290
2022-01-31,3호선,경복궁,6824,7332,14156
2022-01-31,3호선,경찰병원,1834,1658,3492
2022-01-31,3호선,고속터미널,17880,24849,42729
2022-01-31,3호선,교대,2115,1261,3376
2022-01-31,3호선,구파발,7239,7372,14611
2022-01-31,3호선,금호,2757,2642,5399
2022-01-31,3호선,남부터미널,6773,8550,15323
2022-01-31,3호선,녹번,4693,4187,8880
2022-01-31,3호선,대청,2642,2506,5148
2022-01-31,3호선,대치,3479,3151,6630
2022-01-31,3호선,도곡,1257,1171,2428
2022-01-31,3호선,독립문,2658,2814,5472
2022-01-31,3호선,동대입구,2774,2936,5710
2022-01-31,3호선,매봉,2359,2213,4572
2022-01-31,3호선,무악재,1240,1320,2560
2022-01-31,3호선,불광,5904,6629,12533
2022-01-31,3호선,수서,5447,5933,11380
2022-01-31,3호선,신사,7594,7324,14918
2022-01-31,3호선,안국,6523,6927,13450
2022-01-31,3호선,압구정,9121,9260,18381
2022-01-31,3호선,약수,4079,3747,7826
2022-01-31,3호선,양재,6275,6726,13001
2022-01-31,3호선,연신내,14600,13756,28356
2022-01-31,3호선,오금,1571,1438,3009
2022-01-31,3호선,옥수,3002,3039,6041
2022-01-31,3호선,을지로3가,1576,1461,3037
2022-01-31,3호선,일원,2061,2098,4159
2022-01-31,3호선,잠원,1350,1321,2671
2022-01-31,3호선,종로3가,2210,2776,4986
2022-01-31,3호선,지축,1383,1307,2690
2022-01-31,3호선,학여울,422,434,856
2022-01-31,3호선,홍제,6249,5881,12130
2022-01-31,4호선,길음,6260,6070,12330
2022-01-31,4호선,남태령,407,325,732
2022-01-31,4호선,노원,7259,7828,15087
2022-01-31,4호선,당고개,4678,4775,9453
2022-01-31,4호선,동대문,3474,3495,6969
2022-01-31,4호선,동대문역사문화공원,5222,4573,9795
2022-01-31,4호선,동작,644,709,1353
2022-01-31,4호선,명동,7239,7055,14294
2022-01-31,4호선,미아,5564,5345,10909
2022-01-31,4호선,미아사거리,10328,10020,20348
2022-01-31,4호선,사당,8037,6982,15019
2022-01-31,4호선,삼각지,1281,1582,2863
2022-01-31,4호선,상계,6743,6665,13408
2022-01-31,4호선,서울역,2552,5878,8430
2022-01-31,4호선,성신여대입구,7219,6703,13922
2022-01-31,4호선,수유,13016,12864,25880
2022-01-31,4호선,숙대입구,3533,3119,6652
2022-01-31,4호선,신용산,4371,4899,9270
2022-01-31,4호선,쌍문,10109,9425,19534
2022-01-31,4호선,이촌,3511,3730,7241
2022-01-31,4호선,창동,10048,10827,20875
2022-01-31,4호선,총신대입구,6842,7246,14088
2022-01-31,4호선,충무로,4621,4312,8933
2022-01-31,4호선,한성대입구,4541,4157,8698
2022-01-31,4호선,혜화,10652,10119,20771
2022-01-31,4호선,회현,6632,7004,13636
2022-01-31,5호선,강동,5237,5053,10290
2022-01-31,5호선,강일,1327,1353,2680
2022-01-31,5호선,개롱,1717,1928,3645
2022-01-31,5호선,개화산,1914,2030,3944
2022-01-31,5호선,거여,2416,2384,4800
2022-01-31,5호선,고덕,2637,2749,5386
2022-01-31,5호선,공덕,2706,2639,5345
2022-01-31,5호선,광나루,4164,4135,8299
2022-01-31,5호선,광화문,6564,6356,12920
2022-01-31,5호선,군자,3429,3648,7077
2022-01-31,5호선,굽은다리,3311,3101,6412
2022-01-31,5호선,길동,2899,3053,5952
2022-01-31,5호선,김포공항,5070,5278,10348
2022-01-31,5호선,까치산,10409,10039,20448
2022-01-31,5호선,답십리,4445,4218,8663
2022-01-31,5호선,동대문역사문화공원,508,583,1091
2022-01-31,5호선,둔촌동,2685,2677,5362
2022-01-31,5호선,마곡,2217,2169,4386
2022-01-31,5호선,마장,1906,1889,3795
2022-01-31,5호선,마천,2291,2414,4705
2022-01-31,5호선,마포,2979,2893,5872
2022-01-31,5호선,명일,2611,2647,5258
2022-01-31,5호선,목동,4734,4904,9638
2022-01-31,5호선,미사,5537,5132,10669
2022-01-31,5호선,발산,5528,5446,10974
2022-01-31,5호선,방이,1951,1894,3845
2022-01-31,5호선,방화,2371,2357,4728
2022-01-31,5호선,상일동,4096,3977,8073
2022-01-31,5호선,서대문,2794,2677,5471
2022-01-31,5호선,송정,2537,2541,5078
2022-01-31,5호선,신금호,1914,2092,4006
2022-01-31,5호선,신길,1010,1005,2015
2022-01-31,5호선,신정,4022,3662,7684
2022-01-31,5호선,아차산,5705,5458,11163
2022-01-31,5호선,애오개,1559,1537,3096
2022-01-31,5호선,양평,1610,1473,3083
2022-01-31,5호선,여의나루,2238,2349,4587
2022-01-31,5호선,여의도,3482,3660,7142
2022-01-31,5호선,영등포구청,802,745,1547
2022-01-31,5호선,영등포시장,2684,2519,5203
2022-01-31,5호선,오금,876,874,1750
2022-01-31,5호선,오목교,5876,6013,11889
2022-01-31,5호선,올림픽공원,1276,1086,2362
2022-01-31,5호선,왕십리,1499,1792,3291
2022-01-31,5호선,우장산,4442,4678,9120
2022-01-31,5호선,을지로4가,941,1072,2013
2022-01-31,5호선,장한평,4479,4246,8725
2022-01-31,5호선,종로3가,5353,4837,10190
2022-01-31,5호선,천호,6779,6302,13081
2022-01-31,5호선,청구,1136,1017,2153
2022-01-31,5호선,충정로,777,699,1476
2022-01-31,5호선,하남검단산,2886,3006,5892
2022-01-31,5호선,하남시청,2757,2747,5504
2022-01-31,5호선,하남풍산,1411,1478,2889
2022-01-31,5호선,행당,2322,2028,4350
2022-01-31,5호선,화곡,9082,8512,17594
2022-01-31,6호선,고려대,2662,2294,4956
2022-01-31,6호선,공덕,4221,3821,8042
2022-01-31,6호선,광흥창,2220,2118,4338
2022-01-31,6호선,구산,2560,1896,4456
2022-01-31,6호선,녹사평,1935,1978,3913
2022-01-31,6호선,대흥,2178,2141,4319
2022-01-31,6호선,독바위,1016,1226,2242
2022-01-31,6호선,돌곶이,2991,2880,5871
2022-01-31,6호선,동묘앞,3389,3169,6558
2022-01-31,6호선,디지털미디어시티,3262,3414,6676
2022-01-31,6호선,마포구청,4231,3709,7940
2022-01-31,6호선,망원,6428,6691,13119
2022-01-31,6호선,버티고개,659,729,1388
2022-01-31,6호선,보문,2414,1966,4380
2022-01-31,6호선,봉화산,2424,2547,4971
2022-01-31,6호선,불광,1864,1649,3513
2022-01-31,6호선,삼각지,1920,1394,3314
2022-01-31,6호선,상수,3162,3213,6375
2022-01-31,6호선,상월곡,2051,1787,3838
2022-01-31,6호선,새절,4280,4239,8519
2022-01-31,6호선,석계,4134,4275,8409
2022-01-31,6호선,신당,2039,1787,3826
2022-01-31,6호선,안암,2475,2092,4567
2022-01-31,6호선,약수,1117,1147,2264
2022-01-31,6호선,역촌,1267,1483,2750
2022-01-31,6호선,월곡,3636,3477,7113
2022-01-31,6호선,월드컵경기장,2359,2216,4575
2022-01-31,6호선,응암,6302,6375,12677
2022-01-31,6호선,이태원,6436,6097,12533
2022-01-31,6호선,증산,3707,3614,7321
2022-01-31,6호선,창신,1041,923,1964
2022-01-31,6호선,청구,1023,1047,2070
2022-01-31,6호선,태릉입구,1795,1899,3694
2022-01-31,6호선,한강진,3454,3926,7380
2022-01-31,6호선,합정,5050,4500,9550
2022-01-31,6호선,화랑대,3073,2662,5735
2022-01-31,6호선,효창공원앞,1957,1711,3668
2022-01-31,7호선,가산디지털단지,6882,5726,12608
2022-01-31,7호선,강남구청,2686,2604,5290
2022-01-31,7호선,건대입구,4525,4276,8801
2022-01-31,7호선,고속터미널,6671,5249,11920
2022-01-31,7호선,공릉,3819,3824,7643
2022-01-31,7호선,광명사거리,9468,9722,19190
2022-01-31,7호선,군자,4697,3444,8141
2022-01-31,7호선,굴포천,2,0,2
2022-01-31,7호선,까치울,1,0,1
2022-01-31,7호선,남구로,4828,4879,9707
2022-01-31,7호선,남성,3384,3114,6498
2022-01-31,7호선,내방,3190,2951,6141
2022-01-31,7호선,노원,6351,6287,12638
2022-01-31,7호선,논현,3623,3647,7270
2022-01-31,7호선,대림,5642,5457,11099
2022-01-31,7호선,도봉산,2852,4227,7079
2022-01-31,7호선,뚝섬유원지,2887,2745,5632
2022-01-31,7호선,마들,4299,4069,8368
2022-01-31,7호선,먹골,3429,3303,6732
2022-01-31,7호선,면목,5538,5460,10998
2022-01-31,7호선,반포,1898,1842,3740
2022-01-31,7호선,보라매,2657,2342,4999
2022-01-31,7호선,부천시청,1,0,1
2022-01-31,7호선,사가정,5882,5919,11801
2022-01-31,7호선,상도,3125,2777,5902
2022-01-31,7호선,상봉,6150,5720,11870
2022-01-31,7호선,수락산,4613,4786,9399
2022-01-31,7호선,숭실대입구,3436,3283,6719
2022-01-31,7호선,신대방삼거리,5374,4780,10154
2022-01-31,7호선,신풍,3857,3659,7516
2022-01-31,7호선,어린이대공원,4032,3385,7417
2022-01-31,7호선,온수,2628,2597,5225
2022-01-31,7호선,용마산,2154,2255,4409
2022-01-31,7호선,이수,4860,4417,9277
2022-01-31,7호선,장승배기,3191,2933,6124
2022-01-31,7호선,장암,554,421,975
2022-01-31,7호선,중계,4473,4083,8556
2022-01-31,7호선,중곡,3285,3262,6547
2022-01-31,7호선,중화,3640,3573,7213
2022-01-31,7호선,천왕,3277,3328,6605
2022-01-31,7호선,철산,6478,6556,13034
2022-01-31,7호선,청담,3217,3342,6559
2022-01-31,7호선,춘의,1,0,1
2022-01-31,7호선,태릉입구,2779,2489,5268
2022-01-31,7호선,하계,5735,5396,11131
2022-01-31,7호선,학동,2473,2410,4883
2022-01-31,8호선,가락시장,2429,2604,5033
2022-01-31,8호선,강동구청,2858,2900,5758
2022-01-31,8호선,남위례,1108,1234,2342
2022-01-31,8호선,남한산성입구,4322,4046,8368
2022-01-31,8호선,단대오거리,3613,3424,7037
2022-01-31,8호선,모란,1719,1487,3206
2022-01-31,8호선,몽촌토성,1916,1830,3746
2022-01-31,8호선,문정,2673,2561,5234
2022-01-31,8호선,복정,2504,2109,4613
2022-01-31,8호선,산성,1887,1925,3812
2022-01-31,8호선,석촌,2382,2789,5171
2022-01-31,8호선,송파,2049,2156,4205
2022-01-31,8호선,수진,1997,1732,3729
2022-01-31,8호선,신흥,1695,1747,3442
2022-01-31,8호선,암사,5996,5757,11753
2022-01-31,8호선,잠실,6106,6739,12845
2022-01-31,8호선,장지,5669,5551,11220
2022-01-31,8호선,천호,5103,5712,10815
2022-01-31,9호선,가양,6483,6086,12569
2022-01-31,9호선,개화,769,666,1435
2022-01-31,9호선,고속터미널,4686,9228,13914
2022-01-31,9호선,공항시장,1186,1206,2392
2022-01-31,9호선,구반포,266,280,546
2022-01-31,9호선,국회의사당,1484,1371,2855
2022-01-31,9호선,김포공항,4990,8934,13924
2022-01-31,9호선,노들,1512,1253,2765
2022-01-31,9호선,노량진,10416,9547,19963
2022-01-31,9호선,당산,4897,4591,9488
2022-01-31,9호선,동작,828,602,1430
2022-01-31,9호선,등촌,3646,3599,7245
2022-01-31,9호선,마곡나루,2949,2725,5674
2022-01-31,9호선,사평,946,943,1889
2022-01-31,9호선,샛강,1034,1011,2045
2022-01-31,9호선,선유도,1607,1429,3036
2022-01-31,9호선,신논현,9001,8353,17354
2022-01-31,9호선,신목동,1024,926,1950
2022-01-31,9호선,신반포,826,811,1637
2022-01-31,9호선,신방화,2213,2185,4398
2022-01-31,9호선,양천향교,2621,2360,4981
2022-01-31,9호선,여의도,3592,3302,6894
2022-01-31,9호선,염창,5156,4783,9939
2022-01-31,9호선,증미,2172,2159,4331
2022-01-31,9호선,흑석,2314,2444,4758
2022-01-31,9호선2~3단계,둔촌오륜,238,258,496
2022-01-31,9호선2~3단계,봉은사,4377,4421,8798
2022-01-31,9호선2~3단계,삼성중앙,1246,1027,2273
2022-01-31,9호선2~3단계,삼전,2178,1946,4124
2022-01-31,9호선2~3단계,석촌,2705,2049,4754
2022-01-31,9호선2~3단계,석촌고분,1901,1623,3524
2022-01-31,9호선2~3단계,선정릉,1558,1464,3022
2022-01-31,9호선2~3단계,송파나루,1818,1752,3570
2022-01-31,9호선2~3단계,언주,1747,1562,3309
2022-01-31,9호선2~3단계,올림픽공원,1622,1628,3250
2022-01-31,9호선2~3단계,종합운동장,1088,1004,2092
2022-01-31,9호선2~3단계,중앙보훈병원,1778,1788,3566
2022-01-31,9호선2~3단계,한성백제,721,555,1276
2022-01-31,경강선,경기광주,2408,2814,5222
2022-01-31,경강선,곤지암,1393,1444,2837
2022-01-31,경강선,부발,929,1059,1988
2022-01-31,경강선,삼동,628,619,1247
2022-01-31,경강선,세종대왕릉,179,270,449
2022-01-31,경강선,신둔도예촌,500,638,1138
2022-01-31,경강선,여주,1255,1689,2944
2022-01-31,경강선,이매,453,275,728
2022-01-31,경강선,이천,1566,1874,3440
2022-01-31,경강선,초월,1033,1111,2144
2022-01-31,경강선,판교,1149,991,2140
2022-01-31,경부선,가산디지털단지,3124,3931,7055
2022-01-31,경부선,관악,2455,2474,4929
2022-01-31,경부선,광명,1319,1216,2535
2022-01-31,경부선,구로,6411,6532,12943
2022-01-31,경부선,군포,2095,1997,4092
2022-01-31,경부선,금정,8714,9067,17781
2022-01-31,경부선,금천구청,3880,4065,7945
2022-01-31,경부선,남영,2506,2466,4972
2022-01-31,경부선,노량진,4662,4215,8877
2022-01-31,경부선,당정,1724,1783,3507
2022-01-31,경부선,대방,3429,3308,6737
2022-01-31,경부선,독산,4066,3728,7794
2022-01-31,경부선,두정,2498,2367,4865
2022-01-31,경부선,명학,1987,1858,3845
2022-01-31,경부선,병점,5634,5879,11513
2022-01-31,경부선,서동탄,430,424,854
2022-01-31,경부선,서울역,2886,939,3825
2022-01-31,경부선,서정리,2817,2804,5621
2022-01-31,경부선,석수,3027,2848,5875
2022-01-31,경부선,성균관대,4428,4394,8822
2022-01-31,경부선,성환,1627,2023,3650
2022-01-31,경부선,세류,1282,1410,2692
2022-01-31,경부선,세마,988,936,1924
2022-01-31,경부선,송탄,2317,2135,4452
2022-01-31,경부선,수원,20299,21784,42083
2022-01-31,경부선,신길,2943,2375,5318
2022-01-31,경부선,신도림,1389,1182,2571
2022-01-31,경부선,안양,8035,8335,16370
2022-01-31,경부선,영등포,17232,16774,34006
2022-01-31,경부선,오산,5521,5144,10665
2022-01-31,경부선,오산대,1325,1206,2531
2022-01-31,경부선,용산,18538,19644,38182
2022-01-31,경부선,의왕,2700,2758,5458
2022-01-31,경부선,직산,340,382,722
2022-01-31,경부선,진위,475,506,981
2022-01-31,경부선,천안,3663,4381,8044
2022-01-31,경부선,평택,7142,7725,14867
2022-01-31,경부선,평택지제,1205,1147,2352
2022-01-31,경부선,화서,2354,2476,4830
2022-01-31,경원선,가능,2614,2661,5275
2022-01-31,경원선,광운대,2727,2767,5494
2022-01-31,경원선,녹양,1764,1813,3577
2022-01-31,경원선,녹천,1734,1428,3162
2022-01-31,경원선,덕계,1025,982,2007
2022-01-31,경원선,덕정,2137,2336,4473
2022-01-31,경원선,도봉,2343,2253,4596
2022-01-31,경원선,도봉산,4224,2952,7176
2022-01-31,경원선,동두천,794,1106,1900
2022-01-31,경원선,동두천중앙,1468,1706,3174
2022-01-31,경원선,망월사,2690,2907,5597
2022-01-31,경원선,방학,3860,3780,7640
2022-01-31,경원선,보산,724,809,1533
2022-01-31,경원선,서빙고,651,609,1260
2022-01-31,경원선,석계,3380,3540,6920
2022-01-31,경원선,소요산,1726,1747,3473
2022-01-31,경원선,신이문,3402,3198,6600
2022-01-31,경원선,양주,2954,3353,6307
2022-01-31,경원선,옥수,15,20,35
2022-01-31,경원선,왕십리,5494,5794,11288
2022-01-31,경원선,외대앞,3078,2772,5850
2022-01-31,경원선,월계,2685,2516,5201
2022-01-31,경원선,응봉,723,604,1327
2022-01-31,경원선,의정부,8938,9277,18215
2022-01-31,경원선,이촌,1226,1044,2270
2022-01-31,경원선,지행,2610,2931,5541
2022-01-31,경원선,청량리,7483,7947,15430
2022-01-31,경원선,한남,1364,1253,2617
2022-01-31,경원선,회룡,4348,4609,8957
2022-01-31,경의선,가좌,1807,1627,3434
2022-01-31,경의선,강매,951,854,1805
2022-01-31,경의선,곡산,163,165,328
2022-01-31,경의선,공덕,1125,896,2021
2022-01-31,경의선,금릉,1894,1991,3885
2022-01-31,경의선,금촌,3141,3279,6420
2022-01-31,경의선,능곡,1421,1362,2783
2022-01-31,경의선,디지털미디어시티,942,845,1787
2022-01-31,경의선,문산,2300,2718,5018
2022-01-31,경의선,백마,1970,2015,3985
2022-01-31,경의선,서강대,792,650,1442
2022-01-31,경의선,서울역,642,663,1305
2022-01-31,경의선,수색,617,597,1214
2022-01-31,경의선,신촌,158,159,317
2022-01-31,경의선,야당,3024,2968,5992
2022-01-31,경의선,운정,2300,2356,4656
2022-01-31,경의선,월롱,680,668,1348
2022-01-31,경의선,일산,2985,3125,6110
2022-01-31,경의선,임진강,38,38,76
2022-01-31,경의선,탄현,2604,2567,5171
2022-01-31,경의선,파주,441,433,874
2022-01-31,경의선,풍산,2196,2248,4444
2022-01-31,경의선,행신,2640,2674,5314
2022-01-31,경의선,홍대입구,750,894,1644
2022-01-31,경의선,화전,408,389,797
2022-01-31,경의선,효창공원앞,710,808,1518
2022-01-31,경인선,간석,2194,2187,4381
2022-01-31,경인선,개봉,7634,7916,15550
2022-01-31,경인선,구일,1942,1838,3780
2022-01-31,경인선,도원,949,1019,1968
2022-01-31,경인선,도화,1662,1625,3287
2022-01-31,경인선,동암,6417,6762,13179
2022-01-31,경인선,동인천,5678,5763,11441
2022-01-31,경인선,백운,2596,2755,5351
2022-01-31,경인선,부개,3286,3177,6463
2022-01-31,경인선,부천,15478,15969,31447
2022-01-31,경인선,부평,16139,16610,32749
2022-01-31,경인선,소사,3264,3514,6778
2022-01-31,경인선,송내,7909,7983,15892
2022-01-31,경인선,역곡,9263,9611,18874
2022-01-31,경인선,오류동,4679,4174,8853
2022-01-31,경인선,온수,2427,2213,4640
2022-01-31,경인선,인천,2605,2196,4801
2022-01-31,경인선,제물포,3402,3641,7043
2022-01-31,경인선,주안,7864,6944,14808
2022-01-31,경인선,중동,3266,3341,6607
2022-01-31,경춘선,가평,1083,1267,2350
2022-01-31,경춘선,갈매,887,797,1684
2022-01-31,경춘선,강촌,307,291,598
2022-01-31,경춘선,굴봉산,125,125,250
2022-01-31,경춘선,금곡,576,625,1201
2022-01-31,경춘선,김유정,218,278,496
2022-01-31,경춘선,남춘천,1485,1708,3193
2022-01-31,경춘선,대성리,235,231,466
2022-01-31,경춘선,마석,1595,1748,3343
2022-01-31,경춘선,백양리,441,393,834
2022-01-31,경춘선,별내,1200,1066,2266
2022-01-31,경춘선,사릉,1024,1140,2164
2022-01-31,경춘선,상천,163,160,323
2022-01-31,경춘선,신내,584,550,1134
2022-01-31,경춘선,천마산,710,771,1481
2022-01-31,경춘선,청평,893,1107,2000
2022-01-31,경춘선,춘천,1008,1056,2064
2022-01-31,경춘선,퇴계원,1316,1317,2633
2022-01-31,경춘선,평내호평,2127,2271,4398
2022-01-31,공항철도,검암,2252,2347,4599
2022-01-31,공항철도,계양,3151,3163,6314
2022-01-31,공항철도,공덕,811,952,1763
2022-01-31,공항철도,공항화물청사,833,876,1709
2022-01-31,공항철도,김포공항,8697,4721,13418
2022-01-31,공항철도,디지털미디어시티,2280,2036,4316
2022-01-31,공항철도,마곡나루,1255,1287,2542
2022-01-31,공항철도,서울역,3675,4141,7816
2022-01-31,공항철도,영종,1537,1516,3053
2022-01-31,공항철도,운서,3607,3245,6852
2022-01-31,공항철도,인천공항1터미널,2635,2795,5430
2022-01-31,공항철도,인천공항2터미널,1533,1411,2944
2022-01-31,공항철도,청라국제도시,1836,1807,3643
2022-01-31,공항철도,홍대입구,5113,4476,9589
2022-01-31,과천선,경마공원,320,313,633
2022-01-31,과천선,과천,2048,1941,3989
2022-01-31,과천선,대공원,2738,2717,5455
2022-01-31,과천선,범계,7915,7772,15687
2022-01-31,과천선,선바위,1967,1845,3812
2022-01-31,과천선,인덕원,6201,6474,12675
2022-01-31,과천선,정부과천청사,2444,2504,4948
2022-01-31,과천선,평촌,3851,3581,7432
2022-01-31,분당선,가천대,2113,2282,4395
2022-01-31,분당선,강남구청,1616,1792,3408
2022-01-31,분당선,개포동,934,930,1864
2022-01-31,분당선,구룡,414,419,833
2022-01-31,분당선,구성,1416,1653,3069
2022-01-31,분당선,기흥,3177,3007,6184
2022-01-31,분당선,대모산입구,1323,1220,2543
2022-01-31,분당선,도곡,1806,1630,3436
2022-01-31,분당선,망포,3893,3606,7499
2022-01-31,분당선,매교,908,883,1791
2022-01-31,분당선,매탄권선,1549,1535,3084
2022-01-31,분당선,모란,7319,7685,15004
2022-01-31,분당선,미금,4758,4869,9627
2022-01-31,분당선,보정,687,645,1332
2022-01-31,분당선,복정,1,0,1
2022-01-31,분당선,상갈,1781,1871,3652
2022-01-31,분당선,서울숲,2635,2578,5213
2022-01-31,분당선,서현,8685,4896,13581
2022-01-31,분당선,선릉,1399,1891,3290
2022-01-31,분당선,선정릉,960,945,1905
2022-01-31,분당선,수내,3836,3647,7483
2022-01-31,분당선,수서,4240,4808,9048
2022-01-31,분당선,수원,4046,3189,7235
2022-01-31,분당선,수원시청,4108,3883,7991
2022-01-31,분당선,신갈,1163,1264,2427
2022-01-31,분당선,압구정로데오,5266,5545,10811
2022-01-31,분당선,야탑,7914,8745,16659
2022-01-31,분당선,영통,2860,2473,5333
2022-01-31,분당선,오리,3580,3019,6599
2022-01-31,분당선,이매,1824,1838,3662
2022-01-31,분당선,정자,4499,4331,8830
2022-01-31,분당선,죽전,3968,4414,8382
2022-01-31,분당선,청명,1113,1106,2219
2022-01-31,분당선,태평,5841,5468,11309
2022-01-31,분당선,한티,3656,3587,7243
2022-01-31,수인선,고색,1138,1241,2379
2022-01-31,수인선,남동인더스파크,411,392,803
2022-01-31,수인선,달월,34,39,73
2022-01-31,수인선,사리,1586,1414,3000
2022-01-31,수인선,소래포구,3112,3204,6316
2022-01-31,수인선,송도,923,992,1915
2022-01-31,수인선,숭의,1330,1235,2565
2022-01-31,수인선,신포,740,742,1482
2022-01-31,수인선,야목,112,100,212
2022-01-31,수인선,어천,350,381,731
2022-01-31,수인선,연수,2123,1926,4049
2022-01-31,수인선,오목천,956,881,1837
2022-01-31,수인선,원인재,1969,2115,4084
2022-01-31,수인선,월곶,1047,1030,2077
2022-01-31,수인선,인천,850,1312,2162
2022-01-31,수인선,인천논현,2081,2188,4269
2022-01-31,수인선,인하대,1987,1843,3830
2022-01-31,수인선,호구포,1271,1309,2580
2022-01-31,안산선,고잔,2575,2619,5194
2022-01-31,안산선,대야미,1735,1619,3354
2022-01-31,안산선,반월,1652,1672,3324
2022-01-31,안산선,산본,5370,5686,11056
2022-01-31,안산선,상록수,5904,6154,12058
2022-01-31,안산선,수리산,1333,1225,2558
2022-01-31,안산선,신길온천,706,710,1416
2022-01-31,안산선,안산,8525,8617,17142
2022-01-31,안산선,오이도,3753,3975,7728
2022-01-31,안산선,정왕,3878,3739,7617
2022-01-31,안산선,중앙,6821,7042,13863
2022-01-31,안산선,초지,1323,1586,2909
2022-01-31,안산선,한대앞,3439,3501,6940
2022-01-31,우이신설선,4.19민주묘지,1105,1021,2126
2022-01-31,우이신설선,가오리,1585,1634,3219
2022-01-31,우이신설선,보문,659,587,1246
2022-01-31,우이신설선,북한산보국문,2323,2074,4397
2022-01-31,우이신설선,북한산우이,1641,1683,3324
2022-01-31,우이신설선,삼양,837,929,1766
2022-01-31,우이신설선,삼양사거리,1070,1049,2119
2022-01-31,우이신설선,성신여대입구,1333,1517,2850
2022-01-31,우이신설선,솔밭공원,975,966,1941
2022-01-31,우이신설선,솔샘,1867,1744,3611
2022-01-31,우이신설선,신설동,662,651,1313
2022-01-31,우이신설선,정릉,1714,1446,3160
2022-01-31,우이신설선,화계,1332,1265,2597
2022-01-31,일산선,대곡,661,518,1179
2022-01-31,일산선,대화,3887,3625,7512
2022-01-31,일산선,마두,2345,2390,4735
2022-01-31,일산선,백석,3742,3906,7648
2022-01-31,일산선,삼송,7524,7545,15069
2022-01-31,일산선,원당,3949,4151,8100
2022-01-31,일산선,원흥,3471,3297,6768
2022-01-31,일산선,정발산,2631,2637,5268
2022-01-31,일산선,주엽,2883,2897,5780
2022-01-31,일산선,화정,6199,6475,12674
2022-01-31,장항선,배방,469,482,951
2022-01-31,장항선,봉명,328,336,664
2022-01-31,장항선,신창,642,846,1488
2022-01-31,장항선,쌍용,764,705,1469
2022-01-31,장항선,아산,1524,1320,2844
2022-01-31,장항선,온양온천,2263,2608,4871
2022-01-31,장항선,탕정,212,217,429
2022-01-31,중앙선,구리,4319,4615,8934
2022-01-31,중앙선,국수,286,399,685
2022-01-31,중앙선,덕소,2117,2284,4401
2022-01-31,중앙선,도농,3098,3208,6306
2022-01-31,중앙선,도심,679,631,1310
2022-01-31,중앙선,망우,3189,3044,6233
2022-01-31,중앙선,상봉,2588,2508,5096
2022-01-31,중앙선,신원,90,85,175
2022-01-31,중앙선,아신,311,391,702
2022-01-31,중앙선,양수,961,1127,2088
2022-01-31,중앙선,양원,595,589,1184
2022-01-31,중앙선,양정,204,180,384
2022-01-31,중앙선,양평,1364,1801,3165
2022-01-31,중앙선,오빈,113,159,272
2022-01-31,중앙선,용문,1074,1650,2724
2022-01-31,중앙선,운길산,468,491,959
2022-01-31,중앙선,원덕,220,273,493
2022-01-31,중앙선,중랑,2211,2052,4263
2022-01-31,중앙선,지평,43,54,97
2022-01-31,중앙선,팔당,733,702,1435
2022-01-31,중앙선,회기,8704,7611,16315
