사용일자,호선명,지하철역,승차총승객수,하차총승객수,승하차총승객수
2022-02-01,1호선,동대문,5813,5304,11117
2022-02-01,1호선,동묘앞,3082,3500,6582
2022-02-01,1호선,서울역,16407,14010,30417
2022-02-01,1호선,시청,3743,3740,7483
2022-02-01,1호선,신설동,3126,3237,6363
2022-02-01,1호선,제기동,3458,3693,7151
2022-02-01,1호선,종각,7295,6513,13808
2022-02-01,1호선,종로3가,6012,5363,11375
2022-02-01,1호선,종로5가,3389,3142,6531
2022-02-01,1호선,청량리,6194,6306,12500
2022-02-01,2호선,강남,12192,12225,24417
2022-02-01,2호선,강변,17862,9916,27778
2022-02-01,2호선,건대입구,12468,14328,26796
2022-02-01,2호선,교대,3830,4233,8063
2022-02-01,2호선,구로디지털단지,11935,13310,25245
2022-02-01,2호선,구의,5832,6553,12385
2022-02-01,2호선,낙성대,6698,8270,14968
2022-02-01,2호선,당산,4112,4561,8673
2022-02-01,2호선,대림,7685,8678,16363
2022-02-01,2호선,도림천,280,295,575
2022-02-01,2호선,동대문역사문화공원,3129,3528,6657
2022-02-01,2호선,뚝섬,3411,3561,6972
2022-02-01,2호선,문래,3305,3451,6756
2022-02-01,2호선,방배,2720,2933,5653
2022-02-01,2호선,봉천,5972,6781,12753
2022-02-01,2호선,사당,9376,10026,19402
2022-02-01,2호선,삼성,8602,8132,16734
2022-02-01,2호선,상왕십리,3777,4062,7839
2022-02-01,2호선,서울대입구,11387,13735,25122
2022-02-01,2호선,서초,2456,2135,4591
2022-02-01,2호선,선릉,4339,4146,8485
2022-02-01,2호선,성수,5137,6014,11151
2022-02-01,2호선,시청,2516,2385,4901
2022-02-01,2호선,신답,331,399,730
2022-02-01,2호선,신당,3709,4257,7966
2022-02-01,2호선,신대방,8420,9382,17802
2022-02-01,2호선,신도림,12259,12931,25190
2022-02-01,2호선,신림,19446,23401,42847
2022-02-01,2호선,신설동,862,912,1774
2022-02-01,2호선,신정네거리,2944,3260,6204
2022-02-01,2호선,신촌,7624,8400,16024
2022-02-01,2호선,아현,2755,3005,5760
2022-02-01,2호선,양천구청,2013,2121,4134
2022-02-01,2호선,역삼,3970,4714,8684
2022-02-01,2호선,영등포구청,3845,4217,8062
2022-02-01,2호선,왕십리,4167,3874,8041
2022-02-01,2호선,용답,982,1097,2079
2022-02-01,2호선,용두,563,627,1190
2022-02-01,2호선,을지로3가,2577,2514,5091
2022-02-01,2호선,을지로4가,1147,1187,2334
2022-02-01,2호선,을지로입구,4659,4006,8665
2022-02-01,2호선,이대,2850,3186,6036
2022-02-01,2호선,잠실,22539,20628,43167
2022-02-01,2호선,잠실나루,2782,2763,5545
2022-02-01,2호선,잠실새내,4928,5520,10448
2022-02-01,2호선,종합운동장,1749,1959,3708
2022-02-01,2호선,충정로,1974,2156,4130
2022-02-01,2호선,한양대,998,1091,2089
2022-02-01,2호선,합정,7427,8312,15739
2022-02-01,2호선,홍대입구,18355,19663,38018
2022-02-01,3호선,가락시장,1760,1739,3499
2022-02-01,3호선,경복궁,5914,7253,13167
2022-02-01,3호선,경찰병원,1417,1604,3021
2022-02-01,3호선,고속터미널,30168,13336,43504
2022-02-01,3호선,교대,1449,997,2446
2022-02-01,3호선,구파발,6629,6843,13472
2022-02-01,3호선,금호,2599,2512,5111
2022-02-01,3호선,남부터미널,9858,6343,16201
2022-02-01,3호선,녹번,4431,4398,8829
2022-02-01,3호선,대청,2174,2241,4415
2022-02-01,3호선,대치,2095,2068,4163
2022-02-01,3호선,도곡,889,930,1819
2022-02-01,3호선,독립문,2325,2420,4745
2022-02-01,3호선,동대입구,3085,3628,6713
2022-02-01,3호선,매봉,1760,1774,3534
2022-02-01,3호선,무악재,1195,1332,2527
2022-02-01,3호선,불광,4874,5889,10763
2022-02-01,3호선,수서,5691,4990,10681
2022-02-01,3호선,신사,3735,4126,7861
2022-02-01,3호선,안국,5840,6316,12156
2022-02-01,3호선,압구정,3522,3930,7452
2022-02-01,3호선,약수,3631,3714,7345
2022-02-01,3호선,양재,5351,6618,11969
2022-02-01,3호선,연신내,12409,12922,25331
2022-02-01,3호선,오금,1288,1379,2667
2022-02-01,3호선,옥수,2654,2951,5605
2022-02-01,3호선,을지로3가,1135,1083,2218
2022-02-01,3호선,일원,1784,1869,3653
2022-02-01,3호선,잠원,1016,1031,2047
2022-02-01,3호선,종로3가,1573,2478,4051
2022-02-01,3호선,지축,1183,1134,2317
2022-02-01,3호선,학여울,339,382,721
2022-02-01,3호선,홍제,5555,5563,11118
2022-02-01,4호선,길음,5870,6068,11938
2022-02-01,4호선,남태령,345,308,653
2022-02-01,4호선,노원,6767,7299,14066
2022-02-01,4호선,당고개,5055,4687,9742
2022-02-01,4호선,동대문,1830,1705,3535
2022-02-01,4호선,동대문역사문화공원,3784,3337,7121
2022-02-01,4호선,동작,543,592,1135
2022-02-01,4호선,명동,4780,4531,9311
2022-02-01,4호선,미아,5144,4986,10130
2022-02-01,4호선,미아사거리,9241,8902,18143
2022-02-01,4호선,사당,7021,6430,13451
2022-02-01,4호선,삼각지,1014,1403,2417
2022-02-01,4호선,상계,6686,6444,13130
2022-02-01,4호선,서울역,2332,4904,7236
2022-02-01,4호선,성신여대입구,6233,6399,12632
2022-02-01,4호선,수유,12578,13008,25586
2022-02-01,4호선,숙대입구,2928,2906,5834
2022-02-01,4호선,신용산,3979,3676,7655
2022-02-01,4호선,쌍문,9894,9347,19241
2022-02-01,4호선,이촌,1580,1812,3392
2022-02-01,4호선,창동,9137,9310,18447
2022-02-01,4호선,총신대입구,4717,5295,10012
2022-02-01,4호선,충무로,3916,4117,8033
2022-02-01,4호선,한성대입구,4395,4574,8969
2022-02-01,4호선,혜화,8076,8586,16662
2022-02-01,4호선,회현,2040,2063,4103
2022-02-01,5호선,강동,4941,5373,10314
2022-02-01,5호선,강일,1166,1235,2401
2022-02-01,5호선,개롱,1514,1682,3196
2022-02-01,5호선,개화산,1906,1944,3850
2022-02-01,5호선,거여,2410,2379,4789
2022-02-01,5호선,고덕,2097,2146,4243
2022-02-01,5호선,공덕,2180,2417,4597
2022-02-01,5호선,광나루,3779,3373,7152
2022-02-01,5호선,광화문,5385,5269,10654
2022-02-01,5호선,군자,3249,3901,7150
2022-02-01,5호선,굽은다리,3068,3055,6123
2022-02-01,5호선,길동,2197,2419,4616
2022-02-01,5호선,김포공항,6351,5457,11808
2022-02-01,5호선,까치산,9383,10525,19908
2022-02-01,5호선,답십리,4426,4588,9014
2022-02-01,5호선,동대문역사문화공원,356,486,842
2022-02-01,5호선,둔촌동,2011,2127,4138
2022-02-01,5호선,마곡,1770,1939,3709
2022-02-01,5호선,마장,1650,1627,3277
2022-02-01,5호선,마천,2114,2303,4417
2022-02-01,5호선,마포,2474,2567,5041
2022-02-01,5호선,명일,2253,2212,4465
2022-02-01,5호선,목동,4353,4742,9095
2022-02-01,5호선,미사,4681,5122,9803
2022-02-01,5호선,발산,4058,4182,8240
2022-02-01,5호선,방이,1634,1657,3291
2022-02-01,5호선,방화,2417,2316,4733
2022-02-01,5호선,상일동,3804,3470,7274
2022-02-01,5호선,서대문,2653,2592,5245
2022-02-01,5호선,송정,2405,2443,4848
2022-02-01,5호선,신금호,1993,2082,4075
2022-02-01,5호선,신길,936,1238,2174
2022-02-01,5호선,신정,3872,3937,7809
2022-02-01,5호선,아차산,5092,5134,10226
2022-02-01,5호선,애오개,1479,1547,3026
2022-02-01,5호선,양평,1373,1659,3032
2022-02-01,5호선,여의나루,1648,1642,3290
2022-02-01,5호선,여의도,2719,2862,5581
2022-02-01,5호선,영등포구청,683,784,1467
2022-02-01,5호선,영등포시장,2202,2577,4779
2022-02-01,5호선,오금,807,790,1597
2022-02-01,5호선,오목교,4431,4684,9115
2022-02-01,5호선,올림픽공원,1043,940,1983
2022-02-01,5호선,왕십리,1441,1611,3052
2022-02-01,5호선,우장산,3528,3899,7427
2022-02-01,5호선,을지로4가,515,546,1061
2022-02-01,5호선,장한평,3985,4332,8317
2022-02-01,5호선,종로3가,4344,4035,8379
2022-02-01,5호선,천호,5469,5461,10930
2022-02-01,5호선,청구,1167,1110,2277
2022-02-01,5호선,충정로,766,776,1542
2022-02-01,5호선,하남검단산,2724,2538,5262
2022-02-01,5호선,하남시청,2455,2400,4855
2022-02-01,5호선,하남풍산,1113,1074,2187
2022-02-01,5호선,행당,2461,2231,4692
2022-02-01,5호선,화곡,8399,8782,17181
2022-02-01,6호선,고려대,2391,2585,4976
2022-02-01,6호선,공덕,3382,3440,6822
2022-02-01,6호선,광흥창,1973,2015,3988
2022-02-01,6호선,구산,2484,1996,4480
2022-02-01,6호선,녹사평,1759,1669,3428
2022-02-01,6호선,대흥,1861,2071,3932
2022-02-01,6호선,독바위,1079,1171,2250
2022-02-01,6호선,돌곶이,2884,2956,5840
2022-02-01,6호선,동묘앞,2419,2519,4938
2022-02-01,6호선,디지털미디어시티,3213,3400,6613
2022-02-01,6호선,마포구청,4134,4230,8364
2022-02-01,6호선,망원,4243,4870,9113
2022-02-01,6호선,버티고개,564,662,1226
2022-02-01,6호선,보문,2618,2724,5342
2022-02-01,6호선,봉화산,2543,2554,5097
2022-02-01,6호선,불광,1321,1239,2560
2022-02-01,6호선,삼각지,1597,1189,2786
2022-02-01,6호선,상수,2406,2870,5276
2022-02-01,6호선,상월곡,2021,1933,3954
2022-02-01,6호선,새절,4227,4394,8621
2022-02-01,6호선,석계,4275,4287,8562
2022-02-01,6호선,신당,1734,1783,3517
2022-02-01,6호선,안암,1998,2204,4202
2022-02-01,6호선,약수,1003,1041,2044
2022-02-01,6호선,역촌,1395,1839,3234
2022-02-01,6호선,월곡,3301,3423,6724
2022-02-01,6호선,월드컵경기장,1909,1794,3703
2022-02-01,6호선,응암,5918,6290,12208
2022-02-01,6호선,이태원,5200,5447,10647
2022-02-01,6호선,증산,3625,3783,7408
2022-02-01,6호선,창신,1054,999,2053
2022-02-01,6호선,청구,1117,1102,2219
2022-02-01,6호선,태릉입구,1658,1868,3526
2022-02-01,6호선,한강진,1445,1811,3256
2022-02-01,6호선,합정,4105,3624,7729
2022-02-01,6호선,화랑대,2884,2600,5484
2022-02-01,6호선,효창공원앞,1825,1723,3548
2022-02-01,7호선,가산디지털단지,4948,5187,10135
2022-02-01,7호선,강남구청,1893,2225,4118
2022-02-01,7호선,건대입구,3613,3950,7563
2022-02-01,7호선,고속터미널,14674,3901,18575
2022-02-01,7호선,공릉,3571,3905,7476
2022-02-01,7호선,광명사거리,7645,7716,15361
2022-02-01,7호선,군자,4190,3840,8030
2022-02-01,7호선,남구로,4806,5069,9875
2022-02-01,7호선,남성,3159,3420,6579
2022-02-01,7호선,내방,2397,2608,5005
2022-02-01,7호선,노원,5414,5413,10827
2022-02-01,7호선,논현,2569,3009,5578
2022-02-01,7호선,대림,4338,4420,8758
2022-02-01,7호선,도봉산,2726,3688,6414
2022-02-01,7호선,뚝섬유원지,2559,2647,5206
2022-02-01,7호선,마들,4277,4279,8556
2022-02-01,7호선,먹골,3365,3511,6876
2022-02-01,7호선,면목,5176,5444,10620
2022-02-01,7호선,반포,1234,1041,2275
2022-02-01,7호선,보라매,2263,2547,4810
2022-02-01,7호선,사가정,5500,5712,11212
2022-02-01,7호선,상도,2789,3068,5857
2022-02-01,7호선,상동,1,0,1
2022-02-01,7호선,상봉,5341,5324,10665
2022-02-01,7호선,수락산,4495,4272,8767
2022-02-01,7호선,숭실대입구,3101,3689,6790
2022-02-01,7호선,신대방삼거리,4646,5476,10122
2022-02-01,7호선,신풍,3607,3758,7365
2022-02-01,7호선,어린이대공원,3607,4112,7719
2022-02-01,7호선,온수,2528,2627,5155
2022-02-01,7호선,용마산,2141,2265,4406
2022-02-01,7호선,이수,3877,3929,7806
2022-02-01,7호선,장승배기,2932,3288,6220
2022-02-01,7호선,장암,602,317,919
2022-02-01,7호선,중계,4459,4287,8746
2022-02-01,7호선,중곡,3003,3321,6324
2022-02-01,7호선,중화,3477,3614,7091
2022-02-01,7호선,천왕,3028,3074,6102
2022-02-01,7호선,철산,6028,6334,12362
2022-02-01,7호선,청담,2504,2715,5219
2022-02-01,7호선,춘의,1,0,1
2022-02-01,7호선,태릉입구,2533,2507,5040
2022-02-01,7호선,하계,5236,5051,10287
2022-02-01,7호선,학동,1984,2099,4083
2022-02-01,8호선,가락시장,1471,1654,3125
2022-02-01,8호선,강동구청,2538,2726,5264
2022-02-01,8호선,남위례,981,1077,2058
2022-02-01,8호선,남한산성입구,3982,3878,7860
2022-02-01,8호선,단대오거리,3254,3349,6603
2022-02-01,8호선,모란,1571,1264,2835
2022-02-01,8호선,몽촌토성,1702,1874,3576
2022-02-01,8호선,문정,1997,2380,4377
2022-02-01,8호선,복정,2217,1917,4134
2022-02-01,8호선,산성,1703,1711,3414
2022-02-01,8호선,석촌,2042,2615,4657
2022-02-01,8호선,송파,1795,1978,3773
2022-02-01,8호선,수진,1764,1739,3503
2022-02-01,8호선,신흥,1516,1698,3214
2022-02-01,8호선,암사,5024,5046,10070
2022-02-01,8호선,잠실,5356,5827,11183
2022-02-01,8호선,장지,3792,3775,7567
2022-02-01,8호선,천호,4256,5224,9480
2022-02-01,9호선,가양,5635,6248,11883
2022-02-01,9호선,개화,493,464,957
2022-02-01,9호선,고속터미널,7335,4824,12159
2022-02-01,9호선,공항시장,1045,1216,2261
2022-02-01,9호선,구반포,230,202,432
2022-02-01,9호선,국회의사당,1118,1172,2290
2022-02-01,9호선,김포공항,6900,8777,15677
2022-02-01,9호선,노들,1243,1188,2431
2022-02-01,9호선,노량진,7781,9072,16853
2022-02-01,9호선,당산,4156,4902,9058
2022-02-01,9호선,동작,803,664,1467
2022-02-01,9호선,등촌,2940,3445,6385
2022-02-01,9호선,마곡나루,2564,2989,5553
2022-02-01,9호선,사평,820,863,1683
2022-02-01,9호선,샛강,732,753,1485
2022-02-01,9호선,선유도,1393,1643,3036
2022-02-01,9호선,신논현,6205,6213,12418
2022-02-01,9호선,신목동,996,905,1901
2022-02-01,9호선,신반포,537,539,1076
2022-02-01,9호선,신방화,2125,2147,4272
2022-02-01,9호선,양천향교,2297,2680,4977
2022-02-01,9호선,여의도,2734,2738,5472
2022-02-01,9호선,염창,4572,5255,9827
2022-02-01,9호선,증미,1612,1868,3480
2022-02-01,9호선,흑석,2146,2272,4418
2022-02-01,9호선2~3단계,둔촌오륜,227,218,445
2022-02-01,9호선2~3단계,봉은사,5174,5635,10809
2022-02-01,9호선2~3단계,삼성중앙,879,960,1839
2022-02-01,9호선2~3단계,삼전,1882,2245,4127
2022-02-01,9호선2~3단계,석촌,2348,2396,4744
2022-02-01,9호선2~3단계,석촌고분,1626,1943,3569
2022-02-01,9호선2~3단계,선정릉,1137,1538,2675
2022-02-01,9호선2~3단계,송파나루,1501,1650,3151
2022-02-01,9호선2~3단계,언주,1338,1440,2778
2022-02-01,9호선2~3단계,올림픽공원,1536,1692,3228
2022-02-01,9호선2~3단계,종합운동장,1025,1071,2096
2022-02-01,9호선2~3단계,중앙보훈병원,1939,1900,3839
2022-02-01,9호선2~3단계,한성백제,743,730,1473
2022-02-01,경강선,경기광주,2482,2311,4793
2022-02-01,경강선,곤지암,1283,1197,2480
2022-02-01,경강선,부발,1300,901,2201
2022-02-01,경강선,삼동,562,572,1134
2022-02-01,경강선,세종대왕릉,283,185,468
2022-02-01,경강선,신둔도예촌,712,523,1235
2022-02-01,경강선,여주,1788,1277,3065
2022-02-01,경강선,이매,420,317,737
2022-02-01,경강선,이천,1757,1577,3334
2022-02-01,경강선,초월,1134,961,2095
2022-02-01,경강선,판교,914,965,1879
2022-02-01,경부선,가산디지털단지,2682,4236,6918
2022-02-01,경부선,관악,2504,2394,4898
2022-02-01,경부선,광명,1316,956,2272
2022-02-01,경부선,구로,5688,5952,11640
2022-02-01,경부선,군포,2050,1892,3942
2022-02-01,경부선,금정,8300,8634,16934
2022-02-01,경부선,금천구청,4000,4257,8257
2022-02-01,경부선,남영,2159,2382,4541
2022-02-01,경부선,노량진,3291,3439,6730
2022-02-01,경부선,당정,1765,1682,3447
2022-02-01,경부선,대방,3169,3515,6684
2022-02-01,경부선,독산,3487,3857,7344
2022-02-01,경부선,두정,2534,2565,5099
2022-02-01,경부선,명학,2017,1925,3942
2022-02-01,경부선,병점,5655,6204,11859
2022-02-01,경부선,서동탄,508,461,969
2022-02-01,경부선,서울역,3855,784,4639
2022-02-01,경부선,서정리,2763,3233,5996
2022-02-01,경부선,석수,2985,2747,5732
2022-02-01,경부선,성균관대,4281,4714,8995
2022-02-01,경부선,성환,1943,1614,3557
2022-02-01,경부선,세류,1576,1429,3005
2022-02-01,경부선,세마,1041,927,1968
2022-02-01,경부선,송탄,2172,2313,4485
2022-02-01,경부선,수원,19067,19710,38777
2022-02-01,경부선,신길,2808,2675,5483
2022-02-01,경부선,신도림,1359,1305,2664
2022-02-01,경부선,안양,7626,7657,15283
2022-02-01,경부선,영등포,15278,16242,31520
2022-02-01,경부선,오산,5458,5344,10802
2022-02-01,경부선,오산대,1363,1256,2619
2022-02-01,경부선,용산,17416,15413,32829
2022-02-01,경부선,의왕,2570,2645,5215
2022-02-01,경부선,직산,407,406,813
2022-02-01,경부선,진위,514,417,931
2022-02-01,경부선,천안,5747,4244,9991
2022-02-01,경부선,평택,8172,7178,15350
2022-02-01,경부선,평택지제,1503,1283,2786
2022-02-01,경부선,화서,2502,2415,4917
2022-02-01,경원선,가능,2814,2568,5382
2022-02-01,경원선,광운대,2744,2971,5715
2022-02-01,경원선,녹양,1728,1546,3274
2022-02-01,경원선,녹천,1758,1554,3312
2022-02-01,경원선,덕계,970,936,1906
2022-02-01,경원선,덕정,2167,2063,4230
2022-02-01,경원선,도봉,2269,2094,4363
2022-02-01,경원선,도봉산,3631,2405,6036
2022-02-01,경원선,동두천,886,948,1834
2022-02-01,경원선,동두천중앙,1601,1534,3135
2022-02-01,경원선,망월사,2622,2678,5300
2022-02-01,경원선,방학,3709,3722,7431
2022-02-01,경원선,보산,755,686,1441
2022-02-01,경원선,서빙고,550,573,1123
2022-02-01,경원선,석계,3233,3421,6654
2022-02-01,경원선,소요산,1801,1339,3140
2022-02-01,경원선,신이문,3230,2979,6209
2022-02-01,경원선,양주,3150,2923,6073
2022-02-01,경원선,옥수,20,6,26
2022-02-01,경원선,왕십리,4547,5660,10207
2022-02-01,경원선,외대앞,2595,2745,5340
2022-02-01,경원선,월계,2431,2312,4743
2022-02-01,경원선,응봉,686,625,1311
2022-02-01,경원선,의정부,7806,8105,15911
2022-02-01,경원선,이촌,953,737,1690
2022-02-01,경원선,지행,2988,2622,5610
2022-02-01,경원선,창동,1,0,1
2022-02-01,경원선,청량리,6577,6566,13143
2022-02-01,경원선,한남,1074,1129,2203
2022-02-01,경원선,회룡,4437,4297,8734
2022-02-01,경의선,가좌,1678,1786,3464
2022-02-01,경의선,강매,930,890,1820
2022-02-01,경의선,곡산,162,136,298
2022-02-01,경의선,공덕,979,880,1859
2022-02-01,경의선,금릉,1860,1731,3591
2022-02-01,경의선,금촌,2900,3029,5929
2022-02-01,경의선,능곡,1388,1279,2667
2022-02-01,경의선,디지털미디어시티,896,884,1780
2022-02-01,경의선,문산,2606,2328,4934
2022-02-01,경의선,백마,1940,1786,3726
2022-02-01,경의선,서강대,672,773,1445
2022-02-01,경의선,서울역,600,571,1171
2022-02-01,경의선,수색,484,590,1074
2022-02-01,경의선,신촌,110,122,232
2022-02-01,경의선,야당,2849,2740,5589
2022-02-01,경의선,운정,2323,2153,4476
2022-02-01,경의선,월롱,556,692,1248
2022-02-01,경의선,일산,2904,2770,5674
2022-02-01,경의선,임진강,44,41,85
2022-02-01,경의선,탄현,2605,2427,5032
2022-02-01,경의선,파주,463,382,845
2022-02-01,경의선,풍산,1802,1731,3533
2022-02-01,경의선,행신,2332,2617,4949
2022-02-01,경의선,홍대입구,488,701,1189
2022-02-01,경의선,화전,370,344,714
2022-02-01,경의선,효창공원앞,744,875,1619
2022-02-01,경인선,간석,2222,2129,4351
2022-02-01,경인선,개봉,7553,7528,15081
2022-02-01,경인선,구일,1775,1812,3587
2022-02-01,경인선,도원,955,949,1904
2022-02-01,경인선,도화,1633,1558,3191
2022-02-01,경인선,동암,6511,6628,13139
2022-02-01,경인선,동인천,5393,5160,10553
2022-02-01,경인선,백운,2875,2788,5663
2022-02-01,경인선,부개,3373,3133,6506
2022-02-01,경인선,부천,13228,13608,26836
2022-02-01,경인선,부평,14109,14240,28349
2022-02-01,경인선,소사,3467,3364,6831
2022-02-01,경인선,송내,7848,7384,15232
2022-02-01,경인선,역곡,8731,8846,17577
2022-02-01,경인선,오류동,3990,4273,8263
2022-02-01,경인선,온수,2392,2125,4517
2022-02-01,경인선,인천,2486,2076,4562
2022-02-01,경인선,제물포,3700,3676,7376
2022-02-01,경인선,주안,7993,7042,15035
2022-02-01,경인선,중동,3344,3168,6512
2022-02-01,경춘선,가평,1480,1040,2520
2022-02-01,경춘선,갈매,790,703,1493
2022-02-01,경춘선,강촌,333,259,592
2022-02-01,경춘선,굴봉산,117,97,214
2022-02-01,경춘선,금곡,640,542,1182
2022-02-01,경춘선,김유정,253,189,442
2022-02-01,경춘선,남춘천,2030,1621,3651
2022-02-01,경춘선,대성리,279,241,520
2022-02-01,경춘선,마석,1667,1608,3275
2022-02-01,경춘선,백양리,252,237,489
2022-02-01,경춘선,별내,942,956,1898
2022-02-01,경춘선,사릉,1086,1053,2139
2022-02-01,경춘선,상천,152,111,263
2022-02-01,경춘선,신내,616,553,1169
2022-02-01,경춘선,천마산,711,647,1358
2022-02-01,경춘선,청평,1066,821,1887
2022-02-01,경춘선,춘천,1684,938,2622
2022-02-01,경춘선,퇴계원,1271,1200,2471
2022-02-01,경춘선,평내호평,2068,1937,4005
2022-02-01,공항철도,검암,2396,2420,4816
2022-02-01,공항철도,계양,3234,3042,6276
2022-02-01,공항철도,공덕,676,1084,1760
2022-02-01,공항철도,공항화물청사,764,845,1609
2022-02-01,공항철도,김포공항,10951,4902,15853
2022-02-01,공항철도,디지털미디어시티,2167,2274,4441
2022-02-01,공항철도,마곡나루,1213,1330,2543
2022-02-01,공항철도,서울역,4841,3412,8253
2022-02-01,공항철도,영종,1456,1469,2925
2022-02-01,공항철도,운서,3308,3518,6826
2022-02-01,공항철도,인천공항1터미널,2599,2860,5459
2022-02-01,공항철도,인천공항2터미널,1409,1431,2840
2022-02-01,공항철도,청라국제도시,1773,1632,3405
2022-02-01,공항철도,홍대입구,3308,3596,6904
2022-02-01,과천선,경마공원,220,216,436
2022-02-01,과천선,과천,1901,1773,3674
2022-02-01,과천선,대공원,1997,1946,3943
2022-02-01,과천선,범계,6553,6674,13227
2022-02-01,과천선,선바위,1595,1441,3036
2022-02-01,과천선,인덕원,5885,6038,11923
2022-02-01,과천선,정부과천청사,1910,1984,3894
2022-02-01,과천선,평촌,3054,3203,6257
2022-02-01,분당선,가천대,1823,2504,4327
2022-02-01,분당선,강남구청,1222,1441,2663
2022-02-01,분당선,개포동,719,785,1504
2022-02-01,분당선,구룡,315,325,640
2022-02-01,분당선,구성,1395,1465,2860
2022-02-01,분당선,기흥,3177,2809,5986
2022-02-01,분당선,대모산입구,1114,1137,2251
2022-02-01,분당선,도곡,1173,1178,2351
2022-02-01,분당선,망포,3563,3621,7184
2022-02-01,분당선,매교,815,812,1627
2022-02-01,분당선,매탄권선,1544,1508,3052
2022-02-01,분당선,모란,6225,6464,12689
2022-02-01,분당선,미금,3930,4029,7959
2022-02-01,분당선,보정,681,652,1333
2022-02-01,분당선,복정,1,0,1
2022-02-01,분당선,상갈,1682,1691,3373
2022-02-01,분당선,서울숲,2120,2181,4301
2022-02-01,분당선,서현,5864,4926,10790
2022-02-01,분당선,선릉,949,1562,2511
2022-02-01,분당선,선정릉,700,811,1511
2022-02-01,분당선,수내,2387,2519,4906
2022-02-01,분당선,수서,4550,3941,8491
2022-02-01,분당선,수원,3518,2590,6108
2022-02-01,분당선,수원시청,3725,4248,7973
2022-02-01,분당선,신갈,1241,1172,2413
2022-02-01,분당선,압구정로데오,2243,2576,4819
2022-02-01,분당선,야탑,7766,6755,14521
2022-02-01,분당선,영통,2302,2444,4746
2022-02-01,분당선,오리,2931,2424,5355
2022-02-01,분당선,이매,1684,1738,3422
2022-02-01,분당선,정자,3578,3849,7427
2022-02-01,분당선,죽전,3208,3825,7033
2022-02-01,분당선,청명,1138,1096,2234
2022-02-01,분당선,태평,4897,4852,9749
2022-02-01,분당선,한티,2474,2699,5173
2022-02-01,수인선,고색,1190,1148,2338
2022-02-01,수인선,남동인더스파크,339,320,659
2022-02-01,수인선,달월,22,22,44
2022-02-01,수인선,사리,1787,1489,3276
2022-02-01,수인선,소래포구,2679,2558,5237
2022-02-01,수인선,송도,911,955,1866
2022-02-01,수인선,숭의,1431,1232,2663
2022-02-01,수인선,신포,649,622,1271
2022-02-01,수인선,야목,139,106,245
2022-02-01,수인선,어천,353,394,747
2022-02-01,수인선,연수,1822,1960,3782
2022-02-01,수인선,오목천,957,932,1889
2022-02-01,수인선,원인재,2083,2146,4229
2022-02-01,수인선,월곶,1050,941,1991
2022-02-01,수인선,인천,851,1241,2092
2022-02-01,수인선,인천논현,1887,1942,3829
2022-02-01,수인선,인하대,1769,1728,3497
2022-02-01,수인선,호구포,1194,1293,2487
2022-02-01,안산선,고잔,2696,2606,5302
2022-02-01,안산선,대야미,1684,1407,3091
2022-02-01,안산선,반월,1611,1472,3083
2022-02-01,안산선,산본,4894,5175,10069
2022-02-01,안산선,상록수,6450,6093,12543
2022-02-01,안산선,수리산,1255,1142,2397
2022-02-01,안산선,신길온천,834,716,1550
2022-02-01,안산선,안산,7565,6972,14537
2022-02-01,안산선,오이도,3708,3666,7374
2022-02-01,안산선,정왕,3806,4274,8080
2022-02-01,안산선,중앙,6736,6492,13228
2022-02-01,안산선,초지,1448,1415,2863
2022-02-01,안산선,한대앞,3377,3375,6752
2022-02-01,우이신설선,4.19민주묘지,1147,1080,2227
2022-02-01,우이신설선,가오리,1688,1624,3312
2022-02-01,우이신설선,보문,682,694,1376
2022-02-01,우이신설선,북한산보국문,2284,2234,4518
2022-02-01,우이신설선,북한산우이,2142,2040,4182
2022-02-01,우이신설선,삼양,809,861,1670
2022-02-01,우이신설선,삼양사거리,989,973,1962
2022-02-01,우이신설선,성신여대입구,1196,1346,2542
2022-02-01,우이신설선,솔밭공원,966,944,1910
2022-02-01,우이신설선,솔샘,1982,1911,3893
2022-02-01,우이신설선,신설동,558,527,1085
2022-02-01,우이신설선,정릉,1716,1478,3194
2022-02-01,우이신설선,화계,1411,1371,2782
2022-02-01,일산선,대곡,579,431,1010
2022-02-01,일산선,대화,3606,3496,7102
2022-02-01,일산선,마두,1978,1980,3958
2022-02-01,일산선,백석,3140,3078,6218
2022-02-01,일산선,삼송,6869,6701,13570
2022-02-01,일산선,원당,3769,3657,7426
2022-02-01,일산선,원흥,3036,3006,6042
2022-02-01,일산선,정발산,2149,2302,4451
2022-02-01,일산선,주엽,2571,2605,5176
2022-02-01,일산선,화정,5432,5671,11103
2022-02-01,장항선,배방,558,473,1031
2022-02-01,장항선,봉명,358,338,696
2022-02-01,장항선,신창,1033,567,1600
2022-02-01,장항선,쌍용,857,708,1565
2022-02-01,장항선,아산,1769,1191,2960
2022-02-01,장항선,온양온천,2465,1980,4445
2022-02-01,장항선,탕정,193,171,364
2022-02-01,중앙선,구리,4254,4437,8691
2022-02-01,중앙선,국수,389,321,710
2022-02-01,중앙선,덕소,2066,2013,4079
2022-02-01,중앙선,도농,2986,2940,5926
2022-02-01,중앙선,도심,775,660,1435
2022-02-01,중앙선,망우,2795,3000,5795
2022-02-01,중앙선,상봉,2432,2630,5062
2022-02-01,중앙선,신원,117,91,208
2022-02-01,중앙선,아신,470,392,862
2022-02-01,중앙선,양수,1086,962,2048
2022-02-01,중앙선,양원,630,637,1267
2022-02-01,중앙선,양정,250,174,424
2022-02-01,중앙선,양평,2058,1432,3490
2022-02-01,중앙선,오빈,189,122,311
2022-02-01,중앙선,용문,1873,1200,3073
2022-02-01,중앙선,운길산,522,444,966
2022-02-01,중앙선,원덕,327,211,538
2022-02-01,중앙선,중랑,2029,2145,4174
2022-02-01,중앙선,지평,56,51,107
2022-02-01,중앙선,팔당,514,583,1097
2022-02-01,중앙선,회기,7450,8491,15941
2022-02-02,1호선,동대문,5875,5428,11303
2022-02-02,1호선,동묘앞,5716,6138,11854
2022-02-02,1호선,서울역,19614,15617,35231
2022-02-02,1호선,시청,5463,5437,10900
2022-02-02,1호선,신설동,4381,4819,9200
2022-02-02,1호선,제기동,5266,5764,11030
2022-02-02,1호선,종각,9460,8673,18133
2022-02-02,1호선,종로3가,10190,9097,19287
2022-02-02,1호선,종로5가,6412,6474,12886
2022-02-02,1호선,청량리,8259,8385,16644
2022-02-02,2호선,강남,23905,22983,46888
2022-02-02,2호선,강변,24176,13892,38068
2022-02-02,2호선,건대입구,18908,21842,40750
2022-02-02,2호선,교대,7267,8203,15470
2022-02-02,2호선,구로디지털단지,16668,18435,35103
2022-02-02,2호선,구의,8082,9031,17113
2022-02-02,2호선,낙성대,9610,12387,21997
2022-02-02,2호선,당산,5843,6321,12164
2022-02-02,2호선,대림,10316,10727,21043
2022-02-02,2호선,도림천,356,398,754
2022-02-02,2호선,동대문역사문화공원,4841,5470,10311
2022-02-02,2호선,뚝섬,6436,6750,13186
2022-02-02,2호선,문래,5244,5549,10793
2022-02-02,2호선,방배,4290,4744,9034
2022-02-02,2호선,봉천,7990,9324,17314
2022-02-02,2호선,사당,14687,16403,31090
2022-02-02,2호선,삼성,14599,14232,28831
2022-02-02,2호선,상왕십리,4950,5367,10317
2022-02-02,2호선,서울대입구,17253,21625,38878
2022-02-02,2호선,서초,4248,3669,7917
2022-02-02,2호선,선릉,8165,7780,15945
2022-02-02,2호선,성수,9894,11113,21007
2022-02-02,2호선,시청,3922,3480,7402
2022-02-02,2호선,신답,482,621,1103
2022-02-02,2호선,신당,5278,6013,11291
2022-02-02,2호선,신대방,10456,11780,22236
2022-02-02,2호선,신도림,18264,19064,37328
2022-02-02,2호선,신림,25843,30769,56612
2022-02-02,2호선,신설동,1425,1538,2963
2022-02-02,2호선,신정네거리,3708,3897,7605
2022-02-02,2호선,신촌,12582,13725,26307
2022-02-02,2호선,아현,3481,3683,7164
2022-02-02,2호선,양천구청,2443,2456,4899
2022-02-02,2호선,역삼,7179,8834,16013
2022-02-02,2호선,영등포구청,6123,6556,12679
2022-02-02,2호선,왕십리,6132,6104,12236
2022-02-02,2호선,용답,1192,1373,2565
2022-02-02,2호선,용두,839,950,1789
2022-02-02,2호선,을지로3가,4794,4419,9213
2022-02-02,2호선,을지로4가,1968,1959,3927
2022-02-02,2호선,을지로입구,11399,10444,21843
2022-02-02,2호선,이대,3929,5239,9168
2022-02-02,2호선,잠실,36509,33632,70141
2022-02-02,2호선,잠실나루,3620,3807,7427
2022-02-02,2호선,잠실새내,8326,8960,17286
2022-02-02,2호선,종합운동장,3269,3352,6621
2022-02-02,2호선,충정로,2639,2946,5585
2022-02-02,2호선,한양대,1355,1697,3052
2022-02-02,2호선,합정,12924,14577,27501
2022-02-02,2호선,홍대입구,32410,34201,66611
2022-02-02,3호선,가락시장,2743,2661,5404
2022-02-02,3호선,경복궁,8239,9287,17526
2022-02-02,3호선,경찰병원,2024,2200,4224
2022-02-02,3호선,고속터미널,54010,25892,79902
2022-02-02,3호선,교대,2755,2044,4799
2022-02-02,3호선,구파발,8460,8890,17350
2022-02-02,3호선,금호,3180,3118,6298
2022-02-02,3호선,남부터미널,14792,10318,25110
2022-02-02,3호선,녹번,5354,5195,10549
2022-02-02,3호선,대청,3072,3182,6254
2022-02-02,3호선,대치,3583,3447,7030
2022-02-02,3호선,도곡,1453,1493,2946
2022-02-02,3호선,독립문,3209,3508,6717
2022-02-02,3호선,동대입구,3178,3879,7057
2022-02-02,3호선,매봉,2996,3022,6018
2022-02-02,3호선,무악재,1410,1585,2995
2022-02-02,3호선,불광,6820,8337,15157
2022-02-02,3호선,수서,7499,6352,13851
2022-02-02,3호선,신사,9407,9954,19361
2022-02-02,3호선,안국,8239,9009,17248
2022-02-02,3호선,압구정,7513,8290,15803
2022-02-02,3호선,약수,4654,4860,9514
2022-02-02,3호선,양재,8415,10589,19004
2022-02-02,3호선,연신내,15961,16045,32006
2022-02-02,3호선,오금,1792,1845,3637
2022-02-02,3호선,옥수,3400,3795,7195
2022-02-02,3호선,을지로3가,2054,2043,4097
2022-02-02,3호선,일원,3322,3580,6902
2022-02-02,3호선,잠원,1602,1596,3198
2022-02-02,3호선,종로3가,2763,3746,6509
2022-02-02,3호선,지축,1520,1367,2887
2022-02-02,3호선,충무로,1,0,1
2022-02-02,3호선,학여울,535,533,1068
2022-02-02,3호선,홍제,6552,6769,13321
2022-02-02,4호선,길음,7257,7389,14646
2022-02-02,4호선,남태령,421,383,804
2022-02-02,4호선,노원,9105,9883,18988
2022-02-02,4호선,당고개,5662,5241,10903
2022-02-02,4호선,동대문,3630,3632,7262
2022-02-02,4호선,동대문역사문화공원,5588,5046,10634
2022-02-02,4호선,동작,953,1126,2079
2022-02-02,4호선,명동,6800,7436,14236
2022-02-02,4호선,미아,5821,5617,11438
2022-02-02,4호선,미아사거리,12026,11529,23555
2022-02-02,4호선,사당,10191,9934,20125
2022-02-02,4호선,삼각지,1514,2176,3690
2022-02-02,4호선,상계,7561,7137,14698
2022-02-02,4호선,서울역,2878,5400,8278
2022-02-02,4호선,성신여대입구,8456,9357,17813
2022-02-02,4호선,수유,15158,15265,30423
2022-02-02,4호선,숙대입구,4199,4297,8496
2022-02-02,4호선,신용산,5926,5597,11523
2022-02-02,4호선,쌍문,11818,10774,22592
2022-02-02,4호선,이촌,3757,4133,7890
2022-02-02,4호선,창동,11877,12112,23989
2022-02-02,4호선,총신대입구,6878,7861,14739
2022-02-02,4호선,충무로,5541,6223,11764
2022-02-02,4호선,한성대입구,5191,5810,11001
2022-02-02,4호선,혜화,13292,14450,27742
2022-02-02,4호선,회현,3906,4387,8293
2022-02-02,5호선,강동,6265,6816,13081
2022-02-02,5호선,강일,1564,1536,3100
2022-02-02,5호선,개롱,2109,2273,4382
2022-02-02,5호선,개화산,2252,2323,4575
2022-02-02,5호선,거여,2909,2940,5849
2022-02-02,5호선,고덕,3205,3222,6427
2022-02-02,5호선,공덕,3247,3464,6711
2022-02-02,5호선,광나루,5168,4969,10137
2022-02-02,5호선,광화문,9018,8784,17802
2022-02-02,5호선,군자,4335,5197,9532
2022-02-02,5호선,굽은다리,3986,3896,7882
2022-02-02,5호선,길동,2950,3322,6272
2022-02-02,5호선,김포공항,8198,6204,14402
2022-02-02,5호선,까치산,11426,12393,23819
2022-02-02,5호선,답십리,5233,5436,10669
2022-02-02,5호선,동대문역사문화공원,541,646,1187
2022-02-02,5호선,둔촌동,2914,3072,5986
2022-02-02,5호선,마곡,2603,2772,5375
2022-02-02,5호선,마장,1824,1857,3681
2022-02-02,5호선,마천,2638,2777,5415
2022-02-02,5호선,마포,3511,3837,7348
2022-02-02,5호선,명일,3137,3205,6342
2022-02-02,5호선,목동,5511,5875,11386
2022-02-02,5호선,미사,6507,7061,13568
2022-02-02,5호선,발산,6794,7196,13990
2022-02-02,5호선,방이,2364,2292,4656
2022-02-02,5호선,방화,2624,2772,5396
2022-02-02,5호선,상일동,4831,4629,9460
2022-02-02,5호선,서대문,3352,3512,6864
2022-02-02,5호선,송정,2905,3058,5963
2022-02-02,5호선,신금호,2187,2482,4669
2022-02-02,5호선,신길,1184,1734,2918
2022-02-02,5호선,신정,4749,4595,9344
2022-02-02,5호선,아차산,6872,6839,13711
2022-02-02,5호선,애오개,1785,2026,3811
2022-02-02,5호선,양평,1711,2125,3836
2022-02-02,5호선,여의나루,3538,4519,8057
2022-02-02,5호선,여의도,6654,6513,13167
2022-02-02,5호선,영등포구청,972,1051,2023
2022-02-02,5호선,영등포시장,3418,3916,7334
2022-02-02,5호선,오금,1029,1045,2074
2022-02-02,5호선,오목교,8885,9109,17994
2022-02-02,5호선,올림픽공원,1488,1302,2790
2022-02-02,5호선,왕십리,1818,2200,4018
2022-02-02,5호선,우장산,4931,5253,10184
2022-02-02,5호선,을지로4가,940,1005,1945
2022-02-02,5호선,장한평,5570,6189,11759
2022-02-02,5호선,종로3가,6780,6246,13026
2022-02-02,5호선,천호,9386,9039,18425
2022-02-02,5호선,청구,1336,1316,2652
2022-02-02,5호선,충정로,902,1034,1936
2022-02-02,5호선,하남검단산,3519,3407,6926
2022-02-02,5호선,하남시청,3081,2922,6003
2022-02-02,5호선,하남풍산,1695,1681,3376
2022-02-02,5호선,행당,2890,2610,5500
2022-02-02,5호선,화곡,10462,10622,21084
2022-02-02,6호선,고려대,2580,3017,5597
2022-02-02,6호선,공덕,4744,4723,9467
2022-02-02,6호선,광흥창,2647,2738,5385
2022-02-02,6호선,구산,2886,2240,5126
2022-02-02,6호선,녹사평,2408,2370,4778
2022-02-02,6호선,대흥,2461,2844,5305
2022-02-02,6호선,독바위,1118,1389,2507
2022-02-02,6호선,돌곶이,3339,3287,6626
2022-02-02,6호선,동묘앞,3666,3675,7341
2022-02-02,6호선,디지털미디어시티,3790,4016,7806
2022-02-02,6호선,마포구청,4961,5200,10161
2022-02-02,6호선,망원,6227,7252,13479
2022-02-02,6호선,버티고개,714,850,1564
2022-02-02,6호선,보문,2722,2972,5694
2022-02-02,6호선,봉화산,2902,2931,5833
2022-02-02,6호선,불광,2291,1960,4251
2022-02-02,6호선,삼각지,2290,2009,4299
2022-02-02,6호선,상수,3806,4550,8356
2022-02-02,6호선,상월곡,2177,2149,4326
2022-02-02,6호선,새절,4794,4852,9646
2022-02-02,6호선,석계,4834,5217,10051
2022-02-02,6호선,신당,2745,2691,5436
2022-02-02,6호선,안암,2699,3612,6311
2022-02-02,6호선,약수,1180,1244,2424
2022-02-02,6호선,역촌,1468,1887,3355
2022-02-02,6호선,월곡,4306,4481,8787
2022-02-02,6호선,월드컵경기장,2706,2676,5382
2022-02-02,6호선,응암,6754,7183,13937
2022-02-02,6호선,이태원,6314,5667,11981
2022-02-02,6호선,증산,4062,4373,8435
2022-02-02,6호선,창신,1147,1108,2255
2022-02-02,6호선,청구,1284,1242,2526
2022-02-02,6호선,태릉입구,2149,2412,4561
2022-02-02,6호선,한강진,4852,5539,10391
2022-02-02,6호선,합정,6660,5965,12625
2022-02-02,6호선,화랑대,3620,3185,6805
2022-02-02,6호선,효창공원앞,2159,2076,4235
2022-02-02,7호선,가산디지털단지,7844,8191,16035
2022-02-02,7호선,강남구청,3398,3877,7275
2022-02-02,7호선,건대입구,6015,6333,12348
2022-02-02,7호선,고속터미널,20754,5661,26415
2022-02-02,7호선,공릉,4591,5146,9737
2022-02-02,7호선,광명사거리,8918,8584,17502
2022-02-02,7호선,군자,5421,5086,10507
2022-02-02,7호선,굴포천,1,0,1
2022-02-02,7호선,남구로,5260,5191,10451
2022-02-02,7호선,남성,3880,4445,8325
2022-02-02,7호선,내방,3640,3950,7590
2022-02-02,7호선,노원,9318,9325,18643
2022-02-02,7호선,논현,4130,4796,8926
2022-02-02,7호선,대림,5213,4997,10210
2022-02-02,7호선,도봉산,3725,4948,8673
2022-02-02,7호선,뚝섬유원지,3436,3549,6985
2022-02-02,7호선,마들,4830,4836,9666
2022-02-02,7호선,먹골,4029,4218,8247
2022-02-02,7호선,면목,6154,6297,12451
2022-02-02,7호선,반포,2307,2099,4406
2022-02-02,7호선,보라매,2844,3339,6183
2022-02-02,7호선,사가정,6485,6752,13237
2022-02-02,7호선,상도,3388,4020,7408
2022-02-02,7호선,상봉,7007,7080,14087
2022-02-02,7호선,수락산,5634,5432,11066
2022-02-02,7호선,숭실대입구,3744,4644,8388
2022-02-02,7호선,신대방삼거리,5576,6679,12255
2022-02-02,7호선,신중동,1,0,1
2022-02-02,7호선,신풍,4128,4235,8363
2022-02-02,7호선,어린이대공원,4847,6122,10969
2022-02-02,7호선,온수,2937,3035,5972
2022-02-02,7호선,용마산,2402,2697,5099
2022-02-02,7호선,이수,5881,6230,12111
2022-02-02,7호선,장승배기,3821,4061,7882
2022-02-02,7호선,장암,844,470,1314
2022-02-02,7호선,중계,4949,4804,9753
2022-02-02,7호선,중곡,3654,3849,7503
2022-02-02,7호선,중화,4318,4331,8649
2022-02-02,7호선,천왕,3612,3601,7213
2022-02-02,7호선,철산,7439,7665,15104
2022-02-02,7호선,청담,3893,4306,8199
2022-02-02,7호선,태릉입구,3395,3461,6856
2022-02-02,7호선,하계,6801,6533,13334
2022-02-02,7호선,학동,3166,3604,6770
2022-02-02,8호선,가락시장,2314,2631,4945
2022-02-02,8호선,강동구청,3462,3728,7190
2022-02-02,8호선,남위례,1531,1659,3190
2022-02-02,8호선,남한산성입구,5087,4858,9945
2022-02-02,8호선,단대오거리,4226,4178,8404
2022-02-02,8호선,모란,2043,1673,3716
2022-02-02,8호선,몽촌토성,2426,2729,5155
2022-02-02,8호선,문정,3585,4102,7687
2022-02-02,8호선,복정,2978,2994,5972
2022-02-02,8호선,산성,2329,2377,4706
2022-02-02,8호선,석촌,2912,3900,6812
2022-02-02,8호선,송파,2598,2843,5441
2022-02-02,8호선,수진,2304,2193,4497
2022-02-02,8호선,신흥,2103,2364,4467
2022-02-02,8호선,암사,6580,6403,12983
2022-02-02,8호선,잠실,8588,9474,18062
2022-02-02,8호선,장지,6963,7608,14571
2022-02-02,8호선,천호,6727,8063,14790
2022-02-02,9호선,가양,6875,7678,14553
2022-02-02,9호선,개화,832,778,1610
2022-02-02,9호선,고속터미널,12259,9083,21342
2022-02-02,9호선,공항시장,1209,1488,2697
2022-02-02,9호선,구반포,328,350,678
2022-02-02,9호선,국회의사당,2230,2405,4635
2022-02-02,9호선,김포공항,8234,9932,18166
2022-02-02,9호선,노들,1632,1630,3262
2022-02-02,9호선,노량진,10519,12624,23143
2022-02-02,9호선,당산,6054,7143,13197
2022-02-02,9호선,동작,1282,1026,2308
2022-02-02,9호선,등촌,3915,4611,8526
2022-02-02,9호선,마곡나루,3722,4293,8015
2022-02-02,9호선,사평,1257,1318,2575
2022-02-02,9호선,샛강,1215,1209,2424
2022-02-02,9호선,선유도,1920,2213,4133
2022-02-02,9호선,신논현,11181,11370,22551
2022-02-02,9호선,신목동,1322,1177,2499
2022-02-02,9호선,신반포,936,945,1881
2022-02-02,9호선,신방화,2454,2551,5005
2022-02-02,9호선,양천향교,2990,3676,6666
2022-02-02,9호선,여의도,7076,6666,13742
2022-02-02,9호선,염창,6045,6909,12954
2022-02-02,9호선,증미,2134,2458,4592
2022-02-02,9호선,흑석,2590,2998,5588
2022-02-02,9호선2~3단계,둔촌오륜,348,313,661
2022-02-02,9호선2~3단계,봉은사,5625,5795,11420
2022-02-02,9호선2~3단계,삼성중앙,1304,1589,2893
2022-02-02,9호선2~3단계,삼전,2569,3013,5582
2022-02-02,9호선2~3단계,석촌,3219,3360,6579
2022-02-02,9호선2~3단계,석촌고분,2119,2530,4649
2022-02-02,9호선2~3단계,선정릉,1849,2379,4228
2022-02-02,9호선2~3단계,송파나루,2047,2499,4546
2022-02-02,9호선2~3단계,언주,1938,2330,4268
2022-02-02,9호선2~3단계,올림픽공원,2217,2343,4560
2022-02-02,9호선2~3단계,종합운동장,1437,1591,3028
2022-02-02,9호선2~3단계,중앙보훈병원,2545,2452,4997
2022-02-02,9호선2~3단계,한성백제,1008,1064,2072
2022-02-02,경강선,경기광주,3317,3010,6327
2022-02-02,경강선,곤지암,1320,1341,2661
2022-02-02,경강선,부발,1437,1233,2670
2022-02-02,경강선,삼동,833,795,1628
2022-02-02,경강선,세종대왕릉,278,170,448
2022-02-02,경강선,신둔도예촌,766,657,1423
2022-02-02,경강선,여주,2162,1325,3487
2022-02-02,경강선,이매,510,353,863
2022-02-02,경강선,이천,1971,1753,3724
2022-02-02,경강선,초월,1193,1267,2460
2022-02-02,경강선,판교,2027,2072,4099
2022-02-02,경부선,가산디지털단지,3427,5218,8645
2022-02-02,경부선,관악,3550,3243,6793
2022-02-02,경부선,광명,1856,1241,3097
2022-02-02,경부선,구로,7066,7244,14310
2022-02-02,경부선,군포,2340,2350,4690
2022-02-02,경부선,금정,10210,10401,20611
2022-02-02,경부선,금천구청,4758,4557,9315
2022-02-02,경부선,남영,2803,3348,6151
2022-02-02,경부선,노량진,4087,4171,8258
2022-02-02,경부선,당정,2098,2062,4160
2022-02-02,경부선,대방,3773,4388,8161
2022-02-02,경부선,독산,4335,4846,9181
2022-02-02,경부선,두정,3063,3200,6263
2022-02-02,경부선,명학,2369,2380,4749
2022-02-02,경부선,병점,6895,7771,14666
2022-02-02,경부선,서동탄,606,513,1119
2022-02-02,경부선,서울역,5395,904,6299
2022-02-02,경부선,서정리,3290,4722,8012
2022-02-02,경부선,석수,3897,3457,7354
2022-02-02,경부선,성균관대,5280,5935,11215
2022-02-02,경부선,성환,1830,2024,3854
2022-02-02,경부선,세류,1733,1522,3255
2022-02-02,경부선,세마,1268,1160,2428
2022-02-02,경부선,송탄,2532,3084,5616
2022-02-02,경부선,수원,25517,25319,50836
2022-02-02,경부선,신길,3093,3088,6181
2022-02-02,경부선,신도림,1826,1692,3518
2022-02-02,경부선,안양,10213,9786,19999
2022-02-02,경부선,영등포,24691,25177,49868
2022-02-02,경부선,오산,6836,6893,13729
2022-02-02,경부선,오산대,1535,1549,3084
2022-02-02,경부선,용산,22930,18790,41720
2022-02-02,경부선,의왕,3222,3227,6449
2022-02-02,경부선,직산,402,399,801
2022-02-02,경부선,진위,602,552,1154
2022-02-02,경부선,천안,5864,4326,10190
2022-02-02,경부선,평택,9380,9383,18763
2022-02-02,경부선,평택지제,1909,1782,3691
2022-02-02,경부선,화서,2978,2835,5813
2022-02-02,경원선,가능,2968,2741,5709
2022-02-02,경원선,광운대,2779,3114,5893
2022-02-02,경원선,녹양,2106,1846,3952
2022-02-02,경원선,녹천,1792,1646,3438
2022-02-02,경원선,덕계,1281,1139,2420
2022-02-02,경원선,덕정,2433,2535,4968
2022-02-02,경원선,도봉,2562,2473,5035
2022-02-02,경원선,도봉산,5663,3795,9458
2022-02-02,경원선,동두천,1046,1104,2150
2022-02-02,경원선,동두천중앙,1629,1408,3037
2022-02-02,경원선,망월사,3073,3180,6253
2022-02-02,경원선,방학,4204,4124,8328
2022-02-02,경원선,보산,934,881,1815
2022-02-02,경원선,서빙고,788,882,1670
2022-02-02,경원선,석계,3516,3952,7468
2022-02-02,경원선,소요산,2479,1884,4363
2022-02-02,경원선,신이문,3406,3259,6665
2022-02-02,경원선,양주,3745,3322,7067
2022-02-02,경원선,옥수,30,18,48
2022-02-02,경원선,왕십리,6119,7934,14053
2022-02-02,경원선,외대앞,3014,3446,6460
2022-02-02,경원선,월계,2653,2489,5142
2022-02-02,경원선,응봉,808,729,1537
2022-02-02,경원선,의정부,11100,11176,22276
2022-02-02,경원선,이촌,1464,1306,2770
2022-02-02,경원선,지행,3376,3054,6430
2022-02-02,경원선,청량리,9057,8751,17808
2022-02-02,경원선,한남,1402,1478,2880
2022-02-02,경원선,회룡,5331,5073,10404
2022-02-02,경의선,가좌,1967,2099,4066
2022-02-02,경의선,강매,1113,1006,2119
2022-02-02,경의선,곡산,232,204,436
2022-02-02,경의선,공덕,1259,1130,2389
2022-02-02,경의선,금릉,2283,2107,4390
2022-02-02,경의선,금촌,3395,3388,6783
2022-02-02,경의선,능곡,1503,1459,2962
2022-02-02,경의선,디지털미디어시티,974,928,1902
2022-02-02,경의선,문산,2896,2634,5530
2022-02-02,경의선,백마,2521,2321,4842
2022-02-02,경의선,서강대,873,916,1789
2022-02-02,경의선,서울역,670,664,1334
2022-02-02,경의선,수색,602,705,1307
2022-02-02,경의선,신촌,185,185,370
2022-02-02,경의선,야당,3607,3395,7002
2022-02-02,경의선,운정,2668,2490,5158
2022-02-02,경의선,월롱,625,1037,1662
2022-02-02,경의선,일산,3617,3162,6779
2022-02-02,경의선,임진강,27,20,47
2022-02-02,경의선,탄현,3264,2956,6220
2022-02-02,경의선,파주,519,361,880
2022-02-02,경의선,풍산,2535,2368,4903
2022-02-02,경의선,행신,2867,3015,5882
2022-02-02,경의선,홍대입구,989,1270,2259
2022-02-02,경의선,화전,455,506,961
2022-02-02,경의선,효창공원앞,852,1126,1978
2022-02-02,경인선,간석,2459,2204,4663
2022-02-02,경인선,개봉,8804,8664,17468
2022-02-02,경인선,구일,2161,2321,4482
2022-02-02,경인선,도원,1014,1023,2037
2022-02-02,경인선,도화,1768,1601,3369
2022-02-02,경인선,동암,7365,6913,14278
2022-02-02,경인선,동인천,7297,6836,14133
2022-02-02,경인선,백운,2964,2814,5778
2022-02-02,경인선,부개,3741,3302,7043
2022-02-02,경인선,부천,17230,16908,34138
2022-02-02,경인선,부평,18069,18038,36107
2022-02-02,경인선,소사,3840,3535,7375
2022-02-02,경인선,송내,9791,9182,18973
2022-02-02,경인선,역곡,10863,10596,21459
2022-02-02,경인선,오류동,4977,5005,9982
2022-02-02,경인선,온수,2728,2523,5251
2022-02-02,경인선,인천,2794,2318,5112
2022-02-02,경인선,제물포,4032,3666,7698
2022-02-02,경인선,주안,9171,8017,17188
2022-02-02,경인선,중동,3725,3487,7212
2022-02-02,경춘선,가평,1288,922,2210
2022-02-02,경춘선,갈매,974,908,1882
2022-02-02,경춘선,강촌,346,317,663
2022-02-02,경춘선,굴봉산,129,158,287
2022-02-02,경춘선,금곡,663,609,1272
2022-02-02,경춘선,김유정,312,241,553
2022-02-02,경춘선,남춘천,2502,1887,4389
2022-02-02,경춘선,대성리,313,273,586
2022-02-02,경춘선,마석,1900,1765,3665
2022-02-02,경춘선,백양리,344,253,597
2022-02-02,경춘선,별내,1379,1268,2647
2022-02-02,경춘선,사릉,1289,1134,2423
2022-02-02,경춘선,상천,202,152,354
2022-02-02,경춘선,신내,600,618,1218
2022-02-02,경춘선,천마산,824,721,1545
2022-02-02,경춘선,청평,1157,822,1979
2022-02-02,경춘선,춘천,1873,1041,2914
2022-02-02,경춘선,퇴계원,1551,1364,2915
2022-02-02,경춘선,평내호평,2667,2245,4912
2022-02-02,공항철도,검암,2995,2775,5770
2022-02-02,공항철도,계양,4093,3630,7723
2022-02-02,공항철도,공덕,858,1209,2067
2022-02-02,공항철도,공항화물청사,926,974,1900
2022-02-02,공항철도,김포공항,13424,5072,18496
2022-02-02,공항철도,디지털미디어시티,2618,2873,5491
2022-02-02,공항철도,마곡나루,1462,1728,3190
2022-02-02,공항철도,서울역,5252,3864,9116
2022-02-02,공항철도,영종,1819,1714,3533
2022-02-02,공항철도,운서,3820,4396,8216
2022-02-02,공항철도,인천공항1터미널,2767,2787,5554
2022-02-02,공항철도,인천공항2터미널,1428,1380,2808
2022-02-02,공항철도,청라국제도시,2234,2066,4300
2022-02-02,공항철도,홍대입구,6220,6582,12802
2022-02-02,과천선,경마공원,304,283,587
2022-02-02,과천선,과천,2565,2327,4892
2022-02-02,과천선,대공원,3227,3240,6467
2022-02-02,과천선,범계,11271,10812,22083
2022-02-02,과천선,선바위,2379,2140,4519
2022-02-02,과천선,인덕원,8192,8265,16457
2022-02-02,과천선,정부과천청사,3071,3140,6211
2022-02-02,과천선,평촌,4434,4501,8935
2022-02-02,분당선,가천대,2404,3220,5624
2022-02-02,분당선,강남구청,2054,2596,4650
2022-02-02,분당선,개포동,1153,1162,2315
2022-02-02,분당선,구룡,494,540,1034
2022-02-02,분당선,구성,1822,1868,3690
2022-02-02,분당선,기흥,4085,3716,7801
2022-02-02,분당선,대모산입구,1454,1414,2868
2022-02-02,분당선,도곡,2169,2074,4243
2022-02-02,분당선,망포,4722,5244,9966
2022-02-02,분당선,매교,1070,1074,2144
2022-02-02,분당선,매탄권선,1885,1958,3843
2022-02-02,분당선,모란,8583,9154,17737
2022-02-02,분당선,미금,5770,6295,12065
2022-02-02,분당선,보정,907,869,1776
2022-02-02,분당선,복정,1,0,1
2022-02-02,분당선,상갈,2319,2333,4652
2022-02-02,분당선,서울숲,3591,3903,7494
2022-02-02,분당선,서현,11471,11474,22945
2022-02-02,분당선,선릉,1689,2776,4465
2022-02-02,분당선,선정릉,1191,1331,2522
2022-02-02,분당선,수내,3857,4037,7894
2022-02-02,분당선,수서,5917,4844,10761
2022-02-02,분당선,수원,4844,3797,8641
2022-02-02,분당선,수원시청,5229,5535,10764
2022-02-02,분당선,신갈,1490,1557,3047
2022-02-02,분당선,압구정로데오,6000,6579,12579
2022-02-02,분당선,야탑,11644,10482,22126
2022-02-02,분당선,영통,3356,3552,6908
2022-02-02,분당선,오리,3843,3464,7307
2022-02-02,분당선,이매,2169,2297,4466
2022-02-02,분당선,정자,5392,6038,11430
2022-02-02,분당선,죽전,6058,6799,12857
2022-02-02,분당선,청명,1379,1393,2772
2022-02-02,분당선,태평,6268,5972,12240
2022-02-02,분당선,한티,5098,5491,10589
2022-02-02,수인선,고색,1487,1523,3010
2022-02-02,수인선,남동인더스파크,355,415,770
2022-02-02,수인선,달월,40,37,77
2022-02-02,수인선,사리,2143,1744,3887
2022-02-02,수인선,소래포구,3190,3007,6197
2022-02-02,수인선,송도,1230,1153,2383
2022-02-02,수인선,숭의,1575,1459,3034
2022-02-02,수인선,신포,825,821,1646
2022-02-02,수인선,야목,145,108,253
2022-02-02,수인선,어천,386,534,920
2022-02-02,수인선,연수,2273,2261,4534
2022-02-02,수인선,오목천,1161,1186,2347
2022-02-02,수인선,원인재,2269,2479,4748
2022-02-02,수인선,월곶,1528,1378,2906
2022-02-02,수인선,인천,902,1252,2154
2022-02-02,수인선,인천논현,2335,2391,4726
2022-02-02,수인선,인하대,2251,2251,4502
2022-02-02,수인선,호구포,1318,1494,2812
2022-02-02,안산선,고잔,3285,2849,6134
2022-02-02,안산선,대야미,2069,1945,4014
2022-02-02,안산선,반월,1798,1765,3563
2022-02-02,안산선,산본,6598,7031,13629
2022-02-02,안산선,상록수,7175,6876,14051
2022-02-02,안산선,수리산,1583,1427,3010
2022-02-02,안산선,신길온천,875,782,1657
2022-02-02,안산선,안산,7123,6364,13487
2022-02-02,안산선,오이도,4441,4353,8794
2022-02-02,안산선,정왕,3961,4647,8608
2022-02-02,안산선,중앙,9222,8401,17623
2022-02-02,안산선,초지,1812,1681,3493
2022-02-02,안산선,한대앞,3898,3698,7596
2022-02-02,우이신설선,4.19민주묘지,1346,1225,2571
2022-02-02,우이신설선,가오리,1791,1704,3495
2022-02-02,우이신설선,보문,667,706,1373
2022-02-02,우이신설선,북한산보국문,2681,2634,5315
2022-02-02,우이신설선,북한산우이,2204,2224,4428
2022-02-02,우이신설선,삼양,878,955,1833
2022-02-02,우이신설선,삼양사거리,1108,1146,2254
2022-02-02,우이신설선,성신여대입구,1770,2048,3818
2022-02-02,우이신설선,솔밭공원,1039,1027,2066
2022-02-02,우이신설선,솔샘,2142,2049,4191
2022-02-02,우이신설선,신설동,753,699,1452
2022-02-02,우이신설선,정릉,1875,1689,3564
2022-02-02,우이신설선,화계,1542,1481,3023
2022-02-02,일산선,대곡,708,604,1312
2022-02-02,일산선,대화,4641,4302,8943
2022-02-02,일산선,마두,2652,2702,5354
2022-02-02,일산선,백석,4416,4357,8773
2022-02-02,일산선,삼송,8702,8405,17107
2022-02-02,일산선,원당,4529,4394,8923
2022-02-02,일산선,원흥,3846,3863,7709
2022-02-02,일산선,정발산,3810,3845,7655
2022-02-02,일산선,주엽,3543,3384,6927
2022-02-02,일산선,화정,7626,7941,15567
2022-02-02,장항선,배방,609,600,1209
2022-02-02,장항선,봉명,409,381,790
2022-02-02,장항선,신창,999,721,1720
2022-02-02,장항선,쌍용,916,800,1716
2022-02-02,장항선,아산,2327,1510,3837
2022-02-02,장항선,온양온천,2782,2472,5254
2022-02-02,장항선,탕정,240,251,491
2022-02-02,중앙선,구리,5680,5623,11303
2022-02-02,중앙선,국수,365,282,647
2022-02-02,중앙선,덕소,2570,2464,5034
2022-02-02,중앙선,도농,3680,3511,7191
2022-02-02,중앙선,도심,897,753,1650
2022-02-02,중앙선,망우,3632,3664,7296
2022-02-02,중앙선,상봉,2928,3095,6023
2022-02-02,중앙선,신원,143,76,219
2022-02-02,중앙선,아신,386,277,663
2022-02-02,중앙선,양수,1134,1044,2178
2022-02-02,중앙선,양원,720,724,1444
2022-02-02,중앙선,양정,269,230,499
2022-02-02,중앙선,양평,2001,1413,3414
2022-02-02,중앙선,오빈,172,126,298
2022-02-02,중앙선,용문,1764,1125,2889
2022-02-02,중앙선,운길산,716,621,1337
2022-02-02,중앙선,원덕,332,200,532
2022-02-02,중앙선,중랑,2405,2495,4900
2022-02-02,중앙선,지평,48,30,78
2022-02-02,중앙선,팔당,827,933,1760
2022-02-02,중앙선,회기,9079,10999,20078
2022-02-03,1호선,동대문,8433,8191,16624
2022-02-03,1호선,동묘앞,6253,6630,12883
2022-02-03,1호선,서울역,40979,32120,73099
2022-02-03,1호선,시청,18621,18945,37566
2022-02-03,1호선,신설동,11718,11721,23439
2022-02-03,1호선,제기동,13138,13361,26499
2022-02-03,1호선,종각,28418,27821,56239
2022-02-03,1호선,종로3가,21582,20138,41720
2022-02-03,1호선,종로5가,19561,19651,39212
2022-02-03,1호선,청량리,15691,15706,31397
2022-02-03,2호선,강남,76628,74210,150838
2022-02-03,2호선,강변,28348,25089,53437
2022-02-03,2호선,건대입구,29276,31604,60880
2022-02-03,2호선,교대,29561,32992,62553
2022-02-03,2호선,구로디지털단지,52174,52355,104529
2022-02-03,2호선,구의,20783,21115,41898
2022-02-03,2호선,낙성대,22725,23400,46125
2022-02-03,2호선,당산,15721,18128,33849
2022-02-03,2호선,대림,21221,21578,42799
2022-02-03,2호선,도림천,1308,1331,2639
2022-02-03,2호선,동대문역사문화공원,9261,10569,19830
2022-02-03,2호선,뚝섬,19687,21011,40698
2022-02-03,2호선,문래,19102,19408,38510
2022-02-03,2호선,방배,13890,14711,28601
2022-02-03,2호선,봉천,20568,20058,40626
2022-02-03,2호선,사당,29962,33183,63145
2022-02-03,2호선,삼성,44336,43877,88213
2022-02-03,2호선,상왕십리,12461,12628,25089
2022-02-03,2호선,서울대입구,39967,41059,81026
2022-02-03,2호선,서초,18299,17851,36150
2022-02-03,2호선,선릉,48506,42652,91158
2022-02-03,2호선,성수,33200,35605,68805
2022-02-03,2호선,시청,20461,19671,40132
2022-02-03,2호선,신답,1433,1728,3161
2022-02-03,2호선,신당,11716,12364,24080
2022-02-03,2호선,신대방,22951,22757,45708
2022-02-03,2호선,신도림,41307,41022,82329
2022-02-03,2호선,신림,54914,55941,110855
2022-02-03,2호선,신설동,2889,3040,5929
2022-02-03,2호선,신정네거리,8961,9315,18276
2022-02-03,2호선,신촌,28041,29323,57364
2022-02-03,2호선,아현,8851,8754,17605
2022-02-03,2호선,양천구청,6065,6377,12442
2022-02-03,2호선,역삼,46505,50998,97503
2022-02-03,2호선,영등포구청,20581,21096,41677
2022-02-03,2호선,왕십리,13103,11356,24459
2022-02-03,2호선,용답,2308,2444,4752
2022-02-03,2호선,용두,1960,2086,4046
2022-02-03,2호선,을지로3가,18840,18737,37577
2022-02-03,2호선,을지로4가,10841,10686,21527
2022-02-03,2호선,을지로입구,33559,33691,67250
2022-02-03,2호선,이대,10492,11639,22131
2022-02-03,2호선,잠실,58185,57664,115849
2022-02-03,2호선,잠실나루,12918,12679,25597
2022-02-03,2호선,잠실새내,18779,18674,37453
2022-02-03,2호선,종합운동장,6403,6918,13321
2022-02-03,2호선,충정로,8859,9280,18139
2022-02-03,2호선,한양대,5869,6332,12201
2022-02-03,2호선,합정,26399,27522,53921
2022-02-03,2호선,홍대입구,46546,47687,94233
2022-02-03,3호선,가락시장,7202,7286,14488
2022-02-03,3호선,경복궁,16592,16240,32832
2022-02-03,3호선,경찰병원,6482,6640,13122
2022-02-03,3호선,고속터미널,39424,31243,70667
2022-02-03,3호선,교대,12184,7947,20131
2022-02-03,3호선,구파발,18419,17556,35975
2022-02-03,3호선,금호,6943,6749,13692
2022-02-03,3호선,남부터미널,27205,26429,53634
2022-02-03,3호선,녹번,13700,12748,26448
2022-02-03,3호선,대청,8764,8359,17123
2022-02-03,3호선,대치,9997,10076,20073
2022-02-03,3호선,도곡,4728,4877,9605
2022-02-03,3호선,독립문,6051,6229,12280
2022-02-03,3호선,동대입구,5831,6249,12080
2022-02-03,3호선,매봉,11124,10640,21764
2022-02-03,3호선,무악재,3476,3592,7068
2022-02-03,3호선,불광,14164,15357,29521
2022-02-03,3호선,수서,14853,13797,28650
2022-02-03,3호선,신사,28498,29583,58081
2022-02-03,3호선,안국,14181,15069,29250
2022-02-03,3호선,압구정,30096,31836,61932
2022-02-03,3호선,약수,11370,11084,22454
2022-02-03,3호선,양재,32963,36425,69388
2022-02-03,3호선,연신내,32366,31073,63439
2022-02-03,3호선,오금,5455,4981,10436
2022-02-03,3호선,옥수,7758,8184,15942
2022-02-03,3호선,을지로3가,9184,9366,18550
2022-02-03,3호선,일원,8812,8610,17422
2022-02-03,3호선,잠원,4110,4002,8112
2022-02-03,3호선,종로3가,9162,10519,19681
2022-02-03,3호선,지축,3885,3796,7681
2022-02-03,3호선,충무로,1,0,1
2022-02-03,3호선,학여울,1561,1563,3124
2022-02-03,3호선,홍제,15133,14751,29884
2022-02-03,4호선,길음,17611,17768,35379
2022-02-03,4호선,남태령,992,921,1913
2022-02-03,4호선,노원,16576,18649,35225
2022-02-03,4호선,당고개,11457,10508,21965
2022-02-03,4호선,동대문,14719,16089,30808
2022-02-03,4호선,동대문역사문화공원,12380,11757,24137
2022-02-03,4호선,동작,1307,1401,2708
2022-02-03,4호선,명동,14980,15469,30449
2022-02-03,4호선,미아,12971,12677,25648
2022-02-03,4호선,미아사거리,24307,23849,48156
2022-02-03,4호선,사당,20585,17051,37636
2022-02-03,4호선,삼각지,4132,4509,8641
2022-02-03,4호선,상계,16693,15544,32237
2022-02-03,4호선,서울역,8832,11956,20788
2022-02-03,4호선,성신여대입구,17037,17003,34040
2022-02-03,4호선,수유,30668,30860,61528
2022-02-03,4호선,숙대입구,11000,10743,21743
2022-02-03,4호선,신용산,14650,14712,29362
2022-02-03,4호선,쌍문,26394,24517,50911
2022-02-03,4호선,이촌,6453,7112,13565
2022-02-03,4호선,창동,22451,23686,46137
2022-02-03,4호선,총신대입구,16221,17803,34024
2022-02-03,4호선,충무로,22729,23895,46624
2022-02-03,4호선,한성대입구,11440,11684,23124
2022-02-03,4호선,혜화,27037,27280,54317
2022-02-03,4호선,회현,18511,19536,38047
2022-02-03,5호선,강동,16379,15953,32332
2022-02-03,5호선,강일,3393,3387,6780
2022-02-03,5호선,개롱,5756,6096,11852
2022-02-03,5호선,개화산,5054,4842,9896
2022-02-03,5호선,거여,8409,8034,16443
2022-02-03,5호선,고덕,8399,8506,16905
2022-02-03,5호선,공덕,11630,12187,23817
2022-02-03,5호선,광나루,11469,10491,21960
2022-02-03,5호선,광화문,25501,26198,51699
2022-02-03,5호선,군자,9750,10777,20527
2022-02-03,5호선,굽은다리,8492,8127,16619
2022-02-03,5호선,길동,7265,7679,14944
2022-02-03,5호선,김포공항,7209,6567,13776
2022-02-03,5호선,까치산,25653,25313,50966
2022-02-03,5호선,답십리,14265,13429,27694
2022-02-03,5호선,동대문역사문화공원,2532,2901,5433
2022-02-03,5호선,둔촌동,7453,7526,14979
2022-02-03,5호선,마곡,9389,9308,18697
2022-02-03,5호선,마장,4760,4439,9199
2022-02-03,5호선,마천,6198,6200,12398
2022-02-03,5호선,마포,12514,12782,25296
2022-02-03,5호선,명일,7655,7922,15577
2022-02-03,5호선,목동,14980,16466,31446
2022-02-03,5호선,미사,14245,14563,28808
2022-02-03,5호선,발산,17524,18000,35524
2022-02-03,5호선,방이,6365,6693,13058
2022-02-03,5호선,방화,5875,5713,11588
2022-02-03,5호선,상일동,13619,12918,26537
2022-02-03,5호선,서대문,16538,16562,33100
2022-02-03,5호선,송정,5715,5608,11323
2022-02-03,5호선,신금호,5864,6211,12075
2022-02-03,5호선,신길,3541,3979,7520
2022-02-03,5호선,신정,12266,10210,22476
2022-02-03,5호선,아차산,12650,12472,25122
2022-02-03,5호선,애오개,5859,6022,11881
2022-02-03,5호선,양평,6694,6855,13549
2022-02-03,5호선,여의나루,5915,7118,13033
2022-02-03,5호선,여의도,26015,26363,52378
2022-02-03,5호선,영등포구청,3554,3559,7113
2022-02-03,5호선,영등포시장,9093,9464,18557
2022-02-03,5호선,오금,3223,3232,6455
2022-02-03,5호선,오목교,19435,20724,40159
2022-02-03,5호선,올림픽공원,3590,3102,6692
2022-02-03,5호선,왕십리,4117,4550,8667
2022-02-03,5호선,우장산,12912,12766,25678
2022-02-03,5호선,을지로4가,5231,5306,10537
2022-02-03,5호선,장한평,16874,17094,33968
2022-02-03,5호선,종로3가,10324,10135,20459
2022-02-03,5호선,천호,15763,15754,31517
2022-02-03,5호선,청구,3514,3362,6876
2022-02-03,5호선,충정로,4185,4272,8457
2022-02-03,5호선,하남검단산,4903,4820,9723
2022-02-03,5호선,하남시청,5792,5622,11414
2022-02-03,5호선,하남풍산,3792,3774,7566
2022-02-03,5호선,행당,6960,6471,13431
2022-02-03,5호선,화곡,25338,24208,49546
2022-02-03,6호선,고려대,6654,6720,13374
2022-02-03,6호선,공덕,15343,15096,30439
2022-02-03,6호선,광흥창,8076,7942,16018
2022-02-03,6호선,구산,6947,5557,12504
2022-02-03,6호선,녹사평,3904,3916,7820
2022-02-03,6호선,대흥,6911,7339,14250
2022-02-03,6호선,독바위,2379,2532,4911
2022-02-03,6호선,돌곶이,8275,7842,16117
2022-02-03,6호선,동묘앞,6129,6702,12831
2022-02-03,6호선,디지털미디어시티,11940,13262,25202
2022-02-03,6호선,마포구청,12661,11902,24563
2022-02-03,6호선,망원,11993,13144,25137
2022-02-03,6호선,버티고개,1738,1858,3596
2022-02-03,6호선,보문,6415,6129,12544
2022-02-03,6호선,봉화산,8025,7541,15566
2022-02-03,6호선,불광,3760,3672,7432
2022-02-03,6호선,삼각지,4994,4565,9559
2022-02-03,6호선,상수,7024,7892,14916
2022-02-03,6호선,상월곡,5459,5009,10468
2022-02-03,6호선,새절,11180,10430,21610
2022-02-03,6호선,석계,10656,11262,21918
2022-02-03,6호선,신당,5828,6710,12538
2022-02-03,6호선,안암,8210,8688,16898
2022-02-03,6호선,약수,3190,3210,6400
2022-02-03,6호선,역촌,3568,4288,7856
2022-02-03,6호선,월곡,9545,9773,19318
2022-02-03,6호선,월드컵경기장,3333,3496,6829
2022-02-03,6호선,응암,15688,16029,31717
2022-02-03,6호선,이태원,8116,8135,16251
2022-02-03,6호선,증산,8919,9210,18129
2022-02-03,6호선,창신,2939,2462,5401
2022-02-03,6호선,청구,3325,3472,6797
2022-02-03,6호선,태릉입구,4885,5349,10234
2022-02-03,6호선,한강진,7379,8284,15663
2022-02-03,6호선,합정,11209,10935,22144
2022-02-03,6호선,화랑대,10151,8363,18514
2022-02-03,6호선,효창공원앞,5987,5487,11474
2022-02-03,7호선,가산디지털단지,41031,40743,81774
2022-02-03,7호선,강남구청,15161,16654,31815
2022-02-03,7호선,건대입구,10765,11359,22124
2022-02-03,7호선,고속터미널,17272,11588,28860
2022-02-03,7호선,공릉,9984,10392,20376
2022-02-03,7호선,광명사거리,19485,19222,38707
2022-02-03,7호선,군자,13140,11123,24263
2022-02-03,7호선,남구로,14783,15419,30202
2022-02-03,7호선,남성,9811,9530,19341
2022-02-03,7호선,내방,13501,13624,27125
2022-02-03,7호선,노원,18457,18799,37256
2022-02-03,7호선,논현,18362,20068,38430
2022-02-03,7호선,대림,7514,7249,14763
2022-02-03,7호선,도봉산,8179,9340,17519
2022-02-03,7호선,뚝섬유원지,6381,6302,12683
2022-02-03,7호선,마들,11805,11647,23452
2022-02-03,7호선,먹골,9153,9198,18351
2022-02-03,7호선,면목,13706,13678,27384
2022-02-03,7호선,반포,5208,5014,10222
2022-02-03,7호선,보라매,8647,8652,17299
2022-02-03,7호선,부평구청,1,0,1
2022-02-03,7호선,사가정,14308,14567,28875
2022-02-03,7호선,상도,9284,9413,18697
2022-02-03,7호선,상봉,15033,14144,29177
2022-02-03,7호선,수락산,11295,11163,22458
2022-02-03,7호선,숭실대입구,9966,10521,20487
2022-02-03,7호선,신대방삼거리,14543,14535,29078
2022-02-03,7호선,신중동,3,0,3
2022-02-03,7호선,신풍,10174,9748,19922
2022-02-03,7호선,어린이대공원,10667,10903,21570
2022-02-03,7호선,온수,9098,8471,17569
2022-02-03,7호선,용마산,5491,5431,10922
2022-02-03,7호선,이수,13862,13594,27456
2022-02-03,7호선,장승배기,8274,8328,16602
2022-02-03,7호선,장암,1953,663,2616
2022-02-03,7호선,중계,12348,11520,23868
2022-02-03,7호선,중곡,9924,9381,19305
2022-02-03,7호선,중화,9837,9714,19551
2022-02-03,7호선,천왕,10137,9798,19935
2022-02-03,7호선,철산,18577,18892,37469
2022-02-03,7호선,청담,17673,19549,37222
2022-02-03,7호선,태릉입구,7575,7338,14913
2022-02-03,7호선,하계,15835,15127,30962
2022-02-03,7호선,학동,22516,23706,46222
2022-02-03,8호선,가락시장,5960,7136,13096
2022-02-03,8호선,강동구청,9614,10131,19745
2022-02-03,8호선,남위례,3367,3687,7054
2022-02-03,8호선,남한산성입구,11789,10929,22718
2022-02-03,8호선,단대오거리,9294,9166,18460
2022-02-03,8호선,모란,3872,3028,6900
2022-02-03,8호선,몽촌토성,5286,5371,10657
2022-02-03,8호선,문정,18825,19912,38737
2022-02-03,8호선,복정,7908,6989,14897
2022-02-03,8호선,산성,4566,4559,9125
2022-02-03,8호선,석촌,7178,8175,15353
2022-02-03,8호선,송파,6678,6816,13494
2022-02-03,8호선,수진,4749,4352,9101
2022-02-03,8호선,신흥,3944,4259,8203
2022-02-03,8호선,암사,16747,15060,31807
2022-02-03,8호선,잠실,12582,14425,27007
2022-02-03,8호선,장지,14884,14660,29544
2022-02-03,8호선,천호,13025,14866,27891
2022-02-03,9호선,가양,17854,17917,35771
2022-02-03,9호선,개화,2188,1509,3697
2022-02-03,9호선,고속터미널,10907,12957,23864
2022-02-03,9호선,공항시장,2704,2921,5625
2022-02-03,9호선,구반포,1171,1236,2407
2022-02-03,9호선,국회의사당,14993,15060,30053
2022-02-03,9호선,김포공항,6937,10304,17241
2022-02-03,9호선,노들,3854,3403,7257
2022-02-03,9호선,노량진,22171,22310,44481
2022-02-03,9호선,당산,15588,16220,31808
2022-02-03,9호선,동작,1853,1570,3423
2022-02-03,9호선,등촌,10239,10352,20591
2022-02-03,9호선,마곡나루,9797,10106,19903
2022-02-03,9호선,사평,3149,3111,6260
2022-02-03,9호선,샛강,5118,5292,10410
2022-02-03,9호선,선유도,7452,7257,14709
2022-02-03,9호선,신논현,28665,28701,57366
2022-02-03,9호선,신목동,3562,3258,6820
2022-02-03,9호선,신반포,2603,2691,5294
2022-02-03,9호선,신방화,6057,6046,12103
2022-02-03,9호선,양천향교,8408,8947,17355
2022-02-03,9호선,여의도,23468,22609,46077
2022-02-03,9호선,염창,15106,15126,30232
2022-02-03,9호선,증미,6448,6610,13058
2022-02-03,9호선,흑석,6850,7366,14216
2022-02-03,9호선2~3단계,둔촌오륜,898,891,1789
2022-02-03,9호선2~3단계,봉은사,14001,14239,28240
2022-02-03,9호선2~3단계,삼성중앙,6217,6583,12800
2022-02-03,9호선2~3단계,삼전,6123,6131,12254
2022-02-03,9호선2~3단계,석촌,7488,6673,14161
2022-02-03,9호선2~3단계,석촌고분,5400,5532,10932
2022-02-03,9호선2~3단계,선정릉,8292,9259,17551
2022-02-03,9호선2~3단계,송파나루,4458,4911,9369
2022-02-03,9호선2~3단계,언주,9638,10003,19641
2022-02-03,9호선2~3단계,올림픽공원,5069,4917,9986
2022-02-03,9호선2~3단계,종합운동장,3702,3739,7441
2022-02-03,9호선2~3단계,중앙보훈병원,9233,8190,17423
2022-02-03,9호선2~3단계,한성백제,2190,2048,4238
2022-02-03,경강선,경기광주,6797,6575,13372
2022-02-03,경강선,곤지암,1942,1957,3899
2022-02-03,경강선,부발,1634,1711,3345
2022-02-03,경강선,삼동,2032,1953,3985
2022-02-03,경강선,세종대왕릉,274,248,522
2022-02-03,경강선,신둔도예촌,1169,1097,2266
2022-02-03,경강선,여주,1782,1633,3415
2022-02-03,경강선,이매,916,806,1722
2022-02-03,경강선,이천,2280,2408,4688
2022-02-03,경강선,초월,2609,2517,5126
2022-02-03,경강선,판교,4096,4005,8101
2022-02-03,경부선,가산디지털단지,15432,18162,33594
2022-02-03,경부선,관악,6322,5836,12158
2022-02-03,경부선,광명,3381,2373,5754
2022-02-03,경부선,구로,16441,16508,32949
2022-02-03,경부선,군포,6717,6939,13656
2022-02-03,경부선,금정,22031,22416,44447
2022-02-03,경부선,금천구청,10265,10324,20589
2022-02-03,경부선,남영,7742,8336,16078
2022-02-03,경부선,노량진,6428,6923,13351
2022-02-03,경부선,당정,5209,4929,10138
2022-02-03,경부선,대방,10855,11585,22440
2022-02-03,경부선,독산,16236,17266,33502
2022-02-03,경부선,두정,3751,3995,7746
2022-02-03,경부선,명학,7665,7513,15178
2022-02-03,경부선,병점,11651,11783,23434
2022-02-03,경부선,서동탄,1127,999,2126
2022-02-03,경부선,서울역,8335,1516,9851
2022-02-03,경부선,서정리,5183,5561,10744
2022-02-03,경부선,석수,8096,7308,15404
2022-02-03,경부선,성균관대,11357,11796,23153
2022-02-03,경부선,성환,2445,2536,4981
2022-02-03,경부선,세류,2643,2320,4963
2022-02-03,경부선,세마,2340,2199,4539
2022-02-03,경부선,송탄,3512,3625,7137
2022-02-03,경부선,수원,30014,30090,60104
2022-02-03,경부선,신길,7533,6489,14022
2022-02-03,경부선,신도림,3735,3567,7302
2022-02-03,경부선,안양,18353,18138,36491
2022-02-03,경부선,영등포,33683,33539,67222
2022-02-03,경부선,오산,8211,8521,16732
2022-02-03,경부선,오산대,2746,2568,5314
2022-02-03,경부선,용산,33304,27440,60744
2022-02-03,경부선,의왕,7477,7573,15050
2022-02-03,경부선,직산,594,555,1149
2022-02-03,경부선,진위,1391,1226,2617
2022-02-03,경부선,천안,4136,4383,8519
2022-02-03,경부선,평택,9767,9513,19280
2022-02-03,경부선,평택지제,2829,2519,5348
2022-02-03,경부선,화서,6583,6312,12895
2022-02-03,경원선,가능,5744,5586,11330
2022-02-03,경원선,광운대,6254,6386,12640
2022-02-03,경원선,녹양,3979,3754,7733
2022-02-03,경원선,녹천,4026,3439,7465
2022-02-03,경원선,덕계,2534,2339,4873
2022-02-03,경원선,덕정,4448,4478,8926
2022-02-03,경원선,도봉,5242,5060,10302
2022-02-03,경원선,도봉산,6404,3983,10387
2022-02-03,경원선,동두천,1847,2004,3851
2022-02-03,경원선,동두천중앙,2716,2615,5331
2022-02-03,경원선,망월사,6432,6681,13113
2022-02-03,경원선,방학,8512,8490,17002
2022-02-03,경원선,보산,1236,1099,2335
2022-02-03,경원선,서빙고,1740,1692,3432
2022-02-03,경원선,석계,6741,7947,14688
2022-02-03,경원선,소요산,2177,1861,4038
2022-02-03,경원선,신이문,7468,7073,14541
2022-02-03,경원선,양주,6713,6175,12888
2022-02-03,경원선,옥수,45,29,74
2022-02-03,경원선,왕십리,11458,13389,24847
2022-02-03,경원선,외대앞,5820,6382,12202
2022-02-03,경원선,월계,5381,5252,10633
2022-02-03,경원선,응봉,1590,1383,2973
2022-02-03,경원선,의정부,16633,16870,33503
2022-02-03,경원선,이촌,3185,2478,5663
2022-02-03,경원선,지행,5597,5498,11095
2022-02-03,경원선,청량리,13247,12410,25657
2022-02-03,경원선,한남,3626,3427,7053
2022-02-03,경원선,회룡,11048,10851,21899
2022-02-03,경의선,가좌,4528,4608,9136
2022-02-03,경의선,강매,2803,2462,5265
2022-02-03,경의선,곡산,489,469,958
2022-02-03,경의선,공덕,3033,2636,5669
2022-02-03,경의선,금릉,4237,4023,8260
2022-02-03,경의선,금촌,5599,5585,11184
2022-02-03,경의선,능곡,3288,3026,6314
2022-02-03,경의선,디지털미디어시티,2165,1955,4120
2022-02-03,경의선,문산,4290,4291,8581
2022-02-03,경의선,백마,5917,5791,11708
2022-02-03,경의선,서강대,1811,1884,3695
2022-02-03,경의선,서울역,3828,4488,8316
2022-02-03,경의선,수색,2359,2503,4862
2022-02-03,경의선,신촌,762,972,1734
2022-02-03,경의선,야당,6294,6233,12527
2022-02-03,경의선,운정,6050,5534,11584
2022-02-03,경의선,월롱,1339,1668,3007
2022-02-03,경의선,일산,8103,7923,16026
2022-02-03,경의선,임진강,8,2,10
2022-02-03,경의선,탄현,6851,6635,13486
2022-02-03,경의선,파주,883,652,1535
2022-02-03,경의선,풍산,4786,4452,9238
2022-02-03,경의선,행신,7044,6835,13879
2022-02-03,경의선,홍대입구,1441,1677,3118
2022-02-03,경의선,화전,1274,1197,2471
2022-02-03,경의선,효창공원앞,2663,3064,5727
2022-02-03,경인선,간석,5158,4963,10121
2022-02-03,경인선,개봉,18708,18724,37432
2022-02-03,경인선,구일,5337,5449,10786
2022-02-03,경인선,도원,2142,2292,4434
2022-02-03,경인선,도화,3747,3451,7198
2022-02-03,경인선,동암,12794,12798,25592
2022-02-03,경인선,동인천,12149,11634,23783
2022-02-03,경인선,백운,5947,5797,11744
2022-02-03,경인선,부개,7489,7111,14600
2022-02-03,경인선,부천,28672,28396,57068
2022-02-03,경인선,부평,26569,27678,54247
2022-02-03,경인선,소사,7522,7287,14809
2022-02-03,경인선,송내,23382,23120,46502
2022-02-03,경인선,역곡,23531,23324,46855
2022-02-03,경인선,오류동,10279,10109,20388
2022-02-03,경인선,온수,5676,5523,11199
2022-02-03,경인선,인천,2633,2119,4752
2022-02-03,경인선,제물포,8886,8455,17341
2022-02-03,경인선,주안,16121,14630,30751
2022-02-03,경인선,중동,8173,7625,15798
2022-02-03,경춘선,가평,1243,1337,2580
2022-02-03,경춘선,갈매,2564,2269,4833
2022-02-03,경춘선,강촌,238,259,497
2022-02-03,경춘선,굴봉산,124,151,275
2022-02-03,경춘선,금곡,1282,1152,2434
2022-02-03,경춘선,김유정,254,237,491
2022-02-03,경춘선,남춘천,1849,1860,3709
2022-02-03,경춘선,대성리,365,363,728
2022-02-03,경춘선,마석,3293,3298,6591
2022-02-03,경춘선,백양리,277,285,562
2022-02-03,경춘선,별내,2908,2839,5747
2022-02-03,경춘선,사릉,2814,2607,5421
2022-02-03,경춘선,상천,170,161,331
2022-02-03,경춘선,신내,1756,1645,3401
2022-02-03,경춘선,천마산,1437,1325,2762
2022-02-03,경춘선,청평,1321,1326,2647
2022-02-03,경춘선,춘천,940,858,1798
2022-02-03,경춘선,퇴계원,3156,2951,6107
2022-02-03,경춘선,평내호평,5449,5153,10602
2022-02-03,공항철도,검암,5965,5795,11760
2022-02-03,공항철도,계양,8819,8321,17140
2022-02-03,공항철도,공덕,1943,2530,4473
2022-02-03,공항철도,공항화물청사,2322,2507,4829
2022-02-03,공항철도,김포공항,12564,5637,18201
2022-02-03,공항철도,디지털미디어시티,11880,10886,22766
2022-02-03,공항철도,마곡나루,5023,5348,10371
2022-02-03,공항철도,서울역,8013,5265,13278
2022-02-03,공항철도,영종,2563,2698,5261
2022-02-03,공항철도,운서,5617,6127,11744
2022-02-03,공항철도,인천공항1터미널,3139,3336,6475
2022-02-03,공항철도,인천공항2터미널,1897,1933,3830
2022-02-03,공항철도,청라국제도시,5748,5387,11135
2022-02-03,공항철도,홍대입구,8089,9034,17123
2022-02-03,과천선,경마공원,946,932,1878
2022-02-03,과천선,과천,5368,5053,10421
2022-02-03,과천선,대공원,2103,2212,4315
2022-02-03,과천선,범계,22575,22253,44828
2022-02-03,과천선,선바위,6660,5906,12566
2022-02-03,과천선,인덕원,20411,21513,41924
2022-02-03,과천선,정부과천청사,9230,9150,18380
2022-02-03,과천선,평촌,15564,15140,30704
2022-02-03,분당선,가천대,5117,6185,11302
2022-02-03,분당선,강남구청,9401,10599,20000
2022-02-03,분당선,개포동,3038,3168,6206
2022-02-03,분당선,구룡,1358,1473,2831
2022-02-03,분당선,구성,4257,4622,8879
2022-02-03,분당선,기흥,8221,7880,16101
2022-02-03,분당선,대모산입구,3969,3797,7766
2022-02-03,분당선,도곡,6191,6111,12302
2022-02-03,분당선,망포,12032,11583,23615
2022-02-03,분당선,매교,2218,2242,4460
2022-02-03,분당선,매탄권선,4333,4318,8651
2022-02-03,분당선,모란,17235,17583,34818
2022-02-03,분당선,미금,14166,14825,28991
2022-02-03,분당선,보정,2100,1895,3995
2022-02-03,분당선,상갈,4602,4513,9115
2022-02-03,분당선,서울숲,8669,8959,17628
2022-02-03,분당선,서현,23156,23289,46445
2022-02-03,분당선,선릉,11776,17802,29578
2022-02-03,분당선,선정릉,7062,7477,14539
2022-02-03,분당선,수내,12085,11988,24073
2022-02-03,분당선,수서,12552,10971,23523
2022-02-03,분당선,수원,7131,5969,13100
2022-02-03,분당선,수원시청,11436,12144,23580
2022-02-03,분당선,신갈,3952,3934,7886
2022-02-03,분당선,압구정로데오,17594,18887,36481
2022-02-03,분당선,야탑,23679,24029,47708
2022-02-03,분당선,영통,6987,7287,14274
2022-02-03,분당선,오리,10299,8372,18671
2022-02-03,분당선,이매,5033,4847,9880
2022-02-03,분당선,정자,14053,15030,29083
2022-02-03,분당선,죽전,11004,12427,23431
2022-02-03,분당선,청명,3465,3491,6956
2022-02-03,분당선,태평,12149,11886,24035
2022-02-03,분당선,한티,12875,14155,27030
2022-02-03,수인선,고색,3954,3724,7678
2022-02-03,수인선,남동인더스파크,2055,2311,4366
2022-02-03,수인선,달월,94,53,147
2022-02-03,수인선,사리,4028,3494,7522
2022-02-03,수인선,소래포구,3932,3585,7517
2022-02-03,수인선,송도,2091,1969,4060
2022-02-03,수인선,숭의,3435,3245,6680
2022-02-03,수인선,신포,1526,1450,2976
2022-02-03,수인선,야목,283,210,493
2022-02-03,수인선,어천,575,633,1208
2022-02-03,수인선,연수,3741,3757,7498
2022-02-03,수인선,오목천,2295,2189,4484
2022-02-03,수인선,원인재,4028,4235,8263
2022-02-03,수인선,월곶,2310,2153,4463
2022-02-03,수인선,인천,910,1443,2353
2022-02-03,수인선,인천논현,4864,5064,9928
2022-02-03,수인선,인하대,4665,4533,9198
2022-02-03,수인선,호구포,3464,3674,7138
2022-02-03,안산선,고잔,7607,7130,14737
2022-02-03,안산선,대야미,4193,3845,8038
2022-02-03,안산선,반월,3649,3579,7228
2022-02-03,안산선,산본,13934,14896,28830
2022-02-03,안산선,상록수,13458,13720,27178
2022-02-03,안산선,수리산,3640,3024,6664
2022-02-03,안산선,신길온천,1456,1313,2769
2022-02-03,안산선,안산,10250,9297,19547
2022-02-03,안산선,오이도,6897,6748,13645
2022-02-03,안산선,정왕,6552,7074,13626
2022-02-03,안산선,중앙,15568,15852,31420
2022-02-03,안산선,초지,3809,3852,7661
2022-02-03,안산선,한대앞,7330,7229,14559
2022-02-03,우이신설선,4.19민주묘지,2443,2368,4811
2022-02-03,우이신설선,가오리,3759,3743,7502
2022-02-03,우이신설선,보문,1300,1393,2693
2022-02-03,우이신설선,북한산보국문,5151,5207,10358
2022-02-03,우이신설선,북한산우이,2650,2484,5134
2022-02-03,우이신설선,삼양,1735,1907,3642
2022-02-03,우이신설선,삼양사거리,2235,2250,4485
2022-02-03,우이신설선,성신여대입구,2950,3276,6226
2022-02-03,우이신설선,솔밭공원,2180,2154,4334
2022-02-03,우이신설선,솔샘,5204,5093,10297
2022-02-03,우이신설선,신설동,1880,1813,3693
2022-02-03,우이신설선,정릉,4063,3836,7899
2022-02-03,우이신설선,화계,3156,3014,6170
2022-02-03,일산선,대곡,1673,1348,3021
2022-02-03,일산선,대화,11389,9039,20428
2022-02-03,일산선,마두,6759,6891,13650
2022-02-03,일산선,백석,8864,8860,17724
2022-02-03,일산선,삼송,17202,17086,34288
2022-02-03,일산선,원당,9744,9125,18869
2022-02-03,일산선,원흥,9232,8970,18202
2022-02-03,일산선,정발산,6622,6604,13226
2022-02-03,일산선,주엽,7972,8037,16009
2022-02-03,일산선,화정,15398,15821,31219
2022-02-03,장항선,배방,786,846,1632
2022-02-03,장항선,봉명,1015,1065,2080
2022-02-03,장항선,신창,736,859,1595
2022-02-03,장항선,쌍용,1424,1366,2790
2022-02-03,장항선,아산,2853,2022,4875
2022-02-03,장항선,온양온천,3040,3012,6052
2022-02-03,장항선,탕정,377,371,748
2022-02-03,중앙선,구리,11721,11947,23668
2022-02-03,중앙선,국수,535,514,1049
2022-02-03,중앙선,덕소,4965,4776,9741
2022-02-03,중앙선,도농,9035,8303,17338
2022-02-03,중앙선,도심,1946,1555,3501
2022-02-03,중앙선,망우,6703,6678,13381
2022-02-03,중앙선,상봉,5177,5155,10332
2022-02-03,중앙선,신원,142,118,260
2022-02-03,중앙선,아신,420,411,831
2022-02-03,중앙선,양수,1405,1448,2853
2022-02-03,중앙선,양원,1873,1892,3765
2022-02-03,중앙선,양정,609,498,1107
2022-02-03,중앙선,양평,2516,2382,4898
2022-02-03,중앙선,오빈,229,222,451
2022-02-03,중앙선,용문,1331,1365,2696
2022-02-03,중앙선,운길산,527,479,1006
2022-02-03,중앙선,원덕,274,261,535
2022-02-03,중앙선,중랑,4919,4776,9695
2022-02-03,중앙선,지평,61,48,109
2022-02-03,중앙선,팔당,717,705,1422
2022-02-03,중앙선,회기,19306,19881,39187
2022-02-04,1호선,동대문,9723,8884,18607
2022-02-04,1호선,동묘앞,6658,7054,13712
2022-02-04,1호선,서울역,39412,35770,75182
2022-02-04,1호선,시청,19724,19912,39636
2022-02-04,1호선,신설동,12654,12366,25020
2022-02-04,1호선,제기동,14132,14326,28458
2022-02-04,1호선,종각,30369,29494,59863
2022-02-04,1호선,종로3가,23615,22179,45794
2022-02-04,1호선,종로5가,21502,21115,42617
2022-02-04,1호선,청량리,16692,16750,33442
2022-02-04,2호선,강남,83260,81092,164352
2022-02-04,2호선,강변,27762,26415,54177
2022-02-04,2호선,건대입구,31745,34371,66116
2022-02-04,2호선,교대,31675,35537,67212
2022-02-04,2호선,구로디지털단지,54993,55304,110297
2022-02-04,2호선,구의,22021,21961,43982
2022-02-04,2호선,낙성대,24940,24384,49324
2022-02-04,2호선,당산,16844,19254,36098
2022-02-04,2호선,대림,21771,22482,44253
2022-02-04,2호선,도림천,1341,1389,2730
2022-02-04,2호선,동대문역사문화공원,10432,11615,22047
2022-02-04,2호선,뚝섬,20561,22025,42586
2022-02-04,2호선,문래,19784,20176,39960
2022-02-04,2호선,방배,15194,15714,30908
2022-02-04,2호선,봉천,21852,20923,42775
2022-02-04,2호선,사당,33218,36066,69284
2022-02-04,2호선,삼성,46205,46139,92344
2022-02-04,2호선,상왕십리,13402,13162,26564
2022-02-04,2호선,서울대입구,44177,43835,88012
2022-02-04,2호선,서초,19583,19098,38681
2022-02-04,2호선,선릉,51134,45096,96230
2022-02-04,2호선,성수,35319,37779,73098
2022-02-04,2호선,시청,21835,20882,42717
2022-02-04,2호선,신답,1539,1780,3319
2022-02-04,2호선,신당,12748,13305,26053
2022-02-04,2호선,신대방,24256,23912,48168
2022-02-04,2호선,신도림,44235,43958,88193
2022-02-04,2호선,신림,58841,58500,117341
2022-02-04,2호선,신설동,3179,3283,6462
2022-02-04,2호선,신정네거리,9489,9906,19395
2022-02-04,2호선,신촌,30761,31312,62073
2022-02-04,2호선,아현,9489,9248,18737
2022-02-04,2호선,양천구청,6369,6713,13082
2022-02-04,2호선,역삼,48072,52726,100798
2022-02-04,2호선,영등포구청,21268,21561,42829
2022-02-04,2호선,왕십리,14560,12378,26938
2022-02-04,2호선,용답,2469,2513,4982
2022-02-04,2호선,용두,2145,2177,4322
2022-02-04,2호선,을지로3가,20221,20000,40221
2022-02-04,2호선,을지로4가,11310,11256,22566
2022-02-04,2호선,을지로입구,35344,35972,71316
2022-02-04,2호선,이대,11624,12420,24044
2022-02-04,2호선,잠실,62610,61353,123963
2022-02-04,2호선,잠실나루,13475,12849,26324
2022-02-04,2호선,잠실새내,20233,20196,40429
2022-02-04,2호선,종합운동장,6565,7178,13743
2022-02-04,2호선,충정로,9050,9617,18667
2022-02-04,2호선,한양대,6193,6325,12518
2022-02-04,2호선,합정,29174,30537,59711
2022-02-04,2호선,홍대입구,51236,52727,103963
2022-02-04,3호선,가락시장,8258,7878,16136
2022-02-04,3호선,경복궁,18216,17429,35645
2022-02-04,3호선,경찰병원,6873,6811,13684
2022-02-04,3호선,고속터미널,39289,37132,76421
2022-02-04,3호선,교대,12991,8512,21503
2022-02-04,3호선,구파발,19529,18409,37938
2022-02-04,3호선,금호,7524,7000,14524
2022-02-04,3호선,남부터미널,27821,27898,55719
2022-02-04,3호선,녹번,14270,12992,27262
2022-02-04,3호선,대청,9599,8912,18511
2022-02-04,3호선,대치,10790,11085,21875
2022-02-04,3호선,도곡,4930,5008,9938
2022-02-04,3호선,독립문,6586,6630,13216
2022-02-04,3호선,동대입구,7702,7994,15696
2022-02-04,3호선,매봉,11757,11186,22943
2022-02-04,3호선,무악재,3630,3661,7291
2022-02-04,3호선,불광,15136,16122,31258
2022-02-04,3호선,수서,16172,15575,31747
2022-02-04,3호선,신사,31276,32381,63657
2022-02-04,3호선,안국,15908,16544,32452
2022-02-04,3호선,압구정,32599,34646,67245
2022-02-04,3호선,약수,12107,11625,23732
2022-02-04,3호선,양재,36636,38968,75604
2022-02-04,3호선,연신내,33915,32648,66563
2022-02-04,3호선,오금,5697,5039,10736
2022-02-04,3호선,옥수,8213,8577,16790
2022-02-04,3호선,을지로3가,9722,9876,19598
2022-02-04,3호선,일원,9226,8901,18127
2022-02-04,3호선,잠원,4274,4223,8497
2022-02-04,3호선,종로3가,9906,11381,21287
2022-02-04,3호선,지축,4086,3894,7980
2022-02-04,3호선,학여울,1628,1655,3283
2022-02-04,3호선,홍제,16079,15623,31702
2022-02-04,4호선,길음,18434,18594,37028
2022-02-04,4호선,남태령,1073,980,2053
2022-02-04,4호선,노원,17625,19917,37542
2022-02-04,4호선,당고개,12085,11068,23153
2022-02-04,4호선,동대문,17817,18388,36205
2022-02-04,4호선,동대문역사문화공원,13522,12509,26031
2022-02-04,4호선,동작,1219,1357,2576
2022-02-04,4호선,명동,15660,16385,32045
2022-02-04,4호선,미아,13598,13446,27044
2022-02-04,4호선,미아사거리,25956,25355,51311
2022-02-04,4호선,사당,22607,18592,41199
2022-02-04,4호선,삼각지,4533,5023,9556
2022-02-04,4호선,상계,17248,16177,33425
2022-02-04,4호선,서울역,9371,13533,22904
2022-02-04,4호선,성신여대입구,18724,18445,37169
2022-02-04,4호선,수유,32001,32654,64655
2022-02-04,4호선,숙대입구,11744,11541,23285
2022-02-04,4호선,신용산,15292,15589,30881
2022-02-04,4호선,쌍문,27554,25647,53201
2022-02-04,4호선,이촌,6973,7621,14594
2022-02-04,4호선,창동,23589,25128,48717
2022-02-04,4호선,총신대입구,17472,18965,36437
2022-02-04,4호선,충무로,23847,24504,48351
2022-02-04,4호선,한성대입구,12549,12708,25257
2022-02-04,4호선,혜화,28568,28197,56765
2022-02-04,4호선,회현,21611,22641,44252
2022-02-04,5호선,강동,17512,16786,34298
2022-02-04,5호선,강일,3708,3536,7244
2022-02-04,5호선,개롱,6009,6221,12230
2022-02-04,5호선,개화산,5172,5015,10187
2022-02-04,5호선,거여,8740,8338,17078
2022-02-04,5호선,고덕,8949,8894,17843
2022-02-04,5호선,공덕,12447,13411,25858
2022-02-04,5호선,광나루,12088,10909,22997
2022-02-04,5호선,광화문,26588,27418,54006
2022-02-04,5호선,군자,10621,11744,22365
2022-02-04,5호선,굽은다리,9025,8553,17578
2022-02-04,5호선,길동,7717,8329,16046
2022-02-04,5호선,김포공항,7462,6617,14079
2022-02-04,5호선,까치산,27013,26324,53337
2022-02-04,5호선,답십리,15239,14002,29241
2022-02-04,5호선,동대문역사문화공원,2687,3071,5758
2022-02-04,5호선,둔촌동,7821,7998,15819
2022-02-04,5호선,마곡,9987,9742,19729
2022-02-04,5호선,마장,5123,4799,9922
2022-02-04,5호선,마천,6414,6328,12742
2022-02-04,5호선,마포,13266,13783,27049
2022-02-04,5호선,명일,8245,8564,16809
2022-02-04,5호선,목동,15683,16997,32680
2022-02-04,5호선,미사,14631,14854,29485
2022-02-04,5호선,발산,18262,18788,37050
2022-02-04,5호선,방이,6724,7024,13748
2022-02-04,5호선,방화,6130,5947,12077
2022-02-04,5호선,상일동,14305,13379,27684
2022-02-04,5호선,서대문,18034,18055,36089
2022-02-04,5호선,송정,6076,5846,11922
2022-02-04,5호선,신금호,6077,6342,12419
2022-02-04,5호선,신길,3774,4258,8032
2022-02-04,5호선,신정,12814,10543,23357
2022-02-04,5호선,아차산,13568,13244,26812
2022-02-04,5호선,애오개,6332,6526,12858
2022-02-04,5호선,양평,7160,7091,14251
2022-02-04,5호선,여의나루,6781,7992,14773
2022-02-04,5호선,여의도,26911,27701,54612
2022-02-04,5호선,영등포구청,3684,3705,7389
2022-02-04,5호선,영등포시장,9633,9886,19519
2022-02-04,5호선,오금,3376,3340,6716
2022-02-04,5호선,오목교,20782,22298,43080
2022-02-04,5호선,올림픽공원,3861,3299,7160
2022-02-04,5호선,왕십리,4370,4904,9274
2022-02-04,5호선,우장산,13179,13126,26305
2022-02-04,5호선,을지로4가,5429,5561,10990
2022-02-04,5호선,장한평,18017,18158,36175
2022-02-04,5호선,종로3가,11420,11316,22736
2022-02-04,5호선,천호,17122,16896,34018
2022-02-04,5호선,청구,3840,3459,7299
2022-02-04,5호선,충정로,4306,4379,8685
2022-02-04,5호선,하남검단산,5070,4930,10000
2022-02-04,5호선,하남시청,6104,5984,12088
2022-02-04,5호선,하남풍산,3914,3946,7860
2022-02-04,5호선,행당,7670,6861,14531
2022-02-04,5호선,화곡,26675,25222,51897
2022-02-04,6호선,고려대,7068,7058,14126
2022-02-04,6호선,공덕,16849,16136,32985
2022-02-04,6호선,광흥창,8227,8153,16380
2022-02-04,6호선,구산,7190,5592,12782
2022-02-04,6호선,녹사평,4231,4288,8519
2022-02-04,6호선,대흥,7391,7638,15029
2022-02-04,6호선,독바위,2529,2652,5181
2022-02-04,6호선,돌곶이,8680,8181,16861
2022-02-04,6호선,동묘앞,7214,7438,14652
2022-02-04,6호선,디지털미디어시티,12331,13606,25937
2022-02-04,6호선,마포구청,13331,12495,25826
2022-02-04,6호선,망원,13603,14671,28274
2022-02-04,6호선,버티고개,1881,1930,3811
2022-02-04,6호선,보문,7083,6543,13626
2022-02-04,6호선,봉화산,8384,7892,16276
2022-02-04,6호선,불광,3989,3869,7858
2022-02-04,6호선,삼각지,5692,5097,10789
2022-02-04,6호선,상수,8147,8913,17060
2022-02-04,6호선,상월곡,5642,5047,10689
2022-02-04,6호선,새절,11780,11185,22965
2022-02-04,6호선,석계,11391,11882,23273
2022-02-04,6호선,신당,7366,7729,15095
2022-02-04,6호선,안암,8725,8731,17456
2022-02-04,6호선,약수,3457,3492,6949
2022-02-04,6호선,역촌,3690,4351,8041
2022-02-04,6호선,월곡,10686,10630,21316
2022-02-04,6호선,월드컵경기장,3409,3442,6851
2022-02-04,6호선,응암,16329,16419,32748
2022-02-04,6호선,이태원,8915,9476,18391
2022-02-04,6호선,증산,9270,9350,18620
2022-02-04,6호선,창신,3110,2535,5645
2022-02-04,6호선,청구,3492,3766,7258
2022-02-04,6호선,태릉입구,4971,5545,10516
2022-02-04,6호선,한강진,8192,9186,17378
2022-02-04,6호선,합정,12742,12106,24848
2022-02-04,6호선,화랑대,10722,8466,19188
2022-02-04,6호선,효창공원앞,6350,5887,12237
2022-02-04,7호선,가산디지털단지,41891,41740,83631
2022-02-04,7호선,강남구청,15698,17207,32905
2022-02-04,7호선,건대입구,11397,11792,23189
2022-02-04,7호선,고속터미널,15470,12244,27714
2022-02-04,7호선,공릉,10790,10975,21765
2022-02-04,7호선,광명사거리,20749,20435,41184
2022-02-04,7호선,군자,14063,11586,25649
2022-02-04,7호선,굴포천,1,0,1
2022-02-04,7호선,남구로,15147,15892,31039
2022-02-04,7호선,남성,10142,9532,19674
2022-02-04,7호선,내방,13839,14197,28036
2022-02-04,7호선,노원,19726,20134,39860
2022-02-04,7호선,논현,19511,21504,41015
2022-02-04,7호선,대림,7374,7430,14804
2022-02-04,7호선,도봉산,8499,9374,17873
2022-02-04,7호선,뚝섬유원지,6566,6442,13008
2022-02-04,7호선,마들,12322,11859,24181
2022-02-04,7호선,먹골,9717,9511,19228
2022-02-04,7호선,면목,14270,14234,28504
2022-02-04,7호선,반포,5449,5162,10611
2022-02-04,7호선,보라매,9076,9112,18188
2022-02-04,7호선,부천시청,1,0,1
2022-02-04,7호선,부천종합운동장,2,0,2
2022-02-04,7호선,사가정,15295,15246,30541
2022-02-04,7호선,상도,9881,9791,19672
2022-02-04,7호선,상봉,15986,15169,31155
2022-02-04,7호선,수락산,11605,11634,23239
2022-02-04,7호선,숭실대입구,10493,10742,21235
2022-02-04,7호선,신대방삼거리,15227,14773,30000
2022-02-04,7호선,신풍,10562,10263,20825
2022-02-04,7호선,어린이대공원,11119,11283,22402
2022-02-04,7호선,온수,9424,8736,18160
2022-02-04,7호선,용마산,5671,5496,11167
2022-02-04,7호선,이수,15003,14745,29748
2022-02-04,7호선,장승배기,8800,8556,17356
2022-02-04,7호선,장암,2000,746,2746
2022-02-04,7호선,중계,13076,11855,24931
2022-02-04,7호선,중곡,10156,9715,19871
2022-02-04,7호선,중화,10435,10050,20485
2022-02-04,7호선,천왕,10568,9998,20566
2022-02-04,7호선,철산,19343,19954,39297
2022-02-04,7호선,청담,17938,20188,38126
2022-02-04,7호선,태릉입구,7782,7368,15150
2022-02-04,7호선,하계,16166,15388,31554
2022-02-04,7호선,학동,22905,24113,47018
2022-02-04,8호선,가락시장,7070,7760,14830
2022-02-04,8호선,강동구청,10152,10562,20714
2022-02-04,8호선,남위례,3654,3882,7536
2022-02-04,8호선,남한산성입구,12674,11737,24411
2022-02-04,8호선,단대오거리,10270,9725,19995
2022-02-04,8호선,모란,4986,3809,8795
2022-02-04,8호선,몽촌토성,5488,5522,11010
2022-02-04,8호선,문정,19692,20730,40422
2022-02-04,8호선,복정,8654,7306,15960
2022-02-04,8호선,산성,4852,4828,9680
2022-02-04,8호선,석촌,7629,8678,16307
2022-02-04,8호선,송파,7032,7270,14302
2022-02-04,8호선,수진,4993,4624,9617
2022-02-04,8호선,신흥,4066,4614,8680
2022-02-04,8호선,암사,17765,15964,33729
2022-02-04,8호선,잠실,13618,15740,29358
2022-02-04,8호선,장지,16003,15574,31577
2022-02-04,8호선,천호,13974,16329,30303
2022-02-04,9호선,가양,18805,18445,37250
2022-02-04,9호선,개화,2262,1596,3858
2022-02-04,9호선,고속터미널,11116,14306,25422
2022-02-04,9호선,공항시장,2758,3045,5803
2022-02-04,9호선,구반포,1257,1377,2634
2022-02-04,9호선,국회의사당,15332,15236,30568
2022-02-04,9호선,김포공항,7529,11106,18635
2022-02-04,9호선,노들,4101,3529,7630
2022-02-04,9호선,노량진,24027,23467,47494
2022-02-04,9호선,당산,16799,17050,33849
2022-02-04,9호선,동작,1896,1495,3391
2022-02-04,9호선,등촌,10562,10604,21166
2022-02-04,9호선,마곡나루,10676,10425,21101
2022-02-04,9호선,사평,3354,3259,6613
2022-02-04,9호선,샛강,5436,5761,11197
2022-02-04,9호선,선유도,7944,7720,15664
2022-02-04,9호선,신논현,31320,31194,62514
2022-02-04,9호선,신목동,3631,3251,6882
2022-02-04,9호선,신반포,2718,2691,5409
2022-02-04,9호선,신방화,6412,6324,12736
2022-02-04,9호선,양천향교,8876,9230,18106
2022-02-04,9호선,여의도,25193,23682,48875
2022-02-04,9호선,염창,15849,15365,31214
2022-02-04,9호선,증미,6882,6868,13750
2022-02-04,9호선,흑석,7102,7498,14600
2022-02-04,9호선2~3단계,둔촌오륜,933,842,1775
2022-02-04,9호선2~3단계,봉은사,14966,15090,30056
2022-02-04,9호선2~3단계,삼성중앙,6643,6925,13568
2022-02-04,9호선2~3단계,삼전,6548,6459,13007
2022-02-04,9호선2~3단계,석촌,7834,7014,14848
2022-02-04,9호선2~3단계,석촌고분,5830,5752,11582
2022-02-04,9호선2~3단계,선정릉,8720,9456,18176
2022-02-04,9호선2~3단계,송파나루,4769,5188,9957
2022-02-04,9호선2~3단계,언주,10263,10403,20666
2022-02-04,9호선2~3단계,올림픽공원,5230,5121,10351
2022-02-04,9호선2~3단계,종합운동장,3926,3969,7895
2022-02-04,9호선2~3단계,중앙보훈병원,9621,8564,18185
2022-02-04,9호선2~3단계,한성백제,2295,2146,4441
2022-02-04,경강선,경기광주,7114,6781,13895
2022-02-04,경강선,곤지암,2097,1949,4046
2022-02-04,경강선,부발,2179,1715,3894
2022-02-04,경강선,삼동,2150,2054,4204
2022-02-04,경강선,세종대왕릉,233,224,457
2022-02-04,경강선,신둔도예촌,1317,1198,2515
2022-02-04,경강선,여주,1785,1862,3647
2022-02-04,경강선,이매,953,860,1813
2022-02-04,경강선,이천,2510,2511,5021
2022-02-04,경강선,초월,2804,2730,5534
2022-02-04,경강선,판교,4209,4246,8455
2022-02-04,경부선,가산디지털단지,16046,18894,34940
2022-02-04,경부선,관악,6545,6183,12728
2022-02-04,경부선,광명,3052,2630,5682
2022-02-04,경부선,구로,17025,17331,34356
2022-02-04,경부선,군포,7201,7191,14392
2022-02-04,경부선,금정,23194,23676,46870
2022-02-04,경부선,금천구청,10720,10943,21663
2022-02-04,경부선,남영,8223,8647,16870
2022-02-04,경부선,노량진,7365,7332,14697
2022-02-04,경부선,당정,5487,5287,10774
2022-02-04,경부선,대방,11233,11705,22938
2022-02-04,경부선,독산,17202,17854,35056
2022-02-04,경부선,두정,4217,4250,8467
2022-02-04,경부선,명학,7917,7655,15572
2022-02-04,경부선,병점,12560,12437,24997
2022-02-04,경부선,서동탄,1222,1104,2326
2022-02-04,경부선,서울역,6167,1810,7977
2022-02-04,경부선,서정리,6047,5387,11434
2022-02-04,경부선,석수,8695,7708,16403
2022-02-04,경부선,성균관대,12032,12110,24142
2022-02-04,경부선,성환,2670,2543,5213
2022-02-04,경부선,세류,2721,2504,5225
2022-02-04,경부선,세마,2489,2340,4829
2022-02-04,경부선,송탄,3719,3589,7308
2022-02-04,경부선,수원,30621,32114,62735
2022-02-04,경부선,신길,7812,6639,14451
2022-02-04,경부선,신도림,3688,3539,7227
2022-02-04,경부선,안양,19068,19226,38294
2022-02-04,경부선,영등포,35520,36261,71781
2022-02-04,경부선,오산,8410,8341,16751
2022-02-04,경부선,오산대,2905,2755,5660
2022-02-04,경부선,용산,31730,30393,62123
2022-02-04,경부선,의왕,7959,7966,15925
2022-02-04,경부선,직산,713,647,1360
2022-02-04,경부선,진위,1483,1238,2721
2022-02-04,경부선,천안,4329,4545,8874
2022-02-04,경부선,평택,10150,9801,19951
2022-02-04,경부선,평택지제,3005,2744,5749
2022-02-04,경부선,화서,6827,6692,13519
2022-02-04,경원선,가능,5895,5708,11603
2022-02-04,경원선,광운대,6648,6504,13152
2022-02-04,경원선,녹양,4171,3894,8065
2022-02-04,경원선,녹천,4257,3632,7889
2022-02-04,경원선,덕계,2673,2427,5100
2022-02-04,경원선,덕정,4658,4586,9244
2022-02-04,경원선,도봉,5556,5440,10996
2022-02-04,경원선,도봉산,6279,4137,10416
2022-02-04,경원선,동두천,1831,2000,3831
2022-02-04,경원선,동두천중앙,2842,2815,5657
2022-02-04,경원선,망월사,6779,6923,13702
2022-02-04,경원선,방학,8941,8709,17650
2022-02-04,경원선,보산,1214,1122,2336
2022-02-04,경원선,서빙고,1861,1682,3543
2022-02-04,경원선,석계,7311,8289,15600
2022-02-04,경원선,소요산,2160,1835,3995
2022-02-04,경원선,신이문,7822,7286,15108
2022-02-04,경원선,양주,6797,6454,13251
2022-02-04,경원선,옥수,42,32,74
2022-02-04,경원선,왕십리,12461,14208,26669
2022-02-04,경원선,외대앞,6365,6532,12897
2022-02-04,경원선,월계,5625,5388,11013
2022-02-04,경원선,응봉,1618,1426,3044
2022-02-04,경원선,의정부,17111,17852,34963
2022-02-04,경원선,이촌,3473,2729,6202
2022-02-04,경원선,지행,5680,5632,11312
2022-02-04,경원선,청량리,14097,14174,28271
2022-02-04,경원선,한남,3759,3521,7280
2022-02-04,경원선,회룡,11513,11292,22805
2022-02-04,경의선,가좌,4806,4639,9445
2022-02-04,경의선,강매,2837,2511,5348
2022-02-04,경의선,계양,1,0,1
2022-02-04,경의선,곡산,517,512,1029
2022-02-04,경의선,공덕,3346,2915,6261
2022-02-04,경의선,금릉,4211,4087,8298
2022-02-04,경의선,금촌,5822,5797,11619
2022-02-04,경의선,능곡,3322,3087,6409
2022-02-04,경의선,디지털미디어시티,2227,2098,4325
2022-02-04,경의선,문산,4657,4534,9191
2022-02-04,경의선,백마,6046,5844,11890
2022-02-04,경의선,서강대,1903,1957,3860
2022-02-04,경의선,서울역,3680,4659,8339
2022-02-04,경의선,수색,2499,2463,4962
2022-02-04,경의선,신촌,739,952,1691
2022-02-04,경의선,야당,6669,6518,13187
2022-02-04,경의선,운정,6197,5904,12101
2022-02-04,경의선,월롱,1720,1644,3364
2022-02-04,경의선,일산,8227,8066,16293
2022-02-04,경의선,임진강,3,13,16
2022-02-04,경의선,탄현,6958,6876,13834
2022-02-04,경의선,파주,922,687,1609
2022-02-04,경의선,풍산,4948,4734,9682
2022-02-04,경의선,행신,7179,7167,14346
2022-02-04,경의선,홍대입구,1537,1887,3424
2022-02-04,경의선,화전,1368,1222,2590
2022-02-04,경의선,효창공원앞,2744,3149,5893
2022-02-04,경인선,간석,5356,5106,10462
2022-02-04,경인선,개봉,19547,19750,39297
2022-02-04,경인선,구일,5537,5582,11119
2022-02-04,경인선,도원,2234,2333,4567
2022-02-04,경인선,도화,3795,3503,7298
2022-02-04,경인선,동암,13166,13496,26662
2022-02-04,경인선,동인천,12555,11811,24366
2022-02-04,경인선,백운,6116,6037,12153
2022-02-04,경인선,부개,7803,7328,15131
2022-02-04,경인선,부천,29739,30191,59930
2022-02-04,경인선,부평,28003,29762,57765
2022-02-04,경인선,소사,7840,7558,15398
2022-02-04,경인선,송내,24181,24189,48370
2022-02-04,경인선,역곡,24572,24531,49103
2022-02-04,경인선,오류동,10809,10264,21073
2022-02-04,경인선,온수,6000,5797,11797
2022-02-04,경인선,인천,2784,2204,4988
2022-02-04,경인선,제물포,9347,9015,18362
2022-02-04,경인선,주안,16827,15369,32196
2022-02-04,경인선,중동,8514,8036,16550
2022-02-04,경춘선,가평,1380,1404,2784
2022-02-04,경춘선,갈매,2713,2461,5174
2022-02-04,경춘선,강촌,267,259,526
2022-02-04,경춘선,굴봉산,135,146,281
2022-02-04,경춘선,금곡,1311,1212,2523
2022-02-04,경춘선,김유정,212,252,464
2022-02-04,경춘선,남춘천,1908,1937,3845
2022-02-04,경춘선,대성리,400,364,764
2022-02-04,경춘선,마석,3288,3233,6521
2022-02-04,경춘선,백양리,275,263,538
2022-02-04,경춘선,별내,3110,2927,6037
2022-02-04,경춘선,사릉,2862,2738,5600
2022-02-04,경춘선,상천,182,172,354
2022-02-04,경춘선,신내,1836,1690,3526
2022-02-04,경춘선,천마산,1503,1411,2914
2022-02-04,경춘선,청평,1393,1322,2715
2022-02-04,경춘선,춘천,918,936,1854
2022-02-04,경춘선,퇴계원,3227,2980,6207
2022-02-04,경춘선,평내호평,5421,5250,10671
2022-02-04,공항철도,검암,6087,5928,12015
2022-02-04,공항철도,계양,9088,8584,17672
2022-02-04,공항철도,공덕,2053,2834,4887
2022-02-04,공항철도,공항화물청사,2321,2432,4753
2022-02-04,공항철도,김포공항,13535,5973,19508
2022-02-04,공항철도,디지털미디어시티,12286,11116,23402
2022-02-04,공항철도,마곡나루,6003,6093,12096
2022-02-04,공항철도,서울역,7211,6188,13399
2022-02-04,공항철도,영종,2719,2788,5507
2022-02-04,공항철도,운서,5987,6146,12133
2022-02-04,공항철도,인천공항1터미널,3213,3483,6696
2022-02-04,공항철도,인천공항2터미널,1869,1856,3725
2022-02-04,공항철도,청라국제도시,6072,5753,11825
2022-02-04,공항철도,홍대입구,9131,10008,19139
2022-02-04,과천선,경마공원,1065,1074,2139
2022-02-04,과천선,과천,5705,5409,11114
2022-02-04,과천선,대공원,2037,2110,4147
2022-02-04,과천선,범계,24015,23628,47643
2022-02-04,과천선,선바위,6987,6332,13319
2022-02-04,과천선,인덕원,21674,22702,44376
2022-02-04,과천선,정부과천청사,9466,9488,18954
2022-02-04,과천선,평촌,16057,15836,31893
2022-02-04,분당선,가천대,5892,6685,12577
2022-02-04,분당선,강남구청,10170,11368,21538
2022-02-04,분당선,개포동,3577,3792,7369
2022-02-04,분당선,구룡,1476,1457,2933
2022-02-04,분당선,구성,4471,4689,9160
2022-02-04,분당선,기흥,8617,8306,16923
2022-02-04,분당선,대모산입구,4240,3986,8226
2022-02-04,분당선,도곡,6562,6440,13002
2022-02-04,분당선,망포,13095,12457,25552
2022-02-04,분당선,매교,2378,2465,4843
2022-02-04,분당선,매탄권선,4454,4327,8781
2022-02-04,분당선,모란,21382,21894,43276
2022-02-04,분당선,미금,14753,15781,30534
2022-02-04,분당선,보정,2178,1915,4093
2022-02-04,분당선,상갈,4929,4689,9618
2022-02-04,분당선,서울숲,9418,9597,19015
2022-02-04,분당선,서현,24335,24521,48856
2022-02-04,분당선,선릉,12473,18610,31083
2022-02-04,분당선,선정릉,7489,7793,15282
2022-02-04,분당선,수내,12531,12426,24957
2022-02-04,분당선,수서,13375,13172,26547
2022-02-04,분당선,수원,7477,6309,13786
2022-02-04,분당선,수원시청,12283,13210,25493
2022-02-04,분당선,신갈,4154,4113,8267
2022-02-04,분당선,압구정로데오,19621,21385,41006
2022-02-04,분당선,야탑,24643,25652,50295
2022-02-04,분당선,영통,7531,7602,15133
2022-02-04,분당선,오리,11028,8997,20025
2022-02-04,분당선,이매,5221,5081,10302
2022-02-04,분당선,정자,15820,16760,32580
2022-02-04,분당선,죽전,11962,13059,25021
2022-02-04,분당선,청명,3767,3736,7503
2022-02-04,분당선,태평,12951,12592,25543
2022-02-04,분당선,한티,14130,15295,29425
2022-02-04,수인선,고색,4205,3866,8071
2022-02-04,수인선,남동인더스파크,2123,2322,4445
2022-02-04,수인선,달월,98,54,152
2022-02-04,수인선,사리,4161,3657,7818
2022-02-04,수인선,소래포구,3867,3588,7455
2022-02-04,수인선,송도,2242,2100,4342
2022-02-04,수인선,숭의,3466,3295,6761
2022-02-04,수인선,신포,1551,1586,3137
2022-02-04,수인선,야목,281,207,488
2022-02-04,수인선,어천,700,645,1345
2022-02-04,수인선,연수,3951,4043,7994
2022-02-04,수인선,오목천,2480,2230,4710
2022-02-04,수인선,원인재,3987,4260,8247
2022-02-04,수인선,월곶,2260,2198,4458
2022-02-04,수인선,인천,896,1453,2349
2022-02-04,수인선,인천논현,4945,5242,10187
2022-02-04,수인선,인하대,4872,4636,9508
2022-02-04,수인선,호구포,3647,3788,7435
2022-02-04,안산선,고잔,7792,7376,15168
2022-02-04,안산선,대야미,4485,4040,8525
2022-02-04,안산선,반월,3889,3661,7550
2022-02-04,안산선,산본,14763,15899,30662
2022-02-04,안산선,상록수,13746,14402,28148
2022-02-04,안산선,수리산,3710,2971,6681
2022-02-04,안산선,신길온천,1459,1370,2829
2022-02-04,안산선,안산,10460,9617,20077
2022-02-04,안산선,오이도,7047,6948,13995
2022-02-04,안산선,정왕,6915,7235,14150
2022-02-04,안산선,중앙,15999,16593,32592
2022-02-04,안산선,초지,3944,4110,8054
2022-02-04,안산선,한대앞,7723,7802,15525
2022-02-04,우이신설선,4.19민주묘지,2548,2454,5002
2022-02-04,우이신설선,가오리,3865,3934,7799
2022-02-04,우이신설선,보문,1456,1514,2970
2022-02-04,우이신설선,북한산보국문,5593,5508,11101
2022-02-04,우이신설선,북한산우이,2999,2665,5664
2022-02-04,우이신설선,삼양,1841,2050,3891
2022-02-04,우이신설선,삼양사거리,2323,2347,4670
2022-02-04,우이신설선,성신여대입구,3214,3499,6713
2022-02-04,우이신설선,솔밭공원,2320,2210,4530
2022-02-04,우이신설선,솔샘,5462,5136,10598
2022-02-04,우이신설선,신설동,2101,1989,4090
2022-02-04,우이신설선,정릉,4345,4242,8587
2022-02-04,우이신설선,화계,3250,2988,6238
2022-02-04,일산선,대곡,1727,1306,3033
2022-02-04,일산선,대화,11386,9178,20564
2022-02-04,일산선,마두,7008,7196,14204
2022-02-04,일산선,백석,9143,9309,18452
2022-02-04,일산선,삼송,17878,17626,35504
2022-02-04,일산선,원당,10153,9538,19691
2022-02-04,일산선,원흥,9650,9179,18829
2022-02-04,일산선,정발산,6711,6752,13463
2022-02-04,일산선,주엽,8263,8238,16501
2022-02-04,일산선,화정,15637,16379,32016
2022-02-04,장항선,배방,912,836,1748
2022-02-04,장항선,봉명,1014,1013,2027
2022-02-04,장항선,신창,878,794,1672
2022-02-04,장항선,쌍용,1513,1439,2952
2022-02-04,장항선,아산,2482,2260,4742
2022-02-04,장항선,온양온천,3304,3319,6623
2022-02-04,장항선,탕정,423,385,808
2022-02-04,중앙선,구리,12223,12521,24744
2022-02-04,중앙선,국수,503,513,1016
2022-02-04,중앙선,덕소,5037,5093,10130
2022-02-04,중앙선,도농,9296,8552,17848
2022-02-04,중앙선,도심,2108,1609,3717
2022-02-04,중앙선,망우,6936,6965,13901
2022-02-04,중앙선,상봉,5319,5289,10608
2022-02-04,중앙선,신원,139,147,286
2022-02-04,중앙선,아신,485,474,959
2022-02-04,중앙선,양수,1463,1435,2898
2022-02-04,중앙선,양원,1924,1926,3850
2022-02-04,중앙선,양정,627,557,1184
2022-02-04,중앙선,양평,2302,2357,4659
2022-02-04,중앙선,오빈,237,232,469
2022-02-04,중앙선,용문,1359,1417,2776
2022-02-04,중앙선,운길산,660,561,1221
2022-02-04,중앙선,원덕,296,268,564
2022-02-04,중앙선,중랑,5136,4973,10109
2022-02-04,중앙선,지평,55,68,123
2022-02-04,중앙선,팔당,775,824,1599
2022-02-04,중앙선,회기,20646,20779,41425
2022-02-07,1호선,동대문,9510,8983,18493
2022-02-07,1호선,동묘앞,6524,6950,13474
2022-02-07,1호선,서울역,37914,36091,74005
2022-02-07,1호선,시청,20241,20422,40663
2022-02-07,1호선,신설동,13051,12717,25768
2022-02-07,1호선,제기동,15013,15221,30234
2022-02-07,1호선,종각,32283,31701,63984
2022-02-07,1호선,종로3가,22857,21276,44133
2022-02-07,1호선,종로5가,20565,20554,41119
2022-02-07,1호선,청량리,17660,17491,35151
2022-02-07,2호선,강남,81821,80344,162165
2022-02-07,2호선,강변,26990,25850,52840
2022-02-07,2호선,건대입구,30733,32604,63337
2022-02-07,2호선,교대,32501,36133,68634
2022-02-07,2호선,구로디지털단지,57405,57874,115279
2022-02-07,2호선,구의,22240,22227,44467
2022-02-07,2호선,낙성대,24854,24708,49562
2022-02-07,2호선,당산,16877,19687,36564
2022-02-07,2호선,대림,22772,23157,45929
2022-02-07,2호선,도림천,1409,1492,2901
2022-02-07,2호선,동대문역사문화공원,10109,11295,21404
2022-02-07,2호선,뚝섬,20764,22217,42981
2022-02-07,2호선,문래,20490,20878,41368
2022-02-07,2호선,방배,15165,15764,30929
2022-02-07,2호선,봉천,22670,21555,44225
2022-02-07,2호선,사당,32360,35226,67586
2022-02-07,2호선,삼성,48612,48568,97180
2022-02-07,2호선,상왕십리,13535,13387,26922
2022-02-07,2호선,서울대입구,43383,43205,86588
2022-02-07,2호선,서초,20457,19972,40429
2022-02-07,2호선,선릉,56023,49520,105543
2022-02-07,2호선,성수,35966,38589,74555
2022-02-07,2호선,시청,22345,21664,44009
2022-02-07,2호선,신답,1567,1841,3408
2022-02-07,2호선,신당,12726,13072,25798
2022-02-07,2호선,신대방,24907,24300,49207
2022-02-07,2호선,신도림,43130,42062,85192
2022-02-07,2호선,신림,58784,57941,116725
2022-02-07,2호선,신설동,3148,3278,6426
2022-02-07,2호선,신정네거리,9514,9865,19379
2022-02-07,2호선,신촌,29123,29991,59114
2022-02-07,2호선,아현,9291,9038,18329
2022-02-07,2호선,양천구청,6468,6861,13329
2022-02-07,2호선,역삼,52405,57752,110157
2022-02-07,2호선,영등포구청,22170,22677,44847
2022-02-07,2호선,왕십리,14221,11701,25922
2022-02-07,2호선,용답,2439,2448,4887
2022-02-07,2호선,용두,2239,2351,4590
2022-02-07,2호선,을지로3가,20397,20454,40851
2022-02-07,2호선,을지로4가,12343,12152,24495
2022-02-07,2호선,을지로입구,35652,36191,71843
2022-02-07,2호선,이대,11668,12348,24016
2022-02-07,2호선,잠실,58794,58722,117516
2022-02-07,2호선,잠실나루,13490,13245,26735
2022-02-07,2호선,잠실새내,19607,19588,39195
2022-02-07,2호선,종합운동장,6720,7317,14037
2022-02-07,2호선,충정로,9379,9823,19202
2022-02-07,2호선,한양대,6498,6837,13335
2022-02-07,2호선,합정,27491,28114,55605
2022-02-07,2호선,홍대입구,45748,46300,92048
2022-02-07,3호선,가락시장,8264,8092,16356
2022-02-07,3호선,경복궁,16982,16345,33327
2022-02-07,3호선,경찰병원,7313,7369,14682
2022-02-07,3호선,고속터미널,34253,31743,65996
2022-02-07,3호선,교대,13393,8787,22180
2022-02-07,3호선,구파발,19329,18319,37648
2022-02-07,3호선,금호,7478,7199,14677
2022-02-07,3호선,남부터미널,26962,27431,54393
2022-02-07,3호선,녹번,14503,13292,27795
2022-02-07,3호선,대청,9825,9091,18916
2022-02-07,3호선,대치,10584,10912,21496
2022-02-07,3호선,도곡,5228,5337,10565
2022-02-07,3호선,독립문,6274,6421,12695
2022-02-07,3호선,동대입구,6309,6581,12890
2022-02-07,3호선,매봉,12089,11577,23666
2022-02-07,3호선,무악재,3654,3688,7342
2022-02-07,3호선,불광,15134,16047,31181
2022-02-07,3호선,수서,15598,16043,31641
2022-02-07,3호선,신사,30074,31343,61417
2022-02-07,3호선,안국,18274,18549,36823
2022-02-07,3호선,압구정,30480,32224,62704
2022-02-07,3호선,약수,12034,11801,23835
2022-02-07,3호선,양재,36779,39578,76357
2022-02-07,3호선,연신내,33902,32324,66226
2022-02-07,3호선,오금,5910,5362,11272
2022-02-07,3호선,옥수,8016,8472,16488
2022-02-07,3호선,을지로3가,9895,10056,19951
2022-02-07,3호선,일원,10003,9744,19747
2022-02-07,3호선,잠원,4324,4361,8685
2022-02-07,3호선,종로3가,9763,10827,20590
2022-02-07,3호선,지축,4203,4183,8386
2022-02-07,3호선,학여울,1636,1684,3320
2022-02-07,3호선,홍제,16132,15489,31621
2022-02-07,4호선,길음,18428,18354,36782
2022-02-07,4호선,남태령,990,899,1889
2022-02-07,4호선,노원,16959,18667,35626
2022-02-07,4호선,당고개,11845,10527,22372
2022-02-07,4호선,동대문,17953,18416,36369
2022-02-07,4호선,동대문역사문화공원,13443,12398,25841
2022-02-07,4호선,동작,1358,1524,2882
2022-02-07,4호선,명동,15712,15793,31505
2022-02-07,4호선,미아,14078,13868,27946
2022-02-07,4호선,미아사거리,25368,24656,50024
2022-02-07,4호선,사당,22020,17908,39928
2022-02-07,4호선,삼각지,4372,4786,9158
2022-02-07,4호선,상계,17394,16490,33884
2022-02-07,4호선,서울역,10287,13919,24206
2022-02-07,4호선,성신여대입구,17623,17168,34791
2022-02-07,4호선,수유,31162,31375,62537
2022-02-07,4호선,숙대입구,11361,11264,22625
2022-02-07,4호선,신용산,15017,15624,30641
2022-02-07,4호선,쌍문,27421,25592,53013
2022-02-07,4호선,이촌,6539,7378,13917
2022-02-07,4호선,창동,23468,24859,48327
2022-02-07,4호선,총신대입구,17189,18653,35842
2022-02-07,4호선,충무로,24197,24757,48954
2022-02-07,4호선,한성대입구,11704,11598,23302
2022-02-07,4호선,혜화,27430,27100,54530
2022-02-07,4호선,회현,21317,22355,43672
2022-02-07,5호선,강동,17775,17205,34980
2022-02-07,5호선,강일,3717,3746,7463
2022-02-07,5호선,개롱,6051,6394,12445
2022-02-07,5호선,개화산,5487,5296,10783
2022-02-07,5호선,거여,8957,8535,17492
2022-02-07,5호선,고덕,9185,9375,18560
2022-02-07,5호선,공덕,13428,13982,27410
2022-02-07,5호선,광나루,12184,11053,23237
2022-02-07,5호선,광화문,27551,28413,55964
2022-02-07,5호선,군자,10536,11459,21995
2022-02-07,5호선,굽은다리,9042,8531,17573
2022-02-07,5호선,길동,7622,8022,15644
2022-02-07,5호선,김포공항,6660,6379,13039
2022-02-07,5호선,까치산,27457,26765,54222
2022-02-07,5호선,답십리,15489,14292,29781
2022-02-07,5호선,동대문역사문화공원,2960,3386,6346
2022-02-07,5호선,둔촌동,8013,8146,16159
2022-02-07,5호선,마곡,10952,10576,21528
2022-02-07,5호선,마장,5264,4920,10184
2022-02-07,5호선,마천,6560,6504,13064
2022-02-07,5호선,마포,14037,14279,28316
2022-02-07,5호선,명일,8012,8470,16482
2022-02-07,5호선,목동,16068,17489,33557
2022-02-07,5호선,미사,14856,14652,29508
2022-02-07,5호선,발산,19524,19689,39213
2022-02-07,5호선,방이,6772,7172,13944
2022-02-07,5호선,방화,6237,5942,12179
2022-02-07,5호선,상일동,14644,13499,28143
2022-02-07,5호선,서대문,18596,19024,37620
2022-02-07,5호선,송정,6219,5840,12059
2022-02-07,5호선,신금호,6215,6510,12725
2022-02-07,5호선,신길,3936,4406,8342
2022-02-07,5호선,신정,13250,10881,24131
2022-02-07,5호선,아차산,13271,13072,26343
2022-02-07,5호선,애오개,6662,6693,13355
2022-02-07,5호선,양평,7407,7500,14907
2022-02-07,5호선,여의나루,8055,8939,16994
2022-02-07,5호선,여의도,27893,28840,56733
2022-02-07,5호선,영등포구청,3871,3885,7756
2022-02-07,5호선,영등포시장,9601,9883,19484
2022-02-07,5호선,오금,3518,3433,6951
2022-02-07,5호선,오목교,20476,21789,42265
2022-02-07,5호선,올림픽공원,3832,3301,7133
2022-02-07,5호선,왕십리,4241,4589,8830
2022-02-07,5호선,우장산,13536,13552,27088
2022-02-07,5호선,을지로4가,5878,5951,11829
2022-02-07,5호선,장한평,17852,17756,35608
2022-02-07,5호선,종로3가,10775,10673,21448
2022-02-07,5호선,천호,16293,16313,32606
2022-02-07,5호선,청구,3879,3430,7309
2022-02-07,5호선,충정로,4696,4720,9416
2022-02-07,5호선,하남검단산,4982,4847,9829
2022-02-07,5호선,하남시청,5924,5808,11732
2022-02-07,5호선,하남풍산,3999,4008,8007
2022-02-07,5호선,행당,7652,7130,14782
2022-02-07,5호선,화곡,27092,25515,52607
2022-02-07,6호선,고려대,7189,7041,14230
2022-02-07,6호선,공덕,17632,17004,34636
2022-02-07,6호선,광흥창,8621,8413,17034
2022-02-07,6호선,구산,7179,5476,12655
2022-02-07,6호선,녹사평,3871,3907,7778
2022-02-07,6호선,대흥,7536,7818,15354
2022-02-07,6호선,독바위,2514,2709,5223
2022-02-07,6호선,돌곶이,9036,8621,17657
2022-02-07,6호선,동묘앞,7215,7405,14620
2022-02-07,6호선,디지털미디어시티,13066,14258,27324
2022-02-07,6호선,마포구청,13691,12422,26113
2022-02-07,6호선,망원,12542,13531,26073
2022-02-07,6호선,버티고개,1876,1992,3868
2022-02-07,6호선,보문,6643,6236,12879
2022-02-07,6호선,봉화산,8581,7912,16493
2022-02-07,6호선,불광,3811,3876,7687
2022-02-07,6호선,삼각지,5325,4768,10093
2022-02-07,6호선,상수,7219,7822,15041
2022-02-07,6호선,상월곡,5743,5351,11094
2022-02-07,6호선,새절,11998,11448,23446
2022-02-07,6호선,석계,11338,11880,23218
2022-02-07,6호선,신당,7296,7811,15107
2022-02-07,6호선,안암,9168,9177,18345
2022-02-07,6호선,약수,3394,3452,6846
2022-02-07,6호선,역촌,3692,4387,8079
2022-02-07,6호선,연신내,1,0,1
2022-02-07,6호선,월곡,10847,10810,21657
2022-02-07,6호선,월드컵경기장,3556,3586,7142
2022-02-07,6호선,응암,16520,16648,33168
2022-02-07,6호선,이태원,7996,8040,16036
2022-02-07,6호선,증산,9377,9503,18880
2022-02-07,6호선,창신,3146,2582,5728
2022-02-07,6호선,청구,3517,3837,7354
2022-02-07,6호선,태릉입구,4988,5433,10421
2022-02-07,6호선,한강진,6159,6840,12999
2022-02-07,6호선,합정,11349,11216,22565
2022-02-07,6호선,화랑대,10989,8842,19831
2022-02-07,6호선,효창공원앞,6424,5847,12271
2022-02-07,7호선,가산디지털단지,46853,46662,93515
2022-02-07,7호선,강남구청,15761,17106,32867
2022-02-07,7호선,건대입구,11321,11666,22987
2022-02-07,7호선,고속터미널,14625,12138,26763
2022-02-07,7호선,공릉,10809,10890,21699
2022-02-07,7호선,광명사거리,20728,20412,41140
2022-02-07,7호선,군자,14336,11543,25879
2022-02-07,7호선,남구로,16011,16777,32788
2022-02-07,7호선,남성,10409,9882,20291
2022-02-07,7호선,내방,14112,14368,28480
2022-02-07,7호선,노원,18697,19171,37868
2022-02-07,7호선,논현,20111,21726,41837
2022-02-07,7호선,대림,7441,7355,14796
2022-02-07,7호선,도봉산,8816,9624,18440
2022-02-07,7호선,뚝섬유원지,6655,6602,13257
2022-02-07,7호선,마들,11987,11731,23718
2022-02-07,7호선,먹골,9713,9530,19243
2022-02-07,7호선,면목,14615,14410,29025
2022-02-07,7호선,반포,5336,5144,10480
2022-02-07,7호선,보라매,9591,9497,19088
2022-02-07,7호선,부평구청,1,0,1
2022-02-07,7호선,사가정,15207,15378,30585
2022-02-07,7호선,상도,9925,9860,19785
2022-02-07,7호선,상동,1,0,1
2022-02-07,7호선,상봉,15670,14686,30356
2022-02-07,7호선,수락산,11645,11683,23328
2022-02-07,7호선,숭실대입구,10618,10988,21606
2022-02-07,7호선,신대방삼거리,15819,15451,31270
2022-02-07,7호선,신중동,3,0,3
2022-02-07,7호선,신풍,10904,10347,21251
2022-02-07,7호선,어린이대공원,11271,11048,22319
2022-02-07,7호선,온수,9774,9087,18861
2022-02-07,7호선,용마산,5784,5695,11479
2022-02-07,7호선,이수,14524,14277,28801
2022-02-07,7호선,장승배기,8887,8813,17700
2022-02-07,7호선,장암,2146,743,2889
2022-02-07,7호선,중계,13219,12168,25387
2022-02-07,7호선,중곡,10440,9798,20238
2022-02-07,7호선,중화,10341,10187,20528
2022-02-07,7호선,천왕,10930,10475,21405
2022-02-07,7호선,철산,19505,20047,39552
2022-02-07,7호선,청담,18624,20930,39554
2022-02-07,7호선,춘의,1,0,1
2022-02-07,7호선,태릉입구,7872,7517,15389
2022-02-07,7호선,하계,16015,15229,31244
2022-02-07,7호선,학동,24273,25541,49814
2022-02-07,8호선,가락시장,7208,7777,14985
2022-02-07,8호선,강동구청,10248,10770,21018
2022-02-07,8호선,남위례,3658,3913,7571
2022-02-07,8호선,남한산성입구,12669,11638,24307
2022-02-07,8호선,단대오거리,9890,9879,19769
2022-02-07,8호선,모란,3972,3069,7041
2022-02-07,8호선,몽촌토성,5730,5856,11586
2022-02-07,8호선,문정,22225,23248,45473
2022-02-07,8호선,복정,8595,7442,16037
2022-02-07,8호선,산성,4846,4889,9735
2022-02-07,8호선,석촌,7256,8288,15544
2022-02-07,8호선,송파,7350,7527,14877
2022-02-07,8호선,수진,4976,4583,9559
2022-02-07,8호선,신흥,3974,4379,8353
2022-02-07,8호선,암사,18020,16158,34178
2022-02-07,8호선,잠실,12525,14444,26969
2022-02-07,8호선,장지,15772,15416,31188
2022-02-07,8호선,천호,13695,15600,29295
2022-02-07,9호선,가양,19705,19163,38868
2022-02-07,9호선,개화,2376,1681,4057
2022-02-07,9호선,고속터미널,10393,13291,23684
2022-02-07,9호선,공항시장,2842,3073,5915
2022-02-07,9호선,구반포,1369,1406,2775
2022-02-07,9호선,국회의사당,16672,17126,33798
2022-02-07,9호선,김포공항,6645,10245,16890
2022-02-07,9호선,노들,4134,3627,7761
2022-02-07,9호선,노량진,24168,23356,47524
2022-02-07,9호선,당산,16923,17278,34201
2022-02-07,9호선,동작,1852,1511,3363
2022-02-07,9호선,등촌,11034,10867,21901
2022-02-07,9호선,마곡나루,11045,11026,22071
2022-02-07,9호선,사평,3359,3320,6679
2022-02-07,9호선,샛강,5583,5928,11511
2022-02-07,9호선,선유도,8563,8349,16912
2022-02-07,9호선,신논현,30218,29832,60050
2022-02-07,9호선,신목동,3934,3478,7412
2022-02-07,9호선,신반포,3123,2994,6117
2022-02-07,9호선,신방화,6392,6313,12705
2022-02-07,9호선,양천향교,9171,9361,18532
2022-02-07,9호선,여의도,26032,25048,51080
2022-02-07,9호선,염창,16316,16136,32452
2022-02-07,9호선,증미,7159,7186,14345
2022-02-07,9호선,흑석,7451,7860,15311
2022-02-07,9호선2~3단계,둔촌오륜,1090,1056,2146
2022-02-07,9호선2~3단계,봉은사,15027,15282,30309
2022-02-07,9호선2~3단계,삼성중앙,6795,7285,14080
2022-02-07,9호선2~3단계,삼전,6639,6505,13144
2022-02-07,9호선2~3단계,석촌,7929,7065,14994
2022-02-07,9호선2~3단계,석촌고분,5923,5941,11864
2022-02-07,9호선2~3단계,선정릉,9407,10407,19814
2022-02-07,9호선2~3단계,송파나루,4672,4958,9630
2022-02-07,9호선2~3단계,언주,10640,11012,21652
2022-02-07,9호선2~3단계,올림픽공원,5351,5357,10708
2022-02-07,9호선2~3단계,종합운동장,3998,4066,8064
2022-02-07,9호선2~3단계,중앙보훈병원,10590,9401,19991
2022-02-07,9호선2~3단계,한성백제,2314,2223,4537
2022-02-07,경강선,경기광주,7190,6855,14045
2022-02-07,경강선,곤지암,1967,1999,3966
2022-02-07,경강선,부발,1699,1752,3451
2022-02-07,경강선,삼동,2221,2098,4319
2022-02-07,경강선,세종대왕릉,254,251,505
2022-02-07,경강선,신둔도예촌,1267,1188,2455
2022-02-07,경강선,여주,1687,1641,3328
2022-02-07,경강선,이매,985,823,1808
2022-02-07,경강선,이천,2261,2358,4619
2022-02-07,경강선,초월,2825,2806,5631
2022-02-07,경강선,판교,4407,4437,8844
2022-02-07,경부선,가산디지털단지,18200,21155,39355
2022-02-07,경부선,관악,6548,6112,12660
2022-02-07,경부선,광명,3132,2753,5885
2022-02-07,경부선,구로,17559,17715,35274
2022-02-07,경부선,군포,7637,7586,15223
2022-02-07,경부선,금정,24526,25255,49781
2022-02-07,경부선,금천구청,11192,11255,22447
2022-02-07,경부선,남영,8251,8781,17032
2022-02-07,경부선,노량진,6870,7260,14130
2022-02-07,경부선,당정,5781,5393,11174
2022-02-07,경부선,대방,12138,12928,25066
2022-02-07,경부선,독산,18339,19194,37533
2022-02-07,경부선,두정,4029,4200,8229
2022-02-07,경부선,명학,8459,8446,16905
2022-02-07,경부선,병점,12365,12394,24759
2022-02-07,경부선,서동탄,1253,1037,2290
2022-02-07,경부선,서울역,5206,1732,6938
2022-02-07,경부선,서정리,5663,5567,11230
2022-02-07,경부선,석수,8841,7938,16779
2022-02-07,경부선,성균관대,12317,12273,24590
2022-02-07,경부선,성환,2665,2773,5438
2022-02-07,경부선,세류,2685,2417,5102
2022-02-07,경부선,세마,2442,2293,4735
2022-02-07,경부선,송탄,3693,3486,7179
2022-02-07,경부선,수원,28330,30182,58512
2022-02-07,경부선,신길,8315,6912,15227
2022-02-07,경부선,신도림,3848,3757,7605
2022-02-07,경부선,안양,19149,19176,38325
2022-02-07,경부선,영등포,32256,32965,65221
2022-02-07,경부선,오산,8364,8447,16811
2022-02-07,경부선,오산대,2917,2661,5578
2022-02-07,경부선,용산,28327,28661,56988
2022-02-07,경부선,의왕,8386,8423,16809
2022-02-07,경부선,직산,666,602,1268
2022-02-07,경부선,진위,1483,1326,2809
2022-02-07,경부선,천안,3830,4038,7868
2022-02-07,경부선,평택,9413,9169,18582
2022-02-07,경부선,평택지제,3003,2925,5928
2022-02-07,경부선,화서,7192,6887,14079
2022-02-07,경원선,가능,5892,5744,11636
2022-02-07,경원선,광운대,6969,6709,13678
2022-02-07,경원선,녹양,4127,3850,7977
2022-02-07,경원선,녹천,4385,3745,8130
2022-02-07,경원선,덕계,2738,2445,5183
2022-02-07,경원선,덕정,4687,4628,9315
2022-02-07,경원선,도봉,5585,5354,10939
2022-02-07,경원선,도봉산,5917,4136,10053
2022-02-07,경원선,동두천,1800,1957,3757
2022-02-07,경원선,동두천중앙,2682,2561,5243
2022-02-07,경원선,망월사,6610,6780,13390
2022-02-07,경원선,방학,8905,8695,17600
2022-02-07,경원선,보산,1254,1125,2379
2022-02-07,경원선,서빙고,1734,1637,3371
2022-02-07,경원선,석계,7189,8256,15445
2022-02-07,경원선,소요산,1941,1686,3627
2022-02-07,경원선,신이문,7862,7316,15178
2022-02-07,경원선,양주,6841,6360,13201
2022-02-07,경원선,옥수,40,33,73
2022-02-07,경원선,왕십리,11984,13479,25463
2022-02-07,경원선,외대앞,6440,6545,12985
2022-02-07,경원선,월계,5712,5435,11147
2022-02-07,경원선,응봉,1736,1476,3212
2022-02-07,경원선,의정부,16583,16422,33005
2022-02-07,경원선,이촌,3444,2628,6072
2022-02-07,경원선,지행,5721,5604,11325
2022-02-07,경원선,청량리,12600,13110,25710
2022-02-07,경원선,한남,3815,3640,7455
2022-02-07,경원선,회룡,11428,11144,22572
2022-02-07,경의선,가좌,4911,4726,9637
2022-02-07,경의선,강매,3007,2630,5637
2022-02-07,경의선,곡산,577,573,1150
2022-02-07,경의선,공덕,3281,2937,6218
2022-02-07,경의선,금릉,4319,4089,8408
2022-02-07,경의선,금촌,5600,5624,11224
2022-02-07,경의선,능곡,3495,3230,6725
2022-02-07,경의선,디지털미디어시티,2209,1997,4206
2022-02-07,경의선,문산,4527,4466,8993
2022-02-07,경의선,백마,6312,6039,12351
2022-02-07,경의선,서강대,1937,1923,3860
2022-02-07,경의선,서울역,3962,4883,8845
2022-02-07,경의선,수색,2749,2840,5589
2022-02-07,경의선,신촌,792,1004,1796
2022-02-07,경의선,야당,6601,6354,12955
2022-02-07,경의선,운정,6375,5962,12337
2022-02-07,경의선,월롱,2079,2006,4085
2022-02-07,경의선,일산,8361,8243,16604
2022-02-07,경의선,임진강,6,12,18
2022-02-07,경의선,탄현,7160,6984,14144
2022-02-07,경의선,파주,890,671,1561
2022-02-07,경의선,풍산,4979,4686,9665
2022-02-07,경의선,행신,7209,7340,14549
2022-02-07,경의선,홍대입구,1400,1569,2969
2022-02-07,경의선,화전,1362,1310,2672
2022-02-07,경의선,효창공원앞,2748,3205,5953
2022-02-07,경인선,간석,5449,5165,10614
2022-02-07,경인선,개봉,20004,20191,40195
2022-02-07,경인선,구일,5725,5790,11515
2022-02-07,경인선,도원,2254,2307,4561
2022-02-07,경인선,도화,3716,3501,7217
2022-02-07,경인선,동암,13237,13281,26518
2022-02-07,경인선,동인천,12185,11359,23544
2022-02-07,경인선,백운,6245,6257,12502
2022-02-07,경인선,부개,7826,7342,15168
2022-02-07,경인선,부천,29622,29321,58943
2022-02-07,경인선,부평,26604,27634,54238
2022-02-07,경인선,소사,7945,7660,15605
2022-02-07,경인선,송내,24703,24676,49379
2022-02-07,경인선,역곡,25007,24886,49893
2022-02-07,경인선,오류동,11079,10433,21512
2022-02-07,경인선,온수,5998,5851,11849
2022-02-07,경인선,인천,2757,2101,4858
2022-02-07,경인선,제물포,9458,8997,18455
2022-02-07,경인선,주안,16622,15040,31662
2022-02-07,경인선,중동,8850,8283,17133
2022-02-07,경춘선,가평,1325,1367,2692
2022-02-07,경춘선,갈매,2842,2496,5338
2022-02-07,경춘선,강촌,266,288,554
2022-02-07,경춘선,굴봉산,128,125,253
2022-02-07,경춘선,금곡,1343,1293,2636
2022-02-07,경춘선,김유정,203,185,388
2022-02-07,경춘선,남춘천,2175,2111,4286
2022-02-07,경춘선,대성리,355,375,730
2022-02-07,경춘선,마석,3339,3199,6538
2022-02-07,경춘선,백양리,199,259,458
2022-02-07,경춘선,별내,3160,2960,6120
2022-02-07,경춘선,사릉,2972,2833,5805
2022-02-07,경춘선,상천,184,157,341
2022-02-07,경춘선,신내,1944,1840,3784
2022-02-07,경춘선,천마산,1504,1383,2887
2022-02-07,경춘선,청평,1333,1333,2666
2022-02-07,경춘선,춘천,909,818,1727
2022-02-07,경춘선,퇴계원,3345,3093,6438
2022-02-07,경춘선,평내호평,5639,5470,11109
2022-02-07,공항철도,검암,6327,6189,12516
2022-02-07,공항철도,계양,9395,8863,18258
2022-02-07,공항철도,공덕,2155,2710,4865
2022-02-07,공항철도,공항화물청사,2225,2357,4582
2022-02-07,공항철도,김포공항,11336,6049,17385
2022-02-07,공항철도,디지털미디어시티,13155,12135,25290
2022-02-07,공항철도,마곡나루,8513,8192,16705
2022-02-07,공항철도,서울역,6251,5819,12070
2022-02-07,공항철도,영종,2682,2623,5305
2022-02-07,공항철도,운서,5911,6016,11927
2022-02-07,공항철도,인천공항1터미널,3011,3229,6240
2022-02-07,공항철도,인천공항2터미널,1872,1878,3750
2022-02-07,공항철도,청라국제도시,6416,6013,12429
2022-02-07,공항철도,홍대입구,8273,8333,16606
2022-02-07,과천선,경마공원,875,828,1703
2022-02-07,과천선,과천,5603,5447,11050
2022-02-07,과천선,대공원,1615,1696,3311
2022-02-07,과천선,범계,23618,23114,46732
2022-02-07,과천선,선바위,7525,6608,14133
2022-02-07,과천선,인덕원,22125,23488,45613
2022-02-07,과천선,정부과천청사,9825,9883,19708
2022-02-07,과천선,평촌,17234,16945,34179
2022-02-07,분당선,가천대,6095,7041,13136
2022-02-07,분당선,강남구청,9840,10987,20827
2022-02-07,분당선,개포동,3560,3678,7238
2022-02-07,분당선,구룡,2097,2060,4157
2022-02-07,분당선,구성,4625,5023,9648
2022-02-07,분당선,기흥,8806,8515,17321
2022-02-07,분당선,대모산입구,4388,4166,8554
2022-02-07,분당선,도곡,6724,6708,13432
2022-02-07,분당선,망포,13406,12912,26318
2022-02-07,분당선,매교,2650,2637,5287
2022-02-07,분당선,매탄권선,4640,4475,9115
2022-02-07,분당선,모란,18295,18401,36696
2022-02-07,분당선,미금,14572,15291,29863
2022-02-07,분당선,보정,2154,1942,4096
2022-02-07,분당선,상갈,4948,4747,9695
2022-02-07,분당선,서울숲,9296,9388,18684
2022-02-07,분당선,서현,23379,23642,47021
2022-02-07,분당선,선릉,13241,20114,33355
2022-02-07,분당선,선정릉,8197,8579,16776
2022-02-07,분당선,수내,12912,12854,25766
2022-02-07,분당선,수서,12545,13022,25567
2022-02-07,분당선,수원,7211,6006,13217
2022-02-07,분당선,수원시청,11821,12399,24220
2022-02-07,분당선,신갈,4219,4300,8519
2022-02-07,분당선,압구정로데오,16772,17930,34702
2022-02-07,분당선,야탑,24466,25145,49611
2022-02-07,분당선,영통,7523,7546,15069
2022-02-07,분당선,오리,11295,9177,20472
2022-02-07,분당선,이매,5300,5096,10396
2022-02-07,분당선,정자,16535,17211,33746
2022-02-07,분당선,죽전,11859,12929,24788
2022-02-07,분당선,청명,3875,3791,7666
2022-02-07,분당선,태평,12732,12404,25136
2022-02-07,분당선,한티,13629,14822,28451
2022-02-07,수인선,고색,4358,4007,8365
2022-02-07,수인선,남동인더스파크,2256,2554,4810
2022-02-07,수인선,달월,99,53,152
2022-02-07,수인선,사리,4062,3557,7619
2022-02-07,수인선,소래포구,3987,3605,7592
2022-02-07,수인선,송도,2207,2011,4218
2022-02-07,수인선,숭의,3604,3414,7018
2022-02-07,수인선,신포,1491,1486,2977
2022-02-07,수인선,야목,315,236,551
2022-02-07,수인선,어천,583,664,1247
2022-02-07,수인선,연수,3911,3862,7773
2022-02-07,수인선,오목천,2360,2331,4691
2022-02-07,수인선,원인재,4094,4294,8388
2022-02-07,수인선,월곶,2275,2156,4431
2022-02-07,수인선,인천,896,1415,2311
2022-02-07,수인선,인천논현,4997,5276,10273
2022-02-07,수인선,인하대,4949,4741,9690
2022-02-07,수인선,호구포,3824,3923,7747
2022-02-07,안산선,고잔,8110,7561,15671
2022-02-07,안산선,대야미,4466,4097,8563
2022-02-07,안산선,반월,3786,3728,7514
2022-02-07,안산선,산본,14485,15464,29949
2022-02-07,안산선,상록수,13938,14351,28289
2022-02-07,안산선,수리산,3861,3212,7073
2022-02-07,안산선,신길온천,1602,1421,3023
2022-02-07,안산선,안산,10590,9631,20221
2022-02-07,안산선,오이도,7169,6888,14057
2022-02-07,안산선,정왕,6941,7294,14235
2022-02-07,안산선,중앙,15668,15980,31648
2022-02-07,안산선,초지,4095,4181,8276
2022-02-07,안산선,한대앞,7842,7902,15744
2022-02-07,우이신설선,4.19민주묘지,2643,2530,5173
2022-02-07,우이신설선,가오리,3944,3965,7909
2022-02-07,우이신설선,보문,1414,1361,2775
2022-02-07,우이신설선,북한산보국문,5421,5332,10753
2022-02-07,우이신설선,북한산우이,2267,2066,4333
2022-02-07,우이신설선,삼양,1856,2013,3869
2022-02-07,우이신설선,삼양사거리,2355,2416,4771
2022-02-07,우이신설선,성신여대입구,2974,3309,6283
2022-02-07,우이신설선,솔밭공원,2288,2231,4519
2022-02-07,우이신설선,솔샘,5481,5281,10762
2022-02-07,우이신설선,신설동,2196,2059,4255
2022-02-07,우이신설선,정릉,4312,4042,8354
2022-02-07,우이신설선,화계,3203,3053,6256
2022-02-07,일산선,대곡,1840,1412,3252
2022-02-07,일산선,대화,11842,9435,21277
2022-02-07,일산선,마두,7182,7327,14509
2022-02-07,일산선,백석,9073,9115,18188
2022-02-07,일산선,삼송,18052,17765,35817
2022-02-07,일산선,원당,10191,9660,19851
2022-02-07,일산선,원흥,10009,9578,19587
2022-02-07,일산선,정발산,6512,6483,12995
2022-02-07,일산선,주엽,8354,8308,16662
2022-02-07,일산선,화정,15959,16262,32221
2022-02-07,장항선,배방,809,828,1637
2022-02-07,장항선,봉명,1111,1076,2187
2022-02-07,장항선,신창,774,850,1624
2022-02-07,장항선,쌍용,1494,1373,2867
2022-02-07,장항선,아산,2285,2062,4347
2022-02-07,장항선,온양온천,2855,2913,5768
2022-02-07,장항선,탕정,427,422,849
2022-02-07,중앙선,구리,12407,12297,24704
2022-02-07,중앙선,국수,539,559,1098
2022-02-07,중앙선,덕소,5128,5075,10203
2022-02-07,중앙선,도농,9772,8903,18675
2022-02-07,중앙선,도심,2147,1707,3854
2022-02-07,중앙선,망우,6881,6794,13675
2022-02-07,중앙선,상봉,5206,5326,10532
2022-02-07,중앙선,신원,154,129,283
2022-02-07,중앙선,아신,447,442,889
2022-02-07,중앙선,양수,1437,1418,2855
2022-02-07,중앙선,양원,2068,2061,4129
2022-02-07,중앙선,양정,624,537,1161
2022-02-07,중앙선,양평,2280,2192,4472
2022-02-07,중앙선,오빈,242,227,469
2022-02-07,중앙선,용문,1359,1348,2707
2022-02-07,중앙선,운길산,476,431,907
2022-02-07,중앙선,원덕,288,283,571
2022-02-07,중앙선,중랑,5227,4952,10179
2022-02-07,중앙선,지평,52,62,114
2022-02-07,중앙선,팔당,705,750,1455
2022-02-07,중앙선,회기,21635,21131,42766
2022-02-08,1호선,동대문,9815,8977,18792
2022-02-08,1호선,동묘앞,7185,7389,14574
2022-02-08,1호선,서울역,38004,35865,73869
2022-02-08,1호선,시청,20754,20986,41740
2022-02-08,1호선,신설동,12760,12527,25287
2022-02-08,1호선,제기동,15944,16194,32138
2022-02-08,1호선,종각,32313,31758,64071
2022-02-08,1호선,종로3가,23444,21501,44945
2022-02-08,1호선,종로5가,21626,21278,42904
2022-02-08,1호선,청량리,18061,18076,36137
2022-02-08,2호선,강남,82469,80567,163036
2022-02-08,2호선,강변,26409,25158,51567
2022-02-08,2호선,건대입구,31415,32981,64396
2022-02-08,2호선,교대,32992,36737,69729
2022-02-08,2호선,구로디지털단지,57806,57855,115661
2022-02-08,2호선,구의,22790,22781,45571
2022-02-08,2호선,낙성대,25388,25046,50434
2022-02-08,2호선,당산,17116,19966,37082
2022-02-08,2호선,대림,22877,23364,46241
2022-02-08,2호선,도림천,1358,1411,2769
2022-02-08,2호선,동대문역사문화공원,10336,11347,21683
2022-02-08,2호선,뚝섬,20969,22588,43557
2022-02-08,2호선,문래,20527,20787,41314
2022-02-08,2호선,방배,15409,16286,31695
2022-02-08,2호선,봉천,22774,21467,44241
2022-02-08,2호선,사당,33539,36299,69838
2022-02-08,2호선,삼성,48561,48322,96883
2022-02-08,2호선,상왕십리,13444,13160,26604
2022-02-08,2호선,서울대입구,43997,43517,87514
2022-02-08,2호선,서초,20983,20599,41582
2022-02-08,2호선,선릉,55870,49379,105249
2022-02-08,2호선,성수,37022,39881,76903
2022-02-08,2호선,시청,22866,22147,45013
2022-02-08,2호선,신답,1591,1886,3477
2022-02-08,2호선,신당,13180,13534,26714
2022-02-08,2호선,신대방,24874,24637,49511
2022-02-08,2호선,신도림,44091,43454,87545
2022-02-08,2호선,신림,59342,58415,117757
2022-02-08,2호선,신설동,3150,3228,6378
2022-02-08,2호선,신정네거리,9661,10132,19793
2022-02-08,2호선,신촌,29660,30164,59824
2022-02-08,2호선,아현,9433,9170,18603
2022-02-08,2호선,양천구청,6568,6853,13421
2022-02-08,2호선,역삼,52537,57938,110475
2022-02-08,2호선,영등포구청,22649,23082,45731
2022-02-08,2호선,왕십리,14477,11975,26452
2022-02-08,2호선,용답,2492,2504,4996
2022-02-08,2호선,용두,2282,2408,4690
2022-02-08,2호선,을지로3가,20662,20651,41313
2022-02-08,2호선,을지로4가,12374,12244,24618
2022-02-08,2호선,을지로입구,36398,37236,73634
2022-02-08,2호선,이대,11608,12587,24195
2022-02-08,2호선,잠실,60928,60050,120978
2022-02-08,2호선,잠실나루,14357,14057,28414
2022-02-08,2호선,잠실새내,20000,19809,39809
2022-02-08,2호선,종합운동장,6852,7392,14244
2022-02-08,2호선,충정로,9727,10148,19875
2022-02-08,2호선,한양대,6444,6848,13292
2022-02-08,2호선,합정,28005,29042,57047
2022-02-08,2호선,홍대입구,46324,46901,93225
2022-02-08,3호선,가락시장,8578,8343,16921
2022-02-08,3호선,경복궁,18020,17529,35549
2022-02-08,3호선,경찰병원,7076,7136,14212
2022-02-08,3호선,고속터미널,33609,32388,65997
2022-02-08,3호선,교대,13626,8906,22532
2022-02-08,3호선,구파발,19448,18550,37998
2022-02-08,3호선,금호,7493,7271,14764
2022-02-08,3호선,남부터미널,27451,27954,55405
2022-02-08,3호선,녹번,14792,13579,28371
2022-02-08,3호선,대청,9794,9121,18915
2022-02-08,3호선,대치,10746,10984,21730
2022-02-08,3호선,도곡,5202,5545,10747
2022-02-08,3호선,독립문,6675,6976,13651
2022-02-08,3호선,동대입구,7248,7457,14705
2022-02-08,3호선,매봉,12134,11646,23780
2022-02-08,3호선,무악재,3749,3775,7524
2022-02-08,3호선,불광,15185,16331,31516
2022-02-08,3호선,수서,15616,15844,31460
2022-02-08,3호선,신사,30401,31261,61662
2022-02-08,3호선,안국,18696,19083,37779
2022-02-08,3호선,압구정,31080,32777,63857
2022-02-08,3호선,약수,12054,11819,23873
2022-02-08,3호선,양재,37272,39948,77220
2022-02-08,3호선,연신내,34722,32836,67558
2022-02-08,3호선,오금,5897,5562,11459
2022-02-08,3호선,옥수,8187,8576,16763
2022-02-08,3호선,을지로3가,10058,10095,20153
2022-02-08,3호선,일원,10077,9641,19718
2022-02-08,3호선,잠원,4496,4421,8917
2022-02-08,3호선,종로3가,9834,11047,20881
2022-02-08,3호선,지축,4293,4189,8482
2022-02-08,3호선,학여울,1686,1650,3336
2022-02-08,3호선,홍제,16183,15401,31584
2022-02-08,4호선,길음,18842,18750,37592
2022-02-08,4호선,남태령,1052,938,1990
2022-02-08,4호선,노원,17612,19557,37169
2022-02-08,4호선,당고개,11884,10841,22725
2022-02-08,4호선,동대문,18334,18820,37154
2022-02-08,4호선,동대문역사문화공원,13282,12207,25489
2022-02-08,4호선,동작,1361,1499,2860
2022-02-08,4호선,명동,15948,16352,32300
2022-02-08,4호선,미아,14079,13913,27992
2022-02-08,4호선,미아사거리,25744,25070,50814
2022-02-08,4호선,사당,23031,18762,41793
2022-02-08,4호선,삼각지,4449,4804,9253
2022-02-08,4호선,상계,17677,16665,34342
2022-02-08,4호선,서울역,10252,13864,24116
2022-02-08,4호선,성신여대입구,17965,17596,35561
2022-02-08,4호선,수유,31901,32030,63931
2022-02-08,4호선,숙대입구,11841,11551,23392
2022-02-08,4호선,신용산,15123,15943,31066
2022-02-08,4호선,쌍문,27632,25695,53327
2022-02-08,4호선,이촌,6937,7657,14594
2022-02-08,4호선,창동,24133,25333,49466
2022-02-08,4호선,총신대입구,17459,18947,36406
2022-02-08,4호선,충무로,24551,25358,49909
2022-02-08,4호선,한성대입구,12287,12217,24504
2022-02-08,4호선,혜화,29573,29424,58997
2022-02-08,4호선,회현,22006,23106,45112
2022-02-08,5호선,강동,17967,17348,35315
2022-02-08,5호선,강일,3754,3670,7424
2022-02-08,5호선,개롱,6021,6264,12285
2022-02-08,5호선,개화산,5392,5246,10638
2022-02-08,5호선,거여,8914,8562,17476
2022-02-08,5호선,고덕,9007,9167,18174
2022-02-08,5호선,공덕,13672,14219,27891
2022-02-08,5호선,광나루,12443,11446,23889
2022-02-08,5호선,광화문,27773,28875,56648
2022-02-08,5호선,군자,10592,11475,22067
2022-02-08,5호선,굽은다리,8863,8450,17313
2022-02-08,5호선,길동,7796,8140,15936
2022-02-08,5호선,김포공항,6661,6392,13053
2022-02-08,5호선,까치산,27614,26936,54550
2022-02-08,5호선,답십리,15557,14344,29901
2022-02-08,5호선,동대문역사문화공원,2870,3259,6129
2022-02-08,5호선,둔촌동,8295,8412,16707
2022-02-08,5호선,마곡,10880,10707,21587
2022-02-08,5호선,마장,5335,4957,10292
2022-02-08,5호선,마천,6633,6501,13134
2022-02-08,5호선,마포,14166,14426,28592
2022-02-08,5호선,명일,8101,8437,16538
2022-02-08,5호선,목동,16275,17718,33993
2022-02-08,5호선,미사,14954,15028,29982
2022-02-08,5호선,발산,19702,19706,39408
2022-02-08,5호선,방이,6873,7096,13969
2022-02-08,5호선,방화,6214,6045,12259
2022-02-08,5호선,상일동,14635,13612,28247
2022-02-08,5호선,서대문,18834,18898,37732
2022-02-08,5호선,송정,6201,5906,12107
2022-02-08,5호선,신금호,6119,6449,12568
2022-02-08,5호선,신길,4022,4388,8410
2022-02-08,5호선,신정,13527,11066,24593
2022-02-08,5호선,아차산,13645,13390,27035
2022-02-08,5호선,애오개,6761,6758,13519
2022-02-08,5호선,양평,7409,7413,14822
2022-02-08,5호선,여의나루,8275,8909,17184
2022-02-08,5호선,여의도,28222,29139,57361
2022-02-08,5호선,영등포구청,3941,4072,8013
2022-02-08,5호선,영등포시장,9791,10049,19840
2022-02-08,5호선,오금,3683,3570,7253
2022-02-08,5호선,오목교,20453,21844,42297
2022-02-08,5호선,올림픽공원,3893,3375,7268
2022-02-08,5호선,왕십리,4241,4706,8947
2022-02-08,5호선,우장산,13849,13778,27627
2022-02-08,5호선,을지로4가,6105,6009,12114
2022-02-08,5호선,장한평,17948,17988,35936
2022-02-08,5호선,종로3가,10986,10945,21931
2022-02-08,5호선,천호,16874,16687,33561
2022-02-08,5호선,청구,4018,3519,7537
2022-02-08,5호선,충정로,4725,4851,9576
2022-02-08,5호선,하남검단산,5170,4906,10076
2022-02-08,5호선,하남시청,6066,5970,12036
2022-02-08,5호선,하남풍산,4137,4085,8222
2022-02-08,5호선,행당,7796,7152,14948
2022-02-08,5호선,화곡,27348,25838,53186
2022-02-08,6호선,고려대,7261,7095,14356
2022-02-08,6호선,공덕,17656,17061,34717
2022-02-08,6호선,광흥창,8755,8563,17318
2022-02-08,6호선,구산,7207,5565,12772
2022-02-08,6호선,녹사평,4087,4105,8192
2022-02-08,6호선,대흥,7514,7800,15314
2022-02-08,6호선,독바위,2575,2734,5309
2022-02-08,6호선,돌곶이,8879,8432,17311
2022-02-08,6호선,동묘앞,7276,7305,14581
2022-02-08,6호선,디지털미디어시티,13254,14541,27795
2022-02-08,6호선,마포구청,13732,12616,26348
2022-02-08,6호선,망원,12891,13807,26698
2022-02-08,6호선,버티고개,1879,1992,3871
2022-02-08,6호선,보문,6864,6529,13393
2022-02-08,6호선,봉화산,8641,8102,16743
2022-02-08,6호선,불광,3996,3816,7812
2022-02-08,6호선,삼각지,5649,5113,10762
2022-02-08,6호선,상수,7487,8137,15624
2022-02-08,6호선,상월곡,5798,5301,11099
2022-02-08,6호선,새절,12044,11478,23522
2022-02-08,6호선,석계,11455,11896,23351
2022-02-08,6호선,신당,7405,7875,15280
2022-02-08,6호선,안암,9220,9084,18304
2022-02-08,6호선,약수,3507,3358,6865
2022-02-08,6호선,역촌,3578,4239,7817
2022-02-08,6호선,연신내,2,0,2
2022-02-08,6호선,월곡,10830,10882,21712
2022-02-08,6호선,월드컵경기장,3664,3855,7519
2022-02-08,6호선,응암,16767,16822,33589
2022-02-08,6호선,이태원,8117,8122,16239
2022-02-08,6호선,증산,9573,9618,19191
2022-02-08,6호선,창신,3208,2612,5820
2022-02-08,6호선,청구,3632,3893,7525
2022-02-08,6호선,태릉입구,5160,5597,10757
2022-02-08,6호선,한강진,6848,7648,14496
2022-02-08,6호선,합정,11710,11238,22948
2022-02-08,6호선,화랑대,11117,8793,19910
2022-02-08,6호선,효창공원앞,6472,6042,12514
2022-02-08,7호선,가산디지털단지,46448,46145,92593
2022-02-08,7호선,강남구청,16238,17866,34104
2022-02-08,7호선,건대입구,11195,11762,22957
2022-02-08,7호선,고속터미널,14019,12258,26277
2022-02-08,7호선,공릉,11006,11019,22025
2022-02-08,7호선,광명사거리,20857,20657,41514
2022-02-08,7호선,군자,14420,11805,26225
2022-02-08,7호선,굴포천,1,0,1
2022-02-08,7호선,까치울,2,0,2
2022-02-08,7호선,남구로,15679,16608,32287
2022-02-08,7호선,남성,10598,10023,20621
2022-02-08,7호선,내방,14392,14596,28988
2022-02-08,7호선,노원,18736,19281,38017
2022-02-08,7호선,논현,20343,22039,42382
2022-02-08,7호선,대림,7418,7355,14773
2022-02-08,7호선,도봉산,9169,9864,19033
2022-02-08,7호선,뚝섬유원지,7255,7077,14332
2022-02-08,7호선,마들,12174,11861,24035
2022-02-08,7호선,먹골,9689,9688,19377
2022-02-08,7호선,면목,14616,14410,29026
2022-02-08,7호선,반포,5446,5262,10708
2022-02-08,7호선,보라매,9371,9462,18833
2022-02-08,7호선,부평구청,1,0,1
2022-02-08,7호선,사가정,15415,15521,30936
2022-02-08,7호선,상도,10138,10053,20191
2022-02-08,7호선,상봉,16135,15007,31142
2022-02-08,7호선,수락산,11804,11560,23364
2022-02-08,7호선,숭실대입구,10880,11092,21972
2022-02-08,7호선,신대방삼거리,16027,15602,31629
2022-02-08,7호선,신풍,11145,10637,21782
2022-02-08,7호선,어린이대공원,11366,11310,22676
2022-02-08,7호선,온수,9893,9064,18957
2022-02-08,7호선,용마산,5804,5635,11439
2022-02-08,7호선,이수,14967,14619,29586
2022-02-08,7호선,장승배기,8736,8646,17382
2022-02-08,7호선,장암,2175,731,2906
2022-02-08,7호선,중계,13544,12517,26061
2022-02-08,7호선,중곡,10672,10015,20687
2022-02-08,7호선,중화,10412,10208,20620
2022-02-08,7호선,천왕,11016,10598,21614
2022-02-08,7호선,철산,19851,20202,40053
2022-02-08,7호선,청담,19257,21172,40429
2022-02-08,7호선,태릉입구,7863,7533,15396
2022-02-08,7호선,하계,16398,15617,32015
2022-02-08,7호선,학동,24681,25831,50512
2022-02-08,8호선,가락시장,7325,8050,15375
2022-02-08,8호선,강동구청,10317,10788,21105
2022-02-08,8호선,남위례,3888,4180,8068
2022-02-08,8호선,남한산성입구,12923,11948,24871
2022-02-08,8호선,단대오거리,9911,9696,19607
2022-02-08,8호선,모란,3968,3126,7094
2022-02-08,8호선,몽촌토성,5883,5922,11805
2022-02-08,8호선,문정,22166,23354,45520
2022-02-08,8호선,복정,8970,7693,16663
2022-02-08,8호선,산성,4917,5004,9921
2022-02-08,8호선,석촌,7534,8581,16115
2022-02-08,8호선,송파,7407,7512,14919
2022-02-08,8호선,수진,4952,4601,9553
2022-02-08,8호선,신흥,3921,4239,8160
2022-02-08,8호선,암사,18295,16317,34612
2022-02-08,8호선,잠실,12720,14631,27351
2022-02-08,8호선,장지,16361,15812,32173
2022-02-08,8호선,천호,14039,15944,29983
2022-02-08,9호선,가양,19509,19093,38602
2022-02-08,9호선,개화,2309,1620,3929
2022-02-08,9호선,고속터미널,10466,13322,23788
2022-02-08,9호선,공항시장,2893,3163,6056
2022-02-08,9호선,구반포,1365,1460,2825
2022-02-08,9호선,국회의사당,16847,17356,34203
2022-02-08,9호선,김포공항,6668,10414,17082
2022-02-08,9호선,노들,4150,3574,7724
2022-02-08,9호선,노량진,24192,23409,47601
2022-02-08,9호선,당산,17304,17320,34624
2022-02-08,9호선,동작,1812,1450,3262
2022-02-08,9호선,등촌,10887,10827,21714
2022-02-08,9호선,마곡나루,11438,11362,22800
2022-02-08,9호선,사평,3295,3260,6555
2022-02-08,9호선,샛강,5837,6137,11974
2022-02-08,9호선,선유도,8614,8309,16923
2022-02-08,9호선,신논현,30428,30210,60638
2022-02-08,9호선,신목동,3969,3528,7497
2022-02-08,9호선,신반포,3147,3060,6207
2022-02-08,9호선,신방화,6510,6425,12935
2022-02-08,9호선,양천향교,9149,9374,18523
2022-02-08,9호선,여의도,26540,25212,51752
2022-02-08,9호선,염창,16662,16302,32964
2022-02-08,9호선,증미,7129,7065,14194
2022-02-08,9호선,흑석,7495,7854,15349
2022-02-08,9호선2~3단계,둔촌오륜,1130,1067,2197
2022-02-08,9호선2~3단계,봉은사,15132,15573,30705
2022-02-08,9호선2~3단계,삼성중앙,6872,7226,14098
2022-02-08,9호선2~3단계,삼전,6779,6578,13357
2022-02-08,9호선2~3단계,석촌,8145,7210,15355
2022-02-08,9호선2~3단계,석촌고분,6041,6101,12142
2022-02-08,9호선2~3단계,선정릉,9739,10540,20279
2022-02-08,9호선2~3단계,송파나루,4886,5123,10009
2022-02-08,9호선2~3단계,언주,10768,11026,21794
2022-02-08,9호선2~3단계,올림픽공원,5526,5569,11095
2022-02-08,9호선2~3단계,종합운동장,3960,4088,8048
2022-02-08,9호선2~3단계,중앙보훈병원,10502,9505,20007
2022-02-08,9호선2~3단계,한성백제,2481,2248,4729
2022-02-08,경강선,경기광주,7237,6920,14157
2022-02-08,경강선,곤지암,2047,1955,4002
2022-02-08,경강선,부발,1783,1679,3462
2022-02-08,경강선,삼동,2201,2144,4345
2022-02-08,경강선,세종대왕릉,269,255,524
2022-02-08,경강선,신둔도예촌,1234,1162,2396
2022-02-08,경강선,여주,1674,1695,3369
2022-02-08,경강선,이매,983,896,1879
2022-02-08,경강선,이천,2222,2267,4489
2022-02-08,경강선,초월,2809,2761,5570
2022-02-08,경강선,판교,4385,4331,8716
2022-02-08,경부선,가산디지털단지,18117,20947,39064
2022-02-08,경부선,관악,6857,6414,13271
2022-02-08,경부선,광명,2879,2536,5415
2022-02-08,경부선,구로,17380,17628,35008
2022-02-08,경부선,군포,7595,7673,15268
2022-02-08,경부선,금정,25113,25504,50617
2022-02-08,경부선,금천구청,11321,11354,22675
2022-02-08,경부선,남영,8506,8965,17471
2022-02-08,경부선,노량진,7296,7519,14815
2022-02-08,경부선,당정,5741,5437,11178
2022-02-08,경부선,대방,12156,12591,24747
2022-02-08,경부선,독산,18333,19133,37466
2022-02-08,경부선,두정,3958,4030,7988
2022-02-08,경부선,명학,8625,8453,17078
2022-02-08,경부선,병점,12547,12451,24998
2022-02-08,경부선,서동탄,1325,1158,2483
2022-02-08,경부선,서울역,4536,1536,6072
2022-02-08,경부선,서정리,5616,5286,10902
2022-02-08,경부선,석수,9061,8144,17205
2022-02-08,경부선,성균관대,12673,12715,25388
2022-02-08,경부선,성환,2642,2632,5274
2022-02-08,경부선,세류,2654,2419,5073
2022-02-08,경부선,세마,2480,2346,4826
2022-02-08,경부선,송탄,3542,3394,6936
2022-02-08,경부선,수원,28297,29995,58292
2022-02-08,경부선,신길,8410,7120,15530
2022-02-08,경부선,신도림,4095,3767,7862
2022-02-08,경부선,안양,19211,19265,38476
2022-02-08,경부선,영등포,32568,33271,65839
2022-02-08,경부선,오산,8599,8672,17271
2022-02-08,경부선,오산대,2874,2699,5573
2022-02-08,경부선,용산,27813,27852,55665
2022-02-08,경부선,의왕,8386,8484,16870
2022-02-08,경부선,직산,707,697,1404
2022-02-08,경부선,진위,1514,1342,2856
2022-02-08,경부선,천안,3867,4093,7960
2022-02-08,경부선,평택,9289,9151,18440
2022-02-08,경부선,평택지제,2925,2913,5838
2022-02-08,경부선,화서,7500,7346,14846
2022-02-08,경원선,가능,5935,5910,11845
2022-02-08,경원선,광운대,6975,6744,13719
2022-02-08,경원선,녹양,4181,3897,8078
2022-02-08,경원선,녹천,4480,3866,8346
2022-02-08,경원선,덕계,2779,2558,5337
2022-02-08,경원선,덕정,4728,4727,9455
2022-02-08,경원선,도봉,5735,5555,11290
2022-02-08,경원선,도봉산,6441,4501,10942
2022-02-08,경원선,동두천,1851,2012,3863
2022-02-08,경원선,동두천중앙,2775,2651,5426
2022-02-08,경원선,망월사,6874,7108,13982
2022-02-08,경원선,방학,9177,9093,18270
2022-02-08,경원선,보산,1267,1165,2432
2022-02-08,경원선,서빙고,1923,1757,3680
2022-02-08,경원선,석계,7353,8386,15739
2022-02-08,경원선,소요산,2236,1968,4204
2022-02-08,경원선,신이문,7928,7436,15364
2022-02-08,경원선,양주,6725,6290,13015
2022-02-08,경원선,옥수,35,20,55
2022-02-08,경원선,왕십리,12136,13734,25870
2022-02-08,경원선,외대앞,6556,6661,13217
2022-02-08,경원선,월계,5916,5623,11539
2022-02-08,경원선,응봉,1811,1567,3378
2022-02-08,경원선,의정부,16632,16834,33466
2022-02-08,경원선,이촌,3422,2699,6121
2022-02-08,경원선,지행,5660,5650,11310
2022-02-08,경원선,청량리,12784,13379,26163
2022-02-08,경원선,한남,4015,3726,7741
2022-02-08,경원선,회룡,11677,11583,23260
2022-02-08,경의선,가좌,5030,4888,9918
2022-02-08,경의선,강매,3028,2698,5726
2022-02-08,경의선,곡산,601,628,1229
2022-02-08,경의선,공덕,3357,2963,6320
2022-02-08,경의선,금릉,4486,4278,8764
2022-02-08,경의선,금촌,5853,5799,11652
2022-02-08,경의선,능곡,3554,3263,6817
2022-02-08,경의선,디지털미디어시티,2312,2080,4392
2022-02-08,경의선,문산,4383,4334,8717
2022-02-08,경의선,백마,6478,6306,12784
2022-02-08,경의선,서강대,1850,1844,3694
2022-02-08,경의선,서울역,3939,5045,8984
2022-02-08,경의선,수색,2784,2856,5640
2022-02-08,경의선,신촌,838,1044,1882
2022-02-08,경의선,야당,6866,6672,13538
2022-02-08,경의선,운정,6563,6203,12766
2022-02-08,경의선,월롱,2232,2122,4354
2022-02-08,경의선,일산,9224,9197,18421
2022-02-08,경의선,임진강,4,6,10
2022-02-08,경의선,탄현,7161,7097,14258
2022-02-08,경의선,파주,910,703,1613
2022-02-08,경의선,풍산,5181,4882,10063
2022-02-08,경의선,행신,7319,7337,14656
2022-02-08,경의선,홍대입구,1458,1635,3093
2022-02-08,경의선,화전,1376,1273,2649
2022-02-08,경의선,효창공원앞,2832,3230,6062
2022-02-08,경인선,간석,5534,5241,10775
2022-02-08,경인선,개봉,20164,20251,40415
2022-02-08,경인선,구일,5862,5878,11740
2022-02-08,경인선,도원,2285,2368,4653
2022-02-08,경인선,도화,3919,3615,7534
2022-02-08,경인선,동암,13489,13442,26931
2022-02-08,경인선,동인천,12381,11728,24109
2022-02-08,경인선,백운,6401,6393,12794
2022-02-08,경인선,부개,7937,7469,15406
2022-02-08,경인선,부천,29562,29474,59036
2022-02-08,경인선,부평,26266,27616,53882
2022-02-08,경인선,소사,7956,7789,15745
2022-02-08,경인선,송내,25130,25130,50260
2022-02-08,경인선,역곡,25248,25099,50347
2022-02-08,경인선,오류동,11163,10602,21765
2022-02-08,경인선,온수,6057,5973,12030
2022-02-08,경인선,인천,2960,2318,5278
2022-02-08,경인선,제물포,9574,9216,18790
2022-02-08,경인선,주안,16775,15104,31879
2022-02-08,경인선,중동,8856,8501,17357
2022-02-08,경춘선,가평,1393,1290,2683
2022-02-08,경춘선,갈매,2884,2575,5459
2022-02-08,경춘선,강촌,314,315,629
2022-02-08,경춘선,굴봉산,117,160,277
2022-02-08,경춘선,금곡,1402,1294,2696
2022-02-08,경춘선,김유정,219,220,439
2022-02-08,경춘선,남춘천,1819,1860,3679
2022-02-08,경춘선,대성리,462,350,812
2022-02-08,경춘선,마석,3657,3640,7297
2022-02-08,경춘선,백양리,326,233,559
2022-02-08,경춘선,별내,3157,3001,6158
2022-02-08,경춘선,사릉,3008,2888,5896
2022-02-08,경춘선,상천,207,193,400
2022-02-08,경춘선,신내,2055,1931,3986
2022-02-08,경춘선,천마산,1574,1452,3026
2022-02-08,경춘선,청평,1417,1315,2732
2022-02-08,경춘선,춘천,910,836,1746
2022-02-08,경춘선,퇴계원,3370,3207,6577
2022-02-08,경춘선,평내호평,5727,5579,11306
2022-02-08,공항철도,검암,6392,6273,12665
2022-02-08,공항철도,계양,9556,8993,18549
2022-02-08,공항철도,공덕,2137,2769,4906
2022-02-08,공항철도,공항화물청사,2254,2421,4675
2022-02-08,공항철도,김포공항,11385,6311,17696
2022-02-08,공항철도,디지털미디어시티,13395,12338,25733
2022-02-08,공항철도,마곡나루,8609,8171,16780
2022-02-08,공항철도,서울역,6405,5736,12141
2022-02-08,공항철도,영종,2649,2727,5376
2022-02-08,공항철도,운서,6011,6002,12013
2022-02-08,공항철도,인천공항1터미널,3134,3476,6610
2022-02-08,공항철도,인천공항2터미널,1909,1940,3849
2022-02-08,공항철도,청라국제도시,6444,6060,12504
2022-02-08,공항철도,홍대입구,8408,8453,16861
2022-02-08,과천선,경마공원,1269,1264,2533
2022-02-08,과천선,과천,5833,5447,11280
2022-02-08,과천선,대공원,2380,2495,4875
2022-02-08,과천선,범계,23610,23462,47072
2022-02-08,과천선,선바위,7769,6776,14545
2022-02-08,과천선,인덕원,22606,23902,46508
2022-02-08,과천선,정부과천청사,9943,9867,19810
2022-02-08,과천선,평촌,17435,17228,34663
2022-02-08,분당선,가천대,6063,7030,13093
2022-02-08,분당선,강남구청,10131,11485,21616
2022-02-08,분당선,개포동,3557,3685,7242
2022-02-08,분당선,구룡,2083,2060,4143
2022-02-08,분당선,구성,4732,5021,9753
2022-02-08,분당선,기흥,8932,8645,17577
2022-02-08,분당선,대모산입구,4332,4125,8457
2022-02-08,분당선,도곡,6806,6846,13652
2022-02-08,분당선,망포,13434,12824,26258
2022-02-08,분당선,매교,2658,2659,5317
2022-02-08,분당선,매탄권선,4537,4429,8966
2022-02-08,분당선,모란,18625,18709,37334
2022-02-08,분당선,미금,14699,15657,30356
2022-02-08,분당선,보정,2253,1988,4241
2022-02-08,분당선,상갈,4957,4766,9723
2022-02-08,분당선,서울숲,9401,9491,18892
2022-02-08,분당선,서현,23395,23414,46809
2022-02-08,분당선,선릉,13308,20036,33344
2022-02-08,분당선,선정릉,8141,8728,16869
2022-02-08,분당선,수내,13015,13074,26089
2022-02-08,분당선,수서,12512,12833,25345
2022-02-08,분당선,수원,7142,6063,13205
2022-02-08,분당선,수원시청,11806,12429,24235
2022-02-08,분당선,신갈,4332,4309,8641
2022-02-08,분당선,압구정로데오,18336,19753,38089
2022-02-08,분당선,야탑,24570,25374,49944
2022-02-08,분당선,영통,7332,7531,14863
2022-02-08,분당선,오리,11365,9367,20732
2022-02-08,분당선,이매,5295,5064,10359
2022-02-08,분당선,정자,16446,17287,33733
2022-02-08,분당선,죽전,12086,13130,25216
2022-02-08,분당선,청명,3897,3806,7703
2022-02-08,분당선,태평,12842,12316,25158
2022-02-08,분당선,한티,13936,15113,29049
2022-02-08,수인선,고색,4463,4124,8587
2022-02-08,수인선,남동인더스파크,2320,2564,4884
2022-02-08,수인선,달월,103,68,171
2022-02-08,수인선,사리,4048,3698,7746
2022-02-08,수인선,소래포구,4244,4040,8284
2022-02-08,수인선,송도,2245,2145,4390
2022-02-08,수인선,숭의,3798,3541,7339
2022-02-08,수인선,신포,1579,1603,3182
2022-02-08,수인선,야목,322,236,558
2022-02-08,수인선,어천,571,605,1176
2022-02-08,수인선,연수,4013,4012,8025
2022-02-08,수인선,오목천,2490,2463,4953
2022-02-08,수인선,원인재,3988,4179,8167
2022-02-08,수인선,월곶,2343,2154,4497
2022-02-08,수인선,인천,872,1466,2338
2022-02-08,수인선,인천논현,5037,5353,10390
2022-02-08,수인선,인하대,5029,4711,9740
2022-02-08,수인선,호구포,3778,3956,7734
2022-02-08,안산선,고잔,8108,7679,15787
2022-02-08,안산선,대야미,4596,4179,8775
2022-02-08,안산선,반월,3918,3731,7649
2022-02-08,안산선,산본,14524,15707,30231
2022-02-08,안산선,상록수,14212,14617,28829
2022-02-08,안산선,수리산,3858,3168,7026
2022-02-08,안산선,신길온천,1502,1383,2885
2022-02-08,안산선,안산,10649,9447,20096
2022-02-08,안산선,오이도,7323,7007,14330
2022-02-08,안산선,정왕,6732,7193,13925
2022-02-08,안산선,중앙,15805,16085,31890
2022-02-08,안산선,초지,4043,4157,8200
2022-02-08,안산선,한대앞,7918,8127,16045
2022-02-08,우이신설선,4.19민주묘지,2644,2509,5153
2022-02-08,우이신설선,가오리,3893,3878,7771
2022-02-08,우이신설선,보문,1390,1393,2783
2022-02-08,우이신설선,북한산보국문,5588,5502,11090
2022-02-08,우이신설선,북한산우이,2362,2053,4415
2022-02-08,우이신설선,삼양,1889,2060,3949
2022-02-08,우이신설선,삼양사거리,2380,2389,4769
2022-02-08,우이신설선,성신여대입구,3078,3283,6361
2022-02-08,우이신설선,솔밭공원,2318,2244,4562
2022-02-08,우이신설선,솔샘,5508,5402,10910
2022-02-08,우이신설선,신설동,2062,1940,4002
2022-02-08,우이신설선,정릉,4277,4069,8346
2022-02-08,우이신설선,화계,3272,3119,6391
2022-02-08,일산선,대곡,1850,1582,3432
2022-02-08,일산선,대화,11879,9354,21233
2022-02-08,일산선,마두,7062,7366,14428
2022-02-08,일산선,백석,9225,9225,18450
2022-02-08,일산선,삼송,18254,17890,36144
2022-02-08,일산선,원당,10301,9989,20290
2022-02-08,일산선,원흥,9947,9426,19373
2022-02-08,일산선,정발산,6648,6530,13178
2022-02-08,일산선,주엽,8265,8326,16591
2022-02-08,일산선,화정,16083,16526,32609
2022-02-08,장항선,배방,864,837,1701
2022-02-08,장항선,봉명,1141,1120,2261
2022-02-08,장항선,신창,726,723,1449
2022-02-08,장항선,쌍용,1507,1423,2930
2022-02-08,장항선,아산,2237,2015,4252
2022-02-08,장항선,온양온천,2933,2944,5877
2022-02-08,장항선,탕정,457,442,899
2022-02-08,중앙선,구리,12475,12548,25023
2022-02-08,중앙선,국수,584,579,1163
2022-02-08,중앙선,덕소,5177,5073,10250
2022-02-08,중앙선,도농,9837,9027,18864
2022-02-08,중앙선,도심,2163,1763,3926
2022-02-08,중앙선,망우,6944,6922,13866
2022-02-08,중앙선,상봉,5453,5445,10898
2022-02-08,중앙선,신원,160,149,309
2022-02-08,중앙선,아신,439,440,879
2022-02-08,중앙선,양수,1568,1546,3114
2022-02-08,중앙선,양원,2047,2058,4105
2022-02-08,중앙선,양정,669,550,1219
2022-02-08,중앙선,양평,2994,3077,6071
2022-02-08,중앙선,오빈,239,239,478
2022-02-08,중앙선,용문,1406,1366,2772
2022-02-08,중앙선,운길산,601,538,1139
2022-02-08,중앙선,원덕,314,306,620
2022-02-08,중앙선,중랑,5232,5011,10243
2022-02-08,중앙선,지평,47,56,103
2022-02-08,중앙선,팔당,737,826,1563
2022-02-08,중앙선,회기,21633,21258,42891
2022-02-09,1호선,동대문,9908,9132,19040
2022-02-09,1호선,동묘앞,7348,7491,14839
2022-02-09,1호선,서울역,38756,36031,74787
2022-02-09,1호선,시청,21132,21446,42578
2022-02-09,1호선,신설동,13339,13000,26339
2022-02-09,1호선,제기동,15979,16256,32235
2022-02-09,1호선,종각,32742,32205,64947
2022-02-09,1호선,종로3가,24002,21924,45926
2022-02-09,1호선,종로5가,20849,20647,41496
2022-02-09,1호선,청량리,18412,18307,36719
2022-02-09,2호선,강남,80793,78754,159547
2022-02-09,2호선,강변,27651,25980,53631
2022-02-09,2호선,건대입구,31139,33219,64358
2022-02-09,2호선,교대,32903,36940,69843
2022-02-09,2호선,구로디지털단지,57693,57766,115459
2022-02-09,2호선,구의,23023,22760,45783
2022-02-09,2호선,낙성대,25245,24822,50067
2022-02-09,2호선,당산,17587,20319,37906
2022-02-09,2호선,대림,22861,23271,46132
2022-02-09,2호선,도림천,1392,1521,2913
2022-02-09,2호선,동대문역사문화공원,10592,11984,22576
2022-02-09,2호선,뚝섬,21278,22987,44265
2022-02-09,2호선,문래,20629,21019,41648
2022-02-09,2호선,방배,15707,16492,32199
2022-02-09,2호선,봉천,22680,21476,44156
2022-02-09,2호선,사당,33853,36663,70516
2022-02-09,2호선,삼성,50034,50085,100119
2022-02-09,2호선,상왕십리,13697,13584,27281
2022-02-09,2호선,서울대입구,44260,43600,87860
2022-02-09,2호선,서초,20829,20279,41108
2022-02-09,2호선,선릉,55563,49450,105013
2022-02-09,2호선,성수,36777,39743,76520
2022-02-09,2호선,시청,23050,22639,45689
2022-02-09,2호선,신답,1685,1913,3598
2022-02-09,2호선,신당,12955,13282,26237
2022-02-09,2호선,신대방,24910,24555,49465
2022-02-09,2호선,신도림,44107,43197,87304
2022-02-09,2호선,신림,60056,58673,118729
2022-02-09,2호선,신설동,3204,3318,6522
2022-02-09,2호선,신정네거리,9802,10167,19969
2022-02-09,2호선,신촌,29699,30374,60073
2022-02-09,2호선,아현,9645,9354,18999
2022-02-09,2호선,양천구청,6557,6838,13395
2022-02-09,2호선,역삼,51921,57730,109651
2022-02-09,2호선,영등포구청,22229,22884,45113
2022-02-09,2호선,왕십리,14750,12128,26878
2022-02-09,2호선,용답,2587,2603,5190
2022-02-09,2호선,용두,2223,2365,4588
2022-02-09,2호선,을지로3가,21125,20907,42032
2022-02-09,2호선,을지로4가,12532,12514,25046
2022-02-09,2호선,을지로입구,36501,37500,74001
2022-02-09,2호선,이대,11983,12607,24590
2022-02-09,2호선,잠실,62171,61072,123243
2022-02-09,2호선,잠실나루,14272,13842,28114
2022-02-09,2호선,잠실새내,20005,19759,39764
2022-02-09,2호선,종합운동장,7052,7765,14817
2022-02-09,2호선,충정로,9848,10662,20510
2022-02-09,2호선,한양대,6581,6875,13456
2022-02-09,2호선,합정,28899,29477,58376
2022-02-09,2호선,홍대입구,47562,48334,95896
2022-02-09,3호선,가락시장,8490,8175,16665
2022-02-09,3호선,경복궁,18469,18218,36687
2022-02-09,3호선,경찰병원,7187,7169,14356
2022-02-09,3호선,고속터미널,34197,32273,66470
2022-02-09,3호선,교대,13667,8887,22554
2022-02-09,3호선,구파발,19727,18808,38535
2022-02-09,3호선,금호,7646,7374,15020
2022-02-09,3호선,남부터미널,27601,28112,55713
2022-02-09,3호선,녹번,14846,13708,28554
2022-02-09,3호선,대청,9945,9217,19162
2022-02-09,3호선,대치,10570,10867,21437
2022-02-09,3호선,도곡,5097,5241,10338
2022-02-09,3호선,독립문,6547,6761,13308
2022-02-09,3호선,동대입구,6966,7249,14215
2022-02-09,3호선,매봉,12086,11650,23736
2022-02-09,3호선,무악재,3712,3828,7540
2022-02-09,3호선,불광,15433,16529,31962
2022-02-09,3호선,수서,15684,15887,31571
2022-02-09,3호선,신사,29374,30304,59678
2022-02-09,3호선,안국,19233,19840,39073
2022-02-09,3호선,압구정,31259,33132,64391
2022-02-09,3호선,약수,12390,12013,24403
2022-02-09,3호선,양재,36826,39852,76678
2022-02-09,3호선,연신내,34770,32927,67697
2022-02-09,3호선,오금,5973,5411,11384
2022-02-09,3호선,옥수,8279,8729,17008
2022-02-09,3호선,을지로3가,10204,10289,20493
2022-02-09,3호선,일원,10157,9828,19985
2022-02-09,3호선,잠원,4522,4453,8975
2022-02-09,3호선,종로3가,10071,11151,21222
2022-02-09,3호선,지축,4325,4190,8515
2022-02-09,3호선,학여울,1764,1779,3543
2022-02-09,3호선,홍제,16377,15650,32027
2022-02-09,4호선,길음,19008,19043,38051
2022-02-09,4호선,남태령,1069,904,1973
2022-02-09,4호선,노원,17535,19609,37144
2022-02-09,4호선,당고개,12004,10899,22903
2022-02-09,4호선,동대문,18185,18727,36912
2022-02-09,4호선,동대문역사문화공원,13770,12474,26244
2022-02-09,4호선,동작,1392,1570,2962
2022-02-09,4호선,명동,16275,16716,32991
2022-02-09,4호선,미아,14355,13886,28241
2022-02-09,4호선,미아사거리,25947,25171,51118
2022-02-09,4호선,사당,23071,18893,41964
2022-02-09,4호선,삼각지,4612,4979,9591
2022-02-09,4호선,상계,17717,16745,34462
2022-02-09,4호선,서울역,10314,14148,24462
2022-02-09,4호선,성신여대입구,18426,17827,36253
2022-02-09,4호선,수유,32036,32275,64311
2022-02-09,4호선,숙대입구,11737,11545,23282
2022-02-09,4호선,신용산,15353,16126,31479
2022-02-09,4호선,쌍문,27741,25764,53505
2022-02-09,4호선,이촌,7023,7819,14842
2022-02-09,4호선,창동,23690,25083,48773
2022-02-09,4호선,총신대입구,17938,19321,37259
2022-02-09,4호선,충무로,24550,25364,49914
2022-02-09,4호선,한성대입구,12308,11949,24257
2022-02-09,4호선,혜화,30310,30150,60460
2022-02-09,4호선,회현,22049,23352,45401
2022-02-09,5호선,강동,17660,17220,34880
2022-02-09,5호선,강일,3837,3796,7633
2022-02-09,5호선,개롱,6268,6677,12945
2022-02-09,5호선,개화산,5556,5263,10819
2022-02-09,5호선,거여,8962,8747,17709
2022-02-09,5호선,고덕,9162,9863,19025
2022-02-09,5호선,공덕,13443,14366,27809
2022-02-09,5호선,광나루,12327,11610,23937
2022-02-09,5호선,광화문,27844,27525,55369
2022-02-09,5호선,군자,10801,11828,22629
2022-02-09,5호선,굽은다리,9020,8854,17874
2022-02-09,5호선,길동,7670,8075,15745
2022-02-09,5호선,김포공항,6767,6367,13134
2022-02-09,5호선,까치산,27809,27100,54909
2022-02-09,5호선,답십리,15560,14408,29968
2022-02-09,5호선,동대문역사문화공원,2783,3152,5935
2022-02-09,5호선,둔촌동,8346,8369,16715
2022-02-09,5호선,마곡,10855,10722,21577
2022-02-09,5호선,마장,5288,4993,10281
2022-02-09,5호선,마천,6684,6640,13324
2022-02-09,5호선,마포,14238,14506,28744
2022-02-09,5호선,명일,8139,8756,16895
2022-02-09,5호선,목동,16206,17624,33830
2022-02-09,5호선,미사,15300,15290,30590
2022-02-09,5호선,발산,19586,19613,39199
2022-02-09,5호선,방이,6980,7103,14083
2022-02-09,5호선,방화,6202,5904,12106
2022-02-09,5호선,상일동,14679,14103,28782
2022-02-09,5호선,서대문,18655,18176,36831
2022-02-09,5호선,송정,6325,5958,12283
2022-02-09,5호선,신금호,6164,6447,12611
2022-02-09,5호선,신길,4006,4369,8375
2022-02-09,5호선,신정,13616,11229,24845
2022-02-09,5호선,아차산,13872,13685,27557
2022-02-09,5호선,애오개,6672,6885,13557
2022-02-09,5호선,양평,7542,7501,15043
2022-02-09,5호선,여의나루,8367,8996,17363
2022-02-09,5호선,여의도,28006,28668,56674
2022-02-09,5호선,영등포구청,3904,3951,7855
2022-02-09,5호선,영등포시장,9745,9915,19660
2022-02-09,5호선,오금,3547,3513,7060
2022-02-09,5호선,오목교,20573,22000,42573
2022-02-09,5호선,올림픽공원,3934,3584,7518
2022-02-09,5호선,왕십리,4381,4891,9272
2022-02-09,5호선,우장산,13569,13688,27257
2022-02-09,5호선,을지로4가,6067,5633,11700
2022-02-09,5호선,장한평,18240,18319,36559
2022-02-09,5호선,종로3가,11307,11069,22376
2022-02-09,5호선,천호,17083,16904,33987
2022-02-09,5호선,청구,4018,3673,7691
2022-02-09,5호선,충정로,4765,4885,9650
2022-02-09,5호선,하남검단산,5192,5046,10238
2022-02-09,5호선,하남시청,6394,6287,12681
2022-02-09,5호선,하남풍산,4062,4082,8144
2022-02-09,5호선,행당,7704,7136,14840
2022-02-09,5호선,화곡,27272,25597,52869
2022-02-09,6호선,고려대,7209,7269,14478
2022-02-09,6호선,공덕,17922,17228,35150
2022-02-09,6호선,광흥창,8654,8558,17212
2022-02-09,6호선,구산,7133,5530,12663
2022-02-09,6호선,녹사평,4067,4088,8155
2022-02-09,6호선,대흥,7599,7958,15557
2022-02-09,6호선,독바위,2526,2696,5222
2022-02-09,6호선,돌곶이,9009,8624,17633
2022-02-09,6호선,동묘앞,7225,7322,14547
2022-02-09,6호선,디지털미디어시티,13223,14548,27771
2022-02-09,6호선,마포구청,13657,12652,26309
2022-02-09,6호선,망원,13208,13933,27141
2022-02-09,6호선,버티고개,1847,1959,3806
2022-02-09,6호선,보문,6952,6424,13376
2022-02-09,6호선,봉화산,8573,8027,16600
2022-02-09,6호선,불광,4089,3975,8064
2022-02-09,6호선,삼각지,5724,5083,10807
2022-02-09,6호선,상수,7432,8258,15690
2022-02-09,6호선,상월곡,5885,5325,11210
2022-02-09,6호선,새절,12237,11583,23820
2022-02-09,6호선,석계,11442,11906,23348
2022-02-09,6호선,신당,7292,7767,15059
2022-02-09,6호선,안암,9300,9253,18553
2022-02-09,6호선,약수,3427,3380,6807
2022-02-09,6호선,역촌,3965,4642,8607
2022-02-09,6호선,월곡,10990,11029,22019
2022-02-09,6호선,월드컵경기장,3789,3969,7758
2022-02-09,6호선,응암,16772,16890,33662
2022-02-09,6호선,이태원,8512,8620,17132
2022-02-09,6호선,증산,9718,9776,19494
2022-02-09,6호선,창신,3148,2619,5767
2022-02-09,6호선,청구,3688,3985,7673
2022-02-09,6호선,태릉입구,5128,5596,10724
2022-02-09,6호선,한강진,6857,7692,14549
2022-02-09,6호선,합정,11886,11504,23390
2022-02-09,6호선,화랑대,10991,8656,19647
2022-02-09,6호선,효창공원앞,6516,6000,12516
2022-02-09,7호선,가산디지털단지,45828,45986,91814
2022-02-09,7호선,강남구청,16271,17839,34110
2022-02-09,7호선,건대입구,11418,11653,23071
2022-02-09,7호선,고속터미널,13854,12228,26082
2022-02-09,7호선,공릉,11014,10930,21944
2022-02-09,7호선,광명사거리,20992,20836,41828
2022-02-09,7호선,군자,14562,11818,26380
2022-02-09,7호선,까치울,1,0,1
2022-02-09,7호선,남구로,15594,16449,32043
2022-02-09,7호선,남성,10565,9874,20439
2022-02-09,7호선,내방,14363,14549,28912
2022-02-09,7호선,노원,18325,19129,37454
2022-02-09,7호선,논현,19883,21381,41264
2022-02-09,7호선,대림,7209,7207,14416
2022-02-09,7호선,도봉산,9172,9935,19107
2022-02-09,7호선,뚝섬유원지,7032,6892,13924
2022-02-09,7호선,마들,12315,11796,24111
2022-02-09,7호선,먹골,9766,9643,19409
2022-02-09,7호선,면목,14692,14554,29246
2022-02-09,7호선,반포,5590,5365,10955
2022-02-09,7호선,보라매,9380,9392,18772
2022-02-09,7호선,부천시청,1,0,1
2022-02-09,7호선,부평구청,1,0,1
2022-02-09,7호선,사가정,15644,15508,31152
2022-02-09,7호선,상도,10082,9901,19983
2022-02-09,7호선,상동,1,0,1
2022-02-09,7호선,상봉,16055,14984,31039
2022-02-09,7호선,수락산,11944,11825,23769
2022-02-09,7호선,숭실대입구,10868,11087,21955
2022-02-09,7호선,신대방삼거리,15886,15502,31388
2022-02-09,7호선,신풍,11160,10665,21825
2022-02-09,7호선,어린이대공원,11368,11226,22594
2022-02-09,7호선,온수,9979,9216,19195
2022-02-09,7호선,용마산,5719,5641,11360
2022-02-09,7호선,이수,15134,14684,29818
2022-02-09,7호선,장승배기,8703,8615,17318
2022-02-09,7호선,장암,2178,778,2956
2022-02-09,7호선,중계,13693,12569,26262
2022-02-09,7호선,중곡,10382,9901,20283
2022-02-09,7호선,중화,10364,10254,20618
2022-02-09,7호선,천왕,11158,10645,21803
2022-02-09,7호선,철산,19781,20097,39878
2022-02-09,7호선,청담,18975,21140,40115
2022-02-09,7호선,춘의,1,0,1
2022-02-09,7호선,태릉입구,8017,7503,15520
2022-02-09,7호선,하계,17046,16096,33142
2022-02-09,7호선,학동,24563,25887,50450
2022-02-09,8호선,가락시장,7494,8183,15677
2022-02-09,8호선,강동구청,10375,10844,21219
2022-02-09,8호선,남위례,3937,4204,8141
2022-02-09,8호선,남한산성입구,13072,11992,25064
2022-02-09,8호선,단대오거리,10338,10140,20478
2022-02-09,8호선,모란,5596,4369,9965
2022-02-09,8호선,몽촌토성,5840,5894,11734
2022-02-09,8호선,문정,22338,23456,45794
2022-02-09,8호선,복정,9035,7730,16765
2022-02-09,8호선,산성,5045,5048,10093
2022-02-09,8호선,석촌,7615,8579,16194
2022-02-09,8호선,송파,7433,7510,14943
2022-02-09,8호선,수진,5107,4723,9830
2022-02-09,8호선,신흥,4036,4490,8526
2022-02-09,8호선,암사,18633,16418,35051
2022-02-09,8호선,잠실,12994,14737,27731
2022-02-09,8호선,장지,16709,16122,32831
2022-02-09,8호선,천호,14427,16205,30632
2022-02-09,9호선,가양,19727,19274,39001
2022-02-09,9호선,개화,2390,1648,4038
2022-02-09,9호선,고속터미널,10703,13862,24565
2022-02-09,9호선,공항시장,2912,3130,6042
2022-02-09,9호선,구반포,1325,1429,2754
2022-02-09,9호선,국회의사당,16460,17043,33503
2022-02-09,9호선,김포공항,6727,10426,17153
2022-02-09,9호선,노들,4281,3754,8035
2022-02-09,9호선,노량진,24687,23982,48669
2022-02-09,9호선,당산,17422,17621,35043
2022-02-09,9호선,동작,1940,1499,3439
2022-02-09,9호선,등촌,10977,10782,21759
2022-02-09,9호선,마곡나루,11447,11396,22843
2022-02-09,9호선,사평,3255,3250,6505
2022-02-09,9호선,샛강,5723,5911,11634
2022-02-09,9호선,선유도,8563,8251,16814
2022-02-09,9호선,신논현,30175,29747,59922
2022-02-09,9호선,신목동,3980,3542,7522
2022-02-09,9호선,신반포,3347,3112,6459
2022-02-09,9호선,신방화,6472,6328,12800
2022-02-09,9호선,양천향교,9242,9566,18808
2022-02-09,9호선,여의도,26732,25690,52422
2022-02-09,9호선,염창,16773,16459,33232
2022-02-09,9호선,증미,7128,7117,14245
2022-02-09,9호선,흑석,7634,8082,15716
2022-02-09,9호선2~3단계,둔촌오륜,1118,1062,2180
2022-02-09,9호선2~3단계,봉은사,16177,16754,32931
2022-02-09,9호선2~3단계,삼성중앙,6690,7091,13781
2022-02-09,9호선2~3단계,삼전,6778,6603,13381
2022-02-09,9호선2~3단계,석촌,8247,7389,15636
2022-02-09,9호선2~3단계,석촌고분,5961,5986,11947
2022-02-09,9호선2~3단계,선정릉,9670,10502,20172
2022-02-09,9호선2~3단계,송파나루,4761,5077,9838
2022-02-09,9호선2~3단계,언주,10640,10851,21491
2022-02-09,9호선2~3단계,올림픽공원,5667,5485,11152
2022-02-09,9호선2~3단계,종합운동장,4144,4188,8332
2022-02-09,9호선2~3단계,중앙보훈병원,10756,9468,20224
2022-02-09,9호선2~3단계,한성백제,2499,2275,4774
2022-02-09,경강선,경기광주,7204,6782,13986
2022-02-09,경강선,곤지암,2002,1909,3911
2022-02-09,경강선,부발,1778,1686,3464
2022-02-09,경강선,삼동,2304,2141,4445
2022-02-09,경강선,세종대왕릉,283,289,572
2022-02-09,경강선,신둔도예촌,1235,1246,2481
2022-02-09,경강선,여주,1659,1693,3352
2022-02-09,경강선,이매,995,839,1834
2022-02-09,경강선,이천,2195,2246,4441
2022-02-09,경강선,초월,2870,2832,5702
2022-02-09,경강선,판교,4419,4341,8760
2022-02-09,경부선,가산디지털단지,18108,20828,38936
2022-02-09,경부선,관악,6917,6495,13412
2022-02-09,경부선,광명,2968,2555,5523
2022-02-09,경부선,구로,17935,18115,36050
2022-02-09,경부선,군포,7599,7674,15273
2022-02-09,경부선,금정,25056,25721,50777
2022-02-09,경부선,금천구청,11436,11428,22864
2022-02-09,경부선,남영,8442,8753,17195
2022-02-09,경부선,노량진,7444,7554,14998
2022-02-09,경부선,당정,5728,5534,11262
2022-02-09,경부선,대방,12221,12623,24844
2022-02-09,경부선,독산,18298,19153,37451
2022-02-09,경부선,두정,4297,4174,8471
2022-02-09,경부선,명학,8582,8456,17038
2022-02-09,경부선,병점,12492,12457,24949
2022-02-09,경부선,서동탄,1286,1129,2415
2022-02-09,경부선,서울역,4833,1582,6415
2022-02-09,경부선,서정리,5739,5412,11151
2022-02-09,경부선,석수,9158,8264,17422
2022-02-09,경부선,성균관대,12900,12785,25685
2022-02-09,경부선,성환,2658,2727,5385
2022-02-09,경부선,세류,2709,2448,5157
2022-02-09,경부선,세마,2600,2406,5006
2022-02-09,경부선,송탄,3672,3556,7228
2022-02-09,경부선,수원,28594,29995,58589
2022-02-09,경부선,신길,8624,7304,15928
2022-02-09,경부선,신도림,4106,3873,7979
2022-02-09,경부선,안양,19480,19603,39083
2022-02-09,경부선,영등포,33562,34141,67703
2022-02-09,경부선,오산,8272,8375,16647
2022-02-09,경부선,오산대,2913,2749,5662
2022-02-09,경부선,용산,29028,29153,58181
2022-02-09,경부선,의왕,8739,8697,17436
2022-02-09,경부선,직산,681,712,1393
2022-02-09,경부선,진위,1502,1322,2824
2022-02-09,경부선,천안,3926,4151,8077
2022-02-09,경부선,평택,9432,9481,18913
2022-02-09,경부선,평택지제,2915,2844,5759
2022-02-09,경부선,화서,7287,7154,14441
2022-02-09,경원선,가능,5994,5823,11817
2022-02-09,경원선,광운대,6862,6614,13476
2022-02-09,경원선,녹양,4370,4179,8549
2022-02-09,경원선,녹천,4483,3817,8300
2022-02-09,경원선,덕계,2852,2526,5378
2022-02-09,경원선,덕정,4813,4700,9513
2022-02-09,경원선,도봉,5845,5661,11506
2022-02-09,경원선,도봉산,6567,4549,11116
2022-02-09,경원선,동두천,1846,2044,3890
2022-02-09,경원선,동두천중앙,2722,2622,5344
2022-02-09,경원선,망월사,6866,7160,14026
2022-02-09,경원선,방학,9212,9055,18267
2022-02-09,경원선,보산,1224,1146,2370
2022-02-09,경원선,서빙고,1920,1835,3755
2022-02-09,경원선,석계,7426,8376,15802
2022-02-09,경원선,소요산,2180,1910,4090
2022-02-09,경원선,신이문,7864,7487,15351
2022-02-09,경원선,양주,6955,6599,13554
2022-02-09,경원선,옥수,41,33,74
2022-02-09,경원선,왕십리,12508,14102,26610
2022-02-09,경원선,외대앞,6600,6639,13239
2022-02-09,경원선,월계,5760,5584,11344
2022-02-09,경원선,응봉,1725,1495,3220
2022-02-09,경원선,의정부,16813,17190,34003
2022-02-09,경원선,이촌,3511,2730,6241
2022-02-09,경원선,지행,5695,5565,11260
2022-02-09,경원선,청량리,12811,13400,26211
2022-02-09,경원선,한남,3958,3694,7652
2022-02-09,경원선,회룡,11957,11767,23724
2022-02-09,경의선,가좌,5036,4882,9918
2022-02-09,경의선,강매,3112,2699,5811
2022-02-09,경의선,곡산,601,618,1219
2022-02-09,경의선,공덕,3291,3078,6369
2022-02-09,경의선,금릉,4379,4100,8479
2022-02-09,경의선,금촌,5720,5719,11439
2022-02-09,경의선,능곡,3535,3222,6757
2022-02-09,경의선,디지털미디어시티,2288,2084,4372
2022-02-09,경의선,문산,4763,4715,9478
2022-02-09,경의선,백마,6384,6169,12553
2022-02-09,경의선,서강대,1974,1837,3811
2022-02-09,경의선,서울역,3974,5071,9045
2022-02-09,경의선,수색,2738,2853,5591
2022-02-09,경의선,신촌,753,978,1731
2022-02-09,경의선,야당,6805,6769,13574
2022-02-09,경의선,운정,6392,5929,12321
2022-02-09,경의선,월롱,2238,2102,4340
2022-02-09,경의선,일산,8616,8509,17125
2022-02-09,경의선,임진강,7,17,24
2022-02-09,경의선,탄현,7195,7058,14253
2022-02-09,경의선,파주,899,690,1589
2022-02-09,경의선,풍산,5080,4832,9912
2022-02-09,경의선,행신,7179,7313,14492
2022-02-09,경의선,홍대입구,1541,1753,3294
2022-02-09,경의선,화전,1301,1222,2523
2022-02-09,경의선,효창공원앞,2862,3273,6135
2022-02-09,경인선,간석,5570,5270,10840
2022-02-09,경인선,개봉,20553,20392,40945
2022-02-09,경인선,구일,5939,6009,11948
2022-02-09,경인선,도원,2292,2366,4658
2022-02-09,경인선,도화,3868,3644,7512
2022-02-09,경인선,동암,13558,13641,27199
2022-02-09,경인선,동인천,13027,12358,25385
2022-02-09,경인선,백운,6325,6386,12711
2022-02-09,경인선,부개,8061,7573,15634
2022-02-09,경인선,부천,29912,29832,59744
2022-02-09,경인선,부평,26564,27808,54372
2022-02-09,경인선,소사,7939,7713,15652
2022-02-09,경인선,송내,25330,25238,50568
2022-02-09,경인선,역곡,24958,25196,50154
2022-02-09,경인선,오류동,11324,10762,22086
2022-02-09,경인선,온수,6145,5962,12107
2022-02-09,경인선,인천,3024,2332,5356
2022-02-09,경인선,제물포,9682,9184,18866
2022-02-09,경인선,주안,16849,15371,32220
2022-02-09,경인선,중동,8759,8338,17097
2022-02-09,경춘선,가평,1346,1373,2719
2022-02-09,경춘선,갈매,2869,2563,5432
2022-02-09,경춘선,강촌,300,258,558
2022-02-09,경춘선,굴봉산,134,163,297
2022-02-09,경춘선,금곡,1351,1279,2630
2022-02-09,경춘선,김유정,252,277,529
2022-02-09,경춘선,남춘천,1871,1937,3808
2022-02-09,경춘선,대성리,419,360,779
2022-02-09,경춘선,마석,3298,3319,6617
2022-02-09,경춘선,백양리,322,260,582
2022-02-09,경춘선,별내,3151,3025,6176
2022-02-09,경춘선,사릉,2995,2926,5921
2022-02-09,경춘선,상천,203,196,399
2022-02-09,경춘선,신내,2003,1918,3921
2022-02-09,경춘선,천마산,1525,1387,2912
2022-02-09,경춘선,청평,1339,1295,2634
2022-02-09,경춘선,춘천,953,869,1822
2022-02-09,경춘선,퇴계원,3357,3090,6447
2022-02-09,경춘선,평내호평,5672,5537,11209
2022-02-09,공항철도,검암,6304,6138,12442
2022-02-09,공항철도,계양,9657,8926,18583
2022-02-09,공항철도,공덕,2235,2800,5035
2022-02-09,공항철도,공항화물청사,2283,2422,4705
2022-02-09,공항철도,김포공항,11143,6215,17358
2022-02-09,공항철도,디지털미디어시티,13160,12053,25213
2022-02-09,공항철도,마곡나루,8581,8272,16853
2022-02-09,공항철도,서울역,6481,5892,12373
2022-02-09,공항철도,영종,2704,2700,5404
2022-02-09,공항철도,운서,6101,6175,12276
2022-02-09,공항철도,인천공항1터미널,3191,3489,6680
2022-02-09,공항철도,인천공항2터미널,1832,1876,3708
2022-02-09,공항철도,청라국제도시,6385,6023,12408
2022-02-09,공항철도,홍대입구,8545,8595,17140
2022-02-09,과천선,경마공원,1502,1553,3055
2022-02-09,과천선,과천,5861,5542,11403
2022-02-09,과천선,대공원,2417,2549,4966
2022-02-09,과천선,범계,24085,23716,47801
2022-02-09,과천선,선바위,7605,6745,14350
2022-02-09,과천선,인덕원,22849,24120,46969
2022-02-09,과천선,정부과천청사,9903,9965,19868
2022-02-09,과천선,평촌,17279,16975,34254
2022-02-09,분당선,가천대,6093,7037,13130
2022-02-09,분당선,강남구청,10225,11527,21752
2022-02-09,분당선,개포동,3770,3940,7710
2022-02-09,분당선,구룡,2093,2089,4182
2022-02-09,분당선,구성,4874,5213,10087
2022-02-09,분당선,기흥,9003,8508,17511
2022-02-09,분당선,대모산입구,4324,4121,8445
2022-02-09,분당선,도곡,6722,6682,13404
2022-02-09,분당선,망포,13472,12774,26246
2022-02-09,분당선,매교,2621,2678,5299
2022-02-09,분당선,매탄권선,4480,4404,8884
2022-02-09,분당선,모란,23422,24478,47900
2022-02-09,분당선,미금,15126,16156,31282
2022-02-09,분당선,보정,2307,2105,4412
2022-02-09,분당선,복정,1,0,1
2022-02-09,분당선,상갈,5161,4885,10046
2022-02-09,분당선,서울숲,9859,9902,19761
2022-02-09,분당선,서현,23673,23773,47446
2022-02-09,분당선,선릉,13323,19901,33224
2022-02-09,분당선,선정릉,8194,8653,16847
2022-02-09,분당선,수내,13162,13095,26257
2022-02-09,분당선,수서,12769,13122,25891
2022-02-09,분당선,수원,7392,6229,13621
2022-02-09,분당선,수원시청,11885,12646,24531
2022-02-09,분당선,신갈,4250,4336,8586
2022-02-09,분당선,압구정로데오,18098,19511,37609
2022-02-09,분당선,야탑,25356,26031,51387
2022-02-09,분당선,영통,7599,7570,15169
2022-02-09,분당선,오리,11502,9552,21054
2022-02-09,분당선,이매,5297,5191,10488
2022-02-09,분당선,정자,16421,17624,34045
2022-02-09,분당선,죽전,12419,13505,25924
2022-02-09,분당선,청명,3943,3829,7772
2022-02-09,분당선,태평,13103,12594,25697
2022-02-09,분당선,한티,13960,15133,29093
2022-02-09,수인선,고색,4479,4126,8605
2022-02-09,수인선,남동인더스파크,2298,2559,4857
2022-02-09,수인선,달월,92,51,143
2022-02-09,수인선,사리,4059,3726,7785
2022-02-09,수인선,소래포구,4325,4039,8364
2022-02-09,수인선,송도,2331,2221,4552
2022-02-09,수인선,숭의,3762,3541,7303
2022-02-09,수인선,신포,1610,1570,3180
2022-02-09,수인선,야목,312,243,555
2022-02-09,수인선,어천,651,651,1302
2022-02-09,수인선,연수,3947,3969,7916
2022-02-09,수인선,오목천,2477,2436,4913
2022-02-09,수인선,원인재,4087,4287,8374
2022-02-09,수인선,월곶,2468,2326,4794
2022-02-09,수인선,인천,918,1512,2430
2022-02-09,수인선,인천논현,5134,5454,10588
2022-02-09,수인선,인하대,5112,4854,9966
2022-02-09,수인선,호구포,3783,4021,7804
2022-02-09,안산선,고잔,8264,7828,16092
2022-02-09,안산선,대야미,4695,4260,8955
2022-02-09,안산선,반월,3979,3843,7822
2022-02-09,안산선,산본,14857,15828,30685
2022-02-09,안산선,상록수,14434,14835,29269
2022-02-09,안산선,수리산,3883,3277,7160
2022-02-09,안산선,신길온천,1560,1440,3000
2022-02-09,안산선,안산,10553,9565,20118
2022-02-09,안산선,오이도,7333,7139,14472
2022-02-09,안산선,정왕,6911,7429,14340
2022-02-09,안산선,중앙,15899,16222,32121
2022-02-09,안산선,초지,4105,4268,8373
2022-02-09,안산선,한대앞,7896,8074,15970
2022-02-09,우이신설선,4.19민주묘지,2767,2571,5338
2022-02-09,우이신설선,가오리,4064,4077,8141
2022-02-09,우이신설선,보문,1441,1464,2905
2022-02-09,우이신설선,북한산보국문,5748,5556,11304
2022-02-09,우이신설선,북한산우이,2571,2289,4860
2022-02-09,우이신설선,삼양,1933,2044,3977
2022-02-09,우이신설선,삼양사거리,2417,2453,4870
2022-02-09,우이신설선,성신여대입구,3128,3314,6442
2022-02-09,우이신설선,솔밭공원,2455,2355,4810
2022-02-09,우이신설선,솔샘,5718,5441,11159
2022-02-09,우이신설선,신설동,2164,2129,4293
2022-02-09,우이신설선,정릉,4405,4137,8542
2022-02-09,우이신설선,화계,3316,3244,6560
2022-02-09,일산선,대곡,1800,1474,3274
2022-02-09,일산선,대화,11834,9462,21296
2022-02-09,일산선,마두,7094,7408,14502
2022-02-09,일산선,백석,9098,9122,18220
2022-02-09,일산선,삼송,18373,18096,36469
2022-02-09,일산선,원당,10313,9932,20245
2022-02-09,일산선,원흥,9907,9480,19387
2022-02-09,일산선,정발산,6922,6798,13720
2022-02-09,일산선,주엽,8397,8496,16893
2022-02-09,일산선,화정,15963,16357,32320
2022-02-09,장항선,배방,858,857,1715
2022-02-09,장항선,봉명,1171,1170,2341
2022-02-09,장항선,신창,856,839,1695
2022-02-09,장항선,쌍용,1630,1522,3152
2022-02-09,장항선,아산,2290,2048,4338
2022-02-09,장항선,온양온천,3823,3811,7634
2022-02-09,장항선,탕정,462,449,911
2022-02-09,중앙선,구리,12380,12593,24973
2022-02-09,중앙선,국수,524,553,1077
2022-02-09,중앙선,덕소,5075,5100,10175
2022-02-09,중앙선,도농,10006,9128,19134
2022-02-09,중앙선,도심,2166,1686,3852
2022-02-09,중앙선,망우,7071,7077,14148
2022-02-09,중앙선,상봉,5444,5454,10898
2022-02-09,중앙선,신원,150,129,279
2022-02-09,중앙선,아신,422,420,842
2022-02-09,중앙선,양수,1590,1551,3141
2022-02-09,중앙선,양원,2151,2126,4277
2022-02-09,중앙선,양정,681,607,1288
2022-02-09,중앙선,양평,2228,2218,4446
2022-02-09,중앙선,오빈,262,261,523
2022-02-09,중앙선,용문,1356,1385,2741
2022-02-09,중앙선,운길산,578,535,1113
2022-02-09,중앙선,원덕,292,281,573
2022-02-09,중앙선,중랑,5329,5158,10487
2022-02-09,중앙선,지평,55,49,104
2022-02-09,중앙선,팔당,773,812,1585
2022-02-09,중앙선,회기,21801,21317,43118
2022-02-10,1호선,동대문,9818,9130,18948
2022-02-10,1호선,동묘앞,6957,7271,14228
2022-02-10,1호선,서울역,38849,36875,75724
2022-02-10,1호선,시청,20919,21339,42258
2022-02-10,1호선,신설동,13261,12981,26242
2022-02-10,1호선,제기동,16315,16369,32684
2022-02-10,1호선,종각,31926,31261,63187
2022-02-10,1호선,종로3가,23631,21759,45390
2022-02-10,1호선,종로5가,21142,20939,42081
2022-02-10,1호선,청량리,18451,18420,36871
2022-02-10,2호선,강남,81452,79256,160708
2022-02-10,2호선,강변,27320,26325,53645
2022-02-10,2호선,건대입구,31348,33216,64564
2022-02-10,2호선,교대,32816,36773,69589
2022-02-10,2호선,구로디지털단지,57568,57393,114961
2022-02-10,2호선,구의,22640,22484,45124
2022-02-10,2호선,낙성대,25718,25095,50813
2022-02-10,2호선,당산,17549,20149,37698
2022-02-10,2호선,대림,22547,23187,45734
2022-02-10,2호선,도림천,1381,1415,2796
2022-02-10,2호선,동대문역사문화공원,10584,11674,22258
2022-02-10,2호선,뚝섬,21465,22933,44398
2022-02-10,2호선,문래,20638,20928,41566
2022-02-10,2호선,방배,15633,16324,31957
2022-02-10,2호선,봉천,22469,21310,43779
2022-02-10,2호선,사당,34149,37006,71155
2022-02-10,2호선,삼성,49380,49727,99107
2022-02-10,2호선,상왕십리,13375,13269,26644
2022-02-10,2호선,서울대입구,44317,43729,88046
2022-02-10,2호선,서초,20701,20220,40921
2022-02-10,2호선,선릉,55193,49160,104353
2022-02-10,2호선,성수,36583,39473,76056
2022-02-10,2호선,시청,22715,22010,44725
2022-02-10,2호선,신답,1549,1822,3371
2022-02-10,2호선,신당,12942,13479,26421
2022-02-10,2호선,신대방,25176,24604,49780
2022-02-10,2호선,신도림,44378,43888,88266
2022-02-10,2호선,신림,59971,58842,118813
2022-02-10,2호선,신설동,3220,3242,6462
2022-02-10,2호선,신정네거리,9903,10217,20120
2022-02-10,2호선,신촌,29376,30281,59657
2022-02-10,2호선,아현,9609,9199,18808
2022-02-10,2호선,양천구청,6543,6866,13409
2022-02-10,2호선,역삼,51612,57299,108911
2022-02-10,2호선,영등포구청,22273,22802,45075
2022-02-10,2호선,왕십리,14445,12114,26559
2022-02-10,2호선,용답,2530,2571,5101
2022-02-10,2호선,용두,2210,2325,4535
2022-02-10,2호선,을지로3가,20461,20503,40964
2022-02-10,2호선,을지로4가,12481,12433,24914
2022-02-10,2호선,을지로입구,36225,36916,73141
2022-02-10,2호선,이대,11737,12411,24148
2022-02-10,2호선,잠실,62478,61855,124333
2022-02-10,2호선,잠실나루,14013,13623,27636
2022-02-10,2호선,잠실새내,20229,20071,40300
2022-02-10,2호선,종합운동장,6880,7285,14165
2022-02-10,2호선,충정로,9468,10059,19527
2022-02-10,2호선,한양대,6522,6860,13382
2022-02-10,2호선,합정,29012,30191,59203
2022-02-10,2호선,홍대입구,48587,49601,98188
2022-02-10,3호선,가락시장,8582,8417,16999
2022-02-10,3호선,경복궁,18191,18101,36292
2022-02-10,3호선,경찰병원,7083,7074,14157
2022-02-10,3호선,고속터미널,35373,33881,69254
2022-02-10,3호선,교대,13892,8973,22865
2022-02-10,3호선,구파발,19465,18498,37963
2022-02-10,3호선,금호,7519,7161,14680
2022-02-10,3호선,남부터미널,28151,28644,56795
2022-02-10,3호선,녹번,14644,13392,28036
2022-02-10,3호선,대청,9754,9190,18944
2022-02-10,3호선,대치,10998,11062,22060
2022-02-10,3호선,도곡,5168,5395,10563
2022-02-10,3호선,독립문,6709,6886,13595
2022-02-10,3호선,동대입구,6951,7137,14088
2022-02-10,3호선,매봉,12011,11584,23595
2022-02-10,3호선,무악재,3758,3743,7501
2022-02-10,3호선,불광,15563,16637,32200
2022-02-10,3호선,수서,15874,16203,32077
2022-02-10,3호선,신사,30712,31763,62475
2022-02-10,3호선,안국,18922,19038,37960
2022-02-10,3호선,압구정,31082,32704,63786
2022-02-10,3호선,약수,12273,11998,24271
2022-02-10,3호선,양재,37428,40471,77899
2022-02-10,3호선,연신내,34948,33244,68192
2022-02-10,3호선,오금,5916,5404,11320
2022-02-10,3호선,옥수,8326,8637,16963
2022-02-10,3호선,을지로3가,9854,10102,19956
2022-02-10,3호선,일원,10121,9843,19964
2022-02-10,3호선,잠원,4384,4368,8752
2022-02-10,3호선,종로3가,9990,11284,21274
2022-02-10,3호선,지축,4326,4191,8517
2022-02-10,3호선,충무로,2,0,2
2022-02-10,3호선,학여울,3082,3166,6248
2022-02-10,3호선,홍제,16331,15692,32023
2022-02-10,4호선,길음,18877,18775,37652
2022-02-10,4호선,남태령,1078,978,2056
2022-02-10,4호선,노원,17572,19560,37132
2022-02-10,4호선,당고개,12148,11104,23252
2022-02-10,4호선,동대문,18131,18681,36812
2022-02-10,4호선,동대문역사문화공원,13810,12431,26241
2022-02-10,4호선,동작,1471,1586,3057
2022-02-10,4호선,명동,16216,16665,32881
2022-02-10,4호선,미아,14190,13947,28137
2022-02-10,4호선,미아사거리,25908,25399,51307
2022-02-10,4호선,사당,22936,18752,41688
2022-02-10,4호선,삼각지,5877,6011,11888
2022-02-10,4호선,상계,17710,16783,34493
2022-02-10,4호선,서울역,10352,14458,24810
2022-02-10,4호선,성신여대입구,18280,17734,36014
2022-02-10,4호선,수유,31750,31967,63717
2022-02-10,4호선,숙대입구,11815,11567,23382
2022-02-10,4호선,신용산,15261,16071,31332
2022-02-10,4호선,쌍문,27659,25749,53408
2022-02-10,4호선,이촌,6848,7569,14417
2022-02-10,4호선,창동,23996,25478,49474
2022-02-10,4호선,총신대입구,17693,19227,36920
2022-02-10,4호선,충무로,24714,25442,50156
2022-02-10,4호선,한성대입구,12138,11844,23982
2022-02-10,4호선,혜화,30074,30029,60103
2022-02-10,4호선,회현,22300,23383,45683
2022-02-10,5호선,강동,17925,17258,35183
2022-02-10,5호선,강일,3726,3681,7407
2022-02-10,5호선,개롱,6108,6457,12565
2022-02-10,5호선,개화산,5311,5148,10459
2022-02-10,5호선,거여,8984,8590,17574
2022-02-10,5호선,고덕,9131,9167,18298
2022-02-10,5호선,공덕,13327,14022,27349
2022-02-10,5호선,광나루,12490,11635,24125
2022-02-10,5호선,광화문,27256,27784,55040
2022-02-10,5호선,군자,10701,11646,22347
2022-02-10,5호선,굽은다리,9121,8707,17828
2022-02-10,5호선,길동,7687,8098,15785
2022-02-10,5호선,김포공항,6868,6602,13470
2022-02-10,5호선,까치산,27868,27037,54905
2022-02-10,5호선,답십리,15410,14256,29666
2022-02-10,5호선,동대문역사문화공원,2766,3278,6044
2022-02-10,5호선,둔촌동,8427,8523,16950
2022-02-10,5호선,마곡,10894,10698,21592
2022-02-10,5호선,마장,5310,4808,10118
2022-02-10,5호선,마천,6589,6509,13098
2022-02-10,5호선,마포,14041,14452,28493
2022-02-10,5호선,명일,8002,8336,16338
2022-02-10,5호선,목동,15965,17435,33400
2022-02-10,5호선,미사,15181,15039,30220
2022-02-10,5호선,발산,19956,19893,39849
2022-02-10,5호선,방이,7036,7282,14318
2022-02-10,5호선,방화,6266,6033,12299
2022-02-10,5호선,상일동,14354,13397,27751
2022-02-10,5호선,서대문,18455,18556,37011
2022-02-10,5호선,송정,6266,5892,12158
2022-02-10,5호선,신금호,6305,6693,12998
2022-02-10,5호선,신길,4018,4329,8347
2022-02-10,5호선,신정,13613,11189,24802
2022-02-10,5호선,아차산,13709,13329,27038
2022-02-10,5호선,애오개,6739,6780,13519
2022-02-10,5호선,양평,7342,7311,14653
2022-02-10,5호선,여의나루,8455,9178,17633
2022-02-10,5호선,여의도,27767,28631,56398
2022-02-10,5호선,영등포구청,3894,3982,7876
2022-02-10,5호선,영등포시장,9846,10070,19916
2022-02-10,5호선,오금,3622,3572,7194
2022-02-10,5호선,오목교,20568,22048,42616
2022-02-10,5호선,올림픽공원,3983,3504,7487
2022-02-10,5호선,왕십리,4315,4737,9052
2022-02-10,5호선,우장산,13877,13782,27659
2022-02-10,5호선,을지로4가,6094,5950,12044
2022-02-10,5호선,장한평,18104,18062,36166
2022-02-10,5호선,종로3가,11476,11288,22764
2022-02-10,5호선,천호,16918,16749,33667
2022-02-10,5호선,청구,4017,3511,7528
2022-02-10,5호선,충정로,4622,4706,9328
2022-02-10,5호선,하남검단산,5137,5004,10141
2022-02-10,5호선,하남시청,5878,5861,11739
2022-02-10,5호선,하남풍산,4007,4046,8053
2022-02-10,5호선,행당,7618,6912,14530
2022-02-10,5호선,화곡,27223,25591,52814
2022-02-10,6호선,고려대,7188,7022,14210
2022-02-10,6호선,공덕,17463,16952,34415
2022-02-10,6호선,광흥창,8606,8456,17062
2022-02-10,6호선,구산,7223,5634,12857
2022-02-10,6호선,녹사평,4193,4147,8340
2022-02-10,6호선,대흥,7562,7818,15380
2022-02-10,6호선,독바위,2611,2723,5334
2022-02-10,6호선,돌곶이,8974,8305,17279
2022-02-10,6호선,동묘앞,7405,7443,14848
2022-02-10,6호선,디지털미디어시티,13088,14402,27490
2022-02-10,6호선,마포구청,13584,12273,25857
2022-02-10,6호선,망원,13384,14367,27751
2022-02-10,6호선,버티고개,1937,1977,3914
2022-02-10,6호선,보문,6845,6349,13194
2022-02-10,6호선,봉화산,8509,8024,16533
2022-02-10,6호선,불광,4000,3919,7919
2022-02-10,6호선,삼각지,5886,5181,11067
2022-02-10,6호선,상수,7471,8293,15764
2022-02-10,6호선,상월곡,5765,5281,11046
2022-02-10,6호선,새절,12095,11423,23518
2022-02-10,6호선,석계,11471,11826,23297
2022-02-10,6호선,신당,7264,7724,14988
2022-02-10,6호선,안암,9138,9132,18270
2022-02-10,6호선,약수,3427,3366,6793
2022-02-10,6호선,역촌,3650,4233,7883
2022-02-10,6호선,연신내,1,0,1
2022-02-10,6호선,월곡,10945,10909,21854
2022-02-10,6호선,월드컵경기장,3761,3929,7690
2022-02-10,6호선,응암,16695,16797,33492
2022-02-10,6호선,이태원,8548,8443,16991
2022-02-10,6호선,증산,9599,9673,19272
2022-02-10,6호선,창신,3136,2600,5736
2022-02-10,6호선,청구,3653,3994,7647
2022-02-10,6호선,태릉입구,5105,5631,10736
2022-02-10,6호선,한강진,7067,7956,15023
2022-02-10,6호선,합정,12038,11673,23711
2022-02-10,6호선,화랑대,10960,8704,19664
2022-02-10,6호선,효창공원앞,6512,5902,12414
2022-02-10,7호선,가산디지털단지,45189,45586,90775
2022-02-10,7호선,강남구청,16302,17928,34230
2022-02-10,7호선,건대입구,11048,11388,22436
2022-02-10,7호선,고속터미널,14423,12341,26764
2022-02-10,7호선,공릉,10955,10986,21941
2022-02-10,7호선,광명사거리,21215,20866,42081
2022-02-10,7호선,군자,14482,11770,26252
2022-02-10,7호선,남구로,15625,16310,31935
2022-02-10,7호선,남성,10444,9890,20334
2022-02-10,7호선,내방,14365,14642,29007
2022-02-10,7호선,노원,18751,19313,38064
2022-02-10,7호선,논현,20065,21737,41802
2022-02-10,7호선,대림,7196,7229,14425
2022-02-10,7호선,도봉산,9246,9995,19241
2022-02-10,7호선,뚝섬유원지,7377,7221,14598
2022-02-10,7호선,마들,12164,11701,23865
2022-02-10,7호선,먹골,9759,9572,19331
2022-02-10,7호선,면목,14783,14489,29272
2022-02-10,7호선,반포,5540,5272,10812
2022-02-10,7호선,보라매,9398,9492,18890
2022-02-10,7호선,부천시청,2,0,2
2022-02-10,7호선,부평구청,1,0,1
2022-02-10,7호선,사가정,15327,15416,30743
2022-02-10,7호선,상도,9989,9767,19756
2022-02-10,7호선,상동,1,0,1
2022-02-10,7호선,상봉,16371,15087,31458
2022-02-10,7호선,수락산,12009,11866,23875
2022-02-10,7호선,숭실대입구,10753,11030,21783
2022-02-10,7호선,신대방삼거리,15903,15459,31362
2022-02-10,7호선,신풍,10905,10418,21323
2022-02-10,7호선,어린이대공원,11518,11491,23009
2022-02-10,7호선,온수,9675,9011,18686
2022-02-10,7호선,용마산,5799,5669,11468
2022-02-10,7호선,이수,15194,14563,29757
2022-02-10,7호선,장승배기,8780,8581,17361
2022-02-10,7호선,장암,2135,785,2920
2022-02-10,7호선,중계,13649,12437,26086
2022-02-10,7호선,중곡,10080,9729,19809
2022-02-10,7호선,중화,10512,10418,20930
2022-02-10,7호선,천왕,10952,10511,21463
2022-02-10,7호선,철산,19705,20257,39962
2022-02-10,7호선,청담,18975,20999,39974
2022-02-10,7호선,태릉입구,8104,7788,15892
2022-02-10,7호선,하계,16701,15879,32580
2022-02-10,7호선,학동,24513,25750,50263
2022-02-10,8호선,가락시장,7425,8133,15558
2022-02-10,8호선,강동구청,10273,10639,20912
2022-02-10,8호선,남위례,3916,4238,8154
2022-02-10,8호선,남한산성입구,12763,11702,24465
2022-02-10,8호선,단대오거리,9993,9655,19648
2022-02-10,8호선,모란,4051,3199,7250
2022-02-10,8호선,몽촌토성,5779,5801,11580
2022-02-10,8호선,문정,22094,23356,45450
2022-02-10,8호선,복정,8954,7709,16663
2022-02-10,8호선,산성,4897,5014,9911
2022-02-10,8호선,석촌,7516,8543,16059
2022-02-10,8호선,송파,7415,7448,14863
2022-02-10,8호선,수진,5101,4665,9766
2022-02-10,8호선,신흥,3975,4283,8258
2022-02-10,8호선,암사,18150,16203,34353
2022-02-10,8호선,잠실,13058,15079,28137
2022-02-10,8호선,장지,16362,15744,32106
2022-02-10,8호선,천호,14038,16044,30082
2022-02-10,9호선,가양,19502,19202,38704
2022-02-10,9호선,개화,2364,1694,4058
2022-02-10,9호선,고속터미널,10856,14102,24958
2022-02-10,9호선,공항시장,2830,3127,5957
2022-02-10,9호선,구반포,1284,1394,2678
2022-02-10,9호선,국회의사당,16366,16839,33205
2022-02-10,9호선,김포공항,6997,10638,17635
2022-02-10,9호선,노들,4222,3648,7870
2022-02-10,9호선,노량진,24269,23575,47844
2022-02-10,9호선,당산,17423,17410,34833
2022-02-10,9호선,동작,1945,1502,3447
2022-02-10,9호선,등촌,10986,10902,21888
2022-02-10,9호선,마곡나루,11409,11276,22685
2022-02-10,9호선,사평,3238,3157,6395
2022-02-10,9호선,샛강,5790,5865,11655
2022-02-10,9호선,선유도,8433,8071,16504
2022-02-10,9호선,신논현,30368,30332,60700
2022-02-10,9호선,신목동,3908,3443,7351
2022-02-10,9호선,신반포,3130,3147,6277
2022-02-10,9호선,신방화,6541,6401,12942
2022-02-10,9호선,양천향교,9072,9272,18344
2022-02-10,9호선,여의도,26187,25306,51493
2022-02-10,9호선,염창,16437,16186,32623
2022-02-10,9호선,증미,7042,6994,14036
2022-02-10,9호선,흑석,7610,7928,15538
2022-02-10,9호선2~3단계,둔촌오륜,1083,1041,2124
2022-02-10,9호선2~3단계,봉은사,15891,16205,32096
2022-02-10,9호선2~3단계,삼성중앙,6704,7089,13793
2022-02-10,9호선2~3단계,삼전,6808,6548,13356
2022-02-10,9호선2~3단계,석촌,8091,7273,15364
2022-02-10,9호선2~3단계,석촌고분,5967,5933,11900
2022-02-10,9호선2~3단계,선정릉,9513,10376,19889
2022-02-10,9호선2~3단계,송파나루,4820,5227,10047
2022-02-10,9호선2~3단계,언주,10554,10850,21404
2022-02-10,9호선2~3단계,올림픽공원,5498,5413,10911
2022-02-10,9호선2~3단계,종합운동장,4001,4097,8098
2022-02-10,9호선2~3단계,중앙보훈병원,10469,9275,19744
2022-02-10,9호선2~3단계,한성백제,2516,2207,4723
2022-02-10,경강선,경기광주,7315,6989,14304
2022-02-10,경강선,곤지암,1986,2047,4033
2022-02-10,경강선,부발,1898,1779,3677
2022-02-10,경강선,삼동,2243,2094,4337
2022-02-10,경강선,세종대왕릉,267,254,521
2022-02-10,경강선,신둔도예촌,1199,1155,2354
2022-02-10,경강선,여주,1894,1855,3749
2022-02-10,경강선,이매,1023,858,1881
2022-02-10,경강선,이천,2313,2363,4676
2022-02-10,경강선,초월,2871,2756,5627
2022-02-10,경강선,판교,4528,4377,8905
2022-02-10,경부선,가산디지털단지,18166,20646,38812
2022-02-10,경부선,관악,6713,6305,13018
2022-02-10,경부선,광명,3039,2680,5719
2022-02-10,경부선,구로,17707,17944,35651
2022-02-10,경부선,군포,7488,7568,15056
2022-02-10,경부선,금정,25064,25314,50378
2022-02-10,경부선,금천구청,11172,11330,22502
2022-02-10,경부선,남영,8698,9056,17754
2022-02-10,경부선,노량진,7407,7385,14792
2022-02-10,경부선,당정,5787,5544,11331
2022-02-10,경부선,대방,12229,12620,24849
2022-02-10,경부선,독산,18121,18997,37118
2022-02-10,경부선,두정,4299,4308,8607
2022-02-10,경부선,명학,8621,8503,17124
2022-02-10,경부선,병점,12605,12585,25190
2022-02-10,경부선,서동탄,1335,1155,2490
2022-02-10,경부선,서울역,5090,1697,6787
2022-02-10,경부선,서정리,5716,5193,10909
2022-02-10,경부선,석수,9129,8254,17383
2022-02-10,경부선,성균관대,12623,12797,25420
2022-02-10,경부선,성환,2989,3123,6112
2022-02-10,경부선,세류,2764,2473,5237
2022-02-10,경부선,세마,2597,2381,4978
2022-02-10,경부선,송탄,3621,3595,7216
2022-02-10,경부선,수원,28878,30788,59666
2022-02-10,경부선,신길,8407,7058,15465
2022-02-10,경부선,신도림,4006,3797,7803
2022-02-10,경부선,안양,19613,19790,39403
2022-02-10,경부선,영등포,33741,34321,68062
2022-02-10,경부선,오산,8435,8414,16849
2022-02-10,경부선,오산대,2991,2783,5774
2022-02-10,경부선,용산,29612,29883,59495
2022-02-10,경부선,의왕,8566,8548,17114
2022-02-10,경부선,직산,692,675,1367
2022-02-10,경부선,진위,1503,1375,2878
2022-02-10,경부선,천안,3954,4119,8073
2022-02-10,경부선,평택,9645,9547,19192
2022-02-10,경부선,평택지제,2941,2791,5732
2022-02-10,경부선,화서,7320,7103,14423
2022-02-10,경원선,가능,6038,5976,12014
2022-02-10,경원선,광운대,7002,6825,13827
2022-02-10,경원선,녹양,4147,3982,8129
2022-02-10,경원선,녹천,4466,3882,8348
2022-02-10,경원선,덕계,2850,2558,5408
2022-02-10,경원선,덕정,4812,4648,9460
2022-02-10,경원선,도봉,5843,5602,11445
2022-02-10,경원선,도봉산,6521,4563,11084
2022-02-10,경원선,동두천,1883,2103,3986
2022-02-10,경원선,동두천중앙,2974,2905,5879
2022-02-10,경원선,망월사,7102,7301,14403
2022-02-10,경원선,방학,9088,8960,18048
2022-02-10,경원선,보산,1290,1225,2515
2022-02-10,경원선,서빙고,1923,1794,3717
2022-02-10,경원선,석계,7542,8414,15956
2022-02-10,경원선,소요산,2217,1941,4158
2022-02-10,경원선,신이문,7900,7374,15274
2022-02-10,경원선,양주,7028,6532,13560
2022-02-10,경원선,옥수,51,34,85
2022-02-10,경원선,왕십리,12377,14217,26594
2022-02-10,경원선,외대앞,6573,6785,13358
2022-02-10,경원선,월계,5905,5620,11525
2022-02-10,경원선,응봉,1780,1462,3242
2022-02-10,경원선,의정부,17257,17529,34786
2022-02-10,경원선,이촌,3566,2743,6309
2022-02-10,경원선,지행,5694,5737,11431
2022-02-10,경원선,청량리,13439,13858,27297
2022-02-10,경원선,한남,4026,3736,7762
2022-02-10,경원선,회룡,11778,11733,23511
2022-02-10,경의선,가좌,4874,4624,9498
2022-02-10,경의선,강매,2980,2716,5696
2022-02-10,경의선,곡산,570,581,1151
2022-02-10,경의선,공덕,3406,3020,6426
2022-02-10,경의선,금릉,4383,4235,8618
2022-02-10,경의선,금촌,5797,5642,11439
2022-02-10,경의선,능곡,3536,3290,6826
2022-02-10,경의선,디지털미디어시티,2343,2092,4435
2022-02-10,경의선,문산,4421,4463,8884
2022-02-10,경의선,백마,6334,6263,12597
2022-02-10,경의선,서강대,1898,1869,3767
2022-02-10,경의선,서울역,3995,4993,8988
2022-02-10,경의선,수색,2756,2788,5544
2022-02-10,경의선,신촌,804,1006,1810
2022-02-10,경의선,야당,6738,6686,13424
2022-02-10,경의선,운정,6394,5993,12387
2022-02-10,경의선,월롱,2291,2111,4402
2022-02-10,경의선,일산,8459,8397,16856
2022-02-10,경의선,임진강,8,5,13
2022-02-10,경의선,탄현,7258,7135,14393
2022-02-10,경의선,파주,890,650,1540
2022-02-10,경의선,풍산,5328,4964,10292
2022-02-10,경의선,행신,7149,7201,14350
2022-02-10,경의선,홍대입구,1604,1748,3352
2022-02-10,경의선,화전,1365,1255,2620
2022-02-10,경의선,효창공원앞,2822,3262,6084
2022-02-10,경인선,간석,5412,5141,10553
2022-02-10,경인선,개봉,20185,20414,40599
2022-02-10,경인선,구일,5800,5781,11581
2022-02-10,경인선,도원,2312,2362,4674
2022-02-10,경인선,도화,3835,3641,7476
2022-02-10,경인선,동암,13491,13639,27130
2022-02-10,경인선,동인천,12740,12058,24798
2022-02-10,경인선,백운,6377,6300,12677
2022-02-10,경인선,부개,7905,7540,15445
2022-02-10,경인선,부천,29971,30146,60117
2022-02-10,경인선,부평,26823,28101,54924
2022-02-10,경인선,소사,8084,7695,15779
2022-02-10,경인선,송내,25093,24975,50068
2022-02-10,경인선,역곡,25287,25133,50420
2022-02-10,경인선,오류동,11404,10752,22156
2022-02-10,경인선,온수,6198,6053,12251
2022-02-10,경인선,인천,3220,2451,5671
2022-02-10,경인선,제물포,9404,8979,18383
2022-02-10,경인선,주안,16883,15451,32334
2022-02-10,경인선,중동,8852,8373,17225
2022-02-10,경춘선,가평,1303,1411,2714
2022-02-10,경춘선,갈매,2905,2487,5392
2022-02-10,경춘선,강촌,316,336,652
2022-02-10,경춘선,굴봉산,125,147,272
2022-02-10,경춘선,금곡,1385,1337,2722
2022-02-10,경춘선,김유정,275,272,547
2022-02-10,경춘선,남춘천,1909,1966,3875
2022-02-10,경춘선,대성리,463,390,853
2022-02-10,경춘선,마석,3430,3373,6803
2022-02-10,경춘선,백양리,324,264,588
2022-02-10,경춘선,별내,3217,2987,6204
2022-02-10,경춘선,사릉,2891,2912,5803
2022-02-10,경춘선,상천,204,179,383
2022-02-10,경춘선,신내,1967,1881,3848
2022-02-10,경춘선,천마산,1561,1446,3007
2022-02-10,경춘선,청평,1339,1337,2676
2022-02-10,경춘선,춘천,976,894,1870
2022-02-10,경춘선,퇴계원,3401,3119,6520
2022-02-10,경춘선,평내호평,5686,5488,11174
2022-02-10,공항철도,검암,6380,6258,12638
2022-02-10,공항철도,계양,9397,8915,18312
2022-02-10,공항철도,공덕,2128,2758,4886
2022-02-10,공항철도,공항화물청사,2270,2432,4702
2022-02-10,공항철도,김포공항,11664,6451,18115
2022-02-10,공항철도,디지털미디어시티,13365,12155,25520
2022-02-10,공항철도,마곡나루,8565,8185,16750
2022-02-10,공항철도,서울역,6590,6093,12683
2022-02-10,공항철도,영종,2737,2772,5509
2022-02-10,공항철도,운서,6245,6191,12436
2022-02-10,공항철도,인천공항1터미널,3135,3394,6529
2022-02-10,공항철도,인천공항2터미널,2024,2029,4053
2022-02-10,공항철도,청라국제도시,6361,6065,12426
2022-02-10,공항철도,홍대입구,8764,8731,17495
2022-02-10,과천선,경마공원,1317,1310,2627
2022-02-10,과천선,과천,5796,5538,11334
2022-02-10,과천선,대공원,2642,2762,5404
2022-02-10,과천선,범계,23953,23616,47569
2022-02-10,과천선,선바위,7621,6749,14370
2022-02-10,과천선,인덕원,22843,23977,46820
2022-02-10,과천선,정부과천청사,9887,9939,19826
2022-02-10,과천선,평촌,17349,17039,34388
2022-02-10,분당선,가천대,6146,7004,13150
2022-02-10,분당선,강남구청,9979,11491,21470
2022-02-10,분당선,개포동,3515,3662,7177
2022-02-10,분당선,구룡,2172,2077,4249
2022-02-10,분당선,구성,4848,5145,9993
2022-02-10,분당선,기흥,8847,8446,17293
2022-02-10,분당선,대모산입구,4368,4129,8497
2022-02-10,분당선,도곡,6702,6520,13222
2022-02-10,분당선,망포,13259,12837,26096
2022-02-10,분당선,매교,2643,2643,5286
2022-02-10,분당선,매탄권선,4509,4379,8888
2022-02-10,분당선,모란,18853,18895,37748
2022-02-10,분당선,미금,14780,15611,30391
2022-02-10,분당선,보정,2308,2052,4360
2022-02-10,분당선,상갈,4991,4782,9773
2022-02-10,분당선,서울숲,9725,9746,19471
2022-02-10,분당선,서현,23465,23518,46983
2022-02-10,분당선,선릉,13283,19651,32934
2022-02-10,분당선,선정릉,7993,8492,16485
2022-02-10,분당선,수내,12906,13007,25913
2022-02-10,분당선,수서,12823,13223,26046
2022-02-10,분당선,수원,7364,6143,13507
2022-02-10,분당선,수원시청,11744,12411,24155
2022-02-10,분당선,신갈,4245,4278,8523
2022-02-10,분당선,압구정로데오,18884,20217,39101
2022-02-10,분당선,야탑,24762,25599,50361
2022-02-10,분당선,영통,7675,7575,15250
2022-02-10,분당선,오리,11317,9477,20794
2022-02-10,분당선,이매,5210,5133,10343
2022-02-10,분당선,정자,16401,17261,33662
2022-02-10,분당선,죽전,12113,13177,25290
2022-02-10,분당선,청명,3835,3808,7643
2022-02-10,분당선,태평,12872,12542,25414
2022-02-10,분당선,한티,13859,14989,28848
2022-02-10,수인선,고색,4371,4187,8558
2022-02-10,수인선,남동인더스파크,2286,2550,4836
2022-02-10,수인선,달월,98,62,160
2022-02-10,수인선,사리,4100,3726,7826
2022-02-10,수인선,소래포구,4427,4126,8553
2022-02-10,수인선,송도,2306,2164,4470
2022-02-10,수인선,숭의,3704,3574,7278
2022-02-10,수인선,신포,1626,1614,3240
2022-02-10,수인선,야목,295,208,503
2022-02-10,수인선,어천,599,596,1195
2022-02-10,수인선,연수,3987,4005,7992
2022-02-10,수인선,오목천,2481,2322,4803
2022-02-10,수인선,원인재,3999,4261,8260
2022-02-10,수인선,월곶,2550,2389,4939
2022-02-10,수인선,인천,981,1516,2497
2022-02-10,수인선,인천논현,5117,5467,10584
2022-02-10,수인선,인하대,5138,4889,10027
2022-02-10,수인선,호구포,3918,4024,7942
2022-02-10,안산선,고잔,8308,7867,16175
2022-02-10,안산선,대야미,4621,4118,8739
2022-02-10,안산선,반월,3812,3723,7535
2022-02-10,안산선,산본,14824,15829,30653
2022-02-10,안산선,상록수,14264,14633,28897
2022-02-10,안산선,수리산,3895,3264,7159
2022-02-10,안산선,신길온천,1514,1435,2949
2022-02-10,안산선,안산,10695,9538,20233
2022-02-10,안산선,오이도,7424,7214,14638
2022-02-10,안산선,정왕,6881,7226,14107
2022-02-10,안산선,중앙,15695,16162,31857
2022-02-10,안산선,초지,4220,4363,8583
2022-02-10,안산선,한대앞,8036,8064,16100
2022-02-10,우이신설선,4.19민주묘지,2708,2520,5228
2022-02-10,우이신설선,가오리,3917,3886,7803
2022-02-10,우이신설선,보문,1462,1456,2918
2022-02-10,우이신설선,북한산보국문,5598,5403,11001
2022-02-10,우이신설선,북한산우이,2400,2173,4573
2022-02-10,우이신설선,삼양,1893,1984,3877
2022-02-10,우이신설선,삼양사거리,2356,2434,4790
2022-02-10,우이신설선,성신여대입구,3012,3347,6359
2022-02-10,우이신설선,솔밭공원,2338,2307,4645
2022-02-10,우이신설선,솔샘,5524,5294,10818
2022-02-10,우이신설선,신설동,2088,2053,4141
2022-02-10,우이신설선,정릉,4460,4116,8576
2022-02-10,우이신설선,화계,3248,3084,6332
2022-02-10,일산선,대곡,1953,1526,3479
2022-02-10,일산선,대화,11859,9750,21609
2022-02-10,일산선,마두,7166,7321,14487
2022-02-10,일산선,백석,9315,9367,18682
2022-02-10,일산선,삼송,18405,18062,36467
2022-02-10,일산선,원당,10519,10107,20626
2022-02-10,일산선,원흥,10063,9541,19604
2022-02-10,일산선,정발산,6869,6668,13537
2022-02-10,일산선,주엽,8556,8519,17075
2022-02-10,일산선,화정,16220,16663,32883
2022-02-10,장항선,배방,842,869,1711
2022-02-10,장항선,봉명,1140,1093,2233
2022-02-10,장항선,신창,819,766,1585
2022-02-10,장항선,쌍용,1795,1739,3534
2022-02-10,장항선,아산,2283,2122,4405
2022-02-10,장항선,온양온천,2995,2979,5974
2022-02-10,장항선,탕정,443,415,858
2022-02-10,중앙선,구리,12452,12679,25131
2022-02-10,중앙선,국수,565,564,1129
2022-02-10,중앙선,덕소,5131,5173,10304
2022-02-10,중앙선,도농,10023,9304,19327
2022-02-10,중앙선,도심,2155,1678,3833
2022-02-10,중앙선,망우,7231,7221,14452
2022-02-10,중앙선,상봉,5650,5567,11217
2022-02-10,중앙선,신원,168,146,314
2022-02-10,중앙선,아신,443,444,887
2022-02-10,중앙선,양수,1652,1690,3342
2022-02-10,중앙선,양원,2158,2136,4294
2022-02-10,중앙선,양정,684,602,1286
2022-02-10,중앙선,양평,2415,2321,4736
2022-02-10,중앙선,오빈,266,250,516
2022-02-10,중앙선,용문,2779,2849,5628
2022-02-10,중앙선,운길산,639,591,1230
2022-02-10,중앙선,원덕,340,311,651
2022-02-10,중앙선,중랑,5304,5060,10364
2022-02-10,중앙선,지평,73,61,134
2022-02-10,중앙선,팔당,812,862,1674
2022-02-10,중앙선,회기,22294,21736,44030
2022-02-11,1호선,동대문,10400,9513,19913
2022-02-11,1호선,동묘앞,7135,7397,14532
2022-02-11,1호선,서울역,42390,40709,83099
2022-02-11,1호선,시청,20307,20842,41149
2022-02-11,1호선,신설동,13936,13376,27312
2022-02-11,1호선,제기동,16387,16673,33060
2022-02-11,1호선,종각,31765,30900,62665
2022-02-11,1호선,종로3가,24998,23043,48041
2022-02-11,1호선,종로5가,21710,21776,43486
2022-02-11,1호선,청량리,19246,19344,38590
2022-02-11,2호선,강남,84950,82108,167058
2022-02-11,2호선,강변,28795,28236,57031
2022-02-11,2호선,건대입구,33388,35840,69228
2022-02-11,2호선,교대,33130,37278,70408
2022-02-11,2호선,구로디지털단지,57367,57129,114496
2022-02-11,2호선,구의,23237,22811,46048
2022-02-11,2호선,낙성대,26178,24881,51059
2022-02-11,2호선,당산,17579,20212,37791
2022-02-11,2호선,대림,22997,23539,46536
2022-02-11,2호선,도림천,1297,1303,2600
2022-02-11,2호선,동대문역사문화공원,11048,12490,23538
2022-02-11,2호선,뚝섬,21297,22772,44069
2022-02-11,2호선,문래,20497,20868,41365
2022-02-11,2호선,방배,16380,17029,33409
2022-02-11,2호선,봉천,22849,21495,44344
2022-02-11,2호선,사당,36029,38715,74744
2022-02-11,2호선,삼성,49238,49208,98446
2022-02-11,2호선,상왕십리,13787,13366,27153
2022-02-11,2호선,서울대입구,45691,44483,90174
2022-02-11,2호선,서초,20482,19555,40037
2022-02-11,2호선,선릉,54004,47922,101926
2022-02-11,2호선,성수,36656,39686,76342
2022-02-11,2호선,시청,22244,21453,43697
2022-02-11,2호선,신답,1637,1835,3472
2022-02-11,2호선,신당,13358,13650,27008
2022-02-11,2호선,신대방,25315,24777,50092
2022-02-11,2호선,신도림,45858,45907,91765
2022-02-11,2호선,신림,61018,59648,120666
2022-02-11,2호선,신설동,3421,3596,7017
2022-02-11,2호선,신정네거리,9839,10424,20263
2022-02-11,2호선,신촌,30679,31379,62058
2022-02-11,2호선,아현,9828,9316,19144
2022-02-11,2호선,양천구청,6438,6792,13230
2022-02-11,2호선,역삼,49576,54698,104274
2022-02-11,2호선,영등포구청,22242,22615,44857
2022-02-11,2호선,왕십리,15272,12850,28122
2022-02-11,2호선,용답,2621,2572,5193
2022-02-11,2호선,용두,2392,2398,4790
2022-02-11,2호선,을지로3가,20647,20617,41264
2022-02-11,2호선,을지로4가,12656,12367,25023
2022-02-11,2호선,을지로입구,36276,36814,73090
2022-02-11,2호선,이대,12263,12800,25063
2022-02-11,2호선,잠실,64495,63428,127923
2022-02-11,2호선,잠실나루,14143,13479,27622
2022-02-11,2호선,잠실새내,20775,20619,41394
2022-02-11,2호선,종합운동장,6978,7570,14548
2022-02-11,2호선,충정로,9416,9950,19366
2022-02-11,2호선,한양대,6520,6801,13321
2022-02-11,2호선,합정,29964,31629,61593
2022-02-11,2호선,홍대입구,52112,53663,105775
2022-02-11,3호선,가락시장,8957,8625,17582
2022-02-11,3호선,경복궁,18884,18281,37165
2022-02-11,3호선,경찰병원,7182,7037,14219
2022-02-11,3호선,고속터미널,40286,40598,80884
2022-02-11,3호선,교대,13915,9206,23121
2022-02-11,3호선,구파발,19170,18399,37569
2022-02-11,3호선,금호,7862,7874,15736
2022-02-11,3호선,남부터미널,28916,29821,58737
2022-02-11,3호선,녹번,14701,12755,27456
2022-02-11,3호선,대청,9959,9213,19172
2022-02-11,3호선,대치,11415,11340,22755
2022-02-11,3호선,도곡,5224,5401,10625
2022-02-11,3호선,독립문,6664,6806,13470
2022-02-11,3호선,동대입구,7530,8382,15912
2022-02-11,3호선,매봉,12237,11796,24033
2022-02-11,3호선,무악재,3810,4168,7978
2022-02-11,3호선,불광,15369,16592,31961
2022-02-11,3호선,수서,17215,17718,34933
2022-02-11,3호선,신사,32220,35280,67500
2022-02-11,3호선,안국,18704,19629,38333
2022-02-11,3호선,압구정,33010,35089,68099
2022-02-11,3호선,약수,12395,12329,24724
2022-02-11,3호선,양재,38276,40461,78737
2022-02-11,3호선,연신내,35201,33053,68254
2022-02-11,3호선,오금,5836,5278,11114
2022-02-11,3호선,옥수,8636,8980,17616
2022-02-11,3호선,을지로3가,9873,10351,20224
2022-02-11,3호선,일원,9926,9247,19173
2022-02-11,3호선,잠원,4631,4582,9213
2022-02-11,3호선,종로3가,9956,11869,21825
2022-02-11,3호선,지축,4335,4062,8397
2022-02-11,3호선,충무로,2,0,2
2022-02-11,3호선,학여울,3147,3346,6493
2022-02-11,3호선,홍제,16537,15153,31690
2022-02-11,4호선,길음,18837,19043,37880
2022-02-11,4호선,남태령,1142,1171,2313
2022-02-11,4호선,노원,18100,21031,39131
2022-02-11,4호선,당고개,12120,11241,23361
2022-02-11,4호선,동대문,18209,18657,36866
2022-02-11,4호선,동대문역사문화공원,14100,12855,26955
2022-02-11,4호선,동작,1520,1848,3368
2022-02-11,4호선,명동,16412,16509,32921
2022-02-11,4호선,미아,14401,14357,28758
2022-02-11,4호선,미아사거리,26615,26665,53280
2022-02-11,4호선,사당,24422,20062,44484
2022-02-11,4호선,삼각지,4790,5355,10145
2022-02-11,4호선,상계,17852,17394,35246
2022-02-11,4호선,서울역,10222,15426,25648
2022-02-11,4호선,성신여대입구,18767,18719,37486
2022-02-11,4호선,수유,32480,33371,65851
2022-02-11,4호선,숙대입구,11779,11402,23181
2022-02-11,4호선,신용산,15350,15600,30950
2022-02-11,4호선,쌍문,27320,26540,53860
2022-02-11,4호선,이촌,7097,7739,14836
2022-02-11,4호선,창동,25522,27115,52637
2022-02-11,4호선,총신대입구,18171,20061,38232
2022-02-11,4호선,충무로,25103,26115,51218
2022-02-11,4호선,한성대입구,12534,12281,24815
2022-02-11,4호선,혜화,29706,28985,58691
2022-02-11,4호선,회현,21964,22473,44437
2022-02-11,5호선,강동,18011,17197,35208
2022-02-11,5호선,강일,3760,3580,7340
2022-02-11,5호선,개롱,6259,6566,12825
2022-02-11,5호선,개화산,5396,5091,10487
2022-02-11,5호선,거여,9071,8572,17643
2022-02-11,5호선,고덕,9062,9180,18242
2022-02-11,5호선,공덕,13427,14335,27762
2022-02-11,5호선,광나루,12849,11414,24263
2022-02-11,5호선,광화문,27204,28124,55328
2022-02-11,5호선,군자,10649,11980,22629
2022-02-11,5호선,굽은다리,9126,8755,17881
2022-02-11,5호선,길동,7903,8256,16159
2022-02-11,5호선,김포공항,7761,7287,15048
2022-02-11,5호선,까치산,28041,27193,55234
2022-02-11,5호선,답십리,15569,14276,29845
2022-02-11,5호선,동대문역사문화공원,2764,3179,5943
2022-02-11,5호선,둔촌동,8527,8518,17045
2022-02-11,5호선,마곡,10435,10448,20883
2022-02-11,5호선,마장,5343,4966,10309
2022-02-11,5호선,마천,6662,6590,13252
2022-02-11,5호선,마포,13917,14395,28312
2022-02-11,5호선,명일,8250,8650,16900
2022-02-11,5호선,목동,16299,17596,33895
2022-02-11,5호선,미사,15215,15491,30706
2022-02-11,5호선,발산,19045,19414,38459
2022-02-11,5호선,방이,7037,7237,14274
2022-02-11,5호선,방화,6332,6070,12402
2022-02-11,5호선,상일동,14601,13341,27942
2022-02-11,5호선,서대문,17757,18171,35928
2022-02-11,5호선,송정,6472,6063,12535
2022-02-11,5호선,신금호,6047,6303,12350
2022-02-11,5호선,신길,4029,4310,8339
2022-02-11,5호선,신정,13512,10863,24375
2022-02-11,5호선,아차산,13869,13441,27310
2022-02-11,5호선,애오개,6673,6801,13474
2022-02-11,5호선,양평,7341,7256,14597
2022-02-11,5호선,여의나루,8643,9491,18134
2022-02-11,5호선,여의도,27168,28326,55494
2022-02-11,5호선,영등포구청,3788,3881,7669
2022-02-11,5호선,영등포시장,10025,10347,20372
2022-02-11,5호선,오금,3542,3581,7123
2022-02-11,5호선,오목교,21232,22748,43980
2022-02-11,5호선,올림픽공원,3974,3422,7396
2022-02-11,5호선,왕십리,4463,5151,9614
2022-02-11,5호선,우장산,13741,13669,27410
2022-02-11,5호선,을지로4가,6004,6139,12143
2022-02-11,5호선,장한평,18251,18080,36331
2022-02-11,5호선,종로3가,11905,11939,23844
2022-02-11,5호선,천호,18066,17958,36024
2022-02-11,5호선,청구,3930,3506,7436
2022-02-11,5호선,충정로,4532,4546,9078
2022-02-11,5호선,하남검단산,5320,5148,10468
2022-02-11,5호선,하남시청,6286,6210,12496
2022-02-11,5호선,하남풍산,4053,4055,8108
2022-02-11,5호선,행당,7711,6794,14505
2022-02-11,5호선,화곡,27422,25903,53325
2022-02-11,6호선,고려대,7518,7070,14588
2022-02-11,6호선,공덕,17844,17124,34968
2022-02-11,6호선,광흥창,8551,8413,16964
2022-02-11,6호선,구산,7384,5622,13006
2022-02-11,6호선,녹사평,4360,4430,8790
2022-02-11,6호선,대흥,7671,7866,15537
2022-02-11,6호선,독바위,2641,2632,5273
2022-02-11,6호선,돌곶이,8889,8293,17182
2022-02-11,6호선,동묘앞,7579,7658,15237
2022-02-11,6호선,디지털미디어시티,13024,13967,26991
2022-02-11,6호선,마포구청,13936,12611,26547
2022-02-11,6호선,망원,14038,15029,29067
2022-02-11,6호선,버티고개,1938,1966,3904
2022-02-11,6호선,보문,7034,6431,13465
2022-02-11,6호선,봉화산,8542,8034,16576
2022-02-11,6호선,불광,3999,4070,8069
2022-02-11,6호선,삼각지,5955,5280,11235
2022-02-11,6호선,상수,8026,9029,17055
2022-02-11,6호선,상월곡,5772,5235,11007
2022-02-11,6호선,새절,12059,11428,23487
2022-02-11,6호선,석계,11527,11844,23371
2022-02-11,6호선,신당,7405,7668,15073
2022-02-11,6호선,안암,9201,8948,18149
2022-02-11,6호선,약수,3556,3535,7091
2022-02-11,6호선,역촌,3844,4484,8328
2022-02-11,6호선,연신내,3,0,3
2022-02-11,6호선,월곡,11025,10672,21697
2022-02-11,6호선,월드컵경기장,3955,4074,8029
2022-02-11,6호선,응암,16865,17081,33946
2022-02-11,6호선,이태원,9314,9726,19040
2022-02-11,6호선,증산,9579,9519,19098
2022-02-11,6호선,창신,3174,2499,5673
2022-02-11,6호선,청구,3638,3897,7535
2022-02-11,6호선,태릉입구,5199,5732,10931
2022-02-11,6호선,한강진,7460,8291,15751
2022-02-11,6호선,합정,12853,12314,25167
2022-02-11,6호선,화랑대,11111,8747,19858
2022-02-11,6호선,효창공원앞,6718,6082,12800
2022-02-11,7호선,가산디지털단지,44501,44232,88733
2022-02-11,7호선,강남구청,16377,17946,34323
2022-02-11,7호선,건대입구,11385,11874,23259
2022-02-11,7호선,고속터미널,15520,12987,28507
2022-02-11,7호선,공릉,11113,10979,22092
2022-02-11,7호선,광명사거리,21783,21432,43215
2022-02-11,7호선,군자,14788,11777,26565
2022-02-11,7호선,굴포천,1,0,1
2022-02-11,7호선,남구로,15386,16409,31795
2022-02-11,7호선,남성,10627,9814,20441
2022-02-11,7호선,내방,14277,14517,28794
2022-02-11,7호선,노원,19661,20167,39828
2022-02-11,7호선,논현,20570,21979,42549
2022-02-11,7호선,대림,7279,7315,14594
2022-02-11,7호선,도봉산,8876,9812,18688
2022-02-11,7호선,뚝섬유원지,7335,7116,14451
2022-02-11,7호선,마들,12377,11699,24076
2022-02-11,7호선,먹골,9901,9710,19611
2022-02-11,7호선,면목,14845,14508,29353
2022-02-11,7호선,반포,5713,5329,11042
2022-02-11,7호선,보라매,9296,9268,18564
2022-02-11,7호선,사가정,15652,15733,31385
2022-02-11,7호선,상도,10300,9871,20171
2022-02-11,7호선,상봉,16419,15628,32047
2022-02-11,7호선,수락산,12069,11851,23920
2022-02-11,7호선,숭실대입구,10923,10798,21721
2022-02-11,7호선,신대방삼거리,16130,15348,31478
2022-02-11,7호선,신풍,11188,10688,21876
2022-02-11,7호선,어린이대공원,11703,11528,23231
2022-02-11,7호선,온수,9684,8972,18656
2022-02-11,7호선,용마산,5710,5528,11238
2022-02-11,7호선,이수,15776,14946,30722
2022-02-11,7호선,장승배기,8910,8768,17678
2022-02-11,7호선,장암,2082,807,2889
2022-02-11,7호선,중계,13392,12045,25437
2022-02-11,7호선,중곡,10133,9707,19840
2022-02-11,7호선,중화,10367,10095,20462
2022-02-11,7호선,천왕,11014,10307,21321
2022-02-11,7호선,철산,20236,20719,40955
2022-02-11,7호선,청담,18675,20829,39504
2022-02-11,7호선,태릉입구,8121,7838,15959
2022-02-11,7호선,하계,16786,15661,32447
2022-02-11,7호선,학동,23696,24977,48673
2022-02-11,8호선,가락시장,7594,8350,15944
2022-02-11,8호선,강동구청,10414,10695,21109
2022-02-11,8호선,남위례,3989,4284,8273
2022-02-11,8호선,남한산성입구,12970,11622,24592
2022-02-11,8호선,단대오거리,10159,9941,20100
2022-02-11,8호선,모란,3979,3219,7198
2022-02-11,8호선,몽촌토성,5806,5919,11725
2022-02-11,8호선,문정,21763,22699,44462
2022-02-11,8호선,복정,9311,7883,17194
2022-02-11,8호선,산성,4979,4984,9963
2022-02-11,8호선,석촌,7802,9027,16829
2022-02-11,8호선,송파,7248,7355,14603
2022-02-11,8호선,수진,5160,4607,9767
2022-02-11,8호선,신흥,4047,4472,8519
2022-02-11,8호선,암사,18305,16387,34692
2022-02-11,8호선,잠실,13823,15986,29809
2022-02-11,8호선,장지,16786,16079,32865
2022-02-11,8호선,천호,14743,17210,31953
2022-02-11,9호선,가양,19648,19138,38786
2022-02-11,9호선,개화,2394,1641,4035
2022-02-11,9호선,고속터미널,11800,15952,27752
2022-02-11,9호선,공항시장,2894,3107,6001
2022-02-11,9호선,구반포,1360,1392,2752
2022-02-11,9호선,국회의사당,15489,15995,31484
2022-02-11,9호선,김포공항,7601,12123,19724
2022-02-11,9호선,노들,4366,3613,7979
2022-02-11,9호선,노량진,25213,23853,49066
2022-02-11,9호선,당산,17852,17805,35657
2022-02-11,9호선,동작,1949,1562,3511
2022-02-11,9호선,등촌,11152,11036,22188
2022-02-11,9호선,마곡나루,11675,11307,22982
2022-02-11,9호선,사평,3428,3196,6624
2022-02-11,9호선,샛강,5539,5598,11137
2022-02-11,9호선,선유도,8464,8111,16575
2022-02-11,9호선,신논현,32001,31664,63665
2022-02-11,9호선,신목동,3805,3404,7209
2022-02-11,9호선,신반포,3112,3047,6159
2022-02-11,9호선,신방화,6496,6266,12762
2022-02-11,9호선,양천향교,9205,9311,18516
2022-02-11,9호선,여의도,26712,25131,51843
2022-02-11,9호선,염창,16446,16024,32470
2022-02-11,9호선,증미,7107,6952,14059
2022-02-11,9호선,흑석,7728,7963,15691
2022-02-11,9호선2~3단계,둔촌오륜,1123,1033,2156
2022-02-11,9호선2~3단계,봉은사,15432,15639,31071
2022-02-11,9호선2~3단계,삼성중앙,6745,7061,13806
2022-02-11,9호선2~3단계,삼전,6861,6560,13421
2022-02-11,9호선2~3단계,석촌,8327,7447,15774
2022-02-11,9호선2~3단계,석촌고분,6074,5978,12052
2022-02-11,9호선2~3단계,선정릉,9524,10255,19779
2022-02-11,9호선2~3단계,송파나루,4999,5355,10354
2022-02-11,9호선2~3단계,언주,10512,10594,21106
2022-02-11,9호선2~3단계,올림픽공원,5468,5407,10875
2022-02-11,9호선2~3단계,종합운동장,4034,4149,8183
2022-02-11,9호선2~3단계,중앙보훈병원,10118,8982,19100
2022-02-11,9호선2~3단계,한성백제,2516,2261,4777
2022-02-11,경강선,경기광주,7276,7041,14317
2022-02-11,경강선,곤지암,2204,2183,4387
2022-02-11,경강선,부발,2603,1870,4473
2022-02-11,경강선,삼동,2301,2108,4409
2022-02-11,경강선,세종대왕릉,293,303,596
2022-02-11,경강선,신둔도예촌,1302,1244,2546
2022-02-11,경강선,여주,1838,1929,3767
2022-02-11,경강선,이매,1044,943,1987
2022-02-11,경강선,이천,2571,2604,5175
2022-02-11,경강선,초월,3026,2889,5915
2022-02-11,경강선,판교,4535,4576,9111
2022-02-11,경부선,가산디지털단지,17523,20217,37740
2022-02-11,경부선,관악,6853,6462,13315
2022-02-11,경부선,광명,3240,3033,6273
2022-02-11,경부선,구로,17835,18166,36001
2022-02-11,경부선,군포,7756,7577,15333
2022-02-11,경부선,금정,25844,25975,51819
2022-02-11,경부선,금천구청,11426,11586,23012
2022-02-11,경부선,남영,8669,9036,17705
2022-02-11,경부선,노량진,7886,7862,15748
2022-02-11,경부선,당정,5842,5593,11435
2022-02-11,경부선,대방,12258,12663,24921
2022-02-11,경부선,독산,17925,18635,36560
2022-02-11,경부선,두정,4797,4728,9525
2022-02-11,경부선,명학,8432,8262,16694
2022-02-11,경부선,병점,13630,13206,26836
2022-02-11,경부선,서동탄,1351,1235,2586
2022-02-11,경부선,서울역,6679,2199,8878
2022-02-11,경부선,서정리,6986,5641,12627
2022-02-11,경부선,석수,9224,8272,17496
2022-02-11,경부선,성균관대,12959,12882,25841
2022-02-11,경부선,성환,3272,3050,6322
2022-02-11,경부선,세류,2809,2711,5520
2022-02-11,경부선,세마,2672,2477,5149
2022-02-11,경부선,송탄,4135,3919,8054
2022-02-11,경부선,수원,31967,34478,66445
2022-02-11,경부선,신길,8499,7087,15586
2022-02-11,경부선,신도림,3973,3884,7857
2022-02-11,경부선,안양,20043,20365,40408
2022-02-11,경부선,영등포,37618,38556,76174
2022-02-11,경부선,오산,9456,9158,18614
2022-02-11,경부선,오산대,3187,2992,6179
2022-02-11,경부선,용산,33823,34584,68407
2022-02-11,경부선,의왕,8652,8637,17289
2022-02-11,경부선,직산,745,706,1451
2022-02-11,경부선,진위,1620,1342,2962
2022-02-11,경부선,천안,4552,4823,9375
2022-02-11,경부선,평택,11139,10695,21834
2022-02-11,경부선,평택지제,3512,3263,6775
2022-02-11,경부선,화서,7381,7271,14652
2022-02-11,경원선,가능,6068,5828,11896
2022-02-11,경원선,광운대,7128,6901,14029
2022-02-11,경원선,녹양,4329,4155,8484
2022-02-11,경원선,녹천,4465,3812,8277
2022-02-11,경원선,덕계,2892,2612,5504
2022-02-11,경원선,덕정,4872,4729,9601
2022-02-11,경원선,도봉,5976,5692,11668
2022-02-11,경원선,도봉산,6668,4611,11279
2022-02-11,경원선,동두천,1931,2128,4059
2022-02-11,경원선,동두천중앙,2963,2817,5780
2022-02-11,경원선,망월사,6912,7051,13963
2022-02-11,경원선,방학,9423,9185,18608
2022-02-11,경원선,보산,1497,1334,2831
2022-02-11,경원선,서빙고,1961,1790,3751
2022-02-11,경원선,석계,7834,8673,16507
2022-02-11,경원선,소요산,2360,2031,4391
2022-02-11,경원선,신이문,7914,7290,15204
2022-02-11,경원선,양주,7161,6717,13878
2022-02-11,경원선,옥수,55,42,97
2022-02-11,경원선,왕십리,13752,15393,29145
2022-02-11,경원선,외대앞,6825,6764,13589
2022-02-11,경원선,월계,6371,5984,12355
2022-02-11,경원선,응봉,1812,1495,3307
2022-02-11,경원선,의정부,17510,18251,35761
2022-02-11,경원선,이촌,3503,2754,6257
2022-02-11,경원선,지행,5854,5938,11792
2022-02-11,경원선,창동,2,0,2
2022-02-11,경원선,청량리,15043,15765,30808
2022-02-11,경원선,한남,3997,3786,7783
2022-02-11,경원선,회룡,11777,11754,23531
2022-02-11,경의선,가좌,5029,4973,10002
2022-02-11,경의선,강매,2979,2655,5634
2022-02-11,경의선,곡산,511,545,1056
2022-02-11,경의선,공덕,3441,3018,6459
2022-02-11,경의선,금릉,4425,4290,8715
2022-02-11,경의선,금촌,6403,6474,12877
2022-02-11,경의선,능곡,3612,3337,6949
2022-02-11,경의선,디지털미디어시티,2370,2210,4580
2022-02-11,경의선,문산,4888,4724,9612
2022-02-11,경의선,백마,6345,6293,12638
2022-02-11,경의선,서강대,2008,1967,3975
2022-02-11,경의선,서울역,3986,4908,8894
2022-02-11,경의선,수색,2628,2703,5331
2022-02-11,경의선,신촌,788,985,1773
2022-02-11,경의선,야당,7064,6864,13928
2022-02-11,경의선,운정,6431,6135,12566
2022-02-11,경의선,월롱,2589,2074,4663
2022-02-11,경의선,일산,8580,8767,17347
2022-02-11,경의선,임진강,12,2,14
2022-02-11,경의선,탄현,7251,7071,14322
2022-02-11,경의선,파주,953,706,1659
2022-02-11,경의선,풍산,5313,5039,10352
2022-02-11,경의선,행신,7561,7783,15344
2022-02-11,경의선,홍대입구,1644,1940,3584
2022-02-11,경의선,화전,1357,1258,2615
2022-02-11,경의선,효창공원앞,2784,3254,6038
2022-02-11,경인선,간석,5503,5166,10669
2022-02-11,경인선,개봉,20517,20376,40893
2022-02-11,경인선,구일,5668,5721,11389
2022-02-11,경인선,도원,2387,2455,4842
2022-02-11,경인선,도화,3852,3602,7454
2022-02-11,경인선,동암,13720,14136,27856
2022-02-11,경인선,동인천,12880,12314,25194
2022-02-11,경인선,백운,6417,6292,12709
2022-02-11,경인선,부개,8072,7438,15510
2022-02-11,경인선,부천,30816,31401,62217
2022-02-11,경인선,부평,27808,30024,57832
2022-02-11,경인선,소사,8090,8011,16101
2022-02-11,경인선,송내,24972,25169,50141
2022-02-11,경인선,역곡,25473,25290,50763
2022-02-11,경인선,오류동,11226,10520,21746
2022-02-11,경인선,온수,6151,5981,12132
2022-02-11,경인선,인천,3132,2496,5628
2022-02-11,경인선,제물포,9835,9389,19224
2022-02-11,경인선,주안,17373,15849,33222
2022-02-11,경인선,중동,8910,8284,17194
2022-02-11,경춘선,가평,1453,1456,2909
2022-02-11,경춘선,갈매,2913,2520,5433
2022-02-11,경춘선,강촌,313,338,651
2022-02-11,경춘선,굴봉산,129,163,292
2022-02-11,경춘선,금곡,1408,1301,2709
2022-02-11,경춘선,김유정,288,326,614
2022-02-11,경춘선,남춘천,2173,2177,4350
2022-02-11,경춘선,대성리,429,411,840
2022-02-11,경춘선,마석,3528,3646,7174
2022-02-11,경춘선,백양리,316,273,589
2022-02-11,경춘선,별내,3217,3084,6301
2022-02-11,경춘선,사릉,2950,2937,5887
2022-02-11,경춘선,상천,206,204,410
2022-02-11,경춘선,신내,1937,1800,3737
2022-02-11,경춘선,천마산,1582,1475,3057
2022-02-11,경춘선,청평,1370,1341,2711
2022-02-11,경춘선,춘천,1079,1056,2135
2022-02-11,경춘선,퇴계원,3393,3168,6561
2022-02-11,경춘선,평내호평,5630,5560,11190
2022-02-11,공항철도,검암,6387,6483,12870
2022-02-11,공항철도,계양,9595,9123,18718
2022-02-11,공항철도,공덕,2225,2953,5178
2022-02-11,공항철도,공항화물청사,2287,2372,4659
2022-02-11,공항철도,김포공항,14087,6855,20942
2022-02-11,공항철도,디지털미디어시티,13074,11894,24968
2022-02-11,공항철도,마곡나루,7843,7597,15440
2022-02-11,공항철도,서울역,8091,7482,15573
2022-02-11,공항철도,영종,2755,2851,5606
2022-02-11,공항철도,운서,6391,6366,12757
2022-02-11,공항철도,인천공항1터미널,3384,3682,7066
2022-02-11,공항철도,인천공항2터미널,1989,1989,3978
2022-02-11,공항철도,청라국제도시,6537,6098,12635
2022-02-11,공항철도,홍대입구,9648,9551,19199
2022-02-11,과천선,경마공원,5518,5752,11270
2022-02-11,과천선,과천,5944,6713,12657
2022-02-11,과천선,대공원,2595,2766,5361
2022-02-11,과천선,범계,24599,24524,49123
2022-02-11,과천선,선바위,8034,7390,15424
2022-02-11,과천선,인덕원,23380,24402,47782
2022-02-11,과천선,정부과천청사,9861,10312,20173
2022-02-11,과천선,평촌,16949,16912,33861
2022-02-11,분당선,가천대,6162,7028,13190
2022-02-11,분당선,강남구청,10339,11671,22010
2022-02-11,분당선,개포동,3627,3865,7492
2022-02-11,분당선,구룡,1994,1961,3955
2022-02-11,분당선,구성,4803,4993,9796
2022-02-11,분당선,기흥,9064,8672,17736
2022-02-11,분당선,대모산입구,4442,4224,8666
2022-02-11,분당선,도곡,6887,6731,13618
2022-02-11,분당선,망포,14134,13243,27377
2022-02-11,분당선,매교,2673,2713,5386
2022-02-11,분당선,매탄권선,4798,4655,9453
2022-02-11,분당선,모란,19318,19373,38691
2022-02-11,분당선,미금,15361,16212,31573
2022-02-11,분당선,보정,2289,2019,4308
2022-02-11,분당선,상갈,5161,4838,9999
2022-02-11,분당선,서울숲,9982,10154,20136
2022-02-11,분당선,서현,24636,24836,49472
2022-02-11,분당선,선릉,13050,19448,32498
2022-02-11,분당선,선정릉,8025,8359,16384
2022-02-11,분당선,수내,13087,13041,26128
2022-02-11,분당선,수서,13895,14769,28664
2022-02-11,분당선,수원,7895,6665,14560
2022-02-11,분당선,수원시청,12466,13555,26021
2022-02-11,분당선,신갈,4375,4356,8731
2022-02-11,분당선,압구정로데오,20362,22218,42580
2022-02-11,분당선,야탑,25249,26376,51625
2022-02-11,분당선,영통,8123,8261,16384
2022-02-11,분당선,오리,11415,9400,20815
2022-02-11,분당선,이매,5349,5246,10595
2022-02-11,분당선,정자,16951,17966,34917
2022-02-11,분당선,죽전,12613,13647,26260
2022-02-11,분당선,청명,4137,3909,8046
2022-02-11,분당선,태평,13145,12641,25786
2022-02-11,분당선,한티,14503,15537,30040
2022-02-11,수인선,고색,4582,4240,8822
2022-02-11,수인선,남동인더스파크,2340,2535,4875
2022-02-11,수인선,달월,100,59,159
2022-02-11,수인선,사리,4292,3855,8147
2022-02-11,수인선,소래포구,4486,4320,8806
2022-02-11,수인선,송도,2373,2209,4582
2022-02-11,수인선,숭의,3841,3511,7352
2022-02-11,수인선,신포,1615,1691,3306
2022-02-11,수인선,야목,334,262,596
2022-02-11,수인선,어천,767,681,1448
2022-02-11,수인선,연수,4229,4284,8513
2022-02-11,수인선,오목천,2724,2471,5195
2022-02-11,수인선,원인재,4246,4435,8681
2022-02-11,수인선,월곶,2410,2267,4677
2022-02-11,수인선,인천,1025,1590,2615
2022-02-11,수인선,인천논현,5358,5772,11130
2022-02-11,수인선,인하대,5291,4952,10243
2022-02-11,수인선,호구포,3946,3979,7925
2022-02-11,안산선,고잔,8480,7992,16472
2022-02-11,안산선,대야미,4875,4291,9166
2022-02-11,안산선,반월,3963,3789,7752
2022-02-11,안산선,산본,15280,16470,31750
2022-02-11,안산선,상록수,14893,15499,30392
2022-02-11,안산선,수리산,3773,3254,7027
2022-02-11,안산선,신길온천,1539,1466,3005
2022-02-11,안산선,안산,10822,9954,20776
2022-02-11,안산선,오이도,7866,7701,15567
2022-02-11,안산선,정왕,7493,7694,15187
2022-02-11,안산선,중앙,16637,17131,33768
2022-02-11,안산선,초지,4323,4638,8961
2022-02-11,안산선,한대앞,8155,8444,16599
2022-02-11,우이신설선,4.19민주묘지,2645,2513,5158
2022-02-11,우이신설선,가오리,4059,4032,8091
2022-02-11,우이신설선,보문,1432,1437,2869
2022-02-11,우이신설선,북한산보국문,5784,5612,11396
2022-02-11,우이신설선,북한산우이,2370,2110,4480
2022-02-11,우이신설선,삼양,1928,2058,3986
2022-02-11,우이신설선,삼양사거리,2473,2528,5001
2022-02-11,우이신설선,성신여대입구,3344,3484,6828
2022-02-11,우이신설선,솔밭공원,2340,2236,4576
2022-02-11,우이신설선,솔샘,5659,5261,10920
2022-02-11,우이신설선,신설동,2149,2036,4185
2022-02-11,우이신설선,정릉,4436,4049,8485
2022-02-11,우이신설선,화계,3406,3078,6484
2022-02-11,일산선,대곡,2008,1566,3574
2022-02-11,일산선,대화,11794,9485,21279
2022-02-11,일산선,마두,7386,7488,14874
2022-02-11,일산선,백석,9341,9289,18630
2022-02-11,일산선,삼송,18428,17468,35896
2022-02-11,일산선,원당,10604,9928,20532
2022-02-11,일산선,원흥,10091,9510,19601
2022-02-11,일산선,정발산,7223,7267,14490
2022-02-11,일산선,주엽,8572,8481,17053
2022-02-11,일산선,화정,16144,16444,32588
2022-02-11,장항선,배방,987,951,1938
2022-02-11,장항선,봉명,1135,1088,2223
2022-02-11,장항선,신창,1060,849,1909
2022-02-11,장항선,쌍용,1758,1522,3280
2022-02-11,장항선,아산,2712,2753,5465
2022-02-11,장항선,온양온천,3208,3304,6512
2022-02-11,장항선,탕정,494,475,969
2022-02-11,중앙선,구리,12740,13018,25758
2022-02-11,중앙선,국수,569,562,1131
2022-02-11,중앙선,덕소,5173,5204,10377
2022-02-11,중앙선,도농,10002,9110,19112
2022-02-11,중앙선,도심,2169,1743,3912
2022-02-11,중앙선,망우,7420,7424,14844
2022-02-11,중앙선,상봉,5723,5768,11491
2022-02-11,중앙선,신원,154,143,297
2022-02-11,중앙선,아신,454,468,922
2022-02-11,중앙선,양수,1781,1713,3494
2022-02-11,중앙선,양원,2180,2081,4261
2022-02-11,중앙선,양정,644,554,1198
2022-02-11,중앙선,양평,2418,2494,4912
2022-02-11,중앙선,오빈,239,224,463
2022-02-11,중앙선,용문,1358,1481,2839
2022-02-11,중앙선,운길산,614,617,1231
2022-02-11,중앙선,원덕,282,302,584
2022-02-11,중앙선,중랑,5443,5113,10556
2022-02-11,중앙선,지평,58,66,124
2022-02-11,중앙선,팔당,762,792,1554
2022-02-11,중앙선,회기,22394,21599,43993
2022-02-14,1호선,동대문,9746,9166,18912
2022-02-14,1호선,동묘앞,6217,6505,12722
2022-02-14,1호선,서울역,38551,37346,75897
2022-02-14,1호선,시청,19787,20335,40122
2022-02-14,1호선,신설동,13023,12930,25953
2022-02-14,1호선,제기동,15516,15567,31083
2022-02-14,1호선,종각,31755,30760,62515
2022-02-14,1호선,종로3가,22677,21188,43865
2022-02-14,1호선,종로5가,20692,20170,40862
2022-02-14,1호선,청량리,18270,18221,36491
2022-02-14,2호선,강남,81670,79216,160886
2022-02-14,2호선,강변,27545,26143,53688
2022-02-14,2호선,건대입구,31311,33144,64455
2022-02-14,2호선,교대,32258,36030,68288
2022-02-14,2호선,구로디지털단지,56942,56942,113884
2022-02-14,2호선,구의,22375,22457,44832
2022-02-14,2호선,낙성대,24897,24615,49512
2022-02-14,2호선,당산,16740,19477,36217
2022-02-14,2호선,대림,22649,23252,45901
2022-02-14,2호선,도림천,1342,1403,2745
2022-02-14,2호선,동대문역사문화공원,10239,11668,21907
2022-02-14,2호선,뚝섬,20261,21857,42118
2022-02-14,2호선,문래,20332,20737,41069
2022-02-14,2호선,방배,15072,15624,30696
2022-02-14,2호선,봉천,22460,21581,44041
2022-02-14,2호선,사당,32392,35436,67828
2022-02-14,2호선,삼성,48756,48312,97068
2022-02-14,2호선,상왕십리,13400,13378,26778
2022-02-14,2호선,서울대입구,43756,43661,87417
2022-02-14,2호선,서초,20456,19804,40260
2022-02-14,2호선,선릉,54957,48573,103530
2022-02-14,2호선,성수,36336,38724,75060
2022-02-14,2호선,시청,21957,20999,42956
2022-02-14,2호선,신답,1633,1857,3490
2022-02-14,2호선,신당,12908,13369,26277
2022-02-14,2호선,신대방,24967,24537,49504
2022-02-14,2호선,신도림,43409,42560,85969
2022-02-14,2호선,신림,59025,58014,117039
2022-02-14,2호선,신설동,3209,3206,6415
2022-02-14,2호선,신정네거리,9561,9942,19503
2022-02-14,2호선,신촌,29727,30123,59850
2022-02-14,2호선,아현,9324,9103,18427
2022-02-14,2호선,양천구청,6445,6842,13287
2022-02-14,2호선,역삼,51209,55739,106948
2022-02-14,2호선,영등포구청,22195,22699,44894
2022-02-14,2호선,왕십리,14219,11817,26036
2022-02-14,2호선,용답,2493,2557,5050
2022-02-14,2호선,용두,2270,2377,4647
2022-02-14,2호선,을지로3가,20919,20494,41413
2022-02-14,2호선,을지로4가,12188,12377,24565
2022-02-14,2호선,을지로입구,35911,36246,72157
2022-02-14,2호선,이대,11481,12289,23770
2022-02-14,2호선,잠실,60655,60024,120679
2022-02-14,2호선,잠실나루,13500,13491,26991
2022-02-14,2호선,잠실새내,19835,19770,39605
2022-02-14,2호선,종합운동장,6574,7141,13715
2022-02-14,2호선,충정로,9588,10147,19735
2022-02-14,2호선,한양대,6622,6930,13552
2022-02-14,2호선,합정,27474,28694,56168
2022-02-14,2호선,홍대입구,47712,47632,95344
2022-02-14,3호선,가락시장,8391,8159,16550
2022-02-14,3호선,경복궁,17346,17184,34530
2022-02-14,3호선,경찰병원,7352,7384,14736
2022-02-14,3호선,고속터미널,36180,34149,70329
2022-02-14,3호선,교대,13394,8813,22207
2022-02-14,3호선,구파발,18794,17877,36671
2022-02-14,3호선,금호,7394,7111,14505
2022-02-14,3호선,남부터미널,26755,27256,54011
2022-02-14,3호선,녹번,14359,13443,27802
2022-02-14,3호선,대청,9602,9011,18613
2022-02-14,3호선,대치,10804,10858,21662
2022-02-14,3호선,도곡,5100,5254,10354
2022-02-14,3호선,독립문,6138,6439,12577
2022-02-14,3호선,동대입구,6606,6764,13370
2022-02-14,3호선,매봉,11933,11418,23351
2022-02-14,3호선,무악재,3622,3795,7417
2022-02-14,3호선,불광,14920,15899,30819
2022-02-14,3호선,수서,15382,15794,31176
2022-02-14,3호선,신사,30591,31460,62051
2022-02-14,3호선,안국,18035,18219,36254
2022-02-14,3호선,압구정,30757,32617,63374
2022-02-14,3호선,약수,11887,11585,23472
2022-02-14,3호선,양재,36379,39347,75726
2022-02-14,3호선,연신내,33493,32067,65560
2022-02-14,3호선,오금,6059,5405,11464
2022-02-14,3호선,옥수,8000,8422,16422
2022-02-14,3호선,을지로3가,10072,9959,20031
2022-02-14,3호선,일원,9630,9445,19075
2022-02-14,3호선,잠원,4482,4445,8927
2022-02-14,3호선,종로3가,9821,10952,20773
2022-02-14,3호선,지축,4262,4118,8380
2022-02-14,3호선,충무로,1,0,1
2022-02-14,3호선,학여울,1641,1645,3286
2022-02-14,3호선,홍제,16160,15575,31735
2022-02-14,4호선,길음,18149,18367,36516
2022-02-14,4호선,남태령,1029,947,1976
2022-02-14,4호선,노원,16809,18815,35624
2022-02-14,4호선,당고개,11735,10825,22560
2022-02-14,4호선,동대문,18110,18108,36218
2022-02-14,4호선,동대문역사문화공원,13427,12170,25597
2022-02-14,4호선,동작,1271,1417,2688
2022-02-14,4호선,명동,15613,15976,31589
2022-02-14,4호선,미아,13576,13405,26981
2022-02-14,4호선,미아사거리,25163,24820,49983
2022-02-14,4호선,사당,22395,18018,40413
2022-02-14,4호선,삼각지,4362,4710,9072
2022-02-14,4호선,상계,17471,16470,33941
2022-02-14,4호선,서울역,10281,14493,24774
2022-02-14,4호선,성신여대입구,17768,17428,35196
2022-02-14,4호선,수유,31244,31313,62557
2022-02-14,4호선,숙대입구,11409,11144,22553
2022-02-14,4호선,신용산,15029,15761,30790
2022-02-14,4호선,쌍문,27047,25266,52313
2022-02-14,4호선,이촌,6405,7264,13669
2022-02-14,4호선,창동,23397,24839,48236
2022-02-14,4호선,총신대입구,17191,18754,35945
2022-02-14,4호선,충무로,23769,24452,48221
2022-02-14,4호선,한성대입구,11713,11595,23308
2022-02-14,4호선,혜화,27651,27177,54828
2022-02-14,4호선,회현,21724,22136,43860
2022-02-14,5호선,강동,17606,17239,34845
2022-02-14,5호선,강일,3617,3689,7306
2022-02-14,5호선,개롱,6169,6676,12845
2022-02-14,5호선,개화산,5296,5062,10358
2022-02-14,5호선,거여,8801,8545,17346
2022-02-14,5호선,고덕,8813,9311,18124
2022-02-14,5호선,공덕,12907,13486,26393
2022-02-14,5호선,광나루,12116,11265,23381
2022-02-14,5호선,광화문,27313,26726,54039
2022-02-14,5호선,군자,10276,11471,21747
2022-02-14,5호선,굽은다리,8840,8811,17651
2022-02-14,5호선,길동,7729,8187,15916
2022-02-14,5호선,김포공항,6834,6700,13534
2022-02-14,5호선,까치산,27289,26818,54107
2022-02-14,5호선,답십리,15129,14208,29337
2022-02-14,5호선,동대문역사문화공원,2934,3185,6119
2022-02-14,5호선,둔촌동,8246,8361,16607
2022-02-14,5호선,마곡,10563,10174,20737
2022-02-14,5호선,마장,5098,4827,9925
2022-02-14,5호선,마천,6550,6526,13076
2022-02-14,5호선,마포,13802,13955,27757
2022-02-14,5호선,명일,7906,8783,16689
2022-02-14,5호선,목동,15770,17200,32970
2022-02-14,5호선,미사,14827,14788,29615
2022-02-14,5호선,발산,19338,19125,38463
2022-02-14,5호선,방이,6729,7077,13806
2022-02-14,5호선,방화,6124,5911,12035
2022-02-14,5호선,상일동,14365,13969,28334
2022-02-14,5호선,서대문,17890,17330,35220
2022-02-14,5호선,송정,6174,5904,12078
2022-02-14,5호선,신금호,5874,6342,12216
2022-02-14,5호선,신길,3867,4356,8223
2022-02-14,5호선,신정,13417,11081,24498
2022-02-14,5호선,아차산,13090,12942,26032
2022-02-14,5호선,애오개,6380,6605,12985
2022-02-14,5호선,양평,7330,7293,14623
2022-02-14,5호선,여의나루,8101,9237,17338
2022-02-14,5호선,여의도,28391,28078,56469
2022-02-14,5호선,영등포구청,3890,3841,7731
2022-02-14,5호선,영등포시장,9333,9623,18956
2022-02-14,5호선,오금,3507,3657,7164
2022-02-14,5호선,오목교,20361,21754,42115
2022-02-14,5호선,올림픽공원,3851,3343,7194
2022-02-14,5호선,왕십리,4329,4684,9013
2022-02-14,5호선,우장산,13301,13405,26706
2022-02-14,5호선,을지로4가,5778,5424,11202
2022-02-14,5호선,장한평,17628,17603,35231
2022-02-14,5호선,종로3가,11112,10721,21833
2022-02-14,5호선,천호,16404,16094,32498
2022-02-14,5호선,청구,3881,3608,7489
2022-02-14,5호선,충정로,4620,4715,9335
2022-02-14,5호선,하남검단산,4932,4747,9679
2022-02-14,5호선,하남시청,6106,6059,12165
2022-02-14,5호선,하남풍산,3956,3958,7914
2022-02-14,5호선,행당,7522,7131,14653
2022-02-14,5호선,화곡,26899,25319,52218
2022-02-14,6호선,고려대,7203,7096,14299
2022-02-14,6호선,공덕,17308,16927,34235
2022-02-14,6호선,광흥창,8332,8226,16558
2022-02-14,6호선,구산,6991,5505,12496
2022-02-14,6호선,녹사평,3918,3915,7833
2022-02-14,6호선,대흥,7392,7737,15129
2022-02-14,6호선,독바위,2542,2654,5196
2022-02-14,6호선,돌곶이,8828,8502,17330
2022-02-14,6호선,동묘앞,7216,7506,14722
2022-02-14,6호선,디지털미디어시티,12892,14318,27210
2022-02-14,6호선,마포구청,13477,12441,25918
2022-02-14,6호선,망원,12737,13602,26339
2022-02-14,6호선,버티고개,1881,1981,3862
2022-02-14,6호선,보문,6736,6278,13014
2022-02-14,6호선,봉화산,8456,8038,16494
2022-02-14,6호선,불광,3900,3910,7810
2022-02-14,6호선,삼각지,5312,4772,10084
2022-02-14,6호선,상수,7423,8155,15578
2022-02-14,6호선,상월곡,5721,5315,11036
2022-02-14,6호선,새절,11602,11095,22697
2022-02-14,6호선,석계,11230,11793,23023
2022-02-14,6호선,신내,1,0,1
2022-02-14,6호선,신당,7803,8142,15945
2022-02-14,6호선,안암,8999,9119,18118
2022-02-14,6호선,약수,3346,3376,6722
2022-02-14,6호선,역촌,3656,4329,7985
2022-02-14,6호선,연신내,1,0,1
2022-02-14,6호선,월곡,10884,10830,21714
2022-02-14,6호선,월드컵경기장,3580,3677,7257
2022-02-14,6호선,응암,16427,16623,33050
2022-02-14,6호선,이태원,8118,8104,16222
2022-02-14,6호선,증산,9590,9526,19116
2022-02-14,6호선,창신,3133,2598,5731
2022-02-14,6호선,청구,3611,3880,7491
2022-02-14,6호선,태릉입구,5056,5433,10489
2022-02-14,6호선,한강진,6359,7072,13431
2022-02-14,6호선,합정,11740,11162,22902
2022-02-14,6호선,화랑대,10961,8682,19643
2022-02-14,6호선,효창공원앞,6409,6012,12421
2022-02-14,7호선,가산디지털단지,45973,45137,91110
2022-02-14,7호선,강남구청,15428,17031,32459
2022-02-14,7호선,건대입구,11443,11888,23331
2022-02-14,7호선,고속터미널,14702,12045,26747
2022-02-14,7호선,공릉,10820,10941,21761
2022-02-14,7호선,광명사거리,20769,20563,41332
2022-02-14,7호선,군자,14398,11746,26144
2022-02-14,7호선,굴포천,1,0,1
2022-02-14,7호선,까치울,1,0,1
2022-02-14,7호선,남구로,15942,16757,32699
2022-02-14,7호선,남성,10387,10038,20425
2022-02-14,7호선,내방,14029,14162,28191
2022-02-14,7호선,노원,18632,18809,37441
2022-02-14,7호선,논현,19809,21456,41265
2022-02-14,7호선,대림,7709,7603,15312
2022-02-14,7호선,도봉산,8422,9558,17980
2022-02-14,7호선,뚝섬유원지,6840,6767,13607
2022-02-14,7호선,마들,11884,11622,23506
2022-02-14,7호선,먹골,9643,9600,19243
2022-02-14,7호선,면목,14750,14454,29204
2022-02-14,7호선,반포,5337,5307,10644
2022-02-14,7호선,보라매,9529,9621,19150
2022-02-14,7호선,부평구청,1,0,1
2022-02-14,7호선,사가정,15177,15218,30395
2022-02-14,7호선,상도,9991,9935,19926
2022-02-14,7호선,상동,3,0,3
2022-02-14,7호선,상봉,15731,14484,30215
2022-02-14,7호선,수락산,11599,11464,23063
2022-02-14,7호선,숭실대입구,11108,11471,22579
2022-02-14,7호선,신대방삼거리,15874,15322,31196
2022-02-14,7호선,신풍,10867,10563,21430
2022-02-14,7호선,어린이대공원,11395,10969,22364
2022-02-14,7호선,온수,9547,8822,18369
2022-02-14,7호선,용마산,5640,5558,11198
2022-02-14,7호선,이수,14769,14345,29114
2022-02-14,7호선,장승배기,8719,8660,17379
2022-02-14,7호선,장암,2201,738,2939
2022-02-14,7호선,중계,13128,12235,25363
2022-02-14,7호선,중곡,10210,9709,19919
2022-02-14,7호선,중화,10238,10260,20498
2022-02-14,7호선,천왕,10820,10346,21166
2022-02-14,7호선,철산,19586,20119,39705
2022-02-14,7호선,청담,18356,20542,38898
2022-02-14,7호선,태릉입구,7721,7293,15014
2022-02-14,7호선,하계,16070,15251,31321
2022-02-14,7호선,학동,24073,25171,49244
2022-02-14,8호선,가락시장,7206,7975,15181
2022-02-14,8호선,강동구청,10232,10748,20980
2022-02-14,8호선,남위례,3902,4057,7959
2022-02-14,8호선,남한산성입구,12725,11730,24455
2022-02-14,8호선,단대오거리,9960,9776,19736
2022-02-14,8호선,모란,5237,4006,9243
2022-02-14,8호선,몽촌토성,5819,5762,11581
2022-02-14,8호선,문정,22204,23134,45338
2022-02-14,8호선,복정,8520,7476,15996
2022-02-14,8호선,산성,4853,4942,9795
2022-02-14,8호선,석촌,7501,8487,15988
2022-02-14,8호선,송파,7112,7448,14560
2022-02-14,8호선,수진,5192,4854,10046
2022-02-14,8호선,신흥,4080,4327,8407
2022-02-14,8호선,암사,18406,16176,34582
2022-02-14,8호선,잠실,12997,14865,27862
2022-02-14,8호선,장지,15815,15436,31251
2022-02-14,8호선,천호,14164,15745,29909
2022-02-14,9호선,가양,19308,19009,38317
2022-02-14,9호선,개화,2454,1733,4187
2022-02-14,9호선,고속터미널,10697,13743,24440
2022-02-14,9호선,공항시장,2835,3118,5953
2022-02-14,9호선,구반포,1307,1356,2663
2022-02-14,9호선,국회의사당,16749,16868,33617
2022-02-14,9호선,김포공항,6808,11202,18010
2022-02-14,9호선,노들,4156,3704,7860
2022-02-14,9호선,노량진,24131,23416,47547
2022-02-14,9호선,당산,16854,17107,33961
2022-02-14,9호선,동작,1923,1497,3420
2022-02-14,9호선,등촌,11305,11182,22487
2022-02-14,9호선,마곡나루,11104,10932,22036
2022-02-14,9호선,사평,3229,3237,6466
2022-02-14,9호선,샛강,5665,5868,11533
2022-02-14,9호선,선유도,8514,8191,16705
2022-02-14,9호선,신논현,29672,29219,58891
2022-02-14,9호선,신목동,3871,3478,7349
2022-02-14,9호선,신반포,3065,3057,6122
2022-02-14,9호선,신방화,6323,6299,12622
2022-02-14,9호선,양천향교,9145,9333,18478
2022-02-14,9호선,여의도,26754,25394,52148
2022-02-14,9호선,염창,16139,15943,32082
2022-02-14,9호선,증미,7195,7201,14396
2022-02-14,9호선,흑석,7536,8030,15566
2022-02-14,9호선2~3단계,둔촌오륜,915,885,1800
2022-02-14,9호선2~3단계,봉은사,14926,15072,29998
2022-02-14,9호선2~3단계,삼성중앙,6657,7006,13663
2022-02-14,9호선2~3단계,삼전,6756,6652,13408
2022-02-14,9호선2~3단계,석촌,7909,7202,15111
2022-02-14,9호선2~3단계,석촌고분,5835,5836,11671
2022-02-14,9호선2~3단계,선정릉,9268,10200,19468
2022-02-14,9호선2~3단계,송파나루,4829,4969,9798
2022-02-14,9호선2~3단계,언주,10809,10903,21712
2022-02-14,9호선2~3단계,올림픽공원,5507,5219,10726
2022-02-14,9호선2~3단계,종합운동장,4138,3970,8108
2022-02-14,9호선2~3단계,중앙보훈병원,10667,9354,20021
2022-02-14,9호선2~3단계,한성백제,2449,2290,4739
2022-02-14,경강선,경기광주,7325,7066,14391
2022-02-14,경강선,곤지암,2036,1982,4018
2022-02-14,경강선,부발,1777,1800,3577
2022-02-14,경강선,삼동,2255,2172,4427
2022-02-14,경강선,세종대왕릉,273,241,514
2022-02-14,경강선,신둔도예촌,1220,1169,2389
2022-02-14,경강선,여주,1840,1805,3645
2022-02-14,경강선,이매,1063,877,1940
2022-02-14,경강선,이천,2406,2541,4947
2022-02-14,경강선,초월,2847,2853,5700
2022-02-14,경강선,판교,4578,4370,8948
2022-02-14,경부선,가산디지털단지,17782,20828,38610
2022-02-14,경부선,관악,6630,6283,12913
2022-02-14,경부선,광명,3195,2682,5877
2022-02-14,경부선,구로,17815,17767,35582
2022-02-14,경부선,군포,7405,7590,14995
2022-02-14,경부선,금정,24871,25337,50208
2022-02-14,경부선,금천구청,11221,11133,22354
2022-02-14,경부선,남영,8197,8646,16843
2022-02-14,경부선,노량진,7003,7227,14230
2022-02-14,경부선,당정,5770,5454,11224
2022-02-14,경부선,대방,11988,12604,24592
2022-02-14,경부선,독산,18235,18943,37178
2022-02-14,경부선,두정,4330,4376,8706
2022-02-14,경부선,명학,8622,8580,17202
2022-02-14,경부선,병점,12565,12526,25091
2022-02-14,경부선,서동탄,1286,1113,2399
2022-02-14,경부선,서울역,5458,1866,7324
2022-02-14,경부선,서정리,5765,5579,11344
2022-02-14,경부선,석수,9080,8226,17306
2022-02-14,경부선,성균관대,12715,12749,25464
2022-02-14,경부선,성환,2754,2932,5686
2022-02-14,경부선,세류,2790,2517,5307
2022-02-14,경부선,세마,2486,2354,4840
2022-02-14,경부선,송탄,3893,3780,7673
2022-02-14,경부선,수원,29549,31038,60587
2022-02-14,경부선,신길,8379,7265,15644
2022-02-14,경부선,신도림,3952,3715,7667
2022-02-14,경부선,안양,19566,19518,39084
2022-02-14,경부선,영등포,33534,33996,67530
2022-02-14,경부선,오산,8492,8610,17102
2022-02-14,경부선,오산대,2935,2719,5654
2022-02-14,경부선,용산,29595,30219,59814
2022-02-14,경부선,의왕,8444,8492,16936
2022-02-14,경부선,직산,665,632,1297
2022-02-14,경부선,진위,1519,1341,2860
2022-02-14,경부선,천안,4250,4449,8699
2022-02-14,경부선,평택,10188,10293,20481
2022-02-14,경부선,평택지제,3263,3099,6362
2022-02-14,경부선,화서,7241,6961,14202
2022-02-14,경원선,가능,6026,5835,11861
2022-02-14,경원선,광운대,6918,6736,13654
2022-02-14,경원선,녹양,4199,4006,8205
2022-02-14,경원선,녹천,4447,3760,8207
2022-02-14,경원선,덕계,2721,2426,5147
2022-02-14,경원선,덕정,4983,4919,9902
2022-02-14,경원선,도봉,5678,5473,11151
2022-02-14,경원선,도봉산,6588,4177,10765
2022-02-14,경원선,동두천,1823,2001,3824
2022-02-14,경원선,동두천중앙,2712,2617,5329
2022-02-14,경원선,망월사,6865,7083,13948
2022-02-14,경원선,방학,9101,8859,17960
2022-02-14,경원선,보산,1348,1276,2624
2022-02-14,경원선,서빙고,1758,1634,3392
2022-02-14,경원선,석계,7479,8486,15965
2022-02-14,경원선,소요산,2061,1692,3753
2022-02-14,경원선,신이문,7871,7429,15300
2022-02-14,경원선,양주,6920,6548,13468
2022-02-14,경원선,옥수,39,29,68
2022-02-14,경원선,왕십리,12862,14394,27256
2022-02-14,경원선,외대앞,6714,6744,13458
2022-02-14,경원선,월계,5873,5616,11489
2022-02-14,경원선,응봉,1724,1460,3184
2022-02-14,경원선,의정부,16712,16764,33476
2022-02-14,경원선,이촌,3393,2682,6075
2022-02-14,경원선,지행,5812,5747,11559
2022-02-14,경원선,창동,1,0,1
2022-02-14,경원선,청량리,13136,13489,26625
2022-02-14,경원선,한남,3837,3693,7530
2022-02-14,경원선,회룡,11603,11455,23058
2022-02-14,경의선,가좌,4903,4874,9777
2022-02-14,경의선,강매,2978,2611,5589
2022-02-14,경의선,곡산,564,531,1095
2022-02-14,경의선,공덕,3271,2955,6226
2022-02-14,경의선,금릉,4344,4080,8424
2022-02-14,경의선,금촌,5749,5724,11473
2022-02-14,경의선,능곡,3430,3238,6668
2022-02-14,경의선,디지털미디어시티,2321,2120,4441
2022-02-14,경의선,문산,4694,4699,9393
2022-02-14,경의선,백마,6443,6204,12647
2022-02-14,경의선,서강대,1938,1859,3797
2022-02-14,경의선,서울역,4011,4998,9009
2022-02-14,경의선,수색,2705,2770,5475
2022-02-14,경의선,신촌,795,955,1750
2022-02-14,경의선,야당,6676,6403,13079
2022-02-14,경의선,운정,6339,5930,12269
2022-02-14,경의선,월롱,2080,2141,4221
2022-02-14,경의선,일산,8464,8450,16914
2022-02-14,경의선,임진강,2,0,2
2022-02-14,경의선,탄현,7275,7118,14393
2022-02-14,경의선,파주,912,692,1604
2022-02-14,경의선,풍산,5032,4760,9792
2022-02-14,경의선,행신,7302,7380,14682
2022-02-14,경의선,홍대입구,1370,1685,3055
2022-02-14,경의선,화전,1472,1345,2817
2022-02-14,경의선,효창공원앞,2813,3201,6014
2022-02-14,경인선,간석,5290,5135,10425
2022-02-14,경인선,개봉,19996,20220,40216
2022-02-14,경인선,구일,5645,5673,11318
2022-02-14,경인선,도원,2251,2272,4523
2022-02-14,경인선,도화,3773,3578,7351
2022-02-14,경인선,동암,13216,13224,26440
2022-02-14,경인선,동인천,12065,11471,23536
2022-02-14,경인선,백운,6287,6283,12570
2022-02-14,경인선,부개,7943,7649,15592
2022-02-14,경인선,부천,29517,29435,58952
2022-02-14,경인선,부평,26654,27668,54322
2022-02-14,경인선,소사,7996,7678,15674
2022-02-14,경인선,송내,24552,24522,49074
2022-02-14,경인선,역곡,24729,24610,49339
2022-02-14,경인선,오류동,11086,10564,21650
2022-02-14,경인선,온수,5753,5600,11353
2022-02-14,경인선,인천,2733,2095,4828
2022-02-14,경인선,제물포,9236,8823,18059
2022-02-14,경인선,주안,16633,14975,31608
2022-02-14,경인선,중동,8922,8387,17309
2022-02-14,경춘선,가평,1419,1506,2925
2022-02-14,경춘선,갈매,2804,2429,5233
2022-02-14,경춘선,강촌,297,315,612
2022-02-14,경춘선,굴봉산,129,139,268
2022-02-14,경춘선,금곡,1314,1250,2564
2022-02-14,경춘선,김유정,261,251,512
2022-02-14,경춘선,남춘천,1897,2002,3899
2022-02-14,경춘선,대성리,408,388,796
2022-02-14,경춘선,마석,3273,3254,6527
2022-02-14,경춘선,백양리,227,254,481
2022-02-14,경춘선,별내,3192,3005,6197
2022-02-14,경춘선,사릉,3049,2864,5913
2022-02-14,경춘선,상천,208,194,402
2022-02-14,경춘선,신내,1961,1780,3741
2022-02-14,경춘선,천마산,1510,1393,2903
2022-02-14,경춘선,청평,1309,1282,2591
2022-02-14,경춘선,춘천,950,898,1848
2022-02-14,경춘선,퇴계원,3291,3087,6378
2022-02-14,경춘선,평내호평,5610,5313,10923
2022-02-14,공항철도,검암,6424,6079,12503
2022-02-14,공항철도,계양,9503,8959,18462
2022-02-14,공항철도,공덕,2118,2684,4802
2022-02-14,공항철도,공항화물청사,2256,2382,4638
2022-02-14,공항철도,김포공항,11405,6577,17982
2022-02-14,공항철도,디지털미디어시티,13255,12068,25323
2022-02-14,공항철도,마곡나루,8176,7948,16124
2022-02-14,공항철도,서울역,6594,6232,12826
2022-02-14,공항철도,영종,2781,2717,5498
2022-02-14,공항철도,운서,6046,6163,12209
2022-02-14,공항철도,인천공항1터미널,2920,3124,6044
2022-02-14,공항철도,인천공항2터미널,1874,1791,3665
2022-02-14,공항철도,청라국제도시,6464,6001,12465
2022-02-14,공항철도,홍대입구,8463,8608,17071
2022-02-14,과천선,경마공원,820,799,1619
2022-02-14,과천선,과천,5592,5476,11068
2022-02-14,과천선,대공원,1792,1889,3681
2022-02-14,과천선,범계,23795,23462,47257
2022-02-14,과천선,선바위,7553,6561,14114
2022-02-14,과천선,인덕원,22398,23609,46007
2022-02-14,과천선,정부과천청사,9654,9842,19496
2022-02-14,과천선,평촌,17026,16977,34003
2022-02-14,분당선,가천대,6088,6893,12981
2022-02-14,분당선,강남구청,10087,11305,21392
2022-02-14,분당선,개포동,3483,3627,7110
2022-02-14,분당선,구룡,1777,1767,3544
2022-02-14,분당선,구성,4702,5072,9774
2022-02-14,분당선,기흥,8846,8502,17348
2022-02-14,분당선,대모산입구,4273,4024,8297
2022-02-14,분당선,도곡,6534,6605,13139
2022-02-14,분당선,망포,13300,12944,26244
2022-02-14,분당선,매교,2684,2687,5371
2022-02-14,분당선,매탄권선,4533,4395,8928
2022-02-14,분당선,모란,22466,23166,45632
2022-02-14,분당선,미금,14674,15768,30442
2022-02-14,분당선,보정,2282,1997,4279
2022-02-14,분당선,복정,1,0,1
2022-02-14,분당선,상갈,4916,4764,9680
2022-02-14,분당선,서울숲,9232,9238,18470
2022-02-14,분당선,서현,23647,23885,47532
2022-02-14,분당선,선릉,13277,19777,33054
2022-02-14,분당선,선정릉,8177,8539,16716
2022-02-14,분당선,수내,12771,12667,25438
2022-02-14,분당선,수서,12669,13101,25770
2022-02-14,분당선,수원,7276,6126,13402
2022-02-14,분당선,수원시청,11970,12456,24426
2022-02-14,분당선,신갈,4314,4312,8626
2022-02-14,분당선,압구정로데오,16930,18052,34982
2022-02-14,분당선,야탑,24806,25336,50142
2022-02-14,분당선,영통,7537,7585,15122
2022-02-14,분당선,오리,11279,9362,20641
2022-02-14,분당선,이매,5385,5212,10597
2022-02-14,분당선,정자,16142,17048,33190
2022-02-14,분당선,죽전,12106,13291,25397
2022-02-14,분당선,청명,3813,3720,7533
2022-02-14,분당선,태평,13100,12873,25973
2022-02-14,분당선,한티,13849,14855,28704
2022-02-14,수인선,고색,4260,4142,8402
2022-02-14,수인선,남동인더스파크,2196,2545,4741
2022-02-14,수인선,달월,105,50,155
2022-02-14,수인선,사리,4170,3601,7771
2022-02-14,수인선,소래포구,4276,3927,8203
2022-02-14,수인선,송도,2243,2105,4348
2022-02-14,수인선,숭의,3746,3429,7175
2022-02-14,수인선,신포,1497,1484,2981
2022-02-14,수인선,야목,304,230,534
2022-02-14,수인선,어천,605,645,1250
2022-02-14,수인선,연수,4029,3905,7934
2022-02-14,수인선,오목천,2456,2422,4878
2022-02-14,수인선,원인재,4026,4186,8212
2022-02-14,수인선,월곶,2324,2180,4504
2022-02-14,수인선,인천,902,1472,2374
2022-02-14,수인선,인천논현,5072,5304,10376
2022-02-14,수인선,인하대,4982,4729,9711
2022-02-14,수인선,호구포,3747,3906,7653
2022-02-14,안산선,고잔,8286,7737,16023
2022-02-14,안산선,대야미,4509,4147,8656
2022-02-14,안산선,반월,3912,3795,7707
2022-02-14,안산선,산본,14464,15665,30129
2022-02-14,안산선,상록수,14094,14523,28617
2022-02-14,안산선,수리산,3857,3257,7114
2022-02-14,안산선,신길온천,1569,1439,3008
2022-02-14,안산선,안산,10828,9878,20706
2022-02-14,안산선,오이도,7355,6976,14331
2022-02-14,안산선,정왕,6910,7510,14420
2022-02-14,안산선,중앙,15880,16132,32012
2022-02-14,안산선,초지,4201,4339,8540
2022-02-14,안산선,한대앞,8087,8091,16178
2022-02-14,우이신설선,4.19민주묘지,2583,2501,5084
2022-02-14,우이신설선,가오리,3943,4049,7992
2022-02-14,우이신설선,보문,1447,1415,2862
2022-02-14,우이신설선,북한산보국문,5522,5410,10932
2022-02-14,우이신설선,북한산우이,2281,2026,4307
2022-02-14,우이신설선,삼양,1907,2136,4043
2022-02-14,우이신설선,삼양사거리,2361,2337,4698
2022-02-14,우이신설선,성신여대입구,2960,3279,6239
2022-02-14,우이신설선,솔밭공원,2241,2208,4449
2022-02-14,우이신설선,솔샘,5570,5333,10903
2022-02-14,우이신설선,신설동,1998,1906,3904
2022-02-14,우이신설선,정릉,4234,4032,8266
2022-02-14,우이신설선,화계,3239,3084,6323
2022-02-14,일산선,대곡,1842,1454,3296
2022-02-14,일산선,대화,11990,9500,21490
2022-02-14,일산선,마두,7222,7353,14575
2022-02-14,일산선,백석,9087,9272,18359
2022-02-14,일산선,삼송,18006,17670,35676
2022-02-14,일산선,원당,10297,9723,20020
2022-02-14,일산선,원흥,9576,9111,18687
2022-02-14,일산선,정발산,6644,6564,13208
2022-02-14,일산선,주엽,8521,8496,17017
2022-02-14,일산선,화정,15756,16156,31912
2022-02-14,장항선,배방,857,863,1720
2022-02-14,장항선,봉명,1114,1088,2202
2022-02-14,장항선,신창,938,995,1933
2022-02-14,장항선,쌍용,1621,1558,3179
2022-02-14,장항선,아산,2504,2207,4711
2022-02-14,장항선,온양온천,3659,3723,7382
2022-02-14,장항선,탕정,497,473,970
2022-02-14,중앙선,구리,12561,12619,25180
2022-02-14,중앙선,국수,531,546,1077
2022-02-14,중앙선,덕소,5084,4976,10060
2022-02-14,중앙선,도농,9750,8888,18638
2022-02-14,중앙선,도심,2076,1649,3725
2022-02-14,중앙선,망우,6970,6912,13882
2022-02-14,중앙선,상봉,5344,5402,10746
2022-02-14,중앙선,신원,182,132,314
2022-02-14,중앙선,아신,444,445,889
2022-02-14,중앙선,양수,1533,1517,3050
2022-02-14,중앙선,양원,1986,1957,3943
2022-02-14,중앙선,양정,655,559,1214
2022-02-14,중앙선,양평,2223,2181,4404
2022-02-14,중앙선,오빈,246,227,473
2022-02-14,중앙선,용문,1387,1310,2697
2022-02-14,중앙선,운길산,466,464,930
2022-02-14,중앙선,원덕,291,270,561
2022-02-14,중앙선,중랑,5249,5039,10288
2022-02-14,중앙선,지평,63,60,123
2022-02-14,중앙선,팔당,712,738,1450
2022-02-14,중앙선,회기,21690,21349,43039
2022-02-15,1호선,동대문,9724,8933,18657
2022-02-15,1호선,동묘앞,6006,6331,12337
2022-02-15,1호선,서울역,37878,35755,73633
2022-02-15,1호선,시청,21803,21945,43748
2022-02-15,1호선,신설동,12655,12434,25089
2022-02-15,1호선,제기동,14133,14482,28615
2022-02-15,1호선,종각,32639,31849,64488
2022-02-15,1호선,종로3가,22148,20516,42664
2022-02-15,1호선,종로5가,20638,20219,40857
2022-02-15,1호선,청량리,17467,17104,34571
2022-02-15,2호선,강남,81470,79470,160940
2022-02-15,2호선,강변,27131,25643,52774
2022-02-15,2호선,건대입구,31095,32718,63813
2022-02-15,2호선,교대,32885,36567,69452
2022-02-15,2호선,구로디지털단지,56791,56963,113754
2022-02-15,2호선,구의,22737,22503,45240
2022-02-15,2호선,낙성대,25041,24868,49909
2022-02-15,2호선,당산,16900,19548,36448
2022-02-15,2호선,대림,22044,22730,44774
2022-02-15,2호선,도림천,1348,1435,2783
2022-02-15,2호선,동대문역사문화공원,10300,11477,21777
2022-02-15,2호선,뚝섬,20730,22170,42900
2022-02-15,2호선,문래,20537,20746,41283
2022-02-15,2호선,방배,15415,16097,31512
2022-02-15,2호선,봉천,22500,21345,43845
2022-02-15,2호선,사당,33442,36121,69563
2022-02-15,2호선,삼성,48098,47959,96057
2022-02-15,2호선,상왕십리,13264,13106,26370
2022-02-15,2호선,서울대입구,44218,43166,87384
2022-02-15,2호선,서초,20816,20393,41209
2022-02-15,2호선,선릉,54245,48213,102458
2022-02-15,2호선,성수,36462,39216,75678
2022-02-15,2호선,시청,22801,22060,44861
2022-02-15,2호선,신답,1546,1776,3322
2022-02-15,2호선,신당,12696,13417,26113
2022-02-15,2호선,신대방,24696,24431,49127
2022-02-15,2호선,신도림,42842,42121,84963
2022-02-15,2호선,신림,58894,57889,116783
2022-02-15,2호선,신설동,3047,3115,6162
2022-02-15,2호선,신정네거리,9565,9939,19504
2022-02-15,2호선,신촌,29334,29780,59114
2022-02-15,2호선,아현,9409,9074,18483
2022-02-15,2호선,양천구청,6335,6808,13143
2022-02-15,2호선,역삼,52188,56664,108852
2022-02-15,2호선,영등포구청,22168,22614,44782
2022-02-15,2호선,왕십리,14149,11798,25947
2022-02-15,2호선,용답,2494,2523,5017
2022-02-15,2호선,용두,2205,2273,4478
2022-02-15,2호선,을지로3가,20607,20331,40938
2022-02-15,2호선,을지로4가,12319,12356,24675
2022-02-15,2호선,을지로입구,35996,36622,72618
2022-02-15,2호선,이대,11610,12239,23849
2022-02-15,2호선,잠실,60615,59665,120280
2022-02-15,2호선,잠실나루,13628,13370,26998
2022-02-15,2호선,잠실새내,19576,19200,38776
2022-02-15,2호선,종합운동장,6694,7270,13964
2022-02-15,2호선,충정로,9492,10195,19687
2022-02-15,2호선,한양대,6641,6921,13562
2022-02-15,2호선,합정,27897,28328,56225
2022-02-15,2호선,홍대입구,47219,47933,95152
2022-02-15,3호선,가락시장,8309,8053,16362
2022-02-15,3호선,경복궁,17908,17604,35512
2022-02-15,3호선,경찰병원,7144,7170,14314
2022-02-15,3호선,고속터미널,35307,33400,68707
2022-02-15,3호선,교대,13491,8708,22199
2022-02-15,3호선,구파발,19102,18002,37104
2022-02-15,3호선,금호,7465,7090,14555
2022-02-15,3호선,남부터미널,27157,27596,54753
2022-02-15,3호선,녹번,14425,13398,27823
2022-02-15,3호선,대청,9425,8830,18255
2022-02-15,3호선,대치,10954,11030,21984
2022-02-15,3호선,도곡,4929,5109,10038
2022-02-15,3호선,독립문,6148,6363,12511
2022-02-15,3호선,동대입구,6630,6951,13581
2022-02-15,3호선,매봉,12040,11497,23537
2022-02-15,3호선,무악재,3686,3826,7512
2022-02-15,3호선,불광,14866,15892,30758
2022-02-15,3호선,수서,15402,15568,30970
2022-02-15,3호선,신사,30297,31227,61524
2022-02-15,3호선,안국,18514,18979,37493
2022-02-15,3호선,압구정,30804,32686,63490
2022-02-15,3호선,약수,11916,11506,23422
2022-02-15,3호선,양재,36639,39348,75987
2022-02-15,3호선,연신내,33500,31903,65403
2022-02-15,3호선,오금,6080,5384,11464
2022-02-15,3호선,옥수,8007,8472,16479
2022-02-15,3호선,을지로3가,10082,10098,20180
2022-02-15,3호선,일원,9675,9452,19127
2022-02-15,3호선,잠원,4366,4295,8661
2022-02-15,3호선,종로3가,10021,11042,21063
2022-02-15,3호선,지축,4154,4066,8220
2022-02-15,3호선,충무로,1,0,1
2022-02-15,3호선,학여울,1559,1548,3107
2022-02-15,3호선,홍제,15871,15337,31208
2022-02-15,4호선,길음,18407,18438,36845
2022-02-15,4호선,남태령,1067,974,2041
2022-02-15,4호선,노원,16978,18972,35950
2022-02-15,4호선,당고개,11898,10882,22780
2022-02-15,4호선,동대문,17439,18038,35477
2022-02-15,4호선,동대문역사문화공원,13096,11885,24981
2022-02-15,4호선,동작,1224,1464,2688
2022-02-15,4호선,명동,15719,15709,31428
2022-02-15,4호선,미아,13505,13337,26842
2022-02-15,4호선,미아사거리,24990,24655,49645
2022-02-15,4호선,사당,22938,18619,41557
2022-02-15,4호선,삼각지,4485,4909,9394
2022-02-15,4호선,상계,17443,16480,33923
2022-02-15,4호선,서울역,10264,14269,24533
2022-02-15,4호선,성신여대입구,17987,17493,35480
2022-02-15,4호선,수유,31040,31520,62560
2022-02-15,4호선,숙대입구,11550,11332,22882
2022-02-15,4호선,신용산,14973,15718,30691
2022-02-15,4호선,쌍문,26870,25249,52119
2022-02-15,4호선,이촌,6657,7505,14162
2022-02-15,4호선,창동,23239,24746,47985
2022-02-15,4호선,총신대입구,17333,18786,36119
2022-02-15,4호선,충무로,24249,24852,49101
2022-02-15,4호선,한성대입구,11921,11789,23710
2022-02-15,4호선,혜화,29869,29285,59154
2022-02-15,4호선,회현,21449,22290,43739
2022-02-15,5호선,강동,17505,16958,34463
2022-02-15,5호선,강일,3496,3594,7090
2022-02-15,5호선,개롱,5991,6397,12388
2022-02-15,5호선,개화산,5307,5051,10358
2022-02-15,5호선,거여,8841,8620,17461
2022-02-15,5호선,고덕,8459,8730,17189
2022-02-15,5호선,공덕,13040,13869,26909
2022-02-15,5호선,광나루,12160,10929,23089
2022-02-15,5호선,광화문,28364,27855,56219
2022-02-15,5호선,군자,10261,11557,21818
2022-02-15,5호선,굽은다리,8747,8588,17335
2022-02-15,5호선,길동,7491,7886,15377
2022-02-15,5호선,김포공항,6697,6727,13424
2022-02-15,5호선,까치산,27133,26724,53857
2022-02-15,5호선,답십리,14942,13908,28850
2022-02-15,5호선,동대문역사문화공원,2644,2912,5556
2022-02-15,5호선,둔촌동,8290,8329,16619
2022-02-15,5호선,마곡,10605,10237,20842
2022-02-15,5호선,마장,5042,4762,9804
2022-02-15,5호선,마천,6387,6427,12814
2022-02-15,5호선,마포,13918,14015,27933
2022-02-15,5호선,명일,7695,8381,16076
2022-02-15,5호선,목동,15839,17262,33101
2022-02-15,5호선,미사,14428,14687,29115
2022-02-15,5호선,발산,19328,19337,38665
2022-02-15,5호선,방이,6852,7130,13982
2022-02-15,5호선,방화,6195,6026,12221
2022-02-15,5호선,상일동,13830,13556,27386
2022-02-15,5호선,서대문,17928,17441,35369
2022-02-15,5호선,송정,6083,5826,11909
2022-02-15,5호선,신금호,5858,6288,12146
2022-02-15,5호선,신길,3910,4334,8244
2022-02-15,5호선,신정,13169,11176,24345
2022-02-15,5호선,아차산,13333,13145,26478
2022-02-15,5호선,애오개,6310,6744,13054
2022-02-15,5호선,양평,7250,7280,14530
2022-02-15,5호선,여의나루,8065,8801,16866
2022-02-15,5호선,여의도,28147,28093,56240
2022-02-15,5호선,영등포구청,3766,3714,7480
2022-02-15,5호선,영등포시장,9449,9614,19063
2022-02-15,5호선,오금,3435,3418,6853
2022-02-15,5호선,오목교,20281,21446,41727
2022-02-15,5호선,올림픽공원,3669,3203,6872
2022-02-15,5호선,왕십리,4286,4598,8884
2022-02-15,5호선,우장산,13152,13352,26504
2022-02-15,5호선,을지로4가,5715,5367,11082
2022-02-15,5호선,장한평,17456,17574,35030
2022-02-15,5호선,종로3가,10856,10422,21278
2022-02-15,5호선,천호,16427,16118,32545
2022-02-15,5호선,청구,3864,3584,7448
2022-02-15,5호선,충정로,4598,4728,9326
2022-02-15,5호선,하남검단산,4858,4775,9633
2022-02-15,5호선,하남시청,5823,5756,11579
2022-02-15,5호선,하남풍산,3902,3956,7858
2022-02-15,5호선,행당,7455,7077,14532
2022-02-15,5호선,화곡,26596,25391,51987
2022-02-15,6호선,고려대,7125,7108,14233
2022-02-15,6호선,공덕,17476,16997,34473
2022-02-15,6호선,광흥창,8476,8318,16794
2022-02-15,6호선,구산,6952,5477,12429
2022-02-15,6호선,녹사평,3983,3909,7892
2022-02-15,6호선,대흥,7346,7701,15047
2022-02-15,6호선,독바위,2493,2622,5115
2022-02-15,6호선,돌곶이,8718,8360,17078
2022-02-15,6호선,동묘앞,7281,7402,14683
2022-02-15,6호선,디지털미디어시티,12612,14194,26806
2022-02-15,6호선,마포구청,13565,12591,26156
2022-02-15,6호선,망원,12564,13588,26152
2022-02-15,6호선,버티고개,1865,1923,3788
2022-02-15,6호선,보문,6645,6256,12901
2022-02-15,6호선,봉화산,8394,7998,16392
2022-02-15,6호선,불광,3904,3831,7735
2022-02-15,6호선,삼각지,5765,5142,10907
2022-02-15,6호선,상수,7430,8094,15524
2022-02-15,6호선,상월곡,5802,5200,11002
2022-02-15,6호선,새절,11834,11254,23088
2022-02-15,6호선,석계,11355,11815,23170
2022-02-15,6호선,신당,7950,8146,16096
2022-02-15,6호선,안암,9154,9099,18253
2022-02-15,6호선,약수,3279,3336,6615
2022-02-15,6호선,역촌,3648,4440,8088
2022-02-15,6호선,연신내,1,0,1
2022-02-15,6호선,월곡,10728,10653,21381
2022-02-15,6호선,월드컵경기장,3501,3695,7196
2022-02-15,6호선,응암,16663,16657,33320
2022-02-15,6호선,이태원,8182,8069,16251
2022-02-15,6호선,증산,9480,9638,19118
2022-02-15,6호선,창신,3218,2600,5818
2022-02-15,6호선,청구,3667,3797,7464
2022-02-15,6호선,태릉입구,4970,5381,10351
2022-02-15,6호선,한강진,7666,8596,16262
2022-02-15,6호선,합정,11765,11385,23150
2022-02-15,6호선,화랑대,10799,8700,19499
2022-02-15,6호선,효창공원앞,6492,5978,12470
2022-02-15,7호선,가산디지털단지,45454,45182,90636
2022-02-15,7호선,강남구청,16076,17456,33532
2022-02-15,7호선,건대입구,10969,11405,22374
2022-02-15,7호선,고속터미널,14125,12304,26429
2022-02-15,7호선,공릉,10787,10823,21610
2022-02-15,7호선,광명사거리,20374,20237,40611
2022-02-15,7호선,군자,14510,11700,26210
2022-02-15,7호선,굴포천,1,0,1
2022-02-15,7호선,남구로,15655,16586,32241
2022-02-15,7호선,남성,10424,10037,20461
2022-02-15,7호선,내방,14048,14273,28321
2022-02-15,7호선,노원,18623,18862,37485
2022-02-15,7호선,논현,19901,21577,41478
2022-02-15,7호선,대림,7582,7609,15191
2022-02-15,7호선,도봉산,8267,9574,17841
2022-02-15,7호선,뚝섬유원지,6896,6777,13673
2022-02-15,7호선,마들,11868,11567,23435
2022-02-15,7호선,먹골,9570,9477,19047
2022-02-15,7호선,면목,14614,14478,29092
2022-02-15,7호선,반포,5278,5062,10340
2022-02-15,7호선,보라매,9460,9488,18948
2022-02-15,7호선,사가정,15109,15130,30239
2022-02-15,7호선,상도,9935,9704,19639
2022-02-15,7호선,상봉,15752,14610,30362
2022-02-15,7호선,수락산,11694,11605,23299
2022-02-15,7호선,숭실대입구,11117,11489,22606
2022-02-15,7호선,신대방삼거리,15932,15304,31236
2022-02-15,7호선,신풍,10867,10422,21289
2022-02-15,7호선,어린이대공원,11357,11267,22624
2022-02-15,7호선,온수,9486,8808,18294
2022-02-15,7호선,용마산,5666,5535,11201
2022-02-15,7호선,이수,14869,14256,29125
2022-02-15,7호선,장승배기,8656,8669,17325
2022-02-15,7호선,장암,2112,795,2907
2022-02-15,7호선,중계,13316,12287,25603
2022-02-15,7호선,중곡,10163,9754,19917
2022-02-15,7호선,중화,10272,10176,20448
2022-02-15,7호선,천왕,10731,10256,20987
2022-02-15,7호선,철산,19578,20032,39610
2022-02-15,7호선,청담,18886,20845,39731
2022-02-15,7호선,태릉입구,7778,7452,15230
2022-02-15,7호선,하계,16422,15552,31974
2022-02-15,7호선,학동,23912,25321,49233
2022-02-15,8호선,가락시장,7178,7754,14932
2022-02-15,8호선,강동구청,10040,10550,20590
2022-02-15,8호선,남위례,3872,4191,8063
2022-02-15,8호선,남한산성입구,12622,11594,24216
2022-02-15,8호선,단대오거리,9844,9604,19448
2022-02-15,8호선,모란,3888,2943,6831
2022-02-15,8호선,몽촌토성,5806,5842,11648
2022-02-15,8호선,문정,21796,23090,44886
2022-02-15,8호선,복정,8923,7575,16498
2022-02-15,8호선,산성,4914,4972,9886
2022-02-15,8호선,석촌,7564,8562,16126
2022-02-15,8호선,송파,6965,7177,14142
2022-02-15,8호선,수진,4971,4556,9527
2022-02-15,8호선,신흥,3855,4187,8042
2022-02-15,8호선,암사,18347,16272,34619
2022-02-15,8호선,잠실,12747,14491,27238
2022-02-15,8호선,장지,16060,15702,31762
2022-02-15,8호선,천호,14209,15622,29831
2022-02-15,9호선,가양,19196,18758,37954
2022-02-15,9호선,개화,2409,1793,4202
2022-02-15,9호선,고속터미널,11002,14223,25225
2022-02-15,9호선,공항시장,2833,3068,5901
2022-02-15,9호선,구반포,1330,1420,2750
2022-02-15,9호선,국회의사당,16459,16618,33077
2022-02-15,9호선,김포공항,6855,10819,17674
2022-02-15,9호선,노들,4147,3636,7783
2022-02-15,9호선,노량진,24170,23360,47530
2022-02-15,9호선,당산,17202,17238,34440
2022-02-15,9호선,동작,1895,1500,3395
2022-02-15,9호선,등촌,10937,10763,21700
2022-02-15,9호선,마곡나루,11293,11062,22355
2022-02-15,9호선,사평,3318,3260,6578
2022-02-15,9호선,샛강,5687,5892,11579
2022-02-15,9호선,선유도,8605,8294,16899
2022-02-15,9호선,신논현,29849,29508,59357
2022-02-15,9호선,신목동,3757,3448,7205
2022-02-15,9호선,신반포,3060,3056,6116
2022-02-15,9호선,신방화,6395,6337,12732
2022-02-15,9호선,양천향교,9170,9397,18567
2022-02-15,9호선,여의도,26258,25406,51664
2022-02-15,9호선,염창,16164,15853,32017
2022-02-15,9호선,증미,7213,7230,14443
2022-02-15,9호선,흑석,7636,8018,15654
2022-02-15,9호선2~3단계,둔촌오륜,969,924,1893
2022-02-15,9호선2~3단계,봉은사,15099,15385,30484
2022-02-15,9호선2~3단계,삼성중앙,6570,7054,13624
2022-02-15,9호선2~3단계,삼전,6716,6633,13349
2022-02-15,9호선2~3단계,석촌,7864,6920,14784
2022-02-15,9호선2~3단계,석촌고분,5942,6059,12001
2022-02-15,9호선2~3단계,선정릉,9386,10274,19660
2022-02-15,9호선2~3단계,송파나루,4962,5228,10190
2022-02-15,9호선2~3단계,언주,10558,10859,21417
2022-02-15,9호선2~3단계,올림픽공원,5351,5240,10591
2022-02-15,9호선2~3단계,종합운동장,4071,4020,8091
2022-02-15,9호선2~3단계,중앙보훈병원,10662,9320,19982
2022-02-15,9호선2~3단계,한성백제,2422,2250,4672
2022-02-15,경강선,경기광주,7302,6810,14112
2022-02-15,경강선,곤지암,2027,1995,4022
2022-02-15,경강선,부발,1759,1634,3393
2022-02-15,경강선,삼동,2244,2099,4343
2022-02-15,경강선,세종대왕릉,258,259,517
2022-02-15,경강선,신둔도예촌,1216,1133,2349
2022-02-15,경강선,여주,1740,1729,3469
2022-02-15,경강선,이매,1009,860,1869
2022-02-15,경강선,이천,2302,2333,4635
2022-02-15,경강선,초월,2801,2718,5519
2022-02-15,경강선,판교,4327,4261,8588
2022-02-15,경부선,가산디지털단지,17456,20257,37713
2022-02-15,경부선,관악,6785,6440,13225
2022-02-15,경부선,광명,2995,2671,5666
2022-02-15,경부선,구로,17422,17466,34888
2022-02-15,경부선,군포,7492,7445,14937
2022-02-15,경부선,금정,24560,25101,49661
2022-02-15,경부선,금천구청,11141,11131,22272
2022-02-15,경부선,남영,8294,8751,17045
2022-02-15,경부선,노량진,7098,7406,14504
2022-02-15,경부선,당정,5694,5413,11107
2022-02-15,경부선,대방,11866,12435,24301
2022-02-15,경부선,독산,17913,18984,36897
2022-02-15,경부선,두정,4115,4232,8347
2022-02-15,경부선,명학,8576,8534,17110
2022-02-15,경부선,병점,12337,12351,24688
2022-02-15,경부선,서동탄,1333,1141,2474
2022-02-15,경부선,서울역,5031,1738,6769
2022-02-15,경부선,서정리,5753,5311,11064
2022-02-15,경부선,석수,9066,8171,17237
2022-02-15,경부선,성균관대,12591,12661,25252
2022-02-15,경부선,성환,2556,2592,5148
2022-02-15,경부선,세류,2681,2515,5196
2022-02-15,경부선,세마,2399,2252,4651
2022-02-15,경부선,송탄,3470,3381,6851
2022-02-15,경부선,수원,28696,30211,58907
2022-02-15,경부선,신길,8317,7122,15439
2022-02-15,경부선,신도림,3897,3609,7506
2022-02-15,경부선,안양,19747,19683,39430
2022-02-15,경부선,영등포,33020,33192,66212
2022-02-15,경부선,오산,8170,8138,16308
2022-02-15,경부선,오산대,2848,2643,5491
2022-02-15,경부선,용산,28776,28967,57743
2022-02-15,경부선,의왕,8454,8513,16967
2022-02-15,경부선,직산,637,636,1273
2022-02-15,경부선,진위,1469,1292,2761
2022-02-15,경부선,천안,3936,4104,8040
2022-02-15,경부선,평택,9377,9300,18677
2022-02-15,경부선,평택지제,2857,2888,5745
2022-02-15,경부선,화서,7354,7161,14515
2022-02-15,경원선,가능,6017,5873,11890
2022-02-15,경원선,광운대,6729,6500,13229
2022-02-15,경원선,녹양,4086,3880,7966
2022-02-15,경원선,녹천,4245,3695,7940
2022-02-15,경원선,덕계,2789,2497,5286
2022-02-15,경원선,덕정,4692,4651,9343
2022-02-15,경원선,도봉,5568,5420,10988
2022-02-15,경원선,도봉산,6645,4049,10694
2022-02-15,경원선,동두천,1739,1966,3705
2022-02-15,경원선,동두천중앙,2810,2698,5508
2022-02-15,경원선,망월사,6894,7098,13992
2022-02-15,경원선,방학,9023,8929,17952
2022-02-15,경원선,보산,1255,1159,2414
2022-02-15,경원선,서빙고,1806,1764,3570
2022-02-15,경원선,석계,7283,8268,15551
2022-02-15,경원선,소요산,1960,1643,3603
2022-02-15,경원선,신이문,7779,7317,15096
2022-02-15,경원선,양주,6769,6518,13287
2022-02-15,경원선,옥수,50,44,94
2022-02-15,경원선,왕십리,12391,13923,26314
2022-02-15,경원선,외대앞,6457,6567,13024
2022-02-15,경원선,월계,5759,5600,11359
2022-02-15,경원선,응봉,1647,1415,3062
2022-02-15,경원선,의정부,16527,16845,33372
2022-02-15,경원선,이촌,3318,2577,5895
2022-02-15,경원선,지행,5568,5456,11024
2022-02-15,경원선,청량리,12942,13046,25988
2022-02-15,경원선,한남,3880,3644,7524
2022-02-15,경원선,회룡,11508,11387,22895
2022-02-15,경의선,가좌,4873,4803,9676
2022-02-15,경의선,강매,2985,2662,5647
2022-02-15,경의선,곡산,532,567,1099
2022-02-15,경의선,공덕,3273,2967,6240
2022-02-15,경의선,금릉,4177,4087,8264
2022-02-15,경의선,금촌,5583,5493,11076
2022-02-15,경의선,능곡,3501,3221,6722
2022-02-15,경의선,디지털미디어시티,2208,2066,4274
2022-02-15,경의선,문산,4313,4237,8550
2022-02-15,경의선,백마,6308,6199,12507
2022-02-15,경의선,서강대,1830,1807,3637
2022-02-15,경의선,서울역,3874,4931,8805
2022-02-15,경의선,수색,2713,2816,5529
2022-02-15,경의선,신촌,772,988,1760
2022-02-15,경의선,야당,6670,6473,13143
2022-02-15,경의선,운정,6286,6001,12287
2022-02-15,경의선,월롱,2096,2111,4207
2022-02-15,경의선,일산,8394,8403,16797
2022-02-15,경의선,임진강,5,1,6
2022-02-15,경의선,탄현,7145,6959,14104
2022-02-15,경의선,파주,917,679,1596
2022-02-15,경의선,풍산,5064,4727,9791
2022-02-15,경의선,행신,7099,7171,14270
2022-02-15,경의선,홍대입구,1415,1553,2968
2022-02-15,경의선,화전,1362,1334,2696
2022-02-15,경의선,효창공원앞,2771,3188,5959
2022-02-15,경인선,간석,5263,5097,10360
2022-02-15,경인선,개봉,19963,20188,40151
2022-02-15,경인선,구일,5531,5561,11092
2022-02-15,경인선,도원,2164,2220,4384
2022-02-15,경인선,도화,3782,3531,7313
2022-02-15,경인선,동암,12987,13284,26271
2022-02-15,경인선,동인천,11860,11098,22958
2022-02-15,경인선,백운,6200,6198,12398
2022-02-15,경인선,부개,7875,7339,15214
2022-02-15,경인선,부천,29126,28923,58049
2022-02-15,경인선,부평,25916,27034,52950
2022-02-15,경인선,소사,7658,7459,15117
2022-02-15,경인선,송내,24596,24618,49214
2022-02-15,경인선,역곡,24465,24719,49184
2022-02-15,경인선,오류동,10836,10396,21232
2022-02-15,경인선,온수,5847,5664,11511
2022-02-15,경인선,인천,2921,2154,5075
2022-02-15,경인선,제물포,9040,8611,17651
2022-02-15,경인선,주안,16420,14830,31250
2022-02-15,경인선,중동,8577,8163,16740
2022-02-15,경춘선,가평,1548,1436,2984
2022-02-15,경춘선,갈매,2786,2391,5177
2022-02-15,경춘선,강촌,296,274,570
2022-02-15,경춘선,굴봉산,119,113,232
2022-02-15,경춘선,금곡,1348,1238,2586
2022-02-15,경춘선,김유정,262,268,530
2022-02-15,경춘선,남춘천,1844,1865,3709
2022-02-15,경춘선,대성리,359,351,710
2022-02-15,경춘선,마석,3315,3229,6544
2022-02-15,경춘선,백양리,324,270,594
2022-02-15,경춘선,별내,3092,2946,6038
2022-02-15,경춘선,사릉,2934,2830,5764
2022-02-15,경춘선,상천,165,164,329
2022-02-15,경춘선,신내,1912,1816,3728
2022-02-15,경춘선,천마산,1471,1387,2858
2022-02-15,경춘선,청평,1238,1172,2410
2022-02-15,경춘선,춘천,939,836,1775
2022-02-15,경춘선,퇴계원,3310,3134,6444
2022-02-15,경춘선,평내호평,5501,5294,10795
2022-02-15,공항철도,검암,6216,6045,12261
2022-02-15,공항철도,계양,9565,9076,18641
2022-02-15,공항철도,공덕,2110,2677,4787
2022-02-15,공항철도,공항화물청사,2283,2442,4725
2022-02-15,공항철도,김포공항,10996,6442,17438
2022-02-15,공항철도,디지털미디어시티,13370,12094,25464
2022-02-15,공항철도,마곡나루,8262,8094,16356
2022-02-15,공항철도,서울역,6531,5836,12367
2022-02-15,공항철도,영종,2671,2622,5293
2022-02-15,공항철도,운서,5978,6175,12153
2022-02-15,공항철도,인천공항1터미널,3115,3484,6599
2022-02-15,공항철도,인천공항2터미널,1948,2051,3999
2022-02-15,공항철도,청라국제도시,6320,5894,12214
2022-02-15,공항철도,홍대입구,8517,8350,16867
2022-02-15,과천선,경마공원,1232,1208,2440
2022-02-15,과천선,과천,5951,5709,11660
2022-02-15,과천선,대공원,2379,2534,4913
2022-02-15,과천선,범계,23746,23478,47224
2022-02-15,과천선,선바위,7603,6582,14185
2022-02-15,과천선,인덕원,22894,23857,46751
2022-02-15,과천선,정부과천청사,10034,10093,20127
2022-02-15,과천선,평촌,17325,17007,34332
2022-02-15,분당선,가천대,5946,6916,12862
2022-02-15,분당선,강남구청,10057,11360,21417
2022-02-15,분당선,개포동,3511,3668,7179
2022-02-15,분당선,구룡,1707,1726,3433
2022-02-15,분당선,구성,4564,4978,9542
2022-02-15,분당선,기흥,8949,8653,17602
2022-02-15,분당선,대모산입구,4165,3949,8114
2022-02-15,분당선,도곡,6525,6431,12956
2022-02-15,분당선,망포,13190,12573,25763
2022-02-15,분당선,매교,2510,2549,5059
2022-02-15,분당선,매탄권선,4467,4346,8813
2022-02-15,분당선,모란,18321,18619,36940
2022-02-15,분당선,미금,14749,15597,30346
2022-02-15,분당선,보정,2346,2115,4461
2022-02-15,분당선,상갈,4867,4742,9609
2022-02-15,분당선,서울숲,9270,9268,18538
2022-02-15,분당선,서현,23179,23373,46552
2022-02-15,분당선,선릉,13124,19469,32593
2022-02-15,분당선,선정릉,8148,8517,16665
2022-02-15,분당선,수내,12689,12700,25389
2022-02-15,분당선,수서,12185,12571,24756
2022-02-15,분당선,수원,7172,5855,13027
2022-02-15,분당선,수원시청,11740,12320,24060
2022-02-15,분당선,신갈,4084,4111,8195
2022-02-15,분당선,압구정로데오,18453,19866,38319
2022-02-15,분당선,야탑,24584,25222,49806
2022-02-15,분당선,영통,7379,7515,14894
2022-02-15,분당선,오리,11194,9111,20305
2022-02-15,분당선,이매,5091,5072,10163
2022-02-15,분당선,정자,16377,17206,33583
2022-02-15,분당선,죽전,11930,13080,25010
2022-02-15,분당선,청명,3787,3696,7483
2022-02-15,분당선,태평,12711,12526,25237
2022-02-15,분당선,한티,14090,15188,29278
2022-02-15,수인선,고색,4406,4147,8553
2022-02-15,수인선,남동인더스파크,2233,2500,4733
2022-02-15,수인선,달월,87,43,130
2022-02-15,수인선,사리,4025,3571,7596
2022-02-15,수인선,소래포구,3920,3696,7616
2022-02-15,수인선,송도,2121,1949,4070
2022-02-15,수인선,숭의,3500,3313,6813
2022-02-15,수인선,신포,1468,1500,2968
2022-02-15,수인선,야목,303,224,527
2022-02-15,수인선,어천,541,596,1137
2022-02-15,수인선,연수,3824,3816,7640
2022-02-15,수인선,오목천,2400,2359,4759
2022-02-15,수인선,원인재,4056,4188,8244
2022-02-15,수인선,월곶,2202,2083,4285
2022-02-15,수인선,인천,906,1543,2449
2022-02-15,수인선,인천논현,4880,5134,10014
2022-02-15,수인선,인하대,5042,4791,9833
2022-02-15,수인선,호구포,3813,3896,7709
2022-02-15,안산선,고잔,8122,7659,15781
2022-02-15,안산선,대야미,4367,3950,8317
2022-02-15,안산선,반월,3812,3665,7477
2022-02-15,안산선,산본,14321,15317,29638
2022-02-15,안산선,상록수,14089,14470,28559
2022-02-15,안산선,수리산,3866,3219,7085
2022-02-15,안산선,신길온천,1467,1380,2847
2022-02-15,안산선,안산,10591,9573,20164
2022-02-15,안산선,오이도,7383,7143,14526
2022-02-15,안산선,정왕,6783,7178,13961
2022-02-15,안산선,중앙,15363,16034,31397
2022-02-15,안산선,초지,4193,4338,8531
2022-02-15,안산선,한대앞,7848,7936,15784
2022-02-15,우이신설선,4.19민주묘지,2606,2506,5112
2022-02-15,우이신설선,가오리,3794,3915,7709
2022-02-15,우이신설선,보문,1437,1448,2885
2022-02-15,우이신설선,북한산보국문,5483,5470,10953
2022-02-15,우이신설선,북한산우이,2565,2232,4797
2022-02-15,우이신설선,삼양,1923,2030,3953
2022-02-15,우이신설선,삼양사거리,2277,2372,4649
2022-02-15,우이신설선,성신여대입구,3093,3255,6348
2022-02-15,우이신설선,솔밭공원,2250,2150,4400
2022-02-15,우이신설선,솔샘,5484,5312,10796
2022-02-15,우이신설선,신설동,2017,1925,3942
2022-02-15,우이신설선,정릉,4167,4040,8207
2022-02-15,우이신설선,화계,3233,3083,6316
2022-02-15,일산선,대곡,1851,1538,3389
2022-02-15,일산선,대화,11742,9448,21190
2022-02-15,일산선,마두,7075,7180,14255
2022-02-15,일산선,백석,9232,9169,18401
2022-02-15,일산선,삼송,17949,17716,35665
2022-02-15,일산선,원당,10428,9829,20257
2022-02-15,일산선,원흥,9537,9165,18702
2022-02-15,일산선,정발산,6749,6651,13400
2022-02-15,일산선,주엽,8163,8331,16494
2022-02-15,일산선,지축,1,0,1
2022-02-15,일산선,화정,15693,16245,31938
2022-02-15,장항선,배방,853,838,1691
2022-02-15,장항선,봉명,1121,1096,2217
2022-02-15,장항선,신창,834,860,1694
2022-02-15,장항선,쌍용,1533,1449,2982
2022-02-15,장항선,아산,2331,2116,4447
2022-02-15,장항선,온양온천,2848,2894,5742
2022-02-15,장항선,탕정,457,412,869
2022-02-15,중앙선,구리,12214,12366,24580
2022-02-15,중앙선,국수,491,526,1017
2022-02-15,중앙선,덕소,5002,4922,9924
2022-02-15,중앙선,도농,9712,9032,18744
2022-02-15,중앙선,도심,2052,1700,3752
2022-02-15,중앙선,망우,6911,6896,13807
2022-02-15,중앙선,상봉,5345,5312,10657
2022-02-15,중앙선,신원,156,146,302
2022-02-15,중앙선,아신,475,491,966
2022-02-15,중앙선,양수,1583,1590,3173
2022-02-15,중앙선,양원,1975,1936,3911
2022-02-15,중앙선,양정,677,581,1258
2022-02-15,중앙선,양평,2221,2170,4391
2022-02-15,중앙선,오빈,277,259,536
2022-02-15,중앙선,용문,2047,2091,4138
2022-02-15,중앙선,운길산,579,507,1086
2022-02-15,중앙선,원덕,295,281,576
2022-02-15,중앙선,중랑,5180,4908,10088
2022-02-15,중앙선,지평,62,46,108
2022-02-15,중앙선,팔당,737,740,1477
2022-02-15,중앙선,회기,21396,21166,42562
2022-02-16,1호선,동대문,9149,8620,17769
2022-02-16,1호선,동묘앞,5702,6011,11713
2022-02-16,1호선,서울역,37631,35674,73305
2022-02-16,1호선,시청,20616,20948,41564
2022-02-16,1호선,신설동,12633,12379,25012
2022-02-16,1호선,제기동,13505,13392,26897
2022-02-16,1호선,종각,31581,30571,62152
2022-02-16,1호선,종로3가,21177,19675,40852
2022-02-16,1호선,종로5가,19702,19361,39063
2022-02-16,1호선,청량리,16253,16283,32536
2022-02-16,2호선,강남,79564,76984,156548
2022-02-16,2호선,강변,26712,24998,51710
2022-02-16,2호선,건대입구,30389,32050,62439
2022-02-16,2호선,교대,32109,35804,67913
2022-02-16,2호선,구로디지털단지,55296,55366,110662
2022-02-16,2호선,구의,22271,22113,44384
2022-02-16,2호선,낙성대,24607,24313,48920
2022-02-16,2호선,당산,16604,19103,35707
2022-02-16,2호선,대림,21476,22055,43531
2022-02-16,2호선,도림천,1306,1380,2686
2022-02-16,2호선,동대문역사문화공원,10314,11613,21927
2022-02-16,2호선,뚝섬,20438,22018,42456
2022-02-16,2호선,문래,20067,20357,40424
2022-02-16,2호선,방배,15015,15628,30643
2022-02-16,2호선,봉천,21816,20818,42634
2022-02-16,2호선,사당,32536,35591,68127
2022-02-16,2호선,삼성,47861,47632,95493
2022-02-16,2호선,상왕십리,13043,12993,26036
2022-02-16,2호선,서울대입구,43856,42658,86514
2022-02-16,2호선,서초,20236,19823,40059
2022-02-16,2호선,선릉,53404,47312,100716
2022-02-16,2호선,성수,36013,38549,74562
2022-02-16,2호선,시청,22584,21591,44175
2022-02-16,2호선,신답,1563,1780,3343
2022-02-16,2호선,신당,12476,12966,25442
2022-02-16,2호선,신대방,23997,23839,47836
2022-02-16,2호선,신도림,42239,41454,83693
2022-02-16,2호선,신림,58368,57528,115896
2022-02-16,2호선,신설동,3023,3167,6190
2022-02-16,2호선,신정네거리,9306,9666,18972
2022-02-16,2호선,신촌,29353,29903,59256
2022-02-16,2호선,아현,9073,8900,17973
2022-02-16,2호선,양천구청,6208,6531,12739
2022-02-16,2호선,역삼,51454,55970,107424
2022-02-16,2호선,영등포구청,21896,22246,44142
2022-02-16,2호선,왕십리,14530,11896,26426
2022-02-16,2호선,용답,2428,2530,4958
2022-02-16,2호선,용두,2142,2210,4352
2022-02-16,2호선,을지로3가,20650,20329,40979
2022-02-16,2호선,을지로4가,12017,11889,23906
2022-02-16,2호선,을지로입구,35510,35923,71433
2022-02-16,2호선,이대,11335,12149,23484
2022-02-16,2호선,잠실,60141,59357,119498
2022-02-16,2호선,잠실나루,13259,12898,26157
2022-02-16,2호선,잠실새내,19875,19737,39612
2022-02-16,2호선,종합운동장,6331,6717,13048
2022-02-16,2호선,충정로,9456,10106,19562
2022-02-16,2호선,한양대,6642,7046,13688
2022-02-16,2호선,합정,27667,28437,56104
2022-02-16,2호선,홍대입구,47052,47373,94425
2022-02-16,3호선,가락시장,8098,7747,15845
2022-02-16,3호선,경복궁,17706,17513,35219
2022-02-16,3호선,경찰병원,6975,6961,13936
2022-02-16,3호선,고속터미널,33970,32435,66405
2022-02-16,3호선,교대,13462,8502,21964
2022-02-16,3호선,구파발,18506,17245,35751
2022-02-16,3호선,금호,7300,6952,14252
2022-02-16,3호선,남부터미널,26836,27315,54151
2022-02-16,3호선,녹번,14168,12975,27143
2022-02-16,3호선,대청,9232,8625,17857
2022-02-16,3호선,대치,10356,10589,20945
2022-02-16,3호선,도곡,4856,4965,9821
2022-02-16,3호선,독립문,5983,6091,12074
2022-02-16,3호선,동대입구,6282,6796,13078
2022-02-16,3호선,매봉,12020,11402,23422
2022-02-16,3호선,무악재,3493,3539,7032
2022-02-16,3호선,불광,14572,15515,30087
2022-02-16,3호선,수서,15012,15391,30403
2022-02-16,3호선,신사,29080,29849,58929
2022-02-16,3호선,안국,17792,17899,35691
2022-02-16,3호선,압구정,29938,31996,61934
2022-02-16,3호선,약수,11798,11420,23218
2022-02-16,3호선,양재,35841,38605,74446
2022-02-16,3호선,연신내,32709,31234,63943
2022-02-16,3호선,오금,5894,5160,11054
2022-02-16,3호선,옥수,7910,8353,16263
2022-02-16,3호선,을지로3가,10111,9924,20035
2022-02-16,3호선,일원,9368,9059,18427
2022-02-16,3호선,잠원,4305,4237,8542
2022-02-16,3호선,종로3가,9507,10630,20137
2022-02-16,3호선,지축,4085,3981,8066
2022-02-16,3호선,학여울,1573,1621,3194
2022-02-16,3호선,홍제,15524,15083,30607
2022-02-16,4호선,길음,18175,18125,36300
2022-02-16,4호선,남태령,1012,912,1924
2022-02-16,4호선,노원,16471,18517,34988
2022-02-16,4호선,당고개,11368,10536,21904
2022-02-16,4호선,동대문,17117,17566,34683
2022-02-16,4호선,동대문역사문화공원,13366,11955,25321
2022-02-16,4호선,동작,1088,1197,2285
2022-02-16,4호선,명동,15743,16007,31750
2022-02-16,4호선,미아,13226,13031,26257
2022-02-16,4호선,미아사거리,24139,23697,47836
2022-02-16,4호선,사당,22322,18015,40337
2022-02-16,4호선,삼각지,4373,4746,9119
2022-02-16,4호선,상계,17033,16252,33285
2022-02-16,4호선,서울역,10086,14144,24230
2022-02-16,4호선,성신여대입구,17322,16976,34298
2022-02-16,4호선,수유,30289,30744,61033
2022-02-16,4호선,숙대입구,11481,11091,22572
2022-02-16,4호선,신용산,14687,15376,30063
2022-02-16,4호선,쌍문,26410,24856,51266
2022-02-16,4호선,이촌,6673,7395,14068
2022-02-16,4호선,창동,22752,24001,46753
2022-02-16,4호선,총신대입구,16736,18203,34939
2022-02-16,4호선,충무로,24005,24470,48475
2022-02-16,4호선,한성대입구,11665,11542,23207
2022-02-16,4호선,혜화,30534,29710,60244
2022-02-16,4호선,회현,20709,21639,42348
2022-02-16,5호선,강동,17228,16437,33665
2022-02-16,5호선,강일,3542,3525,7067
2022-02-16,5호선,개롱,5952,6399,12351
2022-02-16,5호선,개화산,5096,4969,10065
2022-02-16,5호선,거여,8570,8528,17098
2022-02-16,5호선,고덕,8244,8480,16724
2022-02-16,5호선,공덕,12791,13312,26103
2022-02-16,5호선,광나루,11636,10577,22213
2022-02-16,5호선,광화문,27718,27444,55162
2022-02-16,5호선,군자,10304,11222,21526
2022-02-16,5호선,굽은다리,8477,8441,16918
2022-02-16,5호선,길동,7261,7699,14960
2022-02-16,5호선,김포공항,6697,6553,13250
2022-02-16,5호선,까치산,26536,25976,52512
2022-02-16,5호선,답십리,14725,13758,28483
2022-02-16,5호선,동대문역사문화공원,2538,2822,5360
2022-02-16,5호선,둔촌동,7853,7927,15780
2022-02-16,5호선,마곡,10452,10069,20521
2022-02-16,5호선,마장,5020,4787,9807
2022-02-16,5호선,마천,6243,6265,12508
2022-02-16,5호선,마포,13727,13895,27622
2022-02-16,5호선,명일,7672,8450,16122
2022-02-16,5호선,목동,15528,16992,32520
2022-02-16,5호선,미사,14444,14571,29015
2022-02-16,5호선,발산,19371,19255,38626
2022-02-16,5호선,방이,6753,7009,13762
2022-02-16,5호선,방화,6001,5836,11837
2022-02-16,5호선,상일동,13465,13228,26693
2022-02-16,5호선,서대문,17987,17929,35916
2022-02-16,5호선,송정,5947,5709,11656
2022-02-16,5호선,신금호,5682,6118,11800
2022-02-16,5호선,신길,3760,4306,8066
2022-02-16,5호선,신정,13026,10907,23933
2022-02-16,5호선,아차산,12627,12422,25049
2022-02-16,5호선,애오개,6317,6412,12729
2022-02-16,5호선,양평,7280,7276,14556
2022-02-16,5호선,여의나루,7546,8544,16090
2022-02-16,5호선,여의도,27744,27556,55300
2022-02-16,5호선,영등포구청,3600,3631,7231
2022-02-16,5호선,영등포시장,9108,9473,18581
2022-02-16,5호선,오금,3343,3243,6586
2022-02-16,5호선,오목교,20121,21265,41386
2022-02-16,5호선,올림픽공원,3599,3131,6730
2022-02-16,5호선,왕십리,4243,4615,8858
2022-02-16,5호선,우장산,12882,13097,25979
2022-02-16,5호선,을지로4가,5695,5313,11008
2022-02-16,5호선,장한평,17511,17580,35091
2022-02-16,5호선,종로3가,10884,10376,21260
2022-02-16,5호선,천호,16012,15704,31716
2022-02-16,5호선,청구,3842,3408,7250
2022-02-16,5호선,충정로,4537,4644,9181
2022-02-16,5호선,하남검단산,4660,4568,9228
2022-02-16,5호선,하남시청,5674,5576,11250
2022-02-16,5호선,하남풍산,3795,3892,7687
2022-02-16,5호선,행당,7470,6984,14454
2022-02-16,5호선,화곡,26106,24955,51061
2022-02-16,6호선,고려대,7123,7045,14168
2022-02-16,6호선,공덕,16824,16466,33290
2022-02-16,6호선,광흥창,8324,8198,16522
2022-02-16,6호선,구산,6991,5334,12325
2022-02-16,6호선,녹사평,3877,3859,7736
2022-02-16,6호선,대흥,7134,7531,14665
2022-02-16,6호선,독바위,2435,2602,5037
2022-02-16,6호선,돌곶이,8620,8237,16857
2022-02-16,6호선,동묘앞,6972,7202,14174
2022-02-16,6호선,디지털미디어시티,12442,13694,26136
2022-02-16,6호선,마포구청,13104,12187,25291
2022-02-16,6호선,망원,12635,13423,26058
2022-02-16,6호선,버티고개,1787,1875,3662
2022-02-16,6호선,보문,6672,6180,12852
2022-02-16,6호선,봉화산,8306,7889,16195
2022-02-16,6호선,불광,4019,3860,7879
2022-02-16,6호선,삼각지,5622,5145,10767
2022-02-16,6호선,상수,7609,8125,15734
2022-02-16,6호선,상월곡,5680,5257,10937
2022-02-16,6호선,새절,11535,10958,22493
2022-02-16,6호선,석계,11110,11618,22728
2022-02-16,6호선,신내,2,0,2
2022-02-16,6호선,신당,7910,8298,16208
2022-02-16,6호선,안암,9046,9091,18137
2022-02-16,6호선,약수,3337,3316,6653
2022-02-16,6호선,역촌,3561,4315,7876
2022-02-16,6호선,연신내,3,0,3
2022-02-16,6호선,월곡,10414,10362,20776
2022-02-16,6호선,월드컵경기장,3230,3432,6662
2022-02-16,6호선,응암,15998,16132,32130
2022-02-16,6호선,이태원,7997,8098,16095
2022-02-16,6호선,증산,9219,9386,18605
2022-02-16,6호선,창신,3198,2689,5887
2022-02-16,6호선,청구,3531,3848,7379
2022-02-16,6호선,태릉입구,4907,5411,10318
2022-02-16,6호선,한강진,8678,9569,18247
2022-02-16,6호선,합정,11775,11237,23012
2022-02-16,6호선,화랑대,10855,8598,19453
2022-02-16,6호선,효창공원앞,6321,5875,12196
2022-02-16,7호선,가산디지털단지,44801,44509,89310
2022-02-16,7호선,강남구청,15791,17191,32982
2022-02-16,7호선,건대입구,10957,11324,22281
2022-02-16,7호선,고속터미널,13860,11724,25584
2022-02-16,7호선,공릉,10427,10585,21012
2022-02-16,7호선,광명사거리,19910,19645,39555
2022-02-16,7호선,군자,14027,11377,25404
2022-02-16,7호선,남구로,15264,16093,31357
2022-02-16,7호선,남성,10402,9945,20347
2022-02-16,7호선,내방,13882,14243,28125
2022-02-16,7호선,노원,17894,18134,36028
2022-02-16,7호선,논현,19244,20764,40008
2022-02-16,7호선,대림,6933,6955,13888
2022-02-16,7호선,도봉산,8035,9120,17155
2022-02-16,7호선,뚝섬유원지,6490,6338,12828
2022-02-16,7호선,마들,11886,11527,23413
2022-02-16,7호선,먹골,9281,9292,18573
2022-02-16,7호선,면목,14114,13966,28080
2022-02-16,7호선,반포,5354,5122,10476
2022-02-16,7호선,보라매,9181,9187,18368
2022-02-16,7호선,부천시청,1,0,1
2022-02-16,7호선,부천종합운동장,1,0,1
2022-02-16,7호선,사가정,14510,14653,29163
2022-02-16,7호선,상도,9683,9590,19273
2022-02-16,7호선,상동,2,0,2
2022-02-16,7호선,상봉,15494,14337,29831
2022-02-16,7호선,수락산,11203,11103,22306
2022-02-16,7호선,숭실대입구,10882,11324,22206
2022-02-16,7호선,신대방삼거리,15514,15056,30570
2022-02-16,7호선,신풍,10490,10110,20600
2022-02-16,7호선,어린이대공원,11379,11265,22644
2022-02-16,7호선,온수,9371,8654,18025
2022-02-16,7호선,용마산,5568,5425,10993
2022-02-16,7호선,이수,14646,14121,28767
2022-02-16,7호선,장승배기,8361,8270,16631
2022-02-16,7호선,장암,2036,720,2756
2022-02-16,7호선,중계,12858,11887,24745
2022-02-16,7호선,중곡,9931,9624,19555
2022-02-16,7호선,중화,10091,10046,20137
2022-02-16,7호선,천왕,10570,10087,20657
2022-02-16,7호선,철산,18877,19485,38362
2022-02-16,7호선,청담,18468,20465,38933
2022-02-16,7호선,춘의,4,0,4
2022-02-16,7호선,태릉입구,7851,7455,15306
2022-02-16,7호선,하계,16274,15614,31888
2022-02-16,7호선,학동,23826,24948,48774
2022-02-16,8호선,가락시장,6945,7529,14474
2022-02-16,8호선,강동구청,9956,10329,20285
2022-02-16,8호선,남위례,3716,3933,7649
2022-02-16,8호선,남한산성입구,12309,11369,23678
2022-02-16,8호선,단대오거리,9596,9512,19108
2022-02-16,8호선,모란,3824,2833,6657
2022-02-16,8호선,몽촌토성,5575,5613,11188
2022-02-16,8호선,문정,21358,22477,43835
2022-02-16,8호선,복정,8627,7464,16091
2022-02-16,8호선,산성,4679,4725,9404
2022-02-16,8호선,석촌,7231,8256,15487
2022-02-16,8호선,송파,6860,7048,13908
2022-02-16,8호선,수진,4794,4504,9298
2022-02-16,8호선,신흥,3823,4237,8060
2022-02-16,8호선,암사,17702,15737,33439
2022-02-16,8호선,잠실,12749,14660,27409
2022-02-16,8호선,장지,16179,15689,31868
2022-02-16,8호선,천호,13651,15312,28963
2022-02-16,9호선,가양,18646,18271,36917
2022-02-16,9호선,개화,2363,1645,4008
2022-02-16,9호선,고속터미널,10268,13200,23468
2022-02-16,9호선,공항시장,2793,2997,5790
2022-02-16,9호선,구반포,1274,1346,2620
2022-02-16,9호선,국회의사당,16694,16626,33320
2022-02-16,9호선,김포공항,6830,10988,17818
2022-02-16,9호선,노들,4004,3523,7527
2022-02-16,9호선,노량진,23861,23027,46888
2022-02-16,9호선,당산,16852,17020,33872
2022-02-16,9호선,동작,1749,1431,3180
2022-02-16,9호선,등촌,10503,10610,21113
2022-02-16,9호선,마곡나루,11151,10968,22119
2022-02-16,9호선,사평,3176,3236,6412
2022-02-16,9호선,샛강,5492,5895,11387
2022-02-16,9호선,선유도,8287,7874,16161
2022-02-16,9호선,신논현,28748,28491,57239
2022-02-16,9호선,신목동,3738,3404,7142
2022-02-16,9호선,신반포,3091,3073,6164
2022-02-16,9호선,신방화,6273,6176,12449
2022-02-16,9호선,양천향교,8916,9258,18174
2022-02-16,9호선,여의도,25918,24699,50617
2022-02-16,9호선,염창,15953,15722,31675
2022-02-16,9호선,증미,6972,6993,13965
2022-02-16,9호선,흑석,7236,7642,14878
2022-02-16,9호선2~3단계,둔촌오륜,969,923,1892
2022-02-16,9호선2~3단계,봉은사,14949,14929,29878
2022-02-16,9호선2~3단계,삼성중앙,6379,6808,13187
2022-02-16,9호선2~3단계,삼전,6754,6520,13274
2022-02-16,9호선2~3단계,석촌,7853,6963,14816
2022-02-16,9호선2~3단계,석촌고분,5903,5922,11825
2022-02-16,9호선2~3단계,선정릉,9112,10180,19292
2022-02-16,9호선2~3단계,송파나루,4850,5100,9950
2022-02-16,9호선2~3단계,언주,10497,10561,21058
2022-02-16,9호선2~3단계,올림픽공원,5306,5095,10401
2022-02-16,9호선2~3단계,종합운동장,4095,4005,8100
2022-02-16,9호선2~3단계,중앙보훈병원,10231,8925,19156
2022-02-16,9호선2~3단계,한성백제,2443,2212,4655
2022-02-16,경강선,경기광주,6757,6594,13351
2022-02-16,경강선,곤지암,1886,1887,3773
2022-02-16,경강선,부발,1688,1638,3326
2022-02-16,경강선,삼동,2162,2081,4243
2022-02-16,경강선,세종대왕릉,241,228,469
2022-02-16,경강선,신둔도예촌,1121,1099,2220
2022-02-16,경강선,여주,1610,1614,3224
2022-02-16,경강선,이매,1000,816,1816
2022-02-16,경강선,이천,2187,2241,4428
2022-02-16,경강선,초월,2771,2735,5506
2022-02-16,경강선,판교,4393,4276,8669
2022-02-16,경부선,가산디지털단지,17053,19859,36912
2022-02-16,경부선,관악,6352,5997,12349
2022-02-16,경부선,광명,2912,2488,5400
2022-02-16,경부선,구로,17253,17534,34787
2022-02-16,경부선,군포,7241,7270,14511
2022-02-16,경부선,금정,24249,24511,48760
2022-02-16,경부선,금천구청,10704,10751,21455
2022-02-16,경부선,남영,7975,8364,16339
2022-02-16,경부선,노량진,6878,7097,13975
2022-02-16,경부선,당정,5485,5213,10698
2022-02-16,경부선,대방,11655,12292,23947
2022-02-16,경부선,독산,17552,18365,35917
2022-02-16,경부선,두정,4588,4522,9110
2022-02-16,경부선,명학,8348,8144,16492
2022-02-16,경부선,병점,11935,12019,23954
2022-02-16,경부선,서동탄,1210,1066,2276
2022-02-16,경부선,서울역,4984,1709,6693
2022-02-16,경부선,서정리,5564,5244,10808
2022-02-16,경부선,석수,8590,7799,16389
2022-02-16,경부선,성균관대,12440,12365,24805
2022-02-16,경부선,성환,2574,2656,5230
2022-02-16,경부선,세류,2561,2320,4881
2022-02-16,경부선,세마,2384,2279,4663
2022-02-16,경부선,송탄,3435,3388,6823
2022-02-16,경부선,수원,27879,29257,57136
2022-02-16,경부선,신길,8226,7053,15279
2022-02-16,경부선,신도림,3716,3527,7243
2022-02-16,경부선,안양,19311,19359,38670
2022-02-16,경부선,영등포,32171,32691,64862
2022-02-16,경부선,오산,7986,8032,16018
2022-02-16,경부선,오산대,2810,2634,5444
2022-02-16,경부선,용산,28318,28340,56658
2022-02-16,경부선,의왕,8207,8221,16428
2022-02-16,경부선,직산,676,676,1352
2022-02-16,경부선,진위,1484,1270,2754
2022-02-16,경부선,천안,3931,4218,8149
2022-02-16,경부선,평택,9120,8944,18064
2022-02-16,경부선,평택지제,2880,2756,5636
2022-02-16,경부선,화서,6928,6721,13649
2022-02-16,경원선,가능,5685,5649,11334
2022-02-16,경원선,광운대,6576,6265,12841
2022-02-16,경원선,녹양,4051,3815,7866
2022-02-16,경원선,녹천,4199,3598,7797
2022-02-16,경원선,덕계,2617,2386,5003
2022-02-16,경원선,덕정,4538,4456,8994
2022-02-16,경원선,도봉,5439,5326,10765
2022-02-16,경원선,도봉산,5985,3661,9646
2022-02-16,경원선,동두천,1641,1829,3470
2022-02-16,경원선,동두천중앙,2465,2405,4870
2022-02-16,경원선,망월사,6524,6707,13231
2022-02-16,경원선,방학,8573,8459,17032
2022-02-16,경원선,보산,1199,1130,2329
2022-02-16,경원선,서빙고,1798,1713,3511
2022-02-16,경원선,석계,6965,7967,14932
2022-02-16,경원선,소요산,1681,1437,3118
2022-02-16,경원선,신이문,7478,7041,14519
2022-02-16,경원선,양주,6503,6234,12737
2022-02-16,경원선,옥수,36,28,64
2022-02-16,경원선,왕십리,12371,13837,26208
2022-02-16,경원선,외대앞,6367,6600,12967
2022-02-16,경원선,월계,5661,5493,11154
2022-02-16,경원선,응봉,1646,1373,3019
2022-02-16,경원선,의정부,15896,16016,31912
2022-02-16,경원선,이촌,3232,2592,5824
2022-02-16,경원선,지행,5330,5205,10535
2022-02-16,경원선,창동,1,0,1
2022-02-16,경원선,청량리,12320,12725,25045
2022-02-16,경원선,한남,3616,3404,7020
2022-02-16,경원선,회룡,11107,11009,22116
2022-02-16,경의선,가좌,4679,4618,9297
2022-02-16,경의선,강매,2853,2508,5361
2022-02-16,경의선,곡산,529,521,1050
2022-02-16,경의선,공덕,3304,2755,6059
2022-02-16,경의선,금릉,4100,3920,8020
2022-02-16,경의선,금촌,5628,5659,11287
2022-02-16,경의선,능곡,3358,3119,6477
2022-02-16,경의선,디지털미디어시티,2149,2003,4152
2022-02-16,경의선,문산,4175,4132,8307
2022-02-16,경의선,백마,6125,5894,12019
2022-02-16,경의선,서강대,1788,1812,3600
2022-02-16,경의선,서울역,3769,4778,8547
2022-02-16,경의선,수색,2600,2732,5332
2022-02-16,경의선,신촌,705,906,1611
2022-02-16,경의선,야당,6511,6365,12876
2022-02-16,경의선,운정,6091,5730,11821
2022-02-16,경의선,월롱,2178,1952,4130
2022-02-16,경의선,일산,8048,8134,16182
2022-02-16,경의선,임진강,5,1,6
2022-02-16,경의선,탄현,6855,6717,13572
2022-02-16,경의선,파주,834,619,1453
2022-02-16,경의선,풍산,4864,4500,9364
2022-02-16,경의선,행신,7025,7148,14173
2022-02-16,경의선,홍대입구,1377,1526,2903
2022-02-16,경의선,화전,1399,1320,2719
2022-02-16,경의선,효창공원앞,2652,3111,5763
2022-02-16,경인선,간석,5080,4885,9965
2022-02-16,경인선,개봉,19258,19569,38827
2022-02-16,경인선,구일,5379,5431,10810
2022-02-16,경인선,도원,2089,2148,4237
2022-02-16,경인선,도화,3637,3403,7040
2022-02-16,경인선,동암,12613,12804,25417
2022-02-16,경인선,동인천,11958,11333,23291
2022-02-16,경인선,백운,5891,5916,11807
2022-02-16,경인선,부개,7461,7171,14632
2022-02-16,경인선,부천,28199,28273,56472
2022-02-16,경인선,부평,25399,26569,51968
2022-02-16,경인선,소사,7503,7216,14719
2022-02-16,경인선,송내,24078,23924,48002
2022-02-16,경인선,역곡,23853,23914,47767
2022-02-16,경인선,오류동,10547,10029,20576
2022-02-16,경인선,온수,5584,5499,11083
2022-02-16,경인선,인천,2625,2027,4652
2022-02-16,경인선,제물포,8926,8613,17539
2022-02-16,경인선,주안,16201,14612,30813
2022-02-16,경인선,중동,8387,8018,16405
2022-02-16,경춘선,가평,1397,1318,2715
2022-02-16,경춘선,갈매,2619,2316,4935
2022-02-16,경춘선,강촌,302,288,590
2022-02-16,경춘선,굴봉산,118,135,253
2022-02-16,경춘선,금곡,1309,1212,2521
2022-02-16,경춘선,김유정,229,221,450
2022-02-16,경춘선,남춘천,1730,1725,3455
2022-02-16,경춘선,대성리,376,327,703
2022-02-16,경춘선,마석,3143,3127,6270
2022-02-16,경춘선,백양리,291,269,560
2022-02-16,경춘선,별내,2997,2828,5825
2022-02-16,경춘선,사릉,2845,2715,5560
2022-02-16,경춘선,상천,152,125,277
2022-02-16,경춘선,신내,1837,1753,3590
2022-02-16,경춘선,천마산,1478,1385,2863
2022-02-16,경춘선,청평,1315,1222,2537
2022-02-16,경춘선,춘천,872,837,1709
2022-02-16,경춘선,퇴계원,3147,2982,6129
2022-02-16,경춘선,평내호평,5266,5162,10428
2022-02-16,공항철도,검암,6090,5873,11963
2022-02-16,공항철도,계양,9284,8751,18035
2022-02-16,공항철도,공덕,2081,2683,4764
2022-02-16,공항철도,공항화물청사,2232,2401,4633
2022-02-16,공항철도,김포공항,10903,6093,16996
2022-02-16,공항철도,디지털미디어시티,13219,11921,25140
2022-02-16,공항철도,마곡나루,8042,7718,15760
2022-02-16,공항철도,서울역,6423,5892,12315
2022-02-16,공항철도,영종,2546,2584,5130
2022-02-16,공항철도,운서,5977,5949,11926
2022-02-16,공항철도,인천공항1터미널,3158,3448,6606
2022-02-16,공항철도,인천공항2터미널,1843,1781,3624
2022-02-16,공항철도,청라국제도시,6228,5836,12064
2022-02-16,공항철도,홍대입구,8247,8264,16511
2022-02-16,과천선,경마공원,1315,1351,2666
2022-02-16,과천선,과천,5759,5627,11386
2022-02-16,과천선,대공원,2052,2145,4197
2022-02-16,과천선,범계,23317,23057,46374
2022-02-16,과천선,선바위,7433,6462,13895
2022-02-16,과천선,인덕원,21940,23285,45225
2022-02-16,과천선,정부과천청사,9779,9719,19498
2022-02-16,과천선,평촌,16792,16573,33365
2022-02-16,분당선,가천대,5942,6897,12839
2022-02-16,분당선,강남구청,9788,11226,21014
2022-02-16,분당선,개포동,3405,3597,7002
2022-02-16,분당선,구룡,1764,1648,3412
2022-02-16,분당선,구성,4492,4797,9289
2022-02-16,분당선,기흥,8719,8267,16986
2022-02-16,분당선,대모산입구,4090,3900,7990
2022-02-16,분당선,도곡,6212,6224,12436
2022-02-16,분당선,망포,12998,12483,25481
2022-02-16,분당선,매교,2443,2500,4943
2022-02-16,분당선,매탄권선,4366,4313,8679
2022-02-16,분당선,모란,17719,17898,35617
2022-02-16,분당선,미금,14281,15236,29517
2022-02-16,분당선,보정,2155,1863,4018
2022-02-16,분당선,상갈,4800,4590,9390
2022-02-16,분당선,서울숲,9288,9408,18696
2022-02-16,분당선,서현,22759,22809,45568
2022-02-16,분당선,선릉,12944,19116,32060
2022-02-16,분당선,선정릉,7932,8371,16303
2022-02-16,분당선,수내,12569,12507,25076
2022-02-16,분당선,수서,12263,12415,24678
2022-02-16,분당선,수원,7048,5666,12714
2022-02-16,분당선,수원시청,11696,12265,23961
2022-02-16,분당선,신갈,4058,4024,8082
2022-02-16,분당선,압구정로데오,17695,18886,36581
2022-02-16,분당선,야탑,24290,25019,49309
2022-02-16,분당선,영통,7320,7375,14695
2022-02-16,분당선,오리,10908,9039,19947
2022-02-16,분당선,이매,5090,5005,10095
2022-02-16,분당선,정자,15951,16760,32711
2022-02-16,분당선,죽전,11775,13113,24888
2022-02-16,분당선,청명,3725,3743,7468
2022-02-16,분당선,태평,12455,12051,24506
2022-02-16,분당선,한티,13832,14759,28591
2022-02-16,수인선,고색,4318,4045,8363
2022-02-16,수인선,남동인더스파크,2207,2484,4691
2022-02-16,수인선,달월,85,50,135
2022-02-16,수인선,사리,3960,3588,7548
2022-02-16,수인선,소래포구,3789,3440,7229
2022-02-16,수인선,송도,2129,1927,4056
2022-02-16,수인선,숭의,3528,3313,6841
2022-02-16,수인선,신포,1431,1399,2830
2022-02-16,수인선,야목,306,219,525
2022-02-16,수인선,어천,549,554,1103
2022-02-16,수인선,연수,3759,3759,7518
2022-02-16,수인선,오목천,2373,2328,4701
2022-02-16,수인선,원인재,3944,4058,8002
2022-02-16,수인선,월곶,2346,2174,4520
2022-02-16,수인선,인천,861,1333,2194
2022-02-16,수인선,인천논현,4798,5162,9960
2022-02-16,수인선,인하대,4830,4538,9368
2022-02-16,수인선,호구포,3736,3904,7640
2022-02-16,안산선,고잔,7900,7491,15391
2022-02-16,안산선,대야미,4327,3906,8233
2022-02-16,안산선,반월,3722,3529,7251
2022-02-16,안산선,산본,14102,15145,29247
2022-02-16,안산선,상록수,13606,14062,27668
2022-02-16,안산선,수리산,3729,3070,6799
2022-02-16,안산선,신길온천,1447,1365,2812
2022-02-16,안산선,안산,10248,9281,19529
2022-02-16,안산선,오이도,7088,6846,13934
2022-02-16,안산선,정왕,6688,7177,13865
2022-02-16,안산선,중앙,15224,15777,31001
2022-02-16,안산선,초지,4056,4204,8260
2022-02-16,안산선,한대앞,7589,7698,15287
2022-02-16,우이신설선,4.19민주묘지,2408,2345,4753
2022-02-16,우이신설선,가오리,3737,3817,7554
2022-02-16,우이신설선,보문,1360,1365,2725
2022-02-16,우이신설선,북한산보국문,5413,5288,10701
2022-02-16,우이신설선,북한산우이,2218,1963,4181
2022-02-16,우이신설선,삼양,1840,2013,3853
2022-02-16,우이신설선,삼양사거리,2179,2245,4424
2022-02-16,우이신설선,성신여대입구,2949,3214,6163
2022-02-16,우이신설선,솔밭공원,2211,2238,4449
2022-02-16,우이신설선,솔샘,5284,5128,10412
2022-02-16,우이신설선,신설동,1965,1913,3878
2022-02-16,우이신설선,정릉,4062,3894,7956
2022-02-16,우이신설선,화계,3204,3047,6251
2022-02-16,일산선,대곡,1804,1462,3266
2022-02-16,일산선,대화,11226,9220,20446
2022-02-16,일산선,마두,6780,6931,13711
2022-02-16,일산선,백석,8697,8902,17599
2022-02-16,일산선,삼송,17299,17145,34444
2022-02-16,일산선,원당,9821,9353,19174
2022-02-16,일산선,원흥,9321,9028,18349
2022-02-16,일산선,정발산,6472,6309,12781
2022-02-16,일산선,주엽,7992,8107,16099
2022-02-16,일산선,화정,15157,15736,30893
2022-02-16,장항선,배방,947,880,1827
2022-02-16,장항선,봉명,1179,1152,2331
2022-02-16,장항선,신창,859,927,1786
2022-02-16,장항선,쌍용,1823,1584,3407
2022-02-16,장항선,아산,2690,2394,5084
2022-02-16,장항선,온양온천,2848,3037,5885
2022-02-16,장항선,탕정,576,481,1057
2022-02-16,중앙선,구리,11843,11891,23734
2022-02-16,중앙선,국수,474,481,955
2022-02-16,중앙선,덕소,4772,4756,9528
2022-02-16,중앙선,도농,9219,8469,17688
2022-02-16,중앙선,도심,2043,1632,3675
2022-02-16,중앙선,망우,6719,6707,13426
2022-02-16,중앙선,상봉,5133,5105,10238
2022-02-16,중앙선,신원,126,110,236
2022-02-16,중앙선,아신,394,411,805
2022-02-16,중앙선,양수,1351,1360,2711
2022-02-16,중앙선,양원,1935,1925,3860
2022-02-16,중앙선,양정,619,566,1185
2022-02-16,중앙선,양평,2066,2043,4109
2022-02-16,중앙선,오빈,239,239,478
2022-02-16,중앙선,용문,1202,1257,2459
2022-02-16,중앙선,운길산,456,416,872
2022-02-16,중앙선,원덕,232,222,454
2022-02-16,중앙선,중랑,4917,4760,9677
2022-02-16,중앙선,지평,44,29,73
2022-02-16,중앙선,팔당,617,648,1265
2022-02-16,중앙선,회기,22126,21716,43842
2022-02-17,1호선,동대문,9389,8704,18093
2022-02-17,1호선,동묘앞,5995,6220,12215
2022-02-17,1호선,서울역,37548,35823,73371
2022-02-17,1호선,시청,20034,20242,40276
2022-02-17,1호선,신설동,12559,12316,24875
2022-02-17,1호선,제기동,13645,13676,27321
2022-02-17,1호선,종각,30827,30022,60849
2022-02-17,1호선,종로3가,21485,19944,41429
2022-02-17,1호선,종로5가,19833,19655,39488
2022-02-17,1호선,청량리,16772,16543,33315
2022-02-17,2호선,강남,78622,76462,155084
2022-02-17,2호선,강변,26429,25195,51624
2022-02-17,2호선,건대입구,30461,32191,62652
2022-02-17,2호선,교대,31662,35311,66973
2022-02-17,2호선,구로디지털단지,55250,55199,110449
2022-02-17,2호선,구의,21817,21606,43423
2022-02-17,2호선,낙성대,24410,23763,48173
2022-02-17,2호선,당산,16458,18906,35364
2022-02-17,2호선,대림,21306,21898,43204
2022-02-17,2호선,도림천,1298,1320,2618
2022-02-17,2호선,동대문역사문화공원,10444,11766,22210
2022-02-17,2호선,뚝섬,20305,21707,42012
2022-02-17,2호선,문래,19606,20018,39624
2022-02-17,2호선,방배,14778,15316,30094
2022-02-17,2호선,봉천,21723,20505,42228
2022-02-17,2호선,사당,32389,34992,67381
2022-02-17,2호선,삼성,49241,49197,98438
2022-02-17,2호선,상왕십리,12902,12670,25572
2022-02-17,2호선,서울대입구,43131,42211,85342
2022-02-17,2호선,서초,19791,19323,39114
2022-02-17,2호선,선릉,52863,46596,99459
2022-02-17,2호선,성수,35412,38029,73441
2022-02-17,2호선,시청,21853,20897,42750
2022-02-17,2호선,신답,1535,1746,3281
2022-02-17,2호선,신당,12373,12854,25227
2022-02-17,2호선,신대방,23989,23483,47472
2022-02-17,2호선,신도림,42276,41696,83972
2022-02-17,2호선,신림,57920,56944,114864
2022-02-17,2호선,신설동,2955,3122,6077
2022-02-17,2호선,신정네거리,9292,9619,18911
2022-02-17,2호선,신촌,28632,29539,58171
2022-02-17,2호선,아현,8933,8633,17566
2022-02-17,2호선,양천구청,6089,6454,12543
2022-02-17,2호선,역삼,49309,54294,103603
2022-02-17,2호선,영등포구청,21516,21971,43487
2022-02-17,2호선,왕십리,14828,12093,26921
2022-02-17,2호선,용답,2481,2415,4896
2022-02-17,2호선,용두,2081,2209,4290
2022-02-17,2호선,을지로3가,20073,19960,40033
2022-02-17,2호선,을지로4가,11879,11750,23629
2022-02-17,2호선,을지로입구,34739,35558,70297
2022-02-17,2호선,이대,11359,11878,23237
2022-02-17,2호선,잠실,59181,58927,118108
2022-02-17,2호선,잠실나루,13150,12721,25871
2022-02-17,2호선,잠실새내,19002,18936,37938
2022-02-17,2호선,종합운동장,6245,6620,12865
2022-02-17,2호선,충정로,9078,9583,18661
2022-02-17,2호선,한양대,6959,7958,14917
2022-02-17,2호선,합정,27897,28839,56736
2022-02-17,2호선,홍대입구,48272,49268,97540
2022-02-17,3호선,가락시장,8077,7948,16025
2022-02-17,3호선,경복궁,17466,16982,34448
2022-02-17,3호선,경찰병원,6761,6876,13637
2022-02-17,3호선,고속터미널,34501,33436,67937
2022-02-17,3호선,교대,13028,8381,21409
2022-02-17,3호선,구파발,18381,17465,35846
2022-02-17,3호선,금호,7137,6779,13916
2022-02-17,3호선,남부터미널,26649,26983,53632
2022-02-17,3호선,녹번,13995,12776,26771
2022-02-17,3호선,대청,9088,8442,17530
2022-02-17,3호선,대치,10657,10623,21280
2022-02-17,3호선,도곡,4761,4891,9652
2022-02-17,3호선,독립문,5861,6062,11923
2022-02-17,3호선,동대입구,6684,7233,13917
2022-02-17,3호선,매봉,11545,11076,22621
2022-02-17,3호선,무악재,3470,3585,7055
2022-02-17,3호선,불광,14365,15382,29747
2022-02-17,3호선,수서,15215,15375,30590
2022-02-17,3호선,신사,29117,30040,59157
2022-02-17,3호선,안국,17335,17492,34827
2022-02-17,3호선,압구정,29578,31198,60776
2022-02-17,3호선,약수,11618,11249,22867
2022-02-17,3호선,양재,35541,38457,73998
2022-02-17,3호선,연신내,32487,30891,63378
2022-02-17,3호선,오금,5739,5154,10893
2022-02-17,3호선,옥수,7747,8076,15823
2022-02-17,3호선,을지로3가,9634,9595,19229
2022-02-17,3호선,일원,9197,8937,18134
2022-02-17,3호선,잠원,4245,4220,8465
2022-02-17,3호선,종로3가,9602,10649,20251
2022-02-17,3호선,지축,4031,3952,7983
2022-02-17,3호선,충무로,1,0,1
2022-02-17,3호선,학여울,1762,1753,3515
2022-02-17,3호선,홍제,15353,14717,30070
2022-02-17,4호선,길음,17871,18127,35998
2022-02-17,4호선,남태령,985,867,1852
2022-02-17,4호선,노원,16559,18447,35006
2022-02-17,4호선,당고개,11286,10423,21709
2022-02-17,4호선,동대문,17048,17454,34502
2022-02-17,4호선,동대문역사문화공원,13374,12175,25549
2022-02-17,4호선,동작,1123,1359,2482
2022-02-17,4호선,명동,15314,15487,30801
2022-02-17,4호선,미아,13058,12973,26031
2022-02-17,4호선,미아사거리,24076,23546,47622
2022-02-17,4호선,사당,22092,18049,40141
2022-02-17,4호선,삼각지,4376,4778,9154
2022-02-17,4호선,상계,17091,16017,33108
2022-02-17,4호선,서울역,9891,14218,24109
2022-02-17,4호선,성신여대입구,17583,16938,34521
2022-02-17,4호선,수유,30218,30759,60977
2022-02-17,4호선,숙대입구,11224,11048,22272
2022-02-17,4호선,신용산,14531,15295,29826
2022-02-17,4호선,쌍문,26343,24741,51084
2022-02-17,4호선,이촌,6296,7002,13298
2022-02-17,4호선,창동,22465,24040,46505
2022-02-17,4호선,총신대입구,16334,17683,34017
2022-02-17,4호선,충무로,24690,25407,50097
2022-02-17,4호선,한성대입구,11459,11306,22765
2022-02-17,4호선,혜화,28863,28627,57490
2022-02-17,4호선,회현,20240,21375,41615
2022-02-17,5호선,강동,16981,16220,33201
2022-02-17,5호선,강일,3505,3512,7017
2022-02-17,5호선,개롱,5954,6244,12198
2022-02-17,5호선,개화산,5106,4931,10037
2022-02-17,5호선,거여,8593,8238,16831
2022-02-17,5호선,고덕,7994,8317,16311
2022-02-17,5호선,공덕,12640,13387,26027
2022-02-17,5호선,광나루,11531,10463,21994
2022-02-17,5호선,광화문,27007,27745,54752
2022-02-17,5호선,군자,10141,11101,21242
2022-02-17,5호선,굽은다리,8559,8310,16869
2022-02-17,5호선,길동,7200,7591,14791
2022-02-17,5호선,김포공항,7010,6412,13422
2022-02-17,5호선,까치산,26349,25547,51896
2022-02-17,5호선,답십리,14580,13450,28030
2022-02-17,5호선,동대문역사문화공원,2819,3198,6017
2022-02-17,5호선,둔촌동,7847,7997,15844
2022-02-17,5호선,마곡,10253,10065,20318
2022-02-17,5호선,마장,4994,4706,9700
2022-02-17,5호선,마천,6280,6183,12463
2022-02-17,5호선,마포,13676,13857,27533
2022-02-17,5호선,명일,7613,8132,15745
2022-02-17,5호선,목동,15516,16619,32135
2022-02-17,5호선,미사,14314,14346,28660
2022-02-17,5호선,발산,18747,18877,37624
2022-02-17,5호선,방이,6658,6970,13628
2022-02-17,5호선,방화,5874,5673,11547
2022-02-17,5호선,상일동,13502,12812,26314
2022-02-17,5호선,서대문,17507,17433,34940
2022-02-17,5호선,송정,5721,5508,11229
2022-02-17,5호선,신금호,5702,6005,11707
2022-02-17,5호선,신길,3781,4204,7985
2022-02-17,5호선,신정,12900,10762,23662
2022-02-17,5호선,아차산,13057,12718,25775
2022-02-17,5호선,애오개,6279,6420,12699
2022-02-17,5호선,양평,7031,7122,14153
2022-02-17,5호선,여의나루,7372,8362,15734
2022-02-17,5호선,여의도,26920,27385,54305
2022-02-17,5호선,영등포구청,3646,3711,7357
2022-02-17,5호선,영등포시장,9262,9481,18743
2022-02-17,5호선,오금,3322,3355,6677
2022-02-17,5호선,오목교,19896,21227,41123
2022-02-17,5호선,올림픽공원,3522,3111,6633
2022-02-17,5호선,왕십리,4373,4785,9158
2022-02-17,5호선,우장산,12647,12740,25387
2022-02-17,5호선,을지로4가,5630,5534,11164
2022-02-17,5호선,장한평,17503,17394,34897
2022-02-17,5호선,종로3가,10521,10243,20764
2022-02-17,5호선,천호,15886,15521,31407
2022-02-17,5호선,청구,3819,3473,7292
2022-02-17,5호선,충정로,4358,4485,8843
2022-02-17,5호선,하남검단산,4720,4568,9288
2022-02-17,5호선,하남시청,5569,5579,11148
2022-02-17,5호선,하남풍산,3860,3843,7703
2022-02-17,5호선,행당,7315,6588,13903
2022-02-17,5호선,화곡,25764,24590,50354
2022-02-17,6호선,고려대,6956,6894,13850
2022-02-17,6호선,공덕,16713,16103,32816
2022-02-17,6호선,광흥창,8254,8057,16311
2022-02-17,6호선,구산,6814,5327,12141
2022-02-17,6호선,녹사평,3953,3973,7926
2022-02-17,6호선,대흥,7019,7459,14478
2022-02-17,6호선,독바위,2389,2506,4895
2022-02-17,6호선,돌곶이,8679,7882,16561
2022-02-17,6호선,동묘앞,7751,7751,15502
2022-02-17,6호선,디지털미디어시티,12174,13664,25838
2022-02-17,6호선,마포구청,13182,12178,25360
2022-02-17,6호선,망원,12466,13479,25945
2022-02-17,6호선,버티고개,1753,1893,3646
2022-02-17,6호선,보문,6716,6201,12917
2022-02-17,6호선,봉화산,8193,7803,15996
2022-02-17,6호선,불광,3934,3851,7785
2022-02-17,6호선,삼각지,5506,5065,10571
2022-02-17,6호선,상수,7665,8271,15936
2022-02-17,6호선,상월곡,5621,5074,10695
2022-02-17,6호선,새절,11383,10743,22126
2022-02-17,6호선,석계,10815,11450,22265
2022-02-17,6호선,신내,2,0,2
2022-02-17,6호선,신당,7832,8136,15968
2022-02-17,6호선,안암,8999,8856,17855
2022-02-17,6호선,약수,3226,3190,6416
2022-02-17,6호선,역촌,3605,4262,7867
2022-02-17,6호선,연신내,1,0,1
2022-02-17,6호선,월곡,10422,10363,20785
2022-02-17,6호선,월드컵경기장,3708,3861,7569
2022-02-17,6호선,응암,15856,16051,31907
2022-02-17,6호선,이태원,8065,8151,16216
2022-02-17,6호선,증산,9153,9156,18309
2022-02-17,6호선,창신,3068,2599,5667
2022-02-17,6호선,청구,3571,3769,7340
2022-02-17,6호선,태릉입구,5042,5344,10386
2022-02-17,6호선,한강진,7492,8327,15819
2022-02-17,6호선,합정,11675,11184,22859
2022-02-17,6호선,화랑대,10633,8537,19170
2022-02-17,6호선,효창공원앞,6260,5767,12027
2022-02-17,7호선,가산디지털단지,43901,43706,87607
2022-02-17,7호선,강남구청,15609,17181,32790
2022-02-17,7호선,건대입구,10818,11218,22036
2022-02-17,7호선,고속터미널,13988,11786,25774
2022-02-17,7호선,공릉,11213,11242,22455
2022-02-17,7호선,광명사거리,19668,19506,39174
2022-02-17,7호선,군자,13816,11276,25092
2022-02-17,7호선,까치울,1,0,1
2022-02-17,7호선,남구로,15079,15903,30982
2022-02-17,7호선,남성,10122,9630,19752
2022-02-17,7호선,내방,13753,14199,27952
2022-02-17,7호선,노원,17995,18593,36588
2022-02-17,7호선,논현,18999,20567,39566
2022-02-17,7호선,대림,6798,6775,13573
2022-02-17,7호선,도봉산,7931,9124,17055
2022-02-17,7호선,뚝섬유원지,6584,6513,13097
2022-02-17,7호선,마들,11654,11337,22991
2022-02-17,7호선,먹골,9314,9167,18481
2022-02-17,7호선,면목,13989,13788,27777
2022-02-17,7호선,반포,5416,5219,10635
2022-02-17,7호선,보라매,9251,9247,18498
2022-02-17,7호선,부천시청,1,0,1
2022-02-17,7호선,사가정,14521,14583,29104
2022-02-17,7호선,상도,9715,9618,19333
2022-02-17,7호선,상동,1,0,1
2022-02-17,7호선,상봉,15362,14440,29802
2022-02-17,7호선,수락산,11364,11077,22441
2022-02-17,7호선,숭실대입구,10873,11001,21874
2022-02-17,7호선,신대방삼거리,15312,14713,30025
2022-02-17,7호선,신중동,1,0,1
2022-02-17,7호선,신풍,10505,10156,20661
2022-02-17,7호선,어린이대공원,11086,11081,22167
2022-02-17,7호선,온수,9193,8520,17713
2022-02-17,7호선,용마산,5508,5243,10751
2022-02-17,7호선,이수,14301,13813,28114
2022-02-17,7호선,장승배기,8228,8173,16401
2022-02-17,7호선,장암,2091,747,2838
2022-02-17,7호선,중계,12779,11682,24461
2022-02-17,7호선,중곡,9868,9483,19351
2022-02-17,7호선,중화,9983,9929,19912
2022-02-17,7호선,천왕,10374,9828,20202
2022-02-17,7호선,철산,18726,19051,37777
2022-02-17,7호선,청담,18311,20585,38896
2022-02-17,7호선,춘의,1,0,1
2022-02-17,7호선,태릉입구,7898,7327,15225
2022-02-17,7호선,하계,15956,15123,31079
2022-02-17,7호선,학동,23535,24775,48310
2022-02-17,8호선,가락시장,7037,7629,14666
2022-02-17,8호선,강동구청,9720,10141,19861
2022-02-17,8호선,남위례,3704,3943,7647
2022-02-17,8호선,남한산성입구,12485,11629,24114
2022-02-17,8호선,단대오거리,9477,9278,18755
2022-02-17,8호선,모란,3717,2895,6612
2022-02-17,8호선,몽촌토성,5500,5577,11077
2022-02-17,8호선,문정,21138,22219,43357
2022-02-17,8호선,복정,8649,7374,16023
2022-02-17,8호선,산성,4584,4572,9156
2022-02-17,8호선,석촌,7292,8128,15420
2022-02-17,8호선,송파,6807,7076,13883
2022-02-17,8호선,수진,4911,4567,9478
2022-02-17,8호선,신흥,3905,4246,8151
2022-02-17,8호선,암사,17385,15337,32722
2022-02-17,8호선,잠실,12578,14230,26808
2022-02-17,8호선,장지,15635,15302,30937
2022-02-17,8호선,천호,13418,15263,28681
2022-02-17,9호선,가양,18525,18207,36732
2022-02-17,9호선,개화,2331,1599,3930
2022-02-17,9호선,고속터미널,10698,14111,24809
2022-02-17,9호선,공항시장,2799,3048,5847
2022-02-17,9호선,구반포,1193,1300,2493
2022-02-17,9호선,국회의사당,15670,15980,31650
2022-02-17,9호선,김포공항,6785,11048,17833
2022-02-17,9호선,노들,4019,3484,7503
2022-02-17,9호선,노량진,23382,22434,45816
2022-02-17,9호선,당산,16623,16581,33204
2022-02-17,9호선,동작,1744,1421,3165
2022-02-17,9호선,등촌,10444,10343,20787
2022-02-17,9호선,마곡나루,11122,10842,21964
2022-02-17,9호선,사평,3211,3124,6335
2022-02-17,9호선,샛강,5444,5695,11139
2022-02-17,9호선,선유도,8072,7755,15827
2022-02-17,9호선,신논현,28990,28622,57612
2022-02-17,9호선,신목동,3691,3316,7007
2022-02-17,9호선,신반포,2966,2905,5871
2022-02-17,9호선,신방화,6207,6126,12333
2022-02-17,9호선,양천향교,8837,9174,18011
2022-02-17,9호선,여의도,25060,24022,49082
2022-02-17,9호선,염창,15760,15314,31074
2022-02-17,9호선,증미,6784,6756,13540
2022-02-17,9호선,흑석,7066,7296,14362
2022-02-17,9호선2~3단계,둔촌오륜,910,865,1775
2022-02-17,9호선2~3단계,봉은사,15749,16153,31902
2022-02-17,9호선2~3단계,삼성중앙,6470,6854,13324
2022-02-17,9호선2~3단계,삼전,6631,6410,13041
2022-02-17,9호선2~3단계,석촌,7724,6919,14643
2022-02-17,9호선2~3단계,석촌고분,5833,5714,11547
2022-02-17,9호선2~3단계,선정릉,9128,9789,18917
2022-02-17,9호선2~3단계,송파나루,4786,5024,9810
2022-02-17,9호선2~3단계,언주,10111,10552,20663
2022-02-17,9호선2~3단계,올림픽공원,5065,4955,10020
2022-02-17,9호선2~3단계,종합운동장,3894,3953,7847
2022-02-17,9호선2~3단계,중앙보훈병원,10236,9008,19244
2022-02-17,9호선2~3단계,한성백제,2380,2196,4576
2022-02-17,경강선,경기광주,6845,6473,13318
2022-02-17,경강선,곤지암,1944,1896,3840
2022-02-17,경강선,부발,1772,1666,3438
2022-02-17,경강선,삼동,2160,2087,4247
2022-02-17,경강선,세종대왕릉,264,247,511
2022-02-17,경강선,신둔도예촌,1168,1110,2278
2022-02-17,경강선,여주,1639,1659,3298
2022-02-17,경강선,이매,1003,825,1828
2022-02-17,경강선,이천,2303,2366,4669
2022-02-17,경강선,초월,2729,2642,5371
2022-02-17,경강선,판교,4342,4293,8635
2022-02-17,경부선,가산디지털단지,16651,19490,36141
2022-02-17,경부선,관악,6272,5908,12180
2022-02-17,경부선,광명,2918,2631,5549
2022-02-17,경부선,구로,16962,17180,34142
2022-02-17,경부선,군포,7177,7219,14396
2022-02-17,경부선,금정,23707,24259,47966
2022-02-17,경부선,금천구청,10660,10594,21254
2022-02-17,경부선,남영,7958,8440,16398
2022-02-17,경부선,노량진,6740,7004,13744
2022-02-17,경부선,당정,5669,5307,10976
2022-02-17,경부선,대방,11714,12040,23754
2022-02-17,경부선,독산,17297,18113,35410
2022-02-17,경부선,두정,4195,4174,8369
2022-02-17,경부선,명학,8422,8270,16692
2022-02-17,경부선,병점,12017,12003,24020
2022-02-17,경부선,서동탄,1237,1053,2290
2022-02-17,경부선,서울역,5220,1814,7034
2022-02-17,경부선,서정리,5665,5224,10889
2022-02-17,경부선,석수,8644,7746,16390
2022-02-17,경부선,성균관대,12253,12326,24579
2022-02-17,경부선,성환,2458,2500,4958
2022-02-17,경부선,세류,2542,2442,4984
2022-02-17,경부선,세마,2356,2239,4595
2022-02-17,경부선,송탄,3510,3468,6978
2022-02-17,경부선,수원,28187,29569,57756
2022-02-17,경부선,신길,7978,6727,14705
2022-02-17,경부선,신도림,3642,3448,7090
2022-02-17,경부선,안양,18813,18654,37467
2022-02-17,경부선,영등포,32383,32734,65117
2022-02-17,경부선,오산,7954,7874,15828
2022-02-17,경부선,오산대,2750,2519,5269
2022-02-17,경부선,용산,29103,28794,57897
2022-02-17,경부선,의왕,8174,8219,16393
2022-02-17,경부선,직산,652,639,1291
2022-02-17,경부선,진위,1397,1203,2600
2022-02-17,경부선,천안,3865,4170,8035
2022-02-17,경부선,평택,9534,9144,18678
2022-02-17,경부선,평택지제,2856,2799,5655
2022-02-17,경부선,화서,6907,6733,13640
2022-02-17,경원선,가능,5712,5555,11267
2022-02-17,경원선,광운대,6583,6399,12982
2022-02-17,경원선,녹양,4070,3888,7958
2022-02-17,경원선,녹천,4137,3522,7659
2022-02-17,경원선,덕계,2639,2391,5030
2022-02-17,경원선,덕정,4658,4586,9244
2022-02-17,경원선,도봉,5407,5207,10614
2022-02-17,경원선,도봉산,6017,3668,9685
2022-02-17,경원선,동두천,1778,1884,3662
2022-02-17,경원선,동두천중앙,2491,2406,4897
2022-02-17,경원선,망월사,6815,7109,13924
2022-02-17,경원선,방학,8625,8519,17144
2022-02-17,경원선,보산,1409,1180,2589
2022-02-17,경원선,서빙고,1711,1681,3392
2022-02-17,경원선,석계,7054,8038,15092
2022-02-17,경원선,소요산,1726,1483,3209
2022-02-17,경원선,신이문,7378,7135,14513
2022-02-17,경원선,양주,6591,6180,12771
2022-02-17,경원선,옥수,35,28,63
2022-02-17,경원선,왕십리,12758,14165,26923
2022-02-17,경원선,외대앞,6335,6502,12837
2022-02-17,경원선,월계,5703,5461,11164
2022-02-17,경원선,응봉,1593,1376,2969
2022-02-17,경원선,의정부,16278,16615,32893
2022-02-17,경원선,이촌,3136,2419,5555
2022-02-17,경원선,지행,5409,5427,10836
2022-02-17,경원선,청량리,12354,12565,24919
2022-02-17,경원선,한남,3628,3442,7070
2022-02-17,경원선,회룡,10959,10903,21862
2022-02-17,경의선,가좌,4623,4534,9157
2022-02-17,경의선,강매,2896,2539,5435
2022-02-17,경의선,곡산,545,580,1125
2022-02-17,경의선,공덕,3334,2792,6126
2022-02-17,경의선,금릉,4182,4028,8210
2022-02-17,경의선,금촌,5444,5475,10919
2022-02-17,경의선,능곡,3297,3065,6362
2022-02-17,경의선,디지털미디어시티,2236,2021,4257
2022-02-17,경의선,문산,4219,4210,8429
2022-02-17,경의선,백마,6297,6030,12327
2022-02-17,경의선,서강대,1842,1802,3644
2022-02-17,경의선,서울역,3897,4697,8594
2022-02-17,경의선,수색,2528,2613,5141
2022-02-17,경의선,신촌,737,895,1632
2022-02-17,경의선,야당,6458,6371,12829
2022-02-17,경의선,운정,6058,5590,11648
2022-02-17,경의선,월롱,2138,1992,4130
2022-02-17,경의선,일산,8138,8061,16199
2022-02-17,경의선,임진강,6,4,10
2022-02-17,경의선,탄현,6889,6766,13655
2022-02-17,경의선,파주,841,614,1455
2022-02-17,경의선,풍산,4962,4627,9589
2022-02-17,경의선,행신,6985,7149,14134
2022-02-17,경의선,홍대입구,1452,1683,3135
2022-02-17,경의선,화전,1412,1341,2753
2022-02-17,경의선,효창공원앞,2731,3157,5888
2022-02-17,경인선,간석,5036,4806,9842
2022-02-17,경인선,개봉,18850,18985,37835
2022-02-17,경인선,구일,5361,5431,10792
2022-02-17,경인선,도원,2056,2108,4164
2022-02-17,경인선,도화,3568,3347,6915
2022-02-17,경인선,동암,12650,12723,25373
2022-02-17,경인선,동인천,11840,11376,23216
2022-02-17,경인선,백운,5884,5902,11786
2022-02-17,경인선,부개,7538,7118,14656
2022-02-17,경인선,부천,28066,28048,56114
2022-02-17,경인선,부평,25453,26825,52278
2022-02-17,경인선,소사,7465,7380,14845
2022-02-17,경인선,송내,23686,23515,47201
2022-02-17,경인선,역곡,24514,24706,49220
2022-02-17,경인선,오류동,10510,9998,20508
2022-02-17,경인선,온수,5592,5494,11086
2022-02-17,경인선,인천,2602,1983,4585
2022-02-17,경인선,제물포,8917,8445,17362
2022-02-17,경인선,주안,15953,14476,30429
2022-02-17,경인선,중동,8293,7873,16166
2022-02-17,경춘선,가평,1315,1378,2693
2022-02-17,경춘선,갈매,2678,2364,5042
2022-02-17,경춘선,강촌,257,263,520
2022-02-17,경춘선,굴봉산,113,129,242
2022-02-17,경춘선,금곡,1307,1211,2518
2022-02-17,경춘선,김유정,181,196,377
2022-02-17,경춘선,남춘천,2103,2058,4161
2022-02-17,경춘선,대성리,381,381,762
2022-02-17,경춘선,마석,3069,3156,6225
2022-02-17,경춘선,백양리,285,268,553
2022-02-17,경춘선,별내,2973,2885,5858
2022-02-17,경춘선,사릉,2838,2771,5609
2022-02-17,경춘선,상천,163,165,328
2022-02-17,경춘선,신내,1894,1723,3617
2022-02-17,경춘선,천마산,1414,1349,2763
2022-02-17,경춘선,청평,1262,1188,2450
2022-02-17,경춘선,춘천,922,828,1750
2022-02-17,경춘선,퇴계원,3134,2999,6133
2022-02-17,경춘선,평내호평,5363,5193,10556
2022-02-17,공항철도,검암,5907,5849,11756
2022-02-17,공항철도,계양,9164,8661,17825
2022-02-17,공항철도,공덕,2149,2680,4829
2022-02-17,공항철도,공항화물청사,2283,2397,4680
2022-02-17,공항철도,김포공항,11914,6137,18051
2022-02-17,공항철도,디지털미디어시티,13077,11673,24750
2022-02-17,공항철도,마곡나루,8000,7603,15603
2022-02-17,공항철도,서울역,6530,6052,12582
2022-02-17,공항철도,영종,2609,2526,5135
2022-02-17,공항철도,운서,5950,5961,11911
2022-02-17,공항철도,인천공항1터미널,3198,3364,6562
2022-02-17,공항철도,인천공항2터미널,1916,1978,3894
2022-02-17,공항철도,청라국제도시,6129,5791,11920
2022-02-17,공항철도,홍대입구,8724,8710,17434
2022-02-17,과천선,경마공원,1244,1213,2457
2022-02-17,과천선,과천,5636,5339,10975
2022-02-17,과천선,대공원,1977,2094,4071
2022-02-17,과천선,범계,22888,22762,45650
2022-02-17,과천선,선바위,7121,6357,13478
2022-02-17,과천선,인덕원,21827,22739,44566
2022-02-17,과천선,정부과천청사,9534,9516,19050
2022-02-17,과천선,평촌,16475,16098,32573
2022-02-17,분당선,가천대,5737,6701,12438
2022-02-17,분당선,강남구청,9677,11016,20693
2022-02-17,분당선,개포동,3300,3562,6862
2022-02-17,분당선,구룡,1678,1616,3294
2022-02-17,분당선,구성,4408,4744,9152
2022-02-17,분당선,기흥,8484,7995,16479
2022-02-17,분당선,대모산입구,4157,3972,8129
2022-02-17,분당선,도곡,6267,6187,12454
2022-02-17,분당선,망포,12791,12120,24911
2022-02-17,분당선,매교,2390,2533,4923
2022-02-17,분당선,매탄권선,4328,4244,8572
2022-02-17,분당선,모란,17753,18004,35757
2022-02-17,분당선,미금,14194,14927,29121
2022-02-17,분당선,보정,2159,1912,4071
2022-02-17,분당선,상갈,4749,4546,9295
2022-02-17,분당선,서울숲,9261,9243,18504
2022-02-17,분당선,서현,22500,22790,45290
2022-02-17,분당선,선릉,12883,18879,31762
2022-02-17,분당선,선정릉,7678,8261,15939
2022-02-17,분당선,수내,12229,12186,24415
2022-02-17,분당선,수서,12341,12744,25085
2022-02-17,분당선,수원,6990,5792,12782
2022-02-17,분당선,수원시청,11312,11941,23253
2022-02-17,분당선,신갈,4039,4064,8103
2022-02-17,분당선,압구정로데오,18197,19510,37707
2022-02-17,분당선,야탑,24618,25385,50003
2022-02-17,분당선,영통,7273,7361,14634
2022-02-17,분당선,오리,10928,8885,19813
2022-02-17,분당선,이매,5211,5055,10266
2022-02-17,분당선,정자,15784,16776,32560
2022-02-17,분당선,죽전,11806,13048,24854
2022-02-17,분당선,청명,3605,3597,7202
2022-02-17,분당선,태평,12333,12012,24345
2022-02-17,분당선,한티,13608,14559,28167
2022-02-17,수인선,고색,4289,4077,8366
2022-02-17,수인선,남동인더스파크,2179,2392,4571
2022-02-17,수인선,달월,91,41,132
2022-02-17,수인선,사리,3962,3512,7474
2022-02-17,수인선,소래포구,3905,3636,7541
2022-02-17,수인선,송도,2083,1884,3967
2022-02-17,수인선,숭의,3373,3253,6626
2022-02-17,수인선,신포,1486,1462,2948
2022-02-17,수인선,야목,283,236,519
2022-02-17,수인선,어천,542,600,1142
2022-02-17,수인선,연수,3707,3741,7448
2022-02-17,수인선,오목천,2359,2341,4700
2022-02-17,수인선,원인재,3823,4066,7889
2022-02-17,수인선,월곶,2393,2232,4625
2022-02-17,수인선,인천,884,1390,2274
2022-02-17,수인선,인천논현,4773,5087,9860
2022-02-17,수인선,인하대,4805,4579,9384
2022-02-17,수인선,호구포,3735,3852,7587
2022-02-17,안산선,고잔,7881,7405,15286
2022-02-17,안산선,대야미,4330,3948,8278
2022-02-17,안산선,반월,3583,3464,7047
2022-02-17,안산선,산본,13715,14766,28481
2022-02-17,안산선,상록수,13600,14044,27644
2022-02-17,안산선,수리산,3704,3036,6740
2022-02-17,안산선,신길온천,1397,1334,2731
2022-02-17,안산선,안산,10195,9108,19303
2022-02-17,안산선,오이도,6973,6856,13829
2022-02-17,안산선,정왕,6519,6836,13355
2022-02-17,안산선,중앙,15230,15675,30905
2022-02-17,안산선,초지,4225,4418,8643
2022-02-17,안산선,한대앞,7688,7677,15365
2022-02-17,우이신설선,4.19민주묘지,2433,2322,4755
2022-02-17,우이신설선,가오리,3757,3832,7589
2022-02-17,우이신설선,보문,1354,1321,2675
2022-02-17,우이신설선,북한산보국문,5375,5258,10633
2022-02-17,우이신설선,북한산우이,2131,1830,3961
2022-02-17,우이신설선,삼양,1834,1993,3827
2022-02-17,우이신설선,삼양사거리,2211,2221,4432
2022-02-17,우이신설선,성신여대입구,2871,3218,6089
2022-02-17,우이신설선,솔밭공원,2242,2171,4413
2022-02-17,우이신설선,솔샘,5272,4997,10269
2022-02-17,우이신설선,신설동,1945,1825,3770
2022-02-17,우이신설선,정릉,4219,3900,8119
2022-02-17,우이신설선,화계,3119,2977,6096
2022-02-17,일산선,대곡,1793,1440,3233
2022-02-17,일산선,대화,11048,8830,19878
2022-02-17,일산선,마두,6738,6838,13576
2022-02-17,일산선,백석,8882,8908,17790
2022-02-17,일산선,삼송,17513,17113,34626
2022-02-17,일산선,원당,10035,9502,19537
2022-02-17,일산선,원흥,9162,8818,17980
2022-02-17,일산선,정발산,6374,6213,12587
2022-02-17,일산선,주엽,7776,7992,15768
2022-02-17,일산선,지축,1,0,1
2022-02-17,일산선,화정,14950,15496,30446
2022-02-17,장항선,배방,876,864,1740
2022-02-17,장항선,봉명,1039,1039,2078
2022-02-17,장항선,신창,1163,1251,2414
2022-02-17,장항선,쌍용,1542,1472,3014
2022-02-17,장항선,아산,2578,2273,4851
2022-02-17,장항선,온양온천,2812,2822,5634
2022-02-17,장항선,탕정,467,449,916
2022-02-17,중앙선,구리,11781,11935,23716
2022-02-17,중앙선,국수,509,498,1007
2022-02-17,중앙선,덕소,4722,4708,9430
2022-02-17,중앙선,도농,9226,8611,17837
2022-02-17,중앙선,도심,2015,1611,3626
2022-02-17,중앙선,망우,6670,6708,13378
2022-02-17,중앙선,상봉,5131,5065,10196
2022-02-17,중앙선,신원,145,116,261
2022-02-17,중앙선,아신,432,425,857
2022-02-17,중앙선,양수,1350,1336,2686
2022-02-17,중앙선,양원,1905,1899,3804
2022-02-17,중앙선,양정,605,504,1109
2022-02-17,중앙선,양평,2143,2073,4216
2022-02-17,중앙선,오빈,236,259,495
2022-02-17,중앙선,용문,1248,1183,2431
2022-02-17,중앙선,운길산,450,398,848
2022-02-17,중앙선,원덕,209,224,433
2022-02-17,중앙선,중랑,4866,4713,9579
2022-02-17,중앙선,지평,41,51,92
2022-02-17,중앙선,팔당,615,695,1310
2022-02-17,중앙선,회기,21233,20780,42013
2022-02-18,1호선,동대문,9967,9127,19094
2022-02-18,1호선,동묘앞,7033,7310,14343
2022-02-18,1호선,서울역,41323,39749,81072
2022-02-18,1호선,시청,19717,20247,39964
2022-02-18,1호선,신설동,13219,12864,26083
2022-02-18,1호선,제기동,15603,15727,31330
2022-02-18,1호선,종각,30834,29832,60666
2022-02-18,1호선,종로3가,24092,22175,46267
2022-02-18,1호선,종로5가,20951,20774,41725
2022-02-18,1호선,청량리,18698,18761,37459
2022-02-18,2호선,강남,81098,78943,160041
2022-02-18,2호선,강변,28106,27388,55494
2022-02-18,2호선,건대입구,32667,34705,67372
2022-02-18,2호선,교대,31540,35267,66807
2022-02-18,2호선,구로디지털단지,55548,55247,110795
2022-02-18,2호선,구의,22807,22580,45387
2022-02-18,2호선,낙성대,25294,24167,49461
2022-02-18,2호선,당산,16977,19827,36804
2022-02-18,2호선,대림,21860,22459,44319
2022-02-18,2호선,도림천,1277,1288,2565
2022-02-18,2호선,동대문역사문화공원,10850,12327,23177
2022-02-18,2호선,뚝섬,20903,22204,43107
2022-02-18,2호선,문래,19833,20235,40068
2022-02-18,2호선,방배,14720,15449,30169
2022-02-18,2호선,봉천,22569,21055,43624
2022-02-18,2호선,사당,33880,36512,70392
2022-02-18,2호선,삼성,48153,47979,96132
2022-02-18,2호선,상왕십리,13279,12969,26248
2022-02-18,2호선,서울대입구,44639,43326,87965
2022-02-18,2호선,서초,19385,18852,38237
2022-02-18,2호선,선릉,52462,46359,98821
2022-02-18,2호선,성수,35700,38727,74427
2022-02-18,2호선,시청,21463,20564,42027
2022-02-18,2호선,신답,1612,1832,3444
2022-02-18,2호선,신당,13040,13676,26716
2022-02-18,2호선,신대방,24730,24042,48772
2022-02-18,2호선,신도림,44084,44119,88203
2022-02-18,2호선,신림,59778,58288,118066
2022-02-18,2호선,신설동,3368,3487,6855
2022-02-18,2호선,신정네거리,9490,9987,19477
2022-02-18,2호선,신촌,31493,31894,63387
2022-02-18,2호선,아현,9351,8888,18239
2022-02-18,2호선,양천구청,6190,6526,12716
2022-02-18,2호선,역삼,48050,52687,100737
2022-02-18,2호선,영등포구청,21519,21867,43386
2022-02-18,2호선,왕십리,15078,12644,27722
2022-02-18,2호선,용답,2476,2560,5036
2022-02-18,2호선,용두,2320,2263,4583
2022-02-18,2호선,을지로3가,19882,20103,39985
2022-02-18,2호선,을지로4가,12188,11998,24186
2022-02-18,2호선,을지로입구,34724,35452,70176
2022-02-18,2호선,이대,11947,12397,24344
2022-02-18,2호선,잠실,61090,60243,121333
2022-02-18,2호선,잠실나루,13350,12649,25999
2022-02-18,2호선,잠실새내,19983,20062,40045
2022-02-18,2호선,종합운동장,6330,6747,13077
2022-02-18,2호선,충정로,9169,9640,18809
2022-02-18,2호선,한양대,7259,8220,15479
2022-02-18,2호선,합정,29253,30374,59627
2022-02-18,2호선,홍대입구,51581,53484,105065
2022-02-18,3호선,가락시장,8474,8206,16680
2022-02-18,3호선,경복궁,17993,17763,35756
2022-02-18,3호선,경찰병원,6955,6924,13879
2022-02-18,3호선,고속터미널,38217,39537,77754
2022-02-18,3호선,교대,12869,8189,21058
2022-02-18,3호선,구파발,18700,17788,36488
2022-02-18,3호선,금호,7570,7088,14658
2022-02-18,3호선,남부터미널,27965,28520,56485
2022-02-18,3호선,녹번,14319,12977,27296
2022-02-18,3호선,대청,9385,8779,18164
2022-02-18,3호선,대치,10844,10834,21678
2022-02-18,3호선,도곡,4847,5046,9893
2022-02-18,3호선,독립문,6337,6368,12705
2022-02-18,3호선,동대입구,6625,6992,13617
2022-02-18,3호선,매봉,11481,10884,22365
2022-02-18,3호선,무악재,3563,3597,7160
2022-02-18,3호선,불광,15064,16082,31146
2022-02-18,3호선,수서,16507,16972,33479
2022-02-18,3호선,신사,30938,31804,62742
2022-02-18,3호선,안국,17753,18187,35940
2022-02-18,3호선,압구정,31923,33981,65904
2022-02-18,3호선,약수,12116,11551,23667
2022-02-18,3호선,양재,36513,38514,75027
2022-02-18,3호선,연신내,34262,32617,66879
2022-02-18,3호선,오금,5890,5197,11087
2022-02-18,3호선,옥수,8162,8557,16719
2022-02-18,3호선,을지로3가,9486,9836,19322
2022-02-18,3호선,일원,9345,8985,18330
2022-02-18,3호선,잠원,4501,4380,8881
2022-02-18,3호선,종로3가,9804,11301,21105
2022-02-18,3호선,지축,4245,4044,8289
2022-02-18,3호선,충무로,1,0,1
2022-02-18,3호선,학여울,2506,2452,4958
2022-02-18,3호선,홍제,15899,15394,31293
2022-02-18,4호선,길음,18369,18044,36413
2022-02-18,4호선,남태령,1153,942,2095
2022-02-18,4호선,노원,17476,19699,37175
2022-02-18,4호선,당고개,11894,10955,22849
2022-02-18,4호선,동대문,17836,18382,36218
2022-02-18,4호선,동대문역사문화공원,13823,12567,26390
2022-02-18,4호선,동작,1301,1540,2841
2022-02-18,4호선,명동,16034,16708,32742
2022-02-18,4호선,미아,13810,13552,27362
2022-02-18,4호선,미아사거리,25268,24883,50151
2022-02-18,4호선,사당,23318,19142,42460
2022-02-18,4호선,삼각지,4580,5117,9697
2022-02-18,4호선,상계,17394,16423,33817
2022-02-18,4호선,서울역,10095,15594,25689
2022-02-18,4호선,성신여대입구,18519,17855,36374
2022-02-18,4호선,수유,31869,32035,63904
2022-02-18,4호선,숙대입구,11553,11453,23006
2022-02-18,4호선,신용산,15140,15737,30877
2022-02-18,4호선,쌍문,27267,25415,52682
2022-02-18,4호선,이촌,6893,7517,14410
2022-02-18,4호선,창동,24152,25717,49869
2022-02-18,4호선,총신대입구,17511,19097,36608
2022-02-18,4호선,충무로,23830,24833,48663
2022-02-18,4호선,한성대입구,12313,12183,24496
2022-02-18,4호선,혜화,29498,28946,58444
2022-02-18,4호선,회현,21247,22466,43713
2022-02-18,5호선,강동,17443,16467,33910
2022-02-18,5호선,강일,3648,3575,7223
2022-02-18,5호선,개롱,6102,6370,12472
2022-02-18,5호선,개화산,5186,4946,10132
2022-02-18,5호선,거여,8866,8433,17299
2022-02-18,5호선,고덕,8524,8640,17164
2022-02-18,5호선,공덕,12572,13406,25978
2022-02-18,5호선,광나루,12173,10989,23162
2022-02-18,5호선,광화문,26221,27076,53297
2022-02-18,5호선,군자,10650,11647,22297
2022-02-18,5호선,굽은다리,9017,8713,17730
2022-02-18,5호선,길동,7770,8139,15909
2022-02-18,5호선,김포공항,7463,6980,14443
2022-02-18,5호선,까치산,27228,26195,53423
2022-02-18,5호선,답십리,15201,14031,29232
2022-02-18,5호선,동대문역사문화공원,2638,3078,5716
2022-02-18,5호선,둔촌동,8106,8272,16378
2022-02-18,5호선,마곡,10031,9938,19969
2022-02-18,5호선,마장,5199,4771,9970
2022-02-18,5호선,마천,6423,6387,12810
2022-02-18,5호선,마포,13422,13733,27155
2022-02-18,5호선,명일,7854,8302,16156
2022-02-18,5호선,목동,15776,17048,32824
2022-02-18,5호선,미사,14669,14828,29497
2022-02-18,5호선,발산,18428,19012,37440
2022-02-18,5호선,방이,6678,7025,13703
2022-02-18,5호선,방화,6160,5886,12046
2022-02-18,5호선,상일동,13974,12976,26950
2022-02-18,5호선,서대문,16712,16805,33517
2022-02-18,5호선,송정,6202,5803,12005
2022-02-18,5호선,신금호,5825,6022,11847
2022-02-18,5호선,신길,3905,4198,8103
2022-02-18,5호선,신정,13167,10721,23888
2022-02-18,5호선,아차산,13398,13154,26552
2022-02-18,5호선,애오개,6383,6387,12770
2022-02-18,5호선,양평,7083,6915,13998
2022-02-18,5호선,여의나루,7840,8705,16545
2022-02-18,5호선,여의도,26059,26781,52840
2022-02-18,5호선,영등포구청,3748,3852,7600
2022-02-18,5호선,영등포시장,9711,9978,19689
2022-02-18,5호선,오금,3502,3429,6931
2022-02-18,5호선,오목교,20457,22071,42528
2022-02-18,5호선,올림픽공원,3867,3281,7148
2022-02-18,5호선,왕십리,4436,4983,9419
2022-02-18,5호선,우장산,13033,13034,26067
2022-02-18,5호선,을지로4가,5652,5759,11411
2022-02-18,5호선,장한평,17548,17582,35130
2022-02-18,5호선,종로3가,11298,11491,22789
2022-02-18,5호선,천호,17341,17221,34562
2022-02-18,5호선,청구,3848,3450,7298
2022-02-18,5호선,충정로,4339,4345,8684
2022-02-18,5호선,하남검단산,5100,4949,10049
2022-02-18,5호선,하남시청,6086,5920,12006
2022-02-18,5호선,하남풍산,3934,4078,8012
2022-02-18,5호선,행당,7488,6632,14120
2022-02-18,5호선,화곡,26450,24800,51250
2022-02-18,6호선,고려대,7307,7248,14555
2022-02-18,6호선,공덕,17175,16550,33725
2022-02-18,6호선,광흥창,8325,8042,16367
2022-02-18,6호선,구산,7030,5425,12455
2022-02-18,6호선,녹사평,4269,4385,8654
2022-02-18,6호선,대흥,7436,7700,15136
2022-02-18,6호선,독바위,2496,2541,5037
2022-02-18,6호선,돌곶이,8656,8121,16777
2022-02-18,6호선,동묘앞,7350,7434,14784
2022-02-18,6호선,디지털미디어시티,12218,13385,25603
2022-02-18,6호선,마포구청,13456,12231,25687
2022-02-18,6호선,망원,13384,14460,27844
2022-02-18,6호선,버티고개,1888,1915,3803
2022-02-18,6호선,보문,7073,6357,13430
2022-02-18,6호선,봉화산,8278,7748,16026
2022-02-18,6호선,불광,4039,3984,8023
2022-02-18,6호선,삼각지,5900,5264,11164
2022-02-18,6호선,상수,8396,9566,17962
2022-02-18,6호선,상월곡,5796,5077,10873
2022-02-18,6호선,새절,11779,11104,22883
2022-02-18,6호선,석계,11281,11685,22966
2022-02-18,6호선,신당,8016,8288,16304
2022-02-18,6호선,안암,9519,9217,18736
2022-02-18,6호선,약수,3340,3360,6700
2022-02-18,6호선,역촌,3717,4338,8055
2022-02-18,6호선,월곡,10725,10667,21392
2022-02-18,6호선,월드컵경기장,3777,3872,7649
2022-02-18,6호선,응암,16427,16421,32848
2022-02-18,6호선,이태원,9297,9752,19049
2022-02-18,6호선,증산,9531,9466,18997
2022-02-18,6호선,창신,3078,2476,5554
2022-02-18,6호선,청구,3599,3778,7377
2022-02-18,6호선,태릉입구,5110,5645,10755
2022-02-18,6호선,한강진,8972,10047,19019
2022-02-18,6호선,합정,12438,11828,24266
2022-02-18,6호선,화랑대,11051,8756,19807
2022-02-18,6호선,효창공원앞,6456,5814,12270
2022-02-18,7호선,가산디지털단지,42660,42256,84916
2022-02-18,7호선,강남구청,15653,17139,32792
2022-02-18,7호선,건대입구,11186,11617,22803
2022-02-18,7호선,고속터미널,15495,12599,28094
2022-02-18,7호선,공릉,11727,11428,23155
2022-02-18,7호선,광명사거리,20889,20565,41454
2022-02-18,7호선,군자,14284,11398,25682
2022-02-18,7호선,까치울,1,0,1
2022-02-18,7호선,남구로,14921,15665,30586
2022-02-18,7호선,남성,10378,9699,20077
2022-02-18,7호선,내방,13600,13798,27398
2022-02-18,7호선,노원,18990,19602,38592
2022-02-18,7호선,논현,19546,21095,40641
2022-02-18,7호선,대림,6982,7103,14085
2022-02-18,7호선,도봉산,8260,9518,17778
2022-02-18,7호선,뚝섬유원지,6910,6759,13669
2022-02-18,7호선,마들,12068,11565,23633
2022-02-18,7호선,먹골,9620,9599,19219
2022-02-18,7호선,면목,14493,14327,28820
2022-02-18,7호선,반포,5537,5226,10763
2022-02-18,7호선,보라매,9364,9155,18519
2022-02-18,7호선,부평구청,1,0,1
2022-02-18,7호선,사가정,15200,15259,30459
2022-02-18,7호선,삼산체육관,1,0,1
2022-02-18,7호선,상도,10147,9733,19880
2022-02-18,7호선,상동,2,0,2
2022-02-18,7호선,상봉,15820,15070,30890
2022-02-18,7호선,수락산,11651,11307,22958
2022-02-18,7호선,숭실대입구,11432,11687,23119
2022-02-18,7호선,신대방삼거리,15762,14907,30669
2022-02-18,7호선,신중동,1,0,1
2022-02-18,7호선,신풍,10906,10447,21353
2022-02-18,7호선,어린이대공원,12645,13002,25647
2022-02-18,7호선,온수,9413,8718,18131
2022-02-18,7호선,용마산,5652,5374,11026
2022-02-18,7호선,이수,15143,14384,29527
2022-02-18,7호선,장승배기,8617,8631,17248
2022-02-18,7호선,장암,1957,836,2793
2022-02-18,7호선,중계,13098,11839,24937
2022-02-18,7호선,중곡,10077,9548,19625
2022-02-18,7호선,중화,10285,10048,20333
2022-02-18,7호선,천왕,10373,9986,20359
2022-02-18,7호선,철산,19721,20228,39949
2022-02-18,7호선,청담,18124,20321,38445
2022-02-18,7호선,춘의,1,0,1
2022-02-18,7호선,태릉입구,8127,7870,15997
2022-02-18,7호선,하계,16066,15144,31210
2022-02-18,7호선,학동,22705,24187,46892
2022-02-18,8호선,가락시장,7142,7940,15082
2022-02-18,8호선,강동구청,9936,10237,20173
2022-02-18,8호선,남위례,3829,4171,8000
2022-02-18,8호선,남한산성입구,12558,11344,23902
2022-02-18,8호선,단대오거리,9896,9525,19421
2022-02-18,8호선,모란,3886,3049,6935
2022-02-18,8호선,몽촌토성,5661,5930,11591
2022-02-18,8호선,문정,20838,21927,42765
2022-02-18,8호선,복정,8948,7620,16568
2022-02-18,8호선,산성,4762,4827,9589
2022-02-18,8호선,석촌,7517,8631,16148
2022-02-18,8호선,송파,6923,6915,13838
2022-02-18,8호선,수진,5002,4651,9653
2022-02-18,8호선,신흥,3950,4352,8302
2022-02-18,8호선,암사,17853,15672,33525
2022-02-18,8호선,잠실,12830,14847,27677
2022-02-18,8호선,장지,16022,15393,31415
2022-02-18,8호선,천호,13974,16330,30304
2022-02-18,9호선,가양,19083,18574,37657
2022-02-18,9호선,개화,2239,1608,3847
2022-02-18,9호선,고속터미널,11240,15416,26656
2022-02-18,9호선,공항시장,2779,2948,5727
2022-02-18,9호선,구반포,1290,1329,2619
2022-02-18,9호선,국회의사당,14523,14959,29482
2022-02-18,9호선,김포공항,7610,12320,19930
2022-02-18,9호선,노들,4123,3436,7559
2022-02-18,9호선,노량진,24310,23323,47633
2022-02-18,9호선,당산,17276,16943,34219
2022-02-18,9호선,동작,1805,1521,3326
2022-02-18,9호선,등촌,10677,10527,21204
2022-02-18,9호선,마곡나루,11029,10920,21949
2022-02-18,9호선,사평,3388,3208,6596
2022-02-18,9호선,샛강,5417,5626,11043
2022-02-18,9호선,선유도,7943,7582,15525
2022-02-18,9호선,신논현,30854,30771,61625
2022-02-18,9호선,신목동,3759,3281,7040
2022-02-18,9호선,신반포,3150,3050,6200
2022-02-18,9호선,신방화,6269,6087,12356
2022-02-18,9호선,양천향교,8889,8323,17212
2022-02-18,9호선,여의도,25162,23578,48740
2022-02-18,9호선,염창,15923,15322,31245
2022-02-18,9호선,증미,6851,6755,13606
2022-02-18,9호선,흑석,7569,7836,15405
2022-02-18,9호선2~3단계,둔촌오륜,960,901,1861
2022-02-18,9호선2~3단계,봉은사,15850,16144,31994
2022-02-18,9호선2~3단계,삼성중앙,6294,6704,12998
2022-02-18,9호선2~3단계,삼전,6722,6570,13292
2022-02-18,9호선2~3단계,석촌,7989,7165,15154
2022-02-18,9호선2~3단계,석촌고분,5749,5713,11462
2022-02-18,9호선2~3단계,선정릉,8996,9734,18730
2022-02-18,9호선2~3단계,송파나루,4981,5195,10176
2022-02-18,9호선2~3단계,언주,10057,10197,20254
2022-02-18,9호선2~3단계,올림픽공원,5273,5194,10467
2022-02-18,9호선2~3단계,종합운동장,3985,4030,8015
2022-02-18,9호선2~3단계,중앙보훈병원,9800,8601,18401
2022-02-18,9호선2~3단계,한성백제,2425,2211,4636
2022-02-18,경강선,경기광주,7103,6776,13879
2022-02-18,경강선,곤지암,2144,2096,4240
2022-02-18,경강선,부발,2417,1716,4133
2022-02-18,경강선,삼동,2260,1991,4251
2022-02-18,경강선,세종대왕릉,286,270,556
2022-02-18,경강선,신둔도예촌,1238,1196,2434
2022-02-18,경강선,여주,1780,1936,3716
2022-02-18,경강선,이매,1032,863,1895
2022-02-18,경강선,이천,2554,2547,5101
2022-02-18,경강선,초월,2826,2736,5562
2022-02-18,경강선,판교,4352,4316,8668
2022-02-18,경부선,가산디지털단지,17015,19532,36547
2022-02-18,경부선,관악,6597,6218,12815
2022-02-18,경부선,광명,3236,3079,6315
2022-02-18,경부선,구로,17446,17911,35357
2022-02-18,경부선,군포,7271,7380,14651
2022-02-18,경부선,금정,25070,25420,50490
2022-02-18,경부선,금천구청,10970,11110,22080
2022-02-18,경부선,남영,8285,8709,16994
2022-02-18,경부선,노량진,7779,7774,15553
2022-02-18,경부선,당정,5692,5341,11033
2022-02-18,경부선,대방,11838,12017,23855
2022-02-18,경부선,독산,17439,18095,35534
2022-02-18,경부선,두정,4906,4910,9816
2022-02-18,경부선,명학,8470,8229,16699
2022-02-18,경부선,병점,13490,13135,26625
2022-02-18,경부선,서동탄,1324,1122,2446
2022-02-18,경부선,서울역,6866,2298,9164
2022-02-18,경부선,서정리,6857,5567,12424
2022-02-18,경부선,석수,8942,8051,16993
2022-02-18,경부선,성균관대,12902,13017,25919
2022-02-18,경부선,성환,2873,2646,5519
2022-02-18,경부선,세류,2751,2607,5358
2022-02-18,경부선,세마,2593,2378,4971
2022-02-18,경부선,송탄,4334,3891,8225
2022-02-18,경부선,수원,31278,33356,64634
2022-02-18,경부선,신길,8452,7102,15554
2022-02-18,경부선,신도림,3934,3667,7601
2022-02-18,경부선,안양,19968,20255,40223
2022-02-18,경부선,영등포,36245,37337,73582
2022-02-18,경부선,오산,9186,9012,18198
2022-02-18,경부선,오산대,3010,2885,5895
2022-02-18,경부선,용산,33162,33679,66841
2022-02-18,경부선,의왕,8515,8456,16971
2022-02-18,경부선,직산,750,652,1402
2022-02-18,경부선,진위,1608,1329,2937
2022-02-18,경부선,천안,4616,4713,9329
2022-02-18,경부선,평택,10883,10667,21550
2022-02-18,경부선,평택지제,3465,3209,6674
2022-02-18,경부선,화서,7044,7019,14063
2022-02-18,경원선,가능,6012,5951,11963
2022-02-18,경원선,광운대,6966,6737,13703
2022-02-18,경원선,녹양,4220,3957,8177
2022-02-18,경원선,녹천,4397,3670,8067
2022-02-18,경원선,덕계,2814,2598,5412
2022-02-18,경원선,덕정,4877,4767,9644
2022-02-18,경원선,도봉,5652,5428,11080
2022-02-18,경원선,도봉산,6931,4441,11372
2022-02-18,경원선,동두천,1817,2026,3843
2022-02-18,경원선,동두천중앙,2744,2659,5403
2022-02-18,경원선,망월사,6874,7085,13959
2022-02-18,경원선,방학,9265,9041,18306
2022-02-18,경원선,보산,1534,1377,2911
2022-02-18,경원선,서빙고,1931,1760,3691
2022-02-18,경원선,석계,7613,8531,16144
2022-02-18,경원선,소요산,2175,1812,3987
2022-02-18,경원선,신이문,7890,7330,15220
2022-02-18,경원선,양주,6967,6567,13534
2022-02-18,경원선,옥수,38,24,62
2022-02-18,경원선,왕십리,13159,14686,27845
2022-02-18,경원선,외대앞,7168,7196,14364
2022-02-18,경원선,월계,6043,5721,11764
2022-02-18,경원선,응봉,1768,1488,3256
2022-02-18,경원선,의정부,17132,17824,34956
2022-02-18,경원선,이촌,3365,2637,6002
2022-02-18,경원선,지행,5799,5798,11597
2022-02-18,경원선,청량리,14853,15117,29970
2022-02-18,경원선,한남,3698,3500,7198
2022-02-18,경원선,회룡,11547,11537,23084
2022-02-18,경의선,가좌,4913,4848,9761
2022-02-18,경의선,강매,2922,2563,5485
2022-02-18,경의선,곡산,554,587,1141
2022-02-18,경의선,공덕,3378,2935,6313
2022-02-18,경의선,금릉,4400,4300,8700
2022-02-18,경의선,금촌,5992,5891,11883
2022-02-18,경의선,능곡,3512,3217,6729
2022-02-18,경의선,디지털미디어시티,2278,2119,4397
2022-02-18,경의선,문산,4695,4538,9233
2022-02-18,경의선,백마,6519,6322,12841
2022-02-18,경의선,서강대,1875,1833,3708
2022-02-18,경의선,서울역,3911,5030,8941
2022-02-18,경의선,수색,2579,2541,5120
2022-02-18,경의선,신촌,779,959,1738
2022-02-18,경의선,야당,6876,6847,13723
2022-02-18,경의선,운정,6359,6002,12361
2022-02-18,경의선,월롱,2456,1965,4421
2022-02-18,경의선,일산,9178,9202,18380
2022-02-18,경의선,임진강,4,8,12
2022-02-18,경의선,탄현,7201,6987,14188
2022-02-18,경의선,파주,947,688,1635
2022-02-18,경의선,풍산,5139,5022,10161
2022-02-18,경의선,행신,7336,7450,14786
2022-02-18,경의선,홍대입구,1635,1840,3475
2022-02-18,경의선,화전,1641,1588,3229
2022-02-18,경의선,효창공원앞,2746,3126,5872
2022-02-18,경인선,간석,5302,5106,10408
2022-02-18,경인선,개봉,19873,19897,39770
2022-02-18,경인선,구일,5559,5625,11184
2022-02-18,경인선,도원,2232,2308,4540
2022-02-18,경인선,도화,3839,3542,7381
2022-02-18,경인선,동암,13423,13691,27114
2022-02-18,경인선,동인천,12583,12033,24616
2022-02-18,경인선,백운,6184,6118,12302
2022-02-18,경인선,부개,7800,7314,15114
2022-02-18,경인선,부천,30014,30765,60779
2022-02-18,경인선,부평,27574,29499,57073
2022-02-18,경인선,소사,7769,7562,15331
2022-02-18,경인선,송내,24285,24256,48541
2022-02-18,경인선,역곡,25506,25300,50806
2022-02-18,경인선,오류동,10871,10230,21101
2022-02-18,경인선,온수,5914,5675,11589
2022-02-18,경인선,인천,3046,2316,5362
2022-02-18,경인선,제물포,9394,8972,18366
2022-02-18,경인선,주안,17435,16095,33530
2022-02-18,경인선,중동,8593,8170,16763
2022-02-18,경춘선,가평,1521,1480,3001
2022-02-18,경춘선,갈매,2727,2431,5158
2022-02-18,경춘선,강촌,277,277,554
2022-02-18,경춘선,굴봉산,112,147,259
2022-02-18,경춘선,금곡,1334,1280,2614
2022-02-18,경춘선,김유정,238,290,528
2022-02-18,경춘선,남춘천,2070,2240,4310
2022-02-18,경춘선,대성리,412,349,761
2022-02-18,경춘선,마석,3634,3545,7179
2022-02-18,경춘선,백양리,288,265,553
2022-02-18,경춘선,별내,3084,3020,6104
2022-02-18,경춘선,사릉,2913,2846,5759
2022-02-18,경춘선,상천,198,198,396
2022-02-18,경춘선,신내,1877,1807,3684
2022-02-18,경춘선,천마산,1495,1383,2878
2022-02-18,경춘선,청평,1461,1488,2949
2022-02-18,경춘선,춘천,1079,968,2047
2022-02-18,경춘선,퇴계원,3311,3082,6393
2022-02-18,경춘선,평내호평,5590,5487,11077
2022-02-18,공항철도,검암,6211,6153,12364
2022-02-18,공항철도,계양,9405,8836,18241
2022-02-18,공항철도,공덕,2058,2727,4785
2022-02-18,공항철도,공항화물청사,2157,2339,4496
2022-02-18,공항철도,김포공항,13827,6342,20169
2022-02-18,공항철도,디지털미디어시티,12234,11199,23433
2022-02-18,공항철도,마곡나루,7336,7026,14362
2022-02-18,공항철도,서울역,7862,7445,15307
2022-02-18,공항철도,영종,2767,2869,5636
2022-02-18,공항철도,운서,6274,6180,12454
2022-02-18,공항철도,인천공항1터미널,3310,3608,6918
2022-02-18,공항철도,인천공항2터미널,2042,1973,4015
2022-02-18,공항철도,청라국제도시,6248,5931,12179
2022-02-18,공항철도,홍대입구,9675,9806,19481
2022-02-18,과천선,경마공원,5270,5416,10686
2022-02-18,과천선,과천,5695,5349,11044
2022-02-18,과천선,대공원,2342,2418,4760
2022-02-18,과천선,범계,24109,24034,48143
2022-02-18,과천선,선바위,7517,6833,14350
2022-02-18,과천선,인덕원,22611,23468,46079
2022-02-18,과천선,정부과천청사,9708,9890,19598
2022-02-18,과천선,평촌,16350,16182,32532
2022-02-18,분당선,가천대,5941,6657,12598
2022-02-18,분당선,강남구청,9823,11117,20940
2022-02-18,분당선,개포동,3524,3750,7274
2022-02-18,분당선,구룡,1706,1636,3342
2022-02-18,분당선,구성,4500,4881,9381
2022-02-18,분당선,기흥,8757,8340,17097
2022-02-18,분당선,대모산입구,4198,3925,8123
2022-02-18,분당선,도곡,6585,6315,12900
2022-02-18,분당선,망포,13744,12696,26440
2022-02-18,분당선,매교,2600,2591,5191
2022-02-18,분당선,매탄권선,4557,4479,9036
2022-02-18,분당선,모란,18632,18853,37485
2022-02-18,분당선,미금,14518,15528,30046
2022-02-18,분당선,보정,2214,1916,4130
2022-02-18,분당선,상갈,4949,4715,9664
2022-02-18,분당선,서울숲,9673,9553,19226
2022-02-18,분당선,서현,23869,24157,48026
2022-02-18,분당선,선릉,12584,18776,31360
2022-02-18,분당선,선정릉,7647,8063,15710
2022-02-18,분당선,수내,12710,12660,25370
2022-02-18,분당선,수서,13379,14086,27465
2022-02-18,분당선,수원,7572,6505,14077
2022-02-18,분당선,수원시청,12191,13301,25492
2022-02-18,분당선,신갈,4084,4088,8172
2022-02-18,분당선,압구정로데오,19865,21561,41426
2022-02-18,분당선,야탑,24687,25552,50239
2022-02-18,분당선,영통,8070,8010,16080
2022-02-18,분당선,오리,11079,9200,20279
2022-02-18,분당선,이매,5181,5053,10234
2022-02-18,분당선,정자,16374,17249,33623
2022-02-18,분당선,죽전,12604,13691,26295
2022-02-18,분당선,청명,3782,3766,7548
2022-02-18,분당선,태평,12705,12242,24947
2022-02-18,분당선,한티,14310,15324,29634
2022-02-18,수인선,고색,4449,4125,8574
2022-02-18,수인선,남동인더스파크,2213,2436,4649
2022-02-18,수인선,달월,101,54,155
2022-02-18,수인선,사리,4129,3682,7811
2022-02-18,수인선,소래포구,4277,3957,8234
2022-02-18,수인선,송도,2262,2219,4481
2022-02-18,수인선,숭의,3721,3484,7205
2022-02-18,수인선,신포,1568,1626,3194
2022-02-18,수인선,야목,324,242,566
2022-02-18,수인선,어천,712,633,1345
2022-02-18,수인선,연수,4256,4169,8425
2022-02-18,수인선,오목천,2564,2388,4952
2022-02-18,수인선,원인재,4143,4316,8459
2022-02-18,수인선,월곶,2404,2323,4727
2022-02-18,수인선,인천,997,1564,2561
2022-02-18,수인선,인천논현,4986,5426,10412
2022-02-18,수인선,인하대,5548,5316,10864
2022-02-18,수인선,호구포,3822,4028,7850
2022-02-18,안산선,고잔,8102,7684,15786
2022-02-18,안산선,대야미,4668,4120,8788
2022-02-18,안산선,반월,3909,3735,7644
2022-02-18,안산선,산본,14541,16003,30544
2022-02-18,안산선,상록수,14356,14880,29236
2022-02-18,안산선,수리산,3900,3098,6998
2022-02-18,안산선,신길온천,1568,1469,3037
2022-02-18,안산선,안산,10724,9805,20529
2022-02-18,안산선,오이도,7542,7304,14846
2022-02-18,안산선,정왕,7642,7925,15567
2022-02-18,안산선,중앙,16372,17269,33641
2022-02-18,안산선,초지,4279,4525,8804
2022-02-18,안산선,한대앞,8098,8182,16280
2022-02-18,우이신설선,4.19민주묘지,2596,2445,5041
2022-02-18,우이신설선,가오리,4192,4167,8359
2022-02-18,우이신설선,보문,1395,1425,2820
2022-02-18,우이신설선,북한산보국문,5567,5500,11067
2022-02-18,우이신설선,북한산우이,2394,2105,4499
2022-02-18,우이신설선,삼양,2027,2169,4196
2022-02-18,우이신설선,삼양사거리,2429,2506,4935
2022-02-18,우이신설선,성신여대입구,3170,3460,6630
2022-02-18,우이신설선,솔밭공원,2249,2168,4417
2022-02-18,우이신설선,솔샘,5355,5208,10563
2022-02-18,우이신설선,신설동,2027,1925,3952
2022-02-18,우이신설선,정릉,4317,4317,8634
2022-02-18,우이신설선,화계,3260,3042,6302
2022-02-18,일산선,대곡,1851,1447,3298
2022-02-18,일산선,대화,11480,9331,20811
2022-02-18,일산선,마두,6956,7091,14047
2022-02-18,일산선,백석,9168,9337,18505
2022-02-18,일산선,삼송,17901,17517,35418
2022-02-18,일산선,원당,10212,9844,20056
2022-02-18,일산선,원흥,9380,9191,18571
2022-02-18,일산선,정발산,6983,7126,14109
2022-02-18,일산선,주엽,8262,8431,16693
2022-02-18,일산선,지축,1,0,1
2022-02-18,일산선,화정,15774,16243,32017
2022-02-18,장항선,배방,975,975,1950
2022-02-18,장항선,봉명,1111,1069,2180
2022-02-18,장항선,신창,1352,1131,2483
2022-02-18,장항선,쌍용,1663,1547,3210
2022-02-18,장항선,아산,2870,2825,5695
2022-02-18,장항선,온양온천,3168,3282,6450
2022-02-18,장항선,탕정,521,511,1032
2022-02-18,중앙선,구리,12312,12685,24997
2022-02-18,중앙선,국수,573,567,1140
2022-02-18,중앙선,덕소,5003,4960,9963
2022-02-18,중앙선,도농,9429,8691,18120
2022-02-18,중앙선,도심,2107,1728,3835
2022-02-18,중앙선,망우,7216,7263,14479
2022-02-18,중앙선,상봉,5596,5407,11003
2022-02-18,중앙선,신원,146,129,275
2022-02-18,중앙선,아신,482,480,962
2022-02-18,중앙선,양수,1456,1414,2870
2022-02-18,중앙선,양원,2053,1964,4017
2022-02-18,중앙선,양정,630,531,1161
2022-02-18,중앙선,양평,2966,2987,5953
2022-02-18,중앙선,오빈,245,261,506
2022-02-18,중앙선,용문,1334,1482,2816
2022-02-18,중앙선,운길산,517,501,1018
2022-02-18,중앙선,원덕,315,321,636
2022-02-18,중앙선,중랑,5145,5015,10160
2022-02-18,중앙선,지평,46,54,100
2022-02-18,중앙선,팔당,741,789,1530
2022-02-18,중앙선,회기,22470,21726,44196
2022-02-21,1호선,동대문,9408,9006,18414
2022-02-21,1호선,동묘앞,5979,6286,12265
2022-02-21,1호선,서울역,37553,36039,73592
2022-02-21,1호선,시청,19281,19453,38734
2022-02-21,1호선,신설동,12592,12360,24952
2022-02-21,1호선,제기동,14798,15091,29889
2022-02-21,1호선,종각,30447,29514,59961
2022-02-21,1호선,종로3가,22017,20250,42267
2022-02-21,1호선,종로5가,20321,19222,39543
2022-02-21,1호선,청량리,17422,17620,35042
2022-02-21,2호선,강남,78182,76458,154640
2022-02-21,2호선,강변,26548,25236,51784
2022-02-21,2호선,건대입구,29971,31615,61586
2022-02-21,2호선,교대,31298,34907,66205
2022-02-21,2호선,구로디지털단지,55051,55122,110173
2022-02-21,2호선,구의,21715,21931,43646
2022-02-21,2호선,낙성대,23989,23910,47899
2022-02-21,2호선,당산,16004,18771,34775
2022-02-21,2호선,대림,22013,22443,44456
2022-02-21,2호선,도림천,1303,1358,2661
2022-02-21,2호선,동대문역사문화공원,9895,11050,20945
2022-02-21,2호선,뚝섬,19549,20923,40472
2022-02-21,2호선,문래,19433,19726,39159
2022-02-21,2호선,방배,14463,15026,29489
2022-02-21,2호선,봉천,21822,20796,42618
2022-02-21,2호선,사당,31136,34118,65254
2022-02-21,2호선,삼성,45240,45439,90679
2022-02-21,2호선,상왕십리,12867,12641,25508
2022-02-21,2호선,서울대입구,42462,42056,84518
2022-02-21,2호선,서초,19346,18790,38136
2022-02-21,2호선,선릉,53178,46813,99991
2022-02-21,2호선,성수,34663,37128,71791
2022-02-21,2호선,시청,21069,20319,41388
2022-02-21,2호선,신답,1459,1726,3185
2022-02-21,2호선,신당,12313,12643,24956
2022-02-21,2호선,신대방,24139,23707,47846
2022-02-21,2호선,신도림,41594,40887,82481
2022-02-21,2호선,신림,57564,56716,114280
2022-02-21,2호선,신설동,3120,1712,4832
2022-02-21,2호선,신정네거리,9221,9599,18820
2022-02-21,2호선,신촌,30157,30499,60656
2022-02-21,2호선,아현,8970,8872,17842
2022-02-21,2호선,양천구청,6225,6605,12830
2022-02-21,2호선,역삼,49114,54001,103115
2022-02-21,2호선,영등포구청,21579,21942,43521
2022-02-21,2호선,왕십리,13976,11339,25315
2022-02-21,2호선,용답,2490,2523,5013
2022-02-21,2호선,용두,2284,2282,4566
2022-02-21,2호선,을지로3가,19945,19800,39745
2022-02-21,2호선,을지로4가,11913,11858,23771
2022-02-21,2호선,을지로입구,34550,34934,69484
2022-02-21,2호선,이대,11336,12223,23559
2022-02-21,2호선,잠실,57702,57424,115126
2022-02-21,2호선,잠실나루,12990,12905,25895
2022-02-21,2호선,잠실새내,18709,18620,37329
2022-02-21,2호선,종합운동장,6505,6707,13212
2022-02-21,2호선,충정로,9221,9619,18840
2022-02-21,2호선,한양대,6768,7538,14306
2022-02-21,2호선,합정,26634,27307,53941
2022-02-21,2호선,홍대입구,46260,47146,93406
2022-02-21,3호선,가락시장,7985,7817,15802
2022-02-21,3호선,경복궁,16516,16199,32715
2022-02-21,3호선,경찰병원,7006,7072,14078
2022-02-21,3호선,고속터미널,33338,31632,64970
2022-02-21,3호선,교대,12869,8449,21318
2022-02-21,3호선,구파발,18318,17436,35754
2022-02-21,3호선,금호,7167,6783,13950
2022-02-21,3호선,남부터미널,26004,26260,52264
2022-02-21,3호선,녹번,13787,12722,26509
2022-02-21,3호선,대청,9316,8728,18044
2022-02-21,3호선,대치,10658,10734,21392
2022-02-21,3호선,도곡,4983,4928,9911
2022-02-21,3호선,독립문,5864,6045,11909
2022-02-21,3호선,동대입구,6132,6517,12649
2022-02-21,3호선,매봉,11623,10946,22569
2022-02-21,3호선,무악재,3560,3614,7174
2022-02-21,3호선,불광,14775,15566,30341
2022-02-21,3호선,수서,15165,15780,30945
2022-02-21,3호선,신사,28796,29860,58656
2022-02-21,3호선,안국,16980,17174,34154
2022-02-21,3호선,압구정,29511,31193,60704
2022-02-21,3호선,약수,11523,11231,22754
2022-02-21,3호선,양재,34772,37747,72519
2022-02-21,3호선,연신내,32448,31035,63483
2022-02-21,3호선,오금,5799,5202,11001
2022-02-21,3호선,옥수,7552,8135,15687
2022-02-21,3호선,을지로3가,9463,9806,19269
2022-02-21,3호선,일원,9151,9078,18229
2022-02-21,3호선,잠원,4254,4263,8517
2022-02-21,3호선,종로3가,9481,10616,20097
2022-02-21,3호선,지축,4128,4054,8182
2022-02-21,3호선,충무로,3,0,3
2022-02-21,3호선,학여울,1567,1550,3117
2022-02-21,3호선,홍제,15569,14953,30522
2022-02-21,4호선,길음,17941,17835,35776
2022-02-21,4호선,남태령,971,852,1823
2022-02-21,4호선,노원,16359,18226,34585
2022-02-21,4호선,당고개,11464,10409,21873
2022-02-21,4호선,동대문,17502,18080,35582
2022-02-21,4호선,동대문역사문화공원,13032,11751,24783
2022-02-21,4호선,동작,1156,1387,2543
2022-02-21,4호선,명동,15422,15634,31056
2022-02-21,4호선,미아,13304,13046,26350
2022-02-21,4호선,미아사거리,24261,23943,48204
2022-02-21,4호선,사당,21432,17555,38987
2022-02-21,4호선,삼각지,4141,4429,8570
2022-02-21,4호선,상계,17012,15978,32990
2022-02-21,4호선,서울역,9854,14002,23856
2022-02-21,4호선,성신여대입구,17227,16795,34022
2022-02-21,4호선,수유,30240,30568,60808
2022-02-21,4호선,숙대입구,11026,10844,21870
2022-02-21,4호선,신용산,14220,14896,29116
2022-02-21,4호선,쌍문,26305,24555,50860
2022-02-21,4호선,이촌,6201,6846,13047
2022-02-21,4호선,창동,22771,24072,46843
2022-02-21,4호선,총신대입구,16549,18048,34597
2022-02-21,4호선,충무로,23342,24081,47423
2022-02-21,4호선,한성대입구,11494,11265,22759
2022-02-21,4호선,혜화,27623,27145,54768
2022-02-21,4호선,회현,20447,21108,41555
2022-02-21,5호선,강동,17162,16358,33520
2022-02-21,5호선,강일,3534,3523,7057
2022-02-21,5호선,개롱,5773,6171,11944
2022-02-21,5호선,개화산,5127,4929,10056
2022-02-21,5호선,거여,8710,8366,17076
2022-02-21,5호선,고덕,8388,8470,16858
2022-02-21,5호선,공덕,12427,12954,25381
2022-02-21,5호선,광나루,11487,10374,21861
2022-02-21,5호선,광화문,25657,26086,51743
2022-02-21,5호선,군자,9930,10737,20667
2022-02-21,5호선,굽은다리,8564,8306,16870
2022-02-21,5호선,길동,7372,7781,15153
2022-02-21,5호선,김포공항,6808,6587,13395
2022-02-21,5호선,까치산,26590,25851,52441
2022-02-21,5호선,답십리,14579,13544,28123
2022-02-21,5호선,동대문역사문화공원,2842,3256,6098
2022-02-21,5호선,둔촌동,7818,7850,15668
2022-02-21,5호선,마곡,10155,10003,20158
2022-02-21,5호선,마장,4931,4639,9570
2022-02-21,5호선,마천,6347,6306,12653
2022-02-21,5호선,마포,13407,13740,27147
2022-02-21,5호선,명일,7747,8193,15940
2022-02-21,5호선,목동,15140,16553,31693
2022-02-21,5호선,미사,14230,14149,28379
2022-02-21,5호선,발산,18901,18907,37808
2022-02-21,5호선,방이,6419,6755,13174
2022-02-21,5호선,방화,5849,5631,11480
2022-02-21,5호선,상일동,13369,12809,26178
2022-02-21,5호선,서대문,17576,17642,35218
2022-02-21,5호선,송정,5867,5627,11494
2022-02-21,5호선,신금호,5659,6128,11787
2022-02-21,5호선,신길,3814,4204,8018
2022-02-21,5호선,신정,12823,10509,23332
2022-02-21,5호선,아차산,12686,12262,24948
2022-02-21,5호선,애오개,6085,6257,12342
2022-02-21,5호선,양평,7025,7075,14100
2022-02-21,5호선,여의나루,7533,8634,16167
2022-02-21,5호선,여의도,26332,27000,53332
2022-02-21,5호선,영등포구청,3642,3709,7351
2022-02-21,5호선,영등포시장,8924,9223,18147
2022-02-21,5호선,오금,3346,3270,6616
2022-02-21,5호선,오목교,19604,20836,40440
2022-02-21,5호선,올림픽공원,3623,3109,6732
2022-02-21,5호선,왕십리,4115,4506,8621
2022-02-21,5호선,우장산,12719,12810,25529
2022-02-21,5호선,을지로4가,5645,5640,11285
2022-02-21,5호선,장한평,16856,16897,33753
2022-02-21,5호선,종로3가,10513,10344,20857
2022-02-21,5호선,천호,15645,15586,31231
2022-02-21,5호선,청구,3654,3380,7034
2022-02-21,5호선,충정로,4458,4512,8970
2022-02-21,5호선,하남검단산,4775,4698,9473
2022-02-21,5호선,하남시청,5781,5644,11425
2022-02-21,5호선,하남풍산,3796,3865,7661
2022-02-21,5호선,행당,7363,6682,14045
2022-02-21,5호선,화곡,25935,24569,50504
2022-02-21,6호선,고려대,7204,7149,14353
2022-02-21,6호선,공덕,16654,16169,32823
2022-02-21,6호선,광흥창,8087,7971,16058
2022-02-21,6호선,구산,6907,5359,12266
2022-02-21,6호선,녹사평,3838,3833,7671
2022-02-21,6호선,대흥,7272,7784,15056
2022-02-21,6호선,독바위,2417,2611,5028
2022-02-21,6호선,돌곶이,8478,8001,16479
2022-02-21,6호선,동묘앞,6930,7180,14110
2022-02-21,6호선,디지털미디어시티,12155,13621,25776
2022-02-21,6호선,마포구청,13140,12110,25250
2022-02-21,6호선,망원,11997,12883,24880
2022-02-21,6호선,버티고개,1775,1830,3605
2022-02-21,6호선,보문,6557,6099,12656
2022-02-21,6호선,봉화산,8201,7671,15872
2022-02-21,6호선,불광,3776,3626,7402
2022-02-21,6호선,삼각지,5040,4462,9502
2022-02-21,6호선,상수,7073,7597,14670
2022-02-21,6호선,상월곡,5578,5182,10760
2022-02-21,6호선,새절,11387,10660,22047
2022-02-21,6호선,석계,11104,11727,22831
2022-02-21,6호선,신당,7007,7589,14596
2022-02-21,6호선,안암,9729,9680,19409
2022-02-21,6호선,약수,3258,3230,6488
2022-02-21,6호선,역촌,3575,4297,7872
2022-02-21,6호선,월곡,10736,10597,21333
2022-02-21,6호선,월드컵경기장,3310,3462,6772
2022-02-21,6호선,응암,16076,16092,32168
2022-02-21,6호선,이태원,7895,7831,15726
2022-02-21,6호선,증산,9147,9191,18338
2022-02-21,6호선,창신,3061,2542,5603
2022-02-21,6호선,청구,3404,3747,7151
2022-02-21,6호선,태릉입구,4856,5332,10188
2022-02-21,6호선,한강진,6102,6962,13064
2022-02-21,6호선,합정,11102,10693,21795
2022-02-21,6호선,화랑대,10605,8305,18910
2022-02-21,6호선,효창공원앞,6183,5643,11826
2022-02-21,7호선,가산디지털단지,44242,44035,88277
2022-02-21,7호선,강남구청,15037,16511,31548
2022-02-21,7호선,건대입구,10742,11104,21846
2022-02-21,7호선,고속터미널,14185,11657,25842
2022-02-21,7호선,공릉,11374,11268,22642
2022-02-21,7호선,광명사거리,20093,19861,39954
2022-02-21,7호선,군자,13657,11129,24786
2022-02-21,7호선,남구로,15346,15978,31324
2022-02-21,7호선,남성,10102,9578,19680
2022-02-21,7호선,내방,13392,13653,27045
2022-02-21,7호선,노원,17966,18474,36440
2022-02-21,7호선,논현,19316,21048,40364
2022-02-21,7호선,대림,7108,7127,14235
2022-02-21,7호선,도봉산,8018,9208,17226
2022-02-21,7호선,뚝섬유원지,6350,6223,12573
2022-02-21,7호선,마들,11544,11269,22813
2022-02-21,7호선,먹골,9362,9212,18574
2022-02-21,7호선,면목,13952,13860,27812
2022-02-21,7호선,반포,5163,5013,10176
2022-02-21,7호선,보라매,8859,8759,17618
2022-02-21,7호선,사가정,14708,14899,29607
2022-02-21,7호선,삼산체육관,1,0,1
2022-02-21,7호선,상도,9464,9362,18826
2022-02-21,7호선,상봉,15337,14242,29579
2022-02-21,7호선,수락산,11248,11183,22431
2022-02-21,7호선,숭실대입구,10393,10805,21198
2022-02-21,7호선,신대방삼거리,15083,14833,29916
2022-02-21,7호선,신풍,10522,10150,20672
2022-02-21,7호선,어린이대공원,11157,11269,22426
2022-02-21,7호선,온수,9283,8606,17889
2022-02-21,7호선,용마산,5493,5341,10834
2022-02-21,7호선,이수,14052,13676,27728
2022-02-21,7호선,장승배기,8493,8308,16801
2022-02-21,7호선,장암,2055,739,2794
2022-02-21,7호선,중계,12679,11695,24374
2022-02-21,7호선,중곡,10073,9593,19666
2022-02-21,7호선,중화,9951,9847,19798
2022-02-21,7호선,천왕,10446,9998,20444
2022-02-21,7호선,철산,18866,19219,38085
2022-02-21,7호선,청담,17869,19801,37670
2022-02-21,7호선,춘의,1,0,1
2022-02-21,7호선,태릉입구,7469,7103,14572
2022-02-21,7호선,하계,15634,14731,30365
2022-02-21,7호선,학동,22936,24026,46962
2022-02-21,8호선,가락시장,6910,7643,14553
2022-02-21,8호선,강동구청,9854,10192,20046
2022-02-21,8호선,남위례,3726,3957,7683
2022-02-21,8호선,남한산성입구,12275,11404,23679
2022-02-21,8호선,단대오거리,9555,9346,18901
2022-02-21,8호선,모란,3910,2983,6893
2022-02-21,8호선,몽촌토성,5547,5556,11103
2022-02-21,8호선,문정,21391,22448,43839
2022-02-21,8호선,복정,8241,7171,15412
2022-02-21,8호선,산성,4658,4733,9391
2022-02-21,8호선,석촌,7066,7936,15002
2022-02-21,8호선,송파,6724,6946,13670
2022-02-21,8호선,수진,4874,4535,9409
2022-02-21,8호선,신흥,3851,4216,8067
2022-02-21,8호선,암사,17414,15586,33000
2022-02-21,8호선,잠실,12419,14192,26611
2022-02-21,8호선,장지,15188,15024,30212
2022-02-21,8호선,천호,13303,15115,28418
2022-02-21,9호선,가양,18669,18038,36707
2022-02-21,9호선,개화,2275,1659,3934
2022-02-21,9호선,고속터미널,10216,13025,23241
2022-02-21,9호선,공항시장,2768,2992,5760
2022-02-21,9호선,구반포,1193,1290,2483
2022-02-21,9호선,국회의사당,15382,15815,31197
2022-02-21,9호선,김포공항,6514,10858,17372
2022-02-21,9호선,노들,3912,3400,7312
2022-02-21,9호선,노량진,23091,22455,45546
2022-02-21,9호선,당산,16156,16512,32668
2022-02-21,9호선,동작,1786,1413,3199
2022-02-21,9호선,등촌,10606,10447,21053
2022-02-21,9호선,마곡나루,10590,10560,21150
2022-02-21,9호선,사평,3174,3158,6332
2022-02-21,9호선,샛강,5404,5594,10998
2022-02-21,9호선,선유도,8099,7788,15887
2022-02-21,9호선,신논현,28711,28436,57147
2022-02-21,9호선,신목동,3588,3209,6797
2022-02-21,9호선,신반포,2861,2760,5621
2022-02-21,9호선,신방화,6208,6094,12302
2022-02-21,9호선,양천향교,8899,8674,17573
2022-02-21,9호선,여의도,24816,23995,48811
2022-02-21,9호선,염창,15491,15151,30642
2022-02-21,9호선,증미,6707,6828,13535
2022-02-21,9호선,흑석,7327,7716,15043
2022-02-21,9호선2~3단계,둔촌오륜,974,920,1894
2022-02-21,9호선2~3단계,봉은사,13974,14211,28185
2022-02-21,9호선2~3단계,삼성중앙,6273,6612,12885
2022-02-21,9호선2~3단계,삼전,6558,6451,13009
2022-02-21,9호선2~3단계,석촌,7556,6759,14315
2022-02-21,9호선2~3단계,석촌고분,5685,5732,11417
2022-02-21,9호선2~3단계,선정릉,8936,9708,18644
2022-02-21,9호선2~3단계,송파나루,4555,4758,9313
2022-02-21,9호선2~3단계,언주,10036,10401,20437
2022-02-21,9호선2~3단계,올림픽공원,5025,4991,10016
2022-02-21,9호선2~3단계,종합운동장,3779,3759,7538
2022-02-21,9호선2~3단계,중앙보훈병원,10012,8834,18846
2022-02-21,9호선2~3단계,한성백제,2329,2098,4427
2022-02-21,경강선,경기광주,6882,6647,13529
2022-02-21,경강선,곤지암,1918,1933,3851
2022-02-21,경강선,부발,1710,1729,3439
2022-02-21,경강선,삼동,2127,1984,4111
2022-02-21,경강선,세종대왕릉,285,265,550
2022-02-21,경강선,신둔도예촌,1161,1138,2299
2022-02-21,경강선,여주,1665,1626,3291
2022-02-21,경강선,이매,922,784,1706
2022-02-21,경강선,이천,2183,2310,4493
2022-02-21,경강선,초월,2772,2755,5527
2022-02-21,경강선,판교,4296,4150,8446
2022-02-21,경부선,가산디지털단지,17362,20126,37488
2022-02-21,경부선,관악,6381,5979,12360
2022-02-21,경부선,광명,3128,2655,5783
2022-02-21,경부선,구로,17284,17252,34536
2022-02-21,경부선,군포,7296,7385,14681
2022-02-21,경부선,금정,23903,24450,48353
2022-02-21,경부선,금천구청,10891,10793,21684
2022-02-21,경부선,남영,7893,8304,16197
2022-02-21,경부선,노량진,6823,7021,13844
2022-02-21,경부선,당정,5697,5439,11136
2022-02-21,경부선,대방,11724,12145,23869
2022-02-21,경부선,독산,17592,18581,36173
2022-02-21,경부선,두정,4252,4315,8567
2022-02-21,경부선,명학,8407,8275,16682
2022-02-21,경부선,병점,12299,12191,24490
2022-02-21,경부선,서동탄,1249,1067,2316
2022-02-21,경부선,서울역,5605,1819,7424
2022-02-21,경부선,서정리,5722,5602,11324
2022-02-21,경부선,석수,8661,7876,16537
2022-02-21,경부선,성균관대,12837,12863,25700
2022-02-21,경부선,성환,2688,2839,5527
2022-02-21,경부선,세류,2619,2383,5002
2022-02-21,경부선,세마,2407,2296,4703
2022-02-21,경부선,송탄,3781,3781,7562
2022-02-21,경부선,수원,28654,30353,59007
2022-02-21,경부선,신길,8118,6808,14926
2022-02-21,경부선,신도림,3819,3534,7353
2022-02-21,경부선,안양,18608,18729,37337
2022-02-21,경부선,영등포,31981,32723,64704
2022-02-21,경부선,오산,8119,8278,16397
2022-02-21,경부선,오산대,2910,2640,5550
2022-02-21,경부선,용산,28314,28612,56926
2022-02-21,경부선,의왕,8160,8186,16346
2022-02-21,경부선,직산,657,635,1292
2022-02-21,경부선,진위,1438,1264,2702
2022-02-21,경부선,천안,4112,4381,8493
2022-02-21,경부선,평택,9829,9888,19717
2022-02-21,경부선,평택지제,3116,2949,6065
2022-02-21,경부선,화서,7080,6826,13906
2022-02-21,경원선,가능,5791,5669,11460
2022-02-21,경원선,광운대,6785,6574,13359
2022-02-21,경원선,녹양,3971,3790,7761
2022-02-21,경원선,녹천,4259,3595,7854
2022-02-21,경원선,덕계,2765,2417,5182
2022-02-21,경원선,덕정,4683,4651,9334
2022-02-21,경원선,도봉,5454,5210,10664
2022-02-21,경원선,도봉산,6302,3837,10139
2022-02-21,경원선,동두천,1829,1917,3746
2022-02-21,경원선,동두천중앙,2679,2520,5199
2022-02-21,경원선,망월사,6524,6691,13215
2022-02-21,경원선,방학,8722,8617,17339
2022-02-21,경원선,보산,1324,1332,2656
2022-02-21,경원선,서빙고,1679,1576,3255
2022-02-21,경원선,석계,7189,8211,15400
2022-02-21,경원선,소요산,1890,1635,3525
2022-02-21,경원선,신이문,7684,7232,14916
2022-02-21,경원선,양주,6609,6265,12874
2022-02-21,경원선,옥수,41,31,72
2022-02-21,경원선,왕십리,11811,13125,24936
2022-02-21,경원선,외대앞,6402,6499,12901
2022-02-21,경원선,월계,5574,5395,10969
2022-02-21,경원선,응봉,1632,1418,3050
2022-02-21,경원선,의정부,16307,16440,32747
2022-02-21,경원선,이촌,3195,2552,5747
2022-02-21,경원선,지행,5517,5402,10919
2022-02-21,경원선,청량리,12719,12806,25525
2022-02-21,경원선,한남,3660,3486,7146
2022-02-21,경원선,회룡,11082,10951,22033
2022-02-21,경의선,가좌,4609,4588,9197
2022-02-21,경의선,강매,2949,2548,5497
2022-02-21,경의선,곡산,521,523,1044
2022-02-21,경의선,공덕,3116,2787,5903
2022-02-21,경의선,금릉,4222,3910,8132
2022-02-21,경의선,금촌,6005,5995,12000
2022-02-21,경의선,능곡,3396,3052,6448
2022-02-21,경의선,디지털미디어시티,2195,2045,4240
2022-02-21,경의선,문산,4399,4392,8791
2022-02-21,경의선,백마,6332,6130,12462
2022-02-21,경의선,서강대,2045,1911,3956
2022-02-21,경의선,서울역,3812,4764,8576
2022-02-21,경의선,수색,2773,2859,5632
2022-02-21,경의선,신촌,797,986,1783
2022-02-21,경의선,야당,6591,6406,12997
2022-02-21,경의선,운정,6262,5743,12005
2022-02-21,경의선,월롱,2104,2146,4250
2022-02-21,경의선,일산,8177,8068,16245
2022-02-21,경의선,임진강,3,3,6
2022-02-21,경의선,탄현,7069,6747,13816
2022-02-21,경의선,파주,845,644,1489
2022-02-21,경의선,풍산,4854,4613,9467
2022-02-21,경의선,행신,6726,7004,13730
2022-02-21,경의선,홍대입구,1386,1688,3074
2022-02-21,경의선,화전,1297,1197,2494
2022-02-21,경의선,효창공원앞,2704,3105,5809
2022-02-21,경인선,간석,5213,5017,10230
2022-02-21,경인선,개봉,19372,19457,38829
2022-02-21,경인선,구일,5362,5466,10828
2022-02-21,경인선,도원,2061,2164,4225
2022-02-21,경인선,도화,3625,3327,6952
2022-02-21,경인선,동암,12873,12881,25754
2022-02-21,경인선,동인천,12004,11168,23172
2022-02-21,경인선,백운,6054,5978,12032
2022-02-21,경인선,부개,7702,7291,14993
2022-02-21,경인선,부천,28975,28660,57635
2022-02-21,경인선,부평,25762,26722,52484
2022-02-21,경인선,소사,7747,7497,15244
2022-02-21,경인선,송내,23556,23392,46948
2022-02-21,경인선,역곡,24383,24289,48672
2022-02-21,경인선,오류동,10756,10237,20993
2022-02-21,경인선,온수,5711,5600,11311
2022-02-21,경인선,인천,2672,2130,4802
2022-02-21,경인선,제물포,9187,8620,17807
2022-02-21,경인선,주안,16249,14682,30931
2022-02-21,경인선,중동,8493,7932,16425
2022-02-21,경춘선,가평,1322,1395,2717
2022-02-21,경춘선,갈매,2691,2359,5050
2022-02-21,경춘선,강촌,299,308,607
2022-02-21,경춘선,굴봉산,102,118,220
2022-02-21,경춘선,금곡,1303,1205,2508
2022-02-21,경춘선,김유정,226,204,430
2022-02-21,경춘선,남춘천,1878,1991,3869
2022-02-21,경춘선,대성리,380,391,771
2022-02-21,경춘선,마석,3222,3174,6396
2022-02-21,경춘선,백양리,308,254,562
2022-02-21,경춘선,별내,2987,2841,5828
2022-02-21,경춘선,사릉,2994,2768,5762
2022-02-21,경춘선,상천,181,152,333
2022-02-21,경춘선,신내,1865,1748,3613
2022-02-21,경춘선,천마산,1444,1308,2752
2022-02-21,경춘선,청평,1347,1256,2603
2022-02-21,경춘선,춘천,1009,930,1939
2022-02-21,경춘선,퇴계원,3269,3046,6315
2022-02-21,경춘선,평내호평,5495,5235,10730
2022-02-21,공항철도,검암,6001,5876,11877
2022-02-21,공항철도,계양,9165,8591,17756
2022-02-21,공항철도,공덕,2067,2621,4688
2022-02-21,공항철도,공항화물청사,2132,2321,4453
2022-02-21,공항철도,김포공항,11283,5883,17166
2022-02-21,공항철도,디지털미디어시티,13484,12058,25542
2022-02-21,공항철도,마곡나루,7847,7617,15464
2022-02-21,공항철도,서울역,6618,6152,12770
2022-02-21,공항철도,영종,2737,2694,5431
2022-02-21,공항철도,운서,5653,5937,11590
2022-02-21,공항철도,인천공항1터미널,3023,3083,6106
2022-02-21,공항철도,인천공항2터미널,1893,1808,3701
2022-02-21,공항철도,청라국제도시,6115,5774,11889
2022-02-21,공항철도,홍대입구,8381,8293,16674
2022-02-21,과천선,경마공원,764,747,1511
2022-02-21,과천선,과천,5472,5195,10667
2022-02-21,과천선,대공원,1623,1722,3345
2022-02-21,과천선,범계,22991,22775,45766
2022-02-21,과천선,선바위,7140,6326,13466
2022-02-21,과천선,인덕원,21828,22742,44570
2022-02-21,과천선,정부과천청사,9371,9501,18872
2022-02-21,과천선,평촌,16501,16124,32625
2022-02-21,분당선,가천대,5840,6746,12586
2022-02-21,분당선,강남구청,9400,10474,19874
2022-02-21,분당선,개포동,3322,3492,6814
2022-02-21,분당선,구룡,1751,1720,3471
2022-02-21,분당선,구성,4457,4781,9238
2022-02-21,분당선,기흥,8719,8374,17093
2022-02-21,분당선,대모산입구,4188,3855,8043
2022-02-21,분당선,도곡,6368,6411,12779
2022-02-21,분당선,망포,12917,12376,25293
2022-02-21,분당선,매교,2689,2677,5366
2022-02-21,분당선,매탄권선,4421,4349,8770
2022-02-21,분당선,모란,17645,17943,35588
2022-02-21,분당선,미금,14058,15166,29224
2022-02-21,분당선,보정,2150,1912,4062
2022-02-21,분당선,상갈,4683,4609,9292
2022-02-21,분당선,서울숲,8866,8933,17799
2022-02-21,분당선,서현,22321,22361,44682
2022-02-21,분당선,선릉,12507,18872,31379
2022-02-21,분당선,선정릉,7784,8194,15978
2022-02-21,분당선,수내,12334,12218,24552
2022-02-21,분당선,수서,12372,12447,24819
2022-02-21,분당선,수원,7027,5928,12955
2022-02-21,분당선,수원시청,11586,12194,23780
2022-02-21,분당선,신갈,4012,3995,8007
2022-02-21,분당선,압구정로데오,15910,17028,32938
2022-02-21,분당선,야탑,23720,24302,48022
2022-02-21,분당선,영통,7375,7388,14763
2022-02-21,분당선,오리,10751,8928,19679
2022-02-21,분당선,이매,4905,4841,9746
2022-02-21,분당선,정자,15523,16318,31841
2022-02-21,분당선,죽전,11580,12556,24136
2022-02-21,분당선,청명,3708,3684,7392
2022-02-21,분당선,태평,12353,11979,24332
2022-02-21,분당선,한티,13312,14373,27685
2022-02-21,수인선,고색,4372,4149,8521
2022-02-21,수인선,남동인더스파크,2147,2401,4548
2022-02-21,수인선,달월,92,57,149
2022-02-21,수인선,사리,4033,3548,7581
2022-02-21,수인선,소래포구,3816,3483,7299
2022-02-21,수인선,송도,2166,1959,4125
2022-02-21,수인선,숭의,3508,3357,6865
2022-02-21,수인선,신포,1533,1514,3047
2022-02-21,수인선,야목,287,235,522
2022-02-21,수인선,어천,541,626,1167
2022-02-21,수인선,연수,3834,3743,7577
2022-02-21,수인선,오목천,2382,2347,4729
2022-02-21,수인선,원인재,3975,4189,8164
2022-02-21,수인선,월곶,2211,2007,4218
2022-02-21,수인선,인천,923,1394,2317
2022-02-21,수인선,인천논현,4809,5095,9904
2022-02-21,수인선,인하대,4924,4727,9651
2022-02-21,수인선,호구포,3700,3822,7522
2022-02-21,안산선,고잔,7922,7388,15310
2022-02-21,안산선,대야미,4315,3922,8237
2022-02-21,안산선,반월,3765,3645,7410
2022-02-21,안산선,산본,13981,15082,29063
2022-02-21,안산선,상록수,13988,14095,28083
2022-02-21,안산선,수리산,3726,3096,6822
2022-02-21,안산선,신길온천,1508,1321,2829
2022-02-21,안산선,안산,10393,9505,19898
2022-02-21,안산선,오이도,7141,6883,14024
2022-02-21,안산선,정왕,6729,7227,13956
2022-02-21,안산선,중앙,15226,15823,31049
2022-02-21,안산선,초지,4026,4198,8224
2022-02-21,안산선,한대앞,7802,7796,15598
2022-02-21,우이신설선,4.19민주묘지,2516,2372,4888
2022-02-21,우이신설선,가오리,3772,3785,7557
2022-02-21,우이신설선,보문,1411,1414,2825
2022-02-21,우이신설선,북한산보국문,5272,5281,10553
2022-02-21,우이신설선,북한산우이,2145,1914,4059
2022-02-21,우이신설선,삼양,1813,1980,3793
2022-02-21,우이신설선,삼양사거리,2212,2283,4495
2022-02-21,우이신설선,성신여대입구,2933,3116,6049
2022-02-21,우이신설선,솔밭공원,2186,2102,4288
2022-02-21,우이신설선,솔샘,5337,5071,10408
2022-02-21,우이신설선,신설동,1976,1892,3868
2022-02-21,우이신설선,정릉,4232,3951,8183
2022-02-21,우이신설선,화계,3103,2951,6054
2022-02-21,일산선,대곡,1819,1415,3234
2022-02-21,일산선,대화,11384,9088,20472
2022-02-21,일산선,마두,6853,6979,13832
2022-02-21,일산선,백석,8912,9064,17976
2022-02-21,일산선,삼송,17499,17071,34570
2022-02-21,일산선,원당,9957,9438,19395
2022-02-21,일산선,원흥,9241,8966,18207
2022-02-21,일산선,정발산,6397,6397,12794
2022-02-21,일산선,주엽,8255,8114,16369
2022-02-21,일산선,화정,15335,15771,31106
2022-02-21,장항선,배방,869,870,1739
2022-02-21,장항선,봉명,1036,1032,2068
2022-02-21,장항선,신창,905,914,1819
2022-02-21,장항선,쌍용,1573,1420,2993
2022-02-21,장항선,아산,2543,2258,4801
2022-02-21,장항선,온양온천,2979,3023,6002
2022-02-21,장항선,탕정,531,494,1025
2022-02-21,중앙선,구리,12134,12169,24303
2022-02-21,중앙선,국수,528,544,1072
2022-02-21,중앙선,덕소,4923,4956,9879
2022-02-21,중앙선,도농,9360,8578,17938
2022-02-21,중앙선,도심,2098,1641,3739
2022-02-21,중앙선,망우,6693,6656,13349
2022-02-21,중앙선,상봉,5125,5126,10251
2022-02-21,중앙선,신원,167,151,318
2022-02-21,중앙선,아신,423,473,896
2022-02-21,중앙선,양수,1487,1434,2921
2022-02-21,중앙선,양원,2123,2031,4154
2022-02-21,중앙선,양정,663,554,1217
2022-02-21,중앙선,양평,2320,2264,4584
2022-02-21,중앙선,오빈,234,221,455
2022-02-21,중앙선,용문,1307,1250,2557
2022-02-21,중앙선,운길산,487,454,941
2022-02-21,중앙선,원덕,295,279,574
2022-02-21,중앙선,중랑,4963,4773,9736
2022-02-21,중앙선,지평,65,52,117
2022-02-21,중앙선,팔당,653,720,1373
2022-02-21,중앙선,회기,21634,21072,42706
2022-02-22,1호선,동대문,9552,8926,18478
2022-02-22,1호선,동묘앞,6033,6571,12604
2022-02-22,1호선,서울역,37054,35325,72379
2022-02-22,1호선,시청,20259,20377,40636
2022-02-22,1호선,신설동,12214,11992,24206
2022-02-22,1호선,제기동,14557,14695,29252
2022-02-22,1호선,종각,30255,29544,59799
2022-02-22,1호선,종로3가,21815,20056,41871
2022-02-22,1호선,종로5가,20274,20064,40338
2022-02-22,1호선,청량리,17344,17412,34756
2022-02-22,2호선,강남,78965,77437,156402
2022-02-22,2호선,강변,26111,25023,51134
2022-02-22,2호선,건대입구,30808,32777,63585
2022-02-22,2호선,교대,32199,36198,68397
2022-02-22,2호선,구로디지털단지,55154,55393,110547
2022-02-22,2호선,구의,22287,22052,44339
2022-02-22,2호선,낙성대,24471,23928,48399
2022-02-22,2호선,당산,16235,18908,35143
2022-02-22,2호선,대림,21787,22384,44171
2022-02-22,2호선,도림천,1258,1308,2566
2022-02-22,2호선,동대문역사문화공원,9825,11036,20861
2022-02-22,2호선,뚝섬,20100,21544,41644
2022-02-22,2호선,문래,19796,20089,39885
2022-02-22,2호선,방배,15743,16518,32261
2022-02-22,2호선,봉천,21818,20581,42399
2022-02-22,2호선,사당,32628,35529,68157
2022-02-22,2호선,삼성,46680,46928,93608
2022-02-22,2호선,상왕십리,12977,12911,25888
2022-02-22,2호선,서울대입구,43014,41858,84872
2022-02-22,2호선,서초,20177,19843,40020
2022-02-22,2호선,선릉,52905,47135,100040
2022-02-22,2호선,성수,35307,37921,73228
2022-02-22,2호선,시청,21815,20778,42593
2022-02-22,2호선,신답,1514,1746,3260
2022-02-22,2호선,신당,12587,13283,25870
2022-02-22,2호선,신대방,24172,23758,47930
2022-02-22,2호선,신도림,41242,40510,81752
2022-02-22,2호선,신림,58060,56323,114383
2022-02-22,2호선,신설동,3116,1713,4829
2022-02-22,2호선,신정네거리,9359,9716,19075
2022-02-22,2호선,신촌,29049,29384,58433
2022-02-22,2호선,아현,8900,8756,17656
2022-02-22,2호선,양천구청,6231,6676,12907
2022-02-22,2호선,역삼,50570,55935,106505
2022-02-22,2호선,영등포구청,21698,21926,43624
2022-02-22,2호선,왕십리,14500,11861,26361
2022-02-22,2호선,용답,2437,2471,4908
2022-02-22,2호선,용두,2238,2230,4468
2022-02-22,2호선,을지로3가,20141,19772,39913
2022-02-22,2호선,을지로4가,12130,12084,24214
2022-02-22,2호선,을지로입구,34897,35836,70733
2022-02-22,2호선,이대,11531,12271,23802
2022-02-22,2호선,잠실,59771,58955,118726
2022-02-22,2호선,잠실나루,13333,12932,26265
2022-02-22,2호선,잠실새내,18888,18791,37679
2022-02-22,2호선,종합운동장,6536,6886,13422
2022-02-22,2호선,충정로,9238,9708,18946
2022-02-22,2호선,한양대,6958,7984,14942
2022-02-22,2호선,합정,27269,27997,55266
2022-02-22,2호선,홍대입구,46931,47679,94610
2022-02-22,3호선,가락시장,8054,7773,15827
2022-02-22,3호선,경복궁,17116,16631,33747
2022-02-22,3호선,경찰병원,7025,7003,14028
2022-02-22,3호선,고속터미널,33806,32433,66239
2022-02-22,3호선,교대,13073,8550,21623
2022-02-22,3호선,구파발,18820,17711,36531
2022-02-22,3호선,금호,7244,6893,14137
2022-02-22,3호선,남부터미널,26501,26883,53384
2022-02-22,3호선,녹번,14294,13053,27347
2022-02-22,3호선,대청,9023,8445,17468
2022-02-22,3호선,대치,10685,10652,21337
2022-02-22,3호선,도곡,4804,4823,9627
2022-02-22,3호선,독립문,6181,6364,12545
2022-02-22,3호선,동대입구,6980,7509,14489
2022-02-22,3호선,매봉,11637,11120,22757
2022-02-22,3호선,무악재,3624,3678,7302
2022-02-22,3호선,불광,14623,15484,30107
2022-02-22,3호선,수서,14779,15176,29955
2022-02-22,3호선,신사,29599,30043,59642
2022-02-22,3호선,안국,17753,18014,35767
2022-02-22,3호선,압구정,29839,31683,61522
2022-02-22,3호선,약수,11734,11231,22965
2022-02-22,3호선,양재,35546,38301,73847
2022-02-22,3호선,연신내,32773,31427,64200
2022-02-22,3호선,오금,5699,5180,10879
2022-02-22,3호선,옥수,7928,8250,16178
2022-02-22,3호선,을지로3가,9725,9689,19414
2022-02-22,3호선,일원,9365,8904,18269
2022-02-22,3호선,잠원,4265,4291,8556
2022-02-22,3호선,종로3가,9608,10743,20351
2022-02-22,3호선,지축,4091,4022,8113
2022-02-22,3호선,충무로,1,0,1
2022-02-22,3호선,학여울,1600,1624,3224
2022-02-22,3호선,홍제,15609,15108,30717
2022-02-22,4호선,길음,18019,17919,35938
2022-02-22,4호선,남태령,1044,917,1961
2022-02-22,4호선,노원,16410,18457,34867
2022-02-22,4호선,당고개,11440,10688,22128
2022-02-22,4호선,동대문,17459,17914,35373
2022-02-22,4호선,동대문역사문화공원,13110,11798,24908
2022-02-22,4호선,동작,1167,1335,2502
2022-02-22,4호선,명동,15620,15999,31619
2022-02-22,4호선,미아,13230,13031,26261
2022-02-22,4호선,미아사거리,24276,23751,48027
2022-02-22,4호선,사당,22514,18066,40580
2022-02-22,4호선,삼각지,4288,4697,8985
2022-02-22,4호선,상계,17095,16069,33164
2022-02-22,4호선,서울역,10022,14205,24227
2022-02-22,4호선,성신여대입구,17452,16959,34411
2022-02-22,4호선,수유,30617,30780,61397
2022-02-22,4호선,숙대입구,11380,11105,22485
2022-02-22,4호선,신용산,14376,15080,29456
2022-02-22,4호선,쌍문,26437,24670,51107
2022-02-22,4호선,이촌,6597,7252,13849
2022-02-22,4호선,창동,22916,24453,47369
2022-02-22,4호선,총신대입구,16698,18277,34975
2022-02-22,4호선,충무로,24905,25419,50324
2022-02-22,4호선,한성대입구,11919,11713,23632
2022-02-22,4호선,혜화,29700,29048,58748
2022-02-22,4호선,회현,21156,21893,43049
2022-02-22,5호선,강동,17194,17141,34335
2022-02-22,5호선,강일,3421,3449,6870
2022-02-22,5호선,개롱,5784,6063,11847
2022-02-22,5호선,개화산,5208,5070,10278
2022-02-22,5호선,거여,8741,8245,16986
2022-02-22,5호선,고덕,8279,8319,16598
2022-02-22,5호선,공덕,12342,13093,25435
2022-02-22,5호선,광나루,11735,10715,22450
2022-02-22,5호선,광화문,26200,26972,53172
2022-02-22,5호선,군자,10328,11231,21559
2022-02-22,5호선,굽은다리,8576,7945,16521
2022-02-22,5호선,길동,7244,7463,14707
2022-02-22,5호선,김포공항,6656,6441,13097
2022-02-22,5호선,까치산,26548,25804,52352
2022-02-22,5호선,답십리,14629,13706,28335
2022-02-22,5호선,동대문역사문화공원,2745,3235,5980
2022-02-22,5호선,둔촌동,7995,8053,16048
2022-02-22,5호선,마곡,10182,10061,20243
2022-02-22,5호선,마장,5000,4744,9744
2022-02-22,5호선,마천,6417,6255,12672
2022-02-22,5호선,마포,13542,14028,27570
2022-02-22,5호선,명일,7739,7879,15618
2022-02-22,5호선,목동,15291,16706,31997
2022-02-22,5호선,미사,14290,14176,28466
2022-02-22,5호선,발산,19107,19259,38366
2022-02-22,5호선,방이,6541,6793,13334
2022-02-22,5호선,방화,5887,5814,11701
2022-02-22,5호선,상일동,13545,12658,26203
2022-02-22,5호선,서대문,17080,17519,34599
2022-02-22,5호선,송정,6102,5820,11922
2022-02-22,5호선,신금호,5545,5944,11489
2022-02-22,5호선,신길,3817,4130,7947
2022-02-22,5호선,신정,12892,10694,23586
2022-02-22,5호선,아차산,13109,12813,25922
2022-02-22,5호선,애오개,6205,6337,12542
2022-02-22,5호선,양평,6982,7040,14022
2022-02-22,5호선,여의나루,7636,8477,16113
2022-02-22,5호선,여의도,26579,27352,53931
2022-02-22,5호선,영등포구청,3659,3764,7423
2022-02-22,5호선,영등포시장,9205,9509,18714
2022-02-22,5호선,오금,3361,3517,6878
2022-02-22,5호선,오목교,19821,20974,40795
2022-02-22,5호선,올림픽공원,3732,3282,7014
2022-02-22,5호선,왕십리,4106,4670,8776
2022-02-22,5호선,우장산,12831,12794,25625
2022-02-22,5호선,을지로4가,5713,5720,11433
2022-02-22,5호선,장한평,17150,17215,34365
2022-02-22,5호선,종로3가,10695,10372,21067
2022-02-22,5호선,천호,15936,15768,31704
2022-02-22,5호선,청구,3827,3460,7287
2022-02-22,5호선,충정로,4392,4492,8884
2022-02-22,5호선,하남검단산,4817,4575,9392
2022-02-22,5호선,하남시청,5846,5805,11651
2022-02-22,5호선,하남풍산,4088,3952,8040
2022-02-22,5호선,행당,7423,6639,14062
2022-02-22,5호선,화곡,26196,24487,50683
2022-02-22,6호선,고려대,6998,6919,13917
2022-02-22,6호선,공덕,16867,16199,33066
2022-02-22,6호선,광흥창,8202,8099,16301
2022-02-22,6호선,구산,6908,5447,12355
2022-02-22,6호선,녹사평,4051,4022,8073
2022-02-22,6호선,대흥,7027,7421,14448
2022-02-22,6호선,독바위,2470,2612,5082
2022-02-22,6호선,돌곶이,8488,8062,16550
2022-02-22,6호선,동묘앞,7037,7199,14236
2022-02-22,6호선,디지털미디어시티,12431,13739,26170
2022-02-22,6호선,마포구청,13259,12114,25373
2022-02-22,6호선,망원,12302,13103,25405
2022-02-22,6호선,버티고개,1772,1885,3657
2022-02-22,6호선,보문,6560,6201,12761
2022-02-22,6호선,봉화산,8269,7740,16009
2022-02-22,6호선,불광,3926,3760,7686
2022-02-22,6호선,삼각지,5443,4926,10369
2022-02-22,6호선,상수,7588,8133,15721
2022-02-22,6호선,상월곡,5609,5101,10710
2022-02-22,6호선,새절,11714,10904,22618
2022-02-22,6호선,석계,11231,11843,23074
2022-02-22,6호선,신당,7692,7998,15690
2022-02-22,6호선,안암,9455,9336,18791
2022-02-22,6호선,약수,3231,3246,6477
2022-02-22,6호선,역촌,3584,4296,7880
2022-02-22,6호선,월곡,10563,10537,21100
2022-02-22,6호선,월드컵경기장,3510,3760,7270
2022-02-22,6호선,응암,16183,16135,32318
2022-02-22,6호선,이태원,8100,7960,16060
2022-02-22,6호선,증산,9368,9424,18792
2022-02-22,6호선,창신,3148,2645,5793
2022-02-22,6호선,청구,3465,3783,7248
2022-02-22,6호선,태릉입구,4952,5325,10277
2022-02-22,6호선,한강진,6617,7594,14211
2022-02-22,6호선,합정,11355,11033,22388
2022-02-22,6호선,화랑대,10576,8334,18910
2022-02-22,6호선,효창공원앞,6385,5844,12229
2022-02-22,7호선,가산디지털단지,44263,44012,88275
2022-02-22,7호선,강남구청,15503,16986,32489
2022-02-22,7호선,건대입구,11268,11555,22823
2022-02-22,7호선,고속터미널,13668,11529,25197
2022-02-22,7호선,공릉,11485,11376,22861
2022-02-22,7호선,광명사거리,20190,20047,40237
2022-02-22,7호선,군자,13839,11423,25262
2022-02-22,7호선,남구로,15221,15899,31120
2022-02-22,7호선,남성,10347,9796,20143
2022-02-22,7호선,내방,13747,13950,27697
2022-02-22,7호선,노원,18262,18571,36833
2022-02-22,7호선,논현,19495,20968,40463
2022-02-22,7호선,대림,7167,7097,14264
2022-02-22,7호선,도봉산,8012,9230,17242
2022-02-22,7호선,뚝섬유원지,6430,6385,12815
2022-02-22,7호선,마들,11773,11532,23305
2022-02-22,7호선,먹골,9371,9424,18795
2022-02-22,7호선,면목,14257,13936,28193
2022-02-22,7호선,반포,5353,5022,10375
2022-02-22,7호선,보라매,9032,9054,18086
2022-02-22,7호선,부평구청,1,0,1
2022-02-22,7호선,사가정,14587,14735,29322
2022-02-22,7호선,상도,9699,9532,19231
2022-02-22,7호선,상봉,15648,14541,30189
2022-02-22,7호선,수락산,11322,11063,22385
2022-02-22,7호선,숭실대입구,10556,10935,21491
2022-02-22,7호선,신대방삼거리,15418,14934,30352
2022-02-22,7호선,신풍,10633,10286,20919
2022-02-22,7호선,어린이대공원,11518,11470,22988
2022-02-22,7호선,온수,9253,8645,17898
2022-02-22,7호선,용마산,5543,5438,10981
2022-02-22,7호선,이수,14402,13971,28373
2022-02-22,7호선,장승배기,8459,8466,16925
2022-02-22,7호선,장암,2008,750,2758
2022-02-22,7호선,중계,12782,11715,24497
2022-02-22,7호선,중곡,10279,9720,19999
2022-02-22,7호선,중화,10049,10021,20070
2022-02-22,7호선,천왕,10472,9937,20409
2022-02-22,7호선,철산,18727,19245,37972
2022-02-22,7호선,청담,18312,20446,38758
2022-02-22,7호선,태릉입구,7691,7171,14862
2022-02-22,7호선,하계,15808,15132,30940
2022-02-22,7호선,학동,23347,24583,47930
2022-02-22,8호선,가락시장,6922,7530,14452
2022-02-22,8호선,강동구청,9825,10298,20123
2022-02-22,8호선,남위례,3727,3937,7664
2022-02-22,8호선,남한산성입구,12251,11430,23681
2022-02-22,8호선,단대오거리,9696,9413,19109
2022-02-22,8호선,모란,3956,3080,7036
2022-02-22,8호선,몽촌토성,5512,5567,11079
2022-02-22,8호선,문정,21410,22467,43877
2022-02-22,8호선,복정,8590,7290,15880
2022-02-22,8호선,산성,4640,4707,9347
2022-02-22,8호선,석촌,7059,8089,15148
2022-02-22,8호선,송파,6742,7027,13769
2022-02-22,8호선,수진,4898,4530,9428
2022-02-22,8호선,신흥,3840,4111,7951
2022-02-22,8호선,암사,17326,15463,32789
2022-02-22,8호선,잠실,12557,14308,26865
2022-02-22,8호선,장지,15747,15195,30942
2022-02-22,8호선,천호,13609,15394,29003
2022-02-22,9호선,가양,18582,18241,36823
2022-02-22,9호선,개화,2305,1692,3997
2022-02-22,9호선,고속터미널,10374,13315,23689
2022-02-22,9호선,공항시장,2812,2977,5789
2022-02-22,9호선,구반포,1365,1452,2817
2022-02-22,9호선,국회의사당,15447,15905,31352
2022-02-22,9호선,김포공항,6421,10021,16442
2022-02-22,9호선,노들,4039,3445,7484
2022-02-22,9호선,노량진,23274,22577,45851
2022-02-22,9호선,당산,16443,16724,33167
2022-02-22,9호선,동작,1793,1389,3182
2022-02-22,9호선,등촌,10557,10440,20997
2022-02-22,9호선,마곡나루,10967,10765,21732
2022-02-22,9호선,사평,3119,3141,6260
2022-02-22,9호선,샛강,5722,5948,11670
2022-02-22,9호선,선유도,8085,7751,15836
2022-02-22,9호선,신논현,29376,28791,58167
2022-02-22,9호선,신목동,3667,3318,6985
2022-02-22,9호선,신반포,2895,2831,5726
2022-02-22,9호선,신방화,6286,6198,12484
2022-02-22,9호선,양천향교,9037,9237,18274
2022-02-22,9호선,여의도,25109,23804,48913
2022-02-22,9호선,염창,15607,15312,30919
2022-02-22,9호선,증미,6829,6856,13685
2022-02-22,9호선,흑석,7191,7635,14826
2022-02-22,9호선2~3단계,둔촌오륜,928,917,1845
2022-02-22,9호선2~3단계,봉은사,14600,14751,29351
2022-02-22,9호선2~3단계,삼성중앙,6418,6846,13264
2022-02-22,9호선2~3단계,삼전,6648,6504,13152
2022-02-22,9호선2~3단계,석촌,7656,6722,14378
2022-02-22,9호선2~3단계,석촌고분,5605,5728,11333
2022-02-22,9호선2~3단계,선정릉,9023,9936,18959
2022-02-22,9호선2~3단계,송파나루,4743,4939,9682
2022-02-22,9호선2~3단계,언주,10302,10509,20811
2022-02-22,9호선2~3단계,올림픽공원,5051,5026,10077
2022-02-22,9호선2~3단계,종합운동장,3752,3784,7536
2022-02-22,9호선2~3단계,중앙보훈병원,10137,9038,19175
2022-02-22,9호선2~3단계,한성백제,2373,2209,4582
2022-02-22,경강선,경기광주,6983,6747,13730
2022-02-22,경강선,곤지암,1902,1852,3754
2022-02-22,경강선,부발,1686,1674,3360
2022-02-22,경강선,삼동,2111,2035,4146
2022-02-22,경강선,세종대왕릉,250,229,479
2022-02-22,경강선,신둔도예촌,1194,1110,2304
2022-02-22,경강선,여주,1634,1688,3322
2022-02-22,경강선,이매,999,817,1816
2022-02-22,경강선,이천,2302,2331,4633
2022-02-22,경강선,초월,2779,2647,5426
2022-02-22,경강선,판교,4217,4216,8433
2022-02-22,경부선,가산디지털단지,16827,19814,36641
2022-02-22,경부선,관악,6485,6009,12494
2022-02-22,경부선,광명,2785,2446,5231
2022-02-22,경부선,구로,17025,17058,34083
2022-02-22,경부선,군포,7359,7397,14756
2022-02-22,경부선,금정,23791,24577,48368
2022-02-22,경부선,금천구청,10635,10597,21232
2022-02-22,경부선,남영,8024,8428,16452
2022-02-22,경부선,노량진,6753,6998,13751
2022-02-22,경부선,당정,5532,5287,10819
2022-02-22,경부선,대방,11706,12328,24034
2022-02-22,경부선,독산,17556,18404,35960
2022-02-22,경부선,두정,4033,4060,8093
2022-02-22,경부선,명학,8454,8385,16839
2022-02-22,경부선,병점,12225,12349,24574
2022-02-22,경부선,서동탄,1244,1046,2290
2022-02-22,경부선,서울역,4957,1720,6677
2022-02-22,경부선,서정리,5780,5425,11205
2022-02-22,경부선,석수,8828,7878,16706
2022-02-22,경부선,성균관대,12772,12840,25612
2022-02-22,경부선,성환,2607,2603,5210
2022-02-22,경부선,세류,2573,2279,4852
2022-02-22,경부선,세마,2434,2266,4700
2022-02-22,경부선,송탄,3564,3484,7048
2022-02-22,경부선,수원,27893,29690,57583
2022-02-22,경부선,신길,8086,6820,14906
2022-02-22,경부선,신도림,3663,3519,7182
2022-02-22,경부선,안양,18919,18786,37705
2022-02-22,경부선,영등포,32512,32748,65260
2022-02-22,경부선,오산,8150,8064,16214
2022-02-22,경부선,오산대,2902,2596,5498
2022-02-22,경부선,용산,28128,28131,56259
2022-02-22,경부선,의왕,8205,8215,16420
2022-02-22,경부선,직산,654,617,1271
2022-02-22,경부선,진위,1419,1279,2698
2022-02-22,경부선,천안,3908,4155,8063
2022-02-22,경부선,평택,9278,9155,18433
2022-02-22,경부선,평택지제,2853,2810,5663
2022-02-22,경부선,화서,7219,6964,14183
2022-02-22,경원선,가능,5859,5695,11554
2022-02-22,경원선,광운대,6638,6376,13014
2022-02-22,경원선,녹양,3955,3781,7736
2022-02-22,경원선,녹천,4289,3562,7851
2022-02-22,경원선,덕계,2603,2427,5030
2022-02-22,경원선,덕정,4587,4567,9154
2022-02-22,경원선,도봉,5434,5335,10769
2022-02-22,경원선,도봉산,6391,3971,10362
2022-02-22,경원선,동두천,1762,1952,3714
2022-02-22,경원선,동두천중앙,2629,2515,5144
2022-02-22,경원선,망월사,6648,6874,13522
2022-02-22,경원선,방학,8788,8570,17358
2022-02-22,경원선,보산,1214,1146,2360
2022-02-22,경원선,서빙고,1840,1767,3607
2022-02-22,경원선,석계,7270,8064,15334
2022-02-22,경원선,소요산,1863,1609,3472
2022-02-22,경원선,신이문,7632,7090,14722
2022-02-22,경원선,양주,6778,6295,13073
2022-02-22,경원선,옥수,36,32,68
2022-02-22,경원선,왕십리,12352,13711,26063
2022-02-22,경원선,외대앞,6470,6485,12955
2022-02-22,경원선,월계,5667,5339,11006
2022-02-22,경원선,응봉,1647,1374,3021
2022-02-22,경원선,의정부,16095,16255,32350
2022-02-22,경원선,이촌,3126,2448,5574
2022-02-22,경원선,지행,5622,5397,11019
2022-02-22,경원선,청량리,12564,12901,25465
2022-02-22,경원선,한남,3690,3501,7191
2022-02-22,경원선,회룡,11300,11045,22345
2022-02-22,경의선,가좌,4773,4605,9378
2022-02-22,경의선,강매,2931,2597,5528
2022-02-22,경의선,계양,1,0,1
2022-02-22,경의선,곡산,505,520,1025
2022-02-22,경의선,공덕,3183,2845,6028
2022-02-22,경의선,금릉,4156,3979,8135
2022-02-22,경의선,금촌,5656,5444,11100
2022-02-22,경의선,능곡,3256,3071,6327
2022-02-22,경의선,디지털미디어시티,2151,1990,4141
2022-02-22,경의선,문산,4207,4164,8371
2022-02-22,경의선,백마,6405,6202,12607
2022-02-22,경의선,서강대,1781,1796,3577
2022-02-22,경의선,서울역,3680,4722,8402
2022-02-22,경의선,수색,2624,2704,5328
2022-02-22,경의선,신촌,784,959,1743
2022-02-22,경의선,야당,6527,6293,12820
2022-02-22,경의선,운정,6049,5668,11717
2022-02-22,경의선,월롱,2075,1998,4073
2022-02-22,경의선,일산,8095,8058,16153
2022-02-22,경의선,임진강,7,2,9
2022-02-22,경의선,탄현,6904,6644,13548
2022-02-22,경의선,파주,846,669,1515
2022-02-22,경의선,풍산,4956,4563,9519
2022-02-22,경의선,행신,6874,7088,13962
2022-02-22,경의선,홍대입구,1421,1632,3053
2022-02-22,경의선,화전,1285,1227,2512
2022-02-22,경의선,효창공원앞,2744,3082,5826
2022-02-22,경인선,간석,5245,5009,10254
2022-02-22,경인선,개봉,19424,19576,39000
2022-02-22,경인선,구일,5332,5381,10713
2022-02-22,경인선,도원,2176,2281,4457
2022-02-22,경인선,도화,3581,3435,7016
2022-02-22,경인선,동암,12706,12814,25520
2022-02-22,경인선,동인천,11883,11218,23101
2022-02-22,경인선,백운,6036,6075,12111
2022-02-22,경인선,부개,7707,7231,14938
2022-02-22,경인선,부천,29416,29095,58511
2022-02-22,경인선,부평,26037,27217,53254
2022-02-22,경인선,소사,7783,7506,15289
2022-02-22,경인선,송내,24017,24052,48069
2022-02-22,경인선,역곡,24496,24495,48991
2022-02-22,경인선,오류동,10545,10030,20575
2022-02-22,경인선,온수,5696,5482,11178
2022-02-22,경인선,인천,2866,2270,5136
2022-02-22,경인선,제물포,9036,8677,17713
2022-02-22,경인선,주안,16213,14498,30711
2022-02-22,경인선,중동,8381,8083,16464
2022-02-22,경춘선,가평,1407,1445,2852
2022-02-22,경춘선,갈매,2699,2392,5091
2022-02-22,경춘선,강촌,263,253,516
2022-02-22,경춘선,굴봉산,110,104,214
2022-02-22,경춘선,금곡,1353,1294,2647
2022-02-22,경춘선,김유정,244,229,473
2022-02-22,경춘선,남춘천,2280,2272,4552
2022-02-22,경춘선,대성리,438,345,783
2022-02-22,경춘선,마석,3238,3175,6413
2022-02-22,경춘선,백양리,288,249,537
2022-02-22,경춘선,별내,3089,2876,5965
2022-02-22,경춘선,사릉,2853,2792,5645
2022-02-22,경춘선,상천,170,148,318
2022-02-22,경춘선,신내,1891,1868,3759
2022-02-22,경춘선,천마산,1442,1369,2811
2022-02-22,경춘선,청평,1461,1333,2794
2022-02-22,경춘선,춘천,940,954,1894
2022-02-22,경춘선,퇴계원,3266,3024,6290
2022-02-22,경춘선,평내호평,5504,5292,10796
2022-02-22,공항철도,검암,5905,5865,11770
2022-02-22,공항철도,계양,9215,8736,17951
2022-02-22,공항철도,공덕,2045,2662,4707
2022-02-22,공항철도,공항화물청사,2268,2422,4690
2022-02-22,공항철도,김포공항,10928,6077,17005
2022-02-22,공항철도,디지털미디어시티,12982,11774,24756
2022-02-22,공항철도,마곡나루,7919,7730,15649
2022-02-22,공항철도,서울역,6419,5776,12195
2022-02-22,공항철도,영종,2662,2752,5414
2022-02-22,공항철도,운서,6064,6093,12157
2022-02-22,공항철도,인천공항1터미널,3164,3568,6732
2022-02-22,공항철도,인천공항2터미널,1888,1985,3873
2022-02-22,공항철도,청라국제도시,6105,5785,11890
2022-02-22,공항철도,홍대입구,8254,8293,16547
2022-02-22,과천선,경마공원,1205,1178,2383
2022-02-22,과천선,과천,5586,5346,10932
2022-02-22,과천선,대공원,2048,2168,4216
2022-02-22,과천선,범계,23042,22826,45868
2022-02-22,과천선,선바위,7334,6487,13821
2022-02-22,과천선,인덕원,21806,22843,44649
2022-02-22,과천선,정부과천청사,9548,9633,19181
2022-02-22,과천선,평촌,16531,16170,32701
2022-02-22,분당선,가천대,6380,7388,13768
2022-02-22,분당선,강남구청,9559,10872,20431
2022-02-22,분당선,개포동,3478,3625,7103
2022-02-22,분당선,구룡,1770,1725,3495
2022-02-22,분당선,구성,4514,4805,9319
2022-02-22,분당선,기흥,8527,8135,16662
2022-02-22,분당선,대모산입구,4154,3863,8017
2022-02-22,분당선,도곡,6269,6272,12541
2022-02-22,분당선,망포,12775,12224,24999
2022-02-22,분당선,매교,2557,2591,5148
2022-02-22,분당선,매탄권선,4411,4341,8752
2022-02-22,분당선,모란,18040,18106,36146
2022-02-22,분당선,미금,14206,15137,29343
2022-02-22,분당선,보정,2205,2024,4229
2022-02-22,분당선,상갈,4744,4672,9416
2022-02-22,분당선,서울숲,9291,9281,18572
2022-02-22,분당선,서현,22737,22825,45562
2022-02-22,분당선,선릉,12881,18950,31831
2022-02-22,분당선,선정릉,7764,8201,15965
2022-02-22,분당선,수내,12438,12572,25010
2022-02-22,분당선,수서,12192,12467,24659
2022-02-22,분당선,수원,7109,5842,12951
2022-02-22,분당선,수원시청,11384,12026,23410
2022-02-22,분당선,신갈,4017,3956,7973
2022-02-22,분당선,압구정로데오,17580,19150,36730
2022-02-22,분당선,야탑,23466,24161,47627
2022-02-22,분당선,영통,7149,7302,14451
2022-02-22,분당선,오리,10757,9014,19771
2022-02-22,분당선,이매,5083,4903,9986
2022-02-22,분당선,정자,15700,16604,32304
2022-02-22,분당선,죽전,11601,12787,24388
2022-02-22,분당선,청명,3780,3603,7383
2022-02-22,분당선,태평,12533,12235,24768
2022-02-22,분당선,한티,13650,14766,28416
2022-02-22,수인선,고색,4348,4150,8498
2022-02-22,수인선,남동인더스파크,2213,2461,4674
2022-02-22,수인선,달월,83,47,130
2022-02-22,수인선,사리,4068,3593,7661
2022-02-22,수인선,소래포구,4052,3715,7767
2022-02-22,수인선,송도,2083,1912,3995
2022-02-22,수인선,숭의,3544,3315,6859
2022-02-22,수인선,신포,1543,1519,3062
2022-02-22,수인선,야목,325,240,565
2022-02-22,수인선,어천,552,598,1150
2022-02-22,수인선,연수,3869,3839,7708
2022-02-22,수인선,오목천,2308,2243,4551
2022-02-22,수인선,원인재,3803,4014,7817
2022-02-22,수인선,월곶,2230,2069,4299
2022-02-22,수인선,인천,912,1421,2333
2022-02-22,수인선,인천논현,4828,5073,9901
2022-02-22,수인선,인하대,5031,4709,9740
2022-02-22,수인선,호구포,3679,3847,7526
2022-02-22,안산선,고잔,7981,7487,15468
2022-02-22,안산선,대야미,4301,3870,8171
2022-02-22,안산선,반월,3792,3690,7482
2022-02-22,안산선,산본,14213,15270,29483
2022-02-22,안산선,상록수,13899,14311,28210
2022-02-22,안산선,수리산,3801,3096,6897
2022-02-22,안산선,신길온천,1464,1307,2771
2022-02-22,안산선,안산,10464,9376,19840
2022-02-22,안산선,오이도,7073,6914,13987
2022-02-22,안산선,정왕,6784,7175,13959
2022-02-22,안산선,중앙,15528,16018,31546
2022-02-22,안산선,초지,4061,4152,8213
2022-02-22,안산선,한대앞,7872,7919,15791
2022-02-22,우이신설선,4.19민주묘지,2412,2346,4758
2022-02-22,우이신설선,가오리,3767,3811,7578
2022-02-22,우이신설선,보문,1329,1322,2651
2022-02-22,우이신설선,북한산보국문,5369,5350,10719
2022-02-22,우이신설선,북한산우이,2126,1916,4042
2022-02-22,우이신설선,삼양,1818,2018,3836
2022-02-22,우이신설선,삼양사거리,2237,2216,4453
2022-02-22,우이신설선,성신여대입구,3059,3256,6315
2022-02-22,우이신설선,솔밭공원,2171,2123,4294
2022-02-22,우이신설선,솔샘,5233,5067,10300
2022-02-22,우이신설선,신설동,1975,1845,3820
2022-02-22,우이신설선,정릉,4236,3910,8146
2022-02-22,우이신설선,화계,3097,2929,6026
2022-02-22,일산선,대곡,1761,1448,3209
2022-02-22,일산선,대화,11281,9156,20437
2022-02-22,일산선,마두,7062,7207,14269
2022-02-22,일산선,백석,8953,9112,18065
2022-02-22,일산선,삼송,17541,17167,34708
2022-02-22,일산선,원당,9889,9400,19289
2022-02-22,일산선,원흥,9536,9116,18652
2022-02-22,일산선,정발산,6420,6305,12725
2022-02-22,일산선,주엽,8052,8029,16081
2022-02-22,일산선,화정,15496,15798,31294
2022-02-22,장항선,배방,829,815,1644
2022-02-22,장항선,봉명,1131,1096,2227
2022-02-22,장항선,신창,850,845,1695
2022-02-22,장항선,쌍용,1618,1478,3096
2022-02-22,장항선,아산,2345,2115,4460
2022-02-22,장항선,온양온천,2849,2955,5804
2022-02-22,장항선,탕정,518,477,995
2022-02-22,중앙선,구리,12063,12377,24440
2022-02-22,중앙선,국수,502,497,999
2022-02-22,중앙선,덕소,4893,4928,9821
2022-02-22,중앙선,도농,9313,8612,17925
2022-02-22,중앙선,도심,2089,1643,3732
2022-02-22,중앙선,망우,6679,6661,13340
2022-02-22,중앙선,상봉,5131,5066,10197
2022-02-22,중앙선,신원,146,127,273
2022-02-22,중앙선,아신,471,455,926
2022-02-22,중앙선,양수,1421,1359,2780
2022-02-22,중앙선,양원,2132,2081,4213
2022-02-22,중앙선,양정,633,520,1153
2022-02-22,중앙선,양평,2216,2166,4382
2022-02-22,중앙선,오빈,229,242,471
2022-02-22,중앙선,용문,1299,1299,2598
2022-02-22,중앙선,운길산,480,440,920
2022-02-22,중앙선,원덕,273,244,517
2022-02-22,중앙선,중랑,5062,4787,9849
2022-02-22,중앙선,지평,56,50,106
2022-02-22,중앙선,팔당,661,720,1381
2022-02-22,중앙선,회기,21520,21249,42769
2022-02-23,1호선,동대문,9497,8868,18365
2022-02-23,1호선,동묘앞,5953,6296,12249
2022-02-23,1호선,서울역,37127,35236,72363
2022-02-23,1호선,시청,20290,20409,40699
2022-02-23,1호선,신설동,12480,12257,24737
2022-02-23,1호선,제기동,14352,14292,28644
2022-02-23,1호선,종각,30684,29634,60318
2022-02-23,1호선,종로3가,21239,19509,40748
2022-02-23,1호선,종로5가,19701,19394,39095
2022-02-23,1호선,청량리,16795,16840,33635
2022-02-23,2호선,강남,77492,74922,152414
2022-02-23,2호선,강변,26056,24731,50787
2022-02-23,2호선,건대입구,30361,32138,62499
2022-02-23,2호선,교대,31296,35098,66394
2022-02-23,2호선,구로디지털단지,54723,54510,109233
2022-02-23,2호선,구의,21968,21778,43746
2022-02-23,2호선,낙성대,24551,24028,48579
2022-02-23,2호선,당산,16156,18815,34971
2022-02-23,2호선,대림,21663,22263,43926
2022-02-23,2호선,도림천,1258,1319,2577
2022-02-23,2호선,동대문역사문화공원,10635,11588,22223
2022-02-23,2호선,뚝섬,20381,21838,42219
2022-02-23,2호선,문래,19617,19795,39412
2022-02-23,2호선,방배,15149,15902,31051
2022-02-23,2호선,봉천,21701,20711,42412
2022-02-23,2호선,사당,32266,35367,67633
2022-02-23,2호선,삼성,48420,48412,96832
2022-02-23,2호선,상왕십리,12996,12697,25693
2022-02-23,2호선,서울대입구,42658,41685,84343
2022-02-23,2호선,서초,20109,19761,39870
2022-02-23,2호선,선릉,52741,46502,99243
2022-02-23,2호선,성수,35618,38246,73864
2022-02-23,2호선,시청,21845,20709,42554
2022-02-23,2호선,신답,1514,1794,3308
2022-02-23,2호선,신당,12468,13141,25609
2022-02-23,2호선,신대방,24065,23737,47802
2022-02-23,2호선,신도림,42145,41594,83739
2022-02-23,2호선,신림,58008,56883,114891
2022-02-23,2호선,신설동,3025,3169,6194
2022-02-23,2호선,신정네거리,9171,9557,18728
2022-02-23,2호선,신촌,29067,29602,58669
2022-02-23,2호선,아현,8882,8801,17683
2022-02-23,2호선,양천구청,6162,6473,12635
2022-02-23,2호선,역삼,50144,54981,105125
2022-02-23,2호선,영등포구청,21460,21828,43288
2022-02-23,2호선,왕십리,14369,11850,26219
2022-02-23,2호선,용답,2506,2504,5010
2022-02-23,2호선,용두,2184,2235,4419
2022-02-23,2호선,을지로3가,20410,20086,40496
2022-02-23,2호선,을지로4가,11981,11653,23634
2022-02-23,2호선,을지로입구,34849,35627,70476
2022-02-23,2호선,이대,11548,12374,23922
2022-02-23,2호선,잠실,58463,57745,116208
2022-02-23,2호선,잠실나루,13156,12674,25830
2022-02-23,2호선,잠실새내,18729,18761,37490
2022-02-23,2호선,종합운동장,6409,6711,13120
2022-02-23,2호선,충정로,9055,9630,18685
2022-02-23,2호선,한양대,6697,7192,13889
2022-02-23,2호선,합정,27419,28036,55455
2022-02-23,2호선,홍대입구,47109,47872,94981
2022-02-23,3호선,가락시장,8063,7729,15792
2022-02-23,3호선,경복궁,17514,17352,34866
2022-02-23,3호선,경찰병원,6800,6896,13696
2022-02-23,3호선,고속터미널,32901,31693,64594
2022-02-23,3호선,교대,13115,8255,21370
2022-02-23,3호선,구파발,18654,17647,36301
2022-02-23,3호선,금호,7181,6833,14014
2022-02-23,3호선,남부터미널,26466,27190,53656
2022-02-23,3호선,녹번,13986,12855,26841
2022-02-23,3호선,대청,9171,8547,17718
2022-02-23,3호선,대치,10350,10419,20769
2022-02-23,3호선,도곡,4774,4970,9744
2022-02-23,3호선,독립문,6048,6198,12246
2022-02-23,3호선,동대입구,6540,6883,13423
2022-02-23,3호선,매봉,11524,10925,22449
2022-02-23,3호선,무악재,3448,3556,7004
2022-02-23,3호선,불광,14575,15391,29966
2022-02-23,3호선,수서,14839,15075,29914
2022-02-23,3호선,신사,28775,29357,58132
2022-02-23,3호선,안국,18003,18425,36428
2022-02-23,3호선,압구정,29097,31060,60157
2022-02-23,3호선,약수,11560,11295,22855
2022-02-23,3호선,양재,34931,37575,72506
2022-02-23,3호선,연신내,32679,31453,64132
2022-02-23,3호선,오금,5529,5121,10650
2022-02-23,3호선,옥수,7692,8279,15971
2022-02-23,3호선,을지로3가,9663,9704,19367
2022-02-23,3호선,일원,9039,8830,17869
2022-02-23,3호선,잠원,4242,4249,8491
2022-02-23,3호선,종로3가,9555,10737,20292
2022-02-23,3호선,지축,4141,3989,8130
2022-02-23,3호선,충무로,1,0,1
2022-02-23,3호선,학여울,1587,1650,3237
2022-02-23,3호선,홍제,15521,15031,30552
2022-02-23,4호선,길음,17947,18025,35972
2022-02-23,4호선,남태령,1010,877,1887
2022-02-23,4호선,노원,16612,18587,35199
2022-02-23,4호선,당고개,11270,10347,21617
2022-02-23,4호선,동대문,17005,17434,34439
2022-02-23,4호선,동대문역사문화공원,13115,11941,25056
2022-02-23,4호선,동작,1162,1294,2456
2022-02-23,4호선,명동,15756,16200,31956
2022-02-23,4호선,미아,13151,13039,26190
2022-02-23,4호선,미아사거리,24246,23605,47851
2022-02-23,4호선,사당,21839,17950,39789
2022-02-23,4호선,삼각지,4321,4698,9019
2022-02-23,4호선,상계,16833,15982,32815
2022-02-23,4호선,서울역,10152,14360,24512
2022-02-23,4호선,성신여대입구,17460,17036,34496
2022-02-23,4호선,수유,30407,30880,61287
2022-02-23,4호선,숙대입구,11498,11201,22699
2022-02-23,4호선,신용산,14496,14933,29429
2022-02-23,4호선,쌍문,26443,24677,51120
2022-02-23,4호선,이촌,6936,7726,14662
2022-02-23,4호선,창동,22651,24142,46793
2022-02-23,4호선,총신대입구,16843,18161,35004
2022-02-23,4호선,충무로,24265,24717,48982
2022-02-23,4호선,한성대입구,11793,11573,23366
2022-02-23,4호선,혜화,31040,30550,61590
2022-02-23,4호선,회현,20816,21686,42502
2022-02-23,5호선,강동,17026,16296,33322
2022-02-23,5호선,강일,3449,3445,6894
2022-02-23,5호선,개롱,5842,6207,12049
2022-02-23,5호선,개화산,5022,4921,9943
2022-02-23,5호선,거여,8876,8399,17275
2022-02-23,5호선,고덕,8297,8399,16696
2022-02-23,5호선,공덕,12763,13417,26180
2022-02-23,5호선,광나루,11705,10557,22262
2022-02-23,5호선,광화문,26493,27200,53693
2022-02-23,5호선,군자,10176,11106,21282
2022-02-23,5호선,굽은다리,8723,8289,17012
2022-02-23,5호선,길동,7290,7752,15042
2022-02-23,5호선,김포공항,6621,6299,12920
2022-02-23,5호선,까치산,26403,25767,52170
2022-02-23,5호선,답십리,14606,13618,28224
2022-02-23,5호선,동대문역사문화공원,2784,3126,5910
2022-02-23,5호선,둔촌동,7849,7858,15707
2022-02-23,5호선,마곡,10129,9926,20055
2022-02-23,5호선,마장,4970,4639,9609
2022-02-23,5호선,마천,6282,6275,12557
2022-02-23,5호선,마포,13610,13826,27436
2022-02-23,5호선,명일,7729,8216,15945
2022-02-23,5호선,목동,15210,16573,31783
2022-02-23,5호선,미사,14263,14358,28621
2022-02-23,5호선,발산,19120,19185,38305
2022-02-23,5호선,방이,6500,6761,13261
2022-02-23,5호선,방화,5896,5663,11559
2022-02-23,5호선,상일동,13476,12749,26225
2022-02-23,5호선,서대문,17315,17456,34771
2022-02-23,5호선,송정,5972,5741,11713
2022-02-23,5호선,신금호,5575,5983,11558
2022-02-23,5호선,신길,3763,4202,7965
2022-02-23,5호선,신정,12827,10563,23390
2022-02-23,5호선,아차산,12925,12755,25680
2022-02-23,5호선,애오개,6148,6315,12463
2022-02-23,5호선,양평,6950,6974,13924
2022-02-23,5호선,여의나루,7621,8620,16241
2022-02-23,5호선,여의도,26492,27120,53612
2022-02-23,5호선,영등포구청,3572,3630,7202
2022-02-23,5호선,영등포시장,9147,9550,18697
2022-02-23,5호선,오금,3373,3262,6635
2022-02-23,5호선,오목교,19815,20992,40807
2022-02-23,5호선,올림픽공원,3768,3221,6989
2022-02-23,5호선,왕십리,4226,4565,8791
2022-02-23,5호선,우장산,12555,12666,25221
2022-02-23,5호선,을지로4가,5652,5678,11330
2022-02-23,5호선,장한평,17389,17436,34825
2022-02-23,5호선,종로3가,10722,10553,21275
2022-02-23,5호선,천호,15930,15850,31780
2022-02-23,5호선,청구,3761,3417,7178
2022-02-23,5호선,충정로,4396,4467,8863
2022-02-23,5호선,하남검단산,4536,4467,9003
2022-02-23,5호선,하남시청,5703,5589,11292
2022-02-23,5호선,하남풍산,3694,3729,7423
2022-02-23,5호선,행당,7316,6656,13972
2022-02-23,5호선,화곡,26127,24638,50765
2022-02-23,6호선,고려대,6993,6918,13911
2022-02-23,6호선,공덕,16669,16100,32769
2022-02-23,6호선,광흥창,8100,8119,16219
2022-02-23,6호선,구산,6801,5342,12143
2022-02-23,6호선,녹사평,4033,4009,8042
2022-02-23,6호선,대흥,7161,7530,14691
2022-02-23,6호선,독바위,2430,2585,5015
2022-02-23,6호선,돌곶이,8648,8176,16824
2022-02-23,6호선,동묘앞,7039,7156,14195
2022-02-23,6호선,디지털미디어시티,12255,13530,25785
2022-02-23,6호선,마포구청,13219,12087,25306
2022-02-23,6호선,망원,12476,13391,25867
2022-02-23,6호선,버티고개,1801,1857,3658
2022-02-23,6호선,보문,6615,6123,12738
2022-02-23,6호선,봉화산,8066,7583,15649
2022-02-23,6호선,불광,3957,3891,7848
2022-02-23,6호선,삼각지,5339,4950,10289
2022-02-23,6호선,상수,7345,7962,15307
2022-02-23,6호선,상월곡,5643,5142,10785
2022-02-23,6호선,새절,11447,10808,22255
2022-02-23,6호선,석계,11346,11800,23146
2022-02-23,6호선,신당,8072,8342,16414
2022-02-23,6호선,안암,9529,9548,19077
2022-02-23,6호선,약수,3245,3196,6441
2022-02-23,6호선,역촌,3572,4226,7798
2022-02-23,6호선,월곡,10509,10602,21111
2022-02-23,6호선,월드컵경기장,3512,3668,7180
2022-02-23,6호선,응암,15908,16163,32071
2022-02-23,6호선,이태원,7925,8076,16001
2022-02-23,6호선,증산,9061,9139,18200
2022-02-23,6호선,창신,3082,2558,5640
2022-02-23,6호선,청구,3492,3805,7297
2022-02-23,6호선,태릉입구,4941,5347,10288
2022-02-23,6호선,한강진,6630,7587,14217
2022-02-23,6호선,합정,11464,10979,22443
2022-02-23,6호선,화랑대,10522,8387,18909
2022-02-23,6호선,효창공원앞,6287,5792,12079
2022-02-23,7호선,가산디지털단지,43450,43290,86740
2022-02-23,7호선,강남구청,15529,16886,32415
2022-02-23,7호선,건대입구,10898,11221,22119
2022-02-23,7호선,고속터미널,13379,11304,24683
2022-02-23,7호선,공릉,11453,11425,22878
2022-02-23,7호선,광명사거리,19886,19802,39688
2022-02-23,7호선,군자,13864,11209,25073
2022-02-23,7호선,굴포천,1,0,1
2022-02-23,7호선,까치울,1,0,1
2022-02-23,7호선,남구로,14950,15903,30853
2022-02-23,7호선,남성,10182,9590,19772
2022-02-23,7호선,내방,13627,13925,27552
2022-02-23,7호선,노원,17744,18217,35961
2022-02-23,7호선,논현,19023,20694,39717
2022-02-23,7호선,대림,6978,6935,13913
2022-02-23,7호선,도봉산,7853,9031,16884
2022-02-23,7호선,뚝섬유원지,6397,6315,12712
2022-02-23,7호선,마들,11653,11388,23041
2022-02-23,7호선,먹골,9273,9243,18516
2022-02-23,7호선,면목,14018,14042,28060
2022-02-23,7호선,반포,5167,4996,10163
2022-02-23,7호선,보라매,8794,8671,17465
2022-02-23,7호선,부천시청,2,0,2
2022-02-23,7호선,부평구청,1,0,1
2022-02-23,7호선,사가정,14600,14596,29196
2022-02-23,7호선,삼산체육관,1,0,1
2022-02-23,7호선,상도,9684,9491,19175
2022-02-23,7호선,상동,1,0,1
2022-02-23,7호선,상봉,15240,14272,29512
2022-02-23,7호선,수락산,11351,11145,22496
2022-02-23,7호선,숭실대입구,10536,10877,21413
2022-02-23,7호선,신대방삼거리,15170,14748,29918
2022-02-23,7호선,신중동,1,0,1
2022-02-23,7호선,신풍,10477,10097,20574
2022-02-23,7호선,어린이대공원,11309,11237,22546
2022-02-23,7호선,온수,9226,8645,17871
2022-02-23,7호선,용마산,5548,5395,10943
2022-02-23,7호선,이수,14334,13810,28144
2022-02-23,7호선,장승배기,8340,8247,16587
2022-02-23,7호선,장암,2024,727,2751
2022-02-23,7호선,중계,12543,11507,24050
2022-02-23,7호선,중곡,10204,9744,19948
2022-02-23,7호선,중화,9964,9794,19758
2022-02-23,7호선,천왕,10253,9749,20002
2022-02-23,7호선,철산,18780,19083,37863
2022-02-23,7호선,청담,17873,19991,37864
2022-02-23,7호선,춘의,2,0,2
2022-02-23,7호선,태릉입구,7623,7127,14750
2022-02-23,7호선,하계,16337,15440,31777
2022-02-23,7호선,학동,23232,24491,47723
2022-02-23,8호선,가락시장,6944,7572,14516
2022-02-23,8호선,강동구청,10019,10303,20322
2022-02-23,8호선,남위례,3759,3940,7699
2022-02-23,8호선,남한산성입구,12256,11324,23580
2022-02-23,8호선,단대오거리,9498,9448,18946
2022-02-23,8호선,모란,3883,2956,6839
2022-02-23,8호선,몽촌토성,5410,5455,10865
2022-02-23,8호선,문정,21132,22252,43384
2022-02-23,8호선,복정,8579,7216,15795
2022-02-23,8호선,산성,4695,4710,9405
2022-02-23,8호선,석촌,7141,8069,15210
2022-02-23,8호선,송파,6744,6970,13714
2022-02-23,8호선,수진,4905,4475,9380
2022-02-23,8호선,신흥,3773,4197,7970
2022-02-23,8호선,암사,17354,15590,32944
2022-02-23,8호선,잠실,12328,14154,26482
2022-02-23,8호선,장지,15734,15441,31175
2022-02-23,8호선,천호,13443,15017,28460
2022-02-23,9호선,가양,18221,17934,36155
2022-02-23,9호선,개화,2237,1601,3838
2022-02-23,9호선,고속터미널,10101,13060,23161
2022-02-23,9호선,공항시장,2722,3007,5729
2022-02-23,9호선,구반포,1166,1228,2394
2022-02-23,9호선,국회의사당,15946,16210,32156
2022-02-23,9호선,김포공항,6511,10207,16718
2022-02-23,9호선,노들,3921,3449,7370
2022-02-23,9호선,노량진,23344,22839,46183
2022-02-23,9호선,당산,16758,16632,33390
2022-02-23,9호선,동작,1800,1436,3236
2022-02-23,9호선,등촌,10391,10304,20695
2022-02-23,9호선,마곡나루,10953,10660,21613
2022-02-23,9호선,사평,3188,3165,6353
2022-02-23,9호선,샛강,5510,5720,11230
2022-02-23,9호선,선유도,8065,7755,15820
2022-02-23,9호선,신논현,28474,28058,56532
2022-02-23,9호선,신목동,3655,3247,6902
2022-02-23,9호선,신반포,2983,2920,5903
2022-02-23,9호선,신방화,6319,6219,12538
2022-02-23,9호선,양천향교,8725,8912,17637
2022-02-23,9호선,여의도,25135,23861,48996
2022-02-23,9호선,염창,15587,15458,31045
2022-02-23,9호선,증미,6782,6621,13403
2022-02-23,9호선,흑석,7186,7598,14784
2022-02-23,9호선2~3단계,둔촌오륜,942,990,1932
2022-02-23,9호선2~3단계,봉은사,15439,15738,31177
2022-02-23,9호선2~3단계,삼성중앙,6433,6790,13223
2022-02-23,9호선2~3단계,삼전,6537,6392,12929
2022-02-23,9호선2~3단계,석촌,7665,6702,14367
2022-02-23,9호선2~3단계,석촌고분,5760,5756,11516
2022-02-23,9호선2~3단계,선정릉,8874,9717,18591
2022-02-23,9호선2~3단계,송파나루,4745,4984,9729
2022-02-23,9호선2~3단계,언주,10106,10365,20471
2022-02-23,9호선2~3단계,올림픽공원,5068,4924,9992
2022-02-23,9호선2~3단계,종합운동장,3870,3852,7722
2022-02-23,9호선2~3단계,중앙보훈병원,10183,8908,19091
2022-02-23,9호선2~3단계,한성백제,2432,2176,4608
2022-02-23,경강선,경기광주,6887,6567,13454
2022-02-23,경강선,곤지암,1882,1812,3694
2022-02-23,경강선,부발,1675,1628,3303
2022-02-23,경강선,삼동,2146,2057,4203
2022-02-23,경강선,세종대왕릉,234,248,482
2022-02-23,경강선,신둔도예촌,1138,1090,2228
2022-02-23,경강선,여주,1630,1651,3281
2022-02-23,경강선,이매,957,801,1758
2022-02-23,경강선,이천,2243,2249,4492
2022-02-23,경강선,초월,2756,2677,5433
2022-02-23,경강선,판교,4318,4258,8576
2022-02-23,경부선,가산디지털단지,16793,19594,36387
2022-02-23,경부선,관악,6283,5880,12163
2022-02-23,경부선,광명,2785,2470,5255
2022-02-23,경부선,구로,16952,17246,34198
2022-02-23,경부선,군포,7108,7163,14271
2022-02-23,경부선,금정,23905,24342,48247
2022-02-23,경부선,금천구청,10561,10578,21139
2022-02-23,경부선,남영,7892,8305,16197
2022-02-23,경부선,노량진,6679,6934,13613
2022-02-23,경부선,당정,5529,5326,10855
2022-02-23,경부선,대방,11525,11983,23508
2022-02-23,경부선,독산,17154,18103,35257
2022-02-23,경부선,두정,4299,4456,8755
2022-02-23,경부선,명학,8418,8183,16601
2022-02-23,경부선,병점,12201,12198,24399
2022-02-23,경부선,서동탄,1239,1061,2300
2022-02-23,경부선,서울역,5055,1614,6669
2022-02-23,경부선,서정리,5556,5244,10800
2022-02-23,경부선,석수,8558,7774,16332
2022-02-23,경부선,성균관대,12618,12383,25001
2022-02-23,경부선,성환,2572,2546,5118
2022-02-23,경부선,세류,2571,2381,4952
2022-02-23,경부선,세마,2411,2381,4792
2022-02-23,경부선,송탄,3610,3552,7162
2022-02-23,경부선,수원,28243,29666,57909
2022-02-23,경부선,신길,7990,6683,14673
2022-02-23,경부선,신도림,3814,3551,7365
2022-02-23,경부선,안양,19140,19112,38252
2022-02-23,경부선,영등포,32376,32834,65210
2022-02-23,경부선,오산,8109,8271,16380
2022-02-23,경부선,오산대,2952,2657,5609
2022-02-23,경부선,용산,28032,28206,56238
2022-02-23,경부선,의왕,8077,8089,16166
2022-02-23,경부선,직산,635,639,1274
2022-02-23,경부선,진위,1474,1247,2721
2022-02-23,경부선,천안,4123,4218,8341
2022-02-23,경부선,평택,9412,9197,18609
2022-02-23,경부선,평택지제,2820,2814,5634
2022-02-23,경부선,화서,7052,6795,13847
2022-02-23,경원선,가능,5744,5515,11259
2022-02-23,경원선,광운대,6600,6485,13085
2022-02-23,경원선,녹양,4013,3761,7774
2022-02-23,경원선,녹천,4125,3420,7545
2022-02-23,경원선,덕계,2665,2370,5035
2022-02-23,경원선,덕정,4579,4433,9012
2022-02-23,경원선,도봉,5486,5122,10608
2022-02-23,경원선,도봉산,6219,3796,10015
2022-02-23,경원선,동두천,1720,1882,3602
2022-02-23,경원선,동두천중앙,2483,2505,4988
2022-02-23,경원선,망월사,6418,6740,13158
2022-02-23,경원선,방학,8563,8501,17064
2022-02-23,경원선,보산,1224,1091,2315
2022-02-23,경원선,서빙고,1831,1739,3570
2022-02-23,경원선,석계,7026,7827,14853
2022-02-23,경원선,소요산,1792,1493,3285
2022-02-23,경원선,신이문,7538,7092,14630
2022-02-23,경원선,양주,6571,6261,12832
2022-02-23,경원선,옥수,55,25,80
2022-02-23,경원선,왕십리,12123,13605,25728
2022-02-23,경원선,외대앞,6566,6616,13182
2022-02-23,경원선,월계,5554,5321,10875
2022-02-23,경원선,응봉,1641,1377,3018
2022-02-23,경원선,의정부,15974,16393,32367
2022-02-23,경원선,이촌,3195,2424,5619
2022-02-23,경원선,지행,5461,5287,10748
2022-02-23,경원선,청량리,12347,12750,25097
2022-02-23,경원선,한남,3606,3431,7037
2022-02-23,경원선,회룡,11097,11035,22132
2022-02-23,경의선,가좌,4708,4535,9243
2022-02-23,경의선,강매,2942,2615,5557
2022-02-23,경의선,곡산,531,560,1091
2022-02-23,경의선,공덕,3159,2809,5968
2022-02-23,경의선,금릉,4098,3977,8075
2022-02-23,경의선,금촌,5620,5569,11189
2022-02-23,경의선,능곡,3390,3104,6494
2022-02-23,경의선,디지털미디어시티,2124,1925,4049
2022-02-23,경의선,문산,4200,4114,8314
2022-02-23,경의선,백마,6226,6060,12286
2022-02-23,경의선,서강대,1837,1861,3698
2022-02-23,경의선,서울역,3761,4753,8514
2022-02-23,경의선,수색,2585,2662,5247
2022-02-23,경의선,신촌,732,900,1632
2022-02-23,경의선,야당,6602,6474,13076
2022-02-23,경의선,운정,6137,5705,11842
2022-02-23,경의선,월롱,2217,1982,4199
2022-02-23,경의선,일산,8688,8747,17435
2022-02-23,경의선,임진강,4,7,11
2022-02-23,경의선,탄현,6772,6581,13353
2022-02-23,경의선,파주,863,672,1535
2022-02-23,경의선,풍산,4783,4371,9154
2022-02-23,경의선,행신,6865,6893,13758
2022-02-23,경의선,홍대입구,1468,1615,3083
2022-02-23,경의선,화전,1308,1255,2563
2022-02-23,경의선,효창공원앞,2690,3041,5731
2022-02-23,경인선,간석,5108,4902,10010
2022-02-23,경인선,개봉,18966,19158,38124
2022-02-23,경인선,구일,5379,5363,10742
2022-02-23,경인선,도원,2287,2342,4629
2022-02-23,경인선,도화,3649,3405,7054
2022-02-23,경인선,동암,12689,12982,25671
2022-02-23,경인선,동인천,12200,11573,23773
2022-02-23,경인선,백운,5961,5900,11861
2022-02-23,경인선,부개,7495,7108,14603
2022-02-23,경인선,부천,28696,28639,57335
2022-02-23,경인선,부평,25483,26838,52321
2022-02-23,경인선,소사,7614,7414,15028
2022-02-23,경인선,송내,23700,23631,47331
2022-02-23,경인선,역곡,23975,23816,47791
2022-02-23,경인선,오류동,10575,10116,20691
2022-02-23,경인선,온수,5675,5457,11132
2022-02-23,경인선,인천,2815,2132,4947
2022-02-23,경인선,제물포,9167,8722,17889
2022-02-23,경인선,주안,16262,14509,30771
2022-02-23,경인선,중동,8347,7825,16172
2022-02-23,경춘선,가평,1325,1288,2613
2022-02-23,경춘선,갈매,2671,2318,4989
2022-02-23,경춘선,강촌,285,250,535
2022-02-23,경춘선,굴봉산,100,106,206
2022-02-23,경춘선,금곡,1331,1229,2560
2022-02-23,경춘선,김유정,216,237,453
2022-02-23,경춘선,남춘천,1828,1805,3633
2022-02-23,경춘선,대성리,386,329,715
2022-02-23,경춘선,마석,3391,3392,6783
2022-02-23,경춘선,백양리,252,224,476
2022-02-23,경춘선,별내,2866,2798,5664
2022-02-23,경춘선,사릉,2769,2731,5500
2022-02-23,경춘선,상천,186,170,356
2022-02-23,경춘선,신내,1880,1812,3692
2022-02-23,경춘선,천마산,1411,1343,2754
2022-02-23,경춘선,청평,1306,1288,2594
2022-02-23,경춘선,춘천,998,953,1951
2022-02-23,경춘선,퇴계원,3119,2948,6067
2022-02-23,경춘선,평내호평,5199,5087,10286
2022-02-23,공항철도,검암,5957,5832,11789
2022-02-23,공항철도,계양,9158,8602,17760
2022-02-23,공항철도,공덕,2043,2620,4663
2022-02-23,공항철도,공항화물청사,2230,2368,4598
2022-02-23,공항철도,김포공항,10908,6004,16912
2022-02-23,공항철도,디지털미디어시티,12606,11513,24119
2022-02-23,공항철도,마곡나루,7850,7572,15422
2022-02-23,공항철도,서울역,6524,5994,12518
2022-02-23,공항철도,영종,2658,2618,5276
2022-02-23,공항철도,운서,6005,5920,11925
2022-02-23,공항철도,인천공항1터미널,3398,3646,7044
2022-02-23,공항철도,인천공항2터미널,1956,1883,3839
2022-02-23,공항철도,청라국제도시,6264,5746,12010
2022-02-23,공항철도,홍대입구,8317,8434,16751
2022-02-23,과천선,경마공원,1398,1389,2787
2022-02-23,과천선,과천,5594,5245,10839
2022-02-23,과천선,대공원,1944,2000,3944
2022-02-23,과천선,범계,23251,22834,46085
2022-02-23,과천선,선바위,7161,6363,13524
2022-02-23,과천선,인덕원,21681,22746,44427
2022-02-23,과천선,정부과천청사,9345,9475,18820
2022-02-23,과천선,평촌,16534,16103,32637
2022-02-23,분당선,가천대,6677,7640,14317
2022-02-23,분당선,강남구청,9674,11001,20675
2022-02-23,분당선,개포동,3427,3583,7010
2022-02-23,분당선,구룡,1704,1644,3348
2022-02-23,분당선,구성,4414,4666,9080
2022-02-23,분당선,기흥,8445,8054,16499
2022-02-23,분당선,대모산입구,4034,3877,7911
2022-02-23,분당선,도곡,6204,6196,12400
2022-02-23,분당선,망포,12871,12154,25025
2022-02-23,분당선,매교,2468,2486,4954
2022-02-23,분당선,매탄권선,4363,4255,8618
2022-02-23,분당선,모란,17778,17968,35746
2022-02-23,분당선,미금,14034,14905,28939
2022-02-23,분당선,보정,2151,1926,4077
2022-02-23,분당선,복정,2,0,2
2022-02-23,분당선,상갈,4733,4560,9293
2022-02-23,분당선,서울숲,9072,9237,18309
2022-02-23,분당선,서현,22372,22617,44989
2022-02-23,분당선,선릉,12636,18793,31429
2022-02-23,분당선,선정릉,7688,8132,15820
2022-02-23,분당선,수내,12325,12383,24708
2022-02-23,분당선,수서,12022,12131,24153
2022-02-23,분당선,수원,7114,5829,12943
2022-02-23,분당선,수원시청,11486,12090,23576
2022-02-23,분당선,신갈,3964,3954,7918
2022-02-23,분당선,압구정로데오,17569,18907,36476
2022-02-23,분당선,야탑,23749,24745,48494
2022-02-23,분당선,영통,7383,7340,14723
2022-02-23,분당선,오리,10821,9030,19851
2022-02-23,분당선,이매,4997,4953,9950
2022-02-23,분당선,정자,15612,16535,32147
2022-02-23,분당선,죽전,11334,12564,23898
2022-02-23,분당선,청명,3567,3644,7211
2022-02-23,분당선,태평,12337,11916,24253
2022-02-23,분당선,한티,13482,14381,27863
2022-02-23,수인선,고색,4396,4239,8635
2022-02-23,수인선,남동인더스파크,2281,2483,4764
2022-02-23,수인선,달월,95,62,157
2022-02-23,수인선,사리,4113,3599,7712
2022-02-23,수인선,소래포구,3944,3715,7659
2022-02-23,수인선,송도,2091,1980,4071
2022-02-23,수인선,숭의,3497,3339,6836
2022-02-23,수인선,신포,1487,1473,2960
2022-02-23,수인선,야목,326,239,565
2022-02-23,수인선,어천,576,607,1183
2022-02-23,수인선,연수,3849,3848,7697
2022-02-23,수인선,오목천,2338,2231,4569
2022-02-23,수인선,원인재,3879,4121,8000
2022-02-23,수인선,월곶,2503,2326,4829
2022-02-23,수인선,인천,895,1401,2296
2022-02-23,수인선,인천논현,4885,5149,10034
2022-02-23,수인선,인하대,5012,4736,9748
2022-02-23,수인선,호구포,3686,3836,7522
2022-02-23,안산선,고잔,7807,7436,15243
2022-02-23,안산선,대야미,4289,3964,8253
2022-02-23,안산선,반월,3715,3631,7346
2022-02-23,안산선,산본,14162,15152,29314
2022-02-23,안산선,상록수,13829,14284,28113
2022-02-23,안산선,수리산,3661,3089,6750
2022-02-23,안산선,신길온천,1438,1415,2853
2022-02-23,안산선,안산,10108,9163,19271
2022-02-23,안산선,오이도,7166,6979,14145
2022-02-23,안산선,정왕,6570,7041,13611
2022-02-23,안산선,중앙,15302,15705,31007
2022-02-23,안산선,초지,4081,4173,8254
2022-02-23,안산선,한대앞,7907,7948,15855
2022-02-23,우이신설선,4.19민주묘지,2651,2678,5329
2022-02-23,우이신설선,가오리,3776,3815,7591
2022-02-23,우이신설선,보문,1325,1369,2694
2022-02-23,우이신설선,북한산보국문,5353,5243,10596
2022-02-23,우이신설선,북한산우이,2181,1950,4131
2022-02-23,우이신설선,삼양,1779,2000,3779
2022-02-23,우이신설선,삼양사거리,2210,2212,4422
2022-02-23,우이신설선,성신여대입구,3006,3346,6352
2022-02-23,우이신설선,솔밭공원,2195,2098,4293
2022-02-23,우이신설선,솔샘,5296,5021,10317
2022-02-23,우이신설선,신설동,1940,1847,3787
2022-02-23,우이신설선,정릉,4194,3779,7973
2022-02-23,우이신설선,화계,3077,2871,5948
2022-02-23,일산선,대곡,1745,1401,3146
2022-02-23,일산선,대화,11113,8994,20107
2022-02-23,일산선,마두,6700,6930,13630
2022-02-23,일산선,백석,8585,8562,17147
2022-02-23,일산선,삼송,17336,16977,34313
2022-02-23,일산선,원당,9722,9311,19033
2022-02-23,일산선,원흥,9374,9081,18455
2022-02-23,일산선,정발산,6628,6507,13135
2022-02-23,일산선,주엽,8002,7970,15972
2022-02-23,일산선,화정,15121,15468,30589
2022-02-23,장항선,배방,818,782,1600
2022-02-23,장항선,봉명,1094,1083,2177
2022-02-23,장항선,신창,972,955,1927
2022-02-23,장항선,쌍용,1525,1422,2947
2022-02-23,장항선,아산,2397,2092,4489
2022-02-23,장항선,온양온천,2813,2832,5645
2022-02-23,장항선,탕정,537,518,1055
2022-02-23,중앙선,구리,11899,12108,24007
2022-02-23,중앙선,국수,547,556,1103
2022-02-23,중앙선,덕소,4826,4811,9637
2022-02-23,중앙선,도농,9312,8539,17851
2022-02-23,중앙선,도심,2081,1709,3790
2022-02-23,중앙선,망우,6791,6761,13552
2022-02-23,중앙선,상봉,5085,5162,10247
2022-02-23,중앙선,신원,158,174,332
2022-02-23,중앙선,아신,442,431,873
2022-02-23,중앙선,양수,1432,1355,2787
2022-02-23,중앙선,양원,2231,2179,4410
2022-02-23,중앙선,양정,598,522,1120
2022-02-23,중앙선,양평,2702,2715,5417
2022-02-23,중앙선,오빈,249,252,501
2022-02-23,중앙선,용문,1211,1279,2490
2022-02-23,중앙선,운길산,482,464,946
2022-02-23,중앙선,원덕,286,262,548
2022-02-23,중앙선,중랑,4999,4819,9818
2022-02-23,중앙선,지평,64,42,106
2022-02-23,중앙선,팔당,651,660,1311
2022-02-23,중앙선,회기,21558,20894,42452
2022-02-24,1호선,동대문,9556,8859,18415
2022-02-24,1호선,동묘앞,6531,6841,13372
2022-02-24,1호선,서울역,37837,35692,73529
2022-02-24,1호선,시청,20005,20204,40209
2022-02-24,1호선,신설동,12651,12414,25065
2022-02-24,1호선,제기동,15014,15319,30333
2022-02-24,1호선,종각,30155,29396,59551
2022-02-24,1호선,종로3가,22333,20489,42822
2022-02-24,1호선,종로5가,20479,19916,40395
2022-02-24,1호선,청량리,17450,17775,35225
2022-02-24,2호선,강남,78049,75887,153936
2022-02-24,2호선,강변,26439,25018,51457
2022-02-24,2호선,건대입구,31009,32730,63739
2022-02-24,2호선,교대,31319,34992,66311
2022-02-24,2호선,구로디지털단지,54452,54816,109268
2022-02-24,2호선,구의,21892,21676,43568
2022-02-24,2호선,낙성대,24498,23836,48334
2022-02-24,2호선,당산,16366,19053,35419
2022-02-24,2호선,대림,21629,22100,43729
2022-02-24,2호선,도림천,1266,1320,2586
2022-02-24,2호선,동대문역사문화공원,9949,11258,21207
2022-02-24,2호선,뚝섬,20121,21680,41801
2022-02-24,2호선,문래,19741,20016,39757
2022-02-24,2호선,방배,14819,15600,30419
2022-02-24,2호선,봉천,21663,20364,42027
2022-02-24,2호선,사당,32650,35319,67969
2022-02-24,2호선,삼성,48671,48677,97348
2022-02-24,2호선,상왕십리,12932,12626,25558
2022-02-24,2호선,서울대입구,42850,42178,85028
2022-02-24,2호선,서초,19488,19130,38618
2022-02-24,2호선,선릉,52319,46189,98508
2022-02-24,2호선,성수,35037,38067,73104
2022-02-24,2호선,시청,21515,20765,42280
2022-02-24,2호선,신답,1543,1773,3316
2022-02-24,2호선,신당,12615,13124,25739
2022-02-24,2호선,신대방,24386,23664,48050
2022-02-24,2호선,신도림,41860,41365,83225
2022-02-24,2호선,신림,58164,57098,115262
2022-02-24,2호선,신설동,3061,3177,6238
2022-02-24,2호선,신정네거리,9242,9629,18871
2022-02-24,2호선,신촌,28791,29131,57922
2022-02-24,2호선,아현,9001,8665,17666
2022-02-24,2호선,양천구청,6117,6433,12550
2022-02-24,2호선,역삼,48233,53237,101470
2022-02-24,2호선,영등포구청,21430,21778,43208
2022-02-24,2호선,왕십리,14217,12056,26273
2022-02-24,2호선,용답,2448,2473,4921
2022-02-24,2호선,용두,2130,2327,4457
2022-02-24,2호선,을지로3가,19818,19682,39500
2022-02-24,2호선,을지로4가,12058,11853,23911
2022-02-24,2호선,을지로입구,34543,35363,69906
2022-02-24,2호선,이대,11943,12637,24580
2022-02-24,2호선,잠실,58624,58158,116782
2022-02-24,2호선,잠실나루,12927,12651,25578
2022-02-24,2호선,잠실새내,18972,18835,37807
2022-02-24,2호선,종합운동장,6173,6465,12638
2022-02-24,2호선,충정로,9078,9613,18691
2022-02-24,2호선,한양대,6641,7146,13787
2022-02-24,2호선,합정,27527,28313,55840
2022-02-24,2호선,홍대입구,47853,49300,97153
2022-02-24,3호선,가락시장,8173,7901,16074
2022-02-24,3호선,경복궁,17286,17274,34560
2022-02-24,3호선,경찰병원,6733,6790,13523
2022-02-24,3호선,고속터미널,33755,32848,66603
2022-02-24,3호선,교대,13076,8584,21660
2022-02-24,3호선,구파발,18524,17717,36241
2022-02-24,3호선,금호,7158,6690,13848
2022-02-24,3호선,남부터미널,26310,26764,53074
2022-02-24,3호선,녹번,13991,12630,26621
2022-02-24,3호선,대청,9037,8525,17562
2022-02-24,3호선,대치,10618,10519,21137
2022-02-24,3호선,도곡,4715,4875,9590
2022-02-24,3호선,독립문,6161,6386,12547
2022-02-24,3호선,동대입구,7109,7582,14691
2022-02-24,3호선,매봉,11608,11045,22653
2022-02-24,3호선,무악재,3530,3600,7130
2022-02-24,3호선,불광,14789,15809,30598
2022-02-24,3호선,수서,15291,15710,31001
2022-02-24,3호선,신사,28939,29897,58836
2022-02-24,3호선,안국,17590,17971,35561
2022-02-24,3호선,압구정,29278,30924,60202
2022-02-24,3호선,약수,11588,11120,22708
2022-02-24,3호선,양재,35453,38382,73835
2022-02-24,3호선,연신내,32820,31236,64056
2022-02-24,3호선,오금,5703,5149,10852
2022-02-24,3호선,옥수,7815,8208,16023
2022-02-24,3호선,을지로3가,9438,9520,18958
2022-02-24,3호선,일원,8949,8643,17592
2022-02-24,3호선,잠원,4196,4200,8396
2022-02-24,3호선,종로3가,9649,10929,20578
2022-02-24,3호선,지축,4120,3924,8044
2022-02-24,3호선,학여울,1611,1595,3206
2022-02-24,3호선,홍제,15763,15105,30868
2022-02-24,4호선,길음,17895,17731,35626
2022-02-24,4호선,남태령,989,860,1849
2022-02-24,4호선,노원,16569,18529,35098
2022-02-24,4호선,당고개,11506,10568,22074
2022-02-24,4호선,동대문,17234,17821,35055
2022-02-24,4호선,동대문역사문화공원,13362,12072,25434
2022-02-24,4호선,동작,1222,1366,2588
2022-02-24,4호선,명동,15644,16165,31809
2022-02-24,4호선,미아,13288,13197,26485
2022-02-24,4호선,미아사거리,24453,24051,48504
2022-02-24,4호선,사당,21720,17985,39705
2022-02-24,4호선,삼각지,4247,4676,8923
2022-02-24,4호선,상계,17022,15984,33006
2022-02-24,4호선,서울역,9927,14091,24018
2022-02-24,4호선,성신여대입구,17943,17365,35308
2022-02-24,4호선,수유,30683,30906,61589
2022-02-24,4호선,숙대입구,11534,11501,23035
2022-02-24,4호선,신용산,14302,15179,29481
2022-02-24,4호선,쌍문,26760,24591,51351
2022-02-24,4호선,이촌,6645,7276,13921
2022-02-24,4호선,창동,22887,24450,47337
2022-02-24,4호선,총신대입구,16955,18300,35255
2022-02-24,4호선,충무로,24227,24905,49132
2022-02-24,4호선,한성대입구,11686,11312,22998
2022-02-24,4호선,혜화,29376,29097,58473
2022-02-24,4호선,회현,20614,21799,42413
2022-02-24,5호선,강동,17047,16204,33251
2022-02-24,5호선,강일,3543,3548,7091
2022-02-24,5호선,개롱,5793,6144,11937
2022-02-24,5호선,개화산,5158,4991,10149
2022-02-24,5호선,거여,8795,8371,17166
2022-02-24,5호선,고덕,8247,8373,16620
2022-02-24,5호선,공덕,12488,13071,25559
2022-02-24,5호선,광나루,11795,10780,22575
2022-02-24,5호선,광화문,26184,27043,53227
2022-02-24,5호선,군자,10428,11351,21779
2022-02-24,5호선,굽은다리,8655,8286,16941
2022-02-24,5호선,길동,7188,7592,14780
2022-02-24,5호선,김포공항,6810,6260,13070
2022-02-24,5호선,까치산,26531,25634,52165
2022-02-24,5호선,답십리,14518,13434,27952
2022-02-24,5호선,동대문역사문화공원,2731,3156,5887
2022-02-24,5호선,둔촌동,7817,7983,15800
2022-02-24,5호선,마곡,10076,10094,20170
2022-02-24,5호선,마장,5038,4594,9632
2022-02-24,5호선,마천,6401,6366,12767
2022-02-24,5호선,마포,13224,13533,26757
2022-02-24,5호선,명일,7651,7982,15633
2022-02-24,5호선,목동,15148,16315,31463
2022-02-24,5호선,미사,14512,14455,28967
2022-02-24,5호선,발산,19188,19350,38538
2022-02-24,5호선,방이,6607,6967,13574
2022-02-24,5호선,방화,5898,5635,11533
2022-02-24,5호선,상일동,13670,12758,26428
2022-02-24,5호선,서대문,17054,17277,34331
2022-02-24,5호선,송정,5961,5647,11608
2022-02-24,5호선,신금호,5688,6002,11690
2022-02-24,5호선,신길,3770,4164,7934
2022-02-24,5호선,신정,12801,10642,23443
2022-02-24,5호선,아차산,13288,13031,26319
2022-02-24,5호선,애오개,6237,6335,12572
2022-02-24,5호선,양평,6958,6992,13950
2022-02-24,5호선,여의나루,7706,8778,16484
2022-02-24,5호선,여의도,26046,26958,53004
2022-02-24,5호선,영등포구청,3666,3749,7415
2022-02-24,5호선,영등포시장,9251,9540,18791
2022-02-24,5호선,오금,3340,3402,6742
2022-02-24,5호선,오목교,19876,20969,40845
2022-02-24,5호선,올림픽공원,3602,3216,6818
2022-02-24,5호선,왕십리,4267,4717,8984
2022-02-24,5호선,우장산,12860,12848,25708
2022-02-24,5호선,을지로4가,5689,5739,11428
2022-02-24,5호선,장한평,17401,17373,34774
2022-02-24,5호선,종로3가,10809,10721,21530
2022-02-24,5호선,천호,16105,15787,31892
2022-02-24,5호선,청구,3725,3445,7170
2022-02-24,5호선,충정로,4255,4406,8661
2022-02-24,5호선,하남검단산,4928,4858,9786
2022-02-24,5호선,하남시청,6039,5983,12022
2022-02-24,5호선,하남풍산,3873,3953,7826
2022-02-24,5호선,행당,7235,6564,13799
2022-02-24,5호선,화곡,26003,24521,50524
2022-02-24,6호선,고려대,7205,7203,14408
2022-02-24,6호선,공덕,16650,15966,32616
2022-02-24,6호선,광흥창,8068,7896,15964
2022-02-24,6호선,구산,6832,5338,12170
2022-02-24,6호선,녹사평,4050,4099,8149
2022-02-24,6호선,대흥,7261,7562,14823
2022-02-24,6호선,독바위,2456,2639,5095
2022-02-24,6호선,돌곶이,8585,8053,16638
2022-02-24,6호선,동묘앞,7126,7240,14366
2022-02-24,6호선,디지털미디어시티,12326,13490,25816
2022-02-24,6호선,마포구청,13112,12190,25302
2022-02-24,6호선,망원,12755,13449,26204
2022-02-24,6호선,버티고개,1807,1840,3647
2022-02-24,6호선,보문,6751,6176,12927
2022-02-24,6호선,봉화산,8036,7593,15629
2022-02-24,6호선,불광,3836,3790,7626
2022-02-24,6호선,삼각지,5533,4875,10408
2022-02-24,6호선,상수,7474,8287,15761
2022-02-24,6호선,상월곡,5621,5042,10663
2022-02-24,6호선,새절,11588,10921,22509
2022-02-24,6호선,석계,11304,11778,23082
2022-02-24,6호선,신당,7692,7996,15688
2022-02-24,6호선,안암,9675,9602,19277
2022-02-24,6호선,약수,3201,3252,6453
2022-02-24,6호선,역촌,3608,4194,7802
2022-02-24,6호선,연신내,1,0,1
2022-02-24,6호선,월곡,10470,10440,20910
2022-02-24,6호선,월드컵경기장,3707,3833,7540
2022-02-24,6호선,응암,15998,16066,32064
2022-02-24,6호선,이태원,8265,8242,16507
2022-02-24,6호선,증산,9293,9261,18554
2022-02-24,6호선,창신,3095,2463,5558
2022-02-24,6호선,청구,3564,3756,7320
2022-02-24,6호선,태릉입구,4999,5416,10415
2022-02-24,6호선,한강진,6471,7426,13897
2022-02-24,6호선,합정,11558,11212,22770
2022-02-24,6호선,화랑대,10554,8457,19011
2022-02-24,6호선,효창공원앞,6364,5852,12216
2022-02-24,7호선,가산디지털단지,42963,43060,86023
2022-02-24,7호선,강남구청,15513,16876,32389
2022-02-24,7호선,건대입구,10766,11067,21833
2022-02-24,7호선,고속터미널,13729,11804,25533
2022-02-24,7호선,공릉,11641,11436,23077
2022-02-24,7호선,광명사거리,20153,19965,40118
2022-02-24,7호선,군자,13917,11146,25063
2022-02-24,7호선,까치울,1,0,1
2022-02-24,7호선,남구로,14839,15722,30561
2022-02-24,7호선,남성,10036,9480,19516
2022-02-24,7호선,내방,13623,13897,27520
2022-02-24,7호선,노원,17807,18232,36039
2022-02-24,7호선,논현,18911,20453,39364
2022-02-24,7호선,대림,6905,6894,13799
2022-02-24,7호선,도봉산,8055,9390,17445
2022-02-24,7호선,뚝섬유원지,6665,6497,13162
2022-02-24,7호선,마들,11765,11312,23077
2022-02-24,7호선,먹골,9329,9213,18542
2022-02-24,7호선,면목,14021,13785,27806
2022-02-24,7호선,반포,5384,5119,10503
2022-02-24,7호선,보라매,8992,9003,17995
2022-02-24,7호선,부천시청,2,0,2
2022-02-24,7호선,사가정,14631,14886,29517
2022-02-24,7호선,상도,9746,9494,19240
2022-02-24,7호선,상봉,15529,14587,30116
2022-02-24,7호선,수락산,11296,11215,22511
2022-02-24,7호선,숭실대입구,10373,10699,21072
2022-02-24,7호선,신대방삼거리,15477,14751,30228
2022-02-24,7호선,신중동,1,0,1
2022-02-24,7호선,신풍,10553,10058,20611
2022-02-24,7호선,어린이대공원,11312,11230,22542
2022-02-24,7호선,온수,9106,8448,17554
2022-02-24,7호선,용마산,5575,5471,11046
2022-02-24,7호선,이수,14355,13970,28325
2022-02-24,7호선,장승배기,8453,8348,16801
2022-02-24,7호선,장암,2016,758,2774
2022-02-24,7호선,중계,12654,11525,24179
2022-02-24,7호선,중곡,9912,9415,19327
2022-02-24,7호선,중화,9963,9790,19753
2022-02-24,7호선,천왕,10289,9899,20188
2022-02-24,7호선,철산,18606,19003,37609
2022-02-24,7호선,청담,18241,20419,38660
2022-02-24,7호선,태릉입구,7755,7292,15047
2022-02-24,7호선,하계,15944,15015,30959
2022-02-24,7호선,학동,22973,24208,47181
2022-02-24,8호선,가락시장,7114,7755,14869
2022-02-24,8호선,강동구청,9778,10229,20007
2022-02-24,8호선,남위례,3779,4001,7780
2022-02-24,8호선,남한산성입구,12357,11406,23763
2022-02-24,8호선,단대오거리,9748,9551,19299
2022-02-24,8호선,모란,5353,4132,9485
2022-02-24,8호선,몽촌토성,5426,5529,10955
2022-02-24,8호선,문정,21012,22049,43061
2022-02-24,8호선,복정,8594,7391,15985
2022-02-24,8호선,산성,4582,4727,9309
2022-02-24,8호선,석촌,7297,8168,15465
2022-02-24,8호선,송파,6742,6964,13706
2022-02-24,8호선,수진,5009,4570,9579
2022-02-24,8호선,신흥,3956,4258,8214
2022-02-24,8호선,암사,17404,15445,32849
2022-02-24,8호선,잠실,12235,14151,26386
2022-02-24,8호선,장지,15630,15364,30994
2022-02-24,8호선,천호,13550,15437,28987
2022-02-24,9호선,가양,18403,17967,36370
2022-02-24,9호선,개화,2207,1602,3809
2022-02-24,9호선,고속터미널,10291,13409,23700
2022-02-24,9호선,공항시장,2819,3026,5845
2022-02-24,9호선,구반포,1193,1257,2450
2022-02-24,9호선,국회의사당,15048,15258,30306
2022-02-24,9호선,김포공항,6689,10269,16958
2022-02-24,9호선,노들,3921,3369,7290
2022-02-24,9호선,노량진,23389,22686,46075
2022-02-24,9호선,당산,16631,16401,33032
2022-02-24,9호선,동작,1825,1518,3343
2022-02-24,9호선,등촌,10440,10336,20776
2022-02-24,9호선,마곡나루,10820,10656,21476
2022-02-24,9호선,사평,3141,3005,6146
2022-02-24,9호선,샛강,5304,5493,10797
2022-02-24,9호선,선유도,7809,7502,15311
2022-02-24,9호선,신논현,28628,28333,56961
2022-02-24,9호선,신목동,3657,3213,6870
2022-02-24,9호선,신반포,2925,2898,5823
2022-02-24,9호선,신방화,6197,6128,12325
2022-02-24,9호선,양천향교,8867,9026,17893
2022-02-24,9호선,여의도,24844,23616,48460
2022-02-24,9호선,염창,15668,15340,31008
2022-02-24,9호선,증미,6723,6701,13424
2022-02-24,9호선,흑석,7184,7529,14713
2022-02-24,9호선2~3단계,둔촌오륜,1020,970,1990
2022-02-24,9호선2~3단계,봉은사,15614,16053,31667
2022-02-24,9호선2~3단계,삼성중앙,6121,6529,12650
2022-02-24,9호선2~3단계,삼전,6601,6389,12990
2022-02-24,9호선2~3단계,석촌,7638,6813,14451
2022-02-24,9호선2~3단계,석촌고분,5718,5761,11479
2022-02-24,9호선2~3단계,선정릉,8856,9642,18498
2022-02-24,9호선2~3단계,송파나루,4843,5004,9847
2022-02-24,9호선2~3단계,언주,9976,10261,20237
2022-02-24,9호선2~3단계,올림픽공원,5105,5053,10158
2022-02-24,9호선2~3단계,종합운동장,3898,3802,7700
2022-02-24,9호선2~3단계,중앙보훈병원,9905,8836,18741
2022-02-24,9호선2~3단계,한성백제,2424,2147,4571
2022-02-24,경강선,경기광주,6815,6523,13338
2022-02-24,경강선,곤지암,1865,1897,3762
2022-02-24,경강선,부발,1773,1647,3420
2022-02-24,경강선,삼동,2090,2004,4094
2022-02-24,경강선,세종대왕릉,239,247,486
2022-02-24,경강선,신둔도예촌,1167,1153,2320
2022-02-24,경강선,여주,1734,1845,3579
2022-02-24,경강선,이매,1016,839,1855
2022-02-24,경강선,이천,2258,2304,4562
2022-02-24,경강선,초월,2721,2673,5394
2022-02-24,경강선,판교,4211,4155,8366
2022-02-24,경부선,가산디지털단지,16783,19393,36176
2022-02-24,경부선,관악,6419,5957,12376
2022-02-24,경부선,광명,2896,2583,5479
2022-02-24,경부선,구로,16750,17052,33802
2022-02-24,경부선,군포,7208,7282,14490
2022-02-24,경부선,금정,23733,24261,47994
2022-02-24,경부선,금천구청,10690,10715,21405
2022-02-24,경부선,남영,8225,8560,16785
2022-02-24,경부선,노량진,6773,6962,13735
2022-02-24,경부선,당정,5625,5397,11022
2022-02-24,경부선,대방,11554,11973,23527
2022-02-24,경부선,독산,17211,18118,35329
2022-02-24,경부선,두정,4273,4359,8632
2022-02-24,경부선,명학,8321,8229,16550
2022-02-24,경부선,병점,12247,12144,24391
2022-02-24,경부선,서동탄,1221,1083,2304
2022-02-24,경부선,서울역,5343,1775,7118
2022-02-24,경부선,서정리,5626,5232,10858
2022-02-24,경부선,석수,8679,7828,16507
2022-02-24,경부선,성균관대,12561,12421,24982
2022-02-24,경부선,성환,2481,2453,4934
2022-02-24,경부선,세류,2565,2365,4930
2022-02-24,경부선,세마,2313,2182,4495
2022-02-24,경부선,송탄,3670,3501,7171
2022-02-24,경부선,수원,28409,30288,58697
2022-02-24,경부선,신길,8004,6822,14826
2022-02-24,경부선,신도림,3796,3654,7450
2022-02-24,경부선,안양,18936,18785,37721
2022-02-24,경부선,영등포,32896,33024,65920
2022-02-24,경부선,오산,7999,8074,16073
2022-02-24,경부선,오산대,2939,2694,5633
2022-02-24,경부선,용산,28675,28737,57412
2022-02-24,경부선,의왕,8021,7976,15997
2022-02-24,경부선,직산,678,648,1326
2022-02-24,경부선,진위,1363,1232,2595
2022-02-24,경부선,천안,3918,4115,8033
2022-02-24,경부선,평택,9466,9359,18825
2022-02-24,경부선,평택지제,2830,2815,5645
2022-02-24,경부선,화서,7051,6882,13933
2022-02-24,경원선,가능,5881,5730,11611
2022-02-24,경원선,광운대,7287,7265,14552
2022-02-24,경원선,녹양,3953,3781,7734
2022-02-24,경원선,녹천,4191,3526,7717
2022-02-24,경원선,덕계,2676,2438,5114
2022-02-24,경원선,덕정,4686,4594,9280
2022-02-24,경원선,도봉,5466,5384,10850
2022-02-24,경원선,도봉산,6816,4213,11029
2022-02-24,경원선,동두천,1797,1970,3767
2022-02-24,경원선,동두천중앙,2637,2571,5208
2022-02-24,경원선,망월사,6727,6826,13553
2022-02-24,경원선,방학,8625,8548,17173
2022-02-24,경원선,보산,1233,1145,2378
2022-02-24,경원선,서빙고,1875,1808,3683
2022-02-24,경원선,석계,7391,8115,15506
2022-02-24,경원선,소요산,2136,1836,3972
2022-02-24,경원선,신이문,7603,7094,14697
2022-02-24,경원선,양주,6568,6194,12762
2022-02-24,경원선,옥수,42,22,64
2022-02-24,경원선,왕십리,12396,13802,26198
2022-02-24,경원선,외대앞,6579,6624,13203
2022-02-24,경원선,월계,5657,5397,11054
2022-02-24,경원선,응봉,1673,1367,3040
2022-02-24,경원선,의정부,16146,16409,32555
2022-02-24,경원선,이촌,3114,2442,5556
2022-02-24,경원선,지행,5487,5437,10924
2022-02-24,경원선,청량리,13023,13153,26176
2022-02-24,경원선,한남,3694,3412,7106
2022-02-24,경원선,회룡,11297,11246,22543
2022-02-24,경의선,가좌,4680,4481,9161
2022-02-24,경의선,강매,2922,2581,5503
2022-02-24,경의선,계양,1,0,1
2022-02-24,경의선,곡산,476,535,1011
2022-02-24,경의선,공덕,3127,2786,5913
2022-02-24,경의선,금릉,4188,4050,8238
2022-02-24,경의선,금촌,5674,5507,11181
2022-02-24,경의선,능곡,3367,3063,6430
2022-02-24,경의선,디지털미디어시티,2161,2005,4166
2022-02-24,경의선,문산,4510,4435,8945
2022-02-24,경의선,백마,6172,6098,12270
2022-02-24,경의선,서강대,1816,1845,3661
2022-02-24,경의선,서울역,3706,4872,8578
2022-02-24,경의선,수색,2567,2660,5227
2022-02-24,경의선,신촌,806,1014,1820
2022-02-24,경의선,야당,6487,6371,12858
2022-02-24,경의선,운정,6108,5752,11860
2022-02-24,경의선,월롱,2256,2020,4276
2022-02-24,경의선,일산,8216,8121,16337
2022-02-24,경의선,임진강,4,3,7
2022-02-24,경의선,탄현,6830,6662,13492
2022-02-24,경의선,파주,900,674,1574
2022-02-24,경의선,풍산,5004,4578,9582
2022-02-24,경의선,행신,6824,7001,13825
2022-02-24,경의선,홍대입구,1459,1704,3163
2022-02-24,경의선,화전,1250,1171,2421
2022-02-24,경의선,효창공원앞,2665,3123,5788
2022-02-24,경인선,간석,5209,4960,10169
2022-02-24,경인선,개봉,19433,19297,38730
2022-02-24,경인선,구일,5385,5409,10794
2022-02-24,경인선,도원,2222,2290,4512
2022-02-24,경인선,도화,3719,3413,7132
2022-02-24,경인선,동암,12933,12962,25895
2022-02-24,경인선,동인천,12223,11632,23855
2022-02-24,경인선,백운,6125,6070,12195
2022-02-24,경인선,부개,7601,7264,14865
2022-02-24,경인선,부천,28919,28743,57662
2022-02-24,경인선,부평,25730,26838,52568
2022-02-24,경인선,소사,7579,7413,14992
2022-02-24,경인선,송내,23674,23595,47269
2022-02-24,경인선,역곡,23999,23903,47902
2022-02-24,경인선,오류동,10642,10076,20718
2022-02-24,경인선,온수,5842,5657,11499
2022-02-24,경인선,인천,2958,2298,5256
2022-02-24,경인선,제물포,9092,8645,17737
2022-02-24,경인선,주안,16122,14820,30942
2022-02-24,경인선,중동,8326,8020,16346
2022-02-24,경춘선,가평,1332,1377,2709
2022-02-24,경춘선,갈매,2739,2328,5067
2022-02-24,경춘선,강촌,242,291,533
2022-02-24,경춘선,굴봉산,74,93,167
2022-02-24,경춘선,금곡,1335,1292,2627
2022-02-24,경춘선,김유정,233,248,481
2022-02-24,경춘선,남춘천,1869,1876,3745
2022-02-24,경춘선,대성리,396,346,742
2022-02-24,경춘선,마석,3130,3111,6241
2022-02-24,경춘선,백양리,285,272,557
2022-02-24,경춘선,별내,2946,2834,5780
2022-02-24,경춘선,사릉,2839,2774,5613
2022-02-24,경춘선,상천,172,157,329
2022-02-24,경춘선,신내,1825,1805,3630
2022-02-24,경춘선,천마산,1461,1331,2792
2022-02-24,경춘선,청평,1385,1353,2738
2022-02-24,경춘선,춘천,1001,884,1885
2022-02-24,경춘선,퇴계원,3253,2995,6248
2022-02-24,경춘선,평내호평,5381,5183,10564
2022-02-24,공항철도,검암,6025,5943,11968
2022-02-24,공항철도,계양,9035,8516,17551
2022-02-24,공항철도,공덕,2094,2657,4751
2022-02-24,공항철도,공항화물청사,2221,2325,4546
2022-02-24,공항철도,김포공항,11480,6074,17554
2022-02-24,공항철도,디지털미디어시티,12593,11569,24162
2022-02-24,공항철도,마곡나루,7834,7557,15391
2022-02-24,공항철도,서울역,6478,5955,12433
2022-02-24,공항철도,영종,2776,2725,5501
2022-02-24,공항철도,운서,5990,6199,12189
2022-02-24,공항철도,인천공항1터미널,3403,3668,7071
2022-02-24,공항철도,인천공항2터미널,1848,1820,3668
2022-02-24,공항철도,청라국제도시,6055,5734,11789
2022-02-24,공항철도,홍대입구,8801,8530,17331
2022-02-24,과천선,경마공원,1200,1208,2408
2022-02-24,과천선,과천,5600,5333,10933
2022-02-24,과천선,대공원,2157,2304,4461
2022-02-24,과천선,범계,23007,22574,45581
2022-02-24,과천선,선바위,7196,6463,13659
2022-02-24,과천선,인덕원,21936,22717,44653
2022-02-24,과천선,정부과천청사,9500,9637,19137
2022-02-24,과천선,평촌,16319,16070,32389
2022-02-24,분당선,가천대,6819,7689,14508
2022-02-24,분당선,강남구청,9538,10842,20380
2022-02-24,분당선,개포동,3341,3602,6943
2022-02-24,분당선,구룡,1744,1716,3460
2022-02-24,분당선,구성,4541,4776,9317
2022-02-24,분당선,기흥,8509,8106,16615
2022-02-24,분당선,대모산입구,4108,3816,7924
2022-02-24,분당선,도곡,6317,6202,12519
2022-02-24,분당선,망포,12879,12275,25154
2022-02-24,분당선,매교,2877,2927,5804
2022-02-24,분당선,매탄권선,4405,4196,8601
2022-02-24,분당선,모란,22635,23289,45924
2022-02-24,분당선,미금,14346,15257,29603
2022-02-24,분당선,보정,2152,1877,4029
2022-02-24,분당선,복정,1,0,1
2022-02-24,분당선,상갈,4721,4604,9325
2022-02-24,분당선,서울숲,9065,9112,18177
2022-02-24,분당선,서현,22564,22661,45225
2022-02-24,분당선,선릉,12525,18608,31133
2022-02-24,분당선,선정릉,7650,8093,15743
2022-02-24,분당선,수내,12562,12453,25015
2022-02-24,분당선,수서,12494,12753,25247
2022-02-24,분당선,수원,7077,5853,12930
2022-02-24,분당선,수원시청,11322,11918,23240
2022-02-24,분당선,신갈,3976,4026,8002
2022-02-24,분당선,압구정로데오,17772,19165,36937
2022-02-24,분당선,야탑,23916,24743,48659
2022-02-24,분당선,영통,7266,7388,14654
2022-02-24,분당선,오리,10805,9019,19824
2022-02-24,분당선,이매,5014,4888,9902
2022-02-24,분당선,정자,15538,16450,31988
2022-02-24,분당선,죽전,11648,13035,24683
2022-02-24,분당선,청명,3652,3608,7260
2022-02-24,분당선,태평,12643,12287,24930
2022-02-24,분당선,한티,13537,14463,28000
2022-02-24,수인선,고색,4442,4288,8730
2022-02-24,수인선,남동인더스파크,2233,2532,4765
2022-02-24,수인선,달월,99,63,162
2022-02-24,수인선,사리,4142,3577,7719
2022-02-24,수인선,소래포구,4029,3727,7756
2022-02-24,수인선,송도,2180,1986,4166
2022-02-24,수인선,숭의,3514,3292,6806
2022-02-24,수인선,신포,1572,1540,3112
2022-02-24,수인선,야목,318,223,541
2022-02-24,수인선,어천,602,604,1206
2022-02-24,수인선,연수,3820,3858,7678
2022-02-24,수인선,오목천,2435,2305,4740
2022-02-24,수인선,원인재,3916,4152,8068
2022-02-24,수인선,월곶,2375,2149,4524
2022-02-24,수인선,인천,882,1446,2328
2022-02-24,수인선,인천논현,4826,5070,9896
2022-02-24,수인선,인하대,5141,4766,9907
2022-02-24,수인선,호구포,3644,3758,7402
2022-02-24,안산선,고잔,7920,7536,15456
2022-02-24,안산선,대야미,4378,3993,8371
2022-02-24,안산선,반월,3763,3615,7378
2022-02-24,안산선,산본,14064,14984,29048
2022-02-24,안산선,상록수,13882,14148,28030
2022-02-24,안산선,수리산,3774,3096,6870
2022-02-24,안산선,신길온천,1469,1371,2840
2022-02-24,안산선,안산,10342,9267,19609
2022-02-24,안산선,오이도,7104,7035,14139
2022-02-24,안산선,정왕,6693,7000,13693
2022-02-24,안산선,중앙,15127,15651,30778
2022-02-24,안산선,초지,4069,4234,8303
2022-02-24,안산선,한대앞,7802,7903,15705
2022-02-24,우이신설선,4.19민주묘지,2801,2749,5550
2022-02-24,우이신설선,가오리,3796,3799,7595
2022-02-24,우이신설선,보문,1345,1386,2731
2022-02-24,우이신설선,북한산보국문,5482,5289,10771
2022-02-24,우이신설선,북한산우이,2364,2094,4458
2022-02-24,우이신설선,삼양,1883,2040,3923
2022-02-24,우이신설선,삼양사거리,2215,2273,4488
2022-02-24,우이신설선,성신여대입구,3019,3338,6357
2022-02-24,우이신설선,솔밭공원,2248,2162,4410
2022-02-24,우이신설선,솔샘,5230,4986,10216
2022-02-24,우이신설선,신설동,2008,1886,3894
2022-02-24,우이신설선,정릉,4319,3933,8252
2022-02-24,우이신설선,화계,3083,3038,6121
2022-02-24,일산선,대곡,1761,1368,3129
2022-02-24,일산선,대화,11250,9002,20252
2022-02-24,일산선,마두,6675,6859,13534
2022-02-24,일산선,백석,8831,8791,17622
2022-02-24,일산선,삼송,17581,17304,34885
2022-02-24,일산선,원당,9863,9357,19220
2022-02-24,일산선,원흥,9446,9094,18540
2022-02-24,일산선,정발산,6444,6400,12844
2022-02-24,일산선,주엽,8085,8099,16184
2022-02-24,일산선,화정,15333,15829,31162
2022-02-24,장항선,배방,914,868,1782
2022-02-24,장항선,봉명,1142,1113,2255
2022-02-24,장항선,신창,934,883,1817
2022-02-24,장항선,쌍용,1663,1581,3244
2022-02-24,장항선,아산,2446,2201,4647
2022-02-24,장항선,온양온천,3584,3704,7288
2022-02-24,장항선,탕정,557,538,1095
2022-02-24,중앙선,구리,11842,12098,23940
2022-02-24,중앙선,국수,563,582,1145
2022-02-24,중앙선,덕소,4855,4790,9645
2022-02-24,중앙선,도농,9317,8779,18096
2022-02-24,중앙선,도심,1986,1619,3605
2022-02-24,중앙선,망우,6750,6836,13586
2022-02-24,중앙선,상봉,5158,5161,10319
2022-02-24,중앙선,신원,154,133,287
2022-02-24,중앙선,아신,457,414,871
2022-02-24,중앙선,양수,1409,1445,2854
2022-02-24,중앙선,양원,2129,2031,4160
2022-02-24,중앙선,양정,615,522,1137
2022-02-24,중앙선,양평,2196,2157,4353
2022-02-24,중앙선,오빈,257,245,502
2022-02-24,중앙선,용문,1325,1391,2716
2022-02-24,중앙선,운길산,545,455,1000
2022-02-24,중앙선,원덕,244,236,480
2022-02-24,중앙선,중랑,5096,4859,9955
2022-02-24,중앙선,지평,41,57,98
2022-02-24,중앙선,팔당,695,761,1456
2022-02-24,중앙선,회기,21448,20791,42239
2022-02-25,1호선,동대문,10233,9572,19805
2022-02-25,1호선,동묘앞,7198,7720,14918
2022-02-25,1호선,서울역,41491,40496,81987
2022-02-25,1호선,시청,19899,20338,40237
2022-02-25,1호선,신설동,13337,12932,26269
2022-02-25,1호선,제기동,16181,16616,32797
2022-02-25,1호선,종각,30665,29559,60224
2022-02-25,1호선,종로3가,23849,21836,45685
2022-02-25,1호선,종로5가,21823,21594,43417
2022-02-25,1호선,청량리,19380,19483,38863
2022-02-25,2호선,강남,81528,79636,161164
2022-02-25,2호선,강변,28180,27536,55716
2022-02-25,2호선,건대입구,32633,35145,67778
2022-02-25,2호선,교대,31369,35079,66448
2022-02-25,2호선,구로디지털단지,55205,55226,110431
2022-02-25,2호선,구의,22589,22197,44786
2022-02-25,2호선,낙성대,25530,24396,49926
2022-02-25,2호선,당산,16805,19337,36142
2022-02-25,2호선,대림,22122,22552,44674
2022-02-25,2호선,도림천,1211,1239,2450
2022-02-25,2호선,동대문역사문화공원,10651,11807,22458
2022-02-25,2호선,뚝섬,20585,21881,42466
2022-02-25,2호선,문래,19894,20256,40150
2022-02-25,2호선,방배,14502,15173,29675
2022-02-25,2호선,봉천,22452,21065,43517
2022-02-25,2호선,사당,33974,36946,70920
2022-02-25,2호선,삼성,48565,48562,97127
2022-02-25,2호선,상왕십리,13360,13087,26447
2022-02-25,2호선,서울대입구,45705,44336,90041
2022-02-25,2호선,서초,19477,18774,38251
2022-02-25,2호선,선릉,51910,45918,97828
2022-02-25,2호선,성수,35111,38305,73416
2022-02-25,2호선,시청,21304,20737,42041
2022-02-25,2호선,신답,1548,1748,3296
2022-02-25,2호선,신당,13204,13649,26853
2022-02-25,2호선,신대방,24838,23976,48814
2022-02-25,2호선,신도림,43994,43696,87690
2022-02-25,2호선,신림,60347,58809,119156
2022-02-25,2호선,신설동,3373,3469,6842
2022-02-25,2호선,신정네거리,9508,10006,19514
2022-02-25,2호선,신촌,30743,31027,61770
2022-02-25,2호선,아현,9327,9027,18354
2022-02-25,2호선,양천구청,6240,6654,12894
2022-02-25,2호선,역삼,47360,52138,99498
2022-02-25,2호선,영등포구청,21156,21700,42856
2022-02-25,2호선,왕십리,14891,12374,27265
2022-02-25,2호선,용답,2686,2616,5302
2022-02-25,2호선,용두,2327,2296,4623
2022-02-25,2호선,을지로3가,19940,20221,40161
2022-02-25,2호선,을지로4가,11970,12075,24045
2022-02-25,2호선,을지로입구,34721,35705,70426
2022-02-25,2호선,이대,12442,13090,25532
2022-02-25,2호선,잠실,61029,60105,121134
2022-02-25,2호선,잠실나루,13247,12640,25887
2022-02-25,2호선,잠실새내,19847,19822,39669
2022-02-25,2호선,종합운동장,6624,7210,13834
2022-02-25,2호선,충정로,9044,9551,18595
2022-02-25,2호선,한양대,6475,6910,13385
2022-02-25,2호선,합정,29008,30386,59394
2022-02-25,2호선,홍대입구,52009,54886,106895
2022-02-25,3호선,가락시장,8471,8334,16805
2022-02-25,3호선,경복궁,18138,18060,36198
2022-02-25,3호선,경찰병원,6836,6736,13572
2022-02-25,3호선,고속터미널,38343,40062,78405
2022-02-25,3호선,교대,13332,8458,21790
2022-02-25,3호선,구파발,19135,18054,37189
2022-02-25,3호선,금호,7457,6980,14437
2022-02-25,3호선,남부터미널,28220,28723,56943
2022-02-25,3호선,녹번,14215,12819,27034
2022-02-25,3호선,대청,9418,8762,18180
2022-02-25,3호선,대치,10968,11050,22018
2022-02-25,3호선,도곡,4935,4962,9897
2022-02-25,3호선,독립문,6333,6497,12830
2022-02-25,3호선,동대입구,6910,7284,14194
2022-02-25,3호선,매봉,11473,10983,22456
2022-02-25,3호선,무악재,3621,3582,7203
2022-02-25,3호선,불광,15249,16161,31410
2022-02-25,3호선,수서,16799,17108,33907
2022-02-25,3호선,신사,30919,32142,63061
2022-02-25,3호선,안국,17652,18238,35890
2022-02-25,3호선,압구정,31199,33715,64914
2022-02-25,3호선,약수,12118,11731,23849
2022-02-25,3호선,양재,36322,38374,74696
2022-02-25,3호선,연신내,34257,32925,67182
2022-02-25,3호선,오금,5796,5121,10917
2022-02-25,3호선,옥수,8147,8473,16620
2022-02-25,3호선,을지로3가,9652,9830,19482
2022-02-25,3호선,일원,9123,8744,17867
2022-02-25,3호선,잠원,4509,4357,8866
2022-02-25,3호선,종로3가,9880,11186,21066
2022-02-25,3호선,지축,4276,3990,8266
2022-02-25,3호선,충무로,1,0,1
2022-02-25,3호선,학여울,2602,2725,5327
2022-02-25,3호선,홍제,16218,15640,31858
2022-02-25,4호선,길음,18750,18395,37145
2022-02-25,4호선,남태령,1087,853,1940
2022-02-25,4호선,노원,17653,19934,37587
2022-02-25,4호선,당고개,11940,11056,22996
2022-02-25,4호선,동대문,17633,18360,35993
2022-02-25,4호선,동대문역사문화공원,13553,12259,25812
2022-02-25,4호선,동작,1326,1519,2845
2022-02-25,4호선,명동,16561,17357,33918
2022-02-25,4호선,미아,13833,13453,27286
2022-02-25,4호선,미아사거리,25587,25070,50657
2022-02-25,4호선,사당,23278,19239,42517
2022-02-25,4호선,삼각지,4495,5146,9641
2022-02-25,4호선,상계,17408,16265,33673
2022-02-25,4호선,서울역,10042,15864,25906
2022-02-25,4호선,성신여대입구,18780,17956,36736
2022-02-25,4호선,수유,31976,32313,64289
2022-02-25,4호선,숙대입구,12169,12046,24215
2022-02-25,4호선,신용산,14841,15659,30500
2022-02-25,4호선,쌍문,27349,25363,52712
2022-02-25,4호선,이촌,6938,7578,14516
2022-02-25,4호선,창동,24411,26115,50526
2022-02-25,4호선,총신대입구,17918,19403,37321
2022-02-25,4호선,충무로,23531,24539,48070
2022-02-25,4호선,한성대입구,12125,11664,23789
2022-02-25,4호선,혜화,30415,30010,60425
2022-02-25,4호선,회현,21148,22592,43740
2022-02-25,5호선,강동,17319,16493,33812
2022-02-25,5호선,강일,3696,3529,7225
2022-02-25,5호선,개롱,5952,6252,12204
2022-02-25,5호선,개화산,5271,5075,10346
2022-02-25,5호선,거여,8910,8476,17386
2022-02-25,5호선,고덕,8498,8626,17124
2022-02-25,5호선,공덕,12574,13232,25806
2022-02-25,5호선,광나루,12164,10971,23135
2022-02-25,5호선,광화문,25661,26577,52238
2022-02-25,5호선,군자,10442,11607,22049
2022-02-25,5호선,굽은다리,8781,8329,17110
2022-02-25,5호선,길동,7616,8036,15652
2022-02-25,5호선,김포공항,7722,7178,14900
2022-02-25,5호선,까치산,27236,26445,53681
2022-02-25,5호선,답십리,14925,13840,28765
2022-02-25,5호선,동대문역사문화공원,2685,3157,5842
2022-02-25,5호선,둔촌동,8109,8280,16389
2022-02-25,5호선,마곡,10002,9896,19898
2022-02-25,5호선,마장,5133,4833,9966
2022-02-25,5호선,마천,6437,6247,12684
2022-02-25,5호선,마포,13328,13724,27052
2022-02-25,5호선,명일,8012,8201,16213
2022-02-25,5호선,목동,15604,16782,32386
2022-02-25,5호선,미사,14548,14672,29220
2022-02-25,5호선,발산,18929,19424,38353
2022-02-25,5호선,방이,6743,6867,13610
2022-02-25,5호선,방화,6171,5696,11867
2022-02-25,5호선,상일동,13949,12804,26753
2022-02-25,5호선,서대문,16792,17101,33893
2022-02-25,5호선,송정,6335,5914,12249
2022-02-25,5호선,신금호,5815,6015,11830
2022-02-25,5호선,신길,3829,4040,7869
2022-02-25,5호선,신정,13051,10530,23581
2022-02-25,5호선,아차산,13560,13221,26781
2022-02-25,5호선,애오개,6462,6520,12982
2022-02-25,5호선,양평,7117,6900,14017
2022-02-25,5호선,여의나루,8786,9976,18762
2022-02-25,5호선,여의도,26204,27143,53347
2022-02-25,5호선,영등포구청,3859,3822,7681
2022-02-25,5호선,영등포시장,9779,10058,19837
2022-02-25,5호선,오금,3301,3458,6759
2022-02-25,5호선,오목교,20557,22032,42589
2022-02-25,5호선,올림픽공원,3831,3343,7174
2022-02-25,5호선,왕십리,4353,4987,9340
2022-02-25,5호선,우장산,13055,13091,26146
2022-02-25,5호선,을지로4가,5681,5820,11501
2022-02-25,5호선,장한평,17500,17444,34944
2022-02-25,5호선,종로3가,11661,11859,23520
2022-02-25,5호선,천호,17290,17390,34680
2022-02-25,5호선,청구,3915,3516,7431
2022-02-25,5호선,충정로,4167,4222,8389
2022-02-25,5호선,하남검단산,5037,4878,9915
2022-02-25,5호선,하남시청,6183,5931,12114
2022-02-25,5호선,하남풍산,3932,4019,7951
2022-02-25,5호선,행당,7466,6612,14078
2022-02-25,5호선,화곡,26832,25172,52004
2022-02-25,6호선,고려대,8396,8534,16930
2022-02-25,6호선,공덕,17342,16635,33977
2022-02-25,6호선,광흥창,8321,8033,16354
2022-02-25,6호선,구산,7121,5295,12416
2022-02-25,6호선,녹사평,4447,4456,8903
2022-02-25,6호선,대흥,7570,7815,15385
2022-02-25,6호선,독바위,2508,2554,5062
2022-02-25,6호선,돌곶이,8802,8239,17041
2022-02-25,6호선,동묘앞,7549,7448,14997
2022-02-25,6호선,디지털미디어시티,12348,13501,25849
2022-02-25,6호선,마포구청,13476,12118,25594
2022-02-25,6호선,망원,13614,14649,28263
2022-02-25,6호선,버티고개,1844,1884,3728
2022-02-25,6호선,보문,6847,6206,13053
2022-02-25,6호선,봉화산,8233,7687,15920
2022-02-25,6호선,불광,3973,3905,7878
2022-02-25,6호선,삼각지,5809,5189,10998
2022-02-25,6호선,상수,8184,9067,17251
2022-02-25,6호선,상월곡,5741,5076,10817
2022-02-25,6호선,새절,11943,11381,23324
2022-02-25,6호선,석계,11518,11946,23464
2022-02-25,6호선,신당,7936,8247,16183
2022-02-25,6호선,안암,11328,11076,22404
2022-02-25,6호선,약수,3335,3376,6711
2022-02-25,6호선,역촌,3678,4306,7984
2022-02-25,6호선,월곡,10822,10731,21553
2022-02-25,6호선,월드컵경기장,3826,3934,7760
2022-02-25,6호선,응암,16456,16272,32728
2022-02-25,6호선,이태원,9672,10288,19960
2022-02-25,6호선,증산,9628,9411,19039
2022-02-25,6호선,창신,3094,2440,5534
2022-02-25,6호선,청구,3470,3794,7264
2022-02-25,6호선,태릉입구,5077,5411,10488
2022-02-25,6호선,한강진,8181,9208,17389
2022-02-25,6호선,합정,12328,12250,24578
2022-02-25,6호선,화랑대,10675,8438,19113
2022-02-25,6호선,효창공원앞,6577,6024,12601
2022-02-25,7호선,가산디지털단지,42415,41901,84316
2022-02-25,7호선,강남구청,15610,17106,32716
2022-02-25,7호선,건대입구,11169,11481,22650
2022-02-25,7호선,고속터미널,15363,12616,27979
2022-02-25,7호선,공릉,11858,11552,23410
2022-02-25,7호선,광명사거리,21130,21011,42141
2022-02-25,7호선,군자,14215,11406,25621
2022-02-25,7호선,굴포천,1,0,1
2022-02-25,7호선,남구로,14992,15625,30617
2022-02-25,7호선,남성,10412,9617,20029
2022-02-25,7호선,내방,13604,13924,27528
2022-02-25,7호선,노원,18987,19953,38940
2022-02-25,7호선,논현,19537,21240,40777
2022-02-25,7호선,대림,7001,7151,14152
2022-02-25,7호선,도봉산,8176,9477,17653
2022-02-25,7호선,뚝섬유원지,7047,6809,13856
2022-02-25,7호선,마들,11983,11371,23354
2022-02-25,7호선,먹골,9713,9507,19220
2022-02-25,7호선,면목,14442,14071,28513
2022-02-25,7호선,반포,5487,5285,10772
2022-02-25,7호선,보라매,8944,8926,17870
2022-02-25,7호선,사가정,15316,15236,30552
2022-02-25,7호선,상도,10206,9747,19953
2022-02-25,7호선,상봉,15918,15236,31154
2022-02-25,7호선,수락산,11703,11516,23219
2022-02-25,7호선,숭실대입구,11046,11084,22130
2022-02-25,7호선,신대방삼거리,15791,14991,30782
2022-02-25,7호선,신중동,1,0,1
2022-02-25,7호선,신풍,10732,10172,20904
2022-02-25,7호선,어린이대공원,11970,11796,23766
2022-02-25,7호선,온수,9245,8666,17911
2022-02-25,7호선,용마산,5658,5481,11139
2022-02-25,7호선,이수,14815,14382,29197
2022-02-25,7호선,장승배기,8838,8635,17473
2022-02-25,7호선,장암,2039,784,2823
2022-02-25,7호선,중계,12902,11350,24252
2022-02-25,7호선,중곡,9799,9340,19139
2022-02-25,7호선,중화,10268,10019,20287
2022-02-25,7호선,천왕,10458,9879,20337
2022-02-25,7호선,철산,19437,19827,39264
2022-02-25,7호선,청담,18050,20347,38397
2022-02-25,7호선,태릉입구,7938,7402,15340
2022-02-25,7호선,하계,16023,14935,30958
2022-02-25,7호선,학동,22265,23685,45950
2022-02-25,8호선,가락시장,7330,8111,15441
2022-02-25,8호선,강동구청,9904,10061,19965
2022-02-25,8호선,남위례,3790,4085,7875
2022-02-25,8호선,남한산성입구,12686,11573,24259
2022-02-25,8호선,단대오거리,10017,9616,19633
2022-02-25,8호선,모란,4130,3242,7372
2022-02-25,8호선,몽촌토성,5641,5649,11290
2022-02-25,8호선,문정,21000,21872,42872
2022-02-25,8호선,복정,8908,7525,16433
2022-02-25,8호선,산성,4743,4783,9526
2022-02-25,8호선,석촌,7250,8426,15676
2022-02-25,8호선,송파,6886,6932,13818
2022-02-25,8호선,수진,4983,4367,9350
2022-02-25,8호선,신흥,4009,4341,8350
2022-02-25,8호선,암사,17493,15519,33012
2022-02-25,8호선,잠실,12862,14837,27699
2022-02-25,8호선,장지,15785,15269,31054
2022-02-25,8호선,천호,13827,16313,30140
2022-02-25,9호선,가양,18880,18276,37156
2022-02-25,9호선,개화,2296,1657,3953
2022-02-25,9호선,고속터미널,11444,15732,27176
2022-02-25,9호선,공항시장,2897,3116,6013
2022-02-25,9호선,구반포,1288,1375,2663
2022-02-25,9호선,국회의사당,14350,14856,29206
2022-02-25,9호선,김포공항,7671,12108,19779
2022-02-25,9호선,노들,4024,3379,7403
2022-02-25,9호선,노량진,24595,23370,47965
2022-02-25,9호선,당산,17135,17030,34165
2022-02-25,9호선,동작,1828,1504,3332
2022-02-25,9호선,등촌,10764,10484,21248
2022-02-25,9호선,마곡나루,11196,10972,22168
2022-02-25,9호선,사평,3347,3156,6503
2022-02-25,9호선,샛강,5377,5488,10865
2022-02-25,9호선,선유도,7713,7391,15104
2022-02-25,9호선,신논현,31088,31020,62108
2022-02-25,9호선,신목동,3637,3234,6871
2022-02-25,9호선,신반포,2997,3025,6022
2022-02-25,9호선,신방화,6361,6132,12493
2022-02-25,9호선,양천향교,8981,8976,17957
2022-02-25,9호선,여의도,26138,24562,50700
2022-02-25,9호선,염창,16007,15402,31409
2022-02-25,9호선,증미,6906,6755,13661
2022-02-25,9호선,흑석,7756,7957,15713
2022-02-25,9호선2~3단계,둔촌오륜,931,905,1836
2022-02-25,9호선2~3단계,봉은사,16018,16289,32307
2022-02-25,9호선2~3단계,삼성중앙,6262,6450,12712
2022-02-25,9호선2~3단계,삼전,6699,6331,13030
2022-02-25,9호선2~3단계,석촌,7878,7097,14975
2022-02-25,9호선2~3단계,석촌고분,5773,5640,11413
2022-02-25,9호선2~3단계,선정릉,9114,9642,18756
2022-02-25,9호선2~3단계,송파나루,4934,5159,10093
2022-02-25,9호선2~3단계,언주,10157,10271,20428
2022-02-25,9호선2~3단계,올림픽공원,5366,5313,10679
2022-02-25,9호선2~3단계,종합운동장,3925,3998,7923
2022-02-25,9호선2~3단계,중앙보훈병원,9597,8504,18101
2022-02-25,9호선2~3단계,한성백제,2342,2180,4522
2022-02-25,경강선,경기광주,7008,6688,13696
2022-02-25,경강선,곤지암,2146,2030,4176
2022-02-25,경강선,부발,2461,1908,4369
2022-02-25,경강선,삼동,2214,2047,4261
2022-02-25,경강선,세종대왕릉,272,271,543
2022-02-25,경강선,신둔도예촌,1313,1271,2584
2022-02-25,경강선,여주,1965,2011,3976
2022-02-25,경강선,이매,951,876,1827
2022-02-25,경강선,이천,2516,2538,5054
2022-02-25,경강선,초월,2953,2697,5650
2022-02-25,경강선,판교,4371,4298,8669
2022-02-25,경부선,가산디지털단지,17081,19473,36554
2022-02-25,경부선,관악,6544,6212,12756
2022-02-25,경부선,광명,3253,3079,6332
2022-02-25,경부선,구로,17074,17779,34853
2022-02-25,경부선,군포,7467,7367,14834
2022-02-25,경부선,금정,25204,25343,50547
2022-02-25,경부선,금천구청,11017,11182,22199
2022-02-25,경부선,남영,8338,8780,17118
2022-02-25,경부선,노량진,7529,7658,15187
2022-02-25,경부선,당정,5693,5423,11116
2022-02-25,경부선,대방,11935,12247,24182
2022-02-25,경부선,독산,17492,17811,35303
2022-02-25,경부선,두정,5117,4941,10058
2022-02-25,경부선,명학,8268,8099,16367
2022-02-25,경부선,병점,13469,13028,26497
2022-02-25,경부선,서동탄,1299,1130,2429
2022-02-25,경부선,서울역,7073,2446,9519
2022-02-25,경부선,서정리,7008,5674,12682
2022-02-25,경부선,석수,8945,8066,17011
2022-02-25,경부선,성균관대,13525,12827,26352
2022-02-25,경부선,성환,2923,2697,5620
2022-02-25,경부선,세류,2751,2568,5319
2022-02-25,경부선,세마,2552,2352,4904
2022-02-25,경부선,송탄,4201,3939,8140
2022-02-25,경부선,수원,31472,34044,65516
2022-02-25,경부선,신길,8398,6878,15276
2022-02-25,경부선,신도림,3827,3769,7596
2022-02-25,경부선,안양,19601,19838,39439
2022-02-25,경부선,영등포,36251,37832,74083
2022-02-25,경부선,오산,9087,8890,17977
2022-02-25,경부선,오산대,3118,2839,5957
2022-02-25,경부선,용산,32893,33519,66412
2022-02-25,경부선,의왕,8471,8310,16781
2022-02-25,경부선,직산,787,731,1518
2022-02-25,경부선,진위,1684,1365,3049
2022-02-25,경부선,천안,4598,4846,9444
2022-02-25,경부선,평택,11230,10740,21970
2022-02-25,경부선,평택지제,3487,3279,6766
2022-02-25,경부선,화서,7056,7094,14150
2022-02-25,경원선,가능,6141,6021,12162
2022-02-25,경원선,광운대,7294,7047,14341
2022-02-25,경원선,녹양,4261,3969,8230
2022-02-25,경원선,녹천,4264,3587,7851
2022-02-25,경원선,덕계,2890,2641,5531
2022-02-25,경원선,덕정,5082,4836,9918
2022-02-25,경원선,도봉,5596,5327,10923
2022-02-25,경원선,도봉산,7115,4540,11655
2022-02-25,경원선,동두천,1930,2102,4032
2022-02-25,경원선,동두천중앙,2995,2971,5966
2022-02-25,경원선,망월사,6953,7085,14038
2022-02-25,경원선,방학,9145,9045,18190
2022-02-25,경원선,보산,1438,1290,2728
2022-02-25,경원선,서빙고,1954,1910,3864
2022-02-25,경원선,석계,7780,8534,16314
2022-02-25,경원선,소요산,2329,1954,4283
2022-02-25,경원선,신이문,7912,7246,15158
2022-02-25,경원선,양주,7227,6643,13870
2022-02-25,경원선,옥수,40,26,66
2022-02-25,경원선,왕십리,12976,14650,27626
2022-02-25,경원선,외대앞,6984,7046,14030
2022-02-25,경원선,월계,5881,5613,11494
2022-02-25,경원선,응봉,1708,1442,3150
2022-02-25,경원선,의정부,17598,18270,35868
2022-02-25,경원선,이촌,3301,2579,5880
2022-02-25,경원선,지행,5912,5894,11806
2022-02-25,경원선,창동,1,0,1
2022-02-25,경원선,청량리,15278,15861,31139
2022-02-25,경원선,한남,3777,3541,7318
2022-02-25,경원선,회룡,11766,11567,23333
2022-02-25,경의선,가좌,4950,4815,9765
2022-02-25,경의선,강매,2879,2494,5373
2022-02-25,경의선,곡산,577,545,1122
2022-02-25,경의선,공덕,3230,2917,6147
2022-02-25,경의선,금릉,4367,4290,8657
2022-02-25,경의선,금촌,6040,5884,11924
2022-02-25,경의선,능곡,3476,3238,6714
2022-02-25,경의선,디지털미디어시티,2337,2193,4530
2022-02-25,경의선,문산,4609,4513,9122
2022-02-25,경의선,백마,6365,6277,12642
2022-02-25,경의선,서강대,1939,1943,3882
2022-02-25,경의선,서울역,3806,4971,8777
2022-02-25,경의선,수색,2785,2762,5547
2022-02-25,경의선,신촌,740,901,1641
2022-02-25,경의선,야당,6830,6652,13482
2022-02-25,경의선,운정,6262,5855,12117
2022-02-25,경의선,월롱,2498,1944,4442
2022-02-25,경의선,일산,8321,8338,16659
2022-02-25,경의선,임진강,3,3,6
2022-02-25,경의선,탄현,7008,6908,13916
2022-02-25,경의선,파주,956,702,1658
2022-02-25,경의선,풍산,5111,4894,10005
2022-02-25,경의선,행신,7102,7364,14466
2022-02-25,경의선,홍대입구,1637,1916,3553
2022-02-25,경의선,화전,1396,1300,2696
2022-02-25,경의선,효창공원앞,2753,3168,5921
2022-02-25,경인선,간석,5417,5174,10591
2022-02-25,경인선,개봉,19925,19771,39696
2022-02-25,경인선,구일,5519,5468,10987
2022-02-25,경인선,도원,2334,2448,4782
2022-02-25,경인선,도화,3849,3557,7406
2022-02-25,경인선,동암,13569,13661,27230
2022-02-25,경인선,동인천,12685,12102,24787
2022-02-25,경인선,백운,6418,6344,12762
2022-02-25,경인선,부개,7974,7392,15366
2022-02-25,경인선,부천,30553,31110,61663
2022-02-25,경인선,부평,27380,29331,56711
2022-02-25,경인선,소사,7767,7507,15274
2022-02-25,경인선,송내,24314,24137,48451
2022-02-25,경인선,역곡,24731,24764,49495
2022-02-25,경인선,오류동,10902,10129,21031
2022-02-25,경인선,온수,5940,5670,11610
2022-02-25,경인선,인천,3167,2530,5697
2022-02-25,경인선,제물포,9458,9072,18530
2022-02-25,경인선,주안,17246,15669,32915
2022-02-25,경인선,중동,8763,8174,16937
2022-02-25,경춘선,가평,1468,1524,2992
2022-02-25,경춘선,갈매,2798,2493,5291
2022-02-25,경춘선,강촌,309,307,616
2022-02-25,경춘선,굴봉산,91,135,226
2022-02-25,경춘선,금곡,1316,1236,2552
2022-02-25,경춘선,김유정,271,296,567
2022-02-25,경춘선,남춘천,2078,2200,4278
2022-02-25,경춘선,대성리,450,387,837
2022-02-25,경춘선,마석,3424,3418,6842
2022-02-25,경춘선,백양리,291,308,599
2022-02-25,경춘선,별내,3089,2942,6031
2022-02-25,경춘선,사릉,2936,2916,5852
2022-02-25,경춘선,상천,231,211,442
2022-02-25,경춘선,신내,1909,1748,3657
2022-02-25,경춘선,천마산,1579,1486,3065
2022-02-25,경춘선,청평,1527,1454,2981
2022-02-25,경춘선,춘천,1165,1086,2251
2022-02-25,경춘선,퇴계원,3251,3065,6316
2022-02-25,경춘선,평내호평,5591,5555,11146
2022-02-25,공항철도,검암,6188,6174,12362
2022-02-25,공항철도,계양,9244,8684,17928
2022-02-25,공항철도,공덕,2058,2754,4812
2022-02-25,공항철도,공항화물청사,2169,2364,4533
2022-02-25,공항철도,김포공항,13627,6803,20430
2022-02-25,공항철도,디지털미디어시티,12865,11402,24267
2022-02-25,공항철도,마곡나루,7377,6975,14352
2022-02-25,공항철도,서울역,7901,7542,15443
2022-02-25,공항철도,영종,2819,2965,5784
2022-02-25,공항철도,운서,6300,6261,12561
2022-02-25,공항철도,인천공항1터미널,3447,3916,7363
2022-02-25,공항철도,인천공항2터미널,1923,1899,3822
2022-02-25,공항철도,청라국제도시,6180,5776,11956
2022-02-25,공항철도,홍대입구,9456,9620,19076
2022-02-25,과천선,경마공원,5334,5430,10764
2022-02-25,과천선,과천,5872,5618,11490
2022-02-25,과천선,대공원,2510,2598,5108
2022-02-25,과천선,범계,24117,24126,48243
2022-02-25,과천선,선바위,7556,6615,14171
2022-02-25,과천선,인덕원,22892,23841,46733
2022-02-25,과천선,정부과천청사,9626,9598,19224
2022-02-25,과천선,평촌,16395,16027,32422
2022-02-25,분당선,가천대,6285,6881,13166
2022-02-25,분당선,강남구청,9811,11047,20858
2022-02-25,분당선,개포동,3411,3645,7056
2022-02-25,분당선,구룡,1732,1697,3429
2022-02-25,분당선,구성,4591,4849,9440
2022-02-25,분당선,기흥,8848,8413,17261
2022-02-25,분당선,대모산입구,4117,3856,7973
2022-02-25,분당선,도곡,6610,6270,12880
2022-02-25,분당선,망포,13618,12667,26285
2022-02-25,분당선,매교,2887,2931,5818
2022-02-25,분당선,매탄권선,4614,4364,8978
2022-02-25,분당선,모란,18819,18954,37773
2022-02-25,분당선,미금,14755,15622,30377
2022-02-25,분당선,보정,2142,1933,4075
2022-02-25,분당선,복정,6,0,6
2022-02-25,분당선,상갈,4933,4720,9653
2022-02-25,분당선,서울숲,9363,9488,18851
2022-02-25,분당선,서현,23937,24224,48161
2022-02-25,분당선,선릉,12494,18497,30991
2022-02-25,분당선,선정릉,7531,8013,15544
2022-02-25,분당선,수내,12898,12741,25639
2022-02-25,분당선,수서,13460,14313,27773
2022-02-25,분당선,수원,7689,6560,14249
2022-02-25,분당선,수원시청,12216,13319,25535
2022-02-25,분당선,신갈,4159,4188,8347
2022-02-25,분당선,압구정로데오,19948,22109,42057
2022-02-25,분당선,야탑,24414,25740,50154
2022-02-25,분당선,영통,8052,8049,16101
2022-02-25,분당선,오리,11066,9053,20119
2022-02-25,분당선,이매,5038,4898,9936
2022-02-25,분당선,정자,16027,17037,33064
2022-02-25,분당선,죽전,12512,13310,25822
2022-02-25,분당선,청명,3886,3856,7742
2022-02-25,분당선,태평,12825,12476,25301
2022-02-25,분당선,한티,14050,15040,29090
2022-02-25,수인선,고색,4616,4227,8843
2022-02-25,수인선,남동인더스파크,2199,2440,4639
2022-02-25,수인선,달월,98,63,161
2022-02-25,수인선,사리,4379,3743,8122
2022-02-25,수인선,소래포구,4354,4144,8498
2022-02-25,수인선,송도,2204,2086,4290
2022-02-25,수인선,숭의,3674,3387,7061
2022-02-25,수인선,신포,1590,1642,3232
2022-02-25,수인선,야목,362,276,638
2022-02-25,수인선,어천,739,680,1419
2022-02-25,수인선,연수,4145,4189,8334
2022-02-25,수인선,오목천,2636,2416,5052
2022-02-25,수인선,원인재,4079,4272,8351
2022-02-25,수인선,월곶,2469,2291,4760
2022-02-25,수인선,인천,1045,1612,2657
2022-02-25,수인선,인천논현,5161,5540,10701
2022-02-25,수인선,인하대,5294,5021,10315
2022-02-25,수인선,호구포,3872,3937,7809
2022-02-25,안산선,고잔,8094,7708,15802
2022-02-25,안산선,대야미,4725,4176,8901
2022-02-25,안산선,반월,3987,3773,7760
2022-02-25,안산선,산본,14825,16100,30925
2022-02-25,안산선,상록수,14500,15067,29567
2022-02-25,안산선,수리산,3869,3090,6959
2022-02-25,안산선,신길온천,1512,1395,2907
2022-02-25,안산선,안산,10780,9965,20745
2022-02-25,안산선,오이도,7662,7516,15178
2022-02-25,안산선,정왕,7478,7616,15094
2022-02-25,안산선,중앙,16499,17220,33719
2022-02-25,안산선,초지,4120,4383,8503
2022-02-25,안산선,한대앞,8155,8247,16402
2022-02-25,우이신설선,4.19민주묘지,2704,2592,5296
2022-02-25,우이신설선,가오리,3919,3922,7841
2022-02-25,우이신설선,보문,1365,1412,2777
2022-02-25,우이신설선,북한산보국문,5622,5430,11052
2022-02-25,우이신설선,북한산우이,2415,2113,4528
2022-02-25,우이신설선,삼양,2025,2177,4202
2022-02-25,우이신설선,삼양사거리,2416,2385,4801
2022-02-25,우이신설선,성신여대입구,3251,3564,6815
2022-02-25,우이신설선,솔밭공원,2309,2185,4494
2022-02-25,우이신설선,솔샘,5399,4999,10398
2022-02-25,우이신설선,신설동,2078,2030,4108
2022-02-25,우이신설선,정릉,4289,3911,8200
2022-02-25,우이신설선,화계,3317,3098,6415
2022-02-25,일산선,대곡,1814,1400,3214
2022-02-25,일산선,대화,11351,9309,20660
2022-02-25,일산선,마두,7095,7179,14274
2022-02-25,일산선,백석,9210,9297,18507
2022-02-25,일산선,삼송,17979,17490,35469
2022-02-25,일산선,원당,10164,9759,19923
2022-02-25,일산선,원흥,9875,9511,19386
2022-02-25,일산선,정발산,7230,7346,14576
2022-02-25,일산선,주엽,8299,8375,16674
2022-02-25,일산선,화정,15922,16361,32283
2022-02-25,장항선,배방,955,943,1898
2022-02-25,장항선,봉명,1065,1008,2073
2022-02-25,장항선,신창,1172,1073,2245
2022-02-25,장항선,쌍용,1671,1494,3165
2022-02-25,장항선,아산,2857,2898,5755
2022-02-25,장항선,온양온천,3281,3376,6657
2022-02-25,장항선,탕정,588,540,1128
2022-02-25,중앙선,구리,12431,12813,25244
2022-02-25,중앙선,국수,586,568,1154
2022-02-25,중앙선,덕소,5090,5211,10301
2022-02-25,중앙선,도농,9624,8876,18500
2022-02-25,중앙선,도심,2112,1643,3755
2022-02-25,중앙선,망우,7213,7256,14469
2022-02-25,중앙선,상봉,5547,5421,10968
2022-02-25,중앙선,신원,171,177,348
2022-02-25,중앙선,아신,464,472,936
2022-02-25,중앙선,양수,1577,1596,3173
2022-02-25,중앙선,양원,2190,2082,4272
2022-02-25,중앙선,양정,653,536,1189
2022-02-25,중앙선,양평,2377,2486,4863
2022-02-25,중앙선,오빈,279,291,570
2022-02-25,중앙선,용문,2438,2566,5004
2022-02-25,중앙선,운길산,637,540,1177
2022-02-25,중앙선,원덕,278,294,572
2022-02-25,중앙선,중랑,5273,4985,10258
2022-02-25,중앙선,지평,66,64,130
2022-02-25,중앙선,팔당,748,844,1592
2022-02-25,중앙선,회기,22343,21479,43822
2022-02-28,1호선,동대문,10159,9709,19868
2022-02-28,1호선,동묘앞,7188,7339,14527
2022-02-28,1호선,서울역,37038,34360,71398
2022-02-28,1호선,시청,17878,18388,36266
2022-02-28,1호선,신설동,12533,12300,24833
2022-02-28,1호선,제기동,15913,16250,32163
2022-02-28,1호선,종각,27981,27637,55618
2022-02-28,1호선,종로3가,23565,21630,45195
2022-02-28,1호선,종로5가,20531,20461,40992
2022-02-28,1호선,청량리,18473,18410,36883
2022-02-28,2호선,강남,75033,73663,148696
2022-02-28,2호선,강변,26230,24850,51080
2022-02-28,2호선,건대입구,32198,34466,66664
2022-02-28,2호선,교대,29889,33295,63184
2022-02-28,2호선,구로디지털단지,51012,51081,102093
2022-02-28,2호선,구의,20999,20987,41986
2022-02-28,2호선,낙성대,23770,23087,46857
2022-02-28,2호선,당산,15750,18370,34120
2022-02-28,2호선,대림,21710,22163,43873
2022-02-28,2호선,도림천,1203,1217,2420
2022-02-28,2호선,동대문역사문화공원,10510,12066,22576
2022-02-28,2호선,뚝섬,18456,19899,38355
2022-02-28,2호선,문래,18514,19021,37535
2022-02-28,2호선,방배,13466,13780,27246
2022-02-28,2호선,봉천,21387,19987,41374
2022-02-28,2호선,사당,30262,34022,64284
2022-02-28,2호선,삼성,39986,40281,80267
2022-02-28,2호선,상왕십리,12534,12085,24619
2022-02-28,2호선,서울대입구,42172,41856,84028
2022-02-28,2호선,서초,17778,17236,35014
2022-02-28,2호선,선릉,47826,42385,90211
2022-02-28,2호선,성수,32001,34804,66805
2022-02-28,2호선,시청,19376,18935,38311
2022-02-28,2호선,신답,1445,1682,3127
2022-02-28,2호선,신당,12419,13052,25471
2022-02-28,2호선,신대방,23442,23140,46582
2022-02-28,2호선,신도림,41356,41389,82745
2022-02-28,2호선,신림,56674,55484,112158
2022-02-28,2호선,신설동,3048,3165,6213
2022-02-28,2호선,신정네거리,8903,9168,18071
2022-02-28,2호선,신촌,29728,30184,59912
2022-02-28,2호선,아현,8950,8504,17454
2022-02-28,2호선,양천구청,5961,6198,12159
2022-02-28,2호선,역삼,42072,47655,89727
2022-02-28,2호선,영등포구청,20418,20824,41242
2022-02-28,2호선,왕십리,13877,11973,25850
2022-02-28,2호선,용답,2566,2537,5103
2022-02-28,2호선,용두,2198,2269,4467
2022-02-28,2호선,을지로3가,18358,18524,36882
2022-02-28,2호선,을지로4가,11308,11427,22735
2022-02-28,2호선,을지로입구,32086,32701,64787
2022-02-28,2호선,이대,12764,13749,26513
2022-02-28,2호선,잠실,58643,57996,116639
2022-02-28,2호선,잠실나루,12299,11871,24170
2022-02-28,2호선,잠실새내,18376,18593,36969
2022-02-28,2호선,종합운동장,6051,6385,12436
2022-02-28,2호선,충정로,8535,8954,17489
2022-02-28,2호선,한양대,6148,6480,12628
2022-02-28,2호선,합정,26415,27830,54245
2022-02-28,2호선,홍대입구,48847,50982,99829
2022-02-28,3호선,가락시장,7643,7490,15133
2022-02-28,3호선,경복궁,16409,16468,32877
2022-02-28,3호선,경찰병원,6309,6306,12615
2022-02-28,3호선,고속터미널,35460,34105,69565
2022-02-28,3호선,교대,11975,7909,19884
2022-02-28,3호선,구파발,18342,17446,35788
2022-02-28,3호선,금호,6848,6392,13240
2022-02-28,3호선,남부터미널,23641,24042,47683
2022-02-28,3호선,녹번,13560,12285,25845
2022-02-28,3호선,대청,8733,7976,16709
2022-02-28,3호선,대치,10043,9971,20014
2022-02-28,3호선,도곡,4474,4698,9172
2022-02-28,3호선,독립문,6053,6209,12262
2022-02-28,3호선,동대입구,7191,7583,14774
2022-02-28,3호선,매봉,10293,9874,20167
2022-02-28,3호선,무악재,3339,3431,6770
2022-02-28,3호선,불광,14469,15629,30098
2022-02-28,3호선,수서,14531,14682,29213
2022-02-28,3호선,신사,27435,28457,55892
2022-02-28,3호선,안국,15518,16466,31984
2022-02-28,3호선,압구정,28631,30286,58917
2022-02-28,3호선,약수,11428,10942,22370
2022-02-28,3호선,양재,31504,34508,66012
2022-02-28,3호선,연신내,32965,31273,64238
2022-02-28,3호선,오금,5172,4695,9867
2022-02-28,3호선,옥수,7581,7876,15457
2022-02-28,3호선,을지로3가,8817,9115,17932
2022-02-28,3호선,일원,8697,8413,17110
2022-02-28,3호선,잠원,4143,3958,8101
2022-02-28,3호선,종로3가,9419,11156,20575
2022-02-28,3호선,지축,4106,3938,8044
2022-02-28,3호선,충무로,1,0,1
2022-02-28,3호선,학여울,1509,1485,2994
2022-02-28,3호선,홍제,15655,14861,30516
2022-02-28,4호선,길음,17895,17372,35267
2022-02-28,4호선,남태령,1002,858,1860
2022-02-28,4호선,노원,16636,18823,35459
2022-02-28,4호선,당고개,11481,10449,21930
2022-02-28,4호선,동대문,18212,18918,37130
2022-02-28,4호선,동대문역사문화공원,13155,12174,25329
2022-02-28,4호선,동작,1344,1516,2860
2022-02-28,4호선,명동,15540,16264,31804
2022-02-28,4호선,미아,13602,13210,26812
2022-02-28,4호선,미아사거리,24415,24034,48449
2022-02-28,4호선,사당,20580,17270,37850
2022-02-28,4호선,삼각지,4069,4643,8712
2022-02-28,4호선,상계,16745,15469,32214
2022-02-28,4호선,서울역,9153,13347,22500
2022-02-28,4호선,성신여대입구,17910,17288,35198
2022-02-28,4호선,수유,30897,31078,61975
2022-02-28,4호선,숙대입구,11469,11204,22673
2022-02-28,4호선,신용산,13592,14416,28008
2022-02-28,4호선,쌍문,26115,23941,50056
2022-02-28,4호선,이촌,6548,7116,13664
2022-02-28,4호선,창동,23184,24504,47688
2022-02-28,4호선,총신대입구,16722,18180,34902
2022-02-28,4호선,충무로,22939,24043,46982
2022-02-28,4호선,한성대입구,11101,11100,22201
2022-02-28,4호선,혜화,27089,27152,54241
2022-02-28,4호선,회현,21280,22449,43729
2022-02-28,5호선,강동,15635,14968,30603
2022-02-28,5호선,강일,3389,3277,6666
2022-02-28,5호선,개롱,5480,5692,11172
2022-02-28,5호선,개화산,5008,4736,9744
2022-02-28,5호선,거여,8480,8198,16678
2022-02-28,5호선,고덕,7994,8219,16213
2022-02-28,5호선,공덕,11737,12500,24237
2022-02-28,5호선,광나루,11161,10140,21301
2022-02-28,5호선,광화문,23657,24448,48105
2022-02-28,5호선,군자,9944,10898,20842
2022-02-28,5호선,굽은다리,8479,8060,16539
2022-02-28,5호선,길동,7306,7698,15004
2022-02-28,5호선,김포공항,6648,6467,13115
2022-02-28,5호선,까치산,26136,25056,51192
2022-02-28,5호선,답십리,14118,13080,27198
2022-02-28,5호선,동대문역사문화공원,2371,2778,5149
2022-02-28,5호선,둔촌동,7650,7805,15455
2022-02-28,5호선,마곡,9180,9110,18290
2022-02-28,5호선,마장,4992,4607,9599
2022-02-28,5호선,마천,6125,5960,12085
2022-02-28,5호선,마포,12221,12600,24821
2022-02-28,5호선,명일,7345,7599,14944
2022-02-28,5호선,목동,14694,15832,30526
2022-02-28,5호선,미사,13710,13582,27292
2022-02-28,5호선,발산,17835,18598,36433
2022-02-28,5호선,방이,5921,6041,11962
2022-02-28,5호선,방화,5734,5456,11190
2022-02-28,5호선,상일동,12869,11703,24572
2022-02-28,5호선,서대문,15268,15642,30910
2022-02-28,5호선,송정,6070,5817,11887
2022-02-28,5호선,신금호,5450,5576,11026
2022-02-28,5호선,신길,3631,3860,7491
2022-02-28,5호선,신정,12165,9913,22078
2022-02-28,5호선,아차산,12324,11985,24309
2022-02-28,5호선,애오개,5832,5905,11737
2022-02-28,5호선,양평,6415,6369,12784
2022-02-28,5호선,여의나루,8813,10276,19089
2022-02-28,5호선,여의도,24843,25703,50546
2022-02-28,5호선,영등포구청,3535,3643,7178
2022-02-28,5호선,영등포시장,9010,9359,18369
2022-02-28,5호선,오금,3052,3022,6074
2022-02-28,5호선,오목교,19462,20493,39955
2022-02-28,5호선,올림픽공원,3640,3209,6849
2022-02-28,5호선,왕십리,4279,4801,9080
2022-02-28,5호선,우장산,12250,12101,24351
2022-02-28,5호선,을지로4가,5299,5498,10797
2022-02-28,5호선,장한평,16150,16143,32293
2022-02-28,5호선,종로3가,11261,11591,22852
2022-02-28,5호선,천호,16158,15913,32071
2022-02-28,5호선,청구,3589,3276,6865
2022-02-28,5호선,충정로,3948,3887,7835
2022-02-28,5호선,하남검단산,4918,4776,9694
2022-02-28,5호선,하남시청,5870,5619,11489
2022-02-28,5호선,하남풍산,3553,3646,7199
2022-02-28,5호선,행당,6989,6201,13190
2022-02-28,5호선,화곡,25750,23861,49611
2022-02-28,6호선,고려대,7200,7175,14375
2022-02-28,6호선,공덕,15919,15378,31297
2022-02-28,6호선,광흥창,7837,7469,15306
2022-02-28,6호선,구산,6721,5162,11883
2022-02-28,6호선,녹사평,4050,4079,8129
2022-02-28,6호선,대흥,6908,7121,14029
2022-02-28,6호선,독바위,2353,2478,4831
2022-02-28,6호선,돌곶이,8223,7718,15941
2022-02-28,6호선,동묘앞,7297,7441,14738
2022-02-28,6호선,디지털미디어시티,11497,12485,23982
2022-02-28,6호선,마포구청,12693,11490,24183
2022-02-28,6호선,망원,12259,13287,25546
2022-02-28,6호선,버티고개,1737,1830,3567
2022-02-28,6호선,보문,6482,5941,12423
2022-02-28,6호선,봉화산,7731,7290,15021
2022-02-28,6호선,불광,3944,3803,7747
2022-02-28,6호선,삼각지,5074,4445,9519
2022-02-28,6호선,상수,7365,8148,15513
2022-02-28,6호선,상월곡,5432,4820,10252
2022-02-28,6호선,새절,11117,10425,21542
2022-02-28,6호선,석계,11000,11454,22454
2022-02-28,6호선,신당,7625,8013,15638
2022-02-28,6호선,안암,10232,10174,20406
2022-02-28,6호선,약수,3259,3237,6496
2022-02-28,6호선,역촌,3549,4088,7637
2022-02-28,6호선,연신내,1,0,1
2022-02-28,6호선,월곡,10571,10473,21044
2022-02-28,6호선,월드컵경기장,3748,3845,7593
2022-02-28,6호선,응암,15693,15570,31263
2022-02-28,6호선,이태원,8826,9202,18028
2022-02-28,6호선,증산,9085,8905,17990
2022-02-28,6호선,창신,2864,2355,5219
2022-02-28,6호선,청구,3293,3534,6827
2022-02-28,6호선,태릉입구,4944,5364,10308
2022-02-28,6호선,한강진,6019,7177,13196
2022-02-28,6호선,합정,11528,11232,22760
2022-02-28,6호선,화랑대,10097,7898,17995
2022-02-28,6호선,효창공원앞,6199,5689,11888
2022-02-28,7호선,가산디지털단지,37320,37388,74708
2022-02-28,7호선,강남구청,13462,14726,28188
2022-02-28,7호선,건대입구,10958,11650,22608
2022-02-28,7호선,고속터미널,13962,11511,25473
2022-02-28,7호선,공릉,11077,11069,22146
2022-02-28,7호선,광명사거리,20041,19623,39664
2022-02-28,7호선,군자,13192,10767,23959
2022-02-28,7호선,까치울,1,0,1
2022-02-28,7호선,남구로,13618,14325,27943
2022-02-28,7호선,남성,9755,9122,18877
2022-02-28,7호선,내방,12421,12716,25137
2022-02-28,7호선,노원,18383,19174,37557
2022-02-28,7호선,논현,17617,19110,36727
2022-02-28,7호선,대림,7270,7379,14649
2022-02-28,7호선,도봉산,7790,8757,16547
2022-02-28,7호선,뚝섬유원지,7348,6940,14288
2022-02-28,7호선,마들,11306,10619,21925
2022-02-28,7호선,먹골,9137,9026,18163
2022-02-28,7호선,면목,13822,13330,27152
2022-02-28,7호선,반포,5048,4907,9955
2022-02-28,7호선,보라매,8334,8139,16473
2022-02-28,7호선,사가정,14275,14389,28664
2022-02-28,7호선,상도,9572,9305,18877
2022-02-28,7호선,상봉,15035,14175,29210
2022-02-28,7호선,수락산,11300,10987,22287
2022-02-28,7호선,숭실대입구,10390,10676,21066
2022-02-28,7호선,신대방삼거리,14781,14152,28933
2022-02-28,7호선,신풍,10195,9590,19785
2022-02-28,7호선,어린이대공원,10892,10995,21887
2022-02-28,7호선,온수,8627,7851,16478
2022-02-28,7호선,용마산,5326,5201,10527
2022-02-28,7호선,이수,13940,13633,27573
2022-02-28,7호선,장승배기,8300,8162,16462
2022-02-28,7호선,장암,1901,709,2610
2022-02-28,7호선,중계,12074,10778,22852
2022-02-28,7호선,중곡,9402,9094,18496
2022-02-28,7호선,중화,9622,9400,19022
2022-02-28,7호선,천왕,9825,9282,19107
2022-02-28,7호선,철산,18279,18650,36929
2022-02-28,7호선,청담,15971,17822,33793
2022-02-28,7호선,태릉입구,7354,7071,14425
2022-02-28,7호선,하계,14920,13897,28817
2022-02-28,7호선,학동,19696,20925,40621
2022-02-28,8호선,가락시장,6846,7642,14488
2022-02-28,8호선,강동구청,9389,9640,19029
2022-02-28,8호선,남위례,3545,3736,7281
2022-02-28,8호선,남한산성입구,11874,10803,22677
2022-02-28,8호선,단대오거리,9343,8972,18315
2022-02-28,8호선,모란,4011,3158,7169
2022-02-28,8호선,몽촌토성,5176,5105,10281
2022-02-28,8호선,문정,17474,18586,36060
2022-02-28,8호선,복정,7640,6607,14247
2022-02-28,8호선,산성,4606,4461,9067
2022-02-28,8호선,석촌,6901,7950,14851
2022-02-28,8호선,송파,6440,6408,12848
2022-02-28,8호선,수진,4799,4331,9130
2022-02-28,8호선,신흥,3906,4288,8194
2022-02-28,8호선,암사,16407,14563,30970
2022-02-28,8호선,잠실,11947,14031,25978
2022-02-28,8호선,장지,14361,13775,28136
2022-02-28,8호선,천호,12785,15006,27791
2022-02-28,9호선,가양,17988,17507,35495
2022-02-28,9호선,개화,2110,1581,3691
2022-02-28,9호선,고속터미널,10478,13604,24082
2022-02-28,9호선,공항시장,2800,2924,5724
2022-02-28,9호선,구반포,1109,1177,2286
2022-02-28,9호선,국회의사당,13101,13530,26631
2022-02-28,9호선,김포공항,6938,9631,16569
2022-02-28,9호선,노들,3802,3224,7026
2022-02-28,9호선,노량진,22728,22014,44742
2022-02-28,9호선,당산,15532,15399,30931
2022-02-28,9호선,동작,1755,1465,3220
2022-02-28,9호선,등촌,10483,10175,20658
2022-02-28,9호선,마곡나루,9822,9811,19633
2022-02-28,9호선,사평,2929,2866,5795
2022-02-28,9호선,샛강,4774,4976,9750
2022-02-28,9호선,선유도,7085,6984,14069
2022-02-28,9호선,신논현,28240,28052,56292
2022-02-28,9호선,신목동,3333,2897,6230
2022-02-28,9호선,신반포,2892,2825,5717
2022-02-28,9호선,신방화,6064,5828,11892
2022-02-28,9호선,양천향교,8211,8300,16511
2022-02-28,9호선,여의도,23641,22928,46569
2022-02-28,9호선,염창,14665,14276,28941
2022-02-28,9호선,증미,6361,6313,12674
2022-02-28,9호선,흑석,7440,7857,15297
2022-02-28,9호선2~3단계,둔촌오륜,860,848,1708
2022-02-28,9호선2~3단계,봉은사,12413,12781,25194
2022-02-28,9호선2~3단계,삼성중앙,5562,5875,11437
2022-02-28,9호선2~3단계,삼전,6170,5894,12064
2022-02-28,9호선2~3단계,석촌,7441,6525,13966
2022-02-28,9호선2~3단계,석촌고분,5343,5198,10541
2022-02-28,9호선2~3단계,선정릉,7716,8517,16233
2022-02-28,9호선2~3단계,송파나루,4371,4584,8955
2022-02-28,9호선2~3단계,언주,8557,8845,17402
2022-02-28,9호선2~3단계,올림픽공원,4914,4933,9847
2022-02-28,9호선2~3단계,종합운동장,3602,3636,7238
2022-02-28,9호선2~3단계,중앙보훈병원,9094,8062,17156
2022-02-28,9호선2~3단계,한성백제,2148,1951,4099
2022-02-28,경강선,경기광주,6464,6130,12594
2022-02-28,경강선,곤지암,1909,1834,3743
2022-02-28,경강선,부발,1770,1672,3442
2022-02-28,경강선,삼동,1990,1834,3824
2022-02-28,경강선,세종대왕릉,265,250,515
2022-02-28,경강선,신둔도예촌,1157,1099,2256
2022-02-28,경강선,여주,1767,1839,3606
2022-02-28,경강선,이매,982,769,1751
2022-02-28,경강선,이천,2328,2433,4761
2022-02-28,경강선,초월,2658,2547,5205
2022-02-28,경강선,판교,3763,3747,7510
2022-02-28,경부선,가산디지털단지,15218,17670,32888
2022-02-28,경부선,관악,6209,5736,11945
2022-02-28,경부선,광명,2912,2402,5314
2022-02-28,경부선,구로,16803,16863,33666
2022-02-28,경부선,군포,6599,6643,13242
2022-02-28,경부선,금정,22493,22814,45307
2022-02-28,경부선,금천구청,10544,10612,21156
2022-02-28,경부선,남영,7784,8179,15963
2022-02-28,경부선,노량진,7046,7053,14099
2022-02-28,경부선,당정,5314,5162,10476
2022-02-28,경부선,대방,11018,11446,22464
2022-02-28,경부선,독산,16129,16729,32858
2022-02-28,경부선,두정,4734,5132,9866
2022-02-28,경부선,명학,7690,7567,15257
2022-02-28,경부선,병점,12317,12497,24814
2022-02-28,경부선,서동탄,1188,1085,2273
2022-02-28,경부선,서울역,5715,1701,7416
2022-02-28,경부선,서정리,6146,5760,11906
2022-02-28,경부선,석수,8342,7485,15827
2022-02-28,경부선,성균관대,12031,12130,24161
2022-02-28,경부선,성환,2837,3012,5849
2022-02-28,경부선,세류,2594,2371,4965
2022-02-28,경부선,세마,2504,2275,4779
2022-02-28,경부선,송탄,4059,3868,7927
2022-02-28,경부선,수원,30970,32535,63505
2022-02-28,경부선,신길,7702,6469,14171
2022-02-28,경부선,신도림,3816,3638,7454
2022-02-28,경부선,안양,18732,18798,37530
2022-02-28,경부선,영등포,33857,34616,68473
2022-02-28,경부선,오산,8651,8746,17397
2022-02-28,경부선,오산대,2839,2684,5523
2022-02-28,경부선,용산,29126,29418,58544
2022-02-28,경부선,의왕,7663,7735,15398
2022-02-28,경부선,직산,685,656,1341
2022-02-28,경부선,진위,1323,1187,2510
2022-02-28,경부선,천안,4642,4938,9580
2022-02-28,경부선,평택,10568,10513,21081
2022-02-28,경부선,평택지제,3080,2942,6022
2022-02-28,경부선,화서,6733,6346,13079
2022-02-28,경원선,가능,5876,5659,11535
2022-02-28,경원선,광운대,6812,6691,13503
2022-02-28,경원선,녹양,3974,3804,7778
2022-02-28,경원선,녹천,4198,3493,7691
2022-02-28,경원선,덕계,2636,2457,5093
2022-02-28,경원선,덕정,4821,4695,9516
2022-02-28,경원선,도봉,5592,5277,10869
2022-02-28,경원선,도봉산,6790,4455,11245
2022-02-28,경원선,동두천,1870,2012,3882
2022-02-28,경원선,동두천중앙,2717,2602,5319
2022-02-28,경원선,망월사,6919,6979,13898
2022-02-28,경원선,방학,8749,8523,17272
2022-02-28,경원선,보산,1335,1226,2561
2022-02-28,경원선,서빙고,1610,1531,3141
2022-02-28,경원선,석계,7413,8253,15666
2022-02-28,경원선,소요산,2247,1845,4092
2022-02-28,경원선,신이문,7671,7131,14802
2022-02-28,경원선,양주,6814,6338,13152
2022-02-28,경원선,옥수,58,38,96
2022-02-28,경원선,왕십리,12415,14039,26454
2022-02-28,경원선,외대앞,7008,7103,14111
2022-02-28,경원선,월계,5635,5393,11028
2022-02-28,경원선,응봉,1578,1359,2937
2022-02-28,경원선,의정부,16938,17377,34315
2022-02-28,경원선,이촌,3111,2420,5531
2022-02-28,경원선,지행,5864,5710,11574
2022-02-28,경원선,창동,1,0,1
2022-02-28,경원선,청량리,13807,13912,27719
2022-02-28,경원선,한남,3759,3508,7267
2022-02-28,경원선,회룡,11420,11228,22648
2022-02-28,경의선,가좌,4620,4549,9169
2022-02-28,경의선,강매,2761,2333,5094
2022-02-28,경의선,곡산,523,521,1044
2022-02-28,경의선,공덕,3053,2729,5782
2022-02-28,경의선,금릉,4244,4088,8332
2022-02-28,경의선,금촌,5967,5812,11779
2022-02-28,경의선,능곡,3349,3013,6362
2022-02-28,경의선,디지털미디어시티,2153,1965,4118
2022-02-28,경의선,문산,4522,4496,9018
2022-02-28,경의선,백마,6270,5894,12164
2022-02-28,경의선,서강대,1889,1839,3728
2022-02-28,경의선,서울역,3487,4655,8142
2022-02-28,경의선,수색,2496,2558,5054
2022-02-28,경의선,신촌,803,1008,1811
2022-02-28,경의선,야당,6795,6577,13372
2022-02-28,경의선,운정,6117,5704,11821
2022-02-28,경의선,월롱,2150,1974,4124
2022-02-28,경의선,일산,8841,8738,17579
2022-02-28,경의선,임진강,5,3,8
2022-02-28,경의선,탄현,6830,6472,13302
2022-02-28,경의선,파주,934,705,1639
2022-02-28,경의선,풍산,4823,4447,9270
2022-02-28,경의선,행신,6679,6797,13476
2022-02-28,경의선,홍대입구,1489,1715,3204
2022-02-28,경의선,화전,1437,1411,2848
2022-02-28,경의선,효창공원앞,2618,2985,5603
2022-02-28,경인선,간석,5203,4951,10154
2022-02-28,경인선,개봉,19531,19419,38950
2022-02-28,경인선,구일,5287,5324,10611
2022-02-28,경인선,도원,2303,2421,4724
2022-02-28,경인선,도화,3738,3426,7164
2022-02-28,경인선,동암,12917,13036,25953
2022-02-28,경인선,동인천,12274,11632,23906
2022-02-28,경인선,백운,6189,6124,12313
2022-02-28,경인선,부개,7590,7041,14631
2022-02-28,경인선,부천,29701,29772,59473
2022-02-28,경인선,부평,26749,27750,54499
2022-02-28,경인선,소사,7867,7626,15493
2022-02-28,경인선,송내,23409,22864,46273
2022-02-28,경인선,역곡,24146,23772,47918
2022-02-28,경인선,오류동,10922,10398,21320
2022-02-28,경인선,온수,5710,5446,11156
2022-02-28,경인선,인천,3311,2629,5940
2022-02-28,경인선,제물포,9061,8581,17642
2022-02-28,경인선,주안,17113,15237,32350
2022-02-28,경인선,중동,8217,7734,15951
2022-02-28,경춘선,가평,1467,1308,2775
2022-02-28,경춘선,갈매,2605,2252,4857
2022-02-28,경춘선,강촌,355,358,713
2022-02-28,경춘선,굴봉산,95,122,217
2022-02-28,경춘선,금곡,1309,1270,2579
2022-02-28,경춘선,김유정,288,303,591
2022-02-28,경춘선,남춘천,1957,2209,4166
2022-02-28,경춘선,대성리,498,414,912
2022-02-28,경춘선,마석,3594,3563,7157
2022-02-28,경춘선,백양리,266,191,457
2022-02-28,경춘선,별내,2995,2812,5807
2022-02-28,경춘선,사릉,2844,2697,5541
2022-02-28,경춘선,상천,239,213,452
2022-02-28,경춘선,신내,1866,1744,3610
2022-02-28,경춘선,천마산,1524,1446,2970
2022-02-28,경춘선,청평,1427,1408,2835
2022-02-28,경춘선,춘천,1416,1275,2691
2022-02-28,경춘선,퇴계원,3151,2924,6075
2022-02-28,경춘선,평내호평,5613,5290,10903
2022-02-28,공항철도,검암,5827,5700,11527
2022-02-28,공항철도,계양,8776,8125,16901
2022-02-28,공항철도,공덕,1904,2598,4502
2022-02-28,공항철도,공항화물청사,2051,2232,4283
2022-02-28,공항철도,김포공항,10927,5733,16660
2022-02-28,공항철도,디지털미디어시티,11307,10533,21840
2022-02-28,공항철도,마곡나루,6326,6286,12612
2022-02-28,공항철도,서울역,6580,5982,12562
2022-02-28,공항철도,영종,2789,2809,5598
2022-02-28,공항철도,운서,6118,6145,12263
2022-02-28,공항철도,인천공항1터미널,3211,3536,6747
2022-02-28,공항철도,인천공항2터미널,1947,1860,3807
2022-02-28,공항철도,청라국제도시,5716,5351,11067
2022-02-28,공항철도,홍대입구,8813,8694,17507
2022-02-28,과천선,경마공원,835,786,1621
2022-02-28,과천선,과천,5313,4886,10199
2022-02-28,과천선,대공원,2492,2576,5068
2022-02-28,과천선,범계,23062,22589,45651
2022-02-28,과천선,선바위,6700,5858,12558
2022-02-28,과천선,인덕원,20056,20636,40692
2022-02-28,과천선,정부과천청사,8407,8483,16890
2022-02-28,과천선,평촌,14688,14403,29091
2022-02-28,분당선,가천대,5939,6610,12549
2022-02-28,분당선,강남구청,8802,9981,18783
2022-02-28,분당선,개포동,3261,3336,6597
2022-02-28,분당선,구룡,1757,1738,3495
2022-02-28,분당선,구성,4217,4362,8579
2022-02-28,분당선,기흥,8096,7531,15627
2022-02-28,분당선,대모산입구,3967,3664,7631
2022-02-28,분당선,도곡,6151,6028,12179
2022-02-28,분당선,망포,12310,11379,23689
2022-02-28,분당선,매교,2532,2511,5043
2022-02-28,분당선,매탄권선,4140,3977,8117
2022-02-28,분당선,모란,17919,18529,36448
2022-02-28,분당선,미금,13996,14640,28636
2022-02-28,분당선,보정,2020,1795,3815
2022-02-28,분당선,복정,1,0,1
2022-02-28,분당선,상갈,4613,4385,8998
2022-02-28,분당선,서울숲,8478,8590,17068
2022-02-28,분당선,서현,22269,22442,44711
2022-02-28,분당선,선릉,11164,16901,28065
2022-02-28,분당선,선정릉,6615,7069,13684
2022-02-28,분당선,수내,11507,11388,22895
2022-02-28,분당선,수서,11665,11524,23189
2022-02-28,분당선,수원,7115,6099,13214
2022-02-28,분당선,수원시청,11470,12419,23889
2022-02-28,분당선,신갈,3887,3845,7732
2022-02-28,분당선,압구정로데오,16246,17803,34049
2022-02-28,분당선,야탑,22590,23628,46218
2022-02-28,분당선,영통,7398,7442,14840
2022-02-28,분당선,오리,10025,8389,18414
2022-02-28,분당선,이매,4855,4632,9487
2022-02-28,분당선,정자,14187,15169,29356
2022-02-28,분당선,죽전,11028,12397,23425
2022-02-28,분당선,청명,3447,3402,6849
2022-02-28,분당선,태평,12292,11885,24177
2022-02-28,분당선,한티,12810,13604,26414
2022-02-28,수인선,고색,4098,3998,8096
2022-02-28,수인선,남동인더스파크,1986,2257,4243
2022-02-28,수인선,달월,92,58,150
2022-02-28,수인선,사리,3981,3569,7550
2022-02-28,수인선,소래포구,4483,4222,8705
2022-02-28,수인선,송도,2176,2066,4242
2022-02-28,수인선,숭의,3656,3345,7001
2022-02-28,수인선,신포,1523,1509,3032
2022-02-28,수인선,야목,294,215,509
2022-02-28,수인선,어천,594,647,1241
2022-02-28,수인선,연수,4047,3840,7887
2022-02-28,수인선,오목천,2509,2317,4826
2022-02-28,수인선,원인재,3987,4229,8216
2022-02-28,수인선,월곶,2343,2219,4562
2022-02-28,수인선,인천,1056,1609,2665
2022-02-28,수인선,인천논현,4903,5203,10106
2022-02-28,수인선,인하대,5365,5142,10507
2022-02-28,수인선,호구포,3543,3650,7193
2022-02-28,안산선,고잔,7809,7435,15244
2022-02-28,안산선,대야미,4417,3987,8404
2022-02-28,안산선,반월,3879,3625,7504
2022-02-28,안산선,산본,14038,15164,29202
2022-02-28,안산선,상록수,13886,14010,27896
2022-02-28,안산선,수리산,3666,2988,6654
2022-02-28,안산선,신길온천,1549,1378,2927
2022-02-28,안산선,안산,10386,9415,19801
2022-02-28,안산선,오이도,7351,7238,14589
2022-02-28,안산선,정왕,7572,7839,15411
2022-02-28,안산선,중앙,15743,16238,31981
2022-02-28,안산선,초지,3857,3975,7832
2022-02-28,안산선,한대앞,8014,8157,16171
2022-02-28,우이신설선,4.19민주묘지,2598,2503,5101
2022-02-28,우이신설선,가오리,3821,3758,7579
2022-02-28,우이신설선,보문,1391,1346,2737
2022-02-28,우이신설선,북한산보국문,5256,5114,10370
2022-02-28,우이신설선,북한산우이,2488,2224,4712
2022-02-28,우이신설선,삼양,1893,2060,3953
2022-02-28,우이신설선,삼양사거리,2291,2321,4612
2022-02-28,우이신설선,성신여대입구,3083,3461,6544
2022-02-28,우이신설선,솔밭공원,2268,2054,4322
2022-02-28,우이신설선,솔샘,5086,4791,9877
2022-02-28,우이신설선,신설동,2019,1896,3915
2022-02-28,우이신설선,정릉,4114,3662,7776
2022-02-28,우이신설선,화계,3106,2898,6004
2022-02-28,일산선,대곡,1675,1340,3015
2022-02-28,일산선,대화,10964,8927,19891
2022-02-28,일산선,마두,6715,6817,13532
2022-02-28,일산선,백석,8682,8758,17440
2022-02-28,일산선,삼송,17198,16770,33968
2022-02-28,일산선,원당,9880,9249,19129
2022-02-28,일산선,원흥,9593,9027,18620
2022-02-28,일산선,정발산,6607,6630,13237
2022-02-28,일산선,주엽,7890,8004,15894
2022-02-28,일산선,화정,15415,15711,31126
2022-02-28,장항선,배방,1001,898,1899
2022-02-28,장항선,봉명,1225,1085,2310
2022-02-28,장항선,신창,2743,2508,5251
2022-02-28,장항선,쌍용,1803,1724,3527
2022-02-28,장항선,아산,2919,2608,5527
2022-02-28,장항선,온양온천,3387,3455,6842
2022-02-28,장항선,탕정,540,540,1080
2022-02-28,중앙선,구리,12068,12209,24277
2022-02-28,중앙선,국수,623,626,1249
2022-02-28,중앙선,덕소,4984,5000,9984
2022-02-28,중앙선,도농,9164,8338,17502
2022-02-28,중앙선,도심,2062,1618,3680
2022-02-28,중앙선,망우,6784,6731,13515
2022-02-28,중앙선,상봉,5198,5171,10369
2022-02-28,중앙선,신원,192,144,336
2022-02-28,중앙선,아신,468,500,968
2022-02-28,중앙선,양수,1618,1648,3266
2022-02-28,중앙선,양원,2046,1979,4025
2022-02-28,중앙선,양정,648,552,1200
2022-02-28,중앙선,양평,3248,3211,6459
2022-02-28,중앙선,오빈,264,265,529
2022-02-28,중앙선,용문,1499,1518,3017
2022-02-28,중앙선,운길산,615,577,1192
2022-02-28,중앙선,원덕,333,321,654
2022-02-28,중앙선,중랑,5047,4883,9930
2022-02-28,중앙선,지평,62,57,119
2022-02-28,중앙선,팔당,737,820,1557
2022-02-28,중앙선,회기,21942,21477,43419
