사용일자,호선명,지하철역,승차총승객수,하차총승객수,승하차총승객수
2022-07-01,1호선,동대문,12013,10593,22606
2022-07-01,1호선,동묘앞,9062,9335,18397
2022-07-01,1호선,서울역,51298,54304,105602
2022-07-01,1호선,시청,25798,26720,52518
2022-07-01,1호선,신설동,15358,14550,29908
2022-07-01,1호선,제기동,18330,18625,36955
2022-07-01,1호선,종각,39956,39840,79796
2022-07-01,1호선,종로3가,28252,26092,54344
2022-07-01,1호선,종로5가,25748,26118,51866
2022-07-01,1호선,청량리,21619,21718,43337
2022-07-01,2호선,강남,93266,92240,185506
2022-07-01,2호선,강변,36241,35859,72100
2022-07-01,2호선,건대입구,39433,44202,83635
2022-07-01,2호선,교대,37080,42049,79129
2022-07-01,2호선,구로디지털단지,64952,64740,129692
2022-07-01,2호선,구의,25932,24750,50682
2022-07-01,2호선,낙성대,30809,28210,59019
2022-07-01,2호선,당산,20125,23593,43718
2022-07-01,2호선,대림,25746,26125,51871
2022-07-01,2호선,도림천,1541,1608,3149
2022-07-01,2호선,동대문역사문화공원,14014,16570,30584
2022-07-01,2호선,뚝섬,24885,26469,51354
2022-07-01,2호선,문래,24307,25326,49633
2022-07-01,2호선,방배,17580,18166,35746
2022-07-01,2호선,봉천,26039,23655,49694
2022-07-01,2호선,사당,45262,48844,94106
2022-07-01,2호선,삼성,65374,65073,130447
2022-07-01,2호선,상왕십리,15929,14847,30776
2022-07-01,2호선,서울대입구,51828,49472,101300
2022-07-01,2호선,서초,23585,22050,45635
2022-07-01,2호선,선릉,62039,54390,116429
2022-07-01,2호선,성수,43013,47661,90674
2022-07-01,2호선,시청,25692,25537,51229
2022-07-01,2호선,신답,1920,2042,3962
2022-07-01,2호선,신당,15744,15836,31580
2022-07-01,2호선,신대방,27808,26249,54057
2022-07-01,2호선,신도림,53000,53240,106240
2022-07-01,2호선,신림,63886,61007,124893
2022-07-01,2호선,신설동,4160,4010,8170
2022-07-01,2호선,신정네거리,11484,11619,23103
2022-07-01,2호선,신촌,39854,40521,80375
2022-07-01,2호선,아현,11757,10617,22374
2022-07-01,2호선,양천구청,7550,7649,15199
2022-07-01,2호선,역삼,55298,62606,117904
2022-07-01,2호선,영등포구청,23798,24759,48557
2022-07-01,2호선,왕십리,18890,16119,35009
2022-07-01,2호선,용답,3088,2846,5934
2022-07-01,2호선,용두,2813,2646,5459
2022-07-01,2호선,을지로3가,25855,26330,52185
2022-07-01,2호선,을지로4가,14743,14590,29333
2022-07-01,2호선,을지로입구,45740,46814,92554
2022-07-01,2호선,이대,14939,15713,30652
2022-07-01,2호선,잠실,81553,80908,162461
2022-07-01,2호선,잠실나루,16254,15555,31809
2022-07-01,2호선,잠실새내,24833,25305,50138
2022-07-01,2호선,종합운동장,13919,15768,29687
2022-07-01,2호선,충정로,10850,11436,22286
2022-07-01,2호선,한양대,9305,9677,18982
2022-07-01,2호선,합정,34991,39362,74353
2022-07-01,2호선,홍대입구,66440,76144,142584
2022-07-01,3호선,가락시장,9916,9649,19565
2022-07-01,3호선,경복궁,23460,23640,47100
2022-07-01,3호선,경찰병원,8034,7870,15904
2022-07-01,3호선,고속터미널,51937,53990,105927
2022-07-01,3호선,교대,15925,10483,26408
2022-07-01,3호선,구파발,23022,22043,45065
2022-07-01,3호선,금호,9054,7870,16924
2022-07-01,3호선,남부터미널,33486,34176,67662
2022-07-01,3호선,녹번,16999,14725,31724
2022-07-01,3호선,대청,11318,10173,21491
2022-07-01,3호선,대치,11582,11434,23016
2022-07-01,3호선,도곡,5921,5883,11804
2022-07-01,3호선,독립문,8043,8048,16091
2022-07-01,3호선,동대입구,8362,9023,17385
2022-07-01,3호선,매봉,13886,13260,27146
2022-07-01,3호선,무악재,4204,4129,8333
2022-07-01,3호선,불광,17405,18391,35796
2022-07-01,3호선,수서,19434,19535,38969
2022-07-01,3호선,신사,32383,35208,67591
2022-07-01,3호선,안국,24867,25082,49949
2022-07-01,3호선,압구정,36424,39187,75611
2022-07-01,3호선,약수,14464,13782,28246
2022-07-01,3호선,양재,42107,44618,86725
2022-07-01,3호선,연신내,39726,37460,77186
2022-07-01,3호선,오금,6633,5934,12567
2022-07-01,3호선,옥수,9907,10017,19924
2022-07-01,3호선,을지로3가,11863,12463,24326
2022-07-01,3호선,일원,11492,10602,22094
2022-07-01,3호선,잠원,5446,5103,10549
2022-07-01,3호선,종로3가,10951,13390,24341
2022-07-01,3호선,지축,5783,5243,11026
2022-07-01,3호선,충무로,1,0,1
2022-07-01,3호선,학여울,2390,2448,4838
2022-07-01,3호선,홍제,19006,17604,36610
2022-07-01,4호선,길음,21997,21472,43469
2022-07-01,4호선,남태령,1480,2395,3875
2022-07-01,4호선,노원,20361,23384,43745
2022-07-01,4호선,당고개,9556,9262,18818
2022-07-01,4호선,동대문,21105,21156,42261
2022-07-01,4호선,동대문역사문화공원,16399,15485,31884
2022-07-01,4호선,동작,1824,2096,3920
2022-07-01,4호선,명동,21450,21589,43039
2022-07-01,4호선,미아,15519,15576,31095
2022-07-01,4호선,미아사거리,29373,29939,59312
2022-07-01,4호선,사당,30368,25400,55768
2022-07-01,4호선,삼각지,5940,7602,13542
2022-07-01,4호선,상계,20186,18704,38890
2022-07-01,4호선,서울역,12690,19753,32443
2022-07-01,4호선,성신여대입구,21777,21108,42885
2022-07-01,4호선,수유,35382,37427,72809
2022-07-01,4호선,숙대입구,14230,13483,27713
2022-07-01,4호선,신용산,18432,18676,37108
2022-07-01,4호선,쌍문,26730,28210,54940
2022-07-01,4호선,이촌,10098,11452,21550
2022-07-01,4호선,창동,29299,30853,60152
2022-07-01,4호선,총신대입구,20898,23438,44336
2022-07-01,4호선,충무로,28195,28952,57147
2022-07-01,4호선,한성대입구,14466,14371,28837
2022-07-01,4호선,혜화,34611,32752,67363
2022-07-01,4호선,회현,25815,24670,50485
2022-07-01,5호선,강동,20244,18607,38851
2022-07-01,5호선,강일,4852,4600,9452
2022-07-01,5호선,개롱,7268,7353,14621
2022-07-01,5호선,개화산,6301,5851,12152
2022-07-01,5호선,거여,11238,10647,21885
2022-07-01,5호선,고덕,10896,10495,21391
2022-07-01,5호선,공덕,15700,16657,32357
2022-07-01,5호선,광나루,14570,13074,27644
2022-07-01,5호선,광화문,33430,36177,69607
2022-07-01,5호선,군자,12118,13195,25313
2022-07-01,5호선,굽은다리,10595,9868,20463
2022-07-01,5호선,길동,8780,9124,17904
2022-07-01,5호선,김포공항,9452,8705,18157
2022-07-01,5호선,까치산,31462,29359,60821
2022-07-01,5호선,답십리,17354,15433,32787
2022-07-01,5호선,동대문역사문화공원,3048,3751,6799
2022-07-01,5호선,둔촌동,8847,8921,17768
2022-07-01,5호선,마곡,11524,11610,23134
2022-07-01,5호선,마장,6026,5456,11482
2022-07-01,5호선,마천,8001,7413,15414
2022-07-01,5호선,마포,15829,16201,32030
2022-07-01,5호선,명일,9449,9779,19228
2022-07-01,5호선,목동,18502,19281,37783
2022-07-01,5호선,미사,16953,17306,34259
2022-07-01,5호선,발산,22554,23767,46321
2022-07-01,5호선,방이,7519,7798,15317
2022-07-01,5호선,방화,7668,7157,14825
2022-07-01,5호선,상일동,16588,15697,32285
2022-07-01,5호선,서대문,20799,20816,41615
2022-07-01,5호선,송정,7217,6596,13813
2022-07-01,5호선,신금호,7203,7319,14522
2022-07-01,5호선,신길,4623,4824,9447
2022-07-01,5호선,신정,15262,12092,27354
2022-07-01,5호선,아차산,15929,14874,30803
2022-07-01,5호선,애오개,7241,7145,14386
2022-07-01,5호선,양평,8144,7857,16001
2022-07-01,5호선,여의나루,12894,14103,26997
2022-07-01,5호선,여의도,30670,33670,64340
2022-07-01,5호선,영등포구청,4309,4476,8785
2022-07-01,5호선,영등포시장,11279,11390,22669
2022-07-01,5호선,오금,4099,4165,8264
2022-07-01,5호선,오목교,23773,25550,49323
2022-07-01,5호선,올림픽공원,4837,4178,9015
2022-07-01,5호선,왕십리,5121,6275,11396
2022-07-01,5호선,우장산,16195,15610,31805
2022-07-01,5호선,을지로4가,6624,7048,13672
2022-07-01,5호선,장한평,20705,20118,40823
2022-07-01,5호선,종로3가,14379,14831,29210
2022-07-01,5호선,천호,20671,20723,41394
2022-07-01,5호선,청구,4225,3916,8141
2022-07-01,5호선,충정로,4701,4669,9370
2022-07-01,5호선,하남검단산,6165,5688,11853
2022-07-01,5호선,하남시청,7484,7184,14668
2022-07-01,5호선,하남풍산,4274,4561,8835
2022-07-01,5호선,행당,9008,7657,16665
2022-07-01,5호선,화곡,31406,28368,59774
2022-07-01,6호선,고려대,9219,8418,17637
2022-07-01,6호선,공덕,20350,19657,40007
2022-07-01,6호선,광흥창,10396,9724,20120
2022-07-01,6호선,구산,8584,6202,14786
2022-07-01,6호선,녹사평,5700,6141,11841
2022-07-01,6호선,대흥,9548,9400,18948
2022-07-01,6호선,독바위,3042,2992,6034
2022-07-01,6호선,돌곶이,10047,8985,19032
2022-07-01,6호선,동묘앞,9015,8709,17724
2022-07-01,6호선,디지털미디어시티,15154,16719,31873
2022-07-01,6호선,마포구청,15596,13800,29396
2022-07-01,6호선,망원,15472,16616,32088
2022-07-01,6호선,버티고개,2315,2307,4622
2022-07-01,6호선,보문,8931,7760,16691
2022-07-01,6호선,봉화산,9792,9007,18799
2022-07-01,6호선,불광,4982,4901,9883
2022-07-01,6호선,삼각지,8454,7060,15514
2022-07-01,6호선,상수,9962,12185,22147
2022-07-01,6호선,상월곡,6853,5964,12817
2022-07-01,6호선,새절,13859,12331,26190
2022-07-01,6호선,석계,13189,13580,26769
2022-07-01,6호선,신내,2,0,2
2022-07-01,6호선,신당,9043,8641,17684
2022-07-01,6호선,안암,11825,11405,23230
2022-07-01,6호선,약수,4031,4235,8266
2022-07-01,6호선,역촌,4125,4673,8798
2022-07-01,6호선,월곡,12828,12416,25244
2022-07-01,6호선,월드컵경기장,4861,5148,10009
2022-07-01,6호선,응암,19043,18702,37745
2022-07-01,6호선,이태원,13222,18188,31410
2022-07-01,6호선,증산,10781,10382,21163
2022-07-01,6호선,창신,3950,3135,7085
2022-07-01,6호선,청구,4009,4048,8057
2022-07-01,6호선,태릉입구,6072,6501,12573
2022-07-01,6호선,한강진,9120,11069,20189
2022-07-01,6호선,합정,15245,15235,30480
2022-07-01,6호선,화랑대,12538,9507,22045
2022-07-01,6호선,효창공원앞,7856,6964,14820
2022-07-01,7호선,가산디지털단지,47737,47653,95390
2022-07-01,7호선,강남구청,17714,19976,37690
2022-07-01,7호선,건대입구,14133,15030,29163
2022-07-01,7호선,고속터미널,19015,15797,34812
2022-07-01,7호선,공릉,13175,12728,25903
2022-07-01,7호선,광명사거리,23705,23211,46916
2022-07-01,7호선,군자,16715,12918,29633
2022-07-01,7호선,남구로,16364,17414,33778
2022-07-01,7호선,남성,12215,10874,23089
2022-07-01,7호선,내방,15681,15986,31667
2022-07-01,7호선,노원,23033,24544,47577
2022-07-01,7호선,논현,20705,22179,42884
2022-07-01,7호선,대림,8568,8702,17270
2022-07-01,7호선,도봉산,9951,11058,21009
2022-07-01,7호선,뚝섬유원지,10173,9350,19523
2022-07-01,7호선,마들,14698,13544,28242
2022-07-01,7호선,먹골,11269,10824,22093
2022-07-01,7호선,면목,16343,15626,31969
2022-07-01,7호선,반포,6752,6406,13158
2022-07-01,7호선,보라매,8701,8525,17226
2022-07-01,7호선,사가정,17333,17068,34401
2022-07-01,7호선,삼산체육관,1,0,1
2022-07-01,7호선,상도,12227,11194,23421
2022-07-01,7호선,상봉,18610,17832,36442
2022-07-01,7호선,수락산,13861,13488,27349
2022-07-01,7호선,숭실대입구,13111,13072,26183
2022-07-01,7호선,신대방삼거리,16645,15538,32183
2022-07-01,7호선,신풍,12602,11991,24593
2022-07-01,7호선,어린이대공원,13908,13637,27545
2022-07-01,7호선,온수,10842,10006,20848
2022-07-01,7호선,용마산,6558,6130,12688
2022-07-01,7호선,이수,19050,17574,36624
2022-07-01,7호선,장승배기,10056,9609,19665
2022-07-01,7호선,장암,2469,979,3448
2022-07-01,7호선,중계,16286,14092,30378
2022-07-01,7호선,중곡,11944,10910,22854
2022-07-01,7호선,중화,11795,11299,23094
2022-07-01,7호선,천왕,12605,11640,24245
2022-07-01,7호선,철산,23397,24100,47497
2022-07-01,7호선,청담,21038,23975,45013
2022-07-01,7호선,태릉입구,9326,8579,17905
2022-07-01,7호선,하계,19529,17788,37317
2022-07-01,7호선,학동,24956,26541,51497
2022-07-01,8호선,가락시장,8283,9494,17777
2022-07-01,8호선,강동구청,11163,11173,22336
2022-07-01,8호선,남위례,6080,6211,12291
2022-07-01,8호선,남한산성입구,14804,12923,27727
2022-07-01,8호선,단대오거리,11451,10920,22371
2022-07-01,8호선,모란,4813,4008,8821
2022-07-01,8호선,몽촌토성,6953,7163,14116
2022-07-01,8호선,문정,22784,23981,46765
2022-07-01,8호선,복정,10190,8551,18741
2022-07-01,8호선,산성,5793,5649,11442
2022-07-01,8호선,석촌,8419,9783,18202
2022-07-01,8호선,송파,9759,9365,19124
2022-07-01,8호선,수진,5925,5383,11308
2022-07-01,8호선,신흥,4831,5166,9997
2022-07-01,8호선,암사,20436,17625,38061
2022-07-01,8호선,잠실,16813,20177,36990
2022-07-01,8호선,장지,19184,17963,37147
2022-07-01,8호선,천호,16350,19359,35709
2022-07-01,9호선,가양,23604,22386,45990
2022-07-01,9호선,개화,2889,1927,4816
2022-07-01,9호선,고속터미널,16013,21887,37900
2022-07-01,9호선,공항시장,3311,3478,6789
2022-07-01,9호선,구반포,1464,1391,2855
2022-07-01,9호선,국회의사당,18448,18994,37442
2022-07-01,9호선,김포공항,9955,14381,24336
2022-07-01,9호선,노들,5206,4190,9396
2022-07-01,9호선,노량진,27754,27044,54798
2022-07-01,9호선,당산,21003,20992,41995
2022-07-01,9호선,동작,2424,1884,4308
2022-07-01,9호선,등촌,12871,11935,24806
2022-07-01,9호선,마곡나루,13939,13929,27868
2022-07-01,9호선,사평,4629,4321,8950
2022-07-01,9호선,샛강,6802,6905,13707
2022-07-01,9호선,선유도,9646,8984,18630
2022-07-01,9호선,신논현,36595,37103,73698
2022-07-01,9호선,신목동,4909,4097,9006
2022-07-01,9호선,신반포,4420,4183,8603
2022-07-01,9호선,신방화,7655,7176,14831
2022-07-01,9호선,양천향교,10715,10544,21259
2022-07-01,9호선,여의도,32388,30642,63030
2022-07-01,9호선,염창,19493,18222,37715
2022-07-01,9호선,증미,8226,7925,16151
2022-07-01,9호선,흑석,9232,9456,18688
2022-07-01,9호선2~3단계,둔촌오륜,1348,1161,2509
2022-07-01,9호선2~3단계,봉은사,23546,24818,48364
2022-07-01,9호선2~3단계,삼성중앙,8350,8543,16893
2022-07-01,9호선2~3단계,삼전,7805,7181,14986
2022-07-01,9호선2~3단계,석촌,9715,8476,18191
2022-07-01,9호선2~3단계,석촌고분,7100,6653,13753
2022-07-01,9호선2~3단계,선정릉,10985,12088,23073
2022-07-01,9호선2~3단계,송파나루,5920,6429,12349
2022-07-01,9호선2~3단계,언주,11821,11921,23742
2022-07-01,9호선2~3단계,올림픽공원,8450,8139,16589
2022-07-01,9호선2~3단계,종합운동장,4817,5050,9867
2022-07-01,9호선2~3단계,중앙보훈병원,12121,10475,22596
2022-07-01,9호선2~3단계,한성백제,3003,2602,5605
2022-07-01,경강선,경기광주,8763,8106,16869
2022-07-01,경강선,곤지암,2487,2412,4899
2022-07-01,경강선,부발,2913,2259,5172
2022-07-01,경강선,삼동,2702,2474,5176
2022-07-01,경강선,세종대왕릉,419,413,832
2022-07-01,경강선,신둔도예촌,1754,1659,3413
2022-07-01,경강선,여주,2459,2646,5105
2022-07-01,경강선,이매,1247,1080,2327
2022-07-01,경강선,이천,3061,3209,6270
2022-07-01,경강선,초월,3792,3383,7175
2022-07-01,경강선,판교,5740,5693,11433
2022-07-01,경부선,가산디지털단지,19598,22383,41981
2022-07-01,경부선,관악,7997,7659,15656
2022-07-01,경부선,광명,3711,3748,7459
2022-07-01,경부선,구로,19943,20655,40598
2022-07-01,경부선,군포,8382,7969,16351
2022-07-01,경부선,금정,30199,31621,61820
2022-07-01,경부선,금천구청,12504,12578,25082
2022-07-01,경부선,남영,10374,11144,21518
2022-07-01,경부선,노량진,8776,8399,17175
2022-07-01,경부선,당정,6783,6257,13040
2022-07-01,경부선,대방,12449,13152,25601
2022-07-01,경부선,독산,19903,20340,40243
2022-07-01,경부선,두정,6775,6738,13513
2022-07-01,경부선,명학,9912,9653,19565
2022-07-01,경부선,병점,16586,16102,32688
2022-07-01,경부선,서동탄,1634,1481,3115
2022-07-01,경부선,서울역,7366,2799,10165
2022-07-01,경부선,서정리,9146,7352,16498
2022-07-01,경부선,석수,10213,8878,19091
2022-07-01,경부선,성균관대,15499,15173,30672
2022-07-01,경부선,성환,4116,3658,7774
2022-07-01,경부선,세류,3423,3106,6529
2022-07-01,경부선,세마,3282,3061,6343
2022-07-01,경부선,송탄,5911,5024,10935
2022-07-01,경부선,수원,40795,43744,84539
2022-07-01,경부선,신길,9707,8255,17962
2022-07-01,경부선,신도림,4602,4575,9177
2022-07-01,경부선,안양,24042,24088,48130
2022-07-01,경부선,영등포,47689,48273,95962
2022-07-01,경부선,오산,11298,10968,22266
2022-07-01,경부선,오산대,4104,3737,7841
2022-07-01,경부선,용산,45218,47215,92433
2022-07-01,경부선,의왕,9518,9211,18729
2022-07-01,경부선,직산,1021,918,1939
2022-07-01,경부선,진위,2098,1678,3776
2022-07-01,경부선,천안,6850,6802,13652
2022-07-01,경부선,평택,14695,14080,28775
2022-07-01,경부선,평택지제,4723,4476,9199
2022-07-01,경부선,화서,8773,8342,17115
2022-07-01,경원선,가능,7393,6972,14365
2022-07-01,경원선,광운대,8345,7695,16040
2022-07-01,경원선,녹양,4998,4663,9661
2022-07-01,경원선,녹천,5388,4287,9675
2022-07-01,경원선,덕계,3559,3227,6786
2022-07-01,경원선,덕정,6238,5759,11997
2022-07-01,경원선,도봉,6621,6121,12742
2022-07-01,경원선,도봉산,8126,5155,13281
2022-07-01,경원선,동두천,2395,2637,5032
2022-07-01,경원선,동두천중앙,3546,3383,6929
2022-07-01,경원선,망월사,8268,8172,16440
2022-07-01,경원선,방학,10942,10546,21488
2022-07-01,경원선,보산,2499,2018,4517
2022-07-01,경원선,서빙고,2561,2297,4858
2022-07-01,경원선,석계,8742,9721,18463
2022-07-01,경원선,소요산,3113,2735,5848
2022-07-01,경원선,신이문,9241,8341,17582
2022-07-01,경원선,양주,8278,7775,16053
2022-07-01,경원선,옥수,60,33,93
2022-07-01,경원선,왕십리,17370,19189,36559
2022-07-01,경원선,외대앞,8513,8218,16731
2022-07-01,경원선,월계,7699,6598,14297
2022-07-01,경원선,응봉,2160,1712,3872
2022-07-01,경원선,의정부,20716,22015,42731
2022-07-01,경원선,이촌,4535,3504,8039
2022-07-01,경원선,지행,7712,7659,15371
2022-07-01,경원선,청량리,18301,19611,37912
2022-07-01,경원선,한남,4453,4289,8742
2022-07-01,경원선,회룡,13791,13608,27399
2022-07-01,경의선,가좌,6135,5776,11911
2022-07-01,경의선,강매,3553,2989,6542
2022-07-01,경의선,계양,2,0,2
2022-07-01,경의선,곡산,693,714,1407
2022-07-01,경의선,공덕,4211,3741,7952
2022-07-01,경의선,금릉,5526,5351,10877
2022-07-01,경의선,금촌,7586,7417,15003
2022-07-01,경의선,능곡,4276,3900,8176
2022-07-01,경의선,디지털미디어시티,3043,2677,5720
2022-07-01,경의선,문산,5970,5702,11672
2022-07-01,경의선,백마,7878,7255,15133
2022-07-01,경의선,서강대,2387,2376,4763
2022-07-01,경의선,서울역,4626,6435,11061
2022-07-01,경의선,수색,2945,3146,6091
2022-07-01,경의선,신촌,959,1281,2240
2022-07-01,경의선,야당,8976,9265,18241
2022-07-01,경의선,운정,7828,7045,14873
2022-07-01,경의선,월롱,3423,2572,5995
2022-07-01,경의선,일산,10563,10146,20709
2022-07-01,경의선,임진강,18,4,22
2022-07-01,경의선,탄현,8810,8307,17117
2022-07-01,경의선,파주,1234,749,1983
2022-07-01,경의선,풍산,6256,5865,12121
2022-07-01,경의선,행신,8763,9179,17942
2022-07-01,경의선,홍대입구,2170,2661,4831
2022-07-01,경의선,화전,1789,1565,3354
2022-07-01,경의선,효창공원앞,3262,3535,6797
2022-07-01,경인선,간석,6584,6124,12708
2022-07-01,경인선,개봉,23268,22293,45561
2022-07-01,경인선,구일,8323,8259,16582
2022-07-01,경인선,도원,3970,3894,7864
2022-07-01,경인선,도화,4766,4236,9002
2022-07-01,경인선,동암,16962,16849,33811
2022-07-01,경인선,동인천,15409,14708,30117
2022-07-01,경인선,백운,7649,7415,15064
2022-07-01,경인선,부개,9574,8761,18335
2022-07-01,경인선,부천,35263,35900,71163
2022-07-01,경인선,부평,32268,35947,68215
2022-07-01,경인선,소사,8923,8593,17516
2022-07-01,경인선,송내,29781,29459,59240
2022-07-01,경인선,역곡,29451,29092,58543
2022-07-01,경인선,오류동,12923,11380,24303
2022-07-01,경인선,온수,7677,6847,14524
2022-07-01,경인선,인천,4892,3935,8827
2022-07-01,경인선,제물포,11990,11069,23059
2022-07-01,경인선,주안,20498,18428,38926
2022-07-01,경인선,중동,10266,9536,19802
2022-07-01,경춘선,가평,2614,2846,5460
2022-07-01,경춘선,갈매,3296,2847,6143
2022-07-01,경춘선,강촌,473,623,1096
2022-07-01,경춘선,굴봉산,126,134,260
2022-07-01,경춘선,금곡,1655,1615,3270
2022-07-01,경춘선,김유정,340,370,710
2022-07-01,경춘선,남춘천,2924,3064,5988
2022-07-01,경춘선,대성리,1442,2557,3999
2022-07-01,경춘선,마석,4323,4274,8597
2022-07-01,경춘선,백양리,123,131,254
2022-07-01,경춘선,별내,3635,3424,7059
2022-07-01,경춘선,사릉,2572,2560,5132
2022-07-01,경춘선,상천,315,287,602
2022-07-01,경춘선,신내,2509,2300,4809
2022-07-01,경춘선,천마산,1791,1718,3509
2022-07-01,경춘선,청평,2163,2565,4728
2022-07-01,경춘선,춘천,1573,1424,2997
2022-07-01,경춘선,퇴계원,4000,3510,7510
2022-07-01,경춘선,평내호평,6937,6704,13641
2022-07-01,공항철도,검암,7439,7341,14780
2022-07-01,공항철도,계양,12052,10871,22923
2022-07-01,공항철도,공덕,2734,3563,6297
2022-07-01,공항철도,공항화물청사,2513,2582,5095
2022-07-01,공항철도,김포공항,15164,7117,22281
2022-07-01,공항철도,디지털미디어시티,15431,14050,29481
2022-07-01,공항철도,마곡나루,10025,9389,19414
2022-07-01,공항철도,서울역,9973,10321,20294
2022-07-01,공항철도,영종,3712,3837,7549
2022-07-01,공항철도,운서,8398,8364,16762
2022-07-01,공항철도,인천공항1터미널,7520,7617,15137
2022-07-01,공항철도,인천공항2터미널,3647,3365,7012
2022-07-01,공항철도,청라국제도시,8115,7462,15577
2022-07-01,공항철도,홍대입구,12594,13242,25836
2022-07-01,과천선,경마공원,8966,9045,18011
2022-07-01,과천선,과천,6822,6677,13499
2022-07-01,과천선,대공원,3366,4091,7457
2022-07-01,과천선,범계,27864,29521,57385
2022-07-01,과천선,선바위,8770,9194,17964
2022-07-01,과천선,인덕원,26100,26847,52947
2022-07-01,과천선,정부과천청사,11148,11776,22924
2022-07-01,과천선,평촌,18690,18213,36903
2022-07-01,분당선,가천대,7741,8205,15946
2022-07-01,분당선,강남구청,10597,12211,22808
2022-07-01,분당선,개포동,4321,4469,8790
2022-07-01,분당선,구룡,2557,2354,4911
2022-07-01,분당선,구성,5623,5847,11470
2022-07-01,분당선,기흥,10988,10405,21393
2022-07-01,분당선,대모산입구,5018,4499,9517
2022-07-01,분당선,도곡,8196,7880,16076
2022-07-01,분당선,망포,16986,15406,32392
2022-07-01,분당선,매교,3403,3385,6788
2022-07-01,분당선,매탄권선,5918,5407,11325
2022-07-01,분당선,모란,21667,22042,43709
2022-07-01,분당선,미금,17249,18184,35433
2022-07-01,분당선,보정,3134,2591,5725
2022-07-01,분당선,복정,1,0,1
2022-07-01,분당선,상갈,5956,5620,11576
2022-07-01,분당선,서울숲,12653,12875,25528
2022-07-01,분당선,서현,29481,30194,59675
2022-07-01,분당선,선릉,14347,22274,36621
2022-07-01,분당선,선정릉,8369,8900,17269
2022-07-01,분당선,수내,15257,15233,30490
2022-07-01,분당선,수서,15376,16258,31634
2022-07-01,분당선,수원,9104,7786,16890
2022-07-01,분당선,수원시청,13996,16493,30489
2022-07-01,분당선,신갈,5118,4946,10064
2022-07-01,분당선,압구정로데오,21931,25973,47904
2022-07-01,분당선,야탑,29534,30646,60180
2022-07-01,분당선,영통,9621,9970,19591
2022-07-01,분당선,오리,13174,10635,23809
2022-07-01,분당선,이매,6693,6217,12910
2022-07-01,분당선,정자,20620,21670,42290
2022-07-01,분당선,죽전,15055,16553,31608
2022-07-01,분당선,청명,5141,4600,9741
2022-07-01,분당선,태평,14748,13845,28593
2022-07-01,분당선,한티,16134,16806,32940
2022-07-01,수인선,고색,5162,4680,9842
2022-07-01,수인선,남동인더스파크,2349,2682,5031
2022-07-01,수인선,달월,97,69,166
2022-07-01,수인선,사리,5577,4614,10191
2022-07-01,수인선,소래포구,5434,5203,10637
2022-07-01,수인선,송도,2738,2551,5289
2022-07-01,수인선,숭의,4459,4078,8537
2022-07-01,수인선,신포,2069,2091,4160
2022-07-01,수인선,야목,459,330,789
2022-07-01,수인선,어천,983,945,1928
2022-07-01,수인선,연수,5188,5271,10459
2022-07-01,수인선,오목천,3619,3102,6721
2022-07-01,수인선,원인재,4854,5065,9919
2022-07-01,수인선,월곶,3086,2911,5997
2022-07-01,수인선,인천,1187,1860,3047
2022-07-01,수인선,인천논현,6287,6677,12964
2022-07-01,수인선,인하대,6350,5991,12341
2022-07-01,수인선,호구포,4695,4718,9413
2022-07-01,신림선,관악산,3009,2906,5915
2022-07-01,신림선,당곡,3742,3560,7302
2022-07-01,신림선,대방,1904,1509,3413
2022-07-01,신림선,보라매,2860,2567,5427
2022-07-01,신림선,보라매공원,1882,1972,3854
2022-07-01,신림선,보라매병원,5831,6064,11895
2022-07-01,신림선,샛강,2203,2841,5044
2022-07-01,신림선,서울대벤처타운,6806,6428,13234
2022-07-01,신림선,서울지방병무청,2295,2500,4795
2022-07-01,신림선,서원,2915,2440,5355
2022-07-01,신림선,신림,1696,2313,4009
2022-07-01,안산선,고잔,9613,9162,18775
2022-07-01,안산선,대야미,5439,5357,10796
2022-07-01,안산선,반월,4753,4605,9358
2022-07-01,안산선,산본,17300,19128,36428
2022-07-01,안산선,상록수,16934,17418,34352
2022-07-01,안산선,수리산,4379,3597,7976
2022-07-01,안산선,신길온천,1973,1794,3767
2022-07-01,안산선,안산,12643,12053,24696
2022-07-01,안산선,오이도,9266,9256,18522
2022-07-01,안산선,정왕,8855,9132,17987
2022-07-01,안산선,중앙,19554,20963,40517
2022-07-01,안산선,초지,5094,5154,10248
2022-07-01,안산선,한대앞,9917,10684,20601
2022-07-01,우이신설선,4.19민주묘지,3323,3018,6341
2022-07-01,우이신설선,가오리,4804,4733,9537
2022-07-01,우이신설선,보문,1620,1579,3199
2022-07-01,우이신설선,북한산보국문,6694,6076,12770
2022-07-01,우이신설선,북한산우이,3468,3098,6566
2022-07-01,우이신설선,삼양,2345,2317,4662
2022-07-01,우이신설선,삼양사거리,2853,2736,5589
2022-07-01,우이신설선,성신여대입구,4479,4707,9186
2022-07-01,우이신설선,솔밭공원,2710,2473,5183
2022-07-01,우이신설선,솔샘,6537,5752,12289
2022-07-01,우이신설선,신설동,2408,2254,4662
2022-07-01,우이신설선,정릉,5283,4541,9824
2022-07-01,우이신설선,화계,3933,3489,7422
2022-07-01,일산선,대곡,2365,1868,4233
2022-07-01,일산선,대화,15020,11828,26848
2022-07-01,일산선,마두,8240,8641,16881
2022-07-01,일산선,백석,10897,10808,21705
2022-07-01,일산선,삼송,22235,21075,43310
2022-07-01,일산선,원당,12245,11291,23536
2022-07-01,일산선,원흥,12312,11353,23665
2022-07-01,일산선,정발산,8586,9157,17743
2022-07-01,일산선,주엽,10407,10217,20624
2022-07-01,일산선,화정,19022,18960,37982
2022-07-01,장항선,배방,1306,1182,2488
2022-07-01,장항선,봉명,1452,1373,2825
2022-07-01,장항선,신창,1664,1368,3032
2022-07-01,장항선,쌍용,2276,2040,4316
2022-07-01,장항선,아산,3418,3892,7310
2022-07-01,장항선,온양온천,4116,4216,8332
2022-07-01,장항선,탕정,1016,892,1908
2022-07-01,중앙선,구리,14731,14885,29616
2022-07-01,중앙선,국수,844,876,1720
2022-07-01,중앙선,덕소,6147,6122,12269
2022-07-01,중앙선,도농,12242,10986,23228
2022-07-01,중앙선,도심,2829,2131,4960
2022-07-01,중앙선,망우,8760,8492,17252
2022-07-01,중앙선,상봉,6497,6369,12866
2022-07-01,중앙선,신원,214,211,425
2022-07-01,중앙선,아신,614,615,1229
2022-07-01,중앙선,양수,2256,2313,4569
2022-07-01,중앙선,양원,3485,3268,6753
2022-07-01,중앙선,양정,726,633,1359
2022-07-01,중앙선,양평,3208,3301,6509
2022-07-01,중앙선,오빈,349,340,689
2022-07-01,중앙선,용문,2084,2269,4353
2022-07-01,중앙선,운길산,867,833,1700
2022-07-01,중앙선,원덕,390,422,812
2022-07-01,중앙선,중랑,6235,5669,11904
2022-07-01,중앙선,지평,81,109,190
2022-07-01,중앙선,팔당,1024,1064,2088
2022-07-01,중앙선,회기,27607,25956,53563
2022-07-04,1호선,동대문,11145,10679,21824
2022-07-04,1호선,동묘앞,7504,7889,15393
2022-07-04,1호선,서울역,47157,46887,94044
2022-07-04,1호선,시청,23939,24804,48743
2022-07-04,1호선,신설동,14370,13883,28253
2022-07-04,1호선,제기동,17095,17521,34616
2022-07-04,1호선,종각,38812,38361,77173
2022-07-04,1호선,종로3가,26642,24736,51378
2022-07-04,1호선,종로5가,23157,23254,46411
2022-07-04,1호선,청량리,20091,19949,40040
2022-07-04,2호선,강남,89871,86832,176703
2022-07-04,2호선,강변,32920,30893,63813
2022-07-04,2호선,건대입구,34634,37249,71883
2022-07-04,2호선,교대,35882,40535,76417
2022-07-04,2호선,구로디지털단지,62902,62896,125798
2022-07-04,2호선,구의,24521,24202,48723
2022-07-04,2호선,낙성대,28516,27875,56391
2022-07-04,2호선,당산,18513,22320,40833
2022-07-04,2호선,대림,25035,25471,50506
2022-07-04,2호선,도림천,1547,1639,3186
2022-07-04,2호선,동대문역사문화공원,12515,14401,26916
2022-07-04,2호선,뚝섬,22988,24737,47725
2022-07-04,2호선,문래,23352,23904,47256
2022-07-04,2호선,방배,16988,17681,34669
2022-07-04,2호선,봉천,25331,23676,49007
2022-07-04,2호선,사당,39060,42229,81289
2022-07-04,2호선,삼성,55874,56787,112661
2022-07-04,2호선,상왕십리,14994,14620,29614
2022-07-04,2호선,서울대입구,48485,48332,96817
2022-07-04,2호선,서초,23522,22471,45993
2022-07-04,2호선,선릉,63363,55409,118772
2022-07-04,2호선,성수,39636,42847,82483
2022-07-04,2호선,시청,24829,24287,49116
2022-07-04,2호선,신답,1800,2058,3858
2022-07-04,2호선,신당,14389,14737,29126
2022-07-04,2호선,신대방,26254,25675,51929
2022-07-04,2호선,신도림,49103,48079,97182
2022-07-04,2호선,신림,59693,57418,117111
2022-07-04,2호선,신설동,3455,3370,6825
2022-07-04,2호선,신정네거리,11253,11455,22708
2022-07-04,2호선,신촌,37245,37850,75095
2022-07-04,2호선,아현,10959,10462,21421
2022-07-04,2호선,양천구청,7403,7617,15020
2022-07-04,2호선,역삼,58550,65646,124196
2022-07-04,2호선,영등포구청,23252,24178,47430
2022-07-04,2호선,왕십리,16691,13731,30422
2022-07-04,2호선,용답,2890,2779,5669
2022-07-04,2호선,용두,2453,2520,4973
2022-07-04,2호선,을지로3가,24607,24920,49527
2022-07-04,2호선,을지로4가,13716,13299,27015
2022-07-04,2호선,을지로입구,43825,43803,87628
2022-07-04,2호선,이대,14511,15782,30293
2022-07-04,2호선,잠실,72101,72182,144283
2022-07-04,2호선,잠실나루,15580,15099,30679
2022-07-04,2호선,잠실새내,22420,22257,44677
2022-07-04,2호선,종합운동장,7478,7958,15436
2022-07-04,2호선,충정로,10571,11264,21835
2022-07-04,2호선,한양대,9530,10261,19791
2022-07-04,2호선,합정,31033,32842,63875
2022-07-04,2호선,홍대입구,57319,59963,117282
2022-07-04,3호선,가락시장,9351,9050,18401
2022-07-04,3호선,경복궁,21482,21851,43333
2022-07-04,3호선,경찰병원,7797,7892,15689
2022-07-04,3호선,고속터미널,43130,40879,84009
2022-07-04,3호선,교대,15457,10178,25635
2022-07-04,3호선,구파발,22310,21540,43850
2022-07-04,3호선,금호,8256,7632,15888
2022-07-04,3호선,남부터미널,29997,30280,60277
2022-07-04,3호선,녹번,16048,14451,30499
2022-07-04,3호선,대청,11029,10213,21242
2022-07-04,3호선,대치,11349,11496,22845
2022-07-04,3호선,도곡,5883,5784,11667
2022-07-04,3호선,독립문,7128,7316,14444
2022-07-04,3호선,동대입구,7692,8114,15806
2022-07-04,3호선,매봉,13688,13118,26806
2022-07-04,3호선,무악재,4115,4047,8162
2022-07-04,3호선,불광,16791,17877,34668
2022-07-04,3호선,수서,17814,18357,36171
2022-07-04,3호선,신사,29606,31364,60970
2022-07-04,3호선,안국,22949,23120,46069
2022-07-04,3호선,압구정,34052,36181,70233
2022-07-04,3호선,약수,13377,13013,26390
2022-07-04,3호선,양재,38965,42687,81652
2022-07-04,3호선,연신내,37562,35257,72819
2022-07-04,3호선,오금,6666,5964,12630
2022-07-04,3호선,옥수,9229,9621,18850
2022-07-04,3호선,을지로3가,11362,11542,22904
2022-07-04,3호선,일원,11390,11017,22407
2022-07-04,3호선,잠원,5082,4845,9927
2022-07-04,3호선,종로3가,10328,11924,22252
2022-07-04,3호선,지축,5523,5236,10759
2022-07-04,3호선,충무로,4,0,4
2022-07-04,3호선,학여울,1845,1901,3746
2022-07-04,3호선,홍제,18034,17287,35321
2022-07-04,4호선,길음,20644,21006,41650
2022-07-04,4호선,남태령,1231,1138,2369
2022-07-04,4호선,노원,18343,20892,39235
2022-07-04,4호선,당고개,9256,8147,17403
2022-07-04,4호선,동대문,21096,21400,42496
2022-07-04,4호선,동대문역사문화공원,15642,13783,29425
2022-07-04,4호선,동작,1342,1438,2780
2022-07-04,4호선,명동,20480,19943,40423
2022-07-04,4호선,미아,14915,14773,29688
2022-07-04,4호선,미아사거리,27029,27149,54178
2022-07-04,4호선,사당,26039,20998,47037
2022-07-04,4호선,삼각지,4954,5576,10530
2022-07-04,4호선,상계,19370,18502,37872
2022-07-04,4호선,서울역,12096,17045,29141
2022-07-04,4호선,성신여대입구,19573,18919,38492
2022-07-04,4호선,수유,32697,33760,66457
2022-07-04,4호선,숙대입구,13449,12749,26198
2022-07-04,4호선,신용산,17959,17926,35885
2022-07-04,4호선,쌍문,28377,27597,55974
2022-07-04,4호선,이촌,9221,10286,19507
2022-07-04,4호선,창동,25801,27279,53080
2022-07-04,4호선,총신대입구,19150,20839,39989
2022-07-04,4호선,충무로,27180,28288,55468
2022-07-04,4호선,한성대입구,12917,12675,25592
2022-07-04,4호선,혜화,31121,30017,61138
2022-07-04,4호선,회현,26031,26132,52163
2022-07-04,5호선,강동,19667,18952,38619
2022-07-04,5호선,강일,4763,4728,9491
2022-07-04,5호선,개롱,6958,7165,14123
2022-07-04,5호선,개화산,6109,5776,11885
2022-07-04,5호선,거여,10901,10598,21499
2022-07-04,5호선,고덕,11015,10664,21679
2022-07-04,5호선,공덕,15423,16172,31595
2022-07-04,5호선,광나루,13647,12561,26208
2022-07-04,5호선,광화문,31329,33036,64365
2022-07-04,5호선,군자,11209,12265,23474
2022-07-04,5호선,굽은다리,10440,9967,20407
2022-07-04,5호선,길동,8617,8932,17549
2022-07-04,5호선,김포공항,7804,7675,15479
2022-07-04,5호선,까치산,30123,28846,58969
2022-07-04,5호선,답십리,16622,15208,31830
2022-07-04,5호선,동대문역사문화공원,3212,3786,6998
2022-07-04,5호선,둔촌동,8453,8376,16829
2022-07-04,5호선,마곡,11758,11748,23506
2022-07-04,5호선,마장,5908,5492,11400
2022-07-04,5호선,마천,7756,7344,15100
2022-07-04,5호선,마포,15289,15581,30870
2022-07-04,5호선,명일,9524,9699,19223
2022-07-04,5호선,목동,17761,19036,36797
2022-07-04,5호선,미사,17028,17181,34209
2022-07-04,5호선,발산,22257,22760,45017
2022-07-04,5호선,방이,7430,7623,15053
2022-07-04,5호선,방화,7279,6943,14222
2022-07-04,5호선,상일동,16106,14721,30827
2022-07-04,5호선,서대문,21099,21310,42409
2022-07-04,5호선,송정,6954,6348,13302
2022-07-04,5호선,신금호,7010,7179,14189
2022-07-04,5호선,신길,4456,4716,9172
2022-07-04,5호선,신정,14795,12029,26824
2022-07-04,5호선,아차산,14083,13734,27817
2022-07-04,5호선,애오개,6998,7042,14040
2022-07-04,5호선,양평,8108,8109,16217
2022-07-04,5호선,여의나루,11382,12822,24204
2022-07-04,5호선,여의도,31039,33108,64147
2022-07-04,5호선,영등포구청,4258,4460,8718
2022-07-04,5호선,영등포시장,10454,10756,21210
2022-07-04,5호선,오금,4071,4125,8196
2022-07-04,5호선,오목교,22449,24058,46507
2022-07-04,5호선,올림픽공원,4298,3752,8050
2022-07-04,5호선,왕십리,4592,5219,9811
2022-07-04,5호선,우장산,15436,15159,30595
2022-07-04,5호선,을지로4가,6384,6425,12809
2022-07-04,5호선,장한평,19300,19230,38530
2022-07-04,5호선,종로3가,12875,12547,25422
2022-07-04,5호선,천호,18616,18822,37438
2022-07-04,5호선,청구,4090,3765,7855
2022-07-04,5호선,충정로,4852,4866,9718
2022-07-04,5호선,하남검단산,6429,6185,12614
2022-07-04,5호선,하남시청,7548,7381,14929
2022-07-04,5호선,하남풍산,4600,4462,9062
2022-07-04,5호선,행당,8653,7748,16401
2022-07-04,5호선,화곡,29931,27979,57910
2022-07-04,6호선,고려대,8661,8412,17073
2022-07-04,6호선,공덕,19774,19097,38871
2022-07-04,6호선,광흥창,9989,9546,19535
2022-07-04,6호선,구산,8341,6256,14597
2022-07-04,6호선,녹사평,4643,4643,9286
2022-07-04,6호선,대흥,9020,9213,18233
2022-07-04,6호선,독바위,2915,3042,5957
2022-07-04,6호선,돌곶이,9940,9228,19168
2022-07-04,6호선,동묘앞,8197,8464,16661
2022-07-04,6호선,디지털미디어시티,15213,16945,32158
2022-07-04,6호선,마포구청,15018,13555,28573
2022-07-04,6호선,망원,13881,14956,28837
2022-07-04,6호선,버티고개,2247,2274,4521
2022-07-04,6호선,보문,8137,7266,15403
2022-07-04,6호선,봉화산,9583,9089,18672
2022-07-04,6호선,불광,4637,4637,9274
2022-07-04,6호선,삼각지,6789,5986,12775
2022-07-04,6호선,상수,8623,9566,18189
2022-07-04,6호선,상월곡,6503,5828,12331
2022-07-04,6호선,새절,13127,12129,25256
2022-07-04,6호선,석계,12659,13409,26068
2022-07-04,6호선,신당,8223,8782,17005
2022-07-04,6호선,안암,11625,11624,23249
2022-07-04,6호선,약수,3838,3830,7668
2022-07-04,6호선,역촌,3990,4631,8621
2022-07-04,6호선,월곡,12338,12168,24506
2022-07-04,6호선,월드컵경기장,4595,4874,9469
2022-07-04,6호선,응암,18063,18067,36130
2022-07-04,6호선,이태원,9906,10135,20041
2022-07-04,6호선,증산,10248,10187,20435
2022-07-04,6호선,창신,3844,3200,7044
2022-07-04,6호선,청구,3761,3908,7669
2022-07-04,6호선,태릉입구,5720,6137,11857
2022-07-04,6호선,한강진,7044,8092,15136
2022-07-04,6호선,합정,13185,13007,26192
2022-07-04,6호선,화랑대,12428,9571,21999
2022-07-04,6호선,효창공원앞,7349,6692,14041
2022-07-04,7호선,가산디지털단지,48829,48500,97329
2022-07-04,7호선,강남구청,17187,19094,36281
2022-07-04,7호선,건대입구,13386,14098,27484
2022-07-04,7호선,고속터미널,17141,13805,30946
2022-07-04,7호선,공릉,12493,12405,24898
2022-07-04,7호선,광명사거리,22253,22142,44395
2022-07-04,7호선,군자,15516,12433,27949
2022-07-04,7호선,남구로,16760,17613,34373
2022-07-04,7호선,남성,11766,10926,22692
2022-07-04,7호선,내방,15615,15935,31550
2022-07-04,7호선,노원,20931,21487,42418
2022-07-04,7호선,논현,20254,21279,41533
2022-07-04,7호선,대림,8378,8365,16743
2022-07-04,7호선,도봉산,9486,10610,20096
2022-07-04,7호선,뚝섬유원지,8386,8290,16676
2022-07-04,7호선,마들,13853,12873,26726
2022-07-04,7호선,먹골,10571,10501,21072
2022-07-04,7호선,면목,15732,15371,31103
2022-07-04,7호선,반포,6133,5969,12102
2022-07-04,7호선,보라매,8679,8697,17376
2022-07-04,7호선,사가정,16670,16632,33302
2022-07-04,7호선,상도,11630,11340,22970
2022-07-04,7호선,상봉,17146,16325,33471
2022-07-04,7호선,수락산,13140,13032,26172
2022-07-04,7호선,숭실대입구,12904,13034,25938
2022-07-04,7호선,신대방삼거리,15956,15395,31351
2022-07-04,7호선,신풍,12443,11948,24391
2022-07-04,7호선,어린이대공원,13058,12922,25980
2022-07-04,7호선,온수,10815,9895,20710
2022-07-04,7호선,용마산,6267,6094,12361
2022-07-04,7호선,이수,17014,16496,33510
2022-07-04,7호선,장승배기,9724,9567,19291
2022-07-04,7호선,장암,2504,945,3449
2022-07-04,7호선,중계,15538,14146,29684
2022-07-04,7호선,중곡,11459,10732,22191
2022-07-04,7호선,중화,11286,11119,22405
2022-07-04,7호선,천왕,12122,11699,23821
2022-07-04,7호선,철산,21894,22209,44103
2022-07-04,7호선,청담,21093,23606,44699
2022-07-04,7호선,태릉입구,8818,8292,17110
2022-07-04,7호선,하계,18858,17631,36489
2022-07-04,7호선,학동,25751,27003,52754
2022-07-04,8호선,가락시장,7915,8829,16744
2022-07-04,8호선,강동구청,11101,11578,22679
2022-07-04,8호선,남위례,5699,5884,11583
2022-07-04,8호선,남한산성입구,14370,12881,27251
2022-07-04,8호선,단대오거리,10945,10889,21834
2022-07-04,8호선,모란,5890,4645,10535
2022-07-04,8호선,몽촌토성,6386,6516,12902
2022-07-04,8호선,문정,23270,24696,47966
2022-07-04,8호선,복정,9640,8261,17901
2022-07-04,8호선,산성,5544,5655,11199
2022-07-04,8호선,석촌,7968,9044,17012
2022-07-04,8호선,송파,9260,9199,18459
2022-07-04,8호선,수진,5844,5426,11270
2022-07-04,8호선,신흥,4536,4941,9477
2022-07-04,8호선,암사,19925,17563,37488
2022-07-04,8호선,잠실,15264,17833,33097
2022-07-04,8호선,장지,17922,17599,35521
2022-07-04,8호선,천호,15150,17374,32524
2022-07-04,9호선,가양,22307,21809,44116
2022-07-04,9호선,개화,2996,1959,4955
2022-07-04,9호선,고속터미널,13177,16686,29863
2022-07-04,9호선,공항시장,3083,3398,6481
2022-07-04,9호선,구반포,1344,1416,2760
2022-07-04,9호선,국회의사당,17607,18515,36122
2022-07-04,9호선,김포공항,7696,11892,19588
2022-07-04,9호선,노들,4861,4073,8934
2022-07-04,9호선,노량진,25376,24883,50259
2022-07-04,9호선,당산,19213,19977,39190
2022-07-04,9호선,동작,1970,1589,3559
2022-07-04,9호선,등촌,12270,12038,24308
2022-07-04,9호선,마곡나루,12981,12989,25970
2022-07-04,9호선,사평,4156,4108,8264
2022-07-04,9호선,샛강,6766,6845,13611
2022-07-04,9호선,선유도,9592,9291,18883
2022-07-04,9호선,신논현,32319,31884,64203
2022-07-04,9호선,신목동,4749,4070,8819
2022-07-04,9호선,신반포,4061,3927,7988
2022-07-04,9호선,신방화,7342,7210,14552
2022-07-04,9호선,양천향교,10212,10474,20686
2022-07-04,9호선,여의도,31156,30200,61356
2022-07-04,9호선,염창,18346,17750,36096
2022-07-04,9호선,증미,8102,7965,16067
2022-07-04,9호선,흑석,8736,9082,17818
2022-07-04,9호선2~3단계,둔촌오륜,1317,1180,2497
2022-07-04,9호선2~3단계,봉은사,18720,19050,37770
2022-07-04,9호선2~3단계,삼성중앙,8184,8561,16745
2022-07-04,9호선2~3단계,삼전,7392,7116,14508
2022-07-04,9호선2~3단계,석촌,9013,7915,16928
2022-07-04,9호선2~3단계,석촌고분,6755,6618,13373
2022-07-04,9호선2~3단계,선정릉,10958,12003,22961
2022-07-04,9호선2~3단계,송파나루,5365,5604,10969
2022-07-04,9호선2~3단계,언주,11994,12366,24360
2022-07-04,9호선2~3단계,올림픽공원,6471,6482,12953
2022-07-04,9호선2~3단계,종합운동장,4484,4560,9044
2022-07-04,9호선2~3단계,중앙보훈병원,12122,10660,22782
2022-07-04,9호선2~3단계,한성백제,2797,2558,5355
2022-07-04,경강선,경기광주,8341,7854,16195
2022-07-04,경강선,곤지암,2232,2250,4482
2022-07-04,경강선,부발,2160,2237,4397
2022-07-04,경강선,삼동,2662,2496,5158
2022-07-04,경강선,세종대왕릉,370,377,747
2022-07-04,경강선,신둔도예촌,1602,1519,3121
2022-07-04,경강선,여주,2288,2256,4544
2022-07-04,경강선,이매,1201,1049,2250
2022-07-04,경강선,이천,2672,2791,5463
2022-07-04,경강선,초월,3448,3385,6833
2022-07-04,경강선,판교,5481,5424,10905
2022-07-04,경부선,가산디지털단지,19843,23143,42986
2022-07-04,경부선,관악,7516,7114,14630
2022-07-04,경부선,광명,3851,3280,7131
2022-07-04,경부선,구로,19522,19311,38833
2022-07-04,경부선,군포,7961,7963,15924
2022-07-04,경부선,금정,27801,28553,56354
2022-07-04,경부선,금천구청,12030,12029,24059
2022-07-04,경부선,남영,9970,10634,20604
2022-07-04,경부선,노량진,7608,7436,15044
2022-07-04,경부선,당정,6553,6232,12785
2022-07-04,경부선,대방,11772,12788,24560
2022-07-04,경부선,독산,19794,20595,40389
2022-07-04,경부선,두정,5521,5556,11077
2022-07-04,경부선,명학,9855,9575,19430
2022-07-04,경부선,병점,14600,14439,29039
2022-07-04,경부선,서동탄,1551,1316,2867
2022-07-04,경부선,서울역,7229,2243,9472
2022-07-04,경부선,서정리,7014,6976,13990
2022-07-04,경부선,석수,9797,8764,18561
2022-07-04,경부선,성균관대,14641,14651,29292
2022-07-04,경부선,성환,3309,3381,6690
2022-07-04,경부선,세류,3245,2986,6231
2022-07-04,경부선,세마,3071,2884,5955
2022-07-04,경부선,송탄,4388,4622,9010
2022-07-04,경부선,수원,34300,36278,70578
2022-07-04,경부선,신길,9537,8204,17741
2022-07-04,경부선,신도림,4232,4295,8527
2022-07-04,경부선,안양,22878,22349,45227
2022-07-04,경부선,영등포,38957,40271,79228
2022-07-04,경부선,오산,9728,9909,19637
2022-07-04,경부선,오산대,3567,3300,6867
2022-07-04,경부선,용산,37401,39131,76532
2022-07-04,경부선,의왕,9329,9371,18700
2022-07-04,경부선,직산,934,838,1772
2022-07-04,경부선,진위,1938,1752,3690
2022-07-04,경부선,천안,5389,5540,10929
2022-07-04,경부선,평택,11726,12116,23842
2022-07-04,경부선,평택지제,4090,3892,7982
2022-07-04,경부선,화서,8811,8328,17139
2022-07-04,경원선,가능,7270,6883,14153
2022-07-04,경원선,광운대,7984,7539,15523
2022-07-04,경원선,녹양,4857,4612,9469
2022-07-04,경원선,녹천,5330,4221,9551
2022-07-04,경원선,덕계,3425,2993,6418
2022-07-04,경원선,덕정,5768,5477,11245
2022-07-04,경원선,도봉,6316,6068,12384
2022-07-04,경원선,도봉산,7559,4750,12309
2022-07-04,경원선,동두천,2390,2627,5017
2022-07-04,경원선,동두천중앙,3401,3239,6640
2022-07-04,경원선,망월사,7923,8054,15977
2022-07-04,경원선,방학,10205,10044,20249
2022-07-04,경원선,보산,1886,2015,3901
2022-07-04,경원선,서빙고,2074,1851,3925
2022-07-04,경원선,석계,8278,9164,17442
2022-07-04,경원선,소요산,3057,2505,5562
2022-07-04,경원선,신이문,8892,8188,17080
2022-07-04,경원선,양주,7891,7431,15322
2022-07-04,경원선,옥수,35,27,62
2022-07-04,경원선,왕십리,15083,16875,31958
2022-07-04,경원선,외대앞,7735,7892,15627
2022-07-04,경원선,월계,6957,6536,13493
2022-07-04,경원선,응봉,2040,1701,3741
2022-07-04,경원선,의정부,18750,19347,38097
2022-07-04,경원선,이촌,4124,3240,7364
2022-07-04,경원선,지행,6936,6918,13854
2022-07-04,경원선,창동,2,0,2
2022-07-04,경원선,청량리,15650,16316,31966
2022-07-04,경원선,한남,4185,4007,8192
2022-07-04,경원선,회룡,13231,12856,26087
2022-07-04,경의선,가좌,5951,5619,11570
2022-07-04,경의선,강매,3515,3050,6565
2022-07-04,경의선,계양,1,0,1
2022-07-04,경의선,곡산,679,683,1362
2022-07-04,경의선,공덕,3810,3543,7353
2022-07-04,경의선,금릉,5147,4960,10107
2022-07-04,경의선,금촌,7011,6806,13817
2022-07-04,경의선,능곡,4156,3854,8010
2022-07-04,경의선,디지털미디어시티,2718,2467,5185
2022-07-04,경의선,문산,5898,5899,11797
2022-07-04,경의선,백마,7524,7220,14744
2022-07-04,경의선,서강대,2324,2321,4645
2022-07-04,경의선,서울역,5072,6296,11368
2022-07-04,경의선,수색,3256,3480,6736
2022-07-04,경의선,신촌,1011,1347,2358
2022-07-04,경의선,야당,8230,8151,16381
2022-07-04,경의선,운정,7579,6959,14538
2022-07-04,경의선,월롱,2863,2742,5605
2022-07-04,경의선,일산,10292,9951,20243
2022-07-04,경의선,임진강,22,9,31
2022-07-04,경의선,탄현,8490,7940,16430
2022-07-04,경의선,파주,1245,767,2012
2022-07-04,경의선,풍산,6061,5575,11636
2022-07-04,경의선,행신,8781,8738,17519
2022-07-04,경의선,홍대입구,1808,2072,3880
2022-07-04,경의선,화전,2092,1956,4048
2022-07-04,경의선,효창공원앞,3170,3583,6753
2022-07-04,경인선,간석,6353,5913,12266
2022-07-04,경인선,개봉,22293,21875,44168
2022-07-04,경인선,구일,6604,6446,13050
2022-07-04,경인선,도원,3702,3654,7356
2022-07-04,경인선,도화,4398,4028,8426
2022-07-04,경인선,동암,15860,15714,31574
2022-07-04,경인선,동인천,13826,13116,26942
2022-07-04,경인선,백운,7359,7117,14476
2022-07-04,경인선,부개,9239,8561,17800
2022-07-04,경인선,부천,32912,32818,65730
2022-07-04,경인선,부평,30018,31294,61312
2022-07-04,경인선,소사,8700,8422,17122
2022-07-04,경인선,송내,28892,28382,57274
2022-07-04,경인선,역곡,28278,27993,56271
2022-07-04,경인선,오류동,12341,11476,23817
2022-07-04,경인선,온수,7023,6637,13660
2022-07-04,경인선,인천,3606,2673,6279
2022-07-04,경인선,제물포,11123,10696,21819
2022-07-04,경인선,주안,19657,17521,37178
2022-07-04,경인선,중동,10134,9362,19496
2022-07-04,경춘선,가평,2220,2764,4984
2022-07-04,경춘선,갈매,3238,2834,6072
2022-07-04,경춘선,강촌,442,478,920
2022-07-04,경춘선,굴봉산,183,160,343
2022-07-04,경춘선,금곡,1606,1601,3207
2022-07-04,경춘선,김유정,287,290,577
2022-07-04,경춘선,남춘천,2417,2453,4870
2022-07-04,경춘선,대성리,931,1337,2268
2022-07-04,경춘선,마석,4268,4048,8316
2022-07-04,경춘선,백양리,97,84,181
2022-07-04,경춘선,별내,3356,3135,6491
2022-07-04,경춘선,사릉,2690,2455,5145
2022-07-04,경춘선,상천,289,282,571
2022-07-04,경춘선,신내,2506,2341,4847
2022-07-04,경춘선,천마산,1803,1681,3484
2022-07-04,경춘선,청평,2015,2114,4129
2022-07-04,경춘선,춘천,1426,1306,2732
2022-07-04,경춘선,퇴계원,3739,3377,7116
2022-07-04,경춘선,평내호평,6790,6399,13189
2022-07-04,공항철도,검암,7038,6957,13995
2022-07-04,공항철도,계양,11729,10769,22498
2022-07-04,공항철도,공덕,2560,3264,5824
2022-07-04,공항철도,공항화물청사,2433,2575,5008
2022-07-04,공항철도,김포공항,12117,6715,18832
2022-07-04,공항철도,디지털미디어시티,15650,14589,30239
2022-07-04,공항철도,마곡나루,10105,9699,19804
2022-07-04,공항철도,서울역,8984,8152,17136
2022-07-04,공항철도,영종,3682,3610,7292
2022-07-04,공항철도,운서,7755,7969,15724
2022-07-04,공항철도,인천공항1터미널,7676,7409,15085
2022-07-04,공항철도,인천공항2터미널,3753,3145,6898
2022-07-04,공항철도,청라국제도시,7752,7122,14874
2022-07-04,공항철도,홍대입구,10514,10630,21144
2022-07-04,과천선,경마공원,943,925,1868
2022-07-04,과천선,과천,6483,6418,12901
2022-07-04,과천선,대공원,2036,2136,4172
2022-07-04,과천선,범계,25988,26703,52691
2022-07-04,과천선,선바위,8067,7385,15452
2022-07-04,과천선,인덕원,24422,26132,50554
2022-07-04,과천선,정부과천청사,11351,11442,22793
2022-07-04,과천선,평촌,18608,18263,36871
2022-07-04,분당선,가천대,7576,8485,16061
2022-07-04,분당선,강남구청,10074,11699,21773
2022-07-04,분당선,개포동,4313,4503,8816
2022-07-04,분당선,구룡,2574,2501,5075
2022-07-04,분당선,구성,5382,5642,11024
2022-07-04,분당선,기흥,10653,9976,20629
2022-07-04,분당선,대모산입구,5211,4762,9973
2022-07-04,분당선,도곡,7891,7867,15758
2022-07-04,분당선,망포,15507,14630,30137
2022-07-04,분당선,매교,3337,3275,6612
2022-07-04,분당선,매탄권선,5480,5242,10722
2022-07-04,분당선,모란,24389,24956,49345
2022-07-04,분당선,미금,16503,17548,34051
2022-07-04,분당선,보정,2915,2560,5475
2022-07-04,분당선,상갈,5649,5405,11054
2022-07-04,분당선,서울숲,11326,11621,22947
2022-07-04,분당선,서현,26488,26725,53213
2022-07-04,분당선,선릉,14925,23059,37984
2022-07-04,분당선,선정릉,8716,9186,17902
2022-07-04,분당선,수내,14770,14671,29441
2022-07-04,분당선,수서,14994,15242,30236
2022-07-04,분당선,수원,8016,6931,14947
2022-07-04,분당선,수원시청,13103,14030,27133
2022-07-04,분당선,신갈,5040,4874,9914
2022-07-04,분당선,압구정로데오,18023,19752,37775
2022-07-04,분당선,야탑,27482,28250,55732
2022-07-04,분당선,영통,8472,8800,17272
2022-07-04,분당선,오리,12351,10149,22500
2022-07-04,분당선,이매,6236,5695,11931
2022-07-04,분당선,정자,19425,20683,40108
2022-07-04,분당선,죽전,13720,15388,29108
2022-07-04,분당선,청명,4525,4389,8914
2022-07-04,분당선,태평,14209,13487,27696
2022-07-04,분당선,한티,15320,16389,31709
2022-07-04,수인선,고색,4890,4518,9408
2022-07-04,수인선,남동인더스파크,2418,2698,5116
2022-07-04,수인선,달월,114,79,193
2022-07-04,수인선,사리,5049,4275,9324
2022-07-04,수인선,소래포구,5004,4520,9524
2022-07-04,수인선,송도,2553,2283,4836
2022-07-04,수인선,숭의,4190,3892,8082
2022-07-04,수인선,신포,1862,1826,3688
2022-07-04,수인선,야목,406,259,665
2022-07-04,수인선,어천,807,857,1664
2022-07-04,수인선,연수,4753,4678,9431
2022-07-04,수인선,오목천,3229,2974,6203
2022-07-04,수인선,원인재,4467,4629,9096
2022-07-04,수인선,월곶,2844,2715,5559
2022-07-04,수인선,인천,1154,1788,2942
2022-07-04,수인선,인천논현,5697,6161,11858
2022-07-04,수인선,인하대,6077,5828,11905
2022-07-04,수인선,호구포,4254,4488,8742
2022-07-04,신림선,관악산,2936,3002,5938
2022-07-04,신림선,당곡,3545,3561,7106
2022-07-04,신림선,대방,1875,1472,3347
2022-07-04,신림선,보라매,2758,2575,5333
2022-07-04,신림선,보라매공원,1763,1923,3686
2022-07-04,신림선,보라매병원,6645,6847,13492
2022-07-04,신림선,샛강,2188,2703,4891
2022-07-04,신림선,서울대벤처타운,6387,6549,12936
2022-07-04,신림선,서울지방병무청,2286,2524,4810
2022-07-04,신림선,서원,2880,2612,5492
2022-07-04,신림선,신림,1627,2122,3749
2022-07-04,안산선,고잔,9194,8511,17705
2022-07-04,안산선,대야미,5039,4893,9932
2022-07-04,안산선,반월,4497,4372,8869
2022-07-04,안산선,산본,15909,17660,33569
2022-07-04,안산선,상록수,15802,16207,32009
2022-07-04,안산선,수리산,4362,3683,8045
2022-07-04,안산선,신길온천,1891,1705,3596
2022-07-04,안산선,안산,12365,11263,23628
2022-07-04,안산선,오이도,8764,8596,17360
2022-07-04,안산선,정왕,8282,8789,17071
2022-07-04,안산선,중앙,18277,19054,37331
2022-07-04,안산선,초지,4851,4898,9749
2022-07-04,안산선,한대앞,9353,9464,18817
2022-07-04,우이신설선,4.19민주묘지,3049,2757,5806
2022-07-04,우이신설선,가오리,4552,4493,9045
2022-07-04,우이신설선,보문,1604,1576,3180
2022-07-04,우이신설선,북한산보국문,5985,6119,12104
2022-07-04,우이신설선,북한산우이,2890,2556,5446
2022-07-04,우이신설선,삼양,2200,2271,4471
2022-07-04,우이신설선,삼양사거리,2701,2588,5289
2022-07-04,우이신설선,성신여대입구,3573,3850,7423
2022-07-04,우이신설선,솔밭공원,2744,2592,5336
2022-07-04,우이신설선,솔샘,6104,6079,12183
2022-07-04,우이신설선,신설동,2280,2112,4392
2022-07-04,우이신설선,정릉,4926,4784,9710
2022-07-04,우이신설선,화계,3672,3321,6993
2022-07-04,일산선,대곡,2350,1781,4131
2022-07-04,일산선,대화,14522,11515,26037
2022-07-04,일산선,마두,8379,8444,16823
2022-07-04,일산선,백석,10208,10055,20263
2022-07-04,일산선,삼송,20749,20065,40814
2022-07-04,일산선,원당,11677,10881,22558
2022-07-04,일산선,원흥,11598,11020,22618
2022-07-04,일산선,정발산,7276,7333,14609
2022-07-04,일산선,주엽,10051,10046,20097
2022-07-04,일산선,지축,1,0,1
2022-07-04,일산선,화정,17630,17744,35374
2022-07-04,장항선,배방,1193,1176,2369
2022-07-04,장항선,봉명,1422,1367,2789
2022-07-04,장항선,신창,1311,1453,2764
2022-07-04,장항선,쌍용,2232,2069,4301
2022-07-04,장항선,아산,3256,2840,6096
2022-07-04,장항선,온양온천,4822,4977,9799
2022-07-04,장항선,탕정,891,850,1741
2022-07-04,중앙선,구리,14038,14020,28058
2022-07-04,중앙선,국수,789,779,1568
2022-07-04,중앙선,덕소,5817,5819,11636
2022-07-04,중앙선,도농,12191,10800,22991
2022-07-04,중앙선,도심,2748,2064,4812
2022-07-04,중앙선,망우,7980,7800,15780
2022-07-04,중앙선,상봉,6015,5987,12002
2022-07-04,중앙선,신원,217,183,400
2022-07-04,중앙선,아신,595,578,1173
2022-07-04,중앙선,양수,2122,2152,4274
2022-07-04,중앙선,양원,3451,3305,6756
2022-07-04,중앙선,양정,751,621,1372
2022-07-04,중앙선,양평,3103,3080,6183
2022-07-04,중앙선,오빈,366,338,704
2022-07-04,중앙선,용문,2046,2015,4061
2022-07-04,중앙선,운길산,751,702,1453
2022-07-04,중앙선,원덕,400,373,773
2022-07-04,중앙선,중랑,6022,5699,11721
2022-07-04,중앙선,지평,96,74,170
2022-07-04,중앙선,팔당,896,905,1801
2022-07-04,중앙선,회기,25458,24751,50209
2022-07-05,1호선,동대문,11014,10507,21521
2022-07-05,1호선,동묘앞,7992,8247,16239
2022-07-05,1호선,서울역,46491,45419,91910
2022-07-05,1호선,시청,25190,25600,50790
2022-07-05,1호선,신설동,14332,13960,28292
2022-07-05,1호선,제기동,17314,17480,34794
2022-07-05,1호선,종각,39391,38964,78355
2022-07-05,1호선,종로3가,26669,24600,51269
2022-07-05,1호선,종로5가,23391,23343,46734
2022-07-05,1호선,청량리,19886,19841,39727
2022-07-05,2호선,강남,93187,90242,183429
2022-07-05,2호선,강변,31864,29985,61849
2022-07-05,2호선,건대입구,36458,39423,75881
2022-07-05,2호선,교대,37354,41982,79336
2022-07-05,2호선,구로디지털단지,63655,63921,127576
2022-07-05,2호선,구의,25043,24406,49449
2022-07-05,2호선,낙성대,29185,28471,57656
2022-07-05,2호선,당산,18709,22391,41100
2022-07-05,2호선,대림,24890,25568,50458
2022-07-05,2호선,도림천,1595,1653,3248
2022-07-05,2호선,동대문역사문화공원,12918,14922,27840
2022-07-05,2호선,뚝섬,24198,26002,50200
2022-07-05,2호선,문래,24222,24671,48893
2022-07-05,2호선,방배,17528,18314,35842
2022-07-05,2호선,봉천,25709,23869,49578
2022-07-05,2호선,사당,40293,44018,84311
2022-07-05,2호선,삼성,59231,60016,119247
2022-07-05,2호선,상왕십리,15225,14772,29997
2022-07-05,2호선,서울대입구,48740,48192,96932
2022-07-05,2호선,서초,23816,23119,46935
2022-07-05,2호선,선릉,65167,57215,122382
2022-07-05,2호선,성수,40467,44001,84468
2022-07-05,2호선,시청,26095,25565,51660
2022-07-05,2호선,신답,1822,2104,3926
2022-07-05,2호선,신당,14644,14948,29592
2022-07-05,2호선,신대방,26672,26314,52986
2022-07-05,2호선,신도림,50477,50278,100755
2022-07-05,2호선,신림,61163,58907,120070
2022-07-05,2호선,신설동,3401,3343,6744
2022-07-05,2호선,신정네거리,11011,11285,22296
2022-07-05,2호선,신촌,37551,38503,76054
2022-07-05,2호선,아현,11459,10896,22355
2022-07-05,2호선,양천구청,7470,7575,15045
2022-07-05,2호선,역삼,59799,67446,127245
2022-07-05,2호선,영등포구청,23742,24434,48176
2022-07-05,2호선,왕십리,17302,14521,31823
2022-07-05,2호선,용답,2879,2770,5649
2022-07-05,2호선,용두,2475,2521,4996
2022-07-05,2호선,을지로3가,25312,25413,50725
2022-07-05,2호선,을지로4가,14147,13755,27902
2022-07-05,2호선,을지로입구,44312,46118,90430
2022-07-05,2호선,이대,14587,15602,30189
2022-07-05,2호선,잠실,76494,76186,152680
2022-07-05,2호선,잠실나루,16142,15776,31918
2022-07-05,2호선,잠실새내,23210,23300,46510
2022-07-05,2호선,종합운동장,10449,11363,21812
2022-07-05,2호선,충정로,10821,11440,22261
2022-07-05,2호선,한양대,9617,10281,19898
2022-07-05,2호선,합정,32504,34415,66919
2022-07-05,2호선,홍대입구,61323,64639,125962
2022-07-05,3호선,가락시장,9530,9306,18836
2022-07-05,3호선,경복궁,20788,20531,41319
2022-07-05,3호선,경찰병원,7798,7936,15734
2022-07-05,3호선,고속터미널,42910,41186,84096
2022-07-05,3호선,교대,15640,10277,25917
2022-07-05,3호선,구파발,22815,21983,44798
2022-07-05,3호선,금호,8347,7768,16115
2022-07-05,3호선,남부터미널,30892,31409,62301
2022-07-05,3호선,녹번,16258,14850,31108
2022-07-05,3호선,대청,11114,10367,21481
2022-07-05,3호선,대치,11577,11665,23242
2022-07-05,3호선,도곡,5714,5759,11473
2022-07-05,3호선,독립문,7499,7537,15036
2022-07-05,3호선,동대입구,7883,8315,16198
2022-07-05,3호선,매봉,13617,13195,26812
2022-07-05,3호선,무악재,4258,4296,8554
2022-07-05,3호선,불광,16942,18179,35121
2022-07-05,3호선,수서,17999,18481,36480
2022-07-05,3호선,신사,30984,32646,63630
2022-07-05,3호선,안국,23515,24122,47637
2022-07-05,3호선,압구정,35073,37478,72551
2022-07-05,3호선,약수,13591,13222,26813
2022-07-05,3호선,양재,40056,43870,83926
2022-07-05,3호선,연신내,38159,35470,73629
2022-07-05,3호선,오금,6793,6081,12874
2022-07-05,3호선,옥수,9483,9852,19335
2022-07-05,3호선,을지로3가,11522,11616,23138
2022-07-05,3호선,일원,11655,11355,23010
2022-07-05,3호선,잠원,5326,5115,10441
2022-07-05,3호선,종로3가,10344,12052,22396
2022-07-05,3호선,지축,5604,5254,10858
2022-07-05,3호선,학여울,1919,1933,3852
2022-07-05,3호선,홍제,18356,17155,35511
2022-07-05,4호선,길음,21525,21446,42971
2022-07-05,4호선,남태령,1331,1183,2514
2022-07-05,4호선,노원,19835,22412,42247
2022-07-05,4호선,당고개,9638,8589,18227
2022-07-05,4호선,동대문,21316,21619,42935
2022-07-05,4호선,동대문역사문화공원,15833,14009,29842
2022-07-05,4호선,동작,1307,1492,2799
2022-07-05,4호선,명동,20638,21135,41773
2022-07-05,4호선,미아,15406,14950,30356
2022-07-05,4호선,미아사거리,28412,27977,56389
2022-07-05,4호선,사당,26508,22097,48605
2022-07-05,4호선,삼각지,5544,6235,11779
2022-07-05,4호선,상계,20281,18838,39119
2022-07-05,4호선,서울역,12381,17686,30067
2022-07-05,4호선,성신여대입구,20406,19754,40160
2022-07-05,4호선,수유,34861,35155,70016
2022-07-05,4호선,숙대입구,13875,13232,27107
2022-07-05,4호선,신용산,18836,19824,38660
2022-07-05,4호선,쌍문,30120,28271,58391
2022-07-05,4호선,이촌,9350,10153,19503
2022-07-05,4호선,창동,26858,28291,55149
2022-07-05,4호선,총신대입구,20084,21634,41718
2022-07-05,4호선,충무로,27612,28808,56420
2022-07-05,4호선,한성대입구,13698,13186,26884
2022-07-05,4호선,혜화,34353,34318,68671
2022-07-05,4호선,회현,26427,27379,53806
2022-07-05,5호선,강동,19836,19093,38929
2022-07-05,5호선,강일,4777,4803,9580
2022-07-05,5호선,개롱,7218,7417,14635
2022-07-05,5호선,개화산,6173,5839,12012
2022-07-05,5호선,거여,11128,10869,21997
2022-07-05,5호선,고덕,11145,10808,21953
2022-07-05,5호선,공덕,15673,16328,32001
2022-07-05,5호선,광나루,14053,12753,26806
2022-07-05,5호선,광화문,33557,35362,68919
2022-07-05,5호선,군자,11614,12737,24351
2022-07-05,5호선,굽은다리,10473,10131,20604
2022-07-05,5호선,길동,8534,8802,17336
2022-07-05,5호선,김포공항,8120,7922,16042
2022-07-05,5호선,까치산,30562,29270,59832
2022-07-05,5호선,답십리,16892,15440,32332
2022-07-05,5호선,동대문역사문화공원,3264,3789,7053
2022-07-05,5호선,둔촌동,8624,8750,17374
2022-07-05,5호선,마곡,11982,11965,23947
2022-07-05,5호선,마장,5887,5460,11347
2022-07-05,5호선,마천,7835,7420,15255
2022-07-05,5호선,마포,15716,15909,31625
2022-07-05,5호선,명일,9730,9871,19601
2022-07-05,5호선,목동,18187,19302,37489
2022-07-05,5호선,미사,17476,17676,35152
2022-07-05,5호선,발산,23078,23681,46759
2022-07-05,5호선,방이,7621,7974,15595
2022-07-05,5호선,방화,7462,7214,14676
2022-07-05,5호선,상일동,16326,15079,31405
2022-07-05,5호선,서대문,21542,21825,43367
2022-07-05,5호선,송정,6970,6460,13430
2022-07-05,5호선,신금호,7131,7298,14429
2022-07-05,5호선,신길,4654,4901,9555
2022-07-05,5호선,신정,14812,12094,26906
2022-07-05,5호선,아차산,15137,14520,29657
2022-07-05,5호선,애오개,7315,7368,14683
2022-07-05,5호선,양평,7997,8076,16073
2022-07-05,5호선,여의나루,11579,12995,24574
2022-07-05,5호선,여의도,32086,33935,66021
2022-07-05,5호선,영등포구청,4214,4482,8696
2022-07-05,5호선,영등포시장,10652,11212,21864
2022-07-05,5호선,오금,4153,4164,8317
2022-07-05,5호선,오목교,23396,24984,48380
2022-07-05,5호선,올림픽공원,4624,3828,8452
2022-07-05,5호선,왕십리,4824,5555,10379
2022-07-05,5호선,우장산,15829,15460,31289
2022-07-05,5호선,을지로4가,6514,6651,13165
2022-07-05,5호선,장한평,19636,19660,39296
2022-07-05,5호선,종로3가,13283,13186,26469
2022-07-05,5호선,천호,19579,19461,39040
2022-07-05,5호선,청구,4244,3925,8169
2022-07-05,5호선,충정로,4876,4917,9793
2022-07-05,5호선,하남검단산,6411,6239,12650
2022-07-05,5호선,하남시청,7584,7251,14835
2022-07-05,5호선,하남풍산,4702,4626,9328
2022-07-05,5호선,행당,8868,7892,16760
2022-07-05,5호선,화곡,30479,28182,58661
2022-07-05,6호선,고려대,8730,8481,17211
2022-07-05,6호선,공덕,20113,19431,39544
2022-07-05,6호선,광흥창,10160,9840,20000
2022-07-05,6호선,구산,8441,6354,14795
2022-07-05,6호선,녹사평,5021,4842,9863
2022-07-05,6호선,대흥,9135,9404,18539
2022-07-05,6호선,독바위,2948,3051,5999
2022-07-05,6호선,돌곶이,9800,9111,18911
2022-07-05,6호선,동묘앞,8043,8271,16314
2022-07-05,6호선,디지털미디어시티,15640,17765,33405
2022-07-05,6호선,마포구청,15864,14240,30104
2022-07-05,6호선,망원,14136,14923,29059
2022-07-05,6호선,버티고개,2360,2350,4710
2022-07-05,6호선,보문,8131,7328,15459
2022-07-05,6호선,봉화산,9625,9230,18855
2022-07-05,6호선,불광,4607,4657,9264
2022-07-05,6호선,삼각지,7986,7007,14993
2022-07-05,6호선,상수,9045,10128,19173
2022-07-05,6호선,상월곡,6629,5842,12471
2022-07-05,6호선,새절,13433,12581,26014
2022-07-05,6호선,석계,12952,13436,26388
2022-07-05,6호선,신당,8171,8758,16929
2022-07-05,6호선,안암,11639,11598,23237
2022-07-05,6호선,약수,3846,3835,7681
2022-07-05,6호선,역촌,4092,4735,8827
2022-07-05,6호선,월곡,12494,12154,24648
2022-07-05,6호선,월드컵경기장,4617,4882,9499
2022-07-05,6호선,응암,18641,18381,37022
2022-07-05,6호선,이태원,10296,10549,20845
2022-07-05,6호선,증산,10563,10532,21095
2022-07-05,6호선,창신,3852,3145,6997
2022-07-05,6호선,청구,3797,3985,7782
2022-07-05,6호선,태릉입구,5671,6075,11746
2022-07-05,6호선,한강진,8048,9243,17291
2022-07-05,6호선,합정,13915,13620,27535
2022-07-05,6호선,화랑대,12506,9742,22248
2022-07-05,6호선,효창공원앞,7512,6720,14232
2022-07-05,7호선,가산디지털단지,48856,48941,97797
2022-07-05,7호선,강남구청,18269,20109,38378
2022-07-05,7호선,건대입구,13712,14308,28020
2022-07-05,7호선,고속터미널,16320,13958,30278
2022-07-05,7호선,공릉,12617,12652,25269
2022-07-05,7호선,광명사거리,22629,22344,44973
2022-07-05,7호선,군자,16026,12768,28794
2022-07-05,7호선,남구로,17046,18079,35125
2022-07-05,7호선,남성,12061,11242,23303
2022-07-05,7호선,내방,15866,16251,32117
2022-07-05,7호선,노원,21466,22217,43683
2022-07-05,7호선,논현,20446,21986,42432
2022-07-05,7호선,대림,8315,8251,16566
2022-07-05,7호선,도봉산,9544,10672,20216
2022-07-05,7호선,뚝섬유원지,8867,8640,17507
2022-07-05,7호선,마들,13789,13029,26818
2022-07-05,7호선,먹골,10962,10792,21754
2022-07-05,7호선,면목,15560,15307,30867
2022-07-05,7호선,반포,6323,6154,12477
2022-07-05,7호선,보라매,8729,8643,17372
2022-07-05,7호선,사가정,16796,16645,33441
2022-07-05,7호선,상도,11844,11415,23259
2022-07-05,7호선,상봉,17355,16431,33786
2022-07-05,7호선,수락산,13450,13353,26803
2022-07-05,7호선,숭실대입구,12786,12924,25710
2022-07-05,7호선,신대방삼거리,16353,15610,31963
2022-07-05,7호선,신풍,12547,12205,24752
2022-07-05,7호선,어린이대공원,13378,13307,26685
2022-07-05,7호선,온수,10869,9825,20694
2022-07-05,7호선,용마산,6268,6097,12365
2022-07-05,7호선,이수,17270,16979,34249
2022-07-05,7호선,장승배기,9733,9629,19362
2022-07-05,7호선,장암,2430,948,3378
2022-07-05,7호선,중계,15843,14338,30181
2022-07-05,7호선,중곡,12091,11091,23182
2022-07-05,7호선,중화,11515,11241,22756
2022-07-05,7호선,천왕,12585,11896,24481
2022-07-05,7호선,철산,22164,22583,44747
2022-07-05,7호선,청담,21497,24092,45589
2022-07-05,7호선,태릉입구,8708,8221,16929
2022-07-05,7호선,하계,18968,17963,36931
2022-07-05,7호선,학동,26444,27872,54316
2022-07-05,8호선,가락시장,7892,8925,16817
2022-07-05,8호선,강동구청,11339,11739,23078
2022-07-05,8호선,남위례,5818,6012,11830
2022-07-05,8호선,남한산성입구,14250,12941,27191
2022-07-05,8호선,단대오거리,11070,10873,21943
2022-07-05,8호선,모란,4624,3799,8423
2022-07-05,8호선,몽촌토성,6594,7009,13603
2022-07-05,8호선,문정,23523,24875,48398
2022-07-05,8호선,복정,9944,8289,18233
2022-07-05,8호선,산성,5646,5722,11368
2022-07-05,8호선,석촌,8067,9193,17260
2022-07-05,8호선,송파,9571,9390,18961
2022-07-05,8호선,수진,5789,5166,10955
2022-07-05,8호선,신흥,4421,4830,9251
2022-07-05,8호선,암사,20006,17660,37666
2022-07-05,8호선,잠실,16221,18572,34793
2022-07-05,8호선,장지,18468,17820,36288
2022-07-05,8호선,천호,15792,18026,33818
2022-07-05,9호선,가양,22702,22100,44802
2022-07-05,9호선,개화,2935,2014,4949
2022-07-05,9호선,고속터미널,13663,16844,30507
2022-07-05,9호선,공항시장,3221,3526,6747
2022-07-05,9호선,구반포,1274,1340,2614
2022-07-05,9호선,국회의사당,19062,19705,38767
2022-07-05,9호선,김포공항,8023,12533,20556
2022-07-05,9호선,노들,4911,4052,8963
2022-07-05,9호선,노량진,25978,25313,51291
2022-07-05,9호선,당산,20022,20397,40419
2022-07-05,9호선,동작,2075,1618,3693
2022-07-05,9호선,등촌,12773,12227,25000
2022-07-05,9호선,마곡나루,13502,13490,26992
2022-07-05,9호선,사평,4591,4423,9014
2022-07-05,9호선,샛강,6910,6971,13881
2022-07-05,9호선,선유도,9762,9407,19169
2022-07-05,9호선,신논현,33551,33350,66901
2022-07-05,9호선,신목동,4696,4029,8725
2022-07-05,9호선,신반포,4057,4011,8068
2022-07-05,9호선,신방화,7511,7360,14871
2022-07-05,9호선,양천향교,10343,10786,21129
2022-07-05,9호선,여의도,32180,30873,63053
2022-07-05,9호선,염창,18527,17961,36488
2022-07-05,9호선,증미,8232,8055,16287
2022-07-05,9호선,흑석,8782,9196,17978
2022-07-05,9호선2~3단계,둔촌오륜,1335,1220,2555
2022-07-05,9호선2~3단계,봉은사,19995,20690,40685
2022-07-05,9호선2~3단계,삼성중앙,8466,8843,17309
2022-07-05,9호선2~3단계,삼전,7527,7272,14799
2022-07-05,9호선2~3단계,석촌,9119,8057,17176
2022-07-05,9호선2~3단계,석촌고분,6735,6739,13474
2022-07-05,9호선2~3단계,선정릉,11209,12304,23513
2022-07-05,9호선2~3단계,송파나루,5652,6138,11790
2022-07-05,9호선2~3단계,언주,12103,12317,24420
2022-07-05,9호선2~3단계,올림픽공원,6881,6588,13469
2022-07-05,9호선2~3단계,종합운동장,4727,4792,9519
2022-07-05,9호선2~3단계,중앙보훈병원,12438,11237,23675
2022-07-05,9호선2~3단계,한성백제,2925,2523,5448
2022-07-05,경강선,경기광주,8290,7768,16058
2022-07-05,경강선,곤지암,2290,2195,4485
2022-07-05,경강선,부발,2124,2161,4285
2022-07-05,경강선,삼동,2746,2457,5203
2022-07-05,경강선,세종대왕릉,328,340,668
2022-07-05,경강선,신둔도예촌,1551,1514,3065
2022-07-05,경강선,여주,2267,2262,4529
2022-07-05,경강선,이매,1220,1106,2326
2022-07-05,경강선,이천,2719,2773,5492
2022-07-05,경강선,초월,3435,3234,6669
2022-07-05,경강선,판교,5583,5588,11171
2022-07-05,경부선,가산디지털단지,19651,22864,42515
2022-07-05,경부선,관악,7623,7219,14842
2022-07-05,경부선,광명,3491,3021,6512
2022-07-05,경부선,구로,19449,19783,39232
2022-07-05,경부선,군포,7930,7873,15803
2022-07-05,경부선,금정,28240,28490,56730
2022-07-05,경부선,금천구청,12169,12026,24195
2022-07-05,경부선,남영,10138,10560,20698
2022-07-05,경부선,노량진,7703,7521,15224
2022-07-05,경부선,당정,6656,6297,12953
2022-07-05,경부선,대방,12057,12941,24998
2022-07-05,경부선,독산,19937,20753,40690
2022-07-05,경부선,두정,5427,5573,11000
2022-07-05,경부선,명학,9935,9720,19655
2022-07-05,경부선,병점,14602,14482,29084
2022-07-05,경부선,서동탄,1505,1289,2794
2022-07-05,경부선,서울역,6580,1926,8506
2022-07-05,경부선,서정리,6990,6577,13567
2022-07-05,경부선,석수,9992,9057,19049
2022-07-05,경부선,성균관대,14581,14501,29082
2022-07-05,경부선,성환,3449,3395,6844
2022-07-05,경부선,세류,3552,3164,6716
2022-07-05,경부선,세마,3168,2940,6108
2022-07-05,경부선,송탄,4259,4162,8421
2022-07-05,경부선,수원,34290,36513,70803
2022-07-05,경부선,신길,9553,8201,17754
2022-07-05,경부선,신도림,4262,4107,8369
2022-07-05,경부선,안양,22747,22378,45125
2022-07-05,경부선,영등포,39864,41333,81197
2022-07-05,경부선,오산,9849,9864,19713
2022-07-05,경부선,오산대,3632,3423,7055
2022-07-05,경부선,용산,37434,38393,75827
2022-07-05,경부선,의왕,9347,9269,18616
2022-07-05,경부선,직산,911,871,1782
2022-07-05,경부선,진위,1900,1708,3608
2022-07-05,경부선,천안,5169,5394,10563
2022-07-05,경부선,평택,11322,11431,22753
2022-07-05,경부선,평택지제,3816,3664,7480
2022-07-05,경부선,화서,8659,8358,17017
2022-07-05,경원선,가능,7233,6946,14179
2022-07-05,경원선,광운대,8041,7567,15608
2022-07-05,경원선,녹양,4887,4644,9531
2022-07-05,경원선,녹천,5293,4272,9565
2022-07-05,경원선,덕계,3468,3126,6594
2022-07-05,경원선,덕정,5796,5463,11259
2022-07-05,경원선,도봉,6562,6208,12770
2022-07-05,경원선,도봉산,7649,4884,12533
2022-07-05,경원선,동두천,2409,2579,4988
2022-07-05,경원선,동두천중앙,3469,3365,6834
2022-07-05,경원선,망월사,8061,8130,16191
2022-07-05,경원선,방학,10381,10127,20508
2022-07-05,경원선,보산,1612,1480,3092
2022-07-05,경원선,서빙고,2198,2081,4279
2022-07-05,경원선,석계,8395,9408,17803
2022-07-05,경원선,소요산,2988,2478,5466
2022-07-05,경원선,신이문,8966,8247,17213
2022-07-05,경원선,양주,7921,7546,15467
2022-07-05,경원선,옥수,35,31,66
2022-07-05,경원선,왕십리,15871,17537,33408
2022-07-05,경원선,외대앞,8049,7818,15867
2022-07-05,경원선,월계,6915,6597,13512
2022-07-05,경원선,응봉,2053,1787,3840
2022-07-05,경원선,의정부,18923,19598,38521
2022-07-05,경원선,이촌,4211,3296,7507
2022-07-05,경원선,지행,6699,6688,13387
2022-07-05,경원선,창동,2,0,2
2022-07-05,경원선,청량리,15338,16095,31433
2022-07-05,경원선,한남,4327,4230,8557
2022-07-05,경원선,회룡,13146,13059,26205
2022-07-05,경의선,가좌,5931,5612,11543
2022-07-05,경의선,강매,3504,2963,6467
2022-07-05,경의선,계양,1,0,1
2022-07-05,경의선,곡산,696,722,1418
2022-07-05,경의선,공덕,3951,3548,7499
2022-07-05,경의선,금릉,5234,5074,10308
2022-07-05,경의선,금촌,6652,6540,13192
2022-07-05,경의선,능곡,4142,3795,7937
2022-07-05,경의선,디지털미디어시티,2830,2532,5362
2022-07-05,경의선,문산,5794,5673,11467
2022-07-05,경의선,백마,7481,7246,14727
2022-07-05,경의선,서강대,2227,2295,4522
2022-07-05,경의선,서울역,4969,6303,11272
2022-07-05,경의선,수색,3365,3535,6900
2022-07-05,경의선,신촌,967,1297,2264
2022-07-05,경의선,야당,8439,8253,16692
2022-07-05,경의선,운정,7576,6957,14533
2022-07-05,경의선,월롱,2792,2656,5448
2022-07-05,경의선,일산,10224,10028,20252
2022-07-05,경의선,임진강,12,3,15
2022-07-05,경의선,탄현,8432,8015,16447
2022-07-05,경의선,파주,1106,727,1833
2022-07-05,경의선,풍산,6010,5551,11561
2022-07-05,경의선,행신,8751,8682,17433
2022-07-05,경의선,홍대입구,1800,2254,4054
2022-07-05,경의선,화전,2306,2243,4549
2022-07-05,경의선,효창공원앞,3145,3547,6692
2022-07-05,경인선,간석,6467,6130,12597
2022-07-05,경인선,개봉,22673,22266,44939
2022-07-05,경인선,구일,6648,6483,13131
2022-07-05,경인선,도원,3774,3630,7404
2022-07-05,경인선,도화,4429,4129,8558
2022-07-05,경인선,동암,16043,16069,32112
2022-07-05,경인선,동인천,14018,13418,27436
2022-07-05,경인선,백운,7369,7247,14616
2022-07-05,경인선,부개,9481,8763,18244
2022-07-05,경인선,부천,32726,32788,65514
2022-07-05,경인선,부평,30484,31590,62074
2022-07-05,경인선,소사,8880,8450,17330
2022-07-05,경인선,송내,28847,28784,57631
2022-07-05,경인선,역곡,28256,28471,56727
2022-07-05,경인선,오류동,12381,11428,23809
2022-07-05,경인선,온수,7276,6728,14004
2022-07-05,경인선,인천,3794,2954,6748
2022-07-05,경인선,제물포,11201,10551,21752
2022-07-05,경인선,주안,19359,17435,36794
2022-07-05,경인선,중동,10078,9382,19460
2022-07-05,경춘선,가평,2735,2379,5114
2022-07-05,경춘선,갈매,3262,2855,6117
2022-07-05,경춘선,강촌,425,393,818
2022-07-05,경춘선,굴봉산,142,128,270
2022-07-05,경춘선,금곡,1593,1539,3132
2022-07-05,경춘선,김유정,291,336,627
2022-07-05,경춘선,남춘천,2371,2453,4824
2022-07-05,경춘선,대성리,1399,1025,2424
2022-07-05,경춘선,마석,4154,4038,8192
2022-07-05,경춘선,백양리,98,91,189
2022-07-05,경춘선,별내,3339,3167,6506
2022-07-05,경춘선,사릉,2568,2439,5007
2022-07-05,경춘선,상천,321,264,585
2022-07-05,경춘선,신내,2431,2296,4727
2022-07-05,경춘선,천마산,1760,1659,3419
2022-07-05,경춘선,청평,2183,2084,4267
2022-07-05,경춘선,춘천,1349,1204,2553
2022-07-05,경춘선,퇴계원,3789,3358,7147
2022-07-05,경춘선,평내호평,6658,6564,13222
2022-07-05,공항철도,검암,7125,7047,14172
2022-07-05,공항철도,계양,11814,11029,22843
2022-07-05,공항철도,공덕,2577,3440,6017
2022-07-05,공항철도,공항화물청사,2587,2715,5302
2022-07-05,공항철도,김포공항,11154,5684,16838
2022-07-05,공항철도,디지털미디어시티,16475,15129,31604
2022-07-05,공항철도,마곡나루,10499,9988,20487
2022-07-05,공항철도,서울역,8545,7730,16275
2022-07-05,공항철도,영종,3418,3598,7016
2022-07-05,공항철도,운서,7855,7863,15718
2022-07-05,공항철도,인천공항1터미널,7455,7244,14699
2022-07-05,공항철도,인천공항2터미널,3655,3385,7040
2022-07-05,공항철도,청라국제도시,7801,7415,15216
2022-07-05,공항철도,홍대입구,11249,11163,22412
2022-07-05,과천선,경마공원,1607,1522,3129
2022-07-05,과천선,과천,6990,6607,13597
2022-07-05,과천선,대공원,3266,3343,6609
2022-07-05,과천선,범계,27464,27319,54783
2022-07-05,과천선,선바위,8360,7411,15771
2022-07-05,과천선,인덕원,25560,26417,51977
2022-07-05,과천선,정부과천청사,12536,12267,24803
2022-07-05,과천선,평촌,19119,19055,38174
2022-07-05,분당선,가천대,7647,8405,16052
2022-07-05,분당선,강남구청,10351,12042,22393
2022-07-05,분당선,개포동,4366,4477,8843
2022-07-05,분당선,구룡,2500,2416,4916
2022-07-05,분당선,구성,5439,5729,11168
2022-07-05,분당선,기흥,10921,10200,21121
2022-07-05,분당선,대모산입구,5239,4778,10017
2022-07-05,분당선,도곡,7768,7647,15415
2022-07-05,분당선,망포,15788,15086,30874
2022-07-05,분당선,매교,3332,3279,6611
2022-07-05,분당선,매탄권선,5773,5474,11247
2022-07-05,분당선,모란,20553,20458,41011
2022-07-05,분당선,미금,16609,17706,34315
2022-07-05,분당선,보정,2978,2611,5589
2022-07-05,분당선,복정,2,0,2
2022-07-05,분당선,상갈,5802,5646,11448
2022-07-05,분당선,서울숲,12249,12802,25051
2022-07-05,분당선,서현,27812,28268,56080
2022-07-05,분당선,선릉,15505,23605,39110
2022-07-05,분당선,선정릉,8756,9182,17938
2022-07-05,분당선,수내,15395,15205,30600
2022-07-05,분당선,수서,14573,14810,29383
2022-07-05,분당선,수원,8174,6836,15010
2022-07-05,분당선,수원시청,13537,14361,27898
2022-07-05,분당선,신갈,5102,4998,10100
2022-07-05,분당선,압구정로데오,20362,22499,42861
2022-07-05,분당선,야탑,27838,28865,56703
2022-07-05,분당선,영통,8857,9189,18046
2022-07-05,분당선,오리,12437,10218,22655
2022-07-05,분당선,이매,6297,5771,12068
2022-07-05,분당선,정자,20209,21606,41815
2022-07-05,분당선,죽전,14135,15553,29688
2022-07-05,분당선,청명,4780,4568,9348
2022-07-05,분당선,태평,14097,13408,27505
2022-07-05,분당선,한티,15902,16929,32831
2022-07-05,수인선,고색,4887,4558,9445
2022-07-05,수인선,남동인더스파크,2556,2821,5377
2022-07-05,수인선,달월,125,74,199
2022-07-05,수인선,사리,5074,4504,9578
2022-07-05,수인선,소래포구,5119,4691,9810
2022-07-05,수인선,송도,2505,2318,4823
2022-07-05,수인선,숭의,4198,3880,8078
2022-07-05,수인선,신포,1950,1898,3848
2022-07-05,수인선,야목,398,327,725
2022-07-05,수인선,어천,884,865,1749
2022-07-05,수인선,연수,4620,4673,9293
2022-07-05,수인선,오목천,3223,2943,6166
2022-07-05,수인선,원인재,4521,4683,9204
2022-07-05,수인선,월곶,2868,2711,5579
2022-07-05,수인선,인천,1158,1775,2933
2022-07-05,수인선,인천논현,5851,6180,12031
2022-07-05,수인선,인하대,6145,5899,12044
2022-07-05,수인선,호구포,4437,4604,9041
2022-07-05,신림선,관악산,2784,2836,5620
2022-07-05,신림선,당곡,3750,3654,7404
2022-07-05,신림선,대방,1856,1498,3354
2022-07-05,신림선,보라매,2836,2648,5484
2022-07-05,신림선,보라매공원,1859,1982,3841
2022-07-05,신림선,보라매병원,6838,7253,14091
2022-07-05,신림선,샛강,2238,2680,4918
2022-07-05,신림선,서울대벤처타운,6338,6470,12808
2022-07-05,신림선,서울지방병무청,2271,2509,4780
2022-07-05,신림선,서원,2861,2622,5483
2022-07-05,신림선,신림,1667,2263,3930
2022-07-05,안산선,고잔,9281,8981,18262
2022-07-05,안산선,대야미,5312,4704,10016
2022-07-05,안산선,반월,4580,4479,9059
2022-07-05,안산선,산본,16746,17879,34625
2022-07-05,안산선,상록수,16367,16440,32807
2022-07-05,안산선,수리산,4419,3651,8070
2022-07-05,안산선,신길온천,1872,1683,3555
2022-07-05,안산선,안산,12165,11152,23317
2022-07-05,안산선,오이도,8949,8701,17650
2022-07-05,안산선,정왕,8191,8553,16744
2022-07-05,안산선,중앙,19115,19605,38720
2022-07-05,안산선,초지,5185,5190,10375
2022-07-05,안산선,한대앞,9455,9486,18941
2022-07-05,우이신설선,4.19민주묘지,2940,2774,5714
2022-07-05,우이신설선,가오리,4472,4422,8894
2022-07-05,우이신설선,보문,1604,1619,3223
2022-07-05,우이신설선,북한산보국문,6109,5881,11990
2022-07-05,우이신설선,북한산우이,2866,2597,5463
2022-07-05,우이신설선,삼양,2107,2244,4351
2022-07-05,우이신설선,삼양사거리,2688,2614,5302
2022-07-05,우이신설선,성신여대입구,3495,3872,7367
2022-07-05,우이신설선,솔밭공원,2712,2539,5251
2022-07-05,우이신설선,솔샘,6181,5903,12084
2022-07-05,우이신설선,신설동,2322,2192,4514
2022-07-05,우이신설선,정릉,4965,4443,9408
2022-07-05,우이신설선,화계,3565,3359,6924
2022-07-05,일산선,대곡,2338,1842,4180
2022-07-05,일산선,대화,15063,11880,26943
2022-07-05,일산선,마두,8155,8379,16534
2022-07-05,일산선,백석,10365,10250,20615
2022-07-05,일산선,삼송,20879,20436,41315
2022-07-05,일산선,원당,11684,10978,22662
2022-07-05,일산선,원흥,11964,11221,23185
2022-07-05,일산선,정발산,7585,7763,15348
2022-07-05,일산선,주엽,10008,9974,19982
2022-07-05,일산선,지축,2,0,2
2022-07-05,일산선,화정,18023,18283,36306
2022-07-05,장항선,배방,1141,1098,2239
2022-07-05,장항선,봉명,1421,1369,2790
2022-07-05,장항선,신창,1334,1336,2670
2022-07-05,장항선,쌍용,2097,1995,4092
2022-07-05,장항선,아산,2935,2643,5578
2022-07-05,장항선,온양온천,3620,3738,7358
2022-07-05,장항선,탕정,951,869,1820
2022-07-05,중앙선,구리,14316,14315,28631
2022-07-05,중앙선,국수,764,792,1556
2022-07-05,중앙선,덕소,6050,5979,12029
2022-07-05,중앙선,도농,12262,11060,23322
2022-07-05,중앙선,도심,2822,2293,5115
2022-07-05,중앙선,망우,8132,7943,16075
2022-07-05,중앙선,상봉,5963,5983,11946
2022-07-05,중앙선,신원,219,190,409
2022-07-05,중앙선,아신,616,593,1209
2022-07-05,중앙선,양수,2284,2247,4531
2022-07-05,중앙선,양원,3499,3267,6766
2022-07-05,중앙선,양정,748,656,1404
2022-07-05,중앙선,양평,3101,3016,6117
2022-07-05,중앙선,오빈,340,326,666
2022-07-05,중앙선,용문,3559,3531,7090
2022-07-05,중앙선,운길산,839,822,1661
2022-07-05,중앙선,원덕,403,399,802
2022-07-05,중앙선,중랑,5996,5658,11654
2022-07-05,중앙선,지평,75,97,172
2022-07-05,중앙선,팔당,908,966,1874
2022-07-05,중앙선,회기,25926,25111,51037
2022-07-06,1호선,동대문,11469,10726,22195
2022-07-06,1호선,동묘앞,8388,8693,17081
2022-07-06,1호선,서울역,47279,45824,93103
2022-07-06,1호선,시청,25214,25540,50754
2022-07-06,1호선,신설동,14465,14049,28514
2022-07-06,1호선,제기동,17595,17973,35568
2022-07-06,1호선,종각,41504,39785,81289
2022-07-06,1호선,종로3가,26723,25075,51798
2022-07-06,1호선,종로5가,24088,23618,47706
2022-07-06,1호선,청량리,20049,20142,40191
2022-07-06,2호선,강남,92530,88839,181369
2022-07-06,2호선,강변,31552,29577,61129
2022-07-06,2호선,건대입구,36677,39087,75764
2022-07-06,2호선,교대,37570,42103,79673
2022-07-06,2호선,구로디지털단지,63973,63911,127884
2022-07-06,2호선,구의,25072,24698,49770
2022-07-06,2호선,낙성대,29549,28736,58285
2022-07-06,2호선,당산,19240,23173,42413
2022-07-06,2호선,대림,25172,25391,50563
2022-07-06,2호선,도림천,1569,1696,3265
2022-07-06,2호선,동대문역사문화공원,13300,15721,29021
2022-07-06,2호선,뚝섬,24143,25853,49996
2022-07-06,2호선,문래,24296,24839,49135
2022-07-06,2호선,방배,17525,18349,35874
2022-07-06,2호선,봉천,25786,23999,49785
2022-07-06,2호선,사당,40764,44204,84968
2022-07-06,2호선,삼성,59678,60253,119931
2022-07-06,2호선,상왕십리,15301,14940,30241
2022-07-06,2호선,서울대입구,50368,49515,99883
2022-07-06,2호선,서초,24041,23688,47729
2022-07-06,2호선,선릉,64309,56926,121235
2022-07-06,2호선,성수,41013,44104,85117
2022-07-06,2호선,시청,26765,25701,52466
2022-07-06,2호선,신답,1880,2099,3979
2022-07-06,2호선,신당,14864,15194,30058
2022-07-06,2호선,신대방,26919,26166,53085
2022-07-06,2호선,신도림,51477,51277,102754
2022-07-06,2호선,신림,62114,59505,121619
2022-07-06,2호선,신설동,3648,3529,7177
2022-07-06,2호선,신정네거리,11115,11313,22428
2022-07-06,2호선,신촌,38679,39151,77830
2022-07-06,2호선,아현,11415,10991,22406
2022-07-06,2호선,양천구청,7434,7718,15152
2022-07-06,2호선,역삼,59789,66657,126446
2022-07-06,2호선,영등포구청,23820,24497,48317
2022-07-06,2호선,왕십리,17570,14471,32041
2022-07-06,2호선,용답,2906,2882,5788
2022-07-06,2호선,용두,2543,2555,5098
2022-07-06,2호선,을지로3가,26153,25795,51948
2022-07-06,2호선,을지로4가,14113,14027,28140
2022-07-06,2호선,을지로입구,45010,46702,91712
2022-07-06,2호선,이대,14583,15859,30442
2022-07-06,2호선,잠실,77267,77003,154270
2022-07-06,2호선,잠실나루,16096,15643,31739
2022-07-06,2호선,잠실새내,23851,23830,47681
2022-07-06,2호선,종합운동장,9800,10679,20479
2022-07-06,2호선,충정로,10854,11605,22459
2022-07-06,2호선,한양대,9775,10404,20179
2022-07-06,2호선,합정,32862,34780,67642
2022-07-06,2호선,홍대입구,60389,63726,124115
2022-07-06,3호선,가락시장,9603,9215,18818
2022-07-06,3호선,경복궁,22224,22662,44886
2022-07-06,3호선,경찰병원,7888,7976,15864
2022-07-06,3호선,고속터미널,43784,41578,85362
2022-07-06,3호선,교대,15812,10337,26149
2022-07-06,3호선,구파발,22705,22122,44827
2022-07-06,3호선,금호,8440,7844,16284
2022-07-06,3호선,남부터미널,30973,31725,62698
2022-07-06,3호선,녹번,16454,14974,31428
2022-07-06,3호선,대청,11003,10234,21237
2022-07-06,3호선,대치,11460,11629,23089
2022-07-06,3호선,도곡,5885,5808,11693
2022-07-06,3호선,독립문,7521,7774,15295
2022-07-06,3호선,동대입구,8036,8280,16316
2022-07-06,3호선,매봉,13854,13358,27212
2022-07-06,3호선,무악재,4233,4226,8459
2022-07-06,3호선,불광,17411,18734,36145
2022-07-06,3호선,수서,18324,18620,36944
2022-07-06,3호선,신사,30645,32044,62689
2022-07-06,3호선,안국,24699,24907,49606
2022-07-06,3호선,압구정,34441,36653,71094
2022-07-06,3호선,약수,13847,13368,27215
2022-07-06,3호선,양재,40518,44190,84708
2022-07-06,3호선,연신내,38455,36168,74623
2022-07-06,3호선,오금,6705,5889,12594
2022-07-06,3호선,옥수,9377,9770,19147
2022-07-06,3호선,을지로3가,11921,11951,23872
2022-07-06,3호선,일원,11667,11140,22807
2022-07-06,3호선,잠원,5185,5080,10265
2022-07-06,3호선,종로3가,11104,12405,23509
2022-07-06,3호선,지축,5653,5399,11052
2022-07-06,3호선,충무로,1,0,1
2022-07-06,3호선,학여울,2096,2165,4261
2022-07-06,3호선,홍제,18407,17386,35793
2022-07-06,4호선,길음,22023,21338,43361
2022-07-06,4호선,남태령,1339,1370,2709
2022-07-06,4호선,노원,19472,21240,40712
2022-07-06,4호선,당고개,9574,8622,18196
2022-07-06,4호선,동대문,21393,22102,43495
2022-07-06,4호선,동대문역사문화공원,15977,15580,31557
2022-07-06,4호선,동작,1279,1499,2778
2022-07-06,4호선,명동,21255,21985,43240
2022-07-06,4호선,미아,15450,15252,30702
2022-07-06,4호선,미아사거리,28720,28079,56799
2022-07-06,4호선,사당,27238,22408,49646
2022-07-06,4호선,삼각지,5553,6250,11803
2022-07-06,4호선,상계,20323,18433,38756
2022-07-06,4호선,서울역,12765,18566,31331
2022-07-06,4호선,성신여대입구,20493,19542,40035
2022-07-06,4호선,수유,34919,34151,69070
2022-07-06,4호선,숙대입구,14333,14103,28436
2022-07-06,4호선,신용산,19337,20112,39449
2022-07-06,4호선,쌍문,30272,26618,56890
2022-07-06,4호선,이촌,9743,10590,20333
2022-07-06,4호선,창동,26736,28380,55116
2022-07-06,4호선,총신대입구,20260,21863,42123
2022-07-06,4호선,충무로,28106,29587,57693
2022-07-06,4호선,한성대입구,13636,14304,27940
2022-07-06,4호선,혜화,36770,37190,73960
2022-07-06,4호선,회현,26403,27868,54271
2022-07-06,5호선,강동,19762,19081,38843
2022-07-06,5호선,강일,4838,4790,9628
2022-07-06,5호선,개롱,7085,7379,14464
2022-07-06,5호선,개화산,6076,5805,11881
2022-07-06,5호선,거여,11107,10671,21778
2022-07-06,5호선,고덕,10957,10734,21691
2022-07-06,5호선,공덕,15792,16644,32436
2022-07-06,5호선,광나루,14463,13047,27510
2022-07-06,5호선,광화문,34754,36245,70999
2022-07-06,5호선,군자,11924,13015,24939
2022-07-06,5호선,굽은다리,10782,10373,21155
2022-07-06,5호선,길동,8790,9053,17843
2022-07-06,5호선,김포공항,8661,8424,17085
2022-07-06,5호선,까치산,30535,29169,59704
2022-07-06,5호선,답십리,17107,15704,32811
2022-07-06,5호선,동대문역사문화공원,3199,3805,7004
2022-07-06,5호선,둔촌동,8635,8732,17367
2022-07-06,5호선,마곡,11758,11820,23578
2022-07-06,5호선,마장,5948,5650,11598
2022-07-06,5호선,마천,7826,7356,15182
2022-07-06,5호선,마포,15982,16402,32384
2022-07-06,5호선,명일,9558,9852,19410
2022-07-06,5호선,목동,17970,19320,37290
2022-07-06,5호선,미사,17751,18086,35837
2022-07-06,5호선,발산,23110,23645,46755
2022-07-06,5호선,방이,7574,7783,15357
2022-07-06,5호선,방화,7420,7210,14630
2022-07-06,5호선,상일동,16393,15144,31537
2022-07-06,5호선,서대문,21582,21604,43186
2022-07-06,5호선,송정,6899,6526,13425
2022-07-06,5호선,신금호,7122,7437,14559
2022-07-06,5호선,신길,4533,4934,9467
2022-07-06,5호선,신정,14937,12189,27126
2022-07-06,5호선,아차산,15226,14559,29785
2022-07-06,5호선,애오개,7411,7418,14829
2022-07-06,5호선,양평,8072,8137,16209
2022-07-06,5호선,여의나루,11127,12421,23548
2022-07-06,5호선,여의도,32332,33799,66131
2022-07-06,5호선,영등포구청,4209,4433,8642
2022-07-06,5호선,영등포시장,11136,11618,22754
2022-07-06,5호선,오금,4017,4131,8148
2022-07-06,5호선,오목교,23907,25542,49449
2022-07-06,5호선,올림픽공원,4437,3708,8145
2022-07-06,5호선,왕십리,4909,5639,10548
2022-07-06,5호선,우장산,16132,15775,31907
2022-07-06,5호선,을지로4가,6581,6683,13264
2022-07-06,5호선,장한평,20131,20042,40173
2022-07-06,5호선,종로3가,13761,13352,27113
2022-07-06,5호선,천호,19294,19447,38741
2022-07-06,5호선,청구,4228,4025,8253
2022-07-06,5호선,충정로,4995,5090,10085
2022-07-06,5호선,하남검단산,6318,5960,12278
2022-07-06,5호선,하남시청,7523,7269,14792
2022-07-06,5호선,하남풍산,4669,4688,9357
2022-07-06,5호선,행당,8977,8011,16988
2022-07-06,5호선,화곡,30483,28385,58868
2022-07-06,6호선,고려대,8865,8766,17631
2022-07-06,6호선,공덕,20357,19634,39991
2022-07-06,6호선,광흥창,10326,10058,20384
2022-07-06,6호선,구산,8397,6413,14810
2022-07-06,6호선,녹사평,5119,5077,10196
2022-07-06,6호선,대흥,9350,9643,18993
2022-07-06,6호선,독바위,3016,3233,6249
2022-07-06,6호선,돌곶이,10001,9267,19268
2022-07-06,6호선,동묘앞,8111,8405,16516
2022-07-06,6호선,디지털미디어시티,15744,17735,33479
2022-07-06,6호선,마포구청,15637,14348,29985
2022-07-06,6호선,망원,14521,15312,29833
2022-07-06,6호선,버티고개,2268,2285,4553
2022-07-06,6호선,보문,8201,7569,15770
2022-07-06,6호선,봉화산,9481,8941,18422
2022-07-06,6호선,불광,5184,5052,10236
2022-07-06,6호선,삼각지,7690,6950,14640
2022-07-06,6호선,상수,9470,10246,19716
2022-07-06,6호선,상월곡,6591,6009,12600
2022-07-06,6호선,새절,13671,12645,26316
2022-07-06,6호선,석계,13120,13656,26776
2022-07-06,6호선,신당,8603,9098,17701
2022-07-06,6호선,안암,11866,11857,23723
2022-07-06,6호선,약수,3836,3841,7677
2022-07-06,6호선,역촌,4221,4747,8968
2022-07-06,6호선,연신내,1,0,1
2022-07-06,6호선,월곡,12404,12335,24739
2022-07-06,6호선,월드컵경기장,9107,9182,18289
2022-07-06,6호선,응암,18594,18615,37209
2022-07-06,6호선,이태원,10618,11120,21738
2022-07-06,6호선,증산,10738,10816,21554
2022-07-06,6호선,창신,3874,3174,7048
2022-07-06,6호선,청구,3834,4073,7907
2022-07-06,6호선,태릉입구,5825,6180,12005
2022-07-06,6호선,한강진,8717,9829,18546
2022-07-06,6호선,합정,14298,14155,28453
2022-07-06,6호선,화랑대,12566,9841,22407
2022-07-06,6호선,효창공원앞,7622,6949,14571
2022-07-06,7호선,가산디지털단지,49067,48792,97859
2022-07-06,7호선,강남구청,17995,20041,38036
2022-07-06,7호선,건대입구,13811,14332,28143
2022-07-06,7호선,고속터미널,15984,13923,29907
2022-07-06,7호선,공릉,12681,12595,25276
2022-07-06,7호선,광명사거리,22858,22599,45457
2022-07-06,7호선,군자,16035,12889,28924
2022-07-06,7호선,남구로,16858,18043,34901
2022-07-06,7호선,남성,12202,11337,23539
2022-07-06,7호선,내방,16139,16505,32644
2022-07-06,7호선,노원,21269,22287,43556
2022-07-06,7호선,논현,20157,21562,41719
2022-07-06,7호선,대림,8131,8303,16434
2022-07-06,7호선,도봉산,9624,11018,20642
2022-07-06,7호선,뚝섬유원지,8615,8338,16953
2022-07-06,7호선,마들,14221,13393,27614
2022-07-06,7호선,먹골,10733,10705,21438
2022-07-06,7호선,면목,15876,15461,31337
2022-07-06,7호선,반포,6415,6355,12770
2022-07-06,7호선,보라매,8525,8527,17052
2022-07-06,7호선,사가정,16757,16745,33502
2022-07-06,7호선,상도,11706,11337,23043
2022-07-06,7호선,상봉,17661,16656,34317
2022-07-06,7호선,수락산,13690,13462,27152
2022-07-06,7호선,숭실대입구,13134,13145,26279
2022-07-06,7호선,신대방삼거리,16346,15738,32084
2022-07-06,7호선,신풍,12549,12152,24701
2022-07-06,7호선,어린이대공원,13468,13551,27019
2022-07-06,7호선,온수,11042,10080,21122
2022-07-06,7호선,용마산,6418,6241,12659
2022-07-06,7호선,이수,17702,17190,34892
2022-07-06,7호선,장승배기,9834,9618,19452
2022-07-06,7호선,장암,2540,926,3466
2022-07-06,7호선,중계,15722,14384,30106
2022-07-06,7호선,중곡,11833,11038,22871
2022-07-06,7호선,중화,11564,11253,22817
2022-07-06,7호선,천왕,12513,12156,24669
2022-07-06,7호선,철산,22522,22902,45424
2022-07-06,7호선,청담,21495,24058,45553
2022-07-06,7호선,태릉입구,9067,8625,17692
2022-07-06,7호선,하계,19848,19053,38901
2022-07-06,7호선,학동,26755,27876,54631
2022-07-06,8호선,가락시장,8221,8903,17124
2022-07-06,8호선,강동구청,11072,11553,22625
2022-07-06,8호선,남위례,5880,6006,11886
2022-07-06,8호선,남한산성입구,14518,13090,27608
2022-07-06,8호선,단대오거리,11037,10912,21949
2022-07-06,8호선,모란,4616,3697,8313
2022-07-06,8호선,몽촌토성,6421,6713,13134
2022-07-06,8호선,문정,23605,24991,48596
2022-07-06,8호선,복정,10015,8427,18442
2022-07-06,8호선,산성,5686,5679,11365
2022-07-06,8호선,석촌,8143,9375,17518
2022-07-06,8호선,송파,9482,9378,18860
2022-07-06,8호선,수진,5839,5411,11250
2022-07-06,8호선,신흥,4543,5023,9566
2022-07-06,8호선,암사,20147,17761,37908
2022-07-06,8호선,잠실,16479,18973,35452
2022-07-06,8호선,장지,18924,18275,37199
2022-07-06,8호선,천호,15519,17747,33266
2022-07-06,9호선,가양,22765,22309,45074
2022-07-06,9호선,개화,2907,2003,4910
2022-07-06,9호선,고속터미널,13583,17131,30714
2022-07-06,9호선,공항시장,3203,3518,6721
2022-07-06,9호선,구반포,1263,1353,2616
2022-07-06,9호선,국회의사당,18509,18959,37468
2022-07-06,9호선,김포공항,8250,12491,20741
2022-07-06,9호선,노들,5045,4229,9274
2022-07-06,9호선,노량진,26766,26174,52940
2022-07-06,9호선,당산,20559,20711,41270
2022-07-06,9호선,동작,2084,1602,3686
2022-07-06,9호선,등촌,12642,12298,24940
2022-07-06,9호선,마곡나루,13868,13401,27269
2022-07-06,9호선,사평,4306,4215,8521
2022-07-06,9호선,샛강,7112,7062,14174
2022-07-06,9호선,선유도,10058,9688,19746
2022-07-06,9호선,신논현,33538,33096,66634
2022-07-06,9호선,신목동,4845,4180,9025
2022-07-06,9호선,신반포,4053,3943,7996
2022-07-06,9호선,신방화,7610,7507,15117
2022-07-06,9호선,양천향교,10290,10645,20935
2022-07-06,9호선,여의도,32287,30578,62865
2022-07-06,9호선,염창,18707,18062,36769
2022-07-06,9호선,증미,8125,8128,16253
2022-07-06,9호선,흑석,8788,9120,17908
2022-07-06,9호선2~3단계,둔촌오륜,1304,1227,2531
2022-07-06,9호선2~3단계,봉은사,20271,20629,40900
2022-07-06,9호선2~3단계,삼성중앙,8221,8772,16993
2022-07-06,9호선2~3단계,삼전,7591,7326,14917
2022-07-06,9호선2~3단계,석촌,9370,7980,17350
2022-07-06,9호선2~3단계,석촌고분,6890,6808,13698
2022-07-06,9호선2~3단계,선정릉,11117,12309,23426
2022-07-06,9호선2~3단계,송파나루,5580,6126,11706
2022-07-06,9호선2~3단계,언주,12130,12414,24544
2022-07-06,9호선2~3단계,올림픽공원,6672,6615,13287
2022-07-06,9호선2~3단계,종합운동장,4666,4788,9454
2022-07-06,9호선2~3단계,중앙보훈병원,12233,10731,22964
2022-07-06,9호선2~3단계,한성백제,2856,2592,5448
2022-07-06,경강선,경기광주,8365,7777,16142
2022-07-06,경강선,곤지암,2196,2162,4358
2022-07-06,경강선,부발,2147,2045,4192
2022-07-06,경강선,삼동,2607,2461,5068
2022-07-06,경강선,세종대왕릉,364,346,710
2022-07-06,경강선,신둔도예촌,1591,1520,3111
2022-07-06,경강선,여주,2206,2208,4414
2022-07-06,경강선,이매,1219,1040,2259
2022-07-06,경강선,이천,2528,2603,5131
2022-07-06,경강선,초월,3456,3224,6680
2022-07-06,경강선,판교,5703,5653,11356
2022-07-06,경부선,가산디지털단지,19580,22697,42277
2022-07-06,경부선,관악,7593,7175,14768
2022-07-06,경부선,광명,3563,3114,6677
2022-07-06,경부선,구로,19633,20178,39811
2022-07-06,경부선,군포,7940,7867,15807
2022-07-06,경부선,금정,28180,28386,56566
2022-07-06,경부선,금천구청,12079,12204,24283
2022-07-06,경부선,남영,10227,10637,20864
2022-07-06,경부선,노량진,8007,7681,15688
2022-07-06,경부선,당정,6645,6308,12953
2022-07-06,경부선,대방,12216,13209,25425
2022-07-06,경부선,독산,19880,20641,40521
2022-07-06,경부선,두정,5616,5632,11248
2022-07-06,경부선,명학,9755,9753,19508
2022-07-06,경부선,병점,14725,14542,29267
2022-07-06,경부선,서동탄,1511,1282,2793
2022-07-06,경부선,서울역,6691,2098,8789
2022-07-06,경부선,서정리,7151,6645,13796
2022-07-06,경부선,석수,9840,8856,18696
2022-07-06,경부선,성균관대,14638,14402,29040
2022-07-06,경부선,성환,3392,3433,6825
2022-07-06,경부선,세류,3160,2905,6065
2022-07-06,경부선,세마,3184,2966,6150
2022-07-06,경부선,송탄,4257,4186,8443
2022-07-06,경부선,수원,34637,37192,71829
2022-07-06,경부선,신길,9610,8396,18006
2022-07-06,경부선,신도림,4283,4380,8663
2022-07-06,경부선,안양,22750,22498,45248
2022-07-06,경부선,영등포,41151,42129,83280
2022-07-06,경부선,오산,9694,9762,19456
2022-07-06,경부선,오산대,3651,3418,7069
2022-07-06,경부선,용산,38031,39126,77157
2022-07-06,경부선,의왕,9405,9270,18675
2022-07-06,경부선,직산,886,884,1770
2022-07-06,경부선,진위,1961,1777,3738
2022-07-06,경부선,천안,5100,5385,10485
2022-07-06,경부선,평택,11480,11321,22801
2022-07-06,경부선,평택지제,3856,3666,7522
2022-07-06,경부선,화서,8614,8171,16785
2022-07-06,경원선,가능,7109,6775,13884
2022-07-06,경원선,광운대,7967,7693,15660
2022-07-06,경원선,녹양,4927,4570,9497
2022-07-06,경원선,녹천,5193,4280,9473
2022-07-06,경원선,덕계,3502,3081,6583
2022-07-06,경원선,덕정,5692,5458,11150
2022-07-06,경원선,도봉,6467,6217,12684
2022-07-06,경원선,도봉산,7734,5033,12767
2022-07-06,경원선,동두천,2311,2511,4822
2022-07-06,경원선,동두천중앙,3320,3178,6498
2022-07-06,경원선,망월사,8047,8113,16160
2022-07-06,경원선,방학,10363,10176,20539
2022-07-06,경원선,보산,1754,1625,3379
2022-07-06,경원선,서빙고,2159,1958,4117
2022-07-06,경원선,석계,8279,9518,17797
2022-07-06,경원선,소요산,2902,2451,5353
2022-07-06,경원선,신이문,9006,8269,17275
2022-07-06,경원선,양주,7841,7425,15266
2022-07-06,경원선,옥수,41,39,80
2022-07-06,경원선,왕십리,16203,17926,34129
2022-07-06,경원선,외대앞,7782,7971,15753
2022-07-06,경원선,월계,6892,6528,13420
2022-07-06,경원선,응봉,2097,1765,3862
2022-07-06,경원선,의정부,18997,19952,38949
2022-07-06,경원선,이촌,4226,3204,7430
2022-07-06,경원선,지행,6864,6815,13679
2022-07-06,경원선,창동,1,0,1
2022-07-06,경원선,청량리,15562,16128,31690
2022-07-06,경원선,한남,4255,4114,8369
2022-07-06,경원선,회룡,13530,13185,26715
2022-07-06,경의선,가좌,5870,5621,11491
2022-07-06,경의선,강매,3589,3082,6671
2022-07-06,경의선,곡산,681,729,1410
2022-07-06,경의선,공덕,4272,3720,7992
2022-07-06,경의선,금릉,5261,4989,10250
2022-07-06,경의선,금촌,7258,7272,14530
2022-07-06,경의선,김포공항,1,0,1
2022-07-06,경의선,능곡,4181,3839,8020
2022-07-06,경의선,디지털미디어시티,2861,2622,5483
2022-07-06,경의선,문산,5684,5513,11197
2022-07-06,경의선,백마,7573,7165,14738
2022-07-06,경의선,서강대,2300,2277,4577
2022-07-06,경의선,서울역,4893,6168,11061
2022-07-06,경의선,수색,3091,3326,6417
2022-07-06,경의선,신촌,983,1249,2232
2022-07-06,경의선,야당,8405,8355,16760
2022-07-06,경의선,운정,7467,6864,14331
2022-07-06,경의선,월롱,2982,2780,5762
2022-07-06,경의선,일산,10194,10025,20219
2022-07-06,경의선,임진강,14,7,21
2022-07-06,경의선,탄현,8366,8072,16438
2022-07-06,경의선,파주,1137,732,1869
2022-07-06,경의선,풍산,5906,5422,11328
2022-07-06,경의선,행신,9130,8971,18101
2022-07-06,경의선,홍대입구,1814,2339,4153
2022-07-06,경의선,화전,2078,1952,4030
2022-07-06,경의선,효창공원앞,3280,3803,7083
2022-07-06,경인선,간석,6543,6089,12632
2022-07-06,경인선,개봉,22752,22180,44932
2022-07-06,경인선,구일,6699,6545,13244
2022-07-06,경인선,도원,4908,4833,9741
2022-07-06,경인선,도화,4680,4283,8963
2022-07-06,경인선,동암,16327,16057,32384
2022-07-06,경인선,동인천,15253,14474,29727
2022-07-06,경인선,백운,7360,7245,14605
2022-07-06,경인선,부개,9360,8760,18120
2022-07-06,경인선,부천,33667,33703,67370
2022-07-06,경인선,부평,30760,32394,63154
2022-07-06,경인선,소사,8827,8588,17415
2022-07-06,경인선,송내,29350,28932,58282
2022-07-06,경인선,역곡,28241,28131,56372
2022-07-06,경인선,오류동,12684,11656,24340
2022-07-06,경인선,온수,7226,6810,14036
2022-07-06,경인선,인천,3849,2909,6758
2022-07-06,경인선,제물포,11300,10962,22262
2022-07-06,경인선,주안,19993,18089,38082
2022-07-06,경인선,중동,9979,9445,19424
2022-07-06,경춘선,가평,2383,2232,4615
2022-07-06,경춘선,갈매,3226,2760,5986
2022-07-06,경춘선,강촌,433,401,834
2022-07-06,경춘선,굴봉산,153,130,283
2022-07-06,경춘선,금곡,1565,1560,3125
2022-07-06,경춘선,김유정,343,336,679
2022-07-06,경춘선,남춘천,2368,2337,4705
2022-07-06,경춘선,대성리,1081,960,2041
2022-07-06,경춘선,마석,4007,4044,8051
2022-07-06,경춘선,백양리,128,87,215
2022-07-06,경춘선,별내,3394,3197,6591
2022-07-06,경춘선,사릉,2500,2402,4902
2022-07-06,경춘선,상천,263,271,534
2022-07-06,경춘선,신내,2403,2312,4715
2022-07-06,경춘선,천마산,1836,1663,3499
2022-07-06,경춘선,청평,2091,2000,4091
2022-07-06,경춘선,춘천,1197,1127,2324
2022-07-06,경춘선,퇴계원,3734,3421,7155
2022-07-06,경춘선,평내호평,6810,6578,13388
2022-07-06,공항철도,검암,7115,7088,14203
2022-07-06,공항철도,계양,11897,10859,22756
2022-07-06,공항철도,공덕,2677,3469,6146
2022-07-06,공항철도,공항화물청사,2481,2641,5122
2022-07-06,공항철도,김포공항,11723,7098,18821
2022-07-06,공항철도,디지털미디어시티,16375,15031,31406
2022-07-06,공항철도,마곡나루,10449,9739,20188
2022-07-06,공항철도,서울역,8818,8006,16824
2022-07-06,공항철도,영종,3560,3516,7076
2022-07-06,공항철도,운서,7801,7874,15675
2022-07-06,공항철도,인천공항1터미널,7534,7555,15089
2022-07-06,공항철도,인천공항2터미널,3747,3668,7415
2022-07-06,공항철도,청라국제도시,7707,7267,14974
2022-07-06,공항철도,홍대입구,11033,11106,22139
2022-07-06,과천선,경마공원,1718,1733,3451
2022-07-06,과천선,과천,7145,6809,13954
2022-07-06,과천선,대공원,3175,3229,6404
2022-07-06,과천선,범계,28085,27860,55945
2022-07-06,과천선,선바위,8417,7605,16022
2022-07-06,과천선,인덕원,25648,26847,52495
2022-07-06,과천선,정부과천청사,12480,12365,24845
2022-07-06,과천선,평촌,19386,19063,38449
2022-07-06,분당선,가천대,7368,8251,15619
2022-07-06,분당선,강남구청,10637,12105,22742
2022-07-06,분당선,개포동,4565,4667,9232
2022-07-06,분당선,구룡,2502,2405,4907
2022-07-06,분당선,구성,5446,5648,11094
2022-07-06,분당선,기흥,10913,10226,21139
2022-07-06,분당선,대모산입구,5068,4772,9840
2022-07-06,분당선,도곡,7897,7935,15832
2022-07-06,분당선,망포,15773,15027,30800
2022-07-06,분당선,매교,3325,3297,6622
2022-07-06,분당선,매탄권선,5605,5469,11074
2022-07-06,분당선,모란,20411,20530,40941
2022-07-06,분당선,미금,17142,18154,35296
2022-07-06,분당선,보정,2942,2513,5455
2022-07-06,분당선,상갈,5702,5629,11331
2022-07-06,분당선,서울숲,11968,12513,24481
2022-07-06,분당선,서현,27140,27488,54628
2022-07-06,분당선,선릉,15257,23286,38543
2022-07-06,분당선,선정릉,8798,9438,18236
2022-07-06,분당선,수내,15288,15181,30469
2022-07-06,분당선,수서,14437,15075,29512
2022-07-06,분당선,수원,8292,6921,15213
2022-07-06,분당선,수원시청,13518,14462,27980
2022-07-06,분당선,신갈,4959,5003,9962
2022-07-06,분당선,압구정로데오,20030,22004,42034
2022-07-06,분당선,야탑,28188,29505,57693
2022-07-06,분당선,영통,8914,9169,18083
2022-07-06,분당선,오리,12836,10619,23455
2022-07-06,분당선,이매,6158,5749,11907
2022-07-06,분당선,정자,20331,21682,42013
2022-07-06,분당선,죽전,14090,15777,29867
2022-07-06,분당선,청명,4695,4532,9227
2022-07-06,분당선,태평,14364,13665,28029
2022-07-06,분당선,한티,16082,17157,33239
2022-07-06,수인선,고색,4940,4591,9531
2022-07-06,수인선,남동인더스파크,2466,2724,5190
2022-07-06,수인선,달월,130,74,204
2022-07-06,수인선,사리,5165,4409,9574
2022-07-06,수인선,소래포구,5174,4824,9998
2022-07-06,수인선,송도,2485,2396,4881
2022-07-06,수인선,숭의,4317,4097,8414
2022-07-06,수인선,신포,1931,1928,3859
2022-07-06,수인선,야목,416,296,712
2022-07-06,수인선,어천,880,839,1719
2022-07-06,수인선,연수,4731,4780,9511
2022-07-06,수인선,오목천,3191,2948,6139
2022-07-06,수인선,원인재,4629,4712,9341
2022-07-06,수인선,월곶,3131,2905,6036
2022-07-06,수인선,인천,1139,1796,2935
2022-07-06,수인선,인천논현,5924,6452,12376
2022-07-06,수인선,인하대,6194,5834,12028
2022-07-06,수인선,호구포,4413,4626,9039
2022-07-06,신림선,관악산,2940,2957,5897
2022-07-06,신림선,당곡,3793,3765,7558
2022-07-06,신림선,대방,1996,1567,3563
2022-07-06,신림선,보라매,2869,2763,5632
2022-07-06,신림선,보라매공원,1752,1883,3635
2022-07-06,신림선,보라매병원,6885,7109,13994
2022-07-06,신림선,샛강,2264,2718,4982
2022-07-06,신림선,서울대벤처타운,6317,6537,12854
2022-07-06,신림선,서울지방병무청,2247,2595,4842
2022-07-06,신림선,서원,2916,2868,5784
2022-07-06,신림선,신림,1721,2322,4043
2022-07-06,안산선,고잔,9259,8978,18237
2022-07-06,안산선,대야미,5185,4712,9897
2022-07-06,안산선,반월,4613,4493,9106
2022-07-06,안산선,산본,16548,17925,34473
2022-07-06,안산선,상록수,15954,16298,32252
2022-07-06,안산선,수리산,4454,3638,8092
2022-07-06,안산선,신길온천,1868,1656,3524
2022-07-06,안산선,안산,12069,11073,23142
2022-07-06,안산선,오이도,9108,8674,17782
2022-07-06,안산선,정왕,8007,8442,16449
2022-07-06,안산선,중앙,18678,19370,38048
2022-07-06,안산선,초지,5102,5144,10246
2022-07-06,안산선,한대앞,9500,9582,19082
2022-07-06,우이신설선,4.19민주묘지,3024,2866,5890
2022-07-06,우이신설선,가오리,4628,4656,9284
2022-07-06,우이신설선,보문,1673,1685,3358
2022-07-06,우이신설선,북한산보국문,6261,6180,12441
2022-07-06,우이신설선,북한산우이,2830,2618,5448
2022-07-06,우이신설선,삼양,2183,2406,4589
2022-07-06,우이신설선,삼양사거리,2664,2712,5376
2022-07-06,우이신설선,성신여대입구,3760,4047,7807
2022-07-06,우이신설선,솔밭공원,2768,2668,5436
2022-07-06,우이신설선,솔샘,6435,6109,12544
2022-07-06,우이신설선,신설동,2346,2258,4604
2022-07-06,우이신설선,정릉,4816,4588,9404
2022-07-06,우이신설선,화계,3629,3499,7128
2022-07-06,일산선,대곡,2294,1871,4165
2022-07-06,일산선,대화,14970,11819,26789
2022-07-06,일산선,마두,8315,8564,16879
2022-07-06,일산선,백석,10582,10461,21043
2022-07-06,일산선,삼송,21051,20484,41535
2022-07-06,일산선,원당,11511,10779,22290
2022-07-06,일산선,원흥,12331,11613,23944
2022-07-06,일산선,정발산,7905,8055,15960
2022-07-06,일산선,주엽,9960,9972,19932
2022-07-06,일산선,지축,1,0,1
2022-07-06,일산선,화정,17915,18159,36074
2022-07-06,장항선,배방,1161,1087,2248
2022-07-06,장항선,봉명,1368,1378,2746
2022-07-06,장항선,신창,1341,1270,2611
2022-07-06,장항선,쌍용,2052,1921,3973
2022-07-06,장항선,아산,2933,2728,5661
2022-07-06,장항선,온양온천,3535,3571,7106
2022-07-06,장항선,탕정,927,793,1720
2022-07-06,중앙선,구리,14154,14226,28380
2022-07-06,중앙선,국수,800,820,1620
2022-07-06,중앙선,덕소,5931,5921,11852
2022-07-06,중앙선,도농,12008,10829,22837
2022-07-06,중앙선,도심,2744,2129,4873
2022-07-06,중앙선,망우,8132,7996,16128
2022-07-06,중앙선,상봉,6045,5970,12015
2022-07-06,중앙선,신원,206,191,397
2022-07-06,중앙선,아신,582,552,1134
2022-07-06,중앙선,양수,2200,2183,4383
2022-07-06,중앙선,양원,3567,3448,7015
2022-07-06,중앙선,양정,771,646,1417
2022-07-06,중앙선,양평,2890,2889,5779
2022-07-06,중앙선,오빈,357,352,709
2022-07-06,중앙선,용문,2062,2049,4111
2022-07-06,중앙선,운길산,738,723,1461
2022-07-06,중앙선,원덕,384,372,756
2022-07-06,중앙선,중랑,6072,5657,11729
2022-07-06,중앙선,지평,98,94,192
2022-07-06,중앙선,팔당,945,955,1900
2022-07-06,중앙선,회기,25742,25228,50970
2022-07-07,1호선,동대문,10690,10067,20757
2022-07-07,1호선,동묘앞,7531,7842,15373
2022-07-07,1호선,서울역,47343,46539,93882
2022-07-07,1호선,시청,25624,25939,51563
2022-07-07,1호선,신설동,14065,13753,27818
2022-07-07,1호선,제기동,16763,17075,33838
2022-07-07,1호선,종각,39889,39164,79053
2022-07-07,1호선,종로3가,26191,24293,50484
2022-07-07,1호선,종로5가,22880,22794,45674
2022-07-07,1호선,청량리,19487,19525,39012
2022-07-07,2호선,강남,90644,87987,178631
2022-07-07,2호선,강변,31332,29607,60939
2022-07-07,2호선,건대입구,35261,37796,73057
2022-07-07,2호선,교대,37194,42219,79413
2022-07-07,2호선,구로디지털단지,62629,62515,125144
2022-07-07,2호선,구의,24561,24397,48958
2022-07-07,2호선,낙성대,28873,27944,56817
2022-07-07,2호선,당산,18641,22271,40912
2022-07-07,2호선,대림,24601,24900,49501
2022-07-07,2호선,도림천,1514,1605,3119
2022-07-07,2호선,동대문역사문화공원,13063,14857,27920
2022-07-07,2호선,뚝섬,23691,25426,49117
2022-07-07,2호선,문래,23739,24289,48028
2022-07-07,2호선,방배,17411,18064,35475
2022-07-07,2호선,봉천,24944,23435,48379
2022-07-07,2호선,사당,39889,43707,83596
2022-07-07,2호선,삼성,65582,65921,131503
2022-07-07,2호선,상왕십리,15226,14951,30177
2022-07-07,2호선,서울대입구,49047,47611,96658
2022-07-07,2호선,서초,23311,22530,45841
2022-07-07,2호선,선릉,64044,56251,120295
2022-07-07,2호선,성수,39878,43159,83037
2022-07-07,2호선,시청,26461,25692,52153
2022-07-07,2호선,신답,1746,2006,3752
2022-07-07,2호선,신당,14358,14761,29119
2022-07-07,2호선,신대방,26331,25657,51988
2022-07-07,2호선,신도림,49706,49029,98735
2022-07-07,2호선,신림,60417,58107,118524
2022-07-07,2호선,신설동,3504,3371,6875
2022-07-07,2호선,신정네거리,10777,11031,21808
2022-07-07,2호선,신촌,37736,37996,75732
2022-07-07,2호선,아현,11225,10560,21785
2022-07-07,2호선,양천구청,7206,7417,14623
2022-07-07,2호선,역삼,58427,65410,123837
2022-07-07,2호선,영등포구청,23098,23798,46896
2022-07-07,2호선,왕십리,16993,14189,31182
2022-07-07,2호선,용답,2834,2803,5637
2022-07-07,2호선,용두,2553,2486,5039
2022-07-07,2호선,을지로3가,25293,25210,50503
2022-07-07,2호선,을지로4가,13794,13622,27416
2022-07-07,2호선,을지로입구,44253,45855,90108
2022-07-07,2호선,이대,14532,15548,30080
2022-07-07,2호선,잠실,75632,75760,151392
2022-07-07,2호선,잠실나루,15605,15077,30682
2022-07-07,2호선,잠실새내,22843,22624,45467
2022-07-07,2호선,종합운동장,9757,10418,20175
2022-07-07,2호선,충정로,10571,11485,22056
2022-07-07,2호선,한양대,9656,10365,20021
2022-07-07,2호선,합정,32596,34642,67238
2022-07-07,2호선,홍대입구,57800,61692,119492
2022-07-07,3호선,가락시장,9426,9190,18616
2022-07-07,3호선,경복궁,21725,21703,43428
2022-07-07,3호선,경찰병원,7664,7723,15387
2022-07-07,3호선,고속터미널,43386,41537,84923
2022-07-07,3호선,교대,16197,10374,26571
2022-07-07,3호선,구파발,22039,21164,43203
2022-07-07,3호선,금호,8296,7619,15915
2022-07-07,3호선,남부터미널,30427,31191,61618
2022-07-07,3호선,녹번,16162,14365,30527
2022-07-07,3호선,대청,11268,10409,21677
2022-07-07,3호선,대치,11888,11831,23719
2022-07-07,3호선,도곡,5681,5873,11554
2022-07-07,3호선,독립문,7312,7587,14899
2022-07-07,3호선,동대입구,7819,8412,16231
2022-07-07,3호선,매봉,13811,13375,27186
2022-07-07,3호선,무악재,4178,4209,8387
2022-07-07,3호선,불광,16355,17288,33643
2022-07-07,3호선,수서,18074,18760,36834
2022-07-07,3호선,신사,30113,32104,62217
2022-07-07,3호선,안국,23675,24055,47730
2022-07-07,3호선,압구정,34416,36929,71345
2022-07-07,3호선,약수,13693,13154,26847
2022-07-07,3호선,양재,40778,44337,85115
2022-07-07,3호선,연신내,37038,34814,71852
2022-07-07,3호선,오금,6689,5929,12618
2022-07-07,3호선,옥수,9332,9714,19046
2022-07-07,3호선,을지로3가,11545,11569,23114
2022-07-07,3호선,일원,11802,11435,23237
2022-07-07,3호선,잠원,5099,4996,10095
2022-07-07,3호선,종로3가,10542,12308,22850
2022-07-07,3호선,지축,5527,5116,10643
2022-07-07,3호선,학여울,5518,5855,11373
2022-07-07,3호선,홍제,17906,16887,34793
2022-07-07,4호선,길음,21308,20755,42063
2022-07-07,4호선,남태령,1295,1175,2470
2022-07-07,4호선,노원,18810,21201,40011
2022-07-07,4호선,당고개,8989,7982,16971
2022-07-07,4호선,동대문,20559,21298,41857
2022-07-07,4호선,동대문역사문화공원,15701,13945,29646
2022-07-07,4호선,동작,1170,1293,2463
2022-07-07,4호선,명동,19709,20488,40197
2022-07-07,4호선,미아,15212,14517,29729
2022-07-07,4호선,미아사거리,27811,27187,54998
2022-07-07,4호선,사당,26600,22159,48759
2022-07-07,4호선,삼각지,5305,6020,11325
2022-07-07,4호선,상계,19652,18409,38061
2022-07-07,4호선,서울역,12341,18455,30796
2022-07-07,4호선,성신여대입구,20147,19306,39453
2022-07-07,4호선,수유,33636,33866,67502
2022-07-07,4호선,숙대입구,13611,13054,26665
2022-07-07,4호선,신용산,18765,19479,38244
2022-07-07,4호선,쌍문,29142,27229,56371
2022-07-07,4호선,이촌,8827,9529,18356
2022-07-07,4호선,창동,26057,27668,53725
2022-07-07,4호선,총신대입구,19487,21015,40502
2022-07-07,4호선,충무로,27636,29068,56704
2022-07-07,4호선,한성대입구,13423,13247,26670
2022-07-07,4호선,혜화,33925,34004,67929
2022-07-07,4호선,회현,25483,26566,52049
2022-07-07,5호선,강동,19877,19214,39091
2022-07-07,5호선,강일,4655,4514,9169
2022-07-07,5호선,개롱,7189,7484,14673
2022-07-07,5호선,개화산,6036,5680,11716
2022-07-07,5호선,거여,10888,10370,21258
2022-07-07,5호선,고덕,10373,10202,20575
2022-07-07,5호선,공덕,15480,16232,31712
2022-07-07,5호선,광나루,13800,12566,26366
2022-07-07,5호선,광화문,32502,34543,67045
2022-07-07,5호선,군자,11661,12670,24331
2022-07-07,5호선,굽은다리,10374,10064,20438
2022-07-07,5호선,길동,8332,8644,16976
2022-07-07,5호선,김포공항,8261,8057,16318
2022-07-07,5호선,까치산,30183,28663,58846
2022-07-07,5호선,답십리,16842,15164,32006
2022-07-07,5호선,동대문역사문화공원,3178,3697,6875
2022-07-07,5호선,둔촌동,8478,8408,16886
2022-07-07,5호선,마곡,11633,11677,23310
2022-07-07,5호선,마장,5866,5453,11319
2022-07-07,5호선,마천,7697,7351,15048
2022-07-07,5호선,마포,15598,15830,31428
2022-07-07,5호선,명일,9400,9496,18896
2022-07-07,5호선,목동,17834,18964,36798
2022-07-07,5호선,미사,17347,17338,34685
2022-07-07,5호선,발산,22250,22822,45072
2022-07-07,5호선,방이,7289,7730,15019
2022-07-07,5호선,방화,7072,6891,13963
2022-07-07,5호선,상일동,15942,14711,30653
2022-07-07,5호선,서대문,21224,21540,42764
2022-07-07,5호선,송정,6719,6275,12994
2022-07-07,5호선,신금호,6894,7058,13952
2022-07-07,5호선,신길,4652,4786,9438
2022-07-07,5호선,신정,14711,12092,26803
2022-07-07,5호선,아차산,15046,14447,29493
2022-07-07,5호선,애오개,7295,7338,14633
2022-07-07,5호선,양평,7977,7949,15926
2022-07-07,5호선,여의나루,9925,11592,21517
2022-07-07,5호선,여의도,31958,33469,65427
2022-07-07,5호선,영등포구청,4229,4344,8573
2022-07-07,5호선,영등포시장,10663,11391,22054
2022-07-07,5호선,오금,4085,4130,8215
2022-07-07,5호선,오목교,22995,24647,47642
2022-07-07,5호선,올림픽공원,4422,3745,8167
2022-07-07,5호선,왕십리,4944,5499,10443
2022-07-07,5호선,우장산,15730,15376,31106
2022-07-07,5호선,을지로4가,6392,6558,12950
2022-07-07,5호선,장한평,19593,19729,39322
2022-07-07,5호선,종로3가,13291,13011,26302
2022-07-07,5호선,천호,18551,18561,37112
2022-07-07,5호선,청구,4251,3854,8105
2022-07-07,5호선,충정로,4834,4949,9783
2022-07-07,5호선,하남검단산,6099,5798,11897
2022-07-07,5호선,하남시청,7361,6995,14356
2022-07-07,5호선,하남풍산,4564,4597,9161
2022-07-07,5호선,행당,8745,7844,16589
2022-07-07,5호선,화곡,29601,27564,57165
2022-07-07,6호선,고려대,8751,8535,17286
2022-07-07,6호선,공덕,19934,19241,39175
2022-07-07,6호선,광흥창,9960,9600,19560
2022-07-07,6호선,구산,8165,6189,14354
2022-07-07,6호선,녹사평,4910,4918,9828
2022-07-07,6호선,대흥,9171,9350,18521
2022-07-07,6호선,독바위,2870,3059,5929
2022-07-07,6호선,돌곶이,9755,9097,18852
2022-07-07,6호선,동묘앞,7882,8154,16036
2022-07-07,6호선,디지털미디어시티,15369,17116,32485
2022-07-07,6호선,마포구청,15224,13718,28942
2022-07-07,6호선,망원,14169,15055,29224
2022-07-07,6호선,버티고개,2215,2239,4454
2022-07-07,6호선,보문,8113,7266,15379
2022-07-07,6호선,봉화산,9555,9143,18698
2022-07-07,6호선,불광,4661,4694,9355
2022-07-07,6호선,삼각지,7221,6456,13677
2022-07-07,6호선,상수,8846,10324,19170
2022-07-07,6호선,상월곡,7067,6493,13560
2022-07-07,6호선,새절,13165,12158,25323
2022-07-07,6호선,석계,12586,13196,25782
2022-07-07,6호선,신내,1,0,1
2022-07-07,6호선,신당,8334,8764,17098
2022-07-07,6호선,안암,11321,11232,22553
2022-07-07,6호선,약수,3840,3905,7745
2022-07-07,6호선,역촌,4021,4416,8437
2022-07-07,6호선,연신내,2,0,2
2022-07-07,6호선,월곡,12166,11728,23894
2022-07-07,6호선,월드컵경기장,4251,4626,8877
2022-07-07,6호선,응암,18046,17905,35951
2022-07-07,6호선,이태원,10439,11314,21753
2022-07-07,6호선,증산,10216,10203,20419
2022-07-07,6호선,창신,3817,3147,6964
2022-07-07,6호선,청구,3797,3987,7784
2022-07-07,6호선,태릉입구,5764,6215,11979
2022-07-07,6호선,한강진,8209,9273,17482
2022-07-07,6호선,합정,13828,13517,27345
2022-07-07,6호선,화랑대,12280,9505,21785
2022-07-07,6호선,효창공원앞,7507,6792,14299
2022-07-07,7호선,가산디지털단지,48143,48144,96287
2022-07-07,7호선,강남구청,17962,19843,37805
2022-07-07,7호선,건대입구,13460,13720,27180
2022-07-07,7호선,고속터미널,16238,13952,30190
2022-07-07,7호선,공릉,12577,12389,24966
2022-07-07,7호선,광명사거리,22397,22041,44438
2022-07-07,7호선,군자,15762,12626,28388
2022-07-07,7호선,남구로,16340,17453,33793
2022-07-07,7호선,남성,11860,10804,22664
2022-07-07,7호선,내방,15492,15931,31423
2022-07-07,7호선,노원,20496,21359,41855
2022-07-07,7호선,논현,19733,21421,41154
2022-07-07,7호선,대림,8002,8009,16011
2022-07-07,7호선,도봉산,9435,10509,19944
2022-07-07,7호선,뚝섬유원지,7887,7763,15650
2022-07-07,7호선,마들,14192,13169,27361
2022-07-07,7호선,먹골,10606,10422,21028
2022-07-07,7호선,면목,15659,15158,30817
2022-07-07,7호선,반포,6366,6079,12445
2022-07-07,7호선,보라매,8403,8359,16762
2022-07-07,7호선,사가정,16461,16380,32841
2022-07-07,7호선,상도,11554,11049,22603
2022-07-07,7호선,상봉,17490,16413,33903
2022-07-07,7호선,수락산,12999,12870,25869
2022-07-07,7호선,숭실대입구,12530,12703,25233
2022-07-07,7호선,신대방삼거리,15966,15263,31229
2022-07-07,7호선,신풍,12305,11601,23906
2022-07-07,7호선,어린이대공원,13509,13518,27027
2022-07-07,7호선,온수,10592,9622,20214
2022-07-07,7호선,용마산,6203,6027,12230
2022-07-07,7호선,이수,17129,16686,33815
2022-07-07,7호선,장승배기,9418,9361,18779
2022-07-07,7호선,장암,2425,903,3328
2022-07-07,7호선,중계,16077,14573,30650
2022-07-07,7호선,중곡,11796,10883,22679
2022-07-07,7호선,중화,11269,11178,22447
2022-07-07,7호선,천왕,12023,11495,23518
2022-07-07,7호선,철산,21730,22152,43882
2022-07-07,7호선,청담,20999,24009,45008
2022-07-07,7호선,태릉입구,8649,8212,16861
2022-07-07,7호선,하계,18529,17581,36110
2022-07-07,7호선,학동,26284,27730,54014
2022-07-07,8호선,가락시장,7862,8774,16636
2022-07-07,8호선,강동구청,11029,11444,22473
2022-07-07,8호선,남위례,5786,5871,11657
2022-07-07,8호선,남한산성입구,14190,12729,26919
2022-07-07,8호선,단대오거리,10742,10614,21356
2022-07-07,8호선,모란,4500,3608,8108
2022-07-07,8호선,몽촌토성,6510,6696,13206
2022-07-07,8호선,문정,23445,24879,48324
2022-07-07,8호선,복정,9797,8349,18146
2022-07-07,8호선,산성,5432,5540,10972
2022-07-07,8호선,석촌,7999,9143,17142
2022-07-07,8호선,송파,9455,9380,18835
2022-07-07,8호선,수진,5748,5232,10980
2022-07-07,8호선,신흥,4562,4923,9485
2022-07-07,8호선,암사,19752,17444,37196
2022-07-07,8호선,잠실,15688,18388,34076
2022-07-07,8호선,장지,18319,17545,35864
2022-07-07,8호선,천호,15264,17263,32527
2022-07-07,9호선,가양,22267,21699,43966
2022-07-07,9호선,개화,2795,1907,4702
2022-07-07,9호선,고속터미널,13422,17412,30834
2022-07-07,9호선,공항시장,3125,3442,6567
2022-07-07,9호선,구반포,1264,1313,2577
2022-07-07,9호선,국회의사당,18191,18812,37003
2022-07-07,9호선,김포공항,8192,12124,20316
2022-07-07,9호선,노들,4924,4128,9052
2022-07-07,9호선,노량진,26095,25179,51274
2022-07-07,9호선,당산,20140,20496,40636
2022-07-07,9호선,동작,1913,1519,3432
2022-07-07,9호선,등촌,12220,11730,23950
2022-07-07,9호선,마곡나루,13389,13293,26682
2022-07-07,9호선,사평,4232,4168,8400
2022-07-07,9호선,샛강,6955,6967,13922
2022-07-07,9호선,선유도,9725,9437,19162
2022-07-07,9호선,신논현,32907,32854,65761
2022-07-07,9호선,신목동,4722,4096,8818
2022-07-07,9호선,신반포,4010,3863,7873
2022-07-07,9호선,신방화,7304,7165,14469
2022-07-07,9호선,양천향교,10269,10604,20873
2022-07-07,9호선,여의도,31627,30472,62099
2022-07-07,9호선,염창,18556,17814,36370
2022-07-07,9호선,증미,8051,7999,16050
2022-07-07,9호선,흑석,8545,8919,17464
2022-07-07,9호선2~3단계,둔촌오륜,1282,1167,2449
2022-07-07,9호선2~3단계,봉은사,23390,24019,47409
2022-07-07,9호선2~3단계,삼성중앙,8289,8691,16980
2022-07-07,9호선2~3단계,삼전,7435,7190,14625
2022-07-07,9호선2~3단계,석촌,9127,7933,17060
2022-07-07,9호선2~3단계,석촌고분,6724,6686,13410
2022-07-07,9호선2~3단계,선정릉,11063,12117,23180
2022-07-07,9호선2~3단계,송파나루,5562,5925,11487
2022-07-07,9호선2~3단계,언주,12131,12369,24500
2022-07-07,9호선2~3단계,올림픽공원,6699,6703,13402
2022-07-07,9호선2~3단계,종합운동장,4593,4664,9257
2022-07-07,9호선2~3단계,중앙보훈병원,11964,10514,22478
2022-07-07,9호선2~3단계,한성백제,2906,2619,5525
2022-07-07,경강선,경기광주,8344,7608,15952
2022-07-07,경강선,곤지암,2231,2234,4465
2022-07-07,경강선,부발,2124,2022,4146
2022-07-07,경강선,삼동,2583,2380,4963
2022-07-07,경강선,세종대왕릉,333,332,665
2022-07-07,경강선,신둔도예촌,1644,1581,3225
2022-07-07,경강선,여주,2021,2117,4138
2022-07-07,경강선,이매,1204,1025,2229
2022-07-07,경강선,이천,2459,2594,5053
2022-07-07,경강선,초월,3409,3238,6647
2022-07-07,경강선,판교,5585,5649,11234
2022-07-07,경부선,가산디지털단지,19342,22661,42003
2022-07-07,경부선,관악,7379,7036,14415
2022-07-07,경부선,광명,3626,3265,6891
2022-07-07,경부선,구로,18973,19282,38255
2022-07-07,경부선,군포,7869,7667,15536
2022-07-07,경부선,금정,27822,27953,55775
2022-07-07,경부선,금천구청,11768,11722,23490
2022-07-07,경부선,남영,9864,10378,20242
2022-07-07,경부선,노량진,7623,7483,15106
2022-07-07,경부선,당정,6504,6210,12714
2022-07-07,경부선,대방,11728,12892,24620
2022-07-07,경부선,독산,19421,20261,39682
2022-07-07,경부선,두정,5515,5452,10967
2022-07-07,경부선,명학,9608,9456,19064
2022-07-07,경부선,병점,14355,14048,28403
2022-07-07,경부선,서동탄,1447,1253,2700
2022-07-07,경부선,서울역,7077,2106,9183
2022-07-07,경부선,서정리,7137,6538,13675
2022-07-07,경부선,석수,9683,8676,18359
2022-07-07,경부선,성균관대,14414,14196,28610
2022-07-07,경부선,성환,3378,3331,6709
2022-07-07,경부선,세류,3499,3175,6674
2022-07-07,경부선,세마,2940,2798,5738
2022-07-07,경부선,송탄,4150,4069,8219
2022-07-07,경부선,수원,33724,35912,69636
2022-07-07,경부선,신길,9482,8170,17652
2022-07-07,경부선,신도림,4153,4343,8496
2022-07-07,경부선,안양,22420,21953,44373
2022-07-07,경부선,영등포,39628,40746,80374
2022-07-07,경부선,오산,9364,9403,18767
2022-07-07,경부선,오산대,3480,3273,6753
2022-07-07,경부선,용산,37710,39656,77366
2022-07-07,경부선,의왕,9293,9218,18511
2022-07-07,경부선,직산,876,842,1718
2022-07-07,경부선,진위,1794,1615,3409
2022-07-07,경부선,천안,4881,5039,9920
2022-07-07,경부선,평택,10838,10897,21735
2022-07-07,경부선,평택지제,3777,3695,7472
2022-07-07,경부선,화서,8482,7999,16481
2022-07-07,경원선,가능,7096,6795,13891
2022-07-07,경원선,광운대,7884,7489,15373
2022-07-07,경원선,녹양,4717,4481,9198
2022-07-07,경원선,녹천,5095,4145,9240
2022-07-07,경원선,덕계,3361,2994,6355
2022-07-07,경원선,덕정,5557,5273,10830
2022-07-07,경원선,도봉,6463,6086,12549
2022-07-07,경원선,도봉산,7206,4558,11764
2022-07-07,경원선,동두천,2193,2417,4610
2022-07-07,경원선,동두천중앙,3247,3130,6377
2022-07-07,경원선,망월사,7768,7948,15716
2022-07-07,경원선,방학,10167,10010,20177
2022-07-07,경원선,보산,1523,1393,2916
2022-07-07,경원선,서빙고,2194,1992,4186
2022-07-07,경원선,석계,8167,9109,17276
2022-07-07,경원선,소요산,2527,2254,4781
2022-07-07,경원선,신이문,8771,8061,16832
2022-07-07,경원선,양주,7656,7252,14908
2022-07-07,경원선,옥수,38,31,69
2022-07-07,경원선,왕십리,15386,16957,32343
2022-07-07,경원선,외대앞,7718,7603,15321
2022-07-07,경원선,월계,6804,6367,13171
2022-07-07,경원선,응봉,2039,1765,3804
2022-07-07,경원선,의정부,18642,19156,37798
2022-07-07,경원선,이촌,3978,3046,7024
2022-07-07,경원선,지행,6617,6566,13183
2022-07-07,경원선,창동,1,0,1
2022-07-07,경원선,청량리,15208,16066,31274
2022-07-07,경원선,한남,4179,4002,8181
2022-07-07,경원선,회룡,12900,12615,25515
2022-07-07,경의선,가좌,5775,5471,11246
2022-07-07,경의선,강매,3644,3062,6706
2022-07-07,경의선,곡산,644,676,1320
2022-07-07,경의선,공덕,3881,3483,7364
2022-07-07,경의선,금릉,5066,4755,9821
2022-07-07,경의선,금촌,6443,6531,12974
2022-07-07,경의선,능곡,4012,3702,7714
2022-07-07,경의선,디지털미디어시티,2782,2550,5332
2022-07-07,경의선,문산,5209,5195,10404
2022-07-07,경의선,백마,7415,6952,14367
2022-07-07,경의선,서강대,2274,2224,4498
2022-07-07,경의선,서울역,4799,6114,10913
2022-07-07,경의선,수색,3126,3229,6355
2022-07-07,경의선,신촌,1057,1324,2381
2022-07-07,경의선,야당,8194,8127,16321
2022-07-07,경의선,운정,7266,6651,13917
2022-07-07,경의선,월롱,2837,2563,5400
2022-07-07,경의선,일산,9904,9611,19515
2022-07-07,경의선,임진강,7,10,17
2022-07-07,경의선,탄현,8294,7827,16121
2022-07-07,경의선,파주,1174,738,1912
2022-07-07,경의선,풍산,5841,5384,11225
2022-07-07,경의선,행신,8541,8528,17069
2022-07-07,경의선,홍대입구,1700,2081,3781
2022-07-07,경의선,화전,1983,1852,3835
2022-07-07,경의선,효창공원앞,3187,3526,6713
2022-07-07,경인선,간석,6262,5817,12079
2022-07-07,경인선,개봉,22076,21692,43768
2022-07-07,경인선,구일,6491,6279,12770
2022-07-07,경인선,도원,3682,3604,7286
2022-07-07,경인선,도화,4369,4075,8444
2022-07-07,경인선,동암,15846,15776,31622
2022-07-07,경인선,동인천,14126,13503,27629
2022-07-07,경인선,백운,7169,7025,14194
2022-07-07,경인선,부개,9124,8545,17669
2022-07-07,경인선,부천,32522,32329,64851
2022-07-07,경인선,부평,29010,30619,59629
2022-07-07,경인선,소사,8524,8264,16788
2022-07-07,경인선,송내,28657,28486,57143
2022-07-07,경인선,역곡,27550,27420,54970
2022-07-07,경인선,오류동,12295,11251,23546
2022-07-07,경인선,온수,7065,6584,13649
2022-07-07,경인선,인천,3470,2584,6054
2022-07-07,경인선,제물포,11000,10528,21528
2022-07-07,경인선,주안,19188,17189,36377
2022-07-07,경인선,중동,9885,9301,19186
2022-07-07,경춘선,가평,2310,2299,4609
2022-07-07,경춘선,갈매,3180,2706,5886
2022-07-07,경춘선,강촌,413,370,783
2022-07-07,경춘선,굴봉산,144,115,259
2022-07-07,경춘선,금곡,1552,1529,3081
2022-07-07,경춘선,김유정,293,314,607
2022-07-07,경춘선,남춘천,2686,2678,5364
2022-07-07,경춘선,대성리,952,943,1895
2022-07-07,경춘선,마석,3939,3938,7877
2022-07-07,경춘선,백양리,83,86,169
2022-07-07,경춘선,별내,3334,3098,6432
2022-07-07,경춘선,사릉,2467,2424,4891
2022-07-07,경춘선,상천,248,257,505
2022-07-07,경춘선,신내,2466,2306,4772
2022-07-07,경춘선,천마산,1761,1582,3343
2022-07-07,경춘선,청평,1888,1822,3710
2022-07-07,경춘선,춘천,1222,1105,2327
2022-07-07,경춘선,퇴계원,3696,3393,7089
2022-07-07,경춘선,평내호평,6576,6386,12962
2022-07-07,공항철도,검암,7074,6781,13855
2022-07-07,공항철도,계양,11488,10522,22010
2022-07-07,공항철도,공덕,2558,3364,5922
2022-07-07,공항철도,공항화물청사,2456,2637,5093
2022-07-07,공항철도,김포공항,12445,7083,19528
2022-07-07,공항철도,디지털미디어시티,15937,14730,30667
2022-07-07,공항철도,마곡나루,10204,9625,19829
2022-07-07,공항철도,서울역,8976,8330,17306
2022-07-07,공항철도,영종,3413,3423,6836
2022-07-07,공항철도,운서,7740,7752,15492
2022-07-07,공항철도,인천공항1터미널,7451,7196,14647
2022-07-07,공항철도,인천공항2터미널,3758,3265,7023
2022-07-07,공항철도,청라국제도시,7485,7229,14714
2022-07-07,공항철도,홍대입구,10534,10700,21234
2022-07-07,과천선,경마공원,1344,1369,2713
2022-07-07,과천선,과천,6753,6431,13184
2022-07-07,과천선,대공원,2271,2394,4665
2022-07-07,과천선,범계,26669,26169,52838
2022-07-07,과천선,선바위,8350,7305,15655
2022-07-07,과천선,인덕원,25321,26543,51864
2022-07-07,과천선,정부과천청사,11448,11458,22906
2022-07-07,과천선,평촌,18943,18520,37463
2022-07-07,분당선,가천대,7295,7952,15247
2022-07-07,분당선,강남구청,10297,11983,22280
2022-07-07,분당선,개포동,4366,4382,8748
2022-07-07,분당선,구룡,2454,2352,4806
2022-07-07,분당선,구성,5405,5551,10956
2022-07-07,분당선,기흥,10694,9940,20634
2022-07-07,분당선,대모산입구,4939,4647,9586
2022-07-07,분당선,도곡,7838,7744,15582
2022-07-07,분당선,망포,15447,14489,29936
2022-07-07,분당선,매교,3324,3265,6589
2022-07-07,분당선,매탄권선,5546,5309,10855
2022-07-07,분당선,모란,20163,20471,40634
2022-07-07,분당선,미금,16371,17454,33825
2022-07-07,분당선,보정,3130,2692,5822
2022-07-07,분당선,복정,2,0,2
2022-07-07,분당선,상갈,5679,5427,11106
2022-07-07,분당선,서울숲,11749,12162,23911
2022-07-07,분당선,서현,26879,27380,54259
2022-07-07,분당선,선릉,15149,23075,38224
2022-07-07,분당선,선정릉,8652,9167,17819
2022-07-07,분당선,수내,15320,15332,30652
2022-07-07,분당선,수서,14589,15259,29848
2022-07-07,분당선,수원,8079,6764,14843
2022-07-07,분당선,수원시청,12937,14016,26953
2022-07-07,분당선,신갈,4876,4823,9699
2022-07-07,분당선,압구정로데오,20064,22404,42468
2022-07-07,분당선,야탑,27327,28611,55938
2022-07-07,분당선,영통,8538,8823,17361
2022-07-07,분당선,오리,12588,10314,22902
2022-07-07,분당선,이매,6198,5775,11973
2022-07-07,분당선,정자,20005,21271,41276
2022-07-07,분당선,죽전,13791,15583,29374
2022-07-07,분당선,청명,4637,4480,9117
2022-07-07,분당선,태평,14129,13375,27504
2022-07-07,분당선,한티,16014,17069,33083
2022-07-07,수인선,고색,4845,4466,9311
2022-07-07,수인선,남동인더스파크,2437,2759,5196
2022-07-07,수인선,달월,109,74,183
2022-07-07,수인선,사리,5008,4280,9288
2022-07-07,수인선,소래포구,4739,4425,9164
2022-07-07,수인선,송도,2339,2207,4546
2022-07-07,수인선,숭의,4027,3767,7794
2022-07-07,수인선,신포,1802,1828,3630
2022-07-07,수인선,야목,401,287,688
2022-07-07,수인선,어천,856,846,1702
2022-07-07,수인선,연수,4597,4433,9030
2022-07-07,수인선,오목천,3131,2938,6069
2022-07-07,수인선,원인재,4349,4542,8891
2022-07-07,수인선,월곶,3110,2839,5949
2022-07-07,수인선,인천,1028,1738,2766
2022-07-07,수인선,인천논현,5584,5923,11507
2022-07-07,수인선,인하대,6086,5624,11710
2022-07-07,수인선,호구포,4263,4441,8704
2022-07-07,신림선,관악산,2307,2389,4696
2022-07-07,신림선,당곡,3669,3652,7321
2022-07-07,신림선,대방,1937,1505,3442
2022-07-07,신림선,보라매,2743,2520,5263
2022-07-07,신림선,보라매공원,1775,1852,3627
2022-07-07,신림선,보라매병원,6833,7059,13892
2022-07-07,신림선,샛강,2168,2661,4829
2022-07-07,신림선,서울대벤처타운,6183,6411,12594
2022-07-07,신림선,서울지방병무청,2204,2456,4660
2022-07-07,신림선,서원,2891,2604,5495
2022-07-07,신림선,신림,1676,2070,3746
2022-07-07,안산선,고잔,9079,8587,17666
2022-07-07,안산선,대야미,5073,4687,9760
2022-07-07,안산선,반월,4413,4293,8706
2022-07-07,안산선,산본,16220,17447,33667
2022-07-07,안산선,상록수,15711,15952,31663
2022-07-07,안산선,수리산,4331,3539,7870
2022-07-07,안산선,신길온천,1864,1643,3507
2022-07-07,안산선,안산,11636,10619,22255
2022-07-07,안산선,오이도,8474,8269,16743
2022-07-07,안산선,정왕,7769,8158,15927
2022-07-07,안산선,중앙,17898,18599,36497
2022-07-07,안산선,초지,4959,5026,9985
2022-07-07,안산선,한대앞,9273,9314,18587
2022-07-07,우이신설선,4.19민주묘지,3007,2739,5746
2022-07-07,우이신설선,가오리,4465,4440,8905
2022-07-07,우이신설선,보문,1566,1570,3136
2022-07-07,우이신설선,북한산보국문,5999,5799,11798
2022-07-07,우이신설선,북한산우이,2739,2425,5164
2022-07-07,우이신설선,삼양,2179,2231,4410
2022-07-07,우이신설선,삼양사거리,2515,2518,5033
2022-07-07,우이신설선,성신여대입구,3468,3819,7287
2022-07-07,우이신설선,솔밭공원,2633,2465,5098
2022-07-07,우이신설선,솔샘,6208,5763,11971
2022-07-07,우이신설선,신설동,2306,2224,4530
2022-07-07,우이신설선,정릉,4826,4457,9283
2022-07-07,우이신설선,화계,3581,3412,6993
2022-07-07,일산선,대곡,2272,1826,4098
2022-07-07,일산선,대화,14573,11682,26255
2022-07-07,일산선,마두,8000,8280,16280
2022-07-07,일산선,백석,10272,10120,20392
2022-07-07,일산선,삼송,20453,19743,40196
2022-07-07,일산선,원당,11833,10994,22827
2022-07-07,일산선,원흥,11592,10917,22509
2022-07-07,일산선,정발산,7064,7227,14291
2022-07-07,일산선,주엽,9630,9549,19179
2022-07-07,일산선,지축,2,0,2
2022-07-07,일산선,화정,17459,17654,35113
2022-07-07,장항선,배방,1088,1066,2154
2022-07-07,장항선,봉명,1385,1293,2678
2022-07-07,장항선,신창,1325,1286,2611
2022-07-07,장항선,쌍용,2105,1974,4079
2022-07-07,장항선,아산,2920,2723,5643
2022-07-07,장항선,온양온천,3480,3694,7174
2022-07-07,장항선,탕정,906,789,1695
2022-07-07,중앙선,구리,13768,13894,27662
2022-07-07,중앙선,국수,807,760,1567
2022-07-07,중앙선,덕소,5836,5772,11608
2022-07-07,중앙선,도농,11657,10555,22212
2022-07-07,중앙선,도심,2674,2079,4753
2022-07-07,중앙선,망우,8071,7758,15829
2022-07-07,중앙선,상봉,5715,5851,11566
2022-07-07,중앙선,신원,208,180,388
2022-07-07,중앙선,아신,558,583,1141
2022-07-07,중앙선,양수,1974,1980,3954
2022-07-07,중앙선,양원,3291,3193,6484
2022-07-07,중앙선,양정,689,597,1286
2022-07-07,중앙선,양평,2833,2928,5761
2022-07-07,중앙선,오빈,316,322,638
2022-07-07,중앙선,용문,2044,1940,3984
2022-07-07,중앙선,운길산,714,673,1387
2022-07-07,중앙선,원덕,358,348,706
2022-07-07,중앙선,중랑,5914,5543,11457
2022-07-07,중앙선,지평,69,86,155
2022-07-07,중앙선,팔당,873,873,1746
2022-07-07,중앙선,회기,25535,24611,50146
2022-07-08,1호선,동대문,11418,9930,21348
2022-07-08,1호선,동묘앞,8251,8626,16877
2022-07-08,1호선,서울역,53055,52623,105678
2022-07-08,1호선,시청,25408,25658,51066
2022-07-08,1호선,신설동,14755,14044,28799
2022-07-08,1호선,제기동,17661,17919,35580
2022-07-08,1호선,종각,40341,40323,80664
2022-07-08,1호선,종로3가,28695,27060,55755
2022-07-08,1호선,종로5가,23758,24263,48021
2022-07-08,1호선,청량리,20840,20906,41746
2022-07-08,2호선,강남,96077,95228,191305
2022-07-08,2호선,강변,35438,35148,70586
2022-07-08,2호선,건대입구,38776,43392,82168
2022-07-08,2호선,교대,37640,43016,80656
2022-07-08,2호선,구로디지털단지,64495,64085,128580
2022-07-08,2호선,구의,25392,24725,50117
2022-07-08,2호선,낙성대,30471,28015,58486
2022-07-08,2호선,당산,19451,22998,42449
2022-07-08,2호선,대림,25388,25957,51345
2022-07-08,2호선,도림천,1546,1612,3158
2022-07-08,2호선,동대문역사문화공원,13811,15189,29000
2022-07-08,2호선,뚝섬,24458,26195,50653
2022-07-08,2호선,문래,24072,24922,48994
2022-07-08,2호선,방배,17509,18283,35792
2022-07-08,2호선,봉천,26036,23204,49240
2022-07-08,2호선,사당,43860,48382,92242
2022-07-08,2호선,삼성,65316,65835,131151
2022-07-08,2호선,상왕십리,15531,14900,30431
2022-07-08,2호선,서울대입구,51707,49630,101337
2022-07-08,2호선,서초,23439,22373,45812
2022-07-08,2호선,선릉,62845,55373,118218
2022-07-08,2호선,성수,40474,44913,85387
2022-07-08,2호선,시청,25522,25145,50667
2022-07-08,2호선,신답,1806,1938,3744
2022-07-08,2호선,신당,15134,15368,30502
2022-07-08,2호선,신대방,27488,26254,53742
2022-07-08,2호선,신도림,52426,52173,104599
2022-07-08,2호선,신림,63732,61459,125191
2022-07-08,2호선,신설동,3886,3874,7760
2022-07-08,2호선,신정네거리,11011,11357,22368
2022-07-08,2호선,신촌,39267,39752,79019
2022-07-08,2호선,아현,11744,10844,22588
2022-07-08,2호선,양천구청,7437,7469,14906
2022-07-08,2호선,역삼,55656,63239,118895
2022-07-08,2호선,영등포구청,23499,24379,47878
2022-07-08,2호선,왕십리,18021,15515,33536
2022-07-08,2호선,용답,3018,2774,5792
2022-07-08,2호선,용두,2581,2559,5140
2022-07-08,2호선,을지로3가,25492,26494,51986
2022-07-08,2호선,을지로4가,13817,13887,27704
2022-07-08,2호선,을지로입구,44742,46530,91272
2022-07-08,2호선,이대,14522,14774,29296
2022-07-08,2호선,잠실,81182,81096,162278
2022-07-08,2호선,잠실나루,16068,15282,31350
2022-07-08,2호선,잠실새내,24367,24923,49290
2022-07-08,2호선,종합운동장,13352,14616,27968
2022-07-08,2호선,충정로,10572,11160,21732
2022-07-08,2호선,한양대,9161,9666,18827
2022-07-08,2호선,합정,34727,38908,73635
2022-07-08,2호선,홍대입구,64588,72684,137272
2022-07-08,3호선,가락시장,10116,9638,19754
2022-07-08,3호선,경복궁,22831,22880,45711
2022-07-08,3호선,경찰병원,7957,7787,15744
2022-07-08,3호선,고속터미널,50468,53372,103840
2022-07-08,3호선,교대,16369,10452,26821
2022-07-08,3호선,구파발,22636,21874,44510
2022-07-08,3호선,금호,8600,7748,16348
2022-07-08,3호선,남부터미널,33042,33755,66797
2022-07-08,3호선,녹번,16609,14485,31094
2022-07-08,3호선,대청,11428,10393,21821
2022-07-08,3호선,대치,12225,12209,24434
2022-07-08,3호선,도곡,5903,5932,11835
2022-07-08,3호선,독립문,7456,7401,14857
2022-07-08,3호선,동대입구,8332,8758,17090
2022-07-08,3호선,매봉,13737,13102,26839
2022-07-08,3호선,무악재,4293,4137,8430
2022-07-08,3호선,불광,16977,18094,35071
2022-07-08,3호선,수서,19995,19878,39873
2022-07-08,3호선,신사,32259,35535,67794
2022-07-08,3호선,안국,24770,25582,50352
2022-07-08,3호선,압구정,36618,39581,76199
2022-07-08,3호선,약수,14124,13759,27883
2022-07-08,3호선,양재,41725,44344,86069
2022-07-08,3호선,연신내,38854,36442,75296
2022-07-08,3호선,오금,6803,6023,12826
2022-07-08,3호선,옥수,9888,9923,19811
2022-07-08,3호선,을지로3가,11762,12130,23892
2022-07-08,3호선,일원,11666,10948,22614
2022-07-08,3호선,잠원,5331,5104,10435
2022-07-08,3호선,종로3가,11064,13310,24374
2022-07-08,3호선,지축,5746,5275,11021
2022-07-08,3호선,충무로,3,0,3
2022-07-08,3호선,학여울,3605,3750,7355
2022-07-08,3호선,홍제,18473,17036,35509
2022-07-08,4호선,길음,21851,20558,42409
2022-07-08,4호선,남태령,1525,1259,2784
2022-07-08,4호선,노원,19944,23327,43271
2022-07-08,4호선,당고개,9434,8404,17838
2022-07-08,4호선,동대문,20983,21050,42033
2022-07-08,4호선,동대문역사문화공원,15969,13823,29792
2022-07-08,4호선,동작,1595,1714,3309
2022-07-08,4호선,명동,21584,22586,44170
2022-07-08,4호선,미아,15814,14914,30728
2022-07-08,4호선,미아사거리,29107,28243,57350
2022-07-08,4호선,사당,28753,24709,53462
2022-07-08,4호선,삼각지,5829,6602,12431
2022-07-08,4호선,상계,20508,18738,39246
2022-07-08,4호선,서울역,12607,21288,33895
2022-07-08,4호선,성신여대입구,21166,20546,41712
2022-07-08,4호선,수유,35475,35922,71397
2022-07-08,4호선,숙대입구,14447,13893,28340
2022-07-08,4호선,신용산,19408,20599,40007
2022-07-08,4호선,쌍문,30094,27786,57880
2022-07-08,4호선,이촌,9350,10360,19710
2022-07-08,4호선,창동,27668,29107,56775
2022-07-08,4호선,총신대입구,20712,22493,43205
2022-07-08,4호선,충무로,27465,28997,56462
2022-07-08,4호선,한성대입구,14090,13541,27631
2022-07-08,4호선,혜화,36020,36204,72224
2022-07-08,4호선,회현,25557,27035,52592
2022-07-08,5호선,강동,20221,18744,38965
2022-07-08,5호선,강일,4882,4706,9588
2022-07-08,5호선,개롱,7186,7273,14459
2022-07-08,5호선,개화산,6196,5861,12057
2022-07-08,5호선,거여,11018,10464,21482
2022-07-08,5호선,고덕,11046,10678,21724
2022-07-08,5호선,공덕,15417,16448,31865
2022-07-08,5호선,광나루,14104,12976,27080
2022-07-08,5호선,광화문,33737,36066,69803
2022-07-08,5호선,군자,11958,13291,25249
2022-07-08,5호선,굽은다리,10599,10296,20895
2022-07-08,5호선,길동,8796,9076,17872
2022-07-08,5호선,김포공항,9289,8905,18194
2022-07-08,5호선,까치산,31463,29250,60713
2022-07-08,5호선,답십리,17211,15256,32467
2022-07-08,5호선,동대문역사문화공원,2783,3413,6196
2022-07-08,5호선,둔촌동,8635,8702,17337
2022-07-08,5호선,마곡,11664,11703,23367
2022-07-08,5호선,마장,5938,5397,11335
2022-07-08,5호선,마천,7894,7412,15306
2022-07-08,5호선,마포,15465,16083,31548
2022-07-08,5호선,명일,9838,9972,19810
2022-07-08,5호선,목동,18524,19424,37948
2022-07-08,5호선,미사,17601,17797,35398
2022-07-08,5호선,발산,22129,23856,45985
2022-07-08,5호선,방이,7561,7897,15458
2022-07-08,5호선,방화,7553,7204,14757
2022-07-08,5호선,상일동,16339,14583,30922
2022-07-08,5호선,서대문,20346,20554,40900
2022-07-08,5호선,송정,7223,6514,13737
2022-07-08,5호선,신금호,7187,7137,14324
2022-07-08,5호선,신길,4618,4772,9390
2022-07-08,5호선,신정,15298,12066,27364
2022-07-08,5호선,아차산,15621,14730,30351
2022-07-08,5호선,애오개,7274,6984,14258
2022-07-08,5호선,양평,7934,7630,15564
2022-07-08,5호선,여의나루,11997,13020,25017
2022-07-08,5호선,여의도,30695,33486,64181
2022-07-08,5호선,영등포구청,4239,4414,8653
2022-07-08,5호선,영등포시장,11387,11632,23019
2022-07-08,5호선,오금,3945,4101,8046
2022-07-08,5호선,오목교,24113,25958,50071
2022-07-08,5호선,올림픽공원,4642,3822,8464
2022-07-08,5호선,왕십리,4862,6021,10883
2022-07-08,5호선,우장산,16413,15597,32010
2022-07-08,5호선,을지로4가,6368,6716,13084
2022-07-08,5호선,장한평,19952,19632,39584
2022-07-08,5호선,종로3가,14384,15029,29413
2022-07-08,5호선,천호,20616,20828,41444
2022-07-08,5호선,청구,4372,3860,8232
2022-07-08,5호선,충정로,4623,4690,9313
2022-07-08,5호선,하남검단산,6363,6014,12377
2022-07-08,5호선,하남시청,7586,7308,14894
2022-07-08,5호선,하남풍산,4752,4690,9442
2022-07-08,5호선,행당,8930,7618,16548
2022-07-08,5호선,화곡,30993,28069,59062
2022-07-08,6호선,고려대,8859,8524,17383
2022-07-08,6호선,공덕,20548,19794,40342
2022-07-08,6호선,광흥창,9904,9504,19408
2022-07-08,6호선,구산,8509,6368,14877
2022-07-08,6호선,녹사평,5666,5989,11655
2022-07-08,6호선,대흥,9353,9367,18720
2022-07-08,6호선,독바위,2996,3014,6010
2022-07-08,6호선,돌곶이,9863,8841,18704
2022-07-08,6호선,동묘앞,8425,8198,16623
2022-07-08,6호선,디지털미디어시티,15081,16664,31745
2022-07-08,6호선,마포구청,15307,13481,28788
2022-07-08,6호선,망원,14853,16080,30933
2022-07-08,6호선,버티고개,2277,2170,4447
2022-07-08,6호선,보문,8529,7452,15981
2022-07-08,6호선,봉화산,9470,8956,18426
2022-07-08,6호선,불광,4689,4703,9392
2022-07-08,6호선,삼각지,7733,6513,14246
2022-07-08,6호선,상수,9906,12041,21947
2022-07-08,6호선,상월곡,6630,5840,12470
2022-07-08,6호선,새절,13500,12292,25792
2022-07-08,6호선,석계,13094,13378,26472
2022-07-08,6호선,신당,8385,8058,16443
2022-07-08,6호선,안암,11514,11026,22540
2022-07-08,6호선,약수,3955,3982,7937
2022-07-08,6호선,역촌,4097,4481,8578
2022-07-08,6호선,월곡,12387,11909,24296
2022-07-08,6호선,월드컵경기장,4792,5031,9823
2022-07-08,6호선,응암,18690,18111,36801
2022-07-08,6호선,이태원,12770,17658,30428
2022-07-08,6호선,증산,10671,10319,20990
2022-07-08,6호선,창신,3825,3026,6851
2022-07-08,6호선,청구,3941,4032,7973
2022-07-08,6호선,태릉입구,5994,6372,12366
2022-07-08,6호선,한강진,8555,10211,18766
2022-07-08,6호선,합정,14901,15081,29982
2022-07-08,6호선,화랑대,12350,9294,21644
2022-07-08,6호선,효창공원앞,7660,6774,14434
2022-07-08,7호선,가산디지털단지,47843,47871,95714
2022-07-08,7호선,강남구청,18000,20253,38253
2022-07-08,7호선,건대입구,13868,14812,28680
2022-07-08,7호선,고속터미널,19122,15866,34988
2022-07-08,7호선,공릉,13128,12643,25771
2022-07-08,7호선,광명사거리,23575,23216,46791
2022-07-08,7호선,군자,16415,12737,29152
2022-07-08,7호선,남구로,16424,17277,33701
2022-07-08,7호선,남성,12125,10797,22922
2022-07-08,7호선,내방,15645,15885,31530
2022-07-08,7호선,노원,21882,23656,45538
2022-07-08,7호선,논현,20555,22096,42651
2022-07-08,7호선,대림,8464,8670,17134
2022-07-08,7호선,도봉산,9407,10551,19958
2022-07-08,7호선,뚝섬유원지,9376,8862,18238
2022-07-08,7호선,마들,14108,12770,26878
2022-07-08,7호선,먹골,10957,10537,21494
2022-07-08,7호선,면목,15979,15205,31184
2022-07-08,7호선,반포,6588,6337,12925
2022-07-08,7호선,보라매,8624,8493,17117
2022-07-08,7호선,사가정,17058,16776,33834
2022-07-08,7호선,상도,12171,11377,23548
2022-07-08,7호선,상봉,18140,17728,35868
2022-07-08,7호선,수락산,13347,13060,26407
2022-07-08,7호선,숭실대입구,13159,13028,26187
2022-07-08,7호선,신대방삼거리,16701,15409,32110
2022-07-08,7호선,신풍,12649,11825,24474
2022-07-08,7호선,어린이대공원,14148,13735,27883
2022-07-08,7호선,온수,10892,9895,20787
2022-07-08,7호선,용마산,6410,5953,12363
2022-07-08,7호선,이수,18138,18014,36152
2022-07-08,7호선,장승배기,9973,9493,19466
2022-07-08,7호선,장암,2389,992,3381
2022-07-08,7호선,중계,15696,14052,29748
2022-07-08,7호선,중곡,12005,10849,22854
2022-07-08,7호선,중화,11575,11071,22646
2022-07-08,7호선,천왕,12638,11827,24465
2022-07-08,7호선,철산,23228,23677,46905
2022-07-08,7호선,청담,21247,24003,45250
2022-07-08,7호선,태릉입구,9070,8684,17754
2022-07-08,7호선,하계,18995,17444,36439
2022-07-08,7호선,학동,25488,27362,52850
2022-07-08,8호선,가락시장,8195,9270,17465
2022-07-08,8호선,강동구청,11264,11422,22686
2022-07-08,8호선,남위례,6025,6257,12282
2022-07-08,8호선,남한산성입구,14945,12953,27898
2022-07-08,8호선,단대오거리,11221,10736,21957
2022-07-08,8호선,모란,4888,4044,8932
2022-07-08,8호선,몽촌토성,6674,6785,13459
2022-07-08,8호선,문정,23395,24391,47786
2022-07-08,8호선,복정,10043,8326,18369
2022-07-08,8호선,산성,5736,5497,11233
2022-07-08,8호선,석촌,8154,9524,17678
2022-07-08,8호선,송파,9569,9229,18798
2022-07-08,8호선,수진,5930,5325,11255
2022-07-08,8호선,신흥,4737,4979,9716
2022-07-08,8호선,암사,20414,17623,38037
2022-07-08,8호선,잠실,16285,19737,36022
2022-07-08,8호선,장지,18910,17943,36853
2022-07-08,8호선,천호,15963,19037,35000
2022-07-08,9호선,가양,23108,22133,45241
2022-07-08,9호선,개화,2865,1918,4783
2022-07-08,9호선,고속터미널,15685,21317,37002
2022-07-08,9호선,공항시장,3235,3470,6705
2022-07-08,9호선,구반포,1291,1335,2626
2022-07-08,9호선,국회의사당,18414,19038,37452
2022-07-08,9호선,김포공항,9728,14102,23830
2022-07-08,9호선,노들,5215,4202,9417
2022-07-08,9호선,노량진,27502,26633,54135
2022-07-08,9호선,당산,20679,20646,41325
2022-07-08,9호선,동작,2138,1681,3819
2022-07-08,9호선,등촌,12491,11906,24397
2022-07-08,9호선,마곡나루,13604,13628,27232
2022-07-08,9호선,사평,4358,4149,8507
2022-07-08,9호선,샛강,6757,6800,13557
2022-07-08,9호선,선유도,9687,9196,18883
2022-07-08,9호선,신논현,35756,36842,72598
2022-07-08,9호선,신목동,4758,4035,8793
2022-07-08,9호선,신반포,4298,4077,8375
2022-07-08,9호선,신방화,7608,7102,14710
2022-07-08,9호선,양천향교,10524,10482,21006
2022-07-08,9호선,여의도,32189,30126,62315
2022-07-08,9호선,염창,19168,18061,37229
2022-07-08,9호선,증미,8122,7736,15858
2022-07-08,9호선,흑석,8980,9291,18271
2022-07-08,9호선2~3단계,둔촌오륜,1333,1195,2528
2022-07-08,9호선2~3단계,봉은사,24223,25058,49281
2022-07-08,9호선2~3단계,삼성중앙,8226,8564,16790
2022-07-08,9호선2~3단계,삼전,7649,7081,14730
2022-07-08,9호선2~3단계,석촌,9755,8396,18151
2022-07-08,9호선2~3단계,석촌고분,7020,6585,13605
2022-07-08,9호선2~3단계,선정릉,11216,12158,23374
2022-07-08,9호선2~3단계,송파나루,5741,6279,12020
2022-07-08,9호선2~3단계,언주,12042,12213,24255
2022-07-08,9호선2~3단계,올림픽공원,6718,6649,13367
2022-07-08,9호선2~3단계,종합운동장,4815,4905,9720
2022-07-08,9호선2~3단계,중앙보훈병원,11993,10409,22402
2022-07-08,9호선2~3단계,한성백제,2871,2512,5383
2022-07-08,경강선,경기광주,8557,7859,16416
2022-07-08,경강선,곤지암,2469,2432,4901
2022-07-08,경강선,부발,2828,2273,5101
2022-07-08,경강선,삼동,2641,2338,4979
2022-07-08,경강선,세종대왕릉,388,394,782
2022-07-08,경강선,신둔도예촌,1713,1602,3315
2022-07-08,경강선,여주,2585,2621,5206
2022-07-08,경강선,이매,1320,1074,2394
2022-07-08,경강선,이천,3025,3179,6204
2022-07-08,경강선,초월,3712,3341,7053
2022-07-08,경강선,판교,5642,5635,11277
2022-07-08,경부선,가산디지털단지,19394,22348,41742
2022-07-08,경부선,관악,7801,7390,15191
2022-07-08,경부선,광명,4201,3813,8014
2022-07-08,경부선,구로,19688,20449,40137
2022-07-08,경부선,군포,7973,7834,15807
2022-07-08,경부선,금정,29369,29199,58568
2022-07-08,경부선,금천구청,12392,12186,24578
2022-07-08,경부선,남영,10326,10711,21037
2022-07-08,경부선,노량진,8573,8162,16735
2022-07-08,경부선,당정,6808,6263,13071
2022-07-08,경부선,대방,12004,12783,24787
2022-07-08,경부선,독산,19635,20082,39717
2022-07-08,경부선,두정,6751,6553,13304
2022-07-08,경부선,명학,9671,9379,19050
2022-07-08,경부선,병점,15994,15621,31615
2022-07-08,경부선,서동탄,1527,1462,2989
2022-07-08,경부선,서울역,9850,3018,12868
2022-07-08,경부선,서정리,9049,7070,16119
2022-07-08,경부선,석수,10203,8937,19140
2022-07-08,경부선,성균관대,15515,14947,30462
2022-07-08,경부선,성환,3990,3558,7548
2022-07-08,경부선,세류,3488,3193,6681
2022-07-08,경부선,세마,3310,3040,6350
2022-07-08,경부선,송탄,5305,4667,9972
2022-07-08,경부선,수원,38515,42478,80993
2022-07-08,경부선,신길,9779,8174,17953
2022-07-08,경부선,신도림,4473,4518,8991
2022-07-08,경부선,안양,23520,23362,46882
2022-07-08,경부선,영등포,45127,48356,93483
2022-07-08,경부선,오산,10923,10726,21649
2022-07-08,경부선,오산대,3965,3613,7578
2022-07-08,경부선,용산,44950,47214,92164
2022-07-08,경부선,의왕,9570,9399,18969
2022-07-08,경부선,직산,1000,920,1920
2022-07-08,경부선,진위,2013,1668,3681
2022-07-08,경부선,천안,5908,6220,12128
2022-07-08,경부선,평택,13725,13515,27240
2022-07-08,경부선,평택지제,4656,4313,8969
2022-07-08,경부선,화서,8755,8319,17074
2022-07-08,경원선,가능,7345,6949,14294
2022-07-08,경원선,광운대,7917,7407,15324
2022-07-08,경원선,녹양,5016,4674,9690
2022-07-08,경원선,녹천,5245,4116,9361
2022-07-08,경원선,덕계,3558,3081,6639
2022-07-08,경원선,덕정,5969,5540,11509
2022-07-08,경원선,도봉,6500,6152,12652
2022-07-08,경원선,도봉산,7523,4748,12271
2022-07-08,경원선,동두천,2345,2548,4893
2022-07-08,경원선,동두천중앙,3473,3373,6846
2022-07-08,경원선,망월사,8115,8047,16162
2022-07-08,경원선,방학,10436,10235,20671
2022-07-08,경원선,보산,1992,1657,3649
2022-07-08,경원선,서빙고,2229,1991,4220
2022-07-08,경원선,석계,8770,9604,18374
2022-07-08,경원선,소요산,2589,2432,5021
2022-07-08,경원선,신이문,9100,8140,17240
2022-07-08,경원선,양주,8279,7700,15979
2022-07-08,경원선,옥수,70,35,105
2022-07-08,경원선,왕십리,16577,18381,34958
2022-07-08,경원선,외대앞,8093,7801,15894
2022-07-08,경원선,월계,7055,6484,13539
2022-07-08,경원선,응봉,2131,1707,3838
2022-07-08,경원선,의정부,19640,21229,40869
2022-07-08,경원선,이촌,4271,3213,7484
2022-07-08,경원선,지행,7232,7136,14368
2022-07-08,경원선,청량리,18109,19259,37368
2022-07-08,경원선,한남,4438,4284,8722
2022-07-08,경원선,회룡,13415,13354,26769
2022-07-08,경의선,가좌,6008,5762,11770
2022-07-08,경의선,강매,3539,2935,6474
2022-07-08,경의선,계양,1,0,1
2022-07-08,경의선,곡산,627,658,1285
2022-07-08,경의선,공덕,4016,3725,7741
2022-07-08,경의선,금릉,5538,5353,10891
2022-07-08,경의선,금촌,7200,6993,14193
2022-07-08,경의선,능곡,4130,3813,7943
2022-07-08,경의선,디지털미디어시티,2879,2529,5408
2022-07-08,경의선,문산,6137,5937,12074
2022-07-08,경의선,백마,7674,7320,14994
2022-07-08,경의선,서강대,2450,2360,4810
2022-07-08,경의선,서울역,4950,6500,11450
2022-07-08,경의선,수색,2945,3062,6007
2022-07-08,경의선,신촌,946,1276,2222
2022-07-08,경의선,야당,8899,9067,17966
2022-07-08,경의선,운정,7658,7053,14711
2022-07-08,경의선,월롱,3488,2593,6081
2022-07-08,경의선,일산,10918,10636,21554
2022-07-08,경의선,임진강,16,8,24
2022-07-08,경의선,탄현,8640,8242,16882
2022-07-08,경의선,파주,1278,754,2032
2022-07-08,경의선,풍산,6154,5675,11829
2022-07-08,경의선,행신,9014,9076,18090
2022-07-08,경의선,홍대입구,1971,2578,4549
2022-07-08,경의선,화전,2006,1764,3770
2022-07-08,경의선,효창공원앞,3256,3633,6889
2022-07-08,경인선,간석,6590,6080,12670
2022-07-08,경인선,개봉,22981,22188,45169
2022-07-08,경인선,구일,7847,7749,15596
2022-07-08,경인선,도원,3968,3938,7906
2022-07-08,경인선,도화,4691,4283,8974
2022-07-08,경인선,동암,16967,16990,33957
2022-07-08,경인선,동인천,15205,14476,29681
2022-07-08,경인선,백운,7733,7375,15108
2022-07-08,경인선,부개,9534,8561,18095
2022-07-08,경인선,부천,34681,35325,70006
2022-07-08,경인선,부평,32077,35670,67747
2022-07-08,경인선,소사,8990,8740,17730
2022-07-08,경인선,송내,29273,29117,58390
2022-07-08,경인선,역곡,28858,28298,57156
2022-07-08,경인선,오류동,12931,11625,24556
2022-07-08,경인선,온수,7383,6796,14179
2022-07-08,경인선,인천,4090,3041,7131
2022-07-08,경인선,제물포,11702,10949,22651
2022-07-08,경인선,주안,20650,18570,39220
2022-07-08,경인선,중동,10187,9485,19672
2022-07-08,경춘선,가평,2475,2647,5122
2022-07-08,경춘선,갈매,3222,2829,6051
2022-07-08,경춘선,강촌,381,459,840
2022-07-08,경춘선,굴봉산,149,199,348
2022-07-08,경춘선,금곡,1679,1703,3382
2022-07-08,경춘선,김유정,298,362,660
2022-07-08,경춘선,남춘천,2738,2950,5688
2022-07-08,경춘선,대성리,1173,1903,3076
2022-07-08,경춘선,마석,4540,4470,9010
2022-07-08,경춘선,백양리,95,83,178
2022-07-08,경춘선,별내,3509,3307,6816
2022-07-08,경춘선,사릉,2483,2435,4918
2022-07-08,경춘선,상천,320,266,586
2022-07-08,경춘선,신내,2407,2226,4633
2022-07-08,경춘선,천마산,1787,1597,3384
2022-07-08,경춘선,청평,2141,2339,4480
2022-07-08,경춘선,춘천,1485,1401,2886
2022-07-08,경춘선,퇴계원,3862,3422,7284
2022-07-08,경춘선,평내호평,6780,6865,13645
2022-07-08,공항철도,검암,7349,7286,14635
2022-07-08,공항철도,계양,11966,10909,22875
2022-07-08,공항철도,공덕,2722,3523,6245
2022-07-08,공항철도,공항화물청사,2382,2550,4932
2022-07-08,공항철도,김포공항,14984,7666,22650
2022-07-08,공항철도,디지털미디어시티,15429,14177,29606
2022-07-08,공항철도,마곡나루,9941,9142,19083
2022-07-08,공항철도,서울역,10630,10351,20981
2022-07-08,공항철도,영종,3719,3865,7584
2022-07-08,공항철도,운서,8370,8461,16831
2022-07-08,공항철도,인천공항1터미널,7440,7390,14830
2022-07-08,공항철도,인천공항2터미널,3861,3563,7424
2022-07-08,공항철도,청라국제도시,7900,7472,15372
2022-07-08,공항철도,홍대입구,12266,12726,24992
2022-07-08,과천선,경마공원,8935,9140,18075
2022-07-08,과천선,과천,7051,6543,13594
2022-07-08,과천선,대공원,3650,3758,7408
2022-07-08,과천선,범계,29263,29377,58640
2022-07-08,과천선,선바위,8904,7586,16490
2022-07-08,과천선,인덕원,26765,27308,54073
2022-07-08,과천선,정부과천청사,11881,11504,23385
2022-07-08,과천선,평촌,19358,18962,38320
2022-07-08,분당선,가천대,7485,7879,15364
2022-07-08,분당선,강남구청,10544,12242,22786
2022-07-08,분당선,개포동,4444,4526,8970
2022-07-08,분당선,구룡,2585,2287,4872
2022-07-08,분당선,구성,5503,5614,11117
2022-07-08,분당선,기흥,10865,10128,20993
2022-07-08,분당선,대모산입구,4978,4588,9566
2022-07-08,분당선,도곡,8029,7778,15807
2022-07-08,분당선,망포,16970,15436,32406
2022-07-08,분당선,매교,3485,3402,6887
2022-07-08,분당선,매탄권선,5925,5596,11521
2022-07-08,분당선,모란,21172,21751,42923
2022-07-08,분당선,미금,17066,18056,35122
2022-07-08,분당선,보정,2958,2589,5547
2022-07-08,분당선,복정,1,0,1
2022-07-08,분당선,상갈,5950,5596,11546
2022-07-08,분당선,서울숲,12478,12710,25188
2022-07-08,분당선,서현,28695,29273,57968
2022-07-08,분당선,선릉,14606,22641,37247
2022-07-08,분당선,선정릉,8544,9117,17661
2022-07-08,분당선,수내,15219,15188,30407
2022-07-08,분당선,수서,15809,16535,32344
2022-07-08,분당선,수원,9035,7936,16971
2022-07-08,분당선,수원시청,13964,16525,30489
2022-07-08,분당선,신갈,5084,4895,9979
2022-07-08,분당선,압구정로데오,21846,26043,47889
2022-07-08,분당선,야탑,28635,30466,59101
2022-07-08,분당선,영통,9533,9715,19248
2022-07-08,분당선,오리,13078,10716,23794
2022-07-08,분당선,이매,6609,5944,12553
2022-07-08,분당선,정자,20764,21887,42651
2022-07-08,분당선,죽전,14821,16018,30839
2022-07-08,분당선,청명,5025,4545,9570
2022-07-08,분당선,태평,14605,13586,28191
2022-07-08,분당선,한티,16804,17383,34187
2022-07-08,수인선,고색,4955,4478,9433
2022-07-08,수인선,남동인더스파크,2415,2730,5145
2022-07-08,수인선,달월,110,72,182
2022-07-08,수인선,사리,5316,4427,9743
2022-07-08,수인선,소래포구,5061,4757,9818
2022-07-08,수인선,송도,2684,2399,5083
2022-07-08,수인선,숭의,4283,3908,8191
2022-07-08,수인선,신포,2020,2086,4106
2022-07-08,수인선,야목,432,314,746
2022-07-08,수인선,어천,936,863,1799
2022-07-08,수인선,연수,5205,5260,10465
2022-07-08,수인선,오목천,3482,3026,6508
2022-07-08,수인선,원인재,4768,4904,9672
2022-07-08,수인선,월곶,3075,2887,5962
2022-07-08,수인선,인천,1181,1795,2976
2022-07-08,수인선,인천논현,6001,6437,12438
2022-07-08,수인선,인하대,6373,5914,12287
2022-07-08,수인선,호구포,4529,4583,9112
2022-07-08,신림선,관악산,2577,2513,5090
2022-07-08,신림선,당곡,3858,3592,7450
2022-07-08,신림선,대방,2125,1515,3640
2022-07-08,신림선,보라매,2966,2588,5554
2022-07-08,신림선,보라매공원,1817,1937,3754
2022-07-08,신림선,보라매병원,5965,6405,12370
2022-07-08,신림선,샛강,2136,2815,4951
2022-07-08,신림선,서울대벤처타운,6743,6518,13261
2022-07-08,신림선,서울지방병무청,2352,2506,4858
2022-07-08,신림선,서원,2942,2459,5401
2022-07-08,신림선,신림,1650,2156,3806
2022-07-08,안산선,고잔,9625,8995,18620
2022-07-08,안산선,대야미,5591,4752,10343
2022-07-08,안산선,반월,4866,4528,9394
2022-07-08,안산선,산본,17357,19065,36422
2022-07-08,안산선,상록수,16593,16779,33372
2022-07-08,안산선,수리산,4502,3532,8034
2022-07-08,안산선,신길온천,1997,1770,3767
2022-07-08,안산선,안산,12330,11539,23869
2022-07-08,안산선,오이도,9068,8763,17831
2022-07-08,안산선,정왕,8874,9039,17913
2022-07-08,안산선,중앙,19396,20920,40316
2022-07-08,안산선,초지,5192,5176,10368
2022-07-08,안산선,한대앞,10045,9819,19864
2022-07-08,우이신설선,4.19민주묘지,3134,2829,5963
2022-07-08,우이신설선,가오리,4563,4513,9076
2022-07-08,우이신설선,보문,1609,1600,3209
2022-07-08,우이신설선,북한산보국문,6384,5884,12268
2022-07-08,우이신설선,북한산우이,3141,2846,5987
2022-07-08,우이신설선,삼양,2132,2280,4412
2022-07-08,우이신설선,삼양사거리,2682,2650,5332
2022-07-08,우이신설선,성신여대입구,3814,4193,8007
2022-07-08,우이신설선,솔밭공원,2656,2475,5131
2022-07-08,우이신설선,솔샘,6424,5913,12337
2022-07-08,우이신설선,신설동,2313,2233,4546
2022-07-08,우이신설선,정릉,4974,4518,9492
2022-07-08,우이신설선,화계,3737,3467,7204
2022-07-08,일산선,대곡,2394,1881,4275
2022-07-08,일산선,대화,14422,11205,25627
2022-07-08,일산선,마두,8299,8494,16793
2022-07-08,일산선,백석,10712,10628,21340
2022-07-08,일산선,삼송,21240,20192,41432
2022-07-08,일산선,원당,12067,11021,23088
2022-07-08,일산선,원흥,11884,10967,22851
2022-07-08,일산선,정발산,8248,8728,16976
2022-07-08,일산선,주엽,10203,10158,20361
2022-07-08,일산선,화정,18046,18462,36508
2022-07-08,장항선,배방,1286,1169,2455
2022-07-08,장항선,봉명,1347,1297,2644
2022-07-08,장항선,신창,1592,1300,2892
2022-07-08,장항선,쌍용,2305,2052,4357
2022-07-08,장항선,아산,3661,3849,7510
2022-07-08,장항선,온양온천,3849,4056,7905
2022-07-08,장항선,탕정,1045,896,1941
2022-07-08,중앙선,구리,14504,14682,29186
2022-07-08,중앙선,국수,781,862,1643
2022-07-08,중앙선,덕소,6062,5905,11967
2022-07-08,중앙선,도농,11936,10654,22590
2022-07-08,중앙선,도심,2625,2081,4706
2022-07-08,중앙선,망우,8666,8347,17013
2022-07-08,중앙선,상봉,6369,6259,12628
2022-07-08,중앙선,신원,210,166,376
2022-07-08,중앙선,아신,639,675,1314
2022-07-08,중앙선,양수,2167,2262,4429
2022-07-08,중앙선,양원,3424,3195,6619
2022-07-08,중앙선,양정,727,677,1404
2022-07-08,중앙선,양평,3908,4172,8080
2022-07-08,중앙선,오빈,346,345,691
2022-07-08,중앙선,용문,2043,2182,4225
2022-07-08,중앙선,운길산,806,790,1596
2022-07-08,중앙선,원덕,400,403,803
2022-07-08,중앙선,중랑,6329,5830,12159
2022-07-08,중앙선,지평,73,92,165
2022-07-08,중앙선,팔당,927,977,1904
2022-07-08,중앙선,회기,26872,25374,52246
2022-07-11,1호선,동대문,11009,10566,21575
2022-07-11,1호선,동묘앞,7440,7673,15113
2022-07-11,1호선,서울역,46309,45502,91811
2022-07-11,1호선,시청,23460,23939,47399
2022-07-11,1호선,신설동,14129,13681,27810
2022-07-11,1호선,제기동,16884,17249,34133
2022-07-11,1호선,종각,38293,37796,76089
2022-07-11,1호선,종로3가,26288,24204,50492
2022-07-11,1호선,종로5가,23018,22893,45911
2022-07-11,1호선,청량리,19615,19512,39127
2022-07-11,2호선,강남,88595,85799,174394
2022-07-11,2호선,강변,32278,30194,62472
2022-07-11,2호선,건대입구,33908,36428,70336
2022-07-11,2호선,교대,35835,40830,76665
2022-07-11,2호선,구로디지털단지,62259,62572,124831
2022-07-11,2호선,구의,23953,23822,47775
2022-07-11,2호선,낙성대,28025,27491,55516
2022-07-11,2호선,당산,18173,21867,40040
2022-07-11,2호선,대림,24706,25189,49895
2022-07-11,2호선,도림천,1560,1647,3207
2022-07-11,2호선,동대문역사문화공원,12387,14354,26741
2022-07-11,2호선,뚝섬,22419,24238,46657
2022-07-11,2호선,문래,22982,23807,46789
2022-07-11,2호선,방배,16705,17448,34153
2022-07-11,2호선,봉천,24498,23170,47668
2022-07-11,2호선,사당,36446,38424,74870
2022-07-11,2호선,삼성,52666,53470,106136
2022-07-11,2호선,상왕십리,14733,14388,29121
2022-07-11,2호선,서울대입구,47782,47363,95145
2022-07-11,2호선,서초,23370,22336,45706
2022-07-11,2호선,선릉,62105,54965,117070
2022-07-11,2호선,성수,38361,41393,79754
2022-07-11,2호선,시청,24418,23784,48202
2022-07-11,2호선,신답,1731,2045,3776
2022-07-11,2호선,신당,13974,14273,28247
2022-07-11,2호선,신대방,25895,25113,51008
2022-07-11,2호선,신도림,47048,45907,92955
2022-07-11,2호선,신림,58717,56574,115291
2022-07-11,2호선,신설동,3424,3404,6828
2022-07-11,2호선,신정네거리,10617,10838,21455
2022-07-11,2호선,신촌,35558,36324,71882
2022-07-11,2호선,아현,10646,10049,20695
2022-07-11,2호선,양천구청,7192,7433,14625
2022-07-11,2호선,역삼,58423,65302,123725
2022-07-11,2호선,영등포구청,23356,24115,47471
2022-07-11,2호선,왕십리,16082,13328,29410
2022-07-11,2호선,용답,2883,2765,5648
2022-07-11,2호선,용두,2447,2444,4891
2022-07-11,2호선,을지로3가,24052,24503,48555
2022-07-11,2호선,을지로4가,13350,13574,26924
2022-07-11,2호선,을지로입구,39390,40792,80182
2022-07-11,2호선,이대,14108,15210,29318
2022-07-11,2호선,잠실,70266,70799,141065
2022-07-11,2호선,잠실나루,15429,15187,30616
2022-07-11,2호선,잠실새내,22079,21929,44008
2022-07-11,2호선,종합운동장,7337,8158,15495
2022-07-11,2호선,충정로,10499,11039,21538
2022-07-11,2호선,한양대,9191,9871,19062
2022-07-11,2호선,합정,30293,32171,62464
2022-07-11,2호선,홍대입구,55597,58626,114223
2022-07-11,3호선,가락시장,9307,9117,18424
2022-07-11,3호선,경복궁,20973,21172,42145
2022-07-11,3호선,경찰병원,7926,7911,15837
2022-07-11,3호선,고속터미널,42728,40186,82914
2022-07-11,3호선,교대,15337,10069,25406
2022-07-11,3호선,구파발,21967,21212,43179
2022-07-11,3호선,금호,8077,7522,15599
2022-07-11,3호선,남부터미널,29275,29899,59174
2022-07-11,3호선,녹번,16080,14636,30716
2022-07-11,3호선,대청,11053,10280,21333
2022-07-11,3호선,대치,11649,11896,23545
2022-07-11,3호선,도곡,5700,5765,11465
2022-07-11,3호선,독립문,6960,7026,13986
2022-07-11,3호선,동대입구,7533,7988,15521
2022-07-11,3호선,매봉,13369,12975,26344
2022-07-11,3호선,무악재,4087,4149,8236
2022-07-11,3호선,불광,16302,17385,33687
2022-07-11,3호선,수서,17582,18111,35693
2022-07-11,3호선,신사,29541,31024,60565
2022-07-11,3호선,안국,22789,22891,45680
2022-07-11,3호선,압구정,34065,36323,70388
2022-07-11,3호선,약수,13433,13149,26582
2022-07-11,3호선,양재,39016,42726,81742
2022-07-11,3호선,연신내,36940,35139,72079
2022-07-11,3호선,오금,6563,5886,12449
2022-07-11,3호선,옥수,9105,9460,18565
2022-07-11,3호선,을지로3가,11168,11143,22311
2022-07-11,3호선,일원,11284,10963,22247
2022-07-11,3호선,잠원,5035,4915,9950
2022-07-11,3호선,종로3가,10434,11893,22327
2022-07-11,3호선,지축,5557,5270,10827
2022-07-11,3호선,충무로,1,0,1
2022-07-11,3호선,학여울,1901,1933,3834
2022-07-11,3호선,홍제,18049,17076,35125
2022-07-11,4호선,길음,20737,20558,41295
2022-07-11,4호선,남태령,1241,1116,2357
2022-07-11,4호선,노원,18091,20416,38507
2022-07-11,4호선,당고개,9101,7961,17062
2022-07-11,4호선,동대문,21453,21655,43108
2022-07-11,4호선,동대문역사문화공원,15694,13782,29476
2022-07-11,4호선,동작,1292,1410,2702
2022-07-11,4호선,명동,20197,20453,40650
2022-07-11,4호선,미아,15170,14668,29838
2022-07-11,4호선,미아사거리,26545,25824,52369
2022-07-11,4호선,사당,21909,18374,40283
2022-07-11,4호선,삼각지,5113,5655,10768
2022-07-11,4호선,상계,19467,18000,37467
2022-07-11,4호선,서울역,12067,17631,29698
2022-07-11,4호선,성신여대입구,19307,18603,37910
2022-07-11,4호선,수유,33594,33679,67273
2022-07-11,4호선,숙대입구,13258,12828,26086
2022-07-11,4호선,신용산,18157,18567,36724
2022-07-11,4호선,쌍문,28952,27030,55982
2022-07-11,4호선,이촌,8266,9103,17369
2022-07-11,4호선,창동,25453,27109,52562
2022-07-11,4호선,총신대입구,19192,20872,40064
2022-07-11,4호선,충무로,27021,28222,55243
2022-07-11,4호선,한성대입구,13094,12788,25882
2022-07-11,4호선,혜화,31243,31206,62449
2022-07-11,4호선,회현,25908,26353,52261
2022-07-11,5호선,강동,19164,18599,37763
2022-07-11,5호선,강일,4641,4549,9190
2022-07-11,5호선,개롱,6989,7162,14151
2022-07-11,5호선,개화산,5997,5661,11658
2022-07-11,5호선,거여,10811,10424,21235
2022-07-11,5호선,고덕,10309,10243,20552
2022-07-11,5호선,공덕,15221,16040,31261
2022-07-11,5호선,광나루,13374,12110,25484
2022-07-11,5호선,광화문,31222,32605,63827
2022-07-11,5호선,군자,11191,12242,23433
2022-07-11,5호선,굽은다리,9926,9618,19544
2022-07-11,5호선,길동,8296,8728,17024
2022-07-11,5호선,김포공항,7795,7455,15250
2022-07-11,5호선,까치산,29627,28362,57989
2022-07-11,5호선,답십리,16496,15070,31566
2022-07-11,5호선,동대문역사문화공원,3322,3697,7019
2022-07-11,5호선,둔촌동,8238,8283,16521
2022-07-11,5호선,마곡,11332,11409,22741
2022-07-11,5호선,마장,5735,5448,11183
2022-07-11,5호선,마천,7638,7298,14936
2022-07-11,5호선,마포,14971,15509,30480
2022-07-11,5호선,명일,9006,9362,18368
2022-07-11,5호선,목동,17580,18796,36376
2022-07-11,5호선,미사,16736,17008,33744
2022-07-11,5호선,발산,21972,22692,44664
2022-07-11,5호선,방이,7200,7532,14732
2022-07-11,5호선,방화,7111,6796,13907
2022-07-11,5호선,상일동,15689,14378,30067
2022-07-11,5호선,서대문,20735,21184,41919
2022-07-11,5호선,송정,6850,6340,13190
2022-07-11,5호선,신금호,6761,7024,13785
2022-07-11,5호선,신길,4526,4670,9196
2022-07-11,5호선,신정,14458,11855,26313
2022-07-11,5호선,아차산,14462,13843,28305
2022-07-11,5호선,애오개,7077,7022,14099
2022-07-11,5호선,양평,7940,7983,15923
2022-07-11,5호선,여의나루,9958,10683,20641
2022-07-11,5호선,여의도,29582,31663,61245
2022-07-11,5호선,영등포구청,4283,4401,8684
2022-07-11,5호선,영등포시장,10421,10873,21294
2022-07-11,5호선,오금,4034,4102,8136
2022-07-11,5호선,오목교,22638,24085,46723
2022-07-11,5호선,올림픽공원,4391,3864,8255
2022-07-11,5호선,왕십리,4623,5390,10013
2022-07-11,5호선,우장산,15366,15120,30486
2022-07-11,5호선,을지로4가,6398,6427,12825
2022-07-11,5호선,장한평,19222,19110,38332
2022-07-11,5호선,종로3가,12632,12406,25038
2022-07-11,5호선,천호,17020,17521,34541
2022-07-11,5호선,청구,4108,3707,7815
2022-07-11,5호선,충정로,4619,4743,9362
2022-07-11,5호선,하남검단산,6039,5748,11787
2022-07-11,5호선,하남시청,7333,7068,14401
2022-07-11,5호선,하남풍산,4542,4399,8941
2022-07-11,5호선,행당,8501,7618,16119
2022-07-11,5호선,화곡,29350,27242,56592
2022-07-11,6호선,고려대,8502,8360,16862
2022-07-11,6호선,공덕,19577,18806,38383
2022-07-11,6호선,광흥창,9704,9401,19105
2022-07-11,6호선,구산,8569,6411,14980
2022-07-11,6호선,녹사평,4527,4504,9031
2022-07-11,6호선,대흥,8795,9187,17982
2022-07-11,6호선,독바위,2932,3060,5992
2022-07-11,6호선,돌곶이,9708,8910,18618
2022-07-11,6호선,동묘앞,7837,8196,16033
2022-07-11,6호선,디지털미디어시티,15310,16994,32304
2022-07-11,6호선,마포구청,14720,13373,28093
2022-07-11,6호선,망원,13538,14382,27920
2022-07-11,6호선,버티고개,2150,2183,4333
2022-07-11,6호선,보문,7749,7066,14815
2022-07-11,6호선,봉화산,9317,8783,18100
2022-07-11,6호선,불광,4425,4539,8964
2022-07-11,6호선,삼각지,6607,5995,12602
2022-07-11,6호선,상수,8271,9191,17462
2022-07-11,6호선,상월곡,6348,5681,12029
2022-07-11,6호선,새절,13028,12086,25114
2022-07-11,6호선,석계,12338,13006,25344
2022-07-11,6호선,신당,8007,8728,16735
2022-07-11,6호선,안암,11308,11406,22714
2022-07-11,6호선,약수,3809,3723,7532
2022-07-11,6호선,역촌,3972,4341,8313
2022-07-11,6호선,연신내,1,0,1
2022-07-11,6호선,월곡,11937,11811,23748
2022-07-11,6호선,월드컵경기장,5814,6071,11885
2022-07-11,6호선,응암,18186,18093,36279
2022-07-11,6호선,이태원,9920,10330,20250
2022-07-11,6호선,증산,10216,10227,20443
2022-07-11,6호선,창신,3793,3063,6856
2022-07-11,6호선,청구,3665,3908,7573
2022-07-11,6호선,태릉입구,5566,6021,11587
2022-07-11,6호선,한강진,6945,7938,14883
2022-07-11,6호선,합정,13021,12848,25869
2022-07-11,6호선,화랑대,12106,9453,21559
2022-07-11,6호선,효창공원앞,7128,6441,13569
2022-07-11,7호선,가산디지털단지,48381,48254,96635
2022-07-11,7호선,강남구청,17032,18740,35772
2022-07-11,7호선,건대입구,12481,13117,25598
2022-07-11,7호선,고속터미널,16786,13901,30687
2022-07-11,7호선,공릉,12173,12080,24253
2022-07-11,7호선,광명사거리,22289,21943,44232
2022-07-11,7호선,군자,15194,12274,27468
2022-07-11,7호선,남구로,16675,17408,34083
2022-07-11,7호선,남성,11603,10914,22517
2022-07-11,7호선,내방,15456,15744,31200
2022-07-11,7호선,노원,19831,20787,40618
2022-07-11,7호선,논현,19714,20915,40629
2022-07-11,7호선,대림,8416,8393,16809
2022-07-11,7호선,도봉산,8997,10127,19124
2022-07-11,7호선,뚝섬유원지,8290,7995,16285
2022-07-11,7호선,마들,13531,12783,26314
2022-07-11,7호선,먹골,10327,10369,20696
2022-07-11,7호선,면목,15414,14990,30404
2022-07-11,7호선,반포,6168,6106,12274
2022-07-11,7호선,보라매,8326,8535,16861
2022-07-11,7호선,사가정,16457,16571,33028
2022-07-11,7호선,상도,11319,10962,22281
2022-07-11,7호선,상봉,16854,16060,32914
2022-07-11,7호선,수락산,13104,12921,26025
2022-07-11,7호선,숭실대입구,12403,12729,25132
2022-07-11,7호선,신대방삼거리,15876,15431,31307
2022-07-11,7호선,신풍,12137,11686,23823
2022-07-11,7호선,어린이대공원,13162,12993,26155
2022-07-11,7호선,온수,10669,9740,20409
2022-07-11,7호선,용마산,6101,6013,12114
2022-07-11,7호선,이수,16523,16134,32657
2022-07-11,7호선,장승배기,9561,9394,18955
2022-07-11,7호선,장암,2472,907,3379
2022-07-11,7호선,중계,15364,13986,29350
2022-07-11,7호선,중곡,11287,10630,21917
2022-07-11,7호선,중화,11028,10930,21958
2022-07-11,7호선,천왕,12105,11646,23751
2022-07-11,7호선,철산,21626,21910,43536
2022-07-11,7호선,청담,21001,23018,44019
2022-07-11,7호선,태릉입구,8544,8000,16544
2022-07-11,7호선,하계,18611,17523,36134
2022-07-11,7호선,학동,25405,26719,52124
2022-07-11,8호선,가락시장,7773,8730,16503
2022-07-11,8호선,강동구청,10930,11264,22194
2022-07-11,8호선,남위례,5573,5749,11322
2022-07-11,8호선,남한산성입구,13945,12516,26461
2022-07-11,8호선,단대오거리,10707,10584,21291
2022-07-11,8호선,모란,4688,3655,8343
2022-07-11,8호선,몽촌토성,6224,6391,12615
2022-07-11,8호선,문정,23281,24560,47841
2022-07-11,8호선,복정,9294,7861,17155
2022-07-11,8호선,산성,5442,5503,10945
2022-07-11,8호선,석촌,7676,8784,16460
2022-07-11,8호선,송파,9034,9101,18135
2022-07-11,8호선,수진,5582,5244,10826
2022-07-11,8호선,신흥,4278,4762,9040
2022-07-11,8호선,암사,19439,17088,36527
2022-07-11,8호선,잠실,15010,17567,32577
2022-07-11,8호선,장지,17585,16808,34393
2022-07-11,8호선,천호,14444,16124,30568
2022-07-11,9호선,가양,22275,21757,44032
2022-07-11,9호선,개화,2954,1980,4934
2022-07-11,9호선,고속터미널,13044,16726,29770
2022-07-11,9호선,공항시장,3116,3425,6541
2022-07-11,9호선,구반포,1313,1356,2669
2022-07-11,9호선,국회의사당,17341,18126,35467
2022-07-11,9호선,김포공항,7705,11400,19105
2022-07-11,9호선,노들,4755,3901,8656
2022-07-11,9호선,노량진,25628,25418,51046
2022-07-11,9호선,당산,18868,19542,38410
2022-07-11,9호선,동작,1883,1484,3367
2022-07-11,9호선,등촌,12392,11943,24335
2022-07-11,9호선,마곡나루,13023,12930,25953
2022-07-11,9호선,사평,4069,3919,7988
2022-07-11,9호선,샛강,6503,6735,13238
2022-07-11,9호선,선유도,9516,9206,18722
2022-07-11,9호선,신논현,31840,31538,63378
2022-07-11,9호선,신목동,4650,3939,8589
2022-07-11,9호선,신반포,3749,3695,7444
2022-07-11,9호선,신방화,7358,7255,14613
2022-07-11,9호선,양천향교,9946,10400,20346
2022-07-11,9호선,여의도,29416,28882,58298
2022-07-11,9호선,염창,17985,17460,35445
2022-07-11,9호선,증미,7971,7935,15906
2022-07-11,9호선,흑석,8540,8965,17505
2022-07-11,9호선2~3단계,둔촌오륜,1323,1196,2519
2022-07-11,9호선2~3단계,봉은사,18203,18578,36781
2022-07-11,9호선2~3단계,삼성중앙,8103,8574,16677
2022-07-11,9호선2~3단계,삼전,7255,7007,14262
2022-07-11,9호선2~3단계,석촌,9001,7933,16934
2022-07-11,9호선2~3단계,석촌고분,6518,6409,12927
2022-07-11,9호선2~3단계,선정릉,10643,11735,22378
2022-07-11,9호선2~3단계,송파나루,5130,5615,10745
2022-07-11,9호선2~3단계,언주,11503,11903,23406
2022-07-11,9호선2~3단계,올림픽공원,6340,6332,12672
2022-07-11,9호선2~3단계,종합운동장,4437,4509,8946
2022-07-11,9호선2~3단계,중앙보훈병원,11906,10594,22500
2022-07-11,9호선2~3단계,한성백제,2785,2532,5317
2022-07-11,경강선,경기광주,8024,7483,15507
2022-07-11,경강선,곤지암,2211,2219,4430
2022-07-11,경강선,부발,2126,2112,4238
2022-07-11,경강선,삼동,2473,2349,4822
2022-07-11,경강선,세종대왕릉,376,347,723
2022-07-11,경강선,신둔도예촌,1517,1458,2975
2022-07-11,경강선,여주,2256,2201,4457
2022-07-11,경강선,이매,1216,1103,2319
2022-07-11,경강선,이천,2629,2780,5409
2022-07-11,경강선,초월,3403,3279,6682
2022-07-11,경강선,판교,4955,4783,9738
2022-07-11,경부선,가산디지털단지,19704,22735,42439
2022-07-11,경부선,관악,7307,6914,14221
2022-07-11,경부선,광명,3815,3173,6988
2022-07-11,경부선,구로,19574,19383,38957
2022-07-11,경부선,군포,7883,7823,15706
2022-07-11,경부선,금정,27707,28219,55926
2022-07-11,경부선,금천구청,11739,11702,23441
2022-07-11,경부선,남영,9765,10281,20046
2022-07-11,경부선,노량진,7841,7555,15396
2022-07-11,경부선,당정,6488,6143,12631
2022-07-11,경부선,대방,11579,12567,24146
2022-07-11,경부선,독산,19432,20198,39630
2022-07-11,경부선,두정,5242,5342,10584
2022-07-11,경부선,명학,9479,9317,18796
2022-07-11,경부선,병점,14385,14263,28648
2022-07-11,경부선,서동탄,1446,1247,2693
2022-07-11,경부선,서울역,7613,2198,9811
2022-07-11,경부선,서정리,7007,6917,13924
2022-07-11,경부선,석수,9765,8680,18445
2022-07-11,경부선,성균관대,16148,16829,32977
2022-07-11,경부선,성환,3321,3508,6829
2022-07-11,경부선,세류,3080,2804,5884
2022-07-11,경부선,세마,2957,2835,5792
2022-07-11,경부선,송탄,4268,4241,8509
2022-07-11,경부선,수원,34650,37008,71658
2022-07-11,경부선,신길,9424,8146,17570
2022-07-11,경부선,신도림,4110,4193,8303
2022-07-11,경부선,안양,22382,22201,44583
2022-07-11,경부선,영등포,37596,39156,76752
2022-07-11,경부선,오산,9522,9873,19395
2022-07-11,경부선,오산대,3437,3175,6612
2022-07-11,경부선,용산,37453,38183,75636
2022-07-11,경부선,의왕,9351,9203,18554
2022-07-11,경부선,직산,865,814,1679
2022-07-11,경부선,진위,1868,1679,3547
2022-07-11,경부선,천안,5126,5386,10512
2022-07-11,경부선,평택,11453,11327,22780
2022-07-11,경부선,평택지제,3920,3832,7752
2022-07-11,경부선,화서,8886,8791,17677
2022-07-11,경원선,가능,7071,6804,13875
2022-07-11,경원선,광운대,7636,7417,15053
2022-07-11,경원선,녹양,4795,4558,9353
2022-07-11,경원선,녹천,5039,4070,9109
2022-07-11,경원선,덕계,3415,3053,6468
2022-07-11,경원선,덕정,5543,5326,10869
2022-07-11,경원선,도봉,6202,6011,12213
2022-07-11,경원선,도봉산,7237,4646,11883
2022-07-11,경원선,동두천,2302,2505,4807
2022-07-11,경원선,동두천중앙,3317,3194,6511
2022-07-11,경원선,망월사,7991,8155,16146
2022-07-11,경원선,방학,10130,9891,20021
2022-07-11,경원선,보산,1709,1398,3107
2022-07-11,경원선,서빙고,2094,1845,3939
2022-07-11,경원선,석계,8010,9067,17077
2022-07-11,경원선,소요산,2906,2408,5314
2022-07-11,경원선,신이문,8653,7926,16579
2022-07-11,경원선,양주,7880,7313,15193
2022-07-11,경원선,옥수,48,48,96
2022-07-11,경원선,왕십리,14795,16419,31214
2022-07-11,경원선,외대앞,7426,7463,14889
2022-07-11,경원선,월계,6703,6372,13075
2022-07-11,경원선,응봉,1978,1723,3701
2022-07-11,경원선,의정부,18648,19033,37681
2022-07-11,경원선,이촌,4036,3132,7168
2022-07-11,경원선,지행,6760,6733,13493
2022-07-11,경원선,청량리,14555,15011,29566
2022-07-11,경원선,한남,4122,3903,8025
2022-07-11,경원선,회룡,12982,12849,25831
2022-07-11,경의선,가좌,5855,5635,11490
2022-07-11,경의선,강매,3379,2907,6286
2022-07-11,경의선,곡산,671,707,1378
2022-07-11,경의선,공덕,3819,3494,7313
2022-07-11,경의선,금릉,5082,4907,9989
2022-07-11,경의선,금촌,7020,6941,13961
2022-07-11,경의선,능곡,4024,3720,7744
2022-07-11,경의선,디지털미디어시티,2712,2440,5152
2022-07-11,경의선,문산,5587,5463,11050
2022-07-11,경의선,백마,7326,6960,14286
2022-07-11,경의선,서강대,2242,2204,4446
2022-07-11,경의선,서울역,4829,6262,11091
2022-07-11,경의선,수색,3078,3274,6352
2022-07-11,경의선,신촌,934,1215,2149
2022-07-11,경의선,야당,8096,7958,16054
2022-07-11,경의선,운정,7326,6759,14085
2022-07-11,경의선,월롱,2829,2741,5570
2022-07-11,경의선,일산,10114,9819,19933
2022-07-11,경의선,임진강,12,7,19
2022-07-11,경의선,탄현,8338,7878,16216
2022-07-11,경의선,파주,1251,778,2029
2022-07-11,경의선,풍산,5791,5349,11140
2022-07-11,경의선,행신,8578,8414,16992
2022-07-11,경의선,홍대입구,1717,2066,3783
2022-07-11,경의선,화전,2019,1901,3920
2022-07-11,경의선,효창공원앞,3103,3555,6658
2022-07-11,경인선,간석,6196,5801,11997
2022-07-11,경인선,개봉,21693,21457,43150
2022-07-11,경인선,구일,6535,6452,12987
2022-07-11,경인선,도원,3828,3584,7412
2022-07-11,경인선,도화,4332,3952,8284
2022-07-11,경인선,동암,15962,15620,31582
2022-07-11,경인선,동인천,13757,13242,26999
2022-07-11,경인선,백운,7158,6933,14091
2022-07-11,경인선,부개,9135,8452,17587
2022-07-11,경인선,부천,32476,32099,64575
2022-07-11,경인선,부평,29549,31049,60598
2022-07-11,경인선,소사,8553,8573,17126
2022-07-11,경인선,송내,28339,27989,56328
2022-07-11,경인선,역곡,27694,27792,55486
2022-07-11,경인선,오류동,12305,11404,23709
2022-07-11,경인선,온수,7080,6578,13658
2022-07-11,경인선,인천,3609,2744,6353
2022-07-11,경인선,제물포,11029,10543,21572
2022-07-11,경인선,주안,19272,17530,36802
2022-07-11,경인선,중동,9884,9204,19088
2022-07-11,경춘선,가평,2253,2593,4846
2022-07-11,경춘선,갈매,3265,2770,6035
2022-07-11,경춘선,강촌,512,547,1059
2022-07-11,경춘선,굴봉산,163,139,302
2022-07-11,경춘선,금곡,1576,1543,3119
2022-07-11,경춘선,김유정,329,310,639
2022-07-11,경춘선,남춘천,2439,2526,4965
2022-07-11,경춘선,대성리,903,997,1900
2022-07-11,경춘선,마석,4048,3959,8007
2022-07-11,경춘선,백양리,103,97,200
2022-07-11,경춘선,별내,3295,3067,6362
2022-07-11,경춘선,사릉,2511,2393,4904
2022-07-11,경춘선,상천,266,276,542
2022-07-11,경춘선,신내,2382,2206,4588
2022-07-11,경춘선,천마산,1724,1598,3322
2022-07-11,경춘선,청평,1901,1930,3831
2022-07-11,경춘선,춘천,1263,1176,2439
2022-07-11,경춘선,퇴계원,3809,3418,7227
2022-07-11,경춘선,평내호평,6615,6321,12936
2022-07-11,공항철도,검암,6961,6813,13774
2022-07-11,공항철도,계양,11620,10652,22272
2022-07-11,공항철도,공덕,2546,3396,5942
2022-07-11,공항철도,공항화물청사,2425,2600,5025
2022-07-11,공항철도,김포공항,12049,7184,19233
2022-07-11,공항철도,디지털미디어시티,15463,14195,29658
2022-07-11,공항철도,마곡나루,9926,9637,19563
2022-07-11,공항철도,서울역,9342,8067,17409
2022-07-11,공항철도,영종,3601,3505,7106
2022-07-11,공항철도,운서,7661,7897,15558
2022-07-11,공항철도,인천공항1터미널,7666,7167,14833
2022-07-11,공항철도,인천공항2터미널,3765,3258,7023
2022-07-11,공항철도,청라국제도시,7650,6985,14635
2022-07-11,공항철도,홍대입구,10271,10432,20703
2022-07-11,과천선,경마공원,926,890,1816
2022-07-11,과천선,과천,6560,6222,12782
2022-07-11,과천선,대공원,2296,2339,4635
2022-07-11,과천선,범계,25934,25917,51851
2022-07-11,과천선,선바위,8325,7122,15447
2022-07-11,과천선,인덕원,24414,25503,49917
2022-07-11,과천선,정부과천청사,11606,11394,23000
2022-07-11,과천선,평촌,18582,18436,37018
2022-07-11,분당선,가천대,7028,7979,15007
2022-07-11,분당선,강남구청,10041,11763,21804
2022-07-11,분당선,개포동,4257,4317,8574
2022-07-11,분당선,구룡,2456,2325,4781
2022-07-11,분당선,구성,5240,5582,10822
2022-07-11,분당선,기흥,10480,9761,20241
2022-07-11,분당선,대모산입구,4988,4610,9598
2022-07-11,분당선,도곡,7671,7756,15427
2022-07-11,분당선,망포,15005,14368,29373
2022-07-11,분당선,매교,3359,3266,6625
2022-07-11,분당선,매탄권선,5439,5171,10610
2022-07-11,분당선,모란,19871,20048,39919
2022-07-11,분당선,미금,16136,17019,33155
2022-07-11,분당선,보정,2864,2489,5353
2022-07-11,분당선,상갈,5536,5353,10889
2022-07-11,분당선,서울숲,11020,11244,22264
2022-07-11,분당선,서현,24969,25511,50480
2022-07-11,분당선,선릉,14737,22484,37221
2022-07-11,분당선,선정릉,8792,9254,18046
2022-07-11,분당선,수내,14189,13989,28178
2022-07-11,분당선,수서,14417,14763,29180
2022-07-11,분당선,수원,8116,6711,14827
2022-07-11,분당선,수원시청,12865,13890,26755
2022-07-11,분당선,신갈,4972,4846,9818
2022-07-11,분당선,압구정로데오,18103,19676,37779
2022-07-11,분당선,야탑,26710,27636,54346
2022-07-11,분당선,영통,8375,8788,17163
2022-07-11,분당선,오리,12412,10217,22629
2022-07-11,분당선,이매,6048,5477,11525
2022-07-11,분당선,정자,19101,20303,39404
2022-07-11,분당선,죽전,13547,15000,28547
2022-07-11,분당선,청명,4506,4406,8912
2022-07-11,분당선,태평,13670,13104,26774
2022-07-11,분당선,한티,14479,15604,30083
2022-07-11,수인선,고색,4866,4638,9504
2022-07-11,수인선,남동인더스파크,2366,2656,5022
2022-07-11,수인선,달월,130,81,211
2022-07-11,수인선,사리,4912,4173,9085
2022-07-11,수인선,소래포구,4955,4568,9523
2022-07-11,수인선,송도,2483,2282,4765
2022-07-11,수인선,숭의,4202,3836,8038
2022-07-11,수인선,신포,1878,1847,3725
2022-07-11,수인선,야목,450,291,741
2022-07-11,수인선,어천,742,839,1581
2022-07-11,수인선,연수,4745,4520,9265
2022-07-11,수인선,오목천,3337,3070,6407
2022-07-11,수인선,원인재,4393,4529,8922
2022-07-11,수인선,월곶,2818,2668,5486
2022-07-11,수인선,인천,1091,1755,2846
2022-07-11,수인선,인천논현,5667,6023,11690
2022-07-11,수인선,인하대,6029,5796,11825
2022-07-11,수인선,호구포,4194,4483,8677
2022-07-11,신림선,관악산,2610,2629,5239
2022-07-11,신림선,당곡,3674,3597,7271
2022-07-11,신림선,대방,1801,1449,3250
2022-07-11,신림선,보라매,2849,2599,5448
2022-07-11,신림선,보라매공원,1802,1940,3742
2022-07-11,신림선,보라매병원,6847,6889,13736
2022-07-11,신림선,샛강,2126,2546,4672
2022-07-11,신림선,서울대벤처타운,6223,6467,12690
2022-07-11,신림선,서울지방병무청,2244,2414,4658
2022-07-11,신림선,서원,2787,2543,5330
2022-07-11,신림선,신림,1573,2091,3664
2022-07-11,안산선,고잔,9397,8798,18195
2022-07-11,안산선,대야미,5147,4601,9748
2022-07-11,안산선,반월,4571,4435,9006
2022-07-11,안산선,산본,16117,17475,33592
2022-07-11,안산선,상록수,15677,16015,31692
2022-07-11,안산선,수리산,4261,3626,7887
2022-07-11,안산선,신길온천,1863,1606,3469
2022-07-11,안산선,안산,12258,11188,23446
2022-07-11,안산선,오이도,8543,8261,16804
2022-07-11,안산선,정왕,8329,8832,17161
2022-07-11,안산선,중앙,18067,18726,36793
2022-07-11,안산선,초지,4918,4914,9832
2022-07-11,안산선,한대앞,9236,9333,18569
2022-07-11,우이신설선,4.19민주묘지,2966,2811,5777
2022-07-11,우이신설선,가오리,4441,4441,8882
2022-07-11,우이신설선,보문,1564,1549,3113
2022-07-11,우이신설선,북한산보국문,5933,5906,11839
2022-07-11,우이신설선,북한산우이,2823,2474,5297
2022-07-11,우이신설선,삼양,2120,2252,4372
2022-07-11,우이신설선,삼양사거리,2547,2559,5106
2022-07-11,우이신설선,성신여대입구,3342,3710,7052
2022-07-11,우이신설선,솔밭공원,2622,2522,5144
2022-07-11,우이신설선,솔샘,5910,5836,11746
2022-07-11,우이신설선,신설동,2256,2193,4449
2022-07-11,우이신설선,정릉,4697,4481,9178
2022-07-11,우이신설선,화계,3640,3417,7057
2022-07-11,일산선,대곡,2332,1848,4180
2022-07-11,일산선,대화,13594,10510,24104
2022-07-11,일산선,마두,8268,8332,16600
2022-07-11,일산선,백석,10109,9955,20064
2022-07-11,일산선,삼송,20233,19628,39861
2022-07-11,일산선,원당,11464,10717,22181
2022-07-11,일산선,원흥,11559,10911,22470
2022-07-11,일산선,정발산,6797,7003,13800
2022-07-11,일산선,주엽,9820,9796,19616
2022-07-11,일산선,화정,17282,17640,34922
2022-07-11,장항선,배방,1032,1037,2069
2022-07-11,장항선,봉명,1396,1389,2785
2022-07-11,장항선,신창,1337,1438,2775
2022-07-11,장항선,쌍용,2049,1918,3967
2022-07-11,장항선,아산,3080,2721,5801
2022-07-11,장항선,온양온천,3557,3624,7181
2022-07-11,장항선,탕정,862,822,1684
2022-07-11,중앙선,구리,13638,13392,27030
2022-07-11,중앙선,국수,835,818,1653
2022-07-11,중앙선,덕소,5695,5639,11334
2022-07-11,중앙선,도농,11841,10646,22487
2022-07-11,중앙선,도심,2674,2068,4742
2022-07-11,중앙선,망우,7770,7634,15404
2022-07-11,중앙선,상봉,5990,5978,11968
2022-07-11,중앙선,신원,215,181,396
2022-07-11,중앙선,아신,600,575,1175
2022-07-11,중앙선,양수,2292,2308,4600
2022-07-11,중앙선,양원,3284,3232,6516
2022-07-11,중앙선,양정,730,609,1339
2022-07-11,중앙선,양평,3041,2897,5938
2022-07-11,중앙선,오빈,335,319,654
2022-07-11,중앙선,용문,2007,1997,4004
2022-07-11,중앙선,운길산,747,727,1474
2022-07-11,중앙선,원덕,397,366,763
2022-07-11,중앙선,중랑,5814,5542,11356
2022-07-11,중앙선,지평,68,82,150
2022-07-11,중앙선,팔당,890,866,1756
2022-07-11,중앙선,회기,25145,24455,49600
2022-07-12,1호선,동대문,11382,10718,22100
2022-07-12,1호선,동묘앞,8225,8615,16840
2022-07-12,1호선,서울역,46923,46024,92947
2022-07-12,1호선,시청,25155,25451,50606
2022-07-12,1호선,신설동,14246,14050,28296
2022-07-12,1호선,제기동,18130,18413,36543
2022-07-12,1호선,종각,39419,39011,78430
2022-07-12,1호선,종로3가,26951,24697,51648
2022-07-12,1호선,종로5가,24573,24549,49122
2022-07-12,1호선,청량리,20685,20896,41581
2022-07-12,2호선,강남,92818,89754,182572
2022-07-12,2호선,강변,31622,29845,61467
2022-07-12,2호선,건대입구,35740,38632,74372
2022-07-12,2호선,교대,37653,42704,80357
2022-07-12,2호선,구로디지털단지,64089,64462,128551
2022-07-12,2호선,구의,25130,24651,49781
2022-07-12,2호선,낙성대,29247,28737,57984
2022-07-12,2호선,당산,19408,22991,42399
2022-07-12,2호선,대림,25050,25747,50797
2022-07-12,2호선,도림천,1577,1683,3260
2022-07-12,2호선,동대문역사문화공원,13052,14774,27826
2022-07-12,2호선,뚝섬,24154,26159,50313
2022-07-12,2호선,문래,24276,24747,49023
2022-07-12,2호선,방배,17623,18608,36231
2022-07-12,2호선,봉천,25309,23635,48944
2022-07-12,2호선,사당,40571,43449,84020
2022-07-12,2호선,삼성,57573,58602,116175
2022-07-12,2호선,상왕십리,15278,15065,30343
2022-07-12,2호선,서울대입구,48892,48125,97017
2022-07-12,2호선,서초,23907,23173,47080
2022-07-12,2호선,선릉,64965,57556,122521
2022-07-12,2호선,성수,40623,44196,84819
2022-07-12,2호선,시청,25987,25653,51640
2022-07-12,2호선,신답,1791,2009,3800
2022-07-12,2호선,신당,14785,15158,29943
2022-07-12,2호선,신대방,26862,26027,52889
2022-07-12,2호선,신도림,49691,49155,98846
2022-07-12,2호선,신림,60760,58497,119257
2022-07-12,2호선,신설동,3352,3357,6709
2022-07-12,2호선,신정네거리,11112,11269,22381
2022-07-12,2호선,신촌,37244,37685,74929
2022-07-12,2호선,아현,11406,10671,22077
2022-07-12,2호선,양천구청,7286,7665,14951
2022-07-12,2호선,역삼,59774,67706,127480
2022-07-12,2호선,영등포구청,24138,24644,48782
2022-07-12,2호선,왕십리,16931,13992,30923
2022-07-12,2호선,용답,2911,2747,5658
2022-07-12,2호선,용두,2537,2548,5085
2022-07-12,2호선,을지로3가,25189,25182,50371
2022-07-12,2호선,을지로4가,14292,14238,28530
2022-07-12,2호선,을지로입구,45266,46953,92219
2022-07-12,2호선,이대,14464,15407,29871
2022-07-12,2호선,잠실,76380,75782,152162
2022-07-12,2호선,잠실나루,15875,15578,31453
2022-07-12,2호선,잠실새내,23245,23342,46587
2022-07-12,2호선,종합운동장,15548,16734,32282
2022-07-12,2호선,충정로,10534,11392,21926
2022-07-12,2호선,한양대,9093,9844,18937
2022-07-12,2호선,합정,32484,34615,67099
2022-07-12,2호선,홍대입구,59262,62630,121892
2022-07-12,3호선,가락시장,9649,9401,19050
2022-07-12,3호선,경복궁,20895,20789,41684
2022-07-12,3호선,경찰병원,7989,8063,16052
2022-07-12,3호선,고속터미널,42374,40004,82378
2022-07-12,3호선,교대,15967,10373,26340
2022-07-12,3호선,구파발,22455,21754,44209
2022-07-12,3호선,금호,8416,7870,16286
2022-07-12,3호선,남부터미널,30763,31225,61988
2022-07-12,3호선,녹번,16424,14688,31112
2022-07-12,3호선,대청,11240,10497,21737
2022-07-12,3호선,대치,12034,12264,24298
2022-07-12,3호선,도곡,5747,5794,11541
2022-07-12,3호선,독립문,7313,7545,14858
2022-07-12,3호선,동대입구,8188,8586,16774
2022-07-12,3호선,매봉,13613,13088,26701
2022-07-12,3호선,무악재,4248,4155,8403
2022-07-12,3호선,불광,16995,18335,35330
2022-07-12,3호선,수서,17983,18054,36037
2022-07-12,3호선,신사,30916,32883,63799
2022-07-12,3호선,안국,23947,24892,48839
2022-07-12,3호선,압구정,35131,37541,72672
2022-07-12,3호선,약수,13778,13303,27081
2022-07-12,3호선,양재,40014,43537,83551
2022-07-12,3호선,연신내,38228,35917,74145
2022-07-12,3호선,오금,6783,6071,12854
2022-07-12,3호선,옥수,9504,9845,19349
2022-07-12,3호선,을지로3가,11584,11617,23201
2022-07-12,3호선,일원,11428,11170,22598
2022-07-12,3호선,잠원,5267,4986,10253
2022-07-12,3호선,종로3가,10627,12355,22982
2022-07-12,3호선,지축,5833,5490,11323
2022-07-12,3호선,충무로,2,0,2
2022-07-12,3호선,학여울,1918,1930,3848
2022-07-12,3호선,홍제,18204,17088,35292
2022-07-12,4호선,길음,21950,21458,43408
2022-07-12,4호선,남태령,1298,1827,3125
2022-07-12,4호선,노원,19092,21826,40918
2022-07-12,4호선,당고개,9575,8574,18149
2022-07-12,4호선,동대문,21546,22109,43655
2022-07-12,4호선,동대문역사문화공원,15916,14111,30027
2022-07-12,4호선,동작,1371,1486,2857
2022-07-12,4호선,명동,21415,21830,43245
2022-07-12,4호선,미아,15622,14949,30571
2022-07-12,4호선,미아사거리,28603,27882,56485
2022-07-12,4호선,사당,26302,21747,48049
2022-07-12,4호선,삼각지,5616,6252,11868
2022-07-12,4호선,상계,20330,18774,39104
2022-07-12,4호선,서울역,12475,17713,30188
2022-07-12,4호선,성신여대입구,20426,19681,40107
2022-07-12,4호선,수유,34830,34970,69800
2022-07-12,4호선,숙대입구,13912,13346,27258
2022-07-12,4호선,신용산,18995,19825,38820
2022-07-12,4호선,쌍문,29824,27850,57674
2022-07-12,4호선,이촌,9464,10188,19652
2022-07-12,4호선,창동,26444,27881,54325
2022-07-12,4호선,총신대입구,19950,21413,41363
2022-07-12,4호선,충무로,27396,28930,56326
2022-07-12,4호선,한성대입구,13479,13089,26568
2022-07-12,4호선,혜화,34266,34360,68626
2022-07-12,4호선,회현,27121,28558,55679
2022-07-12,5호선,강동,19757,18854,38611
2022-07-12,5호선,강일,4925,4795,9720
2022-07-12,5호선,개롱,7049,7262,14311
2022-07-12,5호선,개화산,6136,5795,11931
2022-07-12,5호선,거여,11171,10829,22000
2022-07-12,5호선,고덕,10562,10424,20986
2022-07-12,5호선,공덕,15841,16601,32442
2022-07-12,5호선,광나루,13961,12778,26739
2022-07-12,5호선,광화문,32719,34478,67197
2022-07-12,5호선,군자,11849,12841,24690
2022-07-12,5호선,굽은다리,10197,9648,19845
2022-07-12,5호선,길동,8519,8948,17467
2022-07-12,5호선,김포공항,7792,7630,15422
2022-07-12,5호선,까치산,30512,28718,59230
2022-07-12,5호선,답십리,16983,15335,32318
2022-07-12,5호선,동대문역사문화공원,3284,3860,7144
2022-07-12,5호선,둔촌동,8627,8715,17342
2022-07-12,5호선,마곡,11636,11850,23486
2022-07-12,5호선,마장,5954,5439,11393
2022-07-12,5호선,마천,7985,7511,15496
2022-07-12,5호선,마포,15287,15815,31102
2022-07-12,5호선,명일,9405,9676,19081
2022-07-12,5호선,목동,17956,19272,37228
2022-07-12,5호선,미사,17350,17378,34728
2022-07-12,5호선,발산,22354,23150,45504
2022-07-12,5호선,방이,7640,7956,15596
2022-07-12,5호선,방화,7330,7040,14370
2022-07-12,5호선,상일동,16046,14730,30776
2022-07-12,5호선,서대문,21291,21649,42940
2022-07-12,5호선,송정,6945,6452,13397
2022-07-12,5호선,신금호,7024,7260,14284
2022-07-12,5호선,신길,4550,4754,9304
2022-07-12,5호선,신정,14728,12093,26821
2022-07-12,5호선,아차산,15783,14780,30563
2022-07-12,5호선,애오개,7446,7381,14827
2022-07-12,5호선,양평,8075,7998,16073
2022-07-12,5호선,여의나루,11906,13432,25338
2022-07-12,5호선,여의도,31544,33742,65286
2022-07-12,5호선,영등포구청,4383,4556,8939
2022-07-12,5호선,영등포시장,10789,11169,21958
2022-07-12,5호선,오금,4125,4314,8439
2022-07-12,5호선,오목교,23193,24767,47960
2022-07-12,5호선,올림픽공원,4596,3831,8427
2022-07-12,5호선,왕십리,4777,5406,10183
2022-07-12,5호선,우장산,15892,15484,31376
2022-07-12,5호선,을지로4가,6667,6756,13423
2022-07-12,5호선,장한평,19486,19554,39040
2022-07-12,5호선,종로3가,13096,13144,26240
2022-07-12,5호선,천호,19496,19579,39075
2022-07-12,5호선,청구,4216,3780,7996
2022-07-12,5호선,충정로,4913,4949,9862
2022-07-12,5호선,하남검단산,6441,6137,12578
2022-07-12,5호선,하남시청,7751,7437,15188
2022-07-12,5호선,하남풍산,4555,4550,9105
2022-07-12,5호선,행당,8645,7759,16404
2022-07-12,5호선,화곡,30063,28037,58100
2022-07-12,6호선,고려대,8612,8367,16979
2022-07-12,6호선,공덕,20083,19313,39396
2022-07-12,6호선,광흥창,9938,9640,19578
2022-07-12,6호선,구산,8405,6392,14797
2022-07-12,6호선,녹사평,4915,4935,9850
2022-07-12,6호선,대흥,9022,9255,18277
2022-07-12,6호선,독바위,2982,3108,6090
2022-07-12,6호선,돌곶이,9765,9038,18803
2022-07-12,6호선,동묘앞,8159,8407,16566
2022-07-12,6호선,디지털미디어시티,15537,17584,33121
2022-07-12,6호선,마포구청,15161,13797,28958
2022-07-12,6호선,망원,14577,15499,30076
2022-07-12,6호선,버티고개,2235,2304,4539
2022-07-12,6호선,보문,8093,7248,15341
2022-07-12,6호선,봉화산,9567,9032,18599
2022-07-12,6호선,불광,4645,4699,9344
2022-07-12,6호선,삼각지,7879,6736,14615
2022-07-12,6호선,상수,8873,9935,18808
2022-07-12,6호선,상월곡,6631,5971,12602
2022-07-12,6호선,새절,13342,12153,25495
2022-07-12,6호선,석계,12953,13289,26242
2022-07-12,6호선,신당,8425,8970,17395
2022-07-12,6호선,안암,11365,11391,22756
2022-07-12,6호선,약수,3936,3909,7845
2022-07-12,6호선,역촌,4055,4400,8455
2022-07-12,6호선,월곡,12417,12255,24672
2022-07-12,6호선,월드컵경기장,5241,5401,10642
2022-07-12,6호선,응암,18464,18133,36597
2022-07-12,6호선,이태원,10381,10689,21070
2022-07-12,6호선,증산,10317,10306,20623
2022-07-12,6호선,창신,3879,3092,6971
2022-07-12,6호선,청구,3803,4030,7833
2022-07-12,6호선,태릉입구,5841,6314,12155
2022-07-12,6호선,한강진,8404,9674,18078
2022-07-12,6호선,합정,13744,13559,27303
2022-07-12,6호선,화랑대,12410,9609,22019
2022-07-12,6호선,효창공원앞,7557,6811,14368
2022-07-12,7호선,가산디지털단지,48884,48897,97781
2022-07-12,7호선,강남구청,18236,20170,38406
2022-07-12,7호선,건대입구,13260,13664,26924
2022-07-12,7호선,고속터미널,16273,13956,30229
2022-07-12,7호선,공릉,12495,12451,24946
2022-07-12,7호선,광명사거리,22696,22418,45114
2022-07-12,7호선,군자,15949,12653,28602
2022-07-12,7호선,남구로,16810,17820,34630
2022-07-12,7호선,남성,11975,11059,23034
2022-07-12,7호선,내방,15951,16432,32383
2022-07-12,7호선,노원,21141,22268,43409
2022-07-12,7호선,논현,20606,21849,42455
2022-07-12,7호선,대림,8366,8408,16774
2022-07-12,7호선,도봉산,9375,10858,20233
2022-07-12,7호선,뚝섬유원지,9178,8799,17977
2022-07-12,7호선,마들,13723,12958,26681
2022-07-12,7호선,먹골,10828,10586,21414
2022-07-12,7호선,면목,15753,15263,31016
2022-07-12,7호선,반포,6456,6412,12868
2022-07-12,7호선,보라매,8506,8623,17129
2022-07-12,7호선,부천시청,1,0,1
2022-07-12,7호선,사가정,16896,16797,33693
2022-07-12,7호선,상도,11913,11438,23351
2022-07-12,7호선,상봉,17404,16464,33868
2022-07-12,7호선,수락산,13553,13462,27015
2022-07-12,7호선,숭실대입구,12838,13023,25861
2022-07-12,7호선,신대방삼거리,16364,15741,32105
2022-07-12,7호선,신풍,12522,11817,24339
2022-07-12,7호선,어린이대공원,13293,13304,26597
2022-07-12,7호선,온수,10987,9972,20959
2022-07-12,7호선,용마산,6309,6160,12469
2022-07-12,7호선,이수,17316,16861,34177
2022-07-12,7호선,장승배기,10280,9860,20140
2022-07-12,7호선,장암,2572,1019,3591
2022-07-12,7호선,중계,15917,14445,30362
2022-07-12,7호선,중곡,11825,10937,22762
2022-07-12,7호선,중화,11363,11127,22490
2022-07-12,7호선,천왕,12529,12060,24589
2022-07-12,7호선,철산,22344,22745,45089
2022-07-12,7호선,청담,21392,23941,45333
2022-07-12,7호선,태릉입구,8979,8367,17346
2022-07-12,7호선,하계,18876,17754,36630
2022-07-12,7호선,학동,26366,27902,54268
2022-07-12,8호선,가락시장,8016,9135,17151
2022-07-12,8호선,강동구청,11030,11420,22450
2022-07-12,8호선,남위례,5814,6107,11921
2022-07-12,8호선,남한산성입구,14458,13038,27496
2022-07-12,8호선,단대오거리,11041,10918,21959
2022-07-12,8호선,모란,4733,3685,8418
2022-07-12,8호선,몽촌토성,6630,6777,13407
2022-07-12,8호선,문정,23620,25074,48694
2022-07-12,8호선,복정,9734,8313,18047
2022-07-12,8호선,산성,5576,5641,11217
2022-07-12,8호선,석촌,7989,9118,17107
2022-07-12,8호선,송파,9145,8953,18098
2022-07-12,8호선,수진,5672,5286,10958
2022-07-12,8호선,신흥,4462,4742,9204
2022-07-12,8호선,암사,20239,17699,37938
2022-07-12,8호선,잠실,15266,18293,33559
2022-07-12,8호선,장지,18413,17482,35895
2022-07-12,8호선,천호,15388,17646,33034
2022-07-12,9호선,가양,22794,22229,45023
2022-07-12,9호선,개화,2856,2012,4868
2022-07-12,9호선,고속터미널,13610,16966,30576
2022-07-12,9호선,공항시장,3152,3445,6597
2022-07-12,9호선,구반포,1282,1349,2631
2022-07-12,9호선,국회의사당,18509,19366,37875
2022-07-12,9호선,김포공항,7743,11638,19381
2022-07-12,9호선,노들,4961,4196,9157
2022-07-12,9호선,노량진,26659,26371,53030
2022-07-12,9호선,당산,20220,20664,40884
2022-07-12,9호선,동작,1937,1554,3491
2022-07-12,9호선,등촌,12642,12077,24719
2022-07-12,9호선,마곡나루,13553,13437,26990
2022-07-12,9호선,사평,4123,4031,8154
2022-07-12,9호선,샛강,7002,6918,13920
2022-07-12,9호선,선유도,9861,9399,19260
2022-07-12,9호선,신논현,33429,32973,66402
2022-07-12,9호선,신목동,4772,4061,8833
2022-07-12,9호선,신반포,3884,3770,7654
2022-07-12,9호선,신방화,7518,7320,14838
2022-07-12,9호선,양천향교,10189,10559,20748
2022-07-12,9호선,여의도,31550,30657,62207
2022-07-12,9호선,염창,18739,18388,37127
2022-07-12,9호선,증미,8207,7943,16150
2022-07-12,9호선,흑석,8750,9073,17823
2022-07-12,9호선2~3단계,둔촌오륜,1241,1152,2393
2022-07-12,9호선2~3단계,봉은사,19015,19498,38513
2022-07-12,9호선2~3단계,삼성중앙,8248,8844,17092
2022-07-12,9호선2~3단계,삼전,7464,7186,14650
2022-07-12,9호선2~3단계,석촌,9337,8155,17492
2022-07-12,9호선2~3단계,석촌고분,6741,6655,13396
2022-07-12,9호선2~3단계,선정릉,11175,12293,23468
2022-07-12,9호선2~3단계,송파나루,5510,5831,11341
2022-07-12,9호선2~3단계,언주,12091,12397,24488
2022-07-12,9호선2~3단계,올림픽공원,6568,6662,13230
2022-07-12,9호선2~3단계,종합운동장,4760,4902,9662
2022-07-12,9호선2~3단계,중앙보훈병원,12419,11096,23515
2022-07-12,9호선2~3단계,한성백제,2834,2638,5472
2022-07-12,경강선,경기광주,8422,7810,16232
2022-07-12,경강선,곤지암,2245,2240,4485
2022-07-12,경강선,부발,2138,2085,4223
2022-07-12,경강선,삼동,2620,2475,5095
2022-07-12,경강선,세종대왕릉,367,344,711
2022-07-12,경강선,신둔도예촌,1547,1430,2977
2022-07-12,경강선,여주,2251,2242,4493
2022-07-12,경강선,이매,1250,1092,2342
2022-07-12,경강선,이천,2700,2795,5495
2022-07-12,경강선,초월,3474,3330,6804
2022-07-12,경강선,판교,5540,5554,11094
2022-07-12,경부선,가산디지털단지,19831,23075,42906
2022-07-12,경부선,관악,7878,7426,15304
2022-07-12,경부선,광명,3747,3170,6917
2022-07-12,경부선,구로,19623,19889,39512
2022-07-12,경부선,군포,7982,7966,15948
2022-07-12,경부선,금정,28721,29158,57879
2022-07-12,경부선,금천구청,12115,12287,24402
2022-07-12,경부선,남영,10278,10514,20792
2022-07-12,경부선,노량진,8030,7750,15780
2022-07-12,경부선,당정,6804,6375,13179
2022-07-12,경부선,대방,12384,13408,25792
2022-07-12,경부선,독산,20134,20930,41064
2022-07-12,경부선,두정,5309,5452,10761
2022-07-12,경부선,명학,9717,9665,19382
2022-07-12,경부선,병점,14597,14517,29114
2022-07-12,경부선,서동탄,1578,1300,2878
2022-07-12,경부선,서울역,6903,2113,9016
2022-07-12,경부선,서정리,7306,6940,14246
2022-07-12,경부선,석수,9877,8920,18797
2022-07-12,경부선,성균관대,15061,14877,29938
2022-07-12,경부선,성환,3389,3368,6757
2022-07-12,경부선,세류,3474,3305,6779
2022-07-12,경부선,세마,3020,2916,5936
2022-07-12,경부선,송탄,4419,4254,8673
2022-07-12,경부선,수원,34255,36348,70603
2022-07-12,경부선,신길,9606,8310,17916
2022-07-12,경부선,신도림,4360,4328,8688
2022-07-12,경부선,안양,23016,22464,45480
2022-07-12,경부선,영등포,40108,41010,81118
2022-07-12,경부선,오산,9797,9697,19494
2022-07-12,경부선,오산대,3744,3432,7176
2022-07-12,경부선,용산,37293,38182,75475
2022-07-12,경부선,의왕,9432,9417,18849
2022-07-12,경부선,직산,922,887,1809
2022-07-12,경부선,진위,1937,1755,3692
2022-07-12,경부선,천안,5211,5413,10624
2022-07-12,경부선,평택,11651,11611,23262
2022-07-12,경부선,평택지제,3916,3846,7762
2022-07-12,경부선,화서,9007,8596,17603
2022-07-12,경원선,가능,7215,6919,14134
2022-07-12,경원선,광운대,7793,7430,15223
2022-07-12,경원선,녹양,4835,4564,9399
2022-07-12,경원선,녹천,5294,4329,9623
2022-07-12,경원선,덕계,3635,3178,6813
2022-07-12,경원선,덕정,5804,5643,11447
2022-07-12,경원선,도봉,6393,6153,12546
2022-07-12,경원선,도봉산,8056,5123,13179
2022-07-12,경원선,동두천,2325,2522,4847
2022-07-12,경원선,동두천중앙,3298,3223,6521
2022-07-12,경원선,망월사,8186,8273,16459
2022-07-12,경원선,방학,10701,10330,21031
2022-07-12,경원선,보산,1643,1477,3120
2022-07-12,경원선,서빙고,2104,1989,4093
2022-07-12,경원선,석계,8485,9480,17965
2022-07-12,경원선,소요산,3010,2607,5617
2022-07-12,경원선,신이문,8962,8198,17160
2022-07-12,경원선,양주,7981,7602,15583
2022-07-12,경원선,옥수,51,36,87
2022-07-12,경원선,왕십리,15085,16848,31933
2022-07-12,경원선,외대앞,7806,7880,15686
2022-07-12,경원선,월계,7090,6643,13733
2022-07-12,경원선,응봉,2119,1833,3952
2022-07-12,경원선,의정부,18753,19440,38193
2022-07-12,경원선,이촌,4153,3226,7379
2022-07-12,경원선,지행,6948,6944,13892
2022-07-12,경원선,창동,1,0,1
2022-07-12,경원선,청량리,15997,16622,32619
2022-07-12,경원선,한남,4360,4047,8407
2022-07-12,경원선,회룡,13514,13335,26849
2022-07-12,경의선,가좌,6104,5712,11816
2022-07-12,경의선,강매,3512,3042,6554
2022-07-12,경의선,곡산,725,770,1495
2022-07-12,경의선,공덕,3954,3627,7581
2022-07-12,경의선,금릉,5246,5094,10340
2022-07-12,경의선,금촌,7023,6866,13889
2022-07-12,경의선,능곡,4218,3794,8012
2022-07-12,경의선,디지털미디어시티,2824,2598,5422
2022-07-12,경의선,문산,5692,5651,11343
2022-07-12,경의선,백마,7602,7201,14803
2022-07-12,경의선,서강대,2234,2232,4466
2022-07-12,경의선,서울역,4919,6201,11120
2022-07-12,경의선,수색,3328,3444,6772
2022-07-12,경의선,신촌,992,1266,2258
2022-07-12,경의선,야당,8530,8365,16895
2022-07-12,경의선,운정,7566,6874,14440
2022-07-12,경의선,월롱,2922,2662,5584
2022-07-12,경의선,일산,10223,10011,20234
2022-07-12,경의선,임진강,20,11,31
2022-07-12,경의선,탄현,8596,8141,16737
2022-07-12,경의선,파주,1275,806,2081
2022-07-12,경의선,풍산,6092,5508,11600
2022-07-12,경의선,행신,8483,8560,17043
2022-07-12,경의선,홍대입구,1880,2217,4097
2022-07-12,경의선,화전,2121,1974,4095
2022-07-12,경의선,효창공원앞,3206,3602,6808
2022-07-12,경인선,간석,6280,5956,12236
2022-07-12,경인선,개봉,22527,22067,44594
2022-07-12,경인선,구일,6896,6755,13651
2022-07-12,경인선,도원,3999,3858,7857
2022-07-12,경인선,도화,4480,4170,8650
2022-07-12,경인선,동암,16117,16057,32174
2022-07-12,경인선,동인천,14281,13754,28035
2022-07-12,경인선,백운,7498,7333,14831
2022-07-12,경인선,부개,9391,8542,17933
2022-07-12,경인선,부천,32720,32703,65423
2022-07-12,경인선,부평,29808,31868,61676
2022-07-12,경인선,소사,8932,8934,17866
2022-07-12,경인선,송내,29102,28869,57971
2022-07-12,경인선,역곡,28506,28387,56893
2022-07-12,경인선,오류동,12515,11550,24065
2022-07-12,경인선,온수,7322,6742,14064
2022-07-12,경인선,인천,3861,2978,6839
2022-07-12,경인선,제물포,11073,10565,21638
2022-07-12,경인선,주안,19655,17685,37340
2022-07-12,경인선,중동,10166,9487,19653
2022-07-12,경춘선,가평,2848,2599,5447
2022-07-12,경춘선,갈매,3312,2810,6122
2022-07-12,경춘선,강촌,567,502,1069
2022-07-12,경춘선,굴봉산,189,163,352
2022-07-12,경춘선,금곡,1711,1680,3391
2022-07-12,경춘선,김유정,411,420,831
2022-07-12,경춘선,남춘천,2882,2909,5791
2022-07-12,경춘선,대성리,1142,960,2102
2022-07-12,경춘선,마석,4198,4152,8350
2022-07-12,경춘선,백양리,124,98,222
2022-07-12,경춘선,별내,3517,3285,6802
2022-07-12,경춘선,사릉,2486,2395,4881
2022-07-12,경춘선,상천,314,311,625
2022-07-12,경춘선,신내,2479,2340,4819
2022-07-12,경춘선,천마산,1788,1679,3467
2022-07-12,경춘선,청평,2064,1897,3961
2022-07-12,경춘선,춘천,1384,1220,2604
2022-07-12,경춘선,퇴계원,3815,3415,7230
2022-07-12,경춘선,평내호평,6694,6509,13203
2022-07-12,공항철도,검암,7245,7125,14370
2022-07-12,공항철도,계양,11829,10952,22781
2022-07-12,공항철도,공덕,2585,3389,5974
2022-07-12,공항철도,공항화물청사,2510,2611,5121
2022-07-12,공항철도,김포공항,12053,7149,19202
2022-07-12,공항철도,디지털미디어시티,16657,15382,32039
2022-07-12,공항철도,마곡나루,10768,10188,20956
2022-07-12,공항철도,서울역,8721,8065,16786
2022-07-12,공항철도,영종,3729,3667,7396
2022-07-12,공항철도,운서,7826,8101,15927
2022-07-12,공항철도,인천공항1터미널,7598,6999,14597
2022-07-12,공항철도,인천공항2터미널,3646,3342,6988
2022-07-12,공항철도,청라국제도시,7776,7291,15067
2022-07-12,공항철도,홍대입구,10978,11146,22124
2022-07-12,과천선,경마공원,1601,1563,3164
2022-07-12,과천선,과천,6934,6574,13508
2022-07-12,과천선,대공원,3217,3371,6588
2022-07-12,과천선,범계,27786,27773,55559
2022-07-12,과천선,선바위,8444,7679,16123
2022-07-12,과천선,인덕원,25432,26426,51858
2022-07-12,과천선,정부과천청사,11622,11634,23256
2022-07-12,과천선,평촌,19474,19231,38705
2022-07-12,분당선,가천대,7275,8138,15413
2022-07-12,분당선,강남구청,10556,12135,22691
2022-07-12,분당선,개포동,4397,4525,8922
2022-07-12,분당선,구룡,2451,2344,4795
2022-07-12,분당선,구성,5456,5773,11229
2022-07-12,분당선,기흥,11004,10108,21112
2022-07-12,분당선,대모산입구,5373,4769,10142
2022-07-12,분당선,도곡,7893,7808,15701
2022-07-12,분당선,망포,15576,14765,30341
2022-07-12,분당선,매교,3362,3373,6735
2022-07-12,분당선,매탄권선,5728,5534,11262
2022-07-12,분당선,모란,20558,20731,41289
2022-07-12,분당선,미금,16526,17906,34432
2022-07-12,분당선,보정,2932,2577,5509
2022-07-12,분당선,상갈,5846,5652,11498
2022-07-12,분당선,서울숲,12103,12526,24629
2022-07-12,분당선,서현,27419,28074,55493
2022-07-12,분당선,선릉,15412,23294,38706
2022-07-12,분당선,선정릉,8605,9296,17901
2022-07-12,분당선,수내,15298,15220,30518
2022-07-12,분당선,수서,14472,14830,29302
2022-07-12,분당선,수원,8302,6820,15122
2022-07-12,분당선,수원시청,13517,14638,28155
2022-07-12,분당선,신갈,5163,5096,10259
2022-07-12,분당선,압구정로데오,20191,22338,42529
2022-07-12,분당선,야탑,27739,28971,56710
2022-07-12,분당선,영통,8490,8952,17442
2022-07-12,분당선,오리,12516,10385,22901
2022-07-12,분당선,이매,6430,5769,12199
2022-07-12,분당선,정자,20038,21356,41394
2022-07-12,분당선,죽전,14219,15412,29631
2022-07-12,분당선,청명,4697,4559,9256
2022-07-12,분당선,태평,14188,13563,27751
2022-07-12,분당선,한티,16072,17209,33281
2022-07-12,수인선,고색,4994,4622,9616
2022-07-12,수인선,남동인더스파크,2458,2729,5187
2022-07-12,수인선,달월,127,80,207
2022-07-12,수인선,사리,4998,4317,9315
2022-07-12,수인선,소래포구,5283,4919,10202
2022-07-12,수인선,송도,2616,2344,4960
2022-07-12,수인선,숭의,4312,4019,8331
2022-07-12,수인선,신포,1964,1915,3879
2022-07-12,수인선,야목,447,302,749
2022-07-12,수인선,어천,815,798,1613
2022-07-12,수인선,연수,4802,4743,9545
2022-07-12,수인선,오목천,3226,2971,6197
2022-07-12,수인선,원인재,4587,4833,9420
2022-07-12,수인선,월곶,2916,2731,5647
2022-07-12,수인선,인천,1133,1700,2833
2022-07-12,수인선,인천논현,5758,6162,11920
2022-07-12,수인선,인하대,6243,5917,12160
2022-07-12,수인선,호구포,4344,4498,8842
2022-07-12,신림선,관악산,3017,3014,6031
2022-07-12,신림선,당곡,3765,3688,7453
2022-07-12,신림선,대방,2001,1475,3476
2022-07-12,신림선,보라매,2881,2708,5589
2022-07-12,신림선,보라매공원,1856,2021,3877
2022-07-12,신림선,보라매병원,7003,7393,14396
2022-07-12,신림선,샛강,2294,2808,5102
2022-07-12,신림선,서울대벤처타운,6540,6592,13132
2022-07-12,신림선,서울지방병무청,2284,2497,4781
2022-07-12,신림선,서원,2891,2617,5508
2022-07-12,신림선,신림,1663,2209,3872
2022-07-12,안산선,고잔,9478,8870,18348
2022-07-12,안산선,대야미,5370,4805,10175
2022-07-12,안산선,반월,4610,4493,9103
2022-07-12,안산선,산본,16768,18035,34803
2022-07-12,안산선,상록수,16160,16439,32599
2022-07-12,안산선,수리산,4542,3720,8262
2022-07-12,안산선,신길온천,1916,1690,3606
2022-07-12,안산선,안산,12091,11049,23140
2022-07-12,안산선,오이도,9266,8643,17909
2022-07-12,안산선,정왕,8244,8639,16883
2022-07-12,안산선,중앙,18596,19304,37900
2022-07-12,안산선,초지,5006,5125,10131
2022-07-12,안산선,한대앞,9496,9644,19140
2022-07-12,우이신설선,4.19민주묘지,3085,2839,5924
2022-07-12,우이신설선,가오리,4654,4648,9302
2022-07-12,우이신설선,보문,1626,1606,3232
2022-07-12,우이신설선,북한산보국문,6222,6046,12268
2022-07-12,우이신설선,북한산우이,2920,2731,5651
2022-07-12,우이신설선,삼양,2113,2276,4389
2022-07-12,우이신설선,삼양사거리,2633,2704,5337
2022-07-12,우이신설선,성신여대입구,3414,3787,7201
2022-07-12,우이신설선,솔밭공원,2649,2558,5207
2022-07-12,우이신설선,솔샘,6169,5879,12048
2022-07-12,우이신설선,신설동,2307,2188,4495
2022-07-12,우이신설선,정릉,4835,4468,9303
2022-07-12,우이신설선,화계,3671,3450,7121
2022-07-12,일산선,대곡,2395,1892,4287
2022-07-12,일산선,대화,14016,10947,24963
2022-07-12,일산선,마두,8373,8473,16846
2022-07-12,일산선,백석,10270,10302,20572
2022-07-12,일산선,삼송,20700,20268,40968
2022-07-12,일산선,원당,11791,11043,22834
2022-07-12,일산선,원흥,12053,11249,23302
2022-07-12,일산선,정발산,7650,7835,15485
2022-07-12,일산선,주엽,9998,9908,19906
2022-07-12,일산선,화정,17819,18075,35894
2022-07-12,장항선,배방,1130,1065,2195
2022-07-12,장항선,봉명,1525,1476,3001
2022-07-12,장항선,신창,1333,1320,2653
2022-07-12,장항선,쌍용,2114,1992,4106
2022-07-12,장항선,아산,3047,2688,5735
2022-07-12,장항선,온양온천,3560,3741,7301
2022-07-12,장항선,탕정,929,803,1732
2022-07-12,중앙선,구리,14109,14189,28298
2022-07-12,중앙선,국수,778,785,1563
2022-07-12,중앙선,덕소,5920,5915,11835
2022-07-12,중앙선,도농,12086,10800,22886
2022-07-12,중앙선,도심,2790,2162,4952
2022-07-12,중앙선,망우,8072,7924,15996
2022-07-12,중앙선,상봉,5966,6014,11980
2022-07-12,중앙선,신원,230,183,413
2022-07-12,중앙선,아신,635,601,1236
2022-07-12,중앙선,양수,2715,2713,5428
2022-07-12,중앙선,양원,3330,3284,6614
2022-07-12,중앙선,양정,755,651,1406
2022-07-12,중앙선,양평,3118,3160,6278
2022-07-12,중앙선,오빈,365,344,709
2022-07-12,중앙선,용문,2226,2192,4418
2022-07-12,중앙선,운길산,823,840,1663
2022-07-12,중앙선,원덕,429,403,832
2022-07-12,중앙선,중랑,6016,5740,11756
2022-07-12,중앙선,지평,59,85,144
2022-07-12,중앙선,팔당,957,994,1951
2022-07-12,중앙선,회기,26044,25109,51153
2022-07-13,1호선,동대문,9763,9233,18996
2022-07-13,1호선,동묘앞,5631,5962,11593
2022-07-13,1호선,서울역,48276,45551,93827
2022-07-13,1호선,시청,24150,24239,48389
2022-07-13,1호선,신설동,13155,13048,26203
2022-07-13,1호선,제기동,13686,13512,27198
2022-07-13,1호선,종각,39552,38868,78420
2022-07-13,1호선,종로3가,22367,21122,43489
2022-07-13,1호선,종로5가,21593,21168,42761
2022-07-13,1호선,청량리,16803,16442,33245
2022-07-13,2호선,강남,86916,83856,170772
2022-07-13,2호선,강변,30041,27925,57966
2022-07-13,2호선,건대입구,32402,34760,67162
2022-07-13,2호선,교대,35473,40447,75920
2022-07-13,2호선,구로디지털단지,60096,60622,120718
2022-07-13,2호선,구의,23687,23571,47258
2022-07-13,2호선,낙성대,27979,27198,55177
2022-07-13,2호선,당산,17326,20880,38206
2022-07-13,2호선,대림,23160,23580,46740
2022-07-13,2호선,도림천,1612,1713,3325
2022-07-13,2호선,동대문역사문화공원,12237,13886,26123
2022-07-13,2호선,뚝섬,22929,24556,47485
2022-07-13,2호선,문래,22591,23147,45738
2022-07-13,2호선,방배,16832,17546,34378
2022-07-13,2호선,봉천,23654,22207,45861
2022-07-13,2호선,사당,37016,39980,76996
2022-07-13,2호선,삼성,60648,60019,120667
2022-07-13,2호선,상왕십리,14958,14751,29709
2022-07-13,2호선,서울대입구,45988,45057,91045
2022-07-13,2호선,서초,23228,22279,45507
2022-07-13,2호선,선릉,61391,54220,115611
2022-07-13,2호선,성수,39422,41952,81374
2022-07-13,2호선,시청,26336,24523,50859
2022-07-13,2호선,신답,1734,2122,3856
2022-07-13,2호선,신당,13598,14007,27605
2022-07-13,2호선,신대방,25021,24833,49854
2022-07-13,2호선,신도림,47835,47346,95181
2022-07-13,2호선,신림,57160,54823,111983
2022-07-13,2호선,신설동,3786,3418,7204
2022-07-13,2호선,신정네거리,10360,10861,21221
2022-07-13,2호선,신촌,35425,36328,71753
2022-07-13,2호선,아현,10515,10216,20731
2022-07-13,2호선,양천구청,6885,7271,14156
2022-07-13,2호선,역삼,60531,65249,125780
2022-07-13,2호선,영등포구청,22676,23243,45919
2022-07-13,2호선,왕십리,16680,13785,30465
2022-07-13,2호선,용답,2800,2761,5561
2022-07-13,2호선,용두,2338,2335,4673
2022-07-13,2호선,을지로3가,25286,24691,49977
2022-07-13,2호선,을지로4가,13266,12983,26249
2022-07-13,2호선,을지로입구,43822,44698,88520
2022-07-13,2호선,이대,13815,14745,28560
2022-07-13,2호선,잠실,71534,71272,142806
2022-07-13,2호선,잠실나루,14717,14516,29233
2022-07-13,2호선,잠실새내,21592,21707,43299
2022-07-13,2호선,종합운동장,7967,8275,16242
2022-07-13,2호선,충정로,10852,11456,22308
2022-07-13,2호선,한양대,8975,9306,18281
2022-07-13,2호선,합정,31217,33966,65183
2022-07-13,2호선,홍대입구,53885,57208,111093
2022-07-13,3호선,가락시장,8651,8492,17143
2022-07-13,3호선,경복궁,21259,20953,42212
2022-07-13,3호선,경찰병원,7902,7877,15779
2022-07-13,3호선,고속터미널,41816,39424,81240
2022-07-13,3호선,교대,15437,9775,25212
2022-07-13,3호선,구파발,20742,20079,40821
2022-07-13,3호선,금호,7965,7367,15332
2022-07-13,3호선,남부터미널,29894,30204,60098
2022-07-13,3호선,녹번,15560,14124,29684
2022-07-13,3호선,대청,11003,10129,21132
2022-07-13,3호선,대치,11272,11701,22973
2022-07-13,3호선,도곡,5770,5694,11464
2022-07-13,3호선,독립문,6596,6772,13368
2022-07-13,3호선,동대입구,8025,8408,16433
2022-07-13,3호선,매봉,13509,12890,26399
2022-07-13,3호선,무악재,3907,3956,7863
2022-07-13,3호선,불광,15136,16130,31266
2022-07-13,3호선,수서,17606,17899,35505
2022-07-13,3호선,신사,28916,30302,59218
2022-07-13,3호선,안국,23431,23031,46462
2022-07-13,3호선,압구정,33047,35095,68142
2022-07-13,3호선,약수,13165,12894,26059
2022-07-13,3호선,양재,39764,42213,81977
2022-07-13,3호선,연신내,34576,32736,67312
2022-07-13,3호선,오금,6400,5657,12057
2022-07-13,3호선,옥수,8699,9217,17916
2022-07-13,3호선,을지로3가,11865,11506,23371
2022-07-13,3호선,일원,10888,10705,21593
2022-07-13,3호선,잠원,5013,4926,9939
2022-07-13,3호선,종로3가,10497,11849,22346
2022-07-13,3호선,지축,5149,4852,10001
2022-07-13,3호선,충무로,4,0,4
2022-07-13,3호선,학여울,1818,1880,3698
2022-07-13,3호선,홍제,16704,16017,32721
2022-07-13,4호선,길음,20171,20259,40430
2022-07-13,4호선,남태령,1172,1060,2232
2022-07-13,4호선,노원,17394,19865,37259
2022-07-13,4호선,당고개,8553,7736,16289
2022-07-13,4호선,동대문,18922,18944,37866
2022-07-13,4호선,동대문역사문화공원,15257,13461,28718
2022-07-13,4호선,동작,917,1055,1972
2022-07-13,4호선,명동,19390,20674,40064
2022-07-13,4호선,미아,14313,13685,27998
2022-07-13,4호선,미아사거리,26107,25829,51936
2022-07-13,4호선,사당,24735,20765,45500
2022-07-13,4호선,삼각지,5249,5838,11087
2022-07-13,4호선,상계,18947,18208,37155
2022-07-13,4호선,서울역,12706,18969,31675
2022-07-13,4호선,성신여대입구,18671,18383,37054
2022-07-13,4호선,수유,31901,32447,64348
2022-07-13,4호선,숙대입구,12896,12611,25507
2022-07-13,4호선,신용산,18374,18640,37014
2022-07-13,4호선,쌍문,28145,26579,54724
2022-07-13,4호선,이촌,9460,10107,19567
2022-07-13,4호선,창동,24038,25634,49672
2022-07-13,4호선,총신대입구,17877,19450,37327
2022-07-13,4호선,충무로,26523,27334,53857
2022-07-13,4호선,한성대입구,12991,12713,25704
2022-07-13,4호선,혜화,34319,34321,68640
2022-07-13,4호선,회현,23652,23594,47246
2022-07-13,5호선,강동,19013,18551,37564
2022-07-13,5호선,강일,4316,4342,8658
2022-07-13,5호선,개롱,6661,7077,13738
2022-07-13,5호선,개화산,5568,5392,10960
2022-07-13,5호선,거여,10509,10204,20713
2022-07-13,5호선,고덕,9850,9748,19598
2022-07-13,5호선,공덕,15165,16289,31454
2022-07-13,5호선,광나루,13001,11735,24736
2022-07-13,5호선,광화문,34920,35736,70656
2022-07-13,5호선,군자,11187,12316,23503
2022-07-13,5호선,굽은다리,9701,9527,19228
2022-07-13,5호선,길동,7773,8275,16048
2022-07-13,5호선,김포공항,7729,7018,14747
2022-07-13,5호선,까치산,28276,27225,55501
2022-07-13,5호선,답십리,16430,15018,31448
2022-07-13,5호선,동대문역사문화공원,3607,3927,7534
2022-07-13,5호선,둔촌동,8069,8087,16156
2022-07-13,5호선,마곡,11257,11231,22488
2022-07-13,5호선,마장,5734,5360,11094
2022-07-13,5호선,마천,7349,7095,14444
2022-07-13,5호선,마포,15365,15657,31022
2022-07-13,5호선,명일,8768,9268,18036
2022-07-13,5호선,목동,16766,18150,34916
2022-07-13,5호선,미사,16388,16498,32886
2022-07-13,5호선,발산,20813,21525,42338
2022-07-13,5호선,방이,7260,7807,15067
2022-07-13,5호선,방화,6770,6501,13271
2022-07-13,5호선,상일동,15396,14402,29798
2022-07-13,5호선,서대문,21799,21272,43071
2022-07-13,5호선,송정,6311,5871,12182
2022-07-13,5호선,신금호,6690,6990,13680
2022-07-13,5호선,신길,4563,4988,9551
2022-07-13,5호선,신정,14560,11847,26407
2022-07-13,5호선,아차산,14270,13845,28115
2022-07-13,5호선,애오개,7329,7448,14777
2022-07-13,5호선,양평,8008,8079,16087
2022-07-13,5호선,여의나루,8993,10986,19979
2022-07-13,5호선,여의도,34373,34017,68390
2022-07-13,5호선,영등포구청,4018,4116,8134
2022-07-13,5호선,영등포시장,10142,10780,20922
2022-07-13,5호선,오금,3887,4005,7892
2022-07-13,5호선,오목교,21999,23400,45399
2022-07-13,5호선,올림픽공원,4188,3561,7749
2022-07-13,5호선,왕십리,4633,5147,9780
2022-07-13,5호선,우장산,14503,14470,28973
2022-07-13,5호선,을지로4가,6079,6119,12198
2022-07-13,5호선,장한평,19279,19311,38590
2022-07-13,5호선,종로3가,12308,12011,24319
2022-07-13,5호선,천호,17438,17233,34671
2022-07-13,5호선,청구,3919,3839,7758
2022-07-13,5호선,충정로,5044,5064,10108
2022-07-13,5호선,하남검단산,5825,5536,11361
2022-07-13,5호선,하남시청,6690,6494,13184
2022-07-13,5호선,하남풍산,4185,4163,8348
2022-07-13,5호선,행당,8548,7689,16237
2022-07-13,5호선,화곡,28072,26318,54390
2022-07-13,6호선,고려대,8584,8431,17015
2022-07-13,6호선,공덕,19825,19425,39250
2022-07-13,6호선,광흥창,9973,9603,19576
2022-07-13,6호선,구산,8021,6235,14256
2022-07-13,6호선,녹사평,4627,4692,9319
2022-07-13,6호선,대흥,8830,9113,17943
2022-07-13,6호선,독바위,2797,2997,5794
2022-07-13,6호선,돌곶이,9313,8730,18043
2022-07-13,6호선,동묘앞,7288,7520,14808
2022-07-13,6호선,디지털미디어시티,20417,17153,37570
2022-07-13,6호선,마포구청,18292,14401,32693
2022-07-13,6호선,망원,14534,14596,29130
2022-07-13,6호선,버티고개,2169,2127,4296
2022-07-13,6호선,보문,7835,7261,15096
2022-07-13,6호선,봉화산,9143,8624,17767
2022-07-13,6호선,불광,4434,4268,8702
2022-07-13,6호선,삼각지,7544,6717,14261
2022-07-13,6호선,상수,9175,10004,19179
2022-07-13,6호선,상월곡,6399,5825,12224
2022-07-13,6호선,새절,12633,11714,24347
2022-07-13,6호선,석계,12438,13096,25534
2022-07-13,6호선,신당,8329,8966,17295
2022-07-13,6호선,안암,11351,10993,22344
2022-07-13,6호선,약수,3744,3794,7538
2022-07-13,6호선,역촌,3906,4523,8429
2022-07-13,6호선,연신내,3,0,3
2022-07-13,6호선,월곡,11879,11758,23637
2022-07-13,6호선,월드컵경기장,26970,45405,72375
2022-07-13,6호선,응암,17304,17220,34524
2022-07-13,6호선,이태원,9425,9900,19325
2022-07-13,6호선,증산,10094,9930,20024
2022-07-13,6호선,창신,3995,3415,7410
2022-07-13,6호선,청구,3794,3949,7743
2022-07-13,6호선,태릉입구,5549,5964,11513
2022-07-13,6호선,한강진,8299,9378,17677
2022-07-13,6호선,합정,15531,16346,31877
2022-07-13,6호선,화랑대,12101,9476,21577
2022-07-13,6호선,효창공원앞,7248,6555,13803
2022-07-13,7호선,가산디지털단지,48190,47398,95588
2022-07-13,7호선,강남구청,17506,19262,36768
2022-07-13,7호선,건대입구,13583,13870,27453
2022-07-13,7호선,고속터미널,15967,13133,29100
2022-07-13,7호선,공릉,11705,11658,23363
2022-07-13,7호선,광명사거리,20419,20180,40599
2022-07-13,7호선,군자,15085,12133,27218
2022-07-13,7호선,남구로,16224,17364,33588
2022-07-13,7호선,남성,11221,10528,21749
2022-07-13,7호선,내방,15284,15691,30975
2022-07-13,7호선,노원,19805,20260,40065
2022-07-13,7호선,논현,18900,20187,39087
2022-07-13,7호선,대림,7819,7875,15694
2022-07-13,7호선,도봉산,8842,9814,18656
2022-07-13,7호선,뚝섬유원지,7346,7177,14523
2022-07-13,7호선,마들,13237,12804,26041
2022-07-13,7호선,먹골,10280,10175,20455
2022-07-13,7호선,면목,14960,14628,29588
2022-07-13,7호선,반포,6447,6303,12750
2022-07-13,7호선,보라매,7822,7918,15740
2022-07-13,7호선,사가정,15792,15798,31590
2022-07-13,7호선,상도,11033,10641,21674
2022-07-13,7호선,상봉,16646,15617,32263
2022-07-13,7호선,수락산,12384,12412,24796
2022-07-13,7호선,숭실대입구,11808,12113,23921
2022-07-13,7호선,신대방삼거리,15262,14636,29898
2022-07-13,7호선,신풍,11745,11445,23190
2022-07-13,7호선,어린이대공원,14163,13933,28096
2022-07-13,7호선,온수,10439,9663,20102
2022-07-13,7호선,용마산,6390,6235,12625
2022-07-13,7호선,이수,16732,16151,32883
2022-07-13,7호선,장승배기,9073,9037,18110
2022-07-13,7호선,장암,2364,873,3237
2022-07-13,7호선,중계,15257,14150,29407
2022-07-13,7호선,중곡,11186,10567,21753
2022-07-13,7호선,중화,10700,10665,21365
2022-07-13,7호선,천왕,11642,11092,22734
2022-07-13,7호선,철산,20840,21524,42364
2022-07-13,7호선,청담,20349,22891,43240
2022-07-13,7호선,태릉입구,8303,7966,16269
2022-07-13,7호선,하계,18505,17848,36353
2022-07-13,7호선,학동,26117,27418,53535
2022-07-13,8호선,가락시장,7763,8303,16066
2022-07-13,8호선,강동구청,10839,11295,22134
2022-07-13,8호선,남위례,5326,5314,10640
2022-07-13,8호선,남한산성입구,13323,12242,25565
2022-07-13,8호선,단대오거리,10092,10141,20233
2022-07-13,8호선,모란,4233,3247,7480
2022-07-13,8호선,몽촌토성,6192,6477,12669
2022-07-13,8호선,문정,23687,24458,48145
2022-07-13,8호선,복정,9332,7972,17304
2022-07-13,8호선,산성,5257,5233,10490
2022-07-13,8호선,석촌,7680,8740,16420
2022-07-13,8호선,송파,9441,9771,19212
2022-07-13,8호선,수진,5459,5172,10631
2022-07-13,8호선,신흥,4148,4638,8786
2022-07-13,8호선,암사,19070,17093,36163
2022-07-13,8호선,잠실,15343,17528,32871
2022-07-13,8호선,장지,17935,17248,35183
2022-07-13,8호선,천호,14532,16201,30733
2022-07-13,9호선,가양,21070,20793,41863
2022-07-13,9호선,개화,2717,1847,4564
2022-07-13,9호선,고속터미널,12555,16735,29290
2022-07-13,9호선,공항시장,3062,3340,6402
2022-07-13,9호선,구반포,1902,1930,3832
2022-07-13,9호선,국회의사당,19089,19050,38139
2022-07-13,9호선,김포공항,7895,11323,19218
2022-07-13,9호선,노들,4597,3992,8589
2022-07-13,9호선,노량진,25579,24595,50174
2022-07-13,9호선,당산,19267,19806,39073
2022-07-13,9호선,동작,1978,1490,3468
2022-07-13,9호선,등촌,11694,11458,23152
2022-07-13,9호선,마곡나루,12955,12698,25653
2022-07-13,9호선,사평,4476,4411,8887
2022-07-13,9호선,샛강,6881,6636,13517
2022-07-13,9호선,선유도,10069,9473,19542
2022-07-13,9호선,신논현,30573,29970,60543
2022-07-13,9호선,신목동,4861,4122,8983
2022-07-13,9호선,신반포,3750,3617,7367
2022-07-13,9호선,신방화,7177,7152,14329
2022-07-13,9호선,양천향교,9916,10411,20327
2022-07-13,9호선,여의도,32503,30217,62720
2022-07-13,9호선,염창,17698,17195,34893
2022-07-13,9호선,증미,7834,7680,15514
2022-07-13,9호선,흑석,8043,8449,16492
2022-07-13,9호선2~3단계,둔촌오륜,1394,1210,2604
2022-07-13,9호선2~3단계,봉은사,20888,20970,41858
2022-07-13,9호선2~3단계,삼성중앙,8310,8585,16895
2022-07-13,9호선2~3단계,삼전,7413,7399,14812
2022-07-13,9호선2~3단계,석촌,8523,7520,16043
2022-07-13,9호선2~3단계,석촌고분,6749,6676,13425
2022-07-13,9호선2~3단계,선정릉,10527,11408,21935
2022-07-13,9호선2~3단계,송파나루,5472,5899,11371
2022-07-13,9호선2~3단계,언주,12418,12101,24519
2022-07-13,9호선2~3단계,올림픽공원,5868,5736,11604
2022-07-13,9호선2~3단계,종합운동장,4677,4551,9228
2022-07-13,9호선2~3단계,중앙보훈병원,11789,10282,22071
2022-07-13,9호선2~3단계,한성백제,2852,2628,5480
2022-07-13,경강선,경기광주,7803,7095,14898
2022-07-13,경강선,곤지암,2041,2032,4073
2022-07-13,경강선,부발,1948,1864,3812
2022-07-13,경강선,삼동,2534,2409,4943
2022-07-13,경강선,세종대왕릉,316,309,625
2022-07-13,경강선,신둔도예촌,1442,1297,2739
2022-07-13,경강선,여주,1920,1920,3840
2022-07-13,경강선,이매,1131,1053,2184
2022-07-13,경강선,이천,2340,2387,4727
2022-07-13,경강선,초월,3181,3014,6195
2022-07-13,경강선,판교,5470,5389,10859
2022-07-13,경부선,가산디지털단지,18256,22217,40473
2022-07-13,경부선,관악,7121,6807,13928
2022-07-13,경부선,광명,2636,2036,4672
2022-07-13,경부선,구로,18460,18714,37174
2022-07-13,경부선,군포,7337,7236,14573
2022-07-13,경부선,금정,26188,26740,52928
2022-07-13,경부선,금천구청,10809,10428,21237
2022-07-13,경부선,남영,9267,9826,19093
2022-07-13,경부선,노량진,6737,6954,13691
2022-07-13,경부선,당정,6011,5645,11656
2022-07-13,경부선,대방,10965,12141,23106
2022-07-13,경부선,독산,19345,20143,39488
2022-07-13,경부선,두정,5098,5145,10243
2022-07-13,경부선,명학,9175,8945,18120
2022-07-13,경부선,병점,13342,13300,26642
2022-07-13,경부선,서동탄,1408,1241,2649
2022-07-13,경부선,서울역,7994,2388,10382
2022-07-13,경부선,서정리,6423,5964,12387
2022-07-13,경부선,석수,9207,8287,17494
2022-07-13,경부선,성균관대,13499,13288,26787
2022-07-13,경부선,성환,2994,3017,6011
2022-07-13,경부선,세류,2939,2577,5516
2022-07-13,경부선,세마,2864,2625,5489
2022-07-13,경부선,송탄,3860,3678,7538
2022-07-13,경부선,수원,30455,32481,62936
2022-07-13,경부선,신길,8764,7615,16379
2022-07-13,경부선,신도림,3488,3732,7220
2022-07-13,경부선,안양,20771,20350,41121
2022-07-13,경부선,영등포,36510,37533,74043
2022-07-13,경부선,오산,8894,8801,17695
2022-07-13,경부선,오산대,3165,2914,6079
2022-07-13,경부선,용산,38427,37727,76154
2022-07-13,경부선,의왕,8398,8406,16804
2022-07-13,경부선,직산,833,812,1645
2022-07-13,경부선,진위,1795,1686,3481
2022-07-13,경부선,천안,4401,4611,9012
2022-07-13,경부선,평택,9818,9795,19613
2022-07-13,경부선,평택지제,3659,3559,7218
2022-07-13,경부선,화서,7861,7273,15134
2022-07-13,경원선,가능,6420,6214,12634
2022-07-13,경원선,광운대,7195,6987,14182
2022-07-13,경원선,녹양,4455,4217,8672
2022-07-13,경원선,녹천,4827,4009,8836
2022-07-13,경원선,덕계,3178,2745,5923
2022-07-13,경원선,덕정,5109,5013,10122
2022-07-13,경원선,도봉,5870,5714,11584
2022-07-13,경원선,도봉산,5765,3585,9350
2022-07-13,경원선,동두천,2025,2202,4227
2022-07-13,경원선,동두천중앙,2939,2700,5639
2022-07-13,경원선,망월사,7352,7456,14808
2022-07-13,경원선,방학,9371,9205,18576
2022-07-13,경원선,보산,1515,1342,2857
2022-07-13,경원선,서빙고,1888,1779,3667
2022-07-13,경원선,석계,7385,8443,15828
2022-07-13,경원선,소요산,1593,1299,2892
2022-07-13,경원선,신이문,8258,7920,16178
2022-07-13,경원선,양주,7277,6891,14168
2022-07-13,경원선,옥수,34,35,69
2022-07-13,경원선,왕십리,14761,16666,31427
2022-07-13,경원선,외대앞,7264,7225,14489
2022-07-13,경원선,월계,6398,6122,12520
2022-07-13,경원선,응봉,1823,1564,3387
2022-07-13,경원선,의정부,16976,17529,34505
2022-07-13,경원선,이촌,3677,2924,6601
2022-07-13,경원선,지행,6066,6089,12155
2022-07-13,경원선,청량리,14061,14988,29049
2022-07-13,경원선,한남,3860,3812,7672
2022-07-13,경원선,회룡,12072,12029,24101
2022-07-13,경의선,가좌,5508,5219,10727
2022-07-13,경의선,강매,3187,2789,5976
2022-07-13,경의선,곡산,624,640,1264
2022-07-13,경의선,공덕,4182,3320,7502
2022-07-13,경의선,금릉,4584,4435,9019
2022-07-13,경의선,금촌,5918,5811,11729
2022-07-13,경의선,능곡,3744,3487,7231
2022-07-13,경의선,디지털미디어시티,3218,2963,6181
2022-07-13,경의선,문산,4803,4753,9556
2022-07-13,경의선,백마,7035,6638,13673
2022-07-13,경의선,서강대,2081,2124,4205
2022-07-13,경의선,서울역,4608,5839,10447
2022-07-13,경의선,수색,2938,3217,6155
2022-07-13,경의선,신촌,970,1198,2168
2022-07-13,경의선,야당,7529,7377,14906
2022-07-13,경의선,운정,6730,6242,12972
2022-07-13,경의선,월롱,2712,2548,5260
2022-07-13,경의선,일산,9212,9080,18292
2022-07-13,경의선,임진강,13,1,14
2022-07-13,경의선,탄현,7796,7405,15201
2022-07-13,경의선,파주,993,662,1655
2022-07-13,경의선,풍산,5229,4791,10020
2022-07-13,경의선,행신,8158,8045,16203
2022-07-13,경의선,홍대입구,1482,1939,3421
2022-07-13,경의선,화전,1910,1769,3679
2022-07-13,경의선,효창공원앞,3063,3508,6571
2022-07-13,경인선,간석,5635,5330,10965
2022-07-13,경인선,개봉,20633,20688,41321
2022-07-13,경인선,구일,6274,6108,12382
2022-07-13,경인선,도원,3277,3224,6501
2022-07-13,경인선,도화,3915,3626,7541
2022-07-13,경인선,동암,14205,14255,28460
2022-07-13,경인선,동인천,12480,12090,24570
2022-07-13,경인선,백운,7060,6783,13843
2022-07-13,경인선,부개,8441,7932,16373
2022-07-13,경인선,부천,29013,28724,57737
2022-07-13,경인선,부평,26224,27528,53752
2022-07-13,경인선,소사,7682,7761,15443
2022-07-13,경인선,송내,26714,26696,53410
2022-07-13,경인선,역곡,25719,25609,51328
2022-07-13,경인선,오류동,11509,10597,22106
2022-07-13,경인선,온수,6710,6536,13246
2022-07-13,경인선,인천,2884,2081,4965
2022-07-13,경인선,제물포,9936,9552,19488
2022-07-13,경인선,주안,17724,15980,33704
2022-07-13,경인선,중동,9068,8324,17392
2022-07-13,경춘선,가평,2243,2195,4438
2022-07-13,경춘선,갈매,2980,2534,5514
2022-07-13,경춘선,강촌,406,338,744
2022-07-13,경춘선,굴봉산,107,76,183
2022-07-13,경춘선,금곡,1400,1375,2775
2022-07-13,경춘선,김유정,255,250,505
2022-07-13,경춘선,남춘천,2112,1957,4069
2022-07-13,경춘선,대성리,921,928,1849
2022-07-13,경춘선,마석,3604,3526,7130
2022-07-13,경춘선,백양리,85,55,140
2022-07-13,경춘선,별내,2988,2732,5720
2022-07-13,경춘선,사릉,2215,2161,4376
2022-07-13,경춘선,상천,215,190,405
2022-07-13,경춘선,신내,2251,2223,4474
2022-07-13,경춘선,천마산,1522,1324,2846
2022-07-13,경춘선,청평,1611,1555,3166
2022-07-13,경춘선,춘천,1011,998,2009
2022-07-13,경춘선,퇴계원,3445,3172,6617
2022-07-13,경춘선,평내호평,6181,5852,12033
2022-07-13,공항철도,검암,6393,6327,12720
2022-07-13,공항철도,계양,11142,10542,21684
2022-07-13,공항철도,공덕,2470,3643,6113
2022-07-13,공항철도,공항화물청사,2227,2529,4756
2022-07-13,공항철도,김포공항,12137,6773,18910
2022-07-13,공항철도,디지털미디어시티,20202,15703,35905
2022-07-13,공항철도,마곡나루,9712,9170,18882
2022-07-13,공항철도,서울역,10262,8984,19246
2022-07-13,공항철도,영종,3192,3152,6344
2022-07-13,공항철도,운서,7100,7024,14124
2022-07-13,공항철도,인천공항1터미널,7460,7154,14614
2022-07-13,공항철도,인천공항2터미널,3453,3386,6839
2022-07-13,공항철도,청라국제도시,7281,6744,14025
2022-07-13,공항철도,홍대입구,9728,10521,20249
2022-07-13,과천선,경마공원,1356,1393,2749
2022-07-13,과천선,과천,6642,6358,13000
2022-07-13,과천선,대공원,2250,2320,4570
2022-07-13,과천선,범계,25030,25349,50379
2022-07-13,과천선,선바위,7929,6960,14889
2022-07-13,과천선,인덕원,23306,24862,48168
2022-07-13,과천선,정부과천청사,11085,11036,22121
2022-07-13,과천선,평촌,18067,17739,35806
2022-07-13,분당선,가천대,6832,7816,14648
2022-07-13,분당선,강남구청,10452,11803,22255
2022-07-13,분당선,개포동,4292,4414,8706
2022-07-13,분당선,구룡,2256,2223,4479
2022-07-13,분당선,구성,4993,5521,10514
2022-07-13,분당선,기흥,10355,9581,19936
2022-07-13,분당선,대모산입구,4699,4560,9259
2022-07-13,분당선,도곡,7676,7567,15243
2022-07-13,분당선,망포,14705,13959,28664
2022-07-13,분당선,매교,3026,3019,6045
2022-07-13,분당선,매탄권선,5295,5068,10363
2022-07-13,분당선,모란,18394,18589,36983
2022-07-13,분당선,미금,15319,16280,31599
2022-07-13,분당선,보정,2769,2383,5152
2022-07-13,분당선,상갈,5322,5250,10572
2022-07-13,분당선,서울숲,10979,11284,22263
2022-07-13,분당선,서현,24406,25201,49607
2022-07-13,분당선,선릉,15039,22440,37479
2022-07-13,분당선,선정릉,8635,9111,17746
2022-07-13,분당선,수내,14348,14402,28750
2022-07-13,분당선,수서,14093,14518,28611
2022-07-13,분당선,수원,7222,6119,13341
2022-07-13,분당선,수원시청,12403,13162,25565
2022-07-13,분당선,신갈,4691,4598,9289
2022-07-13,분당선,압구정로데오,19389,20824,40213
2022-07-13,분당선,야탑,26527,27437,53964
2022-07-13,분당선,영통,8015,8287,16302
2022-07-13,분당선,오리,12015,9489,21504
2022-07-13,분당선,이매,5933,5397,11330
2022-07-13,분당선,정자,19157,20337,39494
2022-07-13,분당선,죽전,12651,14298,26949
2022-07-13,분당선,청명,4379,4305,8684
2022-07-13,분당선,태평,13122,12561,25683
2022-07-13,분당선,한티,15894,17051,32945
2022-07-13,수인선,고색,4369,4125,8494
2022-07-13,수인선,남동인더스파크,2232,2583,4815
2022-07-13,수인선,달월,99,58,157
2022-07-13,수인선,사리,4463,3838,8301
2022-07-13,수인선,소래포구,3969,3673,7642
2022-07-13,수인선,송도,2049,1982,4031
2022-07-13,수인선,숭의,3495,3291,6786
2022-07-13,수인선,신포,1495,1473,2968
2022-07-13,수인선,야목,392,285,677
2022-07-13,수인선,어천,623,674,1297
2022-07-13,수인선,연수,4157,4053,8210
2022-07-13,수인선,오목천,2853,2639,5492
2022-07-13,수인선,원인재,3914,4090,8004
2022-07-13,수인선,월곶,2662,2358,5020
2022-07-13,수인선,인천,809,1402,2211
2022-07-13,수인선,인천논현,4939,5292,10231
2022-07-13,수인선,인하대,5377,4853,10230
2022-07-13,수인선,호구포,3886,4142,8028
2022-07-13,신림선,관악산,1735,1809,3544
2022-07-13,신림선,당곡,3618,3707,7325
2022-07-13,신림선,대방,1774,1457,3231
2022-07-13,신림선,보라매,2759,2518,5277
2022-07-13,신림선,보라매공원,1800,1872,3672
2022-07-13,신림선,보라매병원,7154,6892,14046
2022-07-13,신림선,샛강,2005,2534,4539
2022-07-13,신림선,서울대벤처타운,5803,6103,11906
2022-07-13,신림선,서울지방병무청,2236,2471,4707
2022-07-13,신림선,서원,2947,2796,5743
2022-07-13,신림선,신림,1563,2109,3672
2022-07-13,안산선,고잔,8391,7989,16380
2022-07-13,안산선,대야미,4655,4145,8800
2022-07-13,안산선,반월,4022,3957,7979
2022-07-13,안산선,산본,14696,15759,30455
2022-07-13,안산선,상록수,14828,14945,29773
2022-07-13,안산선,수리산,4118,3365,7483
2022-07-13,안산선,신길온천,1639,1414,3053
2022-07-13,안산선,안산,10889,10048,20937
2022-07-13,안산선,오이도,7688,7384,15072
2022-07-13,안산선,정왕,7315,7808,15123
2022-07-13,안산선,중앙,16700,17169,33869
2022-07-13,안산선,초지,4678,4647,9325
2022-07-13,안산선,한대앞,8381,8409,16790
2022-07-13,우이신설선,4.19민주묘지,2603,2469,5072
2022-07-13,우이신설선,가오리,4071,4205,8276
2022-07-13,우이신설선,보문,1537,1493,3030
2022-07-13,우이신설선,북한산보국문,5667,5676,11343
2022-07-13,우이신설선,북한산우이,2317,1980,4297
2022-07-13,우이신설선,삼양,1916,2067,3983
2022-07-13,우이신설선,삼양사거리,2280,2309,4589
2022-07-13,우이신설선,성신여대입구,3190,3591,6781
2022-07-13,우이신설선,솔밭공원,2401,2250,4651
2022-07-13,우이신설선,솔샘,5976,5727,11703
2022-07-13,우이신설선,신설동,1993,1968,3961
2022-07-13,우이신설선,정릉,4422,4279,8701
2022-07-13,우이신설선,화계,3273,3114,6387
2022-07-13,일산선,대곡,2122,1643,3765
2022-07-13,일산선,대화,12697,9761,22458
2022-07-13,일산선,마두,7454,7536,14990
2022-07-13,일산선,백석,9016,9054,18070
2022-07-13,일산선,삼송,18953,18326,37279
2022-07-13,일산선,원당,10916,10273,21189
2022-07-13,일산선,원흥,10706,10185,20891
2022-07-13,일산선,정발산,6902,6980,13882
2022-07-13,일산선,주엽,8622,8720,17342
2022-07-13,일산선,화정,15673,16103,31776
2022-07-13,장항선,배방,1020,937,1957
2022-07-13,장항선,봉명,1315,1237,2552
2022-07-13,장항선,신창,1107,1104,2211
2022-07-13,장항선,쌍용,1873,1730,3603
2022-07-13,장항선,아산,2908,2535,5443
2022-07-13,장항선,온양온천,3072,3089,6161
2022-07-13,장항선,탕정,825,722,1547
2022-07-13,중앙선,구리,12663,12963,25626
2022-07-13,중앙선,국수,688,655,1343
2022-07-13,중앙선,덕소,5227,5201,10428
2022-07-13,중앙선,도농,11073,10237,21310
2022-07-13,중앙선,도심,2451,1894,4345
2022-07-13,중앙선,망우,7387,7212,14599
2022-07-13,중앙선,상봉,5381,5611,10992
2022-07-13,중앙선,신원,154,142,296
2022-07-13,중앙선,아신,516,519,1035
2022-07-13,중앙선,양수,1888,1814,3702
2022-07-13,중앙선,양원,3163,3070,6233
2022-07-13,중앙선,양정,640,518,1158
2022-07-13,중앙선,양평,2760,2688,5448
2022-07-13,중앙선,오빈,305,281,586
2022-07-13,중앙선,용문,1588,1540,3128
2022-07-13,중앙선,운길산,574,589,1163
2022-07-13,중앙선,원덕,324,301,625
2022-07-13,중앙선,중랑,5448,5167,10615
2022-07-13,중앙선,지평,45,46,91
2022-07-13,중앙선,팔당,731,739,1470
2022-07-13,중앙선,회기,24101,23504,47605
2022-07-14,1호선,동대문,11336,10581,21917
2022-07-14,1호선,동묘앞,8495,8802,17297
2022-07-14,1호선,서울역,48500,47714,96214
2022-07-14,1호선,시청,25208,25821,51029
2022-07-14,1호선,신설동,14307,13802,28109
2022-07-14,1호선,제기동,18710,19222,37932
2022-07-14,1호선,종각,40307,40154,80461
2022-07-14,1호선,종로3가,27697,25379,53076
2022-07-14,1호선,종로5가,24217,24282,48499
2022-07-14,1호선,청량리,21128,20934,42062
2022-07-14,2호선,강남,92282,89389,181671
2022-07-14,2호선,강변,32288,30976,63264
2022-07-14,2호선,건대입구,36418,39421,75839
2022-07-14,2호선,교대,37749,43022,80771
2022-07-14,2호선,구로디지털단지,64376,64122,128498
2022-07-14,2호선,구의,25074,24409,49483
2022-07-14,2호선,낙성대,29412,28118,57530
2022-07-14,2호선,당산,19482,22895,42377
2022-07-14,2호선,대림,25072,25461,50533
2022-07-14,2호선,도림천,1549,1651,3200
2022-07-14,2호선,동대문역사문화공원,13800,15829,29629
2022-07-14,2호선,뚝섬,24191,26466,50657
2022-07-14,2호선,문래,23699,24312,48011
2022-07-14,2호선,방배,17203,18172,35375
2022-07-14,2호선,봉천,25522,23623,49145
2022-07-14,2호선,사당,40900,44759,85659
2022-07-14,2호선,삼성,60676,61984,122660
2022-07-14,2호선,상왕십리,15604,15009,30613
2022-07-14,2호선,서울대입구,49447,48226,97673
2022-07-14,2호선,서초,23234,22759,45993
2022-07-14,2호선,선릉,63845,56912,120757
2022-07-14,2호선,성수,40760,45075,85835
2022-07-14,2호선,시청,26040,25449,51489
2022-07-14,2호선,신답,1862,2047,3909
2022-07-14,2호선,신당,14771,15207,29978
2022-07-14,2호선,신대방,26943,25985,52928
2022-07-14,2호선,신도림,51394,51035,102429
2022-07-14,2호선,신림,61720,59018,120738
2022-07-14,2호선,신설동,3478,3405,6883
2022-07-14,2호선,신정네거리,11086,11393,22479
2022-07-14,2호선,신촌,37922,38084,76006
2022-07-14,2호선,아현,11299,10471,21770
2022-07-14,2호선,양천구청,7461,7584,15045
2022-07-14,2호선,역삼,58862,67119,125981
2022-07-14,2호선,영등포구청,23547,24356,47903
2022-07-14,2호선,왕십리,17342,14461,31803
2022-07-14,2호선,용답,2937,2786,5723
2022-07-14,2호선,용두,2629,2637,5266
2022-07-14,2호선,을지로3가,25465,26070,51535
2022-07-14,2호선,을지로4가,14380,14534,28914
2022-07-14,2호선,을지로입구,45508,47233,92741
2022-07-14,2호선,이대,14835,15659,30494
2022-07-14,2호선,잠실,79505,79184,158689
2022-07-14,2호선,잠실나루,16487,15968,32455
2022-07-14,2호선,잠실새내,23125,23281,46406
2022-07-14,2호선,종합운동장,16324,17911,34235
2022-07-14,2호선,충정로,10684,11289,21973
2022-07-14,2호선,한양대,8438,9007,17445
2022-07-14,2호선,합정,33235,35876,69111
2022-07-14,2호선,홍대입구,62051,66401,128452
2022-07-14,3호선,가락시장,9524,9340,18864
2022-07-14,3호선,경복궁,22801,22893,45694
2022-07-14,3호선,경찰병원,7839,7795,15634
2022-07-14,3호선,고속터미널,43306,42128,85434
2022-07-14,3호선,교대,16372,10612,26984
2022-07-14,3호선,구파발,22366,21660,44026
2022-07-14,3호선,금호,8427,7695,16122
2022-07-14,3호선,남부터미널,30573,31546,62119
2022-07-14,3호선,녹번,16684,14743,31427
2022-07-14,3호선,대청,11310,10347,21657
2022-07-14,3호선,대치,12263,12190,24453
2022-07-14,3호선,도곡,5735,5917,11652
2022-07-14,3호선,독립문,7254,7498,14752
2022-07-14,3호선,동대입구,8727,9357,18084
2022-07-14,3호선,매봉,13623,13189,26812
2022-07-14,3호선,무악재,4302,4198,8500
2022-07-14,3호선,불광,16780,17785,34565
2022-07-14,3호선,수서,17845,18361,36206
2022-07-14,3호선,신사,31131,32655,63786
2022-07-14,3호선,안국,24606,25464,50070
2022-07-14,3호선,압구정,34265,36950,71215
2022-07-14,3호선,약수,13841,13428,27269
2022-07-14,3호선,양재,40665,44460,85125
2022-07-14,3호선,연신내,37730,35593,73323
2022-07-14,3호선,오금,6719,6099,12818
2022-07-14,3호선,옥수,9459,9652,19111
2022-07-14,3호선,을지로3가,11606,11930,23536
2022-07-14,3호선,일원,11545,11158,22703
2022-07-14,3호선,잠원,5184,4980,10164
2022-07-14,3호선,종로3가,10921,12371,23292
2022-07-14,3호선,지축,5674,5295,10969
2022-07-14,3호선,충무로,2,0,2
2022-07-14,3호선,학여울,2006,2009,4015
2022-07-14,3호선,홍제,18353,17166,35519
2022-07-14,4호선,길음,21845,21283,43128
2022-07-14,4호선,남태령,1414,1259,2673
2022-07-14,4호선,노원,19051,21803,40854
2022-07-14,4호선,당고개,9303,8227,17530
2022-07-14,4호선,동대문,21388,21833,43221
2022-07-14,4호선,동대문역사문화공원,16497,14650,31147
2022-07-14,4호선,동작,1510,1596,3106
2022-07-14,4호선,명동,21482,22105,43587
2022-07-14,4호선,미아,15514,14739,30253
2022-07-14,4호선,미아사거리,28860,28103,56963
2022-07-14,4호선,사당,26616,22348,48964
2022-07-14,4호선,삼각지,5639,6233,11872
2022-07-14,4호선,상계,20102,18571,38673
2022-07-14,4호선,서울역,12634,19117,31751
2022-07-14,4호선,성신여대입구,20464,19571,40035
2022-07-14,4호선,수유,34502,34509,69011
2022-07-14,4호선,숙대입구,13553,13230,26783
2022-07-14,4호선,신용산,18529,19563,38092
2022-07-14,4호선,쌍문,29941,27778,57719
2022-07-14,4호선,이촌,9083,9993,19076
2022-07-14,4호선,창동,26747,28294,55041
2022-07-14,4호선,총신대입구,19773,21325,41098
2022-07-14,4호선,충무로,27748,29153,56901
2022-07-14,4호선,한성대입구,13710,13300,27010
2022-07-14,4호선,혜화,36619,36990,73609
2022-07-14,4호선,회현,26090,27325,53415
2022-07-14,5호선,강동,19603,18813,38416
2022-07-14,5호선,강일,4787,4603,9390
2022-07-14,5호선,개롱,7026,7212,14238
2022-07-14,5호선,개화산,6159,5786,11945
2022-07-14,5호선,거여,10936,10441,21377
2022-07-14,5호선,고덕,10617,10556,21173
2022-07-14,5호선,공덕,15941,16798,32739
2022-07-14,5호선,광나루,13941,12860,26801
2022-07-14,5호선,광화문,32937,34888,67825
2022-07-14,5호선,군자,11844,12772,24616
2022-07-14,5호선,굽은다리,10410,9792,20202
2022-07-14,5호선,길동,8539,8787,17326
2022-07-14,5호선,김포공항,8325,7957,16282
2022-07-14,5호선,까치산,30740,28976,59716
2022-07-14,5호선,답십리,17190,15391,32581
2022-07-14,5호선,동대문역사문화공원,3291,3918,7209
2022-07-14,5호선,둔촌동,8511,8515,17026
2022-07-14,5호선,마곡,11651,11862,23513
2022-07-14,5호선,마장,6079,5676,11755
2022-07-14,5호선,마천,7787,7405,15192
2022-07-14,5호선,마포,15785,16076,31861
2022-07-14,5호선,명일,9121,9435,18556
2022-07-14,5호선,목동,18076,19244,37320
2022-07-14,5호선,미사,17496,17623,35119
2022-07-14,5호선,발산,22282,23468,45750
2022-07-14,5호선,방이,7490,7777,15267
2022-07-14,5호선,방화,7360,7076,14436
2022-07-14,5호선,상일동,16155,14615,30770
2022-07-14,5호선,서대문,21104,21548,42652
2022-07-14,5호선,송정,7056,6394,13450
2022-07-14,5호선,신금호,7177,7388,14565
2022-07-14,5호선,신길,4694,4801,9495
2022-07-14,5호선,신정,14883,12072,26955
2022-07-14,5호선,아차산,15465,14800,30265
2022-07-14,5호선,애오개,7418,7330,14748
2022-07-14,5호선,양평,8059,7980,16039
2022-07-14,5호선,여의나루,12375,13561,25936
2022-07-14,5호선,여의도,31314,34092,65406
2022-07-14,5호선,영등포구청,4365,4515,8880
2022-07-14,5호선,영등포시장,11264,11576,22840
2022-07-14,5호선,오금,4055,4122,8177
2022-07-14,5호선,오목교,23560,25138,48698
2022-07-14,5호선,올림픽공원,4637,3840,8477
2022-07-14,5호선,왕십리,4922,5678,10600
2022-07-14,5호선,우장산,15790,15543,31333
2022-07-14,5호선,을지로4가,6833,6855,13688
2022-07-14,5호선,장한평,19935,19844,39779
2022-07-14,5호선,종로3가,14035,13905,27940
2022-07-14,5호선,천호,19009,18986,37995
2022-07-14,5호선,청구,4304,3823,8127
2022-07-14,5호선,충정로,4863,4929,9792
2022-07-14,5호선,하남검단산,6385,5998,12383
2022-07-14,5호선,하남시청,7601,7531,15132
2022-07-14,5호선,하남풍산,4622,4519,9141
2022-07-14,5호선,행당,8746,7730,16476
2022-07-14,5호선,화곡,30365,27913,58278
2022-07-14,6호선,고려대,8907,8701,17608
2022-07-14,6호선,공덕,20296,19561,39857
2022-07-14,6호선,광흥창,10001,9695,19696
2022-07-14,6호선,구산,8395,6244,14639
2022-07-14,6호선,녹사평,5238,5228,10466
2022-07-14,6호선,대흥,9160,9368,18528
2022-07-14,6호선,독바위,2937,3037,5974
2022-07-14,6호선,돌곶이,9924,9046,18970
2022-07-14,6호선,동묘앞,8224,8519,16743
2022-07-14,6호선,디지털미디어시티,15372,17206,32578
2022-07-14,6호선,마포구청,15517,13734,29251
2022-07-14,6호선,망원,14772,15736,30508
2022-07-14,6호선,버티고개,2192,2223,4415
2022-07-14,6호선,보문,8107,7327,15434
2022-07-14,6호선,봉화산,9712,9272,18984
2022-07-14,6호선,불광,4794,4684,9478
2022-07-14,6호선,삼각지,7562,6557,14119
2022-07-14,6호선,상수,9235,10458,19693
2022-07-14,6호선,상월곡,7262,6601,13863
2022-07-14,6호선,새절,13484,12316,25800
2022-07-14,6호선,석계,12753,13222,25975
2022-07-14,6호선,신내,1,0,1
2022-07-14,6호선,신당,8587,9158,17745
2022-07-14,6호선,안암,11767,11473,23240
2022-07-14,6호선,약수,3951,3938,7889
2022-07-14,6호선,역촌,4021,4466,8487
2022-07-14,6호선,연신내,1,0,1
2022-07-14,6호선,월곡,12536,12252,24788
2022-07-14,6호선,월드컵경기장,4873,5163,10036
2022-07-14,6호선,응암,18502,18172,36674
2022-07-14,6호선,이태원,11285,12090,23375
2022-07-14,6호선,증산,10464,10458,20922
2022-07-14,6호선,창신,3832,3165,6997
2022-07-14,6호선,청구,3852,4097,7949
2022-07-14,6호선,태릉입구,5888,6222,12110
2022-07-14,6호선,한강진,8477,9870,18347
2022-07-14,6호선,합정,14009,14071,28080
2022-07-14,6호선,화랑대,12303,9669,21972
2022-07-14,6호선,효창공원앞,7557,6825,14382
2022-07-14,7호선,가산디지털단지,48124,48694,96818
2022-07-14,7호선,강남구청,18045,20419,38464
2022-07-14,7호선,건대입구,13471,13960,27431
2022-07-14,7호선,고속터미널,16484,14277,30761
2022-07-14,7호선,공릉,12919,12686,25605
2022-07-14,7호선,광명사거리,23075,22773,45848
2022-07-14,7호선,군자,15883,12486,28369
2022-07-14,7호선,남구로,16285,17369,33654
2022-07-14,7호선,남성,12075,10986,23061
2022-07-14,7호선,내방,15783,16134,31917
2022-07-14,7호선,노원,20882,22102,42984
2022-07-14,7호선,논현,20452,21658,42110
2022-07-14,7호선,대림,8196,8290,16486
2022-07-14,7호선,도봉산,9300,10613,19913
2022-07-14,7호선,뚝섬유원지,9660,8995,18655
2022-07-14,7호선,마들,14260,13348,27608
2022-07-14,7호선,먹골,10748,10579,21327
2022-07-14,7호선,면목,15972,15366,31338
2022-07-14,7호선,반포,6744,6630,13374
2022-07-14,7호선,보라매,8410,8554,16964
2022-07-14,7호선,사가정,16966,16907,33873
2022-07-14,7호선,상도,11916,11437,23353
2022-07-14,7호선,상봉,17607,16876,34483
2022-07-14,7호선,수락산,13471,13074,26545
2022-07-14,7호선,숭실대입구,12960,12846,25806
2022-07-14,7호선,신대방삼거리,16615,15557,32172
2022-07-14,7호선,신풍,12355,11706,24061
2022-07-14,7호선,어린이대공원,13838,13863,27701
2022-07-14,7호선,온수,10831,9780,20611
2022-07-14,7호선,용마산,6737,6543,13280
2022-07-14,7호선,이수,17650,16832,34482
2022-07-14,7호선,장승배기,9709,9522,19231
2022-07-14,7호선,장암,2417,955,3372
2022-07-14,7호선,중계,15969,14158,30127
2022-07-14,7호선,중곡,11790,10976,22766
2022-07-14,7호선,중화,11282,11104,22386
2022-07-14,7호선,천왕,12356,11739,24095
2022-07-14,7호선,철산,22453,22735,45188
2022-07-14,7호선,청담,21232,24098,45330
2022-07-14,7호선,태릉입구,9016,8548,17564
2022-07-14,7호선,하계,19204,18068,37272
2022-07-14,7호선,학동,26042,27821,53863
2022-07-14,8호선,가락시장,8156,9156,17312
2022-07-14,8호선,강동구청,11131,11588,22719
2022-07-14,8호선,남위례,5948,6153,12101
2022-07-14,8호선,남한산성입구,14594,12947,27541
2022-07-14,8호선,단대오거리,11134,10811,21945
2022-07-14,8호선,모란,5820,4595,10415
2022-07-14,8호선,몽촌토성,6416,6599,13015
2022-07-14,8호선,문정,23584,25005,48589
2022-07-14,8호선,복정,9744,8178,17922
2022-07-14,8호선,산성,5455,5633,11088
2022-07-14,8호선,석촌,8071,9278,17349
2022-07-14,8호선,송파,9466,9209,18675
2022-07-14,8호선,수진,5809,5290,11099
2022-07-14,8호선,신흥,4523,4885,9408
2022-07-14,8호선,암사,20139,17507,37646
2022-07-14,8호선,잠실,15490,18484,33974
2022-07-14,8호선,장지,18653,17713,36366
2022-07-14,8호선,천호,15314,17768,33082
2022-07-14,9호선,가양,22739,22013,44752
2022-07-14,9호선,개화,2908,1947,4855
2022-07-14,9호선,고속터미널,13939,18114,32053
2022-07-14,9호선,공항시장,3200,3434,6634
2022-07-14,9호선,구반포,1348,1372,2720
2022-07-14,9호선,국회의사당,18157,19219,37376
2022-07-14,9호선,김포공항,8229,12250,20479
2022-07-14,9호선,노들,4938,4069,9007
2022-07-14,9호선,노량진,26945,26165,53110
2022-07-14,9호선,당산,20055,20376,40431
2022-07-14,9호선,동작,2029,1649,3678
2022-07-14,9호선,등촌,12633,12009,24642
2022-07-14,9호선,마곡나루,13787,13599,27386
2022-07-14,9호선,사평,4586,4230,8816
2022-07-14,9호선,샛강,6908,6994,13902
2022-07-14,9호선,선유도,9661,9097,18758
2022-07-14,9호선,신논현,33765,33560,67325
2022-07-14,9호선,신목동,4688,4031,8719
2022-07-14,9호선,신반포,3958,3967,7925
2022-07-14,9호선,신방화,7346,7114,14460
2022-07-14,9호선,양천향교,10279,10443,20722
2022-07-14,9호선,여의도,32186,31130,63316
2022-07-14,9호선,염창,18993,18193,37186
2022-07-14,9호선,증미,8202,7975,16177
2022-07-14,9호선,흑석,9049,9434,18483
2022-07-14,9호선2~3단계,둔촌오륜,1332,1203,2535
2022-07-14,9호선2~3단계,봉은사,21077,21655,42732
2022-07-14,9호선2~3단계,삼성중앙,8121,8520,16641
2022-07-14,9호선2~3단계,삼전,7569,7212,14781
2022-07-14,9호선2~3단계,석촌,9438,8231,17669
2022-07-14,9호선2~3단계,석촌고분,6733,6545,13278
2022-07-14,9호선2~3단계,선정릉,10967,12207,23174
2022-07-14,9호선2~3단계,송파나루,5700,6069,11769
2022-07-14,9호선2~3단계,언주,12035,12547,24582
2022-07-14,9호선2~3단계,올림픽공원,6331,6404,12735
2022-07-14,9호선2~3단계,종합운동장,4724,4919,9643
2022-07-14,9호선2~3단계,중앙보훈병원,12089,10752,22841
2022-07-14,9호선2~3단계,한성백제,2887,2587,5474
2022-07-14,경강선,경기광주,8324,7615,15939
2022-07-14,경강선,곤지암,2185,2186,4371
2022-07-14,경강선,부발,2179,2063,4242
2022-07-14,경강선,삼동,2620,2417,5037
2022-07-14,경강선,세종대왕릉,337,341,678
2022-07-14,경강선,신둔도예촌,1512,1484,2996
2022-07-14,경강선,여주,2097,2117,4214
2022-07-14,경강선,이매,1264,1022,2286
2022-07-14,경강선,이천,2686,2718,5404
2022-07-14,경강선,초월,3494,3331,6825
2022-07-14,경강선,판교,5431,5530,10961
2022-07-14,경부선,가산디지털단지,19787,22824,42611
2022-07-14,경부선,관악,7615,7359,14974
2022-07-14,경부선,광명,3535,3028,6563
2022-07-14,경부선,구로,19424,19734,39158
2022-07-14,경부선,군포,7883,7650,15533
2022-07-14,경부선,금정,28281,28388,56669
2022-07-14,경부선,금천구청,11910,12159,24069
2022-07-14,경부선,남영,10150,10378,20528
2022-07-14,경부선,노량진,7980,7784,15764
2022-07-14,경부선,당정,6573,6241,12814
2022-07-14,경부선,대방,12050,13064,25114
2022-07-14,경부선,독산,19978,20634,40612
2022-07-14,경부선,두정,5536,5553,11089
2022-07-14,경부선,명학,9769,9680,19449
2022-07-14,경부선,병점,14570,14492,29062
2022-07-14,경부선,서동탄,1499,1313,2812
2022-07-14,경부선,서울역,7617,2283,9900
2022-07-14,경부선,서정리,6901,6476,13377
2022-07-14,경부선,석수,9828,8679,18507
2022-07-14,경부선,성균관대,14765,14497,29262
2022-07-14,경부선,성환,3408,3394,6802
2022-07-14,경부선,세류,3611,3260,6871
2022-07-14,경부선,세마,3000,2890,5890
2022-07-14,경부선,송탄,4402,4240,8642
2022-07-14,경부선,수원,33889,36440,70329
2022-07-14,경부선,신길,9783,8368,18151
2022-07-14,경부선,신도림,4299,4413,8712
2022-07-14,경부선,안양,22960,22505,45465
2022-07-14,경부선,영등포,40342,41399,81741
2022-07-14,경부선,오산,9590,9708,19298
2022-07-14,경부선,오산대,3663,3370,7033
2022-07-14,경부선,용산,37521,38952,76473
2022-07-14,경부선,의왕,9269,9253,18522
2022-07-14,경부선,직산,896,866,1762
2022-07-14,경부선,진위,1774,1607,3381
2022-07-14,경부선,천안,5138,5410,10548
2022-07-14,경부선,평택,11416,11365,22781
2022-07-14,경부선,평택지제,3868,3755,7623
2022-07-14,경부선,화서,8803,8226,17029
2022-07-14,경원선,가능,7095,6748,13843
2022-07-14,경원선,광운대,8146,7735,15881
2022-07-14,경원선,녹양,4998,4671,9669
2022-07-14,경원선,녹천,5185,4225,9410
2022-07-14,경원선,덕계,3418,3093,6511
2022-07-14,경원선,덕정,5645,5387,11032
2022-07-14,경원선,도봉,6525,6246,12771
2022-07-14,경원선,도봉산,7608,4987,12595
2022-07-14,경원선,동두천,2245,2522,4767
2022-07-14,경원선,동두천중앙,3327,3256,6583
2022-07-14,경원선,망월사,8135,8309,16444
2022-07-14,경원선,방학,10545,10305,20850
2022-07-14,경원선,보산,1651,1475,3126
2022-07-14,경원선,서빙고,2281,2042,4323
2022-07-14,경원선,석계,8462,9437,17899
2022-07-14,경원선,소요산,2736,2415,5151
2022-07-14,경원선,신이문,8930,8212,17142
2022-07-14,경원선,양주,8009,7573,15582
2022-07-14,경원선,옥수,45,30,75
2022-07-14,경원선,왕십리,15557,17118,32675
2022-07-14,경원선,외대앞,8047,7978,16025
2022-07-14,경원선,월계,7360,6775,14135
2022-07-14,경원선,응봉,2112,1771,3883
2022-07-14,경원선,의정부,18970,19838,38808
2022-07-14,경원선,이촌,4099,3228,7327
2022-07-14,경원선,지행,6817,6879,13696
2022-07-14,경원선,청량리,15637,16567,32204
2022-07-14,경원선,한남,4421,4072,8493
2022-07-14,경원선,회룡,13383,13075,26458
2022-07-14,경의선,가좌,5976,5674,11650
2022-07-14,경의선,강매,3623,3000,6623
2022-07-14,경의선,검암,1,0,1
2022-07-14,경의선,곡산,661,740,1401
2022-07-14,경의선,공덕,4196,3612,7808
2022-07-14,경의선,금릉,5223,5007,10230
2022-07-14,경의선,금촌,6809,6679,13488
2022-07-14,경의선,능곡,4160,3747,7907
2022-07-14,경의선,디지털미디어시티,2918,2632,5550
2022-07-14,경의선,문산,5860,5766,11626
2022-07-14,경의선,백마,7536,7168,14704
2022-07-14,경의선,서강대,2301,2156,4457
2022-07-14,경의선,서울역,4815,6205,11020
2022-07-14,경의선,수색,3244,3375,6619
2022-07-14,경의선,신촌,1036,1298,2334
2022-07-14,경의선,야당,8476,8383,16859
2022-07-14,경의선,운정,7516,6959,14475
2022-07-14,경의선,월롱,3006,2590,5596
2022-07-14,경의선,일산,10127,9809,19936
2022-07-14,경의선,임진강,15,4,19
2022-07-14,경의선,탄현,8390,7963,16353
2022-07-14,경의선,파주,1159,782,1941
2022-07-14,경의선,풍산,6086,5521,11607
2022-07-14,경의선,행신,8850,8653,17503
2022-07-14,경의선,홍대입구,1817,2176,3993
2022-07-14,경의선,화전,2133,1944,4077
2022-07-14,경의선,효창공원앞,3176,3651,6827
2022-07-14,경인선,간석,6292,5928,12220
2022-07-14,경인선,개봉,22615,22054,44669
2022-07-14,경인선,구일,6942,6749,13691
2022-07-14,경인선,도원,3763,3762,7525
2022-07-14,경인선,도화,4479,4109,8588
2022-07-14,경인선,동암,16261,16199,32460
2022-07-14,경인선,동인천,14739,14073,28812
2022-07-14,경인선,백운,8039,7768,15807
2022-07-14,경인선,부개,9617,8800,18417
2022-07-14,경인선,부천,33257,33102,66359
2022-07-14,경인선,부평,30396,32308,62704
2022-07-14,경인선,소사,8767,8731,17498
2022-07-14,경인선,송내,28963,28485,57448
2022-07-14,경인선,역곡,28729,28421,57150
2022-07-14,경인선,오류동,12646,11591,24237
2022-07-14,경인선,온수,7426,6889,14315
2022-07-14,경인선,인천,3739,2834,6573
2022-07-14,경인선,제물포,11225,10665,21890
2022-07-14,경인선,주안,19541,17525,37066
2022-07-14,경인선,중동,9952,9273,19225
2022-07-14,경춘선,가평,2478,2471,4949
2022-07-14,경춘선,갈매,3389,2788,6177
2022-07-14,경춘선,강촌,445,443,888
2022-07-14,경춘선,굴봉산,137,124,261
2022-07-14,경춘선,금곡,1654,1612,3266
2022-07-14,경춘선,김유정,381,395,776
2022-07-14,경춘선,남춘천,2304,2436,4740
2022-07-14,경춘선,대성리,1113,1028,2141
2022-07-14,경춘선,마석,4098,3968,8066
2022-07-14,경춘선,백양리,115,118,233
2022-07-14,경춘선,별내,3415,3189,6604
2022-07-14,경춘선,사릉,2448,2384,4832
2022-07-14,경춘선,상천,264,261,525
2022-07-14,경춘선,신내,2395,2302,4697
2022-07-14,경춘선,천마산,1769,1611,3380
2022-07-14,경춘선,청평,1935,1971,3906
2022-07-14,경춘선,춘천,1310,1172,2482
2022-07-14,경춘선,퇴계원,3790,3443,7233
2022-07-14,경춘선,평내호평,6770,6504,13274
2022-07-14,공항철도,검암,7136,6941,14077
2022-07-14,공항철도,계양,12100,10880,22980
2022-07-14,공항철도,공덕,2672,3456,6128
2022-07-14,공항철도,공항화물청사,2488,2634,5122
2022-07-14,공항철도,김포공항,12330,7121,19451
2022-07-14,공항철도,디지털미디어시티,16115,14939,31054
2022-07-14,공항철도,마곡나루,10413,9940,20353
2022-07-14,공항철도,서울역,9164,8820,17984
2022-07-14,공항철도,영종,3541,3624,7165
2022-07-14,공항철도,운서,8050,8173,16223
2022-07-14,공항철도,인천공항1터미널,7960,7200,15160
2022-07-14,공항철도,인천공항2터미널,3804,3194,6998
2022-07-14,공항철도,청라국제도시,7783,7202,14985
2022-07-14,공항철도,홍대입구,11653,11525,23178
2022-07-14,과천선,경마공원,1412,1386,2798
2022-07-14,과천선,과천,6840,6372,13212
2022-07-14,과천선,대공원,3024,3217,6241
2022-07-14,과천선,범계,27115,27297,54412
2022-07-14,과천선,선바위,8580,7653,16233
2022-07-14,과천선,인덕원,25225,26017,51242
2022-07-14,과천선,정부과천청사,11754,11576,23330
2022-07-14,과천선,평촌,19314,19194,38508
2022-07-14,분당선,가천대,7199,8005,15204
2022-07-14,분당선,강남구청,10385,11804,22189
2022-07-14,분당선,개포동,4212,4376,8588
2022-07-14,분당선,구룡,2555,2422,4977
2022-07-14,분당선,구성,5689,5818,11507
2022-07-14,분당선,기흥,10840,10031,20871
2022-07-14,분당선,대모산입구,5186,4716,9902
2022-07-14,분당선,도곡,7907,7755,15662
2022-07-14,분당선,망포,15555,14662,30217
2022-07-14,분당선,매교,3287,3281,6568
2022-07-14,분당선,매탄권선,5738,5369,11107
2022-07-14,분당선,모란,24823,25485,50308
2022-07-14,분당선,미금,16519,17471,33990
2022-07-14,분당선,보정,3009,2616,5625
2022-07-14,분당선,복정,1,0,1
2022-07-14,분당선,상갈,5687,5524,11211
2022-07-14,분당선,서울숲,12154,12437,24591
2022-07-14,분당선,서현,26681,27231,53912
2022-07-14,분당선,선릉,15138,23082,38220
2022-07-14,분당선,선정릉,8490,9092,17582
2022-07-14,분당선,수내,14834,15027,29861
2022-07-14,분당선,수서,14741,15486,30227
2022-07-14,분당선,수원,8426,6964,15390
2022-07-14,분당선,수원시청,13347,14421,27768
2022-07-14,분당선,신갈,5084,4945,10029
2022-07-14,분당선,압구정로데오,20814,23375,44189
2022-07-14,분당선,야탑,28330,29350,57680
2022-07-14,분당선,영통,8703,8810,17513
2022-07-14,분당선,오리,12621,10434,23055
2022-07-14,분당선,이매,6333,5857,12190
2022-07-14,분당선,정자,20033,21294,41327
2022-07-14,분당선,죽전,13840,15419,29259
2022-07-14,분당선,청명,4647,4451,9098
2022-07-14,분당선,태평,14459,13698,28157
2022-07-14,분당선,한티,16187,17122,33309
2022-07-14,수인선,고색,4762,4469,9231
2022-07-14,수인선,남동인더스파크,2372,2698,5070
2022-07-14,수인선,달월,124,76,200
2022-07-14,수인선,사리,4957,4264,9221
2022-07-14,수인선,소래포구,5173,4730,9903
2022-07-14,수인선,송도,2572,2439,5011
2022-07-14,수인선,숭의,4328,3974,8302
2022-07-14,수인선,신포,1981,2001,3982
2022-07-14,수인선,야목,442,311,753
2022-07-14,수인선,어천,785,814,1599
2022-07-14,수인선,연수,4889,4811,9700
2022-07-14,수인선,오목천,3159,2893,6052
2022-07-14,수인선,원인재,4634,4738,9372
2022-07-14,수인선,월곶,3090,2963,6053
2022-07-14,수인선,인천,1182,1833,3015
2022-07-14,수인선,인천논현,5825,6199,12024
2022-07-14,수인선,인하대,6332,5928,12260
2022-07-14,수인선,호구포,4505,4687,9192
2022-07-14,신림선,관악산,2877,2876,5753
2022-07-14,신림선,당곡,3660,3636,7296
2022-07-14,신림선,대방,1944,1464,3408
2022-07-14,신림선,보라매,2874,2704,5578
2022-07-14,신림선,보라매공원,1835,2054,3889
2022-07-14,신림선,보라매병원,6553,7048,13601
2022-07-14,신림선,샛강,2324,2853,5177
2022-07-14,신림선,서울대벤처타운,6493,6489,12982
2022-07-14,신림선,서울지방병무청,2210,2466,4676
2022-07-14,신림선,서원,2875,2602,5477
2022-07-14,신림선,신림,1594,2227,3821
2022-07-14,안산선,고잔,9387,8779,18166
2022-07-14,안산선,대야미,5204,4656,9860
2022-07-14,안산선,반월,4466,4388,8854
2022-07-14,안산선,산본,16579,17824,34403
2022-07-14,안산선,상록수,15968,16255,32223
2022-07-14,안산선,수리산,4412,3623,8035
2022-07-14,안산선,신길온천,1898,1645,3543
2022-07-14,안산선,안산,11951,10860,22811
2022-07-14,안산선,오이도,8779,8480,17259
2022-07-14,안산선,정왕,8140,8630,16770
2022-07-14,안산선,중앙,18376,18956,37332
2022-07-14,안산선,초지,5033,5008,10041
2022-07-14,안산선,한대앞,9345,9484,18829
2022-07-14,우이신설선,4.19민주묘지,3078,2829,5907
2022-07-14,우이신설선,가오리,4521,4440,8961
2022-07-14,우이신설선,보문,1678,1610,3288
2022-07-14,우이신설선,북한산보국문,6205,5847,12052
2022-07-14,우이신설선,북한산우이,2891,2646,5537
2022-07-14,우이신설선,삼양,2238,2257,4495
2022-07-14,우이신설선,삼양사거리,2635,2649,5284
2022-07-14,우이신설선,성신여대입구,3493,3883,7376
2022-07-14,우이신설선,솔밭공원,2774,2653,5427
2022-07-14,우이신설선,솔샘,6527,5998,12525
2022-07-14,우이신설선,신설동,2221,2190,4411
2022-07-14,우이신설선,정릉,4805,4453,9258
2022-07-14,우이신설선,화계,3656,3341,6997
2022-07-14,일산선,대곡,2336,1781,4117
2022-07-14,일산선,대화,13745,10692,24437
2022-07-14,일산선,마두,8097,8243,16340
2022-07-14,일산선,백석,10468,10415,20883
2022-07-14,일산선,삼송,20929,20180,41109
2022-07-14,일산선,원당,12040,11261,23301
2022-07-14,일산선,원흥,12067,11199,23266
2022-07-14,일산선,정발산,7664,7745,15409
2022-07-14,일산선,주엽,9969,9980,19949
2022-07-14,일산선,지축,1,0,1
2022-07-14,일산선,화정,17929,18134,36063
2022-07-14,장항선,배방,1139,1132,2271
2022-07-14,장항선,봉명,1416,1385,2801
2022-07-14,장항선,신창,1225,1164,2389
2022-07-14,장항선,쌍용,2146,1965,4111
2022-07-14,장항선,아산,3002,2834,5836
2022-07-14,장항선,온양온천,4351,4508,8859
2022-07-14,장항선,탕정,957,864,1821
2022-07-14,중앙선,구리,14240,14377,28617
2022-07-14,중앙선,국수,799,803,1602
2022-07-14,중앙선,덕소,6016,5967,11983
2022-07-14,중앙선,도농,12013,10666,22679
2022-07-14,중앙선,도심,2719,2034,4753
2022-07-14,중앙선,망우,8332,8058,16390
2022-07-14,중앙선,상봉,6278,5937,12215
2022-07-14,중앙선,신원,220,180,400
2022-07-14,중앙선,아신,561,590,1151
2022-07-14,중앙선,양수,2857,2799,5656
2022-07-14,중앙선,양원,3333,3184,6517
2022-07-14,중앙선,양정,808,656,1464
2022-07-14,중앙선,양평,3080,3138,6218
2022-07-14,중앙선,오빈,335,336,671
2022-07-14,중앙선,용문,1916,1963,3879
2022-07-14,중앙선,운길산,722,707,1429
2022-07-14,중앙선,원덕,405,375,780
2022-07-14,중앙선,중랑,6097,5653,11750
2022-07-14,중앙선,지평,67,69,136
2022-07-14,중앙선,팔당,972,1064,2036
2022-07-14,중앙선,회기,25829,24783,50612
2022-07-15,1호선,동대문,11660,10420,22080
2022-07-15,1호선,동묘앞,8642,8942,17584
2022-07-15,1호선,서울역,53146,52667,105813
2022-07-15,1호선,시청,24715,25463,50178
2022-07-15,1호선,신설동,15277,14613,29890
2022-07-15,1호선,제기동,19129,19637,38766
2022-07-15,1호선,종각,40764,40402,81166
2022-07-15,1호선,종로3가,28474,26574,55048
2022-07-15,1호선,종로5가,24476,24466,48942
2022-07-15,1호선,청량리,21901,21931,43832
2022-07-15,2호선,강남,96795,96558,193353
2022-07-15,2호선,강변,36447,35829,72276
2022-07-15,2호선,건대입구,39657,44757,84414
2022-07-15,2호선,교대,38523,43802,82325
2022-07-15,2호선,구로디지털단지,64397,64229,128626
2022-07-15,2호선,구의,25768,25234,51002
2022-07-15,2호선,낙성대,30748,28544,59292
2022-07-15,2호선,당산,19878,23256,43134
2022-07-15,2호선,대림,25438,26029,51467
2022-07-15,2호선,도림천,1517,1604,3121
2022-07-15,2호선,동대문역사문화공원,14449,15661,30110
2022-07-15,2호선,뚝섬,24672,26313,50985
2022-07-15,2호선,문래,25149,26119,51268
2022-07-15,2호선,방배,17535,17840,35375
2022-07-15,2호선,봉천,26188,23809,49997
2022-07-15,2호선,사당,43771,48238,92009
2022-07-15,2호선,삼성,63235,62785,126020
2022-07-15,2호선,상왕십리,16039,15343,31382
2022-07-15,2호선,서울대입구,52348,49888,102236
2022-07-15,2호선,서초,24048,22540,46588
2022-07-15,2호선,선릉,64538,56470,121008
2022-07-15,2호선,성수,41537,46133,87670
2022-07-15,2호선,시청,26014,25294,51308
2022-07-15,2호선,신답,1935,2083,4018
2022-07-15,2호선,신당,15462,15585,31047
2022-07-15,2호선,신대방,27672,26372,54044
2022-07-15,2호선,신도림,52547,52611,105158
2022-07-15,2호선,신림,64275,60890,125165
2022-07-15,2호선,신설동,3975,3930,7905
2022-07-15,2호선,신정네거리,11348,11615,22963
2022-07-15,2호선,신촌,39616,40553,80169
2022-07-15,2호선,아현,11675,10929,22604
2022-07-15,2호선,양천구청,7521,7725,15246
2022-07-15,2호선,역삼,57203,64441,121644
2022-07-15,2호선,영등포구청,23834,24589,48423
2022-07-15,2호선,왕십리,18397,15788,34185
2022-07-15,2호선,용답,3097,2846,5943
2022-07-15,2호선,용두,2782,2744,5526
2022-07-15,2호선,을지로3가,25968,26921,52889
2022-07-15,2호선,을지로4가,14673,14671,29344
2022-07-15,2호선,을지로입구,45184,46738,91922
2022-07-15,2호선,이대,15027,15342,30369
2022-07-15,2호선,잠실,85892,85901,171793
2022-07-15,2호선,잠실나루,16166,15408,31574
2022-07-15,2호선,잠실새내,25888,27302,53190
2022-07-15,2호선,종합운동장,30329,35950,66279
2022-07-15,2호선,충정로,10676,11277,21953
2022-07-15,2호선,한양대,8080,8456,16536
2022-07-15,2호선,합정,35126,39262,74388
2022-07-15,2호선,홍대입구,67085,75557,142642
2022-07-15,3호선,가락시장,10078,9779,19857
2022-07-15,3호선,경복궁,23464,23376,46840
2022-07-15,3호선,경찰병원,8003,8158,16161
2022-07-15,3호선,고속터미널,52140,53027,105167
2022-07-15,3호선,교대,16287,10602,26889
2022-07-15,3호선,구파발,23067,22244,45311
2022-07-15,3호선,금호,8707,7767,16474
2022-07-15,3호선,남부터미널,33579,34028,67607
2022-07-15,3호선,녹번,16620,14583,31203
2022-07-15,3호선,대청,11246,10311,21557
2022-07-15,3호선,대치,12662,12742,25404
2022-07-15,3호선,도곡,5933,5929,11862
2022-07-15,3호선,독립문,7739,7857,15596
2022-07-15,3호선,동대입구,8296,8899,17195
2022-07-15,3호선,매봉,14145,13487,27632
2022-07-15,3호선,무악재,4245,4120,8365
2022-07-15,3호선,불광,17633,18446,36079
2022-07-15,3호선,수서,19632,19539,39171
2022-07-15,3호선,신사,32881,35894,68775
2022-07-15,3호선,안국,25500,26448,51948
2022-07-15,3호선,압구정,36459,39469,75928
2022-07-15,3호선,약수,14300,13705,28005
2022-07-15,3호선,양재,42453,44728,87181
2022-07-15,3호선,연신내,39925,37491,77416
2022-07-15,3호선,오금,6858,5996,12854
2022-07-15,3호선,옥수,9857,10057,19914
2022-07-15,3호선,을지로3가,11807,12441,24248
2022-07-15,3호선,일원,11723,11042,22765
2022-07-15,3호선,잠원,5504,5273,10777
2022-07-15,3호선,종로3가,11048,13444,24492
2022-07-15,3호선,지축,5794,5296,11090
2022-07-15,3호선,충무로,1,0,1
2022-07-15,3호선,학여울,3263,3281,6544
2022-07-15,3호선,홍제,18883,17426,36309
2022-07-15,4호선,길음,22222,21148,43370
2022-07-15,4호선,남태령,1477,1161,2638
2022-07-15,4호선,노원,20101,23595,43696
2022-07-15,4호선,당고개,9681,8617,18298
2022-07-15,4호선,동대문,21188,21244,42432
2022-07-15,4호선,동대문역사문화공원,16587,14458,31045
2022-07-15,4호선,동작,1606,1729,3335
2022-07-15,4호선,명동,22437,23836,46273
2022-07-15,4호선,미아,16064,15074,31138
2022-07-15,4호선,미아사거리,29812,29104,58916
2022-07-15,4호선,사당,28496,24453,52949
2022-07-15,4호선,삼각지,5944,6759,12703
2022-07-15,4호선,상계,20627,18864,39491
2022-07-15,4호선,서울역,12754,21288,34042
2022-07-15,4호선,성신여대입구,21478,20750,42228
2022-07-15,4호선,수유,35976,36372,72348
2022-07-15,4호선,숙대입구,14263,13949,28212
2022-07-15,4호선,신용산,19946,20921,40867
2022-07-15,4호선,쌍문,30577,28229,58806
2022-07-15,4호선,이촌,9649,10625,20274
2022-07-15,4호선,창동,27811,29297,57108
2022-07-15,4호선,총신대입구,20867,22637,43504
2022-07-15,4호선,충무로,27365,29291,56656
2022-07-15,4호선,한성대입구,14366,13728,28094
2022-07-15,4호선,혜화,37424,37898,75322
2022-07-15,4호선,회현,26139,27400,53539
2022-07-15,5호선,강동,20149,18977,39126
2022-07-15,5호선,강일,4812,4626,9438
2022-07-15,5호선,개롱,7139,7314,14453
2022-07-15,5호선,개화산,6160,5726,11886
2022-07-15,5호선,거여,11163,10399,21562
2022-07-15,5호선,고덕,11026,10807,21833
2022-07-15,5호선,공덕,15554,16330,31884
2022-07-15,5호선,광나루,15037,13719,28756
2022-07-15,5호선,광화문,33609,35876,69485
2022-07-15,5호선,군자,12112,13459,25571
2022-07-15,5호선,굽은다리,10611,10090,20701
2022-07-15,5호선,길동,8764,9297,18061
2022-07-15,5호선,김포공항,9293,8789,18082
2022-07-15,5호선,까치산,31525,29399,60924
2022-07-15,5호선,답십리,17660,15795,33455
2022-07-15,5호선,동대문역사문화공원,3327,3844,7171
2022-07-15,5호선,둔촌동,9022,9191,18213
2022-07-15,5호선,마곡,11400,11676,23076
2022-07-15,5호선,마장,6163,5598,11761
2022-07-15,5호선,마천,8237,7803,16040
2022-07-15,5호선,마포,15556,16115,31671
2022-07-15,5호선,명일,9513,9641,19154
2022-07-15,5호선,목동,18625,19372,37997
2022-07-15,5호선,미사,17662,17907,35569
2022-07-15,5호선,발산,22051,23415,45466
2022-07-15,5호선,방이,7738,8115,15853
2022-07-15,5호선,방화,7487,6983,14470
2022-07-15,5호선,상일동,16336,14632,30968
2022-07-15,5호선,서대문,20569,20816,41385
2022-07-15,5호선,송정,7226,6659,13885
2022-07-15,5호선,신금호,7155,7232,14387
2022-07-15,5호선,신길,4704,4794,9498
2022-07-15,5호선,신정,15253,12009,27262
2022-07-15,5호선,아차산,16015,15134,31149
2022-07-15,5호선,애오개,7680,7456,15136
2022-07-15,5호선,양평,8120,7837,15957
2022-07-15,5호선,여의나루,13478,14715,28193
2022-07-15,5호선,여의도,30440,32967,63407
2022-07-15,5호선,영등포구청,4328,4348,8676
2022-07-15,5호선,영등포시장,11611,11743,23354
2022-07-15,5호선,오금,4112,4207,8319
2022-07-15,5호선,오목교,24208,26096,50304
2022-07-15,5호선,올림픽공원,4985,4065,9050
2022-07-15,5호선,왕십리,4997,5942,10939
2022-07-15,5호선,우장산,15971,15529,31500
2022-07-15,5호선,을지로4가,6493,6983,13476
2022-07-15,5호선,장한평,20037,19891,39928
2022-07-15,5호선,종로3가,14805,15332,30137
2022-07-15,5호선,천호,20561,20881,41442
2022-07-15,5호선,청구,4221,3965,8186
2022-07-15,5호선,충정로,4549,4625,9174
2022-07-15,5호선,하남검단산,6500,6164,12664
2022-07-15,5호선,하남시청,7751,7450,15201
2022-07-15,5호선,하남풍산,4708,4603,9311
2022-07-15,5호선,행당,8900,7747,16647
2022-07-15,5호선,화곡,31070,28376,59446
2022-07-15,6호선,고려대,8896,8476,17372
2022-07-15,6호선,공덕,20159,19472,39631
2022-07-15,6호선,광흥창,10100,9622,19722
2022-07-15,6호선,구산,8496,6208,14704
2022-07-15,6호선,녹사평,5741,6155,11896
2022-07-15,6호선,대흥,9188,9272,18460
2022-07-15,6호선,독바위,3060,3094,6154
2022-07-15,6호선,돌곶이,10071,9030,19101
2022-07-15,6호선,동묘앞,8445,8422,16867
2022-07-15,6호선,디지털미디어시티,15355,16612,31967
2022-07-15,6호선,마포구청,15848,14034,29882
2022-07-15,6호선,망원,15322,16788,32110
2022-07-15,6호선,버티고개,2370,2299,4669
2022-07-15,6호선,보문,8461,7508,15969
2022-07-15,6호선,봉화산,9724,9087,18811
2022-07-15,6호선,불광,5007,4964,9971
2022-07-15,6호선,삼각지,7998,6705,14703
2022-07-15,6호선,상수,10115,12522,22637
2022-07-15,6호선,상월곡,6837,5983,12820
2022-07-15,6호선,새절,13633,12278,25911
2022-07-15,6호선,석계,13114,13489,26603
2022-07-15,6호선,신당,8700,8257,16957
2022-07-15,6호선,안암,11327,11113,22440
2022-07-15,6호선,약수,4033,4172,8205
2022-07-15,6호선,역촌,4176,4607,8783
2022-07-15,6호선,연신내,1,0,1
2022-07-15,6호선,월곡,12727,12378,25105
2022-07-15,6호선,월드컵경기장,4826,5077,9903
2022-07-15,6호선,응암,19140,18593,37733
2022-07-15,6호선,이태원,13274,18233,31507
2022-07-15,6호선,증산,10732,10297,21029
2022-07-15,6호선,창신,3917,3077,6994
2022-07-15,6호선,청구,4038,4173,8211
2022-07-15,6호선,태릉입구,6028,6399,12427
2022-07-15,6호선,한강진,10308,12337,22645
2022-07-15,6호선,합정,15330,15345,30675
2022-07-15,6호선,화랑대,12488,9486,21974
2022-07-15,6호선,효창공원앞,7738,6692,14430
2022-07-15,7호선,가산디지털단지,47882,47499,95381
2022-07-15,7호선,강남구청,17722,20139,37861
2022-07-15,7호선,건대입구,14139,14911,29050
2022-07-15,7호선,고속터미널,19086,15815,34901
2022-07-15,7호선,공릉,13241,12711,25952
2022-07-15,7호선,광명사거리,23844,23639,47483
2022-07-15,7호선,군자,16384,13055,29439
2022-07-15,7호선,남구로,16470,17593,34063
2022-07-15,7호선,남성,12208,10956,23164
2022-07-15,7호선,내방,15920,16033,31953
2022-07-15,7호선,노원,22331,23980,46311
2022-07-15,7호선,논현,20601,22308,42909
2022-07-15,7호선,대림,8446,8663,17109
2022-07-15,7호선,도봉산,9468,10944,20412
2022-07-15,7호선,뚝섬유원지,10526,9740,20266
2022-07-15,7호선,마들,14510,13274,27784
2022-07-15,7호선,먹골,11143,10789,21932
2022-07-15,7호선,면목,16266,15513,31779
2022-07-15,7호선,반포,7145,7089,14234
2022-07-15,7호선,보라매,8565,8565,17130
2022-07-15,7호선,사가정,17387,17346,34733
2022-07-15,7호선,상도,12357,11413,23770
2022-07-15,7호선,상봉,18322,17832,36154
2022-07-15,7호선,수락산,13894,13601,27495
2022-07-15,7호선,숭실대입구,13007,12657,25664
2022-07-15,7호선,신대방삼거리,16622,15541,32163
2022-07-15,7호선,신풍,12835,12125,24960
2022-07-15,7호선,어린이대공원,14714,14231,28945
2022-07-15,7호선,온수,11156,10136,21292
2022-07-15,7호선,용마산,6818,6380,13198
2022-07-15,7호선,이수,18370,17984,36354
2022-07-15,7호선,장승배기,10015,9673,19688
2022-07-15,7호선,장암,2583,1131,3714
2022-07-15,7호선,중계,15803,14080,29883
2022-07-15,7호선,중곡,11965,11115,23080
2022-07-15,7호선,중화,11668,11233,22901
2022-07-15,7호선,천왕,12545,11672,24217
2022-07-15,7호선,철산,23334,23858,47192
2022-07-15,7호선,청담,21450,23816,45266
2022-07-15,7호선,태릉입구,9345,8789,18134
2022-07-15,7호선,하계,19257,17731,36988
2022-07-15,7호선,학동,25371,27237,52608
2022-07-15,8호선,가락시장,8401,9633,18034
2022-07-15,8호선,강동구청,11431,11583,23014
2022-07-15,8호선,남위례,5930,6333,12263
2022-07-15,8호선,남한산성입구,14760,12824,27584
2022-07-15,8호선,단대오거리,11272,10809,22081
2022-07-15,8호선,모란,4989,4031,9020
2022-07-15,8호선,몽촌토성,6666,7060,13726
2022-07-15,8호선,문정,23453,24735,48188
2022-07-15,8호선,복정,10222,8439,18661
2022-07-15,8호선,산성,5856,5596,11452
2022-07-15,8호선,석촌,8455,9928,18383
2022-07-15,8호선,송파,9551,9342,18893
2022-07-15,8호선,수진,5875,5380,11255
2022-07-15,8호선,신흥,4715,5065,9780
2022-07-15,8호선,암사,20378,17666,38044
2022-07-15,8호선,잠실,16367,19845,36212
2022-07-15,8호선,장지,19062,18153,37215
2022-07-15,8호선,천호,16409,19300,35709
2022-07-15,9호선,가양,23293,22421,45714
2022-07-15,9호선,개화,2852,1976,4828
2022-07-15,9호선,고속터미널,16026,22149,38175
2022-07-15,9호선,공항시장,3357,3556,6913
2022-07-15,9호선,구반포,1345,1419,2764
2022-07-15,9호선,국회의사당,18610,19123,37733
2022-07-15,9호선,김포공항,9301,13875,23176
2022-07-15,9호선,노들,5102,4094,9196
2022-07-15,9호선,노량진,28614,27638,56252
2022-07-15,9호선,당산,20878,20962,41840
2022-07-15,9호선,동작,2155,1660,3815
2022-07-15,9호선,등촌,12776,11965,24741
2022-07-15,9호선,마곡나루,13339,13365,26704
2022-07-15,9호선,사평,4853,4634,9487
2022-07-15,9호선,샛강,7015,7058,14073
2022-07-15,9호선,선유도,9444,8729,18173
2022-07-15,9호선,신논현,36299,36750,73049
2022-07-15,9호선,신목동,4723,3940,8663
2022-07-15,9호선,신반포,4225,4249,8474
2022-07-15,9호선,신방화,7616,7328,14944
2022-07-15,9호선,양천향교,10631,10474,21105
2022-07-15,9호선,여의도,31962,30405,62367
2022-07-15,9호선,염창,19347,18225,37572
2022-07-15,9호선,증미,8293,7879,16172
2022-07-15,9호선,흑석,9076,9243,18319
2022-07-15,9호선2~3단계,둔촌오륜,1397,1236,2633
2022-07-15,9호선2~3단계,봉은사,22038,22396,44434
2022-07-15,9호선2~3단계,삼성중앙,8620,8759,17379
2022-07-15,9호선2~3단계,삼전,7879,7520,15399
2022-07-15,9호선2~3단계,석촌,9861,8691,18552
2022-07-15,9호선2~3단계,석촌고분,7225,7002,14227
2022-07-15,9호선2~3단계,선정릉,11200,12163,23363
2022-07-15,9호선2~3단계,송파나루,6051,6731,12782
2022-07-15,9호선2~3단계,언주,12495,12434,24929
2022-07-15,9호선2~3단계,올림픽공원,6962,7027,13989
2022-07-15,9호선2~3단계,종합운동장,6859,6899,13758
2022-07-15,9호선2~3단계,중앙보훈병원,12434,10735,23169
2022-07-15,9호선2~3단계,한성백제,2974,2654,5628
2022-07-15,경강선,경기광주,8736,8077,16813
2022-07-15,경강선,곤지암,2508,2423,4931
2022-07-15,경강선,부발,2684,2208,4892
2022-07-15,경강선,삼동,2664,2356,5020
2022-07-15,경강선,세종대왕릉,400,405,805
2022-07-15,경강선,신둔도예촌,1702,1546,3248
2022-07-15,경강선,여주,2646,2799,5445
2022-07-15,경강선,이매,1285,1057,2342
2022-07-15,경강선,이천,3128,3248,6376
2022-07-15,경강선,초월,3744,3425,7169
2022-07-15,경강선,판교,5668,5740,11408
2022-07-15,경부선,가산디지털단지,19805,22657,42462
2022-07-15,경부선,관악,8037,7614,15651
2022-07-15,경부선,광명,4143,3715,7858
2022-07-15,경부선,구로,20150,20806,40956
2022-07-15,경부선,군포,7943,7664,15607
2022-07-15,경부선,금정,29352,29557,58909
2022-07-15,경부선,금천구청,12554,12598,25152
2022-07-15,경부선,남영,10100,10700,20800
2022-07-15,경부선,노량진,8819,8406,17225
2022-07-15,경부선,당정,6864,6249,13113
2022-07-15,경부선,대방,12418,13068,25486
2022-07-15,경부선,독산,19884,20346,40230
2022-07-15,경부선,두정,6668,6581,13249
2022-07-15,경부선,명학,9471,9223,18694
2022-07-15,경부선,병점,16099,15349,31448
2022-07-15,경부선,서동탄,1556,1388,2944
2022-07-15,경부선,서울역,10130,3013,13143
2022-07-15,경부선,서정리,9027,7182,16209
2022-07-15,경부선,석수,10284,9090,19374
2022-07-15,경부선,성균관대,15679,15182,30861
2022-07-15,경부선,성환,4062,3684,7746
2022-07-15,경부선,세류,3445,3152,6597
2022-07-15,경부선,세마,3140,2955,6095
2022-07-15,경부선,송탄,5413,4778,10191
2022-07-15,경부선,수원,38651,42640,81291
2022-07-15,경부선,신길,9741,8319,18060
2022-07-15,경부선,신도림,4422,4438,8860
2022-07-15,경부선,안양,23758,23242,47000
2022-07-15,경부선,영등포,44969,47481,92450
2022-07-15,경부선,오산,10825,10653,21478
2022-07-15,경부선,오산대,4005,3647,7652
2022-07-15,경부선,용산,44341,46080,90421
2022-07-15,경부선,의왕,9644,9452,19096
2022-07-15,경부선,직산,1021,982,2003
2022-07-15,경부선,진위,2077,1664,3741
2022-07-15,경부선,천안,6238,6619,12857
2022-07-15,경부선,평택,14064,13616,27680
2022-07-15,경부선,평택지제,4820,4390,9210
2022-07-15,경부선,화서,8895,8634,17529
2022-07-15,경원선,가능,7431,6945,14376
2022-07-15,경원선,광운대,8014,7528,15542
2022-07-15,경원선,녹양,5227,4810,10037
2022-07-15,경원선,녹천,5129,4124,9253
2022-07-15,경원선,덕계,3561,3239,6800
2022-07-15,경원선,덕정,6171,5756,11927
2022-07-15,경원선,도봉,6632,6335,12967
2022-07-15,경원선,도봉산,8207,5137,13344
2022-07-15,경원선,동두천,2449,2737,5186
2022-07-15,경원선,동두천중앙,3586,3523,7109
2022-07-15,경원선,망월사,8150,8152,16302
2022-07-15,경원선,방학,10817,10424,21241
2022-07-15,경원선,보산,2123,1768,3891
2022-07-15,경원선,서빙고,2249,2069,4318
2022-07-15,경원선,석계,8710,9656,18366
2022-07-15,경원선,소요산,3179,2889,6068
2022-07-15,경원선,신이문,9047,8235,17282
2022-07-15,경원선,양주,8795,8058,16853
2022-07-15,경원선,옥수,69,35,104
2022-07-15,경원선,왕십리,16814,19059,35873
2022-07-15,경원선,외대앞,8224,7987,16211
2022-07-15,경원선,월계,7126,6663,13789
2022-07-15,경원선,응봉,2158,1756,3914
2022-07-15,경원선,의정부,20144,21502,41646
2022-07-15,경원선,이촌,4664,3364,8028
2022-07-15,경원선,지행,7515,7432,14947
2022-07-15,경원선,창동,1,0,1
2022-07-15,경원선,청량리,18302,19749,38051
2022-07-15,경원선,한남,4444,4303,8747
2022-07-15,경원선,회룡,13635,13490,27125
2022-07-15,경의선,가좌,6160,5811,11971
2022-07-15,경의선,강매,3528,2957,6485
2022-07-15,경의선,곡산,704,725,1429
2022-07-15,경의선,공덕,4196,3718,7914
2022-07-15,경의선,금릉,5367,5353,10720
2022-07-15,경의선,금촌,7420,7134,14554
2022-07-15,경의선,능곡,4234,3896,8130
2022-07-15,경의선,디지털미디어시티,2986,2750,5736
2022-07-15,경의선,문산,6031,5881,11912
2022-07-15,경의선,백마,7820,7365,15185
2022-07-15,경의선,서강대,2412,2268,4680
2022-07-15,경의선,서울역,4891,6341,11232
2022-07-15,경의선,수색,3014,3123,6137
2022-07-15,경의선,신촌,945,1287,2232
2022-07-15,경의선,야당,8715,9006,17721
2022-07-15,경의선,운정,7750,6958,14708
2022-07-15,경의선,월롱,3522,2637,6159
2022-07-15,경의선,일산,10222,9989,20211
2022-07-15,경의선,임진강,25,12,37
2022-07-15,경의선,탄현,8569,8122,16691
2022-07-15,경의선,파주,1360,809,2169
2022-07-15,경의선,풍산,6235,5729,11964
2022-07-15,경의선,행신,9397,9301,18698
2022-07-15,경의선,홍대입구,2096,2573,4669
2022-07-15,경의선,화전,2073,1903,3976
2022-07-15,경의선,효창공원앞,3190,3693,6883
2022-07-15,경인선,간석,6657,6136,12793
2022-07-15,경인선,개봉,22988,22300,45288
2022-07-15,경인선,구일,8382,7877,16259
2022-07-15,경인선,도원,4048,4063,8111
2022-07-15,경인선,도화,4683,4240,8923
2022-07-15,경인선,동암,17003,17005,34008
2022-07-15,경인선,동인천,15357,14402,29759
2022-07-15,경인선,백운,7540,7270,14810
2022-07-15,경인선,부개,9654,8840,18494
2022-07-15,경인선,부천,34713,35341,70054
2022-07-15,경인선,부평,32172,35851,68023
2022-07-15,경인선,소사,8833,8689,17522
2022-07-15,경인선,송내,29874,29344,59218
2022-07-15,경인선,역곡,29137,28649,57786
2022-07-15,경인선,오류동,12813,11559,24372
2022-07-15,경인선,온수,7495,6748,14243
2022-07-15,경인선,인천,4081,3231,7312
2022-07-15,경인선,제물포,12017,11176,23193
2022-07-15,경인선,주안,20844,18834,39678
2022-07-15,경인선,중동,10189,9476,19665
2022-07-15,경춘선,가평,2709,2747,5456
2022-07-15,경춘선,갈매,3274,2810,6084
2022-07-15,경춘선,강촌,550,542,1092
2022-07-15,경춘선,굴봉산,145,143,288
2022-07-15,경춘선,금곡,1647,1631,3278
2022-07-15,경춘선,김유정,365,380,745
2022-07-15,경춘선,남춘천,2867,2977,5844
2022-07-15,경춘선,대성리,1111,1511,2622
2022-07-15,경춘선,마석,4269,4192,8461
2022-07-15,경춘선,백양리,151,127,278
2022-07-15,경춘선,별내,3545,3289,6834
2022-07-15,경춘선,사릉,2523,2539,5062
2022-07-15,경춘선,상천,320,314,634
2022-07-15,경춘선,신내,2488,2300,4788
2022-07-15,경춘선,천마산,1781,1615,3396
2022-07-15,경춘선,청평,2223,2353,4576
2022-07-15,경춘선,춘천,1570,1415,2985
2022-07-15,경춘선,퇴계원,3774,3376,7150
2022-07-15,경춘선,평내호평,6834,6694,13528
2022-07-15,공항철도,검암,7390,7204,14594
2022-07-15,공항철도,계양,11977,10892,22869
2022-07-15,공항철도,공덕,2683,3597,6280
2022-07-15,공항철도,공항화물청사,2500,2617,5117
2022-07-15,공항철도,김포공항,14759,7725,22484
2022-07-15,공항철도,디지털미디어시티,15314,14034,29348
2022-07-15,공항철도,마곡나루,10115,9187,19302
2022-07-15,공항철도,서울역,10719,10319,21038
2022-07-15,공항철도,영종,3785,3961,7746
2022-07-15,공항철도,운서,8493,8477,16970
2022-07-15,공항철도,인천공항1터미널,7706,7337,15043
2022-07-15,공항철도,인천공항2터미널,3846,3275,7121
2022-07-15,공항철도,청라국제도시,8092,7795,15887
2022-07-15,공항철도,홍대입구,12335,13111,25446
2022-07-15,과천선,경마공원,8557,8816,17373
2022-07-15,과천선,과천,7191,6535,13726
2022-07-15,과천선,대공원,3577,3720,7297
2022-07-15,과천선,범계,29057,29564,58621
2022-07-15,과천선,선바위,9184,7987,17171
2022-07-15,과천선,인덕원,26919,27287,54206
2022-07-15,과천선,정부과천청사,12123,11786,23909
2022-07-15,과천선,평촌,19415,19220,38635
2022-07-15,분당선,가천대,7507,7918,15425
2022-07-15,분당선,강남구청,10790,12429,23219
2022-07-15,분당선,개포동,4432,4541,8973
2022-07-15,분당선,구룡,2561,2325,4886
2022-07-15,분당선,구성,5658,5797,11455
2022-07-15,분당선,기흥,11227,10423,21650
2022-07-15,분당선,대모산입구,5188,4719,9907
2022-07-15,분당선,도곡,8272,8094,16366
2022-07-15,분당선,망포,16823,15211,32034
2022-07-15,분당선,매교,3483,3468,6951
2022-07-15,분당선,매탄권선,5964,5574,11538
2022-07-15,분당선,모란,21735,22089,43824
2022-07-15,분당선,미금,17147,18059,35206
2022-07-15,분당선,보정,3071,2619,5690
2022-07-15,분당선,복정,1,0,1
2022-07-15,분당선,상갈,6027,5788,11815
2022-07-15,분당선,서울숲,13302,13614,26916
2022-07-15,분당선,서현,29226,29700,58926
2022-07-15,분당선,선릉,15207,22887,38094
2022-07-15,분당선,선정릉,8625,8821,17446
2022-07-15,분당선,수내,15590,15481,31071
2022-07-15,분당선,수서,15823,16490,32313
2022-07-15,분당선,수원,9184,7884,17068
2022-07-15,분당선,수원시청,14356,16823,31179
2022-07-15,분당선,신갈,5217,4992,10209
2022-07-15,분당선,압구정로데오,22506,26686,49192
2022-07-15,분당선,야탑,29135,30429,59564
2022-07-15,분당선,영통,9597,9818,19415
2022-07-15,분당선,오리,13102,10772,23874
2022-07-15,분당선,이매,6619,6036,12655
2022-07-15,분당선,정자,20098,21353,41451
2022-07-15,분당선,죽전,14468,15981,30449
2022-07-15,분당선,청명,5189,4763,9952
2022-07-15,분당선,태평,14612,13732,28344
2022-07-15,분당선,한티,17737,18585,36322
2022-07-15,수인선,고색,5004,4681,9685
2022-07-15,수인선,남동인더스파크,2431,2666,5097
2022-07-15,수인선,달월,117,78,195
2022-07-15,수인선,사리,5404,4480,9884
2022-07-15,수인선,소래포구,5245,4885,10130
2022-07-15,수인선,송도,2638,2461,5099
2022-07-15,수인선,숭의,4497,4059,8556
2022-07-15,수인선,신포,1959,2082,4041
2022-07-15,수인선,야목,468,340,808
2022-07-15,수인선,어천,1028,930,1958
2022-07-15,수인선,연수,5308,5260,10568
2022-07-15,수인선,오목천,3631,3007,6638
2022-07-15,수인선,원인재,4821,4949,9770
2022-07-15,수인선,월곶,3147,2994,6141
2022-07-15,수인선,인천,1135,1872,3007
2022-07-15,수인선,인천논현,6290,6657,12947
2022-07-15,수인선,인하대,6505,5904,12409
2022-07-15,수인선,호구포,4569,4593,9162
2022-07-15,신림선,관악산,3040,2989,6029
2022-07-15,신림선,당곡,3753,3660,7413
2022-07-15,신림선,대방,2056,1574,3630
2022-07-15,신림선,보라매,3088,2807,5895
2022-07-15,신림선,보라매공원,2001,2084,4085
2022-07-15,신림선,보라매병원,6141,6097,12238
2022-07-15,신림선,샛강,2141,2778,4919
2022-07-15,신림선,서울대벤처타운,6748,6601,13349
2022-07-15,신림선,서울지방병무청,2389,2582,4971
2022-07-15,신림선,서원,2898,2444,5342
2022-07-15,신림선,신림,1760,2240,4000
2022-07-15,안산선,고잔,9695,9173,18868
2022-07-15,안산선,대야미,5628,4746,10374
2022-07-15,안산선,반월,4791,4589,9380
2022-07-15,안산선,산본,17480,18824,36304
2022-07-15,안산선,상록수,17153,17053,34206
2022-07-15,안산선,수리산,4489,3581,8070
2022-07-15,안산선,신길온천,2035,1785,3820
2022-07-15,안산선,안산,12827,11815,24642
2022-07-15,안산선,오이도,9452,9366,18818
2022-07-15,안산선,정왕,9045,9321,18366
2022-07-15,안산선,중앙,19687,21344,41031
2022-07-15,안산선,초지,5200,5216,10416
2022-07-15,안산선,한대앞,10090,10008,20098
2022-07-15,우이신설선,4.19민주묘지,3170,2859,6029
2022-07-15,우이신설선,가오리,4638,4443,9081
2022-07-15,우이신설선,보문,1711,1678,3389
2022-07-15,우이신설선,북한산보국문,6400,5886,12286
2022-07-15,우이신설선,북한산우이,3573,3337,6910
2022-07-15,우이신설선,삼양,2218,2312,4530
2022-07-15,우이신설선,삼양사거리,2715,2653,5368
2022-07-15,우이신설선,성신여대입구,3677,4192,7869
2022-07-15,우이신설선,솔밭공원,2841,2609,5450
2022-07-15,우이신설선,솔샘,6295,5718,12013
2022-07-15,우이신설선,신설동,2384,2308,4692
2022-07-15,우이신설선,정릉,5085,4434,9519
2022-07-15,우이신설선,화계,3798,3521,7319
2022-07-15,일산선,대곡,2410,1874,4284
2022-07-15,일산선,대화,13933,10864,24797
2022-07-15,일산선,마두,8337,8654,16991
2022-07-15,일산선,백석,10623,10629,21252
2022-07-15,일산선,삼송,21367,20214,41581
2022-07-15,일산선,원당,12194,11129,23323
2022-07-15,일산선,원흥,12306,11216,23522
2022-07-15,일산선,정발산,8237,9083,17320
2022-07-15,일산선,주엽,10146,10003,20149
2022-07-15,일산선,화정,18438,18609,37047
2022-07-15,장항선,배방,1319,1197,2516
2022-07-15,장항선,봉명,1411,1371,2782
2022-07-15,장항선,신창,1525,1305,2830
2022-07-15,장항선,쌍용,2174,2004,4178
2022-07-15,장항선,아산,3766,3870,7636
2022-07-15,장항선,온양온천,4141,4158,8299
2022-07-15,장항선,탕정,1017,879,1896
2022-07-15,중앙선,구리,14513,14849,29362
2022-07-15,중앙선,국수,818,826,1644
2022-07-15,중앙선,덕소,6042,6005,12047
2022-07-15,중앙선,도농,12133,11019,23152
2022-07-15,중앙선,도심,2763,2150,4913
2022-07-15,중앙선,망우,8650,8415,17065
2022-07-15,중앙선,상봉,6345,6428,12773
2022-07-15,중앙선,신원,223,191,414
2022-07-15,중앙선,아신,594,634,1228
2022-07-15,중앙선,양수,2600,2628,5228
2022-07-15,중앙선,양원,3448,3299,6747
2022-07-15,중앙선,양정,759,686,1445
2022-07-15,중앙선,양평,3217,3287,6504
2022-07-15,중앙선,오빈,358,375,733
2022-07-15,중앙선,용문,3358,3636,6994
2022-07-15,중앙선,운길산,805,778,1583
2022-07-15,중앙선,원덕,439,427,866
2022-07-15,중앙선,중랑,6334,5856,12190
2022-07-15,중앙선,지평,85,99,184
2022-07-15,중앙선,팔당,968,1033,2001
2022-07-15,중앙선,회기,26776,24925,51701
2022-07-18,1호선,동대문,10974,10253,21227
2022-07-18,1호선,동묘앞,7426,7975,15401
2022-07-18,1호선,서울역,46822,45348,92170
2022-07-18,1호선,시청,23220,23606,46826
2022-07-18,1호선,신설동,14107,13745,27852
2022-07-18,1호선,제기동,16824,16920,33744
2022-07-18,1호선,종각,38017,37878,75895
2022-07-18,1호선,종로3가,25979,24010,49989
2022-07-18,1호선,종로5가,22973,22777,45750
2022-07-18,1호선,청량리,19503,19236,38739
2022-07-18,2호선,강남,87595,84835,172430
2022-07-18,2호선,강변,32086,30767,62853
2022-07-18,2호선,건대입구,33963,36779,70742
2022-07-18,2호선,교대,35954,40824,76778
2022-07-18,2호선,구로디지털단지,61230,61410,122640
2022-07-18,2호선,구의,24145,23770,47915
2022-07-18,2호선,낙성대,27953,27696,55649
2022-07-18,2호선,당산,18128,21768,39896
2022-07-18,2호선,대림,24505,25005,49510
2022-07-18,2호선,도림천,1543,1652,3195
2022-07-18,2호선,동대문역사문화공원,12998,14625,27623
2022-07-18,2호선,뚝섬,22668,24821,47489
2022-07-18,2호선,문래,22804,23441,46245
2022-07-18,2호선,방배,16448,17041,33489
2022-07-18,2호선,봉천,24797,23061,47858
2022-07-18,2호선,사당,37449,40960,78409
2022-07-18,2호선,삼성,55023,55501,110524
2022-07-18,2호선,상왕십리,14721,14349,29070
2022-07-18,2호선,서울대입구,47440,47157,94597
2022-07-18,2호선,서초,22786,22145,44931
2022-07-18,2호선,선릉,62226,54974,117200
2022-07-18,2호선,성수,39993,43319,83312
2022-07-18,2호선,시청,23944,23668,47612
2022-07-18,2호선,신답,1787,2063,3850
2022-07-18,2호선,신당,14386,14580,28966
2022-07-18,2호선,신대방,25895,25115,51010
2022-07-18,2호선,신도림,47897,47263,95160
2022-07-18,2호선,신림,58660,56094,114754
2022-07-18,2호선,신설동,3484,3425,6909
2022-07-18,2호선,신정네거리,10565,10872,21437
2022-07-18,2호선,신촌,34962,35357,70319
2022-07-18,2호선,아현,10621,9968,20589
2022-07-18,2호선,양천구청,7169,7483,14652
2022-07-18,2호선,역삼,56465,63763,120228
2022-07-18,2호선,영등포구청,23113,23881,46994
2022-07-18,2호선,왕십리,15851,13458,29309
2022-07-18,2호선,용답,2805,2730,5535
2022-07-18,2호선,용두,2437,2448,4885
2022-07-18,2호선,을지로3가,24540,24578,49118
2022-07-18,2호선,을지로4가,13836,13878,27714
2022-07-18,2호선,을지로입구,42651,43934,86585
2022-07-18,2호선,이대,13904,15066,28970
2022-07-18,2호선,잠실,69223,69472,138695
2022-07-18,2호선,잠실나루,15334,14845,30179
2022-07-18,2호선,잠실새내,22230,21943,44173
2022-07-18,2호선,종합운동장,7357,8255,15612
2022-07-18,2호선,충정로,10181,10782,20963
2022-07-18,2호선,한양대,7832,8456,16288
2022-07-18,2호선,합정,30336,32394,62730
2022-07-18,2호선,홍대입구,56500,59738,116238
2022-07-18,3호선,가락시장,9273,8984,18257
2022-07-18,3호선,경복궁,20961,21662,42623
2022-07-18,3호선,경찰병원,7748,7849,15597
2022-07-18,3호선,고속터미널,37353,35128,72481
2022-07-18,3호선,교대,15195,9986,25181
2022-07-18,3호선,구파발,21999,21210,43209
2022-07-18,3호선,금호,8087,7510,15597
2022-07-18,3호선,남부터미널,29381,29783,59164
2022-07-18,3호선,녹번,16028,14468,30496
2022-07-18,3호선,대청,11080,10450,21530
2022-07-18,3호선,대치,11936,12123,24059
2022-07-18,3호선,도곡,5783,5815,11598
2022-07-18,3호선,독립문,7222,7224,14446
2022-07-18,3호선,동대입구,7487,7976,15463
2022-07-18,3호선,매봉,13355,12727,26082
2022-07-18,3호선,무악재,4118,4005,8123
2022-07-18,3호선,불광,16339,17379,33718
2022-07-18,3호선,수서,17498,18289,35787
2022-07-18,3호선,신사,29681,31257,60938
2022-07-18,3호선,안국,22769,22891,45660
2022-07-18,3호선,압구정,33739,36182,69921
2022-07-18,3호선,약수,13302,12886,26188
2022-07-18,3호선,양재,38639,42765,81404
2022-07-18,3호선,연신내,36807,34854,71661
2022-07-18,3호선,오금,6529,5896,12425
2022-07-18,3호선,옥수,9090,9466,18556
2022-07-18,3호선,을지로3가,11346,11223,22569
2022-07-18,3호선,일원,11447,11096,22543
2022-07-18,3호선,잠원,5190,5027,10217
2022-07-18,3호선,종로3가,10404,11980,22384
2022-07-18,3호선,지축,5559,5304,10863
2022-07-18,3호선,충무로,1,0,1
2022-07-18,3호선,학여울,1795,1788,3583
2022-07-18,3호선,홍제,17900,16766,34666
2022-07-18,4호선,길음,20778,20507,41285
2022-07-18,4호선,남태령,1260,1106,2366
2022-07-18,4호선,노원,18318,21058,39376
2022-07-18,4호선,당고개,9250,8252,17502
2022-07-18,4호선,동대문,20730,21297,42027
2022-07-18,4호선,동대문역사문화공원,15695,14173,29868
2022-07-18,4호선,동작,1407,1516,2923
2022-07-18,4호선,명동,20423,20816,41239
2022-07-18,4호선,미아,14906,14372,29278
2022-07-18,4호선,미아사거리,27080,26529,53609
2022-07-18,4호선,사당,24772,20815,45587
2022-07-18,4호선,삼각지,5064,5541,10605
2022-07-18,4호선,상계,19667,18318,37985
2022-07-18,4호선,서울역,12089,17913,30002
2022-07-18,4호선,성신여대입구,19601,19121,38722
2022-07-18,4호선,수유,33350,33586,66936
2022-07-18,4호선,숙대입구,12868,12475,25343
2022-07-18,4호선,신용산,17635,18628,36263
2022-07-18,4호선,쌍문,29028,27003,56031
2022-07-18,4호선,이촌,8604,9681,18285
2022-07-18,4호선,창동,25653,27066,52719
2022-07-18,4호선,총신대입구,18864,20437,39301
2022-07-18,4호선,충무로,26489,27745,54234
2022-07-18,4호선,한성대입구,12740,12344,25084
2022-07-18,4호선,혜화,30976,31082,62058
2022-07-18,4호선,회현,25541,26580,52121
2022-07-18,5호선,강동,19074,18291,37365
2022-07-18,5호선,강일,4717,4530,9247
2022-07-18,5호선,개롱,6801,7111,13912
2022-07-18,5호선,개화산,5745,5527,11272
2022-07-18,5호선,거여,10592,10211,20803
2022-07-18,5호선,고덕,10393,10190,20583
2022-07-18,5호선,공덕,15024,15805,30829
2022-07-18,5호선,광나루,13351,12174,25525
2022-07-18,5호선,광화문,31435,32695,64130
2022-07-18,5호선,군자,11113,12189,23302
2022-07-18,5호선,굽은다리,9946,9566,19512
2022-07-18,5호선,길동,8331,8682,17013
2022-07-18,5호선,김포공항,7908,7701,15609
2022-07-18,5호선,까치산,29527,28019,57546
2022-07-18,5호선,답십리,16592,15053,31645
2022-07-18,5호선,동대문역사문화공원,3254,3665,6919
2022-07-18,5호선,둔촌동,8187,8282,16469
2022-07-18,5호선,마곡,11321,11484,22805
2022-07-18,5호선,마장,5707,5165,10872
2022-07-18,5호선,마천,7661,7213,14874
2022-07-18,5호선,마포,14739,15182,29921
2022-07-18,5호선,명일,8940,9261,18201
2022-07-18,5호선,목동,17288,18501,35789
2022-07-18,5호선,미사,16804,16847,33651
2022-07-18,5호선,발산,21362,21821,43183
2022-07-18,5호선,방이,7268,7485,14753
2022-07-18,5호선,방화,7048,6684,13732
2022-07-18,5호선,상일동,15674,14300,29974
2022-07-18,5호선,서대문,20277,20641,40918
2022-07-18,5호선,송정,6712,6243,12955
2022-07-18,5호선,신금호,6650,6990,13640
2022-07-18,5호선,신길,4351,4745,9096
2022-07-18,5호선,신정,14611,11921,26532
2022-07-18,5호선,아차산,14263,13860,28123
2022-07-18,5호선,애오개,7168,7085,14253
2022-07-18,5호선,양평,7925,7913,15838
2022-07-18,5호선,여의나루,12057,13283,25340
2022-07-18,5호선,여의도,29606,31913,61519
2022-07-18,5호선,영등포구청,4326,4510,8836
2022-07-18,5호선,영등포시장,10318,10386,20704
2022-07-18,5호선,오금,3929,3914,7843
2022-07-18,5호선,오목교,22080,23553,45633
2022-07-18,5호선,올림픽공원,4460,3772,8232
2022-07-18,5호선,왕십리,4393,5113,9506
2022-07-18,5호선,우장산,15078,14830,29908
2022-07-18,5호선,을지로4가,6450,6658,13108
2022-07-18,5호선,장한평,18858,18706,37564
2022-07-18,5호선,종로3가,12507,12545,25052
2022-07-18,5호선,천호,17816,18213,36029
2022-07-18,5호선,청구,4036,3703,7739
2022-07-18,5호선,충정로,4691,4749,9440
2022-07-18,5호선,하남검단산,6083,5721,11804
2022-07-18,5호선,하남시청,7257,7062,14319
2022-07-18,5호선,하남풍산,4371,4304,8675
2022-07-18,5호선,행당,8443,7575,16018
2022-07-18,5호선,화곡,29251,27371,56622
2022-07-18,6호선,고려대,8135,7812,15947
2022-07-18,6호선,공덕,19309,18670,37979
2022-07-18,6호선,광흥창,9800,9439,19239
2022-07-18,6호선,구산,7907,6064,13971
2022-07-18,6호선,녹사평,4677,4640,9317
2022-07-18,6호선,대흥,8468,8703,17171
2022-07-18,6호선,독바위,2893,3004,5897
2022-07-18,6호선,돌곶이,9498,8850,18348
2022-07-18,6호선,동묘앞,7993,8172,16165
2022-07-18,6호선,디지털미디어시티,15231,16713,31944
2022-07-18,6호선,마포구청,14739,13263,28002
2022-07-18,6호선,망원,13408,14449,27857
2022-07-18,6호선,버티고개,2119,2181,4300
2022-07-18,6호선,보문,7695,6959,14654
2022-07-18,6호선,봉화산,9228,8727,17955
2022-07-18,6호선,불광,4114,4352,8466
2022-07-18,6호선,삼각지,6527,5692,12219
2022-07-18,6호선,상수,8501,9497,17998
2022-07-18,6호선,상월곡,6369,5685,12054
2022-07-18,6호선,새절,12802,11948,24750
2022-07-18,6호선,석계,12209,12936,25145
2022-07-18,6호선,신내,2,0,2
2022-07-18,6호선,신당,7843,8560,16403
2022-07-18,6호선,안암,11161,11171,22332
2022-07-18,6호선,약수,3869,3716,7585
2022-07-18,6호선,역촌,3987,4394,8381
2022-07-18,6호선,월곡,12086,11802,23888
2022-07-18,6호선,월드컵경기장,4081,4300,8381
2022-07-18,6호선,응암,18099,17955,36054
2022-07-18,6호선,이태원,9991,10238,20229
2022-07-18,6호선,증산,10303,10042,20345
2022-07-18,6호선,창신,3553,2731,6284
2022-07-18,6호선,청구,3764,3965,7729
2022-07-18,6호선,태릉입구,5493,5896,11389
2022-07-18,6호선,한강진,6922,8006,14928
2022-07-18,6호선,합정,13075,12747,25822
2022-07-18,6호선,화랑대,11922,9345,21267
2022-07-18,6호선,효창공원앞,7251,6486,13737
2022-07-18,7호선,가산디지털단지,47594,47809,95403
2022-07-18,7호선,강남구청,17266,18950,36216
2022-07-18,7호선,건대입구,12507,13001,25508
2022-07-18,7호선,고속터미널,17192,14306,31498
2022-07-18,7호선,공릉,12242,12252,24494
2022-07-18,7호선,광명사거리,21974,21613,43587
2022-07-18,7호선,군자,15262,12185,27447
2022-07-18,7호선,남구로,16533,17271,33804
2022-07-18,7호선,남성,11403,10572,21975
2022-07-18,7호선,내방,15269,15474,30743
2022-07-18,7호선,노원,20731,21424,42155
2022-07-18,7호선,논현,19547,20776,40323
2022-07-18,7호선,대림,8324,8280,16604
2022-07-18,7호선,도봉산,9304,10423,19727
2022-07-18,7호선,뚝섬유원지,9250,8725,17975
2022-07-18,7호선,마들,13486,12692,26178
2022-07-18,7호선,먹골,10333,10308,20641
2022-07-18,7호선,면목,15340,15062,30402
2022-07-18,7호선,반포,5998,5917,11915
2022-07-18,7호선,보라매,8257,8399,16656
2022-07-18,7호선,사가정,16259,16146,32405
2022-07-18,7호선,상도,11031,10802,21833
2022-07-18,7호선,상봉,16991,16094,33085
2022-07-18,7호선,수락산,12948,12671,25619
2022-07-18,7호선,숭실대입구,11998,12269,24267
2022-07-18,7호선,신대방삼거리,15694,15090,30784
2022-07-18,7호선,신풍,12180,11426,23606
2022-07-18,7호선,어린이대공원,13031,12845,25876
2022-07-18,7호선,온수,10412,9468,19880
2022-07-18,7호선,용마산,6041,5926,11967
2022-07-18,7호선,이수,16263,15873,32136
2022-07-18,7호선,장승배기,9615,9587,19202
2022-07-18,7호선,장암,2412,905,3317
2022-07-18,7호선,중계,14992,13744,28736
2022-07-18,7호선,중곡,11235,10569,21804
2022-07-18,7호선,중화,11016,10896,21912
2022-07-18,7호선,천왕,11873,11351,23224
2022-07-18,7호선,철산,21547,21777,43324
2022-07-18,7호선,청담,20747,23106,43853
2022-07-18,7호선,태릉입구,8413,8104,16517
2022-07-18,7호선,하계,18333,17107,35440
2022-07-18,7호선,학동,25484,26972,52456
2022-07-18,8호선,가락시장,7804,8633,16437
2022-07-18,8호선,강동구청,10762,11056,21818
2022-07-18,8호선,남위례,5729,6003,11732
2022-07-18,8호선,남한산성입구,13982,12631,26613
2022-07-18,8호선,단대오거리,10675,10563,21238
2022-07-18,8호선,모란,4547,3621,8168
2022-07-18,8호선,몽촌토성,6421,6339,12760
2022-07-18,8호선,문정,23038,24467,47505
2022-07-18,8호선,복정,9281,7940,17221
2022-07-18,8호선,산성,5328,5345,10673
2022-07-18,8호선,석촌,7676,8743,16419
2022-07-18,8호선,송파,8923,8768,17691
2022-07-18,8호선,수진,5596,5193,10789
2022-07-18,8호선,신흥,4395,4771,9166
2022-07-18,8호선,암사,19568,17259,36827
2022-07-18,8호선,잠실,14487,16485,30972
2022-07-18,8호선,장지,17337,16872,34209
2022-07-18,8호선,천호,14781,16909,31690
2022-07-18,9호선,가양,21914,21603,43517
2022-07-18,9호선,개화,2931,1960,4891
2022-07-18,9호선,고속터미널,12897,16279,29176
2022-07-18,9호선,공항시장,3080,3358,6438
2022-07-18,9호선,구반포,1284,1289,2573
2022-07-18,9호선,국회의사당,17060,17833,34893
2022-07-18,9호선,김포공항,7610,11532,19142
2022-07-18,9호선,노들,4754,3995,8749
2022-07-18,9호선,노량진,25741,25217,50958
2022-07-18,9호선,당산,18777,19243,38020
2022-07-18,9호선,동작,1938,1555,3493
2022-07-18,9호선,등촌,12094,11731,23825
2022-07-18,9호선,마곡나루,12884,12811,25695
2022-07-18,9호선,사평,3983,3887,7870
2022-07-18,9호선,샛강,6495,6503,12998
2022-07-18,9호선,선유도,9346,9177,18523
2022-07-18,9호선,신논현,32050,31324,63374
2022-07-18,9호선,신목동,4633,3917,8550
2022-07-18,9호선,신반포,3783,3791,7574
2022-07-18,9호선,신방화,7166,6988,14154
2022-07-18,9호선,양천향교,9966,10266,20232
2022-07-18,9호선,여의도,30255,29432,59687
2022-07-18,9호선,염창,17973,17516,35489
2022-07-18,9호선,증미,7922,7737,15659
2022-07-18,9호선,흑석,8384,8850,17234
2022-07-18,9호선2~3단계,둔촌오륜,1211,1183,2394
2022-07-18,9호선2~3단계,봉은사,18082,18656,36738
2022-07-18,9호선2~3단계,삼성중앙,8070,8483,16553
2022-07-18,9호선2~3단계,삼전,7353,6978,14331
2022-07-18,9호선2~3단계,석촌,8986,7962,16948
2022-07-18,9호선2~3단계,석촌고분,6655,6494,13149
2022-07-18,9호선2~3단계,선정릉,10627,11878,22505
2022-07-18,9호선2~3단계,송파나루,5258,5679,10937
2022-07-18,9호선2~3단계,언주,11625,11938,23563
2022-07-18,9호선2~3단계,올림픽공원,6338,6453,12791
2022-07-18,9호선2~3단계,종합운동장,4573,4403,8976
2022-07-18,9호선2~3단계,중앙보훈병원,11898,10564,22462
2022-07-18,9호선2~3단계,한성백제,2766,2552,5318
2022-07-18,경강선,경기광주,8169,7720,15889
2022-07-18,경강선,곤지암,2155,2245,4400
2022-07-18,경강선,부발,2080,2126,4206
2022-07-18,경강선,삼동,2531,2348,4879
2022-07-18,경강선,세종대왕릉,387,373,760
2022-07-18,경강선,신둔도예촌,1508,1425,2933
2022-07-18,경강선,여주,2177,2154,4331
2022-07-18,경강선,이매,1192,1054,2246
2022-07-18,경강선,이천,2676,2794,5470
2022-07-18,경강선,초월,3405,3295,6700
2022-07-18,경강선,판교,5284,5293,10577
2022-07-18,경부선,가산디지털단지,19495,22446,41941
2022-07-18,경부선,관악,7427,7047,14474
2022-07-18,경부선,광명,3756,3171,6927
2022-07-18,경부선,구로,18611,18302,36913
2022-07-18,경부선,군포,7889,7840,15729
2022-07-18,경부선,금정,27600,28058,55658
2022-07-18,경부선,금천구청,11909,11966,23875
2022-07-18,경부선,남영,9400,9833,19233
2022-07-18,경부선,노량진,7836,7594,15430
2022-07-18,경부선,당정,6323,5986,12309
2022-07-18,경부선,대방,11686,12419,24105
2022-07-18,경부선,독산,19452,20231,39683
2022-07-18,경부선,두정,5256,5406,10662
2022-07-18,경부선,명학,9528,9458,18986
2022-07-18,경부선,병점,14147,14076,28223
2022-07-18,경부선,서동탄,1502,1250,2752
2022-07-18,경부선,서울역,7526,2320,9846
2022-07-18,경부선,서정리,7036,6863,13899
2022-07-18,경부선,석수,9764,8619,18383
2022-07-18,경부선,성균관대,14372,14270,28642
2022-07-18,경부선,성환,3295,3448,6743
2022-07-18,경부선,세류,3116,2784,5900
2022-07-18,경부선,세마,3015,2820,5835
2022-07-18,경부선,송탄,4231,4112,8343
2022-07-18,경부선,수원,32934,34905,67839
2022-07-18,경부선,신길,9434,8216,17650
2022-07-18,경부선,신도림,4233,4225,8458
2022-07-18,경부선,안양,22274,21775,44049
2022-07-18,경부선,영등포,36878,37855,74733
2022-07-18,경부선,오산,9918,10058,19976
2022-07-18,경부선,오산대,3496,3249,6745
2022-07-18,경부선,용산,36332,37527,73859
2022-07-18,경부선,의왕,9148,9166,18314
2022-07-18,경부선,직산,935,813,1748
2022-07-18,경부선,진위,1828,1666,3494
2022-07-18,경부선,천안,4912,5318,10230
2022-07-18,경부선,평택,11415,11317,22732
2022-07-18,경부선,평택지제,3873,3936,7809
2022-07-18,경부선,화서,8518,8155,16673
2022-07-18,경원선,가능,7237,6747,13984
2022-07-18,경원선,광운대,7445,7093,14538
2022-07-18,경원선,녹양,4821,4588,9409
2022-07-18,경원선,녹천,5115,4193,9308
2022-07-18,경원선,덕계,3432,3050,6482
2022-07-18,경원선,덕정,5600,5440,11040
2022-07-18,경원선,도봉,6282,5895,12177
2022-07-18,경원선,도봉산,7465,4916,12381
2022-07-18,경원선,동두천,2396,2479,4875
2022-07-18,경원선,동두천중앙,3290,3104,6394
2022-07-18,경원선,망월사,7921,8036,15957
2022-07-18,경원선,방학,10177,9907,20084
2022-07-18,경원선,보산,1628,1409,3037
2022-07-18,경원선,서빙고,2020,1790,3810
2022-07-18,경원선,석계,8138,9166,17304
2022-07-18,경원선,소요산,3092,2497,5589
2022-07-18,경원선,신이문,8587,7896,16483
2022-07-18,경원선,양주,7815,7230,15045
2022-07-18,경원선,옥수,46,39,85
2022-07-18,경원선,왕십리,14623,16246,30869
2022-07-18,경원선,외대앞,7503,7655,15158
2022-07-18,경원선,월계,6927,6446,13373
2022-07-18,경원선,응봉,1961,1659,3620
2022-07-18,경원선,의정부,17839,18216,36055
2022-07-18,경원선,이촌,3998,3052,7050
2022-07-18,경원선,지행,6791,6681,13472
2022-07-18,경원선,청량리,15281,15913,31194
2022-07-18,경원선,한남,4259,4073,8332
2022-07-18,경원선,회룡,13024,12952,25976
2022-07-18,경의선,가좌,5832,5478,11310
2022-07-18,경의선,강매,3443,3010,6453
2022-07-18,경의선,곡산,687,694,1381
2022-07-18,경의선,공덕,3877,3428,7305
2022-07-18,경의선,금릉,5171,5015,10186
2022-07-18,경의선,금촌,6794,6659,13453
2022-07-18,경의선,능곡,4136,3756,7892
2022-07-18,경의선,디지털미디어시티,2773,2535,5308
2022-07-18,경의선,문산,5622,5429,11051
2022-07-18,경의선,백마,7509,7155,14664
2022-07-18,경의선,서강대,2204,2049,4253
2022-07-18,경의선,서울역,4967,6323,11290
2022-07-18,경의선,수색,3047,3189,6236
2022-07-18,경의선,신촌,917,1226,2143
2022-07-18,경의선,야당,8328,8102,16430
2022-07-18,경의선,운정,7387,6776,14163
2022-07-18,경의선,월롱,2857,2781,5638
2022-07-18,경의선,일산,10869,10526,21395
2022-07-18,경의선,임진강,8,4,12
2022-07-18,경의선,탄현,8308,7791,16099
2022-07-18,경의선,파주,1286,801,2087
2022-07-18,경의선,풍산,5901,5441,11342
2022-07-18,경의선,행신,8408,8609,17017
2022-07-18,경의선,홍대입구,1748,2043,3791
2022-07-18,경의선,화전,2025,1923,3948
2022-07-18,경의선,효창공원앞,3007,3456,6463
2022-07-18,경인선,간석,6270,5858,12128
2022-07-18,경인선,개봉,21737,21282,43019
2022-07-18,경인선,구일,6440,6309,12749
2022-07-18,경인선,도원,3213,3299,6512
2022-07-18,경인선,도화,4408,4123,8531
2022-07-18,경인선,동암,15714,15542,31256
2022-07-18,경인선,동인천,13851,13149,27000
2022-07-18,경인선,백운,7076,6987,14063
2022-07-18,경인선,부개,9119,8412,17531
2022-07-18,경인선,부천,32274,32027,64301
2022-07-18,경인선,부평,29253,30920,60173
2022-07-18,경인선,소사,8459,8350,16809
2022-07-18,경인선,송내,28242,27817,56059
2022-07-18,경인선,역곡,27434,27555,54989
2022-07-18,경인선,오류동,11993,11434,23427
2022-07-18,경인선,온수,6888,6447,13335
2022-07-18,경인선,인천,3638,2843,6481
2022-07-18,경인선,제물포,11079,10499,21578
2022-07-18,경인선,주안,19283,17321,36604
2022-07-18,경인선,중동,9815,9077,18892
2022-07-18,경춘선,가평,2350,3010,5360
2022-07-18,경춘선,갈매,3145,2744,5889
2022-07-18,경춘선,강촌,498,493,991
2022-07-18,경춘선,굴봉산,138,127,265
2022-07-18,경춘선,금곡,1603,1563,3166
2022-07-18,경춘선,김유정,359,323,682
2022-07-18,경춘선,남춘천,2347,2450,4797
2022-07-18,경춘선,대성리,835,1164,1999
2022-07-18,경춘선,마석,4371,4395,8766
2022-07-18,경춘선,백양리,115,114,229
2022-07-18,경춘선,별내,3313,3097,6410
2022-07-18,경춘선,사릉,2519,2367,4886
2022-07-18,경춘선,상천,324,303,627
2022-07-18,경춘선,신내,2437,2243,4680
2022-07-18,경춘선,천마산,1731,1588,3319
2022-07-18,경춘선,청평,2097,2129,4226
2022-07-18,경춘선,춘천,1335,1279,2614
2022-07-18,경춘선,퇴계원,3764,3393,7157
2022-07-18,경춘선,평내호평,6631,6335,12966
2022-07-18,공항철도,검암,6960,6863,13823
2022-07-18,공항철도,계양,11497,10606,22103
2022-07-18,공항철도,공덕,2589,3334,5923
2022-07-18,공항철도,공항화물청사,2487,2569,5056
2022-07-18,공항철도,김포공항,12250,7059,19309
2022-07-18,공항철도,디지털미디어시티,15181,14075,29256
2022-07-18,공항철도,마곡나루,10188,9664,19852
2022-07-18,공항철도,서울역,9131,8429,17560
2022-07-18,공항철도,영종,3748,3700,7448
2022-07-18,공항철도,운서,7661,7945,15606
2022-07-18,공항철도,인천공항1터미널,7354,7206,14560
2022-07-18,공항철도,인천공항2터미널,3641,3165,6806
2022-07-18,공항철도,청라국제도시,7512,7004,14516
2022-07-18,공항철도,홍대입구,10690,10608,21298
2022-07-18,과천선,경마공원,873,890,1763
2022-07-18,과천선,과천,6533,6126,12659
2022-07-18,과천선,대공원,2474,2611,5085
2022-07-18,과천선,범계,25960,25980,51940
2022-07-18,과천선,선바위,7989,7076,15065
2022-07-18,과천선,인덕원,24342,25536,49878
2022-07-18,과천선,정부과천청사,11428,11463,22891
2022-07-18,과천선,평촌,18786,18532,37318
2022-07-18,분당선,가천대,6999,7743,14742
2022-07-18,분당선,강남구청,10131,11555,21686
2022-07-18,분당선,개포동,4243,4295,8538
2022-07-18,분당선,구룡,2472,2360,4832
2022-07-18,분당선,구성,5310,5583,10893
2022-07-18,분당선,기흥,10591,9794,20385
2022-07-18,분당선,대모산입구,4935,4613,9548
2022-07-18,분당선,도곡,7702,7740,15442
2022-07-18,분당선,망포,15115,14450,29565
2022-07-18,분당선,매교,3447,3438,6885
2022-07-18,분당선,매탄권선,5380,5368,10748
2022-07-18,분당선,모란,19631,19896,39527
2022-07-18,분당선,미금,15769,16953,32722
2022-07-18,분당선,보정,2867,2577,5444
2022-07-18,분당선,상갈,5445,5209,10654
2022-07-18,분당선,서울숲,11481,11667,23148
2022-07-18,분당선,서현,26006,26135,52141
2022-07-18,분당선,선릉,14884,22607,37491
2022-07-18,분당선,선정릉,8383,8756,17139
2022-07-18,분당선,수내,14300,14268,28568
2022-07-18,분당선,수서,14345,14823,29168
2022-07-18,분당선,수원,7923,6576,14499
2022-07-18,분당선,수원시청,12788,13683,26471
2022-07-18,분당선,신갈,4907,4697,9604
2022-07-18,분당선,압구정로데오,17375,19159,36534
2022-07-18,분당선,야탑,26623,27409,54032
2022-07-18,분당선,영통,8186,8597,16783
2022-07-18,분당선,오리,12100,10116,22216
2022-07-18,분당선,이매,5986,5468,11454
2022-07-18,분당선,정자,19074,20325,39399
2022-07-18,분당선,죽전,12303,13752,26055
2022-07-18,분당선,청명,4554,4406,8960
2022-07-18,분당선,태평,13619,12990,26609
2022-07-18,분당선,한티,15344,16643,31987
2022-07-18,수인선,고색,4947,4590,9537
2022-07-18,수인선,남동인더스파크,2309,2691,5000
2022-07-18,수인선,달월,130,96,226
2022-07-18,수인선,사리,4900,4289,9189
2022-07-18,수인선,소래포구,4804,4375,9179
2022-07-18,수인선,송도,2482,2206,4688
2022-07-18,수인선,숭의,4172,3792,7964
2022-07-18,수인선,신포,1826,1814,3640
2022-07-18,수인선,야목,442,286,728
2022-07-18,수인선,어천,793,821,1614
2022-07-18,수인선,연수,4650,4494,9144
2022-07-18,수인선,오목천,3063,2851,5914
2022-07-18,수인선,원인재,4408,4532,8940
2022-07-18,수인선,월곶,2873,2641,5514
2022-07-18,수인선,인천,1083,1716,2799
2022-07-18,수인선,인천논현,5651,6016,11667
2022-07-18,수인선,인하대,5893,5679,11572
2022-07-18,수인선,호구포,4212,4375,8587
2022-07-18,신림선,관악산,2904,2840,5744
2022-07-18,신림선,당곡,3570,3624,7194
2022-07-18,신림선,대방,1917,1533,3450
2022-07-18,신림선,보라매,2872,2711,5583
2022-07-18,신림선,보라매공원,1815,1943,3758
2022-07-18,신림선,보라매병원,6592,7004,13596
2022-07-18,신림선,샛강,2227,2687,4914
2022-07-18,신림선,서울대벤처타운,6354,6462,12816
2022-07-18,신림선,서울지방병무청,2244,2511,4755
2022-07-18,신림선,서원,2833,2580,5413
2022-07-18,신림선,신림,1627,2192,3819
2022-07-18,안산선,고잔,9252,8677,17929
2022-07-18,안산선,대야미,5088,4625,9713
2022-07-18,안산선,반월,4574,4417,8991
2022-07-18,안산선,산본,16570,17913,34483
2022-07-18,안산선,상록수,15791,16100,31891
2022-07-18,안산선,수리산,4288,3455,7743
2022-07-18,안산선,신길온천,1874,1676,3550
2022-07-18,안산선,안산,12207,11011,23218
2022-07-18,안산선,오이도,8519,8327,16846
2022-07-18,안산선,정왕,8303,8722,17025
2022-07-18,안산선,중앙,17975,18494,36469
2022-07-18,안산선,초지,4924,4867,9791
2022-07-18,안산선,한대앞,9105,9159,18264
2022-07-18,우이신설선,4.19민주묘지,3022,2790,5812
2022-07-18,우이신설선,가오리,4367,4386,8753
2022-07-18,우이신설선,보문,1603,1614,3217
2022-07-18,우이신설선,북한산보국문,6007,5814,11821
2022-07-18,우이신설선,북한산우이,2796,2521,5317
2022-07-18,우이신설선,삼양,2123,2250,4373
2022-07-18,우이신설선,삼양사거리,2624,2530,5154
2022-07-18,우이신설선,성신여대입구,3460,3673,7133
2022-07-18,우이신설선,솔밭공원,2573,2511,5084
2022-07-18,우이신설선,솔샘,6148,5832,11980
2022-07-18,우이신설선,신설동,2290,2189,4479
2022-07-18,우이신설선,정릉,4688,4317,9005
2022-07-18,우이신설선,화계,3526,3382,6908
2022-07-18,일산선,대곡,2278,1802,4080
2022-07-18,일산선,대화,13709,10611,24320
2022-07-18,일산선,마두,7992,8039,16031
2022-07-18,일산선,백석,9967,9974,19941
2022-07-18,일산선,삼송,20412,19677,40089
2022-07-18,일산선,원당,11264,10743,22007
2022-07-18,일산선,원흥,11470,10832,22302
2022-07-18,일산선,정발산,7109,7261,14370
2022-07-18,일산선,주엽,9850,9779,19629
2022-07-18,일산선,화정,17205,17406,34611
2022-07-18,장항선,배방,1072,1076,2148
2022-07-18,장항선,봉명,1297,1275,2572
2022-07-18,장항선,신창,1162,1216,2378
2022-07-18,장항선,쌍용,1955,1867,3822
2022-07-18,장항선,아산,3055,2695,5750
2022-07-18,장항선,온양온천,3443,3546,6989
2022-07-18,장항선,탕정,901,839,1740
2022-07-18,중앙선,구리,13861,13750,27611
2022-07-18,중앙선,국수,854,807,1661
2022-07-18,중앙선,덕소,5892,5758,11650
2022-07-18,중앙선,도농,12041,10733,22774
2022-07-18,중앙선,도심,2696,2132,4828
2022-07-18,중앙선,망우,7917,7579,15496
2022-07-18,중앙선,상봉,5919,5880,11799
2022-07-18,중앙선,신원,231,205,436
2022-07-18,중앙선,아신,609,595,1204
2022-07-18,중앙선,양수,2479,2450,4929
2022-07-18,중앙선,양원,3314,3198,6512
2022-07-18,중앙선,양정,774,647,1421
2022-07-18,중앙선,양평,4001,4063,8064
2022-07-18,중앙선,오빈,350,330,680
2022-07-18,중앙선,용문,2058,2036,4094
2022-07-18,중앙선,운길산,742,720,1462
2022-07-18,중앙선,원덕,411,378,789
2022-07-18,중앙선,중랑,5939,5577,11516
2022-07-18,중앙선,지평,66,87,153
2022-07-18,중앙선,팔당,942,958,1900
2022-07-18,중앙선,회기,24530,23900,48430
2022-07-19,1호선,동대문,11031,10377,21408
2022-07-19,1호선,동묘앞,7753,8167,15920
2022-07-19,1호선,서울역,47044,45244,92288
2022-07-19,1호선,시청,24808,25201,50009
2022-07-19,1호선,신설동,14106,13694,27800
2022-07-19,1호선,제기동,16810,16969,33779
2022-07-19,1호선,종각,39144,38835,77979
2022-07-19,1호선,종로3가,26471,24237,50708
2022-07-19,1호선,종로5가,23585,23529,47114
2022-07-19,1호선,청량리,19784,19491,39275
2022-07-19,2호선,강남,91211,87936,179147
2022-07-19,2호선,강변,31994,29951,61945
2022-07-19,2호선,건대입구,35402,37695,73097
2022-07-19,2호선,교대,37325,42367,79692
2022-07-19,2호선,구로디지털단지,63076,63407,126483
2022-07-19,2호선,구의,24792,24197,48989
2022-07-19,2호선,낙성대,28968,28163,57131
2022-07-19,2호선,당산,19055,22433,41488
2022-07-19,2호선,대림,24522,24872,49394
2022-07-19,2호선,도림천,1525,1586,3111
2022-07-19,2호선,동대문역사문화공원,13146,14992,28138
2022-07-19,2호선,뚝섬,23696,25910,49606
2022-07-19,2호선,문래,23729,24210,47939
2022-07-19,2호선,방배,17019,17950,34969
2022-07-19,2호선,봉천,25329,23795,49124
2022-07-19,2호선,사당,40055,43231,83286
2022-07-19,2호선,삼성,56200,57536,113736
2022-07-19,2호선,상왕십리,14884,14650,29534
2022-07-19,2호선,서울대입구,48338,47504,95842
2022-07-19,2호선,서초,23783,23024,46807
2022-07-19,2호선,선릉,63770,56660,120430
2022-07-19,2호선,성수,40362,43916,84278
2022-07-19,2호선,시청,25625,25246,50871
2022-07-19,2호선,신답,1780,2047,3827
2022-07-19,2호선,신당,14575,14769,29344
2022-07-19,2호선,신대방,26599,25953,52552
2022-07-19,2호선,신도림,49761,48817,98578
2022-07-19,2호선,신림,60136,57798,117934
2022-07-19,2호선,신설동,3340,3228,6568
2022-07-19,2호선,신정네거리,10862,11001,21863
2022-07-19,2호선,신촌,35189,35937,71126
2022-07-19,2호선,아현,10988,10339,21327
2022-07-19,2호선,양천구청,7214,7520,14734
2022-07-19,2호선,역삼,58920,67115,126035
2022-07-19,2호선,영등포구청,23098,24038,47136
2022-07-19,2호선,왕십리,16191,13558,29749
2022-07-19,2호선,용답,2752,2682,5434
2022-07-19,2호선,용두,2383,2411,4794
2022-07-19,2호선,을지로3가,25231,25190,50421
2022-07-19,2호선,을지로4가,14404,14242,28646
2022-07-19,2호선,을지로입구,43920,45283,89203
2022-07-19,2호선,이대,14191,15156,29347
2022-07-19,2호선,잠실,76158,75940,152098
2022-07-19,2호선,잠실나루,15962,15650,31612
2022-07-19,2호선,잠실새내,22733,22441,45174
2022-07-19,2호선,종합운동장,8242,8209,16451
2022-07-19,2호선,충정로,10482,11258,21740
2022-07-19,2호선,한양대,7920,8441,16361
2022-07-19,2호선,합정,31368,33499,64867
2022-07-19,2호선,홍대입구,59048,62368,121416
2022-07-19,3호선,가락시장,9580,9148,18728
2022-07-19,3호선,경복궁,20693,20472,41165
2022-07-19,3호선,경찰병원,7836,7846,15682
2022-07-19,3호선,고속터미널,43076,41149,84225
2022-07-19,3호선,교대,15925,10545,26470
2022-07-19,3호선,구파발,22297,21571,43868
2022-07-19,3호선,금호,8294,7473,15767
2022-07-19,3호선,남부터미널,30605,31494,62099
2022-07-19,3호선,녹번,16175,14723,30898
2022-07-19,3호선,대청,11168,10355,21523
2022-07-19,3호선,대치,12205,12395,24600
2022-07-19,3호선,도곡,5804,5693,11497
2022-07-19,3호선,독립문,7649,7687,15336
2022-07-19,3호선,동대입구,7809,8202,16011
2022-07-19,3호선,매봉,13829,13174,27003
2022-07-19,3호선,무악재,4116,4140,8256
2022-07-19,3호선,불광,16582,17610,34192
2022-07-19,3호선,수서,17835,18191,36026
2022-07-19,3호선,신사,30439,32090,62529
2022-07-19,3호선,안국,23532,24705,48237
2022-07-19,3호선,압구정,34486,36915,71401
2022-07-19,3호선,약수,13658,13100,26758
2022-07-19,3호선,양재,39898,43558,83456
2022-07-19,3호선,연신내,37630,35468,73098
2022-07-19,3호선,오금,6675,5979,12654
2022-07-19,3호선,옥수,9465,9702,19167
2022-07-19,3호선,을지로3가,11324,11625,22949
2022-07-19,3호선,일원,11528,11267,22795
2022-07-19,3호선,잠원,5183,5107,10290
2022-07-19,3호선,종로3가,10755,12261,23016
2022-07-19,3호선,지축,5687,5338,11025
2022-07-19,3호선,학여울,1912,1974,3886
2022-07-19,3호선,홍제,18035,16844,34879
2022-07-19,4호선,길음,21321,21000,42321
2022-07-19,4호선,남태령,1341,1170,2511
2022-07-19,4호선,노원,19265,21716,40981
2022-07-19,4호선,당고개,9365,8381,17746
2022-07-19,4호선,동대문,21014,21514,42528
2022-07-19,4호선,동대문역사문화공원,15963,14167,30130
2022-07-19,4호선,동작,1494,1613,3107
2022-07-19,4호선,명동,20753,21353,42106
2022-07-19,4호선,미아,15044,14422,29466
2022-07-19,4호선,미아사거리,27791,26970,54761
2022-07-19,4호선,사당,26170,21968,48138
2022-07-19,4호선,삼각지,5402,6186,11588
2022-07-19,4호선,상계,19707,18426,38133
2022-07-19,4호선,서울역,12333,17928,30261
2022-07-19,4호선,성신여대입구,20340,19670,40010
2022-07-19,4호선,수유,34326,34658,68984
2022-07-19,4호선,숙대입구,13377,12884,26261
2022-07-19,4호선,신용산,18475,19759,38234
2022-07-19,4호선,쌍문,29606,27761,57367
2022-07-19,4호선,이촌,9214,10183,19397
2022-07-19,4호선,창동,26018,27614,53632
2022-07-19,4호선,총신대입구,19409,20896,40305
2022-07-19,4호선,충무로,27295,28605,55900
2022-07-19,4호선,한성대입구,13390,12887,26277
2022-07-19,4호선,혜화,34300,34147,68447
2022-07-19,4호선,회현,26094,27295,53389
2022-07-19,5호선,강동,19552,18666,38218
2022-07-19,5호선,강일,4782,4745,9527
2022-07-19,5호선,개롱,7351,7508,14859
2022-07-19,5호선,개화산,6033,5667,11700
2022-07-19,5호선,거여,10923,10294,21217
2022-07-19,5호선,고덕,10394,10352,20746
2022-07-19,5호선,공덕,15636,16337,31973
2022-07-19,5호선,광나루,14348,13148,27496
2022-07-19,5호선,광화문,33196,35046,68242
2022-07-19,5호선,군자,11537,12520,24057
2022-07-19,5호선,굽은다리,10144,9656,19800
2022-07-19,5호선,길동,8351,8655,17006
2022-07-19,5호선,김포공항,8061,7650,15711
2022-07-19,5호선,까치산,30165,28692,58857
2022-07-19,5호선,답십리,16810,15149,31959
2022-07-19,5호선,동대문역사문화공원,3361,3868,7229
2022-07-19,5호선,둔촌동,8533,8657,17190
2022-07-19,5호선,마곡,11796,11797,23593
2022-07-19,5호선,마장,5735,5522,11257
2022-07-19,5호선,마천,7773,7467,15240
2022-07-19,5호선,마포,15320,15764,31084
2022-07-19,5호선,명일,9156,9458,18614
2022-07-19,5호선,목동,17788,19015,36803
2022-07-19,5호선,미사,17152,17492,34644
2022-07-19,5호선,발산,22307,23360,45667
2022-07-19,5호선,방이,7525,7778,15303
2022-07-19,5호선,방화,7068,6761,13829
2022-07-19,5호선,상일동,16000,14525,30525
2022-07-19,5호선,서대문,20814,21325,42139
2022-07-19,5호선,송정,6798,6245,13043
2022-07-19,5호선,신금호,6707,6969,13676
2022-07-19,5호선,신길,4418,4757,9175
2022-07-19,5호선,신정,14710,11969,26679
2022-07-19,5호선,아차산,14885,14363,29248
2022-07-19,5호선,애오개,7359,7326,14685
2022-07-19,5호선,양평,7964,7922,15886
2022-07-19,5호선,여의나루,12777,13786,26563
2022-07-19,5호선,여의도,30680,33032,63712
2022-07-19,5호선,영등포구청,4271,4368,8639
2022-07-19,5호선,영등포시장,10517,10993,21510
2022-07-19,5호선,오금,4003,3999,8002
2022-07-19,5호선,오목교,23173,24661,47834
2022-07-19,5호선,올림픽공원,4489,3925,8414
2022-07-19,5호선,왕십리,4679,5460,10139
2022-07-19,5호선,우장산,15604,15249,30853
2022-07-19,5호선,을지로4가,6625,6782,13407
2022-07-19,5호선,장한평,19669,19418,39087
2022-07-19,5호선,종로3가,13139,13081,26220
2022-07-19,5호선,천호,18769,18888,37657
2022-07-19,5호선,청구,4142,3879,8021
2022-07-19,5호선,충정로,4800,4809,9609
2022-07-19,5호선,하남검단산,6330,6066,12396
2022-07-19,5호선,하남시청,7798,7496,15294
2022-07-19,5호선,하남풍산,4535,4422,8957
2022-07-19,5호선,행당,8798,7698,16496
2022-07-19,5호선,화곡,29894,27884,57778
2022-07-19,6호선,고려대,8341,8104,16445
2022-07-19,6호선,공덕,19977,19272,39249
2022-07-19,6호선,광흥창,9842,9523,19365
2022-07-19,6호선,구산,8050,6113,14163
2022-07-19,6호선,녹사평,4926,4925,9851
2022-07-19,6호선,대흥,8785,9133,17918
2022-07-19,6호선,독바위,3048,3161,6209
2022-07-19,6호선,돌곶이,9650,9043,18693
2022-07-19,6호선,동묘앞,8161,8408,16569
2022-07-19,6호선,디지털미디어시티,15324,17109,32433
2022-07-19,6호선,마포구청,15199,13626,28825
2022-07-19,6호선,망원,14275,15321,29596
2022-07-19,6호선,버티고개,2230,2264,4494
2022-07-19,6호선,보문,7934,7088,15022
2022-07-19,6호선,봉화산,9453,8941,18394
2022-07-19,6호선,불광,4515,4641,9156
2022-07-19,6호선,삼각지,7801,6643,14444
2022-07-19,6호선,상수,8634,9794,18428
2022-07-19,6호선,상월곡,6495,5770,12265
2022-07-19,6호선,새절,13088,12062,25150
2022-07-19,6호선,석계,12555,13196,25751
2022-07-19,6호선,신내,2,0,2
2022-07-19,6호선,신당,8214,8824,17038
2022-07-19,6호선,안암,11469,11200,22669
2022-07-19,6호선,약수,3816,3835,7651
2022-07-19,6호선,역촌,4006,4324,8330
2022-07-19,6호선,연신내,1,0,1
2022-07-19,6호선,월곡,12015,11809,23824
2022-07-19,6호선,월드컵경기장,4368,4619,8987
2022-07-19,6호선,응암,18147,18005,36152
2022-07-19,6호선,이태원,10141,10791,20932
2022-07-19,6호선,증산,10371,10260,20631
2022-07-19,6호선,창신,3539,2817,6356
2022-07-19,6호선,청구,3918,4040,7958
2022-07-19,6호선,태릉입구,5597,6009,11606
2022-07-19,6호선,한강진,8355,9619,17974
2022-07-19,6호선,합정,13476,13350,26826
2022-07-19,6호선,화랑대,12166,9410,21576
2022-07-19,6호선,효창공원앞,7331,6504,13835
2022-07-19,7호선,가산디지털단지,48221,48395,96616
2022-07-19,7호선,강남구청,17971,20117,38088
2022-07-19,7호선,건대입구,12872,13611,26483
2022-07-19,7호선,고속터미널,16994,14484,31478
2022-07-19,7호선,공릉,12279,12397,24676
2022-07-19,7호선,광명사거리,22229,21921,44150
2022-07-19,7호선,군자,15709,12540,28249
2022-07-19,7호선,남구로,16688,17403,34091
2022-07-19,7호선,남성,11788,10914,22702
2022-07-19,7호선,내방,15627,15836,31463
2022-07-19,7호선,노원,21010,21978,42988
2022-07-19,7호선,논현,20385,21485,41870
2022-07-19,7호선,대림,8207,8229,16436
2022-07-19,7호선,도봉산,9367,10790,20157
2022-07-19,7호선,뚝섬유원지,10082,9488,19570
2022-07-19,7호선,마들,13512,12802,26314
2022-07-19,7호선,먹골,10602,10414,21016
2022-07-19,7호선,면목,15627,15188,30815
2022-07-19,7호선,반포,6279,6210,12489
2022-07-19,7호선,보라매,8295,8413,16708
2022-07-19,7호선,사가정,16465,16444,32909
2022-07-19,7호선,상도,11647,11149,22796
2022-07-19,7호선,상봉,17423,16456,33879
2022-07-19,7호선,수락산,13374,13251,26625
2022-07-19,7호선,숭실대입구,12237,12502,24739
2022-07-19,7호선,신대방삼거리,16100,15467,31567
2022-07-19,7호선,신풍,12403,11747,24150
2022-07-19,7호선,어린이대공원,13660,13428,27088
2022-07-19,7호선,온수,10634,9729,20363
2022-07-19,7호선,용마산,6285,6123,12408
2022-07-19,7호선,이수,16972,16580,33552
2022-07-19,7호선,장승배기,9661,9509,19170
2022-07-19,7호선,장암,2493,1015,3508
2022-07-19,7호선,중계,15397,14097,29494
2022-07-19,7호선,중곡,11527,10777,22304
2022-07-19,7호선,중화,11089,10937,22026
2022-07-19,7호선,천왕,12220,11806,24026
2022-07-19,7호선,철산,22264,22632,44896
2022-07-19,7호선,청담,21342,24072,45414
2022-07-19,7호선,태릉입구,8780,8306,17086
2022-07-19,7호선,하계,18770,17540,36310
2022-07-19,7호선,학동,26491,27797,54288
2022-07-19,8호선,가락시장,7979,8878,16857
2022-07-19,8호선,강동구청,11011,11429,22440
2022-07-19,8호선,남위례,5949,6143,12092
2022-07-19,8호선,남한산성입구,14364,12954,27318
2022-07-19,8호선,단대오거리,11048,10845,21893
2022-07-19,8호선,모란,5922,4683,10605
2022-07-19,8호선,몽촌토성,6403,6577,12980
2022-07-19,8호선,문정,23472,24779,48251
2022-07-19,8호선,복정,9872,8199,18071
2022-07-19,8호선,산성,5432,5565,10997
2022-07-19,8호선,석촌,8071,9119,17190
2022-07-19,8호선,송파,9369,9149,18518
2022-07-19,8호선,수진,5642,5239,10881
2022-07-19,8호선,신흥,4453,4747,9200
2022-07-19,8호선,암사,19952,17610,37562
2022-07-19,8호선,잠실,15234,18056,33290
2022-07-19,8호선,장지,18361,17623,35984
2022-07-19,8호선,천호,15188,17261,32449
2022-07-19,9호선,가양,22215,21511,43726
2022-07-19,9호선,개화,2911,2003,4914
2022-07-19,9호선,고속터미널,13540,17299,30839
2022-07-19,9호선,공항시장,3107,3432,6539
2022-07-19,9호선,구반포,1320,1306,2626
2022-07-19,9호선,국회의사당,18727,19631,38358
2022-07-19,9호선,김포공항,7755,11586,19341
2022-07-19,9호선,노들,5098,4217,9315
2022-07-19,9호선,노량진,26277,25727,52004
2022-07-19,9호선,당산,19889,20040,39929
2022-07-19,9호선,동작,2230,1896,4126
2022-07-19,9호선,등촌,12377,11951,24328
2022-07-19,9호선,마곡나루,13209,13233,26442
2022-07-19,9호선,사평,4202,4074,8276
2022-07-19,9호선,샛강,6798,6916,13714
2022-07-19,9호선,선유도,9542,9160,18702
2022-07-19,9호선,신논현,33305,32741,66046
2022-07-19,9호선,신목동,4613,3936,8549
2022-07-19,9호선,신반포,3799,3877,7676
2022-07-19,9호선,신방화,7309,7026,14335
2022-07-19,9호선,양천향교,10087,10321,20408
2022-07-19,9호선,여의도,31119,30200,61319
2022-07-19,9호선,염창,18425,17828,36253
2022-07-19,9호선,증미,7913,7740,15653
2022-07-19,9호선,흑석,8525,8982,17507
2022-07-19,9호선2~3단계,둔촌오륜,1252,1132,2384
2022-07-19,9호선2~3단계,봉은사,19020,19380,38400
2022-07-19,9호선2~3단계,삼성중앙,8393,8913,17306
2022-07-19,9호선2~3단계,삼전,7469,7261,14730
2022-07-19,9호선2~3단계,석촌,9141,8145,17286
2022-07-19,9호선2~3단계,석촌고분,6606,6484,13090
2022-07-19,9호선2~3단계,선정릉,11173,12298,23471
2022-07-19,9호선2~3단계,송파나루,5442,5886,11328
2022-07-19,9호선2~3단계,언주,12052,12511,24563
2022-07-19,9호선2~3단계,올림픽공원,6613,6595,13208
2022-07-19,9호선2~3단계,종합운동장,4525,4523,9048
2022-07-19,9호선2~3단계,중앙보훈병원,12273,10686,22959
2022-07-19,9호선2~3단계,한성백제,2834,2557,5391
2022-07-19,경강선,경기광주,8372,7956,16328
2022-07-19,경강선,곤지암,2206,2194,4400
2022-07-19,경강선,부발,2054,2060,4114
2022-07-19,경강선,삼동,2693,2477,5170
2022-07-19,경강선,세종대왕릉,355,362,717
2022-07-19,경강선,신둔도예촌,1601,1480,3081
2022-07-19,경강선,여주,2151,2207,4358
2022-07-19,경강선,이매,1297,1120,2417
2022-07-19,경강선,이천,2717,2798,5515
2022-07-19,경강선,초월,3410,3323,6733
2022-07-19,경강선,판교,5593,5530,11123
2022-07-19,경부선,가산디지털단지,19518,22782,42300
2022-07-19,경부선,관악,7724,7407,15131
2022-07-19,경부선,광명,3520,3019,6539
2022-07-19,경부선,구로,19172,19581,38753
2022-07-19,경부선,군포,7879,7785,15664
2022-07-19,경부선,금정,28202,28544,56746
2022-07-19,경부선,금천구청,12399,12351,24750
2022-07-19,경부선,남영,9752,10200,19952
2022-07-19,경부선,노량진,8024,7760,15784
2022-07-19,경부선,당정,6621,6300,12921
2022-07-19,경부선,대방,12025,12847,24872
2022-07-19,경부선,독산,19723,20626,40349
2022-07-19,경부선,두정,5487,5467,10954
2022-07-19,경부선,명학,9766,9597,19363
2022-07-19,경부선,병점,14607,14507,29114
2022-07-19,경부선,서동탄,1501,1301,2802
2022-07-19,경부선,서울역,6906,2087,8993
2022-07-19,경부선,서정리,7131,6630,13761
2022-07-19,경부선,석수,9876,8902,18778
2022-07-19,경부선,성균관대,14745,14499,29244
2022-07-19,경부선,성환,3421,3456,6877
2022-07-19,경부선,세류,3109,2872,5981
2022-07-19,경부선,세마,3086,2909,5995
2022-07-19,경부선,송탄,4275,4207,8482
2022-07-19,경부선,수원,34262,36269,70531
2022-07-19,경부선,신길,9639,8176,17815
2022-07-19,경부선,신도림,4301,4349,8650
2022-07-19,경부선,안양,22732,22204,44936
2022-07-19,경부선,영등포,38878,40026,78904
2022-07-19,경부선,오산,9719,9654,19373
2022-07-19,경부선,오산대,3638,3342,6980
2022-07-19,경부선,용산,37049,37471,74520
2022-07-19,경부선,의왕,9427,9332,18759
2022-07-19,경부선,직산,946,913,1859
2022-07-19,경부선,진위,1852,1731,3583
2022-07-19,경부선,천안,5354,5521,10875
2022-07-19,경부선,평택,11591,11486,23077
2022-07-19,경부선,평택지제,3871,3790,7661
2022-07-19,경부선,화서,8882,8495,17377
2022-07-19,경원선,가능,7321,7116,14437
2022-07-19,경원선,광운대,7818,7552,15370
2022-07-19,경원선,녹양,4826,4653,9479
2022-07-19,경원선,녹천,5106,4164,9270
2022-07-19,경원선,덕계,3474,3117,6591
2022-07-19,경원선,덕정,5585,5372,10957
2022-07-19,경원선,도봉,6403,6207,12610
2022-07-19,경원선,도봉산,7964,5077,13041
2022-07-19,경원선,동두천,2342,2624,4966
2022-07-19,경원선,동두천중앙,3220,3117,6337
2022-07-19,경원선,망월사,7771,7880,15651
2022-07-19,경원선,방학,10639,10225,20864
2022-07-19,경원선,보산,1595,1494,3089
2022-07-19,경원선,서빙고,2191,2005,4196
2022-07-19,경원선,석계,8158,9236,17394
2022-07-19,경원선,소요산,2917,2519,5436
2022-07-19,경원선,신이문,8801,8087,16888
2022-07-19,경원선,양주,7909,7451,15360
2022-07-19,경원선,옥수,54,28,82
2022-07-19,경원선,왕십리,14738,16602,31340
2022-07-19,경원선,외대앞,7633,7783,15416
2022-07-19,경원선,월계,6738,6466,13204
2022-07-19,경원선,응봉,1980,1728,3708
2022-07-19,경원선,의정부,18751,19291,38042
2022-07-19,경원선,이촌,4140,3074,7214
2022-07-19,경원선,지행,6824,6780,13604
2022-07-19,경원선,청량리,15205,16190,31395
2022-07-19,경원선,한남,4295,4173,8468
2022-07-19,경원선,회룡,13342,13176,26518
2022-07-19,경의선,가좌,5816,5518,11334
2022-07-19,경의선,강매,3465,3020,6485
2022-07-19,경의선,곡산,673,691,1364
2022-07-19,경의선,공덕,3997,3509,7506
2022-07-19,경의선,금릉,5237,5182,10419
2022-07-19,경의선,금촌,6898,6780,13678
2022-07-19,경의선,능곡,4095,3784,7879
2022-07-19,경의선,디지털미디어시티,2948,2625,5573
2022-07-19,경의선,문산,5709,5763,11472
2022-07-19,경의선,백마,7465,7210,14675
2022-07-19,경의선,서강대,2196,2053,4249
2022-07-19,경의선,서울역,4830,6077,10907
2022-07-19,경의선,수색,3229,3463,6692
2022-07-19,경의선,신촌,972,1231,2203
2022-07-19,경의선,야당,8505,8333,16838
2022-07-19,경의선,운정,7305,6733,14038
2022-07-19,경의선,월롱,2832,2585,5417
2022-07-19,경의선,일산,10049,9804,19853
2022-07-19,경의선,임진강,9,10,19
2022-07-19,경의선,탄현,8392,7883,16275
2022-07-19,경의선,파주,1223,828,2051
2022-07-19,경의선,풍산,5970,5470,11440
2022-07-19,경의선,행신,8524,8325,16849
2022-07-19,경의선,홍대입구,1764,2137,3901
2022-07-19,경의선,화전,2105,1941,4046
2022-07-19,경의선,효창공원앞,3078,3488,6566
2022-07-19,경인선,간석,6335,5879,12214
2022-07-19,경인선,개봉,22193,21703,43896
2022-07-19,경인선,구일,6604,6369,12973
2022-07-19,경인선,도원,3166,3188,6354
2022-07-19,경인선,도화,4452,4109,8561
2022-07-19,경인선,동암,15934,16080,32014
2022-07-19,경인선,동인천,14030,13520,27550
2022-07-19,경인선,백운,7614,7405,15019
2022-07-19,경인선,부개,9296,8463,17759
2022-07-19,경인선,부천,32611,32402,65013
2022-07-19,경인선,부평,29413,31027,60440
2022-07-19,경인선,소사,8666,8661,17327
2022-07-19,경인선,송내,28558,28496,57054
2022-07-19,경인선,역곡,28045,27928,55973
2022-07-19,경인선,오류동,12420,11431,23851
2022-07-19,경인선,온수,6922,6414,13336
2022-07-19,경인선,인천,3935,3061,6996
2022-07-19,경인선,제물포,10893,10431,21324
2022-07-19,경인선,주안,19312,17475,36787
2022-07-19,경인선,중동,9845,9229,19074
2022-07-19,경춘선,가평,2875,2767,5642
2022-07-19,경춘선,갈매,3247,2840,6087
2022-07-19,경춘선,강촌,522,432,954
2022-07-19,경춘선,굴봉산,197,153,350
2022-07-19,경춘선,금곡,1648,1553,3201
2022-07-19,경춘선,김유정,370,382,752
2022-07-19,경춘선,남춘천,2288,2432,4720
2022-07-19,경춘선,대성리,1241,931,2172
2022-07-19,경춘선,마석,4101,4056,8157
2022-07-19,경춘선,백양리,147,114,261
2022-07-19,경춘선,별내,3406,3130,6536
2022-07-19,경춘선,사릉,2547,2467,5014
2022-07-19,경춘선,상천,308,272,580
2022-07-19,경춘선,신내,2430,2319,4749
2022-07-19,경춘선,천마산,1751,1624,3375
2022-07-19,경춘선,청평,2179,2017,4196
2022-07-19,경춘선,춘천,1343,1254,2597
2022-07-19,경춘선,퇴계원,3702,3342,7044
2022-07-19,경춘선,평내호평,6434,6466,12900
2022-07-19,공항철도,검암,7160,7025,14185
2022-07-19,공항철도,계양,11758,10931,22689
2022-07-19,공항철도,공덕,2625,3502,6127
2022-07-19,공항철도,공항화물청사,2487,2676,5163
2022-07-19,공항철도,김포공항,11589,7095,18684
2022-07-19,공항철도,디지털미디어시티,15824,14738,30562
2022-07-19,공항철도,마곡나루,10582,9940,20522
2022-07-19,공항철도,서울역,8656,7636,16292
2022-07-19,공항철도,영종,3612,3649,7261
2022-07-19,공항철도,운서,7788,7997,15785
2022-07-19,공항철도,인천공항1터미널,7386,7194,14580
2022-07-19,공항철도,인천공항2터미널,3327,3222,6549
2022-07-19,공항철도,청라국제도시,7665,7038,14703
2022-07-19,공항철도,홍대입구,10907,11156,22063
2022-07-19,과천선,경마공원,1513,1528,3041
2022-07-19,과천선,과천,6835,6455,13290
2022-07-19,과천선,대공원,3393,3396,6789
2022-07-19,과천선,범계,27864,27813,55677
2022-07-19,과천선,선바위,8307,7381,15688
2022-07-19,과천선,인덕원,25284,26378,51662
2022-07-19,과천선,정부과천청사,11990,11865,23855
2022-07-19,과천선,평촌,19306,18843,38149
2022-07-19,분당선,가천대,7036,7779,14815
2022-07-19,분당선,강남구청,10518,12012,22530
2022-07-19,분당선,개포동,4299,4457,8756
2022-07-19,분당선,구룡,2451,2335,4786
2022-07-19,분당선,구성,5492,5802,11294
2022-07-19,분당선,기흥,10933,10098,21031
2022-07-19,분당선,대모산입구,5147,4802,9949
2022-07-19,분당선,도곡,7760,7693,15453
2022-07-19,분당선,망포,15572,14903,30475
2022-07-19,분당선,매교,3353,3345,6698
2022-07-19,분당선,매탄권선,5580,5313,10893
2022-07-19,분당선,모란,25164,25857,51021
2022-07-19,분당선,미금,16684,17736,34420
2022-07-19,분당선,보정,2946,2580,5526
2022-07-19,분당선,복정,1,0,1
2022-07-19,분당선,상갈,5820,5561,11381
2022-07-19,분당선,서울숲,12064,12449,24513
2022-07-19,분당선,서현,27802,28198,56000
2022-07-19,분당선,선릉,15445,22935,38380
2022-07-19,분당선,선정릉,8604,9041,17645
2022-07-19,분당선,수내,15391,15263,30654
2022-07-19,분당선,수서,14653,15067,29720
2022-07-19,분당선,수원,8408,6958,15366
2022-07-19,분당선,수원시청,13426,14584,28010
2022-07-19,분당선,신갈,5086,5047,10133
2022-07-19,분당선,압구정로데오,20140,22434,42574
2022-07-19,분당선,야탑,27933,29009,56942
2022-07-19,분당선,영통,8715,8849,17564
2022-07-19,분당선,오리,12589,10294,22883
2022-07-19,분당선,이매,6279,5943,12222
2022-07-19,분당선,정자,19808,21076,40884
2022-07-19,분당선,죽전,13884,15543,29427
2022-07-19,분당선,청명,4618,4453,9071
2022-07-19,분당선,태평,14199,13637,27836
2022-07-19,분당선,한티,15861,17316,33177
2022-07-19,수인선,고색,5059,4742,9801
2022-07-19,수인선,남동인더스파크,2417,2726,5143
2022-07-19,수인선,달월,120,79,199
2022-07-19,수인선,사리,4967,4264,9231
2022-07-19,수인선,소래포구,4771,4510,9281
2022-07-19,수인선,송도,2469,2278,4747
2022-07-19,수인선,숭의,4123,3848,7971
2022-07-19,수인선,신포,1900,1908,3808
2022-07-19,수인선,야목,475,315,790
2022-07-19,수인선,어천,835,861,1696
2022-07-19,수인선,연수,4607,4563,9170
2022-07-19,수인선,오목천,3161,2986,6147
2022-07-19,수인선,원인재,4499,4645,9144
2022-07-19,수인선,월곶,2889,2705,5594
2022-07-19,수인선,인천,1128,1748,2876
2022-07-19,수인선,인천논현,5808,6117,11925
2022-07-19,수인선,인하대,6158,5853,12011
2022-07-19,수인선,호구포,4321,4508,8829
2022-07-19,신림선,관악산,3312,3319,6631
2022-07-19,신림선,당곡,3663,3700,7363
2022-07-19,신림선,대방,1909,1674,3583
2022-07-19,신림선,보라매,2922,2650,5572
2022-07-19,신림선,보라매공원,2108,2133,4241
2022-07-19,신림선,보라매병원,6989,7493,14482
2022-07-19,신림선,샛강,2289,2817,5106
2022-07-19,신림선,서울대벤처타운,6487,6633,13120
2022-07-19,신림선,서울지방병무청,2311,2442,4753
2022-07-19,신림선,서원,2897,2575,5472
2022-07-19,신림선,신림,1677,2200,3877
2022-07-19,안산선,고잔,9362,8943,18305
2022-07-19,안산선,대야미,5300,4732,10032
2022-07-19,안산선,반월,4606,4504,9110
2022-07-19,안산선,산본,16403,17793,34196
2022-07-19,안산선,상록수,16125,16341,32466
2022-07-19,안산선,수리산,4353,3687,8040
2022-07-19,안산선,신길온천,1864,1713,3577
2022-07-19,안산선,안산,12116,10932,23048
2022-07-19,안산선,오이도,9025,8558,17583
2022-07-19,안산선,정왕,8296,8849,17145
2022-07-19,안산선,중앙,18565,19320,37885
2022-07-19,안산선,초지,4981,4952,9933
2022-07-19,안산선,한대앞,9253,9392,18645
2022-07-19,우이신설선,4.19민주묘지,3043,2845,5888
2022-07-19,우이신설선,가오리,4361,4373,8734
2022-07-19,우이신설선,보문,1626,1629,3255
2022-07-19,우이신설선,북한산보국문,6173,5908,12081
2022-07-19,우이신설선,북한산우이,2962,2616,5578
2022-07-19,우이신설선,삼양,2075,2164,4239
2022-07-19,우이신설선,삼양사거리,2593,2637,5230
2022-07-19,우이신설선,성신여대입구,3332,3764,7096
2022-07-19,우이신설선,솔밭공원,2649,2522,5171
2022-07-19,우이신설선,솔샘,6112,5804,11916
2022-07-19,우이신설선,신설동,2292,2247,4539
2022-07-19,우이신설선,정릉,4853,4449,9302
2022-07-19,우이신설선,화계,3619,3399,7018
2022-07-19,일산선,대곡,2402,1938,4340
2022-07-19,일산선,대화,13994,10895,24889
2022-07-19,일산선,마두,8006,8216,16222
2022-07-19,일산선,백석,10432,10355,20787
2022-07-19,일산선,삼송,20848,20168,41016
2022-07-19,일산선,원당,11633,11013,22646
2022-07-19,일산선,원흥,11789,11174,22963
2022-07-19,일산선,정발산,7543,7686,15229
2022-07-19,일산선,주엽,9894,9874,19768
2022-07-19,일산선,지축,1,0,1
2022-07-19,일산선,화정,17890,18006,35896
2022-07-19,장항선,배방,1196,1153,2349
2022-07-19,장항선,봉명,1465,1434,2899
2022-07-19,장항선,신창,1283,1305,2588
2022-07-19,장항선,쌍용,2222,2076,4298
2022-07-19,장항선,아산,3057,2813,5870
2022-07-19,장항선,온양온천,4950,5028,9978
2022-07-19,장항선,탕정,1019,905,1924
2022-07-19,중앙선,구리,14046,14062,28108
2022-07-19,중앙선,국수,799,776,1575
2022-07-19,중앙선,덕소,5887,5950,11837
2022-07-19,중앙선,도농,12099,10903,23002
2022-07-19,중앙선,도심,2740,2115,4855
2022-07-19,중앙선,망우,8026,7747,15773
2022-07-19,중앙선,상봉,5968,6054,12022
2022-07-19,중앙선,신원,228,197,425
2022-07-19,중앙선,아신,638,611,1249
2022-07-19,중앙선,양수,2557,2544,5101
2022-07-19,중앙선,양원,3251,3136,6387
2022-07-19,중앙선,양정,712,569,1281
2022-07-19,중앙선,양평,3062,3005,6067
2022-07-19,중앙선,오빈,339,336,675
2022-07-19,중앙선,용문,2092,2068,4160
2022-07-19,중앙선,운길산,752,743,1495
2022-07-19,중앙선,원덕,375,386,761
2022-07-19,중앙선,중랑,6013,5540,11553
2022-07-19,중앙선,지평,81,72,153
2022-07-19,중앙선,팔당,910,944,1854
2022-07-19,중앙선,회기,24991,23987,48978
2022-07-20,1호선,동대문,11302,10735,22037
2022-07-20,1호선,동묘앞,8017,8393,16410
2022-07-20,1호선,서울역,48149,46822,94971
2022-07-20,1호선,시청,25469,26079,51548
2022-07-20,1호선,신설동,14218,14102,28320
2022-07-20,1호선,제기동,17152,17256,34408
2022-07-20,1호선,종각,40874,39934,80808
2022-07-20,1호선,종로3가,26587,24767,51354
2022-07-20,1호선,종로5가,24035,23644,47679
2022-07-20,1호선,청량리,20096,20031,40127
2022-07-20,2호선,강남,91246,88251,179497
2022-07-20,2호선,강변,32194,28914,61108
2022-07-20,2호선,건대입구,36150,38769,74919
2022-07-20,2호선,교대,37533,42154,79687
2022-07-20,2호선,구로디지털단지,62962,63008,125970
2022-07-20,2호선,구의,24845,24642,49487
2022-07-20,2호선,낙성대,29007,28116,57123
2022-07-20,2호선,당산,19258,22780,42038
2022-07-20,2호선,대림,24516,25074,49590
2022-07-20,2호선,도림천,1442,1489,2931
2022-07-20,2호선,동대문역사문화공원,13008,14957,27965
2022-07-20,2호선,뚝섬,24410,26176,50586
2022-07-20,2호선,문래,23859,24432,48291
2022-07-20,2호선,방배,17129,18026,35155
2022-07-20,2호선,봉천,25347,23470,48817
2022-07-20,2호선,사당,40244,43538,83782
2022-07-20,2호선,삼성,58592,59420,118012
2022-07-20,2호선,상왕십리,15010,14823,29833
2022-07-20,2호선,서울대입구,49021,47927,96948
2022-07-20,2호선,서초,23657,22905,46562
2022-07-20,2호선,선릉,63922,56655,120577
2022-07-20,2호선,성수,41585,44898,86483
2022-07-20,2호선,시청,26480,25705,52185
2022-07-20,2호선,신답,1816,2062,3878
2022-07-20,2호선,신당,14568,15171,29739
2022-07-20,2호선,신대방,26625,26084,52709
2022-07-20,2호선,신도림,50567,50252,100819
2022-07-20,2호선,신림,61007,59039,120046
2022-07-20,2호선,신설동,3531,3547,7078
2022-07-20,2호선,신정네거리,10911,11273,22184
2022-07-20,2호선,신촌,36190,36914,73104
2022-07-20,2호선,아현,10943,10319,21262
2022-07-20,2호선,양천구청,7235,7552,14787
2022-07-20,2호선,역삼,58920,66032,124952
2022-07-20,2호선,영등포구청,23627,24141,47768
2022-07-20,2호선,왕십리,16836,14019,30855
2022-07-20,2호선,용답,2805,2695,5500
2022-07-20,2호선,용두,2447,2553,5000
2022-07-20,2호선,을지로3가,25817,25872,51689
2022-07-20,2호선,을지로4가,14312,14256,28568
2022-07-20,2호선,을지로입구,45365,46429,91794
2022-07-20,2호선,이대,14287,15498,29785
2022-07-20,2호선,잠실,77679,76988,154667
2022-07-20,2호선,잠실나루,15574,15109,30683
2022-07-20,2호선,잠실새내,22631,22480,45111
2022-07-20,2호선,종합운동장,7899,8200,16099
2022-07-20,2호선,충정로,10720,11374,22094
2022-07-20,2호선,한양대,8044,8301,16345
2022-07-20,2호선,합정,32224,34525,66749
2022-07-20,2호선,홍대입구,61032,64760,125792
2022-07-20,3호선,가락시장,9460,9170,18630
2022-07-20,3호선,경복궁,22557,22569,45126
2022-07-20,3호선,경찰병원,7917,7971,15888
2022-07-20,3호선,고속터미널,43627,41742,85369
2022-07-20,3호선,교대,16048,10425,26473
2022-07-20,3호선,구파발,22327,21586,43913
2022-07-20,3호선,금호,8318,7613,15931
2022-07-20,3호선,남부터미널,31358,31977,63335
2022-07-20,3호선,녹번,16407,14795,31202
2022-07-20,3호선,대청,11061,10257,21318
2022-07-20,3호선,대치,12260,12533,24793
2022-07-20,3호선,도곡,5580,5691,11271
2022-07-20,3호선,독립문,7298,7521,14819
2022-07-20,3호선,동대입구,8078,8667,16745
2022-07-20,3호선,매봉,13699,13113,26812
2022-07-20,3호선,무악재,4212,4137,8349
2022-07-20,3호선,불광,16893,18274,35167
2022-07-20,3호선,수서,18097,18371,36468
2022-07-20,3호선,신사,30356,32158,62514
2022-07-20,3호선,안국,24350,25350,49700
2022-07-20,3호선,압구정,34142,36439,70581
2022-07-20,3호선,약수,13492,13066,26558
2022-07-20,3호선,양재,40094,43982,84076
2022-07-20,3호선,연신내,38100,36073,74173
2022-07-20,3호선,오금,6558,5902,12460
2022-07-20,3호선,옥수,9599,9853,19452
2022-07-20,3호선,을지로3가,11815,11813,23628
2022-07-20,3호선,일원,11464,10929,22393
2022-07-20,3호선,잠원,5146,4970,10116
2022-07-20,3호선,종로3가,10900,12538,23438
2022-07-20,3호선,지축,5398,5267,10665
2022-07-20,3호선,충무로,1,0,1
2022-07-20,3호선,학여울,1904,1851,3755
2022-07-20,3호선,홍제,18187,17094,35281
2022-07-20,4호선,길음,21594,21174,42768
2022-07-20,4호선,남태령,1283,1176,2459
2022-07-20,4호선,노원,19649,22282,41931
2022-07-20,4호선,당고개,9260,8307,17567
2022-07-20,4호선,동대문,21033,21314,42347
2022-07-20,4호선,동대문역사문화공원,16436,14826,31262
2022-07-20,4호선,동작,1413,1498,2911
2022-07-20,4호선,명동,21231,21926,43157
2022-07-20,4호선,미아,15225,14753,29978
2022-07-20,4호선,미아사거리,28049,27412,55461
2022-07-20,4호선,사당,26734,22425,49159
2022-07-20,4호선,삼각지,5741,6264,12005
2022-07-20,4호선,상계,20340,18876,39216
2022-07-20,4호선,서울역,12955,19155,32110
2022-07-20,4호선,성신여대입구,20474,19767,40241
2022-07-20,4호선,수유,34818,34942,69760
2022-07-20,4호선,숙대입구,13818,13202,27020
2022-07-20,4호선,신용산,19213,19897,39110
2022-07-20,4호선,쌍문,30114,27816,57930
2022-07-20,4호선,이촌,9556,10571,20127
2022-07-20,4호선,창동,26285,27819,54104
2022-07-20,4호선,총신대입구,19823,21588,41411
2022-07-20,4호선,충무로,27454,28583,56037
2022-07-20,4호선,한성대입구,13590,13205,26795
2022-07-20,4호선,혜화,35708,35620,71328
2022-07-20,4호선,회현,26389,27553,53942
2022-07-20,5호선,강동,19406,18902,38308
2022-07-20,5호선,강일,4685,4649,9334
2022-07-20,5호선,개롱,6886,7132,14018
2022-07-20,5호선,개화산,5955,5725,11680
2022-07-20,5호선,거여,10884,10421,21305
2022-07-20,5호선,고덕,10719,10828,21547
2022-07-20,5호선,공덕,15927,16650,32577
2022-07-20,5호선,광나루,14189,12848,27037
2022-07-20,5호선,광화문,34937,36491,71428
2022-07-20,5호선,군자,11807,12856,24663
2022-07-20,5호선,굽은다리,10455,10047,20502
2022-07-20,5호선,길동,8546,8728,17274
2022-07-20,5호선,김포공항,8045,7764,15809
2022-07-20,5호선,까치산,30184,28913,59097
2022-07-20,5호선,답십리,16863,15441,32304
2022-07-20,5호선,동대문역사문화공원,3244,3810,7054
2022-07-20,5호선,둔촌동,8499,8575,17074
2022-07-20,5호선,마곡,11765,11824,23589
2022-07-20,5호선,마장,5863,5478,11341
2022-07-20,5호선,마천,7660,7321,14981
2022-07-20,5호선,마포,15688,16019,31707
2022-07-20,5호선,명일,9310,9608,18918
2022-07-20,5호선,목동,17928,19024,36952
2022-07-20,5호선,미사,17615,17634,35249
2022-07-20,5호선,발산,22552,23045,45597
2022-07-20,5호선,방이,7413,7907,15320
2022-07-20,5호선,방화,7041,6752,13793
2022-07-20,5호선,상일동,16021,14727,30748
2022-07-20,5호선,서대문,21037,21385,42422
2022-07-20,5호선,송정,6927,6394,13321
2022-07-20,5호선,신금호,6785,7053,13838
2022-07-20,5호선,신길,4482,4843,9325
2022-07-20,5호선,신정,14695,12158,26853
2022-07-20,5호선,아차산,15073,14508,29581
2022-07-20,5호선,애오개,7377,7380,14757
2022-07-20,5호선,양평,7879,7924,15803
2022-07-20,5호선,여의나루,12405,13689,26094
2022-07-20,5호선,여의도,31273,33088,64361
2022-07-20,5호선,영등포구청,4142,4413,8555
2022-07-20,5호선,영등포시장,10801,11301,22102
2022-07-20,5호선,오금,3775,3767,7542
2022-07-20,5호선,오목교,23596,24966,48562
2022-07-20,5호선,올림픽공원,4397,3794,8191
2022-07-20,5호선,왕십리,4796,5479,10275
2022-07-20,5호선,우장산,15082,15034,30116
2022-07-20,5호선,을지로4가,6690,6756,13446
2022-07-20,5호선,장한평,20138,19971,40109
2022-07-20,5호선,종로3가,14150,13441,27591
2022-07-20,5호선,천호,19204,19140,38344
2022-07-20,5호선,청구,4152,3982,8134
2022-07-20,5호선,충정로,4767,4946,9713
2022-07-20,5호선,하남검단산,6387,6041,12428
2022-07-20,5호선,하남시청,7380,7194,14574
2022-07-20,5호선,하남풍산,4601,4488,9089
2022-07-20,5호선,행당,8731,7682,16413
2022-07-20,5호선,화곡,30115,27916,58031
2022-07-20,6호선,고려대,8511,8145,16656
2022-07-20,6호선,공덕,19898,19335,39233
2022-07-20,6호선,광흥창,9994,9614,19608
2022-07-20,6호선,구산,8048,6142,14190
2022-07-20,6호선,녹사평,5226,5172,10398
2022-07-20,6호선,대흥,8774,9037,17811
2022-07-20,6호선,독바위,3024,3074,6098
2022-07-20,6호선,돌곶이,9744,9093,18837
2022-07-20,6호선,동묘앞,8171,8439,16610
2022-07-20,6호선,디지털미디어시티,15359,17305,32664
2022-07-20,6호선,마포구청,15102,13779,28881
2022-07-20,6호선,망원,14870,15617,30487
2022-07-20,6호선,버티고개,2129,2201,4330
2022-07-20,6호선,보문,7968,7313,15281
2022-07-20,6호선,봉화산,9335,8851,18186
2022-07-20,6호선,불광,5006,4824,9830
2022-07-20,6호선,삼각지,7996,6699,14695
2022-07-20,6호선,상수,9064,10082,19146
2022-07-20,6호선,상월곡,6479,5843,12322
2022-07-20,6호선,새절,13133,12286,25419
2022-07-20,6호선,석계,12667,13194,25861
2022-07-20,6호선,신당,8995,9360,18355
2022-07-20,6호선,안암,11220,11098,22318
2022-07-20,6호선,약수,3910,3916,7826
2022-07-20,6호선,역촌,4042,4326,8368
2022-07-20,6호선,연신내,1,0,1
2022-07-20,6호선,월곡,12188,11942,24130
2022-07-20,6호선,월드컵경기장,4725,4904,9629
2022-07-20,6호선,응암,18375,18409,36784
2022-07-20,6호선,이태원,10882,11349,22231
2022-07-20,6호선,증산,10402,10519,20921
2022-07-20,6호선,창신,3562,2994,6556
2022-07-20,6호선,청구,4084,4034,8118
2022-07-20,6호선,태릉입구,5651,6123,11774
2022-07-20,6호선,한강진,9023,9994,19017
2022-07-20,6호선,합정,13690,13515,27205
2022-07-20,6호선,화랑대,12038,9332,21370
2022-07-20,6호선,효창공원앞,7401,6620,14021
2022-07-20,7호선,가산디지털단지,48245,48281,96526
2022-07-20,7호선,강남구청,17865,19825,37690
2022-07-20,7호선,건대입구,13055,13696,26751
2022-07-20,7호선,고속터미널,16693,14012,30705
2022-07-20,7호선,공릉,12367,12270,24637
2022-07-20,7호선,광명사거리,22872,22516,45388
2022-07-20,7호선,군자,15687,12754,28441
2022-07-20,7호선,남구로,16244,17248,33492
2022-07-20,7호선,남성,11663,10899,22562
2022-07-20,7호선,내방,15781,16149,31930
2022-07-20,7호선,노원,21311,22319,43630
2022-07-20,7호선,논현,20044,21321,41365
2022-07-20,7호선,대림,8123,8270,16393
2022-07-20,7호선,도봉산,9452,10939,20391
2022-07-20,7호선,뚝섬유원지,9702,9259,18961
2022-07-20,7호선,마들,13633,12953,26586
2022-07-20,7호선,먹골,10513,10477,20990
2022-07-20,7호선,면목,15652,15227,30879
2022-07-20,7호선,반포,6335,6157,12492
2022-07-20,7호선,보라매,8281,8430,16711
2022-07-20,7호선,부천종합운동장,1,0,1
2022-07-20,7호선,사가정,16628,16690,33318
2022-07-20,7호선,상도,11542,11078,22620
2022-07-20,7호선,상봉,17577,16442,34019
2022-07-20,7호선,수락산,13655,13573,27228
2022-07-20,7호선,숭실대입구,12454,12693,25147
2022-07-20,7호선,신대방삼거리,16193,15453,31646
2022-07-20,7호선,신풍,12625,12027,24652
2022-07-20,7호선,어린이대공원,13199,13159,26358
2022-07-20,7호선,온수,10661,9774,20435
2022-07-20,7호선,용마산,6215,6113,12328
2022-07-20,7호선,이수,17442,16840,34282
2022-07-20,7호선,장승배기,9756,9594,19350
2022-07-20,7호선,장암,2500,1092,3592
2022-07-20,7호선,중계,15417,14099,29516
2022-07-20,7호선,중곡,11363,10702,22065
2022-07-20,7호선,중화,11306,11128,22434
2022-07-20,7호선,천왕,12409,11861,24270
2022-07-20,7호선,철산,22406,22930,45336
2022-07-20,7호선,청담,21113,23635,44748
2022-07-20,7호선,태릉입구,8793,8166,16959
2022-07-20,7호선,하계,19289,18240,37529
2022-07-20,7호선,학동,26407,27892,54299
2022-07-20,8호선,가락시장,8279,9015,17294
2022-07-20,8호선,강동구청,11049,11402,22451
2022-07-20,8호선,남위례,5833,5941,11774
2022-07-20,8호선,남한산성입구,14495,13016,27511
2022-07-20,8호선,단대오거리,11006,10983,21989
2022-07-20,8호선,모란,4576,3662,8238
2022-07-20,8호선,몽촌토성,6415,6771,13186
2022-07-20,8호선,문정,23557,24893,48450
2022-07-20,8호선,복정,9804,8343,18147
2022-07-20,8호선,산성,5611,5657,11268
2022-07-20,8호선,석촌,8138,9321,17459
2022-07-20,8호선,송파,9360,9453,18813
2022-07-20,8호선,수진,5747,5279,11026
2022-07-20,8호선,신흥,4591,4905,9496
2022-07-20,8호선,암사,20189,17670,37859
2022-07-20,8호선,잠실,15916,18421,34337
2022-07-20,8호선,장지,18543,17926,36469
2022-07-20,8호선,천호,15521,17478,32999
2022-07-20,9호선,가양,22441,21878,44319
2022-07-20,9호선,개화,2887,1909,4796
2022-07-20,9호선,고속터미널,13656,17411,31067
2022-07-20,9호선,공항시장,3173,3499,6672
2022-07-20,9호선,구반포,1277,1339,2616
2022-07-20,9호선,국회의사당,18723,19222,37945
2022-07-20,9호선,김포공항,7897,11751,19648
2022-07-20,9호선,노들,4922,4119,9041
2022-07-20,9호선,노량진,26977,26224,53201
2022-07-20,9호선,당산,20050,20015,40065
2022-07-20,9호선,동작,2077,1619,3696
2022-07-20,9호선,등촌,12407,11911,24318
2022-07-20,9호선,마곡나루,13445,13337,26782
2022-07-20,9호선,사평,4070,3996,8066
2022-07-20,9호선,샛강,7290,7026,14316
2022-07-20,9호선,선유도,9820,9104,18924
2022-07-20,9호선,신논현,32879,32357,65236
2022-07-20,9호선,신목동,4620,3966,8586
2022-07-20,9호선,신반포,3967,3962,7929
2022-07-20,9호선,신방화,7366,7200,14566
2022-07-20,9호선,양천향교,10105,10601,20706
2022-07-20,9호선,여의도,31413,30199,61612
2022-07-20,9호선,염창,18591,17939,36530
2022-07-20,9호선,증미,7970,7870,15840
2022-07-20,9호선,흑석,8609,8976,17585
2022-07-20,9호선2~3단계,둔촌오륜,1026,1033,2059
2022-07-20,9호선2~3단계,봉은사,19866,20400,40266
2022-07-20,9호선2~3단계,삼성중앙,8096,8632,16728
2022-07-20,9호선2~3단계,삼전,7506,7359,14865
2022-07-20,9호선2~3단계,석촌,9233,8182,17415
2022-07-20,9호선2~3단계,석촌고분,6842,6590,13432
2022-07-20,9호선2~3단계,선정릉,10936,12165,23101
2022-07-20,9호선2~3단계,송파나루,5631,6038,11669
2022-07-20,9호선2~3단계,언주,12113,12404,24517
2022-07-20,9호선2~3단계,올림픽공원,6646,6609,13255
2022-07-20,9호선2~3단계,종합운동장,4528,4523,9051
2022-07-20,9호선2~3단계,중앙보훈병원,12036,10717,22753
2022-07-20,9호선2~3단계,한성백제,2838,2540,5378
2022-07-20,경강선,경기광주,8412,7846,16258
2022-07-20,경강선,곤지암,2265,2272,4537
2022-07-20,경강선,부발,2082,2087,4169
2022-07-20,경강선,삼동,2648,2494,5142
2022-07-20,경강선,세종대왕릉,415,388,803
2022-07-20,경강선,신둔도예촌,1615,1525,3140
2022-07-20,경강선,여주,2392,2442,4834
2022-07-20,경강선,이매,1271,1108,2379
2022-07-20,경강선,이천,2734,2779,5513
2022-07-20,경강선,초월,3437,3341,6778
2022-07-20,경강선,판교,5614,5567,11181
2022-07-20,경부선,가산디지털단지,19539,22696,42235
2022-07-20,경부선,관악,7733,7305,15038
2022-07-20,경부선,광명,3513,3106,6619
2022-07-20,경부선,구로,19525,19794,39319
2022-07-20,경부선,군포,8020,7780,15800
2022-07-20,경부선,금정,28786,28934,57720
2022-07-20,경부선,금천구청,12180,12235,24415
2022-07-20,경부선,남영,10101,10454,20555
2022-07-20,경부선,노량진,7890,7751,15641
2022-07-20,경부선,당정,6558,6208,12766
2022-07-20,경부선,대방,11885,12760,24645
2022-07-20,경부선,독산,19948,20575,40523
2022-07-20,경부선,두정,5606,5725,11331
2022-07-20,경부선,명학,9594,9490,19084
2022-07-20,경부선,병점,14752,14516,29268
2022-07-20,경부선,서동탄,1574,1326,2900
2022-07-20,경부선,서울역,7282,2110,9392
2022-07-20,경부선,서정리,7142,6763,13905
2022-07-20,경부선,석수,9712,8814,18526
2022-07-20,경부선,성균관대,14757,14573,29330
2022-07-20,경부선,성환,3419,3395,6814
2022-07-20,경부선,세류,3239,2885,6124
2022-07-20,경부선,세마,3092,2920,6012
2022-07-20,경부선,송탄,4338,4191,8529
2022-07-20,경부선,수원,34891,37404,72295
2022-07-20,경부선,신길,9502,8402,17904
2022-07-20,경부선,신도림,4189,4342,8531
2022-07-20,경부선,안양,22898,22607,45505
2022-07-20,경부선,영등포,39765,41090,80855
2022-07-20,경부선,오산,9879,9954,19833
2022-07-20,경부선,오산대,3640,3386,7026
2022-07-20,경부선,용산,37969,38838,76807
2022-07-20,경부선,의왕,9574,9470,19044
2022-07-20,경부선,직산,912,899,1811
2022-07-20,경부선,진위,1950,1695,3645
2022-07-20,경부선,천안,5274,5507,10781
2022-07-20,경부선,평택,11638,11635,23273
2022-07-20,경부선,평택지제,3851,3819,7670
2022-07-20,경부선,화서,8783,8303,17086
2022-07-20,경원선,가능,7225,6850,14075
2022-07-20,경원선,광운대,7763,7305,15068
2022-07-20,경원선,녹양,4973,4624,9597
2022-07-20,경원선,녹천,4898,4096,8994
2022-07-20,경원선,덕계,3572,3192,6764
2022-07-20,경원선,덕정,5714,5491,11205
2022-07-20,경원선,도봉,6404,6220,12624
2022-07-20,경원선,도봉산,8029,5136,13165
2022-07-20,경원선,동두천,2316,2603,4919
2022-07-20,경원선,동두천중앙,3569,3490,7059
2022-07-20,경원선,망월사,8040,8336,16376
2022-07-20,경원선,방학,10188,10012,20200
2022-07-20,경원선,보산,1731,1524,3255
2022-07-20,경원선,서빙고,2186,2036,4222
2022-07-20,경원선,석계,8329,9242,17571
2022-07-20,경원선,소요산,3037,2620,5657
2022-07-20,경원선,신이문,8938,8225,17163
2022-07-20,경원선,양주,7889,7508,15397
2022-07-20,경원선,옥수,48,33,81
2022-07-20,경원선,왕십리,15034,17160,32194
2022-07-20,경원선,외대앞,7838,7812,15650
2022-07-20,경원선,월계,6843,6449,13292
2022-07-20,경원선,응봉,2003,1659,3662
2022-07-20,경원선,의정부,19470,20160,39630
2022-07-20,경원선,이촌,4217,3237,7454
2022-07-20,경원선,지행,6919,7004,13923
2022-07-20,경원선,창동,3,0,3
2022-07-20,경원선,청량리,15505,16314,31819
2022-07-20,경원선,한남,4338,4190,8528
2022-07-20,경원선,회룡,13632,13457,27089
2022-07-20,경의선,가좌,5750,5499,11249
2022-07-20,경의선,강매,3545,3052,6597
2022-07-20,경의선,곡산,662,703,1365
2022-07-20,경의선,공덕,4209,3560,7769
2022-07-20,경의선,금릉,5359,5148,10507
2022-07-20,경의선,금촌,7008,6886,13894
2022-07-20,경의선,김포공항,1,0,1
2022-07-20,경의선,능곡,4094,3830,7924
2022-07-20,경의선,디지털미디어시티,2832,2513,5345
2022-07-20,경의선,문산,5357,5350,10707
2022-07-20,경의선,백마,7513,7171,14684
2022-07-20,경의선,서강대,2235,2155,4390
2022-07-20,경의선,서울역,4810,6217,11027
2022-07-20,경의선,수색,3027,3194,6221
2022-07-20,경의선,신촌,985,1262,2247
2022-07-20,경의선,야당,8731,8453,17184
2022-07-20,경의선,운정,7432,6780,14212
2022-07-20,경의선,월롱,3006,2715,5721
2022-07-20,경의선,일산,10014,9827,19841
2022-07-20,경의선,임진강,25,7,32
2022-07-20,경의선,탄현,8357,8035,16392
2022-07-20,경의선,파주,1130,801,1931
2022-07-20,경의선,풍산,5951,5510,11461
2022-07-20,경의선,행신,8394,8539,16933
2022-07-20,경의선,홍대입구,1919,2310,4229
2022-07-20,경의선,화전,2081,1913,3994
2022-07-20,경의선,효창공원앞,3168,3739,6907
2022-07-20,경인선,간석,6211,5911,12122
2022-07-20,경인선,개봉,22574,22118,44692
2022-07-20,경인선,구일,6600,6425,13025
2022-07-20,경인선,도원,3259,3270,6529
2022-07-20,경인선,도화,4495,4195,8690
2022-07-20,경인선,동암,16312,16268,32580
2022-07-20,경인선,동인천,14886,14170,29056
2022-07-20,경인선,백운,7330,7121,14451
2022-07-20,경인선,부개,9160,8549,17709
2022-07-20,경인선,부천,33737,33575,67312
2022-07-20,경인선,부평,30538,32139,62677
2022-07-20,경인선,소사,8615,8577,17192
2022-07-20,경인선,송내,28914,28690,57604
2022-07-20,경인선,역곡,28208,27937,56145
2022-07-20,경인선,오류동,12386,11536,23922
2022-07-20,경인선,온수,7013,6629,13642
2022-07-20,경인선,인천,3865,2956,6821
2022-07-20,경인선,제물포,10827,10272,21099
2022-07-20,경인선,주안,19733,17752,37485
2022-07-20,경인선,중동,9937,9346,19283
2022-07-20,경춘선,가평,2961,2859,5820
2022-07-20,경춘선,갈매,3143,2669,5812
2022-07-20,경춘선,강촌,537,467,1004
2022-07-20,경춘선,굴봉산,185,145,330
2022-07-20,경춘선,금곡,1605,1510,3115
2022-07-20,경춘선,김유정,364,402,766
2022-07-20,경춘선,남춘천,2423,2510,4933
2022-07-20,경춘선,대성리,963,1137,2100
2022-07-20,경춘선,마석,4267,4026,8293
2022-07-20,경춘선,백양리,139,130,269
2022-07-20,경춘선,별내,3371,3172,6543
2022-07-20,경춘선,사릉,2517,2436,4953
2022-07-20,경춘선,상천,297,284,581
2022-07-20,경춘선,신내,2379,2258,4637
2022-07-20,경춘선,천마산,1782,1643,3425
2022-07-20,경춘선,청평,2101,2052,4153
2022-07-20,경춘선,춘천,1350,1235,2585
2022-07-20,경춘선,퇴계원,3745,3420,7165
2022-07-20,경춘선,평내호평,6735,6532,13267
2022-07-20,공항철도,검암,7185,7112,14297
2022-07-20,공항철도,계양,11872,10708,22580
2022-07-20,공항철도,공덕,2630,3466,6096
2022-07-20,공항철도,공항화물청사,2457,2609,5066
2022-07-20,공항철도,김포공항,11731,7025,18756
2022-07-20,공항철도,디지털미디어시티,15593,14523,30116
2022-07-20,공항철도,마곡나루,10294,9772,20066
2022-07-20,공항철도,서울역,8929,8008,16937
2022-07-20,공항철도,영종,3747,3708,7455
2022-07-20,공항철도,운서,8015,8045,16060
2022-07-20,공항철도,인천공항1터미널,7669,7884,15553
2022-07-20,공항철도,인천공항2터미널,3602,3523,7125
2022-07-20,공항철도,청라국제도시,7732,7118,14850
2022-07-20,공항철도,홍대입구,11316,11326,22642
2022-07-20,과천선,경마공원,1714,1716,3430
2022-07-20,과천선,과천,6849,6538,13387
2022-07-20,과천선,대공원,2923,3012,5935
2022-07-20,과천선,범계,27902,27606,55508
2022-07-20,과천선,선바위,8511,7556,16067
2022-07-20,과천선,인덕원,25397,26255,51652
2022-07-20,과천선,정부과천청사,11667,11543,23210
2022-07-20,과천선,평촌,18858,18790,37648
2022-07-20,분당선,가천대,7249,7956,15205
2022-07-20,분당선,강남구청,10281,11905,22186
2022-07-20,분당선,개포동,4416,4554,8970
2022-07-20,분당선,구룡,2515,2464,4979
2022-07-20,분당선,구성,5469,5733,11202
2022-07-20,분당선,기흥,11149,10218,21367
2022-07-20,분당선,대모산입구,4934,4545,9479
2022-07-20,분당선,도곡,7747,7654,15401
2022-07-20,분당선,망포,16007,15216,31223
2022-07-20,분당선,매교,3431,3383,6814
2022-07-20,분당선,매탄권선,5735,5561,11296
2022-07-20,분당선,모란,20521,20744,41265
2022-07-20,분당선,미금,17002,18083,35085
2022-07-20,분당선,보정,3128,2583,5711
2022-07-20,분당선,상갈,5879,5815,11694
2022-07-20,분당선,서울숲,12161,12683,24844
2022-07-20,분당선,서현,27736,27953,55689
2022-07-20,분당선,선릉,15216,23014,38230
2022-07-20,분당선,선정릉,8374,9021,17395
2022-07-20,분당선,수내,15015,15150,30165
2022-07-20,분당선,수서,14369,14801,29170
2022-07-20,분당선,수원,8433,7130,15563
2022-07-20,분당선,수원시청,13722,14853,28575
2022-07-20,분당선,신갈,5170,5069,10239
2022-07-20,분당선,압구정로데오,20408,22342,42750
2022-07-20,분당선,야탑,28418,29776,58194
2022-07-20,분당선,영통,8953,9320,18273
2022-07-20,분당선,오리,12810,10465,23275
2022-07-20,분당선,이매,6436,5728,12164
2022-07-20,분당선,정자,20259,21442,41701
2022-07-20,분당선,죽전,13884,15499,29383
2022-07-20,분당선,청명,4727,4551,9278
2022-07-20,분당선,태평,14150,13509,27659
2022-07-20,분당선,한티,16602,17528,34130
2022-07-20,수인선,고색,5119,4734,9853
2022-07-20,수인선,남동인더스파크,2484,2743,5227
2022-07-20,수인선,달월,128,79,207
2022-07-20,수인선,사리,4973,4387,9360
2022-07-20,수인선,소래포구,5034,4626,9660
2022-07-20,수인선,송도,2497,2324,4821
2022-07-20,수인선,숭의,4225,3912,8137
2022-07-20,수인선,신포,1858,1882,3740
2022-07-20,수인선,야목,445,331,776
2022-07-20,수인선,어천,884,915,1799
2022-07-20,수인선,연수,4707,4707,9414
2022-07-20,수인선,오목천,3312,3004,6316
2022-07-20,수인선,원인재,4534,4751,9285
2022-07-20,수인선,월곶,3049,2839,5888
2022-07-20,수인선,인천,1050,1819,2869
2022-07-20,수인선,인천논현,6015,6397,12412
2022-07-20,수인선,인하대,6019,5677,11696
2022-07-20,수인선,호구포,4405,4510,8915
2022-07-20,신림선,관악산,3131,3146,6277
2022-07-20,신림선,당곡,3769,3693,7462
2022-07-20,신림선,대방,2022,1575,3597
2022-07-20,신림선,보라매,2995,2709,5704
2022-07-20,신림선,보라매공원,1823,1976,3799
2022-07-20,신림선,보라매병원,6939,7335,14274
2022-07-20,신림선,샛강,2291,2828,5119
2022-07-20,신림선,서울대벤처타운,6440,6648,13088
2022-07-20,신림선,서울지방병무청,2286,2521,4807
2022-07-20,신림선,서원,2825,2622,5447
2022-07-20,신림선,신림,1700,2315,4015
2022-07-20,안산선,고잔,9485,9068,18553
2022-07-20,안산선,대야미,5280,4717,9997
2022-07-20,안산선,반월,4649,4473,9122
2022-07-20,안산선,산본,16895,18086,34981
2022-07-20,안산선,상록수,16292,15678,31970
2022-07-20,안산선,수리산,4332,3533,7865
2022-07-20,안산선,신길온천,1935,1753,3688
2022-07-20,안산선,안산,12161,11179,23340
2022-07-20,안산선,오이도,9146,8818,17964
2022-07-20,안산선,정왕,8075,8538,16613
2022-07-20,안산선,중앙,18933,20042,38975
2022-07-20,안산선,초지,5098,5141,10239
2022-07-20,안산선,한대앞,9330,9211,18541
2022-07-20,우이신설선,4.19민주묘지,3075,2818,5893
2022-07-20,우이신설선,가오리,4445,4486,8931
2022-07-20,우이신설선,보문,1574,1585,3159
2022-07-20,우이신설선,북한산보국문,6285,5956,12241
2022-07-20,우이신설선,북한산우이,2986,2718,5704
2022-07-20,우이신설선,삼양,2123,2235,4358
2022-07-20,우이신설선,삼양사거리,2591,2575,5166
2022-07-20,우이신설선,성신여대입구,3584,3992,7576
2022-07-20,우이신설선,솔밭공원,2611,2513,5124
2022-07-20,우이신설선,솔샘,6163,5827,11990
2022-07-20,우이신설선,신설동,2174,2185,4359
2022-07-20,우이신설선,정릉,4878,4516,9394
2022-07-20,우이신설선,화계,3556,3408,6964
2022-07-20,일산선,대곡,2312,1841,4153
2022-07-20,일산선,대화,13886,10836,24722
2022-07-20,일산선,마두,8417,8672,17089
2022-07-20,일산선,백석,10441,10334,20775
2022-07-20,일산선,삼송,20869,20134,41003
2022-07-20,일산선,원당,11787,11097,22884
2022-07-20,일산선,원흥,11898,11130,23028
2022-07-20,일산선,정발산,8011,7908,15919
2022-07-20,일산선,주엽,9918,9997,19915
2022-07-20,일산선,화정,17910,18178,36088
2022-07-20,장항선,배방,1121,1049,2170
2022-07-20,장항선,봉명,1424,1369,2793
2022-07-20,장항선,신창,1263,1218,2481
2022-07-20,장항선,쌍용,2088,1910,3998
2022-07-20,장항선,아산,3039,2781,5820
2022-07-20,장항선,온양온천,3616,3787,7403
2022-07-20,장항선,탕정,983,870,1853
2022-07-20,중앙선,구리,14394,14541,28935
2022-07-20,중앙선,국수,886,854,1740
2022-07-20,중앙선,덕소,6048,5932,11980
2022-07-20,중앙선,도농,12006,10815,22821
2022-07-20,중앙선,도심,2732,2161,4893
2022-07-20,중앙선,망우,8117,7930,16047
2022-07-20,중앙선,상봉,5974,6066,12040
2022-07-20,중앙선,신원,214,172,386
2022-07-20,중앙선,아신,661,649,1310
2022-07-20,중앙선,양수,2440,2444,4884
2022-07-20,중앙선,양원,3417,3345,6762
2022-07-20,중앙선,양정,751,652,1403
2022-07-20,중앙선,양평,3069,3074,6143
2022-07-20,중앙선,오빈,349,351,700
2022-07-20,중앙선,용문,3445,3478,6923
2022-07-20,중앙선,운길산,762,713,1475
2022-07-20,중앙선,원덕,378,353,731
2022-07-20,중앙선,중랑,6181,5735,11916
2022-07-20,중앙선,지평,111,102,213
2022-07-20,중앙선,팔당,971,993,1964
2022-07-20,중앙선,회기,25264,24402,49666
2022-07-21,1호선,동대문,10890,10143,21033
2022-07-21,1호선,동묘앞,7313,7656,14969
2022-07-21,1호선,서울역,47832,46734,94566
2022-07-21,1호선,시청,24624,25402,50026
2022-07-21,1호선,신설동,13902,13459,27361
2022-07-21,1호선,제기동,16980,17036,34016
2022-07-21,1호선,종각,39127,39372,78499
2022-07-21,1호선,종로3가,26655,24492,51147
2022-07-21,1호선,종로5가,23296,23652,46948
2022-07-21,1호선,청량리,19900,19371,39271
2022-07-21,2호선,강남,88984,87076,176060
2022-07-21,2호선,강변,32096,30878,62974
2022-07-21,2호선,건대입구,35252,37945,73197
2022-07-21,2호선,교대,36387,41456,77843
2022-07-21,2호선,구로디지털단지,62059,62007,124066
2022-07-21,2호선,구의,24479,23945,48424
2022-07-21,2호선,낙성대,28445,27286,55731
2022-07-21,2호선,당산,18713,22204,40917
2022-07-21,2호선,대림,24192,24870,49062
2022-07-21,2호선,도림천,1452,1488,2940
2022-07-21,2호선,동대문역사문화공원,13042,14772,27814
2022-07-21,2호선,뚝섬,23734,26024,49758
2022-07-21,2호선,문래,23316,24073,47389
2022-07-21,2호선,방배,16591,17587,34178
2022-07-21,2호선,봉천,24771,22964,47735
2022-07-21,2호선,사당,40031,44059,84090
2022-07-21,2호선,삼성,58857,60615,119472
2022-07-21,2호선,상왕십리,14832,14361,29193
2022-07-21,2호선,서울대입구,47462,46260,93722
2022-07-21,2호선,서초,22904,22467,45371
2022-07-21,2호선,선릉,63014,56268,119282
2022-07-21,2호선,성수,40329,44498,84827
2022-07-21,2호선,시청,25414,25430,50844
2022-07-21,2호선,신답,1853,2023,3876
2022-07-21,2호선,신당,14399,14839,29238
2022-07-21,2호선,신대방,26305,25330,51635
2022-07-21,2호선,신도림,49657,49026,98683
2022-07-21,2호선,신림,60107,57505,117612
2022-07-21,2호선,신설동,3502,3516,7018
2022-07-21,2호선,신정네거리,10721,10846,21567
2022-07-21,2호선,신촌,35136,35629,70765
2022-07-21,2호선,아현,10566,9773,20339
2022-07-21,2호선,양천구청,7212,7332,14544
2022-07-21,2호선,역삼,56337,65207,121544
2022-07-21,2호선,영등포구청,23069,24091,47160
2022-07-21,2호선,왕십리,16288,13656,29944
2022-07-21,2호선,용답,2824,2648,5472
2022-07-21,2호선,용두,2447,2472,4919
2022-07-21,2호선,을지로3가,24686,25421,50107
2022-07-21,2호선,을지로4가,13937,14018,27955
2022-07-21,2호선,을지로입구,43233,45487,88720
2022-07-21,2호선,이대,14242,15008,29250
2022-07-21,2호선,잠실,75286,75393,150679
2022-07-21,2호선,잠실나루,15372,14855,30227
2022-07-21,2호선,잠실새내,22110,21800,43910
2022-07-21,2호선,종합운동장,7525,7859,15384
2022-07-21,2호선,충정로,10405,11114,21519
2022-07-21,2호선,한양대,7791,8259,16050
2022-07-21,2호선,합정,32886,36106,68992
2022-07-21,2호선,홍대입구,59680,63643,123323
2022-07-21,3호선,가락시장,9222,8911,18133
2022-07-21,3호선,경복궁,21237,21688,42925
2022-07-21,3호선,경찰병원,7605,7567,15172
2022-07-21,3호선,고속터미널,42342,41078,83420
2022-07-21,3호선,교대,15944,10430,26374
2022-07-21,3호선,구파발,21761,20923,42684
2022-07-21,3호선,금호,8191,7394,15585
2022-07-21,3호선,남부터미널,30537,31528,62065
2022-07-21,3호선,녹번,16273,14273,30546
2022-07-21,3호선,대청,10201,9642,19843
2022-07-21,3호선,대치,12354,12306,24660
2022-07-21,3호선,도곡,5351,5482,10833
2022-07-21,3호선,독립문,7123,7040,14163
2022-07-21,3호선,동대입구,9304,9984,19288
2022-07-21,3호선,매봉,13151,12800,25951
2022-07-21,3호선,무악재,4094,4059,8153
2022-07-21,3호선,불광,16539,17604,34143
2022-07-21,3호선,수서,17833,18078,35911
2022-07-21,3호선,신사,30057,32111,62168
2022-07-21,3호선,안국,23256,24310,47566
2022-07-21,3호선,압구정,33439,36146,69585
2022-07-21,3호선,약수,13137,12542,25679
2022-07-21,3호선,양재,39292,43296,82588
2022-07-21,3호선,연신내,36473,34366,70839
2022-07-21,3호선,오금,6589,5881,12470
2022-07-21,3호선,옥수,9435,9647,19082
2022-07-21,3호선,을지로3가,11371,11742,23113
2022-07-21,3호선,일원,11074,10727,21801
2022-07-21,3호선,잠원,5012,4863,9875
2022-07-21,3호선,종로3가,10717,12259,22976
2022-07-21,3호선,지축,5395,5089,10484
2022-07-21,3호선,충무로,1,0,1
2022-07-21,3호선,학여울,1882,1860,3742
2022-07-21,3호선,홍제,18007,16434,34441
2022-07-21,4호선,길음,21383,20549,41932
2022-07-21,4호선,남태령,1261,1106,2367
2022-07-21,4호선,노원,18598,21470,40068
2022-07-21,4호선,당고개,9396,8278,17674
2022-07-21,4호선,동대문,20708,21539,42247
2022-07-21,4호선,동대문역사문화공원,16242,14603,30845
2022-07-21,4호선,동작,1294,1475,2769
2022-07-21,4호선,명동,20429,21150,41579
2022-07-21,4호선,미아,14882,14308,29190
2022-07-21,4호선,미아사거리,27518,26239,53757
2022-07-21,4호선,사당,26332,22119,48451
2022-07-21,4호선,삼각지,5525,6238,11763
2022-07-21,4호선,상계,19561,18077,37638
2022-07-21,4호선,서울역,12516,19199,31715
2022-07-21,4호선,성신여대입구,19752,18876,38628
2022-07-21,4호선,수유,34074,33919,67993
2022-07-21,4호선,숙대입구,13235,12799,26034
2022-07-21,4호선,신용산,18389,19299,37688
2022-07-21,4호선,쌍문,29320,26913,56233
2022-07-21,4호선,이촌,8758,9610,18368
2022-07-21,4호선,창동,25797,27252,53049
2022-07-21,4호선,총신대입구,19041,20763,39804
2022-07-21,4호선,충무로,26968,28735,55703
2022-07-21,4호선,한성대입구,13318,12788,26106
2022-07-21,4호선,혜화,34090,34917,69007
2022-07-21,4호선,회현,25270,26622,51892
2022-07-21,5호선,강동,19368,18600,37968
2022-07-21,5호선,강일,4586,4551,9137
2022-07-21,5호선,개롱,6904,6969,13873
2022-07-21,5호선,개화산,5819,5550,11369
2022-07-21,5호선,거여,10561,9946,20507
2022-07-21,5호선,고덕,10201,10251,20452
2022-07-21,5호선,공덕,15510,16368,31878
2022-07-21,5호선,광나루,13461,11966,25427
2022-07-21,5호선,광화문,32471,34825,67296
2022-07-21,5호선,군자,11335,12353,23688
2022-07-21,5호선,굽은다리,10222,9762,19984
2022-07-21,5호선,길동,8221,8416,16637
2022-07-21,5호선,김포공항,7960,7634,15594
2022-07-21,5호선,까치산,30062,28209,58271
2022-07-21,5호선,답십리,16659,14852,31511
2022-07-21,5호선,동대문역사문화공원,3191,3790,6981
2022-07-21,5호선,둔촌동,8405,8278,16683
2022-07-21,5호선,마곡,11373,11729,23102
2022-07-21,5호선,마장,5749,5366,11115
2022-07-21,5호선,마천,7501,7060,14561
2022-07-21,5호선,마포,15142,15583,30725
2022-07-21,5호선,명일,8942,9062,18004
2022-07-21,5호선,목동,17591,18683,36274
2022-07-21,5호선,미사,17219,17316,34535
2022-07-21,5호선,발산,21585,22880,44465
2022-07-21,5호선,방이,7458,7689,15147
2022-07-21,5호선,방화,6825,6478,13303
2022-07-21,5호선,상일동,15760,14198,29958
2022-07-21,5호선,서대문,20359,21243,41602
2022-07-21,5호선,송정,6762,6157,12919
2022-07-21,5호선,신금호,6632,6843,13475
2022-07-21,5호선,신길,4568,4734,9302
2022-07-21,5호선,신정,14658,11620,26278
2022-07-21,5호선,아차산,14361,13618,27979
2022-07-21,5호선,애오개,7277,7195,14472
2022-07-21,5호선,양평,7917,7839,15756
2022-07-21,5호선,여의나루,11939,13059,24998
2022-07-21,5호선,여의도,29943,33329,63272
2022-07-21,5호선,영등포구청,4215,4267,8482
2022-07-21,5호선,영등포시장,10678,10998,21676
2022-07-21,5호선,오금,3724,3751,7475
2022-07-21,5호선,오목교,22609,23943,46552
2022-07-21,5호선,올림픽공원,4137,3475,7612
2022-07-21,5호선,왕십리,4550,5304,9854
2022-07-21,5호선,우장산,14870,14402,29272
2022-07-21,5호선,을지로4가,6662,6824,13486
2022-07-21,5호선,장한평,19670,19458,39128
2022-07-21,5호선,종로3가,13427,13226,26653
2022-07-21,5호선,천호,18436,18346,36782
2022-07-21,5호선,청구,4088,3783,7871
2022-07-21,5호선,충정로,4711,4766,9477
2022-07-21,5호선,하남검단산,6069,5730,11799
2022-07-21,5호선,하남시청,7093,6827,13920
2022-07-21,5호선,하남풍산,4316,4361,8677
2022-07-21,5호선,행당,8678,7581,16259
2022-07-21,5호선,화곡,29591,27275,56866
2022-07-21,6호선,고려대,8312,7931,16243
2022-07-21,6호선,공덕,19864,19061,38925
2022-07-21,6호선,광흥창,9717,9250,18967
2022-07-21,6호선,구산,7984,5968,13952
2022-07-21,6호선,녹사평,5148,5183,10331
2022-07-21,6호선,대흥,8618,8888,17506
2022-07-21,6호선,독바위,2896,2888,5784
2022-07-21,6호선,돌곶이,9628,8701,18329
2022-07-21,6호선,동묘앞,7950,8020,15970
2022-07-21,6호선,디지털미디어시티,15010,16561,31571
2022-07-21,6호선,마포구청,14762,13252,28014
2022-07-21,6호선,망원,14265,15504,29769
2022-07-21,6호선,버티고개,2150,2070,4220
2022-07-21,6호선,보문,7780,6996,14776
2022-07-21,6호선,봉화산,9198,8696,17894
2022-07-21,6호선,불광,4528,4509,9037
2022-07-21,6호선,삼각지,7499,6379,13878
2022-07-21,6호선,상수,8637,10103,18740
2022-07-21,6호선,상월곡,6937,6332,13269
2022-07-21,6호선,새절,12905,11945,24850
2022-07-21,6호선,석계,12436,12814,25250
2022-07-21,6호선,신당,8427,8964,17391
2022-07-21,6호선,안암,10865,11021,21886
2022-07-21,6호선,약수,3812,3855,7667
2022-07-21,6호선,역촌,3934,4326,8260
2022-07-21,6호선,연신내,1,0,1
2022-07-21,6호선,월곡,11946,11772,23718
2022-07-21,6호선,월드컵경기장,4336,4541,8877
2022-07-21,6호선,응암,17923,17574,35497
2022-07-21,6호선,이태원,10618,11687,22305
2022-07-21,6호선,증산,10116,10016,20132
2022-07-21,6호선,창신,3578,2833,6411
2022-07-21,6호선,청구,3922,3934,7856
2022-07-21,6호선,태릉입구,5670,6050,11720
2022-07-21,6호선,한강진,8526,9801,18327
2022-07-21,6호선,합정,14185,13830,28015
2022-07-21,6호선,화랑대,11785,9042,20827
2022-07-21,6호선,효창공원앞,7365,6551,13916
2022-07-21,7호선,가산디지털단지,47076,48157,95233
2022-07-21,7호선,강남구청,17760,19842,37602
2022-07-21,7호선,건대입구,12477,12998,25475
2022-07-21,7호선,고속터미널,16326,13956,30282
2022-07-21,7호선,공릉,12053,11979,24032
2022-07-21,7호선,광명사거리,22054,21645,43699
2022-07-21,7호선,군자,15652,12295,27947
2022-07-21,7호선,남구로,16171,16980,33151
2022-07-21,7호선,남성,11582,10378,21960
2022-07-21,7호선,내방,15247,15570,30817
2022-07-21,7호선,노원,20096,21538,41634
2022-07-21,7호선,논현,19970,20943,40913
2022-07-21,7호선,대림,8038,7911,15949
2022-07-21,7호선,도봉산,9136,10208,19344
2022-07-21,7호선,뚝섬유원지,9052,8473,17525
2022-07-21,7호선,마들,13674,12652,26326
2022-07-21,7호선,먹골,10392,10244,20636
2022-07-21,7호선,면목,15461,14898,30359
2022-07-21,7호선,반포,6234,5981,12215
2022-07-21,7호선,보라매,7876,8021,15897
2022-07-21,7호선,부천시청,1,0,1
2022-07-21,7호선,사가정,16187,15930,32117
2022-07-21,7호선,상도,11247,10763,22010
2022-07-21,7호선,상봉,17141,16283,33424
2022-07-21,7호선,수락산,12786,12633,25419
2022-07-21,7호선,숭실대입구,12097,12007,24104
2022-07-21,7호선,신대방삼거리,15617,14577,30194
2022-07-21,7호선,신풍,12204,11405,23609
2022-07-21,7호선,어린이대공원,12995,12958,25953
2022-07-21,7호선,온수,10160,9235,19395
2022-07-21,7호선,용마산,6160,5854,12014
2022-07-21,7호선,이수,17018,16228,33246
2022-07-21,7호선,장승배기,9463,9143,18606
2022-07-21,7호선,장암,2345,880,3225
2022-07-21,7호선,중계,15247,13657,28904
2022-07-21,7호선,중곡,11026,10398,21424
2022-07-21,7호선,중화,11029,10701,21730
2022-07-21,7호선,천왕,11926,11321,23247
2022-07-21,7호선,철산,21930,22076,44006
2022-07-21,7호선,청담,20657,23532,44189
2022-07-21,7호선,태릉입구,8586,8160,16746
2022-07-21,7호선,하계,18433,16677,35110
2022-07-21,7호선,학동,25783,27460,53243
2022-07-21,8호선,가락시장,7872,8636,16508
2022-07-21,8호선,강동구청,10769,11146,21915
2022-07-21,8호선,남위례,5542,5765,11307
2022-07-21,8호선,남한산성입구,13727,12529,26256
2022-07-21,8호선,단대오거리,10473,10344,20817
2022-07-21,8호선,모란,4332,3480,7812
2022-07-21,8호선,몽촌토성,6555,6593,13148
2022-07-21,8호선,문정,23090,24844,47934
2022-07-21,8호선,복정,9538,7967,17505
2022-07-21,8호선,산성,5262,5197,10459
2022-07-21,8호선,석촌,7968,8991,16959
2022-07-21,8호선,송파,9176,8629,17805
2022-07-21,8호선,수진,5706,5161,10867
2022-07-21,8호선,신흥,4399,4613,9012
2022-07-21,8호선,암사,19754,17069,36823
2022-07-21,8호선,잠실,14664,17713,32377
2022-07-21,8호선,장지,17985,17139,35124
2022-07-21,8호선,천호,14882,17057,31939
2022-07-21,9호선,가양,22022,21177,43199
2022-07-21,9호선,개화,2862,1889,4751
2022-07-21,9호선,고속터미널,13416,17328,30744
2022-07-21,9호선,공항시장,3114,3288,6402
2022-07-21,9호선,구반포,1218,1250,2468
2022-07-21,9호선,국회의사당,17868,19278,37146
2022-07-21,9호선,김포공항,7705,11466,19171
2022-07-21,9호선,노들,4862,3920,8782
2022-07-21,9호선,노량진,26127,25519,51646
2022-07-21,9호선,당산,19564,19735,39299
2022-07-21,9호선,동작,1922,1502,3424
2022-07-21,9호선,등촌,12201,11395,23596
2022-07-21,9호선,마곡나루,13339,13155,26494
2022-07-21,9호선,사평,4001,3742,7743
2022-07-21,9호선,샛강,6673,6769,13442
2022-07-21,9호선,선유도,9289,8937,18226
2022-07-21,9호선,신논현,32855,32122,64977
2022-07-21,9호선,신목동,4625,3882,8507
2022-07-21,9호선,신반포,3659,3599,7258
2022-07-21,9호선,신방화,6962,6737,13699
2022-07-21,9호선,양천향교,10296,10387,20683
2022-07-21,9호선,여의도,30427,29909,60336
2022-07-21,9호선,염창,18227,17613,35840
2022-07-21,9호선,증미,7849,7649,15498
2022-07-21,9호선,흑석,8346,8739,17085
2022-07-21,9호선2~3단계,둔촌오륜,1020,998,2018
2022-07-21,9호선2~3단계,봉은사,20230,21275,41505
2022-07-21,9호선2~3단계,삼성중앙,7980,8500,16480
2022-07-21,9호선2~3단계,삼전,7546,7000,14546
2022-07-21,9호선2~3단계,석촌,9017,7967,16984
2022-07-21,9호선2~3단계,석촌고분,6758,6508,13266
2022-07-21,9호선2~3단계,선정릉,10938,12006,22944
2022-07-21,9호선2~3단계,송파나루,5596,5955,11551
2022-07-21,9호선2~3단계,언주,11791,12298,24089
2022-07-21,9호선2~3단계,올림픽공원,6221,6212,12433
2022-07-21,9호선2~3단계,종합운동장,4447,4450,8897
2022-07-21,9호선2~3단계,중앙보훈병원,11906,10470,22376
2022-07-21,9호선2~3단계,한성백제,2836,2577,5413
2022-07-21,경강선,경기광주,8075,7389,15464
2022-07-21,경강선,곤지암,2073,2130,4203
2022-07-21,경강선,부발,1983,1938,3921
2022-07-21,경강선,삼동,2502,2348,4850
2022-07-21,경강선,세종대왕릉,322,354,676
2022-07-21,경강선,신둔도예촌,1583,1512,3095
2022-07-21,경강선,여주,2262,2259,4521
2022-07-21,경강선,이매,1146,1004,2150
2022-07-21,경강선,이천,2684,2714,5398
2022-07-21,경강선,초월,3363,3207,6570
2022-07-21,경강선,판교,5517,5533,11050
2022-07-21,경부선,가산디지털단지,19376,22552,41928
2022-07-21,경부선,관악,7461,7167,14628
2022-07-21,경부선,광명,3657,3176,6833
2022-07-21,경부선,구로,19109,19350,38459
2022-07-21,경부선,군포,7947,7742,15689
2022-07-21,경부선,금정,27898,28456,56354
2022-07-21,경부선,금천구청,11938,11825,23763
2022-07-21,경부선,남영,9648,9928,19576
2022-07-21,경부선,노량진,7715,7774,15489
2022-07-21,경부선,당정,6575,6151,12726
2022-07-21,경부선,대방,11644,12565,24209
2022-07-21,경부선,독산,19583,20454,40037
2022-07-21,경부선,두정,5219,5346,10565
2022-07-21,경부선,명학,9472,9402,18874
2022-07-21,경부선,병점,13942,13994,27936
2022-07-21,경부선,서동탄,1460,1258,2718
2022-07-21,경부선,서울역,7642,2307,9949
2022-07-21,경부선,서정리,6660,6187,12847
2022-07-21,경부선,석수,9712,8570,18282
2022-07-21,경부선,성균관대,14486,14224,28710
2022-07-21,경부선,성환,3176,3100,6276
2022-07-21,경부선,세류,3174,2739,5913
2022-07-21,경부선,세마,2915,2687,5602
2022-07-21,경부선,송탄,4206,4031,8237
2022-07-21,경부선,수원,33635,35882,69517
2022-07-21,경부선,신길,9414,7847,17261
2022-07-21,경부선,신도림,4226,4296,8522
2022-07-21,경부선,안양,22800,22368,45168
2022-07-21,경부선,영등포,39105,40180,79285
2022-07-21,경부선,오산,9576,9472,19048
2022-07-21,경부선,오산대,3394,3170,6564
2022-07-21,경부선,용산,37415,38884,76299
2022-07-21,경부선,의왕,9293,9206,18499
2022-07-21,경부선,직산,828,782,1610
2022-07-21,경부선,진위,1706,1520,3226
2022-07-21,경부선,천안,4917,5151,10068
2022-07-21,경부선,평택,10997,10862,21859
2022-07-21,경부선,평택지제,3764,3740,7504
2022-07-21,경부선,화서,8356,7930,16286
2022-07-21,경원선,가능,6905,6557,13462
2022-07-21,경원선,광운대,7528,7179,14707
2022-07-21,경원선,녹양,4708,4439,9147
2022-07-21,경원선,녹천,4905,3991,8896
2022-07-21,경원선,덕계,3366,2986,6352
2022-07-21,경원선,덕정,5322,5315,10637
2022-07-21,경원선,도봉,6264,5894,12158
2022-07-21,경원선,도봉산,7101,4520,11621
2022-07-21,경원선,동두천,2241,2395,4636
2022-07-21,경원선,동두천중앙,3166,3116,6282
2022-07-21,경원선,망월사,7770,7815,15585
2022-07-21,경원선,방학,10146,9763,19909
2022-07-21,경원선,보산,1568,1457,3025
2022-07-21,경원선,서빙고,2167,1998,4165
2022-07-21,경원선,석계,8197,9181,17378
2022-07-21,경원선,소요산,2378,2154,4532
2022-07-21,경원선,신이문,8712,7880,16592
2022-07-21,경원선,양주,7774,7260,15034
2022-07-21,경원선,옥수,51,46,97
2022-07-21,경원선,왕십리,14386,16165,30551
2022-07-21,경원선,외대앞,7434,7313,14747
2022-07-21,경원선,월계,6535,6243,12778
2022-07-21,경원선,응봉,1960,1660,3620
2022-07-21,경원선,의정부,18428,19198,37626
2022-07-21,경원선,이촌,4002,3065,7067
2022-07-21,경원선,지행,6588,6624,13212
2022-07-21,경원선,창동,1,0,1
2022-07-21,경원선,청량리,15278,16008,31286
2022-07-21,경원선,한남,4354,4050,8404
2022-07-21,경원선,회룡,12868,12810,25678
2022-07-21,경의선,가좌,5850,5432,11282
2022-07-21,경의선,강매,3402,2923,6325
2022-07-21,경의선,곡산,649,623,1272
2022-07-21,경의선,공덕,4024,3545,7569
2022-07-21,경의선,금릉,5125,4959,10084
2022-07-21,경의선,금촌,6812,6736,13548
2022-07-21,경의선,능곡,3943,3584,7527
2022-07-21,경의선,디지털미디어시티,2885,2452,5337
2022-07-21,경의선,문산,5475,5636,11111
2022-07-21,경의선,백마,7314,6901,14215
2022-07-21,경의선,서강대,2180,2063,4243
2022-07-21,경의선,서울역,4851,6077,10928
2022-07-21,경의선,수색,3008,3238,6246
2022-07-21,경의선,신촌,975,1249,2224
2022-07-21,경의선,야당,8351,8154,16505
2022-07-21,경의선,운정,7229,6537,13766
2022-07-21,경의선,월롱,2788,2566,5354
2022-07-21,경의선,일산,9646,9140,18786
2022-07-21,경의선,임진강,22,3,25
2022-07-21,경의선,탄현,8428,7920,16348
2022-07-21,경의선,파주,1084,796,1880
2022-07-21,경의선,풍산,5891,5429,11320
2022-07-21,경의선,행신,8573,8477,17050
2022-07-21,경의선,홍대입구,1948,2392,4340
2022-07-21,경의선,화전,1985,1856,3841
2022-07-21,경의선,효창공원앞,3155,3524,6679
2022-07-21,경인선,간석,6100,5757,11857
2022-07-21,경인선,개봉,21855,21080,42935
2022-07-21,경인선,구일,6357,6161,12518
2022-07-21,경인선,도원,2950,2994,5944
2022-07-21,경인선,도화,4267,3861,8128
2022-07-21,경인선,동암,16103,15863,31966
2022-07-21,경인선,동인천,14532,13747,28279
2022-07-21,경인선,백운,7125,6968,14093
2022-07-21,경인선,부개,9007,8383,17390
2022-07-21,경인선,부천,32412,32620,65032
2022-07-21,경인선,부평,29978,31681,61659
2022-07-21,경인선,소사,8559,8506,17065
2022-07-21,경인선,송내,28315,27956,56271
2022-07-21,경인선,역곡,27764,27319,55083
2022-07-21,경인선,오류동,12313,11237,23550
2022-07-21,경인선,온수,6544,6088,12632
2022-07-21,경인선,인천,3756,2907,6663
2022-07-21,경인선,제물포,10381,9781,20162
2022-07-21,경인선,주안,19378,17353,36731
2022-07-21,경인선,중동,9834,9224,19058
2022-07-21,경춘선,가평,2687,2948,5635
2022-07-21,경춘선,갈매,3078,2611,5689
2022-07-21,경춘선,강촌,515,598,1113
2022-07-21,경춘선,굴봉산,120,87,207
2022-07-21,경춘선,금곡,1550,1481,3031
2022-07-21,경춘선,김유정,328,339,667
2022-07-21,경춘선,남춘천,2378,2327,4705
2022-07-21,경춘선,대성리,1209,1131,2340
2022-07-21,경춘선,마석,4024,3855,7879
2022-07-21,경춘선,백양리,125,110,235
2022-07-21,경춘선,별내,3347,3119,6466
2022-07-21,경춘선,사릉,2373,2316,4689
2022-07-21,경춘선,상천,229,207,436
2022-07-21,경춘선,신내,2355,2194,4549
2022-07-21,경춘선,천마산,1676,1547,3223
2022-07-21,경춘선,청평,2058,2005,4063
2022-07-21,경춘선,춘천,1267,1168,2435
2022-07-21,경춘선,퇴계원,3597,3299,6896
2022-07-21,경춘선,평내호평,6359,6206,12565
2022-07-21,공항철도,검암,7095,7094,14189
2022-07-21,공항철도,계양,11700,10677,22377
2022-07-21,공항철도,공덕,2612,3319,5931
2022-07-21,공항철도,공항화물청사,2383,2608,4991
2022-07-21,공항철도,김포공항,11763,6918,18681
2022-07-21,공항철도,디지털미디어시티,15649,14398,30047
2022-07-21,공항철도,마곡나루,10175,9825,20000
2022-07-21,공항철도,서울역,9189,8527,17716
2022-07-21,공항철도,영종,3600,3619,7219
2022-07-21,공항철도,운서,7696,7880,15576
2022-07-21,공항철도,인천공항1터미널,7736,7221,14957
2022-07-21,공항철도,인천공항2터미널,3694,3159,6853
2022-07-21,공항철도,청라국제도시,7484,6983,14467
2022-07-21,공항철도,홍대입구,11328,11496,22824
2022-07-21,과천선,경마공원,1281,1326,2607
2022-07-21,과천선,과천,6686,6125,12811
2022-07-21,과천선,대공원,2589,2714,5303
2022-07-21,과천선,범계,26452,26138,52590
2022-07-21,과천선,선바위,8602,7246,15848
2022-07-21,과천선,인덕원,24742,25482,50224
2022-07-21,과천선,정부과천청사,11059,11107,22166
2022-07-21,과천선,평촌,18544,18323,36867
2022-07-21,분당선,가천대,6841,7533,14374
2022-07-21,분당선,강남구청,10177,11935,22112
2022-07-21,분당선,개포동,4128,4171,8299
2022-07-21,분당선,구룡,2324,2165,4489
2022-07-21,분당선,구성,5462,5594,11056
2022-07-21,분당선,기흥,10789,9783,20572
2022-07-21,분당선,대모산입구,4781,4360,9141
2022-07-21,분당선,도곡,7366,7143,14509
2022-07-21,분당선,망포,15301,14306,29607
2022-07-21,분당선,매교,2786,2715,5501
2022-07-21,분당선,매탄권선,5364,5049,10413
2022-07-21,분당선,모란,19678,19945,39623
2022-07-21,분당선,미금,15897,16838,32735
2022-07-21,분당선,보정,2623,2282,4905
2022-07-21,분당선,상갈,5480,5317,10797
2022-07-21,분당선,서울숲,11912,12293,24205
2022-07-21,분당선,서현,25469,25984,51453
2022-07-21,분당선,선릉,15056,22838,37894
2022-07-21,분당선,선정릉,8422,9063,17485
2022-07-21,분당선,수내,14495,14341,28836
2022-07-21,분당선,수서,14422,15014,29436
2022-07-21,분당선,수원,8130,6790,14920
2022-07-21,분당선,수원시청,13040,14147,27187
2022-07-21,분당선,신갈,4908,4760,9668
2022-07-21,분당선,압구정로데오,19765,22693,42458
2022-07-21,분당선,야탑,26891,28114,55005
2022-07-21,분당선,영통,8431,8682,17113
2022-07-21,분당선,오리,12030,10095,22125
2022-07-21,분당선,이매,5841,5572,11413
2022-07-21,분당선,정자,19600,20810,40410
2022-07-21,분당선,죽전,13336,14721,28057
2022-07-21,분당선,청명,4543,4274,8817
2022-07-21,분당선,태평,13850,12932,26782
2022-07-21,분당선,한티,16151,17108,33259
2022-07-21,수인선,고색,4768,4385,9153
2022-07-21,수인선,남동인더스파크,2417,2557,4974
2022-07-21,수인선,달월,121,82,203
2022-07-21,수인선,사리,4796,4212,9008
2022-07-21,수인선,소래포구,4780,4514,9294
2022-07-21,수인선,송도,2486,2614,5100
2022-07-21,수인선,숭의,4080,3697,7777
2022-07-21,수인선,신포,1907,1924,3831
2022-07-21,수인선,야목,426,275,701
2022-07-21,수인선,어천,771,809,1580
2022-07-21,수인선,연수,4670,4677,9347
2022-07-21,수인선,오목천,2932,2750,5682
2022-07-21,수인선,원인재,4621,4973,9594
2022-07-21,수인선,월곶,2877,2813,5690
2022-07-21,수인선,인천,1043,1698,2741
2022-07-21,수인선,인천논현,5677,5907,11584
2022-07-21,수인선,인하대,6202,6057,12259
2022-07-21,수인선,호구포,4198,4270,8468
2022-07-21,신림선,관악산,2197,2217,4414
2022-07-21,신림선,당곡,3724,3478,7202
2022-07-21,신림선,대방,1951,1557,3508
2022-07-21,신림선,보라매,2700,2461,5161
2022-07-21,신림선,보라매공원,1853,1995,3848
2022-07-21,신림선,보라매병원,6663,7388,14051
2022-07-21,신림선,샛강,2204,2705,4909
2022-07-21,신림선,서울대벤처타운,6303,6264,12567
2022-07-21,신림선,서울지방병무청,2226,2366,4592
2022-07-21,신림선,서원,2939,2501,5440
2022-07-21,신림선,신림,1568,2068,3636
2022-07-21,안산선,고잔,9060,8537,17597
2022-07-21,안산선,대야미,5103,4487,9590
2022-07-21,안산선,반월,4264,4186,8450
2022-07-21,안산선,산본,16253,17499,33752
2022-07-21,안산선,상록수,15631,15112,30743
2022-07-21,안산선,수리산,4163,3370,7533
2022-07-21,안산선,신길온천,1739,1634,3373
2022-07-21,안산선,안산,11873,10732,22605
2022-07-21,안산선,오이도,8669,8557,17226
2022-07-21,안산선,정왕,7776,8200,15976
2022-07-21,안산선,중앙,18229,18744,36973
2022-07-21,안산선,초지,4927,4988,9915
2022-07-21,안산선,한대앞,8893,8945,17838
2022-07-21,우이신설선,4.19민주묘지,2879,2594,5473
2022-07-21,우이신설선,가오리,4427,4310,8737
2022-07-21,우이신설선,보문,1568,1499,3067
2022-07-21,우이신설선,북한산보국문,5923,5638,11561
2022-07-21,우이신설선,북한산우이,2705,2452,5157
2022-07-21,우이신설선,삼양,2046,2131,4177
2022-07-21,우이신설선,삼양사거리,2456,2472,4928
2022-07-21,우이신설선,성신여대입구,3315,3716,7031
2022-07-21,우이신설선,솔밭공원,2570,2472,5042
2022-07-21,우이신설선,솔샘,6080,5518,11598
2022-07-21,우이신설선,신설동,2263,2166,4429
2022-07-21,우이신설선,정릉,4667,4314,8981
2022-07-21,우이신설선,화계,3545,3249,6794
2022-07-21,일산선,대곡,2233,1797,4030
2022-07-21,일산선,대화,13614,10405,24019
2022-07-21,일산선,마두,7985,8111,16096
2022-07-21,일산선,백석,10092,10002,20094
2022-07-21,일산선,삼송,20279,19530,39809
2022-07-21,일산선,원당,11422,10709,22131
2022-07-21,일산선,원흥,11575,10933,22508
2022-07-21,일산선,정발산,7144,7194,14338
2022-07-21,일산선,주엽,9607,9652,19259
2022-07-21,일산선,화정,17685,17738,35423
2022-07-21,장항선,배방,1045,974,2019
2022-07-21,장항선,봉명,1221,1194,2415
2022-07-21,장항선,신창,1057,990,2047
2022-07-21,장항선,쌍용,1908,1797,3705
2022-07-21,장항선,아산,2920,2746,5666
2022-07-21,장항선,온양온천,3344,3349,6693
2022-07-21,장항선,탕정,885,790,1675
2022-07-21,중앙선,구리,13897,13760,27657
2022-07-21,중앙선,국수,802,780,1582
2022-07-21,중앙선,덕소,5763,5716,11479
2022-07-21,중앙선,도농,11847,10383,22230
2022-07-21,중앙선,도심,2536,1921,4457
2022-07-21,중앙선,망우,7988,7618,15606
2022-07-21,중앙선,상봉,5806,5882,11688
2022-07-21,중앙선,신원,232,189,421
2022-07-21,중앙선,아신,564,602,1166
2022-07-21,중앙선,양수,2645,2537,5182
2022-07-21,중앙선,양원,3109,3019,6128
2022-07-21,중앙선,양정,702,578,1280
2022-07-21,중앙선,양평,2916,2875,5791
2022-07-21,중앙선,오빈,342,329,671
2022-07-21,중앙선,용문,1825,1895,3720
2022-07-21,중앙선,운길산,773,787,1560
2022-07-21,중앙선,원덕,343,332,675
2022-07-21,중앙선,중랑,5821,5379,11200
2022-07-21,중앙선,지평,56,50,106
2022-07-21,중앙선,팔당,892,970,1862
2022-07-21,중앙선,회기,24510,23722,48232
2022-07-22,1호선,동대문,11479,10209,21688
2022-07-22,1호선,동묘앞,8020,8258,16278
2022-07-22,1호선,서울역,53137,52368,105505
2022-07-22,1호선,시청,24428,25315,49743
2022-07-22,1호선,신설동,14451,14039,28490
2022-07-22,1호선,제기동,17285,17643,34928
2022-07-22,1호선,종각,40065,39956,80021
2022-07-22,1호선,종로3가,28175,26412,54587
2022-07-22,1호선,종로5가,24181,24154,48335
2022-07-22,1호선,청량리,21117,21008,42125
2022-07-22,2호선,강남,93558,91899,185457
2022-07-22,2호선,강변,35049,35190,70239
2022-07-22,2호선,건대입구,37250,41791,79041
2022-07-22,2호선,교대,37363,42336,79699
2022-07-22,2호선,구로디지털단지,62871,62551,125422
2022-07-22,2호선,구의,24917,24229,49146
2022-07-22,2호선,낙성대,29322,27145,56467
2022-07-22,2호선,당산,19406,22860,42266
2022-07-22,2호선,대림,24917,25378,50295
2022-07-22,2호선,도림천,1470,1514,2984
2022-07-22,2호선,동대문역사문화공원,13627,14962,28589
2022-07-22,2호선,뚝섬,24283,26117,50400
2022-07-22,2호선,문래,23576,24427,48003
2022-07-22,2호선,방배,16797,17457,34254
2022-07-22,2호선,봉천,25254,22928,48182
2022-07-22,2호선,사당,42013,47029,89042
2022-07-22,2호선,삼성,60589,60859,121448
2022-07-22,2호선,상왕십리,15157,14346,29503
2022-07-22,2호선,서울대입구,49857,47699,97556
2022-07-22,2호선,서초,23548,22672,46220
2022-07-22,2호선,선릉,61111,54131,115242
2022-07-22,2호선,성수,41122,45054,86176
2022-07-22,2호선,시청,25637,25033,50670
2022-07-22,2호선,신답,1782,1870,3652
2022-07-22,2호선,신당,14905,15322,30227
2022-07-22,2호선,신대방,26969,25405,52374
2022-07-22,2호선,신도림,50782,50718,101500
2022-07-22,2호선,신림,61755,58616,120371
2022-07-22,2호선,신설동,3874,3864,7738
2022-07-22,2호선,신정네거리,10776,10956,21732
2022-07-22,2호선,신촌,37891,38989,76880
2022-07-22,2호선,아현,10922,10184,21106
2022-07-22,2호선,양천구청,7144,7367,14511
2022-07-22,2호선,역삼,55134,62159,117293
2022-07-22,2호선,영등포구청,22751,23589,46340
2022-07-22,2호선,왕십리,16904,14738,31642
2022-07-22,2호선,용답,2797,2652,5449
2022-07-22,2호선,용두,2537,2470,5007
2022-07-22,2호선,을지로3가,24899,25744,50643
2022-07-22,2호선,을지로4가,14116,14251,28367
2022-07-22,2호선,을지로입구,43675,45003,88678
2022-07-22,2호선,이대,14365,14709,29074
2022-07-22,2호선,잠실,79617,78246,157863
2022-07-22,2호선,잠실나루,15506,14790,30296
2022-07-22,2호선,잠실새내,23184,23744,46928
2022-07-22,2호선,종합운동장,11725,12454,24179
2022-07-22,2호선,충정로,10290,10967,21257
2022-07-22,2호선,한양대,7868,8219,16087
2022-07-22,2호선,합정,34665,39209,73874
2022-07-22,2호선,홍대입구,64812,73453,138265
2022-07-22,3호선,가락시장,9641,9393,19034
2022-07-22,3호선,경복궁,21723,22140,43863
2022-07-22,3호선,경찰병원,7711,7604,15315
2022-07-22,3호선,고속터미널,49960,52306,102266
2022-07-22,3호선,교대,16167,10468,26635
2022-07-22,3호선,구파발,22217,21392,43609
2022-07-22,3호선,금호,8336,7566,15902
2022-07-22,3호선,남부터미널,33387,33669,67056
2022-07-22,3호선,녹번,16495,14279,30774
2022-07-22,3호선,대청,10425,9625,20050
2022-07-22,3호선,대치,12851,12688,25539
2022-07-22,3호선,도곡,5443,5420,10863
2022-07-22,3호선,독립문,7358,7343,14701
2022-07-22,3호선,동대입구,9226,9701,18927
2022-07-22,3호선,매봉,13365,12928,26293
2022-07-22,3호선,무악재,4129,4019,8148
2022-07-22,3호선,불광,16810,17975,34785
2022-07-22,3호선,수서,19318,19263,38581
2022-07-22,3호선,신사,31952,34531,66483
2022-07-22,3호선,안국,24384,25173,49557
2022-07-22,3호선,압구정,35302,38931,74233
2022-07-22,3호선,약수,13547,13128,26675
2022-07-22,3호선,양재,41859,44609,86468
2022-07-22,3호선,연신내,37894,35967,73861
2022-07-22,3호선,오금,6524,5734,12258
2022-07-22,3호선,옥수,9730,9716,19446
2022-07-22,3호선,을지로3가,11607,11978,23585
2022-07-22,3호선,일원,10754,10287,21041
2022-07-22,3호선,잠원,5186,4996,10182
2022-07-22,3호선,종로3가,10847,13083,23930
2022-07-22,3호선,지축,5500,5189,10689
2022-07-22,3호선,충무로,2,0,2
2022-07-22,3호선,학여울,2078,2068,4146
2022-07-22,3호선,홍제,18451,16970,35421
2022-07-22,4호선,길음,21563,20375,41938
2022-07-22,4호선,남태령,1398,1129,2527
2022-07-22,4호선,노원,19789,23161,42950
2022-07-22,4호선,당고개,9591,8475,18066
2022-07-22,4호선,동대문,21099,21107,42206
2022-07-22,4호선,동대문역사문화공원,16659,14510,31169
2022-07-22,4호선,동작,1541,1603,3144
2022-07-22,4호선,명동,21439,22589,44028
2022-07-22,4호선,미아,15373,14416,29789
2022-07-22,4호선,미아사거리,28452,27519,55971
2022-07-22,4호선,사당,28013,23862,51875
2022-07-22,4호선,삼각지,5762,6583,12345
2022-07-22,4호선,상계,20042,18353,38395
2022-07-22,4호선,서울역,12354,21417,33771
2022-07-22,4호선,성신여대입구,20610,19895,40505
2022-07-22,4호선,수유,35321,35329,70650
2022-07-22,4호선,숙대입구,13550,13098,26648
2022-07-22,4호선,신용산,18734,19915,38649
2022-07-22,4호선,쌍문,30037,27615,57652
2022-07-22,4호선,이촌,9056,9802,18858
2022-07-22,4호선,창동,27255,28730,55985
2022-07-22,4호선,총신대입구,20290,21756,42046
2022-07-22,4호선,충무로,27044,28928,55972
2022-07-22,4호선,한성대입구,13528,13210,26738
2022-07-22,4호선,혜화,34418,34975,69393
2022-07-22,4호선,회현,25811,26898,52709
2022-07-22,5호선,강동,19439,18386,37825
2022-07-22,5호선,강일,4664,4491,9155
2022-07-22,5호선,개롱,6886,6931,13817
2022-07-22,5호선,개화산,5946,5562,11508
2022-07-22,5호선,거여,10524,9686,20210
2022-07-22,5호선,고덕,10184,10142,20326
2022-07-22,5호선,공덕,15032,16037,31069
2022-07-22,5호선,광나루,13558,12079,25637
2022-07-22,5호선,광화문,32985,35514,68499
2022-07-22,5호선,군자,11793,12693,24486
2022-07-22,5호선,굽은다리,10136,9761,19897
2022-07-22,5호선,길동,8476,8902,17378
2022-07-22,5호선,김포공항,8661,8455,17116
2022-07-22,5호선,까치산,30326,28193,58519
2022-07-22,5호선,답십리,16922,15222,32144
2022-07-22,5호선,동대문역사문화공원,3125,3693,6818
2022-07-22,5호선,둔촌동,8631,8723,17354
2022-07-22,5호선,마곡,11309,11364,22673
2022-07-22,5호선,마장,5876,5267,11143
2022-07-22,5호선,마천,7780,7313,15093
2022-07-22,5호선,마포,14993,15687,30680
2022-07-22,5호선,명일,9128,9161,18289
2022-07-22,5호선,목동,17901,18918,36819
2022-07-22,5호선,미사,17379,17629,35008
2022-07-22,5호선,발산,21019,22427,43446
2022-07-22,5호선,방이,7440,7769,15209
2022-07-22,5호선,방화,6963,6755,13718
2022-07-22,5호선,상일동,15819,14368,30187
2022-07-22,5호선,서대문,19757,20214,39971
2022-07-22,5호선,송정,7119,6511,13630
2022-07-22,5호선,신금호,6559,6654,13213
2022-07-22,5호선,신길,4499,4640,9139
2022-07-22,5호선,신정,14547,11364,25911
2022-07-22,5호선,아차산,14591,14074,28665
2022-07-22,5호선,애오개,7126,6873,13999
2022-07-22,5호선,양평,7856,7548,15404
2022-07-22,5호선,여의나루,12643,13798,26441
2022-07-22,5호선,여의도,29430,32013,61443
2022-07-22,5호선,영등포구청,4204,4221,8425
2022-07-22,5호선,영등포시장,10863,11180,22043
2022-07-22,5호선,오금,3813,3697,7510
2022-07-22,5호선,오목교,23023,24694,47717
2022-07-22,5호선,올림픽공원,4452,3761,8213
2022-07-22,5호선,왕십리,4663,5471,10134
2022-07-22,5호선,우장산,14910,14576,29486
2022-07-22,5호선,을지로4가,6486,6690,13176
2022-07-22,5호선,장한평,19644,19242,38886
2022-07-22,5호선,종로3가,14260,14838,29098
2022-07-22,5호선,천호,19873,19947,39820
2022-07-22,5호선,청구,4087,3808,7895
2022-07-22,5호선,충정로,4586,4617,9203
2022-07-22,5호선,하남검단산,6310,5985,12295
2022-07-22,5호선,하남시청,7611,7255,14866
2022-07-22,5호선,하남풍산,4422,4368,8790
2022-07-22,5호선,행당,8579,7462,16041
2022-07-22,5호선,화곡,30218,27483,57701
2022-07-22,6호선,고려대,8554,8043,16597
2022-07-22,6호선,공덕,19657,19109,38766
2022-07-22,6호선,광흥창,9903,9410,19313
2022-07-22,6호선,구산,8143,5961,14104
2022-07-22,6호선,녹사평,5478,5806,11284
2022-07-22,6호선,대흥,8894,9059,17953
2022-07-22,6호선,독바위,2975,2998,5973
2022-07-22,6호선,돌곶이,9526,8543,18069
2022-07-22,6호선,동묘앞,8364,8046,16410
2022-07-22,6호선,디지털미디어시티,14830,16090,30920
2022-07-22,6호선,마포구청,15103,13170,28273
2022-07-22,6호선,망원,15013,16121,31134
2022-07-22,6호선,버티고개,2153,2096,4249
2022-07-22,6호선,보문,8024,7195,15219
2022-07-22,6호선,봉화산,9265,8724,17989
2022-07-22,6호선,불광,4676,4650,9326
2022-07-22,6호선,삼각지,7873,6387,14260
2022-07-22,6호선,상수,9491,11542,21033
2022-07-22,6호선,상월곡,6441,5627,12068
2022-07-22,6호선,새절,13227,11989,25216
2022-07-22,6호선,석계,12657,12866,25523
2022-07-22,6호선,신당,8851,8392,17243
2022-07-22,6호선,안암,11074,10606,21680
2022-07-22,6호선,약수,3826,3978,7804
2022-07-22,6호선,역촌,4065,4284,8349
2022-07-22,6호선,연신내,1,0,1
2022-07-22,6호선,월곡,12071,11672,23743
2022-07-22,6호선,월드컵경기장,4619,4864,9483
2022-07-22,6호선,응암,18157,17687,35844
2022-07-22,6호선,이태원,12453,16844,29297
2022-07-22,6호선,증산,10291,10216,20507
2022-07-22,6호선,창신,3534,2773,6307
2022-07-22,6호선,청구,3896,3994,7890
2022-07-22,6호선,태릉입구,5877,6302,12179
2022-07-22,6호선,한강진,8718,10424,19142
2022-07-22,6호선,합정,14947,14781,29728
2022-07-22,6호선,화랑대,11849,8884,20733
2022-07-22,6호선,효창공원앞,7538,6716,14254
2022-07-22,7호선,가산디지털단지,46585,46366,92951
2022-07-22,7호선,강남구청,17597,19655,37252
2022-07-22,7호선,건대입구,13108,13924,27032
2022-07-22,7호선,고속터미널,18803,15220,34023
2022-07-22,7호선,공릉,12689,12187,24876
2022-07-22,7호선,광명사거리,22819,22474,45293
2022-07-22,7호선,군자,15795,12361,28156
2022-07-22,7호선,남구로,15856,16840,32696
2022-07-22,7호선,남성,11678,10475,22153
2022-07-22,7호선,내방,15347,15452,30799
2022-07-22,7호선,노원,21510,23423,44933
2022-07-22,7호선,논현,20027,21705,41732
2022-07-22,7호선,대림,8119,8358,16477
2022-07-22,7호선,도봉산,9437,10724,20161
2022-07-22,7호선,뚝섬유원지,9446,8846,18292
2022-07-22,7호선,마들,13577,12577,26154
2022-07-22,7호선,먹골,10770,10525,21295
2022-07-22,7호선,면목,15861,15059,30920
2022-07-22,7호선,반포,6439,6135,12574
2022-07-22,7호선,보라매,8039,7949,15988
2022-07-22,7호선,사가정,16641,16482,33123
2022-07-22,7호선,상도,11419,10860,22279
2022-07-22,7호선,상봉,17605,17020,34625
2022-07-22,7호선,수락산,13298,13058,26356
2022-07-22,7호선,숭실대입구,12285,11943,24228
2022-07-22,7호선,신대방삼거리,15964,14763,30727
2022-07-22,7호선,신풍,12147,11624,23771
2022-07-22,7호선,어린이대공원,13593,13445,27038
2022-07-22,7호선,온수,10225,9407,19632
2022-07-22,7호선,용마산,6120,5743,11863
2022-07-22,7호선,이수,17394,16983,34377
2022-07-22,7호선,장승배기,9741,9465,19206
2022-07-22,7호선,장암,2429,1043,3472
2022-07-22,7호선,중계,14869,13116,27985
2022-07-22,7호선,중곡,11238,10467,21705
2022-07-22,7호선,중화,11179,10675,21854
2022-07-22,7호선,천왕,11917,11240,23157
2022-07-22,7호선,철산,22553,23092,45645
2022-07-22,7호선,청담,20367,23224,43591
2022-07-22,7호선,태릉입구,8888,8394,17282
2022-07-22,7호선,하계,18292,16902,35194
2022-07-22,7호선,학동,25278,26833,52111
2022-07-22,8호선,가락시장,8051,9184,17235
2022-07-22,8호선,강동구청,10852,11067,21919
2022-07-22,8호선,남위례,5686,5891,11577
2022-07-22,8호선,남한산성입구,14251,12414,26665
2022-07-22,8호선,단대오거리,11027,10465,21492
2022-07-22,8호선,모란,4520,3796,8316
2022-07-22,8호선,몽촌토성,6336,6494,12830
2022-07-22,8호선,문정,22816,23948,46764
2022-07-22,8호선,복정,9833,8165,17998
2022-07-22,8호선,산성,5497,5453,10950
2022-07-22,8호선,석촌,8214,9366,17580
2022-07-22,8호선,송파,9108,8828,17936
2022-07-22,8호선,수진,5662,5043,10705
2022-07-22,8호선,신흥,4394,4873,9267
2022-07-22,8호선,암사,19959,17160,37119
2022-07-22,8호선,잠실,15592,18675,34267
2022-07-22,8호선,장지,18299,17068,35367
2022-07-22,8호선,천호,15428,18296,33724
2022-07-22,9호선,가양,22453,21492,43945
2022-07-22,9호선,개화,2875,1902,4777
2022-07-22,9호선,고속터미널,15377,21438,36815
2022-07-22,9호선,공항시장,3182,3430,6612
2022-07-22,9호선,구반포,1420,1454,2874
2022-07-22,9호선,국회의사당,18728,19423,38151
2022-07-22,9호선,김포공항,8852,13307,22159
2022-07-22,9호선,노들,4885,3938,8823
2022-07-22,9호선,노량진,27633,26628,54261
2022-07-22,9호선,당산,20148,19949,40097
2022-07-22,9호선,동작,2028,1555,3583
2022-07-22,9호선,등촌,12226,11393,23619
2022-07-22,9호선,마곡나루,13438,13244,26682
2022-07-22,9호선,사평,4278,3952,8230
2022-07-22,9호선,샛강,6521,6705,13226
2022-07-22,9호선,선유도,9518,8776,18294
2022-07-22,9호선,신논현,34982,35831,70813
2022-07-22,9호선,신목동,4616,3812,8428
2022-07-22,9호선,신반포,3857,3856,7713
2022-07-22,9호선,신방화,7207,6799,14006
2022-07-22,9호선,양천향교,10377,10212,20589
2022-07-22,9호선,여의도,31108,29546,60654
2022-07-22,9호선,염창,18684,17597,36281
2022-07-22,9호선,증미,8001,7655,15656
2022-07-22,9호선,흑석,8572,8687,17259
2022-07-22,9호선2~3단계,둔촌오륜,955,915,1870
2022-07-22,9호선2~3단계,봉은사,22421,23065,45486
2022-07-22,9호선2~3단계,삼성중앙,7846,8369,16215
2022-07-22,9호선2~3단계,삼전,7638,7065,14703
2022-07-22,9호선2~3단계,석촌,9288,8302,17590
2022-07-22,9호선2~3단계,석촌고분,6839,6518,13357
2022-07-22,9호선2~3단계,선정릉,10851,11715,22566
2022-07-22,9호선2~3단계,송파나루,5658,6246,11904
2022-07-22,9호선2~3단계,언주,12050,12158,24208
2022-07-22,9호선2~3단계,올림픽공원,6609,6450,13059
2022-07-22,9호선2~3단계,종합운동장,4591,4632,9223
2022-07-22,9호선2~3단계,중앙보훈병원,11790,10270,22060
2022-07-22,9호선2~3단계,한성백제,2723,2487,5210
2022-07-22,경강선,경기광주,8368,7599,15967
2022-07-22,경강선,곤지암,2401,2283,4684
2022-07-22,경강선,부발,2832,2206,5038
2022-07-22,경강선,삼동,2594,2335,4929
2022-07-22,경강선,세종대왕릉,383,417,800
2022-07-22,경강선,신둔도예촌,1637,1557,3194
2022-07-22,경강선,여주,2395,2595,4990
2022-07-22,경강선,이매,1239,1000,2239
2022-07-22,경강선,이천,2931,3130,6061
2022-07-22,경강선,초월,3590,3207,6797
2022-07-22,경강선,판교,5361,5388,10749
2022-07-22,경부선,가산디지털단지,19229,22086,41315
2022-07-22,경부선,관악,7707,7400,15107
2022-07-22,경부선,광명,4044,3801,7845
2022-07-22,경부선,구로,19296,20228,39524
2022-07-22,경부선,군포,7972,7735,15707
2022-07-22,경부선,금정,29582,29944,59526
2022-07-22,경부선,금천구청,12147,12122,24269
2022-07-22,경부선,남영,9651,10042,19693
2022-07-22,경부선,노량진,8498,8134,16632
2022-07-22,경부선,당정,6645,6155,12800
2022-07-22,경부선,대방,11665,12615,24280
2022-07-22,경부선,독산,19669,19958,39627
2022-07-22,경부선,두정,6466,6438,12904
2022-07-22,경부선,명학,9438,9205,18643
2022-07-22,경부선,병점,16077,15547,31624
2022-07-22,경부선,서동탄,1553,1367,2920
2022-07-22,경부선,서울역,9747,2922,12669
2022-07-22,경부선,서정리,9015,7408,16423
2022-07-22,경부선,석수,10027,8853,18880
2022-07-22,경부선,성균관대,15516,15068,30584
2022-07-22,경부선,성환,3684,3356,7040
2022-07-22,경부선,세류,3478,3186,6664
2022-07-22,경부선,세마,3130,2843,5973
2022-07-22,경부선,송탄,5144,4402,9546
2022-07-22,경부선,수원,37552,41537,79089
2022-07-22,경부선,신길,9355,7927,17282
2022-07-22,경부선,신도림,4457,4407,8864
2022-07-22,경부선,안양,22652,22841,45493
2022-07-22,경부선,영등포,44169,46720,90889
2022-07-22,경부선,오산,10634,10597,21231
2022-07-22,경부선,오산대,3629,3457,7086
2022-07-22,경부선,용산,43137,44698,87835
2022-07-22,경부선,의왕,9419,9292,18711
2022-07-22,경부선,직산,1031,908,1939
2022-07-22,경부선,진위,1978,1620,3598
2022-07-22,경부선,천안,6038,6400,12438
2022-07-22,경부선,평택,13650,13362,27012
2022-07-22,경부선,평택지제,4554,4268,8822
2022-07-22,경부선,화서,8868,8283,17151
2022-07-22,경원선,가능,7155,6922,14077
2022-07-22,경원선,광운대,7578,7186,14764
2022-07-22,경원선,녹양,4852,4607,9459
2022-07-22,경원선,녹천,4952,3875,8827
2022-07-22,경원선,덕계,3526,3133,6659
2022-07-22,경원선,덕정,5770,5529,11299
2022-07-22,경원선,도봉,6339,6128,12467
2022-07-22,경원선,도봉산,7782,4970,12752
2022-07-22,경원선,동두천,2391,2586,4977
2022-07-22,경원선,동두천중앙,3322,3174,6496
2022-07-22,경원선,망월사,7930,7976,15906
2022-07-22,경원선,방학,10341,10101,20442
2022-07-22,경원선,보산,1988,1686,3674
2022-07-22,경원선,서빙고,2206,2063,4269
2022-07-22,경원선,석계,8560,9447,18007
2022-07-22,경원선,소요산,2932,2685,5617
2022-07-22,경원선,신이문,8822,7850,16672
2022-07-22,경원선,양주,8071,7516,15587
2022-07-22,경원선,옥수,68,33,101
2022-07-22,경원선,왕십리,15809,17684,33493
2022-07-22,경원선,외대앞,7717,7535,15252
2022-07-22,경원선,월계,6799,6188,12987
2022-07-22,경원선,응봉,1996,1635,3631
2022-07-22,경원선,의정부,19907,20937,40844
2022-07-22,경원선,이촌,4009,3128,7137
2022-07-22,경원선,지행,7131,7195,14326
2022-07-22,경원선,창동,1,0,1
2022-07-22,경원선,청량리,18173,19398,37571
2022-07-22,경원선,한남,4315,4226,8541
2022-07-22,경원선,회룡,13485,13332,26817
2022-07-22,경의선,가좌,6043,5567,11610
2022-07-22,경의선,강매,3453,2864,6317
2022-07-22,경의선,곡산,644,653,1297
2022-07-22,경의선,공덕,4241,3616,7857
2022-07-22,경의선,금릉,5321,5041,10362
2022-07-22,경의선,금촌,7027,6871,13898
2022-07-22,경의선,능곡,4062,3732,7794
2022-07-22,경의선,디지털미디어시티,3106,2623,5729
2022-07-22,경의선,문산,5971,5746,11717
2022-07-22,경의선,백마,7560,7135,14695
2022-07-22,경의선,서강대,2252,2202,4454
2022-07-22,경의선,서울역,4846,6348,11194
2022-07-22,경의선,수색,3051,3171,6222
2022-07-22,경의선,신촌,935,1247,2182
2022-07-22,경의선,야당,8435,8727,17162
2022-07-22,경의선,운정,7254,6607,13861
2022-07-22,경의선,월롱,3339,2580,5919
2022-07-22,경의선,일산,9724,9428,19152
2022-07-22,경의선,임진강,17,9,26
2022-07-22,경의선,탄현,8400,7940,16340
2022-07-22,경의선,파주,1134,791,1925
2022-07-22,경의선,풍산,5921,5622,11543
2022-07-22,경의선,행신,8891,8792,17683
2022-07-22,경의선,홍대입구,2019,2470,4489
2022-07-22,경의선,화전,2084,1889,3973
2022-07-22,경의선,효창공원앞,3035,3479,6514
2022-07-22,경인선,간석,6253,5816,12069
2022-07-22,경인선,개봉,22361,21699,44060
2022-07-22,경인선,구일,9016,9132,18148
2022-07-22,경인선,도원,3165,3264,6429
2022-07-22,경인선,도화,4483,4135,8618
2022-07-22,경인선,동암,16668,16710,33378
2022-07-22,경인선,동인천,14816,14118,28934
2022-07-22,경인선,백운,7394,7173,14567
2022-07-22,경인선,부개,9230,8466,17696
2022-07-22,경인선,부천,33943,34604,68547
2022-07-22,경인선,부평,31401,35190,66591
2022-07-22,경인선,소사,8822,8703,17525
2022-07-22,경인선,송내,29041,28688,57729
2022-07-22,경인선,역곡,28372,27460,55832
2022-07-22,경인선,오류동,12397,11229,23626
2022-07-22,경인선,온수,6780,6347,13127
2022-07-22,경인선,인천,4136,3147,7283
2022-07-22,경인선,제물포,11003,10263,21266
2022-07-22,경인선,주안,19997,18240,38237
2022-07-22,경인선,중동,9857,9192,19049
2022-07-22,경춘선,가평,3182,2970,6152
2022-07-22,경춘선,갈매,3148,2654,5802
2022-07-22,경춘선,강촌,599,541,1140
2022-07-22,경춘선,굴봉산,158,159,317
2022-07-22,경춘선,금곡,1577,1517,3094
2022-07-22,경춘선,김유정,347,390,737
2022-07-22,경춘선,남춘천,3241,3469,6710
2022-07-22,경춘선,대성리,1194,1378,2572
2022-07-22,경춘선,마석,4101,4037,8138
2022-07-22,경춘선,백양리,144,125,269
2022-07-22,경춘선,별내,3408,3241,6649
2022-07-22,경춘선,사릉,2515,2417,4932
2022-07-22,경춘선,상천,301,299,600
2022-07-22,경춘선,신내,2309,2130,4439
2022-07-22,경춘선,천마산,1713,1632,3345
2022-07-22,경춘선,청평,2225,2294,4519
2022-07-22,경춘선,춘천,1611,1392,3003
2022-07-22,경춘선,퇴계원,3666,3280,6946
2022-07-22,경춘선,평내호평,6564,6498,13062
2022-07-22,공항철도,검암,7224,7185,14409
2022-07-22,공항철도,계양,11758,10775,22533
2022-07-22,공항철도,공덕,2611,3590,6201
2022-07-22,공항철도,공항화물청사,2488,2598,5086
2022-07-22,공항철도,김포공항,14018,7538,21556
2022-07-22,공항철도,디지털미디어시티,15045,13660,28705
2022-07-22,공항철도,마곡나루,9800,9130,18930
2022-07-22,공항철도,서울역,10883,10600,21483
2022-07-22,공항철도,영종,3893,3929,7822
2022-07-22,공항철도,운서,8294,8257,16551
2022-07-22,공항철도,인천공항1터미널,7671,7784,15455
2022-07-22,공항철도,인천공항2터미널,3759,3160,6919
2022-07-22,공항철도,청라국제도시,7888,7354,15242
2022-07-22,공항철도,홍대입구,12785,12879,25664
2022-07-22,과천선,경마공원,9087,9335,18422
2022-07-22,과천선,과천,6972,6410,13382
2022-07-22,과천선,대공원,2922,3063,5985
2022-07-22,과천선,범계,28154,28286,56440
2022-07-22,과천선,선바위,8660,7540,16200
2022-07-22,과천선,인덕원,26069,26555,52624
2022-07-22,과천선,정부과천청사,11468,11253,22721
2022-07-22,과천선,평촌,18748,18617,37365
2022-07-22,분당선,가천대,6933,7601,14534
2022-07-22,분당선,강남구청,10294,11878,22172
2022-07-22,분당선,개포동,4194,4357,8551
2022-07-22,분당선,구룡,2333,2138,4471
2022-07-22,분당선,구성,5485,5641,11126
2022-07-22,분당선,기흥,11029,10035,21064
2022-07-22,분당선,대모산입구,4905,4360,9265
2022-07-22,분당선,도곡,7831,7356,15187
2022-07-22,분당선,망포,16408,14912,31320
2022-07-22,분당선,매교,2966,2936,5902
2022-07-22,분당선,매탄권선,5672,5304,10976
2022-07-22,분당선,모란,20822,21103,41925
2022-07-22,분당선,미금,16585,17441,34026
2022-07-22,분당선,보정,2761,2305,5066
2022-07-22,분당선,복정,2,0,2
2022-07-22,분당선,상갈,5814,5577,11391
2022-07-22,분당선,서울숲,12143,12420,24563
2022-07-22,분당선,서현,27850,28157,56007
2022-07-22,분당선,선릉,14638,22100,36738
2022-07-22,분당선,선정릉,8246,8706,16952
2022-07-22,분당선,수내,14552,14522,29074
2022-07-22,분당선,수서,15563,16224,31787
2022-07-22,분당선,수원,8982,7564,16546
2022-07-22,분당선,수원시청,14185,16643,30828
2022-07-22,분당선,신갈,5035,4830,9865
2022-07-22,분당선,압구정로데오,21360,25599,46959
2022-07-22,분당선,야탑,28216,29493,57709
2022-07-22,분당선,영통,9222,9453,18675
2022-07-22,분당선,오리,12504,10277,22781
2022-07-22,분당선,이매,5888,5575,11463
2022-07-22,분당선,정자,19972,21401,41373
2022-07-22,분당선,죽전,14054,15409,29463
2022-07-22,분당선,청명,4790,4385,9175
2022-07-22,분당선,태평,14249,13428,27677
2022-07-22,분당선,한티,17107,18066,35173
2022-07-22,수인선,고색,5140,4636,9776
2022-07-22,수인선,남동인더스파크,2381,2675,5056
2022-07-22,수인선,달월,114,69,183
2022-07-22,수인선,사리,5227,4316,9543
2022-07-22,수인선,소래포구,5051,4785,9836
2022-07-22,수인선,송도,2661,2431,5092
2022-07-22,수인선,숭의,4226,3863,8089
2022-07-22,수인선,신포,1859,1941,3800
2022-07-22,수인선,야목,465,316,781
2022-07-22,수인선,어천,943,878,1821
2022-07-22,수인선,연수,4982,4968,9950
2022-07-22,수인선,오목천,3554,3064,6618
2022-07-22,수인선,원인재,4752,4806,9558
2022-07-22,수인선,월곶,2915,2755,5670
2022-07-22,수인선,인천,1132,1918,3050
2022-07-22,수인선,인천논현,5887,6363,12250
2022-07-22,수인선,인하대,6150,5805,11955
2022-07-22,수인선,호구포,4372,4483,8855
2022-07-22,신림선,관악산,2755,2736,5491
2022-07-22,신림선,당곡,3708,3608,7316
2022-07-22,신림선,대방,2030,1653,3683
2022-07-22,신림선,보라매,2799,2488,5287
2022-07-22,신림선,보라매공원,1930,2021,3951
2022-07-22,신림선,보라매병원,6292,6387,12679
2022-07-22,신림선,샛강,2185,2757,4942
2022-07-22,신림선,서울대벤처타운,6544,6453,12997
2022-07-22,신림선,서울지방병무청,2361,2520,4881
2022-07-22,신림선,서원,2855,2433,5288
2022-07-22,신림선,신림,1660,2227,3887
2022-07-22,안산선,고잔,9508,9059,18567
2022-07-22,안산선,대야미,5477,4577,10054
2022-07-22,안산선,반월,4720,4463,9183
2022-07-22,안산선,산본,17054,18548,35602
2022-07-22,안산선,상록수,16483,16741,33224
2022-07-22,안산선,수리산,4378,3364,7742
2022-07-22,안산선,신길온천,1982,1807,3789
2022-07-22,안산선,안산,12425,11382,23807
2022-07-22,안산선,오이도,9311,9026,18337
2022-07-22,안산선,정왕,8882,8894,17776
2022-07-22,안산선,중앙,19263,20960,40223
2022-07-22,안산선,초지,5158,5167,10325
2022-07-22,안산선,한대앞,9696,9410,19106
2022-07-22,우이신설선,4.19민주묘지,3075,2896,5971
2022-07-22,우이신설선,가오리,4471,4385,8856
2022-07-22,우이신설선,보문,1523,1540,3063
2022-07-22,우이신설선,북한산보국문,6366,5842,12208
2022-07-22,우이신설선,북한산우이,3477,3304,6781
2022-07-22,우이신설선,삼양,2177,2249,4426
2022-07-22,우이신설선,삼양사거리,2685,2586,5271
2022-07-22,우이신설선,성신여대입구,3489,3991,7480
2022-07-22,우이신설선,솔밭공원,2687,2437,5124
2022-07-22,우이신설선,솔샘,6036,5497,11533
2022-07-22,우이신설선,신설동,2269,2177,4446
2022-07-22,우이신설선,정릉,4990,4466,9456
2022-07-22,우이신설선,화계,3667,3353,7020
2022-07-22,일산선,대곡,2301,1818,4119
2022-07-22,일산선,대화,13472,10858,24330
2022-07-22,일산선,마두,8099,8246,16345
2022-07-22,일산선,백석,10350,10377,20727
2022-07-22,일산선,삼송,20476,19472,39948
2022-07-22,일산선,원당,11780,10906,22686
2022-07-22,일산선,원흥,11899,10877,22776
2022-07-22,일산선,정발산,7862,8409,16271
2022-07-22,일산선,주엽,9974,9939,19913
2022-07-22,일산선,화정,17621,17919,35540
2022-07-22,장항선,배방,1230,1213,2443
2022-07-22,장항선,봉명,1348,1276,2624
2022-07-22,장항선,신창,1356,1226,2582
2022-07-22,장항선,쌍용,2126,1981,4107
2022-07-22,장항선,아산,3645,3729,7374
2022-07-22,장항선,온양온천,3888,3958,7846
2022-07-22,장항선,탕정,984,877,1861
2022-07-22,중앙선,구리,14337,14400,28737
2022-07-22,중앙선,국수,713,787,1500
2022-07-22,중앙선,덕소,5804,5714,11518
2022-07-22,중앙선,도농,11661,10437,22098
2022-07-22,중앙선,도심,2511,1942,4453
2022-07-22,중앙선,망우,8329,7913,16242
2022-07-22,중앙선,상봉,6214,6141,12355
2022-07-22,중앙선,신원,206,174,380
2022-07-22,중앙선,아신,602,694,1296
2022-07-22,중앙선,양수,2384,2439,4823
2022-07-22,중앙선,양원,3167,2972,6139
2022-07-22,중앙선,양정,686,640,1326
2022-07-22,중앙선,양평,3119,3342,6461
2022-07-22,중앙선,오빈,341,331,672
2022-07-22,중앙선,용문,2266,2329,4595
2022-07-22,중앙선,운길산,804,783,1587
2022-07-22,중앙선,원덕,410,418,828
2022-07-22,중앙선,중랑,5952,5563,11515
2022-07-22,중앙선,지평,74,79,153
2022-07-22,중앙선,팔당,1002,1060,2062
2022-07-22,중앙선,회기,25460,23878,49338
2022-07-25,1호선,동대문,10791,10578,21369
2022-07-25,1호선,동묘앞,7575,7862,15437
2022-07-25,1호선,서울역,47357,45890,93247
2022-07-25,1호선,시청,22878,23486,46364
2022-07-25,1호선,신설동,13674,13441,27115
2022-07-25,1호선,제기동,17492,17862,35354
2022-07-25,1호선,종각,37963,37313,75276
2022-07-25,1호선,종로3가,26087,24172,50259
2022-07-25,1호선,종로5가,23312,23141,46453
2022-07-25,1호선,청량리,19826,19774,39600
2022-07-25,2호선,강남,86647,83739,170386
2022-07-25,2호선,강변,32495,30776,63271
2022-07-25,2호선,건대입구,33958,36693,70651
2022-07-25,2호선,교대,34021,38276,72297
2022-07-25,2호선,구로디지털단지,60745,60949,121694
2022-07-25,2호선,구의,23593,23247,46840
2022-07-25,2호선,낙성대,27170,26872,54042
2022-07-25,2호선,당산,17786,21240,39026
2022-07-25,2호선,대림,24297,24677,48974
2022-07-25,2호선,도림천,1475,1526,3001
2022-07-25,2호선,동대문역사문화공원,12332,14015,26347
2022-07-25,2호선,뚝섬,22609,24713,47322
2022-07-25,2호선,문래,22422,23038,45460
2022-07-25,2호선,방배,15764,16579,32343
2022-07-25,2호선,봉천,24431,23021,47452
2022-07-25,2호선,사당,37102,40499,77601
2022-07-25,2호선,삼성,54255,54997,109252
2022-07-25,2호선,상왕십리,14262,13733,27995
2022-07-25,2호선,서울대입구,47131,46708,93839
2022-07-25,2호선,서초,22016,21475,43491
2022-07-25,2호선,선릉,61048,53881,114929
2022-07-25,2호선,성수,38410,41884,80294
2022-07-25,2호선,시청,23714,23159,46873
2022-07-25,2호선,신답,1696,1932,3628
2022-07-25,2호선,신당,13949,14176,28125
2022-07-25,2호선,신대방,25596,24736,50332
2022-07-25,2호선,신도림,47391,46647,94038
2022-07-25,2호선,신림,58023,55498,113521
2022-07-25,2호선,신설동,3373,3325,6698
2022-07-25,2호선,신정네거리,10396,10588,20984
2022-07-25,2호선,신촌,33177,33732,66909
2022-07-25,2호선,아현,10405,9948,20353
2022-07-25,2호선,양천구청,6870,7162,14032
2022-07-25,2호선,역삼,55380,62902,118282
2022-07-25,2호선,영등포구청,22372,23165,45537
2022-07-25,2호선,왕십리,15250,12947,28197
2022-07-25,2호선,용답,2631,2551,5182
2022-07-25,2호선,용두,2373,2342,4715
2022-07-25,2호선,을지로3가,24361,24678,49039
2022-07-25,2호선,을지로4가,13909,13833,27742
2022-07-25,2호선,을지로입구,42324,43247,85571
2022-07-25,2호선,이대,13362,14398,27760
2022-07-25,2호선,잠실,74923,75269,150192
2022-07-25,2호선,잠실나루,14621,14494,29115
2022-07-25,2호선,잠실새내,21506,21395,42901
2022-07-25,2호선,종합운동장,7009,7546,14555
2022-07-25,2호선,충정로,10247,10818,21065
2022-07-25,2호선,한양대,7153,7624,14777
2022-07-25,2호선,합정,30485,32956,63441
2022-07-25,2호선,홍대입구,58162,61659,119821
2022-07-25,3호선,가락시장,9128,8852,17980
2022-07-25,3호선,경복궁,20833,21417,42250
2022-07-25,3호선,경찰병원,7521,7484,15005
2022-07-25,3호선,고속터미널,43682,41365,85047
2022-07-25,3호선,교대,14433,9722,24155
2022-07-25,3호선,구파발,21530,20905,42435
2022-07-25,3호선,금호,7656,7085,14741
2022-07-25,3호선,남부터미널,29179,29517,58696
2022-07-25,3호선,녹번,15749,14082,29831
2022-07-25,3호선,대청,9926,9258,19184
2022-07-25,3호선,대치,12305,12053,24358
2022-07-25,3호선,도곡,5260,5163,10423
2022-07-25,3호선,독립문,6671,6658,13329
2022-07-25,3호선,동대입구,6996,7703,14699
2022-07-25,3호선,매봉,12635,12073,24708
2022-07-25,3호선,무악재,4063,3906,7969
2022-07-25,3호선,불광,16190,17336,33526
2022-07-25,3호선,수서,16967,17374,34341
2022-07-25,3호선,신사,29317,30811,60128
2022-07-25,3호선,안국,22291,22333,44624
2022-07-25,3호선,압구정,30931,33209,64140
2022-07-25,3호선,약수,12786,12369,25155
2022-07-25,3호선,양재,36662,40641,77303
2022-07-25,3호선,연신내,36359,34187,70546
2022-07-25,3호선,오금,6202,5641,11843
2022-07-25,3호선,옥수,8785,9013,17798
2022-07-25,3호선,을지로3가,10975,11155,22130
2022-07-25,3호선,일원,10694,10360,21054
2022-07-25,3호선,잠원,4778,4641,9419
2022-07-25,3호선,종로3가,10219,12057,22276
2022-07-25,3호선,지축,5380,5100,10480
2022-07-25,3호선,충무로,3,0,3
2022-07-25,3호선,학여울,1693,1685,3378
2022-07-25,3호선,홍제,17356,16256,33612
2022-07-25,4호선,길음,20344,19791,40135
2022-07-25,4호선,남태령,1257,1031,2288
2022-07-25,4호선,노원,18208,20951,39159
2022-07-25,4호선,당고개,9197,8095,17292
2022-07-25,4호선,동대문,21619,21898,43517
2022-07-25,4호선,동대문역사문화공원,15969,14147,30116
2022-07-25,4호선,동작,1364,1520,2884
2022-07-25,4호선,명동,20530,20839,41369
2022-07-25,4호선,미아,14570,14142,28712
2022-07-25,4호선,미아사거리,26632,26083,52715
2022-07-25,4호선,사당,24669,20754,45423
2022-07-25,4호선,삼각지,4992,5448,10440
2022-07-25,4호선,상계,18569,17258,35827
2022-07-25,4호선,서울역,11787,18094,29881
2022-07-25,4호선,성신여대입구,19150,18586,37736
2022-07-25,4호선,수유,33399,33328,66727
2022-07-25,4호선,숙대입구,12407,12118,24525
2022-07-25,4호선,신용산,17675,18611,36286
2022-07-25,4호선,쌍문,28730,26713,55443
2022-07-25,4호선,이촌,8703,9441,18144
2022-07-25,4호선,창동,25114,26586,51700
2022-07-25,4호선,총신대입구,18815,20546,39361
2022-07-25,4호선,충무로,25704,27065,52769
2022-07-25,4호선,한성대입구,12430,12150,24580
2022-07-25,4호선,혜화,30888,30948,61836
2022-07-25,4호선,회현,23093,24290,47383
2022-07-25,5호선,강동,18629,17909,36538
2022-07-25,5호선,강일,4572,4444,9016
2022-07-25,5호선,개롱,6661,6762,13423
2022-07-25,5호선,개화산,5767,5482,11249
2022-07-25,5호선,거여,10023,9665,19688
2022-07-25,5호선,고덕,9566,9648,19214
2022-07-25,5호선,공덕,14702,15421,30123
2022-07-25,5호선,광나루,12837,11639,24476
2022-07-25,5호선,광화문,30334,31814,62148
2022-07-25,5호선,군자,10916,12065,22981
2022-07-25,5호선,굽은다리,9715,9392,19107
2022-07-25,5호선,길동,8261,8530,16791
2022-07-25,5호선,김포공항,7819,7553,15372
2022-07-25,5호선,까치산,29003,27602,56605
2022-07-25,5호선,답십리,16076,14624,30700
2022-07-25,5호선,동대문역사문화공원,3364,3839,7203
2022-07-25,5호선,둔촌동,8063,8192,16255
2022-07-25,5호선,마곡,11106,11099,22205
2022-07-25,5호선,마장,5598,5164,10762
2022-07-25,5호선,마천,7281,6881,14162
2022-07-25,5호선,마포,14572,14904,29476
2022-07-25,5호선,명일,8391,8786,17177
2022-07-25,5호선,목동,16750,17898,34648
2022-07-25,5호선,미사,16279,16408,32687
2022-07-25,5호선,발산,20764,21721,42485
2022-07-25,5호선,방이,7070,7419,14489
2022-07-25,5호선,방화,6728,6346,13074
2022-07-25,5호선,상일동,15174,14022,29196
2022-07-25,5호선,서대문,19838,20279,40117
2022-07-25,5호선,송정,6619,6135,12754
2022-07-25,5호선,신금호,6204,6508,12712
2022-07-25,5호선,신길,4358,4578,8936
2022-07-25,5호선,신정,14003,11269,25272
2022-07-25,5호선,아차산,13635,13303,26938
2022-07-25,5호선,애오개,6816,6804,13620
2022-07-25,5호선,양평,7488,7575,15063
2022-07-25,5호선,여의나루,12888,14244,27132
2022-07-25,5호선,여의도,29485,31756,61241
2022-07-25,5호선,영등포구청,4007,4215,8222
2022-07-25,5호선,영등포시장,10045,10360,20405
2022-07-25,5호선,오금,3717,3709,7426
2022-07-25,5호선,오목교,20716,21937,42653
2022-07-25,5호선,올림픽공원,4156,3486,7642
2022-07-25,5호선,왕십리,4302,4916,9218
2022-07-25,5호선,우장산,14231,14194,28425
2022-07-25,5호선,을지로4가,6348,6424,12772
2022-07-25,5호선,장한평,18670,18501,37171
2022-07-25,5호선,종로3가,12960,12614,25574
2022-07-25,5호선,천호,18015,18231,36246
2022-07-25,5호선,청구,3970,3587,7557
2022-07-25,5호선,충정로,4702,4712,9414
2022-07-25,5호선,하남검단산,5866,5532,11398
2022-07-25,5호선,하남시청,7004,6678,13682
2022-07-25,5호선,하남풍산,4215,4217,8432
2022-07-25,5호선,행당,8022,7131,15153
2022-07-25,5호선,화곡,28917,27051,55968
2022-07-25,6호선,고려대,7903,7517,15420
2022-07-25,6호선,공덕,18934,18374,37308
2022-07-25,6호선,광흥창,9373,9017,18390
2022-07-25,6호선,구산,7674,5971,13645
2022-07-25,6호선,녹사평,4570,4525,9095
2022-07-25,6호선,대흥,8391,8519,16910
2022-07-25,6호선,독바위,2788,2909,5697
2022-07-25,6호선,돌곶이,9839,9230,19069
2022-07-25,6호선,동묘앞,7852,8168,16020
2022-07-25,6호선,디지털미디어시티,14536,16118,30654
2022-07-25,6호선,마포구청,14357,13069,27426
2022-07-25,6호선,망원,13564,14545,28109
2022-07-25,6호선,버티고개,2135,2108,4243
2022-07-25,6호선,보문,7451,6669,14120
2022-07-25,6호선,봉화산,8988,8475,17463
2022-07-25,6호선,불광,4572,4499,9071
2022-07-25,6호선,삼각지,6476,5710,12186
2022-07-25,6호선,상수,8348,9347,17695
2022-07-25,6호선,상월곡,6095,5449,11544
2022-07-25,6호선,새절,12413,11482,23895
2022-07-25,6호선,석계,11994,12542,24536
2022-07-25,6호선,신내,1,0,1
2022-07-25,6호선,신당,7551,8237,15788
2022-07-25,6호선,안암,10454,10627,21081
2022-07-25,6호선,약수,3676,3689,7365
2022-07-25,6호선,역촌,3890,4072,7962
2022-07-25,6호선,월곡,11743,11554,23297
2022-07-25,6호선,월드컵경기장,4371,4609,8980
2022-07-25,6호선,응암,17575,17648,35223
2022-07-25,6호선,이태원,9898,10297,20195
2022-07-25,6호선,증산,10012,9908,19920
2022-07-25,6호선,창신,3407,2734,6141
2022-07-25,6호선,청구,3636,3863,7499
2022-07-25,6호선,태릉입구,5421,5781,11202
2022-07-25,6호선,한강진,7020,8092,15112
2022-07-25,6호선,합정,13027,12737,25764
2022-07-25,6호선,화랑대,11224,8661,19885
2022-07-25,6호선,효창공원앞,7020,6235,13255
2022-07-25,7호선,가산디지털단지,47042,47197,94239
2022-07-25,7호선,강남구청,16677,18357,35034
2022-07-25,7호선,건대입구,12424,12996,25420
2022-07-25,7호선,고속터미널,17168,14031,31199
2022-07-25,7호선,공릉,11474,11514,22988
2022-07-25,7호선,광명사거리,21799,21482,43281
2022-07-25,7호선,군자,15014,11894,26908
2022-07-25,7호선,남구로,16282,17046,33328
2022-07-25,7호선,남성,11090,10404,21494
2022-07-25,7호선,내방,14937,15159,30096
2022-07-25,7호선,노원,20662,21648,42310
2022-07-25,7호선,논현,19482,20608,40090
2022-07-25,7호선,대림,8085,8106,16191
2022-07-25,7호선,도봉산,9096,10168,19264
2022-07-25,7호선,뚝섬유원지,9779,9292,19071
2022-07-25,7호선,마들,13180,12235,25415
2022-07-25,7호선,먹골,10209,10154,20363
2022-07-25,7호선,면목,15095,14717,29812
2022-07-25,7호선,반포,5872,5862,11734
2022-07-25,7호선,보라매,7754,7972,15726
2022-07-25,7호선,사가정,15942,15754,31696
2022-07-25,7호선,상도,10816,10495,21311
2022-07-25,7호선,상봉,16779,15932,32711
2022-07-25,7호선,수락산,12775,12789,25564
2022-07-25,7호선,숭실대입구,11833,11962,23795
2022-07-25,7호선,신대방삼거리,15448,14800,30248
2022-07-25,7호선,신풍,11914,11300,23214
2022-07-25,7호선,어린이대공원,12377,12475,24852
2022-07-25,7호선,온수,10024,9018,19042
2022-07-25,7호선,용마산,5999,5840,11839
2022-07-25,7호선,이수,16062,15719,31781
2022-07-25,7호선,장승배기,9633,9399,19032
2022-07-25,7호선,장암,2459,938,3397
2022-07-25,7호선,중계,14073,12545,26618
2022-07-25,7호선,중곡,10693,10217,20910
2022-07-25,7호선,중화,10871,10653,21524
2022-07-25,7호선,천왕,11626,11103,22729
2022-07-25,7호선,철산,21464,21859,43323
2022-07-25,7호선,청담,19902,22106,42008
2022-07-25,7호선,태릉입구,8485,7944,16429
2022-07-25,7호선,하계,17290,15993,33283
2022-07-25,7호선,학동,24796,26190,50986
2022-07-25,8호선,가락시장,7598,8469,16067
2022-07-25,8호선,강동구청,10490,10861,21351
2022-07-25,8호선,남위례,5430,5560,10990
2022-07-25,8호선,남한산성입구,13198,12014,25212
2022-07-25,8호선,단대오거리,10473,10412,20885
2022-07-25,8호선,모란,4351,3269,7620
2022-07-25,8호선,몽촌토성,5952,6188,12140
2022-07-25,8호선,문정,22174,23608,45782
2022-07-25,8호선,복정,8797,7601,16398
2022-07-25,8호선,산성,5100,5173,10273
2022-07-25,8호선,석촌,7558,8609,16167
2022-07-25,8호선,송파,8533,8454,16987
2022-07-25,8호선,수진,5336,4858,10194
2022-07-25,8호선,신흥,4230,4648,8878
2022-07-25,8호선,암사,19140,16802,35942
2022-07-25,8호선,잠실,14917,17370,32287
2022-07-25,8호선,장지,16704,16332,33036
2022-07-25,8호선,천호,14553,16500,31053
2022-07-25,9호선,가양,21496,21064,42560
2022-07-25,9호선,개화,2823,1933,4756
2022-07-25,9호선,고속터미널,13468,17159,30627
2022-07-25,9호선,공항시장,3028,3326,6354
2022-07-25,9호선,구반포,1256,1284,2540
2022-07-25,9호선,국회의사당,17049,17868,34917
2022-07-25,9호선,김포공항,7475,10756,18231
2022-07-25,9호선,노들,4697,3776,8473
2022-07-25,9호선,노량진,25240,24990,50230
2022-07-25,9호선,당산,18632,19133,37765
2022-07-25,9호선,동작,1981,1603,3584
2022-07-25,9호선,등촌,12056,11483,23539
2022-07-25,9호선,마곡나루,12595,12528,25123
2022-07-25,9호선,사평,3642,3481,7123
2022-07-25,9호선,샛강,6383,6406,12789
2022-07-25,9호선,선유도,9151,8952,18103
2022-07-25,9호선,신논현,31427,30919,62346
2022-07-25,9호선,신목동,4319,3659,7978
2022-07-25,9호선,신반포,3476,3645,7121
2022-07-25,9호선,신방화,6877,6720,13597
2022-07-25,9호선,양천향교,9888,10160,20048
2022-07-25,9호선,여의도,29694,28771,58465
2022-07-25,9호선,염창,17756,17260,35016
2022-07-25,9호선,증미,7810,7722,15532
2022-07-25,9호선,흑석,7946,8434,16380
2022-07-25,9호선2~3단계,둔촌오륜,935,963,1898
2022-07-25,9호선2~3단계,봉은사,18837,19237,38074
2022-07-25,9호선2~3단계,삼성중앙,7690,8305,15995
2022-07-25,9호선2~3단계,삼전,7165,6942,14107
2022-07-25,9호선2~3단계,석촌,8858,7829,16687
2022-07-25,9호선2~3단계,석촌고분,6359,6155,12514
2022-07-25,9호선2~3단계,선정릉,10515,11534,22049
2022-07-25,9호선2~3단계,송파나루,5186,5603,10789
2022-07-25,9호선2~3단계,언주,11387,11767,23154
2022-07-25,9호선2~3단계,올림픽공원,5913,6029,11942
2022-07-25,9호선2~3단계,종합운동장,4384,4473,8857
2022-07-25,9호선2~3단계,중앙보훈병원,11645,10243,21888
2022-07-25,9호선2~3단계,한성백제,2729,2469,5198
2022-07-25,경강선,경기광주,7945,7375,15320
2022-07-25,경강선,곤지암,2205,2212,4417
2022-07-25,경강선,부발,2082,2101,4183
2022-07-25,경강선,삼동,2527,2366,4893
2022-07-25,경강선,세종대왕릉,366,322,688
2022-07-25,경강선,신둔도예촌,1484,1407,2891
2022-07-25,경강선,여주,2246,2178,4424
2022-07-25,경강선,이매,1148,962,2110
2022-07-25,경강선,이천,2588,2810,5398
2022-07-25,경강선,초월,3144,3111,6255
2022-07-25,경강선,판교,5276,5264,10540
2022-07-25,경부선,가산디지털단지,18799,21920,40719
2022-07-25,경부선,관악,7153,6919,14072
2022-07-25,경부선,광명,3793,3211,7004
2022-07-25,경부선,구로,18846,18501,37347
2022-07-25,경부선,군포,7683,7730,15413
2022-07-25,경부선,금정,27460,27790,55250
2022-07-25,경부선,금천구청,11657,11729,23386
2022-07-25,경부선,남영,9018,9511,18529
2022-07-25,경부선,노량진,7673,7440,15113
2022-07-25,경부선,당정,6258,5943,12201
2022-07-25,경부선,대방,11075,12137,23212
2022-07-25,경부선,독산,19150,19836,38986
2022-07-25,경부선,두정,5309,5562,10871
2022-07-25,경부선,명학,9271,9126,18397
2022-07-25,경부선,병점,14050,13859,27909
2022-07-25,경부선,서동탄,1453,1263,2716
2022-07-25,경부선,서울역,8145,2551,10696
2022-07-25,경부선,서정리,6855,6772,13627
2022-07-25,경부선,석수,9511,8403,17914
2022-07-25,경부선,성균관대,14159,14183,28342
2022-07-25,경부선,성환,3293,3369,6662
2022-07-25,경부선,세류,3105,2719,5824
2022-07-25,경부선,세마,2913,2715,5628
2022-07-25,경부선,송탄,4170,4078,8248
2022-07-25,경부선,수원,33888,36244,70132
2022-07-25,경부선,신길,9031,7819,16850
2022-07-25,경부선,신도림,4128,4123,8251
2022-07-25,경부선,안양,21686,21306,42992
2022-07-25,경부선,영등포,38641,39864,78505
2022-07-25,경부선,오산,9518,9733,19251
2022-07-25,경부선,오산대,3514,3194,6708
2022-07-25,경부선,용산,37764,38733,76497
2022-07-25,경부선,의왕,9054,9028,18082
2022-07-25,경부선,직산,893,833,1726
2022-07-25,경부선,진위,1768,1598,3366
2022-07-25,경부선,천안,5327,5555,10882
2022-07-25,경부선,평택,11670,11667,23337
2022-07-25,경부선,평택지제,3942,4004,7946
2022-07-25,경부선,화서,8168,7806,15974
2022-07-25,경원선,가능,6818,6537,13355
2022-07-25,경원선,광운대,7193,6842,14035
2022-07-25,경원선,녹양,4721,4458,9179
2022-07-25,경원선,녹천,4844,3935,8779
2022-07-25,경원선,덕계,3361,2963,6324
2022-07-25,경원선,덕정,5559,5223,10782
2022-07-25,경원선,도봉,6041,5741,11782
2022-07-25,경원선,도봉산,7497,4889,12386
2022-07-25,경원선,동두천,2349,2599,4948
2022-07-25,경원선,동두천중앙,3440,3330,6770
2022-07-25,경원선,망월사,7477,7678,15155
2022-07-25,경원선,방학,9831,9667,19498
2022-07-25,경원선,보산,1678,1457,3135
2022-07-25,경원선,서빙고,2140,1909,4049
2022-07-25,경원선,석계,7870,8965,16835
2022-07-25,경원선,소요산,3196,2600,5796
2022-07-25,경원선,신이문,8538,7797,16335
2022-07-25,경원선,양주,7685,7232,14917
2022-07-25,경원선,옥수,38,29,67
2022-07-25,경원선,왕십리,14354,16262,30616
2022-07-25,경원선,외대앞,7330,7360,14690
2022-07-25,경원선,월계,6290,5970,12260
2022-07-25,경원선,응봉,1894,1552,3446
2022-07-25,경원선,의정부,18686,19100,37786
2022-07-25,경원선,이촌,3966,3028,6994
2022-07-25,경원선,지행,6777,6589,13366
2022-07-25,경원선,청량리,15795,16174,31969
2022-07-25,경원선,한남,4180,3995,8175
2022-07-25,경원선,회룡,12814,12594,25408
2022-07-25,경의선,가좌,5638,5271,10909
2022-07-25,경의선,강매,3241,2770,6011
2022-07-25,경의선,곡산,609,641,1250
2022-07-25,경의선,공덕,3809,3464,7273
2022-07-25,경의선,금릉,4974,4712,9686
2022-07-25,경의선,금촌,6586,6428,13014
2022-07-25,경의선,능곡,3954,3489,7443
2022-07-25,경의선,디지털미디어시티,2634,2407,5041
2022-07-25,경의선,문산,5673,5602,11275
2022-07-25,경의선,백마,7129,6652,13781
2022-07-25,경의선,서강대,2147,2003,4150
2022-07-25,경의선,서울역,4729,6035,10764
2022-07-25,경의선,수색,3005,3202,6207
2022-07-25,경의선,신촌,922,1196,2118
2022-07-25,경의선,야당,7989,7763,15752
2022-07-25,경의선,운정,7125,6482,13607
2022-07-25,경의선,월롱,2762,2687,5449
2022-07-25,경의선,일산,9306,9013,18319
2022-07-25,경의선,임진강,17,14,31
2022-07-25,경의선,탄현,8056,7544,15600
2022-07-25,경의선,파주,1046,787,1833
2022-07-25,경의선,풍산,5751,5213,10964
2022-07-25,경의선,행신,8254,8307,16561
2022-07-25,경의선,홍대입구,1772,2241,4013
2022-07-25,경의선,화전,1665,1485,3150
2022-07-25,경의선,효창공원앞,3044,3427,6471
2022-07-25,경인선,간석,6002,5548,11550
2022-07-25,경인선,개봉,21256,20994,42250
2022-07-25,경인선,구일,6246,6004,12250
2022-07-25,경인선,도원,2998,3005,6003
2022-07-25,경인선,도화,4215,3889,8104
2022-07-25,경인선,동암,15692,15557,31249
2022-07-25,경인선,동인천,13773,13124,26897
2022-07-25,경인선,백운,6899,6707,13606
2022-07-25,경인선,부개,8879,8267,17146
2022-07-25,경인선,부천,32341,31963,64304
2022-07-25,경인선,부평,30033,31501,61534
2022-07-25,경인선,소사,8304,8185,16489
2022-07-25,경인선,송내,27737,27330,55067
2022-07-25,경인선,역곡,27089,27021,54110
2022-07-25,경인선,오류동,11973,11026,22999
2022-07-25,경인선,온수,6517,6118,12635
2022-07-25,경인선,인천,3803,3004,6807
2022-07-25,경인선,제물포,10391,9886,20277
2022-07-25,경인선,주안,18813,17129,35942
2022-07-25,경인선,중동,9573,9045,18618
2022-07-25,경춘선,가평,2636,3246,5882
2022-07-25,경춘선,갈매,2882,2532,5414
2022-07-25,경춘선,강촌,550,550,1100
2022-07-25,경춘선,굴봉산,227,178,405
2022-07-25,경춘선,금곡,1513,1434,2947
2022-07-25,경춘선,김유정,284,333,617
2022-07-25,경춘선,남춘천,2516,2704,5220
2022-07-25,경춘선,대성리,1054,889,1943
2022-07-25,경춘선,마석,4061,3954,8015
2022-07-25,경춘선,백양리,165,108,273
2022-07-25,경춘선,별내,3282,3027,6309
2022-07-25,경춘선,사릉,2410,2224,4634
2022-07-25,경춘선,상천,313,313,626
2022-07-25,경춘선,신내,2192,2081,4273
2022-07-25,경춘선,천마산,1730,1610,3340
2022-07-25,경춘선,청평,2061,2157,4218
2022-07-25,경춘선,춘천,1409,1312,2721
2022-07-25,경춘선,퇴계원,3591,3263,6854
2022-07-25,경춘선,평내호평,6507,6238,12745
2022-07-25,공항철도,검암,6866,6793,13659
2022-07-25,공항철도,계양,11413,10556,21969
2022-07-25,공항철도,공덕,2463,3132,5595
2022-07-25,공항철도,공항화물청사,2409,2519,4928
2022-07-25,공항철도,김포공항,11786,6674,18460
2022-07-25,공항철도,디지털미디어시티,14967,13905,28872
2022-07-25,공항철도,마곡나루,9645,9189,18834
2022-07-25,공항철도,서울역,9201,8473,17674
2022-07-25,공항철도,영종,3652,3680,7332
2022-07-25,공항철도,운서,7728,8297,16025
2022-07-25,공항철도,인천공항1터미널,8235,7490,15725
2022-07-25,공항철도,인천공항2터미널,3716,3247,6963
2022-07-25,공항철도,청라국제도시,7219,6766,13985
2022-07-25,공항철도,홍대입구,10743,10691,21434
2022-07-25,과천선,경마공원,913,904,1817
2022-07-25,과천선,과천,6369,5887,12256
2022-07-25,과천선,대공원,2705,2804,5509
2022-07-25,과천선,범계,25945,25871,51816
2022-07-25,과천선,선바위,7957,6748,14705
2022-07-25,과천선,인덕원,23970,25115,49085
2022-07-25,과천선,정부과천청사,11310,11247,22557
2022-07-25,과천선,평촌,17936,17618,35554
2022-07-25,분당선,가천대,6045,6819,12864
2022-07-25,분당선,강남구청,9940,11268,21208
2022-07-25,분당선,개포동,3857,4017,7874
2022-07-25,분당선,구룡,2163,2089,4252
2022-07-25,분당선,구성,5183,5433,10616
2022-07-25,분당선,기흥,10436,9779,20215
2022-07-25,분당선,대모산입구,4527,4234,8761
2022-07-25,분당선,도곡,7132,7065,14197
2022-07-25,분당선,망포,14715,13967,28682
2022-07-25,분당선,매교,2839,2843,5682
2022-07-25,분당선,매탄권선,5091,4963,10054
2022-07-25,분당선,모란,19664,19795,39459
2022-07-25,분당선,미금,15579,16493,32072
2022-07-25,분당선,보정,2548,2249,4797
2022-07-25,분당선,복정,3,0,3
2022-07-25,분당선,상갈,5479,5211,10690
2022-07-25,분당선,서울숲,11353,11473,22826
2022-07-25,분당선,서현,25615,25915,51530
2022-07-25,분당선,선릉,14348,21820,36168
2022-07-25,분당선,선정릉,8252,8823,17075
2022-07-25,분당선,수내,14144,13915,28059
2022-07-25,분당선,수서,13956,14216,28172
2022-07-25,분당선,수원,7899,6650,14549
2022-07-25,분당선,수원시청,13052,13955,27007
2022-07-25,분당선,신갈,4745,4778,9523
2022-07-25,분당선,압구정로데오,17916,19683,37599
2022-07-25,분당선,야탑,26445,27243,53688
2022-07-25,분당선,영통,8127,8361,16488
2022-07-25,분당선,오리,11844,9729,21573
2022-07-25,분당선,이매,5426,5270,10696
2022-07-25,분당선,정자,18574,19605,38179
2022-07-25,분당선,죽전,12833,14393,27226
2022-07-25,분당선,청명,4308,4226,8534
2022-07-25,분당선,태평,13697,13025,26722
2022-07-25,분당선,한티,15479,16405,31884
2022-07-25,수인선,고색,4852,4503,9355
2022-07-25,수인선,남동인더스파크,2377,2627,5004
2022-07-25,수인선,달월,103,64,167
2022-07-25,수인선,사리,4841,4129,8970
2022-07-25,수인선,소래포구,4771,4440,9211
2022-07-25,수인선,송도,2367,2234,4601
2022-07-25,수인선,숭의,4154,3772,7926
2022-07-25,수인선,신포,1790,1783,3573
2022-07-25,수인선,야목,402,293,695
2022-07-25,수인선,어천,806,874,1680
2022-07-25,수인선,연수,4520,4340,8860
2022-07-25,수인선,오목천,2932,2727,5659
2022-07-25,수인선,원인재,4225,4382,8607
2022-07-25,수인선,월곶,2705,2532,5237
2022-07-25,수인선,인천,1175,1853,3028
2022-07-25,수인선,인천논현,5614,5952,11566
2022-07-25,수인선,인하대,5684,5386,11070
2022-07-25,수인선,호구포,4178,4396,8574
2022-07-25,신림선,관악산,3183,2997,6180
2022-07-25,신림선,당곡,3685,3591,7276
2022-07-25,신림선,대방,1953,1570,3523
2022-07-25,신림선,보라매,2757,2492,5249
2022-07-25,신림선,보라매공원,1822,1912,3734
2022-07-25,신림선,보라매병원,6318,6899,13217
2022-07-25,신림선,샛강,2162,2689,4851
2022-07-25,신림선,서울대벤처타운,6358,6610,12968
2022-07-25,신림선,서울지방병무청,2018,2233,4251
2022-07-25,신림선,서원,2705,2533,5238
2022-07-25,신림선,신림,1570,2143,3713
2022-07-25,안산선,고잔,9053,8504,17557
2022-07-25,안산선,대야미,5037,4585,9622
2022-07-25,안산선,반월,4368,4237,8605
2022-07-25,안산선,산본,16225,17472,33697
2022-07-25,안산선,상록수,15611,15622,31233
2022-07-25,안산선,수리산,4174,3458,7632
2022-07-25,안산선,신길온천,1905,1679,3584
2022-07-25,안산선,안산,12102,10845,22947
2022-07-25,안산선,오이도,8799,8530,17329
2022-07-25,안산선,정왕,7949,8432,16381
2022-07-25,안산선,중앙,17942,18528,36470
2022-07-25,안산선,초지,4918,4942,9860
2022-07-25,안산선,한대앞,8859,8736,17595
2022-07-25,우이신설선,4.19민주묘지,2863,2659,5522
2022-07-25,우이신설선,가오리,4367,4288,8655
2022-07-25,우이신설선,보문,1470,1447,2917
2022-07-25,우이신설선,북한산보국문,5784,5614,11398
2022-07-25,우이신설선,북한산우이,2835,2625,5460
2022-07-25,우이신설선,삼양,2099,2241,4340
2022-07-25,우이신설선,삼양사거리,2513,2538,5051
2022-07-25,우이신설선,성신여대입구,3389,3707,7096
2022-07-25,우이신설선,솔밭공원,2504,2430,4934
2022-07-25,우이신설선,솔샘,5910,5561,11471
2022-07-25,우이신설선,신설동,2201,2123,4324
2022-07-25,우이신설선,정릉,4532,4297,8829
2022-07-25,우이신설선,화계,3523,3213,6736
2022-07-25,일산선,대곡,2237,1749,3986
2022-07-25,일산선,대화,13351,9343,22694
2022-07-25,일산선,마두,8048,8202,16250
2022-07-25,일산선,백석,9982,9914,19896
2022-07-25,일산선,삼송,19714,19179,38893
2022-07-25,일산선,원당,11164,10600,21764
2022-07-25,일산선,원흥,11412,10780,22192
2022-07-25,일산선,정발산,7198,7297,14495
2022-07-25,일산선,주엽,9773,9814,19587
2022-07-25,일산선,화정,17126,17350,34476
2022-07-25,장항선,배방,1141,1105,2246
2022-07-25,장항선,봉명,1225,1229,2454
2022-07-25,장항선,신창,1118,1159,2277
2022-07-25,장항선,쌍용,2057,1886,3943
2022-07-25,장항선,아산,3193,2746,5939
2022-07-25,장항선,온양온천,3691,3836,7527
2022-07-25,장항선,탕정,931,875,1806
2022-07-25,중앙선,구리,13591,13364,26955
2022-07-25,중앙선,국수,723,718,1441
2022-07-25,중앙선,덕소,5669,5541,11210
2022-07-25,중앙선,도농,11611,10333,21944
2022-07-25,중앙선,도심,2526,1946,4472
2022-07-25,중앙선,망우,7711,7639,15350
2022-07-25,중앙선,상봉,5879,5819,11698
2022-07-25,중앙선,신원,191,186,377
2022-07-25,중앙선,아신,594,611,1205
2022-07-25,중앙선,양수,2362,2290,4652
2022-07-25,중앙선,양원,2979,2905,5884
2022-07-25,중앙선,양정,726,648,1374
2022-07-25,중앙선,양평,3087,3047,6134
2022-07-25,중앙선,오빈,309,285,594
2022-07-25,중앙선,용문,3411,3424,6835
2022-07-25,중앙선,운길산,721,725,1446
2022-07-25,중앙선,원덕,429,354,783
2022-07-25,중앙선,중랑,5812,5478,11290
2022-07-25,중앙선,지평,82,71,153
2022-07-25,중앙선,팔당,951,988,1939
2022-07-25,중앙선,회기,23631,22919,46550
2022-07-26,1호선,동대문,10877,10463,21340
2022-07-26,1호선,동묘앞,7106,7270,14376
2022-07-26,1호선,서울역,46582,44443,91025
2022-07-26,1호선,시청,24549,25028,49577
2022-07-26,1호선,신설동,13509,13479,26988
2022-07-26,1호선,제기동,16883,17186,34069
2022-07-26,1호선,종각,38309,37681,75990
2022-07-26,1호선,종로3가,26076,23811,49887
2022-07-26,1호선,종로5가,23523,23436,46959
2022-07-26,1호선,청량리,20365,20470,40835
2022-07-26,2호선,강남,88300,85237,173537
2022-07-26,2호선,강변,31227,29608,60835
2022-07-26,2호선,건대입구,34271,36950,71221
2022-07-26,2호선,교대,34469,38780,73249
2022-07-26,2호선,구로디지털단지,62053,62021,124074
2022-07-26,2호선,구의,23937,23692,47629
2022-07-26,2호선,낙성대,27819,27037,54856
2022-07-26,2호선,당산,18228,21460,39688
2022-07-26,2호선,대림,24002,24272,48274
2022-07-26,2호선,도림천,1364,1328,2692
2022-07-26,2호선,동대문역사문화공원,12749,14263,27012
2022-07-26,2호선,뚝섬,23513,25595,49108
2022-07-26,2호선,문래,22926,23424,46350
2022-07-26,2호선,방배,16032,16833,32865
2022-07-26,2호선,봉천,24600,22869,47469
2022-07-26,2호선,사당,38361,42289,80650
2022-07-26,2호선,삼성,56007,56698,112705
2022-07-26,2호선,상왕십리,14420,14005,28425
2022-07-26,2호선,서울대입구,47058,46502,93560
2022-07-26,2호선,서초,22178,21609,43787
2022-07-26,2호선,선릉,62249,55111,117360
2022-07-26,2호선,성수,39592,43003,82595
2022-07-26,2호선,시청,25182,24693,49875
2022-07-26,2호선,신답,1715,1935,3650
2022-07-26,2호선,신당,13928,14486,28414
2022-07-26,2호선,신대방,25844,25423,51267
2022-07-26,2호선,신도림,47477,46990,94467
2022-07-26,2호선,신림,58777,56741,115518
2022-07-26,2호선,신설동,3205,3169,6374
2022-07-26,2호선,신정네거리,10494,10588,21082
2022-07-26,2호선,신촌,35204,35754,70958
2022-07-26,2호선,아현,10517,9903,20420
2022-07-26,2호선,양천구청,6913,7188,14101
2022-07-26,2호선,역삼,57301,64890,122191
2022-07-26,2호선,영등포구청,22451,23161,45612
2022-07-26,2호선,왕십리,15633,13231,28864
2022-07-26,2호선,용답,2697,2599,5296
2022-07-26,2호선,용두,2362,2442,4804
2022-07-26,2호선,을지로3가,25093,25032,50125
2022-07-26,2호선,을지로4가,14074,13961,28035
2022-07-26,2호선,을지로입구,43166,44465,87631
2022-07-26,2호선,이대,13561,14595,28156
2022-07-26,2호선,잠실,77658,77349,155007
2022-07-26,2호선,잠실나루,14691,14417,29108
2022-07-26,2호선,잠실새내,21852,21792,43644
2022-07-26,2호선,종합운동장,10979,11535,22514
2022-07-26,2호선,충정로,10253,10897,21150
2022-07-26,2호선,한양대,7177,7676,14853
2022-07-26,2호선,합정,31551,33620,65171
2022-07-26,2호선,홍대입구,58230,61199,119429
2022-07-26,3호선,가락시장,9025,8775,17800
2022-07-26,3호선,경복궁,19288,19150,38438
2022-07-26,3호선,경찰병원,7546,7504,15050
2022-07-26,3호선,고속터미널,42291,39866,82157
2022-07-26,3호선,교대,14286,9538,23824
2022-07-26,3호선,구파발,21683,21091,42774
2022-07-26,3호선,금호,7789,7143,14932
2022-07-26,3호선,남부터미널,29970,30370,60340
2022-07-26,3호선,녹번,15732,14084,29816
2022-07-26,3호선,대청,10057,9336,19393
2022-07-26,3호선,대치,12393,12031,24424
2022-07-26,3호선,도곡,5153,5061,10214
2022-07-26,3호선,독립문,6988,7124,14112
2022-07-26,3호선,동대입구,11029,11659,22688
2022-07-26,3호선,매봉,12902,12300,25202
2022-07-26,3호선,무악재,4160,3973,8133
2022-07-26,3호선,불광,16364,17654,34018
2022-07-26,3호선,수서,16984,17386,34370
2022-07-26,3호선,신사,30212,31404,61616
2022-07-26,3호선,안국,22585,23744,46329
2022-07-26,3호선,압구정,33195,35732,68927
2022-07-26,3호선,약수,13072,12628,25700
2022-07-26,3호선,양재,37601,41296,78897
2022-07-26,3호선,연신내,36149,34105,70254
2022-07-26,3호선,오금,6417,5756,12173
2022-07-26,3호선,옥수,8860,9068,17928
2022-07-26,3호선,을지로3가,11144,11433,22577
2022-07-26,3호선,일원,10474,10158,20632
2022-07-26,3호선,잠원,4819,4670,9489
2022-07-26,3호선,종로3가,10517,12321,22838
2022-07-26,3호선,지축,5414,5090,10504
2022-07-26,3호선,학여울,1730,1695,3425
2022-07-26,3호선,홍제,17500,16304,33804
2022-07-26,4호선,길음,20651,20082,40733
2022-07-26,4호선,남태령,1319,1191,2510
2022-07-26,4호선,노원,18345,20848,39193
2022-07-26,4호선,당고개,9197,8185,17382
2022-07-26,4호선,동대문,20848,21579,42427
2022-07-26,4호선,동대문역사문화공원,16076,14113,30189
2022-07-26,4호선,동작,1270,1383,2653
2022-07-26,4호선,명동,20131,20579,40710
2022-07-26,4호선,미아,14750,14253,29003
2022-07-26,4호선,미아사거리,26822,26458,53280
2022-07-26,4호선,사당,25920,21408,47328
2022-07-26,4호선,삼각지,5326,5893,11219
2022-07-26,4호선,상계,18885,17577,36462
2022-07-26,4호선,서울역,12010,18191,30201
2022-07-26,4호선,성신여대입구,19330,18810,38140
2022-07-26,4호선,수유,33478,33594,67072
2022-07-26,4호선,숙대입구,12924,12620,25544
2022-07-26,4호선,신용산,18295,19139,37434
2022-07-26,4호선,쌍문,28897,26802,55699
2022-07-26,4호선,이촌,9361,10182,19543
2022-07-26,4호선,창동,25215,26933,52148
2022-07-26,4호선,총신대입구,19034,20440,39474
2022-07-26,4호선,충무로,26112,27581,53693
2022-07-26,4호선,한성대입구,12705,12430,25135
2022-07-26,4호선,혜화,32836,32956,65792
2022-07-26,4호선,회현,25231,26352,51583
2022-07-26,5호선,강동,18860,18053,36913
2022-07-26,5호선,강일,4557,4426,8983
2022-07-26,5호선,개롱,6608,6785,13393
2022-07-26,5호선,개화산,5841,5494,11335
2022-07-26,5호선,거여,10166,9636,19802
2022-07-26,5호선,고덕,9527,9545,19072
2022-07-26,5호선,공덕,15068,15790,30858
2022-07-26,5호선,광나루,13418,12140,25558
2022-07-26,5호선,광화문,32255,33791,66046
2022-07-26,5호선,군자,11223,12378,23601
2022-07-26,5호선,굽은다리,9927,9456,19383
2022-07-26,5호선,길동,8107,8397,16504
2022-07-26,5호선,김포공항,7788,7605,15393
2022-07-26,5호선,까치산,29183,27829,57012
2022-07-26,5호선,답십리,16214,14815,31029
2022-07-26,5호선,동대문역사문화공원,3258,3854,7112
2022-07-26,5호선,둔촌동,8271,8443,16714
2022-07-26,5호선,마곡,11052,11215,22267
2022-07-26,5호선,마장,5617,5283,10900
2022-07-26,5호선,마천,7104,6871,13975
2022-07-26,5호선,마포,14775,15161,29936
2022-07-26,5호선,명일,8537,8720,17257
2022-07-26,5호선,목동,16866,18178,35044
2022-07-26,5호선,미사,16347,16724,33071
2022-07-26,5호선,발산,21355,22203,43558
2022-07-26,5호선,방이,7111,7567,14678
2022-07-26,5호선,방화,6724,6477,13201
2022-07-26,5호선,상일동,15003,13893,28896
2022-07-26,5호선,서대문,20333,20913,41246
2022-07-26,5호선,송정,6681,6164,12845
2022-07-26,5호선,신금호,6341,6583,12924
2022-07-26,5호선,신길,4380,4592,8972
2022-07-26,5호선,신정,14083,11316,25399
2022-07-26,5호선,아차산,14098,13948,28046
2022-07-26,5호선,애오개,6992,7027,14019
2022-07-26,5호선,양평,7578,7491,15069
2022-07-26,5호선,여의나루,12644,13898,26542
2022-07-26,5호선,여의도,30548,32442,62990
2022-07-26,5호선,영등포구청,4040,4173,8213
2022-07-26,5호선,영등포시장,10370,10689,21059
2022-07-26,5호선,오금,3694,3741,7435
2022-07-26,5호선,오목교,22307,23677,45984
2022-07-26,5호선,올림픽공원,4289,3610,7899
2022-07-26,5호선,왕십리,4560,5192,9752
2022-07-26,5호선,우장산,14464,14318,28782
2022-07-26,5호선,을지로4가,6429,6583,13012
2022-07-26,5호선,장한평,19037,18811,37848
2022-07-26,5호선,종로3가,13489,13148,26637
2022-07-26,5호선,천호,18465,18475,36940
2022-07-26,5호선,청구,3970,3680,7650
2022-07-26,5호선,충정로,4810,4900,9710
2022-07-26,5호선,하남검단산,5893,5551,11444
2022-07-26,5호선,하남시청,6976,6726,13702
2022-07-26,5호선,하남풍산,4336,4319,8655
2022-07-26,5호선,행당,8221,7370,15591
2022-07-26,5호선,화곡,29160,27184,56344
2022-07-26,6호선,고려대,7961,7783,15744
2022-07-26,6호선,공덕,18966,18384,37350
2022-07-26,6호선,광흥창,9425,9215,18640
2022-07-26,6호선,구산,7692,6001,13693
2022-07-26,6호선,녹사평,4790,4832,9622
2022-07-26,6호선,대흥,8433,8643,17076
2022-07-26,6호선,독바위,2831,2933,5764
2022-07-26,6호선,돌곶이,9443,8930,18373
2022-07-26,6호선,동묘앞,7853,8082,15935
2022-07-26,6호선,디지털미디어시티,14864,16445,31309
2022-07-26,6호선,마포구청,14710,13281,27991
2022-07-26,6호선,망원,13878,14933,28811
2022-07-26,6호선,버티고개,2124,2144,4268
2022-07-26,6호선,보문,7607,6793,14400
2022-07-26,6호선,봉화산,9069,8449,17518
2022-07-26,6호선,불광,4559,4327,8886
2022-07-26,6호선,삼각지,7343,6349,13692
2022-07-26,6호선,상수,8579,9720,18299
2022-07-26,6호선,상월곡,6288,5493,11781
2022-07-26,6호선,새절,12446,11505,23951
2022-07-26,6호선,석계,12085,12506,24591
2022-07-26,6호선,신내,1,0,1
2022-07-26,6호선,신당,8598,9002,17600
2022-07-26,6호선,안암,10996,10774,21770
2022-07-26,6호선,약수,3805,3776,7581
2022-07-26,6호선,역촌,4017,4239,8256
2022-07-26,6호선,월곡,11791,11691,23482
2022-07-26,6호선,월드컵경기장,4296,4635,8931
2022-07-26,6호선,응암,17598,17484,35082
2022-07-26,6호선,이태원,10081,10723,20804
2022-07-26,6호선,증산,10071,9846,19917
2022-07-26,6호선,창신,3441,2723,6164
2022-07-26,6호선,청구,3813,3915,7728
2022-07-26,6호선,태릉입구,5440,5949,11389
2022-07-26,6호선,한강진,8261,9506,17767
2022-07-26,6호선,합정,13314,13131,26445
2022-07-26,6호선,화랑대,11483,8908,20391
2022-07-26,6호선,효창공원앞,7106,6286,13392
2022-07-26,7호선,가산디지털단지,47280,47532,94812
2022-07-26,7호선,강남구청,17296,19331,36627
2022-07-26,7호선,건대입구,12787,13088,25875
2022-07-26,7호선,고속터미널,16224,13668,29892
2022-07-26,7호선,공릉,11518,11430,22948
2022-07-26,7호선,광명사거리,21677,21583,43260
2022-07-26,7호선,군자,15400,12312,27712
2022-07-26,7호선,남구로,16343,17192,33535
2022-07-26,7호선,남성,11386,10666,22052
2022-07-26,7호선,내방,14995,15311,30306
2022-07-26,7호선,노원,20458,21479,41937
2022-07-26,7호선,논현,19800,21041,40841
2022-07-26,7호선,대림,7901,8039,15940
2022-07-26,7호선,도봉산,9231,10585,19816
2022-07-26,7호선,뚝섬유원지,9584,9162,18746
2022-07-26,7호선,마들,13035,12297,25332
2022-07-26,7호선,먹골,10245,10182,20427
2022-07-26,7호선,면목,15167,14702,29869
2022-07-26,7호선,반포,5852,5709,11561
2022-07-26,7호선,보라매,7775,7873,15648
2022-07-26,7호선,사가정,16019,15977,31996
2022-07-26,7호선,상도,11010,10508,21518
2022-07-26,7호선,상봉,16994,15841,32835
2022-07-26,7호선,수락산,13055,12871,25926
2022-07-26,7호선,숭실대입구,11960,12086,24046
2022-07-26,7호선,신대방삼거리,15431,14678,30109
2022-07-26,7호선,신풍,11976,11315,23291
2022-07-26,7호선,어린이대공원,12564,12491,25055
2022-07-26,7호선,온수,10106,9149,19255
2022-07-26,7호선,용마산,6005,5816,11821
2022-07-26,7호선,이수,16330,16073,32403
2022-07-26,7호선,장승배기,9262,9132,18394
2022-07-26,7호선,장암,2496,1035,3531
2022-07-26,7호선,중계,14205,12945,27150
2022-07-26,7호선,중곡,10714,10185,20899
2022-07-26,7호선,중화,10756,10531,21287
2022-07-26,7호선,천왕,11636,11195,22831
2022-07-26,7호선,철산,21532,21961,43493
2022-07-26,7호선,청담,20903,23237,44140
2022-07-26,7호선,태릉입구,8535,8034,16569
2022-07-26,7호선,하계,17760,16635,34395
2022-07-26,7호선,학동,25341,26761,52102
2022-07-26,8호선,가락시장,7597,8481,16078
2022-07-26,8호선,강동구청,10448,10887,21335
2022-07-26,8호선,남위례,5383,5566,10949
2022-07-26,8호선,남한산성입구,13346,12106,25452
2022-07-26,8호선,단대오거리,10347,10189,20536
2022-07-26,8호선,모란,4374,3409,7783
2022-07-26,8호선,몽촌토성,6167,6379,12546
2022-07-26,8호선,문정,22619,23815,46434
2022-07-26,8호선,복정,9308,7867,17175
2022-07-26,8호선,산성,5270,5291,10561
2022-07-26,8호선,석촌,7836,8868,16704
2022-07-26,8호선,송파,8584,8622,17206
2022-07-26,8호선,수진,5266,4821,10087
2022-07-26,8호선,신흥,4373,4679,9052
2022-07-26,8호선,암사,19360,17182,36542
2022-07-26,8호선,잠실,15248,17943,33191
2022-07-26,8호선,장지,17357,16455,33812
2022-07-26,8호선,천호,14845,17067,31912
2022-07-26,9호선,가양,21894,21339,43233
2022-07-26,9호선,개화,2876,1961,4837
2022-07-26,9호선,고속터미널,13204,16720,29924
2022-07-26,9호선,공항시장,3044,3286,6330
2022-07-26,9호선,구반포,1203,1257,2460
2022-07-26,9호선,국회의사당,17892,18583,36475
2022-07-26,9호선,김포공항,7554,10666,18220
2022-07-26,9호선,노들,4721,3925,8646
2022-07-26,9호선,노량진,25768,25033,50801
2022-07-26,9호선,당산,19269,19555,38824
2022-07-26,9호선,동작,1938,1513,3451
2022-07-26,9호선,등촌,12059,11638,23697
2022-07-26,9호선,마곡나루,12843,12898,25741
2022-07-26,9호선,사평,3786,3621,7407
2022-07-26,9호선,샛강,6396,6659,13055
2022-07-26,9호선,선유도,9154,8813,17967
2022-07-26,9호선,신논현,31922,31614,63536
2022-07-26,9호선,신목동,4411,3707,8118
2022-07-26,9호선,신반포,3670,3575,7245
2022-07-26,9호선,신방화,7026,6739,13765
2022-07-26,9호선,양천향교,9908,10154,20062
2022-07-26,9호선,여의도,30338,29294,59632
2022-07-26,9호선,염창,17877,17345,35222
2022-07-26,9호선,증미,7883,7684,15567
2022-07-26,9호선,흑석,8174,8633,16807
2022-07-26,9호선2~3단계,둔촌오륜,975,928,1903
2022-07-26,9호선2~3단계,봉은사,18713,19241,37954
2022-07-26,9호선2~3단계,삼성중앙,7782,8271,16053
2022-07-26,9호선2~3단계,삼전,7270,6954,14224
2022-07-26,9호선2~3단계,석촌,8989,7884,16873
2022-07-26,9호선2~3단계,석촌고분,6489,6428,12917
2022-07-26,9호선2~3단계,선정릉,10714,11793,22507
2022-07-26,9호선2~3단계,송파나루,5438,5849,11287
2022-07-26,9호선2~3단계,언주,11780,11867,23647
2022-07-26,9호선2~3단계,올림픽공원,6628,6619,13247
2022-07-26,9호선2~3단계,종합운동장,4476,4491,8967
2022-07-26,9호선2~3단계,중앙보훈병원,11479,10106,21585
2022-07-26,9호선2~3단계,한성백제,2788,2481,5269
2022-07-26,경강선,경기광주,7993,7339,15332
2022-07-26,경강선,곤지암,2162,2176,4338
2022-07-26,경강선,부발,2038,2057,4095
2022-07-26,경강선,삼동,2516,2338,4854
2022-07-26,경강선,세종대왕릉,368,339,707
2022-07-26,경강선,신둔도예촌,1448,1401,2849
2022-07-26,경강선,여주,2260,2371,4631
2022-07-26,경강선,이매,1187,989,2176
2022-07-26,경강선,이천,2671,2829,5500
2022-07-26,경강선,초월,3286,3192,6478
2022-07-26,경강선,판교,5384,5374,10758
2022-07-26,경부선,가산디지털단지,18961,21926,40887
2022-07-26,경부선,관악,7489,7209,14698
2022-07-26,경부선,광명,3494,3001,6495
2022-07-26,경부선,구로,18457,18735,37192
2022-07-26,경부선,군포,7718,7706,15424
2022-07-26,경부선,금정,27700,27997,55697
2022-07-26,경부선,금천구청,11621,11618,23239
2022-07-26,경부선,남영,9352,9613,18965
2022-07-26,경부선,노량진,7852,7596,15448
2022-07-26,경부선,당정,6291,5929,12220
2022-07-26,경부선,대방,11356,12356,23712
2022-07-26,경부선,독산,19127,19964,39091
2022-07-26,경부선,두정,5208,5215,10423
2022-07-26,경부선,명학,9361,9271,18632
2022-07-26,경부선,병점,14008,13949,27957
2022-07-26,경부선,서동탄,1461,1285,2746
2022-07-26,경부선,서울역,7236,2273,9509
2022-07-26,경부선,서정리,6844,6616,13460
2022-07-26,경부선,석수,9557,8522,18079
2022-07-26,경부선,성균관대,14178,14000,28178
2022-07-26,경부선,성환,3247,3204,6451
2022-07-26,경부선,세류,3202,2871,6073
2022-07-26,경부선,세마,2902,2755,5657
2022-07-26,경부선,송탄,4119,3954,8073
2022-07-26,경부선,수원,33173,35507,68680
2022-07-26,경부선,신길,9004,7801,16805
2022-07-26,경부선,신도림,4124,4129,8253
2022-07-26,경부선,안양,21481,21091,42572
2022-07-26,경부선,영등포,38584,39604,78188
2022-07-26,경부선,오산,9346,9425,18771
2022-07-26,경부선,오산대,3561,3250,6811
2022-07-26,경부선,용산,37015,37552,74567
2022-07-26,경부선,의왕,9020,9001,18021
2022-07-26,경부선,직산,867,847,1714
2022-07-26,경부선,진위,1865,1680,3545
2022-07-26,경부선,천안,5113,5269,10382
2022-07-26,경부선,평택,11146,11052,22198
2022-07-26,경부선,평택지제,3831,3760,7591
2022-07-26,경부선,화서,8471,8184,16655
2022-07-26,경원선,가능,6932,6668,13600
2022-07-26,경원선,광운대,7286,6907,14193
2022-07-26,경원선,녹양,4613,4431,9044
2022-07-26,경원선,녹천,4869,3970,8839
2022-07-26,경원선,덕계,3273,2926,6199
2022-07-26,경원선,덕정,5296,5088,10384
2022-07-26,경원선,도봉,5937,5798,11735
2022-07-26,경원선,도봉산,7772,4901,12673
2022-07-26,경원선,동두천,2245,2460,4705
2022-07-26,경원선,동두천중앙,3159,3070,6229
2022-07-26,경원선,망월사,7522,7636,15158
2022-07-26,경원선,방학,9874,9676,19550
2022-07-26,경원선,보산,1512,1394,2906
2022-07-26,경원선,서빙고,2171,1927,4098
2022-07-26,경원선,석계,7936,8937,16873
2022-07-26,경원선,소요산,3221,2869,6090
2022-07-26,경원선,신이문,8450,7708,16158
2022-07-26,경원선,양주,7750,7272,15022
2022-07-26,경원선,옥수,32,21,53
2022-07-26,경원선,왕십리,14416,16573,30989
2022-07-26,경원선,외대앞,7165,7153,14318
2022-07-26,경원선,월계,6367,6028,12395
2022-07-26,경원선,응봉,1883,1577,3460
2022-07-26,경원선,의정부,18196,18719,36915
2022-07-26,경원선,이촌,3916,3006,6922
2022-07-26,경원선,지행,6599,6575,13174
2022-07-26,경원선,청량리,15614,16262,31876
2022-07-26,경원선,한남,4086,3890,7976
2022-07-26,경원선,회룡,12976,12822,25798
2022-07-26,경의선,가좌,5516,5294,10810
2022-07-26,경의선,강매,3273,2903,6176
2022-07-26,경의선,곡산,646,637,1283
2022-07-26,경의선,공덕,3861,3291,7152
2022-07-26,경의선,금릉,4922,4759,9681
2022-07-26,경의선,금촌,6639,6484,13123
2022-07-26,경의선,능곡,3906,3521,7427
2022-07-26,경의선,디지털미디어시티,2655,2463,5118
2022-07-26,경의선,문산,5296,5262,10558
2022-07-26,경의선,백마,7163,6845,14008
2022-07-26,경의선,서강대,2188,2025,4213
2022-07-26,경의선,서울역,4558,5987,10545
2022-07-26,경의선,수색,3198,3411,6609
2022-07-26,경의선,신촌,891,1134,2025
2022-07-26,경의선,야당,8030,7888,15918
2022-07-26,경의선,운정,7201,6517,13718
2022-07-26,경의선,월롱,2713,2560,5273
2022-07-26,경의선,일산,9322,9074,18396
2022-07-26,경의선,임진강,39,17,56
2022-07-26,경의선,탄현,8180,7750,15930
2022-07-26,경의선,파주,1035,770,1805
2022-07-26,경의선,풍산,5838,5411,11249
2022-07-26,경의선,행신,8336,8157,16493
2022-07-26,경의선,홍대입구,1772,2101,3873
2022-07-26,경의선,화전,1705,1680,3385
2022-07-26,경의선,효창공원앞,2992,3402,6394
2022-07-26,경인선,간석,6030,5707,11737
2022-07-26,경인선,개봉,21524,21104,42628
2022-07-26,경인선,구일,6273,6043,12316
2022-07-26,경인선,도원,2902,2888,5790
2022-07-26,경인선,도화,4224,3854,8078
2022-07-26,경인선,동암,15823,15869,31692
2022-07-26,경인선,동인천,13600,13009,26609
2022-07-26,경인선,백운,6999,6820,13819
2022-07-26,경인선,부개,9042,8346,17388
2022-07-26,경인선,부천,31843,31870,63713
2022-07-26,경인선,부평,29032,30764,59796
2022-07-26,경인선,소사,8476,8409,16885
2022-07-26,경인선,송내,28130,27766,55896
2022-07-26,경인선,역곡,27040,27087,54127
2022-07-26,경인선,오류동,11937,11134,23071
2022-07-26,경인선,온수,6676,6221,12897
2022-07-26,경인선,인천,4057,3029,7086
2022-07-26,경인선,제물포,10264,9747,20011
2022-07-26,경인선,주안,18854,17039,35893
2022-07-26,경인선,중동,9536,8947,18483
2022-07-26,경춘선,가평,3107,2846,5953
2022-07-26,경춘선,갈매,3039,2616,5655
2022-07-26,경춘선,강촌,664,511,1175
2022-07-26,경춘선,굴봉산,134,122,256
2022-07-26,경춘선,금곡,1497,1479,2976
2022-07-26,경춘선,김유정,414,388,802
2022-07-26,경춘선,남춘천,2473,2584,5057
2022-07-26,경춘선,대성리,909,802,1711
2022-07-26,경춘선,마석,3841,3775,7616
2022-07-26,경춘선,백양리,140,110,250
2022-07-26,경춘선,별내,3233,3103,6336
2022-07-26,경춘선,사릉,2427,2324,4751
2022-07-26,경춘선,상천,366,321,687
2022-07-26,경춘선,신내,2205,2124,4329
2022-07-26,경춘선,천마산,1653,1477,3130
2022-07-26,경춘선,청평,2210,2132,4342
2022-07-26,경춘선,춘천,1540,1277,2817
2022-07-26,경춘선,퇴계원,3596,3263,6859
2022-07-26,경춘선,평내호평,6354,6216,12570
2022-07-26,공항철도,검암,6915,6934,13849
2022-07-26,공항철도,계양,11464,10760,22224
2022-07-26,공항철도,공덕,2523,3217,5740
2022-07-26,공항철도,공항화물청사,2379,2600,4979
2022-07-26,공항철도,김포공항,10998,6540,17538
2022-07-26,공항철도,디지털미디어시티,15603,14510,30113
2022-07-26,공항철도,마곡나루,10014,9403,19417
2022-07-26,공항철도,서울역,8752,7889,16641
2022-07-26,공항철도,영종,3663,3662,7325
2022-07-26,공항철도,운서,8035,8179,16214
2022-07-26,공항철도,인천공항1터미널,7402,6951,14353
2022-07-26,공항철도,인천공항2터미널,3615,3227,6842
2022-07-26,공항철도,청라국제도시,7420,6881,14301
2022-07-26,공항철도,홍대입구,10490,10901,21391
2022-07-26,과천선,경마공원,1436,1463,2899
2022-07-26,과천선,과천,6700,6205,12905
2022-07-26,과천선,대공원,3385,3495,6880
2022-07-26,과천선,범계,26283,26437,52720
2022-07-26,과천선,선바위,8035,7089,15124
2022-07-26,과천선,인덕원,24768,25681,50449
2022-07-26,과천선,정부과천청사,11513,11553,23066
2022-07-26,과천선,평촌,18293,18025,36318
2022-07-26,분당선,가천대,6522,7200,13722
2022-07-26,분당선,강남구청,9972,11459,21431
2022-07-26,분당선,개포동,4135,4220,8355
2022-07-26,분당선,구룡,2166,2068,4234
2022-07-26,분당선,구성,5102,5410,10512
2022-07-26,분당선,기흥,10456,9842,20298
2022-07-26,분당선,대모산입구,4616,4245,8861
2022-07-26,분당선,도곡,7173,7083,14256
2022-07-26,분당선,망포,15043,14181,29224
2022-07-26,분당선,매교,2803,2838,5641
2022-07-26,분당선,매탄권선,5121,4919,10040
2022-07-26,분당선,모란,19699,19913,39612
2022-07-26,분당선,미금,15923,16801,32724
2022-07-26,분당선,보정,2670,2264,4934
2022-07-26,분당선,복정,1,0,1
2022-07-26,분당선,상갈,5531,5404,10935
2022-07-26,분당선,서울숲,11883,12251,24134
2022-07-26,분당선,서현,25675,26011,51686
2022-07-26,분당선,선릉,14813,22245,37058
2022-07-26,분당선,선정릉,8518,9112,17630
2022-07-26,분당선,수내,14300,14290,28590
2022-07-26,분당선,수서,13911,14509,28420
2022-07-26,분당선,수원,8134,6897,15031
2022-07-26,분당선,수원시청,13032,13833,26865
2022-07-26,분당선,신갈,4958,4848,9806
2022-07-26,분당선,압구정로데오,19738,21694,41432
2022-07-26,분당선,야탑,26297,27424,53721
2022-07-26,분당선,영통,8169,8272,16441
2022-07-26,분당선,오리,11993,9857,21850
2022-07-26,분당선,이매,5571,5225,10796
2022-07-26,분당선,정자,18910,19949,38859
2022-07-26,분당선,죽전,13188,14613,27801
2022-07-26,분당선,청명,4251,4097,8348
2022-07-26,분당선,태평,13717,12962,26679
2022-07-26,분당선,한티,16166,16981,33147
2022-07-26,수인선,고색,4996,4694,9690
2022-07-26,수인선,남동인더스파크,2409,2624,5033
2022-07-26,수인선,달월,119,86,205
2022-07-26,수인선,사리,4860,4178,9038
2022-07-26,수인선,소래포구,4934,4465,9399
2022-07-26,수인선,송도,2368,2196,4564
2022-07-26,수인선,숭의,4014,3704,7718
2022-07-26,수인선,신포,1719,1722,3441
2022-07-26,수인선,야목,416,314,730
2022-07-26,수인선,어천,808,766,1574
2022-07-26,수인선,연수,4572,4505,9077
2022-07-26,수인선,오목천,3020,2778,5798
2022-07-26,수인선,원인재,4362,4508,8870
2022-07-26,수인선,월곶,2791,2656,5447
2022-07-26,수인선,인천,1212,1956,3168
2022-07-26,수인선,인천논현,5661,5893,11554
2022-07-26,수인선,인하대,5693,5394,11087
2022-07-26,수인선,호구포,4237,4439,8676
2022-07-26,신림선,관악산,3062,2971,6033
2022-07-26,신림선,당곡,3804,3665,7469
2022-07-26,신림선,대방,1950,1656,3606
2022-07-26,신림선,보라매,2796,2653,5449
2022-07-26,신림선,보라매공원,1878,2045,3923
2022-07-26,신림선,보라매병원,6628,7002,13630
2022-07-26,신림선,샛강,2235,2754,4989
2022-07-26,신림선,서울대벤처타운,6360,6491,12851
2022-07-26,신림선,서울지방병무청,2067,2274,4341
2022-07-26,신림선,서원,2893,2582,5475
2022-07-26,신림선,신림,1586,2270,3856
2022-07-26,안산선,고잔,8871,8461,17332
2022-07-26,안산선,대야미,5039,4389,9428
2022-07-26,안산선,반월,4243,4042,8285
2022-07-26,안산선,산본,16028,17197,33225
2022-07-26,안산선,상록수,15559,15756,31315
2022-07-26,안산선,수리산,4200,3408,7608
2022-07-26,안산선,신길온천,1854,1667,3521
2022-07-26,안산선,안산,11807,10715,22522
2022-07-26,안산선,오이도,8854,8471,17325
2022-07-26,안산선,정왕,7711,8112,15823
2022-07-26,안산선,중앙,18302,19118,37420
2022-07-26,안산선,초지,4974,4926,9900
2022-07-26,안산선,한대앞,8977,9039,18016
2022-07-26,우이신설선,4.19민주묘지,2907,2760,5667
2022-07-26,우이신설선,가오리,4300,4281,8581
2022-07-26,우이신설선,보문,1452,1470,2922
2022-07-26,우이신설선,북한산보국문,5857,5603,11460
2022-07-26,우이신설선,북한산우이,2889,2739,5628
2022-07-26,우이신설선,삼양,2075,2163,4238
2022-07-26,우이신설선,삼양사거리,2519,2594,5113
2022-07-26,우이신설선,성신여대입구,3214,3548,6762
2022-07-26,우이신설선,솔밭공원,2511,2346,4857
2022-07-26,우이신설선,솔샘,5894,5480,11374
2022-07-26,우이신설선,신설동,2098,1992,4090
2022-07-26,우이신설선,정릉,4614,4229,8843
2022-07-26,우이신설선,화계,3480,3277,6757
2022-07-26,일산선,대곡,2128,1699,3827
2022-07-26,일산선,대화,13263,10344,23607
2022-07-26,일산선,마두,7767,7971,15738
2022-07-26,일산선,백석,10119,10105,20224
2022-07-26,일산선,삼송,19681,19101,38782
2022-07-26,일산선,원당,11125,10381,21506
2022-07-26,일산선,원흥,11581,10801,22382
2022-07-26,일산선,정발산,7132,7171,14303
2022-07-26,일산선,주엽,9613,9605,19218
2022-07-26,일산선,지축,2,0,2
2022-07-26,일산선,화정,16719,17029,33748
2022-07-26,장항선,배방,1082,1043,2125
2022-07-26,장항선,봉명,1242,1214,2456
2022-07-26,장항선,신창,1074,1086,2160
2022-07-26,장항선,쌍용,2065,1854,3919
2022-07-26,장항선,아산,3065,2741,5806
2022-07-26,장항선,온양온천,3515,3664,7179
2022-07-26,장항선,탕정,890,785,1675
2022-07-26,중앙선,구리,13305,13522,26827
2022-07-26,중앙선,국수,659,664,1323
2022-07-26,중앙선,덕소,5666,5491,11157
2022-07-26,중앙선,도농,11310,10276,21586
2022-07-26,중앙선,도심,2404,1892,4296
2022-07-26,중앙선,망우,7851,7648,15499
2022-07-26,중앙선,상봉,5885,5857,11742
2022-07-26,중앙선,신원,207,185,392
2022-07-26,중앙선,아신,606,591,1197
2022-07-26,중앙선,양수,2288,2242,4530
2022-07-26,중앙선,양원,2945,2835,5780
2022-07-26,중앙선,양정,745,617,1362
2022-07-26,중앙선,양평,2868,2852,5720
2022-07-26,중앙선,오빈,329,332,661
2022-07-26,중앙선,용문,2144,2154,4298
2022-07-26,중앙선,운길산,738,719,1457
2022-07-26,중앙선,원덕,402,378,780
2022-07-26,중앙선,중랑,5863,5507,11370
2022-07-26,중앙선,지평,97,84,181
2022-07-26,중앙선,팔당,798,864,1662
2022-07-26,중앙선,회기,23646,22740,46386
2022-07-27,1호선,동대문,10903,10347,21250
2022-07-27,1호선,동묘앞,7677,7975,15652
2022-07-27,1호선,서울역,48224,46488,94712
2022-07-27,1호선,시청,24879,25515,50394
2022-07-27,1호선,신설동,13826,13629,27455
2022-07-27,1호선,제기동,16446,16614,33060
2022-07-27,1호선,종각,38668,38118,76786
2022-07-27,1호선,종로3가,26034,23841,49875
2022-07-27,1호선,종로5가,23441,23048,46489
2022-07-27,1호선,청량리,19216,19176,38392
2022-07-27,2호선,강남,87634,84055,171689
2022-07-27,2호선,강변,32825,31005,63830
2022-07-27,2호선,건대입구,34716,37993,72709
2022-07-27,2호선,교대,33539,37853,71392
2022-07-27,2호선,구로디지털단지,61203,61242,122445
2022-07-27,2호선,구의,24117,23653,47770
2022-07-27,2호선,낙성대,27771,27103,54874
2022-07-27,2호선,당산,18207,21625,39832
2022-07-27,2호선,대림,24047,24320,48367
2022-07-27,2호선,도림천,1315,1394,2709
2022-07-27,2호선,동대문역사문화공원,13274,14995,28269
2022-07-27,2호선,뚝섬,23486,25389,48875
2022-07-27,2호선,문래,22867,23364,46231
2022-07-27,2호선,방배,16128,16761,32889
2022-07-27,2호선,봉천,24349,22735,47084
2022-07-27,2호선,사당,38744,42174,80918
2022-07-27,2호선,삼성,58348,58945,117293
2022-07-27,2호선,상왕십리,14492,14174,28666
2022-07-27,2호선,서울대입구,47296,46621,93917
2022-07-27,2호선,서초,22684,22250,44934
2022-07-27,2호선,선릉,61490,54292,115782
2022-07-27,2호선,성수,39556,43277,82833
2022-07-27,2호선,시청,25443,25043,50486
2022-07-27,2호선,신답,1746,1940,3686
2022-07-27,2호선,신당,14170,14798,28968
2022-07-27,2호선,신대방,25799,25357,51156
2022-07-27,2호선,신도림,48432,48254,96686
2022-07-27,2호선,신림,59172,56898,116070
2022-07-27,2호선,신설동,3364,3343,6707
2022-07-27,2호선,신정네거리,10462,10731,21193
2022-07-27,2호선,신촌,35113,35819,70932
2022-07-27,2호선,아현,10513,9879,20392
2022-07-27,2호선,양천구청,6715,6946,13661
2022-07-27,2호선,역삼,56022,63525,119547
2022-07-27,2호선,영등포구청,22536,23273,45809
2022-07-27,2호선,왕십리,15910,13732,29642
2022-07-27,2호선,용답,2712,2612,5324
2022-07-27,2호선,용두,2355,2363,4718
2022-07-27,2호선,을지로3가,25384,25558,50942
2022-07-27,2호선,을지로4가,14306,14049,28355
2022-07-27,2호선,을지로입구,44045,45561,89606
2022-07-27,2호선,이대,13478,14446,27924
2022-07-27,2호선,잠실,77763,77293,155056
2022-07-27,2호선,잠실나루,14859,14202,29061
2022-07-27,2호선,잠실새내,21637,21612,43249
2022-07-27,2호선,종합운동장,10633,11285,21918
2022-07-27,2호선,충정로,10300,10995,21295
2022-07-27,2호선,한양대,7080,7570,14650
2022-07-27,2호선,합정,31909,34528,66437
2022-07-27,2호선,홍대입구,59849,63560,123409
2022-07-27,3호선,가락시장,8922,8633,17555
2022-07-27,3호선,경복궁,21560,22313,43873
2022-07-27,3호선,경찰병원,7475,7515,14990
2022-07-27,3호선,고속터미널,42389,40482,82871
2022-07-27,3호선,교대,14245,9324,23569
2022-07-27,3호선,구파발,21489,21062,42551
2022-07-27,3호선,금호,7882,7187,15069
2022-07-27,3호선,남부터미널,29985,30525,60510
2022-07-27,3호선,녹번,15448,13651,29099
2022-07-27,3호선,대청,9953,9252,19205
2022-07-27,3호선,대치,11834,11694,23528
2022-07-27,3호선,도곡,4995,5086,10081
2022-07-27,3호선,독립문,7089,7147,14236
2022-07-27,3호선,동대입구,10848,11221,22069
2022-07-27,3호선,매봉,12771,12184,24955
2022-07-27,3호선,무악재,4034,3861,7895
2022-07-27,3호선,불광,16456,17560,34016
2022-07-27,3호선,수서,16949,17462,34411
2022-07-27,3호선,신사,29490,30949,60439
2022-07-27,3호선,안국,23438,24113,47551
2022-07-27,3호선,압구정,33193,35645,68838
2022-07-27,3호선,약수,12953,12597,25550
2022-07-27,3호선,양재,37374,40670,78044
2022-07-27,3호선,연신내,36268,33977,70245
2022-07-27,3호선,오금,6196,5604,11800
2022-07-27,3호선,옥수,8857,9065,17922
2022-07-27,3호선,을지로3가,11310,11588,22898
2022-07-27,3호선,일원,10417,10064,20481
2022-07-27,3호선,잠원,4695,4566,9261
2022-07-27,3호선,종로3가,10782,12495,23277
2022-07-27,3호선,지축,5209,4904,10113
2022-07-27,3호선,충무로,2,0,2
2022-07-27,3호선,학여울,1715,1671,3386
2022-07-27,3호선,홍제,17415,16257,33672
2022-07-27,4호선,길음,20652,20066,40718
2022-07-27,4호선,남태령,1231,1068,2299
2022-07-27,4호선,노원,18358,20864,39222
2022-07-27,4호선,당고개,8878,7828,16706
2022-07-27,4호선,동대문,21131,21567,42698
2022-07-27,4호선,동대문역사문화공원,16303,14755,31058
2022-07-27,4호선,동작,1355,1476,2831
2022-07-27,4호선,명동,20980,21825,42805
2022-07-27,4호선,미아,14637,13812,28449
2022-07-27,4호선,미아사거리,26742,26189,52931
2022-07-27,4호선,사당,25725,21370,47095
2022-07-27,4호선,삼각지,5355,6018,11373
2022-07-27,4호선,상계,19000,17654,36654
2022-07-27,4호선,서울역,12168,19049,31217
2022-07-27,4호선,성신여대입구,19646,18944,38590
2022-07-27,4호선,수유,33302,33436,66738
2022-07-27,4호선,숙대입구,12874,12412,25286
2022-07-27,4호선,신용산,18405,19444,37849
2022-07-27,4호선,쌍문,28857,26754,55611
2022-07-27,4호선,이촌,10302,11118,21420
2022-07-27,4호선,창동,25276,26605,51881
2022-07-27,4호선,총신대입구,18816,20203,39019
2022-07-27,4호선,충무로,26250,27799,54049
2022-07-27,4호선,한성대입구,12878,12395,25273
2022-07-27,4호선,혜화,36102,36146,72248
2022-07-27,4호선,회현,25596,26472,52068
2022-07-27,5호선,강동,18746,18030,36776
2022-07-27,5호선,강일,4591,4361,8952
2022-07-27,5호선,개롱,6572,6757,13329
2022-07-27,5호선,개화산,5769,5417,11186
2022-07-27,5호선,거여,10123,9551,19674
2022-07-27,5호선,고덕,9620,9570,19190
2022-07-27,5호선,공덕,15061,15489,30550
2022-07-27,5호선,광나루,13099,11744,24843
2022-07-27,5호선,광화문,33412,35527,68939
2022-07-27,5호선,군자,11237,12412,23649
2022-07-27,5호선,굽은다리,9925,9563,19488
2022-07-27,5호선,길동,8121,8340,16461
2022-07-27,5호선,김포공항,7845,7723,15568
2022-07-27,5호선,까치산,29385,27840,57225
2022-07-27,5호선,답십리,16189,14529,30718
2022-07-27,5호선,동대문역사문화공원,3341,3838,7179
2022-07-27,5호선,둔촌동,8168,8262,16430
2022-07-27,5호선,마곡,11176,11307,22483
2022-07-27,5호선,마장,5637,5179,10816
2022-07-27,5호선,마천,7177,6756,13933
2022-07-27,5호선,마포,14654,15050,29704
2022-07-27,5호선,명일,8503,8811,17314
2022-07-27,5호선,목동,16886,17875,34761
2022-07-27,5호선,미사,16575,16912,33487
2022-07-27,5호선,발산,20930,21858,42788
2022-07-27,5호선,방이,7249,7522,14771
2022-07-27,5호선,방화,6750,6439,13189
2022-07-27,5호선,상일동,15180,13778,28958
2022-07-27,5호선,서대문,19919,20380,40299
2022-07-27,5호선,송정,6590,6106,12696
2022-07-27,5호선,신금호,6348,6526,12874
2022-07-27,5호선,신길,4420,4673,9093
2022-07-27,5호선,신정,14145,11517,25662
2022-07-27,5호선,아차산,14001,13559,27560
2022-07-27,5호선,애오개,6862,6917,13779
2022-07-27,5호선,양평,7680,7622,15302
2022-07-27,5호선,여의나루,12621,13944,26565
2022-07-27,5호선,여의도,30323,32504,62827
2022-07-27,5호선,영등포구청,4197,4203,8400
2022-07-27,5호선,영등포시장,10731,10931,21662
2022-07-27,5호선,오금,3630,3614,7244
2022-07-27,5호선,오목교,22198,23746,45944
2022-07-27,5호선,올림픽공원,4178,3550,7728
2022-07-27,5호선,왕십리,4490,5160,9650
2022-07-27,5호선,우장산,14469,14165,28634
2022-07-27,5호선,을지로4가,6487,6629,13116
2022-07-27,5호선,장한평,19254,19128,38382
2022-07-27,5호선,종로3가,13701,13346,27047
2022-07-27,5호선,천호,18626,18583,37209
2022-07-27,5호선,청구,3934,3683,7617
2022-07-27,5호선,충정로,4730,4796,9526
2022-07-27,5호선,하남검단산,5971,5727,11698
2022-07-27,5호선,하남시청,7022,6792,13814
2022-07-27,5호선,하남풍산,4201,4198,8399
2022-07-27,5호선,행당,8094,7128,15222
2022-07-27,5호선,화곡,29086,26957,56043
2022-07-27,6호선,고려대,8054,7645,15699
2022-07-27,6호선,공덕,18985,18491,37476
2022-07-27,6호선,광흥창,9424,9042,18466
2022-07-27,6호선,구산,7588,5896,13484
2022-07-27,6호선,녹사평,5030,4997,10027
2022-07-27,6호선,대흥,8203,8414,16617
2022-07-27,6호선,독바위,2736,2810,5546
2022-07-27,6호선,돌곶이,9424,8774,18198
2022-07-27,6호선,동묘앞,7888,8160,16048
2022-07-27,6호선,디지털미디어시티,14520,16150,30670
2022-07-27,6호선,마포구청,14432,13060,27492
2022-07-27,6호선,망원,14042,15144,29186
2022-07-27,6호선,버티고개,2098,2067,4165
2022-07-27,6호선,보문,7602,6787,14389
2022-07-27,6호선,봉화산,9090,8389,17479
2022-07-27,6호선,불광,4572,4524,9096
2022-07-27,6호선,삼각지,7615,6587,14202
2022-07-27,6호선,상수,8783,10204,18987
2022-07-27,6호선,상월곡,6239,5630,11869
2022-07-27,6호선,새절,12457,11490,23947
2022-07-27,6호선,석계,12138,12269,24407
2022-07-27,6호선,신내,1,0,1
2022-07-27,6호선,신당,8311,8871,17182
2022-07-27,6호선,안암,10485,10324,20809
2022-07-27,6호선,약수,3660,3746,7406
2022-07-27,6호선,역촌,3940,4346,8286
2022-07-27,6호선,연신내,1,0,1
2022-07-27,6호선,월곡,11562,11379,22941
2022-07-27,6호선,월드컵경기장,4360,4687,9047
2022-07-27,6호선,응암,17372,17162,34534
2022-07-27,6호선,이태원,10456,11388,21844
2022-07-27,6호선,증산,10065,9940,20005
2022-07-27,6호선,창신,3493,2803,6296
2022-07-27,6호선,청구,3747,3921,7668
2022-07-27,6호선,태릉입구,5600,6026,11626
2022-07-27,6호선,한강진,8821,9979,18800
2022-07-27,6호선,합정,13701,13369,27070
2022-07-27,6호선,화랑대,11391,8904,20295
2022-07-27,6호선,효창공원앞,7084,6300,13384
2022-07-27,7호선,가산디지털단지,46554,46601,93155
2022-07-27,7호선,강남구청,17126,19087,36213
2022-07-27,7호선,건대입구,12957,13219,26176
2022-07-27,7호선,고속터미널,16024,13645,29669
2022-07-27,7호선,공릉,11452,11339,22791
2022-07-27,7호선,광명사거리,21574,21526,43100
2022-07-27,7호선,군자,15317,12407,27724
2022-07-27,7호선,남구로,15854,16762,32616
2022-07-27,7호선,남성,11177,10399,21576
2022-07-27,7호선,내방,15059,15449,30508
2022-07-27,7호선,노원,20371,21743,42114
2022-07-27,7호선,논현,19544,20552,40096
2022-07-27,7호선,대림,7902,8281,16183
2022-07-27,7호선,도봉산,9187,10267,19454
2022-07-27,7호선,뚝섬유원지,9490,9026,18516
2022-07-27,7호선,마들,13217,12303,25520
2022-07-27,7호선,먹골,10079,10073,20152
2022-07-27,7호선,면목,15005,14504,29509
2022-07-27,7호선,반포,6009,5738,11747
2022-07-27,7호선,보라매,7769,7813,15582
2022-07-27,7호선,사가정,15803,15805,31608
2022-07-27,7호선,상도,11006,10497,21503
2022-07-27,7호선,상봉,16825,15835,32660
2022-07-27,7호선,수락산,13004,12677,25681
2022-07-27,7호선,숭실대입구,11942,12008,23950
2022-07-27,7호선,신대방삼거리,15348,14599,29947
2022-07-27,7호선,신풍,12020,11450,23470
2022-07-27,7호선,어린이대공원,12892,12798,25690
2022-07-27,7호선,온수,10067,9161,19228
2022-07-27,7호선,용마산,5965,5789,11754
2022-07-27,7호선,이수,16467,16174,32641
2022-07-27,7호선,장승배기,9475,9158,18633
2022-07-27,7호선,장암,2485,1085,3570
2022-07-27,7호선,중계,14120,12704,26824
2022-07-27,7호선,중곡,10835,10291,21126
2022-07-27,7호선,중화,10637,10483,21120
2022-07-27,7호선,천왕,11557,10871,22428
2022-07-27,7호선,철산,21444,21738,43182
2022-07-27,7호선,청담,20363,22596,42959
2022-07-27,7호선,태릉입구,8581,8079,16660
2022-07-27,7호선,하계,18061,17090,35151
2022-07-27,7호선,학동,25027,26368,51395
2022-07-27,8호선,가락시장,7680,8395,16075
2022-07-27,8호선,강동구청,10325,10790,21115
2022-07-27,8호선,남위례,5427,5635,11062
2022-07-27,8호선,남한산성입구,13227,11967,25194
2022-07-27,8호선,단대오거리,10601,10261,20862
2022-07-27,8호선,모란,4403,3333,7736
2022-07-27,8호선,몽촌토성,6156,6352,12508
2022-07-27,8호선,문정,22298,23499,45797
2022-07-27,8호선,복정,9212,7664,16876
2022-07-27,8호선,산성,5293,5269,10562
2022-07-27,8호선,석촌,7856,8868,16724
2022-07-27,8호선,송파,8488,8447,16935
2022-07-27,8호선,수진,5336,4787,10123
2022-07-27,8호선,신흥,4253,4780,9033
2022-07-27,8호선,암사,19149,16704,35853
2022-07-27,8호선,잠실,15423,18055,33478
2022-07-27,8호선,장지,17334,16612,33946
2022-07-27,8호선,천호,14880,16961,31841
2022-07-27,9호선,가양,21610,21082,42692
2022-07-27,9호선,개화,2731,1839,4570
2022-07-27,9호선,고속터미널,13075,17396,30471
2022-07-27,9호선,공항시장,3072,3323,6395
2022-07-27,9호선,구반포,1183,1244,2427
2022-07-27,9호선,국회의사당,17630,18396,36026
2022-07-27,9호선,김포공항,7483,10754,18237
2022-07-27,9호선,노들,4677,3917,8594
2022-07-27,9호선,노량진,26121,25505,51626
2022-07-27,9호선,당산,19315,19184,38499
2022-07-27,9호선,동작,2022,1628,3650
2022-07-27,9호선,등촌,11805,11358,23163
2022-07-27,9호선,마곡나루,12793,12842,25635
2022-07-27,9호선,사평,3783,3529,7312
2022-07-27,9호선,샛강,6601,6707,13308
2022-07-27,9호선,선유도,9143,8758,17901
2022-07-27,9호선,신논현,32329,32099,64428
2022-07-27,9호선,신목동,4472,3832,8304
2022-07-27,9호선,신반포,3596,3561,7157
2022-07-27,9호선,신방화,6857,6671,13528
2022-07-27,9호선,양천향교,9872,10110,19982
2022-07-27,9호선,여의도,30861,29536,60397
2022-07-27,9호선,염창,17992,17471,35463
2022-07-27,9호선,증미,7814,7712,15526
2022-07-27,9호선,흑석,8078,8435,16513
2022-07-27,9호선2~3단계,둔촌오륜,967,946,1913
2022-07-27,9호선2~3단계,봉은사,19248,19596,38844
2022-07-27,9호선2~3단계,삼성중앙,7627,8126,15753
2022-07-27,9호선2~3단계,삼전,7142,6809,13951
2022-07-27,9호선2~3단계,석촌,8968,7790,16758
2022-07-27,9호선2~3단계,석촌고분,6450,6349,12799
2022-07-27,9호선2~3단계,선정릉,10680,11550,22230
2022-07-27,9호선2~3단계,송파나루,5290,5766,11056
2022-07-27,9호선2~3단계,언주,11341,11690,23031
2022-07-27,9호선2~3단계,올림픽공원,6369,6264,12633
2022-07-27,9호선2~3단계,종합운동장,4482,4427,8909
2022-07-27,9호선2~3단계,중앙보훈병원,11455,10149,21604
2022-07-27,9호선2~3단계,한성백제,2764,2399,5163
2022-07-27,경강선,경기광주,8078,7382,15460
2022-07-27,경강선,곤지암,2143,2150,4293
2022-07-27,경강선,부발,2071,2090,4161
2022-07-27,경강선,삼동,2521,2338,4859
2022-07-27,경강선,세종대왕릉,352,344,696
2022-07-27,경강선,신둔도예촌,1536,1462,2998
2022-07-27,경강선,여주,2362,2383,4745
2022-07-27,경강선,이매,1046,955,2001
2022-07-27,경강선,이천,2817,2923,5740
2022-07-27,경강선,초월,3258,3028,6286
2022-07-27,경강선,판교,5511,5569,11080
2022-07-27,경부선,가산디지털단지,18580,21519,40099
2022-07-27,경부선,관악,7493,7117,14610
2022-07-27,경부선,광명,3598,3167,6765
2022-07-27,경부선,구로,18763,19132,37895
2022-07-27,경부선,군포,7678,7464,15142
2022-07-27,경부선,금정,27617,27972,55589
2022-07-27,경부선,금천구청,11539,11720,23259
2022-07-27,경부선,남영,9112,9715,18827
2022-07-27,경부선,노량진,7825,7520,15345
2022-07-27,경부선,당정,6295,5782,12077
2022-07-27,경부선,대방,11528,12430,23958
2022-07-27,경부선,독산,19116,19856,38972
2022-07-27,경부선,두정,5333,5470,10803
2022-07-27,경부선,명학,9114,9033,18147
2022-07-27,경부선,병점,13984,13799,27783
2022-07-27,경부선,서동탄,1547,1335,2882
2022-07-27,경부선,서울역,7956,2471,10427
2022-07-27,경부선,서정리,7131,6682,13813
2022-07-27,경부선,석수,9509,8390,17899
2022-07-27,경부선,성균관대,14197,13921,28118
2022-07-27,경부선,성환,3312,3349,6661
2022-07-27,경부선,세류,3114,2822,5936
2022-07-27,경부선,세마,2940,2689,5629
2022-07-27,경부선,송탄,4105,4043,8148
2022-07-27,경부선,수원,34041,36508,70549
2022-07-27,경부선,신길,8941,7570,16511
2022-07-27,경부선,신도림,4113,4121,8234
2022-07-27,경부선,안양,21602,21378,42980
2022-07-27,경부선,영등포,39556,41297,80853
2022-07-27,경부선,오산,9601,9430,19031
2022-07-27,경부선,오산대,3451,3159,6610
2022-07-27,경부선,용산,38888,40321,79209
2022-07-27,경부선,의왕,9150,9081,18231
2022-07-27,경부선,직산,921,835,1756
2022-07-27,경부선,진위,1861,1667,3528
2022-07-27,경부선,천안,5158,5413,10571
2022-07-27,경부선,평택,11262,11189,22451
2022-07-27,경부선,평택지제,3717,3690,7407
2022-07-27,경부선,화서,8331,7846,16177
2022-07-27,경원선,가능,6806,6454,13260
2022-07-27,경원선,광운대,7109,6872,13981
2022-07-27,경원선,녹양,4563,4303,8866
2022-07-27,경원선,녹천,4725,3999,8724
2022-07-27,경원선,덕계,3313,2890,6203
2022-07-27,경원선,덕정,5248,5093,10341
2022-07-27,경원선,도봉,5940,5789,11729
2022-07-27,경원선,도봉산,7547,4913,12460
2022-07-27,경원선,동두천,2122,2442,4564
2022-07-27,경원선,동두천중앙,3017,2903,5920
2022-07-27,경원선,망월사,7400,7662,15062
2022-07-27,경원선,방학,9692,9590,19282
2022-07-27,경원선,보산,1478,1386,2864
2022-07-27,경원선,서빙고,2003,1869,3872
2022-07-27,경원선,석계,8002,8905,16907
2022-07-27,경원선,소요산,3151,2714,5865
2022-07-27,경원선,신이문,8535,7770,16305
2022-07-27,경원선,양주,7455,7114,14569
2022-07-27,경원선,옥수,46,34,80
2022-07-27,경원선,왕십리,14878,16966,31844
2022-07-27,경원선,외대앞,7226,7239,14465
2022-07-27,경원선,월계,6338,5791,12129
2022-07-27,경원선,응봉,1887,1541,3428
2022-07-27,경원선,의정부,18729,19409,38138
2022-07-27,경원선,이촌,3895,2925,6820
2022-07-27,경원선,지행,6679,6578,13257
2022-07-27,경원선,청량리,15671,16787,32458
2022-07-27,경원선,한남,4160,3899,8059
2022-07-27,경원선,회룡,12744,12560,25304
2022-07-27,경의선,가좌,5701,5415,11116
2022-07-27,경의선,강매,3250,2752,6002
2022-07-27,경의선,곡산,616,663,1279
2022-07-27,경의선,공덕,3912,3488,7400
2022-07-27,경의선,금릉,5039,4750,9789
2022-07-27,경의선,금촌,6575,6510,13085
2022-07-27,경의선,능곡,3916,3601,7517
2022-07-27,경의선,디지털미디어시티,2729,2427,5156
2022-07-27,경의선,문산,5299,5106,10405
2022-07-27,경의선,백마,7187,6699,13886
2022-07-27,경의선,서강대,2183,2119,4302
2022-07-27,경의선,서울역,4580,6018,10598
2022-07-27,경의선,수색,2959,3130,6089
2022-07-27,경의선,신촌,868,1189,2057
2022-07-27,경의선,야당,7991,7764,15755
2022-07-27,경의선,운정,7006,6336,13342
2022-07-27,경의선,월롱,2861,2670,5531
2022-07-27,경의선,일산,9330,8938,18268
2022-07-27,경의선,임진강,22,13,35
2022-07-27,경의선,탄현,7965,7566,15531
2022-07-27,경의선,파주,1035,780,1815
2022-07-27,경의선,풍산,5526,5060,10586
2022-07-27,경의선,행신,8373,8354,16727
2022-07-27,경의선,홍대입구,1851,2243,4094
2022-07-27,경의선,화전,1699,1641,3340
2022-07-27,경의선,효창공원앞,3080,3437,6517
2022-07-27,경인선,간석,5901,5539,11440
2022-07-27,경인선,개봉,21520,21068,42588
2022-07-27,경인선,구일,6225,6130,12355
2022-07-27,경인선,도원,2906,2895,5801
2022-07-27,경인선,도화,4236,3962,8198
2022-07-27,경인선,동암,15718,15448,31166
2022-07-27,경인선,동인천,14445,13776,28221
2022-07-27,경인선,백운,7009,6751,13760
2022-07-27,경인선,부개,8902,8199,17101
2022-07-27,경인선,부천,32227,32337,64564
2022-07-27,경인선,부평,29543,31686,61229
2022-07-27,경인선,소사,8175,8095,16270
2022-07-27,경인선,송내,27438,27141,54579
2022-07-27,경인선,역곡,27146,26851,53997
2022-07-27,경인선,오류동,12065,11118,23183
2022-07-27,경인선,온수,6455,6037,12492
2022-07-27,경인선,인천,4092,3259,7351
2022-07-27,경인선,제물포,10257,9701,19958
2022-07-27,경인선,주안,18800,16981,35781
2022-07-27,경인선,중동,9493,8835,18328
2022-07-27,경춘선,가평,3012,2946,5958
2022-07-27,경춘선,갈매,3024,2589,5613
2022-07-27,경춘선,강촌,483,443,926
2022-07-27,경춘선,굴봉산,185,158,343
2022-07-27,경춘선,금곡,1514,1498,3012
2022-07-27,경춘선,김유정,329,352,681
2022-07-27,경춘선,남춘천,2991,3013,6004
2022-07-27,경춘선,대성리,918,936,1854
2022-07-27,경춘선,마석,3904,3915,7819
2022-07-27,경춘선,백양리,138,122,260
2022-07-27,경춘선,별내,3083,2930,6013
2022-07-27,경춘선,사릉,2443,2342,4785
2022-07-27,경춘선,상천,323,339,662
2022-07-27,경춘선,신내,2240,2105,4345
2022-07-27,경춘선,천마산,1653,1550,3203
2022-07-27,경춘선,청평,2176,1963,4139
2022-07-27,경춘선,춘천,1420,1333,2753
2022-07-27,경춘선,퇴계원,3608,3192,6800
2022-07-27,경춘선,평내호평,6482,6150,12632
2022-07-27,공항철도,검암,6932,6765,13697
2022-07-27,공항철도,계양,11587,10602,22189
2022-07-27,공항철도,공덕,2477,3271,5748
2022-07-27,공항철도,공항화물청사,2412,2614,5026
2022-07-27,공항철도,김포공항,10881,6242,17123
2022-07-27,공항철도,디지털미디어시티,15068,14006,29074
2022-07-27,공항철도,마곡나루,9700,9142,18842
2022-07-27,공항철도,서울역,9093,8447,17540
2022-07-27,공항철도,영종,3740,3736,7476
2022-07-27,공항철도,운서,7970,8028,15998
2022-07-27,공항철도,인천공항1터미널,8048,7771,15819
2022-07-27,공항철도,인천공항2터미널,3828,3533,7361
2022-07-27,공항철도,청라국제도시,7363,6854,14217
2022-07-27,공항철도,홍대입구,11037,11340,22377
2022-07-27,과천선,경마공원,1288,1392,2680
2022-07-27,과천선,과천,6579,6108,12687
2022-07-27,과천선,대공원,3267,3374,6641
2022-07-27,과천선,범계,26668,26461,53129
2022-07-27,과천선,선바위,7870,6897,14767
2022-07-27,과천선,인덕원,23970,25108,49078
2022-07-27,과천선,정부과천청사,11252,11191,22443
2022-07-27,과천선,평촌,17765,17559,35324
2022-07-27,분당선,가천대,6220,6925,13145
2022-07-27,분당선,강남구청,9898,11315,21213
2022-07-27,분당선,개포동,4027,4226,8253
2022-07-27,분당선,구룡,2157,2040,4197
2022-07-27,분당선,구성,5116,5388,10504
2022-07-27,분당선,기흥,10504,9985,20489
2022-07-27,분당선,대모산입구,4619,4215,8834
2022-07-27,분당선,도곡,7187,6997,14184
2022-07-27,분당선,망포,14892,14089,28981
2022-07-27,분당선,매교,2801,2864,5665
2022-07-27,분당선,매탄권선,5134,4868,10002
2022-07-27,분당선,모란,19339,19655,38994
2022-07-27,분당선,미금,15722,16652,32374
2022-07-27,분당선,보정,2559,2295,4854
2022-07-27,분당선,복정,1,0,1
2022-07-27,분당선,상갈,5495,5284,10779
2022-07-27,분당선,서울숲,11853,12057,23910
2022-07-27,분당선,서현,25047,25528,50575
2022-07-27,분당선,선릉,14512,21802,36314
2022-07-27,분당선,선정릉,8114,8766,16880
2022-07-27,분당선,수내,14266,14098,28364
2022-07-27,분당선,수서,13945,14299,28244
2022-07-27,분당선,수원,8125,6863,14988
2022-07-27,분당선,수원시청,12790,14019,26809
2022-07-27,분당선,신갈,4839,4762,9601
2022-07-27,분당선,압구정로데오,19421,21779,41200
2022-07-27,분당선,야탑,26558,27742,54300
2022-07-27,분당선,영통,8146,8239,16385
2022-07-27,분당선,오리,12033,9937,21970
2022-07-27,분당선,이매,5449,5215,10664
2022-07-27,분당선,정자,18923,19937,38860
2022-07-27,분당선,죽전,13026,14377,27403
2022-07-27,분당선,청명,4242,4045,8287
2022-07-27,분당선,태평,13621,13070,26691
2022-07-27,분당선,한티,15737,16694,32431
2022-07-27,수인선,고색,5067,4614,9681
2022-07-27,수인선,남동인더스파크,2356,2627,4983
2022-07-27,수인선,달월,115,74,189
2022-07-27,수인선,사리,4777,4087,8864
2022-07-27,수인선,소래포구,4959,4587,9546
2022-07-27,수인선,송도,2290,2142,4432
2022-07-27,수인선,숭의,3990,3705,7695
2022-07-27,수인선,신포,1812,1784,3596
2022-07-27,수인선,야목,437,340,777
2022-07-27,수인선,어천,802,781,1583
2022-07-27,수인선,연수,4510,4505,9015
2022-07-27,수인선,오목천,3000,2757,5757
2022-07-27,수인선,원인재,4290,4410,8700
2022-07-27,수인선,월곶,3003,2855,5858
2022-07-27,수인선,인천,1156,1849,3005
2022-07-27,수인선,인천논현,5653,5905,11558
2022-07-27,수인선,인하대,5720,5352,11072
2022-07-27,수인선,호구포,4231,4442,8673
2022-07-27,신림선,관악산,3175,3085,6260
2022-07-27,신림선,당곡,3794,3720,7514
2022-07-27,신림선,대방,1998,1583,3581
2022-07-27,신림선,보라매,2788,2542,5330
2022-07-27,신림선,보라매공원,1820,1898,3718
2022-07-27,신림선,보라매병원,6614,6874,13488
2022-07-27,신림선,샛강,2219,2637,4856
2022-07-27,신림선,서울대벤처타운,6281,6312,12593
2022-07-27,신림선,서울지방병무청,2119,2306,4425
2022-07-27,신림선,서원,2883,2542,5425
2022-07-27,신림선,신림,1627,2294,3921
2022-07-27,안산선,고잔,8743,8431,17174
2022-07-27,안산선,대야미,5006,4436,9442
2022-07-27,안산선,반월,4258,4158,8416
2022-07-27,안산선,산본,16280,17288,33568
2022-07-27,안산선,상록수,15274,15530,30804
2022-07-27,안산선,수리산,4092,3377,7469
2022-07-27,안산선,신길온천,1841,1712,3553
2022-07-27,안산선,안산,11735,10752,22487
2022-07-27,안산선,오이도,8792,8398,17190
2022-07-27,안산선,정왕,7787,8295,16082
2022-07-27,안산선,중앙,18165,18940,37105
2022-07-27,안산선,초지,4806,4837,9643
2022-07-27,안산선,한대앞,8828,8769,17597
2022-07-27,우이신설선,4.19민주묘지,2812,2644,5456
2022-07-27,우이신설선,가오리,4294,4226,8520
2022-07-27,우이신설선,보문,1377,1467,2844
2022-07-27,우이신설선,북한산보국문,5822,5544,11366
2022-07-27,우이신설선,북한산우이,2927,2625,5552
2022-07-27,우이신설선,삼양,2040,2177,4217
2022-07-27,우이신설선,삼양사거리,2504,2430,4934
2022-07-27,우이신설선,성신여대입구,3266,3706,6972
2022-07-27,우이신설선,솔밭공원,2544,2434,4978
2022-07-27,우이신설선,솔샘,5976,5491,11467
2022-07-27,우이신설선,신설동,2154,2098,4252
2022-07-27,우이신설선,정릉,4673,4139,8812
2022-07-27,우이신설선,화계,3435,3261,6696
2022-07-27,일산선,대곡,2191,1804,3995
2022-07-27,일산선,대화,13112,10258,23370
2022-07-27,일산선,마두,7960,8274,16234
2022-07-27,일산선,백석,9788,9713,19501
2022-07-27,일산선,삼송,19934,19204,39138
2022-07-27,일산선,원당,11220,10516,21736
2022-07-27,일산선,원흥,11337,10701,22038
2022-07-27,일산선,정발산,7333,7436,14769
2022-07-27,일산선,주엽,9835,9589,19424
2022-07-27,일산선,지축,1,0,1
2022-07-27,일산선,화정,16779,17100,33879
2022-07-27,장항선,배방,1052,1040,2092
2022-07-27,장항선,봉명,1335,1317,2652
2022-07-27,장항선,신창,1168,1122,2290
2022-07-27,장항선,쌍용,2114,1885,3999
2022-07-27,장항선,아산,3159,2813,5972
2022-07-27,장항선,온양온천,3533,3600,7133
2022-07-27,장항선,탕정,862,803,1665
2022-07-27,중앙선,구리,13532,13421,26953
2022-07-27,중앙선,국수,703,686,1389
2022-07-27,중앙선,덕소,5568,5445,11013
2022-07-27,중앙선,도농,11056,9900,20956
2022-07-27,중앙선,도심,2390,1887,4277
2022-07-27,중앙선,망우,7783,7762,15545
2022-07-27,중앙선,상봉,5786,5705,11491
2022-07-27,중앙선,신원,194,167,361
2022-07-27,중앙선,아신,582,536,1118
2022-07-27,중앙선,양수,2091,2101,4192
2022-07-27,중앙선,양원,3036,2850,5886
2022-07-27,중앙선,양정,734,632,1366
2022-07-27,중앙선,양평,2845,2857,5702
2022-07-27,중앙선,오빈,300,286,586
2022-07-27,중앙선,용문,2072,2092,4164
2022-07-27,중앙선,운길산,696,681,1377
2022-07-27,중앙선,원덕,377,353,730
2022-07-27,중앙선,중랑,5757,5427,11184
2022-07-27,중앙선,지평,82,76,158
2022-07-27,중앙선,팔당,876,940,1816
2022-07-27,중앙선,회기,23641,19970,43611
2022-07-28,1호선,동대문,11213,10590,21803
2022-07-28,1호선,동묘앞,7445,7766,15211
2022-07-28,1호선,서울역,48499,47581,96080
2022-07-28,1호선,시청,24179,24670,48849
2022-07-28,1호선,신설동,13604,13216,26820
2022-07-28,1호선,제기동,16520,16544,33064
2022-07-28,1호선,종각,38689,38118,76807
2022-07-28,1호선,종로3가,25805,23701,49506
2022-07-28,1호선,종로5가,23456,23356,46812
2022-07-28,1호선,청량리,19164,19377,38541
2022-07-28,2호선,강남,88439,85405,173844
2022-07-28,2호선,강변,32874,31973,64847
2022-07-28,2호선,건대입구,35159,37886,73045
2022-07-28,2호선,교대,33314,37663,70977
2022-07-28,2호선,구로디지털단지,60612,60681,121293
2022-07-28,2호선,구의,23971,23219,47190
2022-07-28,2호선,낙성대,28013,26657,54670
2022-07-28,2호선,당산,18166,21275,39441
2022-07-28,2호선,대림,23651,24187,47838
2022-07-28,2호선,도림천,1345,1346,2691
2022-07-28,2호선,동대문역사문화공원,13410,15104,28514
2022-07-28,2호선,뚝섬,23253,25439,48692
2022-07-28,2호선,문래,22739,23183,45922
2022-07-28,2호선,방배,16024,16615,32639
2022-07-28,2호선,봉천,24463,22542,47005
2022-07-28,2호선,사당,39458,43478,82936
2022-07-28,2호선,삼성,62186,62373,124559
2022-07-28,2호선,상왕십리,14234,13783,28017
2022-07-28,2호선,서울대입구,46897,46032,92929
2022-07-28,2호선,서초,22841,22094,44935
2022-07-28,2호선,선릉,61278,54336,115614
2022-07-28,2호선,성수,39065,43273,82338
2022-07-28,2호선,시청,25323,24864,50187
2022-07-28,2호선,신답,1786,1987,3773
2022-07-28,2호선,신당,14011,14380,28391
2022-07-28,2호선,신대방,25697,25063,50760
2022-07-28,2호선,신도림,48882,48179,97061
2022-07-28,2호선,신림,59423,56519,115942
2022-07-28,2호선,신설동,3336,3332,6668
2022-07-28,2호선,신정네거리,10285,10514,20799
2022-07-28,2호선,신촌,35064,35652,70716
2022-07-28,2호선,아현,10321,9622,19943
2022-07-28,2호선,양천구청,6680,6901,13581
2022-07-28,2호선,역삼,55556,63154,118710
2022-07-28,2호선,영등포구청,22100,22725,44825
2022-07-28,2호선,왕십리,15988,13599,29587
2022-07-28,2호선,용답,2686,2624,5310
2022-07-28,2호선,용두,2380,2433,4813
2022-07-28,2호선,을지로3가,24465,25036,49501
2022-07-28,2호선,을지로4가,14057,14052,28109
2022-07-28,2호선,을지로입구,43572,45118,88690
2022-07-28,2호선,이대,13915,14702,28617
2022-07-28,2호선,잠실,81144,81269,162413
2022-07-28,2호선,잠실나루,14593,14328,28921
2022-07-28,2호선,잠실새내,22170,22247,44417
2022-07-28,2호선,종합운동장,14647,15596,30243
2022-07-28,2호선,충정로,10104,11045,21149
2022-07-28,2호선,한양대,6715,7149,13864
2022-07-28,2호선,합정,32447,35258,67705
2022-07-28,2호선,홍대입구,61630,65731,127361
2022-07-28,3호선,가락시장,8979,8533,17512
2022-07-28,3호선,경복궁,20660,21306,41966
2022-07-28,3호선,경찰병원,7433,7362,14795
2022-07-28,3호선,고속터미널,43552,42517,86069
2022-07-28,3호선,교대,14318,9437,23755
2022-07-28,3호선,구파발,21683,20911,42594
2022-07-28,3호선,금호,7685,6946,14631
2022-07-28,3호선,남부터미널,29595,30319,59914
2022-07-28,3호선,녹번,15555,13722,29277
2022-07-28,3호선,대청,9796,9092,18888
2022-07-28,3호선,대치,11803,11510,23313
2022-07-28,3호선,도곡,5095,5081,10176
2022-07-28,3호선,독립문,7040,7200,14240
2022-07-28,3호선,동대입구,11404,12023,23427
2022-07-28,3호선,매봉,12555,12094,24649
2022-07-28,3호선,무악재,4057,3844,7901
2022-07-28,3호선,불광,16051,17141,33192
2022-07-28,3호선,수서,17096,17140,34236
2022-07-28,3호선,신사,29366,31402,60768
2022-07-28,3호선,안국,23240,23776,47016
2022-07-28,3호선,압구정,32124,34874,66998
2022-07-28,3호선,약수,12870,12274,25144
2022-07-28,3호선,양재,37036,41021,78057
2022-07-28,3호선,연신내,35536,33790,69326
2022-07-28,3호선,오금,6266,5655,11921
2022-07-28,3호선,옥수,8760,8985,17745
2022-07-28,3호선,을지로3가,10989,11128,22117
2022-07-28,3호선,일원,10456,10111,20567
2022-07-28,3호선,잠원,4626,4444,9070
2022-07-28,3호선,종로3가,10644,12545,23189
2022-07-28,3호선,지축,5145,4843,9988
2022-07-28,3호선,학여울,1652,1645,3297
2022-07-28,3호선,홍제,17330,16123,33453
2022-07-28,4호선,길음,20665,19842,40507
2022-07-28,4호선,남태령,1220,1051,2271
2022-07-28,4호선,노원,18292,20688,38980
2022-07-28,4호선,당고개,9047,8190,17237
2022-07-28,4호선,동대문,21355,22010,43365
2022-07-28,4호선,동대문역사문화공원,16639,14829,31468
2022-07-28,4호선,동작,1395,1559,2954
2022-07-28,4호선,명동,20673,21544,42217
2022-07-28,4호선,미아,14622,13985,28607
2022-07-28,4호선,미아사거리,26617,25834,52451
2022-07-28,4호선,사당,26148,21687,47835
2022-07-28,4호선,삼각지,5358,6138,11496
2022-07-28,4호선,상계,18676,17296,35972
2022-07-28,4호선,서울역,12162,19896,32058
2022-07-28,4호선,성신여대입구,19390,18585,37975
2022-07-28,4호선,수유,33159,33022,66181
2022-07-28,4호선,숙대입구,12923,12562,25485
2022-07-28,4호선,신용산,18379,19474,37853
2022-07-28,4호선,쌍문,28609,26367,54976
2022-07-28,4호선,이촌,9820,10628,20448
2022-07-28,4호선,창동,25080,26752,51832
2022-07-28,4호선,총신대입구,18622,20193,38815
2022-07-28,4호선,충무로,26375,28092,54467
2022-07-28,4호선,한성대입구,12931,12652,25583
2022-07-28,4호선,혜화,35366,35393,70759
2022-07-28,4호선,회현,25221,26529,51750
2022-07-28,5호선,강동,18766,17900,36666
2022-07-28,5호선,강일,4444,4262,8706
2022-07-28,5호선,개롱,6317,6554,12871
2022-07-28,5호선,개화산,5739,5366,11105
2022-07-28,5호선,거여,10090,9458,19548
2022-07-28,5호선,고덕,9263,9332,18595
2022-07-28,5호선,공덕,14888,15672,30560
2022-07-28,5호선,광나루,12947,11614,24561
2022-07-28,5호선,광화문,31618,33553,65171
2022-07-28,5호선,군자,11271,12333,23604
2022-07-28,5호선,굽은다리,9838,9305,19143
2022-07-28,5호선,길동,8168,8295,16463
2022-07-28,5호선,김포공항,7937,7800,15737
2022-07-28,5호선,까치산,28857,27260,56117
2022-07-28,5호선,답십리,15967,14490,30457
2022-07-28,5호선,동대문역사문화공원,3344,3852,7196
2022-07-28,5호선,둔촌동,8101,8118,16219
2022-07-28,5호선,마곡,10923,10996,21919
2022-07-28,5호선,마장,5562,5101,10663
2022-07-28,5호선,마천,7107,6755,13862
2022-07-28,5호선,마포,14523,14932,29455
2022-07-28,5호선,명일,8277,8477,16754
2022-07-28,5호선,목동,16659,17412,34071
2022-07-28,5호선,미사,16683,16613,33296
2022-07-28,5호선,발산,20733,21664,42397
2022-07-28,5호선,방이,7190,7442,14632
2022-07-28,5호선,방화,6861,6583,13444
2022-07-28,5호선,상일동,15063,13731,28794
2022-07-28,5호선,서대문,19696,20279,39975
2022-07-28,5호선,송정,6409,5782,12191
2022-07-28,5호선,신금호,6055,6328,12383
2022-07-28,5호선,신길,4437,4576,9013
2022-07-28,5호선,신정,14032,11325,25357
2022-07-28,5호선,아차산,14258,13911,28169
2022-07-28,5호선,애오개,6844,6874,13718
2022-07-28,5호선,양평,7535,7351,14886
2022-07-28,5호선,여의나루,12759,13971,26730
2022-07-28,5호선,여의도,29984,32223,62207
2022-07-28,5호선,영등포구청,4099,4128,8227
2022-07-28,5호선,영등포시장,10323,10506,20829
2022-07-28,5호선,오금,3563,3554,7117
2022-07-28,5호선,오목교,21975,23246,45221
2022-07-28,5호선,올림픽공원,4139,3495,7634
2022-07-28,5호선,왕십리,4628,5279,9907
2022-07-28,5호선,우장산,14090,13803,27893
2022-07-28,5호선,을지로4가,6376,6578,12954
2022-07-28,5호선,장한평,19081,18970,38051
2022-07-28,5호선,종로3가,13529,13154,26683
2022-07-28,5호선,천호,18587,18563,37150
2022-07-28,5호선,청구,3895,3637,7532
2022-07-28,5호선,충정로,4643,4756,9399
2022-07-28,5호선,하남검단산,5914,5712,11626
2022-07-28,5호선,하남시청,6901,6619,13520
2022-07-28,5호선,하남풍산,4253,4247,8500
2022-07-28,5호선,행당,7981,6962,14943
2022-07-28,5호선,화곡,28616,26587,55203
2022-07-28,6호선,고려대,7910,7647,15557
2022-07-28,6호선,공덕,18738,18157,36895
2022-07-28,6호선,광흥창,9375,8961,18336
2022-07-28,6호선,구산,7736,5917,13653
2022-07-28,6호선,녹사평,5019,5105,10124
2022-07-28,6호선,대흥,8269,8579,16848
2022-07-28,6호선,독바위,2749,2874,5623
2022-07-28,6호선,돌곶이,9419,8621,18040
2022-07-28,6호선,동묘앞,7697,7997,15694
2022-07-28,6호선,디지털미디어시티,14507,16109,30616
2022-07-28,6호선,마포구청,14597,12988,27585
2022-07-28,6호선,망원,14512,15475,29987
2022-07-28,6호선,버티고개,2091,2110,4201
2022-07-28,6호선,보문,7549,6830,14379
2022-07-28,6호선,봉화산,8983,8535,17518
2022-07-28,6호선,불광,4416,4269,8685
2022-07-28,6호선,삼각지,7636,6599,14235
2022-07-28,6호선,상수,8978,10432,19410
2022-07-28,6호선,상월곡,6899,6294,13193
2022-07-28,6호선,새절,12328,11329,23657
2022-07-28,6호선,석계,12030,12430,24460
2022-07-28,6호선,신당,8517,8937,17454
2022-07-28,6호선,안암,10612,10382,20994
2022-07-28,6호선,약수,3697,3799,7496
2022-07-28,6호선,역촌,3826,4266,8092
2022-07-28,6호선,연신내,1,0,1
2022-07-28,6호선,월곡,11454,11242,22696
2022-07-28,6호선,월드컵경기장,4362,4539,8901
2022-07-28,6호선,응암,17365,17014,34379
2022-07-28,6호선,이태원,10932,11969,22901
2022-07-28,6호선,증산,9780,9609,19389
2022-07-28,6호선,창신,3348,2700,6048
2022-07-28,6호선,청구,3724,3803,7527
2022-07-28,6호선,태릉입구,5665,6005,11670
2022-07-28,6호선,한강진,8400,9612,18012
2022-07-28,6호선,합정,13633,13422,27055
2022-07-28,6호선,화랑대,11753,9047,20800
2022-07-28,6호선,효창공원앞,7043,6173,13216
2022-07-28,7호선,가산디지털단지,45822,46035,91857
2022-07-28,7호선,강남구청,16986,19104,36090
2022-07-28,7호선,건대입구,12889,13281,26170
2022-07-28,7호선,고속터미널,16818,13888,30706
2022-07-28,7호선,공릉,11556,11397,22953
2022-07-28,7호선,광명사거리,21388,21154,42542
2022-07-28,7호선,군자,15223,12152,27375
2022-07-28,7호선,남구로,15607,16649,32256
2022-07-28,7호선,남성,11190,10325,21515
2022-07-28,7호선,내방,14614,14942,29556
2022-07-28,7호선,노원,19961,20963,40924
2022-07-28,7호선,논현,19304,20632,39936
2022-07-28,7호선,대림,7850,7860,15710
2022-07-28,7호선,도봉산,9171,10294,19465
2022-07-28,7호선,뚝섬유원지,9723,9063,18786
2022-07-28,7호선,마들,13149,12271,25420
2022-07-28,7호선,먹골,10211,9865,20076
2022-07-28,7호선,면목,14878,14404,29282
2022-07-28,7호선,반포,5910,5757,11667
2022-07-28,7호선,보라매,7346,7460,14806
2022-07-28,7호선,사가정,15862,15698,31560
2022-07-28,7호선,상도,11038,10488,21526
2022-07-28,7호선,상봉,16827,16038,32865
2022-07-28,7호선,수락산,12737,12548,25285
2022-07-28,7호선,숭실대입구,11677,11637,23314
2022-07-28,7호선,신대방삼거리,15121,14330,29451
2022-07-28,7호선,신풍,11709,10963,22672
2022-07-28,7호선,어린이대공원,13447,13352,26799
2022-07-28,7호선,온수,9770,8858,18628
2022-07-28,7호선,용마산,6011,5762,11773
2022-07-28,7호선,이수,16200,15689,31889
2022-07-28,7호선,장승배기,9169,8992,18161
2022-07-28,7호선,장암,2424,1012,3436
2022-07-28,7호선,중계,14059,12652,26711
2022-07-28,7호선,중곡,10807,10316,21123
2022-07-28,7호선,중화,10535,10315,20850
2022-07-28,7호선,천왕,11427,10996,22423
2022-07-28,7호선,철산,21073,21361,42434
2022-07-28,7호선,청담,20372,22740,43112
2022-07-28,7호선,태릉입구,8655,8029,16684
2022-07-28,7호선,하계,17559,16371,33930
2022-07-28,7호선,학동,24731,26171,50902
2022-07-28,8호선,가락시장,7418,8294,15712
2022-07-28,8호선,강동구청,10383,10811,21194
2022-07-28,8호선,남위례,5472,5613,11085
2022-07-28,8호선,남한산성입구,13173,11787,24960
2022-07-28,8호선,단대오거리,10430,10281,20711
2022-07-28,8호선,모란,4310,3273,7583
2022-07-28,8호선,몽촌토성,6072,6147,12219
2022-07-28,8호선,문정,21951,23205,45156
2022-07-28,8호선,복정,8888,7461,16349
2022-07-28,8호선,산성,5168,5271,10439
2022-07-28,8호선,석촌,7685,8819,16504
2022-07-28,8호선,송파,8555,8305,16860
2022-07-28,8호선,수진,5265,4773,10038
2022-07-28,8호선,신흥,4291,4703,8994
2022-07-28,8호선,암사,19075,16680,35755
2022-07-28,8호선,잠실,15649,18301,33950
2022-07-28,8호선,장지,17000,16397,33397
2022-07-28,8호선,천호,14774,17082,31856
2022-07-28,9호선,가양,21365,20724,42089
2022-07-28,9호선,개화,2764,1851,4615
2022-07-28,9호선,고속터미널,13873,18310,32183
2022-07-28,9호선,공항시장,3107,3302,6409
2022-07-28,9호선,구반포,1207,1196,2403
2022-07-28,9호선,국회의사당,17613,18359,35972
2022-07-28,9호선,김포공항,7732,11467,19199
2022-07-28,9호선,노들,4769,3917,8686
2022-07-28,9호선,노량진,25999,25335,51334
2022-07-28,9호선,당산,19294,19474,38768
2022-07-28,9호선,동작,2070,1559,3629
2022-07-28,9호선,등촌,11815,11316,23131
2022-07-28,9호선,마곡나루,12848,12837,25685
2022-07-28,9호선,사평,3662,3593,7255
2022-07-28,9호선,샛강,6463,6589,13052
2022-07-28,9호선,선유도,9090,8704,17794
2022-07-28,9호선,신논현,32792,32109,64901
2022-07-28,9호선,신목동,4359,3660,8019
2022-07-28,9호선,신반포,3577,3577,7154
2022-07-28,9호선,신방화,6794,6529,13323
2022-07-28,9호선,양천향교,9796,9943,19739
2022-07-28,9호선,여의도,30361,29304,59665
2022-07-28,9호선,염창,17839,17009,34848
2022-07-28,9호선,증미,7727,7662,15389
2022-07-28,9호선,흑석,7996,8381,16377
2022-07-28,9호선2~3단계,둔촌오륜,908,895,1803
2022-07-28,9호선2~3단계,봉은사,21894,22325,44219
2022-07-28,9호선2~3단계,삼성중앙,7681,8310,15991
2022-07-28,9호선2~3단계,삼전,7196,6892,14088
2022-07-28,9호선2~3단계,석촌,8982,7900,16882
2022-07-28,9호선2~3단계,석촌고분,6561,6360,12921
2022-07-28,9호선2~3단계,선정릉,10679,11898,22577
2022-07-28,9호선2~3단계,송파나루,5307,5869,11176
2022-07-28,9호선2~3단계,언주,11421,11696,23117
2022-07-28,9호선2~3단계,올림픽공원,6393,6370,12763
2022-07-28,9호선2~3단계,종합운동장,4771,4822,9593
2022-07-28,9호선2~3단계,중앙보훈병원,11281,9816,21097
2022-07-28,9호선2~3단계,한성백제,2760,2477,5237
2022-07-28,경강선,경기광주,8003,7299,15302
2022-07-28,경강선,곤지암,2222,2189,4411
2022-07-28,경강선,부발,2246,2206,4452
2022-07-28,경강선,삼동,2560,2245,4805
2022-07-28,경강선,세종대왕릉,359,364,723
2022-07-28,경강선,신둔도예촌,1521,1448,2969
2022-07-28,경강선,여주,2444,2428,4872
2022-07-28,경강선,이매,1077,965,2042
2022-07-28,경강선,이천,2851,2979,5830
2022-07-28,경강선,초월,3205,3026,6231
2022-07-28,경강선,판교,5417,5371,10788
2022-07-28,경부선,가산디지털단지,18297,21260,39557
2022-07-28,경부선,관악,7267,6943,14210
2022-07-28,경부선,광명,3569,3225,6794
2022-07-28,경부선,구로,18353,18568,36921
2022-07-28,경부선,군포,7613,7360,14973
2022-07-28,경부선,금정,27181,27400,54581
2022-07-28,경부선,금천구청,11296,11256,22552
2022-07-28,경부선,남영,9232,9609,18841
2022-07-28,경부선,노량진,7786,7638,15424
2022-07-28,경부선,당정,6014,5741,11755
2022-07-28,경부선,대방,11184,12149,23333
2022-07-28,경부선,독산,18679,19328,38007
2022-07-28,경부선,두정,5351,5470,10821
2022-07-28,경부선,명학,9041,8870,17911
2022-07-28,경부선,병점,14131,13909,28040
2022-07-28,경부선,서동탄,1497,1283,2780
2022-07-28,경부선,서울역,8145,2561,10706
2022-07-28,경부선,서정리,6808,6249,13057
2022-07-28,경부선,석수,9304,8416,17720
2022-07-28,경부선,성균관대,14041,13798,27839
2022-07-28,경부선,성환,3177,3103,6280
2022-07-28,경부선,세류,3034,2696,5730
2022-07-28,경부선,세마,2895,2668,5563
2022-07-28,경부선,송탄,4084,3927,8011
2022-07-28,경부선,수원,33692,36521,70213
2022-07-28,경부선,신길,8892,7591,16483
2022-07-28,경부선,신도림,3984,4193,8177
2022-07-28,경부선,안양,21404,20869,42273
2022-07-28,경부선,영등포,39460,40717,80177
2022-07-28,경부선,오산,9717,9689,19406
2022-07-28,경부선,오산대,3491,3200,6691
2022-07-28,경부선,용산,39318,40752,80070
2022-07-28,경부선,의왕,8916,8886,17802
2022-07-28,경부선,직산,814,813,1627
2022-07-28,경부선,진위,1736,1503,3239
2022-07-28,경부선,천안,5110,5316,10426
2022-07-28,경부선,평택,11164,11095,22259
2022-07-28,경부선,평택지제,3733,3696,7429
2022-07-28,경부선,화서,8212,7856,16068
2022-07-28,경원선,가능,6620,6315,12935
2022-07-28,경원선,광운대,7148,6727,13875
2022-07-28,경원선,녹양,4476,4239,8715
2022-07-28,경원선,녹천,4678,3838,8516
2022-07-28,경원선,덕계,3289,2927,6216
2022-07-28,경원선,덕정,5318,5120,10438
2022-07-28,경원선,도봉,5805,5539,11344
2022-07-28,경원선,도봉산,7437,4865,12302
2022-07-28,경원선,동두천,2106,2456,4562
2022-07-28,경원선,동두천중앙,3025,2899,5924
2022-07-28,경원선,망월사,7308,7446,14754
2022-07-28,경원선,방학,9645,9442,19087
2022-07-28,경원선,보산,1536,1420,2956
2022-07-28,경원선,서빙고,2137,1985,4122
2022-07-28,경원선,석계,8023,9030,17053
2022-07-28,경원선,소요산,3253,2899,6152
2022-07-28,경원선,신이문,8466,7630,16096
2022-07-28,경원선,양주,7663,7163,14826
2022-07-28,경원선,옥수,47,36,83
2022-07-28,경원선,왕십리,14746,16494,31240
2022-07-28,경원선,외대앞,7217,7195,14412
2022-07-28,경원선,월계,6143,5720,11863
2022-07-28,경원선,응봉,1845,1538,3383
2022-07-28,경원선,의정부,18532,19112,37644
2022-07-28,경원선,이촌,3777,2906,6683
2022-07-28,경원선,지행,6525,6509,13034
2022-07-28,경원선,청량리,15953,16657,32610
2022-07-28,경원선,한남,4096,3903,7999
2022-07-28,경원선,회룡,12602,12268,24870
2022-07-28,경의선,가좌,5654,5287,10941
2022-07-28,경의선,강매,3244,2765,6009
2022-07-28,경의선,계양,3,0,3
2022-07-28,경의선,곡산,594,638,1232
2022-07-28,경의선,공덕,3887,3443,7330
2022-07-28,경의선,금릉,4855,4707,9562
2022-07-28,경의선,금촌,6459,6267,12726
2022-07-28,경의선,능곡,3825,3527,7352
2022-07-28,경의선,디지털미디어시티,2705,2329,5034
2022-07-28,경의선,문산,5387,5453,10840
2022-07-28,경의선,백마,7230,6761,13991
2022-07-28,경의선,서강대,2164,2025,4189
2022-07-28,경의선,서울역,4790,6124,10914
2022-07-28,경의선,수색,2906,3098,6004
2022-07-28,경의선,신촌,941,1227,2168
2022-07-28,경의선,야당,7986,7810,15796
2022-07-28,경의선,운정,7100,6358,13458
2022-07-28,경의선,월롱,2677,2444,5121
2022-07-28,경의선,일산,9930,9713,19643
2022-07-28,경의선,임진강,18,10,28
2022-07-28,경의선,탄현,8099,7567,15666
2022-07-28,경의선,파주,1012,775,1787
2022-07-28,경의선,풍산,5789,5456,11245
2022-07-28,경의선,행신,8374,8368,16742
2022-07-28,경의선,홍대입구,1824,2259,4083
2022-07-28,경의선,화전,1700,1592,3292
2022-07-28,경의선,효창공원앞,2971,3355,6326
2022-07-28,경인선,간석,5943,5598,11541
2022-07-28,경인선,개봉,21419,20890,42309
2022-07-28,경인선,구일,6421,6325,12746
2022-07-28,경인선,도원,2753,2697,5450
2022-07-28,경인선,도화,4118,3851,7969
2022-07-28,경인선,동암,15652,15571,31223
2022-07-28,경인선,동인천,14077,13457,27534
2022-07-28,경인선,백운,6869,6737,13606
2022-07-28,경인선,부개,8825,8177,17002
2022-07-28,경인선,부천,32073,31759,63832
2022-07-28,경인선,부평,29749,31422,61171
2022-07-28,경인선,소사,8264,8155,16419
2022-07-28,경인선,송내,27495,27264,54759
2022-07-28,경인선,역곡,26733,26325,53058
2022-07-28,경인선,오류동,12012,11050,23062
2022-07-28,경인선,온수,6424,5985,12409
2022-07-28,경인선,인천,4285,3369,7654
2022-07-28,경인선,제물포,9955,9410,19365
2022-07-28,경인선,주안,18561,16607,35168
2022-07-28,경인선,중동,9386,8770,18156
2022-07-28,경춘선,가평,2874,3149,6023
2022-07-28,경춘선,갈매,2975,2490,5465
2022-07-28,경춘선,강촌,554,561,1115
2022-07-28,경춘선,굴봉산,153,136,289
2022-07-28,경춘선,금곡,1544,1510,3054
2022-07-28,경춘선,김유정,364,320,684
2022-07-28,경춘선,남춘천,2603,2718,5321
2022-07-28,경춘선,대성리,992,1006,1998
2022-07-28,경춘선,마석,4223,4099,8322
2022-07-28,경춘선,백양리,134,124,258
2022-07-28,경춘선,별내,3303,3049,6352
2022-07-28,경춘선,사릉,2325,2265,4590
2022-07-28,경춘선,상천,332,299,631
2022-07-28,경춘선,신내,2216,2091,4307
2022-07-28,경춘선,천마산,1662,1550,3212
2022-07-28,경춘선,청평,2011,2158,4169
2022-07-28,경춘선,춘천,1588,1485,3073
2022-07-28,경춘선,퇴계원,3506,3190,6696
2022-07-28,경춘선,평내호평,6407,6167,12574
2022-07-28,공항철도,검암,7042,6814,13856
2022-07-28,공항철도,계양,11572,10596,22168
2022-07-28,공항철도,공덕,2540,3324,5864
2022-07-28,공항철도,공항화물청사,2378,2645,5023
2022-07-28,공항철도,김포공항,11409,6516,17925
2022-07-28,공항철도,디지털미디어시티,15307,14129,29436
2022-07-28,공항철도,마곡나루,9456,9098,18554
2022-07-28,공항철도,서울역,9461,9081,18542
2022-07-28,공항철도,영종,3729,3722,7451
2022-07-28,공항철도,운서,8004,8134,16138
2022-07-28,공항철도,인천공항1터미널,8679,7665,16344
2022-07-28,공항철도,인천공항2터미널,4197,3639,7836
2022-07-28,공항철도,청라국제도시,7269,6816,14085
2022-07-28,공항철도,홍대입구,11426,11952,23378
2022-07-28,과천선,경마공원,1262,1277,2539
2022-07-28,과천선,과천,6470,6042,12512
2022-07-28,과천선,대공원,3528,3615,7143
2022-07-28,과천선,범계,26227,26012,52239
2022-07-28,과천선,선바위,7986,7028,15014
2022-07-28,과천선,인덕원,24102,24883,48985
2022-07-28,과천선,정부과천청사,11272,11227,22499
2022-07-28,과천선,평촌,17767,17603,35370
2022-07-28,분당선,가천대,6079,6733,12812
2022-07-28,분당선,강남구청,9812,11286,21098
2022-07-28,분당선,개포동,3924,4058,7982
2022-07-28,분당선,구룡,2138,2058,4196
2022-07-28,분당선,구성,5079,5314,10393
2022-07-28,분당선,기흥,10452,9645,20097
2022-07-28,분당선,대모산입구,4556,4102,8658
2022-07-28,분당선,도곡,7114,6955,14069
2022-07-28,분당선,망포,14864,14019,28883
2022-07-28,분당선,매교,2801,2874,5675
2022-07-28,분당선,매탄권선,5022,4862,9884
2022-07-28,분당선,모란,19279,19407,38686
2022-07-28,분당선,미금,15329,16294,31623
2022-07-28,분당선,보정,2547,2257,4804
2022-07-28,분당선,상갈,5411,5167,10578
2022-07-28,분당선,서울숲,11886,12204,24090
2022-07-28,분당선,서현,25103,25397,50500
2022-07-28,분당선,선릉,14302,21879,36181
2022-07-28,분당선,선정릉,8290,8819,17109
2022-07-28,분당선,수내,14116,13976,28092
2022-07-28,분당선,수서,13978,14526,28504
2022-07-28,분당선,수원,8100,6864,14964
2022-07-28,분당선,수원시청,12719,13772,26491
2022-07-28,분당선,신갈,4708,4655,9363
2022-07-28,분당선,압구정로데오,20031,22947,42978
2022-07-28,분당선,야탑,26131,27336,53467
2022-07-28,분당선,영통,8041,8180,16221
2022-07-28,분당선,오리,11756,9604,21360
2022-07-28,분당선,이매,5418,5133,10551
2022-07-28,분당선,정자,18845,19822,38667
2022-07-28,분당선,죽전,12876,14292,27168
2022-07-28,분당선,청명,4245,3956,8201
2022-07-28,분당선,태평,13465,12632,26097
2022-07-28,분당선,한티,15809,16592,32401
2022-07-28,수인선,고색,4888,4508,9396
2022-07-28,수인선,남동인더스파크,2319,2566,4885
2022-07-28,수인선,달월,108,77,185
2022-07-28,수인선,사리,4784,4034,8818
2022-07-28,수인선,소래포구,4905,4633,9538
2022-07-28,수인선,송도,2284,2150,4434
2022-07-28,수인선,숭의,3903,3681,7584
2022-07-28,수인선,신포,1751,1726,3477
2022-07-28,수인선,야목,414,293,707
2022-07-28,수인선,어천,766,821,1587
2022-07-28,수인선,연수,4353,4326,8679
2022-07-28,수인선,오목천,2958,2648,5606
2022-07-28,수인선,원인재,4221,4369,8590
2022-07-28,수인선,월곶,2843,2628,5471
2022-07-28,수인선,인천,1169,1916,3085
2022-07-28,수인선,인천논현,5399,5617,11016
2022-07-28,수인선,인하대,5689,5361,11050
2022-07-28,수인선,호구포,4082,4238,8320
2022-07-28,신림선,관악산,3159,3114,6273
2022-07-28,신림선,당곡,3688,3580,7268
2022-07-28,신림선,대방,2010,1601,3611
2022-07-28,신림선,보라매,2722,2481,5203
2022-07-28,신림선,보라매공원,1864,1939,3803
2022-07-28,신림선,보라매병원,6791,7086,13877
2022-07-28,신림선,샛강,2225,2715,4940
2022-07-28,신림선,서울대벤처타운,6268,6364,12632
2022-07-28,신림선,서울지방병무청,1974,2216,4190
2022-07-28,신림선,서원,2810,2484,5294
2022-07-28,신림선,신림,1611,2249,3860
2022-07-28,안산선,고잔,8994,8442,17436
2022-07-28,안산선,대야미,4970,4294,9264
2022-07-28,안산선,반월,4198,4069,8267
2022-07-28,안산선,산본,15861,17005,32866
2022-07-28,안산선,상록수,15138,15138,30276
2022-07-28,안산선,수리산,4036,3336,7372
2022-07-28,안산선,신길온천,1800,1611,3411
2022-07-28,안산선,안산,11538,10404,21942
2022-07-28,안산선,오이도,8810,8583,17393
2022-07-28,안산선,정왕,7534,8025,15559
2022-07-28,안산선,중앙,18014,18706,36720
2022-07-28,안산선,초지,4714,4836,9550
2022-07-28,안산선,한대앞,8822,8797,17619
2022-07-28,우이신설선,4.19민주묘지,2891,2689,5580
2022-07-28,우이신설선,가오리,4261,4246,8507
2022-07-28,우이신설선,보문,1437,1477,2914
2022-07-28,우이신설선,북한산보국문,5853,5492,11345
2022-07-28,우이신설선,북한산우이,2915,2688,5603
2022-07-28,우이신설선,삼양,2050,2097,4147
2022-07-28,우이신설선,삼양사거리,2493,2406,4899
2022-07-28,우이신설선,성신여대입구,3105,3492,6597
2022-07-28,우이신설선,솔밭공원,2564,2469,5033
2022-07-28,우이신설선,솔샘,5754,5321,11075
2022-07-28,우이신설선,신설동,2079,1996,4075
2022-07-28,우이신설선,정릉,4548,4171,8719
2022-07-28,우이신설선,화계,3443,3220,6663
2022-07-28,일산선,대곡,2187,1801,3988
2022-07-28,일산선,대화,13081,10306,23387
2022-07-28,일산선,마두,7678,7811,15489
2022-07-28,일산선,백석,9976,9877,19853
2022-07-28,일산선,삼송,19646,18865,38511
2022-07-28,일산선,원당,11020,10050,21070
2022-07-28,일산선,원흥,11226,10500,21726
2022-07-28,일산선,정발산,7187,7282,14469
2022-07-28,일산선,주엽,9453,9464,18917
2022-07-28,일산선,화정,16894,17003,33897
2022-07-28,장항선,배방,1123,1051,2174
2022-07-28,장항선,봉명,1388,1326,2714
2022-07-28,장항선,신창,1065,1023,2088
2022-07-28,장항선,쌍용,1953,1788,3741
2022-07-28,장항선,아산,2927,2817,5744
2022-07-28,장항선,온양온천,3478,3541,7019
2022-07-28,장항선,탕정,886,778,1664
2022-07-28,중앙선,구리,13281,13223,26504
2022-07-28,중앙선,국수,705,692,1397
2022-07-28,중앙선,덕소,5573,5457,11030
2022-07-28,중앙선,도농,11028,9932,20960
2022-07-28,중앙선,도심,2483,1938,4421
2022-07-28,중앙선,망우,7834,7648,15482
2022-07-28,중앙선,상봉,5702,5621,11323
2022-07-28,중앙선,신원,211,191,402
2022-07-28,중앙선,아신,577,591,1168
2022-07-28,중앙선,양수,2212,2189,4401
2022-07-28,중앙선,양원,2821,2680,5501
2022-07-28,중앙선,양정,718,584,1302
2022-07-28,중앙선,양평,3776,3777,7553
2022-07-28,중앙선,오빈,355,338,693
2022-07-28,중앙선,용문,2166,2344,4510
2022-07-28,중앙선,운길산,737,747,1484
2022-07-28,중앙선,원덕,381,389,770
2022-07-28,중앙선,중랑,5773,5278,11051
2022-07-28,중앙선,지평,88,77,165
2022-07-28,중앙선,팔당,932,958,1890
2022-07-28,중앙선,회기,23787,22823,46610
2022-07-29,1호선,동대문,11287,10124,21411
2022-07-29,1호선,동묘앞,7316,7514,14830
2022-07-29,1호선,서울역,52759,53172,105931
2022-07-29,1호선,시청,23833,24476,48309
2022-07-29,1호선,신설동,14142,13553,27695
2022-07-29,1호선,제기동,16263,16198,32461
2022-07-29,1호선,종각,38828,38328,77156
2022-07-29,1호선,종로3가,25957,24498,50455
2022-07-29,1호선,종로5가,23537,23417,46954
2022-07-29,1호선,청량리,19619,19977,39596
2022-07-29,2호선,강남,90892,89616,180508
2022-07-29,2호선,강변,35424,37190,72614
2022-07-29,2호선,건대입구,36038,40344,76382
2022-07-29,2호선,교대,32689,37094,69783
2022-07-29,2호선,구로디지털단지,60124,60229,120353
2022-07-29,2호선,구의,24023,23059,47082
2022-07-29,2호선,낙성대,28669,26263,54932
2022-07-29,2호선,당산,18184,21225,39409
2022-07-29,2호선,대림,23753,24075,47828
2022-07-29,2호선,도림천,1327,1328,2655
2022-07-29,2호선,동대문역사문화공원,13553,14898,28451
2022-07-29,2호선,뚝섬,23394,25141,48535
2022-07-29,2호선,문래,22389,23585,45974
2022-07-29,2호선,방배,16139,16692,32831
2022-07-29,2호선,봉천,24501,21986,46487
2022-07-29,2호선,사당,40073,44595,84668
2022-07-29,2호선,삼성,61619,60773,122392
2022-07-29,2호선,상왕십리,14478,13709,28187
2022-07-29,2호선,서울대입구,48405,46486,94891
2022-07-29,2호선,서초,21492,20319,41811
2022-07-29,2호선,선릉,59169,52518,111687
2022-07-29,2호선,성수,39011,42900,81911
2022-07-29,2호선,시청,25037,24486,49523
2022-07-29,2호선,신답,1668,1855,3523
2022-07-29,2호선,신당,14484,14711,29195
2022-07-29,2호선,신대방,26078,24535,50613
2022-07-29,2호선,신도림,49012,49166,98178
2022-07-29,2호선,신림,60437,57765,118202
2022-07-29,2호선,신설동,3761,3771,7532
2022-07-29,2호선,신정네거리,10285,10603,20888
2022-07-29,2호선,신촌,36984,37583,74567
2022-07-29,2호선,아현,10506,9735,20241
2022-07-29,2호선,양천구청,6596,6775,13371
2022-07-29,2호선,역삼,53061,59338,112399
2022-07-29,2호선,영등포구청,22001,22772,44773
2022-07-29,2호선,왕십리,16444,14152,30596
2022-07-29,2호선,용답,2847,2581,5428
2022-07-29,2호선,용두,2378,2326,4704
2022-07-29,2호선,을지로3가,24874,25754,50628
2022-07-29,2호선,을지로4가,14044,13923,27967
2022-07-29,2호선,을지로입구,43297,44558,87855
2022-07-29,2호선,이대,14128,14419,28547
2022-07-29,2호선,잠실,82635,82139,164774
2022-07-29,2호선,잠실나루,14513,13647,28160
2022-07-29,2호선,잠실새내,22602,23068,45670
2022-07-29,2호선,종합운동장,11881,12764,24645
2022-07-29,2호선,충정로,9978,10570,20548
2022-07-29,2호선,한양대,6608,6894,13502
2022-07-29,2호선,합정,34221,38209,72430
2022-07-29,2호선,홍대입구,66396,73957,140353
2022-07-29,3호선,가락시장,8955,8780,17735
2022-07-29,3호선,경복궁,21551,21571,43122
2022-07-29,3호선,경찰병원,7298,7198,14496
2022-07-29,3호선,고속터미널,51448,54259,105707
2022-07-29,3호선,교대,13997,9036,23033
2022-07-29,3호선,구파발,21715,20937,42652
2022-07-29,3호선,금호,7845,7143,14988
2022-07-29,3호선,남부터미널,31415,32529,63944
2022-07-29,3호선,녹번,15653,13349,29002
2022-07-29,3호선,대청,9702,8955,18657
2022-07-29,3호선,대치,12217,11855,24072
2022-07-29,3호선,도곡,4948,5029,9977
2022-07-29,3호선,독립문,7000,7080,14080
2022-07-29,3호선,동대입구,7960,8331,16291
2022-07-29,3호선,매봉,12567,11926,24493
2022-07-29,3호선,무악재,4096,3791,7887
2022-07-29,3호선,불광,16077,17017,33094
2022-07-29,3호선,수서,18403,18438,36841
2022-07-29,3호선,신사,30568,33388,63956
2022-07-29,3호선,안국,22867,23261,46128
2022-07-29,3호선,압구정,33578,36976,70554
2022-07-29,3호선,약수,13248,12621,25869
2022-07-29,3호선,양재,37796,40165,77961
2022-07-29,3호선,연신내,36293,34316,70609
2022-07-29,3호선,오금,6308,5586,11894
2022-07-29,3호선,옥수,8880,8927,17807
2022-07-29,3호선,을지로3가,11345,11712,23057
2022-07-29,3호선,일원,10216,9477,19693
2022-07-29,3호선,잠원,4671,4452,9123
2022-07-29,3호선,종로3가,10713,13109,23822
2022-07-29,3호선,지축,4999,4621,9620
2022-07-29,3호선,학여울,1765,1746,3511
2022-07-29,3호선,홍제,17314,15931,33245
2022-07-29,4호선,길음,20726,19453,40179
2022-07-29,4호선,남태령,1387,1080,2467
2022-07-29,4호선,노원,18674,21562,40236
2022-07-29,4호선,당고개,9418,8389,17807
2022-07-29,4호선,동대문,21029,21057,42086
2022-07-29,4호선,동대문역사문화공원,16493,14144,30637
2022-07-29,4호선,동작,1414,1532,2946
2022-07-29,4호선,명동,21259,22454,43713
2022-07-29,4호선,미아,14500,13460,27960
2022-07-29,4호선,미아사거리,26984,26344,53328
2022-07-29,4호선,사당,27195,22703,49898
2022-07-29,4호선,삼각지,5696,6560,12256
2022-07-29,4호선,상계,18718,17259,35977
2022-07-29,4호선,서울역,11956,21928,33884
2022-07-29,4호선,성신여대입구,20123,19578,39701
2022-07-29,4호선,수유,33878,33983,67861
2022-07-29,4호선,숙대입구,13136,12985,26121
2022-07-29,4호선,신용산,19052,20368,39420
2022-07-29,4호선,쌍문,28494,25839,54333
2022-07-29,4호선,이촌,10468,10945,21413
2022-07-29,4호선,창동,25728,27374,53102
2022-07-29,4호선,총신대입구,19179,20823,40002
2022-07-29,4호선,충무로,25884,27475,53359
2022-07-29,4호선,한성대입구,13169,12723,25892
2022-07-29,4호선,혜화,35334,35609,70943
2022-07-29,4호선,회현,25160,26005,51165
2022-07-29,5호선,강동,18659,17636,36295
2022-07-29,5호선,강일,4292,4117,8409
2022-07-29,5호선,개롱,6319,6490,12809
2022-07-29,5호선,개화산,5675,5291,10966
2022-07-29,5호선,거여,9989,9252,19241
2022-07-29,5호선,고덕,9243,9243,18486
2022-07-29,5호선,공덕,14321,15337,29658
2022-07-29,5호선,광나루,12862,11517,24379
2022-07-29,5호선,광화문,32092,34112,66204
2022-07-29,5호선,군자,11408,12458,23866
2022-07-29,5호선,굽은다리,9702,9124,18826
2022-07-29,5호선,길동,8041,8328,16369
2022-07-29,5호선,김포공항,8907,9084,17991
2022-07-29,5호선,까치산,28988,27040,56028
2022-07-29,5호선,답십리,16051,14279,30330
2022-07-29,5호선,동대문역사문화공원,3163,3695,6858
2022-07-29,5호선,둔촌동,8250,8356,16606
2022-07-29,5호선,마곡,10487,10632,21119
2022-07-29,5호선,마장,5487,5193,10680
2022-07-29,5호선,마천,7077,6607,13684
2022-07-29,5호선,마포,14293,14648,28941
2022-07-29,5호선,명일,8334,8704,17038
2022-07-29,5호선,목동,17027,17434,34461
2022-07-29,5호선,미사,16679,16868,33547
2022-07-29,5호선,발산,19967,21454,41421
2022-07-29,5호선,방이,7135,7467,14602
2022-07-29,5호선,방화,6817,6434,13251
2022-07-29,5호선,상일동,14929,13465,28394
2022-07-29,5호선,서대문,19372,19521,38893
2022-07-29,5호선,송정,6749,6190,12939
2022-07-29,5호선,신금호,6139,6236,12375
2022-07-29,5호선,신길,4483,4503,8986
2022-07-29,5호선,신정,13977,11123,25100
2022-07-29,5호선,아차산,14125,13523,27648
2022-07-29,5호선,애오개,6710,6634,13344
2022-07-29,5호선,양평,7355,7027,14382
2022-07-29,5호선,여의나루,13440,14982,28422
2022-07-29,5호선,여의도,29179,31296,60475
2022-07-29,5호선,영등포구청,4012,4092,8104
2022-07-29,5호선,영등포시장,10348,10497,20845
2022-07-29,5호선,오금,3644,3596,7240
2022-07-29,5호선,오목교,21844,23344,45188
2022-07-29,5호선,올림픽공원,5111,4418,9529
2022-07-29,5호선,왕십리,4414,5414,9828
2022-07-29,5호선,우장산,14266,13774,28040
2022-07-29,5호선,을지로4가,6065,6552,12617
2022-07-29,5호선,장한평,18914,18657,37571
2022-07-29,5호선,종로3가,14113,14307,28420
2022-07-29,5호선,천호,19183,19333,38516
2022-07-29,5호선,청구,3829,3732,7561
2022-07-29,5호선,충정로,4476,4490,8966
2022-07-29,5호선,하남검단산,5967,5663,11630
2022-07-29,5호선,하남시청,7148,6903,14051
2022-07-29,5호선,하남풍산,4215,4209,8424
2022-07-29,5호선,행당,8092,6904,14996
2022-07-29,5호선,화곡,28995,26168,55163
2022-07-29,6호선,고려대,8180,7553,15733
2022-07-29,6호선,공덕,18674,18122,36796
2022-07-29,6호선,광흥창,8890,8482,17372
2022-07-29,6호선,구산,7625,5861,13486
2022-07-29,6호선,녹사평,5436,5794,11230
2022-07-29,6호선,대흥,8301,8434,16735
2022-07-29,6호선,독바위,2784,2813,5597
2022-07-29,6호선,돌곶이,9256,8394,17650
2022-07-29,6호선,동묘앞,7942,7838,15780
2022-07-29,6호선,디지털미디어시티,14069,15375,29444
2022-07-29,6호선,마포구청,14266,12668,26934
2022-07-29,6호선,망원,14588,15661,30249
2022-07-29,6호선,버티고개,2109,2098,4207
2022-07-29,6호선,보문,7697,6717,14414
2022-07-29,6호선,봉화산,8930,8285,17215
2022-07-29,6호선,불광,4565,4403,8968
2022-07-29,6호선,삼각지,8108,7103,15211
2022-07-29,6호선,상수,9860,11989,21849
2022-07-29,6호선,상월곡,6193,5366,11559
2022-07-29,6호선,새절,12541,11338,23879
2022-07-29,6호선,석계,12042,12502,24544
2022-07-29,6호선,신당,8746,8153,16899
2022-07-29,6호선,안암,10715,10219,20934
2022-07-29,6호선,약수,3766,3878,7644
2022-07-29,6호선,역촌,3889,4314,8203
2022-07-29,6호선,월곡,11623,11277,22900
2022-07-29,6호선,월드컵경기장,4293,4590,8883
2022-07-29,6호선,응암,17464,16907,34371
2022-07-29,6호선,이태원,12590,17509,30099
2022-07-29,6호선,증산,9845,9506,19351
2022-07-29,6호선,창신,3413,2688,6101
2022-07-29,6호선,청구,3840,3826,7666
2022-07-29,6호선,태릉입구,5557,5997,11554
2022-07-29,6호선,한강진,8614,10149,18763
2022-07-29,6호선,합정,14477,14441,28918
2022-07-29,6호선,화랑대,11278,8568,19846
2022-07-29,6호선,효창공원앞,7200,6184,13384
2022-07-29,7호선,가산디지털단지,45225,44410,89635
2022-07-29,7호선,강남구청,16583,18725,35308
2022-07-29,7호선,건대입구,13313,13714,27027
2022-07-29,7호선,고속터미널,19235,15361,34596
2022-07-29,7호선,공릉,11370,11105,22475
2022-07-29,7호선,광명사거리,21974,21622,43596
2022-07-29,7호선,군자,15361,12047,27408
2022-07-29,7호선,남구로,15483,16365,31848
2022-07-29,7호선,남성,11129,10154,21283
2022-07-29,7호선,내방,14452,14613,29065
2022-07-29,7호선,노원,20397,21896,42293
2022-07-29,7호선,논현,18803,20541,39344
2022-07-29,7호선,대림,7972,8422,16394
2022-07-29,7호선,도봉산,8823,9973,18796
2022-07-29,7호선,뚝섬유원지,9661,9191,18852
2022-07-29,7호선,마들,13041,12086,25127
2022-07-29,7호선,먹골,10307,9963,20270
2022-07-29,7호선,면목,15257,14337,29594
2022-07-29,7호선,반포,6048,5837,11885
2022-07-29,7호선,보라매,7525,7404,14929
2022-07-29,7호선,부천시청,1,0,1
2022-07-29,7호선,사가정,16125,15854,31979
2022-07-29,7호선,상도,10967,10140,21107
2022-07-29,7호선,상봉,17056,16424,33480
2022-07-29,7호선,수락산,12646,12441,25087
2022-07-29,7호선,숭실대입구,11704,11370,23074
2022-07-29,7호선,신대방삼거리,15393,14202,29595
2022-07-29,7호선,신풍,11597,10862,22459
2022-07-29,7호선,어린이대공원,12753,12384,25137
2022-07-29,7호선,온수,9635,8799,18434
2022-07-29,7호선,용마산,5980,5622,11602
2022-07-29,7호선,이수,16563,16232,32795
2022-07-29,7호선,장승배기,9250,8847,18097
2022-07-29,7호선,장암,2327,1059,3386
2022-07-29,7호선,중계,13808,12015,25823
2022-07-29,7호선,중곡,10478,9850,20328
2022-07-29,7호선,중화,10612,10256,20868
2022-07-29,7호선,천왕,11387,10574,21961
2022-07-29,7호선,철산,21823,22286,44109
2022-07-29,7호선,청담,19747,22218,41965
2022-07-29,7호선,태릉입구,8622,7951,16573
2022-07-29,7호선,하계,17265,16089,33354
2022-07-29,7호선,학동,23637,25161,48798
2022-07-29,8호선,가락시장,7584,8552,16136
2022-07-29,8호선,강동구청,10253,10393,20646
2022-07-29,8호선,남위례,5308,5508,10816
2022-07-29,8호선,남한산성입구,13174,11438,24612
2022-07-29,8호선,단대오거리,10781,10227,21008
2022-07-29,8호선,모란,5543,4422,9965
2022-07-29,8호선,몽촌토성,6057,6139,12196
2022-07-29,8호선,문정,21764,22659,44423
2022-07-29,8호선,복정,9040,7574,16614
2022-07-29,8호선,산성,5251,5173,10424
2022-07-29,8호선,석촌,7667,8895,16562
2022-07-29,8호선,송파,8573,8351,16924
2022-07-29,8호선,수진,5432,4912,10344
2022-07-29,8호선,신흥,4458,4885,9343
2022-07-29,8호선,암사,18870,16467,35337
2022-07-29,8호선,잠실,16274,19091,35365
2022-07-29,8호선,장지,17420,16494,33914
2022-07-29,8호선,천호,15145,17731,32876
2022-07-29,9호선,가양,21573,20701,42274
2022-07-29,9호선,개화,2748,1828,4576
2022-07-29,9호선,고속터미널,16272,23561,39833
2022-07-29,9호선,공항시장,3108,3274,6382
2022-07-29,9호선,구반포,1196,1230,2426
2022-07-29,9호선,국회의사당,18561,18526,37087
2022-07-29,9호선,김포공항,8650,13222,21872
2022-07-29,9호선,노들,4925,4084,9009
2022-07-29,9호선,노량진,26756,25776,52532
2022-07-29,9호선,당산,19691,19438,39129
2022-07-29,9호선,동작,2049,1593,3642
2022-07-29,9호선,등촌,11906,11221,23127
2022-07-29,9호선,마곡나루,12640,12585,25225
2022-07-29,9호선,사평,3828,3696,7524
2022-07-29,9호선,샛강,6231,6412,12643
2022-07-29,9호선,선유도,9172,8581,17753
2022-07-29,9호선,신논현,34311,34816,69127
2022-07-29,9호선,신목동,4318,3574,7892
2022-07-29,9호선,신반포,3901,3926,7827
2022-07-29,9호선,신방화,6960,6663,13623
2022-07-29,9호선,양천향교,9962,9975,19937
2022-07-29,9호선,여의도,30684,28752,59436
2022-07-29,9호선,염창,17943,16820,34763
2022-07-29,9호선,증미,7912,7580,15492
2022-07-29,9호선,흑석,7968,8252,16220
2022-07-29,9호선2~3단계,둔촌오륜,918,932,1850
2022-07-29,9호선2~3단계,봉은사,22914,23071,45985
2022-07-29,9호선2~3단계,삼성중앙,7705,8051,15756
2022-07-29,9호선2~3단계,삼전,7308,6740,14048
2022-07-29,9호선2~3단계,석촌,9167,7887,17054
2022-07-29,9호선2~3단계,석촌고분,6656,6306,12962
2022-07-29,9호선2~3단계,선정릉,10379,11226,21605
2022-07-29,9호선2~3단계,송파나루,5537,6100,11637
2022-07-29,9호선2~3단계,언주,11448,11541,22989
2022-07-29,9호선2~3단계,올림픽공원,8689,8583,17272
2022-07-29,9호선2~3단계,종합운동장,4509,4663,9172
2022-07-29,9호선2~3단계,중앙보훈병원,11106,9752,20858
2022-07-29,9호선2~3단계,한성백제,2732,2463,5195
2022-07-29,경강선,경기광주,8149,7451,15600
2022-07-29,경강선,곤지암,2406,2265,4671
2022-07-29,경강선,부발,2864,2271,5135
2022-07-29,경강선,삼동,2456,2223,4679
2022-07-29,경강선,세종대왕릉,365,358,723
2022-07-29,경강선,신둔도예촌,1679,1564,3243
2022-07-29,경강선,여주,2686,3046,5732
2022-07-29,경강선,이매,1168,1011,2179
2022-07-29,경강선,이천,3179,3397,6576
2022-07-29,경강선,초월,3347,2953,6300
2022-07-29,경강선,판교,5295,5428,10723
2022-07-29,경부선,가산디지털단지,17857,20847,38704
2022-07-29,경부선,관악,7427,7173,14600
2022-07-29,경부선,광명,3917,3750,7667
2022-07-29,경부선,구로,18344,18864,37208
2022-07-29,경부선,군포,7656,7292,14948
2022-07-29,경부선,금정,27817,28007,55824
2022-07-29,경부선,금천구청,11246,11228,22474
2022-07-29,경부선,남영,9276,9679,18955
2022-07-29,경부선,노량진,8431,7810,16241
2022-07-29,경부선,당정,6347,5839,12186
2022-07-29,경부선,대방,11360,12021,23381
2022-07-29,경부선,독산,18639,18940,37579
2022-07-29,경부선,두정,6341,6367,12708
2022-07-29,경부선,명학,8729,8456,17185
2022-07-29,경부선,병점,15172,14613,29785
2022-07-29,경부선,서동탄,1502,1388,2890
2022-07-29,경부선,서울역,9950,3097,13047
2022-07-29,경부선,서정리,8442,6683,15125
2022-07-29,경부선,석수,9327,8393,17720
2022-07-29,경부선,성균관대,14432,14150,28582
2022-07-29,경부선,성환,3745,3370,7115
2022-07-29,경부선,세류,3284,3002,6286
2022-07-29,경부선,세마,3112,2838,5950
2022-07-29,경부선,송탄,4944,4285,9229
2022-07-29,경부선,수원,37699,41231,78930
2022-07-29,경부선,신길,9025,7659,16684
2022-07-29,경부선,신도림,4053,4142,8195
2022-07-29,경부선,안양,22026,21806,43832
2022-07-29,경부선,영등포,43899,46411,90310
2022-07-29,경부선,오산,10587,10211,20798
2022-07-29,경부선,오산대,3565,3408,6973
2022-07-29,경부선,용산,45562,48516,94078
2022-07-29,경부선,의왕,8819,8709,17528
2022-07-29,경부선,직산,941,864,1805
2022-07-29,경부선,진위,1836,1488,3324
2022-07-29,경부선,천안,6236,6671,12907
2022-07-29,경부선,평택,13529,12993,26522
2022-07-29,경부선,평택지제,4514,4213,8727
2022-07-29,경부선,화서,8112,7658,15770
2022-07-29,경원선,가능,6621,6343,12964
2022-07-29,경원선,광운대,7212,6759,13971
2022-07-29,경원선,녹양,4492,4233,8725
2022-07-29,경원선,녹천,4736,3712,8448
2022-07-29,경원선,덕계,3323,2894,6217
2022-07-29,경원선,덕정,5356,5099,10455
2022-07-29,경원선,도봉,5829,5623,11452
2022-07-29,경원선,도봉산,7260,4670,11930
2022-07-29,경원선,동두천,2268,2578,4846
2022-07-29,경원선,동두천중앙,3155,3067,6222
2022-07-29,경원선,망월사,7383,7370,14753
2022-07-29,경원선,방학,9795,9601,19396
2022-07-29,경원선,보산,1922,1649,3571
2022-07-29,경원선,서빙고,2189,2038,4227
2022-07-29,경원선,석계,8116,8900,17016
2022-07-29,경원선,소요산,3456,3182,6638
2022-07-29,경원선,신이문,8469,7562,16031
2022-07-29,경원선,양주,7849,7306,15155
2022-07-29,경원선,옥수,44,34,78
2022-07-29,경원선,왕십리,15250,17405,32655
2022-07-29,경원선,외대앞,7363,7129,14492
2022-07-29,경원선,월계,6319,5670,11989
2022-07-29,경원선,응봉,1868,1589,3457
2022-07-29,경원선,의정부,19411,20642,40053
2022-07-29,경원선,이촌,3813,2898,6711
2022-07-29,경원선,지행,6811,6859,13670
2022-07-29,경원선,창동,1,0,1
2022-07-29,경원선,청량리,17926,19032,36958
2022-07-29,경원선,한남,3930,3786,7716
2022-07-29,경원선,회룡,12443,12217,24660
2022-07-29,경의선,가좌,5619,5299,10918
2022-07-29,경의선,강매,3222,2674,5896
2022-07-29,경의선,곡산,587,589,1176
2022-07-29,경의선,공덕,3943,3433,7376
2022-07-29,경의선,금릉,5008,4800,9808
2022-07-29,경의선,금촌,6886,6589,13475
2022-07-29,경의선,능곡,3779,3412,7191
2022-07-29,경의선,디지털미디어시티,2759,2369,5128
2022-07-29,경의선,문산,6181,6056,12237
2022-07-29,경의선,백마,6880,6402,13282
2022-07-29,경의선,서강대,2173,2184,4357
2022-07-29,경의선,서울역,4667,6192,10859
2022-07-29,경의선,수색,2810,2850,5660
2022-07-29,경의선,신촌,911,1179,2090
2022-07-29,경의선,야당,8009,8189,16198
2022-07-29,경의선,운정,7044,6334,13378
2022-07-29,경의선,월롱,3250,2455,5705
2022-07-29,경의선,일산,9178,8835,18013
2022-07-29,경의선,임진강,16,10,26
2022-07-29,경의선,탄현,8017,7575,15592
2022-07-29,경의선,파주,1097,790,1887
2022-07-29,경의선,풍산,5728,5289,11017
2022-07-29,경의선,행신,8462,8626,17088
2022-07-29,경의선,홍대입구,2061,2728,4789
2022-07-29,경의선,화전,1631,1454,3085
2022-07-29,경의선,효창공원앞,3077,3374,6451
2022-07-29,경인선,간석,5945,5557,11502
2022-07-29,경인선,개봉,21295,12550,33845
2022-07-29,경인선,구일,6844,6585,13429
2022-07-29,경인선,도원,2778,2817,5595
2022-07-29,경인선,도화,4146,3802,7948
2022-07-29,경인선,동암,15982,15926,31908
2022-07-29,경인선,동인천,14140,13497,27637
2022-07-29,경인선,백운,7055,6688,13743
2022-07-29,경인선,부개,8896,8027,16923
2022-07-29,경인선,부천,32852,33392,66244
2022-07-29,경인선,부평,31107,34501,65608
2022-07-29,경인선,소사,8306,7908,16214
2022-07-29,경인선,송내,27600,27294,54894
2022-07-29,경인선,역곡,27012,26475,53487
2022-07-29,경인선,오류동,11789,10483,22272
2022-07-29,경인선,온수,6237,5832,12069
2022-07-29,경인선,인천,4528,3605,8133
2022-07-29,경인선,제물포,10061,9455,19516
2022-07-29,경인선,주안,19294,17245,36539
2022-07-29,경인선,중동,9232,8428,17660
2022-07-29,경춘선,가평,3020,3147,6167
2022-07-29,경춘선,갈매,2945,2545,5490
2022-07-29,경춘선,강촌,614,611,1225
2022-07-29,경춘선,굴봉산,233,190,423
2022-07-29,경춘선,금곡,1489,1416,2905
2022-07-29,경춘선,김유정,348,413,761
2022-07-29,경춘선,남춘천,2914,3233,6147
2022-07-29,경춘선,대성리,1168,1298,2466
2022-07-29,경춘선,마석,3869,3978,7847
2022-07-29,경춘선,백양리,144,105,249
2022-07-29,경춘선,별내,3186,2958,6144
2022-07-29,경춘선,사릉,2266,2236,4502
2022-07-29,경춘선,상천,292,268,560
2022-07-29,경춘선,신내,2107,1969,4076
2022-07-29,경춘선,천마산,1632,1469,3101
2022-07-29,경춘선,청평,2270,2394,4664
2022-07-29,경춘선,춘천,1685,1664,3349
2022-07-29,경춘선,퇴계원,3475,3169,6644
2022-07-29,경춘선,평내호평,6229,6128,12357
2022-07-29,공항철도,검암,7056,6879,13935
2022-07-29,공항철도,계양,11434,10310,21744
2022-07-29,공항철도,공덕,2514,3363,5877
2022-07-29,공항철도,공항화물청사,2399,2513,4912
2022-07-29,공항철도,김포공항,13000,7149,20149
2022-07-29,공항철도,디지털미디어시티,14456,13109,27565
2022-07-29,공항철도,마곡나루,8870,8162,17032
2022-07-29,공항철도,서울역,11099,10936,22035
2022-07-29,공항철도,영종,3774,3855,7629
2022-07-29,공항철도,운서,8393,8502,16895
2022-07-29,공항철도,인천공항1터미널,8219,8212,16431
2022-07-29,공항철도,인천공항2터미널,4242,3675,7917
2022-07-29,공항철도,청라국제도시,7383,6990,14373
2022-07-29,공항철도,홍대입구,12627,13236,25863
2022-07-29,과천선,경마공원,9226,9487,18713
2022-07-29,과천선,과천,6869,6109,12978
2022-07-29,과천선,대공원,3409,3549,6958
2022-07-29,과천선,범계,27069,27407,54476
2022-07-29,과천선,선바위,8112,6990,15102
2022-07-29,과천선,인덕원,24858,25413,50271
2022-07-29,과천선,정부과천청사,11161,11132,22293
2022-07-29,과천선,평촌,17627,17371,34998
2022-07-29,분당선,가천대,6166,6620,12786
2022-07-29,분당선,강남구청,9851,11191,21042
2022-07-29,분당선,개포동,3893,4064,7957
2022-07-29,분당선,구룡,2114,1899,4013
2022-07-29,분당선,구성,5161,5173,10334
2022-07-29,분당선,기흥,10443,9686,20129
2022-07-29,분당선,대모산입구,4624,4163,8787
2022-07-29,분당선,도곡,7312,6858,14170
2022-07-29,분당선,망포,15251,13909,29160
2022-07-29,분당선,매교,2897,2948,5845
2022-07-29,분당선,매탄권선,5416,4958,10374
2022-07-29,분당선,모란,23910,24799,48709
2022-07-29,분당선,미금,15538,16661,32199
2022-07-29,분당선,보정,2553,2176,4729
2022-07-29,분당선,복정,1,0,1
2022-07-29,분당선,상갈,5463,5177,10640
2022-07-29,분당선,서울숲,11835,12309,24144
2022-07-29,분당선,서현,26733,27270,54003
2022-07-29,분당선,선릉,13777,20902,34679
2022-07-29,분당선,선정릉,7808,8449,16257
2022-07-29,분당선,수내,14089,13769,27858
2022-07-29,분당선,수서,14869,15638,30507
2022-07-29,분당선,수원,8618,7487,16105
2022-07-29,분당선,수원시청,13063,15144,28207
2022-07-29,분당선,신갈,4762,4744,9506
2022-07-29,분당선,압구정로데오,21158,25218,46376
2022-07-29,분당선,야탑,26673,28164,54837
2022-07-29,분당선,영통,8790,8721,17511
2022-07-29,분당선,오리,12070,9715,21785
2022-07-29,분당선,이매,5722,5476,11198
2022-07-29,분당선,정자,18703,19602,38305
2022-07-29,분당선,죽전,13513,14683,28196
2022-07-29,분당선,청명,4343,4066,8409
2022-07-29,분당선,태평,14098,13346,27444
2022-07-29,분당선,한티,16134,16912,33046
2022-07-29,수인선,고색,5010,4648,9658
2022-07-29,수인선,남동인더스파크,2243,2464,4707
2022-07-29,수인선,달월,118,69,187
2022-07-29,수인선,사리,4859,4153,9012
2022-07-29,수인선,소래포구,4784,4393,9177
2022-07-29,수인선,송도,2270,2082,4352
2022-07-29,수인선,숭의,3991,3613,7604
2022-07-29,수인선,신포,1725,1738,3463
2022-07-29,수인선,야목,434,296,730
2022-07-29,수인선,어천,1069,945,2014
2022-07-29,수인선,연수,4622,4804,9426
2022-07-29,수인선,오목천,3185,2728,5913
2022-07-29,수인선,원인재,4323,4449,8772
2022-07-29,수인선,월곶,2658,2486,5144
2022-07-29,수인선,인천,1237,1974,3211
2022-07-29,수인선,인천논현,5391,5767,11158
2022-07-29,수인선,인하대,5677,5169,10846
2022-07-29,수인선,호구포,4161,4169,8330
2022-07-29,신림선,관악산,3084,3018,6102
2022-07-29,신림선,당곡,3992,3775,7767
2022-07-29,신림선,대방,2105,1666,3771
2022-07-29,신림선,보라매,2747,2379,5126
2022-07-29,신림선,보라매공원,1738,1817,3555
2022-07-29,신림선,보라매병원,6217,6427,12644
2022-07-29,신림선,샛강,2024,2575,4599
2022-07-29,신림선,서울대벤처타운,6552,6219,12771
2022-07-29,신림선,서울지방병무청,2038,2243,4281
2022-07-29,신림선,서원,2993,2508,5501
2022-07-29,신림선,신림,1780,2293,4073
2022-07-29,안산선,고잔,8840,8323,17163
2022-07-29,안산선,대야미,5030,4241,9271
2022-07-29,안산선,반월,4208,3898,8106
2022-07-29,안산선,산본,16423,17642,34065
2022-07-29,안산선,상록수,15626,15704,31330
2022-07-29,안산선,수리산,4138,3214,7352
2022-07-29,안산선,신길온천,1833,1698,3531
2022-07-29,안산선,안산,12265,11325,23590
2022-07-29,안산선,오이도,8851,8830,17681
2022-07-29,안산선,정왕,8364,8522,16886
2022-07-29,안산선,중앙,18128,19856,37984
2022-07-29,안산선,초지,4684,4724,9408
2022-07-29,안산선,한대앞,8949,8761,17710
2022-07-29,우이신설선,4.19민주묘지,2843,2561,5404
2022-07-29,우이신설선,가오리,4344,4221,8565
2022-07-29,우이신설선,보문,1453,1454,2907
2022-07-29,우이신설선,북한산보국문,5798,5446,11244
2022-07-29,우이신설선,북한산우이,3891,3660,7551
2022-07-29,우이신설선,삼양,1925,2088,4013
2022-07-29,우이신설선,삼양사거리,2472,2482,4954
2022-07-29,우이신설선,성신여대입구,3387,3760,7147
2022-07-29,우이신설선,솔밭공원,2424,2342,4766
2022-07-29,우이신설선,솔샘,5648,5103,10751
2022-07-29,우이신설선,신설동,2087,1979,4066
2022-07-29,우이신설선,정릉,4692,4052,8744
2022-07-29,우이신설선,화계,3549,3173,6722
2022-07-29,일산선,대곡,2088,1666,3754
2022-07-29,일산선,대화,12803,10105,22908
2022-07-29,일산선,마두,7795,7829,15624
2022-07-29,일산선,백석,10001,10122,20123
2022-07-29,일산선,삼송,19798,18729,38527
2022-07-29,일산선,원당,11000,10203,21203
2022-07-29,일산선,원흥,11060,10350,21410
2022-07-29,일산선,정발산,7537,8298,15835
2022-07-29,일산선,주엽,9751,9516,19267
2022-07-29,일산선,화정,16864,17118,33982
2022-07-29,장항선,배방,1307,1216,2523
2022-07-29,장항선,봉명,1359,1282,2641
2022-07-29,장항선,신창,1362,1181,2543
2022-07-29,장항선,쌍용,2157,2013,4170
2022-07-29,장항선,아산,3629,3883,7512
2022-07-29,장항선,온양온천,5372,5407,10779
2022-07-29,장항선,탕정,969,869,1838
2022-07-29,중앙선,구리,13556,13563,27119
2022-07-29,중앙선,국수,696,722,1418
2022-07-29,중앙선,덕소,5723,5565,11288
2022-07-29,중앙선,도농,10828,9755,20583
2022-07-29,중앙선,도심,2336,1811,4147
2022-07-29,중앙선,망우,7949,7696,15645
2022-07-29,중앙선,상봉,6006,5853,11859
2022-07-29,중앙선,신원,168,162,330
2022-07-29,중앙선,아신,622,646,1268
2022-07-29,중앙선,양수,2110,2165,4275
2022-07-29,중앙선,양원,2923,2747,5670
2022-07-29,중앙선,양정,710,618,1328
2022-07-29,중앙선,양평,2915,3190,6105
2022-07-29,중앙선,오빈,285,302,587
2022-07-29,중앙선,용문,2506,2760,5266
2022-07-29,중앙선,운길산,798,809,1607
2022-07-29,중앙선,원덕,374,378,752
2022-07-29,중앙선,중랑,5807,5333,11140
2022-07-29,중앙선,지평,72,87,159
2022-07-29,중앙선,팔당,863,997,1860
2022-07-29,중앙선,회기,24332,22418,46750
