사용일자,호선명,지하철역,승차총승객수,하차총승객수,승하차총승객수
20210101,1호선,청량리,6411,6535,12946
20210101,1호선,제기동,4525,4467,8992
20210101,1호선,신설동,3367,3017,6384
20210101,1호선,동대문,3971,3799,7770
20210101,1호선,종로5가,3700,3698,7398
20210101,1호선,종로3가,5502,4910,10412
20210101,1호선,종각,5637,4936,10573
20210101,1호선,시청,2906,2654,5560
20210101,1호선,동묘앞,4153,4491,8644
20210101,1호선,서울,9260,9858,19118
20210104,1호선,시청,17440,17172,34612
20210104,1호선,동묘앞,5952,6285,12237
20210104,1호선,서울,32167,28808,60975
20210104,1호선,종각,28072,26887,54959
20210104,1호선,종로3가,18610,16877,35487
20210104,1호선,종로5가,18488,18502,36990
20210104,1호선,동대문,8363,8135,16498
20210104,1호선,신설동,11593,11379,22972
20210104,1호선,제기동,15093,15684,30777
20210104,1호선,청량리,17308,17335,34643
20210105,1호선,서울,30857,28197,59054
20210105,1호선,청량리,16853,16853,33706
20210105,1호선,제기동,14429,14953,29382
20210105,1호선,신설동,11176,11244,22420
20210105,1호선,동대문,8704,8287,16991
20210105,1호선,종로5가,18556,18176,36732
20210105,1호선,종로3가,17682,16275,33957
20210105,1호선,종각,27272,26181,53453
20210105,1호선,시청,17251,16970,34221
20210105,1호선,동묘앞,5931,6084,12015
20210106,1호선,청량리,15753,15659,31412
20210106,1호선,제기동,13233,13578,26811
20210106,1호선,신설동,11343,11198,22541
20210106,1호선,동대문,8758,8136,16894
20210106,1호선,종로5가,17635,16879,34514
20210106,1호선,종로3가,17576,15701,33277
20210106,1호선,종각,28283,25287,53570
20210106,1호선,시청,17266,16278,33544
20210106,1호선,동묘앞,5887,6065,11952
20210106,1호선,서울,31582,28321,59903
20210107,1호선,서울,32384,30004,62388
20210107,1호선,동묘앞,4708,4986,9694
20210107,1호선,시청,17188,16352,33540
20210107,1호선,종각,27102,24862,51964
20210107,1호선,종로3가,15920,14660,30580
20210107,1호선,종로5가,16044,15671,31715
20210107,1호선,동대문,8169,7473,15642
20210107,1호선,신설동,11098,10668,21766
20210107,1호선,제기동,10743,10699,21442
20210107,1호선,청량리,13999,13771,27770
20210108,1호선,서울,32133,30399,62532
20210108,1호선,동묘앞,4703,4819,9522
20210108,1호선,시청,16395,15498,31893
20210108,1호선,종각,26279,24758,51037
20210108,1호선,종로3가,15478,14124,29602
20210108,1호선,종로5가,15304,14973,30277
20210108,1호선,동대문,7918,7246,15164
20210108,1호선,신설동,10400,10252,20652
20210108,1호선,제기동,10725,10660,21385
20210108,1호선,청량리,13552,13556,27108
20210111,1호선,서울,32106,29674,61780
20210111,1호선,동묘앞,5647,5891,11538
20210111,1호선,시청,17316,17089,34405
20210111,1호선,종각,27410,26373,53783
20210111,1호선,종로3가,18093,16350,34443
20210111,1호선,종로5가,18067,17964,36031
20210111,1호선,동대문,8672,8262,16934
20210111,1호선,신설동,11486,11301,22787
20210111,1호선,제기동,13734,14038,27772
20210111,1호선,청량리,16326,16279,32605
20210112,1호선,서울,34716,31369,66085
20210112,1호선,동묘앞,6313,6474,12787
20210112,1호선,시청,18766,17794,36560
20210112,1호선,종각,30967,27340,58307
20210112,1호선,종로3가,19430,16990,36420
20210112,1호선,종로5가,20653,18701,39354
20210112,1호선,동대문,9392,8885,18277
20210112,1호선,신설동,12094,11642,23736
20210112,1호선,제기동,15722,16023,31745
20210112,1호선,청량리,17737,17861,35598
20210113,1호선,청량리,17555,17308,34863
20210113,1호선,제기동,14784,15337,30121
20210113,1호선,신설동,11904,11671,23575
20210113,1호선,동대문,9194,8848,18042
20210113,1호선,종로5가,18916,18877,37793
20210113,1호선,종로3가,19642,17760,37402
20210113,1호선,종각,28410,27703,56113
20210113,1호선,시청,17507,17552,35059
20210113,1호선,동묘앞,6601,6861,13462
20210113,1호선,서울,33699,31454,65153
20210114,1호선,동대문,9342,8827,18169
20210114,1호선,서울,33817,31496,65313
20210114,1호선,동묘앞,6863,7236,14099
20210114,1호선,시청,17759,17559,35318
20210114,1호선,종각,28200,27207,55407
20210114,1호선,종로3가,19943,18011,37954
20210114,1호선,종로5가,19593,19464,39057
20210114,1호선,신설동,11813,11715,23528
20210114,1호선,제기동,17037,17723,34760
20210114,1호선,청량리,18742,18839,37581
20210115,1호선,청량리,18265,18272,36537
20210115,1호선,제기동,15944,16259,32203
20210115,1호선,신설동,11953,11722,23675
20210115,1호선,동대문,9299,8656,17955
20210115,1호선,종로5가,19073,18744,37817
20210115,1호선,종로3가,19612,17902,37514
20210115,1호선,종각,28526,27156,55682
20210115,1호선,시청,18008,17846,35854
20210115,1호선,동묘앞,6189,6512,12701
20210115,1호선,서울,35401,33855,69256
20210118,1호선,청량리,16659,16501,33160
20210118,1호선,제기동,14039,14387,28426
20210118,1호선,신설동,11953,11996,23949
20210118,1호선,동대문,8798,8536,17334
20210118,1호선,종로5가,18497,18228,36725
20210118,1호선,종로3가,18843,17201,36044
20210118,1호선,종각,30061,28668,58729
20210118,1호선,시청,18435,18147,36582
20210118,1호선,동묘앞,5653,5857,11510
20210118,1호선,서울,35369,32561,67930
20210119,1호선,동대문,8872,8204,17076
20210119,1호선,서울,33685,31254,64939
20210119,1호선,동묘앞,6204,6436,12640
20210119,1호선,시청,18403,18151,36554
20210119,1호선,종각,29219,28061,57280
20210119,1호선,종로3가,18808,16901,35709
20210119,1호선,종로5가,18428,18045,36473
20210119,1호선,신설동,11931,11735,23666
20210119,1호선,제기동,13976,14237,28213
20210119,1호선,청량리,16430,16620,33050
20210120,1호선,청량리,19649,19521,39170
20210120,1호선,제기동,17351,17984,35335
20210120,1호선,신설동,12746,12373,25119
20210120,1호선,동대문,9540,9146,18686
20210120,1호선,종로5가,20336,19937,40273
20210120,1호선,종로3가,21554,19457,41011
20210120,1호선,종각,30769,29606,60375
20210120,1호선,시청,19094,18975,38069
20210120,1호선,동묘앞,7289,7766,15055
20210120,1호선,서울,36349,33357,69706
20210121,1호선,청량리,18024,18168,36192
20210121,1호선,제기동,16256,16723,32979
20210121,1호선,신설동,12280,12243,24523
20210121,1호선,동대문,9181,8744,17925
20210121,1호선,종로5가,20186,19350,39536
20210121,1호선,종로3가,19998,18420,38418
20210121,1호선,종각,30791,29044,59835
20210121,1호선,시청,19241,18950,38191
20210121,1호선,동묘앞,6217,6576,12793
20210121,1호선,서울,35657,33079,68736
20210122,1호선,청량리,18921,18764,37685
20210122,1호선,제기동,16336,16718,33054
20210122,1호선,신설동,12666,12350,25016
20210122,1호선,동대문,9616,8946,18562
20210122,1호선,종로5가,19909,19723,39632
20210122,1호선,종로3가,21314,19302,40616
20210122,1호선,종각,30318,29133,59451
20210122,1호선,시청,18889,18518,37407
20210122,1호선,동묘앞,6777,7331,14108
20210122,1호선,서울,37394,35627,73021
20210125,1호선,서울,35849,33368,69217
20210125,1호선,동묘앞,7272,7532,14804
20210125,1호선,시청,19053,18942,37995
20210125,1호선,종각,30742,29796,60538
20210125,1호선,종로3가,21959,19737,41696
20210125,1호선,종로5가,20481,20351,40832
20210125,1호선,동대문,9682,9364,19046
20210125,1호선,신설동,12860,12718,25578
20210125,1호선,제기동,17863,18544,36407
20210125,1호선,청량리,19598,19589,39187
20210126,1호선,서울,35386,32816,68202
20210126,1호선,동묘앞,5966,6188,12154
20210126,1호선,시청,19303,19133,38436
20210126,1호선,종각,30394,29353,59747
20210126,1호선,종로3가,20304,18628,38932
20210126,1호선,종로5가,20240,19516,39756
20210126,1호선,동대문,9481,8940,18421
20210126,1호선,신설동,12280,12153,24433
20210126,1호선,제기동,15674,16084,31758
20210126,1호선,청량리,17876,17930,35806
20210127,1호선,서울,36691,33846,70537
20210127,1호선,동묘앞,7559,8038,15597
20210127,1호선,시청,19739,19591,39330
20210127,1호선,종각,31665,30498,62163
20210127,1호선,종로3가,22481,20393,42874
20210127,1호선,종로5가,20913,20498,41411
20210127,1호선,동대문,9995,9402,19397
20210127,1호선,신설동,12951,12727,25678
20210127,1호선,제기동,18874,19439,38313
20210127,1호선,청량리,20522,20835,41357
20210128,1호선,서울,36586,33774,70360
20210128,1호선,동묘앞,5793,5973,11766
20210128,1호선,시청,19302,19110,38412
20210128,1호선,종각,30867,29479,60346
20210128,1호선,종로3가,19129,17632,36761
20210128,1호선,종로5가,19067,18835,37902
20210128,1호선,동대문,9104,8569,17673
20210128,1호선,신설동,12358,12451,24809
20210128,1호선,제기동,14649,15061,29710
20210128,1호선,청량리,17677,17623,35300
20210129,1호선,서울,36778,34630,71408
20210129,1호선,동묘앞,6146,6361,12507
20210129,1호선,시청,18644,18458,37102
20210129,1호선,종각,30401,28900,59301
20210129,1호선,종로3가,19568,18067,37635
20210129,1호선,종로5가,18631,18299,36930
20210129,1호선,동대문,9219,8489,17708
20210129,1호선,신설동,12527,12337,24864
20210129,1호선,제기동,14158,14099,28257
20210129,1호선,청량리,17185,17100,34285
20210201,1호선,청량리,20132,20332,40464
20210201,1호선,제기동,18424,19171,37595
20210201,1호선,신설동,13013,12965,25978
20210201,1호선,동대문,9591,9240,18831
20210201,1호선,종로5가,20431,20110,40541
20210201,1호선,종로3가,22240,20637,42877
20210201,1호선,종각,31813,30478,62291
20210201,1호선,시청,19064,18880,37944
20210201,1호선,동묘앞,7095,7284,14379
20210201,1호선,서울,35821,33113,68934
20210202,1호선,청량리,18918,19196,38114
20210202,1호선,제기동,16944,17633,34577
20210202,1호선,신설동,12619,12613,25232
20210202,1호선,동대문,9354,8740,18094
20210202,1호선,종로5가,20386,20069,40455
20210202,1호선,종로3가,21313,19569,40882
20210202,1호선,종각,31758,30562,62320
20210202,1호선,시청,19645,19198,38843
20210202,1호선,동묘앞,6665,6866,13531
20210202,1호선,서울,35334,32874,68208
20210203,1호선,서울,37234,34051,71285
20210203,1호선,동묘앞,7082,7448,14530
20210203,1호선,시청,20070,19576,39646
20210203,1호선,종각,33875,31527,65402
20210203,1호선,종로3가,22745,20640,43385
20210203,1호선,종로5가,20980,20280,41260
20210203,1호선,동대문,9944,9308,19252
20210203,1호선,신설동,13428,13055,26483
20210203,1호선,제기동,18537,19191,37728
20210203,1호선,청량리,20142,20435,40577
20210204,1호선,서울,36600,34669,71269
20210204,1호선,동묘앞,6451,6753,13204
20210204,1호선,시청,19910,19632,39542
20210204,1호선,종각,32092,30857,62949
20210204,1호선,종로3가,21655,19569,41224
20210204,1호선,종로5가,19989,19786,39775
20210204,1호선,동대문,9518,8866,18384
20210204,1호선,신설동,13101,12679,25780
20210204,1호선,제기동,15903,16414,32317
20210204,1호선,청량리,18720,18581,37301
20210205,1호선,청량리,21179,21537,42716
20210205,1호선,제기동,19687,20296,39983
20210205,1호선,신설동,13449,13116,26565
20210205,1호선,동대문,10290,9530,19820
20210205,1호선,종로5가,21278,21165,42443
20210205,1호선,종로3가,23432,21542,44974
20210205,1호선,종각,32584,31196,63780
20210205,1호선,시청,19676,19373,39049
20210205,1호선,동묘앞,7544,7887,15431
20210205,1호선,서울,38838,36842,75680
20210208,1호선,서울,37150,35977,73127
20210208,1호선,동묘앞,6687,6908,13595
20210208,1호선,시청,19740,19369,39109
20210208,1호선,종각,32246,30925,63171
20210208,1호선,종로3가,22318,20602,42920
20210208,1호선,종로5가,21185,20786,41971
20210208,1호선,동대문,9914,9379,19293
20210208,1호선,신설동,13139,13017,26156
20210208,1호선,제기동,19057,19872,38929
20210208,1호선,청량리,20946,21405,42351
20210209,1호선,청량리,21703,21774,43477
20210209,1호선,제기동,18943,19862,38805
20210209,1호선,신설동,13327,12899,26226
20210209,1호선,동대문,10423,9627,20050
20210209,1호선,종로5가,21550,21142,42692
20210209,1호선,종로3가,23176,20834,44010
20210209,1호선,종각,32548,30943,63491
20210209,1호선,시청,20063,19848,39911
20210209,1호선,동묘앞,7481,7614,15095
20210209,1호선,서울,36135,36127,72262
20210210,1호선,서울,35214,36627,71841
20210210,1호선,동묘앞,7503,7749,15252
20210210,1호선,시청,18621,18084,36705
20210210,1호선,종각,29115,26937,56052
20210210,1호선,종로3가,22756,20327,43083
20210210,1호선,종로5가,21363,20630,41993
20210210,1호선,동대문,10160,9042,19202
20210210,1호선,신설동,13099,12259,25358
20210210,1호선,제기동,17597,18130,35727
20210210,1호선,청량리,20949,21417,42366
20210211,1호선,청량리,11403,11846,23249
20210211,1호선,제기동,8574,8444,17018
20210211,1호선,신설동,4937,4122,9059
20210211,1호선,동대문,6710,6990,13700
20210211,1호선,종로5가,7534,7472,15006
20210211,1호선,종로3가,9476,8243,17719
20210211,1호선,종각,7907,6986,14893
20210211,1호선,시청,4187,3893,8080
20210211,1호선,동묘앞,6611,6919,13530
20210211,1호선,서울,14110,19009,33119
20210212,1호선,서울,13174,12858,26032
20210212,1호선,동묘앞,4168,4722,8890
20210212,1호선,시청,3032,3020,6052
20210212,1호선,종각,6732,6324,13056
20210212,1호선,종로3가,6024,5296,11320
20210212,1호선,종로5가,3016,3145,6161
20210212,1호선,동대문,6292,6110,12402
20210212,1호선,신설동,3244,3082,6326
20210212,1호선,제기동,3144,3198,6342
20210212,1호선,청량리,6211,6073,12284
20210215,1호선,청량리,17019,17115,34134
20210215,1호선,제기동,14480,14791,29271
20210215,1호선,신설동,12288,12387,24675
20210215,1호선,동대문,8779,8828,17607
20210215,1호선,종로5가,20055,19718,39773
20210215,1호선,종로3가,21809,20352,42161
20210215,1호선,종각,29785,28545,58330
20210215,1호선,시청,18335,18197,36532
20210215,1호선,동묘앞,6279,6740,13019
20210215,1호선,서울,37791,32541,70332
20210216,1호선,서울,40058,35325,75383
20210216,1호선,동묘앞,6003,6281,12284
20210216,1호선,시청,19836,19960,39796
20210216,1호선,종각,33249,31647,64896
20210216,1호선,종로3가,21505,20109,41614
20210216,1호선,종로5가,20889,20437,41326
20210216,1호선,동대문,9676,9024,18700
20210216,1호선,신설동,12762,12714,25476
20210216,1호선,제기동,14086,14330,28416
20210216,1호선,청량리,17340,17303,34643
20210217,1호선,서울,37960,35160,73120
20210217,1호선,동묘앞,5824,6140,11964
20210217,1호선,시청,19876,19715,39591
20210217,1호선,종각,33039,31541,64580
20210217,1호선,종로3가,20902,19400,40302
20210217,1호선,종로5가,20008,19663,39671
20210217,1호선,동대문,9417,8738,18155
20210217,1호선,신설동,12595,12689,25284
20210217,1호선,제기동,13194,13292,26486
20210217,1호선,청량리,16563,16519,33082
20210218,1호선,제기동,14101,14286,28387
20210218,1호선,신설동,12844,12616,25460
20210218,1호선,종로5가,20254,20033,40287
20210218,1호선,종로3가,21651,19753,41404
20210218,1호선,종각,32970,31508,64478
20210218,1호선,시청,19892,19946,39838
20210218,1호선,동묘앞,6454,6851,13305
20210218,1호선,서울,38765,35499,74264
20210218,1호선,청량리,17083,17093,34176
20210218,1호선,동대문,9706,8948,18654
20210219,1호선,서울,42457,39595,82052
20210219,1호선,동묘앞,7684,8126,15810
20210219,1호선,시청,20745,20826,41571
20210219,1호선,종각,34094,32618,66712
20210219,1호선,종로3가,24774,22744,47518
20210219,1호선,종로5가,21932,21714,43646
20210219,1호선,동대문,10614,9953,20567
20210219,1호선,신설동,13283,13206,26489
20210219,1호선,제기동,16652,16824,33476
20210219,1호선,청량리,19968,20055,40023
20210222,1호선,서울,39434,36597,76031
20210222,1호선,동묘앞,7370,7763,15133
20210222,1호선,시청,19937,19919,39856
20210222,1호선,종각,33262,31838,65100
20210222,1호선,종로3가,23779,22024,45803
20210222,1호선,종로5가,21812,21639,43451
20210222,1호선,동대문,10595,10060,20655
20210222,1호선,신설동,13218,13310,26528
20210222,1호선,제기동,17334,17814,35148
20210222,1호선,청량리,19745,19780,39525
20210223,1호선,청량리,19532,19282,38814
20210223,1호선,제기동,16730,17084,33814
20210223,1호선,신설동,13020,12735,25755
20210223,1호선,동대문,10517,9826,20343
20210223,1호선,종로5가,21455,21275,42730
20210223,1호선,종로3가,23132,21154,44286
20210223,1호선,종각,33801,32159,65960
20210223,1호선,시청,20722,20551,41273
20210223,1호선,동묘앞,7137,7344,14481
20210223,1호선,서울,39101,36460,75561
20210224,1호선,청량리,19410,19174,38584
20210224,1호선,제기동,17017,17582,34599
20210224,1호선,신설동,13395,13150,26545
20210224,1호선,동대문,10520,9859,20379
20210224,1호선,종로5가,21576,21179,42755
20210224,1호선,종로3가,24078,21919,45997
20210224,1호선,종각,34125,32531,66656
20210224,1호선,시청,20772,20697,41469
20210224,1호선,동묘앞,7718,8175,15893
20210224,1호선,서울,40202,37338,77540
20210225,1호선,서울,40416,37564,77980
20210225,1호선,동묘앞,7234,7536,14770
20210225,1호선,시청,20519,20903,41422
20210225,1호선,종각,34148,32514,66662
20210225,1호선,종로3가,23602,21381,44983
20210225,1호선,종로5가,21545,21288,42833
20210225,1호선,동대문,10403,9701,20104
20210225,1호선,신설동,13496,13356,26852
20210225,1호선,제기동,16113,16467,32580
20210225,1호선,청량리,19208,19305,38513
20210226,1호선,서울,44373,43581,87954
20210226,1호선,동묘앞,8125,8598,16723
20210226,1호선,시청,20562,20776,41338
20210226,1호선,종각,34807,33338,68145
20210226,1호선,종로3가,25298,23193,48491
20210226,1호선,종로5가,22053,21980,44033
20210226,1호선,동대문,10980,10390,21370
20210226,1호선,신설동,13611,13317,26928
20210226,1호선,제기동,16229,16325,32554
20210226,1호선,청량리,19970,19860,39830
20210301,1호선,서울,22275,17654,39929
20210301,1호선,동묘앞,3236,3447,6683
20210301,1호선,시청,5813,5816,11629
20210301,1호선,종각,9717,8760,18477
20210301,1호선,종로3가,10584,10291,20875
20210301,1호선,종로5가,10444,10040,20484
20210301,1호선,동대문,6514,6310,12824
20210301,1호선,신설동,4997,5134,10131
20210301,1호선,제기동,6698,6883,13581
20210301,1호선,청량리,8871,8999,17870
20210302,1호선,청량리,19548,19370,38918
20210302,1호선,제기동,16358,16673,33031
20210302,1호선,신설동,13581,13278,26859
20210302,1호선,동대문,10532,9922,20454
20210302,1호선,종로5가,21670,21446,43116
20210302,1호선,종로3가,22799,20844,43643
20210302,1호선,종각,33110,32068,65178
20210302,1호선,시청,20239,20332,40571
20210302,1호선,동묘앞,7736,8024,15760
20210302,1호선,서울,38569,35327,73896
20210303,1호선,서울,38740,36086,74826
20210303,1호선,시청,20978,21041,42019
20210303,1호선,종각,34189,32967,67156
20210303,1호선,종로3가,24111,21758,45869
20210303,1호선,종로5가,22016,21817,43833
20210303,1호선,동대문,10756,10008,20764
20210303,1호선,신설동,13958,13820,27778
20210303,1호선,제기동,17022,17179,34201
20210303,1호선,청량리,19715,19802,39517
20210303,1호선,동묘앞,8281,8634,16915
20210304,1호선,서울,39384,36459,75843
20210304,1호선,동묘앞,8036,8418,16454
20210304,1호선,시청,20839,20857,41696
20210304,1호선,종각,34163,32751,66914
20210304,1호선,종로3가,24071,22122,46193
20210304,1호선,종로5가,21636,21594,43230
20210304,1호선,동대문,10532,10061,20593
20210304,1호선,신설동,13976,13828,27804
20210304,1호선,제기동,16827,16965,33792
20210304,1호선,청량리,19547,19594,39141
20210305,1호선,청량리,20684,20614,41298
20210305,1호선,제기동,17642,17692,35334
20210305,1호선,신설동,14124,13787,27911
20210305,1호선,동대문,11002,10456,21458
20210305,1호선,종로5가,22679,22807,45486
20210305,1호선,종로3가,26197,23910,50107
20210305,1호선,종각,34983,33614,68597
20210305,1호선,시청,21302,21127,42429
20210305,1호선,동묘앞,8719,9249,17968
20210305,1호선,서울,43347,41173,84520
20210308,1호선,서울,38662,36316,74978
20210308,1호선,동묘앞,7962,8385,16347
20210308,1호선,시청,20115,20125,40240
20210308,1호선,종각,33285,32108,65393
20210308,1호선,종로3가,24174,22224,46398
20210308,1호선,종로5가,21836,21910,43746
20210308,1호선,동대문,10939,10474,21413
20210308,1호선,신설동,13819,13735,27554
20210308,1호선,제기동,17005,17298,34303
20210308,1호선,청량리,19769,19774,39543
20210309,1호선,서울,38644,36039,74683
20210309,1호선,동묘앞,8386,9013,17399
20210309,1호선,시청,21187,19986,41173
20210309,1호선,종각,34003,32023,66026
20210309,1호선,종로3가,24560,22409,46969
20210309,1호선,종로5가,22645,22019,44664
20210309,1호선,동대문,10964,10412,21376
20210309,1호선,신설동,13740,13486,27226
20210309,1호선,제기동,17384,17429,34813
20210309,1호선,청량리,20429,20145,40574
20210310,1호선,서울,39255,36809,76064
20210310,1호선,동묘앞,8556,9020,17576
20210310,1호선,시청,21353,21352,42705
20210310,1호선,종각,34644,33509,68153
20210310,1호선,종로3가,25498,23349,48847
20210310,1호선,종로5가,22272,22091,44363
20210310,1호선,동대문,11084,10488,21572
20210310,1호선,신설동,14019,14056,28075
20210310,1호선,제기동,17148,17325,34473
20210310,1호선,청량리,20063,19966,40029
20210311,1호선,서울,40184,37250,77434
20210311,1호선,동묘앞,8480,8993,17473
20210311,1호선,시청,21183,21178,42361
20210311,1호선,종각,34133,33146,67279
20210311,1호선,종로3가,24762,22442,47204
20210311,1호선,종로5가,22552,22487,45039
20210311,1호선,동대문,10906,10201,21107
20210311,1호선,신설동,13983,13827,27810
20210311,1호선,제기동,17045,17333,34378
20210311,1호선,청량리,19791,19694,39485
20210312,1호선,서울,44072,42114,86186
20210312,1호선,동묘앞,7932,8423,16355
20210312,1호선,시청,20953,20850,41803
20210312,1호선,종각,34582,33341,67923
20210312,1호선,종로3가,25306,23330,48636
20210312,1호선,종로5가,22468,22298,44766
20210312,1호선,동대문,10669,10199,20868
20210312,1호선,신설동,14073,13833,27906
20210312,1호선,제기동,16727,16898,33625
20210312,1호선,청량리,20345,20267,40612
20210315,1호선,청량리,19703,19479,39182
20210315,1호선,제기동,17041,17595,34636
20210315,1호선,신설동,13685,13602,27287
20210315,1호선,동대문,10748,10461,21209
20210315,1호선,종로5가,21773,21703,43476
20210315,1호선,종로3가,24155,22313,46468
20210315,1호선,종각,33799,32858,66657
20210315,1호선,시청,20281,20140,40421
20210315,1호선,동묘앞,7926,8386,16312
20210315,1호선,서울,39870,37210,77080
20210316,1호선,서울,39227,37069,76296
20210316,1호선,동묘앞,8418,8894,17312
20210316,1호선,시청,21037,20795,41832
20210316,1호선,종각,33915,32595,66510
20210316,1호선,종로3가,24114,22185,46299
20210316,1호선,종로5가,22579,22260,44839
20210316,1호선,동대문,11044,10404,21448
20210316,1호선,신설동,13940,13761,27701
20210316,1호선,제기동,17489,17608,35097
20210316,1호선,청량리,19971,19890,39861
20210317,1호선,서울,39716,37292,77008
20210317,1호선,동묘앞,8767,9125,17892
20210317,1호선,시청,21669,21660,43329
20210317,1호선,종각,34929,33520,68449
20210317,1호선,종로3가,25674,23232,48906
20210317,1호선,종로5가,22457,22302,44759
20210317,1호선,동대문,11064,10565,21629
20210317,1호선,신설동,14000,13853,27853
20210317,1호선,제기동,17677,18084,35761
20210317,1호선,청량리,20191,20171,40362
20210318,1호선,청량리,20552,20417,40969
20210318,1호선,제기동,17742,18325,36067
20210318,1호선,신설동,13948,13776,27724
20210318,1호선,동대문,10951,10400,21351
20210318,1호선,종로5가,22448,22564,45012
20210318,1호선,종로3가,25164,22922,48086
20210318,1호선,시청,21389,21428,42817
20210318,1호선,종각,34411,33493,67904
20210318,1호선,동묘앞,8390,8887,17277
20210318,1호선,서울,41475,38755,80230
20210319,1호선,서울,45184,44029,89213
20210319,1호선,동묘앞,9218,9704,18922
20210319,1호선,시청,21733,21664,43397
20210319,1호선,종각,35312,34234,69546
20210319,1호선,종로3가,27143,24825,51968
20210319,1호선,종로5가,23240,23425,46665
20210319,1호선,동대문,11519,11080,22599
20210319,1호선,신설동,14425,14164,28589
20210319,1호선,제기동,18446,18800,37246
20210319,1호선,청량리,21761,21732,43493
20210322,1호선,서울,40305,37285,77590
20210322,1호선,동묘앞,8052,8499,16551
20210322,1호선,시청,20593,20652,41245
20210322,1호선,종각,34058,32764,66822
20210322,1호선,종로3가,24080,22226,46306
20210322,1호선,종로5가,21985,21765,43750
20210322,1호선,동대문,10635,10114,20749
20210322,1호선,신설동,13738,13647,27385
20210322,1호선,제기동,17657,18176,35833
20210322,1호선,청량리,20081,19896,39977
20210323,1호선,서울,40034,37504,77538
20210323,1호선,동묘앞,8520,9099,17619
20210323,1호선,시청,21637,21736,43373
20210323,1호선,종각,34374,32964,67338
20210323,1호선,종로3가,24733,22646,47379
20210323,1호선,종로5가,22816,22657,45473
20210323,1호선,동대문,10892,10464,21356
20210323,1호선,신설동,13830,13778,27608
20210323,1호선,제기동,18216,18395,36611
20210323,1호선,청량리,20305,20317,40622
20210324,1호선,청량리,20304,20166,40470
20210324,1호선,제기동,17771,18120,35891
20210324,1호선,신설동,14100,13874,27974
20210324,1호선,동대문,10924,10445,21369
20210324,1호선,종로5가,22485,22411,44896
20210324,1호선,종로3가,25778,23384,49162
20210324,1호선,종각,35054,33783,68837
20210324,1호선,시청,21900,22071,43971
20210324,1호선,동묘앞,8722,9150,17872
20210324,1호선,서울,40385,38022,78407
20210325,1호선,서울,41632,39415,81047
20210325,1호선,동묘앞,8968,9340,18308
20210325,1호선,시청,21931,22045,43976
20210325,1호선,종각,34957,33600,68557
20210325,1호선,종로3가,26108,23751,49859
20210325,1호선,종로5가,23409,23251,46660
20210325,1호선,동대문,11121,10582,21703
20210325,1호선,신설동,14195,13941,28136
20210325,1호선,제기동,18320,18785,37105
20210325,1호선,청량리,21002,20899,41901
20210326,1호선,청량리,22008,22011,44019
20210326,1호선,제기동,18857,19321,38178
20210326,1호선,신설동,14762,14270,29032
20210326,1호선,동대문,11488,10803,22291
20210326,1호선,종로5가,23724,23722,47446
20210326,1호선,종로3가,27521,25110,52631
20210326,1호선,종각,35343,34108,69451
20210326,1호선,시청,21936,22203,44139
20210326,1호선,동묘앞,9300,9701,19001
20210326,1호선,서울,46290,45215,91505
20210329,1호선,청량리,20308,19719,40027
20210329,1호선,제기동,17595,18098,35693
20210329,1호선,신설동,13857,13693,27550
20210329,1호선,동대문,10487,10217,20704
20210329,1호선,종로5가,22033,21810,43843
20210329,1호선,종로3가,23961,21971,45932
20210329,1호선,종각,33077,32028,65105
20210329,1호선,시청,20468,20189,40657
20210329,1호선,동묘앞,8190,8479,16669
20210329,1호선,서울,40194,37825,78019
20210330,1호선,서울,39617,37216,76833
20210330,1호선,동묘앞,8845,9276,18121
20210330,1호선,시청,21525,21736,43261
20210330,1호선,종각,34431,33248,67679
20210330,1호선,종로3가,24561,22398,46959
20210330,1호선,종로5가,22661,22660,45321
20210330,1호선,동대문,11065,10370,21435
20210330,1호선,신설동,14115,13839,27954
20210330,1호선,제기동,18496,18633,37129
20210330,1호선,청량리,20849,20633,41482
20210331,1호선,서울,40187,37994,78181
20210331,1호선,동묘앞,9085,9493,18578
20210331,1호선,시청,22183,22324,44507
20210331,1호선,종각,33766,32941,66707
20210331,1호선,종로3가,26153,23234,49387
20210331,1호선,종로5가,22972,22713,45685
20210331,1호선,동대문,10987,10631,21618
20210331,1호선,신설동,14296,14004,28300
20210331,1호선,제기동,18291,18642,36933
20210331,1호선,청량리,20716,20559,41275
20210401,1호선,제기동,17600,18110,35710
20210401,1호선,신설동,14174,13873,28047
20210401,1호선,동대문,11071,10368,21439
20210401,1호선,종로5가,22426,22446,44872
20210401,1호선,종로3가,25724,23189,48913
20210401,1호선,종각,34502,33300,67802
20210401,1호선,시청,21816,22115,43931
20210401,1호선,동묘앞,8727,9137,17864
20210401,1호선,서울,41201,38888,80089
20210401,1호선,청량리,20302,20027,40329
20210402,1호선,청량리,21469,21130,42599
20210402,1호선,제기동,18181,18742,36923
20210402,1호선,신설동,14427,13996,28423
20210402,1호선,동대문,11462,10891,22353
20210402,1호선,종로5가,22980,23000,45980
20210402,1호선,종로3가,27031,24477,51508
20210402,1호선,종각,34335,33481,67816
20210402,1호선,시청,22440,22166,44606
20210402,1호선,동묘앞,9141,9580,18721
20210402,1호선,서울,45734,44788,90522
20210405,1호선,서울,40877,37981,78858
20210405,1호선,청량리,20102,20012,40114
20210405,1호선,제기동,18265,18638,36903
20210405,1호선,신설동,13814,13864,27678
20210405,1호선,동대문,11044,10722,21766
20210405,1호선,종로5가,22214,22379,44593
20210405,1호선,종로3가,25447,22883,48330
20210405,1호선,종각,33816,32911,66727
20210405,1호선,시청,20654,20728,41382
20210405,1호선,동묘앞,8275,8551,16826
20210406,1호선,제기동,18509,18943,37452
20210406,1호선,신설동,13948,13726,27674
20210406,1호선,동대문,11420,10675,22095
20210406,1호선,종로5가,22852,22471,45323
20210406,1호선,종로3가,25208,22915,48123
20210406,1호선,종각,34657,33500,68157
20210406,1호선,시청,22047,22182,44229
20210406,1호선,동묘앞,8688,9024,17712
20210406,1호선,서울,40131,38017,78148
20210406,1호선,청량리,20740,20328,41068
20210407,1호선,청량리,19805,19424,39229
20210407,1호선,제기동,17306,17780,35086
20210407,1호선,신설동,14044,13785,27829
20210407,1호선,동대문,10908,10370,21278
20210407,1호선,종로5가,22071,21787,43858
20210407,1호선,종로3가,25278,22962,48240
20210407,1호선,종각,34198,33120,67318
20210407,1호선,시청,20969,21301,42270
20210407,1호선,동묘앞,8666,9066,17732
20210407,1호선,서울,40190,37629,77819
20210408,1호선,청량리,20427,20323,40750
20210408,1호선,제기동,17947,18308,36255
20210408,1호선,신설동,13971,13763,27734
20210408,1호선,동대문,10907,10297,21204
20210408,1호선,종로5가,22780,22656,45436
20210408,1호선,종로3가,24817,22702,47519
20210408,1호선,종각,34234,33246,67480
20210408,1호선,시청,21633,21823,43456
20210408,1호선,동묘앞,8642,8985,17627
20210408,1호선,서울,40529,38593,79122
20210409,1호선,서울,44358,43789,88147
20210409,1호선,동묘앞,8977,9305,18282
20210409,1호선,시청,21445,21605,43050
20210409,1호선,종각,34889,33550,68439
20210409,1호선,종로3가,26140,24058,50198
20210409,1호선,종로5가,23071,23116,46187
20210409,1호선,동대문,11287,10647,21934
20210409,1호선,신설동,14442,14025,28467
20210409,1호선,제기동,18354,18731,37085
20210409,1호선,청량리,21690,21437,43127
20210412,1호선,서울,39422,36523,75945
20210412,1호선,동묘앞,5963,6399,12362
20210412,1호선,시청,19910,19976,39886
20210412,1호선,종각,34335,32288,66623
20210412,1호선,종로3가,21829,20573,42402
20210412,1호선,종로5가,21477,20625,42102
20210412,1호선,동대문,10138,9766,19904
20210412,1호선,신설동,13150,13310,26460
20210412,1호선,제기동,15172,15452,30624
20210412,1호선,청량리,17859,17956,35815
20210413,1호선,서울,39550,37340,76890
20210413,1호선,동묘앞,8180,8642,16822
20210413,1호선,시청,21403,21206,42609
20210413,1호선,종각,34396,33312,67708
20210413,1호선,종로3가,23865,21997,45862
20210413,1호선,종로5가,22286,21802,44088
20210413,1호선,동대문,10792,10254,21046
20210413,1호선,신설동,13711,13545,27256
20210413,1호선,제기동,17084,17416,34500
20210413,1호선,청량리,19922,19949,39871
20210414,1호선,청량리,19857,19916,39773
20210414,1호선,제기동,17123,17592,34715
20210414,1호선,신설동,13939,13783,27722
20210414,1호선,동대문,10928,10260,21188
20210414,1호선,종로5가,22331,21983,44314
20210414,1호선,종로3가,24745,22701,47446
20210414,1호선,종각,35003,33811,68814
20210414,1호선,시청,21163,21359,42522
20210414,1호선,동묘앞,8531,8897,17428
20210414,1호선,서울,39909,37916,77825
20210415,1호선,서울,40937,38661,79598
20210415,1호선,청량리,20581,20355,40936
20210415,1호선,제기동,17871,18266,36137
20210415,1호선,신설동,14028,13642,27670
20210415,1호선,동대문,10880,10425,21305
20210415,1호선,종로5가,22556,22181,44737
20210415,1호선,종로3가,25023,22755,47778
20210415,1호선,종각,34083,32925,67008
20210415,1호선,시청,21373,21632,43005
20210415,1호선,동묘앞,8561,9098,17659
20210416,1호선,서울,42996,42247,85243
20210416,1호선,동묘앞,7332,7583,14915
20210416,1호선,시청,20530,20906,41436
20210416,1호선,종각,33478,32486,65964
20210416,1호선,종로3가,24351,22686,47037
20210416,1호선,종로5가,21723,21785,43508
20210416,1호선,동대문,10624,9929,20553
20210416,1호선,신설동,13696,13294,26990
20210416,1호선,제기동,15864,16045,31909
20210416,1호선,청량리,19616,19628,39244
20210419,1호선,청량리,20230,20116,40346
20210419,1호선,제기동,17489,18003,35492
20210419,1호선,신설동,13714,13610,27324
20210419,1호선,동대문,10706,10359,21065
20210419,1호선,종로5가,21903,21996,43899
20210419,1호선,종로3가,23946,22138,46084
20210419,1호선,종각,33622,32687,66309
20210419,1호선,시청,19984,20173,40157
20210419,1호선,동묘앞,8029,8474,16503
20210419,1호선,서울,40111,37225,77336
20210420,1호선,제기동,17711,17885,35596
20210420,1호선,청량리,20635,20559,41194
20210420,1호선,신설동,13747,13540,27287
20210420,1호선,동대문,11029,10602,21631
20210420,1호선,종로5가,22584,22550,45134
20210420,1호선,종로3가,24452,22264,46716
20210420,1호선,종각,34044,33299,67343
20210420,1호선,시청,21232,21372,42604
20210420,1호선,동묘앞,8780,9184,17964
20210420,1호선,서울,39441,37340,76781
20210421,1호선,청량리,20170,20125,40295
20210421,1호선,제기동,17067,17408,34475
20210421,1호선,신설동,14100,13845,27945
20210421,1호선,동대문,10914,10320,21234
20210421,1호선,종로5가,22056,21302,43358
20210421,1호선,종로3가,25046,22883,47929
20210421,1호선,종각,34114,33410,67524
20210421,1호선,시청,21193,21586,42779
20210421,1호선,동묘앞,8622,8916,17538
20210421,1호선,서울,39607,37714,77321
20210422,1호선,서울,40615,38481,79096
20210422,1호선,동묘앞,8307,8749,17056
20210422,1호선,시청,21508,21688,43196
20210422,1호선,종각,33758,33256,67014
20210422,1호선,종로3가,24585,22286,46871
20210422,1호선,종로5가,22233,21283,43516
20210422,1호선,동대문,10782,10176,20958
20210422,1호선,신설동,13835,13485,27320
20210422,1호선,제기동,17008,17417,34425
20210422,1호선,청량리,20029,19879,39908
20210423,1호선,청량리,20776,21028,41804
20210423,1호선,제기동,17213,17342,34555
20210423,1호선,신설동,14135,13700,27835
20210423,1호선,동대문,11153,10631,21784
20210423,1호선,종로5가,22324,21743,44067
20210423,1호선,종로3가,25883,23446,49329
20210423,1호선,종각,33861,33216,67077
20210423,1호선,시청,21225,21535,42760
20210423,1호선,동묘앞,8702,8966,17668
20210423,1호선,서울,44451,43306,87757
20210426,1호선,청량리,20166,19914,40080
20210426,1호선,제기동,17082,17404,34486
20210426,1호선,신설동,14013,13851,27864
20210426,1호선,동대문,10919,10574,21493
20210426,1호선,종로5가,21770,21699,43469
20210426,1호선,종로3가,24187,22054,46241
20210426,1호선,종각,33582,32723,66305
20210426,1호선,시청,20603,20542,41145
20210426,1호선,동묘앞,8054,8516,16570
20210426,1호선,서울,40245,37827,78072
20210427,1호선,시청,21672,21651,43323
20210427,1호선,종각,34300,33294,67594
20210427,1호선,종로3가,23559,21591,45150
20210427,1호선,종로5가,22180,21997,44177
20210427,1호선,동대문,10863,10312,21175
20210427,1호선,신설동,13888,13599,27487
20210427,1호선,제기동,16982,17425,34407
20210427,1호선,청량리,20945,19985,40930
20210427,1호선,서울,40091,37557,77648
20210427,1호선,동묘앞,8192,8604,16796
20210428,1호선,청량리,19803,19521,39324
20210428,1호선,제기동,16856,17267,34123
20210428,1호선,신설동,14222,13943,28165
20210428,1호선,동대문,10924,10447,21371
20210428,1호선,종로5가,22058,21930,43988
20210428,1호선,종로3가,24908,22549,47457
20210428,1호선,종각,34796,33554,68350
20210428,1호선,시청,21595,21740,43335
20210428,1호선,동묘앞,8509,8932,17441
20210428,1호선,서울,40416,38091,78507
20210429,1호선,동대문,10942,10206,21148
20210429,1호선,종로5가,21585,21496,43081
20210429,1호선,종로3가,24134,21873,46007
20210429,1호선,종각,33869,33246,67115
20210429,1호선,시청,21609,21871,43480
20210429,1호선,동묘앞,8131,8522,16653
20210429,1호선,서울,41115,39292,80407
20210429,1호선,청량리,19893,19794,39687
20210429,1호선,신설동,14108,13804,27912
20210429,1호선,제기동,16851,17118,33969
20210430,1호선,서울,45826,45476,91302
20210430,1호선,동묘앞,8173,8609,16782
20210430,1호선,시청,21269,21561,42830
20210430,1호선,종각,34387,33182,67569
20210430,1호선,종로3가,24699,22675,47374
20210430,1호선,종로5가,22402,22072,44474
20210430,1호선,동대문,11254,10675,21929
20210430,1호선,신설동,14232,13781,28013
20210430,1호선,제기동,16972,17205,34177
20210430,1호선,청량리,20583,20510,41093
20210503,1호선,서울,41152,38541,79693
20210503,1호선,청량리,20661,20716,41377
20210503,1호선,제기동,18064,18494,36558
20210503,1호선,신설동,13980,13767,27747
20210503,1호선,동대문,11400,11099,22499
20210503,1호선,종로5가,22573,22432,45005
20210503,1호선,종로3가,25469,23374,48843
20210503,1호선,종각,33367,32452,65819
20210503,1호선,시청,20918,20937,41855
20210503,1호선,동묘앞,8402,8790,17192
20210504,1호선,서울,41511,39743,81254
20210504,1호선,동묘앞,6462,6870,13332
20210504,1호선,청량리,17990,18065,36055
20210504,1호선,제기동,14890,14938,29828
20210504,1호선,신설동,13424,13339,26763
20210504,1호선,동대문,10688,9990,20678
20210504,1호선,종로5가,21874,21270,43144
20210504,1호선,종로3가,23099,21417,44516
20210504,1호선,종각,34410,32634,67044
20210504,1호선,시청,21221,20957,42178
20210505,1호선,서울,22203,21221,43424
20210505,1호선,동묘앞,9905,10424,20329
20210505,1호선,시청,8158,8084,16242
20210505,1호선,종각,15240,13359,28599
20210505,1호선,종로3가,18520,16886,35406
20210505,1호선,종로5가,15863,15533,31396
20210505,1호선,동대문,11121,11639,22760
20210505,1호선,신설동,7584,7136,14720
20210505,1호선,제기동,13256,13789,27045
20210505,1호선,청량리,15323,15537,30860
20210506,1호선,서울,41911,40169,82080
20210506,1호선,동묘앞,8562,8944,17506
20210506,1호선,시청,21220,21492,42712
20210506,1호선,종각,34765,33867,68632
20210506,1호선,종로3가,25739,23362,49101
20210506,1호선,종로5가,22636,22694,45330
20210506,1호선,동대문,11366,10993,22359
20210506,1호선,신설동,14025,13781,27806
20210506,1호선,제기동,17650,18020,35670
20210506,1호선,청량리,20919,20777,41696
20210507,1호선,동묘앞,7687,7959,15646
20210507,1호선,시청,20964,21144,42108
20210507,1호선,종각,34600,33190,67790
20210507,1호선,종로3가,24374,22546,46920
20210507,1호선,종로5가,21954,21726,43680
20210507,1호선,동대문,11214,10340,21554
20210507,1호선,신설동,14006,13373,27379
20210507,1호선,제기동,16082,16131,32213
20210507,1호선,청량리,20127,20058,40185
20210507,1호선,서울,45018,45709,90727
20210510,1호선,청량리,19059,18909,37968
20210510,1호선,제기동,15845,16153,31998
20210510,1호선,신설동,13563,13551,27114
20210510,1호선,동대문,10411,10037,20448
20210510,1호선,종로5가,21070,21223,42293
20210510,1호선,종로3가,23654,21451,45105
20210510,1호선,종각,33289,32794,66083
20210510,1호선,시청,20411,20560,40971
20210510,1호선,동묘앞,6851,7341,14192
20210510,1호선,서울,41548,37411,78959
20210511,1호선,서울,41228,38422,79650
20210511,1호선,동묘앞,8768,9294,18062
20210511,1호선,시청,21747,22291,44038
20210511,1호선,종각,35046,34297,69343
20210511,1호선,종로3가,25873,23881,49754
20210511,1호선,종로5가,23533,23464,46997
20210511,1호선,동대문,11464,10752,22216
20210511,1호선,신설동,14013,13599,27612
20210511,1호선,제기동,18016,18436,36452
20210511,1호선,청량리,20599,20622,41221
20210512,1호선,청량리,20151,19992,40143
20210512,1호선,제기동,17489,17798,35287
20210512,1호선,신설동,14084,13809,27893
20210512,1호선,동대문,11288,10875,22163
20210512,1호선,종로5가,23001,22777,45778
20210512,1호선,종로3가,25895,23579,49474
20210512,1호선,종각,36242,35238,71480
20210512,1호선,시청,22052,22521,44573
20210512,1호선,동묘앞,8887,9178,18065
20210512,1호선,서울,41350,39038,80388
20210513,1호선,서울,41919,39554,81473
20210513,1호선,동묘앞,8302,8646,16948
20210513,1호선,시청,21837,22400,44237
20210513,1호선,종각,35379,34537,69916
20210513,1호선,종로3가,25900,23680,49580
20210513,1호선,종로5가,22798,22618,45416
20210513,1호선,동대문,11112,10496,21608
20210513,1호선,신설동,14044,13710,27754
20210513,1호선,제기동,17131,17360,34491
20210513,1호선,청량리,20281,20109,40390
20210514,1호선,동묘앞,8547,9045,17592
20210514,1호선,서울,46916,45584,92500
20210514,1호선,청량리,21065,21047,42112
20210514,1호선,제기동,17546,17789,35335
20210514,1호선,신설동,14494,14156,28650
20210514,1호선,동대문,11318,10818,22136
20210514,1호선,종로5가,23160,23182,46342
20210514,1호선,종로3가,26905,24503,51408
20210514,1호선,종각,36228,35157,71385
20210514,1호선,시청,21889,22780,44669
20210517,1호선,청량리,18661,18362,37023
20210517,1호선,제기동,15245,15412,30657
20210517,1호선,신설동,13413,13188,26601
20210517,1호선,동대문,10524,10096,20620
20210517,1호선,종로5가,21097,21195,42292
20210517,1호선,종로3가,23282,21442,44724
20210517,1호선,종각,33383,32924,66307
20210517,1호선,시청,20327,20663,40990
20210517,1호선,동묘앞,6609,7062,13671
20210517,1호선,서울,40400,38180,78580
20210518,1호선,동묘앞,9409,9700,19109
20210518,1호선,시청,22268,22805,45073
20210518,1호선,종각,36110,35628,71738
20210518,1호선,종로3가,27388,24851,52239
20210518,1호선,종로5가,23737,23585,47322
20210518,1호선,동대문,11743,11195,22938
20210518,1호선,신설동,14372,13886,28258
20210518,1호선,제기동,17965,18467,36432
20210518,1호선,청량리,21397,21306,42703
20210518,1호선,서울,44134,41981,86115
20210519,1호선,청량리,15646,15864,31510
20210519,1호선,제기동,13690,14245,27935
20210519,1호선,신설동,7884,7485,15369
20210519,1호선,동대문,10558,10606,21164
20210519,1호선,종로5가,16271,16229,32500
20210519,1호선,종로3가,19962,17450,37412
20210519,1호선,종각,21390,19774,41164
20210519,1호선,시청,9284,9347,18631
20210519,1호선,동묘앞,10714,11084,21798
20210519,1호선,서울,23655,22224,45879
20210520,1호선,서울,41656,39236,80892
20210520,1호선,동묘앞,7436,7746,15182
20210520,1호선,시청,21368,22064,43432
20210520,1호선,종각,34360,33291,67651
20210520,1호선,종로3가,24431,22324,46755
20210520,1호선,종로5가,22019,22057,44076
20210520,1호선,동대문,10638,10177,20815
20210520,1호선,신설동,13740,13530,27270
20210520,1호선,제기동,15847,16017,31864
20210520,1호선,청량리,19021,19075,38096
20210521,1호선,동묘앞,7857,8155,16012
20210521,1호선,시청,21182,22117,43299
20210521,1호선,종각,34714,33924,68638
20210521,1호선,종로3가,25940,23938,49878
20210521,1호선,종로5가,22600,22878,45478
20210521,1호선,동대문,10995,10426,21421
20210521,1호선,신설동,14230,13900,28130
20210521,1호선,제기동,16439,16534,32973
20210521,1호선,청량리,20010,20012,40022
20210521,1호선,서울,45343,44060,89403
20210524,1호선,서울,41877,39079,80956
20210524,1호선,동묘앞,8021,8527,16548
20210524,1호선,시청,20955,21088,42043
20210524,1호선,종각,34283,33726,68009
20210524,1호선,종로3가,24781,22625,47406
20210524,1호선,종로5가,22374,22254,44628
20210524,1호선,동대문,11059,10787,21846
20210524,1호선,신설동,13984,13719,27703
20210524,1호선,제기동,17250,17653,34903
20210524,1호선,청량리,19992,19937,39929
20210525,1호선,서울,40757,38088,78845
20210525,1호선,동묘앞,7983,8393,16376
20210525,1호선,시청,21663,22359,44022
20210525,1호선,종각,34628,34069,68697
20210525,1호선,종로3가,24565,22348,46913
20210525,1호선,종로5가,22387,22256,44643
20210525,1호선,동대문,11072,10454,21526
20210525,1호선,신설동,13990,13425,27415
20210525,1호선,제기동,16470,16569,33039
20210525,1호선,청량리,19724,19862,39586
20210526,1호선,서울,41601,39055,80656
20210526,1호선,동묘앞,8588,8891,17479
20210526,1호선,시청,22190,22686,44876
20210526,1호선,종각,35774,35100,70874
20210526,1호선,종로3가,25617,23467,49084
20210526,1호선,종로5가,22826,22713,45539
20210526,1호선,동대문,11171,10639,21810
20210526,1호선,신설동,14176,13749,27925
20210526,1호선,제기동,17390,17902,35292
20210526,1호선,청량리,20415,20349,40764
20210527,1호선,서울,41013,38410,79423
20210527,1호선,동묘앞,6800,7119,13919
20210527,1호선,시청,21222,21903,43125
20210527,1호선,종각,33548,33263,66811
20210527,1호선,종로3가,23314,21096,44410
20210527,1호선,종로5가,21068,21260,42328
20210527,1호선,동대문,10373,9724,20097
20210527,1호선,신설동,13612,13221,26833
20210527,1호선,제기동,14576,14553,29129
20210527,1호선,청량리,18375,18102,36477
20210528,1호선,청량리,19296,19332,38628
20210528,1호선,제기동,15468,15481,30949
20210528,1호선,신설동,13969,13326,27295
20210528,1호선,동대문,10689,10017,20706
20210528,1호선,종로5가,21648,21785,43433
20210528,1호선,종로3가,24306,22237,46543
20210528,1호선,종각,34168,34014,68182
20210528,1호선,시청,21185,21840,43025
20210528,1호선,동묘앞,7415,7816,15231
20210528,1호선,서울,45163,44190,89353
20210531,1호선,청량리,19707,19600,39307
20210531,1호선,제기동,16885,17265,34150
20210531,1호선,신설동,13876,13560,27436
20210531,1호선,동대문,10931,10595,21526
20210531,1호선,종로5가,21770,21744,43514
20210531,1호선,종로3가,23753,21493,45246
20210531,1호선,종각,33441,32733,66174
20210531,1호선,시청,20733,21086,41819
20210531,1호선,동묘앞,7641,7955,15596
20210531,1호선,서울,40264,37649,77913
20210601,1호선,청량리,19471,19469,38940
20210601,1호선,제기동,16708,16982,33690
20210601,1호선,신설동,13865,13495,27360
20210601,1호선,동대문,10842,10245,21087
20210601,1호선,종로5가,22299,21965,44264
20210601,1호선,종로3가,24067,21792,45859
20210601,1호선,종각,33888,33666,67554
20210601,1호선,시청,21454,21916,43370
20210601,1호선,동묘앞,8062,8374,16436
20210601,1호선,서울,39859,37520,77379
20210602,1호선,청량리,19700,19633,39333
20210602,1호선,제기동,16923,17246,34169
20210602,1호선,신설동,14143,13714,27857
20210602,1호선,동대문,10973,10334,21307
20210602,1호선,종로5가,22531,22357,44888
20210602,1호선,종로3가,24846,22614,47460
20210602,1호선,종각,35245,34299,69544
20210602,1호선,시청,21206,21826,43032
20210602,1호선,동묘앞,8344,8750,17094
20210602,1호선,서울,40701,38207,78908
20210603,1호선,청량리,18023,17997,36020
20210603,1호선,제기동,14673,14983,29656
20210603,1호선,신설동,13522,13427,26949
20210603,1호선,동대문,10313,9677,19990
20210603,1호선,종로5가,22073,21127,43200
20210603,1호선,종로3가,22591,21303,43894
20210603,1호선,종각,35030,33412,68442
20210603,1호선,시청,21263,21551,42814
20210603,1호선,동묘앞,6373,6736,13109
20210603,1호선,서울,40557,38110,78667
20210604,1호선,서울,46128,44015,90143
20210604,1호선,동묘앞,9035,9706,18741
20210604,1호선,시청,20732,22747,43479
20210604,1호선,종각,34785,35418,70203
20210604,1호선,종로3가,27550,25130,52680
20210604,1호선,종로5가,22801,24359,47160
20210604,1호선,동대문,11671,11441,23112
20210604,1호선,신설동,14595,14644,29239
20210604,1호선,제기동,17482,18638,36120
20210604,1호선,청량리,20873,21387,42260
20210607,1호선,서울,40235,37625,77860
20210607,1호선,동묘앞,7247,7688,14935
20210607,1호선,시청,20583,20727,41310
20210607,1호선,종각,33538,33113,66651
20210607,1호선,종로3가,23899,21904,45803
20210607,1호선,종로5가,21186,21285,42471
20210607,1호선,동대문,10626,10253,20879
20210607,1호선,신설동,13630,13339,26969
20210607,1호선,제기동,16407,16900,33307
20210607,1호선,청량리,19254,19188,38442
20210608,1호선,청량리,19534,19524,39058
20210608,1호선,제기동,17018,17305,34323
20210608,1호선,신설동,13561,13377,26938
20210608,1호선,동대문,11053,10390,21443
20210608,1호선,종로5가,22110,22232,44342
20210608,1호선,종로3가,24348,22201,46549
20210608,1호선,종각,34559,33766,68325
20210608,1호선,시청,21312,21343,42655
20210608,1호선,동묘앞,7912,8290,16202
20210608,1호선,서울,40452,38127,78579
20210609,1호선,서울,40581,38305,78886
20210609,1호선,동묘앞,7868,8159,16027
20210609,1호선,시청,21441,21562,43003
20210609,1호선,종각,34777,34100,68877
20210609,1호선,종로3가,24251,21973,46224
20210609,1호선,종로5가,21588,21328,42916
20210609,1호선,동대문,10821,10135,20956
20210609,1호선,신설동,13906,13630,27536
20210609,1호선,제기동,16164,16567,32731
20210609,1호선,청량리,19288,19247,38535
20210610,1호선,서울,41153,39043,80196
20210610,1호선,동묘앞,7953,8301,16254
20210610,1호선,시청,21137,21632,42769
20210610,1호선,종각,35912,34435,70347
20210610,1호선,종로3가,23911,22066,45977
20210610,1호선,종로5가,22361,21945,44306
20210610,1호선,동대문,10661,10096,20757
20210610,1호선,신설동,13949,13707,27656
20210610,1호선,제기동,16815,17163,33978
20210610,1호선,청량리,19787,19814,39601
20210611,1호선,서울,44815,43301,88116
20210611,1호선,동묘앞,7996,8424,16420
20210611,1호선,시청,20273,21066,41339
20210611,1호선,종각,33336,33051,66387
20210611,1호선,종로3가,25119,23187,48306
20210611,1호선,종로5가,22034,22056,44090
20210611,1호선,동대문,11036,10388,21424
20210611,1호선,신설동,13778,13339,27117
20210611,1호선,제기동,16544,16835,33379
20210611,1호선,청량리,19839,20051,39890
20210614,1호선,청량리,19318,19546,38864
20210614,1호선,제기동,16308,16740,33048
20210614,1호선,신설동,13728,13528,27256
20210614,1호선,동대문,10907,10611,21518
20210614,1호선,종로5가,21707,21729,43436
20210614,1호선,종로3가,23903,21835,45738
20210614,1호선,종각,34144,33351,67495
20210614,1호선,시청,20110,20506,40616
20210614,1호선,동묘앞,7441,7738,15179
20210614,1호선,서울,41095,38464,79559
20210615,1호선,청량리,19022,18890,37912
20210615,1호선,제기동,15593,15613,31206
20210615,1호선,신설동,13690,13324,27014
20210615,1호선,동대문,10437,9933,20370
20210615,1호선,종로5가,21364,21563,42927
20210615,1호선,종로3가,24117,21767,45884
20210615,1호선,종각,33811,33348,67159
20210615,1호선,시청,20977,21334,42311
20210615,1호선,동묘앞,6941,7200,14141
20210615,1호선,서울,40401,38002,78403
20210616,1호선,청량리,19971,20015,39986
20210616,1호선,제기동,16771,17252,34023
20210616,1호선,신설동,13957,13591,27548
20210616,1호선,동대문,11059,10692,21751
20210616,1호선,종로5가,22596,22437,45033
20210616,1호선,종로3가,25147,22893,48040
20210616,1호선,종각,34826,34345,69171
20210616,1호선,시청,21778,22093,43871
20210616,1호선,동묘앞,8373,8674,17047
20210616,1호선,서울,41406,39275,80681
20210617,1호선,동묘앞,8180,8492,16672
20210617,1호선,서울,43105,40596,83701
20210617,1호선,청량리,20033,20189,40222
20210617,1호선,제기동,17174,17429,34603
20210617,1호선,신설동,13975,13667,27642
20210617,1호선,동대문,10942,10386,21328
20210617,1호선,종로5가,22843,22527,45370
20210617,1호선,종로3가,24906,22814,47720
20210617,1호선,종각,34834,34035,68869
20210617,1호선,시청,21293,21853,43146
20210618,1호선,서울,45606,44328,89934
20210618,1호선,동묘앞,7148,7635,14783
20210618,1호선,시청,20879,21482,42361
20210618,1호선,종각,33870,33430,67300
20210618,1호선,종로3가,25147,23012,48159
20210618,1호선,종로5가,22096,22484,44580
20210618,1호선,동대문,10933,10056,20989
20210618,1호선,신설동,13809,13184,26993
20210618,1호선,제기동,15558,15665,31223
20210618,1호선,청량리,19642,19634,39276
20210621,1호선,서울,42934,40646,83580
20210621,1호선,동묘앞,7709,8216,15925
20210621,1호선,시청,21216,21859,43075
20210621,1호선,종각,35061,34514,69575
20210621,1호선,종로3가,24866,22808,47674
20210621,1호선,종로5가,22872,22620,45492
20210621,1호선,동대문,11110,10854,21964
20210621,1호선,신설동,14062,13846,27908
20210621,1호선,제기동,17408,17600,35008
20210621,1호선,청량리,20136,20290,40426
20210622,1호선,서울,42754,40373,83127
20210622,1호선,동묘앞,8010,8178,16188
20210622,1호선,시청,21944,22203,44147
20210622,1호선,종각,35501,34930,70431
20210622,1호선,종로3가,25378,22985,48363
20210622,1호선,종로5가,23042,22971,46013
20210622,1호선,동대문,11116,10635,21751
20210622,1호선,신설동,14043,13757,27800
20210622,1호선,제기동,17011,17433,34444
20210622,1호선,청량리,19645,19568,39213
20210623,1호선,서울,43450,41207,84657
20210623,1호선,동묘앞,7861,8167,16028
20210623,1호선,시청,22237,22345,44582
20210623,1호선,종각,35964,35024,70988
20210623,1호선,종로3가,25522,23077,48599
20210623,1호선,종로5가,22888,22691,45579
20210623,1호선,동대문,11183,10756,21939
20210623,1호선,신설동,14149,13753,27902
20210623,1호선,제기동,16730,17148,33878
20210623,1호선,청량리,19775,19794,39569
20210624,1호선,서울,44583,42039,86622
20210624,1호선,동묘앞,8061,8445,16506
20210624,1호선,시청,22208,22521,44729
20210624,1호선,종각,36372,35529,71901
20210624,1호선,종로3가,25966,23825,49791
20210624,1호선,종로5가,22989,23092,46081
20210624,1호선,동대문,11004,10456,21460
20210624,1호선,신설동,14250,13795,28045
20210624,1호선,제기동,16880,17321,34201
20210624,1호선,청량리,19797,19733,39530
20210625,1호선,청량리,21304,21387,42691
20210625,1호선,제기동,17617,17893,35510
20210625,1호선,신설동,14507,14131,28638
20210625,1호선,동대문,11816,11030,22846
20210625,1호선,종로5가,24354,23941,48295
20210625,1호선,종로3가,27491,25200,52691
20210625,1호선,종각,35879,35059,70938
20210625,1호선,시청,22158,22541,44699
20210625,1호선,동묘앞,8513,8880,17393
20210625,1호선,서울,48414,47564,95978
20210628,1호선,청량리,19193,19399,38592
20210628,1호선,제기동,16489,16748,33237
20210628,1호선,신설동,13902,13576,27478
20210628,1호선,동대문,10827,10612,21439
20210628,1호선,종로5가,21624,21734,43358
20210628,1호선,종로3가,24021,21955,45976
20210628,1호선,종각,34371,34049,68420
20210628,1호선,시청,20844,21339,42183
20210628,1호선,동묘앞,7129,7397,14526
20210628,1호선,서울,42683,39732,82415
20210629,1호선,동묘앞,7620,7733,15353
20210629,1호선,종로5가,22910,22442,45352
20210629,1호선,종로3가,24380,22162,46542
20210629,1호선,종각,35782,35141,70923
20210629,1호선,시청,21803,22253,44056
20210629,1호선,서울,42523,39921,82444
20210629,1호선,청량리,19602,19661,39263
20210629,1호선,제기동,16847,17175,34022
20210629,1호선,신설동,13931,13627,27558
20210629,1호선,동대문,11062,10469,21531
20210630,1호선,청량리,19060,18920,37980
20210630,1호선,제기동,16253,16810,33063
20210630,1호선,신설동,14087,13702,27789
20210630,1호선,동대문,10985,10403,21388
20210630,1호선,종로5가,22624,22167,44791
20210630,1호선,종로3가,24559,22187,46746
20210630,1호선,종각,35553,34718,70271
20210630,1호선,시청,22188,22644,44832
20210630,1호선,동묘앞,7554,7904,15458
20210630,1호선,서울,42545,39641,82186
20210701,1호선,서울,41854,40070,81924
20210701,1호선,동묘앞,8097,8459,16556
20210701,1호선,시청,21905,22301,44206
20210701,1호선,종각,36208,35430,71638
20210701,1호선,종로3가,25002,22518,47520
20210701,1호선,종로5가,22764,22786,45550
20210701,1호선,동대문,11181,10597,21778
20210701,1호선,신설동,14121,13751,27872
20210701,1호선,제기동,17207,17555,34762
20210701,1호선,청량리,19832,19926,39758
20210702,1호선,청량리,20868,20891,41759
20210702,1호선,제기동,17525,18048,35573
20210702,1호선,신설동,14142,13723,27865
20210702,1호선,동대문,11522,10830,22352
20210702,1호선,종로5가,23154,23232,46386
20210702,1호선,종로3가,25860,23214,49074
20210702,1호선,종각,35975,35270,71245
20210702,1호선,시청,21859,22439,44298
20210702,1호선,동묘앞,8546,8871,17417
20210702,1호선,서울,45748,45778,91526
20210705,1호선,동대문,11297,10669,21966
20210705,1호선,서울,41969,39653,81622
20210705,1호선,종로5가,22239,22295,44534
20210705,1호선,종로3가,26790,25286,52076
20210705,1호선,종각,36170,35440,71610
20210705,1호선,시청,21396,21552,42948
20210705,1호선,동묘앞,8046,8428,16474
20210705,1호선,신설동,14167,13915,28082
20210705,1호선,제기동,17669,18203,35872
20210705,1호선,청량리,20279,20028,40307
20210706,1호선,서울,41637,39262,80899
20210706,1호선,동묘앞,8351,8748,17099
20210706,1호선,시청,21846,22157,44003
20210706,1호선,종각,36172,35754,71926
20210706,1호선,종로3가,26562,24561,51123
20210706,1호선,종로5가,22779,22795,45574
20210706,1호선,동대문,11251,10653,21904
20210706,1호선,신설동,14015,13653,27668
20210706,1호선,제기동,17473,18086,35559
20210706,1호선,청량리,19938,19934,39872
20210707,1호선,서울,40137,38071,78208
20210707,1호선,동묘앞,7629,8065,15694
20210707,1호선,시청,21797,21728,43525
20210707,1호선,종각,36036,34569,70605
20210707,1호선,종로3가,25521,24007,49528
20210707,1호선,종로5가,21560,21516,43076
20210707,1호선,동대문,10688,10060,20748
20210707,1호선,신설동,13834,13760,27594
20210707,1호선,제기동,16574,16865,33439
20210707,1호선,청량리,19088,19263,38351
20210708,1호선,청량리,18508,18311,36819
20210708,1호선,제기동,16003,16412,32415
20210708,1호선,신설동,13475,13147,26622
20210708,1호선,동대문,10368,9714,20082
20210708,1호선,종로5가,21242,21046,42288
20210708,1호선,종로3가,24252,22637,46889
20210708,1호선,종각,33875,33068,66943
20210708,1호선,시청,21048,21064,42112
20210708,1호선,동묘앞,7487,7804,15291
20210708,1호선,서울,39057,37277,76334
20210709,1호선,서울,41401,40852,82253
20210709,1호선,동묘앞,7652,7976,15628
20210709,1호선,시청,20488,20612,41100
20210709,1호선,종각,32656,32054,64710
20210709,1호선,종로3가,24560,22723,47283
20210709,1호선,종로5가,21036,21082,42118
20210709,1호선,동대문,10653,9999,20652
20210709,1호선,신설동,13566,13270,26836
20210709,1호선,제기동,16837,17249,34086
20210709,1호선,청량리,19329,19577,38906
20210712,1호선,서울,34388,32807,67195
20210712,1호선,동묘앞,6708,6976,13684
20210712,1호선,시청,18028,18122,36150
20210712,1호선,종각,29169,28572,57741
20210712,1호선,종로3가,21751,20413,42164
20210712,1호선,종로5가,19082,18946,38028
20210712,1호선,동대문,9802,9365,19167
20210712,1호선,신설동,12658,12475,25133
20210712,1호선,제기동,14389,14559,28948
20210712,1호선,청량리,17068,17090,34158
20210713,1호선,청량리,17067,17049,34116
20210713,1호선,제기동,14251,14462,28713
20210713,1호선,신설동,12432,12277,24709
20210713,1호선,동대문,9655,9111,18766
20210713,1호선,종로5가,19514,19220,38734
20210713,1호선,종로3가,21410,19989,41399
20210713,1호선,종각,28023,27513,55536
20210713,1호선,시청,18642,18376,37018
20210713,1호선,동묘앞,7018,7336,14354
20210713,1호선,서울,32702,31105,63807
20210714,1호선,서울,32840,31277,64117
20210714,1호선,동묘앞,6570,6768,13338
20210714,1호선,시청,18351,18151,36502
20210714,1호선,종각,28216,27525,55741
20210714,1호선,종로3가,21035,19546,40581
20210714,1호선,종로5가,18865,18709,37574
20210714,1호선,신설동,12311,12238,24549
20210714,1호선,제기동,13823,14001,27824
20210714,1호선,청량리,16638,16642,33280
20210714,1호선,동대문,9464,8855,18319
20210715,1호선,청량리,16469,16582,33051
20210715,1호선,제기동,13825,13935,27760
20210715,1호선,신설동,12262,12064,24326
20210715,1호선,동대문,9526,8830,18356
20210715,1호선,종로5가,18759,18496,37255
20210715,1호선,종로3가,20732,19294,40026
20210715,1호선,종각,27566,26809,54375
20210715,1호선,시청,17960,17853,35813
20210715,1호선,동묘앞,6369,6663,13032
20210715,1호선,서울,32732,31265,63997
20210716,1호선,청량리,17508,17598,35106
20210716,1호선,제기동,14538,14547,29085
20210716,1호선,신설동,12430,12155,24585
20210716,1호선,종로5가,19220,19082,38302
20210716,1호선,종로3가,21310,19900,41210
20210716,1호선,종각,27378,26396,53774
20210716,1호선,시청,17627,17493,35120
20210716,1호선,동묘앞,6638,6782,13420
20210716,1호선,서울,34673,34979,69652
20210716,1호선,동대문,9887,9095,18982
20210719,1호선,서울,33065,31137,64202
20210719,1호선,동묘앞,6147,6389,12536
20210719,1호선,시청,17730,17697,35427
20210719,1호선,종각,27950,27208,55158
20210719,1호선,종로3가,20869,19581,40450
20210719,1호선,종로5가,18953,18726,37679
20210719,1호선,동대문,9519,9108,18627
20210719,1호선,신설동,12282,12308,24590
20210719,1호선,제기동,14229,14680,28909
20210719,1호선,청량리,16754,16829,33583
20210720,1호선,동묘앞,6813,7065,13878
20210720,1호선,서울,33072,31123,64195
20210720,1호선,시청,18315,18221,36536
20210720,1호선,종각,27964,27079,55043
20210720,1호선,종로3가,21410,19943,41353
20210720,1호선,종로5가,19834,19767,39601
20210720,1호선,동대문,9856,9218,19074
20210720,1호선,신설동,12175,12157,24332
20210720,1호선,제기동,15037,15509,30546
20210720,1호선,청량리,17575,17503,35078
20210721,1호선,청량리,16549,16723,33272
20210721,1호선,제기동,13744,13854,27598
20210721,1호선,신설동,12257,11985,24242
20210721,1호선,동대문,9604,8889,18493
20210721,1호선,종로5가,18705,18358,37063
20210721,1호선,종로3가,20620,19314,39934
20210721,1호선,종각,28190,26981,55171
20210721,1호선,시청,18173,18096,36269
20210721,1호선,동묘앞,6448,6603,13051
20210721,1호선,서울,32581,30731,63312
20210722,1호선,청량리,16242,16133,32375
20210722,1호선,제기동,13235,13222,26457
20210722,1호선,신설동,11774,11646,23420
20210722,1호선,동대문,9515,8790,18305
20210722,1호선,종로5가,18534,18471,37005
20210722,1호선,종로3가,20484,18819,39303
20210722,1호선,종각,27512,26652,54164
20210722,1호선,시청,17756,17900,35656
20210722,1호선,동묘앞,5978,6184,12162
20210722,1호선,서울,32408,31138,63546
20210723,1호선,청량리,17380,17595,34975
20210723,1호선,제기동,13872,14027,27899
20210723,1호선,신설동,12284,11983,24267
20210723,1호선,동대문,9745,9122,18867
20210723,1호선,종로5가,19277,18963,38240
20210723,1호선,종로3가,21347,19954,41301
20210723,1호선,종각,27413,26649,54062
20210723,1호선,시청,17923,17716,35639
20210723,1호선,동묘앞,6309,6599,12908
20210723,1호선,서울,34533,34962,69495
20210726,1호선,청량리,17126,17006,34132
20210726,1호선,제기동,13812,14093,27905
20210726,1호선,신설동,12175,12096,24271
20210726,1호선,동대문,9683,9205,18888
20210726,1호선,종로5가,18775,18702,37477
20210726,1호선,종로3가,20503,18946,39449
20210726,1호선,종각,27906,27220,55126
20210726,1호선,시청,17832,17763,35595
20210726,1호선,동묘앞,6071,6212,12283
20210726,1호선,서울,33236,31444,64680
20210727,1호선,시청,18300,18110,36410
20210727,1호선,종각,28168,27358,55526
20210727,1호선,종로3가,20795,19008,39803
20210727,1호선,종로5가,19006,18706,37712
20210727,1호선,동대문,9531,8879,18410
20210727,1호선,신설동,11932,11917,23849
20210727,1호선,제기동,13900,14055,27955
20210727,1호선,청량리,16566,16776,33342
20210727,1호선,동묘앞,6045,6347,12392
20210727,1호선,서울,32732,30717,63449
20210728,1호선,서울,32768,31314,64082
20210728,1호선,동묘앞,6203,6574,12777
20210728,1호선,시청,18149,18231,36380
20210728,1호선,종각,27952,27135,55087
20210728,1호선,종로3가,21135,19356,40491
20210728,1호선,종로5가,18835,18767,37602
20210728,1호선,신설동,12089,11872,23961
20210728,1호선,제기동,13659,13735,27394
20210728,1호선,청량리,16277,16547,32824
20210728,1호선,동대문,9505,8929,18434
20210729,1호선,서울,32523,31593,64116
20210729,1호선,동묘앞,6310,6587,12897
20210729,1호선,시청,17780,17663,35443
20210729,1호선,종각,27780,27268,55048
20210729,1호선,종로3가,18545,17222,35767
20210729,1호선,종로5가,18685,18608,37293
20210729,1호선,동대문,9542,8977,18519
20210729,1호선,신설동,11850,11638,23488
20210729,1호선,제기동,13964,14188,28152
20210729,1호선,청량리,16488,16618,33106
20210730,1호선,청량리,17186,17411,34597
20210730,1호선,제기동,13831,14009,27840
20210730,1호선,신설동,11992,11672,23664
20210730,1호선,동대문,9923,9304,19227
20210730,1호선,종로5가,18747,18526,37273
20210730,1호선,종로3가,18383,17132,35515
20210730,1호선,종각,27599,26673,54272
20210730,1호선,시청,17853,17806,35659
20210730,1호선,동묘앞,6605,6681,13286
20210730,1호선,서울,35317,36047,71364
20210802,1호선,청량리,15841,15923,31764
20210802,1호선,제기동,14056,14504,28560
20210802,1호선,신설동,10989,10664,21653
20210802,1호선,종로5가,14532,14771,29303
20210802,1호선,종로3가,16546,15324,31870
20210802,1호선,종각,27272,26868,54140
20210802,1호선,시청,17114,17269,34383
20210802,1호선,동묘앞,5907,6290,12197
20210802,1호선,서울,33689,30803,64492
20210802,1호선,동대문,9941,9516,19457
20210803,1호선,서울,33138,30410,63548
20210803,1호선,동묘앞,6344,6553,12897
20210803,1호선,시청,17612,17510,35122
20210803,1호선,종각,27893,27158,55051
20210803,1호선,종로3가,16920,15426,32346
20210803,1호선,종로5가,15070,15061,30131
20210803,1호선,동대문,9763,9250,19013
20210803,1호선,신설동,11015,10978,21993
20210803,1호선,제기동,14031,14281,28312
20210803,1호선,청량리,16228,16319,32547
20210804,1호선,청량리,15966,15956,31922
20210804,1호선,제기동,13565,13711,27276
20210804,1호선,신설동,11034,10940,21974
20210804,1호선,동대문,9508,8966,18474
20210804,1호선,종로5가,15048,15104,30152
20210804,1호선,종로3가,17647,16405,34052
20210804,1호선,종각,28198,27437,55635
20210804,1호선,시청,17748,17620,35368
20210804,1호선,동묘앞,6114,6368,12482
20210804,1호선,서울,32699,30765,63464
20210805,1호선,서울,33127,31822,64949
20210805,1호선,동묘앞,6392,6539,12931
20210805,1호선,시청,17929,17715,35644
20210805,1호선,종각,28425,27520,55945
20210805,1호선,종로3가,21479,20146,41625
20210805,1호선,종로5가,18813,18558,37371
20210805,1호선,동대문,9870,9317,19187
20210805,1호선,신설동,11268,11307,22575
20210805,1호선,제기동,14235,14376,28611
20210805,1호선,청량리,16955,17045,34000
20210806,1호선,청량리,17388,17480,34868
20210806,1호선,제기동,14628,14684,29312
20210806,1호선,신설동,11236,11141,22377
20210806,1호선,동대문,10061,9261,19322
20210806,1호선,종로5가,19260,18856,38116
20210806,1호선,종로3가,21808,20195,42003
20210806,1호선,종각,27789,26895,54684
20210806,1호선,시청,17909,17720,35629
20210806,1호선,동묘앞,6432,6686,13118
20210806,1호선,서울,34834,34595,69429
20210809,1호선,청량리,17775,17672,35447
20210809,1호선,제기동,14994,15462,30456
20210809,1호선,신설동,11950,11812,23762
20210809,1호선,동대문,8217,7365,15582
20210809,1호선,종로5가,19020,18961,37981
20210809,1호선,종로3가,22472,20865,43337
20210809,1호선,종각,29314,28519,57833
20210809,1호선,시청,18101,18079,36180
20210809,1호선,동묘앞,6254,6263,12517
20210809,1호선,서울,34351,32137,66488
20210810,1호선,청량리,17727,17877,35604
20210810,1호선,제기동,14803,15188,29991
20210810,1호선,신설동,11987,11937,23924
20210810,1호선,동대문,8077,7300,15377
20210810,1호선,종로5가,19749,19612,39361
20210810,1호선,종로3가,22463,20893,43356
20210810,1호선,종각,29865,28991,58856
20210810,1호선,시청,18726,18711,37437
20210810,1호선,동묘앞,6360,6372,12732
20210810,1호선,서울,33688,32091,65779
20210811,1호선,서울,33257,31727,64984
20210811,1호선,동묘앞,6186,6416,12602
20210811,1호선,시청,18442,18389,36831
20210811,1호선,종각,29015,28140,57155
20210811,1호선,종로3가,22151,20405,42556
20210811,1호선,종로5가,19244,19045,38289
20210811,1호선,동대문,7825,7344,15169
20210811,1호선,신설동,11931,11702,23633
20210811,1호선,제기동,14346,14496,28842
20210811,1호선,청량리,16973,17293,34266
20210812,1호선,시청,18375,18226,36601
20210812,1호선,동묘앞,6337,6533,12870
20210812,1호선,서울,33479,32642,66121
20210812,1호선,청량리,17306,17170,34476
20210812,1호선,제기동,14289,14741,29030
20210812,1호선,신설동,11463,11695,23158
20210812,1호선,동대문,8057,7228,15285
20210812,1호선,종로5가,19382,19057,38439
20210812,1호선,종로3가,21944,20542,42486
20210812,1호선,종각,29000,28209,57209
20210813,1호선,서울,35691,37301,72992
20210813,1호선,동묘앞,6867,7032,13899
20210813,1호선,시청,17942,17902,35844
20210813,1호선,종각,28005,26970,54975
20210813,1호선,종로3가,22407,20877,43284
20210813,1호선,종로5가,19667,19341,39008
20210813,1호선,동대문,8189,7315,15504
20210813,1호선,신설동,11972,11742,23714
20210813,1호선,제기동,15023,15283,30306
20210813,1호선,청량리,17851,18259,36110
20210816,1호선,서울,25243,20057,45300
20210816,1호선,동묘앞,6964,7314,14278
20210816,1호선,시청,6639,6200,12839
20210816,1호선,종각,11972,10941,22913
20210816,1호선,종로3가,18568,17283,35851
20210816,1호선,종로5가,15030,14809,29839
20210816,1호선,동대문,7980,8483,16463
20210816,1호선,신설동,6729,6751,13480
20210816,1호선,제기동,12055,12880,24935
20210816,1호선,청량리,13890,14309,28199
20210817,1호선,서울,35636,33095,68731
20210817,1호선,동묘앞,6965,7376,14341
20210817,1호선,시청,18585,18629,37214
20210817,1호선,종각,29648,28105,57753
20210817,1호선,종로3가,22026,20796,42822
20210817,1호선,종로5가,20515,19888,40403
20210817,1호선,동대문,10013,9424,19437
20210817,1호선,신설동,12284,12339,24623
20210817,1호선,제기동,15096,15747,30843
20210817,1호선,청량리,17523,17628,35151
20210818,1호선,청량리,17436,17456,34892
20210818,1호선,제기동,14422,14816,29238
20210818,1호선,신설동,12614,12382,24996
20210818,1호선,동대문,9895,9122,19017
20210818,1호선,종로5가,19890,19642,39532
20210818,1호선,종로3가,22034,20245,42279
20210818,1호선,종각,28540,28054,56594
20210818,1호선,시청,18743,18727,37470
20210818,1호선,동묘앞,6915,7095,14010
20210818,1호선,서울,34561,32551,67112
20210819,1호선,동묘앞,7295,7505,14800
20210819,1호선,시청,19033,18980,38013
20210819,1호선,종각,28974,28611,57585
20210819,1호선,종로3가,22863,21130,43993
20210819,1호선,종로5가,20308,19998,40306
20210819,1호선,동대문,10102,9405,19507
20210819,1호선,신설동,12769,12609,25378
20210819,1호선,제기동,15450,15766,31216
20210819,1호선,청량리,17861,18156,36017
20210819,1호선,서울,35407,33888,69295
20210820,1호선,서울,37993,37072,75065
20210820,1호선,동묘앞,7608,8001,15609
20210820,1호선,시청,18812,18634,37446
20210820,1호선,종각,28986,27959,56945
20210820,1호선,종로3가,23563,21738,45301
20210820,1호선,종로5가,20713,20279,40992
20210820,1호선,동대문,10244,9507,19751
20210820,1호선,신설동,13024,12807,25831
20210820,1호선,제기동,15840,16349,32189
20210820,1호선,청량리,18878,18977,37855
20210823,1호선,서울,35759,33672,69431
20210823,1호선,동묘앞,5994,6185,12179
20210823,1호선,시청,18415,18328,36743
20210823,1호선,종각,29577,28422,57999
20210823,1호선,종로3가,21365,19823,41188
20210823,1호선,종로5가,19516,19014,38530
20210823,1호선,동대문,9767,9196,18963
20210823,1호선,신설동,12530,12644,25174
20210823,1호선,제기동,14693,15227,29920
20210823,1호선,청량리,17057,17245,34302
20210824,1호선,청량리,16200,16423,32623
20210824,1호선,제기동,13793,13865,27658
20210824,1호선,신설동,12196,12036,24232
20210824,1호선,동대문,9305,8677,17982
20210824,1호선,종로5가,19358,18961,38319
20210824,1호선,종로3가,21304,19556,40860
20210824,1호선,종각,28871,28038,56909
20210824,1호선,시청,18967,18704,37671
20210824,1호선,동묘앞,5952,6302,12254
20210824,1호선,서울,34723,32829,67552
20210825,1호선,청량리,18298,18314,36612
20210825,1호선,제기동,15639,15979,31618
20210825,1호선,신설동,13237,13005,26242
20210825,1호선,동대문,10138,9411,19549
20210825,1호선,종로5가,20479,20434,40913
20210825,1호선,종로3가,23230,21226,44456
20210825,1호선,종각,29998,29220,59218
20210825,1호선,시청,19446,19543,38989
20210825,1호선,동묘앞,7505,7581,15086
20210825,1호선,서울,36350,34559,70909
20210826,1호선,서울,36063,34777,70840
20210826,1호선,동묘앞,7660,8022,15682
20210826,1호선,시청,19625,19281,38906
20210826,1호선,종각,29565,28688,58253
20210826,1호선,종로3가,23467,21704,45171
20210826,1호선,종로5가,21001,20762,41763
20210826,1호선,동대문,10155,9631,19786
20210826,1호선,신설동,13067,12923,25990
20210826,1호선,제기동,16386,16754,33140
20210826,1호선,청량리,18677,18695,37372
20210827,1호선,서울,38526,37384,75910
20210827,1호선,동묘앞,6643,7045,13688
20210827,1호선,시청,18895,18631,37526
20210827,1호선,종각,28564,27896,56460
20210827,1호선,종로3가,22745,20880,43625
20210827,1호선,종로5가,20542,20132,40674
20210827,1호선,동대문,9991,9286,19277
20210827,1호선,신설동,12881,12699,25580
20210827,1호선,제기동,15100,15386,30486
20210827,1호선,청량리,18316,18305,36621
20210830,1호선,서울,36789,34629,71418
20210830,1호선,동묘앞,7510,7803,15313
20210830,1호선,시청,19397,19251,38648
20210830,1호선,종각,29847,29083,58930
20210830,1호선,종로3가,22859,21000,43859
20210830,1호선,종로5가,20755,20624,41379
20210830,1호선,동대문,10457,9938,20395
20210830,1호선,신설동,13161,13068,26229
20210830,1호선,제기동,16823,17557,34380
20210830,1호선,청량리,19005,19078,38083
20210831,1호선,종각,30242,28617,58859
20210831,1호선,종로3가,19972,19124,39096
20210831,1호선,종로5가,20167,19339,39506
20210831,1호선,신설동,12331,12578,24909
20210831,1호선,제기동,13850,14028,27878
20210831,1호선,청량리,16417,16622,33039
20210831,1호선,동대문,9571,9052,18623
20210831,1호선,서울,35669,33406,69075
20210831,1호선,동묘앞,5809,6035,11844
20210831,1호선,시청,19444,19266,38710
20210901,1호선,서울,35230,33318,68548
20210901,1호선,동묘앞,7373,7736,15109
20210901,1호선,시청,19504,19528,39032
20210901,1호선,종각,29710,29244,58954
20210901,1호선,종로3가,22710,20953,43663
20210901,1호선,종로5가,20138,19968,40106
20210901,1호선,동대문,10057,9384,19441
20210901,1호선,신설동,12996,12832,25828
20210901,1호선,제기동,15687,15955,31642
20210901,1호선,청량리,18107,17969,36076
20210902,1호선,청량리,19003,18995,37998
20210902,1호선,제기동,17388,17915,35303
20210902,1호선,신설동,13256,12968,26224
20210902,1호선,동대문,10497,9921,20418
20210902,1호선,종로5가,20951,20821,41772
20210902,1호선,종로3가,23228,21316,44544
20210902,1호선,종각,29883,29222,59105
20210902,1호선,시청,19565,19633,39198
20210902,1호선,동묘앞,7897,8325,16222
20210902,1호선,서울,36080,34436,70516
20210903,1호선,청량리,19702,19985,39687
20210903,1호선,제기동,17517,18141,35658
20210903,1호선,신설동,13428,13255,26683
20210903,1호선,동대문,10667,9982,20649
20210903,1호선,종로5가,21599,21075,42674
20210903,1호선,종로3가,24363,22157,46520
20210903,1호선,종각,30380,29680,60060
20210903,1호선,시청,20000,19829,39829
20210903,1호선,동묘앞,8136,8429,16565
20210903,1호선,서울,39881,39610,79491
20210906,1호선,청량리,18897,19021,37918
20210906,1호선,제기동,17162,17860,35022
20210906,1호선,신설동,13386,13280,26666
20210906,1호선,동대문,10259,9688,19947
20210906,1호선,종로5가,20825,20520,41345
20210906,1호선,종로3가,22189,20605,42794
20210906,1호선,종각,31490,29748,61238
20210906,1호선,시청,19264,19385,38649
20210906,1호선,동묘앞,7011,7393,14404
20210906,1호선,서울,36653,34918,71571
20210907,1호선,동대문,9371,8644,18015
20210907,1호선,서울,34751,32913,67664
20210907,1호선,동묘앞,5492,5860,11352
20210907,1호선,시청,19206,18955,38161
20210907,1호선,종각,30385,29399,59784
20210907,1호선,종로3가,20548,19014,39562
20210907,1호선,종로5가,19211,18903,38114
20210907,1호선,신설동,12545,12370,24915
20210907,1호선,제기동,13396,13503,26899
20210907,1호선,청량리,15964,15998,31962
20210908,1호선,서울,36687,35175,71862
20210908,1호선,동묘앞,8249,8565,16814
20210908,1호선,시청,20170,20490,40660
20210908,1호선,종각,30982,30391,61373
20210908,1호선,종로3가,24016,21980,45996
20210908,1호선,종로5가,21248,21115,42363
20210908,1호선,동대문,10774,10044,20818
20210908,1호선,신설동,13739,13382,27121
20210908,1호선,제기동,18132,18669,36801
20210908,1호선,청량리,19630,19720,39350
20210909,1호선,서울,37359,36232,73591
20210909,1호선,동묘앞,7814,8105,15919
20210909,1호선,시청,19805,19868,39673
20210909,1호선,종각,30678,29978,60656
20210909,1호선,종로3가,23819,21890,45709
20210909,1호선,종로5가,21690,21366,43056
20210909,1호선,동대문,10410,9711,20121
20210909,1호선,신설동,13534,13292,26826
20210909,1호선,제기동,18713,19400,38113
20210909,1호선,청량리,19741,19873,39614
20210910,1호선,서울,40550,39461,80011
20210910,1호선,동묘앞,8170,8432,16602
20210910,1호선,시청,19787,19903,39690
20210910,1호선,종각,29951,29528,59479
20210910,1호선,종로3가,24653,22600,47253
20210910,1호선,종로5가,21404,21190,42594
20210910,1호선,동대문,10738,10054,20792
20210910,1호선,신설동,13811,13375,27186
20210910,1호선,제기동,18445,19256,37701
20210910,1호선,청량리,20444,20596,41040
20210913,1호선,청량리,19665,19932,39597
20210913,1호선,제기동,18579,19339,37918
20210913,1호선,신설동,13563,13258,26821
20210913,1호선,동대문,10237,9964,20201
20210913,1호선,종로5가,21267,21130,42397
20210913,1호선,종로3가,23075,21158,44233
20210913,1호선,종각,30666,30356,61022
20210913,1호선,시청,19632,19608,39240
20210913,1호선,동묘앞,7280,7671,14951
20210913,1호선,서울,37348,35958,73306
20210914,1호선,종각,30873,30326,61199
20210914,1호선,종로3가,23863,21741,45604
20210914,1호선,종로5가,21917,21773,43690
20210914,1호선,동대문,10577,9923,20500
20210914,1호선,신설동,13476,13255,26731
20210914,1호선,제기동,19312,20098,39410
20210914,1호선,청량리,20263,20419,40682
20210914,1호선,서울,37022,35539,72561
20210914,1호선,동묘앞,7811,8206,16017
20210914,1호선,시청,20070,20337,40407
20210915,1호선,종로3가,24241,21964,46205
20210915,1호선,종로5가,22158,21643,43801
20210915,1호선,동대문,10586,9910,20496
20210915,1호선,신설동,13960,13782,27742
20210915,1호선,제기동,19473,20387,39860
20210915,1호선,청량리,20593,20621,41214
20210915,1호선,종각,31410,30802,62212
20210915,1호선,서울,38546,37683,76229
20210915,1호선,동묘앞,7837,8217,16054
20210915,1호선,시청,21021,20895,41916
20210916,1호선,서울,39445,42773,82218
20210916,1호선,동묘앞,8058,8313,16371
20210916,1호선,시청,20441,20616,41057
20210916,1호선,종각,31344,30598,61942
20210916,1호선,종로3가,24529,22010,46539
20210916,1호선,종로5가,22234,22068,44302
20210916,1호선,동대문,10835,9989,20824
20210916,1호선,신설동,14129,13733,27862
20210916,1호선,제기동,20163,21011,41174
20210916,1호선,청량리,21542,21415,42957
20210917,1호선,서울,37848,39480,77328
20210917,1호선,동묘앞,8256,8472,16728
20210917,1호선,시청,19552,19377,38929
20210917,1호선,종각,29897,29066,58963
20210917,1호선,종로3가,25083,22907,47990
20210917,1호선,종로5가,22668,22310,44978
20210917,1호선,동대문,11338,10494,21832
20210917,1호선,신설동,14289,13589,27878
20210917,1호선,제기동,19444,20422,39866
20210917,1호선,청량리,21954,22202,44156
20210920,1호선,서울,17590,18993,36583
20210920,1호선,동묘앞,7011,7213,14224
20210920,1호선,시청,4622,4338,8960
20210920,1호선,종각,7772,6719,14491
20210920,1호선,종로3가,10006,8784,18790
20210920,1호선,종로5가,7118,7220,14338
20210920,1호선,동대문,8108,8194,16302
20210920,1호선,신설동,4750,4193,8943
20210920,1호선,제기동,8257,8630,16887
20210920,1호선,청량리,11331,11395,22726
20210921,1호선,청량리,6310,6468,12778
20210921,1호선,제기동,3369,3432,6801
20210921,1호선,신설동,3215,3323,6538
20210921,1호선,동대문,6820,6399,13219
20210921,1호선,종로5가,3164,3365,6529
20210921,1호선,종로3가,6560,5910,12470
20210921,1호선,종각,6165,5774,11939
20210921,1호선,시청,3551,3523,7074
20210921,1호선,동묘앞,3528,4072,7600
20210921,1호선,서울,16684,14420,31104
20210922,1호선,청량리,9066,9129,18195
20210922,1호선,제기동,5349,5752,11101
20210922,1호선,신설동,4764,5213,9977
20210922,1호선,동대문,6669,6282,12951
20210922,1호선,종로5가,6606,6993,13599
20210922,1호선,종로3가,11662,10223,21885
20210922,1호선,종각,9232,8525,17757
20210922,1호선,시청,5675,5481,11156
20210922,1호선,동묘앞,6547,7200,13747
20210922,1호선,서울,20951,17404,38355
20210923,1호선,동대문,9327,9239,18566
20210923,1호선,서울,41066,32130,73196
20210923,1호선,동묘앞,7281,7923,15204
20210923,1호선,시청,18445,18601,37046
20210923,1호선,종각,27590,27155,54745
20210923,1호선,종로3가,22895,20953,43848
20210923,1호선,종로5가,20760,20944,41704
20210923,1호선,신설동,12413,12685,25098
20210923,1호선,제기동,13400,13800,27200
20210923,1호선,청량리,17014,16560,33574
20210924,1호선,서울,39630,36504,76134
20210924,1호선,동묘앞,7861,8294,16155
20210924,1호선,시청,19368,19567,38935
20210924,1호선,종각,29324,28732,58056
20210924,1호선,종로3가,24645,22435,47080
20210924,1호선,종로5가,22542,22415,44957
20210924,1호선,동대문,10668,10149,20817
20210924,1호선,신설동,13223,13114,26337
20210924,1호선,제기동,15034,15121,30155
20210924,1호선,청량리,18257,18368,36625
20210927,1호선,청량리,18179,18159,36338
20210927,1호선,제기동,15951,16220,32171
20210927,1호선,신설동,13581,13529,27110
20210927,1호선,동대문,10166,9591,19757
20210927,1호선,종로5가,21124,20919,42043
20210927,1호선,종로3가,22776,21178,43954
20210927,1호선,종각,30927,30201,61128
20210927,1호선,시청,19885,19796,39681
20210927,1호선,동묘앞,7303,7593,14896
20210927,1호선,서울,37565,36169,73734
20210928,1호선,제기동,15618,16017,31635
20210928,1호선,청량리,18276,18244,36520
20210928,1호선,신설동,13337,13186,26523
20210928,1호선,동대문,10296,9636,19932
20210928,1호선,종로5가,21678,20883,42561
20210928,1호선,종로3가,22959,21288,44247
20210928,1호선,종각,31395,30276,61671
20210928,1호선,시청,20370,20464,40834
20210928,1호선,동묘앞,7437,7880,15317
20210928,1호선,서울,37550,35432,72982
20210929,1호선,서울,36745,34334,71079
20210929,1호선,동묘앞,5948,6337,12285
20210929,1호선,시청,19901,20027,39928
20210929,1호선,종각,30319,29945,60264
20210929,1호선,종로3가,21491,19421,40912
20210929,1호선,종로5가,19782,19689,39471
20210929,1호선,동대문,9623,8972,18595
20210929,1호선,신설동,13125,12833,25958
20210929,1호선,제기동,13267,13216,26483
20210929,1호선,청량리,16342,15887,32229
20210930,1호선,서울,38921,36910,75831
20210930,1호선,동묘앞,8357,8669,17026
20210930,1호선,시청,20569,20822,41391
20210930,1호선,종각,31161,30884,62045
20210930,1호선,종로3가,24073,21888,45961
20210930,1호선,종로5가,21911,21633,43544
20210930,1호선,동대문,10532,9850,20382
20210930,1호선,신설동,13608,13449,27057
20210930,1호선,제기동,16679,16836,33515
20210930,1호선,청량리,18990,18841,37831
20211001,1호선,동묘앞,8313,8702,17015
20211001,1호선,시청,20150,20341,40491
20211001,1호선,종각,32153,30932,63085
20211001,1호선,종로3가,24611,22445,47056
20211001,1호선,종로5가,21953,21732,43685
20211001,1호선,동대문,10812,10061,20873
20211001,1호선,서울,42350,41754,84104
20211001,1호선,신설동,13907,13669,27576
20211001,1호선,제기동,16455,16775,33230
20211001,1호선,청량리,19657,19482,39139
20211004,1호선,청량리,13769,13825,27594
20211004,1호선,제기동,12532,13046,25578
20211004,1호선,신설동,7266,7214,14480
20211004,1호선,동대문,8231,8238,16469
20211004,1호선,종로5가,16504,15255,31759
20211004,1호선,종로3가,17696,16211,33907
20211004,1호선,종각,12500,11842,24342
20211004,1호선,시청,7150,7512,14662
20211004,1호선,동묘앞,6180,6578,12758
20211004,1호선,서울,24466,21330,45796
20211005,1호선,서울,38303,36946,75249
20211005,1호선,종각,32628,31900,64528
20211005,1호선,종로3가,23480,21768,45248
20211005,1호선,종로5가,21405,21454,42859
20211005,1호선,동대문,10155,9548,19703
20211005,1호선,신설동,13392,13325,26717
20211005,1호선,제기동,15747,16036,31783
20211005,1호선,청량리,18035,18090,36125
20211005,1호선,동묘앞,7294,7532,14826
20211005,1호선,시청,20561,20644,41205
20211006,1호선,청량리,17120,16850,33970
20211006,1호선,제기동,14233,14303,28536
20211006,1호선,신설동,13405,13133,26538
20211006,1호선,동대문,10024,9147,19171
20211006,1호선,종로5가,20476,20622,41098
20211006,1호선,종로3가,23029,21005,44034
20211006,1호선,종각,32352,32171,64523
20211006,1호선,시청,20478,20865,41343
20211006,1호선,동묘앞,6281,6572,12853
20211006,1호선,서울,37866,36336,74202
20211007,1호선,청량리,18515,18404,36919
20211007,1호선,제기동,16043,16245,32288
20211007,1호선,신설동,13355,13187,26542
20211007,1호선,동대문,10076,9430,19506
20211007,1호선,종로5가,21330,21535,42865
20211007,1호선,종로3가,24143,21948,46091
20211007,1호선,종각,31594,31363,62957
20211007,1호선,시청,20188,20451,40639
20211007,1호선,동묘앞,7313,7636,14949
20211007,1호선,서울,38769,37270,76039
20211008,1호선,동대문,10471,9768,20239
20211008,1호선,청량리,19098,19011,38109
20211008,1호선,제기동,15485,15580,31065
20211008,1호선,신설동,13528,13169,26697
20211008,1호선,종로5가,21922,21674,43596
20211008,1호선,종로3가,24226,22391,46617
20211008,1호선,종각,32192,31181,63373
20211008,1호선,시청,20502,20836,41338
20211008,1호선,동묘앞,6459,6799,13258
20211008,1호선,서울,43942,44407,88349
20211011,1호선,동묘앞,8616,9238,17854
20211011,1호선,시청,7934,7497,15431
20211011,1호선,종각,13580,12459,26039
20211011,1호선,종로3가,20320,18336,38656
20211011,1호선,종로5가,16763,16762,33525
20211011,1호선,동대문,9655,9525,19180
20211011,1호선,신설동,7617,7681,15298
20211011,1호선,제기동,14278,15039,29317
20211011,1호선,청량리,15728,15829,31557
20211011,1호선,서울,29518,24798,54316
20211012,1호선,서울,40264,37984,78248
20211012,1호선,동묘앞,7688,8036,15724
20211012,1호선,시청,20616,21012,41628
20211012,1호선,종각,32423,31864,64287
20211012,1호선,종로3가,24367,22281,46648
20211012,1호선,종로5가,22082,22049,44131
20211012,1호선,동대문,10469,9910,20379
20211012,1호선,신설동,13501,13261,26762
20211012,1호선,제기동,16978,17309,34287
20211012,1호선,청량리,18936,18902,37838
20211013,1호선,청량리,19122,19136,38258
20211013,1호선,제기동,17173,17527,34700
20211013,1호선,신설동,13699,13498,27197
20211013,1호선,동대문,10677,10113,20790
20211013,1호선,종로5가,21751,21714,43465
20211013,1호선,종로3가,24819,22649,47468
20211013,1호선,종각,32796,32426,65222
20211013,1호선,시청,21107,21471,42578
20211013,1호선,동묘앞,8097,8210,16307
20211013,1호선,서울,39952,38833,78785
20211014,1호선,청량리,19435,19393,38828
20211014,1호선,제기동,17266,17833,35099
20211014,1호선,신설동,13761,13416,27177
20211014,1호선,동대문,10536,10039,20575
20211014,1호선,종로5가,21887,21762,43649
20211014,1호선,종로3가,24944,22616,47560
20211014,1호선,종각,32303,31847,64150
20211014,1호선,시청,21090,21343,42433
20211014,1호선,동묘앞,8120,8447,16567
20211014,1호선,서울,40207,38422,78629
20211015,1호선,서울,43300,41779,85079
20211015,1호선,동묘앞,7905,8343,16248
20211015,1호선,시청,20751,20956,41707
20211015,1호선,종각,31932,31322,63254
20211015,1호선,종로3가,25479,23334,48813
20211015,1호선,종로5가,21754,22071,43825
20211015,1호선,동대문,10817,10047,20864
20211015,1호선,신설동,13870,13516,27386
20211015,1호선,제기동,17051,17262,34313
20211015,1호선,청량리,19705,19586,39291
20211018,1호선,서울,39339,37824,77163
20211018,1호선,동묘앞,7249,7652,14901
20211018,1호선,시청,19873,20121,39994
20211018,1호선,종각,32665,31533,64198
20211018,1호선,종로3가,22903,21086,43989
20211018,1호선,종로5가,20834,20564,41398
20211018,1호선,동대문,10378,9880,20258
20211018,1호선,신설동,13482,13140,26622
20211018,1호선,제기동,16436,16970,33406
20211018,1호선,청량리,18493,18796,37289
20211019,1호선,서울,39026,37067,76093
20211019,1호선,동묘앞,7734,8161,15895
20211019,1호선,시청,20659,20993,41652
20211019,1호선,종각,32486,31982,64468
20211019,1호선,종로3가,23900,21863,45763
20211019,1호선,종로5가,21571,21209,42780
20211019,1호선,동대문,10592,9943,20535
20211019,1호선,신설동,13261,12963,26224
20211019,1호선,제기동,16508,17122,33630
20211019,1호선,청량리,18676,18657,37333
20211020,1호선,서울,43293,41247,84540
20211020,1호선,동묘앞,8319,8670,16989
20211020,1호선,시청,19937,20529,40466
20211020,1호선,종각,31637,30615,62252
20211020,1호선,종로3가,27309,27008,54317
20211020,1호선,종로5가,22583,22158,44741
20211020,1호선,동대문,11225,10411,21636
20211020,1호선,신설동,14040,13718,27758
20211020,1호선,제기동,17104,17372,34476
20211020,1호선,청량리,19732,19665,39397
20211021,1호선,서울,41035,39463,80498
20211021,1호선,동묘앞,8170,8579,16749
20211021,1호선,시청,21295,21595,42890
20211021,1호선,종각,33228,32436,65664
20211021,1호선,종로3가,25155,22670,47825
20211021,1호선,종로5가,22120,21975,44095
20211021,1호선,동대문,10749,10315,21064
20211021,1호선,신설동,13638,13487,27125
20211021,1호선,제기동,17331,17780,35111
20211021,1호선,청량리,20069,19907,39976
20211022,1호선,동묘앞,8572,8930,17502
20211022,1호선,서울,45729,44341,90070
20211022,1호선,시청,21277,21432,42709
20211022,1호선,종각,33403,32642,66045
20211022,1호선,종로3가,26666,24135,50801
20211022,1호선,종로5가,22956,22675,45631
20211022,1호선,동대문,11342,10632,21974
20211022,1호선,신설동,14032,13482,27514
20211022,1호선,제기동,17768,18011,35779
20211022,1호선,청량리,20630,21140,41770
20211025,1호선,종각,33314,32699,66013
20211025,1호선,종로3가,24366,22384,46750
20211025,1호선,종로5가,21892,21538,43430
20211025,1호선,동대문,10913,10412,21325
20211025,1호선,서울,41620,39523,81143
20211025,1호선,동묘앞,7734,8104,15838
20211025,1호선,시청,21290,21477,42767
20211025,1호선,신설동,13820,13688,27508
20211025,1호선,제기동,17692,18270,35962
20211025,1호선,청량리,20021,20174,40195
20211026,1호선,청량리,20112,20337,40449
20211026,1호선,제기동,18100,18649,36749
20211026,1호선,신설동,13682,13531,27213
20211026,1호선,동대문,11018,10387,21405
20211026,1호선,종로5가,22206,22028,44234
20211026,1호선,종로3가,25426,23018,48444
20211026,1호선,종각,34203,33279,67482
20211026,1호선,시청,22611,23003,45614
20211026,1호선,동묘앞,8239,8657,16896
20211026,1호선,서울,41639,39712,81351
20211027,1호선,청량리,19841,20202,40043
20211027,1호선,제기동,17598,18048,35646
20211027,1호선,신설동,14086,13638,27724
20211027,1호선,동대문,10980,10401,21381
20211027,1호선,종로5가,22042,21708,43750
20211027,1호선,종로3가,25437,22999,48436
20211027,1호선,종각,34792,34008,68800
20211027,1호선,시청,22052,22360,44412
20211027,1호선,동묘앞,8346,8550,16896
20211027,1호선,서울,42450,40698,83148
20211028,1호선,청량리,19827,19933,39760
20211028,1호선,제기동,18117,18343,36460
20211028,1호선,신설동,14047,13767,27814
20211028,1호선,동대문,10920,10329,21249
20211028,1호선,종로5가,22643,22401,45044
20211028,1호선,종로3가,25563,22696,48259
20211028,1호선,종각,34136,33340,67476
20211028,1호선,시청,22222,22632,44854
20211028,1호선,동묘앞,8387,8794,17181
20211028,1호선,서울,42809,41102,83911
20211029,1호선,청량리,20688,20914,41602
20211029,1호선,제기동,17979,18287,36266
20211029,1호선,신설동,14038,13680,27718
20211029,1호선,동대문,11296,10802,22098
20211029,1호선,종로5가,22946,23051,45997
20211029,1호선,종로3가,26725,24262,50987
20211029,1호선,종각,34285,33467,67752
20211029,1호선,시청,22529,23199,45728
20211029,1호선,동묘앞,8546,9028,17574
20211029,1호선,서울,47574,46331,93905
20211101,1호선,동대문,10855,10327,21182
20211101,1호선,신설동,13933,13614,27547
20211101,1호선,제기동,17584,17948,35532
20211101,1호선,청량리,19604,19787,39391
20211101,1호선,종각,34081,33763,67844
20211101,1호선,서울,42897,40304,83201
20211101,1호선,동묘앞,7553,7826,15379
20211101,1호선,시청,21877,22165,44042
20211101,1호선,종로3가,24261,22213,46474
20211101,1호선,종로5가,21309,21179,42488
20211102,1호선,서울,42269,40549,82818
20211102,1호선,동묘앞,8073,8468,16541
20211102,1호선,시청,23368,23917,47285
20211102,1호선,종각,34769,34252,69021
20211102,1호선,종로3가,25163,22814,47977
20211102,1호선,종로5가,22236,22046,44282
20211102,1호선,동대문,11024,10445,21469
20211102,1호선,신설동,14063,13593,27656
20211102,1호선,제기동,17969,18323,36292
20211102,1호선,청량리,19838,20164,40002
20211103,1호선,청량리,19803,19828,39631
20211103,1호선,제기동,17624,18224,35848
20211103,1호선,신설동,14569,14033,28602
20211103,1호선,동대문,11061,10305,21366
20211103,1호선,종로5가,21582,21503,43085
20211103,1호선,종로3가,25944,23669,49613
20211103,1호선,종각,35731,34868,70599
20211103,1호선,시청,23365,23583,46948
20211103,1호선,동묘앞,8025,8441,16466
20211103,1호선,서울,43224,41620,84844
20211104,1호선,청량리,19675,19935,39610
20211104,1호선,제기동,17709,17890,35599
20211104,1호선,신설동,14002,13730,27732
20211104,1호선,동대문,10966,10118,21084
20211104,1호선,종로5가,21744,21949,43693
20211104,1호선,종로3가,25944,23616,49560
20211104,1호선,종각,34970,34414,69384
20211104,1호선,시청,23112,23732,46844
20211104,1호선,동묘앞,7906,8178,16084
20211104,1호선,서울,44063,42611,86674
20211105,1호선,서울,49620,48802,98422
20211105,1호선,동묘앞,8249,8679,16928
20211105,1호선,시청,23430,24169,47599
20211105,1호선,종각,36619,36215,72834
20211105,1호선,종로3가,27084,25529,52613
20211105,1호선,종로5가,22711,22718,45429
20211105,1호선,동대문,11389,10857,22246
20211105,1호선,신설동,14430,14148,28578
20211105,1호선,제기동,18165,18274,36439
20211105,1호선,청량리,20843,20877,41720
20211108,1호선,서울,41922,39334,81256
20211108,1호선,동묘앞,5575,5850,11425
20211108,1호선,시청,20597,20747,41344
20211108,1호선,종각,33868,33333,67201
20211108,1호선,종로3가,21468,20053,41521
20211108,1호선,종로5가,20267,20057,40324
20211108,1호선,동대문,9673,9305,18978
20211108,1호선,신설동,13129,12912,26041
20211108,1호선,제기동,13989,14053,28042
20211108,1호선,청량리,16773,16935,33708
20211109,1호선,서울,42800,40561,83361
20211109,1호선,동묘앞,6275,6700,12975
20211109,1호선,시청,22243,22649,44892
20211109,1호선,종각,34832,34307,69139
20211109,1호선,종로3가,23669,22188,45857
20211109,1호선,종로5가,21938,21572,43510
20211109,1호선,동대문,10552,9776,20328
20211109,1호선,신설동,13555,13254,26809
20211109,1호선,제기동,15718,15719,31437
20211109,1호선,청량리,18065,18329,36394
20211110,1호선,서울,44256,42023,86279
20211110,1호선,동묘앞,7649,8068,15717
20211110,1호선,시청,23262,23592,46854
20211110,1호선,종각,36660,35635,72295
20211110,1호선,종로3가,25312,23399,48711
20211110,1호선,종로5가,22230,22087,44317
20211110,1호선,동대문,10926,10216,21142
20211110,1호선,신설동,14156,13722,27878
20211110,1호선,제기동,16949,17331,34280
20211110,1호선,청량리,19201,19421,38622
20211111,1호선,청량리,20208,20259,40467
20211111,1호선,제기동,17639,17933,35572
20211111,1호선,신설동,14270,13775,28045
20211111,1호선,동대문,11233,10508,21741
20211111,1호선,종로5가,22670,22418,45088
20211111,1호선,종로3가,26177,24087,50264
20211111,1호선,종각,36072,35367,71439
20211111,1호선,시청,23481,23732,47213
20211111,1호선,동묘앞,7638,8103,15741
20211111,1호선,서울,45900,44348,90248
20211112,1호선,서울,50931,50257,101188
20211112,1호선,동묘앞,8066,8304,16370
20211112,1호선,시청,23307,23737,47044
20211112,1호선,종각,36349,35916,72265
20211112,1호선,종로3가,27161,25218,52379
20211112,1호선,종로5가,22730,22714,45444
20211112,1호선,동대문,11168,10415,21583
20211112,1호선,신설동,14346,13926,28272
20211112,1호선,제기동,17534,17676,35210
20211112,1호선,청량리,20333,20732,41065
20211115,1호선,서울,44615,42446,87061
20211115,1호선,동묘앞,7554,8005,15559
20211115,1호선,시청,21941,22004,43945
20211115,1호선,종각,34956,34287,69243
20211115,1호선,종로3가,25055,22974,48029
20211115,1호선,종로5가,21203,21175,42378
20211115,1호선,동대문,11015,10505,21520
20211115,1호선,신설동,13804,13557,27361
20211115,1호선,제기동,17292,17741,35033
20211115,1호선,청량리,19144,19283,38427
20211116,1호선,동묘앞,7973,8248,16221
20211116,1호선,서울,44102,42216,86318
20211116,1호선,청량리,19510,19524,39034
20211116,1호선,제기동,17600,18188,35788
20211116,1호선,신설동,13602,13340,26942
20211116,1호선,동대문,10946,10397,21343
20211116,1호선,종로5가,22270,22242,44512
20211116,1호선,종로3가,25717,23383,49100
20211116,1호선,종각,35745,35073,70818
20211116,1호선,시청,22993,23693,46686
20211117,1호선,청량리,19560,19498,39058
20211117,1호선,제기동,17199,17677,34876
20211117,1호선,신설동,14390,14037,28427
20211117,1호선,동대문,11193,10658,21851
20211117,1호선,종로5가,22674,21854,44528
20211117,1호선,종로3가,26084,23317,49401
20211117,1호선,종각,36804,35837,72641
20211117,1호선,시청,24003,23833,47836
20211117,1호선,동묘앞,7785,8139,15924
20211117,1호선,서울,46947,43866,90813
20211118,1호선,청량리,19188,19365,38553
20211118,1호선,제기동,16817,17126,33943
20211118,1호선,신설동,13776,13447,27223
20211118,1호선,동대문,10583,9984,20567
20211118,1호선,종로5가,21781,21783,43564
20211118,1호선,종로3가,25264,23183,48447
20211118,1호선,종각,35475,35073,70548
20211118,1호선,시청,23167,23320,46487
20211118,1호선,동묘앞,7547,8052,15599
20211118,1호선,서울,44766,43447,88213
20211119,1호선,서울,51324,50066,101390
20211119,1호선,동묘앞,8187,8361,16548
20211119,1호선,시청,23064,23793,46857
20211119,1호선,종각,36232,36602,72834
20211119,1호선,종로3가,26941,25459,52400
20211119,1호선,종로5가,22465,22688,45153
20211119,1호선,동대문,11405,10609,22014
20211119,1호선,신설동,14310,13733,28043
20211119,1호선,제기동,17326,17515,34841
20211119,1호선,청량리,20676,21076,41752
20211122,1호선,서울,44489,42041,86530
20211122,1호선,동묘앞,6975,7313,14288
20211122,1호선,시청,22063,22129,44192
20211122,1호선,종각,34947,34622,69569
20211122,1호선,종로3가,23334,21767,45101
20211122,1호선,종로5가,21432,21372,42804
20211122,1호선,동대문,10541,10081,20622
20211122,1호선,신설동,13786,13516,27302
20211122,1호선,제기동,16254,16629,32883
20211122,1호선,청량리,18720,18987,37707
20211123,1호선,청량리,18414,18510,36924
20211123,1호선,제기동,15762,15868,31630
20211123,1호선,신설동,13729,13548,27277
20211123,1호선,동대문,10554,9888,20442
20211123,1호선,종로5가,21233,21240,42473
20211123,1호선,종로3가,23730,21997,45727
20211123,1호선,종각,35532,34795,70327
20211123,1호선,시청,22964,23296,46260
20211123,1호선,동묘앞,6951,7340,14291
20211123,1호선,서울,44027,41590,85617
20211124,1호선,청량리,18879,18919,37798
20211124,1호선,제기동,16102,16230,32332
20211124,1호선,신설동,13970,13583,27553
20211124,1호선,동대문,10684,10073,20757
20211124,1호선,종로5가,21398,21199,42597
20211124,1호선,종로3가,24025,21923,45948
20211124,1호선,종각,35396,35167,70563
20211124,1호선,시청,23362,23747,47109
20211124,1호선,동묘앞,7262,7663,14925
20211124,1호선,서울,44218,42001,86219
20211125,1호선,청량리,19985,20464,40449
20211125,1호선,제기동,17145,17658,34803
20211125,1호선,신설동,14362,13901,28263
20211125,1호선,동대문,10877,10390,21267
20211125,1호선,종로5가,22144,22586,44730
20211125,1호선,종로3가,25488,23486,48974
20211125,1호선,종각,36036,35912,71948
20211125,1호선,시청,22908,23651,46559
20211125,1호선,동묘앞,7895,8320,16215
20211125,1호선,서울,45703,43637,89340
20211126,1호선,동묘앞,8014,8343,16357
20211126,1호선,시청,23406,24152,47558
20211126,1호선,종각,36112,35766,71878
20211126,1호선,종로3가,25897,24606,50503
20211126,1호선,종로5가,23127,22795,45922
20211126,1호선,동대문,11110,10450,21560
20211126,1호선,신설동,14366,13758,28124
20211126,1호선,제기동,16732,16880,33612
20211126,1호선,청량리,19980,20257,40237
20211126,1호선,서울,51052,50260,101312
20211129,1호선,서울,44369,41725,86094
20211129,1호선,동묘앞,7336,7584,14920
20211129,1호선,시청,21987,22401,44388
20211129,1호선,종각,34963,34287,69250
20211129,1호선,종로3가,23932,21712,45644
20211129,1호선,종로5가,21750,21914,43664
20211129,1호선,동대문,10775,10294,21069
20211129,1호선,신설동,13601,13380,26981
20211129,1호선,제기동,17023,17361,34384
20211129,1호선,청량리,19224,19366,38590
20211130,1호선,서울,41764,39190,80954
20211130,1호선,동묘앞,5302,5633,10935
20211130,1호선,시청,22200,22381,44581
20211130,1호선,종각,34222,34180,68402
20211130,1호선,종로3가,20903,19290,40193
20211130,1호선,종로5가,20221,19913,40134
20211130,1호선,동대문,9720,8923,18643
20211130,1호선,신설동,12858,12618,25476
20211130,1호선,제기동,13055,12956,26011
20211130,1호선,청량리,16488,16510,32998
20211201,1호선,청량리,18469,18467,36936
20211201,1호선,제기동,15112,15323,30435
20211201,1호선,신설동,13529,13234,26763
20211201,1호선,동대문,10342,9659,20001
20211201,1호선,종로5가,21285,21092,42377
20211201,1호선,종로3가,23461,21750,45211
20211201,1호선,종각,36061,35299,71360
20211201,1호선,시청,23286,23342,46628
20211201,1호선,동묘앞,7129,7507,14636
20211201,1호선,서울,42122,40739,82861
20211202,1호선,서울,42962,40963,83925
20211202,1호선,청량리,18790,18649,37439
20211202,1호선,제기동,15682,15874,31556
20211202,1호선,신설동,13551,13253,26804
20211202,1호선,동대문,10483,9773,20256
20211202,1호선,종로5가,22073,21845,43918
20211202,1호선,종로3가,23381,21737,45118
20211202,1호선,동묘앞,7200,7465,14665
20211202,1호선,종각,35251,34648,69899
20211202,1호선,시청,22746,23310,46056
20211203,1호선,서울,48018,47289,95307
20211203,1호선,동묘앞,7650,7823,15473
20211203,1호선,시청,22600,23837,46437
20211203,1호선,종각,36268,36876,73144
20211203,1호선,종로3가,24642,23562,48204
20211203,1호선,종로5가,22020,22067,44087
20211203,1호선,동대문,10856,9967,20823
20211203,1호선,신설동,14085,13730,27815
20211203,1호선,제기동,16257,16435,32692
20211203,1호선,청량리,19426,19385,38811
20211206,1호선,청량리,18409,18538,36947
20211206,1호선,제기동,16146,16432,32578
20211206,1호선,신설동,13070,12915,25985
20211206,1호선,동대문,10243,9632,19875
20211206,1호선,종로5가,20896,21079,41975
20211206,1호선,종로3가,23401,21320,44721
20211206,1호선,종각,33847,33523,67370
20211206,1호선,시청,21625,21827,43452
20211206,1호선,동묘앞,7331,7630,14961
20211206,1호선,서울,41699,39707,81406
20211207,1호선,서울,40546,38681,79227
20211207,1호선,동묘앞,7646,7915,15561
20211207,1호선,시청,22564,22787,45351
20211207,1호선,종각,34014,33760,67774
20211207,1호선,종로3가,23698,21795,45493
20211207,1호선,종로5가,21466,21433,42899
20211207,1호선,동대문,10459,9861,20320
20211207,1호선,신설동,13382,13013,26395
20211207,1호선,제기동,16776,16929,33705
20211207,1호선,청량리,18765,18889,37654
20211208,1호선,청량리,18616,18395,37011
20211208,1호선,제기동,16079,16255,32334
20211208,1호선,신설동,13546,13422,26968
20211208,1호선,동대문,10509,9686,20195
20211208,1호선,종로5가,20921,21055,41976
20211208,1호선,종로3가,23726,21774,45500
20211208,1호선,종각,34226,33676,67902
20211208,1호선,시청,22122,22241,44363
20211208,1호선,동묘앞,7410,7695,15105
20211208,1호선,서울,41184,39072,80256
20211209,1호선,서울,41261,39338,80599
20211209,1호선,동묘앞,7156,7687,14843
20211209,1호선,시청,21885,22107,43992
20211209,1호선,종각,33226,33129,66355
20211209,1호선,종로3가,23146,21378,44524
20211209,1호선,종로5가,21068,20992,42060
20211209,1호선,동대문,10260,9524,19784
20211209,1호선,신설동,13439,13077,26516
20211209,1호선,제기동,16179,16314,32493
20211209,1호선,청량리,18378,18663,37041
20211210,1호선,청량리,18567,18598,37165
20211210,1호선,제기동,15196,15012,30208
20211210,1호선,신설동,13554,13326,26880
20211210,1호선,동대문,10385,9594,19979
20211210,1호선,종로5가,21315,21370,42685
20211210,1호선,종로3가,23509,22349,45858
20211210,1호선,종각,33157,33340,66497
20211210,1호선,시청,21340,21933,43273
20211210,1호선,동묘앞,6746,7112,13858
20211210,1호선,서울,45002,44956,89958
20211213,1호선,청량리,17067,16930,33997
20211213,1호선,제기동,14173,14308,28481
20211213,1호선,신설동,12602,12315,24917
20211213,1호선,동대문,9848,9215,19063
20211213,1호선,종로5가,19363,19256,38619
20211213,1호선,종로3가,21520,19797,41317
20211213,1호선,종각,31931,31657,63588
20211213,1호선,시청,20363,20737,41100
20211213,1호선,동묘앞,6034,6352,12386
20211213,1호선,서울,39836,37215,77051
20211214,1호선,서울,40101,38003,78104
20211214,1호선,동묘앞,6770,6921,13691
20211214,1호선,시청,21792,21846,43638
20211214,1호선,종각,32626,32280,64906
20211214,1호선,종로3가,22239,20894,43133
20211214,1호선,청량리,17945,18089,36034
20211214,1호선,동대문,10153,9497,19650
20211214,1호선,제기동,15504,15763,31267
20211214,1호선,신설동,12670,12494,25164
20211214,1호선,종로5가,21037,20768,41805
20211215,1호선,종로3가,22953,21315,44268
20211215,1호선,종로5가,20193,20192,40385
20211215,1호선,동대문,10196,9405,19601
20211215,1호선,신설동,13028,12751,25779
20211215,1호선,제기동,15159,15310,30469
20211215,1호선,청량리,18143,18192,36335
20211215,1호선,종각,32320,32048,64368
20211215,1호선,서울,39927,37858,77785
20211215,1호선,동묘앞,6666,6839,13505
20211215,1호선,시청,21716,21844,43560
20211216,1호선,시청,21497,21782,43279
20211216,1호선,동묘앞,6875,7193,14068
20211216,1호선,서울,41469,39908,81377
20211216,1호선,종각,32516,32512,65028
20211216,1호선,종로3가,23798,21765,45563
20211216,1호선,종로5가,20778,20764,41542
20211216,1호선,동대문,10283,9518,19801
20211216,1호선,신설동,12980,12965,25945
20211216,1호선,제기동,16124,16351,32475
20211216,1호선,청량리,18788,18893,37681
20211217,1호선,청량리,18009,18129,36138
20211217,1호선,제기동,14272,14210,28482
20211217,1호선,신설동,13114,12749,25863
20211217,1호선,동대문,10177,9289,19466
20211217,1호선,종로5가,20736,20396,41132
20211217,1호선,종로3가,22460,21559,44019
20211217,1호선,종각,33381,32988,66369
20211217,1호선,시청,21369,21333,42702
20211217,1호선,동묘앞,6445,6722,13167
20211217,1호선,서울,45469,44594,90063
20211220,1호선,서울,40739,38818,79557
20211220,1호선,동묘앞,6974,7193,14167
20211220,1호선,시청,20609,20869,41478
20211220,1호선,종각,31998,31987,63985
20211220,1호선,종로3가,23509,21537,45046
20211220,1호선,종로5가,20637,20736,41373
20211220,1호선,동대문,10469,9772,20241
20211220,1호선,신설동,12954,12533,25487
20211220,1호선,제기동,16028,16345,32373
20211220,1호선,청량리,19385,19102,38487
20211221,1호선,서울,40891,38987,79878
20211221,1호선,동묘앞,7445,7691,15136
20211221,1호선,시청,22069,21729,43798
20211221,1호선,종각,33227,32314,65541
20211221,1호선,종로3가,23734,21736,45470
20211221,1호선,종로5가,21708,21380,43088
20211221,1호선,동대문,10710,9912,20622
20211221,1호선,신설동,13055,12787,25842
20211221,1호선,제기동,16521,16942,33463
20211221,1호선,청량리,19414,19585,38999
20211222,1호선,서울,42060,39925,81985
20211222,1호선,동묘앞,7352,7731,15083
20211222,1호선,시청,22159,21998,44157
20211222,1호선,종각,34914,34015,68929
20211222,1호선,종로3가,24242,21967,46209
20211222,1호선,종로5가,22083,22057,44140
20211222,1호선,동대문,10827,10012,20839
20211222,1호선,신설동,13348,13131,26479
20211222,1호선,제기동,16358,16610,32968
20211222,1호선,청량리,19157,19205,38362
20211223,1호선,청량리,19718,19624,39342
20211223,1호선,제기동,17096,17401,34497
20211223,1호선,신설동,13616,12870,26486
20211223,1호선,동대문,10843,9937,20780
20211223,1호선,종로5가,21939,21802,43741
20211223,1호선,종로3가,24716,22758,47474
20211223,1호선,종각,32684,31692,64376
20211223,1호선,시청,22071,21935,44006
20211223,1호선,동묘앞,7409,7713,15122
20211223,1호선,서울,42979,41439,84418
20211224,1호선,청량리,20471,20335,40806
20211224,1호선,제기동,16326,16276,32602
20211224,1호선,신설동,13709,13184,26893
20211224,1호선,동대문,11200,10600,21800
20211224,1호선,종로5가,22163,21658,43821
20211224,1호선,종로3가,24177,22726,46903
20211224,1호선,종각,31785,30208,61993
20211224,1호선,시청,22856,21657,44513
20211224,1호선,동묘앞,7107,7547,14654
20211224,1호선,서울,45246,45633,90879
20211227,1호선,동대문,9691,9177,18868
20211227,1호선,청량리,16901,16766,33667
20211227,1호선,제기동,14080,14206,28286
20211227,1호선,신설동,12362,12069,24431
20211227,1호선,종로5가,19639,19268,38907
20211227,1호선,종로3가,21299,19724,41023
20211227,1호선,종각,30035,29001,59036
20211227,1호선,시청,19450,19355,38805
20211227,1호선,동묘앞,5992,6196,12188
20211227,1호선,서울,40321,38102,78423
20211228,1호선,서울,40338,37856,78194
20211228,1호선,동묘앞,6896,7129,14025
20211228,1호선,시청,20538,20689,41227
20211228,1호선,종각,32110,30841,62951
20211228,1호선,종로3가,23372,21412,44784
20211228,1호선,종로5가,21492,21129,42621
20211228,1호선,동대문,10338,9755,20093
20211228,1호선,신설동,12733,12530,25263
20211228,1호선,제기동,16306,16779,33085
20211228,1호선,청량리,18595,18514,37109
20211229,1호선,서울,41530,40060,81590
20211229,1호선,동묘앞,7353,7526,14879
20211229,1호선,시청,21168,21356,42524
20211229,1호선,종각,32427,31434,63861
20211229,1호선,종로3가,24322,22146,46468
20211229,1호선,종로5가,22393,22018,44411
20211229,1호선,동대문,10883,10080,20963
20211229,1호선,신설동,13372,13003,26375
20211229,1호선,제기동,17192,17686,34878
20211229,1호선,청량리,19331,19323,38654
20211230,1호선,서울,40241,40830,81071
20211230,1호선,동묘앞,6984,7271,14255
20211230,1호선,시청,20730,20494,41224
20211230,1호선,종각,31401,30073,61474
20211230,1호선,종로3가,24096,22260,46356
20211230,1호선,종로5가,22423,21929,44352
20211230,1호선,동대문,10676,9840,20516
20211230,1호선,신설동,13192,12795,25987
20211230,1호선,제기동,16715,17083,33798
20211230,1호선,청량리,19037,19291,38328
20211231,1호선,청량리,18272,18562,36834
20211231,1호선,제기동,15366,15304,30670
20211231,1호선,신설동,12563,11566,24129
20211231,1호선,동대문,10213,9254,19467
20211231,1호선,종로5가,21139,20492,41631
20211231,1호선,종로3가,22394,21035,43429
20211231,1호선,종각,28696,27420,56116
20211231,1호선,시청,18819,18910,37729
20211231,1호선,동묘앞,7134,7192,14326
20211231,1호선,서울,39146,43677,82823
