사용일자,호선명,지하철역,승차총승객수,하차총승객수,승하차총승객수
20210101,6호선,응암,4980,5098,10078
20210101,6호선,역촌,1033,1233,2266
20210101,6호선,불광,1495,1346,2841
20210101,6호선,독바위,874,1017,1891
20210101,6호선,연신내,1,0,1
20210101,6호선,구산,1963,1439,3402
20210101,6호선,새절,3428,3331,6759
20210101,6호선,증산,2951,3003,5954
20210101,6호선,디지털미디어시티,2617,2859,5476
20210101,6호선,월드컵경기장,2072,1822,3894
20210101,6호선,마포구청,3604,3230,6834
20210101,6호선,망원,3993,4248,8241
20210101,6호선,합정,3755,3373,7128
20210101,6호선,상수,2071,2218,4289
20210101,6호선,광흥창,1734,1607,3341
20210101,6호선,대흥,1712,1768,3480
20210101,6호선,공덕,3286,3091,6377
20210101,6호선,효창공원앞,1567,1334,2901
20210101,6호선,삼각지,1145,942,2087
20210101,6호선,녹사평,1402,1348,2750
20210101,6호선,이태원,3394,3416,6810
20210101,6호선,한강진,1447,1575,3022
20210101,6호선,버티고개,530,642,1172
20210101,6호선,약수,826,763,1589
20210101,6호선,청구,873,855,1728
20210101,6호선,신당,1492,1393,2885
20210101,6호선,동묘앞,2587,2367,4954
20210101,6호선,창신,833,704,1537
20210101,6호선,보문,1910,1714,3624
20210101,6호선,안암,2200,2051,4251
20210101,6호선,고려대,1948,1880,3828
20210101,6호선,월곡,2807,2770,5577
20210101,6호선,상월곡,1557,1475,3032
20210101,6호선,돌곶이,2170,2095,4265
20210101,6호선,석계,3252,3261,6513
20210101,6호선,태릉입구,1386,1425,2811
20210101,6호선,화랑대,2113,1866,3979
20210101,6호선,봉화산,1914,1969,3883
20210104,6호선,역촌,3188,3664,6852
20210104,6호선,응암,14641,14867,29508
20210104,6호선,불광,3184,3406,6590
20210104,6호선,독바위,2382,2525,4907
20210104,6호선,연신내,1,0,1
20210104,6호선,구산,5941,4707,10648
20210104,6호선,새절,10548,9971,20519
20210104,6호선,증산,8364,8383,16747
20210104,6호선,디지털미디어시티,11948,13090,25038
20210104,6호선,월드컵경기장,3477,3551,7028
20210104,6호선,마포구청,11526,10572,22098
20210104,6호선,망원,10688,11610,22298
20210104,6호선,합정,9234,8947,18181
20210104,6호선,상수,5384,5761,11145
20210104,6호선,광흥창,6974,6837,13811
20210104,6호선,대흥,6190,6442,12632
20210104,6호선,공덕,15436,15017,30453
20210104,6호선,효창공원앞,5634,5250,10884
20210104,6호선,삼각지,4166,3785,7951
20210104,6호선,녹사평,3373,3156,6529
20210104,6호선,이태원,6319,6333,12652
20210104,6호선,한강진,4916,5569,10485
20210104,6호선,버티고개,1841,1836,3677
20210104,6호선,약수,2859,2835,5694
20210104,6호선,청구,3143,3361,6504
20210104,6호선,신당,6011,6695,12706
20210104,6호선,동묘앞,6266,6470,12736
20210104,6호선,창신,2796,2273,5069
20210104,6호선,보문,5813,5489,11302
20210104,6호선,안암,7660,7775,15435
20210104,6호선,고려대,6061,6065,12126
20210104,6호선,월곡,9140,9277,18417
20210104,6호선,상월곡,5233,4740,9973
20210104,6호선,돌곶이,6936,6559,13495
20210104,6호선,석계,10114,10400,20514
20210104,6호선,태릉입구,4290,4633,8923
20210104,6호선,화랑대,9117,7233,16350
20210104,6호선,봉화산,7563,7104,14667
20210105,6호선,봉화산,7591,7048,14639
20210105,6호선,화랑대,9031,7208,16239
20210105,6호선,태릉입구,4183,4570,8753
20210105,6호선,석계,10178,10440,20618
20210105,6호선,돌곶이,7028,6716,13744
20210105,6호선,상월곡,5176,4794,9970
20210105,6호선,월곡,9108,9039,18147
20210105,6호선,고려대,6086,6062,12148
20210105,6호선,안암,7900,7899,15799
20210105,6호선,보문,5894,5590,11484
20210105,6호선,창신,2906,2395,5301
20210105,6호선,동묘앞,6338,6546,12884
20210105,6호선,신당,6300,6631,12931
20210105,6호선,청구,3213,3445,6658
20210105,6호선,약수,2809,2838,5647
20210105,6호선,버티고개,1795,1800,3595
20210105,6호선,한강진,5020,5769,10789
20210105,6호선,이태원,6225,6391,12616
20210105,6호선,녹사평,3454,3401,6855
20210105,6호선,삼각지,4277,3873,8150
20210105,6호선,효창공원앞,5586,5140,10726
20210105,6호선,공덕,15269,14735,30004
20210105,6호선,대흥,6288,6498,12786
20210105,6호선,광흥창,7217,7072,14289
20210105,6호선,상수,5837,6316,12153
20210105,6호선,합정,9503,9291,18794
20210105,6호선,망원,10671,11694,22365
20210105,6호선,마포구청,11481,10694,22175
20210105,6호선,월드컵경기장,3251,3438,6689
20210105,6호선,디지털미디어시티,11697,12721,24418
20210105,6호선,증산,8373,8378,16751
20210105,6호선,새절,10549,10054,20603
20210105,6호선,구산,5884,4686,10570
20210105,6호선,독바위,2319,2495,4814
20210105,6호선,불광,3433,3522,6955
20210105,6호선,역촌,3117,3646,6763
20210105,6호선,응암,14639,14740,29379
20210106,6호선,신내,1,0,1
20210106,6호선,봉화산,7554,7381,14935
20210106,6호선,화랑대,9081,7598,16679
20210106,6호선,태릉입구,4240,4724,8964
20210106,6호선,석계,10147,10873,21020
20210106,6호선,돌곶이,7137,7139,14276
20210106,6호선,상월곡,5074,4795,9869
20210106,6호선,월곡,9220,9335,18555
20210106,6호선,고려대,6370,6535,12905
20210106,6호선,안암,8200,7690,15890
20210106,6호선,보문,5946,5834,11780
20210106,6호선,창신,2950,2626,5576
20210106,6호선,동묘앞,6448,6585,13033
20210106,6호선,신당,6612,7069,13681
20210106,6호선,청구,3268,3460,6728
20210106,6호선,약수,2834,2887,5721
20210106,6호선,버티고개,2025,2021,4046
20210106,6호선,한강진,6730,5958,12688
20210106,6호선,이태원,6939,7097,14036
20210106,6호선,녹사평,4238,3845,8083
20210106,6호선,삼각지,4960,4057,9017
20210106,6호선,효창공원앞,5808,5695,11503
20210106,6호선,공덕,15597,14961,30558
20210106,6호선,대흥,6405,6735,13140
20210106,6호선,광흥창,7253,7260,14513
20210106,6호선,상수,6001,6304,12305
20210106,6호선,합정,9647,9384,19031
20210106,6호선,망원,10938,12077,23015
20210106,6호선,마포구청,11716,11112,22828
20210106,6호선,월드컵경기장,3196,3339,6535
20210106,6호선,디지털미디어시티,11733,13389,25122
20210106,6호선,증산,8209,8717,16926
20210106,6호선,새절,10413,10475,20888
20210106,6호선,구산,5843,4936,10779
20210106,6호선,연신내,1,0,1
20210106,6호선,독바위,2261,2613,4874
20210106,6호선,불광,3410,3613,7023
20210106,6호선,역촌,3151,3919,7070
20210106,6호선,응암,14448,15179,29627
20210107,6호선,신당,6906,7251,14157
20210107,6호선,고려대,6810,6550,13360
20210107,6호선,효창공원앞,6193,5694,11887
20210107,6호선,공덕,15593,15126,30719
20210107,6호선,대흥,6630,6865,13495
20210107,6호선,광흥창,7643,7543,15186
20210107,6호선,상수,6103,6520,12623
20210107,6호선,합정,9718,9485,19203
20210107,6호선,신내,1,0,1
20210107,6호선,봉화산,7784,7420,15204
20210107,6호선,화랑대,9652,7588,17240
20210107,6호선,태릉입구,4190,4609,8799
20210107,6호선,석계,10537,10855,21392
20210107,6호선,돌곶이,7456,7054,14510
20210107,6호선,상월곡,5279,4785,10064
20210107,6호선,월곡,9543,9623,19166
20210107,6호선,안암,8195,8243,16438
20210107,6호선,응암,14569,14680,29249
20210107,6호선,역촌,3244,3799,7043
20210107,6호선,불광,3252,3365,6617
20210107,6호선,독바위,2444,2509,4953
20210107,6호선,구산,6010,4781,10791
20210107,6호선,새절,10770,10021,20791
20210107,6호선,증산,8451,8453,16904
20210107,6호선,디지털미디어시티,12120,13675,25795
20210107,6호선,월드컵경기장,2952,3190,6142
20210107,6호선,마포구청,12123,11091,23214
20210107,6호선,망원,10743,11592,22335
20210107,6호선,동묘앞,6205,6642,12847
20210107,6호선,창신,3117,2529,5646
20210107,6호선,보문,6482,6062,12544
20210107,6호선,버티고개,2193,1980,4173
20210107,6호선,한강진,5281,6080,11361
20210107,6호선,이태원,6721,6796,13517
20210107,6호선,녹사평,3595,3647,7242
20210107,6호선,삼각지,4799,4385,9184
20210107,6호선,약수,2886,2947,5833
20210107,6호선,청구,3454,3512,6966
20210108,6호선,응암,13726,13864,27590
20210108,6호선,역촌,3058,3493,6551
20210108,6호선,불광,3103,3232,6335
20210108,6호선,독바위,2242,2358,4600
20210108,6호선,구산,5622,4466,10088
20210108,6호선,새절,9974,9500,19474
20210108,6호선,증산,7864,7810,15674
20210108,6호선,디지털미디어시티,10977,12290,23267
20210108,6호선,월드컵경기장,2891,3059,5950
20210108,6호선,마포구청,11147,10369,21516
20210108,6호선,망원,10321,11410,21731
20210108,6호선,합정,9490,9333,18823
20210108,6호선,상수,6858,7290,14148
20210108,6호선,광흥창,6875,6665,13540
20210108,6호선,대흥,6080,6411,12491
20210108,6호선,공덕,14624,14287,28911
20210108,6호선,효창공원앞,5661,5154,10815
20210108,6호선,삼각지,4398,3985,8383
20210108,6호선,녹사평,3346,3288,6634
20210108,6호선,이태원,6429,6580,13009
20210108,6호선,한강진,5012,5771,10783
20210108,6호선,버티고개,1946,1818,3764
20210108,6호선,약수,2814,2776,5590
20210108,6호선,청구,3145,3279,6424
20210108,6호선,신당,6532,6924,13456
20210108,6호선,동묘앞,5966,6231,12197
20210108,6호선,창신,2814,2201,5015
20210108,6호선,보문,5773,5420,11193
20210108,6호선,안암,7585,7258,14843
20210108,6호선,고려대,6101,5853,11954
20210108,6호선,월곡,8995,9002,17997
20210108,6호선,상월곡,4937,4432,9369
20210108,6호선,돌곶이,6888,6464,13352
20210108,6호선,석계,9905,10117,20022
20210108,6호선,태릉입구,4080,4335,8415
20210108,6호선,화랑대,8761,6867,15628
20210108,6호선,봉화산,7290,6953,14243
20210108,6호선,신내,1,0,1
20210111,6호선,응암,14611,14746,29357
20210111,6호선,역촌,3114,3673,6787
20210111,6호선,불광,3313,3417,6730
20210111,6호선,독바위,2237,2411,4648
20210111,6호선,구산,5959,4666,10625
20210111,6호선,새절,10553,9983,20536
20210111,6호선,증산,8414,8368,16782
20210111,6호선,디지털미디어시티,11700,13049,24749
20210111,6호선,월드컵경기장,3280,3388,6668
20210111,6호선,마포구청,11806,10723,22529
20210111,6호선,망원,10685,11603,22288
20210111,6호선,합정,9282,9204,18486
20210111,6호선,상수,5554,6076,11630
20210111,6호선,광흥창,7143,7019,14162
20210111,6호선,대흥,6290,6469,12759
20210111,6호선,공덕,15790,15410,31200
20210111,6호선,효창공원앞,5636,5241,10877
20210111,6호선,삼각지,4363,3851,8214
20210111,6호선,녹사평,3313,3276,6589
20210111,6호선,이태원,6330,6374,12704
20210111,6호선,한강진,5138,5691,10829
20210111,6호선,버티고개,1929,1841,3770
20210111,6호선,약수,2872,2908,5780
20210111,6호선,청구,3229,3535,6764
20210111,6호선,신당,6111,6587,12698
20210111,6호선,동묘앞,6232,6533,12765
20210111,6호선,창신,2942,2399,5341
20210111,6호선,보문,5888,5538,11426
20210111,6호선,안암,7894,7881,15775
20210111,6호선,고려대,6199,6142,12341
20210111,6호선,월곡,9258,9387,18645
20210111,6호선,상월곡,5233,4706,9939
20210111,6호선,돌곶이,7073,6698,13771
20210111,6호선,석계,10213,10478,20691
20210111,6호선,태릉입구,4149,4456,8605
20210111,6호선,화랑대,9140,7256,16396
20210111,6호선,봉화산,7560,7102,14662
20210112,6호선,상수,6270,6549,12819
20210112,6호선,응암,15014,16112,31126
20210112,6호선,역촌,3299,4018,7317
20210112,6호선,불광,3556,3715,7271
20210112,6호선,독바위,2373,2750,5123
20210112,6호선,구산,6205,5349,11554
20210112,6호선,새절,11040,11185,22225
20210112,6호선,증산,8659,9274,17933
20210112,6호선,디지털미디어시티,12397,14041,26438
20210112,6호선,월드컵경기장,3548,3666,7214
20210112,6호선,마포구청,12595,11947,24542
20210112,6호선,망원,11491,12731,24222
20210112,6호선,합정,10213,9640,19853
20210112,6호선,광흥창,7745,7678,15423
20210112,6호선,대흥,6908,7146,14054
20210112,6호선,공덕,16706,16051,32757
20210112,6호선,효창공원앞,6092,5869,11961
20210112,6호선,삼각지,4954,4218,9172
20210112,6호선,녹사평,3876,3833,7709
20210112,6호선,이태원,6945,7145,14090
20210112,6호선,한강진,5871,6079,11950
20210112,6호선,버티고개,2036,2159,4195
20210112,6호선,약수,3076,3166,6242
20210112,6호선,청구,3477,3675,7152
20210112,6호선,신당,7139,7393,14532
20210112,6호선,동묘앞,6846,7047,13893
20210112,6호선,창신,3093,2784,5877
20210112,6호선,보문,6440,6246,12686
20210112,6호선,안암,9389,8417,17806
20210112,6호선,고려대,7312,7052,14364
20210112,6호선,월곡,10023,10502,20525
20210112,6호선,상월곡,5514,5209,10723
20210112,6호선,돌곶이,7599,7536,15135
20210112,6호선,석계,11027,11892,22919
20210112,6호선,태릉입구,4545,5007,9552
20210112,6호선,화랑대,9879,8253,18132
20210112,6호선,봉화산,8030,7970,16000
20210112,6호선,신내,1,0,1
20210113,6호선,봉화산,8074,7381,15455
20210113,6호선,화랑대,9870,7584,17454
20210113,6호선,태릉입구,4570,4890,9460
20210113,6호선,석계,11058,11042,22100
20210113,6호선,돌곶이,7648,7273,14921
20210113,6호선,상월곡,5425,4748,10173
20210113,6호선,월곡,9868,9888,19756
20210113,6호선,고려대,6622,6581,13203
20210113,6호선,안암,8337,8668,17005
20210113,6호선,보문,6324,5825,12149
20210113,6호선,창신,3185,2511,5696
20210113,6호선,동묘앞,6962,6943,13905
20210113,6호선,신당,6647,7162,13809
20210113,6호선,청구,3506,3591,7097
20210113,6호선,약수,3011,3099,6110
20210113,6호선,버티고개,2047,1908,3955
20210113,6호선,한강진,5555,6355,11910
20210113,6호선,이태원,6874,7088,13962
20210113,6호선,녹사평,3809,3704,7513
20210113,6호선,삼각지,4718,4280,8998
20210113,6호선,효창공원앞,6031,5574,11605
20210113,6호선,공덕,16179,15898,32077
20210113,6호선,대흥,6778,6863,13641
20210113,6호선,광흥창,7543,7289,14832
20210113,6호선,상수,6190,6626,12816
20210113,6호선,합정,10200,10056,20256
20210113,6호선,망원,11749,12679,24428
20210113,6호선,마포구청,12293,11005,23298
20210113,6호선,월드컵경기장,3789,3879,7668
20210113,6호선,디지털미디어시티,12433,13790,26223
20210113,6호선,증산,8837,8669,17506
20210113,6호선,새절,11134,10458,21592
20210113,6호선,구산,6279,4850,11129
20210113,6호선,독바위,2433,2517,4950
20210113,6호선,불광,3711,3905,7616
20210113,6호선,역촌,3285,3868,7153
20210113,6호선,응암,15484,15254,30738
20210114,6호선,응암,15291,15283,30574
20210114,6호선,역촌,3290,3917,7207
20210114,6호선,불광,3610,3654,7264
20210114,6호선,독바위,2440,2538,4978
20210114,6호선,구산,6179,4789,10968
20210114,6호선,새절,11189,10437,21626
20210114,6호선,증산,8801,8831,17632
20210114,6호선,디지털미디어시티,12173,13386,25559
20210114,6호선,월드컵경기장,3869,3974,7843
20210114,6호선,마포구청,12071,11023,23094
20210114,6호선,망원,11700,12715,24415
20210114,6호선,합정,10124,9895,20019
20210114,6호선,상수,6157,6574,12731
20210114,6호선,광흥창,7372,7140,14512
20210114,6호선,대흥,6559,6784,13343
20210114,6호선,공덕,15694,15416,31110
20210114,6호선,효창공원앞,6099,5597,11696
20210114,6호선,삼각지,4628,4166,8794
20210114,6호선,녹사평,3731,3657,7388
20210114,6호선,이태원,6810,6950,13760
20210114,6호선,한강진,5512,6221,11733
20210114,6호선,버티고개,1972,1909,3881
20210114,6호선,약수,3016,3069,6085
20210114,6호선,청구,3366,3626,6992
20210114,6호선,신당,6521,6979,13500
20210114,6호선,동묘앞,6949,6916,13865
20210114,6호선,창신,3137,2566,5703
20210114,6호선,보문,6194,5770,11964
20210114,6호선,안암,8011,8027,16038
20210114,6호선,고려대,6504,6409,12913
20210114,6호선,월곡,9614,9775,19389
20210114,6호선,상월곡,5313,4809,10122
20210114,6호선,돌곶이,7358,7116,14474
20210114,6호선,석계,10639,10739,21378
20210114,6호선,태릉입구,4495,4831,9326
20210114,6호선,화랑대,9607,7495,17102
20210114,6호선,봉화산,7837,7307,15144
20210114,6호선,신내,2,0,2
20210115,6호선,봉화산,7802,7243,15045
20210115,6호선,화랑대,9583,7407,16990
20210115,6호선,태릉입구,4433,4879,9312
20210115,6호선,석계,10592,10974,21566
20210115,6호선,돌곶이,7370,6976,14346
20210115,6호선,상월곡,5338,4754,10092
20210115,6호선,월곡,9630,9672,19302
20210115,6호선,고려대,6595,6329,12924
20210115,6호선,안암,8154,7908,16062
20210115,6호선,보문,6302,5818,12120
20210115,6호선,창신,3198,2506,5704
20210115,6호선,동묘앞,6765,6919,13684
20210115,6호선,신당,6789,7015,13804
20210115,6호선,청구,3304,3496,6800
20210115,6호선,약수,2953,3060,6013
20210115,6호선,버티고개,1911,1859,3770
20210115,6호선,한강진,5728,6411,12139
20210115,6호선,이태원,7132,7372,14504
20210115,6호선,녹사평,3778,3811,7589
20210115,6호선,삼각지,4845,4241,9086
20210115,6호선,효창공원앞,6076,5619,11695
20210115,6호선,공덕,15912,15696,31608
20210115,6호선,대흥,6704,6754,13458
20210115,6호선,광흥창,7433,7098,14531
20210115,6호선,상수,6340,7181,13521
20210115,6호선,합정,10547,10391,20938
20210115,6호선,망원,11877,12913,24790
20210115,6호선,마포구청,12174,11095,23269
20210115,6호선,월드컵경기장,3490,3606,7096
20210115,6호선,디지털미디어시티,11934,12910,24844
20210115,6호선,증산,8951,8836,17787
20210115,6호선,새절,10998,10433,21431
20210115,6호선,구산,6235,4880,11115
20210115,6호선,독바위,2354,2414,4768
20210115,6호선,불광,3574,3684,7258
20210115,6호선,역촌,3230,3849,7079
20210115,6호선,응암,15238,15260,30498
20210118,6호선,봉화산,8155,7716,15871
20210118,6호선,화랑대,10072,7846,17918
20210118,6호선,태릉입구,4540,5095,9635
20210118,6호선,석계,10958,11324,22282
20210118,6호선,돌곶이,7801,7313,15114
20210118,6호선,상월곡,5500,5005,10505
20210118,6호선,월곡,9937,9855,19792
20210118,6호선,고려대,6672,6592,13264
20210118,6호선,안암,8625,8793,17418
20210118,6호선,보문,6270,5940,12210
20210118,6호선,창신,3218,2675,5893
20210118,6호선,동묘앞,6661,6982,13643
20210118,6호선,신당,6746,7231,13977
20210118,6호선,청구,3394,3647,7041
20210118,6호선,약수,3199,3124,6323
20210118,6호선,버티고개,2073,2007,4080
20210118,6호선,한강진,5508,6179,11687
20210118,6호선,이태원,7060,7146,14206
20210118,6호선,녹사평,3626,3449,7075
20210118,6호선,삼각지,4658,4199,8857
20210118,6호선,효창공원앞,6127,5698,11825
20210118,6호선,대흥,6820,7143,13963
20210118,6호선,광흥창,8063,7787,15850
20210118,6호선,상수,6237,6634,12871
20210118,6호선,합정,10445,10118,20563
20210118,6호선,망원,11490,12639,24129
20210118,6호선,마포구청,12433,11398,23831
20210118,6호선,월드컵경기장,3414,3569,6983
20210118,6호선,디지털미디어시티,12685,14103,26788
20210118,6호선,증산,8906,9063,17969
20210118,6호선,새절,11257,10697,21954
20210118,6호선,구산,6397,5132,11529
20210118,6호선,연신내,1,0,1
20210118,6호선,독바위,2494,2627,5121
20210118,6호선,불광,3497,3595,7092
20210118,6호선,역촌,3329,4017,7346
20210118,6호선,응암,15654,15700,31354
20210118,6호선,공덕,16847,16217,33064
20210119,6호선,응암,15096,15193,30289
20210119,6호선,역촌,3229,3850,7079
20210119,6호선,불광,3385,3525,6910
20210119,6호선,독바위,2379,2525,4904
20210119,6호선,연신내,1,0,1
20210119,6호선,구산,6125,4868,10993
20210119,6호선,새절,10854,10313,21167
20210119,6호선,증산,8745,8743,17488
20210119,6호선,디지털미디어시티,12205,13534,25739
20210119,6호선,월드컵경기장,3455,3626,7081
20210119,6호선,마포구청,12166,11072,23238
20210119,6호선,망원,11523,12609,24132
20210119,6호선,합정,10388,10051,20439
20210119,6호선,상수,6164,6673,12837
20210119,6호선,광흥창,7750,7581,15331
20210119,6호선,대흥,6719,6930,13649
20210119,6호선,공덕,16428,15983,32411
20210119,6호선,효창공원앞,6088,5506,11594
20210119,6호선,삼각지,4860,4293,9153
20210119,6호선,녹사평,3637,3436,7073
20210119,6호선,이태원,6887,7026,13913
20210119,6호선,한강진,5705,6436,12141
20210119,6호선,버티고개,1875,1796,3671
20210119,6호선,약수,3070,3019,6089
20210119,6호선,청구,3389,3588,6977
20210119,6호선,신당,6661,7096,13757
20210119,6호선,동묘앞,6650,6803,13453
20210119,6호선,창신,3447,2893,6340
20210119,6호선,보문,6113,5826,11939
20210119,6호선,안암,8405,8382,16787
20210119,6호선,고려대,6427,6354,12781
20210119,6호선,월곡,9417,9578,18995
20210119,6호선,상월곡,5247,4741,9988
20210119,6호선,돌곶이,7285,6910,14195
20210119,6호선,석계,10534,10831,21365
20210119,6호선,태릉입구,4431,4870,9301
20210119,6호선,화랑대,9623,7693,17316
20210119,6호선,봉화산,7837,7404,15241
20210120,6호선,봉화산,8257,7688,15945
20210120,6호선,화랑대,10010,8005,18015
20210120,6호선,태릉입구,4653,5113,9766
20210120,6호선,석계,11120,11552,22672
20210120,6호선,돌곶이,7960,7561,15521
20210120,6호선,상월곡,5471,4989,10460
20210120,6호선,월곡,9985,10058,20043
20210120,6호선,고려대,6879,6661,13540
20210120,6호선,안암,8543,8572,17115
20210120,6호선,보문,6351,5920,12271
20210120,6호선,창신,3073,2549,5622
20210120,6호선,동묘앞,7208,7198,14406
20210120,6호선,신당,6673,7123,13796
20210120,6호선,청구,3448,3711,7159
20210120,6호선,약수,3185,3280,6465
20210120,6호선,버티고개,2020,1943,3963
20210120,6호선,한강진,6184,6890,13074
20210120,6호선,이태원,7333,7456,14789
20210120,6호선,녹사평,3970,3969,7939
20210120,6호선,삼각지,4950,4412,9362
20210120,6호선,효창공원앞,6258,5784,12042
20210120,6호선,공덕,16818,16368,33186
20210120,6호선,대흥,7041,7299,14340
20210120,6호선,광흥창,7909,7722,15631
20210120,6호선,상수,6649,7030,13679
20210120,6호선,합정,10909,10671,21580
20210120,6호선,망원,12329,13251,25580
20210120,6호선,마포구청,12582,11545,24127
20210120,6호선,월드컵경기장,3982,4051,8033
20210120,6호선,디지털미디어시티,12921,13961,26882
20210120,6호선,증산,9003,9142,18145
20210120,6호선,새절,11506,10863,22369
20210120,6호선,구산,6572,5167,11739
20210120,6호선,독바위,2590,2708,5298
20210120,6호선,불광,3717,3922,7639
20210120,6호선,역촌,3389,4075,7464
20210120,6호선,응암,15932,16113,32045
20210121,6호선,봉화산,8010,7550,15560
20210121,6호선,화랑대,9947,7899,17846
20210121,6호선,태릉입구,4597,4961,9558
20210121,6호선,석계,10937,11308,22245
20210121,6호선,돌곶이,7646,7221,14867
20210121,6호선,상월곡,5452,4933,10385
20210121,6호선,월곡,9866,9884,19750
20210121,6호선,고려대,6841,6724,13565
20210121,6호선,안암,8649,8609,17258
20210121,6호선,보문,6283,5945,12228
20210121,6호선,창신,3078,2604,5682
20210121,6호선,동묘앞,6764,6927,13691
20210121,6호선,신당,6721,7196,13917
20210121,6호선,청구,3502,3685,7187
20210121,6호선,약수,3172,3147,6319
20210121,6호선,버티고개,2078,1973,4051
20210121,6호선,한강진,5826,6576,12402
20210121,6호선,이태원,7052,7235,14287
20210121,6호선,녹사평,3819,3795,7614
20210121,6호선,삼각지,4843,4400,9243
20210121,6호선,효창공원앞,6116,5582,11698
20210121,6호선,공덕,16317,15901,32218
20210121,6호선,대흥,6989,7246,14235
20210121,6호선,광흥창,7727,7589,15316
20210121,6호선,상수,6500,7047,13547
20210121,6호선,합정,10758,10752,21510
20210121,6호선,망원,12118,13187,25305
20210121,6호선,마포구청,12469,11520,23989
20210121,6호선,월드컵경기장,3691,3783,7474
20210121,6호선,디지털미디어시티,12170,13605,25775
20210121,6호선,증산,8863,8969,17832
20210121,6호선,새절,11186,10635,21821
20210121,6호선,구산,6315,5188,11503
20210121,6호선,독바위,2414,2750,5164
20210121,6호선,불광,3671,3624,7295
20210121,6호선,역촌,3300,3919,7219
20210121,6호선,응암,15414,15701,31115
20210122,6호선,신내,1,0,1
20210122,6호선,봉화산,8203,7611,15814
20210122,6호선,화랑대,9989,7915,17904
20210122,6호선,태릉입구,4679,5134,9813
20210122,6호선,석계,10922,11145,22067
20210122,6호선,돌곶이,7658,7154,14812
20210122,6호선,상월곡,5464,4872,10336
20210122,6호선,월곡,10181,10067,20248
20210122,6호선,고려대,6865,6537,13402
20210122,6호선,안암,8335,8225,16560
20210122,6호선,보문,6517,6025,12542
20210122,6호선,창신,3153,2512,5665
20210122,6호선,동묘앞,7282,7247,14529
20210122,6호선,신당,7135,7560,14695
20210122,6호선,청구,3493,3660,7153
20210122,6호선,약수,3137,3223,6360
20210122,6호선,버티고개,2004,1945,3949
20210122,6호선,한강진,6237,7110,13347
20210122,6호선,이태원,7937,8157,16094
20210122,6호선,녹사평,4189,4116,8305
20210122,6호선,삼각지,4991,4478,9469
20210122,6호선,효창공원앞,6290,5780,12070
20210122,6호선,공덕,16926,16326,33252
20210122,6호선,대흥,7072,7349,14421
20210122,6호선,광흥창,7830,7548,15378
20210122,6호선,상수,6767,7597,14364
20210122,6호선,합정,11269,11224,22493
20210122,6호선,망원,12695,14077,26772
20210122,6호선,마포구청,12591,11404,23995
20210122,6호선,월드컵경기장,3766,3986,7752
20210122,6호선,디지털미디어시티,12448,13705,26153
20210122,6호선,증산,9208,9008,18216
20210122,6호선,새절,11462,10797,22259
20210122,6호선,구산,6599,5139,11738
20210122,6호선,독바위,2503,2574,5077
20210122,6호선,불광,3775,3732,7507
20210122,6호선,역촌,3391,3987,7378
20210122,6호선,응암,16010,15734,31744
20210125,6호선,응암,16031,16117,32148
20210125,6호선,역촌,3428,4008,7436
20210125,6호선,불광,3783,3918,7701
20210125,6호선,독바위,2481,2678,5159
20210125,6호선,구산,6754,5262,12016
20210125,6호선,새절,11691,11054,22745
20210125,6호선,증산,9192,9178,18370
20210125,6호선,디지털미디어시티,12843,13996,26839
20210125,6호선,월드컵경기장,4147,4200,8347
20210125,6호선,마포구청,12541,11401,23942
20210125,6호선,망원,12276,13402,25678
20210125,6호선,합정,10884,10526,21410
20210125,6호선,상수,6186,6735,12921
20210125,6호선,광흥창,7930,7680,15610
20210125,6호선,대흥,6885,7103,13988
20210125,6호선,공덕,16968,16619,33587
20210125,6호선,효창공원앞,6241,5692,11933
20210125,6호선,삼각지,4785,4176,8961
20210125,6호선,녹사평,3990,3789,7779
20210125,6호선,이태원,7385,7470,14855
20210125,6호선,한강진,5907,6501,12408
20210125,6호선,버티고개,2041,1952,3993
20210125,6호선,약수,3138,3178,6316
20210125,6호선,청구,3455,3780,7235
20210125,6호선,신당,6638,7326,13964
20210125,6호선,동묘앞,7211,7211,14422
20210125,6호선,창신,3164,2676,5840
20210125,6호선,보문,6507,6141,12648
20210125,6호선,안암,8477,8635,17112
20210125,6호선,고려대,6699,6558,13257
20210125,6호선,월곡,10314,10346,20660
20210125,6호선,상월곡,5523,4972,10495
20210125,6호선,돌곶이,7873,7605,15478
20210125,6호선,석계,11013,11359,22372
20210125,6호선,태릉입구,4724,5237,9961
20210125,6호선,화랑대,10130,8029,18159
20210125,6호선,봉화산,8248,7556,15804
20210126,6호선,응암,15765,15930,31695
20210126,6호선,역촌,3332,4014,7346
20210126,6호선,불광,3683,3755,7438
20210126,6호선,독바위,2538,2573,5111
20210126,6호선,연신내,1,0,1
20210126,6호선,구산,6481,5222,11703
20210126,6호선,새절,11491,10937,22428
20210126,6호선,증산,8982,9102,18084
20210126,6호선,디지털미디어시티,12720,14050,26770
20210126,6호선,월드컵경기장,3674,3873,7547
20210126,6호선,마포구청,12576,11580,24156
20210126,6호선,망원,12167,13136,25303
20210126,6호선,합정,11155,10873,22028
20210126,6호선,상수,6623,7196,13819
20210126,6호선,광흥창,7934,7776,15710
20210126,6호선,대흥,7090,7257,14347
20210126,6호선,공덕,17142,16622,33764
20210126,6호선,효창공원앞,6282,5642,11924
20210126,6호선,삼각지,4965,4489,9454
20210126,6호선,녹사평,3786,3713,7499
20210126,6호선,이태원,7263,7336,14599
20210126,6호선,한강진,6013,6859,12872
20210126,6호선,버티고개,2060,1950,4010
20210126,6호선,약수,3236,3220,6456
20210126,6호선,청구,3527,3773,7300
20210126,6호선,신당,7021,7244,14265
20210126,6호선,동묘앞,6625,6834,13459
20210126,6호선,창신,3158,2540,5698
20210126,6호선,보문,6449,6016,12465
20210126,6호선,안암,8621,8644,17265
20210126,6호선,고려대,6656,6563,13219
20210126,6호선,월곡,9907,9981,19888
20210126,6호선,상월곡,5572,4982,10554
20210126,6호선,돌곶이,7781,7292,15073
20210126,6호선,석계,10997,11387,22384
20210126,6호선,태릉입구,4661,5122,9783
20210126,6호선,화랑대,9928,7939,17867
20210126,6호선,봉화산,8105,7580,15685
20210126,6호선,신내,1,0,1
20210127,6호선,응암,16468,16490,32958
20210127,6호선,역촌,3460,4195,7655
20210127,6호선,불광,3979,4079,8058
20210127,6호선,독바위,2588,2821,5409
20210127,6호선,연신내,1,0,1
20210127,6호선,구산,6873,5416,12289
20210127,6호선,새절,12086,11395,23481
20210127,6호선,증산,9340,9372,18712
20210127,6호선,디지털미디어시티,12947,14232,27179
20210127,6호선,월드컵경기장,4796,4912,9708
20210127,6호선,마포구청,12841,11801,24642
20210127,6호선,망원,13019,14063,27082
20210127,6호선,합정,11432,11311,22743
20210127,6호선,상수,6818,7379,14197
20210127,6호선,광흥창,8236,7962,16198
20210127,6호선,대흥,7303,7444,14747
20210127,6호선,공덕,17305,17056,34361
20210127,6호선,효창공원앞,6338,5857,12195
20210127,6호선,삼각지,5174,4582,9756
20210127,6호선,녹사평,4110,4051,8161
20210127,6호선,이태원,8009,8117,16126
20210127,6호선,한강진,6457,7230,13687
20210127,6호선,버티고개,2143,2025,4168
20210127,6호선,약수,3192,3258,6450
20210127,6호선,청구,3551,3810,7361
20210127,6호선,신당,7059,7590,14649
20210127,6호선,동묘앞,7278,7296,14574
20210127,6호선,창신,3218,2623,5841
20210127,6호선,보문,6473,6079,12552
20210127,6호선,안암,8860,9025,17885
20210127,6호선,고려대,6888,6658,13546
20210127,6호선,월곡,10294,10298,20592
20210127,6호선,상월곡,5619,5113,10732
20210127,6호선,돌곶이,8187,7841,16028
20210127,6호선,석계,11306,11599,22905
20210127,6호선,태릉입구,4871,5391,10262
20210127,6호선,화랑대,10278,8080,18358
20210127,6호선,봉화산,8397,7853,16250
20210127,6호선,신내,1,0,1
20210128,6호선,응암,15875,16083,31958
20210128,6호선,역촌,3508,4134,7642
20210128,6호선,불광,3692,3719,7411
20210128,6호선,독바위,2526,2697,5223
20210128,6호선,연신내,1,0,1
20210128,6호선,구산,6658,5308,11966
20210128,6호선,새절,11507,11019,22526
20210128,6호선,증산,9003,9029,18032
20210128,6호선,디지털미디어시티,12568,14088,26656
20210128,6호선,월드컵경기장,3806,3985,7791
20210128,6호선,마포구청,12637,11775,24412
20210128,6호선,망원,12212,13371,25583
20210128,6호선,합정,11100,10854,21954
20210128,6호선,상수,6838,7282,14120
20210128,6호선,광흥창,8015,7944,15959
20210128,6호선,대흥,7140,7424,14564
20210128,6호선,공덕,17246,16595,33841
20210128,6호선,효창공원앞,6226,5812,12038
20210128,6호선,삼각지,5034,4532,9566
20210128,6호선,녹사평,3975,3915,7890
20210128,6호선,이태원,7314,7659,14973
20210128,6호선,한강진,6188,6880,13068
20210128,6호선,버티고개,2168,2066,4234
20210128,6호선,약수,3168,3173,6341
20210128,6호선,청구,3530,3763,7293
20210128,6호선,신당,7113,7397,14510
20210128,6호선,동묘앞,6680,6851,13531
20210128,6호선,창신,3247,2674,5921
20210128,6호선,보문,6261,5929,12190
20210128,6호선,안암,8695,8620,17315
20210128,6호선,고려대,6822,6654,13476
20210128,6호선,월곡,10183,10183,20366
20210128,6호선,상월곡,5652,5128,10780
20210128,6호선,돌곶이,7932,7473,15405
20210128,6호선,석계,11307,11560,22867
20210128,6호선,태릉입구,4773,5167,9940
20210128,6호선,화랑대,10356,8128,18484
20210128,6호선,봉화산,8289,7834,16123
20210129,6호선,상수,7037,7865,14902
20210129,6호선,응암,15610,15655,31265
20210129,6호선,역촌,3398,3882,7280
20210129,6호선,불광,3654,3685,7339
20210129,6호선,독바위,2488,2494,4982
20210129,6호선,구산,6365,5048,11413
20210129,6호선,새절,11150,10467,21617
20210129,6호선,증산,8909,8749,17658
20210129,6호선,디지털미디어시티,12257,13356,25613
20210129,6호선,월드컵경기장,3597,3739,7336
20210129,6호선,마포구청,12280,11287,23567
20210129,6호선,망원,12356,13651,26007
20210129,6호선,합정,11545,11125,22670
20210129,6호선,광흥창,7770,7661,15431
20210129,6호선,대흥,6914,7134,14048
20210129,6호선,공덕,16777,16433,33210
20210129,6호선,효창공원앞,6237,5694,11931
20210129,6호선,삼각지,5034,4595,9629
20210129,6호선,녹사평,4138,4026,8164
20210129,6호선,이태원,7727,8127,15854
20210129,6호선,한강진,6221,7086,13307
20210129,6호선,버티고개,2032,1943,3975
20210129,6호선,약수,3088,3167,6255
20210129,6호선,청구,3438,3657,7095
20210129,6호선,신당,6799,7178,13977
20210129,6호선,동묘앞,6832,6983,13815
20210129,6호선,창신,3126,2517,5643
20210129,6호선,보문,6356,5879,12235
20210129,6호선,안암,8481,8257,16738
20210129,6호선,고려대,6679,6407,13086
20210129,6호선,월곡,10075,9903,19978
20210129,6호선,상월곡,5554,4895,10449
20210129,6호선,돌곶이,7557,7116,14673
20210129,6호선,석계,10828,10999,21827
20210129,6호선,태릉입구,4579,5055,9634
20210129,6호선,화랑대,9715,7623,17338
20210129,6호선,봉화산,7918,7390,15308
20210201,6호선,신내,1,0,1
20210201,6호선,봉화산,8400,7877,16277
20210201,6호선,화랑대,10446,8150,18596
20210201,6호선,태릉입구,4895,5279,10174
20210201,6호선,석계,11204,11725,22929
20210201,6호선,돌곶이,8071,7687,15758
20210201,6호선,상월곡,5632,5034,10666
20210201,6호선,월곡,10592,10681,21273
20210201,6호선,고려대,6851,6674,13525
20210201,6호선,안암,8501,8594,17095
20210201,6호선,보문,6537,6129,12666
20210201,6호선,창신,3131,2580,5711
20210201,6호선,동묘앞,7106,7341,14447
20210201,6호선,신당,6830,7293,14123
20210201,6호선,청구,3540,3826,7366
20210201,6호선,약수,3251,3298,6549
20210201,6호선,버티고개,2065,2020,4085
20210201,6호선,한강진,5900,6709,12609
20210201,6호선,이태원,7505,7382,14887
20210201,6호선,녹사평,3858,3690,7548
20210201,6호선,삼각지,4785,4344,9129
20210201,6호선,효창공원앞,6391,5785,12176
20210201,6호선,공덕,17388,16846,34234
20210201,6호선,대흥,7202,7545,14747
20210201,6호선,광흥창,8103,7903,16006
20210201,6호선,상수,6339,6801,13140
20210201,6호선,합정,10954,10648,21602
20210201,6호선,망원,12512,13598,26110
20210201,6호선,마포구청,12805,11794,24599
20210201,6호선,월드컵경기장,4059,4184,8243
20210201,6호선,디지털미디어시티,12879,14285,27164
20210201,6호선,증산,9399,9313,18712
20210201,6호선,새절,11917,11177,23094
20210201,6호선,구산,6658,5207,11865
20210201,6호선,연신내,1,0,1
20210201,6호선,독바위,2492,2658,5150
20210201,6호선,불광,3637,3905,7542
20210201,6호선,역촌,3500,4156,7656
20210201,6호선,응암,16275,16431,32706
20210202,6호선,봉화산,8282,7877,16159
20210202,6호선,화랑대,10220,8064,18284
20210202,6호선,태릉입구,4830,5175,10005
20210202,6호선,석계,11170,11654,22824
20210202,6호선,돌곶이,8028,7507,15535
20210202,6호선,상월곡,5645,5114,10759
20210202,6호선,월곡,10274,10259,20533
20210202,6호선,고려대,6765,6558,13323
20210202,6호선,안암,8835,8792,17627
20210202,6호선,보문,6491,6053,12544
20210202,6호선,창신,3203,2688,5891
20210202,6호선,동묘앞,6849,6982,13831
20210202,6호선,신당,7099,7562,14661
20210202,6호선,청구,3422,3694,7116
20210202,6호선,약수,3227,3187,6414
20210202,6호선,버티고개,2104,2026,4130
20210202,6호선,한강진,6152,7029,13181
20210202,6호선,이태원,7490,7435,14925
20210202,6호선,녹사평,3970,3889,7859
20210202,6호선,삼각지,5022,4555,9577
20210202,6호선,효창공원앞,6306,5783,12089
20210202,6호선,공덕,17398,16751,34149
20210202,6호선,대흥,7093,7412,14505
20210202,6호선,광흥창,8093,7963,16056
20210202,6호선,상수,6663,7253,13916
20210202,6호선,합정,11229,10934,22163
20210202,6호선,망원,12554,13730,26284
20210202,6호선,마포구청,13059,12024,25083
20210202,6호선,월드컵경기장,3849,3926,7775
20210202,6호선,디지털미디어시티,12719,14181,26900
20210202,6호선,증산,9221,9230,18451
20210202,6호선,새절,11766,11244,23010
20210202,6호선,구산,6801,5461,12262
20210202,6호선,독바위,2551,2678,5229
20210202,6호선,불광,3653,3841,7494
20210202,6호선,역촌,3361,4065,7426
20210202,6호선,응암,16008,16143,32151
20210203,6호선,응암,16606,17051,33657
20210203,6호선,역촌,3629,4326,7955
20210203,6호선,불광,3947,4189,8136
20210203,6호선,독바위,2594,2873,5467
20210203,6호선,연신내,3,0,3
20210203,6호선,구산,7169,5834,13003
20210203,6호선,새절,12171,11786,23957
20210203,6호선,증산,9576,9789,19365
20210203,6호선,디지털미디어시티,13431,14844,28275
20210203,6호선,월드컵경기장,4133,4325,8458
20210203,6호선,마포구청,13438,12508,25946
20210203,6호선,망원,13500,14624,28124
20210203,6호선,합정,11586,11146,22732
20210203,6호선,상수,7149,7555,14704
20210203,6호선,광흥창,8395,8335,16730
20210203,6호선,대흥,7596,7779,15375
20210203,6호선,공덕,18029,17184,35213
20210203,6호선,효창공원앞,6658,6178,12836
20210203,6호선,삼각지,5267,4711,9978
20210203,6호선,녹사평,4237,4075,8312
20210203,6호선,이태원,7898,7992,15890
20210203,6호선,한강진,6634,7161,13795
20210203,6호선,버티고개,2157,2142,4299
20210203,6호선,약수,3229,3325,6554
20210203,6호선,청구,3698,3826,7524
20210203,6호선,신당,7459,7758,15217
20210203,6호선,동묘앞,7182,7282,14464
20210203,6호선,창신,3352,2857,6209
20210203,6호선,보문,6807,6540,13347
20210203,6호선,안암,9041,8845,17886
20210203,6호선,고려대,7148,7065,14213
20210203,6호선,월곡,10630,10685,21315
20210203,6호선,상월곡,5748,5343,11091
20210203,6호선,돌곶이,8384,8135,16519
20210203,6호선,석계,11573,12075,23648
20210203,6호선,태릉입구,4867,5365,10232
20210203,6호선,화랑대,10520,8515,19035
20210203,6호선,봉화산,8567,8004,16571
20210203,6호선,신내,1,0,1
20210204,6호선,응암,16874,16566,33440
20210204,6호선,역촌,3566,4145,7711
20210204,6호선,불광,3765,3963,7728
20210204,6호선,독바위,2616,2728,5344
20210204,6호선,구산,7052,5650,12702
20210204,6호선,새절,12318,11439,23757
20210204,6호선,증산,9567,9384,18951
20210204,6호선,디지털미디어시티,13381,14876,28257
20210204,6호선,월드컵경기장,4138,4326,8464
20210204,6호선,마포구청,13520,12441,25961
20210204,6호선,망원,13189,14282,27471
20210204,6호선,합정,11665,11522,23187
20210204,6호선,상수,7113,7828,14941
20210204,6호선,광흥창,8329,8207,16536
20210204,6호선,대흥,7516,7656,15172
20210204,6호선,공덕,17691,17231,34922
20210204,6호선,효창공원앞,6607,6069,12676
20210204,6호선,삼각지,5402,4815,10217
20210204,6호선,녹사평,4199,4022,8221
20210204,6호선,이태원,7881,8068,15949
20210204,6호선,한강진,6594,7473,14067
20210204,6호선,버티고개,2295,2117,4412
20210204,6호선,약수,3268,3385,6653
20210204,6호선,청구,3659,3840,7499
20210204,6호선,신당,7196,7633,14829
20210204,6호선,동묘앞,7026,7333,14359
20210204,6호선,창신,3377,2722,6099
20210204,6호선,보문,6742,6357,13099
20210204,6호선,안암,8997,9149,18146
20210204,6호선,고려대,7054,6888,13942
20210204,6호선,월곡,10389,10452,20841
20210204,6호선,상월곡,5833,5262,11095
20210204,6호선,돌곶이,8348,7604,15952
20210204,6호선,석계,11702,11889,23591
20210204,6호선,태릉입구,4926,5345,10271
20210204,6호선,화랑대,10793,8303,19096
20210204,6호선,봉화산,8593,8052,16645
20210205,6호선,봉화산,8472,7947,16419
20210205,6호선,화랑대,10669,8311,18980
20210205,6호선,태릉입구,5009,5458,10467
20210205,6호선,석계,11628,11954,23582
20210205,6호선,돌곶이,8328,7706,16034
20210205,6호선,상월곡,5751,5097,10848
20210205,6호선,월곡,10579,10576,21155
20210205,6호선,고려대,7148,6856,14004
20210205,6호선,안암,8836,8579,17415
20210205,6호선,보문,6799,6442,13241
20210205,6호선,창신,3238,2541,5779
20210205,6호선,동묘앞,7446,7505,14951
20210205,6호선,신당,7375,7699,15074
20210205,6호선,청구,3659,3873,7532
20210205,6호선,약수,3337,3473,6810
20210205,6호선,버티고개,2262,2106,4368
20210205,6호선,한강진,6813,7963,14776
20210205,6호선,이태원,8507,8788,17295
20210205,6호선,녹사평,4577,4444,9021
20210205,6호선,삼각지,5470,4741,10211
20210205,6호선,효창공원앞,6719,6174,12893
20210205,6호선,공덕,18134,17592,35726
20210205,6호선,대흥,7627,7651,15278
20210205,6호선,광흥창,8557,8313,16870
20210205,6호선,상수,7514,8288,15802
20210205,6호선,합정,12481,12296,24777
20210205,6호선,망원,14151,15377,29528
20210205,6호선,마포구청,13499,12206,25705
20210205,6호선,월드컵경기장,4459,4564,9023
20210205,6호선,디지털미디어시티,13144,14217,27361
20210205,6호선,증산,9659,9634,19293
20210205,6호선,새절,12018,11495,23513
20210205,6호선,구산,7164,5596,12760
20210205,6호선,독바위,2597,2676,5273
20210205,6호선,불광,4026,4134,8160
20210205,6호선,역촌,3550,4169,7719
20210205,6호선,응암,16958,16775,33733
20210208,6호선,응암,16576,16606,33182
20210208,6호선,역촌,3616,4185,7801
20210208,6호선,불광,3980,4057,8037
20210208,6호선,독바위,2600,2757,5357
20210208,6호선,연신내,1,0,1
20210208,6호선,구산,6793,5368,12161
20210208,6호선,새절,12068,11385,23453
20210208,6호선,증산,9343,9255,18598
20210208,6호선,디지털미디어시티,13116,14510,27626
20210208,6호선,월드컵경기장,3993,4076,8069
20210208,6호선,마포구청,12966,12065,25031
20210208,6호선,망원,13481,14501,27982
20210208,6호선,합정,11697,11496,23193
20210208,6호선,상수,6845,7387,14232
20210208,6호선,광흥창,8340,8142,16482
20210208,6호선,대흥,7319,7632,14951
20210208,6호선,공덕,17864,17180,35044
20210208,6호선,효창공원앞,6541,6064,12605
20210208,6호선,삼각지,5021,4423,9444
20210208,6호선,녹사평,4197,3955,8152
20210208,6호선,이태원,8075,8105,16180
20210208,6호선,한강진,6098,6856,12954
20210208,6호선,버티고개,2163,2091,4254
20210208,6호선,약수,3317,3358,6675
20210208,6호선,청구,3583,3847,7430
20210208,6호선,신당,6984,7460,14444
20210208,6호선,동묘앞,7258,7447,14705
20210208,6호선,창신,3298,2695,5993
20210208,6호선,보문,6671,6221,12892
20210208,6호선,안암,9136,9036,18172
20210208,6호선,고려대,7052,6878,13930
20210208,6호선,월곡,10615,10603,21218
20210208,6호선,상월곡,5779,5226,11005
20210208,6호선,돌곶이,8247,7732,15979
20210208,6호선,석계,11482,11764,23246
20210208,6호선,태릉입구,4905,5244,10149
20210208,6호선,화랑대,10483,8206,18689
20210208,6호선,봉화산,8574,8058,16632
20210209,6호선,봉화산,8439,7895,16334
20210209,6호선,화랑대,10554,8187,18741
20210209,6호선,태릉입구,5005,5417,10422
20210209,6호선,석계,11594,11731,23325
20210209,6호선,돌곶이,8147,7745,15892
20210209,6호선,상월곡,5844,5165,11009
20210209,6호선,월곡,10815,10616,21431
20210209,6호선,고려대,7082,6771,13853
20210209,6호선,안암,9064,8634,17698
20210209,6호선,보문,6671,6152,12823
20210209,6호선,창신,3322,2715,6037
20210209,6호선,동묘앞,7372,7470,14842
20210209,6호선,신당,7377,7369,14746
20210209,6호선,청구,3547,3961,7508
20210209,6호선,약수,3334,3370,6704
20210209,6호선,버티고개,2101,2039,4140
20210209,6호선,한강진,6498,7464,13962
20210209,6호선,이태원,8111,8161,16272
20210209,6호선,녹사평,4283,4152,8435
20210209,6호선,삼각지,5301,4680,9981
20210209,6호선,효창공원앞,6579,5930,12509
20210209,6호선,공덕,18250,17404,35654
20210209,6호선,대흥,7446,7606,15052
20210209,6호선,광흥창,8351,8235,16586
20210209,6호선,상수,7104,7729,14833
20210209,6호선,합정,12023,11789,23812
20210209,6호선,망원,13900,15080,28980
20210209,6호선,마포구청,13486,12235,25721
20210209,6호선,월드컵경기장,4257,4411,8668
20210209,6호선,디지털미디어시티,13281,14532,27813
20210209,6호선,증산,9333,9306,18639
20210209,6호선,새절,11961,11408,23369
20210209,6호선,구산,6821,5242,12063
20210209,6호선,독바위,2600,2762,5362
20210209,6호선,불광,3980,4082,8062
20210209,6호선,역촌,3544,4187,7731
20210209,6호선,응암,16800,16746,33546
20210210,6호선,응암,16238,16045,32283
20210210,6호선,역촌,3387,3846,7233
20210210,6호선,불광,3907,3967,7874
20210210,6호선,독바위,2490,2516,5006
20210210,6호선,연신내,1,0,1
20210210,6호선,구산,6595,4928,11523
20210210,6호선,새절,11438,10530,21968
20210210,6호선,증산,9487,8903,18390
20210210,6호선,디지털미디어시티,12046,13130,25176
20210210,6호선,월드컵경기장,4142,4441,8583
20210210,6호선,마포구청,12784,11083,23867
20210210,6호선,망원,14642,15694,30336
20210210,6호선,합정,11956,11599,23555
20210210,6호선,상수,7150,7600,14750
20210210,6호선,광흥창,7767,7527,15294
20210210,6호선,대흥,7088,7019,14107
20210210,6호선,공덕,17035,16219,33254
20210210,6호선,효창공원앞,6305,5544,11849
20210210,6호선,삼각지,5123,4402,9525
20210210,6호선,녹사평,4459,4257,8716
20210210,6호선,이태원,8551,8696,17247
20210210,6호선,한강진,6451,7482,13933
20210210,6호선,버티고개,2049,1932,3981
20210210,6호선,약수,3210,3398,6608
20210210,6호선,청구,3357,3446,6803
20210210,6호선,신당,5867,5502,11369
20210210,6호선,동묘앞,7026,6750,13776
20210210,6호선,창신,3142,2352,5494
20210210,6호선,보문,6828,5839,12667
20210210,6호선,안암,8793,7890,16683
20210210,6호선,고려대,7042,6484,13526
20210210,6호선,월곡,10063,9849,19912
20210210,6호선,상월곡,5416,4618,10034
20210210,6호선,돌곶이,7998,7361,15359
20210210,6호선,석계,10991,11223,22214
20210210,6호선,태릉입구,4666,5179,9845
20210210,6호선,화랑대,9834,7735,17569
20210210,6호선,봉화산,7953,7502,15455
20210211,6호선,봉화산,2648,2674,5322
20210211,6호선,화랑대,3269,2782,6051
20210211,6호선,태릉입구,2010,2050,4060
20210211,6호선,석계,4470,4539,9009
20210211,6호선,돌곶이,3077,2789,5866
20210211,6호선,상월곡,2196,1807,4003
20210211,6호선,월곡,4033,3800,7833
20210211,6호선,고려대,2904,2408,5312
20210211,6호선,안암,3093,2393,5486
20210211,6호선,보문,2907,2199,5106
20210211,6호선,창신,1180,933,2113
20210211,6호선,동묘앞,3943,3499,7442
20210211,6호선,신당,1996,1735,3731
20210211,6호선,청구,1194,1226,2420
20210211,6호선,약수,1174,1212,2386
20210211,6호선,버티고개,802,829,1631
20210211,6호선,한강진,2933,3431,6364
20210211,6호선,이태원,5953,6090,12043
20210211,6호선,녹사평,2408,2317,4725
20210211,6호선,삼각지,1886,1380,3266
20210211,6호선,효창공원앞,2296,1991,4287
20210211,6호선,공덕,4874,4283,9157
20210211,6호선,대흥,2419,2253,4672
20210211,6호선,광흥창,2576,2298,4874
20210211,6호선,상수,3445,3690,7135
20210211,6호선,합정,5819,5118,10937
20210211,6호선,망원,7841,8181,16022
20210211,6호선,마포구청,5063,4002,9065
20210211,6호선,월드컵경기장,2944,2780,5724
20210211,6호선,디지털미디어시티,3793,3783,7576
20210211,6호선,증산,4232,4010,8242
20210211,6호선,새절,4815,4518,9333
20210211,6호선,구산,2688,2021,4709
20210211,6호선,독바위,1163,1311,2474
20210211,6호선,불광,2038,1865,3903
20210211,6호선,역촌,1417,1467,2884
20210211,6호선,응암,6997,6635,13632
20210212,6호선,응암,5280,5335,10615
20210212,6호선,역촌,1160,1325,2485
20210212,6호선,불광,1231,1189,2420
20210212,6호선,독바위,967,1078,2045
20210212,6호선,구산,2120,1551,3671
20210212,6호선,새절,3776,3786,7562
20210212,6호선,증산,3277,3227,6504
20210212,6호선,디지털미디어시티,2706,2889,5595
20210212,6호선,월드컵경기장,2142,1918,4060
20210212,6호선,마포구청,3675,3213,6888
20210212,6호선,망원,3948,4443,8391
20210212,6호선,합정,3719,3438,7157
20210212,6호선,상수,2100,2267,4367
20210212,6호선,광흥창,1733,1600,3333
20210212,6호선,대흥,1631,1640,3271
20210212,6호선,공덕,3006,2776,5782
20210212,6호선,효창공원앞,1716,1400,3116
20210212,6호선,삼각지,1301,973,2274
20210212,6호선,녹사평,1705,1799,3504
20210212,6호선,이태원,4945,5247,10192
20210212,6호선,한강진,1998,2255,4253
20210212,6호선,버티고개,564,636,1200
20210212,6호선,약수,793,833,1626
20210212,6호선,청구,904,925,1829
20210212,6호선,신당,1306,1273,2579
20210212,6호선,동묘앞,2701,2572,5273
20210212,6호선,창신,893,822,1715
20210212,6호선,보문,2199,1988,4187
20210212,6호선,안암,1875,1956,3831
20210212,6호선,고려대,2289,2185,4474
20210212,6호선,월곡,2906,2805,5711
20210212,6호선,상월곡,1822,1677,3499
20210212,6호선,돌곶이,2325,2260,4585
20210212,6호선,석계,3589,3610,7199
20210212,6호선,태릉입구,1509,1560,3069
20210212,6호선,화랑대,2535,2245,4780
20210212,6호선,봉화산,2137,2168,4305
20210215,6호선,봉화산,8082,7638,15720
20210215,6호선,화랑대,10058,7982,18040
20210215,6호선,태릉입구,4705,5278,9983
20210215,6호선,석계,11095,11437,22532
20210215,6호선,돌곶이,7980,7510,15490
20210215,6호선,상월곡,5508,5056,10564
20210215,6호선,월곡,9910,9940,19850
20210215,6호선,고려대,6647,6653,13300
20210215,6호선,안암,8916,9261,18177
20210215,6호선,보문,6257,6047,12304
20210215,6호선,창신,3164,2634,5798
20210215,6호선,동묘앞,6414,7022,13436
20210215,6호선,신당,5644,6523,12167
20210215,6호선,청구,3422,3703,7125
20210215,6호선,약수,3192,3282,6474
20210215,6호선,버티고개,2050,1935,3985
20210215,6호선,한강진,5826,6624,12450
20210215,6호선,이태원,7915,7930,15845
20210215,6호선,녹사평,3805,3676,7481
20210215,6호선,삼각지,4691,4316,9007
20210215,6호선,효창공원앞,6264,5718,11982
20210215,6호선,공덕,17146,16565,33711
20210215,6호선,대흥,7128,7451,14579
20210215,6호선,광흥창,7931,7839,15770
20210215,6호선,상수,6657,7361,14018
20210215,6호선,합정,11185,10868,22053
20210215,6호선,망원,12032,13315,25347
20210215,6호선,마포구청,12615,11842,24457
20210215,6호선,월드컵경기장,3649,3789,7438
20210215,6호선,디지털미디어시티,12589,13950,26539
20210215,6호선,증산,9168,9303,18471
20210215,6호선,새절,11576,11043,22619
20210215,6호선,구산,6694,5286,11980
20210215,6호선,연신내,1,0,1
20210215,6호선,독바위,2485,2646,5131
20210215,6호선,불광,3914,3867,7781
20210215,6호선,역촌,3582,4142,7724
20210215,6호선,응암,16334,16535,32869
20210216,6호선,봉화산,8483,7966,16449
20210216,6호선,화랑대,10527,8334,18861
20210216,6호선,태릉입구,4908,5453,10361
20210216,6호선,석계,11432,11864,23296
20210216,6호선,돌곶이,8208,7740,15948
20210216,6호선,상월곡,5759,5142,10901
20210216,6호선,월곡,10122,10343,20465
20210216,6호선,고려대,7038,7024,14062
20210216,6호선,안암,9224,9336,18560
20210216,6호선,보문,6604,6231,12835
20210216,6호선,창신,3319,2779,6098
20210216,6호선,동묘앞,7130,7577,14707
20210216,6호선,신당,7434,7884,15318
20210216,6호선,청구,3573,3864,7437
20210216,6호선,약수,3286,3362,6648
20210216,6호선,버티고개,2140,2056,4196
20210216,6호선,한강진,6843,7681,14524
20210216,6호선,이태원,8057,8253,16310
20210216,6호선,녹사평,3970,3861,7831
20210216,6호선,삼각지,5206,4730,9936
20210216,6호선,효창공원앞,6344,5782,12126
20210216,6호선,공덕,17697,16997,34694
20210216,6호선,대흥,7379,7835,15214
20210216,6호선,광흥창,8299,8157,16456
20210216,6호선,상수,7245,7961,15206
20210216,6호선,합정,11645,11491,23136
20210216,6호선,망원,12748,13771,26519
20210216,6호선,마포구청,13259,12285,25544
20210216,6호선,월드컵경기장,3599,3828,7427
20210216,6호선,디지털미디어시티,12965,14479,27444
20210216,6호선,증산,9125,9232,18357
20210216,6호선,새절,11808,11161,22969
20210216,6호선,구산,6784,5482,12266
20210216,6호선,독바위,2610,2746,5356
20210216,6호선,불광,3877,3951,7828
20210216,6호선,역촌,3490,4152,7642
20210216,6호선,응암,16329,16490,32819
20210217,6호선,응암,16225,16407,32632
20210217,6호선,역촌,3438,4016,7454
20210217,6호선,불광,3934,3859,7793
20210217,6호선,독바위,2559,2724,5283
20210217,6호선,구산,6719,5373,12092
20210217,6호선,새절,11744,11210,22954
20210217,6호선,증산,9220,9289,18509
20210217,6호선,디지털미디어시티,12859,14331,27190
20210217,6호선,월드컵경기장,3475,3611,7086
20210217,6호선,마포구청,13079,12142,25221
20210217,6호선,망원,12900,14211,27111
20210217,6호선,합정,11913,11548,23461
20210217,6호선,상수,7481,7939,15420
20210217,6호선,광흥창,8298,8220,16518
20210217,6호선,대흥,7281,7542,14823
20210217,6호선,공덕,17345,16952,34297
20210217,6호선,효창공원앞,6285,5925,12210
20210217,6호선,삼각지,5137,4716,9853
20210217,6호선,녹사평,4036,4011,8047
20210217,6호선,이태원,7915,8074,15989
20210217,6호선,한강진,6994,7829,14823
20210217,6호선,버티고개,2063,1977,4040
20210217,6호선,약수,3193,3245,6438
20210217,6호선,청구,3560,3876,7436
20210217,6호선,신당,7387,7830,15217
20210217,6호선,동묘앞,7017,7131,14148
20210217,6호선,창신,3259,2653,5912
20210217,6호선,보문,6688,6249,12937
20210217,6호선,안암,9093,9129,18222
20210217,6호선,고려대,7080,7031,14111
20210217,6호선,월곡,10034,10036,20070
20210217,6호선,상월곡,5659,5151,10810
20210217,6호선,돌곶이,8166,7710,15876
20210217,6호선,석계,11187,11553,22740
20210217,6호선,태릉입구,4848,5409,10257
20210217,6호선,화랑대,10445,8166,18611
20210217,6호선,봉화산,8280,7756,16036
20210218,6호선,봉화산,8304,7779,16083
20210218,6호선,화랑대,10437,8185,18622
20210218,6호선,태릉입구,4830,5307,10137
20210218,6호선,석계,11222,11639,22861
20210218,6호선,돌곶이,8004,7569,15573
20210218,6호선,상월곡,5645,5098,10743
20210218,6호선,월곡,10201,10220,20421
20210218,6호선,고려대,7110,7090,14200
20210218,6호선,안암,9348,9250,18598
20210218,6호선,보문,6630,6106,12736
20210218,6호선,창신,3232,2609,5841
20210218,6호선,동묘앞,7048,7257,14305
20210218,6호선,신당,7499,7814,15313
20210218,6호선,청구,3615,3911,7526
20210218,6호선,약수,3304,3313,6617
20210218,6호선,버티고개,2171,2045,4216
20210218,6호선,한강진,7490,8342,15832
20210218,6호선,이태원,8258,8251,16509
20210218,6호선,녹사평,4185,4024,8209
20210218,6호선,삼각지,5282,4723,10005
20210218,6호선,효창공원앞,6452,5994,12446
20210218,6호선,공덕,17822,17267,35089
20210218,6호선,대흥,7427,7808,15235
20210218,6호선,광흥창,8253,8199,16452
20210218,6호선,상수,7485,8352,15837
20210218,6호선,합정,12010,11744,23754
20210218,6호선,망원,13192,14520,27712
20210218,6호선,마포구청,13255,12163,25418
20210218,6호선,월드컵경기장,3991,4230,8221
20210218,6호선,디지털미디어시티,12850,14190,27040
20210218,6호선,증산,9326,9345,18671
20210218,6호선,새절,11897,11210,23107
20210218,6호선,구산,6728,5258,11986
20210218,6호선,독바위,2606,2757,5363
20210218,6호선,불광,3794,3845,7639
20210218,6호선,역촌,3475,3917,7392
20210218,6호선,응암,16394,16401,32795
20210219,6호선,응암,16964,17099,34063
20210219,6호선,역촌,3621,4228,7849
20210219,6호선,불광,4082,4056,8138
20210219,6호선,독바위,2709,2773,5482
20210219,6호선,연신내,1,0,1
20210219,6호선,구산,7134,5490,12624
20210219,6호선,새절,12295,11466,23761
20210219,6호선,증산,9774,9592,19366
20210219,6호선,디지털미디어시티,13224,14180,27404
20210219,6호선,월드컵경기장,4126,4257,8383
20210219,6호선,마포구청,13652,12274,25926
20210219,6호선,망원,14472,16057,30529
20210219,6호선,합정,13141,12946,26087
20210219,6호선,상수,8046,9028,17074
20210219,6호선,광흥창,8540,8345,16885
20210219,6호선,대흥,7967,8179,16146
20210219,6호선,공덕,18611,18052,36663
20210219,6호선,효창공원앞,6685,6198,12883
20210219,6호선,삼각지,5738,5061,10799
20210219,6호선,녹사평,4836,4814,9650
20210219,6호선,이태원,9367,9813,19180
20210219,6호선,한강진,7877,8916,16793
20210219,6호선,버티고개,2228,2126,4354
20210219,6호선,약수,3392,3545,6937
20210219,6호선,청구,3777,3972,7749
20210219,6호선,신당,7752,8199,15951
20210219,6호선,동묘앞,7709,7783,15492
20210219,6호선,창신,3420,2731,6151
20210219,6호선,보문,6998,6426,13424
20210219,6호선,안암,9605,9730,19335
20210219,6호선,고려대,7730,7495,15225
20210219,6호선,월곡,10887,10717,21604
20210219,6호선,상월곡,5821,5121,10942
20210219,6호선,돌곶이,8490,7908,16398
20210219,6호선,석계,11834,11885,23719
20210219,6호선,태릉입구,5186,5821,11007
20210219,6호선,봉화산,8516,7969,16485
20210219,6호선,화랑대,10917,8522,19439
20210222,6호선,응암,16928,16929,33857
20210222,6호선,역촌,3604,4207,7811
20210222,6호선,불광,4161,4045,8206
20210222,6호선,독바위,2663,2829,5492
20210222,6호선,구산,7060,5546,12606
20210222,6호선,새절,12289,11730,24019
20210222,6호선,증산,9720,9726,19446
20210222,6호선,디지털미디어시티,13299,14559,27858
20210222,6호선,월드컵경기장,4079,4296,8375
20210222,6호선,마포구청,13641,12541,26182
20210222,6호선,망원,13133,14203,27336
20210222,6호선,합정,11940,11701,23641
20210222,6호선,상수,7173,7653,14826
20210222,6호선,광흥창,8380,8335,16715
20210222,6호선,대흥,7385,7629,15014
20210222,6호선,공덕,18178,17570,35748
20210222,6호선,효창공원앞,6622,6138,12760
20210222,6호선,삼각지,5145,4572,9717
20210222,6호선,녹사평,4164,4173,8337
20210222,6호선,이태원,8327,8423,16750
20210222,6호선,한강진,6399,7099,13498
20210222,6호선,버티고개,2177,2083,4260
20210222,6호선,약수,3329,3440,6769
20210222,6호선,청구,3639,4032,7671
20210222,6호선,신당,7228,7668,14896
20210222,6호선,동묘앞,7662,7643,15305
20210222,6호선,창신,3280,2719,5999
20210222,6호선,보문,6754,6365,13119
20210222,6호선,안암,9498,9496,18994
20210222,6호선,고려대,7342,7164,14506
20210222,6호선,월곡,10824,10861,21685
20210222,6호선,상월곡,5842,5235,11077
20210222,6호선,돌곶이,8526,8096,16622
20210222,6호선,석계,11399,11805,23204
20210222,6호선,태릉입구,5023,5479,10502
20210222,6호선,화랑대,10523,8279,18802
20210222,6호선,봉화산,8626,7978,16604
20210223,6호선,봉화산,8641,8164,16805
20210223,6호선,화랑대,10747,8415,19162
20210223,6호선,태릉입구,5084,5569,10653
20210223,6호선,석계,11980,12242,24222
20210223,6호선,돌곶이,8425,7949,16374
20210223,6호선,상월곡,5974,5284,11258
20210223,6호선,월곡,10675,10754,21429
20210223,6호선,고려대,7490,7343,14833
20210223,6호선,안암,9464,9654,19118
20210223,6호선,보문,6673,6270,12943
20210223,6호선,창신,3357,2666,6023
20210223,6호선,동묘앞,7439,7574,15013
20210223,6호선,신당,7679,8069,15748
20210223,6호선,청구,3880,4050,7930
20210223,6호선,약수,3356,3406,6762
20210223,6호선,버티고개,2162,2058,4220
20210223,6호선,한강진,7628,8517,16145
20210223,6호선,이태원,8222,8273,16495
20210223,6호선,녹사평,4234,4245,8479
20210223,6호선,삼각지,5603,5083,10686
20210223,6호선,효창공원앞,6688,6089,12777
20210223,6호선,공덕,18307,17517,35824
20210223,6호선,대흥,7497,7851,15348
20210223,6호선,광흥창,8518,8454,16972
20210223,6호선,상수,7134,7807,14941
20210223,6호선,합정,12056,11802,23858
20210223,6호선,망원,13359,14537,27896
20210223,6호선,마포구청,13722,12547,26269
20210223,6호선,월드컵경기장,4019,4173,8192
20210223,6호선,디지털미디어시티,13441,14715,28156
20210223,6호선,증산,9512,9672,19184
20210223,6호선,새절,12351,11657,24008
20210223,6호선,구산,7017,5570,12587
20210223,6호선,독바위,2703,2879,5582
20210223,6호선,불광,4002,4076,8078
20210223,6호선,역촌,3569,4262,7831
20210223,6호선,응암,16890,16793,33683
20210224,6호선,신내,1,0,1
20210224,6호선,봉화산,8669,8132,16801
20210224,6호선,화랑대,10920,8423,19343
20210224,6호선,태릉입구,5080,5602,10682
20210224,6호선,석계,11969,12266,24235
20210224,6호선,돌곶이,8454,8037,16491
20210224,6호선,상월곡,5904,5246,11150
20210224,6호선,월곡,10601,10720,21321
20210224,6호선,고려대,7630,7363,14993
20210224,6호선,안암,9580,9597,19177
20210224,6호선,보문,6920,6496,13416
20210224,6호선,창신,3335,2725,6060
20210224,6호선,동묘앞,7528,7684,15212
20210224,6호선,신당,7702,8142,15844
20210224,6호선,청구,3819,4027,7846
20210224,6호선,약수,3315,3416,6731
20210224,6호선,버티고개,2185,2047,4232
20210224,6호선,한강진,7731,8607,16338
20210224,6호선,이태원,8682,8799,17481
20210224,6호선,녹사평,4507,4321,8828
20210224,6호선,삼각지,5549,4972,10521
20210224,6호선,효창공원앞,6768,6157,12925
20210224,6호선,공덕,18458,17955,36413
20210224,6호선,대흥,7589,7962,15551
20210224,6호선,광흥창,8789,8552,17341
20210224,6호선,상수,7350,8261,15611
20210224,6호선,합정,12117,12011,24128
20210224,6호선,망원,13618,14974,28592
20210224,6호선,마포구청,13701,12527,26228
20210224,6호선,월드컵경기장,4381,4544,8925
20210224,6호선,디지털미디어시티,13509,14768,28277
20210224,6호선,증산,9686,9606,19292
20210224,6호선,새절,12492,11936,24428
20210224,6호선,구산,7093,5398,12491
20210224,6호선,독바위,2701,2933,5634
20210224,6호선,불광,4251,4259,8510
20210224,6호선,역촌,3599,4247,7846
20210224,6호선,응암,17288,17002,34290
20210225,6호선,응암,16906,16907,33813
20210225,6호선,역촌,3576,4188,7764
20210225,6호선,불광,4083,4105,8188
20210225,6호선,독바위,2743,2860,5603
20210225,6호선,연신내,4,0,4
20210225,6호선,구산,6971,5388,12359
20210225,6호선,새절,12565,11958,24523
20210225,6호선,증산,9582,9564,19146
20210225,6호선,디지털미디어시티,13342,14891,28233
20210225,6호선,월드컵경기장,4264,4438,8702
20210225,6호선,마포구청,13858,12511,26369
20210225,6호선,망원,13626,14974,28600
20210225,6호선,합정,12457,12200,24657
20210225,6호선,상수,7425,8275,15700
20210225,6호선,광흥창,8607,8504,17111
20210225,6호선,대흥,7666,7882,15548
20210225,6호선,공덕,18441,17866,36307
20210225,6호선,효창공원앞,6644,6172,12816
20210225,6호선,삼각지,5583,4955,10538
20210225,6호선,녹사평,4526,4448,8974
20210225,6호선,이태원,8667,8845,17512
20210225,6호선,한강진,7478,8434,15912
20210225,6호선,버티고개,2222,2073,4295
20210225,6호선,약수,3411,3453,6864
20210225,6호선,청구,3771,4031,7802
20210225,6호선,신당,7491,7835,15326
20210225,6호선,동묘앞,7482,7558,15040
20210225,6호선,창신,3299,2748,6047
20210225,6호선,보문,6896,6359,13255
20210225,6호선,안암,10442,10446,20888
20210225,6호선,고려대,7917,7883,15800
20210225,6호선,월곡,10686,10694,21380
20210225,6호선,상월곡,5881,5275,11156
20210225,6호선,돌곶이,8603,7974,16577
20210225,6호선,석계,11772,12111,23883
20210225,6호선,태릉입구,5136,5512,10648
20210225,6호선,화랑대,10821,8389,19210
20210225,6호선,봉화산,8641,8074,16715
20210226,6호선,응암,17444,17136,34580
20210226,6호선,역촌,3569,4301,7870
20210226,6호선,불광,4345,4417,8762
20210226,6호선,독바위,2752,2735,5487
20210226,6호선,연신내,1,0,1
20210226,6호선,구산,7210,5499,12709
20210226,6호선,새절,12678,11914,24592
20210226,6호선,증산,10021,9789,19810
20210226,6호선,디지털미디어시티,13505,14517,28022
20210226,6호선,월드컵경기장,4679,4758,9437
20210226,6호선,마포구청,14014,12534,26548
20210226,6호선,망원,14357,15554,29911
20210226,6호선,합정,13433,13090,26523
20210226,6호선,상수,8104,9193,17297
20210226,6호선,광흥창,8668,8512,17180
20210226,6호선,대흥,7682,7900,15582
20210226,6호선,공덕,18874,18448,37322
20210226,6호선,효창공원앞,6947,6231,13178
20210226,6호선,삼각지,5848,5138,10986
20210226,6호선,녹사평,5060,4955,10015
20210226,6호선,이태원,9904,10090,19994
20210226,6호선,한강진,8128,9276,17404
20210226,6호선,버티고개,2230,2117,4347
20210226,6호선,약수,3581,3689,7270
20210226,6호선,청구,3861,4008,7869
20210226,6호선,신당,7775,8028,15803
20210226,6호선,동묘앞,7893,7915,15808
20210226,6호선,창신,3447,2728,6175
20210226,6호선,보문,7123,6441,13564
20210226,6호선,안암,9726,9885,19611
20210226,6호선,고려대,7949,7505,15454
20210226,6호선,월곡,10947,10694,21641
20210226,6호선,상월곡,6105,5354,11459
20210226,6호선,돌곶이,8724,8084,16808
20210226,6호선,석계,12100,12467,24567
20210226,6호선,태릉입구,5199,5765,10964
20210226,6호선,화랑대,10920,8481,19401
20210226,6호선,봉화산,8796,8190,16986
20210226,6호선,신내,1,0,1
20210301,6호선,응암,6920,7143,14063
20210301,6호선,역촌,1590,1833,3423
20210301,6호선,불광,2331,2092,4423
20210301,6호선,독바위,1126,1177,2303
20210301,6호선,구산,2834,2391,5225
20210301,6호선,새절,4901,4932,9833
20210301,6호선,증산,4181,4383,8564
20210301,6호선,디지털미디어시티,3861,4173,8034
20210301,6호선,월드컵경기장,2022,2098,4120
20210301,6호선,마포구청,5292,5133,10425
20210301,6호선,망원,6237,6771,13008
20210301,6호선,합정,6440,5792,12232
20210301,6호선,상수,4127,4441,8568
20210301,6호선,광흥창,2883,2878,5761
20210301,6호선,대흥,2913,2994,5907
20210301,6호선,공덕,5229,4991,10220
20210301,6호선,효창공원앞,2560,2262,4822
20210301,6호선,삼각지,2141,1807,3948
20210301,6호선,녹사평,2073,1996,4069
20210301,6호선,이태원,5336,5149,10485
20210301,6호선,한강진,3519,3890,7409
20210301,6호선,버티고개,897,925,1822
20210301,6호선,약수,1287,1324,2611
20210301,6호선,청구,1759,1917,3676
20210301,6호선,신당,4558,4867,9425
20210301,6호선,동묘앞,3441,3552,6993
20210301,6호선,창신,1409,1271,2680
20210301,6호선,보문,3015,2960,5975
20210301,6호선,안암,4285,4578,8863
20210301,6호선,고려대,3139,3161,6300
20210301,6호선,월곡,4359,4349,8708
20210301,6호선,상월곡,2625,2480,5105
20210301,6호선,돌곶이,3661,3591,7252
20210301,6호선,석계,5023,5320,10343
20210301,6호선,태릉입구,2295,2510,4805
20210301,6호선,화랑대,3727,3108,6835
20210301,6호선,봉화산,3074,2986,6060
20210302,6호선,봉화산,8820,8232,17052
20210302,6호선,화랑대,10980,8625,19605
20210302,6호선,태릉입구,5108,5677,10785
20210302,6호선,석계,11930,12409,24339
20210302,6호선,돌곶이,8919,8405,17324
20210302,6호선,상월곡,6041,5487,11528
20210302,6호선,월곡,10962,10898,21860
20210302,6호선,고려대,7501,7302,14803
20210302,6호선,안암,9815,10041,19856
20210302,6호선,보문,6890,6421,13311
20210302,6호선,창신,3655,3035,6690
20210302,6호선,동묘앞,7648,7915,15563
20210302,6호선,신당,7797,8181,15978
20210302,6호선,청구,3772,4066,7838
20210302,6호선,약수,3472,3553,7025
20210302,6호선,버티고개,2195,2082,4277
20210302,6호선,한강진,6333,7232,13565
20210302,6호선,이태원,8298,8373,16671
20210302,6호선,녹사평,4303,4149,8452
20210302,6호선,삼각지,5395,4595,9990
20210302,6호선,효창공원앞,6805,6257,13062
20210302,6호선,공덕,18536,18008,36544
20210302,6호선,대흥,7903,8197,16100
20210302,6호선,광흥창,8780,8605,17385
20210302,6호선,상수,6952,7542,14494
20210302,6호선,합정,11820,11566,23386
20210302,6호선,망원,13034,14184,27218
20210302,6호선,마포구청,14027,12680,26707
20210302,6호선,월드컵경기장,4267,4495,8762
20210302,6호선,디지털미디어시티,13555,15042,28597
20210302,6호선,증산,9814,9826,19640
20210302,6호선,새절,12625,11882,24507
20210302,6호선,구산,7519,5803,13322
20210302,6호선,독바위,2774,2848,5622
20210302,6호선,불광,4090,4232,8322
20210302,6호선,역촌,3656,4149,7805
20210302,6호선,응암,17163,17303,34466
20210303,6호선,응암,17534,17501,35035
20210303,6호선,역촌,3613,4181,7794
20210303,6호선,불광,4771,4685,9456
20210303,6호선,독바위,2786,2946,5732
20210303,6호선,구산,7453,5636,13089
20210303,6호선,새절,12711,12069,24780
20210303,6호선,증산,9994,9992,19986
20210303,6호선,디지털미디어시티,13992,15239,29231
20210303,6호선,월드컵경기장,4495,4631,9126
20210303,6호선,마포구청,13978,12886,26864
20210303,6호선,망원,13728,14650,28378
20210303,6호선,합정,12294,12084,24378
20210303,6호선,상수,7177,7882,15059
20210303,6호선,광흥창,8970,8838,17808
20210303,6호선,대흥,8037,8292,16329
20210303,6호선,공덕,18798,18311,37109
20210303,6호선,효창공원앞,7017,6465,13482
20210303,6호선,삼각지,5626,4968,10594
20210303,6호선,녹사평,4454,4346,8800
20210303,6호선,이태원,8625,8729,17354
20210303,6호선,한강진,7683,8583,16266
20210303,6호선,버티고개,2253,2173,4426
20210303,6호선,청구,3861,4129,7990
20210303,6호선,신당,7915,8318,16233
20210303,6호선,동묘앞,7840,7955,15795
20210303,6호선,창신,3605,3028,6633
20210303,6호선,보문,7029,6558,13587
20210303,6호선,안암,9891,9978,19869
20210303,6호선,고려대,7771,7546,15317
20210303,6호선,월곡,10891,11054,21945
20210303,6호선,상월곡,6221,5515,11736
20210303,6호선,돌곶이,9105,8683,17788
20210303,6호선,석계,12317,12626,24943
20210303,6호선,태릉입구,5265,5692,10957
20210303,6호선,화랑대,11340,8856,20196
20210303,6호선,봉화산,8786,8298,17084
20210303,6호선,약수,3462,3570,7032
20210304,6호선,응암,17171,17140,34311
20210304,6호선,역촌,3549,4196,7745
20210304,6호선,불광,4319,4420,8739
20210304,6호선,독바위,2845,2922,5767
20210304,6호선,연신내,1,0,1
20210304,6호선,구산,7260,5656,12916
20210304,6호선,새절,12607,11853,24460
20210304,6호선,증산,9903,9633,19536
20210304,6호선,디지털미디어시티,13861,15051,28912
20210304,6호선,월드컵경기장,4204,4466,8670
20210304,6호선,마포구청,13882,12599,26481
20210304,6호선,망원,13326,14559,27885
20210304,6호선,합정,12127,11959,24086
20210304,6호선,상수,7069,7780,14849
20210304,6호선,광흥창,8871,8585,17456
20210304,6호선,대흥,8035,8232,16267
20210304,6호선,공덕,18613,18080,36693
20210304,6호선,효창공원앞,6788,6336,13124
20210304,6호선,삼각지,5668,4949,10617
20210304,6호선,녹사평,4579,4432,9011
20210304,6호선,이태원,8828,8881,17709
20210304,6호선,한강진,7566,8556,16122
20210304,6호선,버티고개,2195,2094,4289
20210304,6호선,약수,3566,3586,7152
20210304,6호선,청구,3838,4137,7975
20210304,6호선,신당,7865,8221,16086
20210304,6호선,동묘앞,7663,7824,15487
20210304,6호선,창신,3649,2942,6591
20210304,6호선,보문,6871,6525,13396
20210304,6호선,안암,9812,9866,19678
20210304,6호선,고려대,7564,7394,14958
20210304,6호선,월곡,10910,10847,21757
20210304,6호선,상월곡,5956,5435,11391
20210304,6호선,돌곶이,9336,8753,18089
20210304,6호선,석계,12175,12334,24509
20210304,6호선,태릉입구,5156,5697,10853
20210304,6호선,화랑대,11116,8670,19786
20210304,6호선,봉화산,8806,8176,16982
20210304,6호선,신내,1,0,1
20210305,6호선,봉화산,8972,8404,17376
20210305,6호선,화랑대,11660,9014,20674
20210305,6호선,태릉입구,5446,6160,11606
20210305,6호선,석계,12557,12799,25356
20210305,6호선,돌곶이,9109,8419,17528
20210305,6호선,상월곡,6304,5531,11835
20210305,6호선,월곡,11473,11410,22883
20210305,6호선,고려대,8097,7744,15841
20210305,6호선,안암,11167,10987,22154
20210305,6호선,보문,7383,6728,14111
20210305,6호선,창신,3664,3032,6696
20210305,6호선,동묘앞,8043,8148,16191
20210305,6호선,신당,8174,8555,16729
20210305,6호선,청구,4023,4219,8242
20210305,6호선,약수,3544,3677,7221
20210305,6호선,버티고개,2267,2184,4451
20210305,6호선,한강진,8087,9185,17272
20210305,6호선,이태원,10120,10567,20687
20210305,6호선,녹사평,5139,5193,10332
20210305,6호선,삼각지,5942,5259,11201
20210305,6호선,효창공원앞,7091,6553,13644
20210305,6호선,공덕,19723,18965,38688
20210305,6호선,대흥,8377,8432,16809
20210305,6호선,광흥창,9109,8827,17936
20210305,6호선,상수,8216,9298,17514
20210305,6호선,합정,13464,13495,26959
20210305,6호선,망원,14609,15822,30431
20210305,6호선,마포구청,14446,13075,27521
20210305,6호선,월드컵경기장,4697,4882,9579
20210305,6호선,디지털미디어시티,13873,15146,29019
20210305,6호선,증산,10267,10166,20433
20210305,6호선,새절,13203,12543,25746
20210305,6호선,구산,7687,5872,13559
20210305,6호선,독바위,2941,2989,5930
20210305,6호선,불광,4434,4560,8994
20210305,6호선,역촌,3701,4346,8047
20210305,6호선,응암,18042,17662,35704
20210308,6호선,응암,17221,17191,34412
20210308,6호선,역촌,3555,4217,7772
20210308,6호선,불광,4221,4261,8482
20210308,6호선,독바위,2728,2909,5637
20210308,6호선,구산,7346,5696,13042
20210308,6호선,새절,12636,12004,24640
20210308,6호선,증산,9873,9779,19652
20210308,6호선,디지털미디어시티,13883,15054,28937
20210308,6호선,월드컵경기장,4358,4486,8844
20210308,6호선,마포구청,13782,12553,26335
20210308,6호선,망원,12977,13948,26925
20210308,6호선,합정,11768,11686,23454
20210308,6호선,상수,6850,7368,14218
20210308,6호선,광흥창,8787,8525,17312
20210308,6호선,대흥,7862,8158,16020
20210308,6호선,공덕,18500,17965,36465
20210308,6호선,효창공원앞,6806,6345,13151
20210308,6호선,삼각지,5124,4542,9666
20210308,6호선,녹사평,4474,4250,8724
20210308,6호선,이태원,8581,8586,17167
20210308,6호선,한강진,6310,7250,13560
20210308,6호선,버티고개,2247,2125,4372
20210308,6호선,약수,3512,3494,7006
20210308,6호선,청구,3780,4060,7840
20210308,6호선,신당,7561,8117,15678
20210308,6호선,동묘앞,7622,7751,15373
20210308,6호선,창신,3531,2972,6503
20210308,6호선,보문,6912,6430,13342
20210308,6호선,안암,9845,10185,20030
20210308,6호선,고려대,7603,7401,15004
20210308,6호선,월곡,11139,11141,22280
20210308,6호선,상월곡,6084,5490,11574
20210308,6호선,돌곶이,9047,8603,17650
20210308,6호선,석계,11811,12246,24057
20210308,6호선,태릉입구,5174,5791,10965
20210308,6호선,화랑대,11178,8758,19936
20210308,6호선,봉화산,8699,8136,16835
20210309,6호선,응암,17421,17283,34704
20210309,6호선,역촌,3619,4236,7855
20210309,6호선,불광,4239,4299,8538
20210309,6호선,독바위,2830,2976,5806
20210309,6호선,구산,7350,5696,13046
20210309,6호선,새절,12888,12037,24925
20210309,6호선,증산,9964,9888,19852
20210309,6호선,디지털미디어시티,13992,15447,29439
20210309,6호선,월드컵경기장,4330,4494,8824
20210309,6호선,마포구청,14003,12848,26851
20210309,6호선,망원,13500,14485,27985
20210309,6호선,합정,12160,11918,24078
20210309,6호선,상수,7087,7897,14984
20210309,6호선,광흥창,8911,8739,17650
20210309,6호선,대흥,8116,8403,16519
20210309,6호선,공덕,18780,18013,36793
20210309,6호선,효창공원앞,6896,6349,13245
20210309,6호선,삼각지,5571,5030,10601
20210309,6호선,녹사평,4477,4310,8787
20210309,6호선,이태원,8579,8717,17296
20210309,6호선,한강진,7491,8497,15988
20210309,6호선,버티고개,2274,2169,4443
20210309,6호선,약수,3456,3554,7010
20210309,6호선,청구,3852,4114,7966
20210309,6호선,신당,7846,8343,16189
20210309,6호선,동묘앞,7794,7832,15626
20210309,6호선,창신,3680,3068,6748
20210309,6호선,보문,7098,6606,13704
20210309,6호선,안암,10068,10289,20357
20210309,6호선,고려대,7562,7303,14865
20210309,6호선,월곡,11021,11035,22056
20210309,6호선,상월곡,6189,5485,11674
20210309,6호선,돌곶이,9058,8445,17503
20210309,6호선,석계,12266,12519,24785
20210309,6호선,태릉입구,5210,5861,11071
20210309,6호선,화랑대,11248,8855,20103
20210309,6호선,봉화산,8941,8200,17141
20210309,6호선,신내,1,0,1
20210310,6호선,응암,17694,17542,35236
20210310,6호선,역촌,3693,4429,8122
20210310,6호선,불광,4350,4337,8687
20210310,6호선,독바위,2776,2953,5729
20210310,6호선,구산,7470,5742,13212
20210310,6호선,새절,12898,12246,25144
20210310,6호선,증산,10109,9958,20067
20210310,6호선,디지털미디어시티,13895,15290,29185
20210310,6호선,월드컵경기장,4501,4728,9229
20210310,6호선,마포구청,14102,12773,26875
20210310,6호선,망원,13804,15031,28835
20210310,6호선,합정,12613,12387,25000
20210310,6호선,상수,7451,8107,15558
20210310,6호선,광흥창,9068,8938,18006
20210310,6호선,대흥,8020,8200,16220
20210310,6호선,공덕,19165,18301,37466
20210310,6호선,효창공원앞,6950,6394,13344
20210310,6호선,삼각지,5722,4968,10690
20210310,6호선,녹사평,4775,4614,9389
20210310,6호선,이태원,8996,9156,18152
20210310,6호선,한강진,7806,8842,16648
20210310,6호선,버티고개,2260,2168,4428
20210310,6호선,약수,3537,3538,7075
20210310,6호선,청구,3826,4183,8009
20210310,6호선,신당,7816,8328,16144
20210310,6호선,동묘앞,7934,7981,15915
20210310,6호선,창신,3700,3110,6810
20210310,6호선,보문,7067,6611,13678
20210310,6호선,안암,10178,10196,20374
20210310,6호선,고려대,8003,7710,15713
20210310,6호선,월곡,11252,11145,22397
20210310,6호선,상월곡,6167,5528,11695
20210310,6호선,돌곶이,9344,8891,18235
20210310,6호선,석계,12421,12734,25155
20210310,6호선,태릉입구,5299,5852,11151
20210310,6호선,화랑대,11426,8998,20424
20210310,6호선,봉화산,9016,8418,17434
20210311,6호선,응암,17436,17100,34536
20210311,6호선,역촌,3663,4300,7963
20210311,6호선,불광,4213,4270,8483
20210311,6호선,독바위,2814,2983,5797
20210311,6호선,구산,7454,5661,13115
20210311,6호선,새절,12834,12046,24880
20210311,6호선,증산,9873,9796,19669
20210311,6호선,디지털미디어시티,14016,15337,29353
20210311,6호선,월드컵경기장,4607,4787,9394
20210311,6호선,마포구청,13788,12553,26341
20210311,6호선,망원,13625,14832,28457
20210311,6호선,합정,12422,12154,24576
20210311,6호선,상수,7306,8151,15457
20210311,6호선,광흥창,8891,8721,17612
20210311,6호선,대흥,7839,8098,15937
20210311,6호선,공덕,18910,17978,36888
20210311,6호선,효창공원앞,6992,6400,13392
20210311,6호선,삼각지,5765,5089,10854
20210311,6호선,녹사평,4919,4703,9622
20210311,6호선,이태원,9155,9356,18511
20210311,6호선,한강진,7721,8609,16330
20210311,6호선,버티고개,2304,2208,4512
20210311,6호선,약수,3516,3537,7053
20210311,6호선,청구,3807,4119,7926
20210311,6호선,신당,7733,8131,15864
20210311,6호선,동묘앞,7776,7889,15665
20210311,6호선,창신,3657,3082,6739
20210311,6호선,보문,7147,6587,13734
20210311,6호선,안암,10166,10264,20430
20210311,6호선,고려대,7936,7574,15510
20210311,6호선,월곡,11227,11060,22287
20210311,6호선,상월곡,6269,5583,11852
20210311,6호선,돌곶이,9249,8795,18044
20210311,6호선,석계,12240,12517,24757
20210311,6호선,태릉입구,5403,6011,11414
20210311,6호선,화랑대,11194,8670,19864
20210311,6호선,봉화산,8898,8312,17210
20210312,6호선,응암,17777,17555,35332
20210312,6호선,역촌,3649,4325,7974
20210312,6호선,불광,4239,4274,8513
20210312,6호선,독바위,2715,2810,5525
20210312,6호선,연신내,1,0,1
20210312,6호선,구산,7676,5672,13348
20210312,6호선,새절,12849,12028,24877
20210312,6호선,증산,10075,9902,19977
20210312,6호선,디지털미디어시티,13717,15005,28722
20210312,6호선,월드컵경기장,4316,4453,8769
20210312,6호선,마포구청,14041,12644,26685
20210312,6호선,망원,14481,15821,30302
20210312,6호선,합정,13327,13047,26374
20210312,6호선,상수,8081,9116,17197
20210312,6호선,광흥창,9097,8960,18057
20210312,6호선,대흥,8322,8475,16797
20210312,6호선,공덕,19386,18787,38173
20210312,6호선,효창공원앞,7019,6421,13440
20210312,6호선,삼각지,6175,5264,11439
20210312,6호선,녹사평,5153,5113,10266
20210312,6호선,이태원,10176,10668,20844
20210312,6호선,한강진,8171,9507,17678
20210312,6호선,버티고개,2388,2311,4699
20210312,6호선,약수,3570,3619,7189
20210312,6호선,청구,3870,4116,7986
20210312,6호선,신당,7824,8399,16223
20210312,6호선,동묘앞,7831,7959,15790
20210312,6호선,창신,3735,2992,6727
20210312,6호선,보문,7326,6618,13944
20210312,6호선,안암,11774,11429,23203
20210312,6호선,고려대,8336,7792,16128
20210312,6호선,월곡,11500,11283,22783
20210312,6호선,상월곡,6277,5483,11760
20210312,6호선,돌곶이,9165,8519,17684
20210312,6호선,석계,12316,12606,24922
20210312,6호선,태릉입구,5324,6015,11339
20210312,6호선,화랑대,11395,8834,20229
20210312,6호선,봉화산,8939,8348,17287
20210315,6호선,응암,17282,17320,34602
20210315,6호선,역촌,3617,4264,7881
20210315,6호선,불광,4114,4264,8378
20210315,6호선,독바위,2714,2813,5527
20210315,6호선,구산,7346,5684,13030
20210315,6호선,새절,12870,12015,24885
20210315,6호선,증산,9794,9758,19552
20210315,6호선,디지털미디어시티,13738,15054,28792
20210315,6호선,월드컵경기장,4226,4426,8652
20210315,6호선,마포구청,13715,12456,26171
20210315,6호선,망원,13107,14047,27154
20210315,6호선,합정,11768,11623,23391
20210315,6호선,상수,6747,7257,14004
20210315,6호선,광흥창,8732,8593,17325
20210315,6호선,대흥,7930,8244,16174
20210315,6호선,공덕,18762,18108,36870
20210315,6호선,효창공원앞,6867,6393,13260
20210315,6호선,삼각지,5424,4686,10110
20210315,6호선,녹사평,4379,4193,8572
20210315,6호선,이태원,8442,8603,17045
20210315,6호선,한강진,6480,7395,13875
20210315,6호선,버티고개,2237,2099,4336
20210315,6호선,약수,3500,3481,6981
20210315,6호선,청구,3724,4077,7801
20210315,6호선,신당,7453,8083,15536
20210315,6호선,동묘앞,7767,7951,15718
20210315,6호선,창신,3671,2991,6662
20210315,6호선,보문,6916,6492,13408
20210315,6호선,안암,9883,10007,19890
20210315,6호선,고려대,7640,7503,15143
20210315,6호선,월곡,11133,11130,22263
20210315,6호선,상월곡,6099,5475,11574
20210315,6호선,돌곶이,9180,8692,17872
20210315,6호선,석계,12003,12455,24458
20210315,6호선,태릉입구,5125,5832,10957
20210315,6호선,화랑대,11163,8863,20026
20210315,6호선,봉화산,8731,8189,16920
20210316,6호선,응암,17551,17154,34705
20210316,6호선,역촌,3696,4282,7978
20210316,6호선,불광,4110,4246,8356
20210316,6호선,독바위,2820,2905,5725
20210316,6호선,구산,7477,5701,13178
20210316,6호선,새절,12870,12145,25015
20210316,6호선,증산,9957,9888,19845
20210316,6호선,디지털미디어시티,13835,15381,29216
20210316,6호선,월드컵경기장,4368,4573,8941
20210316,6호선,마포구청,13972,12785,26757
20210316,6호선,망원,13463,14537,28000
20210316,6호선,합정,12156,11785,23941
20210316,6호선,상수,7265,7752,15017
20210316,6호선,광흥창,8983,8774,17757
20210316,6호선,대흥,8015,8357,16372
20210316,6호선,공덕,19041,18386,37427
20210316,6호선,효창공원앞,6844,6310,13154
20210316,6호선,삼각지,5656,4933,10589
20210316,6호선,녹사평,4446,4277,8723
20210316,6호선,이태원,8479,8672,17151
20210316,6호선,한강진,7318,8358,15676
20210316,6호선,버티고개,2232,2152,4384
20210316,6호선,약수,3502,3563,7065
20210316,6호선,청구,3889,4176,8065
20210316,6호선,신당,7751,8207,15958
20210316,6호선,동묘앞,7698,7906,15604
20210316,6호선,창신,3698,3111,6809
20210316,6호선,보문,7052,6617,13669
20210316,6호선,안암,10165,10274,20439
20210316,6호선,고려대,7802,7468,15270
20210316,6호선,월곡,11249,11127,22376
20210316,6호선,상월곡,6216,5571,11787
20210316,6호선,돌곶이,9100,8572,17672
20210316,6호선,석계,12308,12597,24905
20210316,6호선,태릉입구,5246,5822,11068
20210316,6호선,화랑대,11291,9050,20341
20210316,6호선,봉화산,9002,8350,17352
20210317,6호선,응암,18034,17745,35779
20210317,6호선,역촌,3682,4308,7990
20210317,6호선,불광,4453,4428,8881
20210317,6호선,독바위,2859,3021,5880
20210317,6호선,연신내,1,0,1
20210317,6호선,구산,7619,5675,13294
20210317,6호선,새절,13048,12354,25402
20210317,6호선,증산,10078,10080,20158
20210317,6호선,디지털미디어시티,14042,15374,29416
20210317,6호선,월드컵경기장,6167,6296,12463
20210317,6호선,망원,13850,14921,28771
20210317,6호선,합정,12484,12567,25051
20210317,6호선,상수,7431,8123,15554
20210317,6호선,광흥창,9119,8956,18075
20210317,6호선,대흥,8258,8434,16692
20210317,6호선,공덕,19213,18388,37601
20210317,6호선,효창공원앞,6962,6574,13536
20210317,6호선,삼각지,5935,5216,11151
20210317,6호선,녹사평,4676,4676,9352
20210317,6호선,이태원,9157,9318,18475
20210317,6호선,한강진,7757,8607,16364
20210317,6호선,버티고개,2277,2184,4461
20210317,6호선,약수,3483,3519,7002
20210317,6호선,청구,3967,4219,8186
20210317,6호선,신당,7658,8289,15947
20210317,6호선,동묘앞,7877,7989,15866
20210317,6호선,창신,3733,3137,6870
20210317,6호선,보문,7110,6629,13739
20210317,6호선,안암,9993,10075,20068
20210317,6호선,고려대,7906,7729,15635
20210317,6호선,월곡,11311,11320,22631
20210317,6호선,상월곡,6332,5634,11966
20210317,6호선,돌곶이,9411,8996,18407
20210317,6호선,석계,12344,12688,25032
20210317,6호선,태릉입구,5365,5963,11328
20210317,6호선,화랑대,11517,9031,20548
20210317,6호선,봉화산,8875,8380,17255
20210317,6호선,마포구청,14059,12780,26839
20210318,6호선,상수,7340,8158,15498
20210318,6호선,합정,12679,12395,25074
20210318,6호선,망원,13831,15059,28890
20210318,6호선,마포구청,14178,12705,26883
20210318,6호선,월드컵경기장,4730,4834,9564
20210318,6호선,디지털미디어시티,13857,15212,29069
20210318,6호선,증산,10122,9955,20077
20210318,6호선,새절,12933,12113,25046
20210318,6호선,구산,7528,5712,13240
20210318,6호선,독바위,2916,2954,5870
20210318,6호선,불광,4166,4248,8414
20210318,6호선,역촌,3669,4319,7988
20210318,6호선,응암,17717,17551,35268
20210318,6호선,봉화산,8920,8332,17252
20210318,6호선,화랑대,11261,8889,20150
20210318,6호선,태릉입구,5404,6021,11425
20210318,6호선,석계,12387,12692,25079
20210318,6호선,돌곶이,9333,8597,17930
20210318,6호선,상월곡,6210,5596,11806
20210318,6호선,월곡,11417,11344,22761
20210318,6호선,고려대,7804,7581,15385
20210318,6호선,안암,10295,10437,20732
20210318,6호선,보문,7195,6695,13890
20210318,6호선,창신,3683,3005,6688
20210318,6호선,동묘앞,7883,7975,15858
20210318,6호선,신당,7661,8075,15736
20210318,6호선,청구,3865,4149,8014
20210318,6호선,약수,3475,3532,7007
20210318,6호선,버티고개,2273,2188,4461
20210318,6호선,한강진,7755,8711,16466
20210318,6호선,이태원,9222,9344,18566
20210318,6호선,녹사평,4855,4559,9414
20210318,6호선,삼각지,5926,5128,11054
20210318,6호선,효창공원앞,7041,6466,13507
20210318,6호선,공덕,18913,18270,37183
20210318,6호선,대흥,8146,8406,16552
20210318,6호선,광흥창,8867,8710,17577
20210319,6호선,응암,18153,17584,35737
20210319,6호선,역촌,3766,4401,8167
20210319,6호선,불광,4433,4419,8852
20210319,6호선,독바위,2873,3014,5887
20210319,6호선,구산,7725,5704,13429
20210319,6호선,새절,13252,12461,25713
20210319,6호선,증산,10386,10122,20508
20210319,6호선,디지털미디어시티,13898,15223,29121
20210319,6호선,월드컵경기장,4874,5021,9895
20210319,6호선,마포구청,14461,12892,27353
20210319,6호선,망원,15049,16587,31636
20210319,6호선,합정,13990,13746,27736
20210319,6호선,상수,8253,9561,17814
20210319,6호선,광흥창,9147,8831,17978
20210319,6호선,대흥,8582,8673,17255
20210319,6호선,공덕,19640,18929,38569
20210319,6호선,효창공원앞,7293,6673,13966
20210319,6호선,삼각지,6272,5500,11772
20210319,6호선,녹사평,5495,5423,10918
20210319,6호선,이태원,10748,11295,22043
20210319,6호선,한강진,8460,9790,18250
20210319,6호선,버티고개,2401,2222,4623
20210319,6호선,약수,3569,3713,7282
20210319,6호선,청구,4063,4195,8258
20210319,6호선,신당,8011,8262,16273
20210319,6호선,동묘앞,8335,8233,16568
20210319,6호선,창신,3796,3024,6820
20210319,6호선,보문,7421,6815,14236
20210319,6호선,안암,11460,11303,22763
20210319,6호선,고려대,8453,7870,16323
20210319,6호선,월곡,11863,11755,23618
20210319,6호선,상월곡,6485,5567,12052
20210319,6호선,돌곶이,9480,8665,18145
20210319,6호선,석계,12529,12869,25398
20210319,6호선,태릉입구,5538,6073,11611
20210319,6호선,화랑대,11721,8975,20696
20210319,6호선,봉화산,9069,8418,17487
20210322,6호선,응암,17505,17309,34814
20210322,6호선,역촌,3626,4249,7875
20210322,6호선,불광,4233,4337,8570
20210322,6호선,독바위,2805,2948,5753
20210322,6호선,연신내,2,0,2
20210322,6호선,구산,7436,5749,13185
20210322,6호선,새절,12990,12151,25141
20210322,6호선,증산,9745,9687,19432
20210322,6호선,디지털미디어시티,13947,15112,29059
20210322,6호선,월드컵경기장,4305,4456,8761
20210322,6호선,마포구청,13834,12572,26406
20210322,6호선,망원,13087,14032,27119
20210322,6호선,합정,11790,11624,23414
20210322,6호선,상수,6894,7546,14440
20210322,6호선,광흥창,8874,8601,17475
20210322,6호선,대흥,7971,8245,16216
20210322,6호선,공덕,18560,17909,36469
20210322,6호선,효창공원앞,6854,6337,13191
20210322,6호선,삼각지,5388,4755,10143
20210322,6호선,녹사평,4380,4252,8632
20210322,6호선,이태원,8659,8614,17273
20210322,6호선,한강진,6411,7436,13847
20210322,6호선,버티고개,2290,2144,4434
20210322,6호선,약수,3399,3592,6991
20210322,6호선,청구,3779,4118,7897
20210322,6호선,신당,7553,8167,15720
20210322,6호선,동묘앞,7760,7883,15643
20210322,6호선,창신,3709,3058,6767
20210322,6호선,보문,6993,6491,13484
20210322,6호선,안암,9928,10068,19996
20210322,6호선,고려대,7752,7521,15273
20210322,6호선,월곡,11217,11178,22395
20210322,6호선,상월곡,6257,5633,11890
20210322,6호선,돌곶이,8853,8216,17069
20210322,6호선,석계,12087,12499,24586
20210322,6호선,태릉입구,5196,5741,10937
20210322,6호선,화랑대,11100,8838,19938
20210322,6호선,봉화산,8834,8167,17001
20210323,6호선,봉화산,8982,8376,17358
20210323,6호선,화랑대,11402,9033,20435
20210323,6호선,태릉입구,5286,5908,11194
20210323,6호선,석계,12396,12761,25157
20210323,6호선,돌곶이,8914,8340,17254
20210323,6호선,상월곡,6314,5704,12018
20210323,6호선,월곡,11286,11136,22422
20210323,6호선,고려대,7855,7598,15453
20210323,6호선,안암,10351,10424,20775
20210323,6호선,창신,3756,3135,6891
20210323,6호선,동묘앞,7950,8082,16032
20210323,6호선,신당,7911,8236,16147
20210323,6호선,청구,4012,4290,8302
20210323,6호선,약수,3457,3568,7025
20210323,6호선,버티고개,2298,2225,4523
20210323,6호선,한강진,7533,8412,15945
20210323,6호선,이태원,8815,9148,17963
20210323,6호선,녹사평,4514,4406,8920
20210323,6호선,삼각지,6054,5202,11256
20210323,6호선,효창공원앞,7056,6596,13652
20210323,6호선,공덕,19191,18472,37663
20210323,6호선,대흥,8153,8353,16506
20210323,6호선,광흥창,8991,8838,17829
20210323,6호선,상수,7276,7925,15201
20210323,6호선,합정,12170,12048,24218
20210323,6호선,망원,13778,14861,28639
20210323,6호선,마포구청,14186,12966,27152
20210323,6호선,월드컵경기장,4425,4594,9019
20210323,6호선,디지털미디어시티,14247,15392,29639
20210323,6호선,증산,10091,9866,19957
20210323,6호선,새절,13023,12251,25274
20210323,6호선,구산,7579,5754,13333
20210323,6호선,연신내,1,0,1
20210323,6호선,독바위,2824,2994,5818
20210323,6호선,불광,4345,4525,8870
20210323,6호선,역촌,3718,4310,8028
20210323,6호선,보문,7186,6706,13892
20210323,6호선,응암,17853,17661,35514
20210324,6호선,봉화산,9057,8490,17547
20210324,6호선,화랑대,11573,9050,20623
20210324,6호선,태릉입구,5319,6078,11397
20210324,6호선,석계,12447,12855,25302
20210324,6호선,돌곶이,9133,8582,17715
20210324,6호선,상월곡,6208,5530,11738
20210324,6호선,월곡,11324,11257,22581
20210324,6호선,고려대,8076,7818,15894
20210324,6호선,안암,10081,10166,20247
20210324,6호선,보문,7259,6814,14073
20210324,6호선,창신,3725,3090,6815
20210324,6호선,동묘앞,7814,7965,15779
20210324,6호선,신당,8149,8557,16706
20210324,6호선,청구,3935,4279,8214
20210324,6호선,약수,3437,3538,6975
20210324,6호선,버티고개,2312,2186,4498
20210324,6호선,이태원,9153,9419,18572
20210324,6호선,녹사평,4712,4710,9422
20210324,6호선,삼각지,5997,5283,11280
20210324,6호선,효창공원앞,7042,6539,13581
20210324,6호선,공덕,19241,18234,37475
20210324,6호선,대흥,8070,8444,16514
20210324,6호선,광흥창,9036,8898,17934
20210324,6호선,상수,7336,8173,15509
20210324,6호선,합정,12501,12339,24840
20210324,6호선,망원,14048,15176,29224
20210324,6호선,마포구청,14148,12872,27020
20210324,6호선,월드컵경기장,4447,4579,9026
20210324,6호선,디지털미디어시티,14251,15484,29735
20210324,6호선,증산,10099,10077,20176
20210324,6호선,새절,13191,12290,25481
20210324,6호선,구산,7638,5925,13563
20210324,6호선,독바위,2768,2982,5750
20210324,6호선,불광,4497,4538,9035
20210324,6호선,역촌,3721,4420,8141
20210324,6호선,응암,17888,17705,35593
20210324,6호선,한강진,7638,8788,16426
20210325,6호선,봉화산,9062,8556,17618
20210325,6호선,화랑대,11512,9029,20541
20210325,6호선,태릉입구,5489,6127,11616
20210325,6호선,석계,12442,12708,25150
20210325,6호선,돌곶이,9158,8469,17627
20210325,6호선,상월곡,6405,5690,12095
20210325,6호선,월곡,11615,11306,22921
20210325,6호선,고려대,7985,7773,15758
20210325,6호선,안암,10437,10508,20945
20210325,6호선,보문,7207,6651,13858
20210325,6호선,창신,3719,3073,6792
20210325,6호선,동묘앞,7973,8152,16125
20210325,6호선,신당,8018,8461,16479
20210325,6호선,청구,3912,4209,8121
20210325,6호선,약수,3533,3619,7152
20210325,6호선,버티고개,2309,2265,4574
20210325,6호선,한강진,7906,8915,16821
20210325,6호선,이태원,9046,9269,18315
20210325,6호선,녹사평,4773,4638,9411
20210325,6호선,삼각지,6149,5406,11555
20210325,6호선,효창공원앞,7166,6706,13872
20210325,6호선,공덕,19238,18559,37797
20210325,6호선,대흥,8271,8514,16785
20210325,6호선,광흥창,9136,8783,17919
20210325,6호선,상수,7574,8325,15899
20210325,6호선,합정,12881,12574,25455
20210325,6호선,망원,14153,15326,29479
20210325,6호선,마포구청,14144,12824,26968
20210325,6호선,월드컵경기장,4939,5185,10124
20210325,6호선,디지털미디어시티,14161,15658,29819
20210325,6호선,증산,10207,10055,20262
20210325,6호선,새절,13209,12450,25659
20210325,6호선,구산,7602,5816,13418
20210325,6호선,독바위,2811,3032,5843
20210325,6호선,불광,4381,4452,8833
20210325,6호선,역촌,3798,4342,8140
20210325,6호선,응암,17996,17680,35676
20210326,6호선,봉화산,9117,8475,17592
20210326,6호선,화랑대,11785,8985,20770
20210326,6호선,태릉입구,5506,6178,11684
20210326,6호선,석계,12523,12858,25381
20210326,6호선,돌곶이,9249,8578,17827
20210326,6호선,상월곡,6454,5589,12043
20210326,6호선,월곡,11875,11606,23481
20210326,6호선,고려대,8487,7831,16318
20210326,6호선,안암,10833,10695,21528
20210326,6호선,보문,7508,6777,14285
20210326,6호선,창신,3716,2965,6681
20210326,6호선,동묘앞,8355,8463,16818
20210326,6호선,신당,8374,8831,17205
20210326,6호선,청구,3984,4226,8210
20210326,6호선,약수,3557,3781,7338
20210326,6호선,버티고개,2317,2240,4557
20210326,6호선,한강진,8776,10026,18802
20210326,6호선,이태원,10762,11644,22406
20210326,6호선,녹사평,5451,5414,10865
20210326,6호선,삼각지,6273,5318,11591
20210326,6호선,효창공원앞,7301,6599,13900
20210326,6호선,공덕,19374,18912,38286
20210326,6호선,대흥,8145,8391,16536
20210326,6호선,광흥창,9115,8961,18076
20210326,6호선,상수,8550,9498,18048
20210326,6호선,합정,13788,13755,27543
20210326,6호선,망원,14882,16335,31217
20210326,6호선,마포구청,14659,12997,27656
20210326,6호선,월드컵경기장,4921,5100,10021
20210326,6호선,디지털미디어시티,13954,15086,29040
20210326,6호선,증산,10392,10035,20427
20210326,6호선,새절,13486,12568,26054
20210326,6호선,구산,7931,5817,13748
20210326,6호선,연신내,1,0,1
20210326,6호선,독바위,2805,2825,5630
20210326,6호선,불광,4453,4499,8952
20210326,6호선,역촌,3824,4421,8245
20210326,6호선,응암,18396,17931,36327
20210329,6호선,신내,1,0,1
20210329,6호선,봉화산,8822,8163,16985
20210329,6호선,화랑대,11247,8895,20142
20210329,6호선,태릉입구,5126,5879,11005
20210329,6호선,석계,12135,12426,24561
20210329,6호선,돌곶이,9103,8494,17597
20210329,6호선,상월곡,6163,5537,11700
20210329,6호선,월곡,11065,11053,22118
20210329,6호선,고려대,7674,7499,15173
20210329,6호선,안암,9467,9703,19170
20210329,6호선,보문,6937,6467,13404
20210329,6호선,창신,3579,2954,6533
20210329,6호선,동묘앞,7644,7983,15627
20210329,6호선,신당,7524,8094,15618
20210329,6호선,청구,3779,4090,7869
20210329,6호선,약수,3431,3446,6877
20210329,6호선,버티고개,2204,2069,4273
20210329,6호선,한강진,6479,7415,13894
20210329,6호선,이태원,8638,8774,17412
20210329,6호선,녹사평,4461,4224,8685
20210329,6호선,삼각지,5303,4766,10069
20210329,6호선,효창공원앞,6806,6324,13130
20210329,6호선,공덕,18532,17912,36444
20210329,6호선,대흥,7591,7883,15474
20210329,6호선,광흥창,8783,8618,17401
20210329,6호선,상수,6792,7420,14212
20210329,6호선,합정,11725,11637,23362
20210329,6호선,망원,12974,14002,26976
20210329,6호선,마포구청,13850,12684,26534
20210329,6호선,월드컵경기장,4083,4405,8488
20210329,6호선,디지털미디어시티,13937,15124,29061
20210329,6호선,증산,9978,9932,19910
20210329,6호선,새절,13012,12228,25240
20210329,6호선,구산,7578,5734,13312
20210329,6호선,독바위,2769,2842,5611
20210329,6호선,불광,4259,4319,8578
20210329,6호선,역촌,3628,4156,7784
20210329,6호선,응암,17454,17439,34893
20210330,6호선,응암,18182,17980,36162
20210330,6호선,역촌,3659,4285,7944
20210330,6호선,불광,4290,4437,8727
20210330,6호선,독바위,2870,2914,5784
20210330,6호선,연신내,2,0,2
20210330,6호선,구산,7688,5808,13496
20210330,6호선,새절,13486,12788,26274
20210330,6호선,증산,10347,10452,20799
20210330,6호선,디지털미디어시티,14419,15844,30263
20210330,6호선,월드컵경기장,4672,4839,9511
20210330,6호선,마포구청,14373,13085,27458
20210330,6호선,망원,13929,14919,28848
20210330,6호선,합정,12514,12311,24825
20210330,6호선,상수,7228,7908,15136
20210330,6호선,광흥창,9136,8850,17986
20210330,6호선,대흥,7823,8241,16064
20210330,6호선,공덕,19121,18436,37557
20210330,6호선,효창공원앞,7010,6407,13417
20210330,6호선,삼각지,5947,5249,11196
20210330,6호선,녹사평,4631,4461,9092
20210330,6호선,이태원,8767,8942,17709
20210330,6호선,한강진,7546,8552,16098
20210330,6호선,버티고개,2220,2126,4346
20210330,6호선,약수,3450,3481,6931
20210330,6호선,청구,3944,4215,8159
20210330,6호선,신당,8145,8644,16789
20210330,6호선,동묘앞,7838,8078,15916
20210330,6호선,창신,3701,3052,6753
20210330,6호선,보문,7010,6507,13517
20210330,6호선,안암,10026,10114,20140
20210330,6호선,고려대,7844,7558,15402
20210330,6호선,월곡,11247,11050,22297
20210330,6호선,상월곡,6179,5634,11813
20210330,6호선,돌곶이,9224,8582,17806
20210330,6호선,석계,12242,12748,24990
20210330,6호선,태릉입구,5235,5918,11153
20210330,6호선,화랑대,11494,9007,20501
20210330,6호선,봉화산,8929,8368,17297
20210331,6호선,응암,18829,18550,37379
20210331,6호선,역촌,3768,4354,8122
20210331,6호선,불광,4517,4703,9220
20210331,6호선,독바위,2969,3044,6013
20210331,6호선,구산,7927,5850,13777
20210331,6호선,새절,13667,13054,26721
20210331,6호선,증산,10572,10816,21388
20210331,6호선,디지털미디어시티,14301,15569,29870
20210331,6호선,월드컵경기장,5185,5255,10440
20210331,6호선,마포구청,14196,13061,27257
20210331,6호선,망원,14073,15043,29116
20210331,6호선,합정,12937,12827,25764
20210331,6호선,상수,7420,8153,15573
20210331,6호선,광흥창,9153,8777,17930
20210331,6호선,대흥,8007,8199,16206
20210331,6호선,공덕,19109,18405,37514
20210331,6호선,효창공원앞,7164,6533,13697
20210331,6호선,삼각지,6132,5402,11534
20210331,6호선,녹사평,4872,4714,9586
20210331,6호선,이태원,9226,9387,18613
20210331,6호선,한강진,8071,9254,17325
20210331,6호선,버티고개,2259,2153,4412
20210331,6호선,약수,3443,3551,6994
20210331,6호선,청구,3939,4281,8220
20210331,6호선,신당,7993,8649,16642
20210331,6호선,동묘앞,7975,8129,16104
20210331,6호선,창신,3789,3031,6820
20210331,6호선,보문,7205,6714,13919
20210331,6호선,안암,9863,10069,19932
20210331,6호선,고려대,8129,7692,15821
20210331,6호선,월곡,11497,11386,22883
20210331,6호선,상월곡,6361,5668,12029
20210331,6호선,돌곶이,9461,8935,18396
20210331,6호선,석계,12434,12822,25256
20210331,6호선,태릉입구,5398,6001,11399
20210331,6호선,화랑대,11631,9214,20845
20210331,6호선,봉화산,9111,8567,17678
20210401,6호선,봉화산,9089,8434,17523
20210401,6호선,화랑대,11675,9030,20705
20210401,6호선,태릉입구,5395,6163,11558
20210401,6호선,석계,12289,12706,24995
20210401,6호선,돌곶이,9363,8763,18126
20210401,6호선,상월곡,6359,5592,11951
20210401,6호선,월곡,11440,11354,22794
20210401,6호선,고려대,8193,7813,16006
20210401,6호선,안암,10449,10423,20872
20210401,6호선,보문,7181,6749,13930
20210401,6호선,창신,3705,2996,6701
20210401,6호선,동묘앞,7990,8151,16141
20210401,6호선,신당,7853,8623,16476
20210401,6호선,청구,3915,4133,8048
20210401,6호선,약수,3484,3481,6965
20210401,6호선,버티고개,2283,2224,4507
20210401,6호선,한강진,7736,8954,16690
20210401,6호선,이태원,8989,9443,18432
20210401,6호선,녹사평,4959,4800,9759
20210401,6호선,삼각지,6271,5411,11682
20210401,6호선,효창공원앞,7003,6409,13412
20210401,6호선,공덕,19374,18567,37941
20210401,6호선,대흥,7875,8262,16137
20210401,6호선,광흥창,8959,8618,17577
20210401,6호선,상수,7499,8273,15772
20210401,6호선,합정,12890,12736,25626
20210401,6호선,망원,14155,15223,29378
20210401,6호선,마포구청,14345,12900,27245
20210401,6호선,월드컵경기장,5084,5134,10218
20210401,6호선,디지털미디어시티,14226,15455,29681
20210401,6호선,증산,10610,10613,21223
20210401,6호선,새절,13762,13049,26811
20210401,6호선,구산,7774,5781,13555
20210401,6호선,독바위,2809,3039,5848
20210401,6호선,불광,4522,4595,9117
20210401,6호선,역촌,3753,4330,8083
20210401,6호선,응암,18569,18458,37027
20210402,6호선,봉화산,8973,8338,17311
20210402,6호선,화랑대,11847,9065,20912
20210402,6호선,태릉입구,5598,6280,11878
20210402,6호선,석계,12686,12814,25500
20210402,6호선,돌곶이,9418,8694,18112
20210402,6호선,상월곡,6415,5529,11944
20210402,6호선,월곡,11779,11507,23286
20210402,6호선,고려대,8552,7973,16525
20210402,6호선,안암,11287,11044,22331
20210402,6호선,보문,7536,6908,14444
20210402,6호선,창신,3716,3109,6825
20210402,6호선,동묘앞,8230,8287,16517
20210402,6호선,신당,8433,8738,17171
20210402,6호선,청구,3877,4174,8051
20210402,6호선,약수,3536,3743,7279
20210402,6호선,버티고개,2307,2211,4518
20210402,6호선,한강진,8190,9641,17831
20210402,6호선,이태원,10556,11216,21772
20210402,6호선,녹사평,5475,5284,10759
20210402,6호선,삼각지,6189,5340,11529
20210402,6호선,효창공원앞,7251,6541,13792
20210402,6호선,공덕,19495,18966,38461
20210402,6호선,대흥,8173,8362,16535
20210402,6호선,광흥창,9235,8845,18080
20210402,6호선,상수,8238,9620,17858
20210402,6호선,합정,13976,13717,27693
20210402,6호선,망원,14715,16142,30857
20210402,6호선,마포구청,14648,13097,27745
20210402,6호선,월드컵경기장,5046,5103,10149
20210402,6호선,디지털미디어시티,14254,15339,29593
20210402,6호선,증산,10716,10669,21385
20210402,6호선,새절,13964,13411,27375
20210402,6호선,구산,7857,5693,13550
20210402,6호선,독바위,2892,3046,5938
20210402,6호선,불광,4577,4508,9085
20210402,6호선,역촌,3720,4357,8077
20210402,6호선,응암,18905,19094,37999
20210405,6호선,응암,18046,17779,35825
20210405,6호선,역촌,3708,4346,8054
20210405,6호선,불광,4332,4357,8689
20210405,6호선,독바위,2746,2940,5686
20210405,6호선,연신내,2,0,2
20210405,6호선,구산,7667,5854,13521
20210405,6호선,새절,13207,12483,25690
20210405,6호선,증산,10101,10092,20193
20210405,6호선,디지털미디어시티,14202,15318,29520
20210405,6호선,월드컵경기장,4806,4858,9664
20210405,6호선,마포구청,14084,12849,26933
20210405,6호선,망원,13163,14197,27360
20210405,6호선,합정,12023,11890,23913
20210405,6호선,상수,6912,7572,14484
20210405,6호선,광흥창,8787,8540,17327
20210405,6호선,대흥,7879,8203,16082
20210405,6호선,공덕,18783,18123,36906
20210405,6호선,효창공원앞,6874,6307,13181
20210405,6호선,삼각지,5547,4856,10403
20210405,6호선,녹사평,4556,4423,8979
20210405,6호선,이태원,8510,8593,17103
20210405,6호선,한강진,6463,7438,13901
20210405,6호선,버티고개,2301,2206,4507
20210405,6호선,약수,3498,3599,7097
20210405,6호선,청구,3825,4084,7909
20210405,6호선,신당,7548,8340,15888
20210405,6호선,동묘앞,7864,8133,15997
20210405,6호선,창신,3671,3085,6756
20210405,6호선,보문,7024,6556,13580
20210405,6호선,안암,9843,10027,19870
20210405,6호선,고려대,7786,7655,15441
20210405,6호선,월곡,11288,11416,22704
20210405,6호선,상월곡,6296,5641,11937
20210405,6호선,돌곶이,8991,8482,17473
20210405,6호선,석계,12105,12674,24779
20210405,6호선,태릉입구,5259,5932,11191
20210405,6호선,화랑대,11537,8991,20528
20210405,6호선,봉화산,8905,8292,17197
20210406,6호선,구산,7749,5870,13619
20210406,6호선,봉화산,8925,8407,17332
20210406,6호선,화랑대,11543,9091,20634
20210406,6호선,태릉입구,5277,6031,11308
20210406,6호선,석계,12323,12766,25089
20210406,6호선,돌곶이,8964,8378,17342
20210406,6호선,상월곡,6254,5673,11927
20210406,6호선,월곡,11259,11227,22486
20210406,6호선,고려대,7981,7669,15650
20210406,6호선,안암,9976,10093,20069
20210406,6호선,보문,7048,6608,13656
20210406,6호선,창신,3804,2998,6802
20210406,6호선,동묘앞,7868,8265,16133
20210406,6호선,신당,8162,8640,16802
20210406,6호선,청구,3931,4133,8064
20210406,6호선,약수,3546,3601,7147
20210406,6호선,버티고개,2274,2282,4556
20210406,6호선,한강진,7461,8558,16019
20210406,6호선,이태원,8740,8844,17584
20210406,6호선,녹사평,4629,4533,9162
20210406,6호선,삼각지,6055,5276,11331
20210406,6호선,효창공원앞,7047,6413,13460
20210406,6호선,공덕,19093,18382,37475
20210406,6호선,대흥,7949,8259,16208
20210406,6호선,광흥창,8975,8607,17582
20210406,6호선,상수,7534,8333,15867
20210406,6호선,합정,12363,12343,24706
20210406,6호선,망원,13589,14636,28225
20210406,6호선,마포구청,14408,13105,27513
20210406,6호선,월드컵경기장,4771,4985,9756
20210406,6호선,디지털미디어시티,14419,15717,30136
20210406,6호선,증산,10150,10221,20371
20210406,6호선,새절,13323,12689,26012
20210406,6호선,연신내,1,0,1
20210406,6호선,독바위,2818,2929,5747
20210406,6호선,불광,4201,4400,8601
20210406,6호선,역촌,3652,4109,7761
20210406,6호선,응암,18141,17986,36127
20210407,6호선,봉화산,8789,8217,17006
20210407,6호선,화랑대,11421,8892,20313
20210407,6호선,태릉입구,5307,5974,11281
20210407,6호선,석계,12181,12692,24873
20210407,6호선,돌곶이,8900,8430,17330
20210407,6호선,상월곡,6153,5504,11657
20210407,6호선,월곡,11172,11113,22285
20210407,6호선,안암,10007,10046,20053
20210407,6호선,보문,6998,6470,13468
20210407,6호선,창신,3582,3110,6692
20210407,6호선,동묘앞,7882,8012,15894
20210407,6호선,신당,7916,8387,16303
20210407,6호선,청구,3853,4190,8043
20210407,6호선,약수,3478,3530,7008
20210407,6호선,버티고개,2203,2145,4348
20210407,6호선,한강진,7817,8694,16511
20210407,6호선,이태원,9049,9264,18313
20210407,6호선,녹사평,4717,4639,9356
20210407,6호선,삼각지,6032,5242,11274
20210407,6호선,효창공원앞,7072,6403,13475
20210407,6호선,공덕,18571,17919,36490
20210407,6호선,대흥,7797,8159,15956
20210407,6호선,광흥창,8874,8659,17533
20210407,6호선,상수,7410,8309,15719
20210407,6호선,합정,12500,12285,24785
20210407,6호선,망원,13615,14690,28305
20210407,6호선,마포구청,13834,12680,26514
20210407,6호선,월드컵경기장,5023,5183,10206
20210407,6호선,디지털미디어시티,13974,15282,29256
20210407,6호선,증산,10116,10084,20200
20210407,6호선,새절,13113,12393,25506
20210407,6호선,구산,7522,5713,13235
20210407,6호선,독바위,2714,2877,5591
20210407,6호선,불광,4446,4496,8942
20210407,6호선,역촌,3520,4147,7667
20210407,6호선,응암,17959,17500,35459
20210407,6호선,고려대,7758,7550,15308
20210408,6호선,봉화산,8972,8275,17247
20210408,6호선,화랑대,11398,8824,20222
20210408,6호선,태릉입구,5400,5972,11372
20210408,6호선,석계,12246,12753,24999
20210408,6호선,돌곶이,8928,8279,17207
20210408,6호선,상월곡,6336,5649,11985
20210408,6호선,월곡,11307,11286,22593
20210408,6호선,고려대,8039,7796,15835
20210408,6호선,안암,10050,10003,20053
20210408,6호선,보문,7200,6690,13890
20210408,6호선,창신,3754,3089,6843
20210408,6호선,동묘앞,7957,8091,16048
20210408,6호선,신당,8327,8533,16860
20210408,6호선,청구,3961,4213,8174
20210408,6호선,약수,3491,3552,7043
20210408,6호선,버티고개,2308,2241,4549
20210408,6호선,한강진,8068,9068,17136
20210408,6호선,이태원,9107,9334,18441
20210408,6호선,녹사평,4830,4725,9555
20210408,6호선,삼각지,5967,5366,11333
20210408,6호선,효창공원앞,7080,6563,13643
20210408,6호선,공덕,19018,18335,37353
20210408,6호선,대흥,7934,8270,16204
20210408,6호선,광흥창,8908,8709,17617
20210408,6호선,상수,7567,8475,16042
20210408,6호선,합정,12698,12499,25197
20210408,6호선,망원,13839,15055,28894
20210408,6호선,마포구청,14376,12915,27291
20210408,6호선,월드컵경기장,4815,4991,9806
20210408,6호선,디지털미디어시티,14060,15317,29377
20210408,6호선,증산,10140,10018,20158
20210408,6호선,새절,12980,12262,25242
20210408,6호선,구산,7659,5889,13548
20210408,6호선,독바위,2849,2961,5810
20210408,6호선,불광,4274,4352,8626
20210408,6호선,역촌,3602,4131,7733
20210408,6호선,응암,17986,17637,35623
20210409,6호선,응암,18449,17933,36382
20210409,6호선,역촌,3640,4186,7826
20210409,6호선,불광,4348,4421,8769
20210409,6호선,독바위,2813,2949,5762
20210409,6호선,연신내,2,0,2
20210409,6호선,구산,7978,5699,13677
20210409,6호선,새절,13124,12379,25503
20210409,6호선,증산,10374,10147,20521
20210409,6호선,디지털미디어시티,13829,14770,28599
20210409,6호선,월드컵경기장,4986,5092,10078
20210409,6호선,마포구청,14604,12948,27552
20210409,6호선,망원,14937,16249,31186
20210409,6호선,합정,13799,13628,27427
20210409,6호선,상수,8416,9816,18232
20210409,6호선,광흥창,9098,8792,17890
20210409,6호선,대흥,8272,8467,16739
20210409,6호선,공덕,18830,18360,37190
20210409,6호선,효창공원앞,7154,6555,13709
20210409,6호선,삼각지,6304,5423,11727
20210409,6호선,녹사평,5526,5490,11016
20210409,6호선,이태원,10931,11551,22482
20210409,6호선,한강진,8481,9793,18274
20210409,6호선,버티고개,2324,2308,4632
20210409,6호선,약수,3593,3687,7280
20210409,6호선,청구,3922,4165,8087
20210409,6호선,신당,8403,8836,17239
20210409,6호선,동묘앞,8064,8292,16356
20210409,6호선,창신,3698,2985,6683
20210409,6호선,보문,7379,6794,14173
20210409,6호선,안암,11047,10793,21840
20210409,6호선,고려대,8423,7847,16270
20210409,6호선,월곡,11837,11539,23376
20210409,6호선,상월곡,6403,5653,12056
20210409,6호선,돌곶이,9170,8451,17621
20210409,6호선,석계,12608,12768,25376
20210409,6호선,태릉입구,5450,6022,11472
20210409,6호선,화랑대,11503,9006,20509
20210409,6호선,봉화산,9009,8407,17416
20210412,6호선,봉화산,8647,8301,16948
20210412,6호선,화랑대,10774,8686,19460
20210412,6호선,태릉입구,5001,5476,10477
20210412,6호선,석계,11674,12475,24149
20210412,6호선,돌곶이,8735,8410,17145
20210412,6호선,상월곡,6112,5598,11710
20210412,6호선,월곡,10855,10895,21750
20210412,6호선,고려대,7526,7474,15000
20210412,6호선,안암,9142,9173,18315
20210412,6호선,보문,6683,6362,13045
20210412,6호선,창신,3719,3196,6915
20210412,6호선,동묘앞,7243,7634,14877
20210412,6호선,신당,7680,8232,15912
20210412,6호선,청구,3718,4058,7776
20210412,6호선,약수,3419,3472,6891
20210412,6호선,버티고개,2159,2158,4317
20210412,6호선,한강진,5666,6358,12024
20210412,6호선,이태원,8164,8181,16345
20210412,6호선,녹사평,4212,4042,8254
20210412,6호선,삼각지,5307,4727,10034
20210412,6호선,효창공원앞,6654,6158,12812
20210412,6호선,공덕,18295,17708,36003
20210412,6호선,대흥,7801,8195,15996
20210412,6호선,광흥창,8648,8618,17266
20210412,6호선,상수,6909,7454,14363
20210412,6호선,합정,11573,11176,22749
20210412,6호선,망원,12536,13557,26093
20210412,6호선,마포구청,13664,12724,26388
20210412,6호선,월드컵경기장,3683,3752,7435
20210412,6호선,디지털미디어시티,13480,14991,28471
20210412,6호선,증산,9584,9738,19322
20210412,6호선,새절,12563,12016,24579
20210412,6호선,구산,7345,5883,13228
20210412,6호선,연신내,2,0,2
20210412,6호선,독바위,2605,2894,5499
20210412,6호선,불광,4016,4094,8110
20210412,6호선,역촌,3569,4242,7811
20210412,6호선,응암,16890,17130,34020
20210413,6호선,응암,17844,17747,35591
20210413,6호선,역촌,3579,4071,7650
20210413,6호선,불광,4285,4358,8643
20210413,6호선,독바위,2732,2921,5653
20210413,6호선,연신내,4,0,4
20210413,6호선,구산,7582,5767,13349
20210413,6호선,새절,13003,12195,25198
20210413,6호선,증산,9939,9948,19887
20210413,6호선,디지털미디어시티,14056,15475,29531
20210413,6호선,월드컵경기장,4413,4597,9010
20210413,6호선,마포구청,14260,12952,27212
20210413,6호선,망원,13443,14624,28067
20210413,6호선,합정,12309,11914,24223
20210413,6호선,상수,7288,7877,15165
20210413,6호선,광흥창,8991,8923,17914
20210413,6호선,대흥,7938,8362,16300
20210413,6호선,공덕,18819,18263,37082
20210413,6호선,효창공원앞,6875,6378,13253
20210413,6호선,삼각지,5846,5188,11034
20210413,6호선,녹사평,4451,4348,8799
20210413,6호선,이태원,8800,8913,17713
20210413,6호선,한강진,6997,8020,15017
20210413,6호선,버티고개,2216,2215,4431
20210413,6호선,약수,3523,3586,7109
20210413,6호선,청구,3828,4141,7969
20210413,6호선,신당,8243,8589,16832
20210413,6호선,동묘앞,7854,8165,16019
20210413,6호선,창신,3761,3096,6857
20210413,6호선,보문,6982,6583,13565
20210413,6호선,안암,9583,9714,19297
20210413,6호선,고려대,7740,7540,15280
20210413,6호선,월곡,11071,11177,22248
20210413,6호선,상월곡,6273,5647,11920
20210413,6호선,돌곶이,9084,8542,17626
20210413,6호선,석계,12245,12507,24752
20210413,6호선,태릉입구,5213,5865,11078
20210413,6호선,화랑대,11298,8738,20036
20210413,6호선,봉화산,8922,8361,17283
20210414,6호선,봉화산,8847,8256,17103
20210414,6호선,화랑대,11437,8992,20429
20210414,6호선,태릉입구,5264,5979,11243
20210414,6호선,석계,12240,12636,24876
20210414,6호선,돌곶이,9042,8580,17622
20210414,6호선,상월곡,6283,5622,11905
20210414,6호선,월곡,11170,11267,22437
20210414,6호선,고려대,7600,7345,14945
20210414,6호선,안암,9599,9688,19287
20210414,6호선,보문,7045,6661,13706
20210414,6호선,창신,3709,3160,6869
20210414,6호선,동묘앞,8010,8042,16052
20210414,6호선,신당,8112,8617,16729
20210414,6호선,청구,3872,4106,7978
20210414,6호선,약수,3615,3553,7168
20210414,6호선,버티고개,2258,2193,4451
20210414,6호선,한강진,8193,9001,17194
20210414,6호선,이태원,8847,8976,17823
20210414,6호선,녹사평,4732,4627,9359
20210414,6호선,삼각지,6051,5336,11387
20210414,6호선,효창공원앞,7067,6482,13549
20210414,6호선,공덕,18886,18141,37027
20210414,6호선,대흥,8100,8327,16427
20210414,6호선,광흥창,9073,8796,17869
20210414,6호선,상수,7302,7957,15259
20210414,6호선,합정,12797,12510,25307
20210414,6호선,망원,13630,14688,28318
20210414,6호선,마포구청,14064,12930,26994
20210414,6호선,월드컵경기장,5638,5909,11547
20210414,6호선,디지털미디어시티,14119,15438,29557
20210414,6호선,증산,10141,10000,20141
20210414,6호선,새절,12887,12324,25211
20210414,6호선,구산,7604,5785,13389
20210414,6호선,독바위,2753,2963,5716
20210414,6호선,불광,4362,4498,8860
20210414,6호선,역촌,3687,4165,7852
20210414,6호선,응암,18053,17867,35920
20210415,6호선,봉화산,8866,8299,17165
20210415,6호선,화랑대,11311,8914,20225
20210415,6호선,태릉입구,5263,5767,11030
20210415,6호선,석계,12197,12578,24775
20210415,6호선,돌곶이,9044,8443,17487
20210415,6호선,상월곡,6257,5650,11907
20210415,6호선,월곡,11209,11097,22306
20210415,6호선,고려대,7759,7474,15233
20210415,6호선,안암,9575,9578,19153
20210415,6호선,보문,7116,6644,13760
20210415,6호선,창신,3613,3024,6637
20210415,6호선,동묘앞,7872,8037,15909
20210415,6호선,신당,8082,8603,16685
20210415,6호선,청구,3935,4137,8072
20210415,6호선,약수,3555,3588,7143
20210415,6호선,버티고개,2143,2166,4309
20210415,6호선,한강진,7270,8268,15538
20210415,6호선,이태원,9055,9335,18390
20210415,6호선,녹사평,4895,4725,9620
20210415,6호선,삼각지,5782,5208,10990
20210415,6호선,효창공원앞,7063,6429,13492
20210415,6호선,공덕,18859,18182,37041
20210415,6호선,대흥,7973,8241,16214
20210415,6호선,광흥창,8856,8654,17510
20210415,6호선,상수,7308,8061,15369
20210415,6호선,합정,12449,12153,24602
20210415,6호선,망원,13645,14697,28342
20210415,6호선,마포구청,14125,12777,26902
20210415,6호선,월드컵경기장,4705,4918,9623
20210415,6호선,디지털미디어시티,13767,15153,28920
20210415,6호선,증산,10244,10092,20336
20210415,6호선,새절,13100,12372,25472
20210415,6호선,구산,7720,5828,13548
20210415,6호선,연신내,1,0,1
20210415,6호선,독바위,2867,2970,5837
20210415,6호선,불광,4164,4304,8468
20210415,6호선,역촌,3653,4185,7838
20210415,6호선,응암,17830,17728,35558
20210416,6호선,응암,17469,17113,34582
20210416,6호선,역촌,3650,4095,7745
20210416,6호선,불광,4141,4238,8379
20210416,6호선,독바위,2699,2683,5382
20210416,6호선,구산,7725,5595,13320
20210416,6호선,새절,12863,12055,24918
20210416,6호선,증산,9912,9738,19650
20210416,6호선,디지털미디어시티,13365,14533,27898
20210416,6호선,월드컵경기장,4076,4342,8418
20210416,6호선,마포구청,14022,12559,26581
20210416,6호선,망원,13846,14902,28748
20210416,6호선,합정,12742,12777,25519
20210416,6호선,상수,7966,8938,16904
20210416,6호선,광흥창,8808,8510,17318
20210416,6호선,대흥,7963,8253,16216
20210416,6호선,공덕,18913,18235,37148
20210416,6호선,효창공원앞,6832,6257,13089
20210416,6호선,삼각지,5871,5123,10994
20210416,6호선,녹사평,5054,4913,9967
20210416,6호선,이태원,9789,10384,20173
20210416,6호선,한강진,7680,8656,16336
20210416,6호선,버티고개,2206,2139,4345
20210416,6호선,약수,3549,3609,7158
20210416,6호선,청구,3835,4060,7895
20210416,6호선,신당,8112,8431,16543
20210416,6호선,동묘앞,7645,7753,15398
20210416,6호선,창신,3586,2916,6502
20210416,6호선,보문,7005,6426,13431
20210416,6호선,안암,9629,9484,19113
20210416,6호선,고려대,7922,7392,15314
20210416,6호선,월곡,11198,11110,22308
20210416,6호선,상월곡,6182,5437,11619
20210416,6호선,돌곶이,8875,8200,17075
20210416,6호선,석계,12120,12265,24385
20210416,6호선,태릉입구,5300,5827,11127
20210416,6호선,화랑대,11080,8552,19632
20210416,6호선,봉화산,8666,8061,16727
20210419,6호선,새절,12910,12038,24948
20210419,6호선,구산,7553,5768,13321
20210419,6호선,연신내,2,0,2
20210419,6호선,독바위,2783,2868,5651
20210419,6호선,불광,4096,4416,8512
20210419,6호선,역촌,3583,4105,7688
20210419,6호선,응암,17528,17341,34869
20210419,6호선,태릉입구,5193,5813,11006
20210419,6호선,공덕,18561,17968,36529
20210419,6호선,신내,1,0,1
20210419,6호선,봉화산,8739,8072,16811
20210419,6호선,화랑대,11199,8848,20047
20210419,6호선,석계,11906,12312,24218
20210419,6호선,돌곶이,9508,8671,18179
20210419,6호선,상월곡,6172,5620,11792
20210419,6호선,월곡,11053,11045,22098
20210419,6호선,고려대,7543,7383,14926
20210419,6호선,안암,9130,9316,18446
20210419,6호선,보문,6937,6469,13406
20210419,6호선,창신,3543,2952,6495
20210419,6호선,동묘앞,7890,8122,16012
20210419,6호선,신당,7569,7980,15549
20210419,6호선,청구,3777,4068,7845
20210419,6호선,약수,3454,3610,7064
20210419,6호선,버티고개,2167,2153,4320
20210419,6호선,한강진,6468,7312,13780
20210419,6호선,이태원,8572,8442,17014
20210419,6호선,녹사평,4501,4292,8793
20210419,6호선,삼각지,5444,4804,10248
20210419,6호선,효창공원앞,6735,6210,12945
20210419,6호선,대흥,7617,7936,15553
20210419,6호선,광흥창,8709,8429,17138
20210419,6호선,상수,6727,7360,14087
20210419,6호선,합정,11808,11434,23242
20210419,6호선,망원,13020,14094,27114
20210419,6호선,마포구청,13670,12411,26081
20210419,6호선,월드컵경기장,4561,4707,9268
20210419,6호선,디지털미디어시티,13829,15187,29016
20210419,6호선,증산,9929,9798,19727
20210420,6호선,봉화산,8989,8318,17307
20210420,6호선,화랑대,11575,9316,20891
20210420,6호선,태릉입구,5307,5967,11274
20210420,6호선,석계,12264,12716,24980
20210420,6호선,돌곶이,9211,8748,17959
20210420,6호선,상월곡,6229,5563,11792
20210420,6호선,월곡,11118,11068,22186
20210420,6호선,고려대,7917,7603,15520
20210420,6호선,안암,10513,10565,21078
20210420,6호선,보문,7133,6744,13877
20210420,6호선,창신,3703,3029,6732
20210420,6호선,동묘앞,8047,8150,16197
20210420,6호선,신당,8224,8632,16856
20210420,6호선,청구,3824,4116,7940
20210420,6호선,약수,3562,3630,7192
20210420,6호선,버티고개,2281,2149,4430
20210420,6호선,한강진,7490,8447,15937
20210420,6호선,이태원,8591,8911,17502
20210420,6호선,녹사평,4606,4428,9034
20210420,6호선,삼각지,5903,5223,11126
20210420,6호선,효창공원앞,6960,6369,13329
20210420,6호선,공덕,18922,18251,37173
20210420,6호선,대흥,7802,8143,15945
20210420,6호선,광흥창,8964,8748,17712
20210420,6호선,상수,6918,7706,14624
20210420,6호선,합정,12152,11842,23994
20210420,6호선,망원,13556,14539,28095
20210420,6호선,마포구청,14116,12830,26946
20210420,6호선,월드컵경기장,4833,4989,9822
20210420,6호선,디지털미디어시티,14123,15384,29507
20210420,6호선,증산,10142,10098,20240
20210420,6호선,새절,13173,12390,25563
20210420,6호선,구산,7546,5763,13309
20210420,6호선,연신내,1,0,1
20210420,6호선,독바위,2841,2977,5818
20210420,6호선,불광,4253,4254,8507
20210420,6호선,역촌,3672,4235,7907
20210420,6호선,응암,17948,17600,35548
20210421,6호선,봉화산,8827,8349,17176
20210421,6호선,화랑대,12295,9266,21561
20210421,6호선,태릉입구,5367,6040,11407
20210421,6호선,석계,12580,12790,25370
20210421,6호선,돌곶이,9427,8900,18327
20210421,6호선,상월곡,6344,5705,12049
20210421,6호선,월곡,11138,10995,22133
20210421,6호선,고려대,8105,7840,15945
20210421,6호선,안암,11185,11155,22340
20210421,6호선,보문,7149,6642,13791
20210421,6호선,창신,3631,2982,6613
20210421,6호선,동묘앞,7995,8130,16125
20210421,6호선,신당,8079,8621,16700
20210421,6호선,청구,3781,4061,7842
20210421,6호선,약수,3433,3585,7018
20210421,6호선,버티고개,2189,2161,4350
20210421,6호선,한강진,8192,9248,17440
20210421,6호선,이태원,8711,9034,17745
20210421,6호선,녹사평,4784,4673,9457
20210421,6호선,삼각지,5896,5267,11163
20210421,6호선,효창공원앞,7079,6384,13463
20210421,6호선,공덕,18932,18229,37161
20210421,6호선,대흥,8150,8396,16546
20210421,6호선,광흥창,8872,8740,17612
20210421,6호선,상수,7122,7819,14941
20210421,6호선,합정,12435,12314,24749
20210421,6호선,망원,13818,14955,28773
20210421,6호선,마포구청,14196,12725,26921
20210421,6호선,월드컵경기장,4851,5056,9907
20210421,6호선,디지털미디어시티,14211,15443,29654
20210421,6호선,증산,10132,10122,20254
20210421,6호선,새절,13222,12295,25517
20210421,6호선,구산,7704,5835,13539
20210421,6호선,독바위,2790,3008,5798
20210421,6호선,불광,4980,5080,10060
20210421,6호선,역촌,3686,4170,7856
20210421,6호선,응암,18067,17663,35730
20210422,6호선,봉화산,8848,8270,17118
20210422,6호선,화랑대,11631,8994,20625
20210422,6호선,태릉입구,5340,6000,11340
20210422,6호선,석계,12346,12682,25028
20210422,6호선,돌곶이,9522,8914,18436
20210422,6호선,상월곡,6381,5702,12083
20210422,6호선,월곡,11249,11182,22431
20210422,6호선,고려대,8010,7612,15622
20210422,6호선,안암,11028,10855,21883
20210422,6호선,보문,7081,6541,13622
20210422,6호선,창신,3658,2929,6587
20210422,6호선,동묘앞,7809,7859,15668
20210422,6호선,신당,8028,8606,16634
20210422,6호선,청구,3864,4140,8004
20210422,6호선,약수,3501,3529,7030
20210422,6호선,버티고개,2236,2163,4399
20210422,6호선,한강진,7361,8519,15880
20210422,6호선,이태원,8820,9130,17950
20210422,6호선,녹사평,4946,4726,9672
20210422,6호선,삼각지,5916,5241,11157
20210422,6호선,효창공원앞,6971,6340,13311
20210422,6호선,공덕,18988,18188,37176
20210422,6호선,대흥,7920,8233,16153
20210422,6호선,광흥창,8889,8516,17405
20210422,6호선,상수,7279,7877,15156
20210422,6호선,합정,12347,12130,24477
20210422,6호선,망원,13849,15097,28946
20210422,6호선,마포구청,13823,12491,26314
20210422,6호선,월드컵경기장,4485,4690,9175
20210422,6호선,디지털미디어시티,13860,15360,29220
20210422,6호선,증산,9970,9862,19832
20210422,6호선,새절,13139,12240,25379
20210422,6호선,구산,7645,5701,13346
20210422,6호선,연신내,1,0,1
20210422,6호선,독바위,2808,3051,5859
20210422,6호선,불광,4340,4520,8860
20210422,6호선,역촌,3624,4194,7818
20210422,6호선,응암,17541,17336,34877
20210423,6호선,응암,18027,17677,35704
20210423,6호선,역촌,3696,4266,7962
20210423,6호선,불광,4586,4526,9112
20210423,6호선,독바위,2794,2896,5690
20210423,6호선,구산,7821,5725,13546
20210423,6호선,새절,13395,12454,25849
20210423,6호선,증산,10109,9900,20009
20210423,6호선,디지털미디어시티,13972,14979,28951
20210423,6호선,월드컵경기장,4607,4710,9317
20210423,6호선,마포구청,14168,12632,26800
20210423,6호선,망원,14369,15755,30124
20210423,6호선,합정,13189,13238,26427
20210423,6호선,상수,7908,9038,16946
20210423,6호선,광흥창,9032,8756,17788
20210423,6호선,대흥,7956,8218,16174
20210423,6호선,공덕,19043,18496,37539
20210423,6호선,효창공원앞,7056,6246,13302
20210423,6호선,삼각지,6078,5184,11262
20210423,6호선,녹사평,5322,5299,10621
20210423,6호선,이태원,10372,11104,21476
20210423,6호선,한강진,8816,10040,18856
20210423,6호선,버티고개,2282,2172,4454
20210423,6호선,약수,3581,3719,7300
20210423,6호선,청구,3968,4180,8148
20210423,6호선,신당,7879,8216,16095
20210423,6호선,동묘앞,8002,7968,15970
20210423,6호선,창신,3586,2865,6451
20210423,6호선,보문,7199,6564,13763
20210423,6호선,안암,10692,10268,20960
20210423,6호선,고려대,8089,7630,15719
20210423,6호선,월곡,11360,11206,22566
20210423,6호선,상월곡,6312,5635,11947
20210423,6호선,돌곶이,9359,8452,17811
20210423,6호선,석계,12284,12642,24926
20210423,6호선,태릉입구,5438,5878,11316
20210423,6호선,화랑대,11299,8720,20019
20210423,6호선,봉화산,8863,8263,17126
20210426,6호선,신내,1,0,1
20210426,6호선,봉화산,8760,8271,17031
20210426,6호선,화랑대,11349,8701,20050
20210426,6호선,태릉입구,5178,5870,11048
20210426,6호선,석계,12197,12666,24863
20210426,6호선,돌곶이,9270,8676,17946
20210426,6호선,상월곡,6202,5662,11864
20210426,6호선,월곡,11155,11084,22239
20210426,6호선,고려대,7926,7652,15578
20210426,6호선,안암,10165,10593,20758
20210426,6호선,보문,7119,6593,13712
20210426,6호선,창신,3617,3032,6649
20210426,6호선,동묘앞,7903,8181,16084
20210426,6호선,신당,7348,8102,15450
20210426,6호선,청구,3739,4119,7858
20210426,6호선,약수,3538,3565,7103
20210426,6호선,버티고개,2250,2180,4430
20210426,6호선,한강진,6431,7321,13752
20210426,6호선,이태원,8577,8780,17357
20210426,6호선,녹사평,4512,4342,8854
20210426,6호선,삼각지,5529,4759,10288
20210426,6호선,효창공원앞,6893,6339,13232
20210426,6호선,공덕,18730,18105,36835
20210426,6호선,대흥,7894,8216,16110
20210426,6호선,광흥창,8876,8690,17566
20210426,6호선,상수,6737,7437,14174
20210426,6호선,합정,11900,11659,23559
20210426,6호선,망원,13305,14214,27519
20210426,6호선,마포구청,13822,12415,26237
20210426,6호선,월드컵경기장,4507,4683,9190
20210426,6호선,디지털미디어시티,13942,15054,28996
20210426,6호선,증산,9909,9781,19690
20210426,6호선,새절,12973,12170,25143
20210426,6호선,구산,7646,5809,13455
20210426,6호선,독바위,2796,2964,5760
20210426,6호선,불광,4226,4346,8572
20210426,6호선,역촌,3643,4179,7822
20210426,6호선,응암,17603,17346,34949
20210427,6호선,응암,17779,17630,35409
20210427,6호선,역촌,3549,4133,7682
20210427,6호선,불광,4244,4387,8631
20210427,6호선,독바위,2784,2985,5769
20210427,6호선,구산,7606,5786,13392
20210427,6호선,새절,13132,12405,25537
20210427,6호선,증산,10064,10062,20126
20210427,6호선,디지털미디어시티,13976,15316,29292
20210427,6호선,월드컵경기장,4406,4618,9024
20210427,6호선,마포구청,14204,12829,27033
20210427,6호선,망원,13523,14412,27935
20210427,6호선,합정,12315,11983,24298
20210427,6호선,상수,7250,7979,15229
20210427,6호선,광흥창,9000,8780,17780
20210427,6호선,대흥,8058,8512,16570
20210427,6호선,공덕,18814,18157,36971
20210427,6호선,효창공원앞,6962,6379,13341
20210427,6호선,삼각지,5908,5250,11158
20210427,6호선,녹사평,4800,4573,9373
20210427,6호선,이태원,8876,8981,17857
20210427,6호선,한강진,7632,8802,16434
20210427,6호선,버티고개,2197,2214,4411
20210427,6호선,약수,3500,3631,7131
20210427,6호선,청구,3842,4093,7935
20210427,6호선,신당,8067,8458,16525
20210427,6호선,동묘앞,7883,7990,15873
20210427,6호선,창신,3835,3235,7070
20210427,6호선,보문,7160,6677,13837
20210427,6호선,안암,10483,10561,21044
20210427,6호선,고려대,7937,7664,15601
20210427,6호선,월곡,11188,11122,22310
20210427,6호선,상월곡,6278,5719,11997
20210427,6호선,돌곶이,9239,8647,17886
20210427,6호선,석계,12383,12738,25121
20210427,6호선,태릉입구,5388,5961,11349
20210427,6호선,화랑대,11492,9245,20737
20210427,6호선,봉화산,8929,8351,17280
20210428,6호선,봉화산,9033,8445,17478
20210428,6호선,화랑대,11615,9079,20694
20210428,6호선,태릉입구,5496,6040,11536
20210428,6호선,석계,12385,12861,25246
20210428,6호선,돌곶이,9470,8798,18268
20210428,6호선,상월곡,6333,5733,12066
20210428,6호선,월곡,11144,11087,22231
20210428,6호선,고려대,8113,7908,16021
20210428,6호선,안암,10571,10601,21172
20210428,6호선,보문,7163,6671,13834
20210428,6호선,창신,3845,3174,7019
20210428,6호선,동묘앞,7974,8174,16148
20210428,6호선,신당,7865,8345,16210
20210428,6호선,청구,3855,4139,7994
20210428,6호선,약수,3527,3581,7108
20210428,6호선,버티고개,2220,2119,4339
20210428,6호선,한강진,7639,8819,16458
20210428,6호선,이태원,8922,9091,18013
20210428,6호선,녹사평,4927,4716,9643
20210428,6호선,삼각지,5989,5230,11219
20210428,6호선,효창공원앞,7107,6440,13547
20210428,6호선,공덕,18885,18170,37055
20210428,6호선,대흥,8093,8415,16508
20210428,6호선,광흥창,9120,8731,17851
20210428,6호선,상수,7374,8292,15666
20210428,6호선,합정,12511,12377,24888
20210428,6호선,망원,13732,14885,28617
20210428,6호선,마포구청,14061,12763,26824
20210428,6호선,월드컵경기장,4604,4886,9490
20210428,6호선,디지털미디어시티,14173,15443,29616
20210428,6호선,증산,10036,10002,20038
20210428,6호선,새절,12973,12320,25293
20210428,6호선,구산,7600,5681,13281
20210428,6호선,연신내,1,0,1
20210428,6호선,독바위,2785,2984,5769
20210428,6호선,불광,4467,4393,8860
20210428,6호선,역촌,3684,4173,7857
20210428,6호선,응암,17974,17652,35626
20210429,6호선,응암,17940,17640,35580
20210429,6호선,역촌,3632,4167,7799
20210429,6호선,불광,4304,4312,8616
20210429,6호선,독바위,2849,2970,5819
20210429,6호선,연신내,2,0,2
20210429,6호선,구산,7579,5808,13387
20210429,6호선,새절,12967,12195,25162
20210429,6호선,증산,10065,9963,20028
20210429,6호선,디지털미디어시티,13834,15295,29129
20210429,6호선,월드컵경기장,4491,4692,9183
20210429,6호선,마포구청,14285,12852,27137
20210429,6호선,망원,14000,15072,29072
20210429,6호선,합정,12858,12536,25394
20210429,6호선,상수,7720,8480,16200
20210429,6호선,광흥창,9096,8817,17913
20210429,6호선,대흥,8308,8542,16850
20210429,6호선,공덕,18964,18368,37332
20210429,6호선,효창공원앞,7080,6421,13501
20210429,6호선,삼각지,6152,5319,11471
20210429,6호선,녹사평,4837,4597,9434
20210429,6호선,이태원,9029,9181,18210
20210429,6호선,한강진,7760,8855,16615
20210429,6호선,버티고개,2304,2255,4559
20210429,6호선,약수,3621,3587,7208
20210429,6호선,청구,3865,4117,7982
20210429,6호선,신당,8010,8230,16240
20210429,6호선,동묘앞,7917,8011,15928
20210429,6호선,창신,3744,3193,6937
20210429,6호선,보문,7234,6744,13978
20210429,6호선,안암,10649,10522,21171
20210429,6호선,고려대,8063,7728,15791
20210429,6호선,월곡,11266,11166,22432
20210429,6호선,상월곡,6335,5739,12074
20210429,6호선,돌곶이,9290,8684,17974
20210429,6호선,석계,12311,12614,24925
20210429,6호선,태릉입구,5437,6180,11617
20210429,6호선,화랑대,11546,8988,20534
20210429,6호선,봉화산,8913,8269,17182
20210430,6호선,응암,18199,17725,35924
20210430,6호선,역촌,3707,4237,7944
20210430,6호선,불광,4416,4374,8790
20210430,6호선,독바위,2773,2883,5656
20210430,6호선,구산,7788,5753,13541
20210430,6호선,새절,13043,12163,25206
20210430,6호선,증산,10292,9961,20253
20210430,6호선,디지털미디어시티,14006,15084,29090
20210430,6호선,월드컵경기장,5617,5916,11533
20210430,6호선,마포구청,14486,12933,27419
20210430,6호선,망원,14517,15816,30333
20210430,6호선,합정,13648,13190,26838
20210430,6호선,상수,8575,9605,18180
20210430,6호선,광흥창,9068,8852,17920
20210430,6호선,대흥,8237,8479,16716
20210430,6호선,공덕,19235,18678,37913
20210430,6호선,효창공원앞,7198,6504,13702
20210430,6호선,삼각지,6191,5390,11581
20210430,6호선,녹사평,5188,5279,10467
20210430,6호선,이태원,10530,11249,21779
20210430,6호선,한강진,7810,9017,16827
20210430,6호선,버티고개,2222,2165,4387
20210430,6호선,약수,3623,3743,7366
20210430,6호선,청구,3902,4142,8044
20210430,6호선,신당,8171,8330,16501
20210430,6호선,동묘앞,8018,8070,16088
20210430,6호선,창신,3724,2939,6663
20210430,6호선,보문,7344,6739,14083
20210430,6호선,안암,11238,10897,22135
20210430,6호선,고려대,8283,7780,16063
20210430,6호선,월곡,11534,11226,22760
20210430,6호선,상월곡,6599,5788,12387
20210430,6호선,돌곶이,9486,8653,18139
20210430,6호선,석계,12513,12867,25380
20210430,6호선,태릉입구,5543,6030,11573
20210430,6호선,화랑대,11717,8891,20608
20210430,6호선,봉화산,8964,8403,17367
20210503,6호선,신내,1,0,1
20210503,6호선,봉화산,8868,8255,17123
20210503,6호선,화랑대,11482,8998,20480
20210503,6호선,태릉입구,5314,5971,11285
20210503,6호선,석계,12250,12597,24847
20210503,6호선,돌곶이,9281,8833,18114
20210503,6호선,상월곡,6298,5830,12128
20210503,6호선,월곡,11420,11391,22811
20210503,6호선,고려대,8199,7816,16015
20210503,6호선,안암,10168,10416,20584
20210503,6호선,보문,7183,6633,13816
20210503,6호선,창신,3612,3059,6671
20210503,6호선,동묘앞,8298,8533,16831
20210503,6호선,신당,7336,8078,15414
20210503,6호선,청구,3739,3931,7670
20210503,6호선,약수,3477,3608,7085
20210503,6호선,버티고개,2268,2158,4426
20210503,6호선,한강진,6430,7595,14025
20210503,6호선,이태원,8580,8757,17337
20210503,6호선,녹사평,4727,4490,9217
20210503,6호선,삼각지,5695,4934,10629
20210503,6호선,효창공원앞,6896,6326,13222
20210503,6호선,공덕,18639,18084,36723
20210503,6호선,대흥,7970,8265,16235
20210503,6호선,광흥창,8823,8637,17460
20210503,6호선,상수,7157,7894,15051
20210503,6호선,합정,12257,11986,24243
20210503,6호선,망원,13770,14811,28581
20210503,6호선,마포구청,13905,12696,26601
20210503,6호선,월드컵경기장,4764,4882,9646
20210503,6호선,디지털미디어시티,14079,15207,29286
20210503,6호선,증산,10046,9806,19852
20210503,6호선,새절,13177,12245,25422
20210503,6호선,구산,7747,5910,13657
20210503,6호선,독바위,2788,2929,5717
20210503,6호선,불광,4341,4440,8781
20210503,6호선,역촌,3733,4382,8115
20210503,6호선,응암,17945,17729,35674
20210504,6호선,봉화산,8720,8132,16852
20210504,6호선,화랑대,11081,8634,19715
20210504,6호선,태릉입구,5146,5654,10800
20210504,6호선,석계,12250,12583,24833
20210504,6호선,돌곶이,9016,8324,17340
20210504,6호선,상월곡,6272,5599,11871
20210504,6호선,월곡,10908,10866,21774
20210504,6호선,고려대,7774,7477,15251
20210504,6호선,안암,10094,9987,20081
20210504,6호선,보문,6986,6597,13583
20210504,6호선,창신,3627,3014,6641
20210504,6호선,동묘앞,7606,7856,15462
20210504,6호선,신당,8171,8511,16682
20210504,6호선,청구,3670,3997,7667
20210504,6호선,약수,3431,3519,6950
20210504,6호선,버티고개,2167,2127,4294
20210504,6호선,한강진,6330,7451,13781
20210504,6호선,이태원,8635,8979,17614
20210504,6호선,녹사평,4445,4319,8764
20210504,6호선,삼각지,5810,5188,10998
20210504,6호선,효창공원앞,6658,6105,12763
20210504,6호선,공덕,18667,18039,36706
20210504,6호선,대흥,8143,8370,16513
20210504,6호선,광흥창,8830,8582,17412
20210504,6호선,상수,7967,8744,16711
20210504,6호선,합정,12544,12243,24787
20210504,6호선,망원,13238,14367,27605
20210504,6호선,마포구청,13975,12776,26751
20210504,6호선,월드컵경기장,3795,4027,7822
20210504,6호선,디지털미디어시티,13348,14876,28224
20210504,6호선,증산,9795,9647,19442
20210504,6호선,새절,12568,11971,24539
20210504,6호선,구산,7536,5837,13373
20210504,6호선,독바위,2735,2757,5492
20210504,6호선,불광,4044,4131,8175
20210504,6호선,역촌,3691,4314,8005
20210504,6호선,응암,17111,17031,34142
20210505,6호선,응암,10483,10667,21150
20210505,6호선,역촌,2100,2506,4606
20210505,6호선,불광,3419,3124,6543
20210505,6호선,독바위,1645,2001,3646
20210505,6호선,구산,4309,3164,7473
20210505,6호선,새절,7362,6902,14264
20210505,6호선,증산,6210,6294,12504
20210505,6호선,디지털미디어시티,5845,6009,11854
20210505,6호선,월드컵경기장,5374,5480,10854
20210505,6호선,마포구청,7730,6985,14715
20210505,6호선,망원,11775,13023,24798
20210505,6호선,합정,10711,9300,20011
20210505,6호선,상수,6265,6877,13142
20210505,6호선,광흥창,4099,3844,7943
20210505,6호선,대흥,4097,4242,8339
20210505,6호선,공덕,7690,7152,14842
20210505,6호선,효창공원앞,3869,3397,7266
20210505,6호선,삼각지,3833,2903,6736
20210505,6호선,녹사평,4745,4808,9553
20210505,6호선,이태원,9706,9492,19198
20210505,6호선,한강진,5894,7475,13369
20210505,6호선,버티고개,1338,1351,2689
20210505,6호선,약수,1878,1994,3872
20210505,6호선,청구,2274,2395,4669
20210505,6호선,신당,5538,5529,11067
20210505,6호선,동묘앞,7820,7564,15384
20210505,6호선,창신,1912,1646,3558
20210505,6호선,보문,4536,4138,8674
20210505,6호선,안암,5750,5740,11490
20210505,6호선,고려대,4450,4125,8575
20210505,6호선,월곡,6297,6360,12657
20210505,6호선,상월곡,3623,3245,6868
20210505,6호선,돌곶이,5296,5103,10399
20210505,6호선,석계,7459,7508,14967
20210505,6호선,태릉입구,3490,3745,7235
20210505,6호선,화랑대,6004,4990,10994
20210505,6호선,봉화산,4528,4353,8881
20210506,6호선,응암,18003,17642,35645
20210506,6호선,역촌,3864,4540,8404
20210506,6호선,불광,4305,4421,8726
20210506,6호선,독바위,2844,3018,5862
20210506,6호선,연신내,1,0,1
20210506,6호선,구산,7712,5794,13506
20210506,6호선,새절,13162,12284,25446
20210506,6호선,증산,10023,9918,19941
20210506,6호선,디지털미디어시티,13884,15025,28909
20210506,6호선,월드컵경기장,4797,5025,9822
20210506,6호선,마포구청,14355,12843,27198
20210506,6호선,망원,14316,15540,29856
20210506,6호선,합정,12702,12407,25109
20210506,6호선,상수,7636,8327,15963
20210506,6호선,광흥창,9132,8802,17934
20210506,6호선,대흥,7966,8385,16351
20210506,6호선,공덕,18133,17461,35594
20210506,6호선,효창공원앞,7144,6538,13682
20210506,6호선,삼각지,5969,5143,11112
20210506,6호선,녹사평,4785,4705,9490
20210506,6호선,이태원,9241,9245,18486
20210506,6호선,한강진,6743,7844,14587
20210506,6호선,버티고개,2287,2293,4580
20210506,6호선,약수,3567,3711,7278
20210506,6호선,청구,3789,4107,7896
20210506,6호선,신당,8012,8601,16613
20210506,6호선,동묘앞,8159,8397,16556
20210506,6호선,창신,3476,2784,6260
20210506,6호선,보문,7270,6708,13978
20210506,6호선,안암,10268,10369,20637
20210506,6호선,고려대,8081,7675,15756
20210506,6호선,월곡,11326,11233,22559
20210506,6호선,상월곡,6385,5701,12086
20210506,6호선,돌곶이,9284,8757,18041
20210506,6호선,석계,12298,12765,25063
20210506,6호선,태릉입구,5398,6088,11486
20210506,6호선,화랑대,11684,9201,20885
20210506,6호선,봉화산,8970,8340,17310
20210507,6호선,이태원,10014,10355,20369
20210507,6호선,한강진,7019,8166,15185
20210507,6호선,버티고개,2319,2219,4538
20210507,6호선,약수,3586,3657,7243
20210507,6호선,청구,3859,4027,7886
20210507,6호선,신당,8367,8550,16917
20210507,6호선,동묘앞,8029,7978,16007
20210507,6호선,창신,3427,2778,6205
20210507,6호선,보문,7345,6694,14039
20210507,6호선,안암,11238,10469,21707
20210507,6호선,고려대,8257,7703,15960
20210507,6호선,월곡,11367,11285,22652
20210507,6호선,상월곡,6416,5618,12034
20210507,6호선,돌곶이,9296,8642,17938
20210507,6호선,석계,12357,12638,24995
20210507,6호선,태릉입구,5318,5992,11310
20210507,6호선,화랑대,11361,8803,20164
20210507,6호선,봉화산,8876,8251,17127
20210507,6호선,신내,1,0,1
20210507,6호선,응암,17876,17623,35499
20210507,6호선,역촌,3795,4319,8114
20210507,6호선,불광,4287,4403,8690
20210507,6호선,독바위,2726,2740,5466
20210507,6호선,구산,7736,5806,13542
20210507,6호선,새절,12802,11996,24798
20210507,6호선,증산,10162,10084,20246
20210507,6호선,디지털미디어시티,13736,14829,28565
20210507,6호선,월드컵경기장,4183,4414,8597
20210507,6호선,마포구청,14226,12530,26756
20210507,6호선,망원,14503,15700,30203
20210507,6호선,합정,13448,12999,26447
20210507,6호선,상수,8276,9173,17449
20210507,6호선,광흥창,8911,8746,17657
20210507,6호선,대흥,8190,8307,16497
20210507,6호선,공덕,18391,17569,35960
20210507,6호선,효창공원앞,6919,6229,13148
20210507,6호선,삼각지,5877,5104,10981
20210507,6호선,녹사평,4978,4935,9913
20210510,6호선,봉화산,8897,8254,17151
20210510,6호선,화랑대,11294,8879,20173
20210510,6호선,태릉입구,5203,5917,11120
20210510,6호선,석계,12083,12509,24592
20210510,6호선,돌곶이,9161,8680,17841
20210510,6호선,상월곡,6264,5641,11905
20210510,6호선,월곡,11197,11114,22311
20210510,6호선,고려대,7818,7680,15498
20210510,6호선,안암,9583,9878,19461
20210510,6호선,보문,6938,6505,13443
20210510,6호선,창신,3619,2995,6614
20210510,6호선,동묘앞,7511,7828,15339
20210510,6호선,신당,7547,7974,15521
20210510,6호선,청구,3759,4008,7767
20210510,6호선,약수,3479,3613,7092
20210510,6호선,버티고개,2269,2224,4493
20210510,6호선,한강진,6117,6945,13062
20210510,6호선,이태원,8421,8687,17108
20210510,6호선,녹사평,4218,4098,8316
20210510,6호선,삼각지,5442,4802,10244
20210510,6호선,효창공원앞,6891,6300,13191
20210510,6호선,공덕,18451,17874,36325
20210510,6호선,대흥,7846,8297,16143
20210510,6호선,광흥창,8934,8640,17574
20210510,6호선,상수,6879,7598,14477
20210510,6호선,합정,11691,11586,23277
20210510,6호선,망원,12951,14069,27020
20210510,6호선,마포구청,13969,12826,26795
20210510,6호선,월드컵경기장,3980,4209,8189
20210510,6호선,디지털미디어시티,13978,15122,29100
20210510,6호선,증산,9785,9693,19478
20210510,6호선,새절,12706,12001,24707
20210510,6호선,구산,7600,5787,13387
20210510,6호선,독바위,2728,2822,5550
20210510,6호선,불광,4149,4206,8355
20210510,6호선,역촌,3638,4271,7909
20210510,6호선,응암,17378,17260,34638
20210511,6호선,응암,17974,17659,35633
20210511,6호선,역촌,3746,4414,8160
20210511,6호선,불광,4359,4410,8769
20210511,6호선,독바위,2969,3007,5976
20210511,6호선,구산,7655,5867,13522
20210511,6호선,새절,13284,12466,25750
20210511,6호선,증산,10278,10129,20407
20210511,6호선,디지털미디어시티,14279,15633,29912
20210511,6호선,월드컵경기장,4905,5130,10035
20210511,6호선,마포구청,14474,13155,27629
20210511,6호선,망원,14018,15133,29151
20210511,6호선,합정,13013,12541,25554
20210511,6호선,상수,7477,8246,15723
20210511,6호선,광흥창,9191,8877,18068
20210511,6호선,대흥,8349,8577,16926
20210511,6호선,공덕,19266,18579,37845
20210511,6호선,효창공원앞,7232,6571,13803
20210511,6호선,삼각지,6073,5299,11372
20210511,6호선,녹사평,4939,4747,9686
20210511,6호선,이태원,9010,9373,18383
20210511,6호선,한강진,6911,7866,14777
20210511,6호선,버티고개,2282,2265,4547
20210511,6호선,약수,3625,3698,7323
20210511,6호선,청구,3868,4157,8025
20210511,6호선,신당,8406,8866,17272
20210511,6호선,동묘앞,8232,8269,16501
20210511,6호선,창신,3685,3084,6769
20210511,6호선,보문,7268,6880,14148
20210511,6호선,안암,10042,10244,20286
20210511,6호선,고려대,8195,7798,15993
20210511,6호선,월곡,11365,11416,22781
20210511,6호선,상월곡,6471,5758,12229
20210511,6호선,석계,12545,12964,25509
20210511,6호선,태릉입구,5491,6212,11703
20210511,6호선,화랑대,11697,9209,20906
20210511,6호선,봉화산,9038,8361,17399
20210511,6호선,신내,1,0,1
20210511,6호선,돌곶이,9407,8859,18266
20210512,6호선,봉화산,9264,8634,17898
20210512,6호선,화랑대,11855,9264,21119
20210512,6호선,태릉입구,5577,6297,11874
20210512,6호선,석계,12693,12868,25561
20210512,6호선,돌곶이,9563,8937,18500
20210512,6호선,상월곡,6399,5738,12137
20210512,6호선,월곡,11393,11438,22831
20210512,6호선,고려대,8322,7864,16186
20210512,6호선,안암,10492,10628,21120
20210512,6호선,보문,7358,6854,14212
20210512,6호선,창신,3798,3111,6909
20210512,6호선,동묘앞,8072,8188,16260
20210512,6호선,신당,8250,8860,17110
20210512,6호선,청구,3920,4121,8041
20210512,6호선,약수,3622,3709,7331
20210512,6호선,버티고개,2283,2200,4483
20210512,6호선,한강진,6977,7913,14890
20210512,6호선,이태원,9219,9683,18902
20210512,6호선,녹사평,5133,4906,10039
20210512,6호선,삼각지,6100,5252,11352
20210512,6호선,효창공원앞,7285,6562,13847
20210512,6호선,공덕,19208,18445,37653
20210512,6호선,대흥,8327,8600,16927
20210512,6호선,광흥창,9141,8965,18106
20210512,6호선,상수,7465,8289,15754
20210512,6호선,합정,12895,12518,25413
20210512,6호선,망원,14116,15391,29507
20210512,6호선,마포구청,14437,13002,27439
20210512,6호선,월드컵경기장,4845,5102,9947
20210512,6호선,디지털미디어시티,14321,15462,29783
20210512,6호선,증산,10241,10111,20352
20210512,6호선,새절,13308,12599,25907
20210512,6호선,구산,7827,5881,13708
20210512,6호선,연신내,2,0,2
20210512,6호선,독바위,2838,3052,5890
20210512,6호선,불광,4631,4635,9266
20210512,6호선,역촌,3751,4435,8186
20210512,6호선,응암,18315,18063,36378
20210513,6호선,응암,17990,17687,35677
20210513,6호선,역촌,3828,4498,8326
20210513,6호선,불광,4414,4405,8819
20210513,6호선,독바위,2922,3048,5970
20210513,6호선,연신내,1,0,1
20210513,6호선,구산,7849,5889,13738
20210513,6호선,새절,13178,12496,25674
20210513,6호선,증산,10164,10023,20187
20210513,6호선,디지털미디어시티,14126,15409,29535
20210513,6호선,월드컵경기장,4757,4976,9733
20210513,6호선,마포구청,14579,13083,27662
20210513,6호선,망원,14397,15434,29831
20210513,6호선,합정,12979,12724,25703
20210513,6호선,상수,7703,8563,16266
20210513,6호선,광흥창,9049,8917,17966
20210513,6호선,대흥,8297,8700,16997
20210513,6호선,공덕,19060,18351,37411
20210513,6호선,효창공원앞,7311,6615,13926
20210513,6호선,삼각지,6016,5248,11264
20210513,6호선,녹사평,5211,5049,10260
20210513,6호선,이태원,9992,10296,20288
20210513,6호선,한강진,7188,8328,15516
20210513,6호선,버티고개,2320,2282,4602
20210513,6호선,약수,3586,3626,7212
20210513,6호선,청구,3927,4154,8081
20210513,6호선,신당,8015,8482,16497
20210513,6호선,동묘앞,7979,8096,16075
20210513,6호선,창신,3699,2986,6685
20210513,6호선,보문,7328,6857,14185
20210513,6호선,안암,10896,10822,21718
20210513,6호선,고려대,8290,7691,15981
20210513,6호선,월곡,11522,11379,22901
20210513,6호선,상월곡,6418,5825,12243
20210513,6호선,돌곶이,9385,8735,18120
20210513,6호선,석계,12433,12792,25225
20210513,6호선,태릉입구,5499,6306,11805
20210513,6호선,화랑대,11814,9180,20994
20210513,6호선,봉화산,8982,8388,17370
20210514,6호선,상수,8610,9800,18410
20210514,6호선,응암,18321,18092,36413
20210514,6호선,역촌,3853,4466,8319
20210514,6호선,불광,4583,4536,9119
20210514,6호선,독바위,2916,2998,5914
20210514,6호선,구산,8054,5883,13937
20210514,6호선,새절,13424,12519,25943
20210514,6호선,증산,10385,10144,20529
20210514,6호선,디지털미디어시티,14153,14984,29137
20210514,6호선,월드컵경기장,5012,5235,10247
20210514,6호선,마포구청,14865,13144,28009
20210514,6호선,망원,15203,16714,31917
20210514,6호선,합정,14132,13885,28017
20210514,6호선,광흥창,9347,9104,18451
20210514,6호선,대흥,8675,8871,17546
20210514,6호선,공덕,19391,18827,38218
20210514,6호선,효창공원앞,7345,6608,13953
20210514,6호선,삼각지,6394,5528,11922
20210514,6호선,녹사평,5851,5778,11629
20210514,6호선,이태원,10987,11506,22493
20210514,6호선,한강진,7809,9182,16991
20210514,6호선,버티고개,2441,2367,4808
20210514,6호선,약수,3756,3850,7606
20210514,6호선,청구,3956,4149,8105
20210514,6호선,신당,8530,8924,17454
20210514,6호선,동묘앞,8256,8536,16792
20210514,6호선,창신,3827,2956,6783
20210514,6호선,보문,7592,6918,14510
20210514,6호선,안암,11798,11463,23261
20210514,6호선,고려대,8579,7856,16435
20210514,6호선,월곡,12022,11750,23772
20210514,6호선,상월곡,6594,5854,12448
20210514,6호선,돌곶이,9481,8797,18278
20210514,6호선,석계,12864,12983,25847
20210514,6호선,태릉입구,5837,6605,12442
20210514,6호선,화랑대,12246,9356,21602
20210514,6호선,봉화산,9141,8545,17686
20210517,6호선,응암,17289,16929,34218
20210517,6호선,역촌,3653,4372,8025
20210517,6호선,불광,4163,4104,8267
20210517,6호선,봉화산,8850,8223,17073
20210517,6호선,화랑대,11309,8728,20037
20210517,6호선,태릉입구,5426,6155,11581
20210517,6호선,석계,11973,12355,24328
20210517,6호선,돌곶이,9160,8644,17804
20210517,6호선,상월곡,6228,5676,11904
20210517,6호선,월곡,11116,11048,22164
20210517,6호선,고려대,7771,7405,15176
20210517,6호선,안암,9897,10057,19954
20210517,6호선,보문,6972,6560,13532
20210517,6호선,창신,3554,2993,6547
20210517,6호선,동묘앞,7495,7684,15179
20210517,6호선,신당,7741,8318,16059
20210517,6호선,청구,3783,4007,7790
20210517,6호선,약수,3508,3603,7111
20210517,6호선,버티고개,2218,2202,4420
20210517,6호선,한강진,6523,7409,13932
20210517,6호선,이태원,8391,8525,16916
20210517,6호선,녹사평,4356,4150,8506
20210517,6호선,삼각지,5521,4858,10379
20210517,6호선,효창공원앞,6825,6214,13039
20210517,6호선,공덕,18332,17846,36178
20210517,6호선,대흥,8151,8401,16552
20210517,6호선,광흥창,8781,8471,17252
20210517,6호선,상수,6983,7641,14624
20210517,6호선,합정,11783,11413,23196
20210517,6호선,망원,12826,13705,26531
20210517,6호선,마포구청,13695,12487,26182
20210517,6호선,월드컵경기장,3664,3883,7547
20210517,6호선,디지털미디어시티,13749,14922,28671
20210517,6호선,증산,9841,9617,19458
20210517,6호선,새절,12827,11847,24674
20210517,6호선,구산,7483,5674,13157
20210517,6호선,독바위,2742,2836,5578
20210518,6호선,봉화산,9222,8408,17630
20210518,6호선,화랑대,11995,9213,21208
20210518,6호선,태릉입구,6321,7325,13646
20210518,6호선,석계,13122,13274,26396
20210518,6호선,돌곶이,9515,8743,18258
20210518,6호선,상월곡,6591,5721,12312
20210518,6호선,월곡,11629,11392,23021
20210518,6호선,고려대,8403,7811,16214
20210518,6호선,안암,10877,10745,21622
20210518,6호선,보문,7558,6850,14408
20210518,6호선,창신,3766,2943,6709
20210518,6호선,동묘앞,8338,8526,16864
20210518,6호선,신당,8410,8763,17173
20210518,6호선,청구,3937,4185,8122
20210518,6호선,약수,3792,3886,7678
20210518,6호선,버티고개,2360,2332,4692
20210518,6호선,한강진,7425,8671,16096
20210518,6호선,이태원,9852,10345,20197
20210518,6호선,녹사평,5333,5188,10521
20210518,6호선,삼각지,6388,5700,12088
20210518,6호선,효창공원앞,7272,6725,13997
20210518,6호선,공덕,19642,19247,38889
20210518,6호선,대흥,8636,8848,17484
20210518,6호선,광흥창,9276,8945,18221
20210518,6호선,상수,8113,9269,17382
20210518,6호선,합정,13702,13351,27053
20210518,6호선,망원,14769,16119,30888
20210518,6호선,마포구청,14717,13081,27798
20210518,6호선,월드컵경기장,4863,5174,10037
20210518,6호선,디지털미디어시티,14494,15437,29931
20210518,6호선,증산,10522,10207,20729
20210518,6호선,새절,13614,12667,26281
20210518,6호선,구산,8052,5909,13961
20210518,6호선,독바위,2968,2988,5956
20210518,6호선,불광,4494,4513,9007
20210518,6호선,역촌,3835,4499,8334
20210518,6호선,응암,18713,18112,36825
20210519,6호선,봉화산,4695,4680,9375
20210519,6호선,화랑대,6493,5501,11994
20210519,6호선,태릉입구,5044,5936,10980
20210519,6호선,석계,7919,8048,15967
20210519,6호선,돌곶이,5703,5434,11137
20210519,6호선,상월곡,3812,3469,7281
20210519,6호선,월곡,6735,6655,13390
20210519,6호선,고려대,4754,4328,9082
20210519,6호선,안암,6258,6176,12434
20210519,6호선,보문,5247,4825,10072
20210519,6호선,창신,1929,1765,3694
20210519,6호선,동묘앞,6840,6559,13399
20210519,6호선,신당,5358,5675,11033
20210519,6호선,청구,2475,2492,4967
20210519,6호선,약수,2011,2036,4047
20210519,6호선,버티고개,1314,1456,2770
20210519,6호선,한강진,6255,7761,14016
20210519,6호선,이태원,9912,9774,19686
20210519,6호선,녹사평,5043,5046,10089
20210519,6호선,삼각지,4043,2951,6994
20210519,6호선,효창공원앞,4121,3515,7636
20210519,6호선,공덕,8003,7421,15424
20210519,6호선,대흥,4567,4579,9146
20210519,6호선,광흥창,4487,4102,8589
20210519,6호선,상수,6421,7329,13750
20210519,6호선,합정,10966,9859,20825
20210519,6호선,망원,12455,13968,26423
20210519,6호선,마포구청,8239,7298,15537
20210519,6호선,월드컵경기장,5359,5461,10820
20210519,6호선,디지털미디어시티,6227,6422,12649
20210519,6호선,증산,6714,6759,13473
20210519,6호선,새절,8051,7645,15696
20210519,6호선,구산,4707,3616,8323
20210519,6호선,독바위,1857,2414,4271
20210519,6호선,불광,3739,3468,7207
20210519,6호선,역촌,2296,2614,4910
20210519,6호선,응암,11165,11175,22340
20210520,6호선,응암,17364,17221,34585
20210520,6호선,역촌,3715,4349,8064
20210520,6호선,불광,4308,4275,8583
20210520,6호선,독바위,2734,2891,5625
20210520,6호선,연신내,2,0,2
20210520,6호선,구산,7564,5818,13382
20210520,6호선,새절,12875,12192,25067
20210520,6호선,증산,9801,9896,19697
20210520,6호선,디지털미디어시티,13772,15046,28818
20210520,6호선,월드컵경기장,4165,4251,8416
20210520,6호선,마포구청,14048,12964,27012
20210520,6호선,망원,13743,14837,28580
20210520,6호선,합정,12154,11782,23936
20210520,6호선,상수,7670,8208,15878
20210520,6호선,광흥창,9102,8778,17880
20210520,6호선,대흥,8242,8673,16915
20210520,6호선,공덕,18721,17913,36634
20210520,6호선,효창공원앞,6805,6393,13198
20210520,6호선,삼각지,6075,5337,11412
20210520,6호선,녹사평,4628,4461,9089
20210520,6호선,이태원,8928,9142,18070
20210520,6호선,한강진,7602,8703,16305
20210520,6호선,버티고개,2239,2196,4435
20210520,6호선,약수,3574,3532,7106
20210520,6호선,청구,3816,4182,7998
20210520,6호선,신당,7579,8036,15615
20210520,6호선,동묘앞,7597,7782,15379
20210520,6호선,창신,3562,3017,6579
20210520,6호선,보문,7194,6671,13865
20210520,6호선,안암,10294,10339,20633
20210520,6호선,고려대,8007,7617,15624
20210520,6호선,월곡,10989,11103,22092
20210520,6호선,상월곡,6326,5658,11984
20210520,6호선,돌곶이,9193,8728,17921
20210520,6호선,석계,12176,12566,24742
20210520,6호선,태릉입구,5795,6529,12324
20210520,6호선,화랑대,11458,9016,20474
20210520,6호선,봉화산,8875,8315,17190
20210521,6호선,봉화산,8956,8422,17378
20210521,6호선,화랑대,11731,9062,20793
20210521,6호선,태릉입구,6034,6825,12859
20210521,6호선,석계,12481,12799,25280
20210521,6호선,돌곶이,9379,8791,18170
20210521,6호선,상월곡,6490,5779,12269
20210521,6호선,월곡,11534,11317,22851
20210521,6호선,고려대,8511,7760,16271
20210521,6호선,안암,11189,10874,22063
20210521,6호선,보문,7442,6679,14121
20210521,6호선,창신,3741,3052,6793
20210521,6호선,동묘앞,8024,8156,16180
20210521,6호선,신당,7782,8187,15969
20210521,6호선,청구,3914,4303,8217
20210521,6호선,약수,3581,3646,7227
20210521,6호선,버티고개,2367,2203,4570
20210521,6호선,한강진,7939,9387,17326
20210521,6호선,이태원,10118,10899,21017
20210521,6호선,녹사평,5339,5227,10566
20210521,6호선,삼각지,6405,5578,11983
20210521,6호선,효창공원앞,7112,6332,13444
20210521,6호선,공덕,19250,18614,37864
20210521,6호선,대흥,8610,8756,17366
20210521,6호선,광흥창,9117,8836,17953
20210521,6호선,상수,8267,9527,17794
20210521,6호선,합정,13377,13280,26657
20210521,6호선,망원,14529,15766,30295
20210521,6호선,마포구청,14465,12683,27148
20210521,6호선,월드컵경기장,4397,4702,9099
20210521,6호선,디지털미디어시티,13925,15128,29053
20210521,6호선,증산,10215,9973,20188
20210521,6호선,새절,13029,12106,25135
20210521,6호선,구산,7842,5720,13562
20210521,6호선,독바위,2789,2863,5652
20210521,6호선,불광,4436,4278,8714
20210521,6호선,역촌,3819,4419,8238
20210521,6호선,응암,17868,17524,35392
20210524,6호선,응암,17764,17634,35398
20210524,6호선,역촌,3863,4435,8298
20210524,6호선,불광,4337,4318,8655
20210524,6호선,독바위,2790,2965,5755
20210524,6호선,구산,7729,5903,13632
20210524,6호선,새절,13247,12384,25631
20210524,6호선,증산,10062,9915,19977
20210524,6호선,디지털미디어시티,14304,15204,29508
20210524,6호선,월드컵경기장,4555,4822,9377
20210524,6호선,마포구청,13935,12540,26475
20210524,6호선,망원,13358,14482,27840
20210524,6호선,합정,12053,11920,23973
20210524,6호선,상수,7097,7685,14782
20210524,6호선,광흥창,9037,8774,17811
20210524,6호선,대흥,8191,8497,16688
20210524,6호선,공덕,18939,18013,36952
20210524,6호선,효창공원앞,7069,6393,13462
20210524,6호선,삼각지,5682,4890,10572
20210524,6호선,녹사평,4610,4549,9159
20210524,6호선,이태원,8606,8799,17405
20210524,6호선,한강진,6458,7484,13942
20210524,6호선,버티고개,2290,2208,4498
20210524,6호선,약수,3506,3613,7119
20210524,6호선,청구,3836,4230,8066
20210524,6호선,신당,7598,8336,15934
20210524,6호선,동묘앞,7911,8148,16059
20210524,6호선,창신,3687,3005,6692
20210524,6호선,보문,7099,6659,13758
20210524,6호선,안암,9723,9997,19720
20210524,6호선,고려대,7659,7295,14954
20210524,6호선,월곡,11287,11271,22558
20210524,6호선,상월곡,6362,5748,12110
20210524,6호선,돌곶이,9363,8881,18244
20210524,6호선,석계,12422,12708,25130
20210524,6호선,태릉입구,6029,6985,13014
20210524,6호선,화랑대,11664,9128,20792
20210524,6호선,봉화산,9012,8518,17530
20210525,6호선,상수,7437,8124,15561
20210525,6호선,응암,18060,17546,35606
20210525,6호선,역촌,3915,4420,8335
20210525,6호선,불광,4288,4363,8651
20210525,6호선,독바위,2906,2945,5851
20210525,6호선,연신내,1,0,1
20210525,6호선,구산,7739,5845,13584
20210525,6호선,새절,13236,12385,25621
20210525,6호선,증산,10159,10004,20163
20210525,6호선,디지털미디어시티,14357,15452,29809
20210525,6호선,월드컵경기장,4332,4554,8886
20210525,6호선,마포구청,14557,13065,27622
20210525,6호선,망원,13813,14953,28766
20210525,6호선,합정,12326,12137,24463
20210525,6호선,광흥창,9199,9023,18222
20210525,6호선,대흥,7983,8270,16253
20210525,6호선,공덕,18743,18248,36991
20210525,6호선,효창공원앞,7159,6547,13706
20210525,6호선,삼각지,6080,5432,11512
20210525,6호선,녹사평,4682,4563,9245
20210525,6호선,이태원,8843,8961,17804
20210525,6호선,한강진,7399,8546,15945
20210525,6호선,버티고개,2230,2198,4428
20210525,6호선,약수,3584,3658,7242
20210525,6호선,청구,3768,4163,7931
20210525,6호선,신당,7902,8457,16359
20210525,6호선,동묘앞,7917,8088,16005
20210525,6호선,창신,3747,3051,6798
20210525,6호선,보문,7144,6673,13817
20210525,6호선,안암,9909,10030,19939
20210525,6호선,고려대,7764,7329,15093
20210525,6호선,월곡,11444,11248,22692
20210525,6호선,상월곡,6466,5833,12299
20210525,6호선,돌곶이,9375,8837,18212
20210525,6호선,석계,12539,12510,25049
20210525,6호선,태릉입구,5706,6624,12330
20210525,6호선,화랑대,11598,9059,20657
20210525,6호선,봉화산,9145,8363,17508
20210526,6호선,응암,18332,18179,36511
20210526,6호선,역촌,3847,4496,8343
20210526,6호선,불광,4554,4487,9041
20210526,6호선,독바위,2847,3009,5856
20210526,6호선,구산,7884,5873,13757
20210526,6호선,새절,13236,12434,25670
20210526,6호선,증산,10313,10154,20467
20210526,6호선,디지털미디어시티,14313,15441,29754
20210526,6호선,월드컵경기장,4760,5013,9773
20210526,6호선,마포구청,14573,13057,27630
20210526,6호선,망원,14191,15429,29620
20210526,6호선,합정,12981,12674,25655
20210526,6호선,상수,7562,8269,15831
20210526,6호선,광흥창,9312,9074,18386
20210526,6호선,대흥,8095,8528,16623
20210526,6호선,공덕,19043,18152,37195
20210526,6호선,효창공원앞,7258,6634,13892
20210526,6호선,삼각지,6172,5376,11548
20210526,6호선,녹사평,5060,4976,10036
20210526,6호선,이태원,9129,9291,18420
20210526,6호선,한강진,8233,9371,17604
20210526,6호선,버티고개,2294,2173,4467
20210526,6호선,약수,3634,3723,7357
20210526,6호선,청구,3888,4286,8174
20210526,6호선,신당,7907,8423,16330
20210526,6호선,동묘앞,8142,8395,16537
20210526,6호선,창신,3676,3075,6751
20210526,6호선,보문,7292,6938,14230
20210526,6호선,안암,10125,10300,20425
20210526,6호선,고려대,7982,7645,15627
20210526,6호선,월곡,11550,11449,22999
20210526,6호선,상월곡,6428,5796,12224
20210526,6호선,돌곶이,9691,9124,18815
20210526,6호선,석계,12723,13062,25785
20210526,6호선,태릉입구,6133,7027,13160
20210526,6호선,화랑대,11948,9337,21285
20210526,6호선,봉화산,9237,8556,17793
20210527,6호선,응암,17540,17226,34766
20210527,6호선,역촌,3711,4339,8050
20210527,6호선,불광,4064,4143,8207
20210527,6호선,독바위,2783,2752,5535
20210527,6호선,연신내,1,0,1
20210527,6호선,구산,7454,5461,12915
20210527,6호선,새절,12816,11879,24695
20210527,6호선,증산,9776,9593,19369
20210527,6호선,디지털미디어시티,13892,14985,28877
20210527,6호선,월드컵경기장,3949,4258,8207
20210527,6호선,마포구청,14122,12700,26822
20210527,6호선,망원,13340,14555,27895
20210527,6호선,합정,12126,12071,24197
20210527,6호선,상수,7343,8034,15377
20210527,6호선,광흥창,8903,8407,17310
20210527,6호선,대흥,7834,8087,15921
20210527,6호선,공덕,18546,17685,36231
20210527,6호선,효창공원앞,6945,6305,13250
20210527,6호선,삼각지,6021,5218,11239
20210527,6호선,녹사평,4712,4585,9297
20210527,6호선,이태원,8660,8799,17459
20210527,6호선,한강진,7396,8544,15940
20210527,6호선,버티고개,2225,2155,4380
20210527,6호선,약수,3507,3534,7041
20210527,6호선,청구,3853,4103,7956
20210527,6호선,신당,7603,8225,15828
20210527,6호선,동묘앞,7587,7626,15213
20210527,6호선,창신,3581,2882,6463
20210527,6호선,보문,6949,6524,13473
20210527,6호선,안암,10087,10039,20126
20210527,6호선,고려대,7683,7421,15104
20210527,6호선,월곡,10972,10872,21844
20210527,6호선,상월곡,6226,5517,11743
20210527,6호선,돌곶이,9149,8535,17684
20210527,6호선,석계,12262,12564,24826
20210527,6호선,태릉입구,5438,6125,11563
20210527,6호선,화랑대,11526,8933,20459
20210527,6호선,봉화산,8795,8263,17058
20210527,6호선,신내,1,0,1
20210528,6호선,봉화산,8828,8175,17003
20210528,6호선,화랑대,11433,8726,20159
20210528,6호선,태릉입구,5545,6184,11729
20210528,6호선,석계,12319,12379,24698
20210528,6호선,돌곶이,9360,8657,18017
20210528,6호선,상월곡,6382,5557,11939
20210528,6호선,월곡,11407,11142,22549
20210528,6호선,고려대,7990,7469,15459
20210528,6호선,안암,10765,10556,21321
20210528,6호선,보문,7357,6700,14057
20210528,6호선,창신,3654,2944,6598
20210528,6호선,동묘앞,7813,7739,15552
20210528,6호선,신당,8187,8650,16837
20210528,6호선,청구,3927,4091,8018
20210528,6호선,약수,3607,3714,7321
20210528,6호선,버티고개,2201,2123,4324
20210528,6호선,한강진,7665,8866,16531
20210528,6호선,이태원,9925,10513,20438
20210528,6호선,녹사평,5191,5185,10376
20210528,6호선,삼각지,6164,5392,11556
20210528,6호선,효창공원앞,7018,6347,13365
20210528,6호선,공덕,18705,18198,36903
20210528,6호선,대흥,8010,8251,16261
20210528,6호선,광흥창,9020,8664,17684
20210528,6호선,상수,8177,9175,17352
20210528,6호선,합정,13203,13304,26507
20210528,6호선,망원,14277,15694,29971
20210528,6호선,마포구청,14210,12651,26861
20210528,6호선,월드컵경기장,4269,4624,8893
20210528,6호선,디지털미디어시티,13770,14727,28497
20210528,6호선,증산,10051,9759,19810
20210528,6호선,새절,12990,11930,24920
20210528,6호선,구산,7756,5790,13546
20210528,6호선,연신내,1,0,1
20210528,6호선,독바위,2714,2695,5409
20210528,6호선,불광,4212,4200,8412
20210528,6호선,역촌,3873,4320,8193
20210528,6호선,응암,17812,17335,35147
20210531,6호선,신내,1,0,1
20210531,6호선,봉화산,8823,8195,17018
20210531,6호선,화랑대,11347,8824,20171
20210531,6호선,태릉입구,5359,6127,11486
20210531,6호선,석계,11976,12422,24398
20210531,6호선,돌곶이,9048,8412,17460
20210531,6호선,상월곡,6237,5692,11929
20210531,6호선,월곡,11203,11164,22367
20210531,6호선,고려대,7399,7208,14607
20210531,6호선,안암,9565,9953,19518
20210531,6호선,보문,6877,6513,13390
20210531,6호선,창신,3577,2960,6537
20210531,6호선,동묘앞,7556,7838,15394
20210531,6호선,신당,7431,8097,15528
20210531,6호선,청구,3781,4061,7842
20210531,6호선,약수,3467,3555,7022
20210531,6호선,버티고개,2260,2125,4385
20210531,6호선,한강진,6117,7111,13228
20210531,6호선,이태원,8104,8132,16236
20210531,6호선,녹사평,4527,4361,8888
20210531,6호선,삼각지,5594,4873,10467
20210531,6호선,효창공원앞,6881,6183,13064
20210531,6호선,공덕,18421,17656,36077
20210531,6호선,대흥,7889,8179,16068
20210531,6호선,광흥창,8795,8559,17354
20210531,6호선,상수,6740,7531,14271
20210531,6호선,합정,11771,11487,23258
20210531,6호선,망원,12920,13954,26874
20210531,6호선,마포구청,13914,12487,26401
20210531,6호선,월드컵경기장,4260,4416,8676
20210531,6호선,디지털미디어시티,14037,14989,29026
20210531,6호선,증산,9827,9624,19451
20210531,6호선,새절,12862,12017,24879
20210531,6호선,구산,7497,5676,13173
20210531,6호선,독바위,2745,2860,5605
20210531,6호선,불광,4256,4340,8596
20210531,6호선,역촌,3728,4323,8051
20210531,6호선,응암,17585,17237,34822
20210601,6호선,응암,17836,17452,35288
20210601,6호선,역촌,3783,4382,8165
20210601,6호선,불광,4294,4195,8489
20210601,6호선,독바위,2817,2887,5704
20210601,6호선,구산,7523,5679,13202
20210601,6호선,상수,7047,7818,14865
20210601,6호선,새절,13005,12185,25190
20210601,6호선,증산,9978,9762,19740
20210601,6호선,디지털미디어시티,14303,15475,29778
20210601,6호선,월드컵경기장,4422,4584,9006
20210601,6호선,마포구청,14174,12692,26866
20210601,6호선,망원,13393,14356,27749
20210601,6호선,합정,12419,12013,24432
20210601,6호선,광흥창,9022,8718,17740
20210601,6호선,대흥,7964,8347,16311
20210601,6호선,공덕,18651,17810,36461
20210601,6호선,효창공원앞,7042,6379,13421
20210601,6호선,삼각지,6000,5359,11359
20210601,6호선,녹사평,4468,4459,8927
20210601,6호선,이태원,8252,8465,16717
20210601,6호선,한강진,7178,8331,15509
20210601,6호선,버티고개,2182,2130,4312
20210601,6호선,약수,3586,3567,7153
20210601,6호선,청구,3867,4180,8047
20210601,6호선,신당,7905,8443,16348
20210601,6호선,동묘앞,7682,7736,15418
20210601,6호선,창신,3671,2952,6623
20210601,6호선,보문,7186,6680,13866
20210601,6호선,안암,9703,9858,19561
20210601,6호선,고려대,7580,7299,14879
20210601,6호선,월곡,11138,11096,22234
20210601,6호선,상월곡,6370,5730,12100
20210601,6호선,돌곶이,8937,8437,17374
20210601,6호선,석계,12271,12777,25048
20210601,6호선,태릉입구,5347,6052,11399
20210601,6호선,화랑대,11547,9060,20607
20210601,6호선,봉화산,9078,8442,17520
20210602,6호선,응암,17761,17420,35181
20210602,6호선,역촌,3816,4389,8205
20210602,6호선,불광,4529,4513,9042
20210602,6호선,독바위,2837,2979,5816
20210602,6호선,구산,7618,5756,13374
20210602,6호선,새절,13062,12069,25131
20210602,6호선,증산,10002,9885,19887
20210602,6호선,디지털미디어시티,14153,15341,29494
20210602,6호선,월드컵경기장,4547,4695,9242
20210602,6호선,마포구청,14144,12872,27016
20210602,6호선,망원,13588,14664,28252
20210602,6호선,합정,12793,12601,25394
20210602,6호선,상수,7365,8209,15574
20210602,6호선,광흥창,8973,8761,17734
20210602,6호선,대흥,8138,8291,16429
20210602,6호선,공덕,18638,17881,36519
20210602,6호선,효창공원앞,7059,6538,13597
20210602,6호선,삼각지,6079,5299,11378
20210602,6호선,녹사평,4773,4671,9444
20210602,6호선,이태원,8650,8895,17545
20210602,6호선,한강진,8031,9247,17278
20210602,6호선,버티고개,2272,2198,4470
20210602,6호선,약수,3544,3527,7071
20210602,6호선,청구,3836,4187,8023
20210602,6호선,신당,7894,8398,16292
20210602,6호선,동묘앞,7565,7992,15557
20210602,6호선,창신,3643,3003,6646
20210602,6호선,보문,7116,6577,13693
20210602,6호선,안암,9962,10035,19997
20210602,6호선,고려대,7750,7444,15194
20210602,6호선,월곡,11394,11413,22807
20210602,6호선,상월곡,6321,5733,12054
20210602,6호선,돌곶이,9403,8863,18266
20210602,6호선,석계,12461,12824,25285
20210602,6호선,태릉입구,5464,6180,11644
20210602,6호선,화랑대,11818,9125,20943
20210602,6호선,봉화산,8951,8323,17274
20210603,6호선,응암,16974,17078,34052
20210603,6호선,역촌,3744,4395,8139
20210603,6호선,불광,4151,4002,8153
20210603,6호선,독바위,2711,2946,5657
20210603,6호선,구산,7316,5758,13074
20210603,6호선,새절,12609,11989,24598
20210603,6호선,증산,9632,9493,19125
20210603,6호선,디지털미디어시티,13621,15194,28815
20210603,6호선,월드컵경기장,3922,4067,7989
20210603,6호선,마포구청,13991,12984,26975
20210603,6호선,망원,13186,14096,27282
20210603,6호선,합정,11918,11794,23712
20210603,6호선,상수,7348,7964,15312
20210603,6호선,광흥창,8709,8695,17404
20210603,6호선,대흥,7861,8234,16095
20210603,6호선,공덕,18230,17713,35943
20210603,6호선,효창공원앞,6772,6415,13187
20210603,6호선,삼각지,5691,5200,10891
20210603,6호선,녹사평,4438,4370,8808
20210603,6호선,이태원,8087,8251,16338
20210603,6호선,한강진,6940,7970,14910
20210603,6호선,버티고개,2152,2159,4311
20210603,6호선,약수,3465,3499,6964
20210603,6호선,청구,3700,3984,7684
20210603,6호선,신당,8025,8306,16331
20210603,6호선,동묘앞,7106,7541,14647
20210603,6호선,창신,3615,3129,6744
20210603,6호선,보문,6841,6409,13250
20210603,6호선,안암,9733,9651,19384
20210603,6호선,고려대,7443,7304,14747
20210603,6호선,월곡,10822,10917,21739
20210603,6호선,상월곡,6157,5792,11949
20210603,6호선,돌곶이,8980,8328,17308
20210603,6호선,석계,11946,12520,24466
20210603,6호선,태릉입구,5115,5632,10747
20210603,6호선,화랑대,11156,8862,20018
20210603,6호선,봉화산,8724,8122,16846
20210604,6호선,응암,18339,17959,36298
20210604,6호선,역촌,3803,4503,8306
20210604,6호선,불광,4504,4593,9097
20210604,6호선,독바위,2964,2990,5954
20210604,6호선,연신내,1,0,1
20210604,6호선,구산,7924,5745,13669
20210604,6호선,새절,13197,12301,25498
20210604,6호선,증산,10354,10130,20484
20210604,6호선,디지털미디어시티,14223,15030,29253
20210604,6호선,월드컵경기장,5165,5406,10571
20210604,6호선,마포구청,14503,12915,27418
20210604,6호선,망원,14915,16067,30982
20210604,6호선,합정,13906,13558,27464
20210604,6호선,상수,8565,9451,18016
20210604,6호선,광흥창,9183,8875,18058
20210604,6호선,대흥,8417,8489,16906
20210604,6호선,공덕,18744,18595,37339
20210604,6호선,효창공원앞,7205,6656,13861
20210604,6호선,삼각지,6321,5370,11691
20210604,6호선,녹사평,5438,5492,10930
20210604,6호선,이태원,10393,11111,21504
20210604,6호선,한강진,7967,9468,17435
20210604,6호선,버티고개,2331,2197,4528
20210604,6호선,약수,3674,3877,7551
20210604,6호선,청구,4006,4139,8145
20210604,6호선,신당,8200,8595,16795
20210604,6호선,동묘앞,8348,8273,16621
20210604,6호선,창신,3655,2914,6569
20210604,6호선,보문,7552,6861,14413
20210604,6호선,안암,10564,10396,20960
20210604,6호선,고려대,8067,7569,15636
20210604,6호선,월곡,11437,11219,22656
20210604,6호선,상월곡,6535,5722,12257
20210604,6호선,돌곶이,9429,8702,18131
20210604,6호선,석계,12633,12840,25473
20210604,6호선,태릉입구,5552,6368,11920
20210604,6호선,화랑대,11894,9205,21099
20210604,6호선,봉화산,9051,8358,17409
20210607,6호선,청구,3741,4036,7777
20210607,6호선,신당,7220,7996,15216
20210607,6호선,동묘앞,7468,7738,15206
20210607,6호선,창신,3625,3041,6666
20210607,6호선,보문,6784,6414,13198
20210607,6호선,안암,8968,9172,18140
20210607,6호선,고려대,7252,7044,14296
20210607,6호선,월곡,11019,11049,22068
20210607,6호선,상월곡,6187,5600,11787
20210607,6호선,돌곶이,9520,8953,18473
20210607,6호선,석계,11966,12265,24231
20210607,6호선,태릉입구,5116,5759,10875
20210607,6호선,화랑대,11194,8843,20037
20210607,6호선,봉화산,8748,8165,16913
20210607,6호선,응암,17304,17099,34403
20210607,6호선,역촌,3757,4304,8061
20210607,6호선,불광,4090,4002,8092
20210607,6호선,독바위,2712,2899,5611
20210607,6호선,구산,7430,5722,13152
20210607,6호선,새절,12881,11955,24836
20210607,6호선,증산,9833,9829,19662
20210607,6호선,디지털미디어시티,13821,15159,28980
20210607,6호선,월드컵경기장,4252,4478,8730
20210607,6호선,마포구청,13708,12461,26169
20210607,6호선,망원,12719,13792,26511
20210607,6호선,합정,11700,11622,23322
20210607,6호선,상수,6952,7502,14454
20210607,6호선,광흥창,8840,8555,17395
20210607,6호선,대흥,7776,7992,15768
20210607,6호선,공덕,18223,17574,35797
20210607,6호선,효창공원앞,6861,6237,13098
20210607,6호선,삼각지,5540,4881,10421
20210607,6호선,녹사평,4225,4068,8293
20210607,6호선,이태원,8045,8171,16216
20210607,6호선,한강진,6033,7051,13084
20210607,6호선,버티고개,2169,2069,4238
20210607,6호선,약수,3463,3574,7037
20210608,6호선,광흥창,8998,8693,17691
20210608,6호선,공덕,18738,18001,36739
20210608,6호선,효창공원앞,7090,6423,13513
20210608,6호선,삼각지,6027,5247,11274
20210608,6호선,녹사평,4470,4420,8890
20210608,6호선,이태원,8387,8628,17015
20210608,6호선,한강진,7221,8344,15565
20210608,6호선,버티고개,2087,2053,4140
20210608,6호선,약수,3494,3562,7056
20210608,6호선,청구,3800,4073,7873
20210608,6호선,신당,7762,8219,15981
20210608,6호선,동묘앞,7617,7921,15538
20210608,6호선,창신,3662,2917,6579
20210608,6호선,보문,6959,6559,13518
20210608,6호선,안암,9838,9899,19737
20210608,6호선,고려대,7539,7204,14743
20210608,6호선,월곡,11026,11092,22118
20210608,6호선,상월곡,6243,5679,11922
20210608,6호선,돌곶이,9205,8649,17854
20210608,6호선,석계,12285,12590,24875
20210608,6호선,태릉입구,5220,5800,11020
20210608,6호선,화랑대,11552,9247,20799
20210608,6호선,봉화산,8939,8345,17284
20210608,6호선,응암,17715,17345,35060
20210608,6호선,역촌,3788,4456,8244
20210608,6호선,불광,4144,4247,8391
20210608,6호선,독바위,2819,2942,5761
20210608,6호선,구산,7600,5745,13345
20210608,6호선,새절,12969,11988,24957
20210608,6호선,증산,9917,9863,19780
20210608,6호선,디지털미디어시티,14057,15334,29391
20210608,6호선,월드컵경기장,4546,4759,9305
20210608,6호선,마포구청,14231,12837,27068
20210608,6호선,망원,13302,14423,27725
20210608,6호선,합정,12401,12014,24415
20210608,6호선,상수,7919,8727,16646
20210608,6호선,대흥,7908,8201,16109
20210609,6호선,응암,17935,17657,35592
20210609,6호선,역촌,3813,4406,8219
20210609,6호선,불광,4437,4452,8889
20210609,6호선,독바위,2831,2997,5828
20210609,6호선,구산,7692,5847,13539
20210609,6호선,새절,13101,12359,25460
20210609,6호선,증산,10075,9933,20008
20210609,6호선,디지털미디어시티,14104,15327,29431
20210609,6호선,월드컵경기장,4564,4912,9476
20210609,6호선,마포구청,14274,12829,27103
20210609,6호선,망원,13581,14628,28209
20210609,6호선,합정,12482,12541,25023
20210609,6호선,상수,8212,8841,17053
20210609,6호선,광흥창,8905,8738,17643
20210609,6호선,대흥,8129,8244,16373
20210609,6호선,공덕,18597,17994,36591
20210609,6호선,효창공원앞,7188,6486,13674
20210609,6호선,삼각지,5956,5171,11127
20210609,6호선,녹사평,4737,4692,9429
20210609,6호선,이태원,8709,8984,17693
20210609,6호선,한강진,8048,9199,17247
20210609,6호선,버티고개,2081,2092,4173
20210609,6호선,약수,3609,3557,7166
20210609,6호선,청구,3837,4083,7920
20210609,6호선,신당,7832,8317,16149
20210609,6호선,동묘앞,7569,7780,15349
20210609,6호선,창신,3754,3159,6913
20210609,6호선,보문,7019,6471,13490
20210609,6호선,안암,9805,9911,19716
20210609,6호선,고려대,7685,7312,14997
20210609,6호선,월곡,11053,11049,22102
20210609,6호선,상월곡,6298,5671,11969
20210609,6호선,돌곶이,9300,8833,18133
20210609,6호선,석계,12509,12799,25308
20210609,6호선,태릉입구,5336,5930,11266
20210609,6호선,화랑대,11497,9012,20509
20210609,6호선,봉화산,9002,8345,17347
20210610,6호선,역촌,3877,4631,8508
20210610,6호선,응암,17698,17541,35239
20210610,6호선,봉화산,8998,8509,17507
20210610,6호선,화랑대,11643,9274,20917
20210610,6호선,태릉입구,5349,5876,11225
20210610,6호선,석계,12338,12846,25184
20210610,6호선,돌곶이,9453,8823,18276
20210610,6호선,상월곡,6334,5906,12240
20210610,6호선,월곡,11320,11190,22510
20210610,6호선,고려대,7929,7697,15626
20210610,6호선,안암,10188,10055,20243
20210610,6호선,보문,7027,6745,13772
20210610,6호선,창신,3709,3156,6865
20210610,6호선,동묘앞,7659,8014,15673
20210610,6호선,신당,7941,8467,16408
20210610,6호선,청구,3900,4163,8063
20210610,6호선,약수,3670,3630,7300
20210610,6호선,버티고개,2033,2124,4157
20210610,6호선,한강진,7370,8489,15859
20210610,6호선,이태원,8823,8934,17757
20210610,6호선,녹사평,4845,4688,9533
20210610,6호선,삼각지,6007,5332,11339
20210610,6호선,효창공원앞,7026,6471,13497
20210610,6호선,공덕,18847,17953,36800
20210610,6호선,대흥,8112,8474,16586
20210610,6호선,광흥창,8984,8730,17714
20210610,6호선,상수,8632,9380,18012
20210610,6호선,합정,12655,12393,25048
20210610,6호선,망원,13533,14613,28146
20210610,6호선,마포구청,14291,13034,27325
20210610,6호선,월드컵경기장,4670,4891,9561
20210610,6호선,디지털미디어시티,13677,15088,28765
20210610,6호선,증산,9983,10023,20006
20210610,6호선,새절,13101,12353,25454
20210610,6호선,구산,7529,5948,13477
20210610,6호선,독바위,2823,3083,5906
20210610,6호선,불광,4175,4217,8392
20210611,6호선,신내,2,0,2
20210611,6호선,봉화산,8726,8190,16916
20210611,6호선,화랑대,11359,8938,20297
20210611,6호선,태릉입구,5389,5852,11241
20210611,6호선,석계,12101,12347,24448
20210611,6호선,돌곶이,9206,8577,17783
20210611,6호선,상월곡,6307,5522,11829
20210611,6호선,월곡,11029,10873,21902
20210611,6호선,고려대,7813,7222,15035
20210611,6호선,안암,9864,9646,19510
20210611,6호선,보문,7359,6674,14033
20210611,6호선,창신,3575,2843,6418
20210611,6호선,동묘앞,7644,7850,15494
20210611,6호선,신당,8007,8154,16161
20210611,6호선,청구,3753,4068,7821
20210611,6호선,약수,3594,3620,7214
20210611,6호선,버티고개,2108,2045,4153
20210611,6호선,한강진,7636,8836,16472
20210611,6호선,이태원,9932,10669,20601
20210611,6호선,녹사평,5099,5110,10209
20210611,6호선,삼각지,5963,5171,11134
20210611,6호선,효창공원앞,6948,6151,13099
20210611,6호선,공덕,18531,17918,36449
20210611,6호선,대흥,8009,8158,16167
20210611,6호선,광흥창,8778,8491,17269
20210611,6호선,상수,8495,9764,18259
20210611,6호선,합정,13181,12948,26129
20210611,6호선,망원,13542,14806,28348
20210611,6호선,마포구청,14044,12384,26428
20210611,6호선,월드컵경기장,4931,5117,10048
20210611,6호선,디지털미디어시티,13527,14343,27870
20210611,6호선,증산,9994,9538,19532
20210611,6호선,새절,12651,11785,24436
20210611,6호선,구산,7688,5556,13244
20210611,6호선,독바위,2679,2706,5385
20210611,6호선,불광,4331,4213,8544
20210611,6호선,역촌,3731,4318,8049
20210611,6호선,응암,17435,16972,34407
20210614,6호선,봉화산,8816,8148,16964
20210614,6호선,화랑대,11369,9057,20426
20210614,6호선,태릉입구,5207,5776,10983
20210614,6호선,석계,12116,12490,24606
20210614,6호선,돌곶이,9045,8637,17682
20210614,6호선,상월곡,6293,5658,11951
20210614,6호선,월곡,11140,11010,22150
20210614,6호선,고려대,7729,7428,15157
20210614,6호선,안암,9974,10227,20201
20210614,6호선,보문,6893,6461,13354
20210614,6호선,창신,3614,2952,6566
20210614,6호선,동묘앞,7522,7782,15304
20210614,6호선,신당,7435,8053,15488
20210614,6호선,청구,3697,4017,7714
20210614,6호선,약수,3610,3506,7116
20210614,6호선,버티고개,2032,2023,4055
20210614,6호선,한강진,6133,7192,13325
20210614,6호선,이태원,8502,8732,17234
20210614,6호선,녹사평,4442,4241,8683
20210614,6호선,삼각지,5538,4846,10384
20210614,6호선,효창공원앞,6866,6211,13077
20210614,6호선,공덕,18277,17616,35893
20210614,6호선,대흥,7841,8131,15972
20210614,6호선,광흥창,8938,8686,17624
20210614,6호선,상수,7760,8558,16318
20210614,6호선,합정,11962,11503,23465
20210614,6호선,망원,12973,14054,27027
20210614,6호선,마포구청,13913,12657,26570
20210614,6호선,월드컵경기장,4475,4633,9108
20210614,6호선,디지털미디어시티,13870,15167,29037
20210614,6호선,증산,9812,9763,19575
20210614,6호선,새절,12844,11988,24832
20210614,6호선,구산,7572,5827,13399
20210614,6호선,연신내,1,0,1
20210614,6호선,독바위,2779,2939,5718
20210614,6호선,불광,4270,4310,8580
20210614,6호선,역촌,3859,4339,8198
20210614,6호선,응암,17278,17267,34545
20210615,6호선,삼각지,5710,5079,10789
20210615,6호선,효창공원앞,6950,6298,13248
20210615,6호선,공덕,18341,17576,35917
20210615,6호선,대흥,7840,8080,15920
20210615,6호선,광흥창,8857,8454,17311
20210615,6호선,상수,7560,8286,15846
20210615,6호선,합정,12175,12122,24297
20210615,6호선,망원,13231,14335,27566
20210615,6호선,마포구청,13952,12702,26654
20210615,6호선,월드컵경기장,4070,4343,8413
20210615,6호선,디지털미디어시티,14038,15147,29185
20210615,6호선,증산,9988,9662,19650
20210615,6호선,새절,13126,12277,25403
20210615,6호선,구산,7587,5714,13301
20210615,6호선,연신내,1,0,1
20210615,6호선,독바위,2751,2822,5573
20210615,6호선,불광,4090,4090,8180
20210615,6호선,역촌,3666,4318,7984
20210615,6호선,응암,17389,17106,34495
20210615,6호선,봉화산,8817,8166,16983
20210615,6호선,화랑대,11580,9204,20784
20210615,6호선,태릉입구,5219,5933,11152
20210615,6호선,석계,12274,12434,24708
20210615,6호선,돌곶이,9141,8485,17626
20210615,6호선,상월곡,6258,5677,11935
20210615,6호선,월곡,10909,10808,21717
20210615,6호선,고려대,8095,7755,15850
20210615,6호선,안암,11333,11374,22707
20210615,6호선,보문,7123,6612,13735
20210615,6호선,창신,3643,3043,6686
20210615,6호선,동묘앞,7391,7584,14975
20210615,6호선,신당,7702,8317,16019
20210615,6호선,청구,3742,4098,7840
20210615,6호선,약수,3610,3510,7120
20210615,6호선,버티고개,2031,2111,4142
20210615,6호선,한강진,7106,8283,15389
20210615,6호선,이태원,8477,8895,17372
20210615,6호선,녹사평,4627,4482,9109
20210616,6호선,봉화산,9056,8452,17508
20210616,6호선,화랑대,11893,9297,21190
20210616,6호선,태릉입구,5346,6025,11371
20210616,6호선,석계,12588,12862,25450
20210616,6호선,돌곶이,9309,8808,18117
20210616,6호선,상월곡,6372,5827,12199
20210616,6호선,월곡,11377,11291,22668
20210616,6호선,고려대,8359,8082,16441
20210616,6호선,안암,12063,11917,23980
20210616,6호선,보문,7233,6798,14031
20210616,6호선,창신,3813,3085,6898
20210616,6호선,동묘앞,7958,8067,16025
20210616,6호선,신당,7938,8289,16227
20210616,6호선,청구,3885,4228,8113
20210616,6호선,약수,3655,3566,7221
20210616,6호선,버티고개,2138,2140,4278
20210616,6호선,한강진,8098,9351,17449
20210616,6호선,이태원,9207,9537,18744
20210616,6호선,녹사평,4961,4875,9836
20210616,6호선,삼각지,6167,5290,11457
20210616,6호선,효창공원앞,7164,6574,13738
20210616,6호선,공덕,18713,17692,36405
20210616,6호선,대흥,7949,8325,16274
20210616,6호선,광흥창,9206,8766,17972
20210616,6호선,상수,7994,8913,16907
20210616,6호선,합정,13259,12756,26015
20210616,6호선,망원,13868,15249,29117
20210616,6호선,마포구청,14410,12913,27323
20210616,6호선,월드컵경기장,4723,5005,9728
20210616,6호선,디지털미디어시티,13887,15197,29084
20210616,6호선,증산,10127,10087,20214
20210616,6호선,새절,13216,12492,25708
20210616,6호선,구산,7769,5778,13547
20210616,6호선,연신내,1,0,1
20210616,6호선,독바위,2890,3070,5960
20210616,6호선,불광,4877,4771,9648
20210616,6호선,역촌,3819,4473,8292
20210616,6호선,응암,17824,17526,35350
20210617,6호선,봉화산,8982,8431,17413
20210617,6호선,화랑대,11815,9302,21117
20210617,6호선,태릉입구,5414,5970,11384
20210617,6호선,석계,12201,12536,24737
20210617,6호선,돌곶이,9112,8516,17628
20210617,6호선,상월곡,6344,5782,12126
20210617,6호선,월곡,11134,11159,22293
20210617,6호선,고려대,8140,7885,16025
20210617,6호선,안암,11935,11624,23559
20210617,6호선,보문,7156,6642,13798
20210617,6호선,창신,3704,3029,6733
20210617,6호선,동묘앞,7817,7859,15676
20210617,6호선,신당,8054,8374,16428
20210617,6호선,청구,3989,4185,8174
20210617,6호선,약수,3678,3581,7259
20210617,6호선,버티고개,2034,2129,4163
20210617,6호선,한강진,7553,8851,16404
20210617,6호선,이태원,9517,9792,19309
20210617,6호선,녹사평,4926,4824,9750
20210617,6호선,삼각지,6121,5349,11470
20210617,6호선,효창공원앞,6945,6412,13357
20210617,6호선,공덕,18682,18031,36713
20210617,6호선,대흥,7906,8365,16271
20210617,6호선,광흥창,8882,8716,17598
20210617,6호선,상수,8250,8949,17199
20210617,6호선,합정,12749,12619,25368
20210617,6호선,망원,14008,15135,29143
20210617,6호선,마포구청,14244,12931,27175
20210617,6호선,월드컵경기장,4643,4798,9441
20210617,6호선,디지털미디어시티,13919,15372,29291
20210617,6호선,증산,10147,9960,20107
20210617,6호선,새절,13354,12443,25797
20210617,6호선,구산,7603,5788,13391
20210617,6호선,독바위,2761,2991,5752
20210617,6호선,불광,4507,4539,9046
20210617,6호선,역촌,3885,4423,8308
20210617,6호선,응암,17884,17538,35422
20210618,6호선,응암,17662,17248,34910
20210618,6호선,역촌,3831,4386,8217
20210618,6호선,불광,4333,4381,8714
20210618,6호선,독바위,2754,2747,5501
20210618,6호선,구산,7786,5623,13409
20210618,6호선,새절,13207,12222,25429
20210618,6호선,증산,10147,9714,19861
20210618,6호선,디지털미디어시티,13617,14683,28300
20210618,6호선,월드컵경기장,4277,4629,8906
20210618,6호선,마포구청,14323,12633,26956
20210618,6호선,망원,14562,15921,30483
20210618,6호선,합정,13690,13454,27144
20210618,6호선,상수,8604,9723,18327
20210618,6호선,광흥창,9027,8661,17688
20210618,6호선,대흥,8284,8327,16611
20210618,6호선,공덕,18785,17953,36738
20210618,6호선,효창공원앞,7032,6230,13262
20210618,6호선,삼각지,6161,5289,11450
20210618,6호선,녹사평,5450,5312,10762
20210618,6호선,이태원,10613,11271,21884
20210618,6호선,한강진,8752,10248,19000
20210618,6호선,버티고개,2062,2065,4127
20210618,6호선,약수,3741,3577,7318
20210618,6호선,청구,3856,4119,7975
20210618,6호선,신당,8016,8389,16405
20210618,6호선,동묘앞,7548,7791,15339
20210618,6호선,창신,3708,2863,6571
20210618,6호선,보문,7339,6574,13913
20210618,6호선,안암,10956,10893,21849
20210618,6호선,고려대,7985,7624,15609
20210618,6호선,월곡,11296,10899,22195
20210618,6호선,상월곡,6341,5566,11907
20210618,6호선,돌곶이,9155,8635,17790
20210618,6호선,석계,12282,12403,24685
20210618,6호선,태릉입구,5358,5978,11336
20210618,6호선,화랑대,11657,9077,20734
20210618,6호선,봉화산,8884,8110,16994
20210621,6호선,효창공원앞,7078,6403,13481
20210621,6호선,응암,17642,17375,35017
20210621,6호선,역촌,3835,4524,8359
20210621,6호선,불광,4328,4207,8535
20210621,6호선,독바위,2874,2916,5790
20210621,6호선,구산,7772,5775,13547
20210621,6호선,새절,13173,12308,25481
20210621,6호선,증산,10086,9887,19973
20210621,6호선,디지털미디어시티,14173,15314,29487
20210621,6호선,월드컵경기장,4381,4767,9148
20210621,6호선,마포구청,14251,12915,27166
20210621,6호선,망원,13552,14685,28237
20210621,6호선,합정,12494,12345,24839
20210621,6호선,상수,7665,8359,16024
20210621,6호선,광흥창,9007,8668,17675
20210621,6호선,대흥,8043,8324,16367
20210621,6호선,공덕,18748,18153,36901
20210621,6호선,삼각지,5737,4990,10727
20210621,6호선,녹사평,4823,4641,9464
20210621,6호선,이태원,9353,9551,18904
20210621,6호선,한강진,6503,7741,14244
20210621,6호선,버티고개,2049,2162,4211
20210621,6호선,약수,3765,3689,7454
20210621,6호선,청구,3943,4097,8040
20210621,6호선,신당,7507,8115,15622
20210621,6호선,동묘앞,7812,8053,15865
20210621,6호선,창신,3659,2966,6625
20210621,6호선,보문,7125,6553,13678
20210621,6호선,안암,11652,11654,23306
20210621,6호선,고려대,8060,7855,15915
20210621,6호선,월곡,11428,11499,22927
20210621,6호선,상월곡,6292,5610,11902
20210621,6호선,돌곶이,9192,8659,17851
20210621,6호선,석계,12215,12556,24771
20210621,6호선,태릉입구,5397,5964,11361
20210621,6호선,화랑대,11741,9100,20841
20210621,6호선,봉화산,9153,8471,17624
20210621,6호선,신내,2,0,2
20210622,6호선,응암,17830,17656,35486
20210622,6호선,역촌,3865,4522,8387
20210622,6호선,불광,4378,4411,8789
20210622,6호선,독바위,2887,2988,5875
20210622,6호선,연신내,4,0,4
20210622,6호선,구산,7825,5902,13727
20210622,6호선,새절,13053,12055,25108
20210622,6호선,증산,10025,9947,19972
20210622,6호선,디지털미디어시티,14190,15517,29707
20210622,6호선,월드컵경기장,4438,4782,9220
20210622,6호선,마포구청,14709,13324,28033
20210622,6호선,망원,14082,15433,29515
20210622,6호선,합정,13162,12662,25824
20210622,6호선,상수,8061,8805,16866
20210622,6호선,광흥창,9210,8930,18140
20210622,6호선,대흥,8231,8523,16754
20210622,6호선,공덕,18956,18253,37209
20210622,6호선,효창공원앞,7158,6503,13661
20210622,6호선,삼각지,6305,5638,11943
20210622,6호선,녹사평,5028,4802,9830
20210622,6호선,이태원,9189,9509,18698
20210622,6호선,한강진,7706,8886,16592
20210622,6호선,버티고개,2043,2135,4178
20210622,6호선,약수,3789,3597,7386
20210622,6호선,청구,3972,4145,8117
20210622,6호선,신당,8087,8487,16574
20210622,6호선,동묘앞,7916,8035,15951
20210622,6호선,창신,3737,3024,6761
20210622,6호선,보문,7206,6810,14016
20210622,6호선,안암,10381,10112,20493
20210622,6호선,고려대,8213,7708,15921
20210622,6호선,월곡,11372,11324,22696
20210622,6호선,상월곡,6316,5781,12097
20210622,6호선,돌곶이,9351,8628,17979
20210622,6호선,석계,12310,12764,25074
20210622,6호선,태릉입구,5501,6172,11673
20210622,6호선,화랑대,11864,9224,21088
20210622,6호선,봉화산,9203,8629,17832
20210623,6호선,응암,17891,17543,35434
20210623,6호선,역촌,3787,4584,8371
20210623,6호선,불광,4553,4426,8979
20210623,6호선,독바위,2796,2923,5719
20210623,6호선,구산,7646,5759,13405
20210623,6호선,새절,13150,12339,25489
20210623,6호선,증산,10163,10050,20213
20210623,6호선,디지털미디어시티,14305,15538,29843
20210623,6호선,월드컵경기장,4648,4881,9529
20210623,6호선,마포구청,14532,13235,27767
20210623,6호선,망원,14244,15385,29629
20210623,6호선,합정,13341,12910,26251
20210623,6호선,상수,7816,8761,16577
20210623,6호선,광흥창,9337,8999,18336
20210623,6호선,대흥,8236,8536,16772
20210623,6호선,공덕,19007,18413,37420
20210623,6호선,효창공원앞,7084,6444,13528
20210623,6호선,삼각지,6360,5558,11918
20210623,6호선,녹사평,5068,4926,9994
20210623,6호선,이태원,9378,9730,19108
20210623,6호선,한강진,8211,9412,17623
20210623,6호선,버티고개,1974,2140,4114
20210623,6호선,약수,3753,3636,7389
20210623,6호선,청구,4010,4164,8174
20210623,6호선,신당,8080,8600,16680
20210623,6호선,동묘앞,8058,8177,16235
20210623,6호선,창신,3673,2982,6655
20210623,6호선,보문,7153,6594,13747
20210623,6호선,안암,10090,10019,20109
20210623,6호선,고려대,8167,7776,15943
20210623,6호선,월곡,11449,11350,22799
20210623,6호선,상월곡,6346,5753,12099
20210623,6호선,돌곶이,9302,8931,18233
20210623,6호선,석계,12373,12670,25043
20210623,6호선,태릉입구,5458,5981,11439
20210623,6호선,화랑대,11612,9063,20675
20210623,6호선,봉화산,9240,8638,17878
20210624,6호선,응암,17968,17683,35651
20210624,6호선,역촌,3983,4586,8569
20210624,6호선,불광,4334,4384,8718
20210624,6호선,독바위,2836,2999,5835
20210624,6호선,연신내,1,0,1
20210624,6호선,구산,7704,5710,13414
20210624,6호선,새절,13117,12261,25378
20210624,6호선,증산,10193,10071,20264
20210624,6호선,디지털미디어시티,14203,15610,29813
20210624,6호선,월드컵경기장,4849,5072,9921
20210624,6호선,마포구청,14485,13144,27629
20210624,6호선,망원,14693,15716,30409
20210624,6호선,합정,13347,13081,26428
20210624,6호선,상수,8167,8982,17149
20210624,6호선,광흥창,9250,8763,18013
20210624,6호선,대흥,8141,8478,16619
20210624,6호선,공덕,19220,18404,37624
20210624,6호선,효창공원앞,7325,6543,13868
20210624,6호선,삼각지,6523,5704,12227
20210624,6호선,녹사평,5371,5250,10621
20210624,6호선,이태원,9693,9955,19648
20210624,6호선,한강진,7921,9207,17128
20210624,6호선,버티고개,2015,2138,4153
20210624,6호선,약수,3784,3727,7511
20210624,6호선,청구,3948,4187,8135
20210624,6호선,신당,7965,8496,16461
20210624,6호선,동묘앞,8200,8309,16509
20210624,6호선,창신,3630,2951,6581
20210624,6호선,보문,7260,6659,13919
20210624,6호선,안암,10196,10066,20262
20210624,6호선,고려대,8114,7729,15843
20210624,6호선,월곡,11276,11270,22546
20210624,6호선,상월곡,6301,5756,12057
20210624,6호선,돌곶이,9743,8985,18728
20210624,6호선,석계,12398,12576,24974
20210624,6호선,태릉입구,5492,6002,11494
20210624,6호선,화랑대,11803,9025,20828
20210624,6호선,봉화산,9098,8478,17576
20210625,6호선,봉화산,9213,8504,17717
20210625,6호선,화랑대,11975,9275,21250
20210625,6호선,태릉입구,5626,6240,11866
20210625,6호선,석계,12709,13115,25824
20210625,6호선,돌곶이,9439,8713,18152
20210625,6호선,상월곡,6515,5677,12192
20210625,6호선,월곡,11743,11460,23203
20210625,6호선,고려대,8387,7810,16197
20210625,6호선,안암,10604,10383,20987
20210625,6호선,보문,7697,7000,14697
20210625,6호선,창신,3815,3091,6906
20210625,6호선,동묘앞,8533,8643,17176
20210625,6호선,신당,8510,8793,17303
20210625,6호선,청구,3930,4197,8127
20210625,6호선,약수,3962,3870,7832
20210625,6호선,버티고개,2078,2144,4222
20210625,6호선,한강진,8682,10128,18810
20210625,6호선,이태원,11198,11981,23179
20210625,6호선,녹사평,5849,5927,11776
20210625,6호선,삼각지,7059,6096,13155
20210625,6호선,효창공원앞,7342,6511,13853
20210625,6호선,공덕,19288,18903,38191
20210625,6호선,대흥,8345,8563,16908
20210625,6호선,광흥창,9341,8839,18180
20210625,6호선,상수,8817,10208,19025
20210625,6호선,합정,14364,14129,28493
20210625,6호선,망원,15297,16982,32279
20210625,6호선,마포구청,14829,13061,27890
20210625,6호선,월드컵경기장,4850,5195,10045
20210625,6호선,디지털미디어시티,14389,15271,29660
20210625,6호선,증산,10269,10081,20350
20210625,6호선,새절,13372,12406,25778
20210625,6호선,구산,7877,5718,13595
20210625,6호선,연신내,1,0,1
20210625,6호선,독바위,2850,2963,5813
20210625,6호선,불광,4655,4562,9217
20210625,6호선,역촌,4012,4697,8709
20210625,6호선,응암,18529,17960,36489
20210628,6호선,봉화산,9107,8465,17572
20210628,6호선,화랑대,11494,8958,20452
20210628,6호선,태릉입구,5351,5944,11295
20210628,6호선,석계,12047,12584,24631
20210628,6호선,돌곶이,9005,8462,17467
20210628,6호선,상월곡,6270,5705,11975
20210628,6호선,월곡,11477,11360,22837
20210628,6호선,고려대,7851,7489,15340
20210628,6호선,안암,9954,10144,20098
20210628,6호선,보문,7039,6568,13607
20210628,6호선,창신,3565,2991,6556
20210628,6호선,동묘앞,7595,7798,15393
20210628,6호선,신당,7921,8549,16470
20210628,6호선,청구,3823,3948,7771
20210628,6호선,약수,3739,3740,7479
20210628,6호선,버티고개,1921,1867,3788
20210628,6호선,한강진,6410,7577,13987
20210628,6호선,이태원,8845,8904,17749
20210628,6호선,녹사평,4763,4477,9240
20210628,6호선,삼각지,5674,5001,10675
20210628,6호선,효창공원앞,6853,6093,12946
20210628,6호선,공덕,18506,17699,36205
20210628,6호선,대흥,7935,8170,16105
20210628,6호선,광흥창,8951,8722,17673
20210628,6호선,상수,7459,8444,15903
20210628,6호선,합정,12288,11955,24243
20210628,6호선,망원,13304,14330,27634
20210628,6호선,마포구청,14093,12775,26868
20210628,6호선,월드컵경기장,4218,4383,8601
20210628,6호선,디지털미디어시티,14001,15206,29207
20210628,6호선,증산,9879,9674,19553
20210628,6호선,새절,12845,12013,24858
20210628,6호선,구산,7496,5740,13236
20210628,6호선,독바위,2783,2890,5673
20210628,6호선,불광,3919,4093,8012
20210628,6호선,역촌,3887,4414,8301
20210628,6호선,응암,17636,17462,35098
20210629,6호선,신내,1,0,1
20210629,6호선,봉화산,9072,8544,17616
20210629,6호선,화랑대,11540,9076,20616
20210629,6호선,태릉입구,5419,6032,11451
20210629,6호선,석계,12394,12662,25056
20210629,6호선,돌곶이,9073,8461,17534
20210629,6호선,상월곡,6445,5722,12167
20210629,6호선,월곡,11262,11310,22572
20210629,6호선,고려대,8020,7619,15639
20210629,6호선,안암,10135,10149,20284
20210629,6호선,보문,7277,6795,14072
20210629,6호선,창신,3799,3048,6847
20210629,6호선,동묘앞,7635,7829,15464
20210629,6호선,신당,8755,9057,17812
20210629,6호선,청구,3868,4091,7959
20210629,6호선,약수,3809,3803,7612
20210629,6호선,버티고개,1898,1684,3582
20210629,6호선,한강진,7988,9112,17100
20210629,6호선,이태원,8872,9301,18173
20210629,6호선,녹사평,4871,4714,9585
20210629,6호선,삼각지,6382,5654,12036
20210629,6호선,효창공원앞,7179,6489,13668
20210629,6호선,공덕,19010,18352,37362
20210629,6호선,대흥,8358,8536,16894
20210629,6호선,광흥창,9272,8894,18166
20210629,6호선,상수,7759,8615,16374
20210629,6호선,합정,13309,12738,26047
20210629,6호선,망원,14074,15207,29281
20210629,6호선,마포구청,14463,13291,27754
20210629,6호선,월드컵경기장,4566,4677,9243
20210629,6호선,디지털미디어시티,14155,15583,29738
20210629,6호선,증산,10135,10120,20255
20210629,6호선,새절,12944,12103,25047
20210629,6호선,구산,7691,5932,13623
20210629,6호선,연신내,2,0,2
20210629,6호선,독바위,2820,2993,5813
20210629,6호선,불광,4469,4412,8881
20210629,6호선,역촌,3897,4628,8525
20210629,6호선,응암,17948,17813,35761
20210630,6호선,봉화산,9052,8452,17504
20210630,6호선,화랑대,11634,9025,20659
20210630,6호선,태릉입구,5380,6083,11463
20210630,6호선,석계,12382,12761,25143
20210630,6호선,돌곶이,9217,8689,17906
20210630,6호선,상월곡,6370,5776,12146
20210630,6호선,월곡,11368,11349,22717
20210630,6호선,고려대,7935,7638,15573
20210630,6호선,안암,9928,10019,19947
20210630,6호선,보문,7300,6751,14051
20210630,6호선,창신,3762,3004,6766
20210630,6호선,동묘앞,7636,7876,15512
20210630,6호선,신당,8756,9206,17962
20210630,6호선,청구,3976,4172,8148
20210630,6호선,약수,3772,3759,7531
20210630,6호선,버티고개,1929,1829,3758
20210630,6호선,한강진,8373,9617,17990
20210630,6호선,이태원,8891,9166,18057
20210630,6호선,녹사평,5132,4785,9917
20210630,6호선,삼각지,6358,5469,11827
20210630,6호선,효창공원앞,7174,6470,13644
20210630,6호선,공덕,18767,18056,36823
20210630,6호선,대흥,8345,8468,16813
20210630,6호선,광흥창,9328,8920,18248
20210630,6호선,상수,7797,8466,16263
20210630,6호선,합정,12926,12772,25698
20210630,6호선,망원,14087,15048,29135
20210630,6호선,마포구청,14444,13027,27471
20210630,6호선,월드컵경기장,4455,4687,9142
20210630,6호선,디지털미디어시티,13908,15426,29334
20210630,6호선,증산,10148,10018,20166
20210630,6호선,새절,13013,12147,25160
20210630,6호선,구산,7706,5793,13499
20210630,6호선,연신내,1,0,1
20210630,6호선,독바위,2763,2941,5704
20210630,6호선,불광,4664,4698,9362
20210630,6호선,역촌,3855,4392,8247
20210630,6호선,응암,17817,17714,35531
20210701,6호선,신내,1,0,1
20210701,6호선,봉화산,9110,8416,17526
20210701,6호선,화랑대,11633,9056,20689
20210701,6호선,태릉입구,5468,6088,11556
20210701,6호선,석계,12365,12545,24910
20210701,6호선,돌곶이,9618,8994,18612
20210701,6호선,상월곡,6490,5871,12361
20210701,6호선,월곡,11309,11422,22731
20210701,6호선,고려대,8064,7700,15764
20210701,6호선,안암,10058,10083,20141
20210701,6호선,보문,7364,6676,14040
20210701,6호선,창신,3797,3112,6909
20210701,6호선,동묘앞,7813,8070,15883
20210701,6호선,신당,8884,9104,17988
20210701,6호선,청구,3903,4100,8003
20210701,6호선,약수,3820,3715,7535
20210701,6호선,버티고개,1996,1970,3966
20210701,6호선,한강진,8053,9437,17490
20210701,6호선,이태원,9127,9385,18512
20210701,6호선,녹사평,5194,5046,10240
20210701,6호선,삼각지,6392,5527,11919
20210701,6호선,효창공원앞,7187,6521,13708
20210701,6호선,공덕,18786,18243,37029
20210701,6호선,대흥,8428,8633,17061
20210701,6호선,광흥창,9213,8821,18034
20210701,6호선,상수,7897,8794,16691
20210701,6호선,합정,13040,12727,25767
20210701,6호선,망원,14397,15551,29948
20210701,6호선,마포구청,14537,13148,27685
20210701,6호선,월드컵경기장,4687,4994,9681
20210701,6호선,디지털미디어시티,14083,15286,29369
20210701,6호선,증산,10095,10023,20118
20210701,6호선,새절,13058,12106,25164
20210701,6호선,구산,7854,5849,13703
20210701,6호선,독바위,2886,3076,5962
20210701,6호선,불광,4445,4327,8772
20210701,6호선,역촌,3976,4463,8439
20210701,6호선,응암,17909,17613,35522
20210702,6호선,봉화산,9082,8520,17602
20210702,6호선,화랑대,11791,9157,20948
20210702,6호선,태릉입구,5473,6141,11614
20210702,6호선,석계,12417,12652,25069
20210702,6호선,돌곶이,9334,8560,17894
20210702,6호선,상월곡,6530,5761,12291
20210702,6호선,월곡,11744,11623,23367
20210702,6호선,고려대,8222,7689,15911
20210702,6호선,안암,10441,10352,20793
20210702,6호선,보문,7627,6885,14512
20210702,6호선,창신,3735,3018,6753
20210702,6호선,동묘앞,8096,8137,16233
20210702,6호선,신당,8927,9272,18199
20210702,6호선,청구,4002,4161,8163
20210702,6호선,약수,3823,3844,7667
20210702,6호선,버티고개,2061,2031,4092
20210702,6호선,한강진,8309,9749,18058
20210702,6호선,이태원,10425,11446,21871
20210702,6호선,녹사평,5598,5393,10991
20210702,6호선,삼각지,6583,5753,12336
20210702,6호선,효창공원앞,7176,6421,13597
20210702,6호선,공덕,19202,18522,37724
20210702,6호선,대흥,8440,8630,17070
20210702,6호선,광흥창,9342,9019,18361
20210702,6호선,상수,8116,9262,17378
20210702,6호선,합정,13875,13629,27504
20210702,6호선,망원,14963,16362,31325
20210702,6호선,마포구청,14662,12929,27591
20210702,6호선,월드컵경기장,4699,5014,9713
20210702,6호선,디지털미디어시티,13908,14988,28896
20210702,6호선,증산,10389,10086,20475
20210702,6호선,새절,13229,12206,25435
20210702,6호선,구산,8026,5863,13889
20210702,6호선,독바위,2910,3019,5929
20210702,6호선,불광,4663,4491,9154
20210702,6호선,역촌,4063,4598,8661
20210702,6호선,응암,18315,17802,36117
20210705,6호선,봉화산,9023,8466,17489
20210705,6호선,화랑대,11603,8993,20596
20210705,6호선,태릉입구,5245,5927,11172
20210705,6호선,석계,12093,12642,24735
20210705,6호선,돌곶이,9134,8504,17638
20210705,6호선,상월곡,6268,5683,11951
20210705,6호선,월곡,11488,11395,22883
20210705,6호선,고려대,7632,7278,14910
20210705,6호선,안암,10034,10355,20389
20210705,6호선,보문,7111,6684,13795
20210705,6호선,창신,3610,2958,6568
20210705,6호선,동묘앞,7911,8279,16190
20210705,6호선,신당,7709,8374,16083
20210705,6호선,청구,3890,3931,7821
20210705,6호선,약수,3765,3669,7434
20210705,6호선,버티고개,1956,2000,3956
20210705,6호선,한강진,6428,7440,13868
20210705,6호선,이태원,8280,8448,16728
20210705,6호선,녹사평,4532,4410,8942
20210705,6호선,삼각지,5604,4950,10554
20210705,6호선,효창공원앞,7107,6359,13466
20210705,6호선,공덕,18646,17999,36645
20210705,6호선,대흥,8161,8562,16723
20210705,6호선,광흥창,9210,8803,18013
20210705,6호선,상수,7193,7873,15066
20210705,6호선,합정,12231,12047,24278
20210705,6호선,망원,13627,14750,28377
20210705,6호선,마포구청,14343,12877,27220
20210705,6호선,월드컵경기장,4422,4610,9032
20210705,6호선,디지털미디어시티,14100,15408,29508
20210705,6호선,증산,10181,10002,20183
20210705,6호선,새절,13059,12125,25184
20210705,6호선,구산,7854,5890,13744
20210705,6호선,독바위,2828,2985,5813
20210705,6호선,불광,4378,4369,8747
20210705,6호선,역촌,3914,4551,8465
20210705,6호선,응암,17757,17528,35285
20210706,6호선,신내,1,0,1
20210706,6호선,봉화산,9201,8596,17797
20210706,6호선,화랑대,11808,9260,21068
20210706,6호선,태릉입구,5421,5992,11413
20210706,6호선,석계,12230,12748,24978
20210706,6호선,돌곶이,9168,8580,17748
20210706,6호선,상월곡,6375,5749,12124
20210706,6호선,월곡,11510,11510,23020
20210706,6호선,고려대,7583,7303,14886
20210706,6호선,안암,9967,10088,20055
20210706,6호선,보문,7263,6741,14004
20210706,6호선,창신,3680,2954,6634
20210706,6호선,동묘앞,8026,8088,16114
20210706,6호선,신당,8138,8681,16819
20210706,6호선,청구,3879,4104,7983
20210706,6호선,약수,3777,3714,7491
20210706,6호선,버티고개,2003,2010,4013
20210706,6호선,한강진,7659,8775,16434
20210706,6호선,이태원,8561,8793,17354
20210706,6호선,녹사평,4753,4561,9314
20210706,6호선,삼각지,6206,5497,11703
20210706,6호선,효창공원앞,6988,6417,13405
20210706,6호선,공덕,18953,18260,37213
20210706,6호선,대흥,8272,8617,16889
20210706,6호선,광흥창,9322,9021,18343
20210706,6호선,상수,7394,8273,15667
20210706,6호선,합정,13191,12764,25955
20210706,6호선,망원,14038,14982,29020
20210706,6호선,마포구청,14706,13173,27879
20210706,6호선,월드컵경기장,4641,4907,9548
20210706,6호선,디지털미디어시티,14273,15659,29932
20210706,6호선,증산,10192,10125,20317
20210706,6호선,새절,13087,12121,25208
20210706,6호선,구산,7914,5909,13823
20210706,6호선,연신내,2,0,2
20210706,6호선,독바위,2887,3034,5921
20210706,6호선,불광,4395,4454,8849
20210706,6호선,역촌,3886,4509,8395
20210706,6호선,응암,18016,17860,35876
20210707,6호선,응암,17734,17606,35340
20210707,6호선,역촌,3953,4564,8517
20210707,6호선,불광,4688,4449,9137
20210707,6호선,독바위,2809,3063,5872
20210707,6호선,연신내,1,0,1
20210707,6호선,구산,7633,5690,13323
20210707,6호선,새절,13013,12030,25043
20210707,6호선,증산,9961,9871,19832
20210707,6호선,디지털미디어시티,13941,15347,29288
20210707,6호선,월드컵경기장,4490,4784,9274
20210707,6호선,마포구청,14421,13070,27491
20210707,6호선,망원,13456,14479,27935
20210707,6호선,합정,12449,12016,24465
20210707,6호선,상수,7345,8025,15370
20210707,6호선,광흥창,9142,8708,17850
20210707,6호선,대흥,8262,8560,16822
20210707,6호선,공덕,18356,17754,36110
20210707,6호선,효창공원앞,6907,6291,13198
20210707,6호선,삼각지,6117,5426,11543
20210707,6호선,녹사평,4639,4490,9129
20210707,6호선,이태원,7952,8220,16172
20210707,6호선,한강진,7843,8895,16738
20210707,6호선,버티고개,1896,2020,3916
20210707,6호선,약수,3672,3613,7285
20210707,6호선,청구,3864,4080,7944
20210707,6호선,신당,8106,8741,16847
20210707,6호선,동묘앞,7697,7861,15558
20210707,6호선,창신,3667,3047,6714
20210707,6호선,보문,7140,6668,13808
20210707,6호선,안암,9705,9683,19388
20210707,6호선,고려대,7517,7281,14798
20210707,6호선,월곡,11198,11243,22441
20210707,6호선,상월곡,6274,5733,12007
20210707,6호선,돌곶이,8965,8553,17518
20210707,6호선,석계,12052,12476,24528
20210707,6호선,태릉입구,5217,5812,11029
20210707,6호선,화랑대,11433,9038,20471
20210707,6호선,봉화산,9059,8486,17545
20210707,6호선,신내,1,0,1
20210708,6호선,합정,11975,11924,23899
20210708,6호선,상수,7082,7851,14933
20210708,6호선,광흥창,8819,8541,17360
20210708,6호선,대흥,7846,8073,15919
20210708,6호선,공덕,17950,17085,35035
20210708,6호선,효창공원앞,6568,6023,12591
20210708,6호선,삼각지,5963,5259,11222
20210708,6호선,녹사평,4428,4295,8723
20210708,6호선,이태원,7852,8089,15941
20210708,6호선,한강진,7154,8149,15303
20210708,6호선,버티고개,1848,1880,3728
20210708,6호선,약수,3578,3472,7050
20210708,6호선,청구,3819,4020,7839
20210708,6호선,신당,7815,8269,16084
20210708,6호선,동묘앞,7630,7654,15284
20210708,6호선,창신,3594,2911,6505
20210708,6호선,보문,6901,6497,13398
20210708,6호선,안암,9178,9152,18330
20210708,6호선,고려대,7371,7050,14421
20210708,6호선,월곡,10717,10781,21498
20210708,6호선,상월곡,6102,5475,11577
20210708,6호선,돌곶이,8632,8069,16701
20210708,6호선,석계,11524,11866,23390
20210708,6호선,태릉입구,5080,5632,10712
20210708,6호선,화랑대,11059,8681,19740
20210708,6호선,봉화산,8642,8190,16832
20210708,6호선,마포구청,14018,12614,26632
20210708,6호선,월드컵경기장,4389,4678,9067
20210708,6호선,디지털미디어시티,13476,14950,28426
20210708,6호선,증산,9706,9554,19260
20210708,6호선,새절,12538,11621,24159
20210708,6호선,구산,7463,5671,13134
20210708,6호선,독바위,2758,2822,5580
20210708,6호선,불광,4268,4344,8612
20210708,6호선,역촌,3935,4564,8499
20210708,6호선,응암,17238,17083,34321
20210708,6호선,망원,13320,13951,27271
20210709,6호선,응암,17313,16876,34189
20210709,6호선,역촌,3956,4552,8508
20210709,6호선,불광,4265,4212,8477
20210709,6호선,독바위,2645,2783,5428
20210709,6호선,연신내,1,0,1
20210709,6호선,구산,7544,5576,13120
20210709,6호선,새절,12587,11652,24239
20210709,6호선,증산,9753,9546,19299
20210709,6호선,디지털미디어시티,13386,14422,27808
20210709,6호선,월드컵경기장,4353,4691,9044
20210709,6호선,마포구청,14275,12647,26922
20210709,6호선,망원,13485,14610,28095
20210709,6호선,합정,12178,11993,24171
20210709,6호선,상수,7246,7969,15215
20210709,6호선,광흥창,8683,8344,17027
20210709,6호선,대흥,7954,8127,16081
20210709,6호선,공덕,17815,17119,34934
20210709,6호선,효창공원앞,6830,6200,13030
20210709,6호선,삼각지,5891,5014,10905
20210709,6호선,녹사평,4688,4616,9304
20210709,6호선,이태원,8378,8870,17248
20210709,6호선,한강진,7041,8252,15293
20210709,6호선,버티고개,1822,1880,3702
20210709,6호선,약수,3596,3592,7188
20210709,6호선,청구,3791,3975,7766
20210709,6호선,신당,7827,8208,16035
20210709,6호선,동묘앞,7661,7712,15373
20210709,6호선,창신,3591,2833,6424
20210709,6호선,보문,7196,6350,13546
20210709,6호선,안암,9050,8783,17833
20210709,6호선,고려대,7406,6940,14346
20210709,6호선,월곡,10982,10793,21775
20210709,6호선,상월곡,6145,5418,11563
20210709,6호선,돌곶이,8595,7913,16508
20210709,6호선,석계,11757,11893,23650
20210709,6호선,태릉입구,5108,5700,10808
20210709,6호선,화랑대,11207,8684,19891
20210709,6호선,봉화산,8629,8005,16634
20210712,6호선,응암,15789,15912,31701
20210712,6호선,역촌,3596,4067,7663
20210712,6호선,불광,3953,3877,7830
20210712,6호선,독바위,2492,2695,5187
20210712,6호선,구산,6753,5286,12039
20210712,6호선,새절,11461,10727,22188
20210712,6호선,증산,9064,9096,18160
20210712,6호선,디지털미디어시티,12348,13563,25911
20210712,6호선,월드컵경기장,3962,4129,8091
20210712,6호선,마포구청,12673,11523,24196
20210712,6호선,망원,11611,12313,23924
20210712,6호선,합정,10256,10260,20516
20210712,6호선,상수,6085,6543,12628
20210712,6호선,광흥창,7938,7654,15592
20210712,6호선,대흥,7175,7422,14597
20210712,6호선,공덕,16077,15589,31666
20210712,6호선,효창공원앞,6001,5484,11485
20210712,6호선,삼각지,4777,4208,8985
20210712,6호선,녹사평,3721,3627,7348
20210712,6호선,이태원,6895,6911,13806
20210712,6호선,한강진,5314,6078,11392
20210712,6호선,버티고개,1704,1768,3472
20210712,6호선,약수,3205,3195,6400
20210712,6호선,청구,3444,3727,7171
20210712,6호선,신당,7016,7434,14450
20210712,6호선,동묘앞,7031,7168,14199
20210712,6호선,창신,3063,2457,5520
20210712,6호선,보문,6310,5856,12166
20210712,6호선,안암,8590,8550,17140
20210712,6호선,고려대,6669,6384,13053
20210712,6호선,월곡,10118,10221,20339
20210712,6호선,상월곡,5553,5105,10658
20210712,6호선,돌곶이,8018,7630,15648
20210712,6호선,석계,10738,11225,21963
20210712,6호선,태릉입구,4663,5104,9767
20210712,6호선,화랑대,9938,7798,17736
20210712,6호선,봉화산,8060,7511,15571
20210713,6호선,봉화산,8149,7661,15810
20210713,6호선,화랑대,9946,7788,17734
20210713,6호선,태릉입구,4696,5226,9922
20210713,6호선,석계,10621,10948,21569
20210713,6호선,돌곶이,7944,7539,15483
20210713,6호선,상월곡,5570,5039,10609
20210713,6호선,월곡,9992,10081,20073
20210713,6호선,고려대,6614,6372,12986
20210713,6호선,안암,8541,8290,16831
20210713,6호선,보문,6357,6011,12368
20210713,6호선,창신,3110,2500,5610
20210713,6호선,동묘앞,7184,7396,14580
20210713,6호선,신당,7133,7514,14647
20210713,6호선,청구,3497,3793,7290
20210713,6호선,약수,3204,3195,6399
20210713,6호선,버티고개,1659,1790,3449
20210713,6호선,한강진,6266,7058,13324
20210713,6호선,이태원,6799,6983,13782
20210713,6호선,녹사평,3857,3873,7730
20210713,6호선,삼각지,5074,4503,9577
20210713,6호선,효창공원앞,6121,5492,11613
20210713,6호선,공덕,15734,15023,30757
20210713,6호선,대흥,6960,7374,14334
20210713,6호선,광흥창,7765,7471,15236
20210713,6호선,상수,6205,6664,12869
20210713,6호선,합정,10202,10104,20306
20210713,6호선,망원,11832,12764,24596
20210713,6호선,마포구청,12677,11654,24331
20210713,6호선,월드컵경기장,3984,4167,8151
20210713,6호선,디지털미디어시티,12116,13266,25382
20210713,6호선,증산,8852,8784,17636
20210713,6호선,새절,11393,10561,21954
20210713,6호선,구산,6686,5168,11854
20210713,6호선,연신내,10,0,10
20210713,6호선,독바위,2513,2682,5195
20210713,6호선,불광,3785,3729,7514
20210713,6호선,역촌,3542,4062,7604
20210713,6호선,응암,15571,15681,31252
20210714,6호선,봉화산,7935,7391,15326
20210714,6호선,화랑대,9813,7703,17516
20210714,6호선,태릉입구,4599,4994,9593
20210714,6호선,석계,10616,11083,21699
20210714,6호선,돌곶이,7995,7626,15621
20210714,6호선,상월곡,5561,5065,10626
20210714,6호선,월곡,9812,9868,19680
20210714,6호선,고려대,6685,6472,13157
20210714,6호선,안암,8180,8071,16251
20210714,6호선,보문,6282,5742,12024
20210714,6호선,창신,3028,2491,5519
20210714,6호선,동묘앞,7164,7312,14476
20210714,6호선,신당,7113,7593,14706
20210714,6호선,청구,3453,3676,7129
20210714,6호선,약수,3235,3090,6325
20210714,6호선,버티고개,1623,1704,3327
20210714,6호선,한강진,6681,7382,14063
20210714,6호선,이태원,6934,7109,14043
20210714,6호선,녹사평,3869,3880,7749
20210714,6호선,삼각지,5022,4427,9449
20210714,6호선,효창공원앞,6025,5424,11449
20210714,6호선,공덕,15475,14872,30347
20210714,6호선,대흥,7068,7254,14322
20210714,6호선,광흥창,7849,7526,15375
20210714,6호선,상수,6347,6733,13080
20210714,6호선,합정,10396,10331,20727
20210714,6호선,망원,11943,12846,24789
20210714,6호선,마포구청,12699,11489,24188
20210714,6호선,월드컵경기장,4245,4473,8718
20210714,6호선,디지털미디어시티,11976,13040,25016
20210714,6호선,증산,8919,8903,17822
20210714,6호선,새절,11236,10555,21791
20210714,6호선,구산,6698,5262,11960
20210714,6호선,연신내,1,0,1
20210714,6호선,독바위,2507,2723,5230
20210714,6호선,불광,3980,3934,7914
20210714,6호선,역촌,3504,4075,7579
20210714,6호선,응암,15490,15515,31005
20210715,6호선,봉화산,7832,7385,15217
20210715,6호선,화랑대,9653,7627,17280
20210715,6호선,태릉입구,4707,5063,9770
20210715,6호선,석계,10465,10753,21218
20210715,6호선,돌곶이,7869,7312,15181
20210715,6호선,상월곡,5561,4952,10513
20210715,6호선,월곡,9829,9816,19645
20210715,6호선,고려대,6566,6379,12945
20210715,6호선,안암,8142,8016,16158
20210715,6호선,보문,6208,5802,12010
20210715,6호선,창신,2962,2443,5405
20210715,6호선,동묘앞,7202,7508,14710
20210715,6호선,신당,6902,7414,14316
20210715,6호선,청구,3433,3653,7086
20210715,6호선,약수,3167,3128,6295
20210715,6호선,버티고개,1626,1706,3332
20210715,6호선,한강진,6003,6766,12769
20210715,6호선,이태원,6831,7017,13848
20210715,6호선,녹사평,4050,4073,8123
20210715,6호선,삼각지,5072,4369,9441
20210715,6호선,효창공원앞,5908,5359,11267
20210715,6호선,공덕,15294,14718,30012
20210715,6호선,대흥,6790,7001,13791
20210715,6호선,광흥창,7616,7354,14970
20210715,6호선,상수,6115,6687,12802
20210715,6호선,합정,10278,10224,20502
20210715,6호선,망원,11826,12673,24499
20210715,6호선,마포구청,12525,11337,23862
20210715,6호선,월드컵경기장,3903,4060,7963
20210715,6호선,디지털미디어시티,11753,12798,24551
20210715,6호선,증산,8587,8590,17177
20210715,6호선,새절,10969,10437,21406
20210715,6호선,구산,6608,5251,11859
20210715,6호선,연신내,1,0,1
20210715,6호선,독바위,2485,2677,5162
20210715,6호선,불광,3877,3799,7676
20210715,6호선,역촌,3726,4220,7946
20210715,6호선,응암,15346,15371,30717
20210716,6호선,봉화산,7726,7401,15127
20210716,6호선,화랑대,9708,7569,17277
20210716,6호선,태릉입구,4687,5021,9708
20210716,6호선,석계,10836,10947,21783
20210716,6호선,돌곶이,7788,7461,15249
20210716,6호선,상월곡,5523,4800,10323
20210716,6호선,월곡,10032,9932,19964
20210716,6호선,고려대,6621,6205,12826
20210716,6호선,안암,8391,7938,16329
20210716,6호선,보문,6276,5786,12062
20210716,6호선,창신,3050,2398,5448
20210716,6호선,동묘앞,7433,7550,14983
20210716,6호선,신당,7421,7438,14859
20210716,6호선,청구,3405,3662,7067
20210716,6호선,약수,3277,3217,6494
20210716,6호선,버티고개,1673,1685,3358
20210716,6호선,한강진,6574,7313,13887
20210716,6호선,이태원,7158,7539,14697
20210716,6호선,녹사평,4293,4186,8479
20210716,6호선,삼각지,5107,4510,9617
20210716,6호선,효창공원앞,6071,5464,11535
20210716,6호선,공덕,15470,14948,30418
20210716,6호선,대흥,6929,7153,14082
20210716,6호선,광흥창,7808,7472,15280
20210716,6호선,상수,6544,7027,13571
20210716,6호선,합정,10857,10634,21491
20210716,6호선,망원,12286,13127,25413
20210716,6호선,마포구청,12789,11490,24279
20210716,6호선,월드컵경기장,4111,4378,8489
20210716,6호선,디지털미디어시티,11467,12417,23884
20210716,6호선,증산,8956,8877,17833
20210716,6호선,새절,11155,10467,21622
20210716,6호선,구산,6797,5282,12079
20210716,6호선,연신내,1,0,1
20210716,6호선,독바위,2490,2683,5173
20210716,6호선,불광,4125,4019,8144
20210716,6호선,역촌,3657,4127,7784
20210716,6호선,응암,15505,15519,31024
20210719,6호선,녹사평,3814,3727,7541
20210719,6호선,이태원,6600,6685,13285
20210719,6호선,한강진,4944,5704,10648
20210719,6호선,버티고개,1607,1708,3315
20210719,6호선,약수,3267,3099,6366
20210719,6호선,청구,3394,3593,6987
20210719,6호선,신당,7206,7647,14853
20210719,6호선,동묘앞,7110,7468,14578
20210719,6호선,창신,3077,2482,5559
20210719,6호선,보문,6118,5660,11778
20210719,6호선,안암,8196,8216,16412
20210719,6호선,고려대,6452,6279,12731
20210719,6호선,월곡,9846,9886,19732
20210719,6호선,상월곡,5512,5022,10534
20210719,6호선,돌곶이,7731,7492,15223
20210719,6호선,석계,10484,10868,21352
20210719,6호선,태릉입구,4581,5042,9623
20210719,6호선,화랑대,9718,7625,17343
20210719,6호선,봉화산,7972,7363,15335
20210719,6호선,신내,1,0,1
20210719,6호선,공덕,15312,14875,30187
20210719,6호선,효창공원앞,5911,5537,11448
20210719,6호선,광흥창,7597,7451,15048
20210719,6호선,상수,5835,6378,12213
20210719,6호선,합정,9780,9729,19509
20210719,6호선,망원,11239,11996,23235
20210719,6호선,마포구청,12381,11425,23806
20210719,6호선,월드컵경기장,3501,3616,7117
20210719,6호선,디지털미디어시티,11923,12961,24884
20210719,6호선,증산,8718,8736,17454
20210719,6호선,새절,10912,10289,21201
20210719,6호선,구산,6443,5108,11551
20210719,6호선,독바위,2442,2598,5040
20210719,6호선,불광,3208,3259,6467
20210719,6호선,역촌,3675,4154,7829
20210719,6호선,응암,15128,15247,30375
20210719,6호선,대흥,6853,7134,13987
20210719,6호선,삼각지,4708,4220,8928
20210720,6호선,응암,15494,15698,31192
20210720,6호선,역촌,3670,4279,7949
20210720,6호선,불광,3600,3657,7257
20210720,6호선,독바위,2541,2688,5229
20210720,6호선,구산,6679,5255,11934
20210720,6호선,새절,11109,10505,21614
20210720,6호선,증산,8945,8896,17841
20210720,6호선,디지털미디어시티,12054,13150,25204
20210720,6호선,월드컵경기장,3966,4166,8132
20210720,6호선,마포구청,12813,11613,24426
20210720,6호선,망원,11863,12949,24812
20210720,6호선,합정,10530,10355,20885
20210720,6호선,상수,6171,6724,12895
20210720,6호선,광흥창,7766,7461,15227
20210720,6호선,대흥,7087,7446,14533
20210720,6호선,공덕,15559,15007,30566
20210720,6호선,효창공원앞,6144,5541,11685
20210720,6호선,삼각지,5176,4540,9716
20210720,6호선,녹사평,3990,3956,7946
20210720,6호선,이태원,6984,7128,14112
20210720,6호선,한강진,6182,6959,13141
20210720,6호선,버티고개,1668,1707,3375
20210720,6호선,약수,3201,3135,6336
20210720,6호선,청구,3459,3717,7176
20210720,6호선,신당,7572,7862,15434
20210720,6호선,동묘앞,7577,7739,15316
20210720,6호선,창신,3128,2474,5602
20210720,6호선,보문,6272,5820,12092
20210720,6호선,안암,8425,8282,16707
20210720,6호선,고려대,6507,6312,12819
20210720,6호선,월곡,9968,10037,20005
20210720,6호선,상월곡,5569,5076,10645
20210720,6호선,돌곶이,8060,7530,15590
20210720,6호선,석계,10765,11106,21871
20210720,6호선,태릉입구,4659,5192,9851
20210720,6호선,화랑대,9866,7747,17613
20210720,6호선,봉화산,8049,7592,15641
20210721,6호선,봉화산,7937,7380,15317
20210721,6호선,화랑대,9599,7497,17096
20210721,6호선,태릉입구,4593,5113,9706
20210721,6호선,석계,10471,10781,21252
20210721,6호선,돌곶이,7964,7558,15522
20210721,6호선,상월곡,5426,4896,10322
20210721,6호선,월곡,9633,9702,19335
20210721,6호선,고려대,6541,6253,12794
20210721,6호선,안암,8233,8056,16289
20210721,6호선,보문,6105,5787,11892
20210721,6호선,창신,3043,2460,5503
20210721,6호선,동묘앞,7214,7599,14813
20210721,6호선,신당,7232,7586,14818
20210721,6호선,청구,3372,3662,7034
20210721,6호선,약수,3243,3059,6302
20210721,6호선,버티고개,1656,1711,3367
20210721,6호선,한강진,6501,7184,13685
20210721,6호선,이태원,6720,6973,13693
20210721,6호선,녹사평,4088,4062,8150
20210721,6호선,삼각지,5072,4441,9513
20210721,6호선,효창공원앞,5908,5436,11344
20210721,6호선,공덕,15173,14667,29840
20210721,6호선,대흥,7049,7218,14267
20210721,6호선,광흥창,7678,7424,15102
20210721,6호선,상수,6260,6825,13085
20210721,6호선,합정,10555,10282,20837
20210721,6호선,망원,11674,12586,24260
20210721,6호선,마포구청,12666,11645,24311
20210721,6호선,월드컵경기장,3798,3946,7744
20210721,6호선,디지털미디어시티,11835,12841,24676
20210721,6호선,증산,8794,8592,17386
20210721,6호선,새절,11017,10468,21485
20210721,6호선,구산,6547,5042,11589
20210721,6호선,연신내,2,0,2
20210721,6호선,독바위,2569,2718,5287
20210721,6호선,불광,3660,3695,7355
20210721,6호선,역촌,3612,4133,7745
20210721,6호선,응암,15409,15666,31075
20210722,6호선,신내,1,0,1
20210722,6호선,봉화산,7800,7318,15118
20210722,6호선,화랑대,9600,7519,17119
20210722,6호선,태릉입구,4657,4994,9651
20210722,6호선,석계,10476,10706,21182
20210722,6호선,돌곶이,7842,7327,15169
20210722,6호선,상월곡,5498,4883,10381
20210722,6호선,월곡,9621,9577,19198
20210722,6호선,고려대,6445,6200,12645
20210722,6호선,안암,8046,7884,15930
20210722,6호선,보문,6071,5667,11738
20210722,6호선,창신,2973,2387,5360
20210722,6호선,동묘앞,7229,7575,14804
20210722,6호선,신당,7264,7552,14816
20210722,6호선,청구,3407,3596,7003
20210722,6호선,약수,3129,3022,6151
20210722,6호선,버티고개,1673,1736,3409
20210722,6호선,한강진,5855,6693,12548
20210722,6호선,이태원,6747,7050,13797
20210722,6호선,녹사평,3996,3871,7867
20210722,6호선,삼각지,4954,4449,9403
20210722,6호선,효창공원앞,5916,5345,11261
20210722,6호선,공덕,15235,14659,29894
20210722,6호선,대흥,6770,6986,13756
20210722,6호선,광흥창,7564,7251,14815
20210722,6호선,상수,6203,6801,13004
20210722,6호선,합정,10411,10177,20588
20210722,6호선,망원,11761,12499,24260
20210722,6호선,마포구청,12431,11324,23755
20210722,6호선,월드컵경기장,3939,4027,7966
20210722,6호선,디지털미디어시티,11477,12704,24181
20210722,6호선,증산,8600,8695,17295
20210722,6호선,새절,10805,10234,21039
20210722,6호선,구산,6567,5116,11683
20210722,6호선,독바위,2412,2644,5056
20210722,6호선,불광,3547,3513,7060
20210722,6호선,역촌,3648,4086,7734
20210722,6호선,응암,15310,15335,30645
20210723,6호선,응암,15543,15495,31038
20210723,6호선,역촌,3654,4213,7867
20210723,6호선,불광,3757,3611,7368
20210723,6호선,독바위,2445,2590,5035
20210723,6호선,연신내,2,0,2
20210723,6호선,구산,6676,5209,11885
20210723,6호선,새절,11066,10334,21400
20210723,6호선,증산,8694,8583,17277
20210723,6호선,디지털미디어시티,11480,12344,23824
20210723,6호선,월드컵경기장,3870,4107,7977
20210723,6호선,마포구청,12688,11469,24157
20210723,6호선,망원,12271,13282,25553
20210723,6호선,합정,11008,10619,21627
20210723,6호선,상수,6595,7241,13836
20210723,6호선,광흥창,7538,7161,14699
20210723,6호선,대흥,6901,7077,13978
20210723,6호선,공덕,15308,14642,29950
20210723,6호선,효창공원앞,5892,5358,11250
20210723,6호선,삼각지,5170,4447,9617
20210723,6호선,녹사평,4007,3998,8005
20210723,6호선,이태원,7103,7621,14724
20210723,6호선,한강진,6730,7595,14325
20210723,6호선,버티고개,1712,1773,3485
20210723,6호선,약수,3142,3128,6270
20210723,6호선,청구,3286,3611,6897
20210723,6호선,신당,7196,7501,14697
20210723,6호선,동묘앞,7483,7625,15108
20210723,6호선,창신,2989,2320,5309
20210723,6호선,보문,6256,5681,11937
20210723,6호선,안암,8051,7864,15915
20210723,6호선,고려대,6549,6109,12658
20210723,6호선,월곡,9988,10080,20068
20210723,6호선,상월곡,5563,4871,10434
20210723,6호선,돌곶이,7917,7452,15369
20210723,6호선,석계,10650,10827,21477
20210723,6호선,태릉입구,4600,5061,9661
20210723,6호선,화랑대,9591,7475,17066
20210723,6호선,봉화산,7818,7455,15273
20210726,6호선,한강진,5059,5772,10831
20210726,6호선,봉화산,7858,7407,15265
20210726,6호선,화랑대,9729,7570,17299
20210726,6호선,태릉입구,4612,4893,9505
20210726,6호선,석계,10489,10828,21317
20210726,6호선,돌곶이,7816,7387,15203
20210726,6호선,상월곡,5363,4950,10313
20210726,6호선,월곡,9666,9804,19470
20210726,6호선,고려대,6341,6209,12550
20210726,6호선,안암,8185,8111,16296
20210726,6호선,보문,6033,5672,11705
20210726,6호선,창신,3077,2441,5518
20210726,6호선,동묘앞,6924,7251,14175
20210726,6호선,신당,6849,7367,14216
20210726,6호선,청구,3424,3525,6949
20210726,6호선,약수,3304,3052,6356
20210726,6호선,버티고개,1667,1752,3419
20210726,6호선,이태원,6605,6651,13256
20210726,6호선,녹사평,3737,3610,7347
20210726,6호선,삼각지,4725,4124,8849
20210726,6호선,효창공원앞,5818,5187,11005
20210726,6호선,공덕,15336,14745,30081
20210726,6호선,대흥,6950,7204,14154
20210726,6호선,광흥창,7489,7296,14785
20210726,6호선,상수,5993,6608,12601
20210726,6호선,합정,10244,10162,20406
20210726,6호선,망원,11551,12358,23909
20210726,6호선,마포구청,12358,11314,23672
20210726,6호선,월드컵경기장,3851,3991,7842
20210726,6호선,디지털미디어시티,11743,12782,24525
20210726,6호선,증산,8647,8658,17305
20210726,6호선,새절,10776,10167,20943
20210726,6호선,구산,6628,5219,11847
20210726,6호선,독바위,2380,2603,4983
20210726,6호선,불광,3775,3648,7423
20210726,6호선,역촌,3592,4120,7712
20210726,6호선,응암,15177,15477,30654
20210727,6호선,봉화산,7858,7529,15387
20210727,6호선,화랑대,9613,7618,17231
20210727,6호선,태릉입구,4691,5119,9810
20210727,6호선,석계,10396,10799,21195
20210727,6호선,돌곶이,7782,7381,15163
20210727,6호선,상월곡,5443,4918,10361
20210727,6호선,월곡,9648,9811,19459
20210727,6호선,고려대,6361,6125,12486
20210727,6호선,안암,8314,8097,16411
20210727,6호선,보문,6039,5747,11786
20210727,6호선,창신,2953,2435,5388
20210727,6호선,동묘앞,7110,7299,14409
20210727,6호선,신당,7256,7528,14784
20210727,6호선,청구,3393,3597,6990
20210727,6호선,약수,3214,3105,6319
20210727,6호선,버티고개,1619,1637,3256
20210727,6호선,한강진,6214,6956,13170
20210727,6호선,이태원,6740,7003,13743
20210727,6호선,녹사평,3723,3697,7420
20210727,6호선,삼각지,5044,4433,9477
20210727,6호선,효창공원앞,5781,5324,11105
20210727,6호선,공덕,15209,14880,30089
20210727,6호선,대흥,7001,7296,14297
20210727,6호선,광흥창,7816,7450,15266
20210727,6호선,상수,6348,6932,13280
20210727,6호선,합정,10329,10114,20443
20210727,6호선,망원,11676,12693,24369
20210727,6호선,마포구청,12519,11419,23938
20210727,6호선,월드컵경기장,3782,4027,7809
20210727,6호선,디지털미디어시티,11663,12861,24524
20210727,6호선,증산,8662,8691,17353
20210727,6호선,새절,10755,10277,21032
20210727,6호선,구산,6626,5271,11897
20210727,6호선,독바위,2407,2567,4974
20210727,6호선,불광,3726,3598,7324
20210727,6호선,역촌,3592,4076,7668
20210727,6호선,응암,15159,15286,30445
20210728,6호선,응암,15092,15285,30377
20210728,6호선,역촌,3505,4060,7565
20210728,6호선,불광,3770,3668,7438
20210728,6호선,독바위,2408,2496,4904
20210728,6호선,구산,6576,5116,11692
20210728,6호선,새절,10793,10185,20978
20210728,6호선,증산,8605,8489,17094
20210728,6호선,디지털미디어시티,11472,12683,24155
20210728,6호선,월드컵경기장,3875,4130,8005
20210728,6호선,마포구청,12414,11248,23662
20210728,6호선,망원,11729,12830,24559
20210728,6호선,합정,10706,10372,21078
20210728,6호선,상수,6316,6989,13305
20210728,6호선,광흥창,7571,7194,14765
20210728,6호선,대흥,6706,6915,13621
20210728,6호선,공덕,15194,14487,29681
20210728,6호선,효창공원앞,5746,5129,10875
20210728,6호선,삼각지,4908,4393,9301
20210728,6호선,녹사평,3795,3710,7505
20210728,6호선,이태원,6886,7037,13923
20210728,6호선,한강진,6747,7514,14261
20210728,6호선,버티고개,1603,1710,3313
20210728,6호선,약수,3193,3030,6223
20210728,6호선,청구,3370,3614,6984
20210728,6호선,신당,6916,7424,14340
20210728,6호선,동묘앞,7124,7303,14427
20210728,6호선,창신,2969,2449,5418
20210728,6호선,보문,5977,5606,11583
20210728,6호선,안암,7987,7843,15830
20210728,6호선,고려대,6473,6246,12719
20210728,6호선,월곡,9508,9623,19131
20210728,6호선,상월곡,5412,4898,10310
20210728,6호선,돌곶이,7923,7481,15404
20210728,6호선,석계,10293,10676,20969
20210728,6호선,태릉입구,4616,5056,9672
20210728,6호선,화랑대,9572,7490,17062
20210728,6호선,봉화산,7811,7306,15117
20210728,6호선,신내,1,0,1
20210729,6호선,응암,15017,14885,29902
20210729,6호선,역촌,3486,4029,7515
20210729,6호선,불광,3649,3565,7214
20210729,6호선,독바위,2327,2473,4800
20210729,6호선,구산,6418,5034,11452
20210729,6호선,새절,10651,10041,20692
20210729,6호선,증산,8507,8360,16867
20210729,6호선,디지털미디어시티,11399,12555,23954
20210729,6호선,월드컵경기장,3968,4156,8124
20210729,6호선,마포구청,12250,11035,23285
20210729,6호선,망원,11716,12676,24392
20210729,6호선,합정,10390,10223,20613
20210729,6호선,상수,6357,6942,13299
20210729,6호선,광흥창,7571,7321,14892
20210729,6호선,대흥,6613,6809,13422
20210729,6호선,공덕,14840,14489,29329
20210729,6호선,효창공원앞,5697,5017,10714
20210729,6호선,삼각지,5012,4424,9436
20210729,6호선,녹사평,3705,3711,7416
20210729,6호선,이태원,7002,7137,14139
20210729,6호선,한강진,6134,7093,13227
20210729,6호선,버티고개,1593,1693,3286
20210729,6호선,약수,3206,3061,6267
20210729,6호선,청구,3348,3506,6854
20210729,6호선,신당,6984,7470,14454
20210729,6호선,동묘앞,7030,7163,14193
20210729,6호선,창신,2953,2405,5358
20210729,6호선,보문,6059,5534,11593
20210729,6호선,안암,7942,7866,15808
20210729,6호선,고려대,6207,6014,12221
20210729,6호선,월곡,9411,9451,18862
20210729,6호선,상월곡,5233,4692,9925
20210729,6호선,돌곶이,7757,7338,15095
20210729,6호선,석계,10158,10417,20575
20210729,6호선,태릉입구,4588,4960,9548
20210729,6호선,화랑대,9368,7375,16743
20210729,6호선,봉화산,7751,7272,15023
20210730,6호선,봉화산,7620,7206,14826
20210730,6호선,화랑대,9399,7337,16736
20210730,6호선,태릉입구,4573,4971,9544
20210730,6호선,석계,10412,10580,20992
20210730,6호선,돌곶이,7718,7324,15042
20210730,6호선,상월곡,5306,4677,9983
20210730,6호선,월곡,9536,9464,19000
20210730,6호선,고려대,6456,6103,12559
20210730,6호선,안암,8232,7832,16064
20210730,6호선,보문,6217,5712,11929
20210730,6호선,창신,2933,2393,5326
20210730,6호선,동묘앞,7165,7303,14468
20210730,6호선,신당,7503,7745,15248
20210730,6호선,청구,3351,3522,6873
20210730,6호선,약수,3127,3091,6218
20210730,6호선,버티고개,1653,1627,3280
20210730,6호선,한강진,7211,8061,15272
20210730,6호선,이태원,7646,7982,15628
20210730,6호선,녹사평,4057,3908,7965
20210730,6호선,삼각지,5169,4519,9688
20210730,6호선,효창공원앞,5609,4969,10578
20210730,6호선,공덕,15037,14559,29596
20210730,6호선,대흥,6761,6922,13683
20210730,6호선,광흥창,7424,7205,14629
20210730,6호선,상수,6710,7436,14146
20210730,6호선,합정,11079,10733,21812
20210730,6호선,망원,12490,13580,26070
20210730,6호선,마포구청,12489,11100,23589
20210730,6호선,월드컵경기장,3958,4148,8106
20210730,6호선,디지털미디어시티,11384,12471,23855
20210730,6호선,증산,8567,8489,17056
20210730,6호선,새절,10836,10205,21041
20210730,6호선,구산,6575,5074,11649
20210730,6호선,독바위,2358,2433,4791
20210730,6호선,불광,3808,3567,7375
20210730,6호선,역촌,3563,4067,7630
20210730,6호선,응암,15083,15087,30170
20210802,6호선,봉화산,7441,6919,14360
20210802,6호선,화랑대,8944,7055,15999
20210802,6호선,태릉입구,4290,4771,9061
20210802,6호선,석계,9767,10081,19848
20210802,6호선,돌곶이,7724,7225,14949
20210802,6호선,상월곡,5002,4610,9612
20210802,6호선,월곡,9105,9223,18328
20210802,6호선,고려대,5993,5873,11866
20210802,6호선,안암,7906,7990,15896
20210802,6호선,보문,5782,5432,11214
20210802,6호선,창신,2815,2293,5108
20210802,6호선,동묘앞,6526,6718,13244
20210802,6호선,신당,6139,6564,12703
20210802,6호선,청구,3077,3295,6372
20210802,6호선,약수,3141,3073,6214
20210802,6호선,버티고개,1543,1663,3206
20210802,6호선,한강진,5062,5628,10690
20210802,6호선,이태원,6961,7022,13983
20210802,6호선,녹사평,3576,3564,7140
20210802,6호선,삼각지,4619,4025,8644
20210802,6호선,효창공원앞,5428,4913,10341
20210802,6호선,공덕,14422,14058,28480
20210802,6호선,대흥,6488,6674,13162
20210802,6호선,광흥창,7313,6956,14269
20210802,6호선,상수,5954,6791,12745
20210802,6호선,합정,10025,9907,19932
20210802,6호선,망원,11494,12352,23846
20210802,6호선,마포구청,11695,10960,22655
20210802,6호선,월드컵경기장,3670,3814,7484
20210802,6호선,디지털미디어시티,11104,11974,23078
20210802,6호선,증산,8267,8286,16553
20210802,6호선,새절,10312,9714,20026
20210802,6호선,구산,6243,4993,11236
20210802,6호선,독바위,2244,2342,4586
20210802,6호선,불광,3513,3498,7011
20210802,6호선,역촌,3303,3870,7173
20210802,6호선,응암,14395,14503,28898
20210803,6호선,대흥,6530,6680,13210
20210803,6호선,응암,14630,14717,29347
20210803,6호선,역촌,3335,3788,7123
20210803,6호선,불광,3683,3544,7227
20210803,6호선,독바위,2404,2531,4935
20210803,6호선,구산,6396,5019,11415
20210803,6호선,새절,10448,10011,20459
20210803,6호선,증산,8303,8310,16613
20210803,6호선,디지털미디어시티,11197,12213,23410
20210803,6호선,월드컵경기장,3916,4051,7967
20210803,6호선,마포구청,12000,11004,23004
20210803,6호선,망원,11717,12627,24344
20210803,6호선,합정,10541,10144,20685
20210803,6호선,상수,6272,6922,13194
20210803,6호선,광흥창,7326,7104,14430
20210803,6호선,공덕,14681,14038,28719
20210803,6호선,효창공원앞,5665,4951,10616
20210803,6호선,삼각지,5184,4544,9728
20210803,6호선,녹사평,3871,3785,7656
20210803,6호선,이태원,7040,7164,14204
20210803,6호선,한강진,5329,6128,11457
20210803,6호선,버티고개,1589,1662,3251
20210803,6호선,약수,3094,2970,6064
20210803,6호선,청구,3195,3291,6486
20210803,6호선,신당,6867,7153,14020
20210803,6호선,동묘앞,6718,6897,13615
20210803,6호선,창신,2811,2336,5147
20210803,6호선,보문,5758,5437,11195
20210803,6호선,안암,7983,7995,15978
20210803,6호선,고려대,6196,5985,12181
20210803,6호선,월곡,9127,9271,18398
20210803,6호선,상월곡,5183,4733,9916
20210803,6호선,돌곶이,7466,7006,14472
20210803,6호선,석계,9778,10175,19953
20210803,6호선,태릉입구,4403,4839,9242
20210803,6호선,화랑대,9002,7151,16153
20210803,6호선,봉화산,7484,6966,14450
20210803,6호선,신내,1,0,1
20210804,6호선,응암,14575,14693,29268
20210804,6호선,역촌,3376,3954,7330
20210804,6호선,불광,3638,3608,7246
20210804,6호선,독바위,2325,2476,4801
20210804,6호선,구산,6389,4952,11341
20210804,6호선,새절,10568,9892,20460
20210804,6호선,증산,8319,8324,16643
20210804,6호선,디지털미디어시티,11187,12233,23420
20210804,6호선,월드컵경기장,3924,4052,7976
20210804,6호선,마포구청,12029,11051,23080
20210804,6호선,망원,11552,12568,24120
20210804,6호선,합정,10589,10023,20612
20210804,6호선,상수,6329,7009,13338
20210804,6호선,광흥창,7309,7011,14320
20210804,6호선,대흥,6735,6875,13610
20210804,6호선,공덕,14668,14204,28872
20210804,6호선,효창공원앞,5627,5099,10726
20210804,6호선,삼각지,5136,4555,9691
20210804,6호선,녹사평,4000,3955,7955
20210804,6호선,이태원,7051,7102,14153
20210804,6호선,한강진,5628,6303,11931
20210804,6호선,버티고개,1574,1735,3309
20210804,6호선,약수,3098,2964,6062
20210804,6호선,청구,3115,3311,6426
20210804,6호선,신당,7337,7803,15140
20210804,6호선,동묘앞,6690,6968,13658
20210804,6호선,창신,2852,2269,5121
20210804,6호선,보문,5997,5538,11535
20210804,6호선,안암,8195,8133,16328
20210804,6호선,고려대,6329,6066,12395
20210804,6호선,월곡,9193,9292,18485
20210804,6호선,상월곡,5238,4604,9842
20210804,6호선,돌곶이,7579,7223,14802
20210804,6호선,석계,10029,10302,20331
20210804,6호선,태릉입구,4477,4820,9297
20210804,6호선,화랑대,9285,7299,16584
20210804,6호선,봉화산,7428,6930,14358
20210805,6호선,응암,14932,15061,29993
20210805,6호선,역촌,3470,3879,7349
20210805,6호선,불광,3782,3636,7418
20210805,6호선,독바위,2373,2527,4900
20210805,6호선,구산,6462,5096,11558
20210805,6호선,새절,10669,10099,20768
20210805,6호선,증산,8548,8412,16960
20210805,6호선,디지털미디어시티,11378,12412,23790
20210805,6호선,월드컵경기장,3786,4024,7810
20210805,6호선,마포구청,12364,11157,23521
20210805,6호선,망원,11975,13000,24975
20210805,6호선,합정,10868,10436,21304
20210805,6호선,상수,6791,7509,14300
20210805,6호선,광흥창,7461,7202,14663
20210805,6호선,대흥,6733,7096,13829
20210805,6호선,공덕,14969,14446,29415
20210805,6호선,효창공원앞,5810,5062,10872
20210805,6호선,삼각지,5187,4521,9708
20210805,6호선,녹사평,4017,3983,8000
20210805,6호선,이태원,7022,7213,14235
20210805,6호선,한강진,5606,6465,12071
20210805,6호선,버티고개,1636,1776,3412
20210805,6호선,약수,3165,3138,6303
20210805,6호선,청구,3381,3526,6907
20210805,6호선,신당,7022,7490,14512
20210805,6호선,동묘앞,6964,7267,14231
20210805,6호선,창신,2906,2355,5261
20210805,6호선,보문,5877,5505,11382
20210805,6호선,안암,8159,8071,16230
20210805,6호선,고려대,6385,6120,12505
20210805,6호선,월곡,9460,9439,18899
20210805,6호선,상월곡,5309,4842,10151
20210805,6호선,돌곶이,7901,7363,15264
20210805,6호선,석계,10287,10728,21015
20210805,6호선,태릉입구,4684,5101,9785
20210805,6호선,화랑대,9504,7421,16925
20210805,6호선,봉화산,7639,7060,14699
20210806,6호선,봉화산,7619,7185,14804
20210806,6호선,화랑대,9448,7406,16854
20210806,6호선,태릉입구,4627,5092,9719
20210806,6호선,석계,10439,10557,20996
20210806,6호선,돌곶이,7728,7265,14993
20210806,6호선,상월곡,5354,4742,10096
20210806,6호선,월곡,9770,9660,19430
20210806,6호선,고려대,6462,6049,12511
20210806,6호선,안암,8270,8114,16384
20210806,6호선,보문,6171,5676,11847
20210806,6호선,창신,2955,2301,5256
20210806,6호선,동묘앞,7334,7402,14736
20210806,6호선,신당,7637,7741,15378
20210806,6호선,청구,3233,3415,6648
20210806,6호선,약수,3179,3135,6314
20210806,6호선,버티고개,1653,1701,3354
20210806,6호선,한강진,5806,6553,12359
20210806,6호선,이태원,7561,7856,15417
20210806,6호선,녹사평,4298,4311,8609
20210806,6호선,삼각지,5249,4625,9874
20210806,6호선,효창공원앞,5698,5086,10784
20210806,6호선,공덕,15252,14710,29962
20210806,6호선,대흥,6836,7012,13848
20210806,6호선,광흥창,7441,7128,14569
20210806,6호선,상수,6946,7798,14744
20210806,6호선,합정,10938,10745,21683
20210806,6호선,망원,12172,13207,25379
20210806,6호선,마포구청,12386,11194,23580
20210806,6호선,월드컵경기장,3784,3995,7779
20210806,6호선,디지털미디어시티,11238,12144,23382
20210806,6호선,증산,8482,8395,16877
20210806,6호선,새절,10883,10170,21053
20210806,6호선,구산,6610,5101,11711
20210806,6호선,독바위,2389,2493,4882
20210806,6호선,불광,3776,3621,7397
20210806,6호선,역촌,3514,4018,7532
20210806,6호선,응암,15203,15044,30247
20210809,6호선,봉화산,7779,7391,15170
20210809,6호선,화랑대,9582,7564,17146
20210809,6호선,태릉입구,4628,5032,9660
20210809,6호선,석계,10410,10854,21264
20210809,6호선,돌곶이,7712,7448,15160
20210809,6호선,상월곡,5294,4732,10026
20210809,6호선,월곡,9838,9857,19695
20210809,6호선,고려대,6345,6188,12533
20210809,6호선,안암,8261,8368,16629
20210809,6호선,보문,5869,5521,11390
20210809,6호선,창신,2938,2387,5325
20210809,6호선,동묘앞,6261,6586,12847
20210809,6호선,신당,5208,5043,10251
20210809,6호선,청구,3113,3132,6245
20210809,6호선,약수,3205,3117,6322
20210809,6호선,버티고개,1643,1800,3443
20210809,6호선,한강진,5517,6199,11716
20210809,6호선,이태원,7018,7123,14141
20210809,6호선,녹사평,4025,3937,7962
20210809,6호선,삼각지,4829,4227,9056
20210809,6호선,효창공원앞,5883,5296,11179
20210809,6호선,공덕,15635,15217,30852
20210809,6호선,대흥,7021,7275,14296
20210809,6호선,광흥창,7820,7539,15359
20210809,6호선,상수,6380,7084,13464
20210809,6호선,합정,10726,10390,21116
20210809,6호선,망원,11808,12798,24606
20210809,6호선,마포구청,12392,11298,23690
20210809,6호선,월드컵경기장,3971,4139,8110
20210809,6호선,디지털미디어시티,11897,13016,24913
20210809,6호선,증산,8657,8673,17330
20210809,6호선,새절,11043,10480,21523
20210809,6호선,구산,6673,5312,11985
20210809,6호선,독바위,2467,2632,5099
20210809,6호선,불광,3759,3687,7446
20210809,6호선,역촌,3680,4060,7740
20210809,6호선,응암,15354,15413,30767
20210810,6호선,봉화산,7715,7325,15040
20210810,6호선,화랑대,9749,7613,17362
20210810,6호선,태릉입구,4714,5224,9938
20210810,6호선,석계,10594,11062,21656
20210810,6호선,돌곶이,7843,7458,15301
20210810,6호선,상월곡,5329,4697,10026
20210810,6호선,월곡,9615,9615,19230
20210810,6호선,고려대,6503,6215,12718
20210810,6호선,안암,8262,8243,16505
20210810,6호선,보문,5997,5644,11641
20210810,6호선,창신,3004,2342,5346
20210810,6호선,동묘앞,6348,6695,13043
20210810,6호선,신당,5549,5435,10984
20210810,6호선,청구,3180,3261,6441
20210810,6호선,약수,3345,3120,6465
20210810,6호선,버티고개,1675,1824,3499
20210810,6호선,한강진,5929,6642,12571
20210810,6호선,이태원,6981,7091,14072
20210810,6호선,녹사평,4203,4091,8294
20210810,6호선,삼각지,5326,4675,10001
20210810,6호선,효창공원앞,6044,5394,11438
20210810,6호선,공덕,15900,15331,31231
20210810,6호선,대흥,7156,7399,14555
20210810,6호선,광흥창,7975,7704,15679
20210810,6호선,상수,6879,7548,14427
20210810,6호선,합정,11124,10927,22051
20210810,6호선,망원,12259,13128,25387
20210810,6호선,마포구청,12698,11566,24264
20210810,6호선,월드컵경기장,3944,4280,8224
20210810,6호선,디지털미디어시티,12106,13270,25376
20210810,6호선,증산,8828,8758,17586
20210810,6호선,새절,11169,10500,21669
20210810,6호선,구산,6688,5336,12024
20210810,6호선,연신내,1,0,1
20210810,6호선,독바위,2538,2708,5246
20210810,6호선,불광,3764,3736,7500
20210810,6호선,역촌,3665,4250,7915
20210810,6호선,응암,15642,15712,31354
20210811,6호선,응암,15493,15577,31070
20210811,6호선,역촌,3590,4120,7710
20210811,6호선,불광,3830,3797,7627
20210811,6호선,독바위,2456,2622,5078
20210811,6호선,연신내,1,0,1
20210811,6호선,구산,6656,5157,11813
20210811,6호선,새절,11141,10413,21554
20210811,6호선,증산,8897,8914,17811
20210811,6호선,디지털미디어시티,11882,13160,25042
20210811,6호선,월드컵경기장,4001,4209,8210
20210811,6호선,마포구청,12603,11475,24078
20210811,6호선,망원,12220,13192,25412
20210811,6호선,합정,11145,10717,21862
20210811,6호선,상수,6712,7371,14083
20210811,6호선,광흥창,7781,7494,15275
20210811,6호선,대흥,7039,7195,14234
20210811,6호선,공덕,15704,15157,30861
20210811,6호선,효창공원앞,5971,5415,11386
20210811,6호선,삼각지,5450,4690,10140
20210811,6호선,녹사평,4338,4301,8639
20210811,6호선,이태원,7144,7303,14447
20210811,6호선,한강진,6040,6856,12896
20210811,6호선,버티고개,1669,1793,3462
20210811,6호선,약수,3149,3128,6277
20210811,6호선,청구,3170,3248,6418
20210811,6호선,신당,6072,5968,12040
20210811,6호선,동묘앞,6271,6680,12951
20210811,6호선,창신,3019,2389,5408
20210811,6호선,보문,6001,5640,11641
20210811,6호선,안암,8252,8183,16435
20210811,6호선,고려대,6442,6109,12551
20210811,6호선,월곡,9695,9708,19403
20210811,6호선,상월곡,5531,4923,10454
20210811,6호선,돌곶이,7827,7493,15320
20210811,6호선,석계,10651,10940,21591
20210811,6호선,태릉입구,4730,5201,9931
20210811,6호선,화랑대,10123,7881,18004
20210811,6호선,봉화산,7837,7355,15192
20210812,6호선,봉화산,7715,7223,14938
20210812,6호선,화랑대,9605,7732,17337
20210812,6호선,태릉입구,4684,5056,9740
20210812,6호선,석계,10289,10802,21091
20210812,6호선,돌곶이,7802,7379,15181
20210812,6호선,상월곡,5401,4897,10298
20210812,6호선,월곡,9691,9785,19476
20210812,6호선,고려대,6400,6176,12576
20210812,6호선,안암,8366,8189,16555
20210812,6호선,보문,5952,5636,11588
20210812,6호선,창신,2961,2421,5382
20210812,6호선,동묘앞,6234,6689,12923
20210812,6호선,신당,6090,5889,11979
20210812,6호선,청구,3266,3377,6643
20210812,6호선,약수,3147,2986,6133
20210812,6호선,버티고개,1625,1747,3372
20210812,6호선,한강진,5861,6827,12688
20210812,6호선,이태원,7022,7410,14432
20210812,6호선,녹사평,4262,4206,8468
20210812,6호선,삼각지,5324,4690,10014
20210812,6호선,효창공원앞,6020,5388,11408
20210812,6호선,공덕,15555,14954,30509
20210812,6호선,대흥,7022,7121,14143
20210812,6호선,광흥창,7701,7530,15231
20210812,6호선,상수,6668,7352,14020
20210812,6호선,합정,10825,10742,21567
20210812,6호선,망원,12359,13431,25790
20210812,6호선,마포구청,12641,11499,24140
20210812,6호선,월드컵경기장,3986,4195,8181
20210812,6호선,디지털미디어시티,11762,12754,24516
20210812,6호선,증산,8757,8628,17385
20210812,6호선,새절,11071,10455,21526
20210812,6호선,구산,6662,5138,11800
20210812,6호선,독바위,2478,2630,5108
20210812,6호선,불광,3648,3617,7265
20210812,6호선,역촌,3646,4267,7913
20210812,6호선,응암,15252,15455,30707
20210813,6호선,응암,15560,15329,30889
20210813,6호선,역촌,3575,4030,7605
20210813,6호선,불광,3825,3711,7536
20210813,6호선,독바위,2451,2621,5072
20210813,6호선,구산,6690,5124,11814
20210813,6호선,새절,10937,10247,21184
20210813,6호선,증산,8744,8624,17368
20210813,6호선,디지털미디어시티,11534,12375,23909
20210813,6호선,월드컵경기장,4090,4287,8377
20210813,6호선,마포구청,12626,11132,23758
20210813,6호선,망원,12810,13775,26585
20210813,6호선,합정,11267,11060,22327
20210813,6호선,상수,7188,8058,15246
20210813,6호선,광흥창,7583,7342,14925
20210813,6호선,대흥,7054,7160,14214
20210813,6호선,공덕,15762,15090,30852
20210813,6호선,효창공원앞,6076,5402,11478
20210813,6호선,삼각지,5377,4638,10015
20210813,6호선,녹사평,4438,4379,8817
20210813,6호선,이태원,7677,8253,15930
20210813,6호선,한강진,6121,7048,13169
20210813,6호선,버티고개,1684,1799,3483
20210813,6호선,약수,3271,3160,6431
20210813,6호선,청구,3330,3451,6781
20210813,6호선,신당,6277,6010,12287
20210813,6호선,동묘앞,6511,6779,13290
20210813,6호선,창신,2956,2295,5251
20210813,6호선,보문,6170,5590,11760
20210813,6호선,안암,8324,8055,16379
20210813,6호선,고려대,6566,6265,12831
20210813,6호선,월곡,9806,9754,19560
20210813,6호선,상월곡,5339,4641,9980
20210813,6호선,돌곶이,7877,7396,15273
20210813,6호선,석계,10549,10986,21535
20210813,6호선,태릉입구,4765,5211,9976
20210813,6호선,화랑대,9665,7406,17071
20210813,6호선,봉화산,7637,7161,14798
20210816,6호선,응암,9428,9683,19111
20210816,6호선,역촌,2282,2580,4862
20210816,6호선,불광,2635,2506,5141
20210816,6호선,독바위,1564,1863,3427
20210816,6호선,구산,4150,3460,7610
20210816,6호선,새절,6784,6692,13476
20210816,6호선,증산,5613,5687,11300
20210816,6호선,디지털미디어시티,5264,5584,10848
20210816,6호선,월드컵경기장,3547,3488,7035
20210816,6호선,마포구청,7087,6479,13566
20210816,6호선,망원,8703,9440,18143
20210816,6호선,합정,7909,7370,15279
20210816,6호선,상수,4533,5320,9853
20210816,6호선,광흥창,3923,3792,7715
20210816,6호선,대흥,3874,4006,7880
20210816,6호선,공덕,6596,6590,13186
20210816,6호선,효창공원앞,3310,2972,6282
20210816,6호선,삼각지,3063,2423,5486
20210816,6호선,녹사평,3003,3007,6010
20210816,6호선,이태원,6232,6214,12446
20210816,6호선,한강진,4075,4641,8716
20210816,6호선,버티고개,988,1180,2168
20210816,6호선,약수,1992,1882,3874
20210816,6호선,청구,2122,2203,4325
20210816,6호선,신당,4177,5027,9204
20210816,6호선,동묘앞,5160,5525,10685
20210816,6호선,창신,1752,1553,3305
20210816,6호선,보문,3691,3496,7187
20210816,6호선,안암,4184,4444,8628
20210816,6호선,고려대,3754,3730,7484
20210816,6호선,월곡,5704,5788,11492
20210816,6호선,상월곡,3322,3098,6420
20210816,6호선,돌곶이,4827,4509,9336
20210816,6호선,석계,6642,6838,13480
20210816,6호선,태릉입구,3063,3428,6491
20210816,6호선,화랑대,5157,4141,9298
20210816,6호선,봉화산,4178,4003,8181
20210817,6호선,응암,15547,15715,31262
20210817,6호선,역촌,3661,4308,7969
20210817,6호선,불광,3744,3782,7526
20210817,6호선,독바위,2512,2783,5295
20210817,6호선,구산,6871,5579,12450
20210817,6호선,새절,11368,10904,22272
20210817,6호선,증산,8916,9116,18032
20210817,6호선,디지털미디어시티,12173,13226,25399
20210817,6호선,월드컵경기장,3895,4017,7912
20210817,6호선,마포구청,12911,11982,24893
20210817,6호선,망원,12171,13176,25347
20210817,6호선,합정,10928,10629,21557
20210817,6호선,상수,6941,7364,14305
20210817,6호선,광흥창,7938,7933,15871
20210817,6호선,대흥,7340,7680,15020
20210817,6호선,공덕,16090,15452,31542
20210817,6호선,효창공원앞,6130,5616,11746
20210817,6호선,삼각지,5033,4543,9576
20210817,6호선,녹사평,4038,3917,7955
20210817,6호선,이태원,7215,7399,14614
20210817,6호선,한강진,6823,7641,14464
20210817,6호선,버티고개,1719,1901,3620
20210817,6호선,약수,3310,3143,6453
20210817,6호선,청구,3495,3768,7263
20210817,6호선,신당,8186,8649,16835
20210817,6호선,동묘앞,7529,7774,15303
20210817,6호선,창신,3146,2658,5804
20210817,6호선,보문,6269,5991,12260
20210817,6호선,안암,8557,8569,17126
20210817,6호선,고려대,6665,6526,13191
20210817,6호선,월곡,10033,10160,20193
20210817,6호선,상월곡,5675,5170,10845
20210817,6호선,돌곶이,7993,7704,15697
20210817,6호선,석계,10722,11289,22011
20210817,6호선,태릉입구,4815,5437,10252
20210817,6호선,화랑대,10233,8009,18242
20210817,6호선,봉화산,8007,7614,15621
20210818,6호선,봉화산,8002,7642,15644
20210818,6호선,화랑대,10341,8072,18413
20210818,6호선,태릉입구,4720,5400,10120
20210818,6호선,석계,10838,11310,22148
20210818,6호선,돌곶이,8183,7704,15887
20210818,6호선,상월곡,5554,5022,10576
20210818,6호선,월곡,9933,9962,19895
20210818,6호선,고려대,6777,6533,13310
20210818,6호선,안암,8656,8544,17200
20210818,6호선,보문,6303,5879,12182
20210818,6호선,창신,3299,2674,5973
20210818,6호선,동묘앞,7475,7746,15221
20210818,6호선,신당,8037,8579,16616
20210818,6호선,청구,3553,3772,7325
20210818,6호선,약수,3317,3171,6488
20210818,6호선,버티고개,1708,1798,3506
20210818,6호선,한강진,7226,8132,15358
20210818,6호선,이태원,7364,7479,14843
20210818,6호선,녹사평,4109,4010,8119
20210818,6호선,삼각지,5406,4863,10269
20210818,6호선,효창공원앞,6134,5488,11622
20210818,6호선,공덕,15947,15391,31338
20210818,6호선,대흥,7309,7459,14768
20210818,6호선,광흥창,8210,7852,16062
20210818,6호선,상수,6680,7372,14052
20210818,6호선,합정,11048,10884,21932
20210818,6호선,망원,12356,13327,25683
20210818,6호선,마포구청,12877,11675,24552
20210818,6호선,월드컵경기장,4007,4305,8312
20210818,6호선,디지털미디어시티,12187,13287,25474
20210818,6호선,증산,9053,9098,18151
20210818,6호선,새절,11445,10725,22170
20210818,6호선,구산,6995,5305,12300
20210818,6호선,연신내,1,0,1
20210818,6호선,독바위,2557,2661,5218
20210818,6호선,불광,3708,3802,7510
20210818,6호선,역촌,3626,4143,7769
20210818,6호선,응암,15807,15833,31640
20210819,6호선,응암,15975,16082,32057
20210819,6호선,역촌,3771,4262,8033
20210819,6호선,불광,3736,3762,7498
20210819,6호선,독바위,2615,2722,5337
20210819,6호선,연신내,21,0,21
20210819,6호선,구산,7051,5456,12507
20210819,6호선,새절,11565,10704,22269
20210819,6호선,증산,9044,8996,18040
20210819,6호선,디지털미디어시티,12375,13425,25800
20210819,6호선,월드컵경기장,4207,4413,8620
20210819,6호선,마포구청,13080,11766,24846
20210819,6호선,망원,12795,13831,26626
20210819,6호선,합정,11424,11128,22552
20210819,6호선,상수,6980,7705,14685
20210819,6호선,광흥창,8139,8009,16148
20210819,6호선,대흥,7410,7636,15046
20210819,6호선,공덕,16226,15574,31800
20210819,6호선,효창공원앞,6413,5714,12127
20210819,6호선,삼각지,5390,4944,10334
20210819,6호선,녹사평,4255,4190,8445
20210819,6호선,이태원,7534,7794,15328
20210819,6호선,한강진,6625,7555,14180
20210819,6호선,버티고개,1704,1866,3570
20210819,6호선,약수,3315,3256,6571
20210819,6호선,청구,3606,3772,7378
20210819,6호선,신당,7948,8566,16514
20210819,6호선,동묘앞,7455,7618,15073
20210819,6호선,창신,3343,2688,6031
20210819,6호선,보문,6441,6099,12540
20210819,6호선,안암,8599,8600,17199
20210819,6호선,고려대,6925,6578,13503
20210819,6호선,월곡,10110,10190,20300
20210819,6호선,상월곡,5749,5143,10892
20210819,6호선,돌곶이,8145,7607,15752
20210819,6호선,석계,11009,11293,22302
20210819,6호선,태릉입구,4890,5420,10310
20210819,6호선,화랑대,10466,8094,18560
20210819,6호선,봉화산,8102,7611,15713
20210819,6호선,신내,1,0,1
20210820,6호선,응암,16087,15993,32080
20210820,6호선,역촌,3724,4292,8016
20210820,6호선,불광,3896,3885,7781
20210820,6호선,독바위,2532,2658,5190
20210820,6호선,구산,7157,5550,12707
20210820,6호선,새절,11577,10942,22519
20210820,6호선,증산,9226,9172,18398
20210820,6호선,디지털미디어시티,12122,13013,25135
20210820,6호선,월드컵경기장,4234,4412,8646
20210820,6호선,마포구청,13296,11814,25110
20210820,6호선,망원,13165,14451,27616
20210820,6호선,합정,11856,11572,23428
20210820,6호선,상수,7142,8148,15290
20210820,6호선,광흥창,8232,7857,16089
20210820,6호선,대흥,7570,7616,15186
20210820,6호선,공덕,16525,15983,32508
20210820,6호선,효창공원앞,6409,5676,12085
20210820,6호선,삼각지,5648,4831,10479
20210820,6호선,녹사평,4442,4449,8891
20210820,6호선,이태원,7932,8442,16374
20210820,6호선,한강진,7400,8343,15743
20210820,6호선,버티고개,1760,1854,3614
20210820,6호선,약수,3458,3327,6785
20210820,6호선,청구,3623,3810,7433
20210820,6호선,신당,7968,8277,16245
20210820,6호선,동묘앞,7568,7748,15316
20210820,6호선,창신,3309,2710,6019
20210820,6호선,보문,6647,6081,12728
20210820,6호선,안암,8866,8548,17414
20210820,6호선,고려대,6968,6664,13632
20210820,6호선,월곡,10557,10391,20948
20210820,6호선,상월곡,5667,5066,10733
20210820,6호선,돌곶이,8334,7838,16172
20210820,6호선,석계,11086,11539,22625
20210820,6호선,태릉입구,5023,5612,10635
20210820,6호선,화랑대,10316,8121,18437
20210820,6호선,봉화산,8091,7588,15679
20210823,6호선,응암,15567,15878,31445
20210823,6호선,역촌,3850,4445,8295
20210823,6호선,불광,3536,3599,7135
20210823,6호선,독바위,2526,2761,5287
20210823,6호선,구산,7044,5563,12607
20210823,6호선,새절,11524,11027,22551
20210823,6호선,증산,9156,9130,18286
20210823,6호선,디지털미디어시티,12094,13328,25422
20210823,6호선,월드컵경기장,3677,3741,7418
20210823,6호선,마포구청,12814,11808,24622
20210823,6호선,망원,11933,12886,24819
20210823,6호선,합정,10651,10271,20922
20210823,6호선,상수,6424,7087,13511
20210823,6호선,광흥창,8227,8038,16265
20210823,6호선,대흥,7330,7716,15046
20210823,6호선,공덕,16306,15746,32052
20210823,6호선,효창공원앞,6170,5586,11756
20210823,6호선,삼각지,4925,4358,9283
20210823,6호선,녹사평,3783,3773,7556
20210823,6호선,이태원,7008,7126,14134
20210823,6호선,한강진,5507,6118,11625
20210823,6호선,버티고개,1714,1912,3626
20210823,6호선,약수,3295,3207,6502
20210823,6호선,청구,3474,3824,7298
20210823,6호선,신당,7404,7953,15357
20210823,6호선,동묘앞,7099,7364,14463
20210823,6호선,창신,3281,2804,6085
20210823,6호선,보문,6295,5994,12289
20210823,6호선,안암,8394,8520,16914
20210823,6호선,고려대,6849,6493,13342
20210823,6호선,월곡,10136,10291,20427
20210823,6호선,상월곡,5572,5163,10735
20210823,6호선,돌곶이,8140,7729,15869
20210823,6호선,석계,10796,11412,22208
20210823,6호선,태릉입구,4639,5207,9846
20210823,6호선,화랑대,10242,8018,18260
20210823,6호선,봉화산,7871,7517,15388
20210824,6호선,봉화산,7854,7506,15360
20210824,6호선,화랑대,10123,7989,18112
20210824,6호선,태릉입구,4738,5246,9984
20210824,6호선,석계,10760,11271,22031
20210824,6호선,돌곶이,8137,7670,15807
20210824,6호선,상월곡,5649,5146,10795
20210824,6호선,월곡,9897,9971,19868
20210824,6호선,고려대,6565,6467,13032
20210824,6호선,안암,8504,8495,16999
20210824,6호선,보문,6330,5922,12252
20210824,6호선,창신,3194,2640,5834
20210824,6호선,동묘앞,7036,7054,14090
20210824,6호선,신당,7727,8255,15982
20210824,6호선,청구,3652,3846,7498
20210824,6호선,약수,3264,3208,6472
20210824,6호선,버티고개,1639,1743,3382
20210824,6호선,한강진,6517,7336,13853
20210824,6호선,이태원,6971,7173,14144
20210824,6호선,녹사평,4087,4011,8098
20210824,6호선,삼각지,5489,4778,10267
20210824,6호선,효창공원앞,6206,5568,11774
20210824,6호선,공덕,16252,15727,31979
20210824,6호선,대흥,7385,7598,14983
20210824,6호선,광흥창,8090,7875,15965
20210824,6호선,합정,10782,10492,21274
20210824,6호선,망원,12047,12971,25018
20210824,6호선,마포구청,12783,11816,24599
20210824,6호선,월드컵경기장,3537,3729,7266
20210824,6호선,디지털미디어시티,12246,13368,25614
20210824,6호선,증산,9041,9006,18047
20210824,6호선,새절,11291,10729,22020
20210824,6호선,구산,6885,5472,12357
20210824,6호선,독바위,2477,2618,5095
20210824,6호선,불광,3665,3675,7340
20210824,6호선,역촌,3671,4342,8013
20210824,6호선,응암,15713,15841,31554
20210824,6호선,상수,6617,7103,13720
20210825,6호선,봉화산,8270,7783,16053
20210825,6호선,화랑대,10577,8204,18781
20210825,6호선,태릉입구,4966,5496,10462
20210825,6호선,석계,11253,11552,22805
20210825,6호선,돌곶이,8413,8069,16482
20210825,6호선,상월곡,5801,5258,11059
20210825,6호선,월곡,10395,10420,20815
20210825,6호선,고려대,7124,6913,14037
20210825,6호선,안암,9112,9148,18260
20210825,6호선,보문,6565,6123,12688
20210825,6호선,창신,3368,2701,6069
20210825,6호선,동묘앞,7276,7502,14778
20210825,6호선,신당,8167,8710,16877
20210825,6호선,청구,3787,3971,7758
20210825,6호선,약수,3452,3349,6801
20210825,6호선,버티고개,1715,1859,3574
20210825,6호선,한강진,6947,7791,14738
20210825,6호선,이태원,7714,7921,15635
20210825,6호선,녹사평,4394,4343,8737
20210825,6호선,삼각지,5477,4694,10171
20210825,6호선,효창공원앞,6483,5850,12333
20210825,6호선,공덕,16649,16185,32834
20210825,6호선,대흥,7659,7855,15514
20210825,6호선,광흥창,8424,8143,16567
20210825,6호선,상수,6841,7515,14356
20210825,6호선,합정,11573,11196,22769
20210825,6호선,망원,13044,14105,27149
20210825,6호선,마포구청,13330,11965,25295
20210825,6호선,월드컵경기장,4197,4431,8628
20210825,6호선,디지털미디어시티,12596,13793,26389
20210825,6호선,증산,9397,9287,18684
20210825,6호선,새절,11812,11179,22991
20210825,6호선,구산,7358,5625,12983
20210825,6호선,독바위,2557,2726,5283
20210825,6호선,불광,3945,3955,7900
20210825,6호선,역촌,3748,4233,7981
20210825,6호선,응암,16524,16590,33114
20210826,6호선,약수,3456,3422,6878
20210826,6호선,응암,16432,16360,32792
20210826,6호선,역촌,3692,4374,8066
20210826,6호선,불광,3780,3848,7628
20210826,6호선,독바위,2571,2773,5344
20210826,6호선,연신내,1,0,1
20210826,6호선,구산,7062,5599,12661
20210826,6호선,새절,11758,11025,22783
20210826,6호선,증산,9260,9080,18340
20210826,6호선,디지털미디어시티,12639,13756,26395
20210826,6호선,월드컵경기장,4110,4328,8438
20210826,6호선,마포구청,13411,11981,25392
20210826,6호선,망원,13098,14086,27184
20210826,6호선,합정,11672,11162,22834
20210826,6호선,상수,7122,7823,14945
20210826,6호선,광흥창,8412,8070,16482
20210826,6호선,대흥,7704,7945,15649
20210826,6호선,공덕,16796,16140,32936
20210826,6호선,효창공원앞,6504,5865,12369
20210826,6호선,삼각지,5605,4822,10427
20210826,6호선,녹사평,4536,4425,8961
20210826,6호선,이태원,7604,7910,15514
20210826,6호선,한강진,7062,7980,15042
20210826,6호선,버티고개,1706,1884,3590
20210826,6호선,청구,3683,3873,7556
20210826,6호선,신당,7813,8304,16117
20210826,6호선,동묘앞,7585,7720,15305
20210826,6호선,창신,3369,2742,6111
20210826,6호선,보문,6536,6049,12585
20210826,6호선,안암,8828,8899,17727
20210826,6호선,고려대,7048,6653,13701
20210826,6호선,월곡,10385,10263,20648
20210826,6호선,상월곡,5730,5197,10927
20210826,6호선,돌곶이,8288,7802,16090
20210826,6호선,석계,11280,11638,22918
20210826,6호선,태릉입구,4922,5430,10352
20210826,6호선,화랑대,10401,8196,18597
20210826,6호선,봉화산,8265,7834,16099
20210827,6호선,응암,16211,16209,32420
20210827,6호선,역촌,3717,4256,7973
20210827,6호선,불광,3752,3831,7583
20210827,6호선,독바위,2534,2595,5129
20210827,6호선,구산,7244,5438,12682
20210827,6호선,새절,11516,10670,22186
20210827,6호선,증산,9181,9115,18296
20210827,6호선,디지털미디어시티,11986,12980,24966
20210827,6호선,월드컵경기장,4230,4403,8633
20210827,6호선,마포구청,13051,11664,24715
20210827,6호선,망원,13006,14264,27270
20210827,6호선,합정,11733,11522,23255
20210827,6호선,상수,7078,8037,15115
20210827,6호선,광흥창,8334,8074,16408
20210827,6호선,대흥,7658,7963,15621
20210827,6호선,공덕,16505,15903,32408
20210827,6호선,효창공원앞,6328,5663,11991
20210827,6호선,삼각지,5652,4768,10420
20210827,6호선,녹사평,4703,4456,9159
20210827,6호선,이태원,8084,8496,16580
20210827,6호선,한강진,7056,8006,15062
20210827,6호선,버티고개,1762,1828,3590
20210827,6호선,약수,3269,3223,6492
20210827,6호선,청구,3648,3858,7506
20210827,6호선,신당,8049,8425,16474
20210827,6호선,동묘앞,7196,7374,14570
20210827,6호선,창신,3331,2663,5994
20210827,6호선,보문,6784,6134,12918
20210827,6호선,안암,9063,8903,17966
20210827,6호선,고려대,7007,6818,13825
20210827,6호선,월곡,10337,10251,20588
20210827,6호선,상월곡,5674,5024,10698
20210827,6호선,돌곶이,8253,7763,16016
20210827,6호선,석계,10994,11430,22424
20210827,6호선,태릉입구,4883,5384,10267
20210827,6호선,화랑대,10274,8000,18274
20210827,6호선,봉화산,8066,7677,15743
20210827,6호선,신내,1,0,1
20210830,6호선,응암,16417,16459,32876
20210830,6호선,역촌,3778,4294,8072
20210830,6호선,불광,3875,3949,7824
20210830,6호선,독바위,2632,2820,5452
20210830,6호선,연신내,1,0,1
20210830,6호선,구산,7263,5719,12982
20210830,6호선,새절,11731,11034,22765
20210830,6호선,증산,9315,9334,18649
20210830,6호선,디지털미디어시티,12815,13651,26466
20210830,6호선,월드컵경기장,4580,4811,9391
20210830,6호선,마포구청,13435,11881,25316
20210830,6호선,망원,12953,13939,26892
20210830,6호선,합정,11262,11129,22391
20210830,6호선,상수,6520,7211,13731
20210830,6호선,광흥창,8390,8152,16542
20210830,6호선,대흥,7681,7854,15535
20210830,6호선,공덕,16795,16219,33014
20210830,6호선,효창공원앞,6439,5831,12270
20210830,6호선,삼각지,5042,4383,9425
20210830,6호선,녹사평,4366,4209,8575
20210830,6호선,이태원,7443,7811,15254
20210830,6호선,한강진,5823,6594,12417
20210830,6호선,버티고개,1802,1940,3742
20210830,6호선,약수,3421,3263,6684
20210830,6호선,청구,3580,3796,7376
20210830,6호선,신당,7325,8086,15411
20210830,6호선,동묘앞,7550,7794,15344
20210830,6호선,창신,3298,2770,6068
20210830,6호선,보문,6543,6254,12797
20210830,6호선,안암,9352,9582,18934
20210830,6호선,고려대,7051,6863,13914
20210830,6호선,월곡,10383,10483,20866
20210830,6호선,상월곡,5824,5252,11076
20210830,6호선,돌곶이,8340,7902,16242
20210830,6호선,석계,11242,11692,22934
20210830,6호선,태릉입구,4988,5449,10437
20210830,6호선,화랑대,10564,8341,18905
20210830,6호선,봉화산,8218,7802,16020
20210831,6호선,응암,15498,15661,31159
20210831,6호선,역촌,3694,4368,8062
20210831,6호선,불광,3712,3660,7372
20210831,6호선,독바위,2500,2769,5269
20210831,6호선,연신내,2,0,2
20210831,6호선,구산,7120,5799,12919
20210831,6호선,새절,11325,10851,22176
20210831,6호선,증산,8905,9243,18148
20210831,6호선,디지털미디어시티,12350,13624,25974
20210831,6호선,월드컵경기장,3848,3990,7838
20210831,6호선,마포구청,13059,12088,25147
20210831,6호선,망원,12470,13472,25942
20210831,6호선,합정,10213,10373,20586
20210831,6호선,상수,6950,7317,14267
20210831,6호선,광흥창,8061,8109,16170
20210831,6호선,대흥,7461,7896,15357
20210831,6호선,공덕,16376,15864,32240
20210831,6호선,효창공원앞,6195,5647,11842
20210831,6호선,삼각지,5288,4767,10055
20210831,6호선,녹사평,4014,3982,7996
20210831,6호선,이태원,7179,7232,14411
20210831,6호선,한강진,6175,6964,13139
20210831,6호선,버티고개,1679,1794,3473
20210831,6호선,약수,3303,3095,6398
20210831,6호선,청구,3555,3856,7411
20210831,6호선,신당,8234,8577,16811
20210831,6호선,동묘앞,6835,7139,13974
20210831,6호선,창신,3292,2825,6117
20210831,6호선,보문,6368,6058,12426
20210831,6호선,안암,9189,9278,18467
20210831,6호선,고려대,6777,6794,13571
20210831,6호선,월곡,10016,10144,20160
20210831,6호선,상월곡,5654,5268,10922
20210831,6호선,돌곶이,8215,7959,16174
20210831,6호선,석계,10763,11600,22363
20210831,6호선,태릉입구,4894,5274,10168
20210831,6호선,화랑대,10426,8383,18809
20210831,6호선,봉화산,8059,7681,15740
20210901,6호선,응암,16222,16197,32419
20210901,6호선,역촌,3665,4295,7960
20210901,6호선,불광,3907,3983,7890
20210901,6호선,독바위,2557,2692,5249
20210901,6호선,연신내,1,0,1
20210901,6호선,구산,7239,5440,12679
20210901,6호선,새절,11982,11218,23200
20210901,6호선,증산,9412,9146,18558
20210901,6호선,디지털미디어시티,12661,13700,26361
20210901,6호선,월드컵경기장,4343,4526,8869
20210901,6호선,마포구청,13334,11931,25265
20210901,6호선,망원,12792,13751,26543
20210901,6호선,합정,9959,10471,20430
20210901,6호선,상수,6701,7378,14079
20210901,6호선,광흥창,8253,8142,16395
20210901,6호선,대흥,7564,7679,15243
20210901,6호선,효창공원앞,6526,5875,12401
20210901,6호선,삼각지,5409,4656,10065
20210901,6호선,녹사평,4276,4178,8454
20210901,6호선,이태원,7319,7607,14926
20210901,6호선,한강진,6755,7712,14467
20210901,6호선,버티고개,1730,1788,3518
20210901,6호선,약수,3336,3182,6518
20210901,6호선,청구,3581,3910,7491
20210901,6호선,신당,8134,8621,16755
20210901,6호선,동묘앞,7310,7460,14770
20210901,6호선,창신,3381,2767,6148
20210901,6호선,보문,6661,6195,12856
20210901,6호선,안암,8907,8955,17862
20210901,6호선,고려대,7004,6856,13860
20210901,6호선,월곡,10293,10030,20323
20210901,6호선,상월곡,5855,5378,11233
20210901,6호선,돌곶이,8552,8086,16638
20210901,6호선,석계,11288,11635,22923
20210901,6호선,태릉입구,4908,5420,10328
20210901,6호선,화랑대,10513,8171,18684
20210901,6호선,봉화산,8234,7727,15961
20210901,6호선,공덕,16797,16419,33216
20210902,6호선,봉화산,8441,7886,16327
20210902,6호선,화랑대,10639,8376,19015
20210902,6호선,태릉입구,5091,5499,10590
20210902,6호선,석계,11271,11604,22875
20210902,6호선,돌곶이,8583,8126,16709
20210902,6호선,상월곡,5886,5338,11224
20210902,6호선,월곡,10566,10496,21062
20210902,6호선,고려대,7054,6731,13785
20210902,6호선,안암,9039,9014,18053
20210902,6호선,보문,6758,6299,13057
20210902,6호선,창신,3381,2719,6100
20210902,6호선,동묘앞,7554,7555,15109
20210902,6호선,신당,7845,8278,16123
20210902,6호선,청구,3678,3838,7516
20210902,6호선,약수,3516,3315,6831
20210902,6호선,버티고개,1761,1912,3673
20210902,6호선,한강진,6567,7462,14029
20210902,6호선,이태원,7537,7967,15504
20210902,6호선,녹사평,4364,4328,8692
20210902,6호선,삼각지,5462,4826,10288
20210902,6호선,효창공원앞,6589,5854,12443
20210902,6호선,공덕,16792,16275,33067
20210902,6호선,대흥,7628,7787,15415
20210902,6호선,광흥창,8288,8122,16410
20210902,6호선,상수,6658,7502,14160
20210902,6호선,합정,11034,10849,21883
20210902,6호선,망원,12972,13862,26834
20210902,6호선,마포구청,13262,11942,25204
20210902,6호선,월드컵경기장,4407,4664,9071
20210902,6호선,디지털미디어시티,12504,13688,26192
20210902,6호선,증산,9362,9174,18536
20210902,6호선,새절,12166,11455,23621
20210902,6호선,구산,7195,5546,12741
20210902,6호선,독바위,2663,2748,5411
20210902,6호선,불광,3901,3912,7813
20210902,6호선,역촌,3782,4397,8179
20210902,6호선,응암,16285,16226,32511
20210903,6호선,상월곡,6000,5369,11369
20210903,6호선,신내,1,0,1
20210903,6호선,봉화산,8550,8082,16632
20210903,6호선,화랑대,11071,8406,19477
20210903,6호선,태릉입구,5272,5880,11152
20210903,6호선,석계,11603,12001,23604
20210903,6호선,돌곶이,8750,8044,16794
20210903,6호선,월곡,10860,10865,21725
20210903,6호선,고려대,7602,7183,14785
20210903,6호선,안암,10083,9785,19868
20210903,6호선,보문,7103,6453,13556
20210903,6호선,창신,3386,2661,6047
20210903,6호선,동묘앞,7812,7878,15690
20210903,6호선,신당,8342,8532,16874
20210903,6호선,청구,3698,3833,7531
20210903,6호선,약수,3577,3511,7088
20210903,6호선,버티고개,1813,1920,3733
20210903,6호선,한강진,8604,9705,18309
20210903,6호선,이태원,8739,9160,17899
20210903,6호선,녹사평,4904,4770,9674
20210903,6호선,삼각지,5909,5007,10916
20210903,6호선,효창공원앞,6704,5970,12674
20210903,6호선,공덕,17302,16720,34022
20210903,6호선,대흥,7804,8056,15860
20210903,6호선,광흥창,8664,8277,16941
20210903,6호선,상수,7415,8579,15994
20210903,6호선,합정,12151,11937,24088
20210903,6호선,망원,13936,15526,29462
20210903,6호선,마포구청,13626,12202,25828
20210903,6호선,월드컵경기장,4679,4915,9594
20210903,6호선,디지털미디어시티,12610,13518,26128
20210903,6호선,증산,9585,9511,19096
20210903,6호선,새절,12342,11441,23783
20210903,6호선,구산,7485,5738,13223
20210903,6호선,연신내,1,0,1
20210903,6호선,독바위,2719,2871,5590
20210903,6호선,불광,4014,4030,8044
20210903,6호선,역촌,3878,4436,8314
20210903,6호선,응암,16719,16650,33369
20210906,6호선,응암,16424,16594,33018
20210906,6호선,역촌,3710,4489,8199
20210906,6호선,불광,4025,3817,7842
20210906,6호선,독바위,2605,2887,5492
20210906,6호선,연신내,1,0,1
20210906,6호선,구산,7351,5966,13317
20210906,6호선,새절,12083,11590,23673
20210906,6호선,증산,9348,9448,18796
20210906,6호선,디지털미디어시티,12680,14048,26728
20210906,6호선,월드컵경기장,4223,4333,8556
20210906,6호선,마포구청,13241,12174,25415
20210906,6호선,망원,12689,13615,26304
20210906,6호선,합정,10985,10761,21746
20210906,6호선,상수,6680,7207,13887
20210906,6호선,광흥창,8433,8387,16820
20210906,6호선,대흥,7785,8097,15882
20210906,6호선,공덕,17143,16591,33734
20210906,6호선,효창공원앞,6466,5937,12403
20210906,6호선,삼각지,5160,4535,9695
20210906,6호선,녹사평,4218,4056,8274
20210906,6호선,이태원,7619,7607,15226
20210906,6호선,한강진,5802,6589,12391
20210906,6호선,버티고개,1768,1982,3750
20210906,6호선,약수,3518,3346,6864
20210906,6호선,청구,3613,4002,7615
20210906,6호선,신당,7853,8288,16141
20210906,6호선,동묘앞,7394,7738,15132
20210906,6호선,창신,3355,2861,6216
20210906,6호선,보문,6671,6342,13013
20210906,6호선,안암,9835,9794,19629
20210906,6호선,고려대,7094,7034,14128
20210906,6호선,월곡,10572,10634,21206
20210906,6호선,상월곡,5966,5541,11507
20210906,6호선,돌곶이,8812,8420,17232
20210906,6호선,석계,11427,12132,23559
20210906,6호선,태릉입구,5047,5538,10585
20210906,6호선,화랑대,10857,8534,19391
20210906,6호선,봉화산,8499,8075,16574
20210907,6호선,응암,15865,15952,31817
20210907,6호선,역촌,3594,4232,7826
20210907,6호선,불광,3579,3710,7289
20210907,6호선,독바위,2541,2597,5138
20210907,6호선,연신내,1,0,1
20210907,6호선,구산,7153,5597,12750
20210907,6호선,새절,11807,11085,22892
20210907,6호선,증산,9050,9030,18080
20210907,6호선,디지털미디어시티,12292,13556,25848
20210907,6호선,월드컵경기장,3485,3728,7213
20210907,6호선,마포구청,13029,12028,25057
20210907,6호선,망원,12042,12903,24945
20210907,6호선,합정,10746,10356,21102
20210907,6호선,상수,6465,7201,13666
20210907,6호선,광흥창,8261,8017,16278
20210907,6호선,대흥,7504,7785,15289
20210907,6호선,공덕,16696,16134,32830
20210907,6호선,효창공원앞,6395,5706,12101
20210907,6호선,삼각지,5329,4783,10112
20210907,6호선,녹사평,3914,3893,7807
20210907,6호선,이태원,7239,7211,14450
20210907,6호선,한강진,6055,6768,12823
20210907,6호선,버티고개,1668,1785,3453
20210907,6호선,약수,3320,3146,6466
20210907,6호선,청구,3567,3929,7496
20210907,6호선,신당,8345,8745,17090
20210907,6호선,동묘앞,7040,7254,14294
20210907,6호선,창신,3335,2778,6113
20210907,6호선,보문,6687,6245,12932
20210907,6호선,안암,9070,8939,18009
20210907,6호선,고려대,6961,6798,13759
20210907,6호선,월곡,10126,10139,20265
20210907,6호선,상월곡,5845,5249,11094
20210907,6호선,돌곶이,8351,7973,16324
20210907,6호선,석계,11162,11556,22718
20210907,6호선,태릉입구,4780,5219,9999
20210907,6호선,화랑대,10628,8277,18905
20210907,6호선,봉화산,8004,7653,15657
20210908,6호선,응암,16996,17011,34007
20210908,6호선,역촌,3788,4454,8242
20210908,6호선,불광,4079,4213,8292
20210908,6호선,독바위,2707,2829,5536
20210908,6호선,연신내,1,0,1
20210908,6호선,구산,7609,5746,13355
20210908,6호선,새절,12332,11414,23746
20210908,6호선,증산,9864,9648,19512
20210908,6호선,디지털미디어시티,13075,14105,27180
20210908,6호선,월드컵경기장,4520,4772,9292
20210908,6호선,마포구청,13687,12390,26077
20210908,6호선,망원,13401,14464,27865
20210908,6호선,합정,11496,11406,22902
20210908,6호선,상수,6945,7610,14555
20210908,6호선,광흥창,8759,8299,17058
20210908,6호선,대흥,7953,8074,16027
20210908,6호선,공덕,17272,16867,34139
20210908,6호선,효창공원앞,6751,6164,12915
20210908,6호선,삼각지,5694,5101,10795
20210908,6호선,녹사평,4613,4449,9062
20210908,6호선,이태원,8044,8183,16227
20210908,6호선,한강진,7105,8199,15304
20210908,6호선,버티고개,1768,1941,3709
20210908,6호선,약수,3654,3457,7111
20210908,6호선,청구,3815,4059,7874
20210908,6호선,신당,8537,8998,17535
20210908,6호선,동묘앞,7874,7881,15755
20210908,6호선,창신,3504,2846,6350
20210908,6호선,보문,6791,6297,13088
20210908,6호선,안암,9150,9265,18415
20210908,6호선,고려대,7306,7041,14347
20210908,6호선,월곡,10779,10687,21466
20210908,6호선,상월곡,6110,5453,11563
20210908,6호선,돌곶이,8973,8458,17431
20210908,6호선,석계,11704,12087,23791
20210908,6호선,태릉입구,5083,5661,10744
20210908,6호선,화랑대,11127,8531,19658
20210908,6호선,봉화산,8609,8172,16781
20210909,6호선,응암,16852,16725,33577
20210909,6호선,역촌,3797,4405,8202
20210909,6호선,불광,3979,4107,8086
20210909,6호선,독바위,2680,2784,5464
20210909,6호선,구산,7553,5785,13338
20210909,6호선,새절,12355,11391,23746
20210909,6호선,증산,9568,9487,19055
20210909,6호선,디지털미디어시티,12986,14033,27019
20210909,6호선,월드컵경기장,4667,4912,9579
20210909,6호선,마포구청,13625,12108,25733
20210909,6호선,망원,13424,14605,28029
20210909,6호선,합정,11630,11534,23164
20210909,6호선,상수,6911,7746,14657
20210909,6호선,광흥창,8590,8407,16997
20210909,6호선,대흥,7941,8088,16029
20210909,6호선,공덕,17422,16579,34001
20210909,6호선,효창공원앞,6727,6000,12727
20210909,6호선,삼각지,5597,4994,10591
20210909,6호선,녹사평,4607,4436,9043
20210909,6호선,이태원,8004,8181,16185
20210909,6호선,한강진,6934,7885,14819
20210909,6호선,버티고개,1733,1977,3710
20210909,6호선,약수,3638,3386,7024
20210909,6호선,청구,3719,3975,7694
20210909,6호선,신당,8063,8567,16630
20210909,6호선,동묘앞,7614,7964,15578
20210909,6호선,창신,3455,2808,6263
20210909,6호선,보문,7044,6581,13625
20210909,6호선,안암,9706,9509,19215
20210909,6호선,고려대,7318,7014,14332
20210909,6호선,월곡,10845,10837,21682
20210909,6호선,상월곡,6156,5501,11657
20210909,6호선,돌곶이,8956,8372,17328
20210909,6호선,석계,11521,12009,23530
20210909,6호선,태릉입구,5211,5742,10953
20210909,6호선,화랑대,10978,8567,19545
20210909,6호선,봉화산,8500,7995,16495
20210910,6호선,봉화산,8598,8050,16648
20210910,6호선,화랑대,11121,8592,19713
20210910,6호선,태릉입구,5283,5807,11090
20210910,6호선,석계,11845,12104,23949
20210910,6호선,돌곶이,8880,8287,17167
20210910,6호선,상월곡,6110,5426,11536
20210910,6호선,월곡,10930,10783,21713
20210910,6호선,고려대,7599,7251,14850
20210910,6호선,안암,10094,9751,19845
20210910,6호선,보문,7286,6581,13867
20210910,6호선,창신,3355,2750,6105
20210910,6호선,동묘앞,7998,8054,16052
20210910,6호선,신당,8344,8681,17025
20210910,6호선,청구,3733,4042,7775
20210910,6호선,약수,3671,3540,7211
20210910,6호선,버티고개,1797,1903,3700
20210910,6호선,한강진,8004,9219,17223
20210910,6호선,이태원,9104,9598,18702
20210910,6호선,녹사평,5070,4943,10013
20210910,6호선,삼각지,5796,5050,10846
20210910,6호선,효창공원앞,6745,6101,12846
20210910,6호선,공덕,17478,16863,34341
20210910,6호선,대흥,8051,8312,16363
20210910,6호선,광흥창,8660,8334,16994
20210910,6호선,상수,7755,8862,16617
20210910,6호선,합정,12440,12264,24704
20210910,6호선,망원,14490,15656,30146
20210910,6호선,마포구청,13864,12268,26132
20210910,6호선,월드컵경기장,4898,5097,9995
20210910,6호선,디지털미디어시티,12676,13588,26264
20210910,6호선,증산,9658,9398,19056
20210910,6호선,새절,12501,11560,24061
20210910,6호선,구산,7660,5724,13384
20210910,6호선,연신내,3,0,3
20210910,6호선,독바위,2667,2856,5523
20210910,6호선,불광,4114,4077,8191
20210910,6호선,역촌,3841,4448,8289
20210910,6호선,응암,16990,16853,33843
20210913,6호선,봉화산,8591,8021,16612
20210913,6호선,화랑대,11046,8543,19589
20210913,6호선,태릉입구,4978,5645,10623
20210913,6호선,석계,11677,12090,23767
20210913,6호선,돌곶이,8755,8370,17125
20210913,6호선,상월곡,6153,5570,11723
20210913,6호선,월곡,10911,10891,21802
20210913,6호선,고려대,7194,6920,14114
20210913,6호선,안암,9353,9542,18895
20210913,6호선,보문,6767,6371,13138
20210913,6호선,창신,3403,2833,6236
20210913,6호선,동묘앞,7474,7639,15113
20210913,6호선,신당,7600,8115,15715
20210913,6호선,청구,3743,3974,7717
20210913,6호선,약수,3705,3491,7196
20210913,6호선,버티고개,1794,1986,3780
20210913,6호선,한강진,6095,6908,13003
20210913,6호선,이태원,7742,7995,15737
20210913,6호선,녹사평,4322,4122,8444
20210913,6호선,삼각지,5137,4513,9650
20210913,6호선,효창공원앞,6648,6153,12801
20210913,6호선,공덕,17473,16896,34369
20210913,6호선,대흥,7700,7929,15629
20210913,6호선,광흥창,8649,8318,16967
20210913,6호선,상수,6954,7897,14851
20210913,6호선,합정,11209,11242,22451
20210913,6호선,망원,13321,14023,27344
20210913,6호선,마포구청,13413,12177,25590
20210913,6호선,월드컵경기장,4282,4520,8802
20210913,6호선,디지털미디어시티,13098,14055,27153
20210913,6호선,증산,9500,9475,18975
20210913,6호선,새절,12366,11572,23938
20210913,6호선,구산,7491,5741,13232
20210913,6호선,연신내,1,0,1
20210913,6호선,독바위,2647,2829,5476
20210913,6호선,불광,3973,3994,7967
20210913,6호선,역촌,3778,4415,8193
20210913,6호선,응암,16910,16805,33715
20210914,6호선,응암,16874,16877,33751
20210914,6호선,역촌,3726,4337,8063
20210914,6호선,불광,3867,3830,7697
20210914,6호선,독바위,2733,2877,5610
20210914,6호선,연신내,1,0,1
20210914,6호선,구산,7491,5785,13276
20210914,6호선,새절,12257,11487,23744
20210914,6호선,증산,9665,9509,19174
20210914,6호선,디지털미디어시티,13073,14221,27294
20210914,6호선,월드컵경기장,4428,4652,9080
20210914,6호선,마포구청,13521,12287,25808
20210914,6호선,망원,13511,14616,28127
20210914,6호선,합정,11578,11577,23155
20210914,6호선,상수,7070,7987,15057
20210914,6호선,광흥창,8828,8541,17369
20210914,6호선,대흥,7947,8143,16090
20210914,6호선,공덕,17612,16912,34524
20210914,6호선,효창공원앞,6727,5928,12655
20210914,6호선,삼각지,5829,5020,10849
20210914,6호선,녹사평,4524,4422,8946
20210914,6호선,이태원,7886,8234,16120
20210914,6호선,한강진,7091,7936,15027
20210914,6호선,버티고개,1836,1955,3791
20210914,6호선,약수,3712,3443,7155
20210914,6호선,청구,3781,4022,7803
20210914,6호선,신당,8124,8514,16638
20210914,6호선,동묘앞,7632,7768,15400
20210914,6호선,창신,3449,2799,6248
20210914,6호선,보문,6836,6400,13236
20210914,6호선,안암,9664,9619,19283
20210914,6호선,고려대,7328,7078,14406
20210914,6호선,월곡,10873,10826,21699
20210914,6호선,상월곡,6167,5582,11749
20210914,6호선,돌곶이,9047,8365,17412
20210914,6호선,석계,11739,12200,23939
20210914,6호선,태릉입구,5135,5710,10845
20210914,6호선,화랑대,11112,8650,19762
20210914,6호선,봉화산,8646,8223,16869
20210915,6호선,응암,17454,17097,34551
20210915,6호선,역촌,3854,4441,8295
20210915,6호선,불광,4089,4192,8281
20210915,6호선,독바위,2763,2851,5614
20210915,6호선,구산,7707,5906,13613
20210915,6호선,새절,12520,11667,24187
20210915,6호선,증산,9740,9751,19491
20210915,6호선,디지털미디어시티,13421,14476,27897
20210915,6호선,월드컵경기장,4814,5003,9817
20210915,6호선,마포구청,14092,12508,26600
20210915,6호선,망원,13832,14856,28688
20210915,6호선,합정,11843,11951,23794
20210915,6호선,상수,7406,8217,15623
20210915,6호선,광흥창,9089,8749,17838
20210915,6호선,대흥,8013,8221,16234
20210915,6호선,공덕,17697,17257,34954
20210915,6호선,효창공원앞,6828,6225,13053
20210915,6호선,삼각지,5905,5102,11007
20210915,6호선,녹사평,4656,4540,9196
20210915,6호선,이태원,8313,8623,16936
20210915,6호선,한강진,7301,8245,15546
20210915,6호선,버티고개,1867,1975,3842
20210915,6호선,약수,3893,3449,7342
20210915,6호선,청구,3873,4122,7995
20210915,6호선,신당,8866,9245,18111
20210915,6호선,동묘앞,7809,8027,15836
20210915,6호선,창신,3485,2818,6303
20210915,6호선,보문,7080,6506,13586
20210915,6호선,안암,9689,9764,19453
20210915,6호선,고려대,7780,7361,15141
20210915,6호선,월곡,11147,10985,22132
20210915,6호선,상월곡,6340,5708,12048
20210915,6호선,돌곶이,9073,8594,17667
20210915,6호선,석계,12014,12377,24391
20210915,6호선,태릉입구,5307,5761,11068
20210915,6호선,화랑대,11284,8756,20040
20210915,6호선,봉화산,8614,8144,16758
20210916,6호선,신당,8304,8760,17064
20210916,6호선,청구,3937,4097,8034
20210916,6호선,약수,3786,3541,7327
20210916,6호선,버티고개,1789,2066,3855
20210916,6호선,한강진,7011,8008,15019
20210916,6호선,이태원,8323,8785,17108
20210916,6호선,녹사평,4718,4511,9229
20210916,6호선,삼각지,5850,5143,10993
20210916,6호선,효창공원앞,6994,6238,13232
20210916,6호선,공덕,17676,16880,34556
20210916,6호선,대흥,8042,8184,16226
20210916,6호선,광흥창,8813,8567,17380
20210916,6호선,상수,7390,8089,15479
20210916,6호선,합정,11744,11637,23381
20210916,6호선,망원,14122,15062,29184
20210916,6호선,마포구청,14047,12308,26355
20210916,6호선,월드컵경기장,4551,4879,9430
20210916,6호선,디지털미디어시티,13297,14219,27516
20210916,6호선,증산,9866,9706,19572
20210916,6호선,새절,12467,11643,24110
20210916,6호선,구산,7719,5816,13535
20210916,6호선,연신내,2,0,2
20210916,6호선,독바위,2725,2939,5664
20210916,6호선,불광,4055,3995,8050
20210916,6호선,역촌,3741,4544,8285
20210916,6호선,응암,17218,16944,34162
20210916,6호선,동묘앞,7750,7989,15739
20210916,6호선,창신,3527,2882,6409
20210916,6호선,보문,7469,6477,13946
20210916,6호선,안암,10131,9632,19763
20210916,6호선,고려대,8082,7243,15325
20210916,6호선,월곡,11414,11040,22454
20210916,6호선,상월곡,6311,5735,12046
20210916,6호선,돌곶이,8980,8397,17377
20210916,6호선,석계,12025,12392,24417
20210916,6호선,태릉입구,5222,5665,10887
20210916,6호선,화랑대,11373,8587,19960
20210916,6호선,봉화산,8729,8120,16849
20210917,6호선,응암,17297,16832,34129
20210917,6호선,역촌,3782,4330,8112
20210917,6호선,불광,4070,4154,8224
20210917,6호선,독바위,2695,2740,5435
20210917,6호선,구산,7750,5781,13531
20210917,6호선,새절,12679,11641,24320
20210917,6호선,증산,9736,9524,19260
20210917,6호선,디지털미디어시티,12687,13647,26334
20210917,6호선,월드컵경기장,4740,4930,9670
20210917,6호선,마포구청,13837,12193,26030
20210917,6호선,망원,15080,16620,31700
20210917,6호선,합정,12701,12273,24974
20210917,6호선,상수,7825,8891,16716
20210917,6호선,광흥창,8549,8344,16893
20210917,6호선,대흥,8117,8064,16181
20210917,6호선,공덕,17511,16555,34066
20210917,6호선,효창공원앞,6926,6020,12946
20210917,6호선,삼각지,6049,5181,11230
20210917,6호선,녹사평,5213,5153,10366
20210917,6호선,이태원,9674,10365,20039
20210917,6호선,한강진,7993,9408,17401
20210917,6호선,버티고개,1809,1997,3806
20210917,6호선,약수,3725,3623,7348
20210917,6호선,청구,3690,3954,7644
20210917,6호선,신당,8363,8701,17064
20210917,6호선,동묘앞,8188,8188,16376
20210917,6호선,창신,3512,2880,6392
20210917,6호선,보문,7377,6352,13729
20210917,6호선,안암,10562,9532,20094
20210917,6호선,고려대,7846,7045,14891
20210917,6호선,월곡,11514,11099,22613
20210917,6호선,상월곡,6322,5471,11793
20210917,6호선,돌곶이,9025,8207,17232
20210917,6호선,석계,12078,12289,24367
20210917,6호선,태릉입구,5330,5717,11047
20210917,6호선,화랑대,11166,8573,19739
20210917,6호선,봉화산,8630,8125,16755
20210920,6호선,돌곶이,3063,2819,5882
20210920,6호선,상월곡,2116,1918,4034
20210920,6호선,월곡,3736,3572,7308
20210920,6호선,고려대,2761,2441,5202
20210920,6호선,안암,2911,2587,5498
20210920,6호선,보문,2373,1968,4341
20210920,6호선,창신,1109,958,2067
20210920,6호선,동묘앞,3842,3611,7453
20210920,6호선,신당,1940,1665,3605
20210920,6호선,청구,1108,1093,2201
20210920,6호선,약수,1202,1031,2233
20210920,6호선,버티고개,660,756,1416
20210920,6호선,한강진,2578,3211,5789
20210920,6호선,이태원,6978,7292,14270
20210920,6호선,녹사평,2514,2505,5019
20210920,6호선,삼각지,2254,1668,3922
20210920,6호선,효창공원앞,2183,1803,3986
20210920,6호선,공덕,4345,3965,8310
20210920,6호선,대흥,2443,2403,4846
20210920,6호선,광흥창,2511,2228,4739
20210920,6호선,상수,3173,3534,6707
20210920,6호선,합정,5531,5217,10748
20210920,6호선,망원,7443,7998,15441
20210920,6호선,응암,6793,6750,13543
20210920,6호선,역촌,1393,1543,2936
20210920,6호선,불광,2047,1870,3917
20210920,6호선,독바위,1264,1372,2636
20210920,6호선,연신내,1,0,1
20210920,6호선,구산,2734,2046,4780
20210920,6호선,새절,4638,4388,9026
20210920,6호선,증산,4008,3894,7902
20210920,6호선,디지털미디어시티,3487,3522,7009
20210920,6호선,월드컵경기장,3340,3376,6716
20210920,6호선,마포구청,4654,3862,8516
20210920,6호선,석계,4606,4619,9225
20210920,6호선,태릉입구,1984,2104,4088
20210920,6호선,화랑대,3264,2694,5958
20210920,6호선,봉화산,2648,2669,5317
20210920,6호선,신내,1,0,1
20210921,6호선,삼각지,1730,1258,2988
20210921,6호선,녹사평,2000,2015,4015
20210921,6호선,이태원,6199,6422,12621
20210921,6호선,한강진,2462,2757,5219
20210921,6호선,버티고개,541,673,1214
20210921,6호선,청구,1046,975,2021
20210921,6호선,신당,1339,1371,2710
20210921,6호선,동묘앞,2566,2560,5126
20210921,6호선,창신,925,863,1788
20210921,6호선,보문,2032,2235,4267
20210921,6호선,안암,2239,2550,4789
20210921,6호선,고려대,2294,2451,4745
20210921,6호선,월곡,3245,3205,6450
20210921,6호선,상월곡,1938,1846,3784
20210921,6호선,돌곶이,2542,2604,5146
20210921,6호선,석계,3950,3876,7826
20210921,6호선,태릉입구,1727,1811,3538
20210921,6호선,화랑대,2819,2426,5245
20210921,6호선,봉화산,2385,2339,4724
20210921,6호선,약수,928,878,1806
20210921,6호선,효창공원앞,1630,1515,3145
20210921,6호선,공덕,3176,3284,6460
20210921,6호선,대흥,1903,2074,3977
20210921,6호선,광흥창,1810,1837,3647
20210921,6호선,상수,2203,2688,4891
20210921,6호선,합정,4094,3835,7929
20210921,6호선,망원,4107,4949,9056
20210921,6호선,마포구청,3831,3771,7602
20210921,6호선,월드컵경기장,2640,2585,5225
20210921,6호선,디지털미디어시티,2923,3087,6010
20210921,6호선,증산,3556,3634,7190
20210921,6호선,새절,3896,3969,7865
20210921,6호선,구산,2389,1806,4195
20210921,6호선,독바위,1024,1127,2151
20210921,6호선,불광,1219,1239,2458
20210921,6호선,역촌,1256,1533,2789
20210921,6호선,응암,5626,5991,11617
20210922,6호선,응암,7407,7727,15134
20210922,6호선,역촌,1646,2021,3667
20210922,6호선,불광,2283,2144,4427
20210922,6호선,독바위,1309,1587,2896
20210922,6호선,연신내,1,0,1
20210922,6호선,구산,3159,2411,5570
20210922,6호선,새절,5180,5027,10207
20210922,6호선,증산,4509,4647,9156
20210922,6호선,디지털미디어시티,3974,4232,8206
20210922,6호선,월드컵경기장,4322,4434,8756
20210922,6호선,마포구청,5089,5115,10204
20210922,6호선,망원,6951,8279,15230
20210922,6호선,합정,7144,6418,13562
20210922,6호선,상수,3934,4705,8639
20210922,6호선,광흥창,2785,2727,5512
20210922,6호선,대흥,2614,2940,5554
20210922,6호선,공덕,5090,5082,10172
20210922,6호선,효창공원앞,2416,2152,4568
20210922,6호선,삼각지,2591,2038,4629
20210922,6호선,녹사평,3033,2988,6021
20210922,6호선,이태원,8297,8336,16633
20210922,6호선,한강진,4475,5499,9974
20210922,6호선,버티고개,761,911,1672
20210922,6호선,약수,1208,1164,2372
20210922,6호선,청구,1413,1209,2622
20210922,6호선,신당,3190,3353,6543
20210922,6호선,동묘앞,3966,3996,7962
20210922,6호선,창신,1257,1187,2444
20210922,6호선,보문,2767,3105,5872
20210922,6호선,안암,3066,4176,7242
20210922,6호선,고려대,2849,3223,6072
20210922,6호선,월곡,4369,4583,8952
20210922,6호선,상월곡,2272,2245,4517
20210922,6호선,돌곶이,3324,3351,6675
20210922,6호선,석계,5223,5485,10708
20210922,6호선,태릉입구,2207,2632,4839
20210922,6호선,화랑대,3950,3329,7279
20210922,6호선,봉화산,3178,3168,6346
20210923,6호선,응암,15982,16018,32000
20210923,6호선,역촌,3598,4343,7941
20210923,6호선,불광,3804,3835,7639
20210923,6호선,독바위,2570,2681,5251
20210923,6호선,연신내,16,0,16
20210923,6호선,구산,6944,5246,12190
20210923,6호선,새절,11456,11000,22456
20210923,6호선,증산,9053,8991,18044
20210923,6호선,디지털미디어시티,12068,13058,25126
20210923,6호선,월드컵경기장,4552,4689,9241
20210923,6호선,마포구청,12517,11404,23921
20210923,6호선,망원,12247,13481,25728
20210923,6호선,합정,10814,10628,21442
20210923,6호선,상수,6474,7481,13955
20210923,6호선,광흥창,8068,7748,15816
20210923,6호선,대흥,7100,7394,14494
20210923,6호선,공덕,15568,15167,30735
20210923,6호선,효창공원앞,6230,5618,11848
20210923,6호선,삼각지,5147,4502,9649
20210923,6호선,녹사평,4372,4172,8544
20210923,6호선,이태원,9106,9390,18496
20210923,6호선,한강진,6493,7414,13907
20210923,6호선,버티고개,1676,1847,3523
20210923,6호선,약수,3363,3097,6460
20210923,6호선,청구,3458,3653,7111
20210923,6호선,신당,6443,7439,13882
20210923,6호선,동묘앞,6766,7248,14014
20210923,6호선,창신,3068,2501,5569
20210923,6호선,보문,6367,6037,12404
20210923,6호선,안암,8258,8971,17229
20210923,6호선,고려대,6515,6559,13074
20210923,6호선,월곡,10195,10308,20503
20210923,6호선,상월곡,5781,5282,11063
20210923,6호선,돌곶이,8053,7683,15736
20210923,6호선,석계,11027,11513,22540
20210923,6호선,태릉입구,4818,5443,10261
20210923,6호선,화랑대,10136,8057,18193
20210923,6호선,봉화산,7984,7546,15530
20210924,6호선,응암,17077,16574,33651
20210924,6호선,역촌,3741,4453,8194
20210924,6호선,불광,4051,4010,8061
20210924,6호선,독바위,2689,2769,5458
20210924,6호선,연신내,1,0,1
20210924,6호선,구산,7232,5569,12801
20210924,6호선,새절,12123,11289,23412
20210924,6호선,증산,9568,9475,19043
20210924,6호선,디지털미디어시티,12671,13421,26092
20210924,6호선,월드컵경기장,4785,5055,9840
20210924,6호선,마포구청,13244,12012,25256
20210924,6호선,망원,13273,14728,28001
20210924,6호선,합정,12512,12241,24753
20210924,6호선,상수,7238,8477,15715
20210924,6호선,광흥창,8269,7925,16194
20210924,6호선,대흥,7602,7767,15369
20210924,6호선,공덕,16571,15961,32532
20210924,6호선,효창공원앞,6630,5906,12536
20210924,6호선,삼각지,5972,5144,11116
20210924,6호선,녹사평,4992,4777,9769
20210924,6호선,이태원,11313,12282,23595
20210924,6호선,한강진,7960,9110,17070
20210924,6호선,버티고개,1822,1952,3774
20210924,6호선,약수,3588,3493,7081
20210924,6호선,청구,3715,3902,7617
20210924,6호선,신당,8201,8637,16838
20210924,6호선,동묘앞,7787,7961,15748
20210924,6호선,창신,3144,2433,5577
20210924,6호선,보문,6941,6438,13379
20210924,6호선,안암,9718,9981,19699
20210924,6호선,고려대,7358,7060,14418
20210924,6호선,월곡,10830,10727,21557
20210924,6호선,상월곡,5896,5282,11178
20210924,6호선,돌곶이,8627,8143,16770
20210924,6호선,석계,11574,11950,23524
20210924,6호선,태릉입구,5167,5710,10877
20210924,6호선,화랑대,10912,8451,19363
20210924,6호선,봉화산,8439,7946,16385
20210927,6호선,봉화산,8622,8120,16742
20210927,6호선,화랑대,11159,8776,19935
20210927,6호선,태릉입구,5139,5620,10759
20210927,6호선,석계,11478,12171,23649
20210927,6호선,돌곶이,8828,8357,17185
20210927,6호선,상월곡,6127,5522,11649
20210927,6호선,월곡,10846,10977,21823
20210927,6호선,고려대,7162,7008,14170
20210927,6호선,안암,9490,9737,19227
20210927,6호선,보문,6787,6339,13126
20210927,6호선,창신,3345,2778,6123
20210927,6호선,동묘앞,7434,7661,15095
20210927,6호선,신당,7613,7996,15609
20210927,6호선,청구,3693,3996,7689
20210927,6호선,약수,3642,3515,7157
20210927,6호선,버티고개,1791,1976,3767
20210927,6호선,한강진,5958,6756,12714
20210927,6호선,이태원,7739,8100,15839
20210927,6호선,녹사평,4268,4152,8420
20210927,6호선,삼각지,5508,4820,10328
20210927,6호선,효창공원앞,6744,6068,12812
20210927,6호선,공덕,17340,16978,34318
20210927,6호선,대흥,7714,8126,15840
20210927,6호선,광흥창,8657,8369,17026
20210927,6호선,상수,6639,7291,13930
20210927,6호선,합정,11272,11234,22506
20210927,6호선,망원,12762,13590,26352
20210927,6호선,마포구청,13461,12268,25729
20210927,6호선,월드컵경기장,4412,4644,9056
20210927,6호선,디지털미디어시티,13231,14255,27486
20210927,6호선,증산,9672,9676,19348
20210927,6호선,새절,12551,11602,24153
20210927,6호선,구산,7557,5953,13510
20210927,6호선,연신내,1,0,1
20210927,6호선,독바위,2643,2864,5507
20210927,6호선,불광,3944,3955,7899
20210927,6호선,역촌,3759,4483,8242
20210927,6호선,응암,17221,17085,34306
20210928,6호선,신내,1,0,1
20210928,6호선,봉화산,8717,8126,16843
20210928,6호선,화랑대,11176,8906,20082
20210928,6호선,태릉입구,5167,5648,10815
20210928,6호선,석계,11595,12429,24024
20210928,6호선,돌곶이,8841,8305,17146
20210928,6호선,상월곡,6059,5588,11647
20210928,6호선,월곡,10941,10822,21763
20210928,6호선,고려대,7253,7077,14330
20210928,6호선,안암,9711,9861,19572
20210928,6호선,보문,6874,6467,13341
20210928,6호선,창신,3356,2799,6155
20210928,6호선,동묘앞,7591,7868,15459
20210928,6호선,신당,8134,8528,16662
20210928,6호선,약수,3679,3502,7181
20210928,6호선,버티고개,1800,1980,3780
20210928,6호선,한강진,6944,7783,14727
20210928,6호선,이태원,7928,8194,16122
20210928,6호선,녹사평,4369,4284,8653
20210928,6호선,삼각지,5808,5151,10959
20210928,6호선,효창공원앞,6745,6032,12777
20210928,6호선,공덕,17424,16986,34410
20210928,6호선,대흥,7822,8134,15956
20210928,6호선,광흥창,8552,8425,16977
20210928,6호선,상수,7025,7621,14646
20210928,6호선,합정,11734,11229,22963
20210928,6호선,망원,12987,13969,26956
20210928,6호선,마포구청,13616,12384,26000
20210928,6호선,월드컵경기장,4518,4685,9203
20210928,6호선,디지털미디어시티,13177,14384,27561
20210928,6호선,증산,9569,9600,19169
20210928,6호선,새절,12427,11745,24172
20210928,6호선,구산,7596,5971,13567
20210928,6호선,독바위,2712,2864,5576
20210928,6호선,불광,4010,3913,7923
20210928,6호선,역촌,3806,4536,8342
20210928,6호선,응암,16937,17064,34001
20210928,6호선,청구,3734,3983,7717
20210929,6호선,봉화산,8286,7881,16167
20210929,6호선,화랑대,10844,8380,19224
20210929,6호선,태릉입구,5022,5662,10684
20210929,6호선,석계,11304,11668,22972
20210929,6호선,돌곶이,8643,8608,17251
20210929,6호선,상월곡,6010,5395,11405
20210929,6호선,월곡,10476,10497,20973
20210929,6호선,고려대,7116,6718,13834
20210929,6호선,안암,9443,9502,18945
20210929,6호선,보문,6585,6180,12765
20210929,6호선,창신,3428,2806,6234
20210929,6호선,동묘앞,6910,7129,14039
20210929,6호선,청구,3692,3933,7625
20210929,6호선,약수,3458,3268,6726
20210929,6호선,버티고개,1720,1802,3522
20210929,6호선,한강진,6468,7277,13745
20210929,6호선,이태원,7564,7733,15297
20210929,6호선,녹사평,4140,4085,8225
20210929,6호선,삼각지,5573,5009,10582
20210929,6호선,효창공원앞,6621,5951,12572
20210929,6호선,공덕,17114,16431,33545
20210929,6호선,대흥,7548,7775,15323
20210929,6호선,광흥창,8448,8142,16590
20210929,6호선,상수,6652,7410,14062
20210929,6호선,합정,11159,10945,22104
20210929,6호선,망원,12388,13437,25825
20210929,6호선,마포구청,13012,11837,24849
20210929,6호선,월드컵경기장,3639,3879,7518
20210929,6호선,디지털미디어시티,12827,14051,26878
20210929,6호선,증산,9356,9197,18553
20210929,6호선,새절,12070,11166,23236
20210929,6호선,구산,7387,5603,12990
20210929,6호선,독바위,2580,2612,5192
20210929,6호선,불광,3591,3785,7376
20210929,6호선,역촌,3706,4300,8006
20210929,6호선,응암,16521,16461,32982
20210929,6호선,신당,8629,8996,17625
20210930,6호선,월곡,10934,10851,21785
20210930,6호선,상월곡,6221,5585,11806
20210930,6호선,돌곶이,9457,8553,18010
20210930,6호선,석계,11871,12208,24079
20210930,6호선,태릉입구,5290,5866,11156
20210930,6호선,화랑대,11414,8842,20256
20210930,6호선,봉화산,8642,8104,16746
20210930,6호선,신내,1,0,1
20210930,6호선,응암,17195,16978,34173
20210930,6호선,역촌,3810,4383,8193
20210930,6호선,불광,4021,3984,8005
20210930,6호선,독바위,2737,2958,5695
20210930,6호선,구산,7593,5824,13417
20210930,6호선,새절,12619,11648,24267
20210930,6호선,증산,9702,9572,19274
20210930,6호선,디지털미디어시티,13212,14141,27353
20210930,6호선,월드컵경기장,5141,5435,10576
20210930,6호선,마포구청,13753,12195,25948
20210930,6호선,망원,13404,14528,27932
20210930,6호선,합정,11898,11783,23681
20210930,6호선,상수,7206,7947,15153
20210930,6호선,광흥창,8600,8452,17052
20210930,6호선,대흥,7759,8060,15819
20210930,6호선,공덕,17510,17105,34615
20210930,6호선,효창공원앞,6876,6198,13074
20210930,6호선,삼각지,5892,5160,11052
20210930,6호선,녹사평,4603,4575,9178
20210930,6호선,이태원,8476,8749,17225
20210930,6호선,한강진,7285,8286,15571
20210930,6호선,버티고개,1807,1933,3740
20210930,6호선,약수,3616,3473,7089
20210930,6호선,청구,3759,4004,7763
20210930,6호선,신당,8247,8706,16953
20210930,6호선,동묘앞,7696,7875,15571
20210930,6호선,창신,3539,2792,6331
20210930,6호선,보문,7104,6568,13672
20210930,6호선,안암,9701,9665,19366
20210930,6호선,고려대,7305,7096,14401
20211001,6호선,신내,1,0,1
20211001,6호선,봉화산,8629,8155,16784
20211001,6호선,화랑대,11415,8812,20227
20211001,6호선,태릉입구,5422,5971,11393
20211001,6호선,석계,12063,12492,24555
20211001,6호선,돌곶이,8888,8442,17330
20211001,6호선,상월곡,6168,5529,11697
20211001,6호선,월곡,11254,10932,22186
20211001,6호선,고려대,7478,7242,14720
20211001,6호선,안암,10549,10199,20748
20211001,6호선,보문,7217,6627,13844
20211001,6호선,창신,3491,2810,6301
20211001,6호선,동묘앞,7906,8126,16032
20211001,6호선,신당,8397,8672,17069
20211001,6호선,청구,3715,3980,7695
20211001,6호선,약수,3694,3571,7265
20211001,6호선,버티고개,1850,2014,3864
20211001,6호선,한강진,7846,8988,16834
20211001,6호선,이태원,10052,10254,20306
20211001,6호선,녹사평,5056,5080,10136
20211001,6호선,삼각지,5478,4720,10198
20211001,6호선,효창공원앞,6800,6109,12909
20211001,6호선,공덕,17776,17200,34976
20211001,6호선,대흥,7961,8170,16131
20211001,6호선,광흥창,8532,8459,16991
20211001,6호선,상수,8149,8967,17116
20211001,6호선,합정,12795,12556,25351
20211001,6호선,망원,14154,15231,29385
20211001,6호선,마포구청,13757,12383,26140
20211001,6호선,월드컵경기장,5394,5552,10946
20211001,6호선,디지털미디어시티,12944,13971,26915
20211001,6호선,증산,9708,9632,19340
20211001,6호선,새절,12426,11689,24115
20211001,6호선,구산,7567,5898,13465
20211001,6호선,연신내,1,0,1
20211001,6호선,독바위,2636,2830,5466
20211001,6호선,불광,4158,4010,8168
20211001,6호선,역촌,3873,4555,8428
20211001,6호선,응암,17279,16982,34261
20211004,6호선,응암,9917,9963,19880
20211004,6호선,역촌,2401,2663,5064
20211004,6호선,불광,2792,2525,5317
20211004,6호선,독바위,1592,1856,3448
20211004,6호선,구산,4294,3407,7701
20211004,6호선,새절,6799,6795,13594
20211004,6호선,증산,5872,6002,11874
20211004,6호선,디지털미디어시티,5410,5706,11116
20211004,6호선,월드컵경기장,4130,4146,8276
20211004,6호선,마포구청,7285,6586,13871
20211004,6호선,망원,8884,9558,18442
20211004,6호선,합정,8070,7644,15714
20211004,6호선,상수,4980,5704,10684
20211004,6호선,광흥창,4012,3807,7819
20211004,6호선,대흥,3997,4179,8176
20211004,6호선,공덕,7164,6882,14046
20211004,6호선,효창공원앞,3565,3115,6680
20211004,6호선,삼각지,3116,2573,5689
20211004,6호선,녹사평,2816,2905,5721
20211004,6호선,이태원,6769,6785,13554
20211004,6호선,한강진,4448,5054,9502
20211004,6호선,버티고개,1020,1162,2182
20211004,6호선,약수,2157,2122,4279
20211004,6호선,청구,2125,2290,4415
20211004,6호선,신당,5342,5593,10935
20211004,6호선,동묘앞,5294,5314,10608
20211004,6호선,창신,1742,1595,3337
20211004,6호선,보문,3964,3693,7657
20211004,6호선,안암,4686,5050,9736
20211004,6호선,고려대,3973,4002,7975
20211004,6호선,월곡,5907,5978,11885
20211004,6호선,상월곡,3469,3157,6626
20211004,6호선,돌곶이,5180,4884,10064
20211004,6호선,석계,6889,7291,14180
20211004,6호선,태릉입구,3182,3492,6674
20211004,6호선,화랑대,5468,4507,9975
20211004,6호선,봉화산,4277,4268,8545
20211004,6호선,신내,2,0,2
20211005,6호선,고려대,7213,7034,14247
20211005,6호선,월곡,10948,10986,21934
20211005,6호선,상월곡,6299,5661,11960
20211005,6호선,돌곶이,9201,8697,17898
20211005,6호선,석계,11760,12326,24086
20211005,6호선,태릉입구,5151,5666,10817
20211005,6호선,화랑대,11241,8896,20137
20211005,6호선,봉화산,8776,8252,17028
20211005,6호선,응암,17106,16973,34079
20211005,6호선,불광,4074,4010,8084
20211005,6호선,독바위,2753,2922,5675
20211005,6호선,연신내,1,0,1
20211005,6호선,구산,7732,5970,13702
20211005,6호선,새절,12463,11823,24286
20211005,6호선,증산,9707,9676,19383
20211005,6호선,디지털미디어시티,13398,14650,28048
20211005,6호선,월드컵경기장,4317,4466,8783
20211005,6호선,마포구청,13626,12385,26011
20211005,6호선,망원,12716,13537,26253
20211005,6호선,합정,11077,11246,22323
20211005,6호선,상수,6835,7623,14458
20211005,6호선,광흥창,8721,8516,17237
20211005,6호선,대흥,7771,8201,15972
20211005,6호선,공덕,17935,17153,35088
20211005,6호선,효창공원앞,6773,6164,12937
20211005,6호선,삼각지,5468,4955,10423
20211005,6호선,녹사평,4223,4292,8515
20211005,6호선,이태원,7721,7780,15501
20211005,6호선,한강진,6605,7431,14036
20211005,6호선,버티고개,1787,1942,3729
20211005,6호선,약수,3625,3406,7031
20211005,6호선,청구,3719,3955,7674
20211005,6호선,신당,7685,8215,15900
20211005,6호선,동묘앞,7375,7657,15032
20211005,6호선,창신,3405,2844,6249
20211005,6호선,보문,6828,6405,13233
20211005,6호선,안암,9800,9806,19606
20211005,6호선,역촌,3842,4483,8325
20211006,6호선,신내,1,0,1
20211006,6호선,봉화산,8660,8183,16843
20211006,6호선,화랑대,11041,8559,19600
20211006,6호선,태릉입구,5117,5598,10715
20211006,6호선,석계,11496,12155,23651
20211006,6호선,돌곶이,9117,8509,17626
20211006,6호선,상월곡,6278,5646,11924
20211006,6호선,월곡,11052,10862,21914
20211006,6호선,고려대,7438,7145,14583
20211006,6호선,안암,9755,9785,19540
20211006,6호선,보문,6869,6469,13338
20211006,6호선,창신,3468,2800,6268
20211006,6호선,동묘앞,7164,7501,14665
20211006,6호선,신당,8484,8858,17342
20211006,6호선,청구,3750,4082,7832
20211006,6호선,약수,3577,3446,7023
20211006,6호선,버티고개,1826,1907,3733
20211006,6호선,한강진,7022,7947,14969
20211006,6호선,이태원,7955,8191,16146
20211006,6호선,녹사평,4404,4235,8639
20211006,6호선,삼각지,5740,5144,10884
20211006,6호선,효창공원앞,6780,6125,12905
20211006,6호선,공덕,17593,17133,34726
20211006,6호선,대흥,7887,8040,15927
20211006,6호선,광흥창,8745,8513,17258
20211006,6호선,상수,6955,7824,14779
20211006,6호선,합정,11625,11448,23073
20211006,6호선,망원,12853,13684,26537
20211006,6호선,마포구청,13524,12008,25532
20211006,6호선,월드컵경기장,3941,4181,8122
20211006,6호선,디지털미디어시티,13295,14596,27891
20211006,6호선,증산,9748,9627,19375
20211006,6호선,새절,12452,11594,24046
20211006,6호선,구산,7628,5782,13410
20211006,6호선,연신내,1,0,1
20211006,6호선,독바위,2708,2804,5512
20211006,6호선,불광,3834,3907,7741
20211006,6호선,역촌,3721,4367,8088
20211006,6호선,응암,16858,16660,33518
20211007,6호선,봉화산,8747,8248,16995
20211007,6호선,화랑대,11215,8794,20009
20211007,6호선,태릉입구,5252,5838,11090
20211007,6호선,석계,11910,12216,24126
20211007,6호선,돌곶이,8949,8404,17353
20211007,6호선,상월곡,6207,5524,11731
20211007,6호선,월곡,11050,11035,22085
20211007,6호선,고려대,7280,7000,14280
20211007,6호선,안암,9691,9568,19259
20211007,6호선,보문,7035,6472,13507
20211007,6호선,창신,3413,2835,6248
20211007,6호선,동묘앞,7383,7565,14948
20211007,6호선,신당,7979,8465,16444
20211007,6호선,청구,3769,4060,7829
20211007,6호선,약수,3622,3471,7093
20211007,6호선,버티고개,1833,2009,3842
20211007,6호선,한강진,7405,8379,15784
20211007,6호선,이태원,8207,8586,16793
20211007,6호선,녹사평,4511,4376,8887
20211007,6호선,삼각지,5869,5110,10979
20211007,6호선,효창공원앞,6719,6068,12787
20211007,6호선,공덕,17747,16982,34729
20211007,6호선,대흥,7870,8108,15978
20211007,6호선,광흥창,8772,8520,17292
20211007,6호선,상수,7210,7769,14979
20211007,6호선,합정,11673,11677,23350
20211007,6호선,망원,13130,14012,27142
20211007,6호선,마포구청,13496,12208,25704
20211007,6호선,월드컵경기장,4165,4397,8562
20211007,6호선,디지털미디어시티,13285,14486,27771
20211007,6호선,증산,9568,9333,18901
20211007,6호선,새절,12335,11558,23893
20211007,6호선,구산,7582,5754,13336
20211007,6호선,독바위,2663,2804,5467
20211007,6호선,불광,3879,3949,7828
20211007,6호선,역촌,3698,4449,8147
20211007,6호선,응암,17048,16709,33757
20211008,6호선,봉화산,8721,8187,16908
20211008,6호선,화랑대,11376,8722,20098
20211008,6호선,태릉입구,5240,5763,11003
20211008,6호선,석계,11860,12349,24209
20211008,6호선,돌곶이,9012,8212,17224
20211008,6호선,상월곡,6169,5449,11618
20211008,6호선,월곡,11281,10895,22176
20211008,6호선,고려대,7584,7316,14900
20211008,6호선,안암,10573,10269,20842
20211008,6호선,보문,7110,6492,13602
20211008,6호선,창신,3528,2851,6379
20211008,6호선,동묘앞,7508,7662,15170
20211008,6호선,신당,8471,8790,17261
20211008,6호선,청구,3808,3964,7772
20211008,6호선,약수,3831,3647,7478
20211008,6호선,버티고개,1897,2004,3901
20211008,6호선,한강진,8140,9345,17485
20211008,6호선,이태원,9455,10261,19716
20211008,6호선,녹사평,4893,4888,9781
20211008,6호선,삼각지,6031,5319,11350
20211008,6호선,효창공원앞,6743,6060,12803
20211008,6호선,공덕,17886,17241,35127
20211008,6호선,대흥,8099,8236,16335
20211008,6호선,광흥창,8558,8354,16912
20211008,6호선,상수,7730,8725,16455
20211008,6호선,합정,12376,12373,24749
20211008,6호선,망원,13904,14967,28871
20211008,6호선,마포구청,13841,12180,26021
20211008,6호선,월드컵경기장,4049,4267,8316
20211008,6호선,디지털미디어시티,13040,14164,27204
20211008,6호선,증산,9800,9642,19442
20211008,6호선,새절,12488,11696,24184
20211008,6호선,구산,7802,5911,13713
20211008,6호선,독바위,2695,2740,5435
20211008,6호선,불광,4027,4116,8143
20211008,6호선,역촌,3865,4515,8380
20211008,6호선,응암,17147,16806,33953
20211011,6호선,응암,10496,10574,21070
20211011,6호선,역촌,2347,2815,5162
20211011,6호선,불광,2930,2882,5812
20211011,6호선,독바위,1722,2010,3732
20211011,6호선,연신내,1,0,1
20211011,6호선,구산,4577,3532,8109
20211011,6호선,새절,7104,6883,13987
20211011,6호선,증산,6216,6132,12348
20211011,6호선,디지털미디어시티,5788,6147,11935
20211011,6호선,월드컵경기장,6077,6263,12340
20211011,6호선,마포구청,7833,7070,14903
20211011,6호선,망원,10017,10776,20793
20211011,6호선,합정,9019,8103,17122
20211011,6호선,상수,5105,5853,10958
20211011,6호선,광흥창,4187,3931,8118
20211011,6호선,대흥,4123,4334,8457
20211011,6호선,공덕,7830,7367,15197
20211011,6호선,효창공원앞,3772,3521,7293
20211011,6호선,삼각지,3501,2858,6359
20211011,6호선,녹사평,3542,3520,7062
20211011,6호선,이태원,7978,7809,15787
20211011,6호선,한강진,5866,6720,12586
20211011,6호선,버티고개,1074,1248,2322
20211011,6호선,약수,2189,2151,4340
20211011,6호선,청구,2307,2464,4771
20211011,6호선,신당,5655,5823,11478
20211011,6호선,동묘앞,6249,6062,12311
20211011,6호선,창신,1745,1631,3376
20211011,6호선,보문,4174,3816,7990
20211011,6호선,안암,4903,5088,9991
20211011,6호선,고려대,4353,4322,8675
20211011,6호선,월곡,6320,6539,12859
20211011,6호선,상월곡,3657,3358,7015
20211011,6호선,돌곶이,5204,5092,10296
20211011,6호선,석계,7273,7603,14876
20211011,6호선,태릉입구,3435,3780,7215
20211011,6호선,화랑대,5918,4997,10915
20211011,6호선,봉화산,4607,4533,9140
20211012,6호선,응암,17208,17021,34229
20211012,6호선,역촌,3728,4440,8168
20211012,6호선,불광,4050,4146,8196
20211012,6호선,독바위,2765,2980,5745
20211012,6호선,연신내,1,0,1
20211012,6호선,구산,7742,5926,13668
20211012,6호선,새절,12764,11965,24729
20211012,6호선,증산,9841,9649,19490
20211012,6호선,디지털미디어시티,13713,14767,28480
20211012,6호선,월드컵경기장,5118,5363,10481
20211012,6호선,마포구청,14003,12480,26483
20211012,6호선,망원,13137,13923,27060
20211012,6호선,합정,11683,11534,23217
20211012,6호선,상수,7144,7698,14842
20211012,6호선,광흥창,8747,8502,17249
20211012,6호선,대흥,7971,8264,16235
20211012,6호선,공덕,18253,17788,36041
20211012,6호선,효창공원앞,7026,6293,13319
20211012,6호선,삼각지,5634,4902,10536
20211012,6호선,녹사평,4463,4396,8859
20211012,6호선,이태원,8269,8410,16679
20211012,6호선,한강진,7416,8389,15805
20211012,6호선,버티고개,1884,2058,3942
20211012,6호선,약수,3631,3529,7160
20211012,6호선,청구,3699,4018,7717
20211012,6호선,신당,7559,8056,15615
20211012,6호선,동묘앞,7654,7836,15490
20211012,6호선,창신,3546,2935,6481
20211012,6호선,보문,7007,6484,13491
20211012,6호선,안암,9619,9851,19470
20211012,6호선,고려대,7347,7175,14522
20211012,6호선,월곡,11192,11102,22294
20211012,6호선,상월곡,6269,5651,11920
20211012,6호선,돌곶이,9087,8637,17724
20211012,6호선,석계,11821,12440,24261
20211012,6호선,태릉입구,5268,5929,11197
20211012,6호선,화랑대,11411,9036,20447
20211012,6호선,봉화산,8680,8190,16870
20211013,6호선,봉화산,8917,8305,17222
20211013,6호선,화랑대,11614,9091,20705
20211013,6호선,태릉입구,5323,5900,11223
20211013,6호선,석계,11954,12423,24377
20211013,6호선,돌곶이,9263,8637,17900
20211013,6호선,상월곡,6169,5573,11742
20211013,6호선,월곡,11172,11141,22313
20211013,6호선,고려대,7534,7266,14800
20211013,6호선,안암,9560,9499,19059
20211013,6호선,보문,6938,6454,13392
20211013,6호선,창신,3548,2939,6487
20211013,6호선,동묘앞,7508,7817,15325
20211013,6호선,신당,8276,8704,16980
20211013,6호선,청구,3859,4106,7965
20211013,6호선,약수,3767,3551,7318
20211013,6호선,버티고개,1850,2088,3938
20211013,6호선,한강진,7566,8828,16394
20211013,6호선,이태원,8214,8457,16671
20211013,6호선,녹사평,4629,4485,9114
20211013,6호선,삼각지,5957,5219,11176
20211013,6호선,효창공원앞,7225,6373,13598
20211013,6호선,공덕,18093,17449,35542
20211013,6호선,대흥,8063,8291,16354
20211013,6호선,광흥창,8946,8671,17617
20211013,6호선,상수,7197,7877,15074
20211013,6호선,합정,12139,12040,24179
20211013,6호선,망원,13442,14235,27677
20211013,6호선,마포구청,13895,12354,26249
20211013,6호선,월드컵경기장,5499,5805,11304
20211013,6호선,디지털미디어시티,13685,14805,28490
20211013,6호선,증산,9916,9894,19810
20211013,6호선,새절,12969,11972,24941
20211013,6호선,구산,7693,5874,13567
20211013,6호선,독바위,2718,2908,5626
20211013,6호선,불광,4271,4307,8578
20211013,6호선,역촌,3868,4471,8339
20211013,6호선,응암,17545,17228,34773
20211014,6호선,봉화산,8797,8248,17045
20211014,6호선,화랑대,11318,8817,20135
20211014,6호선,태릉입구,5237,5898,11135
20211014,6호선,석계,11788,12267,24055
20211014,6호선,돌곶이,9170,8650,17820
20211014,6호선,상월곡,6238,5659,11897
20211014,6호선,월곡,11053,10949,22002
20211014,6호선,고려대,7402,7148,14550
20211014,6호선,안암,9397,9391,18788
20211014,6호선,보문,7054,6593,13647
20211014,6호선,창신,3551,2887,6438
20211014,6호선,동묘앞,7658,7980,15638
20211014,6호선,신당,7629,8150,15779
20211014,6호선,청구,3894,4112,8006
20211014,6호선,약수,3707,3560,7267
20211014,6호선,버티고개,1809,1873,3682
20211014,6호선,한강진,7340,8273,15613
20211014,6호선,이태원,8605,8910,17515
20211014,6호선,녹사평,4646,4623,9269
20211014,6호선,삼각지,5836,5121,10957
20211014,6호선,효창공원앞,6989,6260,13249
20211014,6호선,공덕,17937,17335,35272
20211014,6호선,대흥,7930,8031,15961
20211014,6호선,광흥창,8720,8456,17176
20211014,6호선,상수,7137,7990,15127
20211014,6호선,합정,12026,11973,23999
20211014,6호선,망원,13338,14345,27683
20211014,6호선,마포구청,13822,12291,26113
20211014,6호선,월드컵경기장,5515,5951,11466
20211014,6호선,디지털미디어시티,13518,14596,28114
20211014,6호선,증산,9876,9729,19605
20211014,6호선,새절,12801,11858,24659
20211014,6호선,구산,7850,5905,13755
20211014,6호선,연신내,1,0,1
20211014,6호선,독바위,2795,2961,5756
20211014,6호선,불광,4116,4017,8133
20211014,6호선,역촌,3849,4529,8378
20211014,6호선,응암,17477,17212,34689
20211015,6호선,응암,17374,17118,34492
20211015,6호선,역촌,3719,4351,8070
20211015,6호선,불광,4166,4147,8313
20211015,6호선,독바위,2730,2855,5585
20211015,6호선,연신내,1,0,1
20211015,6호선,구산,7871,5803,13674
20211015,6호선,새절,12799,11847,24646
20211015,6호선,증산,9852,9651,19503
20211015,6호선,디지털미디어시티,13414,14265,27679
20211015,6호선,월드컵경기장,5140,5474,10614
20211015,6호선,마포구청,13918,12312,26230
20211015,6호선,망원,14067,15238,29305
20211015,6호선,합정,13030,12917,25947
20211015,6호선,상수,7857,8891,16748
20211015,6호선,광흥창,8862,8527,17389
20211015,6호선,대흥,7960,8231,16191
20211015,6호선,공덕,17950,17318,35268
20211015,6호선,효창공원앞,6922,6169,13091
20211015,6호선,삼각지,6021,5240,11261
20211015,6호선,녹사평,4959,4931,9890
20211015,6호선,이태원,10009,10595,20604
20211015,6호선,한강진,8559,9939,18498
20211015,6호선,버티고개,1785,1569,3354
20211015,6호선,약수,3732,3814,7546
20211015,6호선,청구,3796,3962,7758
20211015,6호선,신당,7916,8439,16355
20211015,6호선,동묘앞,7756,7881,15637
20211015,6호선,창신,3312,2535,5847
20211015,6호선,보문,7056,6422,13478
20211015,6호선,안암,10241,9948,20189
20211015,6호선,고려대,7656,7319,14975
20211015,6호선,월곡,11463,11252,22715
20211015,6호선,상월곡,6133,5403,11536
20211015,6호선,돌곶이,9219,8592,17811
20211015,6호선,석계,11977,12380,24357
20211015,6호선,태릉입구,5342,6030,11372
20211015,6호선,화랑대,11351,8763,20114
20211015,6호선,봉화산,8860,8362,17222
20211018,6호선,응암,16815,16618,33433
20211018,6호선,역촌,3735,4415,8150
20211018,6호선,불광,4112,4104,8216
20211018,6호선,독바위,2738,2910,5648
20211018,6호선,연신내,1,0,1
20211018,6호선,구산,7619,5912,13531
20211018,6호선,새절,12398,11616,24014
20211018,6호선,증산,9525,9488,19013
20211018,6호선,디지털미디어시티,13240,14445,27685
20211018,6호선,월드컵경기장,4433,4678,9111
20211018,6호선,마포구청,13587,12198,25785
20211018,6호선,망원,12554,13340,25894
20211018,6호선,합정,11507,11381,22888
20211018,6호선,상수,6716,7153,13869
20211018,6호선,광흥창,8638,8434,17072
20211018,6호선,대흥,7776,8088,15864
20211018,6호선,공덕,17486,16847,34333
20211018,6호선,효창공원앞,6737,6102,12839
20211018,6호선,삼각지,5465,4879,10344
20211018,6호선,녹사평,4279,4168,8447
20211018,6호선,이태원,8066,8183,16249
20211018,6호선,한강진,5936,6896,12832
20211018,6호선,버티고개,1796,1539,3335
20211018,6호선,약수,3516,3685,7201
20211018,6호선,청구,3648,3990,7638
20211018,6호선,신당,7597,8141,15738
20211018,6호선,동묘앞,7424,7722,15146
20211018,6호선,창신,3375,2747,6122
20211018,6호선,보문,6764,6342,13106
20211018,6호선,안암,9100,9225,18325
20211018,6호선,고려대,7095,6947,14042
20211018,6호선,월곡,10991,10868,21859
20211018,6호선,상월곡,6068,5525,11593
20211018,6호선,돌곶이,8902,8431,17333
20211018,6호선,석계,11419,12017,23436
20211018,6호선,태릉입구,5071,5605,10676
20211018,6호선,화랑대,11075,8684,19759
20211018,6호선,봉화산,8488,8125,16613
20211019,6호선,응암,17292,16924,34216
20211019,6호선,역촌,3652,4494,8146
20211019,6호선,불광,4091,3979,8070
20211019,6호선,독바위,2675,2849,5524
20211019,6호선,구산,7546,5761,13307
20211019,6호선,새절,12612,11844,24456
20211019,6호선,증산,9710,9599,19309
20211019,6호선,디지털미디어시티,13486,14648,28134
20211019,6호선,월드컵경기장,4766,5101,9867
20211019,6호선,마포구청,13673,12262,25935
20211019,6호선,망원,12941,13777,26718
20211019,6호선,합정,11712,11478,23190
20211019,6호선,상수,6949,7600,14549
20211019,6호선,광흥창,8704,8587,17291
20211019,6호선,대흥,7835,8017,15852
20211019,6호선,공덕,17898,17192,35090
20211019,6호선,효창공원앞,6823,6161,12984
20211019,6호선,삼각지,5693,5139,10832
20211019,6호선,녹사평,4345,4244,8589
20211019,6호선,이태원,8086,8226,16312
20211019,6호선,한강진,6877,7776,14653
20211019,6호선,버티고개,1665,1412,3077
20211019,6호선,약수,3662,3756,7418
20211019,6호선,청구,3713,4011,7724
20211019,6호선,신당,8300,8698,16998
20211019,6호선,동묘앞,7529,7718,15247
20211019,6호선,창신,3366,2782,6148
20211019,6호선,보문,6850,6470,13320
20211019,6호선,안암,9136,9217,18353
20211019,6호선,고려대,7211,6980,14191
20211019,6호선,월곡,10744,10709,21453
20211019,6호선,상월곡,6189,5554,11743
20211019,6호선,돌곶이,8996,8460,17456
20211019,6호선,석계,11640,12256,23896
20211019,6호선,태릉입구,5116,5632,10748
20211019,6호선,화랑대,11154,8741,19895
20211019,6호선,봉화산,8771,8298,17069
20211020,6호선,마포구청,14117,12755,26872
20211020,6호선,응암,17620,17551,35171
20211020,6호선,역촌,3742,4551,8293
20211020,6호선,불광,4213,4337,8550
20211020,6호선,독바위,2782,2987,5769
20211020,6호선,연신내,21,0,21
20211020,6호선,구산,7754,5911,13665
20211020,6호선,새절,12945,12054,24999
20211020,6호선,증산,10037,10085,20122
20211020,6호선,디지털미디어시티,13726,15008,28734
20211020,6호선,월드컵경기장,4992,5383,10375
20211020,6호선,망원,13437,14441,27878
20211020,6호선,합정,12458,12099,24557
20211020,6호선,상수,7293,8119,15412
20211020,6호선,광흥창,8986,8812,17798
20211020,6호선,대흥,7831,8097,15928
20211020,6호선,공덕,18263,17346,35609
20211020,6호선,효창공원앞,7063,6314,13377
20211020,6호선,삼각지,6295,5415,11710
20211020,6호선,녹사평,4562,4500,9062
20211020,6호선,이태원,8584,8733,17317
20211020,6호선,한강진,8336,9507,17843
20211020,6호선,버티고개,1744,1435,3179
20211020,6호선,약수,3758,3801,7559
20211020,6호선,청구,3788,4115,7903
20211020,6호선,신당,8561,8922,17483
20211020,6호선,동묘앞,7716,7977,15693
20211020,6호선,창신,3467,2882,6349
20211020,6호선,보문,7063,6597,13660
20211020,6호선,안암,9941,10029,19970
20211020,6호선,고려대,7542,7202,14744
20211020,6호선,월곡,11156,11043,22199
20211020,6호선,상월곡,6311,5698,12009
20211020,6호선,돌곶이,9313,8758,18071
20211020,6호선,석계,12234,12895,25129
20211020,6호선,태릉입구,5390,5930,11320
20211020,6호선,화랑대,11681,9158,20839
20211020,6호선,봉화산,8836,8307,17143
20211021,6호선,응암,17370,17112,34482
20211021,6호선,역촌,3805,4548,8353
20211021,6호선,불광,4183,4176,8359
20211021,6호선,독바위,2725,2937,5662
20211021,6호선,연신내,2,0,2
20211021,6호선,구산,7694,5812,13506
20211021,6호선,새절,12899,12076,24975
20211021,6호선,증산,9856,9902,19758
20211021,6호선,디지털미디어시티,13351,14609,27960
20211021,6호선,월드컵경기장,4956,5471,10427
20211021,6호선,마포구청,13958,12554,26512
20211021,6호선,망원,13549,14402,27951
20211021,6호선,합정,12357,12246,24603
20211021,6호선,상수,7316,7958,15274
20211021,6호선,광흥창,8779,8456,17235
20211021,6호선,대흥,7939,8034,15973
20211021,6호선,공덕,17961,17286,35247
20211021,6호선,효창공원앞,6932,6305,13237
20211021,6호선,삼각지,5917,5208,11125
20211021,6호선,녹사평,4569,4550,9119
20211021,6호선,이태원,8982,9192,18174
20211021,6호선,한강진,7333,8377,15710
20211021,6호선,버티고개,1769,1471,3240
20211021,6호선,약수,3751,3790,7541
20211021,6호선,청구,3762,4103,7865
20211021,6호선,신당,8229,8671,16900
20211021,6호선,동묘앞,7635,7747,15382
20211021,6호선,창신,3481,2792,6273
20211021,6호선,보문,7027,6664,13691
20211021,6호선,안암,10494,10614,21108
20211021,6호선,고려대,7684,7312,14996
20211021,6호선,월곡,11073,10830,21903
20211021,6호선,상월곡,6161,5514,11675
20211021,6호선,돌곶이,9054,8472,17526
20211021,6호선,석계,12141,12671,24812
20211021,6호선,태릉입구,5303,5836,11139
20211021,6호선,화랑대,11638,9151,20789
20211021,6호선,봉화산,9001,8413,17414
20211022,6호선,봉화산,8923,8417,17340
20211022,6호선,화랑대,11667,9116,20783
20211022,6호선,태릉입구,5420,6096,11516
20211022,6호선,석계,12218,12759,24977
20211022,6호선,돌곶이,9269,8644,17913
20211022,6호선,상월곡,6256,5625,11881
20211022,6호선,월곡,11315,11037,22352
20211022,6호선,고려대,7940,7503,15443
20211022,6호선,안암,10247,9930,20177
20211022,6호선,보문,7390,6817,14207
20211022,6호선,창신,3401,2731,6132
20211022,6호선,동묘앞,8021,7907,15928
20211022,6호선,신당,8551,8907,17458
20211022,6호선,청구,3893,4141,8034
20211022,6호선,약수,3747,3994,7741
20211022,6호선,버티고개,1789,1428,3217
20211022,6호선,한강진,8607,9887,18494
20211022,6호선,이태원,10696,11437,22133
20211022,6호선,녹사평,5241,5192,10433
20211022,6호선,삼각지,6319,5433,11752
20211022,6호선,효창공원앞,6999,6228,13227
20211022,6호선,공덕,18367,17620,35987
20211022,6호선,대흥,8043,8288,16331
20211022,6호선,광흥창,8901,8533,17434
20211022,6호선,상수,8066,9105,17171
20211022,6호선,합정,13423,13201,26624
20211022,6호선,망원,14329,15244,29573
20211022,6호선,마포구청,14215,12579,26794
20211022,6호선,월드컵경기장,5271,5727,10998
20211022,6호선,디지털미디어시티,13497,14553,28050
20211022,6호선,증산,10068,9868,19936
20211022,6호선,새절,12979,11970,24949
20211022,6호선,구산,7938,5721,13659
20211022,6호선,독바위,2786,2907,5693
20211022,6호선,불광,4284,4220,8504
20211022,6호선,역촌,3815,4528,8343
20211022,6호선,응암,17739,17517,35256
20211025,6호선,응암,17512,17168,34680
20211025,6호선,역촌,3733,4468,8201
20211025,6호선,불광,4082,4178,8260
20211025,6호선,독바위,2725,2847,5572
20211025,6호선,연신내,7,0,7
20211025,6호선,구산,7655,5821,13476
20211025,6호선,새절,12845,12069,24914
20211025,6호선,증산,9899,9798,19697
20211025,6호선,디지털미디어시티,13737,14933,28670
20211025,6호선,월드컵경기장,5053,5445,10498
20211025,6호선,마포구청,13924,12597,26521
20211025,6호선,망원,13007,13920,26927
20211025,6호선,합정,11847,11655,23502
20211025,6호선,상수,6918,7548,14466
20211025,6호선,광흥창,8739,8463,17202
20211025,6호선,대흥,7828,8008,15836
20211025,6호선,공덕,17870,17298,35168
20211025,6호선,효창공원앞,6801,6131,12932
20211025,6호선,삼각지,5581,4950,10531
20211025,6호선,녹사평,4418,4324,8742
20211025,6호선,이태원,8376,8528,16904
20211025,6호선,한강진,6356,7343,13699
20211025,6호선,버티고개,1715,1415,3130
20211025,6호선,약수,3714,3813,7527
20211025,6호선,청구,3718,4021,7739
20211025,6호선,신당,7811,8355,16166
20211025,6호선,동묘앞,7679,7857,15536
20211025,6호선,창신,3482,2865,6347
20211025,6호선,보문,7042,6569,13611
20211025,6호선,안암,10571,10886,21457
20211025,6호선,고려대,7695,7443,15138
20211025,6호선,월곡,11325,11233,22558
20211025,6호선,상월곡,6293,5640,11933
20211025,6호선,돌곶이,9155,8581,17736
20211025,6호선,석계,12232,12814,25046
20211025,6호선,태릉입구,5290,5887,11177
20211025,6호선,화랑대,11799,9284,21083
20211025,6호선,봉화산,8886,8335,17221
20211026,6호선,봉화산,9168,8558,17726
20211026,6호선,화랑대,11939,9484,21423
20211026,6호선,태릉입구,5370,6001,11371
20211026,6호선,석계,12497,13102,25599
20211026,6호선,돌곶이,9469,8713,18182
20211026,6호선,상월곡,6332,5807,12139
20211026,6호선,월곡,11274,11084,22358
20211026,6호선,고려대,8084,7694,15778
20211026,6호선,안암,10899,11012,21911
20211026,6호선,보문,7051,6591,13642
20211026,6호선,창신,3561,2981,6542
20211026,6호선,동묘앞,7780,7867,15647
20211026,6호선,신당,8215,8762,16977
20211026,6호선,청구,3878,4113,7991
20211026,6호선,약수,3833,3792,7625
20211026,6호선,버티고개,1742,1423,3165
20211026,6호선,한강진,7390,8473,15863
20211026,6호선,이태원,8899,9146,18045
20211026,6호선,녹사평,4590,4540,9130
20211026,6호선,삼각지,6281,5584,11865
20211026,6호선,효창공원앞,7005,6321,13326
20211026,6호선,공덕,18540,17844,36384
20211026,6호선,대흥,7933,8175,16108
20211026,6호선,광흥창,8880,8642,17522
20211026,6호선,상수,7259,7906,15165
20211026,6호선,합정,12456,12413,24869
20211026,6호선,망원,13451,14367,27818
20211026,6호선,마포구청,14383,12946,27329
20211026,6호선,월드컵경기장,5183,5795,10978
20211026,6호선,디지털미디어시티,13915,15197,29112
20211026,6호선,증산,10174,10083,20257
20211026,6호선,새절,13069,12255,25324
20211026,6호선,구산,7815,5876,13691
20211026,6호선,연신내,1,0,1
20211026,6호선,독바위,2792,2875,5667
20211026,6호선,불광,4106,4102,8208
20211026,6호선,역촌,3788,4508,8296
20211026,6호선,응암,17790,17458,35248
20211027,6호선,봉화산,9037,8659,17696
20211027,6호선,화랑대,11891,9350,21241
20211027,6호선,태릉입구,5590,6104,11694
20211027,6호선,석계,12511,12934,25445
20211027,6호선,돌곶이,9408,8830,18238
20211027,6호선,상월곡,6456,5799,12255
20211027,6호선,월곡,11407,11394,22801
20211027,6호선,고려대,8070,7780,15850
20211027,6호선,안암,10688,10676,21364
20211027,6호선,보문,7247,6853,14100
20211027,6호선,창신,3693,2992,6685
20211027,6호선,동묘앞,7776,7956,15732
20211027,6호선,신당,9003,9309,18312
20211027,6호선,청구,3838,4126,7964
20211027,6호선,약수,3773,3791,7564
20211027,6호선,버티고개,1719,1364,3083
20211027,6호선,한강진,8426,9498,17924
20211027,6호선,이태원,9434,9360,18794
20211027,6호선,녹사평,4656,4659,9315
20211027,6호선,삼각지,6225,5627,11852
20211027,6호선,효창공원앞,7155,6434,13589
20211027,6호선,공덕,18819,18009,36828
20211027,6호선,대흥,7998,8315,16313
20211027,6호선,광흥창,9105,8763,17868
20211027,6호선,상수,7736,8470,16206
20211027,6호선,합정,12779,12626,25405
20211027,6호선,망원,13970,14972,28942
20211027,6호선,마포구청,14579,12946,27525
20211027,6호선,월드컵경기장,5189,5701,10890
20211027,6호선,디지털미디어시티,13790,15248,29038
20211027,6호선,증산,10197,10030,20227
20211027,6호선,새절,13048,12236,25284
20211027,6호선,구산,7885,6032,13917
20211027,6호선,연신내,1,0,1
20211027,6호선,독바위,2783,2918,5701
20211027,6호선,불광,4279,4327,8606
20211027,6호선,역촌,3787,4464,8251
20211027,6호선,응암,17890,17637,35527
20211028,6호선,봉화산,9022,8504,17526
20211028,6호선,화랑대,12094,9385,21479
20211028,6호선,태릉입구,5472,6009,11481
20211028,6호선,석계,12387,12911,25298
20211028,6호선,돌곶이,9306,8628,17934
20211028,6호선,상월곡,6466,5726,12192
20211028,6호선,월곡,11272,11229,22501
20211028,6호선,고려대,7948,7746,15694
20211028,6호선,안암,10995,10880,21875
20211028,6호선,보문,7193,6754,13947
20211028,6호선,창신,3572,2924,6496
20211028,6호선,동묘앞,7835,7993,15828
20211028,6호선,신당,8350,8826,17176
20211028,6호선,청구,3909,4111,8020
20211028,6호선,약수,3779,3809,7588
20211028,6호선,버티고개,1826,1464,3290
20211028,6호선,한강진,7863,9140,17003
20211028,6호선,이태원,9887,9843,19730
20211028,6호선,녹사평,4792,4918,9710
20211028,6호선,삼각지,6309,5453,11762
20211028,6호선,효창공원앞,7081,6291,13372
20211028,6호선,공덕,18653,18058,36711
20211028,6호선,대흥,8085,8263,16348
20211028,6호선,광흥창,8866,8693,17559
20211028,6호선,상수,7668,8643,16311
20211028,6호선,합정,13003,12761,25764
20211028,6호선,망원,13974,14822,28796
20211028,6호선,마포구청,14530,12996,27526
20211028,6호선,월드컵경기장,5344,5778,11122
20211028,6호선,디지털미디어시티,13725,14933,28658
20211028,6호선,증산,10063,10121,20184
20211028,6호선,새절,13176,12131,25307
20211028,6호선,구산,7849,5863,13712
20211028,6호선,연신내,2,0,2
20211028,6호선,독바위,2770,2953,5723
20211028,6호선,불광,4167,4212,8379
20211028,6호선,역촌,3748,4535,8283
20211028,6호선,응암,17905,17624,35529
20211029,6호선,신내,1,0,1
20211029,6호선,봉화산,9127,8582,17709
20211029,6호선,화랑대,12129,9358,21487
20211029,6호선,태릉입구,5715,6312,12027
20211029,6호선,석계,12657,13019,25676
20211029,6호선,돌곶이,9553,8619,18172
20211029,6호선,상월곡,6397,5635,12032
20211029,6호선,월곡,12005,11597,23602
20211029,6호선,고려대,8255,7847,16102
20211029,6호선,안암,11031,10605,21636
20211029,6호선,보문,7472,6811,14283
20211029,6호선,창신,3559,2897,6456
20211029,6호선,동묘앞,7934,8116,16050
20211029,6호선,신당,9186,9507,18693
20211029,6호선,청구,3869,4140,8009
20211029,6호선,약수,3803,4142,7945
20211029,6호선,버티고개,1805,1442,3247
20211029,6호선,한강진,8972,10574,19546
20211029,6호선,이태원,14638,15703,30341
20211029,6호선,녹사평,5803,5799,11602
20211029,6호선,삼각지,6675,5736,12411
20211029,6호선,효창공원앞,7237,6411,13648
20211029,6호선,공덕,18897,18469,37366
20211029,6호선,대흥,8156,8302,16458
20211029,6호선,광흥창,9145,8678,17823
20211029,6호선,상수,8785,9844,18629
20211029,6호선,합정,13969,13870,27839
20211029,6호선,망원,14720,15878,30598
20211029,6호선,마포구청,14467,12886,27353
20211029,6호선,월드컵경기장,5481,5892,11373
20211029,6호선,디지털미디어시티,13618,14716,28334
20211029,6호선,증산,10325,10191,20516
20211029,6호선,새절,13146,12112,25258
20211029,6호선,구산,8013,5756,13769
20211029,6호선,연신내,1,0,1
20211029,6호선,독바위,2861,2859,5720
20211029,6호선,불광,4263,4393,8656
20211029,6호선,역촌,3822,4500,8322
20211029,6호선,응암,17945,17679,35624
20211101,6호선,신내,1,0,1
20211101,6호선,봉화산,8899,8350,17249
20211101,6호선,화랑대,11860,9650,21510
20211101,6호선,태릉입구,5358,5960,11318
20211101,6호선,석계,12113,12594,24707
20211101,6호선,돌곶이,9299,8694,17993
20211101,6호선,상월곡,6324,5594,11918
20211101,6호선,월곡,11826,11669,23495
20211101,6호선,고려대,7898,7683,15581
20211101,6호선,안암,10303,10639,20942
20211101,6호선,보문,7180,6580,13760
20211101,6호선,창신,3573,2871,6444
20211101,6호선,동묘앞,7473,7792,15265
20211101,6호선,신당,7482,8153,15635
20211101,6호선,청구,3638,4013,7651
20211101,6호선,약수,3748,3824,7572
20211101,6호선,버티고개,1835,1371,3206
20211101,6호선,한강진,6365,7359,13724
20211101,6호선,이태원,9005,8996,18001
20211101,6호선,녹사평,4311,4286,8597
20211101,6호선,삼각지,5724,4912,10636
20211101,6호선,효창공원앞,6941,6171,13112
20211101,6호선,공덕,18377,17818,36195
20211101,6호선,대흥,7899,8120,16019
20211101,6호선,광흥창,8930,8659,17589
20211101,6호선,상수,7078,8006,15084
20211101,6호선,합정,11856,11986,23842
20211101,6호선,망원,13211,13870,27081
20211101,6호선,마포구청,14142,12631,26773
20211101,6호선,월드컵경기장,4864,5160,10024
20211101,6호선,디지털미디어시티,13816,15066,28882
20211101,6호선,증산,10115,9729,19844
20211101,6호선,새절,12939,12087,25026
20211101,6호선,구산,7644,5718,13362
20211101,6호선,연신내,2,0,2
20211101,6호선,독바위,2734,2898,5632
20211101,6호선,불광,4073,4076,8149
20211101,6호선,응암,17661,17201,34862
20211101,6호선,역촌,3832,4456,8288
20211102,6호선,응암,17896,17451,35347
20211102,6호선,역촌,3861,4486,8347
20211102,6호선,불광,4193,4203,8396
20211102,6호선,독바위,2813,2971,5784
20211102,6호선,연신내,2,0,2
20211102,6호선,구산,7710,5848,13558
20211102,6호선,새절,13055,12170,25225
20211102,6호선,증산,10256,9980,20236
20211102,6호선,디지털미디어시티,14297,15480,29777
20211102,6호선,월드컵경기장,5190,5630,10820
20211102,6호선,마포구청,14326,12805,27131
20211102,6호선,망원,13367,14395,27762
20211102,6호선,합정,12673,12453,25126
20211102,6호선,상수,7661,8532,16193
20211102,6호선,광흥창,9183,8857,18040
20211102,6호선,대흥,8044,8192,16236
20211102,6호선,공덕,18784,18149,36933
20211102,6호선,효창공원앞,7094,6378,13472
20211102,6호선,삼각지,5978,5381,11359
20211102,6호선,녹사평,4512,4450,8962
20211102,6호선,이태원,8943,9258,18201
20211102,6호선,한강진,7536,8711,16247
20211102,6호선,버티고개,1870,1458,3328
20211102,6호선,약수,3860,4010,7870
20211102,6호선,청구,3785,4128,7913
20211102,6호선,신당,7831,8376,16207
20211102,6호선,동묘앞,7574,7843,15417
20211102,6호선,창신,3572,2965,6537
20211102,6호선,보문,7214,6750,13964
20211102,6호선,안암,10741,10833,21574
20211102,6호선,고려대,7971,7702,15673
20211102,6호선,월곡,11946,11615,23561
20211102,6호선,상월곡,6364,5737,12101
20211102,6호선,돌곶이,9447,8745,18192
20211102,6호선,석계,12365,12802,25167
20211102,6호선,태릉입구,5467,6062,11529
20211102,6호선,화랑대,12137,9484,21621
20211102,6호선,봉화산,9131,8496,17627
20211103,6호선,봉화산,9173,8501,17674
20211103,6호선,화랑대,12056,9279,21335
20211103,6호선,태릉입구,5508,6052,11560
20211103,6호선,석계,12609,13024,25633
20211103,6호선,돌곶이,9622,9290,18912
20211103,6호선,상월곡,6624,5831,12455
20211103,6호선,월곡,11711,11625,23336
20211103,6호선,고려대,8094,7651,15745
20211103,6호선,안암,10789,10819,21608
20211103,6호선,보문,7272,6722,13994
20211103,6호선,창신,3692,2995,6687
20211103,6호선,동묘앞,7626,7881,15507
20211103,6호선,신당,7821,8510,16331
20211103,6호선,청구,3839,4080,7919
20211103,6호선,약수,3746,3853,7599
20211103,6호선,버티고개,1861,1565,3426
20211103,6호선,한강진,8220,9476,17696
20211103,6호선,이태원,9102,9556,18658
20211103,6호선,녹사평,4766,4740,9506
20211103,6호선,삼각지,6394,5545,11939
20211103,6호선,효창공원앞,7264,6536,13800
20211103,6호선,공덕,18646,17766,36412
20211103,6호선,대흥,8231,8398,16629
20211103,6호선,광흥창,9244,9015,18259
20211103,6호선,상수,7559,8717,16276
20211103,6호선,합정,12922,12618,25540
20211103,6호선,망원,13864,14596,28460
20211103,6호선,마포구청,14718,13075,27793
20211103,6호선,월드컵경기장,5074,5691,10765
20211103,6호선,디지털미디어시티,14317,15363,29680
20211103,6호선,증산,10275,9978,20253
20211103,6호선,새절,13126,12271,25397
20211103,6호선,구산,7836,5885,13721
20211103,6호선,독바위,2784,2902,5686
20211103,6호선,불광,4818,4716,9534
20211103,6호선,역촌,3893,4440,8333
20211103,6호선,응암,18097,17625,35722
20211104,6호선,봉화산,9079,8460,17539
20211104,6호선,화랑대,12115,9226,21341
20211104,6호선,태릉입구,5500,6104,11604
20211104,6호선,석계,12425,12687,25112
20211104,6호선,돌곶이,9760,8874,18634
20211104,6호선,상월곡,6502,5726,12228
20211104,6호선,월곡,11646,11433,23079
20211104,6호선,고려대,8070,7741,15811
20211104,6호선,안암,10706,10548,21254
20211104,6호선,보문,7343,6542,13885
20211104,6호선,창신,3589,2947,6536
20211104,6호선,동묘앞,7499,7696,15195
20211104,6호선,신당,7891,8418,16309
20211104,6호선,청구,3901,4122,8023
20211104,6호선,약수,3759,3731,7490
20211104,6호선,버티고개,1883,1702,3585
20211104,6호선,한강진,7521,9028,16549
20211104,6호선,이태원,9238,9896,19134
20211104,6호선,녹사평,4482,4605,9087
20211104,6호선,삼각지,6220,5412,11632
20211104,6호선,효창공원앞,7298,6487,13785
20211104,6호선,공덕,18638,18136,36774
20211104,6호선,대흥,8144,8336,16480
20211104,6호선,광흥창,8978,8663,17641
20211104,6호선,상수,7614,8802,16416
20211104,6호선,합정,12647,12997,25644
20211104,6호선,망원,13734,14771,28505
20211104,6호선,마포구청,14435,12850,27285
20211104,6호선,월드컵경기장,5201,5584,10785
20211104,6호선,디지털미디어시티,14149,15276,29425
20211104,6호선,증산,10329,9997,20326
20211104,6호선,새절,13144,12216,25360
20211104,6호선,구산,7863,5718,13581
20211104,6호선,연신내,1,0,1
20211104,6호선,독바위,2849,2904,5753
20211104,6호선,불광,4297,4362,8659
20211104,6호선,역촌,3768,4429,8197
20211104,6호선,응암,18170,17661,35831
20211105,6호선,봉화산,9103,8340,17443
20211105,6호선,화랑대,12498,9496,21994
20211105,6호선,태릉입구,5706,6195,11901
20211105,6호선,석계,12718,13126,25844
20211105,6호선,돌곶이,10468,9140,19608
20211105,6호선,상월곡,6528,5692,12220
20211105,6호선,월곡,12161,11564,23725
20211105,6호선,고려대,8373,7832,16205
20211105,6호선,안암,11535,11153,22688
20211105,6호선,보문,7579,6692,14271
20211105,6호선,창신,3678,2980,6658
20211105,6호선,동묘앞,7863,7837,15700
20211105,6호선,신당,7991,8620,16611
20211105,6호선,청구,3867,4071,7938
20211105,6호선,약수,3775,3862,7637
20211105,6호선,버티고개,1948,1745,3693
20211105,6호선,한강진,8858,10644,19502
20211105,6호선,이태원,10925,13620,24545
20211105,6호선,녹사평,5125,5389,10514
20211105,6호선,삼각지,6741,5636,12377
20211105,6호선,효창공원앞,7793,6768,14561
20211105,6호선,공덕,18837,18571,37408
20211105,6호선,대흥,8466,8498,16964
20211105,6호선,광흥창,9273,8916,18189
20211105,6호선,상수,8627,10624,19251
20211105,6호선,합정,13871,14103,27974
20211105,6호선,망원,15064,16207,31271
20211105,6호선,마포구청,15108,13000,28108
20211105,6호선,월드컵경기장,5821,6508,12329
20211105,6호선,디지털미디어시티,14266,15082,29348
20211105,6호선,증산,10499,10038,20537
20211105,6호선,새절,13544,12253,25797
20211105,6호선,구산,8186,5901,14087
20211105,6호선,연신내,2,0,2
20211105,6호선,독바위,2815,2908,5723
20211105,6호선,불광,4495,4393,8888
20211105,6호선,역촌,4001,4671,8672
20211105,6호선,응암,18317,17510,35827
20211108,6호선,응암,16868,16505,33373
20211108,6호선,역촌,3839,4419,8258
20211108,6호선,월곡,11108,10956,22064
20211108,6호선,상월곡,6212,5609,11821
20211108,6호선,석계,11926,12433,24359
20211108,6호선,태릉입구,5024,5524,10548
20211108,6호선,화랑대,11380,8888,20268
20211108,6호선,봉화산,8575,8071,16646
20211108,6호선,디지털미디어시티,13325,14769,28094
20211108,6호선,월드컵경기장,3069,3315,6384
20211108,6호선,마포구청,13714,12616,26330
20211108,6호선,망원,12299,13224,25523
20211108,6호선,합정,11388,11378,22766
20211108,6호선,상수,7224,7965,15189
20211108,6호선,광흥창,8680,8535,17215
20211108,6호선,대흥,7789,8011,15800
20211108,6호선,공덕,17900,17378,35278
20211108,6호선,효창공원앞,6739,6199,12938
20211108,6호선,삼각지,5362,4940,10302
20211108,6호선,녹사평,3952,3908,7860
20211108,6호선,이태원,8259,8276,16535
20211108,6호선,한강진,6108,7010,13118
20211108,6호선,버티고개,1891,1749,3640
20211108,6호선,약수,3477,3461,6938
20211108,6호선,청구,3771,4015,7786
20211108,6호선,신당,7491,8106,15597
20211108,6호선,동묘앞,6911,7250,14161
20211108,6호선,창신,3550,2907,6457
20211108,6호선,보문,6863,6334,13197
20211108,6호선,안암,10110,10339,20449
20211108,6호선,고려대,7649,7525,15174
20211108,6호선,돌곶이,9072,8508,17580
20211108,6호선,증산,9632,9464,19096
20211108,6호선,새절,12460,11593,24053
20211108,6호선,구산,7492,5717,13209
20211108,6호선,연신내,1,0,1
20211108,6호선,독바위,2646,2715,5361
20211108,6호선,불광,3813,3843,7656
20211109,6호선,응암,17541,17110,34651
20211109,6호선,역촌,3777,4424,8201
20211109,6호선,불광,4132,4129,8261
20211109,6호선,독바위,2726,2794,5520
20211109,6호선,구산,7759,5842,13601
20211109,6호선,새절,13093,11969,25062
20211109,6호선,증산,10012,9942,19954
20211109,6호선,디지털미디어시티,13933,15316,29249
20211109,6호선,월드컵경기장,3471,3807,7278
20211109,6호선,마포구청,14341,12815,27156
20211109,6호선,망원,13088,14091,27179
20211109,6호선,합정,12008,12212,24220
20211109,6호선,상수,7496,8435,15931
20211109,6호선,광흥창,8911,8745,17656
20211109,6호선,대흥,7888,8072,15960
20211109,6호선,공덕,18674,18097,36771
20211109,6호선,효창공원앞,7074,6360,13434
20211109,6호선,삼각지,5754,5262,11016
20211109,6호선,녹사평,4130,4201,8331
20211109,6호선,이태원,8502,8873,17375
20211109,6호선,한강진,6953,8085,15038
20211109,6호선,버티고개,1856,1844,3700
20211109,6호선,약수,3629,3505,7134
20211109,6호선,청구,3812,4159,7971
20211109,6호선,신당,7771,8136,15907
20211109,6호선,동묘앞,7293,7446,14739
20211109,6호선,창신,3636,2999,6635
20211109,6호선,보문,7021,6557,13578
20211109,6호선,안암,10493,10566,21059
20211109,6호선,고려대,7893,7537,15430
20211109,6호선,월곡,11422,11247,22669
20211109,6호선,상월곡,6331,5709,12040
20211109,6호선,돌곶이,9364,8638,18002
20211109,6호선,석계,12457,12781,25238
20211109,6호선,태릉입구,5370,5872,11242
20211109,6호선,화랑대,11734,9250,20984
20211109,6호선,봉화산,9033,8475,17508
20211110,6호선,응암,18131,17776,35907
20211110,6호선,역촌,3919,4573,8492
20211110,6호선,불광,4389,4296,8685
20211110,6호선,독바위,2767,2856,5623
20211110,6호선,구산,7886,5869,13755
20211110,6호선,새절,13275,12355,25630
20211110,6호선,증산,10378,10142,20520
20211110,6호선,디지털미디어시티,14270,15622,29892
20211110,6호선,월드컵경기장,4005,4382,8387
20211110,6호선,마포구청,14820,13226,28046
20211110,6호선,망원,14155,15028,29183
20211110,6호선,합정,12846,12903,25749
20211110,6호선,상수,7904,8956,16860
20211110,6호선,광흥창,9377,9189,18566
20211110,6호선,대흥,8197,8362,16559
20211110,6호선,공덕,19004,18582,37586
20211110,6호선,효창공원앞,7160,6496,13656
20211110,6호선,삼각지,6198,5698,11896
20211110,6호선,녹사평,4596,4681,9277
20211110,6호선,이태원,9276,9688,18964
20211110,6호선,한강진,7429,8787,16216
20211110,6호선,버티고개,1957,1957,3914
20211110,6호선,약수,3733,3732,7465
20211110,6호선,청구,3871,4182,8053
20211110,6호선,신당,8112,8475,16587
20211110,6호선,동묘앞,7759,7941,15700
20211110,6호선,창신,3761,3117,6878
20211110,6호선,보문,7430,6799,14229
20211110,6호선,안암,11090,11083,22173
20211110,6호선,고려대,8266,7878,16144
20211110,6호선,월곡,11780,11750,23530
20211110,6호선,상월곡,6582,5899,12481
20211110,6호선,돌곶이,9741,8976,18717
20211110,6호선,석계,12685,13107,25792
20211110,6호선,태릉입구,5543,6060,11603
20211110,6호선,화랑대,12109,9330,21439
20211110,6호선,봉화산,9114,8558,17672
20211111,6호선,응암,18080,17672,35752
20211111,6호선,역촌,3892,4554,8446
20211111,6호선,불광,4388,4263,8651
20211111,6호선,독바위,2800,2870,5670
20211111,6호선,연신내,1,0,1
20211111,6호선,구산,7794,6044,13838
20211111,6호선,새절,13358,12393,25751
20211111,6호선,증산,10444,10303,20747
20211111,6호선,디지털미디어시티,14245,15503,29748
20211111,6호선,월드컵경기장,4234,4533,8767
20211111,6호선,마포구청,14711,13078,27789
20211111,6호선,망원,13978,14883,28861
20211111,6호선,합정,13135,13104,26239
20211111,6호선,상수,8265,9391,17656
20211111,6호선,광흥창,9198,8855,18053
20211111,6호선,대흥,8138,8291,16429
20211111,6호선,공덕,19135,18477,37612
20211111,6호선,효창공원앞,7238,6488,13726
20211111,6호선,삼각지,6352,5609,11961
20211111,6호선,녹사평,4606,4623,9229
20211111,6호선,이태원,10083,10727,20810
20211111,6호선,한강진,7796,9163,16959
20211111,6호선,버티고개,1906,1915,3821
20211111,6호선,약수,3852,3782,7634
20211111,6호선,청구,3908,4143,8051
20211111,6호선,신당,7949,8433,16382
20211111,6호선,동묘앞,7786,7969,15755
20211111,6호선,창신,3708,3049,6757
20211111,6호선,보문,7434,6873,14307
20211111,6호선,안암,10824,10829,21653
20211111,6호선,고려대,8213,7811,16024
20211111,6호선,월곡,11765,11411,23176
20211111,6호선,상월곡,6503,5767,12270
20211111,6호선,돌곶이,9533,8796,18329
20211111,6호선,석계,12368,12959,25327
20211111,6호선,태릉입구,5672,6007,11679
20211111,6호선,화랑대,12161,9257,21418
20211111,6호선,봉화산,9257,8409,17666
20211112,6호선,응암,18261,17333,35594
20211112,6호선,역촌,3959,4435,8394
20211112,6호선,불광,4514,4219,8733
20211112,6호선,독바위,2789,2856,5645
20211112,6호선,연신내,1,0,1
20211112,6호선,구산,7818,5713,13531
20211112,6호선,새절,12985,11888,24873
20211112,6호선,증산,10306,9869,20175
20211112,6호선,디지털미디어시티,13826,14929,28755
20211112,6호선,월드컵경기장,4311,4586,8897
20211112,6호선,마포구청,14592,12852,27444
20211112,6호선,망원,14790,15975,30765
20211112,6호선,합정,13978,14113,28091
20211112,6호선,상수,9050,10808,19858
20211112,6호선,광흥창,9109,8730,17839
20211112,6호선,대흥,8179,8183,16362
20211112,6호선,공덕,19407,18945,38352
20211112,6호선,효창공원앞,7345,6553,13898
20211112,6호선,삼각지,6689,5836,12525
20211112,6호선,녹사평,5066,5443,10509
20211112,6호선,이태원,11477,14726,26203
20211112,6호선,한강진,8744,10628,19372
20211112,6호선,버티고개,1946,1856,3802
20211112,6호선,약수,3828,3830,7658
20211112,6호선,청구,3859,4092,7951
20211112,6호선,신당,8100,8571,16671
20211112,6호선,동묘앞,7804,8039,15843
20211112,6호선,창신,3663,2975,6638
20211112,6호선,보문,7524,6734,14258
20211112,6호선,안암,11446,11083,22529
20211112,6호선,고려대,8137,7724,15861
20211112,6호선,월곡,11573,11248,22821
20211112,6호선,상월곡,6450,5554,12004
20211112,6호선,돌곶이,9838,8764,18602
20211112,6호선,석계,12702,13018,25720
20211112,6호선,태릉입구,5662,6198,11860
20211112,6호선,화랑대,12283,9272,21555
20211112,6호선,봉화산,9002,8362,17364
20211115,6호선,응암,17666,17171,34837
20211115,6호선,역촌,3789,4470,8259
20211115,6호선,불광,4109,4116,8225
20211115,6호선,독바위,2679,2855,5534
20211115,6호선,연신내,4,0,4
20211115,6호선,구산,7583,5702,13285
20211115,6호선,새절,12785,11921,24706
20211115,6호선,증산,10123,9838,19961
20211115,6호선,디지털미디어시티,14120,15158,29278
20211115,6호선,월드컵경기장,4034,4322,8356
20211115,6호선,마포구청,14258,12691,26949
20211115,6호선,망원,13034,13900,26934
20211115,6호선,합정,12002,11952,23954
20211115,6호선,상수,7349,8234,15583
20211115,6호선,광흥창,8864,8518,17382
20211115,6호선,대흥,7702,7972,15674
20211115,6호선,공덕,18426,17913,36339
20211115,6호선,효창공원앞,6813,6168,12981
20211115,6호선,삼각지,5785,5081,10866
20211115,6호선,녹사평,4367,4373,8740
20211115,6호선,이태원,8975,9158,18133
20211115,6호선,한강진,6556,7730,14286
20211115,6호선,버티고개,1883,1880,3763
20211115,6호선,약수,3763,3627,7390
20211115,6호선,청구,3737,3937,7674
20211115,6호선,신당,7475,8016,15491
20211115,6호선,동묘앞,7591,7690,15281
20211115,6호선,창신,3454,2889,6343
20211115,6호선,보문,7046,6514,13560
20211115,6호선,안암,10578,11014,21592
20211115,6호선,고려대,7847,7511,15358
20211115,6호선,월곡,11818,11615,23433
20211115,6호선,상월곡,6257,5613,11870
20211115,6호선,돌곶이,10198,9677,19875
20211115,6호선,석계,12185,12617,24802
20211115,6호선,태릉입구,5362,5755,11117
20211115,6호선,화랑대,11711,9195,20906
20211115,6호선,봉화산,9043,8300,17343
20211116,6호선,응암,17958,17424,35382
20211116,6호선,역촌,3883,4488,8371
20211116,6호선,불광,4184,4177,8361
20211116,6호선,독바위,2795,2924,5719
20211116,6호선,구산,7736,5770,13506
20211116,6호선,새절,13071,12241,25312
20211116,6호선,증산,10203,10103,20306
20211116,6호선,디지털미디어시티,14196,15484,29680
20211116,6호선,월드컵경기장,4349,4653,9002
20211116,6호선,마포구청,14722,13131,27853
20211116,6호선,망원,13707,14794,28501
20211116,6호선,합정,12573,12496,25069
20211116,6호선,상수,7722,8829,16551
20211116,6호선,광흥창,8998,8719,17717
20211116,6호선,대흥,7928,8246,16174
20211116,6호선,공덕,19007,18543,37550
20211116,6호선,효창공원앞,7064,6294,13358
20211116,6호선,삼각지,6282,5560,11842
20211116,6호선,녹사평,4604,4623,9227
20211116,6호선,이태원,9164,9473,18637
20211116,6호선,한강진,7403,8617,16020
20211116,6호선,버티고개,1909,1917,3826
20211116,6호선,약수,3728,3659,7387
20211116,6호선,청구,3732,4128,7860
20211116,6호선,신당,8284,8670,16954
20211116,6호선,동묘앞,7739,7835,15574
20211116,6호선,창신,3608,2915,6523
20211116,6호선,보문,7190,6653,13843
20211116,6호선,안암,10562,10762,21324
20211116,6호선,고려대,8093,7613,15706
20211116,6호선,월곡,11706,11684,23390
20211116,6호선,상월곡,6338,5741,12079
20211116,6호선,돌곶이,9965,9334,19299
20211116,6호선,석계,12455,12814,25269
20211116,6호선,태릉입구,5578,6109,11687
20211116,6호선,화랑대,12174,9475,21649
20211116,6호선,봉화산,9154,8561,17715
20211117,6호선,응암,18211,17769,35980
20211117,6호선,불광,4367,4380,8747
20211117,6호선,독바위,2750,2834,5584
20211117,6호선,연신내,1,0,1
20211117,6호선,구산,8067,6009,14076
20211117,6호선,새절,13200,12307,25507
20211117,6호선,증산,10332,10025,20357
20211117,6호선,디지털미디어시티,14508,15715,30223
20211117,6호선,월드컵경기장,4360,4675,9035
20211117,6호선,마포구청,14950,13287,28237
20211117,6호선,망원,14064,14908,28972
20211117,6호선,합정,13362,13266,26628
20211117,6호선,상수,7795,8874,16669
20211117,6호선,광흥창,9451,9176,18627
20211117,6호선,대흥,8210,8420,16630
20211117,6호선,공덕,19192,18381,37573
20211117,6호선,효창공원앞,7211,6444,13655
20211117,6호선,삼각지,6432,5724,12156
20211117,6호선,녹사평,4696,4691,9387
20211117,6호선,이태원,9597,9769,19366
20211117,6호선,한강진,8350,9590,17940
20211117,6호선,버티고개,1869,1969,3838
20211117,6호선,약수,3895,3807,7702
20211117,6호선,청구,3883,4126,8009
20211117,6호선,신당,8887,9204,18091
20211117,6호선,동묘앞,7950,7983,15933
20211117,6호선,창신,3744,3121,6865
20211117,6호선,보문,7812,7078,14890
20211117,6호선,안암,11085,11200,22285
20211117,6호선,고려대,8329,7942,16271
20211117,6호선,월곡,11874,11753,23627
20211117,6호선,상월곡,6630,5875,12505
20211117,6호선,돌곶이,10023,9425,19448
20211117,6호선,석계,12754,13257,26011
20211117,6호선,태릉입구,5614,6192,11806
20211117,6호선,화랑대,12333,9517,21850
20211117,6호선,봉화산,9386,8701,18087
20211117,6호선,역촌,3893,4555,8448
20211118,6호선,봉화산,8999,8321,17320
20211118,6호선,화랑대,11977,9235,21212
20211118,6호선,태릉입구,5495,6012,11507
20211118,6호선,석계,12433,12901,25334
20211118,6호선,돌곶이,9623,8822,18445
20211118,6호선,상월곡,6364,5608,11972
20211118,6호선,월곡,11522,11377,22899
20211118,6호선,고려대,8002,7488,15490
20211118,6호선,안암,10401,10340,20741
20211118,6호선,보문,7301,6651,13952
20211118,6호선,창신,3450,2799,6249
20211118,6호선,동묘앞,7716,7847,15563
20211118,6호선,신당,8455,8522,16977
20211118,6호선,청구,3885,4096,7981
20211118,6호선,약수,3546,3477,7023
20211118,6호선,버티고개,1843,1898,3741
20211118,6호선,한강진,7453,8814,16267
20211118,6호선,이태원,9414,10164,19578
20211118,6호선,녹사평,4455,4585,9040
20211118,6호선,삼각지,6125,5408,11533
20211118,6호선,효창공원앞,7020,6284,13304
20211118,6호선,공덕,18774,18135,36909
20211118,6호선,대흥,8293,8426,16719
20211118,6호선,광흥창,9100,8897,17997
20211118,6호선,상수,7937,9057,16994
20211118,6호선,합정,12473,12734,25207
20211118,6호선,망원,13941,14843,28784
20211118,6호선,마포구청,14432,12863,27295
20211118,6호선,월드컵경기장,4026,4334,8360
20211118,6호선,디지털미디어시티,13882,15255,29137
20211118,6호선,증산,10277,9898,20175
20211118,6호선,새절,13246,12221,25467
20211118,6호선,구산,7901,5792,13693
20211118,6호선,연신내,2,0,2
20211118,6호선,독바위,2712,2815,5527
20211118,6호선,불광,4211,4217,8428
20211118,6호선,역촌,3857,4485,8342
20211118,6호선,응암,17680,17243,34923
20211119,6호선,독바위,2699,2741,5440
20211119,6호선,불광,4258,4113,8371
20211119,6호선,역촌,4001,4574,8575
20211119,6호선,응암,18027,16966,34993
20211119,6호선,구산,7697,5586,13283
20211119,6호선,새절,13077,11798,24875
20211119,6호선,증산,10276,9797,20073
20211119,6호선,디지털미디어시티,14063,14819,28882
20211119,6호선,월드컵경기장,4239,4615,8854
20211119,6호선,마포구청,15077,13060,28137
20211119,6호선,망원,14942,16122,31064
20211119,6호선,합정,13767,14234,28001
20211119,6호선,상수,8915,10934,19849
20211119,6호선,광흥창,9309,8838,18147
20211119,6호선,대흥,8275,8289,16564
20211119,6호선,공덕,19102,18532,37634
20211119,6호선,효창공원앞,7301,6384,13685
20211119,6호선,삼각지,6675,5612,12287
20211119,6호선,녹사평,5344,5558,10902
20211119,6호선,이태원,11470,14791,26261
20211119,6호선,한강진,8285,10061,18346
20211119,6호선,버티고개,1986,1940,3926
20211119,6호선,약수,3770,3772,7542
20211119,6호선,청구,3881,4085,7966
20211119,6호선,신당,8253,8643,16896
20211119,6호선,동묘앞,7890,7973,15863
20211119,6호선,창신,3607,2891,6498
20211119,6호선,보문,7566,6720,14286
20211119,6호선,안암,11267,10850,22117
20211119,6호선,고려대,8014,7416,15430
20211119,6호선,월곡,11889,11339,23228
20211119,6호선,상월곡,6462,5666,12128
20211119,6호선,돌곶이,10023,8978,19001
20211119,6호선,석계,12645,12734,25379
20211119,6호선,태릉입구,5691,6242,11933
20211119,6호선,화랑대,12033,9090,21123
20211119,6호선,봉화산,9202,8507,17709
20211122,6호선,응암,17392,17230,34622
20211122,6호선,역촌,3894,4570,8464
20211122,6호선,불광,4198,4248,8446
20211122,6호선,독바위,2706,2880,5586
20211122,6호선,구산,7875,6005,13880
20211122,6호선,새절,12765,12138,24903
20211122,6호선,증산,9932,9892,19824
20211122,6호선,디지털미디어시티,13893,15310,29203
20211122,6호선,월드컵경기장,3558,3848,7406
20211122,6호선,마포구청,14322,13027,27349
20211122,6호선,망원,12936,13859,26795
20211122,6호선,합정,12267,12001,24268
20211122,6호선,상수,7647,8280,15927
20211122,6호선,광흥창,9032,8935,17967
20211122,6호선,대흥,8017,8314,16331
20211122,6호선,공덕,18590,17951,36541
20211122,6호선,효창공원앞,7048,6447,13495
20211122,6호선,삼각지,5680,5177,10857
20211122,6호선,녹사평,4297,4206,8503
20211122,6호선,이태원,9064,9102,18166
20211122,6호선,한강진,6817,7900,14717
20211122,6호선,버티고개,1940,1945,3885
20211122,6호선,약수,3665,3575,7240
20211122,6호선,청구,3719,3967,7686
20211122,6호선,신당,7776,8216,15992
20211122,6호선,동묘앞,7450,7678,15128
20211122,6호선,창신,3589,3108,6697
20211122,6호선,보문,7028,6583,13611
20211122,6호선,안암,11006,11276,22282
20211122,6호선,고려대,7791,7594,15385
20211122,6호선,월곡,11679,11621,23300
20211122,6호선,상월곡,6357,5765,12122
20211122,6호선,돌곶이,9825,9206,19031
20211122,6호선,석계,12251,13073,25324
20211122,6호선,태릉입구,5319,5853,11172
20211122,6호선,화랑대,12022,9362,21384
20211122,6호선,봉화산,8930,8410,17340
20211123,6호선,봉화산,9096,8513,17609
20211123,6호선,화랑대,12087,9317,21404
20211123,6호선,태릉입구,5494,5934,11428
20211123,6호선,석계,12484,13203,25687
20211123,6호선,돌곶이,9522,8967,18489
20211123,6호선,상월곡,6439,5819,12258
20211123,6호선,월곡,11544,11478,23022
20211123,6호선,고려대,7764,7555,15319
20211123,6호선,안암,10486,10607,21093
20211123,6호선,보문,7148,6692,13840
20211123,6호선,창신,3719,3098,6817
20211123,6호선,동묘앞,7494,7609,15103
20211123,6호선,신당,8719,9054,17773
20211123,6호선,청구,3809,4070,7879
20211123,6호선,약수,3602,3612,7214
20211123,6호선,버티고개,1967,2008,3975
20211123,6호선,한강진,7351,8560,15911
20211123,6호선,이태원,9079,9268,18347
20211123,6호선,녹사평,4393,4480,8873
20211123,6호선,삼각지,6144,5472,11616
20211123,6호선,효창공원앞,7162,6594,13756
20211123,6호선,공덕,19353,18542,37895
20211123,6호선,대흥,8049,8327,16376
20211123,6호선,광흥창,9296,9210,18506
20211123,6호선,상수,7835,8632,16467
20211123,6호선,합정,12586,12444,25030
20211123,6호선,망원,13245,14394,27639
20211123,6호선,마포구청,14628,13300,27928
20211123,6호선,월드컵경기장,3596,3945,7541
20211123,6호선,디지털미디어시티,14254,15644,29898
20211123,6호선,증산,10099,9969,20068
20211123,6호선,새절,13003,11939,24942
20211123,6호선,구산,7981,6057,14038
20211123,6호선,연신내,1,0,1
20211123,6호선,독바위,2760,2883,5643
20211123,6호선,불광,4124,4008,8132
20211123,6호선,역촌,3938,4655,8593
20211123,6호선,응암,17783,17496,35279
20211124,6호선,봉화산,9054,8462,17516
20211124,6호선,화랑대,12277,9532,21809
20211124,6호선,태릉입구,5449,6130,11579
20211124,6호선,석계,12670,13144,25814
20211124,6호선,돌곶이,9922,9221,19143
20211124,6호선,상월곡,6549,5939,12488
20211124,6호선,월곡,11752,11599,23351
20211124,6호선,고려대,8144,7797,15941
20211124,6호선,안암,10929,10997,21926
20211124,6호선,보문,7321,6787,14108
20211124,6호선,창신,3767,3152,6919
20211124,6호선,동묘앞,7577,7890,15467
20211124,6호선,신당,9065,9321,18386
20211124,6호선,청구,3866,4105,7971
20211124,6호선,약수,3752,3584,7336
20211124,6호선,버티고개,1954,1983,3937
20211124,6호선,한강진,8547,9868,18415
20211124,6호선,이태원,9200,9442,18642
20211124,6호선,녹사평,4527,4636,9163
20211124,6호선,삼각지,6246,5661,11907
20211124,6호선,효창공원앞,7120,6519,13639
20211124,6호선,공덕,19123,18666,37789
20211124,6호선,대흥,8258,8508,16766
20211124,6호선,광흥창,9362,9146,18508
20211124,6호선,상수,7730,8804,16534
20211124,6호선,합정,12862,12904,25766
20211124,6호선,망원,13544,14556,28100
20211124,6호선,마포구청,14630,13207,27837
20211124,6호선,월드컵경기장,3793,4124,7917
20211124,6호선,디지털미디어시티,14469,15540,30009
20211124,6호선,증산,10176,9878,20054
20211124,6호선,새절,12947,12101,25048
20211124,6호선,구산,7942,5954,13896
20211124,6호선,연신내,2,0,2
20211124,6호선,독바위,2722,2825,5547
20211124,6호선,불광,4294,4240,8534
20211124,6호선,역촌,3973,4727,8700
20211124,6호선,응암,17880,17445,35325
20211125,6호선,봉화산,9166,8595,17761
20211125,6호선,화랑대,12147,9349,21496
20211125,6호선,태릉입구,5665,6056,11721
20211125,6호선,석계,12761,13248,26009
20211125,6호선,돌곶이,9856,9107,18963
20211125,6호선,상월곡,6562,5797,12359
20211125,6호선,월곡,11970,11645,23615
20211125,6호선,고려대,8054,7676,15730
20211125,6호선,안암,10414,10701,21115
20211125,6호선,보문,7477,6784,14261
20211125,6호선,창신,3544,2928,6472
20211125,6호선,동묘앞,7906,8003,15909
20211125,6호선,신당,8670,9158,17828
20211125,6호선,청구,3907,4118,8025
20211125,6호선,약수,3714,3668,7382
20211125,6호선,버티고개,2061,2077,4138
20211125,6호선,한강진,8123,9486,17609
20211125,6호선,이태원,9762,10162,19924
20211125,6호선,녹사평,4847,4987,9834
20211125,6호선,삼각지,6267,5602,11869
20211125,6호선,효창공원앞,7207,6502,13709
20211125,6호선,공덕,19383,18740,38123
20211125,6호선,대흥,8307,8573,16880
20211125,6호선,광흥창,9454,9217,18671
20211125,6호선,상수,8107,9443,17550
20211125,6호선,합정,13456,13309,26765
20211125,6호선,망원,13837,14974,28811
20211125,6호선,마포구청,14845,13228,28073
20211125,6호선,월드컵경기장,3917,4183,8100
20211125,6호선,디지털미디어시티,14227,15732,29959
20211125,6호선,증산,10243,10104,20347
20211125,6호선,새절,13397,12438,25835
20211125,6호선,구산,7887,5794,13681
20211125,6호선,독바위,2756,2872,5628
20211125,6호선,불광,4330,4222,8552
20211125,6호선,역촌,3987,4716,8703
20211125,6호선,응암,18013,17428,35441
20211126,6호선,신당,9027,9274,18301
20211126,6호선,응암,18235,17282,35517
20211126,6호선,역촌,4049,4695,8744
20211126,6호선,불광,4442,4244,8686
20211126,6호선,독바위,2812,2838,5650
20211126,6호선,구산,7999,5777,13776
20211126,6호선,새절,13092,11917,25009
20211126,6호선,증산,10380,9909,20289
20211126,6호선,디지털미디어시티,14006,15126,29132
20211126,6호선,월드컵경기장,3709,4060,7769
20211126,6호선,마포구청,14939,13194,28133
20211126,6호선,망원,14605,15948,30553
20211126,6호선,합정,13886,14142,28028
20211126,6호선,상수,8903,10787,19690
20211126,6호선,광흥창,9544,9231,18775
20211126,6호선,대흥,8702,8759,17461
20211126,6호선,공덕,19728,19195,38923
20211126,6호선,효창공원앞,7342,6503,13845
20211126,6호선,삼각지,7007,5940,12947
20211126,6호선,녹사평,5321,5630,10951
20211126,6호선,이태원,11132,13915,25047
20211126,6호선,한강진,9742,11619,21361
20211126,6호선,버티고개,2059,1998,4057
20211126,6호선,약수,3853,3821,7674
20211126,6호선,청구,3975,4086,8061
20211126,6호선,동묘앞,7984,8100,16084
20211126,6호선,창신,3618,2932,6550
20211126,6호선,보문,7591,6893,14484
20211126,6호선,안암,11412,11099,22511
20211126,6호선,고려대,8388,7828,16216
20211126,6호선,월곡,12072,11652,23724
20211126,6호선,상월곡,6593,5667,12260
20211126,6호선,돌곶이,9729,8858,18587
20211126,6호선,석계,12704,13158,25862
20211126,6호선,태릉입구,5690,6152,11842
20211126,6호선,화랑대,12259,9251,21510
20211126,6호선,봉화산,9164,8377,17541
20211129,6호선,응암,17323,17015,34338
20211129,6호선,역촌,3893,4554,8447
20211129,6호선,불광,4192,4212,8404
20211129,6호선,독바위,2635,2763,5398
20211129,6호선,구산,7722,5916,13638
20211129,6호선,새절,12820,11997,24817
20211129,6호선,증산,10022,9828,19850
20211129,6호선,디지털미디어시티,14273,15489,29762
20211129,6호선,월드컵경기장,3789,4094,7883
20211129,6호선,마포구청,14383,12870,27253
20211129,6호선,망원,13024,13820,26844
20211129,6호선,합정,11978,12060,24038
20211129,6호선,상수,7176,8064,15240
20211129,6호선,광흥창,9132,8877,18009
20211129,6호선,대흥,8098,8321,16419
20211129,6호선,공덕,18746,18099,36845
20211129,6호선,효창공원앞,7027,6270,13297
20211129,6호선,삼각지,5684,4995,10679
20211129,6호선,녹사평,4333,4318,8651
20211129,6호선,이태원,8815,8796,17611
20211129,6호선,한강진,6558,7605,14163
20211129,6호선,버티고개,1877,1933,3810
20211129,6호선,약수,3625,3591,7216
20211129,6호선,청구,3802,4016,7818
20211129,6호선,신당,7903,8405,16308
20211129,6호선,동묘앞,7491,7654,15145
20211129,6호선,창신,3634,2994,6628
20211129,6호선,보문,7119,6627,13746
20211129,6호선,안암,10465,10842,21307
20211129,6호선,고려대,7820,7505,15325
20211129,6호선,월곡,11858,11742,23600
20211129,6호선,상월곡,6380,5779,12159
20211129,6호선,돌곶이,9486,8748,18234
20211129,6호선,석계,12377,12958,25335
20211129,6호선,태릉입구,5436,5895,11331
20211129,6호선,화랑대,11816,9720,21536
20211129,6호선,봉화산,8969,8331,17300
20211129,6호선,신내,1,0,1
20211130,6호선,응암,17071,16700,33771
20211130,6호선,역촌,3830,4425,8255
20211130,6호선,불광,3986,3919,7905
20211130,6호선,독바위,2637,2704,5341
20211130,6호선,연신내,1,0,1
20211130,6호선,구산,7427,5643,13070
20211130,6호선,새절,12617,11704,24321
20211130,6호선,증산,9739,9537,19276
20211130,6호선,디지털미디어시티,13555,15148,28703
20211130,6호선,월드컵경기장,2934,3292,6226
20211130,6호선,마포구청,14223,12776,26999
20211130,6호선,망원,12603,13678,26281
20211130,6호선,합정,11843,11884,23727
20211130,6호선,상수,7648,8424,16072
20211130,6호선,광흥창,8978,8779,17757
20211130,6호선,대흥,8108,8284,16392
20211130,6호선,공덕,18455,17763,36218
20211130,6호선,효창공원앞,6806,6176,12982
20211130,6호선,삼각지,5705,5337,11042
20211130,6호선,녹사평,4228,4258,8486
20211130,6호선,이태원,8475,8699,17174
20211130,6호선,한강진,7734,8922,16656
20211130,6호선,버티고개,1913,1877,3790
20211130,6호선,약수,3576,3507,7083
20211130,6호선,청구,3813,3994,7807
20211130,6호선,신당,8451,8682,17133
20211130,6호선,동묘앞,6869,7092,13961
20211130,6호선,창신,3693,3098,6791
20211130,6호선,보문,7112,6546,13658
20211130,6호선,안암,10113,10214,20327
20211130,6호선,고려대,7372,7177,14549
20211130,6호선,월곡,11130,10909,22039
20211130,6호선,상월곡,6246,5596,11842
20211130,6호선,돌곶이,9154,8498,17652
20211130,6호선,석계,12185,12570,24755
20211130,6호선,태릉입구,5148,5785,10933
20211130,6호선,화랑대,11654,9043,20697
20211130,6호선,봉화산,8711,8134,16845
20211201,6호선,봉화산,8984,8373,17357
20211201,6호선,화랑대,12015,9329,21344
20211201,6호선,태릉입구,5434,6001,11435
20211201,6호선,석계,12375,12954,25329
20211201,6호선,돌곶이,9349,8641,17990
20211201,6호선,상월곡,6358,5666,12024
20211201,6호선,월곡,11657,11415,23072
20211201,6호선,고려대,7776,7559,15335
20211201,6호선,안암,10638,10715,21353
20211201,6호선,보문,7193,6638,13831
20211201,6호선,창신,3685,3128,6813
20211201,6호선,동묘앞,7501,7703,15204
20211201,6호선,신당,9285,9533,18818
20211201,6호선,청구,3776,3999,7775
20211201,6호선,약수,3598,3515,7113
20211201,6호선,버티고개,1880,1956,3836
20211201,6호선,한강진,8787,9874,18661
20211201,6호선,이태원,9014,9279,18293
20211201,6호선,녹사평,4547,4503,9050
20211201,6호선,삼각지,6092,5534,11626
20211201,6호선,효창공원앞,7116,6593,13709
20211201,6호선,공덕,18707,18333,37040
20211201,6호선,대흥,8228,8379,16607
20211201,6호선,광흥창,9397,9192,18589
20211201,6호선,상수,7887,8855,16742
20211201,6호선,합정,12796,12437,25233
20211201,6호선,망원,13528,14535,28063
20211201,6호선,마포구청,14828,13527,28355
20211201,6호선,월드컵경기장,3335,3589,6924
20211201,6호선,디지털미디어시티,14248,15506,29754
20211201,6호선,증산,10107,9909,20016
20211201,6호선,새절,12692,11742,24434
20211201,6호선,구산,7825,5888,13713
20211201,6호선,독바위,2662,2830,5492
20211201,6호선,불광,4292,4217,8509
20211201,6호선,역촌,3926,4535,8461
20211201,6호선,응암,17518,17365,34883
20211202,6호선,봉화산,8995,8272,17267
20211202,6호선,화랑대,11839,9227,21066
20211202,6호선,태릉입구,5455,5834,11289
20211202,6호선,석계,12150,12583,24733
20211202,6호선,돌곶이,9224,8482,17706
20211202,6호선,상월곡,6243,5600,11843
20211202,6호선,월곡,11532,11416,22948
20211202,6호선,고려대,7743,7378,15121
20211202,6호선,안암,10320,10224,20544
20211202,6호선,보문,7145,6570,13715
20211202,6호선,창신,3643,3045,6688
20211202,6호선,동묘앞,7415,7608,15023
20211202,6호선,신당,8394,8866,17260
20211202,6호선,청구,3855,4075,7930
20211202,6호선,약수,3580,3565,7145
20211202,6호선,버티고개,1931,2006,3937
20211202,6호선,한강진,7946,9300,17246
20211202,6호선,이태원,9122,9507,18629
20211202,6호선,녹사평,4438,4587,9025
20211202,6호선,삼각지,6223,5716,11939
20211202,6호선,효창공원앞,6962,6259,13221
20211202,6호선,공덕,18606,18008,36614
20211202,6호선,대흥,8236,8351,16587
20211202,6호선,광흥창,9236,9037,18273
20211202,6호선,상수,7685,8632,16317
20211202,6호선,합정,12504,12706,25210
20211202,6호선,망원,13376,14467,27843
20211202,6호선,마포구청,14870,13193,28063
20211202,6호선,월드컵경기장,3583,3838,7421
20211202,6호선,디지털미디어시티,13952,15397,29349
20211202,6호선,증산,10105,9880,19985
20211202,6호선,새절,13061,11871,24932
20211202,6호선,구산,7705,5820,13525
20211202,6호선,연신내,1,0,1
20211202,6호선,독바위,2668,2756,5424
20211202,6호선,불광,4204,4135,8339
20211202,6호선,역촌,3930,4498,8428
20211202,6호선,응암,17510,17308,34818
20211203,6호선,응암,17892,17163,35055
20211203,6호선,역촌,3972,4608,8580
20211203,6호선,불광,4271,4221,8492
20211203,6호선,독바위,2708,2753,5461
20211203,6호선,연신내,1,0,1
20211203,6호선,구산,7882,5785,13667
20211203,6호선,새절,13065,12092,25157
20211203,6호선,증산,10228,9693,19921
20211203,6호선,디지털미디어시티,13825,15006,28831
20211203,6호선,월드컵경기장,3506,3832,7338
20211203,6호선,마포구청,15031,13437,28468
20211203,6호선,망원,14312,15757,30069
20211203,6호선,합정,13664,13877,27541
20211203,6호선,상수,8473,10261,18734
20211203,6호선,광흥창,9135,8929,18064
20211203,6호선,대흥,8419,8669,17088
20211203,6호선,공덕,19445,19449,38894
20211203,6호선,효창공원앞,7138,6487,13625
20211203,6호선,삼각지,6499,5639,12138
20211203,6호선,녹사평,4716,5005,9721
20211203,6호선,이태원,10491,12971,23462
20211203,6호선,한강진,10232,11949,22181
20211203,6호선,버티고개,1960,1929,3889
20211203,6호선,약수,3704,3724,7428
20211203,6호선,청구,3862,4027,7889
20211203,6호선,신당,9392,9274,18666
20211203,6호선,동묘앞,7854,8026,15880
20211203,6호선,창신,3704,2966,6670
20211203,6호선,보문,7493,6614,14107
20211203,6호선,안암,11187,10898,22085
20211203,6호선,고려대,7773,7398,15171
20211203,6호선,월곡,11928,11602,23530
20211203,6호선,상월곡,6480,5523,12003
20211203,6호선,돌곶이,9311,8368,17679
20211203,6호선,석계,12426,12824,25250
20211203,6호선,태릉입구,5555,5916,11471
20211203,6호선,화랑대,12052,9296,21348
20211203,6호선,봉화산,8977,8291,17268
20211206,6호선,봉화산,8762,8199,16961
20211206,6호선,화랑대,11612,9060,20672
20211206,6호선,태릉입구,5254,5812,11066
20211206,6호선,석계,12050,12568,24618
20211206,6호선,돌곶이,9333,8782,18115
20211206,6호선,상월곡,6188,5486,11674
20211206,6호선,월곡,11414,11442,22856
20211206,6호선,고려대,7610,7201,14811
20211206,6호선,안암,10267,10568,20835
20211206,6호선,보문,7009,6491,13500
20211206,6호선,창신,3533,3008,6541
20211206,6호선,동묘앞,7605,7728,15333
20211206,6호선,신당,7631,8205,15836
20211206,6호선,청구,3694,3924,7618
20211206,6호선,약수,3606,3535,7141
20211206,6호선,버티고개,1923,2004,3927
20211206,6호선,한강진,6402,7371,13773
20211206,6호선,이태원,8429,8664,17093
20211206,6호선,녹사평,4255,4191,8446
20211206,6호선,삼각지,5495,4893,10388
20211206,6호선,효창공원앞,7077,6395,13472
20211206,6호선,공덕,18185,17546,35731
20211206,6호선,대흥,7903,8221,16124
20211206,6호선,광흥창,8815,8500,17315
20211206,6호선,상수,7231,7923,15154
20211206,6호선,합정,11667,11819,23486
20211206,6호선,망원,12622,13589,26211
20211206,6호선,마포구청,14453,12853,27306
20211206,6호선,월드컵경기장,3680,3893,7573
20211206,6호선,디지털미디어시티,13938,14881,28819
20211206,6호선,증산,9826,9733,19559
20211206,6호선,새절,12769,11773,24542
20211206,6호선,구산,7516,5647,13163
20211206,6호선,독바위,2687,2836,5523
20211206,6호선,불광,4016,4079,8095
20211206,6호선,역촌,3884,4614,8498
20211206,6호선,응암,17441,17289,34730
20211207,6호선,응암,17625,17423,35048
20211207,6호선,역촌,3942,4599,8541
20211207,6호선,불광,4086,4077,8163
20211207,6호선,독바위,2678,2853,5531
20211207,6호선,구산,7685,5769,13454
20211207,6호선,새절,12924,11939,24863
20211207,6호선,증산,9993,9850,19843
20211207,6호선,디지털미디어시티,14013,15259,29272
20211207,6호선,월드컵경기장,3794,4045,7839
20211207,6호선,마포구청,14456,12933,27389
20211207,6호선,망원,13080,14091,27171
20211207,6호선,합정,11924,12075,23999
20211207,6호선,상수,7570,8337,15907
20211207,6호선,광흥창,8957,8711,17668
20211207,6호선,대흥,7890,8171,16061
20211207,6호선,공덕,18625,17875,36500
20211207,6호선,효창공원앞,7128,6415,13543
20211207,6호선,삼각지,6002,5381,11383
20211207,6호선,녹사평,4377,4416,8793
20211207,6호선,이태원,8563,8824,17387
20211207,6호선,한강진,7659,8791,16450
20211207,6호선,버티고개,1892,1938,3830
20211207,6호선,약수,3640,3619,7259
20211207,6호선,청구,3713,3999,7712
20211207,6호선,신당,8571,8923,17494
20211207,6호선,동묘앞,7496,7736,15232
20211207,6호선,창신,3601,2912,6513
20211207,6호선,보문,7058,6715,13773
20211207,6호선,안암,9820,9866,19686
20211207,6호선,고려대,7507,7210,14717
20211207,6호선,월곡,11547,11426,22973
20211207,6호선,상월곡,6325,5586,11911
20211207,6호선,돌곶이,9296,8683,17979
20211207,6호선,석계,12228,12700,24928
20211207,6호선,태릉입구,5216,5776,10992
20211207,6호선,화랑대,11825,9286,21111
20211207,6호선,봉화산,9118,8392,17510
20211207,6호선,신내,1,0,1
20211208,6호선,신내,1,0,1
20211208,6호선,봉화산,8976,8321,17297
20211208,6호선,화랑대,11678,9071,20749
20211208,6호선,태릉입구,5342,5852,11194
20211208,6호선,석계,12406,12798,25204
20211208,6호선,돌곶이,9382,8767,18149
20211208,6호선,상월곡,6204,5489,11693
20211208,6호선,월곡,11259,11291,22550
20211208,6호선,고려대,7728,7339,15067
20211208,6호선,안암,9953,10060,20013
20211208,6호선,보문,7158,6550,13708
20211208,6호선,창신,3539,2968,6507
20211208,6호선,동묘앞,7484,7620,15104
20211208,6호선,신당,8875,9166,18041
20211208,6호선,청구,3813,4052,7865
20211208,6호선,약수,3648,3654,7302
20211208,6호선,버티고개,1906,2045,3951
20211208,6호선,한강진,8337,9519,17856
20211208,6호선,이태원,8530,8846,17376
20211208,6호선,녹사평,4370,4482,8852
20211208,6호선,삼각지,6088,5497,11585
20211208,6호선,효창공원앞,7079,6376,13455
20211208,6호선,공덕,18293,17818,36111
20211208,6호선,대흥,8031,8266,16297
20211208,6호선,광흥창,9016,8721,17737
20211208,6호선,상수,7922,8896,16818
20211208,6호선,합정,12250,12396,24646
20211208,6호선,망원,13180,14140,27320
20211208,6호선,마포구청,14682,13088,27770
20211208,6호선,월드컵경기장,3772,4048,7820
20211208,6호선,디지털미디어시티,13888,15146,29034
20211208,6호선,증산,10180,9925,20105
20211208,6호선,새절,12831,11872,24703
20211208,6호선,구산,7612,5761,13373
20211208,6호선,연신내,2,0,2
20211208,6호선,독바위,2650,2782,5432
20211208,6호선,불광,4147,4177,8324
20211208,6호선,역촌,3834,4611,8445
20211208,6호선,응암,17681,17334,35015
20211209,6호선,응암,17519,17243,34762
20211209,6호선,역촌,3826,4562,8388
20211209,6호선,불광,4130,4083,8213
20211209,6호선,독바위,2684,2844,5528
20211209,6호선,구산,7560,5479,13039
20211209,6호선,새절,12708,11654,24362
20211209,6호선,증산,10006,9919,19925
20211209,6호선,디지털미디어시티,13759,14846,28605
20211209,6호선,월드컵경기장,3709,4007,7716
20211209,6호선,마포구청,14292,12816,27108
20211209,6호선,망원,13262,14288,27550
20211209,6호선,합정,12351,12205,24556
20211209,6호선,상수,8220,9359,17579
20211209,6호선,광흥창,8721,8507,17228
20211209,6호선,대흥,7816,7975,15791
20211209,6호선,공덕,18249,17947,36196
20211209,6호선,효창공원앞,7020,6274,13294
20211209,6호선,삼각지,6109,5444,11553
20211209,6호선,녹사평,4510,4657,9167
20211209,6호선,이태원,8775,9242,18017
20211209,6호선,한강진,7602,8913,16515
20211209,6호선,버티고개,1969,1936,3905
20211209,6호선,약수,3565,3556,7121
20211209,6호선,청구,3776,4007,7783
20211209,6호선,신당,8542,8899,17441
20211209,6호선,동묘앞,7401,7572,14973
20211209,6호선,창신,3608,2940,6548
20211209,6호선,보문,7137,6574,13711
20211209,6호선,안암,9967,9925,19892
20211209,6호선,고려대,7586,7247,14833
20211209,6호선,월곡,11313,11178,22491
20211209,6호선,상월곡,6184,5466,11650
20211209,6호선,돌곶이,9201,8414,17615
20211209,6호선,석계,12157,12498,24655
20211209,6호선,태릉입구,5320,5776,11096
20211209,6호선,화랑대,11536,8968,20504
20211209,6호선,봉화산,8789,8222,17011
20211210,6호선,봉화산,8822,8127,16949
20211210,6호선,화랑대,11668,9068,20736
20211210,6호선,태릉입구,5399,5788,11187
20211210,6호선,석계,12206,12504,24710
20211210,6호선,돌곶이,9510,8486,17996
20211210,6호선,상월곡,6208,5307,11515
20211210,6호선,월곡,11560,11289,22849
20211210,6호선,고려대,7979,7539,15518
20211210,6호선,안암,10384,10004,20388
20211210,6호선,보문,7419,6495,13914
20211210,6호선,창신,3552,2878,6430
20211210,6호선,동묘앞,7608,7663,15271
20211210,6호선,신당,8795,9062,17857
20211210,6호선,청구,3899,4029,7928
20211210,6호선,약수,3658,3632,7290
20211210,6호선,버티고개,1979,1951,3930
20211210,6호선,한강진,9092,10846,19938
20211210,6호선,이태원,9827,12104,21931
20211210,6호선,녹사평,4799,5207,10006
20211210,6호선,삼각지,6299,5533,11832
20211210,6호선,효창공원앞,7082,6262,13344
20211210,6호선,공덕,18354,18006,36360
20211210,6호선,대흥,8055,8149,16204
20211210,6호선,광흥창,8686,8409,17095
20211210,6호선,상수,8671,10351,19022
20211210,6호선,합정,12846,13480,26326
20211210,6호선,망원,13987,15291,29278
20211210,6호선,마포구청,14514,12724,27238
20211210,6호선,월드컵경기장,3363,3610,6973
20211210,6호선,디지털미디어시티,13653,14579,28232
20211210,6호선,증산,9982,9561,19543
20211210,6호선,새절,12546,11584,24130
20211210,6호선,구산,7762,5612,13374
20211210,6호선,독바위,2641,2648,5289
20211210,6호선,불광,4050,4002,8052
20211210,6호선,역촌,3867,4505,8372
20211210,6호선,응암,17402,16673,34075
20211213,6호선,봉화산,8341,7760,16101
20211213,6호선,화랑대,11197,8754,19951
20211213,6호선,태릉입구,4934,5327,10261
20211213,6호선,석계,11410,12098,23508
20211213,6호선,돌곶이,8991,8415,17406
20211213,6호선,상월곡,5852,5281,11133
20211213,6호선,월곡,10974,10825,21799
20211213,6호선,고려대,7497,7222,14719
20211213,6호선,안암,10004,10195,20199
20211213,6호선,보문,6742,6222,12964
20211213,6호선,창신,3420,2834,6254
20211213,6호선,동묘앞,7007,7248,14255
20211213,6호선,신당,7735,8303,16038
20211213,6호선,청구,3621,3791,7412
20211213,6호선,약수,3492,3495,6987
20211213,6호선,버티고개,1839,1907,3746
20211213,6호선,한강진,6295,7171,13466
20211213,6호선,이태원,8185,8310,16495
20211213,6호선,녹사평,4082,3995,8077
20211213,6호선,삼각지,5355,4798,10153
20211213,6호선,효창공원앞,6616,6033,12649
20211213,6호선,공덕,17558,17075,34633
20211213,6호선,대흥,7388,7605,14993
20211213,6호선,광흥창,8483,8286,16769
20211213,6호선,상수,7502,8304,15806
20211213,6호선,합정,11191,11190,22381
20211213,6호선,망원,12454,13233,25687
20211213,6호선,마포구청,13741,12603,26344
20211213,6호선,월드컵경기장,3128,3432,6560
20211213,6호선,디지털미디어시티,13127,14270,27397
20211213,6호선,증산,9576,9500,19076
20211213,6호선,새절,12128,11319,23447
20211213,6호선,구산,7231,5531,12762
20211213,6호선,독바위,2524,2663,5187
20211213,6호선,불광,3860,3826,7686
20211213,6호선,역촌,3741,4403,8144
20211213,6호선,응암,16591,16601,33192
20211214,6호선,봉화산,8789,8126,16915
20211214,6호선,화랑대,11511,9256,20767
20211214,6호선,태릉입구,5173,5711,10884
20211214,6호선,석계,11934,12496,24430
20211214,6호선,돌곶이,9173,8487,17660
20211214,6호선,상월곡,6001,5377,11378
20211214,6호선,월곡,11106,11015,22121
20211214,6호선,고려대,7404,7232,14636
20211214,6호선,안암,10215,10233,20448
20211214,6호선,보문,7181,6632,13813
20211214,6호선,창신,3470,2933,6403
20211214,6호선,동묘앞,7081,7288,14369
20211214,6호선,신당,8508,8853,17361
20211214,6호선,청구,3680,3965,7645
20211214,6호선,약수,3475,3461,6936
20211214,6호선,버티고개,1837,1891,3728
20211214,6호선,한강진,7346,8557,15903
20211214,6호선,이태원,8412,8577,16989
20211214,6호선,녹사평,4320,4364,8684
20211214,6호선,삼각지,5720,5287,11007
20211214,6호선,효창공원앞,6781,6143,12924
20211214,6호선,공덕,17988,17345,35333
20211214,6호선,대흥,7585,7764,15349
20211214,6호선,광흥창,8957,8762,17719
20211214,6호선,상수,8287,9090,17377
20211214,6호선,합정,11704,11803,23507
20211214,6호선,망원,12806,13971,26777
20211214,6호선,마포구청,14265,12938,27203
20211214,6호선,월드컵경기장,3740,3958,7698
20211214,6호선,디지털미디어시티,13657,14804,28461
20211214,6호선,증산,9770,9601,19371
20211214,6호선,새절,12420,11681,24101
20211214,6호선,구산,7451,5614,13065
20211214,6호선,연신내,1,0,1
20211214,6호선,독바위,2656,2854,5510
20211214,6호선,불광,4016,4130,8146
20211214,6호선,역촌,3815,4469,8284
20211214,6호선,응암,17309,17080,34389
20211215,6호선,응암,17646,17263,34909
20211215,6호선,역촌,3772,4422,8194
20211215,6호선,불광,4276,4175,8451
20211215,6호선,독바위,2639,2694,5333
20211215,6호선,연신내,14,0,14
20211215,6호선,구산,7622,5570,13192
20211215,6호선,새절,12619,11807,24426
20211215,6호선,증산,10051,9745,19796
20211215,6호선,디지털미디어시티,13780,15061,28841
20211215,6호선,월드컵경기장,4165,4608,8773
20211215,6호선,마포구청,14321,12857,27178
20211215,6호선,망원,13376,14333,27709
20211215,6호선,합정,12559,12412,24971
20211215,6호선,상수,7543,8476,16019
20211215,6호선,광흥창,8950,8680,17630
20211215,6호선,대흥,7583,7720,15303
20211215,6호선,공덕,18014,17498,35512
20211215,6호선,효창공원앞,6914,6056,12970
20211215,6호선,삼각지,6005,5407,11412
20211215,6호선,녹사평,4528,4625,9153
20211215,6호선,이태원,8608,8965,17573
20211215,6호선,한강진,8804,9808,18612
20211215,6호선,버티고개,1811,1822,3633
20211215,6호선,약수,3510,3412,6922
20211215,6호선,청구,3656,3932,7588
20211215,6호선,신당,8727,8941,17668
20211215,6호선,동묘앞,7130,7386,14516
20211215,6호선,창신,3487,2821,6308
20211215,6호선,보문,7024,6560,13584
20211215,6호선,안암,10563,10615,21178
20211215,6호선,고려대,7557,7242,14799
20211215,6호선,월곡,11164,10974,22138
20211215,6호선,상월곡,6141,5318,11459
20211215,6호선,돌곶이,9273,8583,17856
20211215,6호선,석계,11981,12323,24304
20211215,6호선,태릉입구,5209,5790,10999
20211215,6호선,화랑대,11674,8965,20639
20211215,6호선,봉화산,8774,8216,16990
20211215,6호선,신내,1,0,1
20211216,6호선,신내,1,0,1
20211216,6호선,봉화산,8714,8114,16828
20211216,6호선,화랑대,11606,9037,20643
20211216,6호선,태릉입구,5293,5794,11087
20211216,6호선,석계,11962,12286,24248
20211216,6호선,돌곶이,9162,8339,17501
20211216,6호선,상월곡,6051,5324,11375
20211216,6호선,월곡,11287,11052,22339
20211216,6호선,고려대,7711,7413,15124
20211216,6호선,안암,11176,10971,22147
20211216,6호선,보문,7124,6562,13686
20211216,6호선,창신,3567,2828,6395
20211216,6호선,동묘앞,7315,7458,14773
20211216,6호선,신당,8300,8453,16753
20211216,6호선,청구,3664,3893,7557
20211216,6호선,약수,3598,3586,7184
20211216,6호선,버티고개,1858,1933,3791
20211216,6호선,한강진,7631,8919,16550
20211216,6호선,이태원,8792,9400,18192
20211216,6호선,녹사평,4502,4530,9032
20211216,6호선,삼각지,5960,5482,11442
20211216,6호선,효창공원앞,6939,6194,13133
20211216,6호선,공덕,17938,17438,35376
20211216,6호선,대흥,7463,7566,15029
20211216,6호선,광흥창,8745,8414,17159
20211216,6호선,상수,7869,9213,17082
20211216,6호선,합정,12586,12511,25097
20211216,6호선,망원,13379,14525,27904
20211216,6호선,마포구청,14128,12712,26840
20211216,6호선,월드컵경기장,3952,4344,8296
20211216,6호선,디지털미디어시티,13638,14776,28414
20211216,6호선,증산,9841,9667,19508
20211216,6호선,새절,12663,11763,24426
20211216,6호선,구산,7650,5637,13287
20211216,6호선,독바위,2554,2662,5216
20211216,6호선,불광,4074,3983,8057
20211216,6호선,역촌,3832,4529,8361
20211216,6호선,응암,17218,16842,34060
20211217,6호선,봉화산,8659,7984,16643
20211217,6호선,화랑대,11734,9003,20737
20211217,6호선,태릉입구,5422,5701,11123
20211217,6호선,석계,12090,12350,24440
20211217,6호선,돌곶이,9113,8398,17511
20211217,6호선,상월곡,6108,5394,11502
20211217,6호선,월곡,11167,10755,21922
20211217,6호선,고려대,7705,7369,15074
20211217,6호선,안암,10886,10536,21422
20211217,6호선,보문,7228,6424,13652
20211217,6호선,창신,3532,2867,6399
20211217,6호선,동묘앞,7495,7560,15055
20211217,6호선,신당,9378,9405,18783
20211217,6호선,청구,3662,3912,7574
20211217,6호선,약수,3640,3660,7300
20211217,6호선,버티고개,1989,1982,3971
20211217,6호선,한강진,9376,11143,20519
20211217,6호선,이태원,10203,12653,22856
20211217,6호선,녹사평,4655,4938,9593
20211217,6호선,삼각지,6206,5531,11737
20211217,6호선,효창공원앞,6945,6242,13187
20211217,6호선,공덕,17983,17661,35644
20211217,6호선,대흥,7677,7961,15638
20211217,6호선,광흥창,8846,8550,17396
20211217,6호선,상수,9014,10618,19632
20211217,6호선,합정,13394,13319,26713
20211217,6호선,망원,13949,15321,29270
20211217,6호선,마포구청,14359,12961,27320
20211217,6호선,월드컵경기장,3801,4009,7810
20211217,6호선,디지털미디어시티,13256,14490,27746
20211217,6호선,증산,9717,9440,19157
20211217,6호선,새절,12632,11604,24236
20211217,6호선,구산,7581,5683,13264
20211217,6호선,독바위,2695,2749,5444
20211217,6호선,불광,4192,3941,8133
20211217,6호선,역촌,3982,4526,8508
20211217,6호선,응암,17106,16687,33793
20211220,6호선,응암,17048,17021,34069
20211220,6호선,역촌,3714,4431,8145
20211220,6호선,불광,3981,3989,7970
20211220,6호선,독바위,2571,2738,5309
20211220,6호선,구산,7305,5480,12785
20211220,6호선,새절,12512,11657,24169
20211220,6호선,증산,9823,9882,19705
20211220,6호선,디지털미디어시티,13430,14631,28061
20211220,6호선,월드컵경기장,3496,3791,7287
20211220,6호선,마포구청,13932,12694,26626
20211220,6호선,망원,12686,13514,26200
20211220,6호선,합정,11821,11478,23299
20211220,6호선,상수,7359,8104,15463
20211220,6호선,광흥창,8723,8486,17209
20211220,6호선,대흥,7480,7665,15145
20211220,6호선,공덕,17949,17825,35774
20211220,6호선,효창공원앞,6584,6034,12618
20211220,6호선,삼각지,5484,4767,10251
20211220,6호선,녹사평,4389,4250,8639
20211220,6호선,이태원,8383,8314,16697
20211220,6호선,한강진,6337,7199,13536
20211220,6호선,버티고개,1907,1973,3880
20211220,6호선,약수,3407,3501,6908
20211220,6호선,청구,3626,3880,7506
20211220,6호선,신당,7661,8031,15692
20211220,6호선,동묘앞,7423,7689,15112
20211220,6호선,창신,3382,2763,6145
20211220,6호선,보문,6804,6328,13132
20211220,6호선,안암,10680,10751,21431
20211220,6호선,고려대,7571,7297,14868
20211220,6호선,월곡,11005,10944,21949
20211220,6호선,상월곡,6062,5339,11401
20211220,6호선,돌곶이,8960,8587,17547
20211220,6호선,석계,11613,12141,23754
20211220,6호선,태릉입구,5156,5693,10849
20211220,6호선,화랑대,11380,9031,20411
20211220,6호선,봉화산,8533,8077,16610
20211220,6호선,신내,1,0,1
20211221,6호선,응암,17358,17392,34750
20211221,6호선,역촌,3744,4479,8223
20211221,6호선,불광,4158,4087,8245
20211221,6호선,독바위,2631,2768,5399
20211221,6호선,구산,7568,5753,13321
20211221,6호선,새절,12731,11872,24603
20211221,6호선,증산,10138,10056,20194
20211221,6호선,디지털미디어시티,13723,15137,28860
20211221,6호선,월드컵경기장,3821,4050,7871
20211221,6호선,마포구청,14293,12919,27212
20211221,6호선,망원,13396,14590,27986
20211221,6호선,합정,12655,12285,24940
20211221,6호선,상수,7945,8821,16766
20211221,6호선,광흥창,9046,8770,17816
20211221,6호선,대흥,7800,8018,15818
20211221,6호선,공덕,18153,17497,35650
20211221,6호선,효창공원앞,6751,6134,12885
20211221,6호선,삼각지,6023,5369,11392
20211221,6호선,녹사평,4554,4350,8904
20211221,6호선,이태원,8748,9004,17752
20211221,6호선,한강진,7820,8886,16706
20211221,6호선,버티고개,1865,1997,3862
20211221,6호선,약수,3720,3715,7435
20211221,6호선,청구,3645,4010,7655
20211221,6호선,신당,8606,8908,17514
20211221,6호선,동묘앞,7622,7821,15443
20211221,6호선,창신,3465,2837,6302
20211221,6호선,보문,7165,6740,13905
20211221,6호선,안암,11334,11184,22518
20211221,6호선,고려대,7757,7576,15333
20211221,6호선,월곡,11382,11439,22821
20211221,6호선,상월곡,6163,5581,11744
20211221,6호선,돌곶이,9171,8611,17782
20211221,6호선,석계,11932,12494,24426
20211221,6호선,태릉입구,5359,5887,11246
20211221,6호선,화랑대,11718,9154,20872
20211221,6호선,봉화산,8878,8362,17240
20211222,6호선,응암,17449,17510,34959
20211222,6호선,역촌,3767,4569,8336
20211222,6호선,불광,4356,4321,8677
20211222,6호선,독바위,2676,2877,5553
20211222,6호선,구산,7664,5817,13481
20211222,6호선,새절,12580,11723,24303
20211222,6호선,증산,10045,10226,20271
20211222,6호선,디지털미디어시티,14055,15035,29090
20211222,6호선,월드컵경기장,3707,4018,7725
20211222,6호선,마포구청,14559,13155,27714
20211222,6호선,망원,14189,15290,29479
20211222,6호선,합정,12984,12710,25694
20211222,6호선,상수,8241,8996,17237
20211222,6호선,광흥창,9022,8854,17876
20211222,6호선,대흥,7892,8060,15952
20211222,6호선,공덕,18539,17848,36387
20211222,6호선,효창공원앞,6958,6276,13234
20211222,6호선,삼각지,6366,5755,12121
20211222,6호선,녹사평,4815,4817,9632
20211222,6호선,이태원,9416,9398,18814
20211222,6호선,한강진,9282,10457,19739
20211222,6호선,버티고개,1959,2028,3987
20211222,6호선,약수,3636,3568,7204
20211222,6호선,청구,3730,3979,7709
20211222,6호선,신당,8593,8934,17527
20211222,6호선,동묘앞,7620,7774,15394
20211222,6호선,창신,3579,2931,6510
20211222,6호선,보문,7453,6910,14363
20211222,6호선,안암,10581,10201,20782
20211222,6호선,고려대,7867,7610,15477
20211222,6호선,월곡,11399,11525,22924
20211222,6호선,상월곡,6203,5576,11779
20211222,6호선,돌곶이,9365,9069,18434
20211222,6호선,석계,12342,12570,24912
20211222,6호선,태릉입구,5391,5914,11305
20211222,6호선,화랑대,11668,9269,20937
20211222,6호선,봉화산,9073,8560,17633
20211223,6호선,봉화산,8892,8377,17269
20211223,6호선,화랑대,11563,9075,20638
20211223,6호선,태릉입구,5513,5977,11490
20211223,6호선,석계,11839,12397,24236
20211223,6호선,돌곶이,9364,8853,18217
20211223,6호선,상월곡,6191,5413,11604
20211223,6호선,월곡,11426,11466,22892
20211223,6호선,고려대,7668,7446,15114
20211223,6호선,안암,10269,9916,20185
20211223,6호선,보문,7357,6835,14192
20211223,6호선,창신,3509,2858,6367
20211223,6호선,동묘앞,7700,7877,15577
20211223,6호선,신당,8561,8823,17384
20211223,6호선,청구,3677,3940,7617
20211223,6호선,약수,3571,3533,7104
20211223,6호선,버티고개,1911,2020,3931
20211223,6호선,한강진,9503,10570,20073
20211223,6호선,이태원,9658,9896,19554
20211223,6호선,녹사평,4979,4947,9926
20211223,6호선,삼각지,6166,5389,11555
20211223,6호선,효창공원앞,6962,6217,13179
20211223,6호선,공덕,18312,17756,36068
20211223,6호선,대흥,7844,8023,15867
20211223,6호선,광흥창,8891,8689,17580
20211223,6호선,상수,8336,9323,17659
20211223,6호선,합정,13371,12948,26319
20211223,6호선,망원,14297,15448,29745
20211223,6호선,마포구청,14449,13114,27563
20211223,6호선,월드컵경기장,3827,4116,7943
20211223,6호선,디지털미디어시티,13611,15046,28657
20211223,6호선,증산,10128,10017,20145
20211223,6호선,새절,12796,11742,24538
20211223,6호선,구산,7688,5721,13409
20211223,6호선,연신내,1,0,1
20211223,6호선,독바위,2721,2836,5557
20211223,6호선,불광,4210,4252,8462
20211223,6호선,역촌,3783,4523,8306
20211223,6호선,응암,17557,17432,34989
20211224,6호선,응암,17406,17678,35084
20211224,6호선,역촌,3990,4484,8474
20211224,6호선,불광,4467,4318,8785
20211224,6호선,독바위,2680,2800,5480
20211224,6호선,구산,7624,5779,13403
20211224,6호선,새절,12387,11571,23958
20211224,6호선,증산,10124,10003,20127
20211224,6호선,디지털미디어시티,12859,14033,26892
20211224,6호선,월드컵경기장,3690,4110,7800
20211224,6호선,마포구청,14410,13044,27454
20211224,6호선,망원,15627,16801,32428
20211224,6호선,합정,13894,13417,27311
20211224,6호선,상수,9812,10783,20595
20211224,6호선,광흥창,8831,8678,17509
20211224,6호선,대흥,7973,8172,16145
20211224,6호선,공덕,17706,16987,34693
20211224,6호선,효창공원앞,6905,6213,13118
20211224,6호선,삼각지,6217,5302,11519
20211224,6호선,녹사평,5439,5784,11223
20211224,6호선,이태원,12318,13396,25714
20211224,6호선,한강진,11063,12441,23504
20211224,6호선,버티고개,1962,2032,3994
20211224,6호선,약수,3548,3654,7202
20211224,6호선,청구,3629,4003,7632
20211224,6호선,신당,9156,9100,18256
20211224,6호선,동묘앞,8086,8245,16331
20211224,6호선,창신,3438,2740,6178
20211224,6호선,보문,7712,6963,14675
20211224,6호선,안암,10029,9414,19443
20211224,6호선,고려대,7681,7194,14875
20211224,6호선,월곡,11446,11374,22820
20211224,6호선,상월곡,6021,5330,11351
20211224,6호선,돌곶이,9165,8470,17635
20211224,6호선,석계,11900,12382,24282
20211224,6호선,태릉입구,5553,5885,11438
20211224,6호선,화랑대,11183,8896,20079
20211224,6호선,봉화산,8561,8156,16717
20211227,6호선,응암,16033,16077,32110
20211227,6호선,역촌,3543,4214,7757
20211227,6호선,불광,3785,3773,7558
20211227,6호선,독바위,2432,2622,5054
20211227,6호선,구산,7036,5381,12417
20211227,6호선,새절,11286,10773,22059
20211227,6호선,증산,9202,9097,18299
20211227,6호선,디지털미디어시티,12414,13544,25958
20211227,6호선,월드컵경기장,3087,3271,6358
20211227,6호선,마포구청,13217,11942,25159
20211227,6호선,망원,12213,13070,25283
20211227,6호선,합정,11955,11514,23469
20211227,6호선,상수,7050,7879,14929
20211227,6호선,광흥창,8169,7950,16119
20211227,6호선,대흥,7101,7414,14515
20211227,6호선,공덕,16726,16112,32838
20211227,6호선,효창공원앞,6194,5614,11808
20211227,6호선,삼각지,5101,4621,9722
20211227,6호선,녹사평,3961,3964,7925
20211227,6호선,이태원,8221,8180,16401
20211227,6호선,한강진,6274,7082,13356
20211227,6호선,버티고개,1766,1857,3623
20211227,6호선,약수,3296,3289,6585
20211227,6호선,청구,3392,3558,6950
20211227,6호선,신당,7180,7843,15023
20211227,6호선,동묘앞,6993,7223,14216
20211227,6호선,창신,3241,2728,5969
20211227,6호선,보문,6728,6246,12974
20211227,6호선,안암,9125,9240,18365
20211227,6호선,고려대,7029,6795,13824
20211227,6호선,월곡,10410,10449,20859
20211227,6호선,상월곡,5700,5138,10838
20211227,6호선,돌곶이,8423,8091,16514
20211227,6호선,석계,11131,11542,22673
20211227,6호선,태릉입구,4866,5334,10200
20211227,6호선,화랑대,10497,8257,18754
20211227,6호선,봉화산,8152,7606,15758
20211227,6호선,신내,1,0,1
20211228,6호선,봉화산,8659,8156,16815
20211228,6호선,화랑대,11137,8706,19843
20211228,6호선,태릉입구,5159,5635,10794
20211228,6호선,석계,11815,12137,23952
20211228,6호선,돌곶이,8809,8307,17116
20211228,6호선,상월곡,5891,5366,11257
20211228,6호선,월곡,10789,10917,21706
20211228,6호선,고려대,7321,7070,14391
20211228,6호선,안암,9854,9819,19673
20211228,6호선,보문,7068,6638,13706
20211228,6호선,창신,3305,2745,6050
20211228,6호선,동묘앞,7302,7500,14802
20211228,6호선,신당,8133,8554,16687
20211228,6호선,청구,3573,3876,7449
20211228,6호선,약수,3459,3413,6872
20211228,6호선,버티고개,1809,1906,3715
20211228,6호선,한강진,7871,8710,16581
20211228,6호선,이태원,8735,8685,17420
20211228,6호선,녹사평,4472,4359,8831
20211228,6호선,삼각지,5868,5263,11131
20211228,6호선,공덕,17532,16955,34487
20211228,6호선,대흥,7390,7602,14992
20211228,6호선,광흥창,8638,8542,17180
20211228,6호선,상수,7698,8484,16182
20211228,6호선,합정,12433,11926,24359
20211228,6호선,망원,13244,14268,27512
20211228,6호선,마포구청,13897,12745,26642
20211228,6호선,월드컵경기장,3323,3685,7008
20211228,6호선,디지털미디어시티,13031,14373,27404
20211228,6호선,증산,9662,9705,19367
20211228,6호선,새절,12038,11310,23348
20211228,6호선,구산,7334,5643,12977
20211228,6호선,독바위,2547,2764,5311
20211228,6호선,불광,4058,4084,8142
20211228,6호선,역촌,3670,4257,7927
20211228,6호선,응암,16808,16643,33451
20211228,6호선,효창공원앞,6671,6072,12743
20211229,6호선,불광,4298,4196,8494
20211229,6호선,독바위,2564,2799,5363
20211229,6호선,연신내,1,0,1
20211229,6호선,구산,7676,5839,13515
20211229,6호선,새절,12292,11471,23763
20211229,6호선,증산,9762,9883,19645
20211229,6호선,디지털미디어시티,13327,14593,27920
20211229,6호선,월드컵경기장,3532,3866,7398
20211229,6호선,마포구청,14114,12849,26963
20211229,6호선,망원,13922,15113,29035
20211229,6호선,합정,13151,12701,25852
20211229,6호선,상수,8083,8918,17001
20211229,6호선,광흥창,8859,8664,17523
20211229,6호선,대흥,7585,7721,15306
20211229,6호선,공덕,18000,17245,35245
20211229,6호선,효창공원앞,6693,6140,12833
20211229,6호선,삼각지,6109,5506,11615
20211229,6호선,녹사평,4808,4761,9569
20211229,6호선,이태원,9453,9508,18961
20211229,6호선,한강진,9363,10534,19897
20211229,6호선,버티고개,1944,1975,3919
20211229,6호선,약수,3631,3636,7267
20211229,6호선,청구,3768,3935,7703
20211229,6호선,신당,8825,8969,17794
20211229,6호선,동묘앞,7628,7827,15455
20211229,6호선,창신,3445,2856,6301
20211229,6호선,보문,7286,6722,14008
20211229,6호선,안암,9788,9690,19478
20211229,6호선,고려대,7739,7193,14932
20211229,6호선,월곡,11163,11168,22331
20211229,6호선,상월곡,6118,5504,11622
20211229,6호선,돌곶이,8967,8479,17446
20211229,6호선,석계,11955,12361,24316
20211229,6호선,태릉입구,5244,5725,10969
20211229,6호선,화랑대,11303,8893,20196
20211229,6호선,봉화산,8741,8172,16913
20211229,6호선,응암,17184,17100,34284
20211229,6호선,역촌,3761,4466,8227
20211230,6호선,봉화산,8219,7811,16030
20211230,6호선,화랑대,10864,8592,19456
20211230,6호선,태릉입구,5231,5578,10809
20211230,6호선,석계,11750,12269,24019
20211230,6호선,돌곶이,8903,8265,17168
20211230,6호선,상월곡,5893,5237,11130
20211230,6호선,월곡,10880,10859,21739
20211230,6호선,고려대,7394,7022,14416
20211230,6호선,안암,9432,9112,18544
20211230,6호선,보문,6942,6321,13263
20211230,6호선,창신,3355,2807,6162
20211230,6호선,동묘앞,7621,7629,15250
20211230,6호선,신당,8510,8718,17228
20211230,6호선,청구,3531,3709,7240
20211230,6호선,약수,3525,3543,7068
20211230,6호선,버티고개,1918,2022,3940
20211230,6호선,한강진,8009,9201,17210
20211230,6호선,이태원,9339,9385,18724
20211230,6호선,녹사평,4704,4647,9351
20211230,6호선,삼각지,6023,5326,11349
20211230,6호선,효창공원앞,6566,6063,12629
20211230,6호선,공덕,17312,16595,33907
20211230,6호선,대흥,7324,7634,14958
20211230,6호선,광흥창,8377,8264,16641
20211230,6호선,상수,8413,9306,17719
20211230,6호선,합정,13471,12670,26141
20211230,6호선,망원,14090,15216,29306
20211230,6호선,마포구청,13558,12301,25859
20211230,6호선,월드컵경기장,3561,3846,7407
20211230,6호선,디지털미디어시티,12641,13822,26463
20211230,6호선,증산,9657,9643,19300
20211230,6호선,새절,11988,11349,23337
20211230,6호선,구산,7435,5733,13168
20211230,6호선,독바위,2544,2672,5216
20211230,6호선,불광,4306,4172,8478
20211230,6호선,역촌,3755,4456,8211
20211230,6호선,응암,16959,16848,33807
20211231,6호선,화랑대,10069,7913,17982
20211231,6호선,봉화산,7783,7378,15161
20211231,6호선,응암,16013,15873,31886
20211231,6호선,역촌,3628,4022,7650
20211231,6호선,불광,4160,3977,8137
20211231,6호선,독바위,2461,2310,4771
20211231,6호선,구산,6866,5187,12053
20211231,6호선,새절,11450,10373,21823
20211231,6호선,증산,9139,8900,18039
20211231,6호선,디지털미디어시티,11209,12056,23265
20211231,6호선,월드컵경기장,3530,3826,7356
20211231,6호선,마포구청,12769,11297,24066
20211231,6호선,망원,13775,14832,28607
20211231,6호선,합정,12607,12009,24616
20211231,6호선,상수,8212,8917,17129
20211231,6호선,광흥창,7548,7375,14923
20211231,6호선,대흥,6823,6961,13784
20211231,6호선,공덕,15869,15002,30871
20211231,6호선,효창공원앞,6117,5393,11510
20211231,6호선,삼각지,5315,4632,9947
20211231,6호선,녹사평,4805,4917,9722
20211231,6호선,이태원,10599,11522,22121
20211231,6호선,한강진,8524,9874,18398
20211231,6호선,버티고개,1738,1783,3521
20211231,6호선,약수,3275,3142,6417
20211231,6호선,청구,3250,3360,6610
20211231,6호선,신당,7541,6917,14458
20211231,6호선,동묘앞,7182,7008,14190
20211231,6호선,창신,3056,2450,5506
20211231,6호선,보문,6619,5719,12338
20211231,6호선,안암,8747,7758,16505
20211231,6호선,고려대,7019,6379,13398
20211231,6호선,월곡,10214,9924,20138
20211231,6호선,상월곡,5619,4842,10461
20211231,6호선,돌곶이,8265,7811,16076
20211231,6호선,석계,11189,11335,22524
20211231,6호선,태릉입구,4954,5290,10244
