사용일자,호선명,지하철역,승차총승객수,하차총승객수,승하차총승객수
20210101,경부선,서울,1363,520,1883
20210101,경부선,남영,2043,1986,4029
20210101,경부선,용산,10812,12323,23135
20210101,경부선,노량진,3362,3143,6505
20210101,경부선,대방,2717,2671,5388
20210101,경부선,영등포,13323,13885,27208
20210101,경부선,신도림,944,885,1829
20210101,경부선,신길,2502,2072,4574
20210101,경부선,구로,4952,5190,10142
20210101,경부선,가산디지털단지,2239,3083,5322
20210101,경부선,금천구청,3031,3037,6068
20210101,경부선,석수,2443,2382,4825
20210101,경부선,관악,2112,2046,4158
20210101,경부선,안양,6256,6440,12696
20210101,경부선,명학,1756,1683,3439
20210101,경부선,금정,6731,6792,13523
20210101,경부선,군포,1786,1591,3377
20210101,경부선,의왕,2167,2123,4290
20210101,경부선,성균관대,3578,3646,7224
20210101,경부선,화서,1715,1771,3486
20210101,경부선,수원,13351,14446,27797
20210101,경부선,독산,3029,3017,6046
20210101,경부선,세류,1018,990,2008
20210101,경부선,병점,4195,4293,8488
20210101,경부선,세마,748,700,1448
20210101,경부선,오산대,979,871,1850
20210101,경부선,오산,3992,3831,7823
20210101,경부선,진위,444,391,835
20210101,경부선,송탄,1869,1683,3552
20210101,경부선,서정리,2276,1967,4243
20210101,경부선,지제,862,923,1785
20210101,경부선,평택,5087,5111,10198
20210101,경부선,성환,1289,1156,2445
20210101,경부선,직산,279,258,537
20210101,경부선,두정,2101,2111,4212
20210101,경부선,천안,2302,2505,4807
20210101,경부선,당정,1389,1394,2783
20210101,경부선,서동탄,313,327,640
20210101,경부선,광명,686,688,1374
20210104,경부선,가산디지털단지,15515,18128,33643
20210104,경부선,구로,15065,15053,30118
20210104,경부선,신길,7785,6565,14350
20210104,경부선,신도림,3353,3341,6694
20210104,경부선,영등포,28316,28598,56914
20210104,경부선,대방,10516,10932,21448
20210104,경부선,노량진,5832,6283,12115
20210104,경부선,용산,22953,22523,45476
20210104,경부선,남영,7566,8028,15594
20210104,경부선,서울,3576,1108,4684
20210104,경부선,금천구청,9578,9570,19148
20210104,경부선,석수,8309,7392,15701
20210104,경부선,관악,5898,5507,11405
20210104,경부선,안양,16465,16613,33078
20210104,경부선,명학,7801,7762,15563
20210104,경부선,금정,21251,22229,43480
20210104,경부선,군포,6535,6773,13308
20210104,경부선,의왕,7220,7256,14476
20210104,경부선,성균관대,10909,11026,21935
20210104,경부선,화서,5959,5765,11724
20210104,경부선,수원,23837,24667,48504
20210104,경부선,독산,14763,15759,30522
20210104,경부선,세류,2379,2208,4587
20210104,경부선,병점,10067,9990,20057
20210104,경부선,세마,1916,1756,3672
20210104,경부선,오산대,2300,2120,4420
20210104,경부선,오산,6894,7124,14018
20210104,경부선,진위,1232,1107,2339
20210104,경부선,송탄,3104,3005,6109
20210104,경부선,서정리,4237,4415,8652
20210104,경부선,지제,2109,1929,4038
20210104,경부선,평택,8357,8055,16412
20210104,경부선,성환,2329,2429,4758
20210104,경부선,직산,527,533,1060
20210104,경부선,두정,3724,3702,7426
20210104,경부선,천안,3348,3439,6787
20210104,경부선,당정,4908,4740,9648
20210104,경부선,서동탄,1211,995,2206
20210104,경부선,광명,2525,2122,4647
20210105,경부선,광명,2215,1992,4207
20210105,경부선,서동탄,1233,984,2217
20210105,경부선,당정,4771,4616,9387
20210105,경부선,천안,3197,3259,6456
20210105,경부선,두정,3608,3585,7193
20210105,경부선,직산,502,538,1040
20210105,경부선,성환,2246,2322,4568
20210105,경부선,평택,7823,7692,15515
20210105,경부선,지제,2012,1862,3874
20210105,경부선,서정리,4255,4052,8307
20210105,경부선,송탄,2935,2885,5820
20210105,경부선,진위,1207,1080,2287
20210105,경부선,오산,6594,6742,13336
20210105,경부선,오산대,2309,2075,4384
20210105,경부선,세마,1846,1763,3609
20210105,경부선,병점,9952,9820,19772
20210105,경부선,세류,2246,2116,4362
20210105,경부선,독산,14695,15717,30412
20210105,경부선,수원,22993,24126,47119
20210105,경부선,화서,5765,5641,11406
20210105,경부선,성균관대,10783,10751,21534
20210105,경부선,의왕,7238,7200,14438
20210105,경부선,군포,6673,6639,13312
20210105,경부선,금정,21370,22013,43383
20210105,경부선,명학,7773,7800,15573
20210105,경부선,안양,16272,16439,32711
20210105,경부선,관악,5760,5386,11146
20210105,경부선,석수,8335,7418,15753
20210105,경부선,금천구청,9584,9457,19041
20210105,경부선,가산디지털단지,15011,17810,32821
20210105,경부선,구로,15267,15502,30769
20210105,경부선,신길,7511,6355,13866
20210105,경부선,신도림,3154,3036,6190
20210105,경부선,영등포,28018,28887,56905
20210105,경부선,대방,10400,10810,21210
20210105,경부선,노량진,5884,6335,12219
20210105,경부선,용산,22029,22110,44139
20210105,경부선,남영,7431,7851,15282
20210105,경부선,서울,2671,997,3668
20210106,경부선,광명,2601,2448,5049
20210106,경부선,서동탄,1193,1084,2277
20210106,경부선,당정,4978,4991,9969
20210106,경부선,천안,3122,3262,6384
20210106,경부선,두정,3586,3690,7276
20210106,경부선,직산,557,556,1113
20210106,경부선,성환,2252,2274,4526
20210106,경부선,평택,7760,7615,15375
20210106,경부선,지제,2027,1913,3940
20210106,경부선,서정리,4210,4092,8302
20210106,경부선,송탄,2906,2852,5758
20210106,경부선,진위,1264,1068,2332
20210106,경부선,오산,6966,6968,13934
20210106,경부선,오산대,2359,2105,4464
20210106,경부선,세마,1971,1897,3868
20210106,경부선,병점,9801,10110,19911
20210106,경부선,세류,2322,2295,4617
20210106,경부선,독산,16220,16533,32753
20210106,경부선,수원,23603,25486,49089
20210106,경부선,화서,5679,6609,12288
20210106,경부선,성균관대,10905,12721,23626
20210106,경부선,의왕,7132,7443,14575
20210106,경부선,군포,6873,6757,13630
20210106,경부선,금정,21916,23064,44980
20210106,경부선,명학,7949,7827,15776
20210106,경부선,안양,16584,17429,34013
20210106,경부선,관악,5986,5843,11829
20210106,경부선,석수,8802,7972,16774
20210106,경부선,금천구청,9986,10640,20626
20210106,경부선,가산디지털단지,16786,17813,34599
20210106,경부선,구로,16368,16044,32412
20210106,경부선,신길,7680,6739,14419
20210106,경부선,신도림,3188,3166,6354
20210106,경부선,영등포,28938,28708,57646
20210106,경부선,대방,10446,11316,21762
20210106,경부선,노량진,5863,6618,12481
20210106,경부선,용산,23806,22046,45852
20210106,경부선,남영,7729,8038,15767
20210106,경부선,서울,2895,1019,3914
20210107,경부선,광명,2440,1896,4336
20210107,경부선,서동탄,1622,1226,2848
20210107,경부선,당정,6037,5624,11661
20210107,경부선,천안,3206,3514,6720
20210107,경부선,두정,4054,4053,8107
20210107,경부선,직산,575,645,1220
20210107,경부선,성환,2425,2456,4881
20210107,경부선,평택,7952,7748,15700
20210107,경부선,지제,2333,2383,4716
20210107,경부선,서정리,4737,4482,9219
20210107,경부선,송탄,3166,3055,6221
20210107,경부선,진위,1484,1292,2776
20210107,경부선,오산,7799,7955,15754
20210107,경부선,오산대,2934,2473,5407
20210107,경부선,세마,2644,2222,4866
20210107,경부선,병점,12146,12086,24232
20210107,경부선,세류,2755,2574,5329
20210107,경부선,독산,16023,17391,33414
20210107,경부선,수원,26530,29518,56048
20210107,경부선,화서,7104,6723,13827
20210107,경부선,성균관대,13421,12912,26333
20210107,경부선,의왕,8196,8288,16484
20210107,경부선,군포,7583,7785,15368
20210107,경부선,금정,24815,26901,51716
20210107,경부선,명학,8804,9128,17932
20210107,경부선,안양,17834,17804,35638
20210107,경부선,관악,6442,6049,12491
20210107,경부선,석수,9416,8480,17896
20210107,경부선,금천구청,10914,10489,21403
20210107,경부선,가산디지털단지,15785,19289,35074
20210107,경부선,구로,16140,16993,33133
20210107,경부선,신길,7827,6511,14338
20210107,경부선,신도림,3177,3035,6212
20210107,경부선,영등포,28176,29046,57222
20210107,경부선,대방,10681,11292,21973
20210107,경부선,노량진,5559,6194,11753
20210107,경부선,용산,23586,25281,48867
20210107,경부선,남영,7800,8209,16009
20210107,경부선,서울,3607,1194,4801
20210108,경부선,서울,4090,1391,5481
20210108,경부선,남영,7248,7624,14872
20210108,경부선,용산,24778,25001,49779
20210108,경부선,노량진,5762,6263,12025
20210108,경부선,대방,10015,10527,20542
20210108,경부선,영등포,28616,29941,58557
20210108,경부선,신도림,2869,2860,5729
20210108,경부선,신길,7318,5997,13315
20210108,경부선,구로,14860,15349,30209
20210108,경부선,가산디지털단지,14738,17572,32310
20210108,경부선,금천구청,9320,9377,18697
20210108,경부선,석수,8104,7224,15328
20210108,경부선,관악,5579,5225,10804
20210108,경부선,안양,16372,16683,33055
20210108,경부선,명학,7895,7886,15781
20210108,경부선,금정,21860,22600,44460
20210108,경부선,군포,6821,6946,13767
20210108,경부선,의왕,7413,7333,14746
20210108,경부선,성균관대,11537,11335,22872
20210108,경부선,화서,6036,5770,11806
20210108,경부선,수원,26255,28433,54688
20210108,경부선,독산,14552,15625,30177
20210108,경부선,세류,2455,2296,4751
20210108,경부선,병점,11083,11019,22102
20210108,경부선,세마,2128,1876,4004
20210108,경부선,오산대,2483,2225,4708
20210108,경부선,오산,7932,7699,15631
20210108,경부선,진위,1459,1133,2592
20210108,경부선,송탄,3120,2949,6069
20210108,경부선,서정리,4950,4283,9233
20210108,경부선,지제,2500,2271,4771
20210108,경부선,평택,8814,8287,17101
20210108,경부선,성환,2551,2370,4921
20210108,경부선,직산,576,510,1086
20210108,경부선,두정,4189,4161,8350
20210108,경부선,천안,3609,3690,7299
20210108,경부선,당정,5204,4872,10076
20210108,경부선,서동탄,1280,984,2264
20210108,경부선,광명,2662,2240,4902
20210111,경부선,서울,3529,1191,4720
20210111,경부선,남영,7732,8099,15831
20210111,경부선,용산,23208,23300,46508
20210111,경부선,노량진,5862,6369,12231
20210111,경부선,대방,10570,10913,21483
20210111,경부선,영등포,28486,29436,57922
20210111,경부선,신도림,3110,3106,6216
20210111,경부선,신길,7761,6404,14165
20210111,경부선,구로,15664,15699,31363
20210111,경부선,가산디지털단지,15971,18472,34443
20210111,경부선,금천구청,9615,9572,19187
20210111,경부선,석수,8381,7450,15831
20210111,경부선,관악,5824,5394,11218
20210111,경부선,안양,16790,16870,33660
20210111,경부선,명학,7838,7894,15732
20210111,경부선,금정,21819,22679,44498
20210111,경부선,군포,6863,6979,13842
20210111,경부선,의왕,7274,7322,14596
20210111,경부선,성균관대,11208,11048,22256
20210111,경부선,화서,5870,5792,11662
20210111,경부선,수원,24137,25481,49618
20210111,경부선,독산,15125,16202,31327
20210111,경부선,세류,2400,2220,4620
20210111,경부선,병점,10196,10126,20322
20210111,경부선,세마,2012,1862,3874
20210111,경부선,오산대,2322,2065,4387
20210111,경부선,오산,7180,7417,14597
20210111,경부선,진위,1246,1169,2415
20210111,경부선,송탄,3119,2946,6065
20210111,경부선,서정리,4431,4492,8923
20210111,경부선,지제,2249,2119,4368
20210111,경부선,평택,8453,8266,16719
20210111,경부선,성환,2567,2677,5244
20210111,경부선,직산,520,543,1063
20210111,경부선,두정,3750,3816,7566
20210111,경부선,천안,3324,3413,6737
20210111,경부선,당정,4995,4810,9805
20210111,경부선,서동탄,1225,991,2216
20210111,경부선,광명,2491,2113,4604
20210112,경부선,광명,2912,2606,5518
20210112,경부선,서동탄,1240,1188,2428
20210112,경부선,당정,5401,5205,10606
20210112,경부선,천안,3274,3489,6763
20210112,경부선,두정,3723,3726,7449
20210112,경부선,직산,538,544,1082
20210112,경부선,성환,2431,2346,4777
20210112,경부선,평택,8178,8170,16348
20210112,경부선,지제,2247,2044,4291
20210112,경부선,서정리,4637,4355,8992
20210112,경부선,송탄,3047,2919,5966
20210112,경부선,진위,1402,1120,2522
20210112,경부선,오산,7479,7615,15094
20210112,경부선,오산대,2388,2228,4616
20210112,경부선,세마,1965,1899,3864
20210112,경부선,병점,10455,10746,21201
20210112,경부선,세류,2405,2359,4764
20210112,경부선,독산,16526,16952,33478
20210112,경부선,수원,25177,26904,52081
20210112,경부선,화서,6237,6557,12794
20210112,경부선,성균관대,11554,12657,24211
20210112,경부선,의왕,7682,7769,15451
20210112,경부선,군포,7710,7239,14949
20210112,경부선,금정,23444,24050,47494
20210112,경부선,명학,8768,8272,17040
20210112,경부선,안양,17350,18394,35744
20210112,경부선,관악,6100,6060,12160
20210112,경부선,석수,8786,8183,16969
20210112,경부선,금천구청,10176,11048,21224
20210112,경부선,가산디지털단지,16789,18641,35430
20210112,경부선,구로,16974,16787,33761
20210112,경부선,신길,8070,6908,14978
20210112,경부선,신도림,3416,3283,6699
20210112,경부선,영등포,30521,30625,61146
20210112,경부선,대방,10912,11691,22603
20210112,경부선,노량진,6112,6695,12807
20210112,경부선,용산,24414,23841,48255
20210112,경부선,남영,8139,8436,16575
20210112,경부선,서울,3488,1168,4656
20210113,경부선,광명,2624,2198,4822
20210113,경부선,서동탄,1331,1096,2427
20210113,경부선,당정,5611,5272,10883
20210113,경부선,천안,3476,3591,7067
20210113,경부선,두정,3874,3931,7805
20210113,경부선,직산,578,576,1154
20210113,경부선,성환,2368,2402,4770
20210113,경부선,평택,8501,8388,16889
20210113,경부선,지제,2281,2089,4370
20210113,경부선,서정리,4627,4499,9126
20210113,경부선,송탄,3133,3001,6134
20210113,경부선,진위,1358,1217,2575
20210113,경부선,오산,7715,7740,15455
20210113,경부선,오산대,2441,2293,4734
20210113,경부선,세마,2181,2037,4218
20210113,경부선,병점,10884,10719,21603
20210113,경부선,세류,2481,2284,4765
20210113,경부선,독산,15457,16744,32201
20210113,경부선,수원,25524,27005,52529
20210113,경부선,화서,6505,6155,12660
20210113,경부선,성균관대,12086,11632,23718
20210113,경부선,의왕,7805,7854,15659
20210113,경부선,군포,7240,7560,14800
20210113,경부선,금정,23490,24333,47823
20210113,경부선,명학,8464,8639,17103
20210113,경부선,안양,17948,17844,35792
20210113,경부선,관악,6276,5949,12225
20210113,경부선,석수,9070,8003,17073
20210113,경부선,금천구청,10491,10235,20726
20210113,경부선,가산디지털단지,16084,19350,35434
20210113,경부선,구로,16871,17414,34285
20210113,경부선,신길,8185,6695,14880
20210113,경부선,신도림,3527,3380,6907
20210113,경부선,영등포,29694,30700,60394
20210113,경부선,대방,10951,11351,22302
20210113,경부선,노량진,6353,6691,13044
20210113,경부선,용산,23762,24701,48463
20210113,경부선,남영,7787,8182,15969
20210113,경부선,서울,3507,1161,4668
20210114,경부선,서울,3519,1119,4638
20210114,경부선,남영,7883,8272,16155
20210114,경부선,용산,24124,24662,48786
20210114,경부선,노량진,6731,7103,13834
20210114,경부선,대방,11081,11402,22483
20210114,경부선,영등포,30216,31044,61260
20210114,경부선,신도림,3428,3402,6830
20210114,경부선,신길,8095,6706,14801
20210114,경부선,구로,16420,16693,33113
20210114,경부선,가산디지털단지,15929,18530,34459
20210114,경부선,금천구청,9968,10135,20103
20210114,경부선,석수,8724,7727,16451
20210114,경부선,관악,6284,5776,12060
20210114,경부선,안양,17579,17671,35250
20210114,경부선,명학,8149,8133,16282
20210114,경부선,금정,22770,23321,46091
20210114,경부선,군포,7020,7110,14130
20210114,경부선,의왕,7546,7534,15080
20210114,경부선,성균관대,11633,11590,23223
20210114,경부선,화서,6192,6052,12244
20210114,경부선,수원,25259,26644,51903
20210114,경부선,독산,15119,16217,31336
20210114,경부선,세류,2444,2288,4732
20210114,경부선,병점,10614,10509,21123
20210114,경부선,세마,2103,1927,4030
20210114,경부선,오산대,2441,2258,4699
20210114,경부선,오산,7285,7298,14583
20210114,경부선,진위,1309,1143,2452
20210114,경부선,송탄,3101,3065,6166
20210114,경부선,서정리,4691,4448,9139
20210114,경부선,지제,2233,2173,4406
20210114,경부선,평택,8472,8247,16719
20210114,경부선,성환,2575,2513,5088
20210114,경부선,직산,586,576,1162
20210114,경부선,두정,3898,3872,7770
20210114,경부선,천안,3593,3655,7248
20210114,경부선,당정,5277,4939,10216
20210114,경부선,서동탄,1217,1062,2279
20210114,경부선,광명,2601,2251,4852
20210115,경부선,서울,4283,1499,5782
20210115,경부선,남영,8030,8449,16479
20210115,경부선,용산,26949,27081,54030
20210115,경부선,노량진,6983,7203,14186
20210115,경부선,대방,10953,11324,22277
20210115,경부선,영등포,32071,33575,65646
20210115,경부선,신도림,3437,3402,6839
20210115,경부선,신길,8184,6602,14786
20210115,경부선,구로,16554,16972,33526
20210115,경부선,가산디지털단지,15803,18210,34013
20210115,경부선,금천구청,10043,10322,20365
20210115,경부선,석수,8730,7626,16356
20210115,경부선,관악,6181,5920,12101
20210115,경부선,안양,18011,18375,36386
20210115,경부선,명학,8049,7965,16014
20210115,경부선,금정,23201,23495,46696
20210115,경부선,군포,7058,7117,14175
20210115,경부선,의왕,7577,7535,15112
20210115,경부선,성균관대,12006,11791,23797
20210115,경부선,화서,6214,6085,12299
20210115,경부선,수원,27135,29547,56682
20210115,경부선,독산,15293,16063,31356
20210115,경부선,세류,2555,2398,4953
20210115,경부선,병점,11536,11074,22610
20210115,경부선,세마,2199,2058,4257
20210115,경부선,오산대,2630,2355,4985
20210115,경부선,오산,8095,7655,15750
20210115,경부선,진위,1457,1187,2644
20210115,경부선,송탄,3462,3267,6729
20210115,경부선,서정리,5422,4629,10051
20210115,경부선,지제,2614,2329,4943
20210115,경부선,평택,9911,9426,19337
20210115,경부선,성환,2801,2617,5418
20210115,경부선,직산,667,634,1301
20210115,경부선,두정,4317,4233,8550
20210115,경부선,천안,4103,4333,8436
20210115,경부선,당정,5246,5163,10409
20210115,경부선,서동탄,1296,1121,2417
20210115,경부선,광명,2707,2532,5239
20210118,경부선,광명,2938,2469,5407
20210118,경부선,서동탄,1466,1185,2651
20210118,경부선,당정,5483,5213,10696
20210118,경부선,천안,3657,3727,7384
20210118,경부선,두정,4183,4117,8300
20210118,경부선,직산,593,610,1203
20210118,경부선,성환,2454,2606,5060
20210118,경부선,평택,9099,8910,18009
20210118,경부선,지제,2554,2466,5020
20210118,경부선,서정리,4837,4850,9687
20210118,경부선,송탄,3475,3171,6646
20210118,경부선,진위,1367,1290,2657
20210118,경부선,오산,7930,8153,16083
20210118,경부선,오산대,2614,2367,4981
20210118,경부선,세마,2288,2102,4390
20210118,경부선,병점,11708,11461,23169
20210118,경부선,세류,2612,2394,5006
20210118,경부선,독산,15906,17200,33106
20210118,경부선,수원,27055,28543,55598
20210118,경부선,화서,6701,6342,13043
20210118,경부선,성균관대,12487,12361,24848
20210118,경부선,의왕,7993,8029,16022
20210118,경부선,군포,7410,7746,15156
20210118,경부선,금정,23488,24298,47786
20210118,경부선,명학,8514,8551,17065
20210118,경부선,안양,18338,18260,36598
20210118,경부선,관악,6349,5950,12299
20210118,경부선,석수,9005,8037,17042
20210118,경부선,금천구청,10404,10370,20774
20210118,경부선,가산디지털단지,16804,19721,36525
20210118,경부선,구로,17015,17085,34100
20210118,경부선,신길,8100,6788,14888
20210118,경부선,신도림,3344,3371,6715
20210118,경부선,영등포,30638,30997,61635
20210118,경부선,대방,11527,11975,23502
20210118,경부선,노량진,6648,7111,13759
20210118,경부선,용산,25680,26186,51866
20210118,경부선,남영,7960,8376,16336
20210118,경부선,서울,4398,1303,5701
20210119,경부선,서울,3663,1142,4805
20210119,경부선,남영,8009,8267,16276
20210119,경부선,용산,23986,24317,48303
20210119,경부선,노량진,6528,6836,13364
20210119,경부선,대방,11118,11671,22789
20210119,경부선,영등포,29361,30172,59533
20210119,경부선,신도림,3356,3243,6599
20210119,경부선,신길,7885,6588,14473
20210119,경부선,구로,16133,16408,32541
20210119,경부선,가산디지털단지,16155,18683,34838
20210119,경부선,금천구청,9887,9861,19748
20210119,경부선,석수,8542,7625,16167
20210119,경부선,관악,5999,5610,11609
20210119,경부선,안양,17406,17393,34799
20210119,경부선,명학,8042,8108,16150
20210119,경부선,금정,22097,23044,45141
20210119,경부선,군포,7180,7054,14234
20210119,경부선,의왕,7408,7383,14791
20210119,경부선,성균관대,11495,11449,22944
20210119,경부선,화서,6085,5911,11996
20210119,경부선,수원,25034,26240,51274
20210119,경부선,독산,15237,16295,31532
20210119,경부선,세류,2437,2312,4749
20210119,경부선,병점,10514,10492,21006
20210119,경부선,세마,2075,1899,3974
20210119,경부선,오산대,2429,2178,4607
20210119,경부선,오산,7373,7418,14791
20210119,경부선,진위,1308,1144,2452
20210119,경부선,송탄,3101,3032,6133
20210119,경부선,서정리,4504,4374,8878
20210119,경부선,지제,2156,2054,4210
20210119,경부선,평택,8478,8315,16793
20210119,경부선,성환,2338,2347,4685
20210119,경부선,직산,577,573,1150
20210119,경부선,두정,3726,3694,7420
20210119,경부선,천안,3426,3528,6954
20210119,경부선,당정,5134,4994,10128
20210119,경부선,서동탄,1235,1058,2293
20210119,경부선,광명,2578,2180,4758
20210120,경부선,광명,2531,2300,4831
20210120,경부선,서동탄,1343,1142,2485
20210120,경부선,당정,5682,5345,11027
20210120,경부선,천안,3754,3837,7591
20210120,경부선,두정,4001,4083,8084
20210120,경부선,직산,622,654,1276
20210120,경부선,성환,2501,2520,5021
20210120,경부선,평택,9095,8961,18056
20210120,경부선,지제,2277,2157,4434
20210120,경부선,서정리,4792,4579,9371
20210120,경부선,송탄,3292,3193,6485
20210120,경부선,진위,1417,1168,2585
20210120,경부선,오산,7674,7631,15305
20210120,경부선,오산대,2572,2341,4913
20210120,경부선,세마,2180,2017,4197
20210120,경부선,병점,11276,11053,22329
20210120,경부선,세류,2480,2349,4829
20210120,경부선,독산,15694,16685,32379
20210120,경부선,수원,26721,28097,54818
20210120,경부선,화서,6452,6303,12755
20210120,경부선,성균관대,12154,12064,24218
20210120,경부선,의왕,7786,7803,15589
20210120,경부선,군포,7227,7281,14508
20210120,경부선,금정,23313,23890,47203
20210120,경부선,명학,8382,8296,16678
20210120,경부선,안양,18390,18485,36875
20210120,경부선,관악,6458,6095,12553
20210120,경부선,석수,9098,8098,17196
20210120,경부선,금천구청,10490,10611,21101
20210120,경부선,가산디지털단지,16636,19219,35855
20210120,경부선,구로,17131,17413,34544
20210120,경부선,신길,8389,7085,15474
20210120,경부선,신도림,3524,3608,7132
20210120,경부선,영등포,31775,32678,64453
20210120,경부선,대방,11590,12019,23609
20210120,경부선,노량진,7125,7573,14698
20210120,경부선,용산,25703,26045,51748
20210120,경부선,남영,8337,8752,17089
20210120,경부선,서울,3694,1165,4859
20210121,경부선,광명,2561,2339,4900
20210121,경부선,서동탄,1353,1097,2450
20210121,경부선,당정,5151,5048,10199
20210121,경부선,천안,3579,3617,7196
20210121,경부선,두정,3734,3763,7497
20210121,경부선,직산,572,611,1183
20210121,경부선,성환,2484,2473,4957
20210121,경부선,평택,8600,8441,17041
20210121,경부선,지제,2208,2111,4319
20210121,경부선,서정리,4619,4416,9035
20210121,경부선,송탄,3162,3035,6197
20210121,경부선,진위,1299,1140,2439
20210121,경부선,오산,7470,7548,15018
20210121,경부선,오산대,2475,2201,4676
20210121,경부선,세마,2054,2077,4131
20210121,경부선,병점,10759,10668,21427
20210121,경부선,세류,2394,2267,4661
20210121,경부선,독산,15533,16587,32120
20210121,경부선,수원,25799,27128,52927
20210121,경부선,화서,6307,6097,12404
20210121,경부선,성균관대,11730,11772,23502
20210121,경부선,의왕,7500,7468,14968
20210121,경부선,군포,7055,7092,14147
20210121,경부선,금정,22553,23518,46071
20210121,경부선,명학,8162,8164,16326
20210121,경부선,안양,17726,17924,35650
20210121,경부선,관악,6295,5892,12187
20210121,경부선,석수,8786,7746,16532
20210121,경부선,금천구청,10096,10065,20161
20210121,경부선,가산디지털단지,15974,19016,34990
20210121,경부선,구로,16892,16949,33841
20210121,경부선,신길,7965,6846,14811
20210121,경부선,신도림,3244,3295,6539
20210121,경부선,영등포,31525,31992,63517
20210121,경부선,대방,11405,11972,23377
20210121,경부선,노량진,6653,7162,13815
20210121,경부선,용산,25606,25748,51354
20210121,경부선,남영,8231,8610,16841
20210121,경부선,서울,3971,1298,5269
20210122,경부선,광명,2788,2623,5411
20210122,경부선,서동탄,1392,1180,2572
20210122,경부선,당정,5465,5331,10796
20210122,경부선,천안,4244,4251,8495
20210122,경부선,두정,4409,4286,8695
20210122,경부선,직산,686,632,1318
20210122,경부선,성환,2900,2700,5600
20210122,경부선,평택,10224,9963,20187
20210122,경부선,지제,2672,2364,5036
20210122,경부선,서정리,5600,4860,10460
20210122,경부선,송탄,3542,3340,6882
20210122,경부선,진위,1525,1194,2719
20210122,경부선,오산,8502,8195,16697
20210122,경부선,오산대,2679,2439,5118
20210122,경부선,세마,2217,2042,4259
20210122,경부선,병점,11872,11606,23478
20210122,경부선,세류,2650,2574,5224
20210122,경부선,독산,15605,16510,32115
20210122,경부선,수원,29079,31229,60308
20210122,경부선,화서,6505,6385,12890
20210122,경부선,성균관대,12480,12311,24791
20210122,경부선,의왕,7802,7784,15586
20210122,경부선,군포,7102,7016,14118
20210122,경부선,금정,23554,24062,47616
20210122,경부선,명학,8232,8247,16479
20210122,경부선,안양,18617,19027,37644
20210122,경부선,관악,6446,6013,12459
20210122,경부선,석수,9035,7959,16994
20210122,경부선,금천구청,10486,10630,21116
20210122,경부선,가산디지털단지,16460,19006,35466
20210122,경부선,구로,17203,17575,34778
20210122,경부선,신길,8239,6839,15078
20210122,경부선,신도림,3505,3549,7054
20210122,경부선,영등포,33486,35169,68655
20210122,경부선,대방,11668,11927,23595
20210122,경부선,노량진,7653,7823,15476
20210122,경부선,용산,28322,28491,56813
20210122,경부선,남영,8259,8559,16818
20210122,경부선,서울,4378,1515,5893
20210125,경부선,서울,4042,1223,5265
20210125,경부선,남영,8305,8793,17098
20210125,경부선,용산,25948,26486,52434
20210125,경부선,노량진,7077,7544,14621
20210125,경부선,대방,11646,12172,23818
20210125,경부선,영등포,31665,32557,64222
20210125,경부선,신도림,3680,3663,7343
20210125,경부선,신길,8790,7332,16122
20210125,경부선,구로,16978,17075,34053
20210125,경부선,가산디지털단지,17195,19731,36926
20210125,경부선,금천구청,10735,10660,21395
20210125,경부선,석수,9330,8141,17471
20210125,경부선,관악,6485,6071,12556
20210125,경부선,안양,18794,18769,37563
20210125,경부선,명학,8436,8464,16900
20210125,경부선,금정,23490,24284,47774
20210125,경부선,군포,7183,7429,14612
20210125,경부선,의왕,7886,7978,15864
20210125,경부선,성균관대,12259,12386,24645
20210125,경부선,화서,6692,6468,13160
20210125,경부선,수원,27499,28955,56454
20210125,경부선,독산,15939,16947,32886
20210125,경부선,세류,2630,2453,5083
20210125,경부선,병점,11377,11239,22616
20210125,경부선,세마,2308,2115,4423
20210125,경부선,오산대,2656,2453,5109
20210125,경부선,오산,8069,8083,16152
20210125,경부선,진위,1388,1258,2646
20210125,경부선,송탄,3450,3373,6823
20210125,경부선,서정리,4997,4937,9934
20210125,경부선,지제,2475,2312,4787
20210125,경부선,평택,9551,9388,18939
20210125,경부선,성환,2511,2665,5176
20210125,경부선,직산,635,658,1293
20210125,경부선,두정,4041,4133,8174
20210125,경부선,천안,3977,3986,7963
20210125,경부선,당정,5439,5274,10713
20210125,경부선,서동탄,1348,1166,2514
20210125,경부선,광명,2749,2432,5181
20210126,경부선,서울,3668,1217,4885
20210126,경부선,남영,8394,8798,17192
20210126,경부선,용산,25202,25776,50978
20210126,경부선,노량진,6897,7325,14222
20210126,경부선,대방,11594,12015,23609
20210126,경부선,영등포,30961,32117,63078
20210126,경부선,신도림,3366,3463,6829
20210126,경부선,신길,8488,7143,15631
20210126,경부선,구로,16966,17109,34075
20210126,경부선,가산디지털단지,16710,19400,36110
20210126,경부선,금천구청,10530,10460,20990
20210126,경부선,석수,8951,7894,16845
20210126,경부선,관악,6305,6028,12333
20210126,경부선,안양,18121,18364,36485
20210126,경부선,명학,8379,8257,16636
20210126,경부선,금정,23206,23784,46990
20210126,경부선,군포,7202,7146,14348
20210126,경부선,의왕,7642,7716,15358
20210126,경부선,성균관대,11919,11861,23780
20210126,경부선,화서,6375,6202,12577
20210126,경부선,수원,25957,27421,53378
20210126,경부선,독산,15821,16803,32624
20210126,경부선,세류,2484,2319,4803
20210126,경부선,병점,10958,10810,21768
20210126,경부선,세마,2088,1946,4034
20210126,경부선,오산대,2499,2335,4834
20210126,경부선,오산,7575,7567,15142
20210126,경부선,진위,1370,1168,2538
20210126,경부선,송탄,3210,3065,6275
20210126,경부선,서정리,4641,4419,9060
20210126,경부선,지제,2314,2146,4460
20210126,경부선,평택,8708,8542,17250
20210126,경부선,성환,2445,2441,4886
20210126,경부선,직산,557,586,1143
20210126,경부선,두정,3736,3848,7584
20210126,경부선,천안,3657,3730,7387
20210126,경부선,당정,5357,5073,10430
20210126,경부선,서동탄,1358,1165,2523
20210126,경부선,광명,2623,2251,4874
20210127,경부선,서울,3785,1281,5066
20210127,경부선,남영,8518,8977,17495
20210127,경부선,용산,26440,26814,53254
20210127,경부선,노량진,7380,7766,15146
20210127,경부선,대방,11958,12269,24227
20210127,경부선,영등포,32543,33508,66051
20210127,경부선,신도림,3731,3627,7358
20210127,경부선,신길,8796,7505,16301
20210127,경부선,구로,17388,17871,35259
20210127,경부선,가산디지털단지,17026,19694,36720
20210127,경부선,금천구청,10850,10951,21801
20210127,경부선,석수,9513,8491,18004
20210127,경부선,관악,6911,6403,13314
20210127,경부선,안양,19593,19672,39265
20210127,경부선,명학,8400,8492,16892
20210127,경부선,금정,24037,24603,48640
20210127,경부선,군포,7381,7390,14771
20210127,경부선,의왕,8133,8093,16226
20210127,경부선,성균관대,12491,12556,25047
20210127,경부선,화서,6668,6411,13079
20210127,경부선,수원,27971,29651,57622
20210127,경부선,독산,16100,17221,33321
20210127,경부선,세류,2681,2579,5260
20210127,경부선,병점,11552,11408,22960
20210127,경부선,세마,2195,2087,4282
20210127,경부선,오산대,2686,2442,5128
20210127,경부선,오산,7903,7920,15823
20210127,경부선,진위,1422,1230,2652
20210127,경부선,송탄,3437,3318,6755
20210127,경부선,서정리,5098,4823,9921
20210127,경부선,지제,2316,2170,4486
20210127,경부선,평택,9248,9008,18256
20210127,경부선,성환,2508,2527,5035
20210127,경부선,직산,626,624,1250
20210127,경부선,두정,4308,4273,8581
20210127,경부선,천안,3738,3848,7586
20210127,경부선,당정,5576,5285,10861
20210127,경부선,서동탄,1398,1226,2624
20210127,경부선,광명,2608,2285,4893
20210128,경부선,서울,4022,1288,5310
20210128,경부선,남영,8203,8657,16860
20210128,경부선,용산,26636,26884,53520
20210128,경부선,노량진,7013,7298,14311
20210128,경부선,대방,11559,12148,23707
20210128,경부선,영등포,31541,32337,63878
20210128,경부선,신도림,3397,3378,6775
20210128,경부선,신길,8306,7058,15364
20210128,경부선,구로,16942,17081,34023
20210128,경부선,가산디지털단지,16525,19713,36238
20210128,경부선,금천구청,10262,10464,20726
20210128,경부선,석수,9033,7981,17014
20210128,경부선,관악,6273,5946,12219
20210128,경부선,안양,18163,18246,36409
20210128,경부선,명학,8523,8439,16962
20210128,경부선,금정,23098,23910,47008
20210128,경부선,군포,7260,7204,14464
20210128,경부선,의왕,7801,7801,15602
20210128,경부선,성균관대,12206,12075,24281
20210128,경부선,화서,6455,6147,12602
20210128,경부선,수원,26436,27981,54417
20210128,경부선,독산,15854,16796,32650
20210128,경부선,세류,2546,2368,4914
20210128,경부선,병점,11073,10943,22016
20210128,경부선,세마,2111,1980,4091
20210128,경부선,오산대,2534,2264,4798
20210128,경부선,오산,7550,7593,15143
20210128,경부선,진위,1315,1171,2486
20210128,경부선,송탄,3177,2974,6151
20210128,경부선,서정리,4631,4440,9071
20210128,경부선,지제,2207,2163,4370
20210128,경부선,평택,8522,8342,16864
20210128,경부선,성환,2272,2328,4600
20210128,경부선,직산,559,604,1163
20210128,경부선,두정,3814,3726,7540
20210128,경부선,천안,3516,3604,7120
20210128,경부선,당정,5548,5204,10752
20210128,경부선,서동탄,1363,1117,2480
20210128,경부선,광명,2675,2357,5032
20210129,경부선,서울,4515,1480,5995
20210129,경부선,남영,8244,8576,16820
20210129,경부선,용산,27849,28078,55927
20210129,경부선,노량진,6992,7380,14372
20210129,경부선,대방,11606,11714,23320
20210129,경부선,영등포,32786,34625,67411
20210129,경부선,신도림,3347,3313,6660
20210129,경부선,신길,8171,6790,14961
20210129,경부선,구로,16488,17037,33525
20210129,경부선,가산디지털단지,16232,18889,35121
20210129,경부선,금천구청,10096,10216,20312
20210129,경부선,석수,8750,7712,16462
20210129,경부선,관악,6077,5654,11731
20210129,경부선,안양,18241,18571,36812
20210129,경부선,명학,8132,8012,16144
20210129,경부선,금정,22986,23542,46528
20210129,경부선,군포,7009,6875,13884
20210129,경부선,의왕,7514,7528,15042
20210129,경부선,성균관대,12013,11990,24003
20210129,경부선,화서,6204,6066,12270
20210129,경부선,수원,27951,30158,58109
20210129,경부선,독산,15349,16284,31633
20210129,경부선,세류,2520,2377,4897
20210129,경부선,병점,11836,11522,23358
20210129,경부선,세마,2149,1997,4146
20210129,경부선,오산대,2539,2351,4890
20210129,경부선,오산,8193,7846,16039
20210129,경부선,진위,1436,1158,2594
20210129,경부선,송탄,3386,3216,6602
20210129,경부선,서정리,5355,4584,9939
20210129,경부선,지제,2580,2308,4888
20210129,경부선,평택,9748,9288,19036
20210129,경부선,성환,2629,2444,5073
20210129,경부선,직산,644,594,1238
20210129,경부선,두정,4361,4331,8692
20210129,경부선,천안,4049,4299,8348
20210129,경부선,당정,5149,4971,10120
20210129,경부선,서동탄,1320,1140,2460
20210129,경부선,광명,2777,2522,5299
20210201,경부선,광명,2748,2432,5180
20210201,경부선,서동탄,1364,1104,2468
20210201,경부선,당정,5486,5276,10762
20210201,경부선,천안,3846,3953,7799
20210201,경부선,두정,3977,4128,8105
20210201,경부선,직산,639,621,1260
20210201,경부선,성환,2629,2744,5373
20210201,경부선,평택,9641,9256,18897
20210201,경부선,지제,2296,2290,4586
20210201,경부선,서정리,4865,4850,9715
20210201,경부선,송탄,3545,3327,6872
20210201,경부선,진위,1395,1216,2611
20210201,경부선,오산,7941,8176,16117
20210201,경부선,오산대,2600,2381,4981
20210201,경부선,세마,2261,2052,4313
20210201,경부선,병점,11423,11276,22699
20210201,경부선,세류,2557,2429,4986
20210201,경부선,독산,16216,17253,33469
20210201,경부선,수원,27565,29003,56568
20210201,경부선,화서,6590,6356,12946
20210201,경부선,성균관대,12385,12355,24740
20210201,경부선,의왕,8084,8079,16163
20210201,경부선,군포,7159,7460,14619
20210201,경부선,금정,23545,24409,47954
20210201,경부선,명학,8553,8506,17059
20210201,경부선,안양,18957,18934,37891
20210201,경부선,관악,6551,6065,12616
20210201,경부선,석수,9148,8141,17289
20210201,경부선,금천구청,10865,10691,21556
20210201,경부선,가산디지털단지,17455,20075,37530
20210201,경부선,구로,17175,17372,34547
20210201,경부선,신길,8666,7197,15863
20210201,경부선,신도림,3671,3706,7377
20210201,경부선,영등포,31766,32699,64465
20210201,경부선,대방,12092,12449,24541
20210201,경부선,노량진,7278,7620,14898
20210201,경부선,용산,25588,26303,51891
20210201,경부선,남영,8662,9090,17752
20210201,경부선,서울,4080,1261,5341
20210202,경부선,광명,2614,2323,4937
20210202,경부선,서동탄,1350,1106,2456
20210202,경부선,당정,5361,5168,10529
20210202,경부선,천안,3555,3784,7339
20210202,경부선,두정,3833,3880,7713
20210202,경부선,직산,590,597,1187
20210202,경부선,성환,2341,2384,4725
20210202,경부선,평택,8908,8729,17637
20210202,경부선,지제,2232,2123,4355
20210202,경부선,서정리,4749,4611,9360
20210202,경부선,송탄,3299,3141,6440
20210202,경부선,진위,1452,1185,2637
20210202,경부선,오산,7748,7802,15550
20210202,경부선,오산대,2604,2315,4919
20210202,경부선,세마,2156,2021,4177
20210202,경부선,병점,11292,11183,22475
20210202,경부선,세류,2515,2341,4856
20210202,경부선,독산,16101,17204,33305
20210202,경부선,수원,26593,27954,54547
20210202,경부선,화서,6399,6269,12668
20210202,경부선,성균관대,12182,12160,24342
20210202,경부선,의왕,7779,7844,15623
20210202,경부선,군포,7341,7271,14612
20210202,경부선,금정,23402,23992,47394
20210202,경부선,명학,8425,8391,16816
20210202,경부선,안양,18547,18784,37331
20210202,경부선,관악,6360,5907,12267
20210202,경부선,석수,9112,8163,17275
20210202,경부선,금천구청,10521,10675,21196
20210202,경부선,가산디지털단지,16523,19584,36107
20210202,경부선,구로,16778,17161,33939
20210202,경부선,신길,8499,7146,15645
20210202,경부선,신도림,3485,3375,6860
20210202,경부선,영등포,31718,32639,64357
20210202,경부선,대방,11760,12166,23926
20210202,경부선,노량진,7051,7358,14409
20210202,경부선,용산,25306,25739,51045
20210202,경부선,남영,8566,9007,17573
20210202,경부선,서울,3507,1205,4712
20210203,경부선,서울,3856,1279,5135
20210203,경부선,남영,8736,9229,17965
20210203,경부선,용산,26937,27251,54188
20210203,경부선,노량진,7516,7854,15370
20210203,경부선,대방,12351,12896,25247
20210203,경부선,영등포,33092,33608,66700
20210203,경부선,신도림,3686,3619,7305
20210203,경부선,신길,8679,7508,16187
20210203,경부선,구로,18208,18266,36474
20210203,경부선,가산디지털단지,17588,19696,37284
20210203,경부선,금천구청,11063,11210,22273
20210203,경부선,석수,9322,8543,17865
20210203,경부선,관악,6737,6463,13200
20210203,경부선,안양,19187,19724,38911
20210203,경부선,명학,8672,8607,17279
20210203,경부선,금정,24374,24187,48561
20210203,경부선,군포,7379,7419,14798
20210203,경부선,의왕,8183,8265,16448
20210203,경부선,성균관대,12660,12756,25416
20210203,경부선,화서,6821,6616,13437
20210203,경부선,수원,28203,29473,57676
20210203,경부선,독산,16781,17662,34443
20210203,경부선,세류,2571,2484,5055
20210203,경부선,병점,11837,11668,23505
20210203,경부선,세마,2285,2162,4447
20210203,경부선,오산대,2686,2429,5115
20210203,경부선,오산,8124,8197,16321
20210203,경부선,진위,1431,1338,2769
20210203,경부선,송탄,3403,3272,6675
20210203,경부선,서정리,4919,4679,9598
20210203,경부선,지제,2291,2191,4482
20210203,경부선,평택,9089,9042,18131
20210203,경부선,성환,2468,2449,4917
20210203,경부선,직산,600,623,1223
20210203,경부선,두정,3999,4006,8005
20210203,경부선,천안,3636,3776,7412
20210203,경부선,당정,5716,5542,11258
20210203,경부선,서동탄,1414,1199,2613
20210203,경부선,광명,2755,2466,5221
20210204,경부선,서울,4108,1264,5372
20210204,경부선,남영,8686,9137,17823
20210204,경부선,용산,27483,28146,55629
20210204,경부선,노량진,7246,7743,14989
20210204,경부선,대방,12209,12585,24794
20210204,경부선,영등포,33005,34040,67045
20210204,경부선,신도림,3687,3480,7167
20210204,경부선,신길,8742,7250,15992
20210204,경부선,구로,17604,18172,35776
20210204,경부선,가산디지털단지,17198,20301,37499
20210204,경부선,금천구청,10809,10769,21578
20210204,경부선,석수,9611,8481,18092
20210204,경부선,관악,6572,6131,12703
20210204,경부선,안양,19481,19450,38931
20210204,경부선,명학,8808,8954,17762
20210204,경부선,금정,24708,25318,50026
20210204,경부선,군포,7522,7786,15308
20210204,경부선,의왕,8362,8441,16803
20210204,경부선,성균관대,13495,13050,26545
20210204,경부선,화서,7084,6659,13743
20210204,경부선,수원,28530,30444,58974
20210204,경부선,독산,16443,17802,34245
20210204,경부선,세류,2750,2465,5215
20210204,경부선,병점,12028,11991,24019
20210204,경부선,세마,2295,2184,4479
20210204,경부선,오산대,2776,2379,5155
20210204,경부선,오산,8139,8281,16420
20210204,경부선,진위,1433,1285,2718
20210204,경부선,송탄,3413,3342,6755
20210204,경부선,서정리,5057,4806,9863
20210204,경부선,지제,2403,2269,4672
20210204,경부선,평택,9406,9074,18480
20210204,경부선,성환,2736,2798,5534
20210204,경부선,직산,552,599,1151
20210204,경부선,두정,4074,3924,7998
20210204,경부선,천안,3705,3916,7621
20210204,경부선,당정,5777,5522,11299
20210204,경부선,서동탄,1486,1281,2767
20210204,경부선,광명,2793,2457,5250
20210205,경부선,광명,2893,2584,5477
20210205,경부선,서동탄,1444,1283,2727
20210205,경부선,당정,5821,5538,11359
20210205,경부선,천안,4223,4464,8687
20210205,경부선,두정,4482,4385,8867
20210205,경부선,직산,724,630,1354
20210205,경부선,성환,3048,2919,5967
20210205,경부선,평택,10540,10077,20617
20210205,경부선,지제,2690,2436,5126
20210205,경부선,서정리,5842,5000,10842
20210205,경부선,송탄,3700,3494,7194
20210205,경부선,진위,1580,1247,2827
20210205,경부선,오산,8952,8527,17479
20210205,경부선,오산대,2802,2527,5329
20210205,경부선,세마,2348,2201,4549
20210205,경부선,병점,12583,12539,25122
20210205,경부선,세류,2709,2570,5279
20210205,경부선,독산,16448,17385,33833
20210205,경부선,수원,30666,33021,63687
20210205,경부선,화서,6923,6718,13641
20210205,경부선,성균관대,13147,13299,26446
20210205,경부선,의왕,8220,8112,16332
20210205,경부선,군포,7437,7557,14994
20210205,경부선,금정,24687,25008,49695
20210205,경부선,명학,8471,8365,16836
20210205,경부선,안양,19983,20380,40363
20210205,경부선,관악,6754,6218,12972
20210205,경부선,석수,9642,8540,18182
20210205,경부선,금천구청,11028,11045,22073
20210205,경부선,가산디지털단지,17184,19910,37094
20210205,경부선,구로,18097,18332,36429
20210205,경부선,신길,8972,7346,16318
20210205,경부선,신도림,3644,3862,7506
20210205,경부선,영등포,35637,37169,72806
20210205,경부선,대방,12304,12512,24816
20210205,경부선,노량진,8309,8398,16707
20210205,경부선,용산,29823,30328,60151
20210205,경부선,남영,8909,9369,18278
20210205,경부선,서울,4562,1535,6097
20210208,경부선,명학,8438,8466,16904
20210208,경부선,서울,4143,1468,5611
20210208,경부선,남영,8912,9398,18310
20210208,경부선,용산,27175,29450,56625
20210208,경부선,노량진,7382,7815,15197
20210208,경부선,대방,12249,12713,24962
20210208,경부선,영등포,33496,34444,67940
20210208,경부선,신도림,3613,3663,7276
20210208,경부선,신길,8749,7369,16118
20210208,경부선,구로,17550,17577,35127
20210208,경부선,가산디지털단지,17301,20147,37448
20210208,경부선,금천구청,10845,10843,21688
20210208,경부선,석수,9166,8095,17261
20210208,경부선,관악,6456,6047,12503
20210208,경부선,안양,19464,19750,39214
20210208,경부선,금정,23852,24648,48500
20210208,경부선,군포,7204,7286,14490
20210208,경부선,의왕,8006,7920,15926
20210208,경부선,성균관대,12817,12677,25494
20210208,경부선,화서,6631,6493,13124
20210208,경부선,수원,28586,30572,59158
20210208,경부선,독산,16598,17617,34215
20210208,경부선,세류,2639,2454,5093
20210208,경부선,병점,12031,11998,24029
20210208,경부선,세마,2308,2108,4416
20210208,경부선,오산대,2711,2399,5110
20210208,경부선,오산,8334,8471,16805
20210208,경부선,진위,1347,1220,2567
20210208,경부선,송탄,3491,3258,6749
20210208,경부선,서정리,4928,4844,9772
20210208,경부선,지제,2318,2280,4598
20210208,경부선,평택,9874,9658,19532
20210208,경부선,성환,2791,2906,5697
20210208,경부선,직산,633,632,1265
20210208,경부선,두정,4090,4104,8194
20210208,경부선,천안,3983,4199,8182
20210208,경부선,당정,5600,5372,10972
20210208,경부선,서동탄,1372,1167,2539
20210208,경부선,광명,2796,2511,5307
20210209,경부선,광명,2776,2513,5289
20210209,경부선,서동탄,1422,1169,2591
20210209,경부선,당정,5666,5346,11012
20210209,경부선,천안,4140,4497,8637
20210209,경부선,두정,4109,4034,8143
20210209,경부선,직산,611,650,1261
20210209,경부선,성환,2673,2713,5386
20210209,경부선,평택,9782,9652,19434
20210209,경부선,지제,2504,2303,4807
20210209,경부선,서정리,5411,4791,10202
20210209,경부선,송탄,3611,3275,6886
20210209,경부선,진위,1327,1184,2511
20210209,경부선,오산,8313,8233,16546
20210209,경부선,오산대,2648,2387,5035
20210209,경부선,세마,2282,2117,4399
20210209,경부선,병점,12110,11685,23795
20210209,경부선,세류,2589,2413,5002
20210209,경부선,독산,16765,17599,34364
20210209,경부선,수원,28876,31141,60017
20210209,경부선,화서,6673,6465,13138
20210209,경부선,성균관대,12972,12679,25651
20210209,경부선,의왕,8170,8081,16251
20210209,경부선,군포,7197,7275,14472
20210209,경부선,금정,24346,24787,49133
20210209,경부선,명학,8434,8406,16840
20210209,경부선,안양,19724,19954,39678
20210209,경부선,관악,6688,6164,12852
20210209,경부선,석수,9281,8172,17453
20210209,경부선,금천구청,11040,11022,22062
20210209,경부선,가산디지털단지,17553,20238,37791
20210209,경부선,구로,17782,18060,35842
20210209,경부선,신길,8739,7276,16015
20210209,경부선,신도림,3737,3759,7496
20210209,경부선,영등포,33740,35066,68806
20210209,경부선,대방,12141,12573,24714
20210209,경부선,노량진,7776,8143,15919
20210209,경부선,용산,26749,29271,56020
20210209,경부선,남영,8659,9109,17768
20210209,경부선,서울,3542,1484,5026
20210210,경부선,서울,3671,1510,5181
20210210,경부선,남영,8751,8857,17608
20210210,경부선,용산,28568,31439,60007
20210210,경부선,노량진,8242,8329,16571
20210210,경부선,대방,11549,11481,23030
20210210,경부선,영등포,36545,38189,74734
20210210,경부선,신도림,3578,3568,7146
20210210,경부선,신길,8508,6836,15344
20210210,경부선,구로,17181,17720,34901
20210210,경부선,가산디지털단지,15421,17503,32924
20210210,경부선,금천구청,10690,10870,21560
20210210,경부선,석수,8787,7833,16620
20210210,경부선,관악,6347,5862,12209
20210210,경부선,안양,19621,20278,39899
20210210,경부선,명학,7871,7721,15592
20210210,경부선,금정,23265,24042,47307
20210210,경부선,군포,7010,6738,13748
20210210,경부선,의왕,7799,7501,15300
20210210,경부선,성균관대,12765,12101,24866
20210210,경부선,화서,6080,6017,12097
20210210,경부선,수원,32257,35465,67722
20210210,경부선,독산,15329,15967,31296
20210210,경부선,세류,2618,2719,5337
20210210,경부선,병점,12603,11986,24589
20210210,경부선,세마,2363,2162,4525
20210210,경부선,오산대,2827,2545,5372
20210210,경부선,오산,9418,9088,18506
20210210,경부선,진위,1492,1206,2698
20210210,경부선,송탄,4168,3642,7810
20210210,경부선,서정리,6572,5126,11698
20210210,경부선,지제,3027,2450,5477
20210210,경부선,평택,11866,11770,23636
20210210,경부선,성환,3049,2883,5932
20210210,경부선,직산,711,660,1371
20210210,경부선,두정,4524,4530,9054
20210210,경부선,천안,4813,5646,10459
20210210,경부선,당정,5480,5026,10506
20210210,경부선,서동탄,1397,1259,2656
20210210,경부선,광명,2618,2545,5163
20210211,경부선,광명,1157,1318,2475
20210211,경부선,서동탄,540,570,1110
20210211,경부선,당정,2068,2017,4085
20210211,경부선,천안,4081,5229,9310
20210211,경부선,두정,2807,2670,5477
20210211,경부선,직산,398,447,845
20210211,경부선,성환,2139,2261,4400
20210211,경부선,평택,8471,8943,17414
20210211,경부선,지제,1283,1409,2692
20210211,경부선,서정리,3329,2817,6146
20210211,경부선,송탄,2735,2473,5208
20210211,경부선,진위,648,576,1224
20210211,경부선,오산,6452,5844,12296
20210211,경부선,오산대,1490,1300,2790
20210211,경부선,세마,1083,1013,2096
20210211,경부선,병점,6423,6230,12653
20210211,경부선,세류,1427,1573,3000
20210211,경부선,독산,4575,4238,8813
20210211,경부선,수원,22760,25875,48635
20210211,경부선,화서,2427,2656,5083
20210211,경부선,성균관대,5438,5018,10456
20210211,경부선,의왕,3033,3013,6046
20210211,경부선,군포,2596,2296,4892
20210211,경부선,금정,9861,10062,19923
20210211,경부선,명학,2314,2160,4474
20210211,경부선,안양,9405,9794,19199
20210211,경부선,관악,2765,2763,5528
20210211,경부선,석수,3471,3293,6764
20210211,경부선,금천구청,4667,4435,9102
20210211,경부선,가산디지털단지,3692,4469,8161
20210211,경부선,구로,6946,7094,14040
20210211,경부선,신길,3602,2620,6222
20210211,경부선,신도림,1524,1308,2832
20210211,경부선,영등포,19156,19485,38641
20210211,경부선,대방,4061,3647,7708
20210211,경부선,노량진,5832,5136,10968
20210211,경부선,용산,16916,21930,38846
20210211,경부선,남영,3032,2646,5678
20210211,경부선,서울,1860,984,2844
20210212,경부선,서울,2504,635,3139
20210212,경부선,남영,1941,2179,4120
20210212,경부선,용산,14717,14301,29018
20210212,경부선,노량진,3654,3263,6917
20210212,경부선,대방,3022,3088,6110
20210212,경부선,영등포,14513,15055,29568
20210212,경부선,신도림,1025,991,2016
20210212,경부선,신길,2714,2286,5000
20210212,경부선,구로,4925,5222,10147
20210212,경부선,가산디지털단지,2513,3796,6309
20210212,경부선,금천구청,3556,3525,7081
20210212,경부선,석수,2615,2359,4974
20210212,경부선,관악,2242,2147,4389
20210212,경부선,안양,7124,7173,14297
20210212,경부선,명학,1849,1676,3525
20210212,경부선,금정,7460,7783,15243
20210212,경부선,군포,1884,1711,3595
20210212,경부선,의왕,2236,2255,4491
20210212,경부선,성균관대,3885,3961,7846
20210212,경부선,화서,2005,2052,4057
20210212,경부선,수원,19522,20368,39890
20210212,경부선,독산,3084,3160,6244
20210212,경부선,세류,1283,1186,2469
20210212,경부선,병점,4876,5170,10046
20210212,경부선,세마,856,782,1638
20210212,경부선,오산대,1146,1003,2149
20210212,경부선,오산,4937,4798,9735
20210212,경부선,진위,548,431,979
20210212,경부선,송탄,2115,2125,4240
20210212,경부선,서정리,2400,2467,4867
20210212,경부선,지제,959,881,1840
20210212,경부선,평택,7222,6912,14134
20210212,경부선,성환,1806,1716,3522
20210212,경부선,직산,423,344,767
20210212,경부선,두정,2083,2314,4397
20210212,경부선,천안,4021,3793,7814
20210212,경부선,당정,1517,1433,2950
20210212,경부선,서동탄,493,455,948
20210212,경부선,광명,912,767,1679
20210215,경부선,광명,3084,2318,5402
20210215,경부선,서동탄,1350,1117,2467
20210215,경부선,당정,5349,5158,10507
20210215,경부선,천안,4128,4207,8335
20210215,경부선,두정,3927,4160,8087
20210215,경부선,직산,615,591,1206
20210215,경부선,성환,2497,2631,5128
20210215,경부선,평택,10021,9931,19952
20210215,경부선,지제,2528,2358,4886
20210215,경부선,서정리,4836,4831,9667
20210215,경부선,송탄,3835,3639,7474
20210215,경부선,진위,1339,1179,2518
20210215,경부선,오산,8167,8187,16354
20210215,경부선,오산대,2579,2406,4985
20210215,경부선,세마,2149,2028,4177
20210215,경부선,병점,11356,11560,22916
20210215,경부선,세류,2609,2374,4983
20210215,경부선,독산,15534,16453,31987
20210215,경부선,수원,30564,31092,61656
20210215,경부선,화서,6393,6143,12536
20210215,경부선,성균관대,12348,12539,24887
20210215,경부선,의왕,7507,7606,15113
20210215,경부선,군포,6740,6859,13599
20210215,경부선,금정,22928,23684,46612
20210215,경부선,명학,8241,8224,16465
20210215,경부선,안양,18948,18825,37773
20210215,경부선,관악,6361,5939,12300
20210215,경부선,석수,8639,7618,16257
20210215,경부선,금천구청,10427,10453,20880
20210215,경부선,가산디지털단지,15929,19088,35017
20210215,경부선,구로,16862,16887,33749
20210215,경부선,신길,8308,7083,15391
20210215,경부선,신도림,3453,3442,6895
20210215,경부선,영등포,33797,34241,68038
20210215,경부선,대방,11735,12463,24198
20210215,경부선,노량진,6836,7372,14208
20210215,경부선,용산,30060,27936,57996
20210215,경부선,남영,8035,8673,16708
20210215,경부선,서울,5516,1352,6868
20210216,경부선,광명,2985,2403,5388
20210216,경부선,서동탄,1364,1160,2524
20210216,경부선,당정,5650,5373,11023
20210216,경부선,천안,3743,4021,7764
20210216,경부선,두정,3928,3871,7799
20210216,경부선,직산,585,623,1208
20210216,경부선,성환,2610,2633,5243
20210216,경부선,평택,9371,9293,18664
20210216,경부선,지제,2420,2322,4742
20210216,경부선,서정리,4922,4702,9624
20210216,경부선,송탄,3422,3379,6801
20210216,경부선,진위,1388,1199,2587
20210216,경부선,오산,7932,8039,15971
20210216,경부선,오산대,2722,2410,5132
20210216,경부선,세마,2301,2138,4439
20210216,경부선,병점,11789,11741,23530
20210216,경부선,세류,2655,2342,4997
20210216,경부선,독산,16178,17186,33364
20210216,경부선,수원,29659,30514,60173
20210216,경부선,화서,6677,6439,13116
20210216,경부선,성균관대,12809,13065,25874
20210216,경부선,의왕,8021,7987,16008
20210216,경부선,군포,7351,7302,14653
20210216,경부선,금정,23929,24737,48666
20210216,경부선,명학,8402,8368,16770
20210216,경부선,안양,19784,19896,39680
20210216,경부선,관악,6615,6171,12786
20210216,경부선,석수,9225,8243,17468
20210216,경부선,금천구청,10907,10776,21683
20210216,경부선,가산디지털단지,17067,20152,37219
20210216,경부선,구로,17521,17797,35318
20210216,경부선,신길,8669,7347,16016
20210216,경부선,신도림,3539,3550,7089
20210216,경부선,영등포,33852,34368,68220
20210216,경부선,대방,12117,12583,24700
20210216,경부선,노량진,6915,7292,14207
20210216,경부선,용산,29590,28541,58131
20210216,경부선,남영,8581,9057,17638
20210216,경부선,서울,5042,1383,6425
20210217,경부선,서울,4418,1338,5756
20210217,경부선,남영,8505,8850,17355
20210217,경부선,용산,28459,28305,56764
20210217,경부선,노량진,6856,7206,14062
20210217,경부선,대방,11826,12378,24204
20210217,경부선,영등포,33085,33911,66996
20210217,경부선,신도림,3450,3506,6956
20210217,경부선,신길,8354,7050,15404
20210217,경부선,구로,17220,17633,34853
20210217,경부선,가산디지털단지,16703,19717,36420
20210217,경부선,금천구청,10533,10493,21026
20210217,경부선,석수,8999,7931,16930
20210217,경부선,관악,6393,6037,12430
20210217,경부선,안양,19242,19476,38718
20210217,경부선,명학,8464,8418,16882
20210217,경부선,금정,23712,24111,47823
20210217,경부선,군포,7262,7211,14473
20210217,경부선,의왕,7751,7773,15524
20210217,경부선,성균관대,12868,12775,25643
20210217,경부선,화서,6464,6260,12724
20210217,경부선,수원,28664,30171,58835
20210217,경부선,독산,15871,16980,32851
20210217,경부선,세류,2454,2302,4756
20210217,경부선,병점,11352,11414,22766
20210217,경부선,세마,2193,2040,4233
20210217,경부선,오산대,2588,2349,4937
20210217,경부선,오산,7716,7707,15423
20210217,경부선,진위,1343,1182,2525
20210217,경부선,송탄,3356,3193,6549
20210217,경부선,서정리,4720,4625,9345
20210217,경부선,지제,2387,2293,4680
20210217,경부선,평택,8876,8831,17707
20210217,경부선,성환,2371,2391,4762
20210217,경부선,직산,544,552,1096
20210217,경부선,두정,3828,3897,7725
20210217,경부선,천안,3588,3724,7312
20210217,경부선,당정,5575,5360,10935
20210217,경부선,서동탄,1360,1115,2475
20210217,경부선,광명,2819,2278,5097
20210218,경부선,직산,545,563,1108
20210218,경부선,성환,2417,2383,4800
20210218,경부선,광명,2843,2508,5351
20210218,경부선,서동탄,1346,1137,2483
20210218,경부선,당정,5582,5385,10967
20210218,경부선,천안,3682,3786,7468
20210218,경부선,두정,4017,4064,8081
20210218,경부선,평택,9257,9083,18340
20210218,경부선,지제,2389,2263,4652
20210218,경부선,서정리,5030,4718,9748
20210218,경부선,송탄,3340,3202,6542
20210218,경부선,진위,1349,1175,2524
20210218,경부선,오산,8119,8174,16293
20210218,경부선,오산대,2592,2329,4921
20210218,경부선,세마,2276,2132,4408
20210218,경부선,병점,11692,11627,23319
20210218,경부선,세류,2535,2316,4851
20210218,경부선,독산,15925,16803,32728
20210218,경부선,수원,29270,30807,60077
20210218,경부선,화서,6600,6379,12979
20210218,경부선,성균관대,12866,12926,25792
20210218,경부선,의왕,7934,7914,15848
20210218,경부선,군포,7237,7266,14503
20210218,경부선,금정,23957,24405,48362
20210218,경부선,명학,8577,8558,17135
20210218,경부선,안양,19669,19920,39589
20210218,경부선,관악,6579,6162,12741
20210218,경부선,석수,9154,7956,17110
20210218,경부선,금천구청,10720,10683,21403
20210218,경부선,가산디지털단지,16930,19929,36859
20210218,경부선,구로,17331,17708,35039
20210218,경부선,신길,8453,7059,15512
20210218,경부선,신도림,3475,3515,6990
20210218,경부선,영등포,33513,34410,67923
20210218,경부선,대방,11985,12269,24254
20210218,경부선,노량진,7018,7507,14525
20210218,경부선,용산,28522,28395,56917
20210218,경부선,남영,8617,9088,17705
20210218,경부선,서울,4475,1438,5913
20210219,경부선,금천구청,11368,11497,22865
20210219,경부선,석수,9675,8616,18291
20210219,경부선,관악,7036,6590,13626
20210219,경부선,안양,21135,21669,42804
20210219,경부선,명학,8688,8551,17239
20210219,경부선,금정,25673,25760,51433
20210219,경부선,군포,7604,7434,15038
20210219,경부선,의왕,8439,8331,16770
20210219,경부선,성균관대,13433,13579,27012
20210219,경부선,화서,7064,6983,14047
20210219,경부선,수원,33561,36231,69792
20210219,경부선,독산,16283,17271,33554
20210219,경부선,세류,2804,2624,5428
20210219,경부선,병점,13163,12970,26133
20210219,경부선,세마,2492,2306,4798
20210219,경부선,오산대,3010,2759,5769
20210219,경부선,오산,9406,9043,18449
20210219,경부선,진위,1660,1375,3035
20210219,경부선,송탄,3949,3639,7588
20210219,경부선,서정리,6038,5240,11278
20210219,경부선,지제,2924,2725,5649
20210219,경부선,평택,11363,10644,22007
20210219,경부선,성환,2835,2699,5534
20210219,경부선,직산,744,640,1384
20210219,경부선,두정,5028,5057,10085
20210219,경부선,천안,4430,4684,9114
20210219,경부선,서울,5822,1839,7661
20210219,경부선,남영,9229,9714,18943
20210219,경부선,용산,32282,32399,64681
20210219,경부선,노량진,8138,8274,16412
20210219,경부선,대방,12621,12874,25495
20210219,경부선,영등포,37662,39549,77211
20210219,경부선,신도림,3825,3849,7674
20210219,경부선,신길,9155,7573,16728
20210219,경부선,구로,18105,18623,36728
20210219,경부선,가산디지털단지,17726,20242,37968
20210219,경부선,당정,5904,5584,11488
20210219,경부선,서동탄,1498,1336,2834
20210219,경부선,광명,3297,2891,6188
20210222,경부선,서울,4748,1539,6287
20210222,경부선,남영,8821,9333,18154
20210222,경부선,용산,28885,29448,58333
20210222,경부선,노량진,7416,7720,15136
20210222,경부선,대방,12487,12857,25344
20210222,경부선,영등포,34704,35452,70156
20210222,경부선,신도림,3720,3701,7421
20210222,경부선,신길,9174,7790,16964
20210222,경부선,구로,18333,18498,36831
20210222,경부선,가산디지털단지,17806,20784,38590
20210222,경부선,금천구청,11445,11175,22620
20210222,경부선,석수,9482,8430,17912
20210222,경부선,관악,6901,6435,13336
20210222,경부선,안양,20221,20330,40551
20210222,경부선,명학,8635,8534,17169
20210222,경부선,금정,24789,25554,50343
20210222,경부선,군포,7479,7648,15127
20210222,경부선,의왕,8541,8525,17066
20210222,경부선,성균관대,13516,13257,26773
20210222,경부선,화서,7036,6732,13768
20210222,경부선,수원,31154,32336,63490
20210222,경부선,독산,16355,17428,33783
20210222,경부선,세류,2875,2690,5565
20210222,경부선,병점,12457,12555,25012
20210222,경부선,세마,2452,2289,4741
20210222,경부선,오산대,2907,2685,5592
20210222,경부선,오산,8593,8793,17386
20210222,경부선,진위,1440,1294,2734
20210222,경부선,송탄,3822,3605,7427
20210222,경부선,서정리,5419,5371,10790
20210222,경부선,지제,2678,2532,5210
20210222,경부선,평택,10397,10655,21052
20210222,경부선,성환,2805,2934,5739
20210222,경부선,직산,656,667,1323
20210222,경부선,두정,4129,4243,8372
20210222,경부선,천안,4225,4361,8586
20210222,경부선,당정,5862,5650,11512
20210222,경부선,서동탄,1458,1232,2690
20210222,경부선,광명,3069,2628,5697
20210223,경부선,광명,2932,2492,5424
20210223,경부선,서동탄,1498,1237,2735
20210223,경부선,당정,5845,5549,11394
20210223,경부선,천안,3791,4078,7869
20210223,경부선,두정,3994,4046,8040
20210223,경부선,직산,620,618,1238
20210223,경부선,성환,2657,2636,5293
20210223,경부선,평택,9699,9529,19228
20210223,경부선,지제,2391,2299,4690
20210223,경부선,서정리,5111,4946,10057
20210223,경부선,송탄,3526,3247,6773
20210223,경부선,진위,1405,1227,2632
20210223,경부선,오산,8719,8662,17381
20210223,경부선,오산대,2789,2576,5365
20210223,경부선,세마,2359,2182,4541
20210223,경부선,병점,12493,12449,24942
20210223,경부선,세류,2700,2522,5222
20210223,경부선,독산,16451,17560,34011
20210223,경부선,수원,30275,31668,61943
20210223,경부선,화서,6924,6707,13631
20210223,경부선,성균관대,13284,13225,26509
20210223,경부선,의왕,8297,8241,16538
20210223,경부선,군포,7500,7502,15002
20210223,경부선,금정,25003,25447,50450
20210223,경부선,명학,8574,8517,17091
20210223,경부선,안양,20037,20101,40138
20210223,경부선,관악,6848,6457,13305
20210223,경부선,석수,9455,8480,17935
20210223,경부선,금천구청,11101,11233,22334
20210223,경부선,가산디지털단지,17535,20566,38101
20210223,경부선,구로,18036,18475,36511
20210223,경부선,신길,8990,7682,16672
20210223,경부선,신도림,3611,3644,7255
20210223,경부선,영등포,34412,34935,69347
20210223,경부선,대방,12493,12906,25399
20210223,경부선,노량진,7467,7851,15318
20210223,경부선,용산,28355,28676,57031
20210223,경부선,남영,8847,9300,18147
20210223,경부선,서울,4374,1523,5897
20210224,경부선,광명,2905,2515,5420
20210224,경부선,서동탄,1452,1307,2759
20210224,경부선,당정,5836,5646,11482
20210224,경부선,천안,4073,4084,8157
20210224,경부선,두정,4221,4304,8525
20210224,경부선,직산,615,636,1251
20210224,경부선,성환,2801,2752,5553
20210224,경부선,평택,9830,9858,19688
20210224,경부선,지제,2517,2369,4886
20210224,경부선,서정리,5186,5000,10186
20210224,경부선,송탄,3600,3461,7061
20210224,경부선,진위,1453,1258,2711
20210224,경부선,오산,8505,8507,17012
20210224,경부선,오산대,2835,2595,5430
20210224,경부선,세마,2429,2233,4662
20210224,경부선,병점,12464,12428,24892
20210224,경부선,세류,2794,2585,5379
20210224,경부선,독산,16509,17507,34016
20210224,경부선,수원,30956,32239,63195
20210224,경부선,화서,6905,6796,13701
20210224,경부선,성균관대,13456,13321,26777
20210224,경부선,의왕,8532,8374,16906
20210224,경부선,군포,7498,7503,15001
20210224,경부선,금정,25043,25472,50515
20210224,경부선,명학,8806,8748,17554
20210224,경부선,안양,20933,20867,41800
20210224,경부선,관악,6930,6464,13394
20210224,경부선,석수,9623,8578,18201
20210224,경부선,금천구청,11379,11398,22777
20210224,경부선,가산디지털단지,17597,20497,38094
20210224,경부선,구로,18368,18857,37225
20210224,경부선,신길,9261,7809,17070
20210224,경부선,신도림,3829,3939,7768
20210224,경부선,영등포,35271,36046,71317
20210224,경부선,대방,12437,13007,25444
20210224,경부선,노량진,7705,7926,15631
20210224,경부선,용산,29423,29412,58835
20210224,경부선,남영,9125,9534,18659
20210224,경부선,서울,4400,1472,5872
20210225,경부선,서울,4821,1523,6344
20210225,경부선,남영,9160,9572,18732
20210225,경부선,용산,29630,30005,59635
20210225,경부선,노량진,7901,8119,16020
20210225,경부선,대방,12671,13037,25708
20210225,경부선,영등포,35472,36482,71954
20210225,경부선,신도림,3799,3871,7670
20210225,경부선,신길,9217,7709,16926
20210225,경부선,구로,18368,18789,37157
20210225,경부선,가산디지털단지,17753,20551,38304
20210225,경부선,금천구청,11226,11203,22429
20210225,경부선,석수,9663,8572,18235
20210225,경부선,관악,6913,6390,13303
20210225,경부선,안양,20284,20501,40785
20210225,경부선,명학,8703,8704,17407
20210225,경부선,금정,24952,25430,50382
20210225,경부선,군포,7366,7453,14819
20210225,경부선,의왕,8347,8327,16674
20210225,경부선,성균관대,13476,13156,26632
20210225,경부선,화서,7018,6849,13867
20210225,경부선,수원,30969,32136,63105
20210225,경부선,독산,16352,17358,33710
20210225,경부선,세류,2682,2513,5195
20210225,경부선,병점,12463,12498,24961
20210225,경부선,세마,2366,2208,4574
20210225,경부선,오산대,2853,2654,5507
20210225,경부선,오산,8548,8399,16947
20210225,경부선,진위,1472,1273,2745
20210225,경부선,송탄,3572,3416,6988
20210225,경부선,서정리,5277,4991,10268
20210225,경부선,지제,2514,2421,4935
20210225,경부선,평택,9742,9762,19504
20210225,경부선,성환,2681,2712,5393
20210225,경부선,직산,637,678,1315
20210225,경부선,두정,4252,4287,8539
20210225,경부선,천안,4055,4076,8131
20210225,경부선,당정,5907,5658,11565
20210225,경부선,서동탄,1488,1256,2744
20210225,경부선,광명,2881,2529,5410
20210226,경부선,서울,6233,2211,8444
20210226,경부선,남영,9213,9720,18933
20210226,경부선,용산,33867,35722,69589
20210226,경부선,노량진,8463,8641,17104
20210226,경부선,대방,12840,13068,25908
20210226,경부선,영등포,39442,41691,81133
20210226,경부선,신도림,3983,3996,7979
20210226,경부선,신길,9515,7842,17357
20210226,경부선,구로,18876,19550,38426
20210226,경부선,가산디지털단지,17894,20692,38586
20210226,경부선,금천구청,11626,11718,23344
20210226,경부선,석수,9836,8609,18445
20210226,경부선,관악,7296,6789,14085
20210226,경부선,안양,21416,21714,43130
20210226,경부선,명학,8775,8635,17410
20210226,경부선,금정,25815,25985,51800
20210226,경부선,군포,7624,7497,15121
20210226,경부선,의왕,8675,8602,17277
20210226,경부선,성균관대,13943,13822,27765
20210226,경부선,화서,7162,7001,14163
20210226,경부선,수원,34989,37408,72397
20210226,경부선,독산,16397,17371,33768
20210226,경부선,세류,2918,2638,5556
20210226,경부선,병점,13672,13491,27163
20210226,경부선,세마,2621,2381,5002
20210226,경부선,오산대,3148,2809,5957
20210226,경부선,오산,9853,9404,19257
20210226,경부선,진위,1696,1343,3039
20210226,경부선,송탄,4096,3715,7811
20210226,경부선,서정리,6251,5406,11657
20210226,경부선,지제,3070,2957,6027
20210226,경부선,평택,11761,11269,23030
20210226,경부선,성환,3185,3016,6201
20210226,경부선,직산,757,667,1424
20210226,경부선,두정,5317,5216,10533
20210226,경부선,천안,4736,5062,9798
20210226,경부선,당정,6047,5775,11822
20210226,경부선,서동탄,1532,1425,2957
20210226,경부선,광명,3345,3197,6542
20210301,경부선,서울,5872,1128,7000
20210301,경부선,남영,3033,3361,6394
20210301,경부선,용산,24589,20519,45108
20210301,경부선,노량진,4004,4165,8169
20210301,경부선,대방,4475,4857,9332
20210301,경부선,영등포,25691,24158,49849
20210301,경부선,신도림,1254,1401,2655
20210301,경부선,신길,3644,3311,6955
20210301,경부선,구로,7516,7523,15039
20210301,경부선,가산디지털단지,3158,4725,7883
20210301,경부선,금천구청,4111,4228,8339
20210301,경부선,석수,3540,3141,6681
20210301,경부선,관악,2761,2753,5514
20210301,경부선,안양,9848,9731,19579
20210301,경부선,명학,2742,2749,5491
20210301,경부선,금정,9844,10290,20134
20210301,경부선,군포,2404,2453,4857
20210301,경부선,의왕,2974,3108,6082
20210301,경부선,성균관대,5450,5971,11421
20210301,경부선,화서,2623,2603,5226
20210301,경부선,수원,23871,22350,46221
20210301,경부선,독산,4716,5022,9738
20210301,경부선,세류,1427,1408,2835
20210301,경부선,병점,6360,7203,13563
20210301,경부선,세마,1192,1111,2303
20210301,경부선,오산대,1448,1375,2823
20210301,경부선,오산,5173,5685,10858
20210301,경부선,진위,579,572,1151
20210301,경부선,송탄,2311,2610,4921
20210301,경부선,서정리,2741,3967,6708
20210301,경부선,지제,1807,1641,3448
20210301,경부선,평택,7263,7261,14524
20210301,경부선,성환,1517,1875,3392
20210301,경부선,직산,299,370,669
20210301,경부선,두정,2733,2926,5659
20210301,경부선,천안,3797,3323,7120
20210301,경부선,당정,2166,2184,4350
20210301,경부선,서동탄,552,542,1094
20210301,경부선,광명,2159,1370,3529
20210302,경부선,광명,2950,2555,5505
20210302,경부선,서동탄,1475,1233,2708
20210302,경부선,당정,5942,5700,11642
20210302,경부선,천안,4254,4299,8553
20210302,경부선,두정,4826,4901,9727
20210302,경부선,직산,657,664,1321
20210302,경부선,성환,4162,4182,8344
20210302,경부선,평택,10704,10454,21158
20210302,경부선,지제,2734,2514,5248
20210302,경부선,서정리,6290,6241,12531
20210302,경부선,송탄,3936,3616,7552
20210302,경부선,진위,1470,1262,2732
20210302,경부선,오산,8723,8733,17456
20210302,경부선,오산대,2956,2614,5570
20210302,경부선,세마,2447,2214,4661
20210302,경부선,병점,12470,12842,25312
20210302,경부선,세류,2810,2561,5371
20210302,경부선,독산,16478,17617,34095
20210302,경부선,수원,30891,32558,63449
20210302,경부선,화서,7080,6802,13882
20210302,경부선,성균관대,14683,14674,29357
20210302,경부선,의왕,8431,8449,16880
20210302,경부선,군포,7482,7608,15090
20210302,경부선,금정,25065,25850,50915
20210302,경부선,명학,8840,8939,17779
20210302,경부선,안양,24815,24445,49260
20210302,경부선,관악,6808,6307,13115
20210302,경부선,석수,9453,8344,17797
20210302,경부선,금천구청,11460,11402,22862
20210302,경부선,가산디지털단지,17711,20680,38391
20210302,경부선,구로,18411,18583,36994
20210302,경부선,신길,9268,7867,17135
20210302,경부선,신도림,3871,3885,7756
20210302,경부선,영등포,34014,34607,68621
20210302,경부선,대방,12658,13035,25693
20210302,경부선,노량진,7488,7842,15330
20210302,경부선,용산,27983,28121,56104
20210302,경부선,남영,9485,10005,19490
20210302,경부선,서울,4377,1363,5740
20210303,경부선,서울,3923,1335,5258
20210303,경부선,남영,9719,10100,19819
20210303,경부선,용산,27574,27891,55465
20210303,경부선,노량진,7751,8095,15846
20210303,경부선,대방,12984,13525,26509
20210303,경부선,영등포,34361,35347,69708
20210303,경부선,신도림,4009,3993,8002
20210303,경부선,신길,9544,8004,17548
20210303,경부선,구로,18740,19477,38217
20210303,경부선,가산디지털단지,18029,20963,38992
20210303,경부선,금천구청,11650,11580,23230
20210303,경부선,석수,9808,8632,18440
20210303,경부선,관악,7074,6560,13634
20210303,경부선,안양,24948,24857,49805
20210303,경부선,명학,9032,8987,18019
20210303,경부선,금정,25537,26011,51548
20210303,경부선,군포,7608,7684,15292
20210303,경부선,의왕,8747,8571,17318
20210303,경부선,성균관대,14695,14439,29134
20210303,경부선,화서,7273,7065,14338
20210303,경부선,수원,31589,33245,64834
20210303,경부선,독산,16670,17964,34634
20210303,경부선,세류,2829,2627,5456
20210303,경부선,병점,12993,13014,26007
20210303,경부선,세마,2469,2368,4837
20210303,경부선,오산대,3070,2790,5860
20210303,경부선,오산,8962,9039,18001
20210303,경부선,진위,1529,1326,2855
20210303,경부선,송탄,3962,3589,7551
20210303,경부선,서정리,6189,6011,12200
20210303,경부선,지제,2648,2496,5144
20210303,경부선,평택,10571,10480,21051
20210303,경부선,성환,4150,4047,8197
20210303,경부선,직산,631,669,1300
20210303,경부선,두정,4857,4815,9672
20210303,경부선,천안,4220,4378,8598
20210303,경부선,당정,6195,5827,12022
20210303,경부선,서동탄,1524,1324,2848
20210303,경부선,광명,2808,2473,5281
20210304,경부선,서울,4062,1369,5431
20210304,경부선,남영,9700,10035,19735
20210304,경부선,용산,28688,28852,57540
20210304,경부선,노량진,7970,8148,16118
20210304,경부선,대방,13025,13441,26466
20210304,경부선,영등포,34639,35564,70203
20210304,경부선,신도림,4056,3974,8030
20210304,경부선,신길,9630,7918,17548
20210304,경부선,구로,18446,18854,37300
20210304,경부선,가산디지털단지,18105,21083,39188
20210304,경부선,금천구청,11616,11523,23139
20210304,경부선,석수,9883,8804,18687
20210304,경부선,관악,6970,6477,13447
20210304,경부선,안양,24533,24392,48925
20210304,경부선,명학,8982,8956,17938
20210304,경부선,금정,25692,25960,51652
20210304,경부선,군포,7673,7696,15369
20210304,경부선,의왕,8740,8687,17427
20210304,경부선,성균관대,14897,14809,29706
20210304,경부선,화서,7179,7033,14212
20210304,경부선,수원,31760,33530,65290
20210304,경부선,독산,16507,17564,34071
20210304,경부선,세류,2803,2622,5425
20210304,경부선,병점,12846,12993,25839
20210304,경부선,세마,2430,2324,4754
20210304,경부선,오산대,3193,2855,6048
20210304,경부선,오산,8762,8740,17502
20210304,경부선,진위,1548,1346,2894
20210304,경부선,송탄,3802,3565,7367
20210304,경부선,서정리,6266,6014,12280
20210304,경부선,지제,2590,2519,5109
20210304,경부선,평택,10667,10434,21101
20210304,경부선,성환,4489,4267,8756
20210304,경부선,직산,671,678,1349
20210304,경부선,두정,5060,4879,9939
20210304,경부선,천안,4257,4396,8653
20210304,경부선,당정,6238,5944,12182
20210304,경부선,서동탄,1496,1285,2781
20210304,경부선,광명,2893,2482,5375
20210305,경부선,광명,3355,2939,6294
20210305,경부선,서동탄,1601,1457,3058
20210305,경부선,당정,6399,6074,12473
20210305,경부선,천안,5282,5363,10645
20210305,경부선,두정,6101,5920,12021
20210305,경부선,직산,809,729,1538
20210305,경부선,성환,4132,3640,7772
20210305,경부선,평택,12551,12031,24582
20210305,경부선,지제,3135,2959,6094
20210305,경부선,서정리,6599,5592,12191
20210305,경부선,송탄,4397,3997,8394
20210305,경부선,진위,1771,1425,3196
20210305,경부선,오산,9892,9639,19531
20210305,경부선,오산대,3362,3000,6362
20210305,경부선,세마,2649,2411,5060
20210305,경부선,병점,14538,14411,28949
20210305,경부선,세류,3103,2761,5864
20210305,경부선,독산,17036,18017,35053
20210305,경부선,수원,36370,38833,75203
20210305,경부선,화서,7559,7450,15009
20210305,경부선,성균관대,15250,14877,30127
20210305,경부선,의왕,9145,9057,18202
20210305,경부선,군포,7839,7794,15633
20210305,경부선,금정,26862,27036,53898
20210305,경부선,명학,9122,9087,18209
20210305,경부선,안양,25229,25463,50692
20210305,경부선,관악,7257,6883,14140
20210305,경부선,석수,10447,9050,19497
20210305,경부선,금천구청,11977,12168,24145
20210305,경부선,가산디지털단지,18696,21511,40207
20210305,경부선,구로,19304,20025,39329
20210305,경부선,신길,9881,8224,18105
20210305,경부선,신도림,4256,4177,8433
20210305,경부선,영등포,39024,40763,79787
20210305,경부선,대방,13511,13833,27344
20210305,경부선,노량진,8859,8895,17754
20210305,경부선,용산,33801,33813,67614
20210305,경부선,남영,9966,10368,20334
20210305,경부선,서울,5840,1903,7743
20210308,경부선,서울,4479,1477,5956
20210308,경부선,남영,9347,9807,19154
20210308,경부선,용산,28427,29086,57513
20210308,경부선,노량진,8075,8391,16466
20210308,경부선,대방,13344,13782,27126
20210308,경부선,영등포,33513,34452,67965
20210308,경부선,신도림,4126,4031,8157
20210308,경부선,신길,9604,8030,17634
20210308,경부선,구로,18760,19104,37864
20210308,경부선,가산디지털단지,18177,21400,39577
20210308,경부선,금천구청,11812,11671,23483
20210308,경부선,석수,9942,8722,18664
20210308,경부선,관악,7072,6560,13632
20210308,경부선,안양,25175,25016,50191
20210308,경부선,명학,9151,9060,18211
20210308,경부선,금정,25678,26448,52126
20210308,경부선,군포,7579,7675,15254
20210308,경부선,의왕,8850,8822,17672
20210308,경부선,성균관대,14700,14765,29465
20210308,경부선,화서,7485,7209,14694
20210308,경부선,수원,31707,33605,65312
20210308,경부선,독산,16713,17719,34432
20210308,경부선,세류,2877,2651,5528
20210308,경부선,병점,13222,13399,26621
20210308,경부선,세마,2556,2285,4841
20210308,경부선,오산대,3545,3239,6784
20210308,경부선,오산,9777,9701,19478
20210308,경부선,진위,1583,1435,3018
20210308,경부선,송탄,4038,3676,7714
20210308,경부선,서정리,6413,6287,12700
20210308,경부선,지제,2687,2549,5236
20210308,경부선,평택,11144,11081,22225
20210308,경부선,성환,4255,4390,8645
20210308,경부선,직산,707,717,1424
20210308,경부선,두정,4928,5317,10245
20210308,경부선,천안,4435,4620,9055
20210308,경부선,당정,6204,5963,12167
20210308,경부선,서동탄,1524,1288,2812
20210308,경부선,광명,3061,2644,5705
20210309,경부선,서울,3875,1389,5264
20210309,경부선,남영,9431,10112,19543
20210309,경부선,용산,27751,28222,55973
20210309,경부선,노량진,8108,8383,16491
20210309,경부선,대방,13073,13397,26470
20210309,경부선,영등포,34747,36228,70975
20210309,경부선,신도림,4042,4115,8157
20210309,경부선,신길,9447,8042,17489
20210309,경부선,구로,18749,19648,38397
20210309,경부선,가산디지털단지,18110,21204,39314
20210309,경부선,금천구청,11931,11934,23865
20210309,경부선,석수,9855,8788,18643
20210309,경부선,관악,7242,6704,13946
20210309,경부선,안양,24133,23890,48023
20210309,경부선,명학,9152,9095,18247
20210309,경부선,금정,26201,26724,52925
20210309,경부선,군포,7680,7624,15304
20210309,경부선,의왕,8871,8906,17777
20210309,경부선,성균관대,14852,14718,29570
20210309,경부선,화서,7476,7274,14750
20210309,경부선,수원,32062,33818,65880
20210309,경부선,독산,16841,17772,34613
20210309,경부선,세류,2912,2770,5682
20210309,경부선,병점,13201,13490,26691
20210309,경부선,세마,2538,2294,4832
20210309,경부선,오산대,3675,3412,7087
20210309,경부선,오산,9386,9328,18714
20210309,경부선,진위,1602,1407,3009
20210309,경부선,송탄,4001,3677,7678
20210309,경부선,서정리,6222,5987,12209
20210309,경부선,지제,2582,2491,5073
20210309,경부선,평택,10755,10682,21437
20210309,경부선,성환,3874,3938,7812
20210309,경부선,직산,682,685,1367
20210309,경부선,두정,5258,5291,10549
20210309,경부선,천안,4500,4640,9140
20210309,경부선,당정,6303,6004,12307
20210309,경부선,서동탄,1517,1318,2835
20210309,경부선,광명,2824,2523,5347
20210310,경부선,서울,4128,1316,5444
20210310,경부선,남영,9779,10166,19945
20210310,경부선,용산,28077,28709,56786
20210310,경부선,노량진,8297,8400,16697
20210310,경부선,대방,13307,13623,26930
20210310,경부선,영등포,35494,36449,71943
20210310,경부선,신도림,4223,4199,8422
20210310,경부선,신길,9629,8153,17782
20210310,경부선,구로,18989,19405,38394
20210310,경부선,가산디지털단지,18423,21155,39578
20210310,경부선,금천구청,12034,11939,23973
20210310,경부선,석수,10114,8843,18957
20210310,경부선,관악,7263,6726,13989
20210310,경부선,안양,24798,24875,49673
20210310,경부선,명학,9167,9177,18344
20210310,경부선,금정,26711,26898,53609
20210310,경부선,군포,7759,7735,15494
20210310,경부선,의왕,8999,8856,17855
20210310,경부선,성균관대,15149,14765,29914
20210310,경부선,화서,7488,7244,14732
20210310,경부선,수원,32425,34306,66731
20210310,경부선,독산,16839,18085,34924
20210310,경부선,세류,2875,2700,5575
20210310,경부선,병점,13221,13396,26617
20210310,경부선,세마,2643,2441,5084
20210310,경부선,오산대,3647,3269,6916
20210310,경부선,오산,9284,9360,18644
20210310,경부선,진위,1563,1306,2869
20210310,경부선,송탄,3902,3740,7642
20210310,경부선,서정리,6332,6082,12414
20210310,경부선,지제,2586,2527,5113
20210310,경부선,평택,11011,10762,21773
20210310,경부선,성환,4063,3923,7986
20210310,경부선,직산,705,721,1426
20210310,경부선,두정,5270,5395,10665
20210310,경부선,천안,4386,4474,8860
20210310,경부선,당정,6294,5975,12269
20210310,경부선,서동탄,1540,1350,2890
20210310,경부선,광명,2843,2580,5423
20210311,경부선,서울,4364,1328,5692
20210311,경부선,남영,9543,10135,19678
20210311,경부선,용산,29703,30209,59912
20210311,경부선,노량진,8528,8579,17107
20210311,경부선,대방,13183,13577,26760
20210311,경부선,영등포,35827,36647,72474
20210311,경부선,신도림,4108,4067,8175
20210311,경부선,신길,9596,8049,17645
20210311,경부선,구로,18601,18960,37561
20210311,경부선,가산디지털단지,18372,21425,39797
20210311,경부선,금천구청,11823,11841,23664
20210311,경부선,석수,10011,8800,18811
20210311,경부선,관악,7211,6725,13936
20210311,경부선,안양,24016,24171,48187
20210311,경부선,명학,9157,9054,18211
20210311,경부선,금정,26280,26854,53134
20210311,경부선,군포,7584,7615,15199
20210311,경부선,의왕,8697,8686,17383
20210311,경부선,성균관대,15008,14743,29751
20210311,경부선,화서,7421,7178,14599
20210311,경부선,수원,32601,34061,66662
20210311,경부선,독산,16757,17839,34596
20210311,경부선,세류,2815,2691,5506
20210311,경부선,병점,13305,13377,26682
20210311,경부선,세마,2602,2372,4974
20210311,경부선,오산대,3448,3191,6639
20210311,경부선,오산,9180,9120,18300
20210311,경부선,진위,1549,1386,2935
20210311,경부선,송탄,3918,3724,7642
20210311,경부선,서정리,6411,5911,12322
20210311,경부선,지제,2681,2583,5264
20210311,경부선,평택,10978,10818,21796
20210311,경부선,성환,4352,4165,8517
20210311,경부선,직산,712,750,1462
20210311,경부선,두정,5552,5366,10918
20210311,경부선,천안,4493,4492,8985
20210311,경부선,당정,6358,5980,12338
20210311,경부선,서동탄,1543,1339,2882
20210311,경부선,광명,2982,2551,5533
20210312,경부선,서울,6033,2034,8067
20210312,경부선,남영,9894,10277,20171
20210312,경부선,용산,34362,35307,69669
20210312,경부선,노량진,8787,8886,17673
20210312,경부선,대방,13425,13477,26902
20210312,경부선,영등포,39488,41167,80655
20210312,경부선,신도림,4111,4116,8227
20210312,경부선,신길,9622,8105,17727
20210312,경부선,구로,19074,19779,38853
20210312,경부선,가산디지털단지,18228,21239,39467
20210312,경부선,금천구청,11908,11928,23836
20210312,경부선,석수,9962,8730,18692
20210312,경부선,관악,7149,6606,13755
20210312,경부선,안양,24314,24589,48903
20210312,경부선,명학,8964,8792,17756
20210312,경부선,금정,26708,27196,53904
20210312,경부선,군포,7717,7586,15303
20210312,경부선,의왕,8964,8743,17707
20210312,경부선,성균관대,14871,14558,29429
20210312,경부선,화서,7326,7254,14580
20210312,경부선,수원,35940,38766,74706
20210312,경부선,독산,16982,17922,34904
20210312,경부선,세류,2986,2842,5828
20210312,경부선,병점,14060,14119,28179
20210312,경부선,세마,2726,2477,5203
20210312,경부선,오산대,3477,3103,6580
20210312,경부선,오산,10065,9720,19785
20210312,경부선,진위,1733,1473,3206
20210312,경부선,송탄,4257,3861,8118
20210312,경부선,서정리,6613,5771,12384
20210312,경부선,지제,3132,2956,6088
20210312,경부선,평택,12204,11539,23743
20210312,경부선,성환,3873,3325,7198
20210312,경부선,직산,725,715,1440
20210312,경부선,두정,6170,5690,11860
20210312,경부선,천안,5292,5381,10673
20210312,경부선,당정,6259,6041,12300
20210312,경부선,서동탄,1541,1365,2906
20210312,경부선,광명,3359,3068,6427
20210315,경부선,서울,4800,1516,6316
20210315,경부선,남영,9589,10070,19659
20210315,경부선,용산,28856,29220,58076
20210315,경부선,노량진,8013,8172,16185
20210315,경부선,대방,13263,13736,26999
20210315,경부선,영등포,34139,34998,69137
20210315,경부선,신도림,4133,4164,8297
20210315,경부선,신길,9418,8073,17491
20210315,경부선,구로,19309,19425,38734
20210315,경부선,가산디지털단지,18141,21213,39354
20210315,경부선,금천구청,11883,11669,23552
20210315,경부선,석수,9660,8704,18364
20210315,경부선,관악,7131,6574,13705
20210315,경부선,안양,22780,22790,45570
20210315,경부선,명학,9182,9092,18274
20210315,경부선,금정,25752,26175,51927
20210315,경부선,군포,7577,7765,15342
20210315,경부선,의왕,8820,8781,17601
20210315,경부선,성균관대,14645,14847,29492
20210315,경부선,화서,7413,7086,14499
20210315,경부선,수원,31886,33534,65420
20210315,경부선,독산,16789,17791,34580
20210315,경부선,세류,2984,2730,5714
20210315,경부선,병점,13179,13248,26427
20210315,경부선,세마,2567,2370,4937
20210315,경부선,오산대,3457,3182,6639
20210315,경부선,오산,9491,9494,18985
20210315,경부선,진위,1538,1434,2972
20210315,경부선,송탄,4174,3828,8002
20210315,경부선,서정리,6492,6470,12962
20210315,경부선,지제,2767,2568,5335
20210315,경부선,평택,11048,11016,22064
20210315,경부선,성환,4030,4228,8258
20210315,경부선,직산,654,659,1313
20210315,경부선,두정,5093,5539,10632
20210315,경부선,천안,4609,4647,9256
20210315,경부선,당정,6052,5831,11883
20210315,경부선,서동탄,1548,1282,2830
20210315,경부선,광명,3060,2635,5695
20210316,경부선,의왕,8859,8849,17708
20210316,경부선,성균관대,14817,14835,29652
20210316,경부선,화서,7416,7153,14569
20210316,경부선,수원,31781,33599,65380
20210316,경부선,독산,16770,17826,34596
20210316,경부선,세류,2911,2664,5575
20210316,경부선,병점,13163,13192,26355
20210316,경부선,세마,2549,2390,4939
20210316,경부선,오산대,3636,3279,6915
20210316,경부선,오산,9276,9269,18545
20210316,경부선,진위,1593,1379,2972
20210316,경부선,송탄,3923,3649,7572
20210316,경부선,서정리,6306,6058,12364
20210316,경부선,지제,2728,2582,5310
20210316,경부선,평택,10610,10671,21281
20210316,경부선,성환,4031,3986,8017
20210316,경부선,직산,675,643,1318
20210316,경부선,두정,5252,5460,10712
20210316,경부선,천안,4550,4586,9136
20210316,경부선,당정,6211,5967,12178
20210316,경부선,서동탄,1507,1343,2850
20210316,경부선,광명,2834,2493,5327
20210316,경부선,서울,4026,1371,5397
20210316,경부선,남영,9573,10008,19581
20210316,경부선,용산,28151,28559,56710
20210316,경부선,노량진,8188,8445,16633
20210316,경부선,대방,13275,13689,26964
20210316,경부선,영등포,35297,36162,71459
20210316,경부선,신도림,4106,4094,8200
20210316,경부선,신길,9540,8116,17656
20210316,경부선,구로,18850,19265,38115
20210316,경부선,가산디지털단지,18283,21309,39592
20210316,경부선,금천구청,11822,11882,23704
20210316,경부선,석수,9939,8796,18735
20210316,경부선,관악,7089,6585,13674
20210316,경부선,안양,23957,24164,48121
20210316,경부선,명학,9204,9133,18337
20210316,경부선,금정,26122,26747,52869
20210316,경부선,군포,7693,7569,15262
20210317,경부선,서울,4059,1443,5502
20210317,경부선,남영,9918,10347,20265
20210317,경부선,용산,28719,29482,58201
20210317,경부선,노량진,8461,8580,17041
20210317,경부선,대방,13467,13760,27227
20210317,경부선,영등포,35692,36794,72486
20210317,경부선,신도림,4207,4254,8461
20210317,경부선,신길,9739,8252,17991
20210317,경부선,구로,19235,19868,39103
20210317,경부선,가산디지털단지,18504,21328,39832
20210317,경부선,금천구청,12116,12093,24209
20210317,경부선,석수,10016,8958,18974
20210317,경부선,관악,7336,6844,14180
20210317,경부선,안양,25065,24821,49886
20210317,경부선,명학,9182,9184,18366
20210317,경부선,금정,26515,26898,53413
20210317,경부선,군포,7850,7750,15600
20210317,경부선,의왕,9189,9021,18210
20210317,경부선,성균관대,15178,15058,30236
20210317,경부선,화서,7496,7133,14629
20210317,경부선,수원,32883,34556,67439
20210317,경부선,독산,16809,17808,34617
20210317,경부선,세류,3003,2708,5711
20210317,경부선,병점,13202,13392,26594
20210317,경부선,세마,2581,2457,5038
20210317,경부선,오산대,3511,3181,6692
20210317,경부선,오산,9429,9372,18801
20210317,경부선,진위,1554,1365,2919
20210317,경부선,송탄,3896,3712,7608
20210317,경부선,서정리,6560,6256,12816
20210317,경부선,지제,2753,2611,5364
20210317,경부선,평택,10847,10821,21668
20210317,경부선,성환,3992,3910,7902
20210317,경부선,직산,697,712,1409
20210317,경부선,두정,5354,5379,10733
20210317,경부선,천안,4575,4614,9189
20210317,경부선,당정,6233,5991,12224
20210317,경부선,서동탄,1552,1377,2929
20210317,경부선,광명,2846,2516,5362
20210318,경부선,광명,2995,2631,5626
20210318,경부선,서동탄,1539,1355,2894
20210318,경부선,당정,6379,6041,12420
20210318,경부선,천안,4607,4604,9211
20210318,경부선,두정,5632,5484,11116
20210318,경부선,직산,671,707,1378
20210318,경부선,성환,4207,4051,8258
20210318,경부선,평택,11054,10887,21941
20210318,경부선,지제,2737,2631,5368
20210318,경부선,서정리,6458,6053,12511
20210318,경부선,송탄,3996,3820,7816
20210318,경부선,진위,1544,1407,2951
20210318,경부선,오산,9631,9612,19243
20210318,경부선,오산대,3490,3207,6697
20210318,경부선,세마,2591,2441,5032
20210318,경부선,병점,13415,13361,26776
20210318,경부선,세류,2955,2713,5668
20210318,경부선,독산,16701,17733,34434
20210318,경부선,수원,33323,35045,68368
20210318,경부선,화서,7440,7230,14670
20210318,경부선,성균관대,15274,14963,30237
20210318,경부선,의왕,8988,8916,17904
20210318,경부선,군포,7813,7660,15473
20210318,경부선,금정,26681,27165,53846
20210318,경부선,명학,9180,9192,18372
20210318,경부선,안양,24451,24379,48830
20210318,경부선,관악,7355,6774,14129
20210318,경부선,석수,10053,9055,19108
20210318,경부선,금천구청,12214,12106,24320
20210318,경부선,가산디지털단지,18576,21644,40220
20210318,경부선,구로,19407,19769,39176
20210318,경부선,신길,9708,8254,17962
20210318,경부선,신도림,4281,4189,8470
20210318,경부선,영등포,36117,37081,73198
20210318,경부선,대방,13143,13529,26672
20210318,경부선,노량진,8606,8722,17328
20210318,경부선,용산,30013,30579,60592
20210318,경부선,남영,9758,10226,19984
20210318,경부선,서울,4601,1453,6054
20210319,경부선,서울,6454,2070,8524
20210319,경부선,남영,9989,10388,20377
20210319,경부선,용산,35050,36225,71275
20210319,경부선,노량진,9370,9246,18616
20210319,경부선,대방,13781,14008,27789
20210319,경부선,영등포,40431,42315,82746
20210319,경부선,신도림,4409,4392,8801
20210319,경부선,신길,9920,8253,18173
20210319,경부선,구로,19861,20592,40453
20210319,경부선,가산디지털단지,18503,21495,39998
20210319,경부선,금천구청,12406,12418,24824
20210319,경부선,석수,10476,9025,19501
20210319,경부선,관악,7489,7000,14489
20210319,경부선,안양,25299,25485,50784
20210319,경부선,명학,9109,8998,18107
20210319,경부선,금정,27775,27928,55703
20210319,경부선,군포,7793,7748,15541
20210319,경부선,의왕,9292,9173,18465
20210319,경부선,성균관대,15506,15310,30816
20210319,경부선,화서,7743,7542,15285
20210319,경부선,수원,37334,40995,78329
20210319,경부선,독산,16892,17632,34524
20210319,경부선,세류,3142,3003,6145
20210319,경부선,병점,14594,14461,29055
20210319,경부선,세마,2802,2535,5337
20210319,경부선,오산대,3719,3258,6977
20210319,경부선,오산,10525,10120,20645
20210319,경부선,진위,1782,1425,3207
20210319,경부선,송탄,4652,4220,8872
20210319,경부선,서정리,7057,5945,13002
20210319,경부선,지제,3347,3124,6471
20210319,경부선,평택,13159,12476,25635
20210319,경부선,성환,4010,3463,7473
20210319,경부선,직산,849,797,1646
20210319,경부선,두정,6556,6277,12833
20210319,경부선,천안,5929,5944,11873
20210319,경부선,당정,6437,6244,12681
20210319,경부선,서동탄,1647,1468,3115
20210319,경부선,광명,3489,3166,6655
20210322,경부선,서울,4940,1471,6411
20210322,경부선,남영,9383,10014,19397
20210322,경부선,용산,28871,29369,58240
20210322,경부선,노량진,8022,8273,16295
20210322,경부선,대방,13176,13655,26831
20210322,경부선,영등포,34814,35891,70705
20210322,경부선,신도림,4074,4133,8207
20210322,경부선,신길,9529,8310,17839
20210322,경부선,구로,19117,19139,38256
20210322,경부선,가산디지털단지,18251,21196,39447
20210322,경부선,금천구청,11946,11842,23788
20210322,경부선,석수,9833,8752,18585
20210322,경부선,관악,7075,6636,13711
20210322,경부선,안양,24561,24541,49102
20210322,경부선,명학,8976,9007,17983
20210322,경부선,금정,25838,26589,52427
20210322,경부선,군포,7584,7575,15159
20210322,경부선,의왕,8793,8842,17635
20210322,경부선,성균관대,14539,14483,29022
20210322,경부선,화서,7351,7050,14401
20210322,경부선,수원,32078,33666,65744
20210322,경부선,독산,16712,17814,34526
20210322,경부선,세류,2944,2704,5648
20210322,경부선,병점,13175,13255,26430
20210322,경부선,세마,2562,2351,4913
20210322,경부선,오산대,3472,3146,6618
20210322,경부선,오산,9429,9536,18965
20210322,경부선,진위,1540,1366,2906
20210322,경부선,송탄,3947,3714,7661
20210322,경부선,서정리,6501,6431,12932
20210322,경부선,지제,2895,2659,5554
20210322,경부선,평택,11133,11186,22319
20210322,경부선,성환,4166,4279,8445
20210322,경부선,직산,724,711,1435
20210322,경부선,두정,5086,5612,10698
20210322,경부선,천안,4488,4636,9124
20210322,경부선,당정,6166,5918,12084
20210322,경부선,서동탄,1590,1304,2894
20210322,경부선,광명,3052,2631,5683
20210323,경부선,광명,2873,2534,5407
20210323,경부선,서동탄,1530,1324,2854
20210323,경부선,당정,6256,6029,12285
20210323,경부선,천안,4543,4572,9115
20210323,경부선,두정,5427,5608,11035
20210323,경부선,직산,730,721,1451
20210323,경부선,성환,3801,3848,7649
20210323,경부선,평택,10856,10784,21640
20210323,경부선,지제,2692,2570,5262
20210323,경부선,서정리,6430,6128,12558
20210323,경부선,송탄,4013,3726,7739
20210323,경부선,진위,1549,1375,2924
20210323,경부선,오산,9723,9499,19222
20210323,경부선,오산대,3566,3388,6954
20210323,경부선,세마,2593,2428,5021
20210323,경부선,병점,13434,13387,26821
20210323,경부선,세류,2906,2830,5736
20210323,경부선,독산,17032,18167,35199
20210323,경부선,수원,32284,33797,66081
20210323,경부선,화서,7606,7275,14881
20210323,경부선,성균관대,14855,14784,29639
20210323,경부선,의왕,9058,9040,18098
20210323,경부선,군포,7775,7692,15467
20210323,경부선,금정,26473,26933,53406
20210323,경부선,명학,9363,9214,18577
20210323,경부선,안양,24519,24432,48951
20210323,경부선,관악,7278,6780,14058
20210323,경부선,석수,10039,8910,18949
20210323,경부선,금천구청,12219,12189,24408
20210323,경부선,가산디지털단지,18378,21426,39804
20210323,경부선,구로,18894,19236,38130
20210323,경부선,신길,9646,8217,17863
20210323,경부선,신도림,4252,4122,8374
20210323,경부선,영등포,35612,36406,72018
20210323,경부선,대방,13492,13744,27236
20210323,경부선,노량진,8374,8554,16928
20210323,경부선,용산,28717,29362,58079
20210323,경부선,남영,9729,10171,19900
20210323,경부선,서울,4201,1429,5630
20210324,경부선,광명,2961,2587,5548
20210324,경부선,서동탄,1527,1350,2877
20210324,경부선,당정,6282,5985,12267
20210324,경부선,천안,4692,4760,9452
20210324,경부선,두정,5474,5401,10875
20210324,경부선,직산,678,719,1397
20210324,경부선,성환,3884,3899,7783
20210324,경부선,평택,10911,10805,21716
20210324,경부선,지제,2677,2639,5316
20210324,경부선,서정리,6445,6261,12706
20210324,경부선,송탄,3890,3676,7566
20210324,경부선,진위,1609,1401,3010
20210324,경부선,오산,9397,9317,18714
20210324,경부선,오산대,3592,3242,6834
20210324,경부선,세마,2669,2456,5125
20210324,경부선,병점,13258,13279,26537
20210324,경부선,세류,2937,2732,5669
20210324,경부선,독산,16911,18121,35032
20210324,경부선,수원,32429,34012,66441
20210324,경부선,화서,7622,7350,14972
20210324,경부선,성균관대,15153,14896,30049
20210324,경부선,의왕,9103,9059,18162
20210324,경부선,군포,7859,7748,15607
20210324,경부선,금정,26987,27419,54406
20210324,경부선,명학,9188,9150,18338
20210324,경부선,안양,24752,24748,49500
20210324,경부선,관악,7417,6887,14304
20210324,경부선,석수,10097,8987,19084
20210324,경부선,금천구청,12366,12145,24511
20210324,경부선,가산디지털단지,18545,21369,39914
20210324,경부선,구로,19170,19701,38871
20210324,경부선,신길,9788,8252,18040
20210324,경부선,신도림,4258,4274,8532
20210324,경부선,영등포,35965,37080,73045
20210324,경부선,대방,13484,13868,27352
20210324,경부선,노량진,8493,8651,17144
20210324,경부선,용산,29035,29473,58508
20210324,경부선,남영,9752,10210,19962
20210324,경부선,서울,4265,1498,5763
20210325,경부선,광명,2966,2679,5645
20210325,경부선,서동탄,1540,1358,2898
20210325,경부선,당정,6512,6197,12709
20210325,경부선,천안,4684,4765,9449
20210325,경부선,두정,5751,5644,11395
20210325,경부선,직산,686,694,1380
20210325,경부선,성환,4229,4060,8289
20210325,경부선,평택,11115,11128,22243
20210325,경부선,지제,2744,2610,5354
20210325,경부선,서정리,6743,6176,12919
20210325,경부선,송탄,3992,3652,7644
20210325,경부선,진위,1583,1444,3027
20210325,경부선,오산,9440,9360,18800
20210325,경부선,오산대,3540,3217,6757
20210325,경부선,세마,2642,2487,5129
20210325,경부선,병점,13497,13588,27085
20210325,경부선,세류,2934,2714,5648
20210325,경부선,독산,16894,17975,34869
20210325,경부선,수원,33538,35303,68841
20210325,경부선,화서,7535,7405,14940
20210325,경부선,성균관대,15413,15189,30602
20210325,경부선,의왕,9131,9066,18197
20210325,경부선,군포,7845,7796,15641
20210325,경부선,금정,26979,27648,54627
20210325,경부선,명학,9132,9114,18246
20210325,경부선,안양,24584,24519,49103
20210325,경부선,관악,7342,6832,14174
20210325,경부선,석수,10197,9012,19209
20210325,경부선,금천구청,12126,11961,24087
20210325,경부선,가산디지털단지,18624,21629,40253
20210325,경부선,구로,19155,19549,38704
20210325,경부선,신길,9888,8369,18257
20210325,경부선,신도림,4258,3943,8201
20210325,경부선,영등포,36857,38025,74882
20210325,경부선,대방,13419,13839,27258
20210325,경부선,노량진,8740,8721,17461
20210325,경부선,용산,30629,31185,61814
20210325,경부선,남영,9951,10377,20328
20210325,경부선,서울,4632,1471,6103
20210326,경부선,광명,3486,3285,6771
20210326,경부선,서동탄,1600,1514,3114
20210326,경부선,당정,6505,6149,12654
20210326,경부선,천안,5922,6020,11942
20210326,경부선,두정,6770,6308,13078
20210326,경부선,직산,802,788,1590
20210326,경부선,성환,4076,3649,7725
20210326,경부선,평택,13122,12514,25636
20210326,경부선,지제,3370,3215,6585
20210326,경부선,서정리,7045,6098,13143
20210326,경부선,송탄,4597,4142,8739
20210326,경부선,진위,1819,1505,3324
20210326,경부선,오산,10383,9963,20346
20210326,경부선,오산대,3558,3285,6843
20210326,경부선,세마,2846,2613,5459
20210326,경부선,병점,14809,14672,29481
20210326,경부선,세류,3190,2982,6172
20210326,경부선,독산,16987,17845,34832
20210326,경부선,수원,37617,40535,78152
20210326,경부선,화서,7758,7575,15333
20210326,경부선,성균관대,16262,15623,31885
20210326,경부선,의왕,9241,9138,18379
20210326,경부선,군포,7764,7648,15412
20210326,경부선,금정,27587,27837,55424
20210326,경부선,명학,9163,9057,18220
20210326,경부선,안양,25202,25441,50643
20210326,경부선,관악,7551,6905,14456
20210326,경부선,석수,10442,9272,19714
20210326,경부선,금천구청,12521,12490,25011
20210326,경부선,가산디지털단지,18847,21642,40489
20210326,경부선,구로,19392,20244,39636
20210326,경부선,신길,9919,8220,18139
20210326,경부선,신도림,4460,3972,8432
20210326,경부선,영등포,40741,42770,83511
20210326,경부선,대방,13842,13820,27662
20210326,경부선,노량진,9268,9368,18636
20210326,경부선,용산,35383,36821,72204
20210326,경부선,남영,10070,10507,20577
20210326,경부선,서울,6704,2200,8904
20210329,경부선,광명,3250,2674,5924
20210329,경부선,서동탄,1532,1285,2817
20210329,경부선,당정,6073,5840,11913
20210329,경부선,천안,4757,4913,9670
20210329,경부선,두정,5115,5635,10750
20210329,경부선,직산,687,742,1429
20210329,경부선,성환,4066,4168,8234
20210329,경부선,평택,11325,11330,22655
20210329,경부선,지제,2899,2703,5602
20210329,경부선,서정리,6484,6511,12995
20210329,경부선,송탄,3996,3789,7785
20210329,경부선,진위,1555,1428,2983
20210329,경부선,오산,9490,9516,19006
20210329,경부선,오산대,3425,3040,6465
20210329,경부선,세마,2591,2428,5019
20210329,경부선,병점,13171,13206,26377
20210329,경부선,세류,3038,2769,5807
20210329,경부선,독산,16809,18005,34814
20210329,경부선,수원,32036,33967,66003
20210329,경부선,화서,7382,7211,14593
20210329,경부선,성균관대,14393,14661,29054
20210329,경부선,의왕,8810,8754,17564
20210329,경부선,군포,7778,7767,15545
20210329,경부선,금정,26016,26618,52634
20210329,경부선,명학,9085,9123,18208
20210329,경부선,안양,24613,24339,48952
20210329,경부선,관악,7150,6631,13781
20210329,경부선,석수,9872,8843,18715
20210329,경부선,금천구청,11827,11632,23459
20210329,경부선,가산디지털단지,18420,21509,39929
20210329,경부선,구로,18894,19166,38060
20210329,경부선,신길,9632,8232,17864
20210329,경부선,신도림,4079,3831,7910
20210329,경부선,영등포,35021,35985,71006
20210329,경부선,대방,13167,13431,26598
20210329,경부선,노량진,8097,8289,16386
20210329,경부선,용산,29056,29409,58465
20210329,경부선,남영,9565,10269,19834
20210329,경부선,서울,5033,1550,6583
20210330,경부선,서울,4201,1411,5612
20210330,경부선,남영,9891,10309,20200
20210330,경부선,용산,28962,29479,58441
20210330,경부선,노량진,8391,8644,17035
20210330,경부선,대방,13489,13990,27479
20210330,경부선,영등포,36113,36872,72985
20210330,경부선,신도림,4181,3864,8045
20210330,경부선,신길,9937,8338,18275
20210330,경부선,구로,18954,19419,38373
20210330,경부선,가산디지털단지,18596,21709,40305
20210330,경부선,금천구청,12187,12016,24203
20210330,경부선,석수,10168,8990,19158
20210330,경부선,관악,7376,6838,14214
20210330,경부선,안양,24589,24324,48913
20210330,경부선,명학,9158,9158,18316
20210330,경부선,금정,26767,27365,54132
20210330,경부선,군포,7857,7732,15589
20210330,경부선,의왕,9082,8910,17992
20210330,경부선,성균관대,14752,14702,29454
20210330,경부선,화서,7695,7358,15053
20210330,경부선,수원,32713,34318,67031
20210330,경부선,독산,16867,18123,34990
20210330,경부선,세류,3044,2885,5929
20210330,경부선,병점,13563,13622,27185
20210330,경부선,세마,2668,2538,5206
20210330,경부선,오산대,3675,3445,7120
20210330,경부선,오산,9388,9292,18680
20210330,경부선,진위,1578,1364,2942
20210330,경부선,송탄,3981,3767,7748
20210330,경부선,서정리,6627,6201,12828
20210330,경부선,지제,2887,2668,5555
20210330,경부선,평택,11023,11261,22284
20210330,경부선,성환,3811,3922,7733
20210330,경부선,직산,722,710,1432
20210330,경부선,두정,5314,5558,10872
20210330,경부선,천안,4581,4603,9184
20210330,경부선,당정,6333,6083,12416
20210330,경부선,서동탄,1515,1337,2852
20210330,경부선,광명,2887,2586,5473
20210331,경부선,서울,4244,1349,5593
20210331,경부선,남영,9874,10341,20215
20210331,경부선,용산,29145,29460,58605
20210331,경부선,노량진,8617,8856,17473
20210331,경부선,대방,13657,14013,27670
20210331,경부선,영등포,35908,37155,73063
20210331,경부선,신도림,4362,4030,8392
20210331,경부선,신길,10063,8602,18665
20210331,경부선,구로,19218,19666,38884
20210331,경부선,가산디지털단지,18598,21417,40015
20210331,경부선,금천구청,12354,12341,24695
20210331,경부선,석수,10180,9087,19267
20210331,경부선,관악,7669,7114,14783
20210331,경부선,안양,25088,25053,50141
20210331,경부선,명학,9287,9148,18435
20210331,경부선,금정,26915,27353,54268
20210331,경부선,군포,7845,7733,15578
20210331,경부선,의왕,9202,9093,18295
20210331,경부선,성균관대,15146,14978,30124
20210331,경부선,화서,7712,7437,15149
20210331,경부선,수원,32640,34648,67288
20210331,경부선,독산,17166,18224,35390
20210331,경부선,세류,3002,2787,5789
20210331,경부선,병점,13885,13721,27606
20210331,경부선,세마,2667,2429,5096
20210331,경부선,오산대,3768,3447,7215
20210331,경부선,오산,9590,9459,19049
20210331,경부선,진위,1610,1402,3012
20210331,경부선,송탄,3981,3744,7725
20210331,경부선,서정리,6524,6212,12736
20210331,경부선,지제,2725,2640,5365
20210331,경부선,평택,11187,11034,22221
20210331,경부선,성환,4283,4228,8511
20210331,경부선,직산,713,710,1423
20210331,경부선,두정,5402,5429,10831
20210331,경부선,천안,4758,4834,9592
20210331,경부선,당정,6512,6214,12726
20210331,경부선,서동탄,1610,1323,2933
20210331,경부선,광명,2969,2493,5462
20210401,경부선,광명,3015,2618,5633
20210401,경부선,서동탄,1519,1347,2866
20210401,경부선,당정,6507,6285,12792
20210401,경부선,천안,4942,4945,9887
20210401,경부선,두정,5779,5801,11580
20210401,경부선,직산,707,692,1399
20210401,경부선,성환,4447,4312,8759
20210401,경부선,평택,11528,11161,22689
20210401,경부선,지제,2747,2648,5395
20210401,경부선,서정리,6626,6229,12855
20210401,경부선,송탄,4153,3791,7944
20210401,경부선,진위,1584,1406,2990
20210401,경부선,오산,9545,9306,18851
20210401,경부선,오산대,3740,3397,7137
20210401,경부선,세마,2632,2456,5088
20210401,경부선,병점,13795,13892,27687
20210401,경부선,세류,2888,2747,5635
20210401,경부선,독산,16888,18030,34918
20210401,경부선,수원,33456,35054,68510
20210401,경부선,화서,7726,7565,15291
20210401,경부선,성균관대,15190,14940,30130
20210401,경부선,의왕,9068,9093,18161
20210401,경부선,군포,7845,7677,15522
20210401,경부선,금정,26962,27495,54457
20210401,경부선,명학,9163,9075,18238
20210401,경부선,안양,24968,24817,49785
20210401,경부선,관악,7516,6920,14436
20210401,경부선,석수,10246,9189,19435
20210401,경부선,금천구청,12401,12449,24850
20210401,경부선,가산디지털단지,18464,21614,40078
20210401,경부선,구로,18889,19371,38260
20210401,경부선,신길,9911,8243,18154
20210401,경부선,신도림,4306,4127,8433
20210401,경부선,영등포,35976,36983,72959
20210401,경부선,대방,13640,13856,27496
20210401,경부선,노량진,8463,8597,17060
20210401,경부선,용산,29837,30294,60131
20210401,경부선,남영,9780,10324,20104
20210401,경부선,서울,4498,1525,6023
20210402,경부선,광명,3465,3285,6750
20210402,경부선,서동탄,1622,1549,3171
20210402,경부선,당정,6491,6147,12638
20210402,경부선,천안,5937,5886,11823
20210402,경부선,두정,6720,6430,13150
20210402,경부선,직산,785,770,1555
20210402,경부선,성환,4101,3566,7667
20210402,경부선,평택,13427,12538,25965
20210402,경부선,지제,3395,3291,6686
20210402,경부선,서정리,7367,6302,13669
20210402,경부선,송탄,4604,4160,8764
20210402,경부선,진위,1868,1563,3431
20210402,경부선,오산,10338,10066,20404
20210402,경부선,오산대,3824,3488,7312
20210402,경부선,세마,2829,2649,5478
20210402,경부선,병점,15382,15064,30446
20210402,경부선,세류,3210,2907,6117
20210402,경부선,독산,17262,18130,35392
20210402,경부선,수원,37592,40883,78475
20210402,경부선,화서,7787,7788,15575
20210402,경부선,성균관대,15931,15586,31517
20210402,경부선,의왕,9299,9198,18497
20210402,경부선,군포,7924,7840,15764
20210402,경부선,금정,27783,28245,56028
20210402,경부선,명학,9184,9105,18289
20210402,경부선,안양,25191,25423,50614
20210402,경부선,관악,7709,7145,14854
20210402,경부선,석수,10421,9253,19674
20210402,경부선,금천구청,12604,12603,25207
20210402,경부선,가산디지털단지,18789,21678,40467
20210402,경부선,구로,19224,19974,39198
20210402,경부선,신길,9959,8582,18541
20210402,경부선,신도림,4350,4424,8774
20210402,경부선,영등포,40231,42576,82807
20210402,경부선,대방,13875,13774,27649
20210402,경부선,노량진,9392,9345,18737
20210402,경부선,용산,35005,35994,70999
20210402,경부선,남영,10055,10485,20540
20210402,경부선,서울,6268,2128,8396
20210405,경부선,광명,3186,2682,5868
20210405,경부선,서동탄,1540,1380,2920
20210405,경부선,당정,6257,5927,12184
20210405,경부선,천안,4903,4931,9834
20210405,경부선,두정,5176,5638,10814
20210405,경부선,직산,732,709,1441
20210405,경부선,성환,4154,4308,8462
20210405,경부선,평택,11589,11742,23331
20210405,경부선,지제,2871,2718,5589
20210405,경부선,서정리,6532,6410,12942
20210405,경부선,송탄,4073,3940,8013
20210405,경부선,진위,1657,1436,3093
20210405,경부선,오산,9660,9844,19504
20210405,경부선,오산대,3581,3311,6892
20210405,경부선,세마,2674,2423,5097
20210405,경부선,병점,13639,13585,27224
20210405,경부선,세류,3074,2846,5920
20210405,경부선,독산,17030,18098,35128
20210405,경부선,수원,33253,34502,67755
20210405,경부선,화서,7631,7316,14947
20210405,경부선,성균관대,14659,14793,29452
20210405,경부선,의왕,9061,9141,18202
20210405,경부선,군포,7698,7699,15397
20210405,경부선,금정,26466,27323,53789
20210405,경부선,명학,9272,9285,18557
20210405,경부선,안양,24738,24765,49503
20210405,경부선,관악,7351,6799,14150
20210405,경부선,석수,10115,8989,19104
20210405,경부선,금천구청,12358,12190,24548
20210405,경부선,가산디지털단지,18459,21632,40091
20210405,경부선,구로,19309,19510,38819
20210405,경부선,신길,9824,8406,18230
20210405,경부선,신도림,4255,4154,8409
20210405,경부선,영등포,35659,36616,72275
20210405,경부선,대방,13423,13752,27175
20210405,경부선,노량진,8227,8434,16661
20210405,경부선,용산,29504,30140,59644
20210405,경부선,남영,9660,10440,20100
20210405,경부선,서울,4938,1484,6422
20210406,경부선,광명,2938,2633,5571
20210406,경부선,서동탄,1635,1417,3052
20210406,경부선,당정,6473,6294,12767
20210406,경부선,천안,4742,4804,9546
20210406,경부선,두정,5561,5704,11265
20210406,경부선,직산,736,730,1466
20210406,경부선,성환,4135,4171,8306
20210406,경부선,평택,11339,11091,22430
20210406,경부선,지제,2710,2592,5302
20210406,경부선,서정리,6491,6158,12649
20210406,경부선,송탄,4118,3785,7903
20210406,경부선,진위,1643,1471,3114
20210406,경부선,오산,9548,9407,18955
20210406,경부선,오산대,3851,3577,7428
20210406,경부선,세마,2712,2477,5189
20210406,경부선,병점,13731,13823,27554
20210406,경부선,세류,3014,2886,5900
20210406,경부선,독산,17193,18290,35483
20210406,경부선,수원,32742,34567,67309
20210406,경부선,화서,7675,7408,15083
20210406,경부선,성균관대,14938,14773,29711
20210406,경부선,의왕,9280,9261,18541
20210406,경부선,군포,7871,7876,15747
20210406,경부선,금정,27016,27328,54344
20210406,경부선,명학,9456,9318,18774
20210406,경부선,안양,24388,24467,48855
20210406,경부선,관악,7483,6984,14467
20210406,경부선,석수,10180,9002,19182
20210406,경부선,금천구청,12185,12199,24384
20210406,경부선,가산디지털단지,18640,21890,40530
20210406,경부선,구로,19107,19479,38586
20210406,경부선,신길,9830,8265,18095
20210406,경부선,신도림,4292,4327,8619
20210406,경부선,영등포,35485,36392,71877
20210406,경부선,대방,13511,13824,27335
20210406,경부선,노량진,8288,8579,16867
20210406,경부선,용산,28819,29092,57911
20210406,경부선,남영,9940,10281,20221
20210406,경부선,서울,4304,1407,5711
20210407,경부선,광명,2910,2520,5430
20210407,경부선,서동탄,1585,1358,2943
20210407,경부선,당정,6516,6266,12782
20210407,경부선,천안,4682,4804,9486
20210407,경부선,두정,5441,5438,10879
20210407,경부선,직산,739,742,1481
20210407,경부선,성환,4108,4082,8190
20210407,경부선,평택,11004,11131,22135
20210407,경부선,지제,2728,2577,5305
20210407,경부선,서정리,6673,6351,13024
20210407,경부선,송탄,4036,3779,7815
20210407,경부선,진위,1652,1424,3076
20210407,경부선,오산,9616,9446,19062
20210407,경부선,오산대,3806,3542,7348
20210407,경부선,세마,2625,2425,5050
20210407,경부선,병점,13650,13848,27498
20210407,경부선,세류,2997,2783,5780
20210407,경부선,독산,17123,18230,35353
20210407,경부선,수원,33051,34648,67699
20210407,경부선,화서,7756,7498,15254
20210407,경부선,성균관대,14919,14739,29658
20210407,경부선,의왕,9198,9181,18379
20210407,경부선,군포,7905,7846,15751
20210407,경부선,금정,27002,27304,54306
20210407,경부선,명학,9385,9336,18721
20210407,경부선,안양,24651,24693,49344
20210407,경부선,관악,7459,6960,14419
20210407,경부선,석수,10066,9009,19075
20210407,경부선,금천구청,12073,12135,24208
20210407,경부선,가산디지털단지,18605,21706,40311
20210407,경부선,구로,19122,19819,38941
20210407,경부선,신길,9797,8231,18028
20210407,경부선,신도림,4408,4368,8776
20210407,경부선,영등포,35599,36700,72299
20210407,경부선,대방,13398,13622,27020
20210407,경부선,노량진,8571,8714,17285
20210407,경부선,용산,28676,29188,57864
20210407,경부선,남영,9423,9955,19378
20210407,경부선,서울,4112,1392,5504
20210408,경부선,오산대,3642,3422,7064
20210408,경부선,세마,2662,2538,5200
20210408,경부선,병점,13880,13971,27851
20210408,경부선,세류,2977,2769,5746
20210408,경부선,독산,17030,18077,35107
20210408,경부선,수원,33233,34932,68165
20210408,경부선,화서,7594,7374,14968
20210408,경부선,성균관대,14963,14600,29563
20210408,경부선,의왕,9219,9163,18382
20210408,경부선,군포,7821,7809,15630
20210408,경부선,금정,26832,27491,54323
20210408,경부선,명학,9222,9262,18484
20210408,경부선,안양,24720,24801,49521
20210408,경부선,관악,7529,7031,14560
20210408,경부선,석수,10232,9145,19377
20210408,경부선,금천구청,12151,12179,24330
20210408,경부선,가산디지털단지,19027,21895,40922
20210408,경부선,구로,19081,19487,38568
20210408,경부선,신길,9769,8316,18085
20210408,경부선,신도림,4298,4320,8618
20210408,경부선,영등포,35861,37028,72889
20210408,경부선,대방,13340,13745,27085
20210408,경부선,노량진,8684,8771,17455
20210408,경부선,용산,29597,30149,59746
20210408,경부선,남영,9820,10295,20115
20210408,경부선,서울,4451,1540,5991
20210408,경부선,광명,3109,2775,5884
20210408,경부선,서동탄,1544,1348,2892
20210408,경부선,당정,6454,6227,12681
20210408,경부선,천안,4604,4681,9285
20210408,경부선,두정,5649,5577,11226
20210408,경부선,직산,719,721,1440
20210408,경부선,성환,4268,4180,8448
20210408,경부선,평택,11182,10943,22125
20210408,경부선,지제,2739,2633,5372
20210408,경부선,서정리,6684,6111,12795
20210408,경부선,송탄,3994,3754,7748
20210408,경부선,진위,1535,1409,2944
20210408,경부선,오산,9857,9845,19702
20210409,경부선,서울,6268,2198,8466
20210409,경부선,남영,9836,10172,20008
20210409,경부선,용산,34585,35984,70569
20210409,경부선,노량진,9250,9225,18475
20210409,경부선,대방,13150,13412,26562
20210409,경부선,영등포,39582,41810,81392
20210409,경부선,신도림,4425,4405,8830
20210409,경부선,신길,9816,8282,18098
20210409,경부선,구로,19625,20102,39727
20210409,경부선,가산디지털단지,18808,21348,40156
20210409,경부선,금천구청,12382,12341,24723
20210409,경부선,석수,10304,9017,19321
20210409,경부선,관악,7582,6980,14562
20210409,경부선,안양,24672,25054,49726
20210409,경부선,명학,9197,8915,18112
20210409,경부선,금정,27344,27727,55071
20210409,경부선,군포,7983,7840,15823
20210409,경부선,의왕,9361,9207,18568
20210409,경부선,성균관대,14765,14466,29231
20210409,경부선,화서,7739,7543,15282
20210409,경부선,수원,36884,40204,77088
20210409,경부선,독산,16997,17823,34820
20210409,경부선,세류,3266,3098,6364
20210409,경부선,병점,15100,14797,29897
20210409,경부선,세마,2869,2593,5462
20210409,경부선,오산대,3774,3502,7276
20210409,경부선,오산,10025,9829,19854
20210409,경부선,진위,1841,1502,3343
20210409,경부선,송탄,4706,4280,8986
20210409,경부선,서정리,7013,5969,12982
20210409,경부선,지제,3391,3248,6639
20210409,경부선,평택,13143,12511,25654
20210409,경부선,성환,4158,3733,7891
20210409,경부선,직산,874,774,1648
20210409,경부선,두정,6352,6372,12724
20210409,경부선,천안,5790,5793,11583
20210409,경부선,당정,6404,6215,12619
20210409,경부선,서동탄,1618,1426,3044
20210409,경부선,광명,3442,3389,6831
20210412,경부선,신길,8983,8005,16988
20210412,경부선,신도림,3668,3827,7495
20210412,경부선,영등포,33774,34469,68243
20210412,경부선,대방,12458,13022,25480
20210412,경부선,노량진,7439,7811,15250
20210412,경부선,용산,28343,28554,56897
20210412,경부선,남영,9420,9682,19102
20210412,경부선,서울,4995,1562,6557
20210412,경부선,수원,30373,31847,62220
20210412,경부선,독산,16828,17762,34590
20210412,경부선,세류,2867,2668,5535
20210412,경부선,병점,12722,12914,25636
20210412,경부선,세마,2488,2315,4803
20210412,경부선,오산대,3266,3042,6308
20210412,경부선,오산,9184,9166,18350
20210412,경부선,진위,1472,1308,2780
20210412,경부선,송탄,3934,3678,7612
20210412,경부선,서정리,6204,6191,12395
20210412,경부선,지제,2806,2598,5404
20210412,경부선,평택,10657,10535,21192
20210412,경부선,성환,3689,3872,7561
20210412,경부선,직산,667,677,1344
20210412,경부선,두정,4734,5081,9815
20210412,경부선,천안,4353,4446,8799
20210412,경부선,당정,5947,5795,11742
20210412,경부선,서동탄,1445,1209,2654
20210412,경부선,광명,3140,2646,5786
20210412,경부선,화서,7132,6794,13926
20210412,경부선,성균관대,13829,13808,27637
20210412,경부선,의왕,8369,8416,16785
20210412,경부선,군포,7431,7595,15026
20210412,경부선,금정,25069,25957,51026
20210412,경부선,명학,8946,8956,17902
20210412,경부선,안양,23606,23434,47040
20210412,경부선,관악,6995,6605,13600
20210412,경부선,석수,9557,8444,18001
20210412,경부선,금천구청,11394,11185,22579
20210412,경부선,가산디지털단지,17833,21064,38897
20210412,경부선,구로,18690,18819,37509
20210413,경부선,서울,4033,1402,5435
20210413,경부선,남영,9760,10106,19866
20210413,경부선,용산,28395,28965,57360
20210413,경부선,노량진,8037,8339,16376
20210413,경부선,대방,12899,13544,26443
20210413,경부선,영등포,34596,35514,70110
20210413,경부선,신도림,4089,3986,8075
20210413,경부선,신길,9412,8145,17557
20210413,경부선,구로,18757,19258,38015
20210413,경부선,가산디지털단지,18469,21680,40149
20210413,경부선,금천구청,11935,11798,23733
20210413,경부선,석수,10001,8984,18985
20210413,경부선,관악,7181,6765,13946
20210413,경부선,안양,24873,24890,49763
20210413,경부선,명학,9315,9231,18546
20210413,경부선,금정,26193,26775,52968
20210413,경부선,군포,7910,7705,15615
20210413,경부선,의왕,8824,8859,17683
20210413,경부선,성균관대,14442,14247,28689
20210413,경부선,화서,7496,7267,14763
20210413,경부선,수원,31201,33119,64320
20210413,경부선,독산,16934,18268,35202
20210413,경부선,세류,2961,2770,5731
20210413,경부선,병점,13396,13406,26802
20210413,경부선,세마,2543,2436,4979
20210413,경부선,오산대,3743,3389,7132
20210413,경부선,오산,9597,9544,19141
20210413,경부선,진위,1561,1377,2938
20210413,경부선,송탄,3861,3621,7482
20210413,경부선,서정리,6470,6162,12632
20210413,경부선,지제,2755,2628,5383
20210413,경부선,평택,10758,10735,21493
20210413,경부선,성환,3818,3855,7673
20210413,경부선,직산,709,691,1400
20210413,경부선,두정,4983,5104,10087
20210413,경부선,천안,4522,4701,9223
20210413,경부선,당정,6225,6061,12286
20210413,경부선,서동탄,1465,1233,2698
20210413,경부선,광명,2910,2558,5468
20210414,경부선,광명,2992,2623,5615
20210414,경부선,서동탄,1543,1284,2827
20210414,경부선,당정,6352,6043,12395
20210414,경부선,천안,4645,4683,9328
20210414,경부선,두정,4900,4974,9874
20210414,경부선,직산,732,749,1481
20210414,경부선,성환,2985,3089,6074
20210414,경부선,평택,11132,11088,22220
20210414,경부선,지제,2741,2602,5343
20210414,경부선,서정리,6447,6017,12464
20210414,경부선,송탄,3924,3711,7635
20210414,경부선,진위,1556,1409,2965
20210414,경부선,오산,9622,9407,19029
20210414,경부선,오산대,3706,3444,7150
20210414,경부선,세마,2609,2456,5065
20210414,경부선,병점,13520,13645,27165
20210414,경부선,세류,2952,2809,5761
20210414,경부선,독산,17019,18106,35125
20210414,경부선,수원,31685,33444,65129
20210414,경부선,화서,7489,7277,14766
20210414,경부선,성균관대,14749,14415,29164
20210414,경부선,의왕,9007,8990,17997
20210414,경부선,군포,7807,7752,15559
20210414,경부선,금정,26575,26951,53526
20210414,경부선,명학,9400,9300,18700
20210414,경부선,안양,25353,25458,50811
20210414,경부선,관악,7409,6915,14324
20210414,경부선,석수,10114,8987,19101
20210414,경부선,금천구청,12064,12025,24089
20210414,경부선,가산디지털단지,18515,21643,40158
20210414,경부선,구로,19501,19609,39110
20210414,경부선,신길,9662,8320,17982
20210414,경부선,신도림,4196,4221,8417
20210414,경부선,영등포,34827,35682,70509
20210414,경부선,대방,13146,13706,26852
20210414,경부선,노량진,8264,8406,16670
20210414,경부선,용산,28345,26355,54700
20210414,경부선,남영,9750,10031,19781
20210414,경부선,서울,4115,1370,5485
20210415,경부선,광명,3007,2661,5668
20210415,경부선,서동탄,1602,1368,2970
20210415,경부선,당정,6282,5965,12247
20210415,경부선,천안,4659,4747,9406
20210415,경부선,두정,5269,5220,10489
20210415,경부선,직산,751,788,1539
20210415,경부선,성환,4160,4008,8168
20210415,경부선,평택,10910,10830,21740
20210415,경부선,지제,2723,2645,5368
20210415,경부선,서정리,6551,6033,12584
20210415,경부선,송탄,4055,3794,7849
20210415,경부선,진위,1587,1428,3015
20210415,경부선,오산,9332,9169,18501
20210415,경부선,오산대,3612,3320,6932
20210415,경부선,세마,2708,2558,5266
20210415,경부선,병점,13692,13684,27376
20210415,경부선,세류,2949,2809,5758
20210415,경부선,독산,16896,17847,34743
20210415,경부선,수원,32651,34522,67173
20210415,경부선,화서,7504,7264,14768
20210415,경부선,성균관대,15044,14789,29833
20210415,경부선,의왕,9161,9029,18190
20210415,경부선,군포,7818,7716,15534
20210415,경부선,금정,26575,27336,53911
20210415,경부선,명학,9240,9263,18503
20210415,경부선,안양,25249,25117,50366
20210415,경부선,관악,7401,6954,14355
20210415,경부선,석수,10133,9079,19212
20210415,경부선,금천구청,12052,12081,24133
20210415,경부선,가산디지털단지,18531,21714,40245
20210415,경부선,구로,19167,19487,38654
20210415,경부선,신길,9724,8124,17848
20210415,경부선,신도림,4299,4335,8634
20210415,경부선,영등포,35708,36498,72206
20210415,경부선,대방,13127,13545,26672
20210415,경부선,노량진,8644,8710,17354
20210415,경부선,용산,29205,29637,58842
20210415,경부선,남영,9789,10161,19950
20210415,경부선,서울,4506,1504,6010
20210416,경부선,서울,5791,2085,7876
20210416,경부선,남영,9367,9709,19076
20210416,경부선,용산,33652,35103,68755
20210416,경부선,노량진,8711,8525,17236
20210416,경부선,대방,12781,12952,25733
20210416,경부선,영등포,37732,39890,77622
20210416,경부선,신도림,3991,4030,8021
20210416,경부선,신길,9462,8020,17482
20210416,경부선,구로,18854,19374,38228
20210416,경부선,가산디지털단지,18385,20916,39301
20210416,경부선,금천구청,11678,11887,23565
20210416,경부선,석수,9760,8556,18316
20210416,경부선,관악,7141,6636,13777
20210416,경부선,안양,24053,24396,48449
20210416,경부선,명학,9094,8902,17996
20210416,경부선,금정,25984,26403,52387
20210416,경부선,군포,7783,7476,15259
20210416,경부선,의왕,8661,8614,17275
20210416,경부선,성균관대,14398,14036,28434
20210416,경부선,화서,7235,7069,14304
20210416,경부선,수원,34821,38150,72971
20210416,경부선,독산,16663,17371,34034
20210416,경부선,세류,3073,2815,5888
20210416,경부선,병점,14382,14075,28457
20210416,경부선,세마,2726,2406,5132
20210416,경부선,오산대,3407,3240,6647
20210416,경부선,오산,9950,9627,19577
20210416,경부선,진위,1720,1376,3096
20210416,경부선,송탄,4550,3835,8385
20210416,경부선,서정리,7005,5790,12795
20210416,경부선,지제,3354,3044,6398
20210416,경부선,평택,12552,11828,24380
20210416,경부선,성환,3924,3502,7426
20210416,경부선,직산,780,753,1533
20210416,경부선,두정,5837,5736,11573
20210416,경부선,천안,5248,5375,10623
20210416,경부선,당정,6197,5865,12062
20210416,경부선,서동탄,1533,1367,2900
20210416,경부선,광명,3188,3112,6300
20210419,경부선,서울,4915,1502,6417
20210419,경부선,남영,9212,9669,18881
20210419,경부선,의왕,8928,8893,17821
20210419,경부선,군포,7739,7785,15524
20210419,경부선,금정,25720,26437,52157
20210419,경부선,명학,9216,9294,18510
20210419,경부선,안양,25211,25296,50507
20210419,경부선,관악,7322,6771,14093
20210419,경부선,석수,9966,8943,18909
20210419,경부선,금천구청,11978,11924,23902
20210419,경부선,가산디지털단지,18792,21831,40623
20210419,경부선,구로,19214,19430,38644
20210419,경부선,신길,9520,8117,17637
20210419,경부선,신도림,4208,4202,8410
20210419,경부선,영등포,32345,32971,65316
20210419,경부선,대방,12873,13297,26170
20210419,경부선,노량진,8171,8477,16648
20210419,경부선,용산,28863,29245,58108
20210419,경부선,광명,3146,2668,5814
20210419,경부선,서동탄,1539,1274,2813
20210419,경부선,당정,6118,5909,12027
20210419,경부선,천안,4568,4696,9264
20210419,경부선,두정,4758,5011,9769
20210419,경부선,직산,770,784,1554
20210419,경부선,성환,3015,3168,6183
20210419,경부선,평택,10949,10833,21782
20210419,경부선,지제,2775,2651,5426
20210419,경부선,서정리,6496,6425,12921
20210419,경부선,송탄,3946,3689,7635
20210419,경부선,진위,1575,1419,2994
20210419,경부선,오산,9352,9515,18867
20210419,경부선,오산대,3439,3244,6683
20210419,경부선,세마,2626,2395,5021
20210419,경부선,병점,13223,13370,26593
20210419,경부선,세류,3023,2773,5796
20210419,경부선,독산,16908,17865,34773
20210419,경부선,수원,31405,32279,63684
20210419,경부선,화서,7543,7286,14829
20210419,경부선,성균관대,14272,14501,28773
20210420,경부선,광명,2924,2569,5493
20210420,경부선,서동탄,1590,1335,2925
20210420,경부선,당정,6424,6113,12537
20210420,경부선,천안,4603,4664,9267
20210420,경부선,두정,4923,5020,9943
20210420,경부선,직산,728,757,1485
20210420,경부선,성환,2976,3109,6085
20210420,경부선,평택,11067,10905,21972
20210420,경부선,지제,2746,2690,5436
20210420,경부선,서정리,6588,6289,12877
20210420,경부선,송탄,4048,3812,7860
20210420,경부선,진위,1617,1446,3063
20210420,경부선,오산,9470,9398,18868
20210420,경부선,오산대,4007,3730,7737
20210420,경부선,세마,2623,2420,5043
20210420,경부선,병점,13787,14098,27885
20210420,경부선,세류,2949,2749,5698
20210420,경부선,독산,17045,17993,35038
20210420,경부선,수원,32162,33760,65922
20210420,경부선,화서,7713,7347,15060
20210420,경부선,성균관대,15221,15043,30264
20210420,경부선,의왕,9436,9452,18888
20210420,경부선,군포,7774,7857,15631
20210420,경부선,금정,26628,26936,53564
20210420,경부선,명학,9465,9428,18893
20210420,경부선,안양,25531,25588,51119
20210420,경부선,관악,7504,6960,14464
20210420,경부선,석수,10316,9199,19515
20210420,경부선,금천구청,12205,12049,24254
20210420,경부선,가산디지털단지,18884,22076,40960
20210420,경부선,구로,19043,19366,38409
20210420,경부선,신길,9715,8263,17978
20210420,경부선,신도림,4416,4324,8740
20210420,경부선,영등포,35450,36077,71527
20210420,경부선,대방,13172,13516,26688
20210420,경부선,노량진,8280,8548,16828
20210420,경부선,용산,28841,29236,58077
20210420,경부선,남영,9811,10165,19976
20210420,경부선,서울,4277,1466,5743
20210421,경부선,광명,2998,2586,5584
20210421,경부선,서동탄,1546,1323,2869
20210421,경부선,당정,6515,6192,12707
20210421,경부선,천안,4532,4603,9135
20210421,경부선,두정,5064,5021,10085
20210421,경부선,직산,761,802,1563
20210421,경부선,성환,3127,3210,6337
20210421,경부선,평택,11303,11057,22360
20210421,경부선,지제,2807,2740,5547
20210421,경부선,서정리,6734,6304,13038
20210421,경부선,송탄,3931,3750,7681
20210421,경부선,진위,1616,1382,2998
20210421,경부선,오산,9485,9473,18958
20210421,경부선,오산대,3931,3681,7612
20210421,경부선,세마,2604,2527,5131
20210421,경부선,병점,14059,14389,28448
20210421,경부선,세류,2915,2800,5715
20210421,경부선,독산,17161,18191,35352
20210421,경부선,수원,33573,34882,68455
20210421,경부선,화서,7570,7449,15019
20210421,경부선,성균관대,15601,15278,30879
20210421,경부선,의왕,9440,9470,18910
20210421,경부선,군포,7794,7768,15562
20210421,경부선,금정,26646,26912,53558
20210421,경부선,명학,9460,9236,18696
20210421,경부선,안양,25920,25923,51843
20210421,경부선,관악,7497,7012,14509
20210421,경부선,석수,10114,9038,19152
20210421,경부선,금천구청,12187,12118,24305
20210421,경부선,가산디지털단지,18794,21740,40534
20210421,경부선,구로,19743,20208,39951
20210421,경부선,신길,9695,8268,17963
20210421,경부선,신도림,4289,4300,8589
20210421,경부선,영등포,34746,35915,70661
20210421,경부선,대방,13250,13495,26745
20210421,경부선,노량진,8543,8710,17253
20210421,경부선,용산,28981,29490,58471
20210421,경부선,남영,9781,10203,19984
20210421,경부선,서울,4381,1409,5790
20210422,경부선,광명,3112,2745,5857
20210422,경부선,서동탄,1526,1280,2806
20210422,경부선,당정,6474,6194,12668
20210422,경부선,천안,4655,4746,9401
20210422,경부선,두정,5183,5104,10287
20210422,경부선,직산,750,761,1511
20210422,경부선,성환,2974,2985,5959
20210422,경부선,평택,11242,10916,22158
20210422,경부선,지제,2709,2665,5374
20210422,경부선,서정리,6872,6371,13243
20210422,경부선,송탄,4091,3775,7866
20210422,경부선,진위,1571,1375,2946
20210422,경부선,오산,9232,9154,18386
20210422,경부선,오산대,3622,3394,7016
20210422,경부선,세마,2578,2401,4979
20210422,경부선,병점,14006,14221,28227
20210422,경부선,세류,2865,2700,5565
20210422,경부선,독산,16914,17872,34786
20210422,경부선,수원,33547,34967,68514
20210422,경부선,화서,7624,7363,14987
20210422,경부선,성균관대,15272,14848,30120
20210422,경부선,의왕,9311,9328,18639
20210422,경부선,군포,7845,7674,15519
20210422,경부선,금정,26344,26784,53128
20210422,경부선,명학,9438,9378,18816
20210422,경부선,안양,25336,25238,50574
20210422,경부선,관악,7357,6880,14237
20210422,경부선,석수,10114,9052,19166
20210422,경부선,금천구청,11899,11953,23852
20210422,경부선,가산디지털단지,18544,21535,40079
20210422,경부선,구로,19195,19687,38882
20210422,경부선,신길,9604,8086,17690
20210422,경부선,신도림,4302,4337,8639
20210422,경부선,영등포,35112,35928,71040
20210422,경부선,대방,13313,13564,26877
20210422,경부선,노량진,8324,8518,16842
20210422,경부선,용산,29684,30104,59788
20210422,경부선,남영,9614,9815,19429
20210422,경부선,서울,4778,1572,6350
20210423,경부선,서울,6356,2187,8543
20210423,경부선,남영,9388,9692,19080
20210423,경부선,용산,34779,35935,70714
20210423,경부선,노량진,9145,9147,18292
20210423,경부선,대방,13346,13541,26887
20210423,경부선,영등포,38710,41016,79726
20210423,경부선,신도림,4360,4339,8699
20210423,경부선,신길,9744,8079,17823
20210423,경부선,구로,19596,20186,39782
20210423,경부선,가산디지털단지,18673,21473,40146
20210423,경부선,금천구청,12189,12398,24587
20210423,경부선,석수,10362,9094,19456
20210423,경부선,관악,7485,6889,14374
20210423,경부선,안양,25495,26014,51509
20210423,경부선,명학,9442,9255,18697
20210423,경부선,금정,27143,27264,54407
20210423,경부선,군포,7651,7658,15309
20210423,경부선,의왕,9549,9422,18971
20210423,경부선,성균관대,15809,15343,31152
20210423,경부선,화서,7544,7406,14950
20210423,경부선,수원,36919,39767,76686
20210423,경부선,독산,16930,17735,34665
20210423,경부선,세류,3062,2976,6038
20210423,경부선,병점,15230,15112,30342
20210423,경부선,세마,2899,2589,5488
20210423,경부선,오산대,3630,3389,7019
20210423,경부선,오산,10504,10125,20629
20210423,경부선,진위,1878,1457,3335
20210423,경부선,송탄,4643,4162,8805
20210423,경부선,서정리,7045,6037,13082
20210423,경부선,지제,3367,3208,6575
20210423,경부선,평택,13074,12218,25292
20210423,경부선,성환,3593,3241,6834
20210423,경부선,직산,815,797,1612
20210423,경부선,두정,6290,6057,12347
20210423,경부선,천안,5646,5765,11411
20210423,경부선,당정,6481,6099,12580
20210423,경부선,서동탄,1583,1419,3002
20210423,경부선,광명,3513,3274,6787
20210426,경부선,광명,3280,2736,6016
20210426,경부선,서동탄,1592,1307,2899
20210426,경부선,당정,6291,6195,12486
20210426,경부선,천안,4868,4936,9804
20210426,경부선,두정,5071,5442,10513
20210426,경부선,직산,749,736,1485
20210426,경부선,성환,4307,4428,8735
20210426,경부선,평택,11681,11704,23385
20210426,경부선,지제,2966,2800,5766
20210426,경부선,서정리,6826,6719,13545
20210426,경부선,송탄,4064,3750,7814
20210426,경부선,진위,1603,1439,3042
20210426,경부선,오산,9783,9765,19548
20210426,경부선,오산대,3597,3456,7053
20210426,경부선,세마,2670,2500,5170
20210426,경부선,병점,14326,14496,28822
20210426,경부선,세류,3009,2926,5935
20210426,경부선,독산,16869,17992,34861
20210426,경부선,수원,33661,34881,68542
20210426,경부선,화서,7637,7323,14960
20210426,경부선,성균관대,14640,14697,29337
20210426,경부선,의왕,9254,9236,18490
20210426,경부선,군포,7871,7953,15824
20210426,경부선,금정,26121,26612,52733
20210426,경부선,명학,9228,9213,18441
20210426,경부선,안양,26234,26105,52339
20210426,경부선,관악,7434,6924,14358
20210426,경부선,석수,10179,9018,19197
20210426,경부선,금천구청,12196,12027,24223
20210426,경부선,가산디지털단지,18725,21681,40406
20210426,경부선,구로,19415,19528,38943
20210426,경부선,신길,9707,8252,17959
20210426,경부선,신도림,4148,4165,8313
20210426,경부선,영등포,34736,35640,70376
20210426,경부선,대방,12896,13273,26169
20210426,경부선,노량진,8170,8466,16636
20210426,경부선,용산,29436,30200,59636
20210426,경부선,남영,9587,10050,19637
20210426,경부선,서울,5010,1626,6636
20210427,경부선,서울,4375,1448,5823
20210427,경부선,남영,9645,10145,19790
20210427,경부선,용산,28840,29417,58257
20210427,경부선,노량진,8412,8534,16946
20210427,경부선,대방,13042,13426,26468
20210427,경부선,영등포,34548,35566,70114
20210427,경부선,신도림,4278,4285,8563
20210427,경부선,신길,9437,8026,17463
20210427,경부선,구로,19148,19578,38726
20210427,경부선,가산디지털단지,18554,21823,40377
20210427,경부선,금천구청,12008,12079,24087
20210427,경부선,석수,10128,9078,19206
20210427,경부선,관악,7481,7079,14560
20210427,경부선,안양,24275,24134,48409
20210427,경부선,명학,9405,9296,18701
20210427,경부선,금정,26393,26588,52981
20210427,경부선,군포,7881,7902,15783
20210427,경부선,의왕,9157,9136,18293
20210427,경부선,성균관대,14776,14569,29345
20210427,경부선,화서,7736,7405,15141
20210427,경부선,수원,33317,34840,68157
20210427,경부선,독산,16969,17958,34927
20210427,경부선,세류,3018,2801,5819
20210427,경부선,병점,14474,14623,29097
20210427,경부선,세마,2678,2534,5212
20210427,경부선,오산대,3912,3617,7529
20210427,경부선,오산,9572,9499,19071
20210427,경부선,진위,1630,1444,3074
20210427,경부선,송탄,3961,3650,7611
20210427,경부선,서정리,6657,6462,13119
20210427,경부선,지제,2760,2666,5426
20210427,경부선,평택,11274,11219,22493
20210427,경부선,성환,3805,3787,7592
20210427,경부선,직산,694,728,1422
20210427,경부선,두정,5361,5400,10761
20210427,경부선,천안,4687,4827,9514
20210427,경부선,당정,6279,6059,12338
20210427,경부선,서동탄,1575,1331,2906
20210427,경부선,광명,3031,2713,5744
20210428,경부선,광명,3013,2539,5552
20210428,경부선,서동탄,1594,1322,2916
20210428,경부선,당정,6335,6149,12484
20210428,경부선,천안,4702,4845,9547
20210428,경부선,두정,5271,5303,10574
20210428,경부선,직산,702,708,1410
20210428,경부선,성환,4077,4051,8128
20210428,경부선,평택,11442,11217,22659
20210428,경부선,지제,2745,2700,5445
20210428,경부선,서정리,6799,6348,13147
20210428,경부선,송탄,3939,3717,7656
20210428,경부선,진위,1644,1475,3119
20210428,경부선,오산,10023,9774,19797
20210428,경부선,오산대,3781,3550,7331
20210428,경부선,세마,2733,2548,5281
20210428,경부선,병점,13930,14081,28011
20210428,경부선,세류,3058,2772,5830
20210428,경부선,독산,16907,17986,34893
20210428,경부선,수원,32541,34013,66554
20210428,경부선,화서,7593,7308,14901
20210428,경부선,성균관대,14722,14588,29310
20210428,경부선,의왕,9243,9119,18362
20210428,경부선,군포,7742,7842,15584
20210428,경부선,금정,26475,26605,53080
20210428,경부선,명학,9370,9211,18581
20210428,경부선,안양,24284,24361,48645
20210428,경부선,관악,7430,6897,14327
20210428,경부선,석수,9954,8877,18831
20210428,경부선,금천구청,12034,12106,24140
20210428,경부선,가산디지털단지,18443,21648,40091
20210428,경부선,구로,19404,19783,39187
20210428,경부선,신길,9725,8350,18075
20210428,경부선,신도림,4319,4321,8640
20210428,경부선,영등포,35549,36630,72179
20210428,경부선,대방,12998,13199,26197
20210428,경부선,노량진,8498,8579,17077
20210428,경부선,용산,29742,30057,59799
20210428,경부선,남영,9867,10240,20107
20210428,경부선,서울,4468,1480,5948
20210429,경부선,서울,4714,1596,6310
20210429,경부선,남영,9666,10249,19915
20210429,경부선,용산,30384,31026,61410
20210429,경부선,노량진,8403,8564,16967
20210429,경부선,대방,13045,13524,26569
20210429,경부선,영등포,35816,36617,72433
20210429,경부선,신도림,4156,4244,8400
20210429,경부선,신길,9581,8126,17707
20210429,경부선,구로,19244,19593,38837
20210429,경부선,가산디지털단지,18589,21585,40174
20210429,경부선,금천구청,12007,11930,23937
20210429,경부선,석수,10121,9031,19152
20210429,경부선,관악,7347,6864,14211
20210429,경부선,안양,24547,24515,49062
20210429,경부선,명학,9420,9309,18729
20210429,경부선,금정,26190,26739,52929
20210429,경부선,군포,7770,7789,15559
20210429,경부선,의왕,9131,8986,18117
20210429,경부선,성균관대,14941,14745,29686
20210429,경부선,화서,7705,7461,15166
20210429,경부선,수원,34048,35168,69216
20210429,경부선,독산,16853,17972,34825
20210429,경부선,세류,2887,2805,5692
20210429,경부선,병점,14191,14350,28541
20210429,경부선,세마,2736,2595,5331
20210429,경부선,오산대,3765,3315,7080
20210429,경부선,오산,9444,9598,19042
20210429,경부선,진위,1695,1431,3126
20210429,경부선,송탄,3993,3731,7724
20210429,경부선,서정리,6750,6244,12994
20210429,경부선,지제,2741,2739,5480
20210429,경부선,평택,11537,11269,22806
20210429,경부선,성환,4305,4156,8461
20210429,경부선,직산,722,765,1487
20210429,경부선,두정,5523,5246,10769
20210429,경부선,천안,5034,4892,9926
20210429,경부선,당정,6398,6159,12557
20210429,경부선,서동탄,1556,1337,2893
20210429,경부선,광명,3191,2718,5909
20210430,경부선,서울,6734,2377,9111
20210430,경부선,남영,9875,10407,20282
20210430,경부선,용산,36076,37725,73801
20210430,경부선,노량진,9149,9053,18202
20210430,경부선,대방,13221,13399,26620
20210430,경부선,영등포,40739,42703,83442
20210430,경부선,신도림,4288,4364,8652
20210430,경부선,신길,9720,8166,17886
20210430,경부선,구로,19515,20306,39821
20210430,경부선,가산디지털단지,18969,21896,40865
20210430,경부선,금천구청,12248,12462,24710
20210430,경부선,석수,10204,8886,19090
20210430,경부선,관악,7368,6882,14250
20210430,경부선,안양,24938,25129,50067
20210430,경부선,명학,9322,9219,18541
20210430,경부선,금정,27098,27400,54498
20210430,경부선,군포,7827,7759,15586
20210430,경부선,의왕,9184,9141,18325
20210430,경부선,성균관대,15122,14643,29765
20210430,경부선,화서,7644,7398,15042
20210430,경부선,수원,37829,41069,78898
20210430,경부선,독산,17181,17908,35089
20210430,경부선,세류,3185,2929,6114
20210430,경부선,병점,15266,15066,30332
20210430,경부선,세마,2815,2537,5352
20210430,경부선,오산대,3635,3357,6992
20210430,경부선,오산,10645,10057,20702
20210430,경부선,진위,1806,1506,3312
20210430,경부선,송탄,4811,4095,8906
20210430,경부선,서정리,7647,5990,13637
20210430,경부선,지제,3635,3252,6887
20210430,경부선,평택,14154,12790,26944
20210430,경부선,성환,4129,3599,7728
20210430,경부선,직산,827,807,1634
20210430,경부선,두정,6461,6301,12762
20210430,경부선,천안,6220,6175,12395
20210430,경부선,당정,6326,6146,12472
20210430,경부선,서동탄,1562,1427,2989
20210430,경부선,광명,3614,3412,7026
20210503,경부선,광명,3287,2708,5995
20210503,경부선,서동탄,1579,1379,2958
20210503,경부선,당정,6287,6093,12380
20210503,경부선,천안,4950,5138,10088
20210503,경부선,두정,5342,5664,11006
20210503,경부선,직산,779,758,1537
20210503,경부선,성환,4176,4341,8517
20210503,경부선,평택,11973,11939,23912
20210503,경부선,지제,2948,2759,5707
20210503,경부선,서정리,6754,6619,13373
20210503,경부선,송탄,4198,3907,8105
20210503,경부선,진위,1560,1449,3009
20210503,경부선,오산,10004,10197,20201
20210503,경부선,오산대,3735,3350,7085
20210503,경부선,세마,2736,2495,5231
20210503,경부선,병점,14057,14126,28183
20210503,경부선,세류,3114,2801,5915
20210503,경부선,독산,16997,18033,35030
20210503,경부선,수원,34051,35328,69379
20210503,경부선,화서,7712,7479,15191
20210503,경부선,성균관대,14527,14546,29073
20210503,경부선,의왕,9222,9098,18320
20210503,경부선,군포,7787,7761,15548
20210503,경부선,금정,26238,27033,53271
20210503,경부선,명학,9213,9300,18513
20210503,경부선,안양,24800,24819,49619
20210503,경부선,관악,7479,6853,14332
20210503,경부선,석수,10236,9099,19335
20210503,경부선,금천구청,12261,12252,24513
20210503,경부선,가산디지털단지,18981,21959,40940
20210503,경부선,구로,19074,19328,38402
20210503,경부선,신길,9645,8239,17884
20210503,경부선,신도림,4271,4216,8487
20210503,경부선,영등포,35398,36656,72054
20210503,경부선,대방,13080,13556,26636
20210503,경부선,노량진,8390,8537,16927
20210503,경부선,용산,30591,31105,61696
20210503,경부선,남영,9786,10064,19850
20210503,경부선,서울,5321,1651,6972
20210504,경부선,광명,3111,2824,5935
20210504,경부선,서동탄,1461,1347,2808
20210504,경부선,당정,6133,5966,12099
20210504,경부선,천안,5023,5131,10154
20210504,경부선,두정,5235,5581,10816
20210504,경부선,직산,707,729,1436
20210504,경부선,성환,4010,3843,7853
20210504,경부선,평택,11693,11418,23111
20210504,경부선,평택지제,2971,2810,5781
20210504,경부선,서정리,7039,6243,13282
20210504,경부선,송탄,4095,3834,7929
20210504,경부선,진위,1532,1275,2807
20210504,경부선,오산,9570,9294,18864
20210504,경부선,오산대,3532,3325,6857
20210504,경부선,세마,2559,2448,5007
20210504,경부선,병점,13976,14018,27994
20210504,경부선,세류,2914,2635,5549
20210504,경부선,독산,17036,17867,34903
20210504,경부선,수원,33721,35823,69544
20210504,경부선,화서,7141,6856,13997
20210504,경부선,성균관대,14548,14371,28919
20210504,경부선,의왕,8730,8714,17444
20210504,경부선,군포,7622,7537,15159
20210504,경부선,금정,25641,25933,51574
20210504,경부선,명학,9225,9111,18336
20210504,경부선,안양,23341,23239,46580
20210504,경부선,관악,6959,6571,13530
20210504,경부선,석수,9704,8596,18300
20210504,경부선,금천구청,11728,11836,23564
20210504,경부선,가산디지털단지,18198,21394,39592
20210504,경부선,구로,18683,19281,37964
20210504,경부선,신길,9080,7878,16958
20210504,경부선,신도림,3677,3954,7631
20210504,경부선,영등포,36297,37792,74089
20210504,경부선,대방,12636,13104,25740
20210504,경부선,노량진,7851,8090,15941
20210504,경부선,용산,31870,33220,65090
20210504,경부선,남영,9596,9986,19582
20210504,경부선,서울,5625,2013,7638
20210505,경부선,서울,3829,1133,4962
20210505,경부선,남영,4663,4751,9414
20210505,경부선,용산,26014,25763,51777
20210505,경부선,노량진,7211,6563,13774
20210505,경부선,대방,6188,6392,12580
20210505,경부선,영등포,31216,31309,62525
20210505,경부선,신도림,2516,2550,5066
20210505,경부선,신길,5343,4610,9953
20210505,경부선,구로,10594,10549,21143
20210505,경부선,가산디지털단지,5064,6760,11824
20210505,경부선,금천구청,7219,7024,14243
20210505,경부선,석수,6020,5816,11836
20210505,경부선,관악,5206,4884,10090
20210505,경부선,안양,15257,15092,30349
20210505,경부선,명학,3840,3804,7644
20210505,경부선,금정,14934,15022,29956
20210505,경부선,군포,3834,3542,7376
20210505,경부선,의왕,5208,5147,10355
20210505,경부선,성균관대,8174,8413,16587
20210505,경부선,화서,4337,4298,8635
20210505,경부선,수원,31929,32641,64570
20210505,경부선,독산,7230,7359,14589
20210505,경부선,세류,1897,1955,3852
20210505,경부선,병점,9698,10051,19749
20210505,경부선,세마,1846,1709,3555
20210505,경부선,오산대,2600,2400,5000
20210505,경부선,오산,7136,7148,14284
20210505,경부선,진위,827,779,1606
20210505,경부선,송탄,3227,3357,6584
20210505,경부선,서정리,4247,4552,8799
20210505,경부선,평택지제,1990,2087,4077
20210505,경부선,평택,9652,9558,19210
20210505,경부선,성환,2303,2358,4661
20210505,경부선,직산,424,448,872
20210505,경부선,두정,3973,3848,7821
20210505,경부선,천안,4765,4629,9394
20210505,경부선,당정,3379,3328,6707
20210505,경부선,서동탄,901,858,1759
20210505,경부선,광명,1863,1780,3643
20210506,경부선,서울,5133,1653,6786
20210506,경부선,남영,9456,9831,19287
20210506,경부선,용산,31177,32216,63393
20210506,경부선,노량진,8348,8495,16843
20210506,경부선,대방,12998,13340,26338
20210506,경부선,영등포,36644,37342,73986
20210506,경부선,신도림,4345,4411,8756
20210506,경부선,신길,9542,8085,17627
20210506,경부선,구로,19409,19734,39143
20210506,경부선,가산디지털단지,18435,21524,39959
20210506,경부선,금천구청,12246,12166,24412
20210506,경부선,석수,10434,9191,19625
20210506,경부선,관악,7505,6973,14478
20210506,경부선,안양,24545,24660,49205
20210506,경부선,명학,9268,9276,18544
20210506,경부선,금정,26455,26709,53164
20210506,경부선,군포,7827,7780,15607
20210506,경부선,의왕,9234,9269,18503
20210506,경부선,성균관대,14897,14887,29784
20210506,경부선,화서,7574,7356,14930
20210506,경부선,수원,34871,36522,71393
20210506,경부선,독산,17131,18014,35145
20210506,경부선,세류,3028,2813,5841
20210506,경부선,병점,14216,14236,28452
20210506,경부선,세마,2647,2453,5100
20210506,경부선,오산대,3528,3310,6838
20210506,경부선,오산,9757,9680,19437
20210506,경부선,진위,1586,1376,2962
20210506,경부선,송탄,4103,3799,7902
20210506,경부선,서정리,6672,6382,13054
20210506,경부선,평택지제,2845,2771,5616
20210506,경부선,평택,11825,11631,23456
20210506,경부선,성환,4337,4159,8496
20210506,경부선,직산,733,759,1492
20210506,경부선,두정,5391,5442,10833
20210506,경부선,천안,5000,5093,10093
20210506,경부선,당정,6452,6217,12669
20210506,경부선,서동탄,1571,1348,2919
20210506,경부선,광명,3263,2814,6077
20210507,경부선,서울,6534,2473,9007
20210507,경부선,남영,9260,9567,18827
20210507,경부선,용산,35522,38542,74064
20210507,경부선,노량진,8204,8033,16237
20210507,경부선,대방,12993,13120,26113
20210507,경부선,영등포,39548,40834,80382
20210507,경부선,신도림,3967,4037,8004
20210507,경부선,신길,9379,7842,17221
20210507,경부선,구로,19751,19803,39554
20210507,경부선,가산디지털단지,18180,20747,38927
20210507,경부선,금천구청,12024,12269,24293
20210507,경부선,석수,9988,8817,18805
20210507,경부선,관악,7253,6710,13963
20210507,경부선,안양,24026,24278,48304
20210507,경부선,명학,9025,8930,17955
20210507,경부선,성균관대,14890,14506,29396
20210507,경부선,화서,7345,7318,14663
20210507,경부선,수원,37134,40401,77535
20210507,경부선,독산,16907,17674,34581
20210507,경부선,세류,3113,2991,6104
20210507,경부선,병점,14728,14482,29210
20210507,경부선,세마,2812,2493,5305
20210507,경부선,오산대,3283,2913,6196
20210507,경부선,오산,10006,9709,19715
20210507,경부선,진위,1697,1379,3076
20210507,경부선,송탄,4599,4119,8718
20210507,경부선,서정리,7146,6121,13267
20210507,경부선,평택지제,3334,3121,6455
20210507,경부선,평택,12890,12459,25349
20210507,경부선,성환,4061,3582,7643
20210507,경부선,직산,839,802,1641
20210507,경부선,두정,6129,5882,12011
20210507,경부선,천안,5730,6006,11736
20210507,경부선,당정,6278,6046,12324
20210507,경부선,서동탄,1544,1420,2964
20210507,경부선,광명,3343,3309,6652
20210507,경부선,금정,26109,26458,52567
20210507,경부선,군포,7752,7600,15352
20210507,경부선,의왕,8954,8971,17925
20210510,경부선,서울,5615,1611,7226
20210510,경부선,용산,30822,30076,60898
20210510,경부선,노량진,7732,7813,15545
20210510,경부선,대방,12777,13334,26111
20210510,경부선,영등포,34215,34812,69027
20210510,경부선,신도림,4021,3931,7952
20210510,경부선,신길,9326,7947,17273
20210510,경부선,구로,18831,19173,38004
20210510,경부선,가산디지털단지,18421,21606,40027
20210510,경부선,금천구청,11640,11690,23330
20210510,경부선,석수,9713,8535,18248
20210510,경부선,관악,6926,6411,13337
20210510,경부선,안양,23381,23351,46732
20210510,경부선,명학,9106,9161,18267
20210510,경부선,금정,25207,25738,50945
20210510,경부선,군포,7539,7664,15203
20210510,경부선,의왕,8718,8808,17526
20210510,경부선,성균관대,14037,14201,28238
20210510,경부선,화서,7026,6831,13857
20210510,경부선,수원,31540,32536,64076
20210510,경부선,독산,16776,17815,34591
20210510,경부선,세류,2848,2603,5451
20210510,경부선,병점,13248,13205,26453
20210510,경부선,세마,2431,2309,4740
20210510,경부선,오산대,2934,2648,5582
20210510,경부선,오산,8643,8878,17521
20210510,경부선,진위,1442,1324,2766
20210510,경부선,송탄,3843,3661,7504
20210510,경부선,서정리,6176,6096,12272
20210510,경부선,평택지제,2893,2610,5503
20210510,경부선,평택,10924,10927,21851
20210510,경부선,성환,3793,4008,7801
20210510,경부선,직산,681,672,1353
20210510,경부선,두정,4737,5246,9983
20210510,경부선,천안,4564,4489,9053
20210510,경부선,당정,6062,5844,11906
20210510,경부선,서동탄,1430,1230,2660
20210510,경부선,광명,3325,2690,6015
20210510,경부선,남영,9369,9871,19240
20210511,경부선,서울,4514,1461,5975
20210511,경부선,남영,9744,10378,20122
20210511,경부선,용산,29788,30263,60051
20210511,경부선,노량진,8267,8368,16635
20210511,경부선,대방,13444,13805,27249
20210511,경부선,영등포,35675,36477,72152
20210511,경부선,신도림,4375,4446,8821
20210511,경부선,신길,9815,8238,18053
20210511,경부선,구로,19682,19838,39520
20210511,경부선,가산디지털단지,18982,22154,41136
20210511,경부선,금천구청,12493,12407,24900
20210511,경부선,석수,10549,9465,20014
20210511,경부선,관악,7877,7308,15185
20210511,경부선,안양,24627,24570,49197
20210511,경부선,명학,9760,9713,19473
20210511,경부선,금정,27080,27416,54496
20210511,경부선,군포,8077,8021,16098
20210511,경부선,의왕,9537,9491,19028
20210511,경부선,성균관대,15244,15171,30415
20210511,경부선,화서,7831,7530,15361
20210511,경부선,수원,33627,35338,68965
20210511,경부선,독산,17410,18295,35705
20210511,경부선,세류,3059,2818,5877
20210511,경부선,병점,14267,14216,28483
20210511,경부선,세마,2750,2609,5359
20210511,경부선,오산대,3501,3196,6697
20210511,경부선,오산,9447,9451,18898
20210511,경부선,진위,1648,1454,3102
20210511,경부선,송탄,4092,3862,7954
20210511,경부선,서정리,6780,6490,13270
20210511,경부선,평택지제,2824,2694,5518
20210511,경부선,평택,11570,11459,23029
20210511,경부선,성환,4131,4119,8250
20210511,경부선,직산,781,792,1573
20210511,경부선,두정,5383,5615,10998
20210511,경부선,천안,4931,5032,9963
20210511,경부선,당정,6483,6187,12670
20210511,경부선,서동탄,1630,1401,3031
20210511,경부선,광명,3090,2646,5736
20210512,경부선,광명,3059,2668,5727
20210512,경부선,서동탄,1588,1342,2930
20210512,경부선,당정,6427,6191,12618
20210512,경부선,천안,4854,4966,9820
20210512,경부선,두정,5331,5407,10738
20210512,경부선,직산,746,752,1498
20210512,경부선,성환,4195,4158,8353
20210512,경부선,평택,11712,11477,23189
20210512,경부선,평택지제,2883,2654,5537
20210512,경부선,서정리,7134,6522,13656
20210512,경부선,송탄,4141,3912,8053
20210512,경부선,진위,1637,1487,3124
20210512,경부선,오산,9462,9353,18815
20210512,경부선,오산대,3496,3216,6712
20210512,경부선,세마,2767,2527,5294
20210512,경부선,병점,14145,14383,28528
20210512,경부선,세류,3030,2836,5866
20210512,경부선,독산,17253,18330,35583
20210512,경부선,수원,33588,35341,68929
20210512,경부선,화서,7856,7551,15407
20210512,경부선,성균관대,15296,15020,30316
20210512,경부선,의왕,9579,9410,18989
20210512,경부선,군포,8046,7814,15860
20210512,경부선,금정,26797,27129,53926
20210512,경부선,명학,9722,9638,19360
20210512,경부선,안양,25221,25140,50361
20210512,경부선,관악,7956,7419,15375
20210512,경부선,석수,10472,9288,19760
20210512,경부선,금천구청,12407,12435,24842
20210512,경부선,가산디지털단지,18914,21915,40829
20210512,경부선,구로,19754,20062,39816
20210512,경부선,신길,9791,8320,18111
20210512,경부선,신도림,4547,4549,9096
20210512,경부선,영등포,35930,36869,72799
20210512,경부선,대방,13390,13839,27229
20210512,경부선,노량진,8492,8570,17062
20210512,경부선,용산,30203,30747,60950
20210512,경부선,남영,9876,10272,20148
20210512,경부선,서울,4640,1521,6161
20210513,경부선,서울,4909,1656,6565
20210513,경부선,남영,9588,9965,19553
20210513,경부선,용산,31378,31631,63009
20210513,경부선,노량진,8497,8413,16910
20210513,경부선,대방,13383,13664,27047
20210513,경부선,영등포,36357,37102,73459
20210513,경부선,신도림,4354,4410,8764
20210513,경부선,신길,9914,8252,18166
20210513,경부선,구로,19564,19961,39525
20210513,경부선,가산디지털단지,18857,22136,40993
20210513,경부선,금천구청,12427,12335,24762
20210513,경부선,석수,10295,9084,19379
20210513,경부선,관악,7443,7007,14450
20210513,경부선,안양,24524,24500,49024
20210513,경부선,명학,9462,9517,18979
20210513,경부선,금정,26716,27122,53838
20210513,경부선,군포,7916,7852,15768
20210513,경부선,의왕,9301,9215,18516
20210513,경부선,성균관대,15406,15192,30598
20210513,경부선,화서,7796,7555,15351
20210513,경부선,수원,33464,35152,68616
20210513,경부선,독산,16991,17937,34928
20210513,경부선,세류,2937,2806,5743
20210513,경부선,병점,14232,14080,28312
20210513,경부선,세마,2714,2592,5306
20210513,경부선,오산대,3567,3251,6818
20210513,경부선,오산,9755,9715,19470
20210513,경부선,진위,1619,1432,3051
20210513,경부선,송탄,4051,3971,8022
20210513,경부선,서정리,6930,6496,13426
20210513,경부선,평택지제,2765,2666,5431
20210513,경부선,평택,11871,11800,23671
20210513,경부선,성환,4176,4071,8247
20210513,경부선,직산,744,753,1497
20210513,경부선,두정,5566,5537,11103
20210513,경부선,천안,4937,4960,9897
20210513,경부선,당정,6384,6119,12503
20210513,경부선,서동탄,1543,1350,2893
20210513,경부선,광명,3183,2805,5988
20210514,경부선,서울,7108,2412,9520
20210514,경부선,남영,10125,10473,20598
20210514,경부선,용산,36836,37803,74639
20210514,경부선,노량진,9156,9134,18290
20210514,경부선,대방,13439,13662,27101
20210514,경부선,영등포,39940,41605,81545
20210514,경부선,신도림,4389,4503,8892
20210514,경부선,신길,9748,8223,17971
20210514,경부선,구로,19698,20225,39923
20210514,경부선,가산디지털단지,18982,22091,41073
20210514,경부선,금천구청,12524,12716,25240
20210514,경부선,석수,10519,9220,19739
20210514,경부선,관악,7778,7240,15018
20210514,경부선,안양,24917,25066,49983
20210514,경부선,명학,9513,9335,18848
20210514,경부선,금정,27673,27574,55247
20210514,경부선,군포,7853,7787,15640
20210514,경부선,의왕,9415,9280,18695
20210514,경부선,성균관대,15520,15299,30819
20210514,경부선,화서,7883,7723,15606
20210514,경부선,수원,38635,41542,80177
20210514,경부선,독산,17346,18192,35538
20210514,경부선,세류,3274,3039,6313
20210514,경부선,병점,15206,15134,30340
20210514,경부선,세마,2949,2702,5651
20210514,경부선,오산대,3685,3377,7062
20210514,경부선,오산,10598,10214,20812
20210514,경부선,진위,1780,1470,3250
20210514,경부선,송탄,4760,4316,9076
20210514,경부선,서정리,7274,6159,13433
20210514,경부선,평택지제,3391,3171,6562
20210514,경부선,평택,13815,12878,26693
20210514,경부선,성환,4166,3689,7855
20210514,경부선,직산,941,880,1821
20210514,경부선,두정,6550,6360,12910
20210514,경부선,천안,6144,6003,12147
20210514,경부선,당정,6609,6339,12948
20210514,경부선,서동탄,1701,1482,3183
20210514,경부선,광명,3629,3397,7026
20210517,경부선,광명,3081,2720,5801
20210517,경부선,서동탄,1502,1277,2779
20210517,경부선,당정,6077,5944,12021
20210517,경부선,천안,4465,4703,9168
20210517,경부선,두정,4829,5205,10034
20210517,경부선,직산,708,676,1384
20210517,경부선,성환,3876,4019,7895
20210517,경부선,평택,10828,10924,21752
20210517,경부선,평택지제,2768,2666,5434
20210517,경부선,서정리,6462,6427,12889
20210517,경부선,송탄,3961,3604,7565
20210517,경부선,진위,1466,1337,2803
20210517,경부선,수원,32029,33323,65352
20210517,경부선,화서,7248,7020,14268
20210517,경부선,성균관대,14553,14576,29129
20210517,경부선,의왕,8964,8903,17867
20210517,경부선,군포,7559,7694,15253
20210517,경부선,금정,25346,25911,51257
20210517,경부선,명학,9208,9087,18295
20210517,경부선,안양,22068,21995,44063
20210517,경부선,관악,7034,6504,13538
20210517,경부선,석수,9632,8486,18118
20210517,경부선,금천구청,11678,11463,23141
20210517,경부선,가산디지털단지,18477,21581,40058
20210517,경부선,구로,18914,19131,38045
20210517,경부선,신길,9517,7990,17507
20210517,경부선,신도림,3968,3998,7966
20210517,경부선,영등포,33315,34268,67583
20210517,경부선,대방,12620,13062,25682
20210517,경부선,노량진,7637,7926,15563
20210517,경부선,용산,29524,30382,59906
20210517,경부선,남영,9325,9800,19125
20210517,경부선,서울,5224,1745,6969
20210517,경부선,오산,9339,9373,18712
20210517,경부선,오산대,3427,3095,6522
20210517,경부선,세마,2546,2384,4930
20210517,경부선,병점,13357,13249,26606
20210517,경부선,세류,2875,2678,5553
20210517,경부선,독산,16952,18033,34985
20210518,경부선,광명,3365,2985,6350
20210518,경부선,서동탄,1645,1426,3071
20210518,경부선,당정,6738,6264,13002
20210518,경부선,천안,5175,5576,10751
20210518,경부선,두정,5720,6333,12053
20210518,경부선,직산,771,815,1586
20210518,경부선,성환,4234,4021,8255
20210518,경부선,평택,12526,12149,24675
20210518,경부선,평택지제,3239,3034,6273
20210518,경부선,서정리,7549,6550,14099
20210518,경부선,송탄,4412,3993,8405
20210518,경부선,진위,1718,1483,3201
20210518,경부선,오산,10672,10464,21136
20210518,경부선,오산대,4067,3836,7903
20210518,경부선,세마,2888,2524,5412
20210518,경부선,병점,15399,15354,30753
20210518,경부선,세류,3163,3068,6231
20210518,경부선,독산,17771,18662,36433
20210518,경부선,수원,36009,38312,74321
20210518,경부선,화서,8036,7675,15711
20210518,경부선,성균관대,15735,15459,31194
20210518,경부선,의왕,9679,9583,19262
20210518,경부선,군포,8093,8002,16095
20210518,경부선,금정,27706,27921,55627
20210518,경부선,명학,9648,9738,19386
20210518,경부선,안양,23901,24106,48007
20210518,경부선,관악,7840,7124,14964
20210518,경부선,석수,10779,9475,20254
20210518,경부선,금천구청,12721,12613,25334
20210518,경부선,가산디지털단지,19807,22726,42533
20210518,경부선,구로,20036,20432,40468
20210518,경부선,신길,9839,8330,18169
20210518,경부선,신도림,4573,4647,9220
20210518,경부선,영등포,38134,40428,78562
20210518,경부선,대방,13471,13656,27127
20210518,경부선,노량진,8937,8836,17773
20210518,경부선,용산,33190,35163,68353
20210518,경부선,남영,10121,10572,20693
20210518,경부선,서울,5618,1972,7590
20210519,경부선,광명,1990,1660,3650
20210519,경부선,서동탄,913,948,1861
20210519,경부선,당정,3716,3679,7395
20210519,경부선,천안,5496,5163,10659
20210519,경부선,두정,4296,4186,8482
20210519,경부선,직산,527,549,1076
20210519,경부선,성환,2418,2543,4961
20210519,경부선,평택,10431,10390,20821
20210519,경부선,평택지제,2050,1981,4031
20210519,경부선,서정리,4658,4956,9614
20210519,경부선,송탄,3440,3519,6959
20210519,경부선,진위,929,933,1862
20210519,경부선,오산,7416,7327,14743
20210519,경부선,오산대,2886,2731,5617
20210519,경부선,세마,1976,1883,3859
20210519,경부선,병점,10665,10931,21596
20210519,경부선,세류,2138,2184,4322
20210519,경부선,독산,7698,7663,15361
20210519,경부선,수원,33786,34620,68406
20210519,경부선,화서,4682,4669,9351
20210519,경부선,성균관대,8852,8997,17849
20210519,경부선,의왕,5504,5566,11070
20210519,경부선,군포,4147,3880,8027
20210519,경부선,금정,15798,15745,31543
20210519,경부선,명학,4467,4399,8866
20210519,경부선,안양,16494,16375,32869
20210519,경부선,관악,7032,6658,13690
20210519,경부선,석수,6566,6650,13216
20210519,경부선,금천구청,7720,7537,15257
20210519,경부선,가산디지털단지,5437,7174,12611
20210519,경부선,구로,11342,11574,22916
20210519,경부선,신길,5844,4812,10656
20210519,경부선,신도림,2612,2838,5450
20210519,경부선,영등포,31943,32318,64261
20210519,경부선,대방,6587,6912,13499
20210519,경부선,노량진,7649,6877,14526
20210519,경부선,용산,27970,27794,55764
20210519,경부선,남영,4792,4928,9720
20210519,경부선,서울,4108,1074,5182
20210520,경부선,평택,10849,10607,21456
20210520,경부선,평택지제,2746,2758,5504
20210520,경부선,서정리,6361,6009,12370
20210520,경부선,송탄,3920,3615,7535
20210520,경부선,진위,1573,1322,2895
20210520,경부선,오산,9135,9200,18335
20210520,경부선,오산대,3362,3172,6534
20210520,경부선,세마,2601,2409,5010
20210520,경부선,병점,13656,13618,27274
20210520,경부선,세류,2914,2656,5570
20210520,경부선,독산,16966,18095,35061
20210520,경부선,수원,32269,33651,65920
20210520,경부선,화서,7353,7141,14494
20210520,경부선,성균관대,14640,14590,29230
20210520,경부선,의왕,8958,9023,17981
20210520,경부선,군포,7734,7886,15620
20210520,경부선,금정,25857,26228,52085
20210520,경부선,명학,9166,9254,18420
20210520,경부선,안양,23114,22824,45938
20210520,경부선,관악,7221,6795,14016
20210520,경부선,석수,9731,8757,18488
20210520,경부선,금천구청,11946,11905,23851
20210520,경부선,광명,3078,2702,5780
20210520,경부선,서동탄,1505,1301,2806
20210520,경부선,당정,6339,6035,12374
20210520,경부선,천안,4788,4751,9539
20210520,경부선,두정,5323,5267,10590
20210520,경부선,직산,696,694,1390
20210520,경부선,성환,3896,3831,7727
20210520,경부선,서울,5124,1639,6763
20210520,경부선,남영,9466,9854,19320
20210520,경부선,용산,31785,31674,63459
20210520,경부선,노량진,8016,8175,16191
20210520,경부선,대방,12703,13147,25850
20210520,경부선,영등포,35100,35553,70653
20210520,경부선,신도림,4136,4277,8413
20210520,경부선,신길,9154,7890,17044
20210520,경부선,구로,19045,19341,38386
20210520,경부선,가산디지털단지,18346,21230,39576
20210521,경부선,광명,3496,3231,6727
20210521,경부선,서동탄,1555,1351,2906
20210521,경부선,당정,6411,6136,12547
20210521,경부선,천안,5447,5567,11014
20210521,경부선,두정,6054,6068,12122
20210521,경부선,직산,799,769,1568
20210521,경부선,성환,3771,3359,7130
20210521,경부선,평택,12845,11969,24814
20210521,경부선,평택지제,3188,3115,6303
20210521,경부선,서정리,6854,5835,12689
20210521,경부선,송탄,4476,4055,8531
20210521,경부선,진위,1748,1409,3157
20210521,경부선,오산,10029,9623,19652
20210521,경부선,오산대,3439,3205,6644
20210521,경부선,세마,2790,2518,5308
20210521,경부선,병점,14656,14346,29002
20210521,경부선,세류,3142,2932,6074
20210521,경부선,독산,16892,17890,34782
20210521,경부선,수원,35461,38583,74044
20210521,경부선,화서,7351,7192,14543
20210521,경부선,성균관대,15542,15160,30702
20210521,경부선,의왕,9085,9035,18120
20210521,경부선,군포,7968,7792,15760
20210521,경부선,금정,26618,26696,53314
20210521,경부선,명학,9249,9108,18357
20210521,경부선,안양,23449,23558,47007
20210521,경부선,관악,7244,6856,14100
20210521,경부선,석수,10093,8689,18782
20210521,경부선,금천구청,12068,12139,24207
20210521,경부선,가산디지털단지,18680,21725,40405
20210521,경부선,구로,19576,20010,39586
20210521,경부선,신길,9609,7889,17498
20210521,경부선,신도림,4244,4285,8529
20210521,경부선,영등포,38528,40176,78704
20210521,경부선,대방,13149,13390,26539
20210521,경부선,노량진,8660,8693,17353
20210521,경부선,용산,35762,37032,72794
20210521,경부선,남영,9611,9963,19574
20210521,경부선,서울,6549,2293,8842
20210524,경부선,서울,5424,1641,7065
20210524,경부선,남영,9516,10107,19623
20210524,경부선,용산,30616,31099,61715
20210524,경부선,노량진,8154,8231,16385
20210524,경부선,대방,12955,13394,26349
20210524,경부선,영등포,33848,34656,68504
20210524,경부선,신도림,4192,4278,8470
20210524,경부선,신길,9698,8210,17908
20210524,경부선,구로,19515,19596,39111
20210524,경부선,가산디지털단지,19238,22370,41608
20210524,경부선,금천구청,12043,12034,24077
20210524,경부선,석수,10104,9094,19198
20210524,경부선,관악,7375,6812,14187
20210524,경부선,안양,24307,24173,48480
20210524,경부선,명학,9193,9168,18361
20210524,경부선,금정,26266,26677,52943
20210524,경부선,군포,7808,7984,15792
20210524,경부선,의왕,9430,9400,18830
20210524,경부선,성균관대,14676,14837,29513
20210524,경부선,화서,7598,7311,14909
20210524,경부선,수원,32548,33759,66307
20210524,경부선,독산,17244,18187,35431
20210524,경부선,세류,3082,2843,5925
20210524,경부선,병점,14037,14064,28101
20210524,경부선,세마,2639,2495,5134
20210524,경부선,오산대,3228,2940,6168
20210524,경부선,오산,9377,9415,18792
20210524,경부선,진위,1562,1390,2952
20210524,경부선,송탄,4147,3846,7993
20210524,경부선,서정리,6686,6610,13296
20210524,경부선,평택지제,2971,2858,5829
20210524,경부선,평택,11295,11310,22605
20210524,경부선,성환,3970,4002,7972
20210524,경부선,직산,764,736,1500
20210524,경부선,두정,5120,5701,10821
20210524,경부선,천안,4791,4893,9684
20210524,경부선,당정,6352,6176,12528
20210524,경부선,서동탄,1605,1357,2962
20210524,경부선,광명,3352,2738,6090
20210525,경부선,서울,4553,1511,6064
20210525,경부선,남영,9658,10230,19888
20210525,경부선,용산,29372,29846,59218
20210525,경부선,노량진,8044,8250,16294
20210525,경부선,대방,13008,13395,26403
20210525,경부선,영등포,35030,35713,70743
20210525,경부선,신도림,4197,4248,8445
20210525,경부선,신길,9638,7885,17523
20210525,경부선,구로,19183,19737,38920
20210525,경부선,가산디지털단지,18969,22164,41133
20210525,경부선,금천구청,12044,11940,23984
20210525,경부선,석수,10066,8850,18916
20210525,경부선,관악,7213,6902,14115
20210525,경부선,안양,23754,23794,47548
20210525,경부선,명학,9476,9483,18959
20210525,경부선,금정,26458,26842,53300
20210525,경부선,군포,7917,7828,15745
20210525,경부선,의왕,9353,9325,18678
20210525,경부선,성균관대,14758,14621,29379
20210525,경부선,화서,7575,7344,14919
20210525,경부선,수원,32335,33772,66107
20210525,경부선,독산,17355,18477,35832
20210525,경부선,세류,2961,2721,5682
20210525,경부선,병점,14011,13981,27992
20210525,경부선,세마,2624,2415,5039
20210525,경부선,오산대,3712,3524,7236
20210525,경부선,오산,9384,9284,18668
20210525,경부선,진위,1522,1357,2879
20210525,경부선,송탄,3839,3683,7522
20210525,경부선,서정리,6530,6206,12736
20210525,경부선,평택지제,2817,2666,5483
20210525,경부선,평택,10867,10798,21665
20210525,경부선,성환,3809,3821,7630
20210525,경부선,직산,719,731,1450
20210525,경부선,두정,5227,5366,10593
20210525,경부선,천안,4650,4802,9452
20210525,경부선,당정,6382,6144,12526
20210525,경부선,서동탄,1511,1297,2808
20210525,경부선,광명,3045,2623,5668
20210526,경부선,서울,4680,1479,6159
20210526,경부선,남영,9919,10327,20246
20210526,경부선,용산,30943,31402,62345
20210526,경부선,노량진,8590,8784,17374
20210526,경부선,대방,13368,13583,26951
20210526,경부선,영등포,35576,36826,72402
20210526,경부선,신도림,4513,4456,8969
20210526,경부선,신길,9739,8329,18068
20210526,경부선,구로,19617,20214,39831
20210526,경부선,가산디지털단지,19219,22148,41367
20210526,경부선,금천구청,12460,12499,24959
20210526,경부선,석수,10509,9268,19777
20210526,경부선,관악,7668,7164,14832
20210526,경부선,안양,24921,24848,49769
20210526,경부선,명학,9446,9417,18863
20210526,경부선,금정,27299,27420,54719
20210526,경부선,군포,7965,7931,15896
20210526,경부선,의왕,9704,9587,19291
20210526,경부선,성균관대,15033,14803,29836
20210526,경부선,화서,7869,7519,15388
20210526,경부선,수원,33616,35374,68990
20210526,경부선,독산,17380,18517,35897
20210526,경부선,세류,3101,2801,5902
20210526,경부선,병점,14246,14282,28528
20210526,경부선,세마,2707,2495,5202
20210526,경부선,오산대,3772,3522,7294
20210526,경부선,오산,9672,9543,19215
20210526,경부선,진위,1567,1380,2947
20210526,경부선,송탄,3994,3798,7792
20210526,경부선,서정리,6709,6358,13067
20210526,경부선,평택지제,2915,2727,5642
20210526,경부선,평택,11234,11268,22502
20210526,경부선,성환,4271,4329,8600
20210526,경부선,직산,763,802,1565
20210526,경부선,두정,5351,5400,10751
20210526,경부선,천안,4881,4888,9769
20210526,경부선,당정,6497,6261,12758
20210526,경부선,서동탄,1574,1311,2885
20210526,경부선,광명,3216,2805,6021
20210527,경부선,서울,4992,1589,6581
20210527,경부선,남영,9568,10096,19664
20210527,경부선,용산,30375,30632,61007
20210527,경부선,노량진,8043,8304,16347
20210527,경부선,대방,12800,13088,25888
20210527,경부선,영등포,34364,34985,69349
20210527,경부선,신도림,4085,4088,8173
20210527,경부선,신길,9437,7788,17225
20210527,경부선,구로,18806,19097,37903
20210527,경부선,가산디지털단지,18780,21785,40565
20210527,경부선,금천구청,11662,11607,23269
20210527,경부선,석수,9821,8603,18424
20210527,경부선,관악,7071,6555,13626
20210527,경부선,안양,23381,23503,46884
20210527,경부선,명학,9118,9143,18261
20210527,경부선,금정,25765,26412,52177
20210527,경부선,군포,7730,7548,15278
20210527,경부선,의왕,9079,8998,18077
20210527,경부선,성균관대,14233,14130,28363
20210527,경부선,화서,7322,6991,14313
20210527,경부선,수원,32422,33918,66340
20210527,경부선,독산,16942,18081,35023
20210527,경부선,세류,2950,2775,5725
20210527,경부선,병점,13699,13628,27327
20210527,경부선,세마,2579,2504,5083
20210527,경부선,오산대,3269,3055,6324
20210527,경부선,오산,9025,9034,18059
20210527,경부선,진위,1501,1341,2842
20210527,경부선,송탄,3909,3662,7571
20210527,경부선,서정리,6403,6088,12491
20210527,경부선,평택지제,2817,2753,5570
20210527,경부선,평택,11119,10524,21643
20210527,경부선,성환,4013,3849,7862
20210527,경부선,직산,695,709,1404
20210527,경부선,두정,5334,5202,10536
20210527,경부선,천안,4595,4566,9161
20210527,경부선,당정,6223,5960,12183
20210527,경부선,서동탄,1457,1258,2715
20210527,경부선,광명,3119,2732,5851
20210528,경부선,광명,3446,3194,6640
20210528,경부선,서동탄,1526,1384,2910
20210528,경부선,당정,6195,5917,12112
20210528,경부선,천안,5285,5339,10624
20210528,경부선,두정,6120,6007,12127
20210528,경부선,직산,754,724,1478
20210528,경부선,성환,3728,3204,6932
20210528,경부선,평택,12236,11818,24054
20210528,경부선,평택지제,3387,3114,6501
20210528,경부선,서정리,6954,5798,12752
20210528,경부선,송탄,4520,3974,8494
20210528,경부선,진위,1612,1353,2965
20210528,경부선,오산,9996,9627,19623
20210528,경부선,오산대,3417,3191,6608
20210528,경부선,세마,2728,2424,5152
20210528,경부선,병점,14416,14238,28654
20210528,경부선,세류,3121,2862,5983
20210528,경부선,독산,16859,17758,34617
20210528,경부선,수원,34841,37918,72759
20210528,경부선,화서,7135,7030,14165
20210528,경부선,성균관대,14984,14706,29690
20210528,경부선,의왕,9078,8875,17953
20210528,경부선,군포,7643,7508,15151
20210528,경부선,금정,26260,26329,52589
20210528,경부선,명학,8968,8972,17940
20210528,경부선,안양,22637,22520,45157
20210528,경부선,관악,7082,6697,13779
20210528,경부선,석수,9814,8450,18264
20210528,경부선,금천구청,11788,11850,23638
20210528,경부선,가산디지털단지,18597,21600,40197
20210528,경부선,구로,18977,19591,38568
20210528,경부선,신길,9524,7652,17176
20210528,경부선,신도림,4057,4217,8274
20210528,경부선,영등포,37766,39576,77342
20210528,경부선,대방,12793,13043,25836
20210528,경부선,노량진,8561,8655,17216
20210528,경부선,용산,35042,36117,71159
20210528,경부선,남영,9644,9937,19581
20210528,경부선,서울,6677,2323,9000
20210531,경부선,광명,3230,2657,5887
20210531,경부선,서동탄,1527,1297,2824
20210531,경부선,당정,6244,5917,12161
20210531,경부선,천안,4662,4728,9390
20210531,경부선,두정,5030,5510,10540
20210531,경부선,직산,722,726,1448
20210531,경부선,성환,3817,4031,7848
20210531,경부선,평택,11349,11888,23237
20210531,경부선,평택지제,3267,2815,6082
20210531,경부선,서정리,6692,6645,13337
20210531,경부선,송탄,4164,4325,8489
20210531,경부선,진위,1587,1427,3014
20210531,경부선,오산,9340,9409,18749
20210531,경부선,오산대,3469,3219,6688
20210531,경부선,세마,2593,2436,5029
20210531,경부선,병점,13664,13629,27293
20210531,경부선,세류,2915,2870,5785
20210531,경부선,독산,17202,18274,35476
20210531,경부선,수원,32131,33449,65580
20210531,경부선,화서,7489,7093,14582
20210531,경부선,성균관대,14277,14273,28550
20210531,경부선,의왕,9085,9062,18147
20210531,경부선,군포,7798,7823,15621
20210531,경부선,금정,26021,26444,52465
20210531,경부선,명학,9122,9171,18293
20210531,경부선,안양,23824,23825,47649
20210531,경부선,관악,7126,6601,13727
20210531,경부선,석수,9859,8697,18556
20210531,경부선,금천구청,12141,11974,24115
20210531,경부선,가산디지털단지,18848,21594,40442
20210531,경부선,구로,19400,19449,38849
20210531,경부선,신길,9634,8032,17666
20210531,경부선,신도림,4287,4258,8545
20210531,경부선,영등포,33845,34838,68683
20210531,경부선,대방,12738,13100,25838
20210531,경부선,노량진,7950,8129,16079
20210531,경부선,용산,29400,29882,59282
20210531,경부선,남영,9426,9878,19304
20210531,경부선,서울,5134,1592,6726
20210601,경부선,석수,9939,8999,18938
20210601,경부선,관악,7460,6841,14301
20210601,경부선,안양,24650,24564,49214
20210601,경부선,명학,9484,9236,18720
20210601,경부선,금정,26541,26853,53394
20210601,경부선,군포,7910,7880,15790
20210601,경부선,의왕,9364,9319,18683
20210601,경부선,성균관대,14593,14364,28957
20210601,경부선,화서,7525,7291,14816
20210601,경부선,수원,31895,33857,65752
20210601,경부선,독산,17498,18393,35891
20210601,경부선,세류,3040,2807,5847
20210601,경부선,병점,13985,13955,27940
20210601,경부선,세마,2651,2407,5058
20210601,경부선,오산대,3643,3528,7171
20210601,경부선,오산,9267,9282,18549
20210601,경부선,진위,1603,1347,2950
20210601,경부선,송탄,3969,3682,7651
20210601,경부선,서정리,6633,6230,12863
20210601,경부선,평택지제,2823,2629,5452
20210601,경부선,평택,10964,10856,21820
20210601,경부선,서울,4296,1414,5710
20210601,경부선,남영,9644,10078,19722
20210601,경부선,용산,28080,28760,56840
20210601,경부선,노량진,8055,8445,16500
20210601,경부선,대방,13153,13384,26537
20210601,경부선,영등포,33564,34833,68397
20210601,경부선,신도림,4300,4315,8615
20210601,경부선,신길,9578,8082,17660
20210601,경부선,구로,19273,19624,38897
20210601,경부선,가산디지털단지,19033,21987,41020
20210601,경부선,금천구청,12073,12101,24174
20210601,경부선,성환,3796,3862,7658
20210601,경부선,직산,755,754,1509
20210601,경부선,두정,5088,5315,10403
20210601,경부선,천안,4598,4573,9171
20210601,경부선,당정,6343,6147,12490
20210601,경부선,서동탄,1570,1404,2974
20210601,경부선,광명,2994,2673,5667
20210602,경부선,서울,4259,1505,5764
20210602,경부선,남영,9619,10153,19772
20210602,경부선,용산,28803,29193,57996
20210602,경부선,노량진,8264,8524,16788
20210602,경부선,대방,13100,13349,26449
20210602,경부선,영등포,34683,35565,70248
20210602,경부선,신도림,4397,4423,8820
20210602,경부선,신길,9669,8194,17863
20210602,경부선,구로,19300,19824,39124
20210602,경부선,가산디지털단지,18899,21866,40765
20210602,경부선,금천구청,12106,12086,24192
20210602,경부선,석수,10203,9022,19225
20210602,경부선,관악,7514,7065,14579
20210602,경부선,안양,25057,25030,50087
20210602,경부선,명학,9379,9270,18649
20210602,경부선,금정,26825,26986,53811
20210602,경부선,군포,7839,7863,15702
20210602,경부선,의왕,9370,9275,18645
20210602,경부선,성균관대,14823,14671,29494
20210602,경부선,화서,7711,7474,15185
20210602,경부선,수원,32457,34084,66541
20210602,경부선,독산,17377,18308,35685
20210602,경부선,세류,3069,2773,5842
20210602,경부선,병점,13875,14052,27927
20210602,경부선,세마,2661,2457,5118
20210602,경부선,오산대,3809,3509,7318
20210602,경부선,오산,9583,9349,18932
20210602,경부선,진위,1562,1389,2951
20210602,경부선,송탄,3960,3724,7684
20210602,경부선,서정리,6851,6454,13305
20210602,경부선,평택지제,2853,2682,5535
20210602,경부선,평택,11021,10958,21979
20210602,경부선,성환,4099,4036,8135
20210602,경부선,직산,722,748,1470
20210602,경부선,두정,5173,5251,10424
20210602,경부선,천안,4560,4660,9220
20210602,경부선,당정,6520,6169,12689
20210602,경부선,서동탄,1526,1326,2852
20210602,경부선,광명,3001,2639,5640
20210603,경부선,서울,4669,1576,6245
20210603,경부선,남영,9453,9916,19369
20210603,경부선,용산,28974,29654,58628
20210603,경부선,노량진,7661,7971,15632
20210603,경부선,대방,12524,13038,25562
20210603,경부선,영등포,33429,34259,67688
20210603,경부선,신도림,3803,3894,7697
20210603,경부선,신길,9086,7806,16892
20210603,경부선,구로,18531,18884,37415
20210603,경부선,가산디지털단지,18292,21767,40059
20210603,경부선,금천구청,11206,11613,22819
20210603,경부선,석수,9606,8772,18378
20210603,경부선,관악,7065,6567,13632
20210603,경부선,안양,23700,23464,47164
20210603,경부선,명학,8793,9192,17985
20210603,경부선,금정,25821,26253,52074
20210603,경부선,군포,7561,7839,15400
20210603,경부선,의왕,8624,8616,17240
20210603,경부선,성균관대,14040,13819,27859
20210603,경부선,화서,7219,6828,14047
20210603,경부선,수원,30627,32500,63127
20210603,경부선,독산,16850,18145,34995
20210603,경부선,세류,2831,2614,5445
20210603,경부선,병점,13345,13648,26993
20210603,경부선,세마,2601,2392,4993
20210603,경부선,오산대,3175,3037,6212
20210603,경부선,오산,8965,8748,17713
20210603,경부선,진위,1504,1317,2821
20210603,경부선,송탄,3669,3422,7091
20210603,경부선,서정리,6439,5855,12294
20210603,경부선,평택지제,2684,2610,5294
20210603,경부선,평택,10277,10173,20450
20210603,경부선,성환,3931,3900,7831
20210603,경부선,직산,687,690,1377
20210603,경부선,두정,5028,4982,10010
20210603,경부선,천안,4356,4440,8796
20210603,경부선,당정,6236,5916,12152
20210603,경부선,서동탄,1461,1148,2609
20210603,경부선,광명,3091,2898,5989
20210604,경부선,서울,6288,2258,8546
20210604,경부선,남영,9598,10075,19673
20210604,경부선,용산,35793,36681,72474
20210604,경부선,노량진,9360,8986,18346
20210604,경부선,대방,13303,13221,26524
20210604,경부선,영등포,38689,40612,79301
20210604,경부선,신도림,4402,4491,8893
20210604,경부선,신길,9806,8126,17932
20210604,경부선,구로,19853,20096,39949
20210604,경부선,가산디지털단지,18796,22238,41034
20210604,경부선,금천구청,12527,12118,24645
20210604,경부선,석수,10374,8906,19280
20210604,경부선,관악,7590,6993,14583
20210604,경부선,안양,25186,24870,50056
20210604,경부선,명학,9216,9169,18385
20210604,경부선,금정,27718,28017,55735
20210604,경부선,군포,7851,7851,15702
20210604,경부선,의왕,9459,9247,18706
20210604,경부선,성균관대,15355,15027,30382
20210604,경부선,화서,7689,7304,14993
20210604,경부선,수원,36333,39263,75596
20210604,경부선,독산,17241,17914,35155
20210604,경부선,세류,3291,3162,6453
20210604,경부선,병점,15555,15100,30655
20210604,경부선,세마,2846,2632,5478
20210604,경부선,오산대,3620,3320,6940
20210604,경부선,오산,10422,9943,20365
20210604,경부선,진위,1772,1449,3221
20210604,경부선,송탄,4670,4146,8816
20210604,경부선,서정리,7169,5939,13108
20210604,경부선,평택지제,3422,3297,6719
20210604,경부선,평택,13252,12424,25676
20210604,경부선,성환,4053,3573,7626
20210604,경부선,직산,879,840,1719
20210604,경부선,두정,6211,6259,12470
20210604,경부선,천안,5666,5905,11571
20210604,경부선,당정,6566,6146,12712
20210604,경부선,서동탄,1485,1341,2826
20210604,경부선,광명,3514,3299,6813
20210607,경부선,광명,3203,2777,5980
20210607,경부선,서동탄,1520,1286,2806
20210607,경부선,당정,6211,5882,12093
20210607,경부선,천안,4691,4835,9526
20210607,경부선,두정,4972,5355,10327
20210607,경부선,직산,739,706,1445
20210607,경부선,성환,4172,4256,8428
20210607,경부선,평택,11337,11274,22611
20210607,경부선,평택지제,2999,2795,5794
20210607,경부선,서정리,6902,6760,13662
20210607,경부선,송탄,4019,3784,7803
20210607,경부선,진위,1590,1406,2996
20210607,경부선,오산,9378,9532,18910
20210607,경부선,오산대,3443,3210,6653
20210607,경부선,세마,2619,2416,5035
20210607,경부선,병점,13636,13642,27278
20210607,경부선,세류,3058,2842,5900
20210607,경부선,독산,17266,18278,35544
20210607,경부선,수원,31764,33132,64896
20210607,경부선,화서,7551,7221,14772
20210607,경부선,성균관대,14214,14186,28400
20210607,경부선,의왕,9221,9135,18356
20210607,경부선,군포,7709,7744,15453
20210607,경부선,금정,25968,26477,52445
20210607,경부선,명학,9199,9197,18396
20210607,경부선,안양,23201,23303,46504
20210607,경부선,관악,7234,6629,13863
20210607,경부선,석수,9884,8834,18718
20210607,경부선,금천구청,12009,11853,23862
20210607,경부선,가산디지털단지,18838,21651,40489
20210607,경부선,구로,19096,19209,38305
20210607,경부선,신길,9378,7956,17334
20210607,경부선,신도림,4245,4268,8513
20210607,경부선,영등포,33655,34685,68340
20210607,경부선,대방,12738,13148,25886
20210607,경부선,노량진,7967,8315,16282
20210607,경부선,용산,29063,29620,58683
20210607,경부선,남영,8888,9387,18275
20210607,경부선,서울,5198,1618,6816
20210608,경부선,서울,4599,1517,6116
20210608,경부선,남영,9403,9925,19328
20210608,경부선,용산,28757,29228,57985
20210608,경부선,노량진,8300,8340,16640
20210608,경부선,대방,13061,13314,26375
20210608,경부선,영등포,34111,35139,69250
20210608,경부선,신도림,4348,4372,8720
20210608,경부선,신길,9479,8076,17555
20210608,경부선,구로,19078,19449,38527
20210608,경부선,가산디지털단지,19001,22104,41105
20210608,경부선,금천구청,12174,12124,24298
20210608,경부선,석수,10098,8984,19082
20210608,경부선,관악,7537,6887,14424
20210608,경부선,안양,22791,22773,45564
20210608,경부선,명학,9429,9373,18802
20210608,경부선,금정,26369,26936,53305
20210608,경부선,군포,7704,7657,15361
20210608,경부선,의왕,9202,9151,18353
20210608,경부선,성균관대,15156,14935,30091
20210608,경부선,화서,7741,7465,15206
20210608,경부선,수원,31904,33503,65407
20210608,경부선,독산,17629,18699,36328
20210608,경부선,세류,3087,2847,5934
20210608,경부선,병점,14189,14074,28263
20210608,경부선,세마,2684,2494,5178
20210608,경부선,오산대,3801,3600,7401
20210608,경부선,오산,9875,9961,19836
20210608,경부선,진위,1532,1432,2964
20210608,경부선,송탄,3987,3671,7658
20210608,경부선,서정리,6776,6449,13225
20210608,경부선,평택지제,2850,2631,5481
20210608,경부선,평택,11144,11099,22243
20210608,경부선,성환,4061,4061,8122
20210608,경부선,직산,683,704,1387
20210608,경부선,두정,5163,5235,10398
20210608,경부선,천안,4723,4762,9485
20210608,경부선,당정,6360,6089,12449
20210608,경부선,서동탄,1516,1371,2887
20210608,경부선,광명,3099,2643,5742
20210609,경부선,서울,4627,1509,6136
20210609,경부선,남영,9361,9890,19251
20210609,경부선,용산,29684,30003,59687
20210609,경부선,노량진,8237,8400,16637
20210609,경부선,대방,12816,13044,25860
20210609,경부선,영등포,34673,35771,70444
20210609,경부선,신도림,4296,4494,8790
20210609,경부선,신길,9317,7964,17281
20210609,경부선,구로,19294,19502,38796
20210609,경부선,가산디지털단지,18945,21764,40709
20210609,경부선,금천구청,11968,12046,24014
20210609,경부선,석수,10036,8954,18990
20210609,경부선,관악,7507,6978,14485
20210609,경부선,안양,23530,23444,46974
20210609,경부선,명학,9291,9208,18499
20210609,경부선,금정,26572,26689,53261
20210609,경부선,군포,7755,7759,15514
20210609,경부선,의왕,9187,9145,18332
20210609,경부선,성균관대,15018,14789,29807
20210609,경부선,화서,7654,7306,14960
20210609,경부선,수원,32269,33613,65882
20210609,경부선,독산,17635,18679,36314
20210609,경부선,세류,3004,2832,5836
20210609,경부선,병점,14188,14279,28467
20210609,경부선,세마,2595,2447,5042
20210609,경부선,오산대,3561,3389,6950
20210609,경부선,오산,9432,9457,18889
20210609,경부선,진위,1558,1370,2928
20210609,경부선,송탄,3948,3712,7660
20210609,경부선,서정리,6807,6415,13222
20210609,경부선,평택지제,2756,2710,5466
20210609,경부선,평택,11204,10980,22184
20210609,경부선,성환,4337,4256,8593
20210609,경부선,직산,705,726,1431
20210609,경부선,두정,5009,5141,10150
20210609,경부선,천안,4658,4770,9428
20210609,경부선,당정,6392,6126,12518
20210609,경부선,서동탄,1547,1328,2875
20210609,경부선,광명,3178,2644,5822
20210610,경부선,광명,3236,2795,6031
20210610,경부선,서동탄,1514,1289,2803
20210610,경부선,당정,6440,6181,12621
20210610,경부선,천안,4809,4958,9767
20210610,경부선,두정,5304,5254,10558
20210610,경부선,직산,714,725,1439
20210610,경부선,성환,4680,4412,9092
20210610,경부선,평택,11228,11242,22470
20210610,경부선,평택지제,2945,2859,5804
20210610,경부선,서정리,6967,6521,13488
20210610,경부선,송탄,4043,3764,7807
20210610,경부선,진위,1584,1393,2977
20210610,경부선,오산,9553,9267,18820
20210610,경부선,오산대,3546,3312,6858
20210610,경부선,세마,2730,2557,5287
20210610,경부선,병점,14190,14151,28341
20210610,경부선,세류,3027,2823,5850
20210610,경부선,독산,17483,18427,35910
20210610,경부선,수원,32533,34223,66756
20210610,경부선,화서,7469,7245,14714
20210610,경부선,성균관대,15150,14865,30015
20210610,경부선,의왕,9010,9014,18024
20210610,경부선,군포,7801,7725,15526
20210610,경부선,금정,26256,26906,53162
20210610,경부선,명학,9333,9391,18724
20210610,경부선,안양,23849,23860,47709
20210610,경부선,관악,7597,7001,14598
20210610,경부선,석수,10105,9017,19122
20210610,경부선,금천구청,11985,12021,24006
20210610,경부선,가산디지털단지,18531,21656,40187
20210610,경부선,구로,19036,19419,38455
20210610,경부선,신길,9114,7955,17069
20210610,경부선,신도림,4108,4233,8341
20210610,경부선,영등포,35256,35873,71129
20210610,경부선,대방,13068,13553,26621
20210610,경부선,노량진,8235,8329,16564
20210610,경부선,용산,30744,30925,61669
20210610,경부선,남영,9595,9930,19525
20210610,경부선,서울,5053,1681,6734
20210611,경부선,광명,3542,3338,6880
20210611,경부선,서동탄,1551,1421,2972
20210611,경부선,당정,6468,6068,12536
20210611,경부선,천안,5565,5732,11297
20210611,경부선,두정,5926,5984,11910
20210611,경부선,직산,870,791,1661
20210611,경부선,성환,4137,3763,7900
20210611,경부선,평택,12974,12333,25307
20210611,경부선,평택지제,3298,3095,6393
20210611,경부선,서정리,7221,6119,13340
20210611,경부선,송탄,4536,4174,8710
20210611,경부선,진위,1801,1390,3191
20210611,경부선,오산,10059,9687,19746
20210611,경부선,오산대,3555,3287,6842
20210611,경부선,세마,2797,2517,5314
20210611,경부선,병점,14849,14739,29588
20210611,경부선,세류,3091,2917,6008
20210611,경부선,독산,17002,17792,34794
20210611,경부선,수원,35682,38456,74138
20210611,경부선,화서,7385,7207,14592
20210611,경부선,성균관대,15303,15006,30309
20210611,경부선,의왕,9421,9246,18667
20210611,경부선,군포,7835,7812,15647
20210611,경부선,금정,26677,26839,53516
20210611,경부선,명학,9075,8823,17898
20210611,경부선,안양,23964,23992,47956
20210611,경부선,관악,7211,6691,13902
20210611,경부선,석수,9796,8584,18380
20210611,경부선,금천구청,11950,11985,23935
20210611,경부선,가산디지털단지,18403,21245,39648
20210611,경부선,구로,19002,19579,38581
20210611,경부선,신길,9281,7786,17067
20210611,경부선,신도림,4262,4386,8648
20210611,경부선,영등포,37983,39695,77678
20210611,경부선,대방,12831,12956,25787
20210611,경부선,노량진,8648,8631,17279
20210611,경부선,용산,34243,35913,70156
20210611,경부선,남영,9430,9622,19052
20210611,경부선,서울,6498,2223,8721
20210614,경부선,광명,3334,2824,6158
20210614,경부선,서동탄,1553,1333,2886
20210614,경부선,당정,6349,6006,12355
20210614,경부선,천안,5244,5226,10470
20210614,경부선,두정,5194,5546,10740
20210614,경부선,직산,754,752,1506
20210614,경부선,성환,4367,4576,8943
20210614,경부선,평택,11835,11731,23566
20210614,경부선,평택지제,3020,2815,5835
20210614,경부선,서정리,6974,6728,13702
20210614,경부선,송탄,4060,3864,7924
20210614,경부선,진위,1574,1423,2997
20210614,경부선,오산,9782,9914,19696
20210614,경부선,오산대,3669,3427,7096
20210614,경부선,세마,2721,2540,5261
20210614,경부선,병점,14210,14337,28547
20210614,경부선,세류,3106,2831,5937
20210614,경부선,독산,17310,18248,35558
20210614,경부선,수원,33481,34701,68182
20210614,경부선,화서,7627,7270,14897
20210614,경부선,성균관대,14419,14526,28945
20210614,경부선,의왕,9192,9205,18397
20210614,경부선,군포,7741,7797,15538
20210614,경부선,금정,26129,26721,52850
20210614,경부선,명학,9066,9223,18289
20210614,경부선,안양,24898,24979,49877
20210614,경부선,관악,7307,6665,13972
20210614,경부선,석수,9985,8915,18900
20210614,경부선,금천구청,11926,11886,23812
20210614,경부선,가산디지털단지,18782,21662,40444
20210614,경부선,구로,19176,19302,38478
20210614,경부선,신길,9320,7962,17282
20210614,경부선,신도림,4125,4101,8226
20210614,경부선,영등포,34090,35041,69131
20210614,경부선,대방,12848,13074,25922
20210614,경부선,노량진,7816,8185,16001
20210614,경부선,용산,30359,30719,61078
20210614,경부선,남영,9079,9645,18724
20210614,경부선,서울,5508,1697,7205
20210615,경부선,광명,3096,2637,5733
20210615,경부선,서동탄,1466,1270,2736
20210615,경부선,당정,6298,5987,12285
20210615,경부선,천안,4785,4916,9701
20210615,경부선,두정,5299,5402,10701
20210615,경부선,직산,673,763,1436
20210615,경부선,성환,3563,3598,7161
20210615,경부선,평택,10960,10857,21817
20210615,경부선,평택지제,2866,2727,5593
20210615,경부선,서정리,6131,5857,11988
20210615,경부선,송탄,4020,3757,7777
20210615,경부선,진위,1579,1300,2879
20210615,경부선,오산,9466,9357,18823
20210615,경부선,오산대,3737,3546,7283
20210615,경부선,세마,2610,2373,4983
20210615,경부선,병점,14197,14295,28492
20210615,경부선,세류,3009,2821,5830
20210615,경부선,독산,17458,18488,35946
20210615,경부선,수원,33082,34727,67809
20210615,경부선,화서,7456,7214,14670
20210615,경부선,성균관대,13545,13465,27010
20210615,경부선,의왕,9419,9350,18769
20210615,경부선,군포,7752,7669,15421
20210615,경부선,금정,26003,26447,52450
20210615,경부선,명학,9173,9148,18321
20210615,경부선,안양,24875,25023,49898
20210615,경부선,관악,7215,6677,13892
20210615,경부선,석수,9767,8750,18517
20210615,경부선,금천구청,11792,11841,23633
20210615,경부선,가산디지털단지,18673,21690,40363
20210615,경부선,구로,18816,19145,37961
20210615,경부선,신길,9457,7931,17388
20210615,경부선,신도림,4261,4262,8523
20210615,경부선,영등포,34742,35532,70274
20210615,경부선,대방,13059,13261,26320
20210615,경부선,노량진,7983,8055,16038
20210615,경부선,용산,29566,29990,59556
20210615,경부선,남영,9250,9644,18894
20210615,경부선,서울,4839,1561,6400
20210616,경부선,평택,11348,11230,22578
20210616,경부선,평택지제,2891,2818,5709
20210616,경부선,서정리,6212,5858,12070
20210616,경부선,송탄,4151,3857,8008
20210616,경부선,진위,1586,1427,3013
20210616,경부선,오산,9850,9783,19633
20210616,경부선,오산대,3922,3615,7537
20210616,경부선,세마,2694,2545,5239
20210616,경부선,병점,14483,14512,28995
20210616,경부선,세류,3043,2875,5918
20210616,경부선,독산,17639,18635,36274
20210616,경부선,수원,35527,36642,72169
20210616,경부선,화서,7715,7451,15166
20210616,경부선,성균관대,14277,14188,28465
20210616,경부선,의왕,9573,9441,19014
20210616,경부선,군포,7821,7719,15540
20210616,경부선,금정,26732,26964,53696
20210616,경부선,명학,9316,9404,18720
20210616,경부선,안양,25986,26126,52112
20210616,경부선,관악,7616,6983,14599
20210616,경부선,석수,10293,9089,19382
20210616,경부선,금천구청,12221,12223,24444
20210616,경부선,가산디지털단지,18948,21731,40679
20210616,경부선,구로,19665,20141,39806
20210616,경부선,신길,9527,8054,17581
20210616,경부선,신도림,4424,4456,8880
20210616,경부선,영등포,35954,36985,72939
20210616,경부선,대방,13071,13418,26489
20210616,경부선,노량진,8219,8414,16633
20210616,경부선,용산,31323,31728,63051
20210616,경부선,남영,9318,9767,19085
20210616,경부선,서울,4864,1603,6467
20210616,경부선,광명,3150,2744,5894
20210616,경부선,서동탄,1562,1340,2902
20210616,경부선,당정,6481,6208,12689
20210616,경부선,천안,5044,5160,10204
20210616,경부선,두정,5618,5606,11224
20210616,경부선,직산,731,735,1466
20210616,경부선,성환,3963,3985,7948
20210617,경부선,서울,5004,1677,6681
20210617,경부선,남영,9337,9779,19116
20210617,경부선,용산,32451,32726,65177
20210617,경부선,노량진,8261,8460,16721
20210617,경부선,대방,13116,13356,26472
20210617,경부선,영등포,36468,37515,73983
20210617,경부선,신도림,4377,4257,8634
20210617,경부선,신길,9503,8149,17652
20210617,경부선,구로,19128,19531,38659
20210617,경부선,가산디지털단지,18807,21880,40687
20210617,경부선,금천구청,12046,12122,24168
20210617,경부선,석수,10114,8926,19040
20210617,경부선,관악,7551,6923,14474
20210617,경부선,안양,23451,23521,46972
20210617,경부선,명학,9062,9072,18134
20210617,경부선,금정,26720,26787,53507
20210617,경부선,군포,7826,7636,15462
20210617,경부선,의왕,9504,9341,18845
20210617,경부선,성균관대,14012,14049,28061
20210617,경부선,화서,7562,7185,14747
20210617,경부선,수원,35729,37480,73209
20210617,경부선,독산,17314,18439,35753
20210617,경부선,세류,3043,2822,5865
20210617,경부선,병점,14076,14169,28245
20210617,경부선,세마,2658,2469,5127
20210617,경부선,오산대,3705,3405,7110
20210617,경부선,오산,9468,9346,18814
20210617,경부선,진위,1620,1370,2990
20210617,경부선,송탄,3956,3760,7716
20210617,경부선,서정리,6066,5812,11878
20210617,경부선,평택지제,2867,2687,5554
20210617,경부선,평택,11258,11115,22373
20210617,경부선,성환,3397,3350,6747
20210617,경부선,직산,724,733,1457
20210617,경부선,두정,5142,5047,10189
20210617,경부선,천안,4807,4876,9683
20210617,경부선,당정,6529,6176,12705
20210617,경부선,서동탄,1569,1383,2952
20210617,경부선,광명,3287,2844,6131
20210618,경부선,서울,6980,2439,9419
20210618,경부선,남영,9157,9566,18723
20210618,경부선,용산,36743,38615,75358
20210618,경부선,노량진,8750,8596,17346
20210618,경부선,대방,12918,13017,25935
20210618,경부선,영등포,39482,41534,81016
20210618,경부선,신도림,4077,4218,8295
20210618,경부선,신길,9522,7842,17364
20210618,경부선,구로,18985,19493,38478
20210618,경부선,가산디지털단지,18474,21335,39809
20210618,경부선,금천구청,11916,12132,24048
20210618,경부선,석수,9919,8610,18529
20210618,경부선,관악,7156,6597,13753
20210618,경부선,안양,23193,23282,46475
20210618,경부선,명학,8958,8834,17792
20210618,경부선,금정,26441,26525,52966
20210618,경부선,군포,7628,7499,15127
20210618,경부선,의왕,8952,8997,17949
20210618,경부선,성균관대,14091,13880,27971
20210618,경부선,화서,7203,7023,14226
20210618,경부선,수원,37225,40112,77337
20210618,경부선,독산,17165,17932,35097
20210618,경부선,세류,3112,2965,6077
20210618,경부선,병점,15032,14763,29795
20210618,경부선,세마,2812,2524,5336
20210618,경부선,오산대,3534,3342,6876
20210618,경부선,오산,10323,9932,20255
20210618,경부선,진위,1753,1413,3166
20210618,경부선,송탄,4545,4104,8649
20210618,경부선,서정리,7048,5930,12978
20210618,경부선,평택지제,3402,3176,6578
20210618,경부선,평택,13127,12568,25695
20210618,경부선,성환,3837,3575,7412
20210618,경부선,직산,805,774,1579
20210618,경부선,두정,6068,6091,12159
20210618,경부선,천안,5772,5815,11587
20210618,경부선,당정,6276,6055,12331
20210618,경부선,서동탄,1528,1424,2952
20210618,경부선,광명,3498,3333,6831
20210621,경부선,서울,6148,1857,8005
20210621,경부선,남영,9315,9762,19077
20210621,경부선,용산,32576,32818,65394
20210621,경부선,노량진,8220,8164,16384
20210621,경부선,대방,13328,13576,26904
20210621,경부선,영등포,35213,36025,71238
20210621,경부선,신도림,4405,4417,8822
20210621,경부선,신길,9586,8070,17656
20210621,경부선,구로,19351,19283,38634
20210621,경부선,가산디지털단지,19044,22101,41145
20210621,경부선,금천구청,12308,12089,24397
20210621,경부선,석수,10270,8908,19178
20210621,경부선,관악,7427,6788,14215
20210621,경부선,안양,23483,23286,46769
20210621,경부선,명학,9324,9164,18488
20210621,경부선,금정,26305,26790,53095
20210621,경부선,군포,7875,7861,15736
20210621,경부선,의왕,9121,9228,18349
20210621,경부선,성균관대,13979,14151,28130
20210621,경부선,화서,7633,7388,15021
20210621,경부선,수원,34171,35178,69349
20210621,경부선,독산,17483,18655,36138
20210621,경부선,세류,3093,2905,5998
20210621,경부선,병점,13931,13970,27901
20210621,경부선,세마,2638,2476,5114
20210621,경부선,오산대,3192,3029,6221
20210621,경부선,오산,9305,9372,18677
20210621,경부선,진위,1587,1417,3004
20210621,경부선,송탄,4174,3986,8160
20210621,경부선,서정리,5894,5756,11650
20210621,경부선,평택지제,3027,2792,5819
20210621,경부선,평택,11043,11359,22402
20210621,경부선,성환,3340,3463,6803
20210621,경부선,직산,727,746,1473
20210621,경부선,두정,4795,5113,9908
20210621,경부선,천안,4918,5105,10023
20210621,경부선,당정,6281,5961,12242
20210621,경부선,서동탄,1580,1334,2914
20210621,경부선,광명,3424,2811,6235
20210622,경부선,서울,5054,1633,6687
20210622,경부선,남영,9454,9857,19311
20210622,경부선,용산,31771,32588,64359
20210622,경부선,노량진,8140,8321,16461
20210622,경부선,대방,13516,13820,27336
20210622,경부선,영등포,36228,37148,73376
20210622,경부선,신도림,4353,4380,8733
20210622,경부선,신길,9596,8107,17703
20210622,경부선,구로,18965,19522,38487
20210622,경부선,가산디지털단지,19141,22301,41442
20210622,경부선,금천구청,12194,12209,24403
20210622,경부선,석수,10154,9001,19155
20210622,경부선,관악,7463,6964,14427
20210622,경부선,안양,21852,21860,43712
20210622,경부선,명학,9318,9345,18663
20210622,경부선,금정,26617,27252,53869
20210622,경부선,군포,7923,7852,15775
20210622,경부선,의왕,9242,9185,18427
20210622,경부선,성균관대,14178,14006,28184
20210622,경부선,화서,7789,7457,15246
20210622,경부선,수원,32487,34301,66788
20210622,경부선,독산,17731,18726,36457
20210622,경부선,세류,3026,2780,5806
20210622,경부선,병점,13714,13725,27439
20210622,경부선,세마,2679,2497,5176
20210622,경부선,오산대,3269,3098,6367
20210622,경부선,오산,9017,8888,17905
20210622,경부선,진위,1601,1452,3053
20210622,경부선,송탄,4098,3843,7941
20210622,경부선,서정리,5967,5826,11793
20210622,경부선,평택지제,2844,2743,5587
20210622,경부선,평택,10939,10794,21733
20210622,경부선,성환,3177,3241,6418
20210622,경부선,직산,694,693,1387
20210622,경부선,두정,4750,4700,9450
20210622,경부선,천안,4540,4727,9267
20210622,경부선,당정,6371,6090,12461
20210622,경부선,서동탄,1539,1308,2847
20210622,경부선,광명,3186,2791,5977
20210623,경부선,서울,5445,1739,7184
20210623,경부선,남영,9539,9884,19423
20210623,경부선,용산,32445,33492,65937
20210623,경부선,노량진,8138,8459,16597
20210623,경부선,대방,13440,13580,27020
20210623,경부선,영등포,36708,37582,74290
20210623,경부선,신도림,4399,4515,8914
20210623,경부선,신길,9684,8240,17924
20210623,경부선,구로,19353,19711,39064
20210623,경부선,가산디지털단지,18949,21967,40916
20210623,경부선,금천구청,12049,12179,24228
20210623,경부선,석수,9988,8822,18810
20210623,경부선,관악,7318,6845,14163
20210623,경부선,안양,21669,21740,43409
20210623,경부선,명학,9281,9204,18485
20210623,경부선,금정,26668,26841,53509
20210623,경부선,군포,7844,7742,15586
20210623,경부선,의왕,9307,9235,18542
20210623,경부선,성균관대,13969,13869,27838
20210623,경부선,화서,7682,7397,15079
20210623,경부선,수원,32213,33821,66034
20210623,경부선,독산,17656,18559,36215
20210623,경부선,세류,3024,2804,5828
20210623,경부선,병점,13809,13831,27640
20210623,경부선,세마,2725,2570,5295
20210623,경부선,오산대,3265,3006,6271
20210623,경부선,오산,9399,9242,18641
20210623,경부선,진위,1493,1375,2868
20210623,경부선,송탄,4004,3785,7789
20210623,경부선,서정리,5781,5421,11202
20210623,경부선,평택지제,2809,2680,5489
20210623,경부선,평택,10537,10615,21152
20210623,경부선,성환,3083,3032,6115
20210623,경부선,직산,721,699,1420
20210623,경부선,두정,4641,4661,9302
20210623,경부선,천안,4500,4729,9229
20210623,경부선,당정,6263,6049,12312
20210623,경부선,서동탄,1599,1396,2995
20210623,경부선,광명,3212,2746,5958
20210624,경부선,서울,5732,1783,7515
20210624,경부선,남영,9321,9664,18985
20210624,경부선,용산,33129,34246,67375
20210624,경부선,노량진,8670,8571,17241
20210624,경부선,대방,13507,13719,27226
20210624,경부선,영등포,37028,37956,74984
20210624,경부선,신도림,4382,4484,8866
20210624,경부선,신길,9624,8063,17687
20210624,경부선,구로,19258,19582,38840
20210624,경부선,가산디지털단지,19423,22295,41718
20210624,경부선,금천구청,12171,12164,24335
20210624,경부선,석수,10241,8953,19194
20210624,경부선,관악,7585,7012,14597
20210624,경부선,안양,21889,21859,43748
20210624,경부선,명학,9324,9346,18670
20210624,경부선,금정,26829,27150,53979
20210624,경부선,군포,7895,7754,15649
20210624,경부선,의왕,9374,9238,18612
20210624,경부선,성균관대,13942,14004,27946
20210624,경부선,화서,7740,7559,15299
20210624,경부선,수원,33117,35005,68122
20210624,경부선,독산,17727,18892,36619
20210624,경부선,세류,3010,2805,5815
20210624,경부선,병점,14003,14029,28032
20210624,경부선,세마,2757,2577,5334
20210624,경부선,오산대,3353,3099,6452
20210624,경부선,오산,9253,9238,18491
20210624,경부선,진위,1566,1402,2968
20210624,경부선,송탄,4065,3884,7949
20210624,경부선,서정리,6050,5634,11684
20210624,경부선,평택지제,2904,2794,5698
20210624,경부선,평택,10909,10968,21877
20210624,경부선,성환,3180,3223,6403
20210624,경부선,직산,761,769,1530
20210624,경부선,두정,4860,4937,9797
20210624,경부선,천안,4593,4741,9334
20210624,경부선,당정,6449,6056,12505
20210624,경부선,서동탄,1610,1362,2972
20210624,경부선,광명,3310,2884,6194
20210625,경부선,광명,3753,3569,7322
20210625,경부선,서동탄,1630,1524,3154
20210625,경부선,당정,6469,6082,12551
20210625,경부선,천안,5626,5848,11474
20210625,경부선,두정,5668,5874,11542
20210625,경부선,직산,840,776,1616
20210625,경부선,성환,3565,3208,6773
20210625,경부선,평택,13220,12533,25753
20210625,경부선,평택지제,3456,3353,6809
20210625,경부선,서정리,7054,5972,13026
20210625,경부선,송탄,4642,4187,8829
20210625,경부선,진위,1806,1543,3349
20210625,경부선,오산,10340,9801,20141
20210625,경부선,오산대,3493,3305,6798
20210625,경부선,세마,2864,2659,5523
20210625,경부선,병점,15318,14890,30208
20210625,경부선,세류,3382,3233,6615
20210625,경부선,독산,17906,18513,36419
20210625,경부선,수원,36883,40433,77316
20210625,경부선,화서,7971,7629,15600
20210625,경부선,성균관대,14858,14704,29562
20210625,경부선,의왕,9444,9251,18695
20210625,경부선,군포,7906,7830,15736
20210625,경부선,금정,27950,27997,55947
20210625,경부선,명학,9142,9002,18144
20210625,경부선,안양,22603,22897,45500
20210625,경부선,관악,7783,7161,14944
20210625,경부선,석수,10407,9159,19566
20210625,경부선,금천구청,12360,12515,24875
20210625,경부선,가산디지털단지,18894,21955,40849
20210625,경부선,구로,19792,20331,40123
20210625,경부선,신길,9823,8119,17942
20210625,경부선,신도림,4411,4467,8878
20210625,경부선,영등포,41410,43830,85240
20210625,경부선,대방,13634,13602,27236
20210625,경부선,노량진,9154,9140,18294
20210625,경부선,용산,38279,40490,78769
20210625,경부선,남영,9933,10135,20068
20210625,경부선,서울,7824,2506,10330
20210628,경부선,광명,3465,2783,6248
20210628,경부선,서동탄,1558,1314,2872
20210628,경부선,당정,6058,5657,11715
20210628,경부선,천안,4647,4845,9492
20210628,경부선,두정,4646,4788,9434
20210628,경부선,직산,732,725,1457
20210628,경부선,성환,2939,3156,6095
20210628,경부선,평택,10917,10833,21750
20210628,경부선,평택지제,2979,2801,5780
20210628,경부선,서정리,5880,5780,11660
20210628,경부선,송탄,4084,3771,7855
20210628,경부선,진위,1567,1342,2909
20210628,경부선,오산,9272,9625,18897
20210628,경부선,오산대,3179,2906,6085
20210628,경부선,세마,2693,2529,5222
20210628,경부선,병점,13528,13474,27002
20210628,경부선,세류,2984,2769,5753
20210628,경부선,독산,17297,18309,35606
20210628,경부선,수원,31945,33209,65154
20210628,경부선,화서,7340,7020,14360
20210628,경부선,성균관대,13496,13575,27071
20210628,경부선,의왕,8819,8841,17660
20210628,경부선,군포,7362,7498,14860
20210628,경부선,금정,25514,26159,51673
20210628,경부선,명학,9042,9107,18149
20210628,경부선,안양,20986,20765,41751
20210628,경부선,관악,6989,6447,13436
20210628,경부선,석수,9657,8491,18148
20210628,경부선,금천구청,11712,11551,23263
20210628,경부선,가산디지털단지,19070,22058,41128
20210628,경부선,구로,18497,18556,37053
20210628,경부선,신길,9416,8042,17458
20210628,경부선,신도림,4153,4105,8258
20210628,경부선,영등포,35381,36304,71685
20210628,경부선,대방,12890,13391,26281
20210628,경부선,노량진,7862,8083,15945
20210628,경부선,용산,32068,32642,64710
20210628,경부선,남영,9373,9753,19126
20210628,경부선,서울,6256,1819,8075
20210629,경부선,광명,3237,2866,6103
20210629,경부선,서동탄,1600,1390,2990
20210629,경부선,당정,6292,5915,12207
20210629,경부선,천안,4610,4732,9342
20210629,경부선,두정,4637,4710,9347
20210629,경부선,직산,756,754,1510
20210629,경부선,성환,3054,3125,6179
20210629,경부선,평택,10680,10624,21304
20210629,경부선,평택지제,2804,2689,5493
20210629,경부선,서정리,5938,5615,11553
20210629,경부선,송탄,3946,3732,7678
20210629,경부선,진위,1583,1444,3027
20210629,경부선,오산,9049,8915,17964
20210629,경부선,오산대,3208,3005,6213
20210629,경부선,세마,2678,2469,5147
20210629,경부선,병점,13637,13550,27187
20210629,경부선,세류,3101,2800,5901
20210629,경부선,독산,17607,18619,36226
20210629,경부선,수원,31856,33724,65580
20210629,경부선,화서,7762,7541,15303
20210629,경부선,성균관대,14095,13943,28038
20210629,경부선,의왕,9233,9244,18477
20210629,경부선,군포,7833,7825,15658
20210629,경부선,금정,26535,26914,53449
20210629,경부선,명학,9355,9237,18592
20210629,경부선,안양,21638,21395,43033
20210629,경부선,관악,7504,6962,14466
20210629,경부선,석수,10139,9088,19227
20210629,경부선,금천구청,12097,12144,24241
20210629,경부선,가산디지털단지,19190,22105,41295
20210629,경부선,구로,19186,19421,38607
20210629,경부선,신길,9679,8140,17819
20210629,경부선,신도림,4257,4296,8553
20210629,경부선,영등포,36397,37106,73503
20210629,경부선,대방,13172,13584,26756
20210629,경부선,노량진,8028,8110,16138
20210629,경부선,용산,31833,32585,64418
20210629,경부선,남영,9345,9763,19108
20210629,경부선,서울,5202,1660,6862
20210630,경부선,남영,9588,9865,19453
20210630,경부선,서울,5350,1708,7058
20210630,경부선,용산,32181,32359,64540
20210630,경부선,노량진,8189,8196,16385
20210630,경부선,대방,13077,13540,26617
20210630,경부선,영등포,36592,37603,74195
20210630,경부선,신도림,4382,4406,8788
20210630,경부선,신길,9453,7967,17420
20210630,경부선,구로,19495,19866,39361
20210630,경부선,가산디지털단지,19117,22263,41380
20210630,경부선,금천구청,12031,12129,24160
20210630,경부선,석수,10094,8855,18949
20210630,경부선,관악,7361,6901,14262
20210630,경부선,안양,21826,21615,43441
20210630,경부선,명학,9241,9113,18354
20210630,경부선,금정,26762,26967,53729
20210630,경부선,군포,7831,7669,15500
20210630,경부선,의왕,9272,9253,18525
20210630,경부선,성균관대,14043,13999,28042
20210630,경부선,화서,7584,7396,14980
20210630,경부선,수원,31979,33825,65804
20210630,경부선,독산,17716,18583,36299
20210630,경부선,세류,3009,2812,5821
20210630,경부선,병점,13763,13765,27528
20210630,경부선,세마,2766,2570,5336
20210630,경부선,오산대,3195,3074,6269
20210630,경부선,오산,9118,8925,18043
20210630,경부선,진위,1556,1408,2964
20210630,경부선,송탄,3880,3744,7624
20210630,경부선,서정리,5841,5571,11412
20210630,경부선,평택지제,2885,2682,5567
20210630,경부선,평택,10768,10630,21398
20210630,경부선,성환,3127,3200,6327
20210630,경부선,직산,700,727,1427
20210630,경부선,두정,4649,4649,9298
20210630,경부선,천안,4485,4661,9146
20210630,경부선,당정,6302,6065,12367
20210630,경부선,서동탄,1530,1346,2876
20210630,경부선,광명,3135,2667,5802
20210701,경부선,광명,3129,2784,5913
20210701,경부선,서동탄,1562,1310,2872
20210701,경부선,당정,6335,6109,12444
20210701,경부선,천안,4600,4691,9291
20210701,경부선,두정,4831,4956,9787
20210701,경부선,직산,755,773,1528
20210701,경부선,성환,3038,3052,6090
20210701,경부선,평택,11096,10618,21714
20210701,경부선,평택지제,2864,2857,5721
20210701,경부선,서정리,5896,5478,11374
20210701,경부선,송탄,4007,3745,7752
20210701,경부선,진위,1613,1471,3084
20210701,경부선,오산,9051,8963,18014
20210701,경부선,오산대,3256,3048,6304
20210701,경부선,세마,2701,2521,5222
20210701,경부선,병점,13729,13719,27448
20210701,경부선,세류,3082,2850,5932
20210701,경부선,독산,17453,18454,35907
20210701,경부선,수원,32340,34318,66658
20210701,경부선,화서,7680,7460,15140
20210701,경부선,성균관대,13920,13736,27656
20210701,경부선,의왕,9097,8969,18066
20210701,경부선,군포,7757,7682,15439
20210701,경부선,금정,26476,26821,53297
20210701,경부선,명학,9217,9287,18504
20210701,경부선,안양,21924,21527,43451
20210701,경부선,관악,7408,6855,14263
20210701,경부선,석수,10198,9120,19318
20210701,경부선,금천구청,11970,11905,23875
20210701,경부선,가산디지털단지,18893,21802,40695
20210701,경부선,구로,19091,19500,38591
20210701,경부선,신길,9532,8013,17545
20210701,경부선,신도림,4365,4405,8770
20210701,경부선,영등포,36911,38004,74915
20210701,경부선,대방,13229,13490,26719
20210701,경부선,노량진,8607,8625,17232
20210701,경부선,용산,31835,32909,64744
20210701,경부선,남영,9771,10256,20027
20210701,경부선,서울,5219,1690,6909
20210702,경부선,광명,3617,3456,7073
20210702,경부선,서동탄,1608,1462,3070
20210702,경부선,당정,6472,6037,12509
20210702,경부선,천안,5565,5905,11470
20210702,경부선,두정,6264,6375,12639
20210702,경부선,직산,874,832,1706
20210702,경부선,성환,3502,3204,6706
20210702,경부선,평택,13064,12765,25829
20210702,경부선,평택지제,3464,3338,6802
20210702,경부선,서정리,7187,6066,13253
20210702,경부선,송탄,4934,4359,9293
20210702,경부선,진위,1970,1527,3497
20210702,경부선,오산,10342,10012,20354
20210702,경부선,오산대,3601,3329,6930
20210702,경부선,세마,2938,2729,5667
20210702,경부선,병점,15218,15109,30327
20210702,경부선,세류,3365,3088,6453
20210702,경부선,독산,17668,18647,36315
20210702,경부선,수원,36687,40012,76699
20210702,경부선,화서,7838,7517,15355
20210702,경부선,성균관대,14508,14302,28810
20210702,경부선,의왕,9380,9097,18477
20210702,경부선,군포,7838,7728,15566
20210702,경부선,금정,27119,27049,54168
20210702,경부선,명학,9002,8997,17999
20210702,경부선,안양,22212,22272,44484
20210702,경부선,관악,7433,7030,14463
20210702,경부선,석수,10150,8958,19108
20210702,경부선,금천구청,12372,12354,24726
20210702,경부선,가산디지털단지,19062,21947,41009
20210702,경부선,구로,19619,20077,39696
20210702,경부선,신길,9839,8121,17960
20210702,경부선,신도림,4406,4378,8784
20210702,경부선,영등포,40662,42140,82802
20210702,경부선,대방,13556,13606,27162
20210702,경부선,노량진,8914,9011,17925
20210702,경부선,용산,36645,38368,75013
20210702,경부선,남영,9823,10119,19942
20210702,경부선,서울,6997,2420,9417
20210705,경부선,광명,3295,2751,6046
20210705,경부선,서동탄,1571,1338,2909
20210705,경부선,당정,6302,6000,12302
20210705,경부선,천안,4610,4849,9459
20210705,경부선,두정,4516,4707,9223
20210705,경부선,직산,793,746,1539
20210705,경부선,성환,3051,3159,6210
20210705,경부선,평택,10884,11253,22137
20210705,경부선,평택지제,3066,2851,5917
20210705,경부선,서정리,5884,5741,11625
20210705,경부선,송탄,4166,4135,8301
20210705,경부선,진위,1598,1480,3078
20210705,경부선,오산,9119,9240,18359
20210705,경부선,오산대,3124,2934,6058
20210705,경부선,세마,2703,2544,5247
20210705,경부선,병점,13744,13688,27432
20210705,경부선,세류,3061,2859,5920
20210705,경부선,독산,17726,18605,36331
20210705,경부선,수원,32132,33775,65907
20210705,경부선,화서,7585,7255,14840
20210705,경부선,성균관대,13798,13948,27746
20210705,경부선,의왕,9137,9162,18299
20210705,경부선,군포,7860,7937,15797
20210705,경부선,금정,26277,26944,53221
20210705,경부선,명학,9261,9283,18544
20210705,경부선,안양,21263,21197,42460
20210705,경부선,관악,7401,7039,14440
20210705,경부선,석수,9978,8864,18842
20210705,경부선,금천구청,12140,11966,24106
20210705,경부선,가산디지털단지,19375,22282,41657
20210705,경부선,구로,19515,19486,39001
20210705,경부선,신길,9605,8153,17758
20210705,경부선,신도림,4430,4289,8719
20210705,경부선,영등포,35916,36855,72771
20210705,경부선,대방,13418,13659,27077
20210705,경부선,노량진,8213,8348,16561
20210705,경부선,용산,31681,31997,63678
20210705,경부선,남영,9476,9930,19406
20210705,경부선,서울,5554,1693,7247
20210706,경부선,광명,3158,2687,5845
20210706,경부선,서동탄,1545,1365,2910
20210706,경부선,당정,6301,6062,12363
20210706,경부선,천안,4475,4665,9140
20210706,경부선,두정,4356,4523,8879
20210706,경부선,직산,726,721,1447
20210706,경부선,성환,2982,3011,5993
20210706,경부선,평택,10593,10361,20954
20210706,경부선,평택지제,2782,2743,5525
20210706,경부선,서정리,5719,5451,11170
20210706,경부선,송탄,3923,3762,7685
20210706,경부선,진위,1633,1432,3065
20210706,경부선,오산,8937,9048,17985
20210706,경부선,오산대,3332,3123,6455
20210706,경부선,세마,2882,2648,5530
20210706,경부선,병점,13923,13805,27728
20210706,경부선,세류,3060,2778,5838
20210706,경부선,독산,17721,18767,36488
20210706,경부선,수원,31398,33370,64768
20210706,경부선,화서,7657,7485,15142
20210706,경부선,성균관대,13984,13849,27833
20210706,경부선,의왕,9312,9304,18616
20210706,경부선,군포,7802,7842,15644
20210706,경부선,금정,26603,26849,53452
20210706,경부선,명학,9219,9239,18458
20210706,경부선,안양,21097,20983,42080
20210706,경부선,관악,7428,6918,14346
20210706,경부선,석수,10233,8998,19231
20210706,경부선,금천구청,12074,12067,24141
20210706,경부선,가산디지털단지,19260,22209,41469
20210706,경부선,구로,19527,20001,39528
20210706,경부선,신길,9597,8080,17677
20210706,경부선,신도림,4350,4362,8712
20210706,경부선,영등포,36583,37454,74037
20210706,경부선,대방,13457,13847,27304
20210706,경부선,노량진,8348,8526,16874
20210706,경부선,용산,30996,31300,62296
20210706,경부선,남영,9857,10195,20052
20210706,경부선,서울,4860,1591,6451
20210707,경부선,서울,4815,1591,6406
20210707,경부선,남영,9314,9762,19076
20210707,경부선,용산,30249,31056,61305
20210707,경부선,노량진,7788,7912,15700
20210707,경부선,대방,13187,13462,26649
20210707,경부선,영등포,34656,35284,69940
20210707,경부선,신도림,4278,4230,8508
20210707,경부선,신길,9178,7764,16942
20210707,경부선,구로,19239,19641,38880
20210707,경부선,가산디지털단지,18697,21655,40352
20210707,경부선,금천구청,11860,11838,23698
20210707,경부선,석수,9687,8613,18300
20210707,경부선,관악,7110,6716,13826
20210707,경부선,안양,20653,20673,41326
20210707,경부선,명학,9196,9112,18308
20210707,경부선,금정,25979,26284,52263
20210707,경부선,군포,7722,7667,15389
20210707,경부선,의왕,8957,8982,17939
20210707,경부선,성균관대,13630,13410,27040
20210707,경부선,화서,7475,7243,14718
20210707,경부선,수원,30628,31810,62438
20210707,경부선,독산,17411,18610,36021
20210707,경부선,세류,2911,2750,5661
20210707,경부선,병점,13111,13078,26189
20210707,경부선,세마,2719,2485,5204
20210707,경부선,오산대,3003,2856,5859
20210707,경부선,오산,8664,8592,17256
20210707,경부선,진위,1533,1339,2872
20210707,경부선,송탄,3813,3768,7581
20210707,경부선,서정리,5690,5484,11174
20210707,경부선,평택지제,2827,2684,5511
20210707,경부선,평택,10332,10226,20558
20210707,경부선,성환,2864,2970,5834
20210707,경부선,직산,673,652,1325
20210707,경부선,두정,4402,4481,8883
20210707,경부선,천안,4314,4393,8707
20210707,경부선,당정,6190,5838,12028
20210707,경부선,서동탄,1524,1309,2833
20210707,경부선,광명,2999,2528,5527
20210708,경부선,서울,4605,1590,6195
20210708,경부선,남영,9155,9523,18678
20210708,경부선,용산,30339,31309,61648
20210708,경부선,노량진,7807,7761,15568
20210708,경부선,대방,12770,13123,25893
20210708,경부선,영등포,33502,34476,67978
20210708,경부선,신도림,4113,4149,8262
20210708,경부선,신길,9088,7649,16737
20210708,경부선,구로,18577,18947,37524
20210708,경부선,가산디지털단지,18322,21371,39693
20210708,경부선,금천구청,11358,11573,22931
20210708,경부선,석수,9650,8496,18146
20210708,경부선,관악,6973,6549,13522
20210708,경부선,안양,20120,20169,40289
20210708,경부선,명학,8936,8949,17885
20210708,경부선,금정,25424,25753,51177
20210708,경부선,군포,7621,7445,15066
20210708,경부선,의왕,9032,8823,17855
20210708,경부선,성균관대,13288,13255,26543
20210708,경부선,화서,7150,6911,14061
20210708,경부선,수원,29768,31790,61558
20210708,경부선,독산,17006,18060,35066
20210708,경부선,세류,2901,2701,5602
20210708,경부선,병점,12864,12816,25680
20210708,경부선,세마,2639,2547,5186
20210708,경부선,오산대,3010,2830,5840
20210708,경부선,오산,8804,8911,17715
20210708,경부선,진위,1532,1391,2923
20210708,경부선,송탄,3723,3622,7345
20210708,경부선,서정리,5528,5186,10714
20210708,경부선,평택지제,2723,2601,5324
20210708,경부선,평택,10036,9907,19943
20210708,경부선,성환,2901,2933,5834
20210708,경부선,직산,658,652,1310
20210708,경부선,두정,4445,4612,9057
20210708,경부선,천안,4173,4230,8403
20210708,경부선,당정,6044,5798,11842
20210708,경부선,서동탄,1446,1228,2674
20210708,경부선,광명,2907,2540,5447
20210709,경부선,서울,5797,2177,7974
20210709,경부선,남영,9020,9348,18368
20210709,경부선,용산,33017,35338,68355
20210709,경부선,노량진,8246,8057,16303
20210709,경부선,대방,12564,12607,25171
20210709,경부선,영등포,35622,37460,73082
20210709,경부선,신도림,4161,4110,8271
20210709,경부선,신길,9170,7556,16726
20210709,경부선,구로,18859,19348,38207
20210709,경부선,가산디지털단지,17666,20698,38364
20210709,경부선,금천구청,11535,11688,23223
20210709,경부선,석수,9747,8536,18283
20210709,경부선,관악,7157,6656,13813
20210709,경부선,안양,20327,20608,40935
20210709,경부선,명학,8884,8752,17636
20210709,경부선,금정,25834,25830,51664
20210709,경부선,군포,7509,7484,14993
20210709,경부선,의왕,8941,8845,17786
20210709,경부선,성균관대,13552,13436,26988
20210709,경부선,화서,7291,7184,14475
20210709,경부선,수원,32680,35538,68218
20210709,경부선,독산,16665,17444,34109
20210709,경부선,세류,2985,2875,5860
20210709,경부선,병점,13822,13534,27356
20210709,경부선,세마,2766,2516,5282
20210709,경부선,오산대,3184,2994,6178
20210709,경부선,오산,9531,9138,18669
20210709,경부선,진위,1814,1447,3261
20210709,경부선,송탄,4156,3897,8053
20210709,경부선,서정리,6510,5480,11990
20210709,경부선,평택지제,3222,2997,6219
20210709,경부선,평택,11926,11449,23375
20210709,경부선,성환,3393,3215,6608
20210709,경부선,직산,816,770,1586
20210709,경부선,두정,6017,6128,12145
20210709,경부선,천안,5274,5510,10784
20210709,경부선,당정,6007,5675,11682
20210709,경부선,서동탄,1470,1328,2798
20210709,경부선,광명,3184,3077,6261
20210712,경부선,서울,4457,1464,5921
20210712,경부선,남영,8163,8587,16750
20210712,경부선,용산,26803,27338,54141
20210712,경부선,노량진,7057,7173,14230
20210712,경부선,대방,11288,11646,22934
20210712,경부선,영등포,29320,29653,58973
20210712,경부선,신도림,3794,3742,7536
20210712,경부선,신길,8360,6977,15337
20210712,경부선,구로,17627,17718,35345
20210712,경부선,가산디지털단지,16436,19545,35981
20210712,경부선,금천구청,10567,10545,21112
20210712,경부선,석수,8734,7874,16608
20210712,경부선,관악,6263,5910,12173
20210712,경부선,안양,18340,18153,36493
20210712,경부선,명학,8148,8266,16414
20210712,경부선,금정,23245,23781,47026
20210712,경부선,군포,7260,7287,14547
20210712,경부선,의왕,8053,8220,16273
20210712,경부선,성균관대,11889,11999,23888
20210712,경부선,화서,6551,6297,12848
20210712,경부선,수원,27038,28399,55437
20210712,경부선,독산,15965,17027,32992
20210712,경부선,세류,2674,2511,5185
20210712,경부선,병점,11949,11867,23816
20210712,경부선,세마,2313,2199,4512
20210712,경부선,오산대,2734,2567,5301
20210712,경부선,오산,8130,8126,16256
20210712,경부선,진위,1412,1328,2740
20210712,경부선,송탄,3683,3383,7066
20210712,경부선,서정리,5240,5142,10382
20210712,경부선,평택지제,2639,2632,5271
20210712,경부선,평택,9552,9434,18986
20210712,경부선,성환,2809,2960,5769
20210712,경부선,직산,666,644,1310
20210712,경부선,두정,4231,4393,8624
20210712,경부선,천안,4220,4498,8718
20210712,경부선,당정,5434,5189,10623
20210712,경부선,서동탄,1325,1089,2414
20210712,경부선,광명,2909,2524,5433
20210713,경부선,광명,2579,2313,4892
20210713,경부선,서동탄,1335,1133,2468
20210713,경부선,당정,5343,5128,10471
20210713,경부선,천안,4182,4263,8445
20210713,경부선,두정,4036,4187,8223
20210713,경부선,직산,679,691,1370
20210713,경부선,성환,2707,2711,5418
20210713,경부선,평택,9319,9186,18505
20210713,경부선,평택지제,2501,2428,4929
20210713,경부선,서정리,5030,4835,9865
20210713,경부선,송탄,3483,3270,6753
20210713,경부선,진위,1465,1308,2773
20210713,경부선,오산,8099,8152,16251
20210713,경부선,오산대,2707,2546,5253
20210713,경부선,세마,2308,2145,4453
20210713,경부선,병점,11692,11662,23354
20210713,경부선,세류,2644,2446,5090
20210713,경부선,독산,15943,16727,32670
20210713,경부선,수원,26461,27814,54275
20210713,경부선,화서,6473,6234,12707
20210713,경부선,성균관대,11701,11762,23463
20210713,경부선,의왕,7931,7955,15886
20210713,경부선,군포,7247,7188,14435
20210713,경부선,금정,23146,23597,46743
20210713,경부선,명학,8424,8361,16785
20210713,경부선,안양,18022,18065,36087
20210713,경부선,관악,6307,6001,12308
20210713,경부선,석수,8730,7864,16594
20210713,경부선,금천구청,10496,10446,20942
20210713,경부선,가산디지털단지,16241,19107,35348
20210713,경부선,구로,17361,17530,34891
20210713,경부선,신길,8124,6800,14924
20210713,경부선,신도림,3704,3753,7457
20210713,경부선,영등포,29568,30072,59640
20210713,경부선,대방,11334,11649,22983
20210713,경부선,노량진,7088,7062,14150
20210713,경부선,용산,25788,26062,51850
20210713,경부선,남영,8054,8582,16636
20210713,경부선,서울,3637,1319,4956
20210714,경부선,광명,2548,2288,4836
20210714,경부선,서동탄,1311,1098,2409
20210714,경부선,당정,5208,5083,10291
20210714,경부선,천안,4131,4391,8522
20210714,경부선,두정,4294,4358,8652
20210714,경부선,직산,651,638,1289
20210714,경부선,성환,2658,2800,5458
20210714,경부선,평택,9179,9016,18195
20210714,경부선,평택지제,2531,2480,5011
20210714,경부선,서정리,4938,4725,9663
20210714,경부선,송탄,3485,3302,6787
20210714,경부선,진위,1479,1264,2743
20210714,경부선,오산,7756,7772,15528
20210714,경부선,오산대,2682,2455,5137
20210714,경부선,세마,2262,2152,4414
20210714,경부선,병점,11699,11525,23224
20210714,경부선,세류,2619,2463,5082
20210714,경부선,독산,15651,16497,32148
20210714,경부선,수원,26360,27994,54354
20210714,경부선,화서,6535,6277,12812
20210714,경부선,성균관대,11687,11700,23387
20210714,경부선,의왕,7986,7955,15941
20210714,경부선,군포,7180,7086,14266
20210714,경부선,금정,22936,23217,46153
20210714,경부선,명학,8194,8213,16407
20210714,경부선,안양,17904,17959,35863
20210714,경부선,관악,6229,5762,11991
20210714,경부선,석수,8649,7705,16354
20210714,경부선,금천구청,10397,10422,20819
20210714,경부선,가산디지털단지,15824,18699,34523
20210714,경부선,구로,17100,17275,34375
20210714,경부선,신길,7886,6705,14591
20210714,경부선,신도림,3699,3774,7473
20210714,경부선,영등포,29538,30289,59827
20210714,경부선,대방,11177,11502,22679
20210714,경부선,노량진,6992,6960,13952
20210714,경부선,용산,26162,26638,52800
20210714,경부선,남영,7715,8032,15747
20210714,경부선,서울,3745,1387,5132
20210715,경부선,광명,2577,2349,4926
20210715,경부선,서동탄,1275,1086,2361
20210715,경부선,당정,5129,4841,9970
20210715,경부선,천안,4029,4103,8132
20210715,경부선,두정,4120,4129,8249
20210715,경부선,직산,623,662,1285
20210715,경부선,성환,2586,2633,5219
20210715,경부선,평택,8888,8865,17753
20210715,경부선,평택지제,2490,2372,4862
20210715,경부선,서정리,4931,4640,9571
20210715,경부선,송탄,3388,3295,6683
20210715,경부선,진위,1398,1249,2647
20210715,경부선,오산,7725,7674,15399
20210715,경부선,오산대,2623,2493,5116
20210715,경부선,세마,2273,2192,4465
20210715,경부선,병점,11289,11208,22497
20210715,경부선,세류,2522,2361,4883
20210715,경부선,독산,15596,16170,31766
20210715,경부선,수원,26293,28030,54323
20210715,경부선,화서,6282,6115,12397
20210715,경부선,성균관대,11498,11368,22866
20210715,경부선,의왕,7760,7699,15459
20210715,경부선,군포,6962,6998,13960
20210715,경부선,금정,22430,22768,45198
20210715,경부선,명학,8176,8052,16228
20210715,경부선,안양,17629,17628,35257
20210715,경부선,관악,6123,5743,11866
20210715,경부선,석수,8509,7628,16137
20210715,경부선,금천구청,10331,10320,20651
20210715,경부선,가산디지털단지,15791,18705,34496
20210715,경부선,구로,16660,16773,33433
20210715,경부선,신길,7804,6369,14173
20210715,경부선,신도림,3539,3524,7063
20210715,경부선,영등포,29492,30262,59754
20210715,경부선,대방,11002,11331,22333
20210715,경부선,노량진,6802,6805,13607
20210715,경부선,용산,25572,26427,51999
20210715,경부선,남영,7613,7995,15608
20210715,경부선,서울,3507,1433,4940
20210716,경부선,광명,2776,2775,5551
20210716,경부선,서동탄,1289,1150,2439
20210716,경부선,당정,5032,4866,9898
20210716,경부선,천안,4733,5032,9765
20210716,경부선,두정,5088,4993,10081
20210716,경부선,직산,718,694,1412
20210716,경부선,성환,3100,2851,5951
20210716,경부선,평택,10609,10053,20662
20210716,경부선,평택지제,2983,2802,5785
20210716,경부선,서정리,5747,4927,10674
20210716,경부선,송탄,3769,3614,7383
20210716,경부선,진위,1542,1258,2800
20210716,경부선,오산,8564,8344,16908
20210716,경부선,오산대,2888,2598,5486
20210716,경부선,세마,2264,2135,4399
20210716,경부선,병점,12357,11942,24299
20210716,경부선,세류,2717,2627,5344
20210716,경부선,독산,15413,15994,31407
20210716,경부선,수원,28617,31147,59764
20210716,경부선,화서,6389,6225,12614
20210716,경부선,성균관대,11833,11648,23481
20210716,경부선,의왕,7792,7683,15475
20210716,경부선,군포,7055,6869,13924
20210716,경부선,금정,22980,23175,46155
20210716,경부선,명학,7998,8000,15998
20210716,경부선,안양,17751,18048,35799
20210716,경부선,관악,6068,5655,11723
20210716,경부선,석수,8461,7546,16007
20210716,경부선,금천구청,10281,10406,20687
20210716,경부선,가산디지털단지,15345,18164,33509
20210716,경부선,구로,16683,16970,33653
20210716,경부선,신길,7848,6281,14129
20210716,경부선,신도림,3416,3450,6866
20210716,경부선,영등포,32044,33293,65337
20210716,경부선,대방,10929,11140,22069
20210716,경부선,노량진,7045,7006,14051
20210716,경부선,용산,28985,30960,59945
20210716,경부선,남영,7475,7694,15169
20210716,경부선,서울,4754,1947,6701
20210719,경부선,서울,4335,1405,5740
20210719,경부선,남영,7472,7986,15458
20210719,경부선,용산,25879,25843,51722
20210719,경부선,노량진,6591,6797,13388
20210719,경부선,대방,11218,11517,22735
20210719,경부선,영등포,28889,29161,58050
20210719,경부선,신도림,3408,3537,6945
20210719,경부선,신길,7790,6478,14268
20210719,경부선,구로,16656,16521,33177
20210719,경부선,가산디지털단지,15981,18835,34816
20210719,경부선,금천구청,10159,10290,20449
20210719,경부선,석수,8481,7536,16017
20210719,경부선,관악,6162,5792,11954
20210719,경부선,안양,17766,17648,35414
20210719,경부선,명학,8135,8163,16298
20210719,경부선,금정,22764,23209,45973
20210719,경부선,군포,7026,7110,14136
20210719,경부선,의왕,7820,7925,15745
20210719,경부선,성균관대,11502,11507,23009
20210719,경부선,화서,6344,6164,12508
20210719,경부선,수원,26421,27629,54050
20210719,경부선,독산,15847,16522,32369
20210719,경부선,세류,2618,2442,5060
20210719,경부선,병점,11444,11246,22690
20210719,경부선,세마,2271,2170,4441
20210719,경부선,오산대,2624,2456,5080
20210719,경부선,오산,7720,7986,15706
20210719,경부선,진위,1417,1265,2682
20210719,경부선,송탄,3454,3326,6780
20210719,경부선,서정리,5038,4964,10002
20210719,경부선,평택지제,2566,2537,5103
20210719,경부선,평택,9441,9207,18648
20210719,경부선,성환,2628,2786,5414
20210719,경부선,직산,697,680,1377
20210719,경부선,두정,4100,4236,8336
20210719,경부선,천안,4280,4452,8732
20210719,경부선,당정,5117,4989,10106
20210719,경부선,서동탄,1280,1073,2353
20210719,경부선,광명,2730,2350,5080
20210720,경부선,서울,3828,1333,5161
20210720,경부선,남영,7639,7969,15608
20210720,경부선,용산,25414,25766,51180
20210720,경부선,노량진,6968,6944,13912
20210720,경부선,대방,11171,11471,22642
20210720,경부선,영등포,30201,30615,60816
20210720,경부선,신도림,3578,3562,7140
20210720,경부선,신길,7858,6560,14418
20210720,경부선,구로,16994,17266,34260
20210720,경부선,가산디지털단지,15996,18834,34830
20210720,경부선,금천구청,10361,10388,20749
20210720,경부선,석수,8730,7735,16465
20210720,경부선,관악,6330,5929,12259
20210720,경부선,안양,17715,17705,35420
20210720,경부선,명학,8291,8318,16609
20210720,경부선,금정,23136,23389,46525
20210720,경부선,군포,7071,7100,14171
20210720,경부선,의왕,7783,7818,15601
20210720,경부선,성균관대,11575,11628,23203
20210720,경부선,화서,6363,6167,12530
20210720,경부선,수원,26484,27830,54314
20210720,경부선,독산,15810,16662,32472
20210720,경부선,세류,2664,2435,5099
20210720,경부선,병점,11503,11476,22979
20210720,경부선,세마,2273,2113,4386
20210720,경부선,오산대,2659,2400,5059
20210720,경부선,오산,7809,7894,15703
20210720,경부선,진위,1383,1249,2632
20210720,경부선,송탄,3446,3307,6753
20210720,경부선,서정리,5107,4894,10001
20210720,경부선,평택지제,2495,2312,4807
20210720,경부선,평택,9215,9105,18320
20210720,경부선,성환,2551,2568,5119
20210720,경부선,직산,685,665,1350
20210720,경부선,두정,3827,3888,7715
20210720,경부선,천안,4151,4261,8412
20210720,경부선,당정,5263,4966,10229
20210720,경부선,서동탄,1289,1134,2423
20210720,경부선,광명,2549,2289,4838
20210721,경부선,서울,3784,1341,5125
20210721,경부선,남영,7566,7891,15457
20210721,경부선,용산,25072,25635,50707
20210721,경부선,노량진,6691,6814,13505
20210721,경부선,대방,11032,11339,22371
20210721,경부선,영등포,29749,30458,60207
20210721,경부선,신도림,3429,3482,6911
20210721,경부선,신길,7733,6418,14151
20210721,경부선,구로,16723,16862,33585
20210721,경부선,가산디지털단지,15761,18499,34260
20210721,경부선,금천구청,10129,10135,20264
20210721,경부선,석수,8516,7641,16157
20210721,경부선,관악,6177,5849,12026
20210721,경부선,안양,17737,17711,35448
20210721,경부선,명학,8131,8226,16357
20210721,경부선,금정,22861,23072,45933
20210721,경부선,군포,6968,6962,13930
20210721,경부선,의왕,7719,7702,15421
20210721,경부선,성균관대,11283,11399,22682
20210721,경부선,화서,6339,6063,12402
20210721,경부선,수원,26370,27682,54052
20210721,경부선,독산,15499,16181,31680
20210721,경부선,세류,2501,2398,4899
20210721,경부선,병점,11353,11179,22532
20210721,경부선,세마,2265,2145,4410
20210721,경부선,오산대,2595,2469,5064
20210721,경부선,오산,7630,7714,15344
20210721,경부선,진위,1431,1242,2673
20210721,경부선,송탄,3424,3263,6687
20210721,경부선,서정리,5031,4909,9940
20210721,경부선,평택지제,2411,2362,4773
20210721,경부선,평택,9130,9014,18144
20210721,경부선,성환,2466,2473,4939
20210721,경부선,직산,644,632,1276
20210721,경부선,두정,4047,4095,8142
20210721,경부선,천안,4167,4299,8466
20210721,경부선,당정,5186,4945,10131
20210721,경부선,서동탄,1275,1114,2389
20210721,경부선,광명,2465,2247,4712
20210722,경부선,광명,2521,2327,4848
20210722,경부선,서동탄,1250,1057,2307
20210722,경부선,당정,5035,4839,9874
20210722,경부선,천안,4096,4215,8311
20210722,경부선,두정,4001,4075,8076
20210722,경부선,직산,653,689,1342
20210722,경부선,성환,2406,2417,4823
20210722,경부선,평택,8817,8687,17504
20210722,경부선,평택지제,2464,2348,4812
20210722,경부선,서정리,4976,4735,9711
20210722,경부선,송탄,3290,3168,6458
20210722,경부선,진위,1337,1229,2566
20210722,경부선,오산,7624,7606,15230
20210722,경부선,오산대,2566,2382,4948
20210722,경부선,세마,2271,2160,4431
20210722,경부선,병점,11449,11260,22709
20210722,경부선,세류,2493,2351,4844
20210722,경부선,독산,15414,16065,31479
20210722,경부선,수원,25969,27464,53433
20210722,경부선,화서,6260,6046,12306
20210722,경부선,성균관대,11276,11094,22370
20210722,경부선,의왕,7597,7626,15223
20210722,경부선,군포,6927,6916,13843
20210722,경부선,금정,22514,22934,45448
20210722,경부선,명학,8092,8037,16129
20210722,경부선,안양,17402,17540,34942
20210722,경부선,관악,6069,5718,11787
20210722,경부선,석수,8351,7353,15704
20210722,경부선,금천구청,9830,9901,19731
20210722,경부선,가산디지털단지,15340,18233,33573
20210722,경부선,구로,16401,16537,32938
20210722,경부선,신길,7681,6302,13983
20210722,경부선,신도림,3424,3391,6815
20210722,경부선,영등포,29712,30442,60154
20210722,경부선,대방,10964,11259,22223
20210722,경부선,노량진,6505,6586,13091
20210722,경부선,용산,25492,26213,51705
20210722,경부선,남영,7565,7841,15406
20210722,경부선,서울,3785,1400,5185
20210723,경부선,서울,4840,1875,6715
20210723,경부선,남영,7555,7822,15377
20210723,경부선,용산,28240,30252,58492
20210723,경부선,노량진,6987,6992,13979
20210723,경부선,대방,10893,11117,22010
20210723,경부선,영등포,32274,33604,65878
20210723,경부선,신도림,3366,3420,6786
20210723,경부선,신길,7787,6445,14232
20210723,경부선,구로,16670,16952,33622
20210723,경부선,가산디지털단지,15434,18120,33554
20210723,경부선,금천구청,9992,10247,20239
20210723,경부선,석수,8496,7503,15999
20210723,경부선,관악,6126,5687,11813
20210723,경부선,안양,18019,18240,36259
20210723,경부선,명학,8051,7874,15925
20210723,경부선,금정,22992,22998,45990
20210723,경부선,군포,6852,6812,13664
20210723,경부선,의왕,7643,7704,15347
20210723,경부선,성균관대,11556,11579,23135
20210723,경부선,화서,6228,6156,12384
20210723,경부선,수원,28577,31187,59764
20210723,경부선,독산,15277,15936,31213
20210723,경부선,세류,2694,2501,5195
20210723,경부선,병점,12243,11980,24223
20210723,경부선,세마,2330,2171,4501
20210723,경부선,오산대,2757,2536,5293
20210723,경부선,오산,8650,8326,16976
20210723,경부선,진위,1566,1249,2815
20210723,경부선,송탄,3702,3460,7162
20210723,경부선,서정리,5643,4880,10523
20210723,경부선,평택지제,2949,2818,5767
20210723,경부선,평택,10490,10035,20525
20210723,경부선,성환,2850,2653,5503
20210723,경부선,직산,754,701,1455
20210723,경부선,두정,4991,4955,9946
20210723,경부선,천안,4750,5206,9956
20210723,경부선,당정,5158,4865,10023
20210723,경부선,서동탄,1279,1104,2383
20210723,경부선,광명,2785,2792,5577
20210726,경부선,광명,2877,2378,5255
20210726,경부선,서동탄,1300,1121,2421
20210726,경부선,당정,5141,4870,10011
20210726,경부선,천안,4163,4382,8545
20210726,경부선,두정,3980,3999,7979
20210726,경부선,직산,668,659,1327
20210726,경부선,성환,2533,2686,5219
20210726,경부선,평택,9118,9009,18127
20210726,경부선,평택지제,2585,2480,5065
20210726,경부선,서정리,4922,4810,9732
20210726,경부선,송탄,3441,3199,6640
20210726,경부선,진위,1354,1202,2556
20210726,경부선,오산,7770,8032,15802
20210726,경부선,오산대,2628,2336,4964
20210726,경부선,세마,2193,2083,4276
20210726,경부선,병점,11318,11300,22618
20210726,경부선,세류,2535,2391,4926
20210726,경부선,독산,15567,16412,31979
20210726,경부선,수원,26847,28074,54921
20210726,경부선,화서,6279,6087,12366
20210726,경부선,성균관대,11342,11335,22677
20210726,경부선,의왕,7586,7694,15280
20210726,경부선,군포,6738,6810,13548
20210726,경부선,금정,22315,22928,45243
20210726,경부선,명학,8154,8163,16317
20210726,경부선,안양,17445,17428,34873
20210726,경부선,관악,5990,5716,11706
20210726,경부선,석수,8517,7440,15957
20210726,경부선,금천구청,9866,9891,19757
20210726,경부선,가산디지털단지,15723,18753,34476
20210726,경부선,구로,16597,16623,33220
20210726,경부선,신길,7642,6374,14016
20210726,경부선,신도림,3466,3464,6930
20210726,경부선,영등포,30134,30613,60747
20210726,경부선,대방,10814,11188,22002
20210726,경부선,노량진,6486,6852,13338
20210726,경부선,용산,26608,26561,53169
20210726,경부선,남영,7494,7961,15455
20210726,경부선,서울,4223,1360,5583
20210727,경부선,광명,2626,2307,4933
20210727,경부선,서동탄,1267,1078,2345
20210727,경부선,당정,4947,4836,9783
20210727,경부선,천안,4201,4284,8485
20210727,경부선,두정,3728,3764,7492
20210727,경부선,직산,626,583,1209
20210727,경부선,성환,2416,2436,4852
20210727,경부선,평택,8853,8803,17656
20210727,경부선,평택지제,2425,2353,4778
20210727,경부선,서정리,4882,4668,9550
20210727,경부선,송탄,3366,3163,6529
20210727,경부선,진위,1296,1114,2410
20210727,경부선,오산,7700,7766,15466
20210727,경부선,오산대,2596,2434,5030
20210727,경부선,세마,2237,2118,4355
20210727,경부선,병점,11313,11226,22539
20210727,경부선,세류,2498,2373,4871
20210727,경부선,독산,15414,16161,31575
20210727,경부선,수원,26205,27417,53622
20210727,경부선,화서,6167,6069,12236
20210727,경부선,성균관대,11325,11314,22639
20210727,경부선,의왕,7665,7599,15264
20210727,경부선,군포,6749,6758,13507
20210727,경부선,금정,22356,22645,45001
20210727,경부선,명학,8026,8020,16046
20210727,경부선,안양,17269,17364,34633
20210727,경부선,관악,6146,5728,11874
20210727,경부선,석수,8311,7566,15877
20210727,경부선,금천구청,9792,9836,19628
20210727,경부선,가산디지털단지,15568,18345,33913
20210727,경부선,구로,16409,16702,33111
20210727,경부선,신길,7652,6370,14022
20210727,경부선,신도림,3407,3370,6777
20210727,경부선,영등포,30255,30640,60895
20210727,경부선,대방,10640,11097,21737
20210727,경부선,노량진,6590,6688,13278
20210727,경부선,용산,25667,25882,51549
20210727,경부선,남영,7486,7845,15331
20210727,경부선,서울,3769,1308,5077
20210728,경부선,서울,3702,1389,5091
20210728,경부선,남영,7498,7847,15345
20210728,경부선,용산,26087,26438,52525
20210728,경부선,노량진,6807,6895,13702
20210728,경부선,대방,10844,11281,22125
20210728,경부선,영등포,30103,30776,60879
20210728,경부선,신도림,3405,3463,6868
20210728,경부선,신길,7629,6233,13862
20210728,경부선,구로,16319,16537,32856
20210728,경부선,가산디지털단지,15351,18036,33387
20210728,경부선,금천구청,9704,9799,19503
20210728,경부선,석수,8435,7530,15965
20210728,경부선,관악,5992,5599,11591
20210728,경부선,안양,17426,17423,34849
20210728,경부선,명학,7932,7818,15750
20210728,경부선,금정,22212,22579,44791
20210728,경부선,군포,6679,6583,13262
20210728,경부선,의왕,7443,7508,14951
20210728,경부선,성균관대,11225,11175,22400
20210728,경부선,화서,6140,5985,12125
20210728,경부선,수원,25972,27562,53534
20210728,경부선,독산,15163,16114,31277
20210728,경부선,세류,2463,2312,4775
20210728,경부선,병점,11229,11096,22325
20210728,경부선,세마,2251,2035,4286
20210728,경부선,오산대,2505,2295,4800
20210728,경부선,오산,7843,7785,15628
20210728,경부선,진위,1306,1135,2441
20210728,경부선,송탄,3325,3204,6529
20210728,경부선,서정리,4736,4622,9358
20210728,경부선,평택지제,2494,2414,4908
20210728,경부선,평택,8753,8628,17381
20210728,경부선,성환,2351,2344,4695
20210728,경부선,직산,628,600,1228
20210728,경부선,두정,3933,3925,7858
20210728,경부선,천안,4158,4326,8484
20210728,경부선,당정,4899,4707,9606
20210728,경부선,서동탄,1269,1083,2352
20210728,경부선,광명,2638,2290,4928
20210729,경부선,서울,3845,1436,5281
20210729,경부선,남영,7291,7732,15023
20210729,경부선,용산,24957,25941,50898
20210729,경부선,노량진,6558,6548,13106
20210729,경부선,대방,10826,11041,21867
20210729,경부선,영등포,30125,31124,61249
20210729,경부선,신도림,3298,3426,6724
20210729,경부선,신길,7432,6267,13699
20210729,경부선,구로,16274,16334,32608
20210729,경부선,가산디지털단지,15182,18036,33218
20210729,경부선,금천구청,9665,9751,19416
20210729,경부선,석수,8239,7256,15495
20210729,경부선,관악,5982,5606,11588
20210729,경부선,안양,17216,17162,34378
20210729,경부선,명학,7912,7850,15762
20210729,경부선,금정,22165,22330,44495
20210729,경부선,군포,6672,6668,13340
20210729,경부선,의왕,7374,7425,14799
20210729,경부선,성균관대,11057,11007,22064
20210729,경부선,화서,5973,5798,11771
20210729,경부선,수원,26310,27788,54098
20210729,경부선,독산,14890,15729,30619
20210729,경부선,세류,2450,2346,4796
20210729,경부선,병점,11113,11055,22168
20210729,경부선,세마,2193,2010,4203
20210729,경부선,오산대,2551,2421,4972
20210729,경부선,오산,7855,7764,15619
20210729,경부선,진위,1289,1136,2425
20210729,경부선,송탄,3281,3162,6443
20210729,경부선,서정리,4847,4553,9400
20210729,경부선,평택지제,2456,2431,4887
20210729,경부선,평택,8882,8800,17682
20210729,경부선,성환,2345,2363,4708
20210729,경부선,직산,622,643,1265
20210729,경부선,두정,3898,3930,7828
20210729,경부선,천안,4213,4295,8508
20210729,경부선,당정,4927,4782,9709
20210729,경부선,서동탄,1232,1104,2336
20210729,경부선,광명,2520,2350,4870
20210730,경부선,광명,2835,2839,5674
20210730,경부선,서동탄,1230,1128,2358
20210730,경부선,당정,4955,4806,9761
20210730,경부선,천안,4870,5261,10131
20210730,경부선,두정,4678,4682,9360
20210730,경부선,직산,728,726,1454
20210730,경부선,성환,2793,2655,5448
20210730,경부선,평택,10831,10255,21086
20210730,경부선,평택지제,2931,2712,5643
20210730,경부선,서정리,5734,4852,10586
20210730,경부선,송탄,3828,3464,7292
20210730,경부선,진위,1423,1176,2599
20210730,경부선,오산,8664,8323,16987
20210730,경부선,오산대,2651,2550,5201
20210730,경부선,세마,2360,2157,4517
20210730,경부선,병점,12121,11704,23825
20210730,경부선,세류,2732,2442,5174
20210730,경부선,독산,14718,15289,30007
20210730,경부선,수원,29016,31542,60558
20210730,경부선,화서,5972,5905,11877
20210730,경부선,성균관대,11453,11321,22774
20210730,경부선,의왕,7483,7335,14818
20210730,경부선,군포,6562,6411,12973
20210730,경부선,금정,22238,22512,44750
20210730,경부선,명학,7543,7392,14935
20210730,경부선,안양,17540,17750,35290
20210730,경부선,관악,5999,5702,11701
20210730,경부선,석수,8317,7423,15740
20210730,경부선,금천구청,9633,9827,19460
20210730,경부선,가산디지털단지,14999,17833,32832
20210730,경부선,구로,16177,16530,32707
20210730,경부선,신길,7613,6196,13809
20210730,경부선,신도림,3288,3358,6646
20210730,경부선,영등포,32544,34143,66687
20210730,경부선,대방,10788,10905,21693
20210730,경부선,노량진,6941,6812,13753
20210730,경부선,용산,27822,30681,58503
20210730,경부선,남영,7547,7800,15347
20210730,경부선,서울,4761,1876,6637
20210802,경부선,광명,2806,2263,5069
20210802,경부선,서동탄,1130,939,2069
20210802,경부선,당정,4600,4522,9122
20210802,경부선,천안,4278,4503,8781
20210802,경부선,두정,3569,3722,7291
20210802,경부선,직산,585,550,1135
20210802,경부선,성환,2414,2480,4894
20210802,경부선,평택,9513,9223,18736
20210802,경부선,평택지제,2445,2243,4688
20210802,경부선,서정리,4732,4627,9359
20210802,경부선,송탄,3378,3186,6564
20210802,경부선,진위,1107,998,2105
20210802,경부선,오산,7624,7954,15578
20210802,경부선,오산대,2450,2318,4768
20210802,경부선,세마,2054,1888,3942
20210802,경부선,병점,10560,10506,21066
20210802,경부선,세류,2396,2226,4622
20210802,경부선,독산,13503,14423,27926
20210802,경부선,수원,27841,28468,56309
20210802,경부선,화서,5498,5296,10794
20210802,경부선,성균관대,10349,10387,20736
20210802,경부선,의왕,6619,6781,13400
20210802,경부선,군포,5196,5142,10338
20210802,경부선,금정,20028,20453,40481
20210802,경부선,명학,6647,6559,13206
20210802,경부선,안양,17001,16885,33886
20210802,경부선,관악,5493,5178,10671
20210802,경부선,석수,7331,6432,13763
20210802,경부선,금천구청,9140,9080,18220
20210802,경부선,가산디지털단지,14675,17477,32152
20210802,경부선,구로,14052,14197,28249
20210802,경부선,신길,7189,5973,13162
20210802,경부선,신도림,3088,3113,6201
20210802,경부선,영등포,29814,30219,60033
20210802,경부선,대방,10463,10881,21344
20210802,경부선,노량진,6461,6405,12866
20210802,경부선,용산,27550,26887,54437
20210802,경부선,남영,7107,7463,14570
20210802,경부선,서울,4617,1393,6010
20210803,경부선,서울,4111,1243,5354
20210803,경부선,남영,7261,7611,14872
20210803,경부선,용산,26730,25766,52496
20210803,경부선,노량진,6476,6591,13067
20210803,경부선,대방,10518,10923,21441
20210803,경부선,영등포,30046,30276,60322
20210803,경부선,신도림,3085,3101,6186
20210803,경부선,신길,7236,6118,13354
20210803,경부선,구로,14049,14193,28242
20210803,경부선,가산디지털단지,14368,17209,31577
20210803,경부선,금천구청,9376,9342,18718
20210803,경부선,석수,7544,6693,14237
20210803,경부선,관악,5598,5419,11017
20210803,경부선,안양,16915,16939,33854
20210803,경부선,명학,6808,6593,13401
20210803,경부선,금정,20394,21001,41395
20210803,경부선,군포,5307,5213,10520
20210803,경부선,의왕,6757,6690,13447
20210803,경부선,성균관대,10244,10399,20643
20210803,경부선,화서,5573,5467,11040
20210803,경부선,수원,27135,28053,55188
20210803,경부선,독산,13907,14694,28601
20210803,경부선,세류,2391,2221,4612
20210803,경부선,병점,10884,10718,21602
20210803,경부선,세마,2095,2015,4110
20210803,경부선,오산대,2469,2305,4774
20210803,경부선,오산,7714,7855,15569
20210803,경부선,진위,1112,1002,2114
20210803,경부선,송탄,3387,3226,6613
20210803,경부선,서정리,4760,4577,9337
20210803,경부선,평택지제,2411,2180,4591
20210803,경부선,평택,9284,9330,18614
20210803,경부선,성환,2498,2613,5111
20210803,경부선,직산,604,609,1213
20210803,경부선,두정,3620,3738,7358
20210803,경부선,천안,4489,4606,9095
20210803,경부선,당정,4566,4446,9012
20210803,경부선,서동탄,1169,1040,2209
20210803,경부선,광명,2598,2241,4839
20210804,경부선,서울,4133,1318,5451
20210804,경부선,남영,7122,7504,14626
20210804,경부선,용산,27157,26930,54087
20210804,경부선,노량진,6637,6590,13227
20210804,경부선,대방,10727,10926,21653
20210804,경부선,영등포,29931,30454,60385
20210804,경부선,신도림,3190,3199,6389
20210804,경부선,신길,7317,6160,13477
20210804,경부선,구로,14819,14990,29809
20210804,경부선,가산디지털단지,14393,17040,31433
20210804,경부선,금천구청,9338,9269,18607
20210804,경부선,석수,7708,6824,14532
20210804,경부선,관악,5605,5382,10987
20210804,경부선,안양,16968,16964,33932
20210804,경부선,명학,6940,6770,13710
20210804,경부선,금정,20751,20983,41734
20210804,경부선,군포,5545,5388,10933
20210804,경부선,의왕,6816,6867,13683
20210804,경부선,성균관대,10577,10622,21199
20210804,경부선,화서,5746,5613,11359
20210804,경부선,수원,27456,28640,56096
20210804,경부선,독산,14017,14674,28691
20210804,경부선,세류,2340,2163,4503
20210804,경부선,병점,10932,11171,22103
20210804,경부선,세마,2127,1993,4120
20210804,경부선,오산대,2512,2333,4845
20210804,경부선,오산,7706,7892,15598
20210804,경부선,진위,1125,979,2104
20210804,경부선,송탄,3357,3233,6590
20210804,경부선,서정리,4617,4609,9226
20210804,경부선,평택지제,2520,2389,4909
20210804,경부선,평택,9786,9639,19425
20210804,경부선,성환,2344,2440,4784
20210804,경부선,직산,647,643,1290
20210804,경부선,두정,3865,3848,7713
20210804,경부선,천안,4532,4635,9167
20210804,경부선,당정,4733,4571,9304
20210804,경부선,서동탄,1205,1050,2255
20210804,경부선,광명,2547,2293,4840
20210805,경부선,서울,3859,1346,5205
20210805,경부선,남영,7257,7631,14888
20210805,경부선,용산,27254,27919,55173
20210805,경부선,노량진,6796,6854,13650
20210805,경부선,대방,10838,11141,21979
20210805,경부선,영등포,30692,31241,61933
20210805,경부선,신도림,3336,3366,6702
20210805,경부선,신길,7430,6174,13604
20210805,경부선,구로,15935,16009,31944
20210805,경부선,가산디지털단지,14826,17652,32478
20210805,경부선,금천구청,9596,9517,19113
20210805,경부선,석수,8195,7258,15453
20210805,경부선,관악,5793,5563,11356
20210805,경부선,안양,17247,17442,34689
20210805,경부선,명학,7550,7564,15114
20210805,경부선,금정,21204,21614,42818
20210805,경부선,군포,6420,6380,12800
20210805,경부선,의왕,7087,7049,14136
20210805,경부선,성균관대,10781,10855,21636
20210805,경부선,화서,5936,5810,11746
20210805,경부선,수원,26956,28362,55318
20210805,경부선,독산,14813,15492,30305
20210805,경부선,세류,2417,2219,4636
20210805,경부선,병점,11209,10995,22204
20210805,경부선,세마,2101,1988,4089
20210805,경부선,오산대,2517,2348,4865
20210805,경부선,오산,7721,7777,15498
20210805,경부선,진위,1174,1031,2205
20210805,경부선,송탄,3342,3192,6534
20210805,경부선,서정리,4808,4569,9377
20210805,경부선,평택지제,2457,2377,4834
20210805,경부선,평택,9130,9127,18257
20210805,경부선,성환,2355,2452,4807
20210805,경부선,직산,575,596,1171
20210805,경부선,두정,3842,3840,7682
20210805,경부선,천안,4399,4594,8993
20210805,경부선,당정,4913,4696,9609
20210805,경부선,서동탄,1207,1075,2282
20210805,경부선,광명,2586,2345,4931
20210806,경부선,광명,2786,2694,5480
20210806,경부선,서동탄,1193,1095,2288
20210806,경부선,당정,4902,4743,9645
20210806,경부선,천안,4665,4918,9583
20210806,경부선,두정,4524,4517,9041
20210806,경부선,직산,681,609,1290
20210806,경부선,성환,2553,2549,5102
20210806,경부선,평택,10223,9945,20168
20210806,경부선,평택지제,2769,2590,5359
20210806,경부선,서정리,5562,4871,10433
20210806,경부선,송탄,3628,3428,7056
20210806,경부선,진위,1263,1072,2335
20210806,경부선,오산,8160,7934,16094
20210806,경부선,오산대,2615,2483,5098
20210806,경부선,세마,2150,2064,4214
20210806,경부선,병점,11796,11451,23247
20210806,경부선,세류,2511,2364,4875
20210806,경부선,독산,14636,15219,29855
20210806,경부선,수원,28959,31196,60155
20210806,경부선,화서,6009,5893,11902
20210806,경부선,성균관대,11064,10898,21962
20210806,경부선,의왕,7201,7146,14347
20210806,경부선,군포,6534,6313,12847
20210806,경부선,금정,21585,21687,43272
20210806,경부선,명학,7465,7281,14746
20210806,경부선,안양,17415,17929,35344
20210806,경부선,관악,5942,5667,11609
20210806,경부선,석수,8155,7249,15404
20210806,경부선,금천구청,9823,9861,19684
20210806,경부선,가산디지털단지,14824,17278,32102
20210806,경부선,구로,16220,16562,32782
20210806,경부선,신길,7609,6189,13798
20210806,경부선,신도림,3351,3346,6697
20210806,경부선,영등포,32304,33602,65906
20210806,경부선,대방,10844,10908,21752
20210806,경부선,노량진,7014,6966,13980
20210806,경부선,용산,29609,31349,60958
20210806,경부선,남영,7338,7696,15034
20210806,경부선,서울,4896,1753,6649
20210809,경부선,광명,2894,2397,5291
20210809,경부선,서동탄,1277,1110,2387
20210809,경부선,당정,5259,5030,10289
20210809,경부선,천안,4442,4507,8949
20210809,경부선,두정,3936,4096,8032
20210809,경부선,직산,629,609,1238
20210809,경부선,성환,2569,2694,5263
20210809,경부선,평택,9435,9335,18770
20210809,경부선,평택지제,2671,2596,5267
20210809,경부선,서정리,5014,5007,10021
20210809,경부선,송탄,3480,3271,6751
20210809,경부선,진위,1358,1213,2571
20210809,경부선,오산,7853,8021,15874
20210809,경부선,오산대,2661,2466,5127
20210809,경부선,세마,2260,2098,4358
20210809,경부선,병점,11655,11555,23210
20210809,경부선,세류,2597,2431,5028
20210809,경부선,독산,15661,16423,32084
20210809,경부선,수원,27329,28780,56109
20210809,경부선,화서,6328,6116,12444
20210809,경부선,성균관대,11690,11697,23387
20210809,경부선,의왕,7699,7789,15488
20210809,경부선,군포,6871,6920,13791
20210809,경부선,금정,22727,23107,45834
20210809,경부선,명학,8170,8168,16338
20210809,경부선,안양,18186,18268,36454
20210809,경부선,관악,6133,5730,11863
20210809,경부선,석수,8594,7732,16326
20210809,경부선,금천구청,10218,10257,20475
20210809,경부선,가산디지털단지,16195,18986,35181
20210809,경부선,구로,16629,16673,33302
20210809,경부선,신길,7775,6462,14237
20210809,경부선,신도림,3570,3530,7100
20210809,경부선,영등포,31220,31716,62936
20210809,경부선,대방,11084,11468,22552
20210809,경부선,노량진,6769,6843,13612
20210809,경부선,용산,28558,28204,56762
20210809,경부선,남영,7601,8037,15638
20210809,경부선,서울,4653,1388,6041
20210810,경부선,광명,2748,2397,5145
20210810,경부선,서동탄,1330,1112,2442
20210810,경부선,당정,5360,5145,10505
20210810,경부선,천안,4141,4198,8339
20210810,경부선,두정,3860,3920,7780
20210810,경부선,직산,630,621,1251
20210810,경부선,성환,2459,2570,5029
20210810,경부선,평택,9183,9262,18445
20210810,경부선,평택지제,2580,2462,5042
20210810,경부선,서정리,5244,5093,10337
20210810,경부선,송탄,3428,3313,6741
20210810,경부선,진위,1369,1179,2548
20210810,경부선,오산,7756,7768,15524
20210810,경부선,오산대,2628,2481,5109
20210810,경부선,세마,2292,2145,4437
20210810,경부선,병점,11642,11457,23099
20210810,경부선,세류,2552,2439,4991
20210810,경부선,독산,15825,16622,32447
20210810,경부선,수원,27118,28335,55453
20210810,경부선,화서,6446,6219,12665
20210810,경부선,성균관대,11648,11800,23448
20210810,경부선,의왕,7814,7775,15589
20210810,경부선,군포,7080,6993,14073
20210810,경부선,금정,23312,23788,47100
20210810,경부선,명학,8290,8211,16501
20210810,경부선,안양,18327,18457,36784
20210810,경부선,관악,6381,6020,12401
20210810,경부선,석수,8700,7828,16528
20210810,경부선,금천구청,10242,10287,20529
20210810,경부선,가산디지털단지,16246,18951,35197
20210810,경부선,구로,17059,17380,34439
20210810,경부선,신길,7881,6503,14384
20210810,경부선,신도림,3575,3596,7171
20210810,경부선,영등포,31109,31368,62477
20210810,경부선,대방,11222,11609,22831
20210810,경부선,노량진,6613,6731,13344
20210810,경부선,용산,27586,27608,55194
20210810,경부선,남영,7705,8055,15760
20210810,경부선,서울,4206,1321,5527
20210811,경부선,서울,4110,1495,5605
20210811,경부선,남영,7813,8158,15971
20210811,경부선,용산,28082,28168,56250
20210811,경부선,노량진,6774,6735,13509
20210811,경부선,대방,11135,11406,22541
20210811,경부선,영등포,30748,31364,62112
20210811,경부선,신도림,3525,3493,7018
20210811,경부선,신길,7842,6626,14468
20210811,경부선,구로,17025,17314,34339
20210811,경부선,가산디지털단지,15902,18623,34525
20210811,경부선,금천구청,10274,10248,20522
20210811,경부선,석수,8668,7653,16321
20210811,경부선,관악,6202,5845,12047
20210811,경부선,안양,18376,18391,36767
20210811,경부선,명학,8242,8084,16326
20210811,경부선,금정,23010,23459,46469
20210811,경부선,군포,6919,6847,13766
20210811,경부선,의왕,7850,7860,15710
20210811,경부선,성균관대,11868,11757,23625
20210811,경부선,화서,6606,6315,12921
20210811,경부선,수원,27668,29207,56875
20210811,경부선,독산,15552,16337,31889
20210811,경부선,세류,2671,2423,5094
20210811,경부선,병점,11621,11694,23315
20210811,경부선,세마,2233,2117,4350
20210811,경부선,오산대,2606,2475,5081
20210811,경부선,오산,7851,7745,15596
20210811,경부선,진위,1401,1210,2611
20210811,경부선,송탄,3436,3290,6726
20210811,경부선,서정리,5073,4864,9937
20210811,경부선,평택지제,2612,2525,5137
20210811,경부선,평택,9235,9176,18411
20210811,경부선,성환,2452,2497,4949
20210811,경부선,직산,640,631,1271
20210811,경부선,두정,3980,3985,7965
20210811,경부선,천안,4166,4329,8495
20210811,경부선,당정,5162,4935,10097
20210811,경부선,서동탄,1302,1201,2503
20210811,경부선,광명,2743,2467,5210
20210812,경부선,광명,2646,2460,5106
20210812,경부선,서동탄,1308,1129,2437
20210812,경부선,당정,5162,4984,10146
20210812,경부선,천안,3993,4208,8201
20210812,경부선,두정,3901,4001,7902
20210812,경부선,직산,617,657,1274
20210812,경부선,성환,2448,2496,4944
20210812,경부선,평택,9323,9133,18456
20210812,경부선,평택지제,2549,2499,5048
20210812,경부선,서정리,5208,4974,10182
20210812,경부선,송탄,3422,3246,6668
20210812,경부선,진위,1361,1199,2560
20210812,경부선,오산,7925,7835,15760
20210812,경부선,오산대,2571,2383,4954
20210812,경부선,세마,2199,2086,4285
20210812,경부선,병점,11696,11498,23194
20210812,경부선,세류,2590,2381,4971
20210812,경부선,독산,15576,16318,31894
20210812,경부선,수원,27249,28977,56226
20210812,경부선,화서,6405,6175,12580
20210812,경부선,성균관대,11672,11669,23341
20210812,경부선,의왕,7642,7642,15284
20210812,경부선,군포,6901,6822,13723
20210812,경부선,금정,22813,23076,45889
20210812,경부선,명학,8266,8021,16287
20210812,경부선,안양,18090,18125,36215
20210812,경부선,관악,6174,5818,11992
20210812,경부선,석수,8618,7636,16254
20210812,경부선,금천구청,10153,10180,20333
20210812,경부선,가산디지털단지,15519,18505,34024
20210812,경부선,구로,16839,16894,33733
20210812,경부선,신길,7683,6490,14173
20210812,경부선,신도림,3410,3537,6947
20210812,경부선,영등포,30783,31439,62222
20210812,경부선,대방,11101,11466,22567
20210812,경부선,노량진,6470,6678,13148
20210812,경부선,용산,28133,29021,57154
20210812,경부선,남영,7626,8037,15663
20210812,경부선,서울,4126,1523,5649
20210813,경부선,서울,5261,2029,7290
20210813,경부선,남영,7831,8002,15833
20210813,경부선,용산,31156,33860,65016
20210813,경부선,노량진,7053,6920,13973
20210813,경부선,대방,11040,11188,22228
20210813,경부선,영등포,32966,34386,67352
20210813,경부선,신도림,3581,3547,7128
20210813,경부선,신길,7940,6391,14331
20210813,경부선,구로,17105,17406,34511
20210813,경부선,가산디지털단지,15360,17984,33344
20210813,경부선,금천구청,10337,10468,20805
20210813,경부선,석수,8584,7701,16285
20210813,경부선,관악,6200,5852,12052
20210813,경부선,안양,18411,18534,36945
20210813,경부선,명학,8141,8030,16171
20210813,경부선,금정,23172,23228,46400
20210813,경부선,군포,6895,6753,13648
20210813,경부선,의왕,7964,7936,15900
20210813,경부선,성균관대,11986,11779,23765
20210813,경부선,화서,6251,6132,12383
20210813,경부선,수원,29740,32478,62218
20210813,경부선,독산,15353,15790,31143
20210813,경부선,세류,2721,2515,5236
20210813,경부선,병점,12842,12419,25261
20210813,경부선,세마,2319,2136,4455
20210813,경부선,오산대,2829,2621,5450
20210813,경부선,오산,8760,8598,17358
20210813,경부선,진위,1542,1239,2781
20210813,경부선,송탄,3887,3651,7538
20210813,경부선,서정리,6021,5190,11211
20210813,경부선,평택지제,2891,2876,5767
20210813,경부선,평택,10750,10460,21210
20210813,경부선,성환,2864,2723,5587
20210813,경부선,직산,696,670,1366
20210813,경부선,두정,4528,4370,8898
20210813,경부선,천안,4555,4938,9493
20210813,경부선,당정,5238,5013,10251
20210813,경부선,서동탄,1295,1154,2449
20210813,경부선,광명,2890,2991,5881
20210816,경부선,서울,5946,1114,7060
20210816,경부선,남영,3800,4092,7892
20210816,경부선,용산,26665,22528,49193
20210816,경부선,노량진,5136,4522,9658
20210816,경부선,대방,5681,6133,11814
20210816,경부선,영등포,26321,25794,52115
20210816,경부선,신도림,2067,2244,4311
20210816,경부선,신길,4581,4177,8758
20210816,경부선,구로,10062,10252,20314
20210816,경부선,가산디지털단지,4866,6739,11605
20210816,경부선,금천구청,6018,6238,12256
20210816,경부선,석수,5153,4829,9982
20210816,경부선,관악,4069,3772,7841
20210816,경부선,안양,12865,12713,25578
20210816,경부선,명학,3929,3961,7890
20210816,경부선,금정,13611,13976,27587
20210816,경부선,군포,3901,3983,7884
20210816,경부선,의왕,4469,4550,9019
20210816,경부선,성균관대,6831,7249,14080
20210816,경부선,화서,3682,3508,7190
20210816,경부선,수원,26306,25341,51647
20210816,경부선,독산,7141,7261,14402
20210816,경부선,세류,1792,1689,3481
20210816,경부선,병점,8449,8979,17428
20210816,경부선,세마,1575,1453,3028
20210816,경부선,오산대,1946,1834,3780
20210816,경부선,오산,6475,6808,13283
20210816,경부선,진위,750,707,1457
20210816,경부선,송탄,2934,3046,5980
20210816,경부선,서정리,3776,4718,8494
20210816,경부선,평택지제,2158,1942,4100
20210816,경부선,평택,8872,8717,17589
20210816,경부선,성환,2027,2213,4240
20210816,경부선,직산,491,538,1029
20210816,경부선,두정,3325,3492,6817
20210816,경부선,천안,4776,4443,9219
20210816,경부선,당정,2972,3027,5999
20210816,경부선,서동탄,727,734,1461
20210816,경부선,광명,2314,1524,3838
20210817,경부선,서울,5056,1479,6535
20210817,경부선,남영,8135,8661,16796
20210817,경부선,용산,28783,27881,56664
20210817,경부선,노량진,6463,6513,12976
20210817,경부선,대방,11039,11718,22757
20210817,경부선,영등포,31370,31210,62580
20210817,경부선,신도림,3327,3469,6796
20210817,경부선,신길,7701,6776,14477
20210817,경부선,구로,16767,16987,33754
20210817,경부선,가산디지털단지,15782,19016,34798
20210817,경부선,금천구청,10190,10276,20466
20210817,경부선,석수,8799,7994,16793
20210817,경부선,관악,6207,5902,12109
20210817,경부선,안양,18213,18204,36417
20210817,경부선,명학,8255,8257,16512
20210817,경부선,금정,23083,23770,46853
20210817,경부선,군포,7027,7038,14065
20210817,경부선,의왕,7677,7805,15482
20210817,경부선,성균관대,11780,11890,23670
20210817,경부선,화서,6489,6302,12791
20210817,경부선,수원,27617,28804,56421
20210817,경부선,독산,16012,16748,32760
20210817,경부선,세류,2606,2378,4984
20210817,경부선,병점,12213,11889,24102
20210817,경부선,세마,2298,2150,4448
20210817,경부선,오산대,2678,2630,5308
20210817,경부선,오산,8029,8065,16094
20210817,경부선,진위,1343,1213,2556
20210817,경부선,송탄,3576,3393,6969
20210817,경부선,서정리,5325,5171,10496
20210817,경부선,평택지제,2654,2588,5242
20210817,경부선,평택,9658,9589,19247
20210817,경부선,성환,2513,2500,5013
20210817,경부선,직산,674,632,1306
20210817,경부선,두정,4092,4069,8161
20210817,경부선,천안,4182,4332,8514
20210817,경부선,당정,5264,5109,10373
20210817,경부선,서동탄,1301,1145,2446
20210817,경부선,광명,2866,2466,5332
20210818,경부선,광명,2703,2305,5008
20210818,경부선,서동탄,1228,1147,2375
20210818,경부선,당정,5212,4996,10208
20210818,경부선,천안,4060,4196,8256
20210818,경부선,두정,3970,4043,8013
20210818,경부선,직산,647,629,1276
20210818,경부선,성환,2419,2499,4918
20210818,경부선,평택,9021,9039,18060
20210818,경부선,평택지제,2612,2515,5127
20210818,경부선,서정리,5142,4789,9931
20210818,경부선,송탄,3372,3184,6556
20210818,경부선,진위,1343,1172,2515
20210818,경부선,오산,7913,7896,15809
20210818,경부선,오산대,2647,2406,5053
20210818,경부선,세마,2235,2139,4374
20210818,경부선,병점,11811,11793,23604
20210818,경부선,세류,2560,2331,4891
20210818,경부선,독산,15838,16731,32569
20210818,경부선,수원,26683,28242,54925
20210818,경부선,화서,6313,6190,12503
20210818,경부선,성균관대,11617,11676,23293
20210818,경부선,의왕,7693,7797,15490
20210818,경부선,군포,6965,6899,13864
20210818,경부선,금정,23126,23381,46507
20210818,경부선,명학,8208,8108,16316
20210818,경부선,안양,18344,18339,36683
20210818,경부선,관악,6173,5758,11931
20210818,경부선,석수,8696,7634,16330
20210818,경부선,금천구청,10235,10332,20567
20210818,경부선,가산디지털단지,16202,18828,35030
20210818,경부선,구로,17208,17354,34562
20210818,경부선,신길,8116,6563,14679
20210818,경부선,신도림,3513,3527,7040
20210818,경부선,영등포,30551,31126,61677
20210818,경부선,대방,11331,11523,22854
20210818,경부선,노량진,6625,6763,13388
20210818,경부선,용산,27155,27071,54226
20210818,경부선,남영,8233,8457,16690
20210818,경부선,서울,4136,1377,5513
20210819,경부선,서울,4315,1473,5788
20210819,경부선,남영,8457,8835,17292
20210819,경부선,용산,27876,28439,56315
20210819,경부선,노량진,6934,7012,13946
20210819,경부선,대방,11528,11695,23223
20210819,경부선,영등포,31168,31456,62624
20210819,경부선,신도림,3819,3794,7613
20210819,경부선,신길,8065,6751,14816
20210819,경부선,구로,17264,17458,34722
20210819,경부선,가산디지털단지,16215,19089,35304
20210819,경부선,금천구청,10667,10605,21272
20210819,경부선,석수,8944,7937,16881
20210819,경부선,관악,6447,6077,12524
20210819,경부선,안양,18854,18970,37824
20210819,경부선,명학,8451,8297,16748
20210819,경부선,금정,23662,23902,47564
20210819,경부선,군포,7091,7015,14106
20210819,경부선,의왕,8176,8027,16203
20210819,경부선,성균관대,12302,12274,24576
20210819,경부선,화서,6707,6397,13104
20210819,경부선,수원,27853,29482,57335
20210819,경부선,독산,15992,16914,32906
20210819,경부선,세류,2668,2424,5092
20210819,경부선,병점,12223,12202,24425
20210819,경부선,세마,2309,2243,4552
20210819,경부선,오산대,2857,2685,5542
20210819,경부선,오산,7999,7976,15975
20210819,경부선,진위,1444,1290,2734
20210819,경부선,송탄,3531,3318,6849
20210819,경부선,서정리,5221,4877,10098
20210819,경부선,평택지제,2662,2543,5205
20210819,경부선,평택,9550,9364,18914
20210819,경부선,성환,2579,2548,5127
20210819,경부선,직산,672,668,1340
20210819,경부선,두정,4132,4153,8285
20210819,경부선,천안,4277,4433,8710
20210819,경부선,당정,5436,5279,10715
20210819,경부선,서동탄,1259,1110,2369
20210819,경부선,광명,2728,2412,5140
20210820,경부선,서울,5472,1943,7415
20210820,경부선,남영,8471,8806,17277
20210820,경부선,용산,30942,31912,62854
20210820,경부선,노량진,7561,7342,14903
20210820,경부선,대방,11576,11686,23262
20210820,경부선,영등포,33625,34833,68458
20210820,경부선,신도림,3769,3734,7503
20210820,경부선,신길,8218,6898,15116
20210820,경부선,구로,17366,17678,35044
20210820,경부선,가산디지털단지,16236,18915,35151
20210820,경부선,금천구청,10511,10737,21248
20210820,경부선,석수,8990,7919,16909
20210820,경부선,관악,6472,6162,12634
20210820,경부선,안양,19178,19276,38454
20210820,경부선,명학,8267,8100,16367
20210820,경부선,금정,24057,24316,48373
20210820,경부선,군포,7114,6903,14017
20210820,경부선,의왕,8107,8156,16263
20210820,경부선,성균관대,12611,12425,25036
20210820,경부선,화서,6558,6508,13066
20210820,경부선,수원,30065,32385,62450
20210820,경부선,독산,15986,16561,32547
20210820,경부선,세류,2797,2574,5371
20210820,경부선,병점,13118,12745,25863
20210820,경부선,세마,2526,2358,4884
20210820,경부선,오산대,2888,2674,5562
20210820,경부선,오산,8898,8636,17534
20210820,경부선,진위,1580,1259,2839
20210820,경부선,송탄,3903,3696,7599
20210820,경부선,서정리,6210,5355,11565
20210820,경부선,평택지제,3113,2898,6011
20210820,경부선,평택,11460,10834,22294
20210820,경부선,성환,2988,2886,5874
20210820,경부선,직산,775,733,1508
20210820,경부선,두정,4603,4542,9145
20210820,경부선,천안,4851,5147,9998
20210820,경부선,당정,5467,5203,10670
20210820,경부선,서동탄,1340,1186,2526
20210820,경부선,광명,2994,2741,5735
20210823,경부선,서울,4793,1568,6361
20210823,경부선,남영,8147,8535,16682
20210823,경부선,용산,27883,27649,55532
20210823,경부선,노량진,6525,6818,13343
20210823,경부선,대방,11492,11954,23446
20210823,경부선,영등포,29190,29499,58689
20210823,경부선,신도림,3531,3619,7150
20210823,경부선,신길,8086,6970,15056
20210823,경부선,구로,17182,17117,34299
20210823,경부선,가산디지털단지,16641,19659,36300
20210823,경부선,금천구청,10422,10488,20910
20210823,경부선,석수,8697,7816,16513
20210823,경부선,관악,6176,5819,11995
20210823,경부선,안양,18465,18338,36803
20210823,경부선,명학,8256,8258,16514
20210823,경부선,금정,22966,23691,46657
20210823,경부선,군포,6973,7139,14112
20210823,경부선,의왕,7728,7852,15580
20210823,경부선,성균관대,11895,12001,23896
20210823,경부선,화서,6484,6211,12695
20210823,경부선,수원,26670,27971,54641
20210823,경부선,독산,16093,17099,33192
20210823,경부선,세류,2572,2367,4939
20210823,경부선,병점,11771,11715,23486
20210823,경부선,세마,2308,2275,4583
20210823,경부선,오산대,2683,2502,5185
20210823,경부선,오산,7903,8008,15911
20210823,경부선,진위,1427,1296,2723
20210823,경부선,송탄,3460,3243,6703
20210823,경부선,서정리,5055,4862,9917
20210823,경부선,평택지제,2672,2579,5251
20210823,경부선,평택,9284,9204,18488
20210823,경부선,성환,2577,2778,5355
20210823,경부선,직산,608,624,1232
20210823,경부선,두정,3908,4008,7916
20210823,경부선,천안,4033,4199,8232
20210823,경부선,당정,5442,5228,10670
20210823,경부선,서동탄,1273,1131,2404
20210823,경부선,광명,2915,2440,5355
20210824,경부선,광명,2703,2369,5072
20210824,경부선,서동탄,1272,1126,2398
20210824,경부선,당정,5198,5060,10258
20210824,경부선,천안,4000,4029,8029
20210824,경부선,두정,3962,4018,7980
20210824,경부선,직산,592,582,1174
20210824,경부선,성환,2634,2710,5344
20210824,경부선,평택,9207,9237,18444
20210824,경부선,평택지제,2569,2471,5040
20210824,경부선,서정리,5067,4877,9944
20210824,경부선,송탄,3463,3260,6723
20210824,경부선,진위,1444,1256,2700
20210824,경부선,오산,7764,7849,15613
20210824,경부선,오산대,2693,2459,5152
20210824,경부선,세마,2353,2206,4559
20210824,경부선,병점,11569,11397,22966
20210824,경부선,세류,2507,2326,4833
20210824,경부선,독산,16047,16914,32961
20210824,경부선,수원,26159,27663,53822
20210824,경부선,화서,6444,6237,12681
20210824,경부선,성균관대,11597,11660,23257
20210824,경부선,의왕,7561,7552,15113
20210824,경부선,군포,6914,6901,13815
20210824,경부선,금정,23036,23548,46584
20210824,경부선,명학,8264,8176,16440
20210824,경부선,안양,18141,18167,36308
20210824,경부선,관악,6072,5764,11836
20210824,경부선,석수,8578,7722,16300
20210824,경부선,금천구청,10176,10331,20507
20210824,경부선,가산디지털단지,16422,19169,35591
20210824,경부선,구로,16807,17035,33842
20210824,경부선,신길,8097,6920,15017
20210824,경부선,신도림,3479,3455,6934
20210824,경부선,영등포,30860,31290,62150
20210824,경부선,대방,11435,11766,23201
20210824,경부선,노량진,6602,6872,13474
20210824,경부선,용산,26964,26645,53609
20210824,경부선,남영,8161,8530,16691
20210824,경부선,서울,4330,1482,5812
20210825,경부선,광명,2749,2397,5146
20210825,경부선,서동탄,1319,1162,2481
20210825,경부선,당정,5468,5299,10767
20210825,경부선,천안,4072,4373,8445
20210825,경부선,두정,4084,4022,8106
20210825,경부선,직산,685,635,1320
20210825,경부선,평택,9246,9270,18516
20210825,경부선,평택지제,2657,2555,5212
20210825,경부선,서정리,5116,4958,10074
20210825,경부선,송탄,3527,3276,6803
20210825,경부선,진위,1458,1313,2771
20210825,경부선,오산,8099,8187,16286
20210825,경부선,오산대,2763,2512,5275
20210825,경부선,세마,2382,2323,4705
20210825,경부선,병점,12217,12193,24410
20210825,경부선,세류,2706,2485,5191
20210825,경부선,독산,16301,17178,33479
20210825,경부선,수원,27872,29388,57260
20210825,경부선,화서,6738,6585,13323
20210825,경부선,성균관대,12377,12331,24708
20210825,경부선,의왕,8232,8258,16490
20210825,경부선,군포,7163,7091,14254
20210825,경부선,금정,24109,24302,48411
20210825,경부선,명학,8362,8462,16824
20210825,경부선,안양,19357,19248,38605
20210825,경부선,관악,6459,6101,12560
20210825,경부선,석수,9039,8035,17074
20210825,경부선,금천구청,10802,10752,21554
20210825,경부선,가산디지털단지,16636,19501,36137
20210825,경부선,구로,17679,17903,35582
20210825,경부선,신길,8644,7194,15838
20210825,경부선,신도림,3832,3689,7521
20210825,경부선,영등포,31957,32760,64717
20210825,경부선,대방,11812,12257,24069
20210825,경부선,노량진,7199,7421,14620
20210825,경부선,용산,27997,28185,56182
20210825,경부선,남영,8395,8882,17277
20210825,경부선,서울,4409,1456,5865
20210825,경부선,성환,2619,2711,5330
20210826,경부선,서울,4436,1494,5930
20210826,경부선,남영,8436,8849,17285
20210826,경부선,용산,27959,28472,56431
20210826,경부선,노량진,7315,7151,14466
20210826,경부선,대방,11928,12220,24148
20210826,경부선,영등포,31942,32665,64607
20210826,경부선,신도림,3750,3682,7432
20210826,경부선,신길,8455,7134,15589
20210826,경부선,구로,17574,17617,35191
20210826,경부선,가산디지털단지,16421,19376,35797
20210826,경부선,금천구청,10851,10932,21783
20210826,경부선,석수,9179,8184,17363
20210826,경부선,관악,6657,6144,12801
20210826,경부선,안양,19330,19443,38773
20210826,경부선,명학,8488,8362,16850
20210826,경부선,금정,24078,24436,48514
20210826,경부선,군포,7130,7169,14299
20210826,경부선,의왕,8387,8255,16642
20210826,경부선,성균관대,12403,12366,24769
20210826,경부선,화서,6873,6604,13477
20210826,경부선,수원,28694,30298,58992
20210826,경부선,독산,16295,17102,33397
20210826,경부선,세류,2718,2487,5205
20210826,경부선,병점,12406,12361,24767
20210826,경부선,세마,2352,2355,4707
20210826,경부선,오산대,2886,2671,5557
20210826,경부선,오산,8340,8343,16683
20210826,경부선,진위,1546,1356,2902
20210826,경부선,송탄,3655,3427,7082
20210826,경부선,서정리,5334,5039,10373
20210826,경부선,평택지제,2720,2611,5331
20210826,경부선,평택,9752,9643,19395
20210826,경부선,성환,2743,2822,5565
20210826,경부선,직산,641,679,1320
20210826,경부선,두정,4287,4262,8549
20210826,경부선,천안,4363,4544,8907
20210826,경부선,당정,5533,5380,10913
20210826,경부선,서동탄,1280,1179,2459
20210826,경부선,광명,2804,2511,5315
20210827,경부선,서울,5629,2018,7647
20210827,경부선,남영,8460,8793,17253
20210827,경부선,용산,31379,32680,64059
20210827,경부선,노량진,7269,7267,14536
20210827,경부선,대방,11668,11958,23626
20210827,경부선,영등포,33892,35056,68948
20210827,경부선,신도림,3661,3680,7341
20210827,경부선,신길,8357,6939,15296
20210827,경부선,구로,17445,17732,35177
20210827,경부선,가산디지털단지,16179,18901,35080
20210827,경부선,금천구청,10951,10835,21786
20210827,경부선,석수,8809,7814,16623
20210827,경부선,관악,6333,6012,12345
20210827,경부선,안양,19122,19500,38622
20210827,경부선,명학,8292,8113,16405
20210827,경부선,금정,23810,24115,47925
20210827,경부선,군포,7040,6911,13951
20210827,경부선,의왕,8015,7991,16006
20210827,경부선,성균관대,12501,12292,24793
20210827,경부선,화서,6494,6411,12905
20210827,경부선,수원,30078,32775,62853
20210827,경부선,독산,15939,16811,32750
20210827,경부선,세류,2733,2474,5207
20210827,경부선,병점,13033,12627,25660
20210827,경부선,세마,2501,2316,4817
20210827,경부선,오산대,2954,2739,5693
20210827,경부선,오산,8903,8666,17569
20210827,경부선,진위,1580,1313,2893
20210827,경부선,송탄,3928,3534,7462
20210827,경부선,서정리,6169,5253,11422
20210827,경부선,평택지제,3167,3014,6181
20210827,경부선,평택,11057,10611,21668
20210827,경부선,성환,2937,2803,5740
20210827,경부선,직산,730,668,1398
20210827,경부선,두정,4630,4586,9216
20210827,경부선,천안,4718,5016,9734
20210827,경부선,당정,5443,5240,10683
20210827,경부선,서동탄,1334,1190,2524
20210827,경부선,광명,3055,2866,5921
20210830,경부선,서울,4971,1571,6542
20210830,경부선,남영,8566,8985,17551
20210830,경부선,용산,28511,28228,56739
20210830,경부선,노량진,7357,7437,14794
20210830,경부선,대방,12282,12630,24912
20210830,경부선,영등포,31923,32418,64341
20210830,경부선,신도림,3899,3962,7861
20210830,경부선,신길,8764,7345,16109
20210830,경부선,구로,17870,17881,35751
20210830,경부선,가산디지털단지,16878,19846,36724
20210830,경부선,금천구청,11010,10995,22005
20210830,경부선,석수,9209,8185,17394
20210830,경부선,관악,6548,6163,12711
20210830,경부선,안양,20045,19976,40021
20210830,경부선,명학,8691,8640,17331
20210830,경부선,금정,24314,24722,49036
20210830,경부선,군포,7150,7242,14392
20210830,경부선,의왕,8454,8424,16878
20210830,경부선,성균관대,12654,12745,25399
20210830,경부선,화서,6991,6776,13767
20210830,경부선,수원,29532,30699,60231
20210830,경부선,독산,16385,17299,33684
20210830,경부선,세류,2888,2579,5467
20210830,경부선,병점,12654,12548,25202
20210830,경부선,세마,2520,2330,4850
20210830,경부선,오산대,2961,2698,5659
20210830,경부선,오산,8399,8567,16966
20210830,경부선,진위,1506,1325,2831
20210830,경부선,송탄,3856,3631,7487
20210830,경부선,서정리,6131,5999,12130
20210830,경부선,평택지제,2870,2740,5610
20210830,경부선,평택,10394,10449,20843
20210830,경부선,성환,4083,4306,8389
20210830,경부선,직산,714,676,1390
20210830,경부선,두정,4627,4838,9465
20210830,경부선,천안,4669,4760,9429
20210830,경부선,당정,5668,5397,11065
20210830,경부선,서동탄,1403,1213,2616
20210830,경부선,광명,3052,2598,5650
20210831,경부선,서울,4393,1447,5840
20210831,경부선,남영,8130,8603,16733
20210831,경부선,용산,27408,26978,54386
20210831,경부선,노량진,6410,6813,13223
20210831,경부선,대방,11338,12139,23477
20210831,경부선,영등포,31306,31657,62963
20210831,경부선,신도림,3220,3389,6609
20210831,경부선,신길,8251,7090,15341
20210831,경부선,구로,17130,17313,34443
20210831,경부선,가산디지털단지,15853,19316,35169
20210831,경부선,금천구청,10283,10231,20514
20210831,경부선,석수,8800,7805,16605
20210831,경부선,관악,6289,5897,12186
20210831,경부선,안양,18587,18706,37293
20210831,경부선,명학,8336,8363,16699
20210831,경부선,금정,23191,23746,46937
20210831,경부선,군포,6940,7055,13995
20210831,경부선,의왕,7933,7843,15776
20210831,경부선,성균관대,12078,12040,24118
20210831,경부선,화서,6564,6299,12863
20210831,경부선,수원,27227,28467,55694
20210831,경부선,독산,16239,17433,33672
20210831,경부선,세류,2648,2470,5118
20210831,경부선,병점,12003,12005,24008
20210831,경부선,세마,2320,2234,4554
20210831,경부선,오산대,2777,2475,5252
20210831,경부선,오산,7978,8090,16068
20210831,경부선,진위,1395,1233,2628
20210831,경부선,송탄,3595,3467,7062
20210831,경부선,서정리,5795,5562,11357
20210831,경부선,평택지제,2644,2496,5140
20210831,경부선,평택,9569,9656,19225
20210831,경부선,성환,3624,3703,7327
20210831,경부선,직산,620,633,1253
20210831,경부선,두정,4375,4528,8903
20210831,경부선,천안,4239,4355,8594
20210831,경부선,당정,5322,5140,10462
20210831,경부선,서동탄,1276,1090,2366
20210831,경부선,광명,2735,2368,5103
20210901,경부선,서울,3769,1385,5154
20210901,경부선,남영,8497,8888,17385
20210901,경부선,용산,27575,27898,55473
20210901,경부선,노량진,7483,7673,15156
20210901,경부선,대방,12061,12251,24312
20210901,경부선,영등포,31490,32524,64014
20210901,경부선,신도림,3883,3852,7735
20210901,경부선,신길,8562,7140,15702
20210901,경부선,구로,17876,18131,36007
20210901,경부선,가산디지털단지,16706,19899,36605
20210901,경부선,금천구청,10874,10810,21684
20210901,경부선,석수,8993,8083,17076
20210901,경부선,관악,6396,6031,12427
20210901,경부선,안양,19454,19477,38931
20210901,경부선,명학,8504,8449,16953
20210901,경부선,금정,24139,24558,48697
20210901,경부선,군포,7161,7108,14269
20210901,경부선,의왕,8259,8195,16454
20210901,경부선,성균관대,12529,12539,25068
20210901,경부선,화서,6736,6514,13250
20210901,경부선,수원,27717,29361,57078
20210901,경부선,독산,16487,17256,33743
20210901,경부선,세류,2711,2456,5167
20210901,경부선,병점,12289,12295,24584
20210901,경부선,세마,2304,2143,4447
20210901,경부선,오산대,2821,2564,5385
20210901,경부선,오산,7876,8086,15962
20210901,경부선,진위,1384,1186,2570
20210901,경부선,송탄,3638,3400,7038
20210901,경부선,서정리,5850,5616,11466
20210901,경부선,평택지제,2588,2445,5033
20210901,경부선,평택,9334,9456,18790
20210901,경부선,성환,3953,3903,7856
20210901,경부선,직산,630,572,1202
20210901,경부선,두정,4502,4508,9010
20210901,경부선,천안,4110,4331,8441
20210901,경부선,당정,5518,5332,10850
20210901,경부선,서동탄,1273,1164,2437
20210901,경부선,광명,2699,2401,5100
20210902,경부선,광명,2701,2431,5132
20210902,경부선,서동탄,1365,1166,2531
20210902,경부선,당정,5622,5458,11080
20210902,경부선,천안,4528,4725,9253
20210902,경부선,두정,4888,4735,9623
20210902,경부선,직산,705,701,1406
20210902,경부선,성환,4224,4134,8358
20210902,경부선,평택,10025,9905,19930
20210902,경부선,평택지제,2731,2637,5368
20210902,경부선,서정리,6031,5850,11881
20210902,경부선,송탄,3832,3529,7361
20210902,경부선,진위,1492,1350,2842
20210902,경부선,오산,8357,8378,16735
20210902,경부선,오산대,2913,2706,5619
20210902,경부선,세마,2541,2422,4963
20210902,경부선,병점,12760,12793,25553
20210902,경부선,세류,2744,2475,5219
20210902,경부선,독산,16494,17456,33950
20210902,경부선,수원,29098,30380,59478
20210902,경부선,화서,6957,6664,13621
20210902,경부선,성균관대,12859,12815,25674
20210902,경부선,의왕,8453,8463,16916
20210902,경부선,군포,7362,7349,14711
20210902,경부선,금정,24756,25184,49940
20210902,경부선,명학,8754,8570,17324
20210902,경부선,안양,20154,20184,40338
20210902,경부선,관악,6705,6253,12958
20210902,경부선,석수,9371,8282,17653
20210902,경부선,금천구청,11134,11045,22179
20210902,경부선,가산디지털단지,17143,20003,37146
20210902,경부선,구로,17769,18005,35774
20210902,경부선,신길,8594,7199,15793
20210902,경부선,신도림,3888,3949,7837
20210902,경부선,영등포,32474,33208,65682
20210902,경부선,대방,12240,12466,24706
20210902,경부선,노량진,7598,7592,15190
20210902,경부선,용산,28071,28451,56522
20210902,경부선,남영,8544,8972,17516
20210902,경부선,서울,4046,1444,5490
20210903,경부선,광명,3221,3113,6334
20210903,경부선,서동탄,1474,1340,2814
20210903,경부선,당정,5703,5454,11157
20210903,경부선,천안,5540,5935,11475
20210903,경부선,두정,5736,5271,11007
20210903,경부선,직산,817,757,1574
20210903,경부선,성환,3964,3656,7620
20210903,경부선,평택,12156,11751,23907
20210903,경부선,평택지제,3223,3174,6397
20210903,경부선,서정리,6633,5697,12330
20210903,경부선,송탄,4398,3850,8248
20210903,경부선,진위,1680,1413,3093
20210903,경부선,오산,9529,9343,18872
20210903,경부선,오산대,3154,2937,6091
20210903,경부선,세마,2705,2511,5216
20210903,경부선,병점,14078,13845,27923
20210903,경부선,세류,2986,2698,5684
20210903,경부선,독산,16823,17592,34415
20210903,경부선,수원,32347,35242,67589
20210903,경부선,화서,7159,7002,14161
20210903,경부선,성균관대,13531,13178,26709
20210903,경부선,의왕,8546,8593,17139
20210903,경부선,군포,7349,7176,14525
20210903,경부선,금정,25083,25214,50297
20210903,경부선,명학,8707,8607,17314
20210903,경부선,안양,20849,20975,41824
20210903,경부선,관악,6847,6462,13309
20210903,경부선,석수,9706,8554,18260
20210903,경부선,금천구청,11426,11449,22875
20210903,경부선,가산디지털단지,17175,19894,37069
20210903,경부선,구로,17942,18406,36348
20210903,경부선,신길,8959,7447,16406
20210903,경부선,신도림,4008,3997,8005
20210903,경부선,영등포,35574,36814,72388
20210903,경부선,대방,12348,12447,24795
20210903,경부선,노량진,8204,8081,16285
20210903,경부선,용산,32703,33986,66689
20210903,경부선,남영,8822,9229,18051
20210903,경부선,서울,5655,2045,7700
20210906,경부선,서울,4678,1586,6264
20210906,경부선,남영,8556,8986,17542
20210906,경부선,용산,27991,28035,56026
20210906,경부선,노량진,7459,7590,15049
20210906,경부선,대방,12092,12595,24687
20210906,경부선,영등포,32351,32889,65240
20210906,경부선,신도림,3782,3835,7617
20210906,경부선,신길,8576,7329,15905
20210906,경부선,구로,17885,18035,35920
20210906,경부선,가산디지털단지,17349,20523,37872
20210906,경부선,금천구청,11276,11093,22369
20210906,경부선,석수,9445,8419,17864
20210906,경부선,관악,6587,6112,12699
20210906,경부선,안양,20257,20062,40319
20210906,경부선,명학,8683,8699,17382
20210906,경부선,금정,24273,25071,49344
20210906,경부선,군포,7232,7282,14514
20210906,경부선,의왕,8348,8372,16720
20210906,경부선,성균관대,12842,13002,25844
20210906,경부선,화서,7105,6767,13872
20210906,경부선,수원,29225,30476,59701
20210906,경부선,독산,17189,18095,35284
20210906,경부선,세류,2898,2548,5446
20210906,경부선,병점,12884,12747,25631
20210906,경부선,세마,2518,2422,4940
20210906,경부선,오산대,2978,2682,5660
20210906,경부선,오산,8422,8545,16967
20210906,경부선,진위,1510,1368,2878
20210906,경부선,송탄,3931,3863,7794
20210906,경부선,서정리,6128,6017,12145
20210906,경부선,평택지제,3009,2756,5765
20210906,경부선,평택,10572,10536,21108
20210906,경부선,성환,4152,4384,8536
20210906,경부선,직산,697,694,1391
20210906,경부선,두정,4778,5069,9847
20210906,경부선,천안,4624,4751,9375
20210906,경부선,당정,5694,5514,11208
20210906,경부선,서동탄,1381,1212,2593
20210906,경부선,광명,2979,2554,5533
20210907,경부선,서울,3930,1435,5365
20210907,경부선,남영,8429,8748,17177
20210907,경부선,용산,26086,26402,52488
20210907,경부선,노량진,6845,7129,13974
20210907,경부선,대방,11617,12109,23726
20210907,경부선,영등포,30352,30966,61318
20210907,경부선,신도림,3430,3513,6943
20210907,경부선,신길,8379,7059,15438
20210907,경부선,구로,16880,17065,33945
20210907,경부선,가산디지털단지,16821,19978,36799
20210907,경부선,금천구청,10360,10544,20904
20210907,경부선,석수,8877,7908,16785
20210907,경부선,관악,6389,6057,12446
20210907,경부선,안양,18951,18869,37820
20210907,경부선,명학,8444,8384,16828
20210907,경부선,금정,23468,23817,47285
20210907,경부선,군포,6896,7058,13954
20210907,경부선,의왕,7833,7853,15686
20210907,경부선,성균관대,11810,11889,23699
20210907,경부선,화서,6529,6344,12873
20210907,경부선,수원,26963,28621,55584
20210907,경부선,독산,16602,17336,33938
20210907,경부선,세류,2634,2435,5069
20210907,경부선,병점,12071,11984,24055
20210907,경부선,세마,2286,2230,4516
20210907,경부선,오산대,2792,2599,5391
20210907,경부선,오산,7940,7925,15865
20210907,경부선,진위,1430,1239,2669
20210907,경부선,송탄,3592,3433,7025
20210907,경부선,서정리,5870,5582,11452
20210907,경부선,평택지제,2650,2523,5173
20210907,경부선,평택,9393,9848,19241
20210907,경부선,성환,3491,3603,7094
20210907,경부선,직산,615,623,1238
20210907,경부선,두정,4682,4640,9322
20210907,경부선,천안,4332,4361,8693
20210907,경부선,당정,5423,5159,10582
20210907,경부선,서동탄,1314,1138,2452
20210907,경부선,광명,2684,2334,5018
20210908,경부선,서울,4115,1410,5525
20210908,경부선,남영,8887,9271,18158
20210908,경부선,용산,28003,28409,56412
20210908,경부선,노량진,8096,8147,16243
20210908,경부선,대방,12437,12844,25281
20210908,경부선,영등포,32585,33550,66135
20210908,경부선,신도림,3930,3994,7924
20210908,경부선,신길,9066,7579,16645
20210908,경부선,구로,18776,19467,38243
20210908,경부선,가산디지털단지,17527,20577,38104
20210908,경부선,금천구청,11517,11406,22923
20210908,경부선,석수,9605,8476,18081
20210908,경부선,관악,6857,6459,13316
20210908,경부선,안양,20688,20585,41273
20210908,경부선,명학,8929,8787,17716
20210908,경부선,금정,25184,25667,50851
20210908,경부선,군포,7485,7499,14984
20210908,경부선,의왕,8686,8510,17196
20210908,경부선,성균관대,13145,13080,26225
20210908,경부선,화서,7284,7068,14352
20210908,경부선,수원,29986,31429,61415
20210908,경부선,독산,17021,17836,34857
20210908,경부선,세류,2899,2617,5516
20210908,경부선,병점,13191,13174,26365
20210908,경부선,세마,2570,2413,4983
20210908,경부선,오산대,3091,2861,5952
20210908,경부선,오산,8889,8864,17753
20210908,경부선,진위,1545,1364,2909
20210908,경부선,송탄,3778,3710,7488
20210908,경부선,서정리,6223,5983,12206
20210908,경부선,평택지제,2844,2699,5543
20210908,경부선,평택,10054,10131,20185
20210908,경부선,성환,3966,4023,7989
20210908,경부선,직산,684,668,1352
20210908,경부선,두정,4953,4987,9940
20210908,경부선,천안,4653,4758,9411
20210908,경부선,당정,5821,5564,11385
20210908,경부선,서동탄,1375,1211,2586
20210908,경부선,광명,2761,2441,5202
20210909,경부선,구로,18167,18608,36775
20210909,경부선,오산대,3080,2896,5976
20210909,경부선,오산,8594,8700,17294
20210909,경부선,진위,1475,1298,2773
20210909,경부선,송탄,3916,3578,7494
20210909,경부선,서울,4498,1576,6074
20210909,경부선,남영,8634,9112,17746
20210909,경부선,용산,29233,29270,58503
20210909,경부선,노량진,8070,8062,16132
20210909,경부선,대방,12359,12779,25138
20210909,경부선,영등포,32861,33713,66574
20210909,경부선,신도림,3977,3957,7934
20210909,경부선,신길,8901,7446,16347
20210909,경부선,가산디지털단지,17218,20327,37545
20210909,경부선,금천구청,11454,11477,22931
20210909,경부선,석수,9633,8477,18110
20210909,경부선,관악,6919,6459,13378
20210909,경부선,안양,20725,20485,41210
20210909,경부선,명학,8837,8620,17457
20210909,경부선,금정,25015,25654,50669
20210909,경부선,군포,7453,7388,14841
20210909,경부선,의왕,8547,8484,17031
20210909,경부선,성균관대,13165,13106,26271
20210909,경부선,화서,7294,6972,14266
20210909,경부선,수원,29478,31265,60743
20210909,경부선,독산,17060,17787,34847
20210909,경부선,세류,2856,2582,5438
20210909,경부선,병점,13163,13099,26262
20210909,경부선,세마,2496,2407,4903
20210909,경부선,서정리,6362,5871,12233
20210909,경부선,평택지제,2687,2733,5420
20210909,경부선,평택,10367,10312,20679
20210909,경부선,성환,3879,3858,7737
20210909,경부선,직산,694,728,1422
20210909,경부선,두정,5244,5069,10313
20210909,경부선,천안,4994,5028,10022
20210909,경부선,당정,5804,5691,11495
20210909,경부선,서동탄,1408,1260,2668
20210909,경부선,광명,2884,2576,5460
20210910,경부선,광명,3218,2977,6195
20210910,경부선,서동탄,1398,1227,2625
20210910,경부선,당정,5862,5566,11428
20210910,경부선,천안,5465,5627,11092
20210910,경부선,두정,6091,5648,11739
20210910,경부선,직산,821,747,1568
20210910,경부선,성환,3690,3301,6991
20210910,경부선,평택,12257,11669,23926
20210910,경부선,평택지제,3265,3151,6416
20210910,경부선,서정리,6769,5873,12642
20210910,경부선,송탄,4499,3951,8450
20210910,경부선,진위,1656,1358,3014
20210910,경부선,오산,9453,9190,18643
20210910,경부선,오산대,3219,3015,6234
20210910,경부선,세마,2728,2559,5287
20210910,경부선,병점,13950,13821,27771
20210910,경부선,세류,3048,2815,5863
20210910,경부선,독산,16750,17306,34056
20210910,경부선,수원,32428,35338,67766
20210910,경부선,화서,7225,7188,14413
20210910,경부선,성균관대,13474,13192,26666
20210910,경부선,의왕,8570,8582,17152
20210910,경부선,군포,7378,7311,14689
20210910,경부선,금정,25408,25707,51115
20210910,경부선,명학,8591,8398,16989
20210910,경부선,안양,20491,20733,41224
20210910,경부선,관악,6862,6506,13368
20210910,경부선,석수,9702,8447,18149
20210910,경부선,금천구청,11444,11443,22887
20210910,경부선,가산디지털단지,16858,19803,36661
20210910,경부선,구로,18375,18750,37125
20210910,경부선,신길,8981,7457,16438
20210910,경부선,신도림,3990,3999,7989
20210910,경부선,영등포,35800,37284,73084
20210910,경부선,대방,12436,12496,24932
20210910,경부선,노량진,8600,8403,17003
20210910,경부선,용산,32610,33796,66406
20210910,경부선,남영,8843,9187,18030
20210910,경부선,서울,5866,2078,7944
20210913,경부선,광명,3013,2498,5511
20210913,경부선,서동탄,1493,1191,2684
20210913,경부선,당정,5896,5620,11516
20210913,경부선,천안,4726,4954,9680
20210913,경부선,두정,4822,4955,9777
20210913,경부선,직산,705,707,1412
20210913,경부선,성환,4037,4293,8330
20210913,경부선,평택,10928,10971,21899
20210913,경부선,평택지제,2978,2836,5814
20210913,경부선,서정리,6442,6256,12698
20210913,경부선,송탄,3946,3784,7730
20210913,경부선,진위,1533,1422,2955
20210913,경부선,오산,9280,9425,18705
20210913,경부선,오산대,3432,3176,6608
20210913,경부선,세마,2554,2465,5019
20210913,경부선,병점,13377,13247,26624
20210913,경부선,세류,2964,2685,5649
20210913,경부선,독산,17283,18173,35456
20210913,경부선,수원,30381,31940,62321
20210913,경부선,화서,7295,6962,14257
20210913,경부선,성균관대,12900,13133,26033
20210913,경부선,의왕,8562,8578,17140
20210913,경부선,군포,7272,7417,14689
20210913,경부선,금정,24658,25387,50045
20210913,경부선,명학,8765,8742,17507
20210913,경부선,안양,21796,21543,43339
20210913,경부선,관악,6806,6325,13131
20210913,경부선,석수,9517,8491,18008
20210913,경부선,금천구청,11373,11286,22659
20210913,경부선,가산디지털단지,17560,20606,38166
20210913,경부선,구로,18008,18079,36087
20210913,경부선,신길,8928,7503,16431
20210913,경부선,신도림,3970,3953,7923
20210913,경부선,영등포,32851,33594,66445
20210913,경부선,대방,12389,12609,24998
20210913,경부선,노량진,8012,8050,16062
20210913,경부선,용산,28581,28938,57519
20210913,경부선,남영,8677,9123,17800
20210913,경부선,서울,4932,1600,6532
20210914,경부선,서울,4404,1471,5875
20210914,경부선,남영,8906,9331,18237
20210914,경부선,용산,28195,28504,56699
20210914,경부선,노량진,8209,8154,16363
20210914,경부선,대방,12448,12776,25224
20210914,경부선,영등포,32936,33799,66735
20210914,경부선,신도림,4032,4051,8083
20210914,경부선,신길,8948,7604,16552
20210914,경부선,구로,17931,18343,36274
20210914,경부선,가산디지털단지,17267,20441,37708
20210914,경부선,금천구청,11492,11421,22913
20210914,경부선,석수,9707,8501,18208
20210914,경부선,관악,6907,6460,13367
20210914,경부선,안양,21512,21638,43150
20210914,경부선,명학,8919,8887,17806
20210914,경부선,금정,25069,25498,50567
20210914,경부선,군포,7535,7404,14939
20210914,경부선,의왕,8606,8523,17129
20210914,경부선,성균관대,12906,12973,25879
20210914,경부선,화서,7171,6910,14081
20210914,경부선,수원,29689,31141,60830
20210914,경부선,독산,17231,18228,35459
20210914,경부선,세류,2853,2623,5476
20210914,경부선,병점,13135,13021,26156
20210914,경부선,세마,2588,2481,5069
20210914,경부선,오산대,3381,3098,6479
20210914,경부선,오산,9026,8791,17817
20210914,경부선,진위,1535,1390,2925
20210914,경부선,송탄,3920,3730,7650
20210914,경부선,서정리,6328,6055,12383
20210914,경부선,평택지제,2831,2700,5531
20210914,경부선,평택,10473,10414,20887
20210914,경부선,성환,3630,3761,7391
20210914,경부선,직산,734,737,1471
20210914,경부선,두정,4680,4739,9419
20210914,경부선,천안,4597,4771,9368
20210914,경부선,당정,5764,5694,11458
20210914,경부선,서동탄,1442,1158,2600
20210914,경부선,광명,2883,2575,5458
20210915,경부선,서울,4580,1598,6178
20210915,경부선,남영,9120,9484,18604
20210915,경부선,용산,28657,29976,58633
20210915,경부선,노량진,8409,8549,16958
20210915,경부선,대방,12543,12856,25399
20210915,경부선,영등포,33605,34571,68176
20210915,경부선,신도림,4132,4208,8340
20210915,경부선,신길,8939,7425,16364
20210915,경부선,구로,18137,18678,36815
20210915,경부선,가산디지털단지,17544,20551,38095
20210915,경부선,금천구청,11416,11486,22902
20210915,경부선,석수,9754,8642,18396
20210915,경부선,관악,7037,6515,13552
20210915,경부선,안양,22202,21878,44080
20210915,경부선,명학,8949,8876,17825
20210915,경부선,금정,25391,26192,51583
20210915,경부선,군포,7476,7450,14926
20210915,경부선,의왕,8854,8687,17541
20210915,경부선,성균관대,13424,13095,26519
20210915,경부선,화서,7356,7099,14455
20210915,경부선,수원,30611,32268,62879
20210915,경부선,독산,17518,18357,35875
20210915,경부선,세류,2873,2683,5556
20210915,경부선,병점,13239,13386,26625
20210915,경부선,세마,2628,2489,5117
20210915,경부선,오산대,3432,3295,6727
20210915,경부선,오산,9138,8985,18123
20210915,경부선,진위,1589,1431,3020
20210915,경부선,송탄,3940,3716,7656
20210915,경부선,서정리,6460,5998,12458
20210915,경부선,평택지제,2894,2773,5667
20210915,경부선,평택,10575,10607,21182
20210915,경부선,성환,3892,3945,7837
20210915,경부선,직산,714,708,1422
20210915,경부선,두정,4939,4838,9777
20210915,경부선,천안,4738,4860,9598
20210915,경부선,당정,5909,5697,11606
20210915,경부선,서동탄,1435,1220,2655
20210915,경부선,광명,2863,2596,5459
20210916,경부선,서울,4796,2249,7045
20210916,경부선,남영,9113,9479,18592
20210916,경부선,용산,29436,34200,63636
20210916,경부선,노량진,8747,8494,17241
20210916,경부선,대방,12642,12751,25393
20210916,경부선,영등포,34142,35693,69835
20210916,경부선,신도림,4125,4139,8264
20210916,경부선,신길,9062,7539,16601
20210916,경부선,구로,18152,18396,36548
20210916,경부선,가산디지털단지,17392,20464,37856
20210916,경부선,금천구청,11549,11352,22901
20210916,경부선,석수,9703,8437,18140
20210916,경부선,관악,6941,6475,13416
20210916,경부선,안양,21938,21762,43700
20210916,경부선,명학,9059,8905,17964
20210916,경부선,금정,25789,26106,51895
20210916,경부선,군포,7515,7274,14789
20210916,경부선,의왕,8594,8616,17210
20210916,경부선,성균관대,13441,12874,26315
20210916,경부선,화서,7265,7028,14293
20210916,경부선,수원,30809,33432,64241
20210916,경부선,독산,17562,18242,35804
20210916,경부선,세류,2891,2581,5472
20210916,경부선,병점,13457,13159,26616
20210916,경부선,세마,2612,2460,5072
20210916,경부선,오산대,3270,3026,6296
20210916,경부선,오산,8914,8664,17578
20210916,경부선,진위,1558,1336,2894
20210916,경부선,송탄,3934,3695,7629
20210916,경부선,서정리,6537,5984,12521
20210916,경부선,평택지제,3010,2959,5969
20210916,경부선,평택,10702,10681,21383
20210916,경부선,성환,4103,3882,7985
20210916,경부선,직산,706,711,1417
20210916,경부선,두정,5149,4825,9974
20210916,경부선,천안,4839,4992,9831
20210916,경부선,당정,6022,5599,11621
20210916,경부선,서동탄,1425,1189,2614
20210916,경부선,광명,2883,2913,5796
20210917,경부선,서울,4340,2038,6378
20210917,경부선,남영,8945,9244,18189
20210917,경부선,용산,30148,32798,62946
20210917,경부선,노량진,8970,8656,17626
20210917,경부선,대방,12266,12455,24721
20210917,경부선,영등포,36975,38505,75480
20210917,경부선,신도림,4033,4060,8093
20210917,경부선,신길,8821,7266,16087
20210917,경부선,구로,18004,18536,36540
20210917,경부선,가산디지털단지,16542,19435,35977
20210917,경부선,금천구청,11675,11704,23379
20210917,경부선,석수,9636,8451,18087
20210917,경부선,관악,6818,6451,13269
20210917,경부선,안양,21898,22198,44096
20210917,경부선,명학,8530,8347,16877
20210917,경부선,금정,25412,25468,50880
20210917,경부선,군포,7245,7105,14350
20210917,경부선,의왕,8673,8414,17087
20210917,경부선,성균관대,14023,13263,27286
20210917,경부선,화서,7158,7097,14255
20210917,경부선,수원,33433,37102,70535
20210917,경부선,독산,17108,17538,34646
20210917,경부선,세류,3209,3100,6309
20210917,경부선,병점,14540,14236,28776
20210917,경부선,세마,2740,2553,5293
20210917,경부선,오산대,3299,3122,6421
20210917,경부선,오산,10236,9892,20128
20210917,경부선,진위,1691,1402,3093
20210917,경부선,송탄,4720,4258,8978
20210917,경부선,서정리,7813,6209,14022
20210917,경부선,평택지제,3627,3127,6754
20210917,경부선,평택,14007,13057,27064
20210917,경부선,성환,3852,3341,7193
20210917,경부선,직산,739,733,1472
20210917,경부선,두정,6335,6025,12360
20210917,경부선,천안,6009,6483,12492
20210917,경부선,당정,5745,5541,11286
20210917,경부선,서동탄,1405,1308,2713
20210917,경부선,광명,2920,2835,5755
20210920,경부선,서울,2871,954,3825
20210920,경부선,남영,2723,2556,5279
20210920,경부선,용산,19909,21354,41263
20210920,경부선,노량진,5336,4844,10180
20210920,경부선,대방,3735,3422,7157
20210920,경부선,영등포,18256,18381,36637
20210920,경부선,신도림,1530,1421,2951
20210920,경부선,신길,3439,2678,6117
20210920,경부선,구로,7042,7161,14203
20210920,경부선,가산디지털단지,3514,4742,8256
20210920,경부선,금천구청,4293,4425,8718
20210920,경부선,석수,3464,3290,6754
20210920,경부선,관악,2866,2821,5687
20210920,경부선,안양,9273,9551,18824
20210920,경부선,명학,2264,2099,4363
20210920,경부선,금정,9957,10158,20115
20210920,경부선,군포,2430,2258,4688
20210920,경부선,의왕,3042,3061,6103
20210920,경부선,성균관대,5195,5151,10346
20210920,경부선,화서,2651,2727,5378
20210920,경부선,수원,24332,25617,49949
20210920,경부선,독산,4387,4166,8553
20210920,경부선,세류,1662,1689,3351
20210920,경부선,병점,6481,6548,13029
20210920,경부선,세마,1165,1075,2240
20210920,경부선,오산대,1505,1439,2944
20210920,경부선,오산,6195,6116,12311
20210920,경부선,진위,652,651,1303
20210920,경부선,송탄,2760,2728,5488
20210920,경부선,서정리,3130,3261,6391
20210920,경부선,평택지제,1414,1412,2826
20210920,경부선,평택,9257,9675,18932
20210920,경부선,성환,2160,2374,4534
20210920,경부선,직산,458,480,938
20210920,경부선,두정,2907,2735,5642
20210920,경부선,천안,4841,5687,10528
20210920,경부선,당정,1918,1818,3736
20210920,경부선,서동탄,553,615,1168
20210920,경부선,광명,1374,1247,2621
20210921,경부선,서울,3713,749,4462
20210921,경부선,남영,2073,2374,4447
20210921,경부선,용산,17540,15652,33192
20210921,경부선,노량진,3564,3763,7327
20210921,경부선,대방,3023,3347,6370
20210921,경부선,영등포,15609,16230,31839
20210921,경부선,신도림,1066,1242,2308
20210921,경부선,신길,2924,2764,5688
20210921,경부선,구로,5548,5973,11521
20210921,경부선,가산디지털단지,2937,4623,7560
20210921,경부선,금천구청,4082,4271,8353
20210921,경부선,석수,3005,2693,5698
20210921,경부선,관악,2497,2344,4841
20210921,경부선,안양,7662,7902,15564
20210921,경부선,명학,1981,2008,3989
20210921,경부선,금정,8542,8844,17386
20210921,경부선,군포,2014,1910,3924
20210921,경부선,의왕,2720,2540,5260
20210921,경부선,성균관대,4309,4681,8990
20210921,경부선,화서,2501,2420,4921
20210921,경부선,수원,21588,21641,43229
20210921,경부선,독산,3532,3837,7369
20210921,경부선,세류,1656,1557,3213
20210921,경부선,병점,5763,6372,12135
20210921,경부선,세마,1014,954,1968
20210921,경부선,오산대,1406,1284,2690
20210921,경부선,오산,5924,5821,11745
20210921,경부선,진위,597,498,1095
20210921,경부선,송탄,2489,2442,4931
20210921,경부선,서정리,2949,3142,6091
20210921,경부선,평택지제,1487,1343,2830
20210921,경부선,평택,9490,8486,17976
20210921,경부선,성환,2119,2014,4133
20210921,경부선,직산,486,424,910
20210921,경부선,두정,2730,2872,5602
20210921,경부선,천안,6433,4765,11198
20210921,경부선,당정,1711,1738,3449
20210921,경부선,서동탄,610,473,1083
20210921,경부선,광명,1294,857,2151
20210922,경부선,서울,5342,972,6314
20210922,경부선,남영,2996,3481,6477
20210922,경부선,용산,23963,21120,45083
20210922,경부선,노량진,4768,4664,9432
20210922,경부선,대방,3939,4605,8544
20210922,경부선,영등포,24571,25376,49947
20210922,경부선,신도림,1617,1725,3342
20210922,경부선,신길,3650,3379,7029
20210922,경부선,구로,7747,7855,15602
20210922,경부선,가산디지털단지,3844,5848,9692
20210922,경부선,금천구청,5191,5223,10414
20210922,경부선,광명,1964,1404,3368
20210922,경부선,서동탄,730,720,1450
20210922,경부선,당정,2510,2376,4886
20210922,경부선,천안,7349,5866,13215
20210922,경부선,두정,3869,4142,8011
20210922,경부선,직산,486,494,980
20210922,경부선,성환,2226,2561,4787
20210922,경부선,평택,11589,11371,22960
20210922,경부선,평택지제,1948,2036,3984
20210922,경부선,서정리,3773,5440,9213
20210922,경부선,송탄,3095,3536,6631
20210922,경부선,진위,693,585,1278
20210922,경부선,오산,7417,7635,15052
20210922,경부선,오산대,1974,1914,3888
20210922,경부선,세마,1502,1359,2861
20210922,경부선,병점,8014,8726,16740
20210922,경부선,세류,2066,1795,3861
20210922,경부선,독산,4898,5154,10052
20210922,경부선,수원,30011,28998,59009
20210922,경부선,화서,3370,3126,6496
20210922,경부선,성균관대,6022,6925,12947
20210922,경부선,의왕,3830,3806,7636
20210922,경부선,군포,2591,2466,5057
20210922,경부선,금정,11321,11622,22943
20210922,경부선,명학,2633,2769,5402
20210922,경부선,안양,11384,11128,22512
20210922,경부선,관악,3607,3323,6930
20210922,경부선,석수,4281,3890,8171
20210923,경부선,서울,7693,1422,9115
20210923,경부선,남영,8129,8633,16762
20210923,경부선,용산,33127,27708,60835
20210923,경부선,노량진,7255,7435,14690
20210923,경부선,대방,11230,11770,23000
20210923,경부선,영등포,33554,33640,67194
20210923,경부선,신도림,3871,3913,7784
20210923,경부선,신길,8232,7144,15376
20210923,경부선,구로,17099,17213,34312
20210923,경부선,가산디지털단지,15802,18739,34541
20210923,경부선,금천구청,10771,10688,21459
20210923,경부선,석수,8829,7865,16694
20210923,경부선,관악,6356,5966,12322
20210923,경부선,안양,20627,20403,41030
20210923,경부선,명학,7923,7854,15777
20210923,경부선,금정,22674,23109,45783
20210923,경부선,군포,6930,6914,13844
20210923,경부선,의왕,7517,7584,15101
20210923,경부선,성균관대,12006,12837,24843
20210923,경부선,화서,6770,6537,13307
20210923,경부선,수원,31536,31179,62715
20210923,경부선,독산,15466,16386,31852
20210923,경부선,세류,2778,2504,5282
20210923,경부선,병점,12448,12499,24947
20210923,경부선,세마,2419,2271,4690
20210923,경부선,오산대,3080,2946,6026
20210923,경부선,오산,8893,9005,17898
20210923,경부선,진위,1333,1256,2589
20210923,경부선,송탄,3963,3876,7839
20210923,경부선,서정리,5561,5759,11320
20210923,경부선,평택지제,2969,2738,5707
20210923,경부선,평택,11108,10949,22057
20210923,경부선,성환,3505,3792,7297
20210923,경부선,직산,673,664,1337
20210923,경부선,두정,4560,4885,9445
20210923,경부선,천안,5085,5219,10304
20210923,경부선,당정,5429,5245,10674
20210923,경부선,서동탄,1301,1120,2421
20210923,경부선,광명,3369,2366,5735
20210924,경부선,서울,5826,1765,7591
20210924,경부선,남영,8698,9007,17705
20210924,경부선,용산,31856,31102,62958
20210924,경부선,노량진,8070,8050,16120
20210924,경부선,대방,11755,12087,23842
20210924,경부선,영등포,35575,36508,72083
20210924,경부선,신도림,3971,3970,7941
20210924,경부선,신길,8589,7288,15877
20210924,경부선,구로,17703,18079,35782
20210924,경부선,가산디지털단지,16399,19437,35836
20210924,경부선,금천구청,11276,11279,22555
20210924,경부선,석수,9262,8217,17479
20210924,경부선,관악,6743,6424,13167
20210924,경부선,안양,21441,21163,42604
20210924,경부선,명학,8300,8189,16489
20210924,경부선,금정,23923,24387,48310
20210924,경부선,군포,7089,6972,14061
20210924,경부선,의왕,8160,8103,16263
20210924,경부선,성균관대,12810,12921,25731
20210924,경부선,화서,7145,7037,14182
20210924,경부선,수원,32496,34081,66577
20210924,경부선,독산,16158,16748,32906
20210924,경부선,세류,2950,2669,5619
20210924,경부선,병점,13574,13415,26989
20210924,경부선,세마,2659,2447,5106
20210924,경부선,오산대,3393,3218,6611
20210924,경부선,오산,9350,9445,18795
20210924,경부선,진위,1576,1301,2877
20210924,경부선,송탄,4263,3957,8220
20210924,경부선,서정리,6495,5879,12374
20210924,경부선,평택지제,3090,2985,6075
20210924,경부선,평택,12179,11518,23697
20210924,경부선,성환,3563,3426,6989
20210924,경부선,직산,795,744,1539
20210924,경부선,두정,5239,5157,10396
20210924,경부선,천안,5458,5570,11028
20210924,경부선,당정,5703,5340,11043
20210924,경부선,서동탄,1325,1254,2579
20210924,경부선,광명,2937,2573,5510
20210927,경부선,광명,3051,2658,5709
20210927,경부선,서동탄,1404,1131,2535
20210927,경부선,당정,5849,5640,11489
20210927,경부선,천안,4877,5109,9986
20210927,경부선,두정,4870,5306,10176
20210927,경부선,직산,730,685,1415
20210927,경부선,성환,4208,4395,8603
20210927,경부선,평택,11057,10872,21929
20210927,경부선,평택지제,3111,2943,6054
20210927,경부선,서정리,6640,6388,13028
20210927,경부선,송탄,4038,3861,7899
20210927,경부선,진위,1592,1430,3022
20210927,경부선,오산,9120,9312,18432
20210927,경부선,오산대,3412,3186,6598
20210927,경부선,세마,2655,2448,5103
20210927,경부선,병점,13468,13365,26833
20210927,경부선,세류,2994,2683,5677
20210927,경부선,독산,17164,18082,35246
20210927,경부선,수원,30182,31716,61898
20210927,경부선,화서,7575,7187,14762
20210927,경부선,성균관대,13031,13265,26296
20210927,경부선,의왕,8628,8645,17273
20210927,경부선,군포,7414,7422,14836
20210927,경부선,금정,24958,25701,50659
20210927,경부선,명학,8981,8868,17849
20210927,경부선,안양,21876,21694,43570
20210927,경부선,관악,6852,6237,13089
20210927,경부선,석수,9533,8623,18156
20210927,경부선,금천구청,11514,11344,22858
20210927,경부선,가산디지털단지,17990,21011,39001
20210927,경부선,구로,17878,18094,35972
20210927,경부선,신길,8947,7569,16516
20210927,경부선,신도림,4055,4075,8130
20210927,경부선,영등포,32301,33073,65374
20210927,경부선,대방,12418,12757,25175
20210927,경부선,노량진,7560,7757,15317
20210927,경부선,용산,28172,28616,56788
20210927,경부선,남영,8848,9126,17974
20210927,경부선,서울,4905,1574,6479
20210928,경부선,서울,4482,1522,6004
20210928,경부선,남영,8737,9194,17931
20210928,경부선,용산,27811,27644,55455
20210928,경부선,노량진,7425,7604,15029
20210928,경부선,대방,12096,12631,24727
20210928,경부선,영등포,32266,32946,65212
20210928,경부선,신도림,3869,3787,7656
20210928,경부선,신길,8751,7471,16222
20210928,경부선,구로,17871,18040,35911
20210928,경부선,가산디지털단지,17615,20875,38490
20210928,경부선,금천구청,11555,11450,23005
20210928,경부선,석수,9624,8497,18121
20210928,경부선,관악,6791,6322,13113
20210928,경부선,안양,21495,21483,42978
20210928,경부선,명학,9026,8884,17910
20210928,경부선,금정,24998,25601,50599
20210928,경부선,군포,7510,7529,15039
20210928,경부선,의왕,8557,8594,17151
20210928,경부선,성균관대,12725,12804,25529
20210928,경부선,화서,7215,7103,14318
20210928,경부선,수원,29604,31229,60833
20210928,경부선,독산,17214,18172,35386
20210928,경부선,세류,2925,2667,5592
20210928,경부선,병점,13223,13185,26408
20210928,경부선,세마,2574,2416,4990
20210928,경부선,오산대,3464,3153,6617
20210928,경부선,오산,9163,9266,18429
20210928,경부선,진위,1595,1379,2974
20210928,경부선,송탄,4006,3855,7861
20210928,경부선,서정리,6294,6130,12424
20210928,경부선,평택지제,2837,2809,5646
20210928,경부선,평택,10648,10448,21096
20210928,경부선,성환,3677,3754,7431
20210928,경부선,직산,724,681,1405
20210928,경부선,두정,4756,4887,9643
20210928,경부선,천안,4751,4798,9549
20210928,경부선,당정,5792,5550,11342
20210928,경부선,서동탄,1356,1185,2541
20210928,경부선,광명,2800,2550,5350
20210929,경부선,광명,2813,2431,5244
20210929,경부선,서동탄,1242,1091,2333
20210929,경부선,당정,5609,5410,11019
20210929,경부선,천안,4452,4603,9055
20210929,경부선,두정,4914,4828,9742
20210929,경부선,직산,632,618,1250
20210929,경부선,성환,3644,3694,7338
20210929,경부선,평택,9812,9915,19727
20210929,경부선,평택지제,2753,2653,5406
20210929,경부선,서정리,6067,5802,11869
20210929,경부선,송탄,3738,3577,7315
20210929,경부선,진위,1461,1277,2738
20210929,경부선,오산,8514,8421,16935
20210929,경부선,오산대,3166,2912,6078
20210929,경부선,세마,2502,2331,4833
20210929,경부선,병점,12571,12660,25231
20210929,경부선,세류,2701,2549,5250
20210929,경부선,독산,17026,18055,35081
20210929,경부선,수원,28672,30028,58700
20210929,경부선,화서,7099,6789,13888
20210929,경부선,성균관대,12526,12487,25013
20210929,경부선,의왕,8249,8205,16454
20210929,경부선,군포,7335,7258,14593
20210929,경부선,금정,24281,24687,48968
20210929,경부선,명학,8862,8658,17520
20210929,경부선,안양,20691,20558,41249
20210929,경부선,관악,6521,5964,12485
20210929,경부선,석수,9190,8219,17409
20210929,경부선,금천구청,10933,10916,21849
20210929,경부선,가산디지털단지,17137,20240,37377
20210929,경부선,구로,17463,17846,35309
20210929,경부선,신길,8497,7132,15629
20210929,경부선,신도림,3721,3768,7489
20210929,경부선,영등포,31139,31921,63060
20210929,경부선,대방,11968,12346,24314
20210929,경부선,노량진,7194,7364,14558
20210929,경부선,용산,27681,27481,55162
20210929,경부선,남영,8541,8898,17439
20210929,경부선,서울,4369,1502,5871
20210930,경부선,서울,4661,1606,6267
20210930,경부선,남영,8929,9369,18298
20210930,경부선,용산,30187,30010,60197
20210930,경부선,노량진,8022,8146,16168
20210930,경부선,대방,12535,12779,25314
20210930,경부선,영등포,33727,34448,68175
20210930,경부선,신도림,4068,4037,8105
20210930,경부선,신길,9039,7590,16629
20210930,경부선,구로,18200,18319,36519
20210930,경부선,가산디지털단지,17660,20762,38422
20210930,경부선,금천구청,11764,11719,23483
20210930,경부선,석수,9919,8696,18615
20210930,경부선,관악,7096,6589,13685
20210930,경부선,안양,21790,21699,43489
20210930,경부선,명학,9006,8939,17945
20210930,경부선,금정,25411,25909,51320
20210930,경부선,군포,7427,7458,14885
20210930,경부선,의왕,8686,8704,17390
20210930,경부선,성균관대,13137,13069,26206
20210930,경부선,화서,7452,7291,14743
20210930,경부선,수원,30814,32656,63470
20210930,경부선,독산,17370,18313,35683
20210930,경부선,세류,3030,2676,5706
20210930,경부선,병점,13649,13591,27240
20210930,경부선,세마,2648,2550,5198
20210930,경부선,오산대,3553,3284,6837
20210930,경부선,오산,9031,8960,17991
20210930,경부선,진위,1525,1373,2898
20210930,경부선,송탄,4065,3838,7903
20210930,경부선,서정리,6487,6027,12514
20210930,경부선,평택지제,2942,2903,5845
20210930,경부선,평택,10959,10892,21851
20210930,경부선,성환,4100,3938,8038
20210930,경부선,직산,763,743,1506
20210930,경부선,두정,5319,5171,10490
20210930,경부선,천안,5033,5119,10152
20210930,경부선,당정,5836,5570,11406
20210930,경부선,서동탄,1410,1185,2595
20210930,경부선,광명,2894,2581,5475
20211001,경부선,광명,3338,3125,6463
20211001,경부선,서동탄,1472,1319,2791
20211001,경부선,당정,5957,5657,11614
20211001,경부선,천안,5904,6025,11929
20211001,경부선,두정,6569,6176,12745
20211001,경부선,직산,817,789,1606
20211001,경부선,성환,4012,3645,7657
20211001,경부선,평택,12670,12064,24734
20211001,경부선,평택지제,3441,3246,6687
20211001,경부선,서정리,7194,6057,13251
20211001,경부선,송탄,4423,4012,8435
20211001,경부선,진위,1753,1443,3196
20211001,경부선,오산,10025,9681,19706
20211001,경부선,오산대,3550,3349,6899
20211001,경부선,세마,2840,2575,5415
20211001,경부선,병점,14417,14339,28756
20211001,경부선,세류,3089,2790,5879
20211001,경부선,독산,17316,17833,35149
20211001,경부선,수원,34101,36910,71011
20211001,경부선,화서,7401,7380,14781
20211001,경부선,성균관대,13623,13413,27036
20211001,경부선,의왕,8670,8670,17340
20211001,경부선,군포,7419,7282,14701
20211001,경부선,금정,25815,26031,51846
20211001,경부선,명학,8913,8833,17746
20211001,경부선,안양,22069,22333,44402
20211001,경부선,관악,6939,6650,13589
20211001,경부선,석수,9856,8599,18455
20211001,경부선,금천구청,11823,11890,23713
20211001,경부선,가산디지털단지,17535,20709,38244
20211001,경부선,구로,18147,18449,36596
20211001,경부선,신길,9152,7733,16885
20211001,경부선,신도림,4059,4085,8144
20211001,경부선,영등포,36705,38162,74867
20211001,경부선,대방,12542,12711,25253
20211001,경부선,노량진,8436,8459,16895
20211001,경부선,용산,32712,34021,66733
20211001,경부선,남영,8759,9364,18123
20211001,경부선,서울,6197,2167,8364
20211004,경부선,서울,5842,1198,7040
20211004,경부선,남영,4184,4461,8645
20211004,경부선,용산,25519,23116,48635
20211004,경부선,노량진,5924,5658,11582
20211004,경부선,대방,5953,6439,12392
20211004,경부선,영등포,28178,27585,55763
20211004,경부선,신도림,2214,2471,4685
20211004,경부선,신길,4982,4422,9404
20211004,경부선,구로,10493,10447,20940
20211004,경부선,가산디지털단지,5398,7315,12713
20211004,경부선,금천구청,6547,6600,13147
20211004,경부선,석수,5605,5151,10756
20211004,경부선,관악,4401,4145,8546
20211004,경부선,안양,13754,13696,27450
20211004,경부선,명학,4378,4255,8633
20211004,경부선,금정,14510,14822,29332
20211004,경부선,군포,4039,4212,8251
20211004,경부선,의왕,4872,4901,9773
20211004,경부선,성균관대,7668,8030,15698
20211004,경부선,화서,4260,4031,8291
20211004,경부선,수원,27831,27252,55083
20211004,경부선,독산,7603,7869,15472
20211004,경부선,세류,2057,2052,4109
20211004,경부선,병점,9112,9664,18776
20211004,경부선,세마,1704,1671,3375
20211004,경부선,오산대,2165,2156,4321
20211004,경부선,오산,6870,7297,14167
20211004,경부선,진위,895,864,1759
20211004,경부선,송탄,3254,3340,6594
20211004,경부선,서정리,4532,5172,9704
20211004,경부선,평택지제,2545,2342,4887
20211004,경부선,평택,9944,9599,19543
20211004,경부선,성환,2359,2766,5125
20211004,경부선,직산,497,552,1049
20211004,경부선,두정,3898,4405,8303
20211004,경부선,천안,5523,5183,10706
20211004,경부선,당정,3311,3239,6550
20211004,경부선,서동탄,754,757,1511
20211004,경부선,광명,2335,1673,4008
20211005,경부선,광명,3131,2773,5904
20211005,경부선,서동탄,1463,1274,2737
20211005,경부선,당정,6117,5797,11914
20211005,경부선,천안,4769,4974,9743
20211005,경부선,두정,4984,5259,10243
20211005,경부선,직산,760,751,1511
20211005,경부선,성환,3776,4002,7778
20211005,경부선,평택,10916,10667,21583
20211005,경부선,평택지제,3110,3011,6121
20211005,경부선,서정리,6612,6351,12963
20211005,경부선,송탄,4102,3871,7973
20211005,경부선,진위,1590,1415,3005
20211005,경부선,오산,9272,9177,18449
20211005,경부선,오산대,3542,3330,6872
20211005,경부선,세마,2648,2494,5142
20211005,경부선,병점,13375,13347,26722
20211005,경부선,세류,2960,2658,5618
20211005,경부선,독산,17602,18611,36213
20211005,경부선,수원,30424,31907,62331
20211005,경부선,화서,7536,7262,14798
20211005,경부선,성균관대,13428,13414,26842
20211005,경부선,의왕,8768,8708,17476
20211005,경부선,군포,7504,7562,15066
20211005,경부선,금정,25404,26096,51500
20211005,경부선,명학,9083,9075,18158
20211005,경부선,안양,21690,21695,43385
20211005,경부선,관악,6981,6541,13522
20211005,경부선,석수,9631,8550,18181
20211005,경부선,금천구청,11525,11676,23201
20211005,경부선,가산디지털단지,18398,21495,39893
20211005,경부선,구로,18031,18285,36316
20211005,경부선,신길,8996,7588,16584
20211005,경부선,신도림,4162,4196,8358
20211005,경부선,영등포,32804,33485,66289
20211005,경부선,대방,12503,13053,25556
20211005,경부선,노량진,7806,7729,15535
20211005,경부선,용산,28240,28752,56992
20211005,경부선,남영,9045,9460,18505
20211005,경부선,서울,5037,1633,6670
20211006,경부선,광명,2945,2522,5467
20211006,경부선,서동탄,1436,1245,2681
20211006,경부선,당정,5852,5646,11498
20211006,경부선,천안,4720,4821,9541
20211006,경부선,두정,5180,5193,10373
20211006,경부선,직산,659,630,1289
20211006,경부선,성환,4003,3970,7973
20211006,경부선,평택,10296,10434,20730
20211006,경부선,평택지제,2995,2870,5865
20211006,경부선,서정리,6535,6243,12778
20211006,경부선,송탄,3933,3848,7781
20211006,경부선,진위,1537,1330,2867
20211006,경부선,오산,9193,8957,18150
20211006,경부선,오산대,3411,3198,6609
20211006,경부선,세마,2628,2559,5187
20211006,경부선,병점,13246,13278,26524
20211006,경부선,세류,2901,2578,5479
20211006,경부선,독산,17457,18542,35999
20211006,경부선,수원,29986,31717,61703
20211006,경부선,화서,7507,7254,14761
20211006,경부선,성균관대,13201,13174,26375
20211006,경부선,의왕,8615,8554,17169
20211006,경부선,군포,7499,7410,14909
20211006,경부선,금정,25282,25660,50942
20211006,경부선,명학,9125,9048,18173
20211006,경부선,안양,21671,21645,43316
20211006,경부선,관악,6904,6379,13283
20211006,경부선,석수,9476,8483,17959
20211006,경부선,금천구청,11418,11427,22845
20211006,경부선,가산디지털단지,18065,21057,39122
20211006,경부선,구로,18020,18360,36380
20211006,경부선,신길,8899,7441,16340
20211006,경부선,신도림,3942,3964,7906
20211006,경부선,영등포,32460,33215,65675
20211006,경부선,대방,12368,12755,25123
20211006,경부선,노량진,7449,7726,15175
20211006,경부선,용산,28086,28350,56436
20211006,경부선,남영,9067,9456,18523
20211006,경부선,서울,4395,1569,5964
20211007,경부선,서울,4747,1753,6500
20211007,경부선,남영,9133,9516,18649
20211007,경부선,용산,28605,28708,57313
20211007,경부선,노량진,7844,7962,15806
20211007,경부선,대방,12581,12937,25518
20211007,경부선,직산,711,723,1434
20211007,경부선,성환,3923,3828,7751
20211007,경부선,평택,10780,10265,21045
20211007,경부선,평택지제,2970,3016,5986
20211007,경부선,서정리,6658,6222,12880
20211007,경부선,송탄,3958,3788,7746
20211007,경부선,진위,1563,1356,2919
20211007,경부선,오산,8779,8831,17610
20211007,경부선,오산대,3403,3180,6583
20211007,경부선,세마,2669,2492,5161
20211007,경부선,병점,13150,13236,26386
20211007,경부선,세류,2964,2613,5577
20211007,경부선,독산,17463,18273,35736
20211007,경부선,수원,30565,32118,62683
20211007,경부선,화서,7376,7192,14568
20211007,경부선,성균관대,13249,13055,26304
20211007,경부선,의왕,8780,8644,17424
20211007,경부선,군포,7461,7356,14817
20211007,경부선,금정,25268,25679,50947
20211007,경부선,명학,9093,8959,18052
20211007,경부선,안양,21595,21473,43068
20211007,경부선,관악,6793,6291,13084
20211007,경부선,석수,9695,8600,18295
20211007,경부선,금천구청,11544,11542,23086
20211007,경부선,가산디지털단지,17877,20966,38843
20211007,경부선,구로,17926,18204,36130
20211007,경부선,신길,8867,7356,16223
20211007,경부선,당정,5925,5678,11603
20211007,경부선,천안,4807,4913,9720
20211007,경부선,두정,5204,5213,10417
20211007,경부선,신도림,4049,4090,8139
20211007,경부선,광명,3025,2630,5655
20211007,경부선,서동탄,1381,1220,2601
20211007,경부선,영등포,33158,33985,67143
20211008,경부선,광명,3429,3345,6774
20211008,경부선,서동탄,1459,1392,2851
20211008,경부선,당정,6014,5668,11682
20211008,경부선,천안,5877,6064,11941
20211008,경부선,두정,6567,6266,12833
20211008,경부선,직산,838,825,1663
20211008,경부선,성환,3926,3570,7496
20211008,경부선,평택,12478,12296,24774
20211008,경부선,평택지제,3551,3397,6948
20211008,경부선,서정리,7298,6198,13496
20211008,경부선,송탄,4588,4109,8697
20211008,경부선,진위,1798,1410,3208
20211008,경부선,오산,10051,9756,19807
20211008,경부선,오산대,3492,3283,6775
20211008,경부선,세마,2780,2646,5426
20211008,경부선,병점,14577,14488,29065
20211008,경부선,세류,3144,2905,6049
20211008,경부선,독산,17407,18023,35430
20211008,경부선,수원,34151,37112,71263
20211008,경부선,화서,7447,7341,14788
20211008,경부선,성균관대,13694,13441,27135
20211008,경부선,의왕,8759,8693,17452
20211008,경부선,군포,7456,7449,14905
20211008,경부선,금정,25737,26073,51810
20211008,경부선,명학,9086,8846,17932
20211008,경부선,안양,21993,22201,44194
20211008,경부선,관악,6843,6455,13298
20211008,경부선,석수,9688,8558,18246
20211008,경부선,금천구청,11778,11740,23518
20211008,경부선,가산디지털단지,17607,20618,38225
20211008,경부선,구로,18650,18687,37337
20211008,경부선,신길,9145,7659,16804
20211008,경부선,신도림,3995,4074,8069
20211008,경부선,영등포,36935,38428,75363
20211008,경부선,대방,12748,12829,25577
20211008,경부선,노량진,8322,8246,16568
20211008,경부선,용산,34282,36127,70409
20211008,경부선,남영,9173,9491,18664
20211008,경부선,서울,7022,2509,9531
20211011,경부선,서울,7021,1310,8331
20211011,경부선,남영,4350,4676,9026
20211011,경부선,용산,29413,25714,55127
20211011,경부선,노량진,6342,6210,12552
20211011,경부선,대방,6346,6617,12963
20211011,경부선,영등포,30047,29563,59610
20211011,경부선,신도림,2476,2613,5089
20211011,경부선,신길,5248,4660,9908
20211011,경부선,구로,10933,10888,21821
20211011,경부선,가산디지털단지,5511,7757,13268
20211011,경부선,금천구청,7158,7072,14230
20211011,경부선,석수,5847,5432,11279
20211011,경부선,관악,4809,4474,9283
20211011,경부선,안양,14892,14700,29592
20211011,경부선,명학,4350,4363,8713
20211011,경부선,금정,15247,15447,30694
20211011,경부선,군포,4100,4241,8341
20211011,경부선,의왕,5311,5375,10686
20211011,경부선,성균관대,7805,8121,15926
20211011,경부선,화서,4368,4315,8683
20211011,경부선,수원,30237,29196,59433
20211011,경부선,독산,7981,8178,16159
20211011,경부선,세류,2028,2030,4058
20211011,경부선,병점,9399,9980,19379
20211011,경부선,세마,1783,1713,3496
20211011,경부선,오산대,2423,2301,4724
20211011,경부선,오산,7407,7638,15045
20211011,경부선,진위,892,827,1719
20211011,경부선,송탄,3625,3750,7375
20211011,경부선,서정리,4485,5163,9648
20211011,경부선,평택지제,2727,2536,5263
20211011,경부선,평택,10567,10780,21347
20211011,경부선,성환,2425,2847,5272
20211011,경부선,직산,494,581,1075
20211011,경부선,두정,3971,4511,8482
20211011,경부선,천안,5645,5105,10750
20211011,경부선,당정,3326,3323,6649
20211011,경부선,서동탄,891,831,1722
20211011,경부선,광명,2620,1769,4389
20211012,경부선,서울,5429,1707,7136
20211012,경부선,남영,9241,9697,18938
20211012,경부선,용산,29682,29692,59374
20211012,경부선,노량진,7930,8040,15970
20211012,경부선,대방,12716,13073,25789
20211012,경부선,영등포,33830,34559,68389
20211012,경부선,신도림,4161,4108,8269
20211012,경부선,신길,9305,7914,17219
20211012,경부선,구로,18420,18579,36999
20211012,경부선,가산디지털단지,18241,21510,39751
20211012,경부선,금천구청,11698,11577,23275
20211012,경부선,석수,9878,8728,18606
20211012,경부선,관악,7086,6608,13694
20211012,경부선,안양,22866,22755,45621
20211012,경부선,명학,9292,9099,18391
20211012,경부선,금정,25814,26667,52481
20211012,경부선,군포,7585,7546,15131
20211012,경부선,의왕,9055,9051,18106
20211012,경부선,성균관대,13414,13320,26734
20211012,경부선,화서,7673,7427,15100
20211012,경부선,수원,31550,32800,64350
20211012,경부선,독산,17926,19090,37016
20211012,경부선,세류,3026,2738,5764
20211012,경부선,병점,13692,13746,27438
20211012,경부선,세마,2654,2600,5254
20211012,경부선,오산대,3502,3338,6840
20211012,경부선,오산,9360,9371,18731
20211012,경부선,진위,1604,1412,3016
20211012,경부선,송탄,4080,3861,7941
20211012,경부선,서정리,6866,6520,13386
20211012,경부선,평택지제,3078,3001,6079
20211012,경부선,평택,10936,10810,21746
20211012,경부선,성환,3685,3911,7596
20211012,경부선,직산,723,707,1430
20211012,경부선,두정,4901,5075,9976
20211012,경부선,천안,4789,4845,9634
20211012,경부선,당정,6111,5899,12010
20211012,경부선,서동탄,1449,1229,2678
20211012,경부선,광명,3254,2758,6012
20211013,경부선,광명,3113,2625,5738
20211013,경부선,서동탄,1490,1273,2763
20211013,경부선,당정,6201,5913,12114
20211013,경부선,천안,4844,5017,9861
20211013,경부선,두정,5157,5253,10410
20211013,경부선,직산,758,769,1527
20211013,경부선,성환,3993,4034,8027
20211013,경부선,평택,10836,10938,21774
20211013,경부선,평택지제,2997,3021,6018
20211013,경부선,서정리,6997,6645,13642
20211013,경부선,송탄,4109,3927,8036
20211013,경부선,진위,1601,1400,3001
20211013,경부선,오산,9760,9602,19362
20211013,경부선,오산대,3723,3523,7246
20211013,경부선,세마,2791,2666,5457
20211013,경부선,병점,13914,13908,27822
20211013,경부선,세류,3045,2688,5733
20211013,경부선,독산,18299,19150,37449
20211013,경부선,수원,32390,33970,66360
20211013,경부선,화서,7963,7677,15640
20211013,경부선,성균관대,13570,13506,27076
20211013,경부선,의왕,9143,9152,18295
20211013,경부선,군포,7645,7793,15438
20211013,경부선,금정,26465,26956,53421
20211013,경부선,명학,9468,9308,18776
20211013,경부선,안양,22983,22810,45793
20211013,경부선,관악,7281,6697,13978
20211013,경부선,석수,9983,8785,18768
20211013,경부선,금천구청,11862,11788,23650
20211013,경부선,가산디지털단지,18316,21417,39733
20211013,경부선,구로,18820,19292,38112
20211013,경부선,신길,9212,7785,16997
20211013,경부선,신도림,4278,4366,8644
20211013,경부선,영등포,34007,34941,68948
20211013,경부선,대방,12962,13224,26186
20211013,경부선,노량진,8166,8304,16470
20211013,경부선,용산,31073,31769,62842
20211013,경부선,남영,9255,9629,18884
20211013,경부선,서울,4793,1586,6379
20211014,경부선,광명,3029,2703,5732
20211014,경부선,서동탄,1463,1281,2744
20211014,경부선,당정,6133,5886,12019
20211014,경부선,천안,4920,5103,10023
20211014,경부선,두정,5386,5243,10629
20211014,경부선,직산,770,767,1537
20211014,경부선,성환,4264,4160,8424
20211014,경부선,평택,11207,11059,22266
20211014,경부선,평택지제,3154,3047,6201
20211014,경부선,서정리,6820,6467,13287
20211014,경부선,송탄,4191,3915,8106
20211014,경부선,진위,1559,1437,2996
20211014,경부선,오산,9370,9313,18683
20211014,경부선,오산대,3676,3460,7136
20211014,경부선,세마,2728,2537,5265
20211014,경부선,병점,13840,13983,27823
20211014,경부선,세류,3080,2766,5846
20211014,경부선,독산,18313,19155,37468
20211014,경부선,수원,32017,33777,65794
20211014,경부선,화서,7797,7443,15240
20211014,경부선,성균관대,13463,13273,26736
20211014,경부선,의왕,9141,9052,18193
20211014,경부선,군포,7679,7546,15225
20211014,경부선,금정,26318,26759,53077
20211014,경부선,명학,9179,9168,18347
20211014,경부선,안양,22609,22515,45124
20211014,경부선,관악,7112,6593,13705
20211014,경부선,석수,9912,8865,18777
20211014,경부선,금천구청,11852,11886,23738
20211014,경부선,가산디지털단지,18081,21287,39368
20211014,경부선,구로,18619,18949,37568
20211014,경부선,신길,9169,7855,17024
20211014,경부선,신도림,4256,4257,8513
20211014,경부선,영등포,33960,34921,68881
20211014,경부선,대방,12882,13172,26054
20211014,경부선,노량진,8200,8279,16479
20211014,경부선,용산,30371,30471,60842
20211014,경부선,남영,9108,9450,18558
20211014,경부선,서울,4936,1636,6572
20211015,경부선,서울,6746,2292,9038
20211015,경부선,남영,9137,9485,18622
20211015,경부선,용산,34591,35237,69828
20211015,경부선,노량진,8559,8558,17117
20211015,경부선,대방,12457,12855,25312
20211015,경부선,영등포,37173,39012,76185
20211015,경부선,신도림,4159,4217,8376
20211015,경부선,신길,9289,7603,16892
20211015,경부선,구로,18645,19246,37891
20211015,경부선,가산디지털단지,17703,20712,38415
20211015,경부선,금천구청,12031,11917,23948
20211015,경부선,석수,9872,8793,18665
20211015,경부선,관악,7049,6610,13659
20211015,경부선,안양,22676,22889,45565
20211015,경부선,명학,9210,9062,18272
20211015,경부선,금정,26103,26392,52495
20211015,경부선,군포,7663,7507,15170
20211015,경부선,의왕,9056,8995,18051
20211015,경부선,성균관대,13789,13563,27352
20211015,경부선,화서,7646,7659,15305
20211015,경부선,수원,34291,37025,71316
20211015,경부선,독산,17846,18803,36649
20211015,경부선,세류,3165,2939,6104
20211015,경부선,병점,14676,14508,29184
20211015,경부선,세마,2903,2646,5549
20211015,경부선,오산대,3670,3380,7050
20211015,경부선,오산,10213,9818,20031
20211015,경부선,진위,1834,1450,3284
20211015,경부선,송탄,4666,4115,8781
20211015,경부선,서정리,7277,6255,13532
20211015,경부선,평택지제,3677,3430,7107
20211015,경부선,평택,13223,12217,25440
20211015,경부선,성환,3979,3618,7597
20211015,경부선,직산,781,748,1529
20211015,경부선,두정,6304,6074,12378
20211015,경부선,천안,5703,5804,11507
20211015,경부선,당정,6260,5878,12138
20211015,경부선,서동탄,1478,1394,2872
20211015,경부선,광명,3451,3079,6530
20211018,경부선,서울,5181,1756,6937
20211018,경부선,남영,8860,9286,18146
20211018,경부선,용산,29076,29567,58643
20211018,경부선,노량진,7691,7915,15606
20211018,경부선,대방,12296,12838,25134
20211018,경부선,영등포,31777,32277,64054
20211018,경부선,신도림,3881,4029,7910
20211018,경부선,신길,9036,7604,16640
20211018,경부선,구로,18223,18382,36605
20211018,경부선,가산디지털단지,18149,21354,39503
20211018,경부선,금천구청,11575,11464,23039
20211018,경부선,석수,9528,8622,18150
20211018,경부선,관악,6858,6396,13254
20211018,경부선,안양,23243,22998,46241
20211018,경부선,명학,9006,8975,17981
20211018,경부선,금정,25394,26097,51491
20211018,경부선,군포,7549,7601,15150
20211018,경부선,의왕,8970,8974,17944
20211018,경부선,성균관대,12993,12880,25873
20211018,경부선,화서,7574,7275,14849
20211018,경부선,수원,31408,33180,64588
20211018,경부선,독산,17822,18756,36578
20211018,경부선,세류,2975,2645,5620
20211018,경부선,병점,13952,13889,27841
20211018,경부선,세마,2682,2562,5244
20211018,경부선,오산대,3694,3434,7128
20211018,경부선,오산,9714,9661,19375
20211018,경부선,진위,1605,1456,3061
20211018,경부선,송탄,4148,4021,8169
20211018,경부선,서정리,7034,6789,13823
20211018,경부선,평택지제,3147,3045,6192
20211018,경부선,평택,11032,10968,22000
20211018,경부선,성환,4205,4358,8563
20211018,경부선,직산,761,715,1476
20211018,경부선,두정,4907,5242,10149
20211018,경부선,천안,4776,5227,10003
20211018,경부선,당정,6027,5858,11885
20211018,경부선,서동탄,1458,1224,2682
20211018,경부선,광명,3233,2699,5932
20211019,경부선,서울,4548,1575,6123
20211019,경부선,남영,8935,9417,18352
20211019,경부선,용산,28673,29013,57686
20211019,경부선,노량진,7842,7942,15784
20211019,경부선,대방,12466,12983,25449
20211019,경부선,영등포,33955,34816,68771
20211019,경부선,신도림,4004,4035,8039
20211019,경부선,신길,8995,7817,16812
20211019,경부선,구로,18233,18644,36877
20211019,경부선,가산디지털단지,17966,21329,39295
20211019,경부선,금천구청,11721,11682,23403
20211019,경부선,석수,9852,8779,18631
20211019,경부선,관악,7005,6572,13577
20211019,경부선,안양,24185,23944,48129
20211019,경부선,명학,9260,9113,18373
20211019,경부선,금정,26110,26534,52644
20211019,경부선,군포,7677,7674,15351
20211019,경부선,의왕,9081,8983,18064
20211019,경부선,성균관대,14445,14192,28637
20211019,경부선,화서,7675,7420,15095
20211019,경부선,수원,32543,34093,66636
20211019,경부선,독산,18066,19098,37164
20211019,경부선,세류,2940,2773,5713
20211019,경부선,병점,14096,14177,28273
20211019,경부선,세마,2696,2555,5251
20211019,경부선,오산대,3851,3595,7446
20211019,경부선,오산,9401,9387,18788
20211019,경부선,진위,1626,1466,3092
20211019,경부선,송탄,4122,3939,8061
20211019,경부선,서정리,7081,6644,13725
20211019,경부선,평택지제,3056,2921,5977
20211019,경부선,평택,10967,11054,22021
20211019,경부선,성환,3986,3900,7886
20211019,경부선,직산,705,745,1450
20211019,경부선,두정,4913,5025,9938
20211019,경부선,천안,4977,5115,10092
20211019,경부선,당정,6098,5903,12001
20211019,경부선,서동탄,1461,1316,2777
20211019,경부선,광명,2988,2638,5626
20211020,경부선,서울,4897,1599,6496
20211020,경부선,남영,9253,9649,18902
20211020,경부선,용산,30632,31122,61754
20211020,경부선,노량진,8431,8524,16955
20211020,경부선,대방,12860,13037,25897
20211020,경부선,영등포,35154,35986,71140
20211020,경부선,신도림,4123,4215,8338
20211020,경부선,신길,9344,8130,17474
20211020,경부선,구로,18777,19040,37817
20211020,경부선,가산디지털단지,18355,21605,39960
20211020,경부선,금천구청,12291,12229,24520
20211020,경부선,석수,10186,8967,19153
20211020,경부선,관악,7367,6796,14163
20211020,경부선,안양,24555,24442,48997
20211020,경부선,명학,9270,9183,18453
20211020,경부선,금정,26687,27216,53903
20211020,경부선,군포,7874,7722,15596
20211020,경부선,의왕,9300,9310,18610
20211020,경부선,성균관대,14632,14409,29041
20211020,경부선,화서,7938,7650,15588
20211020,경부선,수원,33681,35373,69054
20211020,경부선,독산,18228,19086,37314
20211020,경부선,세류,3084,2805,5889
20211020,경부선,병점,14610,14701,29311
20211020,경부선,세마,2739,2591,5330
20211020,경부선,오산대,3833,3553,7386
20211020,경부선,오산,9877,9713,19590
20211020,경부선,진위,1669,1513,3182
20211020,경부선,송탄,4248,4089,8337
20211020,경부선,서정리,7410,6963,14373
20211020,경부선,평택지제,3136,2994,6130
20211020,경부선,평택,11417,11437,22854
20211020,경부선,성환,4138,4182,8320
20211020,경부선,직산,735,753,1488
20211020,경부선,두정,5307,5309,10616
20211020,경부선,천안,5166,5361,10527
20211020,경부선,당정,6304,6089,12393
20211020,경부선,서동탄,1475,1218,2693
20211020,경부선,광명,3113,2676,5789
20211021,경부선,서울,5226,1679,6905
20211021,경부선,남영,9262,9618,18880
20211021,경부선,용산,31375,31637,63012
20211021,경부선,노량진,8243,8537,16780
20211021,경부선,대방,12698,13025,25723
20211021,경부선,영등포,35141,36007,71148
20211021,경부선,신도림,4154,4342,8496
20211021,경부선,신길,9271,7850,17121
20211021,경부선,구로,18561,18801,37362
20211021,경부선,가산디지털단지,18231,21397,39628
20211021,경부선,금천구청,12000,11930,23930
20211021,경부선,석수,9995,8927,18922
20211021,경부선,관악,7301,6767,14068
20211021,경부선,안양,25076,25062,50138
20211021,경부선,명학,9077,9037,18114
20211021,경부선,금정,26470,27145,53615
20211021,경부선,군포,7661,7554,15215
20211021,경부선,의왕,9521,9388,18909
20211021,경부선,성균관대,14846,14717,29563
20211021,경부선,화서,7809,7473,15282
20211021,경부선,수원,34609,36305,70914
20211021,경부선,독산,18095,18941,37036
20211021,경부선,세류,3030,2716,5746
20211021,경부선,병점,14795,14908,29703
20211021,경부선,세마,2798,2573,5371
20211021,경부선,오산대,3790,3553,7343
20211021,경부선,오산,9780,9743,19523
20211021,경부선,진위,1647,1429,3076
20211021,경부선,송탄,4306,4011,8317
20211021,경부선,서정리,7202,6754,13956
20211021,경부선,평택지제,3066,3087,6153
20211021,경부선,평택,11707,11262,22969
20211021,경부선,성환,4609,4407,9016
20211021,경부선,직산,752,769,1521
20211021,경부선,두정,5765,5596,11361
20211021,경부선,천안,5494,5585,11079
20211021,경부선,당정,6326,6015,12341
20211021,경부선,서동탄,1405,1252,2657
20211021,경부선,광명,3061,2714,5775
20211022,경부선,광명,3626,3312,6938
20211022,경부선,서동탄,1561,1428,2989
20211022,경부선,당정,6356,6018,12374
20211022,경부선,천안,6452,6449,12901
20211022,경부선,두정,6884,6589,13473
20211022,경부선,직산,896,857,1753
20211022,경부선,성환,4218,3778,7996
20211022,경부선,평택,13257,12691,25948
20211022,경부선,평택지제,3722,3450,7172
20211022,경부선,서정리,7828,4518,12346
20211022,경부선,송탄,4867,4449,9316
20211022,경부선,진위,1787,1485,3272
20211022,경부선,오산,10502,10177,20679
20211022,경부선,오산대,3801,3545,7346
20211022,경부선,세마,3018,2791,5809
20211022,경부선,병점,15505,15481,30986
20211022,경부선,세류,3223,3007,6230
20211022,경부선,독산,18012,18605,36617
20211022,경부선,수원,37726,40791,78517
20211022,경부선,화서,7883,7692,15575
20211022,경부선,성균관대,15395,14943,30338
20211022,경부선,의왕,9593,9380,18973
20211022,경부선,군포,7597,7502,15099
20211022,경부선,금정,26885,27573,54458
20211022,경부선,명학,9065,9029,18094
20211022,경부선,안양,24870,24976,49846
20211022,경부선,관악,7506,6835,14341
20211022,경부선,석수,10169,8943,19112
20211022,경부선,금천구청,12317,12288,24605
20211022,경부선,가산디지털단지,17649,20810,38459
20211022,경부선,구로,18866,19564,38430
20211022,경부선,신길,9483,7907,17390
20211022,경부선,신도림,4189,4241,8430
20211022,경부선,영등포,38695,40340,79035
20211022,경부선,대방,13049,13183,26232
20211022,경부선,노량진,9049,9282,18331
20211022,경부선,용산,36629,37970,74599
20211022,경부선,남영,9735,9990,19725
20211022,경부선,서울,7193,2307,9500
20211025,경부선,서울,5619,1795,7414
20211025,경부선,남영,9087,9405,18492
20211025,경부선,용산,31364,31652,63016
20211025,경부선,노량진,8174,8266,16440
20211025,경부선,대방,12864,13311,26175
20211025,경부선,영등포,34622,35601,70223
20211025,경부선,신도림,4303,4234,8537
20211025,경부선,신길,9497,7914,17411
20211025,경부선,구로,18691,18813,37504
20211025,경부선,가산디지털단지,18596,21784,40380
20211025,경부선,금천구청,12026,11834,23860
20211025,경부선,석수,9795,8826,18621
20211025,경부선,관악,7322,6752,14074
20211025,경부선,안양,23813,23661,47474
20211025,경부선,명학,9251,9165,18416
20211025,경부선,금정,26318,27062,53380
20211025,경부선,군포,7715,7799,15514
20211025,경부선,의왕,9306,9326,18632
20211025,경부선,성균관대,14374,14498,28872
20211025,경부선,화서,7962,7573,15535
20211025,경부선,수원,33164,34630,67794
20211025,경부선,독산,18169,19040,37209
20211025,경부선,세류,3001,2720,5721
20211025,경부선,병점,14383,14386,28769
20211025,경부선,세마,2771,2590,5361
20211025,경부선,오산대,3655,3415,7070
20211025,경부선,오산,9857,9935,19792
20211025,경부선,진위,1642,1443,3085
20211025,경부선,송탄,4312,4120,8432
20211025,경부선,서정리,6980,6814,13794
20211025,경부선,평택지제,3289,3137,6426
20211025,경부선,평택,11793,11854,23647
20211025,경부선,성환,4328,4557,8885
20211025,경부선,직산,758,787,1545
20211025,경부선,두정,5386,5616,11002
20211025,경부선,천안,5364,5606,10970
20211025,경부선,당정,6353,6043,12396
20211025,경부선,서동탄,1533,1315,2848
20211025,경부선,광명,3478,2959,6437
20211026,경부선,광명,3341,2967,6308
20211026,경부선,서동탄,1535,1368,2903
20211026,경부선,당정,6400,6053,12453
20211026,경부선,천안,5564,5727,11291
20211026,경부선,두정,5426,5392,10818
20211026,경부선,직산,806,796,1602
20211026,경부선,성환,4016,4164,8180
20211026,경부선,평택,11475,11468,22943
20211026,경부선,평택지제,3200,3032,6232
20211026,경부선,서정리,7079,6795,13874
20211026,경부선,송탄,4160,3989,8149
20211026,경부선,진위,1591,1382,2973
20211026,경부선,오산,9846,9924,19770
20211026,경부선,오산대,3950,3629,7579
20211026,경부선,세마,2787,2672,5459
20211026,경부선,병점,14550,14670,29220
20211026,경부선,세류,3020,2681,5701
20211026,경부선,독산,18636,19509,38145
20211026,경부선,수원,33795,35514,69309
20211026,경부선,화서,8107,7728,15835
20211026,경부선,성균관대,14754,14661,29415
20211026,경부선,의왕,9464,9535,18999
20211026,경부선,군포,7978,7860,15838
20211026,경부선,금정,26644,27272,53916
20211026,경부선,명학,9451,9312,18763
20211026,경부선,안양,23961,23989,47950
20211026,경부선,관악,7564,6998,14562
20211026,경부선,석수,10064,8977,19041
20211026,경부선,금천구청,12225,12103,24328
20211026,경부선,가산디지털단지,18635,21822,40457
20211026,경부선,구로,18976,19203,38179
20211026,경부선,신길,9329,7953,17282
20211026,경부선,신도림,4334,4326,8660
20211026,경부선,영등포,35304,36320,71624
20211026,경부선,대방,13128,13346,26474
20211026,경부선,노량진,8514,8690,17204
20211026,경부선,용산,30867,31445,62312
20211026,경부선,남영,9405,9944,19349
20211026,경부선,서울,5041,1607,6648
20211027,경부선,광명,3274,2860,6134
20211027,경부선,서동탄,1507,1323,2830
20211027,경부선,당정,6440,6101,12541
20211027,경부선,천안,5564,5720,11284
20211027,경부선,두정,5743,5682,11425
20211027,경부선,직산,744,720,1464
20211027,경부선,성환,4256,4208,8464
20211027,경부선,평택,11578,11272,22850
20211027,경부선,평택지제,3096,3150,6246
20211027,경부선,서정리,7522,6954,14476
20211027,경부선,송탄,4227,4071,8298
20211027,경부선,진위,1588,1417,3005
20211027,경부선,오산,9917,9709,19626
20211027,경부선,오산대,3911,3617,7528
20211027,경부선,세마,2783,2629,5412
20211027,경부선,병점,14703,14892,29595
20211027,경부선,세류,3009,2824,5833
20211027,경부선,독산,18703,19452,38155
20211027,경부선,수원,34448,36160,70608
20211027,경부선,화서,8069,7765,15834
20211027,경부선,성균관대,14863,14898,29761
20211027,경부선,의왕,9513,9541,19054
20211027,경부선,군포,7945,7847,15792
20211027,경부선,금정,26912,27649,54561
20211027,경부선,명학,9399,9350,18749
20211027,경부선,안양,24184,24080,48264
20211027,경부선,관악,7358,6947,14305
20211027,경부선,석수,10096,8987,19083
20211027,경부선,금천구청,12180,12231,24411
20211027,경부선,가산디지털단지,18734,21855,40589
20211027,경부선,구로,19140,19572,38712
20211027,경부선,신길,9456,8061,17517
20211027,경부선,신도림,4232,4406,8638
20211027,경부선,영등포,35754,36551,72305
20211027,경부선,대방,13182,13664,26846
20211027,경부선,노량진,8503,8850,17353
20211027,경부선,용산,32185,32693,64878
20211027,경부선,남영,9428,9981,19409
20211027,경부선,서울,5265,1741,7006
20211028,경부선,광명,3333,2973,6306
20211028,경부선,서동탄,1529,1342,2871
20211028,경부선,당정,6281,6113,12394
20211028,경부선,천안,5552,5533,11085
20211028,경부선,두정,5908,5847,11755
20211028,경부선,직산,747,793,1540
20211028,경부선,성환,4363,4234,8597
20211028,경부선,평택,11830,11637,23467
20211028,경부선,평택지제,3169,3145,6314
20211028,경부선,서정리,7178,6658,13836
20211028,경부선,송탄,4243,4019,8262
20211028,경부선,진위,1643,1464,3107
20211028,경부선,오산,10255,10219,20474
20211028,경부선,오산대,3848,3616,7464
20211028,경부선,세마,2834,2691,5525
20211028,경부선,병점,14409,14424,28833
20211028,경부선,세류,3097,2830,5927
20211028,경부선,독산,18359,19221,37580
20211028,경부선,수원,34123,35856,69979
20211028,경부선,화서,7943,7659,15602
20211028,경부선,성균관대,14989,14620,29609
20211028,경부선,의왕,9528,9457,18985
20211028,경부선,군포,7817,7688,15505
20211028,경부선,금정,26856,27326,54182
20211028,경부선,명학,9348,9331,18679
20211028,경부선,안양,23558,23438,46996
20211028,경부선,관악,7403,6826,14229
20211028,경부선,석수,10186,9180,19366
20211028,경부선,금천구청,12198,12148,24346
20211028,경부선,가산디지털단지,18328,21463,39791
20211028,경부선,구로,18752,19197,37949
20211028,경부선,신길,9279,7872,17151
20211028,경부선,신도림,4306,4420,8726
20211028,경부선,영등포,36002,36760,72762
20211028,경부선,대방,13105,13277,26382
20211028,경부선,노량진,8740,8940,17680
20211028,경부선,용산,32773,33251,66024
20211028,경부선,남영,9241,9921,19162
20211028,경부선,서울,5659,1878,7537
20211029,경부선,광명,3831,3507,7338
20211029,경부선,서동탄,1542,1437,2979
20211029,경부선,당정,6409,6021,12430
20211029,경부선,천안,6665,6798,13463
20211029,경부선,두정,7067,6540,13607
20211029,경부선,직산,870,883,1753
20211029,경부선,성환,4176,3714,7890
20211029,경부선,평택,14134,13145,27279
20211029,경부선,평택지제,3751,3508,7259
20211029,경부선,서정리,7779,6476,14255
20211029,경부선,송탄,4834,4432,9266
20211029,경부선,진위,1768,1536,3304
20211029,경부선,오산,10429,10161,20590
20211029,경부선,오산대,3878,3622,7500
20211029,경부선,세마,2928,2799,5727
20211029,경부선,병점,15544,15415,30959
20211029,경부선,세류,3353,3014,6367
20211029,경부선,독산,18470,18904,37374
20211029,경부선,수원,37508,41666,79174
20211029,경부선,화서,8198,7969,16167
20211029,경부선,성균관대,15300,15002,30302
20211029,경부선,의왕,9435,9351,18786
20211029,경부선,군포,7655,7584,15239
20211029,경부선,금정,27192,27745,54937
20211029,경부선,명학,9088,8956,18044
20211029,경부선,안양,23952,23961,47913
20211029,경부선,관악,7512,6991,14503
20211029,경부선,석수,10123,9008,19131
20211029,경부선,금천구청,12417,12366,24783
20211029,경부선,가산디지털단지,18095,20949,39044
20211029,경부선,구로,18888,19741,38629
20211029,경부선,신길,9313,7935,17248
20211029,경부선,신도림,4300,4375,8675
20211029,경부선,영등포,39623,41155,80778
20211029,경부선,대방,13085,13241,26326
20211029,경부선,노량진,9373,9375,18748
20211029,경부선,용산,38080,39300,77380
20211029,경부선,남영,9633,9837,19470
20211029,경부선,서울,7647,2490,10137
20211101,경부선,광명,3401,2847,6248
20211101,경부선,서동탄,1488,1283,2771
20211101,경부선,당정,6398,6075,12473
20211101,경부선,천안,5510,5752,11262
20211101,경부선,두정,5170,5478,10648
20211101,경부선,직산,815,763,1578
20211101,경부선,성환,4626,4935,9561
20211101,경부선,평택,12064,12055,24119
20211101,경부선,평택지제,3280,3145,6425
20211101,경부선,서정리,7151,6982,14133
20211101,경부선,송탄,4232,4029,8261
20211101,경부선,진위,1577,1411,2988
20211101,경부선,오산,9912,9978,19890
20211101,경부선,오산대,3661,3392,7053
20211101,경부선,세마,2839,2624,5463
20211101,경부선,병점,14538,14251,28789
20211101,경부선,세류,3004,2719,5723
20211101,경부선,독산,18661,19487,38148
20211101,경부선,수원,33385,35838,69223
20211101,경부선,화서,8109,7652,15761
20211101,경부선,성균관대,14553,14619,29172
20211101,경부선,의왕,9252,9355,18607
20211101,경부선,군포,7837,7865,15702
20211101,경부선,금정,26715,27034,53749
20211101,경부선,명학,9458,9366,18824
20211101,경부선,안양,24309,24093,48402
20211101,경부선,관악,7409,6702,14111
20211101,경부선,석수,9962,8957,18919
20211101,경부선,금천구청,12177,11863,24040
20211101,경부선,가산디지털단지,18801,21856,40657
20211101,경부선,구로,19003,19473,38476
20211101,경부선,신길,9329,8024,17353
20211101,경부선,신도림,4236,4291,8527
20211101,경부선,영등포,35237,36608,71845
20211101,경부선,대방,13022,13438,26460
20211101,경부선,노량진,7972,8322,16294
20211101,경부선,용산,32247,32410,64657
20211101,경부선,남영,9310,9779,19089
20211101,경부선,서울,5903,1796,7699
20211102,경부선,서울,4868,1693,6561
20211102,경부선,남영,9679,10068,19747
20211102,경부선,용산,32342,33076,65418
20211102,경부선,노량진,8567,8751,17318
20211102,경부선,대방,13481,13763,27244
20211102,경부선,영등포,35764,37001,72765
20211102,경부선,신도림,4323,4342,8665
20211102,경부선,신길,9313,7938,17251
20211102,경부선,구로,19096,19357,38453
20211102,경부선,가산디지털단지,19019,20923,39942
20211102,경부선,금천구청,12420,12396,24816
20211102,경부선,석수,10234,9070,19304
20211102,경부선,관악,7518,6855,14373
20211102,경부선,안양,24660,24374,49034
20211102,경부선,명학,9739,9641,19380
20211102,경부선,금정,27419,27848,55267
20211102,경부선,군포,8003,7920,15923
20211102,경부선,의왕,9602,9565,19167
20211102,경부선,성균관대,15090,14842,29932
20211102,경부선,화서,8285,7968,16253
20211102,경부선,수원,33177,35643,68820
20211102,경부선,독산,19047,19852,38899
20211102,경부선,세류,3095,2786,5881
20211102,경부선,병점,14808,14756,29564
20211102,경부선,세마,2818,2615,5433
20211102,경부선,오산대,4058,3716,7774
20211102,경부선,오산,9936,9893,19829
20211102,경부선,진위,1570,1392,2962
20211102,경부선,송탄,4228,3993,8221
20211102,경부선,서정리,7306,7020,14326
20211102,경부선,평택지제,3251,3068,6319
20211102,경부선,평택,11552,11515,23067
20211102,경부선,성환,4211,4329,8540
20211102,경부선,직산,816,826,1642
20211102,경부선,두정,5535,5616,11151
20211102,경부선,천안,5347,5546,10893
20211102,경부선,당정,6404,6059,12463
20211102,경부선,서동탄,1572,1359,2931
20211102,경부선,광명,3184,2709,5893
20211103,경부선,광명,3193,2743,5936
20211103,경부선,서동탄,1522,1331,2853
20211103,경부선,당정,6557,6281,12838
20211103,경부선,천안,5469,5570,11039
20211103,경부선,두정,5634,5668,11302
20211103,경부선,직산,809,755,1564
20211103,경부선,성환,4509,4449,8958
20211103,경부선,평택,11856,11668,23524
20211103,경부선,평택지제,3200,3158,6358
20211103,경부선,서정리,7210,6838,14048
20211103,경부선,송탄,4259,4112,8371
20211103,경부선,진위,1694,1438,3132
20211103,경부선,오산,10484,10395,20879
20211103,경부선,오산대,3987,3631,7618
20211103,경부선,세마,2916,2776,5692
20211103,경부선,병점,14945,14811,29756
20211103,경부선,세류,3092,2899,5991
20211103,경부선,독산,19086,19772,38858
20211103,경부선,수원,34625,37084,71709
20211103,경부선,화서,8361,7931,16292
20211103,경부선,성균관대,15363,15154,30517
20211103,경부선,의왕,9632,9654,19286
20211103,경부선,군포,8169,8058,16227
20211103,경부선,금정,27583,27863,55446
20211103,경부선,명학,9852,9645,19497
20211103,경부선,안양,25039,25138,50177
20211103,경부선,관악,7683,7086,14769
20211103,경부선,석수,10275,9016,19291
20211103,경부선,금천구청,12405,12234,24639
20211103,경부선,가산디지털단지,19099,22025,41124
20211103,경부선,구로,19489,20071,39560
20211103,경부선,신길,9512,8113,17625
20211103,경부선,신도림,4372,4523,8895
20211103,경부선,영등포,36384,37961,74345
20211103,경부선,대방,13483,13755,27238
20211103,경부선,노량진,8961,9124,18085
20211103,경부선,용산,32962,33904,66866
20211103,경부선,남영,9565,10029,19594
20211103,경부선,서울,5122,1768,6890
20211104,경부선,광명,3388,2956,6344
20211104,경부선,서동탄,1518,1328,2846
20211104,경부선,당정,6478,6168,12646
20211104,경부선,천안,5740,5808,11548
20211104,경부선,두정,5976,5919,11895
20211104,경부선,직산,803,776,1579
20211104,경부선,성환,4618,4468,9086
20211104,경부선,평택,12230,11933,24163
20211104,경부선,평택지제,3290,3120,6410
20211104,경부선,서정리,7182,6696,13878
20211104,경부선,송탄,4196,4012,8208
20211104,경부선,진위,1638,1399,3037
20211104,경부선,오산,9913,9845,19758
20211104,경부선,오산대,3918,3662,7580
20211104,경부선,세마,2813,2651,5464
20211104,경부선,병점,14878,14822,29700
20211104,경부선,세류,3088,2761,5849
20211104,경부선,독산,18805,19740,38545
20211104,경부선,수원,34225,36690,70915
20211104,경부선,화서,8297,7885,16182
20211104,경부선,성균관대,15221,14780,30001
20211104,경부선,의왕,9592,9488,19080
20211104,경부선,군포,7841,7847,15688
20211104,경부선,금정,27118,27595,54713
20211104,경부선,명학,9760,9473,19233
20211104,경부선,안양,24302,24225,48527
20211104,경부선,관악,7497,6883,14380
20211104,경부선,석수,10155,9058,19213
20211104,경부선,금천구청,12224,12152,24376
20211104,경부선,가산디지털단지,18936,21957,40893
20211104,경부선,구로,19061,19537,38598
20211104,경부선,신길,9437,8080,17517
20211104,경부선,신도림,4273,4268,8541
20211104,경부선,영등포,36704,37922,74626
20211104,경부선,대방,13438,13604,27042
20211104,경부선,노량진,8700,8895,17595
20211104,경부선,용산,34314,34583,68897
20211104,경부선,남영,9624,10060,19684
20211104,경부선,서울,5505,1842,7347
20211105,경부선,광명,3868,3467,7335
20211105,경부선,서동탄,1640,1484,3124
20211105,경부선,당정,6687,6131,12818
20211105,경부선,천안,6289,6387,12676
20211105,경부선,두정,6594,6128,12722
20211105,경부선,직산,914,885,1799
20211105,경부선,성환,4343,3833,8176
20211105,경부선,평택,13854,13294,27148
20211105,경부선,평택지제,3835,3624,7459
20211105,경부선,서정리,7902,6526,14428
20211105,경부선,송탄,4950,4361,9311
20211105,경부선,진위,1874,1503,3377
20211105,경부선,오산,11024,10537,21561
20211105,경부선,오산대,4133,3810,7943
20211105,경부선,세마,3050,2824,5874
20211105,경부선,병점,16065,15571,31636
20211105,경부선,세류,3292,2982,6274
20211105,경부선,독산,18895,19152,38047
20211105,경부선,수원,38553,43091,81644
20211105,경부선,화서,8532,8187,16719
20211105,경부선,성균관대,15511,14964,30475
20211105,경부선,의왕,9621,9464,19085
20211105,경부선,군포,8128,7930,16058
20211105,경부선,금정,28461,28868,57329
20211105,경부선,명학,9543,9294,18837
20211105,경부선,안양,25148,25275,50423
20211105,경부선,관악,7827,7115,14942
20211105,경부선,석수,10360,9087,19447
20211105,경부선,금천구청,12721,12564,25285
20211105,경부선,가산디지털단지,19080,21887,40967
20211105,경부선,구로,19435,20115,39550
20211105,경부선,신길,9651,8127,17778
20211105,경부선,신도림,4435,4388,8823
20211105,경부선,영등포,40294,43548,83842
20211105,경부선,대방,13454,13540,26994
20211105,경부선,노량진,9672,9916,19588
20211105,경부선,용산,39212,42014,81226
20211105,경부선,남영,9924,10257,20181
20211105,경부선,서울,7894,2601,10495
20211108,경부선,서울,6007,1954,7961
20211108,경부선,남영,8842,9388,18230
20211108,경부선,용산,31537,31798,63335
20211108,경부선,노량진,7318,7858,15176
20211108,경부선,대방,12370,12928,25298
20211108,경부선,영등포,32889,33831,66720
20211108,경부선,신도림,3613,3799,7412
20211108,경부선,신길,8636,7257,15893
20211108,경부선,구로,18169,18609,36778
20211108,경부선,광명,3464,2825,6289
20211108,경부선,서동탄,1352,1129,2481
20211108,경부선,당정,5880,5691,11571
20211108,경부선,천안,5056,5340,10396
20211108,경부선,두정,5081,5462,10543
20211108,경부선,직산,693,660,1353
20211108,경부선,성환,4318,4566,8884
20211108,경부선,평택,10914,10799,21713
20211108,경부선,평택지제,3264,3107,6371
20211108,경부선,서정리,6477,6484,12961
20211108,경부선,송탄,3895,3588,7483
20211108,경부선,진위,1519,1321,2840
20211108,경부선,오산,9521,9608,19129
20211108,경부선,오산대,3477,3192,6669
20211108,경부선,세마,2620,2431,5051
20211108,경부선,병점,13537,13501,27038
20211108,경부선,세류,2848,2541,5389
20211108,경부선,독산,18322,19271,37593
20211108,경부선,수원,31811,33199,65010
20211108,경부선,화서,7421,6987,14408
20211108,경부선,성균관대,13896,13905,27801
20211108,경부선,의왕,8369,8470,16839
20211108,경부선,군포,7424,7494,14918
20211108,경부선,금정,24855,25643,50498
20211108,경부선,명학,9238,9251,18489
20211108,경부선,안양,22976,22518,45494
20211108,경부선,관악,6745,6185,12930
20211108,경부선,석수,9258,8247,17505
20211108,경부선,금천구청,11143,11037,22180
20211108,경부선,가산디지털단지,18041,21219,39260
20211109,경부선,서울,5056,1761,6817
20211109,경부선,남영,9283,9793,19076
20211109,경부선,용산,31322,31597,62919
20211109,경부선,노량진,8205,8311,16516
20211109,경부선,대방,13015,13290,26305
20211109,경부선,영등포,35276,36627,71903
20211109,경부선,신도림,3864,3892,7756
20211109,경부선,신길,9233,7810,17043
20211109,경부선,구로,18463,19074,37537
20211109,경부선,가산디지털단지,18394,21510,39904
20211109,경부선,금천구청,11581,11440,23021
20211109,경부선,석수,9749,8550,18299
20211109,경부선,관악,7036,6521,13557
20211109,경부선,안양,23992,23898,47890
20211109,경부선,명학,9622,9460,19082
20211109,경부선,금정,26480,26776,53256
20211109,경부선,군포,7792,7773,15565
20211109,경부선,의왕,8982,8968,17950
20211109,경부선,성균관대,14658,14239,28897
20211109,경부선,화서,7739,7279,15018
20211109,경부선,독산,18879,19609,38488
20211109,경부선,세류,2880,2648,5528
20211109,경부선,병점,13925,13969,27894
20211109,경부선,세마,2614,2426,5040
20211109,경부선,오산대,3662,3299,6961
20211109,경부선,오산,9290,9377,18667
20211109,경부선,진위,1520,1302,2822
20211109,경부선,송탄,3814,3710,7524
20211109,경부선,서정리,6728,6372,13100
20211109,경부선,평택지제,3072,2892,5964
20211109,경부선,평택,11008,10849,21857
20211109,경부선,성환,4137,4234,8371
20211109,경부선,직산,747,742,1489
20211109,경부선,두정,5288,5528,10816
20211109,경부선,천안,5207,5356,10563
20211109,경부선,당정,6207,5930,12137
20211109,경부선,서동탄,1414,1265,2679
20211109,경부선,광명,3178,2701,5879
20211109,경부선,수원,32135,33983,66118
20211110,경부선,오산대,3848,3449,7297
20211110,경부선,서울,5529,1770,7299
20211110,경부선,남영,9768,10165,19933
20211110,경부선,용산,33198,33495,66693
20211110,경부선,노량진,8921,9260,18181
20211110,경부선,대방,13447,13960,27407
20211110,경부선,영등포,36344,37887,74231
20211110,경부선,신도림,4091,4287,8378
20211110,경부선,신길,9262,7904,17166
20211110,경부선,구로,19278,20137,39415
20211110,경부선,가산디지털단지,18938,22212,41150
20211110,경부선,금천구청,12232,12341,24573
20211110,경부선,석수,10168,9052,19220
20211110,경부선,관악,7466,6883,14349
20211110,경부선,안양,24864,24703,49567
20211110,경부선,명학,9724,9565,19289
20211110,경부선,금정,27536,27759,55295
20211110,경부선,군포,7901,7879,15780
20211110,경부선,의왕,9401,9359,18760
20211110,경부선,성균관대,15222,14890,30112
20211110,경부선,화서,8140,7712,15852
20211110,경부선,수원,34006,36020,70026
20211110,경부선,독산,19262,20200,39462
20211110,경부선,세류,3001,2702,5703
20211110,경부선,병점,14495,14599,29094
20211110,경부선,세마,2846,2577,5423
20211110,경부선,오산,9893,9761,19654
20211110,경부선,진위,1603,1413,3016
20211110,경부선,송탄,4088,3920,8008
20211110,경부선,서정리,7251,6855,14106
20211110,경부선,평택지제,3160,3123,6283
20211110,경부선,평택,11629,11506,23135
20211110,경부선,성환,4475,4402,8877
20211110,경부선,직산,731,700,1431
20211110,경부선,두정,5418,5502,10920
20211110,경부선,천안,5261,5479,10740
20211110,경부선,당정,6388,6061,12449
20211110,경부선,서동탄,1475,1284,2759
20211110,경부선,광명,3333,2824,6157
20211111,경부선,서울,5934,1990,7924
20211111,경부선,남영,9380,9716,19096
20211111,경부선,용산,34962,35363,70325
20211111,경부선,노량진,9169,9321,18490
20211111,경부선,대방,13658,14005,27663
20211111,경부선,영등포,37963,39383,77346
20211111,경부선,신도림,4158,4286,8444
20211111,경부선,신길,9243,7900,17143
20211111,경부선,구로,18974,19561,38535
20211111,경부선,가산디지털단지,18560,21651,40211
20211111,경부선,금천구청,12157,12043,24200
20211111,경부선,석수,10249,9051,19300
20211111,경부선,관악,7445,6817,14262
20211111,경부선,안양,24940,24798,49738
20211111,경부선,명학,9700,9572,19272
20211111,경부선,금정,26818,27197,54015
20211111,경부선,군포,7871,7829,15700
20211111,경부선,의왕,9695,9464,19159
20211111,경부선,성균관대,15377,14972,30349
20211111,경부선,화서,8169,7786,15955
20211111,경부선,수원,35484,37752,73236
20211111,경부선,독산,19175,19743,38918
20211111,경부선,세류,3097,2801,5898
20211111,경부선,병점,14995,15010,30005
20211111,경부선,세마,2780,2585,5365
20211111,경부선,오산대,3916,3563,7479
20211111,경부선,오산,10166,9912,20078
20211111,경부선,진위,1669,1454,3123
20211111,경부선,송탄,4597,4253,8850
20211111,경부선,서정리,7298,6800,14098
20211111,경부선,평택지제,3307,3237,6544
20211111,경부선,평택,12358,11887,24245
20211111,경부선,성환,4544,4421,8965
20211111,경부선,직산,749,795,1544
20211111,경부선,두정,5746,5807,11553
20211111,경부선,천안,5566,5815,11381
20211111,경부선,당정,6438,6138,12576
20211111,경부선,서동탄,1452,1226,2678
20211111,경부선,광명,3516,2980,6496
20211112,경부선,서울,8440,2763,11203
20211112,경부선,남영,9519,9667,19186
20211112,경부선,용산,40094,42355,82449
20211112,경부선,노량진,9733,10029,19762
20211112,경부선,대방,13394,13264,26658
20211112,경부선,영등포,41199,44124,85323
20211112,경부선,신도림,4189,4289,8478
20211112,경부선,신길,9288,7863,17151
20211112,경부선,구로,19253,20368,39621
20211112,경부선,가산디지털단지,18697,21411,40108
20211112,경부선,금천구청,12272,12203,24475
20211112,경부선,석수,10123,8872,18995
20211112,경부선,관악,7495,6875,14370
20211112,경부선,안양,24607,24687,49294
20211112,경부선,명학,9319,9112,18431
20211112,경부선,금정,27347,27422,54769
20211112,경부선,군포,7945,7814,15759
20211112,경부선,의왕,9360,9143,18503
20211112,경부선,성균관대,15380,14848,30228
20211112,경부선,화서,8040,7676,15716
20211112,경부선,수원,37729,41557,79286
20211112,경부선,독산,18920,19215,38135
20211112,경부선,세류,3247,2914,6161
20211112,경부선,병점,15795,15529,31324
20211112,경부선,세마,2888,2695,5583
20211112,경부선,오산대,3873,3550,7423
20211112,경부선,오산,10762,10494,21256
20211112,경부선,진위,1831,1526,3357
20211112,경부선,송탄,5090,4503,9593
20211112,경부선,서정리,8017,6683,14700
20211112,경부선,평택지제,3833,3616,7449
20211112,경부선,평택,13481,13219,26700
20211112,경부선,성환,4295,3731,8026
20211112,경부선,직산,932,881,1813
20211112,경부선,두정,6386,5810,12196
20211112,경부선,천안,6205,6398,12603
20211112,경부선,당정,6433,6073,12506
20211112,경부선,서동탄,1557,1489,3046
20211112,경부선,광명,4000,3578,7578
20211115,경부선,서울,6519,1940,8459
20211115,경부선,남영,9117,9603,18720
20211115,경부선,용산,33175,33703,66878
20211115,경부선,노량진,8426,8834,17260
20211115,경부선,대방,13061,13398,26459
20211115,경부선,영등포,35568,36604,72172
20211115,경부선,신도림,4271,4357,8628
20211115,경부선,신길,9274,7889,17163
20211115,경부선,구로,19212,19280,38492
20211115,경부선,가산디지털단지,19170,22009,41179
20211115,경부선,금천구청,11990,11827,23817
20211115,경부선,석수,10004,8990,18994
20211115,경부선,관악,7291,6753,14044
20211115,경부선,안양,24304,24345,48649
20211115,경부선,명학,9587,9499,19086
20211115,경부선,금정,26788,27416,54204
20211115,경부선,군포,7788,7860,15648
20211115,경부선,의왕,9621,9680,19301
20211115,경부선,성균관대,14934,14961,29895
20211115,경부선,화서,8173,7806,15979
20211115,경부선,수원,33585,35549,69134
20211115,경부선,독산,18719,19619,38338
20211115,경부선,세류,3112,2790,5902
20211115,경부선,병점,14779,14593,29372
20211115,경부선,세마,2815,2610,5425
20211115,경부선,오산대,3714,3473,7187
20211115,경부선,오산,10266,10139,20405
20211115,경부선,진위,1647,1548,3195
20211115,경부선,송탄,4343,4166,8509
20211115,경부선,서정리,7125,6966,14091
20211115,경부선,평택지제,3376,3217,6593
20211115,경부선,평택,12234,11985,24219
20211115,경부선,성환,4960,5276,10236
20211115,경부선,직산,759,751,1510
20211115,경부선,두정,5509,6007,11516
20211115,경부선,천안,5475,5624,11099
20211115,경부선,당정,6385,6104,12489
20211115,경부선,서동탄,1530,1304,2834
20211115,경부선,광명,3723,2993,6716
20211116,경부선,서울,5714,1716,7430
20211116,경부선,남영,9372,9891,19263
20211116,경부선,용산,31984,32539,64523
20211116,경부선,노량진,8939,9038,17977
20211116,경부선,대방,13203,13541,26744
20211116,경부선,영등포,36360,37419,73779
20211116,경부선,신도림,4241,4244,8485
20211116,경부선,신길,9343,8012,17355
20211116,경부선,구로,19034,19521,38555
20211116,경부선,가산디지털단지,19068,22258,41326
20211116,경부선,금천구청,12265,12079,24344
20211116,경부선,석수,10239,9157,19396
20211116,경부선,관악,7553,6914,14467
20211116,경부선,안양,24990,24871,49861
20211116,경부선,명학,9852,9689,19541
20211116,경부선,금정,27438,27772,55210
20211116,경부선,군포,8002,7910,15912
20211116,경부선,의왕,9835,9676,19511
20211116,경부선,성균관대,15172,15010,30182
20211116,경부선,화서,8294,7976,16270
20211116,경부선,수원,33999,36072,70071
20211116,경부선,독산,19177,20054,39231
20211116,경부선,세류,3118,2829,5947
20211116,경부선,병점,14716,14686,29402
20211116,경부선,세마,2802,2602,5404
20211116,경부선,오산대,3915,3671,7586
20211116,경부선,오산,10238,10006,20244
20211116,경부선,진위,1642,1461,3103
20211116,경부선,송탄,4253,4021,8274
20211116,경부선,서정리,7165,6688,13853
20211116,경부선,평택지제,3301,3091,6392
20211116,경부선,평택,11770,11729,23499
20211116,경부선,성환,5311,5316,10627
20211116,경부선,직산,752,750,1502
20211116,경부선,두정,5624,5887,11511
20211116,경부선,천안,5663,5691,11354
20211116,경부선,당정,6436,6078,12514
20211116,경부선,서동탄,1497,1312,2809
20211116,경부선,광명,3344,2883,6227
20211117,경부선,서울,5627,1785,7412
20211117,경부선,남영,9705,10292,19997
20211117,경부선,용산,33737,33983,67720
20211117,경부선,노량진,9071,9318,18389
20211117,경부선,대방,13483,13841,27324
20211117,경부선,영등포,36801,38051,74852
20211117,경부선,신도림,4363,4305,8668
20211117,경부선,신길,9475,8039,17514
20211117,경부선,구로,19799,20311,40110
20211117,경부선,가산디지털단지,19231,22249,41480
20211117,경부선,금천구청,12507,12250,24757
20211117,경부선,석수,10374,9259,19633
20211117,경부선,관악,7645,7047,14692
20211117,경부선,안양,25461,25419,50880
20211117,경부선,명학,9862,9717,19579
20211117,경부선,금정,28106,29073,57179
20211117,경부선,군포,8077,7960,16037
20211117,경부선,의왕,9691,9546,19237
20211117,경부선,성균관대,15630,15196,30826
20211117,경부선,화서,8534,8087,16621
20211117,경부선,수원,35550,37623,73173
20211117,경부선,독산,19148,19915,39063
20211117,경부선,세류,3185,2843,6028
20211117,경부선,병점,15077,15093,30170
20211117,경부선,세마,2869,2677,5546
20211117,경부선,오산대,3982,3605,7587
20211117,경부선,오산,10211,10063,20274
20211117,경부선,진위,1671,1451,3122
20211117,경부선,송탄,4475,4277,8752
20211117,경부선,서정리,7579,7220,14799
20211117,경부선,평택지제,3312,3164,6476
20211117,경부선,평택,11928,11850,23778
20211117,경부선,성환,5090,5106,10196
20211117,경부선,직산,750,747,1497
20211117,경부선,두정,5831,5752,11583
20211117,경부선,천안,5323,5559,10882
20211117,경부선,당정,6536,6200,12736
20211117,경부선,서동탄,1602,1420,3022
20211117,경부선,광명,3451,2914,6365
20211118,경부선,광명,3435,3072,6507
20211118,경부선,서동탄,1531,1374,2905
20211118,경부선,당정,6391,6044,12435
20211118,경부선,천안,5690,5662,11352
20211118,경부선,두정,5935,5800,11735
20211118,경부선,직산,754,741,1495
20211118,경부선,성환,5181,4960,10141
20211118,경부선,평택,12118,11977,24095
20211118,경부선,평택지제,3384,3308,6692
20211118,경부선,서정리,7303,6740,14043
20211118,경부선,송탄,4271,4092,8363
20211118,경부선,진위,1624,1508,3132
20211118,경부선,오산,10410,10340,20750
20211118,경부선,오산대,3974,3602,7576
20211118,경부선,세마,2970,2669,5639
20211118,경부선,병점,14959,15064,30023
20211118,경부선,세류,3221,2907,6128
20211118,경부선,독산,18867,19563,38430
20211118,경부선,수원,35652,38316,73968
20211118,경부선,화서,8395,7971,16366
20211118,경부선,성균관대,15173,14787,29960
20211118,경부선,의왕,9835,9633,19468
20211118,경부선,군포,7913,7825,15738
20211118,경부선,금정,27093,27655,54748
20211118,경부선,명학,9625,9479,19104
20211118,경부선,안양,24358,24323,48681
20211118,경부선,관악,7570,6909,14479
20211118,경부선,석수,10147,9006,19153
20211118,경부선,금천구청,12316,11999,24315
20211118,경부선,가산디지털단지,18883,21793,40676
20211118,경부선,구로,19233,19944,39177
20211118,경부선,신길,9325,7894,17219
20211118,경부선,신도림,4305,4433,8738
20211118,경부선,영등포,36886,38221,75107
20211118,경부선,대방,13285,13599,26884
20211118,경부선,노량진,8800,9068,17868
20211118,경부선,용산,33787,34556,68343
20211118,경부선,남영,9213,9618,18831
20211118,경부선,서울,6166,2048,8214
20211119,경부선,서울,8747,2720,11467
20211119,경부선,남영,9390,9740,19130
20211119,경부선,용산,39936,42040,81976
20211119,경부선,노량진,9756,10059,19815
20211119,경부선,대방,13337,13352,26689
20211119,경부선,영등포,40916,44200,85116
20211119,경부선,신도림,4244,4407,8651
20211119,경부선,신길,9477,7975,17452
20211119,경부선,구로,19300,20211,39511
20211119,경부선,가산디지털단지,18552,21467,40019
20211119,경부선,금천구청,12428,12222,24650
20211119,경부선,석수,10202,8960,19162
20211119,경부선,관악,7694,7030,14724
20211119,경부선,안양,24583,24681,49264
20211119,경부선,명학,9461,9158,18619
20211119,경부선,금정,28151,28368,56519
20211119,경부선,군포,8100,7892,15992
20211119,경부선,의왕,9689,9407,19096
20211119,경부선,성균관대,15442,15043,30485
20211119,경부선,화서,8397,8063,16460
20211119,경부선,수원,38896,42991,81887
20211119,경부선,독산,18928,19258,38186
20211119,경부선,세류,3277,2999,6276
20211119,경부선,병점,16153,15440,31593
20211119,경부선,세마,2999,2700,5699
20211119,경부선,오산대,3954,3660,7614
20211119,경부선,오산,11051,10527,21578
20211119,경부선,진위,1873,1503,3376
20211119,경부선,송탄,4842,4515,9357
20211119,경부선,서정리,7946,6722,14668
20211119,경부선,평택지제,3938,3759,7697
20211119,경부선,평택,14081,13344,27425
20211119,경부선,성환,4232,3829,8061
20211119,경부선,직산,919,887,1806
20211119,경부선,두정,6477,5943,12420
20211119,경부선,천안,6393,6671,13064
20211119,경부선,당정,6583,6229,12812
20211119,경부선,서동탄,1552,1431,2983
20211119,경부선,광명,4010,3721,7731
20211122,경부선,서울,6525,1978,8503
20211122,경부선,남영,9320,9744,19064
20211122,경부선,용산,33000,33277,66277
20211122,경부선,노량진,8092,8481,16573
20211122,경부선,대방,12878,13202,26080
20211122,경부선,영등포,35465,36822,72287
20211122,경부선,신도림,3947,4028,7975
20211122,경부선,신길,9085,7843,16928
20211122,경부선,구로,18973,19002,37975
20211122,경부선,가산디지털단지,18142,21475,39617
20211122,경부선,금천구청,12024,11664,23688
20211122,경부선,석수,9723,8700,18423
20211122,경부선,관악,7279,6600,13879
20211122,경부선,안양,24129,23880,48009
20211122,경부선,명학,9388,9342,18730
20211122,경부선,금정,26275,26962,53237
20211122,경부선,군포,7774,7905,15679
20211122,경부선,의왕,9122,9227,18349
20211122,경부선,성균관대,14652,14599,29251
20211122,경부선,화서,7830,7403,15233
20211122,경부선,수원,33417,35294,68711
20211122,경부선,독산,18790,19421,38211
20211122,경부선,세류,2985,2666,5651
20211122,경부선,병점,14228,14224,28452
20211122,경부선,세마,2752,2580,5332
20211122,경부선,오산대,3772,3420,7192
20211122,경부선,오산,9834,9875,19709
20211122,경부선,진위,1679,1485,3164
20211122,경부선,송탄,4313,4088,8401
20211122,경부선,서정리,7141,7000,14141
20211122,경부선,평택지제,3405,3226,6631
20211122,경부선,평택,11692,11760,23452
20211122,경부선,성환,4657,4933,9590
20211122,경부선,직산,743,699,1442
20211122,경부선,두정,5121,5692,10813
20211122,경부선,천안,5194,5496,10690
20211122,경부선,당정,6206,5959,12165
20211122,경부선,서동탄,1464,1257,2721
20211122,경부선,광명,3649,2908,6557
20211123,경부선,광명,3238,2724,5962
20211123,경부선,서동탄,1447,1295,2742
20211123,경부선,당정,6507,6228,12735
20211123,경부선,천안,5511,5598,11109
20211123,경부선,두정,5438,5611,11049
20211123,경부선,직산,733,741,1474
20211123,경부선,성환,4579,4700,9279
20211123,경부선,평택,11434,11257,22691
20211123,경부선,평택지제,3204,3208,6412
20211123,경부선,서정리,7156,6752,13908
20211123,경부선,송탄,4169,4003,8172
20211123,경부선,진위,1590,1389,2979
20211123,경부선,오산,10110,9923,20033
20211123,경부선,오산대,3890,3566,7456
20211123,경부선,세마,2766,2625,5391
20211123,경부선,병점,14641,14640,29281
20211123,경부선,세류,3019,2792,5811
20211123,경부선,독산,18989,19835,38824
20211123,경부선,수원,33556,35500,69056
20211123,경부선,화서,8216,7805,16021
20211123,경부선,성균관대,14957,14573,29530
20211123,경부선,의왕,9524,9383,18907
20211123,경부선,군포,7814,7748,15562
20211123,경부선,금정,26773,27458,54231
20211123,경부선,명학,9803,9723,19526
20211123,경부선,안양,24804,24653,49457
20211123,경부선,관악,7311,6743,14054
20211123,경부선,석수,10050,8773,18823
20211123,경부선,금천구청,11907,11770,23677
20211123,경부선,가산디지털단지,18641,21708,40349
20211123,경부선,구로,18759,19468,38227
20211123,경부선,신길,9335,7960,17295
20211123,경부선,신도림,3981,4062,8043
20211123,경부선,영등포,35856,36968,72824
20211123,경부선,대방,13078,13328,26406
20211123,경부선,노량진,8406,8840,17246
20211123,경부선,용산,31353,31604,62957
20211123,경부선,남영,9387,9796,19183
20211123,경부선,서울,5629,1815,7444
20211124,경부선,서울,5553,1923,7476
20211124,경부선,남영,9563,9977,19540
20211124,경부선,용산,32350,32958,65308
20211124,경부선,노량진,8070,8232,16302
20211124,경부선,대방,13403,13830,27233
20211124,경부선,영등포,35923,36881,72804
20211124,경부선,신도림,4162,4293,8455
20211124,경부선,신길,9386,7913,17299
20211124,경부선,구로,19242,20005,39247
20211124,경부선,가산디지털단지,18825,21969,40794
20211124,경부선,금천구청,12246,12082,24328
20211124,경부선,석수,10134,8915,19049
20211124,경부선,관악,7429,6816,14245
20211124,경부선,안양,24957,24655,49612
20211124,경부선,명학,9737,9640,19377
20211124,경부선,금정,27092,27675,54767
20211124,경부선,군포,7930,7892,15822
20211124,경부선,의왕,9317,9363,18680
20211124,경부선,성균관대,14824,14614,29438
20211124,경부선,화서,8182,7856,16038
20211124,경부선,수원,34126,35902,70028
20211124,경부선,독산,19034,19855,38889
20211124,경부선,세류,3035,2731,5766
20211124,경부선,병점,14509,14651,29160
20211124,경부선,세마,2820,2600,5420
20211124,경부선,오산대,3846,3564,7410
20211124,경부선,오산,9845,9769,19614
20211124,경부선,진위,1634,1434,3068
20211124,경부선,송탄,4364,4101,8465
20211124,경부선,서정리,7343,6898,14241
20211124,경부선,평택지제,3367,3221,6588
20211124,경부선,평택,11959,11590,23549
20211124,경부선,성환,4841,4825,9666
20211124,경부선,직산,778,726,1504
20211124,경부선,두정,5619,5686,11305
20211124,경부선,천안,5146,5332,10478
20211124,경부선,당정,6543,6118,12661
20211124,경부선,서동탄,1520,1270,2790
20211124,경부선,광명,3343,2808,6151
20211125,경부선,두정,5735,5720,11455
20211125,경부선,직산,770,770,1540
20211125,경부선,성환,4965,4896,9861
20211125,경부선,평택,12191,12015,24206
20211125,경부선,평택지제,3402,3307,6709
20211125,경부선,서정리,7495,6894,14389
20211125,경부선,송탄,4573,4167,8740
20211125,경부선,진위,1701,1544,3245
20211125,경부선,오산,10065,9989,20054
20211125,경부선,오산대,3810,3479,7289
20211125,경부선,세마,2800,2682,5482
20211125,경부선,병점,14912,14860,29772
20211125,경부선,세류,3210,2784,5994
20211125,경부선,독산,19125,19862,38987
20211125,경부선,수원,35152,37525,72677
20211125,경부선,화서,8216,7942,16158
20211125,경부선,성균관대,15004,14781,29785
20211125,경부선,의왕,9636,9565,19201
20211125,경부선,군포,7866,7842,15708
20211125,경부선,금정,27249,27916,55165
20211125,경부선,명학,9659,9599,19258
20211125,경부선,안양,24957,24811,49768
20211125,경부선,관악,7555,6771,14326
20211125,경부선,석수,10113,9073,19186
20211125,경부선,금천구청,12321,11993,24314
20211125,경부선,가산디지털단지,18858,21862,40720
20211125,경부선,구로,18971,20049,39020
20211125,경부선,신길,9343,7952,17295
20211125,경부선,신도림,4225,4439,8664
20211125,경부선,영등포,36708,37630,74338
20211125,경부선,대방,13400,13796,27196
20211125,경부선,노량진,8072,8306,16378
20211125,경부선,용산,33599,34298,67897
20211125,경부선,남영,9444,9957,19401
20211125,경부선,서울,6294,2016,8310
20211125,경부선,광명,3402,2889,6291
20211125,경부선,서동탄,1560,1331,2891
20211125,경부선,당정,6531,6069,12600
20211125,경부선,천안,5429,5484,10913
20211126,경부선,서울,8577,2675,11252
20211126,경부선,남영,9511,10002,19513
20211126,경부선,용산,39463,41866,81329
20211126,경부선,노량진,8947,8780,17727
20211126,경부선,대방,13438,13384,26822
20211126,경부선,영등포,40601,43430,84031
20211126,경부선,신도림,4192,4298,8490
20211126,경부선,신길,9499,7990,17489
20211126,경부선,구로,19209,20164,39373
20211126,경부선,가산디지털단지,18636,21449,40085
20211126,경부선,금천구청,12346,12196,24542
20211126,경부선,석수,10302,8924,19226
20211126,경부선,관악,7531,6819,14350
20211126,경부선,안양,24787,24661,49448
20211126,경부선,명학,9382,9177,18559
20211126,경부선,금정,27786,28076,55862
20211126,경부선,군포,8066,7835,15901
20211126,경부선,의왕,9587,9389,18976
20211126,경부선,성균관대,16028,15505,31533
20211126,경부선,화서,8221,7866,16087
20211126,경부선,수원,38331,42632,80963
20211126,경부선,독산,18816,19252,38068
20211126,경부선,세류,3284,2988,6272
20211126,경부선,병점,16143,15676,31819
20211126,경부선,세마,2948,2728,5676
20211126,경부선,오산대,3886,3566,7452
20211126,경부선,오산,10838,10497,21335
20211126,경부선,진위,1959,1577,3536
20211126,경부선,송탄,5281,4696,9977
20211126,경부선,서정리,8077,2712,10789
20211126,경부선,평택지제,3976,3750,7726
20211126,경부선,평택,13769,13340,27109
20211126,경부선,성환,4202,3777,7979
20211126,경부선,직산,907,794,1701
20211126,경부선,두정,6547,5997,12544
20211126,경부선,천안,6219,6297,12516
20211126,경부선,당정,6443,6002,12445
20211126,경부선,서동탄,1613,1478,3091
20211126,경부선,광명,3975,3598,7573
20211129,경부선,서울,6453,1945,8398
20211129,경부선,남영,9360,9773,19133
20211129,경부선,용산,32335,32526,64861
20211129,경부선,노량진,7992,8134,16126
20211129,경부선,대방,12947,13477,26424
20211129,경부선,영등포,35430,37044,72474
20211129,경부선,신도림,4066,4099,8165
20211129,경부선,신길,9453,7871,17324
20211129,경부선,구로,18667,19071,37738
20211129,경부선,가산디지털단지,18852,21779,40631
20211129,경부선,금천구청,12110,11937,24047
20211129,경부선,석수,10016,8787,18803
20211129,경부선,관악,7253,6608,13861
20211129,경부선,안양,24217,23877,48094
20211129,경부선,명학,9592,9471,19063
20211129,경부선,금정,26473,27360,53833
20211129,경부선,군포,7926,7890,15816
20211129,경부선,의왕,9264,9234,18498
20211129,경부선,성균관대,14414,14501,28915
20211129,경부선,화서,8126,7708,15834
20211129,경부선,수원,33639,35465,69104
20211129,경부선,독산,18617,19518,38135
20211129,경부선,세류,3042,2725,5767
20211129,경부선,병점,14596,14618,29214
20211129,경부선,세마,2764,2617,5381
20211129,경부선,오산대,3868,3438,7306
20211129,경부선,오산,10119,10000,20119
20211129,경부선,진위,1676,1532,3208
20211129,경부선,송탄,4376,4153,8529
20211129,경부선,서정리,7395,7138,14533
20211129,경부선,평택지제,3412,3251,6663
20211129,경부선,평택,12171,12055,24226
20211129,경부선,성환,4776,4997,9773
20211129,경부선,직산,826,732,1558
20211129,경부선,두정,5358,5811,11169
20211129,경부선,천안,5432,5701,11133
20211129,경부선,당정,6299,6044,12343
20211129,경부선,서동탄,1528,1290,2818
20211129,경부선,광명,3606,2998,6604
20211130,경부선,서울,5475,1823,7298
20211130,경부선,남영,9139,9488,18627
20211130,경부선,용산,30284,30170,60454
20211130,경부선,노량진,7013,7377,14390
20211130,경부선,대방,12685,13247,25932
20211130,경부선,영등포,33676,34551,68227
20211130,경부선,신도림,3581,3679,7260
20211130,경부선,신길,8589,7159,15748
20211130,경부선,구로,17916,18431,36347
20211130,경부선,가산디지털단지,18304,21331,39635
20211130,경부선,금천구청,11171,11069,22240
20211130,경부선,석수,9453,8327,17780
20211130,경부선,관악,6814,6297,13111
20211130,경부선,안양,23040,22978,46018
20211130,경부선,명학,9455,9259,18714
20211130,경부선,금정,25353,25822,51175
20211130,경부선,군포,7509,7433,14942
20211130,경부선,의왕,8604,8718,17322
20211130,경부선,성균관대,14026,13805,27831
20211130,경부선,화서,7699,7378,15077
20211130,경부선,수원,30966,32855,63821
20211130,경부선,독산,18290,19292,37582
20211130,경부선,세류,2864,2551,5415
20211130,경부선,병점,13667,13664,27331
20211130,경부선,세마,2592,2392,4984
20211130,경부선,오산대,3568,3217,6785
20211130,경부선,오산,9163,9189,18352
20211130,경부선,진위,1557,1351,2908
20211130,경부선,송탄,4012,3802,7814
20211130,경부선,서정리,6773,6430,13203
20211130,경부선,평택지제,3166,2982,6148
20211130,경부선,평택,10630,10523,21153
20211130,경부선,성환,4132,4260,8392
20211130,경부선,직산,631,656,1287
20211130,경부선,두정,4867,5062,9929
20211130,경부선,천안,4823,4914,9737
20211130,경부선,당정,6126,5780,11906
20211130,경부선,서동탄,1378,1166,2544
20211130,경부선,광명,3276,2738,6014
20211201,경부선,광명,3094,2704,5798
20211201,경부선,서동탄,1503,1313,2816
20211201,경부선,당정,6198,5947,12145
20211201,경부선,천안,4919,5040,9959
20211201,경부선,두정,5354,5339,10693
20211201,경부선,직산,712,666,1378
20211201,경부선,성환,4778,4729,9507
20211201,경부선,평택,11103,11083,22186
20211201,경부선,평택지제,3118,3041,6159
20211201,경부선,서정리,7110,6610,13720
20211201,경부선,송탄,4030,3947,7977
20211201,경부선,진위,1610,1380,2990
20211201,경부선,오산,9613,9555,19168
20211201,경부선,오산대,3798,3487,7285
20211201,경부선,세마,2722,2563,5285
20211201,경부선,병점,14315,14264,28579
20211201,경부선,세류,2991,2766,5757
20211201,경부선,독산,18903,19804,38707
20211201,경부선,수원,32915,34624,67539
20211201,경부선,화서,7864,7531,15395
20211201,경부선,성균관대,14290,14025,28315
20211201,경부선,의왕,9106,9114,18220
20211201,경부선,군포,7807,7685,15492
20211201,경부선,금정,26272,26903,53175
20211201,경부선,명학,9548,9486,19034
20211201,경부선,안양,24218,23932,48150
20211201,경부선,관악,7266,6658,13924
20211201,경부선,석수,9861,8781,18642
20211201,경부선,금천구청,11885,11656,23541
20211201,경부선,가산디지털단지,18564,21516,40080
20211201,경부선,구로,18588,19180,37768
20211201,경부선,신길,8972,7636,16608
20211201,경부선,신도림,3919,3898,7817
20211201,경부선,영등포,34963,36325,71288
20211201,경부선,대방,12938,13415,26353
20211201,경부선,노량진,7728,7977,15705
20211201,경부선,용산,31447,32071,63518
20211201,경부선,남영,9432,9793,19225
20211201,경부선,서울,5249,1732,6981
20211202,경부선,광명,3254,2798,6052
20211202,경부선,서동탄,1458,1245,2703
20211202,경부선,당정,6234,5867,12101
20211202,경부선,천안,5079,5151,10230
20211202,경부선,두정,5276,5322,10598
20211202,경부선,직산,719,730,1449
20211202,경부선,성환,4830,4555,9385
20211202,경부선,평택,11232,11072,22304
20211202,경부선,평택지제,3187,3060,6247
20211202,경부선,서정리,7371,6705,14076
20211202,경부선,송탄,4175,3959,8134
20211202,경부선,진위,1597,1434,3031
20211202,경부선,오산,9590,9487,19077
20211202,경부선,오산대,3716,3498,7214
20211202,경부선,세마,2752,2583,5335
20211202,경부선,병점,14168,14171,28339
20211202,경부선,세류,3039,2638,5677
20211202,경부선,독산,18557,19337,37894
20211202,경부선,수원,32417,34203,66620
20211202,경부선,화서,7897,7661,15558
20211202,경부선,성균관대,14130,13943,28073
20211202,경부선,의왕,9269,9141,18410
20211202,경부선,군포,7667,7724,15391
20211202,경부선,금정,26666,27031,53697
20211202,경부선,명학,9533,9470,19003
20211202,경부선,안양,23830,23771,47601
20211202,경부선,관악,7199,6619,13818
20211202,경부선,석수,9896,8749,18645
20211202,경부선,금천구청,11873,11701,23574
20211202,경부선,가산디지털단지,18583,21664,40247
20211202,경부선,구로,18469,19062,37531
20211202,경부선,신길,9059,7668,16727
20211202,경부선,신도림,3869,3980,7849
20211202,경부선,영등포,34950,36336,71286
20211202,경부선,대방,12755,13231,25986
20211202,경부선,노량진,7846,8048,15894
20211202,경부선,용산,32195,32764,64959
20211202,경부선,남영,9187,9606,18793
20211202,경부선,서울,5550,1848,7398
20211203,경부선,서울,7997,2588,10585
20211203,경부선,남영,9399,9854,19253
20211203,경부선,용산,37971,40016,77987
20211203,경부선,노량진,8423,8839,17262
20211203,경부선,대방,13091,13254,26345
20211203,경부선,영등포,39409,42143,81552
20211203,경부선,신도림,3993,4112,8105
20211203,경부선,신길,9293,8363,17656
20211203,경부선,구로,19051,19742,38793
20211203,경부선,가산디지털단지,18338,21139,39477
20211203,경부선,금천구청,12343,12236,24579
20211203,경부선,석수,10015,8684,18699
20211203,경부선,관악,7378,6788,14166
20211203,경부선,안양,24017,23989,48006
20211203,경부선,명학,9407,9303,18710
20211203,경부선,금정,27451,27605,55056
20211203,경부선,군포,7950,7886,15836
20211203,경부선,의왕,9434,9345,18779
20211203,경부선,성균관대,15177,14567,29744
20211203,경부선,화서,8080,7687,15767
20211203,경부선,수원,36017,39456,75473
20211203,경부선,독산,18757,19196,37953
20211203,경부선,세류,3192,2802,5994
20211203,경부선,병점,15364,14938,30302
20211203,경부선,세마,2958,2688,5646
20211203,경부선,오산대,3751,3416,7167
20211203,경부선,오산,10793,10400,21193
20211203,경부선,진위,1883,1493,3376
20211203,경부선,송탄,4679,4318,8997
20211203,경부선,서정리,7701,6431,14132
20211203,경부선,평택지제,3772,3493,7265
20211203,경부선,평택,12864,12278,25142
20211203,경부선,성환,4128,3631,7759
20211203,경부선,직산,881,768,1649
20211203,경부선,두정,6105,5617,11722
20211203,경부선,천안,5500,5535,11035
20211203,경부선,당정,6343,5836,12179
20211203,경부선,서동탄,1552,1328,2880
20211203,경부선,광명,3751,3402,7153
20211206,경부선,광명,3418,2854,6272
20211206,경부선,서동탄,1434,1208,2642
20211206,경부선,당정,6285,5953,12238
20211206,경부선,천안,5067,5252,10319
20211206,경부선,두정,5095,5488,10583
20211206,경부선,직산,765,717,1482
20211206,경부선,성환,4863,5068,9931
20211206,경부선,평택,11648,11754,23402
20211206,경부선,평택지제,3380,3162,6542
20211206,경부선,서정리,7169,7000,14169
20211206,경부선,송탄,4174,4012,8186
20211206,경부선,진위,1629,1477,3106
20211206,경부선,오산,9788,9793,19581
20211206,경부선,오산대,3634,3360,6994
20211206,경부선,세마,2798,2620,5418
20211206,경부선,병점,14456,14531,28987
20211206,경부선,세류,2966,2673,5639
20211206,경부선,독산,18601,19189,37790
20211206,경부선,수원,32775,34062,66837
20211206,경부선,화서,7825,7510,15335
20211206,경부선,성균관대,13815,13520,27335
20211206,경부선,의왕,9163,9186,18349
20211206,경부선,군포,7885,7976,15861
20211206,경부선,금정,25940,26791,52731
20211206,경부선,명학,9374,9200,18574
20211206,경부선,안양,22443,22235,44678
20211206,경부선,관악,7204,6622,13826
20211206,경부선,석수,9723,8562,18285
20211206,경부선,금천구청,11905,11677,23582
20211206,경부선,가산디지털단지,18658,21591,40249
20211206,경부선,구로,18596,18648,37244
20211206,경부선,신길,8890,7491,16381
20211206,경부선,신도림,4102,4112,8214
20211206,경부선,영등포,33937,34841,68778
20211206,경부선,대방,12697,13061,25758
20211206,경부선,노량진,7604,7789,15393
20211206,경부선,용산,30400,30534,60934
20211206,경부선,남영,8926,9255,18181
20211206,경부선,서울,5932,1816,7748
20211207,경부선,서울,4986,1651,6637
20211207,경부선,남영,9338,9646,18984
20211207,경부선,용산,29583,29830,59413
20211207,경부선,노량진,7641,7915,15556
20211207,경부선,대방,12898,13253,26151
20211207,경부선,영등포,34117,35255,69372
20211207,경부선,신도림,4106,4020,8126
20211207,경부선,신길,9028,7561,16589
20211207,경부선,구로,18566,19018,37584
20211207,경부선,가산디지털단지,18649,21719,40368
20211207,경부선,금천구청,11971,11773,23744
20211207,경부선,석수,9779,8717,18496
20211207,경부선,관악,7393,6731,14124
20211207,경부선,안양,22553,22504,45057
20211207,경부선,명학,9446,9464,18910
20211207,경부선,금정,26597,26914,53511
20211207,경부선,군포,7889,7776,15665
20211207,경부선,의왕,9259,9230,18489
20211207,경부선,성균관대,13841,13583,27424
20211207,경부선,화서,8079,7807,15886
20211207,경부선,수원,32772,34645,67417
20211207,경부선,독산,18702,19509,38211
20211207,경부선,세류,3005,2808,5813
20211207,경부선,병점,14703,14771,29474
20211207,경부선,세마,2750,2543,5293
20211207,경부선,오산대,3830,3595,7425
20211207,경부선,오산,9681,9527,19208
20211207,경부선,진위,1638,1421,3059
20211207,경부선,송탄,4112,3899,8011
20211207,경부선,서정리,7425,7029,14454
20211207,경부선,평택지제,3146,3021,6167
20211207,경부선,평택,11293,11252,22545
20211207,경부선,성환,4331,4436,8767
20211207,경부선,직산,763,767,1530
20211207,경부선,두정,5200,5273,10473
20211207,경부선,천안,4932,5112,10044
20211207,경부선,당정,6217,5984,12201
20211207,경부선,서동탄,1486,1219,2705
20211207,경부선,광명,3158,2685,5843
20211208,경부선,광명,3085,2604,5689
20211208,경부선,서동탄,1435,1213,2648
20211208,경부선,당정,6310,5980,12290
20211208,경부선,천안,4745,4985,9730
20211208,경부선,두정,5217,5114,10331
20211208,경부선,직산,775,760,1535
20211208,경부선,성환,4741,4701,9442
20211208,경부선,평택,11202,11286,22488
20211208,경부선,평택지제,3263,3044,6307
20211208,경부선,서정리,7271,6806,14077
20211208,경부선,송탄,4106,4022,8128
20211208,경부선,진위,1649,1460,3109
20211208,경부선,오산,10088,9874,19962
20211208,경부선,오산대,3768,3502,7270
20211208,경부선,세마,2854,2696,5550
20211208,경부선,병점,14627,14718,29345
20211208,경부선,세류,3021,2750,5771
20211208,경부선,독산,18793,19431,38224
20211208,경부선,수원,32913,34685,67598
20211208,경부선,화서,7947,7667,15614
20211208,경부선,성균관대,13873,13600,27473
20211208,경부선,의왕,9245,9230,18475
20211208,경부선,군포,7934,7836,15770
20211208,경부선,금정,26632,27080,53712
20211208,경부선,명학,9371,9275,18646
20211208,경부선,안양,22949,22734,45683
20211208,경부선,관악,7307,6737,14044
20211208,경부선,석수,9965,8736,18701
20211208,경부선,금천구청,11981,11867,23848
20211208,경부선,가산디지털단지,18659,21422,40081
20211208,경부선,구로,18879,19282,38161
20211208,경부선,신길,9119,7709,16828
20211208,경부선,신도림,4167,4188,8355
20211208,경부선,영등포,33821,35025,68846
20211208,경부선,대방,12974,13367,26341
20211208,경부선,노량진,7915,8028,15943
20211208,경부선,용산,30193,30448,60641
20211208,경부선,남영,9190,9637,18827
20211208,경부선,서울,5072,1667,6739
20211209,경부선,서울,5186,1773,6959
20211209,경부선,남영,9066,9495,18561
20211209,경부선,용산,30777,31308,62085
20211209,경부선,노량진,7826,8014,15840
20211209,경부선,대방,12638,13086,25724
20211209,경부선,영등포,34332,35649,69981
20211209,경부선,신도림,4121,4189,8310
20211209,경부선,신길,8968,7528,16496
20211209,경부선,구로,18275,18778,37053
20211209,경부선,가산디지털단지,18458,21166,39624
20211209,경부선,금천구청,11884,11775,23659
20211209,경부선,석수,9682,8590,18272
20211209,경부선,관악,7189,6632,13821
20211209,경부선,안양,22214,22136,44350
20211209,경부선,명학,9505,9348,18853
20211209,경부선,금정,26521,26934,53455
20211209,경부선,군포,7771,7701,15472
20211209,경부선,의왕,9251,9103,18354
20211209,경부선,성균관대,13930,13593,27523
20211209,경부선,화서,7969,7640,15609
20211209,경부선,수원,33241,35127,68368
20211209,경부선,독산,18461,19224,37685
20211209,경부선,세류,3034,2729,5763
20211209,경부선,병점,14306,14390,28696
20211209,경부선,세마,2811,2627,5438
20211209,경부선,오산대,3664,3355,7019
20211209,경부선,오산,9611,9674,19285
20211209,경부선,진위,1679,1419,3098
20211209,경부선,송탄,4178,3927,8105
20211209,경부선,서정리,7197,6723,13920
20211209,경부선,평택지제,3156,3130,6286
20211209,경부선,평택,11408,11192,22600
20211209,경부선,성환,4990,4797,9787
20211209,경부선,직산,780,735,1515
20211209,경부선,두정,5360,5437,10797
20211209,경부선,천안,5103,5279,10382
20211209,경부선,당정,6175,5896,12071
20211209,경부선,서동탄,1496,1270,2766
20211209,경부선,광명,3151,2804,5955
20211210,경부선,서울,7303,2638,9941
20211210,경부선,남영,9332,9770,19102
20211210,경부선,용산,35253,37147,72400
20211210,경부선,노량진,8417,8731,17148
20211210,경부선,대방,12694,12849,25543
20211210,경부선,영등포,37427,40148,77575
20211210,경부선,신도림,4089,4125,8214
20211210,경부선,신길,9218,7630,16848
20211210,경부선,구로,18605,19152,37757
20211210,경부선,가산디지털단지,18206,20606,38812
20211210,경부선,금천구청,11916,11689,23605
20211210,경부선,석수,9666,8159,17825
20211210,경부선,관악,7069,6503,13572
20211210,경부선,안양,22378,22119,44497
20211210,경부선,명학,9121,8859,17980
20211210,경부선,금정,26822,27083,53905
20211210,경부선,군포,7763,7521,15284
20211210,경부선,의왕,9165,9011,18176
20211210,경부선,성균관대,14427,13882,28309
20211210,경부선,화서,7804,7448,15252
20211210,경부선,수원,34825,38745,73570
20211210,경부선,독산,18235,18850,37085
20211210,경부선,세류,3067,2753,5820
20211210,경부선,병점,15230,14692,29922
20211210,경부선,세마,3019,2658,5677
20211210,경부선,오산대,3676,3247,6923
20211210,경부선,오산,10001,9740,19741
20211210,경부선,진위,1843,1457,3300
20211210,경부선,송탄,4591,4189,8780
20211210,경부선,서정리,7786,6451,14237
20211210,경부선,평택지제,3844,3550,7394
20211210,경부선,평택,12706,12156,24862
20211210,경부선,성환,4020,3503,7523
20211210,경부선,직산,858,779,1637
20211210,경부선,두정,5951,5607,11558
20211210,경부선,천안,5313,5545,10858
20211210,경부선,당정,6212,5877,12089
20211210,경부선,서동탄,1472,1308,2780
20211210,경부선,광명,3626,3369,6995
20211213,경부선,광명,3292,2709,6001
20211213,경부선,서동탄,1362,1197,2559
20211213,경부선,당정,5918,5621,11539
20211213,경부선,천안,4484,4756,9240
20211213,경부선,두정,4688,5028,9716
20211213,경부선,직산,727,686,1413
20211213,경부선,성환,3400,3631,7031
20211213,경부선,평택,10743,10590,21333
20211213,경부선,평택지제,3282,3055,6337
20211213,경부선,서정리,6234,6254,12488
20211213,경부선,송탄,4018,3946,7964
20211213,경부선,진위,1546,1395,2941
20211213,경부선,오산,9059,9131,18190
20211213,경부선,오산대,3123,2843,5966
20211213,경부선,세마,2592,2464,5056
20211213,경부선,병점,13309,13261,26570
20211213,경부선,세류,2800,2512,5312
20211213,경부선,독산,17994,18970,36964
20211213,경부선,수원,30313,31914,62227
20211213,경부선,화서,7525,7228,14753
20211213,경부선,성균관대,13772,13576,27348
20211213,경부선,의왕,8879,8935,17814
20211213,경부선,군포,7447,7493,14940
20211213,경부선,금정,24837,25795,50632
20211213,경부선,명학,8812,8704,17516
20211213,경부선,안양,23642,23638,47280
20211213,경부선,관악,6739,6161,12900
20211213,경부선,석수,9289,8016,17305
20211213,경부선,금천구청,11290,11084,22374
20211213,경부선,가산디지털단지,17707,20775,38482
20211213,경부선,구로,17760,17822,35582
20211213,경부선,신길,8626,7228,15854
20211213,경부선,신도림,3835,3850,7685
20211213,경부선,영등포,32952,33787,66739
20211213,경부선,대방,12156,12534,24690
20211213,경부선,노량진,6972,7314,14286
20211213,경부선,용산,29407,29486,58893
20211213,경부선,남영,8536,8957,17493
20211213,경부선,서울,5695,1837,7532
20211214,경부선,광명,3029,2696,5725
20211214,경부선,서동탄,1413,1155,2568
20211214,경부선,당정,5938,5739,11677
20211214,경부선,천안,4631,4725,9356
20211214,경부선,두정,4837,4929,9766
20211214,경부선,직산,705,695,1400
20211214,경부선,성환,3558,3563,7121
20211214,경부선,평택,10535,10473,21008
20211214,경부선,평택지제,3195,3021,6216
20211214,경부선,서정리,6422,5993,12415
20211214,경부선,송탄,3826,3769,7595
20211214,경부선,진위,1558,1344,2902
20211214,경부선,오산,9017,8966,17983
20211214,경부선,오산대,3209,2933,6142
20211214,경부선,세마,2643,2498,5141
20211214,경부선,병점,13533,13696,27229
20211214,경부선,세류,2877,2571,5448
20211214,경부선,독산,18732,19268,38000
20211214,경부선,수원,30524,31728,62252
20211214,경부선,화서,7559,7251,14810
20211214,경부선,성균관대,14266,14042,28308
20211214,경부선,의왕,9059,8994,18053
20211214,경부선,군포,7571,7611,15182
20211214,경부선,금정,25872,26346,52218
20211214,경부선,명학,9155,9080,18235
20211214,경부선,안양,23749,23349,47098
20211214,경부선,관악,6971,6461,13432
20211214,경부선,석수,9573,8370,17943
20211214,경부선,금천구청,11775,11744,23519
20211214,경부선,가산디지털단지,18127,20951,39078
20211214,경부선,구로,18384,18546,36930
20211214,경부선,신길,8751,7504,16255
20211214,경부선,신도림,3920,3875,7795
20211214,경부선,영등포,33296,34401,67697
20211214,경부선,대방,12498,13054,25552
20211214,경부선,노량진,7456,7666,15122
20211214,경부선,용산,29797,30440,60237
20211214,경부선,남영,9130,9420,18550
20211214,경부선,서울,5119,1727,6846
20211215,경부선,서울,4953,1714,6667
20211215,경부선,남영,9194,9538,18732
20211215,경부선,용산,32480,33279,65759
20211215,경부선,노량진,7915,8009,15924
20211215,경부선,대방,12679,13001,25680
20211215,경부선,영등포,35366,37033,72399
20211215,경부선,신도림,4081,3995,8076
20211215,경부선,신길,8851,7396,16247
20211215,경부선,구로,19020,19586,38606
20211215,경부선,가산디지털단지,18346,21262,39608
20211215,경부선,금천구청,11699,11566,23265
20211215,경부선,석수,9707,8345,18052
20211215,경부선,관악,7035,6404,13439
20211215,경부선,안양,24616,24284,48900
20211215,경부선,명학,9084,9011,18095
20211215,경부선,금정,26063,26444,52507
20211215,경부선,군포,7761,7713,15474
20211215,경부선,의왕,9117,9115,18232
20211215,경부선,성균관대,14416,13847,28263
20211215,경부선,화서,7726,7419,15145
20211215,경부선,수원,31899,33452,65351
20211215,경부선,독산,18414,19271,37685
20211215,경부선,세류,2929,2648,5577
20211215,경부선,병점,13474,13538,27012
20211215,경부선,세마,2628,2497,5125
20211215,경부선,오산대,3099,2873,5972
20211215,경부선,오산,8976,8780,17756
20211215,경부선,진위,1527,1334,2861
20211215,경부선,송탄,4072,3842,7914
20211215,경부선,서정리,6463,5958,12421
20211215,경부선,평택지제,3116,3040,6156
20211215,경부선,평택,10860,10738,21598
20211215,경부선,성환,3569,3613,7182
20211215,경부선,직산,727,726,1453
20211215,경부선,두정,5177,5245,10422
20211215,경부선,천안,4459,4669,9128
20211215,경부선,당정,6076,5740,11816
20211215,경부선,서동탄,1383,1177,2560
20211215,경부선,광명,3000,2658,5658
20211216,경부선,광명,3134,2770,5904
20211216,경부선,서동탄,1370,1229,2599
20211216,경부선,당정,6162,5850,12012
20211216,경부선,천안,4727,4832,9559
20211216,경부선,두정,5179,5236,10415
20211216,경부선,직산,718,722,1440
20211216,경부선,성환,3556,3520,7076
20211216,경부선,평택,11005,10672,21677
20211216,경부선,평택지제,3202,3116,6318
20211216,경부선,서정리,6449,5981,12430
20211216,경부선,송탄,4077,3873,7950
20211216,경부선,진위,1571,1397,2968
20211216,경부선,오산,9115,8911,18026
20211216,경부선,오산대,3229,2982,6211
20211216,경부선,세마,2720,2527,5247
20211216,경부선,병점,13714,13605,27319
20211216,경부선,세류,2939,2620,5559
20211216,경부선,독산,18514,19212,37726
20211216,경부선,수원,32414,34253,66667
20211216,경부선,화서,7847,7444,15291
20211216,경부선,성균관대,14325,13979,28304
20211216,경부선,의왕,9333,9237,18570
20211216,경부선,군포,7759,7706,15465
20211216,경부선,금정,26148,26510,52658
20211216,경부선,명학,9261,8998,18259
20211216,경부선,안양,24709,24532,49241
20211216,경부선,관악,7170,6467,13637
20211216,경부선,석수,9658,8452,18110
20211216,경부선,금천구청,11772,11588,23360
20211216,경부선,가산디지털단지,18259,20914,39173
20211216,경부선,구로,18499,19131,37630
20211216,경부선,신길,8889,7411,16300
20211216,경부선,신도림,4020,4114,8134
20211216,경부선,영등포,35746,37234,72980
20211216,경부선,대방,12694,12990,25684
20211216,경부선,노량진,7956,8117,16073
20211216,경부선,용산,32955,33754,66709
20211216,경부선,남영,9016,9454,18470
20211216,경부선,서울,5509,1788,7297
20211217,경부선,광명,3596,3247,6843
20211217,경부선,서동탄,1386,1275,2661
20211217,경부선,당정,6003,5473,11476
20211217,경부선,천안,5306,5408,10714
20211217,경부선,두정,5847,5449,11296
20211217,경부선,직산,856,724,1580
20211217,경부선,성환,3491,3158,6649
20211217,경부선,평택,12537,11732,24269
20211217,경부선,평택지제,3720,3436,7156
20211217,경부선,서정리,7451,6165,13616
20211217,경부선,송탄,4439,4045,8484
20211217,경부선,진위,1793,1390,3183
20211217,경부선,오산,9749,9456,19205
20211217,경부선,오산대,3363,3044,6407
20211217,경부선,세마,2734,2471,5205
20211217,경부선,병점,14749,14221,28970
20211217,경부선,세류,2978,2705,5683
20211217,경부선,독산,18082,18664,36746
20211217,경부선,수원,35868,39581,75449
20211217,경부선,화서,7537,7237,14774
20211217,경부선,성균관대,14263,13808,28071
20211217,경부선,의왕,8863,8663,17526
20211217,경부선,군포,7361,7196,14557
20211217,경부선,금정,25895,26030,51925
20211217,경부선,명학,8688,8403,17091
20211217,경부선,안양,23754,23837,47591
20211217,경부선,관악,6752,6184,12936
20211217,경부선,석수,9362,8170,17532
20211217,경부선,금천구청,11701,11289,22990
20211217,경부선,가산디지털단지,16824,20132,36956
20211217,경부선,구로,18460,19447,37907
20211217,경부선,신길,8553,7206,15759
20211217,경부선,신도림,3767,3777,7544
20211217,경부선,영등포,39455,42222,81677
20211217,경부선,대방,12150,12371,24521
20211217,경부선,노량진,8217,8689,16906
20211217,경부선,용산,38499,39796,78295
20211217,경부선,남영,8929,9517,18446
20211217,경부선,서울,7441,2581,10022
20211220,경부선,서울,5844,1894,7738
20211220,경부선,남영,8555,9016,17571
20211220,경부선,용산,32073,32329,64402
20211220,경부선,노량진,7582,7665,15247
20211220,경부선,대방,12539,12873,25412
20211220,경부선,영등포,35052,35943,70995
20211220,경부선,신도림,3952,3943,7895
20211220,경부선,신길,8815,7506,16321
20211220,경부선,구로,18025,17995,36020
20211220,경부선,가산디지털단지,17936,20789,38725
20211220,경부선,금천구청,11651,11508,23159
20211220,경부선,석수,9361,8381,17742
20211220,경부선,관악,6863,6350,13213
20211220,경부선,안양,20880,20753,41633
20211220,경부선,명학,8794,8780,17574
20211220,경부선,금정,25139,25861,51000
20211220,경부선,군포,7619,7661,15280
20211220,경부선,의왕,8805,8972,17777
20211220,경부선,성균관대,13445,13505,26950
20211220,경부선,화서,7586,7251,14837
20211220,경부선,수원,31749,32093,63842
20211220,경부선,독산,18381,19335,37716
20211220,경부선,세류,2866,2571,5437
20211220,경부선,병점,13431,13533,26964
20211220,경부선,세마,2702,2553,5255
20211220,경부선,오산대,3165,2883,6048
20211220,경부선,오산,9123,9058,18181
20211220,경부선,진위,1602,1455,3057
20211220,경부선,송탄,4076,3972,8048
20211220,경부선,서정리,6176,6130,12306
20211220,경부선,평택지제,3351,3216,6567
20211220,경부선,평택,10857,10775,21632
20211220,경부선,성환,2922,3125,6047
20211220,경부선,직산,758,755,1513
20211220,경부선,두정,4795,5127,9922
20211220,경부선,천안,4482,4680,9162
20211220,경부선,당정,5948,5685,11633
20211220,경부선,서동탄,1373,1209,2582
20211220,경부선,광명,3304,2666,5970
20211221,경부선,서울,5387,1754,7141
20211221,경부선,남영,9008,9326,18334
20211221,경부선,용산,32557,32781,65338
20211221,경부선,노량진,7839,8021,15860
20211221,경부선,대방,12778,13121,25899
20211221,경부선,영등포,36396,36910,73306
20211221,경부선,신도림,3940,3989,7929
20211221,경부선,신길,8861,7507,16368
20211221,경부선,구로,18286,18499,36785
20211221,경부선,가산디지털단지,18180,20947,39127
20211221,경부선,금천구청,11648,11673,23321
20211221,경부선,석수,9550,8582,18132
20211221,경부선,관악,7184,6732,13916
20211221,경부선,안양,21314,21335,42649
20211221,경부선,명학,8928,8832,17760
20211221,경부선,금정,25854,26524,52378
20211221,경부선,군포,7688,7850,15538
20211221,경부선,의왕,9037,9023,18060
20211221,경부선,성균관대,13674,13548,27222
20211221,경부선,화서,7827,7641,15468
20211221,경부선,수원,31825,33542,65367
20211221,경부선,독산,18582,19350,37932
20211221,경부선,세류,2890,2624,5514
20211221,경부선,병점,13537,13332,26869
20211221,경부선,세마,2690,2577,5267
20211221,경부선,오산대,3168,2971,6139
20211221,경부선,오산,9003,8977,17980
20211221,경부선,진위,1645,1438,3083
20211221,경부선,송탄,4074,4021,8095
20211221,경부선,서정리,6269,5931,12200
20211221,경부선,평택지제,3201,3135,6336
20211221,경부선,평택,10669,10479,21148
20211221,경부선,성환,2989,2970,5959
20211221,경부선,직산,682,708,1390
20211221,경부선,두정,4966,5012,9978
20211221,경부선,천안,4495,4589,9084
20211221,경부선,당정,6030,5817,11847
20211221,경부선,서동탄,1388,1208,2596
20211221,경부선,광명,3047,2666,5713
20211222,경부선,서울,5372,1920,7292
20211222,경부선,남영,9219,9505,18724
20211222,경부선,용산,33066,33330,66396
20211222,경부선,노량진,7999,8133,16132
20211222,경부선,대방,12712,13150,25862
20211222,경부선,영등포,36672,37635,74307
20211222,경부선,신도림,4127,4113,8240
20211222,경부선,신길,8997,7610,16607
20211222,경부선,구로,18642,18981,37623
20211222,경부선,가산디지털단지,18149,20897,39046
20211222,경부선,금천구청,11777,11807,23584
20211222,경부선,석수,9713,8598,18311
20211222,경부선,관악,7543,6949,14492
20211222,경부선,안양,21004,20922,41926
20211222,경부선,명학,8898,8719,17617
20211222,경부선,금정,26254,26718,52972
20211222,경부선,군포,7814,7750,15564
20211222,경부선,의왕,9104,9144,18248
20211222,경부선,성균관대,13669,13629,27298
20211222,경부선,화서,7784,7526,15310
20211222,경부선,수원,32469,34324,66793
20211222,경부선,독산,18743,19477,38220
20211222,경부선,세류,2925,2683,5608
20211222,경부선,병점,13561,13549,27110
20211222,경부선,세마,2808,2638,5446
20211222,경부선,오산대,3231,2959,6190
20211222,경부선,오산,9077,9072,18149
20211222,경부선,진위,1618,1467,3085
20211222,경부선,송탄,4196,4070,8266
20211222,경부선,서정리,6532,6161,12693
20211222,경부선,평택지제,3259,3110,6369
20211222,경부선,평택,10734,10675,21409
20211222,경부선,성환,2841,2833,5674
20211222,경부선,직산,693,678,1371
20211222,경부선,두정,5174,4966,10140
20211222,경부선,천안,4456,4603,9059
20211222,경부선,당정,6068,5816,11884
20211222,경부선,서동탄,1408,1226,2634
20211222,경부선,광명,3133,2696,5829
20211223,경부선,광명,3132,2791,5923
20211223,경부선,서동탄,1436,1272,2708
20211223,경부선,당정,6049,5764,11813
20211223,경부선,천안,4403,4656,9059
20211223,경부선,두정,4758,4581,9339
20211223,경부선,직산,692,685,1377
20211223,경부선,성환,2979,2922,5901
20211223,경부선,평택,11260,10674,21934
20211223,경부선,평택지제,3250,3317,6567
20211223,경부선,서정리,6380,5911,12291
20211223,경부선,송탄,4224,4078,8302
20211223,경부선,진위,1645,1410,3055
20211223,경부선,오산,9457,9394,18851
20211223,경부선,오산대,3333,3068,6401
20211223,경부선,세마,2713,2586,5299
20211223,경부선,병점,13890,13883,27773
20211223,경부선,세류,2979,2649,5628
20211223,경부선,독산,18504,19333,37837
20211223,경부선,수원,32973,34894,67867
20211223,경부선,화서,7801,7549,15350
20211223,경부선,성균관대,14074,13859,27933
20211223,경부선,의왕,9012,9058,18070
20211223,경부선,군포,7678,7691,15369
20211223,경부선,금정,26087,26555,52642
20211223,경부선,명학,8839,8758,17597
20211223,경부선,안양,20826,20794,41620
20211223,경부선,관악,7125,6525,13650
20211223,경부선,석수,9675,8673,18348
20211223,경부선,금천구청,11779,11710,23489
20211223,경부선,가산디지털단지,18083,20711,38794
20211223,경부선,구로,18543,18753,37296
20211223,경부선,신길,8789,7561,16350
20211223,경부선,신도림,4167,3992,8159
20211223,경부선,영등포,37777,39167,76944
20211223,경부선,대방,12896,13175,26071
20211223,경부선,노량진,8226,8154,16380
20211223,경부선,용산,34140,34743,68883
20211223,경부선,남영,9114,9462,18576
20211223,경부선,서울,5736,1978,7714
20211224,경부선,서동탄,1352,1305,2657
20211224,경부선,당정,5843,5639,11482
20211224,경부선,천안,5494,5774,11268
20211224,경부선,두정,5644,5414,11058
20211224,경부선,직산,888,768,1656
20211224,경부선,성환,3336,2963,6299
20211224,경부선,평택,12830,12598,25428
20211224,경부선,평택지제,4269,3674,7943
20211224,경부선,서정리,8457,6465,14922
20211224,경부선,송탄,5140,4706,9846
20211224,경부선,진위,1957,1470,3427
20211224,경부선,오산,10696,10083,20779
20211224,경부선,오산대,3445,3186,6631
20211224,경부선,세마,2923,2734,5657
20211224,경부선,병점,14827,14710,29537
20211224,경부선,세류,3087,2890,5977
20211224,경부선,광명,3387,3393,6780
20211224,경부선,서울,6919,2860,9779
20211224,경부선,남영,8717,9054,17771
20211224,경부선,용산,39912,41885,81797
20211224,경부선,노량진,8874,8871,17745
20211224,경부선,대방,12340,12676,25016
20211224,경부선,영등포,44817,46312,91129
20211224,경부선,신도림,3871,3823,7694
20211224,경부선,신길,8814,7595,16409
20211224,경부선,구로,18541,18789,37330
20211224,경부선,가산디지털단지,16641,19475,36116
20211224,경부선,금천구청,11576,11753,23329
20211224,경부선,석수,9484,8306,17790
20211224,경부선,관악,6948,6550,13498
20211224,경부선,안양,21207,21286,42493
20211224,경부선,명학,8386,8053,16439
20211224,경부선,금정,25717,26172,51889
20211224,경부선,군포,7620,7393,15013
20211224,경부선,의왕,8783,8651,17434
20211224,경부선,성균관대,13835,13571,27406
20211224,경부선,화서,7547,7382,14929
20211224,경부선,수원,37809,42057,79866
20211224,경부선,독산,18045,18625,36670
20211227,경부선,광명,3196,2637,5833
20211227,경부선,서동탄,1259,1080,2339
20211227,경부선,당정,5416,5220,10636
20211227,경부선,천안,4060,4169,8229
20211227,경부선,두정,4280,4368,8648
20211227,경부선,직산,669,644,1313
20211227,경부선,성환,2711,2941,5652
20211227,경부선,평택,10142,10342,20484
20211227,경부선,평택지제,3247,3074,6321
20211227,경부선,서정리,5800,5776,11576
20211227,경부선,송탄,3817,3648,7465
20211227,경부선,진위,1488,1374,2862
20211227,경부선,오산,8444,8487,16931
20211227,경부선,오산대,2855,2660,5515
20211227,경부선,세마,2435,2306,4741
20211227,경부선,서울,6274,1997,8271
20211227,경부선,남영,8449,8698,17147
20211227,경부선,용산,31949,32009,63958
20211227,경부선,노량진,7068,7220,14288
20211227,경부선,대방,11427,12089,23516
20211227,경부선,영등포,34130,34610,68740
20211227,경부선,신도림,3698,3531,7229
20211227,경부선,신길,8073,6853,14926
20211227,경부선,구로,16857,16822,33679
20211227,경부선,가산디지털단지,16648,19319,35967
20211227,경부선,금천구청,10709,10582,21291
20211227,경부선,석수,8767,7963,16730
20211227,경부선,관악,6317,5917,12234
20211227,경부선,안양,19058,19036,38094
20211227,경부선,명학,8196,8127,16323
20211227,경부선,금정,23715,24387,48102
20211227,경부선,군포,7025,7217,14242
20211227,경부선,의왕,8166,8246,16412
20211227,경부선,성균관대,12497,12477,24974
20211227,경부선,화서,7022,6722,13744
20211227,경부선,수원,29595,31271,60866
20211227,경부선,독산,17186,18199,35385
20211227,경부선,병점,12488,12311,24799
20211227,경부선,세류,2589,2354,4943
20211228,경부선,남영,8773,9095,17868
20211228,경부선,광명,3056,2614,5670
20211228,경부선,서동탄,1336,1188,2524
20211228,경부선,당정,5787,5470,11257
20211228,경부선,천안,4012,4196,8208
20211228,경부선,두정,4220,4227,8447
20211228,경부선,직산,691,685,1376
20211228,경부선,성환,2772,2826,5598
20211228,경부선,평택,10142,10047,20189
20211228,경부선,평택지제,3062,2967,6029
20211228,경부선,서정리,6035,5718,11753
20211228,경부선,송탄,3826,3850,7676
20211228,경부선,진위,1488,1331,2819
20211228,경부선,오산,8676,8766,17442
20211228,경부선,오산대,3023,2735,5758
20211228,경부선,세마,2507,2460,4967
20211228,경부선,병점,13132,12941,26073
20211228,경부선,세류,2649,2495,5144
20211228,경부선,독산,18017,18872,36889
20211228,경부선,수원,30073,32018,62091
20211228,경부선,화서,7405,7188,14593
20211228,경부선,성균관대,12962,12959,25921
20211228,경부선,의왕,8640,8624,17264
20211228,경부선,군포,7395,7445,14840
20211228,경부선,금정,25248,25717,50965
20211228,경부선,명학,8485,8443,16928
20211228,경부선,안양,19909,20043,39952
20211228,경부선,관악,6802,6307,13109
20211228,경부선,석수,9237,8313,17550
20211228,경부선,금천구청,11152,11153,22305
20211228,경부선,가산디지털단지,17126,19917,37043
20211228,경부선,구로,17458,17671,35129
20211228,경부선,신길,8413,7319,15732
20211228,경부선,신도림,3881,3726,7607
20211228,경부선,영등포,35666,36074,71740
20211228,경부선,대방,12288,12584,24872
20211228,경부선,노량진,7650,7786,15436
20211228,경부선,용산,31902,31618,63520
20211228,경부선,서울,5383,1807,7190
20211229,경부선,서울,5474,1937,7411
20211229,경부선,남영,9068,9542,18610
20211229,경부선,용산,33045,33961,67006
20211229,경부선,노량진,7989,8130,16119
20211229,경부선,대방,12425,12989,25414
20211229,경부선,영등포,36949,37972,74921
20211229,경부선,신도림,4059,4007,8066
20211229,경부선,신길,8639,7345,15984
20211229,경부선,구로,18169,18452,36621
20211229,경부선,가산디지털단지,17237,20110,37347
20211229,경부선,금천구청,11505,11329,22834
20211229,경부선,석수,9372,8568,17940
20211229,경부선,관악,6953,6398,13351
20211229,경부선,안양,20811,20728,41539
20211229,경부선,명학,8522,8521,17043
20211229,경부선,금정,25624,26107,51731
20211229,경부선,군포,7404,7385,14789
20211229,경부선,의왕,8781,8805,17586
20211229,경부선,성균관대,13306,13265,26571
20211229,경부선,화서,7465,7189,14654
20211229,경부선,수원,31703,33739,65442
20211229,경부선,독산,18378,19086,37464
20211229,경부선,세류,2840,2653,5493
20211229,경부선,병점,13280,13151,26431
20211229,경부선,세마,2671,2580,5251
20211229,경부선,오산대,3128,2850,5978
20211229,경부선,오산,8970,8916,17886
20211229,경부선,진위,1524,1328,2852
20211229,경부선,송탄,3932,3824,7756
20211229,경부선,서정리,6496,5801,12297
20211229,경부선,평택지제,3179,3176,6355
20211229,경부선,평택,10761,10519,21280
20211229,경부선,성환,2877,2897,5774
20211229,경부선,직산,730,675,1405
20211229,경부선,두정,4437,4538,8975
20211229,경부선,천안,4380,4476,8856
20211229,경부선,당정,5874,5599,11473
20211229,경부선,서동탄,1303,1166,2469
20211229,경부선,광명,3045,2673,5718
20211230,경부선,광명,3094,2850,5944
20211230,경부선,서동탄,1286,1147,2433
20211230,경부선,당정,5706,5423,11129
20211230,경부선,천안,4418,4560,8978
20211230,경부선,두정,4550,4393,8943
20211230,경부선,직산,776,693,1469
20211230,경부선,성환,2833,2798,5631
20211230,경부선,평택,10811,10735,21546
20211230,경부선,평택지제,3323,3211,6534
20211230,경부선,서울,5596,2225,7821
20211230,경부선,남영,8774,9127,17901
20211230,경부선,용산,33747,36255,70002
20211230,경부선,노량진,8003,8074,16077
20211230,경부선,대방,12073,12462,24535
20211230,경부선,영등포,37591,38721,76312
20211230,경부선,신도림,3912,3695,7607
20211230,경부선,신길,8229,7042,15271
20211230,경부선,구로,17625,18165,35790
20211230,경부선,가산디지털단지,16243,19058,35301
20211230,경부선,금천구청,11001,10997,21998
20211230,경부선,석수,9135,8229,17364
20211230,경부선,관악,6588,6157,12745
20211230,경부선,안양,20285,20187,40472
20211230,경부선,명학,8131,8040,16171
20211230,경부선,금정,25140,25490,50630
20211230,경부선,군포,7298,7219,14517
20211230,경부선,의왕,8536,8469,17005
20211230,경부선,성균관대,13066,12819,25885
20211230,경부선,화서,7301,6915,14216
20211230,경부선,수원,31779,34805,66584
20211230,경부선,독산,17351,18179,35530
20211230,경부선,세류,2771,2496,5267
20211230,경부선,병점,13251,13020,26271
20211230,경부선,세마,2702,2397,5099
20211230,경부선,오산대,3083,2749,5832
20211230,경부선,오산,9002,8744,17746
20211230,경부선,진위,1456,1289,2745
20211230,경부선,송탄,4156,3903,8059
20211230,경부선,서정리,6507,5721,12228
20211231,경부선,서울,6055,2928,8983
20211231,경부선,남영,7804,8111,15915
20211231,경부선,용산,35937,40806,76743
20211231,경부선,노량진,8471,8327,16798
20211231,경부선,대방,11106,11070,22176
20211231,경부선,영등포,40181,41751,81932
20211231,경부선,신도림,3484,3227,6711
20211231,경부선,신길,7758,6393,14151
20211231,경부선,구로,16471,16987,33458
20211231,경부선,가산디지털단지,13481,16010,29491
20211231,경부선,금천구청,10422,10439,20861
20211231,경부선,석수,8176,7307,15483
20211231,경부선,관악,6071,5693,11764
20211231,경부선,안양,19204,19701,38905
20211231,경부선,명학,6947,6563,13510
20211231,경부선,금정,22705,23172,45877
20211231,경부선,군포,6621,6514,13135
20211231,경부선,의왕,7593,7364,14957
20211231,경부선,성균관대,12341,11758,24099
20211231,경부선,화서,6342,6207,12549
20211231,경부선,수원,34093,38417,72510
20211231,경부선,독산,15250,15454,30704
20211231,경부선,세류,2780,2726,5506
20211231,경부선,병점,13641,13069,26710
20211231,경부선,세마,2498,2286,4784
20211231,경부선,오산대,3066,2845,5911
20211231,경부선,오산,10055,9593,19648
20211231,경부선,진위,1610,1276,2886
20211231,경부선,송탄,4957,4190,9147
20211231,경부선,서정리,8287,5868,14155
20211231,경부선,평택지제,4046,3421,7467
20211231,경부선,평택,12984,12671,25655
20211231,경부선,성환,3317,2970,6287
20211231,경부선,직산,773,704,1477
20211231,경부선,두정,5043,4767,9810
20211231,경부선,천안,5354,5943,11297
20211231,경부선,당정,5053,4781,9834
20211231,경부선,서동탄,1115,1018,2133
20211231,경부선,광명,2897,3040,5937
