사용일자,호선명,지하철역,승차총승객수,하차총승객수,승하차총승객수
20210101,경인선,개봉,5826,5924,11750
20210101,경인선,오류동,3443,3180,6623
20210101,경인선,역곡,7389,7375,14764
20210101,경인선,부천,12103,12686,24789
20210101,경인선,송내,6257,6331,12588
20210101,경인선,부평,11452,12071,23523
20210101,경인선,백운,2080,2095,4175
20210101,경인선,동암,5247,5398,10645
20210101,경인선,주안,6156,5593,11749
20210101,경인선,제물포,2900,2752,5652
20210101,경인선,동인천,4614,4484,9098
20210101,경인선,인천,1817,1456,3273
20210101,경인선,구일,1456,1445,2901
20210101,경인선,소사,2834,2545,5379
20210101,경인선,부개,2393,2407,4800
20210101,경인선,간석,1691,1623,3314
20210101,경인선,도원,833,883,1716
20210101,경인선,온수,1718,1674,3392
20210101,경인선,중동,2432,2404,4836
20210101,경인선,도화,1193,1154,2347
20210104,경인선,개봉,17377,18257,35634
20210104,경인선,오류동,9710,9355,19065
20210104,경인선,역곡,22463,22379,44842
20210104,경인선,부천,26336,26216,52552
20210104,경인선,송내,22545,22397,44942
20210104,경인선,부평,23043,23917,46960
20210104,경인선,백운,5902,5731,11633
20210104,경인선,동암,12499,12558,25057
20210104,경인선,주안,14574,13444,28018
20210104,경인선,제물포,8079,7563,15642
20210104,경인선,동인천,10881,10391,21272
20210104,경인선,인천,2254,1632,3886
20210104,경인선,구일,4883,5145,10028
20210104,경인선,소사,7696,6948,14644
20210104,경인선,부개,6861,6542,13403
20210104,경인선,간석,4624,4397,9021
20210104,경인선,도원,2152,2126,4278
20210104,경인선,온수,5141,5137,10278
20210104,경인선,중동,7467,7236,14703
20210104,경인선,도화,3280,3124,6404
20210105,경인선,도화,3212,2959,6171
20210105,경인선,중동,7334,7058,14392
20210105,경인선,온수,5194,5150,10344
20210105,경인선,도원,2256,2268,4524
20210105,경인선,간석,4448,4293,8741
20210105,경인선,부개,6917,6585,13502
20210105,경인선,소사,7555,6824,14379
20210105,경인선,구일,4902,5180,10082
20210105,경인선,인천,2249,1568,3817
20210105,경인선,동인천,10631,10082,20713
20210105,경인선,제물포,7937,7572,15509
20210105,경인선,주안,14449,13082,27531
20210105,경인선,동암,12190,12402,24592
20210105,경인선,백운,5735,5649,11384
20210105,경인선,부평,22809,23791,46600
20210105,경인선,송내,22652,22590,45242
20210105,경인선,부천,25877,25882,51759
20210105,경인선,역곡,22080,22093,44173
20210105,경인선,오류동,9466,9179,18645
20210105,경인선,개봉,17338,18059,35397
20210106,경인선,도화,3258,3255,6513
20210106,경인선,중동,7409,7507,14916
20210106,경인선,온수,5169,5217,10386
20210106,경인선,도원,2458,2542,5000
20210106,경인선,간석,4635,4644,9279
20210106,경인선,부개,6879,6918,13797
20210106,경인선,소사,7494,7004,14498
20210106,경인선,구일,4971,5729,10700
20210106,경인선,인천,2237,1615,3852
20210106,경인선,동인천,10900,10507,21407
20210106,경인선,제물포,7903,7810,15713
20210106,경인선,주안,14991,13834,28825
20210106,경인선,동암,12526,12767,25293
20210106,경인선,백운,5546,5908,11454
20210106,경인선,부평,22932,24172,47104
20210106,경인선,송내,22722,23022,45744
20210106,경인선,부천,26343,26634,52977
20210106,경인선,역곡,22292,23332,45624
20210106,경인선,오류동,9616,9886,19502
20210106,경인선,개봉,17587,20083,37670
20210107,경인선,도화,3496,3171,6667
20210107,경인선,중동,7637,6878,14515
20210107,경인선,온수,5153,5130,10283
20210107,경인선,도원,2051,2101,4152
20210107,경인선,간석,4860,4501,9361
20210107,경인선,부개,7072,6728,13800
20210107,경인선,소사,7649,6943,14592
20210107,경인선,구일,5289,5288,10577
20210107,경인선,인천,2363,1640,4003
20210107,경인선,동인천,10946,10509,21455
20210107,경인선,제물포,8227,8156,16383
20210107,경인선,주안,15045,14052,29097
20210107,경인선,동암,12186,12453,24639
20210107,경인선,백운,5973,5763,11736
20210107,경인선,부평,22943,24194,47137
20210107,경인선,송내,23510,23871,47381
20210107,경인선,부천,25382,25674,51056
20210107,경인선,역곡,22853,22405,45258
20210107,경인선,오류동,9399,9043,18442
20210107,경인선,개봉,18184,18731,36915
20210108,경인선,구일,4690,4852,9542
20210108,경인선,도화,3027,2726,5753
20210108,경인선,중동,6872,6424,13296
20210108,경인선,온수,4796,4686,9482
20210108,경인선,도원,1878,1930,3808
20210108,경인선,간석,4341,4082,8423
20210108,경인선,개봉,16676,17516,34192
20210108,경인선,오류동,8832,8615,17447
20210108,경인선,역곡,21203,21243,42446
20210108,경인선,부천,24825,25354,50179
20210108,경인선,송내,21832,21904,43736
20210108,경인선,부평,22031,23861,45892
20210108,경인선,백운,5315,5193,10508
20210108,경인선,동암,11435,11874,23309
20210108,경인선,주안,14185,13341,27526
20210108,경인선,제물포,7652,7342,14994
20210108,경인선,동인천,9980,9560,19540
20210108,경인선,인천,2001,1384,3385
20210108,경인선,소사,7128,6296,13424
20210108,경인선,부개,6467,6125,12592
20210111,경인선,개봉,17528,18352,35880
20210111,경인선,오류동,9713,9326,19039
20210111,경인선,역곡,22462,22455,44917
20210111,경인선,부천,26497,26496,52993
20210111,경인선,송내,22594,22460,45054
20210111,경인선,부평,23383,24525,47908
20210111,경인선,백운,5662,5685,11347
20210111,경인선,동암,12533,12437,24970
20210111,경인선,주안,14818,13523,28341
20210111,경인선,제물포,7942,7629,15571
20210111,경인선,동인천,10840,10118,20958
20210111,경인선,인천,2158,1561,3719
20210111,경인선,구일,4944,5187,10131
20210111,경인선,소사,7726,7340,15066
20210111,경인선,부개,6954,6636,13590
20210111,경인선,간석,4593,4338,8931
20210111,경인선,도원,2171,2239,4410
20210111,경인선,온수,5140,5035,10175
20210111,경인선,중동,7443,7130,14573
20210111,경인선,도화,3226,3041,6267
20210112,경인선,주안,15251,14226,29477
20210112,경인선,동암,12856,13314,26170
20210112,경인선,백운,5819,5917,11736
20210112,경인선,부평,23841,25430,49271
20210112,경인선,송내,23413,23510,46923
20210112,경인선,부천,26856,27480,54336
20210112,경인선,역곡,22870,24049,46919
20210112,경인선,오류동,10028,10188,20216
20210112,경인선,개봉,18199,20653,38852
20210112,경인선,도화,3405,3256,6661
20210112,경인선,중동,7567,7487,15054
20210112,경인선,온수,5478,5473,10951
20210112,경인선,도원,2446,2502,4948
20210112,경인선,간석,4853,4739,9592
20210112,경인선,부개,7077,6976,14053
20210112,경인선,소사,7759,7832,15591
20210112,경인선,구일,5303,6052,11355
20210112,경인선,인천,2437,1739,4176
20210112,경인선,동인천,11210,10628,21838
20210112,경인선,제물포,8227,8182,16409
20210113,경인선,개봉,18803,19295,38098
20210113,경인선,오류동,10045,9621,19666
20210113,경인선,역곡,23500,23210,46710
20210113,경인선,부천,27729,27649,55378
20210113,경인선,송내,24024,23895,47919
20210113,경인선,부평,24381,25825,50206
20210113,경인선,백운,6080,6052,12132
20210113,경인선,동암,13201,13383,26584
20210113,경인선,주안,15678,14307,29985
20210113,경인선,제물포,8497,8126,16623
20210113,경인선,동인천,11521,10947,22468
20210113,경인선,인천,2582,1888,4470
20210113,경인선,구일,5419,5512,10931
20210113,경인선,소사,8085,7640,15725
20210113,경인선,부개,7246,6872,14118
20210113,경인선,간석,4949,4733,9682
20210113,경인선,도원,2363,2418,4781
20210113,경인선,온수,5502,5428,10930
20210113,경인선,중동,8060,7641,15701
20210113,경인선,도화,3657,3344,7001
20210114,경인선,개봉,18398,19240,37638
20210114,경인선,오류동,10120,9765,19885
20210114,경인선,역곡,23013,23021,46034
20210114,경인선,부천,27956,27864,55820
20210114,경인선,송내,23522,23525,47047
20210114,경인선,부평,24624,25846,50470
20210114,경인선,백운,5997,5970,11967
20210114,경인선,동암,13066,13214,26280
20210114,경인선,주안,15390,14161,29551
20210114,경인선,제물포,8550,8157,16707
20210114,경인선,동인천,11592,10939,22531
20210114,경인선,인천,2652,1911,4563
20210114,경인선,구일,5136,5365,10501
20210114,경인선,소사,8000,7797,15797
20210114,경인선,부개,7086,6792,13878
20210114,경인선,간석,4811,4633,9444
20210114,경인선,도원,2280,2363,4643
20210114,경인선,온수,5321,5246,10567
20210114,경인선,중동,7639,7294,14933
20210114,경인선,도화,3414,3254,6668
20210115,경인선,개봉,18434,19368,37802
20210115,경인선,오류동,10169,9710,19879
20210115,경인선,역곡,23158,23402,46560
20210115,경인선,부천,28094,28663,56757
20210115,경인선,송내,23514,23724,47238
20210115,경인선,부평,24918,26883,51801
20210115,경인선,백운,5984,5914,11898
20210115,경인선,동암,13250,13516,26766
20210115,경인선,주안,15784,14652,30436
20210115,경인선,제물포,8554,8193,16747
20210115,경인선,동인천,11407,10790,22197
20210115,경인선,인천,2476,1844,4320
20210115,경인선,구일,5123,5339,10462
20210115,경인선,소사,8026,7656,15682
20210115,경인선,부개,7217,6894,14111
20210115,경인선,간석,4827,4642,9469
20210115,경인선,도원,2240,2322,4562
20210115,경인선,온수,5323,5344,10667
20210115,경인선,중동,7739,7258,14997
20210115,경인선,도화,3451,3187,6638
20210118,경인선,도화,3666,3435,7101
20210118,경인선,중동,8207,7753,15960
20210118,경인선,온수,5487,5498,10985
20210118,경인선,도원,2392,2451,4843
20210118,경인선,간석,5163,4928,10091
20210118,경인선,부개,7500,7106,14606
20210118,경인선,소사,8162,7848,16010
20210118,경인선,구일,5393,5539,10932
20210118,경인선,인천,2458,1706,4164
20210118,경인선,동인천,11920,11321,23241
20210118,경인선,제물포,8814,8418,17232
20210118,경인선,주안,16081,14681,30762
20210118,경인선,동암,13428,13526,26954
20210118,경인선,백운,6442,6337,12779
20210118,경인선,부평,25752,27083,52835
20210118,경인선,송내,24707,24574,49281
20210118,경인선,부천,28208,28151,56359
20210118,경인선,역곡,23950,23857,47807
20210118,경인선,오류동,10310,9869,20179
20210118,경인선,개봉,18820,19882,38702
20210119,경인선,개봉,18235,19168,37403
20210119,경인선,오류동,9904,9555,19459
20210119,경인선,역곡,22793,22788,45581
20210119,경인선,부천,27137,27084,54221
20210119,경인선,송내,23630,23482,47112
20210119,경인선,부평,24218,25314,49532
20210119,경인선,백운,5957,5906,11863
20210119,경인선,동암,12905,12874,25779
20210119,경인선,주안,15075,13969,29044
20210119,경인선,제물포,8329,7917,16246
20210119,경인선,동인천,11095,10459,21554
20210119,경인선,인천,2400,1782,4182
20210119,경인선,구일,5044,5311,10355
20210119,경인선,소사,7761,7582,15343
20210119,경인선,부개,7199,6816,14015
20210119,경인선,간석,4818,4682,9500
20210119,경인선,도원,2115,2194,4309
20210119,경인선,온수,5225,5291,10516
20210119,경인선,중동,7569,7348,14917
20210119,경인선,도화,3470,3168,6638
20210120,경인선,도화,3651,3317,6968
20210120,경인선,중동,8097,7838,15935
20210120,경인선,온수,5801,5713,11514
20210120,경인선,도원,2347,2495,4842
20210120,경인선,간석,5165,4985,10150
20210120,경인선,부개,7430,7020,14450
20210120,경인선,소사,8383,8046,16429
20210120,경인선,구일,5492,5683,11175
20210120,경인선,인천,2759,1993,4752
20210120,경인선,동인천,12074,11496,23570
20210120,경인선,제물포,8812,8467,17279
20210120,경인선,주안,16273,14838,31111
20210120,경인선,동암,13593,13781,27374
20210120,경인선,백운,6293,6401,12694
20210120,경인선,부평,25992,27357,53349
20210120,경인선,송내,24722,24654,49376
20210120,경인선,부천,29266,29532,58798
20210120,경인선,역곡,23976,24263,48239
20210120,경인선,오류동,10673,10222,20895
20210120,경인선,개봉,19157,19875,39032
20210121,경인선,도화,3502,3176,6678
20210121,경인선,중동,7978,7551,15529
20210121,경인선,온수,5544,5614,11158
20210121,경인선,도원,2203,2335,4538
20210121,경인선,간석,4965,4791,9756
20210121,경인선,부개,7217,6887,14104
20210121,경인선,소사,8144,7841,15985
20210121,경인선,구일,5281,5566,10847
20210121,경인선,인천,2463,1732,4195
20210121,경인선,동인천,11197,10713,21910
20210121,경인선,제물포,8487,8121,16608
20210121,경인선,주안,15683,14444,30127
20210121,경인선,동암,13021,13259,26280
20210121,경인선,백운,6118,6152,12270
20210121,경인선,부평,24969,26043,51012
20210121,경인선,송내,24004,24037,48041
20210121,경인선,부천,28173,27826,55999
20210121,경인선,역곡,23238,23423,46661
20210121,경인선,오류동,10321,9894,20215
20210121,경인선,개봉,18708,20030,38738
20210122,경인선,도화,3621,3299,6920
20210122,경인선,중동,8063,7705,15768
20210122,경인선,온수,5653,5597,11250
20210122,경인선,도원,2302,2426,4728
20210122,경인선,간석,5013,4922,9935
20210122,경인선,부개,7503,7128,14631
20210122,경인선,소사,8200,7958,16158
20210122,경인선,구일,5453,5611,11064
20210122,경인선,인천,2625,1951,4576
20210122,경인선,동인천,11909,11411,23320
20210122,경인선,제물포,9045,8527,17572
20210122,경인선,주안,16571,15333,31904
20210122,경인선,동암,13719,13852,27571
20210122,경인선,백운,6322,6180,12502
20210122,경인선,부평,26911,29019,55930
20210122,경인선,송내,24612,24918,49530
20210122,경인선,부천,29276,30062,59338
20210122,경인선,역곡,24141,24198,48339
20210122,경인선,오류동,10590,10074,20664
20210122,경인선,개봉,19389,19967,39356
20210125,경인선,개봉,19517,20223,39740
20210125,경인선,오류동,10907,10353,21260
20210125,경인선,역곡,24715,24462,49177
20210125,경인선,부천,29863,29789,59652
20210125,경인선,송내,24971,25044,50015
20210125,경인선,부평,26565,27993,54558
20210125,경인선,백운,6392,6311,12703
20210125,경인선,동암,13941,14074,28015
20210125,경인선,주안,16435,14925,31360
20210125,경인선,제물포,8937,8484,17421
20210125,경인선,동인천,12348,11645,23993
20210125,경인선,인천,2844,2178,5022
20210125,경인선,구일,5424,5674,11098
20210125,경인선,소사,8445,8117,16562
20210125,경인선,부개,7647,7212,14859
20210125,경인선,간석,5191,4960,10151
20210125,경인선,도원,2380,2470,4850
20210125,경인선,온수,5850,5857,11707
20210125,경인선,중동,8363,7856,16219
20210125,경인선,도화,3741,3347,7088
20210126,경인선,개봉,19270,20172,39442
20210126,경인선,오류동,10522,10088,20610
20210126,경인선,역곡,23903,24112,48015
20210126,경인선,부천,28598,28638,57236
20210126,경인선,송내,24705,24553,49258
20210126,경인선,부평,25478,26631,52109
20210126,경인선,백운,6175,6250,12425
20210126,경인선,동암,13620,13779,27399
20210126,경인선,주안,16131,14612,30743
20210126,경인선,제물포,8954,8375,17329
20210126,경인선,동인천,11926,11341,23267
20210126,경인선,인천,2572,1842,4414
20210126,경인선,구일,5346,5622,10968
20210126,경인선,소사,8225,7884,16109
20210126,경인선,부개,7466,7053,14519
20210126,경인선,간석,4976,4821,9797
20210126,경인선,도원,2335,2424,4759
20210126,경인선,온수,5681,5669,11350
20210126,경인선,중동,8072,7821,15893
20210126,경인선,도화,3686,3449,7135
20210127,경인선,개봉,19852,20819,40671
20210127,경인선,오류동,10941,10554,21495
20210127,경인선,역곡,24909,25033,49942
20210127,경인선,부천,30293,30465,60758
20210127,경인선,송내,25348,25268,50616
20210127,경인선,부평,27091,28437,55528
20210127,경인선,백운,6445,6425,12870
20210127,경인선,동암,14118,14265,28383
20210127,경인선,주안,16771,15455,32226
20210127,경인선,제물포,8941,8602,17543
20210127,경인선,동인천,12573,11717,24290
20210127,경인선,인천,2900,2201,5101
20210127,경인선,구일,5693,5898,11591
20210127,경인선,소사,8451,8110,16561
20210127,경인선,부개,7753,7418,15171
20210127,경인선,간석,5313,5124,10437
20210127,경인선,도원,2522,2617,5139
20210127,경인선,온수,5921,5856,11777
20210127,경인선,중동,8386,8050,16436
20210127,경인선,도화,3860,3653,7513
20210128,경인선,개봉,19196,20120,39316
20210128,경인선,오류동,10537,10004,20541
20210128,경인선,역곡,23564,23698,47262
20210128,경인선,부천,28369,28241,56610
20210128,경인선,송내,24514,24578,49092
20210128,경인선,부평,25886,27024,52910
20210128,경인선,백운,6131,6086,12217
20210128,경인선,동암,13334,13604,26938
20210128,경인선,주안,16143,14672,30815
20210128,경인선,제물포,8612,8403,17015
20210128,경인선,동인천,11527,10927,22454
20210128,경인선,인천,2386,1774,4160
20210128,경인선,구일,5260,5474,10734
20210128,경인선,소사,8064,7881,15945
20210128,경인선,부개,7440,7073,14513
20210128,경인선,간석,5156,4995,10151
20210128,경인선,도원,2241,2248,4489
20210128,경인선,온수,5583,5580,11163
20210128,경인선,중동,8176,7726,15902
20210128,경인선,도화,3597,3293,6890
20210129,경인선,개봉,18509,19436,37945
20210129,경인선,오류동,10136,9882,20018
20210129,경인선,역곡,23149,23349,46498
20210129,경인선,부천,28378,29229,57607
20210129,경인선,송내,23804,23779,47583
20210129,경인선,부평,26242,28232,54474
20210129,경인선,백운,5932,5908,11840
20210129,경인선,동암,13017,13249,26266
20210129,경인선,주안,16004,14695,30699
20210129,경인선,제물포,8675,8383,17058
20210129,경인선,동인천,11273,10736,22009
20210129,경인선,인천,2453,1726,4179
20210129,경인선,구일,5121,5385,10506
20210129,경인선,소사,7829,7404,15233
20210129,경인선,부개,7162,6960,14122
20210129,경인선,간석,4933,4674,9607
20210129,경인선,도원,2143,2245,4388
20210129,경인선,온수,5413,5366,10779
20210129,경인선,중동,7662,7309,14971
20210129,경인선,도화,3486,3196,6682
20210201,경인선,도화,3772,3528,7300
20210201,경인선,중동,8457,8028,16485
20210201,경인선,온수,5859,5849,11708
20210201,경인선,도원,2484,2571,5055
20210201,경인선,간석,5255,5081,10336
20210201,경인선,부개,7837,7490,15327
20210201,경인선,소사,8468,8320,16788
20210201,경인선,구일,5629,5884,11513
20210201,경인선,인천,2616,1949,4565
20210201,경인선,동인천,12338,11458,23796
20210201,경인선,제물포,8978,8605,17583
20210201,경인선,주안,16538,14979,31517
20210201,경인선,동암,13995,13946,27941
20210201,경인선,백운,6414,6424,12838
20210201,경인선,부평,26615,27654,54269
20210201,경인선,송내,25332,25059,50391
20210201,경인선,부천,29719,29452,59171
20210201,경인선,역곡,24472,24564,49036
20210201,경인선,오류동,10701,10267,20968
20210201,경인선,개봉,19757,20495,40252
20210202,경인선,도화,3669,3432,7101
20210202,경인선,중동,8125,7874,15999
20210202,경인선,온수,5850,5800,11650
20210202,경인선,도원,2312,2374,4686
20210202,경인선,간석,5118,4859,9977
20210202,경인선,부개,7640,7296,14936
20210202,경인선,소사,8336,7976,16312
20210202,경인선,구일,5365,5662,11027
20210202,경인선,인천,2550,1836,4386
20210202,경인선,동인천,11735,11029,22764
20210202,경인선,제물포,8797,8485,17282
20210202,경인선,주안,16122,14765,30887
20210202,경인선,동암,13462,13634,27096
20210202,경인선,백운,6262,6235,12497
20210202,경인선,부평,25985,27246,53231
20210202,경인선,송내,24836,24826,49662
20210202,경인선,부천,28823,28700,57523
20210202,경인선,역곡,24036,24200,48236
20210202,경인선,오류동,10558,10134,20692
20210202,경인선,개봉,19432,20257,39689
20210203,경인선,개봉,20088,21513,41601
20210203,경인선,오류동,11141,10813,21954
20210203,경인선,역곡,24875,25345,50220
20210203,경인선,부천,30414,30651,61065
20210203,경인선,송내,25829,25782,51611
20210203,경인선,부평,27250,28892,56142
20210203,경인선,백운,6578,6681,13259
20210203,경인선,동암,14041,14307,28348
20210203,경인선,주안,17085,15538,32623
20210203,경인선,제물포,9266,8969,18235
20210203,경인선,동인천,12571,11756,24327
20210203,경인선,인천,2758,2003,4761
20210203,경인선,구일,5758,6268,12026
20210203,경인선,소사,8512,8438,16950
20210203,경인선,부개,7806,7605,15411
20210203,경인선,간석,5473,5314,10787
20210203,경인선,도원,2513,2630,5143
20210203,경인선,온수,6148,6187,12335
20210203,경인선,중동,8616,8296,16912
20210203,경인선,도화,3958,3649,7607
20210204,경인선,개봉,19889,20634,40523
20210204,경인선,오류동,10923,10229,21152
20210204,경인선,역곡,24857,24672,49529
20210204,경인선,부천,29947,29815,59762
20210204,경인선,송내,25723,25849,51572
20210204,경인선,부평,27233,28496,55729
20210204,경인선,백운,6557,6399,12956
20210204,경인선,동암,13698,13939,27637
20210204,경인선,주안,16608,15185,31793
20210204,경인선,제물포,9090,8816,17906
20210204,경인선,동인천,12274,11638,23912
20210204,경인선,인천,2729,2004,4733
20210204,경인선,구일,5761,5937,11698
20210204,경인선,소사,8406,8047,16453
20210204,경인선,부개,7785,7412,15197
20210204,경인선,간석,5326,5036,10362
20210204,경인선,도원,2288,2423,4711
20210204,경인선,온수,5897,5831,11728
20210204,경인선,중동,8427,7958,16385
20210204,경인선,도화,3730,3463,7193
20210205,경인선,도화,3849,3529,7378
20210205,경인선,중동,8711,8269,16980
20210205,경인선,온수,6123,6014,12137
20210205,경인선,도원,2433,2456,4889
20210205,경인선,간석,5457,5054,10511
20210205,경인선,부개,8132,7584,15716
20210205,경인선,소사,8686,8349,17035
20210205,경인선,구일,5882,6192,12074
20210205,경인선,인천,2919,2167,5086
20210205,경인선,동인천,12521,12015,24536
20210205,경인선,제물포,9566,8915,18481
20210205,경인선,주안,17403,16051,33454
20210205,경인선,동암,14260,14670,28930
20210205,경인선,백운,6676,6659,13335
20210205,경인선,부평,28145,30447,58592
20210205,경인선,송내,25896,25670,51566
20210205,경인선,부천,31370,32243,63613
20210205,경인선,역곡,25237,25503,50740
20210205,경인선,오류동,11175,10862,22037
20210205,경인선,개봉,20591,21484,42075
20210208,경인선,개봉,19924,20813,40737
20210208,경인선,오류동,11065,10523,21588
20210208,경인선,역곡,25054,25069,50123
20210208,경인선,부천,30787,30639,61426
20210208,경인선,송내,25318,25134,50452
20210208,경인선,부평,27553,28910,56463
20210208,경인선,백운,6508,6432,12940
20210208,경인선,동암,13863,14076,27939
20210208,경인선,주안,16929,15283,32212
20210208,경인선,제물포,9166,8684,17850
20210208,경인선,동인천,12207,11526,23733
20210208,경인선,인천,2594,1874,4468
20210208,경인선,구일,5774,5978,11752
20210208,경인선,소사,8688,8223,16911
20210208,경인선,부개,7907,7440,15347
20210208,경인선,간석,5414,5147,10561
20210208,경인선,도원,2413,2431,4844
20210208,경인선,온수,5788,5670,11458
20210208,경인선,중동,8472,8172,16644
20210208,경인선,도화,3796,3521,7317
20210209,경인선,도화,3740,3409,7149
20210209,경인선,중동,8547,8182,16729
20210209,경인선,온수,5902,5943,11845
20210209,경인선,도원,2328,2511,4839
20210209,경인선,간석,5233,5062,10295
20210209,경인선,부개,7686,7370,15056
20210209,경인선,소사,8462,8284,16746
20210209,경인선,구일,5824,5982,11806
20210209,경인선,인천,2721,1979,4700
20210209,경인선,동인천,12604,11979,24583
20210209,경인선,제물포,9298,8913,18211
20210209,경인선,주안,16757,15309,32066
20210209,경인선,동암,14290,14307,28597
20210209,경인선,백운,6444,6556,13000
20210209,경인선,부평,27884,29565,57449
20210209,경인선,송내,25486,25380,50866
20210209,경인선,부천,31316,31453,62769
20210209,경인선,역곡,25173,25190,50363
20210209,경인선,오류동,11159,10503,21662
20210209,경인선,개봉,20115,21233,41348
20210210,경인선,개봉,19476,20223,39699
20210210,경인선,오류동,10837,10014,20851
20210210,경인선,역곡,23948,24112,48060
20210210,경인선,부천,31236,32345,63581
20210210,경인선,송내,23972,24257,48229
20210210,경인선,부평,28786,31787,60573
20210210,경인선,백운,6156,6188,12344
20210210,경인선,동암,14059,14773,28832
20210210,경인선,주안,16930,15446,32376
20210210,경인선,제물포,9053,8769,17822
20210210,경인선,동인천,12243,11804,24047
20210210,경인선,인천,2733,2057,4790
20210210,경인선,구일,5585,5768,11353
20210210,경인선,소사,8237,8028,16265
20210210,경인선,부개,7573,7152,14725
20210210,경인선,간석,5259,5047,10306
20210210,경인선,도원,2372,2484,4856
20210210,경인선,온수,5718,5679,11397
20210210,경인선,중동,8048,7772,15820
20210210,경인선,도화,3726,3417,7143
20210211,경인선,도화,1648,1603,3251
20210211,경인선,중동,3444,3585,7029
20210211,경인선,온수,2451,2337,4788
20210211,경인선,도원,1118,1188,2306
20210211,경인선,간석,2304,2411,4715
20210211,경인선,부개,3489,3440,6929
20210211,경인선,소사,3866,3971,7837
20210211,경인선,구일,2264,2071,4335
20210211,경인선,인천,2314,2038,4352
20210211,경인선,동인천,6148,6375,12523
20210211,경인선,제물포,3756,3996,7752
20210211,경인선,주안,8677,7873,16550
20210211,경인선,동암,7026,7621,14647
20210211,경인선,백운,2870,3114,5984
20210211,경인선,부평,17438,20306,37744
20210211,경인선,송내,8953,9307,18260
20210211,경인선,부천,17261,17608,34869
20210211,경인선,역곡,10301,10358,20659
20210211,경인선,오류동,5074,4394,9468
20210211,경인선,개봉,8522,8613,17135
20210212,경인선,개봉,6636,6517,13153
20210212,경인선,오류동,3629,3530,7159
20210212,경인선,역곡,8032,7968,16000
20210212,경인선,부천,12625,12849,25474
20210212,경인선,송내,7207,6941,14148
20210212,경인선,부평,13923,15032,28955
20210212,경인선,백운,2577,2463,5040
20210212,경인선,동암,6136,6134,12270
20210212,경인선,주안,7129,6489,13618
20210212,경인선,제물포,3303,3197,6500
20210212,경인선,동인천,5264,4978,10242
20210212,경인선,인천,2919,2458,5377
20210212,경인선,구일,1638,1611,3249
20210212,경인선,소사,3281,3092,6373
20210212,경인선,부개,2839,2699,5538
20210212,경인선,간석,1834,1726,3560
20210212,경인선,도원,927,966,1893
20210212,경인선,온수,1888,1738,3626
20210212,경인선,중동,2870,2663,5533
20210212,경인선,도화,1426,1266,2692
20210215,경인선,도화,3725,3413,7138
20210215,경인선,중동,8242,7747,15989
20210215,경인선,온수,5726,5709,11435
20210215,경인선,도원,2404,2424,4828
20210215,경인선,간석,5167,5001,10168
20210215,경인선,부개,7666,7217,14883
20210215,경인선,소사,8431,8022,16453
20210215,경인선,구일,5426,5749,11175
20210215,경인선,인천,2625,1895,4520
20210215,경인선,동인천,11990,11466,23456
20210215,경인선,제물포,9014,8545,17559
20210215,경인선,주안,16964,15433,32397
20210215,경인선,동암,13589,13528,27117
20210215,경인선,백운,6314,6189,12503
20210215,경인선,부평,28145,29553,57698
20210215,경인선,송내,24792,24582,49374
20210215,경인선,부천,29619,29491,59110
20210215,경인선,역곡,24229,24218,48447
20210215,경인선,오류동,10497,10202,20699
20210215,경인선,개봉,19286,20125,39411
20210216,경인선,도화,3744,3397,7141
20210216,경인선,중동,8393,8018,16411
20210216,경인선,온수,5917,5883,11800
20210216,경인선,도원,2322,2342,4664
20210216,경인선,간석,5333,5177,10510
20210216,경인선,부개,7737,7388,15125
20210216,경인선,소사,8388,8117,16505
20210216,경인선,구일,5594,5801,11395
20210216,경인선,인천,2567,1856,4423
20210216,경인선,동인천,12087,11446,23533
20210216,경인선,제물포,9189,8927,18116
20210216,경인선,주안,17102,15532,32634
20210216,경인선,동암,13807,13904,27711
20210216,경인선,백운,6371,6365,12736
20210216,경인선,부평,27671,29240,56911
20210216,경인선,송내,25384,25357,50741
20210216,경인선,부천,29598,29537,59135
20210216,경인선,역곡,24585,24672,49257
20210216,경인선,오류동,10626,10282,20908
20210216,경인선,개봉,19778,20717,40495
20210217,경인선,개봉,19137,20140,39277
20210217,경인선,오류동,10577,10141,20718
20210217,경인선,역곡,24065,24220,48285
20210217,경인선,부천,28791,28757,57548
20210217,경인선,송내,25062,25024,50086
20210217,경인선,부평,27541,28929,56470
20210217,경인선,백운,6037,6111,12148
20210217,경인선,동암,13168,13245,26413
20210217,경인선,주안,16851,15369,32220
20210217,경인선,제물포,9038,8718,17756
20210217,경인선,동인천,11755,11173,22928
20210217,경인선,인천,2538,1746,4284
20210217,경인선,구일,5505,5752,11257
20210217,경인선,소사,8171,7854,16025
20210217,경인선,부개,7637,7171,14808
20210217,경인선,간석,5119,4916,10035
20210217,경인선,도원,2209,2327,4536
20210217,경인선,온수,5440,5581,11021
20210217,경인선,중동,8054,7630,15684
20210217,경인선,도화,3669,3420,7089
20210218,경인선,도화,3636,3349,6985
20210218,경인선,중동,8246,7825,16071
20210218,경인선,온수,5664,5701,11365
20210218,경인선,도원,2256,2340,4596
20210218,경인선,간석,5174,4989,10163
20210218,경인선,부개,7684,7253,14937
20210218,경인선,소사,8388,7963,16351
20210218,경인선,구일,5507,5824,11331
20210218,경인선,인천,2655,1897,4552
20210218,경인선,동인천,12157,11592,23749
20210218,경인선,제물포,9029,8642,17671
20210218,경인선,주안,16858,15502,32360
20210218,경인선,동암,13468,13618,27086
20210218,경인선,백운,6241,6238,12479
20210218,경인선,부평,28100,29670,57770
20210218,경인선,송내,25260,25162,50422
20210218,경인선,부천,29351,29415,58766
20210218,경인선,역곡,24757,24872,49629
20210218,경인선,오류동,10672,10319,20991
20210218,경인선,개봉,19562,20210,39772
20210219,경인선,개봉,20771,21529,42300
20210219,경인선,오류동,11338,10894,22232
20210219,경인선,역곡,26080,26186,52266
20210219,경인선,부천,31665,32449,64114
20210219,경인선,송내,26658,26657,53315
20210219,경인선,부평,30042,32761,62803
20210219,경인선,백운,6712,6632,13344
20210219,경인선,동암,14553,14770,29323
20210219,경인선,주안,18372,17232,35604
20210219,경인선,제물포,9862,9340,19202
20210219,경인선,동인천,13259,12577,25836
20210219,경인선,인천,3218,2365,5583
20210219,경인선,구일,5998,6192,12190
20210219,경인선,소사,8833,8374,17207
20210219,경인선,부개,7945,7525,15470
20210219,경인선,간석,5574,5264,10838
20210219,경인선,도원,2507,2559,5066
20210219,경인선,온수,6128,5973,12101
20210219,경인선,중동,8729,8249,16978
20210219,경인선,도화,3941,3592,7533
20210222,경인선,개봉,20451,21289,41740
20210222,경인선,오류동,11478,10990,22468
20210222,경인선,역곡,26120,26013,52133
20210222,경인선,부천,31566,31210,62776
20210222,경인선,송내,26021,25980,52001
20210222,경인선,부평,28888,30395,59283
20210222,경인선,백운,6789,6723,13512
20210222,경인선,동암,14560,14495,29055
20210222,경인선,주안,17957,16237,34194
20210222,경인선,제물포,9641,9169,18810
20210222,경인선,동인천,12970,12245,25215
20210222,경인선,인천,3239,2455,5694
20210222,경인선,구일,5897,6162,12059
20210222,경인선,소사,8991,8797,17788
20210222,경인선,부개,8137,7603,15740
20210222,경인선,간석,5475,5257,10732
20210222,경인선,도원,2492,2518,5010
20210222,경인선,온수,6055,6059,12114
20210222,경인선,중동,8813,8304,17117
20210222,경인선,도화,3856,3652,7508
20210223,경인선,도화,3915,3576,7491
20210223,경인선,중동,8628,8220,16848
20210223,경인선,온수,5984,5967,11951
20210223,경인선,도원,2508,2571,5079
20210223,경인선,간석,5369,5205,10574
20210223,경인선,부개,7878,7497,15375
20210223,경인선,소사,8649,8401,17050
20210223,경인선,구일,5825,6086,11911
20210223,경인선,인천,3161,2279,5440
20210223,경인선,동인천,12672,12114,24786
20210223,경인선,제물포,9480,9064,18544
20210223,경인선,주안,17874,16211,34085
20210223,경인선,동암,14305,14517,28822
20210223,경인선,백운,6757,6790,13547
20210223,경인선,부평,28253,29505,57758
20210223,경인선,송내,26274,26213,52487
20210223,경인선,부천,30640,30748,61388
20210223,경인선,역곡,25752,25885,51637
20210223,경인선,오류동,11140,10609,21749
20210223,경인선,개봉,20388,21129,41517
20210224,경인선,도화,3962,3650,7612
20210224,경인선,중동,8879,8512,17391
20210224,경인선,온수,6122,6111,12233
20210224,경인선,도원,2646,2761,5407
20210224,경인선,간석,5493,5314,10807
20210224,경인선,부개,8110,7730,15840
20210224,경인선,소사,8966,8573,17539
20210224,경인선,구일,5998,6226,12224
20210224,경인선,인천,3250,2472,5722
20210224,경인선,동인천,12949,12382,25331
20210224,경인선,제물포,9622,9253,18875
20210224,경인선,주안,17808,16104,33912
20210224,경인선,동암,14677,14722,29399
20210224,경인선,백운,6861,6676,13537
20210224,경인선,부평,28878,30584,59462
20210224,경인선,송내,26595,26503,53098
20210224,경인선,부천,31751,31883,63634
20210224,경인선,역곡,26461,26472,52933
20210224,경인선,오류동,11528,11109,22637
20210224,경인선,개봉,20829,21599,42428
20210225,경인선,개봉,20567,21123,41690
20210225,경인선,오류동,11513,11017,22530
20210225,경인선,역곡,25818,25789,51607
20210225,경인선,부천,31488,31648,63136
20210225,경인선,송내,26463,26340,52803
20210225,경인선,부평,29097,30819,59916
20210225,경인선,백운,6735,6698,13433
20210225,경인선,동암,14604,14796,29400
20210225,경인선,주안,17833,16128,33961
20210225,경인선,제물포,9799,9325,19124
20210225,경인선,동인천,13042,12286,25328
20210225,경인선,인천,3273,2525,5798
20210225,경인선,구일,5815,5871,11686
20210225,경인선,소사,8885,8607,17492
20210225,경인선,부개,8105,7696,15801
20210225,경인선,간석,5521,5299,10820
20210225,경인선,도원,2550,2625,5175
20210225,경인선,온수,6126,6032,12158
20210225,경인선,중동,8727,8329,17056
20210225,경인선,도화,3877,3626,7503
20210226,경인선,개봉,21207,21889,43096
20210226,경인선,오류동,11821,11310,23131
20210226,경인선,역곡,26565,26535,53100
20210226,경인선,부천,32691,33672,66363
20210226,경인선,송내,27421,27333,54754
20210226,경인선,부평,31116,33691,64807
20210226,경인선,백운,7007,6882,13889
20210226,경인선,동암,15206,15401,30607
20210226,경인선,주안,18874,17320,36194
20210226,경인선,제물포,10231,9686,19917
20210226,경인선,동인천,13584,13048,26632
20210226,경인선,인천,3856,3109,6965
20210226,경인선,구일,6024,6183,12207
20210226,경인선,소사,9155,8577,17732
20210226,경인선,부개,8435,7871,16306
20210226,경인선,간석,5814,5469,11283
20210226,경인선,도원,2639,2663,5302
20210226,경인선,온수,6329,6238,12567
20210226,경인선,중동,9063,8545,17608
20210226,경인선,도화,4106,3762,7868
20210301,경인선,개봉,8971,9362,18333
20210301,경인선,오류동,5111,4996,10107
20210301,경인선,역곡,11185,11235,22420
20210301,경인선,부천,16857,16324,33181
20210301,경인선,송내,9825,9824,19649
20210301,경인선,부평,16226,16439,32665
20210301,경인선,백운,2924,2843,5767
20210301,경인선,동암,6920,7079,13999
20210301,경인선,주안,8584,7802,16386
20210301,경인선,제물포,3749,3726,7475
20210301,경인선,동인천,5840,5698,11538
20210301,경인선,인천,1716,1129,2845
20210301,경인선,구일,2074,2155,4229
20210301,경인선,소사,4133,4020,8153
20210301,경인선,부개,3466,3380,6846
20210301,경인선,간석,2385,2265,4650
20210301,경인선,도원,1008,1019,2027
20210301,경인선,온수,2544,2550,5094
20210301,경인선,중동,3732,3578,7310
20210301,경인선,도화,1634,1500,3134
20210302,경인선,도화,4159,3776,7935
20210302,경인선,중동,8873,8465,17338
20210302,경인선,온수,6949,6905,13854
20210302,경인선,도원,3287,3393,6680
20210302,경인선,간석,5617,5556,11173
20210302,경인선,부개,8533,8091,16624
20210302,경인선,소사,9333,8851,18184
20210302,경인선,구일,6056,6346,12402
20210302,경인선,인천,2900,2229,5129
20210302,경인선,동인천,13367,12386,25753
20210302,경인선,제물포,10534,10114,20648
20210302,경인선,주안,18160,16584,34744
20210302,경인선,동암,14877,14851,29728
20210302,경인선,백운,7112,7058,14170
20210302,경인선,부평,28210,30238,58448
20210302,경인선,송내,26898,26751,53649
20210302,경인선,부천,32168,32345,64513
20210302,경인선,역곡,26563,26639,53202
20210302,경인선,오류동,11778,11241,23019
20210302,경인선,개봉,20996,21554,42550
20210303,경인선,개봉,21278,21899,43177
20210303,경인선,오류동,11936,11343,23279
20210303,경인선,역곡,27212,26937,54149
20210303,경인선,부천,32678,32623,65301
20210303,경인선,송내,27468,27536,55004
20210303,경인선,부평,28642,30505,59147
20210303,경인선,백운,7076,7009,14085
20210303,경인선,동암,15146,15144,30290
20210303,경인선,주안,18382,17135,35517
20210303,경인선,제물포,10588,10133,20721
20210303,경인선,동인천,13677,12938,26615
20210303,경인선,인천,3100,2301,5401
20210303,경인선,구일,6303,6406,12709
20210303,경인선,소사,9435,8972,18407
20210303,경인선,부개,8507,8029,16536
20210303,경인선,간석,5921,5687,11608
20210303,경인선,도원,3251,3218,6469
20210303,경인선,온수,6868,6890,13758
20210303,경인선,중동,9040,8718,17758
20210303,경인선,도화,4214,3850,8064
20210304,경인선,개봉,20899,21548,42447
20210304,경인선,오류동,11832,11208,23040
20210304,경인선,역곡,27061,26946,54007
20210304,경인선,부천,31847,32040,63887
20210304,경인선,송내,27333,27380,54713
20210304,경인선,부평,28680,30680,59360
20210304,경인선,백운,7057,6919,13976
20210304,경인선,동암,14805,15022,29827
20210304,경인선,주안,18442,16673,35115
20210304,경인선,제물포,10522,10124,20646
20210304,경인선,동인천,13291,12669,25960
20210304,경인선,인천,3068,2334,5402
20210304,경인선,구일,6148,6383,12531
20210304,경인선,소사,9369,8883,18252
20210304,경인선,부개,8532,7935,16467
20210304,경인선,간석,5915,5554,11469
20210304,경인선,도원,3237,3345,6582
20210304,경인선,온수,6736,6645,13381
20210304,경인선,중동,9035,8603,17638
20210304,경인선,도화,4026,3729,7755
20210305,경인선,도화,4240,3915,8155
20210305,경인선,중동,9467,8933,18400
20210305,경인선,온수,7133,6901,14034
20210305,경인선,도원,3297,3365,6662
20210305,경인선,간석,6066,5705,11771
20210305,경인선,부개,8734,8090,16824
20210305,경인선,소사,9540,9083,18623
20210305,경인선,구일,6519,6709,13228
20210305,경인선,인천,3446,2712,6158
20210305,경인선,동인천,14265,13469,27734
20210305,경인선,제물포,11107,10484,21591
20210305,경인선,주안,19798,17952,37750
20210305,경인선,동암,15448,15943,31391
20210305,경인선,백운,7268,7110,14378
20210305,경인선,부평,31104,33962,65066
20210305,경인선,송내,28470,28584,57054
20210305,경인선,부천,33730,34646,68376
20210305,경인선,역곡,28181,28010,56191
20210305,경인선,오류동,12391,11586,23977
20210305,경인선,개봉,22063,22756,44819
20210308,경인선,개봉,21456,22049,43505
20210308,경인선,오류동,12178,11445,23623
20210308,경인선,역곡,27466,27341,54807
20210308,경인선,부천,32397,32354,64751
20210308,경인선,송내,27879,27807,55686
20210308,경인선,부평,29202,30528,59730
20210308,경인선,백운,7165,7070,14235
20210308,경인선,동암,15078,15035,30113
20210308,경인선,주안,18891,17081,35972
20210308,경인선,제물포,11068,10567,21635
20210308,경인선,동인천,13390,12641,26031
20210308,경인선,인천,3178,2426,5604
20210308,경인선,구일,6250,6429,12679
20210308,경인선,소사,9664,9155,18819
20210308,경인선,부개,8543,7987,16530
20210308,경인선,간석,5940,5695,11635
20210308,경인선,도원,3277,3323,6600
20210308,경인선,온수,6876,6734,13610
20210308,경인선,중동,9083,8741,17824
20210308,경인선,도화,4129,3849,7978
20210309,경인선,개봉,21427,22053,43480
20210309,경인선,오류동,11917,11335,23252
20210309,경인선,역곡,28594,28586,57180
20210309,경인선,부천,32209,32131,64340
20210309,경인선,송내,28123,28161,56284
20210309,경인선,부평,28537,30171,58708
20210309,경인선,백운,7118,7032,14150
20210309,경인선,동암,15081,15324,30405
20210309,경인선,주안,18779,17343,36122
20210309,경인선,제물포,10819,10438,21257
20210309,경인선,동인천,13618,12913,26531
20210309,경인선,인천,3340,2488,5828
20210309,경인선,구일,6140,6360,12500
20210309,경인선,소사,9513,9073,18586
20210309,경인선,부개,8501,8084,16585
20210309,경인선,간석,5906,5699,11605
20210309,경인선,도원,3421,3365,6786
20210309,경인선,온수,6977,6805,13782
20210309,경인선,중동,9162,8769,17931
20210309,경인선,도화,4264,3822,8086
20210310,경인선,개봉,21535,22067,43602
20210310,경인선,오류동,12187,11604,23791
20210310,경인선,역곡,28951,28651,57602
20210310,경인선,부천,33142,33296,66438
20210310,경인선,송내,28334,28206,56540
20210310,경인선,부평,29548,31680,61228
20210310,경인선,백운,7196,7097,14293
20210310,경인선,동암,15317,15389,30706
20210310,경인선,주안,19403,17498,36901
20210310,경인선,제물포,10963,10588,21551
20210310,경인선,동인천,13890,13162,27052
20210310,경인선,인천,3471,2601,6072
20210310,경인선,구일,6431,6675,13106
20210310,경인선,소사,9433,8958,18391
20210310,경인선,부개,8533,8150,16683
20210310,경인선,간석,5974,5818,11792
20210310,경인선,도원,3453,3522,6975
20210310,경인선,온수,7010,6948,13958
20210310,경인선,중동,9315,8779,18094
20210310,경인선,도화,4284,3951,8235
20210311,경인선,개봉,21185,21825,43010
20210311,경인선,오류동,12044,11466,23510
20210311,경인선,역곡,28829,28518,57347
20210311,경인선,부천,32709,32800,65509
20210311,경인선,송내,28021,28214,56235
20210311,경인선,부평,29594,31309,60903
20210311,경인선,백운,7146,7072,14218
20210311,경인선,동암,15153,15318,30471
20210311,경인선,주안,18952,17270,36222
20210311,경인선,제물포,10646,10240,20886
20210311,경인선,동인천,13541,13034,26575
20210311,경인선,인천,3365,2532,5897
20210311,경인선,구일,6242,6411,12653
20210311,경인선,소사,9454,9023,18477
20210311,경인선,부개,8557,7953,16510
20210311,경인선,간석,6058,5688,11746
20210311,경인선,도원,3390,3398,6788
20210311,경인선,온수,6862,6668,13530
20210311,경인선,중동,9220,8758,17978
20210311,경인선,도화,4125,3758,7883
20210312,경인선,개봉,21755,22399,44154
20210312,경인선,오류동,12099,11344,23443
20210312,경인선,역곡,28798,28657,57455
20210312,경인선,부천,33407,34236,67643
20210312,경인선,송내,28135,28326,56461
20210312,경인선,부평,31270,34061,65331
20210312,경인선,백운,7188,7060,14248
20210312,경인선,동암,15473,15776,31249
20210312,경인선,주안,19685,17916,37601
20210312,경인선,제물포,10950,10332,21282
20210312,경인선,동인천,14115,13232,27347
20210312,경인선,인천,3155,2335,5490
20210312,경인선,구일,6457,6551,13008
20210312,경인선,소사,9459,8869,18328
20210312,경인선,부개,8611,7976,16587
20210312,경인선,간석,6092,5774,11866
20210312,경인선,도원,3425,3476,6901
20210312,경인선,온수,6882,6692,13574
20210312,경인선,중동,9229,8781,18010
20210312,경인선,도화,4216,3948,8164
20210315,경인선,개봉,21178,21978,43156
20210315,경인선,오류동,11936,11396,23332
20210315,경인선,역곡,28533,28355,56888
20210315,경인선,부천,32758,32521,65279
20210315,경인선,송내,27618,27448,55066
20210315,경인선,부평,29098,30709,59807
20210315,경인선,백운,7101,7027,14128
20210315,경인선,동암,14920,15070,29990
20210315,경인선,주안,18901,17101,36002
20210315,경인선,제물포,10784,10254,21038
20210315,경인선,동인천,13640,12857,26497
20210315,경인선,인천,3221,2385,5606
20210315,경인선,구일,6219,6441,12660
20210315,경인선,소사,9521,9188,18709
20210315,경인선,부개,8521,8042,16563
20210315,경인선,간석,6035,5712,11747
20210315,경인선,도원,3228,3239,6467
20210315,경인선,온수,6926,6825,13751
20210315,경인선,중동,9169,8700,17869
20210315,경인선,도화,4154,3776,7930
20210316,경인선,개봉,21579,22120,43699
20210316,경인선,오류동,11871,11351,23222
20210316,경인선,역곡,28758,28622,57380
20210316,경인선,부천,32403,32246,64649
20210316,경인선,송내,27906,27882,55788
20210316,경인선,부평,29099,30600,59699
20210316,경인선,백운,7013,6974,13987
20210316,경인선,동암,15082,15243,30325
20210316,경인선,주안,18764,17061,35825
20210316,경인선,제물포,10577,10252,20829
20210316,경인선,동인천,13390,12784,26174
20210316,경인선,인천,3274,2357,5631
20210316,경인선,구일,6256,6368,12624
20210316,경인선,소사,9339,9028,18367
20210316,경인선,부개,8456,8015,16471
20210316,경인선,간석,5996,5755,11751
20210316,경인선,도원,3220,3331,6551
20210316,경인선,온수,6859,6840,13699
20210316,경인선,중동,9194,8852,18046
20210316,경인선,도화,4147,3924,8071
20210317,경인선,개봉,21777,22336,44113
20210317,경인선,오류동,12279,11754,24033
20210317,경인선,역곡,28976,28768,57744
20210317,경인선,부천,33482,33570,67052
20210317,경인선,송내,28252,28369,56621
20210317,경인선,부평,30058,31796,61854
20210317,경인선,백운,7087,7097,14184
20210317,경인선,동암,15271,15572,30843
20210317,경인선,주안,19284,17425,36709
20210317,경인선,제물포,10955,10472,21427
20210317,경인선,동인천,14081,13391,27472
20210317,경인선,인천,3472,2702,6174
20210317,경인선,구일,6489,6603,13092
20210317,경인선,소사,9681,9229,18910
20210317,경인선,부개,8655,8182,16837
20210317,경인선,간석,6165,5870,12035
20210317,경인선,도원,3966,4053,8019
20210317,경인선,온수,7092,6924,14016
20210317,경인선,중동,9252,8854,18106
20210317,경인선,도화,4262,4047,8309
20210318,경인선,도화,4072,3770,7842
20210318,경인선,중동,9256,8779,18035
20210318,경인선,온수,6872,6596,13468
20210318,경인선,도원,3248,3394,6642
20210318,경인선,간석,6075,5778,11853
20210318,경인선,부개,8611,8125,16736
20210318,경인선,소사,9421,9020,18441
20210318,경인선,구일,6301,6389,12690
20210318,경인선,인천,3388,2629,6017
20210318,경인선,동인천,13625,12766,26391
20210318,경인선,제물포,10677,10253,20930
20210318,경인선,주안,19105,17514,36619
20210318,경인선,동암,15170,15366,30536
20210318,경인선,백운,7186,7088,14274
20210318,경인선,부평,29508,31377,60885
20210318,경인선,송내,28173,28190,56363
20210318,경인선,부천,32523,32803,65326
20210318,경인선,역곡,28382,28225,56607
20210318,경인선,오류동,12298,11552,23850
20210318,경인선,개봉,21699,22160,43859
20210319,경인선,개봉,21890,22624,44514
20210319,경인선,오류동,12515,11711,24226
20210319,경인선,역곡,29383,29049,58432
20210319,경인선,부천,34616,35482,70098
20210319,경인선,송내,28899,28910,57809
20210319,경인선,부평,32325,35431,67756
20210319,경인선,백운,7411,7261,14672
20210319,경인선,동암,15797,16084,31881
20210319,경인선,주안,20492,18674,39166
20210319,경인선,제물포,11243,10682,21925
20210319,경인선,동인천,14576,13778,28354
20210319,경인선,인천,3822,3088,6910
20210319,경인선,구일,6679,6696,13375
20210319,경인선,소사,9848,9285,19133
20210319,경인선,부개,8686,8246,16932
20210319,경인선,간석,6184,5864,12048
20210319,경인선,도원,3394,3461,6855
20210319,경인선,온수,7185,6975,14160
20210319,경인선,중동,9469,9017,18486
20210319,경인선,도화,4336,3996,8332
20210322,경인선,개봉,21276,21802,43078
20210322,경인선,오류동,11953,11470,23423
20210322,경인선,역곡,28498,28178,56676
20210322,경인선,부천,32194,32142,64336
20210322,경인선,송내,27852,27721,55573
20210322,경인선,부평,29214,30706,59920
20210322,경인선,백운,7147,7090,14237
20210322,경인선,동암,15113,15034,30147
20210322,경인선,주안,19065,17082,36147
20210322,경인선,제물포,10765,10438,21203
20210322,경인선,동인천,13562,12637,26199
20210322,경인선,인천,3117,2349,5466
20210322,경인선,구일,6242,6460,12702
20210322,경인선,소사,9554,8979,18533
20210322,경인선,부개,8551,8170,16721
20210322,경인선,간석,5920,5623,11543
20210322,경인선,도원,3327,3380,6707
20210322,경인선,온수,6959,6814,13773
20210322,경인선,중동,9330,8715,18045
20210322,경인선,도화,4123,3783,7906
20210323,경인선,도화,4257,3952,8209
20210323,경인선,중동,9152,8765,17917
20210323,경인선,온수,7079,6998,14077
20210323,경인선,도원,3339,3331,6670
20210323,경인선,간석,6018,5745,11763
20210323,경인선,부개,8604,8142,16746
20210323,경인선,소사,9618,9161,18779
20210323,경인선,구일,6257,6433,12690
20210323,경인선,인천,3429,2664,6093
20210323,경인선,동인천,13875,13154,27029
20210323,경인선,제물포,10778,10400,21178
20210323,경인선,주안,18920,17231,36151
20210323,경인선,백운,7192,7110,14302
20210323,경인선,부평,28988,30707,59695
20210323,경인선,송내,28314,28319,56633
20210323,경인선,부천,32528,32845,65373
20210323,경인선,역곡,29170,28798,57968
20210323,경인선,오류동,12179,11492,23671
20210323,경인선,개봉,21762,22242,44004
20210323,경인선,동암,15280,15479,30759
20210324,경인선,부평,29797,31590,61387
20210324,경인선,송내,28110,28220,56330
20210324,경인선,부천,33560,33483,67043
20210324,경인선,역곡,29273,29059,58332
20210324,경인선,오류동,12339,11707,24046
20210324,경인선,개봉,21631,22149,43780
20210324,경인선,백운,7294,7054,14348
20210324,경인선,동암,15280,15575,30855
20210324,경인선,주안,19285,17597,36882
20210324,경인선,제물포,10980,10556,21536
20210324,경인선,동인천,14041,13102,27143
20210324,경인선,인천,3546,2781,6327
20210324,경인선,구일,6541,6666,13207
20210324,경인선,소사,9803,9224,19027
20210324,경인선,부개,8698,8264,16962
20210324,경인선,간석,6178,5864,12042
20210324,경인선,도원,3451,3425,6876
20210324,경인선,온수,7108,7009,14117
20210324,경인선,중동,9377,8901,18278
20210324,경인선,도화,4347,4059,8406
20210325,경인선,도화,4286,3933,8219
20210325,경인선,중동,9425,9019,18444
20210325,경인선,온수,7179,6982,14161
20210325,경인선,도원,3345,3448,6793
20210325,경인선,간석,6126,5767,11893
20210325,경인선,부개,8762,8322,17084
20210325,경인선,소사,9450,9139,18589
20210325,경인선,구일,6456,6588,13044
20210325,경인선,인천,3796,2846,6642
20210325,경인선,동인천,14145,13483,27628
20210325,경인선,제물포,11130,10666,21796
20210325,경인선,주안,19514,17687,37201
20210325,경인선,동암,15373,15590,30963
20210325,경인선,백운,7212,7159,14371
20210325,경인선,부평,30008,32044,62052
20210325,경인선,송내,28597,28600,57197
20210325,경인선,부천,33365,33435,66800
20210325,경인선,역곡,29477,29039,58516
20210325,경인선,오류동,12421,11561,23982
20210325,경인선,개봉,21596,22257,43853
20210326,경인선,주안,20391,18467,38858
20210326,경인선,도화,4409,4063,8472
20210326,경인선,중동,9479,9075,18554
20210326,경인선,온수,7156,6866,14022
20210326,경인선,도원,3485,3497,6982
20210326,경인선,간석,6235,5942,12177
20210326,경인선,부개,8918,8345,17263
20210326,경인선,소사,9604,9286,18890
20210326,경인선,구일,6762,6717,13479
20210326,경인선,인천,3820,2965,6785
20210326,경인선,동인천,14652,13860,28512
20210326,경인선,제물포,11338,10928,22266
20210326,경인선,동암,15924,16223,32147
20210326,경인선,백운,7405,7345,14750
20210326,경인선,부평,32565,35414,67979
20210326,경인선,송내,28909,29203,58112
20210326,경인선,부천,34622,35212,69834
20210326,경인선,역곡,29300,29038,58338
20210326,경인선,오류동,12584,11594,24178
20210326,경인선,개봉,22236,22776,45012
20210329,경인선,도화,4180,3914,8094
20210329,경인선,중동,9195,8755,17950
20210329,경인선,온수,6900,6830,13730
20210329,경인선,도원,3329,3327,6656
20210329,경인선,간석,6032,5666,11698
20210329,경인선,부개,8530,8046,16576
20210329,경인선,소사,9622,9080,18702
20210329,경인선,구일,6288,6471,12759
20210329,경인선,인천,3122,2383,5505
20210329,경인선,동인천,13611,12887,26498
20210329,경인선,제물포,10875,10442,21317
20210329,경인선,주안,18922,17014,35936
20210329,경인선,동암,15095,14848,29943
20210329,경인선,백운,7304,7125,14429
20210329,경인선,부평,28988,30635,59623
20210329,경인선,송내,27936,27768,55704
20210329,경인선,부천,32579,32379,64958
20210329,경인선,역곡,28532,28212,56744
20210329,경인선,오류동,12082,11536,23618
20210329,경인선,개봉,21269,21839,43108
20210330,경인선,도화,4301,4020,8321
20210330,경인선,중동,9315,8903,18218
20210330,경인선,온수,7063,6956,14019
20210330,경인선,도원,3414,3383,6797
20210330,경인선,간석,6160,5865,12025
20210330,경인선,부개,8787,8361,17148
20210330,경인선,소사,9699,9281,18980
20210330,경인선,구일,6762,6980,13742
20210330,경인선,인천,3625,2851,6476
20210330,경인선,동인천,13942,13186,27128
20210330,경인선,제물포,11044,10687,21731
20210330,경인선,주안,19055,17485,36540
20210330,경인선,동암,15355,15556,30911
20210330,경인선,백운,7384,7253,14637
20210330,경인선,부평,29313,30722,60035
20210330,경인선,송내,28321,28272,56593
20210330,경인선,부천,33073,32933,66006
20210330,경인선,역곡,29317,28876,58193
20210330,경인선,오류동,12211,11568,23779
20210330,경인선,개봉,21566,22363,43929
20210331,경인선,개봉,21957,22436,44393
20210331,경인선,오류동,12537,11834,24371
20210331,경인선,역곡,29621,29332,58953
20210331,경인선,부천,34016,34144,68160
20210331,경인선,송내,28738,28787,57525
20210331,경인선,부평,30009,31888,61897
20210331,경인선,백운,7469,7438,14907
20210331,경인선,동암,15796,15969,31765
20210331,경인선,주안,19517,17456,36973
20210331,경인선,제물포,11229,10812,22041
20210331,경인선,동인천,14476,13612,28088
20210331,경인선,인천,3875,3055,6930
20210331,경인선,구일,7151,7323,14474
20210331,경인선,소사,9735,9343,19078
20210331,경인선,부개,8743,8304,17047
20210331,경인선,간석,6251,5862,12113
20210331,경인선,도원,3502,3421,6923
20210331,경인선,온수,7135,6967,14102
20210331,경인선,중동,9600,9154,18754
20210331,경인선,도화,4375,4113,8488
20210401,경인선,도화,4261,3966,8227
20210401,경인선,중동,9300,8908,18208
20210401,경인선,온수,7013,6950,13963
20210401,경인선,도원,3361,3441,6802
20210401,경인선,간석,6097,5779,11876
20210401,경인선,부개,8773,8318,17091
20210401,경인선,소사,9647,9026,18673
20210401,경인선,구일,7273,7397,14670
20210401,경인선,인천,3744,2893,6637
20210401,경인선,동인천,14327,13603,27930
20210401,경인선,제물포,10812,10394,21206
20210401,경인선,주안,19221,17366,36587
20210401,경인선,동암,15515,15615,31130
20210401,경인선,백운,7425,7314,14739
20210401,경인선,부평,29786,31553,61339
20210401,경인선,송내,28471,28669,57140
20210401,경인선,부천,32973,33006,65979
20210401,경인선,역곡,29619,29296,58915
20210401,경인선,오류동,12384,11475,23859
20210401,경인선,개봉,21770,22162,43932
20210402,경인선,도화,4437,4154,8591
20210402,경인선,중동,9526,8999,18525
20210402,경인선,온수,7022,6857,13879
20210402,경인선,도원,3296,3459,6755
20210402,경인선,간석,6104,5906,12010
20210402,경인선,부개,8821,8291,17112
20210402,경인선,소사,9755,9359,19114
20210402,경인선,구일,7326,7555,14881
20210402,경인선,인천,3855,2978,6833
20210402,경인선,동인천,14698,13890,28588
20210402,경인선,제물포,11508,10909,22417
20210402,경인선,주안,20376,18283,38659
20210402,경인선,동암,15893,16108,32001
20210402,경인선,백운,7450,7436,14886
20210402,경인선,부평,31581,34472,66053
20210402,경인선,송내,29079,29196,58275
20210402,경인선,부천,34389,35196,69585
20210402,경인선,역곡,29451,28872,58323
20210402,경인선,오류동,12662,11960,24622
20210402,경인선,개봉,22421,22827,45248
20210405,경인선,개봉,21639,22094,43733
20210405,경인선,오류동,12365,11763,24128
20210405,경인선,역곡,27971,27710,55681
20210405,경인선,부천,33022,33066,66088
20210405,경인선,송내,28294,28189,56483
20210405,경인선,부평,29826,31534,61360
20210405,경인선,백운,7381,7428,14809
20210405,경인선,동암,15429,15348,30777
20210405,경인선,주안,19245,17379,36624
20210405,경인선,제물포,11131,10757,21888
20210405,경인선,동인천,13988,13253,27241
20210405,경인선,인천,3374,2565,5939
20210405,경인선,구일,6441,6669,13110
20210405,경인선,소사,9643,9269,18912
20210405,경인선,부개,8695,8172,16867
20210405,경인선,간석,6119,5800,11919
20210405,경인선,도원,3392,3380,6772
20210405,경인선,온수,7196,6936,14132
20210405,경인선,중동,9461,8946,18407
20210405,경인선,도화,4340,4001,8341
20210406,경인선,도화,4394,4146,8540
20210406,경인선,중동,9289,9005,18294
20210406,경인선,온수,7227,7005,14232
20210406,경인선,도원,3318,3435,6753
20210406,경인선,간석,6057,5815,11872
20210406,경인선,부개,8811,8126,16937
20210406,경인선,소사,9750,9359,19109
20210406,경인선,구일,7297,7689,14986
20210406,경인선,인천,3598,2735,6333
20210406,경인선,동인천,13981,13277,27258
20210406,경인선,제물포,10927,10564,21491
20210406,경인선,주안,19036,17294,36330
20210406,경인선,동암,15428,15510,30938
20210406,경인선,백운,7326,7230,14556
20210406,경인선,부평,29526,30930,60456
20210406,경인선,송내,28468,28326,56794
20210406,경인선,부천,32899,32693,65592
20210406,경인선,역곡,29209,29051,58260
20210406,경인선,오류동,12225,11639,23864
20210406,경인선,개봉,22020,22432,44452
20210407,경인선,도화,4404,4074,8478
20210407,경인선,중동,9379,8850,18229
20210407,경인선,온수,7252,7097,14349
20210407,경인선,도원,4001,4140,8141
20210407,경인선,간석,6125,5921,12046
20210407,경인선,부개,8636,8244,16880
20210407,경인선,소사,9738,9334,19072
20210407,경인선,구일,7001,7450,14451
20210407,경인선,인천,3684,2904,6588
20210407,경인선,동인천,14329,13508,27837
20210407,경인선,제물포,11093,10728,21821
20210407,경인선,주안,19429,17513,36942
20210407,경인선,동암,15572,15503,31075
20210407,경인선,백운,7297,7264,14561
20210407,경인선,부평,30028,32035,62063
20210407,경인선,송내,28094,28347,56441
20210407,경인선,부천,33414,33511,66925
20210407,경인선,역곡,29032,28822,57854
20210407,경인선,오류동,12245,11685,23930
20210407,경인선,개봉,21837,22258,44095
20210408,경인선,개봉,21925,22145,44070
20210408,경인선,오류동,12509,11602,24111
20210408,경인선,역곡,28740,28619,57359
20210408,경인선,부천,32762,32777,65539
20210408,경인선,송내,28247,28103,56350
20210408,경인선,부평,29409,31425,60834
20210408,경인선,백운,7191,7119,14310
20210408,경인선,동암,15355,15460,30815
20210408,경인선,주안,19104,17279,36383
20210408,경인선,제물포,10911,10527,21438
20210408,경인선,동인천,14078,13314,27392
20210408,경인선,인천,3663,2775,6438
20210408,경인선,구일,7352,7633,14985
20210408,경인선,소사,9574,9200,18774
20210408,경인선,부개,8640,8126,16766
20210408,경인선,간석,6108,5858,11966
20210408,경인선,도원,3278,3344,6622
20210408,경인선,온수,6999,6859,13858
20210408,경인선,중동,9438,8910,18348
20210408,경인선,도화,4241,3981,8222
20210409,경인선,개봉,22184,22772,44956
20210409,경인선,오류동,12445,11647,24092
20210409,경인선,역곡,29284,28870,58154
20210409,경인선,부천,33979,34879,68858
20210409,경인선,송내,28551,28441,56992
20210409,경인선,부평,31415,34402,65817
20210409,경인선,백운,7493,7366,14859
20210409,경인선,동암,15675,15837,31512
20210409,경인선,주안,19817,17894,37711
20210409,경인선,제물포,11211,10647,21858
20210409,경인선,동인천,14507,13645,28152
20210409,경인선,인천,3726,2897,6623
20210409,경인선,구일,6745,6872,13617
20210409,경인선,소사,9700,9082,18782
20210409,경인선,부개,8771,8215,16986
20210409,경인선,간석,6162,5863,12025
20210409,경인선,도원,3449,3533,6982
20210409,경인선,온수,7154,6933,14087
20210409,경인선,중동,9459,8955,18414
20210409,경인선,도화,4297,3963,8260
20210412,경인선,도화,4001,3719,7720
20210412,경인선,중동,8977,8590,17567
20210412,경인선,온수,6838,6821,13659
20210412,경인선,도원,3052,3062,6114
20210412,경인선,간석,5725,5449,11174
20210412,경인선,부개,8263,7832,16095
20210412,경인선,소사,9149,8787,17936
20210412,경인선,구일,6069,6350,12419
20210412,경인선,인천,2736,1955,4691
20210412,경인선,동인천,12591,11845,24436
20210412,경인선,제물포,10147,9916,20063
20210412,경인선,주안,17900,16389,34289
20210412,경인선,동암,14352,14224,28576
20210412,경인선,백운,6865,6914,13779
20210412,경인선,부평,27503,28429,55932
20210412,경인선,송내,26839,26572,53411
20210412,경인선,부천,31143,30958,62101
20210412,경인선,역곡,27286,27313,54599
20210412,경인선,오류동,11450,11088,22538
20210412,경인선,개봉,20551,21910,42461
20210413,경인선,개봉,21539,22222,43761
20210413,경인선,오류동,12010,11192,23202
20210413,경인선,역곡,28282,28343,56625
20210413,경인선,부천,32546,32331,64877
20210413,경인선,송내,27679,27783,55462
20210413,경인선,부평,28581,30236,58817
20210413,경인선,백운,7157,7240,14397
20210413,경인선,동암,15089,15008,30097
20210413,경인선,주안,18324,16733,35057
20210413,경인선,제물포,10666,10267,20933
20210413,경인선,동인천,13463,12695,26158
20210413,경인선,인천,3199,2431,5630
20210413,경인선,구일,7019,7243,14262
20210413,경인선,소사,9413,9097,18510
20210413,경인선,부개,8473,7963,16436
20210413,경인선,간석,5975,5704,11679
20210413,경인선,도원,3271,3283,6554
20210413,경인선,온수,7040,7003,14043
20210413,경인선,중동,9159,8805,17964
20210413,경인선,도화,4237,3963,8200
20210414,경인선,개봉,21821,22493,44314
20210414,경인선,오류동,12227,9970,22197
20210414,경인선,역곡,28807,28597,57404
20210414,경인선,부천,33113,33365,66478
20210414,경인선,송내,27966,27990,55956
20210414,경인선,부평,29185,31320,60505
20210414,경인선,백운,7225,7097,14322
20210414,경인선,동암,15545,15332,30877
20210414,경인선,주안,18876,17160,36036
20210414,경인선,제물포,10964,10621,21585
20210414,경인선,동인천,14098,13253,27351
20210414,경인선,인천,3328,2563,5891
20210414,경인선,구일,7063,7363,14426
20210414,경인선,소사,9523,9159,18682
20210414,경인선,부개,8660,8120,16780
20210414,경인선,간석,6147,5831,11978
20210414,경인선,도원,3610,3620,7230
20210414,경인선,온수,6974,6758,13732
20210414,경인선,중동,9348,8927,18275
20210414,경인선,도화,4354,4040,8394
20210415,경인선,개봉,21884,22355,44239
20210415,경인선,오류동,12361,11718,24079
20210415,경인선,역곡,28909,28516,57425
20210415,경인선,부천,32741,32903,65644
20210415,경인선,송내,28071,28106,56177
20210415,경인선,부평,29201,31187,60388
20210415,경인선,백운,7300,7171,14471
20210415,경인선,동암,15432,15733,31165
20210415,경인선,주안,18780,16876,35656
20210415,경인선,제물포,10884,10549,21433
20210415,경인선,동인천,13896,13093,26989
20210415,경인선,인천,3509,2756,6265
20210415,경인선,구일,7200,7424,14624
20210415,경인선,소사,9534,9054,18588
20210415,경인선,부개,8657,8145,16802
20210415,경인선,간석,6091,5811,11902
20210415,경인선,도원,3306,3318,6624
20210415,경인선,온수,7082,6848,13930
20210415,경인선,중동,9302,8732,18034
20210415,경인선,도화,4297,3978,8275
20210416,경인선,개봉,21369,21703,43072
20210416,경인선,오류동,11921,11154,23075
20210416,경인선,역곡,27869,27745,55614
20210416,경인선,부천,32689,33502,66191
20210416,경인선,송내,27290,27433,54723
20210416,경인선,부평,29971,32729,62700
20210416,경인선,백운,7041,6979,14020
20210416,경인선,동암,15052,15239,30291
20210416,경인선,주안,18964,17268,36232
20210416,경인선,제물포,10757,10148,20905
20210416,경인선,동인천,13497,12947,26444
20210416,경인선,인천,2994,2294,5288
20210416,경인선,구일,6338,6433,12771
20210416,경인선,소사,9122,8616,17738
20210416,경인선,부개,8411,7807,16218
20210416,경인선,간석,5907,5644,11551
20210416,경인선,도원,3194,3262,6456
20210416,경인선,온수,6761,6493,13254
20210416,경인선,중동,9129,8562,17691
20210416,경인선,도화,4164,3841,8005
20210419,경인선,오류동,12181,11733,23914
20210419,경인선,개봉,21179,21801,42980
20210419,경인선,도화,4260,3941,8201
20210419,경인선,중동,9303,8776,18079
20210419,경인선,온수,6970,6734,13704
20210419,경인선,도원,3309,3314,6623
20210419,경인선,간석,6013,5659,11672
20210419,경인선,부개,8600,8070,16670
20210419,경인선,소사,9444,9027,18471
20210419,경인선,구일,6468,6587,13055
20210419,경인선,인천,3323,2471,5794
20210419,경인선,동인천,13686,12927,26613
20210419,경인선,제물포,10948,10745,21693
20210419,경인선,주안,18801,16999,35800
20210419,경인선,동암,14975,14959,29934
20210419,경인선,백운,7234,7307,14541
20210419,경인선,부평,28981,30348,59329
20210419,경인선,송내,27438,27331,54769
20210419,경인선,부천,32213,32101,64314
20210419,경인선,역곡,27843,27608,55451
20210420,경인선,동인천,13903,13087,26990
20210420,경인선,제물포,11096,10674,21770
20210420,경인선,주안,18963,17356,36319
20210420,경인선,동암,15395,15454,30849
20210420,경인선,백운,7213,7253,14466
20210420,경인선,부평,28923,30554,59477
20210420,경인선,송내,28313,28555,56868
20210420,경인선,부천,32693,32788,65481
20210420,경인선,역곡,28589,28478,57067
20210420,경인선,오류동,12346,11657,24003
20210420,경인선,개봉,21857,22460,44317
20210420,경인선,도화,4295,3979,8274
20210420,경인선,중동,9407,9055,18462
20210420,경인선,온수,6949,6775,13724
20210420,경인선,도원,3418,3446,6864
20210420,경인선,간석,6083,5797,11880
20210420,경인선,부개,8761,8169,16930
20210420,경인선,소사,9742,9241,18983
20210420,경인선,구일,6713,6949,13662
20210420,경인선,인천,3565,2851,6416
20210421,경인선,도화,4409,4140,8549
20210421,경인선,중동,9460,8972,18432
20210421,경인선,온수,7241,6948,14189
20210421,경인선,도원,3423,3451,6874
20210421,경인선,간석,6081,5739,11820
20210421,경인선,부개,8751,8231,16982
20210421,경인선,소사,9581,9207,18788
20210421,경인선,구일,6973,7106,14079
20210421,경인선,인천,3651,2808,6459
20210421,경인선,동인천,14065,13363,27428
20210421,경인선,제물포,11098,10633,21731
20210421,경인선,주안,19254,17717,36971
20210421,경인선,동암,15359,15426,30785
20210421,경인선,백운,7405,7314,14719
20210421,경인선,부평,29298,31274,60572
20210421,경인선,송내,28239,28353,56592
20210421,경인선,부천,33076,33175,66251
20210421,경인선,역곡,28715,28568,57283
20210421,경인선,오류동,12310,11748,24058
20210421,경인선,개봉,21830,22302,44132
20210422,경인선,도화,4218,3950,8168
20210422,경인선,중동,9331,8695,18026
20210422,경인선,온수,7103,6913,14016
20210422,경인선,도원,3202,3281,6483
20210422,경인선,간석,6096,5724,11820
20210422,경인선,부개,8676,8058,16734
20210422,경인선,소사,9474,9099,18573
20210422,경인선,구일,6713,6863,13576
20210422,경인선,인천,3793,2892,6685
20210422,경인선,동인천,13982,13045,27027
20210422,경인선,제물포,10975,10476,21451
20210422,경인선,주안,19388,17538,36926
20210422,경인선,동암,15273,15263,30536
20210422,경인선,백운,7205,7222,14427
20210422,경인선,부평,28883,30922,59805
20210422,경인선,송내,28135,28500,56635
20210422,경인선,부천,32211,32374,64585
20210422,경인선,역곡,28179,27702,55881
20210422,경인선,오류동,12151,11447,23598
20210422,경인선,개봉,21518,22048,43566
20210423,경인선,개봉,22105,22511,44616
20210423,경인선,오류동,12372,11426,23798
20210423,경인선,역곡,28837,28686,57523
20210423,경인선,부천,33628,34303,67931
20210423,경인선,송내,28266,28294,56560
20210423,경인선,부평,31139,34157,65296
20210423,경인선,백운,7328,7213,14541
20210423,경인선,동암,15618,15725,31343
20210423,경인선,주안,19926,18044,37970
20210423,경인선,제물포,11537,10775,22312
20210423,경인선,동인천,14231,13424,27655
20210423,경인선,인천,3468,2687,6155
20210423,경인선,구일,8162,8421,16583
20210423,경인선,소사,9380,8903,18283
20210423,경인선,부개,8769,8236,17005
20210423,경인선,간석,6155,5921,12076
20210423,경인선,도원,3372,3445,6817
20210423,경인선,온수,7306,6927,14233
20210423,경인선,중동,9241,8752,17993
20210423,경인선,도화,4374,4011,8385
20210426,경인선,도화,4291,3938,8229
20210426,경인선,중동,9307,8772,18079
20210426,경인선,온수,7194,7010,14204
20210426,경인선,도원,3292,3386,6678
20210426,경인선,간석,6113,5759,11872
20210426,경인선,부개,8750,8162,16912
20210426,경인선,소사,9617,9332,18949
20210426,경인선,구일,7265,7415,14680
20210426,경인선,인천,3570,2732,6302
20210426,경인선,동인천,13871,13054,26925
20210426,경인선,제물포,11275,10863,22138
20210426,경인선,주안,19072,17241,36313
20210426,경인선,동암,15341,15252,30593
20210426,경인선,백운,7411,7293,14704
20210426,경인선,부평,29322,31091,60413
20210426,경인선,송내,27903,27989,55892
20210426,경인선,부천,33108,32932,66040
20210426,경인선,역곡,28148,27994,56142
20210426,경인선,오류동,12096,11535,23631
20210426,경인선,개봉,21668,22145,43813
20210427,경인선,개봉,21601,22261,43862
20210427,경인선,오류동,12194,11509,23703
20210427,경인선,역곡,28102,27738,55840
20210427,경인선,부천,32631,32634,65265
20210427,경인선,송내,28049,28074,56123
20210427,경인선,부평,28330,30088,58418
20210427,경인선,백운,7227,7318,14545
20210427,경인선,동암,15147,15230,30377
20210427,경인선,주안,18951,17175,36126
20210427,경인선,제물포,10959,10457,21416
20210427,경인선,동인천,13679,13018,26697
20210427,경인선,인천,3714,2840,6554
20210427,경인선,구일,7669,7836,15505
20210427,경인선,소사,9542,9242,18784
20210427,경인선,부개,8635,8154,16789
20210427,경인선,간석,6013,5743,11756
20210427,경인선,도원,3175,3233,6408
20210427,경인선,온수,7101,6936,14037
20210427,경인선,중동,9368,8832,18200
20210427,경인선,도화,4344,4038,8382
20210428,경인선,도화,4356,4093,8449
20210428,경인선,중동,9398,8874,18272
20210428,경인선,온수,7156,7027,14183
20210428,경인선,도원,3287,3314,6601
20210428,경인선,간석,6145,5804,11949
20210428,경인선,부개,8652,7996,16648
20210428,경인선,소사,9526,8982,18508
20210428,경인선,구일,7551,7942,15493
20210428,경인선,인천,3580,2773,6353
20210428,경인선,동인천,14129,13423,27552
20210428,경인선,제물포,11301,10764,22065
20210428,경인선,주안,19101,17289,36390
20210428,경인선,동암,15537,15625,31162
20210428,경인선,백운,7214,7168,14382
20210428,경인선,부평,29607,31812,61419
20210428,경인선,송내,28108,28208,56316
20210428,경인선,부천,32289,32625,64914
20210428,경인선,역곡,28421,28290,56711
20210428,경인선,오류동,12343,11612,23955
20210428,경인선,개봉,21663,22162,43825
20210429,경인선,개봉,21872,22271,44143
20210429,경인선,오류동,12309,11533,23842
20210429,경인선,역곡,28545,28289,56834
20210429,경인선,부천,32937,32999,65936
20210429,경인선,송내,28093,28244,56337
20210429,경인선,부평,29634,31456,61090
20210429,경인선,백운,7208,7171,14379
20210429,경인선,동암,15326,15402,30728
20210429,경인선,주안,19013,17333,36346
20210429,경인선,제물포,11361,10904,22265
20210429,경인선,동인천,14086,13353,27439
20210429,경인선,인천,3651,2782,6433
20210429,경인선,구일,7811,7988,15799
20210429,경인선,소사,9417,9100,18517
20210429,경인선,부개,8619,8054,16673
20210429,경인선,간석,6178,5843,12021
20210429,경인선,도원,3112,3127,6239
20210429,경인선,온수,7244,6996,14240
20210429,경인선,중동,9286,8626,17912
20210429,경인선,도화,4365,4060,8425
20210430,경인선,개봉,22395,22913,45308
20210430,경인선,오류동,12660,11819,24479
20210430,경인선,역곡,28816,28471,57287
20210430,경인선,부천,34397,35212,69609
20210430,경인선,송내,28519,28812,57331
20210430,경인선,부평,32313,35275,67588
20210430,경인선,백운,7371,7254,14625
20210430,경인선,동암,15384,15953,31337
20210430,경인선,주안,20322,18467,38789
20210430,경인선,제물포,11808,11108,22916
20210430,경인선,동인천,14409,13760,28169
20210430,경인선,인천,3753,2799,6552
20210430,경인선,구일,6643,6724,13367
20210430,경인선,소사,9463,9184,18647
20210430,경인선,부개,8762,8129,16891
20210430,경인선,간석,6199,5759,11958
20210430,경인선,도원,3289,3232,6521
20210430,경인선,온수,7355,7056,14411
20210430,경인선,중동,9455,9050,18505
20210430,경인선,도화,4471,4153,8624
20210503,경인선,도화,4338,3957,8295
20210503,경인선,중동,9416,8823,18239
20210503,경인선,온수,7424,7078,14502
20210503,경인선,도원,3115,3188,6303
20210503,경인선,간석,6104,5708,11812
20210503,경인선,부개,8713,8125,16838
20210503,경인선,소사,9739,9217,18956
20210503,경인선,구일,6498,6594,13092
20210503,경인선,인천,3580,2766,6346
20210503,경인선,동인천,13945,13170,27115
20210503,경인선,제물포,11386,10942,22328
20210503,경인선,주안,19434,17698,37132
20210503,경인선,동암,15332,15375,30707
20210503,경인선,백운,7376,7353,14729
20210503,경인선,부평,30373,31820,62193
20210503,경인선,송내,27999,27859,55858
20210503,경인선,부천,33139,32966,66105
20210503,경인선,역곡,28702,28387,57089
20210503,경인선,오류동,12403,11757,24160
20210503,경인선,개봉,21911,22319,44230
20210504,경인선,도화,4056,3786,7842
20210504,경인선,중동,8945,8518,17463
20210504,경인선,온수,7092,6795,13887
20210504,경인선,도원,2887,2856,5743
20210504,경인선,간석,5728,5414,11142
20210504,경인선,부개,8158,7755,15913
20210504,경인선,소사,9008,8731,17739
20210504,경인선,구일,6278,6457,12735
20210504,경인선,인천,2720,2052,4772
20210504,경인선,동인천,13316,12423,25739
20210504,경인선,제물포,10605,10117,20722
20210504,경인선,주안,18502,16863,35365
20210504,경인선,동암,14628,14749,29377
20210504,경인선,백운,6816,6792,13608
20210504,경인선,부평,29056,30927,59983
20210504,경인선,송내,27065,27206,54271
20210504,경인선,부천,31650,31774,63424
20210504,경인선,역곡,27927,27599,55526
20210504,경인선,오류동,11801,11154,22955
20210504,경인선,개봉,21289,21699,42988
20210505,경인선,개봉,13409,13521,26930
20210505,경인선,오류동,7980,7385,15365
20210505,경인선,역곡,16664,16654,33318
20210505,경인선,부천,24657,24633,49290
20210505,경인선,송내,14541,14400,28941
20210505,경인선,부평,25454,26713,52167
20210505,경인선,백운,4580,4538,9118
20210505,경인선,동암,10372,10442,20814
20210505,경인선,주안,13044,11327,24371
20210505,경인선,제물포,6139,5894,12033
20210505,경인선,동인천,10306,10231,20537
20210505,경인선,인천,5955,5018,10973
20210505,경인선,구일,4711,4612,9323
20210505,경인선,소사,6044,5721,11765
20210505,경인선,부개,5332,5016,10348
20210505,경인선,간석,3591,3407,6998
20210505,경인선,도원,1800,1811,3611
20210505,경인선,온수,4198,3831,8029
20210505,경인선,중동,5502,5144,10646
20210505,경인선,도화,2710,2561,5271
20210506,경인선,개봉,21807,22206,44013
20210506,경인선,오류동,12511,11859,24370
20210506,경인선,역곡,29158,28782,57940
20210506,경인선,부천,33585,33774,67359
20210506,경인선,송내,28327,28292,56619
20210506,경인선,부평,30625,32470,63095
20210506,경인선,백운,7365,7276,14641
20210506,경인선,동암,15564,15493,31057
20210506,경인선,주안,19372,17516,36888
20210506,경인선,제물포,10859,10681,21540
20210506,경인선,동인천,14294,13385,27679
20210506,경인선,인천,3949,3070,7019
20210506,경인선,구일,7139,7270,14409
20210506,경인선,소사,9593,9152,18745
20210506,경인선,부개,8673,7988,16661
20210506,경인선,간석,6155,5838,11993
20210506,경인선,도원,3482,3500,6982
20210506,경인선,온수,7286,7049,14335
20210506,경인선,중동,9575,8962,18537
20210506,경인선,도화,4444,4120,8564
20210507,경인선,개봉,21907,22693,44600
20210507,경인선,오류동,12126,11477,23603
20210507,경인선,역곡,28703,28566,57269
20210507,경인선,부천,33337,34346,67683
20210507,경인선,송내,27797,28039,55836
20210507,경인선,부평,31672,34486,66158
20210507,경인선,백운,7215,7146,14361
20210507,경인선,동암,15245,15637,30882
20210507,경인선,주안,19920,17899,37819
20210507,경인선,제물포,10974,10554,21528
20210507,경인선,동인천,13916,13393,27309
20210507,경인선,인천,3151,2411,5562
20210507,경인선,구일,6371,6325,12696
20210507,경인선,소사,9362,8993,18355
20210507,경인선,부개,8523,8006,16529
20210507,경인선,간석,5941,5766,11707
20210507,경인선,도원,3398,3500,6898
20210507,경인선,온수,7054,6770,13824
20210507,경인선,중동,9265,8915,18180
20210507,경인선,도화,4374,4033,8407
20210510,경인선,개봉,21100,21561,42661
20210510,경인선,오류동,12050,11456,23506
20210510,경인선,역곡,27929,27984,55913
20210510,경인선,부천,31634,31463,63097
20210510,경인선,송내,27070,26993,54063
20210510,경인선,부평,28137,29704,57841
20210510,경인선,백운,7030,6939,13969
20210510,경인선,동암,14897,14644,29541
20210510,경인선,주안,18292,16689,34981
20210510,경인선,제물포,10699,10336,21035
20210510,경인선,동인천,13099,12305,25404
20210510,경인선,인천,2832,2062,4894
20210510,경인선,구일,6311,6467,12778
20210510,경인선,소사,9351,8883,18234
20210510,경인선,부개,8471,7779,16250
20210510,경인선,간석,5813,5516,11329
20210510,경인선,도원,3296,3331,6627
20210510,경인선,온수,6893,6781,13674
20210510,경인선,중동,9200,8670,17870
20210510,경인선,도화,4228,3886,8114
20210511,경인선,도원,3975,4068,8043
20210511,경인선,개봉,22317,22647,44964
20210511,경인선,오류동,12625,11947,24572
20210511,경인선,역곡,29426,29302,58728
20210511,경인선,부천,33483,33515,66998
20210511,경인선,송내,28601,28535,57136
20210511,경인선,부평,29836,31421,61257
20210511,경인선,백운,7541,7491,15032
20210511,경인선,동암,15715,15698,31413
20210511,경인선,주안,19579,17749,37328
20210511,경인선,제물포,11093,10759,21852
20210511,경인선,동인천,14359,13433,27792
20210511,경인선,인천,3794,2929,6723
20210511,경인선,구일,6706,6802,13508
20210511,경인선,소사,9676,9460,19136
20210511,경인선,부개,8763,8289,17052
20210511,경인선,간석,6202,5914,12116
20210511,경인선,온수,7435,7261,14696
20210511,경인선,중동,9629,9117,18746
20210511,경인선,도화,4531,4161,8692
20210512,경인선,동암,16048,16100,32148
20210512,경인선,백운,7445,7455,14900
20210512,경인선,부평,30470,32382,62852
20210512,경인선,송내,28779,28677,57456
20210512,경인선,부천,33917,33926,67843
20210512,경인선,역곡,29206,28989,58195
20210512,경인선,오류동,12781,11981,24762
20210512,경인선,개봉,22153,22591,44744
20210512,경인선,도화,4540,4232,8772
20210512,경인선,중동,9506,9036,18542
20210512,경인선,온수,7475,7066,14541
20210512,경인선,도원,3591,3615,7206
20210512,경인선,간석,6192,5847,12039
20210512,경인선,부개,8773,8253,17026
20210512,경인선,소사,9790,9447,19237
20210512,경인선,구일,6694,6872,13566
20210512,경인선,인천,3689,2866,6555
20210512,경인선,동인천,14732,14020,28752
20210512,경인선,제물포,11317,10964,22281
20210512,경인선,주안,19807,18112,37919
20210513,경인선,개봉,22204,22380,44584
20210513,경인선,오류동,12618,11778,24396
20210513,경인선,역곡,27995,27732,55727
20210513,경인선,부천,32986,33086,66072
20210513,경인선,송내,28175,28376,56551
20210513,경인선,부평,30215,32055,62270
20210513,경인선,백운,7531,7344,14875
20210513,경인선,동암,15566,15509,31075
20210513,경인선,주안,19442,17579,37021
20210513,경인선,제물포,11214,10787,22001
20210513,경인선,동인천,14631,13676,28307
20210513,경인선,인천,3927,2968,6895
20210513,경인선,구일,6704,6931,13635
20210513,경인선,소사,9441,9340,18781
20210513,경인선,부개,8835,8258,17093
20210513,경인선,간석,6111,5845,11956
20210513,경인선,도원,3313,3530,6843
20210513,경인선,온수,7184,7017,14201
20210513,경인선,중동,9633,9114,18747
20210513,경인선,도화,4439,4164,8603
20210514,경인선,개봉,22586,22877,45463
20210514,경인선,오류동,12605,11689,24294
20210514,경인선,역곡,28652,28487,57139
20210514,경인선,부천,34251,35010,69261
20210514,경인선,송내,28784,28652,57436
20210514,경인선,부평,32303,35312,67615
20210514,경인선,백운,7480,7320,14800
20210514,경인선,동암,15800,16175,31975
20210514,경인선,주안,20493,18518,39011
20210514,경인선,제물포,11745,11136,22881
20210514,경인선,동인천,14885,14127,29012
20210514,경인선,인천,4003,3130,7133
20210514,경인선,구일,7552,7852,15404
20210514,경인선,소사,9675,9128,18803
20210514,경인선,부개,8879,8264,17143
20210514,경인선,간석,6362,5989,12351
20210514,경인선,도원,3727,3604,7331
20210514,경인선,온수,7379,7061,14440
20210514,경인선,중동,9578,9000,18578
20210514,경인선,도화,4593,4164,8757
20210517,경인선,도화,4248,3841,8089
20210517,경인선,중동,9123,8573,17696
20210517,경인선,온수,7006,6760,13766
20210517,경인선,도원,3379,3414,6793
20210517,경인선,간석,5947,5549,11496
20210517,경인선,부개,8472,7828,16300
20210517,경인선,소사,9222,8714,17936
20210517,경인선,구일,6183,6301,12484
20210517,경인선,인천,2887,2078,4965
20210517,경인선,동인천,13211,12548,25759
20210517,경인선,제물포,10774,10383,21157
20210517,경인선,주안,18559,16866,35425
20210517,경인선,동암,14638,14688,29326
20210517,경인선,백운,6982,6938,13920
20210517,경인선,부평,28778,30286,59064
20210517,경인선,송내,26938,26858,53796
20210517,경인선,부천,31980,31803,63783
20210517,경인선,역곡,26716,26543,53259
20210517,경인선,오류동,11787,11186,22973
20210517,경인선,개봉,20872,21127,41999
20210518,경인선,개봉,22556,22780,45336
20210518,경인선,오류동,12700,11900,24600
20210518,경인선,역곡,29223,28623,57846
20210518,경인선,부천,34329,34697,69026
20210518,경인선,송내,29193,29116,58309
20210518,경인선,부평,31659,33770,65429
20210518,경인선,백운,7646,7444,15090
20210518,경인선,동암,16135,16030,32165
20210518,경인선,주안,20328,18828,39156
20210518,경인선,제물포,11745,11000,22745
20210518,경인선,동인천,14538,13812,28350
20210518,경인선,인천,3835,3160,6995
20210518,경인선,구일,6753,6817,13570
20210518,경인선,소사,9825,9426,19251
20210518,경인선,부개,9048,8390,17438
20210518,경인선,간석,6432,6065,12497
20210518,경인선,도원,3519,3528,7047
20210518,경인선,온수,7549,7223,14772
20210518,경인선,중동,9757,9031,18788
20210518,경인선,도화,4643,4238,8881
20210519,경인선,도화,3027,2769,5796
20210519,경인선,중동,5855,5465,11320
20210519,경인선,온수,4666,4386,9052
20210519,경인선,도원,2057,2177,4234
20210519,경인선,간석,3895,3652,7547
20210519,경인선,부개,5662,5417,11079
20210519,경인선,소사,6692,6372,13064
20210519,경인선,구일,4192,4003,8195
20210519,경인선,인천,5691,4789,10480
20210519,경인선,동인천,11008,10734,21742
20210519,경인선,제물포,6514,6284,12798
20210519,경인선,주안,14563,12749,27312
20210519,경인선,동암,11199,11270,22469
20210519,경인선,백운,5014,4954,9968
20210519,경인선,부평,26024,26987,53011
20210519,경인선,송내,15790,15719,31509
20210519,경인선,부천,25261,25501,50762
20210519,경인선,역곡,17626,17568,35194
20210519,경인선,오류동,8400,7878,16278
20210519,경인선,개봉,14507,14402,28909
20210520,경인선,도화,4321,3956,8277
20210520,경인선,중동,9181,8865,18046
20210520,경인선,온수,7086,6845,13931
20210520,경인선,도원,3405,3492,6897
20210520,경인선,간석,5964,5746,11710
20210520,경인선,부개,8547,8060,16607
20210520,경인선,소사,9224,9111,18335
20210520,경인선,구일,6136,6345,12481
20210520,경인선,인천,3185,2187,5372
20210520,경인선,동인천,13413,12816,26229
20210520,경인선,제물포,10756,10457,21213
20210520,경인선,주안,18953,17108,36061
20210520,경인선,동암,15058,15025,30083
20210520,경인선,백운,7178,7331,14509
20210520,경인선,부평,29162,30163,59325
20210520,경인선,송내,27657,27788,55445
20210520,경인선,부천,32173,32096,64269
20210520,경인선,역곡,28285,27924,56209
20210520,경인선,오류동,12107,11446,23553
20210520,경인선,개봉,21209,21800,43009
20210521,경인선,도화,4323,4056,8379
20210521,경인선,중동,9374,8713,18087
20210521,경인선,온수,7235,6965,14200
20210521,경인선,도원,3463,3508,6971
20210521,경인선,간석,6201,5871,12072
20210521,경인선,부개,8801,8111,16912
20210521,경인선,소사,9433,9084,18517
20210521,경인선,구일,7182,7250,14432
20210521,경인선,인천,3313,2421,5734
20210521,경인선,동인천,14190,13407,27597
20210521,경인선,제물포,11434,10702,22136
20210521,경인선,주안,19638,17928,37566
20210521,경인선,동암,15466,15766,31232
20210521,경인선,백운,7358,7295,14653
20210521,경인선,부평,31123,33978,65101
20210521,경인선,송내,28096,28327,56423
20210521,경인선,부천,33304,33977,67281
20210521,경인선,역곡,28469,28123,56592
20210521,경인선,오류동,12307,11528,23835
20210521,경인선,개봉,22063,22098,44161
20210524,경인선,개봉,21798,22274,44072
20210524,경인선,오류동,12356,11748,24104
20210524,경인선,역곡,28519,28184,56703
20210524,경인선,부천,32674,32612,65286
20210524,경인선,송내,28134,27890,56024
20210524,경인선,부평,29389,30606,59995
20210524,경인선,백운,7238,7216,14454
20210524,경인선,동암,14936,14903,29839
20210524,경인선,주안,18810,17171,35981
20210524,경인선,제물포,11053,10722,21775
20210524,경인선,동인천,13703,13022,26725
20210524,경인선,인천,3568,2643,6211
20210524,경인선,구일,6567,6731,13298
20210524,경인선,소사,9566,9313,18879
20210524,경인선,부개,8729,8038,16767
20210524,경인선,간석,6158,5772,11930
20210524,경인선,도원,3524,3500,7024
20210524,경인선,온수,7155,6909,14064
20210524,경인선,중동,9446,8941,18387
20210524,경인선,도화,4457,4016,8473
20210525,경인선,개봉,21930,22100,44030
20210525,경인선,오류동,12405,11646,24051
20210525,경인선,역곡,28371,28249,56620
20210525,경인선,부천,32590,32505,65095
20210525,경인선,송내,27888,27940,55828
20210525,경인선,부평,28973,30442,59415
20210525,경인선,백운,7056,6984,14040
20210525,경인선,동암,15206,15173,30379
20210525,경인선,주안,19117,17360,36477
20210525,경인선,제물포,10908,10554,21462
20210525,경인선,동인천,13620,12931,26551
20210525,경인선,인천,3393,2606,5999
20210525,경인선,구일,6666,6601,13267
20210525,경인선,소사,9450,9093,18543
20210525,경인선,부개,8657,8047,16704
20210525,경인선,간석,5957,5726,11683
20210525,경인선,도원,3390,3409,6799
20210525,경인선,온수,7298,6937,14235
20210525,경인선,중동,9317,8892,18209
20210525,경인선,도화,4281,4026,8307
20210526,경인선,개봉,22180,22634,44814
20210526,경인선,오류동,12519,11828,24347
20210526,경인선,역곡,28967,28729,57696
20210526,경인선,부천,33377,33415,66792
20210526,경인선,송내,28435,28333,56768
20210526,경인선,부평,29793,31745,61538
20210526,경인선,백운,7317,7279,14596
20210526,경인선,동암,15600,15717,31317
20210526,경인선,주안,19267,17415,36682
20210526,경인선,제물포,11364,10853,22217
20210526,경인선,동인천,14417,13564,27981
20210526,경인선,인천,3788,3005,6793
20210526,경인선,구일,6718,6789,13507
20210526,경인선,소사,9745,9575,19320
20210526,경인선,부개,8747,8269,17016
20210526,경인선,간석,6097,5835,11932
20210526,경인선,도원,3643,3697,7340
20210526,경인선,온수,7411,7121,14532
20210526,경인선,중동,9532,9168,18700
20210526,경인선,도화,4458,4164,8622
20210527,경인선,개봉,21132,21371,42503
20210527,경인선,오류동,12267,11467,23734
20210527,경인선,역곡,27668,27430,55098
20210527,경인선,부천,31034,31167,62201
20210527,경인선,송내,27201,27474,54675
20210527,경인선,부평,28170,29945,58115
20210527,경인선,백운,6926,6832,13758
20210527,경인선,동암,14679,14798,29477
20210527,경인선,주안,18418,16795,35213
20210527,경인선,제물포,10734,10332,21066
20210527,경인선,동인천,13388,12478,25866
20210527,경인선,인천,3089,2313,5402
20210527,경인선,구일,6435,6444,12879
20210527,경인선,소사,9097,8706,17803
20210527,경인선,부개,8413,7816,16229
20210527,경인선,간석,5831,5622,11453
20210527,경인선,도원,3112,3110,6222
20210527,경인선,온수,6949,6745,13694
20210527,경인선,중동,9019,8504,17523
20210527,경인선,도화,4157,3896,8053
20210528,경인선,도화,4414,4115,8529
20210528,경인선,중동,9182,8566,17748
20210528,경인선,온수,7024,6671,13695
20210528,경인선,도원,3127,3183,6310
20210528,경인선,간석,5941,5621,11562
20210528,경인선,부개,8498,7840,16338
20210528,경인선,소사,8988,8642,17630
20210528,경인선,구일,6508,6545,13053
20210528,경인선,인천,3071,2333,5404
20210528,경인선,동인천,13762,13119,26881
20210528,경인선,제물포,10996,10528,21524
20210528,경인선,주안,19041,17164,36205
20210528,경인선,동암,15114,15225,30339
20210528,경인선,백운,7120,6864,13984
20210528,경인선,부평,30044,32838,62882
20210528,경인선,송내,27467,27679,55146
20210528,경인선,부천,32346,32829,65175
20210528,경인선,역곡,27697,27566,55263
20210528,경인선,오류동,12197,11363,23560
20210528,경인선,개봉,21618,21734,43352
20210531,경인선,도화,4255,3983,8238
20210531,경인선,중동,9384,8862,18246
20210531,경인선,온수,7052,6827,13879
20210531,경인선,도원,3416,3471,6887
20210531,경인선,간석,5931,5651,11582
20210531,경인선,부개,8560,7944,16504
20210531,경인선,소사,9225,9116,18341
20210531,경인선,구일,6414,6538,12952
20210531,경인선,인천,3114,2374,5488
20210531,경인선,동인천,13458,12793,26251
20210531,경인선,제물포,10981,10625,21606
20210531,경인선,주안,18577,16777,35354
20210531,경인선,동암,14980,15075,30055
20210531,경인선,백운,7231,7071,14302
20210531,경인선,부평,28431,30245,58676
20210531,경인선,송내,27446,27153,54599
20210531,경인선,부천,31931,31646,63577
20210531,경인선,역곡,27690,27368,55058
20210531,경인선,오류동,12227,11585,23812
20210531,경인선,개봉,21277,21720,42997
20210601,경인선,개봉,21460,21796,43256
20210601,경인선,오류동,12154,11428,23582
20210601,경인선,역곡,28225,27869,56094
20210601,경인선,부천,32174,32164,64338
20210601,경인선,송내,27726,27762,55488
20210601,경인선,부평,28190,29847,58037
20210601,경인선,백운,7142,7013,14155
20210601,경인선,동암,15066,15174,30240
20210601,경인선,주안,18421,16693,35114
20210601,경인선,제물포,10749,10263,21012
20210601,경인선,동인천,13669,12859,26528
20210601,경인선,인천,3506,2628,6134
20210601,경인선,구일,6933,7072,14005
20210601,경인선,소사,9041,9000,18041
20210601,경인선,부개,8556,8076,16632
20210601,경인선,간석,6039,5781,11820
20210601,경인선,도원,3320,3438,6758
20210601,경인선,온수,7061,6844,13905
20210601,경인선,중동,9315,8821,18136
20210601,경인선,도화,4281,4004,8285
20210602,경인선,개봉,21564,21993,43557
20210602,경인선,오류동,12229,11490,23719
20210602,경인선,역곡,28411,28020,56431
20210602,경인선,부천,32427,32632,65059
20210602,경인선,송내,28012,27972,55984
20210602,경인선,부평,28884,30776,59660
20210602,경인선,백운,7318,7195,14513
20210602,경인선,동암,15298,15321,30619
20210602,경인선,주안,18851,17050,35901
20210602,경인선,제물포,10886,10507,21393
20210602,경인선,동인천,14217,13506,27723
20210602,경인선,인천,3654,2767,6421
20210602,경인선,구일,7073,7295,14368
20210602,경인선,소사,9180,9052,18232
20210602,경인선,부개,8768,8143,16911
20210602,경인선,간석,6114,5811,11925
20210602,경인선,도원,3394,3451,6845
20210602,경인선,온수,7186,6979,14165
20210602,경인선,중동,9398,8910,18308
20210602,경인선,도화,4388,4101,8489
20210603,경인선,개봉,20669,21612,42281
20210603,경인선,오류동,11752,11055,22807
20210603,경인선,역곡,27191,26850,54041
20210603,경인선,부천,30368,30394,60762
20210603,경인선,송내,26540,26752,53292
20210603,경인선,부평,27098,28225,55323
20210603,경인선,백운,6804,6720,13524
20210603,경인선,동암,14314,14321,28635
20210603,경인선,주안,17897,16232,34129
20210603,경인선,제물포,10077,9912,19989
20210603,경인선,동인천,12908,12173,25081
20210603,경인선,인천,2818,2102,4920
20210603,경인선,구일,6662,6904,13566
20210603,경인선,소사,8766,8600,17366
20210603,경인선,부개,8185,7756,15941
20210603,경인선,간석,5783,5575,11358
20210603,경인선,도원,3143,3246,6389
20210603,경인선,온수,6746,6666,13412
20210603,경인선,중동,8980,8526,17506
20210603,경인선,도화,4066,3841,7907
20210604,경인선,개봉,22316,21784,44100
20210604,경인선,오류동,12522,11344,23866
20210604,경인선,역곡,28998,28178,57176
20210604,경인선,부천,33998,34254,68252
20210604,경인선,송내,28443,28117,56560
20210604,경인선,부평,31378,34050,65428
20210604,경인선,백운,7304,7029,14333
20210604,경인선,동암,15754,15838,31592
20210604,경인선,주안,19594,17707,37301
20210604,경인선,제물포,11293,10776,22069
20210604,경인선,동인천,14594,13839,28433
20210604,경인선,인천,3676,2884,6560
20210604,경인선,구일,7531,7436,14967
20210604,경인선,소사,9281,9152,18433
20210604,경인선,부개,8866,8079,16945
20210604,경인선,간석,6170,5793,11963
20210604,경인선,도원,3203,3438,6641
20210604,경인선,온수,7255,6820,14075
20210604,경인선,중동,9602,8823,18425
20210604,경인선,도화,4431,4087,8518
20210607,경인선,도화,4272,3948,8220
20210607,경인선,중동,9241,8732,17973
20210607,경인선,온수,7102,6764,13866
20210607,경인선,도원,3194,3158,6352
20210607,경인선,간석,6018,5649,11667
20210607,경인선,부개,8635,7921,16556
20210607,경인선,소사,9288,9133,18421
20210607,경인선,구일,6353,6422,12775
20210607,경인선,인천,3209,2414,5623
20210607,경인선,동인천,13582,12742,26324
20210607,경인선,제물포,10769,10284,21053
20210607,경인선,주안,18951,17235,36186
20210607,경인선,동암,14853,14752,29605
20210607,경인선,백운,7173,7207,14380
20210607,경인선,부평,28547,30032,58579
20210607,경인선,송내,27175,27430,54605
20210607,경인선,부천,31979,31817,63796
20210607,경인선,역곡,27431,27200,54631
20210607,경인선,오류동,12194,11499,23693
20210607,경인선,개봉,21098,21583,42681
20210608,경인선,개봉,21639,22021,43660
20210608,경인선,오류동,12239,11447,23686
20210608,경인선,역곡,28081,27901,55982
20210608,경인선,부천,31673,31678,63351
20210608,경인선,송내,27704,27793,55497
20210608,경인선,부평,28204,29791,57995
20210608,경인선,백운,7421,7297,14718
20210608,경인선,동암,15021,15029,30050
20210608,경인선,주안,19127,17356,36483
20210608,경인선,제물포,10911,10568,21479
20210608,경인선,동인천,14164,13371,27535
20210608,경인선,인천,3466,2686,6152
20210608,경인선,구일,6439,6561,13000
20210608,경인선,소사,9067,8928,17995
20210608,경인선,부개,8605,8047,16652
20210608,경인선,간석,5931,5779,11710
20210608,경인선,도원,3416,3434,6850
20210608,경인선,온수,7183,6763,13946
20210608,경인선,중동,9262,8848,18110
20210608,경인선,도화,4331,4083,8414
20210609,경인선,개봉,21356,21798,43154
20210609,경인선,오류동,12260,11503,23763
20210609,경인선,역곡,28070,27827,55897
20210609,경인선,부천,32052,32321,64373
20210609,경인선,송내,27526,27719,55245
20210609,경인선,부평,28800,30469,59269
20210609,경인선,백운,7117,7065,14182
20210609,경인선,동암,15090,15096,30186
20210609,경인선,주안,18999,17470,36469
20210609,경인선,제물포,11017,10589,21606
20210609,경인선,동인천,13943,13081,27024
20210609,경인선,인천,3545,2636,6181
20210609,경인선,구일,6406,6591,12997
20210609,경인선,소사,8919,8644,17563
20210609,경인선,부개,8787,8129,16916
20210609,경인선,간석,6033,5735,11768
20210609,경인선,도원,3303,3307,6610
20210609,경인선,온수,7041,6869,13910
20210609,경인선,중동,9371,8814,18185
20210609,경인선,도화,4311,4027,8338
20210610,경인선,도화,4210,3952,8162
20210610,경인선,중동,9298,8781,18079
20210610,경인선,온수,7045,6991,14036
20210610,경인선,도원,3277,3309,6586
20210610,경인선,간석,6012,5774,11786
20210610,경인선,부개,8747,8128,16875
20210610,경인선,소사,8948,8786,17734
20210610,경인선,구일,6299,6409,12708
20210610,경인선,인천,3479,2574,6053
20210610,경인선,동인천,13626,12984,26610
20210610,경인선,제물포,11167,10753,21920
20210610,경인선,주안,19348,17487,36835
20210610,경인선,동암,14959,15104,30063
20210610,경인선,백운,7243,7128,14371
20210610,경인선,부평,28950,30590,59540
20210610,경인선,송내,27476,27758,55234
20210610,경인선,부천,32159,32418,64577
20210610,경인선,역곡,27730,27270,55000
20210610,경인선,오류동,12095,11432,23527
20210610,경인선,개봉,21356,21974,43330
20210611,경인선,도화,4138,3825,7963
20210611,경인선,중동,9263,8668,17931
20210611,경인선,온수,7048,6615,13663
20210611,경인선,도원,3295,3368,6663
20210611,경인선,간석,6072,5798,11870
20210611,경인선,부개,8522,7918,16440
20210611,경인선,소사,8660,8460,17120
20210611,경인선,구일,6311,6324,12635
20210611,경인선,인천,3290,2588,5878
20210611,경인선,동인천,13891,13241,27132
20210611,경인선,제물포,11273,10714,21987
20210611,경인선,주안,19310,17494,36804
20210611,경인선,동암,15158,15240,30398
20210611,경인선,백운,7159,6954,14113
20210611,경인선,부평,30567,33301,63868
20210611,경인선,송내,27285,27400,54685
20210611,경인선,부천,32765,33566,66331
20210611,경인선,역곡,27743,27374,55117
20210611,경인선,오류동,11943,11127,23070
20210611,경인선,개봉,21435,21621,43056
20210614,경인선,도화,4256,3942,8198
20210614,경인선,중동,9449,8805,18254
20210614,경인선,온수,7122,6823,13945
20210614,경인선,도원,3518,3597,7115
20210614,경인선,간석,6007,5724,11731
20210614,경인선,부개,8701,8038,16739
20210614,경인선,소사,9134,8766,17900
20210614,경인선,구일,6313,6405,12718
20210614,경인선,인천,3247,2486,5733
20210614,경인선,동인천,13711,12878,26589
20210614,경인선,제물포,11403,11050,22453
20210614,경인선,주안,18747,16936,35683
20210614,경인선,동암,15123,14937,30060
20210614,경인선,백운,7350,7198,14548
20210614,경인선,부평,29105,30720,59825
20210614,경인선,송내,27156,27403,54559
20210614,경인선,부천,32734,32611,65345
20210614,경인선,역곡,27428,27122,54550
20210614,경인선,오류동,12070,11438,23508
20210614,경인선,개봉,21284,21647,42931
20210615,경인선,도화,4177,3927,8104
20210615,경인선,중동,9182,8795,17977
20210615,경인선,온수,7131,6731,13862
20210615,경인선,도원,3385,3475,6860
20210615,경인선,간석,5821,5639,11460
20210615,경인선,부개,8448,7962,16410
20210615,경인선,소사,8959,8756,17715
20210615,경인선,구일,6719,6896,13615
20210615,경인선,인천,3204,2294,5498
20210615,경인선,동인천,13591,12981,26572
20210615,경인선,제물포,11367,10812,22179
20210615,경인선,주안,18050,16515,34565
20210615,경인선,동암,15070,14993,30063
20210615,경인선,백운,7159,7041,14200
20210615,경인선,부평,28303,29894,58197
20210615,경인선,송내,27314,27607,54921
20210615,경인선,부천,31830,31879,63709
20210615,경인선,역곡,27596,27278,54874
20210615,경인선,오류동,11841,11100,22941
20210615,경인선,개봉,21236,21328,42564
20210616,경인선,개봉,21648,22032,43680
20210616,경인선,오류동,12301,11604,23905
20210616,경인선,역곡,28590,28217,56807
20210616,경인선,부천,33132,33342,66474
20210616,경인선,송내,27801,27908,55709
20210616,경인선,부평,29787,31995,61782
20210616,경인선,백운,7345,7326,14671
20210616,경인선,동암,15359,15243,30602
20210616,경인선,주안,19038,17472,36510
20210616,경인선,제물포,11522,11113,22635
20210616,경인선,동인천,14247,13445,27692
20210616,경인선,인천,3711,2838,6549
20210616,경인선,구일,7449,7610,15059
20210616,경인선,소사,9155,8883,18038
20210616,경인선,부개,8825,8300,17125
20210616,경인선,간석,6143,5818,11961
20210616,경인선,도원,3501,3579,7080
20210616,경인선,온수,7228,6934,14162
20210616,경인선,중동,9370,8932,18302
20210616,경인선,도화,4410,4173,8583
20210617,경인선,도화,4370,4153,8523
20210617,경인선,중동,9372,8868,18240
20210617,경인선,온수,7223,6955,14178
20210617,경인선,도원,3494,3577,7071
20210617,경인선,간석,6007,5779,11786
20210617,경인선,부개,8731,8121,16852
20210617,경인선,소사,8943,8838,17781
20210617,경인선,구일,7464,7649,15113
20210617,경인선,인천,3519,2644,6163
20210617,경인선,동인천,14026,13256,27282
20210617,경인선,제물포,10792,10249,21041
20210617,경인선,주안,18833,17136,35969
20210617,경인선,동암,15194,15278,30472
20210617,경인선,백운,7359,7334,14693
20210617,경인선,부평,29560,31484,61044
20210617,경인선,송내,27701,27893,55594
20210617,경인선,부천,32638,32622,65260
20210617,경인선,역곡,28087,27901,55988
20210617,경인선,오류동,12338,11637,23975
20210617,경인선,개봉,21710,22086,43796
20210618,경인선,개봉,21733,21526,43259
20210618,경인선,오류동,12292,11161,23453
20210618,경인선,역곡,27570,27498,55068
20210618,경인선,부천,32727,33616,66343
20210618,경인선,송내,27335,27406,54741
20210618,경인선,부평,30531,33507,64038
20210618,경인선,백운,7134,6935,14069
20210618,경인선,동암,15211,15389,30600
20210618,경인선,주안,19181,17296,36477
20210618,경인선,제물포,11379,10741,22120
20210618,경인선,동인천,13943,13419,27362
20210618,경인선,인천,3285,2394,5679
20210618,경인선,구일,6735,6603,13338
20210618,경인선,소사,8696,8408,17104
20210618,경인선,부개,8561,7813,16374
20210618,경인선,간석,6014,5696,11710
20210618,경인선,도원,3506,3450,6956
20210618,경인선,온수,7294,6865,14159
20210618,경인선,중동,9314,8715,18029
20210618,경인선,도화,4239,3935,8174
20210621,경인선,주안,18939,17033,35972
20210621,경인선,제물포,11445,10941,22386
20210621,경인선,동인천,14212,13447,27659
20210621,경인선,인천,3556,2754,6310
20210621,경인선,구일,7281,7393,14674
20210621,경인선,소사,9176,8948,18124
20210621,경인선,부개,8737,8263,17000
20210621,경인선,간석,6093,5799,11892
20210621,경인선,도원,3442,3487,6929
20210621,경인선,온수,7247,6809,14056
20210621,경인선,중동,9477,8999,18476
20210621,경인선,도화,4445,4084,8529
20210621,경인선,동암,15350,15284,30634
20210621,경인선,백운,7263,7217,14480
20210621,경인선,부평,30222,31889,62111
20210621,경인선,송내,27886,27827,55713
20210621,경인선,부천,32437,32302,64739
20210621,경인선,역곡,27751,27331,55082
20210621,경인선,오류동,12190,11631,23821
20210621,경인선,개봉,21843,22159,44002
20210622,경인선,개봉,21882,21987,43869
20210622,경인선,오류동,12291,11464,23755
20210622,경인선,역곡,27346,27079,54425
20210622,경인선,부천,32032,31963,63995
20210622,경인선,송내,27855,27739,55594
20210622,경인선,부평,29415,30962,60377
20210622,경인선,백운,7434,7239,14673
20210622,경인선,동암,15379,15312,30691
20210622,경인선,주안,18868,17065,35933
20210622,경인선,제물포,10679,10341,21020
20210622,경인선,동인천,14363,13581,27944
20210622,경인선,인천,3678,2880,6558
20210622,경인선,구일,7087,7056,14143
20210622,경인선,소사,8849,8730,17579
20210622,경인선,부개,8723,8221,16944
20210622,경인선,간석,6192,5966,12158
20210622,경인선,도원,3620,3637,7257
20210622,경인선,온수,7154,6949,14103
20210622,경인선,중동,9529,8998,18527
20210622,경인선,도화,4408,4114,8522
20210623,경인선,개봉,21778,22107,43885
20210623,경인선,오류동,12307,11662,23969
20210623,경인선,역곡,27393,27104,54497
20210623,경인선,부천,32241,32391,64632
20210623,경인선,송내,27902,28062,55964
20210623,경인선,부평,30004,31666,61670
20210623,경인선,백운,7197,7181,14378
20210623,경인선,동암,15204,15441,30645
20210623,경인선,주안,18971,17271,36242
20210623,경인선,제물포,10845,10354,21199
20210623,경인선,동인천,14369,13616,27985
20210623,경인선,인천,3766,2830,6596
20210623,경인선,구일,7267,7460,14727
20210623,경인선,소사,8836,8774,17610
20210623,경인선,부개,8796,8227,17023
20210623,경인선,간석,6191,5839,12030
20210623,경인선,도원,3624,3635,7259
20210623,경인선,온수,7130,6806,13936
20210623,경인선,중동,9394,8828,18222
20210623,경인선,도화,4341,4011,8352
20210624,경인선,개봉,22018,22218,44236
20210624,경인선,오류동,12758,11772,24530
20210624,경인선,역곡,27331,27117,54448
20210624,경인선,부천,32556,32611,65167
20210624,경인선,송내,28023,27924,55947
20210624,경인선,부평,30112,31863,61975
20210624,경인선,백운,7343,7203,14546
20210624,경인선,동암,15421,15449,30870
20210624,경인선,주안,18929,17018,35947
20210624,경인선,제물포,10706,10407,21113
20210624,경인선,동인천,14096,13284,27380
20210624,경인선,인천,3745,2841,6586
20210624,경인선,구일,7299,7237,14536
20210624,경인선,소사,8943,8869,17812
20210624,경인선,부개,8681,8165,16846
20210624,경인선,간석,6253,5858,12111
20210624,경인선,도원,3543,3553,7096
20210624,경인선,온수,7358,6920,14278
20210624,경인선,중동,9484,8970,18454
20210624,경인선,도화,4365,4058,8423
20210625,경인선,도화,4548,4189,8737
20210625,경인선,중동,9594,9003,18597
20210625,경인선,온수,7336,6869,14205
20210625,경인선,도원,3607,3543,7150
20210625,경인선,간석,6469,6058,12527
20210625,경인선,부개,8906,8204,17110
20210625,경인선,소사,9133,8797,17930
20210625,경인선,구일,8073,8223,16296
20210625,경인선,인천,4015,3130,7145
20210625,경인선,동인천,15005,14299,29304
20210625,경인선,제물포,11324,10684,22008
20210625,경인선,주안,19693,17987,37680
20210625,경인선,동암,15919,16081,32000
20210625,경인선,백운,7471,7418,14889
20210625,경인선,부평,32094,35077,67171
20210625,경인선,송내,28536,28426,56962
20210625,경인선,부천,34148,34932,69080
20210625,경인선,역곡,28051,27818,55869
20210625,경인선,오류동,12623,11720,24343
20210625,경인선,개봉,22458,22564,45022
20210628,경인선,도화,4246,3958,8204
20210628,경인선,중동,9099,8707,17806
20210628,경인선,온수,7082,6666,13748
20210628,경인선,도원,3528,3501,7029
20210628,경인선,간석,6163,5861,12024
20210628,경인선,부개,8544,7996,16540
20210628,경인선,소사,8476,8388,16864
20210628,경인선,구일,6295,6303,12598
20210628,경인선,인천,3376,2542,5918
20210628,경인선,동인천,13743,12949,26692
20210628,경인선,제물포,10494,10204,20698
20210628,경인선,주안,18919,16972,35891
20210628,경인선,동암,14696,14691,29387
20210628,경인선,백운,7022,6900,13922
20210628,경인선,부평,29251,30613,59864
20210628,경인선,송내,26842,26754,53596
20210628,경인선,부천,31349,31246,62595
20210628,경인선,역곡,26388,26207,52595
20210628,경인선,오류동,12312,11521,23833
20210628,경인선,개봉,21182,21631,42813
20210629,경인선,도화,4311,3986,8297
20210629,경인선,중동,9282,8871,18153
20210629,경인선,온수,7084,6932,14016
20210629,경인선,도원,3542,3524,7066
20210629,경인선,간석,6334,5985,12319
20210629,경인선,부개,8628,8188,16816
20210629,경인선,소사,8825,8748,17573
20210629,경인선,구일,7182,7420,14602
20210629,경인선,인천,3752,2858,6610
20210629,경인선,동인천,14239,13533,27772
20210629,경인선,제물포,10556,10258,20814
20210629,경인선,주안,18620,16769,35389
20210629,경인선,동암,15254,15257,30511
20210629,경인선,백운,7268,7213,14481
20210629,경인선,부평,29136,30765,59901
20210629,경인선,송내,27466,27695,55161
20210629,경인선,부천,32201,32134,64335
20210629,경인선,역곡,27021,26890,53911
20210629,경인선,오류동,12278,11476,23754
20210629,경인선,개봉,21759,22204,43963
20210630,경인선,개봉,21631,21944,43575
20210630,경인선,오류동,12379,11638,24017
20210630,경인선,역곡,26958,26916,53874
20210630,경인선,부천,32209,32225,64434
20210630,경인선,송내,27675,27616,55291
20210630,경인선,부평,29294,31194,60488
20210630,경인선,백운,7304,7263,14567
20210630,경인선,동암,15342,15475,30817
20210630,경인선,주안,18781,16897,35678
20210630,경인선,제물포,10497,10166,20663
20210630,경인선,동인천,14502,13742,28244
20210630,경인선,인천,3634,2810,6444
20210630,경인선,구일,7430,7602,15032
20210630,경인선,소사,8738,8562,17300
20210630,경인선,부개,8586,8162,16748
20210630,경인선,간석,6145,5817,11962
20210630,경인선,도원,3605,3650,7255
20210630,경인선,온수,7139,6791,13930
20210630,경인선,중동,9376,8954,18330
20210630,경인선,도화,4364,3984,8348
20210701,경인선,도화,4374,4048,8422
20210701,경인선,중동,9428,8847,18275
20210701,경인선,온수,7142,6884,14026
20210701,경인선,도원,3610,3677,7287
20210701,경인선,간석,6213,5934,12147
20210701,경인선,부개,8649,8150,16799
20210701,경인선,소사,8625,8593,17218
20210701,경인선,구일,7339,7528,14867
20210701,경인선,인천,3866,3029,6895
20210701,경인선,동인천,14274,13521,27795
20210701,경인선,제물포,10762,10296,21058
20210701,경인선,주안,18523,16843,35366
20210701,경인선,동암,15110,15181,30291
20210701,경인선,백운,7210,6992,14202
20210701,경인선,부평,29901,31734,61635
20210701,경인선,송내,27595,27654,55249
20210701,경인선,부천,32319,32487,64806
20210701,경인선,역곡,27485,27158,54643
20210701,경인선,오류동,12230,11416,23646
20210701,경인선,개봉,21654,21824,43478
20210702,경인선,도화,4433,4117,8550
20210702,경인선,중동,9571,8980,18551
20210702,경인선,온수,7307,6882,14189
20210702,경인선,도원,3639,3664,7303
20210702,경인선,간석,6344,6076,12420
20210702,경인선,부개,8932,8399,17331
20210702,경인선,소사,8814,8560,17374
20210702,경인선,구일,6505,6563,13068
20210702,경인선,인천,3942,3095,7037
20210702,경인선,동인천,14875,14081,28956
20210702,경인선,제물포,11029,10495,21524
20210702,경인선,주안,19304,17570,36874
20210702,경인선,동암,15696,15863,31559
20210702,경인선,백운,7522,7343,14865
20210702,경인선,부평,31399,34513,65912
20210702,경인선,송내,28314,28049,56363
20210702,경인선,부천,33526,34366,67892
20210702,경인선,역곡,27910,27588,55498
20210702,경인선,오류동,12638,11624,24262
20210702,경인선,개봉,22072,22196,44268
20210705,경인선,역곡,27368,27168,54536
20210705,경인선,오류동,12557,11807,24364
20210705,경인선,개봉,22054,22377,44431
20210705,경인선,도화,4349,4040,8389
20210705,경인선,중동,9580,9117,18697
20210705,경인선,온수,7126,6843,13969
20210705,경인선,도원,3669,3651,7320
20210705,경인선,간석,6202,5853,12055
20210705,경인선,부개,8803,8155,16958
20210705,경인선,소사,8839,8763,17602
20210705,경인선,구일,6288,6564,12852
20210705,경인선,인천,3481,2705,6186
20210705,경인선,동인천,14052,13231,27283
20210705,경인선,제물포,10872,10496,21368
20210705,경인선,주안,18968,16957,35925
20210705,경인선,동암,15063,15172,30235
20210705,경인선,백운,7252,7174,14426
20210705,경인선,부평,30020,31394,61414
20210705,경인선,송내,27580,27420,55000
20210705,경인선,부천,32487,32499,64986
20210706,경인선,부천,32538,32335,64873
20210706,경인선,역곡,27199,27218,54417
20210706,경인선,오류동,12425,11585,24010
20210706,경인선,개봉,22180,22462,44642
20210706,경인선,도화,4426,3979,8405
20210706,경인선,중동,9487,9025,18512
20210706,경인선,온수,7356,7038,14394
20210706,경인선,도원,3658,3686,7344
20210706,경인선,간석,6234,5965,12199
20210706,경인선,부개,8801,8358,17159
20210706,경인선,소사,8908,8669,17577
20210706,경인선,구일,7470,7585,15055
20210706,경인선,인천,3795,2965,6760
20210706,경인선,동인천,14327,13573,27900
20210706,경인선,제물포,10821,10417,21238
20210706,경인선,주안,18416,16808,35224
20210706,경인선,동암,15413,15589,31002
20210706,경인선,백운,7290,7129,14419
20210706,경인선,부평,30065,31538,61603
20210706,경인선,송내,27656,27781,55437
20210707,경인선,개봉,21268,21666,42934
20210707,경인선,오류동,12052,11411,23463
20210707,경인선,역곡,26531,26450,52981
20210707,경인선,부천,31257,31597,62854
20210707,경인선,송내,27008,27054,54062
20210707,경인선,부평,28771,30742,59513
20210707,경인선,백운,7024,7054,14078
20210707,경인선,동암,14964,14959,29923
20210707,경인선,주안,18485,16513,34998
20210707,경인선,제물포,10562,10295,20857
20210707,경인선,동인천,13782,13013,26795
20210707,경인선,인천,3497,2646,6143
20210707,경인선,구일,7023,7211,14234
20210707,경인선,소사,8502,8502,17004
20210707,경인선,부개,8578,8018,16596
20210707,경인선,간석,6120,5729,11849
20210707,경인선,도원,3666,3645,7311
20210707,경인선,온수,6954,6813,13767
20210707,경인선,중동,9363,8853,18216
20210707,경인선,도화,4289,4064,8353
20210708,경인선,개봉,20695,21034,41729
20210708,경인선,오류동,11901,11067,22968
20210708,경인선,역곡,25962,25765,51727
20210708,경인선,부천,30802,30941,61743
20210708,경인선,송내,26344,26352,52696
20210708,경인선,부평,28216,29635,57851
20210708,경인선,백운,6918,6792,13710
20210708,경인선,동암,14519,14562,29081
20210708,경인선,주안,17623,16074,33697
20210708,경인선,제물포,10394,10032,20426
20210708,경인선,동인천,13527,12828,26355
20210708,경인선,인천,3304,2549,5853
20210708,경인선,구일,6714,6897,13611
20210708,경인선,소사,8429,8327,16756
20210708,경인선,부개,8401,7964,16365
20210708,경인선,간석,5964,5660,11624
20210708,경인선,도원,3525,3527,7052
20210708,경인선,온수,6754,6377,13131
20210708,경인선,중동,8954,8534,17488
20210708,경인선,도화,4265,3956,8221
20210709,경인선,개봉,20897,21142,42039
20210709,경인선,오류동,11772,11045,22817
20210709,경인선,역곡,26111,26059,52170
20210709,경인선,부천,31360,32199,63559
20210709,경인선,송내,26171,26369,52540
20210709,경인선,부평,28954,31473,60427
20210709,경인선,백운,7011,6894,13905
20210709,경인선,동암,14789,15088,29877
20210709,경인선,주안,18182,16682,34864
20210709,경인선,제물포,10266,9860,20126
20210709,경인선,동인천,13545,12882,26427
20210709,경인선,인천,3352,2554,5906
20210709,경인선,구일,6129,6075,12204
20210709,경인선,소사,8495,8169,16664
20210709,경인선,부개,8337,7773,16110
20210709,경인선,간석,5968,5685,11653
20210709,경인선,도원,3383,3508,6891
20210709,경인선,온수,6766,6371,13137
20210709,경인선,중동,8987,8526,17513
20210709,경인선,도화,4183,3983,8166
20210712,경인선,개봉,19081,19610,38691
20210712,경인선,오류동,10763,10065,20828
20210712,경인선,역곡,23750,23747,47497
20210712,경인선,부천,28508,28381,56889
20210712,경인선,송내,24025,24070,48095
20210712,경인선,부평,25661,26781,52442
20210712,경인선,백운,6237,6192,12429
20210712,경인선,동암,13288,13197,26485
20210712,경인선,주안,16189,14681,30870
20210712,경인선,제물포,9037,8750,17787
20210712,경인선,동인천,12190,11481,23671
20210712,경인선,인천,3017,2283,5300
20210712,경인선,구일,5474,5673,11147
20210712,경인선,소사,7816,7555,15371
20210712,경인선,부개,7691,7249,14940
20210712,경인선,간석,5327,5059,10386
20210712,경인선,도원,2439,2519,4958
20210712,경인선,온수,5885,5786,11671
20210712,경인선,중동,8225,7813,16038
20210712,경인선,도화,3795,3471,7266
20210713,경인선,도화,3809,3486,7295
20210713,경인선,중동,8073,7694,15767
20210713,경인선,온수,5812,5654,11466
20210713,경인선,도원,2307,2312,4619
20210713,경인선,간석,5315,5144,10459
20210713,경인선,부개,7619,7230,14849
20210713,경인선,소사,7629,7454,15083
20210713,경인선,구일,5453,5609,11062
20210713,경인선,인천,3172,2394,5566
20210713,경인선,동인천,12034,11472,23506
20210713,경인선,제물포,8875,8531,17406
20210713,경인선,주안,15798,14695,30493
20210713,경인선,동암,13388,13386,26774
20210713,경인선,백운,6121,6064,12185
20210713,경인선,부평,25089,26560,51649
20210713,경인선,송내,23993,24140,48133
20210713,경인선,부천,28278,28148,56426
20210713,경인선,역곡,23570,23490,47060
20210713,경인선,오류동,10759,10199,20958
20210713,경인선,개봉,18842,19253,38095
20210714,경인선,도화,3614,3360,6974
20210714,경인선,중동,8174,7796,15970
20210714,경인선,온수,5622,5435,11057
20210714,경인선,도원,2283,2359,4642
20210714,경인선,간석,5170,4950,10120
20210714,경인선,부개,7511,7032,14543
20210714,경인선,소사,7541,7375,14916
20210714,경인선,구일,5334,5490,10824
20210714,경인선,인천,3050,2318,5368
20210714,경인선,동인천,12042,11440,23482
20210714,경인선,제물포,8774,8534,17308
20210714,경인선,주안,16036,14620,30656
20210714,경인선,동암,13052,13085,26137
20210714,경인선,백운,6070,6028,12098
20210714,경인선,부평,25351,26861,52212
20210714,경인선,송내,23852,23927,47779
20210714,경인선,부천,28270,28419,56689
20210714,경인선,역곡,23461,23680,47141
20210714,경인선,오류동,10625,9976,20601
20210714,경인선,개봉,18728,19092,37820
20210715,경인선,도화,3542,3388,6930
20210715,경인선,중동,7800,7442,15242
20210715,경인선,온수,5487,5449,10936
20210715,경인선,도원,2184,2251,4435
20210715,경인선,간석,5112,5007,10119
20210715,경인선,부개,7270,6978,14248
20210715,경인선,소사,7374,7408,14782
20210715,경인선,구일,5249,5256,10505
20210715,경인선,인천,3132,2273,5405
20210715,경인선,동인천,11833,11271,23104
20210715,경인선,제물포,8599,8359,16958
20210715,경인선,주안,15626,14086,29712
20210715,경인선,동암,12993,13067,26060
20210715,경인선,백운,6029,6031,12060
20210715,경인선,부평,25245,26513,51758
20210715,경인선,송내,23363,23333,46696
20210715,경인선,부천,27765,27887,55652
20210715,경인선,역곡,23102,23032,46134
20210715,경인선,오류동,10560,9933,20493
20210715,경인선,개봉,18673,18979,37652
20210716,경인선,도화,3669,3430,7099
20210716,경인선,중동,7992,7585,15577
20210716,경인선,온수,5488,5474,10962
20210716,경인선,도원,2236,2350,4586
20210716,경인선,간석,5192,5003,10195
20210716,경인선,부개,7445,7076,14521
20210716,경인선,소사,7577,7366,14943
20210716,경인선,구일,5232,5271,10503
20210716,경인선,인천,3159,2418,5577
20210716,경인선,동인천,12085,11501,23586
20210716,경인선,제물포,8681,8460,17141
20210716,경인선,주안,15956,14500,30456
20210716,경인선,동암,12977,13124,26101
20210716,경인선,백운,6023,6049,12072
20210716,경인선,부평,25994,27723,53717
20210716,경인선,송내,23332,23532,46864
20210716,경인선,부천,28274,28873,57147
20210716,경인선,역곡,23270,23231,46501
20210716,경인선,오류동,10628,10082,20710
20210716,경인선,개봉,18840,19336,38176
20210719,경인선,개봉,18748,19434,38182
20210719,경인선,오류동,10625,10128,20753
20210719,경인선,역곡,22991,23065,46056
20210719,경인선,부천,28045,27748,55793
20210719,경인선,송내,23547,23458,47005
20210719,경인선,부평,25630,26581,52211
20210719,경인선,백운,6190,6287,12477
20210719,경인선,동암,13048,12984,26032
20210719,경인선,주안,15919,14560,30479
20210719,경인선,제물포,8830,8375,17205
20210719,경인선,동인천,12052,11426,23478
20210719,경인선,인천,2978,2239,5217
20210719,경인선,구일,5133,5390,10523
20210719,경인선,소사,7563,7285,14848
20210719,경인선,부개,7450,6953,14403
20210719,경인선,간석,5225,5024,10249
20210719,경인선,도원,2362,2360,4722
20210719,경인선,온수,5524,5542,11066
20210719,경인선,중동,8119,7668,15787
20210719,경인선,도화,3716,3493,7209
20210720,경인선,개봉,18788,19272,38060
20210720,경인선,오류동,10634,10180,20814
20210720,경인선,역곡,23458,23376,46834
20210720,경인선,부천,28175,27947,56122
20210720,경인선,송내,23677,23755,47432
20210720,경인선,부평,25658,26939,52597
20210720,경인선,백운,6168,6104,12272
20210720,경인선,동암,13105,13230,26335
20210720,경인선,주안,15678,14428,30106
20210720,경인선,제물포,8678,8328,17006
20210720,경인선,동인천,11957,11356,23313
20210720,경인선,인천,3151,2336,5487
20210720,경인선,구일,5242,5384,10626
20210720,경인선,소사,7541,7468,15009
20210720,경인선,부개,7390,7044,14434
20210720,경인선,간석,5269,5059,10328
20210720,경인선,도원,2255,2307,4562
20210720,경인선,온수,5627,5513,11140
20210720,경인선,중동,7962,7638,15600
20210720,경인선,도화,3707,3398,7105
20210721,경인선,도화,3625,3382,7007
20210721,경인선,중동,7951,7494,15445
20210721,경인선,온수,5573,5417,10990
20210721,경인선,도원,2147,2233,4380
20210721,경인선,간석,5148,4995,10143
20210721,경인선,부개,7289,7002,14291
20210721,경인선,소사,7413,7141,14554
20210721,경인선,구일,5113,5239,10352
20210721,경인선,인천,3275,2374,5649
20210721,경인선,동인천,12048,11482,23530
20210721,경인선,제물포,8609,8297,16906
20210721,경인선,주안,15705,14341,30046
20210721,경인선,동암,12837,12874,25711
20210721,경인선,백운,5972,5876,11848
20210721,경인선,부평,25235,26339,51574
20210721,경인선,송내,23155,23309,46464
20210721,경인선,부천,28086,27995,56081
20210721,경인선,역곡,23168,23315,46483
20210721,경인선,오류동,10519,10061,20580
20210721,경인선,개봉,18519,19119,37638
20210722,경인선,도화,3523,3375,6898
20210722,경인선,중동,7747,7345,15092
20210722,경인선,온수,5389,5288,10677
20210722,경인선,도원,2076,2124,4200
20210722,경인선,간석,4913,4818,9731
20210722,경인선,부개,7232,6855,14087
20210722,경인선,소사,7172,7188,14360
20210722,경인선,구일,5017,5061,10078
20210722,경인선,인천,3066,2321,5387
20210722,경인선,동인천,11483,10848,22331
20210722,경인선,제물포,8343,7937,16280
20210722,경인선,주안,15433,14021,29454
20210722,경인선,동암,12713,12690,25403
20210722,경인선,백운,5916,5826,11742
20210722,경인선,부평,24516,25919,50435
20210722,경인선,송내,22901,22926,45827
20210722,경인선,부천,27369,27287,54656
20210722,경인선,역곡,22624,22545,45169
20210722,경인선,오류동,10405,10061,20466
20210722,경인선,개봉,18277,18621,36898
20210723,경인선,개봉,18825,19293,38118
20210723,경인선,오류동,10638,9991,20629
20210723,경인선,역곡,23101,23148,46249
20210723,경인선,부천,28512,28835,57347
20210723,경인선,송내,23214,23256,46470
20210723,경인선,부평,26260,28127,54387
20210723,경인선,백운,5992,5936,11928
20210723,경인선,동암,13005,13103,26108
20210723,경인선,주안,16048,14709,30757
20210723,경인선,제물포,8590,8359,16949
20210723,경인선,동인천,12077,11554,23631
20210723,경인선,인천,3264,2448,5712
20210723,경인선,구일,5183,5229,10412
20210723,경인선,소사,7295,7169,14464
20210723,경인선,부개,7414,6909,14323
20210723,경인선,간석,5222,4892,10114
20210723,경인선,도원,2177,2275,4452
20210723,경인선,온수,5457,5423,10880
20210723,경인선,중동,7871,7443,15314
20210723,경인선,도화,3632,3428,7060
20210726,경인선,도화,3715,3387,7102
20210726,경인선,중동,7764,7317,15081
20210726,경인선,온수,5531,5370,10901
20210726,경인선,도원,2260,2292,4552
20210726,경인선,간석,5050,4883,9933
20210726,경인선,부개,7244,6923,14167
20210726,경인선,소사,7326,7123,14449
20210726,경인선,구일,4899,5036,9935
20210726,경인선,인천,3125,2381,5506
20210726,경인선,동인천,11690,11244,22934
20210726,경인선,제물포,8524,8151,16675
20210726,경인선,주안,15619,14176,29795
20210726,경인선,동암,12709,12779,25488
20210726,경인선,백운,5965,5924,11889
20210726,경인선,부평,25178,26318,51496
20210726,경인선,송내,23013,22979,45992
20210726,경인선,부천,27885,27643,55528
20210726,경인선,역곡,22677,22753,45430
20210726,경인선,오류동,10478,9951,20429
20210726,경인선,개봉,18215,18726,36941
20210727,경인선,도화,3498,3241,6739
20210727,경인선,중동,7732,7414,15146
20210727,경인선,온수,5472,5342,10814
20210727,경인선,도원,2125,2206,4331
20210727,경인선,간석,5074,4911,9985
20210727,경인선,부개,7267,6836,14103
20210727,경인선,소사,7230,7048,14278
20210727,경인선,구일,5005,5089,10094
20210727,경인선,인천,3250,2402,5652
20210727,경인선,동인천,11707,11152,22859
20210727,경인선,제물포,8385,8097,16482
20210727,경인선,주안,15301,14192,29493
20210727,경인선,동암,12909,12987,25896
20210727,경인선,백운,5957,5912,11869
20210727,경인선,부평,24632,25969,50601
20210727,경인선,송내,23000,23265,46265
20210727,경인선,부천,27569,27611,55180
20210727,경인선,역곡,22788,22856,45644
20210727,경인선,오류동,10260,9722,19982
20210727,경인선,개봉,18362,18934,37296
20210728,경인선,개봉,18159,18548,36707
20210728,경인선,오류동,10207,9604,19811
20210728,경인선,역곡,22665,22533,45198
20210728,경인선,부천,27499,27325,54824
20210728,경인선,송내,22758,22714,45472
20210728,경인선,부평,24978,26193,51171
20210728,경인선,백운,5911,5841,11752
20210728,경인선,동암,12699,12744,25443
20210728,경인선,주안,15475,14123,29598
20210728,경인선,제물포,8404,7995,16399
20210728,경인선,동인천,11805,11229,23034
20210728,경인선,인천,3121,2362,5483
20210728,경인선,구일,5000,5164,10164
20210728,경인선,소사,7226,6991,14217
20210728,경인선,부개,7242,6860,14102
20210728,경인선,간석,4968,4832,9800
20210728,경인선,도원,2118,2170,4288
20210728,경인선,온수,5415,5331,10746
20210728,경인선,중동,7741,7386,15127
20210728,경인선,도화,3447,3252,6699
20210729,경인선,소사,7221,6906,14127
20210729,경인선,개봉,18143,18333,36476
20210729,경인선,오류동,10157,9513,19670
20210729,경인선,역곡,22389,22313,44702
20210729,경인선,부천,27568,27625,55193
20210729,경인선,송내,22811,22911,45722
20210729,경인선,부평,24965,26206,51171
20210729,경인선,백운,5836,5692,11528
20210729,경인선,동암,12602,12744,25346
20210729,경인선,주안,15162,13598,28760
20210729,경인선,제물포,8212,7946,16158
20210729,경인선,동인천,11713,11153,22866
20210729,경인선,인천,3285,2380,5665
20210729,경인선,구일,4790,4952,9742
20210729,경인선,부개,7063,6618,13681
20210729,경인선,간석,4910,4693,9603
20210729,경인선,도원,2051,2101,4152
20210729,경인선,온수,5381,5257,10638
20210729,경인선,중동,7642,7248,14890
20210729,경인선,도화,3523,3253,6776
20210730,경인선,도화,3381,3159,6540
20210730,경인선,중동,7665,7190,14855
20210730,경인선,온수,5407,5250,10657
20210730,경인선,도원,2094,2195,4289
20210730,경인선,간석,4897,4748,9645
20210730,경인선,부개,7084,6625,13709
20210730,경인선,소사,7199,6950,14149
20210730,경인선,구일,5065,5099,10164
20210730,경인선,인천,3312,2545,5857
20210730,경인선,동인천,11762,11191,22953
20210730,경인선,제물포,8330,8108,16438
20210730,경인선,주안,15664,14065,29729
20210730,경인선,동암,12870,12934,25804
20210730,경인선,백운,5852,5830,11682
20210730,경인선,부평,25984,28079,54063
20210730,경인선,송내,22460,22643,45103
20210730,경인선,부천,28476,28823,57299
20210730,경인선,역곡,22653,22573,45226
20210730,경인선,오류동,10316,9619,19935
20210730,경인선,개봉,18178,18418,36596
20210802,경인선,제물포,8065,7659,15724
20210802,경인선,도화,3386,3074,6460
20210802,경인선,중동,7267,6882,14149
20210802,경인선,온수,5166,5036,10202
20210802,경인선,도원,2062,2138,4200
20210802,경인선,간석,4723,4506,9229
20210802,경인선,부개,6660,6220,12880
20210802,경인선,소사,7078,6874,13952
20210802,경인선,구일,4679,4851,9530
20210802,경인선,인천,2997,2433,5430
20210802,경인선,동인천,11074,10587,21661
20210802,경인선,주안,14752,13244,27996
20210802,경인선,동암,12004,12064,24068
20210802,경인선,백운,5553,5493,11046
20210802,경인선,부평,24918,26287,51205
20210802,경인선,송내,21246,21038,42284
20210802,경인선,부천,26903,26925,53828
20210802,경인선,역곡,21124,21236,42360
20210802,경인선,오류동,9661,9270,18931
20210802,경인선,개봉,17336,17649,34985
20210803,경인선,개봉,17386,17802,35188
20210803,경인선,오류동,9858,9384,19242
20210803,경인선,역곡,21453,21372,42825
20210803,경인선,부천,26263,26276,52539
20210803,경인선,송내,21361,21420,42781
20210803,경인선,부평,24732,26015,50747
20210803,경인선,백운,5598,5483,11081
20210803,경인선,동암,12380,12298,24678
20210803,경인선,주안,14937,13605,28542
20210803,경인선,제물포,8161,7762,15923
20210803,경인선,동인천,11229,10776,22005
20210803,경인선,인천,3273,2670,5943
20210803,경인선,구일,4766,4836,9602
20210803,경인선,소사,7117,6932,14049
20210803,경인선,부개,6718,6353,13071
20210803,경인선,간석,4884,4682,9566
20210803,경인선,도원,1998,2092,4090
20210803,경인선,온수,5112,5068,10180
20210803,경인선,중동,7242,6880,14122
20210803,경인선,도화,3332,3092,6424
20210804,경인선,개봉,17648,18054,35702
20210804,경인선,오류동,10033,9432,19465
20210804,경인선,역곡,21841,21645,43486
20210804,경인선,부천,27316,27244,54560
20210804,경인선,송내,21890,21894,43784
20210804,경인선,부평,24768,26126,50894
20210804,경인선,백운,5600,5584,11184
20210804,경인선,동암,12341,12449,24790
20210804,경인선,주안,15097,13804,28901
20210804,경인선,제물포,8075,7663,15738
20210804,경인선,동인천,11425,10831,22256
20210804,경인선,인천,3227,2592,5819
20210804,경인선,구일,4850,4908,9758
20210804,경인선,소사,7041,6866,13907
20210804,경인선,부개,6938,6438,13376
20210804,경인선,간석,4856,4652,9508
20210804,경인선,도원,2061,2113,4174
20210804,경인선,온수,5227,5142,10369
20210804,경인선,중동,7529,7196,14725
20210804,경인선,도화,3334,3128,6462
20210805,경인선,개봉,18198,18536,36734
20210805,경인선,오류동,10432,9698,20130
20210805,경인선,역곡,22699,22612,45311
20210805,경인선,부천,27584,27637,55221
20210805,경인선,송내,22493,22424,44917
20210805,경인선,부평,25022,26517,51539
20210805,경인선,백운,5836,5796,11632
20210805,경인선,동암,12590,12632,25222
20210805,경인선,주안,15371,14009,29380
20210805,경인선,제물포,8238,7934,16172
20210805,경인선,동인천,11517,11000,22517
20210805,경인선,인천,3215,2549,5764
20210805,경인선,구일,4944,4959,9903
20210805,경인선,소사,7171,7117,14288
20210805,경인선,부개,7082,6690,13772
20210805,경인선,간석,4836,4723,9559
20210805,경인선,도원,2112,2149,4261
20210805,경인선,온수,5364,5212,10576
20210805,경인선,중동,7595,7195,14790
20210805,경인선,도화,3480,3198,6678
20210806,경인선,도화,3486,3266,6752
20210806,경인선,중동,7709,7158,14867
20210806,경인선,온수,5324,5146,10470
20210806,경인선,도원,2143,2203,4346
20210806,경인선,간석,4988,4837,9825
20210806,경인선,부개,7089,6563,13652
20210806,경인선,소사,7233,7052,14285
20210806,경인선,구일,4961,5003,9964
20210806,경인선,인천,3249,2608,5857
20210806,경인선,동인천,11682,11374,23056
20210806,경인선,제물포,8481,8168,16649
20210806,경인선,주안,15765,14232,29997
20210806,경인선,동암,12835,13086,25921
20210806,경인선,백운,5850,5836,11686
20210806,경인선,부평,26102,28283,54385
20210806,경인선,송내,22493,22574,45067
20210806,경인선,부천,27982,28444,56426
20210806,경인선,역곡,22800,22749,45549
20210806,경인선,오류동,10368,9702,20070
20210806,경인선,개봉,18421,18791,37212
20210809,경인선,도화,3675,3431,7106
20210809,경인선,중동,8206,7773,15979
20210809,경인선,온수,5596,5427,11023
20210809,경인선,도원,2196,2254,4450
20210809,경인선,간석,5261,5056,10317
20210809,경인선,부개,7541,7014,14555
20210809,경인선,소사,7543,7191,14734
20210809,경인선,구일,5163,5201,10364
20210809,경인선,인천,3238,2518,5756
20210809,경인선,동인천,11938,11273,23211
20210809,경인선,제물포,8843,8483,17326
20210809,경인선,주안,16002,14443,30445
20210809,경인선,동암,13128,13091,26219
20210809,경인선,백운,6190,6111,12301
20210809,경인선,부평,25431,26972,52403
20210809,경인선,송내,23783,23341,47124
20210809,경인선,부천,28855,28782,57637
20210809,경인선,역곡,23406,23379,46785
20210809,경인선,오류동,10845,10258,21103
20210809,경인선,개봉,18812,19390,38202
20210810,경인선,도화,3654,3386,7040
20210810,경인선,중동,8150,7662,15812
20210810,경인선,온수,5471,5366,10837
20210810,경인선,도원,2203,2181,4384
20210810,경인선,간석,5416,5254,10670
20210810,경인선,부개,7540,7077,14617
20210810,경인선,소사,7566,7302,14868
20210810,경인선,구일,5114,5264,10378
20210810,경인선,인천,3236,2406,5642
20210810,경인선,동인천,12137,11480,23617
20210810,경인선,제물포,8777,8527,17304
20210810,경인선,주안,16002,14590,30592
20210810,경인선,동암,13223,13405,26628
20210810,경인선,백운,6203,6080,12283
20210810,경인선,부평,25388,26918,52306
20210810,경인선,송내,23937,24099,48036
20210810,경인선,부천,28517,28639,57156
20210810,경인선,역곡,23441,23674,47115
20210810,경인선,오류동,10697,10219,20916
20210810,경인선,개봉,19020,19519,38539
20210811,경인선,개봉,18888,19246,38134
20210811,경인선,오류동,10751,10117,20868
20210811,경인선,역곡,23195,23224,46419
20210811,경인선,부천,28155,28267,56422
20210811,경인선,송내,23443,23547,46990
20210811,경인선,부평,25267,26818,52085
20210811,경인선,백운,6092,6010,12102
20210811,경인선,동암,12966,13144,26110
20210811,경인선,주안,16011,14408,30419
20210811,경인선,제물포,8909,8553,17462
20210811,경인선,동인천,11823,11276,23099
20210811,경인선,인천,3302,2425,5727
20210811,경인선,구일,5196,5367,10563
20210811,경인선,소사,7443,7258,14701
20210811,경인선,부개,7378,7020,14398
20210811,경인선,간석,5171,4981,10152
20210811,경인선,도원,2193,2188,4381
20210811,경인선,온수,5597,5469,11066
20210811,경인선,중동,8058,7655,15713
20210811,경인선,도화,3674,3362,7036
20210812,경인선,도화,3668,3389,7057
20210812,경인선,중동,7956,7658,15614
20210812,경인선,온수,5582,5503,11085
20210812,경인선,도원,2062,2087,4149
20210812,경인선,간석,5061,4829,9890
20210812,경인선,부개,7295,6904,14199
20210812,경인선,소사,7325,7345,14670
20210812,경인선,구일,5215,5290,10505
20210812,경인선,인천,3189,2436,5625
20210812,경인선,동인천,11809,11283,23092
20210812,경인선,제물포,8664,8335,16999
20210812,경인선,주안,15672,14314,29986
20210812,경인선,동암,13003,12971,25974
20210812,경인선,백운,6070,6036,12106
20210812,경인선,부평,25367,25866,51233
20210812,경인선,송내,23588,23559,47147
20210812,경인선,부천,28222,28186,56408
20210812,경인선,역곡,23338,23028,46366
20210812,경인선,오류동,10751,10196,20947
20210812,경인선,개봉,18822,19287,38109
20210813,경인선,개봉,19199,19451,38650
20210813,경인선,오류동,10828,10193,21021
20210813,경인선,역곡,23557,23474,47031
20210813,경인선,부천,28848,29419,58267
20210813,경인선,송내,23325,23553,46878
20210813,경인선,부평,26177,28251,54428
20210813,경인선,백운,6122,6075,12197
20210813,경인선,동암,13307,13443,26750
20210813,경인선,주안,16600,15078,31678
20210813,경인선,제물포,8806,8506,17312
20210813,경인선,동인천,12020,11560,23580
20210813,경인선,인천,3385,2611,5996
20210813,경인선,구일,5237,5182,10419
20210813,경인선,소사,7543,7326,14869
20210813,경인선,부개,7442,6880,14322
20210813,경인선,간석,5151,4860,10011
20210813,경인선,도원,2119,2234,4353
20210813,경인선,온수,5525,5375,10900
20210813,경인선,중동,8095,7690,15785
20210813,경인선,도화,3632,3331,6963
20210816,경인선,개봉,12351,12487,24838
20210816,경인선,오류동,6782,6647,13429
20210816,경인선,역곡,15028,14854,29882
20210816,경인선,부천,21832,21652,43484
20210816,경인선,송내,13387,13028,26415
20210816,경인선,부평,21150,21744,42894
20210816,경인선,백운,4196,4192,8388
20210816,경인선,동암,9427,9411,18838
20210816,경인선,주안,11405,9989,21394
20210816,경인선,제물포,5600,5503,11103
20210816,경인선,동인천,9189,8740,17929
20210816,경인선,인천,3777,2985,6762
20210816,경인선,구일,3028,3060,6088
20210816,경인선,소사,5478,5385,10863
20210816,경인선,부개,4938,4671,9609
20210816,경인선,간석,3427,3210,6637
20210816,경인선,도원,1555,1594,3149
20210816,경인선,온수,3652,3471,7123
20210816,경인선,중동,5206,4997,10203
20210816,경인선,도화,2480,2343,4823
20210817,경인선,개봉,19211,20264,39475
20210817,경인선,오류동,10808,10383,21191
20210817,경인선,역곡,23388,23539,46927
20210817,경인선,부천,28134,27913,56047
20210817,경인선,송내,23952,24036,47988
20210817,경인선,부평,25007,26093,51100
20210817,경인선,백운,6396,6379,12775
20210817,경인선,동암,13055,13138,26193
20210817,경인선,주안,16329,14776,31105
20210817,경인선,제물포,9139,8858,17997
20210817,경인선,동인천,12081,11339,23420
20210817,경인선,인천,3105,2428,5533
20210817,경인선,구일,5405,5627,11032
20210817,경인선,소사,7534,7537,15071
20210817,경인선,부개,7649,7224,14873
20210817,경인선,간석,5395,5238,10633
20210817,경인선,도원,2405,2478,4883
20210817,경인선,온수,5838,5777,11615
20210817,경인선,중동,8218,7949,16167
20210817,경인선,도화,3614,3395,7009
20210818,경인선,도화,3717,3478,7195
20210818,경인선,중동,8194,7790,15984
20210818,경인선,온수,5909,5696,11605
20210818,경인선,도원,2401,2427,4828
20210818,경인선,간석,5340,5112,10452
20210818,경인선,부개,7582,7073,14655
20210818,경인선,소사,7497,7384,14881
20210818,경인선,구일,5502,5501,11003
20210818,경인선,인천,3019,2220,5239
20210818,경인선,동인천,12091,11528,23619
20210818,경인선,제물포,9041,8774,17815
20210818,경인선,주안,16407,14965,31372
20210818,경인선,동암,13139,13234,26373
20210818,경인선,백운,6178,6187,12365
20210818,경인선,부평,25259,26461,51720
20210818,경인선,송내,23646,23724,47370
20210818,경인선,부천,28492,28459,56951
20210818,경인선,역곡,23383,23400,46783
20210818,경인선,오류동,10789,10165,20954
20210818,경인선,개봉,19270,19602,38872
20210819,경인선,개봉,19588,19834,39422
20210819,경인선,오류동,10939,10315,21254
20210819,경인선,역곡,24141,24048,48189
20210819,경인선,부천,29144,29303,58447
20210819,경인선,송내,24193,24334,48527
20210819,경인선,부평,25788,27297,53085
20210819,경인선,백운,6416,6401,12817
20210819,경인선,동암,13645,13673,27318
20210819,경인선,주안,16596,15108,31704
20210819,경인선,제물포,9351,8944,18295
20210819,경인선,동인천,12514,11899,24413
20210819,경인선,인천,3450,2597,6047
20210819,경인선,구일,5520,5558,11078
20210819,경인선,소사,7833,7702,15535
20210819,경인선,부개,7680,7167,14847
20210819,경인선,간석,5388,5205,10593
20210819,경인선,도원,2601,2704,5305
20210819,경인선,온수,6080,5859,11939
20210819,경인선,중동,8414,8050,16464
20210819,경인선,도화,3915,3564,7479
20210820,경인선,개봉,19659,20063,39722
20210820,경인선,오류동,11086,10441,21527
20210820,경인선,역곡,24565,24622,49187
20210820,경인선,부천,29926,30456,60382
20210820,경인선,송내,24313,24589,48902
20210820,경인선,부평,26694,28847,55541
20210820,경인선,백운,6526,6498,13024
20210820,경인선,동암,13593,13943,27536
20210820,경인선,주안,17289,15897,33186
20210820,경인선,제물포,9450,9081,18531
20210820,경인선,동인천,12773,12110,24883
20210820,경인선,인천,3394,2592,5986
20210820,경인선,구일,5518,5572,11090
20210820,경인선,소사,7861,7782,15643
20210820,경인선,부개,7722,7205,14927
20210820,경인선,간석,5582,5283,10865
20210820,경인선,도원,2694,2805,5499
20210820,경인선,온수,6118,5847,11965
20210820,경인선,중동,8370,8040,16410
20210820,경인선,도화,3920,3628,7548
20210823,경인선,개봉,19201,20156,39357
20210823,경인선,오류동,10804,10286,21090
20210823,경인선,역곡,23671,23787,47458
20210823,경인선,부천,28322,28375,56697
20210823,경인선,송내,23920,23143,47063
20210823,경인선,부평,25043,25913,50956
20210823,경인선,백운,6301,6316,12617
20210823,경인선,동암,13065,13042,26107
20210823,경인선,주안,16177,14646,30823
20210823,경인선,제물포,9018,8961,17979
20210823,경인선,동인천,11695,11149,22844
20210823,경인선,인천,2706,2020,4726
20210823,경인선,구일,5427,5580,11007
20210823,경인선,소사,7760,7553,15313
20210823,경인선,부개,7695,7293,14988
20210823,경인선,간석,5284,5077,10361
20210823,경인선,도원,2895,2844,5739
20210823,경인선,온수,6037,5884,11921
20210823,경인선,중동,8415,8044,16459
20210823,경인선,도화,3647,3434,7081
20210824,경인선,도화,3623,3462,7085
20210824,경인선,중동,8350,7933,16283
20210824,경인선,온수,5854,5766,11620
20210824,경인선,도원,2862,2925,5787
20210824,경인선,간석,5335,5113,10448
20210824,경인선,부개,7523,7215,14738
20210824,경인선,소사,7574,7474,15048
20210824,경인선,구일,5414,5582,10996
20210824,경인선,인천,2785,2045,4830
20210824,경인선,동인천,11733,11061,22794
20210824,경인선,제물포,9029,8813,17842
20210824,경인선,주안,15890,14507,30397
20210824,경인선,동암,13100,13168,26268
20210824,경인선,백운,6260,6337,12597
20210824,경인선,부평,24587,25678,50265
20210824,경인선,송내,23774,24006,47780
20210824,경인선,부천,27656,27556,55212
20210824,경인선,역곡,23452,23599,47051
20210824,경인선,오류동,10461,10015,20476
20210824,경인선,개봉,19024,19453,38477
20210825,경인선,도화,4026,3728,7754
20210825,경인선,중동,8668,8216,16884
20210825,경인선,온수,6328,6025,12353
20210825,경인선,도원,3096,3084,6180
20210825,경인선,간석,5709,5392,11101
20210825,경인선,부개,7865,7471,15336
20210825,경인선,소사,8080,7869,15949
20210825,경인선,구일,5798,5864,11662
20210825,경인선,인천,3144,2393,5537
20210825,경인선,동인천,12799,12140,24939
20210825,경인선,제물포,9779,9417,19196
20210825,경인선,주안,17288,15625,32913
20210825,경인선,동암,13882,13927,27809
20210825,경인선,백운,6715,6513,13228
20210825,경인선,부평,26486,28029,54515
20210825,경인선,송내,25082,24980,50062
20210825,경인선,부천,29747,29950,59697
20210825,경인선,역곡,24816,24890,49706
20210825,경인선,오류동,11144,10442,21586
20210825,경인선,개봉,20107,20317,40424
20210826,경인선,개봉,20012,20462,40474
20210826,경인선,오류동,11415,10613,22028
20210826,경인선,역곡,24668,24593,49261
20210826,경인선,부천,29421,29516,58937
20210826,경인선,송내,24923,25064,49987
20210826,경인선,부평,26577,27770,54347
20210826,경인선,백운,6554,6556,13110
20210826,경인선,동암,13870,13787,27657
20210826,경인선,주안,16858,15512,32370
20210826,경인선,제물포,9547,9324,18871
20210826,경인선,동인천,12537,11931,24468
20210826,경인선,인천,3377,2512,5889
20210826,경인선,구일,5572,5704,11276
20210826,경인선,소사,8105,7942,16047
20210826,경인선,부개,7929,7462,15391
20210826,경인선,간석,5525,5409,10934
20210826,경인선,도원,3137,3153,6290
20210826,경인선,온수,6385,6100,12485
20210826,경인선,중동,8611,8131,16742
20210826,경인선,도화,3951,3675,7626
20210827,경인선,개봉,19779,20005,39784
20210827,경인선,오류동,10974,10260,21234
20210827,경인선,역곡,24527,24300,48827
20210827,경인선,부천,29742,30365,60107
20210827,경인선,송내,24241,24535,48776
20210827,경인선,부평,26723,28633,55356
20210827,경인선,백운,6426,6395,12821
20210827,경인선,동암,13645,14058,27703
20210827,경인선,주안,17066,15664,32730
20210827,경인선,제물포,9674,9387,19061
20210827,경인선,동인천,12406,11765,24171
20210827,경인선,인천,3224,2289,5513
20210827,경인선,구일,5673,5786,11459
20210827,경인선,소사,7976,7802,15778
20210827,경인선,부개,7723,7334,15057
20210827,경인선,간석,5634,5370,11004
20210827,경인선,도원,3089,3134,6223
20210827,경인선,온수,6317,5970,12287
20210827,경인선,중동,8418,7973,16391
20210827,경인선,도화,3827,3551,7378
20210830,경인선,개봉,20141,20599,40740
20210830,경인선,오류동,11468,10922,22390
20210830,경인선,역곡,25034,25047,50081
20210830,경인선,부천,30038,29900,59938
20210830,경인선,송내,24853,24972,49825
20210830,경인선,부평,26417,27643,54060
20210830,경인선,백운,6686,6694,13380
20210830,경인선,동암,13764,13823,27587
20210830,경인선,주안,17296,15745,33041
20210830,경인선,제물포,9850,9697,19547
20210830,경인선,동인천,12879,12139,25018
20210830,경인선,인천,3345,2507,5852
20210830,경인선,구일,5734,5855,11589
20210830,경인선,소사,8327,8125,16452
20210830,경인선,부개,8114,7540,15654
20210830,경인선,간석,5893,5579,11472
20210830,경인선,도원,3105,3179,6284
20210830,경인선,온수,6327,6070,12397
20210830,경인선,중동,8710,8307,17017
20210830,경인선,도화,3969,3809,7778
20210831,경인선,개봉,19114,20181,39295
20210831,경인선,오류동,10587,10181,20768
20210831,경인선,역곡,23415,23280,46695
20210831,경인선,부천,27051,26994,54045
20210831,경인선,송내,23753,24074,47827
20210831,경인선,부평,23913,24749,48662
20210831,경인선,백운,6196,6241,12437
20210831,경인선,동암,12588,12719,25307
20210831,경인선,주안,15892,14647,30539
20210831,경인선,제물포,8916,8648,17564
20210831,경인선,동인천,11528,10994,22522
20210831,경인선,인천,2529,1831,4360
20210831,경인선,구일,5371,5547,10918
20210831,경인선,소사,7622,7581,15203
20210831,경인선,부개,7593,7308,14901
20210831,경인선,간석,5308,5146,10454
20210831,경인선,도원,2840,2849,5689
20210831,경인선,온수,5849,5802,11651
20210831,경인선,중동,8165,7857,16022
20210831,경인선,도화,3515,3341,6856
20210901,경인선,개봉,20046,20392,40438
20210901,경인선,오류동,11200,10690,21890
20210901,경인선,역곡,24856,24724,49580
20210901,경인선,부천,29632,29476,59108
20210901,경인선,송내,24960,25015,49975
20210901,경인선,부평,26113,27807,53920
20210901,경인선,백운,6598,6457,13055
20210901,경인선,동암,13808,13848,27656
20210901,경인선,주안,16885,15455,32340
20210901,경인선,제물포,9573,9258,18831
20210901,경인선,동인천,12625,11956,24581
20210901,경인선,인천,2919,2185,5104
20210901,경인선,구일,5740,5881,11621
20210901,경인선,소사,7945,7828,15773
20210901,경인선,부개,7947,7482,15429
20210901,경인선,간석,5636,5395,11031
20210901,경인선,도원,3091,3176,6267
20210901,경인선,온수,6219,5965,12184
20210901,경인선,중동,8731,8228,16959
20210901,경인선,도화,3966,3719,7685
20210902,경인선,도화,3961,3660,7621
20210902,경인선,중동,8650,8187,16837
20210902,경인선,온수,6227,5929,12156
20210902,경인선,도원,3134,3199,6333
20210902,경인선,간석,5647,5460,11107
20210902,경인선,부개,8092,7638,15730
20210902,경인선,소사,8332,8198,16530
20210902,경인선,구일,5692,5840,11532
20210902,경인선,인천,3297,2569,5866
20210902,경인선,동인천,12891,12193,25084
20210902,경인선,제물포,9741,9267,19008
20210902,경인선,주안,17029,15498,32527
20210902,경인선,동암,13765,13960,27725
20210902,경인선,백운,6705,6565,13270
20210902,경인선,부평,26476,27945,54421
20210902,경인선,송내,25006,25261,50267
20210902,경인선,부천,30047,30030,60077
20210902,경인선,역곡,25215,25030,50245
20210902,경인선,오류동,11408,10852,22260
20210902,경인선,개봉,20339,20575,40914
20210903,경인선,도화,4075,3684,7759
20210903,경인선,중동,8753,8346,17099
20210903,경인선,온수,6464,6122,12586
20210903,경인선,도원,3136,3249,6385
20210903,경인선,간석,5780,5534,11314
20210903,경인선,부개,8234,7617,15851
20210903,경인선,소사,8399,8171,16570
20210903,경인선,구일,6022,6083,12105
20210903,경인선,인천,3638,2818,6456
20210903,경인선,동인천,13394,12685,26079
20210903,경인선,제물포,10335,9853,20188
20210903,경인선,주안,17936,16496,34432
20210903,경인선,동암,14431,14702,29133
20210903,경인선,백운,6903,6816,13719
20210903,경인선,부평,28014,30452,58466
20210903,경인선,송내,25387,25648,51035
20210903,경인선,부천,31134,31651,62785
20210903,경인선,역곡,25926,25874,51800
20210903,경인선,오류동,11608,10726,22334
20210903,경인선,개봉,20904,21130,42034
20210906,경인선,개봉,20346,21249,41595
20210906,경인선,오류동,11620,11000,22620
20210906,경인선,역곡,25167,25161,50328
20210906,경인선,부천,29791,29479,59270
20210906,경인선,송내,25044,25089,50133
20210906,경인선,부평,26356,27245,53601
20210906,경인선,백운,6802,6890,13692
20210906,경인선,동암,13846,13938,27784
20210906,경인선,주안,17027,15814,32841
20210906,경인선,제물포,9902,9654,19556
20210906,경인선,동인천,12677,11798,24475
20210906,경인선,인천,2987,2325,5312
20210906,경인선,구일,5847,6130,11977
20210906,경인선,소사,8319,8151,16470
20210906,경인선,부개,8154,7857,16011
20210906,경인선,간석,5737,5519,11256
20210906,경인선,도원,3362,3382,6744
20210906,경인선,온수,6605,6470,13075
20210906,경인선,중동,8882,8474,17356
20210906,경인선,도화,3995,3753,7748
20210907,경인선,개봉,19473,20081,39554
20210907,경인선,오류동,10889,10272,21161
20210907,경인선,역곡,23895,23967,47862
20210907,경인선,부천,27724,27494,55218
20210907,경인선,송내,24017,24407,48424
20210907,경인선,부평,24449,25660,50109
20210907,경인선,백운,6384,6294,12678
20210907,경인선,동암,13127,13315,26442
20210907,경인선,주안,16139,14782,30921
20210907,경인선,제물포,9233,8983,18216
20210907,경인선,동인천,11832,11258,23090
20210907,경인선,인천,2640,1947,4587
20210907,경인선,구일,5625,5830,11455
20210907,경인선,소사,7723,7591,15314
20210907,경인선,부개,7673,7279,14952
20210907,경인선,간석,5384,5174,10558
20210907,경인선,도원,3172,3193,6365
20210907,경인선,온수,6154,5955,12109
20210907,경인선,중동,8367,8095,16462
20210907,경인선,도화,3713,3523,7236
20210908,경인선,송내,25697,25672,51369
20210908,경인선,부평,27032,28687,55719
20210908,경인선,백운,6860,6801,13661
20210908,경인선,동암,14296,14376,28672
20210908,경인선,주안,17567,16052,33619
20210908,경인선,제물포,10137,9885,20022
20210908,경인선,동인천,13562,12799,26361
20210908,경인선,인천,3413,2660,6073
20210908,경인선,구일,6166,6078,12244
20210908,경인선,소사,8504,8473,16977
20210908,경인선,부개,8359,7954,16313
20210908,경인선,간석,5929,5641,11570
20210908,경인선,도원,3510,3553,7063
20210908,경인선,온수,6798,6382,13180
20210908,경인선,중동,9030,8655,17685
20210908,경인선,도화,4076,3846,7922
20210908,경인선,개봉,20880,21008,41888
20210908,경인선,오류동,11810,11200,23010
20210908,경인선,역곡,25948,25840,51788
20210908,경인선,부천,30629,30587,61216
20210909,경인선,동인천,13365,12736,26101
20210909,경인선,인천,3536,2651,6187
20210909,경인선,구일,6037,6082,12119
20210909,경인선,소사,8394,8227,16621
20210909,경인선,부개,8367,7861,16228
20210909,경인선,간석,5852,5583,11435
20210909,경인선,도원,3418,3499,6917
20210909,경인선,온수,6657,6383,13040
20210909,경인선,중동,8991,8525,17516
20210909,경인선,도화,4056,3745,7801
20210909,경인선,개봉,20739,21048,41787
20210909,경인선,오류동,11758,10906,22664
20210909,경인선,역곡,25693,25460,51153
20210909,경인선,부천,30539,30545,61084
20210909,경인선,송내,25692,25754,51446
20210909,경인선,부평,27203,29110,56313
20210909,경인선,백운,6920,6819,13739
20210909,경인선,동암,14276,14439,28715
20210909,경인선,주안,17377,16001,33378
20210909,경인선,제물포,10031,9845,19876
20210910,경인선,도화,4203,3828,8031
20210910,경인선,중동,9092,8555,17647
20210910,경인선,온수,6684,6350,13034
20210910,경인선,도원,3403,3458,6861
20210910,경인선,간석,5971,5696,11667
20210910,경인선,부개,8311,7786,16097
20210910,경인선,소사,8576,8200,16776
20210910,경인선,구일,6095,6155,12250
20210910,경인선,인천,3692,2745,6437
20210910,경인선,동인천,13637,12951,26588
20210910,경인선,제물포,10358,10005,20363
20210910,경인선,주안,18113,16640,34753
20210910,경인선,동암,14649,15066,29715
20210910,경인선,백운,7040,6951,13991
20210910,경인선,부평,28547,31135,59682
20210910,경인선,송내,25811,25778,51589
20210910,경인선,부천,31087,31832,62919
20210910,경인선,역곡,25985,26012,51997
20210910,경인선,오류동,11835,11101,22936
20210910,경인선,개봉,21100,21262,42362
20210913,경인선,도화,4115,3879,7994
20210913,경인선,중동,9076,8621,17697
20210913,경인선,온수,6539,6367,12906
20210913,경인선,도원,3352,3320,6672
20210913,경인선,간석,5764,5446,11210
20210913,경인선,부개,8371,7751,16122
20210913,경인선,소사,8684,8379,17063
20210913,경인선,구일,5883,6088,11971
20210913,경인선,인천,3096,2410,5506
20210913,경인선,동인천,13128,12408,25536
20210913,경인선,제물포,10174,9897,20071
20210913,경인선,주안,17856,16176,34032
20210913,경인선,동암,14466,14364,28830
20210913,경인선,백운,6890,6771,13661
20210913,경인선,부평,27726,29171,56897
20210913,경인선,송내,25321,25446,50767
20210913,경인선,부천,31150,31097,62247
20210913,경인선,역곡,25702,25403,51105
20210913,경인선,오류동,11964,11109,23073
20210913,경인선,개봉,20807,21201,42008
20210914,경인선,도화,4053,3759,7812
20210914,경인선,중동,9020,8618,17638
20210914,경인선,온수,6660,6501,13161
20210914,경인선,도원,3222,3376,6598
20210914,경인선,간석,5831,5525,11356
20210914,경인선,부개,8326,7808,16134
20210914,경인선,소사,8422,8218,16640
20210914,경인선,구일,5921,6011,11932
20210914,경인선,인천,3218,2453,5671
20210914,경인선,동인천,13326,12609,25935
20210914,경인선,제물포,10173,9830,20003
20210914,경인선,주안,17558,16036,33594
20210914,경인선,동암,14378,14448,28826
20210914,경인선,백운,7000,6846,13846
20210914,경인선,부평,27293,28949,56242
20210914,경인선,송내,25654,25672,51326
20210914,경인선,부천,30866,30922,61788
20210914,경인선,역곡,25670,25577,51247
20210914,경인선,오류동,11746,10871,22617
20210914,경인선,개봉,20804,21112,41916
20210915,경인선,도화,4171,3922,8093
20210915,경인선,중동,9191,8662,17853
20210915,경인선,온수,6806,6601,13407
20210915,경인선,도원,3349,3317,6666
20210915,경인선,간석,5757,5539,11296
20210915,경인선,부개,8613,7912,16525
20210915,경인선,소사,8709,8423,17132
20210915,경인선,구일,6204,6198,12402
20210915,경인선,인천,3431,2666,6097
20210915,경인선,동인천,13555,12853,26408
20210915,경인선,제물포,10453,10055,20508
20210915,경인선,주안,17826,16373,34199
20210915,경인선,동암,14601,14696,29297
20210915,경인선,백운,7214,7203,14417
20210915,경인선,부평,28065,30050,58115
20210915,경인선,송내,25862,25991,51853
20210915,경인선,부천,31535,31732,63267
20210915,경인선,역곡,26454,26105,52559
20210915,경인선,오류동,11909,11317,23226
20210915,경인선,개봉,21069,21289,42358
20210916,경인선,도화,4170,3843,8013
20210916,경인선,중동,9236,8709,17945
20210916,경인선,온수,6782,6484,13266
20210916,경인선,도원,3249,3321,6570
20210916,경인선,간석,5786,5480,11266
20210916,경인선,부개,8439,7840,16279
20210916,경인선,소사,8522,8452,16974
20210916,경인선,구일,6062,6144,12206
20210916,경인선,인천,3217,2461,5678
20210916,경인선,동인천,13452,12685,26137
20210916,경인선,제물포,10060,9704,19764
20210916,경인선,주안,18087,16218,34305
20210916,경인선,동암,14511,14686,29197
20210916,경인선,백운,7014,6915,13929
20210916,경인선,부평,27802,29914,57716
20210916,경인선,송내,25676,25837,51513
20210916,경인선,부천,31606,31755,63361
20210916,경인선,역곡,26245,25949,52194
20210916,경인선,오류동,11972,10890,22862
20210916,경인선,개봉,21233,21339,42572
20210917,경인선,개봉,21288,21448,42736
20210917,경인선,오류동,12072,10994,23066
20210917,경인선,역곡,26331,26352,52683
20210917,경인선,부천,32665,33551,66216
20210917,경인선,송내,25535,25683,51218
20210917,경인선,부평,29821,32767,62588
20210917,경인선,백운,7204,7116,14320
20210917,경인선,동암,15039,15436,30475
20210917,경인선,주안,18548,16801,35349
20210917,경인선,제물포,10405,9875,20280
20210917,경인선,동인천,13661,13039,26700
20210917,경인선,인천,3346,2562,5908
20210917,경인선,구일,6164,6139,12303
20210917,경인선,소사,8529,8373,16902
20210917,경인선,부개,8555,7965,16520
20210917,경인선,간석,5841,5499,11340
20210917,경인선,도원,3234,3362,6596
20210917,경인선,온수,6861,6413,13274
20210917,경인선,중동,9203,8815,18018
20210917,경인선,도화,4239,3938,8177
20210920,경인선,개봉,8663,8694,17357
20210920,경인선,오류동,4901,4281,9182
20210920,경인선,역곡,10359,10476,20835
20210920,경인선,부천,17332,17654,34986
20210920,경인선,송내,8697,8763,17460
20210920,경인선,부평,17533,18697,36230
20210920,경인선,백운,2864,3015,5879
20210920,경인선,동암,7130,7494,14624
20210920,경인선,주안,8588,7844,16432
20210920,경인선,제물포,3942,4058,8000
20210920,경인선,동인천,6723,6973,13696
20210920,경인선,인천,4101,3404,7505
20210920,경인선,구일,2101,1963,4064
20210920,경인선,소사,3723,3954,7677
20210920,경인선,부개,3470,3509,6979
20210920,경인선,간석,2380,2313,4693
20210920,경인선,도원,1071,1153,2224
20210920,경인선,온수,2607,2351,4958
20210920,경인선,중동,3822,3688,7510
20210920,경인선,도화,1786,1652,3438
20210921,경인선,개봉,7485,7389,14874
20210921,경인선,오류동,4101,4175,8276
20210921,경인선,역곡,8863,8905,17768
20210921,경인선,부천,13674,14190,27864
20210921,경인선,송내,7689,7260,14949
20210921,경인선,부평,13934,15004,28938
20210921,경인선,백운,2831,2648,5479
20210921,경인선,동암,6559,6687,13246
20210921,경인선,주안,7793,7281,15074
20210921,경인선,제물포,3567,3439,7006
20210921,경인선,동인천,5819,5545,11364
20210921,경인선,인천,3493,3018,6511
20210921,경인선,구일,1828,1875,3703
20210921,경인선,소사,3624,3506,7130
20210921,경인선,부개,3260,2979,6239
20210921,경인선,간석,2167,2046,4213
20210921,경인선,도원,1045,970,2015
20210921,경인선,온수,2140,1868,4008
20210921,경인선,중동,3212,3088,6300
20210921,경인선,도화,1568,1396,2964
20210922,경인선,개봉,9818,9497,19315
20210922,경인선,오류동,5448,5462,10910
20210922,경인선,역곡,11957,11641,23598
20210922,경인선,부천,18598,18319,36917
20210922,경인선,송내,10832,9999,20831
20210922,경인선,부평,20057,20761,40818
20210922,경인선,백운,3457,3240,6697
20210922,경인선,동암,8197,7838,16035
20210922,경인선,주안,10013,8875,18888
20210922,경인선,제물포,4628,4307,8935
20210922,경인선,동인천,7867,7356,15223
20210922,경인선,인천,4445,3725,8170
20210922,경인선,구일,2532,2558,5090
20210922,경인선,소사,4361,3974,8335
20210922,경인선,부개,3863,3632,7495
20210922,경인선,간석,2799,2493,5292
20210922,경인선,도원,1210,1262,2472
20210922,경인선,온수,3007,2687,5694
20210922,경인선,중동,4118,3684,7802
20210922,경인선,도화,1988,1756,3744
20210923,경인선,개봉,19582,19730,39312
20210923,경인선,오류동,10962,10545,21507
20210923,경인선,역곡,24658,24649,49307
20210923,경인선,부천,30139,30193,60332
20210923,경인선,송내,24353,24167,48520
20210923,경인선,부평,27450,29269,56719
20210923,경인선,백운,6473,6404,12877
20210923,경인선,동암,13930,13922,27852
20210923,경인선,주안,16722,15362,32084
20210923,경인선,제물포,9643,9187,18830
20210923,경인선,동인천,12593,12160,24753
20210923,경인선,인천,3376,2792,6168
20210923,경인선,구일,5552,5773,11325
20210923,경인선,소사,8078,7824,15902
20210923,경인선,부개,8051,7487,15538
20210923,경인선,간석,5743,5338,11081
20210923,경인선,도원,2902,2881,5783
20210923,경인선,온수,6116,5946,12062
20210923,경인선,중동,8580,8054,16634
20210923,경인선,도화,3950,3570,7520
20210924,경인선,개봉,20605,20625,41230
20210924,경인선,오류동,11509,10961,22470
20210924,경인선,역곡,25993,25937,51930
20210924,경인선,부천,31405,31812,63217
20210924,경인선,송내,25184,25344,50528
20210924,경인선,부평,28973,31259,60232
20210924,경인선,백운,6731,6723,13454
20210924,경인선,동암,14514,14566,29080
20210924,경인선,주안,17747,16236,33983
20210924,경인선,제물포,10323,9892,20215
20210924,경인선,동인천,13553,12982,26535
20210924,경인선,인천,3666,2893,6559
20210924,경인선,구일,5957,6017,11974
20210924,경인선,소사,8319,8071,16390
20210924,경인선,부개,8216,7739,15955
20210924,경인선,간석,5821,5539,11360
20210924,경인선,도원,3002,3094,6096
20210924,경인선,온수,6608,6231,12839
20210924,경인선,중동,8912,8324,17236
20210924,경인선,도화,4161,3760,7921
20210927,경인선,도화,4163,3790,7953
20210927,경인선,중동,9102,8605,17707
20210927,경인선,온수,6558,6474,13032
20210927,경인선,도원,3094,3167,6261
20210927,경인선,간석,5798,5572,11370
20210927,경인선,부개,8401,7969,16370
20210927,경인선,소사,8610,8522,17132
20210927,경인선,구일,6031,6150,12181
20210927,경인선,인천,3168,2409,5577
20210927,경인선,동인천,13134,12586,25720
20210927,경인선,제물포,10523,10202,20725
20210927,경인선,주안,17467,15983,33450
20210927,경인선,동암,14345,14251,28596
20210927,경인선,백운,7028,6959,13987
20210927,경인선,부평,26933,28303,55236
20210927,경인선,송내,25560,25771,51331
20210927,경인선,부천,30588,30682,61270
20210927,경인선,역곡,26023,25861,51884
20210927,경인선,오류동,11871,11255,23126
20210927,경인선,개봉,20830,21091,41921
20210928,경인선,개봉,20750,21119,41869
20210928,경인선,오류동,11763,11048,22811
20210928,경인선,역곡,25814,25717,51531
20210928,경인선,부천,30035,30126,60161
20210928,경인선,송내,25760,25918,51678
20210928,경인선,부평,26377,27753,54130
20210928,경인선,백운,6764,6651,13415
20210928,경인선,동암,14071,14205,28276
20210928,경인선,주안,17192,15716,32908
20210928,경인선,제물포,9937,9748,19685
20210928,경인선,동인천,13011,12250,25261
20210928,경인선,인천,3147,2386,5533
20210928,경인선,구일,5963,6107,12070
20210928,경인선,소사,8385,8228,16613
20210928,경인선,부개,8385,7948,16333
20210928,경인선,간석,5599,5524,11123
20210928,경인선,도원,2967,3074,6041
20210928,경인선,온수,6697,6559,13256
20210928,경인선,중동,8988,8622,17610
20210928,경인선,도화,4012,3605,7617
20210929,경인선,개봉,19840,20026,39866
20210929,경인선,오류동,11400,10752,22152
20210929,경인선,역곡,24605,24573,49178
20210929,경인선,부천,29249,29339,58588
20210929,경인선,송내,24719,24929,49648
20210929,경인선,부평,25583,27330,52913
20210929,경인선,백운,6471,6450,12921
20210929,경인선,동암,13533,13818,27351
20210929,경인선,주안,16799,15446,32245
20210929,경인선,제물포,9758,9445,19203
20210929,경인선,동인천,12526,11874,24400
20210929,경인선,인천,2859,2075,4934
20210929,경인선,구일,5710,5915,11625
20210929,경인선,소사,7914,7821,15735
20210929,경인선,부개,8020,7506,15526
20210929,경인선,간석,5524,5188,10712
20210929,경인선,도원,2992,3102,6094
20210929,경인선,온수,6424,6278,12702
20210929,경인선,중동,8632,8206,16838
20210929,경인선,도화,3863,3626,7489
20210930,경인선,개봉,20980,21213,42193
20210930,경인선,오류동,12062,11337,23399
20210930,경인선,역곡,26300,26061,52361
20210930,경인선,부천,31053,31294,62347
20210930,경인선,송내,25893,26003,51896
20210930,경인선,부평,27672,29478,57150
20210930,경인선,백운,6885,6863,13748
20210930,경인선,동암,14310,14563,28873
20210930,경인선,주안,17966,16450,34416
20210930,경인선,제물포,10401,9997,20398
20210930,경인선,동인천,13586,12899,26485
20210930,경인선,인천,3643,2874,6517
20210930,경인선,구일,6051,6196,12247
20210930,경인선,소사,8680,8505,17185
20210930,경인선,부개,8549,8135,16684
20210930,경인선,간석,5803,5517,11320
20210930,경인선,도원,3140,3265,6405
20210930,경인선,온수,7087,6756,13843
20210930,경인선,중동,9223,8635,17858
20210930,경인선,도화,4290,3812,8102
20211001,경인선,도화,4209,3846,8055
20211001,경인선,중동,9058,8611,17669
20211001,경인선,온수,6850,6684,13534
20211001,경인선,도원,2941,3080,6021
20211001,경인선,간석,5956,5754,11710
20211001,경인선,부개,8436,7945,16381
20211001,경인선,소사,8551,8337,16888
20211001,경인선,구일,6128,6199,12327
20211001,경인선,인천,3678,2854,6532
20211001,경인선,동인천,13788,13099,26887
20211001,경인선,제물포,10434,10062,20496
20211001,경인선,주안,18132,16648,34780
20211001,경인선,동암,14757,14945,29702
20211001,경인선,백운,7076,7032,14108
20211001,경인선,부평,29095,31517,60612
20211001,경인선,송내,26018,26398,52416
20211001,경인선,부천,31776,32307,64083
20211001,경인선,역곡,26764,26509,53273
20211001,경인선,오류동,12102,11337,23439
20211001,경인선,개봉,21153,21408,42561
20211004,경인선,개봉,12880,13073,25953
20211004,경인선,오류동,7420,6974,14394
20211004,경인선,역곡,16059,16128,32187
20211004,경인선,부천,22028,21668,43696
20211004,경인선,송내,13863,13813,27676
20211004,경인선,부평,21434,22271,43705
20211004,경인선,백운,4363,4323,8686
20211004,경인선,동암,9617,9691,19308
20211004,경인선,주안,11517,10262,21779
20211004,경인선,제물포,5847,5623,11470
20211004,경인선,동인천,8961,8566,17527
20211004,경인선,인천,3334,2513,5847
20211004,경인선,구일,3337,3272,6609
20211004,경인선,소사,5601,5484,11085
20211004,경인선,부개,5277,5062,10339
20211004,경인선,간석,3714,3502,7216
20211004,경인선,도원,1597,1622,3219
20211004,경인선,온수,3766,3670,7436
20211004,경인선,중동,5541,5234,10775
20211004,경인선,도화,2522,2374,4896
20211005,경인선,도화,4116,3745,7861
20211005,경인선,중동,9296,8837,18133
20211005,경인선,온수,6891,6600,13491
20211005,경인선,도원,3022,3106,6128
20211005,경인선,간석,5742,5576,11318
20211005,경인선,부개,8493,7907,16400
20211005,경인선,소사,8725,8498,17223
20211005,경인선,구일,6182,6277,12459
20211005,경인선,인천,3295,2541,5836
20211005,경인선,동인천,13287,12591,25878
20211005,경인선,제물포,10169,10000,20169
20211005,경인선,주안,17724,16088,33812
20211005,경인선,동암,14308,14410,28718
20211005,경인선,백운,7115,7052,14167
20211005,경인선,부평,26668,28434,55102
20211005,경인선,송내,26251,26357,52608
20211005,경인선,부천,30380,30268,60648
20211005,경인선,역곡,26254,26057,52311
20211005,경인선,오류동,11771,11020,22791
20211005,경인선,개봉,20975,21293,42268
20211006,경인선,개봉,20783,20918,41701
20211006,경인선,오류동,11589,10865,22454
20211006,경인선,역곡,25812,25677,51489
20211006,경인선,부천,30421,30490,60911
20211006,경인선,송내,25973,26114,52087
20211006,경인선,부평,26357,27948,54305
20211006,경인선,백운,6805,6753,13558
20211006,경인선,동암,14053,14106,28159
20211006,경인선,주안,17525,16378,33903
20211006,경인선,제물포,10173,9941,20114
20211006,경인선,동인천,13119,12195,25314
20211006,경인선,인천,3061,2350,5411
20211006,경인선,구일,6149,6242,12391
20211006,경인선,소사,8495,8396,16891
20211006,경인선,부개,8317,7805,16122
20211006,경인선,간석,5851,5466,11317
20211006,경인선,도원,3347,3379,6726
20211006,경인선,온수,6803,6548,13351
20211006,경인선,중동,9149,8537,17686
20211006,경인선,도화,4044,3738,7782
20211007,경인선,도화,4108,3858,7966
20211007,경인선,중동,9080,8552,17632
20211007,경인선,온수,6820,6649,13469
20211007,경인선,도원,3181,3332,6513
20211007,경인선,간석,5879,5573,11452
20211007,경인선,부개,8482,7902,16384
20211007,경인선,소사,8510,8454,16964
20211007,경인선,구일,6237,6230,12467
20211007,경인선,인천,3352,2621,5973
20211007,경인선,동인천,13240,12619,25859
20211007,경인선,제물포,10243,9827,20070
20211007,경인선,주안,17821,16229,34050
20211007,경인선,동암,14197,14308,28505
20211007,경인선,백운,7060,6974,14034
20211007,경인선,부평,27210,29044,56254
20211007,경인선,송내,25978,26182,52160
20211007,경인선,부천,30923,30980,61903
20211007,경인선,역곡,25883,25701,51584
20211007,경인선,오류동,11964,11187,23151
20211007,경인선,개봉,20959,21098,42057
20211008,경인선,도화,4207,3770,7977
20211008,경인선,중동,9211,8682,17893
20211008,경인선,온수,6861,6559,13420
20211008,경인선,도원,3267,3350,6617
20211008,경인선,간석,5788,5496,11284
20211008,경인선,부개,8391,7987,16378
20211008,경인선,소사,8531,8411,16942
20211008,경인선,구일,6294,6225,12519
20211008,경인선,인천,3447,2538,5985
20211008,경인선,동인천,13566,12875,26441
20211008,경인선,제물포,10461,10017,20478
20211008,경인선,주안,18494,16886,35380
20211008,경인선,동암,14397,14710,29107
20211008,경인선,백운,7058,6934,13992
20211008,경인선,부평,28711,31206,59917
20211008,경인선,송내,26275,26405,52680
20211008,경인선,부천,31442,31918,63360
20211008,경인선,역곡,26394,26324,52718
20211008,경인선,오류동,12031,11154,23185
20211008,경인선,개봉,21298,21423,42721
20211011,경인선,개봉,13885,13989,27874
20211011,경인선,오류동,7625,7401,15026
20211011,경인선,역곡,16997,16953,33950
20211011,경인선,부천,23646,23722,47368
20211011,경인선,송내,14625,14527,29152
20211011,경인선,부평,22744,23925,46669
20211011,경인선,백운,4662,4564,9226
20211011,경인선,동암,10423,10467,20890
20211011,경인선,주안,12638,11117,23755
20211011,경인선,제물포,6345,6134,12479
20211011,경인선,동인천,10003,9678,19681
20211011,경인선,인천,4343,3480,7823
20211011,경인선,구일,3612,3597,7209
20211011,경인선,소사,5777,5589,11366
20211011,경인선,부개,5523,5297,10820
20211011,경인선,간석,3880,3656,7536
20211011,경인선,도원,1724,1730,3454
20211011,경인선,온수,4048,3937,7985
20211011,경인선,중동,5939,5614,11553
20211011,경인선,도화,2696,2551,5247
20211012,경인선,개봉,21213,21494,42707
20211012,경인선,오류동,11740,11062,22802
20211012,경인선,역곡,26443,26396,52839
20211012,경인선,부천,31349,31421,62770
20211012,경인선,송내,26790,27091,53881
20211012,경인선,부평,27337,28977,56314
20211012,경인선,백운,7108,6994,14102
20211012,경인선,동암,14520,14713,29233
20211012,경인선,주안,18204,16661,34865
20211012,경인선,제물포,10568,10230,20798
20211012,경인선,동인천,13564,12827,26391
20211012,경인선,인천,3305,2565,5870
20211012,경인선,구일,6292,6381,12673
20211012,경인선,소사,8939,8732,17671
20211012,경인선,부개,8692,8122,16814
20211012,경인선,간석,5844,5539,11383
20211012,경인선,도원,3326,3330,6656
20211012,경인선,온수,6921,6666,13587
20211012,경인선,중동,9337,8818,18155
20211012,경인선,도화,4119,3822,7941
20211013,경인선,도화,4195,3958,8153
20211013,경인선,중동,9393,8932,18325
20211013,경인선,온수,7192,6958,14150
20211013,경인선,도원,3349,3447,6796
20211013,경인선,간석,5982,5696,11678
20211013,경인선,부개,8686,8140,16826
20211013,경인선,소사,8884,8728,17612
20211013,경인선,구일,6397,6441,12838
20211013,경인선,인천,3564,2739,6303
20211013,경인선,동인천,13867,13079,26946
20211013,경인선,제물포,10700,10531,21231
20211013,경인선,주안,18657,16943,35600
20211013,경인선,동암,14712,14902,29614
20211013,경인선,백운,7230,7046,14276
20211013,경인선,부평,27854,29571,57425
20211013,경인선,송내,26677,26885,53562
20211013,경인선,부천,31588,31842,63430
20211013,경인선,역곡,26759,26479,53238
20211013,경인선,오류동,11964,11150,23114
20211013,경인선,개봉,21381,21366,42747
20211014,경인선,도화,4251,3961,8212
20211014,경인선,중동,9457,8808,18265
20211014,경인선,온수,7041,6765,13806
20211014,경인선,도원,3337,3337,6674
20211014,경인선,간석,5933,5781,11714
20211014,경인선,부개,8768,8244,17012
20211014,경인선,소사,8844,8704,17548
20211014,경인선,구일,6231,6315,12546
20211014,경인선,인천,3488,2751,6239
20211014,경인선,동인천,13691,13023,26714
20211014,경인선,제물포,10692,10137,20829
20211014,경인선,주안,18208,16616,34824
20211014,경인선,동암,14672,14841,29513
20211014,경인선,백운,7200,7111,14311
20211014,경인선,부평,27650,29712,57362
20211014,경인선,송내,26524,26826,53350
20211014,경인선,부천,31777,31704,63481
20211014,경인선,역곡,26573,26502,53075
20211014,경인선,오류동,12103,11148,23251
20211014,경인선,개봉,21459,21385,42844
20211015,경인선,개봉,21658,21631,43289
20211015,경인선,오류동,12075,11185,23260
20211015,경인선,역곡,26774,26733,53507
20211015,경인선,부천,32128,32818,64946
20211015,경인선,송내,26755,26971,53726
20211015,경인선,부평,29382,32124,61506
20211015,경인선,백운,7244,7097,14341
20211015,경인선,동암,15049,15300,30349
20211015,경인선,주안,18672,17007,35679
20211015,경인선,제물포,10876,10410,21286
20211015,경인선,동인천,13907,13264,27171
20211015,경인선,인천,3794,2896,6690
20211015,경인선,구일,6215,6283,12498
20211015,경인선,소사,8921,8605,17526
20211015,경인선,부개,8618,7983,16601
20211015,경인선,간석,6028,5641,11669
20211015,경인선,도원,3432,3512,6944
20211015,경인선,온수,7231,6807,14038
20211015,경인선,중동,9352,8658,18010
20211015,경인선,도화,4308,3979,8287
20211018,경인선,개봉,20767,21079,41846
20211018,경인선,오류동,11589,11127,22716
20211018,경인선,역곡,26098,26044,52142
20211018,경인선,부천,31110,30855,61965
20211018,경인선,송내,25824,25795,51619
20211018,경인선,부평,27155,28615,55770
20211018,경인선,백운,6916,6801,13717
20211018,경인선,동암,14291,14245,28536
20211018,경인선,주안,17801,16236,34037
20211018,경인선,제물포,10618,10330,20948
20211018,경인선,동인천,12992,12378,25370
20211018,경인선,인천,3148,2385,5533
20211018,경인선,구일,6085,6174,12259
20211018,경인선,소사,8715,8550,17265
20211018,경인선,부개,8378,7837,16215
20211018,경인선,간석,5740,5485,11225
20211018,경인선,도원,3125,3157,6282
20211018,경인선,온수,6768,6511,13279
20211018,경인선,중동,9272,8731,18003
20211018,경인선,도화,4020,3724,7744
20211019,경인선,개봉,21118,21382,42500
20211019,경인선,오류동,11817,11102,22919
20211019,경인선,역곡,26645,26365,53010
20211019,경인선,부천,31193,31314,62507
20211019,경인선,송내,26608,26710,53318
20211019,경인선,부평,27057,28666,55723
20211019,경인선,백운,7043,7008,14051
20211019,경인선,동암,14551,14644,29195
20211019,경인선,주안,18265,16536,34801
20211019,경인선,제물포,10737,10310,21047
20211019,경인선,동인천,13231,12733,25964
20211019,경인선,인천,3537,2580,6117
20211019,경인선,구일,6153,6164,12317
20211019,경인선,소사,8784,8581,17365
20211019,경인선,부개,8384,7969,16353
20211019,경인선,간석,5913,5698,11611
20211019,경인선,도원,3254,3259,6513
20211019,경인선,온수,6870,6679,13549
20211019,경인선,중동,9319,8763,18082
20211019,경인선,도화,4162,3843,8005
20211020,경인선,개봉,21444,21664,43108
20211020,경인선,오류동,11864,11257,23121
20211020,경인선,역곡,27274,26903,54177
20211020,경인선,부천,32691,32736,65427
20211020,경인선,송내,27173,27584,54757
20211020,경인선,부평,28347,30419,58766
20211020,경인선,백운,7250,7082,14332
20211020,경인선,동암,15008,15109,30117
20211020,경인선,주안,18938,17243,36181
20211020,경인선,제물포,10818,10679,21497
20211020,경인선,동인천,14193,13283,27476
20211020,경인선,인천,3661,2892,6553
20211020,경인선,구일,6195,6278,12473
20211020,경인선,소사,9039,8786,17825
20211020,경인선,부개,8780,8199,16979
20211020,경인선,간석,5954,5757,11711
20211020,경인선,도원,3295,3337,6632
20211020,경인선,온수,7136,6918,14054
20211020,경인선,중동,9439,8897,18336
20211020,경인선,도화,4182,3904,8086
20211021,경인선,개봉,21402,21495,42897
20211021,경인선,오류동,11974,11187,23161
20211021,경인선,역곡,27224,26905,54129
20211021,경인선,부천,32373,32463,64836
20211021,경인선,송내,26764,27006,53770
20211021,경인선,부평,28201,30167,58368
20211021,경인선,백운,7065,6949,14014
20211021,경인선,동암,14795,14897,29692
20211021,경인선,주안,19046,17118,36164
20211021,경인선,제물포,10848,10536,21384
20211021,경인선,동인천,13789,13075,26864
20211021,경인선,인천,3845,2903,6748
20211021,경인선,구일,6022,6247,12269
20211021,경인선,소사,8814,8758,17572
20211021,경인선,부개,8714,8040,16754
20211021,경인선,간석,5802,5599,11401
20211021,경인선,도원,3288,3245,6533
20211021,경인선,온수,7051,6683,13734
20211021,경인선,중동,9349,8799,18148
20211021,경인선,도화,4182,3820,8002
20211022,경인선,도화,4275,3898,8173
20211022,경인선,중동,9424,8991,18415
20211022,경인선,온수,7219,6816,14035
20211022,경인선,도원,3381,3480,6861
20211022,경인선,간석,5973,5607,11580
20211022,경인선,부개,8671,8008,16679
20211022,경인선,소사,8626,8521,17147
20211022,경인선,구일,6294,6373,12667
20211022,경인선,인천,4100,3094,7194
20211022,경인선,동인천,14425,13611,28036
20211022,경인선,제물포,11287,10804,22091
20211022,경인선,주안,19488,17613,37101
20211022,경인선,동암,15023,15512,30535
20211022,경인선,백운,7246,7172,14418
20211022,경인선,부평,30331,33320,63651
20211022,경인선,송내,27139,27455,54594
20211022,경인선,부천,33181,33750,66931
20211022,경인선,역곡,28183,27810,55993
20211022,경인선,오류동,12090,11365,23455
20211022,경인선,개봉,21947,22093,44040
20211025,경인선,개봉,21480,21605,43085
20211025,경인선,오류동,12041,11348,23389
20211025,경인선,역곡,27533,27306,54839
20211025,경인선,부천,32149,32281,64430
20211025,경인선,송내,27057,27046,54103
20211025,경인선,부평,28059,29896,57955
20211025,경인선,백운,7184,7035,14219
20211025,경인선,동암,14783,14841,29624
20211025,경인선,주안,18630,17042,35672
20211025,경인선,제물포,10948,10646,21594
20211025,경인선,동인천,14043,13300,27343
20211025,경인선,인천,3480,2714,6194
20211025,경인선,구일,6297,6390,12687
20211025,경인선,소사,8971,8917,17888
20211025,경인선,부개,8754,8029,16783
20211025,경인선,간석,5834,5541,11375
20211025,경인선,도원,3417,3368,6785
20211025,경인선,온수,7192,6880,14072
20211025,경인선,중동,9590,9050,18640
20211025,경인선,도화,4319,3938,8257
20211026,경인선,도화,4319,3932,8251
20211026,경인선,중동,9511,8949,18460
20211026,경인선,온수,7208,6877,14085
20211026,경인선,도원,3335,3313,6648
20211026,경인선,간석,5936,5697,11633
20211026,경인선,부개,8852,8164,17016
20211026,경인선,소사,8962,8883,17845
20211026,경인선,구일,6240,6308,12548
20211026,경인선,인천,3965,2946,6911
20211026,경인선,동인천,13960,13274,27234
20211026,경인선,제물포,10933,10357,21290
20211026,경인선,주안,18714,17005,35719
20211026,경인선,동암,14938,15292,30230
20211026,경인선,백운,7323,7028,14351
20211026,경인선,부평,27566,29579,57145
20211026,경인선,송내,27492,27852,55344
20211026,경인선,부천,32544,32658,65202
20211026,경인선,역곡,27875,27500,55375
20211026,경인선,오류동,12237,11380,23617
20211026,경인선,개봉,21812,21875,43687
20211027,경인선,도화,4321,4011,8332
20211027,경인선,중동,9698,9082,18780
20211027,경인선,온수,7214,7022,14236
20211027,경인선,도원,3417,3433,6850
20211027,경인선,간석,5857,5633,11490
20211027,경인선,부개,8774,8202,16976
20211027,경인선,소사,9052,8785,17837
20211027,경인선,구일,8793,8991,17784
20211027,경인선,인천,3684,2824,6508
20211027,경인선,동인천,14390,13662,28052
20211027,경인선,제물포,11128,10758,21886
20211027,경인선,주안,19211,17396,36607
20211027,경인선,동암,15101,15342,30443
20211027,경인선,백운,7270,7076,14346
20211027,경인선,부평,28887,31057,59944
20211027,경인선,송내,27782,28140,55922
20211027,경인선,부천,32598,32916,65514
20211027,경인선,역곡,27948,27849,55797
20211027,경인선,오류동,12354,11458,23812
20211027,경인선,개봉,22135,22007,44142
20211028,경인선,도화,4403,3995,8398
20211028,경인선,중동,9562,9018,18580
20211028,경인선,온수,7210,6996,14206
20211028,경인선,도원,3083,3148,6231
20211028,경인선,간석,5917,5671,11588
20211028,경인선,부개,8900,8272,17172
20211028,경인선,소사,8932,8652,17584
20211028,경인선,구일,6655,6691,13346
20211028,경인선,인천,4062,2949,7011
20211028,경인선,동인천,14126,13529,27655
20211028,경인선,제물포,11029,10599,21628
20211028,경인선,주안,19082,17322,36404
20211028,경인선,동암,14973,15326,30299
20211028,경인선,백운,7308,7145,14453
20211028,경인선,부평,28738,30931,59669
20211028,경인선,송내,27448,27650,55098
20211028,경인선,부천,32400,32527,64927
20211028,경인선,역곡,27836,27784,55620
20211028,경인선,오류동,12292,11472,23764
20211028,경인선,개봉,21767,21906,43673
20211029,경인선,도화,4469,4063,8532
20211029,경인선,중동,9727,9132,18859
20211029,경인선,온수,7184,6808,13992
20211029,경인선,도원,3362,3397,6759
20211029,경인선,간석,6046,5756,11802
20211029,경인선,부개,8739,8102,16841
20211029,경인선,소사,8932,8662,17594
20211029,경인선,구일,8078,8211,16289
20211029,경인선,인천,3940,3186,7126
20211029,경인선,동인천,14397,13844,28241
20211029,경인선,제물포,11270,10788,22058
20211029,경인선,주안,19870,18022,37892
20211029,경인선,동암,15388,15756,31144
20211029,경인선,백운,7470,7243,14713
20211029,경인선,부평,30595,33697,64292
20211029,경인선,송내,27517,27646,55163
20211029,경인선,부천,33353,33975,67328
20211029,경인선,역곡,28190,27762,55952
20211029,경인선,오류동,12398,11352,23750
20211029,경인선,개봉,22134,21971,44105
20211101,경인선,도화,4179,3812,7991
20211101,경인선,중동,9528,9010,18538
20211101,경인선,온수,7090,6703,13793
20211101,경인선,도원,3368,3331,6699
20211101,경인선,간석,6054,5670,11724
20211101,경인선,부개,8829,8110,16939
20211101,경인선,소사,9025,8894,17919
20211101,경인선,구일,6591,6587,13178
20211101,경인선,인천,3566,2627,6193
20211101,경인선,동인천,13807,12986,26793
20211101,경인선,제물포,11022,10534,21556
20211101,경인선,주안,18775,17057,35832
20211101,경인선,동암,14846,14807,29653
20211101,경인선,백운,7228,6995,14223
20211101,경인선,부평,28148,30393,58541
20211101,경인선,송내,27279,27036,54315
20211101,경인선,부천,32523,32302,64825
20211101,경인선,역곡,28406,27990,56396
20211101,경인선,오류동,12302,11559,23861
20211101,경인선,개봉,21724,21708,43432
20211102,경인선,부개,8936,8265,17201
20211102,경인선,소사,8992,8912,17904
20211102,경인선,구일,7205,7214,14419
20211102,경인선,인천,3771,2872,6643
20211102,경인선,동인천,13948,12913,26861
20211102,경인선,제물포,10858,10540,21398
20211102,경인선,주안,18624,16764,35388
20211102,경인선,동암,14971,15088,30059
20211102,경인선,백운,7325,7142,14467
20211102,경인선,부평,28081,30238,58319
20211102,경인선,송내,27942,27997,55939
20211102,경인선,부천,32491,32574,65065
20211102,경인선,역곡,28852,28386,57238
20211102,경인선,오류동,12223,11459,23682
20211102,경인선,개봉,22184,22156,44340
20211102,경인선,간석,5955,5698,11653
20211102,경인선,도원,3133,3258,6391
20211102,경인선,온수,7200,6859,14059
20211102,경인선,중동,9736,9257,18993
20211102,경인선,도화,4326,3943,8269
20211103,경인선,도화,4364,4052,8416
20211103,경인선,중동,9581,9050,18631
20211103,경인선,온수,7265,6990,14255
20211103,경인선,도원,3366,3452,6818
20211103,경인선,간석,6199,5982,12181
20211103,경인선,부개,8943,8161,17104
20211103,경인선,소사,9183,8922,18105
20211103,경인선,구일,6634,6566,13200
20211103,경인선,인천,3755,2923,6678
20211103,경인선,동인천,14231,13460,27691
20211103,경인선,제물포,11122,10680,21802
20211103,경인선,주안,19154,17262,36416
20211103,경인선,동암,15179,15292,30471
20211103,경인선,백운,7338,7101,14439
20211103,경인선,부평,28720,31177,59897
20211103,경인선,송내,27970,28083,56053
20211103,경인선,부천,32856,33111,65967
20211103,경인선,역곡,29145,28490,57635
20211103,경인선,오류동,12477,11501,23978
20211103,경인선,개봉,22342,22081,44423
20211104,경인선,도화,4181,3884,8065
20211104,경인선,중동,9537,8853,18390
20211104,경인선,온수,7208,6873,14081
20211104,경인선,도원,3172,3332,6504
20211104,경인선,간석,5944,5598,11542
20211104,경인선,부개,8808,8057,16865
20211104,경인선,소사,8905,8744,17649
20211104,경인선,구일,6461,6380,12841
20211104,경인선,인천,3641,2833,6474
20211104,경인선,동인천,13844,13068,26912
20211104,경인선,제물포,10942,10346,21288
20211104,경인선,주안,18872,17100,35972
20211104,경인선,동암,14816,14826,29642
20211104,경인선,백운,7184,6951,14135
20211104,경인선,부평,28298,30973,59271
20211104,경인선,송내,27862,27671,55533
20211104,경인선,부천,32295,32534,64829
20211104,경인선,역곡,28754,27945,56699
20211104,경인선,오류동,12216,11265,23481
20211104,경인선,개봉,22023,21807,43830
20211105,경인선,도화,4488,4085,8573
20211105,경인선,중동,9650,9076,18726
20211105,경인선,온수,7540,6954,14494
20211105,경인선,도원,3373,3442,6815
20211105,경인선,간석,6240,5888,12128
20211105,경인선,부개,8918,8294,17212
20211105,경인선,소사,9264,8959,18223
20211105,경인선,구일,6625,6366,12991
20211105,경인선,인천,4424,3419,7843
20211105,경인선,동인천,14789,14189,28978
20211105,경인선,제물포,11700,10864,22564
20211105,경인선,주안,20236,18199,38435
20211105,경인선,동암,15717,15865,31582
20211105,경인선,백운,7592,7269,14861
20211105,경인선,부평,30652,34787,65439
20211105,경인선,송내,28503,28067,56570
20211105,경인선,부천,33624,34791,68415
20211105,경인선,역곡,29397,28428,57825
20211105,경인선,오류동,12786,11472,24258
20211105,경인선,개봉,22877,22302,45179
20211108,경인선,개봉,20457,20537,40994
20211108,경인선,오류동,11332,10686,22018
20211108,경인선,역곡,26457,26036,52493
20211108,경인선,부천,29639,29471,59110
20211108,경인선,송내,25760,25901,51661
20211108,경인선,부평,26314,27725,54039
20211108,경인선,백운,6613,6596,13209
20211108,경인선,동암,13841,13612,27453
20211108,경인선,주안,17526,15860,33386
20211108,경인선,제물포,10274,9864,20138
20211108,경인선,동인천,12159,11565,23724
20211108,경인선,인천,2668,1777,4445
20211108,경인선,구일,6079,6074,12153
20211108,경인선,소사,8138,8046,16184
20211108,경인선,부개,8123,7659,15782
20211108,경인선,간석,5609,5373,10982
20211108,경인선,도원,3003,3017,6020
20211108,경인선,온수,6508,6259,12767
20211108,경인선,중동,8980,8389,17369
20211108,경인선,도화,3856,3592,7448
20211109,경인선,개봉,21323,21218,42541
20211109,경인선,오류동,11678,10832,22510
20211109,경인선,역곡,27735,27223,54958
20211109,경인선,부천,30717,30677,61394
20211109,경인선,송내,26920,26970,53890
20211109,경인선,부평,26981,28614,55595
20211109,경인선,백운,6907,6726,13633
20211109,경인선,동암,14151,14351,28502
20211109,경인선,주안,18153,16515,34668
20211109,경인선,제물포,10303,9923,20226
20211109,경인선,동인천,12983,12298,25281
20211109,경인선,인천,2853,2054,4907
20211109,경인선,구일,6295,6397,12692
20211109,경인선,소사,8300,8198,16498
20211109,경인선,부개,8413,7909,16322
20211109,경인선,간석,5833,5559,11392
20211109,경인선,도원,3083,2999,6082
20211109,경인선,온수,6705,6459,13164
20211109,경인선,중동,9282,8645,17927
20211109,경인선,도화,3924,3604,7528
20211110,경인선,개봉,22180,22030,44210
20211110,경인선,오류동,12379,11417,23796
20211110,경인선,역곡,28886,28329,57215
20211110,경인선,부천,32853,32975,65828
20211110,경인선,송내,28040,28026,56066
20211110,경인선,부평,29063,31347,60410
20211110,경인선,백운,7381,7202,14583
20211110,경인선,동암,15000,15111,30111
20211110,경인선,주안,19296,17540,36836
20211110,경인선,제물포,11256,10569,21825
20211110,경인선,동인천,14250,13355,27605
20211110,경인선,인천,3368,2457,5825
20211110,경인선,구일,6834,6780,13614
20211110,경인선,소사,9042,8703,17745
20211110,경인선,부개,8760,8205,16965
20211110,경인선,간석,6147,5729,11876
20211110,경인선,도원,3226,3336,6562
20211110,경인선,온수,7288,7000,14288
20211110,경인선,중동,9628,8973,18601
20211110,경인선,도화,4278,4037,8315
20211111,경인선,개봉,22321,22081,44402
20211111,경인선,오류동,12371,11506,23877
20211111,경인선,역곡,28790,28042,56832
20211111,경인선,부천,33149,33167,66316
20211111,경인선,송내,27860,27847,55707
20211111,경인선,부평,29671,32071,61742
20211111,경인선,백운,7340,7188,14528
20211111,경인선,동암,14956,15022,29978
20211111,경인선,주안,19443,17419,36862
20211111,경인선,제물포,10731,10298,21029
20211111,경인선,동인천,13978,13082,27060
20211111,경인선,인천,3486,2718,6204
20211111,경인선,구일,6650,6658,13308
20211111,경인선,소사,8888,8667,17555
20211111,경인선,부개,8741,8131,16872
20211111,경인선,간석,5846,5634,11480
20211111,경인선,도원,2546,2643,5189
20211111,경인선,온수,6920,6628,13548
20211111,경인선,중동,9656,8990,18646
20211111,경인선,도화,4123,3785,7908
20211112,경인선,개봉,22350,21888,44238
20211112,경인선,오류동,12302,11243,23545
20211112,경인선,역곡,28960,27957,56917
20211112,경인선,부천,33451,34175,67626
20211112,경인선,송내,27844,27503,55347
20211112,경인선,부평,30818,35047,65865
20211112,경인선,백운,7336,7075,14411
20211112,경인선,동암,15179,15546,30725
20211112,경인선,주안,19904,17708,37612
20211112,경인선,제물포,10997,10297,21294
20211112,경인선,동인천,14622,14005,28627
20211112,경인선,인천,3580,2656,6236
20211112,경인선,구일,6631,6471,13102
20211112,경인선,소사,8821,8532,17353
20211112,경인선,부개,8824,8005,16829
20211112,경인선,간석,6007,5674,11681
20211112,경인선,도원,2603,2687,5290
20211112,경인선,온수,6837,6427,13264
20211112,경인선,중동,9621,8935,18556
20211112,경인선,도화,4204,3778,7982
20211115,경인선,개봉,21781,21665,43446
20211115,경인선,역곡,28150,27777,55927
20211115,경인선,부천,32761,32628,65389
20211115,경인선,송내,27183,27003,54186
20211115,경인선,부평,28475,30307,58782
20211115,경인선,백운,7098,6888,13986
20211115,경인선,동암,14827,14637,29464
20211115,경인선,주안,18807,16946,35753
20211115,경인선,제물포,10687,10154,20841
20211115,경인선,동인천,13549,12811,26360
20211115,경인선,인천,3558,2654,6212
20211115,경인선,구일,11643,13266,24909
20211115,경인선,소사,9141,8804,17945
20211115,경인선,부개,8651,7921,16572
20211115,경인선,간석,5774,5572,11346
20211115,경인선,도원,2559,2644,5203
20211115,경인선,온수,6610,6397,13007
20211115,경인선,중동,9577,8902,18479
20211115,경인선,도화,4175,3801,7976
20211115,경인선,오류동,11910,11266,23176
20211116,경인선,개봉,22265,22143,44408
20211116,경인선,오류동,12139,11385,23524
20211116,경인선,역곡,28833,28459,57292
20211116,경인선,부천,32678,32973,65651
20211116,경인선,송내,28067,27809,55876
20211116,경인선,부평,28926,30752,59678
20211116,경인선,백운,7281,7082,14363
20211116,경인선,동암,15073,15079,30152
20211116,경인선,주안,18909,17188,36097
20211116,경인선,제물포,10687,10086,20773
20211116,경인선,도화,4263,3888,8151
20211116,경인선,중동,9838,9174,19012
20211116,경인선,온수,6786,6557,13343
20211116,경인선,도원,2638,2784,5422
20211116,경인선,간석,5878,5746,11624
20211116,경인선,부개,8788,8278,17066
20211116,경인선,소사,9153,8865,18018
20211116,경인선,구일,6685,6648,13333
20211116,경인선,인천,3825,2933,6758
20211116,경인선,동인천,13921,13093,27014
20211117,경인선,도화,4289,3981,8270
20211117,경인선,중동,9769,9293,19062
20211117,경인선,온수,7019,6850,13869
20211117,경인선,도원,2586,2733,5319
20211117,경인선,간석,6005,5820,11825
20211117,경인선,부개,9009,8371,17380
20211117,경인선,소사,9053,8717,17770
20211117,경인선,구일,12126,14072,26198
20211117,경인선,인천,3656,2885,6541
20211117,경인선,동인천,14407,13520,27927
20211117,경인선,제물포,11008,10468,21476
20211117,경인선,주안,19646,17834,37480
20211117,경인선,동암,15032,15219,30251
20211117,경인선,백운,7316,7099,14415
20211117,경인선,부평,29430,31778,61208
20211117,경인선,송내,28006,27844,55850
20211117,경인선,부천,33164,33094,66258
20211117,경인선,역곡,29040,28328,57368
20211117,경인선,오류동,12273,11494,23767
20211117,경인선,개봉,22424,21991,44415
20211118,경인선,도화,4148,3936,8084
20211118,경인선,중동,9577,8880,18457
20211118,경인선,온수,6880,6485,13365
20211118,경인선,도원,2313,2453,4766
20211118,경인선,간석,5925,5641,11566
20211118,경인선,부개,8825,8135,16960
20211118,경인선,소사,8814,8497,17311
20211118,경인선,구일,12662,14080,26742
20211118,경인선,인천,3588,2747,6335
20211118,경인선,동인천,13972,13309,27281
20211118,경인선,제물포,10535,9926,20461
20211118,경인선,주안,19151,17054,36205
20211118,경인선,동암,14839,14881,29720
20211118,경인선,백운,7058,6927,13985
20211118,경인선,부평,29228,31274,60502
20211118,경인선,송내,27524,27277,54801
20211118,경인선,부천,32629,32879,65508
20211118,경인선,역곡,28249,27682,55931
20211118,경인선,오류동,12063,11177,23240
20211118,경인선,개봉,21709,21529,43238
20211119,경인선,개봉,22474,21759,44233
20211119,경인선,오류동,12334,11219,23553
20211119,경인선,역곡,29139,27936,57075
20211119,경인선,부천,33740,34295,68035
20211119,경인선,송내,28154,27841,55995
20211119,경인선,부평,30549,34810,65359
20211119,경인선,백운,7201,6971,14172
20211119,경인선,동암,15382,15434,30816
20211119,경인선,주안,20314,18185,38499
20211119,경인선,제물포,11288,10433,21721
20211119,경인선,동인천,14245,13521,27766
20211119,경인선,인천,3966,3170,7136
20211119,경인선,구일,6767,6584,13351
20211119,경인선,소사,9051,8821,17872
20211119,경인선,부개,8774,8051,16825
20211119,경인선,간석,6003,5580,11583
20211119,경인선,도원,2693,2823,5516
20211119,경인선,온수,6808,6497,13305
20211119,경인선,중동,9684,8959,18643
20211119,경인선,도화,4330,3956,8286
20211122,경인선,개봉,21202,21531,42733
20211122,경인선,오류동,11939,11190,23129
20211122,경인선,역곡,28257,27687,55944
20211122,경인선,부천,32072,31993,64065
20211122,경인선,송내,26875,26890,53765
20211122,경인선,부평,28285,29790,58075
20211122,경인선,백운,7096,7008,14104
20211122,경인선,동암,14516,14496,29012
20211122,경인선,주안,18807,16803,35610
20211122,경인선,제물포,10984,10642,21626
20211122,경인선,동인천,13243,12391,25634
20211122,경인선,인천,3053,2252,5305
20211122,경인선,구일,6705,6722,13427
20211122,경인선,소사,8785,8506,17291
20211122,경인선,부개,8547,8050,16597
20211122,경인선,간석,5918,5567,11485
20211122,경인선,도원,3374,3356,6730
20211122,경인선,온수,6883,6549,13432
20211122,경인선,중동,9519,8878,18397
20211122,경인선,도화,4102,3875,7977
20211123,경인선,도화,4133,3865,7998
20211123,경인선,중동,9442,8941,18383
20211123,경인선,온수,6848,6505,13353
20211123,경인선,도원,3136,3205,6341
20211123,경인선,간석,5889,5630,11519
20211123,경인선,부개,8549,8006,16555
20211123,경인선,소사,8792,8657,17449
20211123,경인선,구일,6643,6572,13215
20211123,경인선,인천,3130,2220,5350
20211123,경인선,동인천,13189,12564,25753
20211123,경인선,제물포,10905,10286,21191
20211123,경인선,주안,18835,16999,35834
20211123,경인선,동암,14509,14544,29053
20211123,경인선,백운,7063,6900,13963
20211123,경인선,부평,27786,29492,57278
20211123,경인선,송내,27237,27339,54576
20211123,경인선,부천,31693,31709,63402
20211123,경인선,역곡,27978,27665,55643
20211123,경인선,오류동,11973,11155,23128
20211123,경인선,개봉,21620,21349,42969
20211124,경인선,제물포,11057,10588,21645
20211124,경인선,주안,19086,17425,36511
20211124,경인선,동암,14913,14931,29844
20211124,경인선,백운,7188,7019,14207
20211124,경인선,부평,28535,30627,59162
20211124,경인선,송내,27605,27365,54970
20211124,경인선,부천,32031,32317,64348
20211124,경인선,역곡,28141,27773,55914
20211124,경인선,오류동,12137,11216,23353
20211124,경인선,개봉,21722,21647,43369
20211124,경인선,도화,4299,4000,8299
20211124,경인선,중동,9478,8823,18301
20211124,경인선,온수,6988,6727,13715
20211124,경인선,도원,3252,3259,6511
20211124,경인선,간석,5948,5539,11487
20211124,경인선,부개,8560,7927,16487
20211124,경인선,소사,8932,8662,17594
20211124,경인선,구일,6794,6690,13484
20211124,경인선,인천,3423,2592,6015
20211124,경인선,동인천,14015,13343,27358
20211125,경인선,도원,3196,3243,6439
20211125,경인선,온수,7085,6665,13750
20211125,경인선,중동,9616,8963,18579
20211125,경인선,도화,4233,3917,8150
20211125,경인선,역곡,28557,27734,56291
20211125,경인선,부천,32384,32599,64983
20211125,경인선,송내,27559,27467,55026
20211125,경인선,부평,28819,30997,59816
20211125,경인선,백운,7322,7134,14456
20211125,경인선,동암,15117,15178,30295
20211125,경인선,주안,19311,17579,36890
20211125,경인선,제물포,11034,10489,21523
20211125,경인선,동인천,14192,13556,27748
20211125,경인선,인천,3440,2624,6064
20211125,경인선,구일,6562,6633,13195
20211125,경인선,소사,8968,8783,17751
20211125,경인선,부개,8677,8073,16750
20211125,경인선,간석,5926,5574,11500
20211125,경인선,개봉,21939,21458,43397
20211125,경인선,오류동,12411,11278,23689
20211126,경인선,개봉,22198,21779,43977
20211126,경인선,오류동,12410,11249,23659
20211126,경인선,역곡,28875,27750,56625
20211126,경인선,부천,33105,33806,66911
20211126,경인선,송내,27748,27476,55224
20211126,경인선,부평,30406,34463,64869
20211126,경인선,백운,7510,7173,14683
20211126,경인선,동암,15381,15537,30918
20211126,경인선,주안,19883,18019,37902
20211126,경인선,제물포,11520,10883,22403
20211126,경인선,동인천,14590,13682,28272
20211126,경인선,인천,3399,2641,6040
20211126,경인선,구일,6699,6637,13336
20211126,경인선,소사,8914,8603,17517
20211126,경인선,부개,8770,7969,16739
20211126,경인선,간석,6108,5782,11890
20211126,경인선,도원,3281,3310,6591
20211126,경인선,온수,7054,6635,13689
20211126,경인선,중동,9670,9078,18748
20211126,경인선,도화,4392,3919,8311
20211129,경인선,개봉,21712,21383,43095
20211129,경인선,오류동,12124,11353,23477
20211129,경인선,역곡,27864,27490,55354
20211129,경인선,부천,32213,32206,64419
20211129,경인선,송내,27117,26958,54075
20211129,경인선,부평,28282,30021,58303
20211129,경인선,백운,7179,7112,14291
20211129,경인선,동암,14833,14796,29629
20211129,경인선,주안,18857,17053,35910
20211129,경인선,제물포,11280,10695,21975
20211129,경인선,동인천,13692,12702,26394
20211129,경인선,인천,3316,2437,5753
20211129,경인선,구일,6603,6602,13205
20211129,경인선,소사,9084,8719,17803
20211129,경인선,부개,8774,8124,16898
20211129,경인선,간석,5938,5669,11607
20211129,경인선,도원,3146,3213,6359
20211129,경인선,온수,6849,6578,13427
20211129,경인선,중동,9642,8912,18554
20211129,경인선,도화,4226,3892,8118
20211130,경인선,개봉,20497,20389,40886
20211130,경인선,오류동,11357,10498,21855
20211130,경인선,역곡,26417,25877,52294
20211130,경인선,부천,30038,29927,59965
20211130,경인선,송내,25972,26105,52077
20211130,경인선,부평,26052,27774,53826
20211130,경인선,백운,6661,6450,13111
20211130,경인선,동암,13852,13940,27792
20211130,경인선,주안,17751,16094,33845
20211130,경인선,제물포,10141,9623,19764
20211130,경인선,동인천,12526,11857,24383
20211130,경인선,인천,2672,1949,4621
20211130,경인선,구일,6331,6359,12690
20211130,경인선,소사,8112,7962,16074
20211130,경인선,부개,8052,7544,15596
20211130,경인선,간석,5488,5248,10736
20211130,경인선,도원,2794,2827,5621
20211130,경인선,온수,6468,6252,12720
20211130,경인선,중동,9072,8630,17702
20211130,경인선,도화,3830,3627,7457
20211201,경인선,도화,4201,3872,8073
20211201,경인선,중동,9457,8801,18258
20211201,경인선,온수,6897,6727,13624
20211201,경인선,도원,2903,2979,5882
20211201,경인선,간석,5838,5514,11352
20211201,경인선,부개,8438,7984,16422
20211201,경인선,소사,8627,6299,14926
20211201,경인선,구일,6565,6603,13168
20211201,경인선,인천,2980,2234,5214
20211201,경인선,동인천,13621,12802,26423
20211201,경인선,제물포,10787,10327,21114
20211201,경인선,주안,18577,16851,35428
20211201,경인선,동암,14338,14480,28818
20211201,경인선,백운,6821,6668,13489
20211201,경인선,부평,27638,29505,57143
20211201,경인선,송내,27080,27101,54181
20211201,경인선,부천,31708,31549,63257
20211201,경인선,역곡,27514,27217,54731
20211201,경인선,오류동,11934,11092,23026
20211201,경인선,개봉,20951,21064,42015
20211202,경인선,도화,4174,3843,8017
20211202,경인선,중동,9112,8654,17766
20211202,경인선,온수,6811,6530,13341
20211202,경인선,도원,3030,3014,6044
20211202,경인선,간석,5804,5549,11353
20211202,경인선,부개,8340,7712,16052
20211202,경인선,소사,8620,5438,14058
20211202,경인선,구일,6331,6340,12671
20211202,경인선,인천,3099,2364,5463
20211202,경인선,동인천,13369,12630,25999
20211202,경인선,제물포,10450,10031,20481
20211202,경인선,주안,18354,16582,34936
20211202,경인선,동암,14237,14364,28601
20211202,경인선,백운,6707,6664,13371
20211202,경인선,부평,27279,29295,56574
20211202,경인선,송내,26772,26840,53612
20211202,경인선,부천,31302,31450,62752
20211202,경인선,역곡,27281,26731,54012
20211202,경인선,오류동,11967,11036,23003
20211202,경인선,개봉,20907,21021,41928
20211203,경인선,개봉,21416,21007,42423
20211203,경인선,오류동,12036,11017,23053
20211203,경인선,역곡,27798,26937,54735
20211203,경인선,부천,32337,33391,65728
20211203,경인선,송내,27029,26731,53760
20211203,경인선,부평,28630,32253,60883
20211203,경인선,백운,7097,6901,13998
20211203,경인선,동암,14744,14956,29700
20211203,경인선,주안,19174,17332,36506
20211203,경인선,제물포,11067,10294,21361
20211203,경인선,동인천,13594,12765,26359
20211203,경인선,인천,3219,2429,5648
20211203,경인선,구일,6560,6476,13036
20211203,경인선,소사,8655,5331,13986
20211203,경인선,부개,8539,7748,16287
20211203,경인선,간석,5975,5644,11619
20211203,경인선,도원,3112,3145,6257
20211203,경인선,온수,7072,6531,13603
20211203,경인선,중동,9427,8959,18386
20211203,경인선,도화,4156,3796,7952
20211206,경인선,도화,4117,3810,7927
20211206,경인선,중동,9512,8917,18429
20211206,경인선,온수,6734,6350,13084
20211206,경인선,도원,2945,2977,5922
20211206,경인선,간석,5701,5332,11033
20211206,경인선,부개,8546,7914,16460
20211206,경인선,소사,8734,5451,14185
20211206,경인선,구일,6415,6393,12808
20211206,경인선,인천,3133,2320,5453
20211206,경인선,동인천,13007,12214,25221
20211206,경인선,제물포,10938,10461,21399
20211206,경인선,주안,18396,16672,35068
20211206,경인선,동암,14353,14282,28635
20211206,경인선,백운,6851,6681,13532
20211206,경인선,부평,26902,28808,55710
20211206,경인선,송내,26823,26833,53656
20211206,경인선,부천,31195,31013,62208
20211206,경인선,역곡,26746,26314,53060
20211206,경인선,오류동,11976,11405,23381
20211206,경인선,개봉,21114,21034,42148
20211207,경인선,개봉,21133,20989,42122
20211207,경인선,오류동,11969,11148,23117
20211207,경인선,역곡,27102,26755,53857
20211207,경인선,부천,31263,31371,62634
20211207,경인선,송내,26679,26794,53473
20211207,경인선,부평,26748,28547,55295
20211207,경인선,백운,6991,6825,13816
20211207,경인선,동암,14282,14592,28874
20211207,경인선,주안,18452,16646,35098
20211207,경인선,제물포,10501,10025,20526
20211207,경인선,동인천,13196,12241,25437
20211207,경인선,인천,3218,2463,5681
20211207,경인선,구일,6516,6517,13033
20211207,경인선,소사,9039,5596,14635
20211207,경인선,부개,8527,7866,16393
20211207,경인선,간석,5751,5474,11225
20211207,경인선,도원,3034,3025,6059
20211207,경인선,온수,6563,6341,12904
20211207,경인선,중동,9551,8925,18476
20211207,경인선,도화,4110,3838,7948
20211208,경인선,도화,4193,3911,8104
20211208,경인선,중동,9482,8980,18462
20211208,경인선,온수,6776,6485,13261
20211208,경인선,도원,2962,2953,5915
20211208,경인선,간석,5775,5559,11334
20211208,경인선,부개,8447,7845,16292
20211208,경인선,소사,8919,8036,16955
20211208,경인선,구일,6488,6606,13094
20211208,경인선,인천,3239,2450,5689
20211208,경인선,동인천,13633,12926,26559
20211208,경인선,제물포,10919,10332,21251
20211208,경인선,주안,18507,16593,35100
20211208,경인선,동암,14493,14750,29243
20211208,경인선,백운,6913,6861,13774
20211208,경인선,부평,27104,29173,56277
20211208,경인선,송내,26702,26913,53615
20211208,경인선,부천,31626,31791,63417
20211208,경인선,역곡,26981,26479,53460
20211208,경인선,오류동,11860,11199,23059
20211208,경인선,개봉,21211,21175,42386
20211209,경인선,개봉,20940,20653,41593
20211209,경인선,오류동,11863,10943,22806
20211209,경인선,역곡,26494,25897,52391
20211209,경인선,부천,30914,31042,61956
20211209,경인선,송내,26344,26318,52662
20211209,경인선,부평,27152,28954,56106
20211209,경인선,백운,6865,6831,13696
20211209,경인선,동암,14268,14433,28701
20211209,경인선,주안,18467,16570,35037
20211209,경인선,제물포,10520,9999,20519
20211209,경인선,동인천,13421,12607,26028
20211209,경인선,인천,3176,2373,5549
20211209,경인선,구일,6150,6157,12307
20211209,경인선,소사,8611,8507,17118
20211209,경인선,부개,8364,7846,16210
20211209,경인선,간석,5703,5457,11160
20211209,경인선,도원,2963,2972,5935
20211209,경인선,온수,6745,6503,13248
20211209,경인선,중동,9186,8585,17771
20211209,경인선,도화,4098,3746,7844
20211210,경인선,개봉,21354,20916,42270
20211210,경인선,오류동,11941,10854,22795
20211210,경인선,역곡,27112,26345,53457
20211210,경인선,부천,31629,32398,64027
20211210,경인선,송내,26493,26443,52936
20211210,경인선,부평,28433,31882,60315
20211210,경인선,백운,6982,6780,13762
20211210,경인선,동암,14767,14955,29722
20211210,경인선,주안,19038,17212,36250
20211210,경인선,제물포,10936,10190,21126
20211210,경인선,동인천,13471,12696,26167
20211210,경인선,인천,3005,2189,5194
20211210,경인선,구일,6233,6158,12391
20211210,경인선,소사,8525,8252,16777
20211210,경인선,부개,8451,7696,16147
20211210,경인선,간석,5934,5546,11480
20211210,경인선,도원,3047,3088,6135
20211210,경인선,온수,6784,6225,13009
20211210,경인선,중동,9263,8678,17941
20211210,경인선,도화,4263,3798,8061
20211213,경인선,도화,4017,3720,7737
20211213,경인선,중동,8866,8418,17284
20211213,경인선,온수,6337,6029,12366
20211213,경인선,도원,2946,2948,5894
20211213,경인선,간석,5461,5207,10668
20211213,경인선,부개,8045,7594,15639
20211213,경인선,소사,8392,7962,16354
20211213,경인선,구일,5736,5948,11684
20211213,경인선,인천,2648,1866,4514
20211213,경인선,동인천,12079,11315,23394
20211213,경인선,제물포,10433,9132,19565
20211213,경인선,주안,17520,15767,33287
20211213,경인선,동암,13757,13597,27354
20211213,경인선,백운,6539,6377,12916
20211213,경인선,부평,26282,27815,54097
20211213,경인선,송내,25293,25142,50435
20211213,경인선,부천,30211,29961,60172
20211213,경인선,역곡,25755,25452,51207
20211213,경인선,오류동,11210,10597,21807
20211213,경인선,개봉,19769,19925,39694
20211214,경인선,개봉,20477,20538,41015
20211214,경인선,오류동,11390,10781,22171
20211214,경인선,역곡,26472,25942,52414
20211214,경인선,부천,30460,30075,60535
20211214,경인선,송내,25902,26099,52001
20211214,경인선,부평,26200,27856,54056
20211214,경인선,백운,6689,6621,13310
20211214,경인선,동암,13881,13999,27880
20211214,경인선,주안,17428,15815,33243
20211214,경인선,제물포,10720,10338,21058
20211214,경인선,동인천,12807,12044,24851
20211214,경인선,인천,2879,2177,5056
20211214,경인선,구일,6154,6222,12376
20211214,경인선,소사,8354,8169,16523
20211214,경인선,부개,8274,7770,16044
20211214,경인선,간석,5628,5429,11057
20211214,경인선,도원,2830,2883,5713
20211214,경인선,온수,6469,6338,12807
20211214,경인선,중동,8878,8444,17322
20211214,경인선,도화,4025,3752,7777
20211215,경인선,개봉,20574,20439,41013
20211215,경인선,오류동,11703,10772,22475
20211215,경인선,역곡,26616,26224,52840
20211215,경인선,부천,31323,31493,62816
20211215,경인선,송내,26398,26017,52415
20211215,경인선,부평,27389,29503,56892
20211215,경인선,백운,6799,6574,13373
20211215,경인선,동암,14208,14293,28501
20211215,경인선,주안,18303,16484,34787
20211215,경인선,제물포,10890,10279,21169
20211215,경인선,동인천,13340,12660,26000
20211215,경인선,인천,3042,2272,5314
20211215,경인선,구일,7207,7157,14364
20211215,경인선,소사,8536,8363,16899
20211215,경인선,부개,8480,7926,16406
20211215,경인선,간석,5699,5383,11082
20211215,경인선,도원,2923,2962,5885
20211215,경인선,온수,6718,6333,13051
20211215,경인선,중동,9144,8617,17761
20211215,경인선,도화,4127,3850,7977
20211216,경인선,도화,4125,3873,7998
20211216,경인선,중동,9121,8631,17752
20211216,경인선,온수,6551,6290,12841
20211216,경인선,도원,2885,2875,5760
20211216,경인선,간석,5811,5500,11311
20211216,경인선,부개,8414,7791,16205
20211216,경인선,소사,8728,8305,17033
20211216,경인선,구일,6560,6565,13125
20211216,경인선,인천,3227,2422,5649
20211216,경인선,동인천,13519,12552,26071
20211216,경인선,제물포,10850,10210,21060
20211216,경인선,주안,17929,16261,34190
20211216,경인선,동암,14059,14271,28330
20211216,경인선,백운,6793,6639,13432
20211216,경인선,부평,27451,29965,57416
20211216,경인선,송내,25942,25575,51517
20211216,경인선,부천,31551,31401,62952
20211216,경인선,역곡,26789,26128,52917
20211216,경인선,오류동,11522,10582,22104
20211216,경인선,개봉,20774,20562,41336
20211217,경인선,도화,4003,3691,7694
20211217,경인선,중동,8911,8313,17224
20211217,경인선,온수,6325,6074,12399
20211217,경인선,도원,2810,2784,5594
20211217,경인선,간석,5557,5261,10818
20211217,경인선,부개,8285,7650,15935
20211217,경인선,소사,8110,7793,15903
20211217,경인선,구일,10165,10494,20659
20211217,경인선,인천,2949,2156,5105
20211217,경인선,동인천,12873,12466,25339
20211217,경인선,제물포,10629,9970,20599
20211217,경인선,주안,18338,16342,34680
20211217,경인선,동암,14058,14049,28107
20211217,경인선,백운,6552,6355,12907
20211217,경인선,부평,28616,31948,60564
20211217,경인선,송내,25543,25219,50762
20211217,경인선,부천,31428,31910,63338
20211217,경인선,역곡,26570,25696,52266
20211217,경인선,오류동,11372,10463,21835
20211217,경인선,개봉,20818,20329,41147
20211220,경인선,개봉,20694,20903,41597
20211220,경인선,오류동,11341,10927,22268
20211220,경인선,역곡,25927,25706,51633
20211220,경인선,부천,30414,30442,60856
20211220,경인선,송내,25486,25331,50817
20211220,경인선,부평,27521,29144,56665
20211220,경인선,백운,6782,6731,13513
20211220,경인선,동암,14134,14190,28324
20211220,경인선,주안,17899,16185,34084
20211220,경인선,제물포,10122,9723,19845
20211220,경인선,동인천,13031,12249,25280
20211220,경인선,인천,3168,2310,5478
20211220,경인선,구일,6326,6337,12663
20211220,경인선,소사,8324,8109,16433
20211220,경인선,부개,8348,7884,16232
20211220,경인선,간석,5708,5371,11079
20211220,경인선,도원,2884,2868,5752
20211220,경인선,온수,6264,6036,12300
20211220,경인선,중동,9063,8570,17633
20211220,경인선,도화,4019,3736,7755
20211221,경인선,개봉,20966,21025,41991
20211221,경인선,오류동,11617,10917,22534
20211221,경인선,역곡,25992,25896,51888
20211221,경인선,부천,30633,30600,61233
20211221,경인선,송내,25932,26049,51981
20211221,경인선,부평,27697,29143,56840
20211221,경인선,백운,6919,6853,13772
20211221,경인선,동암,14351,14451,28802
20211221,경인선,주안,17818,16310,34128
20211221,경인선,제물포,10065,9704,19769
20211221,경인선,동인천,13152,12470,25622
20211221,경인선,인천,3216,2567,5783
20211221,경인선,구일,7002,6999,14001
20211221,경인선,소사,8267,8153,16420
20211221,경인선,부개,8430,7995,16425
20211221,경인선,간석,5666,5508,11174
20211221,경인선,도원,2880,2960,5840
20211221,경인선,온수,6486,6308,12794
20211221,경인선,중동,9189,8737,17926
20211221,경인선,도화,4087,3733,7820
20211222,경인선,개봉,21117,21347,42464
20211222,경인선,오류동,11732,11053,22785
20211222,경인선,역곡,26225,26204,52429
20211222,경인선,부천,31245,31550,62795
20211222,경인선,송내,26281,26194,52475
20211222,경인선,부평,28350,30180,58530
20211222,경인선,백운,6972,6882,13854
20211222,경인선,동암,14666,14586,29252
20211222,경인선,주안,18648,16858,35506
20211222,경인선,제물포,10310,9895,20205
20211222,경인선,동인천,13733,13247,26980
20211222,경인선,인천,3168,2385,5553
20211222,경인선,구일,6148,6189,12337
20211222,경인선,소사,8436,8298,16734
20211222,경인선,부개,8542,8100,16642
20211222,경인선,간석,5801,5549,11350
20211222,경인선,도원,3020,2974,5994
20211222,경인선,온수,6638,6390,13028
20211222,경인선,중동,9403,8996,18399
20211222,경인선,도화,4138,3834,7972
20211223,경인선,동암,14585,14616,29201
20211223,경인선,도화,4075,3853,7928
20211223,경인선,중동,9180,8711,17891
20211223,경인선,온수,6582,6247,12829
20211223,경인선,도원,2871,2896,5767
20211223,경인선,간석,5805,5592,11397
20211223,경인선,부개,8486,7952,16438
20211223,경인선,소사,8334,8190,16524
20211223,경인선,구일,6149,6183,12332
20211223,경인선,인천,3320,2583,5903
20211223,경인선,동인천,13787,13094,26881
20211223,경인선,제물포,10355,9878,20233
20211223,경인선,주안,18488,16688,35176
20211223,경인선,백운,6774,6695,13469
20211223,경인선,부평,28989,30989,59978
20211223,경인선,송내,26107,26143,52250
20211223,경인선,부천,31548,31598,63146
20211223,경인선,역곡,26347,26011,52358
20211223,경인선,오류동,11886,11199,23085
20211223,경인선,개봉,21219,21128,42347
20211224,경인선,도화,4155,3909,8064
20211224,경인선,중동,9052,8671,17723
20211224,경인선,온수,6732,6282,13014
20211224,경인선,도원,2903,2918,5821
20211224,경인선,간석,5939,5675,11614
20211224,경인선,부개,8385,7956,16341
20211224,경인선,소사,8134,7833,15967
20211224,경인선,구일,6064,6140,12204
20211224,경인선,인천,3412,2673,6085
20211224,경인선,동인천,13828,13306,27134
20211224,경인선,제물포,10475,10110,20585
20211224,경인선,주안,19161,17327,36488
20211224,경인선,동암,14640,14927,29567
20211224,경인선,백운,6748,6704,13452
20211224,경인선,부평,31138,34098,65236
20211224,경인선,송내,25571,25490,51061
20211224,경인선,부천,32627,33681,66308
20211224,경인선,역곡,26176,26183,52359
20211224,경인선,오류동,12034,11371,23405
20211224,경인선,개봉,21042,21258,42300
20211227,경인선,도화,3779,3444,7223
20211227,경인선,중동,8551,8036,16587
20211227,경인선,온수,5969,5709,11678
20211227,경인선,도원,2598,2613,5211
20211227,경인선,간석,5292,5051,10343
20211227,경인선,부개,7693,7315,15008
20211227,경인선,소사,7525,7248,14773
20211227,경인선,구일,5521,5538,11059
20211227,경인선,인천,2660,1919,4579
20211227,경인선,동인천,12009,11398,23407
20211227,경인선,제물포,9509,9161,18670
20211227,경인선,주안,16610,14921,31531
20211227,경인선,동암,13308,13315,26623
20211227,경인선,백운,6097,6067,12164
20211227,경인선,부평,26600,27859,54459
20211227,경인선,송내,23814,23672,47486
20211227,경인선,부천,28571,28418,56989
20211227,경인선,역곡,24187,24106,48293
20211227,경인선,오류동,10826,10338,21164
20211227,경인선,개봉,19190,19426,38616
20211228,경인선,도화,4049,3823,7872
20211228,경인선,중동,8809,8260,17069
20211228,경인선,온수,6247,6020,12267
20211228,경인선,도원,2721,2681,5402
20211228,경인선,간석,5553,5332,10885
20211228,경인선,부개,8003,7548,15551
20211228,경인선,소사,7804,7657,15461
20211228,경인선,구일,5649,5713,11362
20211228,경인선,인천,2985,2196,5181
20211228,경인선,동인천,12801,12252,25053
20211228,경인선,제물포,9864,9459,19323
20211228,경인선,주안,17004,15356,32360
20211228,경인선,동암,13899,13971,27870
20211228,경인선,백운,6552,6491,13043
20211228,경인선,부평,27247,28858,56105
20211228,경인선,송내,25184,25178,50362
20211228,경인선,부천,29566,29772,59338
20211228,경인선,역곡,25393,25299,50692
20211228,경인선,오류동,11053,10532,21585
20211228,경인선,개봉,20290,20557,40847
20211229,경인선,개봉,21035,21050,42085
20211229,경인선,오류동,11511,10893,22404
20211229,경인선,역곡,26022,25575,51597
20211229,경인선,부천,31257,31363,62620
20211229,경인선,송내,25763,25773,51536
20211229,경인선,부평,28535,30261,58796
20211229,경인선,백운,6734,6644,13378
20211229,경인선,동암,14285,14576,28861
20211229,경인선,주안,18097,16193,34290
20211229,경인선,제물포,10291,9783,20074
20211229,경인선,동인천,13835,13204,27039
20211229,경인선,인천,3249,2332,5581
20211229,경인선,구일,5915,5996,11911
20211229,경인선,소사,8195,8001,16196
20211229,경인선,부개,8462,8074,16536
20211229,경인선,간석,5780,5551,11331
20211229,경인선,도원,2876,2915,5791
20211229,경인선,온수,6408,6140,12548
20211229,경인선,중동,9060,8553,17613
20211229,경인선,도화,4161,3889,8050
20211230,경인선,개봉,20390,20630,41020
20211230,경인선,오류동,11512,10842,22354
20211230,경인선,역곡,25639,25553,51192
20211230,경인선,부천,31014,31369,62383
20211230,경인선,송내,25368,25132,50500
20211230,경인선,부평,28869,30550,59419
20211230,경인선,백운,6460,6476,12936
20211230,경인선,동암,14208,14436,28644
20211230,경인선,주안,17706,15716,33422
20211230,경인선,제물포,9849,9473,19322
20211230,경인선,동인천,13450,12912,26362
20211230,경인선,인천,3103,2293,5396
20211230,경인선,구일,5820,5855,11675
20211230,경인선,소사,7934,7782,15716
20211230,경인선,부개,8060,7653,15713
20211230,경인선,간석,5684,5463,11147
20211230,경인선,도원,2791,2788,5579
20211230,경인선,온수,6303,5851,12154
20211230,경인선,중동,8720,8336,17056
20211230,경인선,도화,3899,3724,7623
20211231,경인선,온수,5937,5665,11602
20211231,경인선,중동,8298,7931,16229
20211231,경인선,도화,3707,3501,7208
20211231,경인선,도원,2701,2751,5452
20211231,경인선,간석,5450,5169,10619
20211231,경인선,부개,7745,7274,15019
20211231,경인선,소사,7618,7352,14970
20211231,경인선,구일,5213,5242,10455
20211231,경인선,개봉,19088,19211,38299
20211231,경인선,오류동,11017,10187,21204
20211231,경인선,역곡,24688,24374,49062
20211231,경인선,부천,31499,32363,63862
20211231,경인선,송내,23339,23495,46834
20211231,경인선,부평,29585,32797,62382
20211231,경인선,백운,6104,6126,12230
20211231,경인선,동암,13644,14439,28083
20211231,경인선,주안,17346,15636,32982
20211231,경인선,제물포,9283,8979,18262
20211231,경인선,동인천,12791,12671,25462
20211231,경인선,인천,3232,2767,5999
