사용일자,호선명,지하철역,승차총승객수,하차총승객수,승하차총승객수
20210101,장항선,봉명,294,282,576
20210101,장항선,쌍용,573,581,1154
20210101,장항선,아산,978,1073,2051
20210101,장항선,배방,387,334,721
20210101,장항선,온양온천,1633,1601,3234
20210101,장항선,신창,445,378,823
20210104,장항선,신창,685,777,1462
20210104,장항선,온양온천,2765,2805,5570
20210104,장항선,배방,679,666,1345
20210104,장항선,아산,2010,1777,3787
20210104,장항선,쌍용,1453,1407,2860
20210104,장항선,봉명,986,961,1947
20210105,장항선,신창,669,675,1344
20210105,장항선,온양온천,2418,2490,4908
20210105,장항선,배방,702,649,1351
20210105,장항선,아산,1845,1674,3519
20210105,장항선,쌍용,1340,1259,2599
20210105,장항선,봉명,940,925,1865
20210106,장항선,신창,674,642,1316
20210106,장항선,온양온천,2342,2393,4735
20210106,장항선,배방,649,615,1264
20210106,장항선,아산,1836,1669,3505
20210106,장항선,쌍용,1350,1280,2630
20210106,장항선,봉명,1015,999,2014
20210107,장항선,신창,636,656,1292
20210107,장항선,온양온천,2518,2443,4961
20210107,장항선,배방,807,745,1552
20210107,장항선,아산,2268,1983,4251
20210107,장항선,쌍용,1703,1413,3116
20210107,장항선,봉명,1050,1007,2057
20210108,장항선,신창,778,674,1452
20210108,장항선,온양온천,2490,2500,4990
20210108,장항선,배방,820,685,1505
20210108,장항선,아산,2287,2087,4374
20210108,장항선,쌍용,1439,1262,2701
20210108,장항선,봉명,916,875,1791
20210111,장항선,봉명,986,919,1905
20210111,장항선,쌍용,1360,1316,2676
20210111,장항선,아산,2027,1798,3825
20210111,장항선,배방,715,710,1425
20210111,장항선,온양온천,2540,2548,5088
20210111,장항선,신창,715,757,1472
20210112,장항선,신창,648,657,1305
20210112,장항선,온양온천,2582,2646,5228
20210112,장항선,배방,716,692,1408
20210112,장항선,아산,1947,1730,3677
20210112,장항선,쌍용,1386,1310,2696
20210112,장항선,봉명,1012,963,1975
20210113,장항선,봉명,1035,955,1990
20210113,장항선,쌍용,1424,1359,2783
20210113,장항선,아산,1923,1821,3744
20210113,장항선,배방,704,708,1412
20210113,장항선,온양온천,2693,2625,5318
20210113,장항선,신창,723,715,1438
20210114,장항선,봉명,1035,994,2029
20210114,장항선,쌍용,1507,1460,2967
20210114,장항선,아산,1995,1879,3874
20210114,장항선,배방,818,794,1612
20210114,장항선,온양온천,3315,3333,6648
20210114,장항선,신창,719,670,1389
20210115,장항선,봉명,1023,956,1979
20210115,장항선,쌍용,1499,1414,2913
20210115,장항선,아산,2492,2379,4871
20210115,장항선,배방,870,764,1634
20210115,장항선,온양온천,2877,2905,5782
20210115,장항선,신창,925,783,1708
20210118,장항선,신창,697,802,1499
20210118,장항선,온양온천,2741,2764,5505
20210118,장항선,배방,787,766,1553
20210118,장항선,아산,2337,2055,4392
20210118,장항선,쌍용,1561,1473,3034
20210118,장항선,봉명,1100,1071,2171
20210119,장항선,봉명,1018,1011,2029
20210119,장항선,쌍용,1505,1415,2920
20210119,장항선,아산,1948,1861,3809
20210119,장항선,배방,737,743,1480
20210119,장항선,온양온천,3039,2972,6011
20210119,장항선,신창,689,665,1354
20210120,장항선,신창,724,693,1417
20210120,장항선,온양온천,2938,2852,5790
20210120,장항선,배방,837,775,1612
20210120,장항선,아산,2203,1976,4179
20210120,장항선,쌍용,1656,1549,3205
20210120,장항선,봉명,1092,1104,2196
20210121,장항선,신창,716,686,1402
20210121,장항선,온양온천,2696,2701,5397
20210121,장항선,배방,740,715,1455
20210121,장항선,아산,2020,1914,3934
20210121,장항선,쌍용,1433,1314,2747
20210121,장항선,봉명,1053,1002,2055
20210122,장항선,신창,900,747,1647
20210122,장항선,온양온천,2919,2988,5907
20210122,장항선,배방,881,771,1652
20210122,장항선,아산,2534,2521,5055
20210122,장항선,쌍용,1546,1403,2949
20210122,장항선,봉명,1049,962,2011
20210125,장항선,봉명,1116,1110,2226
20210125,장항선,쌍용,1543,1434,2977
20210125,장항선,아산,2281,2040,4321
20210125,장항선,배방,846,781,1627
20210125,장항선,온양온천,3024,3022,6046
20210125,장항선,신창,751,813,1564
20210126,장항선,봉명,1045,1018,2063
20210126,장항선,쌍용,1393,1333,2726
20210126,장항선,아산,2024,1863,3887
20210126,장항선,배방,729,733,1462
20210126,장항선,온양온천,2672,2665,5337
20210126,장항선,신창,750,769,1519
20210127,장항선,봉명,1065,1034,2099
20210127,장항선,쌍용,1577,1494,3071
20210127,장항선,아산,2127,2003,4130
20210127,장항선,배방,834,809,1643
20210127,장항선,온양온천,2943,2880,5823
20210127,장항선,신창,749,756,1505
20210128,장항선,봉명,1006,981,1987
20210128,장항선,쌍용,1410,1307,2717
20210128,장항선,아산,2050,1848,3898
20210128,장항선,배방,704,649,1353
20210128,장항선,온양온천,2532,2567,5099
20210128,장항선,신창,736,718,1454
20210129,장항선,봉명,995,912,1907
20210129,장항선,쌍용,1550,1463,3013
20210129,장항선,아산,2591,2320,4911
20210129,장항선,배방,859,767,1626
20210129,장항선,온양온천,3175,3073,6248
20210129,장항선,신창,931,746,1677
20210201,장항선,신창,808,874,1682
20210201,장항선,온양온천,2930,2893,5823
20210201,장항선,배방,782,756,1538
20210201,장항선,아산,2234,2017,4251
20210201,장항선,쌍용,1542,1431,2973
20210201,장항선,봉명,1067,1006,2073
20210202,장항선,신창,774,756,1530
20210202,장항선,온양온천,2741,2745,5486
20210202,장항선,배방,770,744,1514
20210202,장항선,아산,2066,1922,3988
20210202,장항선,쌍용,1477,1373,2850
20210202,장항선,봉명,1015,1037,2052
20210203,장항선,봉명,1091,1028,2119
20210203,장항선,쌍용,1564,1476,3040
20210203,장항선,아산,2124,1976,4100
20210203,장항선,배방,832,742,1574
20210203,장항선,온양온천,2715,2744,5459
20210203,장항선,신창,767,743,1510
20210204,장항선,신창,799,740,1539
20210204,장항선,온양온천,3538,3531,7069
20210204,장항선,배방,891,821,1712
20210204,장항선,아산,2198,2077,4275
20210204,장항선,쌍용,1626,1511,3137
20210204,장항선,봉명,1138,1094,2232
20210205,장항선,신창,942,735,1677
20210205,장항선,온양온천,3164,3163,6327
20210205,장항선,배방,967,868,1835
20210205,장항선,아산,2562,2478,5040
20210205,장항선,쌍용,1632,1476,3108
20210205,장항선,봉명,1027,932,1959
20210208,장항선,봉명,1063,1035,2098
20210208,장항선,쌍용,1522,1419,2941
20210208,장항선,아산,2177,2178,4355
20210208,장항선,배방,890,810,1700
20210208,장항선,온양온천,2951,2955,5906
20210208,장항선,신창,797,805,1602
20210209,장항선,신창,830,783,1613
20210209,장항선,온양온천,3715,3739,7454
20210209,장항선,배방,879,837,1716
20210209,장항선,아산,2200,2298,4498
20210209,장항선,쌍용,1629,1502,3131
20210209,장항선,봉명,1139,1063,2202
20210210,장항선,봉명,1005,1003,2008
20210210,장항선,쌍용,1601,1506,3107
20210210,장항선,아산,2607,2859,5466
20210210,장항선,배방,945,927,1872
20210210,장항선,온양온천,3251,3602,6853
20210210,장항선,신창,1044,988,2032
20210211,장항선,봉명,386,386,772
20210211,장항선,쌍용,852,829,1681
20210211,장항선,아산,1453,1658,3111
20210211,장항선,배방,494,543,1037
20210211,장항선,온양온천,2562,3065,5627
20210211,장항선,신창,672,930,1602
20210212,장항선,봉명,343,273,616
20210212,장항선,쌍용,639,601,1240
20210212,장항선,아산,1193,1052,2245
20210212,장항선,배방,426,365,791
20210212,장항선,온양온천,2159,1919,4078
20210212,장항선,신창,626,563,1189
20210215,장항선,봉명,1097,1051,2148
20210215,장항선,쌍용,1518,1428,2946
20210215,장항선,아산,2491,1997,4488
20210215,장항선,배방,773,785,1558
20210215,장항선,온양온천,2830,2882,5712
20210215,장항선,신창,797,976,1773
20210216,장항선,봉명,1158,1120,2278
20210216,장항선,쌍용,1485,1372,2857
20210216,장항선,아산,2347,2061,4408
20210216,장항선,배방,790,790,1580
20210216,장항선,온양온천,2807,2793,5600
20210216,장항선,신창,791,813,1604
20210217,장항선,봉명,1052,1017,2069
20210217,장항선,쌍용,1398,1366,2764
20210217,장항선,아산,2259,2036,4295
20210217,장항선,배방,800,701,1501
20210217,장항선,온양온천,2529,2489,5018
20210217,장항선,신창,723,730,1453
20210218,장항선,봉명,1014,1016,2030
20210218,장항선,쌍용,1685,1645,3330
20210218,장항선,아산,2275,2111,4386
20210218,장항선,배방,790,765,1555
20210218,장항선,온양온천,2533,2575,5108
20210218,장항선,신창,1031,1090,2121
20210219,장항선,신창,1268,1052,2320
20210219,장항선,온양온천,3609,3594,7203
20210219,장항선,배방,957,856,1813
20210219,장항선,아산,2684,2659,5343
20210219,장항선,쌍용,1689,1591,3280
20210219,장항선,봉명,1094,1091,2185
20210222,장항선,봉명,1130,1099,2229
20210222,장항선,쌍용,1584,1483,3067
20210222,장항선,아산,2507,2167,4674
20210222,장항선,배방,923,891,1814
20210222,장항선,온양온천,3029,3076,6105
20210222,장항선,신창,889,950,1839
20210223,장항선,신창,846,840,1686
20210223,장항선,온양온천,2885,2944,5829
20210223,장항선,배방,834,808,1642
20210223,장항선,아산,2149,1953,4102
20210223,장항선,쌍용,1564,1449,3013
20210223,장항선,봉명,1137,1122,2259
20210224,장항선,신창,879,841,1720
20210224,장항선,온양온천,3692,3840,7532
20210224,장항선,배방,841,832,1673
20210224,장항선,아산,2289,2124,4413
20210224,장항선,쌍용,1617,1581,3198
20210224,장항선,봉명,1193,1159,2352
20210225,장항선,봉명,1073,1004,2077
20210225,장항선,쌍용,1625,1532,3157
20210225,장항선,아산,2331,2099,4430
20210225,장항선,배방,810,841,1651
20210225,장항선,온양온천,2995,3017,6012
20210225,장항선,신창,881,914,1795
20210226,장항선,봉명,1064,1002,2066
20210226,장항선,쌍용,1756,1574,3330
20210226,장항선,아산,2673,2955,5628
20210226,장항선,배방,1009,901,1910
20210226,장항선,온양온천,3290,3288,6578
20210226,장항선,신창,1183,973,2156
20210301,장항선,봉명,374,374,748
20210301,장항선,쌍용,841,794,1635
20210301,장항선,아산,2147,1364,3511
20210301,장항선,배방,499,576,1075
20210301,장항선,온양온천,2140,2159,4299
20210301,장항선,신창,598,852,1450
20210302,장항선,신창,1319,1412,2731
20210302,장항선,온양온천,3109,3214,6323
20210302,장항선,배방,897,826,1723
20210302,장항선,아산,2393,2128,4521
20210302,장항선,쌍용,1775,1659,3434
20210302,장항선,봉명,1195,1178,2373
20210303,장항선,봉명,1216,1144,2360
20210303,장항선,쌍용,1775,1739,3514
20210303,장항선,아산,2313,2144,4457
20210303,장항선,배방,836,856,1692
20210303,장항선,온양온천,3115,3091,6206
20210303,장항선,신창,1349,1358,2707
20210304,장항선,봉명,1203,1183,2386
20210304,장항선,쌍용,1833,1761,3594
20210304,장항선,아산,2376,2127,4503
20210304,장항선,배방,906,896,1802
20210304,장항선,온양온천,3721,3880,7601
20210304,장항선,신창,1532,1385,2917
20210305,장항선,신창,1878,1330,3208
20210305,장항선,온양온천,3384,3598,6982
20210305,장항선,배방,1122,953,2075
20210305,장항선,아산,3104,2989,6093
20210305,장항선,쌍용,1960,1781,3741
20210305,장항선,봉명,1268,1191,2459
20210308,장항선,봉명,1235,1172,2407
20210308,장항선,쌍용,1833,1798,3631
20210308,장항선,아산,2608,2356,4964
20210308,장항선,배방,959,943,1902
20210308,장항선,온양온천,3311,3335,6646
20210308,장항선,신창,1423,1606,3029
20210309,장항선,봉명,1248,1164,2412
20210309,장항선,쌍용,1892,1836,3728
20210309,장항선,아산,2459,2172,4631
20210309,장항선,배방,925,903,1828
20210309,장항선,온양온천,4129,4118,8247
20210309,장항선,신창,1436,1515,2951
20210310,장항선,봉명,1182,1195,2377
20210310,장항선,쌍용,1872,1769,3641
20210310,장항선,아산,2484,2287,4771
20210310,장항선,배방,985,899,1884
20210310,장항선,온양온천,3194,3185,6379
20210310,장항선,신창,1623,1578,3201
20210311,장항선,봉명,1172,1098,2270
20210311,장항선,쌍용,1822,1673,3495
20210311,장항선,아산,2486,2396,4882
20210311,장항선,배방,937,829,1766
20210311,장항선,온양온천,3152,3238,6390
20210311,장항선,신창,1542,1341,2883
20210312,장항선,봉명,1153,1096,2249
20210312,장항선,쌍용,1840,1724,3564
20210312,장항선,아산,3140,3060,6200
20210312,장항선,배방,1046,992,2038
20210312,장항선,온양온천,3378,3511,6889
20210312,장항선,신창,1990,1383,3373
20210315,장항선,봉명,1276,1211,2487
20210315,장항선,쌍용,1968,1877,3845
20210315,장항선,아산,2638,2324,4962
20210315,장항선,배방,920,893,1813
20210315,장항선,온양온천,3275,3368,6643
20210315,장항선,신창,1392,1634,3026
20210316,장항선,신창,1454,1508,2962
20210316,장항선,온양온천,3178,3262,6440
20210316,장항선,배방,928,910,1838
20210316,장항선,아산,2495,2255,4750
20210316,장항선,쌍용,2067,1993,4060
20210316,장항선,봉명,1261,1208,2469
20210317,장항선,신창,1594,1544,3138
20210317,장항선,온양온천,3126,3154,6280
20210317,장항선,배방,939,845,1784
20210317,장항선,아산,2521,2365,4886
20210317,장항선,쌍용,2121,2016,4137
20210317,장항선,봉명,1302,1223,2525
20210318,장항선,봉명,1202,1112,2314
20210318,장항선,쌍용,2168,1952,4120
20210318,장항선,아산,2636,2482,5118
20210318,장항선,배방,957,929,1886
20210318,장항선,온양온천,3208,3234,6442
20210318,장항선,신창,1573,1433,3006
20210319,장항선,신창,2035,1455,3490
20210319,장항선,온양온천,4734,4969,9703
20210319,장항선,배방,1187,1097,2284
20210319,장항선,아산,3469,3588,7057
20210319,장항선,쌍용,2274,2007,4281
20210319,장항선,봉명,1351,1291,2642
20210322,장항선,봉명,1212,1167,2379
20210322,장항선,쌍용,1900,2007,3907
20210322,장항선,아산,2662,2377,5039
20210322,장항선,배방,906,886,1792
20210322,장항선,온양온천,3224,3181,6405
20210322,장항선,신창,1371,1610,2981
20210323,장항선,신창,1516,1535,3051
20210323,장항선,온양온천,3169,3210,6379
20210323,장항선,배방,944,875,1819
20210323,장항선,아산,2487,2330,4817
20210323,장항선,쌍용,2122,2093,4215
20210323,장항선,봉명,1235,1214,2449
20210324,장항선,신창,1573,1568,3141
20210324,장항선,온양온천,4237,4165,8402
20210324,장항선,배방,999,958,1957
20210324,장항선,아산,2609,2467,5076
20210324,장항선,쌍용,2124,2066,4190
20210324,장항선,봉명,1275,1237,2512
20210325,장항선,신창,1658,1429,3087
20210325,장항선,온양온천,3211,3278,6489
20210325,장항선,배방,912,866,1778
20210325,장항선,아산,2627,2503,5130
20210325,장항선,쌍용,2158,1955,4113
20210325,장항선,봉명,1144,1133,2277
20210326,장항선,신창,2189,1527,3716
20210326,장항선,온양온천,3720,3850,7570
20210326,장항선,배방,1141,1092,2233
20210326,장항선,아산,3464,3592,7056
20210326,장항선,쌍용,2310,1989,4299
20210326,장항선,봉명,1303,1206,2509
20210329,장항선,봉명,1224,1137,2361
20210329,장항선,쌍용,2072,2117,4189
20210329,장항선,아산,2782,2387,5169
20210329,장항선,배방,948,919,1867
20210329,장항선,온양온천,4117,4121,8238
20210329,장항선,신창,1340,1624,2964
20210330,장항선,신창,1441,1524,2965
20210330,장항선,온양온천,3206,3220,6426
20210330,장항선,배방,965,898,1863
20210330,장항선,아산,2640,2363,5003
20210330,장항선,쌍용,2091,2044,4135
20210330,장항선,봉명,1166,1158,2324
20210331,장항선,신창,1680,1637,3317
20210331,장항선,온양온천,3189,3222,6411
20210331,장항선,배방,952,932,1884
20210331,장항선,아산,2556,2414,4970
20210331,장항선,쌍용,2088,1957,4045
20210331,장항선,봉명,1184,1207,2391
20210401,장항선,신창,1617,1469,3086
20210401,장항선,온양온천,3151,3174,6325
20210401,장항선,배방,942,910,1852
20210401,장항선,아산,2672,2416,5088
20210401,장항선,쌍용,2177,1978,4155
20210401,장항선,봉명,1224,1147,2371
20210402,장항선,신창,2239,1675,3914
20210402,장항선,온양온천,3677,3861,7538
20210402,장항선,배방,1215,1085,2300
20210402,장항선,아산,3520,3462,6982
20210402,장항선,쌍용,2246,1932,4178
20210402,장항선,봉명,1268,1189,2457
20210405,장항선,신창,1409,1626,3035
20210405,장항선,온양온천,3317,3378,6695
20210405,장항선,배방,967,917,1884
20210405,장항선,아산,2793,2482,5275
20210405,장항선,쌍용,2009,2065,4074
20210405,장항선,봉명,1191,1180,2371
20210406,장항선,신창,1630,1671,3301
20210406,장항선,온양온천,3352,3296,6648
20210406,장항선,배방,932,897,1829
20210406,장항선,아산,2582,2395,4977
20210406,장항선,쌍용,2191,2148,4339
20210406,장항선,봉명,1243,1257,2500
20210407,장항선,신창,1678,1651,3329
20210407,장항선,온양온천,3144,3126,6270
20210407,장항선,배방,938,912,1850
20210407,장항선,아산,2677,2537,5214
20210407,장항선,쌍용,2162,2008,4170
20210407,장항선,봉명,1266,1228,2494
20210408,장항선,봉명,1229,1218,2447
20210408,장항선,쌍용,2242,1969,4211
20210408,장항선,아산,2653,2486,5139
20210408,장항선,배방,932,887,1819
20210408,장항선,온양온천,3109,3259,6368
20210408,장항선,신창,1741,1415,3156
20210409,장항선,봉명,1234,1163,2397
20210409,장항선,쌍용,2299,1996,4295
20210409,장항선,아산,3346,3294,6640
20210409,장항선,배방,1157,1099,2256
20210409,장항선,온양온천,4681,4934,9615
20210409,장항선,신창,1687,1286,2973
20210412,장항선,봉명,1161,1090,2251
20210412,장항선,쌍용,1876,1941,3817
20210412,장항선,아산,2509,2268,4777
20210412,장항선,배방,882,836,1718
20210412,장항선,온양온천,3086,3071,6157
20210412,장항선,신창,1268,1478,2746
20210413,장항선,신창,1438,1502,2940
20210413,장항선,온양온천,3135,3183,6318
20210413,장항선,배방,909,879,1788
20210413,장항선,아산,2396,2202,4598
20210413,장항선,쌍용,2030,1939,3969
20210413,장항선,봉명,1260,1244,2504
20210414,장항선,봉명,1291,1267,2558
20210414,장항선,쌍용,2108,1990,4098
20210414,장항선,아산,2447,2314,4761
20210414,장항선,배방,921,881,1802
20210414,장항선,온양온천,4059,4093,8152
20210414,장항선,신창,1529,1464,2993
20210415,장항선,봉명,1225,1207,2432
20210415,장항선,쌍용,2091,1900,3991
20210415,장항선,아산,2525,2405,4930
20210415,장항선,배방,929,890,1819
20210415,장항선,온양온천,3176,3258,6434
20210415,장항선,신창,1456,1304,2760
20210416,장항선,봉명,1145,1080,2225
20210416,장항선,쌍용,2004,1785,3789
20210416,장항선,아산,3057,3080,6137
20210416,장항선,배방,1036,951,1987
20210416,장항선,온양온천,3296,3439,6735
20210416,장항선,신창,1692,1389,3081
20210419,장항선,봉명,1250,1190,2440
20210419,장항선,쌍용,2031,2002,4033
20210419,장항선,아산,2552,2293,4845
20210419,장항선,배방,951,896,1847
20210419,장항선,온양온천,4240,4331,8571
20210419,장항선,신창,1206,1341,2547
20210420,장항선,온양온천,3141,3168,6309
20210420,장항선,배방,927,879,1806
20210420,장항선,아산,2458,2243,4701
20210420,장항선,쌍용,2238,2183,4421
20210420,장항선,봉명,1207,1174,2381
20210420,장항선,신창,1378,1434,2812
20210421,장항선,신창,1349,1250,2599
20210421,장항선,온양온천,3141,3213,6354
20210421,장항선,배방,908,898,1806
20210421,장항선,아산,2545,2428,4973
20210421,장항선,쌍용,2391,2282,4673
20210421,장항선,봉명,1254,1248,2502
20210422,장항선,봉명,1258,1226,2484
20210422,장항선,쌍용,2396,2203,4599
20210422,장항선,아산,2669,2514,5183
20210422,장항선,배방,981,896,1877
20210422,장항선,온양온천,3177,3291,6468
20210422,장항선,신창,1550,1325,2875
20210423,장항선,봉명,1296,1202,2498
20210423,장항선,쌍용,2370,2099,4469
20210423,장항선,아산,3295,3415,6710
20210423,장항선,배방,1097,1027,2124
20210423,장항선,온양온천,3464,3709,7173
20210423,장항선,신창,2164,1509,3673
20210426,장항선,신창,1493,1718,3211
20210426,장항선,온양온천,3315,3465,6780
20210426,장항선,배방,944,939,1883
20210426,장항선,아산,2764,2541,5305
20210426,장항선,쌍용,2345,2334,4679
20210426,장항선,봉명,1212,1187,2399
20210427,장항선,봉명,1311,1256,2567
20210427,장항선,쌍용,2302,2133,4435
20210427,장항선,아산,2725,2414,5139
20210427,장항선,배방,1010,987,1997
20210427,장항선,온양온천,3236,3334,6570
20210427,장항선,신창,1537,1597,3134
20210428,장항선,신창,1671,1624,3295
20210428,장항선,온양온천,3145,3254,6399
20210428,장항선,배방,941,880,1821
20210428,장항선,아산,2611,2454,5065
20210428,장항선,쌍용,2141,2007,4148
20210428,장항선,봉명,1306,1234,2540
20210429,장항선,배방,1016,965,1981
20210429,장항선,온양온천,4296,4388,8684
20210429,장항선,신창,1760,1544,3304
20210429,장항선,봉명,1282,1300,2582
20210429,장항선,쌍용,2326,2086,4412
20210429,장항선,아산,2667,2597,5264
20210430,장항선,온양온천,3577,3793,7370
20210430,장항선,신창,2165,1592,3757
20210430,장항선,봉명,1258,1191,2449
20210430,장항선,쌍용,2196,1961,4157
20210430,장항선,아산,3582,3637,7219
20210430,장항선,배방,1145,1017,2162
20210503,장항선,봉명,1160,1136,2296
20210503,장항선,쌍용,2094,2131,4225
20210503,장항선,아산,2848,2551,5399
20210503,장항선,배방,1013,954,1967
20210503,장항선,온양온천,3496,3548,7044
20210503,장항선,신창,1468,1714,3182
20210504,장항선,신창,1788,1717,3505
20210504,장항선,온양온천,3922,4036,7958
20210504,장항선,배방,1020,932,1952
20210504,장항선,아산,2923,2720,5643
20210504,장항선,쌍용,2256,2085,4341
20210504,장항선,봉명,1277,1215,2492
20210505,장항선,쌍용,1262,1257,2519
20210505,장항선,아산,2286,1976,4262
20210505,장항선,배방,699,762,1461
20210505,장항선,온양온천,2837,2813,5650
20210505,장항선,신창,1035,1023,2058
20210505,장항선,봉명,522,520,1042
20210506,장항선,봉명,1293,1266,2559
20210506,장항선,쌍용,2245,2012,4257
20210506,장항선,아산,2833,2641,5474
20210506,장항선,배방,1027,931,1958
20210506,장항선,온양온천,3315,3399,6714
20210506,장항선,신창,1711,1643,3354
20210507,장항선,봉명,1250,1214,2464
20210507,장항선,쌍용,2314,2012,4326
20210507,장항선,아산,3479,3609,7088
20210507,장항선,배방,1090,1022,2112
20210507,장항선,온양온천,3414,3781,7195
20210507,장항선,신창,2198,1641,3839
20210510,장항선,신창,1336,1619,2955
20210510,장항선,온양온천,3083,3082,6165
20210510,장항선,배방,863,868,1731
20210510,장항선,아산,2753,2353,5106
20210510,장항선,쌍용,1891,1940,3831
20210510,장항선,봉명,1149,1133,2282
20210511,장항선,신창,1613,1738,3351
20210511,장항선,온양온천,3364,3420,6784
20210511,장항선,배방,970,934,1904
20210511,장항선,아산,2763,2498,5261
20210511,장항선,쌍용,2241,2126,4367
20210511,장항선,봉명,1280,1268,2548
20210512,장항선,봉명,1298,1240,2538
20210512,장항선,쌍용,2195,2117,4312
20210512,장항선,아산,2747,2581,5328
20210512,장항선,배방,970,931,1901
20210512,장항선,온양온천,3273,3278,6551
20210512,장항선,신창,1611,1557,3168
20210513,장항선,봉명,1238,1212,2450
20210513,장항선,쌍용,2296,2051,4347
20210513,장항선,아산,2801,2654,5455
20210513,장항선,배방,1004,922,1926
20210513,장항선,온양온천,3196,3267,6463
20210513,장항선,신창,1762,1569,3331
20210514,장항선,신창,2056,1567,3623
20210514,장항선,배방,1231,1118,2349
20210514,장항선,온양온천,4675,4856,9531
20210514,장항선,봉명,1324,1241,2565
20210514,장항선,쌍용,2398,2116,4514
20210514,장항선,아산,3716,3501,7217
20210517,장항선,신창,1417,1597,3014
20210517,장항선,봉명,1189,1197,2386
20210517,장항선,쌍용,2037,2084,4121
20210517,장항선,아산,2727,2489,5216
20210517,장항선,배방,921,974,1895
20210517,장항선,온양온천,3170,3155,6325
20210518,장항선,신창,1857,1728,3585
20210518,장항선,온양온천,3521,3670,7191
20210518,장항선,배방,1117,1078,2195
20210518,장항선,아산,3076,2945,6021
20210518,장항선,쌍용,2340,2223,4563
20210518,장항선,봉명,1324,1281,2605
20210519,장항선,신창,1123,1151,2274
20210519,장항선,온양온천,3996,3990,7986
20210519,장항선,배방,824,877,1701
20210519,장항선,아산,2244,1982,4226
20210519,장항선,쌍용,1466,1373,2839
20210519,장항선,봉명,633,576,1209
20210520,장항선,신창,1596,1548,3144
20210520,장항선,온양온천,2906,2983,5889
20210520,장항선,배방,931,808,1739
20210520,장항선,아산,2671,2405,5076
20210520,장항선,쌍용,2122,1970,4092
20210520,장항선,봉명,1186,1158,2344
20210521,장항선,신창,2054,1540,3594
20210521,장항선,온양온천,3238,3385,6623
20210521,장항선,배방,1093,1015,2108
20210521,장항선,아산,3188,3272,6460
20210521,장항선,쌍용,2115,1912,4027
20210521,장항선,봉명,1274,1178,2452
20210524,장항선,신창,1436,1654,3090
20210524,장항선,온양온천,3899,3953,7852
20210524,장항선,배방,983,947,1930
20210524,장항선,아산,2758,2416,5174
20210524,장항선,쌍용,2133,2197,4330
20210524,장항선,봉명,1332,1220,2552
20210525,장항선,봉명,1191,1143,2334
20210525,장항선,쌍용,2174,2077,4251
20210525,장항선,아산,2684,2464,5148
20210525,장항선,배방,923,921,1844
20210525,장항선,온양온천,2961,3026,5987
20210525,장항선,신창,1644,1676,3320
20210526,장항선,배방,996,984,1980
20210526,장항선,아산,2693,2515,5208
20210526,장항선,쌍용,2166,1961,4127
20210526,장항선,봉명,1251,1234,2485
20210526,장항선,온양온천,2996,3062,6058
20210526,장항선,신창,1634,1607,3241
20210527,장항선,신창,1600,1398,2998
20210527,장항선,온양온천,2824,2891,5715
20210527,장항선,배방,926,930,1856
20210527,장항선,아산,2667,2470,5137
20210527,장항선,쌍용,2134,1942,4076
20210527,장항선,봉명,1160,1138,2298
20210528,장항선,봉명,1116,1044,2160
20210528,장항선,쌍용,2065,1816,3881
20210528,장항선,아산,3056,3204,6260
20210528,장항선,배방,1014,956,1970
20210528,장항선,온양온천,2901,3115,6016
20210528,장항선,신창,1804,1389,3193
20210531,장항선,신창,1366,1550,2916
20210531,장항선,온양온천,3040,3067,6107
20210531,장항선,배방,982,979,1961
20210531,장항선,아산,2867,2378,5245
20210531,장항선,쌍용,2015,2058,4073
20210531,장항선,봉명,1165,1164,2329
20210601,장항선,봉명,1232,1233,2465
20210601,장항선,쌍용,2193,2113,4306
20210601,장항선,아산,2593,2320,4913
20210601,장항선,배방,932,897,1829
20210601,장항선,온양온천,3050,3212,6262
20210601,장항선,신창,1510,1555,3065
20210602,장항선,봉명,1164,1158,2322
20210602,장항선,쌍용,2067,1909,3976
20210602,장항선,아산,2535,2341,4876
20210602,장항선,배방,950,922,1872
20210602,장항선,온양온천,2955,3009,5964
20210602,장항선,신창,1488,1461,2949
20210603,장항선,봉명,1207,1150,2357
20210603,장항선,쌍용,2026,1775,3801
20210603,장항선,아산,2387,2253,4640
20210603,장항선,배방,814,806,1620
20210603,장항선,온양온천,2729,2746,5475
20210603,장항선,신창,1469,1320,2789
20210604,장항선,봉명,1270,1235,2505
20210604,장항선,쌍용,2063,1878,3941
20210604,장항선,아산,3366,3251,6617
20210604,장항선,배방,1181,1049,2230
20210604,장항선,온양온천,4368,4591,8959
20210604,장항선,신창,1834,1552,3386
20210607,장항선,신창,1202,1341,2543
20210607,장항선,온양온천,3150,3210,6360
20210607,장항선,배방,974,922,1896
20210607,장항선,아산,2616,2338,4954
20210607,장항선,쌍용,2026,2019,4045
20210607,장항선,봉명,1192,1185,2377
20210608,장항선,봉명,1235,1158,2393
20210608,장항선,쌍용,2432,2345,4777
20210608,장항선,아산,2789,2619,5408
20210608,장항선,배방,916,936,1852
20210608,장항선,온양온천,3047,3119,6166
20210608,장항선,신창,1359,1363,2722
20210609,장항선,봉명,1252,1200,2452
20210609,장항선,쌍용,2476,2336,4812
20210609,장항선,아산,2708,2475,5183
20210609,장항선,배방,952,931,1883
20210609,장항선,온양온천,3893,3885,7778
20210609,장항선,신창,1292,1303,2595
20210610,장항선,봉명,1171,1099,2270
20210610,장항선,쌍용,2469,2224,4693
20210610,장항선,아산,2860,2673,5533
20210610,장항선,배방,935,886,1821
20210610,장항선,온양온천,2970,3086,6056
20210610,장항선,신창,1501,1388,2889
20210611,장항선,신창,1976,1531,3507
20210611,장항선,온양온천,3347,3567,6914
20210611,장항선,배방,1012,964,1976
20210611,장항선,아산,3305,3331,6636
20210611,장항선,쌍용,2325,2058,4383
20210611,장항선,봉명,1223,1119,2342
20210614,장항선,신창,1417,1572,2989
20210614,장항선,온양온천,4101,4185,8286
20210614,장항선,배방,987,964,1951
20210614,장항선,아산,3158,2713,5871
20210614,장항선,쌍용,2471,2425,4896
20210614,장항선,봉명,1295,1236,2531
20210615,장항선,봉명,1266,1232,2498
20210615,장항선,쌍용,2064,1842,3906
20210615,장항선,아산,2643,2516,5159
20210615,장항선,배방,971,897,1868
20210615,장항선,온양온천,3047,3070,6117
20210615,장항선,신창,1364,1312,2676
20210616,장항선,봉명,1289,1238,2527
20210616,장항선,쌍용,2076,1917,3993
20210616,장항선,아산,2778,2583,5361
20210616,장항선,배방,1026,1001,2027
20210616,장항선,온양온천,3126,3184,6310
20210616,장항선,신창,1445,1360,2805
20210617,장항선,신창,1407,1318,2725
20210617,장항선,온양온천,2998,3099,6097
20210617,장항선,배방,1039,969,2008
20210617,장항선,아산,2607,2501,5108
20210617,장항선,쌍용,2011,1829,3840
20210617,장항선,봉명,1277,1213,2490
20210618,장항선,신창,1708,1349,3057
20210618,장항선,온양온천,3514,3694,7208
20210618,장항선,배방,1098,1025,2123
20210618,장항선,아산,3227,3379,6606
20210618,장항선,쌍용,2078,1896,3974
20210618,장항선,봉명,1152,1126,2278
20210621,장항선,봉명,1274,1178,2452
20210621,장항선,쌍용,1787,1758,3545
20210621,장항선,아산,2658,2396,5054
20210621,장항선,배방,1035,1037,2072
20210621,장항선,온양온천,3311,3220,6531
20210621,장항선,신창,1194,1341,2535
20210622,장항선,봉명,1292,1261,2553
20210622,장항선,쌍용,1800,1691,3491
20210622,장항선,아산,2627,2366,4993
20210622,장항선,배방,933,906,1839
20210622,장항선,온양온천,3257,3238,6495
20210622,장항선,신창,1131,1203,2334
20210623,장항선,봉명,1225,1176,2401
20210623,장항선,쌍용,1722,1613,3335
20210623,장항선,아산,2491,2313,4804
20210623,장항선,배방,981,938,1919
20210623,장항선,온양온천,2937,2974,5911
20210623,장항선,신창,1151,1218,2369
20210624,장항선,봉명,1354,1271,2625
20210624,장항선,쌍용,1923,1753,3676
20210624,장항선,아산,2579,2444,5023
20210624,장항선,배방,1035,1039,2074
20210624,장항선,온양온천,4222,4273,8495
20210624,장항선,신창,1122,1051,2173
20210625,장항선,신창,1420,1196,2616
20210625,장항선,온양온천,3507,3670,7177
20210625,장항선,배방,1147,1083,2230
20210625,장항선,아산,3239,3228,6467
20210625,장항선,쌍용,1894,1786,3680
20210625,장항선,봉명,1284,1205,2489
20210628,장항선,신창,1022,1118,2140
20210628,장항선,온양온천,3165,3164,6329
20210628,장항선,배방,1005,984,1989
20210628,장항선,아산,2674,2415,5089
20210628,장항선,쌍용,1644,1655,3299
20210628,장항선,봉명,1189,1145,2334
20210629,장항선,아산,2544,2368,4912
20210629,장항선,배방,947,950,1897
20210629,장항선,온양온천,4201,4243,8444
20210629,장항선,신창,978,989,1967
20210629,장항선,쌍용,1918,1799,3717
20210629,장항선,봉명,1330,1293,2623
20210630,장항선,봉명,1235,1163,2398
20210630,장항선,쌍용,1756,1661,3417
20210630,장항선,아산,2464,2215,4679
20210630,장항선,배방,1004,927,1931
20210630,장항선,온양온천,2995,3051,6046
20210630,장항선,신창,957,993,1950
20210701,장항선,봉명,1260,1148,2408
20210701,장항선,쌍용,1827,1630,3457
20210701,장항선,아산,2428,2350,4778
20210701,장항선,배방,928,929,1857
20210701,장항선,온양온천,3073,3172,6245
20210701,장항선,신창,1005,994,1999
20210702,장항선,신창,1345,1087,2432
20210702,장항선,온양온천,3473,3611,7084
20210702,장항선,배방,1106,1027,2133
20210702,장항선,아산,3154,3224,6378
20210702,장항선,쌍용,1859,1709,3568
20210702,장항선,봉명,1221,1167,2388
20210705,장항선,신창,1023,1201,2224
20210705,장항선,온양온천,3141,3121,6262
20210705,장항선,배방,995,927,1922
20210705,장항선,아산,2632,2214,4846
20210705,장항선,쌍용,1703,1642,3345
20210705,장항선,봉명,1259,1183,2442
20210706,장항선,신창,1006,1003,2009
20210706,장항선,온양온천,2942,3047,5989
20210706,장항선,배방,938,938,1876
20210706,장항선,아산,2387,2159,4546
20210706,장항선,쌍용,1724,1605,3329
20210706,장항선,봉명,1254,1199,2453
20210707,장항선,신창,987,939,1926
20210707,장항선,온양온천,2860,2829,5689
20210707,장항선,배방,822,813,1635
20210707,장항선,아산,2316,2131,4447
20210707,장항선,쌍용,1601,1590,3191
20210707,장항선,봉명,1231,1170,2401
20210708,장항선,봉명,1185,1117,2302
20210708,장항선,쌍용,1612,1544,3156
20210708,장항선,아산,2299,2143,4442
20210708,장항선,배방,872,854,1726
20210708,장항선,온양온천,2771,2880,5651
20210708,장항선,신창,975,956,1931
20210709,장항선,봉명,1260,1184,2444
20210709,장항선,쌍용,1975,1803,3778
20210709,장항선,아산,2884,3002,5886
20210709,장항선,배방,1078,989,2067
20210709,장항선,온양온천,4305,4477,8782
20210709,장항선,신창,1259,1045,2304
20210712,장항선,봉명,1140,1085,2225
20210712,장항선,쌍용,1624,1488,3112
20210712,장항선,아산,2385,2172,4557
20210712,장항선,배방,881,862,1743
20210712,장항선,온양온천,2940,3006,5946
20210712,장항선,신창,945,1077,2022
20210713,장항선,봉명,1217,1173,2390
20210713,장항선,쌍용,1571,1448,3019
20210713,장항선,아산,2185,2081,4266
20210713,장항선,배방,832,851,1683
20210713,장항선,온양온천,2769,2798,5567
20210713,장항선,신창,962,980,1942
20210714,장항선,신창,960,968,1928
20210714,장항선,온양온천,3640,3658,7298
20210714,장항선,배방,845,840,1685
20210714,장항선,아산,2247,2022,4269
20210714,장항선,쌍용,1572,1517,3089
20210714,장항선,봉명,1165,1111,2276
20210715,장항선,봉명,1156,1078,2234
20210715,장항선,신창,998,1001,1999
20210715,장항선,온양온천,2624,2723,5347
20210715,장항선,배방,808,765,1573
20210715,장항선,아산,2183,2045,4228
20210715,장항선,쌍용,1471,1409,2880
20210716,장항선,신창,1199,1034,2233
20210716,장항선,온양온천,3061,3208,6269
20210716,장항선,배방,953,890,1843
20210716,장항선,아산,2672,2743,5415
20210716,장항선,쌍용,1579,1476,3055
20210716,장항선,봉명,1094,1037,2131
20210719,장항선,신창,931,1015,1946
20210719,장항선,온양온천,3635,3636,7271
20210719,장항선,배방,844,843,1687
20210719,장항선,아산,2312,2073,4385
20210719,장항선,쌍용,1576,1485,3061
20210719,장항선,봉명,1176,1137,2313
20210720,장항선,신창,926,980,1906
20210720,장항선,온양온천,2815,2866,5681
20210720,장항선,배방,834,816,1650
20210720,장항선,아산,2117,2029,4146
20210720,장항선,쌍용,1545,1402,2947
20210720,장항선,봉명,1098,1054,2152
20210721,장항선,신창,951,972,1923
20210721,장항선,온양온천,2872,2893,5765
20210721,장항선,배방,790,755,1545
20210721,장항선,아산,2142,1980,4122
20210721,장항선,봉명,1127,1050,2177
20210721,장항선,쌍용,1455,1369,2824
20210722,장항선,신창,989,975,1964
20210722,장항선,온양온천,2793,2773,5566
20210722,장항선,봉명,1082,1046,2128
20210722,장항선,쌍용,1450,1365,2815
20210722,장항선,아산,2120,2023,4143
20210722,장항선,배방,833,809,1642
20210723,장항선,봉명,1084,1034,2118
20210723,장항선,쌍용,1545,1477,3022
20210723,장항선,아산,2610,2601,5211
20210723,장항선,배방,925,872,1797
20210723,장항선,온양온천,2957,3177,6134
20210723,장항선,신창,1214,973,2187
20210726,장항선,신창,1006,1041,2047
20210726,장항선,온양온천,2816,2855,5671
20210726,장항선,배방,835,814,1649
20210726,장항선,아산,2284,2065,4349
20210726,장항선,쌍용,1439,1362,2801
20210726,장항선,봉명,1027,960,1987
20210727,장항선,신창,975,1023,1998
20210727,장항선,온양온천,2824,2913,5737
20210727,장항선,배방,803,765,1568
20210727,장항선,아산,2053,1937,3990
20210727,장항선,쌍용,1445,1329,2774
20210727,장항선,봉명,982,964,1946
20210728,장항선,신창,972,940,1912
20210728,장항선,온양온천,2744,2760,5504
20210728,장항선,배방,783,766,1549
20210728,장항선,아산,2056,1971,4027
20210728,장항선,쌍용,1460,1300,2760
20210728,장항선,봉명,1041,1045,2086
20210729,장항선,봉명,1120,1067,2187
20210729,장항선,쌍용,1392,1364,2756
20210729,장항선,아산,2182,1991,4173
20210729,장항선,배방,817,821,1638
20210729,장항선,온양온천,3589,3629,7218
20210729,장항선,신창,1005,973,1978
20210730,장항선,봉명,938,883,1821
20210730,장항선,쌍용,1487,1417,2904
20210730,장항선,아산,2435,2626,5061
20210730,장항선,배방,958,840,1798
20210730,장항선,온양온천,2891,3029,5920
20210730,장항선,신창,1180,1060,2240
20210802,장항선,신창,904,1024,1928
20210802,장항선,온양온천,2738,2810,5548
20210802,장항선,배방,758,728,1486
20210802,장항선,아산,2347,1975,4322
20210802,장항선,쌍용,1332,1277,2609
20210802,장항선,봉명,940,926,1866
20210803,장항선,신창,957,969,1926
20210803,장항선,온양온천,2791,2906,5697
20210803,장항선,배방,777,763,1540
20210803,장항선,아산,2190,1859,4049
20210803,장항선,쌍용,1310,1256,2566
20210803,장항선,봉명,1005,964,1969
20210804,장항선,신창,956,981,1937
20210804,장항선,온양온천,3744,3799,7543
20210804,장항선,배방,749,738,1487
20210804,장항선,아산,2328,2184,4512
20210804,장항선,쌍용,1444,1363,2807
20210804,장항선,봉명,964,937,1901
20210805,장항선,봉명,1013,927,1940
20210805,장항선,쌍용,1327,1252,2579
20210805,장항선,아산,2171,2014,4185
20210805,장항선,배방,807,736,1543
20210805,장항선,온양온천,2685,2777,5462
20210805,장항선,신창,1006,1002,2008
20210806,장항선,신창,1193,1061,2254
20210806,장항선,온양온천,2856,3039,5895
20210806,장항선,배방,853,797,1650
20210806,장항선,아산,2473,2511,4984
20210806,장항선,쌍용,1449,1350,2799
20210806,장항선,봉명,949,924,1873
20210809,장항선,봉명,1082,1037,2119
20210809,장항선,쌍용,1560,1484,3044
20210809,장항선,아산,2280,2032,4312
20210809,장항선,배방,816,817,1633
20210809,장항선,온양온천,3786,3794,7580
20210809,장항선,신창,988,1066,2054
20210810,장항선,봉명,1048,1021,2069
20210810,장항선,쌍용,1515,1398,2913
20210810,장항선,아산,2124,1981,4105
20210810,장항선,배방,800,800,1600
20210810,장항선,온양온천,2736,2770,5506
20210810,장항선,신창,927,924,1851
20210811,장항선,봉명,1090,1022,2112
20210811,장항선,쌍용,1439,1364,2803
20210811,장항선,아산,2266,2059,4325
20210811,장항선,배방,796,767,1563
20210811,장항선,온양온천,2647,2775,5422
20210811,장항선,신창,925,901,1826
20210812,장항선,신창,915,919,1834
20210812,장항선,온양온천,2673,2694,5367
20210812,장항선,배방,868,826,1694
20210812,장항선,아산,2229,2080,4309
20210812,장항선,쌍용,1474,1366,2840
20210812,장항선,봉명,1101,1072,2173
20210813,장항선,온양온천,2926,3072,5998
20210813,장항선,신창,1107,943,2050
20210813,장항선,봉명,996,960,1956
20210813,장항선,쌍용,1538,1495,3033
20210813,장항선,아산,2710,2824,5534
20210813,장항선,배방,932,911,1843
20210816,장항선,봉명,822,771,1593
20210816,장항선,쌍용,1092,999,2091
20210816,장항선,아산,2533,1669,4202
20210816,장항선,배방,771,762,1533
20210816,장항선,온양온천,2832,2723,5555
20210816,장항선,신창,842,863,1705
20210817,장항선,봉명,1076,1073,2149
20210817,장항선,쌍용,1520,1473,2993
20210817,장항선,아산,2473,2234,4707
20210817,장항선,배방,861,889,1750
20210817,장항선,온양온천,2906,2986,5892
20210817,장항선,신창,1139,1169,2308
20210818,장항선,신창,1043,1085,2128
20210818,장항선,온양온천,2616,2692,5308
20210818,장항선,배방,827,791,1618
20210818,장항선,아산,2312,2107,4419
20210818,장항선,쌍용,1491,1440,2931
20210818,장항선,봉명,1026,1014,2040
20210819,장항선,봉명,1119,1058,2177
20210819,장항선,쌍용,1626,1524,3150
20210819,장항선,아산,2344,2122,4466
20210819,장항선,배방,870,847,1717
20210819,장항선,온양온천,3939,4105,8044
20210819,장항선,신창,1217,1185,2402
20210820,장항선,봉명,1094,1019,2113
20210820,장항선,쌍용,1681,1551,3232
20210820,장항선,아산,2802,2792,5594
20210820,장항선,배방,981,915,1896
20210820,장항선,온양온천,3062,3170,6232
20210820,장항선,신창,1340,1123,2463
20210823,장항선,봉명,1059,1007,2066
20210823,장항선,쌍용,1440,1385,2825
20210823,장항선,아산,2253,2033,4286
20210823,장항선,배방,767,736,1503
20210823,장항선,온양온천,2555,2617,5172
20210823,장항선,신창,1090,1142,2232
20210824,장항선,신창,1079,1048,2127
20210824,장항선,온양온천,3427,3538,6965
20210824,장항선,배방,841,830,1671
20210824,장항선,아산,2292,2053,4345
20210824,장항선,쌍용,1598,1506,3104
20210824,장항선,봉명,1047,1021,2068
20210825,장항선,신창,1081,1043,2124
20210825,장항선,온양온천,2653,2726,5379
20210825,장항선,배방,769,788,1557
20210825,장항선,아산,2250,2108,4358
20210825,장항선,쌍용,1540,1411,2951
20210825,장항선,봉명,1052,1002,2054
20210826,장항선,봉명,1119,1065,2184
20210826,장항선,쌍용,1629,1493,3122
20210826,장항선,아산,2340,2168,4508
20210826,장항선,배방,885,854,1739
20210826,장항선,온양온천,2874,2941,5815
20210826,장항선,신창,1199,1161,2360
20210827,장항선,봉명,1071,1008,2079
20210827,장항선,쌍용,1577,1447,3024
20210827,장항선,아산,2717,2750,5467
20210827,장항선,배방,974,920,1894
20210827,장항선,온양온천,2846,3066,5912
20210827,장항선,신창,1287,1129,2416
20210830,장항선,쌍용,1758,1705,3463
20210830,장항선,봉명,1118,1120,2238
20210830,장항선,신창,2251,2370,4621
20210830,장항선,온양온천,3042,3150,6192
20210830,장항선,배방,992,901,1893
20210830,장항선,아산,2699,2393,5092
20210831,장항선,봉명,1032,1032,2064
20210831,장항선,쌍용,1704,1602,3306
20210831,장항선,아산,2389,2098,4487
20210831,장항선,배방,860,864,1724
20210831,장항선,온양온천,2788,2861,5649
20210831,장항선,신창,2189,2170,4359
20210901,장항선,신창,2179,2068,4247
20210901,장항선,온양온천,2620,2650,5270
20210901,장항선,배방,845,841,1686
20210901,장항선,아산,2337,2189,4526
20210901,장항선,쌍용,1698,1609,3307
20210901,장항선,봉명,1042,1036,2078
20210902,장항선,신창,2497,2263,4760
20210902,장항선,온양온천,2920,3064,5984
20210902,장항선,배방,974,944,1918
20210902,장항선,아산,2547,2437,4984
20210902,장항선,쌍용,1823,1703,3526
20210902,장항선,봉명,1129,1081,2210
20210903,장항선,신창,2804,2003,4807
20210903,장항선,온양온천,3279,3557,6836
20210903,장항선,배방,1071,1000,2071
20210903,장항선,아산,3160,3272,6432
20210903,장항선,쌍용,1976,1770,3746
20210903,장항선,봉명,1143,1111,2254
20210906,장항선,봉명,1209,1169,2378
20210906,장항선,쌍용,1915,1888,3803
20210906,장항선,아산,2789,2411,5200
20210906,장항선,배방,918,871,1789
20210906,장항선,온양온천,2981,3059,6040
20210906,장항선,신창,2372,2615,4987
20210907,장항선,봉명,1130,1113,2243
20210907,장항선,쌍용,1851,1769,3620
20210907,장항선,아산,2512,2262,4774
20210907,장항선,배방,913,890,1803
20210907,장항선,온양온천,2861,2849,5710
20210907,장항선,신창,2273,2261,4534
20210908,장항선,신창,2481,2383,4864
20210908,장항선,온양온천,2870,2939,5809
20210908,장항선,배방,957,940,1897
20210908,장항선,아산,2578,2432,5010
20210908,장항선,쌍용,1883,1752,3635
20210908,장항선,봉명,1126,1105,2231
20210909,장항선,봉명,1214,1211,2425
20210909,장항선,쌍용,2053,1940,3993
20210909,장항선,아산,2722,2590,5312
20210909,장항선,배방,980,967,1947
20210909,장항선,온양온천,4678,4763,9441
20210909,장항선,신창,2766,2347,5113
20210910,장항선,신창,2657,1867,4524
20210910,장항선,온양온천,3240,3461,6701
20210910,장항선,배방,1054,995,2049
20210910,장항선,아산,3196,3211,6407
20210910,장항선,쌍용,2036,1805,3841
20210910,장항선,봉명,1208,1173,2381
20210913,장항선,신창,2235,2433,4668
20210913,장항선,온양온천,3161,3207,6368
20210913,장항선,배방,1014,939,1953
20210913,장항선,아산,2870,2540,5410
20210913,장항선,쌍용,1943,1943,3886
20210913,장항선,봉명,1239,1183,2422
20210914,장항선,신창,2107,2064,4171
20210914,장항선,온양온천,4578,4710,9288
20210914,장항선,배방,1036,982,2018
20210914,장항선,아산,2531,2353,4884
20210914,장항선,쌍용,2072,1887,3959
20210914,장항선,봉명,1262,1219,2481
20210915,장항선,신창,2271,2116,4387
20210915,장항선,온양온천,2907,3029,5936
20210915,장항선,배방,1007,927,1934
20210915,장항선,아산,2640,2558,5198
20210915,장항선,쌍용,1907,1756,3663
20210915,장항선,봉명,1151,1108,2259
20210916,장항선,봉명,1196,1178,2374
20210916,장항선,쌍용,1991,1780,3771
20210916,장항선,아산,2740,3058,5798
20210916,장항선,배방,979,899,1878
20210916,장항선,온양온천,3044,3254,6298
20210916,장항선,신창,2595,2009,4604
20210917,장항선,봉명,1135,1034,2169
20210917,장항선,쌍용,1960,1779,3739
20210917,장항선,아산,3356,3593,6949
20210917,장항선,배방,1041,1032,2073
20210917,장항선,온양온천,3270,3641,6911
20210917,장항선,신창,2531,1612,4143
20210920,장항선,신창,771,1077,1848
20210920,장항선,온양온천,2617,2990,5607
20210920,장항선,배방,574,591,1165
20210920,장항선,아산,1874,1683,3557
20210920,장항선,쌍용,854,804,1658
20210920,장항선,봉명,393,351,744
20210921,장항선,신창,1322,819,2141
20210921,장항선,온양온천,2722,2198,4920
20210921,장항선,배방,685,506,1191
20210921,장항선,아산,1991,1206,3197
20210921,장항선,쌍용,738,680,1418
20210921,장항선,봉명,353,291,644
20210922,장항선,신창,1305,1484,2789
20210922,장항선,온양온천,3282,2847,6129
20210922,장항선,배방,742,760,1502
20210922,장항선,아산,2873,1948,4821
20210922,장항선,쌍용,1047,999,2046
20210922,장항선,봉명,452,455,907
20210923,장항선,봉명,1110,1087,2197
20210923,장항선,쌍용,1803,1701,3504
20210923,장항선,아산,3567,2579,6146
20210923,장항선,배방,948,990,1938
20210923,장항선,온양온천,3297,3347,6644
20210923,장항선,신창,2037,2268,4305
20210924,장항선,봉명,1203,1149,2352
20210924,장항선,쌍용,1977,1808,3785
20210924,장항선,아산,3111,2850,5961
20210924,장항선,배방,1072,1010,2082
20210924,장항선,온양온천,4206,4289,8495
20210924,장항선,신창,2078,1805,3883
20210927,장항선,봉명,1267,1183,2450
20210927,장항선,쌍용,2059,1929,3988
20210927,장항선,아산,2877,2538,5415
20210927,장항선,배방,988,991,1979
20210927,장항선,온양온천,3259,3293,6552
20210927,장항선,신창,2182,2460,4642
20210928,장항선,봉명,1256,1207,2463
20210928,장항선,쌍용,2003,1899,3902
20210928,장항선,아산,2663,2488,5151
20210928,장항선,배방,1027,966,1993
20210928,장항선,온양온천,3046,3108,6154
20210928,장항선,신창,2164,2161,4325
20210929,장항선,신창,2189,2039,4228
20210929,장항선,온양온천,3375,3551,6926
20210929,장항선,배방,908,891,1799
20210929,장항선,아산,2598,2375,4973
20210929,장항선,쌍용,1895,1755,3650
20210929,장항선,봉명,1161,1089,2250
20210930,장항선,신창,2509,2107,4616
20210930,장항선,온양온천,3097,3266,6363
20210930,장항선,배방,975,953,1928
20210930,장항선,아산,2774,2589,5363
20210930,장항선,쌍용,1999,1852,3851
20210930,장항선,봉명,1302,1245,2547
20211001,장항선,신창,2638,1805,4443
20211001,장항선,온양온천,3469,3663,7132
20211001,장항선,배방,1125,1074,2199
20211001,장항선,아산,3314,3470,6784
20211001,장항선,쌍용,2090,1822,3912
20211001,장항선,봉명,1196,1110,2306
20211004,장항선,봉명,957,945,1902
20211004,장항선,쌍용,1558,1587,3145
20211004,장항선,아산,2987,2023,5010
20211004,장항선,배방,869,935,1804
20211004,장항선,온양온천,4858,4746,9604
20211004,장항선,신창,1030,1545,2575
20211005,장항선,신창,2205,2350,4555
20211005,장항선,온양온천,3268,3314,6582
20211005,장항선,배방,997,939,1936
20211005,장항선,아산,2988,2629,5617
20211005,장항선,쌍용,2216,2100,4316
20211005,장항선,봉명,1231,1206,2437
20211006,장항선,봉명,1191,1150,2341
20211006,장항선,쌍용,2152,2027,4179
20211006,장항선,아산,2734,2501,5235
20211006,장항선,배방,987,919,1906
20211006,장항선,온양온천,3132,3159,6291
20211006,장항선,신창,2248,2132,4380
20211007,장항선,봉명,1281,1233,2514
20211007,장항선,쌍용,2154,1905,4059
20211007,장항선,아산,2851,2784,5635
20211007,장항선,배방,946,900,1846
20211007,장항선,온양온천,3044,3165,6209
20211007,장항선,신창,2452,2026,4478
20211008,장항선,신창,2313,1686,3999
20211008,장항선,온양온천,3371,3641,7012
20211008,장항선,배방,1111,1073,2184
20211008,장항선,아산,3410,3507,6917
20211008,장항선,쌍용,2110,1851,3961
20211008,장항선,봉명,1218,1116,2334
20211011,장항선,봉명,926,913,1839
20211011,장항선,쌍용,1296,1404,2700
20211011,장항선,아산,3195,1961,5156
20211011,장항선,배방,859,951,1810
20211011,장항선,온양온천,3298,3215,6513
20211011,장항선,신창,971,1441,2412
20211012,장항선,봉명,1221,1182,2403
20211012,장항선,쌍용,2169,2060,4229
20211012,장항선,아산,2834,2556,5390
20211012,장항선,배방,998,925,1923
20211012,장항선,온양온천,3145,3126,6271
20211012,장항선,신창,1974,2119,4093
20211013,장항선,신창,2207,2184,4391
20211013,장항선,온양온천,3051,3110,6161
20211013,장항선,배방,1009,964,1973
20211013,장항선,아산,2834,2561,5395
20211013,장항선,쌍용,2199,2094,4293
20211013,장항선,봉명,1217,1150,2367
20211014,장항선,신창,2249,1958,4207
20211014,장항선,온양온천,4771,4866,9637
20211014,장항선,배방,982,995,1977
20211014,장항선,아산,2794,2658,5452
20211014,장항선,쌍용,2386,2185,4571
20211014,장항선,봉명,1279,1225,2504
20211015,장항선,봉명,850,839,1689
20211015,장항선,쌍용,2016,1779,3795
20211015,장항선,아산,3348,3204,6552
20211015,장항선,배방,1141,1050,2191
20211015,장항선,온양온천,3368,3596,6964
20211015,장항선,신창,2084,1605,3689
20211018,장항선,봉명,1223,1137,2360
20211018,장항선,쌍용,2385,2336,4721
20211018,장항선,아산,3195,2865,6060
20211018,장항선,배방,1029,1048,2077
20211018,장항선,온양온천,3236,3297,6533
20211018,장항선,신창,2796,2830,5626
20211019,장항선,봉명,1328,1261,2589
20211019,장항선,쌍용,2690,2497,5187
20211019,장항선,아산,2991,2670,5661
20211019,장항선,배방,1018,1035,2053
20211019,장항선,온양온천,4610,4695,9305
20211019,장항선,신창,2325,2269,4594
20211020,장항선,봉명,1204,1169,2373
20211020,장항선,쌍용,2507,2328,4835
20211020,장항선,아산,3093,2843,5936
20211020,장항선,배방,1009,931,1940
20211020,장항선,온양온천,3364,3471,6835
20211020,장항선,신창,2664,2432,5096
20211021,장항선,신창,3040,2547,5587
20211021,장항선,온양온천,3316,3492,6808
20211021,장항선,배방,1033,1007,2040
20211021,장항선,아산,3316,3102,6418
20211021,장항선,쌍용,2590,2286,4876
20211021,장항선,봉명,1215,1208,2423
20211022,장항선,봉명,1225,1150,2375
20211022,장항선,쌍용,2275,1999,4274
20211022,장항선,아산,3948,3873,7821
20211022,장항선,배방,1249,1174,2423
20211022,장항선,온양온천,3713,3932,7645
20211022,장항선,신창,3313,2135,5448
20211025,장항선,봉명,1222,1213,2435
20211025,장항선,쌍용,2468,2469,4937
20211025,장항선,아산,3645,3087,6732
20211025,장항선,배방,1055,1034,2089
20211025,장항선,온양온천,3641,3614,7255
20211025,장항선,신창,2267,2555,4822
20211026,장항선,아산,3465,3043,6508
20211026,장항선,쌍용,2359,2244,4603
20211026,장항선,봉명,1349,1246,2595
20211026,장항선,신창,2250,2195,4445
20211026,장항선,온양온천,3353,3460,6813
20211026,장항선,배방,1085,1051,2136
20211027,장항선,신창,2497,2355,4852
20211027,장항선,온양온천,3266,3452,6718
20211027,장항선,배방,1090,1031,2121
20211027,장항선,아산,3486,3073,6559
20211027,장항선,쌍용,2466,2323,4789
20211027,장항선,봉명,1198,1138,2336
20211028,장항선,봉명,1238,1178,2416
20211028,장항선,쌍용,2554,2275,4829
20211028,장항선,아산,3328,3078,6406
20211028,장항선,배방,1096,1056,2152
20211028,장항선,온양온천,3487,3607,7094
20211028,장항선,신창,2657,2211,4868
20211029,장항선,아산,4195,4072,8267
20211029,장항선,쌍용,2548,2179,4727
20211029,장항선,봉명,1343,1252,2595
20211029,장항선,신창,2844,1921,4765
20211029,장항선,온양온천,5947,6111,12058
20211029,장항선,배방,1265,1208,2473
20211101,장항선,봉명,1247,1205,2452
20211101,장항선,신창,2215,2520,4735
20211101,장항선,온양온천,3492,3583,7075
20211101,장항선,배방,1119,1093,2212
20211101,장항선,탕정,330,315,645
20211101,장항선,아산,3665,3117,6782
20211101,장항선,쌍용,2362,2389,4751
20211102,장항선,봉명,1289,1233,2522
20211102,장항선,쌍용,2488,2379,4867
20211102,장항선,아산,3493,3021,6514
20211102,장항선,탕정,346,345,691
20211102,장항선,배방,1155,1091,2246
20211102,장항선,온양온천,3407,3530,6937
20211102,장항선,신창,2243,2321,4564
20211103,장항선,신창,2404,2236,4640
20211103,장항선,온양온천,3447,3523,6970
20211103,장항선,배방,1108,1104,2212
20211103,장항선,탕정,330,336,666
20211103,장항선,아산,3482,3071,6553
20211103,장항선,쌍용,2575,2437,5012
20211103,장항선,봉명,1228,1209,2437
20211104,장항선,신창,2566,2246,4812
20211104,장항선,온양온천,5408,5434,10842
20211104,장항선,배방,1324,1230,2554
20211104,장항선,탕정,365,328,693
20211104,장항선,아산,3607,3371,6978
20211104,장항선,쌍용,2899,2564,5463
20211104,장항선,봉명,1396,1306,2702
20211105,장항선,신창,2887,1931,4818
20211105,장항선,온양온천,3887,4166,8053
20211105,장항선,배방,1314,1192,2506
20211105,장항선,탕정,385,342,727
20211105,장항선,아산,3986,3981,7967
20211105,장항선,쌍용,2378,2077,4455
20211105,장항선,봉명,1252,1205,2457
20211108,장항선,봉명,1207,1134,2341
20211108,장항선,쌍용,2311,2323,4634
20211108,장항선,아산,3445,2780,6225
20211108,장항선,탕정,272,257,529
20211108,장항선,배방,955,971,1926
20211108,장항선,온양온천,3204,3219,6423
20211108,장항선,신창,2070,2374,4444
20211109,장항선,봉명,1310,1231,2541
20211109,장항선,쌍용,2659,2474,5133
20211109,장항선,아산,3397,2870,6267
20211109,장항선,탕정,328,286,614
20211109,장항선,배방,1078,1019,2097
20211109,장항선,온양온천,4292,4336,8628
20211109,장항선,신창,2333,2404,4737
20211110,장항선,봉명,1243,1175,2418
20211110,장항선,쌍용,2475,2315,4790
20211110,장항선,아산,3306,2854,6160
20211110,장항선,탕정,288,257,545
20211110,장항선,배방,942,967,1909
20211110,장항선,온양온천,3196,3320,6516
20211110,장항선,신창,2456,2313,4769
20211111,장항선,봉명,1206,1124,2330
20211111,장항선,쌍용,2690,2398,5088
20211111,장항선,아산,3430,3127,6557
20211111,장항선,탕정,343,298,641
20211111,장항선,배방,1023,982,2005
20211111,장항선,온양온천,3427,3489,6916
20211111,장항선,신창,2566,2186,4752
20211112,장항선,봉명,1326,1252,2578
20211112,장항선,쌍용,2419,2054,4473
20211112,장항선,아산,4118,3942,8060
20211112,장항선,탕정,361,318,679
20211112,장항선,배방,1178,1105,2283
20211112,장항선,온양온천,3766,4154,7920
20211112,장항선,신창,2788,1982,4770
20211115,장항선,봉명,1231,1196,2427
20211115,장항선,쌍용,2556,2535,5091
20211115,장항선,아산,3627,3099,6726
20211115,장항선,탕정,334,312,646
20211115,장항선,배방,1078,1089,2167
20211115,장항선,온양온천,3620,3629,7249
20211115,장항선,신창,2207,2532,4739
20211116,장항선,신창,2298,2293,4591
20211116,장항선,온양온천,3603,3774,7377
20211116,장항선,배방,1031,1026,2057
20211116,장항선,탕정,386,324,710
20211116,장항선,아산,3554,2981,6535
20211116,장항선,쌍용,2666,2554,5220
20211116,장항선,봉명,1274,1212,2486
20211117,장항선,신창,2411,2211,4622
20211117,장항선,온양온천,3459,3523,6982
20211117,장항선,배방,1095,1033,2128
20211117,장항선,탕정,365,320,685
20211117,장항선,아산,3390,3035,6425
20211117,장항선,쌍용,2554,2337,4891
20211117,장항선,봉명,1176,1155,2331
20211118,장항선,신창,2621,2203,4824
20211118,장항선,온양온천,3561,3730,7291
20211118,장항선,배방,1075,1017,2092
20211118,장항선,탕정,413,349,762
20211118,장항선,아산,3562,3258,6820
20211118,장항선,쌍용,2663,2426,5089
20211118,장항선,봉명,1184,1129,2313
20211119,장항선,봉명,1339,1229,2568
20211119,장항선,쌍용,2602,2195,4797
20211119,장항선,아산,4221,4040,8261
20211119,장항선,탕정,431,361,792
20211119,장항선,배방,1293,1179,2472
20211119,장항선,온양온천,5263,5529,10792
20211119,장항선,신창,2752,1989,4741
20211122,장항선,봉명,1154,1154,2308
20211122,장항선,쌍용,2391,2411,4802
20211122,장항선,아산,3533,2835,6368
20211122,장항선,탕정,327,304,631
20211122,장항선,배방,1015,982,1997
20211122,장항선,온양온천,3394,3425,6819
20211122,장항선,신창,1989,2357,4346
20211123,장항선,신창,2105,2163,4268
20211123,장항선,온양온천,3367,3438,6805
20211123,장항선,배방,1019,961,1980
20211123,장항선,탕정,372,320,692
20211123,장항선,아산,3428,2871,6299
20211123,장항선,쌍용,2628,2475,5103
20211123,장항선,봉명,1147,1126,2273
20211124,장항선,봉명,1234,1185,2419
20211124,장항선,쌍용,2614,2528,5142
20211124,장항선,아산,3262,2957,6219
20211124,장항선,탕정,410,371,781
20211124,장항선,배방,1045,978,2023
20211124,장항선,온양온천,4263,4339,8602
20211124,장항선,신창,2206,2022,4228
20211125,장항선,아산,3379,3073,6452
20211125,장항선,탕정,387,339,726
20211125,장항선,배방,1060,989,2049
20211125,장항선,온양온천,3330,3441,6771
20211125,장항선,신창,2319,1964,4283
20211125,장항선,봉명,1221,1189,2410
20211125,장항선,쌍용,2676,2354,5030
20211126,장항선,봉명,1223,1220,2443
20211126,장항선,쌍용,2472,2187,4659
20211126,장항선,아산,3988,3849,7837
20211126,장항선,탕정,457,413,870
20211126,장항선,배방,1196,1157,2353
20211126,장항선,온양온천,3794,4128,7922
20211126,장항선,신창,2533,1743,4276
20211129,장항선,봉명,1280,1187,2467
20211129,장항선,쌍용,2709,2640,5349
20211129,장항선,아산,3485,3043,6528
20211129,장항선,탕정,377,367,744
20211129,장항선,배방,1036,1006,2042
20211129,장항선,온양온천,4528,4653,9181
20211129,장항선,신창,2074,2288,4362
20211130,장항선,봉명,1100,1049,2149
20211130,장항선,쌍용,2346,2259,4605
20211130,장항선,아산,3178,2627,5805
20211130,장항선,탕정,306,254,560
20211130,장항선,배방,876,875,1751
20211130,장항선,온양온천,2921,3000,5921
20211130,장항선,신창,1886,1806,3692
20211201,장항선,봉명,1116,1091,2207
20211201,장항선,쌍용,2420,2262,4682
20211201,장항선,아산,3022,2715,5737
20211201,장항선,탕정,358,297,655
20211201,장항선,배방,947,889,1836
20211201,장항선,온양온천,3033,3065,6098
20211201,장항선,신창,2032,1959,3991
20211202,장항선,신창,2063,1772,3835
20211202,장항선,온양온천,2981,3176,6157
20211202,장항선,배방,897,902,1799
20211202,장항선,탕정,365,298,663
20211202,장항선,아산,2962,2703,5665
20211202,장항선,쌍용,2516,2227,4743
20211202,장항선,봉명,1149,1120,2269
20211203,장항선,신창,2026,1641,3667
20211203,장항선,온양온천,3351,3677,7028
20211203,장항선,배방,1050,976,2026
20211203,장항선,탕정,400,325,725
20211203,장항선,아산,3567,3331,6898
20211203,장항선,쌍용,2175,1911,4086
20211203,장항선,봉명,1211,1181,2392
20211206,장항선,신창,2535,2659,5194
20211206,장항선,온양온천,3261,3445,6706
20211206,장항선,배방,1005,960,1965
20211206,장항선,탕정,353,345,698
20211206,장항선,아산,3391,2874,6265
20211206,장항선,쌍용,2633,2564,5197
20211206,장항선,봉명,1164,1102,2266
20211207,장항선,봉명,1178,1144,2322
20211207,장항선,쌍용,2616,2456,5072
20211207,장항선,아산,3179,2774,5953
20211207,장항선,탕정,383,327,710
20211207,장항선,배방,982,988,1970
20211207,장항선,온양온천,3171,3255,6426
20211207,장항선,신창,2352,2288,4640
20211208,장항선,신창,2595,2420,5015
20211208,장항선,온양온천,3139,3241,6380
20211208,장항선,배방,958,925,1883
20211208,장항선,탕정,356,307,663
20211208,장항선,아산,3062,2736,5798
20211208,장항선,쌍용,2577,2454,5031
20211208,장항선,봉명,1174,1107,2281
20211209,장항선,봉명,1210,1102,2312
20211209,장항선,쌍용,2792,2512,5304
20211209,장항선,아산,3114,2901,6015
20211209,장항선,탕정,408,355,763
20211209,장항선,배방,1045,993,2038
20211209,장항선,온양온천,3992,4107,8099
20211209,장항선,신창,2754,2405,5159
20211210,장항선,봉명,1209,1080,2289
20211210,장항선,쌍용,2376,2104,4480
20211210,장항선,아산,3368,3509,6877
20211210,장항선,탕정,368,340,708
20211210,장항선,배방,1089,1000,2089
20211210,장항선,온양온천,3275,3492,6767
20211210,장항선,신창,2665,1892,4557
20211213,장항선,신창,1420,1518,2938
20211213,장항선,온양온천,2961,3021,5982
20211213,장항선,배방,905,928,1833
20211213,장항선,탕정,325,270,595
20211213,장항선,아산,2913,2568,5481
20211213,장항선,쌍용,2006,1946,3952
20211213,장항선,봉명,1132,1078,2210
20211214,장항선,신창,1353,1307,2660
20211214,장항선,온양온천,3763,3922,7685
20211214,장항선,배방,956,894,1850
20211214,장항선,탕정,343,304,647
20211214,장항선,아산,2901,2529,5430
20211214,장항선,쌍용,2075,1976,4051
20211214,장항선,봉명,1239,1183,2422
20211215,장항선,봉명,1183,1128,2311
20211215,장항선,쌍용,1936,1798,3734
20211215,장항선,아산,2925,2657,5582
20211215,장항선,탕정,352,280,632
20211215,장항선,배방,881,840,1721
20211215,장항선,온양온천,2953,3040,5993
20211215,장항선,신창,1544,1405,2949
20211216,장항선,봉명,1110,1079,2189
20211216,장항선,쌍용,1977,1800,3777
20211216,장항선,아산,2857,2681,5538
20211216,장항선,탕정,330,305,635
20211216,장항선,배방,977,885,1862
20211216,장항선,온양온천,3107,3173,6280
20211216,장항선,신창,1408,1231,2639
20211217,장항선,신창,1578,1133,2711
20211217,장항선,온양온천,3152,3270,6422
20211217,장항선,배방,1053,935,1988
20211217,장항선,탕정,390,290,680
20211217,장항선,아산,3402,3473,6875
20211217,장항선,쌍용,2029,1719,3748
20211217,장항선,봉명,1125,1036,2161
20211220,장항선,신창,1000,1135,2135
20211220,장항선,온양온천,3076,3164,6240
20211220,장항선,배방,915,897,1812
20211220,장항선,탕정,327,311,638
20211220,장항선,아산,2937,2549,5486
20211220,장항선,쌍용,1789,1642,3431
20211220,장항선,봉명,1146,1103,2249
20211221,장항선,봉명,1167,1111,2278
20211221,장항선,쌍용,1737,1600,3337
20211221,장항선,아산,2602,2289,4891
20211221,장항선,탕정,304,306,610
20211221,장항선,배방,892,892,1784
20211221,장항선,온양온천,3012,3130,6142
20211221,장항선,신창,955,954,1909
20211222,장항선,신창,940,989,1929
20211222,장항선,온양온천,3072,3241,6313
20211222,장항선,배방,925,891,1816
20211222,장항선,탕정,337,288,625
20211222,장항선,아산,2708,2325,5033
20211222,장항선,쌍용,1749,1634,3383
20211222,장항선,봉명,1101,1102,2203
20211223,장항선,신창,1008,936,1944
20211223,장항선,온양온천,3120,3207,6327
20211223,장항선,배방,954,885,1839
20211223,장항선,탕정,364,326,690
20211223,장항선,아산,2557,2522,5079
20211223,장항선,쌍용,1765,1602,3367
20211223,장항선,봉명,1121,1096,2217
20211224,장항선,쌍용,1935,1761,3696
20211224,장항선,아산,3282,3513,6795
20211224,장항선,탕정,415,352,767
20211224,장항선,배방,1089,1026,2115
20211224,장항선,온양온천,4233,4288,8521
20211224,장항선,신창,1260,1067,2327
20211224,장항선,봉명,1145,1107,2252
20211227,장항선,신창,837,927,1764
20211227,장항선,온양온천,2914,3005,5919
20211227,장항선,배방,827,832,1659
20211227,장항선,탕정,329,330,659
20211227,장항선,아산,2682,2320,5002
20211227,장항선,쌍용,1560,1522,3082
20211227,장항선,봉명,1072,1009,2081
20211228,장항선,신창,833,816,1649
20211228,장항선,온양온천,2990,3042,6032
20211228,장항선,배방,928,890,1818
20211228,장항선,탕정,348,327,675
20211228,장항선,아산,2483,2205,4688
20211228,장항선,쌍용,1698,1583,3281
20211228,장항선,봉명,1103,1059,2162
20211229,장항선,봉명,1075,1065,2140
20211229,장항선,쌍용,1874,1733,3607
20211229,장항선,아산,2611,2458,5069
20211229,장항선,탕정,353,332,685
20211229,장항선,배방,903,872,1775
20211229,장항선,온양온천,3796,3897,7693
20211229,장항선,신창,823,833,1656
20211230,장항선,봉명,1117,1079,2196
20211230,장항선,쌍용,1727,1593,3320
20211230,장항선,아산,2711,2703,5414
20211230,장항선,탕정,379,337,716
20211230,장항선,배방,954,901,1855
20211230,장항선,온양온천,3233,3265,6498
20211230,장항선,신창,874,836,1710
20211231,장항선,신창,1134,962,2096
20211231,장항선,온양온천,3534,3717,7251
20211231,장항선,배방,1079,983,2062
20211231,장항선,탕정,387,342,729
20211231,장항선,아산,3092,3464,6556
20211231,장항선,쌍용,1786,1575,3361
20211231,장항선,봉명,1009,908,1917
