사용일자,호선명,지하철역,승차총승객수,하차총승객수,승하차총승객수
20220205,1호선,동대문,8335,7490,15825
20220205,1호선,동묘앞,8397,8494,16891
20220205,1호선,서울역,22832,21468,44300
20220205,1호선,시청,8421,8634,17055
20220205,1호선,신설동,7452,7166,14618
20220205,1호선,제기동,11245,11376,22621
20220205,1호선,종각,14426,13701,28127
20220205,1호선,종로3가,16936,16424,33360
20220205,1호선,종로5가,15064,15010,30074
20220205,1호선,청량리,13325,13555,26880
20220205,2호선,강남,54188,52583,106771
20220205,2호선,강변,19390,18919,38309
20220205,2호선,건대입구,27720,29631,57351
20220205,2호선,교대,14623,16322,30945
20220205,2호선,구로디지털단지,29021,28634,57655
20220205,2호선,구의,13975,13842,27817
20220205,2호선,낙성대,17291,16801,34092
20220205,2호선,당산,9764,10780,20544
20220205,2호선,대림,14370,15418,29788
20220205,2호선,도림천,763,788,1551
20220205,2호선,동대문역사문화공원,8119,8825,16944
20220205,2호선,뚝섬,11070,11285,22355
20220205,2호선,문래,9318,9618,18936
20220205,2호선,방배,8056,8343,16399
20220205,2호선,봉천,14585,14113,28698
20220205,2호선,사당,25012,27112,52124
20220205,2호선,삼성,24387,24117,48504
20220205,2호선,상왕십리,8140,7937,16077
20220205,2호선,서울대입구,31851,30986,62837
20220205,2호선,서초,8840,7584,16424
20220205,2호선,선릉,19872,17786,37658
20220205,2호선,성수,16650,18070,34720
20220205,2호선,시청,7111,6315,13426
20220205,2호선,신답,797,851,1648
20220205,2호선,신당,9235,9510,18745
20220205,2호선,신대방,16534,16322,32856
20220205,2호선,신도림,31885,32231,64116
20220205,2호선,신림,42273,42100,84373
20220205,2호선,신설동,2555,2633,5188
20220205,2호선,신정네거리,5995,6091,12086
20220205,2호선,신촌,24523,24492,49015
20220205,2호선,아현,5971,5781,11752
20220205,2호선,양천구청,3570,3711,7281
20220205,2호선,역삼,16610,18198,34808
20220205,2호선,영등포구청,10737,11095,21832
20220205,2호선,왕십리,10821,9486,20307
20220205,2호선,용답,1736,1711,3447
20220205,2호선,용두,1362,1367,2729
20220205,2호선,을지로3가,8583,8394,16977
20220205,2호선,을지로4가,5776,5896,11672
20220205,2호선,을지로입구,16473,16172,32645
20220205,2호선,이대,7888,8415,16303
20220205,2호선,잠실,50475,47748,98223
20220205,2호선,잠실나루,6040,5896,11936
20220205,2호선,잠실새내,14300,14739,29039
20220205,2호선,종합운동장,4149,4488,8637
20220205,2호선,충정로,4151,4294,8445
20220205,2호선,한양대,2714,2804,5518
20220205,2호선,합정,24056,25854,49910
20220205,2호선,홍대입구,52918,54533,107451
20220205,3호선,가락시장,4853,4616,9469
20220205,3호선,경복궁,11914,11997,23911
20220205,3호선,경찰병원,3317,3242,6559
20220205,3호선,고속터미널,38852,36716,75568
20220205,3호선,교대,5623,3359,8982
20220205,3호선,구파발,12209,12248,24457
20220205,3호선,금호,4833,4552,9385
20220205,3호선,남부터미널,16814,16489,33303
20220205,3호선,녹번,8618,7598,16216
20220205,3호선,대청,4907,4599,9506
20220205,3호선,대치,8419,7676,16095
20220205,3호선,도곡,2582,2552,5134
20220205,3호선,독립문,4334,4543,8877
20220205,3호선,동대입구,5237,5651,10888
20220205,3호선,매봉,5073,4930,10003
20220205,3호선,무악재,2166,2310,4476
20220205,3호선,불광,10617,11859,22476
20220205,3호선,수서,10895,10547,21442
20220205,3호선,신사,22001,22330,44331
20220205,3호선,안국,11199,12179,23378
20220205,3호선,압구정,22962,23596,46558
20220205,3호선,약수,7711,7247,14958
20220205,3호선,양재,17288,18618,35906
20220205,3호선,연신내,24102,23158,47260
20220205,3호선,오금,2930,2871,5801
20220205,3호선,옥수,5450,5758,11208
20220205,3호선,을지로3가,4150,4255,8405
20220205,3호선,일원,3957,4039,7996
20220205,3호선,잠원,2611,2574,5185
20220205,3호선,종로3가,5114,6407,11521
20220205,3호선,지축,2386,2336,4722
20220205,3호선,충무로,1,0,1
20220205,3호선,학여울,1181,1222,2403
20220205,3호선,홍제,10749,10324,21073
20220205,4호선,길음,11762,11496,23258
20220205,4호선,남태령,658,496,1154
20220205,4호선,노원,13763,14737,28500
20220205,4호선,당고개,7703,7354,15057
20220205,4호선,동대문,10296,10465,20761
20220205,4호선,동대문역사문화공원,8996,7897,16893
20220205,4호선,동작,922,1052,1974
20220205,4호선,명동,9688,11007,20695
20220205,4호선,미아,9546,9021,18567
20220205,4호선,미아사거리,18528,18089,36617
20220205,4호선,사당,16674,14412,31086
20220205,4호선,삼각지,2821,3454,6275
20220205,4호선,상계,11444,10906,22350
20220205,4호선,서울역,4228,8561,12789
20220205,4호선,성신여대입구,13978,13727,27705
20220205,4호선,수유,22379,22055,44434
20220205,4호선,숙대입구,7321,7124,14445
20220205,4호선,신용산,8536,9103,17639
20220205,4호선,쌍문,18021,16628,34649
20220205,4호선,이촌,5240,5680,10920
20220205,4호선,창동,16241,17084,33325
20220205,4호선,총신대입구,11626,12640,24266
20220205,4호선,충무로,9878,10279,20157
20220205,4호선,한성대입구,8949,8643,17592
20220205,4호선,혜화,21578,22134,43712
20220205,4호선,회현,13547,14540,28087
20220205,5호선,강동,10814,10409,21223
20220205,5호선,강일,2295,2166,4461
20220205,5호선,개롱,3462,3716,7178
20220205,5호선,개화산,3268,3206,6474
20220205,5호선,거여,4910,4788,9698
20220205,5호선,고덕,5237,5174,10411
20220205,5호선,공덕,5743,6116,11859
20220205,5호선,광나루,8347,7786,16133
20220205,5호선,광화문,11626,11752,23378
20220205,5호선,군자,7143,7870,15013
20220205,5호선,굽은다리,5799,5579,11378
20220205,5호선,길동,5119,5315,10434
20220205,5호선,김포공항,6424,6068,12492
20220205,5호선,까치산,17786,17616,35402
20220205,5호선,답십리,8616,8181,16797
20220205,5호선,동대문역사문화공원,855,1136,1991
20220205,5호선,둔촌동,4984,5073,10057
20220205,5호선,마곡,4770,4855,9625
20220205,5호선,마장,3146,3047,6193
20220205,5호선,마천,3947,4010,7957
20220205,5호선,마포,6174,6221,12395
20220205,5호선,명일,5497,5487,10984
20220205,5호선,목동,9422,9610,19032
20220205,5호선,미사,9922,9819,19741
20220205,5호선,발산,10790,11103,21893
20220205,5호선,방이,4548,4331,8879
20220205,5호선,방화,3757,3665,7422
20220205,5호선,상일동,7701,7445,15146
20220205,5호선,서대문,5795,5399,11194
20220205,5호선,송정,4197,4168,8365
20220205,5호선,신금호,3465,3660,7125
20220205,5호선,신길,2195,2378,4573
20220205,5호선,신정,7517,6534,14051
20220205,5호선,아차산,9850,9502,19352
20220205,5호선,애오개,3045,3102,6147
20220205,5호선,양평,3095,3080,6175
20220205,5호선,여의나루,4086,5471,9557
20220205,5호선,여의도,9882,10017,19899
20220205,5호선,영등포구청,1627,1552,3179
20220205,5호선,영등포시장,6220,6550,12770
20220205,5호선,오금,1768,1701,3469
20220205,5호선,오목교,13197,13347,26544
20220205,5호선,올림픽공원,2284,2003,4287
20220205,5호선,왕십리,3133,3641,6774
20220205,5호선,우장산,8179,8214,16393
20220205,5호선,을지로4가,2649,2843,5492
20220205,5호선,장한평,9604,9928,19532
20220205,5호선,종로3가,9830,9524,19354
20220205,5호선,천호,14128,13356,27484
20220205,5호선,청구,2176,1980,4156
20220205,5호선,충정로,1544,1531,3075
20220205,5호선,하남검단산,4040,4154,8194
20220205,5호선,하남시청,4302,4225,8527
20220205,5호선,하남풍산,2322,2368,4690
20220205,5호선,행당,4418,3836,8254
20220205,5호선,화곡,16893,15811,32704
20220205,6호선,고려대,4291,4312,8603
20220205,6호선,공덕,8384,7885,16269
20220205,6호선,광흥창,4380,4272,8652
20220205,6호선,구산,4615,3601,8216
20220205,6호선,녹사평,3508,3764,7272
20220205,6호선,대흥,4621,4584,9205
20220205,6호선,독바위,1606,1834,3440
20220205,6호선,돌곶이,5143,4781,9924
20220205,6호선,동묘앞,6184,5616,11800
20220205,6호선,디지털미디어시티,5780,5951,11731
20220205,6호선,마포구청,8039,7367,15406
20220205,6호선,망원,11340,12395,23735
20220205,6호선,버티고개,1180,1268,2448
20220205,6호선,보문,4284,4000,8284
20220205,6호선,봉화산,4375,4295,8670
20220205,6호선,불광,3137,2832,5969
20220205,6호선,삼각지,3811,3306,7117
20220205,6호선,상수,7279,8457,15736
20220205,6호선,상월곡,3381,3061,6442
20220205,6호선,새절,7150,7016,14166
20220205,6호선,석계,6997,7253,14250
20220205,6호선,신당,4795,4101,8896
20220205,6호선,안암,4897,4817,9714
20220205,6호선,약수,2077,2041,4118
20220205,6호선,역촌,2270,2605,4875
20220205,6호선,연신내,1,0,1
20220205,6호선,월곡,6064,6071,12135
20220205,6호선,월드컵경기장,2830,2966,5796
20220205,6호선,응암,10389,10542,20931
20220205,6호선,이태원,9587,9722,19309
20220205,6호선,증산,5947,6097,12044
20220205,6호선,창신,1810,1623,3433
20220205,6호선,청구,1992,2107,4099
20220205,6호선,태릉입구,3346,3708,7054
20220205,6호선,한강진,8327,9302,17629
20220205,6호선,합정,10980,9739,20719
20220205,6호선,화랑대,5563,4762,10325
20220205,6호선,효창공원앞,3752,3477,7229
20220205,7호선,가산디지털단지,11896,10783,22679
20220205,7호선,강남구청,8354,8987,17341
20220205,7호선,건대입구,9085,9217,18302
20220205,7호선,고속터미널,11261,8644,19905
20220205,7호선,공릉,7242,7262,14504
20220205,7호선,광명사거리,13973,13984,27957
20220205,7호선,군자,9036,7284,16320
20220205,7호선,남구로,6728,7027,13755
20220205,7호선,남성,6548,6190,12738
20220205,7호선,내방,6897,6793,13690
20220205,7호선,노원,13770,13839,27609
20220205,7호선,논현,9848,10834,20682
20220205,7호선,대림,5880,6048,11928
20220205,7호선,도봉산,5364,6805,12169
20220205,7호선,뚝섬유원지,4541,4405,8946
20220205,7호선,마들,7433,7294,14727
20220205,7호선,먹골,6562,6453,13015
20220205,7호선,면목,9545,9323,18868
20220205,7호선,반포,3600,3473,7073
20220205,7호선,보라매,4856,4650,9506
20220205,7호선,사가정,10257,10156,20413
20220205,7호선,삼산체육관,3,0,3
20220205,7호선,상도,6077,5793,11870
20220205,7호선,상봉,11125,10627,21752
20220205,7호선,수락산,8161,7938,16099
20220205,7호선,숭실대입구,6395,6716,13111
20220205,7호선,신대방삼거리,9570,9131,18701
20220205,7호선,신중동,1,0,1
20220205,7호선,신풍,6654,6429,13083
20220205,7호선,어린이대공원,7496,7503,14999
20220205,7호선,온수,4643,4633,9276
20220205,7호선,용마산,3628,3761,7389
20220205,7호선,이수,10405,9720,20125
20220205,7호선,장승배기,5565,5385,10950
20220205,7호선,장암,1121,729,1850
20220205,7호선,중계,7758,7047,14805
20220205,7호선,중곡,5903,5623,11526
20220205,7호선,중화,6454,6480,12934
20220205,7호선,천왕,5717,5414,11131
20220205,7호선,철산,11951,12065,24016
20220205,7호선,청담,8913,9592,18505
20220205,7호선,태릉입구,5347,5055,10402
20220205,7호선,하계,9695,9196,18891
20220205,7호선,학동,9074,9427,18501
20220205,8호선,가락시장,4608,4524,9132
20220205,8호선,강동구청,5399,5418,10817
20220205,8호선,남위례,2149,2257,4406
20220205,8호선,남한산성입구,7576,6799,14375
20220205,8호선,단대오거리,6378,6099,12477
20220205,8호선,모란,3058,2640,5698
20220205,8호선,몽촌토성,3778,3686,7464
20220205,8호선,문정,7161,7368,14529
20220205,8호선,복정,5222,4411,9633
20220205,8호선,산성,3337,3329,6666
20220205,8호선,석촌,5111,5994,11105
20220205,8호선,송파,4202,4378,8580
20220205,8호선,수진,3529,3374,6903
20220205,8호선,신흥,3072,3375,6447
20220205,8호선,암사,10447,9858,20305
20220205,8호선,잠실,10690,12103,22793
20220205,8호선,장지,10206,9561,19767
20220205,8호선,천호,10179,12068,22247
20220205,9호선,가양,11191,10844,22035
20220205,9호선,개화,1023,923,1946
20220205,9호선,고속터미널,9025,12896,21921
20220205,9호선,공항시장,1985,2195,4180
20220205,9호선,구반포,667,744,1411
20220205,9호선,국회의사당,3994,4014,8008
20220205,9호선,김포공항,6789,9781,16570
20220205,9호선,노들,2584,2252,4836
20220205,9호선,노량진,17278,17151,34429
20220205,9호선,당산,10620,10241,20861
20220205,9호선,동작,1464,1134,2598
20220205,9호선,등촌,6413,6263,12676
20220205,9호선,마곡나루,6656,6644,13300
20220205,9호선,사평,1870,1859,3729
20220205,9호선,샛강,1973,2069,4042
20220205,9호선,선유도,3145,3158,6303
20220205,9호선,신논현,22696,22464,45160
20220205,9호선,신목동,1803,1607,3410
20220205,9호선,신반포,1849,1840,3689
20220205,9호선,신방화,4002,3994,7996
20220205,9호선,양천향교,4814,4891,9705
20220205,9호선,여의도,10075,9410,19485
20220205,9호선,염창,9515,9160,18675
20220205,9호선,증미,3504,3504,7008
20220205,9호선,흑석,4396,4547,8943
20220205,9호선2~3단계,둔촌오륜,439,463,902
20220205,9호선2~3단계,봉은사,9078,9161,18239
20220205,9호선2~3단계,삼성중앙,2595,2734,5329
20220205,9호선2~3단계,삼전,4417,4211,8628
20220205,9호선2~3단계,석촌,5443,4703,10146
20220205,9호선2~3단계,석촌고분,3776,3734,7510
20220205,9호선2~3단계,선정릉,3674,4025,7699
20220205,9호선2~3단계,송파나루,3646,3959,7605
20220205,9호선2~3단계,언주,5418,5388,10806
20220205,9호선2~3단계,올림픽공원,3752,3750,7502
20220205,9호선2~3단계,종합운동장,2601,2385,4986
20220205,9호선2~3단계,중앙보훈병원,3727,3501,7228
20220205,9호선2~3단계,한성백제,1450,1250,2700
20220205,경강선,경기광주,4272,4145,8417
20220205,경강선,곤지암,1486,1429,2915
20220205,경강선,부발,1517,1361,2878
20220205,경강선,삼동,1239,1131,2370
20220205,경강선,세종대왕릉,174,177,351
20220205,경강선,신둔도예촌,835,803,1638
20220205,경강선,여주,1526,1609,3135
20220205,경강선,이매,656,499,1155
20220205,경강선,이천,2021,2054,4075
20220205,경강선,초월,1776,1648,3424
20220205,경강선,판교,2506,2494,5000
20220205,경부선,가산디지털단지,4929,6674,11603
20220205,경부선,관악,4446,4231,8677
20220205,경부선,광명,2103,1780,3883
20220205,경부선,구로,9899,10190,20089
20220205,경부선,군포,3480,3271,6751
20220205,경부선,금정,14739,14582,29321
20220205,경부선,금천구청,6374,6478,12852
20220205,경부선,남영,4499,4717,9216
20220205,경부선,노량진,6085,5904,11989
20220205,경부선,당정,3157,3008,6165
20220205,경부선,대방,5861,6048,11909
20220205,경부선,독산,7290,7336,14626
20220205,경부선,두정,3401,3552,6953
20220205,경부선,명학,3779,3618,7397
20220205,경부선,병점,9077,9246,18323
20220205,경부선,서동탄,755,697,1452
20220205,경부선,서울역,5264,1285,6549
20220205,경부선,서정리,4803,4132,8935
20220205,경부선,석수,5242,4991,10233
20220205,경부선,성균관대,7921,8115,16036
20220205,경부선,성환,1992,1774,3766
20220205,경부선,세류,1858,1983,3841
20220205,경부선,세마,1766,1630,3396
20220205,경부선,송탄,3298,3067,6365
20220205,경부선,수원,28047,29471,57518
20220205,경부선,신길,4758,3982,8740
20220205,경부선,신도림,2413,2313,4726
20220205,경부선,안양,13752,14054,27806
20220205,경부선,영등포,31127,32219,63346
20220205,경부선,오산,6689,6441,13130
20220205,경부선,오산대,2043,1807,3850
20220205,경부선,용산,26038,25575,51613
20220205,경부선,의왕,4620,4533,9153
20220205,경부선,직산,432,381,813
20220205,경부선,진위,791,658,1449
20220205,경부선,천안,4011,4340,8351
20220205,경부선,평택,8884,8719,17603
20220205,경부선,평택지제,2261,2176,4437
20220205,경부선,화서,3858,4030,7888
20220205,경원선,가능,4051,3965,8016
20220205,경원선,광운대,4139,4308,8447
20220205,경원선,녹양,2758,2708,5466
20220205,경원선,녹천,2663,2327,4990
20220205,경원선,덕계,1816,1696,3512
20220205,경원선,덕정,3276,3047,6323
20220205,경원선,도봉,3678,3484,7162
20220205,경원선,도봉산,5849,4155,10004
20220205,경원선,동두천,1311,1544,2855
20220205,경원선,동두천중앙,1979,1950,3929
20220205,경원선,망월사,4458,4687,9145
20220205,경원선,방학,6047,5922,11969
20220205,경원선,보산,931,961,1892
20220205,경원선,서빙고,1084,1163,2247
20220205,경원선,석계,5265,5475,10740
20220205,경원선,소요산,2212,1923,4135
20220205,경원선,신이문,4907,4636,9543
20220205,경원선,양주,4848,4598,9446
20220205,경원선,옥수,15,33,48
20220205,경원선,왕십리,9556,11124,20680
20220205,경원선,외대앞,4756,4739,9495
20220205,경원선,월계,3699,3515,7214
20220205,경원선,응봉,1088,933,2021
20220205,경원선,의정부,14113,14473,28586
20220205,경원선,이촌,2232,1691,3923
20220205,경원선,지행,4173,4202,8375
20220205,경원선,청량리,12244,12732,24976
20220205,경원선,한남,2156,2045,4201
20220205,경원선,회룡,7876,7841,15717
20220205,경의선,가좌,2941,2994,5935
20220205,경의선,강매,1631,1537,3168
20220205,경의선,곡산,299,284,583
20220205,경의선,공덕,2243,1629,3872
20220205,경의선,금릉,2902,2822,5724
20220205,경의선,금촌,4075,4032,8107
20220205,경의선,능곡,2125,2022,4147
20220205,경의선,디지털미디어시티,1395,1270,2665
20220205,경의선,문산,3360,3321,6681
20220205,경의선,백마,3523,3369,6892
20220205,경의선,서강대,1361,1290,2651
20220205,경의선,서울역,896,993,1889
20220205,경의선,수색,1104,1130,2234
20220205,경의선,신촌,275,294,569
20220205,경의선,야당,4746,4729,9475
20220205,경의선,운정,3810,3700,7510
20220205,경의선,월롱,1066,1091,2157
20220205,경의선,일산,4812,4518,9330
20220205,경의선,임진강,25,17,42
20220205,경의선,탄현,4386,4264,8650
20220205,경의선,파주,646,459,1105
20220205,경의선,풍산,3508,3393,6901
20220205,경의선,행신,4101,4100,8201
20220205,경의선,홍대입구,1473,1921,3394
20220205,경의선,화전,742,669,1411
20220205,경의선,효창공원앞,1339,1528,2867
20220205,경인선,간석,3579,3491,7070
20220205,경인선,개봉,12992,12930,25922
20220205,경인선,구일,3370,3294,6664
20220205,경인선,도원,1594,1659,3253
20220205,경인선,도화,2510,2378,4888
20220205,경인선,동암,9736,10043,19779
20220205,경인선,동인천,9351,9075,18426
20220205,경인선,백운,4083,4118,8201
20220205,경인선,부개,5066,4934,10000
20220205,경인선,부천,23063,23537,46600
20220205,경인선,부평,23739,25463,49202
20220205,경인선,소사,5220,5232,10452
20220205,경인선,송내,14393,14122,28515
20220205,경인선,역곡,15860,15900,31760
20220205,경인선,오류동,7425,6857,14282
20220205,경인선,온수,3758,3500,7258
20220205,경인선,인천,2464,2141,4605
20220205,경인선,제물포,5924,5808,11732
20220205,경인선,주안,12539,11320,23859
20220205,경인선,중동,5412,5028,10440
20220205,경춘선,가평,1150,1260,2410
20220205,경춘선,갈매,1575,1393,2968
20220205,경춘선,강촌,293,336,629
20220205,경춘선,굴봉산,120,196,316
20220205,경춘선,금곡,850,822,1672
20220205,경춘선,김유정,308,320,628
20220205,경춘선,남춘천,1751,1780,3531
20220205,경춘선,대성리,397,354,751
20220205,경춘선,마석,2274,2184,4458
20220205,경춘선,백양리,338,261,599
20220205,경춘선,별내,1917,1790,3707
20220205,경춘선,사릉,1706,1681,3387
20220205,경춘선,상천,169,157,326
20220205,경춘선,신내,940,924,1864
20220205,경춘선,천마산,988,1010,1998
20220205,경춘선,청평,1062,1187,2249
20220205,경춘선,춘천,932,859,1791
20220205,경춘선,퇴계원,2071,1866,3937
20220205,경춘선,평내호평,3602,3449,7051
20220205,공항철도 1호선,검암,3384,3533,6917
20220205,공항철도 1호선,계양,5426,5202,10628
20220205,공항철도 1호선,공덕,1326,2045,3371
20220205,공항철도 1호선,공항화물청사,1224,1253,2477
20220205,공항철도 1호선,김포공항,10421,4875,15296
20220205,공항철도 1호선,디지털미디어시티,3991,3742,7733
20220205,공항철도 1호선,마곡나루,2382,2548,4930
20220205,공항철도 1호선,서울역,5693,5323,11016
20220205,공항철도 1호선,영종,2150,2148,4298
20220205,공항철도 1호선,운서,4898,4954,9852
20220205,공항철도 1호선,인천공항1터미널,2653,2970,5623
20220205,공항철도 1호선,인천공항2터미널,1673,1700,3373
20220205,공항철도 1호선,청라국제도시,3310,3142,6452
20220205,공항철도 1호선,홍대입구,10237,10417,20654
20220205,과천선,경마공원,579,545,1124
20220205,과천선,과천,3638,3464,7102
20220205,과천선,대공원,2644,2801,5445
20220205,과천선,범계,16351,15788,32139
20220205,과천선,선바위,3646,3260,6906
20220205,과천선,인덕원,12398,12482,24880
20220205,과천선,정부과천청사,4695,4697,9392
20220205,과천선,평촌,7224,7192,14416
20220205,분당선,가천대,3854,4601,8455
20220205,분당선,강남구청,4794,5702,10496
20220205,분당선,개포동,2238,2224,4462
20220205,분당선,구룡,836,855,1691
20220205,분당선,구성,2621,2749,5370
20220205,분당선,기흥,5503,5209,10712
20220205,분당선,대모산입구,2454,2294,4748
20220205,분당선,도곡,3531,3367,6898
20220205,분당선,망포,7434,7273,14707
20220205,분당선,매교,1510,1626,3136
20220205,분당선,매탄권선,2668,2643,5311
20220205,분당선,모란,13272,13640,26912
20220205,분당선,미금,9348,9638,18986
20220205,분당선,보정,1196,1168,2364
20220205,분당선,상갈,2964,3021,5985
20220205,분당선,서울숲,5899,6091,11990
20220205,분당선,서현,16848,16715,33563
20220205,분당선,선릉,4186,6544,10730
20220205,분당선,선정릉,2706,2776,5482
20220205,분당선,수내,7644,7322,14966
20220205,분당선,수서,8595,8478,17073
20220205,분당선,수원,5851,4786,10637
20220205,분당선,수원시청,8914,9391,18305
20220205,분당선,신갈,2160,2271,4431
20220205,분당선,압구정로데오,17287,18729,36016
20220205,분당선,야탑,14620,15197,29817
20220205,분당선,영통,5372,5240,10612
20220205,분당선,오리,6212,5188,11400
20220205,분당선,이매,3408,3309,6717
20220205,분당선,정자,9061,9314,18375
20220205,분당선,죽전,8248,9169,17417
20220205,분당선,청명,2170,2192,4362
20220205,분당선,태평,8955,8513,17468
20220205,분당선,한티,10760,10537,21297
20220205,수인선,고색,2156,2112,4268
20220205,수인선,남동인더스파크,856,881,1737
20220205,수인선,달월,35,26,61
20220205,수인선,사리,2745,2370,5115
20220205,수인선,소래포구,3249,3294,6543
20220205,수인선,송도,1542,1522,3064
20220205,수인선,숭의,2150,2059,4209
20220205,수인선,신포,1040,1010,2050
20220205,수인선,야목,199,151,350
20220205,수인선,어천,482,445,927
20220205,수인선,연수,2934,3037,5971
20220205,수인선,오목천,1648,1484,3132
20220205,수인선,원인재,2981,3152,6133
20220205,수인선,월곶,1714,1658,3372
20220205,수인선,인천,908,1328,2236
20220205,수인선,인천논현,3557,3789,7346
20220205,수인선,인하대,3309,3142,6451
20220205,수인선,호구포,2045,1936,3981
20220205,안산선,고잔,4656,4520,9176
20220205,안산선,대야미,3053,2705,5758
20220205,안산선,반월,2568,2464,5032
20220205,안산선,산본,10173,10754,20927
20220205,안산선,상록수,9517,9728,19245
20220205,안산선,수리산,2295,2038,4333
20220205,안산선,신길온천,1056,983,2039
20220205,안산선,안산,6984,6783,13767
20220205,안산선,오이도,5404,5657,11061
20220205,안산선,정왕,4610,4708,9318
20220205,안산선,중앙,12233,12594,24827
20220205,안산선,초지,2606,2541,5147
20220205,안산선,한대앞,5432,5529,10961
20220205,우이신설선,4.19민주묘지,1850,1654,3504
20220205,우이신설선,가오리,2536,2452,4988
20220205,우이신설선,보문,959,983,1942
20220205,우이신설선,북한산보국문,3952,3650,7602
20220205,우이신설선,북한산우이,2243,2267,4510
20220205,우이신설선,삼양,1277,1365,2642
20220205,우이신설선,삼양사거리,1699,1589,3288
20220205,우이신설선,성신여대입구,2460,2846,5306
20220205,우이신설선,솔밭공원,1460,1403,2863
20220205,우이신설선,솔샘,3318,2917,6235
20220205,우이신설선,신설동,1181,1130,2311
20220205,우이신설선,정릉,2932,2584,5516
20220205,우이신설선,화계,2253,2155,4408
20220205,일산선,대곡,936,828,1764
20220205,일산선,대화,6733,6235,12968
20220205,일산선,마두,4112,4164,8276
20220205,일산선,백석,6131,6147,12278
20220205,일산선,삼송,11858,11694,23552
20220205,일산선,원당,6577,6392,12969
20220205,일산선,원흥,6118,5922,12040
20220205,일산선,정발산,5064,5206,10270
20220205,일산선,주엽,5207,5184,10391
20220205,일산선,화정,10883,11218,22101
20220205,장항선,배방,672,662,1334
20220205,장항선,봉명,573,561,1134
20220205,장항선,신창,663,643,1306
20220205,장항선,쌍용,1055,950,2005
20220205,장항선,아산,2001,1759,3760
20220205,장항선,온양온천,2589,2743,5332
20220205,장항선,탕정,333,316,649
20220205,중앙선,구리,7921,8342,16263
20220205,중앙선,국수,409,442,851
20220205,중앙선,덕소,3428,3509,6937
20220205,중앙선,도농,5479,5329,10808
20220205,중앙선,도심,1247,1089,2336
20220205,중앙선,망우,5112,5159,10271
20220205,중앙선,상봉,3827,3873,7700
20220205,중앙선,신원,133,123,256
20220205,중앙선,아신,349,401,750
20220205,중앙선,양수,1263,1263,2526
20220205,중앙선,양원,1164,1168,2332
20220205,중앙선,양정,431,397,828
20220205,중앙선,양평,1677,1732,3409
20220205,중앙선,오빈,170,156,326
20220205,중앙선,용문,2103,2192,4295
20220205,중앙선,운길산,642,596,1238
20220205,중앙선,원덕,229,228,457
20220205,중앙선,중랑,3671,3563,7234
20220205,중앙선,지평,34,47,81
20220205,중앙선,팔당,920,973,1893
20220205,중앙선,회기,15156,15033,30189
20220206,1호선,동대문,6638,6980,13618
20220206,1호선,동묘앞,9142,9174,18316
20220206,1호선,서울역,19362,16886,36248
20220206,1호선,시청,5692,5454,11146
20220206,1호선,신설동,5887,5919,11806
20220206,1호선,제기동,7427,7757,15184
20220206,1호선,종각,9467,8512,17979
20220206,1호선,종로3가,10752,9499,20251
20220206,1호선,종로5가,6825,6650,13475
20220206,1호선,청량리,10091,10101,20192
20220206,2호선,강남,29281,28033,57314
20220206,2호선,강변,14987,14637,29624
20220206,2호선,건대입구,21418,21870,43288
20220206,2호선,교대,8637,9623,18260
20220206,2호선,구로디지털단지,19385,19197,38582
20220206,2호선,구의,9500,9676,19176
20220206,2호선,낙성대,12887,13455,26342
20220206,2호선,당산,6768,7482,14250
20220206,2호선,대림,11498,11893,23391
20220206,2호선,도림천,391,395,786
20220206,2호선,동대문역사문화공원,6100,7353,13453
20220206,2호선,뚝섬,7900,7871,15771
20220206,2호선,문래,6313,6479,12792
20220206,2호선,방배,5550,6076,11626
20220206,2호선,봉천,10196,10181,20377
20220206,2호선,사당,17539,19165,36704
20220206,2호선,삼성,17513,16811,34324
20220206,2호선,상왕십리,5730,5922,11652
20220206,2호선,서울대입구,22837,23014,45851
20220206,2호선,서초,9792,8938,18730
20220206,2호선,선릉,10920,9548,20468
20220206,2호선,성수,11701,12407,24108
20220206,2호선,시청,4504,3820,8324
20220206,2호선,신답,609,668,1277
20220206,2호선,신당,6701,7014,13715
20220206,2호선,신대방,12536,12355,24891
20220206,2호선,신도림,22949,23322,46271
20220206,2호선,신림,31357,30942,62299
20220206,2호선,신설동,2235,2444,4679
20220206,2호선,신정네거리,4118,4232,8350
20220206,2호선,신촌,18237,17653,35890
20220206,2호선,아현,4349,4338,8687
20220206,2호선,양천구청,2599,2773,5372
20220206,2호선,역삼,10093,10952,21045
20220206,2호선,영등포구청,6719,6945,13664
20220206,2호선,왕십리,7580,6588,14168
20220206,2호선,용답,1328,1366,2694
20220206,2호선,용두,900,883,1783
20220206,2호선,을지로3가,6457,6047,12504
20220206,2호선,을지로4가,2591,2430,5021
20220206,2호선,을지로입구,12293,11487,23780
20220206,2호선,이대,5634,6101,11735
20220206,2호선,잠실,37179,35210,72389
20220206,2호선,잠실나루,4058,4200,8258
20220206,2호선,잠실새내,9163,9367,18530
20220206,2호선,종합운동장,5000,5360,10360
20220206,2호선,충정로,3029,3127,6156
20220206,2호선,한양대,1751,1857,3608
20220206,2호선,합정,17287,18076,35363
20220206,2호선,홍대입구,39899,38842,78741
20220206,3호선,가락시장,2952,3227,6179
20220206,3호선,경복궁,8619,8675,17294
20220206,3호선,경찰병원,2223,2295,4518
20220206,3호선,고속터미널,29931,28013,57944
20220206,3호선,교대,3451,2310,5761
20220206,3호선,구파발,8962,9265,18227
20220206,3호선,금호,3554,3504,7058
20220206,3호선,남부터미널,10646,10967,21613
20220206,3호선,녹번,5974,5511,11485
20220206,3호선,대청,3514,3450,6964
20220206,3호선,대치,5255,4618,9873
20220206,3호선,도곡,1614,1698,3312
20220206,3호선,독립문,3650,3905,7555
20220206,3호선,동대입구,4085,4480,8565
20220206,3호선,매봉,3471,3401,6872
20220206,3호선,무악재,1443,1588,3031
20220206,3호선,불광,7987,9005,16992
20220206,3호선,수서,8564,8063,16627
20220206,3호선,신사,11460,11624,23084
20220206,3호선,안국,7774,8265,16039
20220206,3호선,압구정,11938,12180,24118
20220206,3호선,약수,5497,5241,10738
20220206,3호선,양재,10879,12526,23405
20220206,3호선,연신내,17576,16692,34268
20220206,3호선,오금,2133,2128,4261
20220206,3호선,옥수,3778,4125,7903
20220206,3호선,을지로3가,2518,2393,4911
20220206,3호선,일원,2841,3048,5889
20220206,3호선,잠원,1672,1804,3476
20220206,3호선,종로3가,3117,3857,6974
20220206,3호선,지축,1667,1613,3280
20220206,3호선,학여울,733,758,1491
20220206,3호선,홍제,7545,7247,14792
20220206,4호선,길음,8460,8322,16782
20220206,4호선,남태령,497,391,888
20220206,4호선,노원,9693,10540,20233
20220206,4호선,당고개,6071,5812,11883
20220206,4호선,동대문,4701,5274,9975
20220206,4호선,동대문역사문화공원,7057,6884,13941
20220206,4호선,동작,1175,1092,2267
20220206,4호선,명동,7898,7615,15513
20220206,4호선,미아,6783,6612,13395
20220206,4호선,미아사거리,13238,12605,25843
20220206,4호선,사당,11987,11106,23093
20220206,4호선,삼각지,2018,2511,4529
20220206,4호선,상계,8011,7692,15703
20220206,4호선,서울역,3264,6596,9860
20220206,4호선,성신여대입구,10202,9942,20144
20220206,4호선,수유,16316,15692,32008
20220206,4호선,숙대입구,5807,5605,11412
20220206,4호선,신용산,6168,6419,12587
20220206,4호선,쌍문,13049,11804,24853
20220206,4호선,이촌,4060,4451,8511
20220206,4호선,창동,12249,12974,25223
20220206,4호선,총신대입구,7998,8778,16776
20220206,4호선,충무로,6177,6203,12380
20220206,4호선,한성대입구,6419,6416,12835
20220206,4호선,혜화,16832,17343,34175
20220206,4호선,회현,6966,7203,14169
20220206,5호선,강동,7474,7414,14888
20220206,5호선,강일,1685,1562,3247
20220206,5호선,개롱,2456,2685,5141
20220206,5호선,개화산,2240,2250,4490
20220206,5호선,거여,3592,3488,7080
20220206,5호선,고덕,3465,3528,6993
20220206,5호선,공덕,3652,3695,7347
20220206,5호선,광나루,6489,6311,12800
20220206,5호선,광화문,8435,8065,16500
20220206,5호선,군자,5028,5683,10711
20220206,5호선,굽은다리,4382,4143,8525
20220206,5호선,길동,3574,3663,7237
20220206,5호선,김포공항,6228,5752,11980
20220206,5호선,까치산,12933,12676,25609
20220206,5호선,답십리,6128,5907,12035
20220206,5호선,동대문역사문화공원,631,690,1321
20220206,5호선,둔촌동,3816,3919,7735
20220206,5호선,마곡,3165,3314,6479
20220206,5호선,마장,2368,2286,4654
20220206,5호선,마천,2944,3228,6172
20220206,5호선,마포,3920,4101,8021
20220206,5호선,명일,3938,4052,7990
20220206,5호선,목동,6356,6645,13001
20220206,5호선,미사,7152,7089,14241
20220206,5호선,발산,7515,7517,15032
20220206,5호선,방이,3276,3221,6497
20220206,5호선,방화,3008,3120,6128
20220206,5호선,상일동,5245,5273,10518
20220206,5호선,서대문,4169,4031,8200
20220206,5호선,송정,2993,3010,6003
20220206,5호선,신금호,2462,2757,5219
20220206,5호선,신길,1590,1749,3339
20220206,5호선,신정,5326,4824,10150
20220206,5호선,아차산,8004,7806,15810
20220206,5호선,애오개,2134,2247,4381
20220206,5호선,양평,2190,2358,4548
20220206,5호선,여의나루,4124,5005,9129
20220206,5호선,여의도,6681,6605,13286
20220206,5호선,영등포구청,1159,1129,2288
20220206,5호선,영등포시장,4029,4307,8336
20220206,5호선,오금,1228,1224,2452
20220206,5호선,오목교,9388,9663,19051
20220206,5호선,올림픽공원,1737,1565,3302
20220206,5호선,왕십리,2062,2363,4425
20220206,5호선,우장산,5687,5913,11600
20220206,5호선,을지로4가,1250,1280,2530
20220206,5호선,장한평,6709,6765,13474
20220206,5호선,종로3가,6399,5845,12244
20220206,5호선,천호,10425,9697,20122
20220206,5호선,청구,1467,1394,2861
20220206,5호선,충정로,1202,1235,2437
20220206,5호선,하남검단산,3546,3593,7139
20220206,5호선,하남시청,3190,3192,6382
20220206,5호선,하남풍산,1741,1840,3581
20220206,5호선,행당,3297,3107,6404
20220206,5호선,화곡,11766,11366,23132
20220206,6호선,고려대,3320,3273,6593
20220206,6호선,공덕,5543,5196,10739
20220206,6호선,광흥창,3522,3585,7107
20220206,6호선,구산,3257,2517,5774
20220206,6호선,녹사평,2716,2807,5523
20220206,6호선,대흥,3134,3257,6391
20220206,6호선,독바위,1210,1460,2670
20220206,6호선,돌곶이,4192,4007,8199
20220206,6호선,동묘앞,4534,4479,9013
20220206,6호선,디지털미디어시티,4345,4557,8902
20220206,6호선,마포구청,6080,5627,11707
20220206,6호선,망원,8028,8488,16516
20220206,6호선,버티고개,776,926,1702
20220206,6호선,보문,3349,3207,6556
20220206,6호선,봉화산,3167,3173,6340
20220206,6호선,불광,2422,2027,4449
20220206,6호선,삼각지,2794,2269,5063
20220206,6호선,상수,5477,6304,11781
20220206,6호선,상월곡,2676,2429,5105
20220206,6호선,새절,5146,5096,10242
20220206,6호선,석계,5264,5410,10674
20220206,6호선,신당,3197,3776,6973
20220206,6호선,안암,3616,3961,7577
20220206,6호선,약수,1439,1465,2904
20220206,6호선,역촌,1641,2008,3649
20220206,6호선,연신내,1,0,1
20220206,6호선,월곡,4561,4554,9115
20220206,6호선,월드컵경기장,2537,2559,5096
20220206,6호선,응암,7751,7884,15635
20220206,6호선,이태원,7028,6439,13467
20220206,6호선,증산,4479,4687,9166
20220206,6호선,창신,1403,1256,2659
20220206,6호선,청구,1404,1353,2757
20220206,6호선,태릉입구,2473,2585,5058
20220206,6호선,한강진,6191,6796,12987
20220206,6호선,합정,8357,7292,15649
20220206,6호선,화랑대,4496,3851,8347
20220206,6호선,효창공원앞,2783,2527,5310
20220206,7호선,가산디지털단지,8016,7410,15426
20220206,7호선,강남구청,4535,4943,9478
20220206,7호선,건대입구,6529,6569,13098
20220206,7호선,고속터미널,8562,5988,14550
20220206,7호선,공릉,5165,5314,10479
20220206,7호선,광명사거리,10025,10014,20039
20220206,7호선,군자,6415,5042,11457
20220206,7호선,남구로,5307,5170,10477
20220206,7호선,남성,4429,4475,8904
20220206,7호선,내방,4277,4519,8796
20220206,7호선,노원,9411,9211,18622
20220206,7호선,논현,5085,5436,10521
20220206,7호선,대림,4925,4587,9512
20220206,7호선,도봉산,4450,5831,10281
20220206,7호선,뚝섬유원지,3738,3639,7377
20220206,7호선,마들,4812,4637,9449
20220206,7호선,먹골,4470,4466,8936
20220206,7호선,면목,6820,6680,13500
20220206,7호선,반포,2375,2328,4703
20220206,7호선,보라매,3677,3596,7273
20220206,7호선,부평구청,1,0,1
20220206,7호선,사가정,7437,7328,14765
20220206,7호선,상도,4175,4213,8388
20220206,7호선,상봉,7721,7337,15058
20220206,7호선,수락산,6607,6368,12975
20220206,7호선,숭실대입구,4585,4994,9579
20220206,7호선,신대방삼거리,6834,6626,13460
20220206,7호선,신풍,4822,4618,9440
20220206,7호선,어린이대공원,5991,6018,12009
20220206,7호선,온수,3119,3074,6193
20220206,7호선,용마산,2665,3055,5720
20220206,7호선,이수,7008,6638,13646
20220206,7호선,장승배기,4039,3982,8021
20220206,7호선,장암,909,653,1562
20220206,7호선,중계,5428,5075,10503
20220206,7호선,중곡,4283,4330,8613
20220206,7호선,중화,4702,4596,9298
20220206,7호선,천왕,4003,4012,8015
20220206,7호선,철산,8056,8074,16130
20220206,7호선,청담,5415,5906,11321
20220206,7호선,태릉입구,3899,3697,7596
20220206,7호선,하계,7313,7049,14362
20220206,7호선,학동,4882,5288,10170
20220206,8호선,가락시장,2486,3198,5684
20220206,8호선,강동구청,3809,4075,7884
20220206,8호선,남위례,1640,1749,3389
20220206,8호선,남한산성입구,5496,5172,10668
20220206,8호선,단대오거리,4530,4557,9087
20220206,8호선,모란,2188,1785,3973
20220206,8호선,몽촌토성,2605,2623,5228
20220206,8호선,문정,4384,4591,8975
20220206,8호선,복정,3782,3553,7335
20220206,8호선,산성,2416,2507,4923
20220206,8호선,석촌,3509,4126,7635
20220206,8호선,송파,2861,3048,5909
20220206,8호선,수진,2558,2279,4837
20220206,8호선,신흥,2178,2368,4546
20220206,8호선,암사,7344,7126,14470
20220206,8호선,잠실,7800,8573,16373
20220206,8호선,장지,7330,7894,15224
20220206,8호선,천호,7387,8289,15676
20220206,9호선,가양,8361,8251,16612
20220206,9호선,개화,735,735,1470
20220206,9호선,고속터미널,7257,10003,17260
20220206,9호선,공항시장,1510,1595,3105
20220206,9호선,구반포,428,462,890
20220206,9호선,국회의사당,3901,3734,7635
20220206,9호선,김포공항,6376,9830,16206
20220206,9호선,노들,2106,1885,3991
20220206,9호선,노량진,12058,12666,24724
20220206,9호선,당산,7133,7026,14159
20220206,9호선,동작,1619,1156,2775
20220206,9호선,등촌,4264,4431,8695
20220206,9호선,마곡나루,4691,4794,9485
20220206,9호선,사평,1231,1330,2561
20220206,9호선,샛강,1306,1350,2656
20220206,9호선,선유도,2347,2328,4675
20220206,9호선,신논현,13147,12232,25379
20220206,9호선,신목동,1351,1240,2591
20220206,9호선,신반포,1230,1315,2545
20220206,9호선,신방화,2920,2972,5892
20220206,9호선,양천향교,3428,3682,7110
20220206,9호선,여의도,7240,6509,13749
20220206,9호선,염창,7023,7001,14024
20220206,9호선,증미,2430,2491,4921
20220206,9호선,흑석,3004,3257,6261
20220206,9호선2~3단계,둔촌오륜,437,385,822
20220206,9호선2~3단계,봉은사,6348,6361,12709
20220206,9호선2~3단계,삼성중앙,1643,1778,3421
20220206,9호선2~3단계,삼전,3126,3060,6186
20220206,9호선2~3단계,석촌,3762,3393,7155
20220206,9호선2~3단계,석촌고분,2577,2701,5278
20220206,9호선2~3단계,선정릉,2275,2612,4887
20220206,9호선2~3단계,송파나루,2650,2749,5399
20220206,9호선2~3단계,언주,3015,3146,6161
20220206,9호선2~3단계,올림픽공원,3016,3096,6112
20220206,9호선2~3단계,종합운동장,1910,1683,3593
20220206,9호선2~3단계,중앙보훈병원,2666,2600,5266
20220206,9호선2~3단계,한성백제,1002,948,1950
20220206,경강선,경기광주,2928,3082,6010
20220206,경강선,곤지암,1214,1265,2479
20220206,경강선,부발,1057,1717,2774
20220206,경강선,삼동,865,869,1734
20220206,경강선,세종대왕릉,154,140,294
20220206,경강선,신둔도예촌,624,641,1265
20220206,경강선,여주,1341,1266,2607
20220206,경강선,이매,502,350,852
20220206,경강선,이천,1504,1687,3191
20220206,경강선,초월,1239,1230,2469
20220206,경강선,판교,2071,1837,3908
20220206,경부선,가산디지털단지,3571,4801,8372
20220206,경부선,관악,3579,3343,6922
20220206,경부선,광명,1826,1344,3170
20220206,경부선,구로,7352,7211,14563
20220206,경부선,군포,2403,2284,4687
20220206,경부선,금정,10405,10908,21313
20220206,경부선,금천구청,4829,4725,9554
20220206,경부선,남영,3399,3578,6977
20220206,경부선,노량진,4371,4327,8698
20220206,경부선,당정,2232,2223,4455
20220206,경부선,대방,4621,4863,9484
20220206,경부선,독산,4850,4831,9681
20220206,경부선,두정,2889,3117,6006
20220206,경부선,명학,2544,2506,5050
20220206,경부선,병점,6929,7584,14513
20220206,경부선,서동탄,538,525,1063
20220206,경부선,서울역,5455,1186,6641
20220206,경부선,서정리,3320,4856,8176
20220206,경부선,석수,3902,3768,7670
20220206,경부선,성균관대,5834,6123,11957
20220206,경부선,성환,1676,1909,3585
20220206,경부선,세류,1441,1475,2916
20220206,경부선,세마,1330,1257,2587
20220206,경부선,송탄,2518,3031,5549
20220206,경부선,수원,24166,23281,47447
20220206,경부선,신길,3709,3253,6962
20220206,경부선,신도림,1986,1828,3814
20220206,경부선,안양,10589,10182,20771
20220206,경부선,영등포,24991,23960,48951
20220206,경부선,오산,5426,5929,11355
20220206,경부선,오산대,1501,1440,2941
20220206,경부선,용산,22868,20268,43136
20220206,경부선,의왕,3149,3237,6386
20220206,경부선,직산,335,403,738
20220206,경부선,진위,600,589,1189
20220206,경부선,천안,3969,3833,7802
20220206,경부선,평택,7765,8173,15938
20220206,경부선,평택지제,1971,1838,3809
20220206,경부선,화서,2962,2921,5883
20220206,경원선,가능,3055,2815,5870
20220206,경원선,광운대,3121,3206,6327
20220206,경원선,녹양,2020,1968,3988
20220206,경원선,녹천,1985,1719,3704
20220206,경원선,덕계,1363,1327,2690
20220206,경원선,덕정,2373,2542,4915
20220206,경원선,도봉,2790,2699,5489
20220206,경원선,도봉산,5813,4353,10166
20220206,경원선,동두천,940,1073,2013
20220206,경원선,동두천중앙,1546,1477,3023
20220206,경원선,망월사,3551,3702,7253
20220206,경원선,방학,4912,4663,9575
20220206,경원선,보산,885,836,1721
20220206,경원선,서빙고,1052,1091,2143
20220206,경원선,석계,3804,4117,7921
20220206,경원선,소요산,2318,2060,4378
20220206,경원선,신이문,3808,3574,7382
20220206,경원선,양주,3628,3696,7324
20220206,경원선,옥수,36,22,58
20220206,경원선,왕십리,7001,8179,15180
20220206,경원선,외대앞,3635,3717,7352
20220206,경원선,월계,2965,2851,5816
20220206,경원선,응봉,816,776,1592
20220206,경원선,의정부,11022,10991,22013
20220206,경원선,이촌,1656,1332,2988
20220206,경원선,지행,3279,3211,6490
20220206,경원선,청량리,10819,9336,20155
20220206,경원선,한남,1567,1584,3151
20220206,경원선,회룡,5902,5946,11848
20220206,경의선,가좌,2256,2311,4567
20220206,경의선,강매,1235,1107,2342
20220206,경의선,곡산,232,210,442
20220206,경의선,공덕,1390,1096,2486
20220206,경의선,금릉,2092,2144,4236
20220206,경의선,금촌,3344,3583,6927
20220206,경의선,능곡,1687,1647,3334
20220206,경의선,디지털미디어시티,1037,1019,2056
20220206,경의선,문산,2523,2627,5150
20220206,경의선,백마,2646,2618,5264
20220206,경의선,서강대,993,983,1976
20220206,경의선,서울역,684,680,1364
20220206,경의선,수색,708,760,1468
20220206,경의선,신촌,202,202,404
20220206,경의선,야당,3711,3570,7281
20220206,경의선,운정,2842,2795,5637
20220206,경의선,월롱,748,1658,2406
20220206,경의선,일산,3582,3480,7062
20220206,경의선,임진강,25,18,43
20220206,경의선,탄현,3285,3187,6472
20220206,경의선,파주,440,397,837
20220206,경의선,풍산,2644,2567,5211
20220206,경의선,행신,3320,3027,6347
20220206,경의선,홍대입구,1241,1490,2731
20220206,경의선,화전,506,522,1028
20220206,경의선,효창공원앞,1047,1316,2363
20220206,경인선,간석,2471,2488,4959
20220206,경인선,개봉,9154,9313,18467
20220206,경인선,구일,2452,2507,4959
20220206,경인선,도원,1239,1248,2487
20220206,경인선,도화,1912,1882,3794
20220206,경인선,동암,7309,7413,14722
20220206,경인선,동인천,7405,7115,14520
20220206,경인선,백운,3015,3060,6075
20220206,경인선,부개,3869,3637,7506
20220206,경인선,부천,17579,17216,34795
20220206,경인선,부평,18075,18280,36355
20220206,경인선,소사,4039,3852,7891
20220206,경인선,송내,10073,10011,20084
20220206,경인선,역곡,11448,11420,22868
20220206,경인선,오류동,5944,5466,11410
20220206,경인선,온수,2849,2720,5569
20220206,경인선,인천,2369,1891,4260
20220206,경인선,제물포,4377,4219,8596
20220206,경인선,주안,9229,8084,17313
20220206,경인선,중동,3911,3653,7564
20220206,경춘선,가평,1168,1001,2169
20220206,경춘선,갈매,1123,979,2102
20220206,경춘선,강촌,399,372,771
20220206,경춘선,굴봉산,146,134,280
20220206,경춘선,금곡,697,681,1378
20220206,경춘선,김유정,312,268,580
20220206,경춘선,남춘천,1614,1579,3193
20220206,경춘선,대성리,359,279,638
20220206,경춘선,마석,1809,1719,3528
20220206,경춘선,백양리,275,216,491
20220206,경춘선,별내,1465,1356,2821
20220206,경춘선,사릉,1298,1335,2633
20220206,경춘선,상천,187,164,351
20220206,경춘선,신내,706,720,1426
20220206,경춘선,천마산,849,818,1667
20220206,경춘선,청평,1036,863,1899
20220206,경춘선,춘천,861,760,1621
20220206,경춘선,퇴계원,1516,1447,2963
20220206,경춘선,평내호평,2567,2500,5067
20220206,공항철도 1호선,검암,2769,2859,5628
20220206,공항철도 1호선,계양,3999,4070,8069
20220206,공항철도 1호선,공덕,931,1280,2211
20220206,공항철도 1호선,공항화물청사,887,936,1823
20220206,공항철도 1호선,김포공항,10724,4776,15500
20220206,공항철도 1호선,디지털미디어시티,2984,2962,5946
20220206,공항철도 1호선,마곡나루,1758,1998,3756
20220206,공항철도 1호선,서울역,5533,4575,10108
20220206,공항철도 1호선,영종,1718,1728,3446
20220206,공항철도 1호선,운서,4045,4338,8383
20220206,공항철도 1호선,인천공항1터미널,2670,2869,5539
20220206,공항철도 1호선,인천공항2터미널,1580,1554,3134
20220206,공항철도 1호선,청라국제도시,2460,2463,4923
20220206,공항철도 1호선,홍대입구,7832,7537,15369
20220206,과천선,경마공원,427,387,814
20220206,과천선,과천,2741,2677,5418
20220206,과천선,대공원,2635,2791,5426
20220206,과천선,범계,11418,11059,22477
20220206,과천선,선바위,2657,2600,5257
20220206,과천선,인덕원,9020,9132,18152
20220206,과천선,정부과천청사,3317,3589,6906
20220206,과천선,평촌,4805,4691,9496
20220206,분당선,가천대,2838,3429,6267
20220206,분당선,강남구청,2535,3193,5728
20220206,분당선,개포동,1665,1787,3452
20220206,분당선,구룡,570,665,1235
20220206,분당선,구성,1829,2031,3860
20220206,분당선,기흥,3906,3749,7655
20220206,분당선,대모산입구,1846,1766,3612
20220206,분당선,도곡,2104,2148,4252
20220206,분당선,망포,5240,5511,10751
20220206,분당선,매교,1124,1191,2315
20220206,분당선,매탄권선,1994,2060,4054
20220206,분당선,모란,9230,9412,18642
20220206,분당선,미금,5919,6307,12226
20220206,분당선,보정,891,869,1760
20220206,분당선,상갈,2261,2383,4644
20220206,분당선,서울숲,4395,4420,8815
20220206,분당선,서현,12093,12097,24190
20220206,분당선,선릉,2289,3480,5769
20220206,분당선,선정릉,1606,1641,3247
20220206,분당선,수내,4935,4824,9759
20220206,분당선,수서,7261,6320,13581
20220206,분당선,수원,4438,3630,8068
20220206,분당선,수원시청,5851,5753,11604
20220206,분당선,신갈,1565,1639,3204
20220206,분당선,압구정로데오,9213,9582,18795
20220206,분당선,야탑,11261,11351,22612
20220206,분당선,영통,3959,4009,7968
20220206,분당선,오리,4174,3733,7907
20220206,분당선,이매,2456,2570,5026
20220206,분당선,정자,6360,6372,12732
20220206,분당선,죽전,6292,7273,13565
20220206,분당선,청명,1509,1619,3128
20220206,분당선,태평,6742,6370,13112
20220206,분당선,한티,7327,7075,14402
20220206,수인선,고색,1451,1566,3017
20220206,수인선,남동인더스파크,436,445,881
20220206,수인선,달월,34,26,60
20220206,수인선,사리,1989,1673,3662
20220206,수인선,소래포구,2874,2791,5665
20220206,수인선,송도,1236,1257,2493
20220206,수인선,숭의,1613,1414,3027
20220206,수인선,신포,871,879,1750
20220206,수인선,야목,169,131,300
20220206,수인선,어천,388,431,819
20220206,수인선,연수,2269,2254,4523
20220206,수인선,오목천,1176,1151,2327
20220206,수인선,원인재,2226,2259,4485
20220206,수인선,월곶,1387,1242,2629
20220206,수인선,인천,800,1099,1899
20220206,수인선,인천논현,2396,2532,4928
20220206,수인선,인하대,2552,2541,5093
20220206,수인선,호구포,1553,1573,3126
20220206,안산선,고잔,3337,3140,6477
20220206,안산선,대야미,2119,2012,4131
20220206,안산선,반월,1876,1894,3770
20220206,안산선,산본,7115,7615,14730
20220206,안산선,상록수,7171,7175,14346
20220206,안산선,수리산,1596,1570,3166
20220206,안산선,신길온천,763,737,1500
20220206,안산선,안산,6419,6079,12498
20220206,안산선,오이도,4095,4077,8172
20220206,안산선,정왕,3549,3836,7385
20220206,안산선,중앙,8859,8797,17656
20220206,안산선,초지,1686,1731,3417
20220206,안산선,한대앞,4009,3953,7962
20220206,우이신설선,4.19민주묘지,1468,1315,2783
20220206,우이신설선,가오리,1972,1866,3838
20220206,우이신설선,보문,846,850,1696
20220206,우이신설선,북한산보국문,3131,2882,6013
20220206,우이신설선,북한산우이,2234,2212,4446
20220206,우이신설선,삼양,1041,1120,2161
20220206,우이신설선,삼양사거리,1309,1299,2608
20220206,우이신설선,성신여대입구,1932,2098,4030
20220206,우이신설선,솔밭공원,1200,1126,2326
20220206,우이신설선,솔샘,2292,2211,4503
20220206,우이신설선,신설동,973,1005,1978
20220206,우이신설선,정릉,2203,1960,4163
20220206,우이신설선,화계,1681,1585,3266
20220206,일산선,대곡,761,623,1384
20220206,일산선,대화,4836,4463,9299
20220206,일산선,마두,2734,2754,5488
20220206,일산선,백석,4341,4329,8670
20220206,일산선,삼송,9041,8930,17971
20220206,일산선,원당,4886,4793,9679
20220206,일산선,원흥,4341,4162,8503
20220206,일산선,정발산,3978,3914,7892
20220206,일산선,주엽,3526,3530,7056
20220206,일산선,화정,7775,8044,15819
20220206,장항선,배방,524,651,1175
20220206,장항선,봉명,439,441,880
20220206,장항선,신창,547,637,1184
20220206,장항선,쌍용,863,901,1764
20220206,장항선,아산,2100,1437,3537
20220206,장항선,온양온천,2209,2303,4512
20220206,장항선,탕정,272,320,592
20220206,중앙선,구리,5811,6172,11983
20220206,중앙선,국수,411,403,814
20220206,중앙선,덕소,2665,2657,5322
20220206,중앙선,도농,3868,3885,7753
20220206,중앙선,도심,896,813,1709
20220206,중앙선,망우,3844,3806,7650
20220206,중앙선,상봉,2931,3031,5962
20220206,중앙선,신원,148,107,255
20220206,중앙선,아신,308,299,607
20220206,중앙선,양수,1095,1061,2156
20220206,중앙선,양원,841,835,1676
20220206,중앙선,양정,306,237,543
20220206,중앙선,양평,1333,1252,2585
20220206,중앙선,오빈,108,112,220
20220206,중앙선,용문,1212,1003,2215
20220206,중앙선,운길산,669,636,1305
20220206,중앙선,원덕,186,177,363
20220206,중앙선,중랑,2638,2625,5263
20220206,중앙선,지평,46,28,74
20220206,중앙선,팔당,878,898,1776
20220206,중앙선,회기,11887,11863,23750
20220212,1호선,동대문,9279,8508,17787
20220212,1호선,동묘앞,10166,10566,20732
20220212,1호선,서울역,25027,25115,50142
20220212,1호선,시청,9220,9699,18919
20220212,1호선,신설동,9288,8709,17997
20220212,1호선,제기동,14298,14846,29144
20220212,1호선,종각,15857,14805,30662
20220212,1호선,종로3가,20757,18690,39447
20220212,1호선,종로5가,16296,16389,32685
20220212,1호선,청량리,16459,16798,33257
20220212,2호선,강남,56473,55193,111666
20220212,2호선,강변,22057,21964,44021
20220212,2호선,건대입구,29724,31837,61561
20220212,2호선,교대,15568,17343,32911
20220212,2호선,구로디지털단지,31094,30496,61590
20220212,2호선,구의,15027,14801,29828
20220212,2호선,낙성대,19030,17834,36864
20220212,2호선,당산,11292,12207,23499
20220212,2호선,대림,16249,17059,33308
20220212,2호선,도림천,765,736,1501
20220212,2호선,동대문역사문화공원,9086,9947,19033
20220212,2호선,뚝섬,12347,12528,24875
20220212,2호선,문래,11868,12559,24427
20220212,2호선,방배,8573,8956,17529
20220212,2호선,봉천,15807,14770,30577
20220212,2호선,사당,27458,29598,57056
20220212,2호선,삼성,24022,23963,47985
20220212,2호선,상왕십리,8748,8449,17197
20220212,2호선,서울대입구,34877,34137,69014
20220212,2호선,서초,9722,8521,18243
20220212,2호선,선릉,21814,19482,41296
20220212,2호선,성수,18142,20031,38173
20220212,2호선,시청,7806,7082,14888
20220212,2호선,신답,972,964,1936
20220212,2호선,신당,10066,10701,20767
20220212,2호선,신대방,18289,17812,36101
20220212,2호선,신도림,36328,36715,73043
20220212,2호선,신림,45930,44514,90444
20220212,2호선,신설동,3180,3253,6433
20220212,2호선,신정네거리,6747,6849,13596
20220212,2호선,신촌,25833,25816,51649
20220212,2호선,아현,6613,6337,12950
20220212,2호선,양천구청,4134,4183,8317
20220212,2호선,역삼,17654,19453,37107
20220212,2호선,영등포구청,11970,12443,24413
20220212,2호선,왕십리,11563,10174,21737
20220212,2호선,용답,1880,1820,3700
20220212,2호선,용두,1526,1580,3106
20220212,2호선,을지로3가,9278,9066,18344
20220212,2호선,을지로4가,6361,6551,12912
20220212,2호선,을지로입구,17962,17548,35510
20220212,2호선,이대,8634,8970,17604
20220212,2호선,잠실,54470,51844,106314
20220212,2호선,잠실나루,6549,6413,12962
20220212,2호선,잠실새내,14878,15450,30328
20220212,2호선,종합운동장,4733,5070,9803
20220212,2호선,충정로,5092,5485,10577
20220212,2호선,한양대,3469,3555,7024
20220212,2호선,합정,25608,27756,53364
20220212,2호선,홍대입구,54688,57313,112001
20220212,3호선,가락시장,5443,5058,10501
20220212,3호선,경복궁,13616,14071,27687
20220212,3호선,경찰병원,3535,3494,7029
20220212,3호선,고속터미널,40908,40316,81224
20220212,3호선,교대,6204,3711,9915
20220212,3호선,구파발,13293,13198,26491
20220212,3호선,금호,5287,4890,10177
20220212,3호선,남부터미널,18481,18182,36663
20220212,3호선,녹번,9234,8110,17344
20220212,3호선,대청,5482,5076,10558
20220212,3호선,대치,8659,7809,16468
20220212,3호선,도곡,3106,3107,6213
20220212,3호선,독립문,5048,5362,10410
20220212,3호선,동대입구,6308,6810,13118
20220212,3호선,매봉,5807,5588,11395
20220212,3호선,무악재,2384,2538,4922
20220212,3호선,불광,11681,13247,24928
20220212,3호선,수서,11683,12053,23736
20220212,3호선,신사,24743,25282,50025
20220212,3호선,안국,12941,14302,27243
20220212,3호선,압구정,23662,24654,48316
20220212,3호선,약수,8358,7712,16070
20220212,3호선,양재,19240,20522,39762
20220212,3호선,연신내,26618,25342,51960
20220212,3호선,오금,3432,3318,6750
20220212,3호선,옥수,6115,6188,12303
20220212,3호선,을지로3가,4457,4626,9083
20220212,3호선,일원,5639,5393,11032
20220212,3호선,잠원,2903,2800,5703
20220212,3호선,종로3가,5192,6884,12076
20220212,3호선,지축,2778,2615,5393
20220212,3호선,학여울,2705,2924,5629
20220212,3호선,홍제,11977,11399,23376
20220212,4호선,길음,12750,12408,25158
20220212,4호선,남태령,805,542,1347
20220212,4호선,노원,14459,15708,30167
20220212,4호선,당고개,9298,8782,18080
20220212,4호선,동대문,11479,11406,22885
20220212,4호선,동대문역사문화공원,10038,8945,18983
20220212,4호선,동작,1249,1295,2544
20220212,4호선,명동,11468,13069,24537
20220212,4호선,미아,9864,9525,19389
20220212,4호선,미아사거리,19906,18917,38823
20220212,4호선,사당,18091,16036,34127
20220212,4호선,삼각지,3199,4040,7239
20220212,4호선,상계,12736,11979,24715
20220212,4호선,서울역,4896,10154,15050
20220212,4호선,성신여대입구,14883,14360,29243
20220212,4호선,수유,24207,23930,48137
20220212,4호선,숙대입구,8120,7869,15989
20220212,4호선,신용산,8903,9771,18674
20220212,4호선,쌍문,19705,18059,37764
20220212,4호선,이촌,5762,6390,12152
20220212,4호선,창동,18484,19365,37849
20220212,4호선,총신대입구,12811,13840,26651
20220212,4호선,충무로,11195,11580,22775
20220212,4호선,한성대입구,9362,8943,18305
20220212,4호선,혜화,25265,25599,50864
20220212,4호선,회현,15015,16381,31396
20220212,5호선,강동,11929,11304,23233
20220212,5호선,강일,2644,2467,5111
20220212,5호선,개롱,3935,3995,7930
20220212,5호선,개화산,3461,3417,6878
20220212,5호선,거여,5515,5274,10789
20220212,5호선,고덕,5613,5593,11206
20220212,5호선,공덕,6351,6432,12783
20220212,5호선,광나루,9322,8894,18216
20220212,5호선,광화문,12032,12203,24235
20220212,5호선,군자,7772,8380,16152
20220212,5호선,굽은다리,6421,6041,12462
20220212,5호선,길동,5601,5753,11354
20220212,5호선,김포공항,6778,6765,13543
20220212,5호선,까치산,19458,18861,38319
20220212,5호선,답십리,9366,8645,18011
20220212,5호선,동대문역사문화공원,920,1181,2101
20220212,5호선,둔촌동,5591,5649,11240
20220212,5호선,마곡,5141,5128,10269
20220212,5호선,마장,3547,3319,6866
20220212,5호선,마천,4440,4595,9035
20220212,5호선,마포,6755,6909,13664
20220212,5호선,명일,5469,5579,11048
20220212,5호선,목동,10713,10936,21649
20220212,5호선,미사,10637,10607,21244
20220212,5호선,발산,12309,13024,25333
20220212,5호선,방이,4845,4839,9684
20220212,5호선,방화,4434,4203,8637
20220212,5호선,상일동,8352,7820,16172
20220212,5호선,서대문,6618,6424,13042
20220212,5호선,송정,4451,4474,8925
20220212,5호선,신금호,3923,4031,7954
20220212,5호선,신길,2351,2439,4790
20220212,5호선,신정,8166,7140,15306
20220212,5호선,아차산,10960,10716,21676
20220212,5호선,애오개,3305,3240,6545
20220212,5호선,양평,3433,3361,6794
20220212,5호선,여의나루,6533,7726,14259
20220212,5호선,여의도,10132,10700,20832
20220212,5호선,영등포구청,1856,1818,3674
20220212,5호선,영등포시장,7503,7752,15255
20220212,5호선,오금,1959,1853,3812
20220212,5호선,오목교,15039,15423,30462
20220212,5호선,올림픽공원,2677,2367,5044
20220212,5호선,왕십리,3293,3819,7112
20220212,5호선,우장산,8903,8852,17755
20220212,5호선,을지로4가,3004,3480,6484
20220212,5호선,장한평,10321,10387,20708
20220212,5호선,종로3가,10364,10321,20685
20220212,5호선,천호,15428,14490,29918
20220212,5호선,청구,2393,2234,4627
20220212,5호선,충정로,1705,1626,3331
20220212,5호선,하남검단산,4778,4679,9457
20220212,5호선,하남시청,4716,4557,9273
20220212,5호선,하남풍산,2392,2469,4861
20220212,5호선,행당,4829,4188,9017
20220212,5호선,화곡,18454,17208,35662
20220212,6호선,고려대,5043,4931,9974
20220212,6호선,공덕,9077,8545,17622
20220212,6호선,광흥창,4794,4510,9304
20220212,6호선,구산,4924,3710,8634
20220212,6호선,녹사평,4138,4392,8530
20220212,6호선,대흥,4796,4834,9630
20220212,6호선,독바위,1810,2033,3843
20220212,6호선,돌곶이,5483,5132,10615
20220212,6호선,동묘앞,7046,6658,13704
20220212,6호선,디지털미디어시티,6642,6844,13486
20220212,6호선,마포구청,8754,7933,16687
20220212,6호선,망원,12088,13104,25192
20220212,6호선,버티고개,1288,1361,2649
20220212,6호선,보문,4839,4399,9238
20220212,6호선,봉화산,4822,4657,9479
20220212,6호선,불광,3361,3023,6384
20220212,6호선,삼각지,4479,3540,8019
20220212,6호선,상수,7330,8344,15674
20220212,6호선,상월곡,3667,3259,6926
20220212,6호선,새절,8012,7632,15644
20220212,6호선,석계,7870,7956,15826
20220212,6호선,신당,5769,4963,10732
20220212,6호선,안암,5444,5376,10820
20220212,6호선,약수,2218,2341,4559
20220212,6호선,역촌,2450,2901,5351
20220212,6호선,월곡,6650,6647,13297
20220212,6호선,월드컵경기장,3444,3502,6946
20220212,6호선,응암,11658,11448,23106
20220212,6호선,이태원,10395,10769,21164
20220212,6호선,증산,6733,6811,13544
20220212,6호선,창신,2008,1609,3617
20220212,6호선,청구,2240,2206,4446
20220212,6호선,태릉입구,3722,3990,7712
20220212,6호선,한강진,6345,7686,14031
20220212,6호선,합정,11309,10284,21593
20220212,6호선,화랑대,6360,5437,11797
20220212,6호선,효창공원앞,4302,3912,8214
20220212,7호선,가산디지털단지,12964,11781,24745
20220212,7호선,강남구청,9332,10063,19395
20220212,7호선,건대입구,9591,9777,19368
20220212,7호선,고속터미널,12024,9659,21683
20220212,7호선,공릉,7943,8046,15989
20220212,7호선,광명사거리,15308,15525,30833
20220212,7호선,군자,9874,7650,17524
20220212,7호선,굴포천,1,0,1
20220212,7호선,남구로,7600,7877,15477
20220212,7호선,남성,6997,6499,13496
20220212,7호선,내방,7238,7150,14388
20220212,7호선,노원,14328,14296,28624
20220212,7호선,논현,10503,11286,21789
20220212,7호선,대림,6042,6518,12560
20220212,7호선,도봉산,5773,7939,13712
20220212,7호선,뚝섬유원지,6260,6054,12314
20220212,7호선,마들,8191,7782,15973
20220212,7호선,먹골,7423,7331,14754
20220212,7호선,면목,10312,10116,20428
20220212,7호선,반포,3947,3657,7604
20220212,7호선,보라매,5487,5346,10833
20220212,7호선,사가정,11165,11000,22165
20220212,7호선,상도,6633,6210,12843
20220212,7호선,상동,2,0,2
20220212,7호선,상봉,12235,11644,23879
20220212,7호선,수락산,9077,8811,17888
20220212,7호선,숭실대입구,7032,7327,14359
20220212,7호선,신대방삼거리,10428,9710,20138
20220212,7호선,신풍,7310,6990,14300
20220212,7호선,어린이대공원,8039,8115,16154
20220212,7호선,온수,5085,5038,10123
20220212,7호선,용마산,4223,4311,8534
20220212,7호선,이수,10966,10141,21107
20220212,7호선,장승배기,5997,5758,11755
20220212,7호선,장암,1402,998,2400
20220212,7호선,중계,8324,7460,15784
20220212,7호선,중곡,6520,6148,12668
20220212,7호선,중화,7323,7065,14388
20220212,7호선,천왕,6205,5989,12194
20220212,7호선,철산,13621,13706,27327
20220212,7호선,청담,10248,10999,21247
20220212,7호선,태릉입구,5894,5441,11335
20220212,7호선,하계,10952,10321,21273
20220212,7호선,학동,10120,10617,20737
20220212,8호선,가락시장,4871,5054,9925
20220212,8호선,강동구청,5670,5634,11304
20220212,8호선,남위례,2806,2902,5708
20220212,8호선,남한산성입구,8257,7475,15732
20220212,8호선,단대오거리,6856,6665,13521
20220212,8호선,모란,3339,2844,6183
20220212,8호선,몽촌토성,3744,3778,7522
20220212,8호선,문정,8035,8202,16237
20220212,8호선,복정,5771,4946,10717
20220212,8호선,산성,3541,3652,7193
20220212,8호선,석촌,5320,6488,11808
20220212,8호선,송파,4500,4529,9029
20220212,8호선,수진,3828,3474,7302
20220212,8호선,신흥,3227,3504,6731
20220212,8호선,암사,11234,10308,21542
20220212,8호선,잠실,10971,12733,23704
20220212,8호선,장지,10861,10159,21020
20220212,8호선,천호,11085,13021,24106
20220212,9호선,가양,12710,12085,24795
20220212,9호선,개화,1159,1051,2210
20220212,9호선,고속터미널,10135,14510,24645
20220212,9호선,공항시장,2101,2240,4341
20220212,9호선,구반포,1080,1138,2218
20220212,9호선,국회의사당,4384,4590,8974
20220212,9호선,김포공항,6879,11143,18022
20220212,9호선,노들,2889,2450,5339
20220212,9호선,노량진,18893,18681,37574
20220212,9호선,당산,11525,10954,22479
20220212,9호선,동작,1581,1237,2818
20220212,9호선,등촌,6643,6527,13170
20220212,9호선,마곡나루,7335,7203,14538
20220212,9호선,사평,1934,1873,3807
20220212,9호선,샛강,2138,2158,4296
20220212,9호선,선유도,3484,3352,6836
20220212,9호선,신논현,23250,23009,46259
20220212,9호선,신목동,2066,1733,3799
20220212,9호선,신반포,2282,2123,4405
20220212,9호선,신방화,4329,4144,8473
20220212,9호선,양천향교,5309,5300,10609
20220212,9호선,여의도,10954,10273,21227
20220212,9호선,염창,10562,10130,20692
20220212,9호선,증미,3825,3603,7428
20220212,9호선,흑석,4920,4869,9789
20220212,9호선2~3단계,둔촌오륜,520,549,1069
20220212,9호선2~3단계,봉은사,9028,9470,18498
20220212,9호선2~3단계,삼성중앙,2801,2964,5765
20220212,9호선2~3단계,삼전,4579,4262,8841
20220212,9호선2~3단계,석촌,5998,5238,11236
20220212,9호선2~3단계,석촌고분,4013,3777,7790
20220212,9호선2~3단계,선정릉,4298,4671,8969
20220212,9호선2~3단계,송파나루,3832,4159,7991
20220212,9호선2~3단계,언주,5823,5894,11717
20220212,9호선2~3단계,올림픽공원,5347,5113,10460
20220212,9호선2~3단계,종합운동장,2880,2655,5535
20220212,9호선2~3단계,중앙보훈병원,4188,3929,8117
20220212,9호선2~3단계,한성백제,1650,1374,3024
20220212,경강선,경기광주,4720,4512,9232
20220212,경강선,곤지암,1734,1703,3437
20220212,경강선,부발,1822,1500,3322
20220212,경강선,삼동,1342,1320,2662
20220212,경강선,세종대왕릉,249,289,538
20220212,경강선,신둔도예촌,966,940,1906
20220212,경강선,여주,1693,1782,3475
20220212,경강선,이매,721,565,1286
20220212,경강선,이천,2370,2496,4866
20220212,경강선,초월,1987,1863,3850
20220212,경강선,판교,2735,2699,5434
20220212,경부선,가산디지털단지,5732,7490,13222
20220212,경부선,관악,5418,5066,10484
20220212,경부선,광명,2223,2099,4322
20220212,경부선,구로,11548,11724,23272
20220212,경부선,군포,3835,3569,7404
20220212,경부선,금정,16589,16899,33488
20220212,경부선,금천구청,7353,7477,14830
20220212,경부선,남영,4965,5158,10123
20220212,경부선,노량진,7178,6603,13781
20220212,경부선,당정,3675,3446,7121
20220212,경부선,대방,7009,7147,14156
20220212,경부선,독산,8022,7849,15871
20220212,경부선,두정,4220,4351,8571
20220212,경부선,명학,4459,4281,8740
20220212,경부선,병점,10315,10383,20698
20220212,경부선,서동탄,806,826,1632
20220212,경부선,서울역,5309,1663,6972
20220212,경부선,서정리,6100,5105,11205
20220212,경부선,석수,6096,5803,11899
20220212,경부선,성균관대,8992,9163,18155
20220212,경부선,성환,2368,2150,4518
20220212,경부선,세류,2189,2163,4352
20220212,경부선,세마,1869,1757,3626
20220212,경부선,송탄,4201,3758,7959
20220212,경부선,수원,31242,33652,64894
20220212,경부선,신길,5608,4602,10210
20220212,경부선,신도림,2704,2699,5403
20220212,경부선,안양,15534,15625,31159
20220212,경부선,영등포,34584,35601,70185
20220212,경부선,오산,7897,7534,15431
20220212,경부선,오산대,2368,2132,4500
20220212,경부선,용산,27854,28818,56672
20220212,경부선,의왕,5283,5149,10432
20220212,경부선,직산,595,555,1150
20220212,경부선,진위,902,786,1688
20220212,경부선,천안,4817,5190,10007
20220212,경부선,평택,11002,10689,21691
20220212,경부선,평택지제,2712,2534,5246
20220212,경부선,화서,4658,4692,9350
20220212,경원선,가능,4679,4513,9192
20220212,경원선,광운대,4733,4603,9336
20220212,경원선,녹양,3128,2965,6093
20220212,경원선,녹천,3085,2567,5652
20220212,경원선,덕계,2189,2045,4234
20220212,경원선,덕정,3934,3791,7725
20220212,경원선,도봉,4143,3972,8115
20220212,경원선,도봉산,7975,5629,13604
20220212,경원선,동두천,1384,1729,3113
20220212,경원선,동두천중앙,2274,2286,4560
20220212,경원선,망월사,5403,5544,10947
20220212,경원선,방학,6744,6456,13200
20220212,경원선,보산,1329,1278,2607
20220212,경원선,서빙고,1376,1348,2724
20220212,경원선,석계,6031,6401,12432
20220212,경원선,소요산,3014,2634,5648
20220212,경원선,신이문,5531,5103,10634
20220212,경원선,양주,5671,5288,10959
20220212,경원선,옥수,31,25,56
20220212,경원선,왕십리,11348,12684,24032
20220212,경원선,외대앞,5197,5128,10325
20220212,경원선,월계,4218,4108,8326
20220212,경원선,응봉,1186,991,2177
20220212,경원선,의정부,16062,16788,32850
20220212,경원선,이촌,2554,1934,4488
20220212,경원선,지행,4721,4808,9529
20220212,경원선,청량리,13540,14362,27902
20220212,경원선,한남,2528,2290,4818
20220212,경원선,회룡,8841,8793,17634
20220212,경의선,가좌,3397,3295,6692
20220212,경의선,강매,1750,1633,3383
20220212,경의선,곡산,330,332,662
20220212,경의선,공덕,2412,1811,4223
20220212,경의선,금릉,3260,3177,6437
20220212,경의선,금촌,4730,4618,9348
20220212,경의선,능곡,2512,2430,4942
20220212,경의선,디지털미디어시티,1664,1556,3220
20220212,경의선,문산,3825,3713,7538
20220212,경의선,백마,3917,3700,7617
20220212,경의선,서강대,1517,1451,2968
20220212,경의선,서울역,1012,1164,2176
20220212,경의선,수색,1362,1352,2714
20220212,경의선,신촌,332,315,647
20220212,경의선,야당,5353,5283,10636
20220212,경의선,운정,4148,3959,8107
20220212,경의선,월롱,1512,1304,2816
20220212,경의선,일산,5581,5207,10788
20220212,경의선,임진강,46,32,78
20220212,경의선,탄현,4719,4650,9369
20220212,경의선,파주,774,593,1367
20220212,경의선,풍산,3833,3792,7625
20220212,경의선,행신,4387,4524,8911
20220212,경의선,홍대입구,1636,2019,3655
20220212,경의선,화전,885,839,1724
20220212,경의선,효창공원앞,1565,1761,3326
20220212,경인선,간석,3867,3708,7575
20220212,경인선,개봉,14425,14335,28760
20220212,경인선,구일,3857,3590,7447
20220212,경인선,도원,1873,1889,3762
20220212,경인선,도화,2822,2631,5453
20220212,경인선,동암,10763,11127,21890
20220212,경인선,동인천,10180,10116,20296
20220212,경인선,백운,4598,4592,9190
20220212,경인선,부개,5646,5271,10917
20220212,경인선,부천,25595,26394,51989
20220212,경인선,부평,25181,27336,52517
20220212,경인선,소사,6556,6339,12895
20220212,경인선,송내,15872,15718,31590
20220212,경인선,역곡,17875,17820,35695
20220212,경인선,오류동,8076,7409,15485
20220212,경인선,온수,4331,3908,8239
20220212,경인선,인천,3372,2880,6252
20220212,경인선,제물포,6567,6376,12943
20220212,경인선,주안,13634,12134,25768
20220212,경인선,중동,5949,5625,11574
20220212,경춘선,가평,1396,1548,2944
20220212,경춘선,갈매,1765,1543,3308
20220212,경춘선,강촌,468,430,898
20220212,경춘선,굴봉산,179,224,403
20220212,경춘선,금곡,1010,1006,2016
20220212,경춘선,김유정,393,438,831
20220212,경춘선,남춘천,2760,2776,5536
20220212,경춘선,대성리,461,468,929
20220212,경춘선,마석,2667,2709,5376
20220212,경춘선,백양리,377,349,726
20220212,경춘선,별내,2123,2068,4191
20220212,경춘선,사릉,1913,1900,3813
20220212,경춘선,상천,313,269,582
20220212,경춘선,신내,1147,1069,2216
20220212,경춘선,천마산,1187,1231,2418
20220212,경춘선,청평,1357,1456,2813
20220212,경춘선,춘천,1321,1210,2531
20220212,경춘선,퇴계원,2327,2181,4508
20220212,경춘선,평내호평,4047,3905,7952
20220212,공항철도 1호선,검암,4100,4123,8223
20220212,공항철도 1호선,계양,5885,5652,11537
20220212,공항철도 1호선,공덕,1335,2129,3464
20220212,공항철도 1호선,공항화물청사,1239,1167,2406
20220212,공항철도 1호선,김포공항,11123,5356,16479
20220212,공항철도 1호선,디지털미디어시티,4633,4340,8973
20220212,공항철도 1호선,마곡나루,2849,3050,5899
20220212,공항철도 1호선,서울역,6125,6014,12139
20220212,공항철도 1호선,영종,2554,2518,5072
20220212,공항철도 1호선,운서,5386,5501,10887
20220212,공항철도 1호선,인천공항1터미널,2990,3301,6291
20220212,공항철도 1호선,인천공항2터미널,1713,1645,3358
20220212,공항철도 1호선,청라국제도시,3630,3506,7136
20220212,공항철도 1호선,홍대입구,10652,10230,20882
20220212,과천선,경마공원,7868,7935,15803
20220212,과천선,과천,3970,3753,7723
20220212,과천선,대공원,3740,3972,7712
20220212,과천선,범계,18100,17602,35702
20220212,과천선,선바위,4670,3998,8668
20220212,과천선,인덕원,14335,14170,28505
20220212,과천선,정부과천청사,5279,5445,10724
20220212,과천선,평촌,8307,8035,16342
20220212,분당선,가천대,4315,4913,9228
20220212,분당선,강남구청,5158,6367,11525
20220212,분당선,개포동,2357,2361,4718
20220212,분당선,구룡,1160,1033,2193
20220212,분당선,구성,2933,3086,6019
20220212,분당선,기흥,5838,5565,11403
20220212,분당선,대모산입구,2704,2481,5185
20220212,분당선,도곡,4247,3881,8128
20220212,분당선,망포,8470,7788,16258
20220212,분당선,매교,1910,1783,3693
20220212,분당선,매탄권선,3264,3088,6352
20220212,분당선,모란,14791,14780,29571
20220212,분당선,미금,10017,10398,20415
20220212,분당선,보정,1381,1351,2732
20220212,분당선,복정,2,0,2
20220212,분당선,상갈,3290,3242,6532
20220212,분당선,서울숲,6685,6912,13597
20220212,분당선,서현,17770,17861,35631
20220212,분당선,선릉,4423,6958,11381
20220212,분당선,선정릉,3207,3327,6534
20220212,분당선,수내,7996,7523,15519
20220212,분당선,수서,9159,9700,18859
20220212,분당선,수원,6535,5480,12015
20220212,분당선,수원시청,10177,10869,21046
20220212,분당선,신갈,2411,2432,4843
20220212,분당선,압구정로데오,18740,20415,39155
20220212,분당선,야탑,15679,16400,32079
20220212,분당선,영통,5823,5761,11584
20220212,분당선,오리,6858,5580,12438
20220212,분당선,이매,3698,3715,7413
20220212,분당선,정자,9780,9968,19748
20220212,분당선,죽전,9099,10228,19327
20220212,분당선,청명,2372,2365,4737
20220212,분당선,태평,9836,9445,19281
20220212,분당선,한티,11694,11430,23124
20220212,수인선,고색,2405,2372,4777
20220212,수인선,남동인더스파크,971,916,1887
20220212,수인선,달월,56,54,110
20220212,수인선,사리,2973,2625,5598
20220212,수인선,소래포구,4356,4443,8799
20220212,수인선,송도,1840,1834,3674
20220212,수인선,숭의,2510,2219,4729
20220212,수인선,신포,1335,1427,2762
20220212,수인선,야목,211,185,396
20220212,수인선,어천,580,491,1071
20220212,수인선,연수,3496,3561,7057
20220212,수인선,오목천,1885,1633,3518
20220212,수인선,원인재,3238,3314,6552
20220212,수인선,월곶,1891,1757,3648
20220212,수인선,인천,1048,1603,2651
20220212,수인선,인천논현,3993,4202,8195
20220212,수인선,인하대,3650,3604,7254
20220212,수인선,호구포,2250,2205,4455
20220212,안산선,고잔,5546,5605,11151
20220212,안산선,대야미,3429,3017,6446
20220212,안산선,반월,2990,2832,5822
20220212,안산선,산본,11087,11994,23081
20220212,안산선,상록수,10936,10915,21851
20220212,안산선,수리산,2485,2235,4720
20220212,안산선,신길온천,1168,1155,2323
20220212,안산선,안산,8122,8219,16341
20220212,안산선,오이도,6343,6487,12830
20220212,안산선,정왕,5574,5667,11241
20220212,안산선,중앙,13777,14069,27846
20220212,안산선,초지,2864,2894,5758
20220212,안산선,한대앞,6086,6137,12223
20220212,우이신설선,4.19민주묘지,2158,1888,4046
20220212,우이신설선,가오리,2762,2608,5370
20220212,우이신설선,보문,1041,1028,2069
20220212,우이신설선,북한산보국문,4498,4060,8558
20220212,우이신설선,북한산우이,2695,2713,5408
20220212,우이신설선,삼양,1372,1513,2885
20220212,우이신설선,삼양사거리,1763,1766,3529
20220212,우이신설선,성신여대입구,2556,3041,5597
20220212,우이신설선,솔밭공원,1691,1624,3315
20220212,우이신설선,솔샘,3547,3272,6819
20220212,우이신설선,신설동,1455,1400,2855
20220212,우이신설선,정릉,3406,2779,6185
20220212,우이신설선,화계,2371,2333,4704
20220212,일산선,대곡,1192,1018,2210
20220212,일산선,대화,7447,6683,14130
20220212,일산선,마두,4457,4538,8995
20220212,일산선,백석,6604,6744,13348
20220212,일산선,삼송,12773,12648,25421
20220212,일산선,원당,7336,7187,14523
20220212,일산선,원흥,6488,6069,12557
20220212,일산선,정발산,5840,5880,11720
20220212,일산선,주엽,5718,5848,11566
20220212,일산선,지축,1,0,1
20220212,일산선,화정,11481,11864,23345
20220212,장항선,배방,922,824,1746
20220212,장항선,봉명,673,624,1297
20220212,장항선,신창,826,781,1607
20220212,장항선,쌍용,1247,1099,2346
20220212,장항선,아산,2324,2203,4527
20220212,장항선,온양온천,3076,3102,6178
20220212,장항선,탕정,444,419,863
20220212,중앙선,구리,9043,9242,18285
20220212,중앙선,국수,538,543,1081
20220212,중앙선,덕소,3784,3904,7688
20220212,중앙선,도농,6258,6060,12318
20220212,중앙선,도심,1332,1190,2522
20220212,중앙선,망우,5940,5753,11693
20220212,중앙선,상봉,4491,4434,8925
20220212,중앙선,신원,189,207,396
20220212,중앙선,아신,448,454,902
20220212,중앙선,양수,1511,1608,3119
20220212,중앙선,양원,1358,1360,2718
20220212,중앙선,양정,487,426,913
20220212,중앙선,양평,1984,2058,4042
20220212,중앙선,오빈,182,198,380
20220212,중앙선,용문,1398,1582,2980
20220212,중앙선,운길산,930,869,1799
20220212,중앙선,원덕,291,298,589
20220212,중앙선,중랑,3929,3881,7810
20220212,중앙선,지평,27,51,78
20220212,중앙선,팔당,1131,1186,2317
20220212,중앙선,회기,17161,16604,33765
20220213,1호선,동대문,7631,8088,15719
20220213,1호선,동묘앞,10570,10640,21210
20220213,1호선,서울역,21053,19161,40214
20220213,1호선,시청,6328,6058,12386
20220213,1호선,신설동,7061,6936,13997
20220213,1호선,제기동,9132,9569,18701
20220213,1호선,종각,10444,9568,20012
20220213,1호선,종로3가,12510,11007,23517
20220213,1호선,종로5가,7823,7753,15576
20220213,1호선,청량리,11528,11689,23217
20220213,2호선,강남,31158,29861,61019
20220213,2호선,강변,17025,16707,33732
20220213,2호선,건대입구,23188,23565,46753
20220213,2호선,교대,9022,10101,19123
20220213,2호선,구로디지털단지,21156,20821,41977
20220213,2호선,구의,10160,10392,20552
20220213,2호선,낙성대,14058,14303,28361
20220213,2호선,당산,7770,8317,16087
20220213,2호선,대림,12579,12749,25328
20220213,2호선,도림천,421,437,858
20220213,2호선,동대문역사문화공원,6995,8273,15268
20220213,2호선,뚝섬,8844,9119,17963
20220213,2호선,문래,6807,7116,13923
20220213,2호선,방배,5951,6270,12221
20220213,2호선,봉천,11158,11002,22160
20220213,2호선,사당,18728,20722,39450
20220213,2호선,삼성,17969,17128,35097
20220213,2호선,상왕십리,6191,6070,12261
20220213,2호선,서울대입구,24958,25406,50364
20220213,2호선,서초,9848,9178,19026
20220213,2호선,선릉,11862,10287,22149
20220213,2호선,성수,12698,13614,26312
20220213,2호선,시청,5240,4360,9600
20220213,2호선,신답,708,752,1460
20220213,2호선,신당,7235,7679,14914
20220213,2호선,신대방,13573,13409,26982
20220213,2호선,신도림,25320,25672,50992
20220213,2호선,신림,34033,33376,67409
20220213,2호선,신설동,2764,3093,5857
20220213,2호선,신정네거리,4581,4673,9254
20220213,2호선,신촌,19107,18425,37532
20220213,2호선,아현,4450,4556,9006
20220213,2호선,양천구청,2782,3002,5784
20220213,2호선,역삼,10531,11708,22239
20220213,2호선,영등포구청,7135,7277,14412
20220213,2호선,왕십리,8212,7220,15432
20220213,2호선,용답,1435,1436,2871
20220213,2호선,용두,965,923,1888
20220213,2호선,을지로3가,6865,6524,13389
20220213,2호선,을지로4가,2946,2747,5693
20220213,2호선,을지로입구,13561,12850,26411
20220213,2호선,이대,5807,6209,12016
20220213,2호선,잠실,40336,37898,78234
20220213,2호선,잠실나루,4433,4648,9081
20220213,2호선,잠실새내,9616,9975,19591
20220213,2호선,종합운동장,4036,4313,8349
20220213,2호선,충정로,3464,3742,7206
20220213,2호선,한양대,2213,2394,4607
20220213,2호선,합정,18414,19258,37672
20220213,2호선,홍대입구,42621,42157,84778
20220213,3호선,가락시장,3210,3309,6519
20220213,3호선,경복궁,10114,10206,20320
20220213,3호선,경찰병원,2376,2471,4847
20220213,3호선,고속터미널,32390,30857,63247
20220213,3호선,교대,3650,2168,5818
20220213,3호선,구파발,9472,9634,19106
20220213,3호선,금호,3801,3721,7522
20220213,3호선,남부터미널,12287,13054,25341
20220213,3호선,녹번,6327,5749,12076
20220213,3호선,대청,3660,3619,7279
20220213,3호선,대치,5473,4773,10246
20220213,3호선,도곡,1634,1776,3410
20220213,3호선,독립문,3807,4119,7926
20220213,3호선,동대입구,4096,4562,8658
20220213,3호선,매봉,3631,3609,7240
20220213,3호선,무악재,1549,1800,3349
20220213,3호선,불광,8406,9844,18250
20220213,3호선,수서,9144,8920,18064
20220213,3호선,신사,13128,13070,26198
20220213,3호선,안국,9199,9883,19082
20220213,3호선,압구정,12690,12963,25653
20220213,3호선,약수,6006,5753,11759
20220213,3호선,양재,12212,13787,25999
20220213,3호선,연신내,19125,18043,37168
20220213,3호선,오금,2381,2393,4774
20220213,3호선,옥수,4262,4547,8809
20220213,3호선,을지로3가,2687,2458,5145
20220213,3호선,일원,2914,3058,5972
20220213,3호선,잠원,1875,1904,3779
20220213,3호선,종로3가,3462,4464,7926
20220213,3호선,지축,1943,1825,3768
20220213,3호선,충무로,3,0,3
20220213,3호선,학여울,2321,2446,4767
20220213,3호선,홍제,8273,7887,16160
20220213,4호선,길음,9668,9695,19363
20220213,4호선,남태령,555,437,992
20220213,4호선,노원,10602,11297,21899
20220213,4호선,당고개,6975,6756,13731
20220213,4호선,동대문,5211,5886,11097
20220213,4호선,동대문역사문화공원,8050,7591,15641
20220213,4호선,동작,1308,1275,2583
20220213,4호선,명동,9217,8999,18216
20220213,4호선,미아,7232,6832,14064
20220213,4호선,미아사거리,14154,13499,27653
20220213,4호선,사당,13105,12404,25509
20220213,4호선,삼각지,2135,2826,4961
20220213,4호선,상계,9266,8821,18087
20220213,4호선,서울역,3583,7723,11306
20220213,4호선,성신여대입구,11143,10581,21724
20220213,4호선,수유,17818,17214,35032
20220213,4호선,숙대입구,6548,6337,12885
20220213,4호선,신용산,6620,7085,13705
20220213,4호선,쌍문,13998,12884,26882
20220213,4호선,이촌,4322,4743,9065
20220213,4호선,창동,13964,14368,28332
20220213,4호선,총신대입구,9247,10127,19374
20220213,4호선,충무로,6735,6755,13490
20220213,4호선,한성대입구,6837,6666,13503
20220213,4호선,혜화,20079,20581,40660
20220213,4호선,회현,7657,7994,15651
20220213,5호선,강동,7796,7816,15612
20220213,5호선,강일,1823,1799,3622
20220213,5호선,개롱,2558,2855,5413
20220213,5호선,개화산,2330,2446,4776
20220213,5호선,거여,3796,3748,7544
20220213,5호선,고덕,3898,3772,7670
20220213,5호선,공덕,4046,3973,8019
20220213,5호선,광나루,6579,6550,13129
20220213,5호선,광화문,9060,8911,17971
20220213,5호선,군자,5611,6023,11634
20220213,5호선,굽은다리,4628,4412,9040
20220213,5호선,길동,3720,3989,7709
20220213,5호선,김포공항,5973,5883,11856
20220213,5호선,까치산,13926,13743,27669
20220213,5호선,답십리,6721,6271,12992
20220213,5호선,동대문역사문화공원,687,761,1448
20220213,5호선,둔촌동,4004,4115,8119
20220213,5호선,마곡,3258,3348,6606
20220213,5호선,마장,2439,2441,4880
20220213,5호선,마천,3304,3544,6848
20220213,5호선,마포,4215,4283,8498
20220213,5호선,명일,4249,4244,8493
20220213,5호선,목동,6756,6868,13624
20220213,5호선,미사,7675,7737,15412
20220213,5호선,발산,7873,8206,16079
20220213,5호선,방이,3445,3415,6860
20220213,5호선,방화,3149,3130,6279
20220213,5호선,상일동,5702,5638,11340
20220213,5호선,서대문,4569,4553,9122
20220213,5호선,송정,3180,3201,6381
20220213,5호선,신금호,2481,2821,5302
20220213,5호선,신길,1611,1880,3491
20220213,5호선,신정,5646,5109,10755
20220213,5호선,아차산,8887,8833,17720
20220213,5호선,애오개,2316,2348,4664
20220213,5호선,양평,2354,2417,4771
20220213,5호선,여의나루,6381,6972,13353
20220213,5호선,여의도,7258,7525,14783
20220213,5호선,영등포구청,1280,1186,2466
20220213,5호선,영등포시장,4760,5004,9764
20220213,5호선,오금,1409,1357,2766
20220213,5호선,오목교,10143,10473,20616
20220213,5호선,올림픽공원,1885,1743,3628
20220213,5호선,왕십리,2227,2696,4923
20220213,5호선,우장산,6207,6233,12440
20220213,5호선,을지로4가,1374,1315,2689
20220213,5호선,장한평,6820,7005,13825
20220213,5호선,종로3가,7625,6937,14562
20220213,5호선,천호,11133,10418,21551
20220213,5호선,청구,1641,1460,3101
20220213,5호선,충정로,1244,1243,2487
20220213,5호선,하남검단산,3990,4113,8103
20220213,5호선,하남시청,3311,3225,6536
20220213,5호선,하남풍산,1939,1891,3830
20220213,5호선,행당,3452,3228,6680
20220213,5호선,화곡,12522,11934,24456
20220213,6호선,고려대,3594,3507,7101
20220213,6호선,공덕,5998,5643,11641
20220213,6호선,광흥창,3682,3670,7352
20220213,6호선,구산,3362,2516,5878
20220213,6호선,녹사평,3203,3282,6485
20220213,6호선,대흥,3470,3484,6954
20220213,6호선,독바위,1364,1646,3010
20220213,6호선,돌곶이,4616,4421,9037
20220213,6호선,동묘앞,5246,5172,10418
20220213,6호선,디지털미디어시티,4686,4854,9540
20220213,6호선,마포구청,6318,5818,12136
20220213,6호선,망원,9055,9481,18536
20220213,6호선,버티고개,872,958,1830
20220213,6호선,보문,3666,3409,7075
20220213,6호선,봉화산,3401,3321,6722
20220213,6호선,불광,2585,2341,4926
20220213,6호선,삼각지,3143,2398,5541
20220213,6호선,상수,5541,6350,11891
20220213,6호선,상월곡,2826,2480,5306
20220213,6호선,새절,5536,5465,11001
20220213,6호선,석계,5644,5808,11452
20220213,6호선,신당,3845,4387,8232
20220213,6호선,안암,3877,4134,8011
20220213,6호선,약수,1557,1569,3126
20220213,6호선,역촌,1806,2164,3970
20220213,6호선,연신내,2,0,2
20220213,6호선,월곡,4775,4687,9462
20220213,6호선,월드컵경기장,2611,2574,5185
20220213,6호선,응암,8242,8218,16460
20220213,6호선,이태원,7917,7358,15275
20220213,6호선,증산,4898,5001,9899
20220213,6호선,창신,1485,1330,2815
20220213,6호선,청구,1439,1402,2841
20220213,6호선,태릉입구,2803,2915,5718
20220213,6호선,한강진,4598,5413,10011
20220213,6호선,합정,8457,7421,15878
20220213,6호선,화랑대,4549,3948,8497
20220213,6호선,효창공원앞,3021,2748,5769
20220213,7호선,가산디지털단지,8787,8224,17011
20220213,7호선,강남구청,5111,5525,10636
20220213,7호선,건대입구,6679,6606,13285
20220213,7호선,고속터미널,9597,6754,16351
20220213,7호선,공릉,5532,5676,11208
20220213,7호선,광명사거리,11022,10996,22018
20220213,7호선,군자,6998,5421,12419
20220213,7호선,까치울,1,0,1
20220213,7호선,남구로,5696,5585,11281
20220213,7호선,남성,4846,4774,9620
20220213,7호선,내방,4606,4833,9439
20220213,7호선,노원,10000,10100,20100
20220213,7호선,논현,5609,5849,11458
20220213,7호선,대림,5583,5295,10878
20220213,7호선,도봉산,4618,6907,11525
20220213,7호선,뚝섬유원지,5035,4764,9799
20220213,7호선,마들,5169,4953,10122
20220213,7호선,먹골,4837,4868,9705
20220213,7호선,면목,7231,7258,14489
20220213,7호선,반포,2523,2480,5003
20220213,7호선,보라매,3738,3754,7492
20220213,7호선,부평구청,1,0,1
20220213,7호선,사가정,7998,7773,15771
20220213,7호선,상도,4598,4633,9231
20220213,7호선,상동,1,0,1
20220213,7호선,상봉,8180,7537,15717
20220213,7호선,수락산,7326,7201,14527
20220213,7호선,숭실대입구,4916,5389,10305
20220213,7호선,신대방삼거리,6955,7002,13957
20220213,7호선,신풍,5299,4956,10255
20220213,7호선,어린이대공원,8040,8132,16172
20220213,7호선,온수,3410,3367,6777
20220213,7호선,용마산,2890,3230,6120
20220213,7호선,이수,7429,6792,14221
20220213,7호선,장승배기,4063,3969,8032
20220213,7호선,장암,1239,862,2101
20220213,7호선,중계,5820,5478,11298
20220213,7호선,중곡,4764,4656,9420
20220213,7호선,중화,5055,4939,9994
20220213,7호선,천왕,4289,4177,8466
20220213,7호선,철산,9444,9602,19046
20220213,7호선,청담,6101,6496,12597
20220213,7호선,태릉입구,4462,4035,8497
20220213,7호선,하계,7893,7614,15507
20220213,7호선,학동,5280,5657,10937
20220213,8호선,가락시장,2765,3463,6228
20220213,8호선,강동구청,3966,4204,8170
20220213,8호선,남위례,1803,1937,3740
20220213,8호선,남한산성입구,5872,5566,11438
20220213,8호선,단대오거리,4882,4831,9713
20220213,8호선,모란,2337,2030,4367
20220213,8호선,몽촌토성,2810,2742,5552
20220213,8호선,문정,4885,5249,10134
20220213,8호선,복정,3987,3658,7645
20220213,8호선,산성,2738,2813,5551
20220213,8호선,석촌,3738,4573,8311
20220213,8호선,송파,3141,3336,6477
20220213,8호선,수진,2718,2573,5291
20220213,8호선,신흥,2245,2437,4682
20220213,8호선,암사,7777,7316,15093
20220213,8호선,잠실,8315,9247,17562
20220213,8호선,장지,7780,8161,15941
20220213,8호선,천호,7826,9003,16829
20220213,9호선,가양,8369,8353,16722
20220213,9호선,개화,861,829,1690
20220213,9호선,고속터미널,7901,10868,18769
20220213,9호선,공항시장,1553,1668,3221
20220213,9호선,구반포,544,573,1117
20220213,9호선,국회의사당,4509,4260,8769
20220213,9호선,김포공항,6069,10165,16234
20220213,9호선,노들,2283,1990,4273
20220213,9호선,노량진,12756,13547,26303
20220213,9호선,당산,7939,7804,15743
20220213,9호선,동작,1640,1352,2992
20220213,9호선,등촌,4555,4591,9146
20220213,9호선,마곡나루,5006,4975,9981
20220213,9호선,사평,1493,1465,2958
20220213,9호선,샛강,1417,1455,2872
20220213,9호선,선유도,2429,2439,4868
20220213,9호선,신논현,13665,13140,26805
20220213,9호선,신목동,1490,1342,2832
20220213,9호선,신반포,1458,1564,3022
20220213,9호선,신방화,2986,2974,5960
20220213,9호선,양천향교,3536,3758,7294
20220213,9호선,여의도,8177,7429,15606
20220213,9호선,염창,7410,7422,14832
20220213,9호선,증미,2160,2119,4279
20220213,9호선,흑석,3222,3421,6643
20220213,9호선2~3단계,둔촌오륜,390,424,814
20220213,9호선2~3단계,봉은사,6308,6469,12777
20220213,9호선2~3단계,삼성중앙,1726,1889,3615
20220213,9호선2~3단계,삼전,3248,3191,6439
20220213,9호선2~3단계,석촌,4159,3612,7771
20220213,9호선2~3단계,석촌고분,2789,2761,5550
20220213,9호선2~3단계,선정릉,2625,3037,5662
20220213,9호선2~3단계,송파나루,2744,2907,5651
20220213,9호선2~3단계,언주,3450,3491,6941
20220213,9호선2~3단계,올림픽공원,4285,4181,8466
20220213,9호선2~3단계,종합운동장,1906,1752,3658
20220213,9호선2~3단계,중앙보훈병원,2886,2837,5723
20220213,9호선2~3단계,한성백제,1199,1068,2267
20220213,경강선,경기광주,3343,3354,6697
20220213,경강선,곤지암,1304,1499,2803
20220213,경강선,부발,1279,1939,3218
20220213,경강선,삼동,856,881,1737
20220213,경강선,세종대왕릉,216,214,430
20220213,경강선,신둔도예촌,731,700,1431
20220213,경강선,여주,1600,1485,3085
20220213,경강선,이매,568,389,957
20220213,경강선,이천,1771,1858,3629
20220213,경강선,초월,1319,1391,2710
20220213,경강선,판교,2150,2104,4254
20220213,경부선,가산디지털단지,3900,5398,9298
20220213,경부선,관악,4415,4027,8442
20220213,경부선,광명,2101,1601,3702
20220213,경부선,구로,8355,8363,16718
20220213,경부선,군포,2597,2527,5124
20220213,경부선,금정,11664,12244,23908
20220213,경부선,금천구청,5739,5422,11161
20220213,경부선,남영,3872,4096,7968
20220213,경부선,노량진,4939,4790,9729
20220213,경부선,당정,2588,2595,5183
20220213,경부선,대방,5169,5507,10676
20220213,경부선,독산,5372,5544,10916
20220213,경부선,두정,3583,3809,7392
20220213,경부선,명학,3006,2912,5918
20220213,경부선,병점,7939,8523,16462
20220213,경부선,서동탄,659,681,1340
20220213,경부선,서울역,5501,1437,6938
20220213,경부선,서정리,3699,5412,9111
20220213,경부선,석수,4449,4499,8948
20220213,경부선,성균관대,6789,7070,13859
20220213,경부선,성환,1785,2191,3976
20220213,경부선,세류,1685,1798,3483
20220213,경부선,세마,1449,1355,2804
20220213,경부선,송탄,3073,3632,6705
20220213,경부선,수원,27578,26698,54276
20220213,경부선,신길,4199,3564,7763
20220213,경부선,신도림,2245,2022,4267
20220213,경부선,안양,11509,10965,22474
20220213,경부선,영등포,28003,26832,54835
20220213,경부선,오산,6566,7182,13748
20220213,경부선,오산대,1739,1705,3444
20220213,경부선,용산,24787,22810,47597
20220213,경부선,의왕,3667,3729,7396
20220213,경부선,직산,442,503,945
20220213,경부선,진위,701,697,1398
20220213,경부선,천안,4542,4509,9051
20220213,경부선,평택,9323,9581,18904
20220213,경부선,평택지제,2109,1989,4098
20220213,경부선,화서,3417,3364,6781
20220213,경원선,가능,3397,3284,6681
20220213,경원선,광운대,3536,3631,7167
20220213,경원선,녹양,2319,2250,4569
20220213,경원선,녹천,2240,1955,4195
20220213,경원선,덕계,1590,1513,3103
20220213,경원선,덕정,2815,2829,5644
20220213,경원선,도봉,3086,2874,5960
20220213,경원선,도봉산,7659,5430,13089
20220213,경원선,동두천,1084,1269,2353
20220213,경원선,동두천중앙,1700,1705,3405
20220213,경원선,망월사,3977,4154,8131
20220213,경원선,방학,5187,4966,10153
20220213,경원선,보산,1095,1021,2116
20220213,경원선,서빙고,1213,1278,2491
20220213,경원선,석계,4386,4644,9030
20220213,경원선,소요산,2946,2574,5520
20220213,경원선,신이문,4128,3947,8075
20220213,경원선,양주,4099,4098,8197
20220213,경원선,옥수,56,31,87
20220213,경원선,왕십리,8086,9007,17093
20220213,경원선,외대앞,4066,3966,8032
20220213,경원선,월계,3325,2993,6318
20220213,경원선,응봉,936,816,1752
20220213,경원선,의정부,12117,12223,24340
20220213,경원선,이촌,1853,1486,3339
20220213,경원선,지행,3570,3503,7073
20220213,경원선,창동,1,0,1
20220213,경원선,청량리,11742,10540,22282
20220213,경원선,한남,1724,1648,3372
20220213,경원선,회룡,6687,6630,13317
20220213,경의선,가좌,2426,2404,4830
20220213,경의선,강매,1278,1201,2479
20220213,경의선,곡산,278,292,570
20220213,경의선,공덕,1692,1209,2901
20220213,경의선,금릉,2420,2363,4783
20220213,경의선,금촌,3381,3625,7006
20220213,경의선,능곡,1989,1910,3899
20220213,경의선,디지털미디어시티,1211,1061,2272
20220213,경의선,문산,2794,2927,5721
20220213,경의선,백마,3027,2950,5977
20220213,경의선,서강대,1148,1127,2275
20220213,경의선,서울역,891,830,1721
20220213,경의선,수색,745,901,1646
20220213,경의선,신촌,208,263,471
20220213,경의선,야당,4154,3956,8110
20220213,경의선,운정,3156,3150,6306
20220213,경의선,월롱,871,1740,2611
20220213,경의선,일산,5027,4745,9772
20220213,경의선,임진강,30,24,54
20220213,경의선,탄현,3556,3483,7039
20220213,경의선,파주,544,502,1046
20220213,경의선,풍산,3135,3030,6165
20220213,경의선,행신,3680,3455,7135
20220213,경의선,홍대입구,1343,1619,2962
20220213,경의선,화전,623,623,1246
20220213,경의선,효창공원앞,1140,1339,2479
20220213,경인선,간석,2784,2524,5308
20220213,경인선,개봉,10340,10120,20460
20220213,경인선,구일,2800,2805,5605
20220213,경인선,도원,1395,1384,2779
20220213,경인선,도화,2027,1958,3985
20220213,경인선,동암,8182,8281,16463
20220213,경인선,동인천,8121,7918,16039
20220213,경인선,백운,3249,3222,6471
20220213,경인선,부개,4128,3910,8038
20220213,경인선,부천,18782,18349,37131
20220213,경인선,부평,18918,19158,38076
20220213,경인선,소사,4893,4621,9514
20220213,경인선,송내,11248,11207,22455
20220213,경인선,역곡,12337,12219,24556
20220213,경인선,오류동,6440,5878,12318
20220213,경인선,온수,3125,2995,6120
20220213,경인선,인천,3117,2527,5644
20220213,경인선,제물포,4842,4753,9595
20220213,경인선,주안,10098,9083,19181
20220213,경인선,중동,4273,3964,8237
20220213,경춘선,가평,1298,1203,2501
20220213,경춘선,갈매,1260,1117,2377
20220213,경춘선,강촌,593,494,1087
20220213,경춘선,굴봉산,244,214,458
20220213,경춘선,금곡,837,846,1683
20220213,경춘선,김유정,361,358,719
20220213,경춘선,남춘천,1913,1884,3797
20220213,경춘선,대성리,474,298,772
20220213,경춘선,마석,2418,2381,4799
20220213,경춘선,백양리,327,280,607
20220213,경춘선,별내,1596,1513,3109
20220213,경춘선,사릉,1438,1441,2879
20220213,경춘선,상천,285,214,499
20220213,경춘선,신내,827,834,1661
20220213,경춘선,천마산,998,1015,2013
20220213,경춘선,청평,1159,1052,2211
20220213,경춘선,춘천,1078,927,2005
20220213,경춘선,퇴계원,1783,1648,3431
20220213,경춘선,평내호평,3002,2798,5800
20220213,공항철도 1호선,검암,3079,3041,6120
20220213,공항철도 1호선,계양,4384,4223,8607
20220213,공항철도 1호선,공덕,1029,1513,2542
20220213,공항철도 1호선,공항화물청사,899,968,1867
20220213,공항철도 1호선,김포공항,10387,5554,15941
20220213,공항철도 1호선,디지털미디어시티,3036,2985,6021
20220213,공항철도 1호선,마곡나루,2014,2262,4276
20220213,공항철도 1호선,서울역,6022,5271,11293
20220213,공항철도 1호선,영종,2072,2018,4090
20220213,공항철도 1호선,운서,4255,4643,8898
20220213,공항철도 1호선,인천공항1터미널,2964,3149,6113
20220213,공항철도 1호선,인천공항2터미널,1584,1549,3133
20220213,공항철도 1호선,청라국제도시,2670,2538,5208
20220213,공항철도 1호선,홍대입구,8616,7870,16486
20220213,과천선,경마공원,8432,8609,17041
20220213,과천선,과천,3104,3025,6129
20220213,과천선,대공원,3683,3858,7541
20220213,과천선,범계,12672,12210,24882
20220213,과천선,선바위,3422,3127,6549
20220213,과천선,인덕원,10193,10533,20726
20220213,과천선,정부과천청사,4004,4141,8145
20220213,과천선,평촌,5366,5147,10513
20220213,분당선,가천대,3122,3644,6766
20220213,분당선,강남구청,2902,3532,6434
20220213,분당선,개포동,1608,1638,3246
20220213,분당선,구룡,593,636,1229
20220213,분당선,구성,1998,2224,4222
20220213,분당선,기흥,4325,4106,8431
20220213,분당선,대모산입구,1795,1709,3504
20220213,분당선,도곡,2245,2248,4493
20220213,분당선,망포,5493,5755,11248
20220213,분당선,매교,1305,1368,2673
20220213,분당선,매탄권선,2166,2158,4324
20220213,분당선,모란,10026,10165,20191
20220213,분당선,미금,6471,6842,13313
20220213,분당선,보정,947,903,1850
20220213,분당선,상갈,2374,2451,4825
20220213,분당선,서울숲,4921,4982,9903
20220213,분당선,서현,13641,13508,27149
20220213,분당선,선릉,2503,3823,6326
20220213,분당선,선정릉,1896,1935,3831
20220213,분당선,수내,5164,5116,10280
20220213,분당선,수서,7607,7210,14817
20220213,분당선,수원,5003,4037,9040
20220213,분당선,수원시청,6773,6759,13532
20220213,분당선,신갈,1661,1736,3397
20220213,분당선,압구정로데오,10369,10989,21358
20220213,분당선,야탑,11436,12015,23451
20220213,분당선,영통,4091,4030,8121
20220213,분당선,오리,4699,4050,8749
20220213,분당선,이매,2946,2929,5875
20220213,분당선,정자,6733,6965,13698
20220213,분당선,죽전,6497,7301,13798
20220213,분당선,청명,1779,1815,3594
20220213,분당선,태평,7332,6960,14292
20220213,분당선,한티,7664,7440,15104
20220213,수인선,고색,1618,1687,3305
20220213,수인선,남동인더스파크,473,481,954
20220213,수인선,달월,56,50,106
20220213,수인선,사리,2140,1884,4024
20220213,수인선,소래포구,3694,3534,7228
20220213,수인선,송도,1357,1269,2626
20220213,수인선,숭의,1735,1631,3366
20220213,수인선,신포,915,934,1849
20220213,수인선,야목,169,158,327
20220213,수인선,어천,415,527,942
20220213,수인선,연수,2786,2752,5538
20220213,수인선,오목천,1254,1245,2499
20220213,수인선,원인재,2525,2565,5090
20220213,수인선,월곶,1446,1442,2888
20220213,수인선,인천,899,1250,2149
20220213,수인선,인천논현,2622,2710,5332
20220213,수인선,인하대,2688,2546,5234
20220213,수인선,호구포,1701,1707,3408
20220213,안산선,고잔,3867,3700,7567
20220213,안산선,대야미,2527,2346,4873
20220213,안산선,반월,2151,2117,4268
20220213,안산선,산본,7674,8105,15779
20220213,안산선,상록수,7940,7719,15659
20220213,안산선,수리산,1797,1735,3532
20220213,안산선,신길온천,950,897,1847
20220213,안산선,안산,7420,6794,14214
20220213,안산선,오이도,4762,4871,9633
20220213,안산선,정왕,4206,4701,8907
20220213,안산선,중앙,9886,9721,19607
20220213,안산선,초지,1997,2028,4025
20220213,안산선,한대앞,4495,4472,8967
20220213,우이신설선,4.19민주묘지,1738,1432,3170
20220213,우이신설선,가오리,2174,1966,4140
20220213,우이신설선,보문,893,900,1793
20220213,우이신설선,북한산보국문,3806,3373,7179
20220213,우이신설선,북한산우이,2437,2646,5083
20220213,우이신설선,삼양,1156,1119,2275
20220213,우이신설선,삼양사거리,1457,1424,2881
20220213,우이신설선,성신여대입구,1977,2236,4213
20220213,우이신설선,솔밭공원,1283,1239,2522
20220213,우이신설선,솔샘,2572,2552,5124
20220213,우이신설선,신설동,1139,1080,2219
20220213,우이신설선,정릉,2548,2226,4774
20220213,우이신설선,화계,1909,1738,3647
20220213,일산선,대곡,909,791,1700
20220213,일산선,대화,5178,4732,9910
20220213,일산선,마두,2973,2907,5880
20220213,일산선,백석,4780,4768,9548
20220213,일산선,삼송,9786,9620,19406
20220213,일산선,원당,5380,5273,10653
20220213,일산선,원흥,4686,4400,9086
20220213,일산선,정발산,4807,4778,9585
20220213,일산선,주엽,3943,3981,7924
20220213,일산선,화정,8293,8582,16875
20220213,장항선,배방,681,759,1440
20220213,장항선,봉명,460,460,920
20220213,장항선,신창,644,726,1370
20220213,장항선,쌍용,1025,921,1946
20220213,장항선,아산,2302,1724,4026
20220213,장항선,온양온천,2597,2658,5255
20220213,장항선,탕정,307,316,623
20220213,중앙선,구리,6483,6790,13273
20220213,중앙선,국수,514,468,982
20220213,중앙선,덕소,2919,2888,5807
20220213,중앙선,도농,4656,4537,9193
20220213,중앙선,도심,972,905,1877
20220213,중앙선,망우,4380,4288,8668
20220213,중앙선,상봉,3293,3406,6699
20220213,중앙선,신원,216,167,383
20220213,중앙선,아신,407,353,760
20220213,중앙선,양수,1458,1295,2753
20220213,중앙선,양원,1039,1069,2108
20220213,중앙선,양정,360,292,652
20220213,중앙선,양평,2856,2756,5612
20220213,중앙선,오빈,155,146,301
20220213,중앙선,용문,1418,1192,2610
20220213,중앙선,운길산,843,786,1629
20220213,중앙선,원덕,293,247,540
20220213,중앙선,중랑,3014,2977,5991
20220213,중앙선,지평,56,37,93
20220213,중앙선,팔당,1021,1135,2156
20220213,중앙선,회기,13208,13111,26319
20220219,1호선,동대문,9200,8716,17916
20220219,1호선,동묘앞,9499,9760,19259
20220219,1호선,서울역,24632,25055,49687
20220219,1호선,시청,9810,10057,19867
20220219,1호선,신설동,8822,8308,17130
20220219,1호선,제기동,13304,13292,26596
20220219,1호선,종각,16290,15067,31357
20220219,1호선,종로3가,18911,18508,37419
20220219,1호선,종로5가,16085,16086,32171
20220219,1호선,청량리,15733,15769,31502
20220219,2호선,강남,55961,54330,110291
20220219,2호선,강변,22124,21717,43841
20220219,2호선,건대입구,29910,31115,61025
20220219,2호선,교대,15262,16989,32251
20220219,2호선,구로디지털단지,30741,30162,60903
20220219,2호선,구의,14825,14650,29475
20220219,2호선,낙성대,19304,18461,37765
20220219,2호선,당산,10651,11713,22364
20220219,2호선,대림,15283,16555,31838
20220219,2호선,도림천,785,769,1554
20220219,2호선,동대문역사문화공원,8238,8961,17199
20220219,2호선,뚝섬,11914,12481,24395
20220219,2호선,문래,11114,11578,22692
20220219,2호선,방배,8316,8677,16993
20220219,2호선,봉천,15538,14641,30179
20220219,2호선,사당,26527,29203,55730
20220219,2호선,삼성,29355,28205,57560
20220219,2호선,상왕십리,8764,8547,17311
20220219,2호선,서울대입구,34418,33244,67662
20220219,2호선,서초,9547,8350,17897
20220219,2호선,선릉,22045,19722,41767
20220219,2호선,성수,17901,19583,37484
20220219,2호선,시청,8027,6863,14890
20220219,2호선,신답,904,928,1832
20220219,2호선,신당,9864,10308,20172
20220219,2호선,신대방,17667,17336,35003
20220219,2호선,신도림,34571,35093,69664
20220219,2호선,신림,45906,44861,90767
20220219,2호선,신설동,3243,3118,6361
20220219,2호선,신정네거리,6199,6483,12682
20220219,2호선,신촌,27485,27149,54634
20220219,2호선,아현,6449,6309,12758
20220219,2호선,양천구청,3965,4026,7991
20220219,2호선,역삼,17847,19230,37077
20220219,2호선,영등포구청,11683,11880,23563
20220219,2호선,왕십리,11699,10118,21817
20220219,2호선,용답,1879,1869,3748
20220219,2호선,용두,1433,1509,2942
20220219,2호선,을지로3가,9017,8758,17775
20220219,2호선,을지로4가,6461,6378,12839
20220219,2호선,을지로입구,17207,17005,34212
20220219,2호선,이대,8507,9140,17647
20220219,2호선,잠실,51976,49839,101815
20220219,2호선,잠실나루,6329,6258,12587
20220219,2호선,잠실새내,14739,15123,29862
20220219,2호선,종합운동장,4180,4606,8786
20220219,2호선,충정로,5136,5494,10630
20220219,2호선,한양대,3629,3758,7387
20220219,2호선,합정,24752,26480,51232
20220219,2호선,홍대입구,56618,57933,114551
20220219,3호선,가락시장,5398,5007,10405
20220219,3호선,경복궁,13505,13793,27298
20220219,3호선,경찰병원,3546,3471,7017
20220219,3호선,고속터미널,39193,39028,78221
20220219,3호선,교대,5959,3597,9556
20220219,3호선,구파발,12706,12664,25370
20220219,3호선,금호,5084,4779,9863
20220219,3호선,남부터미널,18024,17946,35970
20220219,3호선,녹번,9165,8105,17270
20220219,3호선,대청,5424,4995,10419
20220219,3호선,대치,8708,7933,16641
20220219,3호선,도곡,2859,3222,6081
20220219,3호선,독립문,4979,5181,10160
20220219,3호선,동대입구,4815,5348,10163
20220219,3호선,매봉,5708,5491,11199
20220219,3호선,무악재,2319,2583,4902
20220219,3호선,불광,11594,12854,24448
20220219,3호선,수서,11740,11896,23636
20220219,3호선,신사,23233,23686,46919
20220219,3호선,안국,12525,13274,25799
20220219,3호선,압구정,23232,24035,47267
20220219,3호선,약수,8014,7616,15630
20220219,3호선,양재,19316,20422,39738
20220219,3호선,연신내,25761,24287,50048
20220219,3호선,오금,3472,3329,6801
20220219,3호선,옥수,5741,6124,11865
20220219,3호선,을지로3가,4402,4588,8990
20220219,3호선,일원,4704,4664,9368
20220219,3호선,잠원,3132,3012,6144
20220219,3호선,종로3가,5341,6895,12236
20220219,3호선,지축,2655,2571,5226
20220219,3호선,충무로,2,0,2
20220219,3호선,학여울,2046,2028,4074
20220219,3호선,홍제,11975,11497,23472
20220219,4호선,길음,12560,12299,24859
20220219,4호선,남태령,844,550,1394
20220219,4호선,노원,14027,15091,29118
20220219,4호선,당고개,8658,8307,16965
20220219,4호선,동대문,11104,11287,22391
20220219,4호선,동대문역사문화공원,9301,7956,17257
20220219,4호선,동작,1162,1304,2466
20220219,4호선,명동,11051,12354,23405
20220219,4호선,미아,9690,9443,19133
20220219,4호선,미아사거리,19692,18782,38474
20220219,4호선,사당,17984,15397,33381
20220219,4호선,삼각지,2968,3780,6748
20220219,4호선,상계,12403,11951,24354
20220219,4호선,서울역,4755,10265,15020
20220219,4호선,성신여대입구,14725,14175,28900
20220219,4호선,수유,23627,23247,46874
20220219,4호선,숙대입구,8611,8032,16643
20220219,4호선,신용산,9217,9699,18916
20220219,4호선,쌍문,18785,17471,36256
20220219,4호선,이촌,5705,6041,11746
20220219,4호선,창동,18208,19212,37420
20220219,4호선,총신대입구,12512,13307,25819
20220219,4호선,충무로,10811,11070,21881
20220219,4호선,한성대입구,9070,8860,17930
20220219,4호선,혜화,24562,24650,49212
20220219,4호선,회현,14581,15397,29978
20220219,5호선,강동,11917,11403,23320
20220219,5호선,강일,2447,2310,4757
20220219,5호선,개롱,3697,3921,7618
20220219,5호선,개화산,3334,3336,6670
20220219,5호선,거여,5453,5306,10759
20220219,5호선,고덕,5492,5408,10900
20220219,5호선,공덕,6143,6396,12539
20220219,5호선,광나루,8696,8261,16957
20220219,5호선,광화문,14230,14556,28786
20220219,5호선,군자,7634,8345,15979
20220219,5호선,굽은다리,6346,5965,12311
20220219,5호선,길동,5461,5696,11157
20220219,5호선,김포공항,6922,6835,13757
20220219,5호선,까치산,19196,18696,37892
20220219,5호선,답십리,9074,8489,17563
20220219,5호선,동대문역사문화공원,948,1227,2175
20220219,5호선,둔촌동,5706,5727,11433
20220219,5호선,마곡,5363,5363,10726
20220219,5호선,마장,3484,3397,6881
20220219,5호선,마천,4303,4552,8855
20220219,5호선,마포,6666,6710,13376
20220219,5호선,명일,5472,5540,11012
20220219,5호선,목동,10044,10232,20276
20220219,5호선,미사,10516,10438,20954
20220219,5호선,발산,12567,12952,25519
20220219,5호선,방이,4987,4978,9965
20220219,5호선,방화,4228,4078,8306
20220219,5호선,상일동,8224,7889,16113
20220219,5호선,서대문,6480,6196,12676
20220219,5호선,송정,4537,4513,9050
20220219,5호선,신금호,3812,3972,7784
20220219,5호선,신길,2280,2539,4819
20220219,5호선,신정,8073,7144,15217
20220219,5호선,아차산,11366,10984,22350
20220219,5호선,애오개,3213,3297,6510
20220219,5호선,양평,3270,3220,6490
20220219,5호선,여의나루,5302,6672,11974
20220219,5호선,여의도,10177,9877,20054
20220219,5호선,영등포구청,1757,1640,3397
20220219,5호선,영등포시장,7366,7690,15056
20220219,5호선,오금,1951,1868,3819
20220219,5호선,오목교,15317,15316,30633
20220219,5호선,올림픽공원,2698,2438,5136
20220219,5호선,왕십리,3162,3753,6915
20220219,5호선,우장산,8692,8706,17398
20220219,5호선,을지로4가,2871,3398,6269
20220219,5호선,장한평,9957,9993,19950
20220219,5호선,종로3가,10223,10410,20633
20220219,5호선,천호,14976,14000,28976
20220219,5호선,청구,2323,2116,4439
20220219,5호선,충정로,1682,1630,3312
20220219,5호선,하남검단산,4633,4797,9430
20220219,5호선,하남시청,4948,4833,9781
20220219,5호선,하남풍산,2316,2390,4706
20220219,5호선,행당,4785,4263,9048
20220219,5호선,화곡,18050,16938,34988
20220219,6호선,고려대,4908,4905,9813
20220219,6호선,공덕,8750,8316,17066
20220219,6호선,광흥창,4660,4502,9162
20220219,6호선,구산,4934,3784,8718
20220219,6호선,녹사평,3948,4266,8214
20220219,6호선,대흥,4835,4889,9724
20220219,6호선,독바위,1682,1985,3667
20220219,6호선,돌곶이,5287,5017,10304
20220219,6호선,동묘앞,7056,6338,13394
20220219,6호선,디지털미디어시티,6264,6531,12795
20220219,6호선,마포구청,8582,7746,16328
20220219,6호선,망원,11861,12626,24487
20220219,6호선,버티고개,1209,1294,2503
20220219,6호선,보문,4596,4206,8802
20220219,6호선,봉화산,4706,4713,9419
20220219,6호선,불광,3329,3026,6355
20220219,6호선,삼각지,4307,3537,7844
20220219,6호선,상수,7899,8632,16531
20220219,6호선,상월곡,3726,3403,7129
20220219,6호선,새절,7604,7429,15033
20220219,6호선,석계,7886,8014,15900
20220219,6호선,신당,6216,5170,11386
20220219,6호선,안암,5896,5740,11636
20220219,6호선,약수,2334,2292,4626
20220219,6호선,역촌,2489,2864,5353
20220219,6호선,월곡,6648,6540,13188
20220219,6호선,월드컵경기장,3258,3304,6562
20220219,6호선,응암,11156,11205,22361
20220219,6호선,이태원,10550,10640,21190
20220219,6호선,증산,6505,6593,13098
20220219,6호선,창신,1860,1642,3502
20220219,6호선,청구,2161,2262,4423
20220219,6호선,태릉입구,3663,3852,7515
20220219,6호선,한강진,6523,7849,14372
20220219,6호선,합정,11067,10118,21185
20220219,6호선,화랑대,5957,5041,10998
20220219,6호선,효창공원앞,4060,3813,7873
20220219,7호선,가산디지털단지,12962,11635,24597
20220219,7호선,강남구청,9133,10057,19190
20220219,7호선,건대입구,9395,9556,18951
20220219,7호선,고속터미널,12008,9188,21196
20220219,7호선,공릉,7940,7957,15897
20220219,7호선,광명사거리,14988,15070,30058
20220219,7호선,군자,9562,7436,16998
20220219,7호선,남구로,7606,8003,15609
20220219,7호선,남성,6883,6495,13378
20220219,7호선,내방,6941,6924,13865
20220219,7호선,노원,14261,14250,28511
20220219,7호선,논현,10221,11223,21444
20220219,7호선,대림,5922,6187,12109
20220219,7호선,도봉산,5468,7914,13382
20220219,7호선,뚝섬유원지,5098,5005,10103
20220219,7호선,마들,7742,7457,15199
20220219,7호선,먹골,7324,7176,14500
20220219,7호선,면목,10169,9868,20037
20220219,7호선,반포,3900,3722,7622
20220219,7호선,보라매,5267,5081,10348
20220219,7호선,사가정,11073,10835,21908
20220219,7호선,상도,6600,6170,12770
20220219,7호선,상동,2,0,2
20220219,7호선,상봉,12125,11387,23512
20220219,7호선,수락산,8836,8690,17526
20220219,7호선,숭실대입구,7092,7137,14229
20220219,7호선,신대방삼거리,10421,9950,20371
20220219,7호선,신중동,1,0,1
20220219,7호선,신풍,7124,6874,13998
20220219,7호선,어린이대공원,8983,8680,17663
20220219,7호선,온수,4975,4798,9773
20220219,7호선,용마산,4173,4390,8563
20220219,7호선,이수,10858,10035,20893
20220219,7호선,장승배기,5874,5677,11551
20220219,7호선,장암,1325,877,2202
20220219,7호선,중계,8125,7282,15407
20220219,7호선,중곡,6249,6167,12416
20220219,7호선,중화,6894,6753,13647
20220219,7호선,천왕,6019,5801,11820
20220219,7호선,철산,12957,13190,26147
20220219,7호선,청담,10299,11098,21397
20220219,7호선,춘의,1,0,1
20220219,7호선,태릉입구,5738,5373,11111
20220219,7호선,하계,10783,10342,21125
20220219,7호선,학동,9844,10350,20194
20220219,8호선,가락시장,4989,5067,10056
20220219,8호선,강동구청,5492,5524,11016
20220219,8호선,남위례,2626,2747,5373
20220219,8호선,남한산성입구,8324,7575,15899
20220219,8호선,단대오거리,7052,6753,13805
20220219,8호선,모란,5105,4275,9380
20220219,8호선,몽촌토성,4120,3906,8026
20220219,8호선,문정,7990,8221,16211
20220219,8호선,복정,5758,4761,10519
20220219,8호선,산성,3757,3858,7615
20220219,8호선,석촌,5353,6576,11929
20220219,8호선,송파,4636,4683,9319
20220219,8호선,수진,4092,3725,7817
20220219,8호선,신흥,3279,3530,6809
20220219,8호선,암사,11055,10353,21408
20220219,8호선,잠실,11153,12641,23794
20220219,8호선,장지,10933,10256,21189
20220219,8호선,천호,10997,12912,23909
20220219,9호선,가양,12431,11795,24226
20220219,9호선,개화,1073,950,2023
20220219,9호선,고속터미널,9526,13993,23519
20220219,9호선,공항시장,2070,2275,4345
20220219,9호선,구반포,1049,1090,2139
20220219,9호선,국회의사당,4465,4683,9148
20220219,9호선,김포공항,7008,10825,17833
20220219,9호선,노들,2760,2473,5233
20220219,9호선,노량진,18602,18296,36898
20220219,9호선,당산,11301,10690,21991
20220219,9호선,동작,1564,1165,2729
20220219,9호선,등촌,6483,6346,12829
20220219,9호선,마곡나루,7496,7236,14732
20220219,9호선,사평,2035,1918,3953
20220219,9호선,샛강,2148,2137,4285
20220219,9호선,선유도,3409,3295,6704
20220219,9호선,신논현,23369,23060,46429
20220219,9호선,신목동,2016,1782,3798
20220219,9호선,신반포,2376,2263,4639
20220219,9호선,신방화,4200,4133,8333
20220219,9호선,양천향교,5305,5060,10365
20220219,9호선,여의도,10398,9627,20025
20220219,9호선,염창,10284,9547,19831
20220219,9호선,증미,3687,3715,7402
20220219,9호선,흑석,4933,4892,9825
20220219,9호선2~3단계,둔촌오륜,516,531,1047
20220219,9호선2~3단계,봉은사,11106,11935,23041
20220219,9호선2~3단계,삼성중앙,2902,2954,5856
20220219,9호선2~3단계,삼전,4612,4487,9099
20220219,9호선2~3단계,석촌,5966,5005,10971
20220219,9호선2~3단계,석촌고분,3780,3749,7529
20220219,9호선2~3단계,선정릉,4165,4618,8783
20220219,9호선2~3단계,송파나루,4123,4185,8308
20220219,9호선2~3단계,언주,5790,5837,11627
20220219,9호선2~3단계,올림픽공원,6306,6111,12417
20220219,9호선2~3단계,종합운동장,2660,2517,5177
20220219,9호선2~3단계,중앙보훈병원,4242,3951,8193
20220219,9호선2~3단계,한성백제,1782,1560,3342
20220219,경강선,경기광주,4567,4470,9037
20220219,경강선,곤지암,1589,1660,3249
20220219,경강선,부발,1779,1483,3262
20220219,경강선,삼동,1283,1268,2551
20220219,경강선,세종대왕릉,212,242,454
20220219,경강선,신둔도예촌,928,878,1806
20220219,경강선,여주,1694,1807,3501
20220219,경강선,이매,651,509,1160
20220219,경강선,이천,2267,2257,4524
20220219,경강선,초월,1936,1796,3732
20220219,경강선,판교,2822,2670,5492
20220219,경부선,가산디지털단지,5354,7335,12689
20220219,경부선,관악,4927,4642,9569
20220219,경부선,광명,2190,2032,4222
20220219,경부선,구로,11509,12111,23620
20220219,경부선,군포,3875,3657,7532
20220219,경부선,금정,16195,16413,32608
20220219,경부선,금천구청,7326,7315,14641
20220219,경부선,남영,5310,5986,11296
20220219,경부선,노량진,6729,6458,13187
20220219,경부선,당정,3479,3324,6803
20220219,경부선,대방,7007,7087,14094
20220219,경부선,독산,7670,7735,15405
20220219,경부선,두정,4191,4213,8404
20220219,경부선,명학,4770,4744,9514
20220219,경부선,병점,10106,10175,20281
20220219,경부선,서동탄,851,924,1775
20220219,경부선,서울역,5545,1613,7158
20220219,경부선,서정리,5787,4813,10600
20220219,경부선,석수,5933,5693,11626
20220219,경부선,성균관대,9223,9419,18642
20220219,경부선,성환,2271,2119,4390
20220219,경부선,세류,2022,2051,4073
20220219,경부선,세마,1749,1603,3352
20220219,경부선,송탄,4143,3674,7817
20220219,경부선,수원,30574,32351,62925
20220219,경부선,신길,5339,4562,9901
20220219,경부선,신도림,2710,2606,5316
20220219,경부선,안양,14972,15116,30088
20220219,경부선,영등포,34172,34817,68989
20220219,경부선,오산,7747,7238,14985
20220219,경부선,오산대,2294,2016,4310
20220219,경부선,용산,27599,29094,56693
20220219,경부선,의왕,5022,4991,10013
20220219,경부선,직산,569,482,1051
20220219,경부선,진위,799,709,1508
20220219,경부선,천안,4769,5027,9796
20220219,경부선,평택,10696,10228,20924
20220219,경부선,평택지제,2720,2595,5315
20220219,경부선,화서,4467,4594,9061
20220219,경원선,가능,4546,4268,8814
20220219,경원선,광운대,4650,4588,9238
20220219,경원선,녹양,2961,2796,5757
20220219,경원선,녹천,2894,2404,5298
20220219,경원선,덕계,2040,1845,3885
20220219,경원선,덕정,3617,3360,6977
20220219,경원선,도봉,4015,3758,7773
20220219,경원선,도봉산,7568,5339,12907
20220219,경원선,동두천,1333,1530,2863
20220219,경원선,동두천중앙,2118,2067,4185
20220219,경원선,망월사,4879,5025,9904
20220219,경원선,방학,6940,6749,13689
20220219,경원선,보산,1219,1226,2445
20220219,경원선,서빙고,1251,1225,2476
20220219,경원선,석계,5869,6004,11873
20220219,경원선,소요산,2760,2417,5177
20220219,경원선,신이문,5395,4799,10194
20220219,경원선,양주,5347,5054,10401
20220219,경원선,옥수,23,24,47
20220219,경원선,왕십리,10827,12290,23117
20220219,경원선,외대앞,5431,5233,10664
20220219,경원선,월계,4363,3964,8327
20220219,경원선,응봉,1205,980,2185
20220219,경원선,의정부,15351,15746,31097
20220219,경원선,이촌,2431,1800,4231
20220219,경원선,지행,4546,4650,9196
20220219,경원선,청량리,13145,14098,27243
20220219,경원선,한남,2309,2229,4538
20220219,경원선,회룡,8437,8306,16743
20220219,경의선,가좌,3323,3263,6586
20220219,경의선,강매,1674,1570,3244
20220219,경의선,곡산,348,349,697
20220219,경의선,공덕,2381,1743,4124
20220219,경의선,금릉,3175,3067,6242
20220219,경의선,금촌,4467,4407,8874
20220219,경의선,능곡,2410,2262,4672
20220219,경의선,디지털미디어시티,1583,1410,2993
20220219,경의선,문산,3849,3730,7579
20220219,경의선,백마,3827,3831,7658
20220219,경의선,서강대,1398,1402,2800
20220219,경의선,서울역,975,1085,2060
20220219,경의선,수색,1339,1326,2665
20220219,경의선,신촌,276,356,632
20220219,경의선,야당,5214,5110,10324
20220219,경의선,운정,4070,3875,7945
20220219,경의선,월롱,1527,1368,2895
20220219,경의선,일산,5288,5023,10311
20220219,경의선,임진강,15,24,39
20220219,경의선,탄현,4597,4541,9138
20220219,경의선,파주,714,510,1224
20220219,경의선,풍산,3732,3637,7369
20220219,경의선,행신,4330,4494,8824
20220219,경의선,홍대입구,1487,1983,3470
20220219,경의선,화전,804,733,1537
20220219,경의선,효창공원앞,1589,1780,3369
20220219,경인선,간석,3682,3629,7311
20220219,경인선,개봉,14176,13977,28153
20220219,경인선,구일,3677,3739,7416
20220219,경인선,도원,3160,3202,6362
20220219,경인선,도화,2716,2473,5189
20220219,경인선,동암,10491,10939,21430
20220219,경인선,동인천,10125,10028,20153
20220219,경인선,백운,4468,4378,8846
20220219,경인선,부개,5392,5120,10512
20220219,경인선,부천,24878,25629,50507
20220219,경인선,부평,24831,26585,51416
20220219,경인선,소사,6366,6140,12506
20220219,경인선,송내,15131,15150,30281
20220219,경인선,역곡,17269,17325,34594
20220219,경인선,오류동,7705,7190,14895
20220219,경인선,온수,4042,3962,8004
20220219,경인선,인천,3189,2724,5913
20220219,경인선,제물포,6362,6259,12621
20220219,경인선,주안,13804,12139,25943
20220219,경인선,중동,5781,5464,11245
20220219,경춘선,가평,1317,1510,2827
20220219,경춘선,갈매,1734,1502,3236
20220219,경춘선,강촌,374,435,809
20220219,경춘선,굴봉산,126,160,286
20220219,경춘선,금곡,948,834,1782
20220219,경춘선,김유정,392,381,773
20220219,경춘선,남춘천,2060,2063,4123
20220219,경춘선,대성리,410,415,825
20220219,경춘선,마석,2550,2397,4947
20220219,경춘선,백양리,318,301,619
20220219,경춘선,별내,2029,1907,3936
20220219,경춘선,사릉,1951,1864,3815
20220219,경춘선,상천,239,271,510
20220219,경춘선,신내,1093,1038,2131
20220219,경춘선,천마산,1138,1180,2318
20220219,경춘선,청평,1280,1327,2607
20220219,경춘선,춘천,1076,1062,2138
20220219,경춘선,퇴계원,2167,2009,4176
20220219,경춘선,평내호평,3778,3682,7460
20220219,공항철도 1호선,검암,3748,3864,7612
20220219,공항철도 1호선,계양,5828,5561,11389
20220219,공항철도 1호선,공덕,1330,2169,3499
20220219,공항철도 1호선,공항화물청사,1220,1238,2458
20220219,공항철도 1호선,김포공항,10694,5157,15851
20220219,공항철도 1호선,디지털미디어시티,4724,4372,9096
20220219,공항철도 1호선,마곡나루,2576,2769,5345
20220219,공항철도 1호선,서울역,6170,6026,12196
20220219,공항철도 1호선,영종,2420,2392,4812
20220219,공항철도 1호선,운서,5227,5290,10517
20220219,공항철도 1호선,인천공항1터미널,2734,3063,5797
20220219,공항철도 1호선,인천공항2터미널,1724,1654,3378
20220219,공항철도 1호선,청라국제도시,3467,3435,6902
20220219,공항철도 1호선,홍대입구,10320,10264,20584
20220219,과천선,경마공원,7811,7816,15627
20220219,과천선,과천,4048,3722,7770
20220219,과천선,대공원,3292,3513,6805
20220219,과천선,범계,17615,17013,34628
20220219,과천선,선바위,4469,3989,8458
20220219,과천선,인덕원,13870,14067,27937
20220219,과천선,정부과천청사,5544,5452,10996
20220219,과천선,평촌,8070,7948,16018
20220219,분당선,가천대,4400,4931,9331
20220219,분당선,강남구청,5305,6348,11653
20220219,분당선,개포동,2413,2383,4796
20220219,분당선,구룡,1071,1028,2099
20220219,분당선,구성,2847,3074,5921
20220219,분당선,기흥,5707,5605,11312
20220219,분당선,대모산입구,2714,2547,5261
20220219,분당선,도곡,4404,3815,8219
20220219,분당선,망포,8164,7549,15713
20220219,분당선,매교,1809,1804,3613
20220219,분당선,매탄권선,2986,2854,5840
20220219,분당선,모란,19649,20392,40041
20220219,분당선,미금,9507,9903,19410
20220219,분당선,보정,1414,1335,2749
20220219,분당선,복정,1,0,1
20220219,분당선,상갈,3169,3202,6371
20220219,분당선,서울숲,6222,6408,12630
20220219,분당선,서현,17895,17672,35567
20220219,분당선,선릉,4754,7400,12154
20220219,분당선,선정릉,3232,3302,6534
20220219,분당선,수내,7827,7483,15310
20220219,분당선,수서,9268,9621,18889
20220219,분당선,수원,6114,5329,11443
20220219,분당선,수원시청,9807,10131,19938
20220219,분당선,신갈,2303,2364,4667
20220219,분당선,압구정로데오,17529,18875,36404
20220219,분당선,야탑,16008,16585,32593
20220219,분당선,영통,5866,5790,11656
20220219,분당선,오리,6919,5737,12656
20220219,분당선,이매,3627,3728,7355
20220219,분당선,정자,9641,9839,19480
20220219,분당선,죽전,8915,9989,18904
20220219,분당선,청명,2237,2295,4532
20220219,분당선,태평,9907,9461,19368
20220219,분당선,한티,11298,11141,22439
20220219,수인선,고색,2458,2452,4910
20220219,수인선,남동인더스파크,972,893,1865
20220219,수인선,달월,43,37,80
20220219,수인선,사리,2953,2536,5489
20220219,수인선,소래포구,4106,4103,8209
20220219,수인선,송도,1896,1866,3762
20220219,수인선,숭의,2667,2512,5179
20220219,수인선,신포,1286,1309,2595
20220219,수인선,야목,214,173,387
20220219,수인선,어천,564,508,1072
20220219,수인선,연수,3590,3439,7029
20220219,수인선,오목천,1750,1506,3256
20220219,수인선,원인재,3213,3394,6607
20220219,수인선,월곶,1809,1728,3537
20220219,수인선,인천,1033,1623,2656
20220219,수인선,인천논현,3727,3962,7689
20220219,수인선,인하대,3741,3515,7256
20220219,수인선,호구포,2253,2183,4436
20220219,안산선,고잔,5246,5300,10546
20220219,안산선,대야미,3222,2814,6036
20220219,안산선,반월,2897,2707,5604
20220219,안산선,산본,10681,11482,22163
20220219,안산선,상록수,10536,10730,21266
20220219,안산선,수리산,2546,2258,4804
20220219,안산선,신길온천,1128,1143,2271
20220219,안산선,안산,7667,7833,15500
20220219,안산선,오이도,5974,6168,12142
20220219,안산선,정왕,5276,5297,10573
20220219,안산선,중앙,12903,13486,26389
20220219,안산선,초지,2790,2849,5639
20220219,안산선,한대앞,5963,5902,11865
20220219,우이신설선,4.19민주묘지,2017,1755,3772
20220219,우이신설선,가오리,2685,2586,5271
20220219,우이신설선,보문,1021,1020,2041
20220219,우이신설선,북한산보국문,4293,3969,8262
20220219,우이신설선,북한산우이,2583,2675,5258
20220219,우이신설선,삼양,1413,1479,2892
20220219,우이신설선,삼양사거리,1707,1700,3407
20220219,우이신설선,성신여대입구,2646,2929,5575
20220219,우이신설선,솔밭공원,1632,1545,3177
20220219,우이신설선,솔샘,3302,3130,6432
20220219,우이신설선,신설동,1397,1331,2728
20220219,우이신설선,정릉,3257,2767,6024
20220219,우이신설선,화계,2252,2216,4468
20220219,일산선,대곡,1124,1019,2143
20220219,일산선,대화,7082,6508,13590
20220219,일산선,마두,4405,4513,8918
20220219,일산선,백석,6659,6681,13340
20220219,일산선,삼송,12349,12198,24547
20220219,일산선,원당,7011,6688,13699
20220219,일산선,원흥,6176,5918,12094
20220219,일산선,정발산,5515,5754,11269
20220219,일산선,주엽,5747,5740,11487
20220219,일산선,화정,11177,11613,22790
20220219,장항선,배방,864,818,1682
20220219,장항선,봉명,707,623,1330
20220219,장항선,신창,854,718,1572
20220219,장항선,쌍용,1324,1206,2530
20220219,장항선,아산,2295,2309,4604
20220219,장항선,온양온천,3597,3610,7207
20220219,장항선,탕정,505,444,949
20220219,중앙선,구리,8691,8831,17522
20220219,중앙선,국수,464,481,945
20220219,중앙선,덕소,3602,3746,7348
20220219,중앙선,도농,5925,5531,11456
20220219,중앙선,도심,1225,1054,2279
20220219,중앙선,망우,5476,5481,10957
20220219,중앙선,상봉,4064,4132,8196
20220219,중앙선,신원,180,167,347
20220219,중앙선,아신,369,431,800
20220219,중앙선,양수,1380,1403,2783
20220219,중앙선,양원,1362,1376,2738
20220219,중앙선,양정,453,369,822
20220219,중앙선,양평,1906,1936,3842
20220219,중앙선,오빈,193,228,421
20220219,중앙선,용문,1247,1437,2684
20220219,중앙선,운길산,800,726,1526
20220219,중앙선,원덕,273,302,575
20220219,중앙선,중랑,3778,3656,7434
20220219,중앙선,지평,34,46,80
20220219,중앙선,팔당,998,1126,2124
20220219,중앙선,회기,17139,16433,33572
20220220,1호선,동대문,6916,7067,13983
20220220,1호선,동묘앞,8966,9306,18272
20220220,1호선,서울역,21179,19303,40482
20220220,1호선,시청,6085,5978,12063
20220220,1호선,신설동,6237,6321,12558
20220220,1호선,제기동,7896,8148,16044
20220220,1호선,종각,10292,9143,19435
20220220,1호선,종로3가,10628,9589,20217
20220220,1호선,종로5가,7622,7108,14730
20220220,1호선,청량리,10520,10541,21061
20220220,2호선,강남,30478,28782,59260
20220220,2호선,강변,16446,16095,32541
20220220,2호선,건대입구,21869,22398,44267
20220220,2호선,교대,8772,9819,18591
20220220,2호선,구로디지털단지,20605,20291,40896
20220220,2호선,구의,9824,9926,19750
20220220,2호선,낙성대,13278,13927,27205
20220220,2호선,당산,6961,7654,14615
20220220,2호선,대림,11601,11729,23330
20220220,2호선,도림천,370,408,778
20220220,2호선,동대문역사문화공원,5775,6891,12666
20220220,2호선,뚝섬,7998,8224,16222
20220220,2호선,문래,7202,7541,14743
20220220,2호선,방배,5525,5927,11452
20220220,2호선,봉천,10523,10373,20896
20220220,2호선,사당,18092,19807,37899
20220220,2호선,삼성,21560,20780,42340
20220220,2호선,상왕십리,5922,5887,11809
20220220,2호선,서울대입구,23428,23856,47284
20220220,2호선,서초,9927,9028,18955
20220220,2호선,선릉,11645,9979,21624
20220220,2호선,성수,11950,12889,24839
20220220,2호선,시청,4994,4037,9031
20220220,2호선,신답,615,667,1282
20220220,2호선,신당,6765,7367,14132
20220220,2호선,신대방,12768,12728,25496
20220220,2호선,신도림,24425,24834,49259
20220220,2호선,신림,32588,32252,64840
20220220,2호선,신설동,2732,1819,4551
20220220,2호선,신정네거리,4385,4518,8903
20220220,2호선,신촌,19873,19169,39042
20220220,2호선,아현,4290,4284,8574
20220220,2호선,양천구청,2719,2745,5464
20220220,2호선,역삼,11127,12032,23159
20220220,2호선,영등포구청,7486,7728,15214
20220220,2호선,왕십리,8128,7172,15300
20220220,2호선,용답,1376,1439,2815
20220220,2호선,용두,909,953,1862
20220220,2호선,을지로3가,6785,6362,13147
20220220,2호선,을지로4가,2808,2674,5482
20220220,2호선,을지로입구,12948,12032,24980
20220220,2호선,이대,5766,6248,12014
20220220,2호선,잠실,39360,36497,75857
20220220,2호선,잠실나루,4267,4507,8774
20220220,2호선,잠실새내,9280,9715,18995
20220220,2호선,종합운동장,3429,3599,7028
20220220,2호선,충정로,3385,3642,7027
20220220,2호선,한양대,2043,2271,4314
20220220,2호선,합정,17494,18081,35575
20220220,2호선,홍대입구,42342,41503,83845
20220220,3호선,가락시장,3143,3299,6442
20220220,3호선,경복궁,9251,9222,18473
20220220,3호선,경찰병원,2238,2378,4616
20220220,3호선,고속터미널,31301,29308,60609
20220220,3호선,교대,3615,2273,5888
20220220,3호선,구파발,9050,9333,18383
20220220,3호선,금호,3501,3425,6926
20220220,3호선,남부터미널,11625,12172,23797
20220220,3호선,녹번,6109,5544,11653
20220220,3호선,대청,3579,3506,7085
20220220,3호선,대치,5295,4671,9966
20220220,3호선,도곡,1664,1813,3477
20220220,3호선,독립문,3455,3616,7071
20220220,3호선,동대입구,3939,4188,8127
20220220,3호선,매봉,3488,3518,7006
20220220,3호선,무악재,1521,1708,3229
20220220,3호선,불광,8162,9232,17394
20220220,3호선,수서,9076,8879,17955
20220220,3호선,신사,12537,12504,25041
20220220,3호선,안국,8295,8757,17052
20220220,3호선,압구정,12680,13024,25704
20220220,3호선,약수,5661,5446,11107
20220220,3호선,양재,12260,13958,26218
20220220,3호선,연신내,17649,16914,34563
20220220,3호선,오금,2196,2169,4365
20220220,3호선,옥수,3940,4161,8101
20220220,3호선,을지로3가,2814,2553,5367
20220220,3호선,일원,2844,2971,5815
20220220,3호선,잠원,1729,1805,3534
20220220,3호선,종로3가,3194,3904,7098
20220220,3호선,지축,1778,1665,3443
20220220,3호선,학여울,1442,1652,3094
20220220,3호선,홍제,7645,7469,15114
20220220,4호선,길음,8622,8506,17128
20220220,4호선,남태령,536,418,954
20220220,4호선,노원,9842,10698,20540
20220220,4호선,당고개,6317,6091,12408
20220220,4호선,동대문,4757,5547,10304
20220220,4호선,동대문역사문화공원,6954,6476,13430
20220220,4호선,동작,1102,1188,2290
20220220,4호선,명동,8738,8651,17389
20220220,4호선,미아,6811,6510,13321
20220220,4호선,미아사거리,13519,13009,26528
20220220,4호선,사당,12535,11676,24211
20220220,4호선,삼각지,2103,2669,4772
20220220,4호선,상계,8653,8099,16752
20220220,4호선,서울역,3368,7824,11192
20220220,4호선,성신여대입구,10615,10301,20916
20220220,4호선,수유,17204,16659,33863
20220220,4호선,숙대입구,6227,5883,12110
20220220,4호선,신용산,6537,6905,13442
20220220,4호선,쌍문,13442,11958,25400
20220220,4호선,이촌,3858,4260,8118
20220220,4호선,창동,13559,14105,27664
20220220,4호선,총신대입구,8403,9256,17659
20220220,4호선,충무로,6678,6834,13512
20220220,4호선,한성대입구,6372,6413,12785
20220220,4호선,혜화,18695,18854,37549
20220220,4호선,회현,7258,7285,14543
20220220,5호선,강동,8173,8004,16177
20220220,5호선,강일,1725,1618,3343
20220220,5호선,개롱,2410,2678,5088
20220220,5호선,개화산,2289,2330,4619
20220220,5호선,거여,3825,3644,7469
20220220,5호선,고덕,3700,3730,7430
20220220,5호선,공덕,3806,3906,7712
20220220,5호선,광나루,6269,6311,12580
20220220,5호선,광화문,8791,8762,17553
20220220,5호선,군자,5142,5697,10839
20220220,5호선,굽은다리,4674,4380,9054
20220220,5호선,길동,3546,3696,7242
20220220,5호선,김포공항,6376,6098,12474
20220220,5호선,까치산,13212,13134,26346
20220220,5호선,답십리,6254,5827,12081
20220220,5호선,동대문역사문화공원,671,734,1405
20220220,5호선,둔촌동,3745,3969,7714
20220220,5호선,마곡,3165,3287,6452
20220220,5호선,마장,2413,2257,4670
20220220,5호선,마천,3036,3345,6381
20220220,5호선,마포,4170,4284,8454
20220220,5호선,명일,3865,3931,7796
20220220,5호선,목동,6457,6748,13205
20220220,5호선,미사,7253,7159,14412
20220220,5호선,발산,7755,7935,15690
20220220,5호선,방이,3226,3228,6454
20220220,5호선,방화,2894,3076,5970
20220220,5호선,상일동,5441,5464,10905
20220220,5호선,서대문,4339,4245,8584
20220220,5호선,송정,3029,3083,6112
20220220,5호선,신금호,2584,2814,5398
20220220,5호선,신길,1565,1827,3392
20220220,5호선,신정,5431,4907,10338
20220220,5호선,아차산,8876,8559,17435
20220220,5호선,애오개,2238,2368,4606
20220220,5호선,양평,2222,2285,4507
20220220,5호선,여의나루,4174,5410,9584
20220220,5호선,여의도,6854,6966,13820
20220220,5호선,영등포구청,1110,1078,2188
20220220,5호선,영등포시장,4783,5020,9803
20220220,5호선,오금,1259,1263,2522
20220220,5호선,오목교,10195,10281,20476
20220220,5호선,올림픽공원,1851,1719,3570
20220220,5호선,왕십리,2229,2555,4784
20220220,5호선,우장산,5643,5785,11428
20220220,5호선,을지로4가,1220,1309,2529
20220220,5호선,장한평,6570,6672,13242
20220220,5호선,종로3가,6672,6027,12699
20220220,5호선,천호,10831,9978,20809
20220220,5호선,청구,1598,1386,2984
20220220,5호선,충정로,1202,1256,2458
20220220,5호선,하남검단산,3613,3566,7179
20220220,5호선,하남시청,3232,3197,6429
20220220,5호선,하남풍산,1729,1801,3530
20220220,5호선,행당,3350,3013,6363
20220220,5호선,화곡,11856,11389,23245
20220220,6호선,고려대,3733,3767,7500
20220220,6호선,공덕,6047,5629,11676
20220220,6호선,광흥창,3440,3441,6881
20220220,6호선,구산,3302,2542,5844
20220220,6호선,녹사평,2973,2939,5912
20220220,6호선,대흥,3238,3334,6572
20220220,6호선,독바위,1210,1595,2805
20220220,6호선,돌곶이,4463,4248,8711
20220220,6호선,동묘앞,4710,4641,9351
20220220,6호선,디지털미디어시티,4266,4561,8827
20220220,6호선,마포구청,5820,5539,11359
20220220,6호선,망원,8126,8553,16679
20220220,6호선,버티고개,870,922,1792
20220220,6호선,보문,3372,3205,6577
20220220,6호선,봉화산,3272,3308,6580
20220220,6호선,불광,2469,2077,4546
20220220,6호선,삼각지,2942,2411,5353
20220220,6호선,상수,5508,6173,11681
20220220,6호선,상월곡,2721,2421,5142
20220220,6호선,새절,5214,5122,10336
20220220,6호선,석계,5570,5840,11410
20220220,6호선,신당,3824,4220,8044
20220220,6호선,안암,4340,4475,8815
20220220,6호선,약수,1515,1432,2947
20220220,6호선,역촌,1756,1964,3720
20220220,6호선,월곡,4651,4654,9305
20220220,6호선,월드컵경기장,2567,2560,5127
20220220,6호선,응암,7688,8013,15701
20220220,6호선,이태원,7517,7041,14558
20220220,6호선,증산,4557,4752,9309
20220220,6호선,창신,1396,1294,2690
20220220,6호선,청구,1483,1441,2924
20220220,6호선,태릉입구,2666,2687,5353
20220220,6호선,한강진,4761,5466,10227
20220220,6호선,합정,8041,7052,15093
20220220,6호선,화랑대,4282,3624,7906
20220220,6호선,효창공원앞,2861,2625,5486
20220220,7호선,가산디지털단지,8379,7769,16148
20220220,7호선,강남구청,5496,5953,11449
20220220,7호선,건대입구,6739,6899,13638
20220220,7호선,고속터미널,9251,6244,15495
20220220,7호선,공릉,5604,5858,11462
20220220,7호선,광명사거리,10170,10112,20282
20220220,7호선,군자,6544,5260,11804
20220220,7호선,남구로,5401,5291,10692
20220220,7호선,남성,4515,4504,9019
20220220,7호선,내방,4468,4637,9105
20220220,7호선,노원,9502,9191,18693
20220220,7호선,논현,5071,5555,10626
20220220,7호선,대림,5133,4898,10031
20220220,7호선,도봉산,4067,5826,9893
20220220,7호선,뚝섬유원지,3653,3614,7267
20220220,7호선,마들,4956,4691,9647
20220220,7호선,먹골,4771,4741,9512
20220220,7호선,면목,6787,6736,13523
20220220,7호선,반포,2409,2419,4828
20220220,7호선,보라매,3608,3487,7095
20220220,7호선,부평구청,1,0,1
20220220,7호선,사가정,7397,7330,14727
20220220,7호선,상도,4388,4416,8804
20220220,7호선,상봉,8096,7620,15716
20220220,7호선,수락산,6517,6358,12875
20220220,7호선,숭실대입구,4637,5056,9693
20220220,7호선,신대방삼거리,6756,6694,13450
20220220,7호선,신중동,1,0,1
20220220,7호선,신풍,4988,4746,9734
20220220,7호선,어린이대공원,6041,6042,12083
20220220,7호선,온수,3284,3290,6574
20220220,7호선,용마산,2591,2996,5587
20220220,7호선,이수,7360,6837,14197
20220220,7호선,장승배기,3843,3811,7654
20220220,7호선,장암,983,608,1591
20220220,7호선,중계,5457,5137,10594
20220220,7호선,중곡,4616,4461,9077
20220220,7호선,중화,4677,4579,9256
20220220,7호선,천왕,4088,4009,8097
20220220,7호선,철산,8824,8776,17600
20220220,7호선,청담,5865,6387,12252
20220220,7호선,태릉입구,4043,3869,7912
20220220,7호선,하계,7512,7066,14578
20220220,7호선,학동,5323,5798,11121
20220220,8호선,가락시장,2714,3414,6128
20220220,8호선,강동구청,3945,4161,8106
20220220,8호선,남위례,1660,1781,3441
20220220,8호선,남한산성입구,5730,5305,11035
20220220,8호선,단대오거리,4672,4625,9297
20220220,8호선,모란,2215,1811,4026
20220220,8호선,몽촌토성,2705,2721,5426
20220220,8호선,문정,5045,5287,10332
20220220,8호선,복정,3810,3630,7440
20220220,8호선,산성,2485,2488,4973
20220220,8호선,석촌,3553,4318,7871
20220220,8호선,송파,2822,3114,5936
20220220,8호선,수진,2542,2345,4887
20220220,8호선,신흥,2273,2481,4754
20220220,8호선,암사,7640,7310,14950
20220220,8호선,잠실,8618,9601,18219
20220220,8호선,장지,7934,8231,16165
20220220,8호선,천호,7841,8908,16749
20220220,9호선,가양,8414,8330,16744
20220220,9호선,개화,836,820,1656
20220220,9호선,고속터미널,7604,10545,18149
20220220,9호선,공항시장,1604,1670,3274
20220220,9호선,구반포,396,441,837
20220220,9호선,국회의사당,3989,3850,7839
20220220,9호선,김포공항,6339,9897,16236
20220220,9호선,노들,2194,1984,4178
20220220,9호선,노량진,12833,13482,26315
20220220,9호선,당산,7629,7585,15214
20220220,9호선,동작,1690,1176,2866
20220220,9호선,등촌,4353,4491,8844
20220220,9호선,마곡나루,5136,5010,10146
20220220,9호선,사평,1208,1289,2497
20220220,9호선,샛강,1443,1480,2923
20220220,9호선,선유도,2349,2392,4741
20220220,9호선,신논현,13466,12847,26313
20220220,9호선,신목동,1413,1307,2720
20220220,9호선,신반포,1473,1496,2969
20220220,9호선,신방화,2873,2933,5806
20220220,9호선,양천향교,3494,3754,7248
20220220,9호선,여의도,7587,6664,14251
20220220,9호선,염창,7170,7124,14294
20220220,9호선,증미,2596,2606,5202
20220220,9호선,흑석,3225,3403,6628
20220220,9호선2~3단계,둔촌오륜,411,436,847
20220220,9호선2~3단계,봉은사,8543,8824,17367
20220220,9호선2~3단계,삼성중앙,1693,1876,3569
20220220,9호선2~3단계,삼전,3186,3115,6301
20220220,9호선2~3단계,석촌,3945,3402,7347
20220220,9호선2~3단계,석촌고분,2647,2666,5313
20220220,9호선2~3단계,선정릉,2438,2819,5257
20220220,9호선2~3단계,송파나루,2788,2946,5734
20220220,9호선2~3단계,언주,3261,3259,6520
20220220,9호선2~3단계,올림픽공원,4674,4465,9139
20220220,9호선2~3단계,종합운동장,1847,1676,3523
20220220,9호선2~3단계,중앙보훈병원,2750,2719,5469
20220220,9호선2~3단계,한성백제,1176,1086,2262
20220220,경강선,경기광주,3134,3171,6305
20220220,경강선,곤지암,1283,1318,2601
20220220,경강선,부발,1129,1764,2893
20220220,경강선,삼동,829,855,1684
20220220,경강선,세종대왕릉,185,180,365
20220220,경강선,신둔도예촌,666,645,1311
20220220,경강선,여주,1516,1392,2908
20220220,경강선,이매,522,376,898
20220220,경강선,이천,1545,1774,3319
20220220,경강선,초월,1305,1289,2594
20220220,경강선,판교,2028,1965,3993
20220220,경부선,가산디지털단지,3766,5189,8955
20220220,경부선,관악,3811,3567,7378
20220220,경부선,광명,2130,1616,3746
20220220,경부선,구로,7676,7691,15367
20220220,경부선,군포,2503,2410,4913
20220220,경부선,금정,11211,11591,22802
20220220,경부선,금천구청,5124,5028,10152
20220220,경부선,남영,3527,3700,7227
20220220,경부선,노량진,4593,4475,9068
20220220,경부선,당정,2364,2442,4806
20220220,경부선,대방,4864,5171,10035
20220220,경부선,독산,5082,5274,10356
20220220,경부선,두정,3407,3643,7050
20220220,경부선,명학,2992,2903,5895
20220220,경부선,병점,7367,8113,15480
20220220,경부선,서동탄,554,596,1150
20220220,경부선,서울역,6055,1472,7527
20220220,경부선,서정리,3494,5060,8554
20220220,경부선,석수,4047,3972,8019
20220220,경부선,성균관대,6521,6990,13511
20220220,경부선,성환,1738,2043,3781
20220220,경부선,세류,1520,1604,3124
20220220,경부선,세마,1336,1241,2577
20220220,경부선,송탄,2941,3373,6314
20220220,경부선,수원,26377,25214,51591
20220220,경부선,신길,3905,3410,7315
20220220,경부선,신도림,1999,1730,3729
20220220,경부선,안양,10855,10470,21325
20220220,경부선,영등포,27666,26136,53802
20220220,경부선,오산,5718,6322,12040
20220220,경부선,오산대,1474,1540,3014
20220220,경부선,용산,24926,22638,47564
20220220,경부선,의왕,3468,3458,6926
20220220,경부선,직산,386,481,867
20220220,경부선,진위,601,606,1207
20220220,경부선,천안,4408,4312,8720
20220220,경부선,평택,8517,8816,17333
20220220,경부선,평택지제,2003,1976,3979
20220220,경부선,화서,3181,3186,6367
20220220,경원선,가능,3169,3064,6233
20220220,경원선,광운대,3505,3502,7007
20220220,경원선,녹양,2177,2022,4199
20220220,경원선,녹천,2095,1804,3899
20220220,경원선,덕계,1349,1341,2690
20220220,경원선,덕정,2511,2643,5154
20220220,경원선,도봉,2841,2790,5631
20220220,경원선,도봉산,6233,4392,10625
20220220,경원선,동두천,976,1133,2109
20220220,경원선,동두천중앙,1716,1699,3415
20220220,경원선,망월사,3692,3771,7463
20220220,경원선,방학,5018,4846,9864
20220220,경원선,보산,1025,974,1999
20220220,경원선,서빙고,1095,1131,2226
20220220,경원선,석계,4061,4452,8513
20220220,경원선,소요산,2278,2020,4298
20220220,경원선,신이문,3852,3716,7568
20220220,경원선,양주,3843,3717,7560
20220220,경원선,옥수,45,23,68
20220220,경원선,왕십리,8199,9219,17418
20220220,경원선,외대앞,4066,3954,8020
20220220,경원선,월계,3193,3041,6234
20220220,경원선,응봉,828,744,1572
20220220,경원선,의정부,11622,11584,23206
20220220,경원선,이촌,1722,1342,3064
20220220,경원선,지행,3277,3169,6446
20220220,경원선,청량리,11458,10203,21661
20220220,경원선,한남,1590,1616,3206
20220220,경원선,회룡,6075,6178,12253
20220220,경의선,가좌,2281,2272,4553
20220220,경의선,강매,1280,1117,2397
20220220,경의선,곡산,224,210,434
20220220,경의선,공덕,1693,1217,2910
20220220,경의선,금릉,2189,2211,4400
20220220,경의선,금촌,3142,3429,6571
20220220,경의선,능곡,1719,1705,3424
20220220,경의선,디지털미디어시티,1123,1052,2175
20220220,경의선,문산,2503,2720,5223
20220220,경의선,백마,2741,2636,5377
20220220,경의선,서강대,998,1007,2005
20220220,경의선,서울역,760,772,1532
20220220,경의선,수색,726,810,1536
20220220,경의선,신촌,212,239,451
20220220,경의선,야당,3811,3664,7475
20220220,경의선,운정,2794,2781,5575
20220220,경의선,월롱,739,1563,2302
20220220,경의선,일산,3730,3636,7366
20220220,경의선,임진강,34,23,57
20220220,경의선,탄현,3416,3266,6682
20220220,경의선,파주,422,368,790
20220220,경의선,풍산,2853,2710,5563
20220220,경의선,행신,3547,3242,6789
20220220,경의선,홍대입구,1177,1466,2643
20220220,경의선,화전,554,566,1120
20220220,경의선,효창공원앞,1130,1255,2385
20220220,경인선,간석,2506,2436,4942
20220220,경인선,개봉,9456,9497,18953
20220220,경인선,구일,2754,2755,5509
20220220,경인선,도원,1185,1233,2418
20220220,경인선,도화,1868,1842,3710
20220220,경인선,동암,7781,7619,15400
20220220,경인선,동인천,7160,7048,14208
20220220,경인선,백운,3068,3075,6143
20220220,경인선,부개,3895,3662,7557
20220220,경인선,부천,18382,18072,36454
20220220,경인선,부평,18196,18482,36678
20220220,경인선,소사,4485,4204,8689
20220220,경인선,송내,10464,10255,20719
20220220,경인선,역곡,11588,11644,23232
20220220,경인선,오류동,5869,5528,11397
20220220,경인선,온수,2985,2823,5808
20220220,경인선,인천,2580,1989,4569
20220220,경인선,제물포,4420,4376,8796
20220220,경인선,주안,9601,8301,17902
20220220,경인선,중동,4069,3799,7868
20220220,경춘선,가평,1354,1088,2442
20220220,경춘선,갈매,1101,1014,2115
20220220,경춘선,강촌,413,382,795
20220220,경춘선,굴봉산,174,171,345
20220220,경춘선,금곡,672,677,1349
20220220,경춘선,김유정,387,353,740
20220220,경춘선,남춘천,1803,1733,3536
20220220,경춘선,대성리,365,290,655
20220220,경춘선,마석,1918,1859,3777
20220220,경춘선,백양리,249,262,511
20220220,경춘선,별내,1505,1450,2955
20220220,경춘선,사릉,1319,1352,2671
20220220,경춘선,상천,219,176,395
20220220,경춘선,신내,831,764,1595
20220220,경춘선,천마산,811,821,1632
20220220,경춘선,청평,1093,1000,2093
20220220,경춘선,춘천,992,822,1814
20220220,경춘선,퇴계원,1617,1569,3186
20220220,경춘선,평내호평,2705,2608,5313
20220220,공항철도 1호선,검암,2899,2917,5816
20220220,공항철도 1호선,계양,4175,4109,8284
20220220,공항철도 1호선,공덕,1103,1573,2676
20220220,공항철도 1호선,공항화물청사,878,953,1831
20220220,공항철도 1호선,김포공항,10599,5349,15948
20220220,공항철도 1호선,디지털미디어시티,3253,3179,6432
20220220,공항철도 1호선,마곡나루,1784,2042,3826
20220220,공항철도 1호선,서울역,5989,5078,11067
20220220,공항철도 1호선,영종,1899,1820,3719
20220220,공항철도 1호선,운서,4199,4523,8722
20220220,공항철도 1호선,인천공항1터미널,2808,2988,5796
20220220,공항철도 1호선,인천공항2터미널,1535,1506,3041
20220220,공항철도 1호선,청라국제도시,2478,2450,4928
20220220,공항철도 1호선,홍대입구,8405,7626,16031
20220220,과천선,경마공원,8344,8390,16734
20220220,과천선,과천,2841,2789,5630
20220220,과천선,대공원,2508,2574,5082
20220220,과천선,범계,12374,11922,24296
20220220,과천선,선바위,3146,2898,6044
20220220,과천선,인덕원,9690,9939,19629
20220220,과천선,정부과천청사,3740,3724,7464
20220220,과천선,평촌,5509,5506,11015
20220220,분당선,가천대,3056,3660,6716
20220220,분당선,강남구청,3086,3748,6834
20220220,분당선,개포동,1527,1590,3117
20220220,분당선,구룡,627,657,1284
20220220,분당선,구성,2014,2235,4249
20220220,분당선,기흥,4275,4163,8438
20220220,분당선,대모산입구,1840,1816,3656
20220220,분당선,도곡,2289,2362,4651
20220220,분당선,망포,5341,5692,11033
20220220,분당선,매교,1121,1155,2276
20220220,분당선,매탄권선,2064,2076,4140
20220220,분당선,모란,9507,9726,19233
20220220,분당선,미금,6090,6611,12701
20220220,분당선,보정,886,875,1761
20220220,분당선,상갈,2327,2409,4736
20220220,분당선,서울숲,4322,4492,8814
20220220,분당선,서현,13171,12952,26123
20220220,분당선,선릉,2384,3797,6181
20220220,분당선,선정릉,1850,1895,3745
20220220,분당선,수내,5209,4988,10197
20220220,분당선,수서,7373,6948,14321
20220220,분당선,수원,4808,3883,8691
20220220,분당선,수원시청,6433,6454,12887
20220220,분당선,신갈,1594,1638,3232
20220220,분당선,압구정로데오,9740,10372,20112
20220220,분당선,야탑,11272,11557,22829
20220220,분당선,영통,4162,4099,8261
20220220,분당선,오리,4562,4009,8571
20220220,분당선,이매,2527,2641,5168
20220220,분당선,정자,6629,6872,13501
20220220,분당선,죽전,6626,7630,14256
20220220,분당선,청명,1593,1637,3230
20220220,분당선,태평,6777,6530,13307
20220220,분당선,한티,7491,7151,14642
20220220,수인선,고색,1647,1742,3389
20220220,수인선,남동인더스파크,496,489,985
20220220,수인선,달월,32,35,67
20220220,수인선,사리,2099,1783,3882
20220220,수인선,소래포구,3011,2849,5860
20220220,수인선,송도,1236,1184,2420
20220220,수인선,숭의,1602,1446,3048
20220220,수인선,신포,853,861,1714
20220220,수인선,야목,163,141,304
20220220,수인선,어천,377,446,823
20220220,수인선,연수,2646,2567,5213
20220220,수인선,오목천,1168,1141,2309
20220220,수인선,원인재,2356,2437,4793
20220220,수인선,월곶,1318,1286,2604
20220220,수인선,인천,810,1198,2008
20220220,수인선,인천논현,2385,2495,4880
20220220,수인선,인하대,2633,2473,5106
20220220,수인선,호구포,1500,1606,3106
20220220,안산선,고잔,3812,3724,7536
20220220,안산선,대야미,2327,2165,4492
20220220,안산선,반월,1974,1925,3899
20220220,안산선,산본,7201,7695,14896
20220220,안산선,상록수,7376,7416,14792
20220220,안산선,수리산,1667,1668,3335
20220220,안산선,신길온천,844,807,1651
20220220,안산선,안산,7136,6539,13675
20220220,안산선,오이도,4526,4403,8929
20220220,안산선,정왕,4054,4257,8311
20220220,안산선,중앙,9173,9108,18281
20220220,안산선,초지,1862,1862,3724
20220220,안산선,한대앞,4352,4262,8614
20220220,우이신설선,4.19민주묘지,1561,1381,2942
20220220,우이신설선,가오리,2035,1926,3961
20220220,우이신설선,보문,817,840,1657
20220220,우이신설선,북한산보국문,3137,2891,6028
20220220,우이신설선,북한산우이,2037,2029,4066
20220220,우이신설선,삼양,1086,1087,2173
20220220,우이신설선,삼양사거리,1363,1260,2623
20220220,우이신설선,성신여대입구,1865,2144,4009
20220220,우이신설선,솔밭공원,1144,1073,2217
20220220,우이신설선,솔샘,2336,2288,4624
20220220,우이신설선,신설동,984,1000,1984
20220220,우이신설선,정릉,2350,2004,4354
20220220,우이신설선,화계,1700,1589,3289
20220220,일산선,대곡,791,695,1486
20220220,일산선,대화,5020,4635,9655
20220220,일산선,마두,2702,2784,5486
20220220,일산선,백석,4664,4606,9270
20220220,일산선,삼송,9126,9035,18161
20220220,일산선,원당,4982,4849,9831
20220220,일산선,원흥,4250,4070,8320
20220220,일산선,정발산,4427,4243,8670
20220220,일산선,주엽,3630,3683,7313
20220220,일산선,화정,7606,7973,15579
20220220,장항선,배방,568,647,1215
20220220,장항선,봉명,467,428,895
20220220,장항선,신창,699,764,1463
20220220,장항선,쌍용,913,870,1783
20220220,장항선,아산,2292,1756,4048
20220220,장항선,온양온천,2367,2523,4890
20220220,장항선,탕정,290,332,622
20220220,중앙선,구리,6185,6446,12631
20220220,중앙선,국수,343,365,708
20220220,중앙선,덕소,2709,2747,5456
20220220,중앙선,도농,4045,4087,8132
20220220,중앙선,도심,909,802,1711
20220220,중앙선,망우,4029,4038,8067
20220220,중앙선,상봉,3090,3052,6142
20220220,중앙선,신원,200,115,315
20220220,중앙선,아신,303,299,602
20220220,중앙선,양수,1082,1064,2146
20220220,중앙선,양원,942,975,1917
20220220,중앙선,양정,307,267,574
20220220,중앙선,양평,1422,1424,2846
20220220,중앙선,오빈,177,148,325
20220220,중앙선,용문,2380,2187,4567
20220220,중앙선,운길산,722,599,1321
20220220,중앙선,원덕,245,219,464
20220220,중앙선,중랑,2743,2751,5494
20220220,중앙선,지평,55,36,91
20220220,중앙선,팔당,903,944,1847
20220220,중앙선,회기,12933,12992,25925
20220226,1호선,동대문,8843,7977,16820
20220226,1호선,동묘앞,9163,9418,18581
20220226,1호선,서울역,24750,25357,50107
20220226,1호선,시청,8584,9078,17662
20220226,1호선,신설동,8483,8161,16644
20220226,1호선,제기동,12927,13309,26236
20220226,1호선,종각,14692,14633,29325
20220226,1호선,종로3가,17885,17194,35079
20220226,1호선,종로5가,15956,15656,31612
20220226,1호선,청량리,15439,15507,30946
20220226,2호선,강남,53607,51737,105344
20220226,2호선,강변,21259,21534,42793
20220226,2호선,건대입구,28012,29293,57305
20220226,2호선,교대,14605,16413,31018
20220226,2호선,구로디지털단지,29237,28823,58060
20220226,2호선,구의,14236,14070,28306
20220226,2호선,낙성대,18240,16874,35114
20220226,2호선,당산,10332,11341,21673
20220226,2호선,대림,15179,16218,31397
20220226,2호선,도림천,696,755,1451
20220226,2호선,동대문역사문화공원,8261,8816,17077
20220226,2호선,뚝섬,10938,11225,22163
20220226,2호선,문래,10598,11129,21727
20220226,2호선,방배,8306,8493,16799
20220226,2호선,봉천,14936,13855,28791
20220226,2호선,사당,25301,27660,52961
20220226,2호선,삼성,28165,27852,56017
20220226,2호선,상왕십리,8578,8084,16662
20220226,2호선,서울대입구,32941,32235,65176
20220226,2호선,서초,9197,8036,17233
20220226,2호선,선릉,21019,18497,39516
20220226,2호선,성수,16623,18277,34900
20220226,2호선,시청,7744,6699,14443
20220226,2호선,신답,853,918,1771
20220226,2호선,신당,9655,10219,19874
20220226,2호선,신대방,17429,16835,34264
20220226,2호선,신도림,34855,34940,69795
20220226,2호선,신림,44630,42885,87515
20220226,2호선,신설동,3157,3096,6253
20220226,2호선,신정네거리,6358,6367,12725
20220226,2호선,신촌,24896,24965,49861
20220226,2호선,아현,6272,6011,12283
20220226,2호선,양천구청,3876,3879,7755
20220226,2호선,역삼,17228,18756,35984
20220226,2호선,영등포구청,11575,11718,23293
20220226,2호선,왕십리,11465,9613,21078
20220226,2호선,용답,1740,1784,3524
20220226,2호선,용두,1432,1442,2874
20220226,2호선,을지로3가,8418,8175,16593
20220226,2호선,을지로4가,6099,6177,12276
20220226,2호선,을지로입구,16626,16717,33343
20220226,2호선,이대,8786,9305,18091
20220226,2호선,잠실,50751,48389,99140
20220226,2호선,잠실나루,6177,6092,12269
20220226,2호선,잠실새내,13922,14536,28458
20220226,2호선,종합운동장,4211,4623,8834
20220226,2호선,충정로,5048,5492,10540
20220226,2호선,한양대,3872,3927,7799
20220226,2호선,합정,22943,24166,47109
20220226,2호선,홍대입구,51026,52844,103870
20220226,3호선,가락시장,5107,4870,9977
20220226,3호선,경복궁,11944,12207,24151
20220226,3호선,경찰병원,3549,3414,6963
20220226,3호선,고속터미널,37745,38612,76357
20220226,3호선,교대,5917,3639,9556
20220226,3호선,구파발,12097,12104,24201
20220226,3호선,금호,5059,4639,9698
20220226,3호선,남부터미널,17810,18139,35949
20220226,3호선,녹번,8785,7871,16656
20220226,3호선,대청,5250,4780,10030
20220226,3호선,대치,8356,7572,15928
20220226,3호선,도곡,2948,2969,5917
20220226,3호선,독립문,4902,5018,9920
20220226,3호선,동대입구,5804,6238,12042
20220226,3호선,매봉,5322,5104,10426
20220226,3호선,무악재,2222,2376,4598
20220226,3호선,불광,10823,12187,23010
20220226,3호선,수서,11261,11696,22957
20220226,3호선,신사,22714,23084,45798
20220226,3호선,안국,11321,12057,23378
20220226,3호선,압구정,21643,22667,44310
20220226,3호선,약수,7893,7334,15227
20220226,3호선,양재,18028,19152,37180
20220226,3호선,연신내,24862,23406,48268
20220226,3호선,오금,3252,2985,6237
20220226,3호선,옥수,5475,5716,11191
20220226,3호선,을지로3가,4202,4325,8527
20220226,3호선,일원,4212,4161,8373
20220226,3호선,잠원,3058,2967,6025
20220226,3호선,종로3가,4917,6588,11505
20220226,3호선,지축,2582,2382,4964
20220226,3호선,학여울,1579,1562,3141
20220226,3호선,홍제,11187,10777,21964
20220226,4호선,길음,12168,11652,23820
20220226,4호선,남태령,799,590,1389
20220226,4호선,노원,13622,14713,28335
20220226,4호선,당고개,8052,7750,15802
20220226,4호선,동대문,10640,10741,21381
20220226,4호선,동대문역사문화공원,9203,7843,17046
20220226,4호선,동작,978,1098,2076
20220226,4호선,명동,10314,11676,21990
20220226,4호선,미아,9148,8900,18048
20220226,4호선,미아사거리,19220,18548,37768
20220226,4호선,사당,17491,15025,32516
20220226,4호선,삼각지,2949,3683,6632
20220226,4호선,상계,12011,11257,23268
20220226,4호선,서울역,4564,10430,14994
20220226,4호선,성신여대입구,13986,13237,27223
20220226,4호선,수유,23034,22724,45758
20220226,4호선,숙대입구,8070,7672,15742
20220226,4호선,신용산,8375,9258,17633
20220226,4호선,쌍문,18216,16763,34979
20220226,4호선,이촌,5482,5822,11304
20220226,4호선,창동,17873,18633,36506
20220226,4호선,총신대입구,12055,13134,25189
20220226,4호선,충무로,10209,10788,20997
20220226,4호선,한성대입구,8673,8582,17255
20220226,4호선,혜화,22269,22459,44728
20220226,4호선,회현,14167,14984,29151
20220226,5호선,강동,11294,10761,22055
20220226,5호선,강일,2328,2170,4498
20220226,5호선,개롱,3782,3924,7706
20220226,5호선,개화산,3258,3195,6453
20220226,5호선,거여,5311,5069,10380
20220226,5호선,고덕,5400,5314,10714
20220226,5호선,공덕,5928,6199,12127
20220226,5호선,광나루,8798,8450,17248
20220226,5호선,광화문,11844,11990,23834
20220226,5호선,군자,7210,7871,15081
20220226,5호선,굽은다리,6042,5694,11736
20220226,5호선,길동,5233,5400,10633
20220226,5호선,김포공항,6634,6958,13592
20220226,5호선,까치산,18414,17919,36333
20220226,5호선,답십리,8785,8248,17033
20220226,5호선,동대문역사문화공원,907,1148,2055
20220226,5호선,둔촌동,5602,5533,11135
20220226,5호선,마곡,4828,4734,9562
20220226,5호선,마장,3330,3120,6450
20220226,5호선,마천,4173,4329,8502
20220226,5호선,마포,6479,6587,13066
20220226,5호선,명일,5235,5205,10440
20220226,5호선,목동,9856,9928,19784
20220226,5호선,미사,9890,9694,19584
20220226,5호선,발산,11949,12455,24404
20220226,5호선,방이,4353,4386,8739
20220226,5호선,방화,3972,3926,7898
20220226,5호선,상일동,7818,7377,15195
20220226,5호선,서대문,5977,5853,11830
20220226,5호선,송정,4351,4342,8693
20220226,5호선,신금호,3636,3769,7405
20220226,5호선,신길,2313,2490,4803
20220226,5호선,신정,8012,6926,14938
20220226,5호선,아차산,10591,10385,20976
20220226,5호선,애오개,3138,3108,6246
20220226,5호선,양평,3213,3010,6223
20220226,5호선,여의나루,5318,7407,12725
20220226,5호선,여의도,10877,10681,21558
20220226,5호선,영등포구청,1625,1670,3295
20220226,5호선,영등포시장,7299,7523,14822
20220226,5호선,오금,1871,1806,3677
20220226,5호선,오목교,14767,15115,29882
20220226,5호선,올림픽공원,2406,2037,4443
20220226,5호선,왕십리,3089,3650,6739
20220226,5호선,우장산,8534,8451,16985
20220226,5호선,을지로4가,2749,3075,5824
20220226,5호선,장한평,9738,9579,19317
20220226,5호선,종로3가,9638,9712,19350
20220226,5호선,천호,14737,13763,28500
20220226,5호선,청구,2293,2027,4320
20220226,5호선,충정로,1670,1545,3215
20220226,5호선,하남검단산,4278,4353,8631
20220226,5호선,하남시청,4583,4401,8984
20220226,5호선,하남풍산,2366,2370,4736
20220226,5호선,행당,4586,4082,8668
20220226,5호선,화곡,17339,16241,33580
20220226,6호선,고려대,4892,4990,9882
20220226,6호선,공덕,8689,8133,16822
20220226,6호선,광흥창,4407,4286,8693
20220226,6호선,구산,4766,3684,8450
20220226,6호선,녹사평,3666,3872,7538
20220226,6호선,대흥,4771,4824,9595
20220226,6호선,독바위,1641,1893,3534
20220226,6호선,돌곶이,5282,4907,10189
20220226,6호선,동묘앞,6563,5971,12534
20220226,6호선,디지털미디어시티,6127,6262,12389
20220226,6호선,마포구청,8204,7364,15568
20220226,6호선,망원,10738,11614,22352
20220226,6호선,버티고개,1216,1291,2507
20220226,6호선,보문,4284,3941,8225
20220226,6호선,봉화산,4441,4362,8803
20220226,6호선,불광,3381,2876,6257
20220226,6호선,삼각지,4023,3231,7254
20220226,6호선,상수,7093,8171,15264
20220226,6호선,상월곡,3573,3148,6721
20220226,6호선,새절,7563,7221,14784
20220226,6호선,석계,7450,7573,15023
20220226,6호선,신당,5763,4835,10598
20220226,6호선,안암,6324,6001,12325
20220226,6호선,약수,2199,2222,4421
20220226,6호선,역촌,2387,2909,5296
20220226,6호선,연신내,3,0,3
20220226,6호선,월곡,6413,6383,12796
20220226,6호선,월드컵경기장,3085,3216,6301
20220226,6호선,응암,11768,11582,23350
20220226,6호선,이태원,10342,10556,20898
20220226,6호선,증산,6367,6438,12805
20220226,6호선,창신,1803,1471,3274
20220226,6호선,청구,2116,2198,4314
20220226,6호선,태릉입구,3661,3729,7390
20220226,6호선,한강진,6693,7835,14528
20220226,6호선,합정,10267,9283,19550
20220226,6호선,화랑대,5847,4802,10649
20220226,6호선,효창공원앞,4085,3719,7804
20220226,7호선,가산디지털단지,12214,11223,23437
20220226,7호선,강남구청,8757,9644,18401
20220226,7호선,건대입구,8977,9066,18043
20220226,7호선,고속터미널,11692,8780,20472
20220226,7호선,공릉,7695,7558,15253
20220226,7호선,광명사거리,14409,14527,28936
20220226,7호선,군자,9427,7272,16699
20220226,7호선,굴포천,1,0,1
20220226,7호선,남구로,7233,7582,14815
20220226,7호선,남성,6521,6175,12696
20220226,7호선,내방,6816,6817,13633
20220226,7호선,노원,13977,13630,27607
20220226,7호선,논현,9615,10407,20022
20220226,7호선,대림,5904,6284,12188
20220226,7호선,도봉산,5061,6924,11985
20220226,7호선,뚝섬유원지,4695,4580,9275
20220226,7호선,마들,7738,7559,15297
20220226,7호선,먹골,6999,6927,13926
20220226,7호선,면목,9694,9482,19176
20220226,7호선,반포,3815,3600,7415
20220226,7호선,보라매,5506,5274,10780
20220226,7호선,사가정,10556,10509,21065
20220226,7호선,상도,6354,5998,12352
20220226,7호선,상동,1,0,1
20220226,7호선,상봉,11312,10818,22130
20220226,7호선,수락산,8288,8002,16290
20220226,7호선,숭실대입구,7016,7086,14102
20220226,7호선,신대방삼거리,10079,9513,19592
20220226,7호선,신풍,6954,6653,13607
20220226,7호선,어린이대공원,8133,7946,16079
20220226,7호선,온수,4881,4796,9677
20220226,7호선,용마산,3634,3801,7435
20220226,7호선,이수,10457,9562,20019
20220226,7호선,장승배기,5810,5541,11351
20220226,7호선,장암,1135,761,1896
20220226,7호선,중계,7695,7104,14799
20220226,7호선,중곡,6188,5974,12162
20220226,7호선,중화,6587,6360,12947
20220226,7호선,천왕,5675,5557,11232
20220226,7호선,철산,12481,12691,25172
20220226,7호선,청담,9774,10818,20592
20220226,7호선,태릉입구,5522,5135,10657
20220226,7호선,하계,10341,9658,19999
20220226,7호선,학동,9651,10136,19787
20220226,8호선,가락시장,4715,4733,9448
20220226,8호선,강동구청,5355,5394,10749
20220226,8호선,남위례,2436,2586,5022
20220226,8호선,남한산성입구,7902,7111,15013
20220226,8호선,단대오거리,6610,6435,13045
20220226,8호선,모란,3171,2715,5886
20220226,8호선,몽촌토성,3829,3744,7573
20220226,8호선,문정,7539,7658,15197
20220226,8호선,복정,5361,4541,9902
20220226,8호선,산성,3508,3481,6989
20220226,8호선,석촌,4948,6126,11074
20220226,8호선,송파,4360,4561,8921
20220226,8호선,수진,3790,3389,7179
20220226,8호선,신흥,3030,3245,6275
20220226,8호선,암사,10642,9853,20495
20220226,8호선,잠실,10614,11934,22548
20220226,8호선,장지,10430,9814,20244
20220226,8호선,천호,10462,12230,22692
20220226,9호선,가양,12011,11474,23485
20220226,9호선,개화,1085,927,2012
20220226,9호선,고속터미널,9594,14169,23763
20220226,9호선,공항시장,2022,2175,4197
20220226,9호선,구반포,920,973,1893
20220226,9호선,국회의사당,4254,4302,8556
20220226,9호선,김포공항,6751,11413,18164
20220226,9호선,노들,2682,2363,5045
20220226,9호선,노량진,17806,17422,35228
20220226,9호선,당산,11297,10478,21775
20220226,9호선,동작,1611,1146,2757
20220226,9호선,등촌,6399,6227,12626
20220226,9호선,마곡나루,7085,6747,13832
20220226,9호선,사평,2204,2111,4315
20220226,9호선,샛강,2152,2143,4295
20220226,9호선,선유도,3254,3043,6297
20220226,9호선,신논현,22669,22035,44704
20220226,9호선,신목동,1883,1676,3559
20220226,9호선,신반포,2302,2175,4477
20220226,9호선,신방화,4051,3932,7983
20220226,9호선,양천향교,4945,4842,9787
20220226,9호선,여의도,11254,10095,21349
20220226,9호선,염창,10084,9378,19462
20220226,9호선,증미,3505,3402,6907
20220226,9호선,흑석,4649,4676,9325
20220226,9호선2~3단계,둔촌오륜,466,514,980
20220226,9호선2~3단계,봉은사,10830,11270,22100
20220226,9호선2~3단계,삼성중앙,2663,2720,5383
20220226,9호선2~3단계,삼전,4474,4197,8671
20220226,9호선2~3단계,석촌,5681,4811,10492
20220226,9호선2~3단계,석촌고분,3767,3748,7515
20220226,9호선2~3단계,선정릉,3994,4477,8471
20220226,9호선2~3단계,송파나루,3756,3807,7563
20220226,9호선2~3단계,언주,5618,5523,11141
20220226,9호선2~3단계,올림픽공원,3173,3345,6518
20220226,9호선2~3단계,종합운동장,2457,2235,4692
20220226,9호선2~3단계,중앙보훈병원,4109,3870,7979
20220226,9호선2~3단계,한성백제,1630,1399,3029
20220226,경강선,경기광주,4289,4091,8380
20220226,경강선,곤지암,1497,1662,3159
20220226,경강선,부발,1761,1405,3166
20220226,경강선,삼동,1232,1174,2406
20220226,경강선,세종대왕릉,250,235,485
20220226,경강선,신둔도예촌,925,907,1832
20220226,경강선,여주,1626,1872,3498
20220226,경강선,이매,646,488,1134
20220226,경강선,이천,2154,2190,4344
20220226,경강선,초월,1862,1758,3620
20220226,경강선,판교,2610,2483,5093
20220226,경부선,가산디지털단지,5360,6840,12200
20220226,경부선,관악,4635,4484,9119
20220226,경부선,광명,2262,2019,4281
20220226,경부선,구로,11378,11675,23053
20220226,경부선,군포,3749,3419,7168
20220226,경부선,금정,15732,15844,31576
20220226,경부선,금천구청,6930,6895,13825
20220226,경부선,남영,5001,5313,10314
20220226,경부선,노량진,6389,5982,12371
20220226,경부선,당정,3329,3150,6479
20220226,경부선,대방,6854,6912,13766
20220226,경부선,독산,8010,7854,15864
20220226,경부선,두정,4245,4151,8396
20220226,경부선,명학,4449,4311,8760
20220226,경부선,병점,9840,9766,19606
20220226,경부선,서동탄,788,825,1613
20220226,경부선,서울역,5273,1741,7014
20220226,경부선,서정리,5758,4720,10478
20220226,경부선,석수,5506,5250,10756
20220226,경부선,성균관대,8732,8664,17396
20220226,경부선,성환,2358,2225,4583
20220226,경부선,세류,1953,1998,3951
20220226,경부선,세마,1813,1649,3462
20220226,경부선,송탄,4044,3562,7606
20220226,경부선,수원,30219,32621,62840
20220226,경부선,신길,4962,4267,9229
20220226,경부선,신도림,2699,2615,5314
20220226,경부선,안양,14335,14268,28603
20220226,경부선,영등포,33490,34448,67938
20220226,경부선,오산,7561,7081,14642
20220226,경부선,오산대,2268,2023,4291
20220226,경부선,용산,26840,28672,55512
20220226,경부선,의왕,4807,4611,9418
20220226,경부선,직산,532,541,1073
20220226,경부선,진위,875,743,1618
20220226,경부선,천안,4635,4961,9596
20220226,경부선,평택,10563,10304,20867
20220226,경부선,평택지제,2650,2491,5141
20220226,경부선,화서,4341,4391,8732
20220226,경원선,가능,4205,4199,8404
20220226,경원선,광운대,4853,4744,9597
20220226,경원선,녹양,2857,2789,5646
20220226,경원선,녹천,2736,2325,5061
20220226,경원선,덕계,1945,1820,3765
20220226,경원선,덕정,3346,3140,6486
20220226,경원선,도봉,3721,3717,7438
20220226,경원선,도봉산,6885,4494,11379
20220226,경원선,동두천,1305,1411,2716
20220226,경원선,동두천중앙,2032,2002,4034
20220226,경원선,망월사,4709,4934,9643
20220226,경원선,방학,6384,6265,12649
20220226,경원선,보산,1228,1205,2433
20220226,경원선,서빙고,1167,1163,2330
20220226,경원선,석계,5581,5877,11458
20220226,경원선,소요산,2316,2050,4366
20220226,경원선,신이문,5203,4820,10023
20220226,경원선,양주,5102,4805,9907
20220226,경원선,옥수,25,32,57
20220226,경원선,왕십리,10042,11670,21712
20220226,경원선,외대앞,5341,5194,10535
20220226,경원선,월계,4081,3822,7903
20220226,경원선,응봉,1236,1096,2332
20220226,경원선,의정부,14836,15516,30352
20220226,경원선,이촌,2245,1755,4000
20220226,경원선,지행,4365,4284,8649
20220226,경원선,청량리,12703,14078,26781
20220226,경원선,한남,2245,2112,4357
20220226,경원선,회룡,7949,8040,15989
20220226,경의선,가좌,3192,3083,6275
20220226,경의선,강매,1578,1469,3047
20220226,경의선,곡산,295,313,608
20220226,경의선,공덕,2326,1754,4080
20220226,경의선,금릉,2871,2759,5630
20220226,경의선,금촌,4578,4547,9125
20220226,경의선,능곡,2275,2324,4599
20220226,경의선,디지털미디어시티,1654,1496,3150
20220226,경의선,문산,3498,3310,6808
20220226,경의선,백마,3731,3657,7388
20220226,경의선,서강대,1390,1369,2759
20220226,경의선,서울역,1007,1099,2106
20220226,경의선,수색,1284,1275,2559
20220226,경의선,신촌,303,309,612
20220226,경의선,야당,4892,4880,9772
20220226,경의선,운정,3959,3735,7694
20220226,경의선,월롱,1487,1236,2723
20220226,경의선,일산,5034,4888,9922
20220226,경의선,임진강,18,9,27
20220226,경의선,탄현,4347,4165,8512
20220226,경의선,파주,697,498,1195
20220226,경의선,풍산,3417,3393,6810
20220226,경의선,행신,4093,4377,8470
20220226,경의선,홍대입구,1452,1839,3291
20220226,경의선,화전,909,853,1762
20220226,경의선,효창공원앞,1512,1656,3168
20220226,경인선,간석,3555,3514,7069
20220226,경인선,개봉,13922,13665,27587
20220226,경인선,구일,3816,3557,7373
20220226,경인선,도원,2967,3051,6018
20220226,경인선,도화,2625,2500,5125
20220226,경인선,동암,10304,10666,20970
20220226,경인선,동인천,9560,9412,18972
20220226,경인선,백운,4470,4474,8944
20220226,경인선,부개,5391,5139,10530
20220226,경인선,부천,24591,25258,49849
20220226,경인선,부평,24234,25793,50027
20220226,경인선,소사,6373,6137,12510
20220226,경인선,송내,14942,14817,29759
20220226,경인선,역곡,16687,16705,33392
20220226,경인선,오류동,7463,7012,14475
20220226,경인선,온수,3973,3698,7671
20220226,경인선,인천,2901,2526,5427
20220226,경인선,제물포,6204,6027,12231
20220226,경인선,주안,13282,11898,25180
20220226,경인선,중동,5593,5310,10903
20220226,경춘선,가평,1158,1259,2417
20220226,경춘선,갈매,1672,1461,3133
20220226,경춘선,강촌,367,394,761
20220226,경춘선,굴봉산,123,135,258
20220226,경춘선,금곡,904,851,1755
20220226,경춘선,김유정,294,306,600
20220226,경춘선,남춘천,1995,2075,4070
20220226,경춘선,대성리,360,412,772
20220226,경춘선,마석,2357,2332,4689
20220226,경춘선,백양리,260,202,462
20220226,경춘선,별내,1990,1883,3873
20220226,경춘선,사릉,1797,1723,3520
20220226,경춘선,상천,231,208,439
20220226,경춘선,신내,1052,1024,2076
20220226,경춘선,천마산,1086,1084,2170
20220226,경춘선,청평,1047,1192,2239
20220226,경춘선,춘천,1143,1091,2234
20220226,경춘선,퇴계원,2082,1964,4046
20220226,경춘선,평내호평,3496,3317,6813
20220226,공항철도 1호선,검암,3660,3799,7459
20220226,공항철도 1호선,계양,5752,5398,11150
20220226,공항철도 1호선,공덕,1357,2098,3455
20220226,공항철도 1호선,공항화물청사,1205,1199,2404
20220226,공항철도 1호선,김포공항,10800,5299,16099
20220226,공항철도 1호선,디지털미디어시티,4745,4292,9037
20220226,공항철도 1호선,마곡나루,2353,2652,5005
20220226,공항철도 1호선,서울역,5998,6269,12267
20220226,공항철도 1호선,영종,2388,2454,4842
20220226,공항철도 1호선,운서,5148,5147,10295
20220226,공항철도 1호선,인천공항1터미널,2884,3144,6028
20220226,공항철도 1호선,인천공항2터미널,1740,1708,3448
20220226,공항철도 1호선,청라국제도시,3206,3179,6385
20220226,공항철도 1호선,홍대입구,9529,9338,18867
20220226,과천선,경마공원,7879,7865,15744
20220226,과천선,과천,3692,3608,7300
20220226,과천선,대공원,2947,3139,6086
20220226,과천선,범계,16797,16438,33235
20220226,과천선,선바위,4104,3712,7816
20220226,과천선,인덕원,13222,13276,26498
20220226,과천선,정부과천청사,5135,5057,10192
20220226,과천선,평촌,7514,7218,14732
20220226,분당선,가천대,4318,4794,9112
20220226,분당선,강남구청,4857,6007,10864
20220226,분당선,개포동,2295,2300,4595
20220226,분당선,구룡,1204,1091,2295
20220226,분당선,구성,2740,2848,5588
20220226,분당선,기흥,5541,5267,10808
20220226,분당선,대모산입구,2892,2586,5478
20220226,분당선,도곡,4047,3703,7750
20220226,분당선,망포,7662,7250,14912
20220226,분당선,매교,1633,1667,3300
20220226,분당선,매탄권선,2864,2871,5735
20220226,분당선,모란,13732,13954,27686
20220226,분당선,미금,9313,9596,18909
20220226,분당선,보정,1371,1268,2639
20220226,분당선,상갈,3107,3136,6243
20220226,분당선,서울숲,5746,5830,11576
20220226,분당선,서현,17033,16922,33955
20220226,분당선,선릉,4447,6896,11343
20220226,분당선,선정릉,2990,3071,6061
20220226,분당선,수내,7679,7144,14823
20220226,분당선,수서,8743,9441,18184
20220226,분당선,수원,6144,5185,11329
20220226,분당선,수원시청,9644,10116,19760
20220226,분당선,신갈,2240,2263,4503
20220226,분당선,압구정로데오,17158,18722,35880
20220226,분당선,야탑,15362,15926,31288
20220226,분당선,영통,5743,5523,11266
20220226,분당선,오리,6523,5445,11968
20220226,분당선,이매,3438,3314,6752
20220226,분당선,정자,9113,9279,18392
20220226,분당선,죽전,8340,9480,17820
20220226,분당선,청명,2307,2274,4581
20220226,분당선,태평,9391,8988,18379
20220226,분당선,한티,11186,10894,22080
20220226,수인선,고색,2557,2449,5006
20220226,수인선,남동인더스파크,998,1017,2015
20220226,수인선,달월,48,44,92
20220226,수인선,사리,2817,2366,5183
20220226,수인선,소래포구,3824,3907,7731
20220226,수인선,송도,1651,1557,3208
20220226,수인선,숭의,2376,2116,4492
20220226,수인선,신포,1083,1187,2270
20220226,수인선,야목,215,159,374
20220226,수인선,어천,555,518,1073
20220226,수인선,연수,3265,3287,6552
20220226,수인선,오목천,1773,1602,3375
20220226,수인선,원인재,3157,3264,6421
20220226,수인선,월곶,1757,1682,3439
20220226,수인선,인천,831,1311,2142
20220226,수인선,인천논현,3701,3834,7535
20220226,수인선,인하대,3761,3526,7287
20220226,수인선,호구포,2118,2106,4224
20220226,안산선,고잔,5350,5277,10627
20220226,안산선,대야미,3149,2840,5989
20220226,안산선,반월,2798,2575,5373
20220226,안산선,산본,10143,10892,21035
20220226,안산선,상록수,10245,10383,20628
20220226,안산선,수리산,2393,2086,4479
20220226,안산선,신길온천,1127,1069,2196
20220226,안산선,안산,7481,7733,15214
20220226,안산선,오이도,5742,5788,11530
20220226,안산선,정왕,5335,5396,10731
20220226,안산선,중앙,12519,13087,25606
20220226,안산선,초지,2625,2628,5253
20220226,안산선,한대앞,5732,5793,11525
20220226,우이신설선,4.19민주묘지,1968,1737,3705
20220226,우이신설선,가오리,2566,2553,5119
20220226,우이신설선,보문,979,980,1959
20220226,우이신설선,북한산보국문,4115,3816,7931
20220226,우이신설선,북한산우이,2179,2283,4462
20220226,우이신설선,삼양,1386,1476,2862
20220226,우이신설선,삼양사거리,1654,1628,3282
20220226,우이신설선,성신여대입구,2412,2723,5135
20220226,우이신설선,솔밭공원,1528,1422,2950
20220226,우이신설선,솔샘,3321,3034,6355
20220226,우이신설선,신설동,1301,1287,2588
20220226,우이신설선,정릉,3139,2577,5716
20220226,우이신설선,화계,2151,2029,4180
20220226,일산선,대곡,1067,835,1902
20220226,일산선,대화,6939,6568,13507
20220226,일산선,마두,4175,4293,8468
20220226,일산선,백석,6335,6344,12679
20220226,일산선,삼송,11724,11644,23368
20220226,일산선,원당,6707,6445,13152
20220226,일산선,원흥,6087,5916,12003
20220226,일산선,정발산,5903,6025,11928
20220226,일산선,주엽,5474,5494,10968
20220226,일산선,화정,10850,11356,22206
20220226,장항선,배방,847,737,1584
20220226,장항선,봉명,667,584,1251
20220226,장항선,신창,843,947,1790
20220226,장항선,쌍용,1292,1145,2437
20220226,장항선,아산,2335,2205,4540
20220226,장항선,온양온천,2983,3059,6042
20220226,장항선,탕정,432,392,824
20220226,중앙선,구리,8259,8484,16743
20220226,중앙선,국수,441,477,918
20220226,중앙선,덕소,3695,3710,7405
20220226,중앙선,도농,5670,5508,11178
20220226,중앙선,도심,1177,1007,2184
20220226,중앙선,망우,5249,5396,10645
20220226,중앙선,상봉,4083,4097,8180
20220226,중앙선,신원,183,154,337
20220226,중앙선,아신,368,384,752
20220226,중앙선,양수,1376,1418,2794
20220226,중앙선,양원,1449,1393,2842
20220226,중앙선,양정,435,381,816
20220226,중앙선,양평,1945,2076,4021
20220226,중앙선,오빈,181,189,370
20220226,중앙선,용문,1321,1463,2784
20220226,중앙선,운길산,697,667,1364
20220226,중앙선,원덕,241,255,496
20220226,중앙선,중랑,3661,3606,7267
20220226,중앙선,지평,28,36,64
20220226,중앙선,팔당,916,974,1890
20220226,중앙선,회기,16953,16287,33240
20220227,1호선,동대문,7794,8256,16050
20220227,1호선,동묘앞,11213,11392,22605
20220227,1호선,서울역,21220,19479,40699
20220227,1호선,시청,6975,6898,13873
20220227,1호선,신설동,7069,6949,14018
20220227,1호선,제기동,8911,9282,18193
20220227,1호선,종각,11166,9716,20882
20220227,1호선,종로3가,12266,10969,23235
20220227,1호선,종로5가,8070,7938,16008
20220227,1호선,청량리,11597,11864,23461
20220227,2호선,강남,30527,29407,59934
20220227,2호선,강변,16638,16456,33094
20220227,2호선,건대입구,23569,24069,47638
20220227,2호선,교대,9358,10243,19601
20220227,2호선,구로디지털단지,20228,19979,40207
20220227,2호선,구의,10247,10405,20652
20220227,2호선,낙성대,13912,14044,27956
20220227,2호선,당산,7293,8049,15342
20220227,2호선,대림,12463,12534,24997
20220227,2호선,도림천,416,407,823
20220227,2호선,동대문역사문화공원,6664,8099,14763
20220227,2호선,뚝섬,9457,9609,19066
20220227,2호선,문래,7216,7438,14654
20220227,2호선,방배,5792,6154,11946
20220227,2호선,봉천,10831,10440,21271
20220227,2호선,사당,18450,20369,38819
20220227,2호선,삼성,20654,20356,41010
20220227,2호선,상왕십리,6203,6261,12464
20220227,2호선,서울대입구,24215,24763,48978
20220227,2호선,서초,9729,8927,18656
20220227,2호선,선릉,11906,10200,22106
20220227,2호선,성수,12804,13874,26678
20220227,2호선,시청,5622,4825,10447
20220227,2호선,신답,644,691,1335
20220227,2호선,신당,7137,7735,14872
20220227,2호선,신대방,13168,13045,26213
20220227,2호선,신도림,23142,23623,46765
20220227,2호선,신림,33965,33011,66976
20220227,2호선,신설동,2959,3082,6041
20220227,2호선,신정네거리,4450,4484,8934
20220227,2호선,신촌,19522,18726,38248
20220227,2호선,아현,4603,4665,9268
20220227,2호선,양천구청,2791,2922,5713
20220227,2호선,역삼,11174,12348,23522
20220227,2호선,영등포구청,6908,7173,14081
20220227,2호선,왕십리,8322,7318,15640
20220227,2호선,용답,1538,1563,3101
20220227,2호선,용두,993,974,1967
20220227,2호선,을지로3가,6902,6568,13470
20220227,2호선,을지로4가,3126,3044,6170
20220227,2호선,을지로입구,13599,12688,26287
20220227,2호선,이대,6790,7575,14365
20220227,2호선,잠실,40936,38328,79264
20220227,2호선,잠실나루,4375,4436,8811
20220227,2호선,잠실새내,9514,9764,19278
20220227,2호선,종합운동장,3931,3887,7818
20220227,2호선,충정로,3465,3831,7296
20220227,2호선,한양대,2363,2550,4913
20220227,2호선,합정,17962,18703,36665
20220227,2호선,홍대입구,43505,43068,86573
20220227,3호선,가락시장,3133,3309,6442
20220227,3호선,경복궁,11135,11175,22310
20220227,3호선,경찰병원,2271,2382,4653
20220227,3호선,고속터미널,31987,30119,62106
20220227,3호선,교대,3798,2411,6209
20220227,3호선,구파발,9719,9805,19524
20220227,3호선,금호,3589,3528,7117
20220227,3호선,남부터미널,12153,12530,24683
20220227,3호선,녹번,6251,5783,12034
20220227,3호선,대청,3767,3668,7435
20220227,3호선,대치,5454,4741,10195
20220227,3호선,도곡,1573,1691,3264
20220227,3호선,독립문,4169,4554,8723
20220227,3호선,동대입구,5438,5854,11292
20220227,3호선,매봉,3509,3381,6890
20220227,3호선,무악재,1535,1813,3348
20220227,3호선,불광,8652,10016,18668
20220227,3호선,수서,8857,8647,17504
20220227,3호선,신사,12982,12915,25897
20220227,3호선,안국,9305,10078,19383
20220227,3호선,압구정,12376,12869,25245
20220227,3호선,약수,5631,5467,11098
20220227,3호선,양재,11763,13172,24935
20220227,3호선,연신내,19190,17748,36938
20220227,3호선,오금,2416,2298,4714
20220227,3호선,옥수,4511,4433,8944
20220227,3호선,을지로3가,2858,2673,5531
20220227,3호선,일원,2823,2995,5818
20220227,3호선,잠원,1861,1888,3749
20220227,3호선,종로3가,3563,4413,7976
20220227,3호선,지축,1955,1830,3785
20220227,3호선,학여울,1406,1535,2941
20220227,3호선,홍제,8189,7995,16184
20220227,4호선,길음,9186,9089,18275
20220227,4호선,남태령,776,533,1309
20220227,4호선,노원,10533,11266,21799
20220227,4호선,당고개,6770,6401,13171
20220227,4호선,동대문,5814,6514,12328
20220227,4호선,동대문역사문화공원,7699,7396,15095
20220227,4호선,동작,1174,1317,2491
20220227,4호선,명동,9638,9771,19409
20220227,4호선,미아,7008,6786,13794
20220227,4호선,미아사거리,14040,13349,27389
20220227,4호선,사당,12723,11723,24446
20220227,4호선,삼각지,2105,2849,4954
20220227,4호선,상계,9197,8645,17842
20220227,4호선,서울역,3634,8102,11736
20220227,4호선,성신여대입구,10931,10473,21404
20220227,4호선,수유,18099,17419,35518
20220227,4호선,숙대입구,6520,6245,12765
20220227,4호선,신용산,6566,6666,13232
20220227,4호선,쌍문,13932,12635,26567
20220227,4호선,이촌,4476,5012,9488
20220227,4호선,창동,14029,14560,28589
20220227,4호선,총신대입구,9058,9887,18945
20220227,4호선,충무로,7343,7309,14652
20220227,4호선,한성대입구,6680,6756,13436
20220227,4호선,혜화,19694,20393,40087
20220227,4호선,회현,7663,8012,15675
20220227,5호선,강동,7945,7782,15727
20220227,5호선,강일,1829,1769,3598
20220227,5호선,개롱,2576,2832,5408
20220227,5호선,개화산,2379,2511,4890
20220227,5호선,거여,3930,3819,7749
20220227,5호선,고덕,3724,3695,7419
20220227,5호선,공덕,3998,3967,7965
20220227,5호선,광나루,6737,6690,13427
20220227,5호선,광화문,10206,9939,20145
20220227,5호선,군자,5351,5776,11127
20220227,5호선,굽은다리,4495,4187,8682
20220227,5호선,길동,3699,3938,7637
20220227,5호선,김포공항,6211,5869,12080
20220227,5호선,까치산,13686,13498,27184
20220227,5호선,답십리,6564,6178,12742
20220227,5호선,동대문역사문화공원,612,804,1416
20220227,5호선,둔촌동,4002,4113,8115
20220227,5호선,마곡,3249,3303,6552
20220227,5호선,마장,2466,2481,4947
20220227,5호선,마천,3247,3422,6669
20220227,5호선,마포,4196,4263,8459
20220227,5호선,명일,4143,4206,8349
20220227,5호선,목동,6715,6788,13503
20220227,5호선,미사,7444,7444,14888
20220227,5호선,발산,8426,8846,17272
20220227,5호선,방이,3270,3161,6431
20220227,5호선,방화,3066,3064,6130
20220227,5호선,상일동,5577,5564,11141
20220227,5호선,서대문,4597,4488,9085
20220227,5호선,송정,3250,3152,6402
20220227,5호선,신금호,2573,2799,5372
20220227,5호선,신길,1729,1913,3642
20220227,5호선,신정,5477,5040,10517
20220227,5호선,아차산,9684,9599,19283
20220227,5호선,애오개,2267,2291,4558
20220227,5호선,양평,2261,2245,4506
20220227,5호선,여의나루,7285,8541,15826
20220227,5호선,여의도,8116,7975,16091
20220227,5호선,영등포구청,1166,1139,2305
20220227,5호선,영등포시장,5027,5231,10258
20220227,5호선,오금,1470,1457,2927
20220227,5호선,오목교,10252,10512,20764
20220227,5호선,올림픽공원,2012,1733,3745
20220227,5호선,왕십리,2181,2511,4692
20220227,5호선,우장산,5895,6055,11950
20220227,5호선,을지로4가,1343,1524,2867
20220227,5호선,장한평,6699,6712,13411
20220227,5호선,종로3가,7610,7037,14647
20220227,5호선,천호,11105,10105,21210
20220227,5호선,청구,1622,1507,3129
20220227,5호선,충정로,1311,1286,2597
20220227,5호선,하남검단산,4072,4090,8162
20220227,5호선,하남시청,3325,3315,6640
20220227,5호선,하남풍산,1814,1796,3610
20220227,5호선,행당,3535,3262,6797
20220227,5호선,화곡,12245,11719,23964
20220227,6호선,고려대,4008,4130,8138
20220227,6호선,공덕,5969,5652,11621
20220227,6호선,광흥창,3597,3621,7218
20220227,6호선,구산,3332,2580,5912
20220227,6호선,녹사평,3330,3320,6650
20220227,6호선,대흥,3650,3651,7301
20220227,6호선,독바위,1349,1712,3061
20220227,6호선,돌곶이,4568,4258,8826
20220227,6호선,동묘앞,5500,5339,10839
20220227,6호선,디지털미디어시티,4301,4594,8895
20220227,6호선,마포구청,6364,5845,12209
20220227,6호선,망원,8553,9170,17723
20220227,6호선,버티고개,897,997,1894
20220227,6호선,보문,3443,3241,6684
20220227,6호선,봉화산,3354,3315,6669
20220227,6호선,불광,2659,2477,5136
20220227,6호선,삼각지,3164,2431,5595
20220227,6호선,상수,5646,6253,11899
20220227,6호선,상월곡,2777,2499,5276
20220227,6호선,새절,5533,5323,10856
20220227,6호선,석계,5730,6262,11992
20220227,6호선,신당,4214,4626,8840
20220227,6호선,안암,5218,5451,10669
20220227,6호선,약수,1573,1581,3154
20220227,6호선,역촌,1826,2130,3956
20220227,6호선,월곡,4834,4708,9542
20220227,6호선,월드컵경기장,2654,2697,5351
20220227,6호선,응암,7770,7975,15745
20220227,6호선,이태원,8357,8126,16483
20220227,6호선,증산,4913,4948,9861
20220227,6호선,창신,1536,1326,2862
20220227,6호선,청구,1517,1478,2995
20220227,6호선,태릉입구,2745,2829,5574
20220227,6호선,한강진,5956,6816,12772
20220227,6호선,합정,8485,7344,15829
20220227,6호선,화랑대,4712,4147,8859
20220227,6호선,효창공원앞,3116,2920,6036
20220227,7호선,가산디지털단지,8889,8042,16931
20220227,7호선,강남구청,5031,5404,10435
20220227,7호선,건대입구,6700,6601,13301
20220227,7호선,고속터미널,9249,6512,15761
20220227,7호선,공릉,5805,6029,11834
20220227,7호선,광명사거리,10893,10663,21556
20220227,7호선,군자,6544,5305,11849
20220227,7호선,까치울,1,0,1
20220227,7호선,남구로,5497,5404,10901
20220227,7호선,남성,4716,4793,9509
20220227,7호선,내방,4472,4638,9110
20220227,7호선,노원,10210,9973,20183
20220227,7호선,논현,5354,5774,11128
20220227,7호선,대림,5391,5194,10585
20220227,7호선,도봉산,4528,6756,11284
20220227,7호선,뚝섬유원지,5403,5136,10539
20220227,7호선,마들,5317,5037,10354
20220227,7호선,먹골,4824,4695,9519
20220227,7호선,면목,7101,6911,14012
20220227,7호선,반포,2353,2369,4722
20220227,7호선,보라매,3772,3629,7401
20220227,7호선,사가정,7858,7678,15536
20220227,7호선,상도,4792,4845,9637
20220227,7호선,상동,1,0,1
20220227,7호선,상봉,8074,7491,15565
20220227,7호선,수락산,7320,7152,14472
20220227,7호선,숭실대입구,5048,5339,10387
20220227,7호선,신대방삼거리,7078,6924,14002
20220227,7호선,신풍,5069,4788,9857
20220227,7호선,어린이대공원,6583,6606,13189
20220227,7호선,온수,3373,3363,6736
20220227,7호선,용마산,3062,3320,6382
20220227,7호선,이수,7037,6578,13615
20220227,7호선,장승배기,3976,3858,7834
20220227,7호선,장암,1216,838,2054
20220227,7호선,중계,5669,5309,10978
20220227,7호선,중곡,4659,4554,9213
20220227,7호선,중화,4989,4961,9950
20220227,7호선,천왕,4396,4214,8610
20220227,7호선,철산,8996,8920,17916
20220227,7호선,청담,6192,6505,12697
20220227,7호선,태릉입구,4197,3986,8183
20220227,7호선,하계,8023,7548,15571
20220227,7호선,학동,5459,5680,11139
20220227,8호선,가락시장,2730,3321,6051
20220227,8호선,강동구청,3877,4023,7900
20220227,8호선,남위례,1772,1877,3649
20220227,8호선,남한산성입구,5986,5574,11560
20220227,8호선,단대오거리,4815,4648,9463
20220227,8호선,모란,2328,1914,4242
20220227,8호선,몽촌토성,2886,2802,5688
20220227,8호선,문정,5119,5387,10506
20220227,8호선,복정,4036,3722,7758
20220227,8호선,산성,2683,2769,5452
20220227,8호선,석촌,3619,4344,7963
20220227,8호선,송파,3012,3178,6190
20220227,8호선,수진,2703,2457,5160
20220227,8호선,신흥,2319,2526,4845
20220227,8호선,암사,7651,7285,14936
20220227,8호선,잠실,8273,9431,17704
20220227,8호선,장지,7819,8000,15819
20220227,8호선,천호,7655,8875,16530
20220227,9호선,가양,8673,8464,17137
20220227,9호선,개화,894,891,1785
20220227,9호선,고속터미널,7870,10744,18614
20220227,9호선,공항시장,1544,1696,3240
20220227,9호선,구반포,432,430,862
20220227,9호선,국회의사당,4152,4025,8177
20220227,9호선,김포공항,6305,10078,16383
20220227,9호선,노들,2254,2027,4281
20220227,9호선,노량진,13121,13758,26879
20220227,9호선,당산,7761,7602,15363
20220227,9호선,동작,1726,1227,2953
20220227,9호선,등촌,4436,4591,9027
20220227,9호선,마곡나루,5078,4983,10061
20220227,9호선,사평,1291,1386,2677
20220227,9호선,샛강,1450,1553,3003
20220227,9호선,선유도,2467,2517,4984
20220227,9호선,신논현,13684,13059,26743
20220227,9호선,신목동,1434,1257,2691
20220227,9호선,신반포,1486,1641,3127
20220227,9호선,신방화,2952,2856,5808
20220227,9호선,양천향교,3553,3742,7295
20220227,9호선,여의도,8780,7923,16703
20220227,9호선,염창,7369,7329,14698
20220227,9호선,증미,2089,2156,4245
20220227,9호선,흑석,3490,3734,7224
20220227,9호선2~3단계,둔촌오륜,411,396,807
20220227,9호선2~3단계,봉은사,8571,9171,17742
20220227,9호선2~3단계,삼성중앙,1723,1855,3578
20220227,9호선2~3단계,삼전,3177,3064,6241
20220227,9호선2~3단계,석촌,4041,3672,7713
20220227,9호선2~3단계,석촌고분,2680,2640,5320
20220227,9호선2~3단계,선정릉,2543,2828,5371
20220227,9호선2~3단계,송파나루,2615,2835,5450
20220227,9호선2~3단계,언주,3349,3355,6704
20220227,9호선2~3단계,올림픽공원,2732,2819,5551
20220227,9호선2~3단계,종합운동장,1814,1662,3476
20220227,9호선2~3단계,중앙보훈병원,3017,2788,5805
20220227,9호선2~3단계,한성백제,1201,1088,2289
20220227,경강선,경기광주,3229,3147,6376
20220227,경강선,곤지암,1317,1298,2615
20220227,경강선,부발,1166,1625,2791
20220227,경강선,삼동,944,911,1855
20220227,경강선,세종대왕릉,247,228,475
20220227,경강선,신둔도예촌,699,693,1392
20220227,경강선,여주,1560,1569,3129
20220227,경강선,이매,535,404,939
20220227,경강선,이천,1732,1882,3614
20220227,경강선,초월,1285,1281,2566
20220227,경강선,판교,2142,1997,4139
20220227,경부선,가산디지털단지,3984,5401,9385
20220227,경부선,관악,4060,3743,7803
20220227,경부선,광명,1933,1587,3520
20220227,경부선,구로,7837,7933,15770
20220227,경부선,군포,2592,2506,5098
20220227,경부선,금정,11744,12059,23803
20220227,경부선,금천구청,5431,5309,10740
20220227,경부선,남영,3986,4111,8097
20220227,경부선,노량진,4935,4805,9740
20220227,경부선,당정,2594,2558,5152
20220227,경부선,대방,4895,5236,10131
20220227,경부선,독산,5369,5377,10746
20220227,경부선,두정,3583,3800,7383
20220227,경부선,명학,3111,3065,6176
20220227,경부선,병점,7686,8298,15984
20220227,경부선,서동탄,605,604,1209
20220227,경부선,서울역,5754,1376,7130
20220227,경부선,서정리,3796,5302,9098
20220227,경부선,석수,4464,4415,8879
20220227,경부선,성균관대,6554,7213,13767
20220227,경부선,성환,1883,2132,4015
20220227,경부선,세류,1579,1575,3154
20220227,경부선,세마,1321,1284,2605
20220227,경부선,송탄,3086,3485,6571
20220227,경부선,수원,26476,26000,52476
20220227,경부선,신길,4039,3482,7521
20220227,경부선,신도림,1995,1859,3854
20220227,경부선,안양,11412,11007,22419
20220227,경부선,영등포,27964,26763,54727
20220227,경부선,오산,6295,6453,12748
20220227,경부선,오산대,1687,1587,3274
20220227,경부선,용산,24497,22720,47217
20220227,경부선,의왕,3598,3578,7176
20220227,경부선,직산,449,505,954
20220227,경부선,진위,696,661,1357
20220227,경부선,천안,4684,4603,9287
20220227,경부선,평택,8833,9235,18068
20220227,경부선,평택지제,1929,1809,3738
20220227,경부선,화서,3390,3288,6678
20220227,경원선,가능,3281,3105,6386
20220227,경원선,광운대,3856,3949,7805
20220227,경원선,녹양,2317,2223,4540
20220227,경원선,녹천,2416,2061,4477
20220227,경원선,덕계,1451,1381,2832
20220227,경원선,덕정,2768,2919,5687
20220227,경원선,도봉,3085,2896,5981
20220227,경원선,도봉산,8080,5760,13840
20220227,경원선,동두천,1043,1342,2385
20220227,경원선,동두천중앙,1831,1715,3546
20220227,경원선,망월사,3860,4117,7977
20220227,경원선,방학,5250,5181,10431
20220227,경원선,보산,1082,1031,2113
20220227,경원선,서빙고,1181,1205,2386
20220227,경원선,석계,4209,4673,8882
20220227,경원선,소요산,3126,2763,5889
20220227,경원선,신이문,4046,3810,7856
20220227,경원선,양주,4174,4071,8245
20220227,경원선,옥수,43,37,80
20220227,경원선,왕십리,7987,8924,16911
20220227,경원선,외대앞,4295,4302,8597
20220227,경원선,월계,3305,3044,6349
20220227,경원선,응봉,950,864,1814
20220227,경원선,의정부,12212,12278,24490
20220227,경원선,이촌,1921,1502,3423
20220227,경원선,지행,3593,3549,7142
20220227,경원선,청량리,11590,10989,22579
20220227,경원선,한남,1701,1662,3363
20220227,경원선,회룡,6463,6442,12905
20220227,경의선,가좌,2447,2509,4956
20220227,경의선,강매,1243,1191,2434
20220227,경의선,곡산,298,292,590
20220227,경의선,공덕,1599,1202,2801
20220227,경의선,금릉,2369,2278,4647
20220227,경의선,금촌,3489,3555,7044
20220227,경의선,능곡,1909,1899,3808
20220227,경의선,디지털미디어시티,1080,1059,2139
20220227,경의선,문산,2744,2840,5584
20220227,경의선,백마,2860,2823,5683
20220227,경의선,서강대,1075,1036,2111
20220227,경의선,서울역,776,849,1625
20220227,경의선,수색,806,847,1653
20220227,경의선,신촌,255,275,530
20220227,경의선,야당,3928,3837,7765
20220227,경의선,운정,3005,3047,6052
20220227,경의선,월롱,772,1426,2198
20220227,경의선,일산,3878,3769,7647
20220227,경의선,임진강,45,30,75
20220227,경의선,탄현,3554,3352,6906
20220227,경의선,파주,515,430,945
20220227,경의선,풍산,3005,2843,5848
20220227,경의선,행신,3644,3436,7080
20220227,경의선,홍대입구,1376,1632,3008
20220227,경의선,화전,779,748,1527
20220227,경의선,효창공원앞,1220,1275,2495
20220227,경인선,간석,2592,2558,5150
20220227,경인선,개봉,10117,9877,19994
20220227,경인선,구일,2742,2728,5470
20220227,경인선,도원,1277,1323,2600
20220227,경인선,도화,2010,1840,3850
20220227,경인선,동암,8077,7885,15962
20220227,경인선,동인천,7973,7736,15709
20220227,경인선,백운,3240,3263,6503
20220227,경인선,부개,3913,3791,7704
20220227,경인선,부천,18324,18051,36375
20220227,경인선,부평,18929,19340,38269
20220227,경인선,소사,4711,4436,9147
20220227,경인선,송내,10907,10808,21715
20220227,경인선,역곡,12358,12280,24638
20220227,경인선,오류동,6213,5801,12014
20220227,경인선,온수,3067,3006,6073
20220227,경인선,인천,3519,2949,6468
20220227,경인선,제물포,4777,4602,9379
20220227,경인선,주안,10172,8913,19085
20220227,경인선,중동,4213,4011,8224
20220227,경춘선,가평,1305,1239,2544
20220227,경춘선,갈매,1217,1156,2373
20220227,경춘선,강촌,513,471,984
20220227,경춘선,굴봉산,147,180,327
20220227,경춘선,금곡,773,753,1526
20220227,경춘선,김유정,413,423,836
20220227,경춘선,남춘천,2466,2567,5033
20220227,경춘선,대성리,525,407,932
20220227,경춘선,마석,2053,2026,4079
20220227,경춘선,백양리,424,300,724
20220227,경춘선,별내,1578,1454,3032
20220227,경춘선,사릉,1411,1415,2826
20220227,경춘선,상천,225,187,412
20220227,경춘선,신내,815,801,1616
20220227,경춘선,천마산,976,953,1929
20220227,경춘선,청평,1191,1063,2254
20220227,경춘선,춘천,1176,1024,2200
20220227,경춘선,퇴계원,1683,1620,3303
20220227,경춘선,평내호평,3004,2827,5831
20220227,공항철도 1호선,검암,2993,3084,6077
20220227,공항철도 1호선,계양,4444,4342,8786
20220227,공항철도 1호선,공덕,1017,1367,2384
20220227,공항철도 1호선,공항화물청사,892,955,1847
20220227,공항철도 1호선,김포공항,10195,5152,15347
20220227,공항철도 1호선,디지털미디어시티,3116,3095,6211
20220227,공항철도 1호선,마곡나루,1977,2171,4148
20220227,공항철도 1호선,서울역,5997,5252,11249
20220227,공항철도 1호선,영종,2179,2128,4307
20220227,공항철도 1호선,운서,4545,4772,9317
20220227,공항철도 1호선,인천공항1터미널,3119,3400,6519
20220227,공항철도 1호선,인천공항2터미널,1576,1537,3113
20220227,공항철도 1호선,청라국제도시,2562,2557,5119
20220227,공항철도 1호선,홍대입구,8805,8148,16953
20220227,과천선,경마공원,8597,8640,17237
20220227,과천선,과천,3075,2933,6008
20220227,과천선,대공원,3808,3882,7690
20220227,과천선,범계,12854,12488,25342
20220227,과천선,선바위,3375,3139,6514
20220227,과천선,인덕원,10541,10348,20889
20220227,과천선,정부과천청사,3966,4132,8098
20220227,과천선,평촌,5390,5202,10592
20220227,분당선,가천대,3633,4135,7768
20220227,분당선,강남구청,3079,3610,6689
20220227,분당선,개포동,1579,1640,3219
20220227,분당선,구룡,700,712,1412
20220227,분당선,구성,2028,2227,4255
20220227,분당선,기흥,4193,4076,8269
20220227,분당선,대모산입구,1912,1897,3809
20220227,분당선,도곡,2151,2160,4311
20220227,분당선,망포,5354,5489,10843
20220227,분당선,매교,1268,1290,2558
20220227,분당선,매탄권선,2092,2078,4170
20220227,분당선,모란,9794,9985,19779
20220227,분당선,미금,6320,6774,13094
20220227,분당선,보정,906,868,1774
20220227,분당선,상갈,2363,2402,4765
20220227,분당선,서울숲,5170,5196,10366
20220227,분당선,서현,13755,13511,27266
20220227,분당선,선릉,2457,3758,6215
20220227,분당선,선정릉,1818,1915,3733
20220227,분당선,수내,5289,5227,10516
20220227,분당선,수서,7240,6726,13966
20220227,분당선,수원,4903,4130,9033
20220227,분당선,수원시청,6402,6483,12885
20220227,분당선,신갈,1707,1729,3436
20220227,분당선,압구정로데오,10101,10929,21030
20220227,분당선,야탑,11451,11988,23439
20220227,분당선,영통,4047,4050,8097
20220227,분당선,오리,4687,3948,8635
20220227,분당선,이매,2777,2872,5649
20220227,분당선,정자,6485,6778,13263
20220227,분당선,죽전,6334,7165,13499
20220227,분당선,청명,1662,1683,3345
20220227,분당선,태평,7180,6761,13941
20220227,분당선,한티,7624,7248,14872
20220227,수인선,고색,1790,1793,3583
20220227,수인선,남동인더스파크,482,472,954
20220227,수인선,달월,33,43,76
20220227,수인선,사리,2239,1950,4189
20220227,수인선,소래포구,3845,3689,7534
20220227,수인선,송도,1378,1354,2732
20220227,수인선,숭의,1691,1584,3275
20220227,수인선,신포,973,958,1931
20220227,수인선,야목,139,140,279
20220227,수인선,어천,396,488,884
20220227,수인선,연수,2773,2789,5562
20220227,수인선,오목천,1328,1285,2613
20220227,수인선,원인재,2516,2572,5088
20220227,수인선,월곶,1488,1372,2860
20220227,수인선,인천,1059,1562,2621
20220227,수인선,인천논현,2400,2630,5030
20220227,수인선,인하대,3002,2901,5903
20220227,수인선,호구포,1621,1654,3275
20220227,안산선,고잔,3783,3706,7489
20220227,안산선,대야미,2471,2294,4765
20220227,안산선,반월,2106,2084,4190
20220227,안산선,산본,7648,7936,15584
20220227,안산선,상록수,7840,8019,15859
20220227,안산선,수리산,1810,1768,3578
20220227,안산선,신길온천,923,880,1803
20220227,안산선,안산,7833,7307,15140
20220227,안산선,오이도,4994,5117,10111
20220227,안산선,정왕,4438,4670,9108
20220227,안산선,중앙,10142,9917,20059
20220227,안산선,초지,1961,1957,3918
20220227,안산선,한대앞,4674,4437,9111
20220227,우이신설선,4.19민주묘지,1798,1609,3407
20220227,우이신설선,가오리,2005,1868,3873
20220227,우이신설선,보문,827,886,1713
20220227,우이신설선,북한산보국문,3438,3098,6536
20220227,우이신설선,북한산우이,2782,2933,5715
20220227,우이신설선,삼양,1094,1101,2195
20220227,우이신설선,삼양사거리,1406,1354,2760
20220227,우이신설선,성신여대입구,1965,2255,4220
20220227,우이신설선,솔밭공원,1201,1168,2369
20220227,우이신설선,솔샘,2507,2315,4822
20220227,우이신설선,신설동,1119,1113,2232
20220227,우이신설선,정릉,2452,2195,4647
20220227,우이신설선,화계,1883,1776,3659
20220227,일산선,대곡,913,787,1700
20220227,일산선,대화,5687,4960,10647
20220227,일산선,마두,2949,2988,5937
20220227,일산선,백석,4705,4646,9351
20220227,일산선,삼송,9577,9512,19089
20220227,일산선,원당,5256,5044,10300
20220227,일산선,원흥,4752,4607,9359
20220227,일산선,정발산,4798,4884,9682
20220227,일산선,주엽,4011,4006,8017
20220227,일산선,화정,8249,8599,16848
20220227,장항선,배방,674,763,1437
20220227,장항선,봉명,501,516,1017
20220227,장항선,신창,861,1275,2136
20220227,장항선,쌍용,979,1007,1986
20220227,장항선,아산,2352,1689,4041
20220227,장항선,온양온천,2762,2840,5602
20220227,장항선,탕정,330,320,650
20220227,중앙선,구리,6401,6710,13111
20220227,중앙선,국수,451,401,852
20220227,중앙선,덕소,2793,2884,5677
20220227,중앙선,도농,4283,4250,8533
20220227,중앙선,도심,1022,938,1960
20220227,중앙선,망우,4114,4063,8177
20220227,중앙선,상봉,3208,3179,6387
20220227,중앙선,신원,208,172,380
20220227,중앙선,아신,349,308,657
20220227,중앙선,양수,1386,1238,2624
20220227,중앙선,양원,1089,1094,2183
20220227,중앙선,양정,371,305,676
20220227,중앙선,양평,1707,1566,3273
20220227,중앙선,오빈,153,135,288
20220227,중앙선,용문,1466,1254,2720
20220227,중앙선,운길산,1000,890,1890
20220227,중앙선,원덕,284,219,503
20220227,중앙선,중랑,2889,2841,5730
20220227,중앙선,지평,43,42,85
20220227,중앙선,팔당,1180,1144,2324
20220227,중앙선,회기,14185,14270,28455
