사용일자,호선명,지하철역,승차총승객수,하차총승객수,승하차총승객수
20220702,1호선,동대문,11345,10621,21966
20220702,1호선,동묘앞,11336,11823,23159
20220702,1호선,서울역,43834,40499,84333
20220702,1호선,시청,17973,20576,38549
20220702,1호선,신설동,10573,9959,20532
20220702,1호선,제기동,16028,16351,32379
20220702,1호선,종각,23719,23169,46888
20220702,1호선,종로3가,25588,23944,49532
20220702,1호선,종로5가,21491,21399,42890
20220702,1호선,청량리,19125,19569,38694
20220702,2호선,강남,63384,63621,127005
20220702,2호선,강변,30949,31076,62025
20220702,2호선,건대입구,35471,40737,76208
20220702,2호선,교대,18301,20827,39128
20220702,2호선,구로디지털단지,36359,35311,71670
20220702,2호선,구의,16990,16092,33082
20220702,2호선,낙성대,22661,20255,42916
20220702,2호선,당산,12820,14036,26856
20220702,2호선,대림,18926,19949,38875
20220702,2호선,도림천,800,799,1599
20220702,2호선,동대문역사문화공원,11333,12950,24283
20220702,2호선,뚝섬,15068,15508,30576
20220702,2호선,문래,13728,14661,28389
20220702,2호선,방배,9961,10373,20334
20220702,2호선,봉천,18541,16772,35313
20220702,2호선,사당,35517,40195,75712
20220702,2호선,삼성,43455,43592,87047
20220702,2호선,상왕십리,10373,9722,20095
20220702,2호선,서울대입구,38939,37324,76263
20220702,2호선,서초,12188,10153,22341
20220702,2호선,선릉,26698,23309,50007
20220702,2호선,성수,24225,27843,52068
20220702,2호선,시청,14119,13204,27323
20220702,2호선,신답,1135,1106,2241
20220702,2호선,신당,11758,12164,23922
20220702,2호선,신대방,20804,19533,40337
20220702,2호선,신도림,41885,42715,84600
20220702,2호선,신림,50390,48426,98816
20220702,2호선,신설동,3713,3513,7226
20220702,2호선,신정네거리,8177,8018,16195
20220702,2호선,신촌,34079,34731,68810
20220702,2호선,아현,8466,7684,16150
20220702,2호선,양천구청,4629,4528,9157
20220702,2호선,역삼,19057,20987,40044
20220702,2호선,영등포구청,13163,13774,26937
20220702,2호선,왕십리,14036,12483,26519
20220702,2호선,용답,2248,2061,4309
20220702,2호선,용두,1758,1727,3485
20220702,2호선,을지로3가,14896,13449,28345
20220702,2호선,을지로4가,8843,9144,17987
20220702,2호선,을지로입구,29786,28174,57960
20220702,2호선,이대,11126,11632,22758
20220702,2호선,잠실,77460,74635,152095
20220702,2호선,잠실나루,8365,8008,16373
20220702,2호선,잠실새내,19929,20477,40406
20220702,2호선,종합운동장,22002,24476,46478
20220702,2호선,충정로,7472,6819,14291
20220702,2호선,한양대,4617,4707,9324
20220702,2호선,합정,30012,34607,64619
20220702,2호선,홍대입구,71992,82146,154138
20220702,3호선,가락시장,6548,6081,12629
20220702,3호선,경복궁,23243,25024,48267
20220702,3호선,경찰병원,4105,3847,7952
20220702,3호선,고속터미널,56960,57248,114208
20220702,3호선,교대,7584,4613,12197
20220702,3호선,구파발,17433,17577,35010
20220702,3호선,금호,6230,5573,11803
20220702,3호선,남부터미널,23309,22944,46253
20220702,3호선,녹번,11379,9817,21196
20220702,3호선,대청,6181,5732,11913
20220702,3호선,대치,8484,7908,16392
20220702,3호선,도곡,3342,3369,6711
20220702,3호선,독립문,6633,6536,13169
20220702,3호선,동대입구,7035,7843,14878
20220702,3호선,매봉,6712,6539,13251
20220702,3호선,무악재,3129,3002,6131
20220702,3호선,불광,13595,15517,29112
20220702,3호선,수서,14490,14363,28853
20220702,3호선,신사,25355,27062,52417
20220702,3호선,안국,20045,21025,41070
20220702,3호선,압구정,26357,28204,54561
20220702,3호선,약수,10016,9362,19378
20220702,3호선,양재,21293,23501,44794
20220702,3호선,연신내,30844,28894,59738
20220702,3호선,오금,4033,3661,7694
20220702,3호선,옥수,7353,7365,14718
20220702,3호선,을지로3가,6698,6776,13474
20220702,3호선,일원,5464,5309,10773
20220702,3호선,잠원,3569,3440,7009
20220702,3호선,종로3가,6834,10154,16988
20220702,3호선,지축,3691,3407,7098
20220702,3호선,충무로,1,0,1
20220702,3호선,학여울,1996,2075,4071
20220702,3호선,홍제,14128,13420,27548
20220702,4호선,길음,15918,14862,30780
20220702,4호선,남태령,1230,709,1939
20220702,4호선,노원,16605,18486,35091
20220702,4호선,당고개,7735,7133,14868
20220702,4호선,동대문,15106,15565,30671
20220702,4호선,동대문역사문화공원,13107,10997,24104
20220702,4호선,동작,1305,1449,2754
20220702,4호선,명동,19884,21307,41191
20220702,4호선,미아,11502,10528,22030
20220702,4호선,미아사거리,23168,22447,45615
20220702,4호선,사당,24187,21161,45348
20220702,4호선,삼각지,4582,5717,10299
20220702,4호선,상계,14281,13191,27472
20220702,4호선,서울역,8315,16847,25162
20220702,4호선,성신여대입구,17640,16884,34524
20220702,4호선,수유,27853,27881,55734
20220702,4호선,숙대입구,12437,11032,23469
20220702,4호선,신용산,13762,14692,28454
20220702,4호선,쌍문,22405,19895,42300
20220702,4호선,이촌,9065,10090,19155
20220702,4호선,창동,20896,21754,42650
20220702,4호선,총신대입구,15237,16582,31819
20220702,4호선,충무로,13969,15500,29469
20220702,4호선,한성대입구,11763,11160,22923
20220702,4호선,혜화,31754,33991,65745
20220702,4호선,회현,25279,23630,48909
20220702,5호선,강동,13926,13027,26953
20220702,5호선,강일,3269,3004,6273
20220702,5호선,개롱,4351,4551,8902
20220702,5호선,개화산,4070,3807,7877
20220702,5호선,거여,6852,6278,13130
20220702,5호선,고덕,6620,6365,12985
20220702,5호선,공덕,7811,8127,15938
20220702,5호선,광나루,11065,10360,21425
20220702,5호선,광화문,17699,18161,35860
20220702,5호선,군자,8636,9801,18437
20220702,5호선,굽은다리,7871,7480,15351
20220702,5호선,길동,6491,6656,13147
20220702,5호선,김포공항,8769,8716,17485
20220702,5호선,까치산,22020,20266,42286
20220702,5호선,답십리,11007,9732,20739
20220702,5호선,동대문역사문화공원,1275,1554,2829
20220702,5호선,둔촌동,6127,6053,12180
20220702,5호선,마곡,5919,5981,11900
20220702,5호선,마장,4032,3617,7649
20220702,5호선,마천,4999,5011,10010
20220702,5호선,마포,8062,8140,16202
20220702,5호선,명일,6591,6397,12988
20220702,5호선,목동,11759,11794,23553
20220702,5호선,미사,13161,13099,26260
20220702,5호선,발산,13611,14894,28505
20220702,5호선,방이,5408,5254,10662
20220702,5호선,방화,4985,4835,9820
20220702,5호선,상일동,10087,9261,19348
20220702,5호선,서대문,9328,7894,17222
20220702,5호선,송정,5447,5230,10677
20220702,5호선,신금호,4376,4466,8842
20220702,5호선,신길,2922,2923,5845
20220702,5호선,신정,9836,8158,17994
20220702,5호선,아차산,13355,12976,26331
20220702,5호선,애오개,4107,3838,7945
20220702,5호선,양평,3851,3501,7352
20220702,5호선,여의나루,12774,14627,27401
20220702,5호선,여의도,13318,14826,28144
20220702,5호선,영등포구청,2006,1974,3980
20220702,5호선,영등포시장,8941,9277,18218
20220702,5호선,오금,2060,1968,4028
20220702,5호선,오목교,17296,17894,35190
20220702,5호선,올림픽공원,3618,3289,6907
20220702,5호선,왕십리,3570,4536,8106
20220702,5호선,우장산,10426,10252,20678
20220702,5호선,을지로4가,3633,4035,7668
20220702,5호선,장한평,11958,11557,23515
20220702,5호선,종로3가,13858,14614,28472
20220702,5호선,천호,18508,17585,36093
20220702,5호선,청구,2645,2337,4982
20220702,5호선,충정로,2567,2025,4592
20220702,5호선,하남검단산,5939,5801,11740
20220702,5호선,하남시청,5914,5692,11606
20220702,5호선,하남풍산,3118,3088,6206
20220702,5호선,행당,5790,4915,10705
20220702,5호선,화곡,21415,19121,40536
20220702,6호선,고려대,5731,5392,11123
20220702,6호선,공덕,11282,10549,21831
20220702,6호선,광흥창,5741,5288,11029
20220702,6호선,구산,5719,4290,10009
20220702,6호선,녹사평,6340,6831,13171
20220702,6호선,대흥,5917,6087,12004
20220702,6호선,독바위,2256,2468,4724
20220702,6호선,돌곶이,6491,5781,12272
20220702,6호선,동묘앞,8094,7867,15961
20220702,6호선,디지털미디어시티,7871,8119,15990
20220702,6호선,마포구청,9856,8516,18372
20220702,6호선,망원,13218,14464,27682
20220702,6호선,버티고개,1644,1600,3244
20220702,6호선,보문,5429,4895,10324
20220702,6호선,봉화산,5820,5786,11606
20220702,6호선,불광,4127,3744,7871
20220702,6호선,삼각지,9757,5309,15066
20220702,6호선,상수,8776,11238,20014
20220702,6호선,상월곡,4259,3663,7922
20220702,6호선,새절,9161,8515,17676
20220702,6호선,석계,9075,8953,18028
20220702,6호선,신당,5183,4896,10079
20220702,6호선,안암,7137,6864,14001
20220702,6호선,약수,2697,2712,5409
20220702,6호선,역촌,2866,3210,6076
20220702,6호선,연신내,1,0,1
20220702,6호선,월곡,7710,7338,15048
20220702,6호선,월드컵경기장,4625,4874,9499
20220702,6호선,응암,13262,12972,26234
20220702,6호선,이태원,16805,21962,38767
20220702,6호선,증산,7795,7494,15289
20220702,6호선,창신,2398,2048,4446
20220702,6호선,청구,2403,2353,4756
20220702,6호선,태릉입구,4490,4649,9139
20220702,6호선,한강진,9961,12453,22414
20220702,6호선,합정,13379,13218,26597
20220702,6호선,화랑대,7098,5791,12889
20220702,6호선,효창공원앞,5207,4427,9634
20220702,7호선,가산디지털단지,15135,13648,28783
20220702,7호선,강남구청,10124,11506,21630
20220702,7호선,건대입구,12232,12660,24892
20220702,7호선,고속터미널,16449,12533,28982
20220702,7호선,공릉,9050,8916,17966
20220702,7호선,광명사거리,17508,17500,35008
20220702,7호선,군자,11382,8501,19883
20220702,7호선,남구로,8578,8980,17558
20220702,7호선,남성,8192,7367,15559
20220702,7호선,내방,8585,8553,17138
20220702,7호선,노원,17304,18085,35389
20220702,7호선,논현,10486,11331,21817
20220702,7호선,대림,7669,8321,15990
20220702,7호선,도봉산,6986,9434,16420
20220702,7호선,뚝섬유원지,10111,9149,19260
20220702,7호선,마들,9720,8809,18529
20220702,7호선,먹골,8178,7571,15749
20220702,7호선,면목,11465,10821,22286
20220702,7호선,반포,4785,4649,9434
20220702,7호선,보라매,5733,5488,11221
20220702,7호선,사가정,12743,12220,24963
20220702,7호선,상도,8346,7537,15883
20220702,7호선,상봉,14554,13734,28288
20220702,7호선,수락산,11179,10921,22100
20220702,7호선,숭실대입구,8692,8550,17242
20220702,7호선,신대방삼거리,11255,10286,21541
20220702,7호선,신풍,8780,8272,17052
20220702,7호선,어린이대공원,9605,9139,18744
20220702,7호선,온수,5857,5716,11573
20220702,7호선,용마산,4577,4504,9081
20220702,7호선,이수,13643,12812,26455
20220702,7호선,장승배기,6801,6335,13136
20220702,7호선,장암,1883,1423,3306
20220702,7호선,중계,9859,8575,18434
20220702,7호선,중곡,7264,6648,13912
20220702,7호선,중화,7911,7507,15418
20220702,7호선,천왕,7356,6888,14244
20220702,7호선,철산,15953,16146,32099
20220702,7호선,청담,12010,13228,25238
20220702,7호선,태릉입구,6991,6351,13342
20220702,7호선,하계,13112,12023,25135
20220702,7호선,학동,11044,11474,22518
20220702,8호선,가락시장,5586,5788,11374
20220702,8호선,강동구청,6383,6354,12737
20220702,8호선,남위례,3567,3733,7300
20220702,8호선,남한산성입구,9693,8340,18033
20220702,8호선,단대오거리,8006,7433,15439
20220702,8호선,모란,3919,3505,7424
20220702,8호선,몽촌토성,4295,4281,8576
20220702,8호선,문정,8982,8890,17872
20220702,8호선,복정,6384,5453,11837
20220702,8호선,산성,4267,4192,8459
20220702,8호선,석촌,6031,7280,13311
20220702,8호선,송파,6512,6259,12771
20220702,8호선,수진,4438,3867,8305
20220702,8호선,신흥,3776,4038,7814
20220702,8호선,암사,13218,11890,25108
20220702,8호선,잠실,15477,18471,33948
20220702,8호선,장지,13326,12356,25682
20220702,8호선,천호,12569,15119,27688
20220702,9호선,가양,15597,14690,30287
20220702,9호선,개화,1446,1205,2651
20220702,9호선,고속터미널,15487,22790,38277
20220702,9호선,공항시장,2496,2608,5104
20220702,9호선,구반포,1414,1528,2942
20220702,9호선,국회의사당,5065,5168,10233
20220702,9호선,김포공항,9103,12890,21993
20220702,9호선,노들,3881,3198,7079
20220702,9호선,노량진,21934,21627,43561
20220702,9호선,당산,13872,13255,27127
20220702,9호선,동작,1786,1522,3308
20220702,9호선,등촌,7924,7463,15387
20220702,9호선,마곡나루,8609,8564,17173
20220702,9호선,사평,2765,2516,5281
20220702,9호선,샛강,2969,2968,5937
20220702,9호선,선유도,4173,3764,7937
20220702,9호선,신논현,28043,28266,56309
20220702,9호선,신목동,2797,2212,5009
20220702,9호선,신반포,3262,3340,6602
20220702,9호선,신방화,5075,4743,9818
20220702,9호선,양천향교,6467,6142,12609
20220702,9호선,여의도,14749,14020,28769
20220702,9호선,염창,13085,11908,24993
20220702,9호선,증미,4359,4128,8487
20220702,9호선,흑석,6437,6414,12851
20220702,9호선2~3단계,둔촌오륜,715,669,1384
20220702,9호선2~3단계,봉은사,17460,19941,37401
20220702,9호선2~3단계,삼성중앙,3756,3870,7626
20220702,9호선2~3단계,삼전,5487,4965,10452
20220702,9호선2~3단계,석촌,7373,5996,13369
20220702,9호선2~3단계,석촌고분,4636,4378,9014
20220702,9호선2~3단계,선정릉,4974,5645,10619
20220702,9호선2~3단계,송파나루,4949,5463,10412
20220702,9호선2~3단계,언주,7061,6915,13976
20220702,9호선2~3단계,올림픽공원,9022,9107,18129
20220702,9호선2~3단계,종합운동장,5417,5042,10459
20220702,9호선2~3단계,중앙보훈병원,5261,4989,10250
20220702,9호선2~3단계,한성백제,2029,1746,3775
20220702,경강선,경기광주,6210,5762,11972
20220702,경강선,곤지암,2036,2150,4186
20220702,경강선,부발,2357,1891,4248
20220702,경강선,삼동,1579,1510,3089
20220702,경강선,세종대왕릉,393,436,829
20220702,경강선,신둔도예촌,1377,1261,2638
20220702,경강선,여주,2580,2890,5470
20220702,경강선,이매,976,713,1689
20220702,경강선,이천,3008,3133,6141
20220702,경강선,초월,2593,2280,4873
20220702,경강선,판교,3580,3489,7069
20220702,경부선,가산디지털단지,6536,8659,15195
20220702,경부선,관악,6370,6029,12399
20220702,경부선,광명,3191,2836,6027
20220702,경부선,구로,13874,14602,28476
20220702,경부선,군포,4332,3874,8206
20220702,경부선,금정,20364,19960,40324
20220702,경부선,금천구청,8694,8620,17314
20220702,경부선,남영,8191,7024,15215
20220702,경부선,노량진,8592,7598,16190
20220702,경부선,당정,4339,4064,8403
20220702,경부선,대방,7377,7906,15283
20220702,경부선,독산,9565,9137,18702
20220702,경부선,두정,5776,5799,11575
20220702,경부선,명학,5210,4964,10174
20220702,경부선,병점,13417,13298,26715
20220702,경부선,서동탄,1167,1230,2397
20220702,경부선,서울역,9929,2412,12341
20220702,경부선,서정리,7789,6411,14200
20220702,경부선,석수,7313,6853,14166
20220702,경부선,성균관대,11061,10810,21871
20220702,경부선,성환,3133,2836,5969
20220702,경부선,세류,2731,2833,5564
20220702,경부선,세마,2527,2258,4785
20220702,경부선,송탄,5242,4699,9941
20220702,경부선,수원,42082,45439,87521
20220702,경부선,신길,6416,5330,11746
20220702,경부선,신도림,3151,3358,6509
20220702,경부선,안양,19209,19151,38360
20220702,경부선,영등포,45597,48303,93900
20220702,경부선,오산,10179,9388,19567
20220702,경부선,오산대,3169,2981,6150
20220702,경부선,용산,43253,46306,89559
20220702,경부선,의왕,6261,5981,12242
20220702,경부선,직산,698,715,1413
20220702,경부선,진위,1210,1027,2237
20220702,경부선,천안,7084,7093,14177
20220702,경부선,평택,15224,14282,29506
20220702,경부선,평택지제,3656,3382,7038
20220702,경부선,화서,6264,6290,12554
20220702,경원선,가능,5518,5045,10563
20220702,경원선,광운대,5673,5723,11396
20220702,경원선,녹양,3868,3677,7545
20220702,경원선,녹천,3588,2928,6516
20220702,경원선,덕계,2769,2548,5317
20220702,경원선,덕정,4945,4430,9375
20220702,경원선,도봉,4860,4515,9375
20220702,경원선,도봉산,9466,6511,15977
20220702,경원선,동두천,1879,2364,4243
20220702,경원선,동두천중앙,2941,2926,5867
20220702,경원선,망월사,6037,6124,12161
20220702,경원선,방학,8031,7786,15817
20220702,경원선,보산,2050,1995,4045
20220702,경원선,서빙고,2077,1950,4027
20220702,경원선,석계,6972,7266,14238
20220702,경원선,소요산,4992,4293,9285
20220702,경원선,신이문,6478,5872,12350
20220702,경원선,양주,7040,6632,13672
20220702,경원선,옥수,43,20,63
20220702,경원선,왕십리,14223,16166,30389
20220702,경원선,외대앞,6576,6215,12791
20220702,경원선,월계,4880,4382,9262
20220702,경원선,응봉,1552,1243,2795
20220702,경원선,의정부,19271,21216,40487
20220702,경원선,이촌,3602,2531,6133
20220702,경원선,지행,6536,6092,12628
20220702,경원선,청량리,18421,19395,37816
20220702,경원선,한남,3102,2987,6089
20220702,경원선,회룡,10631,10446,21077
20220702,경의선,가좌,4602,4545,9147
20220702,경의선,강매,2154,2005,4159
20220702,경의선,곡산,424,455,879
20220702,경의선,공덕,3358,2445,5803
20220702,경의선,금릉,4173,3925,8098
20220702,경의선,금촌,6002,5628,11630
20220702,경의선,능곡,3035,2966,6001
20220702,경의선,디지털미디어시티,2162,1852,4014
20220702,경의선,문산,5610,5040,10650
20220702,경의선,백마,5047,4825,9872
20220702,경의선,서강대,1833,1802,3635
20220702,경의선,서울역,1814,1793,3607
20220702,경의선,수색,1684,1667,3351
20220702,경의선,신촌,441,477,918
20220702,경의선,야당,7179,7204,14383
20220702,경의선,운정,5269,4882,10151
20220702,경의선,월롱,2001,1568,3569
20220702,경의선,일산,6735,6365,13100
20220702,경의선,임진강,102,79,181
20220702,경의선,탄현,5914,5587,11501
20220702,경의선,파주,906,682,1588
20220702,경의선,풍산,4814,4630,9444
20220702,경의선,행신,6104,6085,12189
20220702,경의선,홍대입구,2159,2796,4955
20220702,경의선,화전,1158,1110,2268
20220702,경의선,효창공원앞,2037,2062,4099
20220702,경인선,간석,4643,4461,9104
20220702,경인선,개봉,17148,16665,33813
20220702,경인선,구일,7784,7519,15303
20220702,경인선,도원,2162,2216,4378
20220702,경인선,도화,3484,3212,6696
20220702,경인선,동암,13725,13806,27531
20220702,경인선,동인천,12558,12499,25057
20220702,경인선,백운,5925,5802,11727
20220702,경인선,부개,7005,6415,13420
20220702,경인선,부천,30481,31342,61823
20220702,경인선,부평,30569,34202,64771
20220702,경인선,소사,8210,7838,16048
20220702,경인선,송내,19963,19251,39214
20220702,경인선,역곡,21437,20819,42256
20220702,경인선,오류동,9443,8416,17859
20220702,경인선,온수,5089,4639,9728
20220702,경인선,인천,4946,4113,9059
20220702,경인선,제물포,7980,7450,15430
20220702,경인선,주안,16725,14584,31309
20220702,경인선,중동,7174,6670,13844
20220702,경춘선,가평,3033,3794,6827
20220702,경춘선,갈매,2145,1723,3868
20220702,경춘선,강촌,866,932,1798
20220702,경춘선,굴봉산,244,244,488
20220702,경춘선,금곡,1213,1131,2344
20220702,경춘선,김유정,539,630,1169
20220702,경춘선,남춘천,3788,4176,7964
20220702,경춘선,대성리,2493,1882,4375
20220702,경춘선,마석,3525,3503,7028
20220702,경춘선,백양리,159,180,339
20220702,경춘선,별내,2497,2330,4827
20220702,경춘선,사릉,1729,1728,3457
20220702,경춘선,상천,520,488,1008
20220702,경춘선,신내,1456,1417,2873
20220702,경춘선,천마산,1541,1394,2935
20220702,경춘선,청평,2568,2773,5341
20220702,경춘선,춘천,2067,1965,4032
20220702,경춘선,퇴계원,3022,2874,5896
20220702,경춘선,평내호평,5100,4912,10012
20220702,공항철도 1호선,검암,4982,5006,9988
20220702,공항철도 1호선,계양,8134,7347,15481
20220702,공항철도 1호선,공덕,1829,3006,4835
20220702,공항철도 1호선,공항화물청사,1376,1372,2748
20220702,공항철도 1호선,김포공항,12039,6106,18145
20220702,공항철도 1호선,디지털미디어시티,6153,5869,12022
20220702,공항철도 1호선,마곡나루,3316,3697,7013
20220702,공항철도 1호선,서울역,9750,9436,19186
20220702,공항철도 1호선,영종,3444,3541,6985
20220702,공항철도 1호선,운서,7393,7540,14933
20220702,공항철도 1호선,인천공항1터미널,8149,7751,15900
20220702,공항철도 1호선,인천공항2터미널,3723,3215,6938
20220702,공항철도 1호선,청라국제도시,5127,4864,9991
20220702,공항철도 1호선,홍대입구,13893,14707,28600
20220702,과천선,경마공원,14118,14388,28506
20220702,과천선,과천,5478,4958,10436
20220702,과천선,대공원,5389,5665,11054
20220702,과천선,범계,22537,22236,44773
20220702,과천선,선바위,5875,5131,11006
20220702,과천선,인덕원,18076,17750,35826
20220702,과천선,정부과천청사,7153,6860,14013
20220702,과천선,평촌,10149,9893,20042
20220702,분당선,가천대,5450,5838,11288
20220702,분당선,강남구청,5323,6331,11654
20220702,분당선,개포동,2962,2840,5802
20220702,분당선,구룡,1791,1603,3394
20220702,분당선,구성,3740,3723,7463
20220702,분당선,기흥,7492,7090,14582
20220702,분당선,대모산입구,3527,3152,6679
20220702,분당선,도곡,5098,4539,9637
20220702,분당선,망포,10235,9352,19587
20220702,분당선,매교,2129,2118,4247
20220702,분당선,매탄권선,4026,3589,7615
20220702,분당선,모란,16501,17061,33562
20220702,분당선,미금,11389,11809,23198
20220702,분당선,보정,1966,1753,3719
20220702,분당선,복정,1,0,1
20220702,분당선,상갈,4188,4103,8291
20220702,분당선,서울숲,9927,10115,20042
20220702,분당선,서현,20770,21115,41885
20220702,분당선,선릉,5599,8685,14284
20220702,분당선,선정릉,3383,3453,6836
20220702,분당선,수내,9324,8895,18219
20220702,분당선,수서,11065,11366,22431
20220702,분당선,수원,8162,6689,14851
20220702,분당선,수원시청,11807,13665,25472
20220702,분당선,신갈,2959,3018,5977
20220702,분당선,압구정로데오,18877,22653,41530
20220702,분당선,야탑,19138,20390,39528
20220702,분당선,영통,7238,7300,14538
20220702,분당선,오리,8377,6785,15162
20220702,분당선,이매,4241,4180,8421
20220702,분당선,정자,11708,12029,23737
20220702,분당선,죽전,10646,11931,22577
20220702,분당선,청명,3027,3000,6027
20220702,분당선,태평,11251,10286,21537
20220702,분당선,한티,11546,11416,22962
20220702,수인선,고색,2734,2707,5441
20220702,수인선,남동인더스파크,980,912,1892
20220702,수인선,달월,72,68,140
20220702,수인선,사리,3907,3171,7078
20220702,수인선,소래포구,5588,5467,11055
20220702,수인선,송도,2037,1984,4021
20220702,수인선,숭의,2918,2666,5584
20220702,수인선,신포,1488,1548,3036
20220702,수인선,야목,295,239,534
20220702,수인선,어천,825,720,1545
20220702,수인선,연수,4308,4416,8724
20220702,수인선,오목천,2399,1970,4369
20220702,수인선,원인재,3884,4005,7889
20220702,수인선,월곶,2425,2336,4761
20220702,수인선,인천,1149,2124,3273
20220702,수인선,인천논현,4643,4815,9458
20220702,수인선,인하대,4460,4170,8630
20220702,수인선,호구포,2776,2645,5421
20220702,신림선,관악산,4560,4645,9205
20220702,신림선,당곡,3097,2677,5774
20220702,신림선,대방,1686,1137,2823
20220702,신림선,보라매,2261,1952,4213
20220702,신림선,보라매공원,1361,1443,2804
20220702,신림선,보라매병원,2868,2915,5783
20220702,신림선,샛강,1115,1503,2618
20220702,신림선,서울대벤처타운,5908,5274,11182
20220702,신림선,서울지방병무청,1643,1815,3458
20220702,신림선,서원,2350,2043,4393
20220702,신림선,신림,1502,2017,3519
20220702,안산선,고잔,7147,6993,14140
20220702,안산선,대야미,4203,3710,7913
20220702,안산선,반월,3734,3536,7270
20220702,안산선,산본,13667,14621,28288
20220702,안산선,상록수,13188,13069,26257
20220702,안산선,수리산,3132,2672,5804
20220702,안산선,신길온천,1576,1459,3035
20220702,안산선,안산,10102,10336,20438
20220702,안산선,오이도,8565,8579,17144
20220702,안산선,정왕,7232,7267,14499
20220702,안산선,중앙,16894,17784,34678
20220702,안산선,초지,3812,3703,7515
20220702,안산선,한대앞,7502,7343,14845
20220702,우이신설선,4.19민주묘지,2474,2191,4665
20220702,우이신설선,가오리,3350,3079,6429
20220702,우이신설선,보문,1299,1174,2473
20220702,우이신설선,북한산보국문,5019,4354,9373
20220702,우이신설선,북한산우이,3898,4327,8225
20220702,우이신설선,삼양,1618,1650,3268
20220702,우이신설선,삼양사거리,2026,1928,3954
20220702,우이신설선,성신여대입구,2971,3444,6415
20220702,우이신설선,솔밭공원,1965,1846,3811
20220702,우이신설선,솔샘,4182,3740,7922
20220702,우이신설선,신설동,1536,1458,2994
20220702,우이신설선,정릉,3856,3159,7015
20220702,우이신설선,화계,2649,2496,5145
20220702,일산선,대곡,1630,1362,2992
20220702,일산선,대화,9967,9035,19002
20220702,일산선,마두,5430,5385,10815
20220702,일산선,백석,8059,7991,16050
20220702,일산선,삼송,16057,15384,31441
20220702,일산선,원당,8773,8177,16950
20220702,일산선,원흥,8075,7503,15578
20220702,일산선,정발산,7505,8190,15695
20220702,일산선,주엽,7545,7432,14977
20220702,일산선,화정,13670,14118,27788
20220702,장항선,배방,1245,1164,2409
20220702,장항선,봉명,774,728,1502
20220702,장항선,신창,1141,1090,2231
20220702,장항선,쌍용,1781,1571,3352
20220702,장항선,아산,3315,3261,6576
20220702,장항선,온양온천,3933,3944,7877
20220702,장항선,탕정,740,703,1443
20220702,중앙선,구리,10993,11296,22289
20220702,중앙선,국수,764,760,1524
20220702,중앙선,덕소,4767,4825,9592
20220702,중앙선,도농,8004,7462,15466
20220702,중앙선,도심,1710,1464,3174
20220702,중앙선,망우,7210,7003,14213
20220702,중앙선,상봉,5191,5153,10344
20220702,중앙선,신원,230,248,478
20220702,중앙선,아신,673,722,1395
20220702,중앙선,양수,2646,2684,5330
20220702,중앙선,양원,2089,1899,3988
20220702,중앙선,양정,612,514,1126
20220702,중앙선,양평,2977,3311,6288
20220702,중앙선,오빈,329,328,657
20220702,중앙선,용문,2384,2840,5224
20220702,중앙선,운길산,1201,1215,2416
20220702,중앙선,원덕,450,476,926
20220702,중앙선,중랑,4709,4507,9216
20220702,중앙선,지평,89,84,173
20220702,중앙선,팔당,1550,1504,3054
20220702,중앙선,회기,21667,20502,42169
20220703,1호선,동대문,9549,9901,19450
20220703,1호선,동묘앞,11108,11032,22140
20220703,1호선,서울역,30495,29306,59801
20220703,1호선,시청,8667,7876,16543
20220703,1호선,신설동,7876,7744,15620
20220703,1호선,제기동,10278,10774,21052
20220703,1호선,종각,13478,11863,25341
20220703,1호선,종로3가,15100,13302,28402
20220703,1호선,종로5가,9935,9738,19673
20220703,1호선,청량리,13164,13518,26682
20220703,2호선,강남,36350,34618,70968
20220703,2호선,강변,24902,23043,47945
20220703,2호선,건대입구,26352,28436,54788
20220703,2호선,교대,11212,12453,23665
20220703,2호선,구로디지털단지,25187,24785,49972
20220703,2호선,구의,11486,11457,22943
20220703,2호선,낙성대,16117,16684,32801
20220703,2호선,당산,8442,9202,17644
20220703,2호선,대림,15768,16129,31897
20220703,2호선,도림천,478,464,942
20220703,2호선,동대문역사문화공원,8077,9810,17887
20220703,2호선,뚝섬,10244,10445,20689
20220703,2호선,문래,8354,8712,17066
20220703,2호선,방배,7129,7671,14800
20220703,2호선,봉천,13028,12636,25664
20220703,2호선,사당,23937,26139,50076
20220703,2호선,삼성,25839,25033,50872
20220703,2호선,상왕십리,7342,7160,14502
20220703,2호선,서울대입구,26903,28213,55116
20220703,2호선,서초,13942,12601,26543
20220703,2호선,선릉,13605,11899,25504
20220703,2호선,성수,15568,17496,33064
20220703,2호선,시청,6541,5309,11850
20220703,2호선,신답,819,928,1747
20220703,2호선,신당,8271,8649,16920
20220703,2호선,신대방,15590,15443,31033
20220703,2호선,신도림,29729,30164,59893
20220703,2호선,신림,37194,36316,73510
20220703,2호선,신설동,3101,3142,6243
20220703,2호선,신정네거리,5669,5605,11274
20220703,2호선,신촌,24995,24173,49168
20220703,2호선,아현,5628,5528,11156
20220703,2호선,양천구청,3401,3527,6928
20220703,2호선,역삼,11394,12386,23780
20220703,2호선,영등포구청,8135,8399,16534
20220703,2호선,왕십리,9877,8946,18823
20220703,2호선,용답,1713,1640,3353
20220703,2호선,용두,1173,1160,2333
20220703,2호선,을지로3가,9626,9272,18898
20220703,2호선,을지로4가,3979,3743,7722
20220703,2호선,을지로입구,17595,16838,34433
20220703,2호선,이대,7733,8326,16059
20220703,2호선,잠실,55185,52108,107293
20220703,2호선,잠실나루,5829,5746,11575
20220703,2호선,잠실새내,12952,13337,26289
20220703,2호선,종합운동장,21023,23317,44340
20220703,2호선,충정로,3473,3752,7225
20220703,2호선,한양대,2574,2894,5468
20220703,2호선,합정,20624,21870,42494
20220703,2호선,홍대입구,53743,53432,107175
20220703,3호선,가락시장,3973,4150,8123
20220703,3호선,경복궁,15107,16676,31783
20220703,3호선,경찰병원,2832,2924,5756
20220703,3호선,고속터미널,46380,43634,90014
20220703,3호선,교대,4706,2862,7568
20220703,3호선,구파발,12753,13288,26041
20220703,3호선,금호,4325,4184,8509
20220703,3호선,남부터미널,15931,16316,32247
20220703,3호선,녹번,7657,6810,14467
20220703,3호선,대청,4215,4168,8383
20220703,3호선,대치,5419,4983,10402
20220703,3호선,도곡,1929,2014,3943
20220703,3호선,독립문,4423,4587,9010
20220703,3호선,동대입구,7525,8115,15640
20220703,3호선,매봉,4439,4497,8936
20220703,3호선,무악재,1923,2037,3960
20220703,3호선,불광,10018,11592,21610
20220703,3호선,수서,11027,10687,21714
20220703,3호선,신사,13717,14053,27770
20220703,3호선,안국,12360,12063,24423
20220703,3호선,압구정,15016,15293,30309
20220703,3호선,약수,7031,6814,13845
20220703,3호선,양재,13463,15444,28907
20220703,3호선,연신내,21977,20703,42680
20220703,3호선,오금,2813,2821,5634
20220703,3호선,옥수,4994,5279,10273
20220703,3호선,을지로3가,3965,3590,7555
20220703,3호선,일원,3849,4065,7914
20220703,3호선,잠원,2474,2431,4905
20220703,3호선,종로3가,4248,5440,9688
20220703,3호선,지축,2613,2396,5009
20220703,3호선,학여울,1380,1465,2845
20220703,3호선,홍제,9676,9166,18842
20220703,4호선,길음,11050,10711,21761
20220703,4호선,남태령,840,613,1453
20220703,4호선,노원,12148,12922,25070
20220703,4호선,당고개,6032,5766,11798
20220703,4호선,동대문,7220,7909,15129
20220703,4호선,동대문역사문화공원,9742,8702,18444
20220703,4호선,동작,927,1022,1949
20220703,4호선,명동,13379,13488,26867
20220703,4호선,미아,8341,7849,16190
20220703,4호선,미아사거리,16871,16105,32976
20220703,4호선,사당,16588,15489,32077
20220703,4호선,삼각지,3114,4029,7143
20220703,4호선,상계,10470,9627,20097
20220703,4호선,서울역,4727,12129,16856
20220703,4호선,성신여대입구,12987,12465,25452
20220703,4호선,수유,20753,19955,40708
20220703,4호선,숙대입구,8195,7996,16191
20220703,4호선,신용산,9870,10106,19976
20220703,4호선,쌍문,16181,14709,30890
20220703,4호선,이촌,6318,6718,13036
20220703,4호선,창동,15336,16092,31428
20220703,4호선,총신대입구,10373,11464,21837
20220703,4호선,충무로,8105,8681,16786
20220703,4호선,한성대입구,7951,7852,15803
20220703,4호선,혜화,24481,25559,50040
20220703,4호선,회현,9295,9185,18480
20220703,5호선,강동,9237,9003,18240
20220703,5호선,강일,2311,2266,4577
20220703,5호선,개롱,3080,3370,6450
20220703,5호선,개화산,2716,2858,5574
20220703,5호선,거여,4644,4646,9290
20220703,5호선,고덕,4258,4392,8650
20220703,5호선,공덕,4792,4917,9709
20220703,5호선,광나루,8080,7452,15532
20220703,5호선,광화문,11839,12425,24264
20220703,5호선,군자,6230,7005,13235
20220703,5호선,굽은다리,5793,5634,11427
20220703,5호선,길동,4271,4326,8597
20220703,5호선,김포공항,8062,7798,15860
20220703,5호선,까치산,15968,15659,31627
20220703,5호선,답십리,7723,7230,14953
20220703,5호선,동대문역사문화공원,950,969,1919
20220703,5호선,둔촌동,4707,4642,9349
20220703,5호선,마곡,3688,3899,7587
20220703,5호선,마장,3159,2880,6039
20220703,5호선,마천,3680,3951,7631
20220703,5호선,마포,4892,4986,9878
20220703,5호선,명일,5089,5089,10178
20220703,5호선,목동,7774,7933,15707
20220703,5호선,미사,8816,9391,18207
20220703,5호선,발산,9312,9951,19263
20220703,5호선,방이,4154,3961,8115
20220703,5호선,방화,3869,3807,7676
20220703,5호선,상일동,6794,6563,13357
20220703,5호선,서대문,5049,4875,9924
20220703,5호선,송정,3789,3739,7528
20220703,5호선,신금호,2958,3263,6221
20220703,5호선,신길,2029,2170,4199
20220703,5호선,신정,6636,5943,12579
20220703,5호선,아차산,9278,9155,18433
20220703,5호선,애오개,2759,2811,5570
20220703,5호선,양평,2693,2828,5521
20220703,5호선,여의나루,9620,10624,20244
20220703,5호선,여의도,8847,9461,18308
20220703,5호선,영등포구청,1305,1331,2636
20220703,5호선,영등포시장,5837,6172,12009
20220703,5호선,오금,1584,1490,3074
20220703,5호선,오목교,11541,12025,23566
20220703,5호선,올림픽공원,2821,2481,5302
20220703,5호선,왕십리,2775,3332,6107
20220703,5호선,우장산,7092,7142,14234
20220703,5호선,을지로4가,1715,1781,3496
20220703,5호선,장한평,8195,8290,16485
20220703,5호선,종로3가,8861,7962,16823
20220703,5호선,천호,13274,12524,25798
20220703,5호선,청구,1856,1720,3576
20220703,5호선,충정로,1465,1492,2957
20220703,5호선,하남검단산,4824,4745,9569
20220703,5호선,하남시청,4249,4061,8310
20220703,5호선,하남풍산,2257,2326,4583
20220703,5호선,행당,4059,3721,7780
20220703,5호선,화곡,14645,13943,28588
20220703,6호선,고려대,4155,4144,8299
20220703,6호선,공덕,7269,6845,14114
20220703,6호선,광흥창,4370,4200,8570
20220703,6호선,구산,4014,3069,7083
20220703,6호선,녹사평,4140,3993,8133
20220703,6호선,대흥,4093,4321,8414
20220703,6호선,독바위,1731,1987,3718
20220703,6호선,돌곶이,5705,5310,11015
20220703,6호선,동묘앞,5813,5871,11684
20220703,6호선,디지털미디어시티,5609,5860,11469
20220703,6호선,마포구청,7177,6596,13773
20220703,6호선,망원,9393,10196,19589
20220703,6호선,버티고개,1114,1150,2264
20220703,6호선,보문,4197,3914,8111
20220703,6호선,봉화산,4152,4136,8288
20220703,6호선,불광,3215,2958,6173
20220703,6호선,삼각지,4219,3229,7448
20220703,6호선,상수,6618,7638,14256
20220703,6호선,상월곡,3375,3048,6423
20220703,6호선,새절,6708,6447,13155
20220703,6호선,석계,6685,6755,13440
20220703,6호선,신내,1,0,1
20220703,6호선,신당,3659,4448,8107
20220703,6호선,안암,5114,5422,10536
20220703,6호선,약수,1783,1796,3579
20220703,6호선,역촌,2130,2385,4515
20220703,6호선,월곡,5443,5544,10987
20220703,6호선,월드컵경기장,3896,4044,7940
20220703,6호선,응암,9523,9761,19284
20220703,6호선,이태원,13327,11032,24359
20220703,6호선,증산,5805,5847,11652
20220703,6호선,창신,1689,1614,3303
20220703,6호선,청구,1628,1621,3249
20220703,6호선,태릉입구,3195,3426,6621
20220703,6호선,한강진,6652,7601,14253
20220703,6호선,합정,9739,8872,18611
20220703,6호선,화랑대,5081,4542,9623
20220703,6호선,효창공원앞,3466,3036,6502
20220703,7호선,가산디지털단지,10721,10105,20826
20220703,7호선,강남구청,5625,6222,11847
20220703,7호선,건대입구,8746,8724,17470
20220703,7호선,고속터미널,14208,8359,22567
20220703,7호선,공릉,6325,6620,12945
20220703,7호선,광명사거리,12990,12945,25935
20220703,7호선,군자,8455,6489,14944
20220703,7호선,남구로,7081,6921,14002
20220703,7호선,남성,5743,5661,11404
20220703,7호선,내방,5448,5613,11061
20220703,7호선,노원,11770,11922,23692
20220703,7호선,논현,5717,5940,11657
20220703,7호선,대림,8416,7899,16315
20220703,7호선,도봉산,5423,7779,13202
20220703,7호선,뚝섬유원지,7539,7000,14539
20220703,7호선,마들,6228,5917,12145
20220703,7호선,먹골,5589,5483,11072
20220703,7호선,면목,8051,7783,15834
20220703,7호선,반포,3178,3223,6401
20220703,7호선,보라매,4030,4008,8038
20220703,7호선,사가정,8999,8725,17724
20220703,7호선,상도,5829,5862,11691
20220703,7호선,상봉,10104,9349,19453
20220703,7호선,수락산,9184,9128,18312
20220703,7호선,숭실대입구,5898,6465,12363
20220703,7호선,신대방삼거리,7941,7814,15755
20220703,7호선,신풍,6496,6169,12665
20220703,7호선,어린이대공원,7738,7527,15265
20220703,7호선,온수,4090,4217,8307
20220703,7호선,용마산,3334,3473,6807
20220703,7호선,이수,9007,8633,17640
20220703,7호선,장승배기,4884,4930,9814
20220703,7호선,장암,1862,1305,3167
20220703,7호선,중계,6784,6401,13185
20220703,7호선,중곡,5262,5189,10451
20220703,7호선,중화,5713,5638,11351
20220703,7호선,천왕,5079,5041,10120
20220703,7호선,철산,10837,10861,21698
20220703,7호선,청담,6631,7108,13739
20220703,7호선,태릉입구,5249,4746,9995
20220703,7호선,하계,9494,9049,18543
20220703,7호선,학동,6394,6725,13119
20220703,8호선,가락시장,3244,4090,7334
20220703,8호선,강동구청,4842,4898,9740
20220703,8호선,남위례,2469,2650,5119
20220703,8호선,남한산성입구,6807,6404,13211
20220703,8호선,단대오거리,5462,5475,10937
20220703,8호선,모란,2685,2270,4955
20220703,8호선,몽촌토성,3227,3272,6499
20220703,8호선,문정,5662,5894,11556
20220703,8호선,복정,5103,4642,9745
20220703,8호선,산성,3039,3293,6332
20220703,8호선,석촌,4014,5122,9136
20220703,8호선,송파,4580,4508,9088
20220703,8호선,수진,3167,2941,6108
20220703,8호선,신흥,2807,2973,5780
20220703,8호선,암사,9154,8635,17789
20220703,8호선,잠실,11650,13287,24937
20220703,8호선,장지,9515,9711,19226
20220703,8호선,천호,9245,10388,19633
20220703,9호선,가양,11745,11447,23192
20220703,9호선,개화,1020,1023,2043
20220703,9호선,고속터미널,12445,17105,29550
20220703,9호선,공항시장,1827,2101,3928
20220703,9호선,구반포,407,371,778
20220703,9호선,국회의사당,5331,4892,10223
20220703,9호선,김포공항,8391,11804,20195
20220703,9호선,노들,2873,2517,5390
20220703,9호선,노량진,14481,15303,29784
20220703,9호선,당산,9942,9951,19893
20220703,9호선,동작,1295,1128,2423
20220703,9호선,등촌,5212,5496,10708
20220703,9호선,마곡나루,5792,6006,11798
20220703,9호선,사평,1896,1939,3835
20220703,9호선,샛강,1970,1823,3793
20220703,9호선,선유도,2876,2838,5714
20220703,9호선,신논현,16802,16267,33069
20220703,9호선,신목동,1811,1652,3463
20220703,9호선,신반포,2228,2307,4535
20220703,9호선,신방화,3757,3714,7471
20220703,9호선,양천향교,4619,4783,9402
20220703,9호선,여의도,10642,9323,19965
20220703,9호선,염창,8883,8827,17710
20220703,9호선,증미,3146,3165,6311
20220703,9호선,흑석,4237,4349,8586
20220703,9호선2~3단계,둔촌오륜,606,630,1236
20220703,9호선2~3단계,봉은사,10045,10280,20325
20220703,9호선2~3단계,삼성중앙,2223,2409,4632
20220703,9호선2~3단계,삼전,3788,3694,7482
20220703,9호선2~3단계,석촌,4940,4278,9218
20220703,9호선2~3단계,석촌고분,3319,3353,6672
20220703,9호선2~3단계,선정릉,3128,3507,6635
20220703,9호선2~3단계,송파나루,3476,3789,7265
20220703,9호선2~3단계,언주,4066,4048,8114
20220703,9호선2~3단계,올림픽공원,7763,7868,15631
20220703,9호선2~3단계,종합운동장,4139,3751,7890
20220703,9호선2~3단계,중앙보훈병원,3830,3656,7486
20220703,9호선2~3단계,한성백제,1662,1421,3083
20220703,경강선,경기광주,4271,4199,8470
20220703,경강선,곤지암,1575,1779,3354
20220703,경강선,부발,1541,2217,3758
20220703,경강선,삼동,1155,1169,2324
20220703,경강선,세종대왕릉,296,318,614
20220703,경강선,신둔도예촌,1050,1009,2059
20220703,경강선,여주,2338,2197,4535
20220703,경강선,이매,810,587,1397
20220703,경강선,이천,2161,2425,4586
20220703,경강선,초월,1816,1803,3619
20220703,경강선,판교,2697,2584,5281
20220703,경부선,가산디지털단지,4698,6727,11425
20220703,경부선,관악,5087,4629,9716
20220703,경부선,광명,3009,2029,5038
20220703,경부선,구로,10295,10519,20814
20220703,경부선,군포,3172,2966,6138
20220703,경부선,금정,14975,15328,30303
20220703,경부선,금천구청,6273,6249,12522
20220703,경부선,남영,5025,5399,10424
20220703,경부선,노량진,5470,5064,10534
20220703,경부선,당정,2994,3093,6087
20220703,경부선,대방,5543,6134,11677
20220703,경부선,독산,6398,6478,12876
20220703,경부선,두정,4680,5159,9839
20220703,경부선,명학,3398,3199,6597
20220703,경부선,병점,9836,10621,20457
20220703,경부선,서동탄,850,962,1812
20220703,경부선,서울역,9423,2128,11551
20220703,경부선,서정리,4795,6971,11766
20220703,경부선,석수,5178,4865,10043
20220703,경부선,성균관대,7861,8445,16306
20220703,경부선,성환,2553,2866,5419
20220703,경부선,세류,2224,2148,4372
20220703,경부선,세마,1828,1804,3632
20220703,경부선,송탄,3890,4851,8741
20220703,경부선,수원,35904,34849,70753
20220703,경부선,신길,4860,4237,9097
20220703,경부선,신도림,2239,2561,4800
20220703,경부선,안양,14219,13625,27844
20220703,경부선,영등포,37384,36051,73435
20220703,경부선,오산,8123,8756,16879
20220703,경부선,오산대,2319,2241,4560
20220703,경부선,용산,38970,35744,74714
20220703,경부선,의왕,4030,4205,8235
20220703,경부선,직산,568,648,1216
20220703,경부선,진위,966,1021,1987
20220703,경부선,천안,6501,6298,12799
20220703,경부선,평택,12231,12838,25069
20220703,경부선,평택지제,2779,2692,5471
20220703,경부선,화서,4403,4289,8692
20220703,경원선,가능,4245,3936,8181
20220703,경원선,광운대,4212,4289,8501
20220703,경원선,녹양,2794,2763,5557
20220703,경원선,녹천,2651,2324,4975
20220703,경원선,덕계,2078,1883,3961
20220703,경원선,덕정,3406,3678,7084
20220703,경원선,도봉,3635,3408,7043
20220703,경원선,도봉산,8529,6016,14545
20220703,경원선,동두천,1323,1806,3129
20220703,경원선,동두천중앙,2249,2124,4373
20220703,경원선,망월사,4854,5004,9858
20220703,경원선,방학,6121,6013,12134
20220703,경원선,보산,1581,1592,3173
20220703,경원선,서빙고,1662,1673,3335
20220703,경원선,석계,4975,5607,10582
20220703,경원선,소요산,5009,4556,9565
20220703,경원선,신이문,4777,4498,9275
20220703,경원선,양주,5284,5168,10452
20220703,경원선,옥수,46,22,68
20220703,경원선,왕십리,11205,12777,23982
20220703,경원선,외대앞,5006,4898,9904
20220703,경원선,월계,3920,3674,7594
20220703,경원선,응봉,1070,1010,2080
20220703,경원선,의정부,15013,14672,29685
20220703,경원선,이촌,2621,1906,4527
20220703,경원선,지행,4621,4827,9448
20220703,경원선,청량리,16105,14661,30766
20220703,경원선,한남,1960,1891,3851
20220703,경원선,회룡,7727,7735,15462
20220703,경의선,가좌,3008,3048,6056
20220703,경의선,강매,1550,1497,3047
20220703,경의선,검암,1,0,1
20220703,경의선,곡산,334,328,662
20220703,경의선,공덕,2089,1601,3690
20220703,경의선,금릉,2946,2967,5913
20220703,경의선,금촌,4295,4719,9014
20220703,경의선,능곡,2276,2274,4550
20220703,경의선,디지털미디어시티,1619,1492,3111
20220703,경의선,문산,3857,4272,8129
20220703,경의선,백마,3656,3566,7222
20220703,경의선,서강대,1385,1405,2790
20220703,경의선,서울역,1225,1012,2237
20220703,경의선,수색,945,996,1941
20220703,경의선,신촌,306,320,626
20220703,경의선,야당,5079,5222,10301
20220703,경의선,운정,3789,3557,7346
20220703,경의선,월롱,1005,2123,3128
20220703,경의선,일산,5669,5615,11284
20220703,경의선,임진강,83,47,130
20220703,경의선,탄현,4526,4200,8726
20220703,경의선,파주,630,588,1218
20220703,경의선,풍산,3694,3511,7205
20220703,경의선,행신,5032,4498,9530
20220703,경의선,홍대입구,1870,2241,4111
20220703,경의선,화전,884,866,1750
20220703,경의선,효창공원앞,1410,1570,2980
20220703,경인선,간석,3292,3139,6431
20220703,경인선,개봉,12324,11961,24285
20220703,경인선,구일,5614,5619,11233
20220703,경인선,도원,1828,1815,3643
20220703,경인선,도화,2497,2377,4874
20220703,경인선,동암,10190,10066,20256
20220703,경인선,동인천,9820,9593,19413
20220703,경인선,백운,3882,3923,7805
20220703,경인선,부개,4922,4765,9687
20220703,경인선,부천,22654,22424,45078
20220703,경인선,부평,23444,23403,46847
20220703,경인선,소사,5436,5195,10631
20220703,경인선,송내,13628,13484,27112
20220703,경인선,역곡,14669,14764,29433
20220703,경인선,오류동,7176,6882,14058
20220703,경인선,온수,3903,3565,7468
20220703,경인선,인천,4196,3402,7598
20220703,경인선,제물포,5595,5497,11092
20220703,경인선,주안,12041,10771,22812
20220703,경인선,중동,5325,4940,10265
20220703,경춘선,가평,3263,2229,5492
20220703,경춘선,갈매,1394,1278,2672
20220703,경춘선,강촌,915,546,1461
20220703,경춘선,굴봉산,230,169,399
20220703,경춘선,금곡,980,863,1843
20220703,경춘선,김유정,391,423,814
20220703,경춘선,남춘천,2819,2800,5619
20220703,경춘선,대성리,1941,932,2873
20220703,경춘선,마석,2973,2915,5888
20220703,경춘선,백양리,168,119,287
20220703,경춘선,별내,1768,1732,3500
20220703,경춘선,사릉,1331,1328,2659
20220703,경춘선,상천,607,495,1102
20220703,경춘선,신내,1025,1059,2084
20220703,경춘선,천마산,1173,1120,2293
20220703,경춘선,청평,2313,1676,3989
20220703,경춘선,춘천,2083,1538,3621
20220703,경춘선,퇴계원,1997,1929,3926
20220703,경춘선,평내호평,3536,3471,7007
20220703,공항철도 1호선,검암,3689,3790,7479
20220703,공항철도 1호선,계양,5939,5661,11600
20220703,공항철도 1호선,공덕,1339,1931,3270
20220703,공항철도 1호선,공항화물청사,1081,1090,2171
20220703,공항철도 1호선,김포공항,11640,5588,17228
20220703,공항철도 1호선,디지털미디어시티,3976,3964,7940
20220703,공항철도 1호선,마곡나루,2175,2572,4747
20220703,공항철도 1호선,서울역,9595,8159,17754
20220703,공항철도 1호선,영종,2713,2725,5438
20220703,공항철도 1호선,운서,6022,6685,12707
20220703,공항철도 1호선,인천공항1터미널,8413,7578,15991
20220703,공항철도 1호선,인천공항2터미널,3532,3040,6572
20220703,공항철도 1호선,청라국제도시,3505,3526,7031
20220703,공항철도 1호선,홍대입구,11345,10597,21942
20220703,과천선,경마공원,15419,15912,31331
20220703,과천선,과천,3987,3722,7709
20220703,과천선,대공원,4031,4057,8088
20220703,과천선,범계,15680,15011,30691
20220703,과천선,선바위,4322,3800,8122
20220703,과천선,인덕원,12808,13040,25848
20220703,과천선,정부과천청사,4897,4894,9791
20220703,과천선,평촌,6690,6489,13179
20220703,분당선,가천대,3758,4610,8368
20220703,분당선,강남구청,3100,3736,6836
20220703,분당선,개포동,2045,2025,4070
20220703,분당선,구룡,790,846,1636
20220703,분당선,구성,2414,2716,5130
20220703,분당선,기흥,5460,5143,10603
20220703,분당선,대모산입구,2284,2222,4506
20220703,분당선,도곡,2922,2852,5774
20220703,분당선,망포,6613,7022,13635
20220703,분당선,매교,1464,1368,2832
20220703,분당선,매탄권선,2644,2523,5167
20220703,분당선,모란,11405,11846,23251
20220703,분당선,미금,7686,8338,16024
20220703,분당선,보정,1184,1145,2329
20220703,분당선,상갈,2964,3103,6067
20220703,분당선,서울숲,6329,6417,12746
20220703,분당선,서현,15440,15372,30812
20220703,분당선,선릉,2885,4358,7243
20220703,분당선,선정릉,2015,2056,4071
20220703,분당선,수내,6430,6159,12589
20220703,분당선,수서,8865,8659,17524
20220703,분당선,수원,6196,4970,11166
20220703,분당선,수원시청,7563,7603,15166
20220703,분당선,신갈,2108,2148,4256
20220703,분당선,압구정로데오,10480,11478,21958
20220703,분당선,야탑,14272,14305,28577
20220703,분당선,영통,5282,5384,10666
20220703,분당선,오리,5737,5000,10737
20220703,분당선,이매,3437,3515,6952
20220703,분당선,정자,7987,8190,16177
20220703,분당선,죽전,8057,9185,17242
20220703,분당선,청명,2204,2266,4470
20220703,분당선,태평,8396,7964,16360
20220703,분당선,한티,8200,8278,16478
20220703,수인선,고색,1748,1840,3588
20220703,수인선,남동인더스파크,605,625,1230
20220703,수인선,달월,45,53,98
20220703,수인선,사리,2746,2286,5032
20220703,수인선,소래포구,4393,4173,8566
20220703,수인선,송도,1497,1440,2937
20220703,수인선,숭의,2024,1856,3880
20220703,수인선,신포,1208,1159,2367
20220703,수인선,야목,234,198,432
20220703,수인선,어천,571,723,1294
20220703,수인선,연수,3397,3335,6732
20220703,수인선,오목천,1607,1692,3299
20220703,수인선,원인재,2918,2952,5870
20220703,수인선,월곶,1864,1816,3680
20220703,수인선,인천,1071,1596,2667
20220703,수인선,인천논현,3098,3244,6342
20220703,수인선,인하대,3147,3151,6298
20220703,수인선,호구포,2226,2360,4586
20220703,신림선,관악산,4802,4679,9481
20220703,신림선,당곡,2251,2195,4446
20220703,신림선,대방,1059,891,1950
20220703,신림선,보라매,1604,1539,3143
20220703,신림선,보라매공원,1066,1155,2221
20220703,신림선,보라매병원,1977,2028,4005
20220703,신림선,샛강,906,1217,2123
20220703,신림선,서울대벤처타운,4477,4493,8970
20220703,신림선,서울지방병무청,1313,1480,2793
20220703,신림선,서원,1818,1714,3532
20220703,신림선,신림,1198,1784,2982
20220703,안산선,고잔,4693,4564,9257
20220703,안산선,대야미,2899,2790,5689
20220703,안산선,반월,2572,2629,5201
20220703,안산선,산본,9378,10009,19387
20220703,안산선,상록수,9648,9444,19092
20220703,안산선,수리산,2188,2005,4193
20220703,안산선,신길온천,1202,1133,2335
20220703,안산선,안산,10006,9305,19311
20220703,안산선,오이도,6287,6247,12534
20220703,안산선,정왕,5609,6097,11706
20220703,안산선,중앙,12336,12184,24520
20220703,안산선,초지,2629,2517,5146
20220703,안산선,한대앞,5534,5378,10912
20220703,우이신설선,4.19민주묘지,1859,1669,3528
20220703,우이신설선,가오리,2512,2395,4907
20220703,우이신설선,보문,1133,1049,2182
20220703,우이신설선,북한산보국문,3895,3509,7404
20220703,우이신설선,북한산우이,3517,3398,6915
20220703,우이신설선,삼양,1296,1293,2589
20220703,우이신설선,삼양사거리,1587,1586,3173
20220703,우이신설선,성신여대입구,2265,2611,4876
20220703,우이신설선,솔밭공원,1456,1423,2879
20220703,우이신설선,솔샘,2980,2719,5699
20220703,우이신설선,신설동,1113,1174,2287
20220703,우이신설선,정릉,2801,2390,5191
20220703,우이신설선,화계,2159,1987,4146
20220703,일산선,대곡,1102,1014,2116
20220703,일산선,대화,6900,6282,13182
20220703,일산선,마두,3659,3550,7209
20220703,일산선,백석,5769,5626,11395
20220703,일산선,삼송,11646,11387,23033
20220703,일산선,원당,6319,6093,12412
20220703,일산선,원흥,5873,5681,11554
20220703,일산선,정발산,6108,6444,12552
20220703,일산선,주엽,4972,5035,10007
20220703,일산선,지축,1,0,1
20220703,일산선,화정,9783,10085,19868
20220703,장항선,배방,840,989,1829
20220703,장항선,봉명,605,579,1184
20220703,장항선,신창,1030,1164,2194
20220703,장항선,쌍용,1297,1213,2510
20220703,장항선,아산,3652,2294,5946
20220703,장항선,온양온천,3424,3484,6908
20220703,장항선,탕정,547,584,1131
20220703,중앙선,구리,7842,8141,15983
20220703,중앙선,국수,630,568,1198
20220703,중앙선,덕소,3510,3603,7113
20220703,중앙선,도농,5453,5309,10762
20220703,중앙선,도심,1310,1187,2497
20220703,중앙선,망우,5295,5322,10617
20220703,중앙선,상봉,3765,4121,7886
20220703,중앙선,신원,213,133,346
20220703,중앙선,아신,622,542,1164
20220703,중앙선,양수,2132,1940,4072
20220703,중앙선,양원,1436,1523,2959
20220703,중앙선,양정,479,393,872
20220703,중앙선,양평,3491,3267,6758
20220703,중앙선,오빈,263,246,509
20220703,중앙선,용문,2473,2119,4592
20220703,중앙선,운길산,965,898,1863
20220703,중앙선,원덕,476,325,801
20220703,중앙선,중랑,3611,3546,7157
20220703,중앙선,지평,88,71,159
20220703,중앙선,팔당,1203,1239,2442
20220703,중앙선,회기,16230,16147,32377
20220709,1호선,동대문,10370,10191,20561
20220709,1호선,동묘앞,11335,11625,22960
20220709,1호선,서울역,36244,36601,72845
20220709,1호선,시청,12202,12690,24892
20220709,1호선,신설동,10313,9609,19922
20220709,1호선,제기동,15780,16039,31819
20220709,1호선,종각,21311,20733,42044
20220709,1호선,종로3가,23940,22485,46425
20220709,1호선,종로5가,19037,19497,38534
20220709,1호선,청량리,18566,19175,37741
20220709,2호선,강남,63995,64281,128276
20220709,2호선,강변,30479,30717,61196
20220709,2호선,건대입구,36051,40578,76629
20220709,2호선,교대,18757,21480,40237
20220709,2호선,구로디지털단지,36307,35114,71421
20220709,2호선,구의,17246,16390,33636
20220709,2호선,낙성대,22801,20606,43407
20220709,2호선,당산,12679,13594,26273
20220709,2호선,대림,18634,19416,38050
20220709,2호선,도림천,853,809,1662
20220709,2호선,동대문역사문화공원,11282,13037,24319
20220709,2호선,뚝섬,14725,14964,29689
20220709,2호선,문래,13490,14609,28099
20220709,2호선,방배,10400,10641,21041
20220709,2호선,봉천,18563,16449,35012
20220709,2호선,사당,36051,40814,76865
20220709,2호선,삼성,43193,42350,85543
20220709,2호선,상왕십리,10300,9409,19709
20220709,2호선,서울대입구,39005,36886,75891
20220709,2호선,서초,12306,9873,22179
20220709,2호선,선릉,26566,23181,49747
20220709,2호선,성수,22054,25522,47576
20220709,2호선,시청,10136,8999,19135
20220709,2호선,신답,1104,1154,2258
20220709,2호선,신당,11463,11622,23085
20220709,2호선,신대방,20623,19270,39893
20220709,2호선,신도림,41420,42037,83457
20220709,2호선,신림,49999,47700,97699
20220709,2호선,신설동,3456,3358,6814
20220709,2호선,신정네거리,8194,8116,16310
20220709,2호선,신촌,33758,34451,68209
20220709,2호선,아현,7862,7142,15004
20220709,2호선,양천구청,4780,4615,9395
20220709,2호선,역삼,19035,20596,39631
20220709,2호선,영등포구청,12710,13192,25902
20220709,2호선,왕십리,13957,12393,26350
20220709,2호선,용답,2244,2007,4251
20220709,2호선,용두,1791,1671,3462
20220709,2호선,을지로3가,11839,12351,24190
20220709,2호선,을지로4가,7644,7797,15441
20220709,2호선,을지로입구,24099,24656,48755
20220709,2호선,이대,10733,10954,21687
20220709,2호선,잠실,74778,72054,146832
20220709,2호선,잠실나루,7844,7522,15366
20220709,2호선,잠실새내,18905,19710,38615
20220709,2호선,종합운동장,14476,16087,30563
20220709,2호선,충정로,5835,6062,11897
20220709,2호선,한양대,4461,4573,9034
20220709,2호선,합정,29136,33589,62725
20220709,2호선,홍대입구,73994,83089,157083
20220709,3호선,가락시장,6479,6012,12491
20220709,3호선,경복궁,18270,20546,38816
20220709,3호선,경찰병원,4315,4133,8448
20220709,3호선,고속터미널,56574,56214,112788
20220709,3호선,교대,7500,4649,12149
20220709,3호선,구파발,17343,17489,34832
20220709,3호선,금호,5963,5275,11238
20220709,3호선,남부터미널,22342,21880,44222
20220709,3호선,녹번,11323,9439,20762
20220709,3호선,대청,6173,5620,11793
20220709,3호선,대치,9965,8987,18952
20220709,3호선,도곡,3410,3366,6776
20220709,3호선,독립문,5881,6029,11910
20220709,3호선,동대입구,6183,6986,13169
20220709,3호선,매봉,6639,6385,13024
20220709,3호선,무악재,2843,2840,5683
20220709,3호선,불광,13581,15065,28646
20220709,3호선,수서,14417,14120,28537
20220709,3호선,신사,24746,26687,51433
20220709,3호선,안국,16790,18199,34989
20220709,3호선,압구정,26271,27897,54168
20220709,3호선,약수,9489,8807,18296
20220709,3호선,양재,20827,22872,43699
20220709,3호선,연신내,30910,28611,59521
20220709,3호선,오금,4117,3667,7784
20220709,3호선,옥수,7442,7389,14831
20220709,3호선,을지로3가,5479,5834,11313
20220709,3호선,일원,5290,5252,10542
20220709,3호선,잠원,3660,3461,7121
20220709,3호선,종로3가,6371,9173,15544
20220709,3호선,지축,3853,3607,7460
20220709,3호선,학여울,2776,2831,5607
20220709,3호선,홍제,13892,12590,26482
20220709,4호선,길음,15926,14679,30605
20220709,4호선,남태령,1265,785,2050
20220709,4호선,노원,16929,19058,35987
20220709,4호선,당고개,8157,7364,15521
20220709,4호선,동대문,14953,15555,30508
20220709,4호선,동대문역사문화공원,12334,10665,22999
20220709,4호선,동작,1358,1366,2724
20220709,4호선,명동,16468,18960,35428
20220709,4호선,미아,11217,10317,21534
20220709,4호선,미아사거리,23570,22114,45684
20220709,4호선,사당,24411,21790,46201
20220709,4호선,삼각지,3906,5110,9016
20220709,4호선,상계,14611,13341,27952
20220709,4호선,서울역,6506,15647,22153
20220709,4호선,성신여대입구,17449,16633,34082
20220709,4호선,수유,27863,27467,55330
20220709,4호선,숙대입구,10141,9669,19810
20220709,4호선,신용산,12864,14074,26938
20220709,4호선,쌍문,22514,19614,42128
20220709,4호선,이촌,8614,9422,18036
20220709,4호선,창동,20659,21660,42319
20220709,4호선,총신대입구,15580,16723,32303
20220709,4호선,충무로,13034,14664,27698
20220709,4호선,한성대입구,10702,10203,20905
20220709,4호선,혜화,30220,32190,62410
20220709,4호선,회현,19193,20249,39442
20220709,5호선,강동,13757,12843,26600
20220709,5호선,강일,3437,3061,6498
20220709,5호선,개롱,4313,4377,8690
20220709,5호선,개화산,3997,3754,7751
20220709,5호선,거여,7150,6541,13691
20220709,5호선,고덕,6868,6661,13529
20220709,5호선,공덕,7667,7783,15450
20220709,5호선,광나루,11603,10833,22436
20220709,5호선,광화문,17207,18073,35280
20220709,5호선,군자,8677,9795,18472
20220709,5호선,굽은다리,8095,7675,15770
20220709,5호선,길동,6479,6550,13029
20220709,5호선,김포공항,8735,8904,17639
20220709,5호선,까치산,22276,20489,42765
20220709,5호선,답십리,10848,9615,20463
20220709,5호선,동대문역사문화공원,1085,1327,2412
20220709,5호선,둔촌동,5994,5971,11965
20220709,5호선,마곡,5932,6114,12046
20220709,5호선,마장,3909,3728,7637
20220709,5호선,마천,4932,5001,9933
20220709,5호선,마포,7969,8117,16086
20220709,5호선,명일,6700,6583,13283
20220709,5호선,목동,11875,11753,23628
20220709,5호선,미사,13050,13187,26237
20220709,5호선,발산,13825,15253,29078
20220709,5호선,방이,5256,5200,10456
20220709,5호선,방화,4969,4705,9674
20220709,5호선,상일동,10020,9199,19219
20220709,5호선,서대문,7959,7557,15516
20220709,5호선,송정,5283,5054,10337
20220709,5호선,신금호,4388,4469,8857
20220709,5호선,신길,2890,2778,5668
20220709,5호선,신정,9632,7974,17606
20220709,5호선,아차산,12356,11614,23970
20220709,5호선,애오개,3920,3803,7723
20220709,5호선,양평,4009,3656,7665
20220709,5호선,여의나루,14470,16494,30964
20220709,5호선,여의도,12870,13661,26531
20220709,5호선,영등포구청,2188,1962,4150
20220709,5호선,영등포시장,8607,8812,17419
20220709,5호선,오금,2231,2095,4326
20220709,5호선,오목교,17750,18272,36022
20220709,5호선,올림픽공원,3338,2701,6039
20220709,5호선,왕십리,3639,4796,8435
20220709,5호선,우장산,10632,10349,20981
20220709,5호선,을지로4가,3451,3814,7265
20220709,5호선,장한평,12054,11555,23609
20220709,5호선,종로3가,12954,13305,26259
20220709,5호선,천호,18560,17645,36205
20220709,5호선,청구,2712,2425,5137
20220709,5호선,충정로,2117,1901,4018
20220709,5호선,하남검단산,6206,6010,12216
20220709,5호선,하남시청,6278,5895,12173
20220709,5호선,하남풍산,3224,3169,6393
20220709,5호선,행당,6053,5057,11110
20220709,5호선,화곡,21408,19257,40665
20220709,6호선,고려대,5628,5349,10977
20220709,6호선,공덕,10961,10376,21337
20220709,6호선,광흥창,5471,4983,10454
20220709,6호선,구산,5983,4428,10411
20220709,6호선,녹사평,5370,6040,11410
20220709,6호선,대흥,5918,6001,11919
20220709,6호선,독바위,2176,2248,4424
20220709,6호선,돌곶이,6350,5874,12224
20220709,6호선,동묘앞,7654,7337,14991
20220709,6호선,디지털미디어시티,8173,8025,16198
20220709,6호선,마포구청,9723,8345,18068
20220709,6호선,망원,12650,13668,26318
20220709,6호선,버티고개,1567,1673,3240
20220709,6호선,보문,5281,4681,9962
20220709,6호선,봉화산,5781,5548,11329
20220709,6호선,불광,4144,3707,7851
20220709,6호선,삼각지,6011,4466,10477
20220709,6호선,상수,9143,11479,20622
20220709,6호선,상월곡,4312,3653,7965
20220709,6호선,새절,9161,8409,17570
20220709,6호선,석계,8944,8852,17796
20220709,6호선,신당,4882,4620,9502
20220709,6호선,안암,6784,6365,13149
20220709,6호선,약수,2621,2618,5239
20220709,6호선,역촌,2765,2927,5692
20220709,6호선,연신내,1,0,1
20220709,6호선,월곡,7657,7198,14855
20220709,6호선,월드컵경기장,4742,4967,9709
20220709,6호선,응암,13321,12884,26205
20220709,6호선,이태원,15191,20343,35534
20220709,6호선,증산,7810,7339,15149
20220709,6호선,창신,2221,1807,4028
20220709,6호선,청구,2420,2373,4793
20220709,6호선,태릉입구,4375,4477,8852
20220709,6호선,한강진,9321,11488,20809
20220709,6호선,합정,13286,12966,26252
20220709,6호선,화랑대,7141,5910,13051
20220709,6호선,효창공원앞,4892,4073,8965
20220709,7호선,가산디지털단지,15518,13943,29461
20220709,7호선,강남구청,9965,11176,21141
20220709,7호선,건대입구,11968,12873,24841
20220709,7호선,고속터미널,16311,12484,28795
20220709,7호선,공릉,9090,8564,17654
20220709,7호선,광명사거리,17982,17700,35682
20220709,7호선,군자,11602,8546,20148
20220709,7호선,남구로,8626,8977,17603
20220709,7호선,남성,8262,7415,15677
20220709,7호선,내방,8325,8306,16631
20220709,7호선,노원,17377,18293,35670
20220709,7호선,논현,10601,11461,22062
20220709,7호선,대림,7617,8217,15834
20220709,7호선,도봉산,6821,9229,16050
20220709,7호선,뚝섬유원지,10057,9302,19359
20220709,7호선,마들,9695,8882,18577
20220709,7호선,먹골,8194,7681,15875
20220709,7호선,면목,11272,10535,21807
20220709,7호선,반포,4851,4663,9514
20220709,7호선,보라매,5645,5459,11104
20220709,7호선,사가정,12725,12053,24778
20220709,7호선,상도,8206,7365,15571
20220709,7호선,상봉,14336,13717,28053
20220709,7호선,수락산,11195,11020,22215
20220709,7호선,숭실대입구,8888,8665,17553
20220709,7호선,신대방삼거리,11134,10140,21274
20220709,7호선,신풍,8532,8165,16697
20220709,7호선,어린이대공원,9901,9421,19322
20220709,7호선,온수,5979,5919,11898
20220709,7호선,용마산,4765,4601,9366
20220709,7호선,이수,13827,13255,27082
20220709,7호선,장승배기,6938,6383,13321
20220709,7호선,장암,2015,1458,3473
20220709,7호선,중계,9950,8614,18564
20220709,7호선,중곡,7244,6622,13866
20220709,7호선,중화,8025,7481,15506
20220709,7호선,천왕,7466,7114,14580
20220709,7호선,철산,16616,16644,33260
20220709,7호선,청담,12014,13279,25293
20220709,7호선,태릉입구,7081,6457,13538
20220709,7호선,하계,13264,11962,25226
20220709,7호선,학동,11112,11737,22849
20220709,8호선,가락시장,5476,5673,11149
20220709,8호선,강동구청,6488,6526,13014
20220709,8호선,남위례,3864,3870,7734
20220709,8호선,남한산성입구,9898,8434,18332
20220709,8호선,단대오거리,8047,7634,15681
20220709,8호선,모란,5501,4762,10263
20220709,8호선,몽촌토성,4269,4404,8673
20220709,8호선,문정,8923,8787,17710
20220709,8호선,복정,6613,5458,12071
20220709,8호선,산성,4508,4462,8970
20220709,8호선,석촌,6092,7205,13297
20220709,8호선,송파,6263,5867,12130
20220709,8호선,수진,4568,4114,8682
20220709,8호선,신흥,3924,4156,8080
20220709,8호선,암사,13192,11709,24901
20220709,8호선,잠실,14921,17837,32758
20220709,8호선,장지,13304,12385,25689
20220709,8호선,천호,12786,15230,28016
20220709,9호선,가양,15064,14289,29353
20220709,9호선,개화,1487,1265,2752
20220709,9호선,고속터미널,15654,22519,38173
20220709,9호선,공항시장,2458,2445,4903
20220709,9호선,구반포,851,877,1728
20220709,9호선,국회의사당,5086,5255,10341
20220709,9호선,김포공항,8819,13152,21971
20220709,9호선,노들,3846,3201,7047
20220709,9호선,노량진,21486,21404,42890
20220709,9호선,당산,14208,13155,27363
20220709,9호선,동작,1515,1450,2965
20220709,9호선,등촌,7819,7218,15037
20220709,9호선,마곡나루,8497,8489,16986
20220709,9호선,사평,2728,2468,5196
20220709,9호선,샛강,3252,3013,6265
20220709,9호선,선유도,4097,3864,7961
20220709,9호선,신논현,27558,28211,55769
20220709,9호선,신목동,2696,2192,4888
20220709,9호선,신반포,3195,3249,6444
20220709,9호선,신방화,5180,4785,9965
20220709,9호선,양천향교,6136,5814,11950
20220709,9호선,여의도,14231,13773,28004
20220709,9호선,염창,12926,11801,24727
20220709,9호선,증미,4414,4174,8588
20220709,9호선,흑석,6346,6256,12602
20220709,9호선2~3단계,둔촌오륜,690,724,1414
20220709,9호선2~3단계,봉은사,19490,21329,40819
20220709,9호선2~3단계,삼성중앙,3488,3501,6989
20220709,9호선2~3단계,삼전,5283,4779,10062
20220709,9호선2~3단계,석촌,7327,5840,13167
20220709,9호선2~3단계,석촌고분,4607,4295,8902
20220709,9호선2~3단계,선정릉,5025,5616,10641
20220709,9호선2~3단계,송파나루,4439,4976,9415
20220709,9호선2~3단계,언주,6838,6785,13623
20220709,9호선2~3단계,올림픽공원,6238,6296,12534
20220709,9호선2~3단계,종합운동장,3777,3666,7443
20220709,9호선2~3단계,중앙보훈병원,5523,4994,10517
20220709,9호선2~3단계,한성백제,1954,1670,3624
20220709,경강선,경기광주,6093,5442,11535
20220709,경강선,곤지암,2076,2156,4232
20220709,경강선,부발,2336,1955,4291
20220709,경강선,삼동,1598,1502,3100
20220709,경강선,세종대왕릉,427,420,847
20220709,경강선,신둔도예촌,1326,1302,2628
20220709,경강선,여주,2771,3100,5871
20220709,경강선,이매,948,714,1662
20220709,경강선,이천,3045,3188,6233
20220709,경강선,초월,2551,2253,4804
20220709,경강선,판교,3560,3488,7048
20220709,경부선,가산디지털단지,6576,8562,15138
20220709,경부선,관악,6701,6297,12998
20220709,경부선,광명,2984,2759,5743
20220709,경부선,구로,14179,14935,29114
20220709,경부선,군포,4366,3899,8265
20220709,경부선,금정,20772,20605,41377
20220709,경부선,금천구청,8730,8428,17158
20220709,경부선,남영,6281,6174,12455
20220709,경부선,노량진,8231,7094,15325
20220709,경부선,당정,4486,4111,8597
20220709,경부선,대방,7426,7925,15351
20220709,경부선,독산,9446,8916,18362
20220709,경부선,두정,5977,5990,11967
20220709,경부선,명학,4898,4533,9431
20220709,경부선,병점,13422,13148,26570
20220709,경부선,서동탄,1219,1217,2436
20220709,경부선,서울역,9107,2294,11401
20220709,경부선,서정리,7752,6142,13894
20220709,경부선,석수,7193,6630,13823
20220709,경부선,성균관대,11373,11392,22765
20220709,경부선,성환,3246,3050,6296
20220709,경부선,세류,2895,2869,5764
20220709,경부선,세마,2661,2359,5020
20220709,경부선,송탄,5468,4743,10211
20220709,경부선,수원,41832,46059,87891
20220709,경부선,신길,6130,5054,11184
20220709,경부선,신도림,3195,3351,6546
20220709,경부선,안양,19624,19679,39303
20220709,경부선,영등포,45909,48752,94661
20220709,경부선,오산,10562,9805,20367
20220709,경부선,오산대,3159,2827,5986
20220709,경부선,용산,42518,46262,88780
20220709,경부선,의왕,6229,6012,12241
20220709,경부선,직산,778,744,1522
20220709,경부선,진위,1135,961,2096
20220709,경부선,천안,7180,7381,14561
20220709,경부선,평택,14850,14293,29143
20220709,경부선,평택지제,3709,3314,7023
20220709,경부선,화서,6308,6014,12322
20220709,경원선,가능,5577,5243,10820
20220709,경원선,광운대,5843,5704,11547
20220709,경원선,녹양,3733,3579,7312
20220709,경원선,녹천,3524,2903,6427
20220709,경원선,덕계,2759,2474,5233
20220709,경원선,덕정,4970,4447,9417
20220709,경원선,도봉,4869,4478,9347
20220709,경원선,도봉산,9074,6361,15435
20220709,경원선,동두천,1930,2245,4175
20220709,경원선,동두천중앙,2774,2722,5496
20220709,경원선,망월사,6018,6109,12127
20220709,경원선,방학,8053,7562,15615
20220709,경원선,보산,1801,1718,3519
20220709,경원선,서빙고,1620,1486,3106
20220709,경원선,석계,6940,7283,14223
20220709,경원선,소요산,4965,4284,9249
20220709,경원선,신이문,6509,5773,12282
20220709,경원선,양주,7194,6528,13722
20220709,경원선,옥수,49,33,82
20220709,경원선,왕십리,14842,16987,31829
20220709,경원선,외대앞,6335,5916,12251
20220709,경원선,월계,4893,4447,9340
20220709,경원선,응봉,1602,1296,2898
20220709,경원선,의정부,19258,20595,39853
20220709,경원선,이촌,3364,2434,5798
20220709,경원선,지행,6492,6311,12803
20220709,경원선,창동,1,0,1
20220709,경원선,청량리,18192,19219,37411
20220709,경원선,한남,2896,2734,5630
20220709,경원선,회룡,10469,10241,20710
20220709,경의선,가좌,4314,4043,8357
20220709,경의선,강매,2200,1981,4181
20220709,경의선,곡산,456,450,906
20220709,경의선,공덕,3037,2331,5368
20220709,경의선,금릉,4279,4043,8322
20220709,경의선,금촌,6208,5791,11999
20220709,경의선,능곡,2978,2936,5914
20220709,경의선,디지털미디어시티,2186,1981,4167
20220709,경의선,문산,5912,5563,11475
20220709,경의선,백마,4824,4418,9242
20220709,경의선,서강대,1882,1792,3674
20220709,경의선,서울역,1470,1616,3086
20220709,경의선,수색,1678,1613,3291
20220709,경의선,신촌,421,461,882
20220709,경의선,야당,7273,7338,14611
20220709,경의선,운정,5580,4902,10482
20220709,경의선,월롱,1975,1662,3637
20220709,경의선,일산,6808,6360,13168
20220709,경의선,임진강,75,60,135
20220709,경의선,탄현,5992,5464,11456
20220709,경의선,파주,1002,703,1705
20220709,경의선,풍산,4631,4387,9018
20220709,경의선,행신,5926,5884,11810
20220709,경의선,홍대입구,2420,3125,5545
20220709,경의선,화전,1143,1000,2143
20220709,경의선,효창공원앞,1830,1984,3814
20220709,경인선,간석,4662,4441,9103
20220709,경인선,개봉,17479,16469,33948
20220709,경인선,구일,6801,6591,13392
20220709,경인선,도원,2347,2323,4670
20220709,경인선,도화,3455,3223,6678
20220709,경인선,동암,13644,13665,27309
20220709,경인선,동인천,12608,12537,25145
20220709,경인선,백운,6011,5982,11993
20220709,경인선,부개,7092,6387,13479
20220709,경인선,부천,30905,31781,62686
20220709,경인선,부평,31378,34501,65879
20220709,경인선,소사,7293,7226,14519
20220709,경인선,송내,19916,19447,39363
20220709,경인선,역곡,21707,21013,42720
20220709,경인선,오류동,9586,8472,18058
20220709,경인선,온수,5264,4803,10067
20220709,경인선,인천,5053,4214,9267
20220709,경인선,제물포,8107,7457,15564
20220709,경인선,주안,16906,15124,32030
20220709,경인선,중동,7176,6492,13668
20220709,경춘선,가평,3208,4472,7680
20220709,경춘선,갈매,2148,1765,3913
20220709,경춘선,강촌,745,872,1617
20220709,경춘선,굴봉산,198,209,407
20220709,경춘선,금곡,1187,1086,2273
20220709,경춘선,김유정,496,625,1121
20220709,경춘선,남춘천,3149,3382,6531
20220709,경춘선,대성리,1932,1669,3601
20220709,경춘선,마석,3575,3474,7049
20220709,경춘선,백양리,108,170,278
20220709,경춘선,별내,2508,2323,4831
20220709,경춘선,사릉,1891,1801,3692
20220709,경춘선,상천,401,373,774
20220709,경춘선,신내,1425,1374,2799
20220709,경춘선,천마산,1462,1366,2828
20220709,경춘선,청평,2292,2703,4995
20220709,경춘선,춘천,2114,1954,4068
20220709,경춘선,퇴계원,2769,2416,5185
20220709,경춘선,평내호평,4987,4851,9838
20220709,공항철도 1호선,검암,4992,5112,10104
20220709,공항철도 1호선,계양,8204,7505,15709
20220709,공항철도 1호선,공덕,1782,2791,4573
20220709,공항철도 1호선,공항화물청사,1338,1359,2697
20220709,공항철도 1호선,김포공항,11829,5973,17802
20220709,공항철도 1호선,디지털미디어시티,6199,5665,11864
20220709,공항철도 1호선,마곡나루,3309,3587,6896
20220709,공항철도 1호선,서울역,9391,9401,18792
20220709,공항철도 1호선,영종,3532,3475,7007
20220709,공항철도 1호선,운서,7277,7532,14809
20220709,공항철도 1호선,인천공항1터미널,8006,7406,15412
20220709,공항철도 1호선,인천공항2터미널,3722,3335,7057
20220709,공항철도 1호선,청라국제도시,4936,4769,9705
20220709,공항철도 1호선,홍대입구,15123,15393,30516
20220709,과천선,경마공원,13942,14013,27955
20220709,과천선,과천,5567,5126,10693
20220709,과천선,대공원,12398,14776,27174
20220709,과천선,범계,22985,22768,45753
20220709,과천선,선바위,6045,5318,11363
20220709,과천선,인덕원,18264,18114,36378
20220709,과천선,정부과천청사,7461,7178,14639
20220709,과천선,평촌,9978,9745,19723
20220709,분당선,가천대,5170,5627,10797
20220709,분당선,강남구청,5155,6141,11296
20220709,분당선,개포동,3146,3011,6157
20220709,분당선,구룡,1463,1279,2742
20220709,분당선,구성,3789,3756,7545
20220709,분당선,기흥,7765,7268,15033
20220709,분당선,대모산입구,3405,3170,6575
20220709,분당선,도곡,5008,4548,9556
20220709,분당선,망포,10629,9581,20210
20220709,분당선,매교,2230,2182,4412
20220709,분당선,매탄권선,4096,3639,7735
20220709,분당선,모란,22656,23646,46302
20220709,분당선,미금,11495,11956,23451
20220709,분당선,보정,1868,1643,3511
20220709,분당선,복정,3,0,3
20220709,분당선,상갈,4210,4102,8312
20220709,분당선,서울숲,9009,9519,18528
20220709,분당선,서현,21565,21745,43310
20220709,분당선,선릉,5689,8582,14271
20220709,분당선,선정릉,3373,3447,6820
20220709,분당선,수내,9822,9158,18980
20220709,분당선,수서,11137,11543,22680
20220709,분당선,수원,8437,6812,15249
20220709,분당선,수원시청,11722,13736,25458
20220709,분당선,신갈,3038,3016,6054
20220709,분당선,압구정로데오,18583,22073,40656
20220709,분당선,야탑,18940,19874,38814
20220709,분당선,영통,7479,7489,14968
20220709,분당선,오리,8255,6686,14941
20220709,분당선,이매,4352,4125,8477
20220709,분당선,정자,11906,11800,23706
20220709,분당선,죽전,10784,12152,22936
20220709,분당선,청명,3042,2992,6034
20220709,분당선,태평,11449,10752,22201
20220709,분당선,한티,13381,12774,26155
20220709,수인선,고색,2793,2670,5463
20220709,수인선,남동인더스파크,1044,984,2028
20220709,수인선,달월,86,82,168
20220709,수인선,사리,4046,3300,7346
20220709,수인선,소래포구,5251,5198,10449
20220709,수인선,송도,2100,2037,4137
20220709,수인선,숭의,2911,2668,5579
20220709,수인선,신포,1578,1585,3163
20220709,수인선,야목,313,294,607
20220709,수인선,어천,951,805,1756
20220709,수인선,연수,4334,4411,8745
20220709,수인선,오목천,2519,2007,4526
20220709,수인선,원인재,3870,4020,7890
20220709,수인선,월곶,2432,2325,4757
20220709,수인선,인천,1378,2238,3616
20220709,수인선,인천논현,4814,4974,9788
20220709,수인선,인하대,4589,4278,8867
20220709,수인선,호구포,2830,2603,5433
20220709,신림선,관악산,4418,4648,9066
20220709,신림선,당곡,3058,2670,5728
20220709,신림선,대방,1794,1180,2974
20220709,신림선,보라매,2190,1963,4153
20220709,신림선,보라매공원,1417,1419,2836
20220709,신림선,보라매병원,2968,3011,5979
20220709,신림선,샛강,1099,1479,2578
20220709,신림선,서울대벤처타운,5708,5094,10802
20220709,신림선,서울지방병무청,1668,1770,3438
20220709,신림선,서원,2298,1976,4274
20220709,신림선,신림,1410,1909,3319
20220709,안산선,고잔,6887,6849,13736
20220709,안산선,대야미,4175,3746,7921
20220709,안산선,반월,3902,3680,7582
20220709,안산선,산본,13790,14662,28452
20220709,안산선,상록수,13391,12941,26332
20220709,안산선,수리산,3123,2659,5782
20220709,안산선,신길온천,1679,1608,3287
20220709,안산선,안산,10398,10743,21141
20220709,안산선,오이도,8269,8394,16663
20220709,안산선,정왕,7208,7275,14483
20220709,안산선,중앙,17546,18571,36117
20220709,안산선,초지,3921,3712,7633
20220709,안산선,한대앞,7638,7558,15196
20220709,우이신설선,4.19민주묘지,2605,2304,4909
20220709,우이신설선,가오리,3282,3086,6368
20220709,우이신설선,보문,1221,1107,2328
20220709,우이신설선,북한산보국문,5119,4410,9529
20220709,우이신설선,북한산우이,3906,4160,8066
20220709,우이신설선,삼양,1645,1567,3212
20220709,우이신설선,삼양사거리,2203,2010,4213
20220709,우이신설선,성신여대입구,2932,3507,6439
20220709,우이신설선,솔밭공원,1920,1809,3729
20220709,우이신설선,솔샘,4196,3565,7761
20220709,우이신설선,신설동,1420,1445,2865
20220709,우이신설선,정릉,3902,3108,7010
20220709,우이신설선,화계,2671,2503,5174
20220709,일산선,대곡,1552,1368,2920
20220709,일산선,대화,9195,8034,17229
20220709,일산선,마두,5419,5440,10859
20220709,일산선,백석,7904,7810,15714
20220709,일산선,삼송,15926,15074,31000
20220709,일산선,원당,8959,8316,17275
20220709,일산선,원흥,8104,7438,15542
20220709,일산선,정발산,7296,7935,15231
20220709,일산선,주엽,7642,7241,14883
20220709,일산선,화정,13816,14071,27887
20220709,장항선,배방,1154,1152,2306
20220709,장항선,봉명,946,917,1863
20220709,장항선,신창,1098,1020,2118
20220709,장항선,쌍용,1932,1697,3629
20220709,장항선,아산,3453,3435,6888
20220709,장항선,온양온천,5617,5593,11210
20220709,장항선,탕정,887,760,1647
20220709,중앙선,구리,11117,11400,22517
20220709,중앙선,국수,689,759,1448
20220709,중앙선,덕소,5018,5036,10054
20220709,중앙선,도농,7751,7286,15037
20220709,중앙선,도심,1804,1515,3319
20220709,중앙선,망우,7104,6880,13984
20220709,중앙선,상봉,5154,4989,10143
20220709,중앙선,신원,239,173,412
20220709,중앙선,아신,780,772,1552
20220709,중앙선,양수,2958,3035,5993
20220709,중앙선,양원,2007,1978,3985
20220709,중앙선,양정,624,502,1126
20220709,중앙선,양평,3116,3271,6387
20220709,중앙선,오빈,333,328,661
20220709,중앙선,용문,2644,3104,5748
20220709,중앙선,운길산,1073,1080,2153
20220709,중앙선,원덕,466,473,939
20220709,중앙선,중랑,4771,4410,9181
20220709,중앙선,지평,66,80,146
20220709,중앙선,팔당,1412,1431,2843
20220709,중앙선,회기,21077,19192,40269
20220710,1호선,동대문,10014,10464,20478
20220710,1호선,동묘앞,10958,10851,21809
20220710,1호선,서울역,30175,28550,58725
20220710,1호선,시청,8580,8041,16621
20220710,1호선,신설동,7527,7502,15029
20220710,1호선,제기동,10204,10663,20867
20220710,1호선,종각,14022,12592,26614
20220710,1호선,종로3가,14891,12767,27658
20220710,1호선,종로5가,9810,9665,19475
20220710,1호선,청량리,12819,13189,26008
20220710,2호선,강남,37133,35597,72730
20220710,2호선,강변,25106,23256,48362
20220710,2호선,건대입구,27328,29135,56463
20220710,2호선,교대,11303,12523,23826
20220710,2호선,구로디지털단지,25222,24884,50106
20220710,2호선,구의,11818,11765,23583
20220710,2호선,낙성대,16671,17351,34022
20220710,2호선,당산,8453,9285,17738
20220710,2호선,대림,15859,16131,31990
20220710,2호선,도림천,506,467,973
20220710,2호선,동대문역사문화공원,8492,10378,18870
20220710,2호선,뚝섬,10459,10789,21248
20220710,2호선,문래,7409,7854,15263
20220710,2호선,방배,7215,7774,14989
20220710,2호선,봉천,13299,12668,25967
20220710,2호선,사당,24676,26737,51413
20220710,2호선,삼성,32636,31402,64038
20220710,2호선,상왕십리,7395,7366,14761
20220710,2호선,서울대입구,27091,28154,55245
20220710,2호선,서초,13277,11846,25123
20220710,2호선,선릉,14125,12292,26417
20220710,2호선,성수,15562,16957,32519
20220710,2호선,시청,6970,5670,12640
20220710,2호선,신답,769,833,1602
20220710,2호선,신당,8116,8365,16481
20220710,2호선,신대방,15752,15314,31066
20220710,2호선,신도림,28877,29650,58527
20220710,2호선,신림,37495,36828,74323
20220710,2호선,신설동,3129,3030,6159
20220710,2호선,신정네거리,5570,5562,11132
20220710,2호선,신촌,25382,24808,50190
20220710,2호선,아현,5519,5448,10967
20220710,2호선,양천구청,3336,3517,6853
20220710,2호선,역삼,11554,12726,24280
20220710,2호선,영등포구청,7673,7975,15648
20220710,2호선,왕십리,10078,8855,18933
20220710,2호선,용답,1764,1650,3414
20220710,2호선,용두,1092,1064,2156
20220710,2호선,을지로3가,9154,8849,18003
20220710,2호선,을지로4가,4000,3825,7825
20220710,2호선,을지로입구,17556,16931,34487
20220710,2호선,이대,7314,8047,15361
20220710,2호선,잠실,53991,50798,104789
20220710,2호선,잠실나루,5677,5788,11465
20220710,2호선,잠실새내,12386,12958,25344
20220710,2호선,종합운동장,9814,10937,20751
20220710,2호선,충정로,3812,4113,7925
20220710,2호선,한양대,2589,2901,5490
20220710,2호선,합정,21751,23608,45359
20220710,2호선,홍대입구,58059,57719,115778
20220710,3호선,가락시장,3752,4010,7762
20220710,3호선,경복궁,14680,15816,30496
20220710,3호선,경찰병원,2960,2976,5936
20220710,3호선,고속터미널,47291,43582,90873
20220710,3호선,교대,4788,2929,7717
20220710,3호선,구파발,12896,13248,26144
20220710,3호선,금호,4295,4177,8472
20220710,3호선,남부터미널,15818,16647,32465
20220710,3호선,녹번,7547,6799,14346
20220710,3호선,대청,4290,4136,8426
20220710,3호선,대치,6143,5432,11575
20220710,3호선,도곡,1948,2010,3958
20220710,3호선,독립문,4127,4369,8496
20220710,3호선,동대입구,5237,5671,10908
20220710,3호선,매봉,4503,4547,9050
20220710,3호선,무악재,1872,1993,3865
20220710,3호선,불광,9886,11473,21359
20220710,3호선,수서,10684,10777,21461
20220710,3호선,신사,13923,14083,28006
20220710,3호선,안국,11627,11765,23392
20220710,3호선,압구정,14896,15525,30421
20220710,3호선,약수,6696,6503,13199
20220710,3호선,양재,13700,15780,29480
20220710,3호선,연신내,22357,21045,43402
20220710,3호선,오금,2793,2685,5478
20220710,3호선,옥수,5020,5290,10310
20220710,3호선,을지로3가,3645,3351,6996
20220710,3호선,일원,3661,3724,7385
20220710,3호선,잠원,2173,2245,4418
20220710,3호선,종로3가,4430,5612,10042
20220710,3호선,지축,2744,2541,5285
20220710,3호선,학여울,2132,2241,4373
20220710,3호선,홍제,9603,9145,18748
20220710,4호선,길음,11167,10826,21993
20220710,4호선,남태령,901,564,1465
20220710,4호선,노원,12428,13373,25801
20220710,4호선,당고개,6395,6154,12549
20220710,4호선,동대문,6789,7681,14470
20220710,4호선,동대문역사문화공원,10000,8773,18773
20220710,4호선,동작,893,952,1845
20220710,4호선,명동,13604,13440,27044
20220710,4호선,미아,8448,7994,16442
20220710,4호선,미아사거리,17009,16138,33147
20220710,4호선,사당,17337,15960,33297
20220710,4호선,삼각지,3061,4099,7160
20220710,4호선,상계,10557,9831,20388
20220710,4호선,서울역,4904,12015,16919
20220710,4호선,성신여대입구,12971,12703,25674
20220710,4호선,수유,20795,20124,40919
20220710,4호선,숙대입구,8069,7970,16039
20220710,4호선,신용산,9859,10220,20079
20220710,4호선,쌍문,16325,14904,31229
20220710,4호선,이촌,6408,6972,13380
20220710,4호선,창동,15216,15918,31134
20220710,4호선,총신대입구,10753,11582,22335
20220710,4호선,충무로,8158,8807,16965
20220710,4호선,한성대입구,7771,7735,15506
20220710,4호선,혜화,23747,24909,48656
20220710,4호선,회현,8982,8844,17826
20220710,5호선,강동,9282,9091,18373
20220710,5호선,강일,2388,2242,4630
20220710,5호선,개롱,3034,3305,6339
20220710,5호선,개화산,2763,2794,5557
20220710,5호선,거여,4722,4465,9187
20220710,5호선,고덕,4344,4583,8927
20220710,5호선,공덕,4580,4524,9104
20220710,5호선,광나루,7714,7294,15008
20220710,5호선,광화문,12048,12614,24662
20220710,5호선,군자,6128,7020,13148
20220710,5호선,굽은다리,5887,5639,11526
20220710,5호선,길동,4227,4205,8432
20220710,5호선,김포공항,8094,7904,15998
20220710,5호선,까치산,15929,15333,31262
20220710,5호선,답십리,7645,7097,14742
20220710,5호선,동대문역사문화공원,767,858,1625
20220710,5호선,둔촌동,4531,4558,9089
20220710,5호선,마곡,3814,3929,7743
20220710,5호선,마장,2879,2706,5585
20220710,5호선,마천,3598,3904,7502
20220710,5호선,마포,4898,4856,9754
20220710,5호선,명일,5275,5318,10593
20220710,5호선,목동,7916,8064,15980
20220710,5호선,미사,9214,9448,18662
20220710,5호선,발산,9545,10325,19870
20220710,5호선,방이,3887,3849,7736
20220710,5호선,방화,3699,3712,7411
20220710,5호선,상일동,6967,6786,13753
20220710,5호선,서대문,5217,5058,10275
20220710,5호선,송정,3673,3758,7431
20220710,5호선,신금호,3026,3336,6362
20220710,5호선,신길,2076,2215,4291
20220710,5호선,신정,6389,5842,12231
20220710,5호선,아차산,9475,9158,18633
20220710,5호선,애오개,2734,2803,5537
20220710,5호선,양평,2624,2755,5379
20220710,5호선,여의나루,13251,14672,27923
20220710,5호선,여의도,9042,9544,18586
20220710,5호선,영등포구청,1316,1285,2601
20220710,5호선,영등포시장,5468,5618,11086
20220710,5호선,오금,1609,1522,3131
20220710,5호선,오목교,12184,12733,24917
20220710,5호선,올림픽공원,2411,2010,4421
20220710,5호선,왕십리,2523,3226,5749
20220710,5호선,우장산,7231,7437,14668
20220710,5호선,을지로4가,1655,1718,3373
20220710,5호선,장한평,8097,8241,16338
20220710,5호선,종로3가,8959,8058,17017
20220710,5호선,천호,13188,12532,25720
20220710,5호선,청구,1884,1710,3594
20220710,5호선,충정로,1490,1585,3075
20220710,5호선,하남검단산,5001,4846,9847
20220710,5호선,하남시청,4277,4120,8397
20220710,5호선,하남풍산,2403,2327,4730
20220710,5호선,행당,4004,3623,7627
20220710,5호선,화곡,14632,14002,28634
20220710,6호선,고려대,4136,4047,8183
20220710,6호선,공덕,6797,6392,13189
20220710,6호선,광흥창,4338,4208,8546
20220710,6호선,구산,3975,3228,7203
20220710,6호선,녹사평,3939,3756,7695
20220710,6호선,대흥,4010,4173,8183
20220710,6호선,독바위,1569,1857,3426
20220710,6호선,돌곶이,5725,5369,11094
20220710,6호선,동묘앞,5608,5807,11415
20220710,6호선,디지털미디어시티,5381,5773,11154
20220710,6호선,마포구청,6969,6395,13364
20220710,6호선,망원,9203,9952,19155
20220710,6호선,버티고개,1042,1148,2190
20220710,6호선,보문,4067,3933,8000
20220710,6호선,봉화산,3977,4035,8012
20220710,6호선,불광,3318,2994,6312
20220710,6호선,삼각지,4260,3132,7392
20220710,6호선,상수,6755,7814,14569
20220710,6호선,상월곡,3284,3003,6287
20220710,6호선,새절,6550,6304,12854
20220710,6호선,석계,6552,6912,13464
20220710,6호선,신당,3439,4157,7596
20220710,6호선,안암,4900,5246,10146
20220710,6호선,약수,1751,1757,3508
20220710,6호선,역촌,2116,2145,4261
20220710,6호선,월곡,5304,5264,10568
20220710,6호선,월드컵경기장,3277,3486,6763
20220710,6호선,응암,9481,9566,19047
20220710,6호선,이태원,13710,11372,25082
20220710,6호선,증산,5638,5664,11302
20220710,6호선,창신,1623,1519,3142
20220710,6호선,청구,1632,1536,3168
20220710,6호선,태릉입구,3140,3510,6650
20220710,6호선,한강진,6749,7464,14213
20220710,6호선,합정,9991,9042,19033
20220710,6호선,화랑대,5168,4544,9712
20220710,6호선,효창공원앞,3455,3103,6558
20220710,7호선,가산디지털단지,10710,9909,20619
20220710,7호선,강남구청,5218,5759,10977
20220710,7호선,건대입구,8578,8825,17403
20220710,7호선,고속터미널,14209,8768,22977
20220710,7호선,공릉,6291,6483,12774
20220710,7호선,광명사거리,12877,12961,25838
20220710,7호선,군자,8255,6403,14658
20220710,7호선,남구로,7215,7097,14312
20220710,7호선,남성,5693,5690,11383
20220710,7호선,내방,5432,5726,11158
20220710,7호선,노원,12244,12522,24766
20220710,7호선,논현,5583,5820,11403
20220710,7호선,대림,8312,8043,16355
20220710,7호선,도봉산,5974,7939,13913
20220710,7호선,뚝섬유원지,7462,7131,14593
20220710,7호선,마들,6082,5723,11805
20220710,7호선,먹골,5567,5546,11113
20220710,7호선,면목,8047,7741,15788
20220710,7호선,반포,3072,3047,6119
20220710,7호선,보라매,3840,3970,7810
20220710,7호선,사가정,8983,8781,17764
20220710,7호선,상도,5945,5890,11835
20220710,7호선,상봉,9616,8981,18597
20220710,7호선,수락산,8808,8888,17696
20220710,7호선,숭실대입구,6008,6419,12427
20220710,7호선,신대방삼거리,7928,7866,15794
20220710,7호선,신풍,6408,6074,12482
20220710,7호선,어린이대공원,7228,7298,14526
20220710,7호선,온수,4203,4245,8448
20220710,7호선,용마산,3792,3727,7519
20220710,7호선,이수,8724,8488,17212
20220710,7호선,장승배기,5018,4968,9986
20220710,7호선,장암,1726,1229,2955
20220710,7호선,중계,6836,6426,13262
20220710,7호선,중곡,5300,5136,10436
20220710,7호선,중화,5773,5581,11354
20220710,7호선,천왕,5186,5023,10209
20220710,7호선,철산,11091,11160,22251
20220710,7호선,청담,6937,7748,14685
20220710,7호선,태릉입구,5211,4821,10032
20220710,7호선,하계,9715,9282,18997
20220710,7호선,학동,6463,6752,13215
20220710,8호선,가락시장,3245,3891,7136
20220710,8호선,강동구청,4678,4819,9497
20220710,8호선,남위례,2551,2629,5180
20220710,8호선,남한산성입구,6965,6423,13388
20220710,8호선,단대오거리,5519,5495,11014
20220710,8호선,모란,2738,2398,5136
20220710,8호선,몽촌토성,3177,3218,6395
20220710,8호선,문정,5466,5754,11220
20220710,8호선,복정,4998,4665,9663
20220710,8호선,산성,3046,3191,6237
20220710,8호선,석촌,4314,5212,9526
20220710,8호선,송파,4657,4599,9256
20220710,8호선,수진,3157,2846,6003
20220710,8호선,신흥,2922,3132,6054
20220710,8호선,암사,9043,8603,17646
20220710,8호선,잠실,11782,13335,25117
20220710,8호선,장지,9597,9939,19536
20220710,8호선,천호,9130,10433,19563
20220710,9호선,가양,11801,11484,23285
20220710,9호선,개화,1143,1009,2152
20220710,9호선,고속터미널,12307,16810,29117
20220710,9호선,공항시장,1885,2093,3978
20220710,9호선,구반포,395,413,808
20220710,9호선,국회의사당,5228,4829,10057
20220710,9호선,김포공항,8740,12127,20867
20220710,9호선,노들,2682,2334,5016
20220710,9호선,노량진,14719,15814,30533
20220710,9호선,당산,9597,9616,19213
20220710,9호선,동작,1336,1118,2454
20220710,9호선,등촌,5236,5404,10640
20220710,9호선,마곡나루,5596,5806,11402
20220710,9호선,사평,1786,1867,3653
20220710,9호선,샛강,1993,1917,3910
20220710,9호선,선유도,2962,2938,5900
20220710,9호선,신논현,17504,16627,34131
20220710,9호선,신목동,1857,1692,3549
20220710,9호선,신반포,2120,2258,4378
20220710,9호선,신방화,3715,3616,7331
20220710,9호선,양천향교,4195,4350,8545
20220710,9호선,여의도,10993,10154,21147
20220710,9호선,염창,9063,8963,18026
20220710,9호선,증미,2643,2614,5257
20220710,9호선,흑석,4033,4311,8344
20220710,9호선2~3단계,둔촌오륜,618,619,1237
20220710,9호선2~3단계,봉은사,14767,15696,30463
20220710,9호선2~3단계,삼성중앙,2313,2290,4603
20220710,9호선2~3단계,삼전,3752,3726,7478
20220710,9호선2~3단계,석촌,4878,4196,9074
20220710,9호선2~3단계,석촌고분,3282,3280,6562
20220710,9호선2~3단계,선정릉,3094,3525,6619
20220710,9호선2~3단계,송파나루,3362,3679,7041
20220710,9호선2~3단계,언주,4086,3918,8004
20220710,9호선2~3단계,올림픽공원,4875,5095,9970
20220710,9호선2~3단계,종합운동장,2503,2307,4810
20220710,9호선2~3단계,중앙보훈병원,3955,3939,7894
20220710,9호선2~3단계,한성백제,1624,1454,3078
20220710,경강선,경기광주,4384,4336,8720
20220710,경강선,곤지암,1590,1783,3373
20220710,경강선,부발,1683,2251,3934
20220710,경강선,삼동,1136,1132,2268
20220710,경강선,세종대왕릉,302,273,575
20220710,경강선,신둔도예촌,1115,1035,2150
20220710,경강선,여주,2499,2370,4869
20220710,경강선,이매,747,598,1345
20220710,경강선,이천,2392,2583,4975
20220710,경강선,초월,1773,1716,3489
20220710,경강선,판교,2850,2687,5537
20220710,경부선,가산디지털단지,4701,6655,11356
20220710,경부선,관악,5097,4718,9815
20220710,경부선,광명,3015,2129,5144
20220710,경부선,구로,10540,10930,21470
20220710,경부선,군포,3164,3128,6292
20220710,경부선,금정,15240,15520,30760
20220710,경부선,금천구청,6091,6188,12279
20220710,경부선,남영,4978,5206,10184
20220710,경부선,노량진,5545,5092,10637
20220710,경부선,당정,2982,2964,5946
20220710,경부선,대방,5370,6033,11403
20220710,경부선,독산,6241,6371,12612
20220710,경부선,두정,4859,5372,10231
20220710,경부선,명학,3179,3096,6275
20220710,경부선,병점,9923,10831,20754
20220710,경부선,서동탄,812,823,1635
20220710,경부선,서울역,9350,1976,11326
20220710,경부선,서정리,4826,7139,11965
20220710,경부선,석수,5254,5017,10271
20220710,경부선,성균관대,8341,8859,17200
20220710,경부선,성환,2741,3168,5909
20220710,경부선,세류,2272,2155,4427
20220710,경부선,세마,2004,1936,3940
20220710,경부선,송탄,3810,4811,8621
20220710,경부선,수원,37288,36713,74001
20220710,경부선,신길,4574,4138,8712
20220710,경부선,신도림,2173,2503,4676
20220710,경부선,안양,14844,14345,29189
20220710,경부선,영등포,37877,36569,74446
20220710,경부선,오산,8479,9070,17549
20220710,경부선,오산대,2336,2186,4522
20220710,경부선,용산,39141,35727,74868
20220710,경부선,의왕,4255,4333,8588
20220710,경부선,직산,595,660,1255
20220710,경부선,진위,997,979,1976
20220710,경부선,천안,6777,6650,13427
20220710,경부선,평택,12708,13509,26217
20220710,경부선,평택지제,2864,2719,5583
20220710,경부선,화서,4506,4511,9017
20220710,경원선,가능,4133,3858,7991
20220710,경원선,광운대,4410,4444,8854
20220710,경원선,녹양,2799,2611,5410
20220710,경원선,녹천,2568,2237,4805
20220710,경원선,덕계,1994,1939,3933
20220710,경원선,덕정,3361,3647,7008
20220710,경원선,도봉,3615,3388,7003
20220710,경원선,도봉산,7987,5698,13685
20220710,경원선,동두천,1381,1915,3296
20220710,경원선,동두천중앙,2355,2181,4536
20220710,경원선,망월사,5026,5083,10109
20220710,경원선,방학,6061,5922,11983
20220710,경원선,보산,1389,1482,2871
20220710,경원선,서빙고,1862,1821,3683
20220710,경원선,석계,5132,5434,10566
20220710,경원선,소요산,4782,4258,9040
20220710,경원선,신이문,4791,4579,9370
20220710,경원선,양주,5315,5304,10619
20220710,경원선,옥수,63,26,89
20220710,경원선,왕십리,10713,12067,22780
20220710,경원선,외대앞,5042,4966,10008
20220710,경원선,월계,3618,3348,6966
20220710,경원선,응봉,1150,1089,2239
20220710,경원선,의정부,15090,15267,30357
20220710,경원선,이촌,2659,1985,4644
20220710,경원선,지행,4830,4878,9708
20220710,경원선,청량리,15817,14212,30029
20220710,경원선,한남,1866,1903,3769
20220710,경원선,회룡,7702,7693,15395
20220710,경의선,가좌,3055,3008,6063
20220710,경의선,강매,1499,1449,2948
20220710,경의선,곡산,356,332,688
20220710,경의선,공덕,1862,1485,3347
20220710,경의선,금릉,3014,3090,6104
20220710,경의선,금촌,4450,4854,9304
20220710,경의선,능곡,2167,2126,4293
20220710,경의선,디지털미디어시티,1601,1411,3012
20220710,경의선,문산,4162,4471,8633
20220710,경의선,백마,3547,3502,7049
20220710,경의선,서강대,1414,1436,2850
20220710,경의선,서울역,1265,1083,2348
20220710,경의선,수색,933,1012,1945
20220710,경의선,신촌,301,354,655
20220710,경의선,야당,5128,5156,10284
20220710,경의선,운정,3771,3714,7485
20220710,경의선,월롱,1107,2263,3370
20220710,경의선,일산,4944,4710,9654
20220710,경의선,임진강,57,37,94
20220710,경의선,탄현,4367,4185,8552
20220710,경의선,파주,669,623,1292
20220710,경의선,풍산,3623,3427,7050
20220710,경의선,행신,4967,4561,9528
20220710,경의선,홍대입구,1885,2275,4160
20220710,경의선,화전,871,901,1772
20220710,경의선,효창공원앞,1384,1572,2956
20220710,경인선,간석,3454,3160,6614
20220710,경인선,개봉,12130,12110,24240
20220710,경인선,구일,5215,5170,10385
20220710,경인선,도원,1754,1751,3505
20220710,경인선,도화,2520,2385,4905
20220710,경인선,동암,10364,10185,20549
20220710,경인선,동인천,9848,9629,19477
20220710,경인선,백운,4139,4120,8259
20220710,경인선,부개,5158,4717,9875
20220710,경인선,부천,22505,22511,45016
20220710,경인선,부평,24344,24347,48691
20220710,경인선,소사,5119,5186,10305
20220710,경인선,송내,13895,13553,27448
20220710,경인선,역곡,14838,15014,29852
20220710,경인선,오류동,7265,6820,14085
20220710,경인선,온수,3847,3539,7386
20220710,경인선,인천,4068,3337,7405
20220710,경인선,제물포,5665,5456,11121
20220710,경인선,주안,12786,11409,24195
20220710,경인선,중동,5173,4821,9994
20220710,경춘선,가평,3780,2494,6274
20220710,경춘선,갈매,1504,1245,2749
20220710,경춘선,강촌,1006,557,1563
20220710,경춘선,굴봉산,288,174,462
20220710,경춘선,금곡,908,895,1803
20220710,경춘선,김유정,414,441,855
20220710,경춘선,남춘천,2789,2731,5520
20220710,경춘선,대성리,1568,938,2506
20220710,경춘선,마석,2839,2749,5588
20220710,경춘선,백양리,194,127,321
20220710,경춘선,별내,1899,1775,3674
20220710,경춘선,사릉,1357,1401,2758
20220710,경춘선,상천,418,332,750
20220710,경춘선,신내,1013,1081,2094
20220710,경춘선,천마산,1117,1109,2226
20220710,경춘선,청평,2442,1665,4107
20220710,경춘선,춘천,2181,1589,3770
20220710,경춘선,퇴계원,2028,1962,3990
20220710,경춘선,평내호평,3615,3419,7034
20220710,공항철도 1호선,검암,3641,3795,7436
20220710,공항철도 1호선,계양,5989,5799,11788
20220710,공항철도 1호선,공덕,1269,1648,2917
20220710,공항철도 1호선,공항화물청사,1090,1144,2234
20220710,공항철도 1호선,김포공항,11824,6058,17882
20220710,공항철도 1호선,디지털미디어시티,3511,3630,7141
20220710,공항철도 1호선,마곡나루,2282,2602,4884
20220710,공항철도 1호선,서울역,9292,8213,17505
20220710,공항철도 1호선,영종,2835,2776,5611
20220710,공항철도 1호선,운서,6165,6400,12565
20220710,공항철도 1호선,인천공항1터미널,7988,7173,15161
20220710,공항철도 1호선,인천공항2터미널,4030,3722,7752
20220710,공항철도 1호선,청라국제도시,3630,3582,7212
20220710,공항철도 1호선,홍대입구,11826,11383,23209
20220710,과천선,경마공원,15470,15853,31323
20220710,과천선,과천,4053,3884,7937
20220710,과천선,대공원,7681,8641,16322
20220710,과천선,범계,16644,16466,33110
20220710,과천선,선바위,4451,3965,8416
20220710,과천선,인덕원,13272,13432,26704
20220710,과천선,정부과천청사,5190,5320,10510
20220710,과천선,평촌,6774,6382,13156
20220710,분당선,가천대,3996,4741,8737
20220710,분당선,강남구청,3038,3462,6500
20220710,분당선,개포동,2284,2248,4532
20220710,분당선,구룡,824,944,1768
20220710,분당선,구성,2617,2878,5495
20220710,분당선,기흥,5783,5473,11256
20220710,분당선,대모산입구,2253,2221,4474
20220710,분당선,도곡,2802,2940,5742
20220710,분당선,망포,6835,7179,14014
20220710,분당선,매교,1666,1663,3329
20220710,분당선,매탄권선,2908,2780,5688
20220710,분당선,모란,11894,12202,24096
20220710,분당선,미금,7867,8468,16335
20220710,분당선,보정,1237,1156,2393
20220710,분당선,상갈,3093,3245,6338
20220710,분당선,서울숲,6249,6182,12431
20220710,분당선,서현,16264,16205,32469
20220710,분당선,선릉,2959,4347,7306
20220710,분당선,선정릉,2007,2035,4042
20220710,분당선,수내,6481,6351,12832
20220710,분당선,수서,8718,8506,17224
20220710,분당선,수원,6239,5362,11601
20220710,분당선,수원시청,7881,7913,15794
20220710,분당선,신갈,2209,2331,4540
20220710,분당선,압구정로데오,10479,11553,22032
20220710,분당선,야탑,14336,14638,28974
20220710,분당선,영통,5329,5252,10581
20220710,분당선,오리,5927,5127,11054
20220710,분당선,이매,3756,3736,7492
20220710,분당선,정자,7932,8304,16236
20220710,분당선,죽전,7872,9080,16952
20220710,분당선,청명,2164,2247,4411
20220710,분당선,태평,8563,7978,16541
20220710,분당선,한티,9735,9392,19127
20220710,수인선,고색,1845,1890,3735
20220710,수인선,남동인더스파크,690,639,1329
20220710,수인선,달월,51,56,107
20220710,수인선,사리,2733,2385,5118
20220710,수인선,소래포구,4342,4090,8432
20220710,수인선,송도,1531,1490,3021
20220710,수인선,숭의,2002,1790,3792
20220710,수인선,신포,1178,1055,2233
20220710,수인선,야목,215,172,387
20220710,수인선,어천,591,724,1315
20220710,수인선,연수,3447,3537,6984
20220710,수인선,오목천,1687,1564,3251
20220710,수인선,원인재,2943,2981,5924
20220710,수인선,월곶,1805,1695,3500
20220710,수인선,인천,1179,1627,2806
20220710,수인선,인천논현,3016,3230,6246
20220710,수인선,인하대,3424,3208,6632
20220710,수인선,호구포,2150,2232,4382
20220710,신림선,관악산,4605,4615,9220
20220710,신림선,당곡,2351,2229,4580
20220710,신림선,대방,1226,887,2113
20220710,신림선,보라매,1627,1519,3146
20220710,신림선,보라매공원,1111,1192,2303
20220710,신림선,보라매병원,2070,2177,4247
20220710,신림선,샛강,808,1177,1985
20220710,신림선,서울대벤처타운,4425,4302,8727
20220710,신림선,서울지방병무청,1310,1486,2796
20220710,신림선,서원,1843,1721,3564
20220710,신림선,신림,1138,1800,2938
20220710,안산선,고잔,4806,4714,9520
20220710,안산선,대야미,3031,2800,5831
20220710,안산선,반월,2533,2566,5099
20220710,안산선,산본,9270,10036,19306
20220710,안산선,상록수,9994,9798,19792
20220710,안산선,수리산,2155,2056,4211
20220710,안산선,신길온천,1249,1219,2468
20220710,안산선,안산,10636,9621,20257
20220710,안산선,오이도,6300,6174,12474
20220710,안산선,정왕,6041,6388,12429
20220710,안산선,중앙,12904,12839,25743
20220710,안산선,초지,2708,2569,5277
20220710,안산선,한대앞,5601,5464,11065
20220710,우이신설선,4.19민주묘지,1925,1681,3606
20220710,우이신설선,가오리,2462,2299,4761
20220710,우이신설선,보문,966,1018,1984
20220710,우이신설선,북한산보국문,3806,3413,7219
20220710,우이신설선,북한산우이,3443,3507,6950
20220710,우이신설선,삼양,1092,1188,2280
20220710,우이신설선,삼양사거리,1603,1519,3122
20220710,우이신설선,성신여대입구,2414,2755,5169
20220710,우이신설선,솔밭공원,1495,1482,2977
20220710,우이신설선,솔샘,2946,2748,5694
20220710,우이신설선,신설동,1148,1153,2301
20220710,우이신설선,정릉,2855,2413,5268
20220710,우이신설선,화계,2204,2062,4266
20220710,일산선,대곡,1061,946,2007
20220710,일산선,대화,6804,6130,12934
20220710,일산선,마두,3549,3472,7021
20220710,일산선,백석,5872,5778,11650
20220710,일산선,삼송,11994,11749,23743
20220710,일산선,원당,6280,6107,12387
20220710,일산선,원흥,5875,5667,11542
20220710,일산선,정발산,6054,6065,12119
20220710,일산선,주엽,5191,5236,10427
20220710,일산선,화정,9776,10121,19897
20220710,장항선,배방,912,1056,1968
20220710,장항선,봉명,579,615,1194
20220710,장항선,신창,981,1189,2170
20220710,장항선,쌍용,1279,1268,2547
20220710,장항선,아산,3702,2271,5973
20220710,장항선,온양온천,3493,3541,7034
20220710,장항선,탕정,656,668,1324
20220710,중앙선,구리,8236,8424,16660
20220710,중앙선,국수,600,537,1137
20220710,중앙선,덕소,3757,3679,7436
20220710,중앙선,도농,5512,5506,11018
20220710,중앙선,도심,1369,1217,2586
20220710,중앙선,망우,5144,5176,10320
20220710,중앙선,상봉,3887,3879,7766
20220710,중앙선,신원,237,168,405
20220710,중앙선,아신,663,493,1156
20220710,중앙선,양수,2510,2324,4834
20220710,중앙선,양원,1386,1409,2795
20220710,중앙선,양정,468,401,869
20220710,중앙선,양평,2597,2426,5023
20220710,중앙선,오빈,265,244,509
20220710,중앙선,용문,4663,4107,8770
20220710,중앙선,운길산,1028,942,1970
20220710,중앙선,원덕,444,364,808
20220710,중앙선,중랑,3585,3530,7115
20220710,중앙선,지평,88,65,153
20220710,중앙선,팔당,1441,1435,2876
20220710,중앙선,회기,16067,16269,32336
20220716,1호선,동대문,10340,10049,20389
20220716,1호선,동묘앞,9980,10103,20083
20220716,1호선,서울역,39140,38213,77353
20220716,1호선,시청,25899,29437,55336
20220716,1호선,신설동,9917,9574,19491
20220716,1호선,제기동,15104,15122,30226
20220716,1호선,종각,23186,21761,44947
20220716,1호선,종로3가,23982,22923,46905
20220716,1호선,종로5가,19928,20018,39946
20220716,1호선,청량리,18183,18568,36751
20220716,2호선,강남,62348,62448,124796
20220716,2호선,강변,29477,28845,58322
20220716,2호선,건대입구,34521,38682,73203
20220716,2호선,교대,18941,21343,40284
20220716,2호선,구로디지털단지,35876,34687,70563
20220716,2호선,구의,16887,16455,33342
20220716,2호선,낙성대,22511,20592,43103
20220716,2호선,당산,13024,13979,27003
20220716,2호선,대림,18720,19823,38543
20220716,2호선,도림천,829,764,1593
20220716,2호선,동대문역사문화공원,11374,13292,24666
20220716,2호선,뚝섬,14226,14318,28544
20220716,2호선,문래,13258,14184,27442
20220716,2호선,방배,10020,10187,20207
20220716,2호선,봉천,18676,16555,35231
20220716,2호선,사당,34062,38903,72965
20220716,2호선,삼성,36882,36089,72971
20220716,2호선,상왕십리,10074,9307,19381
20220716,2호선,서울대입구,38713,37310,76023
20220716,2호선,서초,12747,10707,23454
20220716,2호선,선릉,26015,23169,49184
20220716,2호선,성수,22101,25234,47335
20220716,2호선,시청,21679,19706,41385
20220716,2호선,신답,1092,1124,2216
20220716,2호선,신당,11022,11508,22530
20220716,2호선,신대방,20489,19356,39845
20220716,2호선,신도림,39698,40404,80102
20220716,2호선,신림,50242,47444,97686
20220716,2호선,신설동,3514,3344,6858
20220716,2호선,신정네거리,7969,7812,15781
20220716,2호선,신촌,33421,34179,67600
20220716,2호선,아현,8197,7518,15715
20220716,2호선,양천구청,4623,4596,9219
20220716,2호선,역삼,18880,20764,39644
20220716,2호선,영등포구청,12431,12887,25318
20220716,2호선,왕십리,13549,11920,25469
20220716,2호선,용답,2188,2036,4224
20220716,2호선,용두,1860,1793,3653
20220716,2호선,을지로3가,13328,12818,26146
20220716,2호선,을지로4가,7713,7883,15596
20220716,2호선,을지로입구,28396,25978,54374
20220716,2호선,이대,11172,11474,22646
20220716,2호선,잠실,72338,68774,141112
20220716,2호선,잠실나루,7787,7679,15466
20220716,2호선,잠실새내,18892,20899,39791
20220716,2호선,종합운동장,39703,45635,85338
20220716,2호선,충정로,6152,6158,12310
20220716,2호선,한양대,4009,4185,8194
20220716,2호선,합정,28898,33582,62480
20220716,2호선,홍대입구,71624,81710,153334
20220716,3호선,가락시장,6161,5817,11978
20220716,3호선,경복궁,20201,21761,41962
20220716,3호선,경찰병원,4058,3915,7973
20220716,3호선,고속터미널,54662,54504,109166
20220716,3호선,교대,7839,4782,12621
20220716,3호선,구파발,16712,17227,33939
20220716,3호선,금호,6113,5460,11573
20220716,3호선,남부터미널,22900,22627,45527
20220716,3호선,녹번,11077,9377,20454
20220716,3호선,대청,6149,5655,11804
20220716,3호선,대치,11851,10462,22313
20220716,3호선,도곡,3375,3364,6739
20220716,3호선,독립문,5865,5826,11691
20220716,3호선,동대입구,6286,6870,13156
20220716,3호선,매봉,6743,6475,13218
20220716,3호선,무악재,2686,2711,5397
20220716,3호선,불광,13067,14699,27766
20220716,3호선,수서,13904,13919,27823
20220716,3호선,신사,24145,26063,50208
20220716,3호선,안국,19097,19099,38196
20220716,3호선,압구정,26286,27768,54054
20220716,3호선,약수,9452,9091,18543
20220716,3호선,양재,20292,22657,42949
20220716,3호선,연신내,29893,27607,57500
20220716,3호선,오금,3701,3518,7219
20220716,3호선,옥수,6932,7006,13938
20220716,3호선,을지로3가,5778,6146,11924
20220716,3호선,일원,5011,4878,9889
20220716,3호선,잠원,3747,3546,7293
20220716,3호선,종로3가,6735,9600,16335
20220716,3호선,지축,3875,3591,7466
20220716,3호선,학여울,2745,2856,5601
20220716,3호선,홍제,13442,12646,26088
20220716,4호선,길음,15416,14534,29950
20220716,4호선,남태령,1268,858,2126
20220716,4호선,노원,15741,18027,33768
20220716,4호선,당고개,7460,7035,14495
20220716,4호선,동대문,14251,14630,28881
20220716,4호선,동대문역사문화공원,12676,10990,23666
20220716,4호선,동작,1184,1218,2402
20220716,4호선,명동,17331,18647,35978
20220716,4호선,미아,11019,10039,21058
20220716,4호선,미아사거리,22308,21391,43699
20220716,4호선,사당,23267,20448,43715
20220716,4호선,삼각지,4274,5396,9670
20220716,4호선,상계,14031,12805,26836
20220716,4호선,서울역,7254,16133,23387
20220716,4호선,성신여대입구,16719,15834,32553
20220716,4호선,수유,26797,26354,53151
20220716,4호선,숙대입구,11187,10365,21552
20220716,4호선,신용산,12450,13527,25977
20220716,4호선,쌍문,21923,19529,41452
20220716,4호선,이촌,8689,9493,18182
20220716,4호선,창동,19910,20892,40802
20220716,4호선,총신대입구,14838,16007,30845
20220716,4호선,충무로,12850,13934,26784
20220716,4호선,한성대입구,10581,10193,20774
20220716,4호선,혜화,31215,32659,63874
20220716,4호선,회현,20629,19879,40508
20220716,5호선,강동,13420,12710,26130
20220716,5호선,강일,3132,2925,6057
20220716,5호선,개롱,4374,4540,8914
20220716,5호선,개화산,3816,3556,7372
20220716,5호선,거여,6610,6179,12789
20220716,5호선,고덕,6654,6360,13014
20220716,5호선,공덕,7400,7785,15185
20220716,5호선,광나루,10403,9925,20328
20220716,5호선,광화문,18890,18861,37751
20220716,5호선,군자,8620,9751,18371
20220716,5호선,굽은다리,7623,7219,14842
20220716,5호선,길동,6162,6265,12427
20220716,5호선,김포공항,7979,8224,16203
20220716,5호선,까치산,21784,20268,42052
20220716,5호선,답십리,10662,9631,20293
20220716,5호선,동대문역사문화공원,1167,1400,2567
20220716,5호선,둔촌동,5763,5825,11588
20220716,5호선,마곡,5733,5809,11542
20220716,5호선,마장,3809,3556,7365
20220716,5호선,마천,4784,4853,9637
20220716,5호선,마포,7722,7658,15380
20220716,5호선,명일,6224,6160,12384
20220716,5호선,목동,11544,11532,23076
20220716,5호선,미사,12369,12202,24571
20220716,5호선,발산,12957,14341,27298
20220716,5호선,방이,5316,5179,10495
20220716,5호선,방화,4739,4471,9210
20220716,5호선,상일동,9541,8662,18203
20220716,5호선,서대문,8028,7423,15451
20220716,5호선,송정,5268,4822,10090
20220716,5호선,신금호,4163,4266,8429
20220716,5호선,신길,2860,2896,5756
20220716,5호선,신정,9450,7707,17157
20220716,5호선,아차산,11593,10746,22339
20220716,5호선,애오개,4394,4233,8627
20220716,5호선,양평,3955,3611,7566
20220716,5호선,여의나루,10860,12389,23249
20220716,5호선,여의도,11798,12905,24703
20220716,5호선,영등포구청,2052,1936,3988
20220716,5호선,영등포시장,8209,8390,16599
20220716,5호선,오금,2045,1894,3939
20220716,5호선,오목교,17043,17371,34414
20220716,5호선,올림픽공원,3325,2617,5942
20220716,5호선,왕십리,3395,4370,7765
20220716,5호선,우장산,10402,9926,20328
20220716,5호선,을지로4가,3409,3734,7143
20220716,5호선,장한평,11506,11128,22634
20220716,5호선,종로3가,13548,13339,26887
20220716,5호선,천호,16556,15913,32469
20220716,5호선,청구,2550,2430,4980
20220716,5호선,충정로,2165,1976,4141
20220716,5호선,하남검단산,5381,5281,10662
20220716,5호선,하남시청,5734,5424,11158
20220716,5호선,하남풍산,2827,2870,5697
20220716,5호선,행당,5738,5116,10854
20220716,5호선,화곡,20838,18698,39536
20220716,6호선,고려대,5559,5165,10724
20220716,6호선,공덕,10601,9773,20374
20220716,6호선,광흥창,5465,5009,10474
20220716,6호선,구산,5790,4347,10137
20220716,6호선,녹사평,5396,6435,11831
20220716,6호선,대흥,6017,6122,12139
20220716,6호선,독바위,2104,2308,4412
20220716,6호선,돌곶이,6370,5825,12195
20220716,6호선,동묘앞,7417,7157,14574
20220716,6호선,디지털미디어시티,7969,8021,15990
20220716,6호선,마포구청,9791,8382,18173
20220716,6호선,망원,12256,13587,25843
20220716,6호선,버티고개,1495,1559,3054
20220716,6호선,보문,5369,4668,10037
20220716,6호선,봉화산,5459,5244,10703
20220716,6호선,불광,3908,3643,7551
20220716,6호선,삼각지,7266,4713,11979
20220716,6호선,상수,9041,11747,20788
20220716,6호선,상월곡,4231,3634,7865
20220716,6호선,새절,9002,8335,17337
20220716,6호선,석계,8796,8722,17518
20220716,6호선,신당,5157,4910,10067
20220716,6호선,안암,6420,6277,12697
20220716,6호선,약수,2688,2741,5429
20220716,6호선,역촌,2908,3078,5986
20220716,6호선,연신내,1,0,1
20220716,6호선,월곡,7399,7074,14473
20220716,6호선,월드컵경기장,7806,8065,15871
20220716,6호선,응암,13180,12860,26040
20220716,6호선,이태원,15452,20938,36390
20220716,6호선,증산,7582,7127,14709
20220716,6호선,창신,2208,1842,4050
20220716,6호선,청구,2577,2425,5002
20220716,6호선,태릉입구,4268,4471,8739
20220716,6호선,한강진,9808,11945,21753
20220716,6호선,합정,13298,12355,25653
20220716,6호선,화랑대,6905,5736,12641
20220716,6호선,효창공원앞,4754,4260,9014
20220716,7호선,가산디지털단지,14724,13180,27904
20220716,7호선,강남구청,9913,10922,20835
20220716,7호선,건대입구,11323,11931,23254
20220716,7호선,고속터미널,16044,12215,28259
20220716,7호선,공릉,8535,8126,16661
20220716,7호선,광명사거리,17299,17041,34340
20220716,7호선,군자,11087,8348,19435
20220716,7호선,남구로,8530,8942,17472
20220716,7호선,남성,8127,7368,15495
20220716,7호선,내방,8227,8176,16403
20220716,7호선,노원,16642,17122,33764
20220716,7호선,논현,10383,11147,21530
20220716,7호선,대림,7462,8060,15522
20220716,7호선,도봉산,6447,8331,14778
20220716,7호선,뚝섬유원지,7567,7027,14594
20220716,7호선,마들,9107,8397,17504
20220716,7호선,먹골,7909,7422,15331
20220716,7호선,면목,10924,10221,21145
20220716,7호선,반포,4743,4535,9278
20220716,7호선,보라매,5471,5229,10700
20220716,7호선,사가정,12016,11689,23705
20220716,7호선,상도,8064,7263,15327
20220716,7호선,상봉,13493,12853,26346
20220716,7호선,수락산,10276,10118,20394
20220716,7호선,숭실대입구,8497,8322,16819
20220716,7호선,신대방삼거리,11328,10404,21732
20220716,7호선,신풍,8891,8495,17386
20220716,7호선,어린이대공원,10642,10130,20772
20220716,7호선,온수,5859,5853,11712
20220716,7호선,용마산,4187,4091,8278
20220716,7호선,이수,12971,12354,25325
20220716,7호선,장승배기,6989,6574,13563
20220716,7호선,장암,2034,1411,3445
20220716,7호선,중계,9619,8364,17983
20220716,7호선,중곡,6999,6293,13292
20220716,7호선,중화,7740,7315,15055
20220716,7호선,천왕,7414,6867,14281
20220716,7호선,철산,15998,16160,32158
20220716,7호선,청담,11404,12467,23871
20220716,7호선,태릉입구,6675,6282,12957
20220716,7호선,하계,12407,11349,23756
20220716,7호선,학동,10955,11381,22336
20220716,8호선,가락시장,5241,5445,10686
20220716,8호선,강동구청,6214,6172,12386
20220716,8호선,남위례,3584,3596,7180
20220716,8호선,남한산성입구,9365,8223,17588
20220716,8호선,단대오거리,7653,7180,14833
20220716,8호선,모란,3703,3305,7008
20220716,8호선,몽촌토성,4401,4327,8728
20220716,8호선,문정,8628,8551,17179
20220716,8호선,복정,6138,5171,11309
20220716,8호선,산성,4301,4262,8563
20220716,8호선,석촌,5984,7015,12999
20220716,8호선,송파,6155,6047,12202
20220716,8호선,수진,4376,3937,8313
20220716,8호선,신흥,3764,3951,7715
20220716,8호선,암사,12717,11663,24380
20220716,8호선,잠실,13926,16394,30320
20220716,8호선,장지,12745,11756,24501
20220716,8호선,천호,12049,14004,26053
20220716,9호선,가양,14849,14125,28974
20220716,9호선,개화,1448,1180,2628
20220716,9호선,고속터미널,15143,21994,37137
20220716,9호선,공항시장,2427,2444,4871
20220716,9호선,구반포,635,687,1322
20220716,9호선,국회의사당,4479,4639,9118
20220716,9호선,김포공항,8657,12510,21167
20220716,9호선,노들,3540,2802,6342
20220716,9호선,노량진,21945,21431,43376
20220716,9호선,당산,14124,13012,27136
20220716,9호선,동작,1661,1448,3109
20220716,9호선,등촌,7519,7175,14694
20220716,9호선,마곡나루,8409,8129,16538
20220716,9호선,사평,2687,2558,5245
20220716,9호선,샛강,2879,2806,5685
20220716,9호선,선유도,4078,3669,7747
20220716,9호선,신논현,26402,26785,53187
20220716,9호선,신목동,2643,2174,4817
20220716,9호선,신반포,3056,3013,6069
20220716,9호선,신방화,5037,4720,9757
20220716,9호선,양천향교,6200,5729,11929
20220716,9호선,여의도,13667,13078,26745
20220716,9호선,염창,12528,11613,24141
20220716,9호선,증미,4280,4026,8306
20220716,9호선,흑석,6305,6211,12516
20220716,9호선2~3단계,둔촌오륜,636,643,1279
20220716,9호선2~3단계,봉은사,14913,16005,30918
20220716,9호선2~3단계,삼성중앙,3474,3616,7090
20220716,9호선2~3단계,삼전,5509,5239,10748
20220716,9호선2~3단계,석촌,7187,6052,13239
20220716,9호선2~3단계,석촌고분,4856,4725,9581
20220716,9호선2~3단계,선정릉,4699,5382,10081
20220716,9호선2~3단계,송파나루,4380,4825,9205
20220716,9호선2~3단계,언주,6585,6500,13085
20220716,9호선2~3단계,올림픽공원,5668,5895,11563
20220716,9호선2~3단계,종합운동장,5428,5278,10706
20220716,9호선2~3단계,중앙보훈병원,5257,4776,10033
20220716,9호선2~3단계,한성백제,2012,1785,3797
20220716,경강선,경기광주,5798,5385,11183
20220716,경강선,곤지암,1994,2017,4011
20220716,경강선,부발,2131,1918,4049
20220716,경강선,삼동,1546,1509,3055
20220716,경강선,세종대왕릉,371,394,765
20220716,경강선,신둔도예촌,1274,1240,2514
20220716,경강선,여주,2552,2826,5378
20220716,경강선,이매,928,648,1576
20220716,경강선,이천,2830,2992,5822
20220716,경강선,초월,2461,2222,4683
20220716,경강선,판교,3363,3253,6616
20220716,경부선,가산디지털단지,6383,8526,14909
20220716,경부선,관악,6685,6187,12872
20220716,경부선,광명,2828,2553,5381
20220716,경부선,구로,13314,14036,27350
20220716,경부선,군포,4433,4040,8473
20220716,경부선,금정,20321,20396,40717
20220716,경부선,금천구청,8546,8550,17096
20220716,경부선,남영,7106,6978,14084
20220716,경부선,노량진,7946,6995,14941
20220716,경부선,당정,4311,4112,8423
20220716,경부선,대방,7255,7753,15008
20220716,경부선,독산,9592,8949,18541
20220716,경부선,두정,5807,5926,11733
20220716,경부선,명학,4886,4513,9399
20220716,경부선,병점,13112,12900,26012
20220716,경부선,서동탄,1099,1160,2259
20220716,경부선,서울역,9220,2336,11556
20220716,경부선,서정리,7837,6151,13988
20220716,경부선,석수,7201,6563,13764
20220716,경부선,성균관대,11176,11112,22288
20220716,경부선,성환,3156,2915,6071
20220716,경부선,세류,3052,2999,6051
20220716,경부선,세마,2555,2327,4882
20220716,경부선,송탄,5319,4615,9934
20220716,경부선,수원,41960,47186,89146
20220716,경부선,신길,6132,5117,11249
20220716,경부선,신도림,3009,3280,6289
20220716,경부선,안양,18803,18781,37584
20220716,경부선,영등포,42879,45616,88495
20220716,경부선,오산,10254,9453,19707
20220716,경부선,오산대,3025,2811,5836
20220716,경부선,용산,40801,44405,85206
20220716,경부선,의왕,6102,5879,11981
20220716,경부선,직산,743,696,1439
20220716,경부선,진위,1226,985,2211
20220716,경부선,천안,6685,6878,13563
20220716,경부선,평택,14610,14036,28646
20220716,경부선,평택지제,3896,3483,7379
20220716,경부선,화서,5935,5895,11830
20220716,경원선,가능,5157,4898,10055
20220716,경원선,광운대,5254,5259,10513
20220716,경원선,녹양,3749,3534,7283
20220716,경원선,녹천,3436,2823,6259
20220716,경원선,덕계,2700,2449,5149
20220716,경원선,덕정,4793,4275,9068
20220716,경원선,도봉,4638,4249,8887
20220716,경원선,도봉산,7914,5541,13455
20220716,경원선,동두천,1736,2074,3810
20220716,경원선,동두천중앙,2707,2681,5388
20220716,경원선,망월사,6062,6091,12153
20220716,경원선,방학,7638,7294,14932
20220716,경원선,보산,1872,1816,3688
20220716,경원선,서빙고,1531,1476,3007
20220716,경원선,석계,6666,6835,13501
20220716,경원선,소요산,4168,3618,7786
20220716,경원선,신이문,6308,5688,11996
20220716,경원선,양주,6513,6166,12679
20220716,경원선,옥수,33,20,53
20220716,경원선,왕십리,13616,15615,29231
20220716,경원선,외대앞,6099,5888,11987
20220716,경원선,월계,4709,4311,9020
20220716,경원선,응봉,1483,1239,2722
20220716,경원선,의정부,17788,19046,36834
20220716,경원선,이촌,3337,2402,5739
20220716,경원선,지행,6190,6045,12235
20220716,경원선,창동,1,0,1
20220716,경원선,청량리,17428,18212,35640
20220716,경원선,한남,2746,2734,5480
20220716,경원선,회룡,9674,9561,19235
20220716,경의선,가좌,4272,4163,8435
20220716,경의선,강매,2116,2003,4119
20220716,경의선,곡산,450,462,912
20220716,경의선,공덕,3126,2203,5329
20220716,경의선,금릉,4102,3968,8070
20220716,경의선,금촌,6207,5845,12052
20220716,경의선,능곡,2873,2828,5701
20220716,경의선,디지털미디어시티,2202,1948,4150
20220716,경의선,문산,5400,4897,10297
20220716,경의선,백마,5109,4690,9799
20220716,경의선,서강대,1806,1736,3542
20220716,경의선,서울역,1610,1658,3268
20220716,경의선,수색,1734,1673,3407
20220716,경의선,신촌,395,454,849
20220716,경의선,야당,6856,7052,13908
20220716,경의선,운정,5576,4891,10467
20220716,경의선,월롱,1980,1629,3609
20220716,경의선,일산,6717,6302,13019
20220716,경의선,임진강,59,37,96
20220716,경의선,탄현,5723,5271,10994
20220716,경의선,파주,929,630,1559
20220716,경의선,풍산,4811,4738,9549
20220716,경의선,행신,5774,5861,11635
20220716,경의선,홍대입구,2171,2765,4936
20220716,경의선,화전,1141,1063,2204
20220716,경의선,효창공원앞,1849,2001,3850
20220716,경인선,간석,4799,4566,9365
20220716,경인선,개봉,17173,16547,33720
20220716,경인선,구일,5562,5236,10798
20220716,경인선,도원,2364,2348,4712
20220716,경인선,도화,3585,3238,6823
20220716,경인선,동암,13677,13771,27448
20220716,경인선,동인천,12304,12108,24412
20220716,경인선,백운,5758,5505,11263
20220716,경인선,부개,6827,6228,13055
20220716,경인선,부천,29260,29982,59242
20220716,경인선,부평,30595,33777,64372
20220716,경인선,소사,6875,6636,13511
20220716,경인선,송내,19520,19097,38617
20220716,경인선,역곡,21131,20396,41527
20220716,경인선,오류동,9505,8511,18016
20220716,경인선,온수,5436,4735,10171
20220716,경인선,인천,4497,3781,8278
20220716,경인선,제물포,8231,7721,15952
20220716,경인선,주안,16869,14604,31473
20220716,경인선,중동,6914,6366,13280
20220716,경춘선,가평,2885,3875,6760
20220716,경춘선,갈매,2026,1755,3781
20220716,경춘선,강촌,672,823,1495
20220716,경춘선,굴봉산,193,186,379
20220716,경춘선,금곡,1130,1065,2195
20220716,경춘선,김유정,457,501,958
20220716,경춘선,남춘천,2851,3144,5995
20220716,경춘선,대성리,1560,1464,3024
20220716,경춘선,마석,3425,3282,6707
20220716,경춘선,백양리,136,113,249
20220716,경춘선,별내,2309,2142,4451
20220716,경춘선,사릉,1734,1630,3364
20220716,경춘선,상천,400,341,741
20220716,경춘선,신내,1372,1300,2672
20220716,경춘선,천마산,1342,1320,2662
20220716,경춘선,청평,2288,2568,4856
20220716,경춘선,춘천,1839,1593,3432
20220716,경춘선,퇴계원,2574,2360,4934
20220716,경춘선,평내호평,4696,4645,9341
20220716,공항철도 1호선,검암,4759,4841,9600
20220716,공항철도 1호선,계양,8178,7461,15639
20220716,공항철도 1호선,공덕,1750,2954,4704
20220716,공항철도 1호선,공항화물청사,1424,1381,2805
20220716,공항철도 1호선,김포공항,11240,6128,17368
20220716,공항철도 1호선,디지털미디어시티,6057,5460,11517
20220716,공항철도 1호선,마곡나루,3343,3687,7030
20220716,공항철도 1호선,서울역,9477,9013,18490
20220716,공항철도 1호선,영종,3599,3625,7224
20220716,공항철도 1호선,운서,7430,7320,14750
20220716,공항철도 1호선,인천공항1터미널,7603,7230,14833
20220716,공항철도 1호선,인천공항2터미널,3440,3134,6574
20220716,공항철도 1호선,청라국제도시,5031,4799,9830
20220716,공항철도 1호선,홍대입구,14219,14785,29004
20220716,과천선,경마공원,13075,13350,26425
20220716,과천선,과천,5316,4863,10179
20220716,과천선,대공원,4610,4897,9507
20220716,과천선,범계,21978,21644,43622
20220716,과천선,선바위,5831,5163,10994
20220716,과천선,인덕원,17420,17056,34476
20220716,과천선,정부과천청사,6647,6585,13232
20220716,과천선,평촌,10140,9672,19812
20220716,분당선,가천대,5187,5548,10735
20220716,분당선,강남구청,5196,6052,11248
20220716,분당선,개포동,2997,2915,5912
20220716,분당선,구룡,2069,1825,3894
20220716,분당선,구성,3550,3668,7218
20220716,분당선,기흥,7464,6938,14402
20220716,분당선,대모산입구,3418,3119,6537
20220716,분당선,도곡,4963,4385,9348
20220716,분당선,망포,10179,9206,19385
20220716,분당선,매교,2321,2373,4694
20220716,분당선,매탄권선,3816,3503,7319
20220716,분당선,모란,16389,16755,33144
20220716,분당선,미금,11186,11548,22734
20220716,분당선,보정,1859,1617,3476
20220716,분당선,상갈,4001,4060,8061
20220716,분당선,서울숲,8615,9018,17633
20220716,분당선,서현,20406,20746,41152
20220716,분당선,선릉,5568,8397,13965
20220716,분당선,선정릉,3283,3300,6583
20220716,분당선,수내,9518,8969,18487
20220716,분당선,수서,10962,11444,22406
20220716,분당선,수원,8375,6851,15226
20220716,분당선,수원시청,12487,14719,27206
20220716,분당선,신갈,3025,3002,6027
20220716,분당선,압구정로데오,19145,22800,41945
20220716,분당선,야탑,18184,19211,37395
20220716,분당선,영통,7365,7260,14625
20220716,분당선,오리,8194,6672,14866
20220716,분당선,이매,4309,4058,8367
20220716,분당선,정자,11806,12171,23977
20220716,분당선,죽전,10213,11757,21970
20220716,분당선,청명,3031,2965,5996
20220716,분당선,태평,11021,10135,21156
20220716,분당선,한티,14989,13978,28967
20220716,수인선,고색,2814,2707,5521
20220716,수인선,남동인더스파크,1050,963,2013
20220716,수인선,달월,51,61,112
20220716,수인선,사리,3859,3171,7030
20220716,수인선,소래포구,4962,4876,9838
20220716,수인선,송도,2048,1978,4026
20220716,수인선,숭의,2875,2560,5435
20220716,수인선,신포,1461,1563,3024
20220716,수인선,야목,316,260,576
20220716,수인선,어천,856,733,1589
20220716,수인선,연수,4409,4508,8917
20220716,수인선,오목천,2595,2137,4732
20220716,수인선,원인재,3712,3863,7575
20220716,수인선,월곶,2443,2244,4687
20220716,수인선,인천,1154,1899,3053
20220716,수인선,인천논현,4788,4785,9573
20220716,수인선,인하대,4355,4081,8436
20220716,수인선,호구포,2951,2793,5744
20220716,신림선,관악산,4448,4424,8872
20220716,신림선,당곡,2926,2678,5604
20220716,신림선,대방,1821,1197,3018
20220716,신림선,보라매,2164,1944,4108
20220716,신림선,보라매공원,1295,1291,2586
20220716,신림선,보라매병원,2787,2874,5661
20220716,신림선,샛강,1054,1406,2460
20220716,신림선,서울대벤처타운,5928,5337,11265
20220716,신림선,서울지방병무청,1563,1663,3226
20220716,신림선,서원,2257,1920,4177
20220716,신림선,신림,1358,1941,3299
20220716,안산선,고잔,6578,6412,12990
20220716,안산선,대야미,4202,3649,7851
20220716,안산선,반월,3582,3378,6960
20220716,안산선,산본,13337,14182,27519
20220716,안산선,상록수,12867,12778,25645
20220716,안산선,수리산,3177,2619,5796
20220716,안산선,신길온천,1585,1553,3138
20220716,안산선,안산,10130,10563,20693
20220716,안산선,오이도,7896,8073,15969
20220716,안산선,정왕,7130,7231,14361
20220716,안산선,중앙,16662,17571,34233
20220716,안산선,초지,3778,3664,7442
20220716,안산선,한대앞,7585,7395,14980
20220716,우이신설선,4.19민주묘지,2460,2085,4545
20220716,우이신설선,가오리,3062,2989,6051
20220716,우이신설선,보문,1189,1224,2413
20220716,우이신설선,북한산보국문,5065,4293,9358
20220716,우이신설선,북한산우이,3508,3984,7492
20220716,우이신설선,삼양,1533,1607,3140
20220716,우이신설선,삼양사거리,1977,1943,3920
20220716,우이신설선,성신여대입구,2815,3285,6100
20220716,우이신설선,솔밭공원,1838,1740,3578
20220716,우이신설선,솔샘,4019,3681,7700
20220716,우이신설선,신설동,1487,1459,2946
20220716,우이신설선,정릉,3768,3073,6841
20220716,우이신설선,화계,2540,2375,4915
20220716,일산선,대곡,1505,1293,2798
20220716,일산선,대화,8867,7781,16648
20220716,일산선,마두,5334,5287,10621
20220716,일산선,백석,7685,7614,15299
20220716,일산선,삼송,15511,14597,30108
20220716,일산선,원당,8776,8269,17045
20220716,일산선,원흥,7881,7410,15291
20220716,일산선,정발산,7256,7514,14770
20220716,일산선,주엽,7293,7104,14397
20220716,일산선,화정,13506,13725,27231
20220716,장항선,배방,1148,1076,2224
20220716,장항선,봉명,845,745,1590
20220716,장항선,신창,1040,1000,2040
20220716,장항선,쌍용,1743,1537,3280
20220716,장항선,아산,3270,3257,6527
20220716,장항선,온양온천,3778,3844,7622
20220716,장항선,탕정,799,734,1533
20220716,중앙선,구리,10281,10531,20812
20220716,중앙선,국수,615,639,1254
20220716,중앙선,덕소,4574,4519,9093
20220716,중앙선,도농,7419,7011,14430
20220716,중앙선,도심,1638,1370,3008
20220716,중앙선,망우,6713,6605,13318
20220716,중앙선,상봉,4926,4725,9651
20220716,중앙선,신원,188,159,347
20220716,중앙선,아신,600,620,1220
20220716,중앙선,양수,3093,3146,6239
20220716,중앙선,양원,1901,1863,3764
20220716,중앙선,양정,555,459,1014
20220716,중앙선,양평,2795,3130,5925
20220716,중앙선,오빈,304,317,621
20220716,중앙선,용문,2184,2705,4889
20220716,중앙선,운길산,1058,1057,2115
20220716,중앙선,원덕,395,426,821
20220716,중앙선,중랑,4728,4390,9118
20220716,중앙선,지평,68,65,133
20220716,중앙선,팔당,1317,1370,2687
20220716,중앙선,회기,20455,19234,39689
20220717,1호선,동대문,9128,9524,18652
20220717,1호선,동묘앞,11700,11637,23337
20220717,1호선,서울역,30407,28987,59394
20220717,1호선,시청,8727,8126,16853
20220717,1호선,신설동,7836,7880,15716
20220717,1호선,제기동,10198,10705,20903
20220717,1호선,종각,14003,12346,26349
20220717,1호선,종로3가,15155,13043,28198
20220717,1호선,종로5가,10128,9959,20087
20220717,1호선,청량리,13016,13193,26209
20220717,2호선,강남,36539,35375,71914
20220717,2호선,강변,24989,23649,48638
20220717,2호선,건대입구,27360,28943,56303
20220717,2호선,교대,11315,12469,23784
20220717,2호선,구로디지털단지,24941,24776,49717
20220717,2호선,구의,11763,11786,23549
20220717,2호선,낙성대,16536,16869,33405
20220717,2호선,당산,8851,9429,18280
20220717,2호선,대림,16126,16383,32509
20220717,2호선,도림천,476,475,951
20220717,2호선,동대문역사문화공원,9213,10939,20152
20220717,2호선,뚝섬,10640,10925,21565
20220717,2호선,문래,8480,9020,17500
20220717,2호선,방배,7071,7550,14621
20220717,2호선,봉천,12900,12382,25282
20220717,2호선,사당,23580,25566,49146
20220717,2호선,삼성,27176,26419,53595
20220717,2호선,상왕십리,7085,6938,14023
20220717,2호선,서울대입구,27054,28315,55369
20220717,2호선,서초,12678,11660,24338
20220717,2호선,선릉,14201,12227,26428
20220717,2호선,성수,16789,19024,35813
20220717,2호선,시청,6951,5847,12798
20220717,2호선,신답,853,857,1710
20220717,2호선,신당,8474,8829,17303
20220717,2호선,신대방,15942,15581,31523
20220717,2호선,신도림,27736,28519,56255
20220717,2호선,신림,37883,37019,74902
20220717,2호선,신설동,3224,3257,6481
20220717,2호선,신정네거리,5524,5495,11019
20220717,2호선,신촌,24178,23632,47810
20220717,2호선,아현,5404,5300,10704
20220717,2호선,양천구청,3350,3460,6810
20220717,2호선,역삼,11477,12551,24028
20220717,2호선,영등포구청,8061,8679,16740
20220717,2호선,왕십리,9796,8849,18645
20220717,2호선,용답,1837,1769,3606
20220717,2호선,용두,1197,1201,2398
20220717,2호선,을지로3가,9416,9044,18460
20220717,2호선,을지로4가,3974,3852,7826
20220717,2호선,을지로입구,17580,16816,34396
20220717,2호선,이대,7419,8070,15489
20220717,2호선,잠실,53368,50250,103618
20220717,2호선,잠실나루,5447,5465,10912
20220717,2호선,잠실새내,12567,14128,26695
20220717,2호선,종합운동장,24090,27103,51193
20220717,2호선,충정로,3824,4224,8048
20220717,2호선,한양대,2528,2893,5421
20220717,2호선,합정,21938,23555,45493
20220717,2호선,홍대입구,57772,57504,115276
20220717,3호선,가락시장,3876,4077,7953
20220717,3호선,경복궁,14913,16386,31299
20220717,3호선,경찰병원,2813,2855,5668
20220717,3호선,고속터미널,45305,42587,87892
20220717,3호선,교대,4842,2982,7824
20220717,3호선,구파발,12397,12980,25377
20220717,3호선,금호,4477,4145,8622
20220717,3호선,남부터미널,14692,15354,30046
20220717,3호선,녹번,7611,6753,14364
20220717,3호선,대청,4238,4229,8467
20220717,3호선,대치,7838,6588,14426
20220717,3호선,도곡,1916,2080,3996
20220717,3호선,독립문,4053,4275,8328
20220717,3호선,동대입구,6470,7068,13538
20220717,3호선,매봉,4167,4259,8426
20220717,3호선,무악재,1880,1958,3838
20220717,3호선,불광,9698,11169,20867
20220717,3호선,수서,10874,10922,21796
20220717,3호선,신사,13849,13928,27777
20220717,3호선,안국,12540,12535,25075
20220717,3호선,압구정,14897,15541,30438
20220717,3호선,약수,6934,6715,13649
20220717,3호선,양재,13584,15681,29265
20220717,3호선,연신내,21548,20330,41878
20220717,3호선,오금,2704,2756,5460
20220717,3호선,옥수,5208,5326,10534
20220717,3호선,을지로3가,3729,3505,7234
20220717,3호선,일원,3589,3741,7330
20220717,3호선,잠원,2181,2170,4351
20220717,3호선,종로3가,4044,5477,9521
20220717,3호선,지축,2661,2447,5108
20220717,3호선,학여울,2038,2211,4249
20220717,3호선,홍제,9365,9007,18372
20220717,4호선,길음,10818,10454,21272
20220717,4호선,남태령,828,570,1398
20220717,4호선,노원,12237,13359,25596
20220717,4호선,당고개,5930,5695,11625
20220717,4호선,동대문,7214,7845,15059
20220717,4호선,동대문역사문화공원,9837,9014,18851
20220717,4호선,동작,921,940,1861
20220717,4호선,명동,13899,14046,27945
20220717,4호선,미아,8419,7893,16312
20220717,4호선,미아사거리,17196,16053,33249
20220717,4호선,사당,16373,14950,31323
20220717,4호선,삼각지,2992,3937,6929
20220717,4호선,상계,10436,9600,20036
20220717,4호선,서울역,4849,12500,17349
20220717,4호선,성신여대입구,12810,12319,25129
20220717,4호선,수유,20573,19773,40346
20220717,4호선,숙대입구,8001,7792,15793
20220717,4호선,신용산,9505,9989,19494
20220717,4호선,쌍문,16427,14917,31344
20220717,4호선,이촌,6336,6874,13210
20220717,4호선,창동,15413,15965,31378
20220717,4호선,총신대입구,10680,11447,22127
20220717,4호선,충무로,8408,8985,17393
20220717,4호선,한성대입구,7698,7654,15352
20220717,4호선,혜화,24128,25351,49479
20220717,4호선,회현,9335,9043,18378
20220717,5호선,강동,9508,9384,18892
20220717,5호선,강일,2438,2292,4730
20220717,5호선,개롱,3033,3294,6327
20220717,5호선,개화산,2703,2783,5486
20220717,5호선,거여,4698,4467,9165
20220717,5호선,고덕,4428,4677,9105
20220717,5호선,공덕,4604,4660,9264
20220717,5호선,광나루,8221,7662,15883
20220717,5호선,광화문,12160,12680,24840
20220717,5호선,군자,6147,6798,12945
20220717,5호선,굽은다리,5723,5474,11197
20220717,5호선,길동,4383,4364,8747
20220717,5호선,김포공항,7574,7504,15078
20220717,5호선,까치산,16055,15381,31436
20220717,5호선,답십리,7666,7146,14812
20220717,5호선,동대문역사문화공원,852,937,1789
20220717,5호선,둔촌동,4773,4768,9541
20220717,5호선,마곡,3719,4052,7771
20220717,5호선,마장,2808,2670,5478
20220717,5호선,마천,3535,3837,7372
20220717,5호선,마포,4918,4851,9769
20220717,5호선,명일,4958,5075,10033
20220717,5호선,목동,7937,8047,15984
20220717,5호선,미사,9078,9457,18535
20220717,5호선,발산,8983,9610,18593
20220717,5호선,방이,4006,3848,7854
20220717,5호선,방화,3682,3592,7274
20220717,5호선,상일동,6776,6472,13248
20220717,5호선,서대문,4835,4700,9535
20220717,5호선,송정,3690,3635,7325
20220717,5호선,신금호,2961,3229,6190
20220717,5호선,신길,1993,2118,4111
20220717,5호선,신정,6463,5808,12271
20220717,5호선,아차산,9271,9223,18494
20220717,5호선,애오개,2817,2809,5626
20220717,5호선,양평,2727,2762,5489
20220717,5호선,여의나루,10819,11474,22293
20220717,5호선,여의도,7763,8480,16243
20220717,5호선,영등포구청,1455,1342,2797
20220717,5호선,영등포시장,5856,6065,11921
20220717,5호선,오금,1502,1466,2968
20220717,5호선,오목교,11409,11920,23329
20220717,5호선,올림픽공원,2464,2091,4555
20220717,5호선,왕십리,2593,3034,5627
20220717,5호선,우장산,7063,7264,14327
20220717,5호선,을지로4가,1757,1737,3494
20220717,5호선,장한평,7928,7923,15851
20220717,5호선,종로3가,9401,8242,17643
20220717,5호선,천호,13145,12337,25482
20220717,5호선,청구,1816,1646,3462
20220717,5호선,충정로,1454,1440,2894
20220717,5호선,하남검단산,4812,4728,9540
20220717,5호선,하남시청,4297,4034,8331
20220717,5호선,하남풍산,2288,2243,4531
20220717,5호선,행당,4078,3626,7704
20220717,5호선,화곡,14336,13622,27958
20220717,6호선,고려대,4010,3882,7892
20220717,6호선,공덕,6782,6442,13224
20220717,6호선,광흥창,4345,4172,8517
20220717,6호선,구산,4112,3068,7180
20220717,6호선,녹사평,4156,4123,8279
20220717,6호선,대흥,3985,4215,8200
20220717,6호선,독바위,1582,1921,3503
20220717,6호선,돌곶이,5571,5300,10871
20220717,6호선,동묘앞,5931,5842,11773
20220717,6호선,디지털미디어시티,5525,5885,11410
20220717,6호선,마포구청,6851,6246,13097
20220717,6호선,망원,9331,10107,19438
20220717,6호선,버티고개,1033,1116,2149
20220717,6호선,보문,3982,3746,7728
20220717,6호선,봉화산,4077,3945,8022
20220717,6호선,불광,3165,2853,6018
20220717,6호선,삼각지,4178,3172,7350
20220717,6호선,상수,7089,8223,15312
20220717,6호선,상월곡,3292,2965,6257
20220717,6호선,새절,6514,6267,12781
20220717,6호선,석계,6445,6761,13206
20220717,6호선,신내,1,0,1
20220717,6호선,신당,3640,4269,7909
20220717,6호선,안암,4791,5040,9831
20220717,6호선,약수,1798,1725,3523
20220717,6호선,역촌,2149,2389,4538
20220717,6호선,월곡,5606,5484,11090
20220717,6호선,월드컵경기장,3602,3765,7367
20220717,6호선,응암,9554,9527,19081
20220717,6호선,이태원,12793,10420,23213
20220717,6호선,증산,5536,5608,11144
20220717,6호선,창신,1579,1463,3042
20220717,6호선,청구,1674,1679,3353
20220717,6호선,태릉입구,3239,3406,6645
20220717,6호선,한강진,7627,8805,16432
20220717,6호선,합정,9768,8957,18725
20220717,6호선,화랑대,4947,4202,9149
20220717,6호선,효창공원앞,3525,3016,6541
20220717,7호선,가산디지털단지,10563,9623,20186
20220717,7호선,강남구청,5242,5827,11069
20220717,7호선,건대입구,8357,8809,17166
20220717,7호선,고속터미널,13947,8859,22806
20220717,7호선,공릉,6456,6520,12976
20220717,7호선,광명사거리,12765,12689,25454
20220717,7호선,군자,8172,6482,14654
20220717,7호선,남구로,7094,6900,13994
20220717,7호선,남성,5844,5638,11482
20220717,7호선,내방,5437,5589,11026
20220717,7호선,노원,11803,12164,23967
20220717,7호선,논현,5726,5967,11693
20220717,7호선,대림,8433,7999,16432
20220717,7호선,도봉산,5236,7325,12561
20220717,7호선,뚝섬유원지,7998,7289,15287
20220717,7호선,마들,6188,5714,11902
20220717,7호선,먹골,5554,5298,10852
20220717,7호선,면목,7898,7705,15603
20220717,7호선,반포,3038,3118,6156
20220717,7호선,보라매,3864,3942,7806
20220717,7호선,사가정,9080,8690,17770
20220717,7호선,상도,5741,5555,11296
20220717,7호선,상봉,9910,9280,19190
20220717,7호선,수락산,8768,8673,17441
20220717,7호선,숭실대입구,5826,6344,12170
20220717,7호선,신대방삼거리,7818,7685,15503
20220717,7호선,신풍,6845,6588,13433
20220717,7호선,어린이대공원,7485,7329,14814
20220717,7호선,온수,4207,4292,8499
20220717,7호선,용마산,3130,3269,6399
20220717,7호선,이수,9051,8735,17786
20220717,7호선,장승배기,4735,4703,9438
20220717,7호선,장암,1879,1266,3145
20220717,7호선,중계,6944,6439,13383
20220717,7호선,중곡,5287,5102,10389
20220717,7호선,중화,5668,5485,11153
20220717,7호선,천왕,5261,5057,10318
20220717,7호선,철산,11239,11166,22405
20220717,7호선,청담,6694,7495,14189
20220717,7호선,태릉입구,5036,4745,9781
20220717,7호선,하계,9557,8986,18543
20220717,7호선,학동,6456,6945,13401
20220717,8호선,가락시장,3083,3946,7029
20220717,8호선,강동구청,4607,4778,9385
20220717,8호선,남위례,2632,2813,5445
20220717,8호선,남한산성입구,6859,6189,13048
20220717,8호선,단대오거리,5554,5536,11090
20220717,8호선,모란,2825,2236,5061
20220717,8호선,몽촌토성,3197,3312,6509
20220717,8호선,문정,5404,5576,10980
20220717,8호선,복정,5039,4632,9671
20220717,8호선,산성,3104,3229,6333
20220717,8호선,석촌,4213,5278,9491
20220717,8호선,송파,4399,4399,8798
20220717,8호선,수진,3010,2747,5757
20220717,8호선,신흥,2622,2909,5531
20220717,8호선,암사,9169,8527,17696
20220717,8호선,잠실,11043,12516,23559
20220717,8호선,장지,9295,9499,18794
20220717,8호선,천호,8942,10182,19124
20220717,9호선,가양,11651,11180,22831
20220717,9호선,개화,1029,988,2017
20220717,9호선,고속터미널,12122,17051,29173
20220717,9호선,공항시장,1809,2018,3827
20220717,9호선,구반포,384,385,769
20220717,9호선,국회의사당,5444,5043,10487
20220717,9호선,김포공항,7788,11772,19560
20220717,9호선,노들,2734,2354,5088
20220717,9호선,노량진,14434,15468,29902
20220717,9호선,당산,9503,9251,18754
20220717,9호선,동작,1278,1061,2339
20220717,9호선,등촌,5398,5374,10772
20220717,9호선,마곡나루,5543,5672,11215
20220717,9호선,사평,1751,1832,3583
20220717,9호선,샛강,1885,1842,3727
20220717,9호선,선유도,2861,2822,5683
20220717,9호선,신논현,16471,15779,32250
20220717,9호선,신목동,1813,1652,3465
20220717,9호선,신반포,2074,2276,4350
20220717,9호선,신방화,3676,3737,7413
20220717,9호선,양천향교,4300,4661,8961
20220717,9호선,여의도,9564,8811,18375
20220717,9호선,염창,8948,8810,17758
20220717,9호선,증미,3006,3017,6023
20220717,9호선,흑석,4078,4170,8248
20220717,9호선2~3단계,둔촌오륜,627,623,1250
20220717,9호선2~3단계,봉은사,10693,11225,21918
20220717,9호선2~3단계,삼성중앙,2317,2356,4673
20220717,9호선2~3단계,삼전,3752,3750,7502
20220717,9호선2~3단계,석촌,5109,4373,9482
20220717,9호선2~3단계,석촌고분,3409,3380,6789
20220717,9호선2~3단계,선정릉,3235,3668,6903
20220717,9호선2~3단계,송파나루,3178,3638,6816
20220717,9호선2~3단계,언주,3760,3756,7516
20220717,9호선2~3단계,올림픽공원,4680,4860,9540
20220717,9호선2~3단계,종합운동장,4114,3934,8048
20220717,9호선2~3단계,중앙보훈병원,3705,3675,7380
20220717,9호선2~3단계,한성백제,1554,1347,2901
20220717,경강선,경기광주,4282,4239,8521
20220717,경강선,곤지암,1599,1771,3370
20220717,경강선,부발,1664,2286,3950
20220717,경강선,삼동,1079,1110,2189
20220717,경강선,세종대왕릉,298,287,585
20220717,경강선,신둔도예촌,972,906,1878
20220717,경강선,여주,2365,2275,4640
20220717,경강선,이매,718,565,1283
20220717,경강선,이천,2223,2549,4772
20220717,경강선,초월,1775,1736,3511
20220717,경강선,판교,2630,2551,5181
20220717,경부선,가산디지털단지,4829,6689,11518
20220717,경부선,관악,5434,4974,10408
20220717,경부선,광명,2875,1979,4854
20220717,경부선,구로,10183,10372,20555
20220717,경부선,군포,3109,2985,6094
20220717,경부선,금정,15197,15709,30906
20220717,경부선,금천구청,6377,6370,12747
20220717,경부선,남영,4941,5037,9978
20220717,경부선,노량진,5447,5076,10523
20220717,경부선,당정,3189,3212,6401
20220717,경부선,대방,5534,6099,11633
20220717,경부선,독산,6426,6389,12815
20220717,경부선,두정,4808,5292,10100
20220717,경부선,명학,3235,3106,6341
20220717,경부선,병점,9875,10506,20381
20220717,경부선,서동탄,835,812,1647
20220717,경부선,서울역,9241,1988,11229
20220717,경부선,서정리,4980,7383,12363
20220717,경부선,석수,5185,4850,10035
20220717,경부선,성균관대,8167,8492,16659
20220717,경부선,성환,2694,3002,5696
20220717,경부선,세류,2166,2137,4303
20220717,경부선,세마,1955,1846,3801
20220717,경부선,송탄,3786,4804,8590
20220717,경부선,수원,35479,34519,69998
20220717,경부선,신길,4628,4063,8691
20220717,경부선,신도림,2222,2343,4565
20220717,경부선,안양,14011,13791,27802
20220717,경부선,영등포,35740,34760,70500
20220717,경부선,오산,8041,8679,16720
20220717,경부선,오산대,2250,2278,4528
20220717,경부선,용산,37531,34465,71996
20220717,경부선,의왕,4490,4528,9018
20220717,경부선,직산,617,662,1279
20220717,경부선,진위,937,953,1890
20220717,경부선,천안,6427,6411,12838
20220717,경부선,평택,12556,13411,25967
20220717,경부선,평택지제,2818,2861,5679
20220717,경부선,화서,4402,4179,8581
20220717,경원선,가능,4176,3893,8069
20220717,경원선,광운대,4132,4208,8340
20220717,경원선,녹양,2830,2678,5508
20220717,경원선,녹천,2577,2288,4865
20220717,경원선,덕계,2031,1944,3975
20220717,경원선,덕정,3564,3806,7370
20220717,경원선,도봉,3530,3417,6947
20220717,경원선,도봉산,7984,5642,13626
20220717,경원선,동두천,1451,1785,3236
20220717,경원선,동두천중앙,2193,2089,4282
20220717,경원선,망월사,4663,4663,9326
20220717,경원선,방학,6327,6094,12421
20220717,경원선,보산,1401,1560,2961
20220717,경원선,서빙고,1760,1749,3509
20220717,경원선,석계,5047,5432,10479
20220717,경원선,소요산,4613,4167,8780
20220717,경원선,신이문,4869,4457,9326
20220717,경원선,양주,5239,5115,10354
20220717,경원선,옥수,63,22,85
20220717,경원선,왕십리,11040,12428,23468
20220717,경원선,외대앞,4738,4617,9355
20220717,경원선,월계,3910,3676,7586
20220717,경원선,응봉,1168,1064,2232
20220717,경원선,의정부,15073,15235,30308
20220717,경원선,이촌,2749,1867,4616
20220717,경원선,지행,4635,4835,9470
20220717,경원선,청량리,15063,13891,28954
20220717,경원선,한남,1992,1892,3884
20220717,경원선,회룡,7682,7722,15404
20220717,경의선,가좌,3016,2938,5954
20220717,경의선,강매,1563,1482,3045
20220717,경의선,곡산,351,323,674
20220717,경의선,공덕,1860,1585,3445
20220717,경의선,금릉,3086,3101,6187
20220717,경의선,금촌,4313,4770,9083
20220717,경의선,능곡,2323,2187,4510
20220717,경의선,디지털미디어시티,1575,1434,3009
20220717,경의선,문산,4019,4258,8277
20220717,경의선,백마,3482,3439,6921
20220717,경의선,서강대,1456,1420,2876
20220717,경의선,서울역,1275,1028,2303
20220717,경의선,수색,985,1015,2000
20220717,경의선,신촌,338,381,719
20220717,경의선,야당,5147,5046,10193
20220717,경의선,운정,3774,3672,7446
20220717,경의선,월롱,1072,2288,3360
20220717,경의선,일산,4892,4702,9594
20220717,경의선,임진강,93,82,175
20220717,경의선,탄현,4389,4082,8471
20220717,경의선,파주,658,588,1246
20220717,경의선,풍산,3675,3428,7103
20220717,경의선,행신,4903,4445,9348
20220717,경의선,홍대입구,1961,2341,4302
20220717,경의선,화전,828,862,1690
20220717,경의선,효창공원앞,1356,1576,2932
20220717,경인선,간석,3353,3187,6540
20220717,경인선,개봉,12351,12109,24460
20220717,경인선,구일,3230,3282,6512
20220717,경인선,도원,1849,1791,3640
20220717,경인선,도화,2541,2433,4974
20220717,경인선,동암,10376,10116,20492
20220717,경인선,동인천,9747,9595,19342
20220717,경인선,백운,4049,4035,8084
20220717,경인선,부개,5021,4796,9817
20220717,경인선,부천,23464,22859,46323
20220717,경인선,부평,23700,23994,47694
20220717,경인선,소사,5568,5421,10989
20220717,경인선,송내,13700,13370,27070
20220717,경인선,역곡,14704,14676,29380
20220717,경인선,오류동,7074,6705,13779
20220717,경인선,온수,3992,3755,7747
20220717,경인선,인천,4145,3415,7560
20220717,경인선,제물포,5678,5398,11076
20220717,경인선,주안,12246,10952,23198
20220717,경인선,중동,5024,4817,9841
20220717,경춘선,가평,3265,2300,5565
20220717,경춘선,갈매,1509,1326,2835
20220717,경춘선,강촌,1012,536,1548
20220717,경춘선,굴봉산,255,171,426
20220717,경춘선,금곡,992,872,1864
20220717,경춘선,김유정,407,404,811
20220717,경춘선,남춘천,3137,3090,6227
20220717,경춘선,대성리,1457,932,2389
20220717,경춘선,마석,2820,2811,5631
20220717,경춘선,백양리,186,108,294
20220717,경춘선,별내,1888,1787,3675
20220717,경춘선,사릉,1292,1363,2655
20220717,경춘선,상천,499,413,912
20220717,경춘선,신내,1013,1078,2091
20220717,경춘선,천마산,1159,1064,2223
20220717,경춘선,청평,2269,1679,3948
20220717,경춘선,춘천,1959,1454,3413
20220717,경춘선,퇴계원,2024,1910,3934
20220717,경춘선,평내호평,3596,3582,7178
20220717,공항철도 1호선,검암,3662,3776,7438
20220717,공항철도 1호선,계양,5956,5648,11604
20220717,공항철도 1호선,공덕,1320,1853,3173
20220717,공항철도 1호선,공항화물청사,1068,1165,2233
20220717,공항철도 1호선,김포공항,11813,6050,17863
20220717,공항철도 1호선,디지털미디어시티,3591,3781,7372
20220717,공항철도 1호선,마곡나루,2480,2599,5079
20220717,공항철도 1호선,서울역,9236,8109,17345
20220717,공항철도 1호선,영종,2901,2764,5665
20220717,공항철도 1호선,운서,6045,6669,12714
20220717,공항철도 1호선,인천공항1터미널,7837,7302,15139
20220717,공항철도 1호선,인천공항2터미널,3538,3105,6643
20220717,공항철도 1호선,청라국제도시,3573,3451,7024
20220717,공항철도 1호선,홍대입구,12177,11340,23517
20220717,과천선,경마공원,15571,16019,31590
20220717,과천선,과천,3960,3741,7701
20220717,과천선,대공원,3944,3886,7830
20220717,과천선,범계,15590,15370,30960
20220717,과천선,선바위,4308,3862,8170
20220717,과천선,인덕원,12933,13116,26049
20220717,과천선,정부과천청사,5043,5047,10090
20220717,과천선,평촌,6693,6389,13082
20220717,분당선,가천대,3559,4360,7919
20220717,분당선,강남구청,2956,3486,6442
20220717,분당선,개포동,2251,2242,4493
20220717,분당선,구룡,871,908,1779
20220717,분당선,구성,2577,2911,5488
20220717,분당선,기흥,5411,5243,10654
20220717,분당선,대모산입구,2142,2102,4244
20220717,분당선,도곡,2958,2876,5834
20220717,분당선,망포,6680,7065,13745
20220717,분당선,매교,1694,1702,3396
20220717,분당선,매탄권선,2759,2588,5347
20220717,분당선,모란,11678,12036,23714
20220717,분당선,미금,7749,8344,16093
20220717,분당선,보정,1223,1146,2369
20220717,분당선,상갈,2933,3055,5988
20220717,분당선,서울숲,6928,6802,13730
20220717,분당선,서현,15413,15488,30901
20220717,분당선,선릉,2982,4431,7413
20220717,분당선,선정릉,2081,2051,4132
20220717,분당선,수내,6507,6200,12707
20220717,분당선,수서,8914,8838,17752
20220717,분당선,수원,6221,5247,11468
20220717,분당선,수원시청,8340,7942,16282
20220717,분당선,신갈,2119,2217,4336
20220717,분당선,압구정로데오,11201,12325,23526
20220717,분당선,야탑,14119,14603,28722
20220717,분당선,영통,5323,5204,10527
20220717,분당선,오리,5863,5087,10950
20220717,분당선,이매,3439,3460,6899
20220717,분당선,정자,8112,8447,16559
20220717,분당선,죽전,7888,9061,16949
20220717,분당선,청명,2211,2255,4466
20220717,분당선,태평,8417,7961,16378
20220717,분당선,한티,10680,10020,20700
20220717,수인선,고색,1847,1945,3792
20220717,수인선,남동인더스파크,725,685,1410
20220717,수인선,달월,63,63,126
20220717,수인선,사리,2809,2392,5201
20220717,수인선,소래포구,4280,4025,8305
20220717,수인선,송도,1555,1569,3124
20220717,수인선,숭의,2065,1953,4018
20220717,수인선,신포,1234,1176,2410
20220717,수인선,야목,235,204,439
20220717,수인선,어천,613,731,1344
20220717,수인선,연수,3444,3433,6877
20220717,수인선,오목천,1686,1655,3341
20220717,수인선,원인재,2863,3016,5879
20220717,수인선,월곶,1823,1841,3664
20220717,수인선,인천,1142,1698,2840
20220717,수인선,인천논현,3124,3330,6454
20220717,수인선,인하대,3390,3183,6573
20220717,수인선,호구포,2277,2310,4587
20220717,신림선,관악산,4745,4871,9616
20220717,신림선,당곡,2280,2097,4377
20220717,신림선,대방,1257,911,2168
20220717,신림선,보라매,1466,1436,2902
20220717,신림선,보라매공원,1090,1179,2269
20220717,신림선,보라매병원,2081,2147,4228
20220717,신림선,샛강,912,1253,2165
20220717,신림선,서울대벤처타운,4568,4334,8902
20220717,신림선,서울지방병무청,1225,1429,2654
20220717,신림선,서원,1717,1677,3394
20220717,신림선,신림,1109,1748,2857
20220717,안산선,고잔,4677,4552,9229
20220717,안산선,대야미,3126,2877,6003
20220717,안산선,반월,2624,2641,5265
20220717,안산선,산본,9333,10114,19447
20220717,안산선,상록수,9935,9596,19531
20220717,안산선,수리산,2248,2102,4350
20220717,안산선,신길온천,1254,1195,2449
20220717,안산선,안산,10866,10026,20892
20220717,안산선,오이도,6190,6094,12284
20220717,안산선,정왕,5637,6133,11770
20220717,안산선,중앙,12243,12127,24370
20220717,안산선,초지,2716,2480,5196
20220717,안산선,한대앞,5561,5542,11103
20220717,우이신설선,4.19민주묘지,1924,1661,3585
20220717,우이신설선,가오리,2460,2329,4789
20220717,우이신설선,보문,982,1016,1998
20220717,우이신설선,북한산보국문,3843,3471,7314
20220717,우이신설선,북한산우이,3303,3326,6629
20220717,우이신설선,삼양,1271,1269,2540
20220717,우이신설선,삼양사거리,1661,1592,3253
20220717,우이신설선,성신여대입구,2295,2607,4902
20220717,우이신설선,솔밭공원,1484,1433,2917
20220717,우이신설선,솔샘,2915,2735,5650
20220717,우이신설선,신설동,1216,1241,2457
20220717,우이신설선,정릉,2978,2408,5386
20220717,우이신설선,화계,2178,2001,4179
20220717,일산선,대곡,1139,984,2123
20220717,일산선,대화,6442,5962,12404
20220717,일산선,마두,3550,3551,7101
20220717,일산선,백석,5663,5612,11275
20220717,일산선,삼송,11645,11508,23153
20220717,일산선,원당,6240,5892,12132
20220717,일산선,원흥,5686,5471,11157
20220717,일산선,정발산,5682,5638,11320
20220717,일산선,주엽,5063,4948,10011
20220717,일산선,화정,9649,9845,19494
20220717,장항선,배방,857,989,1846
20220717,장항선,봉명,570,572,1142
20220717,장항선,신창,956,1099,2055
20220717,장항선,쌍용,1283,1330,2613
20220717,장항선,아산,3646,2366,6012
20220717,장항선,온양온천,3553,3530,7083
20220717,장항선,탕정,596,634,1230
20220717,중앙선,구리,7887,8071,15958
20220717,중앙선,국수,556,471,1027
20220717,중앙선,덕소,3660,3608,7268
20220717,중앙선,도농,5566,5556,11122
20220717,중앙선,도심,1284,1096,2380
20220717,중앙선,망우,5319,5260,10579
20220717,중앙선,상봉,3849,4105,7954
20220717,중앙선,신원,191,136,327
20220717,중앙선,아신,580,492,1072
20220717,중앙선,양수,2763,2630,5393
20220717,중앙선,양원,1390,1333,2723
20220717,중앙선,양정,494,371,865
20220717,중앙선,양평,2621,2341,4962
20220717,중앙선,오빈,264,218,482
20220717,중앙선,용문,2550,2041,4591
20220717,중앙선,운길산,991,936,1927
20220717,중앙선,원덕,378,301,679
20220717,중앙선,중랑,3568,3421,6989
20220717,중앙선,지평,71,52,123
20220717,중앙선,팔당,1252,1230,2482
20220717,중앙선,회기,15720,15265,30985
20220723,1호선,동대문,9940,10067,20007
20220723,1호선,동묘앞,10914,11273,22187
20220723,1호선,서울역,34747,35058,69805
20220723,1호선,시청,11888,12330,24218
20220723,1호선,신설동,9726,9317,19043
20220723,1호선,제기동,15421,15760,31181
20220723,1호선,종각,21197,20018,41215
20220723,1호선,종로3가,22757,22632,45389
20220723,1호선,종로5가,20142,19348,39490
20220723,1호선,청량리,18301,18671,36972
20220723,2호선,강남,59296,58483,117779
20220723,2호선,강변,28241,28309,56550
20220723,2호선,건대입구,33384,36636,70020
20220723,2호선,교대,17676,19774,37450
20220723,2호선,구로디지털단지,34141,33594,67735
20220723,2호선,구의,16317,15676,31993
20220723,2호선,낙성대,21348,19536,40884
20220723,2호선,당산,11835,12793,24628
20220723,2호선,대림,18362,19107,37469
20220723,2호선,도림천,806,803,1609
20220723,2호선,동대문역사문화공원,10783,12394,23177
20220723,2호선,뚝섬,13799,14173,27972
20220723,2호선,문래,12280,13011,25291
20220723,2호선,방배,9290,9855,19145
20220723,2호선,봉천,17519,15833,33352
20220723,2호선,사당,32287,35539,67826
20220723,2호선,삼성,37647,35990,73637
20220723,2호선,상왕십리,9801,9035,18836
20220723,2호선,서울대입구,36665,35121,71786
20220723,2호선,서초,11263,9648,20911
20220723,2호선,선릉,23834,21248,45082
20220723,2호선,성수,22930,25364,48294
20220723,2호선,시청,9853,8707,18560
20220723,2호선,신답,1130,1150,2280
20220723,2호선,신당,11174,11775,22949
20220723,2호선,신대방,19545,18625,38170
20220723,2호선,신도림,38277,38307,76584
20220723,2호선,신림,47152,44831,91983
20220723,2호선,신설동,3795,3555,7350
20220723,2호선,신정네거리,7592,7617,15209
20220723,2호선,신촌,32163,32120,64283
20220723,2호선,아현,7548,7003,14551
20220723,2호선,양천구청,4451,4448,8899
20220723,2호선,역삼,17879,19361,37240
20220723,2호선,영등포구청,11400,11766,23166
20220723,2호선,왕십리,13114,11496,24610
20220723,2호선,용답,2103,1921,4024
20220723,2호선,용두,1714,1693,3407
20220723,2호선,을지로3가,11220,11441,22661
20220723,2호선,을지로4가,7694,8018,15712
20220723,2호선,을지로입구,22406,22552,44958
20220723,2호선,이대,10189,10643,20832
20220723,2호선,잠실,67141,64689,131830
20220723,2호선,잠실나루,7705,7615,15320
20220723,2호선,잠실새내,17474,18074,35548
20220723,2호선,종합운동장,8429,9664,18093
20220723,2호선,충정로,5468,5863,11331
20220723,2호선,한양대,3681,3844,7525
20220723,2호선,합정,29829,34842,64671
20220723,2호선,홍대입구,69086,75518,144604
20220723,3호선,가락시장,5938,5663,11601
20220723,3호선,경복궁,17497,19019,36516
20220723,3호선,경찰병원,4020,3889,7909
20220723,3호선,고속터미널,50934,51894,102828
20220723,3호선,교대,7284,4642,11926
20220723,3호선,구파발,15953,16227,32180
20220723,3호선,금호,5795,5198,10993
20220723,3호선,남부터미널,21214,20993,42207
20220723,3호선,녹번,10248,8968,19216
20220723,3호선,대청,5818,5357,11175
20220723,3호선,대치,11196,9843,21039
20220723,3호선,도곡,3191,3203,6394
20220723,3호선,독립문,5902,5806,11708
20220723,3호선,동대입구,6130,6842,12972
20220723,3호선,매봉,6111,5990,12101
20220723,3호선,무악재,2711,2778,5489
20220723,3호선,불광,12729,14158,26887
20220723,3호선,수서,13528,13719,27247
20220723,3호선,신사,23296,24588,47884
20220723,3호선,안국,17252,17738,34990
20220723,3호선,압구정,25627,27401,53028
20220723,3호선,약수,8883,8331,17214
20220723,3호선,양재,18836,20439,39275
20220723,3호선,연신내,29251,27228,56479
20220723,3호선,오금,3769,3560,7329
20220723,3호선,옥수,6720,6774,13494
20220723,3호선,을지로3가,5315,5403,10718
20220723,3호선,일원,5365,5226,10591
20220723,3호선,잠원,3583,3523,7106
20220723,3호선,종로3가,6402,8746,15148
20220723,3호선,지축,3635,3246,6881
20220723,3호선,충무로,5,0,5
20220723,3호선,학여울,1394,1369,2763
20220723,3호선,홍제,13009,12234,25243
20220723,4호선,길음,14648,13945,28593
20220723,4호선,남태령,1134,737,1871
20220723,4호선,노원,15679,17534,33213
20220723,4호선,당고개,7568,7007,14575
20220723,4호선,동대문,13779,14140,27919
20220723,4호선,동대문역사문화공원,12062,10565,22627
20220723,4호선,동작,1131,1236,2367
20220723,4호선,명동,15446,17319,32765
20220723,4호선,미아,10789,9996,20785
20220723,4호선,미아사거리,21373,20407,41780
20220723,4호선,사당,21856,19465,41321
20220723,4호선,삼각지,3901,4988,8889
20220723,4호선,상계,13917,12805,26722
20220723,4호선,서울역,6205,15369,21574
20220723,4호선,성신여대입구,16417,15360,31777
20220723,4호선,수유,26270,25770,52040
20220723,4호선,숙대입구,9830,9480,19310
20220723,4호선,신용산,11692,13043,24735
20220723,4호선,쌍문,21250,18818,40068
20220723,4호선,이촌,8849,9348,18197
20220723,4호선,창동,19836,20973,40809
20220723,4호선,총신대입구,14815,15786,30601
20220723,4호선,충무로,12766,13950,26716
20220723,4호선,한성대입구,9922,9633,19555
20220723,4호선,혜화,30360,31081,61441
20220723,4호선,회현,18974,19508,38482
20220723,5호선,강동,12506,11933,24439
20220723,5호선,강일,3174,2908,6082
20220723,5호선,개롱,4083,4332,8415
20220723,5호선,개화산,3837,3627,7464
20220723,5호선,거여,6573,6204,12777
20220723,5호선,고덕,6483,6278,12761
20220723,5호선,공덕,6957,7132,14089
20220723,5호선,광나루,10790,10472,21262
20220723,5호선,광화문,16412,16651,33063
20220723,5호선,군자,8284,9449,17733
20220723,5호선,굽은다리,7599,6970,14569
20220723,5호선,길동,6114,6269,12383
20220723,5호선,김포공항,7312,7671,14983
20220723,5호선,까치산,20799,19337,40136
20220723,5호선,답십리,10202,9372,19574
20220723,5호선,동대문역사문화공원,1159,1495,2654
20220723,5호선,둔촌동,5875,5795,11670
20220723,5호선,마곡,5357,5515,10872
20220723,5호선,마장,3707,3562,7269
20220723,5호선,마천,4776,4907,9683
20220723,5호선,마포,7415,7596,15011
20220723,5호선,명일,6189,6146,12335
20220723,5호선,목동,11130,11038,22168
20220723,5호선,미사,12332,12265,24597
20220723,5호선,발산,12574,13526,26100
20220723,5호선,방이,5285,5120,10405
20220723,5호선,방화,4886,4595,9481
20220723,5호선,상일동,9284,8897,18181
20220723,5호선,서대문,7381,7186,14567
20220723,5호선,송정,4977,4639,9616
20220723,5호선,신금호,4028,4132,8160
20220723,5호선,신길,2675,2792,5467
20220723,5호선,신정,9002,7603,16605
20220723,5호선,아차산,11556,11170,22726
20220723,5호선,애오개,3774,3758,7532
20220723,5호선,양평,3699,3552,7251
20220723,5호선,여의나루,6614,9013,15627
20220723,5호선,여의도,11884,11747,23631
20220723,5호선,영등포구청,1916,1852,3768
20220723,5호선,영등포시장,7532,7967,15499
20220723,5호선,오금,2243,2034,4277
20220723,5호선,오목교,15902,16219,32121
20220723,5호선,올림픽공원,2839,2382,5221
20220723,5호선,왕십리,3224,4200,7424
20220723,5호선,우장산,9867,9718,19585
20220723,5호선,을지로4가,3259,3589,6848
20220723,5호선,장한평,11195,11029,22224
20220723,5호선,종로3가,13496,13139,26635
20220723,5호선,천호,16477,15486,31963
20220723,5호선,청구,2411,2311,4722
20220723,5호선,충정로,1848,1745,3593
20220723,5호선,하남검단산,5483,5306,10789
20220723,5호선,하남시청,5812,5335,11147
20220723,5호선,하남풍산,3013,2973,5986
20220723,5호선,행당,5678,4931,10609
20220723,5호선,화곡,20058,18286,38344
20220723,6호선,고려대,5294,5108,10402
20220723,6호선,공덕,10188,9675,19863
20220723,6호선,광흥창,5331,4954,10285
20220723,6호선,구산,5461,4258,9719
20220723,6호선,녹사평,4868,5639,10507
20220723,6호선,대흥,5987,5970,11957
20220723,6호선,독바위,2062,2302,4364
20220723,6호선,돌곶이,6114,5591,11705
20220723,6호선,동묘앞,7301,7015,14316
20220723,6호선,디지털미디어시티,7451,7597,15048
20220723,6호선,마포구청,9408,8266,17674
20220723,6호선,망원,12458,13512,25970
20220723,6호선,버티고개,1447,1570,3017
20220723,6호선,보문,5147,4654,9801
20220723,6호선,봉화산,5509,5414,10923
20220723,6호선,불광,3966,3407,7373
20220723,6호선,삼각지,6016,4421,10437
20220723,6호선,상수,8998,11119,20117
20220723,6호선,상월곡,4146,3568,7714
20220723,6호선,새절,8774,8243,17017
20220723,6호선,석계,8336,8541,16877
20220723,6호선,신당,6611,5994,12605
20220723,6호선,안암,6539,6164,12703
20220723,6호선,약수,2490,2461,4951
20220723,6호선,역촌,2746,2867,5613
20220723,6호선,월곡,7289,7035,14324
20220723,6호선,월드컵경기장,4755,4748,9503
20220723,6호선,응암,12725,12321,25046
20220723,6호선,이태원,14371,17837,32208
20220723,6호선,증산,7263,7159,14422
20220723,6호선,창신,2117,1825,3942
20220723,6호선,청구,2415,2336,4751
20220723,6호선,태릉입구,4264,4364,8628
20220723,6호선,한강진,9279,10748,20027
20220723,6호선,합정,13451,12491,25942
20220723,6호선,화랑대,6672,5351,12023
20220723,6호선,효창공원앞,4750,4080,8830
20220723,7호선,가산디지털단지,13957,12392,26349
20220723,7호선,강남구청,9023,9936,18959
20220723,7호선,건대입구,10641,11226,21867
20220723,7호선,고속터미널,15454,11488,26942
20220723,7호선,공릉,8533,8159,16692
20220723,7호선,광명사거리,16711,16817,33528
20220723,7호선,군자,10951,8301,19252
20220723,7호선,남구로,8267,8716,16983
20220723,7호선,남성,7680,6989,14669
20220723,7호선,내방,7774,7884,15658
20220723,7호선,노원,16385,16571,32956
20220723,7호선,논현,9653,11043,20696
20220723,7호선,대림,7439,8067,15506
20220723,7호선,도봉산,6587,8762,15349
20220723,7호선,뚝섬유원지,7040,6639,13679
20220723,7호선,마들,9040,8488,17528
20220723,7호선,먹골,7446,7153,14599
20220723,7호선,면목,10924,10423,21347
20220723,7호선,반포,4631,4485,9116
20220723,7호선,보라매,5105,4979,10084
20220723,7호선,사가정,11890,11442,23332
20220723,7호선,상도,7562,6950,14512
20220723,7호선,상봉,13245,12715,25960
20220723,7호선,수락산,10483,10447,20930
20220723,7호선,숭실대입구,7935,7681,15616
20220723,7호선,신대방삼거리,10851,10000,20851
20220723,7호선,신풍,8300,7820,16120
20220723,7호선,어린이대공원,9665,9232,18897
20220723,7호선,온수,5628,5361,10989
20220723,7호선,용마산,4442,4328,8770
20220723,7호선,이수,12274,11798,24072
20220723,7호선,장승배기,6503,6143,12646
20220723,7호선,장암,1893,1326,3219
20220723,7호선,중계,9176,8275,17451
20220723,7호선,중곡,7184,6775,13959
20220723,7호선,중화,7457,7132,14589
20220723,7호선,천왕,6911,6539,13450
20220723,7호선,철산,15168,15304,30472
20220723,7호선,청담,10652,11997,22649
20220723,7호선,태릉입구,6631,5919,12550
20220723,7호선,하계,12121,11236,23357
20220723,7호선,학동,10232,10839,21071
20220723,8호선,가락시장,5274,5491,10765
20220723,8호선,강동구청,6175,6257,12432
20220723,8호선,남위례,3585,3595,7180
20220723,8호선,남한산성입구,9362,8260,17622
20220723,8호선,단대오거리,7476,6985,14461
20220723,8호선,모란,3656,3240,6896
20220723,8호선,몽촌토성,4134,4163,8297
20220723,8호선,문정,8191,8159,16350
20220723,8호선,복정,5961,4913,10874
20220723,8호선,산성,4018,3975,7993
20220723,8호선,석촌,5800,7003,12803
20220723,8호선,송파,6199,6272,12471
20220723,8호선,수진,4366,3937,8303
20220723,8호선,신흥,3617,3967,7584
20220723,8호선,암사,12366,11142,23508
20220723,8호선,잠실,14274,15843,30117
20220723,8호선,장지,12135,11099,23234
20220723,8호선,천호,11384,13560,24944
20220723,9호선,가양,13869,13104,26973
20220723,9호선,개화,1393,1147,2540
20220723,9호선,고속터미널,13588,20113,33701
20220723,9호선,공항시장,2200,2290,4490
20220723,9호선,구반포,920,893,1813
20220723,9호선,국회의사당,4219,4407,8626
20220723,9호선,김포공항,7791,11433,19224
20220723,9호선,노들,3275,2786,6061
20220723,9호선,노량진,21385,20750,42135
20220723,9호선,당산,13119,12538,25657
20220723,9호선,동작,1586,1329,2915
20220723,9호선,등촌,7206,6840,14046
20220723,9호선,마곡나루,7498,7369,14867
20220723,9호선,사평,2461,2438,4899
20220723,9호선,샛강,2806,2676,5482
20220723,9호선,선유도,3849,3609,7458
20220723,9호선,신논현,24948,25170,50118
20220723,9호선,신목동,2514,2118,4632
20220723,9호선,신반포,2685,2514,5199
20220723,9호선,신방화,4837,4719,9556
20220723,9호선,양천향교,5826,5538,11364
20220723,9호선,여의도,12740,11620,24360
20220723,9호선,염창,11778,10863,22641
20220723,9호선,증미,4223,4036,8259
20220723,9호선,흑석,6007,5908,11915
20220723,9호선2~3단계,둔촌오륜,637,597,1234
20220723,9호선2~3단계,봉은사,17854,18708,36562
20220723,9호선2~3단계,삼성중앙,3490,3579,7069
20220723,9호선2~3단계,삼전,5270,4774,10044
20220723,9호선2~3단계,석촌,6947,5508,12455
20220723,9호선2~3단계,석촌고분,4563,4357,8920
20220723,9호선2~3단계,선정릉,4470,4951,9421
20220723,9호선2~3단계,송파나루,4510,4718,9228
20220723,9호선2~3단계,언주,6185,6257,12442
20220723,9호선2~3단계,올림픽공원,4492,4302,8794
20220723,9호선2~3단계,종합운동장,3695,3287,6982
20220723,9호선2~3단계,중앙보훈병원,5174,4653,9827
20220723,9호선2~3단계,한성백제,1887,1576,3463
20220723,경강선,경기광주,5638,5300,10938
20220723,경강선,곤지암,1935,1921,3856
20220723,경강선,부발,2187,1812,3999
20220723,경강선,삼동,1551,1434,2985
20220723,경강선,세종대왕릉,339,389,728
20220723,경강선,신둔도예촌,1238,1177,2415
20220723,경강선,여주,2643,2837,5480
20220723,경강선,이매,903,741,1644
20220723,경강선,이천,2827,2967,5794
20220723,경강선,초월,2328,2111,4439
20220723,경강선,판교,3218,3206,6424
20220723,경부선,가산디지털단지,6031,8094,14125
20220723,경부선,관악,6169,6002,12171
20220723,경부선,광명,2715,2449,5164
20220723,경부선,구로,13157,13581,26738
20220723,경부선,군포,4350,3952,8302
20220723,경부선,금정,20331,20338,40669
20220723,경부선,금천구청,8202,8312,16514
20220723,경부선,남영,6541,6605,13146
20220723,경부선,노량진,7499,6645,14144
20220723,경부선,당정,4128,3903,8031
20220723,경부선,대방,6992,7531,14523
20220723,경부선,독산,8924,8651,17575
20220723,경부선,두정,5583,5701,11284
20220723,경부선,명학,4620,4477,9097
20220723,경부선,병점,12693,12401,25094
20220723,경부선,서동탄,1007,1040,2047
20220723,경부선,서울역,8585,2277,10862
20220723,경부선,서정리,7359,5877,13236
20220723,경부선,석수,6835,6215,13050
20220723,경부선,성균관대,10409,10477,20886
20220723,경부선,성환,3104,2816,5920
20220723,경부선,세류,2574,2588,5162
20220723,경부선,세마,2419,2136,4555
20220723,경부선,송탄,4949,4485,9434
20220723,경부선,수원,37631,41719,79350
20220723,경부선,신길,5793,4850,10643
20220723,경부선,신도림,2723,3013,5736
20220723,경부선,안양,17797,17867,35664
20220723,경부선,영등포,42739,44180,86919
20220723,경부선,오산,10047,9417,19464
20220723,경부선,오산대,3155,2756,5911
20220723,경부선,용산,39069,41949,81018
20220723,경부선,의왕,5871,5634,11505
20220723,경부선,직산,748,669,1417
20220723,경부선,진위,1019,899,1918
20220723,경부선,천안,6439,6641,13080
20220723,경부선,평택,13633,13077,26710
20220723,경부선,평택지제,3689,3314,7003
20220723,경부선,화서,5521,5314,10835
20220723,경원선,가능,5333,5135,10468
20220723,경원선,광운대,5649,5670,11319
20220723,경원선,녹양,3614,3377,6991
20220723,경원선,녹천,3288,2839,6127
20220723,경원선,덕계,2686,2409,5095
20220723,경원선,덕정,4541,4187,8728
20220723,경원선,도봉,4555,4234,8789
20220723,경원선,도봉산,8779,6232,15011
20220723,경원선,동두천,1776,2150,3926
20220723,경원선,동두천중앙,2686,2661,5347
20220723,경원선,망월사,5758,5867,11625
20220723,경원선,방학,7525,7392,14917
20220723,경원선,보산,1804,1767,3571
20220723,경원선,서빙고,1489,1413,2902
20220723,경원선,석계,6571,6795,13366
20220723,경원선,소요산,4581,3934,8515
20220723,경원선,신이문,6250,5709,11959
20220723,경원선,양주,6550,6348,12898
20220723,경원선,옥수,32,25,57
20220723,경원선,왕십리,12835,14574,27409
20220723,경원선,외대앞,6216,5971,12187
20220723,경원선,월계,4656,4290,8946
20220723,경원선,응봉,1423,1269,2692
20220723,경원선,의정부,17784,18734,36518
20220723,경원선,이촌,2961,2222,5183
20220723,경원선,지행,6081,5958,12039
20220723,경원선,청량리,17801,18063,35864
20220723,경원선,한남,2590,2533,5123
20220723,경원선,회룡,9864,9726,19590
20220723,경의선,가좌,3994,3883,7877
20220723,경의선,강매,2061,1856,3917
20220723,경의선,계양,1,0,1
20220723,경의선,곡산,470,440,910
20220723,경의선,공덕,2793,2095,4888
20220723,경의선,금릉,3851,3645,7496
20220723,경의선,금촌,5712,5337,11049
20220723,경의선,능곡,2869,2839,5708
20220723,경의선,디지털미디어시티,2012,1767,3779
20220723,경의선,문산,5001,4687,9688
20220723,경의선,백마,4548,4296,8844
20220723,경의선,서강대,1716,1704,3420
20220723,경의선,서울역,1519,1749,3268
20220723,경의선,수색,1623,1541,3164
20220723,경의선,신촌,438,520,958
20220723,경의선,야당,6589,6596,13185
20220723,경의선,운정,5092,4621,9713
20220723,경의선,월롱,1862,1583,3445
20220723,경의선,일산,7215,6940,14155
20220723,경의선,임진강,97,55,152
20220723,경의선,탄현,5501,5332,10833
20220723,경의선,파주,934,683,1617
20220723,경의선,풍산,4622,4344,8966
20220723,경의선,행신,5810,5739,11549
20220723,경의선,홍대입구,1984,2751,4735
20220723,경의선,화전,1065,995,2060
20220723,경의선,효창공원앞,1835,2012,3847
20220723,경인선,간석,4369,4110,8479
20220723,경인선,개봉,16363,16010,32373
20220723,경인선,구일,8349,8214,16563
20220723,경인선,도원,2116,2111,4227
20220723,경인선,도화,3194,3013,6207
20220723,경인선,동암,13041,13166,26207
20220723,경인선,동인천,11650,11493,23143
20220723,경인선,백운,5585,5585,11170
20220723,경인선,부개,6600,6058,12658
20220723,경인선,부천,28195,29090,57285
20220723,경인선,부평,28509,31516,60025
20220723,경인선,소사,6521,6425,12946
20220723,경인선,송내,18252,18046,36298
20220723,경인선,역곡,19853,19411,39264
20220723,경인선,오류동,8884,7960,16844
20220723,경인선,온수,4925,4611,9536
20220723,경인선,인천,4306,3639,7945
20220723,경인선,제물포,7465,6997,14462
20220723,경인선,주안,15853,13913,29766
20220723,경인선,중동,6664,6141,12805
20220723,경춘선,가평,2944,4085,7029
20220723,경춘선,갈매,2069,1857,3926
20220723,경춘선,강촌,742,757,1499
20220723,경춘선,굴봉산,190,188,378
20220723,경춘선,금곡,1131,1080,2211
20220723,경춘선,김유정,454,541,995
20220723,경춘선,남춘천,2719,3039,5758
20220723,경춘선,대성리,1396,1469,2865
20220723,경춘선,마석,3845,3587,7432
20220723,경춘선,백양리,135,151,286
20220723,경춘선,별내,2390,2231,4621
20220723,경춘선,사릉,1635,1570,3205
20220723,경춘선,상천,401,355,756
20220723,경춘선,신내,1398,1342,2740
20220723,경춘선,천마산,1357,1296,2653
20220723,경춘선,청평,2195,2539,4734
20220723,경춘선,춘천,1818,1631,3449
20220723,경춘선,퇴계원,2593,2284,4877
20220723,경춘선,평내호평,4672,4494,9166
20220723,공항철도 1호선,검암,4467,4495,8962
20220723,공항철도 1호선,계양,7563,6932,14495
20220723,공항철도 1호선,공덕,1653,2465,4118
20220723,공항철도 1호선,공항화물청사,1462,1492,2954
20220723,공항철도 1호선,김포공항,10787,5848,16635
20220723,공항철도 1호선,디지털미디어시티,5478,4944,10422
20220723,공항철도 1호선,마곡나루,2959,3167,6126
20220723,공항철도 1호선,서울역,9014,9119,18133
20220723,공항철도 1호선,영종,3208,3252,6460
20220723,공항철도 1호선,운서,6956,7106,14062
20220723,공항철도 1호선,인천공항1터미널,7863,7747,15610
20220723,공항철도 1호선,인천공항2터미널,3500,3061,6561
20220723,공항철도 1호선,청라국제도시,4520,4340,8860
20220723,공항철도 1호선,홍대입구,13532,13977,27509
20220723,과천선,경마공원,13712,13725,27437
20220723,과천선,과천,5117,4795,9912
20220723,과천선,대공원,4456,4670,9126
20220723,과천선,범계,20977,20790,41767
20220723,과천선,선바위,5137,4627,9764
20220723,과천선,인덕원,16720,16658,33378
20220723,과천선,정부과천청사,6788,6511,13299
20220723,과천선,평촌,9288,9073,18361
20220723,분당선,가천대,4722,4953,9675
20220723,분당선,강남구청,4624,5536,10160
20220723,분당선,개포동,2781,2793,5574
20220723,분당선,구룡,1678,1452,3130
20220723,분당선,구성,3340,3476,6816
20220723,분당선,기흥,6879,6601,13480
20220723,분당선,대모산입구,3233,2941,6174
20220723,분당선,도곡,4734,4288,9022
20220723,분당선,망포,9707,8686,18393
20220723,분당선,매교,2027,2091,4118
20220723,분당선,매탄권선,3651,3450,7101
20220723,분당선,모란,15822,16261,32083
20220723,분당선,미금,10728,11174,21902
20220723,분당선,보정,1631,1530,3161
20220723,분당선,상갈,3824,3833,7657
20220723,분당선,서울숲,8186,8469,16655
20220723,분당선,서현,19316,19313,38629
20220723,분당선,선릉,5228,7854,13082
20220723,분당선,선정릉,3119,3179,6298
20220723,분당선,수내,9188,8710,17898
20220723,분당선,수서,10391,10757,21148
20220723,분당선,수원,7337,6337,13674
20220723,분당선,수원시청,10652,12348,23000
20220723,분당선,신갈,2893,2835,5728
20220723,분당선,압구정로데오,18490,21501,39991
20220723,분당선,야탑,17694,18568,36262
20220723,분당선,영통,6815,6642,13457
20220723,분당선,오리,7658,6321,13979
20220723,분당선,이매,4352,4281,8633
20220723,분당선,정자,11119,11590,22709
20220723,분당선,죽전,9780,11022,20802
20220723,분당선,청명,2691,2690,5381
20220723,분당선,태평,10832,10070,20902
20220723,분당선,한티,14825,13928,28753
20220723,수인선,고색,2699,2784,5483
20220723,수인선,남동인더스파크,1006,928,1934
20220723,수인선,달월,77,65,142
20220723,수인선,사리,3615,3022,6637
20220723,수인선,소래포구,4822,4774,9596
20220723,수인선,송도,1846,1786,3632
20220723,수인선,숭의,2781,2519,5300
20220723,수인선,신포,1388,1516,2904
20220723,수인선,야목,295,216,511
20220723,수인선,어천,757,687,1444
20220723,수인선,연수,4044,4068,8112
20220723,수인선,오목천,2338,1959,4297
20220723,수인선,원인재,3452,3578,7030
20220723,수인선,월곶,2217,2171,4388
20220723,수인선,인천,1073,1739,2812
20220723,수인선,인천논현,4485,4679,9164
20220723,수인선,인하대,4061,3826,7887
20220723,수인선,호구포,2737,2515,5252
20220723,신림선,관악산,4009,4028,8037
20220723,신림선,당곡,2875,2711,5586
20220723,신림선,대방,1750,1257,3007
20220723,신림선,보라매,2008,1794,3802
20220723,신림선,보라매공원,1306,1310,2616
20220723,신림선,보라매병원,2638,2639,5277
20220723,신림선,샛강,984,1259,2243
20220723,신림선,서울대벤처타운,5578,5198,10776
20220723,신림선,서울지방병무청,1704,1841,3545
20220723,신림선,서원,2224,2016,4240
20220723,신림선,신림,1375,1984,3359
20220723,안산선,고잔,6904,6227,13131
20220723,안산선,대야미,3982,3481,7463
20220723,안산선,반월,3450,3224,6674
20220723,안산선,산본,12919,13637,26556
20220723,안산선,상록수,12299,12356,24655
20220723,안산선,수리산,2945,2560,5505
20220723,안산선,신길온천,1486,1374,2860
20220723,안산선,안산,9685,10552,20237
20220723,안산선,오이도,7546,7468,15014
20220723,안산선,정왕,6782,6762,13544
20220723,안산선,중앙,15651,16518,32169
20220723,안산선,초지,3509,3397,6906
20220723,안산선,한대앞,6995,7065,14060
20220723,우이신설선,4.19민주묘지,2500,2140,4640
20220723,우이신설선,가오리,3085,3017,6102
20220723,우이신설선,보문,1183,1199,2382
20220723,우이신설선,북한산보국문,4904,4245,9149
20220723,우이신설선,북한산우이,3546,3861,7407
20220723,우이신설선,삼양,1631,1613,3244
20220723,우이신설선,삼양사거리,1915,1942,3857
20220723,우이신설선,성신여대입구,2896,3290,6186
20220723,우이신설선,솔밭공원,1858,1875,3733
20220723,우이신설선,솔샘,3942,3509,7451
20220723,우이신설선,신설동,1475,1502,2977
20220723,우이신설선,정릉,3661,2972,6633
20220723,우이신설선,화계,2592,2337,4929
20220723,일산선,대곡,1419,1256,2675
20220723,일산선,대화,17976,15086,33062
20220723,일산선,마두,5185,5212,10397
20220723,일산선,백석,7798,7780,15578
20220723,일산선,삼송,14572,13891,28463
20220723,일산선,원당,8091,7680,15771
20220723,일산선,원흥,7646,7319,14965
20220723,일산선,정발산,6665,7014,13679
20220723,일산선,주엽,7054,6936,13990
20220723,일산선,화정,12646,13118,25764
20220723,장항선,배방,1168,1027,2195
20220723,장항선,봉명,797,769,1566
20220723,장항선,신창,1008,955,1963
20220723,장항선,쌍용,1636,1510,3146
20220723,장항선,아산,3249,3143,6392
20220723,장항선,온양온천,3841,3849,7690
20220723,장항선,탕정,824,744,1568
20220723,중앙선,구리,10290,10560,20850
20220723,중앙선,국수,664,654,1318
20220723,중앙선,덕소,4639,4577,9216
20220723,중앙선,도농,7571,7055,14626
20220723,중앙선,도심,1654,1440,3094
20220723,중앙선,망우,6773,6702,13475
20220723,중앙선,상봉,4854,4741,9595
20220723,중앙선,신원,218,202,420
20220723,중앙선,아신,736,681,1417
20220723,중앙선,양수,2869,2922,5791
20220723,중앙선,양원,1941,1822,3763
20220723,중앙선,양정,598,512,1110
20220723,중앙선,양평,3916,4237,8153
20220723,중앙선,오빈,310,378,688
20220723,중앙선,용문,2285,2699,4984
20220723,중앙선,운길산,1103,1112,2215
20220723,중앙선,원덕,427,462,889
20220723,중앙선,중랑,4734,4416,9150
20220723,중앙선,지평,47,59,106
20220723,중앙선,팔당,1368,1418,2786
20220723,중앙선,회기,20493,19199,39692
20220724,1호선,동대문,8807,9392,18199
20220724,1호선,동묘앞,10589,10851,21440
20220724,1호선,서울역,29049,26654,55703
20220724,1호선,시청,8177,7838,16015
20220724,1호선,신설동,7286,7234,14520
20220724,1호선,제기동,10020,10615,20635
20220724,1호선,종각,13402,12005,25407
20220724,1호선,종로3가,14778,13103,27881
20220724,1호선,종로5가,9738,9565,19303
20220724,1호선,청량리,12662,12773,25435
20220724,2호선,강남,34690,32945,67635
20220724,2호선,강변,23198,21427,44625
20220724,2호선,건대입구,25284,26930,52214
20220724,2호선,교대,10457,11596,22053
20220724,2호선,구로디지털단지,23563,23249,46812
20220724,2호선,구의,11104,11224,22328
20220724,2호선,낙성대,15196,15695,30891
20220724,2호선,당산,8235,8942,17177
20220724,2호선,대림,15584,15992,31576
20220724,2호선,도림천,465,443,908
20220724,2호선,동대문역사문화공원,8408,10053,18461
20220724,2호선,뚝섬,9986,10122,20108
20220724,2호선,문래,7538,7956,15494
20220724,2호선,방배,6676,7220,13896
20220724,2호선,봉천,12225,11894,24119
20220724,2호선,사당,21926,23785,45711
20220724,2호선,삼성,25777,24835,50612
20220724,2호선,상왕십리,6840,6897,13737
20220724,2호선,서울대입구,25175,25974,51149
20220724,2호선,서초,11542,10772,22314
20220724,2호선,선릉,13041,11273,24314
20220724,2호선,성수,15227,17141,32368
20220724,2호선,시청,6404,5618,12022
20220724,2호선,신답,766,876,1642
20220724,2호선,신당,8207,8813,17020
20220724,2호선,신대방,14881,14466,29347
20220724,2호선,신도림,26554,26992,53546
20220724,2호선,신림,34998,34663,69661
20220724,2호선,신설동,2908,2876,5784
20220724,2호선,신정네거리,5184,5306,10490
20220724,2호선,신촌,22750,22557,45307
20220724,2호선,아현,5562,5446,11008
20220724,2호선,양천구청,3157,3221,6378
20220724,2호선,역삼,10595,11589,22184
20220724,2호선,영등포구청,6743,6953,13696
20220724,2호선,왕십리,9126,8060,17186
20220724,2호선,용답,1641,1634,3275
20220724,2호선,용두,1055,1045,2100
20220724,2호선,을지로3가,9049,8795,17844
20220724,2호선,을지로4가,3945,3893,7838
20220724,2호선,을지로입구,16630,15858,32488
20220724,2호선,이대,7158,7747,14905
20220724,2호선,잠실,48809,45935,94744
20220724,2호선,잠실나루,5128,5323,10451
20220724,2호선,잠실새내,11479,11766,23245
20220724,2호선,종합운동장,7836,8531,16367
20220724,2호선,충정로,3388,3619,7007
20220724,2호선,한양대,2549,2693,5242
20220724,2호선,합정,21663,23938,45601
20220724,2호선,홍대입구,53088,53533,106621
20220724,3호선,가락시장,3444,3674,7118
20220724,3호선,경복궁,12673,14257,26930
20220724,3호선,경찰병원,2747,2735,5482
20220724,3호선,고속터미널,42236,40382,82618
20220724,3호선,교대,4503,2682,7185
20220724,3호선,구파발,11923,12225,24148
20220724,3호선,금호,4229,3931,8160
20220724,3호선,남부터미널,15196,15633,30829
20220724,3호선,녹번,7160,6355,13515
20220724,3호선,대청,3996,3938,7934
20220724,3호선,대치,7463,6286,13749
20220724,3호선,도곡,1934,2049,3983
20220724,3호선,독립문,4058,4127,8185
20220724,3호선,동대입구,4655,5096,9751
20220724,3호선,매봉,4165,4175,8340
20220724,3호선,무악재,1813,1901,3714
20220724,3호선,불광,9416,10562,19978
20220724,3호선,수서,10486,10599,21085
20220724,3호선,신사,12266,12418,24684
20220724,3호선,안국,12105,12323,24428
20220724,3호선,압구정,14455,15174,29629
20220724,3호선,약수,6600,6448,13048
20220724,3호선,양재,12316,14281,26597
20220724,3호선,연신내,20858,19765,40623
20220724,3호선,오금,2633,2765,5398
20220724,3호선,옥수,4740,4986,9726
20220724,3호선,을지로3가,3529,3325,6854
20220724,3호선,일원,3567,3778,7345
20220724,3호선,잠원,2296,2216,4512
20220724,3호선,종로3가,4021,5330,9351
20220724,3호선,지축,2569,2292,4861
20220724,3호선,학여울,1057,1056,2113
20220724,3호선,홍제,8996,8587,17583
20220724,4호선,길음,10604,10248,20852
20220724,4호선,남태령,797,602,1399
20220724,4호선,노원,11946,13019,24965
20220724,4호선,당고개,5651,5389,11040
20220724,4호선,동대문,6661,6987,13648
20220724,4호선,동대문역사문화공원,9251,8432,17683
20220724,4호선,동작,889,968,1857
20220724,4호선,명동,12493,13104,25597
20220724,4호선,미아,7835,7416,15251
20220724,4호선,미아사거리,15867,14668,30535
20220724,4호선,사당,15087,14131,29218
20220724,4호선,삼각지,2919,3795,6714
20220724,4호선,상계,10044,9401,19445
20220724,4호선,서울역,4344,11049,15393
20220724,4호선,성신여대입구,11986,11683,23669
20220724,4호선,수유,19378,18915,38293
20220724,4호선,숙대입구,7955,7710,15665
20220724,4호선,신용산,8817,9056,17873
20220724,4호선,쌍문,15317,13899,29216
20220724,4호선,이촌,6844,7158,14002
20220724,4호선,창동,14878,15597,30475
20220724,4호선,총신대입구,10199,11159,21358
20220724,4호선,충무로,7177,7797,14974
20220724,4호선,한성대입구,7470,7282,14752
20220724,4호선,혜화,23945,25139,49084
20220724,4호선,회현,8455,8638,17093
20220724,5호선,강동,8617,8613,17230
20220724,5호선,강일,2367,2281,4648
20220724,5호선,개롱,2884,3129,6013
20220724,5호선,개화산,2602,2670,5272
20220724,5호선,거여,4723,4577,9300
20220724,5호선,고덕,4213,4210,8423
20220724,5호선,공덕,4384,4420,8804
20220724,5호선,광나루,7319,6964,14283
20220724,5호선,광화문,11816,12018,23834
20220724,5호선,군자,5813,6696,12509
20220724,5호선,굽은다리,5309,4861,10170
20220724,5호선,길동,4015,4115,8130
20220724,5호선,김포공항,7041,6693,13734
20220724,5호선,까치산,15011,14695,29706
20220724,5호선,답십리,7311,6727,14038
20220724,5호선,동대문역사문화공원,838,954,1792
20220724,5호선,둔촌동,4289,4404,8693
20220724,5호선,마곡,3606,3827,7433
20220724,5호선,마장,2729,2697,5426
20220724,5호선,마천,3516,3676,7192
20220724,5호선,마포,4554,4619,9173
20220724,5호선,명일,4740,4769,9509
20220724,5호선,목동,7584,7800,15384
20220724,5호선,미사,8962,9147,18109
20220724,5호선,발산,8445,9284,17729
20220724,5호선,방이,3780,3585,7365
20220724,5호선,방화,3769,3559,7328
20220724,5호선,상일동,6465,6265,12730
20220724,5호선,서대문,4618,4582,9200
20220724,5호선,송정,3540,3444,6984
20220724,5호선,신금호,2864,3073,5937
20220724,5호선,신길,2033,2170,4203
20220724,5호선,신정,6116,5586,11702
20220724,5호선,아차산,8798,8449,17247
20220724,5호선,애오개,2690,2676,5366
20220724,5호선,양평,2570,2633,5203
20220724,5호선,여의나루,8671,9608,18279
20220724,5호선,여의도,7581,7995,15576
20220724,5호선,영등포구청,1291,1176,2467
20220724,5호선,영등포시장,5383,5618,11001
20220724,5호선,오금,1488,1385,2873
20220724,5호선,오목교,10954,11474,22428
20220724,5호선,올림픽공원,2062,1758,3820
20220724,5호선,왕십리,2256,2716,4972
20220724,5호선,우장산,6728,6887,13615
20220724,5호선,을지로4가,1565,1758,3323
20220724,5호선,장한평,7881,7993,15874
20220724,5호선,종로3가,8653,7940,16593
20220724,5호선,천호,12209,11358,23567
20220724,5호선,청구,1787,1676,3463
20220724,5호선,충정로,1395,1460,2855
20220724,5호선,하남검단산,4393,4328,8721
20220724,5호선,하남시청,4286,4171,8457
20220724,5호선,하남풍산,2250,2285,4535
20220724,5호선,행당,3878,3549,7427
20220724,5호선,화곡,13574,12958,26532
20220724,6호선,고려대,3993,3868,7861
20220724,6호선,공덕,6705,6170,12875
20220724,6호선,광흥창,4232,3984,8216
20220724,6호선,구산,3895,2984,6879
20220724,6호선,녹사평,3907,3837,7744
20220724,6호선,대흥,3657,3901,7558
20220724,6호선,독바위,1396,1692,3088
20220724,6호선,돌곶이,5386,5208,10594
20220724,6호선,동묘앞,5792,5544,11336
20220724,6호선,디지털미디어시티,5468,5851,11319
20220724,6호선,마포구청,6865,6218,13083
20220724,6호선,망원,9079,9996,19075
20220724,6호선,버티고개,1048,1122,2170
20220724,6호선,보문,3950,3798,7748
20220724,6호선,봉화산,3843,3856,7699
20220724,6호선,불광,3056,2719,5775
20220724,6호선,삼각지,3928,3022,6950
20220724,6호선,상수,6511,7419,13930
20220724,6호선,상월곡,3125,2876,6001
20220724,6호선,새절,6387,6134,12521
20220724,6호선,석계,6160,6432,12592
20220724,6호선,신당,4926,5524,10450
20220724,6호선,안암,4793,5010,9803
20220724,6호선,약수,1707,1628,3335
20220724,6호선,역촌,1995,2201,4196
20220724,6호선,연신내,1,0,1
20220724,6호선,월곡,5266,5176,10442
20220724,6호선,월드컵경기장,3115,3200,6315
20220724,6호선,응암,9103,9206,18309
20220724,6호선,이태원,11272,9804,21076
20220724,6호선,증산,5320,5332,10652
20220724,6호선,창신,1628,1447,3075
20220724,6호선,청구,1702,1599,3301
20220724,6호선,태릉입구,3227,3419,6646
20220724,6호선,한강진,6964,7700,14664
20220724,6호선,합정,9989,8985,18974
20220724,6호선,화랑대,4742,4183,8925
20220724,6호선,효창공원앞,3431,3135,6566
20220724,7호선,가산디지털단지,9949,9041,18990
20220724,7호선,강남구청,4863,5351,10214
20220724,7호선,건대입구,7381,7642,15023
20220724,7호선,고속터미널,13093,8172,21265
20220724,7호선,공릉,6150,6231,12381
20220724,7호선,광명사거리,12302,12254,24556
20220724,7호선,군자,7975,6142,14117
20220724,7호선,남구로,6766,6502,13268
20220724,7호선,남성,5307,5280,10587
20220724,7호선,내방,5146,5461,10607
20220724,7호선,노원,11232,11448,22680
20220724,7호선,논현,5492,5636,11128
20220724,7호선,대림,7971,7508,15479
20220724,7호선,도봉산,4813,6756,11569
20220724,7호선,뚝섬유원지,6477,5969,12446
20220724,7호선,마들,5821,5457,11278
20220724,7호선,먹골,5395,5164,10559
20220724,7호선,면목,7653,7427,15080
20220724,7호선,반포,2917,2877,5794
20220724,7호선,보라매,3814,3910,7724
20220724,7호선,사가정,8480,8266,16746
20220724,7호선,상도,5434,5429,10863
20220724,7호선,상봉,9239,8530,17769
20220724,7호선,수락산,7897,7911,15808
20220724,7호선,숭실대입구,5739,6291,12030
20220724,7호선,신대방삼거리,7526,7386,14912
20220724,7호선,신풍,6215,5967,12182
20220724,7호선,어린이대공원,8079,8050,16129
20220724,7호선,온수,3933,4056,7989
20220724,7호선,용마산,3180,3279,6459
20220724,7호선,이수,8228,7903,16131
20220724,7호선,장승배기,4556,4571,9127
20220724,7호선,장암,1494,1044,2538
20220724,7호선,중계,6493,6062,12555
20220724,7호선,중곡,5125,4878,10003
20220724,7호선,중화,5623,5464,11087
20220724,7호선,천왕,4686,4711,9397
20220724,7호선,철산,10461,10655,21116
20220724,7호선,청담,6467,7088,13555
20220724,7호선,태릉입구,5047,4627,9674
20220724,7호선,하계,9109,8510,17619
20220724,7호선,학동,5635,5998,11633
20220724,8호선,가락시장,2978,3799,6777
20220724,8호선,강동구청,4511,4782,9293
20220724,8호선,남위례,2629,2775,5404
20220724,8호선,남한산성입구,6750,6263,13013
20220724,8호선,단대오거리,5544,5416,10960
20220724,8호선,모란,4293,3689,7982
20220724,8호선,몽촌토성,3272,3316,6588
20220724,8호선,문정,5033,5287,10320
20220724,8호선,복정,4798,4385,9183
20220724,8호선,산성,2833,2938,5771
20220724,8호선,석촌,3970,4984,8954
20220724,8호선,송파,4317,4404,8721
20220724,8호선,수진,3441,3084,6525
20220724,8호선,신흥,2696,2919,5615
20220724,8호선,암사,8806,8370,17176
20220724,8호선,잠실,10063,11165,21228
20220724,8호선,장지,8761,8923,17684
20220724,8호선,천호,8174,9343,17517
20220724,9호선,가양,11162,10598,21760
20220724,9호선,개화,1009,963,1972
20220724,9호선,고속터미널,11248,15753,27001
20220724,9호선,공항시장,1693,1877,3570
20220724,9호선,구반포,513,528,1041
20220724,9호선,국회의사당,4547,4301,8848
20220724,9호선,김포공항,7445,10861,18306
20220724,9호선,노들,2638,2206,4844
20220724,9호선,노량진,14223,14943,29166
20220724,9호선,당산,9037,9137,18174
20220724,9호선,동작,1225,1051,2276
20220724,9호선,등촌,4863,4942,9805
20220724,9호선,마곡나루,5199,5498,10697
20220724,9호선,사평,1652,1636,3288
20220724,9호선,샛강,1853,1768,3621
20220724,9호선,선유도,2574,2697,5271
20220724,9호선,신논현,15784,14825,30609
20220724,9호선,신목동,1755,1532,3287
20220724,9호선,신반포,1776,1783,3559
20220724,9호선,신방화,3539,3398,6937
20220724,9호선,양천향교,4280,4486,8766
20220724,9호선,여의도,9049,8337,17386
20220724,9호선,염창,8352,8377,16729
20220724,9호선,증미,2438,2475,4913
20220724,9호선,흑석,3827,3954,7781
20220724,9호선2~3단계,둔촌오륜,553,587,1140
20220724,9호선2~3단계,봉은사,12371,12821,25192
20220724,9호선2~3단계,삼성중앙,2112,2227,4339
20220724,9호선2~3단계,삼전,3577,3536,7113
20220724,9호선2~3단계,석촌,4800,4049,8849
20220724,9호선2~3단계,석촌고분,3121,3101,6222
20220724,9호선2~3단계,선정릉,2846,3222,6068
20220724,9호선2~3단계,송파나루,2913,3319,6232
20220724,9호선2~3단계,언주,3539,3556,7095
20220724,9호선2~3단계,올림픽공원,3108,3431,6539
20220724,9호선2~3단계,종합운동장,2470,2165,4635
20220724,9호선2~3단계,중앙보훈병원,3621,3429,7050
20220724,9호선2~3단계,한성백제,1359,1236,2595
20220724,경강선,경기광주,4084,3998,8082
20220724,경강선,곤지암,1536,1733,3269
20220724,경강선,부발,1510,2035,3545
20220724,경강선,삼동,1070,1119,2189
20220724,경강선,세종대왕릉,286,302,588
20220724,경강선,신둔도예촌,941,976,1917
20220724,경강선,여주,2184,2151,4335
20220724,경강선,이매,684,521,1205
20220724,경강선,이천,2153,2397,4550
20220724,경강선,초월,1740,1769,3509
20220724,경강선,판교,2596,2423,5019
20220724,경부선,가산디지털단지,4572,6341,10913
20220724,경부선,관악,4501,4221,8722
20220724,경부선,광명,2776,1872,4648
20220724,경부선,구로,10049,10177,20226
20220724,경부선,군포,3083,2967,6050
20220724,경부선,금정,15341,15698,31039
20220724,경부선,금천구청,5868,5991,11859
20220724,경부선,남영,4782,5110,9892
20220724,경부선,노량진,5293,4825,10118
20220724,경부선,당정,3039,2977,6016
20220724,경부선,대방,5100,5657,10757
20220724,경부선,독산,6054,6080,12134
20220724,경부선,두정,4795,5162,9957
20220724,경부선,명학,3243,3185,6428
20220724,경부선,병점,9175,10017,19192
20220724,경부선,서동탄,748,812,1560
20220724,경부선,서울역,8813,2117,10930
20220724,경부선,서정리,4704,7168,11872
20220724,경부선,석수,4783,4221,9004
20220724,경부선,성균관대,7812,8080,15892
20220724,경부선,성환,2553,3000,5553
20220724,경부선,세류,2072,2049,4121
20220724,경부선,세마,1709,1716,3425
20220724,경부선,송탄,3725,4517,8242
20220724,경부선,수원,33718,32838,66556
20220724,경부선,신길,4337,3887,8224
20220724,경부선,신도림,2201,2390,4591
20220724,경부선,안양,13431,13135,26566
20220724,경부선,영등포,34028,33290,67318
20220724,경부선,오산,7574,8097,15671
20220724,경부선,오산대,2214,2142,4356
20220724,경부선,용산,35235,32218,67453
20220724,경부선,의왕,4395,4382,8777
20220724,경부선,직산,605,679,1284
20220724,경부선,진위,879,883,1762
20220724,경부선,천안,6134,6089,12223
20220724,경부선,평택,11877,12771,24648
20220724,경부선,평택지제,2780,2742,5522
20220724,경부선,화서,4098,3907,8005
20220724,경원선,가능,3912,3690,7602
20220724,경원선,광운대,4096,4154,8250
20220724,경원선,녹양,2714,2544,5258
20220724,경원선,녹천,2518,2102,4620
20220724,경원선,덕계,1880,1843,3723
20220724,경원선,덕정,3373,3541,6914
20220724,경원선,도봉,3427,3200,6627
20220724,경원선,도봉산,7419,5131,12550
20220724,경원선,동두천,1307,1666,2973
20220724,경원선,동두천중앙,2032,2060,4092
20220724,경원선,망월사,4787,4841,9628
20220724,경원선,방학,5848,5589,11437
20220724,경원선,보산,1335,1505,2840
20220724,경원선,서빙고,1714,1712,3426
20220724,경원선,석계,4824,5117,9941
20220724,경원선,소요산,4264,3733,7997
20220724,경원선,신이문,4592,4365,8957
20220724,경원선,양주,4970,4907,9877
20220724,경원선,옥수,47,30,77
20220724,경원선,왕십리,9923,11016,20939
20220724,경원선,외대앞,4524,4510,9034
20220724,경원선,월계,3543,3345,6888
20220724,경원선,응봉,1001,968,1969
20220724,경원선,의정부,14163,14248,28411
20220724,경원선,이촌,2404,1835,4239
20220724,경원선,지행,4615,4591,9206
20220724,경원선,청량리,14486,13021,27507
20220724,경원선,한남,1843,1743,3586
20220724,경원선,회룡,7197,7347,14544
20220724,경의선,가좌,2837,2884,5721
20220724,경의선,강매,1487,1419,2906
20220724,경의선,곡산,329,294,623
20220724,경의선,공덕,1763,1534,3297
20220724,경의선,금릉,2811,2910,5721
20220724,경의선,금촌,4107,4461,8568
20220724,경의선,능곡,2176,2180,4356
20220724,경의선,디지털미디어시티,1479,1273,2752
20220724,경의선,문산,3749,4144,7893
20220724,경의선,백마,3469,3297,6766
20220724,경의선,서강대,1397,1343,2740
20220724,경의선,서울역,1221,1088,2309
20220724,경의선,수색,978,994,1972
20220724,경의선,신촌,271,352,623
20220724,경의선,야당,4954,4775,9729
20220724,경의선,운정,3492,3530,7022
20220724,경의선,월롱,1077,2239,3316
20220724,경의선,일산,4760,4551,9311
20220724,경의선,임진강,54,60,114
20220724,경의선,탄현,4071,3872,7943
20220724,경의선,파주,620,543,1163
20220724,경의선,풍산,3498,3364,6862
20220724,경의선,행신,4644,4479,9123
20220724,경의선,홍대입구,1824,2354,4178
20220724,경의선,화전,813,817,1630
20220724,경의선,효창공원앞,1395,1561,2956
20220724,경인선,간석,3026,2847,5873
20220724,경인선,개봉,11549,11337,22886
20220724,경인선,구일,6314,6454,12768
20220724,경인선,도원,1731,1691,3422
20220724,경인선,도화,2387,2243,4630
20220724,경인선,동암,9546,9504,19050
20220724,경인선,동인천,9378,8993,18371
20220724,경인선,백운,3820,3763,7583
20220724,경인선,부개,4763,4479,9242
20220724,경인선,부천,21142,20645,41787
20220724,경인선,부평,22313,22760,45073
20220724,경인선,소사,5112,4898,10010
20220724,경인선,송내,12945,12614,25559
20220724,경인선,역곡,13919,13970,27889
20220724,경인선,오류동,6876,6401,13277
20220724,경인선,온수,3742,3550,7292
20220724,경인선,인천,3933,3171,7104
20220724,경인선,제물포,5455,5271,10726
20220724,경인선,주안,11459,10320,21779
20220724,경인선,중동,4828,4514,9342
20220724,경춘선,가평,3249,2156,5405
20220724,경춘선,갈매,1444,1229,2673
20220724,경춘선,강촌,743,479,1222
20220724,경춘선,굴봉산,204,131,335
20220724,경춘선,금곡,887,815,1702
20220724,경춘선,김유정,429,394,823
20220724,경춘선,남춘천,2477,2345,4822
20220724,경춘선,대성리,1195,979,2174
20220724,경춘선,마석,2654,2573,5227
20220724,경춘선,백양리,140,108,248
20220724,경춘선,별내,1794,1692,3486
20220724,경춘선,사릉,1274,1269,2543
20220724,경춘선,상천,316,264,580
20220724,경춘선,신내,991,1039,2030
20220724,경춘선,천마산,1072,1030,2102
20220724,경춘선,청평,2222,1529,3751
20220724,경춘선,춘천,1639,1249,2888
20220724,경춘선,퇴계원,1952,1894,3846
20220724,경춘선,평내호평,3415,3347,6762
20220724,공항철도 1호선,검암,3533,3523,7056
20220724,공항철도 1호선,계양,5539,5363,10902
20220724,공항철도 1호선,공덕,1237,1677,2914
20220724,공항철도 1호선,공항화물청사,1043,1070,2113
20220724,공항철도 1호선,김포공항,11102,5404,16506
20220724,공항철도 1호선,디지털미디어시티,3614,3615,7229
20220724,공항철도 1호선,마곡나루,2370,2622,4992
20220724,공항철도 1호선,서울역,8966,8268,17234
20220724,공항철도 1호선,영종,2713,2694,5407
20220724,공항철도 1호선,운서,5719,6282,12001
20220724,공항철도 1호선,인천공항1터미널,7980,7271,15251
20220724,공항철도 1호선,인천공항2터미널,3300,2886,6186
20220724,공항철도 1호선,청라국제도시,3413,3239,6652
20220724,공항철도 1호선,홍대입구,11282,10460,21742
20220724,과천선,경마공원,15737,16201,31938
20220724,과천선,과천,3663,3574,7237
20220724,과천선,대공원,3311,3279,6590
20220724,과천선,범계,14934,14594,29528
20220724,과천선,선바위,4046,3603,7649
20220724,과천선,인덕원,12047,12389,24436
20220724,과천선,정부과천청사,4584,4584,9168
20220724,과천선,평촌,6403,6177,12580
20220724,분당선,가천대,3698,4183,7881
20220724,분당선,강남구청,2805,3273,6078
20220724,분당선,개포동,2024,2082,4106
20220724,분당선,구룡,816,828,1644
20220724,분당선,구성,2437,2673,5110
20220724,분당선,기흥,4888,4771,9659
20220724,분당선,대모산입구,2239,2161,4400
20220724,분당선,도곡,2825,2735,5560
20220724,분당선,망포,6327,6703,13030
20220724,분당선,매교,1404,1467,2871
20220724,분당선,매탄권선,2652,2506,5158
20220724,분당선,모란,16920,17879,34799
20220724,분당선,미금,7472,7991,15463
20220724,분당선,보정,1181,1115,2296
20220724,분당선,상갈,2722,2837,5559
20220724,분당선,서울숲,5668,5799,11467
20220724,분당선,서현,14812,14828,29640
20220724,분당선,선릉,2755,4328,7083
20220724,분당선,선정릉,1907,1977,3884
20220724,분당선,수내,6332,5992,12324
20220724,분당선,수서,8805,8640,17445
20220724,분당선,수원,5922,4837,10759
20220724,분당선,수원시청,7517,7351,14868
20220724,분당선,신갈,2057,2192,4249
20220724,분당선,압구정로데오,10749,11921,22670
20220724,분당선,야탑,13694,14071,27765
20220724,분당선,영통,5066,4982,10048
20220724,분당선,오리,5778,4903,10681
20220724,분당선,이매,3340,3332,6672
20220724,분당선,정자,7810,8055,15865
20220724,분당선,죽전,7118,8420,15538
20220724,분당선,청명,2044,2052,4096
20220724,분당선,태평,8442,7858,16300
20220724,분당선,한티,10364,9652,20016
20220724,수인선,고색,1952,2041,3993
20220724,수인선,남동인더스파크,539,577,1116
20220724,수인선,달월,67,59,126
20220724,수인선,사리,2773,2429,5202
20220724,수인선,소래포구,3976,3850,7826
20220724,수인선,송도,1455,1456,2911
20220724,수인선,숭의,1970,1786,3756
20220724,수인선,신포,1164,1130,2294
20220724,수인선,야목,221,173,394
20220724,수인선,어천,629,715,1344
20220724,수인선,연수,3335,3282,6617
20220724,수인선,오목천,1615,1638,3253
20220724,수인선,원인재,2719,2775,5494
20220724,수인선,월곶,1677,1673,3350
20220724,수인선,인천,1004,1515,2519
20220724,수인선,인천논현,2880,2981,5861
20220724,수인선,인하대,3119,2898,6017
20220724,수인선,호구포,2016,2113,4129
20220724,신림선,관악산,3305,3302,6607
20220724,신림선,당곡,2127,1968,4095
20220724,신림선,대방,1084,953,2037
20220724,신림선,보라매,1565,1405,2970
20220724,신림선,보라매공원,1088,1126,2214
20220724,신림선,보라매병원,2011,2010,4021
20220724,신림선,샛강,840,1117,1957
20220724,신림선,서울대벤처타운,4328,4267,8595
20220724,신림선,서울지방병무청,1226,1377,2603
20220724,신림선,서원,1696,1646,3342
20220724,신림선,신림,1173,1695,2868
20220724,안산선,고잔,4296,4263,8559
20220724,안산선,대야미,2878,2722,5600
20220724,안산선,반월,2531,2550,5081
20220724,안산선,산본,9008,9551,18559
20220724,안산선,상록수,9590,9267,18857
20220724,안산선,수리산,2148,1885,4033
20220724,안산선,신길온천,1188,1176,2364
20220724,안산선,안산,9811,9073,18884
20220724,안산선,오이도,5729,5683,11412
20220724,안산선,정왕,5510,5882,11392
20220724,안산선,중앙,11898,11966,23864
20220724,안산선,초지,2503,2446,4949
20220724,안산선,한대앞,5400,5237,10637
20220724,우이신설선,4.19민주묘지,1822,1614,3436
20220724,우이신설선,가오리,2300,2227,4527
20220724,우이신설선,보문,932,976,1908
20220724,우이신설선,북한산보국문,3717,3300,7017
20220724,우이신설선,북한산우이,2924,3116,6040
20220724,우이신설선,삼양,1114,1147,2261
20220724,우이신설선,삼양사거리,1600,1504,3104
20220724,우이신설선,성신여대입구,2218,2644,4862
20220724,우이신설선,솔밭공원,1399,1270,2669
20220724,우이신설선,솔샘,2955,2696,5651
20220724,우이신설선,신설동,1194,1208,2402
20220724,우이신설선,정릉,2749,2337,5086
20220724,우이신설선,화계,2086,1959,4045
20220724,일산선,대곡,1107,934,2041
20220724,일산선,대화,11906,9712,21618
20220724,일산선,마두,3423,3429,6852
20220724,일산선,백석,5602,5473,11075
20220724,일산선,삼송,10894,10944,21838
20220724,일산선,원당,6039,5884,11923
20220724,일산선,원흥,5563,5315,10878
20220724,일산선,정발산,5444,5357,10801
20220724,일산선,주엽,5072,4847,9919
20220724,일산선,화정,9563,9684,19247
20220724,장항선,배방,919,1001,1920
20220724,장항선,봉명,688,679,1367
20220724,장항선,신창,899,985,1884
20220724,장항선,쌍용,1383,1360,2743
20220724,장항선,아산,3301,2102,5403
20220724,장항선,온양온천,4530,4610,9140
20220724,장항선,탕정,607,612,1219
20220724,중앙선,구리,7444,7792,15236
20220724,중앙선,국수,548,499,1047
20220724,중앙선,덕소,3322,3490,6812
20220724,중앙선,도농,5331,5335,10666
20220724,중앙선,도심,1190,964,2154
20220724,중앙선,망우,4839,4897,9736
20220724,중앙선,상봉,3525,3947,7472
20220724,중앙선,신원,201,134,335
20220724,중앙선,아신,466,429,895
20220724,중앙선,양수,2424,2249,4673
20220724,중앙선,양원,1357,1330,2687
20220724,중앙선,양정,455,370,825
20220724,중앙선,양평,2260,2059,4319
20220724,중앙선,오빈,257,216,473
20220724,중앙선,용문,2178,1860,4038
20220724,중앙선,운길산,879,843,1722
20220724,중앙선,원덕,353,333,686
20220724,중앙선,중랑,3474,3363,6837
20220724,중앙선,지평,83,54,137
20220724,중앙선,팔당,1118,1063,2181
20220724,중앙선,회기,15560,15194,30754
20220730,1호선,동대문,9652,9811,19463
20220730,1호선,동묘앞,9590,9678,19268
20220730,1호선,서울역,35541,36777,72318
20220730,1호선,시청,11608,11825,23433
20220730,1호선,신설동,8967,8370,17337
20220730,1호선,제기동,13394,13464,26858
20220730,1호선,종각,18938,18665,37603
20220730,1호선,종로3가,19952,19222,39174
20220730,1호선,종로5가,16778,16854,33632
20220730,1호선,청량리,16309,16809,33118
20220730,2호선,강남,55226,54764,109990
20220730,2호선,강변,27171,28835,56006
20220730,2호선,건대입구,30553,34668,65221
20220730,2호선,교대,15625,17522,33147
20220730,2호선,구로디지털단지,31345,30236,61581
20220730,2호선,구의,15274,14625,29899
20220730,2호선,낙성대,19700,17569,37269
20220730,2호선,당산,10329,11290,21619
20220730,2호선,대림,16870,17848,34718
20220730,2호선,도림천,712,703,1415
20220730,2호선,동대문역사문화공원,10839,12334,23173
20220730,2호선,뚝섬,12626,13034,25660
20220730,2호선,문래,10641,11292,21933
20220730,2호선,방배,8684,8931,17615
20220730,2호선,봉천,16582,14627,31209
20220730,2호선,사당,28421,31376,59797
20220730,2호선,삼성,37050,36163,73213
20220730,2호선,상왕십리,9159,8398,17557
20220730,2호선,서울대입구,34074,32189,66263
20220730,2호선,서초,9908,8563,18471
20220730,2호선,선릉,21571,19044,40615
20220730,2호선,성수,19681,22700,42381
20220730,2호선,시청,9630,8517,18147
20220730,2호선,신답,950,926,1876
20220730,2호선,신당,9946,10261,20207
20220730,2호선,신대방,18268,16801,35069
20220730,2호선,신도림,33717,33859,67576
20220730,2호선,신림,44971,42160,87131
20220730,2호선,신설동,3348,3371,6719
20220730,2호선,신정네거리,6990,6736,13726
20220730,2호선,신촌,29380,29562,58942
20220730,2호선,아현,6853,6269,13122
20220730,2호선,양천구청,3824,3757,7581
20220730,2호선,역삼,16206,17825,34031
20220730,2호선,영등포구청,9704,10054,19758
20220730,2호선,왕십리,11870,10271,22141
20220730,2호선,용답,1971,1722,3693
20220730,2호선,용두,1608,1505,3113
20220730,2호선,을지로3가,10561,10913,21474
20220730,2호선,을지로4가,6685,6952,13637
20220730,2호선,을지로입구,21936,22249,44185
20220730,2호선,이대,9750,10153,19903
20220730,2호선,잠실,68624,65586,134210
20220730,2호선,잠실나루,6817,6712,13529
20220730,2호선,잠실새내,16274,17359,33633
20220730,2호선,종합운동장,10836,11719,22555
20220730,2호선,충정로,4397,4413,8810
20220730,2호선,한양대,3447,3384,6831
20220730,2호선,합정,26156,29794,55950
20220730,2호선,홍대입구,66121,74312,140433
20220730,3호선,가락시장,5475,5027,10502
20220730,3호선,경복궁,15002,15999,31001
20220730,3호선,경찰병원,3684,3594,7278
20220730,3호선,고속터미널,50633,52156,102789
20220730,3호선,교대,6320,4076,10396
20220730,3호선,구파발,15162,15433,30595
20220730,3호선,금호,5153,4606,9759
20220730,3호선,남부터미널,19898,19737,39635
20220730,3호선,녹번,9587,8088,17675
20220730,3호선,대청,5293,4901,10194
20220730,3호선,대치,10108,8929,19037
20220730,3호선,도곡,2671,2657,5328
20220730,3호선,독립문,5182,5070,10252
20220730,3호선,동대입구,5983,6712,12695
20220730,3호선,매봉,5520,5368,10888
20220730,3호선,무악재,2507,2519,5026
20220730,3호선,불광,11739,13177,24916
20220730,3호선,수서,12482,12703,25185
20220730,3호선,신사,21108,22070,43178
20220730,3호선,안국,14979,16073,31052
20220730,3호선,압구정,22646,24410,47056
20220730,3호선,약수,8416,7807,16223
20220730,3호선,양재,16441,18010,34451
20220730,3호선,연신내,27231,25064,52295
20220730,3호선,오금,3354,3241,6595
20220730,3호선,옥수,6391,6007,12398
20220730,3호선,을지로3가,5011,5055,10066
20220730,3호선,일원,4607,4245,8852
20220730,3호선,잠원,3002,2835,5837
20220730,3호선,종로3가,5670,8063,13733
20220730,3호선,지축,3215,3012,6227
20220730,3호선,학여울,2544,2584,5128
20220730,3호선,홍제,12303,10885,23188
20220730,4호선,길음,13447,12407,25854
20220730,4호선,남태령,1055,630,1685
20220730,4호선,노원,14406,16165,30571
20220730,4호선,당고개,6993,6473,13466
20220730,4호선,동대문,12244,13015,25259
20220730,4호선,동대문역사문화공원,11904,10215,22119
20220730,4호선,동작,1070,1053,2123
20220730,4호선,명동,15074,16943,32017
20220730,4호선,미아,9648,8894,18542
20220730,4호선,미아사거리,20386,19328,39714
20220730,4호선,사당,20159,17228,37387
20220730,4호선,삼각지,3529,4738,8267
20220730,4호선,상계,12693,11712,24405
20220730,4호선,서울역,5889,15282,21171
20220730,4호선,성신여대입구,15305,14611,29916
20220730,4호선,수유,24653,24098,48751
20220730,4호선,숙대입구,9019,8808,17827
20220730,4호선,신용산,11731,12841,24572
20220730,4호선,쌍문,19518,17187,36705
20220730,4호선,이촌,9080,9567,18647
20220730,4호선,창동,17981,19031,37012
20220730,4호선,총신대입구,13132,14022,27154
20220730,4호선,충무로,11394,12961,24355
20220730,4호선,한성대입구,9214,8726,17940
20220730,4호선,혜화,30118,30923,61041
20220730,4호선,회현,16907,17397,34304
20220730,5호선,강동,11365,10469,21834
20220730,5호선,강일,2888,2601,5489
20220730,5호선,개롱,3978,4088,8066
20220730,5호선,개화산,3429,3295,6724
20220730,5호선,거여,5857,5452,11309
20220730,5호선,고덕,6119,5898,12017
20220730,5호선,공덕,6365,6479,12844
20220730,5호선,광나루,9377,8981,18358
20220730,5호선,광화문,15219,16156,31375
20220730,5호선,군자,7697,8393,16090
20220730,5호선,굽은다리,7083,6593,13676
20220730,5호선,길동,5606,5674,11280
20220730,5호선,김포공항,8131,8549,16680
20220730,5호선,까치산,19611,18196,37807
20220730,5호선,답십리,9465,8486,17951
20220730,5호선,동대문역사문화공원,1244,1483,2727
20220730,5호선,둔촌동,5271,5274,10545
20220730,5호선,마곡,4936,5098,10034
20220730,5호선,마장,3516,3191,6707
20220730,5호선,마천,4346,4462,8808
20220730,5호선,마포,6859,6963,13822
20220730,5호선,명일,5542,5481,11023
20220730,5호선,목동,10227,10036,20263
20220730,5호선,미사,11395,11412,22807
20220730,5호선,발산,11480,12521,24001
20220730,5호선,방이,4805,4826,9631
20220730,5호선,방화,4320,4161,8481
20220730,5호선,상일동,8732,8094,16826
20220730,5호선,서대문,6836,6580,13416
20220730,5호선,송정,4660,4306,8966
20220730,5호선,신금호,3769,3816,7585
20220730,5호선,신길,2788,2716,5504
20220730,5호선,신정,8344,6828,15172
20220730,5호선,아차산,10494,9938,20432
20220730,5호선,애오개,3481,3386,6867
20220730,5호선,양평,3509,3264,6773
20220730,5호선,여의나루,12180,18907,31087
20220730,5호선,여의도,11624,12782,24406
20220730,5호선,영등포구청,1798,1615,3413
20220730,5호선,영등포시장,6985,7099,14084
20220730,5호선,오금,2000,1739,3739
20220730,5호선,오목교,14469,15267,29736
20220730,5호선,올림픽공원,4023,3405,7428
20220730,5호선,왕십리,3052,3912,6964
20220730,5호선,우장산,8973,8698,17671
20220730,5호선,을지로4가,2914,3175,6089
20220730,5호선,장한평,10654,10204,20858
20220730,5호선,종로3가,11444,11675,23119
20220730,5호선,천호,15804,14997,30801
20220730,5호선,청구,2227,2036,4263
20220730,5호선,충정로,1844,1624,3468
20220730,5호선,하남검단산,5108,5182,10290
20220730,5호선,하남시청,5112,4789,9901
20220730,5호선,하남풍산,2603,2602,5205
20220730,5호선,행당,4850,4088,8938
20220730,5호선,화곡,18888,16663,35551
20220730,6호선,고려대,4962,4521,9483
20220730,6호선,공덕,9129,8834,17963
20220730,6호선,광흥창,4725,4326,9051
20220730,6호선,구산,5024,3847,8871
20220730,6호선,녹사평,4637,5480,10117
20220730,6호선,대흥,5391,5279,10670
20220730,6호선,독바위,1832,1994,3826
20220730,6호선,돌곶이,5711,5223,10934
20220730,6호선,동묘앞,6308,6085,12393
20220730,6호선,디지털미디어시티,6804,6737,13541
20220730,6호선,마포구청,8694,7503,16197
20220730,6호선,망원,11324,12418,23742
20220730,6호선,버티고개,1511,1543,3054
20220730,6호선,보문,4775,4187,8962
20220730,6호선,봉화산,4925,4685,9610
20220730,6호선,불광,3710,3257,6967
20220730,6호선,삼각지,5450,3973,9423
20220730,6호선,상수,8653,10838,19491
20220730,6호선,상월곡,3805,3253,7058
20220730,6호선,새절,8080,7398,15478
20220730,6호선,석계,7958,7787,15745
20220730,6호선,신내,2,0,2
20220730,6호선,신당,6056,5625,11681
20220730,6호선,안암,6144,5732,11876
20220730,6호선,약수,2287,2301,4588
20220730,6호선,역촌,2534,2782,5316
20220730,6호선,월곡,6811,6414,13225
20220730,6호선,월드컵경기장,3937,4130,8067
20220730,6호선,응암,11414,11069,22483
20220730,6호선,이태원,14038,18427,32465
20220730,6호선,증산,6795,6415,13210
20220730,6호선,창신,1989,1625,3614
20220730,6호선,청구,2302,2186,4488
20220730,6호선,태릉입구,3944,4079,8023
20220730,6호선,한강진,9083,11152,20235
20220730,6호선,합정,11778,11033,22811
20220730,6호선,화랑대,6621,4962,11583
20220730,6호선,효창공원앞,4309,3746,8055
20220730,7호선,가산디지털단지,13331,11939,25270
20220730,7호선,강남구청,7868,8791,16659
20220730,7호선,건대입구,10427,10800,21227
20220730,7호선,고속터미널,14648,10868,25516
20220730,7호선,공릉,7579,7312,14891
20220730,7호선,광명사거리,15080,15041,30121
20220730,7호선,군자,10071,7638,17709
20220730,7호선,남구로,7857,8061,15918
20220730,7호선,남성,7293,6470,13763
20220730,7호선,내방,7267,7289,14556
20220730,7호선,노원,15106,15936,31042
20220730,7호선,논현,8984,9893,18877
20220730,7호선,대림,7121,7726,14847
20220730,7호선,도봉산,5957,7861,13818
20220730,7호선,뚝섬유원지,8095,7560,15655
20220730,7호선,마들,8475,7765,16240
20220730,7호선,먹골,7300,6730,14030
20220730,7호선,면목,9986,9320,19306
20220730,7호선,반포,4186,4202,8388
20220730,7호선,보라매,4699,4662,9361
20220730,7호선,사가정,10909,10380,21289
20220730,7호선,상도,7014,6337,13351
20220730,7호선,상봉,12266,11674,23940
20220730,7호선,수락산,9901,9738,19639
20220730,7호선,숭실대입구,7180,6920,14100
20220730,7호선,신대방삼거리,10001,9053,19054
20220730,7호선,신풍,7461,6998,14459
20220730,7호선,어린이대공원,8270,7598,15868
20220730,7호선,온수,5078,4918,9996
20220730,7호선,용마산,3874,3851,7725
20220730,7호선,이수,11198,10710,21908
20220730,7호선,장승배기,6010,5628,11638
20220730,7호선,장암,1720,1202,2922
20220730,7호선,중계,8404,7385,15789
20220730,7호선,중곡,6434,5842,12276
20220730,7호선,중화,7010,6457,13467
20220730,7호선,천왕,6172,5806,11978
20220730,7호선,철산,13934,13775,27709
20220730,7호선,청담,9483,10363,19846
20220730,7호선,태릉입구,6147,5618,11765
20220730,7호선,하계,11347,10285,21632
20220730,7호선,학동,8598,8874,17472
20220730,8호선,가락시장,4648,4923,9571
20220730,8호선,강동구청,5781,5679,11460
20220730,8호선,남위례,3101,3056,6157
20220730,8호선,남한산성입구,8491,7458,15949
20220730,8호선,단대오거리,7069,6478,13547
20220730,8호선,모란,3404,3047,6451
20220730,8호선,몽촌토성,3850,3785,7635
20220730,8호선,문정,7384,7316,14700
20220730,8호선,복정,5320,4455,9775
20220730,8호선,산성,3832,3848,7680
20220730,8호선,석촌,5339,6359,11698
20220730,8호선,송파,6078,5725,11803
20220730,8호선,수진,4021,3455,7476
20220730,8호선,신흥,3472,3725,7197
20220730,8호선,암사,11537,10438,21975
20220730,8호선,잠실,14158,16124,30282
20220730,8호선,장지,11491,10484,21975
20220730,8호선,천호,11153,13009,24162
20220730,9호선,가양,12996,12291,25287
20220730,9호선,개화,1382,1118,2500
20220730,9호선,고속터미널,14637,22102,36739
20220730,9호선,공항시장,2228,2348,4576
20220730,9호선,구반포,608,608,1216
20220730,9호선,국회의사당,3402,3530,6932
20220730,9호선,김포공항,7852,11690,19542
20220730,9호선,노들,3141,2588,5729
20220730,9호선,노량진,19592,18853,38445
20220730,9호선,당산,12319,11453,23772
20220730,9호선,동작,1364,1268,2632
20220730,9호선,등촌,6899,6505,13404
20220730,9호선,마곡나루,6798,6646,13444
20220730,9호선,사평,2352,2216,4568
20220730,9호선,샛강,2668,2637,5305
20220730,9호선,선유도,3790,3361,7151
20220730,9호선,신논현,24009,24457,48466
20220730,9호선,신목동,2237,1876,4113
20220730,9호선,신반포,2644,2673,5317
20220730,9호선,신방화,4546,4273,8819
20220730,9호선,양천향교,5538,5209,10747
20220730,9호선,여의도,13126,12333,25459
20220730,9호선,염창,11236,10206,21442
20220730,9호선,증미,4086,3872,7958
20220730,9호선,흑석,5086,5086,10172
20220730,9호선2~3단계,둔촌오륜,590,584,1174
20220730,9호선2~3단계,봉은사,16461,17301,33762
20220730,9호선2~3단계,삼성중앙,3014,3018,6032
20220730,9호선2~3단계,삼전,4909,4434,9343
20220730,9호선2~3단계,석촌,6493,5304,11797
20220730,9호선2~3단계,석촌고분,4327,3971,8298
20220730,9호선2~3단계,선정릉,4199,4644,8843
20220730,9호선2~3단계,송파나루,4265,4638,8903
20220730,9호선2~3단계,언주,5605,5416,11021
20220730,9호선2~3단계,올림픽공원,8991,8988,17979
20220730,9호선2~3단계,종합운동장,3290,2947,6237
20220730,9호선2~3단계,중앙보훈병원,4875,4498,9373
20220730,9호선2~3단계,한성백제,1725,1532,3257
20220730,경강선,경기광주,5432,5061,10493
20220730,경강선,곤지암,1986,1977,3963
20220730,경강선,부발,2150,1854,4004
20220730,경강선,삼동,1411,1323,2734
20220730,경강선,세종대왕릉,352,372,724
20220730,경강선,신둔도예촌,1264,1228,2492
20220730,경강선,여주,2850,3065,5915
20220730,경강선,이매,908,656,1564
20220730,경강선,이천,3097,3089,6186
20220730,경강선,초월,2317,2053,4370
20220730,경강선,판교,3259,3142,6401
20220730,경부선,가산디지털단지,5858,7514,13372
20220730,경부선,관악,5289,5152,10441
20220730,경부선,광명,2738,2587,5325
20220730,경부선,구로,11372,11760,23132
20220730,경부선,군포,3855,3430,7285
20220730,경부선,금정,18311,18486,36797
20220730,경부선,금천구청,7143,7129,14272
20220730,경부선,남영,5748,5689,11437
20220730,경부선,노량진,6927,6130,13057
20220730,경부선,당정,3761,3412,7173
20220730,경부선,대방,6128,6513,12641
20220730,경부선,독산,8171,7643,15814
20220730,경부선,두정,5269,5383,10652
20220730,경부선,명학,4093,3729,7822
20220730,경부선,병점,11380,11328,22708
20220730,경부선,서동탄,924,930,1854
20220730,경부선,서울역,9005,2436,11441
20220730,경부선,서정리,7221,5693,12914
20220730,경부선,석수,5935,5396,11331
20220730,경부선,성균관대,9291,9414,18705
20220730,경부선,성환,3094,2721,5815
20220730,경부선,세류,2439,2414,4853
20220730,경부선,세마,2144,1885,4029
20220730,경부선,송탄,4994,4324,9318
20220730,경부선,수원,37753,41581,79334
20220730,경부선,신길,5523,4463,9986
20220730,경부선,신도림,2339,2545,4884
20220730,경부선,안양,16377,16208,32585
20220730,경부선,영등포,39923,42178,82101
20220730,경부선,오산,9778,8761,18539
20220730,경부선,오산대,2661,2387,5048
20220730,경부선,용산,40762,44335,85097
20220730,경부선,의왕,5109,4853,9962
20220730,경부선,직산,685,617,1302
20220730,경부선,진위,1065,844,1909
20220730,경부선,천안,6691,6952,13643
20220730,경부선,평택,13699,13378,27077
20220730,경부선,평택지제,3564,3367,6931
20220730,경부선,화서,5020,4834,9854
20220730,경원선,가능,4958,4626,9584
20220730,경원선,광운대,4838,4740,9578
20220730,경원선,녹양,3258,3054,6312
20220730,경원선,녹천,2889,2357,5246
20220730,경원선,덕계,2383,2174,4557
20220730,경원선,덕정,4282,3712,7994
20220730,경원선,도봉,4176,3824,8000
20220730,경원선,도봉산,7682,5121,12803
20220730,경원선,동두천,1686,2037,3723
20220730,경원선,동두천중앙,2624,2661,5285
20220730,경원선,망월사,5259,5235,10494
20220730,경원선,방학,7079,6714,13793
20220730,경원선,보산,1841,1779,3620
20220730,경원선,서빙고,1457,1405,2862
20220730,경원선,석계,5975,6213,12188
20220730,경원선,소요산,5017,4419,9436
20220730,경원선,신이문,5656,5041,10697
20220730,경원선,양주,5999,5611,11610
20220730,경원선,옥수,29,29,58
20220730,경원선,왕십리,11727,13790,25517
20220730,경원선,외대앞,5575,5243,10818
20220730,경원선,월계,4283,3631,7914
20220730,경원선,응봉,1283,1135,2418
20220730,경원선,의정부,17078,17941,35019
20220730,경원선,이촌,2649,2003,4652
20220730,경원선,지행,5437,5283,10720
20220730,경원선,청량리,17023,17501,34524
20220730,경원선,한남,2506,2415,4921
20220730,경원선,회룡,8683,8524,17207
20220730,경의선,가좌,3836,3527,7363
20220730,경의선,강매,1825,1610,3435
20220730,경의선,곡산,362,318,680
20220730,경의선,공덕,2446,1815,4261
20220730,경의선,금릉,3543,3359,6902
20220730,경의선,금촌,5489,5090,10579
20220730,경의선,능곡,2612,2522,5134
20220730,경의선,디지털미디어시티,2019,1656,3675
20220730,경의선,문산,5174,4708,9882
20220730,경의선,백마,4047,3666,7713
20220730,경의선,서강대,1615,1513,3128
20220730,경의선,서울역,1419,1517,2936
20220730,경의선,수색,1386,1383,2769
20220730,경의선,신촌,376,412,788
20220730,경의선,야당,5928,6028,11956
20220730,경의선,운정,4617,4147,8764
20220730,경의선,월롱,1874,1457,3331
20220730,경의선,일산,5534,5223,10757
20220730,경의선,임진강,75,64,139
20220730,경의선,탄현,4993,4726,9719
20220730,경의선,파주,880,647,1527
20220730,경의선,풍산,4110,3911,8021
20220730,경의선,행신,5233,5398,10631
20220730,경의선,홍대입구,1919,2694,4613
20220730,경의선,화전,852,841,1693
20220730,경의선,효창공원앞,1738,1882,3620
20220730,경인선,간석,3976,3646,7622
20220730,경인선,개봉,14477,13873,28350
20220730,경인선,구일,4402,4042,8444
20220730,경인선,도원,1858,1950,3808
20220730,경인선,도화,2903,2571,5474
20220730,경인선,동암,11871,12013,23884
20220730,경인선,동인천,11058,10917,21975
20220730,경인선,백운,5032,4755,9787
20220730,경인선,부개,5884,5454,11338
20220730,경인선,부천,26589,26924,53513
20220730,경인선,부평,27184,30336,57520
20220730,경인선,소사,5904,5836,11740
20220730,경인선,송내,16597,16111,32708
20220730,경인선,역곡,17984,17505,35489
20220730,경인선,오류동,8257,7417,15674
20220730,경인선,온수,4431,4002,8433
20220730,경인선,인천,4571,4021,8592
20220730,경인선,제물포,6476,6150,12626
20220730,경인선,주안,14774,12534,27308
20220730,경인선,중동,5872,5433,11305
20220730,경춘선,가평,3291,4377,7668
20220730,경춘선,갈매,1729,1429,3158
20220730,경춘선,강촌,752,819,1571
20220730,경춘선,굴봉산,241,222,463
20220730,경춘선,금곡,1042,952,1994
20220730,경춘선,김유정,384,406,790
20220730,경춘선,남춘천,2985,3346,6331
20220730,경춘선,대성리,1380,1288,2668
20220730,경춘선,마석,3211,3120,6331
20220730,경춘선,백양리,185,202,387
20220730,경춘선,별내,2172,1983,4155
20220730,경춘선,사릉,1518,1519,3037
20220730,경춘선,상천,407,448,855
20220730,경춘선,신내,1247,1143,2390
20220730,경춘선,천마산,1236,1182,2418
20220730,경춘선,청평,2207,2475,4682
20220730,경춘선,춘천,1952,1871,3823
20220730,경춘선,퇴계원,2416,2122,4538
20220730,경춘선,평내호평,4197,4063,8260
20220730,공항철도 1호선,검암,4401,4404,8805
20220730,공항철도 1호선,계양,7363,6617,13980
20220730,공항철도 1호선,공덕,1556,2171,3727
20220730,공항철도 1호선,공항화물청사,1371,1410,2781
20220730,공항철도 1호선,김포공항,10500,5643,16143
20220730,공항철도 1호선,디지털미디어시티,4588,4341,8929
20220730,공항철도 1호선,마곡나루,2758,2905,5663
20220730,공항철도 1호선,서울역,9371,9460,18831
20220730,공항철도 1호선,영종,3147,3273,6420
20220730,공항철도 1호선,운서,7085,7149,14234
20220730,공항철도 1호선,인천공항1터미널,8602,8632,17234
20220730,공항철도 1호선,인천공항2터미널,4244,3783,8027
20220730,공항철도 1호선,청라국제도시,4413,4003,8416
20220730,공항철도 1호선,홍대입구,12822,13273,26095
20220730,과천선,경마공원,14116,14382,28498
20220730,과천선,과천,4608,4353,8961
20220730,과천선,대공원,3758,3888,7646
20220730,과천선,범계,19294,18989,38283
20220730,과천선,선바위,4493,3973,8466
20220730,과천선,인덕원,14926,14992,29918
20220730,과천선,정부과천청사,6366,6295,12661
20220730,과천선,평촌,8718,8616,17334
20220730,분당선,가천대,4326,4587,8913
20220730,분당선,강남구청,4186,4900,9086
20220730,분당선,개포동,2645,2555,5200
20220730,분당선,구룡,1178,1071,2249
20220730,분당선,구성,3016,3204,6220
20220730,분당선,기흥,6649,6150,12799
20220730,분당선,대모산입구,2726,2308,5034
20220730,분당선,도곡,4051,3704,7755
20220730,분당선,망포,8890,7919,16809
20220730,분당선,매교,2024,2082,4106
20220730,분당선,매탄권선,3279,3063,6342
20220730,분당선,모란,14483,15010,29493
20220730,분당선,미금,9883,10240,20123
20220730,분당선,보정,1561,1432,2993
20220730,분당선,상갈,3540,3578,7118
20220730,분당선,서울숲,7465,7777,15242
20220730,분당선,서현,17930,18190,36120
20220730,분당선,선릉,4600,6683,11283
20220730,분당선,선정릉,2784,2794,5578
20220730,분당선,수내,8466,7907,16373
20220730,분당선,수서,9506,10021,19527
20220730,분당선,수원,7246,5987,13233
20220730,분당선,수원시청,9446,10809,20255
20220730,분당선,신갈,2610,2508,5118
20220730,분당선,압구정로데오,16426,19798,36224
20220730,분당선,야탑,16092,17202,33294
20220730,분당선,영통,6478,6319,12797
20220730,분당선,오리,6982,5615,12597
20220730,분당선,이매,3885,3890,7775
20220730,분당선,정자,10182,10463,20645
20220730,분당선,죽전,9050,10298,19348
20220730,분당선,청명,2579,2525,5104
20220730,분당선,태평,10470,9645,20115
20220730,분당선,한티,12943,12199,25142
20220730,수인선,고색,2614,2492,5106
20220730,수인선,남동인더스파크,854,816,1670
20220730,수인선,달월,61,53,114
20220730,수인선,사리,3362,2663,6025
20220730,수인선,소래포구,4320,4299,8619
20220730,수인선,송도,1627,1603,3230
20220730,수인선,숭의,2285,2146,4431
20220730,수인선,신포,1286,1348,2634
20220730,수인선,야목,249,187,436
20220730,수인선,어천,812,724,1536
20220730,수인선,연수,3679,3755,7434
20220730,수인선,오목천,2242,1939,4181
20220730,수인선,원인재,3218,3235,6453
20220730,수인선,월곶,2034,1926,3960
20220730,수인선,인천,1278,2048,3326
20220730,수인선,인천논현,3868,4002,7870
20220730,수인선,인하대,3773,3451,7224
20220730,수인선,호구포,2489,2211,4700
20220730,신림선,관악산,4529,4309,8838
20220730,신림선,당곡,2854,2569,5423
20220730,신림선,대방,1536,1068,2604
20220730,신림선,보라매,1988,1745,3733
20220730,신림선,보라매공원,1095,1140,2235
20220730,신림선,보라매병원,2498,2485,4983
20220730,신림선,샛강,878,1326,2204
20220730,신림선,서울대벤처타운,5228,4799,10027
20220730,신림선,서울지방병무청,1721,1732,3453
20220730,신림선,서원,2205,1860,4065
20220730,신림선,신림,1388,1740,3128
20220730,안산선,고잔,5347,5150,10497
20220730,안산선,대야미,3604,3127,6731
20220730,안산선,반월,3165,2926,6091
20220730,안산선,산본,11477,12190,23667
20220730,안산선,상록수,11253,11094,22347
20220730,안산선,수리산,2687,2272,4959
20220730,안산선,신길온천,1378,1329,2707
20220730,안산선,안산,10410,10810,21220
20220730,안산선,오이도,7227,7379,14606
20220730,안산선,정왕,6564,6454,13018
20220730,안산선,중앙,14279,15295,29574
20220730,안산선,초지,3178,3009,6187
20220730,안산선,한대앞,6305,6230,12535
20220730,우이신설선,4.19민주묘지,2129,1858,3987
20220730,우이신설선,가오리,2825,2642,5467
20220730,우이신설선,보문,1097,1093,2190
20220730,우이신설선,북한산보국문,4372,3888,8260
20220730,우이신설선,북한산우이,3415,3847,7262
20220730,우이신설선,삼양,1402,1407,2809
20220730,우이신설선,삼양사거리,1765,1773,3538
20220730,우이신설선,성신여대입구,2684,3168,5852
20220730,우이신설선,솔밭공원,1619,1611,3230
20220730,우이신설선,솔샘,3546,3010,6556
20220730,우이신설선,신설동,1285,1250,2535
20220730,우이신설선,정릉,3210,2504,5714
20220730,우이신설선,화계,2289,2058,4347
20220730,일산선,대곡,1278,1114,2392
20220730,일산선,대화,8977,7888,16865
20220730,일산선,마두,4594,4590,9184
20220730,일산선,백석,6996,6890,13886
20220730,일산선,삼송,13566,13053,26619
20220730,일산선,원당,7400,6869,14269
20220730,일산선,원흥,7110,6434,13544
20220730,일산선,정발산,5888,6066,11954
20220730,일산선,주엽,6556,6421,12977
20220730,일산선,지축,1,0,1
20220730,일산선,화정,11691,11964,23655
20220730,장항선,배방,1014,918,1932
20220730,장항선,봉명,708,623,1331
20220730,장항선,신창,1126,1018,2144
20220730,장항선,쌍용,1517,1366,2883
20220730,장항선,아산,3010,3026,6036
20220730,장항선,온양온천,3785,3876,7661
20220730,장항선,탕정,739,623,1362
20220730,중앙선,구리,9486,9673,19159
20220730,중앙선,국수,584,606,1190
20220730,중앙선,덕소,4246,4301,8547
20220730,중앙선,도농,6690,6356,13046
20220730,중앙선,도심,1528,1265,2793
20220730,중앙선,망우,6142,5983,12125
20220730,중앙선,상봉,4565,4348,8913
20220730,중앙선,신원,172,181,353
20220730,중앙선,아신,752,736,1488
20220730,중앙선,양수,2321,2424,4745
20220730,중앙선,양원,1731,1643,3374
20220730,중앙선,양정,505,438,943
20220730,중앙선,양평,2700,3058,5758
20220730,중앙선,오빈,289,306,595
20220730,중앙선,용문,4381,4938,9319
20220730,중앙선,운길산,888,858,1746
20220730,중앙선,원덕,402,435,837
20220730,중앙선,중랑,4393,4107,8500
20220730,중앙선,지평,74,103,177
20220730,중앙선,팔당,1242,1280,2522
20220730,중앙선,회기,17765,16468,34233
20220731,1호선,동대문,8855,9049,17904
20220731,1호선,동묘앞,7502,7679,15181
20220731,1호선,서울역,32137,29669,61806
20220731,1호선,시청,7861,7656,15517
20220731,1호선,신설동,6293,6413,12706
20220731,1호선,제기동,8492,8896,17388
20220731,1호선,종각,12650,11099,23749
20220731,1호선,종로3가,12360,11444,23804
20220731,1호선,종로5가,9458,8998,18456
20220731,1호선,청량리,11384,12157,23541
20220731,2호선,강남,31573,29921,61494
20220731,2호선,강변,24569,21831,46400
20220731,2호선,건대입구,23030,24356,47386
20220731,2호선,교대,9738,10849,20587
20220731,2호선,구로디지털단지,21499,21661,43160
20220731,2호선,구의,10299,10515,20814
20220731,2호선,낙성대,13868,14606,28474
20220731,2호선,당산,6863,7494,14357
20220731,2호선,대림,13238,14017,27255
20220731,2호선,도림천,418,475,893
20220731,2호선,동대문역사문화공원,8796,10420,19216
20220731,2호선,뚝섬,8303,8873,17176
20220731,2호선,문래,6585,7056,13641
20220731,2호선,방배,5953,6431,12384
20220731,2호선,봉천,11049,11060,22109
20220731,2호선,사당,18946,20878,39824
20220731,2호선,삼성,28865,27019,55884
20220731,2호선,상왕십리,6291,6470,12761
20220731,2호선,서울대입구,23463,23967,47430
20220731,2호선,서초,11443,10341,21784
20220731,2호선,선릉,11740,10487,22227
20220731,2호선,성수,13976,14966,28942
20220731,2호선,시청,6851,5522,12373
20220731,2호선,신답,601,734,1335
20220731,2호선,신당,7133,7916,15049
20220731,2호선,신대방,13413,13395,26808
20220731,2호선,신도림,23240,23798,47038
20220731,2호선,신림,32131,31556,63687
20220731,2호선,신설동,2624,2587,5211
20220731,2호선,신정네거리,4985,5040,10025
20220731,2호선,신촌,22052,21283,43335
20220731,2호선,아현,4797,4810,9607
20220731,2호선,양천구청,2868,2951,5819
20220731,2호선,역삼,10491,11458,21949
20220731,2호선,영등포구청,6282,6519,12801
20220731,2호선,왕십리,8683,7696,16379
20220731,2호선,용답,1527,1519,3046
20220731,2호선,용두,1129,1015,2144
20220731,2호선,을지로3가,8336,8359,16695
20220731,2호선,을지로4가,3836,3729,7565
20220731,2호선,을지로입구,16256,16241,32497
20220731,2호선,이대,6636,7403,14039
20220731,2호선,잠실,50683,47773,98456
20220731,2호선,잠실나루,4838,4985,9823
20220731,2호선,잠실새내,11037,11568,22605
20220731,2호선,종합운동장,4985,5481,10466
20220731,2호선,충정로,3138,3345,6483
20220731,2호선,한양대,2085,2295,4380
20220731,2호선,합정,19057,20129,39186
20220731,2호선,홍대입구,50103,49349,99452
20220731,3호선,가락시장,3192,3431,6623
20220731,3호선,경복궁,11347,12249,23596
20220731,3호선,경찰병원,2512,2645,5157
20220731,3호선,고속터미널,43773,39029,82802
20220731,3호선,교대,4064,2616,6680
20220731,3호선,구파발,10764,11241,22005
20220731,3호선,금호,3632,3558,7190
20220731,3호선,남부터미널,14414,14081,28495
20220731,3호선,녹번,6430,5784,12214
20220731,3호선,대청,3727,3758,7485
20220731,3호선,대치,7135,6108,13243
20220731,3호선,도곡,1680,1690,3370
20220731,3호선,독립문,3794,3893,7687
20220731,3호선,동대입구,4951,5235,10186
20220731,3호선,매봉,3685,3674,7359
20220731,3호선,무악재,1653,1786,3439
20220731,3호선,불광,8427,9228,17655
20220731,3호선,수서,9856,10111,19967
20220731,3호선,신사,11632,11672,23304
20220731,3호선,안국,11466,11006,22472
20220731,3호선,압구정,13354,14185,27539
20220731,3호선,약수,6146,5980,12126
20220731,3호선,양재,10858,13041,23899
20220731,3호선,연신내,18571,17794,36365
20220731,3호선,오금,2402,2474,4876
20220731,3호선,옥수,4244,4521,8765
20220731,3호선,을지로3가,3494,3073,6567
20220731,3호선,일원,3214,3292,6506
20220731,3호선,잠원,1789,1935,3724
20220731,3호선,종로3가,3804,5035,8839
20220731,3호선,지축,2244,2046,4290
20220731,3호선,충무로,1,0,1
20220731,3호선,학여울,1661,1738,3399
20220731,3호선,홍제,8012,7886,15898
20220731,4호선,길음,9530,9364,18894
20220731,4호선,남태령,697,484,1181
20220731,4호선,노원,10654,11452,22106
20220731,4호선,당고개,5124,4879,10003
20220731,4호선,동대문,5664,6459,12123
20220731,4호선,동대문역사문화공원,9431,8710,18141
20220731,4호선,동작,589,655,1244
20220731,4호선,명동,12412,13077,25489
20220731,4호선,미아,7321,6947,14268
20220731,4호선,미아사거리,14411,13643,28054
20220731,4호선,사당,14160,12695,26855
20220731,4호선,삼각지,2524,3463,5987
20220731,4호선,상계,8726,8251,16977
20220731,4호선,서울역,4326,12258,16584
20220731,4호선,성신여대입구,11411,10999,22410
20220731,4호선,수유,18051,17547,35598
20220731,4호선,숙대입구,7562,7313,14875
20220731,4호선,신용산,9069,9194,18263
20220731,4호선,쌍문,14189,12814,27003
20220731,4호선,이촌,6916,7080,13996
20220731,4호선,창동,13412,14019,27431
20220731,4호선,총신대입구,8905,9686,18591
20220731,4호선,충무로,6725,7318,14043
20220731,4호선,한성대입구,6789,6743,13532
20220731,4호선,혜화,23972,24467,48439
20220731,4호선,회현,8179,8105,16284
20220731,5호선,강동,7727,7795,15522
20220731,5호선,강일,1938,1892,3830
20220731,5호선,개롱,2649,2990,5639
20220731,5호선,개화산,2408,2403,4811
20220731,5호선,거여,4098,4063,8161
20220731,5호선,고덕,3951,3942,7893
20220731,5호선,공덕,4007,4140,8147
20220731,5호선,광나루,6874,6433,13307
20220731,5호선,광화문,11776,11775,23551
20220731,5호선,군자,5134,5752,10886
20220731,5호선,굽은다리,5068,4941,10009
20220731,5호선,길동,3793,3776,7569
20220731,5호선,김포공항,7267,6823,14090
20220731,5호선,까치산,13843,13707,27550
20220731,5호선,답십리,6758,6339,13097
20220731,5호선,동대문역사문화공원,910,1074,1984
20220731,5호선,둔촌동,4035,3946,7981
20220731,5호선,마곡,3200,3491,6691
20220731,5호선,마장,2465,2362,4827
20220731,5호선,마천,3080,3310,6390
20220731,5호선,마포,4506,4386,8892
20220731,5호선,명일,4247,4362,8609
20220731,5호선,목동,6592,7023,13615
20220731,5호선,미사,7713,7871,15584
20220731,5호선,발산,7754,8167,15921
20220731,5호선,방이,3462,3300,6762
20220731,5호선,방화,3132,3126,6258
20220731,5호선,상일동,5847,5936,11783
20220731,5호선,서대문,4345,4244,8589
20220731,5호선,송정,3140,3219,6359
20220731,5호선,신금호,2562,2850,5412
20220731,5호선,신길,1841,2182,4023
20220731,5호선,신정,5668,5149,10817
20220731,5호선,아차산,7686,7489,15175
20220731,5호선,애오개,2332,2508,4840
20220731,5호선,양평,2393,2471,4864
20220731,5호선,여의나루,6205,7500,13705
20220731,5호선,여의도,8903,8229,17132
20220731,5호선,영등포구청,1175,1145,2320
20220731,5호선,영등포시장,4779,5046,9825
20220731,5호선,오금,1286,1200,2486
20220731,5호선,오목교,10561,10892,21453
20220731,5호선,올림픽공원,3027,2539,5566
20220731,5호선,왕십리,2241,2772,5013
20220731,5호선,우장산,6064,6315,12379
20220731,5호선,을지로4가,1370,1663,3033
20220731,5호선,장한평,7107,7280,14387
20220731,5호선,종로3가,8613,7207,15820
20220731,5호선,천호,11277,10651,21928
20220731,5호선,청구,1574,1545,3119
20220731,5호선,충정로,1387,1453,2840
20220731,5호선,하남검단산,3934,3885,7819
20220731,5호선,하남시청,3479,3428,6907
20220731,5호선,하남풍산,1976,1959,3935
20220731,5호선,행당,3426,3210,6636
20220731,5호선,화곡,12431,11621,24052
20220731,6호선,고려대,3618,3619,7237
20220731,6호선,공덕,6252,5921,12173
20220731,6호선,광흥창,3639,3577,7216
20220731,6호선,구산,3355,2880,6235
20220731,6호선,녹사평,3497,3530,7027
20220731,6호선,대흥,3692,3875,7567
20220731,6호선,독바위,1373,1573,2946
20220731,6호선,돌곶이,5100,4873,9973
20220731,6호선,동묘앞,4485,4599,9084
20220731,6호선,디지털미디어시티,4726,5277,10003
20220731,6호선,마포구청,6163,5788,11951
20220731,6호선,망원,8058,8698,16756
20220731,6호선,버티고개,997,1103,2100
20220731,6호선,보문,3705,3387,7092
20220731,6호선,봉화산,3529,3424,6953
20220731,6호선,불광,2754,2452,5206
20220731,6호선,삼각지,3712,2939,6651
20220731,6호선,상수,6547,7318,13865
20220731,6호선,상월곡,2955,2646,5601
20220731,6호선,새절,5623,5540,11163
20220731,6호선,석계,5783,5931,11714
20220731,6호선,신당,4667,5156,9823
20220731,6호선,안암,4463,4545,9008
20220731,6호선,약수,1671,1630,3301
20220731,6호선,역촌,1980,2148,4128
20220731,6호선,월곡,5031,5131,10162
20220731,6호선,월드컵경기장,3097,3015,6112
20220731,6호선,응암,8186,8499,16685
20220731,6호선,이태원,11472,9337,20809
20220731,6호선,증산,4889,5113,10002
20220731,6호선,창신,1482,1360,2842
20220731,6호선,청구,1508,1570,3078
20220731,6호선,태릉입구,2709,2876,5585
20220731,6호선,한강진,6865,7393,14258
20220731,6호선,합정,8629,7886,16515
20220731,6호선,화랑대,4180,3685,7865
20220731,6호선,효창공원앞,2969,2756,5725
20220731,7호선,가산디지털단지,8733,7824,16557
20220731,7호선,강남구청,4186,4706,8892
20220731,7호선,건대입구,7346,7550,14896
20220731,7호선,고속터미널,13901,7447,21348
20220731,7호선,공릉,5424,5387,10811
20220731,7호선,광명사거리,10643,10693,21336
20220731,7호선,군자,6817,5506,12323
20220731,7호선,남구로,6295,6415,12710
20220731,7호선,남성,4965,4916,9881
20220731,7호선,내방,4649,4935,9584
20220731,7호선,노원,10091,10158,20249
20220731,7호선,논현,4760,5282,10042
20220731,7호선,대림,7595,7255,14850
20220731,7호선,도봉산,4283,6045,10328
20220731,7호선,뚝섬유원지,4356,4400,8756
20220731,7호선,마들,5503,5214,10717
20220731,7호선,먹골,4803,4819,9622
20220731,7호선,면목,6892,6940,13832
20220731,7호선,반포,2696,2763,5459
20220731,7호선,보라매,3419,3409,6828
20220731,7호선,사가정,7618,7586,15204
20220731,7호선,상도,4700,4782,9482
20220731,7호선,상봉,8579,8028,16607
20220731,7호선,수락산,7342,7203,14545
20220731,7호선,숭실대입구,4945,5390,10335
20220731,7호선,신대방삼거리,6811,6848,13659
20220731,7호선,신풍,5588,5452,11040
20220731,7호선,어린이대공원,5996,6091,12087
20220731,7호선,온수,3355,3481,6836
20220731,7호선,용마산,2690,2851,5541
20220731,7호선,이수,7464,7269,14733
20220731,7호선,장승배기,4048,4074,8122
20220731,7호선,장암,1219,905,2124
20220731,7호선,중계,5837,5449,11286
20220731,7호선,중곡,4700,4579,9279
20220731,7호선,중화,4775,4712,9487
20220731,7호선,천왕,4228,4114,8342
20220731,7호선,철산,9000,9207,18207
20220731,7호선,청담,5534,6214,11748
20220731,7호선,태릉입구,4342,3992,8334
20220731,7호선,하계,8014,7868,15882
20220731,7호선,학동,5183,5566,10749
20220731,8호선,가락시장,2710,3445,6155
20220731,8호선,강동구청,4158,4375,8533
20220731,8호선,남위례,2085,2230,4315
20220731,8호선,남한산성입구,5790,5514,11304
20220731,8호선,단대오거리,4697,4780,9477
20220731,8호선,모란,2274,1990,4264
20220731,8호선,몽촌토성,2945,2881,5826
20220731,8호선,문정,4306,4475,8781
20220731,8호선,복정,4356,3990,8346
20220731,8호선,산성,2494,2548,5042
20220731,8호선,석촌,3883,4600,8483
20220731,8호선,송파,4095,4361,8456
20220731,8호선,수진,2784,2561,5345
20220731,8호선,신흥,2620,2792,5412
20220731,8호선,암사,7839,7539,15378
20220731,8호선,잠실,11285,12180,23465
20220731,8호선,장지,8212,8496,16708
20220731,8호선,천호,7880,8931,16811
20220731,9호선,가양,10244,9886,20130
20220731,9호선,개화,872,847,1719
20220731,9호선,고속터미널,11088,16536,27624
20220731,9호선,공항시장,1725,1831,3556
20220731,9호선,구반포,301,326,627
20220731,9호선,국회의사당,4294,4035,8329
20220731,9호선,김포공항,7219,10183,17402
20220731,9호선,노들,2481,2226,4707
20220731,9호선,노량진,13648,14222,27870
20220731,9호선,당산,8250,8296,16546
20220731,9호선,동작,1099,899,1998
20220731,9호선,등촌,4718,4974,9692
20220731,9호선,마곡나루,4603,4637,9240
20220731,9호선,사평,1577,1730,3307
20220731,9호선,샛강,1741,1652,3393
20220731,9호선,선유도,2467,2548,5015
20220731,9호선,신논현,14400,14006,28406
20220731,9호선,신목동,1515,1514,3029
20220731,9호선,신반포,1779,1878,3657
20220731,9호선,신방화,3280,3289,6569
20220731,9호선,양천향교,3729,4033,7762
20220731,9호선,여의도,9916,8385,18301
20220731,9호선,염창,7733,7647,15380
20220731,9호선,증미,2720,2749,5469
20220731,9호선,흑석,3558,3804,7362
20220731,9호선2~3단계,둔촌오륜,480,482,962
20220731,9호선2~3단계,봉은사,12597,12798,25395
20220731,9호선2~3단계,삼성중앙,1966,2123,4089
20220731,9호선2~3단계,삼전,3319,3363,6682
20220731,9호선2~3단계,석촌,4176,3814,7990
20220731,9호선2~3단계,석촌고분,3057,3173,6230
20220731,9호선2~3단계,선정릉,2595,2969,5564
20220731,9호선2~3단계,송파나루,3104,3240,6344
20220731,9호선2~3단계,언주,3569,3636,7205
20220731,9호선2~3단계,올림픽공원,5370,5688,11058
20220731,9호선2~3단계,종합운동장,2216,1975,4191
20220731,9호선2~3단계,중앙보훈병원,3295,3110,6405
20220731,9호선2~3단계,한성백제,1218,1183,2401
20220731,경강선,경기광주,3722,3591,7313
20220731,경강선,곤지암,1535,1582,3117
20220731,경강선,부발,1524,2033,3557
20220731,경강선,삼동,993,976,1969
20220731,경강선,세종대왕릉,282,238,520
20220731,경강선,신둔도예촌,927,849,1776
20220731,경강선,여주,2472,2181,4653
20220731,경강선,이매,624,498,1122
20220731,경강선,이천,2181,2477,4658
20220731,경강선,초월,1592,1554,3146
20220731,경강선,판교,2480,2429,4909
20220731,경부선,가산디지털단지,3895,5806,9701
20220731,경부선,관악,3835,3584,7419
20220731,경부선,광명,2752,1847,4599
20220731,경부선,구로,8404,8736,17140
20220731,경부선,군포,2671,2594,5265
20220731,경부선,금정,13198,13601,26799
20220731,경부선,금천구청,5035,5242,10277
20220731,경부선,남영,4367,4687,9054
20220731,경부선,노량진,4465,4458,8923
20220731,경부선,당정,2593,2599,5192
20220731,경부선,대방,4428,5238,9666
20220731,경부선,독산,5323,5297,10620
20220731,경부선,두정,4119,4277,8396
20220731,경부선,명학,2694,2644,5338
20220731,경부선,병점,8223,8985,17208
20220731,경부선,서동탄,672,718,1390
20220731,경부선,서울역,9647,2217,11864
20220731,경부선,서정리,4067,6202,10269
20220731,경부선,석수,3986,3712,7698
20220731,경부선,성균관대,6650,7033,13683
20220731,경부선,성환,2357,2538,4895
20220731,경부선,세류,1841,1937,3778
20220731,경부선,세마,1605,1517,3122
20220731,경부선,송탄,3295,4066,7361
20220731,경부선,수원,31638,30606,62244
20220731,경부선,신길,3890,3540,7430
20220731,경부선,신도림,1619,1902,3521
20220731,경부선,안양,11692,11285,22977
20220731,경부선,영등포,33495,32121,65616
20220731,경부선,오산,7081,7463,14544
20220731,경부선,오산대,1819,1797,3616
20220731,경부선,용산,39848,35400,75248
20220731,경부선,의왕,3480,3501,6981
20220731,경부선,직산,531,542,1073
20220731,경부선,진위,916,832,1748
20220731,경부선,천안,5840,5557,11397
20220731,경부선,평택,10982,11155,22137
20220731,경부선,평택지제,2526,2621,5147
20220731,경부선,화서,3488,3559,7047
20220731,경원선,가능,3574,3342,6916
20220731,경원선,광운대,3667,3786,7453
20220731,경원선,녹양,2371,2298,4669
20220731,경원선,녹천,2253,2037,4290
20220731,경원선,덕계,1712,1522,3234
20220731,경원선,덕정,3053,3103,6156
20220731,경원선,도봉,3094,2910,6004
20220731,경원선,도봉산,6388,4518,10906
20220731,경원선,동두천,1308,1623,2931
20220731,경원선,동두천중앙,1996,1944,3940
20220731,경원선,망월사,4060,4176,8236
20220731,경원선,방학,5413,5266,10679
20220731,경원선,보산,1277,1517,2794
20220731,경원선,서빙고,1568,1630,3198
20220731,경원선,석계,4254,4573,8827
20220731,경원선,소요산,3871,3463,7334
20220731,경원선,신이문,4064,3991,8055
20220731,경원선,양주,4497,4350,8847
20220731,경원선,옥수,58,24,82
20220731,경원선,왕십리,9616,10792,20408
20220731,경원선,외대앞,4155,4210,8365
20220731,경원선,월계,3267,3071,6338
20220731,경원선,응봉,857,818,1675
20220731,경원선,의정부,13308,12980,26288
20220731,경원선,이촌,2173,1692,3865
20220731,경원선,지행,4199,4104,8303
20220731,경원선,청량리,15631,13888,29519
20220731,경원선,한남,1714,1665,3379
20220731,경원선,회룡,6466,6438,12904
20220731,경의선,가좌,2556,2582,5138
20220731,경의선,강매,1281,1225,2506
20220731,경의선,곡산,282,262,544
20220731,경의선,공덕,1897,1434,3331
20220731,경의선,금릉,2400,2450,4850
20220731,경의선,금촌,3990,4173,8163
20220731,경의선,능곡,1813,1882,3695
20220731,경의선,디지털미디어시티,1430,1272,2702
20220731,경의선,문산,3423,3623,7046
20220731,경의선,백마,2946,2968,5914
20220731,경의선,서강대,1232,1339,2571
20220731,경의선,서울역,1240,1097,2337
20220731,경의선,수색,833,887,1720
20220731,경의선,신촌,329,318,647
20220731,경의선,야당,4190,4106,8296
20220731,경의선,운정,3232,3222,6454
20220731,경의선,월롱,952,1944,2896
20220731,경의선,일산,4199,4160,8359
20220731,경의선,임진강,58,48,106
20220731,경의선,탄현,3751,3513,7264
20220731,경의선,파주,619,541,1160
20220731,경의선,풍산,3152,2868,6020
20220731,경의선,행신,4417,4099,8516
20220731,경의선,홍대입구,1449,1877,3326
20220731,경의선,화전,723,734,1457
20220731,경의선,효창공원앞,1190,1462,2652
20220731,경인선,간석,2588,2539,5127
20220731,경인선,개봉,10262,10234,20496
20220731,경인선,구일,2674,2699,5373
20220731,경인선,도원,1436,1443,2879
20220731,경인선,도화,2063,1933,3996
20220731,경인선,동암,8533,8498,17031
20220731,경인선,동인천,7947,7811,15758
20220731,경인선,백운,3349,3305,6654
20220731,경인선,부개,4218,3995,8213
20220731,경인선,부천,19147,18954,38101
20220731,경인선,부평,20016,20039,40055
20220731,경인선,소사,4310,4317,8627
20220731,경인선,송내,11024,10992,22016
20220731,경인선,역곡,12314,12531,24845
20220731,경인선,오류동,6227,5803,12030
20220731,경인선,온수,3271,3096,6367
20220731,경인선,인천,3341,2560,5901
20220731,경인선,제물포,4476,4318,8794
20220731,경인선,주안,10204,9094,19298
20220731,경인선,중동,4267,4017,8284
20220731,경춘선,가평,3500,2293,5793
20220731,경춘선,갈매,1215,1076,2291
20220731,경춘선,강촌,882,516,1398
20220731,경춘선,굴봉산,270,173,443
20220731,경춘선,금곡,795,738,1533
20220731,경춘선,김유정,381,345,726
20220731,경춘선,남춘천,2576,2481,5057
20220731,경춘선,대성리,1226,649,1875
20220731,경춘선,마석,2342,2312,4654
20220731,경춘선,백양리,171,121,292
20220731,경춘선,별내,1516,1463,2979
20220731,경춘선,사릉,1138,1171,2309
20220731,경춘선,상천,348,269,617
20220731,경춘선,신내,842,951,1793
20220731,경춘선,천마산,962,884,1846
20220731,경춘선,청평,2121,1504,3625
20220731,경춘선,춘천,1985,1369,3354
20220731,경춘선,퇴계원,1799,1738,3537
20220731,경춘선,평내호평,3033,2928,5961
20220731,공항철도 1호선,검암,3240,3209,6449
20220731,공항철도 1호선,계양,4950,4869,9819
20220731,공항철도 1호선,공덕,1168,1745,2913
20220731,공항철도 1호선,공항화물청사,1005,1060,2065
20220731,공항철도 1호선,김포공항,10424,5201,15625
20220731,공항철도 1호선,디지털미디어시티,3264,3366,6630
20220731,공항철도 1호선,마곡나루,1801,2026,3827
20220731,공항철도 1호선,서울역,9854,8512,18366
20220731,공항철도 1호선,영종,2354,2300,4654
20220731,공항철도 1호선,운서,5400,5917,11317
20220731,공항철도 1호선,인천공항1터미널,8362,7430,15792
20220731,공항철도 1호선,인천공항2터미널,3626,3072,6698
20220731,공항철도 1호선,청라국제도시,3010,2960,5970
20220731,공항철도 1호선,홍대입구,10031,9711,19742
20220731,과천선,경마공원,15474,15789,31263
20220731,과천선,과천,3558,3380,6938
20220731,과천선,대공원,2677,2655,5332
20220731,과천선,범계,12959,12849,25808
20220731,과천선,선바위,3460,3060,6520
20220731,과천선,인덕원,10806,11277,22083
20220731,과천선,정부과천청사,4192,4178,8370
20220731,과천선,평촌,5494,5398,10892
20220731,분당선,가천대,3091,3864,6955
20220731,분당선,강남구청,2551,2964,5515
20220731,분당선,개포동,1779,1874,3653
20220731,분당선,구룡,734,804,1538
20220731,분당선,구성,2074,2372,4446
20220731,분당선,기흥,4812,4683,9495
20220731,분당선,대모산입구,1852,1900,3752
20220731,분당선,도곡,2472,2494,4966
20220731,분당선,망포,5628,5925,11553
20220731,분당선,매교,1380,1381,2761
20220731,분당선,매탄권선,2289,2222,4511
20220731,분당선,모란,10249,10611,20860
20220731,분당선,미금,6748,7200,13948
20220731,분당선,보정,1024,920,1944
20220731,분당선,복정,1,0,1
20220731,분당선,상갈,2541,2664,5205
20220731,분당선,서울숲,4838,4972,9810
20220731,분당선,서현,13672,13561,27233
20220731,분당선,선릉,2529,3709,6238
20220731,분당선,선정릉,1646,1626,3272
20220731,분당선,수내,5603,5650,11253
20220731,분당선,수서,8059,7955,16014
20220731,분당선,수원,5473,4521,9994
20220731,분당선,수원시청,6173,6297,12470
20220731,분당선,신갈,1870,1932,3802
20220731,분당선,압구정로데오,9504,10207,19711
20220731,분당선,야탑,12476,12554,25030
20220731,분당선,영통,4482,4468,8950
20220731,분당선,오리,4948,4315,9263
20220731,분당선,이매,3104,3255,6359
20220731,분당선,정자,6883,7193,14076
20220731,분당선,죽전,6786,7812,14598
20220731,분당선,청명,1839,1826,3665
20220731,분당선,태평,7465,7235,14700
20220731,분당선,한티,9848,9210,19058
20220731,수인선,고색,1740,1744,3484
20220731,수인선,남동인더스파크,565,557,1122
20220731,수인선,달월,50,42,92
20220731,수인선,사리,2241,1954,4195
20220731,수인선,소래포구,3404,3257,6661
20220731,수인선,송도,1193,1157,2350
20220731,수인선,숭의,1664,1531,3195
20220731,수인선,신포,899,889,1788
20220731,수인선,야목,164,157,321
20220731,수인선,어천,570,585,1155
20220731,수인선,연수,2936,2911,5847
20220731,수인선,오목천,1406,1364,2770
20220731,수인선,원인재,2353,2410,4763
20220731,수인선,월곶,1465,1441,2906
20220731,수인선,인천,963,1398,2361
20220731,수인선,인천논현,2583,2669,5252
20220731,수인선,인하대,2426,2438,4864
20220731,수인선,호구포,1826,1871,3697
20220731,신림선,관악산,2625,2655,5280
20220731,신림선,당곡,2008,2020,4028
20220731,신림선,대방,1106,796,1902
20220731,신림선,보라매,1528,1454,2982
20220731,신림선,보라매공원,794,819,1613
20220731,신림선,보라매병원,1679,1702,3381
20220731,신림선,샛강,612,835,1447
20220731,신림선,서울대벤처타운,3833,3884,7717
20220731,신림선,서울지방병무청,1288,1334,2622
20220731,신림선,서원,1648,1677,3325
20220731,신림선,신림,973,1399,2372
20220731,안산선,고잔,3981,3778,7759
20220731,안산선,대야미,2476,2376,4852
20220731,안산선,반월,2136,2039,4175
20220731,안산선,산본,7784,8411,16195
20220731,안산선,상록수,8147,8011,16158
20220731,안산선,수리산,1847,1617,3464
20220731,안산선,신길온천,1019,963,1982
20220731,안산선,안산,9647,9552,19199
20220731,안산선,오이도,5142,5095,10237
20220731,안산선,정왕,4971,5092,10063
20220731,안산선,중앙,9688,9759,19447
20220731,안산선,초지,2183,1997,4180
20220731,안산선,한대앞,4627,4569,9196
20220731,우이신설선,4.19민주묘지,1587,1456,3043
20220731,우이신설선,가오리,2033,2099,4132
20220731,우이신설선,보문,900,927,1827
20220731,우이신설선,북한산보국문,3250,2958,6208
20220731,우이신설선,북한산우이,2793,2798,5591
20220731,우이신설선,삼양,1102,1018,2120
20220731,우이신설선,삼양사거리,1322,1358,2680
20220731,우이신설선,성신여대입구,2152,2320,4472
20220731,우이신설선,솔밭공원,1249,1190,2439
20220731,우이신설선,솔샘,2550,2360,4910
20220731,우이신설선,신설동,948,936,1884
20220731,우이신설선,정릉,2466,2140,4606
20220731,우이신설선,화계,1835,1707,3542
20220731,일산선,대곡,1001,832,1833
20220731,일산선,대화,5574,5488,11062
20220731,일산선,마두,2997,2992,5989
20220731,일산선,백석,4940,4841,9781
20220731,일산선,삼송,9720,9668,19388
20220731,일산선,원당,5207,5132,10339
20220731,일산선,원흥,5095,4875,9970
20220731,일산선,정발산,4660,4726,9386
20220731,일산선,주엽,4325,4441,8766
20220731,일산선,화정,8125,8376,16501
20220731,장항선,배방,631,790,1421
20220731,장항선,봉명,458,466,924
20220731,장항선,신창,856,907,1763
20220731,장항선,쌍용,1030,1086,2116
20220731,장항선,아산,3129,2198,5327
20220731,장항선,온양온천,3102,2924,6026
20220731,장항선,탕정,430,453,883
20220731,중앙선,구리,6609,6923,13532
20220731,중앙선,국수,503,430,933
20220731,중앙선,덕소,3104,3192,6296
20220731,중앙선,도농,4801,4664,9465
20220731,중앙선,도심,1089,946,2035
20220731,중앙선,망우,4559,4763,9322
20220731,중앙선,상봉,3238,3487,6725
20220731,중앙선,신원,162,112,274
20220731,중앙선,아신,510,462,972
20220731,중앙선,양수,1882,1759,3641
20220731,중앙선,양원,1278,1247,2525
20220731,중앙선,양정,395,322,717
20220731,중앙선,양평,2320,2079,4399
20220731,중앙선,오빈,229,191,420
20220731,중앙선,용문,2766,2269,5035
20220731,중앙선,운길산,685,644,1329
20220731,중앙선,원덕,470,313,783
20220731,중앙선,중랑,3115,3047,6162
20220731,중앙선,지평,73,48,121
20220731,중앙선,팔당,998,1065,2063
20220731,중앙선,회기,14015,14014,28029
