사용일자,호선명,지하철역,승차총승객수,하차총승객수,승하차총승객수
20210101,7호선,장암,483,311,794
20210101,7호선,남성,2879,2729,5608
20210101,7호선,숭실대입구,2759,2830,5589
20210101,7호선,상도,2573,2397,4970
20210101,7호선,장승배기,2663,2560,5223
20210101,7호선,신대방삼거리,4111,3934,8045
20210101,7호선,보라매,2103,1966,4069
20210101,7호선,신풍,2922,2906,5828
20210101,7호선,대림,3475,3505,6980
20210101,7호선,남구로,3835,3909,7744
20210101,7호선,철산,5045,5169,10214
20210101,7호선,이수,3717,3464,7181
20210101,7호선,광명사거리,6500,6639,13139
20210101,7호선,온수,2119,2066,4185
20210101,7호선,까치울,1790,1834,3624
20210101,7호선,부천종합운동장,1144,1147,2291
20210101,7호선,춘의,1929,1806,3735
20210101,7호선,신중동,2956,2793,5749
20210101,7호선,부천시청,3014,2904,5918
20210101,7호선,상동,3094,3141,6235
20210101,7호선,삼산체육관,1004,970,1974
20210101,7호선,굴포천,2323,2482,4805
20210101,7호선,부평구청,2365,2101,4466
20210101,7호선,천왕,2427,2384,4811
20210101,7호선,내방,2467,2359,4826
20210101,7호선,가산디지털단지,5885,5299,11184
20210101,7호선,반포,1373,1357,2730
20210101,7호선,고속터미널,4270,3497,7767
20210101,7호선,수락산,3749,3958,7707
20210101,7호선,마들,3321,3395,6716
20210101,7호선,노원,4618,4714,9332
20210101,7호선,중계,3397,3232,6629
20210101,7호선,하계,4391,4160,8551
20210101,7호선,공릉,3259,3276,6535
20210101,7호선,태릉입구,2202,1934,4136
20210101,7호선,먹골,2765,2796,5561
20210101,7호선,중화,3080,3008,6088
20210101,7호선,상봉,4811,4532,9343
20210101,7호선,면목,4288,4321,8609
20210101,7호선,도봉산,2324,3610,5934
20210101,7호선,용마산,1724,1844,3568
20210101,7호선,중곡,2560,2568,5128
20210101,7호선,군자,4020,3039,7059
20210101,7호선,어린이대공원,3247,2989,6236
20210101,7호선,건대입구,3804,3634,7438
20210101,7호선,뚝섬유원지,2308,2301,4609
20210101,7호선,청담,3080,3164,6244
20210101,7호선,강남구청,2250,2352,4602
20210101,7호선,학동,2394,2371,4765
20210101,7호선,논현,3270,3446,6716
20210101,7호선,사가정,4918,4753,9671
20210102,7호선,논현,6241,6719,12960
20210102,7호선,용마산,2652,2712,5364
20210102,7호선,중곡,4064,3952,8016
20210102,7호선,군자,6023,4865,10888
20210102,7호선,어린이대공원,6519,6429,12948
20210102,7호선,학동,4812,5038,9850
20210102,7호선,뚝섬유원지,3051,2951,6002
20210102,7호선,청담,5865,6086,11951
20210102,7호선,강남구청,4752,5195,9947
20210102,7호선,사가정,7520,7373,14893
20210102,7호선,건대입구,6048,6063,12111
20210102,7호선,면목,6737,6775,13512
20210102,7호선,하계,6884,6546,13430
20210102,7호선,중화,4660,4605,9265
20210102,7호선,먹골,4375,4358,8733
20210102,7호선,태릉입구,3525,3119,6644
20210102,7호선,공릉,4733,4965,9698
20210102,7호선,중계,5312,4819,10131
20210102,7호선,노원,9538,9526,19064
20210102,7호선,마들,5241,5133,10374
20210102,7호선,수락산,6122,6047,12169
20210102,7호선,도봉산,3799,5554,9353
20210102,7호선,장암,776,491,1267
20210102,7호선,상봉,7765,7612,15377
20210102,7호선,반포,2547,2372,4919
20210102,7호선,철산,8164,8106,16270
20210102,7호선,내방,4439,4451,8890
20210102,7호선,고속터미널,6786,4984,11770
20210102,7호선,굴포천,3511,3533,7044
20210102,7호선,삼산체육관,1567,1481,3048
20210102,7호선,상동,5086,4998,10084
20210102,7호선,부천시청,5311,5251,10562
20210102,7호선,신중동,5267,5123,10390
20210102,7호선,춘의,2884,2800,5684
20210102,7호선,부천종합운동장,1716,1539,3255
20210102,7호선,까치울,2779,2797,5576
20210102,7호선,온수,3449,3291,6740
20210102,7호선,천왕,3655,3538,7193
20210102,7호선,광명사거리,10002,10003,20005
20210102,7호선,부평구청,3822,3404,7226
20210102,7호선,가산디지털단지,8348,7926,16274
20210102,7호선,남성,4508,4489,8997
20210102,7호선,숭실대입구,4311,4546,8857
20210102,7호선,상도,3819,3807,7626
20210102,7호선,장승배기,4047,3956,8003
20210102,7호선,이수,6211,5946,12157
20210102,7호선,보라매,3049,3043,6092
20210102,7호선,신풍,4738,4554,9292
20210102,7호선,대림,4185,4099,8284
20210102,7호선,남구로,5356,5433,10789
20210102,7호선,신대방삼거리,6370,6505,12875
20210103,7호선,남구로,4494,4218,8712
20210103,7호선,이수,4398,4335,8733
20210103,7호선,남성,3178,3373,6551
20210103,7호선,숭실대입구,3129,3493,6622
20210103,7호선,상도,2822,2988,5810
20210103,7호선,장승배기,2935,2962,5897
20210103,7호선,신대방삼거리,4688,4888,9576
20210103,7호선,보라매,2316,2426,4742
20210103,7호선,신풍,3515,3355,6870
20210103,7호선,대림,3747,3475,7222
20210103,7호선,광명사거리,7651,7501,15152
20210103,7호선,신중동,3971,3743,7714
20210103,7호선,온수,2394,2399,4793
20210103,7호선,까치울,2189,2083,4272
20210103,7호선,부천종합운동장,1417,1268,2685
20210103,7호선,춘의,2135,1949,4084
20210103,7호선,내방,3025,3092,6117
20210103,7호선,부천시청,3893,3769,7662
20210103,7호선,상동,3690,3573,7263
20210103,7호선,삼산체육관,1220,1179,2399
20210103,7호선,굴포천,2758,2571,5329
20210103,7호선,부평구청,2980,2611,5591
20210103,7호선,철산,5680,5817,11497
20210103,7호선,천왕,2730,2604,5334
20210103,7호선,고속터미널,9182,4369,13551
20210103,7호선,가산디지털단지,6325,6146,12471
20210103,7호선,논현,3759,4060,7819
20210103,7호선,도봉산,3116,4609,7725
20210103,7호선,수락산,5125,5092,10217
20210103,7호선,마들,3443,3202,6645
20210103,7호선,노원,6282,6206,12488
20210103,7호선,중계,4017,3650,7667
20210103,7호선,하계,5029,4779,9808
20210103,7호선,공릉,3606,3817,7423
20210103,7호선,태릉입구,2571,2432,5003
20210103,7호선,먹골,3266,3297,6563
20210103,7호선,중화,3426,3413,6839
20210103,7호선,상봉,5733,5488,11221
20210103,7호선,장암,736,463,1199
20210103,7호선,반포,1715,1744,3459
20210103,7호선,사가정,5658,5555,11213
20210103,7호선,용마산,1988,2179,4167
20210103,7호선,중곡,3093,3012,6105
20210103,7호선,군자,4405,3813,8218
20210103,7호선,어린이대공원,5852,5920,11772
20210103,7호선,건대입구,4661,4680,9341
20210103,7호선,뚝섬유원지,2431,2347,4778
20210103,7호선,청담,3667,3926,7593
20210103,7호선,강남구청,2934,3211,6145
20210103,7호선,학동,2952,3215,6167
20210103,7호선,면목,5107,5158,10265
20210104,7호선,까치울,6136,6035,12171
20210104,7호선,온수,9168,8385,17553
20210104,7호선,천왕,9364,8993,18357
20210104,7호선,광명사거리,19110,18895,38005
20210104,7호선,신풍,9809,9414,19223
20210104,7호선,가산디지털단지,43236,43364,86600
20210104,7호선,남구로,14857,15590,30447
20210104,7호선,대림,6408,6337,12745
20210104,7호선,부천종합운동장,3752,3316,7068
20210104,7호선,철산,17836,17903,35739
20210104,7호선,춘의,8742,8661,17403
20210104,7호선,부평구청,9892,8102,17994
20210104,7호선,부천시청,10075,10072,20147
20210104,7호선,상동,9650,9866,19516
20210104,7호선,삼산체육관,3905,3536,7441
20210104,7호선,굴포천,7134,7541,14675
20210104,7호선,도봉산,7378,8614,15992
20210104,7호선,수락산,10314,10511,20825
20210104,7호선,마들,10270,10053,20323
20210104,7호선,노원,16187,16866,33053
20210104,7호선,중계,11528,10618,22146
20210104,7호선,태릉입구,6379,6023,12402
20210104,7호선,보라매,7981,8018,15999
20210104,7호선,신중동,11894,11718,23612
20210104,7호선,신대방삼거리,13760,13585,27345
20210104,7호선,장암,1954,657,2611
20210104,7호선,상도,8120,8166,16286
20210104,7호선,반포,4385,4161,8546
20210104,7호선,숭실대입구,9419,9883,19302
20210104,7호선,남성,9292,8793,18085
20210104,7호선,이수,12082,11953,24035
20210104,7호선,내방,12338,12565,24903
20210104,7호선,고속터미널,12589,10187,22776
20210104,7호선,논현,17647,18737,36384
20210104,7호선,학동,21777,22596,44373
20210104,7호선,강남구청,13475,14644,28119
20210104,7호선,청담,16806,18237,35043
20210104,7호선,뚝섬유원지,5553,5513,11066
20210104,7호선,장승배기,8059,8106,16165
20210104,7호선,어린이대공원,9149,9359,18508
20210104,7호선,군자,11911,9609,21520
20210104,7호선,중곡,8216,7945,16161
20210104,7호선,용마산,5025,4804,9829
20210104,7호선,사가정,13809,14009,27818
20210104,7호선,면목,13027,12839,25866
20210104,7호선,상봉,13777,13154,26931
20210104,7호선,중화,9215,9045,18260
20210104,7호선,공릉,9226,9337,18563
20210104,7호선,먹골,8419,8348,16767
20210104,7호선,하계,14028,13565,27593
20210104,7호선,건대입구,9273,9495,18768
20210105,7호선,중곡,8474,8105,16579
20210105,7호선,군자,12325,10039,22364
20210105,7호선,어린이대공원,9352,9315,18667
20210105,7호선,건대입구,10014,9939,19953
20210105,7호선,논현,17311,18683,35994
20210105,7호선,청담,16872,18527,35399
20210105,7호선,강남구청,13805,15176,28981
20210105,7호선,학동,21788,22860,44648
20210105,7호선,용마산,5120,4958,10078
20210105,7호선,뚝섬유원지,5639,5580,11219
20210105,7호선,사가정,13749,13879,27628
20210105,7호선,공릉,9309,9367,18676
20210105,7호선,상봉,14253,13279,27532
20210105,7호선,중화,9344,9366,18710
20210105,7호선,먹골,8548,8498,17046
20210105,7호선,태릉입구,6476,5861,12337
20210105,7호선,하계,14096,13529,27625
20210105,7호선,중계,11762,10817,22579
20210105,7호선,노원,16113,16844,32957
20210105,7호선,마들,10273,10157,20430
20210105,7호선,수락산,10223,10369,20592
20210105,7호선,도봉산,7286,8610,15896
20210105,7호선,반포,4566,4336,8902
20210105,7호선,면목,13019,13055,26074
20210105,7호선,장암,1921,678,2599
20210105,7호선,고속터미널,11600,10218,21818
20210105,7호선,이수,12585,12220,24805
20210105,7호선,내방,12543,12602,25145
20210105,7호선,부평구청,9733,8177,17910
20210105,7호선,굴포천,7071,7533,14604
20210105,7호선,삼산체육관,3821,3533,7354
20210105,7호선,상동,9960,10298,20258
20210105,7호선,부천시청,10250,10092,20342
20210105,7호선,신중동,11925,11762,23687
20210105,7호선,부천종합운동장,3758,3323,7081
20210105,7호선,까치울,6118,5986,12104
20210105,7호선,온수,9080,8353,17433
20210105,7호선,천왕,9277,8854,18131
20210105,7호선,춘의,8760,8686,17446
20210105,7호선,철산,17641,18100,35741
20210105,7호선,광명사거리,18872,18928,37800
20210105,7호선,숭실대입구,9361,9665,19026
20210105,7호선,상도,8287,8199,16486
20210105,7호선,장승배기,8122,7902,16024
20210105,7호선,신대방삼거리,13864,13665,27529
20210105,7호선,남성,9408,8947,18355
20210105,7호선,신풍,9749,9379,19128
20210105,7호선,대림,6445,6222,12667
20210105,7호선,남구로,14476,15388,29864
20210105,7호선,가산디지털단지,42727,42706,85433
20210105,7호선,보라매,8035,8004,16039
20210106,7호선,용마산,4969,5213,10182
20210106,7호선,논현,18977,18965,37942
20210106,7호선,학동,24774,23213,47987
20210106,7호선,강남구청,15325,15392,30717
20210106,7호선,청담,19114,18659,37773
20210106,7호선,뚝섬유원지,5618,6006,11624
20210106,7호선,건대입구,10085,10308,20393
20210106,7호선,어린이대공원,10025,10073,20098
20210106,7호선,군자,12239,10510,22749
20210106,7호선,중곡,8317,8713,17030
20210106,7호선,면목,12881,13578,26459
20210106,7호선,반포,4872,4807,9679
20210106,7호선,중화,9469,9693,19162
20210106,7호선,태릉입구,6507,6177,12684
20210106,7호선,공릉,9270,9484,18754
20210106,7호선,하계,14739,14995,29734
20210106,7호선,중계,11559,11215,22774
20210106,7호선,노원,15708,16232,31940
20210106,7호선,마들,10318,10463,20781
20210106,7호선,수락산,10272,10520,20792
20210106,7호선,도봉산,8221,8806,17027
20210106,7호선,장암,2116,650,2766
20210106,7호선,먹골,8494,8755,17249
20210106,7호선,상봉,14022,13499,27521
20210106,7호선,고속터미널,12478,10601,23079
20210106,7호선,사가정,13760,14528,28288
20210106,7호선,이수,13523,13080,26603
20210106,7호선,부평구청,9798,8498,18296
20210106,7호선,굴포천,7208,7911,15119
20210106,7호선,삼산체육관,3882,3762,7644
20210106,7호선,상동,10428,10721,21149
20210106,7호선,부천시청,10398,10499,20897
20210106,7호선,신중동,12202,12194,24396
20210106,7호선,춘의,9158,8892,18050
20210106,7호선,부천종합운동장,3856,3504,7360
20210106,7호선,까치울,6033,6295,12328
20210106,7호선,온수,8943,8805,17748
20210106,7호선,천왕,9256,9459,18715
20210106,7호선,광명사거리,19612,20131,39743
20210106,7호선,내방,13556,13414,26970
20210106,7호선,철산,18993,20066,39059
20210106,7호선,가산디지털단지,49345,42564,91909
20210106,7호선,남구로,15741,15717,31458
20210106,7호선,대림,6547,6457,13004
20210106,7호선,신풍,9884,10218,20102
20210106,7호선,보라매,8537,8621,17158
20210106,7호선,신대방삼거리,14476,14940,29416
20210106,7호선,장승배기,8983,8998,17981
20210106,7호선,상도,9230,9550,18780
20210106,7호선,숭실대입구,10417,12120,22537
20210106,7호선,남성,9812,10405,20217
20210107,7호선,용마산,5322,5001,10323
20210107,7호선,중곡,8794,8475,17269
20210107,7호선,군자,12443,10062,22505
20210107,7호선,어린이대공원,10357,10128,20485
20210107,7호선,뚝섬유원지,6009,5830,11839
20210107,7호선,장암,1899,682,2581
20210107,7호선,강남구청,15001,16009,31010
20210107,7호선,학동,23624,25043,48667
20210107,7호선,논현,18254,19609,37863
20210107,7호선,사가정,14079,14361,28440
20210107,7호선,청담,18511,20305,38816
20210107,7호선,면목,13196,13358,26554
20210107,7호선,하계,15370,14698,30068
20210107,7호선,중화,9691,9598,19289
20210107,7호선,먹골,8976,8787,17763
20210107,7호선,태릉입구,6573,6099,12672
20210107,7호선,공릉,9497,9619,19116
20210107,7호선,반포,5079,4764,9843
20210107,7호선,중계,12139,11148,23287
20210107,7호선,노원,16662,16688,33350
20210107,7호선,마들,10744,10495,21239
20210107,7호선,수락산,10512,10564,21076
20210107,7호선,도봉산,7623,8983,16606
20210107,7호선,상봉,14320,13484,27804
20210107,7호선,고속터미널,12081,11399,23480
20210107,7호선,건대입구,10381,10798,21179
20210107,7호선,이수,14214,13373,27587
20210107,7호선,부평구청,10323,8720,19043
20210107,7호선,내방,14293,14258,28551
20210107,7호선,굴포천,7925,8488,16413
20210107,7호선,삼산체육관,4362,3822,8184
20210107,7호선,상동,11242,11615,22857
20210107,7호선,부천시청,11308,11240,22548
20210107,7호선,신중동,13401,13117,26518
20210107,7호선,춘의,9840,10065,19905
20210107,7호선,까치울,6549,6246,12795
20210107,7호선,온수,9580,9023,18603
20210107,7호선,천왕,10063,9525,19588
20210107,7호선,광명사거리,19847,19612,39459
20210107,7호선,부천종합운동장,4097,3591,7688
20210107,7호선,가산디지털단지,47001,48318,95319
20210107,7호선,남성,11150,10006,21156
20210107,7호선,철산,20691,20384,41075
20210107,7호선,상도,9125,8883,18008
20210107,7호선,장승배기,8829,8603,17432
20210107,7호선,신대방삼거리,15063,14415,29478
20210107,7호선,숭실대입구,10992,10604,21596
20210107,7호선,보라매,9139,8961,18100
20210107,7호선,신풍,10707,10270,20977
20210107,7호선,대림,6926,7117,14043
20210107,7호선,남구로,15554,16647,32201
20210108,7호선,가산디지털단지,43142,43267,86409
20210108,7호선,숭실대입구,12028,11942,23970
20210108,7호선,상도,8409,8222,16631
20210108,7호선,장승배기,8208,7956,16164
20210108,7호선,신대방삼거리,13951,13687,27638
20210108,7호선,보라매,8245,8118,16363
20210108,7호선,신풍,9756,9325,19081
20210108,7호선,대림,6316,6290,12606
20210108,7호선,남구로,14315,15185,29500
20210108,7호선,남성,9820,9145,18965
20210108,7호선,철산,18330,18732,37062
20210108,7호선,부평구청,9790,8221,18011
20210108,7호선,천왕,9335,8905,18240
20210108,7호선,온수,9020,8381,17401
20210108,7호선,까치울,5978,5766,11744
20210108,7호선,부천종합운동장,3710,3216,6926
20210108,7호선,춘의,8876,8837,17713
20210108,7호선,신중동,12041,11798,23839
20210108,7호선,부천시청,10552,10445,20997
20210108,7호선,상동,10219,10749,20968
20210108,7호선,삼산체육관,3742,3448,7190
20210108,7호선,굴포천,7310,7877,15187
20210108,7호선,이수,13080,12467,25547
20210108,7호선,광명사거리,18783,18477,37260
20210108,7호선,내방,13003,13171,26174
20210108,7호선,하계,14133,13662,27795
20210108,7호선,반포,4744,4491,9235
20210108,7호선,고속터미널,12334,10928,23262
20210108,7호선,장암,1786,622,2408
20210108,7호선,도봉산,6968,8079,15047
20210108,7호선,수락산,9688,9761,19449
20210108,7호선,마들,10043,9795,19838
20210108,7호선,노원,15736,16190,31926
20210108,7호선,중계,11192,10101,21293
20210108,7호선,태릉입구,6242,5757,11999
20210108,7호선,먹골,8390,8301,16691
20210108,7호선,중화,9018,8961,17979
20210108,7호선,상봉,14036,13104,27140
20210108,7호선,공릉,9463,9513,18976
20210108,7호선,사가정,13343,13414,26757
20210108,7호선,면목,12652,12569,25221
20210108,7호선,학동,21958,23014,44972
20210108,7호선,강남구청,13982,15113,29095
20210108,7호선,청담,17037,18682,35719
20210108,7호선,뚝섬유원지,5480,5358,10838
20210108,7호선,논현,17175,18511,35686
20210108,7호선,어린이대공원,9292,9245,18537
20210108,7호선,군자,12060,9657,21717
20210108,7호선,중곡,8043,7799,15842
20210108,7호선,용마산,4970,4657,9627
20210108,7호선,건대입구,10269,10343,20612
20210109,7호선,용마산,2918,2835,5753
20210109,7호선,논현,8041,8832,16873
20210109,7호선,학동,7609,7835,15444
20210109,7호선,강남구청,6596,6899,13495
20210109,7호선,청담,7938,8252,16190
20210109,7호선,뚝섬유원지,3235,3247,6482
20210109,7호선,건대입구,7865,7517,15382
20210109,7호선,어린이대공원,5485,5262,10747
20210109,7호선,군자,7269,5854,13123
20210109,7호선,중곡,4755,4603,9358
20210109,7호선,사가정,8519,8519,17038
20210109,7호선,반포,3027,2806,5833
20210109,7호선,상봉,9194,8877,18071
20210109,7호선,중화,5531,5433,10964
20210109,7호선,먹골,5188,5274,10462
20210109,7호선,태릉입구,4115,3738,7853
20210109,7호선,공릉,5719,5817,11536
20210109,7호선,하계,7929,7624,15553
20210109,7호선,중계,6184,5597,11781
20210109,7호선,노원,10695,10804,21499
20210109,7호선,마들,6194,5988,12182
20210109,7호선,수락산,6334,6420,12754
20210109,7호선,도봉산,3657,5147,8804
20210109,7호선,면목,7942,7894,15836
20210109,7호선,장암,779,486,1265
20210109,7호선,고속터미널,7516,6647,14163
20210109,7호선,이수,7955,7516,15471
20210109,7호선,부평구청,4677,4280,8957
20210109,7호선,굴포천,4390,4559,8949
20210109,7호선,삼산체육관,1975,1874,3849
20210109,7호선,상동,6299,6436,12735
20210109,7호선,부천시청,6387,6480,12867
20210109,7호선,신중동,6451,6444,12895
20210109,7호선,춘의,3879,3836,7715
20210109,7호선,부천종합운동장,1938,1745,3683
20210109,7호선,까치울,3334,3440,6774
20210109,7호선,온수,4078,3979,8057
20210109,7호선,천왕,4646,4412,9058
20210109,7호선,내방,5808,5620,11428
20210109,7호선,철산,10200,10223,20423
20210109,7호선,가산디지털단지,11121,10329,21450
20210109,7호선,남구로,6310,6580,12890
20210109,7호선,대림,4836,4972,9808
20210109,7호선,신풍,5733,5563,11296
20210109,7호선,보라매,4035,4038,8073
20210109,7호선,신대방삼거리,8109,7749,15858
20210109,7호선,장승배기,4942,4738,9680
20210109,7호선,상도,5006,4721,9727
20210109,7호선,숭실대입구,5518,5527,11045
20210109,7호선,남성,5697,5276,10973
20210109,7호선,광명사거리,11838,11963,23801
20210110,7호선,중곡,3169,3165,6334
20210110,7호선,군자,4695,3741,8436
20210110,7호선,어린이대공원,4161,4021,8182
20210110,7호선,건대입구,4941,4676,9617
20210110,7호선,논현,4205,4444,8649
20210110,7호선,청담,4082,4272,8354
20210110,7호선,강남구청,3622,3856,7478
20210110,7호선,학동,3786,3999,7785
20210110,7호선,용마산,1962,2120,4082
20210110,7호선,뚝섬유원지,2344,2263,4607
20210110,7호선,사가정,5693,5685,11378
20210110,7호선,공릉,3927,4041,7968
20210110,7호선,상봉,5681,5280,10961
20210110,7호선,중화,3552,3575,7127
20210110,7호선,먹골,3324,3351,6675
20210110,7호선,태릉입구,2740,2507,5247
20210110,7호선,하계,5201,4987,10188
20210110,7호선,중계,4054,3786,7840
20210110,7호선,노원,7082,6798,13880
20210110,7호선,마들,3538,3330,6868
20210110,7호선,수락산,4700,4767,9467
20210110,7호선,도봉산,2863,4286,7149
20210110,7호선,반포,1693,1766,3459
20210110,7호선,면목,5095,5205,10300
20210110,7호선,고속터미널,6412,4717,11129
20210110,7호선,장암,578,329,907
20210110,7호선,이수,4851,4583,9434
20210110,7호선,부평구청,3087,2653,5740
20210110,7호선,굴포천,2728,2746,5474
20210110,7호선,삼산체육관,1247,1186,2433
20210110,7호선,상동,3884,3649,7533
20210110,7호선,부천시청,4025,3939,7964
20210110,7호선,신중동,4078,3996,8074
20210110,7호선,춘의,2131,2052,4183
20210110,7호선,부천종합운동장,1264,1209,2473
20210110,7호선,까치울,2223,2192,4415
20210110,7호선,온수,2448,2372,4820
20210110,7호선,천왕,2930,2887,5817
20210110,7호선,내방,3445,3490,6935
20210110,7호선,철산,6309,6322,12631
20210110,7호선,가산디지털단지,7230,6687,13917
20210110,7호선,남구로,4590,4403,8993
20210110,7호선,대림,4006,3731,7737
20210110,7호선,신풍,3745,3511,7256
20210110,7호선,보라매,2741,2642,5383
20210110,7호선,신대방삼거리,5408,5345,10753
20210110,7호선,장승배기,3341,3186,6527
20210110,7호선,상도,4984,4704,9688
20210110,7호선,숭실대입구,3479,3605,7084
20210110,7호선,남성,3497,3592,7089
20210110,7호선,광명사거리,7910,7893,15803
20210111,7호선,대림,6633,6550,13183
20210111,7호선,신풍,9925,9574,19499
20210111,7호선,보라매,8244,8245,16489
20210111,7호선,신대방삼거리,14014,13857,27871
20210111,7호선,이수,12617,12444,25061
20210111,7호선,상도,8456,8328,16784
20210111,7호선,숭실대입구,9558,9947,19505
20210111,7호선,남성,9599,9097,18696
20210111,7호선,남구로,14842,15585,30427
20210111,7호선,장승배기,8146,8059,16205
20210111,7호선,가산디지털단지,44412,44430,88842
20210111,7호선,부천종합운동장,3740,3221,6961
20210111,7호선,광명사거리,19217,19005,38222
20210111,7호선,천왕,9409,8987,18396
20210111,7호선,온수,9214,8575,17789
20210111,7호선,까치울,6254,6038,12292
20210111,7호선,춘의,8976,8848,17824
20210111,7호선,신중동,12037,11868,23905
20210111,7호선,부천시청,10420,10270,20690
20210111,7호선,상동,10083,10443,20526
20210111,7호선,삼산체육관,3925,3525,7450
20210111,7호선,굴포천,7269,7804,15073
20210111,7호선,내방,12699,12728,25427
20210111,7호선,철산,18214,18448,36662
20210111,7호선,부평구청,10053,8339,18392
20210111,7호선,고속터미널,12265,10588,22853
20210111,7호선,논현,17956,19192,37148
20210111,7호선,반포,4608,4480,9088
20210111,7호선,장암,1873,645,2518
20210111,7호선,도봉산,7430,8473,15903
20210111,7호선,수락산,10349,10371,20720
20210111,7호선,마들,10443,10131,20574
20210111,7호선,노원,16024,16940,32964
20210111,7호선,중계,11602,10687,22289
20210111,7호선,공릉,9324,9279,18603
20210111,7호선,태릉입구,6382,5887,12269
20210111,7호선,먹골,8546,8412,16958
20210111,7호선,중화,9388,9294,18682
20210111,7호선,하계,14291,13655,27946
20210111,7호선,면목,12899,12827,25726
20210111,7호선,상봉,14248,13303,27551
20210111,7호선,강남구청,13814,14974,28788
20210111,7호선,청담,16772,18277,35049
20210111,7호선,뚝섬유원지,5598,5515,11113
20210111,7호선,건대입구,9752,10049,19801
20210111,7호선,학동,22091,23090,45181
20210111,7호선,군자,12139,9949,22088
20210111,7호선,중곡,8348,8039,16387
20210111,7호선,용마산,5039,4785,9824
20210111,7호선,사가정,13748,13982,27730
20210111,7호선,어린이대공원,9511,9402,18913
20210112,7호선,사가정,14393,15390,29783
20210112,7호선,학동,24878,23864,48742
20210112,7호선,강남구청,15437,15833,31270
20210112,7호선,청담,18491,19441,37932
20210112,7호선,뚝섬유원지,5993,6314,12307
20210112,7호선,건대입구,10467,10659,21126
20210112,7호선,어린이대공원,10619,10202,20821
20210112,7호선,군자,13019,10961,23980
20210112,7호선,중곡,8791,8922,17713
20210112,7호선,용마산,5293,5473,10766
20210112,7호선,장암,1912,680,2592
20210112,7호선,논현,19245,19666,38911
20210112,7호선,수락산,10742,11428,22170
20210112,7호선,마들,10716,11113,21829
20210112,7호선,노원,17368,17892,35260
20210112,7호선,중계,12265,11781,24046
20210112,7호선,하계,15454,15602,31056
20210112,7호선,공릉,10075,10394,20469
20210112,7호선,태릉입구,6883,6426,13309
20210112,7호선,먹골,8988,9416,18404
20210112,7호선,중화,10015,10294,20309
20210112,7호선,상봉,15148,14602,29750
20210112,7호선,면목,13540,14302,27842
20210112,7호선,도봉산,7667,9337,17004
20210112,7호선,반포,4917,4855,9772
20210112,7호선,부천종합운동장,3859,3525,7384
20210112,7호선,내방,13729,13825,27554
20210112,7호선,온수,9543,9224,18767
20210112,7호선,천왕,9708,9862,19570
20210112,7호선,광명사거리,19627,20514,40141
20210112,7호선,철산,18926,20676,39602
20210112,7호선,부평구청,10334,8806,19140
20210112,7호선,굴포천,7644,8384,16028
20210112,7호선,삼산체육관,4107,4049,8156
20210112,7호선,상동,10661,11410,22071
20210112,7호선,부천시청,11012,11166,22178
20210112,7호선,신중동,12728,12607,25335
20210112,7호선,춘의,9632,9138,18770
20210112,7호선,까치울,6373,6551,12924
20210112,7호선,가산디지털단지,49408,43941,93349
20210112,7호선,남구로,16150,16412,32562
20210112,7호선,대림,6932,7021,13953
20210112,7호선,신풍,10323,10614,20937
20210112,7호선,보라매,8694,8878,17572
20210112,7호선,신대방삼거리,14687,15172,29859
20210112,7호선,장승배기,8620,8955,17575
20210112,7호선,상도,8809,9271,18080
20210112,7호선,숭실대입구,9988,11141,21129
20210112,7호선,남성,10127,10344,20471
20210112,7호선,이수,13332,13315,26647
20210112,7호선,고속터미널,13170,11089,24259
20210113,7호선,용마산,5423,5038,10461
20210113,7호선,중곡,8901,8386,17287
20210113,7호선,군자,12863,10414,23277
20210113,7호선,어린이대공원,10159,10246,20405
20210113,7호선,학동,22589,24500,47089
20210113,7호선,뚝섬유원지,6280,6088,12368
20210113,7호선,청담,17767,19576,37343
20210113,7호선,강남구청,14789,16161,30950
20210113,7호선,사가정,14699,14673,29372
20210113,7호선,건대입구,10341,10368,20709
20210113,7호선,면목,13748,13533,27281
20210113,7호선,하계,15885,15054,30939
20210113,7호선,중화,9954,9786,19740
20210113,7호선,먹골,9022,8874,17896
20210113,7호선,태릉입구,6990,6479,13469
20210113,7호선,공릉,9885,9914,19799
20210113,7호선,중계,12340,11088,23428
20210113,7호선,노원,16580,17434,34014
20210113,7호선,마들,11080,10520,21600
20210113,7호선,수락산,11075,11037,22112
20210113,7호선,도봉산,7784,9136,16920
20210113,7호선,장암,1986,708,2694
20210113,7호선,논현,18177,19728,37905
20210113,7호선,상봉,15188,14080,29268
20210113,7호선,반포,5079,4834,9913
20210113,7호선,고속터미널,12342,11254,23596
20210113,7호선,내방,13278,13572,26850
20210113,7호선,굴포천,7719,8054,15773
20210113,7호선,삼산체육관,4207,3597,7804
20210113,7호선,상동,10924,11329,22253
20210113,7호선,부천시청,10967,10644,21611
20210113,7호선,신중동,12755,12550,25305
20210113,7호선,춘의,9265,9364,18629
20210113,7호선,부천종합운동장,3953,3495,7448
20210113,7호선,까치울,6619,6316,12935
20210113,7호선,온수,9621,8765,18386
20210113,7호선,천왕,10028,9405,19433
20210113,7호선,광명사거리,20104,19782,39886
20210113,7호선,부평구청,10360,8657,19017
20210113,7호선,가산디지털단지,44320,46278,90598
20210113,7호선,남구로,15146,16121,31267
20210113,7호선,대림,6672,6751,13423
20210113,7호선,신풍,10579,9894,20473
20210113,7호선,보라매,8815,8900,17715
20210113,7호선,신대방삼거리,14889,14281,29170
20210113,7호선,장승배기,8631,8311,16942
20210113,7호선,상도,9037,8592,17629
20210113,7호선,숭실대입구,10306,10268,20574
20210113,7호선,남성,10502,9512,20014
20210113,7호선,이수,13635,13088,26723
20210113,7호선,철산,19495,19361,38856
20210114,7호선,대림,6479,6525,13004
20210114,7호선,신풍,10185,9775,19960
20210114,7호선,보라매,8528,8496,17024
20210114,7호선,신대방삼거리,14477,14065,28542
20210114,7호선,이수,13060,12720,25780
20210114,7호선,상도,8682,8541,17223
20210114,7호선,숭실대입구,9839,10146,19985
20210114,7호선,남성,9800,9236,19036
20210114,7호선,남구로,14823,15658,30481
20210114,7호선,장승배기,8252,8203,16455
20210114,7호선,가산디지털단지,43594,43671,87265
20210114,7호선,부천종합운동장,3863,3453,7316
20210114,7호선,광명사거리,19797,19643,39440
20210114,7호선,천왕,9748,9204,18952
20210114,7호선,온수,9311,8703,18014
20210114,7호선,까치울,6443,6286,12729
20210114,7호선,춘의,9039,8925,17964
20210114,7호선,신중동,12433,12045,24478
20210114,7호선,부천시청,10524,10377,20901
20210114,7호선,상동,10435,10855,21290
20210114,7호선,삼산체육관,4078,3643,7721
20210114,7호선,굴포천,7498,8003,15501
20210114,7호선,내방,12935,13101,26036
20210114,7호선,철산,18467,18876,37343
20210114,7호선,고속터미널,12556,11040,23596
20210114,7호선,부평구청,10274,8559,18833
20210114,7호선,논현,18220,19346,37566
20210114,7호선,장암,1978,739,2717
20210114,7호선,도봉산,7668,9082,16750
20210114,7호선,수락산,10802,10896,21698
20210114,7호선,마들,10727,10447,21174
20210114,7호선,노원,16276,17218,33494
20210114,7호선,중계,11975,10977,22952
20210114,7호선,하계,14863,14259,29122
20210114,7호선,공릉,9758,9703,19461
20210114,7호선,태릉입구,6800,6258,13058
20210114,7호선,먹골,8817,8730,17547
20210114,7호선,중화,9605,9512,19117
20210114,7호선,반포,4933,4739,9672
20210114,7호선,면목,13519,13541,27060
20210114,7호선,사가정,14382,14492,28874
20210114,7호선,용마산,5319,5108,10427
20210114,7호선,중곡,8675,8187,16862
20210114,7호선,군자,12751,10297,23048
20210114,7호선,어린이대공원,10117,9887,20004
20210114,7호선,건대입구,10069,10260,20329
20210114,7호선,뚝섬유원지,6016,5915,11931
20210114,7호선,청담,17189,18916,36105
20210114,7호선,강남구청,14436,15709,30145
20210114,7호선,학동,22055,23220,45275
20210114,7호선,상봉,14944,14027,28971
20210115,7호선,철산,18554,19310,37864
20210115,7호선,가산디지털단지,43219,43024,86243
20210115,7호선,남구로,14553,15554,30107
20210115,7호선,대림,6610,6718,13328
20210115,7호선,상도,8867,8600,17467
20210115,7호선,보라매,8656,8584,17240
20210115,7호선,신대방삼거리,14463,14154,28617
20210115,7호선,장승배기,8532,8291,16823
20210115,7호선,광명사거리,20198,20264,40462
20210115,7호선,신풍,10147,9831,19978
20210115,7호선,천왕,9819,9319,19138
20210115,7호선,부천시청,10893,10815,21708
20210115,7호선,까치울,6405,6194,12599
20210115,7호선,부천종합운동장,3970,3470,7440
20210115,7호선,춘의,9141,8860,18001
20210115,7호선,신중동,12448,12684,25132
20210115,7호선,상동,10732,11230,21962
20210115,7호선,삼산체육관,4055,3628,7683
20210115,7호선,굴포천,7558,8188,15746
20210115,7호선,부평구청,10319,8558,18877
20210115,7호선,장암,1920,743,2663
20210115,7호선,도봉산,7530,8683,16213
20210115,7호선,숭실대입구,10127,10070,20197
20210115,7호선,온수,9316,8572,17888
20210115,7호선,남성,9796,9110,18906
20210115,7호선,수락산,10684,10689,21373
20210115,7호선,내방,13086,13170,26256
20210115,7호선,마들,10775,10459,21234
20210115,7호선,노원,17026,18137,35163
20210115,7호선,중계,12052,10909,22961
20210115,7호선,하계,14752,14022,28774
20210115,7호선,공릉,9957,9892,19849
20210115,7호선,태릉입구,6860,6406,13266
20210115,7호선,먹골,8872,8763,17635
20210115,7호선,중화,9710,9523,19233
20210115,7호선,상봉,14991,14310,29301
20210115,7호선,면목,13590,13485,27075
20210115,7호선,사가정,14372,14490,28862
20210115,7호선,이수,13534,13060,26594
20210115,7호선,중곡,8665,8346,17011
20210115,7호선,군자,12828,10354,23182
20210115,7호선,어린이대공원,9906,9716,19622
20210115,7호선,건대입구,10278,10464,20742
20210115,7호선,뚝섬유원지,6038,6006,12044
20210115,7호선,청담,17454,19008,36462
20210115,7호선,강남구청,14808,15942,30750
20210115,7호선,학동,22081,23102,45183
20210115,7호선,논현,18496,19713,38209
20210115,7호선,반포,5061,4712,9773
20210115,7호선,고속터미널,14040,12060,26100
20210115,7호선,용마산,5338,5034,10372
20210116,7호선,대림,5359,5652,11011
20210116,7호선,신풍,6270,6107,12377
20210116,7호선,보라매,4957,4701,9658
20210116,7호선,신대방삼거리,9288,8747,18035
20210116,7호선,이수,9021,8303,17324
20210116,7호선,상도,5492,5254,10746
20210116,7호선,숭실대입구,5985,5919,11904
20210116,7호선,남성,6102,5749,11851
20210116,7호선,남구로,6953,7507,14460
20210116,7호선,장승배기,5255,5264,10519
20210116,7호선,가산디지털단지,11878,10773,22651
20210116,7호선,부천종합운동장,2278,2004,4282
20210116,7호선,광명사거리,13457,13504,26961
20210116,7호선,천왕,5147,4920,10067
20210116,7호선,온수,4453,4386,8839
20210116,7호선,까치울,3725,3794,7519
20210116,7호선,춘의,4270,4159,8429
20210116,7호선,신중동,7231,7158,14389
20210116,7호선,부천시청,7196,7032,14228
20210116,7호선,상동,6948,7128,14076
20210116,7호선,삼산체육관,2252,2107,4359
20210116,7호선,굴포천,4721,5019,9740
20210116,7호선,내방,6247,6172,12419
20210116,7호선,철산,11056,11472,22528
20210116,7호선,부평구청,5247,4661,9908
20210116,7호선,고속터미널,8770,7230,16000
20210116,7호선,논현,8764,9363,18127
20210116,7호선,반포,3242,3008,6250
20210116,7호선,장암,985,666,1651
20210116,7호선,도봉산,4586,6681,11267
20210116,7호선,수락산,7444,7389,14833
20210116,7호선,마들,6820,6643,13463
20210116,7호선,노원,11713,11930,23643
20210116,7호선,중계,7001,6288,13289
20210116,7호선,공릉,6590,6407,12997
20210116,7호선,태릉입구,4499,4206,8705
20210116,7호선,먹골,5910,5772,11682
20210116,7호선,중화,6060,5988,12048
20210116,7호선,하계,8958,8639,17597
20210116,7호선,면목,8683,8677,17360
20210116,7호선,상봉,10198,9841,20039
20210116,7호선,강남구청,7182,7721,14903
20210116,7호선,청담,8404,8780,17184
20210116,7호선,뚝섬유원지,3975,3984,7959
20210116,7호선,건대입구,8377,7878,16255
20210116,7호선,학동,7798,8230,16028
20210116,7호선,군자,8155,6316,14471
20210116,7호선,중곡,5383,5278,10661
20210116,7호선,용마산,3429,3368,6797
20210116,7호선,사가정,9596,9556,19152
20210116,7호선,어린이대공원,6281,6083,12364
20210117,7호선,중곡,3444,3421,6865
20210117,7호선,하계,5855,5618,11473
20210117,7호선,공릉,4297,4421,8718
20210117,7호선,태릉입구,3192,2758,5950
20210117,7호선,먹골,3839,3949,7788
20210117,7호선,중화,3961,3919,7880
20210117,7호선,상봉,6737,6327,13064
20210117,7호선,면목,5682,5752,11434
20210117,7호선,사가정,6476,6523,12999
20210117,7호선,용마산,2199,2435,4634
20210117,7호선,군자,5143,4216,9359
20210117,7호선,중계,4505,4215,8720
20210117,7호선,건대입구,5789,5562,11351
20210117,7호선,뚝섬유원지,2730,2753,5483
20210117,7호선,청담,4654,4924,9578
20210117,7호선,강남구청,3863,4204,8067
20210117,7호선,학동,4267,4439,8706
20210117,7호선,논현,4542,4920,9462
20210117,7호선,반포,2051,2046,4097
20210117,7호선,고속터미널,8020,5229,13249
20210117,7호선,광명사거리,8891,8664,17555
20210117,7호선,장암,770,469,1239
20210117,7호선,도봉산,3370,5088,8458
20210117,7호선,어린이대공원,4464,4430,8894
20210117,7호선,노원,7441,7286,14727
20210117,7호선,수락산,5643,5702,11345
20210117,7호선,내방,3761,3752,7513
20210117,7호선,부평구청,3514,3077,6591
20210117,7호선,굴포천,3124,3251,6375
20210117,7호선,삼산체육관,1497,1489,2986
20210117,7호선,상동,4674,4378,9052
20210117,7호선,부천시청,4686,4471,9157
20210117,7호선,신중동,4714,4489,9203
20210117,7호선,춘의,2517,2307,4824
20210117,7호선,부천종합운동장,1499,1389,2888
20210117,7호선,까치울,2532,2589,5121
20210117,7호선,온수,2729,2647,5376
20210117,7호선,천왕,3240,3186,6426
20210117,7호선,마들,3971,3921,7892
20210117,7호선,가산디지털단지,7977,7260,15237
20210117,7호선,이수,5348,5087,10435
20210117,7호선,남성,3782,4047,7829
20210117,7호선,숭실대입구,3869,4217,8086
20210117,7호선,상도,3633,3567,7200
20210117,7호선,장승배기,3405,3427,6832
20210117,7호선,철산,6988,6998,13986
20210117,7호선,보라매,2793,2900,5693
20210117,7호선,신풍,4136,3944,8080
20210117,7호선,대림,4541,4336,8877
20210117,7호선,남구로,4980,4906,9886
20210117,7호선,신대방삼거리,5544,5621,11165
20210118,7호선,중화,10091,9926,20017
20210118,7호선,뚝섬유원지,6024,5901,11925
20210118,7호선,건대입구,10392,10676,21068
20210118,7호선,어린이대공원,10306,10196,20502
20210118,7호선,군자,12849,10451,23300
20210118,7호선,중곡,8720,8530,17250
20210118,7호선,용마산,5321,5110,10431
20210118,7호선,사가정,14845,14920,29765
20210118,7호선,면목,13800,13731,27531
20210118,7호선,상봉,15203,14373,29576
20210118,7호선,먹골,9196,9127,18323
20210118,7호선,마들,11118,10753,21871
20210118,7호선,공릉,10035,10165,20200
20210118,7호선,하계,15439,14905,30344
20210118,7호선,중계,12610,11602,24212
20210118,7호선,노원,17777,18359,36136
20210118,7호선,청담,18061,19765,37826
20210118,7호선,수락산,11142,11271,22413
20210118,7호선,도봉산,7945,9104,17049
20210118,7호선,장암,2128,632,2760
20210118,7호선,부평구청,10885,8920,19805
20210118,7호선,굴포천,8227,8669,16896
20210118,7호선,삼산체육관,4363,3963,8326
20210118,7호선,태릉입구,7040,6579,13619
20210118,7호선,강남구청,14694,15776,30470
20210118,7호선,상동,11432,11648,23080
20210118,7호선,논현,19095,20561,39656
20210118,7호선,부천시청,11238,11118,22356
20210118,7호선,신중동,13315,13048,26363
20210118,7호선,춘의,9466,9539,19005
20210118,7호선,부천종합운동장,4076,3587,7663
20210118,7호선,까치울,6577,6401,12978
20210118,7호선,온수,9740,8971,18711
20210118,7호선,천왕,10357,9933,20290
20210118,7호선,광명사거리,20489,20173,40662
20210118,7호선,철산,19880,20172,40052
20210118,7호선,가산디지털단지,47216,47254,94470
20210118,7호선,남구로,15756,16546,32302
20210118,7호선,학동,23203,24412,47615
20210118,7호선,신풍,10604,10190,20794
20210118,7호선,보라매,8966,9013,17979
20210118,7호선,신대방삼거리,15014,14615,29629
20210118,7호선,장승배기,8784,8634,17418
20210118,7호선,상도,8994,8971,17965
20210118,7호선,숭실대입구,10210,10452,20662
20210118,7호선,남성,9976,9405,19381
20210118,7호선,이수,13358,13124,26482
20210118,7호선,내방,13877,14053,27930
20210118,7호선,고속터미널,13408,11550,24958
20210118,7호선,반포,4983,4901,9884
20210118,7호선,대림,6933,6921,13854
20210119,7호선,대림,6624,6668,13292
20210119,7호선,신풍,10183,9699,19882
20210119,7호선,보라매,8436,8403,16839
20210119,7호선,신대방삼거리,14554,14194,28748
20210119,7호선,이수,13082,12647,25729
20210119,7호선,상도,8845,8606,17451
20210119,7호선,숭실대입구,9884,10234,20118
20210119,7호선,남성,9764,9226,18990
20210119,7호선,남구로,14908,15737,30645
20210119,7호선,장승배기,8397,8283,16680
20210119,7호선,가산디지털단지,45308,45066,90374
20210119,7호선,부천종합운동장,3871,3347,7218
20210119,7호선,광명사거리,19340,19294,38634
20210119,7호선,천왕,9793,9402,19195
20210119,7호선,온수,9329,8485,17814
20210119,7호선,까치울,6376,6160,12536
20210119,7호선,춘의,9056,8879,17935
20210119,7호선,신중동,12567,12418,24985
20210119,7호선,부천시청,10734,10665,21399
20210119,7호선,상동,10733,11163,21896
20210119,7호선,삼산체육관,4034,3694,7728
20210119,7호선,굴포천,7559,8066,15625
20210119,7호선,내방,13136,13358,26494
20210119,7호선,철산,18453,18740,37193
20210119,7호선,부평구청,10494,8760,19254
20210119,7호선,고속터미널,12729,10978,23707
20210119,7호선,논현,18655,20115,38770
20210119,7호선,반포,4960,4762,9722
20210119,7호선,장암,1902,614,2516
20210119,7호선,도봉산,7541,8742,16283
20210119,7호선,수락산,10595,10708,21303
20210119,7호선,마들,10714,10406,21120
20210119,7호선,노원,16748,17599,34347
20210119,7호선,중계,12147,11107,23254
20210119,7호선,공릉,9669,9753,19422
20210119,7호선,태릉입구,6872,6434,13306
20210119,7호선,먹골,8811,8662,17473
20210119,7호선,중화,9754,9601,19355
20210119,7호선,하계,14841,14199,29040
20210119,7호선,면목,13516,13438,26954
20210119,7호선,상봉,14702,13892,28594
20210119,7호선,강남구청,14736,16000,30736
20210119,7호선,청담,17883,19398,37281
20210119,7호선,뚝섬유원지,5919,5916,11835
20210119,7호선,건대입구,10189,10454,20643
20210119,7호선,학동,23018,23959,46977
20210119,7호선,군자,12857,10266,23123
20210119,7호선,중곡,8545,8254,16799
20210119,7호선,용마산,5167,5072,10239
20210119,7호선,사가정,14195,14330,28525
20210119,7호선,어린이대공원,9985,9838,19823
20210120,7호선,논현,19365,20517,39882
20210120,7호선,용마산,5452,5289,10741
20210120,7호선,학동,23224,24362,47586
20210120,7호선,강남구청,15274,16444,31718
20210120,7호선,청담,18282,20008,38290
20210120,7호선,뚝섬유원지,6354,6264,12618
20210120,7호선,건대입구,10566,10814,21380
20210120,7호선,어린이대공원,10440,10199,20639
20210120,7호선,군자,13345,10716,24061
20210120,7호선,중곡,8958,8613,17571
20210120,7호선,사가정,15043,15102,30145
20210120,7호선,공릉,10178,10164,20342
20210120,7호선,상봉,15429,14525,29954
20210120,7호선,중화,10159,10042,20201
20210120,7호선,먹골,9204,9042,18246
20210120,7호선,태릉입구,7126,6735,13861
20210120,7호선,하계,16133,15601,31734
20210120,7호선,중계,12513,11431,23944
20210120,7호선,노원,17492,18406,35898
20210120,7호선,마들,11309,10917,22226
20210120,7호선,수락산,11281,11423,22704
20210120,7호선,도봉산,7986,9360,17346
20210120,7호선,장암,2097,729,2826
20210120,7호선,면목,14059,14001,28060
20210120,7호선,반포,5199,4998,10197
20210120,7호선,고속터미널,13193,11459,24652
20210120,7호선,이수,13963,13703,27666
20210120,7호선,부평구청,10842,8919,19761
20210120,7호선,굴포천,8072,8476,16548
20210120,7호선,삼산체육관,4282,3897,8179
20210120,7호선,상동,11266,11719,22985
20210120,7호선,부천시청,11319,11120,22439
20210120,7호선,신중동,13012,12870,25882
20210120,7호선,춘의,9318,9246,18564
20210120,7호선,부천종합운동장,4070,3615,7685
20210120,7호선,까치울,6655,6539,13194
20210120,7호선,온수,9673,9017,18690
20210120,7호선,천왕,10291,9751,20042
20210120,7호선,내방,13685,13847,27532
20210120,7호선,철산,19304,19797,39101
20210120,7호선,가산디지털단지,45760,45472,91232
20210120,7호선,남구로,15202,16022,31224
20210120,7호선,대림,6722,6730,13452
20210120,7호선,신풍,10669,10259,20928
20210120,7호선,보라매,8775,8782,17557
20210120,7호선,신대방삼거리,15160,14806,29966
20210120,7호선,장승배기,8865,8794,17659
20210120,7호선,상도,9309,9041,18350
20210120,7호선,숭실대입구,10133,10515,20648
20210120,7호선,남성,10160,9523,19683
20210120,7호선,광명사거리,20609,20419,41028
20210121,7호선,중곡,8784,8544,17328
20210121,7호선,군자,13088,10784,23872
20210121,7호선,어린이대공원,10617,10277,20894
20210121,7호선,건대입구,10712,10848,21560
20210121,7호선,논현,18641,20248,38889
20210121,7호선,청담,17819,19924,37743
20210121,7호선,강남구청,14889,16204,31093
20210121,7호선,학동,23052,24283,47335
20210121,7호선,용마산,5349,5252,10601
20210121,7호선,뚝섬유원지,5917,5939,11856
20210121,7호선,사가정,14587,14758,29345
20210121,7호선,공릉,10020,9964,19984
20210121,7호선,상봉,15252,14123,29375
20210121,7호선,중화,9958,9920,19878
20210121,7호선,먹골,8842,8880,17722
20210121,7호선,태릉입구,7047,6488,13535
20210121,7호선,하계,15274,14661,29935
20210121,7호선,중계,12372,11342,23714
20210121,7호선,노원,17011,17406,34417
20210121,7호선,마들,11102,10926,22028
20210121,7호선,수락산,11095,11296,22391
20210121,7호선,도봉산,7768,9205,16973
20210121,7호선,반포,4995,4787,9782
20210121,7호선,면목,13741,13893,27634
20210121,7호선,고속터미널,12946,11224,24170
20210121,7호선,장암,1974,717,2691
20210121,7호선,이수,13472,13229,26701
20210121,7호선,부평구청,10508,8729,19237
20210121,7호선,굴포천,7816,8370,16186
20210121,7호선,삼산체육관,4174,3814,7988
20210121,7호선,상동,11101,11396,22497
20210121,7호선,부천시청,10930,10771,21701
20210121,7호선,신중동,12703,12552,25255
20210121,7호선,춘의,9114,9013,18127
20210121,7호선,부천종합운동장,3940,3468,7408
20210121,7호선,까치울,6484,6307,12791
20210121,7호선,온수,9572,8785,18357
20210121,7호선,천왕,9964,9462,19426
20210121,7호선,내방,13524,13441,26965
20210121,7호선,철산,18791,19355,38146
20210121,7호선,가산디지털단지,45742,44978,90720
20210121,7호선,남구로,15046,16339,31385
20210121,7호선,대림,6598,6622,13220
20210121,7호선,신풍,10411,10201,20612
20210121,7호선,보라매,8597,8634,17231
20210121,7호선,신대방삼거리,14795,14628,29423
20210121,7호선,장승배기,8672,8595,17267
20210121,7호선,상도,9069,8920,17989
20210121,7호선,숭실대입구,10010,10402,20412
20210121,7호선,남성,9867,9428,19295
20210121,7호선,광명사거리,19975,19784,39759
20210122,7호선,중곡,8932,8516,17448
20210122,7호선,군자,13410,10666,24076
20210122,7호선,어린이대공원,10697,10450,21147
20210122,7호선,건대입구,11293,11349,22642
20210122,7호선,논현,19358,20989,40347
20210122,7호선,청담,18585,20364,38949
20210122,7호선,강남구청,15030,16441,31471
20210122,7호선,학동,22616,24065,46681
20210122,7호선,용마산,5523,5161,10684
20210122,7호선,뚝섬유원지,6382,6258,12640
20210122,7호선,사가정,15056,15285,30341
20210122,7호선,공릉,10447,10359,20806
20210122,7호선,상봉,15671,15062,30733
20210122,7호선,중화,10103,9898,20001
20210122,7호선,먹골,9215,9126,18341
20210122,7호선,태릉입구,7241,6798,14039
20210122,7호선,하계,15521,14763,30284
20210122,7호선,중계,12513,11152,23665
20210122,7호선,노원,17807,19109,36916
20210122,7호선,마들,11443,10845,22288
20210122,7호선,수락산,11236,11209,22445
20210122,7호선,도봉산,7952,9018,16970
20210122,7호선,반포,5324,5000,10324
20210122,7호선,면목,14020,13795,27815
20210122,7호선,장암,1993,780,2773
20210122,7호선,고속터미널,14788,12363,27151
20210122,7호선,이수,14201,13855,28056
20210122,7호선,내방,13688,13964,27652
20210122,7호선,부평구청,10672,8772,19444
20210122,7호선,굴포천,7881,8441,16322
20210122,7호선,삼산체육관,4264,3737,8001
20210122,7호선,상동,11305,11842,23147
20210122,7호선,부천시청,11323,11302,22625
20210122,7호선,신중동,13011,12902,25913
20210122,7호선,부천종합운동장,4007,3494,7501
20210122,7호선,까치울,6683,6464,13147
20210122,7호선,온수,9517,8785,18302
20210122,7호선,천왕,10039,9539,19578
20210122,7호선,춘의,9239,9095,18334
20210122,7호선,철산,19483,20218,39701
20210122,7호선,광명사거리,20521,20473,40994
20210122,7호선,숭실대입구,10364,10341,20705
20210122,7호선,상도,9434,9181,18615
20210122,7호선,장승배기,8869,8540,17409
20210122,7호선,신대방삼거리,15105,14508,29613
20210122,7호선,남성,10038,9392,19430
20210122,7호선,신풍,10531,10091,20622
20210122,7호선,대림,6625,6810,13435
20210122,7호선,남구로,14862,15764,30626
20210122,7호선,가산디지털단지,44620,44502,89122
20210122,7호선,보라매,8824,8660,17484
20210123,7호선,남구로,7221,7741,14962
20210123,7호선,이수,9719,9061,18780
20210123,7호선,남성,6553,6095,12648
20210123,7호선,숭실대입구,6417,6359,12776
20210123,7호선,상도,6025,5643,11668
20210123,7호선,장승배기,5780,5667,11447
20210123,7호선,신대방삼거리,9649,9198,18847
20210123,7호선,보라매,4850,4825,9675
20210123,7호선,신풍,6817,6533,13350
20210123,7호선,대림,5517,5900,11417
20210123,7호선,철산,12150,12243,24393
20210123,7호선,내방,6888,6656,13544
20210123,7호선,천왕,5436,5204,10640
20210123,7호선,온수,4830,4717,9547
20210123,7호선,까치울,4249,4140,8389
20210123,7호선,부천종합운동장,2438,2214,4652
20210123,7호선,춘의,4454,4247,8701
20210123,7호선,신중동,7586,7585,15171
20210123,7호선,부천시청,7663,7547,15210
20210123,7호선,상동,7652,7899,15551
20210123,7호선,삼산체육관,2433,2336,4769
20210123,7호선,굴포천,5115,5302,10417
20210123,7호선,부평구청,5800,5057,10857
20210123,7호선,광명사거리,14407,14516,28923
20210123,7호선,고속터미널,9807,7864,17671
20210123,7호선,가산디지털단지,12427,11519,23946
20210123,7호선,논현,9827,10622,20449
20210123,7호선,도봉산,5105,7160,12265
20210123,7호선,수락산,8111,8198,16309
20210123,7호선,마들,7151,6895,14046
20210123,7호선,노원,12712,13370,26082
20210123,7호선,중계,7515,6797,14312
20210123,7호선,하계,9709,9127,18836
20210123,7호선,공릉,7299,7140,14439
20210123,7호선,태릉입구,5346,4753,10099
20210123,7호선,먹골,6360,6244,12604
20210123,7호선,중화,6479,6320,12799
20210123,7호선,상봉,11018,10722,21740
20210123,7호선,장암,1203,788,1991
20210123,7호선,반포,3562,3224,6786
20210123,7호선,사가정,10262,10279,20541
20210123,7호선,용마산,3532,3647,7179
20210123,7호선,중곡,5662,5424,11086
20210123,7호선,군자,8967,6929,15896
20210123,7호선,어린이대공원,6934,6438,13372
20210123,7호선,건대입구,8803,8482,17285
20210123,7호선,뚝섬유원지,5140,4921,10061
20210123,7호선,청담,9416,9914,19330
20210123,7호선,강남구청,8012,8598,16610
20210123,7호선,학동,8506,8921,17427
20210123,7호선,면목,9411,9260,18671
20210124,7호선,남구로,5517,5243,10760
20210124,7호선,대림,4733,4462,9195
20210124,7호선,신풍,4761,4525,9286
20210124,7호선,보라매,3332,3364,6696
20210124,7호선,남성,4155,4262,8417
20210124,7호선,장승배기,4131,3948,8079
20210124,7호선,상도,3949,4052,8001
20210124,7호선,숭실대입구,4380,4644,9024
20210124,7호선,가산디지털단지,8483,7953,16436
20210124,7호선,신대방삼거리,6492,6352,12844
20210124,7호선,철산,7941,8062,16003
20210124,7호선,춘의,2720,2611,5331
20210124,7호선,천왕,3897,3762,7659
20210124,7호선,온수,2994,3140,6134
20210124,7호선,까치울,2903,2875,5778
20210124,7호선,부천종합운동장,1792,1684,3476
20210124,7호선,신중동,5173,4947,10120
20210124,7호선,부천시청,4922,4759,9681
20210124,7호선,상동,4836,4819,9655
20210124,7호선,삼산체육관,1724,1661,3385
20210124,7호선,굴포천,3475,3373,6848
20210124,7호선,부평구청,3890,3316,7206
20210124,7호선,이수,6069,5693,11762
20210124,7호선,광명사거리,9742,9576,19318
20210124,7호선,내방,4064,4282,8346
20210124,7호선,고속터미널,8795,5992,14787
20210124,7호선,반포,2009,2058,4067
20210124,7호선,장암,1029,697,1726
20210124,7호선,도봉산,4180,6367,10547
20210124,7호선,수락산,6615,6746,13361
20210124,7호선,마들,4706,4381,9087
20210124,7호선,노원,8375,8302,16677
20210124,7호선,중계,5133,4744,9877
20210124,7호선,하계,6983,6671,13654
20210124,7호선,공릉,4925,5110,10035
20210124,7호선,태릉입구,3571,3389,6960
20210124,7호선,먹골,4316,4201,8517
20210124,7호선,중화,4591,4506,9097
20210124,7호선,중곡,4118,4007,8125
20210124,7호선,면목,6320,6375,12695
20210124,7호선,사가정,7424,7201,14625
20210124,7호선,용마산,2588,2810,5398
20210124,7호선,군자,5868,4764,10632
20210124,7호선,어린이대공원,5205,5129,10334
20210124,7호선,건대입구,5783,5670,11453
20210124,7호선,뚝섬유원지,4704,4359,9063
20210124,7호선,청담,4866,5114,9980
20210124,7호선,강남구청,4368,4682,9050
20210124,7호선,학동,4584,4813,9397
20210124,7호선,논현,5310,5533,10843
20210124,7호선,상봉,7268,6847,14115
20210125,7호선,대림,6968,6891,13859
20210125,7호선,신풍,10718,10244,20962
20210125,7호선,보라매,8859,8820,17679
20210125,7호선,신대방삼거리,14928,14735,29663
20210125,7호선,이수,13811,13576,27387
20210125,7호선,상도,9264,9149,18413
20210125,7호선,숭실대입구,10171,10679,20850
20210125,7호선,남성,10097,9517,19614
20210125,7호선,남구로,15551,16286,31837
20210125,7호선,장승배기,8903,8765,17668
20210125,7호선,가산디지털단지,45927,46257,92184
20210125,7호선,부천종합운동장,4079,3552,7631
20210125,7호선,광명사거리,20794,20495,41289
20210125,7호선,천왕,10417,9905,20322
20210125,7호선,온수,9809,9012,18821
20210125,7호선,까치울,6649,6453,13102
20210125,7호선,춘의,9258,9161,18419
20210125,7호선,신중동,13060,12915,25975
20210125,7호선,부천시청,11333,10989,22322
20210125,7호선,상동,11077,11431,22508
20210125,7호선,삼산체육관,4384,3873,8257
20210125,7호선,굴포천,8000,8547,16547
20210125,7호선,내방,13856,13985,27841
20210125,7호선,철산,19533,19843,39376
20210125,7호선,고속터미널,13943,11770,25713
20210125,7호선,부평구청,10859,9015,19874
20210125,7호선,논현,19474,20866,40340
20210125,7호선,장암,2178,762,2940
20210125,7호선,도봉산,8169,9509,17678
20210125,7호선,수락산,11435,11487,22922
20210125,7호선,마들,11254,10871,22125
20210125,7호선,노원,17692,18782,36474
20210125,7호선,중계,12831,11726,24557
20210125,7호선,하계,15477,14701,30178
20210125,7호선,공릉,10319,10456,20775
20210125,7호선,태릉입구,7207,6656,13863
20210125,7호선,먹골,9257,9088,18345
20210125,7호선,중화,10189,10134,20323
20210125,7호선,반포,5097,4946,10043
20210125,7호선,면목,14119,13753,27872
20210125,7호선,사가정,15095,15055,30150
20210125,7호선,용마산,5528,5370,10898
20210125,7호선,중곡,8981,8504,17485
20210125,7호선,군자,13215,10794,24009
20210125,7호선,어린이대공원,10424,10309,20733
20210125,7호선,건대입구,10434,10711,21145
20210125,7호선,뚝섬유원지,7000,6846,13846
20210125,7호선,청담,18508,20076,38584
20210125,7호선,강남구청,15008,16223,31231
20210125,7호선,학동,23243,24390,47633
20210125,7호선,상봉,15445,14655,30100
20210126,7호선,대림,6683,6752,13435
20210126,7호선,신풍,10722,10241,20963
20210126,7호선,보라매,8906,8838,17744
20210126,7호선,신대방삼거리,14943,14566,29509
20210126,7호선,이수,13885,13469,27354
20210126,7호선,상도,9163,8938,18101
20210126,7호선,숭실대입구,10290,10612,20902
20210126,7호선,남성,10008,9605,19613
20210126,7호선,남구로,15444,16289,31733
20210126,7호선,장승배기,8618,8635,17253
20210126,7호선,가산디지털단지,45561,45599,91160
20210126,7호선,부천종합운동장,4073,3459,7532
20210126,7호선,광명사거리,20038,20087,40125
20210126,7호선,천왕,9987,9594,19581
20210126,7호선,온수,9694,8950,18644
20210126,7호선,까치울,6687,6526,13213
20210126,7호선,춘의,9165,9049,18214
20210126,7호선,신중동,13045,12736,25781
20210126,7호선,부천시청,10988,10924,21912
20210126,7호선,상동,11327,11617,22944
20210126,7호선,삼산체육관,4271,3923,8194
20210126,7호선,굴포천,7867,8474,16341
20210126,7호선,내방,13735,13900,27635
20210126,7호선,철산,19124,19508,38632
20210126,7호선,고속터미널,13368,11544,24912
20210126,7호선,부평구청,10761,9025,19786
20210126,7호선,논현,19457,20718,40175
20210126,7호선,장암,2065,752,2817
20210126,7호선,도봉산,7875,9029,16904
20210126,7호선,수락산,11158,11296,22454
20210126,7호선,마들,11362,10925,22287
20210126,7호선,노원,17466,18115,35581
20210126,7호선,중계,12528,11631,24159
20210126,7호선,하계,15595,14693,30288
20210126,7호선,공릉,10010,10324,20334
20210126,7호선,태릉입구,7243,6760,14003
20210126,7호선,먹골,9014,9033,18047
20210126,7호선,중화,9985,10026,20011
20210126,7호선,반포,5197,5028,10225
20210126,7호선,면목,13726,13670,27396
20210126,7호선,사가정,14995,14929,29924
20210126,7호선,용마산,5477,5279,10756
20210126,7호선,중곡,9071,8679,17750
20210126,7호선,군자,13336,10774,24110
20210126,7호선,어린이대공원,10258,10133,20391
20210126,7호선,건대입구,10775,10900,21675
20210126,7호선,뚝섬유원지,6117,6041,12158
20210126,7호선,청담,18524,20158,38682
20210126,7호선,강남구청,15464,16725,32189
20210126,7호선,학동,23531,24865,48396
20210126,7호선,상봉,15532,14612,30144
20210127,7호선,대림,6985,7009,13994
20210127,7호선,신풍,10910,10430,21340
20210127,7호선,보라매,8828,8976,17804
20210127,7호선,신대방삼거리,15432,15095,30527
20210127,7호선,이수,14975,14610,29585
20210127,7호선,상도,9513,9289,18802
20210127,7호선,숭실대입구,10576,10978,21554
20210127,7호선,남성,10421,9750,20171
20210127,7호선,남구로,15662,16542,32204
20210127,7호선,장승배기,9057,9011,18068
20210127,7호선,가산디지털단지,46349,46216,92565
20210127,7호선,부천종합운동장,4184,3643,7827
20210127,7호선,광명사거리,20963,20993,41956
20210127,7호선,천왕,10523,9891,20414
20210127,7호선,온수,10008,9214,19222
20210127,7호선,까치울,6910,6726,13636
20210127,7호선,춘의,9440,9272,18712
20210127,7호선,신중동,13405,13227,26632
20210127,7호선,부천시청,11355,11267,22622
20210127,7호선,상동,11654,11940,23594
20210127,7호선,삼산체육관,4497,4079,8576
20210127,7호선,굴포천,8113,8695,16808
20210127,7호선,내방,13847,14089,27936
20210127,7호선,철산,19931,20148,40079
20210127,7호선,부평구청,10979,9165,20144
20210127,7호선,고속터미널,13471,11731,25202
20210127,7호선,논현,19943,21154,41097
20210127,7호선,반포,5406,5008,10414
20210127,7호선,장암,2107,796,2903
20210127,7호선,도봉산,8323,9785,18108
20210127,7호선,수락산,11645,11676,23321
20210127,7호선,마들,11613,11278,22891
20210127,7호선,노원,18002,18884,36886
20210127,7호선,중계,12930,11935,24865
20210127,7호선,공릉,10520,10550,21070
20210127,7호선,태릉입구,7524,7111,14635
20210127,7호선,먹골,9397,9327,18724
20210127,7호선,중화,10298,10289,20587
20210127,7호선,하계,16641,15948,32589
20210127,7호선,면목,14248,14107,28355
20210127,7호선,상봉,15873,14960,30833
20210127,7호선,강남구청,15639,17055,32694
20210127,7호선,청담,18644,20559,39203
20210127,7호선,뚝섬유원지,6770,6624,13394
20210127,7호선,건대입구,11002,11145,22147
20210127,7호선,학동,23658,25120,48778
20210127,7호선,군자,13824,11065,24889
20210127,7호선,중곡,9459,8896,18355
20210127,7호선,용마산,5639,5567,11206
20210127,7호선,사가정,15516,15600,31116
20210127,7호선,어린이대공원,10614,10521,21135
20210128,7호선,남구로,15495,16553,32048
20210128,7호선,이수,14233,13889,28122
20210128,7호선,남성,10200,9767,19967
20210128,7호선,숭실대입구,10567,10931,21498
20210128,7호선,상도,9328,9116,18444
20210128,7호선,장승배기,8769,8677,17446
20210128,7호선,신대방삼거리,15162,14760,29922
20210128,7호선,보라매,8823,8897,17720
20210128,7호선,신풍,10655,10373,21028
20210128,7호선,대림,6905,6752,13657
20210128,7호선,가산디지털단지,46384,46043,92427
20210128,7호선,내방,13723,14044,27767
20210128,7호선,광명사거리,19987,19887,39874
20210128,7호선,천왕,10281,9850,20131
20210128,7호선,온수,9829,9029,18858
20210128,7호선,까치울,6523,6423,12946
20210128,7호선,부천종합운동장,4079,3478,7557
20210128,7호선,춘의,9362,9227,18589
20210128,7호선,신중동,13394,13025,26419
20210128,7호선,부천시청,11458,11379,22837
20210128,7호선,상동,11445,11907,23352
20210128,7호선,삼산체육관,4404,4019,8423
20210128,7호선,굴포천,8050,8611,16661
20210128,7호선,철산,19405,19698,39103
20210128,7호선,고속터미널,13478,11812,25290
20210128,7호선,부평구청,10744,8964,19708
20210128,7호선,논현,19081,20477,39558
20210128,7호선,장암,2088,751,2839
20210128,7호선,도봉산,7959,8956,16915
20210128,7호선,수락산,11248,11287,22535
20210128,7호선,마들,11411,11183,22594
20210128,7호선,노원,18007,18532,36539
20210128,7호선,중계,12687,11696,24383
20210128,7호선,하계,15911,15295,31206
20210128,7호선,공릉,10305,10369,20674
20210128,7호선,태릉입구,7520,6771,14291
20210128,7호선,먹골,9154,9288,18442
20210128,7호선,중화,10101,9966,20067
20210128,7호선,반포,5163,5078,10241
20210128,7호선,면목,13900,13973,27873
20210128,7호선,학동,23876,25254,49130
20210128,7호선,강남구청,15344,16814,32158
20210128,7호선,청담,18375,20529,38904
20210128,7호선,뚝섬유원지,6081,5963,12044
20210128,7호선,건대입구,10990,11150,22140
20210128,7호선,상봉,15584,14679,30263
20210128,7호선,군자,13591,10912,24503
20210128,7호선,중곡,8987,8693,17680
20210128,7호선,용마산,5520,5395,10915
20210128,7호선,사가정,14736,14856,29592
20210128,7호선,어린이대공원,10556,10263,20819
20210129,7호선,남구로,14866,15764,30630
20210129,7호선,이수,14228,13793,28021
20210129,7호선,남성,9969,9321,19290
20210129,7호선,숭실대입구,10363,10446,20809
20210129,7호선,상도,9234,9001,18235
20210129,7호선,장승배기,8723,8436,17159
20210129,7호선,신대방삼거리,14925,14535,29460
20210129,7호선,보라매,8684,8709,17393
20210129,7호선,신풍,10425,9998,20423
20210129,7호선,대림,6623,6632,13255
20210129,7호선,가산디지털단지,44634,44540,89174
20210129,7호선,부천종합운동장,3886,3328,7214
20210129,7호선,광명사거리,20015,19867,39882
20210129,7호선,천왕,10011,9405,19416
20210129,7호선,온수,9483,8613,18096
20210129,7호선,까치울,6534,6349,12883
20210129,7호선,내방,13389,13637,27026
20210129,7호선,춘의,9127,8890,18017
20210129,7호선,신중동,12988,12882,25870
20210129,7호선,부천시청,11155,11087,22242
20210129,7호선,상동,11259,11709,22968
20210129,7호선,삼산체육관,4180,3796,7976
20210129,7호선,굴포천,7765,8315,16080
20210129,7호선,철산,19052,19588,38640
20210129,7호선,고속터미널,14289,12022,26311
20210129,7호선,부평구청,10541,8801,19342
20210129,7호선,논현,18885,20552,39437
20210129,7호선,장암,1979,771,2750
20210129,7호선,도봉산,7655,8733,16388
20210129,7호선,수락산,10935,10962,21897
20210129,7호선,마들,11212,10726,21938
20210129,7호선,노원,18177,19094,37271
20210129,7호선,중계,12430,11121,23551
20210129,7호선,하계,15288,14627,29915
20210129,7호선,공릉,10307,10429,20736
20210129,7호선,태릉입구,7131,6616,13747
20210129,7호선,먹골,9124,9020,18144
20210129,7호선,중화,9990,9843,19833
20210129,7호선,반포,5211,4936,10147
20210129,7호선,면목,13777,13614,27391
20210129,7호선,사가정,14659,14818,29477
20210129,7호선,용마산,5557,5187,10744
20210129,7호선,중곡,9019,8449,17468
20210129,7호선,군자,13504,10701,24205
20210129,7호선,어린이대공원,10215,10099,20314
20210129,7호선,건대입구,11303,11250,22553
20210129,7호선,뚝섬유원지,5995,5925,11920
20210129,7호선,청담,18023,19841,37864
20210129,7호선,강남구청,15219,16656,31875
20210129,7호선,학동,23219,24434,47653
20210129,7호선,상봉,15555,14685,30240
20210130,7호선,대림,5617,6045,11662
20210130,7호선,신풍,6925,6610,13535
20210130,7호선,보라매,5026,4949,9975
20210130,7호선,신대방삼거리,9502,9041,18543
20210130,7호선,이수,10136,9424,19560
20210130,7호선,상도,5944,5658,11602
20210130,7호선,숭실대입구,7003,6880,13883
20210130,7호선,남성,6476,6112,12588
20210130,7호선,남구로,7228,7629,14857
20210130,7호선,장승배기,5915,5630,11545
20210130,7호선,가산디지털단지,12447,11568,24015
20210130,7호선,부천종합운동장,2337,2273,4610
20210130,7호선,광명사거리,14413,14542,28955
20210130,7호선,천왕,5811,5588,11399
20210130,7호선,온수,4839,4704,9543
20210130,7호선,까치울,4142,4166,8308
20210130,7호선,춘의,4265,4216,8481
20210130,7호선,신중동,7861,7913,15774
20210130,7호선,부천시청,7745,7720,15465
20210130,7호선,상동,7823,7925,15748
20210130,7호선,삼산체육관,2551,2405,4956
20210130,7호선,굴포천,5108,5283,10391
20210130,7호선,내방,6773,6652,13425
20210130,7호선,철산,12339,12512,24851
20210130,7호선,부평구청,5708,5068,10776
20210130,7호선,고속터미널,10040,8301,18341
20210130,7호선,논현,9864,10533,20397
20210130,7호선,반포,3540,3295,6835
20210130,7호선,장암,1111,791,1902
20210130,7호선,도봉산,4796,6728,11524
20210130,7호선,수락산,8051,7950,16001
20210130,7호선,마들,7374,6956,14330
20210130,7호선,노원,12895,13343,26238
20210130,7호선,중계,7532,6798,14330
20210130,7호선,공릉,7276,7191,14467
20210130,7호선,태릉입구,5100,4697,9797
20210130,7호선,먹골,6295,6294,12589
20210130,7호선,중화,6549,6338,12887
20210130,7호선,하계,9823,9180,19003
20210130,7호선,면목,9259,9069,18328
20210130,7호선,상봉,11137,10716,21853
20210130,7호선,강남구청,8033,8792,16825
20210130,7호선,청담,9272,9641,18913
20210130,7호선,뚝섬유원지,4630,4419,9049
20210130,7호선,건대입구,8951,8808,17759
20210130,7호선,학동,8681,9099,17780
20210130,7호선,군자,8886,6908,15794
20210130,7호선,중곡,5828,5568,11396
20210130,7호선,용마산,3637,3597,7234
20210130,7호선,사가정,10340,10283,20623
20210130,7호선,어린이대공원,6738,6441,13179
20210131,7호선,이수,6552,6176,12728
20210131,7호선,남구로,5416,5305,10721
20210131,7호선,남성,4243,4281,8524
20210131,7호선,숭실대입구,4538,4784,9322
20210131,7호선,상도,4093,4037,8130
20210131,7호선,장승배기,3936,3838,7774
20210131,7호선,신대방삼거리,6221,6140,12361
20210131,7호선,보라매,3396,3491,6887
20210131,7호선,신풍,4682,4574,9256
20210131,7호선,대림,5008,4604,9612
20210131,7호선,가산디지털단지,8336,7703,16039
20210131,7호선,부천종합운동장,1765,1603,3368
20210131,7호선,광명사거리,9971,9809,19780
20210131,7호선,천왕,3893,3702,7595
20210131,7호선,온수,3044,3060,6104
20210131,7호선,까치울,3003,2955,5958
20210131,7호선,춘의,2684,2500,5184
20210131,7호선,신중동,5147,5119,10266
20210131,7호선,부천시청,5237,5085,10322
20210131,7호선,상동,5150,5053,10203
20210131,7호선,삼산체육관,1760,1619,3379
20210131,7호선,굴포천,3545,3597,7142
20210131,7호선,부평구청,4019,3398,7417
20210131,7호선,철산,8107,8055,16162
20210131,7호선,내방,4056,4223,8279
20210131,7호선,고속터미널,8552,5677,14229
20210131,7호선,논현,5178,5492,10670
20210131,7호선,장암,886,623,1509
20210131,7호선,도봉산,4108,6182,10290
20210131,7호선,수락산,6778,6657,13435
20210131,7호선,마들,4706,4320,9026
20210131,7호선,노원,8354,8529,16883
20210131,7호선,중계,5267,4767,10034
20210131,7호선,하계,6889,6534,13423
20210131,7호선,공릉,5059,5227,10286
20210131,7호선,태릉입구,3667,3254,6921
20210131,7호선,먹골,4282,4225,8507
20210131,7호선,중화,4653,4609,9262
20210131,7호선,반포,2277,2379,4656
20210131,7호선,면목,6524,6522,13046
20210131,7호선,사가정,7466,7219,14685
20210131,7호선,용마산,2677,2871,5548
20210131,7호선,중곡,4168,4063,8231
20210131,7호선,군자,6010,4863,10873
20210131,7호선,어린이대공원,5134,4918,10052
20210131,7호선,건대입구,6551,6595,13146
20210131,7호선,뚝섬유원지,4352,4077,8429
20210131,7호선,청담,5661,5915,11576
20210131,7호선,강남구청,4422,4941,9363
20210131,7호선,학동,4423,4807,9230
20210131,7호선,상봉,7746,7247,14993
20210201,7호선,중곡,9544,9019,18563
20210201,7호선,군자,13590,10968,24558
20210201,7호선,어린이대공원,10397,10219,20616
20210201,7호선,건대입구,10781,10888,21669
20210201,7호선,논현,19673,20996,40669
20210201,7호선,청담,19048,20752,39800
20210201,7호선,강남구청,15290,16621,31911
20210201,7호선,학동,23516,24869,48385
20210201,7호선,용마산,5708,5428,11136
20210201,7호선,뚝섬유원지,6800,6731,13531
20210201,7호선,사가정,15282,15526,30808
20210201,7호선,공릉,10417,10541,20958
20210201,7호선,상봉,15960,14901,30861
20210201,7호선,중화,10353,10387,20740
20210201,7호선,먹골,9293,9203,18496
20210201,7호선,태릉입구,7445,6882,14327
20210201,7호선,하계,15858,15028,30886
20210201,7호선,중계,13005,11918,24923
20210201,7호선,노원,18262,19119,37381
20210201,7호선,마들,11636,11160,22796
20210201,7호선,수락산,11593,11716,23309
20210201,7호선,도봉산,8249,9430,17679
20210201,7호선,반포,5214,5040,10254
20210201,7호선,면목,14193,14110,28303
20210201,7호선,고속터미널,14204,11820,26024
20210201,7호선,장암,2103,732,2835
20210201,7호선,이수,14239,13955,28194
20210201,7호선,부평구청,10981,9168,20149
20210201,7호선,굴포천,7968,8562,16530
20210201,7호선,삼산체육관,4379,3967,8346
20210201,7호선,상동,11387,11618,23005
20210201,7호선,부천시청,11236,11079,22315
20210201,7호선,신중동,13236,13161,26397
20210201,7호선,춘의,9367,9211,18578
20210201,7호선,부천종합운동장,4112,3602,7714
20210201,7호선,까치울,6777,6602,13379
20210201,7호선,온수,9983,9087,19070
20210201,7호선,천왕,10375,9883,20258
20210201,7호선,내방,13761,14052,27813
20210201,7호선,철산,19672,20111,39783
20210201,7호선,가산디지털단지,46772,46724,93496
20210201,7호선,남구로,15928,16598,32526
20210201,7호선,대림,7128,6983,14111
20210201,7호선,신풍,10883,10415,21298
20210201,7호선,보라매,8854,9088,17942
20210201,7호선,신대방삼거리,15152,14843,29995
20210201,7호선,장승배기,8831,8820,17651
20210201,7호선,상도,9233,9218,18451
20210201,7호선,숭실대입구,10448,10792,21240
20210201,7호선,남성,10140,9593,19733
20210201,7호선,광명사거리,20934,20755,41689
20210202,7호선,중곡,9414,8936,18350
20210202,7호선,군자,13777,10977,24754
20210202,7호선,어린이대공원,10449,10243,20692
20210202,7호선,건대입구,11182,11268,22450
20210202,7호선,논현,19581,21151,40732
20210202,7호선,청담,18656,20579,39235
20210202,7호선,강남구청,15523,16987,32510
20210202,7호선,학동,23924,25173,49097
20210202,7호선,용마산,5622,5452,11074
20210202,7호선,뚝섬유원지,6421,6374,12795
20210202,7호선,사가정,15130,15352,30482
20210202,7호선,공릉,10332,10295,20627
20210202,7호선,상봉,15798,14650,30448
20210202,7호선,중화,10243,10234,20477
20210202,7호선,먹골,9200,9170,18370
20210202,7호선,태릉입구,7245,6636,13881
20210202,7호선,하계,15835,15267,31102
20210202,7호선,중계,12981,12034,25015
20210202,7호선,노원,17782,18538,36320
20210202,7호선,마들,11461,11230,22691
20210202,7호선,수락산,11413,11602,23015
20210202,7호선,도봉산,8025,9440,17465
20210202,7호선,반포,5226,5053,10279
20210202,7호선,면목,14110,14099,28209
20210202,7호선,장암,2085,735,2820
20210202,7호선,고속터미널,13405,11729,25134
20210202,7호선,이수,14147,13864,28011
20210202,7호선,내방,13877,14084,27961
20210202,7호선,부평구청,10920,9166,20086
20210202,7호선,굴포천,7968,8480,16448
20210202,7호선,삼산체육관,4379,4009,8388
20210202,7호선,상동,11417,11858,23275
20210202,7호선,부천시청,11170,11110,22280
20210202,7호선,신중동,13291,13084,26375
20210202,7호선,부천종합운동장,4074,3609,7683
20210202,7호선,까치울,6633,6425,13058
20210202,7호선,온수,9989,9219,19208
20210202,7호선,천왕,10444,9948,20392
20210202,7호선,춘의,9265,9133,18398
20210202,7호선,철산,19510,19866,39376
20210202,7호선,광명사거리,20562,20490,41052
20210202,7호선,숭실대입구,10266,10655,20921
20210202,7호선,상도,9272,9076,18348
20210202,7호선,장승배기,8840,8626,17466
20210202,7호선,신대방삼거리,15321,14926,30247
20210202,7호선,남성,10331,9784,20115
20210202,7호선,신풍,10916,10476,21392
20210202,7호선,대림,7036,6880,13916
20210202,7호선,남구로,15538,16319,31857
20210202,7호선,가산디지털단지,46760,46466,93226
20210202,7호선,보라매,8886,8854,17740
20210203,7호선,남구로,16057,16794,32851
20210203,7호선,이수,14995,14615,29610
20210203,7호선,남성,10814,10442,21256
20210203,7호선,숭실대입구,10718,11369,22087
20210203,7호선,상도,9729,9769,19498
20210203,7호선,장승배기,9359,9230,18589
20210203,7호선,신대방삼거리,15768,15656,31424
20210203,7호선,보라매,9247,9313,18560
20210203,7호선,신풍,11151,11034,22185
20210203,7호선,대림,7181,7127,14308
20210203,7호선,가산디지털단지,48699,46680,95379
20210203,7호선,내방,14451,14611,29062
20210203,7호선,광명사거리,21348,21539,42887
20210203,7호선,천왕,10802,10511,21313
20210203,7호선,온수,10263,9631,19894
20210203,7호선,까치울,7018,6928,13946
20210203,7호선,부천종합운동장,4138,3657,7795
20210203,7호선,춘의,9750,9565,19315
20210203,7호선,신중동,13945,13767,27712
20210203,7호선,부천시청,11844,11586,23430
20210203,7호선,상동,12476,12648,25124
20210203,7호선,삼산체육관,4481,4186,8667
20210203,7호선,굴포천,8186,8963,17149
20210203,7호선,철산,20251,21356,41607
20210203,7호선,고속터미널,13584,11748,25332
20210203,7호선,부평구청,11200,9478,20678
20210203,7호선,논현,20279,21356,41635
20210203,7호선,장암,2104,751,2855
20210203,7호선,도봉산,8333,9839,18172
20210203,7호선,수락산,12002,12226,24228
20210203,7호선,마들,12003,11885,23888
20210203,7호선,노원,18147,18868,37015
20210203,7호선,중계,13307,12450,25757
20210203,7호선,하계,17061,16771,33832
20210203,7호선,공릉,10667,10952,21619
20210203,7호선,태릉입구,7540,7050,14590
20210203,7호선,먹골,9515,9494,19009
20210203,7호선,중화,10357,10534,20891
20210203,7호선,반포,5678,5432,11110
20210203,7호선,면목,14324,14556,28880
20210203,7호선,학동,24689,25486,50175
20210203,7호선,강남구청,16344,17272,33616
20210203,7호선,청담,19721,21257,40978
20210203,7호선,뚝섬유원지,6616,6677,13293
20210203,7호선,건대입구,10869,11055,21924
20210203,7호선,상봉,16238,15329,31567
20210203,7호선,군자,13758,11351,25109
20210203,7호선,중곡,9725,9566,19291
20210203,7호선,용마산,5822,5685,11507
20210203,7호선,사가정,15672,16063,31735
20210203,7호선,어린이대공원,10706,10516,21222
20210204,7호선,가산디지털단지,47437,48471,95908
20210204,7호선,이수,14718,14333,29051
20210204,7호선,남성,10793,9994,20787
20210204,7호선,숭실대입구,10821,10898,21719
20210204,7호선,상도,9571,9350,18921
20210204,7호선,신대방삼거리,15585,15006,30591
20210204,7호선,보라매,9342,9355,18697
20210204,7호선,신풍,11303,10723,22026
20210204,7호선,대림,7041,7032,14073
20210204,7호선,남구로,15839,17035,32874
20210204,7호선,철산,20482,20655,41137
20210204,7호선,춘의,9655,9627,19282
20210204,7호선,천왕,10741,10126,20867
20210204,7호선,온수,10207,9330,19537
20210204,7호선,까치울,7029,6776,13805
20210204,7호선,부천종합운동장,4221,3624,7845
20210204,7호선,내방,14375,14578,28953
20210204,7호선,신중동,13696,13744,27440
20210204,7호선,부천시청,11929,11846,23775
20210204,7호선,상동,12205,12499,24704
20210204,7호선,삼산체육관,4547,4128,8675
20210204,7호선,굴포천,8513,9065,17578
20210204,7호선,부평구청,11164,9290,20454
20210204,7호선,광명사거리,21227,20774,42001
20210204,7호선,고속터미널,13599,12114,25713
20210204,7호선,장승배기,9324,8956,18280
20210204,7호선,논현,19761,21376,41137
20210204,7호선,반포,5496,5215,10711
20210204,7호선,도봉산,8251,9615,17866
20210204,7호선,수락산,11875,11823,23698
20210204,7호선,마들,11921,11503,23424
20210204,7호선,노원,18246,18998,37244
20210204,7호선,중계,13480,12259,25739
20210204,7호선,하계,16915,16066,32981
20210204,7호선,공릉,10694,10697,21391
20210204,7호선,태릉입구,7685,7143,14828
20210204,7호선,먹골,9584,9391,18975
20210204,7호선,중화,10506,10379,20885
20210204,7호선,상봉,16390,15020,31410
20210204,7호선,장암,2061,691,2752
20210204,7호선,사가정,15609,15676,31285
20210204,7호선,면목,14531,14326,28857
20210204,7호선,강남구청,15979,17222,33201
20210204,7호선,청담,19056,21297,40353
20210204,7호선,뚝섬유원지,6849,6703,13552
20210204,7호선,학동,24212,25788,50000
20210204,7호선,어린이대공원,10820,10747,21567
20210204,7호선,군자,13811,11095,24906
20210204,7호선,중곡,9705,9136,18841
20210204,7호선,용마산,5783,5480,11263
20210204,7호선,건대입구,10855,11107,21962
20210205,7호선,학동,23736,25138,48874
20210205,7호선,사가정,15823,15952,31775
20210205,7호선,강남구청,15955,17620,33575
20210205,7호선,청담,19485,21447,40932
20210205,7호선,뚝섬유원지,7075,7063,14138
20210205,7호선,건대입구,10812,11114,21926
20210205,7호선,어린이대공원,10897,10802,21699
20210205,7호선,군자,14394,11325,25719
20210205,7호선,중곡,9542,8974,18516
20210205,7호선,용마산,5793,5510,11303
20210205,7호선,면목,14635,14477,29112
20210205,7호선,하계,16534,15567,32101
20210205,7호선,중화,10580,10337,20917
20210205,7호선,먹골,9573,9532,19105
20210205,7호선,태릉입구,7718,7101,14819
20210205,7호선,공릉,10839,10841,21680
20210205,7호선,중계,13255,12006,25261
20210205,7호선,노원,18736,19659,38395
20210205,7호선,마들,12042,11488,23530
20210205,7호선,수락산,11890,11702,23592
20210205,7호선,도봉산,8316,9657,17973
20210205,7호선,장암,2109,828,2937
20210205,7호선,논현,20514,21980,42494
20210205,7호선,상봉,16355,15603,31958
20210205,7호선,반포,5611,5265,10876
20210205,7호선,신중동,13881,13793,27674
20210205,7호선,내방,14212,14469,28681
20210205,7호선,고속터미널,15100,12507,27607
20210205,7호선,굴포천,8469,9029,17498
20210205,7호선,삼산체육관,4485,3978,8463
20210205,7호선,상동,12035,12493,24528
20210205,7호선,부천시청,11892,11941,23833
20210205,7호선,춘의,9464,9309,18773
20210205,7호선,부천종합운동장,4248,3670,7918
20210205,7호선,까치울,7118,6768,13886
20210205,7호선,온수,10043,9213,19256
20210205,7호선,천왕,10857,10250,21107
20210205,7호선,광명사거리,21851,21821,43672
20210205,7호선,부평구청,11238,9267,20505
20210205,7호선,가산디지털단지,46503,46160,92663
20210205,7호선,철산,20657,21330,41987
20210205,7호선,남성,10750,9957,20707
20210205,7호선,숭실대입구,11032,11080,22112
20210205,7호선,상도,9798,9507,19305
20210205,7호선,장승배기,9179,9073,18252
20210205,7호선,이수,15056,14735,29791
20210205,7호선,신대방삼거리,15793,15258,31051
20210205,7호선,보라매,9567,9503,19070
20210205,7호선,신풍,11180,10744,21924
20210205,7호선,대림,7174,7184,14358
20210205,7호선,남구로,15590,16538,32128
20210206,7호선,가산디지털단지,13344,12283,25627
20210206,7호선,숭실대입구,6714,6632,13346
20210206,7호선,상도,6262,5945,12207
20210206,7호선,부평구청,5924,5215,11139
20210206,7호선,신대방삼거리,10261,9626,19887
20210206,7호선,보라매,5483,5200,10683
20210206,7호선,신풍,7154,6905,14059
20210206,7호선,대림,5860,6228,12088
20210206,7호선,남구로,7525,8007,15532
20210206,7호선,남성,6791,6337,13128
20210206,7호선,철산,12536,12806,25342
20210206,7호선,춘의,4521,4424,8945
20210206,7호선,천왕,5786,5439,11225
20210206,7호선,온수,5397,5091,10488
20210206,7호선,까치울,4457,4317,8774
20210206,7호선,부천종합운동장,2551,2328,4879
20210206,7호선,신중동,8193,8117,16310
20210206,7호선,부천시청,8044,7931,15975
20210206,7호선,상동,8319,8379,16698
20210206,7호선,삼산체육관,2777,2560,5337
20210206,7호선,굴포천,5439,5467,10906
20210206,7호선,이수,10587,9772,20359
20210206,7호선,광명사거리,15417,15454,30871
20210206,7호선,내방,6954,7014,13968
20210206,7호선,장승배기,6091,5830,11921
20210206,7호선,고속터미널,10013,8279,18292
20210206,7호선,장암,1264,816,2080
20210206,7호선,도봉산,5216,7307,12523
20210206,7호선,수락산,8951,8821,17772
20210206,7호선,마들,7621,7306,14927
20210206,7호선,노원,13380,14007,27387
20210206,7호선,중계,7758,6999,14757
20210206,7호선,하계,10289,9591,19880
20210206,7호선,공릉,7342,7388,14730
20210206,7호선,태릉입구,5369,4850,10219
20210206,7호선,먹골,6781,6471,13252
20210206,7호선,중화,7200,6882,14082
20210206,7호선,상봉,11313,10959,22272
20210206,7호선,반포,3820,3505,7325
20210206,7호선,사가정,11105,10635,21740
20210206,7호선,용마산,3961,3915,7876
20210206,7호선,중곡,5879,5655,11534
20210206,7호선,군자,9286,7223,16509
20210206,7호선,어린이대공원,6860,6610,13470
20210206,7호선,건대입구,8666,8252,16918
20210206,7호선,뚝섬유원지,5318,5188,10506
20210206,7호선,청담,10087,10814,20901
20210206,7호선,강남구청,8322,8926,17248
20210206,7호선,학동,9127,9892,19019
20210206,7호선,논현,10430,11071,21501
20210206,7호선,면목,9836,9673,19509
20210207,7호선,중곡,4212,4194,8406
20210207,7호선,군자,6119,4886,11005
20210207,7호선,어린이대공원,5494,5174,10668
20210207,7호선,건대입구,6082,5887,11969
20210207,7호선,논현,5313,5684,10997
20210207,7호선,청담,5472,5817,11289
20210207,7호선,강남구청,4346,4829,9175
20210207,7호선,학동,4654,4945,9599
20210207,7호선,용마산,2538,2851,5389
20210207,7호선,뚝섬유원지,3935,3778,7713
20210207,7호선,사가정,7615,7337,14952
20210207,7호선,공릉,5397,5443,10840
20210207,7호선,상봉,7883,7480,15363
20210207,7호선,중화,4750,4693,9443
20210207,7호선,먹골,4526,4469,8995
20210207,7호선,태릉입구,3840,3550,7390
20210207,7호선,하계,7073,6700,13773
20210207,7호선,중계,5386,4980,10366
20210207,7호선,노원,8951,8748,17699
20210207,7호선,마들,4903,4647,9550
20210207,7호선,수락산,6710,6642,13352
20210207,7호선,도봉산,3957,5931,9888
20210207,7호선,반포,2320,2350,4670
20210207,7호선,면목,6654,6710,13364
20210207,7호선,고속터미널,7812,5848,13660
20210207,7호선,장암,997,708,1705
20210207,7호선,이수,6716,6306,13022
20210207,7호선,천왕,4088,3999,8087
20210207,7호선,부평구청,4046,3608,7654
20210207,7호선,굴포천,3719,3803,7522
20210207,7호선,삼산체육관,1786,1762,3548
20210207,7호선,상동,5404,5308,10712
20210207,7호선,부천시청,5489,5409,10898
20210207,7호선,신중동,5527,5267,10794
20210207,7호선,춘의,2771,2627,5398
20210207,7호선,부천종합운동장,1743,1569,3312
20210207,7호선,까치울,2981,3009,5990
20210207,7호선,온수,3348,3407,6755
20210207,7호선,내방,4227,4433,8660
20210207,7호선,철산,8089,8282,16371
20210207,7호선,가산디지털단지,8856,8035,16891
20210207,7호선,남구로,5610,5509,11119
20210207,7호선,대림,5556,5173,10729
20210207,7호선,신풍,5139,4733,9872
20210207,7호선,보라매,3612,3486,7098
20210207,7호선,신대방삼거리,6523,6321,12844
20210207,7호선,장승배기,4146,4035,8181
20210207,7호선,상도,4314,4315,8629
20210207,7호선,숭실대입구,4761,4995,9756
20210207,7호선,남성,4442,4412,8854
20210207,7호선,광명사거리,10376,10274,20650
20210208,7호선,신풍,11111,10750,21861
20210208,7호선,보라매,9081,9105,18186
20210208,7호선,신대방삼거리,15510,15099,30609
20210208,7호선,장승배기,9191,9081,18272
20210208,7호선,내방,14194,14427,28621
20210208,7호선,숭실대입구,10777,11036,21813
20210208,7호선,남성,10530,9964,20494
20210208,7호선,이수,14658,14228,28886
20210208,7호선,대림,7743,7614,15357
20210208,7호선,상도,9544,9388,18932
20210208,7호선,남구로,15908,16750,32658
20210208,7호선,까치울,6900,6796,13696
20210208,7호선,철산,20332,20851,41183
20210208,7호선,광명사거리,21528,21517,43045
20210208,7호선,천왕,10729,10062,20791
20210208,7호선,온수,9852,9178,19030
20210208,7호선,부천종합운동장,4127,3658,7785
20210208,7호선,신중동,13543,13441,26984
20210208,7호선,부천시청,11808,11592,23400
20210208,7호선,상동,11640,11967,23607
20210208,7호선,삼산체육관,4416,4094,8510
20210208,7호선,굴포천,8208,8792,17000
20210208,7호선,고속터미널,14233,12242,26475
20210208,7호선,가산디지털단지,47510,47068,94578
20210208,7호선,부평구청,11175,9183,20358
20210208,7호선,반포,5400,5268,10668
20210208,7호선,학동,23909,25213,49122
20210208,7호선,논현,19990,21715,41705
20210208,7호선,춘의,9437,9245,18682
20210208,7호선,장암,2121,774,2895
20210208,7호선,도봉산,8244,9440,17684
20210208,7호선,수락산,11786,11746,23532
20210208,7호선,마들,11766,11377,23143
20210208,7호선,노원,18778,19282,38060
20210208,7호선,하계,16310,15448,31758
20210208,7호선,공릉,10576,10683,21259
20210208,7호선,태릉입구,7459,6961,14420
20210208,7호선,먹골,9538,9262,18800
20210208,7호선,중계,13164,12060,25224
20210208,7호선,상봉,16409,15116,31525
20210208,7호선,중화,10562,10480,21042
20210208,7호선,청담,18923,20938,39861
20210208,7호선,뚝섬유원지,6415,6320,12735
20210208,7호선,건대입구,11139,11031,22170
20210208,7호선,어린이대공원,10604,10398,21002
20210208,7호선,강남구청,15504,16901,32405
20210208,7호선,중곡,9585,9057,18642
20210208,7호선,용마산,5641,5480,11121
20210208,7호선,사가정,15409,15626,31035
20210208,7호선,면목,14538,14534,29072
20210208,7호선,군자,13670,11229,24899
20210209,7호선,용마산,5707,5525,11232
20210209,7호선,논현,20433,21928,42361
20210209,7호선,학동,23945,25363,49308
20210209,7호선,강남구청,16393,17537,33930
20210209,7호선,청담,19063,21116,40179
20210209,7호선,뚝섬유원지,6724,6629,13353
20210209,7호선,건대입구,11201,11155,22356
20210209,7호선,어린이대공원,10886,10406,21292
20210209,7호선,군자,14062,11280,25342
20210209,7호선,중곡,9503,8995,18498
20210209,7호선,사가정,15527,15576,31103
20210209,7호선,장암,2193,764,2957
20210209,7호선,상봉,16301,15470,31771
20210209,7호선,중화,10620,10374,20994
20210209,7호선,먹골,9726,9501,19227
20210209,7호선,태릉입구,7710,7018,14728
20210209,7호선,공릉,10821,10566,21387
20210209,7호선,하계,16391,15516,31907
20210209,7호선,중계,13430,12182,25612
20210209,7호선,노원,18655,19426,38081
20210209,7호선,마들,11760,11505,23265
20210209,7호선,수락산,11820,11753,23573
20210209,7호선,도봉산,8402,9591,17993
20210209,7호선,면목,14673,14555,29228
20210209,7호선,반포,5562,5441,11003
20210209,7호선,고속터미널,14196,13543,27739
20210209,7호선,이수,14915,14507,29422
20210209,7호선,부평구청,11198,9161,20359
20210209,7호선,굴포천,8221,8786,17007
20210209,7호선,삼산체육관,4512,4133,8645
20210209,7호선,상동,11923,12422,24345
20210209,7호선,부천시청,11925,11846,23771
20210209,7호선,신중동,13578,13379,26957
20210209,7호선,춘의,9244,9099,18343
20210209,7호선,부천종합운동장,4247,3724,7971
20210209,7호선,까치울,6956,6706,13662
20210209,7호선,온수,9969,9111,19080
20210209,7호선,천왕,10753,10192,20945
20210209,7호선,내방,14199,14496,28695
20210209,7호선,철산,20442,20926,41368
20210209,7호선,남성,10562,9917,20479
20210209,7호선,숭실대입구,10994,11153,22147
20210209,7호선,상도,9799,9339,19138
20210209,7호선,장승배기,9288,9167,18455
20210209,7호선,신대방삼거리,15772,15098,30870
20210209,7호선,광명사거리,22217,22282,44499
20210209,7호선,신풍,11264,10897,22161
20210209,7호선,대림,7944,7937,15881
20210209,7호선,남구로,15957,16950,32907
20210209,7호선,가산디지털단지,47034,46650,93684
20210209,7호선,보라매,9107,8982,18089
20210210,7호선,남구로,15547,16083,31630
20210210,7호선,이수,14924,14090,29014
20210210,7호선,남성,10284,8948,19232
20210210,7호선,숭실대입구,10763,10199,20962
20210210,7호선,상도,9520,8631,18151
20210210,7호선,장승배기,9046,8384,17430
20210210,7호선,신대방삼거리,15396,13737,29133
20210210,7호선,보라매,8661,8215,16876
20210210,7호선,신풍,10859,10296,21155
20210210,7호선,대림,9051,9146,18197
20210210,7호선,가산디지털단지,41750,40413,82163
20210210,7호선,부천종합운동장,3998,3536,7534
20210210,7호선,광명사거리,22092,22460,44552
20210210,7호선,천왕,10228,9535,19763
20210210,7호선,온수,9369,8510,17879
20210210,7호선,까치울,6688,6514,13202
20210210,7호선,내방,13485,13507,26992
20210210,7호선,춘의,8606,8464,17070
20210210,7호선,신중동,13097,13025,26122
20210210,7호선,부천시청,11658,11739,23397
20210210,7호선,상동,11462,12028,23490
20210210,7호선,삼산체육관,4273,3799,8072
20210210,7호선,굴포천,8072,8619,16691
20210210,7호선,철산,19852,20647,40499
20210210,7호선,고속터미널,14086,16198,30284
20210210,7호선,부평구청,10513,8766,19279
20210210,7호선,논현,18882,20184,39066
20210210,7호선,먹골,9361,9089,18450
20210210,7호선,장암,1937,738,2675
20210210,7호선,도봉산,7888,9136,17024
20210210,7호선,수락산,11589,11486,23075
20210210,7호선,마들,11574,11229,22803
20210210,7호선,노원,18683,20434,39117
20210210,7호선,중계,12793,11491,24284
20210210,7호선,하계,15998,14988,30986
20210210,7호선,공릉,10694,10148,20842
20210210,7호선,태릉입구,7441,6634,14075
20210210,7호선,중화,10173,9733,19906
20210210,7호선,반포,5500,5285,10785
20210210,7호선,면목,14254,13814,28068
20210210,7호선,사가정,15102,15099,30201
20210210,7호선,용마산,5480,5098,10578
20210210,7호선,중곡,9072,8387,17459
20210210,7호선,군자,13924,10455,24379
20210210,7호선,어린이대공원,10576,9363,19939
20210210,7호선,건대입구,11434,11159,22593
20210210,7호선,뚝섬유원지,6547,6407,12954
20210210,7호선,청담,17351,19038,36389
20210210,7호선,강남구청,14982,16140,31122
20210210,7호선,학동,21365,22713,44078
20210210,7호선,상봉,15919,15005,30924
20210211,7호선,중곡,3722,3406,7128
20210211,7호선,군자,5601,3711,9312
20210211,7호선,어린이대공원,4483,3391,7874
20210211,7호선,건대입구,4969,4405,9374
20210211,7호선,논현,5141,5057,10198
20210211,7호선,청담,4362,4389,8751
20210211,7호선,강남구청,3484,3387,6871
20210211,7호선,학동,3511,3100,6611
20210211,7호선,용마산,2371,2465,4836
20210211,7호선,뚝섬유원지,3489,3243,6732
20210211,7호선,사가정,6727,6403,13130
20210211,7호선,공릉,4511,4213,8724
20210211,7호선,상봉,6980,6363,13343
20210211,7호선,중화,4034,3922,7956
20210211,7호선,먹골,3918,3631,7549
20210211,7호선,태릉입구,3141,2776,5917
20210211,7호선,하계,6082,5758,11840
20210211,7호선,중계,4979,4470,9449
20210211,7호선,노원,7041,7141,14182
20210211,7호선,마들,4738,4490,9228
20210211,7호선,수락산,5030,5071,10101
20210211,7호선,도봉산,2877,4584,7461
20210211,7호선,반포,2127,2096,4223
20210211,7호선,면목,6135,6038,12173
20210211,7호선,장암,667,434,1101
20210211,7호선,고속터미널,5887,7303,13190
20210211,7호선,이수,5900,4990,10890
20210211,7호선,내방,3896,3564,7460
20210211,7호선,부평구청,3497,3360,6857
20210211,7호선,굴포천,3247,3501,6748
20210211,7호선,삼산체육관,1476,1543,3019
20210211,7호선,상동,4529,4698,9227
20210211,7호선,부천시청,4470,4453,8923
20210211,7호선,신중동,4295,4009,8304
20210211,7호선,부천종합운동장,1504,1428,2932
20210211,7호선,까치울,2529,2656,5185
20210211,7호선,온수,2888,2953,5841
20210211,7호선,천왕,3740,3506,7246
20210211,7호선,춘의,2543,2481,5024
20210211,7호선,철산,7620,7815,15435
20210211,7호선,광명사거리,10464,10762,21226
20210211,7호선,숭실대입구,4224,3659,7883
20210211,7호선,상도,3845,3048,6893
20210211,7호선,장승배기,3804,3394,7198
20210211,7호선,신대방삼거리,6274,5039,11313
20210211,7호선,남성,4154,3450,7604
20210211,7호선,신풍,4433,4090,8523
20210211,7호선,대림,6228,6181,12409
20210211,7호선,남구로,5431,5295,10726
20210211,7호선,가산디지털단지,8571,6893,15464
20210211,7호선,보라매,2933,2543,5476
20210212,7호선,이수,3384,3220,6604
20210212,7호선,남구로,4237,4304,8541
20210212,7호선,남성,2764,2724,5488
20210212,7호선,숭실대입구,2732,2989,5721
20210212,7호선,상도,2336,2271,4607
20210212,7호선,장승배기,2703,2635,5338
20210212,7호선,신대방삼거리,4119,4142,8261
20210212,7호선,보라매,2044,2026,4070
20210212,7호선,신풍,3217,3176,6393
20210212,7호선,대림,3782,3837,7619
20210212,7호선,가산디지털단지,5937,5314,11251
20210212,7호선,부천종합운동장,1264,1176,2440
20210212,7호선,광명사거리,6733,6527,13260
20210212,7호선,천왕,2562,2451,5013
20210212,7호선,온수,2183,2091,4274
20210212,7호선,까치울,1946,1948,3894
20210212,7호선,춘의,1984,1829,3813
20210212,7호선,신중동,2980,3075,6055
20210212,7호선,부천시청,2812,2787,5599
20210212,7호선,상동,2853,2771,5624
20210212,7호선,삼산체육관,1148,1044,2192
20210212,7호선,굴포천,2475,2598,5073
20210212,7호선,부평구청,2756,2354,5110
20210212,7호선,철산,5411,5519,10930
20210212,7호선,내방,2225,2235,4460
20210212,7호선,고속터미널,6592,3466,10058
20210212,7호선,논현,2559,2902,5461
20210212,7호선,장암,551,331,882
20210212,7호선,도봉산,2638,3641,6279
20210212,7호선,수락산,4215,3977,8192
20210212,7호선,마들,3875,3713,7588
20210212,7호선,노원,4717,4940,9657
20210212,7호선,중계,4197,3851,8048
20210212,7호선,하계,4629,4321,8950
20210212,7호선,공릉,3368,3483,6851
20210212,7호선,태릉입구,2361,2038,4399
20210212,7호선,먹골,2905,2842,5747
20210212,7호선,중화,3184,3068,6252
20210212,7호선,반포,961,854,1815
20210212,7호선,면목,4551,4586,9137
20210212,7호선,사가정,5220,5049,10269
20210212,7호선,용마산,2049,2122,4171
20210212,7호선,중곡,2648,2672,5320
20210212,7호선,군자,3818,3090,6908
20210212,7호선,어린이대공원,3093,3142,6235
20210212,7호선,건대입구,3156,3173,6329
20210212,7호선,뚝섬유원지,3366,3202,6568
20210212,7호선,청담,2465,2564,5029
20210212,7호선,강남구청,1692,1826,3518
20210212,7호선,학동,1845,1880,3725
20210212,7호선,상봉,4812,4636,9448
20210213,7호선,대림,4893,5092,9985
20210213,7호선,신풍,4373,4353,8726
20210213,7호선,보라매,2789,3074,5863
20210213,7호선,신대방삼거리,5514,6028,11542
20210213,7호선,이수,6070,6246,12316
20210213,7호선,상도,3384,3687,7071
20210213,7호선,숭실대입구,3994,4495,8489
20210213,7호선,남성,3994,4219,8213
20210213,7호선,남구로,5251,5186,10437
20210213,7호선,장승배기,3681,3735,7416
20210213,7호선,가산디지털단지,9564,9238,18802
20210213,7호선,부천종합운동장,1827,1639,3466
20210213,7호선,광명사거리,9657,9330,18987
20210213,7호선,천왕,3643,3530,7173
20210213,7호선,온수,3162,3144,6306
20210213,7호선,까치울,3055,2982,6037
20210213,7호선,춘의,2627,2476,5103
20210213,7호선,신중동,5438,5379,10817
20210213,7호선,부천시청,5928,5688,11616
20210213,7호선,상동,5391,5403,10794
20210213,7호선,삼산체육관,2041,1820,3861
20210213,7호선,굴포천,3766,3751,7517
20210213,7호선,내방,3783,4016,7799
20210213,7호선,철산,8841,8762,17603
20210213,7호선,고속터미널,12885,5192,18077
20210213,7호선,부평구청,4179,3488,7667
20210213,7호선,논현,4506,5086,9592
20210213,7호선,장암,1221,884,2105
20210213,7호선,도봉산,4666,6936,11602
20210213,7호선,수락산,7116,6887,14003
20210213,7호선,마들,5368,5215,10583
20210213,7호선,노원,9656,9836,19492
20210213,7호선,중계,5669,5062,10731
20210213,7호선,하계,6973,6694,13667
20210213,7호선,공릉,5051,5441,10492
20210213,7호선,태릉입구,3491,3365,6856
20210213,7호선,먹골,4239,4257,8496
20210213,7호선,중화,4461,4434,8895
20210213,7호선,반포,2311,2139,4450
20210213,7호선,면목,6334,6329,12663
20210213,7호선,사가정,7563,7432,14995
20210213,7호선,용마산,2739,3063,5802
20210213,7호선,중곡,3883,3979,7862
20210213,7호선,군자,5720,4856,10576
20210213,7호선,어린이대공원,4161,4744,8905
20210213,7호선,건대입구,6014,6227,12241
20210213,7호선,뚝섬유원지,5315,4933,10248
20210213,7호선,청담,4266,4737,9003
20210213,7호선,강남구청,3276,3948,7224
20210213,7호선,학동,3048,3372,6420
20210213,7호선,상봉,7948,7700,15648
20210214,7호선,중곡,3900,3965,7865
20210214,7호선,군자,5460,4979,10439
20210214,7호선,어린이대공원,4448,5357,9805
20210214,7호선,건대입구,5485,5788,11273
20210214,7호선,논현,4602,5105,9707
20210214,7호선,청담,4349,4695,9044
20210214,7호선,강남구청,3636,4312,7948
20210214,7호선,학동,3462,3833,7295
20210214,7호선,용마산,2488,2843,5331
20210214,7호선,뚝섬유원지,4759,4470,9229
20210214,7호선,사가정,7392,7312,14704
20210214,7호선,하계,6882,6650,13532
20210214,7호선,상봉,7118,6731,13849
20210214,7호선,중화,4434,4299,8733
20210214,7호선,먹골,4108,4204,8312
20210214,7호선,공릉,4859,5459,10318
20210214,7호선,중계,5346,4933,10279
20210214,7호선,노원,8770,9015,17785
20210214,7호선,마들,4535,4322,8857
20210214,7호선,수락산,6699,6541,13240
20210214,7호선,도봉산,4115,6093,10208
20210214,7호선,장암,1079,753,1832
20210214,7호선,반포,2152,2043,4195
20210214,7호선,면목,6064,6326,12390
20210214,7호선,태릉입구,3495,3539,7034
20210214,7호선,고속터미널,16987,5791,22778
20210214,7호선,이수,5859,5983,11842
20210214,7호선,내방,3868,4175,8043
20210214,7호선,춘의,2656,2447,5103
20210214,7호선,부평구청,3942,3309,7251
20210214,7호선,굴포천,3498,3420,6918
20210214,7호선,삼산체육관,1865,1612,3477
20210214,7호선,상동,4899,4729,9628
20210214,7호선,부천시청,5026,4907,9933
20210214,7호선,부천종합운동장,1749,1513,3262
20210214,7호선,까치울,2946,2926,5872
20210214,7호선,온수,3107,3232,6339
20210214,7호선,천왕,3629,3455,7084
20210214,7호선,신중동,5183,5207,10390
20210214,7호선,철산,7950,8056,16006
20210214,7호선,광명사거리,9444,9274,18718
20210214,7호선,숭실대입구,4117,4867,8984
20210214,7호선,상도,3681,4122,7803
20210214,7호선,장승배기,3766,3989,7755
20210214,7호선,신대방삼거리,5761,6403,12164
20210214,7호선,남성,4144,4476,8620
20210214,7호선,신풍,4556,4418,8974
20210214,7호선,대림,4957,4719,9676
20210214,7호선,남구로,5419,5257,10676
20210214,7호선,가산디지털단지,8746,8663,17409
20210214,7호선,보라매,2981,3230,6211
20210215,7호선,장승배기,8826,8813,17639
20210215,7호선,천왕,10269,9762,20031
20210215,7호선,광명사거리,20287,19945,40232
20210215,7호선,철산,19850,20304,40154
20210215,7호선,가산디지털단지,45249,44730,89979
20210215,7호선,남구로,15464,16299,31763
20210215,7호선,대림,7150,7017,14167
20210215,7호선,신풍,10698,10250,20948
20210215,7호선,보라매,8820,8864,17684
20210215,7호선,신대방삼거리,14958,14843,29801
20210215,7호선,숭실대입구,10678,11380,22058
20210215,7호선,온수,9609,8876,18485
20210215,7호선,이수,13970,13839,27809
20210215,7호선,내방,13791,13943,27734
20210215,7호선,고속터미널,17318,11973,29291
20210215,7호선,반포,5194,4991,10185
20210215,7호선,논현,19446,21027,40473
20210215,7호선,학동,23206,24438,47644
20210215,7호선,강남구청,14828,16116,30944
20210215,7호선,청담,18033,19980,38013
20210215,7호선,뚝섬유원지,6241,6247,12488
20210215,7호선,건대입구,10485,11120,21605
20210215,7호선,어린이대공원,10195,10487,20682
20210215,7호선,남성,9924,9654,19578
20210215,7호선,까치울,6623,6512,13135
20210215,7호선,상도,9103,9273,18376
20210215,7호선,춘의,9175,8946,18121
20210215,7호선,군자,13230,10851,24081
20210215,7호선,중곡,9019,8757,17776
20210215,7호선,용마산,5461,5290,10751
20210215,7호선,사가정,15259,15385,30644
20210215,7호선,면목,13854,13772,27626
20210215,7호선,상봉,15666,14742,30408
20210215,7호선,중화,10098,10106,20204
20210215,7호선,먹골,9377,9271,18648
20210215,7호선,태릉입구,7404,6929,14333
20210215,7호선,공릉,10424,10807,21231
20210215,7호선,하계,15904,15280,31184
20210215,7호선,중계,12732,11675,24407
20210215,7호선,부천종합운동장,4184,3594,7778
20210215,7호선,노원,19042,19854,38896
20210215,7호선,마들,11422,11021,22443
20210215,7호선,수락산,11364,11430,22794
20210215,7호선,도봉산,8057,9179,17236
20210215,7호선,장암,2172,759,2931
20210215,7호선,부평구청,10605,8842,19447
20210215,7호선,굴포천,8147,8619,16766
20210215,7호선,삼산체육관,4381,3933,8314
20210215,7호선,상동,11832,11969,23801
20210215,7호선,부천시청,11746,11512,23258
20210215,7호선,신중동,13398,13288,26686
20210216,7호선,용마산,5612,5397,11009
20210216,7호선,중곡,9441,9041,18482
20210216,7호선,군자,13764,11303,25067
20210216,7호선,어린이대공원,10755,10673,21428
20210216,7호선,뚝섬유원지,6384,6379,12763
20210216,7호선,장암,2153,796,2949
20210216,7호선,강남구청,15850,17400,33250
20210216,7호선,학동,24509,25827,50336
20210216,7호선,논현,20004,21688,41692
20210216,7호선,사가정,15324,15589,30913
20210216,7호선,청담,19294,21312,40606
20210216,7호선,면목,14233,14041,28274
20210216,7호선,하계,16226,15548,31774
20210216,7호선,중화,10434,10372,20806
20210216,7호선,먹골,9509,9522,19031
20210216,7호선,태릉입구,7419,6877,14296
20210216,7호선,공릉,10551,10872,21423
20210216,7호선,반포,5386,5184,10570
20210216,7호선,중계,13081,12109,25190
20210216,7호선,노원,18683,19403,38086
20210216,7호선,마들,11521,11133,22654
20210216,7호선,수락산,11578,11702,23280
20210216,7호선,도봉산,8412,9536,17948
20210216,7호선,상봉,16111,14966,31077
20210216,7호선,고속터미널,14976,12273,27249
20210216,7호선,건대입구,11140,11365,22505
20210216,7호선,이수,14549,14140,28689
20210216,7호선,내방,14248,14487,28735
20210216,7호선,굴포천,8276,8940,17216
20210216,7호선,삼산체육관,4536,4156,8692
20210216,7호선,상동,12161,12457,24618
20210216,7호선,부천시청,11852,11723,23575
20210216,7호선,신중동,13909,13699,27608
20210216,7호선,춘의,9473,9247,18720
20210216,7호선,부천종합운동장,4270,3727,7997
20210216,7호선,까치울,6876,6678,13554
20210216,7호선,온수,9941,9234,19175
20210216,7호선,천왕,10588,10069,20657
20210216,7호선,광명사거리,20426,20356,40782
20210216,7호선,부평구청,11041,9346,20387
20210216,7호선,가산디지털단지,47708,47211,94919
20210216,7호선,철산,20178,20848,41026
20210216,7호선,숭실대입구,10966,11464,22430
20210216,7호선,상도,9546,9488,19034
20210216,7호선,장승배기,9082,8925,18007
20210216,7호선,신대방삼거리,15340,15122,30462
20210216,7호선,남성,10627,9895,20522
20210216,7호선,보라매,9248,9190,18438
20210216,7호선,신풍,11194,10843,22037
20210216,7호선,대림,7072,6987,14059
20210216,7호선,남구로,15661,16599,32260
20210217,7호선,가산디지털단지,47022,46503,93525
20210217,7호선,숭실대입구,10707,11092,21799
20210217,7호선,상도,9465,9355,18820
20210217,7호선,장승배기,9029,8828,17857
20210217,7호선,신대방삼거리,15155,14828,29983
20210217,7호선,보라매,8964,8934,17898
20210217,7호선,신풍,10728,10465,21193
20210217,7호선,대림,6951,6795,13746
20210217,7호선,남구로,15594,16580,32174
20210217,7호선,남성,10451,9769,20220
20210217,7호선,철산,19755,20325,40080
20210217,7호선,춘의,9397,9290,18687
20210217,7호선,천왕,10398,9824,20222
20210217,7호선,온수,9815,8952,18767
20210217,7호선,까치울,6653,6551,13204
20210217,7호선,부천종합운동장,4196,3582,7778
20210217,7호선,신중동,13703,13457,27160
20210217,7호선,부천시청,11693,11556,23249
20210217,7호선,상동,11879,12254,24133
20210217,7호선,삼산체육관,4426,4069,8495
20210217,7호선,굴포천,8145,8659,16804
20210217,7호선,부평구청,11184,9238,20422
20210217,7호선,이수,14315,14100,28415
20210217,7호선,광명사거리,20218,20039,40257
20210217,7호선,내방,13939,14337,28276
20210217,7호선,하계,16034,15501,31535
20210217,7호선,반포,5335,5192,10527
20210217,7호선,장암,2124,707,2831
20210217,7호선,도봉산,8022,9217,17239
20210217,7호선,수락산,11345,11405,22750
20210217,7호선,마들,11374,11008,22382
20210217,7호선,노원,18126,18762,36888
20210217,7호선,중계,12825,11757,24582
20210217,7호선,고속터미널,13917,11856,25773
20210217,7호선,태릉입구,7495,6939,14434
20210217,7호선,먹골,9329,9204,18533
20210217,7호선,중화,10226,10192,20418
20210217,7호선,상봉,15571,14596,30167
20210217,7호선,공릉,10329,10411,20740
20210217,7호선,사가정,15089,15294,30383
20210217,7호선,면목,13960,13901,27861
20210217,7호선,학동,24225,25672,49897
20210217,7호선,강남구청,15952,17249,33201
20210217,7호선,청담,19042,21194,40236
20210217,7호선,뚝섬유원지,6245,6156,12401
20210217,7호선,논현,19776,21383,41159
20210217,7호선,어린이대공원,10508,10426,20934
20210217,7호선,군자,13499,10896,24395
20210217,7호선,중곡,9295,8746,18041
20210217,7호선,용마산,5665,5459,11124
20210217,7호선,건대입구,11212,11373,22585
20210218,7호선,학동,23858,25415,49273
20210218,7호선,면목,14369,14162,28531
20210218,7호선,강남구청,15791,17411,33202
20210218,7호선,청담,19099,21141,40240
20210218,7호선,뚝섬유원지,6708,6634,13342
20210218,7호선,어린이대공원,10913,10778,21691
20210218,7호선,군자,13846,11307,25153
20210218,7호선,중곡,9509,8998,18507
20210218,7호선,용마산,5734,5457,11191
20210218,7호선,사가정,15260,15403,30663
20210218,7호선,상봉,15953,15073,31026
20210218,7호선,건대입구,11049,11257,22306
20210218,7호선,먹골,9399,9340,18739
20210218,7호선,태릉입구,7653,7038,14691
20210218,7호선,공릉,10532,10671,21203
20210218,7호선,하계,16187,15330,31517
20210218,7호선,중계,13079,11975,25054
20210218,7호선,노원,18099,18864,36963
20210218,7호선,마들,11518,11186,22704
20210218,7호선,수락산,11411,11405,22816
20210218,7호선,도봉산,8171,9401,17572
20210218,7호선,장암,2089,821,2910
20210218,7호선,논현,19781,21276,41057
20210218,7호선,중화,10257,10228,20485
20210218,7호선,반포,5389,5216,10605
20210218,7호선,고속터미널,14202,12063,26265
20210218,7호선,내방,13934,14297,28231
20210218,7호선,삼산체육관,4527,4120,8647
20210218,7호선,상동,11790,12128,23918
20210218,7호선,부천시청,11663,11650,23313
20210218,7호선,신중동,13555,13301,26856
20210218,7호선,춘의,9306,9090,18396
20210218,7호선,부천종합운동장,4148,3666,7814
20210218,7호선,까치울,6875,6640,13515
20210218,7호선,온수,9923,9050,18973
20210218,7호선,천왕,10445,9829,20274
20210218,7호선,광명사거리,20438,20404,40842
20210218,7호선,철산,19804,20372,40176
20210218,7호선,굴포천,8062,8690,16752
20210218,7호선,남구로,15476,16435,31911
20210218,7호선,대림,6717,6662,13379
20210218,7호선,신풍,10987,10472,21459
20210218,7호선,보라매,9347,9229,18576
20210218,7호선,신대방삼거리,15180,14790,29970
20210218,7호선,부평구청,11227,9305,20532
20210218,7호선,장승배기,8982,8789,17771
20210218,7호선,상도,9446,9234,18680
20210218,7호선,숭실대입구,10987,11253,22240
20210218,7호선,남성,10504,9788,20292
20210218,7호선,이수,14572,14158,28730
20210218,7호선,가산디지털단지,46836,46716,93552
20210219,7호선,상동,12457,12898,25355
20210219,7호선,부천시청,12258,12178,24436
20210219,7호선,신중동,14323,14281,28604
20210219,7호선,춘의,9570,9259,18829
20210219,7호선,광명사거리,21700,21599,43299
20210219,7호선,까치울,7153,6875,14028
20210219,7호선,온수,10035,9243,19278
20210219,7호선,천왕,10954,10210,21164
20210219,7호선,삼산체육관,4692,4253,8945
20210219,7호선,부천종합운동장,4445,3812,8257
20210219,7호선,굴포천,8479,9086,17565
20210219,7호선,하계,16509,15625,32134
20210219,7호선,상봉,16951,15978,32929
20210219,7호선,중화,10632,10345,20977
20210219,7호선,먹골,9848,9669,19517
20210219,7호선,태릉입구,8094,7730,15824
20210219,7호선,중계,13482,12005,25487
20210219,7호선,노원,19664,20861,40525
20210219,7호선,마들,12010,11523,23533
20210219,7호선,수락산,12050,11857,23907
20210219,7호선,도봉산,8514,9831,18345
20210219,7호선,장암,2260,877,3137
20210219,7호선,철산,21142,21877,43019
20210219,7호선,부평구청,11402,9308,20710
20210219,7호선,가산디지털단지,46897,46724,93621
20210219,7호선,공릉,11114,11211,22325
20210219,7호선,대림,7122,7230,14352
20210219,7호선,남구로,15518,16567,32085
20210219,7호선,사가정,16155,16041,32196
20210219,7호선,용마산,5957,5618,11575
20210219,7호선,중곡,9589,9082,18671
20210219,7호선,군자,14511,11572,26083
20210219,7호선,어린이대공원,11971,11982,23953
20210219,7호선,건대입구,11843,12310,24153
20210219,7호선,뚝섬유원지,7174,7024,14198
20210219,7호선,청담,19445,21586,41031
20210219,7호선,강남구청,16407,17979,34386
20210219,7호선,학동,24231,25860,50091
20210219,7호선,면목,14726,14600,29326
20210219,7호선,반포,5665,5281,10946
20210219,7호선,고속터미널,15801,13139,28940
20210219,7호선,내방,14304,14638,28942
20210219,7호선,이수,15479,15152,30631
20210219,7호선,남성,10883,10050,20933
20210219,7호선,숭실대입구,11558,11788,23346
20210219,7호선,상도,9877,9750,19627
20210219,7호선,장승배기,9415,9061,18476
20210219,7호선,신대방삼거리,16002,15350,31352
20210219,7호선,보라매,9680,9558,19238
20210219,7호선,논현,20599,22357,42956
20210219,7호선,신풍,11245,10862,22107
20210220,7호선,용마산,4407,4596,9003
20210220,7호선,중곡,6197,5998,12195
20210220,7호선,군자,9725,7413,17138
20210220,7호선,어린이대공원,7773,7486,15259
20210220,7호선,강남구청,9370,10232,19602
20210220,7호선,뚝섬유원지,7433,7165,14598
20210220,7호선,청담,11077,11555,22632
20210220,7호선,사가정,11609,11305,22914
20210220,7호선,학동,10222,10881,21103
20210220,7호선,건대입구,9640,9655,19295
20210220,7호선,면목,10229,10028,20257
20210220,7호선,공릉,7728,7901,15629
20210220,7호선,중화,7259,7113,14372
20210220,7호선,먹골,7184,7088,14272
20210220,7호선,태릉입구,5771,5264,11035
20210220,7호선,하계,11056,10322,21378
20210220,7호선,중계,8553,7656,16209
20210220,7호선,노원,14140,14806,28946
20210220,7호선,마들,7967,7489,15456
20210220,7호선,수락산,9380,9217,18597
20210220,7호선,도봉산,5854,8411,14265
20210220,7호선,논현,10828,11674,22502
20210220,7호선,장암,1363,994,2357
20210220,7호선,상봉,12358,11737,24095
20210220,7호선,반포,3878,3688,7566
20210220,7호선,신대방삼거리,10391,9802,20193
20210220,7호선,내방,7236,7208,14444
20210220,7호선,부평구청,6218,5470,11688
20210220,7호선,굴포천,5707,5958,11665
20210220,7호선,삼산체육관,3007,2749,5756
20210220,7호선,상동,8636,8848,17484
20210220,7호선,부천시청,8423,8263,16686
20210220,7호선,신중동,8829,8624,17453
20210220,7호선,고속터미널,11279,8932,20211
20210220,7호선,부천종합운동장,2836,2539,5375
20210220,7호선,까치울,4701,4841,9542
20210220,7호선,온수,5283,5110,10393
20210220,7호선,천왕,6120,5791,11911
20210220,7호선,춘의,4748,4618,9366
20210220,7호선,철산,13510,13622,27132
20210220,7호선,가산디지털단지,13729,12791,26520
20210220,7호선,남구로,7787,8280,16067
20210220,7호선,대림,5911,6332,12243
20210220,7호선,신풍,7466,7167,14633
20210220,7호선,보라매,5656,5540,11196
20210220,7호선,장승배기,6555,6290,12845
20210220,7호선,상도,6542,6320,12862
20210220,7호선,숭실대입구,7119,7106,14225
20210220,7호선,남성,7139,6654,13793
20210220,7호선,이수,11079,10327,21406
20210220,7호선,광명사거리,15631,15565,31196
20210221,7호선,사가정,8304,8078,16382
20210221,7호선,용마산,2870,3360,6230
20210221,7호선,중곡,4698,4431,9129
20210221,7호선,군자,6669,5219,11888
20210221,7호선,면목,7449,7303,14752
20210221,7호선,학동,5304,5662,10966
20210221,7호선,뚝섬유원지,7826,7479,15305
20210221,7호선,청담,6197,6613,12810
20210221,7호선,강남구청,5162,5667,10829
20210221,7호선,어린이대공원,6042,5779,11821
20210221,7호선,상봉,8628,8007,16635
20210221,7호선,건대입구,6965,7073,14038
20210221,7호선,먹골,4827,4723,9550
20210221,7호선,태릉입구,4183,3763,7946
20210221,7호선,공릉,5783,5813,11596
20210221,7호선,하계,7923,7624,15547
20210221,7호선,중계,5884,5490,11374
20210221,7호선,노원,9356,9590,18946
20210221,7호선,마들,5109,4849,9958
20210221,7호선,수락산,7676,7490,15166
20210221,7호선,도봉산,4859,7295,12154
20210221,7호선,장암,1326,899,2225
20210221,7호선,논현,6022,6344,12366
20210221,7호선,중화,5197,5082,10279
20210221,7호선,반포,2522,2535,5057
20210221,7호선,춘의,2980,2840,5820
20210221,7호선,내방,4693,4772,9465
20210221,7호선,굴포천,3942,3980,7922
20210221,7호선,삼산체육관,2173,2050,4223
20210221,7호선,상동,5960,5847,11807
20210221,7호선,부천시청,5781,5648,11429
20210221,7호선,신중동,5981,5780,11761
20210221,7호선,고속터미널,8993,6631,15624
20210221,7호선,부천종합운동장,2010,1860,3870
20210221,7호선,까치울,3465,3444,6909
20210221,7호선,온수,3350,3445,6795
20210221,7호선,천왕,4444,4230,8674
20210221,7호선,광명사거리,10747,10583,21330
20210221,7호선,부평구청,4374,3856,8230
20210221,7호선,가산디지털단지,9412,8770,18182
20210221,7호선,남구로,5949,5799,11748
20210221,7호선,대림,5517,5072,10589
20210221,7호선,신풍,5303,4983,10286
20210221,7호선,보라매,3819,3757,7576
20210221,7호선,신대방삼거리,6999,6872,13871
20210221,7호선,장승배기,4519,4469,8988
20210221,7호선,상도,4548,4552,9100
20210221,7호선,숭실대입구,4850,5109,9959
20210221,7호선,남성,4773,4732,9505
20210221,7호선,이수,7116,6951,14067
20210221,7호선,철산,8982,9206,18188
20210222,7호선,남구로,16148,17125,33273
20210222,7호선,대림,7581,7314,14895
20210222,7호선,신풍,11241,10944,22185
20210222,7호선,보라매,9532,9531,19063
20210222,7호선,남성,10648,9982,20630
20210222,7호선,장승배기,9285,9051,18336
20210222,7호선,상도,9614,9523,19137
20210222,7호선,숭실대입구,11083,11393,22476
20210222,7호선,가산디지털단지,47813,47777,95590
20210222,7호선,신대방삼거리,15573,15224,30797
20210222,7호선,철산,20872,21191,42063
20210222,7호선,춘의,9467,9341,18808
20210222,7호선,천왕,11004,10343,21347
20210222,7호선,온수,10068,9355,19423
20210222,7호선,까치울,7087,6918,14005
20210222,7호선,부천종합운동장,4484,3835,8319
20210222,7호선,신중동,13958,13675,27633
20210222,7호선,부천시청,11854,11740,23594
20210222,7호선,상동,12064,12481,24545
20210222,7호선,삼산체육관,4618,4226,8844
20210222,7호선,굴포천,8211,8758,16969
20210222,7호선,부평구청,11471,9559,21030
20210222,7호선,이수,14862,14406,29268
20210222,7호선,광명사거리,21425,21103,42528
20210222,7호선,내방,14245,14331,28576
20210222,7호선,고속터미널,14818,12324,27142
20210222,7호선,반포,5373,5179,10552
20210222,7호선,도봉산,8544,9902,18446
20210222,7호선,수락산,12037,11919,23956
20210222,7호선,마들,11867,11443,23310
20210222,7호선,노원,19346,20520,39866
20210222,7호선,중계,13348,12330,25678
20210222,7호선,하계,16393,15621,32014
20210222,7호선,공릉,11007,11005,22012
20210222,7호선,태릉입구,7748,7298,15046
20210222,7호선,먹골,9632,9459,19091
20210222,7호선,중화,10618,10447,21065
20210222,7호선,상봉,16568,15342,31910
20210222,7호선,장암,2301,822,3123
20210222,7호선,사가정,15885,16146,32031
20210222,7호선,용마산,5811,5604,11415
20210222,7호선,중곡,9673,9087,18760
20210222,7호선,군자,13976,11323,25299
20210222,7호선,어린이대공원,11530,11536,23066
20210222,7호선,건대입구,11356,11452,22808
20210222,7호선,뚝섬유원지,7826,7664,15490
20210222,7호선,청담,18957,21200,40157
20210222,7호선,강남구청,15666,17033,32699
20210222,7호선,학동,24222,25744,49966
20210222,7호선,논현,20385,22037,42422
20210222,7호선,면목,14662,14453,29115
20210223,7호선,용마산,5859,5668,11527
20210223,7호선,중곡,9584,9063,18647
20210223,7호선,군자,14112,11487,25599
20210223,7호선,어린이대공원,11382,11296,22678
20210223,7호선,학동,24491,25981,50472
20210223,7호선,뚝섬유원지,7127,6918,14045
20210223,7호선,청담,19377,21686,41063
20210223,7호선,강남구청,16209,17558,33767
20210223,7호선,사가정,15864,15865,31729
20210223,7호선,건대입구,11386,11657,23043
20210223,7호선,면목,14710,14582,29292
20210223,7호선,하계,16515,15797,32312
20210223,7호선,중화,10702,10533,21235
20210223,7호선,먹골,9768,9651,19419
20210223,7호선,태릉입구,7743,7104,14847
20210223,7호선,공릉,10865,11059,21924
20210223,7호선,중계,13303,12141,25444
20210223,7호선,노원,18896,20124,39020
20210223,7호선,마들,11749,11273,23022
20210223,7호선,수락산,12051,11883,23934
20210223,7호선,도봉산,8570,9886,18456
20210223,7호선,장암,2312,870,3182
20210223,7호선,논현,20540,22065,42605
20210223,7호선,상봉,16790,15432,32222
20210223,7호선,반포,5409,5212,10621
20210223,7호선,상도,9803,9769,19572
20210223,7호선,내방,14376,14760,29136
20210223,7호선,부평구청,11442,9477,20919
20210223,7호선,굴포천,8308,8890,17198
20210223,7호선,삼산체육관,4724,4340,9064
20210223,7호선,상동,12386,12659,25045
20210223,7호선,부천시청,12145,11927,24072
20210223,7호선,신중동,14018,13657,27675
20210223,7호선,춘의,9503,9402,18905
20210223,7호선,부천종합운동장,4490,3916,8406
20210223,7호선,까치울,7127,6835,13962
20210223,7호선,온수,10127,9325,19452
20210223,7호선,천왕,10867,10321,21188
20210223,7호선,고속터미널,14421,12176,26597
20210223,7호선,철산,20511,21121,41632
20210223,7호선,가산디지털단지,47764,47720,95484
20210223,7호선,남구로,16051,17062,33113
20210223,7호선,대림,7341,7298,14639
20210223,7호선,신풍,11388,10889,22277
20210223,7호선,보라매,9533,9555,19088
20210223,7호선,신대방삼거리,15948,15393,31341
20210223,7호선,장승배기,9344,9167,18511
20210223,7호선,숭실대입구,11049,11504,22553
20210223,7호선,남성,10758,10038,20796
20210223,7호선,이수,15034,14646,29680
20210223,7호선,광명사거리,21538,21191,42729
20210224,7호선,중곡,9686,9145,18831
20210224,7호선,군자,14032,11363,25395
20210224,7호선,어린이대공원,11367,11176,22543
20210224,7호선,건대입구,11369,11621,22990
20210224,7호선,논현,20476,22020,42496
20210224,7호선,청담,19765,21876,41641
20210224,7호선,강남구청,16239,17740,33979
20210224,7호선,학동,24236,25855,50091
20210224,7호선,용마산,5945,5691,11636
20210224,7호선,뚝섬유원지,7557,7300,14857
20210224,7호선,사가정,15967,16150,32117
20210224,7호선,공릉,11669,11786,23455
20210224,7호선,상봉,16663,15586,32249
20210224,7호선,중화,10664,10508,21172
20210224,7호선,먹골,9693,9697,19390
20210224,7호선,태릉입구,7888,7394,15282
20210224,7호선,하계,17184,16517,33701
20210224,7호선,중계,13519,12427,25946
20210224,7호선,노원,18891,19839,38730
20210224,7호선,마들,11947,11478,23425
20210224,7호선,수락산,12135,12156,24291
20210224,7호선,도봉산,8745,10200,18945
20210224,7호선,고속터미널,14426,12290,26716
20210224,7호선,면목,14748,14571,29319
20210224,7호선,내방,14412,14779,29191
20210224,7호선,장암,2271,851,3122
20210224,7호선,남성,11015,10277,21292
20210224,7호선,반포,5644,5372,11016
20210224,7호선,부평구청,11546,9568,21114
20210224,7호선,굴포천,8406,8867,17273
20210224,7호선,삼산체육관,4608,4280,8888
20210224,7호선,상동,12396,12711,25107
20210224,7호선,부천시청,12016,11930,23946
20210224,7호선,신중동,14083,13990,28073
20210224,7호선,춘의,9652,9397,19049
20210224,7호선,부천종합운동장,4484,3989,8473
20210224,7호선,까치울,7271,7041,14312
20210224,7호선,온수,10142,9399,19541
20210224,7호선,이수,15297,14948,30245
20210224,7호선,광명사거리,21877,21597,43474
20210224,7호선,철산,21006,21457,42463
20210224,7호선,가산디지털단지,47614,47528,95142
20210224,7호선,남구로,16007,16988,32995
20210224,7호선,대림,7399,7309,14708
20210224,7호선,신풍,11385,10951,22336
20210224,7호선,보라매,9623,9701,19324
20210224,7호선,신대방삼거리,16017,15563,31580
20210224,7호선,장승배기,9443,9240,18683
20210224,7호선,상도,9969,9842,19811
20210224,7호선,숭실대입구,11180,11427,22607
20210224,7호선,천왕,11105,10456,21561
20210225,7호선,대림,7179,7206,14385
20210225,7호선,신풍,11309,10753,22062
20210225,7호선,보라매,9287,9309,18596
20210225,7호선,신대방삼거리,15922,15425,31347
20210225,7호선,이수,15157,14727,29884
20210225,7호선,상도,9849,9655,19504
20210225,7호선,숭실대입구,11126,11339,22465
20210225,7호선,남성,10865,10150,21015
20210225,7호선,남구로,15929,16917,32846
20210225,7호선,장승배기,9453,9139,18592
20210225,7호선,가산디지털단지,47121,47455,94576
20210225,7호선,부천종합운동장,4458,3854,8312
20210225,7호선,광명사거리,21654,21619,43273
20210225,7호선,천왕,10903,10291,21194
20210225,7호선,온수,10136,9328,19464
20210225,7호선,까치울,7240,6957,14197
20210225,7호선,춘의,9445,9223,18668
20210225,7호선,신중동,13889,13554,27443
20210225,7호선,부천시청,11957,11837,23794
20210225,7호선,상동,12144,12608,24752
20210225,7호선,삼산체육관,4644,4214,8858
20210225,7호선,굴포천,8419,8991,17410
20210225,7호선,내방,14370,14624,28994
20210225,7호선,철산,20920,21220,42140
20210225,7호선,부평구청,11555,9548,21103
20210225,7호선,고속터미널,14270,12282,26552
20210225,7호선,논현,20622,21911,42533
20210225,7호선,반포,5613,5370,10983
20210225,7호선,장암,2217,839,3056
20210225,7호선,도봉산,8472,9878,18350
20210225,7호선,수락산,12179,11995,24174
20210225,7호선,마들,12169,11559,23728
20210225,7호선,노원,18589,19954,38543
20210225,7호선,중계,13403,11996,25399
20210225,7호선,공릉,11121,11125,22246
20210225,7호선,태릉입구,7766,7256,15022
20210225,7호선,먹골,9782,9591,19373
20210225,7호선,중화,10725,10466,21191
20210225,7호선,하계,16800,15936,32736
20210225,7호선,면목,14623,14436,29059
20210225,7호선,상봉,16740,15345,32085
20210225,7호선,강남구청,16385,17876,34261
20210225,7호선,청담,19393,21575,40968
20210225,7호선,뚝섬유원지,7662,7643,15305
20210225,7호선,건대입구,11253,11770,23023
20210225,7호선,학동,24037,25542,49579
20210225,7호선,군자,14187,11367,25554
20210225,7호선,중곡,9508,9117,18625
20210225,7호선,용마산,5966,5629,11595
20210225,7호선,사가정,15865,15946,31811
20210225,7호선,어린이대공원,11198,10954,22152
20210226,7호선,남구로,15670,16885,32555
20210226,7호선,이수,16015,15479,31494
20210226,7호선,남성,11082,10019,21101
20210226,7호선,숭실대입구,11530,11709,23239
20210226,7호선,상도,10184,9681,19865
20210226,7호선,장승배기,9617,9233,18850
20210226,7호선,신대방삼거리,15992,15259,31251
20210226,7호선,보라매,9707,9497,19204
20210226,7호선,신풍,11470,10814,22284
20210226,7호선,대림,7609,7787,15396
20210226,7호선,가산디지털단지,47218,46891,94109
20210226,7호선,내방,14498,14965,29463
20210226,7호선,광명사거리,22217,22185,44402
20210226,7호선,천왕,11131,10436,21567
20210226,7호선,온수,10301,9396,19697
20210226,7호선,까치울,7495,7167,14662
20210226,7호선,부천종합운동장,4530,4080,8610
20210226,7호선,춘의,9604,9290,18894
20210226,7호선,신중동,14196,14350,28546
20210226,7호선,부천시청,12559,12442,25001
20210226,7호선,상동,12634,13218,25852
20210226,7호선,삼산체육관,4986,4604,9590
20210226,7호선,굴포천,8703,9230,17933
20210226,7호선,철산,21324,22136,43460
20210226,7호선,고속터미널,16458,13590,30048
20210226,7호선,부평구청,11672,9563,21235
20210226,7호선,논현,21136,22737,43873
20210226,7호선,반포,5927,5692,11619
20210226,7호선,장암,2219,871,3090
20210226,7호선,도봉산,8911,10574,19485
20210226,7호선,수락산,12689,12492,25181
20210226,7호선,마들,12372,11602,23974
20210226,7호선,노원,20181,21571,41752
20210226,7호선,중계,13681,12219,25900
20210226,7호선,공릉,11673,11729,23402
20210226,7호선,태릉입구,8022,7480,15502
20210226,7호선,먹골,10057,9857,19914
20210226,7호선,중화,10962,10557,21519
20210226,7호선,하계,17117,16024,33141
20210226,7호선,면목,15223,14769,29992
20210226,7호선,상봉,17199,15822,33021
20210226,7호선,강남구청,16326,18161,34487
20210226,7호선,청담,19596,21865,41461
20210226,7호선,뚝섬유원지,9297,8952,18249
20210226,7호선,건대입구,12034,12531,24565
20210226,7호선,학동,23781,25729,49510
20210226,7호선,군자,14788,11604,26392
20210226,7호선,중곡,9877,9386,19263
20210226,7호선,용마산,6072,5796,11868
20210226,7호선,사가정,16256,16281,32537
20210226,7호선,어린이대공원,11634,11428,23062
20210227,7호선,가산디지털단지,14389,13127,27516
20210227,7호선,이수,11401,10499,21900
20210227,7호선,남성,7407,6776,14183
20210227,7호선,숭실대입구,7457,7504,14961
20210227,7호선,상도,6777,6381,13158
20210227,7호선,장승배기,6793,6480,13273
20210227,7호선,신대방삼거리,10892,9910,20802
20210227,7호선,보라매,6228,5910,12138
20210227,7호선,대림,6288,6608,12896
20210227,7호선,남구로,7986,8465,16451
20210227,7호선,철산,14053,14235,28288
20210227,7호선,부평구청,6727,5876,12603
20210227,7호선,천왕,6257,5947,12204
20210227,7호선,온수,5545,5335,10880
20210227,7호선,까치울,4877,4859,9736
20210227,7호선,부천종합운동장,2894,2639,5533
20210227,7호선,내방,7384,7300,14684
20210227,7호선,춘의,4755,4599,9354
20210227,7호선,신중동,9070,8760,17830
20210227,7호선,부천시청,8736,8692,17428
20210227,7호선,상동,9177,9326,18503
20210227,7호선,삼산체육관,3158,3001,6159
20210227,7호선,굴포천,5967,6167,12134
20210227,7호선,광명사거리,15629,15535,31164
20210227,7호선,고속터미널,12903,10234,23137
20210227,7호선,중계,8675,7651,16326
20210227,7호선,논현,11049,11736,22785
20210227,7호선,신풍,7547,7312,14859
20210227,7호선,장암,1573,1041,2614
20210227,7호선,도봉산,6260,9025,15285
20210227,7호선,수락산,10067,9843,19910
20210227,7호선,마들,8202,7746,15948
20210227,7호선,노원,14778,15353,30131
20210227,7호선,하계,11663,10835,22498
20210227,7호선,공릉,8135,8165,16300
20210227,7호선,태릉입구,6007,5425,11432
20210227,7호선,먹골,7390,7347,14737
20210227,7호선,중화,7412,7045,14457
20210227,7호선,반포,4260,3958,8218
20210227,7호선,면목,10468,10079,20547
20210227,7호선,사가정,11935,11562,23497
20210227,7호선,용마산,4271,4354,8625
20210227,7호선,중곡,6533,6025,12558
20210227,7호선,군자,10131,7547,17678
20210227,7호선,어린이대공원,8310,7996,16306
20210227,7호선,건대입구,10007,10032,20039
20210227,7호선,뚝섬유원지,9167,8799,17966
20210227,7호선,청담,11025,11945,22970
20210227,7호선,강남구청,9340,10422,19762
20210227,7호선,학동,10537,11341,21878
20210227,7호선,상봉,12677,11842,24519
20210228,7호선,남구로,6224,6035,12259
20210228,7호선,대림,5802,5559,11361
20210228,7호선,신풍,5674,5333,11007
20210228,7호선,보라매,4251,4127,8378
20210228,7호선,남성,5049,4786,9835
20210228,7호선,장승배기,4521,4311,8832
20210228,7호선,상도,4903,4820,9723
20210228,7호선,숭실대입구,5471,5524,10995
20210228,7호선,가산디지털단지,10675,9906,20581
20210228,7호선,신대방삼거리,7332,7108,14440
20210228,7호선,철산,9776,10048,19824
20210228,7호선,춘의,3208,2962,6170
20210228,7호선,천왕,4823,4494,9317
20210228,7호선,온수,3673,3739,7412
20210228,7호선,까치울,3599,3600,7199
20210228,7호선,부천종합운동장,2416,2283,4699
20210228,7호선,신중동,6200,6199,12399
20210228,7호선,부천시청,6087,6018,12105
20210228,7호선,상동,6331,6303,12634
20210228,7호선,삼산체육관,2254,2103,4357
20210228,7호선,굴포천,4150,4203,8353
20210228,7호선,부평구청,4569,4061,8630
20210228,7호선,이수,7786,7312,15098
20210228,7호선,광명사거리,11411,11307,22718
20210228,7호선,내방,4763,4939,9702
20210228,7호선,고속터미널,9603,6831,16434
20210228,7호선,반포,2688,2614,5302
20210228,7호선,도봉산,5363,8171,13534
20210228,7호선,수락산,8292,8178,16470
20210228,7호선,마들,5590,5185,10775
20210228,7호선,노원,10437,10723,21160
20210228,7호선,중계,6246,5688,11934
20210228,7호선,하계,8709,8137,16846
20210228,7호선,공릉,6413,6543,12956
20210228,7호선,태릉입구,4528,4133,8661
20210228,7호선,먹골,5309,5186,10495
20210228,7호선,중화,5627,5373,11000
20210228,7호선,상봉,8815,8132,16947
20210228,7호선,장암,1394,1084,2478
20210228,7호선,사가정,9011,8683,17694
20210228,7호선,용마산,3361,3796,7157
20210228,7호선,중곡,4791,4560,9351
20210228,7호선,군자,7075,5550,12625
20210228,7호선,어린이대공원,6377,6373,12750
20210228,7호선,건대입구,7403,7716,15119
20210228,7호선,뚝섬유원지,7174,6843,14017
20210228,7호선,청담,6355,6538,12893
20210228,7호선,강남구청,5310,5759,11069
20210228,7호선,학동,5389,5733,11122
20210228,7호선,논현,6032,6427,12459
20210228,7호선,면목,7558,7470,15028
20210301,7호선,대림,4578,4263,8841
20210301,7호선,보라매,3060,3095,6155
20210301,7호선,신대방삼거리,5911,6148,12059
20210301,7호선,장승배기,3885,3888,7773
20210301,7호선,내방,4201,4510,8711
20210301,7호선,숭실대입구,4446,4800,9246
20210301,7호선,남성,4343,4448,8791
20210301,7호선,이수,6053,5925,11978
20210301,7호선,남구로,5561,5598,11159
20210301,7호선,상도,3916,3976,7892
20210301,7호선,가산디지털단지,8676,8085,16761
20210301,7호선,부천종합운동장,1627,1429,3056
20210301,7호선,광명사거리,9389,9330,18719
20210301,7호선,천왕,3591,3440,7031
20210301,7호선,온수,3108,3081,6189
20210301,7호선,까치울,2681,2712,5393
20210301,7호선,춘의,2779,2820,5599
20210301,7호선,신중동,5193,5203,10396
20210301,7호선,부천시청,5288,5241,10529
20210301,7호선,상동,5198,5048,10246
20210301,7호선,삼산체육관,1714,1548,3262
20210301,7호선,굴포천,3499,3574,7073
20210301,7호선,고속터미널,10359,5911,16270
20210301,7호선,철산,7799,7908,15707
20210301,7호선,반포,2504,2435,4939
20210301,7호선,부평구청,3835,3382,7217
20210301,7호선,학동,5141,5468,10609
20210301,7호선,신풍,4593,4575,9168
20210301,7호선,장암,652,354,1006
20210301,7호선,도봉산,3082,3761,6843
20210301,7호선,수락산,5225,5084,10309
20210301,7호선,마들,4807,4626,9433
20210301,7호선,노원,8873,8867,17740
20210301,7호선,중계,5130,4748,9878
20210301,7호선,하계,6818,6808,13626
20210301,7호선,공릉,5038,5202,10240
20210301,7호선,태릉입구,3405,3259,6664
20210301,7호선,먹골,4288,4446,8734
20210301,7호선,논현,5443,5836,11279
20210301,7호선,상봉,7492,7130,14622
20210301,7호선,면목,6485,6605,13090
20210301,7호선,사가정,7085,7217,14302
20210301,7호선,용마산,2530,2480,5010
20210301,7호선,중곡,3737,3939,7676
20210301,7호선,군자,5948,4912,10860
20210301,7호선,어린이대공원,4976,4984,9960
20210301,7호선,건대입구,6411,6642,13053
20210301,7호선,뚝섬유원지,2818,2756,5574
20210301,7호선,청담,5368,5703,11071
20210301,7호선,강남구청,4402,4775,9177
20210301,7호선,중화,4470,4527,8997
20210302,7호선,중곡,10189,9343,19532
20210302,7호선,군자,14244,11546,25790
20210302,7호선,어린이대공원,12184,12223,24407
20210302,7호선,건대입구,11339,11739,23078
20210302,7호선,논현,20084,21709,41793
20210302,7호선,청담,19432,21710,41142
20210302,7호선,강남구청,16294,17678,33972
20210302,7호선,학동,24264,25742,50006
20210302,7호선,용마산,6008,5748,11756
20210302,7호선,뚝섬유원지,7131,6962,14093
20210302,7호선,사가정,16023,16248,32271
20210302,7호선,공릉,11648,11769,23417
20210302,7호선,상봉,16536,15392,31928
20210302,7호선,중화,10956,10839,21795
20210302,7호선,먹골,9881,9741,19622
20210302,7호선,태릉입구,7847,7257,15104
20210302,7호선,하계,16998,16384,33382
20210302,7호선,중계,14040,12897,26937
20210302,7호선,노원,19480,20515,39995
20210302,7호선,마들,12159,11752,23911
20210302,7호선,수락산,12095,12021,24116
20210302,7호선,도봉산,8588,9991,18579
20210302,7호선,반포,5552,5415,10967
20210302,7호선,면목,14785,14709,29494
20210302,7호선,고속터미널,14547,12269,26816
20210302,7호선,장암,2202,793,2995
20210302,7호선,이수,15021,14621,29642
20210302,7호선,부평구청,11725,9739,21464
20210302,7호선,굴포천,8451,9186,17637
20210302,7호선,삼산체육관,4788,4329,9117
20210302,7호선,상동,12155,12638,24793
20210302,7호선,부천시청,12056,11925,23981
20210302,7호선,신중동,13818,13555,27373
20210302,7호선,춘의,9631,9418,19049
20210302,7호선,부천종합운동장,4471,3856,8327
20210302,7호선,까치울,7206,6979,14185
20210302,7호선,온수,11485,10411,21896
20210302,7호선,천왕,11250,10745,21995
20210302,7호선,내방,14333,14592,28925
20210302,7호선,철산,20824,21160,41984
20210302,7호선,가산디지털단지,47565,47932,95497
20210302,7호선,남구로,16099,17095,33194
20210302,7호선,대림,7525,7482,15007
20210302,7호선,신풍,11597,10999,22596
20210302,7호선,보라매,9963,9968,19931
20210302,7호선,신대방삼거리,15959,15670,31629
20210302,7호선,장승배기,9631,9421,19052
20210302,7호선,상도,9758,9690,19448
20210302,7호선,숭실대입구,11740,12159,23899
20210302,7호선,남성,11013,10217,21230
20210302,7호선,광명사거리,21894,21492,43386
20210303,7호선,대림,7592,7543,15135
20210303,7호선,신풍,11707,11233,22940
20210303,7호선,보라매,9921,9892,19813
20210303,7호선,신대방삼거리,16168,15708,31876
20210303,7호선,이수,15274,14953,30227
20210303,7호선,상도,10154,9865,20019
20210303,7호선,숭실대입구,11951,12355,24306
20210303,7호선,남성,11173,10419,21592
20210303,7호선,남구로,16322,17312,33634
20210303,7호선,장승배기,9659,9336,18995
20210303,7호선,가산디지털단지,48228,48163,96391
20210303,7호선,부천종합운동장,4540,3967,8507
20210303,7호선,광명사거리,22118,21823,43941
20210303,7호선,천왕,11493,10980,22473
20210303,7호선,온수,11340,10478,21818
20210303,7호선,까치울,7546,7281,14827
20210303,7호선,춘의,9854,9735,19589
20210303,7호선,신중동,14319,14172,28491
20210303,7호선,부천시청,12149,12204,24353
20210303,7호선,상동,12366,12835,25201
20210303,7호선,삼산체육관,4854,4348,9202
20210303,7호선,굴포천,8544,9162,17706
20210303,7호선,내방,14524,14900,29424
20210303,7호선,철산,21288,21748,43036
20210303,7호선,부평구청,11840,9874,21714
20210303,7호선,고속터미널,13818,12268,26086
20210303,7호선,논현,20680,22058,42738
20210303,7호선,반포,5827,5547,11374
20210303,7호선,장암,2226,822,3048
20210303,7호선,도봉산,8855,10488,19343
20210303,7호선,수락산,12484,12380,24864
20210303,7호선,마들,12301,11742,24043
20210303,7호선,노원,19199,20378,39577
20210303,7호선,중계,14306,12961,27267
20210303,7호선,공릉,11611,11639,23250
20210303,7호선,태릉입구,7989,7423,15412
20210303,7호선,먹골,9922,9709,19631
20210303,7호선,중화,11016,10890,21906
20210303,7호선,하계,17628,17020,34648
20210303,7호선,면목,15301,15065,30366
20210303,7호선,상봉,16800,15711,32511
20210303,7호선,강남구청,16560,18117,34677
20210303,7호선,청담,19824,22167,41991
20210303,7호선,뚝섬유원지,7489,7430,14919
20210303,7호선,건대입구,11668,11812,23480
20210303,7호선,학동,24532,26162,50694
20210303,7호선,군자,14719,11753,26472
20210303,7호선,중곡,10116,9522,19638
20210303,7호선,용마산,5998,5894,11892
20210303,7호선,사가정,16382,16512,32894
20210303,7호선,어린이대공원,12243,12151,24394
20210304,7호선,남구로,16050,17098,33148
20210304,7호선,이수,15262,14893,30155
20210304,7호선,남성,11029,10230,21259
20210304,7호선,숭실대입구,12192,12325,24517
20210304,7호선,상도,10104,9816,19920
20210304,7호선,장승배기,9417,9164,18581
20210304,7호선,신대방삼거리,16000,15631,31631
20210304,7호선,보라매,9868,9853,19721
20210304,7호선,신풍,11536,11038,22574
20210304,7호선,대림,7376,7295,14671
20210304,7호선,가산디지털단지,48021,48473,96494
20210304,7호선,내방,14233,14508,28741
20210304,7호선,광명사거리,22091,21812,43903
20210304,7호선,천왕,11351,10751,22102
20210304,7호선,온수,11269,10288,21557
20210304,7호선,까치울,7426,7236,14662
20210304,7호선,부천종합운동장,4484,3903,8387
20210304,7호선,춘의,9513,9478,18991
20210304,7호선,신중동,13992,13858,27850
20210304,7호선,부천시청,12108,11909,24017
20210304,7호선,상동,12236,12777,25013
20210304,7호선,삼산체육관,4863,4375,9238
20210304,7호선,굴포천,8349,8973,17322
20210304,7호선,철산,20879,21283,42162
20210304,7호선,고속터미널,14215,12432,26647
20210304,7호선,부평구청,11816,9769,21585
20210304,7호선,논현,20594,22079,42673
20210304,7호선,장암,2175,827,3002
20210304,7호선,도봉산,8842,10278,19120
20210304,7호선,수락산,12283,12308,24591
20210304,7호선,마들,12159,11639,23798
20210304,7호선,노원,18647,20000,38647
20210304,7호선,중계,14053,12748,26801
20210304,7호선,하계,17346,16303,33649
20210304,7호선,공릉,11569,11582,23151
20210304,7호선,태릉입구,7828,7433,15261
20210304,7호선,먹골,9700,9485,19185
20210304,7호선,중화,10788,10692,21480
20210304,7호선,반포,5781,5578,11359
20210304,7호선,면목,14994,14665,29659
20210304,7호선,학동,24369,26069,50438
20210304,7호선,강남구청,16453,18191,34644
20210304,7호선,청담,19763,22074,41837
20210304,7호선,뚝섬유원지,7629,7553,15182
20210304,7호선,건대입구,11536,11932,23468
20210304,7호선,상봉,16681,15663,32344
20210304,7호선,군자,14481,11571,26052
20210304,7호선,중곡,9998,9322,19320
20210304,7호선,용마산,6018,5890,11908
20210304,7호선,사가정,16119,16248,32367
20210304,7호선,어린이대공원,12104,12096,24200
20210305,7호선,용마산,6250,5948,12198
20210305,7호선,논현,21405,23047,44452
20210305,7호선,학동,24592,26316,50908
20210305,7호선,강남구청,17042,18809,35851
20210305,7호선,청담,20101,22707,42808
20210305,7호선,뚝섬유원지,9640,9381,19021
20210305,7호선,건대입구,12496,12856,25352
20210305,7호선,어린이대공원,13035,12858,25893
20210305,7호선,군자,15100,11919,27019
20210305,7호선,중곡,10318,9513,19831
20210305,7호선,사가정,16798,16761,33559
20210305,7호선,공릉,12324,12122,24446
20210305,7호선,상봉,17598,16590,34188
20210305,7호선,중화,11351,11083,22434
20210305,7호선,먹골,10195,9932,20127
20210305,7호선,태릉입구,8359,7848,16207
20210305,7호선,반포,6047,5774,11821
20210305,7호선,하계,17611,16531,34142
20210305,7호선,중계,14132,12726,26858
20210305,7호선,노원,20170,21898,42068
20210305,7호선,마들,12602,11958,24560
20210305,7호선,수락산,12811,12592,25403
20210305,7호선,도봉산,9142,10685,19827
20210305,7호선,면목,15584,15249,30833
20210305,7호선,고속터미널,16256,13598,29854
20210305,7호선,장암,2287,975,3262
20210305,7호선,이수,16284,15884,32168
20210305,7호선,부평구청,12044,10045,22089
20210305,7호선,굴포천,8846,9451,18297
20210305,7호선,삼산체육관,5035,4547,9582
20210305,7호선,상동,12893,13506,26399
20210305,7호선,부천시청,12874,12996,25870
20210305,7호선,신중동,14729,14830,29559
20210305,7호선,춘의,9839,9561,19400
20210305,7호선,부천종합운동장,4671,4089,8760
20210305,7호선,까치울,7754,7555,15309
20210305,7호선,온수,11330,10279,21609
20210305,7호선,천왕,11606,10956,22562
20210305,7호선,내방,14734,15169,29903
20210305,7호선,철산,21834,22720,44554
20210305,7호선,가산디지털단지,48591,48457,97048
20210305,7호선,남구로,16202,17216,33418
20210305,7호선,대림,7692,7882,15574
20210305,7호선,신풍,12018,11506,23524
20210305,7호선,보라매,10284,10102,20386
20210305,7호선,신대방삼거리,16406,15908,32314
20210305,7호선,장승배기,9733,9423,19156
20210305,7호선,상도,10480,10210,20690
20210305,7호선,숭실대입구,12825,12796,25621
20210305,7호선,남성,11433,10300,21733
20210305,7호선,광명사거리,22921,22643,45564
20210306,7호선,대림,6406,6716,13122
20210306,7호선,신풍,7555,7341,14896
20210306,7호선,보라매,5826,5499,11325
20210306,7호선,신대방삼거리,10670,10144,20814
20210306,7호선,이수,11393,10675,22068
20210306,7호선,상도,7063,6811,13874
20210306,7호선,숭실대입구,7754,7879,15633
20210306,7호선,남성,7450,6940,14390
20210306,7호선,남구로,7984,8552,16536
20210306,7호선,장승배기,6560,6335,12895
20210306,7호선,가산디지털단지,14546,13331,27877
20210306,7호선,부천종합운동장,2931,2681,5612
20210306,7호선,광명사거리,16047,15870,31917
20210306,7호선,천왕,6504,6159,12663
20210306,7호선,온수,5477,5405,10882
20210306,7호선,까치울,5059,5022,10081
20210306,7호선,춘의,4790,4590,9380
20210306,7호선,신중동,9048,9011,18059
20210306,7호선,부천시청,8910,8688,17598
20210306,7호선,상동,9363,9458,18821
20210306,7호선,삼산체육관,2991,2795,5786
20210306,7호선,굴포천,6109,6477,12586
20210306,7호선,내방,7686,7575,15261
20210306,7호선,철산,14196,14470,28666
20210306,7호선,부평구청,6503,5851,12354
20210306,7호선,고속터미널,11916,9775,21691
20210306,7호선,논현,11216,11943,23159
20210306,7호선,반포,4553,4306,8859
20210306,7호선,장암,1591,1127,2718
20210306,7호선,도봉산,6392,9130,15522
20210306,7호선,수락산,9881,10040,19921
20210306,7호선,마들,8729,8227,16956
20210306,7호선,노원,15447,15720,31167
20210306,7호선,중계,8605,7708,16313
20210306,7호선,공릉,8295,8229,16524
20210306,7호선,태릉입구,6076,5526,11602
20210306,7호선,먹골,7960,7853,15813
20210306,7호선,중화,7540,7265,14805
20210306,7호선,하계,11900,11008,22908
20210306,7호선,면목,10664,10577,21241
20210306,7호선,상봉,12720,12085,24805
20210306,7호선,강남구청,9783,10608,20391
20210306,7호선,청담,10978,11725,22703
20210306,7호선,뚝섬유원지,6865,6886,13751
20210306,7호선,건대입구,10568,10701,21269
20210306,7호선,학동,10035,10626,20661
20210306,7호선,군자,10090,7800,17890
20210306,7호선,중곡,6448,6124,12572
20210306,7호선,용마산,4273,4575,8848
20210306,7호선,사가정,12220,11785,24005
20210306,7호선,어린이대공원,8331,8018,16349
20210307,7호선,학동,5427,5921,11348
20210307,7호선,사가정,8794,8515,17309
20210307,7호선,강남구청,4924,5374,10298
20210307,7호선,청담,6741,7257,13998
20210307,7호선,뚝섬유원지,6779,6353,13132
20210307,7호선,건대입구,7611,7510,15121
20210307,7호선,어린이대공원,6094,6089,12183
20210307,7호선,군자,6903,5532,12435
20210307,7호선,중곡,4689,4447,9136
20210307,7호선,용마산,3214,3731,6945
20210307,7호선,면목,7429,7417,14846
20210307,7호선,하계,8320,7973,16293
20210307,7호선,중화,5500,5298,10798
20210307,7호선,먹골,5121,5128,10249
20210307,7호선,태릉입구,4341,3903,8244
20210307,7호선,공릉,6144,6276,12420
20210307,7호선,중계,6277,5832,12109
20210307,7호선,노원,10212,10169,20381
20210307,7호선,마들,5486,5046,10532
20210307,7호선,수락산,8174,8133,16307
20210307,7호선,도봉산,5195,7746,12941
20210307,7호선,장암,1349,1010,2359
20210307,7호선,춘의,3116,2959,6075
20210307,7호선,상봉,8800,8332,17132
20210307,7호선,논현,5926,6281,12207
20210307,7호선,반포,2673,2708,5381
20210307,7호선,내방,4720,4814,9534
20210307,7호선,부평구청,4623,4116,8739
20210307,7호선,굴포천,4174,4174,8348
20210307,7호선,삼산체육관,2507,2363,4870
20210307,7호선,상동,6608,6173,12781
20210307,7호선,부천시청,6175,5765,11940
20210307,7호선,신중동,6224,6073,12297
20210307,7호선,부천종합운동장,2185,2139,4324
20210307,7호선,까치울,3773,3637,7410
20210307,7호선,온수,3781,3814,7595
20210307,7호선,천왕,4744,4620,9364
20210307,7호선,광명사거리,11408,11128,22536
20210307,7호선,고속터미널,9618,6774,16392
20210307,7호선,가산디지털단지,10548,9784,20332
20210307,7호선,남구로,6161,5948,12109
20210307,7호선,대림,5985,5628,11613
20210307,7호선,신풍,5487,5128,10615
20210307,7호선,보라매,4499,4494,8993
20210307,7호선,신대방삼거리,7184,7094,14278
20210307,7호선,장승배기,4576,4490,9066
20210307,7호선,상도,4973,4945,9918
20210307,7호선,숭실대입구,5424,5785,11209
20210307,7호선,남성,4959,4981,9940
20210307,7호선,이수,7724,7248,14972
20210307,7호선,철산,9538,9437,18975
20210308,7호선,대림,7841,7720,15561
20210308,7호선,신풍,11640,11148,22788
20210308,7호선,보라매,9777,9842,19619
20210308,7호선,신대방삼거리,15922,15349,31271
20210308,7호선,이수,14994,14589,29583
20210308,7호선,상도,10074,10077,20151
20210308,7호선,숭실대입구,12202,12591,24793
20210308,7호선,남성,10868,10211,21079
20210308,7호선,남구로,16472,17334,33806
20210308,7호선,장승배기,9569,9289,18858
20210308,7호선,가산디지털단지,48455,48558,97013
20210308,7호선,부천종합운동장,4675,4026,8701
20210308,7호선,광명사거리,22080,21573,43653
20210308,7호선,천왕,11511,10982,22493
20210308,7호선,온수,11150,10262,21412
20210308,7호선,까치울,7496,7166,14662
20210308,7호선,춘의,9698,9548,19246
20210308,7호선,신중동,13696,13546,27242
20210308,7호선,부천시청,12070,11849,23919
20210308,7호선,상동,12093,12590,24683
20210308,7호선,삼산체육관,4858,4362,9220
20210308,7호선,굴포천,8467,9064,17531
20210308,7호선,내방,14293,14503,28796
20210308,7호선,철산,21004,21374,42378
20210308,7호선,고속터미널,14845,12580,27425
20210308,7호선,부평구청,11667,9637,21304
20210308,7호선,논현,20705,22074,42779
20210308,7호선,장암,2346,921,3267
20210308,7호선,도봉산,8894,10517,19411
20210308,7호선,수락산,12398,12261,24659
20210308,7호선,마들,12204,11690,23894
20210308,7호선,노원,18519,19525,38044
20210308,7호선,중계,13951,12919,26870
20210308,7호선,하계,17067,16284,33351
20210308,7호선,공릉,11580,11637,23217
20210308,7호선,태릉입구,7831,7470,15301
20210308,7호선,먹골,9714,9477,19191
20210308,7호선,중화,10810,10727,21537
20210308,7호선,반포,5541,5442,10983
20210308,7호선,면목,15638,15362,31000
20210308,7호선,사가정,16293,16181,32474
20210308,7호선,용마산,6001,5806,11807
20210308,7호선,중곡,9987,9155,19142
20210308,7호선,군자,14092,11404,25496
20210308,7호선,어린이대공원,12025,12069,24094
20210308,7호선,건대입구,11118,11588,22706
20210308,7호선,뚝섬유원지,7655,7554,15209
20210308,7호선,청담,19360,21611,40971
20210308,7호선,강남구청,15717,17185,32902
20210308,7호선,학동,24622,26078,50700
20210308,7호선,상봉,16707,15605,32312
20210309,7호선,대림,7493,7447,14940
20210309,7호선,신풍,11670,11227,22897
20210309,7호선,보라매,9861,9717,19578
20210309,7호선,신대방삼거리,16127,15704,31831
20210309,7호선,이수,15263,14827,30090
20210309,7호선,상도,10239,10092,20331
20210309,7호선,숭실대입구,12371,12627,24998
20210309,7호선,남성,11144,10330,21474
20210309,7호선,남구로,16354,17254,33608
20210309,7호선,장승배기,9689,9406,19095
20210309,7호선,가산디지털단지,48402,48711,97113
20210309,7호선,부천종합운동장,4577,3998,8575
20210309,7호선,광명사거리,22133,21946,44079
20210309,7호선,천왕,11390,10851,22241
20210309,7호선,온수,11397,10454,21851
20210309,7호선,까치울,7667,7247,14914
20210309,7호선,춘의,9650,9626,19276
20210309,7호선,신중동,14435,14238,28673
20210309,7호선,부천시청,12453,13195,25648
20210309,7호선,상동,11265,11007,22272
20210309,7호선,삼산체육관,5152,4979,10131
20210309,7호선,굴포천,8644,9140,17784
20210309,7호선,내방,14515,14870,29385
20210309,7호선,철산,21140,21637,42777
20210309,7호선,부평구청,11790,9656,21446
20210309,7호선,고속터미널,14176,12570,26746
20210309,7호선,학동,24965,26559,51524
20210309,7호선,논현,20856,22410,43266
20210309,7호선,반포,5742,5459,11201
20210309,7호선,장암,2379,901,3280
20210309,7호선,도봉산,9128,10703,19831
20210309,7호선,수락산,12552,12514,25066
20210309,7호선,마들,12337,11937,24274
20210309,7호선,노원,19234,20462,39696
20210309,7호선,하계,17408,16596,34004
20210309,7호선,공릉,11729,11676,23405
20210309,7호선,태릉입구,8136,7614,15750
20210309,7호선,먹골,9903,9697,19600
20210309,7호선,중계,14278,13041,27319
20210309,7호선,상봉,16941,15599,32540
20210309,7호선,중화,11015,10850,21865
20210309,7호선,청담,19772,22131,41903
20210309,7호선,뚝섬유원지,7815,7681,15496
20210309,7호선,건대입구,11484,11989,23473
20210309,7호선,어린이대공원,12254,12244,24498
20210309,7호선,강남구청,16720,18054,34774
20210309,7호선,중곡,9974,9279,19253
20210309,7호선,용마산,6057,5915,11972
20210309,7호선,사가정,16326,16492,32818
20210309,7호선,면목,15869,15651,31520
20210309,7호선,군자,14385,11677,26062
20210310,7호선,가산디지털단지,48087,48783,96870
20210310,7호선,남성,11170,10457,21627
20210310,7호선,숭실대입구,12330,12573,24903
20210310,7호선,상도,10385,10019,20404
20210310,7호선,장승배기,9578,9362,18940
20210310,7호선,신대방삼거리,16245,15654,31899
20210310,7호선,보라매,10033,10038,20071
20210310,7호선,신풍,11795,11419,23214
20210310,7호선,대림,7549,7592,15141
20210310,7호선,남구로,16223,17258,33481
20210310,7호선,철산,21486,21884,43370
20210310,7호선,이수,15504,15108,30612
20210310,7호선,천왕,11575,11068,22643
20210310,7호선,온수,11407,10475,21882
20210310,7호선,까치울,7690,7464,15154
20210310,7호선,부천종합운동장,4626,4075,8701
20210310,7호선,춘의,9757,9560,19317
20210310,7호선,신중동,14460,14398,28858
20210310,7호선,부천시청,12490,12273,24763
20210310,7호선,상동,12386,12846,25232
20210310,7호선,삼산체육관,4971,4474,9445
20210310,7호선,굴포천,8717,9242,17959
20210310,7호선,부평구청,11891,9861,21752
20210310,7호선,광명사거리,22586,22265,44851
20210310,7호선,중곡,10211,9446,19657
20210310,7호선,내방,14610,14922,29532
20210310,7호선,반포,5756,5606,11362
20210310,7호선,장암,2404,965,3369
20210310,7호선,도봉산,9105,10686,19791
20210310,7호선,수락산,12934,12776,25710
20210310,7호선,마들,12460,11994,24454
20210310,7호선,노원,19341,20577,39918
20210310,7호선,중계,14544,13257,27801
20210310,7호선,하계,17821,16997,34818
20210310,7호선,공릉,11896,11848,23744
20210310,7호선,태릉입구,8076,7722,15798
20210310,7호선,먹골,10035,9832,19867
20210310,7호선,중화,11221,11083,22304
20210310,7호선,고속터미널,14087,12518,26605
20210310,7호선,면목,15661,15420,31081
20210310,7호선,사가정,16534,16357,32891
20210310,7호선,용마산,6035,5932,11967
20210310,7호선,군자,14627,11707,26334
20210310,7호선,어린이대공원,12360,12277,24637
20210310,7호선,건대입구,11690,12051,23741
20210310,7호선,뚝섬유원지,8396,8261,16657
20210310,7호선,청담,19941,22035,41976
20210310,7호선,강남구청,16570,17987,34557
20210310,7호선,학동,24728,26545,51273
20210310,7호선,논현,20924,22265,43189
20210310,7호선,상봉,16900,15776,32676
20210311,7호선,대림,7543,7404,14947
20210311,7호선,신풍,11712,11071,22783
20210311,7호선,보라매,9758,9787,19545
20210311,7호선,신대방삼거리,15895,15469,31364
20210311,7호선,이수,15369,15067,30436
20210311,7호선,상도,10303,10084,20387
20210311,7호선,숭실대입구,12289,12553,24842
20210311,7호선,남성,11128,10262,21390
20210311,7호선,남구로,15880,17103,32983
20210311,7호선,장승배기,9596,9286,18882
20210311,7호선,가산디지털단지,47903,48525,96428
20210311,7호선,부천종합운동장,4650,4024,8674
20210311,7호선,광명사거리,22201,21947,44148
20210311,7호선,천왕,11401,10717,22118
20210311,7호선,온수,11212,10268,21480
20210311,7호선,까치울,7597,7247,14844
20210311,7호선,신중동,14200,14103,28303
20210311,7호선,부천시청,12229,12247,24476
20210311,7호선,상동,12269,12719,24988
20210311,7호선,삼산체육관,4965,4489,9454
20210311,7호선,굴포천,8575,9103,17678
20210311,7호선,부평구청,11735,9767,21502
20210311,7호선,내방,14265,14681,28946
20210311,7호선,철산,21049,21339,42388
20210311,7호선,고속터미널,14422,12601,27023
20210311,7호선,반포,5729,5526,11255
20210311,7호선,논현,20542,21966,42508
20210311,7호선,장암,2341,975,3316
20210311,7호선,도봉산,9003,10634,19637
20210311,7호선,수락산,12507,12425,24932
20210311,7호선,마들,12320,11804,24124
20210311,7호선,노원,18668,20016,38684
20210311,7호선,중계,14235,12961,27196
20210311,7호선,하계,17325,16511,33836
20210311,7호선,공릉,11750,11553,23303
20210311,7호선,태릉입구,7981,7429,15410
20210311,7호선,먹골,9881,9550,19431
20210311,7호선,중화,10739,10519,21258
20210311,7호선,춘의,9533,9342,18875
20210311,7호선,면목,15675,15350,31025
20210311,7호선,사가정,16266,16384,32650
20210311,7호선,용마산,6090,5861,11951
20210311,7호선,중곡,9959,9133,19092
20210311,7호선,군자,14571,11727,26298
20210311,7호선,어린이대공원,12229,12272,24501
20210311,7호선,건대입구,11547,11791,23338
20210311,7호선,뚝섬유원지,7930,7809,15739
20210311,7호선,청담,19613,21972,41585
20210311,7호선,강남구청,16333,17888,34221
20210311,7호선,학동,24336,26172,50508
20210311,7호선,상봉,16676,15721,32397
20210312,7호선,대림,7441,7561,15002
20210312,7호선,신풍,11847,11247,23094
20210312,7호선,보라매,9890,9835,19725
20210312,7호선,신대방삼거리,16471,15918,32389
20210312,7호선,이수,16339,15674,32013
20210312,7호선,상도,10672,9974,20646
20210312,7호선,숭실대입구,12581,12511,25092
20210312,7호선,남성,11204,10276,21480
20210312,7호선,남구로,15772,16883,32655
20210312,7호선,장승배기,9673,9227,18900
20210312,7호선,가산디지털단지,47595,47357,94952
20210312,7호선,부천종합운동장,4707,4024,8731
20210312,7호선,광명사거리,22690,22415,45105
20210312,7호선,천왕,11473,10755,22228
20210312,7호선,온수,11241,10160,21401
20210312,7호선,까치울,7596,7513,15109
20210312,7호선,춘의,9637,9406,19043
20210312,7호선,신중동,14625,14707,29332
20210312,7호선,부천시청,12892,12943,25835
20210312,7호선,상동,12832,13459,26291
20210312,7호선,삼산체육관,4872,4416,9288
20210312,7호선,굴포천,8736,9506,18242
20210312,7호선,내방,14557,14843,29400
20210312,7호선,철산,21371,22272,43643
20210312,7호선,고속터미널,16938,13866,30804
20210312,7호선,부평구청,11847,9795,21642
20210312,7호선,논현,20860,22667,43527
20210312,7호선,장암,2322,953,3275
20210312,7호선,도봉산,8859,10088,18947
20210312,7호선,수락산,12639,12256,24895
20210312,7호선,마들,12533,11786,24319
20210312,7호선,노원,19902,21137,41039
20210312,7호선,중계,14323,12602,26925
20210312,7호선,하계,17405,16205,33610
20210312,7호선,공릉,12233,12121,24354
20210312,7호선,태릉입구,8197,7718,15915
20210312,7호선,먹골,10172,10048,20220
20210312,7호선,중화,11205,11106,22311
20210312,7호선,반포,5991,5693,11684
20210312,7호선,면목,15932,15275,31207
20210312,7호선,사가정,16739,16913,33652
20210312,7호선,용마산,6202,6281,12483
20210312,7호선,중곡,10085,9570,19655
20210312,7호선,군자,15221,12203,27424
20210312,7호선,어린이대공원,12605,12368,24973
20210312,7호선,건대입구,12269,12751,25020
20210312,7호선,뚝섬유원지,7636,7412,15048
20210312,7호선,청담,19812,22122,41934
20210312,7호선,강남구청,16588,18464,35052
20210312,7호선,학동,24305,26254,50559
20210312,7호선,상봉,17224,16084,33308
20210313,7호선,대림,6419,6956,13375
20210313,7호선,신풍,7829,7474,15303
20210313,7호선,보라매,5850,5551,11401
20210313,7호선,신대방삼거리,10651,10087,20738
20210313,7호선,이수,11892,11142,23034
20210313,7호선,상도,7080,6740,13820
20210313,7호선,숭실대입구,7764,7865,15629
20210313,7호선,남성,7247,6760,14007
20210313,7호선,남구로,8154,8343,16497
20210313,7호선,장승배기,6569,6198,12767
20210313,7호선,가산디지털단지,14992,13842,28834
20210313,7호선,부천종합운동장,3417,3148,6565
20210313,7호선,광명사거리,16839,16729,33568
20210313,7호선,천왕,6504,6235,12739
20210313,7호선,온수,5633,5549,11182
20210313,7호선,까치울,5157,5092,10249
20210313,7호선,춘의,5029,4708,9737
20210313,7호선,신중동,9309,9239,18548
20210313,7호선,부천시청,9113,8912,18025
20210313,7호선,상동,9418,9661,19079
20210313,7호선,삼산체육관,3115,2946,6061
20210313,7호선,굴포천,5977,6258,12235
20210313,7호선,내방,7868,7723,15591
20210313,7호선,철산,14676,14887,29563
20210313,7호선,고속터미널,12568,10210,22778
20210313,7호선,부평구청,6775,5896,12671
20210313,7호선,논현,11567,12262,23829
20210313,7호선,장암,1719,1298,3017
20210313,7호선,도봉산,6394,9179,15573
20210313,7호선,수락산,10305,10088,20393
20210313,7호선,마들,8327,7806,16133
20210313,7호선,노원,15096,15765,30861
20210313,7호선,중계,8946,7899,16845
20210313,7호선,하계,11838,10955,22793
20210313,7호선,공릉,8388,8282,16670
20210313,7호선,태릉입구,6201,5487,11688
20210313,7호선,먹골,7598,7522,15120
20210313,7호선,중화,7838,7432,15270
20210313,7호선,반포,4314,4071,8385
20210313,7호선,면목,10846,10704,21550
20210313,7호선,사가정,12479,11828,24307
20210313,7호선,용마산,4490,4628,9118
20210313,7호선,중곡,6488,6106,12594
20210313,7호선,군자,10218,7706,17924
20210313,7호선,어린이대공원,8328,7813,16141
20210313,7호선,건대입구,10390,10754,21144
20210313,7호선,뚝섬유원지,9268,8886,18154
20210313,7호선,청담,11265,12147,23412
20210313,7호선,강남구청,9483,10297,19780
20210313,7호선,학동,10053,10928,20981
20210313,7호선,상봉,12968,12322,25290
20210314,7호선,중곡,4766,4565,9331
20210314,7호선,군자,7053,5616,12669
20210314,7호선,어린이대공원,6577,6429,13006
20210314,7호선,건대입구,7299,7370,14669
20210314,7호선,논현,6004,6427,12431
20210314,7호선,청담,6357,6724,13081
20210314,7호선,강남구청,5063,5496,10559
20210314,7호선,학동,5351,5756,11107
20210314,7호선,용마산,3020,3569,6589
20210314,7호선,뚝섬유원지,7415,6921,14336
20210314,7호선,사가정,8783,8515,17298
20210314,7호선,공릉,5954,6223,12177
20210314,7호선,상봉,8711,7915,16626
20210314,7호선,중화,5565,5301,10866
20210314,7호선,먹골,5139,4942,10081
20210314,7호선,태릉입구,4423,4069,8492
20210314,7호선,하계,8239,7837,16076
20210314,7호선,중계,6204,5680,11884
20210314,7호선,노원,10123,10191,20314
20210314,7호선,마들,5316,5050,10366
20210314,7호선,수락산,8151,8210,16361
20210314,7호선,도봉산,4904,7384,12288
20210314,7호선,반포,2588,2621,5209
20210314,7호선,면목,7482,7500,14982
20210314,7호선,장암,1481,1005,2486
20210314,7호선,고속터미널,10770,7319,18089
20210314,7호선,이수,7592,7145,14737
20210314,7호선,내방,4692,4972,9664
20210314,7호선,부평구청,4648,4108,8756
20210314,7호선,굴포천,4071,4106,8177
20210314,7호선,삼산체육관,2214,2056,4270
20210314,7호선,상동,6465,6051,12516
20210314,7호선,부천시청,6206,6101,12307
20210314,7호선,신중동,6245,6092,12337
20210314,7호선,부천종합운동장,2932,2545,5477
20210314,7호선,까치울,3699,3589,7288
20210314,7호선,온수,3601,3666,7267
20210314,7호선,천왕,4550,4333,8883
20210314,7호선,춘의,3197,3042,6239
20210314,7호선,철산,9618,9621,19239
20210314,7호선,광명사거리,11421,11198,22619
20210314,7호선,숭실대입구,5312,5804,11116
20210314,7호선,상도,4852,4869,9721
20210314,7호선,장승배기,4759,4562,9321
20210314,7호선,신대방삼거리,7299,7235,14534
20210314,7호선,남성,4900,4945,9845
20210314,7호선,신풍,5535,5205,10740
20210314,7호선,대림,5977,5738,11715
20210314,7호선,남구로,6239,6096,12335
20210314,7호선,가산디지털단지,10600,9961,20561
20210314,7호선,보라매,3805,3825,7630
20210315,7호선,남구로,16198,17090,33288
20210315,7호선,이수,14922,14658,29580
20210315,7호선,남성,11017,10287,21304
20210315,7호선,숭실대입구,12212,12605,24817
20210315,7호선,상도,10025,9827,19852
20210315,7호선,장승배기,9534,9210,18744
20210315,7호선,신대방삼거리,15806,15473,31279
20210315,7호선,보라매,9742,9713,19455
20210315,7호선,신풍,11719,11084,22803
20210315,7호선,대림,7746,7626,15372
20210315,7호선,가산디지털단지,47815,48037,95852
20210315,7호선,내방,14318,14566,28884
20210315,7호선,광명사거리,22108,21647,43755
20210315,7호선,천왕,11432,10958,22390
20210315,7호선,온수,11140,10160,21300
20210315,7호선,까치울,7384,7225,14609
20210315,7호선,부천종합운동장,4828,4254,9082
20210315,7호선,춘의,9481,9362,18843
20210315,7호선,신중동,14050,13908,27958
20210315,7호선,부천시청,11498,11390,22888
20210315,7호선,상동,12187,12510,24697
20210315,7호선,삼산체육관,4834,4451,9285
20210315,7호선,굴포천,8441,9060,17501
20210315,7호선,철산,21062,21418,42480
20210315,7호선,고속터미널,14737,12357,27094
20210315,7호선,부평구청,11680,9477,21157
20210315,7호선,논현,20525,21773,42298
20210315,7호선,장암,2349,900,3249
20210315,7호선,도봉산,9000,10479,19479
20210315,7호선,수락산,12446,12198,24644
20210315,7호선,마들,12245,11728,23973
20210315,7호선,노원,19048,20309,39357
20210315,7호선,중계,14152,12984,27136
20210315,7호선,하계,17360,16601,33961
20210315,7호선,공릉,11668,11717,23385
20210315,7호선,태릉입구,7879,7492,15371
20210315,7호선,먹골,9817,9551,19368
20210315,7호선,중화,10662,10614,21276
20210315,7호선,반포,5618,5510,11128
20210315,7호선,면목,15239,15089,30328
20210315,7호선,학동,24231,25822,50053
20210315,7호선,강남구청,15822,17364,33186
20210315,7호선,청담,19389,21467,40856
20210315,7호선,뚝섬유원지,7469,7401,14870
20210315,7호선,건대입구,11174,11754,22928
20210315,7호선,상봉,16433,15482,31915
20210315,7호선,군자,14446,11544,25990
20210315,7호선,중곡,9961,9196,19157
20210315,7호선,용마산,5998,5841,11839
20210315,7호선,사가정,16077,16125,32202
20210315,7호선,어린이대공원,12160,12261,24421
20210316,7호선,남구로,16172,17121,33293
20210316,7호선,이수,15362,14883,30245
20210316,7호선,남성,11092,10356,21448
20210316,7호선,숭실대입구,12406,12558,24964
20210316,7호선,상도,10347,10140,20487
20210316,7호선,장승배기,9629,9415,19044
20210316,7호선,신대방삼거리,16168,15799,31967
20210316,7호선,보라매,9841,9846,19687
20210316,7호선,신풍,11671,11220,22891
20210316,7호선,대림,7534,7517,15051
20210316,7호선,가산디지털단지,48278,48390,96668
20210316,7호선,부천종합운동장,4799,4236,9035
20210316,7호선,광명사거리,22460,22016,44476
20210316,7호선,천왕,11539,10838,22377
20210316,7호선,온수,11285,10337,21622
20210316,7호선,까치울,7519,7176,14695
20210316,7호선,내방,14387,14723,29110
20210316,7호선,춘의,9738,9594,19332
20210316,7호선,신중동,14301,14178,28479
20210316,7호선,부천시청,12436,12309,24745
20210316,7호선,상동,12413,12804,25217
20210316,7호선,삼산체육관,4907,4486,9393
20210316,7호선,굴포천,8534,9090,17624
20210316,7호선,철산,21303,21864,43167
20210316,7호선,고속터미널,14416,12690,27106
20210316,7호선,부평구청,11894,9801,21695
20210316,7호선,논현,20699,22283,42982
20210316,7호선,장암,2315,960,3275
20210316,7호선,도봉산,9278,10864,20142
20210316,7호선,수락산,12660,12520,25180
20210316,7호선,마들,12317,11754,24071
20210316,7호선,노원,19027,20206,39233
20210316,7호선,중계,14367,13106,27473
20210316,7호선,하계,17291,16458,33749
20210316,7호선,공릉,11817,11715,23532
20210316,7호선,태릉입구,7996,7682,15678
20210316,7호선,먹골,9839,9703,19542
20210316,7호선,중화,11079,10966,22045
20210316,7호선,반포,5710,5482,11192
20210316,7호선,면목,15693,15423,31116
20210316,7호선,사가정,16273,16339,32612
20210316,7호선,용마산,6022,5853,11875
20210316,7호선,중곡,9980,9251,19231
20210316,7호선,군자,14454,11671,26125
20210316,7호선,어린이대공원,12466,12407,24873
20210316,7호선,건대입구,11281,11741,23022
20210316,7호선,뚝섬유원지,7603,7480,15083
20210316,7호선,청담,19774,22133,41907
20210316,7호선,강남구청,16519,18218,34737
20210316,7호선,학동,24684,26391,51075
20210316,7호선,상봉,16971,15840,32811
20210317,7호선,대림,7485,7454,14939
20210317,7호선,신풍,11861,11330,23191
20210317,7호선,보라매,10070,9908,19978
20210317,7호선,신대방삼거리,16236,15814,32050
20210317,7호선,이수,15523,15265,30788
20210317,7호선,상도,10399,10089,20488
20210317,7호선,숭실대입구,12503,12879,25382
20210317,7호선,남성,11104,10438,21542
20210317,7호선,남구로,16174,17287,33461
20210317,7호선,장승배기,9639,9489,19128
20210317,7호선,가산디지털단지,47851,48403,96254
20210317,7호선,부천종합운동장,4858,4248,9106
20210317,7호선,광명사거리,22370,22033,44403
20210317,7호선,천왕,11713,11022,22735
20210317,7호선,온수,11298,10423,21721
20210317,7호선,까치울,7696,7394,15090
20210317,7호선,춘의,9749,9625,19374
20210317,7호선,신중동,14486,14157,28643
20210317,7호선,부천시청,12639,12507,25146
20210317,7호선,상동,12623,12975,25598
20210317,7호선,삼산체육관,5058,4546,9604
20210317,7호선,굴포천,8435,9115,17550
20210317,7호선,내방,14467,14906,29373
20210317,7호선,철산,21456,22026,43482
20210317,7호선,부평구청,11871,9929,21800
20210317,7호선,고속터미널,14313,12627,26940
20210317,7호선,논현,20897,22176,43073
20210317,7호선,반포,5774,5697,11471
20210317,7호선,수락산,12747,12702,25449
20210317,7호선,장암,2495,1029,3524
20210317,7호선,도봉산,9300,11008,20308
20210317,7호선,마들,12553,11943,24496
20210317,7호선,노원,19258,20505,39763
20210317,7호선,중계,14505,13089,27594
20210317,7호선,공릉,11922,11855,23777
20210317,7호선,태릉입구,8314,7763,16077
20210317,7호선,먹골,10066,9812,19878
20210317,7호선,중화,11084,10922,22006
20210317,7호선,하계,17887,17267,35154
20210317,7호선,면목,15718,15322,31040
20210317,7호선,상봉,17084,15884,32968
20210317,7호선,강남구청,16706,18366,35072
20210317,7호선,청담,20192,22350,42542
20210317,7호선,뚝섬유원지,8455,8212,16667
20210317,7호선,건대입구,11470,11844,23314
20210317,7호선,학동,24684,26456,51140
20210317,7호선,군자,14685,11874,26559
20210317,7호선,중곡,10130,9395,19525
20210317,7호선,용마산,6151,5891,12042
20210317,7호선,사가정,16635,16636,33271
20210317,7호선,어린이대공원,12521,12713,25234
20210318,7호선,논현,20765,22282,43047
20210318,7호선,용마산,6156,6004,12160
20210318,7호선,학동,24582,26591,51173
20210318,7호선,강남구청,16612,18467,35079
20210318,7호선,청담,19872,22303,42175
20210318,7호선,뚝섬유원지,8430,8266,16696
20210318,7호선,건대입구,11533,12125,23658
20210318,7호선,어린이대공원,12764,12490,25254
20210318,7호선,군자,14530,11532,26062
20210318,7호선,중곡,10038,9299,19337
20210318,7호선,사가정,16583,16226,32809
20210318,7호선,공릉,11874,11823,23697
20210318,7호선,상봉,17109,16065,33174
20210318,7호선,중화,11006,10748,21754
20210318,7호선,먹골,9868,9514,19382
20210318,7호선,태릉입구,8197,7599,15796
20210318,7호선,하계,17470,16518,33988
20210318,7호선,중계,14291,13023,27314
20210318,7호선,노원,18865,20230,39095
20210318,7호선,마들,12493,12011,24504
20210318,7호선,수락산,12790,12741,25531
20210318,7호선,도봉산,9384,10898,20282
20210318,7호선,장암,2491,909,3400
20210318,7호선,면목,15724,15366,31090
20210318,7호선,고속터미널,14692,12755,27447
20210318,7호선,내방,14426,14788,29214
20210318,7호선,남성,11287,10305,21592
20210318,7호선,반포,5840,5576,11416
20210318,7호선,부평구청,11722,9868,21590
20210318,7호선,굴포천,8574,9162,17736
20210318,7호선,삼산체육관,4938,4464,9402
20210318,7호선,상동,12477,12796,25273
20210318,7호선,부천시청,12436,12394,24830
20210318,7호선,신중동,14384,14116,28500
20210318,7호선,춘의,9685,9543,19228
20210318,7호선,부천종합운동장,4920,4291,9211
20210318,7호선,까치울,7695,7436,15131
20210318,7호선,온수,10818,9880,20698
20210318,7호선,이수,15638,15071,30709
20210318,7호선,광명사거리,22277,22054,44331
20210318,7호선,철산,21240,21723,42963
20210318,7호선,가산디지털단지,47823,48369,96192
20210318,7호선,남구로,15954,16993,32947
20210318,7호선,대림,7354,7258,14612
20210318,7호선,신풍,11699,11153,22852
20210318,7호선,보라매,9936,9920,19856
20210318,7호선,신대방삼거리,16360,15740,32100
20210318,7호선,장승배기,9768,9477,19245
20210318,7호선,상도,10438,10121,20559
20210318,7호선,숭실대입구,12703,12959,25662
20210318,7호선,천왕,11447,10864,22311
20210319,7호선,대림,7679,7800,15479
20210319,7호선,신풍,11939,11355,23294
20210319,7호선,보라매,10051,9685,19736
20210319,7호선,신대방삼거리,16708,16070,32778
20210319,7호선,이수,16425,15879,32304
20210319,7호선,상도,10799,10321,21120
20210319,7호선,숭실대입구,13029,13045,26074
20210319,7호선,남성,11492,10348,21840
20210319,7호선,남구로,15874,17073,32947
20210319,7호선,장승배기,10049,9602,19651
20210319,7호선,가산디지털단지,47413,47447,94860
20210319,7호선,부천종합운동장,5054,4496,9550
20210319,7호선,광명사거리,23444,22821,46265
20210319,7호선,천왕,11618,10993,22611
20210319,7호선,온수,11358,10293,21651
20210319,7호선,까치울,7990,7577,15567
20210319,7호선,춘의,9683,9466,19149
20210319,7호선,신중동,14832,14866,29698
20210319,7호선,부천시청,13003,12893,25896
20210319,7호선,상동,13057,13783,26840
20210319,7호선,삼산체육관,5261,4728,9989
20210319,7호선,굴포천,8856,9472,18328
20210319,7호선,내방,14767,14983,29750
20210319,7호선,철산,22138,23038,45176
20210319,7호선,고속터미널,17043,14132,31175
20210319,7호선,부평구청,11952,9831,21783
20210319,7호선,논현,21436,23181,44617
20210319,7호선,장암,2440,1027,3467
20210319,7호선,도봉산,9500,10969,20469
20210319,7호선,수락산,12881,12787,25668
20210319,7호선,마들,12763,12110,24873
20210319,7호선,노원,20362,22127,42489
20210319,7호선,중계,14846,13072,27918
20210319,7호선,하계,18120,16901,35021
20210319,7호선,공릉,12494,12328,24822
20210319,7호선,태릉입구,8514,7970,16484
20210319,7호선,먹골,10252,10074,20326
20210319,7호선,중화,11379,10960,22339
20210319,7호선,반포,6092,5688,11780
20210319,7호선,면목,16199,15800,31999
20210319,7호선,사가정,17025,16959,33984
20210319,7호선,용마산,6309,6010,12319
20210319,7호선,중곡,10318,9534,19852
20210319,7호선,군자,15051,11962,27013
20210319,7호선,어린이대공원,13024,12825,25849
20210319,7호선,건대입구,12537,13199,25736
20210319,7호선,뚝섬유원지,10959,10624,21583
20210319,7호선,청담,19885,22282,42167
20210319,7호선,강남구청,17025,18605,35630
20210319,7호선,학동,24158,26253,50411
20210319,7호선,상봉,17800,16752,34552
20210320,7호선,대림,6334,6789,13123
20210320,7호선,신풍,7374,7144,14518
20210320,7호선,보라매,5345,5155,10500
20210320,7호선,신대방삼거리,10127,9486,19613
20210320,7호선,이수,11122,10472,21594
20210320,7호선,상도,6577,6209,12786
20210320,7호선,숭실대입구,7472,7262,14734
20210320,7호선,남성,7125,6676,13801
20210320,7호선,남구로,8032,8545,16577
20210320,7호선,장승배기,6438,6124,12562
20210320,7호선,가산디지털단지,13763,12694,26457
20210320,7호선,부천종합운동장,3324,2827,6151
20210320,7호선,광명사거리,15160,15036,30196
20210320,7호선,천왕,6092,5647,11739
20210320,7호선,온수,5153,5119,10272
20210320,7호선,까치울,4745,4691,9436
20210320,7호선,춘의,4704,4583,9287
20210320,7호선,신중동,8880,8787,17667
20210320,7호선,부천시청,8291,8068,16359
20210320,7호선,상동,9012,9329,18341
20210320,7호선,삼산체육관,2817,2653,5470
20210320,7호선,굴포천,5749,5949,11698
20210320,7호선,내방,7454,7417,14871
20210320,7호선,철산,13598,13798,27396
20210320,7호선,부평구청,6248,5591,11839
20210320,7호선,고속터미널,12287,9563,21850
20210320,7호선,논현,10698,11563,22261
20210320,7호선,반포,4015,3806,7821
20210320,7호선,장암,1226,725,1951
20210320,7호선,도봉산,5022,6792,11814
20210320,7호선,수락산,8796,8756,17552
20210320,7호선,마들,7853,7409,15262
20210320,7호선,노원,14491,14754,29245
20210320,7호선,중계,8279,7418,15697
20210320,7호선,공릉,7980,7890,15870
20210320,7호선,태릉입구,5812,5217,11029
20210320,7호선,먹골,7363,7293,14656
20210320,7호선,중화,7193,6819,14012
20210320,7호선,하계,10956,10258,21214
20210320,7호선,면목,10048,9951,19999
20210320,7호선,상봉,12126,11525,23651
20210320,7호선,강남구청,9645,10500,20145
20210320,7호선,청담,10840,11524,22364
20210320,7호선,뚝섬유원지,5011,4829,9840
20210320,7호선,건대입구,9586,9621,19207
20210320,7호선,학동,10479,11192,21671
20210320,7호선,군자,9827,7390,17217
20210320,7호선,중곡,6097,5677,11774
20210320,7호선,용마산,4145,4024,8169
20210320,7호선,사가정,11180,10917,22097
20210320,7호선,어린이대공원,7531,7102,14633
20210321,7호선,남구로,6492,6302,12794
20210321,7호선,이수,7925,7546,15471
20210321,7호선,남성,5028,5182,10210
20210321,7호선,숭실대입구,5453,5836,11289
20210321,7호선,상도,4822,4876,9698
20210321,7호선,장승배기,4631,4625,9256
20210321,7호선,신대방삼거리,7182,7204,14386
20210321,7호선,보라매,3842,3878,7720
20210321,7호선,신풍,5550,5193,10743
20210321,7호선,대림,6418,5843,12261
20210321,7호선,가산디지털단지,10586,9807,20393
20210321,7호선,내방,4757,4964,9721
20210321,7호선,광명사거리,11667,11498,23165
20210321,7호선,천왕,4525,4332,8857
20210321,7호선,온수,3657,3702,7359
20210321,7호선,까치울,3950,3762,7712
20210321,7호선,부천종합운동장,2861,2622,5483
20210321,7호선,춘의,3183,2994,6177
20210321,7호선,신중동,6314,6237,12551
20210321,7호선,부천시청,6451,6227,12678
20210321,7호선,상동,6804,6562,13366
20210321,7호선,삼산체육관,2178,2156,4334
20210321,7호선,굴포천,4308,4260,8568
20210321,7호선,철산,9804,9813,19617
20210321,7호선,고속터미널,11170,7381,18551
20210321,7호선,부평구청,4769,4220,8989
20210321,7호선,논현,5990,6558,12548
20210321,7호선,장암,1312,1001,2313
20210321,7호선,도봉산,4876,7440,12316
20210321,7호선,수락산,8199,7991,16190
20210321,7호선,마들,5449,5115,10564
20210321,7호선,노원,10188,10057,20245
20210321,7호선,중계,6242,5712,11954
20210321,7호선,하계,8356,7906,16262
20210321,7호선,공릉,6141,6286,12427
20210321,7호선,태릉입구,4328,4009,8337
20210321,7호선,먹골,5150,5124,10274
20210321,7호선,중화,5334,5285,10619
20210321,7호선,반포,2680,2693,5373
20210321,7호선,면목,7392,7475,14867
20210321,7호선,학동,5737,6184,11921
20210321,7호선,강남구청,5582,5967,11549
20210321,7호선,청담,6680,7130,13810
20210321,7호선,뚝섬유원지,5935,5574,11509
20210321,7호선,건대입구,8118,8187,16305
20210321,7호선,상봉,9165,8418,17583
20210321,7호선,군자,7167,5626,12793
20210321,7호선,중곡,4730,4637,9367
20210321,7호선,용마산,3012,3566,6578
20210321,7호선,사가정,8757,8397,17154
20210321,7호선,어린이대공원,7937,7761,15698
20210322,7호선,가산디지털단지,47851,48068,95919
20210322,7호선,이수,14929,14454,29383
20210322,7호선,남성,11112,10441,21553
20210322,7호선,숭실대입구,12155,12476,24631
20210322,7호선,상도,10130,10014,20144
20210322,7호선,신대방삼거리,16161,15839,32000
20210322,7호선,보라매,9776,9774,19550
20210322,7호선,신풍,11616,11066,22682
20210322,7호선,대림,7732,7576,15308
20210322,7호선,남구로,16414,17372,33786
20210322,7호선,철산,21061,21328,42389
20210322,7호선,춘의,9707,9390,19097
20210322,7호선,천왕,11459,10952,22411
20210322,7호선,온수,11249,10374,21623
20210322,7호선,까치울,7590,7259,14849
20210322,7호선,부천종합운동장,5001,4495,9496
20210322,7호선,내방,14130,14475,28605
20210322,7호선,신중동,13964,13956,27920
20210322,7호선,부천시청,12123,11942,24065
20210322,7호선,상동,12111,12520,24631
20210322,7호선,삼산체육관,4933,4398,9331
20210322,7호선,굴포천,8405,9003,17408
20210322,7호선,부평구청,11857,9743,21600
20210322,7호선,광명사거리,22103,21676,43779
20210322,7호선,고속터미널,14987,12620,27607
20210322,7호선,장승배기,9498,9380,18878
20210322,7호선,논현,20685,22132,42817
20210322,7호선,반포,5575,5500,11075
20210322,7호선,도봉산,9333,10831,20164
20210322,7호선,수락산,12559,12403,24962
20210322,7호선,마들,12236,11729,23965
20210322,7호선,노원,19154,20462,39616
20210322,7호선,중계,14210,13148,27358
20210322,7호선,하계,17332,16571,33903
20210322,7호선,공릉,11773,11725,23498
20210322,7호선,태릉입구,8042,7483,15525
20210322,7호선,먹골,10005,9713,19718
20210322,7호선,중화,10993,10807,21800
20210322,7호선,상봉,16761,15778,32539
20210322,7호선,장암,2355,905,3260
20210322,7호선,사가정,16134,16170,32304
20210322,7호선,면목,15609,15478,31087
20210322,7호선,강남구청,16102,17573,33675
20210322,7호선,청담,19527,21654,41181
20210322,7호선,뚝섬유원지,7566,7510,15076
20210322,7호선,학동,24388,25994,50382
20210322,7호선,어린이대공원,12405,12333,24738
20210322,7호선,군자,14269,11537,25806
20210322,7호선,중곡,9900,9215,19115
20210322,7호선,용마산,6035,5847,11882
20210322,7호선,건대입구,11359,11807,23166
20210323,7호선,학동,24991,26719,51710
20210323,7호선,사가정,16581,16628,33209
20210323,7호선,강남구청,16705,18329,35034
20210323,7호선,청담,19981,22475,42456
20210323,7호선,뚝섬유원지,8328,8242,16570
20210323,7호선,건대입구,11673,12195,23868
20210323,7호선,어린이대공원,12742,12737,25479
20210323,7호선,군자,14415,11621,26036
20210323,7호선,중곡,10095,9266,19361
20210323,7호선,용마산,6140,6054,12194
20210323,7호선,면목,15896,15592,31488
20210323,7호선,하계,17582,16844,34426
20210323,7호선,중화,11160,10971,22131
20210323,7호선,먹골,10181,9912,20093
20210323,7호선,태릉입구,8245,7749,15994
20210323,7호선,공릉,12000,11927,23927
20210323,7호선,중계,14360,13273,27633
20210323,7호선,노원,19209,20148,39357
20210323,7호선,마들,12300,11840,24140
20210323,7호선,수락산,12910,12732,25642
20210323,7호선,도봉산,9601,11223,20824
20210323,7호선,장암,2326,887,3213
20210323,7호선,논현,21080,22689,43769
20210323,7호선,상봉,17009,15818,32827
20210323,7호선,반포,5706,5511,11217
20210323,7호선,신중동,14470,14212,28682
20210323,7호선,내방,14818,15218,30036
20210323,7호선,고속터미널,14417,12752,27169
20210323,7호선,굴포천,8611,9247,17858
20210323,7호선,삼산체육관,5034,4575,9609
20210323,7호선,상동,12489,12836,25325
20210323,7호선,부천시청,12313,12251,24564
20210323,7호선,춘의,9817,9618,19435
20210323,7호선,부천종합운동장,5379,4933,10312
20210323,7호선,까치울,7846,7412,15258
20210323,7호선,온수,11466,10482,21948
20210323,7호선,천왕,11461,10928,22389
20210323,7호선,광명사거리,22198,21979,44177
20210323,7호선,부평구청,11965,10009,21974
20210323,7호선,가산디지털단지,48359,48694,97053
20210323,7호선,철산,21390,21901,43291
20210323,7호선,남성,11298,10495,21793
20210323,7호선,숭실대입구,12404,12689,25093
20210323,7호선,상도,10376,10280,20656
20210323,7호선,장승배기,9752,9645,19397
20210323,7호선,이수,15517,15001,30518
20210323,7호선,신대방삼거리,16305,15850,32155
20210323,7호선,보라매,9952,9922,19874
20210323,7호선,신풍,11911,11457,23368
20210323,7호선,대림,7509,7463,14972
20210323,7호선,남구로,16183,17093,33276
20210324,7호선,가산디지털단지,47879,48278,96157
20210324,7호선,뚝섬유원지,8598,8497,17095
20210324,7호선,건대입구,11759,12072,23831
20210324,7호선,부평구청,11867,9996,21863
20210324,7호선,군자,14707,11889,26596
20210324,7호선,중곡,10179,9345,19524
20210324,7호선,용마산,6207,5991,12198
20210324,7호선,사가정,16675,16543,33218
20210324,7호선,면목,15759,15531,31290
20210324,7호선,청담,20099,22340,42439
20210324,7호선,철산,21725,22167,43892
20210324,7호선,춘의,9883,9752,19635
20210324,7호선,천왕,11665,11012,22677
20210324,7호선,온수,11473,10542,22015
20210324,7호선,까치울,7996,7697,15693
20210324,7호선,부천종합운동장,5018,4491,9509
20210324,7호선,신중동,14568,14414,28982
20210324,7호선,부천시청,12591,12366,24957
20210324,7호선,상동,12647,13024,25671
20210324,7호선,삼산체육관,5031,4536,9567
20210324,7호선,굴포천,8789,9310,18099
20210324,7호선,강남구청,16702,18273,34975
20210324,7호선,광명사거리,22385,22083,44468
20210324,7호선,학동,24945,26695,51640
20210324,7호선,어린이대공원,12628,12483,25111
20210324,7호선,논현,21018,22517,43535
20210324,7호선,남구로,16322,17285,33607
20210324,7호선,대림,7515,7512,15027
20210324,7호선,신풍,11817,11284,23101
20210324,7호선,보라매,10070,10029,20099
20210324,7호선,상봉,17237,15930,33167
20210324,7호선,중화,11293,11050,22343
20210324,7호선,먹골,10009,9885,19894
20210324,7호선,태릉입구,8435,7792,16227
20210324,7호선,공릉,11949,12062,24011
20210324,7호선,하계,18354,17391,35745
20210324,7호선,중계,14567,13409,27976
20210324,7호선,노원,19017,20206,39223
20210324,7호선,반포,5747,5641,11388
20210324,7호선,수락산,13021,12860,25881
20210324,7호선,도봉산,9419,11084,20503
20210324,7호선,장암,2292,952,3244
20210324,7호선,신대방삼거리,16360,15809,32169
20210324,7호선,장승배기,9755,9491,19246
20210324,7호선,상도,10501,10165,20666
20210324,7호선,숭실대입구,12512,12679,25191
20210324,7호선,남성,11298,10509,21807
20210324,7호선,이수,15556,15218,30774
20210324,7호선,내방,14526,14962,29488
20210324,7호선,고속터미널,14312,12613,26925
20210324,7호선,마들,12472,11914,24386
20210325,7호선,중곡,10119,9346,19465
20210325,7호선,군자,14901,12028,26929
20210325,7호선,어린이대공원,12922,12940,25862
20210325,7호선,건대입구,11807,12349,24156
20210325,7호선,논현,20766,22543,43309
20210325,7호선,청담,19794,22239,42033
20210325,7호선,강남구청,16563,18251,34814
20210325,7호선,학동,24573,26498,51071
20210325,7호선,용마산,6209,6033,12242
20210325,7호선,뚝섬유원지,9222,9093,18315
20210325,7호선,사가정,16763,16674,33437
20210325,7호선,공릉,12168,11964,24132
20210325,7호선,상봉,17254,16088,33342
20210325,7호선,중화,11128,10890,22018
20210325,7호선,먹골,10204,9930,20134
20210325,7호선,태릉입구,8301,7718,16019
20210325,7호선,하계,17778,16975,34753
20210325,7호선,중계,14481,13164,27645
20210325,7호선,노원,19158,20462,39620
20210325,7호선,마들,12601,12135,24736
20210325,7호선,수락산,13122,12995,26117
20210325,7호선,도봉산,9501,11428,20929
20210325,7호선,반포,5837,5642,11479
20210325,7호선,면목,16040,15772,31812
20210325,7호선,고속터미널,15072,12917,27989
20210325,7호선,장암,2480,1012,3492
20210325,7호선,이수,15618,15143,30761
20210325,7호선,부평구청,11782,9925,21707
20210325,7호선,굴포천,8776,9278,18054
20210325,7호선,삼산체육관,5094,4629,9723
20210325,7호선,상동,12556,13082,25638
20210325,7호선,부천시청,12319,12225,24544
20210325,7호선,신중동,14451,14154,28605
20210325,7호선,춘의,9742,9653,19395
20210325,7호선,부천종합운동장,5048,4699,9747
20210325,7호선,까치울,7881,7568,15449
20210325,7호선,온수,11520,10454,21974
20210325,7호선,천왕,11573,11016,22589
20210325,7호선,내방,14361,14812,29173
20210325,7호선,철산,21666,21904,43570
20210325,7호선,가산디지털단지,48002,48459,96461
20210325,7호선,남구로,16011,17151,33162
20210325,7호선,대림,7428,7525,14953
20210325,7호선,신풍,11921,11416,23337
20210325,7호선,보라매,10028,10016,20044
20210325,7호선,신대방삼거리,16473,15915,32388
20210325,7호선,장승배기,9958,9553,19511
20210325,7호선,상도,10425,10194,20619
20210325,7호선,숭실대입구,12705,12918,25623
20210325,7호선,남성,11397,10524,21921
20210325,7호선,광명사거리,22475,22128,44603
20210326,7호선,중곡,10225,9422,19647
20210326,7호선,군자,15353,12145,27498
20210326,7호선,어린이대공원,13207,12983,26190
20210326,7호선,건대입구,12738,13270,26008
20210326,7호선,논현,21418,23314,44732
20210326,7호선,청담,20135,22553,42688
20210326,7호선,강남구청,17042,18799,35841
20210326,7호선,학동,24381,26131,50512
20210326,7호선,용마산,6315,6099,12414
20210326,7호선,뚝섬유원지,11118,11028,22146
20210326,7호선,사가정,17141,16927,34068
20210326,7호선,공릉,12598,12288,24886
20210326,7호선,상봉,18065,17131,35196
20210326,7호선,중화,11464,11165,22629
20210326,7호선,먹골,10336,10100,20436
20210326,7호선,태릉입구,8657,7990,16647
20210326,7호선,하계,18166,16949,35115
20210326,7호선,중계,14737,13174,27911
20210326,7호선,노원,20302,21940,42242
20210326,7호선,마들,12751,12169,24920
20210326,7호선,수락산,13235,13011,26246
20210326,7호선,도봉산,9507,11318,20825
20210326,7호선,반포,6020,5716,11736
20210326,7호선,면목,16311,15836,32147
20210326,7호선,장암,2386,1060,3446
20210326,7호선,고속터미널,17486,14640,32126
20210326,7호선,이수,16552,15928,32480
20210326,7호선,내방,14701,15092,29793
20210326,7호선,부평구청,12077,10080,22157
20210326,7호선,굴포천,8845,9598,18443
20210326,7호선,삼산체육관,5225,4575,9800
20210326,7호선,상동,13038,13791,26829
20210326,7호선,부천시청,12916,13025,25941
20210326,7호선,신중동,14775,15000,29775
20210326,7호선,부천종합운동장,5115,4595,9710
20210326,7호선,까치울,8088,7608,15696
20210326,7호선,온수,11470,10247,21717
20210326,7호선,천왕,11641,10966,22607
20210326,7호선,춘의,9945,9672,19617
20210326,7호선,철산,22263,23080,45343
20210326,7호선,광명사거리,23183,22788,45971
20210326,7호선,숭실대입구,13099,12965,26064
20210326,7호선,상도,10839,10349,21188
20210326,7호선,장승배기,9835,9571,19406
20210326,7호선,신대방삼거리,16713,15939,32652
20210326,7호선,남성,11314,10360,21674
20210326,7호선,신풍,11997,11442,23439
20210326,7호선,대림,7767,8022,15789
20210326,7호선,남구로,16113,17192,33305
20210326,7호선,가산디지털단지,47918,47608,95526
20210326,7호선,보라매,10194,9960,20154
20210327,7호선,용마산,4021,4167,8188
20210327,7호선,논현,10640,11614,22254
20210327,7호선,학동,10261,10761,21022
20210327,7호선,강남구청,9099,9959,19058
20210327,7호선,청담,10845,11737,22582
20210327,7호선,뚝섬유원지,4780,4744,9524
20210327,7호선,건대입구,9965,10132,20097
20210327,7호선,어린이대공원,7996,7645,15641
20210327,7호선,군자,9904,7681,17585
20210327,7호선,중곡,6162,6047,12209
20210327,7호선,사가정,11502,11226,22728
20210327,7호선,장암,1209,810,2019
20210327,7호선,상봉,12321,11648,23969
20210327,7호선,중화,7315,6968,14283
20210327,7호선,먹골,7501,7440,14941
20210327,7호선,태릉입구,5974,5318,11292
20210327,7호선,공릉,8214,8074,16288
20210327,7호선,하계,11482,10766,22248
20210327,7호선,중계,8872,7969,16841
20210327,7호선,노원,14703,14795,29498
20210327,7호선,마들,8055,7745,15800
20210327,7호선,수락산,9182,8963,18145
20210327,7호선,도봉산,5488,7308,12796
20210327,7호선,면목,10360,10316,20676
20210327,7호선,반포,4041,3722,7763
20210327,7호선,고속터미널,12348,9881,22229
20210327,7호선,이수,12201,11498,23699
20210327,7호선,부평구청,6401,5601,12002
20210327,7호선,굴포천,5804,6147,11951
20210327,7호선,삼산체육관,3222,3044,6266
20210327,7호선,상동,9360,9401,18761
20210327,7호선,부천시청,8635,8440,17075
20210327,7호선,신중동,8771,8833,17604
20210327,7호선,춘의,4722,4593,9315
20210327,7호선,부천종합운동장,2982,2712,5694
20210327,7호선,까치울,4721,4723,9444
20210327,7호선,온수,5287,5209,10496
20210327,7호선,천왕,6406,6060,12466
20210327,7호선,내방,7760,7602,15362
20210327,7호선,철산,13598,14005,27603
20210327,7호선,남성,7220,6823,14043
20210327,7호선,숭실대입구,7455,7530,14985
20210327,7호선,상도,6815,6302,13117
20210327,7호선,장승배기,6201,6134,12335
20210327,7호선,신대방삼거리,10416,9721,20137
20210327,7호선,광명사거리,15214,15178,30392
20210327,7호선,신풍,7488,7332,14820
20210327,7호선,대림,6241,6774,13015
20210327,7호선,남구로,7978,8499,16477
20210327,7호선,가산디지털단지,13775,12624,26399
20210327,7호선,보라매,5526,5355,10881
20210328,7호선,용마산,2692,2767,5459
20210328,7호선,논현,5625,6119,11744
20210328,7호선,학동,5430,5848,11278
20210328,7호선,강남구청,4865,5366,10231
20210328,7호선,청담,5954,6286,12240
20210328,7호선,뚝섬유원지,4073,3820,7893
20210328,7호선,건대입구,6240,6593,12833
20210328,7호선,어린이대공원,5896,5909,11805
20210328,7호선,군자,6640,5354,11994
20210328,7호선,중곡,4436,4230,8666
20210328,7호선,사가정,7807,7693,15500
20210328,7호선,공릉,5561,5697,11258
20210328,7호선,상봉,7871,7259,15130
20210328,7호선,중화,4972,5056,10028
20210328,7호선,먹골,4539,4440,8979
20210328,7호선,태릉입구,4039,3757,7796
20210328,7호선,반포,2376,2408,4784
20210328,7호선,하계,7761,7398,15159
20210328,7호선,중계,5768,5334,11102
20210328,7호선,노원,9640,9487,19127
20210328,7호선,마들,4970,4665,9635
20210328,7호선,수락산,6468,6311,12779
20210328,7호선,도봉산,3764,5366,9130
20210328,7호선,면목,7021,7026,14047
20210328,7호선,고속터미널,10736,7150,17886
20210328,7호선,장암,986,624,1610
20210328,7호선,이수,7362,6953,14315
20210328,7호선,부평구청,4373,3868,8241
20210328,7호선,굴포천,3919,3883,7802
20210328,7호선,삼산체육관,2115,1947,4062
20210328,7호선,상동,6009,5870,11879
20210328,7호선,부천시청,5481,5437,10918
20210328,7호선,신중동,5922,5833,11755
20210328,7호선,춘의,2957,2783,5740
20210328,7호선,부천종합운동장,1969,1838,3807
20210328,7호선,까치울,3409,3375,6784
20210328,7호선,온수,3365,3449,6814
20210328,7호선,천왕,4417,4205,8622
20210328,7호선,내방,4582,4743,9325
20210328,7호선,철산,8842,8854,17696
20210328,7호선,가산디지털단지,9754,9103,18857
20210328,7호선,남구로,6028,5842,11870
20210328,7호선,대림,5955,5520,11475
20210328,7호선,신풍,5255,4953,10208
20210328,7호선,보라매,3603,3670,7273
20210328,7호선,신대방삼거리,6568,6693,13261
20210328,7호선,장승배기,4398,4374,8772
20210328,7호선,상도,4644,4661,9305
20210328,7호선,숭실대입구,5003,5395,10398
20210328,7호선,남성,4697,4694,9391
20210328,7호선,광명사거리,10623,10443,21066
20210329,7호선,중곡,9874,9144,19018
20210329,7호선,군자,14375,11624,25999
20210329,7호선,어린이대공원,12446,12539,24985
20210329,7호선,건대입구,11364,12256,23620
20210329,7호선,논현,20629,22169,42798
20210329,7호선,청담,19344,21476,40820
20210329,7호선,강남구청,15809,17521,33330
20210329,7호선,학동,24305,26131,50436
20210329,7호선,용마산,6007,5786,11793
20210329,7호선,뚝섬유원지,7540,7454,14994
20210329,7호선,사가정,16169,16280,32449
20210329,7호선,공릉,11680,11882,23562
20210329,7호선,상봉,17003,15657,32660
20210329,7호선,중화,11075,10806,21881
20210329,7호선,먹골,9835,9559,19394
20210329,7호선,태릉입구,8026,7558,15584
20210329,7호선,하계,17008,16238,33246
20210329,7호선,중계,14266,13054,27320
20210329,7호선,노원,19156,20143,39299
20210329,7호선,마들,12099,11656,23755
20210329,7호선,수락산,12386,12241,24627
20210329,7호선,도봉산,8819,10416,19235
20210329,7호선,반포,5655,5459,11114
20210329,7호선,면목,15705,15310,31015
20210329,7호선,장암,2399,906,3305
20210329,7호선,고속터미널,14893,12603,27496
20210329,7호선,이수,14833,14525,29358
20210329,7호선,내방,14116,14415,28531
20210329,7호선,부천종합운동장,4884,4335,9219
20210329,7호선,부평구청,11826,9802,21628
20210329,7호선,굴포천,8543,9108,17651
20210329,7호선,삼산체육관,4978,4329,9307
20210329,7호선,상동,12197,12492,24689
20210329,7호선,부천시청,12160,12061,24221
20210329,7호선,춘의,9547,9512,19059
20210329,7호선,까치울,7672,7347,15019
20210329,7호선,온수,11099,10288,21387
20210329,7호선,천왕,11425,10820,22245
20210329,7호선,신중동,14198,14027,28225
20210329,7호선,철산,21211,21518,42729
20210329,7호선,광명사거리,22133,21636,43769
20210329,7호선,숭실대입구,12098,12553,24651
20210329,7호선,상도,10072,9822,19894
20210329,7호선,장승배기,9486,9381,18867
20210329,7호선,신대방삼거리,16049,15602,31651
20210329,7호선,남성,11090,10336,21426
20210329,7호선,신풍,11681,11082,22763
20210329,7호선,대림,7724,7597,15321
20210329,7호선,남구로,16458,17415,33873
20210329,7호선,가산디지털단지,47845,48187,96032
20210329,7호선,보라매,9827,9816,19643
20210330,7호선,이수,15150,14827,29977
20210330,7호선,남구로,16294,17329,33623
20210330,7호선,남성,11421,10624,22045
20210330,7호선,숭실대입구,12395,12796,25191
20210330,7호선,상도,10692,10314,21006
20210330,7호선,장승배기,9715,9563,19278
20210330,7호선,신대방삼거리,16354,15842,32196
20210330,7호선,보라매,10114,10005,20119
20210330,7호선,신풍,11821,11343,23164
20210330,7호선,대림,7672,7651,15323
20210330,7호선,가산디지털단지,48485,49051,97536
20210330,7호선,부천종합운동장,4924,4506,9430
20210330,7호선,광명사거리,22479,21951,44430
20210330,7호선,천왕,11566,11023,22589
20210330,7호선,온수,11126,10297,21423
20210330,7호선,까치울,7928,7475,15403
20210330,7호선,춘의,9853,9706,19559
20210330,7호선,신중동,14309,14233,28542
20210330,7호선,부천시청,12297,12179,24476
20210330,7호선,상동,12384,12887,25271
20210330,7호선,삼산체육관,5053,4580,9633
20210330,7호선,굴포천,8638,9203,17841
20210330,7호선,부평구청,11925,9866,21791
20210330,7호선,철산,21755,22008,43763
20210330,7호선,내방,14559,14872,29431
20210330,7호선,고속터미널,14403,13007,27410
20210330,7호선,논현,20841,22401,43242
20210330,7호선,장암,2417,995,3412
20210330,7호선,도봉산,9371,10842,20213
20210330,7호선,수락산,12865,12735,25600
20210330,7호선,마들,12469,11951,24420
20210330,7호선,노원,19113,20356,39469
20210330,7호선,중계,14546,13311,27857
20210330,7호선,하계,17808,16893,34701
20210330,7호선,공릉,11882,11820,23702
20210330,7호선,태릉입구,8399,7888,16287
20210330,7호선,먹골,9897,9768,19665
20210330,7호선,중화,11240,11004,22244
20210330,7호선,반포,5879,5523,11402
20210330,7호선,면목,16030,15721,31751
20210330,7호선,사가정,16488,16520,33008
20210330,7호선,용마산,6163,5968,12131
20210330,7호선,중곡,10145,9318,19463
20210330,7호선,군자,14650,11758,26408
20210330,7호선,어린이대공원,13352,13626,26978
20210330,7호선,건대입구,11526,12074,23600
20210330,7호선,뚝섬유원지,9011,8876,17887
20210330,7호선,청담,19809,22090,41899
20210330,7호선,강남구청,16732,18387,35119
20210330,7호선,학동,25298,26954,52252
20210330,7호선,상봉,17342,16035,33377
20210331,7호선,신풍,11958,11428,23386
20210331,7호선,보라매,10201,10140,20341
20210331,7호선,신대방삼거리,16418,16007,32425
20210331,7호선,장승배기,9824,9584,19408
20210331,7호선,내방,14486,14867,29353
20210331,7호선,숭실대입구,12603,12925,25528
20210331,7호선,남성,11416,10431,21847
20210331,7호선,이수,15395,15118,30513
20210331,7호선,대림,7565,7543,15108
20210331,7호선,상도,10583,10189,20772
20210331,7호선,남구로,16271,17511,33782
20210331,7호선,부천종합운동장,4981,4544,9525
20210331,7호선,철산,22188,22609,44797
20210331,7호선,광명사거리,22783,22204,44987
20210331,7호선,천왕,11742,11146,22888
20210331,7호선,온수,11195,10274,21469
20210331,7호선,신중동,14584,14366,28950
20210331,7호선,부천시청,12572,12536,25108
20210331,7호선,상동,12782,13199,25981
20210331,7호선,삼산체육관,5199,4733,9932
20210331,7호선,굴포천,8765,9248,18013
20210331,7호선,부평구청,12037,9946,21983
20210331,7호선,고속터미널,14611,13022,27633
20210331,7호선,가산디지털단지,48115,48908,97023
20210331,7호선,반포,5882,5716,11598
20210331,7호선,까치울,8077,7601,15678
20210331,7호선,학동,24899,26524,51423
20210331,7호선,춘의,9844,9711,19555
20210331,7호선,장암,2398,985,3383
20210331,7호선,도봉산,9533,11220,20753
20210331,7호선,수락산,13013,12831,25844
20210331,7호선,마들,12673,11862,24535
20210331,7호선,노원,19156,20544,39700
20210331,7호선,중계,14569,13191,27760
20210331,7호선,하계,18495,17503,35998
20210331,7호선,공릉,11906,11949,23855
20210331,7호선,태릉입구,8345,7933,16278
20210331,7호선,먹골,10092,9684,19776
20210331,7호선,논현,20752,22220,42972
20210331,7호선,상봉,17288,16222,33510
20210331,7호선,면목,15849,15442,31291
20210331,7호선,사가정,16609,16401,33010
20210331,7호선,용마산,6145,6069,12214
20210331,7호선,중곡,10183,9420,19603
20210331,7호선,군자,14828,11787,26615
20210331,7호선,어린이대공원,13751,13983,27734
20210331,7호선,건대입구,12022,12497,24519
20210331,7호선,뚝섬유원지,10663,10258,20921
20210331,7호선,청담,19879,22477,42356
20210331,7호선,강남구청,16874,18583,35457
20210331,7호선,중화,11266,11012,22278
20210401,7호선,중곡,10071,9210,19281
20210401,7호선,군자,14853,11787,26640
20210401,7호선,어린이대공원,14357,14720,29077
20210401,7호선,건대입구,11998,12571,24569
20210401,7호선,논현,20633,22320,42953
20210401,7호선,청담,19438,21995,41433
20210401,7호선,강남구청,16711,18299,35010
20210401,7호선,학동,24591,26526,51117
20210401,7호선,용마산,6319,6156,12475
20210401,7호선,뚝섬유원지,11685,11390,23075
20210401,7호선,사가정,16886,16681,33567
20210401,7호선,하계,17914,16850,34764
20210401,7호선,상봉,17352,15970,33322
20210401,7호선,중화,11083,10906,21989
20210401,7호선,태릉입구,8466,8116,16582
20210401,7호선,공릉,12234,12237,24471
20210401,7호선,중계,14687,13310,27997
20210401,7호선,노원,18931,20302,39233
20210401,7호선,마들,12677,11937,24614
20210401,7호선,수락산,12900,12782,25682
20210401,7호선,도봉산,9370,11044,20414
20210401,7호선,장암,2337,1007,3344
20210401,7호선,반포,5803,5686,11489
20210401,7호선,면목,15764,15332,31096
20210401,7호선,먹골,9997,9772,19769
20210401,7호선,고속터미널,14629,12845,27474
20210401,7호선,이수,15432,14897,30329
20210401,7호선,내방,14390,14694,29084
20210401,7호선,부평구청,12058,9986,22044
20210401,7호선,굴포천,8662,9258,17920
20210401,7호선,삼산체육관,5426,4927,10353
20210401,7호선,상동,12344,12941,25285
20210401,7호선,부천시청,12611,12356,24967
20210401,7호선,신중동,14301,14237,28538
20210401,7호선,부천종합운동장,5126,4578,9704
20210401,7호선,까치울,8021,7585,15606
20210401,7호선,온수,11351,10363,21714
20210401,7호선,천왕,11582,11046,22628
20210401,7호선,춘의,9803,9678,19481
20210401,7호선,철산,21859,22191,44050
20210401,7호선,광명사거리,22331,21898,44229
20210401,7호선,숭실대입구,12932,13098,26030
20210401,7호선,상도,10704,10362,21066
20210401,7호선,장승배기,9832,9488,19320
20210401,7호선,신대방삼거리,16411,15857,32268
20210401,7호선,남성,11552,10681,22233
20210401,7호선,신풍,11837,11293,23130
20210401,7호선,대림,7540,7479,15019
20210401,7호선,남구로,16040,17261,33301
20210401,7호선,가산디지털단지,47745,48594,96339
20210401,7호선,보라매,10045,10085,20130
20210402,7호선,면목,16186,15653,31839
20210402,7호선,강남구청,16532,18523,35055
20210402,7호선,청담,20033,22486,42519
20210402,7호선,뚝섬유원지,12348,12020,24368
20210402,7호선,건대입구,12573,13563,26136
20210402,7호선,어린이대공원,14949,15033,29982
20210402,7호선,군자,15510,12119,27629
20210402,7호선,중곡,10273,9476,19749
20210402,7호선,용마산,6296,6046,12342
20210402,7호선,사가정,16924,17034,33958
20210402,7호선,상봉,17912,16632,34544
20210402,7호선,학동,24332,26250,50582
20210402,7호선,먹골,10243,10015,20258
20210402,7호선,태릉입구,8532,8006,16538
20210402,7호선,공릉,12702,12459,25161
20210402,7호선,하계,18188,16851,35039
20210402,7호선,중계,14722,13146,27868
20210402,7호선,노원,20177,21786,41963
20210402,7호선,마들,12845,12177,25022
20210402,7호선,수락산,13308,12920,26228
20210402,7호선,도봉산,9539,11179,20718
20210402,7호선,장암,2372,979,3351
20210402,7호선,반포,6159,5867,12026
20210402,7호선,중화,11486,11224,22710
20210402,7호선,논현,21349,23243,44592
20210402,7호선,철산,22357,23468,45825
20210402,7호선,내방,14605,14845,29450
20210402,7호선,굴포천,8751,9338,18089
20210402,7호선,삼산체육관,5251,4721,9972
20210402,7호선,상동,12918,13614,26532
20210402,7호선,부천시청,13045,13048,26093
20210402,7호선,신중동,14858,15044,29902
20210402,7호선,춘의,9982,9788,19770
20210402,7호선,부천종합운동장,5108,4530,9638
20210402,7호선,까치울,8106,7763,15869
20210402,7호선,온수,11032,10297,21329
20210402,7호선,천왕,11895,11084,22979
20210402,7호선,광명사거리,23073,22687,45760
20210402,7호선,부평구청,12155,9932,22087
20210402,7호선,가산디지털단지,48346,47786,96132
20210402,7호선,남구로,16250,17200,33450
20210402,7호선,대림,7739,7947,15686
20210402,7호선,신풍,12087,11601,23688
20210402,7호선,보라매,10283,9911,20194
20210402,7호선,신대방삼거리,16867,15885,32752
20210402,7호선,장승배기,9928,9501,19429
20210402,7호선,상도,10928,10519,21447
20210402,7호선,숭실대입구,13119,12922,26041
20210402,7호선,남성,11627,10469,22096
20210402,7호선,이수,16153,15708,31861
20210402,7호선,고속터미널,17057,14335,31392
20210403,7호선,남구로,7474,7960,15434
20210403,7호선,대림,6161,6444,12605
20210403,7호선,신풍,6923,6722,13645
20210403,7호선,보라매,5109,4913,10022
20210403,7호선,남성,6698,6205,12903
20210403,7호선,장승배기,5862,5622,11484
20210403,7호선,상도,6121,5788,11909
20210403,7호선,숭실대입구,7062,6936,13998
20210403,7호선,가산디지털단지,12478,11204,23682
20210403,7호선,신대방삼거리,9451,8987,18438
20210403,7호선,철산,12589,12813,25402
20210403,7호선,춘의,4482,4278,8760
20210403,7호선,천왕,5887,5416,11303
20210403,7호선,온수,4836,4856,9692
20210403,7호선,까치울,4215,4261,8476
20210403,7호선,부천종합운동장,2512,2237,4749
20210403,7호선,신중동,8359,8271,16630
20210403,7호선,부천시청,8132,7966,16098
20210403,7호선,상동,8722,8867,17589
20210403,7호선,삼산체육관,2794,2625,5419
20210403,7호선,굴포천,5470,5884,11354
20210403,7호선,부평구청,5769,5119,10888
20210403,7호선,이수,10209,9793,20002
20210403,7호선,광명사거리,14010,14157,28167
20210403,7호선,내방,6724,6554,13278
20210403,7호선,고속터미널,11820,9412,21232
20210403,7호선,반포,3932,3649,7581
20210403,7호선,도봉산,4574,6022,10596
20210403,7호선,수락산,8265,8000,16265
20210403,7호선,마들,8058,7602,15660
20210403,7호선,노원,13959,14093,28052
20210403,7호선,중계,7527,6917,14444
20210403,7호선,하계,10359,9753,20112
20210403,7호선,공릉,7751,7483,15234
20210403,7호선,태릉입구,5508,4822,10330
20210403,7호선,먹골,6536,6413,12949
20210403,7호선,중화,6662,6505,13167
20210403,7호선,상봉,11067,10514,21581
20210403,7호선,장암,1059,707,1766
20210403,7호선,사가정,10338,10241,20579
20210403,7호선,용마산,3646,3529,7175
20210403,7호선,중곡,5524,5352,10876
20210403,7호선,군자,8974,6970,15944
20210403,7호선,어린이대공원,8791,8374,17165
20210403,7호선,건대입구,9620,9789,19409
20210403,7호선,뚝섬유원지,4273,4292,8565
20210403,7호선,청담,10427,10937,21364
20210403,7호선,강남구청,8492,9325,17817
20210403,7호선,학동,9214,9588,18802
20210403,7호선,논현,9741,10584,20325
20210403,7호선,면목,9278,9107,18385
20210404,7호선,대림,6241,5859,12100
20210404,7호선,신풍,5476,5239,10715
20210404,7호선,보라매,3787,3845,7632
20210404,7호선,신대방삼거리,7193,7191,14384
20210404,7호선,이수,7549,7079,14628
20210404,7호선,상도,4922,4853,9775
20210404,7호선,숭실대입구,5476,5952,11428
20210404,7호선,남성,5063,5198,10261
20210404,7호선,남구로,6304,6111,12415
20210404,7호선,장승배기,4867,4700,9567
20210404,7호선,가산디지털단지,10793,9878,20671
20210404,7호선,부천종합운동장,2524,2277,4801
20210404,7호선,광명사거리,11574,11104,22678
20210404,7호선,천왕,4504,4361,8865
20210404,7호선,온수,3821,3837,7658
20210404,7호선,까치울,3872,3780,7652
20210404,7호선,춘의,3154,3021,6175
20210404,7호선,신중동,6420,6225,12645
20210404,7호선,부천시청,6408,6088,12496
20210404,7호선,상동,6337,6097,12434
20210404,7호선,삼산체육관,2327,2234,4561
20210404,7호선,굴포천,4218,4284,8502
20210404,7호선,내방,4716,4868,9584
20210404,7호선,철산,9615,9751,19366
20210404,7호선,고속터미널,10892,7023,17915
20210404,7호선,부평구청,4659,4068,8727
20210404,7호선,논현,5857,6253,12110
20210404,7호선,장암,1263,814,2077
20210404,7호선,도봉산,4991,7022,12013
20210404,7호선,수락산,7539,7401,14940
20210404,7호선,마들,5615,5189,10804
20210404,7호선,노원,10494,10432,20926
20210404,7호선,중계,6188,5757,11945
20210404,7호선,하계,8446,7983,16429
20210404,7호선,공릉,6045,6312,12357
20210404,7호선,태릉입구,4450,4021,8471
20210404,7호선,먹골,4830,4830,9660
20210404,7호선,중화,5434,5233,10667
20210404,7호선,반포,2632,2742,5374
20210404,7호선,면목,7192,7197,14389
20210404,7호선,사가정,8507,8406,16913
20210404,7호선,용마산,3097,3343,6440
20210404,7호선,중곡,4677,4597,9274
20210404,7호선,군자,7255,5699,12954
20210404,7호선,어린이대공원,8082,8344,16426
20210404,7호선,건대입구,7398,7480,14878
20210404,7호선,뚝섬유원지,8020,7598,15618
20210404,7호선,청담,5741,6296,12037
20210404,7호선,강남구청,4809,5393,10202
20210404,7호선,학동,5023,5362,10385
20210404,7호선,상봉,8891,8281,17172
20210405,7호선,대림,7908,7846,15754
20210405,7호선,신풍,11747,11291,23038
20210405,7호선,보라매,9940,10030,19970
20210405,7호선,신대방삼거리,16387,15956,32343
20210405,7호선,이수,14889,14537,29426
20210405,7호선,상도,10323,10159,20482
20210405,7호선,숭실대입구,12282,12665,24947
20210405,7호선,남성,11160,10469,21629
20210405,7호선,남구로,16553,17480,34033
20210405,7호선,장승배기,9852,9606,19458
20210405,7호선,가산디지털단지,48782,48975,97757
20210405,7호선,부천종합운동장,4926,4269,9195
20210405,7호선,광명사거리,22356,21939,44295
20210405,7호선,천왕,11784,11096,22880
20210405,7호선,온수,11393,10397,21790
20210405,7호선,까치울,7845,7479,15324
20210405,7호선,신중동,14137,14008,28145
20210405,7호선,부천시청,12539,12463,25002
20210405,7호선,상동,12014,12452,24466
20210405,7호선,삼산체육관,5110,4588,9698
20210405,7호선,굴포천,8493,9000,17493
20210405,7호선,부평구청,11847,9806,21653
20210405,7호선,내방,14296,14494,28790
20210405,7호선,철산,22168,22166,44334
20210405,7호선,고속터미널,15157,12680,27837
20210405,7호선,춘의,9749,9643,19392
20210405,7호선,논현,20947,22427,43374
20210405,7호선,장암,2493,960,3453
20210405,7호선,도봉산,9579,11071,20650
20210405,7호선,수락산,12821,12614,25435
20210405,7호선,마들,12533,11788,24321
20210405,7호선,노원,19020,20459,39479
20210405,7호선,중계,14626,13414,28040
20210405,7호선,하계,17432,16726,34158
20210405,7호선,공릉,11579,11683,23262
20210405,7호선,태릉입구,8218,7785,16003
20210405,7호선,먹골,9919,9718,19637
20210405,7호선,중화,11065,10965,22030
20210405,7호선,반포,5742,5552,11294
20210405,7호선,면목,15922,15398,31320
20210405,7호선,사가정,16406,16399,32805
20210405,7호선,용마산,6144,5919,12063
20210405,7호선,중곡,10080,9353,19433
20210405,7호선,군자,14498,11715,26213
20210405,7호선,어린이대공원,13197,13399,26596
20210405,7호선,건대입구,11482,12262,23744
20210405,7호선,뚝섬유원지,9765,9614,19379
20210405,7호선,청담,19721,21723,41444
20210405,7호선,강남구청,16179,17602,33781
20210405,7호선,학동,24728,26218,50946
20210405,7호선,상봉,17114,15936,33050
20210406,7호선,중곡,10120,9283,19403
20210406,7호선,군자,14990,11967,26957
20210406,7호선,어린이대공원,13333,13500,26833
20210406,7호선,건대입구,11765,12219,23984
20210406,7호선,논현,20963,22638,43601
20210406,7호선,청담,20038,22288,42326
20210406,7호선,강남구청,16866,18566,35432
20210406,7호선,학동,25135,26713,51848
20210406,7호선,용마산,6171,6092,12263
20210406,7호선,뚝섬유원지,9970,9940,19910
20210406,7호선,사가정,16792,16595,33387
20210406,7호선,공릉,11831,11891,23722
20210406,7호선,상봉,17264,16179,33443
20210406,7호선,중화,11276,11023,22299
20210406,7호선,먹골,10205,9904,20109
20210406,7호선,태릉입구,8300,7959,16259
20210406,7호선,하계,17856,16775,34631
20210406,7호선,중계,14750,13602,28352
20210406,7호선,노원,19508,20735,40243
20210406,7호선,마들,12613,12081,24694
20210406,7호선,수락산,12894,12798,25692
20210406,7호선,도봉산,9637,11375,21012
20210406,7호선,고속터미널,14748,12955,27703
20210406,7호선,면목,16141,15724,31865
20210406,7호선,장암,2381,971,3352
20210406,7호선,내방,14617,14990,29607
20210406,7호선,남성,11389,10630,22019
20210406,7호선,이수,15333,14920,30253
20210406,7호선,반포,5669,5588,11257
20210406,7호선,부평구청,12022,10066,22088
20210406,7호선,굴포천,8700,9300,18000
20210406,7호선,삼산체육관,5196,4727,9923
20210406,7호선,상동,12432,12940,25372
20210406,7호선,부천시청,12652,12379,25031
20210406,7호선,춘의,9790,9654,19444
20210406,7호선,부천종합운동장,4863,4339,9202
20210406,7호선,까치울,8015,7639,15654
20210406,7호선,온수,11534,10581,22115
20210406,7호선,신중동,14551,14464,29015
20210406,7호선,광명사거리,22760,22182,44942
20210406,7호선,천왕,11839,11318,23157
20210406,7호선,상도,10563,10320,20883
20210406,7호선,장승배기,9805,9489,19294
20210406,7호선,신대방삼거리,16656,16225,32881
20210406,7호선,보라매,10097,10173,20270
20210406,7호선,숭실대입구,12465,12857,25322
20210406,7호선,대림,7819,7729,15548
20210406,7호선,남구로,16446,17402,33848
20210406,7호선,가산디지털단지,49081,49132,98213
20210406,7호선,철산,21751,22242,43993
20210406,7호선,신풍,12100,11427,23527
20210407,7호선,용마산,6254,6185,12439
20210407,7호선,논현,21141,22322,43463
20210407,7호선,학동,25016,26711,51727
20210407,7호선,강남구청,16486,18096,34582
20210407,7호선,청담,20012,22203,42215
20210407,7호선,뚝섬유원지,10160,10080,20240
20210407,7호선,건대입구,11574,11960,23534
20210407,7호선,어린이대공원,13443,13531,26974
20210407,7호선,군자,14640,11923,26563
20210407,7호선,중곡,10054,9230,19284
20210407,7호선,사가정,16457,16377,32834
20210407,7호선,반포,5749,5693,11442
20210407,7호선,상봉,17148,15890,33038
20210407,7호선,중화,11337,11053,22390
20210407,7호선,먹골,10145,10027,20172
20210407,7호선,태릉입구,8470,7836,16306
20210407,7호선,공릉,11831,11957,23788
20210407,7호선,하계,18251,17477,35728
20210407,7호선,중계,14323,13172,27495
20210407,7호선,노원,18996,20242,39238
20210407,7호선,마들,12495,11960,24455
20210407,7호선,수락산,12956,12846,25802
20210407,7호선,도봉산,9577,11178,20755
20210407,7호선,면목,15739,15453,31192
20210407,7호선,고속터미널,14359,12553,26912
20210407,7호선,장암,2341,931,3272
20210407,7호선,이수,15411,14825,30236
20210407,7호선,보라매,10013,9938,19951
20210407,7호선,부평구청,11980,9953,21933
20210407,7호선,굴포천,8756,9307,18063
20210407,7호선,삼산체육관,5124,4695,9819
20210407,7호선,상동,12633,13180,25813
20210407,7호선,부천시청,12670,12506,25176
20210407,7호선,신중동,14429,14439,28868
20210407,7호선,춘의,9883,9712,19595
20210407,7호선,부천종합운동장,4768,4303,9071
20210407,7호선,까치울,8174,7865,16039
20210407,7호선,온수,11299,10352,21651
20210407,7호선,내방,14450,14757,29207
20210407,7호선,광명사거리,22294,22023,44317
20210407,7호선,남성,11107,10349,21456
20210407,7호선,숭실대입구,12164,12444,24608
20210407,7호선,상도,10192,10039,20231
20210407,7호선,장승배기,9708,9591,19299
20210407,7호선,신대방삼거리,16322,15741,32063
20210407,7호선,천왕,11685,10964,22649
20210407,7호선,대림,7683,7562,15245
20210407,7호선,남구로,16411,17423,33834
20210407,7호선,가산디지털단지,48431,48634,97065
20210407,7호선,철산,21836,22365,44201
20210407,7호선,신풍,11956,11562,23518
20210408,7호선,용마산,6226,6116,12342
20210408,7호선,논현,21070,22660,43730
20210408,7호선,학동,24722,26574,51296
20210408,7호선,강남구청,16763,18373,35136
20210408,7호선,청담,20037,22491,42528
20210408,7호선,뚝섬유원지,9915,9846,19761
20210408,7호선,건대입구,11717,12175,23892
20210408,7호선,어린이대공원,13059,13040,26099
20210408,7호선,군자,14822,11879,26701
20210408,7호선,중곡,9999,9191,19190
20210408,7호선,사가정,16595,16477,33072
20210408,7호선,공릉,12026,11878,23904
20210408,7호선,상봉,17148,16130,33278
20210408,7호선,중화,11012,10811,21823
20210408,7호선,먹골,10154,10010,20164
20210408,7호선,태릉입구,8359,7835,16194
20210408,7호선,반포,5897,5640,11537
20210408,7호선,하계,17966,17008,34974
20210408,7호선,중계,14523,13323,27846
20210408,7호선,노원,18948,20271,39219
20210408,7호선,마들,12587,11913,24500
20210408,7호선,수락산,12931,12683,25614
20210408,7호선,도봉산,9404,11165,20569
20210408,7호선,면목,15947,15577,31524
20210408,7호선,고속터미널,14428,13018,27446
20210408,7호선,장암,2406,1002,3408
20210408,7호선,이수,15392,14874,30266
20210408,7호선,부평구청,11973,9806,21779
20210408,7호선,굴포천,8775,9467,18242
20210408,7호선,삼산체육관,5087,4536,9623
20210408,7호선,상동,12505,12899,25404
20210408,7호선,부천시청,12532,12485,25017
20210408,7호선,신중동,14225,14309,28534
20210408,7호선,춘의,9765,9645,19410
20210408,7호선,부천종합운동장,4751,4199,8950
20210408,7호선,까치울,7976,7600,15576
20210408,7호선,온수,11357,10535,21892
20210408,7호선,천왕,11577,11000,22577
20210408,7호선,내방,14469,14825,29294
20210408,7호선,철산,21664,22061,43725
20210408,7호선,가산디지털단지,48314,48867,97181
20210408,7호선,남구로,16072,17262,33334
20210408,7호선,대림,7537,7407,14944
20210408,7호선,신풍,11935,11386,23321
20210408,7호선,보라매,9963,9929,19892
20210408,7호선,신대방삼거리,16332,15862,32194
20210408,7호선,장승배기,9754,9460,19214
20210408,7호선,상도,10535,10291,20826
20210408,7호선,숭실대입구,12593,12879,25472
20210408,7호선,남성,11273,10484,21757
20210408,7호선,광명사거리,22411,22175,44586
20210409,7호선,사가정,16896,16964,33860
20210409,7호선,면목,16380,15864,32244
20210409,7호선,상봉,17940,16796,34736
20210409,7호선,중화,11550,11241,22791
20210409,7호선,중계,14998,13412,28410
20210409,7호선,태릉입구,8626,8073,16699
20210409,7호선,공릉,12440,12143,24583
20210409,7호선,하계,18145,16913,35058
20210409,7호선,용마산,6341,5960,12301
20210409,7호선,먹골,10403,10059,20462
20210409,7호선,중곡,10061,9284,19345
20210409,7호선,강남구청,17006,18730,35736
20210409,7호선,어린이대공원,13513,13211,26724
20210409,7호선,건대입구,12354,12733,25087
20210409,7호선,뚝섬유원지,11526,11318,22844
20210409,7호선,청담,20261,22779,43040
20210409,7호선,학동,24361,26273,50634
20210409,7호선,논현,21512,23289,44801
20210409,7호선,반포,6232,5851,12083
20210409,7호선,고속터미널,16351,14229,30580
20210409,7호선,내방,14695,14910,29605
20210409,7호선,이수,16164,15760,31924
20210409,7호선,노원,20222,21767,41989
20210409,7호선,군자,15223,12062,27285
20210409,7호선,남성,11477,10501,21978
20210409,7호선,마들,12930,12119,25049
20210409,7호선,도봉산,9444,11179,20623
20210409,7호선,수락산,13164,12962,26126
20210409,7호선,숭실대입구,12704,12681,25385
20210409,7호선,상도,10867,10269,21136
20210409,7호선,장승배기,9801,9400,19201
20210409,7호선,신대방삼거리,16794,16133,32927
20210409,7호선,보라매,9643,9393,19036
20210409,7호선,신풍,11918,11427,23345
20210409,7호선,남구로,16148,17102,33250
20210409,7호선,가산디지털단지,47147,47138,94285
20210409,7호선,철산,22192,23111,45303
20210409,7호선,광명사거리,23120,22606,45726
20210409,7호선,대림,7569,7673,15242
20210409,7호선,온수,11344,10296,21640
20210409,7호선,천왕,11680,10932,22612
20210409,7호선,부평구청,11980,9952,21932
20210409,7호선,굴포천,8747,9360,18107
20210409,7호선,삼산체육관,5258,4729,9987
20210409,7호선,상동,12723,13489,26212
20210409,7호선,장암,2431,1027,3458
20210409,7호선,신중동,14785,15004,29789
20210409,7호선,춘의,9851,9608,19459
20210409,7호선,부천종합운동장,4841,4177,9018
20210409,7호선,까치울,8191,7888,16079
20210409,7호선,부천시청,12920,12847,25767
20210410,7호선,논현,11622,12195,23817
20210410,7호선,용마산,4595,4854,9449
20210410,7호선,학동,10270,10849,21119
20210410,7호선,강남구청,9746,10602,20348
20210410,7호선,청담,11768,12762,24530
20210410,7호선,뚝섬유원지,13195,13298,26493
20210410,7호선,건대입구,10420,10787,21207
20210410,7호선,어린이대공원,11551,11478,23029
20210410,7호선,군자,10784,8179,18963
20210410,7호선,중곡,6636,6234,12870
20210410,7호선,사가정,12471,11976,24447
20210410,7호선,공릉,8483,8319,16802
20210410,7호선,상봉,13412,12577,25989
20210410,7호선,중화,7859,7542,15401
20210410,7호선,먹골,7557,7387,14944
20210410,7호선,태릉입구,6773,6211,12984
20210410,7호선,하계,12048,11179,23227
20210410,7호선,중계,9310,8160,17470
20210410,7호선,노원,15581,16195,31776
20210410,7호선,마들,8546,8035,16581
20210410,7호선,수락산,10380,10225,20605
20210410,7호선,도봉산,6995,9686,16681
20210410,7호선,장암,1596,1264,2860
20210410,7호선,면목,11199,10776,21975
20210410,7호선,반포,4400,4174,8574
20210410,7호선,고속터미널,12773,10443,23216
20210410,7호선,이수,11423,10736,22159
20210410,7호선,부평구청,6859,6073,12932
20210410,7호선,굴포천,6214,6356,12570
20210410,7호선,삼산체육관,3411,3324,6735
20210410,7호선,상동,10064,10258,20322
20210410,7호선,부천시청,9222,8939,18161
20210410,7호선,신중동,9463,9415,18878
20210410,7호선,춘의,5005,4749,9754
20210410,7호선,부천종합운동장,3247,2955,6202
20210410,7호선,까치울,5620,5575,11195
20210410,7호선,온수,5678,5646,11324
20210410,7호선,천왕,6780,6425,13205
20210410,7호선,내방,7594,7494,15088
20210410,7호선,철산,14802,15131,29933
20210410,7호선,가산디지털단지,15133,13831,28964
20210410,7호선,남구로,8186,8805,16991
20210410,7호선,대림,6670,6976,13646
20210410,7호선,신풍,8279,7867,16146
20210410,7호선,보라매,6883,6652,13535
20210410,7호선,신대방삼거리,11133,10455,21588
20210410,7호선,장승배기,6710,6436,13146
20210410,7호선,상도,7110,6695,13805
20210410,7호선,숭실대입구,7936,7925,15861
20210410,7호선,남성,7593,7061,14654
20210410,7호선,광명사거리,16577,16270,32847
20210411,7호선,중곡,4948,4749,9697
20210411,7호선,군자,7488,5718,13206
20210411,7호선,어린이대공원,8053,8468,16521
20210411,7호선,건대입구,7269,7413,14682
20210411,7호선,논현,6055,6392,12447
20210411,7호선,청담,6312,6822,13134
20210411,7호선,강남구청,5612,6047,11659
20210411,7호선,학동,5522,5943,11465
20210411,7호선,용마산,3338,3861,7199
20210411,7호선,뚝섬유원지,10930,10446,21376
20210411,7호선,사가정,8866,8681,17547
20210411,7호선,공릉,6336,6418,12754
20210411,7호선,상봉,8912,8245,17157
20210411,7호선,중화,5742,5764,11506
20210411,7호선,먹골,5555,5300,10855
20210411,7호선,태릉입구,4633,4455,9088
20210411,7호선,하계,8753,8205,16958
20210411,7호선,중계,6418,5981,12399
20210411,7호선,노원,10208,10490,20698
20210411,7호선,마들,5585,5247,10832
20210411,7호선,수락산,8371,8393,16764
20210411,7호선,도봉산,5766,8651,14417
20210411,7호선,반포,2638,2634,5272
20210411,7호선,면목,7883,7921,15804
20210411,7호선,고속터미널,11559,7243,18802
20210411,7호선,장암,1474,1105,2579
20210411,7호선,이수,7480,7172,14652
20210411,7호선,부평구청,4809,4177,8986
20210411,7호선,굴포천,4170,4253,8423
20210411,7호선,삼산체육관,2336,2158,4494
20210411,7호선,상동,6612,6205,12817
20210411,7호선,부천시청,6015,5979,11994
20210411,7호선,신중동,6232,6220,12452
20210411,7호선,춘의,3269,3130,6399
20210411,7호선,부천종합운동장,2503,2327,4830
20210411,7호선,까치울,4170,4120,8290
20210411,7호선,온수,3774,3949,7723
20210411,7호선,천왕,4731,4540,9271
20210411,7호선,내방,4777,4891,9668
20210411,7호선,철산,10073,10028,20101
20210411,7호선,가산디지털단지,10908,10206,21114
20210411,7호선,남구로,6444,6254,12698
20210411,7호선,대림,6346,5881,12227
20210411,7호선,신풍,5777,5562,11339
20210411,7호선,보라매,4224,4260,8484
20210411,7호선,신대방삼거리,7440,7411,14851
20210411,7호선,장승배기,4765,4567,9332
20210411,7호선,상도,4943,4976,9919
20210411,7호선,숭실대입구,5625,6114,11739
20210411,7호선,남성,5137,5177,10314
20210411,7호선,광명사거리,11728,11635,23363
20210412,7호선,중곡,9590,9176,18766
20210412,7호선,군자,13915,11595,25510
20210412,7호선,어린이대공원,11868,11953,23821
20210412,7호선,건대입구,11017,11579,22596
20210412,7호선,논현,20056,21821,41877
20210412,7호선,청담,18899,21204,40103
20210412,7호선,강남구청,15561,16966,32527
20210412,7호선,학동,24446,25723,50169
20210412,7호선,용마산,5902,5792,11694
20210412,7호선,뚝섬유원지,6696,6631,13327
20210412,7호선,사가정,15662,15894,31556
20210412,7호선,공릉,11140,11337,22477
20210412,7호선,상봉,16302,15029,31331
20210412,7호선,중화,10748,10681,21429
20210412,7호선,먹골,9609,9520,19129
20210412,7호선,태릉입구,7892,7403,15295
20210412,7호선,하계,16888,16180,33068
20210412,7호선,중계,13935,13187,27122
20210412,7호선,노원,18607,19016,37623
20210412,7호선,마들,11922,11752,23674
20210412,7호선,수락산,12161,12141,24302
20210412,7호선,도봉산,8693,10000,18693
20210412,7호선,반포,5299,5313,10612
20210412,7호선,면목,15348,15279,30627
20210412,7호선,광명사거리,21495,21254,42749
20210412,7호선,고속터미널,14766,12244,27010
20210412,7호선,이수,14514,14356,28870
20210412,7호선,내방,14005,14346,28351
20210412,7호선,부평구청,11467,9462,20929
20210412,7호선,굴포천,8341,9042,17383
20210412,7호선,삼산체육관,4760,4409,9169
20210412,7호선,상동,11887,12212,24099
20210412,7호선,부천시청,11717,11532,23249
20210412,7호선,신중동,13604,13484,27088
20210412,7호선,부천종합운동장,4480,3753,8233
20210412,7호선,까치울,7239,6962,14201
20210412,7호선,온수,10832,10080,20912
20210412,7호선,천왕,11412,10801,22213
20210412,7호선,춘의,9557,9572,19129
20210412,7호선,철산,20667,21537,42204
20210412,7호선,장암,2271,773,3044
20210412,7호선,숭실대입구,11614,12069,23683
20210412,7호선,상도,10050,9910,19960
20210412,7호선,장승배기,9418,9488,18906
20210412,7호선,신대방삼거리,15752,15462,31214
20210412,7호선,남성,10782,10431,21213
20210412,7호선,신풍,11593,11296,22889
20210412,7호선,대림,8055,7888,15943
20210412,7호선,남구로,16624,17863,34487
20210412,7호선,가산디지털단지,49082,47965,97047
20210412,7호선,보라매,9144,9115,18259
20210413,7호선,가산디지털단지,48842,48859,97701
20210413,7호선,남성,11330,10456,21786
20210413,7호선,숭실대입구,12302,12642,24944
20210413,7호선,상도,10431,10134,20565
20210413,7호선,장승배기,9670,9398,19068
20210413,7호선,신대방삼거리,16346,15875,32221
20210413,7호선,보라매,9779,9681,19460
20210413,7호선,신풍,11851,11232,23083
20210413,7호선,대림,8045,7808,15853
20210413,7호선,남구로,16403,17382,33785
20210413,7호선,철산,21268,21725,42993
20210413,7호선,이수,15102,14769,29871
20210413,7호선,천왕,11803,11137,22940
20210413,7호선,온수,11400,10325,21725
20210413,7호선,까치울,7721,7464,15185
20210413,7호선,부천종합운동장,4694,4079,8773
20210413,7호선,춘의,9674,9704,19378
20210413,7호선,신중동,14259,14067,28326
20210413,7호선,부천시청,12235,12088,24323
20210413,7호선,상동,12169,12664,24833
20210413,7호선,삼산체육관,5069,4694,9763
20210413,7호선,굴포천,8544,8990,17534
20210413,7호선,부평구청,11901,9887,21788
20210413,7호선,광명사거리,22090,21785,43875
20210413,7호선,내방,14311,14815,29126
20210413,7호선,고속터미널,13875,12424,26299
20210413,7호선,반포,5529,5359,10888
20210413,7호선,도봉산,9290,10829,20119
20210413,7호선,수락산,12644,12483,25127
20210413,7호선,마들,12497,11882,24379
20210413,7호선,노원,18800,19842,38642
20210413,7호선,중계,14445,13350,27795
20210413,7호선,하계,17537,16648,34185
20210413,7호선,공릉,11738,11630,23368
20210413,7호선,태릉입구,8003,7568,15571
20210413,7호선,먹골,9858,9688,19546
20210413,7호선,중화,11099,10929,22028
20210413,7호선,상봉,17017,15849,32866
20210413,7호선,장암,2328,951,3279
20210413,7호선,사가정,16534,16433,32967
20210413,7호선,용마산,6140,5861,12001
20210413,7호선,중곡,10054,9291,19345
20210413,7호선,군자,14661,11800,26461
20210413,7호선,어린이대공원,12612,12699,25311
20210413,7호선,건대입구,11467,11667,23134
20210413,7호선,뚝섬유원지,7750,7765,15515
20210413,7호선,청담,19571,22066,41637
20210413,7호선,강남구청,16638,18395,35033
20210413,7호선,학동,25009,26619,51628
20210413,7호선,논현,20716,22299,43015
20210413,7호선,면목,15788,15562,31350
20210414,7호선,용마산,6105,5905,12010
20210414,7호선,중곡,10085,9314,19399
20210414,7호선,군자,14759,12018,26777
20210414,7호선,어린이대공원,12604,12620,25224
20210414,7호선,학동,24925,26578,51503
20210414,7호선,뚝섬유원지,8330,8256,16586
20210414,7호선,청담,19799,22192,41991
20210414,7호선,강남구청,16903,18429,35332
20210414,7호선,사가정,16475,16610,33085
20210414,7호선,건대입구,11495,11725,23220
20210414,7호선,면목,16010,15556,31566
20210414,7호선,하계,18022,17054,35076
20210414,7호선,중화,11024,10794,21818
20210414,7호선,먹골,9929,9778,19707
20210414,7호선,태릉입구,8406,7948,16354
20210414,7호선,공릉,11838,11604,23442
20210414,7호선,중계,14655,13549,28204
20210414,7호선,노원,18890,20134,39024
20210414,7호선,마들,12577,12057,24634
20210414,7호선,수락산,12835,12742,25577
20210414,7호선,도봉산,9418,11260,20678
20210414,7호선,장암,2393,892,3285
20210414,7호선,논현,20843,22286,43129
20210414,7호선,상봉,17040,15901,32941
20210414,7호선,반포,5798,5586,11384
20210414,7호선,고속터미널,13970,12300,26270
20210414,7호선,내방,14452,14820,29272
20210414,7호선,굴포천,8577,9193,17770
20210414,7호선,삼산체육관,5253,4897,10150
20210414,7호선,상동,12461,12978,25439
20210414,7호선,부천시청,12387,12404,24791
20210414,7호선,신중동,14389,14257,28646
20210414,7호선,춘의,9911,9649,19560
20210414,7호선,부천종합운동장,4729,4201,8930
20210414,7호선,까치울,7861,7574,15435
20210414,7호선,온수,11078,10298,21376
20210414,7호선,천왕,11763,11157,22920
20210414,7호선,광명사거리,22458,22238,44696
20210414,7호선,부평구청,11919,9985,21904
20210414,7호선,가산디지털단지,48610,48460,97070
20210414,7호선,남구로,16307,17415,33722
20210414,7호선,대림,7682,7623,15305
20210414,7호선,신풍,12012,11443,23455
20210414,7호선,보라매,10000,9830,19830
20210414,7호선,신대방삼거리,16285,15883,32168
20210414,7호선,장승배기,9664,9446,19110
20210414,7호선,상도,10345,10170,20515
20210414,7호선,숭실대입구,12484,12741,25225
20210414,7호선,남성,11207,10506,21713
20210414,7호선,이수,15244,14937,30181
20210414,7호선,철산,21703,22130,43833
20210415,7호선,군자,14769,11744,26513
20210415,7호선,어린이대공원,12569,12580,25149
20210415,7호선,건대입구,11482,11763,23245
20210415,7호선,뚝섬유원지,8906,8638,17544
20210415,7호선,반포,5774,5645,11419
20210415,7호선,강남구청,16796,18364,35160
20210415,7호선,학동,24695,26392,51087
20210415,7호선,논현,20524,22228,42752
20210415,7호선,중곡,10134,9243,19377
20210415,7호선,청담,19507,21938,41445
20210415,7호선,용마산,6167,5983,12150
20210415,7호선,공릉,11464,11502,22966
20210415,7호선,면목,15869,15492,31361
20210415,7호선,상봉,16984,16076,33060
20210415,7호선,중화,11176,10961,22137
20210415,7호선,먹골,9926,9852,19778
20210415,7호선,하계,17566,16764,34330
20210415,7호선,중계,14545,13395,27940
20210415,7호선,노원,18843,20131,38974
20210415,7호선,마들,12555,11971,24526
20210415,7호선,수락산,12810,12660,25470
20210415,7호선,도봉산,9437,11340,20777
20210415,7호선,고속터미널,14354,12888,27242
20210415,7호선,사가정,16603,16482,33085
20210415,7호선,내방,14282,14569,28851
20210415,7호선,장암,2370,966,3336
20210415,7호선,남성,11272,10466,21738
20210415,7호선,태릉입구,8299,7676,15975
20210415,7호선,부평구청,12019,9982,22001
20210415,7호선,굴포천,8715,9168,17883
20210415,7호선,삼산체육관,5190,4679,9869
20210415,7호선,상동,12385,12913,25298
20210415,7호선,부천시청,12335,12413,24748
20210415,7호선,신중동,14517,14438,28955
20210415,7호선,춘의,9806,9623,19429
20210415,7호선,부천종합운동장,4739,4217,8956
20210415,7호선,까치울,8074,7724,15798
20210415,7호선,온수,11075,10266,21341
20210415,7호선,이수,15279,14737,30016
20210415,7호선,광명사거리,22491,22059,44550
20210415,7호선,철산,21203,21769,42972
20210415,7호선,가산디지털단지,48060,48235,96295
20210415,7호선,남구로,16387,17316,33703
20210415,7호선,대림,7626,7682,15308
20210415,7호선,신풍,11888,11290,23178
20210415,7호선,보라매,9921,9703,19624
20210415,7호선,신대방삼거리,16153,15814,31967
20210415,7호선,장승배기,9784,9458,19242
20210415,7호선,상도,10519,10289,20808
20210415,7호선,숭실대입구,12625,12790,25415
20210415,7호선,천왕,11540,11049,22589
20210416,7호선,대림,7730,7712,15442
20210416,7호선,신풍,11724,11128,22852
20210416,7호선,보라매,9856,9591,19447
20210416,7호선,신대방삼거리,16175,15563,31738
20210416,7호선,이수,15695,15390,31085
20210416,7호선,상도,10438,9943,20381
20210416,7호선,숭실대입구,12319,12168,24487
20210416,7호선,남성,10990,10022,21012
20210416,7호선,남구로,15930,16997,32927
20210416,7호선,장승배기,9625,9256,18881
20210416,7호선,가산디지털단지,47014,46865,93879
20210416,7호선,부천종합운동장,4453,3866,8319
20210416,7호선,광명사거리,22318,21847,44165
20210416,7호선,천왕,11441,10691,22132
20210416,7호선,온수,10895,9888,20783
20210416,7호선,까치울,7688,7404,15092
20210416,7호선,춘의,9773,9523,19296
20210416,7호선,신중동,14292,14278,28570
20210416,7호선,부천시청,12575,12596,25171
20210416,7호선,상동,12248,13042,25290
20210416,7호선,삼산체육관,5193,4680,9873
20210416,7호선,굴포천,8517,9150,17667
20210416,7호선,내방,14251,14390,28641
20210416,7호선,철산,21422,22234,43656
20210416,7호선,고속터미널,15955,13745,29700
20210416,7호선,부평구청,11758,9708,21466
20210416,7호선,논현,20779,22525,43304
20210416,7호선,장암,2211,898,3109
20210416,7호선,도봉산,8810,10091,18901
20210416,7호선,수락산,12384,12296,24680
20210416,7호선,마들,12314,11598,23912
20210416,7호선,노원,19754,21160,40914
20210416,7호선,중계,14400,12890,27290
20210416,7호선,하계,17201,16046,33247
20210416,7호선,공릉,11525,11481,23006
20210416,7호선,태릉입구,8142,7776,15918
20210416,7호선,먹골,9835,9677,19512
20210416,7호선,중화,11053,10681,21734
20210416,7호선,반포,5845,5515,11360
20210416,7호선,면목,15530,15043,30573
20210416,7호선,사가정,16126,16127,32253
20210416,7호선,용마산,6097,5791,11888
20210416,7호선,중곡,9847,9198,19045
20210416,7호선,군자,14700,11637,26337
20210416,7호선,어린이대공원,12388,12204,24592
20210416,7호선,건대입구,11684,12177,23861
20210416,7호선,뚝섬유원지,7739,7685,15424
20210416,7호선,청담,19088,21638,40726
20210416,7호선,강남구청,16516,18216,34732
20210416,7호선,학동,24123,25807,49930
20210416,7호선,상봉,17040,16313,33353
20210417,7호선,용마산,4138,4260,8398
20210417,7호선,중곡,6739,6284,13023
20210417,7호선,군자,9864,7506,17370
20210417,7호선,어린이대공원,8251,7853,16104
20210417,7호선,학동,10060,10636,20696
20210417,7호선,뚝섬유원지,6302,6119,12421
20210417,7호선,청담,10779,11378,22157
20210417,7호선,강남구청,9374,10287,19661
20210417,7호선,사가정,11757,11548,23305
20210417,7호선,건대입구,9741,9758,19499
20210417,7호선,면목,10488,10259,20747
20210417,7호선,하계,11278,10506,21784
20210417,7호선,중화,7723,7445,15168
20210417,7호선,먹골,7473,7359,14832
20210417,7호선,태릉입구,6035,5420,11455
20210417,7호선,공릉,8419,8295,16714
20210417,7호선,중계,8675,7825,16500
20210417,7호선,노원,14678,14961,29639
20210417,7호선,마들,8277,7827,16104
20210417,7호선,수락산,9474,9413,18887
20210417,7호선,도봉산,5954,8328,14282
20210417,7호선,장암,1414,1064,2478
20210417,7호선,논현,10549,11486,22035
20210417,7호선,상봉,12662,11934,24596
20210417,7호선,내방,7388,7197,14585
20210417,7호선,반포,4170,4073,8243
20210417,7호선,부평구청,6614,5961,12575
20210417,7호선,고속터미널,12721,10035,22756
20210417,7호선,이수,11262,10598,21860
20210417,7호선,천왕,6312,5985,12297
20210417,7호선,남성,7370,6766,14136
20210417,7호선,숭실대입구,7778,7907,15685
20210417,7호선,상도,6984,6535,13519
20210417,7호선,장승배기,6633,6340,12973
20210417,7호선,보라매,6122,5859,11981
20210417,7호선,신풍,7916,7611,15527
20210417,7호선,대림,6611,6993,13604
20210417,7호선,남구로,7909,8366,16275
20210417,7호선,신대방삼거리,10853,10093,20946
20210417,7호선,철산,14124,14421,28545
20210417,7호선,가산디지털단지,14009,12709,26718
20210417,7호선,삼산체육관,3283,3120,6403
20210417,7호선,상동,9315,9322,18637
20210417,7호선,부천시청,8861,8596,17457
20210417,7호선,신중동,9036,9002,18038
20210417,7호선,굴포천,5821,6060,11881
20210417,7호선,부천종합운동장,2990,2756,5746
20210417,7호선,까치울,5023,4994,10017
20210417,7호선,온수,5245,5285,10530
20210417,7호선,광명사거리,15706,15701,31407
20210417,7호선,춘의,4898,4610,9508
20210418,7호선,용마산,3187,3743,6930
20210418,7호선,논현,5783,6256,12039
20210418,7호선,학동,5177,5575,10752
20210418,7호선,강남구청,4985,5409,10394
20210418,7호선,청담,6396,6643,13039
20210418,7호선,뚝섬유원지,7845,7878,15723
20210418,7호선,건대입구,7200,6908,14108
20210418,7호선,어린이대공원,7308,7630,14938
20210418,7호선,군자,7107,5622,12729
20210418,7호선,중곡,4865,4601,9466
20210418,7호선,사가정,8824,8522,17346
20210418,7호선,반포,2672,2659,5331
20210418,7호선,상봉,9026,8660,17686
20210418,7호선,중화,5551,5416,10967
20210418,7호선,먹골,5072,4970,10042
20210418,7호선,태릉입구,4643,4184,8827
20210418,7호선,공릉,5853,6089,11942
20210418,7호선,하계,8327,8016,16343
20210418,7호선,중계,6284,5761,12045
20210418,7호선,노원,9889,10053,19942
20210418,7호선,마들,5463,5047,10510
20210418,7호선,수락산,8341,8355,16696
20210418,7호선,도봉산,5587,8287,13874
20210418,7호선,면목,7565,7552,15117
20210418,7호선,고속터미널,10919,6838,17757
20210418,7호선,장암,1408,1068,2476
20210418,7호선,이수,7520,7133,14653
20210418,7호선,부평구청,4658,4016,8674
20210418,7호선,굴포천,4221,4164,8385
20210418,7호선,삼산체육관,2242,2190,4432
20210418,7호선,상동,6330,6065,12395
20210418,7호선,부천시청,6055,6097,12152
20210418,7호선,신중동,6373,6151,12524
20210418,7호선,춘의,3267,3106,6373
20210418,7호선,부천종합운동장,2304,2140,4444
20210418,7호선,까치울,3926,3882,7808
20210418,7호선,온수,3648,3730,7378
20210418,7호선,천왕,4611,4466,9077
20210418,7호선,내방,4709,4769,9478
20210418,7호선,철산,9465,9531,18996
20210418,7호선,남성,5016,5074,10090
20210418,7호선,숭실대입구,5189,5601,10790
20210418,7호선,상도,4751,4838,9589
20210418,7호선,장승배기,4904,4933,9837
20210418,7호선,신대방삼거리,7304,7276,14580
20210418,7호선,광명사거리,11466,11277,22743
20210418,7호선,신풍,5574,5272,10846
20210418,7호선,대림,6193,5825,12018
20210418,7호선,남구로,6312,6173,12485
20210418,7호선,가산디지털단지,10272,9413,19685
20210418,7호선,보라매,4600,4848,9448
20210419,7호선,용마산,6134,5883,12017
20210419,7호선,논현,20617,22035,42652
20210419,7호선,학동,24260,25769,50029
20210419,7호선,강남구청,15878,17240,33118
20210419,7호선,청담,19184,21271,40455
20210419,7호선,뚝섬유원지,8451,8342,16793
20210419,7호선,건대입구,10649,11079,21728
20210419,7호선,어린이대공원,11932,11985,23917
20210419,7호선,군자,14228,11478,25706
20210419,7호선,중곡,9912,9146,19058
20210419,7호선,사가정,16328,16467,32795
20210419,7호선,공릉,11627,11601,23228
20210419,7호선,상봉,16676,15459,32135
20210419,7호선,중화,10873,10936,21809
20210419,7호선,먹골,9614,9462,19076
20210419,7호선,태릉입구,8057,7652,15709
20210419,7호선,반포,5567,5400,10967
20210419,7호선,하계,17004,16215,33219
20210419,7호선,중계,14434,13263,27697
20210419,7호선,노원,17912,19332,37244
20210419,7호선,마들,12244,11694,23938
20210419,7호선,수락산,12776,12513,25289
20210419,7호선,도봉산,9408,10829,20237
20210419,7호선,면목,16429,15973,32402
20210419,7호선,고속터미널,14919,12571,27490
20210419,7호선,장암,2376,926,3302
20210419,7호선,이수,14680,14416,29096
20210419,7호선,부평구청,11560,9559,21119
20210419,7호선,굴포천,8266,8865,17131
20210419,7호선,삼산체육관,5057,4545,9602
20210419,7호선,상동,11921,12528,24449
20210419,7호선,부천시청,11582,11321,22903
20210419,7호선,신중동,13584,13436,27020
20210419,7호선,춘의,9708,9552,19260
20210419,7호선,부천종합운동장,4706,4134,8840
20210419,7호선,까치울,7786,7384,15170
20210419,7호선,온수,11014,10120,21134
20210419,7호선,천왕,11609,10992,22601
20210419,7호선,내방,14054,14427,28481
20210419,7호선,철산,21084,21675,42759
20210419,7호선,가산디지털단지,48164,48328,96492
20210419,7호선,남구로,16449,17377,33826
20210419,7호선,대림,7835,7902,15737
20210419,7호선,신풍,11729,11191,22920
20210419,7호선,보라매,9782,9921,19703
20210419,7호선,신대방삼거리,16183,15784,31967
20210419,7호선,장승배기,9625,9352,18977
20210419,7호선,상도,10168,9865,20033
20210419,7호선,숭실대입구,12298,12648,24946
20210419,7호선,남성,11201,10569,21770
20210419,7호선,광명사거리,22030,21624,43654
20210420,7호선,장승배기,9788,9630,19418
20210420,7호선,상도,10370,10152,20522
20210420,7호선,숭실대입구,13021,13277,26298
20210420,7호선,남성,11612,10776,22388
20210420,7호선,노원,18891,20327,39218
20210420,7호선,도봉산,9586,11310,20896
20210420,7호선,수락산,12831,12955,25786
20210420,7호선,마들,12490,11849,24339
20210420,7호선,신대방삼거리,16294,15826,32120
20210420,7호선,장암,2323,904,3227
20210420,7호선,보라매,9967,9961,19928
20210420,7호선,광명사거리,22484,22177,44661
20210420,7호선,대림,7713,7653,15366
20210420,7호선,남구로,16725,17654,34379
20210420,7호선,가산디지털단지,48570,48524,97094
20210420,7호선,철산,21429,22137,43566
20210420,7호선,천왕,11741,11250,22991
20210420,7호선,온수,11233,10439,21672
20210420,7호선,까치울,8052,7667,15719
20210420,7호선,부천종합운동장,4747,4213,8960
20210420,7호선,춘의,9837,9648,19485
20210420,7호선,신중동,14417,14324,28741
20210420,7호선,중계,14651,13510,28161
20210420,7호선,신풍,12079,11529,23608
20210420,7호선,부천시청,12390,12397,24787
20210420,7호선,하계,17502,16599,34101
20210420,7호선,태릉입구,8474,8025,16499
20210420,7호선,공릉,11961,11785,23746
20210420,7호선,부평구청,12017,9953,21970
20210420,7호선,굴포천,8629,9203,17832
20210420,7호선,삼산체육관,5311,4816,10127
20210420,7호선,상동,12125,12562,24687
20210420,7호선,이수,15253,14726,29979
20210420,7호선,내방,14425,14667,29092
20210420,7호선,반포,5658,5426,11084
20210420,7호선,논현,21075,22403,43478
20210420,7호선,학동,24736,26305,51041
20210420,7호선,강남구청,16623,18185,34808
20210420,7호선,고속터미널,14393,12700,27093
20210420,7호선,뚝섬유원지,8984,8998,17982
20210420,7호선,청담,19821,21949,41770
20210420,7호선,중화,11176,10983,22159
20210420,7호선,상봉,16982,15905,32887
20210420,7호선,면목,16918,16568,33486
20210420,7호선,사가정,16833,16890,33723
20210420,7호선,먹골,9913,9822,19735
20210420,7호선,중곡,10006,9189,19195
20210420,7호선,군자,14458,11775,26233
20210420,7호선,어린이대공원,12018,12058,24076
20210420,7호선,건대입구,11122,11398,22520
20210420,7호선,용마산,6189,6127,12316
20210421,7호선,논현,20932,22194,43126
20210421,7호선,용마산,6269,5990,12259
20210421,7호선,학동,24783,26603,51386
20210421,7호선,강남구청,16603,18303,34906
20210421,7호선,청담,19871,22097,41968
20210421,7호선,뚝섬유원지,9760,9677,19437
20210421,7호선,건대입구,11315,11396,22711
20210421,7호선,어린이대공원,12313,12169,24482
20210421,7호선,군자,14559,11886,26445
20210421,7호선,중곡,10097,9193,19290
20210421,7호선,사가정,16649,16656,33305
20210421,7호선,공릉,11929,11853,23782
20210421,7호선,상봉,16991,15914,32905
20210421,7호선,중화,11205,11031,22236
20210421,7호선,먹골,10001,9810,19811
20210421,7호선,태릉입구,8587,8062,16649
20210421,7호선,하계,18212,17481,35693
20210421,7호선,중계,14924,13754,28678
20210421,7호선,노원,19056,20084,39140
20210421,7호선,마들,12629,11953,24582
20210421,7호선,수락산,13070,12902,25972
20210421,7호선,도봉산,9674,11192,20866
20210421,7호선,장암,2333,907,3240
20210421,7호선,면목,16831,16500,33331
20210421,7호선,반포,6041,5803,11844
20210421,7호선,고속터미널,14272,12722,26994
20210421,7호선,이수,15516,15037,30553
20210421,7호선,부평구청,12263,10145,22408
20210421,7호선,굴포천,8801,9375,18176
20210421,7호선,삼산체육관,5240,4753,9993
20210421,7호선,상동,12810,13514,26324
20210421,7호선,부천시청,12516,12383,24899
20210421,7호선,신중동,14621,14468,29089
20210421,7호선,춘의,10001,9718,19719
20210421,7호선,부천종합운동장,4759,4147,8906
20210421,7호선,까치울,8031,7677,15708
20210421,7호선,온수,11249,10441,21690
20210421,7호선,천왕,11944,11345,23289
20210421,7호선,내방,14566,14782,29348
20210421,7호선,철산,21673,22352,44025
20210421,7호선,가산디지털단지,48068,48333,96401
20210421,7호선,남구로,16630,17528,34158
20210421,7호선,대림,7545,7535,15080
20210421,7호선,신풍,11886,11417,23303
20210421,7호선,보라매,10118,10150,20268
20210421,7호선,신대방삼거리,16482,15839,32321
20210421,7호선,장승배기,9875,9551,19426
20210421,7호선,상도,10583,10234,20817
20210421,7호선,숭실대입구,12609,12875,25484
20210421,7호선,남성,11648,10934,22582
20210421,7호선,광명사거리,22385,22048,44433
20210422,7호선,철산,21370,21808,43178
20210422,7호선,광명사거리,22048,21633,43681
20210422,7호선,천왕,11655,11157,22812
20210422,7호선,온수,11203,10306,21509
20210422,7호선,부천시청,12164,12164,24328
20210422,7호선,부천종합운동장,4694,4173,8867
20210422,7호선,춘의,9607,9483,19090
20210422,7호선,신중동,14378,14309,28687
20210422,7호선,가산디지털단지,47596,48072,95668
20210422,7호선,까치울,7949,7599,15548
20210422,7호선,남구로,16270,17440,33710
20210422,7호선,상도,10537,10238,20775
20210422,7호선,신풍,11803,11190,22993
20210422,7호선,보라매,9902,9839,19741
20210422,7호선,신대방삼거리,16198,15730,31928
20210422,7호선,장승배기,9794,9566,19360
20210422,7호선,숭실대입구,13750,13989,27739
20210422,7호선,남성,11582,10643,22225
20210422,7호선,이수,15336,15110,30446
20210422,7호선,내방,14156,14488,28644
20210422,7호선,고속터미널,14530,12634,27164
20210422,7호선,반포,5852,5615,11467
20210422,7호선,상동,12334,13067,25401
20210422,7호선,대림,7370,7306,14676
20210422,7호선,삼산체육관,5212,4716,9928
20210422,7호선,논현,20606,22260,42866
20210422,7호선,부평구청,11979,9856,21835
20210422,7호선,학동,24625,26251,50876
20210422,7호선,강남구청,16737,18363,35100
20210422,7호선,청담,19415,21885,41300
20210422,7호선,뚝섬유원지,9705,9689,19394
20210422,7호선,건대입구,11230,11668,22898
20210422,7호선,어린이대공원,12332,12221,24553
20210422,7호선,군자,14475,11684,26159
20210422,7호선,중곡,9987,9187,19174
20210422,7호선,용마산,6171,6003,12174
20210422,7호선,사가정,16728,16689,33417
20210422,7호선,면목,16616,16289,32905
20210422,7호선,굴포천,8712,9355,18067
20210422,7호선,중화,11082,10757,21839
20210422,7호선,먹골,9990,9702,19692
20210422,7호선,태릉입구,8223,7859,16082
20210422,7호선,공릉,11901,11758,23659
20210422,7호선,하계,17423,16556,33979
20210422,7호선,중계,14555,13310,27865
20210422,7호선,노원,18458,19769,38227
20210422,7호선,마들,12530,11935,24465
20210422,7호선,수락산,12840,12623,25463
20210422,7호선,도봉산,9427,11056,20483
20210422,7호선,장암,2322,940,3262
20210422,7호선,상봉,16853,15827,32680
20210423,7호선,대림,7461,7662,15123
20210423,7호선,신풍,11861,11303,23164
20210423,7호선,보라매,9923,9774,19697
20210423,7호선,신대방삼거리,16456,15845,32301
20210423,7호선,이수,15911,15392,31303
20210423,7호선,상도,10797,10245,21042
20210423,7호선,숭실대입구,12751,12700,25451
20210423,7호선,남성,11489,10521,22010
20210423,7호선,남구로,16083,17156,33239
20210423,7호선,장승배기,10041,9507,19548
20210423,7호선,가산디지털단지,47494,47333,94827
20210423,7호선,부천종합운동장,4964,4167,9131
20210423,7호선,광명사거리,22789,22393,45182
20210423,7호선,천왕,11693,10984,22677
20210423,7호선,온수,11102,10325,21427
20210423,7호선,까치울,7848,7688,15536
20210423,7호선,춘의,9778,9432,19210
20210423,7호선,신중동,14529,14605,29134
20210423,7호선,부천시청,12712,12810,25522
20210423,7호선,상동,12470,13144,25614
20210423,7호선,삼산체육관,5188,4699,9887
20210423,7호선,굴포천,8743,9395,18138
20210423,7호선,내방,14284,14640,28924
20210423,7호선,철산,21873,22768,44641
20210423,7호선,부평구청,11842,9844,21686
20210423,7호선,고속터미널,16988,14299,31287
20210423,7호선,논현,21142,22816,43958
20210423,7호선,반포,6020,5827,11847
20210423,7호선,장암,2342,974,3316
20210423,7호선,도봉산,9118,10652,19770
20210423,7호선,수락산,13084,12790,25874
20210423,7호선,마들,12748,12011,24759
20210423,7호선,노원,19374,21146,40520
20210423,7호선,중계,14454,12976,27430
20210423,7호선,공릉,11999,11903,23902
20210423,7호선,태릉입구,8456,7937,16393
20210423,7호선,먹골,10125,9911,20036
20210423,7호선,중화,11097,10903,22000
20210423,7호선,하계,17601,16333,33934
20210423,7호선,면목,16621,15911,32532
20210423,7호선,상봉,17318,16251,33569
20210423,7호선,강남구청,16902,18629,35531
20210423,7호선,청담,19622,21777,41399
20210423,7호선,뚝섬유원지,10095,9930,20025
20210423,7호선,건대입구,11652,12140,23792
20210423,7호선,학동,24067,25961,50028
20210423,7호선,군자,14985,11811,26796
20210423,7호선,중곡,10103,9208,19311
20210423,7호선,용마산,6199,5954,12153
20210423,7호선,사가정,16769,16837,33606
20210423,7호선,어린이대공원,12569,12294,24863
20210424,7호선,부천시청,8890,8532,17422
20210424,7호선,이수,11328,10691,22019
20210424,7호선,남성,7469,6905,14374
20210424,7호선,숭실대입구,8174,8073,16247
20210424,7호선,상도,7090,6710,13800
20210424,7호선,장승배기,6641,6332,12973
20210424,7호선,부평구청,6929,5925,12854
20210424,7호선,굴포천,5980,6233,12213
20210424,7호선,삼산체육관,3466,3167,6633
20210424,7호선,상동,9443,9607,19050
20210424,7호선,신중동,9133,8996,18129
20210424,7호선,내방,7438,7327,14765
20210424,7호선,부천종합운동장,3057,2819,5876
20210424,7호선,까치울,5425,5392,10817
20210424,7호선,온수,5518,5545,11063
20210424,7호선,천왕,6879,6451,13330
20210424,7호선,광명사거리,15959,15838,31797
20210424,7호선,철산,14380,14743,29123
20210424,7호선,가산디지털단지,14322,13162,27484
20210424,7호선,남구로,8221,8666,16887
20210424,7호선,대림,6396,6842,13238
20210424,7호선,신풍,7996,7400,15396
20210424,7호선,보라매,5993,5943,11936
20210424,7호선,춘의,4837,4677,9514
20210424,7호선,고속터미널,12844,10251,23095
20210424,7호선,신대방삼거리,10962,10008,20970
20210424,7호선,논현,10925,11900,22825
20210424,7호선,장암,1638,1232,2870
20210424,7호선,도봉산,6560,9159,15719
20210424,7호선,수락산,10298,9935,20233
20210424,7호선,마들,8524,8024,16548
20210424,7호선,노원,14798,15254,30052
20210424,7호선,중계,9118,8115,17233
20210424,7호선,하계,12004,11110,23114
20210424,7호선,공릉,8880,8707,17587
20210424,7호선,태릉입구,6277,5762,12039
20210424,7호선,먹골,7655,7423,15078
20210424,7호선,중화,7681,7207,14888
20210424,7호선,반포,4428,4249,8677
20210424,7호선,면목,10955,10400,21355
20210424,7호선,사가정,12255,11790,24045
20210424,7호선,용마산,4751,4776,9527
20210424,7호선,중곡,6453,5868,12321
20210424,7호선,군자,10245,7581,17826
20210424,7호선,어린이대공원,9426,9494,18920
20210424,7호선,건대입구,10045,10222,20267
20210424,7호선,뚝섬유원지,12486,11974,24460
20210424,7호선,청담,11086,11764,22850
20210424,7호선,강남구청,9457,10428,19885
20210424,7호선,학동,9786,10455,20241
20210424,7호선,상봉,12892,12295,25187
20210425,7호선,용마산,3426,3841,7267
20210425,7호선,중곡,4892,4694,9586
20210425,7호선,군자,7219,5638,12857
20210425,7호선,어린이대공원,7901,7987,15888
20210425,7호선,학동,5469,5875,11344
20210425,7호선,뚝섬유원지,11519,10746,22265
20210425,7호선,청담,6022,6408,12430
20210425,7호선,강남구청,5369,5911,11280
20210425,7호선,사가정,8754,8503,17257
20210425,7호선,건대입구,6834,6892,13726
20210425,7호선,면목,7748,7758,15506
20210425,7호선,하계,8297,7905,16202
20210425,7호선,중화,6083,5743,11826
20210425,7호선,먹골,5249,5193,10442
20210425,7호선,태릉입구,4602,4312,8914
20210425,7호선,공릉,5994,6186,12180
20210425,7호선,중계,6334,5913,12247
20210425,7호선,노원,10090,10249,20339
20210425,7호선,마들,5697,5196,10893
20210425,7호선,수락산,8191,8242,16433
20210425,7호선,도봉산,5701,8460,14161
20210425,7호선,장암,1561,1222,2783
20210425,7호선,논현,5973,6318,12291
20210425,7호선,상봉,8935,8204,17139
20210425,7호선,반포,2673,2689,5362
20210425,7호선,고속터미널,11400,7564,18964
20210425,7호선,내방,4697,4754,9451
20210425,7호선,굴포천,4240,4164,8404
20210425,7호선,삼산체육관,2689,2482,5171
20210425,7호선,상동,6157,5989,12146
20210425,7호선,부천시청,5994,5886,11880
20210425,7호선,신중동,6339,6229,12568
20210425,7호선,춘의,3429,3296,6725
20210425,7호선,부천종합운동장,2320,2202,4522
20210425,7호선,까치울,4209,4094,8303
20210425,7호선,온수,3889,3995,7884
20210425,7호선,천왕,4749,4667,9416
20210425,7호선,광명사거리,11542,11410,22952
20210425,7호선,부평구청,4821,4177,8998
20210425,7호선,가산디지털단지,10776,9873,20649
20210425,7호선,남구로,6417,6320,12737
20210425,7호선,대림,6009,5767,11776
20210425,7호선,신풍,5577,5322,10899
20210425,7호선,보라매,4455,4524,8979
20210425,7호선,신대방삼거리,7280,7195,14475
20210425,7호선,장승배기,4651,4591,9242
20210425,7호선,상도,4939,4985,9924
20210425,7호선,숭실대입구,5385,5843,11228
20210425,7호선,남성,5004,5025,10029
20210425,7호선,이수,7482,7011,14493
20210425,7호선,철산,9927,9863,19790
20210426,7호선,중곡,10070,9134,19204
20210426,7호선,군자,14351,11584,25935
20210426,7호선,어린이대공원,12799,13149,25948
20210426,7호선,건대입구,11335,11892,23227
20210426,7호선,논현,20734,22133,42867
20210426,7호선,청담,19258,21250,40508
20210426,7호선,강남구청,15911,17305,33216
20210426,7호선,학동,24406,25854,50260
20210426,7호선,용마산,6175,5969,12144
20210426,7호선,뚝섬유원지,10041,9725,19766
20210426,7호선,사가정,16308,16378,32686
20210426,7호선,공릉,11822,11772,23594
20210426,7호선,상봉,16682,15695,32377
20210426,7호선,중화,10987,10867,21854
20210426,7호선,먹골,9855,9609,19464
20210426,7호선,태릉입구,8041,7769,15810
20210426,7호선,하계,17487,16420,33907
20210426,7호선,중계,14416,13328,27744
20210426,7호선,노원,18998,20191,39189
20210426,7호선,마들,12443,11804,24247
20210426,7호선,수락산,12690,12631,25321
20210426,7호선,도봉산,9267,10888,20155
20210426,7호선,반포,5642,5545,11187
20210426,7호선,면목,15989,15526,31515
20210426,7호선,고속터미널,15222,12731,27953
20210426,7호선,장암,2397,904,3301
20210426,7호선,이수,14999,14566,29565
20210426,7호선,부평구청,12081,10031,22112
20210426,7호선,굴포천,8553,9110,17663
20210426,7호선,삼산체육관,5188,4751,9939
20210426,7호선,상동,11944,12360,24304
20210426,7호선,부천시청,12078,12057,24135
20210426,7호선,신중동,14111,13864,27975
20210426,7호선,춘의,9631,9607,19238
20210426,7호선,부천종합운동장,4719,4107,8826
20210426,7호선,까치울,7760,7501,15261
20210426,7호선,온수,11333,10383,21716
20210426,7호선,천왕,11653,11150,22803
20210426,7호선,내방,13975,14246,28221
20210426,7호선,철산,21790,22062,43852
20210426,7호선,가산디지털단지,47975,48165,96140
20210426,7호선,남구로,16800,17603,34403
20210426,7호선,대림,7766,7503,15269
20210426,7호선,신풍,11760,11200,22960
20210426,7호선,보라매,9794,9819,19613
20210426,7호선,신대방삼거리,16287,15792,32079
20210426,7호선,장승배기,9567,9386,18953
20210426,7호선,상도,10339,10169,20508
20210426,7호선,숭실대입구,12593,13104,25697
20210426,7호선,남성,11086,10392,21478
20210426,7호선,광명사거리,22250,21870,44120
20210427,7호선,대림,7570,7568,15138
20210427,7호선,신풍,11952,11409,23361
20210427,7호선,보라매,10074,9992,20066
20210427,7호선,신대방삼거리,16457,15984,32441
20210427,7호선,이수,15369,14650,30019
20210427,7호선,상도,10761,10642,21403
20210427,7호선,숭실대입구,12063,12278,24341
20210427,7호선,남성,11341,10699,22040
20210427,7호선,남구로,16544,17647,34191
20210427,7호선,장승배기,9794,9526,19320
20210427,7호선,가산디지털단지,48876,48571,97447
20210427,7호선,부천종합운동장,4654,4062,8716
20210427,7호선,광명사거리,21987,21675,43662
20210427,7호선,천왕,11581,11174,22755
20210427,7호선,온수,11267,10299,21566
20210427,7호선,까치울,7839,7423,15262
20210427,7호선,춘의,9880,9780,19660
20210427,7호선,신중동,14217,14169,28386
20210427,7호선,부천시청,12391,12222,24613
20210427,7호선,상동,12096,12715,24811
20210427,7호선,삼산체육관,5374,4930,10304
20210427,7호선,굴포천,8757,9391,18148
20210427,7호선,내방,14398,14829,29227
20210427,7호선,철산,21180,21820,43000
20210427,7호선,고속터미널,14346,12708,27054
20210427,7호선,부평구청,12149,10113,22262
20210427,7호선,논현,20854,22494,43348
20210427,7호선,장암,2323,929,3252
20210427,7호선,도봉산,9279,10893,20172
20210427,7호선,수락산,12779,12594,25373
20210427,7호선,마들,12354,11850,24204
20210427,7호선,노원,18881,20152,39033
20210427,7호선,중계,14802,13586,28388
20210427,7호선,하계,17679,16842,34521
20210427,7호선,공릉,11745,11805,23550
20210427,7호선,태릉입구,8325,7933,16258
20210427,7호선,먹골,9905,9784,19689
20210427,7호선,중화,11084,11039,22123
20210427,7호선,반포,5703,5410,11113
20210427,7호선,면목,16036,15625,31661
20210427,7호선,사가정,16536,16278,32814
20210427,7호선,용마산,6182,6077,12259
20210427,7호선,중곡,10246,9453,19699
20210427,7호선,군자,14640,11762,26402
20210427,7호선,어린이대공원,12525,12254,24779
20210427,7호선,건대입구,11461,11821,23282
20210427,7호선,뚝섬유원지,8737,8709,17446
20210427,7호선,청담,19684,21988,41672
20210427,7호선,강남구청,16695,18333,35028
20210427,7호선,학동,24853,26603,51456
20210427,7호선,상봉,17002,15759,32761
20210428,7호선,용마산,6154,5953,12107
20210428,7호선,중곡,10245,9411,19656
20210428,7호선,군자,14641,11909,26550
20210428,7호선,어린이대공원,12454,12391,24845
20210428,7호선,학동,24653,26193,50846
20210428,7호선,뚝섬유원지,9747,9484,19231
20210428,7호선,청담,19756,22003,41759
20210428,7호선,강남구청,16796,18445,35241
20210428,7호선,사가정,16625,16451,33076
20210428,7호선,건대입구,11842,12242,24084
20210428,7호선,면목,15755,15415,31170
20210428,7호선,하계,18385,17514,35899
20210428,7호선,중화,11239,10929,22168
20210428,7호선,먹골,10036,9782,19818
20210428,7호선,태릉입구,8431,8001,16432
20210428,7호선,공릉,11859,11947,23806
20210428,7호선,중계,14789,13512,28301
20210428,7호선,노원,19272,20430,39702
20210428,7호선,마들,12609,12047,24656
20210428,7호선,수락산,12780,12741,25521
20210428,7호선,도봉산,9345,10911,20256
20210428,7호선,장암,2401,1001,3402
20210428,7호선,논현,20869,22100,42969
20210428,7호선,상봉,16868,16019,32887
20210428,7호선,반포,5853,5643,11496
20210428,7호선,고속터미널,14043,12508,26551
20210428,7호선,이수,15507,15033,30540
20210428,7호선,내방,14463,14774,29237
20210428,7호선,부평구청,12057,9952,22009
20210428,7호선,굴포천,8710,9226,17936
20210428,7호선,삼산체육관,5232,4831,10063
20210428,7호선,상동,12252,12768,25020
20210428,7호선,부천시청,12297,12264,24561
20210428,7호선,신중동,14371,14240,28611
20210428,7호선,부천종합운동장,4609,4076,8685
20210428,7호선,까치울,7869,7598,15467
20210428,7호선,온수,11232,10307,21539
20210428,7호선,천왕,11771,11204,22975
20210428,7호선,춘의,9855,9619,19474
20210428,7호선,철산,21589,22252,43841
20210428,7호선,광명사거리,22345,21946,44291
20210428,7호선,숭실대입구,12298,12615,24913
20210428,7호선,상도,10662,10393,21055
20210428,7호선,장승배기,9750,9410,19160
20210428,7호선,신대방삼거리,16619,16081,32700
20210428,7호선,남성,11683,10754,22437
20210428,7호선,신풍,11834,11317,23151
20210428,7호선,대림,7472,7484,14956
20210428,7호선,남구로,16389,17614,34003
20210428,7호선,가산디지털단지,48621,48680,97301
20210428,7호선,보라매,10093,10125,20218
20210429,7호선,가산디지털단지,47892,48323,96215
20210429,7호선,남성,11079,10292,21371
20210429,7호선,숭실대입구,12376,12628,25004
20210429,7호선,상도,10667,10319,20986
20210429,7호선,장승배기,9664,9305,18969
20210429,7호선,신대방삼거리,16321,15825,32146
20210429,7호선,보라매,9974,9983,19957
20210429,7호선,신풍,11845,11258,23103
20210429,7호선,대림,7225,7327,14552
20210429,7호선,남구로,16271,17591,33862
20210429,7호선,철산,21522,22168,43690
20210429,7호선,이수,15613,14964,30577
20210429,7호선,천왕,11786,11193,22979
20210429,7호선,온수,11338,10421,21759
20210429,7호선,까치울,7811,7597,15408
20210429,7호선,부천종합운동장,4589,3997,8586
20210429,7호선,춘의,9681,9492,19173
20210429,7호선,신중동,14223,14232,28455
20210429,7호선,부천시청,12367,12373,24740
20210429,7호선,상동,12312,12701,25013
20210429,7호선,삼산체육관,5192,4918,10110
20210429,7호선,굴포천,9011,9517,18528
20210429,7호선,부평구청,12065,9985,22050
20210429,7호선,광명사거리,22239,21722,43961
20210429,7호선,내방,14223,14560,28783
20210429,7호선,먹골,9965,9655,19620
20210429,7호선,반포,5911,5636,11547
20210429,7호선,장암,2348,967,3315
20210429,7호선,도봉산,9305,10822,20127
20210429,7호선,수락산,12869,12620,25489
20210429,7호선,마들,12658,11948,24606
20210429,7호선,노원,18847,20165,39012
20210429,7호선,중계,14555,13381,27936
20210429,7호선,하계,17543,16600,34143
20210429,7호선,공릉,11872,11959,23831
20210429,7호선,태릉입구,8464,7909,16373
20210429,7호선,중화,11065,10896,21961
20210429,7호선,상봉,17051,15884,32935
20210429,7호선,고속터미널,14668,12714,27382
20210429,7호선,사가정,16758,16604,33362
20210429,7호선,논현,20653,22253,42906
20210429,7호선,학동,24568,26206,50774
20210429,7호선,강남구청,16642,18390,35032
20210429,7호선,청담,19782,21872,41654
20210429,7호선,뚝섬유원지,10013,9498,19511
20210429,7호선,면목,15915,15470,31385
20210429,7호선,어린이대공원,12349,12138,24487
20210429,7호선,군자,14576,11883,26459
20210429,7호선,중곡,10104,9202,19306
20210429,7호선,용마산,6206,6037,12243
20210429,7호선,건대입구,11753,12285,24038
20210430,7호선,남구로,16345,17416,33761
20210430,7호선,이수,16130,15495,31625
20210430,7호선,남성,11517,10523,22040
20210430,7호선,숭실대입구,12563,12488,25051
20210430,7호선,상도,10855,10583,21438
20210430,7호선,장승배기,9873,9462,19335
20210430,7호선,신대방삼거리,16789,16141,32930
20210430,7호선,보라매,10100,9918,20018
20210430,7호선,신풍,12083,11446,23529
20210430,7호선,대림,7900,8299,16199
20210430,7호선,가산디지털단지,48014,47678,95692
20210430,7호선,부천종합운동장,4632,4037,8669
20210430,7호선,광명사거리,22878,22539,45417
20210430,7호선,천왕,11799,11173,22972
20210430,7호선,온수,11259,10356,21615
20210430,7호선,까치울,7887,7563,15450
20210430,7호선,내방,14479,14742,29221
20210430,7호선,춘의,9727,9453,19180
20210430,7호선,신중동,14719,14700,29419
20210430,7호선,부천시청,12813,12938,25751
20210430,7호선,상동,12702,13314,26016
20210430,7호선,삼산체육관,5196,4728,9924
20210430,7호선,굴포천,8898,9724,18622
20210430,7호선,철산,22175,23074,45249
20210430,7호선,고속터미널,17165,14574,31739
20210430,7호선,부평구청,12154,9945,22099
20210430,7호선,논현,21102,22898,44000
20210430,7호선,장암,2407,1007,3414
20210430,7호선,도봉산,9191,10645,19836
20210430,7호선,수락산,13068,12858,25926
20210430,7호선,마들,12842,12155,24997
20210430,7호선,노원,20080,21727,41807
20210430,7호선,중계,14708,13179,27887
20210430,7호선,하계,17873,16662,34535
20210430,7호선,공릉,12434,12155,24589
20210430,7호선,태릉입구,8566,8152,16718
20210430,7호선,먹골,10339,10113,20452
20210430,7호선,중화,11360,10980,22340
20210430,7호선,반포,6086,5826,11912
20210430,7호선,면목,16088,15602,31690
20210430,7호선,사가정,16674,16788,33462
20210430,7호선,용마산,6270,6013,12283
20210430,7호선,중곡,10227,9344,19571
20210430,7호선,군자,15183,11949,27132
20210430,7호선,어린이대공원,12568,12377,24945
20210430,7호선,건대입구,12226,12942,25168
20210430,7호선,뚝섬유원지,8894,8627,17521
20210430,7호선,청담,19578,21980,41558
20210430,7호선,강남구청,16665,18378,35043
20210430,7호선,학동,24035,25993,50028
20210430,7호선,상봉,17463,16453,33916
20210501,7호선,대림,7220,7235,14455
20210501,7호선,신풍,7270,7049,14319
20210501,7호선,보라매,5179,4945,10124
20210501,7호선,신대방삼거리,9782,9325,19107
20210501,7호선,이수,10377,9687,20064
20210501,7호선,상도,6546,6198,12744
20210501,7호선,숭실대입구,7264,7381,14645
20210501,7호선,남성,6670,6295,12965
20210501,7호선,남구로,7952,8037,15989
20210501,7호선,장승배기,6132,5738,11870
20210501,7호선,가산디지털단지,13779,12664,26443
20210501,7호선,부천종합운동장,2648,2527,5175
20210501,7호선,광명사거리,15068,14954,30022
20210501,7호선,천왕,5878,5575,11453
20210501,7호선,온수,4961,4853,9814
20210501,7호선,까치울,4825,4695,9520
20210501,7호선,춘의,4331,4171,8502
20210501,7호선,신중동,8580,8322,16902
20210501,7호선,부천시청,8603,8433,17036
20210501,7호선,상동,9204,9225,18429
20210501,7호선,삼산체육관,2960,2836,5796
20210501,7호선,굴포천,5739,6021,11760
20210501,7호선,내방,7021,6898,13919
20210501,7호선,철산,13522,13581,27103
20210501,7호선,부평구청,6196,5516,11712
20210501,7호선,고속터미널,12226,9514,21740
20210501,7호선,논현,9820,10704,20524
20210501,7호선,반포,3789,3527,7316
20210501,7호선,장암,1220,935,2155
20210501,7호선,도봉산,5198,7206,12404
20210501,7호선,수락산,8708,8528,17236
20210501,7호선,마들,7597,7140,14737
20210501,7호선,노원,13952,14244,28196
20210501,7호선,중계,7978,7056,15034
20210501,7호선,공릉,7922,7618,15540
20210501,7호선,태릉입구,5548,5033,10581
20210501,7호선,먹골,7306,7074,14380
20210501,7호선,중화,6970,6684,13654
20210501,7호선,하계,10737,10094,20831
20210501,7호선,면목,9696,9460,19156
20210501,7호선,상봉,11505,10756,22261
20210501,7호선,강남구청,9064,10007,19071
20210501,7호선,청담,9741,10548,20289
20210501,7호선,뚝섬유원지,5392,5260,10652
20210501,7호선,건대입구,9769,9858,19627
20210501,7호선,학동,8982,9628,18610
20210501,7호선,군자,9283,7202,16485
20210501,7호선,중곡,5982,5593,11575
20210501,7호선,용마산,3832,3647,7479
20210501,7호선,사가정,10906,10553,21459
20210501,7호선,어린이대공원,7579,7125,14704
20210502,7호선,이수,7641,7275,14916
20210502,7호선,대림,6461,5824,12285
20210502,7호선,춘의,3285,3015,6300
20210502,7호선,남성,5039,5028,10067
20210502,7호선,숭실대입구,5454,5734,11188
20210502,7호선,상도,5042,5132,10174
20210502,7호선,장승배기,4433,4499,8932
20210502,7호선,신대방삼거리,7450,7369,14819
20210502,7호선,보라매,4757,4631,9388
20210502,7호선,신풍,5896,5663,11559
20210502,7호선,남구로,6470,6075,12545
20210502,7호선,까치울,4178,4081,8259
20210502,7호선,철산,9980,10150,20130
20210502,7호선,광명사거리,11609,11406,23015
20210502,7호선,천왕,4647,4488,9135
20210502,7호선,온수,3710,3757,7467
20210502,7호선,부천종합운동장,2437,2291,4728
20210502,7호선,신중동,6270,6115,12385
20210502,7호선,부천시청,6323,6043,12366
20210502,7호선,상동,6512,6162,12674
20210502,7호선,삼산체육관,2383,2238,4621
20210502,7호선,굴포천,4374,4260,8634
20210502,7호선,부평구청,4755,4232,8987
20210502,7호선,가산디지털단지,10803,9926,20729
20210502,7호선,내방,4742,4852,9594
20210502,7호선,고속터미널,12260,7709,19969
20210502,7호선,논현,6054,6511,12565
20210502,7호선,장암,1484,1048,2532
20210502,7호선,도봉산,5918,8537,14455
20210502,7호선,수락산,8402,8270,16672
20210502,7호선,마들,5629,5276,10905
20210502,7호선,노원,10323,10557,20880
20210502,7호선,중계,6454,6024,12478
20210502,7호선,하계,8472,8129,16601
20210502,7호선,공릉,6285,6437,12722
20210502,7호선,태릉입구,4819,4575,9394
20210502,7호선,먹골,5093,4960,10053
20210502,7호선,중화,5554,5469,11023
20210502,7호선,반포,2827,2917,5744
20210502,7호선,면목,7739,7645,15384
20210502,7호선,사가정,8911,8749,17660
20210502,7호선,용마산,3180,3584,6764
20210502,7호선,중곡,4855,4654,9509
20210502,7호선,군자,7234,5751,12985
20210502,7호선,어린이대공원,7937,8143,16080
20210502,7호선,건대입구,7644,8123,15767
20210502,7호선,뚝섬유원지,12145,11386,23531
20210502,7호선,청담,6225,6694,12919
20210502,7호선,강남구청,5175,5578,10753
20210502,7호선,학동,4967,5463,10430
20210502,7호선,상봉,9351,8830,18181
20210503,7호선,중곡,9947,9222,19169
20210503,7호선,군자,14754,11976,26730
20210503,7호선,어린이대공원,12510,12541,25051
20210503,7호선,건대입구,11825,12231,24056
20210503,7호선,논현,20481,21956,42437
20210503,7호선,청담,19490,21461,40951
20210503,7호선,강남구청,15705,17308,33013
20210503,7호선,학동,24212,25740,49952
20210503,7호선,용마산,6140,5887,12027
20210503,7호선,뚝섬유원지,10217,10027,20244
20210503,7호선,사가정,16550,16417,32967
20210503,7호선,공릉,11783,11851,23634
20210503,7호선,상봉,17152,15992,33144
20210503,7호선,중화,11081,10871,21952
20210503,7호선,먹골,9992,9717,19709
20210503,7호선,태릉입구,8226,7824,16050
20210503,7호선,하계,17305,16396,33701
20210503,7호선,중계,14578,13350,27928
20210503,7호선,노원,19402,20875,40277
20210503,7호선,마들,12539,11907,24446
20210503,7호선,수락산,13019,12756,25775
20210503,7호선,도봉산,9598,11139,20737
20210503,7호선,반포,5546,5380,10926
20210503,7호선,면목,15537,15234,30771
20210503,7호선,고속터미널,15874,13285,29159
20210503,7호선,장암,2432,957,3389
20210503,7호선,이수,15036,14955,29991
20210503,7호선,부평구청,11804,9632,21436
20210503,7호선,굴포천,8584,9197,17781
20210503,7호선,삼산체육관,5164,4612,9776
20210503,7호선,상동,12048,12579,24627
20210503,7호선,부천시청,12570,12200,24770
20210503,7호선,신중동,14412,14262,28674
20210503,7호선,춘의,9690,9604,19294
20210503,7호선,부천종합운동장,4738,4174,8912
20210503,7호선,까치울,7780,7515,15295
20210503,7호선,온수,11069,10226,21295
20210503,7호선,천왕,11757,11174,22931
20210503,7호선,내방,14431,14666,29097
20210503,7호선,철산,21840,22115,43955
20210503,7호선,가산디지털단지,48064,48599,96663
20210503,7호선,남구로,16607,17454,34061
20210503,7호선,대림,7986,7818,15804
20210503,7호선,신풍,11894,11260,23154
20210503,7호선,보라매,10019,10080,20099
20210503,7호선,신대방삼거리,16316,15979,32295
20210503,7호선,장승배기,9689,9442,19131
20210503,7호선,상도,10528,10172,20700
20210503,7호선,숭실대입구,12095,12414,24509
20210503,7호선,남성,11347,10497,21844
20210503,7호선,광명사거리,22498,22078,44576
20210504,7호선,중곡,9629,9094,18723
20210504,7호선,군자,14510,11906,26416
20210504,7호선,어린이대공원,11944,11844,23788
20210504,7호선,건대입구,11929,12455,24384
20210504,7호선,논현,20702,22383,43085
20210504,7호선,청담,18884,21476,40360
20210504,7호선,강남구청,16305,17769,34074
20210504,7호선,학동,24478,26248,50726
20210504,7호선,용마산,5912,5768,11680
20210504,7호선,뚝섬유원지,6532,6563,13095
20210504,7호선,사가정,15908,16042,31950
20210504,7호선,공릉,11422,11520,22942
20210504,7호선,상봉,16870,15799,32669
20210504,7호선,중화,10832,10554,21386
20210504,7호선,먹골,9968,9722,19690
20210504,7호선,태릉입구,8093,7687,15780
20210504,7호선,하계,17590,16692,34282
20210504,7호선,중계,14169,12915,27084
20210504,7호선,노원,19589,20667,40256
20210504,7호선,마들,12278,11719,23997
20210504,7호선,수락산,12334,12138,24472
20210504,7호선,도봉산,8753,9957,18710
20210504,7호선,반포,5590,5347,10937
20210504,7호선,면목,15300,15040,30340
20210504,7호선,장암,2165,853,3018
20210504,7호선,고속터미널,15158,13081,28239
20210504,7호선,이수,15703,15301,31004
20210504,7호선,내방,14351,14742,29093
20210504,7호선,부평구청,11501,9411,20912
20210504,7호선,굴포천,8579,9026,17605
20210504,7호선,삼산체육관,4973,4482,9455
20210504,7호선,상동,12395,12923,25318
20210504,7호선,부천시청,12277,12170,24447
20210504,7호선,신중동,14037,13946,27983
20210504,7호선,부천종합운동장,4324,3681,8005
20210504,7호선,까치울,7266,6935,14201
20210504,7호선,온수,10837,9816,20653
20210504,7호선,천왕,11445,10859,22304
20210504,7호선,춘의,9569,9422,18991
20210504,7호선,철산,21990,22234,44224
20210504,7호선,광명사거리,21745,21342,43087
20210504,7호선,숭실대입구,11795,11877,23672
20210504,7호선,상도,10445,10251,20696
20210504,7호선,장승배기,9456,9273,18729
20210504,7호선,신대방삼거리,15996,15426,31422
20210504,7호선,남성,11152,10643,21795
20210504,7호선,신풍,11657,11190,22847
20210504,7호선,대림,7855,7756,15611
20210504,7호선,남구로,16303,17494,33797
20210504,7호선,가산디지털단지,48351,48198,96549
20210504,7호선,보라매,9931,9797,19728
20210505,7호선,남구로,7007,7189,14196
20210505,7호선,이수,8676,8396,17072
20210505,7호선,남성,5993,5712,11705
20210505,7호선,숭실대입구,6345,6651,12996
20210505,7호선,상도,5702,5525,11227
20210505,7호선,장승배기,5470,5111,10581
20210505,7호선,신대방삼거리,8422,8080,16502
20210505,7호선,보라매,4674,4604,9278
20210505,7호선,신풍,6383,6085,12468
20210505,7호선,대림,5644,5558,11202
20210505,7호선,가산디지털단지,12662,11648,24310
20210505,7호선,내방,5891,5960,11851
20210505,7호선,광명사거리,13694,13710,27404
20210505,7호선,천왕,5555,5320,10875
20210505,7호선,온수,4312,4425,8737
20210505,7호선,까치울,4695,4733,9428
20210505,7호선,부천종합운동장,2561,2408,4969
20210505,7호선,춘의,4091,4013,8104
20210505,7호선,신중동,7522,7210,14732
20210505,7호선,부천시청,7613,7356,14969
20210505,7호선,상동,7342,7470,14812
20210505,7호선,삼산체육관,2782,2642,5424
20210505,7호선,굴포천,4884,5077,9961
20210505,7호선,철산,11870,11947,23817
20210505,7호선,고속터미널,8955,7141,16096
20210505,7호선,부평구청,5490,4790,10280
20210505,7호선,논현,7534,8065,15599
20210505,7호선,장암,1443,1004,2447
20210505,7호선,도봉산,5807,8313,14120
20210505,7호선,수락산,8636,8465,17101
20210505,7호선,마들,7092,6716,13808
20210505,7호선,노원,12539,13145,25684
20210505,7호선,중계,7626,6868,14494
20210505,7호선,하계,10329,9947,20276
20210505,7호선,공릉,7511,7550,15061
20210505,7호선,태릉입구,5333,5021,10354
20210505,7호선,먹골,6314,6053,12367
20210505,7호선,중화,6472,6255,12727
20210505,7호선,반포,3364,3283,6647
20210505,7호선,면목,9276,9125,18401
20210505,7호선,학동,6247,6515,12762
20210505,7호선,강남구청,6225,6931,13156
20210505,7호선,청담,7318,7923,15241
20210505,7호선,뚝섬유원지,14632,14381,29013
20210505,7호선,건대입구,9365,9834,19199
20210505,7호선,상봉,10936,10489,21425
20210505,7호선,군자,8759,6707,15466
20210505,7호선,중곡,5558,5304,10862
20210505,7호선,용마산,3803,4003,7806
20210505,7호선,사가정,10338,10141,20479
20210505,7호선,어린이대공원,12451,13152,25603
20210506,7호선,가산디지털단지,47456,47983,95439
20210506,7호선,이수,15634,15201,30835
20210506,7호선,남성,11317,10596,21913
20210506,7호선,숭실대입구,12069,12464,24533
20210506,7호선,상도,10817,10470,21287
20210506,7호선,신대방삼거리,16292,15781,32073
20210506,7호선,보라매,10052,10000,20052
20210506,7호선,신풍,11816,11159,22975
20210506,7호선,대림,7664,7647,15311
20210506,7호선,남구로,16357,17448,33805
20210506,7호선,철산,22087,22348,44435
20210506,7호선,춘의,9685,9549,19234
20210506,7호선,천왕,11731,11047,22778
20210506,7호선,온수,11032,10236,21268
20210506,7호선,까치울,7995,7573,15568
20210506,7호선,부천종합운동장,4804,4290,9094
20210506,7호선,내방,14484,14934,29418
20210506,7호선,신중동,14653,14498,29151
20210506,7호선,부천시청,12636,12417,25053
20210506,7호선,상동,12214,12605,24819
20210506,7호선,삼산체육관,5185,4645,9830
20210506,7호선,굴포천,8630,9280,17910
20210506,7호선,부평구청,11921,9917,21838
20210506,7호선,광명사거리,22615,22284,44899
20210506,7호선,고속터미널,15083,12865,27948
20210506,7호선,장승배기,9752,9449,19201
20210506,7호선,논현,21054,22659,43713
20210506,7호선,반포,5841,5707,11548
20210506,7호선,도봉산,9588,11260,20848
20210506,7호선,수락산,13138,12969,26107
20210506,7호선,마들,12845,12153,24998
20210506,7호선,노원,19554,20839,40393
20210506,7호선,중계,14729,13462,28191
20210506,7호선,하계,17753,16807,34560
20210506,7호선,공릉,11938,11829,23767
20210506,7호선,태릉입구,8473,7932,16405
20210506,7호선,먹골,10165,10012,20177
20210506,7호선,중화,11064,10940,22004
20210506,7호선,상봉,17394,16142,33536
20210506,7호선,장암,2395,990,3385
20210506,7호선,사가정,16831,16610,33441
20210506,7호선,면목,15733,15333,31066
20210506,7호선,강남구청,16873,18461,35334
20210506,7호선,청담,19837,22121,41958
20210506,7호선,뚝섬유원지,10800,10551,21351
20210506,7호선,학동,24498,26171,50669
20210506,7호선,어린이대공원,12736,12615,25351
20210506,7호선,군자,14872,11944,26816
20210506,7호선,중곡,10116,9351,19467
20210506,7호선,용마산,6236,6159,12395
20210506,7호선,건대입구,11796,12383,24179
20210507,7호선,남성,11425,10456,21881
20210507,7호선,가산디지털단지,47401,46516,93917
20210507,7호선,숭실대입구,12425,12159,24584
20210507,7호선,상도,10865,10261,21126
20210507,7호선,장승배기,9841,9364,19205
20210507,7호선,신대방삼거리,16551,15451,32002
20210507,7호선,보라매,9821,9782,19603
20210507,7호선,신풍,11773,11158,22931
20210507,7호선,대림,7628,7849,15477
20210507,7호선,남구로,16201,17181,33382
20210507,7호선,철산,21881,22906,44787
20210507,7호선,춘의,9650,9376,19026
20210507,7호선,천왕,11394,10690,22084
20210507,7호선,온수,10833,9733,20566
20210507,7호선,까치울,7613,7427,15040
20210507,7호선,부천종합운동장,4601,4063,8664
20210507,7호선,신중동,14500,14625,29125
20210507,7호선,부천시청,12812,12816,25628
20210507,7호선,상동,12529,13291,25820
20210507,7호선,삼산체육관,4905,4566,9471
20210507,7호선,굴포천,8839,9523,18362
20210507,7호선,부평구청,11898,9931,21829
20210507,7호선,이수,15997,15333,31330
20210507,7호선,광명사거리,22511,22134,44645
20210507,7호선,내방,14563,14837,29400
20210507,7호선,중계,14524,13082,27606
20210507,7호선,반포,6205,5821,12026
20210507,7호선,고속터미널,16806,14721,31527
20210507,7호선,도봉산,8986,10473,19459
20210507,7호선,수락산,12599,12510,25109
20210507,7호선,마들,12728,11779,24507
20210507,7호선,노원,20055,21788,41843
20210507,7호선,하계,17403,16510,33913
20210507,7호선,공릉,12433,12009,24442
20210507,7호선,태릉입구,8594,8016,16610
20210507,7호선,먹골,10056,9802,19858
20210507,7호선,중화,11298,10909,22207
20210507,7호선,상봉,17305,16281,33586
20210507,7호선,장암,2218,928,3146
20210507,7호선,사가정,16688,16768,33456
20210507,7호선,면목,15661,15335,30996
20210507,7호선,학동,23981,25536,49517
20210507,7호선,강남구청,16641,18258,34899
20210507,7호선,청담,19769,21889,41658
20210507,7호선,뚝섬유원지,8535,8503,17038
20210507,7호선,논현,20891,22771,43662
20210507,7호선,건대입구,12413,12809,25222
20210507,7호선,어린이대공원,12197,11742,23939
20210507,7호선,군자,15096,11868,26964
20210507,7호선,중곡,10064,9381,19445
20210507,7호선,용마산,6434,6123,12557
20210508,7호선,가산디지털단지,13281,11922,25203
20210508,7호선,숭실대입구,7295,7229,14524
20210508,7호선,상도,6607,6092,12699
20210508,7호선,부평구청,6317,5750,12067
20210508,7호선,신대방삼거리,10193,9526,19719
20210508,7호선,보라매,5711,5337,11048
20210508,7호선,신풍,7441,7233,14674
20210508,7호선,대림,6412,6913,13325
20210508,7호선,남구로,7938,8491,16429
20210508,7호선,남성,7007,6542,13549
20210508,7호선,철산,13311,13642,26953
20210508,7호선,춘의,4662,4388,9050
20210508,7호선,천왕,6106,5736,11842
20210508,7호선,온수,5154,5092,10246
20210508,7호선,까치울,4889,4926,9815
20210508,7호선,부천종합운동장,3021,2722,5743
20210508,7호선,신중동,8362,8323,16685
20210508,7호선,부천시청,8290,8220,16510
20210508,7호선,상동,8607,8811,17418
20210508,7호선,삼산체육관,2993,2807,5800
20210508,7호선,굴포천,5775,6049,11824
20210508,7호선,이수,10125,9103,19228
20210508,7호선,광명사거리,15162,15404,30566
20210508,7호선,내방,7070,6980,14050
20210508,7호선,장승배기,6170,5897,12067
20210508,7호선,고속터미널,11934,9782,21716
20210508,7호선,장암,1331,888,2219
20210508,7호선,도봉산,5410,7588,12998
20210508,7호선,수락산,8805,8717,17522
20210508,7호선,마들,8102,7553,15655
20210508,7호선,노원,13877,14545,28422
20210508,7호선,중계,8372,7494,15866
20210508,7호선,하계,10973,10362,21335
20210508,7호선,공릉,7836,7677,15513
20210508,7호선,태릉입구,5739,5190,10929
20210508,7호선,먹골,6904,6761,13665
20210508,7호선,중화,7095,6708,13803
20210508,7호선,상봉,11731,11207,22938
20210508,7호선,반포,3993,3928,7921
20210508,7호선,사가정,11398,11200,22598
20210508,7호선,용마산,3896,3876,7772
20210508,7호선,중곡,6044,5790,11834
20210508,7호선,군자,9600,7191,16791
20210508,7호선,어린이대공원,8903,8190,17093
20210508,7호선,건대입구,8892,9266,18158
20210508,7호선,뚝섬유원지,7607,7629,15236
20210508,7호선,청담,10073,10471,20544
20210508,7호선,강남구청,8293,8935,17228
20210508,7호선,학동,8607,8660,17267
20210508,7호선,논현,10372,10722,21094
20210508,7호선,면목,10208,10166,20374
20210509,7호선,중곡,4964,4899,9863
20210509,7호선,군자,7250,6013,13263
20210509,7호선,어린이대공원,8165,8583,16748
20210509,7호선,건대입구,7099,7969,15068
20210509,7호선,논현,6076,6761,12837
20210509,7호선,청담,5961,6303,12264
20210509,7호선,강남구청,4986,5473,10459
20210509,7호선,학동,4926,5328,10254
20210509,7호선,용마산,3319,3669,6988
20210509,7호선,뚝섬유원지,12192,11743,23935
20210509,7호선,사가정,8998,8940,17938
20210509,7호선,공릉,6022,6398,12420
20210509,7호선,상봉,8763,8500,17263
20210509,7호선,중화,5755,5567,11322
20210509,7호선,먹골,5181,5086,10267
20210509,7호선,태릉입구,4803,4625,9428
20210509,7호선,하계,8792,8261,17053
20210509,7호선,중계,6525,6078,12603
20210509,7호선,노원,10725,10997,21722
20210509,7호선,마들,5793,5430,11223
20210509,7호선,수락산,8609,8306,16915
20210509,7호선,도봉산,5731,8441,14172
20210509,7호선,반포,2816,2778,5594
20210509,7호선,면목,7750,7644,15394
20210509,7호선,고속터미널,14915,7546,22461
20210509,7호선,장암,1524,1078,2602
20210509,7호선,이수,7470,7220,14690
20210509,7호선,부평구청,4981,4192,9173
20210509,7호선,굴포천,4434,4305,8739
20210509,7호선,삼산체육관,2459,2190,4649
20210509,7호선,상동,6349,6165,12514
20210509,7호선,부천시청,6390,6102,12492
20210509,7호선,신중동,6483,6298,12781
20210509,7호선,춘의,3317,3066,6383
20210509,7호선,부천종합운동장,2371,2106,4477
20210509,7호선,까치울,4253,4047,8300
20210509,7호선,온수,3866,3932,7798
20210509,7호선,천왕,4739,4533,9272
20210509,7호선,내방,4931,5210,10141
20210509,7호선,철산,10059,10050,20109
20210509,7호선,가산디지털단지,10123,9860,19983
20210509,7호선,남구로,6602,6469,13071
20210509,7호선,대림,6521,6094,12615
20210509,7호선,신풍,5702,5518,11220
20210509,7호선,보라매,3866,4031,7897
20210509,7호선,신대방삼거리,7268,7693,14961
20210509,7호선,장승배기,4492,4540,9032
20210509,7호선,상도,4870,5227,10097
20210509,7호선,숭실대입구,5417,6079,11496
20210509,7호선,남성,4976,5228,10204
20210509,7호선,광명사거리,11779,11572,23351
20210510,7호선,대림,7863,7660,15523
20210510,7호선,신풍,11753,11229,22982
20210510,7호선,보라매,10000,10023,20023
20210510,7호선,신대방삼거리,16010,15713,31723
20210510,7호선,이수,14837,14509,29346
20210510,7호선,상도,10458,10347,20805
20210510,7호선,숭실대입구,11452,11900,23352
20210510,7호선,남성,11143,10588,21731
20210510,7호선,남구로,16656,17448,34104
20210510,7호선,장승배기,9480,9282,18762
20210510,7호선,가산디지털단지,48298,48619,96917
20210510,7호선,부천종합운동장,4450,3844,8294
20210510,7호선,광명사거리,21947,21271,43218
20210510,7호선,천왕,11655,11018,22673
20210510,7호선,온수,11034,10117,21151
20210510,7호선,까치울,7436,7214,14650
20210510,7호선,춘의,9565,9534,19099
20210510,7호선,신중동,13949,13618,27567
20210510,7호선,부천시청,11990,11813,23803
20210510,7호선,상동,11962,12420,24382
20210510,7호선,삼산체육관,4885,4429,9314
20210510,7호선,굴포천,8281,8940,17221
20210510,7호선,내방,14363,14667,29030
20210510,7호선,철산,21307,21769,43076
20210510,7호선,부평구청,11730,9627,21357
20210510,7호선,학동,24405,26011,50416
20210510,7호선,반포,5630,5335,10965
20210510,7호선,고속터미널,16033,12491,28524
20210510,7호선,강남구청,15570,17107,32677
20210510,7호선,청담,19399,21398,40797
20210510,7호선,논현,20379,21860,42239
20210510,7호선,뚝섬유원지,7368,7211,14579
20210510,7호선,건대입구,11463,11878,23341
20210510,7호선,어린이대공원,11519,11776,23295
20210510,7호선,중곡,9989,9197,19186
20210510,7호선,용마산,5992,5767,11759
20210510,7호선,사가정,16152,16231,32383
20210510,7호선,면목,15327,15000,30327
20210510,7호선,군자,14426,11793,26219
20210510,7호선,중화,10831,10734,21565
20210510,7호선,상봉,16719,15750,32469
20210510,7호선,도봉산,9060,10294,19354
20210510,7호선,수락산,12476,12386,24862
20210510,7호선,마들,12212,11686,23898
20210510,7호선,노원,18846,19990,38836
20210510,7호선,장암,2322,843,3165
20210510,7호선,하계,16975,16170,33145
20210510,7호선,공릉,11754,11791,23545
20210510,7호선,태릉입구,7954,7695,15649
20210510,7호선,먹골,9883,9733,19616
20210510,7호선,중계,14201,13074,27275
20210511,7호선,남구로,16641,17686,34327
20210511,7호선,이수,15776,15324,31100
20210511,7호선,남성,11999,11220,23219
20210511,7호선,숭실대입구,12571,12876,25447
20210511,7호선,상도,11002,10789,21791
20210511,7호선,장승배기,10275,9916,20191
20210511,7호선,신대방삼거리,16496,15861,32357
20210511,7호선,보라매,10209,10453,20662
20210511,7호선,신풍,12272,11722,23994
20210511,7호선,대림,8060,7943,16003
20210511,7호선,가산디지털단지,48743,49068,97811
20210511,7호선,부평구청,12310,10154,22464
20210511,7호선,광명사거리,22616,22293,44909
20210511,7호선,천왕,11959,11507,23466
20210511,7호선,온수,11424,10475,21899
20210511,7호선,까치울,8103,7713,15816
20210511,7호선,부천종합운동장,4821,4218,9039
20210511,7호선,춘의,9898,9701,19599
20210511,7호선,신중동,14823,14723,29546
20210511,7호선,부천시청,12618,12624,25242
20210511,7호선,상동,12508,13002,25510
20210511,7호선,삼산체육관,5185,4789,9974
20210511,7호선,굴포천,8779,9388,18167
20210511,7호선,철산,22096,22480,44576
20210511,7호선,내방,14709,15048,29757
20210511,7호선,고속터미널,14819,12840,27659
20210511,7호선,논현,21340,22733,44073
20210511,7호선,장암,2392,1033,3425
20210511,7호선,도봉산,9890,11479,21369
20210511,7호선,수락산,13249,13054,26303
20210511,7호선,마들,12760,12171,24931
20210511,7호선,노원,19649,21088,40737
20210511,7호선,중계,14608,13410,28018
20210511,7호선,하계,17913,16936,34849
20210511,7호선,공릉,12197,12190,24387
20210511,7호선,태릉입구,8583,8129,16712
20210511,7호선,먹골,10205,9934,20139
20210511,7호선,중화,11204,10995,22199
20210511,7호선,반포,5843,5683,11526
20210511,7호선,면목,15986,15698,31684
20210511,7호선,학동,25020,26784,51804
20210511,7호선,강남구청,17006,18386,35392
20210511,7호선,청담,20143,22422,42565
20210511,7호선,뚝섬유원지,10439,10400,20839
20210511,7호선,건대입구,12087,12351,24438
20210511,7호선,상봉,17393,16512,33905
20210511,7호선,군자,15100,12098,27198
20210511,7호선,중곡,10296,9522,19818
20210511,7호선,용마산,6346,6164,12510
20210511,7호선,사가정,16810,16725,33535
20210511,7호선,어린이대공원,13108,13083,26191
20210512,7호선,용마산,6266,6219,12485
20210512,7호선,논현,21296,22693,43989
20210512,7호선,학동,25168,26919,52087
20210512,7호선,강남구청,16942,18407,35349
20210512,7호선,청담,20115,22477,42592
20210512,7호선,뚝섬유원지,10774,10584,21358
20210512,7호선,건대입구,12033,12323,24356
20210512,7호선,어린이대공원,13177,13152,26329
20210512,7호선,군자,15193,12200,27393
20210512,7호선,중곡,10273,9498,19771
20210512,7호선,사가정,16651,16588,33239
20210512,7호선,공릉,12365,12290,24655
20210512,7호선,상봉,17458,16372,33830
20210512,7호선,중화,11270,11106,22376
20210512,7호선,먹골,10346,10138,20484
20210512,7호선,태릉입구,8756,8319,17075
20210512,7호선,고속터미널,14772,12976,27748
20210512,7호선,하계,18525,17647,36172
20210512,7호선,중계,14712,13417,28129
20210512,7호선,노원,19505,20958,40463
20210512,7호선,마들,12713,12285,24998
20210512,7호선,수락산,13364,13161,26525
20210512,7호선,도봉산,9842,11586,21428
20210512,7호선,면목,16026,15519,31545
20210512,7호선,내방,14850,15231,30081
20210512,7호선,장암,2438,979,3417
20210512,7호선,남성,12023,11247,23270
20210512,7호선,반포,6012,5824,11836
20210512,7호선,부평구청,12340,10168,22508
20210512,7호선,굴포천,8773,9340,18113
20210512,7호선,삼산체육관,5320,4854,10174
20210512,7호선,상동,12797,13366,26163
20210512,7호선,부천시청,12707,12613,25320
20210512,7호선,신중동,14929,14775,29704
20210512,7호선,춘의,9995,9797,19792
20210512,7호선,부천종합운동장,4807,4274,9081
20210512,7호선,까치울,8183,7906,16089
20210512,7호선,온수,11422,10586,22008
20210512,7호선,이수,15796,15386,31182
20210512,7호선,광명사거리,23076,22500,45576
20210512,7호선,철산,22363,22860,45223
20210512,7호선,가산디지털단지,48331,48817,97148
20210512,7호선,남구로,16652,17644,34296
20210512,7호선,대림,7718,7652,15370
20210512,7호선,신풍,12310,11732,24042
20210512,7호선,보라매,10145,10268,20413
20210512,7호선,신대방삼거리,16626,16062,32688
20210512,7호선,장승배기,10051,9714,19765
20210512,7호선,상도,11142,10755,21897
20210512,7호선,숭실대입구,12290,12650,24940
20210512,7호선,천왕,11940,11385,23325
20210513,7호선,대림,7609,7667,15276
20210513,7호선,신풍,12176,11547,23723
20210513,7호선,보라매,10194,10318,20512
20210513,7호선,신대방삼거리,16596,15940,32536
20210513,7호선,이수,15599,15223,30822
20210513,7호선,상도,11068,10682,21750
20210513,7호선,숭실대입구,12504,12909,25413
20210513,7호선,남성,11906,11034,22940
20210513,7호선,남구로,16369,17437,33806
20210513,7호선,장승배기,10206,9830,20036
20210513,7호선,가산디지털단지,48180,48671,96851
20210513,7호선,부천종합운동장,4871,4204,9075
20210513,7호선,광명사거리,22443,22106,44549
20210513,7호선,천왕,11946,11299,23245
20210513,7호선,온수,11250,10258,21508
20210513,7호선,까치울,7891,7711,15602
20210513,7호선,춘의,9859,9739,19598
20210513,7호선,신중동,14786,14597,29383
20210513,7호선,부천시청,12705,12577,25282
20210513,7호선,상동,12681,13154,25835
20210513,7호선,삼산체육관,5238,4785,10023
20210513,7호선,굴포천,8781,9378,18159
20210513,7호선,내방,14679,15074,29753
20210513,7호선,철산,21851,22301,44152
20210513,7호선,부평구청,12225,9985,22210
20210513,7호선,고속터미널,14981,13006,27987
20210513,7호선,논현,21260,22769,44029
20210513,7호선,반포,6032,5730,11762
20210513,7호선,장암,2397,1027,3424
20210513,7호선,도봉산,9684,11410,21094
20210513,7호선,수락산,13204,12985,26189
20210513,7호선,마들,12979,12205,25184
20210513,7호선,노원,19309,20601,39910
20210513,7호선,중계,14741,13464,28205
20210513,7호선,공릉,12233,12224,24457
20210513,7호선,태릉입구,8667,8461,17128
20210513,7호선,먹골,10273,9971,20244
20210513,7호선,중화,11106,10935,22041
20210513,7호선,하계,17658,16910,34568
20210513,7호선,면목,15953,15381,31334
20210513,7호선,상봉,17445,16147,33592
20210513,7호선,강남구청,16911,18668,35579
20210513,7호선,청담,20001,22567,42568
20210513,7호선,뚝섬유원지,10936,10776,21712
20210513,7호선,건대입구,12024,12396,24420
20210513,7호선,학동,24623,26439,51062
20210513,7호선,군자,15021,12010,27031
20210513,7호선,중곡,10015,9298,19313
20210513,7호선,용마산,6290,6198,12488
20210513,7호선,사가정,16781,16730,33511
20210513,7호선,어린이대공원,13121,12984,26105
20210514,7호선,이수,16541,16071,32612
20210514,7호선,남구로,16427,17406,33833
20210514,7호선,남성,12080,11018,23098
20210514,7호선,숭실대입구,12738,12694,25432
20210514,7호선,상도,11547,10969,22516
20210514,7호선,장승배기,10091,9595,19686
20210514,7호선,신대방삼거리,16796,16156,32952
20210514,7호선,보라매,10400,10324,20724
20210514,7호선,신풍,12407,11801,24208
20210514,7호선,대림,7802,7994,15796
20210514,7호선,가산디지털단지,48063,47672,95735
20210514,7호선,부천종합운동장,4862,4220,9082
20210514,7호선,광명사거리,23167,22689,45856
20210514,7호선,천왕,12060,11463,23523
20210514,7호선,온수,11289,10313,21602
20210514,7호선,까치울,8064,7689,15753
20210514,7호선,춘의,10117,9715,19832
20210514,7호선,신중동,15171,15276,30447
20210514,7호선,부천시청,13173,13228,26401
20210514,7호선,상동,13022,13766,26788
20210514,7호선,삼산체육관,5423,4862,10285
20210514,7호선,굴포천,8863,9496,18359
20210514,7호선,부평구청,12213,9953,22166
20210514,7호선,철산,22813,23693,46506
20210514,7호선,내방,15003,15216,30219
20210514,7호선,고속터미널,16529,13762,30291
20210514,7호선,논현,21634,23412,45046
20210514,7호선,장암,2443,1017,3460
20210514,7호선,도봉산,9684,11368,21052
20210514,7호선,수락산,13487,13163,26650
20210514,7호선,마들,13018,12330,25348
20210514,7호선,노원,20459,22215,42674
20210514,7호선,중계,15081,13501,28582
20210514,7호선,하계,18093,16916,35009
20210514,7호선,공릉,12598,12491,25089
20210514,7호선,태릉입구,9204,8781,17985
20210514,7호선,먹골,10546,10377,20923
20210514,7호선,중화,11730,11312,23042
20210514,7호선,반포,6289,5974,12263
20210514,7호선,면목,16169,15691,31860
20210514,7호선,사가정,17135,17203,34338
20210514,7호선,용마산,6387,6241,12628
20210514,7호선,중곡,10608,9731,20339
20210514,7호선,군자,15602,12274,27876
20210514,7호선,어린이대공원,13957,13731,27688
20210514,7호선,건대입구,12532,13123,25655
20210514,7호선,뚝섬유원지,12795,13131,25926
20210514,7호선,청담,20209,22701,42910
20210514,7호선,강남구청,17076,18904,35980
20210514,7호선,학동,24623,26487,51110
20210514,7호선,상봉,17818,17017,34835
20210515,7호선,대림,6852,7355,14207
20210515,7호선,신풍,7713,7578,15291
20210515,7호선,보라매,5932,5705,11637
20210515,7호선,신대방삼거리,10815,10105,20920
20210515,7호선,이수,11392,10597,21989
20210515,7호선,상도,7169,6823,13992
20210515,7호선,숭실대입구,7577,7658,15235
20210515,7호선,남성,7565,7109,14674
20210515,7호선,남구로,8162,8727,16889
20210515,7호선,장승배기,6341,6297,12638
20210515,7호선,가산디지털단지,14034,12744,26778
20210515,7호선,부천종합운동장,2895,2595,5490
20210515,7호선,광명사거리,15642,15892,31534
20210515,7호선,천왕,6344,6054,12398
20210515,7호선,온수,5385,5260,10645
20210515,7호선,까치울,5100,5007,10107
20210515,7호선,춘의,4888,4695,9583
20210515,7호선,신중동,9245,8935,18180
20210515,7호선,부천시청,9068,8863,17931
20210515,7호선,상동,9714,9906,19620
20210515,7호선,삼산체육관,3190,3047,6237
20210515,7호선,굴포천,6118,6433,12551
20210515,7호선,내방,7693,7731,15424
20210515,7호선,철산,14582,14763,29345
20210515,7호선,고속터미널,13224,10300,23524
20210515,7호선,부평구청,6563,5779,12342
20210515,7호선,논현,10934,11844,22778
20210515,7호선,장암,1422,989,2411
20210515,7호선,도봉산,5953,8207,14160
20210515,7호선,수락산,9777,9597,19374
20210515,7호선,마들,8352,8000,16352
20210515,7호선,노원,15475,15565,31040
20210515,7호선,중계,9002,8310,17312
20210515,7호선,하계,11806,10987,22793
20210515,7호선,공릉,8817,8646,17463
20210515,7호선,태릉입구,6396,5970,12366
20210515,7호선,먹골,7591,7384,14975
20210515,7호선,중화,8052,7788,15840
20210515,7호선,반포,4304,4163,8467
20210515,7호선,면목,10529,10160,20689
20210515,7호선,사가정,11753,11494,23247
20210515,7호선,용마산,4382,4419,8801
20210515,7호선,중곡,6664,6325,12989
20210515,7호선,군자,10037,7823,17860
20210515,7호선,어린이대공원,8465,8132,16597
20210515,7호선,건대입구,10398,10434,20832
20210515,7호선,뚝섬유원지,5685,5555,11240
20210515,7호선,청담,10964,11578,22542
20210515,7호선,강남구청,9098,10160,19258
20210515,7호선,학동,10128,10574,20702
20210515,7호선,상봉,12535,12035,24570
20210516,7호선,대림,5880,5453,11333
20210516,7호선,신풍,5016,4896,9912
20210516,7호선,보라매,3335,3353,6688
20210516,7호선,신대방삼거리,6272,6148,12420
20210516,7호선,이수,6623,6409,13032
20210516,7호선,상도,4428,4369,8797
20210516,7호선,숭실대입구,4573,4797,9370
20210516,7호선,남성,4282,4305,8587
20210516,7호선,남구로,5914,5732,11646
20210516,7호선,장승배기,3950,3866,7816
20210516,7호선,가산디지털단지,8391,7547,15938
20210516,7호선,부천종합운동장,1724,1508,3232
20210516,7호선,광명사거리,9939,9692,19631
20210516,7호선,천왕,3822,3747,7569
20210516,7호선,온수,3027,3054,6081
20210516,7호선,까치울,3076,3115,6191
20210516,7호선,춘의,2701,2606,5307
20210516,7호선,신중동,5332,5357,10689
20210516,7호선,부천시청,5367,5222,10589
20210516,7호선,상동,5620,5391,11011
20210516,7호선,삼산체육관,1808,1775,3583
20210516,7호선,굴포천,3746,3826,7572
20210516,7호선,내방,4186,4476,8662
20210516,7호선,철산,8358,8240,16598
20210516,7호선,부평구청,4104,3666,7770
20210516,7호선,고속터미널,10365,6643,17008
20210516,7호선,논현,5234,5646,10880
20210516,7호선,반포,2419,2488,4907
20210516,7호선,장암,776,458,1234
20210516,7호선,도봉산,3317,4465,7782
20210516,7호선,수락산,5644,5576,11220
20210516,7호선,마들,4804,4582,9386
20210516,7호선,노원,8652,8587,17239
20210516,7호선,중계,5330,5108,10438
20210516,7호선,공릉,5220,5398,10618
20210516,7호선,태릉입구,3868,3660,7528
20210516,7호선,먹골,4297,4240,8537
20210516,7호선,중화,4661,4537,9198
20210516,7호선,하계,7149,6780,13929
20210516,7호선,면목,6288,6384,12672
20210516,7호선,상봉,7622,7164,14786
20210516,7호선,강남구청,4551,4887,9438
20210516,7호선,청담,5666,5963,11629
20210516,7호선,뚝섬유원지,3230,3238,6468
20210516,7호선,건대입구,6619,6910,13529
20210516,7호선,학동,4477,4827,9304
20210516,7호선,군자,6097,4988,11085
20210516,7호선,중곡,4019,3951,7970
20210516,7호선,용마산,2702,2803,5505
20210516,7호선,사가정,7039,7105,14144
20210516,7호선,어린이대공원,6077,5943,12020
20210517,7호선,남구로,16530,17380,33910
20210517,7호선,장암,2257,797,3054
20210517,7호선,남성,11005,10374,21379
20210517,7호선,숭실대입구,11708,12234,23942
20210517,7호선,상도,10405,10164,20569
20210517,7호선,장승배기,9403,9179,18582
20210517,7호선,신대방삼거리,16023,15420,31443
20210517,7호선,보라매,9748,9696,19444
20210517,7호선,신풍,11723,11157,22880
20210517,7호선,대림,8145,7852,15997
20210517,7호선,가산디지털단지,48045,48599,96644
20210517,7호선,도봉산,9050,10101,19151
20210517,7호선,광명사거리,21833,21250,43083
20210517,7호선,천왕,11544,11020,22564
20210517,7호선,온수,10906,10022,20928
20210517,7호선,까치울,7337,7077,14414
20210517,7호선,부천종합운동장,4663,4031,8694
20210517,7호선,춘의,9541,9467,19008
20210517,7호선,신중동,14044,13763,27807
20210517,7호선,부천시청,12179,11961,24140
20210517,7호선,상동,11964,12395,24359
20210517,7호선,삼산체육관,5072,4517,9589
20210517,7호선,굴포천,8466,9043,17509
20210517,7호선,철산,21497,21814,43311
20210517,7호선,수락산,12359,12291,24650
20210517,7호선,부평구청,11773,9612,21385
20210517,7호선,노원,19105,20130,39235
20210517,7호선,이수,14724,14381,29105
20210517,7호선,내방,14383,14693,29076
20210517,7호선,고속터미널,15202,12661,27863
20210517,7호선,반포,5567,5418,10985
20210517,7호선,논현,20812,22262,43074
20210517,7호선,학동,24575,26199,50774
20210517,7호선,강남구청,15775,17296,33071
20210517,7호선,청담,19209,21535,40744
20210517,7호선,뚝섬유원지,7143,7052,14195
20210517,7호선,건대입구,11380,11720,23100
20210517,7호선,어린이대공원,11974,11906,23880
20210517,7호선,마들,12391,11731,24122
20210517,7호선,중곡,9855,9071,18926
20210517,7호선,중계,14098,12966,27064
20210517,7호선,하계,17168,16238,33406
20210517,7호선,공릉,11558,11618,23176
20210517,7호선,태릉입구,8260,8088,16348
20210517,7호선,먹골,9747,9557,19304
20210517,7호선,군자,14501,11857,26358
20210517,7호선,상봉,16564,15432,31996
20210517,7호선,면목,15321,14936,30257
20210517,7호선,사가정,16255,16125,32380
20210517,7호선,용마산,6058,5824,11882
20210517,7호선,중화,10855,10692,21547
20210518,7호선,사가정,17424,17203,34627
20210518,7호선,논현,21885,23700,45585
20210518,7호선,학동,25065,27032,52097
20210518,7호선,강남구청,16830,18644,35474
20210518,7호선,청담,19976,22349,42325
20210518,7호선,건대입구,12216,12586,24802
20210518,7호선,어린이대공원,13485,13472,26957
20210518,7호선,군자,15597,12403,28000
20210518,7호선,중곡,10514,9668,20182
20210518,7호선,용마산,6391,6132,12523
20210518,7호선,면목,16514,15662,32176
20210518,7호선,하계,18592,17320,35912
20210518,7호선,중화,11715,11263,22978
20210518,7호선,먹골,10725,10424,21149
20210518,7호선,태릉입구,9749,9698,19447
20210518,7호선,공릉,12604,12388,24992
20210518,7호선,반포,6103,5698,11801
20210518,7호선,중계,14904,13320,28224
20210518,7호선,노원,20433,21603,42036
20210518,7호선,마들,12895,12088,24983
20210518,7호선,수락산,13617,13289,26906
20210518,7호선,도봉산,10000,11484,21484
20210518,7호선,장암,2389,955,3344
20210518,7호선,상봉,17833,16944,34777
20210518,7호선,고속터미널,15906,13781,29687
20210518,7호선,뚝섬유원지,10231,10171,20402
20210518,7호선,이수,16274,15865,32139
20210518,7호선,내방,14913,15355,30268
20210518,7호선,굴포천,8931,9519,18450
20210518,7호선,삼산체육관,5438,4805,10243
20210518,7호선,상동,13002,13656,26658
20210518,7호선,부천시청,13057,12829,25886
20210518,7호선,신중동,14987,14970,29957
20210518,7호선,춘의,10023,9727,19750
20210518,7호선,부천종합운동장,4952,4289,9241
20210518,7호선,까치울,8242,7866,16108
20210518,7호선,온수,11576,10395,21971
20210518,7호선,천왕,12189,11390,23579
20210518,7호선,광명사거리,23155,22632,45787
20210518,7호선,부평구청,12266,9855,22121
20210518,7호선,가산디지털단지,49015,49453,98468
20210518,7호선,철산,22724,23150,45874
20210518,7호선,숭실대입구,12720,12817,25537
20210518,7호선,상도,11382,10872,22254
20210518,7호선,장승배기,10014,9673,19687
20210518,7호선,남성,11870,10879,22749
20210518,7호선,보라매,10254,10127,20381
20210518,7호선,신풍,12229,11632,23861
20210518,7호선,대림,8274,8353,16627
20210518,7호선,남구로,16503,17647,34150
20210518,7호선,신대방삼거리,16808,16059,32867
20210519,7호선,학동,6853,7279,14132
20210519,7호선,사가정,11343,10865,22208
20210519,7호선,강남구청,6802,7554,14356
20210519,7호선,청담,8279,9206,17485
20210519,7호선,뚝섬유원지,14333,13555,27888
20210519,7호선,건대입구,9315,9519,18834
20210519,7호선,어린이대공원,10172,10284,20456
20210519,7호선,군자,9354,6939,16293
20210519,7호선,중곡,6026,5780,11806
20210519,7호선,용마산,4167,4449,8616
20210519,7호선,면목,9922,9768,19690
20210519,7호선,하계,10711,10184,20895
20210519,7호선,중화,7384,6963,14347
20210519,7호선,먹골,6958,6463,13421
20210519,7호선,태릉입구,8113,8115,16228
20210519,7호선,공릉,7799,7773,15572
20210519,7호선,중계,8094,7517,15611
20210519,7호선,노원,13172,13776,26948
20210519,7호선,마들,7657,7075,14732
20210519,7호선,수락산,9709,9477,19186
20210519,7호선,도봉산,7438,10921,18359
20210519,7호선,장암,1808,1375,3183
20210519,7호선,논현,8247,8617,16864
20210519,7호선,상봉,11473,10778,22251
20210519,7호선,반포,3438,3350,6788
20210519,7호선,춘의,4774,4803,9577
20210519,7호선,내방,6510,6651,13161
20210519,7호선,고속터미널,9624,7492,17116
20210519,7호선,굴포천,5279,5520,10799
20210519,7호선,삼산체육관,3249,2950,6199
20210519,7호선,상동,8032,7970,16002
20210519,7호선,부천시청,7991,7900,15891
20210519,7호선,신중동,7950,7737,15687
20210519,7호선,부천종합운동장,2988,2828,5816
20210519,7호선,까치울,5208,5106,10314
20210519,7호선,온수,4736,4744,9480
20210519,7호선,천왕,5904,5621,11525
20210519,7호선,광명사거리,14679,14612,29291
20210519,7호선,부평구청,5939,5285,11224
20210519,7호선,가산디지털단지,13100,12205,25305
20210519,7호선,철산,12441,12553,24994
20210519,7호선,남성,6557,6254,12811
20210519,7호선,숭실대입구,7087,7337,14424
20210519,7호선,상도,6149,5912,12061
20210519,7호선,장승배기,5546,5408,10954
20210519,7호선,이수,9513,8786,18299
20210519,7호선,보라매,4843,4740,9583
20210519,7호선,신풍,6962,6723,13685
20210519,7호선,대림,6064,5999,12063
20210519,7호선,남구로,7483,7754,15237
20210519,7호선,신대방삼거리,8978,8630,17608
20210520,7호선,이수,15406,14836,30242
20210520,7호선,가산디지털단지,47769,47613,95382
20210520,7호선,남성,11384,10795,22179
20210520,7호선,숭실대입구,12269,12526,24795
20210520,7호선,상도,10759,10496,21255
20210520,7호선,신대방삼거리,16236,15775,32011
20210520,7호선,보라매,10097,10075,20172
20210520,7호선,신풍,11727,11129,22856
20210520,7호선,대림,7615,7606,15221
20210520,7호선,남구로,16241,17405,33646
20210520,7호선,철산,21450,21918,43368
20210520,7호선,춘의,9665,9675,19340
20210520,7호선,천왕,11516,11037,22553
20210520,7호선,온수,11031,10073,21104
20210520,7호선,까치울,7646,7373,15019
20210520,7호선,부천종합운동장,4660,4071,8731
20210520,7호선,신중동,14351,14164,28515
20210520,7호선,부천시청,12335,12211,24546
20210520,7호선,상동,12372,12745,25117
20210520,7호선,삼산체육관,5155,4695,9850
20210520,7호선,굴포천,8495,9230,17725
20210520,7호선,부평구청,11850,9830,21680
20210520,7호선,내방,14457,14920,29377
20210520,7호선,광명사거리,22070,21825,43895
20210520,7호선,고속터미널,15160,12570,27730
20210520,7호선,장승배기,9731,9476,19207
20210520,7호선,논현,20717,22285,43002
20210520,7호선,도봉산,9051,10452,19503
20210520,7호선,수락산,12714,12619,25333
20210520,7호선,마들,12651,12184,24835
20210520,7호선,노원,19149,20300,39449
20210520,7호선,중계,14174,13096,27270
20210520,7호선,하계,17512,16495,34007
20210520,7호선,공릉,11981,11900,23881
20210520,7호선,태릉입구,8926,8584,17510
20210520,7호선,먹골,10215,9926,20141
20210520,7호선,중화,11101,10920,22021
20210520,7호선,상봉,16678,15689,32367
20210520,7호선,장암,2271,890,3161
20210520,7호선,사가정,16387,16386,32773
20210520,7호선,용마산,6145,6090,12235
20210520,7호선,중곡,9501,8934,18435
20210520,7호선,군자,14713,12035,26748
20210520,7호선,어린이대공원,12614,12659,25273
20210520,7호선,건대입구,11277,11699,22976
20210520,7호선,반포,5774,5643,11417
20210520,7호선,뚝섬유원지,7323,7255,14578
20210520,7호선,청담,19376,21926,41302
20210520,7호선,강남구청,16501,18186,34687
20210520,7호선,학동,25076,26589,51665
20210520,7호선,면목,15598,15359,30957
20210521,7호선,중곡,9868,9215,19083
20210521,7호선,군자,15092,12079,27171
20210521,7호선,어린이대공원,13320,13053,26373
20210521,7호선,건대입구,12498,12731,25229
20210521,7호선,논현,21248,23005,44253
20210521,7호선,청담,19681,22312,41993
20210521,7호선,강남구청,16980,18778,35758
20210521,7호선,학동,24755,26571,51326
20210521,7호선,용마산,6378,5990,12368
20210521,7호선,뚝섬유원지,8384,8097,16481
20210521,7호선,사가정,16708,16740,33448
20210521,7호선,공릉,12555,12285,24840
20210521,7호선,상봉,17623,16549,34172
20210521,7호선,중화,11465,11047,22512
20210521,7호선,먹골,10546,10319,20865
20210521,7호선,태릉입구,9352,9112,18464
20210521,7호선,하계,18208,16872,35080
20210521,7호선,중계,14638,13021,27659
20210521,7호선,노원,20052,21590,41642
20210521,7호선,마들,12906,12055,24961
20210521,7호선,수락산,12831,12747,25578
20210521,7호선,도봉산,9266,10713,19979
20210521,7호선,반포,5966,5675,11641
20210521,7호선,면목,15954,15599,31553
20210521,7호선,고속터미널,16785,13994,30779
20210521,7호선,장암,2299,928,3227
20210521,7호선,이수,16194,15725,31919
20210521,7호선,부평구청,12004,9776,21780
20210521,7호선,굴포천,8676,9360,18036
20210521,7호선,삼산체육관,5259,4678,9937
20210521,7호선,상동,12547,13521,26068
20210521,7호선,부천시청,12856,12706,25562
20210521,7호선,신중동,14570,14620,29190
20210521,7호선,춘의,9879,9511,19390
20210521,7호선,부천종합운동장,4700,4065,8765
20210521,7호선,까치울,7714,7580,15294
20210521,7호선,온수,11008,10124,21132
20210521,7호선,천왕,11872,11193,23065
20210521,7호선,내방,14730,14999,29729
20210521,7호선,철산,22164,22878,45042
20210521,7호선,가산디지털단지,47534,47710,95244
20210521,7호선,남구로,16368,17267,33635
20210521,7호선,대림,7951,7998,15949
20210521,7호선,신풍,11924,11361,23285
20210521,7호선,보라매,10096,9941,20037
20210521,7호선,신대방삼거리,16649,15953,32602
20210521,7호선,장승배기,9962,9575,19537
20210521,7호선,상도,11155,10661,21816
20210521,7호선,숭실대입구,12673,12581,25254
20210521,7호선,남성,11587,10633,22220
20210521,7호선,광명사거리,22856,22278,45134
20210522,7호선,용마산,4985,5157,10142
20210522,7호선,중곡,6691,6455,13146
20210522,7호선,군자,10734,7941,18675
20210522,7호선,어린이대공원,10303,10011,20314
20210522,7호선,학동,11007,11676,22683
20210522,7호선,뚝섬유원지,12770,12383,25153
20210522,7호선,청담,11267,12087,23354
20210522,7호선,강남구청,9940,10749,20689
20210522,7호선,사가정,12679,12203,24882
20210522,7호선,건대입구,10646,11042,21688
20210522,7호선,면목,11206,10869,22075
20210522,7호선,하계,12446,11691,24137
20210522,7호선,중화,8529,7996,16525
20210522,7호선,먹골,8413,7944,16357
20210522,7호선,태릉입구,8906,8866,17772
20210522,7호선,공릉,8877,8823,17700
20210522,7호선,중계,9560,8556,18116
20210522,7호선,노원,15681,16268,31949
20210522,7호선,마들,8917,8348,17265
20210522,7호선,수락산,10781,10541,21322
20210522,7호선,도봉산,7336,10081,17417
20210522,7호선,장암,1747,1349,3096
20210522,7호선,논현,11535,12298,23833
20210522,7호선,상봉,13375,12761,26136
20210522,7호선,남성,7843,7231,15074
20210522,7호선,반포,4425,4161,8586
20210522,7호선,내방,7933,7982,15915
20210522,7호선,고속터미널,13406,10713,24119
20210522,7호선,부평구청,6135,4887,11022
20210522,7호선,굴포천,6747,6806,13553
20210522,7호선,삼산체육관,3768,3520,7288
20210522,7호선,상동,10527,10781,21308
20210522,7호선,부천시청,9773,9587,19360
20210522,7호선,신중동,9747,9673,19420
20210522,7호선,부천종합운동장,3322,3064,6386
20210522,7호선,까치울,5747,5692,11439
20210522,7호선,온수,5758,5625,11383
20210522,7호선,천왕,7020,6726,13746
20210522,7호선,춘의,5292,5155,10447
20210522,7호선,철산,15556,15577,31133
20210522,7호선,광명사거리,16815,16556,33371
20210522,7호선,숭실대입구,8063,8215,16278
20210522,7호선,상도,7357,7045,14402
20210522,7호선,장승배기,6992,6571,13563
20210522,7호선,신대방삼거리,11028,10163,21191
20210522,7호선,이수,11724,11058,22782
20210522,7호선,신풍,8232,7947,16179
20210522,7호선,대림,6930,7465,14395
20210522,7호선,남구로,8505,8821,17326
20210522,7호선,가산디지털단지,14899,13774,28673
20210522,7호선,보라매,5857,5738,11595
20210523,7호선,가산디지털단지,10495,9908,20403
20210523,7호선,남성,5186,5261,10447
20210523,7호선,숭실대입구,5378,5817,11195
20210523,7호선,상도,5209,5094,10303
20210523,7호선,장승배기,4564,4544,9108
20210523,7호선,신대방삼거리,7514,7472,14986
20210523,7호선,보라매,4246,4321,8567
20210523,7호선,신풍,5845,5466,11311
20210523,7호선,대림,6689,6437,13126
20210523,7호선,남구로,6524,6343,12867
20210523,7호선,철산,10081,10060,20141
20210523,7호선,이수,7884,7527,15411
20210523,7호선,천왕,4736,4620,9356
20210523,7호선,온수,3677,3935,7612
20210523,7호선,까치울,4246,4183,8429
20210523,7호선,부천종합운동장,2394,2227,4621
20210523,7호선,춘의,3486,3420,6906
20210523,7호선,신중동,6669,6397,13066
20210523,7호선,부천시청,6455,6281,12736
20210523,7호선,상동,6913,6701,13614
20210523,7호선,삼산체육관,2695,2495,5190
20210523,7호선,굴포천,4525,4452,8977
20210523,7호선,부평구청,3834,3292,7126
20210523,7호선,광명사거리,11786,11811,23597
20210523,7호선,내방,4980,5108,10088
20210523,7호선,중계,6629,6167,12796
20210523,7호선,반포,2705,2750,5455
20210523,7호선,장암,1572,1179,2751
20210523,7호선,도봉산,5860,8812,14672
20210523,7호선,수락산,8727,8559,17286
20210523,7호선,마들,5784,5403,11187
20210523,7호선,노원,10439,10574,21013
20210523,7호선,고속터미널,12010,7870,19880
20210523,7호선,하계,8695,8284,16979
20210523,7호선,공릉,6265,6391,12656
20210523,7호선,태릉입구,7182,7212,14394
20210523,7호선,먹골,5793,5270,11063
20210523,7호선,중화,6265,5967,12232
20210523,7호선,뚝섬유원지,9446,8785,18231
20210523,7호선,면목,7864,7616,15480
20210523,7호선,사가정,9067,8747,17814
20210523,7호선,용마산,3257,3591,6848
20210523,7호선,중곡,4906,4745,9651
20210523,7호선,군자,7477,5615,13092
20210523,7호선,어린이대공원,7616,7661,15277
20210523,7호선,건대입구,7091,7257,14348
20210523,7호선,청담,6491,6870,13361
20210523,7호선,강남구청,5287,5729,11016
20210523,7호선,학동,5557,6045,11602
20210523,7호선,논현,6290,6499,12789
20210523,7호선,상봉,8815,8193,17008
20210524,7호선,남구로,17012,17906,34918
20210524,7호선,대림,8055,8007,16062
20210524,7호선,신풍,11911,11386,23297
20210524,7호선,보라매,10024,10080,20104
20210524,7호선,남성,11651,11014,22665
20210524,7호선,장승배기,9881,9664,19545
20210524,7호선,상도,10706,10354,21060
20210524,7호선,숭실대입구,12052,12359,24411
20210524,7호선,가산디지털단지,49498,49535,99033
20210524,7호선,신대방삼거리,16599,15964,32563
20210524,7호선,철산,21993,22363,44356
20210524,7호선,춘의,9693,9726,19419
20210524,7호선,천왕,11844,11380,23224
20210524,7호선,온수,11269,10381,21650
20210524,7호선,까치울,7698,7524,15222
20210524,7호선,부천종합운동장,4895,4267,9162
20210524,7호선,신중동,14088,13914,28002
20210524,7호선,부천시청,12105,11979,24084
20210524,7호선,상동,12651,13158,25809
20210524,7호선,삼산체육관,5216,4650,9866
20210524,7호선,굴포천,9052,9562,18614
20210524,7호선,부평구청,8980,7064,16044
20210524,7호선,이수,15193,15126,30319
20210524,7호선,광명사거리,22717,22097,44814
20210524,7호선,내방,14626,14897,29523
20210524,7호선,고속터미널,15645,12999,28644
20210524,7호선,논현,21117,22486,43603
20210524,7호선,장암,2467,927,3394
20210524,7호선,도봉산,9398,10976,20374
20210524,7호선,수락산,12846,12793,25639
20210524,7호선,마들,12431,11848,24279
20210524,7호선,노원,18265,19653,37918
20210524,7호선,중계,14649,13423,28072
20210524,7호선,하계,17642,16718,34360
20210524,7호선,공릉,11948,11988,23936
20210524,7호선,태릉입구,9308,9271,18579
20210524,7호선,먹골,10207,9833,20040
20210524,7호선,중화,11099,10867,21966
20210524,7호선,반포,5665,5522,11187
20210524,7호선,면목,15976,15580,31556
20210524,7호선,사가정,16717,16662,33379
20210524,7호선,용마산,6029,5888,11917
20210524,7호선,중곡,10144,9294,19438
20210524,7호선,군자,14559,11804,26363
20210524,7호선,어린이대공원,12472,12745,25217
20210524,7호선,건대입구,11105,11631,22736
20210524,7호선,뚝섬유원지,8768,8621,17389
20210524,7호선,청담,19692,21784,41476
20210524,7호선,강남구청,16455,17972,34427
20210524,7호선,학동,24958,26447,51405
20210524,7호선,상봉,17058,15926,32984
20210525,7호선,대림,7973,8007,15980
20210525,7호선,신풍,12084,11424,23508
20210525,7호선,보라매,9988,9922,19910
20210525,7호선,신대방삼거리,16648,16094,32742
20210525,7호선,이수,15525,15116,30641
20210525,7호선,상도,10659,10552,21211
20210525,7호선,숭실대입구,12165,12417,24582
20210525,7호선,남성,11864,10971,22835
20210525,7호선,남구로,16791,17612,34403
20210525,7호선,장승배기,9905,9548,19453
20210525,7호선,가산디지털단지,49026,49784,98810
20210525,7호선,부천종합운동장,4623,4173,8796
20210525,7호선,광명사거리,22385,21903,44288
20210525,7호선,천왕,11693,11019,22712
20210525,7호선,온수,11312,10328,21640
20210525,7호선,까치울,7865,7583,15448
20210525,7호선,춘의,9882,9746,19628
20210525,7호선,신중동,14646,14466,29112
20210525,7호선,부천시청,12842,12723,25565
20210525,7호선,상동,12860,13472,26332
20210525,7호선,삼산체육관,5343,4947,10290
20210525,7호선,굴포천,9149,9651,18800
20210525,7호선,내방,14803,15307,30110
20210525,7호선,철산,21785,22097,43882
20210525,7호선,고속터미널,14430,12825,27255
20210525,7호선,부평구청,8674,7238,15912
20210525,7호선,학동,25060,26878,51938
20210525,7호선,반포,5751,5580,11331
20210525,7호선,장암,2319,897,3216
20210525,7호선,도봉산,9394,10727,20121
20210525,7호선,수락산,12999,12755,25754
20210525,7호선,마들,12789,12013,24802
20210525,7호선,노원,19105,20605,39710
20210525,7호선,중계,14518,13409,27927
20210525,7호선,하계,17874,16822,34696
20210525,7호선,공릉,11961,11943,23904
20210525,7호선,태릉입구,9196,8746,17942
20210525,7호선,먹골,10244,10057,20301
20210525,7호선,논현,21174,22643,43817
20210525,7호선,상봉,17036,15939,32975
20210525,7호선,면목,16037,15582,31619
20210525,7호선,사가정,16614,16526,33140
20210525,7호선,용마산,6304,6071,12375
20210525,7호선,중곡,10290,9384,19674
20210525,7호선,군자,14969,12120,27089
20210525,7호선,어린이대공원,12796,12843,25639
20210525,7호선,건대입구,11637,11809,23446
20210525,7호선,뚝섬유원지,8297,8193,16490
20210525,7호선,청담,19970,22310,42280
20210525,7호선,강남구청,16802,18521,35323
20210525,7호선,중화,11294,11009,22303
20210526,7호선,대림,7940,8013,15953
20210526,7호선,신풍,12247,11686,23933
20210526,7호선,보라매,10184,10271,20455
20210526,7호선,신대방삼거리,16647,16142,32789
20210526,7호선,이수,15938,15705,31643
20210526,7호선,상도,10946,10704,21650
20210526,7호선,숭실대입구,12451,12690,25141
20210526,7호선,남성,11425,10766,22191
20210526,7호선,남구로,16703,17698,34401
20210526,7호선,장승배기,9783,9503,19286
20210526,7호선,가산디지털단지,49109,49238,98347
20210526,7호선,부천종합운동장,4879,4290,9169
20210526,7호선,광명사거리,22927,22542,45469
20210526,7호선,천왕,12017,11434,23451
20210526,7호선,온수,11428,10680,22108
20210526,7호선,까치울,8057,7796,15853
20210526,7호선,춘의,10103,9924,20027
20210526,7호선,신중동,15001,14991,29992
20210526,7호선,부천시청,12935,12992,25927
20210526,7호선,상동,13286,13893,27179
20210526,7호선,삼산체육관,5612,4958,10570
20210526,7호선,굴포천,9273,9799,19072
20210526,7호선,내방,14938,15268,30206
20210526,7호선,철산,22220,22565,44785
20210526,7호선,고속터미널,14900,12885,27785
20210526,7호선,부평구청,8491,7255,15746
20210526,7호선,학동,25106,26670,51776
20210526,7호선,반포,5893,5768,11661
20210526,7호선,장암,2443,963,3406
20210526,7호선,도봉산,9676,11335,21011
20210526,7호선,수락산,13412,13185,26597
20210526,7호선,마들,12967,12274,25241
20210526,7호선,노원,19426,20768,40194
20210526,7호선,중계,14805,13569,28374
20210526,7호선,하계,18506,17547,36053
20210526,7호선,공릉,12271,12284,24555
20210526,7호선,태릉입구,9442,9357,18799
20210526,7호선,먹골,10381,10081,20462
20210526,7호선,논현,21177,22572,43749
20210526,7호선,상봉,17148,16322,33470
20210526,7호선,면목,16042,15611,31653
20210526,7호선,사가정,16952,16867,33819
20210526,7호선,용마산,6285,6044,12329
20210526,7호선,중곡,10221,9503,19724
20210526,7호선,군자,15191,12222,27413
20210526,7호선,어린이대공원,12865,12969,25834
20210526,7호선,건대입구,11880,12211,24091
20210526,7호선,뚝섬유원지,8778,8705,17483
20210526,7호선,청담,20345,22712,43057
20210526,7호선,강남구청,17119,18769,35888
20210526,7호선,중화,11503,11146,22649
20210527,7호선,대림,7545,7536,15081
20210527,7호선,신풍,11841,11320,23161
20210527,7호선,보라매,9882,9911,19793
20210527,7호선,신대방삼거리,16181,15490,31671
20210527,7호선,이수,15198,14960,30158
20210527,7호선,상도,10581,10258,20839
20210527,7호선,숭실대입구,12115,12169,24284
20210527,7호선,남성,11121,10201,21322
20210527,7호선,남구로,16346,17304,33650
20210527,7호선,장승배기,9594,9311,18905
20210527,7호선,가산디지털단지,48226,49203,97429
20210527,7호선,부천종합운동장,4535,3934,8469
20210527,7호선,광명사거리,21902,21307,43209
20210527,7호선,천왕,11525,10846,22371
20210527,7호선,온수,11124,10238,21362
20210527,7호선,까치울,7659,7521,15180
20210527,7호선,춘의,9625,9432,19057
20210527,7호선,신중동,14182,14160,28342
20210527,7호선,부천시청,12465,12263,24728
20210527,7호선,상동,12630,13028,25658
20210527,7호선,삼산체육관,5278,4816,10094
20210527,7호선,굴포천,8963,9462,18425
20210527,7호선,내방,14444,14847,29291
20210527,7호선,철산,21201,21707,42908
20210527,7호선,부평구청,8179,6919,15098
20210527,7호선,고속터미널,14434,12426,26860
20210527,7호선,논현,20441,21877,42318
20210527,7호선,반포,5689,5548,11237
20210527,7호선,장암,2232,806,3038
20210527,7호선,도봉산,8856,10080,18936
20210527,7호선,수락산,12381,12243,24624
20210527,7호선,마들,12452,11855,24307
20210527,7호선,노원,18120,19580,37700
20210527,7호선,중계,14277,12991,27268
20210527,7호선,공릉,11603,11444,23047
20210527,7호선,태릉입구,8474,8159,16633
20210527,7호선,먹골,9912,9707,19619
20210527,7호선,중화,10772,10661,21433
20210527,7호선,하계,17580,16414,33994
20210527,7호선,면목,15381,14991,30372
20210527,7호선,상봉,16726,15768,32494
20210527,7호선,강남구청,16505,18209,34714
20210527,7호선,청담,19776,22014,41790
20210527,7호선,뚝섬유원지,7639,7530,15169
20210527,7호선,건대입구,11433,11752,23185
20210527,7호선,학동,24804,26330,51134
20210527,7호선,군자,14778,11905,26683
20210527,7호선,중곡,9869,9028,18897
20210527,7호선,용마산,6101,5865,11966
20210527,7호선,사가정,16363,16209,32572
20210527,7호선,어린이대공원,12681,12340,25021
20210528,7호선,용마산,6167,5871,12038
20210528,7호선,논현,20928,22404,43332
20210528,7호선,학동,23966,25916,49882
20210528,7호선,강남구청,16618,18120,34738
20210528,7호선,청담,19669,22211,41880
20210528,7호선,뚝섬유원지,8105,7948,16053
20210528,7호선,건대입구,11876,12403,24279
20210528,7호선,어린이대공원,13032,12735,25767
20210528,7호선,군자,15085,12029,27114
20210528,7호선,중곡,9820,9007,18827
20210528,7호선,사가정,16417,16258,32675
20210528,7호선,반포,5912,5566,11478
20210528,7호선,상봉,17194,16389,33583
20210528,7호선,중화,11083,10709,21792
20210528,7호선,먹골,10181,9788,19969
20210528,7호선,태릉입구,8503,8139,16642
20210528,7호선,공릉,12155,11929,24084
20210528,7호선,하계,17669,16315,33984
20210528,7호선,중계,14505,12944,27449
20210528,7호선,노원,19426,20964,40390
20210528,7호선,마들,12603,11779,24382
20210528,7호선,수락산,12580,12274,24854
20210528,7호선,도봉산,8997,10142,19139
20210528,7호선,면목,15757,15262,31019
20210528,7호선,고속터미널,16484,13930,30414
20210528,7호선,장암,2247,869,3116
20210528,7호선,이수,15989,15687,31676
20210528,7호선,부평구청,8190,6963,15153
20210528,7호선,굴포천,9246,9836,19082
20210528,7호선,삼산체육관,5362,4712,10074
20210528,7호선,상동,12742,13582,26324
20210528,7호선,부천시청,12965,12948,25913
20210528,7호선,신중동,14574,14699,29273
20210528,7호선,춘의,9686,9461,19147
20210528,7호선,부천종합운동장,4587,3984,8571
20210528,7호선,까치울,7702,7567,15269
20210528,7호선,온수,11040,9995,21035
20210528,7호선,천왕,11536,10756,22292
20210528,7호선,내방,14480,14907,29387
20210528,7호선,철산,21904,22206,44110
20210528,7호선,가산디지털단지,47414,47707,95121
20210528,7호선,남구로,16036,16948,32984
20210528,7호선,대림,7976,7923,15899
20210528,7호선,신풍,11959,11177,23136
20210528,7호선,보라매,10068,9752,19820
20210528,7호선,신대방삼거리,16403,15446,31849
20210528,7호선,장승배기,9601,9302,18903
20210528,7호선,상도,10862,10273,21135
20210528,7호선,숭실대입구,12433,12142,24575
20210528,7호선,남성,11250,10109,21359
20210528,7호선,광명사거리,22489,21843,44332
20210529,7호선,가산디지털단지,14424,13241,27665
20210529,7호선,남구로,8242,8719,16961
20210529,7호선,대림,6768,7133,13901
20210529,7호선,신풍,7982,7645,15627
20210529,7호선,남성,7517,7044,14561
20210529,7호선,신대방삼거리,10744,9876,20620
20210529,7호선,장승배기,6554,6221,12775
20210529,7호선,숭실대입구,7947,7941,15888
20210529,7호선,철산,14825,14978,29803
20210529,7호선,보라매,6456,6259,12715
20210529,7호선,광명사거리,16389,16305,32694
20210529,7호선,신중동,9320,9240,18560
20210529,7호선,온수,5476,5463,10939
20210529,7호선,까치울,5428,5375,10803
20210529,7호선,부천종합운동장,3059,2760,5819
20210529,7호선,춘의,5041,4808,9849
20210529,7호선,부천시청,9360,9368,18728
20210529,7호선,상동,10132,10232,20364
20210529,7호선,삼산체육관,3543,3318,6861
20210529,7호선,굴포천,6489,6682,13171
20210529,7호선,부평구청,5061,4372,9433
20210529,7호선,상도,7338,6738,14076
20210529,7호선,이수,11846,11076,22922
20210529,7호선,천왕,6569,6320,12889
20210529,7호선,내방,7883,7738,15621
20210529,7호선,하계,11795,11051,22846
20210529,7호선,반포,4196,4018,8214
20210529,7호선,도봉산,6303,8805,15108
20210529,7호선,수락산,10079,9618,19697
20210529,7호선,마들,8524,8004,16528
20210529,7호선,노원,15123,15368,30491
20210529,7호선,중계,9121,8066,17187
20210529,7호선,고속터미널,13148,10588,23736
20210529,7호선,공릉,8354,8271,16625
20210529,7호선,태릉입구,7020,6773,13793
20210529,7호선,먹골,7877,7569,15446
20210529,7호선,중화,7533,7267,14800
20210529,7호선,상봉,12572,12040,24612
20210529,7호선,장암,1593,1216,2809
20210529,7호선,사가정,12335,11677,24012
20210529,7호선,용마산,4256,4345,8601
20210529,7호선,중곡,6449,5993,12442
20210529,7호선,군자,10305,7792,18097
20210529,7호선,어린이대공원,9312,8913,18225
20210529,7호선,건대입구,10380,10434,20814
20210529,7호선,뚝섬유원지,7032,6952,13984
20210529,7호선,청담,11271,12449,23720
20210529,7호선,강남구청,9788,10791,20579
20210529,7호선,학동,10539,11134,21673
20210529,7호선,논현,10954,12103,23057
20210529,7호선,면목,10715,10209,20924
20210530,7호선,용마산,3233,3637,6870
20210530,7호선,중곡,4827,4726,9553
20210530,7호선,군자,7483,6017,13500
20210530,7호선,어린이대공원,7711,7970,15681
20210530,7호선,학동,6055,6513,12568
20210530,7호선,뚝섬유원지,8134,7878,16012
20210530,7호선,청담,6508,6973,13481
20210530,7호선,강남구청,5362,5933,11295
20210530,7호선,사가정,9054,8760,17814
20210530,7호선,건대입구,7492,7565,15057
20210530,7호선,면목,7657,7650,15307
20210530,7호선,하계,8770,8438,17208
20210530,7호선,중화,6024,5638,11662
20210530,7호선,먹골,5569,5463,11032
20210530,7호선,태릉입구,5881,5854,11735
20210530,7호선,공릉,6501,6498,12999
20210530,7호선,중계,6573,6034,12607
20210530,7호선,노원,10406,10500,20906
20210530,7호선,마들,5705,5494,11199
20210530,7호선,수락산,8420,8307,16727
20210530,7호선,도봉산,5746,8398,14144
20210530,7호선,장암,1577,1096,2673
20210530,7호선,논현,6159,6522,12681
20210530,7호선,상봉,9152,8625,17777
20210530,7호선,반포,2785,2868,5653
20210530,7호선,고속터미널,11566,7531,19097
20210530,7호선,내방,5094,5212,10306
20210530,7호선,굴포천,4519,4589,9108
20210530,7호선,삼산체육관,2518,2472,4990
20210530,7호선,상동,6890,6855,13745
20210530,7호선,부천시청,6820,6575,13395
20210530,7호선,신중동,6507,6445,12952
20210530,7호선,춘의,3381,3275,6656
20210530,7호선,부천종합운동장,2364,2141,4505
20210530,7호선,까치울,4157,4113,8270
20210530,7호선,온수,3727,3888,7615
20210530,7호선,천왕,4707,4544,9251
20210530,7호선,광명사거리,12002,11771,23773
20210530,7호선,부평구청,3698,3213,6911
20210530,7호선,가산디지털단지,10671,9749,20420
20210530,7호선,남구로,6445,6540,12985
20210530,7호선,대림,6780,6249,13029
20210530,7호선,신풍,5821,5657,11478
20210530,7호선,보라매,4382,4393,8775
20210530,7호선,신대방삼거리,7530,7495,15025
20210530,7호선,장승배기,4678,4686,9364
20210530,7호선,상도,5211,5225,10436
20210530,7호선,숭실대입구,5491,5900,11391
20210530,7호선,남성,5103,5109,10212
20210530,7호선,이수,7892,7696,15588
20210530,7호선,철산,10046,10202,20248
20210531,7호선,중곡,9725,8962,18687
20210531,7호선,군자,14330,11829,26159
20210531,7호선,어린이대공원,12309,12266,24575
20210531,7호선,건대입구,11062,11584,22646
20210531,7호선,논현,20568,21862,42430
20210531,7호선,청담,19308,21462,40770
20210531,7호선,강남구청,15822,17419,33241
20210531,7호선,학동,24293,25866,50159
20210531,7호선,용마산,6048,5824,11872
20210531,7호선,뚝섬유원지,7845,7777,15622
20210531,7호선,사가정,16184,16264,32448
20210531,7호선,공릉,11607,11605,23212
20210531,7호선,상봉,16772,15739,32511
20210531,7호선,중화,10959,10775,21734
20210531,7호선,먹골,9959,9653,19612
20210531,7호선,태릉입구,8330,8078,16408
20210531,7호선,하계,17282,16247,33529
20210531,7호선,중계,14269,13115,27384
20210531,7호선,노원,18370,19585,37955
20210531,7호선,마들,12370,11762,24132
20210531,7호선,수락산,12616,12379,24995
20210531,7호선,도봉산,9274,10615,19889
20210531,7호선,반포,5600,5355,10955
20210531,7호선,면목,15802,15331,31133
20210531,7호선,고속터미널,15135,12524,27659
20210531,7호선,장암,2271,843,3114
20210531,7호선,이수,14869,14600,29469
20210531,7호선,부평구청,8139,6956,15095
20210531,7호선,굴포천,9080,9450,18530
20210531,7호선,삼산체육관,5253,4724,9977
20210531,7호선,상동,12252,12888,25140
20210531,7호선,부천시청,12269,12151,24420
20210531,7호선,신중동,14334,14116,28450
20210531,7호선,춘의,9618,9597,19215
20210531,7호선,부천종합운동장,4678,4132,8810
20210531,7호선,까치울,7809,7495,15304
20210531,7호선,온수,11045,10203,21248
20210531,7호선,천왕,11594,10979,22573
20210531,7호선,내방,14429,14588,29017
20210531,7호선,철산,21593,21718,43311
20210531,7호선,가산디지털단지,48159,48829,96988
20210531,7호선,남구로,16556,17439,33995
20210531,7호선,대림,8004,7873,15877
20210531,7호선,신풍,11830,11186,23016
20210531,7호선,보라매,9993,10045,20038
20210531,7호선,신대방삼거리,16161,15460,31621
20210531,7호선,장승배기,9482,9397,18879
20210531,7호선,상도,10388,10196,20584
20210531,7호선,숭실대입구,11761,12118,23879
20210531,7호선,남성,10940,10291,21231
20210531,7호선,광명사거리,22295,21671,43966
20210601,7호선,대림,7794,7855,15649
20210601,7호선,신풍,11952,11227,23179
20210601,7호선,보라매,9691,9736,19427
20210601,7호선,신대방삼거리,16316,15584,31900
20210601,7호선,이수,15404,15111,30515
20210601,7호선,상도,10733,10352,21085
20210601,7호선,숭실대입구,12226,12522,24748
20210601,7호선,남성,11246,10407,21653
20210601,7호선,남구로,16718,17550,34268
20210601,7호선,장승배기,9727,9523,19250
20210601,7호선,가산디지털단지,48775,49238,98013
20210601,7호선,부천종합운동장,4797,4260,9057
20210601,7호선,광명사거리,22245,21866,44111
20210601,7호선,천왕,11793,11225,23018
20210601,7호선,온수,11155,10216,21371
20210601,7호선,까치울,7852,7616,15468
20210601,7호선,춘의,9935,9764,19699
20210601,7호선,신중동,14502,14275,28777
20210601,7호선,부천시청,12595,12545,25140
20210601,7호선,상동,12798,13356,26154
20210601,7호선,삼산체육관,5431,4962,10393
20210601,7호선,굴포천,9072,9587,18659
20210601,7호선,내방,14536,14940,29476
20210601,7호선,철산,21533,22083,43616
20210601,7호선,고속터미널,14342,12761,27103
20210601,7호선,부평구청,8248,7085,15333
20210601,7호선,논현,20932,22486,43418
20210601,7호선,장암,2350,877,3227
20210601,7호선,도봉산,9470,10934,20404
20210601,7호선,수락산,12555,12496,25051
20210601,7호선,마들,12503,12016,24519
20210601,7호선,노원,18563,19786,38349
20210601,7호선,중계,14675,13335,28010
20210601,7호선,하계,17531,16478,34009
20210601,7호선,공릉,11766,11591,23357
20210601,7호선,태릉입구,8241,8024,16265
20210601,7호선,먹골,9945,9730,19675
20210601,7호선,중화,11059,10779,21838
20210601,7호선,반포,5780,5505,11285
20210601,7호선,면목,15880,15486,31366
20210601,7호선,사가정,16427,16381,32808
20210601,7호선,용마산,6213,5970,12183
20210601,7호선,중곡,9979,9074,19053
20210601,7호선,군자,14602,11967,26569
20210601,7호선,어린이대공원,13113,13197,26310
20210601,7호선,건대입구,11455,11718,23173
20210601,7호선,뚝섬유원지,7991,7932,15923
20210601,7호선,청담,19676,21892,41568
20210601,7호선,강남구청,16620,18402,35022
20210601,7호선,학동,24619,26476,51095
20210601,7호선,상봉,16840,15930,32770
20210602,7호선,대림,7936,7961,15897
20210602,7호선,신풍,12117,11624,23741
20210602,7호선,보라매,9889,10035,19924
20210602,7호선,신대방삼거리,16487,15820,32307
20210602,7호선,이수,15641,15213,30854
20210602,7호선,상도,10738,10314,21052
20210602,7호선,숭실대입구,12018,12327,24345
20210602,7호선,남성,11270,10481,21751
20210602,7호선,남구로,16736,17611,34347
20210602,7호선,장승배기,9716,9460,19176
20210602,7호선,가산디지털단지,48695,49028,97723
20210602,7호선,부천종합운동장,4782,4108,8890
20210602,7호선,광명사거리,22805,22138,44943
20210602,7호선,천왕,11740,11308,23048
20210602,7호선,온수,11181,10369,21550
20210602,7호선,까치울,8023,7773,15796
20210602,7호선,춘의,10022,9772,19794
20210602,7호선,신중동,14657,14543,29200
20210602,7호선,부천시청,12608,12669,25277
20210602,7호선,상동,12944,13582,26526
20210602,7호선,삼산체육관,5551,4978,10529
20210602,7호선,굴포천,9066,9629,18695
20210602,7호선,내방,14767,15144,29911
20210602,7호선,철산,21667,22285,43952
20210602,7호선,부평구청,8183,7113,15296
20210602,7호선,반포,5745,5522,11267
20210602,7호선,논현,20888,22304,43192
20210602,7호선,고속터미널,14281,12484,26765
20210602,7호선,장암,2371,976,3347
20210602,7호선,도봉산,9726,11216,20942
20210602,7호선,수락산,13152,12874,26026
20210602,7호선,마들,12721,12164,24885
20210602,7호선,노원,18736,19794,38530
20210602,7호선,중계,14734,13659,28393
20210602,7호선,공릉,11853,11945,23798
20210602,7호선,태릉입구,8417,8146,16563
20210602,7호선,먹골,10091,9809,19900
20210602,7호선,중화,11162,11004,22166
20210602,7호선,하계,18200,17172,35372
20210602,7호선,면목,15676,15268,30944
20210602,7호선,상봉,16848,16042,32890
20210602,7호선,강남구청,16735,18523,35258
20210602,7호선,청담,19894,22211,42105
20210602,7호선,뚝섬유원지,8643,8558,17201
20210602,7호선,건대입구,11589,11834,23423
20210602,7호선,학동,24968,26713,51681
20210602,7호선,군자,14745,11934,26679
20210602,7호선,중곡,10081,9215,19296
20210602,7호선,용마산,6102,5945,12047
20210602,7호선,사가정,16574,16466,33040
20210602,7호선,어린이대공원,12861,12752,25613
20210603,7호선,가산디지털단지,49786,48259,98045
20210603,7호선,남성,10957,10419,21376
20210603,7호선,숭실대입구,11808,12091,23899
20210603,7호선,상도,10291,10111,20402
20210603,7호선,장승배기,9393,9341,18734
20210603,7호선,신대방삼거리,15879,15246,31125
20210603,7호선,보라매,9654,9700,19354
20210603,7호선,신풍,11523,11168,22691
20210603,7호선,대림,7779,7607,15386
20210603,7호선,남구로,16200,17327,33527
20210603,7호선,철산,20755,21534,42289
20210603,7호선,이수,15011,14698,29709
20210603,7호선,천왕,11327,10884,22211
20210603,7호선,온수,10902,10079,20981
20210603,7호선,까치울,7538,7257,14795
20210603,7호선,부천종합운동장,4413,3883,8296
20210603,7호선,춘의,9589,9480,19069
20210603,7호선,신중동,14097,13939,28036
20210603,7호선,부천시청,12237,12198,24435
20210603,7호선,상동,12572,12869,25441
20210603,7호선,삼산체육관,5181,4775,9956
20210603,7호선,굴포천,8785,9568,18353
20210603,7호선,광명사거리,21306,21119,42425
20210603,7호선,내방,14285,14639,28924
20210603,7호선,부평구청,7871,6795,14666
20210603,7호선,고속터미널,14151,12499,26650
20210603,7호선,장암,2244,829,3073
20210603,7호선,도봉산,8971,10288,19259
20210603,7호선,수락산,12193,12406,24599
20210603,7호선,마들,12372,11964,24336
20210603,7호선,노원,18493,18973,37466
20210603,7호선,중계,14185,13272,27457
20210603,7호선,하계,17140,16486,33626
20210603,7호선,공릉,11208,11201,22409
20210603,7호선,태릉입구,8016,7551,15567
20210603,7호선,먹골,9657,9634,19291
20210603,7호선,중화,10652,10510,21162
20210603,7호선,상봉,16514,15458,31972
20210603,7호선,반포,5573,5493,11066
20210603,7호선,사가정,15807,15911,31718
20210603,7호선,논현,20089,21857,41946
20210603,7호선,학동,24921,26414,51335
20210603,7호선,강남구청,16282,17961,34243
20210603,7호선,청담,19223,21932,41155
20210603,7호선,뚝섬유원지,6677,6622,13299
20210603,7호선,면목,15039,15019,30058
20210603,7호선,어린이대공원,12187,12092,24279
20210603,7호선,군자,14464,11887,26351
20210603,7호선,중곡,9681,9108,18789
20210603,7호선,용마산,6005,5844,11849
20210603,7호선,건대입구,11507,11649,23156
20210604,7호선,남구로,16216,17294,33510
20210604,7호선,이수,16548,15985,32533
20210604,7호선,남성,11527,10554,22081
20210604,7호선,숭실대입구,12383,12106,24489
20210604,7호선,상도,11089,10572,21661
20210604,7호선,장승배기,9862,9392,19254
20210604,7호선,신대방삼거리,16864,16025,32889
20210604,7호선,보라매,9831,9676,19507
20210604,7호선,신풍,12046,11560,23606
20210604,7호선,대림,7905,8166,16071
20210604,7호선,가산디지털단지,48175,48241,96416
20210604,7호선,부천종합운동장,5014,4413,9427
20210604,7호선,광명사거리,23377,23019,46396
20210604,7호선,천왕,12028,11196,23224
20210604,7호선,온수,11230,10322,21552
20210604,7호선,까치울,8193,7974,16167
20210604,7호선,내방,15021,15214,30235
20210604,7호선,춘의,9930,9690,19620
20210604,7호선,신중동,15120,15079,30199
20210604,7호선,부천시청,13450,13488,26938
20210604,7호선,상동,13316,14172,27488
20210604,7호선,삼산체육관,5620,5068,10688
20210604,7호선,굴포천,9308,9952,19260
20210604,7호선,철산,22456,22970,45426
20210604,7호선,고속터미널,16682,14277,30959
20210604,7호선,부평구청,8336,7196,15532
20210604,7호선,논현,21161,23016,44177
20210604,7호선,장암,2459,1038,3497
20210604,7호선,도봉산,9605,11668,21273
20210604,7호선,수락산,13049,12883,25932
20210604,7호선,마들,13019,12022,25041
20210604,7호선,노원,20255,22267,42522
20210604,7호선,중계,15115,13364,28479
20210604,7호선,하계,17973,16765,34738
20210604,7호선,공릉,12443,12177,24620
20210604,7호선,태릉입구,8736,8420,17156
20210604,7호선,먹골,10328,10042,20370
20210604,7호선,중화,11591,10983,22574
20210604,7호선,반포,6090,5850,11940
20210604,7호선,면목,16207,15640,31847
20210604,7호선,사가정,17129,16960,34089
20210604,7호선,용마산,6272,5919,12191
20210604,7호선,중곡,10315,9427,19742
20210604,7호선,군자,15247,12034,27281
20210604,7호선,어린이대공원,13586,13234,26820
20210604,7호선,건대입구,12371,12911,25282
20210604,7호선,뚝섬유원지,10015,10023,20038
20210604,7호선,청담,19947,22568,42515
20210604,7호선,강남구청,16694,18690,35384
20210604,7호선,학동,24505,26439,50944
20210604,7호선,상봉,17613,16825,34438
20210605,7호선,용마산,4428,4548,8976
20210605,7호선,중곡,6800,6320,13120
20210605,7호선,군자,10537,8003,18540
20210605,7호선,어린이대공원,9474,9284,18758
20210605,7호선,학동,10356,11046,21402
20210605,7호선,뚝섬유원지,11019,10627,21646
20210605,7호선,청담,11070,11920,22990
20210605,7호선,강남구청,9810,10840,20650
20210605,7호선,사가정,12477,11879,24356
20210605,7호선,건대입구,10650,10595,21245
20210605,7호선,면목,11262,10703,21965
20210605,7호선,하계,12080,11227,23307
20210605,7호선,중화,8130,7578,15708
20210605,7호선,먹골,8134,7929,16063
20210605,7호선,태릉입구,6682,6280,12962
20210605,7호선,공릉,8991,8980,17971
20210605,7호선,중계,9255,8236,17491
20210605,7호선,노원,15603,16259,31862
20210605,7호선,마들,8882,8326,17208
20210605,7호선,수락산,10542,10221,20763
20210605,7호선,도봉산,6765,9572,16337
20210605,7호선,장암,1820,1199,3019
20210605,7호선,논현,11317,12190,23507
20210605,7호선,상봉,13064,12488,25552
20210605,7호선,남성,7637,7136,14773
20210605,7호선,반포,4341,4122,8463
20210605,7호선,고속터미널,13105,10753,23858
20210605,7호선,부평구청,5095,4439,9534
20210605,7호선,굴포천,6656,6783,13439
20210605,7호선,삼산체육관,3665,3414,7079
20210605,7호선,상동,10181,10296,20477
20210605,7호선,부천시청,9650,9290,18940
20210605,7호선,신중동,9698,9620,19318
20210605,7호선,춘의,5147,4850,9997
20210605,7호선,까치울,5650,5582,11232
20210605,7호선,온수,5531,5551,11082
20210605,7호선,천왕,6819,6410,13229
20210605,7호선,광명사거리,16829,16670,33499
20210605,7호선,부천종합운동장,3394,3086,6480
20210605,7호선,가산디지털단지,15056,14040,29096
20210605,7호선,철산,15139,15164,30303
20210605,7호선,이수,11626,11004,22630
20210605,7호선,숭실대입구,8138,8077,16215
20210605,7호선,상도,7398,6885,14283
20210605,7호선,장승배기,6949,6762,13711
20210605,7호선,내방,7769,7649,15418
20210605,7호선,보라매,6974,6733,13707
20210605,7호선,신풍,8055,7747,15802
20210605,7호선,대림,7092,7419,14511
20210605,7호선,남구로,8299,8789,17088
20210605,7호선,신대방삼거리,11377,10460,21837
20210606,7호선,이수,7646,7350,14996
20210606,7호선,남구로,6496,6442,12938
20210606,7호선,남성,4945,5068,10013
20210606,7호선,숭실대입구,5354,5615,10969
20210606,7호선,상도,4930,4883,9813
20210606,7호선,장승배기,4477,4422,8899
20210606,7호선,신대방삼거리,7590,7592,15182
20210606,7호선,보라매,4358,4296,8654
20210606,7호선,신풍,5695,5526,11221
20210606,7호선,대림,6875,6512,13387
20210606,7호선,가산디지털단지,10486,9866,20352
20210606,7호선,부천종합운동장,2283,2100,4383
20210606,7호선,광명사거리,11851,11579,23430
20210606,7호선,천왕,4595,4527,9122
20210606,7호선,온수,3823,3841,7664
20210606,7호선,까치울,4129,4096,8225
20210606,7호선,춘의,3280,3157,6437
20210606,7호선,신중동,6360,6246,12606
20210606,7호선,부천시청,6413,6276,12689
20210606,7호선,상동,6888,6877,13765
20210606,7호선,삼산체육관,2521,2257,4778
20210606,7호선,굴포천,4557,4649,9206
20210606,7호선,부평구청,3567,3081,6648
20210606,7호선,철산,9756,9795,19551
20210606,7호선,내방,4919,5003,9922
20210606,7호선,반포,2792,2764,5556
20210606,7호선,논현,5790,6222,12012
20210606,7호선,장암,1613,1124,2737
20210606,7호선,도봉산,5498,8164,13662
20210606,7호선,수락산,8299,8327,16626
20210606,7호선,마들,5620,5195,10815
20210606,7호선,노원,10108,10438,20546
20210606,7호선,중계,6257,5699,11956
20210606,7호선,하계,8415,8049,16464
20210606,7호선,공릉,5834,5968,11802
20210606,7호선,태릉입구,4729,4339,9068
20210606,7호선,먹골,5142,4977,10119
20210606,7호선,중화,5463,5239,10702
20210606,7호선,고속터미널,11085,7218,18303
20210606,7호선,면목,7629,7538,15167
20210606,7호선,사가정,8938,8599,17537
20210606,7호선,용마산,3154,3578,6732
20210606,7호선,중곡,4677,4634,9311
20210606,7호선,군자,7081,5527,12608
20210606,7호선,어린이대공원,6925,7087,14012
20210606,7호선,건대입구,7295,7117,14412
20210606,7호선,뚝섬유원지,8174,7716,15890
20210606,7호선,청담,6427,6739,13166
20210606,7호선,강남구청,5391,5765,11156
20210606,7호선,학동,5620,6100,11720
20210606,7호선,상봉,8820,8435,17255
20210607,7호선,온수,11216,10247,21463
20210607,7호선,까치울,7720,7409,15129
20210607,7호선,부천종합운동장,4616,4116,8732
20210607,7호선,중화,10760,10689,21449
20210607,7호선,삼산체육관,5298,4811,10109
20210607,7호선,신중동,14020,13981,28001
20210607,7호선,부천시청,12317,12183,24500
20210607,7호선,상동,12313,12768,25081
20210607,7호선,천왕,11551,11136,22687
20210607,7호선,춘의,9675,9541,19216
20210607,7호선,광명사거리,22050,21447,43497
20210607,7호선,보라매,9730,9822,19552
20210607,7호선,가산디지털단지,48275,48527,96802
20210607,7호선,남구로,16736,17705,34441
20210607,7호선,대림,8004,7889,15893
20210607,7호선,신풍,11696,11107,22803
20210607,7호선,신대방삼거리,16063,15638,31701
20210607,7호선,장승배기,9415,9228,18643
20210607,7호선,상도,10204,9994,20198
20210607,7호선,장암,2358,883,3241
20210607,7호선,도봉산,9355,10705,20060
20210607,7호선,수락산,12469,12412,24881
20210607,7호선,굴포천,8908,9447,18355
20210607,7호선,철산,21502,21801,43303
20210607,7호선,부평구청,7697,6684,14381
20210607,7호선,먹골,9736,9545,19281
20210607,7호선,면목,15642,15062,30704
20210607,7호선,마들,12394,11783,24177
20210607,7호선,노원,18368,19764,38132
20210607,7호선,중계,14234,13127,27361
20210607,7호선,하계,17141,15994,33135
20210607,7호선,공릉,11557,11626,23183
20210607,7호선,태릉입구,8070,7661,15731
20210607,7호선,숭실대입구,11886,12201,24087
20210607,7호선,남성,10901,10329,21230
20210607,7호선,이수,14926,14604,29530
20210607,7호선,내방,14251,14570,28821
20210607,7호선,고속터미널,15658,12997,28655
20210607,7호선,상봉,16466,15538,32004
20210607,7호선,논현,20480,21937,42417
20210607,7호선,학동,24394,26064,50458
20210607,7호선,강남구청,15753,17288,33041
20210607,7호선,청담,19231,21483,40714
20210607,7호선,뚝섬유원지,7748,7764,15512
20210607,7호선,건대입구,11216,11478,22694
20210607,7호선,어린이대공원,12384,12367,24751
20210607,7호선,군자,14210,11537,25747
20210607,7호선,중곡,9733,9015,18748
20210607,7호선,용마산,6029,5980,12009
20210607,7호선,사가정,16228,16216,32444
20210607,7호선,반포,5501,5313,10814
20210608,7호선,대림,7869,7737,15606
20210608,7호선,신풍,11745,11279,23024
20210608,7호선,보라매,9997,9993,19990
20210608,7호선,신대방삼거리,16414,15861,32275
20210608,7호선,이수,15407,14928,30335
20210608,7호선,상도,10528,10170,20698
20210608,7호선,숭실대입구,13640,13904,27544
20210608,7호선,남성,11071,10378,21449
20210608,7호선,남구로,16736,17625,34361
20210608,7호선,장승배기,9693,9372,19065
20210608,7호선,가산디지털단지,48868,49227,98095
20210608,7호선,부천종합운동장,4791,4248,9039
20210608,7호선,광명사거리,22166,21753,43919
20210608,7호선,천왕,11639,11118,22757
20210608,7호선,온수,11101,10197,21298
20210608,7호선,까치울,7807,7642,15449
20210608,7호선,춘의,9966,9800,19766
20210608,7호선,신중동,14450,14333,28783
20210608,7호선,부천시청,12619,12537,25156
20210608,7호선,상동,12730,13348,26078
20210608,7호선,삼산체육관,5471,5106,10577
20210608,7호선,굴포천,9047,9521,18568
20210608,7호선,내방,14636,14940,29576
20210608,7호선,철산,21594,21977,43571
20210608,7호선,부평구청,8181,7005,15186
20210608,7호선,고속터미널,14474,12544,27018
20210608,7호선,논현,20983,22471,43454
20210608,7호선,반포,5709,5543,11252
20210608,7호선,장암,2407,920,3327
20210608,7호선,도봉산,9583,11249,20832
20210608,7호선,수락산,12866,12774,25640
20210608,7호선,마들,12677,11937,24614
20210608,7호선,노원,18790,20090,38880
20210608,7호선,중계,14522,13358,27880
20210608,7호선,공릉,12368,12318,24686
20210608,7호선,태릉입구,8284,7838,16122
20210608,7호선,먹골,9957,9654,19611
20210608,7호선,중화,11098,10796,21894
20210608,7호선,하계,17802,16778,34580
20210608,7호선,면목,16087,15559,31646
20210608,7호선,상봉,16906,15930,32836
20210608,7호선,강남구청,16640,18436,35076
20210608,7호선,청담,19870,22046,41916
20210608,7호선,뚝섬유원지,8463,8414,16877
20210608,7호선,건대입구,11279,11588,22867
20210608,7호선,학동,24926,26522,51448
20210608,7호선,군자,14671,11877,26548
20210608,7호선,중곡,10084,9141,19225
20210608,7호선,용마산,6250,6073,12323
20210608,7호선,사가정,16484,16610,33094
20210608,7호선,어린이대공원,12651,12679,25330
20210609,7호선,남구로,16541,17537,34078
20210609,7호선,이수,15392,15146,30538
20210609,7호선,남성,11236,10432,21668
20210609,7호선,숭실대입구,13155,13378,26533
20210609,7호선,상도,10710,10283,20993
20210609,7호선,장승배기,9699,9510,19209
20210609,7호선,신대방삼거리,16358,15805,32163
20210609,7호선,보라매,10035,10107,20142
20210609,7호선,신풍,12024,11380,23404
20210609,7호선,대림,7860,7725,15585
20210609,7호선,가산디지털단지,48350,48878,97228
20210609,7호선,반포,5811,5443,11254
20210609,7호선,광명사거리,22323,21919,44242
20210609,7호선,천왕,11739,11293,23032
20210609,7호선,온수,11240,10370,21610
20210609,7호선,까치울,7918,7607,15525
20210609,7호선,부천종합운동장,4675,4190,8865
20210609,7호선,신중동,14600,14442,29042
20210609,7호선,부천시청,12764,12695,25459
20210609,7호선,상동,12982,13600,26582
20210609,7호선,삼산체육관,5496,4959,10455
20210609,7호선,굴포천,9060,9699,18759
20210609,7호선,부평구청,8043,6960,15003
20210609,7호선,철산,21792,22210,44002
20210609,7호선,내방,14835,15039,29874
20210609,7호선,고속터미널,14241,12630,26871
20210609,7호선,학동,24944,26639,51583
20210609,7호선,춘의,9944,9690,19634
20210609,7호선,장암,2356,915,3271
20210609,7호선,도봉산,9433,11090,20523
20210609,7호선,수락산,12977,12881,25858
20210609,7호선,마들,12602,12021,24623
20210609,7호선,노원,18654,20139,38793
20210609,7호선,중계,14471,13408,27879
20210609,7호선,하계,18153,17143,35296
20210609,7호선,공릉,12210,12240,24450
20210609,7호선,태릉입구,8413,7913,16326
20210609,7호선,먹골,10075,9839,19914
20210609,7호선,논현,20755,22156,42911
20210609,7호선,상봉,16806,16024,32830
20210609,7호선,면목,15675,15215,30890
20210609,7호선,사가정,16437,16488,32925
20210609,7호선,용마산,6200,5980,12180
20210609,7호선,중곡,10027,9175,19202
20210609,7호선,군자,14738,11945,26683
20210609,7호선,어린이대공원,12615,12751,25366
20210609,7호선,건대입구,11502,11522,23024
20210609,7호선,뚝섬유원지,8540,8358,16898
20210609,7호선,청담,19876,22306,42182
20210609,7호선,강남구청,16721,18336,35057
20210609,7호선,중화,11005,10720,21725
20210610,7호선,용마산,6120,6070,12190
20210610,7호선,중곡,9828,9141,18969
20210610,7호선,군자,14741,12099,26840
20210610,7호선,어린이대공원,12901,12844,25745
20210610,7호선,학동,25167,26856,52023
20210610,7호선,뚝섬유원지,7534,7299,14833
20210610,7호선,청담,19613,22119,41732
20210610,7호선,강남구청,16531,18292,34823
20210610,7호선,사가정,16445,16594,33039
20210610,7호선,건대입구,11453,11839,23292
20210610,7호선,면목,15297,14854,30151
20210610,7호선,하계,17851,16946,34797
20210610,7호선,중화,10879,10769,21648
20210610,7호선,먹골,10047,9880,19927
20210610,7호선,태릉입구,8299,7816,16115
20210610,7호선,공릉,12190,12202,24392
20210610,7호선,중계,14522,13374,27896
20210610,7호선,노원,18676,19879,38555
20210610,7호선,마들,12675,12159,24834
20210610,7호선,수락산,13056,12908,25964
20210610,7호선,도봉산,9379,11205,20584
20210610,7호선,장암,2380,944,3324
20210610,7호선,논현,20537,22363,42900
20210610,7호선,상봉,16947,16020,32967
20210610,7호선,반포,5765,5618,11383
20210610,7호선,고속터미널,14940,12994,27934
20210610,7호선,내방,14572,14959,29531
20210610,7호선,굴포천,9024,9695,18719
20210610,7호선,삼산체육관,5340,4915,10255
20210610,7호선,상동,12798,13267,26065
20210610,7호선,부천시청,12839,12641,25480
20210610,7호선,신중동,14406,14520,28926
20210610,7호선,춘의,9939,9850,19789
20210610,7호선,부천종합운동장,4661,4047,8708
20210610,7호선,까치울,7932,7712,15644
20210610,7호선,온수,11210,10245,21455
20210610,7호선,천왕,11580,11050,22630
20210610,7호선,광명사거리,22210,22071,44281
20210610,7호선,부평구청,7886,6968,14854
20210610,7호선,가산디지털단지,48863,48286,97149
20210610,7호선,남구로,16536,17714,34250
20210610,7호선,대림,7879,7918,15797
20210610,7호선,신풍,11839,11502,23341
20210610,7호선,보라매,9808,9785,19593
20210610,7호선,신대방삼거리,16582,15926,32508
20210610,7호선,장승배기,9627,9442,19069
20210610,7호선,상도,10655,10321,20976
20210610,7호선,숭실대입구,13926,14059,27985
20210610,7호선,남성,11451,10648,22099
20210610,7호선,이수,15419,15080,30499
20210610,7호선,철산,21309,22141,43450
20210611,7호선,군자,14812,11718,26530
20210611,7호선,어린이대공원,12448,12147,24595
20210611,7호선,건대입구,11927,12118,24045
20210611,7호선,뚝섬유원지,8312,8377,16689
20210611,7호선,반포,5975,5662,11637
20210611,7호선,강남구청,16275,18162,34437
20210611,7호선,학동,23618,25333,48951
20210611,7호선,논현,20703,22523,43226
20210611,7호선,중곡,9902,9020,18922
20210611,7호선,청담,18812,21561,40373
20210611,7호선,용마산,6093,5699,11792
20210611,7호선,태릉입구,8325,7883,16208
20210611,7호선,면목,15975,15280,31255
20210611,7호선,상봉,16952,16203,33155
20210611,7호선,중화,10969,10532,21501
20210611,7호선,먹골,9998,9562,19560
20210611,7호선,공릉,12088,12030,24118
20210611,7호선,하계,17455,16207,33662
20210611,7호선,노원,19465,21106,40571
20210611,7호선,마들,12628,11713,24341
20210611,7호선,수락산,12729,12570,25299
20210611,7호선,도봉산,9166,10536,19702
20210611,7호선,고속터미널,16330,13597,29927
20210611,7호선,사가정,16450,16449,32899
20210611,7호선,내방,14330,14577,28907
20210611,7호선,장암,2289,950,3239
20210611,7호선,남성,11150,10154,21304
20210611,7호선,중계,14310,12852,27162
20210611,7호선,부평구청,7916,6846,14762
20210611,7호선,굴포천,9003,9597,18600
20210611,7호선,삼산체육관,5317,4832,10149
20210611,7호선,상동,12802,13631,26433
20210611,7호선,부천시청,12919,12948,25867
20210611,7호선,신중동,14452,14391,28843
20210611,7호선,춘의,9724,9487,19211
20210611,7호선,부천종합운동장,4735,4083,8818
20210611,7호선,까치울,7764,7593,15357
20210611,7호선,온수,10924,10034,20958
20210611,7호선,이수,15688,15248,30936
20210611,7호선,광명사거리,22372,22028,44400
20210611,7호선,철산,21558,22384,43942
20210611,7호선,가산디지털단지,47025,46791,93816
20210611,7호선,남구로,16037,17088,33125
20210611,7호선,대림,8029,8059,16088
20210611,7호선,신풍,11912,11276,23188
20210611,7호선,보라매,9852,9620,19472
20210611,7호선,신대방삼거리,16432,15432,31864
20210611,7호선,장승배기,9568,9087,18655
20210611,7호선,상도,10647,10158,20805
20210611,7호선,숭실대입구,13089,12914,26003
20210611,7호선,천왕,11669,10951,22620
20210612,7호선,대림,7218,7670,14888
20210612,7호선,신풍,7865,7538,15403
20210612,7호선,보라매,5828,5547,11375
20210612,7호선,신대방삼거리,10632,9845,20477
20210612,7호선,이수,11576,10906,22482
20210612,7호선,상도,7024,6541,13565
20210612,7호선,숭실대입구,8155,8032,16187
20210612,7호선,남성,7457,6899,14356
20210612,7호선,남구로,8404,8727,17131
20210612,7호선,장승배기,6754,6528,13282
20210612,7호선,가산디지털단지,14606,13336,27942
20210612,7호선,부천종합운동장,3195,2848,6043
20210612,7호선,광명사거리,16027,15982,32009
20210612,7호선,천왕,6934,6549,13483
20210612,7호선,온수,5574,5399,10973
20210612,7호선,까치울,5445,5410,10855
20210612,7호선,춘의,5032,4775,9807
20210612,7호선,신중동,9551,9413,18964
20210612,7호선,부천시청,9480,9439,18919
20210612,7호선,상동,10184,10311,20495
20210612,7호선,삼산체육관,3471,3230,6701
20210612,7호선,굴포천,6630,6713,13343
20210612,7호선,내방,7576,7478,15054
20210612,7호선,철산,14468,14698,29166
20210612,7호선,고속터미널,12592,10388,22980
20210612,7호선,부평구청,5133,4394,9527
20210612,7호선,논현,10922,11899,22821
20210612,7호선,장암,1589,1235,2824
20210612,7호선,도봉산,6630,9383,16013
20210612,7호선,수락산,10223,9870,20093
20210612,7호선,마들,8486,7921,16407
20210612,7호선,노원,15059,15657,30716
20210612,7호선,중계,8872,7785,16657
20210612,7호선,하계,11663,10856,22519
20210612,7호선,공릉,8857,8699,17556
20210612,7호선,태릉입구,6276,5766,12042
20210612,7호선,먹골,7841,7645,15486
20210612,7호선,중화,7691,7280,14971
20210612,7호선,반포,4247,3991,8238
20210612,7호선,면목,10847,10392,21239
20210612,7호선,사가정,12200,11647,23847
20210612,7호선,용마산,4353,4414,8767
20210612,7호선,중곡,6386,5932,12318
20210612,7호선,군자,9923,7565,17488
20210612,7호선,어린이대공원,8980,8341,17321
20210612,7호선,건대입구,9837,9925,19762
20210612,7호선,뚝섬유원지,9469,9089,18558
20210612,7호선,청담,11169,12069,23238
20210612,7호선,강남구청,9449,10329,19778
20210612,7호선,학동,10049,10565,20614
20210612,7호선,상봉,12527,11800,24327
20210613,7호선,대림,7089,6631,13720
20210613,7호선,신풍,5676,5287,10963
20210613,7호선,보라매,4059,4127,8186
20210613,7호선,신대방삼거리,7417,7346,14763
20210613,7호선,이수,7320,7124,14444
20210613,7호선,상도,4789,4759,9548
20210613,7호선,숭실대입구,5171,5572,10743
20210613,7호선,남성,4853,4911,9764
20210613,7호선,남구로,6477,6364,12841
20210613,7호선,장승배기,4421,4409,8830
20210613,7호선,가산디지털단지,10386,9671,20057
20210613,7호선,부천종합운동장,2276,2066,4342
20210613,7호선,광명사거리,11422,11266,22688
20210613,7호선,천왕,4435,4281,8716
20210613,7호선,온수,3630,3696,7326
20210613,7호선,까치울,3922,3925,7847
20210613,7호선,춘의,3307,3090,6397
20210613,7호선,신중동,6506,6364,12870
20210613,7호선,부천시청,6126,6060,12186
20210613,7호선,상동,6471,6485,12956
20210613,7호선,삼산체육관,2384,2140,4524
20210613,7호선,굴포천,4372,4413,8785
20210613,7호선,내방,4801,4905,9706
20210613,7호선,철산,9685,9737,19422
20210613,7호선,부평구청,3493,3061,6554
20210613,7호선,고속터미널,11050,7268,18318
20210613,7호선,논현,5909,6271,12180
20210613,7호선,반포,2712,2719,5431
20210613,7호선,장암,1568,1232,2800
20210613,7호선,도봉산,5386,7924,13310
20210613,7호선,수락산,8256,8214,16470
20210613,7호선,마들,5449,5236,10685
20210613,7호선,노원,10105,10235,20340
20210613,7호선,중계,6069,5664,11733
20210613,7호선,공릉,5758,5840,11598
20210613,7호선,태릉입구,4352,4074,8426
20210613,7호선,먹골,4929,4871,9800
20210613,7호선,중화,5217,5118,10335
20210613,7호선,하계,8338,7866,16204
20210613,7호선,면목,7446,7376,14822
20210613,7호선,상봉,8588,7865,16453
20210613,7호선,강남구청,5028,5608,10636
20210613,7호선,청담,6231,6583,12814
20210613,7호선,뚝섬유원지,6954,6592,13546
20210613,7호선,건대입구,6685,6687,13372
20210613,7호선,학동,5552,5918,11470
20210613,7호선,군자,7026,5673,12699
20210613,7호선,중곡,4681,4657,9338
20210613,7호선,용마산,3101,3392,6493
20210613,7호선,사가정,8445,8282,16727
20210613,7호선,어린이대공원,6987,7079,14066
20210614,7호선,용마산,6067,5958,12025
20210614,7호선,논현,20579,22052,42631
20210614,7호선,학동,24519,25832,50351
20210614,7호선,강남구청,15656,17230,32886
20210614,7호선,청담,19039,21194,40233
20210614,7호선,뚝섬유원지,8287,8104,16391
20210614,7호선,건대입구,11050,11269,22319
20210614,7호선,어린이대공원,11461,11386,22847
20210614,7호선,군자,14235,11793,26028
20210614,7호선,중곡,9930,9115,19045
20210614,7호선,사가정,16221,16293,32514
20210614,7호선,반포,5665,5450,11115
20210614,7호선,상봉,16676,15633,32309
20210614,7호선,중화,10707,10567,21274
20210614,7호선,먹골,9856,9644,19500
20210614,7호선,태릉입구,8026,7517,15543
20210614,7호선,공릉,12256,12177,24433
20210614,7호선,하계,17312,16372,33684
20210614,7호선,중계,14496,13390,27886
20210614,7호선,노원,17961,19141,37102
20210614,7호선,마들,12294,11777,24071
20210614,7호선,수락산,12716,12548,25264
20210614,7호선,도봉산,9218,10636,19854
20210614,7호선,면목,16449,16051,32500
20210614,7호선,고속터미널,15763,13117,28880
20210614,7호선,장암,2391,891,3282
20210614,7호선,이수,14949,14611,29560
20210614,7호선,부평구청,7853,6855,14708
20210614,7호선,굴포천,8958,9517,18475
20210614,7호선,삼산체육관,5186,4680,9866
20210614,7호선,상동,12710,13141,25851
20210614,7호선,부천시청,11944,11750,23694
20210614,7호선,신중동,13828,13740,27568
20210614,7호선,춘의,9843,9757,19600
20210614,7호선,부천종합운동장,4744,4093,8837
20210614,7호선,까치울,7733,7556,15289
20210614,7호선,온수,11242,10447,21689
20210614,7호선,천왕,11576,11093,22669
20210614,7호선,내방,14297,14591,28888
20210614,7호선,철산,21313,21826,43139
20210614,7호선,남성,11186,10486,21672
20210614,7호선,숭실대입구,13384,13747,27131
20210614,7호선,상도,10225,9991,20216
20210614,7호선,장승배기,9521,9367,18888
20210614,7호선,신대방삼거리,16340,15780,32120
20210614,7호선,광명사거리,22137,21629,43766
20210614,7호선,신풍,11743,11287,23030
20210614,7호선,대림,8485,8277,16762
20210614,7호선,남구로,16842,17573,34415
20210614,7호선,가산디지털단지,47928,48255,96183
20210614,7호선,보라매,9705,9891,19596
20210615,7호선,용마산,6086,5916,12002
20210615,7호선,논현,20722,22135,42857
20210615,7호선,학동,24399,26227,50626
20210615,7호선,강남구청,16174,17996,34170
20210615,7호선,청담,19265,21319,40584
20210615,7호선,뚝섬유원지,7995,7835,15830
20210615,7호선,건대입구,11411,11541,22952
20210615,7호선,어린이대공원,11689,11676,23365
20210615,7호선,군자,14438,11668,26106
20210615,7호선,중곡,9888,9234,19122
20210615,7호선,사가정,16182,16259,32441
20210615,7호선,공릉,11762,11513,23275
20210615,7호선,상봉,16716,15801,32517
20210615,7호선,중화,10979,10754,21733
20210615,7호선,먹골,9807,9735,19542
20210615,7호선,태릉입구,8331,7813,16144
20210615,7호선,반포,5623,5486,11109
20210615,7호선,하계,17309,16392,33701
20210615,7호선,중계,14472,13353,27825
20210615,7호선,노원,18813,20112,38925
20210615,7호선,마들,12389,11689,24078
20210615,7호선,수락산,12482,12321,24803
20210615,7호선,도봉산,8777,9943,18720
20210615,7호선,면목,16138,15708,31846
20210615,7호선,고속터미널,15041,12989,28030
20210615,7호선,장암,2296,869,3165
20210615,7호선,이수,15097,14853,29950
20210615,7호선,부평구청,7898,6850,14748
20210615,7호선,굴포천,8861,9482,18343
20210615,7호선,삼산체육관,5346,4863,10209
20210615,7호선,상동,12527,13112,25639
20210615,7호선,부천시청,12562,12399,24961
20210615,7호선,신중동,14229,14082,28311
20210615,7호선,부천종합운동장,4511,3910,8421
20210615,7호선,까치울,7641,7466,15107
20210615,7호선,온수,11347,10238,21585
20210615,7호선,천왕,11614,11129,22743
20210615,7호선,광명사거리,22008,21562,43570
20210615,7호선,내방,14136,14429,28565
20210615,7호선,가산디지털단지,47850,48480,96330
20210615,7호선,춘의,9896,9688,19584
20210615,7호선,남구로,16498,17449,33947
20210615,7호선,대림,7872,7827,15699
20210615,7호선,신풍,11725,11090,22815
20210615,7호선,보라매,9965,9941,19906
20210615,7호선,신대방삼거리,16406,15851,32257
20210615,7호선,장승배기,9447,9191,18638
20210615,7호선,상도,10403,10061,20464
20210615,7호선,숭실대입구,12414,12669,25083
20210615,7호선,남성,11196,10405,21601
20210615,7호선,철산,21200,21713,42913
20210616,7호선,중곡,10227,9503,19730
20210616,7호선,군자,14744,11928,26672
20210616,7호선,어린이대공원,12218,12014,24232
20210616,7호선,건대입구,11803,11855,23658
20210616,7호선,논현,20718,22066,42784
20210616,7호선,청담,19844,21863,41707
20210616,7호선,강남구청,16681,18299,34980
20210616,7호선,학동,24671,26387,51058
20210616,7호선,용마산,6222,6108,12330
20210616,7호선,뚝섬유원지,10256,10163,20419
20210616,7호선,사가정,16785,16660,33445
20210616,7호선,공릉,11807,11758,23565
20210616,7호선,상봉,17052,16113,33165
20210616,7호선,중화,11190,10992,22182
20210616,7호선,먹골,10072,9804,19876
20210616,7호선,태릉입구,8544,8163,16707
20210616,7호선,하계,18267,17419,35686
20210616,7호선,중계,14866,13740,28606
20210616,7호선,노원,19258,20710,39968
20210616,7호선,마들,12732,12200,24932
20210616,7호선,수락산,13237,13035,26272
20210616,7호선,도봉산,9303,11131,20434
20210616,7호선,반포,5912,5766,11678
20210616,7호선,면목,16804,16442,33246
20210616,7호선,장암,2404,922,3326
20210616,7호선,고속터미널,14884,13051,27935
20210616,7호선,이수,15654,15552,31206
20210616,7호선,내방,14443,14726,29169
20210616,7호선,부평구청,8093,7071,15164
20210616,7호선,굴포천,9222,9800,19022
20210616,7호선,삼산체육관,5638,5129,10767
20210616,7호선,상동,13560,14033,27593
20210616,7호선,부천시청,12902,12942,25844
20210616,7호선,신중동,14832,14783,29615
20210616,7호선,부천종합운동장,4837,4226,9063
20210616,7호선,까치울,8079,7887,15966
20210616,7호선,온수,11412,10589,22001
20210616,7호선,천왕,11912,11277,23189
20210616,7호선,춘의,10099,9788,19887
20210616,7호선,철산,21833,22564,44397
20210616,7호선,광명사거리,22490,22098,44588
20210616,7호선,숭실대입구,12657,12756,25413
20210616,7호선,상도,10418,10129,20547
20210616,7호선,장승배기,9433,9185,18618
20210616,7호선,신대방삼거리,16515,15702,32217
20210616,7호선,남성,11162,10320,21482
20210616,7호선,신풍,11856,11276,23132
20210616,7호선,대림,8070,8084,16154
20210616,7호선,남구로,16686,17580,34266
20210616,7호선,가산디지털단지,48200,48252,96452
20210616,7호선,보라매,9879,9959,19838
20210617,7호선,면목,16287,16004,32291
20210617,7호선,마들,12809,12158,24967
20210617,7호선,상봉,17201,16007,33208
20210617,7호선,중화,10988,10687,21675
20210617,7호선,먹골,9951,9785,19736
20210617,7호선,태릉입구,8608,8108,16716
20210617,7호선,공릉,11742,11658,23400
20210617,7호선,하계,17532,16521,34053
20210617,7호선,중계,14801,13657,28458
20210617,7호선,노원,18730,20310,39040
20210617,7호선,수락산,12906,12762,25668
20210617,7호선,상동,12870,13323,26193
20210617,7호선,장암,2377,980,3357
20210617,7호선,부평구청,7897,6927,14824
20210617,7호선,굴포천,9093,9628,18721
20210617,7호선,삼산체육관,5574,5149,10723
20210617,7호선,부천시청,12702,12689,25391
20210617,7호선,신중동,14678,14601,29279
20210617,7호선,부천종합운동장,4734,4173,8907
20210617,7호선,까치울,8007,7754,15761
20210617,7호선,온수,11359,10445,21804
20210617,7호선,천왕,11667,10942,22609
20210617,7호선,춘의,9820,9708,19528
20210617,7호선,도봉산,9268,10743,20011
20210617,7호선,사가정,16500,16424,32924
20210617,7호선,용마산,6274,6178,12452
20210617,7호선,군자,14674,11752,26426
20210617,7호선,광명사거리,22359,22070,44429
20210617,7호선,철산,21580,21928,43508
20210617,7호선,가산디지털단지,48121,48414,96535
20210617,7호선,남구로,16532,17473,34005
20210617,7호선,대림,7828,7898,15726
20210617,7호선,신풍,11968,11418,23386
20210617,7호선,보라매,9794,9845,19639
20210617,7호선,신대방삼거리,16325,15649,31974
20210617,7호선,장승배기,9373,9116,18489
20210617,7호선,상도,10543,10190,20733
20210617,7호선,숭실대입구,12470,12611,25081
20210617,7호선,중곡,9918,9130,19048
20210617,7호선,이수,15722,15281,31003
20210617,7호선,내방,14323,14673,28996
20210617,7호선,고속터미널,15402,13281,28683
20210617,7호선,반포,5813,5695,11508
20210617,7호선,논현,20422,22107,42529
20210617,7호선,학동,24544,26399,50943
20210617,7호선,강남구청,16365,18360,34725
20210617,7호선,청담,19441,21963,41404
20210617,7호선,뚝섬유원지,8437,8247,16684
20210617,7호선,건대입구,11586,11942,23528
20210617,7호선,어린이대공원,11950,11802,23752
20210617,7호선,남성,11092,10328,21420
20210618,7호선,대림,8021,8123,16144
20210618,7호선,신풍,12025,11290,23315
20210618,7호선,보라매,9783,9721,19504
20210618,7호선,신대방삼거리,16356,15378,31734
20210618,7호선,이수,16026,15703,31729
20210618,7호선,상도,10774,10085,20859
20210618,7호선,숭실대입구,12330,11969,24299
20210618,7호선,남성,11143,9899,21042
20210618,7호선,남구로,16250,17125,33375
20210618,7호선,장승배기,9566,9120,18686
20210618,7호선,가산디지털단지,46920,47102,94022
20210618,7호선,부천종합운동장,4707,4041,8748
20210618,7호선,광명사거리,22604,21794,44398
20210618,7호선,천왕,11683,10804,22487
20210618,7호선,온수,11042,10191,21233
20210618,7호선,까치울,7769,7548,15317
20210618,7호선,춘의,9809,9491,19300
20210618,7호선,신중동,14525,14565,29090
20210618,7호선,부천시청,12964,12899,25863
20210618,7호선,삼산체육관,5407,4930,10337
20210618,7호선,굴포천,9195,9867,19062
20210618,7호선,부평구청,7855,6832,14687
20210618,7호선,내방,14433,14834,29267
20210618,7호선,철산,21780,22344,44124
20210618,7호선,고속터미널,17122,14382,31504
20210618,7호선,사가정,16553,16412,32965
20210618,7호선,논현,20860,22493,43353
20210618,7호선,상동,13130,13755,26885
20210618,7호선,뚝섬유원지,8466,8283,16749
20210618,7호선,장암,2340,945,3285
20210618,7호선,도봉산,8705,9808,18513
20210618,7호선,수락산,12608,12472,25080
20210618,7호선,마들,12791,11811,24602
20210618,7호선,노원,19603,21201,40804
20210618,7호선,중계,14709,13146,27855
20210618,7호선,하계,17711,16235,33946
20210618,7호선,공릉,12224,11947,24171
20210618,7호선,태릉입구,8490,8117,16607
20210618,7호선,반포,5953,5543,11496
20210618,7호선,중화,11038,10770,21808
20210618,7호선,상봉,17185,16422,33607
20210618,7호선,면목,16279,15532,31811
20210618,7호선,용마산,6158,5867,12025
20210618,7호선,중곡,10104,9144,19248
20210618,7호선,군자,15170,11921,27091
20210618,7호선,어린이대공원,12436,12062,24498
20210618,7호선,건대입구,12056,12296,24352
20210618,7호선,청담,18987,21608,40595
20210618,7호선,강남구청,16306,18229,34535
20210618,7호선,학동,23710,25620,49330
20210618,7호선,먹골,10124,9841,19965
20210619,7호선,대림,7231,7610,14841
20210619,7호선,신풍,8206,7853,16059
20210619,7호선,보라매,6223,5933,12156
20210619,7호선,신대방삼거리,11039,10172,21211
20210619,7호선,이수,11915,11044,22959
20210619,7호선,상도,7142,6703,13845
20210619,7호선,숭실대입구,7950,7776,15726
20210619,7호선,남성,7478,7028,14506
20210619,7호선,남구로,8451,8775,17226
20210619,7호선,장승배기,6695,6386,13081
20210619,7호선,가산디지털단지,14823,13611,28434
20210619,7호선,부천종합운동장,3141,2855,5996
20210619,7호선,광명사거리,16678,16473,33151
20210619,7호선,천왕,6700,6264,12964
20210619,7호선,온수,5610,5557,11167
20210619,7호선,까치울,5656,5520,11176
20210619,7호선,춘의,5097,4883,9980
20210619,7호선,신중동,9740,9649,19389
20210619,7호선,부천시청,9707,9587,19294
20210619,7호선,상동,10684,10772,21456
20210619,7호선,삼산체육관,3645,3391,7036
20210619,7호선,굴포천,6704,6798,13502
20210619,7호선,내방,7585,7591,15176
20210619,7호선,철산,15108,15045,30153
20210619,7호선,부평구청,5146,4349,9495
20210619,7호선,고속터미널,13765,11310,25075
20210619,7호선,논현,11208,12000,23208
20210619,7호선,반포,4324,4179,8503
20210619,7호선,장암,1661,1210,2871
20210619,7호선,도봉산,6702,9347,16049
20210619,7호선,수락산,10456,10290,20746
20210619,7호선,마들,8747,8100,16847
20210619,7호선,노원,15374,16074,31448
20210619,7호선,중계,9116,8219,17335
20210619,7호선,공릉,8401,8396,16797
20210619,7호선,태릉입구,6499,5903,12402
20210619,7호선,먹골,8218,8080,16298
20210619,7호선,중화,7722,7156,14878
20210619,7호선,하계,12115,11152,23267
20210619,7호선,면목,11065,10841,21906
20210619,7호선,상봉,13118,12616,25734
20210619,7호선,강남구청,9699,10540,20239
20210619,7호선,청담,10967,11918,22885
20210619,7호선,뚝섬유원지,11818,11252,23070
20210619,7호선,건대입구,11122,10998,22120
20210619,7호선,학동,10250,10852,21102
20210619,7호선,군자,10321,7854,18175
20210619,7호선,중곡,6581,6132,12713
20210619,7호선,용마산,4447,4318,8765
20210619,7호선,사가정,12508,12101,24609
20210619,7호선,어린이대공원,9757,9232,18989
20210620,7호선,용마산,3173,3463,6636
20210620,7호선,논현,5982,6450,12432
20210620,7호선,학동,5462,5813,11275
20210620,7호선,강남구청,5160,5593,10753
20210620,7호선,청담,6562,6871,13433
20210620,7호선,뚝섬유원지,8501,7741,16242
20210620,7호선,건대입구,7646,7527,15173
20210620,7호선,어린이대공원,6902,6694,13596
20210620,7호선,군자,7354,5849,13203
20210620,7호선,중곡,4609,4482,9091
20210620,7호선,사가정,8839,8719,17558
20210620,7호선,반포,2875,2796,5671
20210620,7호선,상봉,9364,8787,18151
20210620,7호선,중화,5514,5222,10736
20210620,7호선,먹골,5225,5183,10408
20210620,7호선,태릉입구,4755,4385,9140
20210620,7호선,공릉,6056,6111,12167
20210620,7호선,하계,8292,7927,16219
20210620,7호선,중계,6436,5934,12370
20210620,7호선,노원,10246,10480,20726
20210620,7호선,마들,5597,5332,10929
20210620,7호선,수락산,8566,8508,17074
20210620,7호선,도봉산,5492,8106,13598
20210620,7호선,면목,7642,7542,15184
20210620,7호선,고속터미널,12087,7587,19674
20210620,7호선,장암,1573,1309,2882
20210620,7호선,이수,7739,7638,15377
20210620,7호선,부평구청,3532,3190,6722
20210620,7호선,굴포천,4430,4580,9010
20210620,7호선,삼산체육관,2551,2392,4943
20210620,7호선,상동,6741,6638,13379
20210620,7호선,부천시청,6532,6528,13060
20210620,7호선,신중동,6396,6440,12836
20210620,7호선,춘의,3463,3211,6674
20210620,7호선,부천종합운동장,2435,2334,4769
20210620,7호선,까치울,4112,4166,8278
20210620,7호선,온수,3757,3884,7641
20210620,7호선,천왕,4664,4573,9237
20210620,7호선,내방,4773,5075,9848
20210620,7호선,철산,9850,9885,19735
20210620,7호선,남성,5140,5100,10240
20210620,7호선,숭실대입구,5423,5781,11204
20210620,7호선,상도,5023,4874,9897
20210620,7호선,장승배기,4965,4951,9916
20210620,7호선,신대방삼거리,7428,7461,14889
20210620,7호선,광명사거리,11872,11676,23548
20210620,7호선,신풍,5815,5625,11440
20210620,7호선,대림,6647,6430,13077
20210620,7호선,남구로,6658,6467,13125
20210620,7호선,가산디지털단지,10394,9698,20092
20210620,7호선,보라매,3832,3913,7745
20210621,7호선,수락산,12904,12800,25704
20210621,7호선,춘의,9812,9677,19489
20210621,7호선,신중동,14632,14440,29072
20210621,7호선,부천시청,12922,12758,25680
20210621,7호선,상동,12802,13286,26088
20210621,7호선,굴포천,9112,9727,18839
20210621,7호선,부평구청,7995,6872,14867
20210621,7호선,군자,14615,11862,26477
20210621,7호선,장암,2391,885,3276
20210621,7호선,도봉산,9089,10714,19803
20210621,7호선,마들,12738,12039,24777
20210621,7호선,먹골,9982,9830,19812
20210621,7호선,중계,14637,13438,28075
20210621,7호선,하계,17775,16732,34507
20210621,7호선,공릉,11691,11923,23614
20210621,7호선,태릉입구,8354,7963,16317
20210621,7호선,부천종합운동장,4797,4177,8974
20210621,7호선,중화,11078,10767,21845
20210621,7호선,상봉,16986,16193,33179
20210621,7호선,면목,15382,14998,30380
20210621,7호선,사가정,16493,16625,33118
20210621,7호선,용마산,6190,5977,12167
20210621,7호선,중곡,9916,9207,19123
20210621,7호선,노원,19523,20868,40391
20210621,7호선,까치울,7855,7668,15523
20210621,7호선,삼산체육관,5529,5009,10538
20210621,7호선,천왕,11783,11195,22978
20210621,7호선,온수,10951,10113,21064
20210621,7호선,신풍,11902,11431,23333
20210621,7호선,보라매,9631,9713,19344
20210621,7호선,신대방삼거리,16405,15851,32256
20210621,7호선,장승배기,9616,9454,19070
20210621,7호선,상도,10621,10357,20978
20210621,7호선,숭실대입구,11806,12204,24010
20210621,7호선,남성,10951,10229,21180
20210621,7호선,이수,15315,15128,30443
20210621,7호선,내방,14513,14659,29172
20210621,7호선,고속터미널,16405,13352,29757
20210621,7호선,반포,5813,5656,11469
20210621,7호선,대림,8189,7951,16140
20210621,7호선,학동,24576,26092,50668
20210621,7호선,논현,20966,22130,43096
20210621,7호선,철산,21793,22090,43883
20210621,7호선,가산디지털단지,48841,49321,98162
20210621,7호선,남구로,16851,17873,34724
20210621,7호선,광명사거리,22524,22150,44674
20210621,7호선,건대입구,11920,12142,24062
20210621,7호선,뚝섬유원지,9916,9706,19622
20210621,7호선,청담,19617,21576,41193
20210621,7호선,강남구청,16342,17796,34138
20210621,7호선,어린이대공원,12308,12260,24568
20210622,7호선,남성,11197,10535,21732
20210622,7호선,가산디지털단지,49388,49477,98865
20210622,7호선,숭실대입구,11945,12262,24207
20210622,7호선,상도,11103,10691,21794
20210622,7호선,장승배기,9709,9420,19129
20210622,7호선,신대방삼거리,16450,15836,32286
20210622,7호선,보라매,10061,10054,20115
20210622,7호선,신풍,12261,11602,23863
20210622,7호선,대림,7832,7882,15714
20210622,7호선,남구로,16995,17949,34944
20210622,7호선,철산,21764,22228,43992
20210622,7호선,춘의,9918,9803,19721
20210622,7호선,천왕,11920,11367,23287
20210622,7호선,온수,10962,10057,21019
20210622,7호선,까치울,7876,7599,15475
20210622,7호선,부천종합운동장,4969,4339,9308
20210622,7호선,신중동,14728,14676,29404
20210622,7호선,부천시청,12980,12827,25807
20210622,7호선,상동,13025,13541,26566
20210622,7호선,삼산체육관,5669,5177,10846
20210622,7호선,굴포천,9128,9730,18858
20210622,7호선,부평구청,8160,7103,15263
20210622,7호선,이수,15970,15509,31479
20210622,7호선,광명사거리,22419,22129,44548
20210622,7호선,내방,14813,15134,29947
20210622,7호선,중계,14857,13620,28477
20210622,7호선,반포,5870,5676,11546
20210622,7호선,고속터미널,15753,13571,29324
20210622,7호선,도봉산,9357,10860,20217
20210622,7호선,수락산,13223,13175,26398
20210622,7호선,마들,12877,12255,25132
20210622,7호선,노원,19549,20608,40157
20210622,7호선,하계,17908,16993,34901
20210622,7호선,공릉,11879,11980,23859
20210622,7호선,태릉입구,8435,7840,16275
20210622,7호선,먹골,10249,10152,20401
20210622,7호선,중화,11297,11141,22438
20210622,7호선,상봉,17436,16340,33776
20210622,7호선,장암,2318,901,3219
20210622,7호선,사가정,16847,16589,33436
20210622,7호선,면목,15469,15012,30481
20210622,7호선,학동,25120,26700,51820
20210622,7호선,강남구청,16966,18649,35615
20210622,7호선,청담,20041,22501,42542
20210622,7호선,뚝섬유원지,8727,8530,17257
20210622,7호선,논현,21354,22845,44199
20210622,7호선,건대입구,11795,12149,23944
20210622,7호선,어린이대공원,12339,12265,24604
20210622,7호선,군자,15005,12136,27141
20210622,7호선,중곡,10278,9405,19683
20210622,7호선,용마산,6221,6056,12277
20210623,7호선,가산디지털단지,49254,49110,98364
20210623,7호선,숭실대입구,11851,12106,23957
20210623,7호선,상도,10957,10560,21517
20210623,7호선,부평구청,8152,7070,15222
20210623,7호선,신대방삼거리,16468,15833,32301
20210623,7호선,보라매,10118,10112,20230
20210623,7호선,신풍,12101,11600,23701
20210623,7호선,대림,8155,7982,16137
20210623,7호선,남구로,16958,18020,34978
20210623,7호선,남성,11313,10520,21833
20210623,7호선,철산,21771,22441,44212
20210623,7호선,춘의,10099,9827,19926
20210623,7호선,천왕,12003,11326,23329
20210623,7호선,온수,11061,10135,21196
20210623,7호선,까치울,7877,7747,15624
20210623,7호선,부천종합운동장,4770,4164,8934
20210623,7호선,신중동,14657,14731,29388
20210623,7호선,부천시청,13064,12948,26012
20210623,7호선,상동,13062,13706,26768
20210623,7호선,삼산체육관,5636,5036,10672
20210623,7호선,굴포천,9336,9716,19052
20210623,7호선,이수,15908,15379,31287
20210623,7호선,광명사거리,22451,22077,44528
20210623,7호선,내방,14702,15103,29805
20210623,7호선,장승배기,9624,9480,19104
20210623,7호선,고속터미널,15423,13225,28648
20210623,7호선,장암,2392,899,3291
20210623,7호선,도봉산,9248,10787,20035
20210623,7호선,수락산,13115,12954,26069
20210623,7호선,마들,12885,12210,25095
20210623,7호선,노원,19434,20825,40259
20210623,7호선,중계,14830,13591,28421
20210623,7호선,하계,18220,17388,35608
20210623,7호선,공릉,11971,11839,23810
20210623,7호선,태릉입구,8107,7811,15918
20210623,7호선,먹골,10097,9856,19953
20210623,7호선,중화,11286,11126,22412
20210623,7호선,상봉,17370,16389,33759
20210623,7호선,반포,5972,5664,11636
20210623,7호선,사가정,16556,16479,33035
20210623,7호선,용마산,6168,6004,12172
20210623,7호선,중곡,10150,9301,19451
20210623,7호선,군자,15009,12161,27170
20210623,7호선,어린이대공원,12294,11983,24277
20210623,7호선,건대입구,11901,12051,23952
20210623,7호선,뚝섬유원지,8643,8442,17085
20210623,7호선,청담,19940,22262,42202
20210623,7호선,강남구청,16644,18515,35159
20210623,7호선,학동,24766,26478,51244
20210623,7호선,논현,21270,22691,43961
20210623,7호선,면목,15565,15146,30711
20210624,7호선,대림,7761,7696,15457
20210624,7호선,신풍,12210,11540,23750
20210624,7호선,보라매,10010,10032,20042
20210624,7호선,신대방삼거리,16570,15872,32442
20210624,7호선,이수,16077,15633,31710
20210624,7호선,상도,11001,10519,21520
20210624,7호선,숭실대입구,11932,12159,24091
20210624,7호선,남성,11281,10374,21655
20210624,7호선,남구로,16635,17746,34381
20210624,7호선,장승배기,9743,9576,19319
20210624,7호선,가산디지털단지,48934,49399,98333
20210624,7호선,부천종합운동장,4953,4282,9235
20210624,7호선,광명사거리,22590,22296,44886
20210624,7호선,천왕,11957,11254,23211
20210624,7호선,온수,11015,10200,21215
20210624,7호선,까치울,8147,7669,15816
20210624,7호선,춘의,9996,9750,19746
20210624,7호선,신중동,14754,14600,29354
20210624,7호선,부천시청,13039,13023,26062
20210624,7호선,상동,13186,13795,26981
20210624,7호선,삼산체육관,5722,5101,10823
20210624,7호선,굴포천,9251,9773,19024
20210624,7호선,내방,14648,15017,29665
20210624,7호선,철산,21996,22494,44490
20210624,7호선,고속터미널,15525,13487,29012
20210624,7호선,부평구청,8124,7134,15258
20210624,7호선,논현,21235,22840,44075
20210624,7호선,장암,2413,1031,3444
20210624,7호선,도봉산,9252,10854,20106
20210624,7호선,수락산,13413,13124,26537
20210624,7호선,마들,12841,12249,25090
20210624,7호선,노원,19252,20597,39849
20210624,7호선,중계,14774,13433,28207
20210624,7호선,하계,17910,17086,34996
20210624,7호선,공릉,11811,11836,23647
20210624,7호선,태릉입구,8332,7969,16301
20210624,7호선,먹골,10136,9966,20102
20210624,7호선,중화,11225,11002,22227
20210624,7호선,반포,6055,5789,11844
20210624,7호선,면목,15573,15029,30602
20210624,7호선,사가정,16845,16803,33648
20210624,7호선,용마산,6386,6210,12596
20210624,7호선,중곡,10227,9307,19534
20210624,7호선,군자,14984,12189,27173
20210624,7호선,어린이대공원,12275,12049,24324
20210624,7호선,건대입구,11814,11930,23744
20210624,7호선,뚝섬유원지,9578,9230,18808
20210624,7호선,청담,19813,22342,42155
20210624,7호선,강남구청,16786,18602,35388
20210624,7호선,학동,24913,26756,51669
20210624,7호선,상봉,17381,16366,33747
20210625,7호선,중곡,10424,9487,19911
20210625,7호선,군자,15522,12340,27862
20210625,7호선,어린이대공원,12733,12514,25247
20210625,7호선,건대입구,12799,13003,25802
20210625,7호선,논현,21748,23487,45235
20210625,7호선,청담,19582,22165,41747
20210625,7호선,강남구청,17070,18654,35724
20210625,7호선,학동,24330,26178,50508
20210625,7호선,용마산,6530,6080,12610
20210625,7호선,뚝섬유원지,10808,10971,21779
20210625,7호선,사가정,17455,17206,34661
20210625,7호선,공릉,12526,12212,24738
20210625,7호선,상봉,17880,17169,35049
20210625,7호선,중화,11528,11019,22547
20210625,7호선,먹골,10522,10207,20729
20210625,7호선,태릉입구,8732,8266,16998
20210625,7호선,하계,18148,17052,35200
20210625,7호선,중계,15184,13528,28712
20210625,7호선,노원,20857,22566,43423
20210625,7호선,마들,13183,12294,25477
20210625,7호선,수락산,13443,13167,26610
20210625,7호선,도봉산,9168,10996,20164
20210625,7호선,반포,6228,5940,12168
20210625,7호선,면목,15789,15260,31049
20210625,7호선,장암,2337,1006,3343
20210625,7호선,고속터미널,17720,14858,32578
20210625,7호선,남성,11516,10391,21907
20210625,7호선,이수,16574,16203,32777
20210625,7호선,내방,14969,15225,30194
20210625,7호선,부평구청,8178,6943,15121
20210625,7호선,굴포천,9589,10216,19805
20210625,7호선,삼산체육관,5772,5143,10915
20210625,7호선,상동,13672,14364,28036
20210625,7호선,부천시청,13614,13642,27256
20210625,7호선,춘의,10217,9790,20007
20210625,7호선,부천종합운동장,5010,4383,9393
20210625,7호선,까치울,8271,7908,16179
20210625,7호선,온수,11003,10130,21133
20210625,7호선,신중동,15221,15451,30672
20210625,7호선,광명사거리,23350,23010,46360
20210625,7호선,천왕,12074,11175,23249
20210625,7호선,상도,11306,10641,21947
20210625,7호선,장승배기,9888,9428,19316
20210625,7호선,신대방삼거리,17033,16049,33082
20210625,7호선,보라매,10001,10006,20007
20210625,7호선,숭실대입구,12282,12261,24543
20210625,7호선,대림,8053,8304,16357
20210625,7호선,남구로,16546,17599,34145
20210625,7호선,가산디지털단지,48796,48260,97056
20210625,7호선,철산,22548,23240,45788
20210625,7호선,신풍,12325,11606,23931
20210626,7호선,남구로,8458,8709,17167
20210626,7호선,내방,7433,7426,14859
20210626,7호선,이수,11660,10842,22502
20210626,7호선,숭실대입구,7718,7443,15161
20210626,7호선,상도,7330,6807,14137
20210626,7호선,장승배기,6533,6237,12770
20210626,7호선,신대방삼거리,10951,9980,20931
20210626,7호선,보라매,5894,5689,11583
20210626,7호선,신풍,8108,7602,15710
20210626,7호선,대림,7148,7641,14789
20210626,7호선,가산디지털단지,14605,13536,28141
20210626,7호선,부평구청,4813,4307,9120
20210626,7호선,광명사거리,16375,16151,32526
20210626,7호선,천왕,6558,6150,12708
20210626,7호선,온수,5663,5362,11025
20210626,7호선,까치울,5454,5439,10893
20210626,7호선,부천종합운동장,3075,2858,5933
20210626,7호선,춘의,5078,4704,9782
20210626,7호선,신중동,9494,9391,18885
20210626,7호선,부천시청,9284,9279,18563
20210626,7호선,상동,9888,10179,20067
20210626,7호선,삼산체육관,3473,3205,6678
20210626,7호선,굴포천,6402,6542,12944
20210626,7호선,철산,14696,15022,29718
20210626,7호선,고속터미널,13555,10671,24226
20210626,7호선,반포,4467,4197,8664
20210626,7호선,학동,10164,10798,20962
20210626,7호선,남성,7425,6931,14356
20210626,7호선,장암,1454,1054,2508
20210626,7호선,도봉산,6016,8110,14126
20210626,7호선,수락산,9580,9290,18870
20210626,7호선,마들,8454,7832,16286
20210626,7호선,노원,15222,15814,31036
20210626,7호선,중계,8852,7849,16701
20210626,7호선,하계,11973,10989,22962
20210626,7호선,공릉,8267,8171,16438
20210626,7호선,태릉입구,6366,5823,12189
20210626,7호선,먹골,7590,7305,14895
20210626,7호선,논현,11000,11853,22853
20210626,7호선,상봉,12813,12368,25181
20210626,7호선,강남구청,9352,10334,19686
20210626,7호선,청담,10520,11300,21820
20210626,7호선,뚝섬유원지,9338,8590,17928
20210626,7호선,건대입구,10098,10265,20363
20210626,7호선,어린이대공원,8694,8382,17076
20210626,7호선,중화,7548,7113,14661
20210626,7호선,중곡,6375,5859,12234
20210626,7호선,용마산,4381,4299,8680
20210626,7호선,사가정,12258,11827,24085
20210626,7호선,면목,10732,10211,20943
20210626,7호선,군자,10091,7673,17764
20210627,7호선,남구로,6661,6556,13217
20210627,7호선,이수,7814,7821,15635
20210627,7호선,남성,5076,5171,10247
20210627,7호선,숭실대입구,5345,5843,11188
20210627,7호선,상도,5106,5197,10303
20210627,7호선,장승배기,4636,4657,9293
20210627,7호선,신대방삼거리,7491,7464,14955
20210627,7호선,보라매,4163,4198,8361
20210627,7호선,신풍,6072,5820,11892
20210627,7호선,대림,7143,6762,13905
20210627,7호선,가산디지털단지,10606,9775,20381
20210627,7호선,부천종합운동장,2349,2117,4466
20210627,7호선,광명사거리,11962,11957,23919
20210627,7호선,천왕,4807,4603,9410
20210627,7호선,온수,3775,3780,7555
20210627,7호선,까치울,4066,4138,8204
20210627,7호선,내방,4970,5200,10170
20210627,7호선,춘의,3222,3169,6391
20210627,7호선,신중동,6628,6494,13122
20210627,7호선,부천시청,6437,6401,12838
20210627,7호선,상동,6682,6502,13184
20210627,7호선,삼산체육관,2507,2378,4885
20210627,7호선,굴포천,4427,4365,8792
20210627,7호선,철산,10144,10221,20365
20210627,7호선,고속터미널,12496,7632,20128
20210627,7호선,부평구청,3519,3114,6633
20210627,7호선,논현,6025,6465,12490
20210627,7호선,장암,1789,1338,3127
20210627,7호선,도봉산,5523,8460,13983
20210627,7호선,수락산,8718,8653,17371
20210627,7호선,마들,5730,5396,11126
20210627,7호선,노원,11070,11114,22184
20210627,7호선,중계,6466,5959,12425
20210627,7호선,하계,8512,8270,16782
20210627,7호선,공릉,6263,6300,12563
20210627,7호선,태릉입구,4656,4392,9048
20210627,7호선,먹골,5269,5288,10557
20210627,7호선,중화,5662,5392,11054
20210627,7호선,반포,2744,2725,5469
20210627,7호선,면목,7656,7671,15327
20210627,7호선,사가정,9142,8916,18058
20210627,7호선,용마산,3412,3666,7078
20210627,7호선,중곡,4878,4756,9634
20210627,7호선,군자,7361,5895,13256
20210627,7호선,어린이대공원,6788,7058,13846
20210627,7호선,건대입구,7512,7480,14992
20210627,7호선,뚝섬유원지,7595,6926,14521
20210627,7호선,청담,6115,6575,12690
20210627,7호선,강남구청,5276,5862,11138
20210627,7호선,학동,5476,6039,11515
20210627,7호선,상봉,9004,8447,17451
20210628,7호선,중곡,10086,9277,19363
20210628,7호선,군자,14552,11949,26501
20210628,7호선,어린이대공원,11657,11484,23141
20210628,7호선,건대입구,11350,11800,23150
20210628,7호선,논현,20816,22223,43039
20210628,7호선,청담,19333,21183,40516
20210628,7호선,강남구청,15779,17378,33157
20210628,7호선,학동,24422,25827,50249
20210628,7호선,용마산,6113,6026,12139
20210628,7호선,뚝섬유원지,8319,8024,16343
20210628,7호선,사가정,16723,16665,33388
20210628,7호선,공릉,11814,11718,23532
20210628,7호선,상봉,16917,15884,32801
20210628,7호선,중화,11127,10907,22034
20210628,7호선,먹골,10071,9806,19877
20210628,7호선,태릉입구,8029,7729,15758
20210628,7호선,하계,17541,16583,34124
20210628,7호선,중계,14330,13246,27576
20210628,7호선,노원,19394,20603,39997
20210628,7호선,마들,12648,11949,24597
20210628,7호선,수락산,12771,12703,25474
20210628,7호선,도봉산,8960,10129,19089
20210628,7호선,반포,5491,5343,10834
20210628,7호선,면목,15401,14952,30353
20210628,7호선,장암,2323,899,3222
20210628,7호선,고속터미널,16656,13225,29881
20210628,7호선,이수,15156,14831,29987
20210628,7호선,내방,14300,14492,28792
20210628,7호선,부평구청,7781,6817,14598
20210628,7호선,굴포천,8958,9488,18446
20210628,7호선,삼산체육관,5312,4878,10190
20210628,7호선,상동,12282,12829,25111
20210628,7호선,부천시청,12416,12230,24646
20210628,7호선,신중동,14052,14001,28053
20210628,7호선,부천종합운동장,4476,3954,8430
20210628,7호선,까치울,7637,7245,14882
20210628,7호선,온수,10742,9883,20625
20210628,7호선,천왕,11772,11210,22982
20210628,7호선,춘의,9833,9701,19534
20210628,7호선,철산,21129,21450,42579
20210628,7호선,광명사거리,21918,21567,43485
20210628,7호선,숭실대입구,11327,11626,22953
20210628,7호선,상도,10542,10333,20875
20210628,7호선,장승배기,9569,9433,19002
20210628,7호선,신대방삼거리,16204,15686,31890
20210628,7호선,남성,10930,10337,21267
20210628,7호선,신풍,11693,11165,22858
20210628,7호선,대림,7951,7795,15746
20210628,7호선,남구로,16854,17592,34446
20210628,7호선,가산디지털단지,48667,49104,97771
20210628,7호선,보라매,9794,9849,19643
20210629,7호선,논현,21368,22776,44144
20210629,7호선,용마산,6267,6107,12374
20210629,7호선,학동,24949,26602,51551
20210629,7호선,강남구청,16632,18288,34920
20210629,7호선,청담,19744,22090,41834
20210629,7호선,뚝섬유원지,8416,8431,16847
20210629,7호선,건대입구,11797,11924,23721
20210629,7호선,어린이대공원,12049,11760,23809
20210629,7호선,군자,14887,12161,27048
20210629,7호선,중곡,10184,9435,19619
20210629,7호선,사가정,16795,16689,33484
20210629,7호선,하계,18016,16929,34945
20210629,7호선,중화,11181,10974,22155
20210629,7호선,먹골,10199,10008,20207
20210629,7호선,태릉입구,8398,7895,16293
20210629,7호선,공릉,11945,12054,23999
20210629,7호선,중계,14484,13227,27711
20210629,7호선,노원,19554,20597,40151
20210629,7호선,마들,12730,12196,24926
20210629,7호선,수락산,13173,12973,26146
20210629,7호선,도봉산,9194,10687,19881
20210629,7호선,장암,2343,896,3239
20210629,7호선,면목,15491,15071,30562
20210629,7호선,상봉,17085,16035,33120
20210629,7호선,반포,5860,5603,11463
20210629,7호선,고속터미널,15607,13476,29083
20210629,7호선,이수,15628,15279,30907
20210629,7호선,부평구청,7849,6924,14773
20210629,7호선,굴포천,9201,9757,18958
20210629,7호선,삼산체육관,5553,5002,10555
20210629,7호선,상동,12916,13617,26533
20210629,7호선,부천시청,12731,12775,25506
20210629,7호선,신중동,14640,14473,29113
20210629,7호선,춘의,9934,9859,19793
20210629,7호선,부천종합운동장,4688,4122,8810
20210629,7호선,까치울,7886,7531,15417
20210629,7호선,온수,10837,9872,20709
20210629,7호선,천왕,11811,11157,22968
20210629,7호선,내방,14698,15150,29848
20210629,7호선,철산,21772,22204,43976
20210629,7호선,가산디지털단지,49154,49535,98689
20210629,7호선,남구로,16785,17811,34596
20210629,7호선,대림,7859,7834,15693
20210629,7호선,신풍,12153,11542,23695
20210629,7호선,보라매,10132,10186,20318
20210629,7호선,신대방삼거리,16532,16032,32564
20210629,7호선,장승배기,9775,9619,19394
20210629,7호선,상도,10946,10567,21513
20210629,7호선,숭실대입구,11771,12008,23779
20210629,7호선,남성,11244,10423,21667
20210629,7호선,광명사거리,22385,21938,44323
20210630,7호선,중곡,9976,9245,19221
20210630,7호선,군자,14839,12116,26955
20210630,7호선,어린이대공원,12458,12281,24739
20210630,7호선,건대입구,11803,11920,23723
20210630,7호선,논현,20990,22499,43489
20210630,7호선,청담,19691,21785,41476
20210630,7호선,강남구청,16842,18540,35382
20210630,7호선,학동,24903,26657,51560
20210630,7호선,용마산,6181,5959,12140
20210630,7호선,뚝섬유원지,8883,8734,17617
20210630,7호선,사가정,16711,16724,33435
20210630,7호선,공릉,11847,11844,23691
20210630,7호선,상봉,17103,15996,33099
20210630,7호선,중화,11338,11002,22340
20210630,7호선,먹골,10127,9908,20035
20210630,7호선,태릉입구,8199,7809,16008
20210630,7호선,하계,18300,17316,35616
20210630,7호선,중계,14684,13317,28001
20210630,7호선,노원,19439,20618,40057
20210630,7호선,마들,12790,12037,24827
20210630,7호선,수락산,13091,12854,25945
20210630,7호선,도봉산,9003,10241,19244
20210630,7호선,반포,5942,5753,11695
20210630,7호선,면목,15476,15109,30585
20210630,7호선,고속터미널,15390,13395,28785
20210630,7호선,장암,2318,908,3226
20210630,7호선,이수,15793,15533,31326
20210630,7호선,부평구청,7939,7095,15034
20210630,7호선,굴포천,9270,9854,19124
20210630,7호선,삼산체육관,5682,5080,10762
20210630,7호선,상동,13195,13699,26894
20210630,7호선,부천시청,12971,12931,25902
20210630,7호선,신중동,14650,14652,29302
20210630,7호선,춘의,10075,9741,19816
20210630,7호선,부천종합운동장,4698,4194,8892
20210630,7호선,까치울,8155,7826,15981
20210630,7호선,온수,11024,10024,21048
20210630,7호선,천왕,11879,11342,23221
20210630,7호선,내방,14563,15184,29747
20210630,7호선,철산,21694,22274,43968
20210630,7호선,가산디지털단지,49040,49456,98496
20210630,7호선,남구로,16696,17839,34535
20210630,7호선,대림,7927,8027,15954
20210630,7호선,신풍,12159,11624,23783
20210630,7호선,보라매,10257,10303,20560
20210630,7호선,신대방삼거리,16448,15710,32158
20210630,7호선,장승배기,9727,9662,19389
20210630,7호선,상도,10800,10388,21188
20210630,7호선,숭실대입구,11735,12053,23788
20210630,7호선,남성,11553,10550,22103
20210630,7호선,광명사거리,22457,22047,44504
20210701,7호선,군자,14814,11843,26657
20210701,7호선,어린이대공원,12138,12031,24169
20210701,7호선,건대입구,11750,12091,23841
20210701,7호선,뚝섬유원지,10021,9675,19696
20210701,7호선,고속터미널,14909,13108,28017
20210701,7호선,강남구청,16854,18577,35431
20210701,7호선,학동,24643,26550,51193
20210701,7호선,논현,20971,22701,43672
20210701,7호선,중곡,10150,9373,19523
20210701,7호선,청담,19566,21901,41467
20210701,7호선,용마산,6258,6093,12351
20210701,7호선,공릉,11962,11872,23834
20210701,7호선,상봉,17086,16145,33231
20210701,7호선,중화,11281,11036,22317
20210701,7호선,먹골,10132,9964,20096
20210701,7호선,태릉입구,8341,7940,16281
20210701,7호선,하계,17867,16806,34673
20210701,7호선,중계,14655,13365,28020
20210701,7호선,노원,19611,21040,40651
20210701,7호선,마들,13123,12397,25520
20210701,7호선,수락산,13107,13064,26171
20210701,7호선,장암,2383,916,3299
20210701,7호선,내방,14818,15021,29839
20210701,7호선,사가정,16681,16491,33172
20210701,7호선,도봉산,9208,10865,20073
20210701,7호선,이수,15829,15450,31279
20210701,7호선,숭실대입구,11985,12223,24208
20210701,7호선,남성,11515,10586,22101
20210701,7호선,면목,15526,15035,30561
20210701,7호선,반포,5934,5714,11648
20210701,7호선,부평구청,8019,7087,15106
20210701,7호선,굴포천,9212,9656,18868
20210701,7호선,삼산체육관,5499,5086,10585
20210701,7호선,상동,13180,13695,26875
20210701,7호선,신중동,14703,14664,29367
20210701,7호선,춘의,9887,9611,19498
20210701,7호선,부천종합운동장,4856,4261,9117
20210701,7호선,까치울,8148,7838,15986
20210701,7호선,부천시청,13002,12978,25980
20210701,7호선,천왕,11900,11278,23178
20210701,7호선,온수,11123,10046,21169
20210701,7호선,장승배기,9887,9619,19506
20210701,7호선,신대방삼거리,16704,16105,32809
20210701,7호선,보라매,10346,10179,20525
20210701,7호선,신풍,12201,11538,23739
20210701,7호선,상도,11099,10597,21696
20210701,7호선,남구로,16611,17703,34314
20210701,7호선,가산디지털단지,48540,49132,97672
20210701,7호선,철산,22264,22487,44751
20210701,7호선,광명사거리,22422,22064,44486
20210701,7호선,대림,7918,8017,15935
20210702,7호선,사가정,17060,16842,33902
20210702,7호선,학동,24205,26004,50209
20210702,7호선,강남구청,16889,18769,35658
20210702,7호선,청담,19603,22178,41781
20210702,7호선,뚝섬유원지,10797,10891,21688
20210702,7호선,건대입구,12421,12790,25211
20210702,7호선,어린이대공원,12396,11999,24395
20210702,7호선,군자,15404,12422,27826
20210702,7호선,중곡,10333,9508,19841
20210702,7호선,용마산,6438,6131,12569
20210702,7호선,면목,15787,15178,30965
20210702,7호선,논현,21249,23136,44385
20210702,7호선,중화,11528,11007,22535
20210702,7호선,먹골,10560,10287,20847
20210702,7호선,태릉입구,8464,8094,16558
20210702,7호선,공릉,12275,12156,24431
20210702,7호선,하계,18024,16736,34760
20210702,7호선,중계,14973,13368,28341
20210702,7호선,노원,20855,22631,43486
20210702,7호선,마들,13389,12398,25787
20210702,7호선,수락산,13244,13084,26328
20210702,7호선,도봉산,9185,10676,19861
20210702,7호선,장암,2452,1003,3455
20210702,7호선,상봉,17887,17000,34887
20210702,7호선,반포,6135,5888,12023
20210702,7호선,고속터미널,17104,14532,31636
20210702,7호선,천왕,12172,11326,23498
20210702,7호선,이수,16409,16136,32545
20210702,7호선,남성,11543,10440,21983
20210702,7호선,숭실대입구,12165,12022,24187
20210702,7호선,상도,11118,10499,21617
20210702,7호선,장승배기,9900,9397,19297
20210702,7호선,신대방삼거리,16806,15991,32797
20210702,7호선,보라매,10287,10042,20329
20210702,7호선,신풍,12219,11621,23840
20210702,7호선,대림,8055,8200,16255
20210702,7호선,남구로,16542,17596,34138
20210702,7호선,가산디지털단지,48310,48176,96486
20210702,7호선,내방,14877,15198,30075
20210702,7호선,굴포천,9467,9978,19445
20210702,7호선,광명사거리,23428,22864,46292
20210702,7호선,철산,22657,23605,46262
20210702,7호선,삼산체육관,5687,5003,10690
20210702,7호선,상동,13548,14339,27887
20210702,7호선,부천시청,13733,13709,27442
20210702,7호선,신중동,15187,15201,30388
20210702,7호선,춘의,10037,9724,19761
20210702,7호선,부천종합운동장,4959,4289,9248
20210702,7호선,까치울,8095,7847,15942
20210702,7호선,온수,10964,10059,21023
20210702,7호선,부평구청,8159,7163,15322
20210703,7호선,용마산,3874,3997,7871
20210703,7호선,중곡,5933,5721,11654
20210703,7호선,군자,9724,7620,17344
20210703,7호선,어린이대공원,7962,7625,15587
20210703,7호선,학동,9588,10112,19700
20210703,7호선,뚝섬유원지,5182,5178,10360
20210703,7호선,청담,10671,11682,22353
20210703,7호선,강남구청,8996,10080,19076
20210703,7호선,사가정,11232,10886,22118
20210703,7호선,건대입구,9694,9620,19314
20210703,7호선,면목,10180,10059,20239
20210703,7호선,하계,10776,10406,21182
20210703,7호선,중화,7088,6812,13900
20210703,7호선,먹골,7118,6964,14082
20210703,7호선,태릉입구,5986,5506,11492
20210703,7호선,공릉,7706,7623,15329
20210703,7호선,중계,8319,7594,15913
20210703,7호선,노원,14647,14847,29494
20210703,7호선,마들,7907,7722,15629
20210703,7호선,수락산,9429,9304,18733
20210703,7호선,도봉산,5616,7911,13527
20210703,7호선,장암,1423,1041,2464
20210703,7호선,논현,10096,11224,21320
20210703,7호선,상봉,11860,11165,23025
20210703,7호선,반포,4020,3767,7787
20210703,7호선,고속터미널,13134,10206,23340
20210703,7호선,내방,7036,6980,14016
20210703,7호선,굴포천,6294,6564,12858
20210703,7호선,삼산체육관,3158,3091,6249
20210703,7호선,상동,9543,9555,19098
20210703,7호선,부천시청,9219,8950,18169
20210703,7호선,신중동,8963,8907,17870
20210703,7호선,춘의,4602,4511,9113
20210703,7호선,부천종합운동장,2914,2563,5477
20210703,7호선,까치울,4880,4919,9799
20210703,7호선,온수,5059,5012,10071
20210703,7호선,천왕,6040,5723,11763
20210703,7호선,광명사거리,15437,15468,30905
20210703,7호선,부평구청,4488,4000,8488
20210703,7호선,가산디지털단지,13406,12116,25522
20210703,7호선,남구로,8015,8730,16745
20210703,7호선,대림,6477,6936,13413
20210703,7호선,신풍,7460,7413,14873
20210703,7호선,보라매,5942,5136,11078
20210703,7호선,신대방삼거리,10339,9679,20018
20210703,7호선,장승배기,6172,5994,12166
20210703,7호선,상도,6741,6405,13146
20210703,7호선,숭실대입구,7043,7014,14057
20210703,7호선,남성,7032,6714,13746
20210703,7호선,이수,10858,10295,21153
20210703,7호선,철산,13649,14114,27763
20210704,7호선,대림,5993,5616,11609
20210704,7호선,신풍,5236,5003,10239
20210704,7호선,보라매,3749,3767,7516
20210704,7호선,신대방삼거리,6820,6822,13642
20210704,7호선,이수,7038,6767,13805
20210704,7호선,상도,4488,4441,8929
20210704,7호선,숭실대입구,4483,4994,9477
20210704,7호선,남성,4452,4395,8847
20210704,7호선,남구로,6113,5822,11935
20210704,7호선,장승배기,4161,4148,8309
20210704,7호선,가산디지털단지,8626,8029,16655
20210704,7호선,부천종합운동장,1973,1733,3706
20210704,7호선,광명사거리,10486,10332,20818
20210704,7호선,천왕,4212,3992,8204
20210704,7호선,온수,3146,3312,6458
20210704,7호선,까치울,3243,3378,6621
20210704,7호선,춘의,2929,2682,5611
20210704,7호선,신중동,5668,5688,11356
20210704,7호선,부천시청,5676,5761,11437
20210704,7호선,상동,6037,5831,11868
20210704,7호선,삼산체육관,2132,1976,4108
20210704,7호선,굴포천,4018,4016,8034
20210704,7호선,내방,4343,4597,8940
20210704,7호선,철산,8719,8807,17526
20210704,7호선,고속터미널,10650,6713,17363
20210704,7호선,부평구청,2955,2717,5672
20210704,7호선,논현,5410,5748,11158
20210704,7호선,장암,926,563,1489
20210704,7호선,도봉산,3493,4763,8256
20210704,7호선,수락산,6007,5925,11932
20210704,7호선,마들,4899,4527,9426
20210704,7호선,노원,8901,9287,18188
20210704,7호선,중계,5399,4977,10376
20210704,7호선,하계,7255,6850,14105
20210704,7호선,공릉,5123,5219,10342
20210704,7호선,태릉입구,3827,3594,7421
20210704,7호선,먹골,4559,4520,9079
20210704,7호선,중화,4793,4723,9516
20210704,7호선,반포,2628,2681,5309
20210704,7호선,면목,6547,6600,13147
20210704,7호선,사가정,7414,7302,14716
20210704,7호선,용마산,2778,2782,5560
20210704,7호선,중곡,4315,4170,8485
20210704,7호선,군자,6214,4936,11150
20210704,7호선,어린이대공원,6037,5562,11599
20210704,7호선,건대입구,6430,6588,13018
20210704,7호선,뚝섬유원지,4050,3876,7926
20210704,7호선,청담,5734,6167,11901
20210704,7호선,강남구청,4768,5072,9840
20210704,7호선,학동,4687,5065,9752
20210704,7호선,상봉,8061,7634,15695
20210705,7호선,중곡,10080,9274,19354
20210705,7호선,군자,14441,11901,26342
20210705,7호선,어린이대공원,11847,11829,23676
20210705,7호선,건대입구,11676,11776,23452
20210705,7호선,논현,21258,22845,44103
20210705,7호선,청담,19648,21702,41350
20210705,7호선,강남구청,16207,17834,34041
20210705,7호선,학동,24745,26434,51179
20210705,7호선,용마산,6222,6012,12234
20210705,7호선,뚝섬유원지,8393,8284,16677
20210705,7호선,사가정,16664,16616,33280
20210705,7호선,공릉,11825,11848,23673
20210705,7호선,상봉,17102,16104,33206
20210705,7호선,중화,11214,10851,22065
20210705,7호선,먹골,10122,9970,20092
20210705,7호선,태릉입구,8252,7851,16103
20210705,7호선,하계,17620,16422,34042
20210705,7호선,중계,14448,13403,27851
20210705,7호선,노원,19624,20863,40487
20210705,7호선,마들,12678,11996,24674
20210705,7호선,수락산,12952,12799,25751
20210705,7호선,도봉산,9110,10499,19609
20210705,7호선,고속터미널,15935,13156,29091
20210705,7호선,면목,15258,14887,30145
20210705,7호선,내방,14610,14821,29431
20210705,7호선,장암,2388,887,3275
20210705,7호선,남성,11105,10366,21471
20210705,7호선,반포,5741,5657,11398
20210705,7호선,부평구청,7839,6874,14713
20210705,7호선,굴포천,9126,9592,18718
20210705,7호선,삼산체육관,5548,4991,10539
20210705,7호선,상동,12946,13529,26475
20210705,7호선,부천시청,13102,12853,25955
20210705,7호선,신중동,14451,14320,28771
20210705,7호선,춘의,10048,9828,19876
20210705,7호선,부천종합운동장,5307,4718,10025
20210705,7호선,까치울,7815,7581,15396
20210705,7호선,온수,11062,10006,21068
20210705,7호선,이수,15454,15195,30649
20210705,7호선,광명사거리,22825,22224,45049
20210705,7호선,철산,21824,22232,44056
20210705,7호선,가산디지털단지,49110,49621,98731
20210705,7호선,남구로,17038,17796,34834
20210705,7호선,대림,7997,7962,15959
20210705,7호선,신풍,11979,11390,23369
20210705,7호선,보라매,9814,9908,19722
20210705,7호선,신대방삼거리,16324,15886,32210
20210705,7호선,장승배기,9641,9374,19015
20210705,7호선,상도,10687,10318,21005
20210705,7호선,숭실대입구,11607,12107,23714
20210705,7호선,천왕,11764,11180,22944
20210706,7호선,군자,14876,12247,27123
20210706,7호선,어린이대공원,12097,11838,23935
20210706,7호선,건대입구,11869,12205,24074
20210706,7호선,뚝섬유원지,9231,8944,18175
20210706,7호선,고속터미널,14977,13134,28111
20210706,7호선,강남구청,17187,18820,36007
20210706,7호선,학동,25311,26697,52008
20210706,7호선,논현,21230,23013,44243
20210706,7호선,중곡,10226,9436,19662
20210706,7호선,청담,19860,22107,41967
20210706,7호선,용마산,6334,6062,12396
20210706,7호선,태릉입구,8363,7907,16270
20210706,7호선,면목,15502,15261,30763
20210706,7호선,상봉,17266,16528,33794
20210706,7호선,중화,11247,11026,22273
20210706,7호선,먹골,10147,10051,20198
20210706,7호선,공릉,11905,12072,23977
20210706,7호선,하계,17924,16796,34720
20210706,7호선,중계,14882,13480,28362
20210706,7호선,노원,20485,21566,42051
20210706,7호선,마들,12992,12225,25217
20210706,7호선,도봉산,9336,10931,20267
20210706,7호선,내방,14846,15161,30007
20210706,7호선,사가정,16754,16632,33386
20210706,7호선,장암,2461,921,3382
20210706,7호선,이수,15849,15536,31385
20210706,7호선,숭실대입구,11829,12194,24023
20210706,7호선,남성,11386,10493,21879
20210706,7호선,반포,5864,5645,11509
20210706,7호선,수락산,13147,13128,26275
20210706,7호선,부평구청,7959,7055,15014
20210706,7호선,굴포천,9372,9889,19261
20210706,7호선,삼산체육관,5562,5025,10587
20210706,7호선,상동,13168,13794,26962
20210706,7호선,신중동,14752,14719,29471
20210706,7호선,춘의,10050,9832,19882
20210706,7호선,부천종합운동장,4984,4425,9409
20210706,7호선,까치울,8094,7761,15855
20210706,7호선,부천시청,13162,13137,26299
20210706,7호선,천왕,11919,11414,23333
20210706,7호선,온수,11045,9918,20963
20210706,7호선,장승배기,9933,9500,19433
20210706,7호선,신대방삼거리,16418,15882,32300
20210706,7호선,보라매,9729,9780,19509
20210706,7호선,신풍,12016,11522,23538
20210706,7호선,상도,10925,10483,21408
20210706,7호선,남구로,16675,17633,34308
20210706,7호선,가산디지털단지,49504,49840,99344
20210706,7호선,철산,21845,22310,44155
20210706,7호선,광명사거리,22548,22252,44800
20210706,7호선,대림,7893,7870,15763
20210707,7호선,남구로,16591,17483,34074
20210707,7호선,이수,15649,15413,31062
20210707,7호선,남성,11070,10368,21438
20210707,7호선,숭실대입구,11471,11844,23315
20210707,7호선,상도,10571,10221,20792
20210707,7호선,장승배기,9560,9445,19005
20210707,7호선,신대방삼거리,16085,15547,31632
20210707,7호선,보라매,9923,9895,19818
20210707,7호선,신풍,11898,11383,23281
20210707,7호선,대림,7625,7511,15136
20210707,7호선,가산디지털단지,48550,48517,97067
20210707,7호선,내방,14594,14697,29291
20210707,7호선,광명사거리,22023,21704,43727
20210707,7호선,천왕,11738,11235,22973
20210707,7호선,온수,10720,9876,20596
20210707,7호선,까치울,7869,7726,15595
20210707,7호선,부천종합운동장,5080,4461,9541
20210707,7호선,춘의,9994,9771,19765
20210707,7호선,신중동,14587,14592,29179
20210707,7호선,부천시청,12833,12836,25669
20210707,7호선,상동,13053,13749,26802
20210707,7호선,삼산체육관,5579,4917,10496
20210707,7호선,굴포천,9084,9690,18774
20210707,7호선,철산,21406,22117,43523
20210707,7호선,고속터미널,14107,12444,26551
20210707,7호선,부평구청,7695,6791,14486
20210707,7호선,논현,20520,22063,42583
20210707,7호선,장암,2270,845,3115
20210707,7호선,도봉산,8970,10366,19336
20210707,7호선,수락산,12869,12806,25675
20210707,7호선,마들,12618,11995,24613
20210707,7호선,노원,19604,20735,40339
20210707,7호선,중계,14504,13268,27772
20210707,7호선,하계,17949,17007,34956
20210707,7호선,공릉,11405,11481,22886
20210707,7호선,태릉입구,8130,7665,15795
20210707,7호선,먹골,9936,9849,19785
20210707,7호선,중화,11111,10800,21911
20210707,7호선,반포,5701,5491,11192
20210707,7호선,면목,15290,15021,30311
20210707,7호선,학동,24890,26340,51230
20210707,7호선,강남구청,16463,18165,34628
20210707,7호선,청담,19266,21316,40582
20210707,7호선,뚝섬유원지,7621,7590,15211
20210707,7호선,건대입구,11282,11506,22788
20210707,7호선,상봉,16600,15709,32309
20210707,7호선,군자,14601,11953,26554
20210707,7호선,중곡,9966,9273,19239
20210707,7호선,용마산,6050,5974,12024
20210707,7호선,사가정,16324,16178,32502
20210707,7호선,어린이대공원,11599,11362,22961
20210708,7호선,남구로,16137,17018,33155
20210708,7호선,이수,14860,14636,29496
20210708,7호선,남성,10649,9935,20584
20210708,7호선,숭실대입구,11368,11527,22895
20210708,7호선,상도,10316,9935,20251
20210708,7호선,장승배기,9442,9231,18673
20210708,7호선,신대방삼거리,15693,15235,30928
20210708,7호선,보라매,9701,9742,19443
20210708,7호선,신풍,11482,10980,22462
20210708,7호선,대림,7202,7225,14427
20210708,7호선,가산디지털단지,47220,47356,94576
20210708,7호선,부천종합운동장,4881,4338,9219
20210708,7호선,광명사거리,21728,21336,43064
20210708,7호선,천왕,11350,10853,22203
20210708,7호선,온수,10573,9563,20136
20210708,7호선,까치울,7737,7562,15299
20210708,7호선,내방,14105,14376,28481
20210708,7호선,춘의,9789,9541,19330
20210708,7호선,신중동,14170,14017,28187
20210708,7호선,부천시청,12610,12660,25270
20210708,7호선,상동,12463,13064,25527
20210708,7호선,삼산체육관,5258,4747,10005
20210708,7호선,굴포천,8800,9384,18184
20210708,7호선,철산,20682,21134,41816
20210708,7호선,고속터미널,13797,12405,26202
20210708,7호선,부평구청,7602,6685,14287
20210708,7호선,논현,19942,21551,41493
20210708,7호선,장암,2210,847,3057
20210708,7호선,도봉산,8711,9889,18600
20210708,7호선,수락산,12455,12185,24640
20210708,7호선,마들,12243,11652,23895
20210708,7호선,노원,18636,19933,38569
20210708,7호선,중계,14168,12878,27046
20210708,7호선,하계,16911,15905,32816
20210708,7호선,공릉,11077,10978,22055
20210708,7호선,태릉입구,7879,7582,15461
20210708,7호선,먹골,9709,9538,19247
20210708,7호선,중화,10584,10340,20924
20210708,7호선,반포,5594,5339,10933
20210708,7호선,면목,14878,14510,29388
20210708,7호선,사가정,15629,15473,31102
20210708,7호선,용마산,5925,5797,11722
20210708,7호선,중곡,9697,8945,18642
20210708,7호선,군자,14331,11467,25798
20210708,7호선,어린이대공원,11222,10985,22207
20210708,7호선,건대입구,10939,11082,22021
20210708,7호선,뚝섬유원지,7449,7291,14740
20210708,7호선,청담,18827,20617,39444
20210708,7호선,강남구청,15970,17643,33613
20210708,7호선,학동,24151,25606,49757
20210708,7호선,상봉,16203,15320,31523
20210709,7호선,대림,7572,7752,15324
20210709,7호선,신풍,11506,10926,22432
20210709,7호선,보라매,9747,9627,19374
20210709,7호선,신대방삼거리,15942,15106,31048
20210709,7호선,이수,15030,14909,29939
20210709,7호선,상도,10283,9828,20111
20210709,7호선,숭실대입구,11316,11284,22600
20210709,7호선,남성,10948,9793,20741
20210709,7호선,남구로,16007,16842,32849
20210709,7호선,장승배기,9342,9122,18464
20210709,7호선,가산디지털단지,45317,45010,90327
20210709,7호선,부천종합운동장,4938,4288,9226
20210709,7호선,광명사거리,21865,21611,43476
20210709,7호선,천왕,11376,10582,21958
20210709,7호선,온수,10478,9500,19978
20210709,7호선,까치울,7674,7492,15166
20210709,7호선,춘의,9860,9483,19343
20210709,7호선,신중동,14181,14324,28505
20210709,7호선,부천시청,12986,13017,26003
20210709,7호선,상동,12916,13637,26553
20210709,7호선,삼산체육관,5293,4865,10158
20210709,7호선,굴포천,8757,9378,18135
20210709,7호선,내방,14021,14376,28397
20210709,7호선,철산,20954,21738,42692
20210709,7호선,부평구청,7410,6640,14050
20210709,7호선,고속터미널,14878,12961,27839
20210709,7호선,논현,20035,21641,41676
20210709,7호선,반포,5664,5354,11018
20210709,7호선,장암,2238,921,3159
20210709,7호선,도봉산,8647,9990,18637
20210709,7호선,수락산,12507,12399,24906
20210709,7호선,마들,12332,11655,23987
20210709,7호선,노원,19187,20875,40062
20210709,7호선,중계,13954,12583,26537
20210709,7호선,공릉,11495,11280,22775
20210709,7호선,태릉입구,8037,7649,15686
20210709,7호선,먹골,9922,9686,19608
20210709,7호선,중화,10834,10528,21362
20210709,7호선,하계,16622,15387,32009
20210709,7호선,면목,15294,14755,30049
20210709,7호선,상봉,16516,15911,32427
20210709,7호선,강남구청,15778,17384,33162
20210709,7호선,청담,18365,20476,38841
20210709,7호선,뚝섬유원지,8034,7883,15917
20210709,7호선,건대입구,11208,11420,22628
20210709,7호선,학동,23441,25105,48546
20210709,7호선,군자,14422,11580,26002
20210709,7호선,중곡,9910,9068,18978
20210709,7호선,용마산,5967,5700,11667
20210709,7호선,사가정,15920,15850,31770
20210709,7호선,어린이대공원,11468,11251,22719
20210710,7호선,이수,9709,8991,18700
20210710,7호선,남구로,7637,7900,15537
20210710,7호선,남성,6712,6327,13039
20210710,7호선,숭실대입구,6637,6566,13203
20210710,7호선,상도,6304,5746,12050
20210710,7호선,장승배기,5862,5505,11367
20210710,7호선,신대방삼거리,9719,9063,18782
20210710,7호선,보라매,5567,5288,10855
20210710,7호선,신풍,6965,6742,13707
20210710,7호선,대림,6122,6256,12378
20210710,7호선,가산디지털단지,12122,11109,23231
20210710,7호선,부천종합운동장,2863,2566,5429
20210710,7호선,광명사거리,14390,14539,28929
20210710,7호선,천왕,5898,5617,11515
20210710,7호선,온수,5112,4834,9946
20210710,7호선,까치울,4653,4717,9370
20210710,7호선,춘의,4399,4261,8660
20210710,7호선,신중동,8200,8180,16380
20210710,7호선,부천시청,8443,8408,16851
20210710,7호선,상동,8676,8876,17552
20210710,7호선,삼산체육관,3093,2798,5891
20210710,7호선,굴포천,5568,5785,11353
20210710,7호선,부평구청,4290,3831,8121
20210710,7호선,철산,12339,12614,24953
20210710,7호선,내방,6558,6485,13043
20210710,7호선,고속터미널,9448,8011,17459
20210710,7호선,논현,9588,10296,19884
20210710,7호선,장암,1232,877,2109
20210710,7호선,도봉산,5248,7197,12445
20210710,7호선,수락산,8637,8568,17205
20210710,7호선,마들,7553,7192,14745
20210710,7호선,노원,13224,13903,27127
20210710,7호선,중계,8104,7230,15334
20210710,7호선,하계,10313,9603,19916
20210710,7호선,공릉,7289,7128,14417
20210710,7호선,태릉입구,5443,5125,10568
20210710,7호선,먹골,6594,6359,12953
20210710,7호선,중화,7161,6844,14005
20210710,7호선,반포,3535,3424,6959
20210710,7호선,면목,9719,9468,19187
20210710,7호선,사가정,10641,10352,20993
20210710,7호선,용마산,3940,3935,7875
20210710,7호선,중곡,6002,5527,11529
20210710,7호선,군자,9212,7117,16329
20210710,7호선,어린이대공원,7953,7416,15369
20210710,7호선,건대입구,8398,8013,16411
20210710,7호선,뚝섬유원지,6002,5802,11804
20210710,7호선,청담,9435,9825,19260
20210710,7호선,강남구청,7887,8701,16588
20210710,7호선,학동,8943,9330,18273
20210710,7호선,상봉,11177,10813,21990
20210711,7호선,대림,5151,4833,9984
20210711,7호선,신풍,4762,4603,9365
20210711,7호선,보라매,3364,3417,6781
20210711,7호선,신대방삼거리,6293,6229,12522
20210711,7호선,이수,6200,6076,12276
20210711,7호선,상도,3913,3980,7893
20210711,7호선,숭실대입구,4517,4751,9268
20210711,7호선,남성,4146,4245,8391
20210711,7호선,남구로,5518,5492,11010
20210711,7호선,장승배기,3809,3859,7668
20210711,7호선,가산디지털단지,8102,7555,15657
20210711,7호선,부천종합운동장,1948,1759,3707
20210711,7호선,광명사거리,9670,9506,19176
20210711,7호선,천왕,3878,3689,7567
20210711,7호선,온수,3059,3078,6137
20210711,7호선,까치울,3242,3227,6469
20210711,7호선,춘의,2749,2641,5390
20210711,7호선,신중동,5157,5058,10215
20210711,7호선,부천시청,5515,5337,10852
20210711,7호선,상동,5436,5343,10779
20210711,7호선,삼산체육관,1974,1791,3765
20210711,7호선,굴포천,3678,3747,7425
20210711,7호선,내방,3975,4076,8051
20210711,7호선,철산,8035,8130,16165
20210711,7호선,고속터미널,8712,5454,14166
20210711,7호선,부평구청,2832,2585,5417
20210711,7호선,논현,4951,5297,10248
20210711,7호선,장암,1065,813,1878
20210711,7호선,도봉산,3870,5385,9255
20210711,7호선,수락산,6097,6147,12244
20210711,7호선,마들,4494,4251,8745
20210711,7호선,노원,8397,8540,16937
20210711,7호선,중계,5134,4742,9876
20210711,7호선,하계,6566,6328,12894
20210711,7호선,공릉,4818,4948,9766
20210711,7호선,태릉입구,3725,3382,7107
20210711,7호선,먹골,4195,4182,8377
20210711,7호선,중화,4655,4513,9168
20210711,7호선,반포,2108,2148,4256
20210711,7호선,면목,6261,6258,12519
20210711,7호선,사가정,7083,7011,14094
20210711,7호선,용마산,2663,2772,5435
20210711,7호선,중곡,3792,3797,7589
20210711,7호선,군자,5958,4819,10777
20210711,7호선,어린이대공원,5280,5305,10585
20210711,7호선,건대입구,5289,5182,10471
20210711,7호선,뚝섬유원지,4193,3964,8157
20210711,7호선,청담,5265,5398,10663
20210711,7호선,강남구청,4238,4633,8871
20210711,7호선,학동,4453,4829,9282
20210711,7호선,상봉,7036,6549,13585
20210712,7호선,대림,7283,7230,14513
20210712,7호선,신풍,10640,10085,20725
20210712,7호선,보라매,8744,8660,17404
20210712,7호선,신대방삼거리,14485,14218,28703
20210712,7호선,이수,13186,13148,26334
20210712,7호선,상도,9252,8943,18195
20210712,7호선,숭실대입구,10207,10501,20708
20210712,7호선,남성,9823,9167,18990
20210712,7호선,남구로,15311,16009,31320
20210712,7호선,장승배기,8668,8542,17210
20210712,7호선,가산디지털단지,44535,44402,88937
20210712,7호선,부천종합운동장,4581,4069,8650
20210712,7호선,광명사거리,20020,19753,39773
20210712,7호선,천왕,10363,10098,20461
20210712,7호선,온수,9764,8917,18681
20210712,7호선,까치울,6969,6697,13666
20210712,7호선,춘의,9233,9176,18409
20210712,7호선,신중동,12444,12389,24833
20210712,7호선,부천시청,10640,10626,21266
20210712,7호선,상동,11686,12181,23867
20210712,7호선,삼산체육관,4645,4210,8855
20210712,7호선,굴포천,8117,8645,16762
20210712,7호선,내방,13054,13410,26464
20210712,7호선,철산,18969,19376,38345
20210712,7호선,부평구청,6917,6010,12927
20210712,7호선,고속터미널,13476,11140,24616
20210712,7호선,논현,18629,19957,38586
20210712,7호선,반포,5163,4845,10008
20210712,7호선,장암,2147,792,2939
20210712,7호선,도봉산,8082,9409,17491
20210712,7호선,수락산,11311,11431,22742
20210712,7호선,마들,11389,10940,22329
20210712,7호선,노원,16747,17707,34454
20210712,7호선,중계,12762,11781,24543
20210712,7호선,공릉,10261,10333,20594
20210712,7호선,태릉입구,7122,6905,14027
20210712,7호선,먹골,9203,9027,18230
20210712,7호선,중화,9993,9945,19938
20210712,7호선,하계,15498,14713,30211
20210712,7호선,면목,13888,13658,27546
20210712,7호선,상봉,15064,14171,29235
20210712,7호선,강남구청,14654,16058,30712
20210712,7호선,청담,17011,18427,35438
20210712,7호선,뚝섬유원지,6706,6667,13373
20210712,7호선,건대입구,9989,10053,20042
20210712,7호선,학동,22403,23629,46032
20210712,7호선,군자,13010,10691,23701
20210712,7호선,중곡,8864,8396,17260
20210712,7호선,용마산,5493,5338,10831
20210712,7호선,사가정,14744,14650,29394
20210712,7호선,어린이대공원,10169,9991,20160
20210713,7호선,사가정,14764,14741,29505
20210713,7호선,학동,22627,23506,46133
20210713,7호선,강남구청,14382,15840,30222
20210713,7호선,청담,17196,18701,35897
20210713,7호선,뚝섬유원지,6808,6768,13576
20210713,7호선,건대입구,10023,10168,20191
20210713,7호선,어린이대공원,10312,10073,20385
20210713,7호선,군자,12984,10705,23689
20210713,7호선,중곡,9129,8543,17672
20210713,7호선,용마산,5431,5262,10693
20210713,7호선,면목,13869,13756,27625
20210713,7호선,논현,18590,19935,38525
20210713,7호선,중화,10043,9867,19910
20210713,7호선,먹골,9076,9059,18135
20210713,7호선,태릉입구,7298,6939,14237
20210713,7호선,공릉,10225,10221,20446
20210713,7호선,하계,15545,14865,30410
20210713,7호선,중계,12636,11596,24232
20210713,7호선,노원,17561,18728,36289
20210713,7호선,마들,11460,10993,22453
20210713,7호선,수락산,11594,11627,23221
20210713,7호선,도봉산,8231,9701,17932
20210713,7호선,장암,2111,847,2958
20210713,7호선,상봉,14949,14142,29091
20210713,7호선,반포,5001,4827,9828
20210713,7호선,고속터미널,12607,11028,23635
20210713,7호선,내방,13148,13331,26479
20210713,7호선,굴포천,8140,8725,16865
20210713,7호선,삼산체육관,4745,4218,8963
20210713,7호선,상동,11687,12267,23954
20210713,7호선,부천시청,11634,11584,23218
20210713,7호선,신중동,12956,12917,25873
20210713,7호선,춘의,9293,9242,18535
20210713,7호선,부천종합운동장,4615,3986,8601
20210713,7호선,까치울,6884,6753,13637
20210713,7호선,온수,9570,8704,18274
20210713,7호선,천왕,10250,9947,20197
20210713,7호선,광명사거리,19911,19731,39642
20210713,7호선,부평구청,6931,6186,13117
20210713,7호선,가산디지털단지,43321,43206,86527
20210713,7호선,남구로,15062,15780,30842
20210713,7호선,대림,7003,6974,13977
20210713,7호선,신풍,10614,10087,20701
20210713,7호선,보라매,8550,8562,17112
20210713,7호선,신대방삼거리,14680,14389,29069
20210713,7호선,장승배기,8666,8428,17094
20210713,7호선,상도,9314,9042,18356
20210713,7호선,숭실대입구,10181,10348,20529
20210713,7호선,남성,9930,9295,19225
20210713,7호선,이수,13566,13295,26861
20210713,7호선,철산,18746,19199,37945
20210714,7호선,건대입구,10006,9964,19970
20210714,7호선,뚝섬유원지,6818,6767,13585
20210714,7호선,청담,16740,18249,34989
20210714,7호선,강남구청,14408,15800,30208
20210714,7호선,내방,13094,13282,26376
20210714,7호선,논현,17751,19204,36955
20210714,7호선,반포,5107,4786,9893
20210714,7호선,고속터미널,12142,10858,23000
20210714,7호선,어린이대공원,10201,9899,20100
20210714,7호선,학동,22173,23082,45255
20210714,7호선,군자,12898,10635,23533
20210714,7호선,중화,9931,9706,19637
20210714,7호선,용마산,5428,5348,10776
20210714,7호선,사가정,14548,14431,28979
20210714,7호선,면목,13714,13597,27311
20210714,7호선,상봉,14718,13896,28614
20210714,7호선,먹골,9062,8919,17981
20210714,7호선,태릉입구,7192,6727,13919
20210714,7호선,공릉,9814,9851,19665
20210714,7호선,하계,15434,14870,30304
20210714,7호선,중계,12140,11253,23393
20210714,7호선,노원,16862,17852,34714
20210714,7호선,이수,13535,13414,26949
20210714,7호선,중곡,9082,8546,17628
20210714,7호선,남성,9793,9117,18910
20210714,7호선,숭실대입구,9835,10036,19871
20210714,7호선,상도,9131,8798,17929
20210714,7호선,수락산,11391,11394,22785
20210714,7호선,도봉산,8126,9487,17613
20210714,7호선,장암,2166,885,3051
20210714,7호선,부평구청,6887,6166,13053
20210714,7호선,굴포천,8212,8639,16851
20210714,7호선,삼산체육관,4711,4292,9003
20210714,7호선,상동,11740,12276,24016
20210714,7호선,부천시청,11277,11364,22641
20210714,7호선,신중동,12934,12868,25802
20210714,7호선,춘의,9338,9150,18488
20210714,7호선,부천종합운동장,4509,3908,8417
20210714,7호선,마들,11085,10610,21695
20210714,7호선,온수,9419,8667,18086
20210714,7호선,천왕,9838,9499,19337
20210714,7호선,광명사거리,19649,19536,39185
20210714,7호선,철산,18580,19017,37597
20210714,7호선,가산디지털단지,42742,42652,85394
20210714,7호선,남구로,14705,15433,30138
20210714,7호선,대림,6930,6790,13720
20210714,7호선,신풍,10252,9953,20205
20210714,7호선,보라매,8389,8354,16743
20210714,7호선,신대방삼거리,14451,13944,28395
20210714,7호선,장승배기,8533,8349,16882
20210714,7호선,까치울,6909,6757,13666
20210715,7호선,부천종합운동장,4474,3882,8356
20210715,7호선,춘의,9089,9010,18099
20210715,7호선,신중동,12578,12485,25063
20210715,7호선,부천시청,11316,11145,22461
20210715,7호선,장암,2151,843,2994
20210715,7호선,삼산체육관,4642,4305,8947
20210715,7호선,굴포천,8068,8599,16667
20210715,7호선,부평구청,6874,6044,12918
20210715,7호선,까치울,6764,6573,13337
20210715,7호선,상동,11507,12092,23599
20210715,7호선,온수,9210,8355,17565
20210715,7호선,대림,6670,6724,13394
20210715,7호선,광명사거리,19431,19419,38850
20210715,7호선,철산,18394,18772,37166
20210715,7호선,가산디지털단지,42442,42267,84709
20210715,7호선,남구로,14715,15396,30111
20210715,7호선,신풍,10428,9903,20331
20210715,7호선,보라매,8349,8322,16671
20210715,7호선,신대방삼거리,14269,13909,28178
20210715,7호선,장승배기,8415,8189,16604
20210715,7호선,상도,8995,8684,17679
20210715,7호선,숭실대입구,9681,9996,19677
20210715,7호선,도봉산,8075,9451,17526
20210715,7호선,천왕,9805,9464,19269
20210715,7호선,수락산,11400,11585,22985
20210715,7호선,남성,9630,9032,18662
20210715,7호선,노원,16680,17571,34251
20210715,7호선,이수,13249,12874,26123
20210715,7호선,내방,12738,12964,25702
20210715,7호선,고속터미널,11944,10617,22561
20210715,7호선,반포,4964,4852,9816
20210715,7호선,논현,17768,18953,36721
20210715,7호선,학동,21670,22722,44392
20210715,7호선,강남구청,14025,15443,29468
20210715,7호선,청담,16751,18262,35013
20210715,7호선,뚝섬유원지,6388,6427,12815
20210715,7호선,건대입구,10146,10085,20231
20210715,7호선,어린이대공원,10090,9802,19892
20210715,7호선,마들,11220,10740,21960
20210715,7호선,중곡,8672,8339,17011
20210715,7호선,용마산,5288,5229,10517
20210715,7호선,사가정,14122,14229,28351
20210715,7호선,면목,13517,13416,26933
20210715,7호선,상봉,14591,13668,28259
20210715,7호선,중화,9763,9599,19362
20210715,7호선,먹골,8906,8761,17667
20210715,7호선,태릉입구,7030,6678,13708
20210715,7호선,공릉,9521,9712,19233
20210715,7호선,하계,14940,14216,29156
20210715,7호선,중계,12052,11160,23212
20210715,7호선,군자,12737,10534,23271
20210716,7호선,중곡,9029,8413,17442
20210716,7호선,군자,12816,10566,23382
20210716,7호선,어린이대공원,10255,9843,20098
20210716,7호선,건대입구,10419,10317,20736
20210716,7호선,논현,17918,19440,37358
20210716,7호선,청담,16619,18131,34750
20210716,7호선,강남구청,14111,15390,29501
20210716,7호선,학동,21597,22510,44107
20210716,7호선,용마산,5306,5228,10534
20210716,7호선,뚝섬유원지,6746,6692,13438
20210716,7호선,사가정,14628,14409,29037
20210716,7호선,공릉,10102,9918,20020
20210716,7호선,상봉,15015,14121,29136
20210716,7호선,중화,9839,9609,19448
20210716,7호선,먹골,9134,8997,18131
20210716,7호선,태릉입구,7310,6850,14160
20210716,7호선,하계,15087,14188,29275
20210716,7호선,중계,12076,11008,23084
20210716,7호선,노원,17593,18752,36345
20210716,7호선,마들,11297,10795,22092
20210716,7호선,수락산,11208,11185,22393
20210716,7호선,도봉산,7859,9363,17222
20210716,7호선,반포,5248,4915,10163
20210716,7호선,면목,13914,13468,27382
20210716,7호선,고속터미널,13285,11828,25113
20210716,7호선,장암,2119,846,2965
20210716,7호선,이수,13722,13522,27244
20210716,7호선,부평구청,6811,6167,12978
20210716,7호선,굴포천,8056,8622,16678
20210716,7호선,삼산체육관,4611,4212,8823
20210716,7호선,상동,11583,12369,23952
20210716,7호선,부천시청,11469,11461,22930
20210716,7호선,신중동,12932,12936,25868
20210716,7호선,춘의,9078,8968,18046
20210716,7호선,부천종합운동장,4420,3821,8241
20210716,7호선,까치울,6815,6557,13372
20210716,7호선,온수,9036,8190,17226
20210716,7호선,천왕,9836,9286,19122
20210716,7호선,내방,13010,13119,26129
20210716,7호선,철산,18542,19212,37754
20210716,7호선,가산디지털단지,41881,41102,82983
20210716,7호선,남구로,14389,15164,29553
20210716,7호선,대림,6963,7107,14070
20210716,7호선,신풍,10401,9997,20398
20210716,7호선,보라매,8336,8305,16641
20210716,7호선,신대방삼거리,14534,13994,28528
20210716,7호선,장승배기,8499,8314,16813
20210716,7호선,상도,9219,8844,18063
20210716,7호선,숭실대입구,9975,9917,19892
20210716,7호선,남성,9906,9099,19005
20210716,7호선,광명사거리,19778,19732,39510
20210717,7호선,굴포천,5071,5293,10364
20210717,7호선,부평구청,3823,3423,7246
20210717,7호선,수락산,8633,8658,17291
20210717,7호선,도봉산,5279,7369,12648
20210717,7호선,상도,5479,5101,10580
20210717,7호선,보라매,4609,4474,9083
20210717,7호선,신대방삼거리,9184,8630,17814
20210717,7호선,장승배기,5299,5106,10405
20210717,7호선,삼산체육관,2510,2324,4834
20210717,7호선,신풍,6387,6095,12482
20210717,7호선,상동,7567,7740,15307
20210717,7호선,태릉입구,4980,4652,9632
20210717,7호선,노원,12252,12748,25000
20210717,7호선,중계,7145,6444,13589
20210717,7호선,하계,9077,8532,17609
20210717,7호선,공릉,6577,6498,13075
20210717,7호선,먹골,6030,5863,11893
20210717,7호선,중화,6181,5913,12094
20210717,7호선,부천시청,7623,7660,15283
20210717,7호선,신중동,7511,7318,14829
20210717,7호선,춘의,4324,4172,8496
20210717,7호선,부천종합운동장,2734,2401,5135
20210717,7호선,숭실대입구,5854,5903,11757
20210717,7호선,마들,6886,6476,13362
20210717,7호선,까치울,4172,4144,8316
20210717,7호선,남성,6126,5724,11850
20210717,7호선,내방,6072,6025,12097
20210717,7호선,이수,8972,8423,17395
20210717,7호선,온수,4517,4383,8900
20210717,7호선,천왕,5105,4794,9899
20210717,7호선,광명사거리,13142,13302,26444
20210717,7호선,철산,11264,11375,22639
20210717,7호선,가산디지털단지,11473,10498,21971
20210717,7호선,남구로,6889,7294,14183
20210717,7호선,대림,5547,5888,11435
20210717,7호선,상봉,10255,9754,20009
20210717,7호선,면목,8970,8752,17722
20210717,7호선,사가정,9707,9459,19166
20210717,7호선,장암,1358,1032,2390
20210717,7호선,중곡,5298,5076,10374
20210717,7호선,용마산,3309,3452,6761
20210717,7호선,반포,3472,3297,6769
20210717,7호선,논현,8929,9512,18441
20210717,7호선,학동,7254,7502,14756
20210717,7호선,강남구청,7078,7563,14641
20210717,7호선,고속터미널,8080,6782,14862
20210717,7호선,뚝섬유원지,5426,5129,10555
20210717,7호선,건대입구,8101,7714,15815
20210717,7호선,어린이대공원,6472,6185,12657
20210717,7호선,군자,8251,6529,14780
20210717,7호선,청담,8001,8417,16418
20210718,7호선,용마산,2356,2573,4929
20210718,7호선,논현,4665,5012,9677
20210718,7호선,학동,3777,4090,7867
20210718,7호선,강남구청,4000,4287,8287
20210718,7호선,청담,4505,4793,9298
20210718,7호선,뚝섬유원지,4498,4086,8584
20210718,7호선,건대입구,5729,5391,11120
20210718,7호선,어린이대공원,5278,4951,10229
20210718,7호선,군자,5586,4620,10206
20210718,7호선,중곡,3579,3530,7109
20210718,7호선,사가정,6753,6672,13425
20210718,7호선,반포,2208,2230,4438
20210718,7호선,상봉,6961,6542,13503
20210718,7호선,중화,4088,4056,8144
20210718,7호선,먹골,4006,3978,7984
20210718,7호선,태릉입구,3531,3311,6842
20210718,7호선,공릉,4507,4635,9142
20210718,7호선,하계,6322,6034,12356
20210718,7호선,중계,4950,4519,9469
20210718,7호선,노원,7973,8058,16031
20210718,7호선,마들,4259,4003,8262
20210718,7호선,수락산,6801,6783,13584
20210718,7호선,도봉산,4263,6342,10605
20210718,7호선,면목,6019,6126,12145
20210718,7호선,고속터미널,8110,4876,12986
20210718,7호선,장암,1332,1028,2360
20210718,7호선,대림,4932,4624,9556
20210718,7호선,내방,3718,3864,7582
20210718,7호선,이수,5733,5619,11352
20210718,7호선,남성,3900,3913,7813
20210718,7호선,숭실대입구,3916,4210,8126
20210718,7호선,상도,3727,3770,7497
20210718,7호선,장승배기,3528,3481,7009
20210718,7호선,신대방삼거리,5758,5622,11380
20210718,7호선,보라매,2973,3080,6053
20210718,7호선,부평구청,2716,2425,5141
20210718,7호선,굴포천,3602,3611,7213
20210718,7호선,삼산체육관,1825,1684,3509
20210718,7호선,신풍,4406,4166,8572
20210718,7호선,부천시청,5258,5168,10426
20210718,7호선,남구로,5155,5147,10302
20210718,7호선,가산디지털단지,7837,7366,15203
20210718,7호선,철산,7296,7248,14544
20210718,7호선,광명사거리,8899,8905,17804
20210718,7호선,천왕,3417,3272,6689
20210718,7호선,상동,5207,5297,10504
20210718,7호선,까치울,2995,2939,5934
20210718,7호선,부천종합운동장,1940,1776,3716
20210718,7호선,춘의,2609,2499,5108
20210718,7호선,신중동,5022,4879,9901
20210718,7호선,온수,2795,2826,5621
20210719,7호선,남구로,14906,15678,30584
20210719,7호선,이수,13495,13301,26796
20210719,7호선,남성,9566,9107,18673
20210719,7호선,숭실대입구,9626,10006,19632
20210719,7호선,상도,9038,8846,17884
20210719,7호선,장승배기,8512,8458,16970
20210719,7호선,신대방삼거리,14367,14104,28471
20210719,7호선,보라매,8490,8480,16970
20210719,7호선,신풍,10393,9978,20371
20210719,7호선,대림,7200,7026,14226
20210719,7호선,가산디지털단지,44219,43103,87322
20210719,7호선,부천종합운동장,4344,3844,8188
20210719,7호선,광명사거리,19655,19625,39280
20210719,7호선,천왕,9941,9509,19450
20210719,7호선,온수,9263,8538,17801
20210719,7호선,까치울,6666,6458,13124
20210719,7호선,내방,12842,13093,25935
20210719,7호선,춘의,9051,9085,18136
20210719,7호선,신중동,12749,12766,25515
20210719,7호선,부천시청,11094,11010,22104
20210719,7호선,상동,11077,11605,22682
20210719,7호선,삼산체육관,4663,4282,8945
20210719,7호선,굴포천,7963,8320,16283
20210719,7호선,철산,18419,18950,37369
20210719,7호선,고속터미널,13257,10857,24114
20210719,7호선,부평구청,6671,6036,12707
20210719,7호선,논현,18057,19574,37631
20210719,7호선,장암,2095,819,2914
20210719,7호선,도봉산,8348,9314,17662
20210719,7호선,수락산,11231,11235,22466
20210719,7호선,마들,11055,10616,21671
20210719,7호선,노원,17108,18105,35213
20210719,7호선,중계,12255,11294,23549
20210719,7호선,하계,14899,14306,29205
20210719,7호선,공릉,9715,9681,19396
20210719,7호선,태릉입구,7196,6714,13910
20210719,7호선,먹골,8991,8898,17889
20210719,7호선,중화,9843,9556,19399
20210719,7호선,반포,4789,4676,9465
20210719,7호선,면목,13645,13524,27169
20210719,7호선,사가정,14341,14491,28832
20210719,7호선,용마산,5309,5168,10477
20210719,7호선,중곡,8889,8502,17391
20210719,7호선,군자,12558,10437,22995
20210719,7호선,어린이대공원,9823,9763,19586
20210719,7호선,건대입구,10016,10016,20032
20210719,7호선,뚝섬유원지,6484,6441,12925
20210719,7호선,청담,16575,18113,34688
20210719,7호선,강남구청,13949,15113,29062
20210719,7호선,학동,21767,22726,44493
20210719,7호선,상봉,14823,13953,28776
20210720,7호선,대림,7085,7053,14138
20210720,7호선,신풍,10519,9936,20455
20210720,7호선,보라매,8427,8390,16817
20210720,7호선,신대방삼거리,14681,14331,29012
20210720,7호선,이수,13726,13476,27202
20210720,7호선,상도,9157,9032,18189
20210720,7호선,숭실대입구,10090,10298,20388
20210720,7호선,남성,9936,9230,19166
20210720,7호선,남구로,14882,15561,30443
20210720,7호선,장승배기,8554,8298,16852
20210720,7호선,가산디지털단지,43557,43084,86641
20210720,7호선,부천종합운동장,4351,3894,8245
20210720,7호선,광명사거리,19855,19770,39625
20210720,7호선,천왕,10160,9799,19959
20210720,7호선,온수,9344,8578,17922
20210720,7호선,까치울,6867,6674,13541
20210720,7호선,춘의,9277,9156,18433
20210720,7호선,신중동,12755,12830,25585
20210720,7호선,부천시청,11233,11021,22254
20210720,7호선,상동,11574,12116,23690
20210720,7호선,삼산체육관,4762,4324,9086
20210720,7호선,굴포천,8086,8516,16602
20210720,7호선,내방,13199,13456,26655
20210720,7호선,철산,18730,19140,37870
20210720,7호선,부평구청,6893,6211,13104
20210720,7호선,고속터미널,12732,11233,23965
20210720,7호선,논현,18383,19870,38253
20210720,7호선,반포,5151,4877,10028
20210720,7호선,장암,2186,949,3135
20210720,7호선,도봉산,8590,9546,18136
20210720,7호선,수락산,11547,11595,23142
20210720,7호선,마들,11332,10884,22216
20210720,7호선,노원,17417,18485,35902
20210720,7호선,중계,12441,11533,23974
20210720,7호선,공릉,10028,9942,19970
20210720,7호선,태릉입구,7231,6925,14156
20210720,7호선,먹골,9129,9069,18198
20210720,7호선,중화,9955,9764,19719
20210720,7호선,하계,15330,14512,29842
20210720,7호선,면목,13798,13508,27306
20210720,7호선,상봉,14932,14123,29055
20210720,7호선,강남구청,14565,15989,30554
20210720,7호선,청담,16865,18532,35397
20210720,7호선,뚝섬유원지,6918,6834,13752
20210720,7호선,건대입구,10298,10199,20497
20210720,7호선,학동,22327,23301,45628
20210720,7호선,군자,12973,10724,23697
20210720,7호선,중곡,9119,8636,17755
20210720,7호선,용마산,5408,5350,10758
20210720,7호선,사가정,14630,14563,29193
20210720,7호선,어린이대공원,10061,9920,19981
20210721,7호선,논현,17997,19400,37397
20210721,7호선,용마산,5324,5293,10617
20210721,7호선,학동,21767,22825,44592
20210721,7호선,강남구청,14166,15627,29793
20210721,7호선,청담,16872,18413,35285
20210721,7호선,뚝섬유원지,6809,6715,13524
20210721,7호선,건대입구,10248,10133,20381
20210721,7호선,어린이대공원,10541,10294,20835
20210721,7호선,군자,12942,10730,23672
20210721,7호선,중곡,8775,8495,17270
20210721,7호선,사가정,14527,14495,29022
20210721,7호선,공릉,9450,9482,18932
20210721,7호선,상봉,14617,13867,28484
20210721,7호선,중화,9811,9593,19404
20210721,7호선,먹골,9009,8872,17881
20210721,7호선,태릉입구,7264,6856,14120
20210721,7호선,하계,15389,14946,30335
20210721,7호선,중계,12352,11206,23558
20210721,7호선,노원,16890,17650,34540
20210721,7호선,마들,11156,10576,21732
20210721,7호선,수락산,11333,11485,22818
20210721,7호선,도봉산,8823,9484,18307
20210721,7호선,장암,2090,878,2968
20210721,7호선,면목,13734,13725,27459
20210721,7호선,반포,5078,4877,9955
20210721,7호선,고속터미널,12262,10898,23160
20210721,7호선,이수,13364,13154,26518
20210721,7호선,부평구청,6886,6099,12985
20210721,7호선,굴포천,8075,8559,16634
20210721,7호선,삼산체육관,4739,4414,9153
20210721,7호선,상동,11606,12137,23743
20210721,7호선,부천시청,11235,11162,22397
20210721,7호선,신중동,12720,12756,25476
20210721,7호선,춘의,9188,9153,18341
20210721,7호선,부천종합운동장,4224,3767,7991
20210721,7호선,까치울,6885,6654,13539
20210721,7호선,온수,9182,8437,17619
20210721,7호선,천왕,9859,9476,19335
20210721,7호선,내방,13110,13380,26490
20210721,7호선,철산,18660,19133,37793
20210721,7호선,가산디지털단지,42839,42549,85388
20210721,7호선,남구로,14825,15464,30289
20210721,7호선,대림,6957,6957,13914
20210721,7호선,신풍,10402,10038,20440
20210721,7호선,보라매,8338,8305,16643
20210721,7호선,신대방삼거리,14467,13952,28419
20210721,7호선,장승배기,8543,8269,16812
20210721,7호선,상도,9124,8771,17895
20210721,7호선,숭실대입구,9681,10070,19751
20210721,7호선,남성,9800,9143,18943
20210721,7호선,광명사거리,19560,19549,39109
20210722,7호선,중곡,8752,8301,17053
20210722,7호선,군자,12600,10494,23094
20210722,7호선,어린이대공원,10022,9768,19790
20210722,7호선,건대입구,10131,10075,20206
20210722,7호선,논현,17825,19305,37130
20210722,7호선,청담,16581,18181,34762
20210722,7호선,강남구청,14240,15535,29775
20210722,7호선,학동,21614,22730,44344
20210722,7호선,용마산,5319,5108,10427
20210722,7호선,뚝섬유원지,6568,6432,13000
20210722,7호선,사가정,14260,14247,28507
20210722,7호선,공릉,9522,9514,19036
20210722,7호선,상봉,14546,13706,28252
20210722,7호선,중화,9651,9485,19136
20210722,7호선,먹골,8801,8763,17564
20210722,7호선,태릉입구,7071,6730,13801
20210722,7호선,하계,14876,14082,28958
20210722,7호선,중계,12003,10948,22951
20210722,7호선,노원,16579,17486,34065
20210722,7호선,마들,10888,10580,21468
20210722,7호선,수락산,11053,11208,22261
20210722,7호선,도봉산,8762,9286,18048
20210722,7호선,반포,5015,4725,9740
20210722,7호선,면목,13432,13256,26688
20210722,7호선,고속터미널,12285,10873,23158
20210722,7호선,장암,2077,881,2958
20210722,7호선,이수,13273,12941,26214
20210722,7호선,부평구청,6666,6012,12678
20210722,7호선,굴포천,8110,8479,16589
20210722,7호선,삼산체육관,4571,4146,8717
20210722,7호선,상동,11371,11834,23205
20210722,7호선,부천시청,11164,11120,22284
20210722,7호선,신중동,12446,12455,24901
20210722,7호선,춘의,9149,8949,18098
20210722,7호선,부천종합운동장,4267,3739,8006
20210722,7호선,까치울,6655,6439,13094
20210722,7호선,온수,9065,8176,17241
20210722,7호선,천왕,9896,9363,19259
20210722,7호선,내방,12896,13198,26094
20210722,7호선,철산,18190,18589,36779
20210722,7호선,가산디지털단지,42281,42025,84306
20210722,7호선,남구로,14474,15268,29742
20210722,7호선,대림,6921,6717,13638
20210722,7호선,신풍,10328,9844,20172
20210722,7호선,보라매,8273,8278,16551
20210722,7호선,신대방삼거리,14266,13758,28024
20210722,7호선,장승배기,8370,8163,16533
20210722,7호선,상도,8989,8724,17713
20210722,7호선,숭실대입구,9484,9685,19169
20210722,7호선,남성,9739,8973,18712
20210722,7호선,광명사거리,19225,19041,38266
20210723,7호선,대림,6998,7108,14106
20210723,7호선,신풍,10459,9895,20354
20210723,7호선,보라매,8335,8262,16597
20210723,7호선,신대방삼거리,14520,13908,28428
20210723,7호선,이수,13682,13435,27117
20210723,7호선,상도,9150,8697,17847
20210723,7호선,숭실대입구,9899,9864,19763
20210723,7호선,남성,9859,9000,18859
20210723,7호선,남구로,14397,15044,29441
20210723,7호선,장승배기,8479,8201,16680
20210723,7호선,가산디지털단지,42077,41031,83108
20210723,7호선,부천종합운동장,4313,3824,8137
20210723,7호선,광명사거리,19851,19749,39600
20210723,7호선,천왕,9852,9456,19308
20210723,7호선,온수,9172,8324,17496
20210723,7호선,까치울,6715,6562,13277
20210723,7호선,춘의,9138,8992,18130
20210723,7호선,신중동,12954,12967,25921
20210723,7호선,부천시청,11379,11392,22771
20210723,7호선,상동,11684,12125,23809
20210723,7호선,삼산체육관,4656,4177,8833
20210723,7호선,굴포천,8122,8715,16837
20210723,7호선,내방,12925,13048,25973
20210723,7호선,철산,18575,19289,37864
20210723,7호선,부평구청,6830,6092,12922
20210723,7호선,고속터미널,13298,11663,24961
20210723,7호선,논현,18257,19791,38048
20210723,7호선,반포,5245,4919,10164
20210723,7호선,장암,2081,960,3041
20210723,7호선,도봉산,8680,9359,18039
20210723,7호선,수락산,11370,11374,22744
20210723,7호선,마들,11303,10895,22198
20210723,7호선,노원,17978,18767,36745
20210723,7호선,중계,12196,11122,23318
20210723,7호선,공릉,9995,9947,19942
20210723,7호선,태릉입구,7155,6785,13940
20210723,7호선,먹골,9264,8986,18250
20210723,7호선,중화,9957,9586,19543
20210723,7호선,하계,15010,14323,29333
20210723,7호선,면목,13860,13622,27482
20210723,7호선,상봉,14743,14092,28835
20210723,7호선,강남구청,14312,15526,29838
20210723,7호선,청담,16650,18262,34912
20210723,7호선,뚝섬유원지,6714,6616,13330
20210723,7호선,건대입구,10935,10845,21780
20210723,7호선,학동,21220,22259,43479
20210723,7호선,군자,12941,10486,23427
20210723,7호선,중곡,9126,8580,17706
20210723,7호선,용마산,5284,5086,10370
20210723,7호선,사가정,14620,14409,29029
20210723,7호선,어린이대공원,10501,10228,20729
20210724,7호선,남구로,6804,7155,13959
20210724,7호선,이수,8747,8373,17120
20210724,7호선,남성,5830,5463,11293
20210724,7호선,숭실대입구,5695,5729,11424
20210724,7호선,상도,5629,5231,10860
20210724,7호선,장승배기,5584,5263,10847
20210724,7호선,신대방삼거리,8826,8429,17255
20210724,7호선,보라매,4832,4528,9360
20210724,7호선,신풍,6371,6054,12425
20210724,7호선,대림,5710,6045,11755
20210724,7호선,가산디지털단지,11583,10553,22136
20210724,7호선,내방,6130,6080,12210
20210724,7호선,광명사거리,13060,13346,26406
20210724,7호선,천왕,5130,4880,10010
20210724,7호선,온수,4503,4392,8895
20210724,7호선,까치울,4152,4096,8248
20210724,7호선,부천종합운동장,2524,2256,4780
20210724,7호선,춘의,4441,4250,8691
20210724,7호선,신중동,7567,7405,14972
20210724,7호선,부천시청,7452,7557,15009
20210724,7호선,상동,7506,7641,15147
20210724,7호선,삼산체육관,2565,2420,4985
20210724,7호선,굴포천,5022,5282,10304
20210724,7호선,철산,11438,11384,22822
20210724,7호선,고속터미널,8460,6889,15349
20210724,7호선,부평구청,3975,3478,7453
20210724,7호선,논현,8699,9535,18234
20210724,7호선,장암,1347,1044,2391
20210724,7호선,도봉산,5867,7338,13205
20210724,7호선,수락산,8198,8055,16253
20210724,7호선,마들,7096,6653,13749
20210724,7호선,노원,12179,12816,24995
20210724,7호선,중계,7032,6329,13361
20210724,7호선,하계,9200,8756,17956
20210724,7호선,공릉,6587,6467,13054
20210724,7호선,태릉입구,4894,4543,9437
20210724,7호선,먹골,5998,6019,12017
20210724,7호선,중화,6260,6000,12260
20210724,7호선,반포,3464,3204,6668
20210724,7호선,면목,8701,8559,17260
20210724,7호선,사가정,9641,9437,19078
20210724,7호선,용마산,3552,3554,7106
20210724,7호선,중곡,5292,5086,10378
20210724,7호선,군자,8430,6500,14930
20210724,7호선,어린이대공원,6333,5991,12324
20210724,7호선,건대입구,7883,7516,15399
20210724,7호선,뚝섬유원지,5070,4883,9953
20210724,7호선,청담,8166,8517,16683
20210724,7호선,강남구청,6765,7362,14127
20210724,7호선,학동,7263,7681,14944
20210724,7호선,상봉,9907,9408,19315
20210725,7호선,남구로,4937,4955,9892
20210725,7호선,대림,5011,4683,9694
20210725,7호선,신풍,4372,4164,8536
20210725,7호선,보라매,3165,3190,6355
20210725,7호선,남성,3882,3985,7867
20210725,7호선,장승배기,3501,3622,7123
20210725,7호선,상도,3636,3747,7383
20210725,7호선,숭실대입구,3768,4059,7827
20210725,7호선,가산디지털단지,7706,7066,14772
20210725,7호선,신대방삼거리,5679,5700,11379
20210725,7호선,철산,7225,7276,14501
20210725,7호선,춘의,2731,2576,5307
20210725,7호선,천왕,3342,3263,6605
20210725,7호선,온수,2782,2703,5485
20210725,7호선,까치울,2802,2930,5732
20210725,7호선,부천종합운동장,1783,1527,3310
20210725,7호선,신중동,4806,4695,9501
20210725,7호선,부천시청,4761,4740,9501
20210725,7호선,상동,5073,4911,9984
20210725,7호선,삼산체육관,1735,1611,3346
20210725,7호선,굴포천,3334,3328,6662
20210725,7호선,부평구청,2583,2355,4938
20210725,7호선,이수,5517,5459,10976
20210725,7호선,광명사거리,8658,8651,17309
20210725,7호선,내방,3682,3866,7548
20210725,7호선,고속터미널,8207,4936,13143
20210725,7호선,반포,1997,2027,4024
20210725,7호선,도봉산,4989,5991,10980
20210725,7호선,수락산,6459,6444,12903
20210725,7호선,마들,4236,3948,8184
20210725,7호선,노원,8213,8283,16496
20210725,7호선,중계,4693,4368,9061
20210725,7호선,하계,6243,5940,12183
20210725,7호선,공릉,4515,4596,9111
20210725,7호선,태릉입구,3439,3212,6651
20210725,7호선,먹골,3957,3812,7769
20210725,7호선,중화,4231,4217,8448
20210725,7호선,상봉,6496,6030,12526
20210725,7호선,장암,1158,915,2073
20210725,7호선,사가정,6662,6487,13149
20210725,7호선,용마산,2240,2592,4832
20210725,7호선,중곡,3428,3419,6847
20210725,7호선,군자,5417,4389,9806
20210725,7호선,어린이대공원,4286,4400,8686
20210725,7호선,건대입구,5174,5251,10425
20210725,7호선,뚝섬유원지,3863,3651,7514
20210725,7호선,청담,4666,4754,9420
20210725,7호선,강남구청,3748,4102,7850
20210725,7호선,학동,3693,3968,7661
20210725,7호선,논현,4594,4961,9555
20210725,7호선,면목,5852,5938,11790
20210726,7호선,중곡,8610,8195,16805
20210726,7호선,군자,12593,10553,23146
20210726,7호선,어린이대공원,10078,9878,19956
20210726,7호선,건대입구,10321,10354,20675
20210726,7호선,논현,18283,19660,37943
20210726,7호선,청담,16409,17936,34345
20210726,7호선,강남구청,13944,15196,29140
20210726,7호선,학동,21816,22712,44528
20210726,7호선,용마산,5239,5146,10385
20210726,7호선,뚝섬유원지,6357,6356,12713
20210726,7호선,사가정,14240,14248,28488
20210726,7호선,공릉,9641,9726,19367
20210726,7호선,상봉,14545,13773,28318
20210726,7호선,중화,9611,9482,19093
20210726,7호선,먹골,8878,8798,17676
20210726,7호선,태릉입구,6952,6578,13530
20210726,7호선,하계,14922,14031,28953
20210726,7호선,중계,11822,11009,22831
20210726,7호선,노원,17403,18330,35733
20210726,7호선,마들,10952,10648,21600
20210726,7호선,수락산,11183,11204,22387
20210726,7호선,도봉산,8579,9262,17841
20210726,7호선,반포,4851,4810,9661
20210726,7호선,면목,13437,13286,26723
20210726,7호선,고속터미널,13151,10787,23938
20210726,7호선,장암,2087,834,2921
20210726,7호선,이수,13138,12838,25976
20210726,7호선,부평구청,6831,5929,12760
20210726,7호선,굴포천,8126,8637,16763
20210726,7호선,삼산체육관,4582,4141,8723
20210726,7호선,상동,11335,11791,23126
20210726,7호선,부천시청,11089,11253,22342
20210726,7호선,신중동,12507,12489,24996
20210726,7호선,춘의,9197,9128,18325
20210726,7호선,부천종합운동장,4247,3692,7939
20210726,7호선,까치울,6540,6384,12924
20210726,7호선,온수,9242,8427,17669
20210726,7호선,천왕,9949,9516,19465
20210726,7호선,내방,12684,12995,25679
20210726,7호선,철산,18212,18756,36968
20210726,7호선,가산디지털단지,42944,42720,85664
20210726,7호선,남구로,14799,15453,30252
20210726,7호선,대림,7283,7179,14462
20210726,7호선,신풍,10087,9701,19788
20210726,7호선,보라매,8136,8247,16383
20210726,7호선,신대방삼거리,14283,14026,28309
20210726,7호선,장승배기,8363,8202,16565
20210726,7호선,상도,8931,8607,17538
20210726,7호선,숭실대입구,9475,9847,19322
20210726,7호선,남성,9448,8880,18328
20210726,7호선,광명사거리,19472,19373,38845
20210727,7호선,중곡,8538,8129,16667
20210727,7호선,군자,12665,10528,23193
20210727,7호선,어린이대공원,10270,9884,20154
20210727,7호선,건대입구,10369,10314,20683
20210727,7호선,논현,18175,19591,37766
20210727,7호선,청담,16539,17911,34450
20210727,7호선,강남구청,14223,15732,29955
20210727,7호선,학동,21796,22824,44620
20210727,7호선,용마산,5240,5166,10406
20210727,7호선,뚝섬유원지,6570,6453,13023
20210727,7호선,사가정,14074,14142,28216
20210727,7호선,공릉,9549,9700,19249
20210727,7호선,상봉,14468,13558,28026
20210727,7호선,중화,9539,9534,19073
20210727,7호선,먹골,8875,8793,17668
20210727,7호선,태릉입구,7001,6662,13663
20210727,7호선,하계,14861,14173,29034
20210727,7호선,중계,11871,10757,22628
20210727,7호선,노원,17364,18200,35564
20210727,7호선,마들,10975,10669,21644
20210727,7호선,수락산,11293,11374,22667
20210727,7호선,도봉산,8523,9155,17678
20210727,7호선,반포,4900,4534,9434
20210727,7호선,면목,13434,13255,26689
20210727,7호선,고속터미널,12452,10773,23225
20210727,7호선,장암,2091,869,2960
20210727,7호선,이수,13207,13127,26334
20210727,7호선,부평구청,6859,6012,12871
20210727,7호선,굴포천,8092,8633,16725
20210727,7호선,삼산체육관,4607,4191,8798
20210727,7호선,상동,11302,11920,23222
20210727,7호선,부천시청,11215,11188,22403
20210727,7호선,신중동,12685,12519,25204
20210727,7호선,춘의,9215,9112,18327
20210727,7호선,부천종합운동장,4142,3744,7886
20210727,7호선,까치울,6757,6465,13222
20210727,7호선,온수,9156,8378,17534
20210727,7호선,천왕,9713,9362,19075
20210727,7호선,내방,12749,12998,25747
20210727,7호선,철산,18146,18906,37052
20210727,7호선,가산디지털단지,43022,42469,85491
20210727,7호선,남구로,14697,15439,30136
20210727,7호선,대림,6959,6988,13947
20210727,7호선,신풍,10220,9800,20020
20210727,7호선,보라매,8154,8116,16270
20210727,7호선,신대방삼거리,14324,13917,28241
20210727,7호선,장승배기,8278,8161,16439
20210727,7호선,상도,8975,8749,17724
20210727,7호선,숭실대입구,9417,9787,19204
20210727,7호선,남성,9633,9005,18638
20210727,7호선,광명사거리,19327,19209,38536
20210728,7호선,대림,6771,6741,13512
20210728,7호선,신풍,10052,9652,19704
20210728,7호선,보라매,8112,8064,16176
20210728,7호선,신대방삼거리,14069,13758,27827
20210728,7호선,이수,13149,13053,26202
20210728,7호선,상도,8857,8589,17446
20210728,7호선,숭실대입구,9464,9678,19142
20210728,7호선,남성,9494,8861,18355
20210728,7호선,남구로,14459,15208,29667
20210728,7호선,장승배기,8192,7977,16169
20210728,7호선,가산디지털단지,42098,41694,83792
20210728,7호선,부천종합운동장,4134,3628,7762
20210728,7호선,광명사거리,19197,19225,38422
20210728,7호선,천왕,9676,9322,18998
20210728,7호선,온수,9028,8140,17168
20210728,7호선,까치울,6819,6560,13379
20210728,7호선,춘의,8995,8882,17877
20210728,7호선,신중동,12309,12338,24647
20210728,7호선,부천시청,11344,11187,22531
20210728,7호선,상동,11432,11979,23411
20210728,7호선,삼산체육관,4530,4143,8673
20210728,7호선,굴포천,8068,8478,16546
20210728,7호선,내방,12786,12897,25683
20210728,7호선,철산,18055,18652,36707
20210728,7호선,부평구청,6628,5992,12620
20210728,7호선,고속터미널,12364,10650,23014
20210728,7호선,논현,18036,19254,37290
20210728,7호선,반포,4909,4653,9562
20210728,7호선,장암,2075,864,2939
20210728,7호선,도봉산,7916,9163,17079
20210728,7호선,수락산,11023,11032,22055
20210728,7호선,마들,10875,10360,21235
20210728,7호선,노원,16963,18041,35004
20210728,7호선,중계,11927,10981,22908
20210728,7호선,공릉,9544,9621,19165
20210728,7호선,태릉입구,6999,6686,13685
20210728,7호선,먹골,8789,8674,17463
20210728,7호선,중화,9578,9508,19086
20210728,7호선,하계,15116,14371,29487
20210728,7호선,면목,13273,13209,26482
20210728,7호선,상봉,14481,13705,28186
20210728,7호선,강남구청,14099,15383,29482
20210728,7호선,청담,16534,18048,34582
20210728,7호선,뚝섬유원지,6454,6375,12829
20210728,7호선,건대입구,10418,10416,20834
20210728,7호선,학동,21521,22437,43958
20210728,7호선,군자,12797,10629,23426
20210728,7호선,중곡,8540,8097,16637
20210728,7호선,용마산,5235,5072,10307
20210728,7호선,사가정,14111,14024,28135
20210728,7호선,어린이대공원,10023,9793,19816
20210729,7호선,남구로,14148,15022,29170
20210729,7호선,이수,13097,12919,26016
20210729,7호선,남성,9359,8795,18154
20210729,7호선,숭실대입구,9441,9685,19126
20210729,7호선,상도,8680,8439,17119
20210729,7호선,장승배기,8116,7843,15959
20210729,7호선,신대방삼거리,13984,13449,27433
20210729,7호선,보라매,8003,8028,16031
20210729,7호선,신풍,9947,9451,19398
20210729,7호선,대림,6623,6530,13153
20210729,7호선,가산디지털단지,41512,40963,82475
20210729,7호선,내방,12578,12774,25352
20210729,7호선,광명사거리,19086,18872,37958
20210729,7호선,천왕,9686,9231,18917
20210729,7호선,온수,8933,8163,17096
20210729,7호선,까치울,6678,6349,13027
20210729,7호선,부천종합운동장,4061,3538,7599
20210729,7호선,춘의,8742,8645,17387
20210729,7호선,신중동,12344,12250,24594
20210729,7호선,부천시청,10911,11063,21974
20210729,7호선,상동,11092,11484,22576
20210729,7호선,삼산체육관,4476,3992,8468
20210729,7호선,굴포천,7799,8321,16120
20210729,7호선,철산,17783,18471,36254
20210729,7호선,고속터미널,12204,10761,22965
20210729,7호선,부평구청,6559,5783,12342
20210729,7호선,논현,17697,19034,36731
20210729,7호선,장암,1956,828,2784
20210729,7호선,도봉산,7810,9135,16945
20210729,7호선,수락산,11058,11043,22101
20210729,7호선,마들,10854,10510,21364
20210729,7호선,노원,16769,17667,34436
20210729,7호선,중계,11755,10678,22433
20210729,7호선,하계,14595,13834,28429
20210729,7호선,공릉,9426,9386,18812
20210729,7호선,태릉입구,6928,6530,13458
20210729,7호선,먹골,8772,8692,17464
20210729,7호선,중화,9369,9186,18555
20210729,7호선,반포,4806,4606,9412
20210729,7호선,면목,13233,12970,26203
20210729,7호선,학동,21150,22274,43424
20210729,7호선,강남구청,13933,15246,29179
20210729,7호선,청담,16540,17807,34347
20210729,7호선,뚝섬유원지,6389,6261,12650
20210729,7호선,건대입구,10074,10288,20362
20210729,7호선,상봉,14171,13534,27705
20210729,7호선,군자,12554,10401,22955
20210729,7호선,중곡,8442,8069,16511
20210729,7호선,용마산,5195,5118,10313
20210729,7호선,사가정,14086,13976,28062
20210729,7호선,어린이대공원,10034,9594,19628
20210730,7호선,용마산,5245,5030,10275
20210730,7호선,논현,17703,19159,36862
20210730,7호선,학동,20649,21709,42358
20210730,7호선,강남구청,14021,15420,29441
20210730,7호선,청담,16143,17843,33986
20210730,7호선,뚝섬유원지,6709,6652,13361
20210730,7호선,건대입구,10368,10496,20864
20210730,7호선,어린이대공원,10262,9792,20054
20210730,7호선,군자,12869,10443,23312
20210730,7호선,중곡,8598,8032,16630
20210730,7호선,사가정,14227,14283,28510
20210730,7호선,공릉,9830,9642,19472
20210730,7호선,상봉,14642,13999,28641
20210730,7호선,중화,9589,9272,18861
20210730,7호선,먹골,8920,8751,17671
20210730,7호선,태릉입구,7065,6743,13808
20210730,7호선,반포,4959,4647,9606
20210730,7호선,하계,14770,13892,28662
20210730,7호선,중계,11903,10631,22534
20210730,7호선,노원,17476,18658,36134
20210730,7호선,마들,10914,10407,21321
20210730,7호선,수락산,11027,11032,22059
20210730,7호선,도봉산,7883,9101,16984
20210730,7호선,면목,13527,13192,26719
20210730,7호선,고속터미널,13300,11146,24446
20210730,7호선,장암,1988,900,2888
20210730,7호선,이수,13387,13072,26459
20210730,7호선,부평구청,6624,5779,12403
20210730,7호선,굴포천,7888,8546,16434
20210730,7호선,삼산체육관,4496,4109,8605
20210730,7호선,상동,11162,11804,22966
20210730,7호선,부천시청,11100,11233,22333
20210730,7호선,신중동,12340,12419,24759
20210730,7호선,춘의,8482,8351,16833
20210730,7호선,부천종합운동장,4106,3593,7699
20210730,7호선,까치울,6687,6378,13065
20210730,7호선,온수,8613,7910,16523
20210730,7호선,천왕,9604,9062,18666
20210730,7호선,내방,12474,12640,25114
20210730,7호선,철산,18219,18763,36982
20210730,7호선,가산디지털단지,40792,39871,80663
20210730,7호선,남구로,13856,14630,28486
20210730,7호선,대림,6900,7017,13917
20210730,7호선,신풍,10198,9634,19832
20210730,7호선,보라매,8140,7952,16092
20210730,7호선,신대방삼거리,14134,13547,27681
20210730,7호선,장승배기,8336,7998,16334
20210730,7호선,상도,8929,8490,17419
20210730,7호선,숭실대입구,9627,9633,19260
20210730,7호선,남성,9551,8660,18211
20210730,7호선,광명사거리,19529,19408,38937
20210731,7호선,중곡,5036,4769,9805
20210731,7호선,군자,8197,6407,14604
20210731,7호선,어린이대공원,6053,5719,11772
20210731,7호선,건대입구,7539,7323,14862
20210731,7호선,논현,8278,8966,17244
20210731,7호선,청담,7771,8061,15832
20210731,7호선,강남구청,6832,7339,14171
20210731,7호선,학동,6857,7083,13940
20210731,7호선,용마산,3224,3309,6533
20210731,7호선,뚝섬유원지,4957,4713,9670
20210731,7호선,사가정,9438,9117,18555
20210731,7호선,공릉,6369,6425,12794
20210731,7호선,상봉,9620,9117,18737
20210731,7호선,중화,5990,5749,11739
20210731,7호선,먹골,5782,5545,11327
20210731,7호선,태릉입구,4792,4385,9177
20210731,7호선,하계,9014,8430,17444
20210731,7호선,중계,6975,6185,13160
20210731,7호선,노원,12051,12230,24281
20210731,7호선,마들,6784,6519,13303
20210731,7호선,수락산,7806,7887,15693
20210731,7호선,도봉산,4848,6692,11540
20210731,7호선,반포,3481,3237,6718
20210731,7호선,면목,8462,8410,16872
20210731,7호선,장암,1196,860,2056
20210731,7호선,고속터미널,8538,7107,15645
20210731,7호선,이수,8655,7980,16635
20210731,7호선,내방,5858,5749,11607
20210731,7호선,부평구청,3742,3383,7125
20210731,7호선,굴포천,4841,5070,9911
20210731,7호선,삼산체육관,2532,2435,4967
20210731,7호선,상동,7193,7417,14610
20210731,7호선,부천시청,7379,7365,14744
20210731,7호선,신중동,7289,7299,14588
20210731,7호선,부천종합운동장,2435,2148,4583
20210731,7호선,까치울,4059,4054,8113
20210731,7호선,온수,4226,4123,8349
20210731,7호선,천왕,5394,5073,10467
20210731,7호선,춘의,4100,3871,7971
20210731,7호선,철산,10907,10991,21898
20210731,7호선,광명사거리,12698,12907,25605
20210731,7호선,숭실대입구,5727,5703,11430
20210731,7호선,상도,5367,5075,10442
20210731,7호선,장승배기,5134,4943,10077
20210731,7호선,신대방삼거리,8736,8177,16913
20210731,7호선,남성,5832,5407,11239
20210731,7호선,신풍,6107,5835,11942
20210731,7호선,대림,5695,6156,11851
20210731,7호선,남구로,6714,7060,13774
20210731,7호선,가산디지털단지,11187,10215,21402
20210731,7호선,보라매,4603,4264,8867
20210801,7호선,학동,3700,3885,7585
20210801,7호선,사가정,6402,6350,12752
20210801,7호선,강남구청,3679,4026,7705
20210801,7호선,청담,4298,4579,8877
20210801,7호선,뚝섬유원지,3332,3292,6624
20210801,7호선,건대입구,5518,5505,11023
20210801,7호선,어린이대공원,4389,4442,8831
20210801,7호선,군자,5256,4438,9694
20210801,7호선,중곡,3458,3457,6915
20210801,7호선,용마산,2199,2301,4500
20210801,7호선,면목,5861,5934,11795
20210801,7호선,하계,6114,5972,12086
20210801,7호선,중화,4077,3942,8019
20210801,7호선,먹골,3834,3786,7620
20210801,7호선,태릉입구,3252,3076,6328
20210801,7호선,공릉,4359,4448,8807
20210801,7호선,중계,4718,4423,9141
20210801,7호선,노원,7703,7845,15548
20210801,7호선,마들,4202,3969,8171
20210801,7호선,수락산,5971,5916,11887
20210801,7호선,도봉산,3613,5225,8838
20210801,7호선,장암,999,768,1767
20210801,7호선,천왕,3253,3282,6535
20210801,7호선,상봉,6585,6412,12997
20210801,7호선,논현,4318,4696,9014
20210801,7호선,반포,2057,2038,4095
20210801,7호선,내방,3490,3772,7262
20210801,7호선,부평구청,2547,2284,4831
20210801,7호선,굴포천,3529,3518,7047
20210801,7호선,삼산체육관,1707,1694,3401
20210801,7호선,상동,5070,4980,10050
20210801,7호선,부천시청,4993,4664,9657
20210801,7호선,신중동,4617,4527,9144
20210801,7호선,춘의,2586,2383,4969
20210801,7호선,부천종합운동장,1643,1426,3069
20210801,7호선,까치울,2798,2889,5687
20210801,7호선,온수,2662,2763,5425
20210801,7호선,광명사거리,8765,8596,17361
20210801,7호선,고속터미널,8568,5002,13570
20210801,7호선,가산디지털단지,7587,6916,14503
20210801,7호선,남구로,5025,4972,9997
20210801,7호선,대림,5152,5040,10192
20210801,7호선,신풍,4109,4010,8119
20210801,7호선,보라매,3224,3088,6312
20210801,7호선,신대방삼거리,5663,5617,11280
20210801,7호선,장승배기,3348,3364,6712
20210801,7호선,상도,3443,3530,6973
20210801,7호선,숭실대입구,3818,4137,7955
20210801,7호선,남성,3724,3854,7578
20210801,7호선,이수,5355,5321,10676
20210801,7호선,철산,7104,7151,14255
20210802,7호선,중곡,7983,7582,15565
20210802,7호선,군자,12058,10072,22130
20210802,7호선,어린이대공원,9594,9334,18928
20210802,7호선,건대입구,9339,9591,18930
20210802,7호선,논현,17377,18384,35761
20210802,7호선,청담,15805,16966,32771
20210802,7호선,강남구청,13446,14664,28110
20210802,7호선,학동,20334,21307,41641
20210802,7호선,용마산,4873,4829,9702
20210802,7호선,뚝섬유원지,6336,6124,12460
20210802,7호선,사가정,13477,13535,27012
20210802,7호선,공릉,9063,9168,18231
20210802,7호선,상봉,13790,12972,26762
20210802,7호선,중화,9017,8977,17994
20210802,7호선,먹골,8349,8258,16607
20210802,7호선,태릉입구,6706,6358,13064
20210802,7호선,하계,14045,13400,27445
20210802,7호선,중계,11138,10124,21262
20210802,7호선,노원,16616,17600,34216
20210802,7호선,마들,10441,10070,20511
20210802,7호선,수락산,10540,10454,20994
20210802,7호선,도봉산,7486,8433,15919
20210802,7호선,반포,4702,4541,9243
20210802,7호선,면목,12677,12533,25210
20210802,7호선,고속터미널,13820,10906,24726
20210802,7호선,장암,1800,712,2512
20210802,7호선,이수,12295,12135,24430
20210802,7호선,천왕,9157,8832,17989
20210802,7호선,부평구청,5940,5297,11237
20210802,7호선,굴포천,7336,7802,15138
20210802,7호선,삼산체육관,4152,3797,7949
20210802,7호선,상동,10276,10694,20970
20210802,7호선,부천시청,10284,10230,20514
20210802,7호선,신중동,11303,11249,22552
20210802,7호선,춘의,7275,7172,14447
20210802,7호선,부천종합운동장,3820,3383,7203
20210802,7호선,까치울,6153,6000,12153
20210802,7호선,온수,8112,7409,15521
20210802,7호선,내방,12104,12314,24418
20210802,7호선,철산,17117,17495,34612
20210802,7호선,가산디지털단지,38828,38542,77370
20210802,7호선,남구로,13805,14306,28111
20210802,7호선,대림,7179,7116,14295
20210802,7호선,신풍,9469,8922,18391
20210802,7호선,보라매,7821,7807,15628
20210802,7호선,신대방삼거리,13462,13114,26576
20210802,7호선,장승배기,7851,7724,15575
20210802,7호선,상도,8339,8247,16586
20210802,7호선,숭실대입구,9077,9517,18594
20210802,7호선,남성,9036,8409,17445
20210802,7호선,광명사거리,18391,18264,36655
20210803,7호선,대림,7125,7092,14217
20210803,7호선,신풍,9660,9105,18765
20210803,7호선,보라매,7888,7937,15825
20210803,7호선,신대방삼거리,13479,13134,26613
20210803,7호선,이수,12824,12642,25466
20210803,7호선,상도,8748,8399,17147
20210803,7호선,숭실대입구,9252,9542,18794
20210803,7호선,남성,9150,8635,17785
20210803,7호선,남구로,13616,14207,27823
20210803,7호선,장승배기,7997,7813,15810
20210803,7호선,가산디지털단지,38876,38299,77175
20210803,7호선,부천종합운동장,3864,3371,7235
20210803,7호선,광명사거리,18295,18260,36555
20210803,7호선,천왕,9298,8865,18163
20210803,7호선,온수,8270,7483,15753
20210803,7호선,까치울,6302,6153,12455
20210803,7호선,춘의,7473,7312,14785
20210803,7호선,신중동,11506,11547,23053
20210803,7호선,부천시청,10763,10603,21366
20210803,7호선,상동,10689,11069,21758
20210803,7호선,삼산체육관,4333,4021,8354
20210803,7호선,굴포천,7492,7927,15419
20210803,7호선,내방,12297,12513,24810
20210803,7호선,철산,17113,17690,34803
20210803,7호선,부평구청,6063,5472,11535
20210803,7호선,고속터미널,13211,11009,24220
20210803,7호선,논현,17688,18979,36667
20210803,7호선,반포,4780,4554,9334
20210803,7호선,중곡,8324,7921,16245
20210803,7호선,장암,1996,878,2874
20210803,7호선,도봉산,7722,8966,16688
20210803,7호선,수락산,10814,10868,21682
20210803,7호선,마들,10601,10149,20750
20210803,7호선,노원,16945,17754,34699
20210803,7호선,하계,14500,13741,28241
20210803,7호선,공릉,9161,9278,18439
20210803,7호선,태릉입구,6738,6434,13172
20210803,7호선,먹골,8599,8459,17058
20210803,7호선,중계,11303,10387,21690
20210803,7호선,상봉,14200,13167,27367
20210803,7호선,중화,9306,9222,18528
20210803,7호선,강남구청,13910,15289,29199
20210803,7호선,청담,15801,17260,33061
20210803,7호선,뚝섬유원지,6479,6352,12831
20210803,7호선,건대입구,10159,10142,20301
20210803,7호선,학동,20477,21391,41868
20210803,7호선,군자,12331,10065,22396
20210803,7호선,용마산,5046,5017,10063
20210803,7호선,사가정,13812,13759,27571
20210803,7호선,면목,12927,12676,25603
20210803,7호선,어린이대공원,9958,9762,19720
20210804,7호선,남구로,13690,14234,27924
20210804,7호선,이수,12806,12721,25527
20210804,7호선,남성,9257,8634,17891
20210804,7호선,숭실대입구,9431,9723,19154
20210804,7호선,상도,8666,8465,17131
20210804,7호선,장승배기,8045,7840,15885
20210804,7호선,신대방삼거리,13701,13338,27039
20210804,7호선,보라매,7900,7995,15895
20210804,7호선,신풍,9668,9260,18928
20210804,7호선,대림,7093,6891,13984
20210804,7호선,가산디지털단지,38669,38197,76866
20210804,7호선,내방,12438,12526,24964
20210804,7호선,광명사거리,18526,18250,36776
20210804,7호선,천왕,9318,8896,18214
20210804,7호선,온수,8364,7667,16031
20210804,7호선,까치울,6380,6295,12675
20210804,7호선,부천종합운동장,3910,3493,7403
20210804,7호선,춘의,7759,7572,15331
20210804,7호선,신중동,11575,11607,23182
20210804,7호선,부천시청,10576,10445,21021
20210804,7호선,상동,10744,11160,21904
20210804,7호선,삼산체육관,4268,3919,8187
20210804,7호선,굴포천,7420,7885,15305
20210804,7호선,철산,17293,17916,35209
20210804,7호선,고속터미널,12618,10728,23346
20210804,7호선,부평구청,6211,5553,11764
20210804,7호선,논현,17511,18637,36148
20210804,7호선,장암,1974,894,2868
20210804,7호선,도봉산,7651,8915,16566
20210804,7호선,수락산,10788,10750,21538
20210804,7호선,마들,10709,10279,20988
20210804,7호선,노원,16822,17771,34593
20210804,7호선,중계,11403,10455,21858
20210804,7호선,하계,14774,14194,28968
20210804,7호선,공릉,9188,9226,18414
20210804,7호선,태릉입구,6869,6515,13384
20210804,7호선,먹골,8647,8506,17153
20210804,7호선,중화,9254,9067,18321
20210804,7호선,반포,4908,4685,9593
20210804,7호선,면목,13120,13018,26138
20210804,7호선,학동,20603,21399,42002
20210804,7호선,강남구청,14106,15376,29482
20210804,7호선,청담,15906,17249,33155
20210804,7호선,뚝섬유원지,6730,6515,13245
20210804,7호선,건대입구,10071,9960,20031
20210804,7호선,상봉,14114,13369,27483
20210804,7호선,군자,12463,10340,22803
20210804,7호선,중곡,8314,7951,16265
20210804,7호선,용마산,5083,4979,10062
20210804,7호선,사가정,13667,13773,27440
20210804,7호선,어린이대공원,9922,9655,19577
20210805,7호선,가산디지털단지,40157,39639,79796
20210805,7호선,이수,12809,12715,25524
20210805,7호선,남성,9425,8904,18329
20210805,7호선,숭실대입구,9520,9713,19233
20210805,7호선,상도,8721,8595,17316
20210805,7호선,신대방삼거리,13826,13389,27215
20210805,7호선,보라매,8005,8056,16061
20210805,7호선,신풍,9894,9331,19225
20210805,7호선,대림,6856,6886,13742
20210805,7호선,남구로,13922,14647,28569
20210805,7호선,철산,17704,18330,36034
20210805,7호선,춘의,8367,8126,16493
20210805,7호선,천왕,9555,9156,18711
20210805,7호선,온수,8637,7889,16526
20210805,7호선,까치울,6384,6251,12635
20210805,7호선,부천종합운동장,4047,3568,7615
20210805,7호선,내방,12497,12572,25069
20210805,7호선,신중동,12056,11912,23968
20210805,7호선,부천시청,11064,10985,22049
20210805,7호선,상동,10994,11475,22469
20210805,7호선,삼산체육관,4293,4017,8310
20210805,7호선,굴포천,7841,8212,16053
20210805,7호선,부평구청,6469,5770,12239
20210805,7호선,광명사거리,19103,18905,38008
20210805,7호선,고속터미널,12707,10904,23611
20210805,7호선,장승배기,8143,7922,16065
20210805,7호선,논현,17647,18902,36549
20210805,7호선,반포,4897,4676,9573
20210805,7호선,도봉산,7896,9195,17091
20210805,7호선,수락산,11100,11265,22365
20210805,7호선,마들,10961,10510,21471
20210805,7호선,노원,16681,17512,34193
20210805,7호선,중계,11684,10665,22349
20210805,7호선,하계,14731,13990,28721
20210805,7호선,공릉,9480,9490,18970
20210805,7호선,태릉입구,7116,6715,13831
20210805,7호선,먹골,8711,8520,17231
20210805,7호선,중화,9311,9216,18527
20210805,7호선,상봉,14337,13414,27751
20210805,7호선,장암,2007,866,2873
20210805,7호선,사가정,13992,13926,27918
20210805,7호선,면목,13230,12961,26191
20210805,7호선,강남구청,14019,15402,29421
20210805,7호선,청담,16226,17551,33777
20210805,7호선,뚝섬유원지,6783,6628,13411
20210805,7호선,학동,21000,21881,42881
20210805,7호선,어린이대공원,9983,9737,19720
20210805,7호선,군자,12603,10210,22813
20210805,7호선,중곡,8502,8140,16642
20210805,7호선,용마산,5107,5131,10238
20210805,7호선,건대입구,10422,10443,20865
20210806,7호선,학동,20658,21553,42211
20210806,7호선,사가정,14211,14245,28456
20210806,7호선,강남구청,13871,15379,29250
20210806,7호선,청담,16203,17535,33738
20210806,7호선,뚝섬유원지,6844,6753,13597
20210806,7호선,건대입구,10476,10520,20996
20210806,7호선,어린이대공원,10232,9898,20130
20210806,7호선,군자,12629,10219,22848
20210806,7호선,중곡,8550,8164,16714
20210806,7호선,용마산,5263,5043,10306
20210806,7호선,면목,13510,13211,26721
20210806,7호선,하계,14784,13954,28738
20210806,7호선,중화,9560,9416,18976
20210806,7호선,먹골,8751,8741,17492
20210806,7호선,태릉입구,7076,6724,13800
20210806,7호선,공릉,9549,9608,19157
20210806,7호선,중계,11846,10665,22511
20210806,7호선,노원,17391,18643,36034
20210806,7호선,마들,10956,10519,21475
20210806,7호선,수락산,11205,11060,22265
20210806,7호선,도봉산,7810,9066,16876
20210806,7호선,장암,1936,831,2767
20210806,7호선,논현,17819,19217,37036
20210806,7호선,상봉,14571,13729,28300
20210806,7호선,반포,4987,4772,9759
20210806,7호선,신중동,12076,12251,24327
20210806,7호선,내방,12545,12685,25230
20210806,7호선,고속터미널,13770,11946,25716
20210806,7호선,굴포천,7767,8249,16016
20210806,7호선,삼산체육관,4298,4039,8337
20210806,7호선,상동,11063,11726,22789
20210806,7호선,부천시청,11124,11104,22228
20210806,7호선,춘의,8427,8226,16653
20210806,7호선,부천종합운동장,3988,3471,7459
20210806,7호선,까치울,6560,6380,12940
20210806,7호선,온수,8649,7899,16548
20210806,7호선,천왕,9355,8910,18265
20210806,7호선,광명사거리,19308,19268,38576
20210806,7호선,부평구청,6329,5635,11964
20210806,7호선,가산디지털단지,39367,38877,78244
20210806,7호선,철산,18005,18578,36583
20210806,7호선,남성,9728,8801,18529
20210806,7호선,숭실대입구,9730,9774,19504
20210806,7호선,상도,8909,8535,17444
20210806,7호선,장승배기,8342,8086,16428
20210806,7호선,이수,13326,12860,26186
20210806,7호선,신대방삼거리,14169,13650,27819
20210806,7호선,보라매,8253,8033,16286
20210806,7호선,신풍,9967,9467,19434
20210806,7호선,대림,6823,7006,13829
20210806,7호선,남구로,13802,14574,28376
20210807,7호선,가산디지털단지,11122,10234,21356
20210807,7호선,숭실대입구,5987,6115,12102
20210807,7호선,상도,5569,5260,10829
20210807,7호선,부평구청,3961,3550,7511
20210807,7호선,신대방삼거리,9410,8663,18073
20210807,7호선,보라매,5332,4980,10312
20210807,7호선,신풍,6453,6207,12660
20210807,7호선,대림,5810,5959,11769
20210807,7호선,남구로,7003,7247,14250
20210807,7호선,남성,6095,5616,11711
20210807,7호선,철산,11664,11799,23463
20210807,7호선,춘의,4218,4028,8246
20210807,7호선,천왕,5319,5056,10375
20210807,7호선,온수,4507,4446,8953
20210807,7호선,까치울,4317,4454,8771
20210807,7호선,부천종합운동장,2577,2371,4948
20210807,7호선,신중동,7501,7359,14860
20210807,7호선,부천시청,7934,7727,15661
20210807,7호선,상동,7978,8016,15994
20210807,7호선,삼산체육관,2688,2470,5158
20210807,7호선,굴포천,5127,5389,10516
20210807,7호선,이수,9082,8698,17780
20210807,7호선,광명사거리,13536,13700,27236
20210807,7호선,내방,6288,6079,12367
20210807,7호선,장승배기,5438,5121,10559
20210807,7호선,고속터미널,9029,7239,16268
20210807,7호선,면목,9405,9107,18512
20210807,7호선,장암,1337,1066,2403
20210807,7호선,도봉산,5220,7230,12450
20210807,7호선,수락산,8490,8391,16881
20210807,7호선,마들,7129,6839,13968
20210807,7호선,노원,12674,13155,25829
20210807,7호선,중계,7348,6546,13894
20210807,7호선,하계,9354,8694,18048
20210807,7호선,공릉,6652,6655,13307
20210807,7호선,태릉입구,5066,4749,9815
20210807,7호선,먹골,6205,5997,12202
20210807,7호선,중화,6457,6071,12528
20210807,7호선,반포,3672,3441,7113
20210807,7호선,사가정,9921,9695,19616
20210807,7호선,용마산,3536,3572,7108
20210807,7호선,중곡,5400,5146,10546
20210807,7호선,군자,8354,6688,15042
20210807,7호선,어린이대공원,6797,6421,13218
20210807,7호선,건대입구,7964,7790,15754
20210807,7호선,뚝섬유원지,5915,5531,11446
20210807,7호선,청담,8339,8650,16989
20210807,7호선,강남구청,6843,7530,14373
20210807,7호선,학동,7627,7832,15459
20210807,7호선,논현,8762,9556,18318
20210807,7호선,상봉,10243,9907,20150
20210808,7호선,대림,5162,4979,10141
20210808,7호선,신풍,4464,4291,8755
20210808,7호선,보라매,2999,3065,6064
20210808,7호선,신대방삼거리,5834,5866,11700
20210808,7호선,이수,5771,5660,11431
20210808,7호선,상도,3699,3797,7496
20210808,7호선,숭실대입구,3957,4364,8321
20210808,7호선,남성,3936,3987,7923
20210808,7호선,남구로,5201,5126,10327
20210808,7호선,장승배기,3641,3649,7290
20210808,7호선,가산디지털단지,7359,6891,14250
20210808,7호선,부천종합운동장,1854,1652,3506
20210808,7호선,광명사거리,9114,9003,18117
20210808,7호선,천왕,3548,3508,7056
20210808,7호선,온수,2715,2762,5477
20210808,7호선,까치울,3045,3141,6186
20210808,7호선,춘의,2595,2462,5057
20210808,7호선,신중동,5002,4945,9947
20210808,7호선,부천시청,5034,4989,10023
20210808,7호선,상동,5165,5031,10196
20210808,7호선,삼산체육관,1854,1741,3595
20210808,7호선,굴포천,3556,3478,7034
20210808,7호선,내방,3803,3909,7712
20210808,7호선,철산,7586,7522,15108
20210808,7호선,고속터미널,8634,5283,13917
20210808,7호선,부평구청,2751,2423,5174
20210808,7호선,논현,4794,5163,9957
20210808,7호선,장암,1303,1031,2334
20210808,7호선,도봉산,4050,5939,9989
20210808,7호선,수락산,6652,6769,13421
20210808,7호선,마들,4560,4252,8812
20210808,7호선,노원,8398,8455,16853
20210808,7호선,중계,4890,4540,9430
20210808,7호선,하계,6398,6186,12584
20210808,7호선,공릉,4688,4803,9491
20210808,7호선,태릉입구,3537,3334,6871
20210808,7호선,먹골,3931,3910,7841
20210808,7호선,중화,4313,4238,8551
20210808,7호선,반포,2037,2032,4069
20210808,7호선,면목,6209,6212,12421
20210808,7호선,사가정,6967,6874,13841
20210808,7호선,용마산,2382,2607,4989
20210808,7호선,중곡,3464,3496,6960
20210808,7호선,군자,5694,4490,10184
20210808,7호선,어린이대공원,4936,4864,9800
20210808,7호선,건대입구,5460,5263,10723
20210808,7호선,뚝섬유원지,4427,3966,8393
20210808,7호선,청담,4783,5215,9998
20210808,7호선,강남구청,3870,4293,8163
20210808,7호선,학동,3879,4257,8136
20210808,7호선,상봉,6719,6381,13100
20210809,7호선,중곡,8796,8302,17098
20210809,7호선,군자,12751,10579,23330
20210809,7호선,어린이대공원,10218,9945,20163
20210809,7호선,건대입구,10401,10610,21011
20210809,7호선,논현,18381,19854,38235
20210809,7호선,청담,16813,18425,35238
20210809,7호선,강남구청,14174,15440,29614
20210809,7호선,학동,21847,22925,44772
20210809,7호선,용마산,5299,5204,10503
20210809,7호선,뚝섬유원지,7321,7057,14378
20210809,7호선,사가정,14507,14499,29006
20210809,7호선,공릉,9677,9953,19630
20210809,7호선,상봉,14961,14151,29112
20210809,7호선,중화,9927,9714,19641
20210809,7호선,먹골,8990,8892,17882
20210809,7호선,태릉입구,7166,6823,13989
20210809,7호선,하계,15192,14390,29582
20210809,7호선,중계,12013,11160,23173
20210809,7호선,노원,17782,18745,36527
20210809,7호선,마들,11218,10766,21984
20210809,7호선,수락산,11322,11295,22617
20210809,7호선,도봉산,8029,9146,17175
20210809,7호선,반포,5056,4869,9925
20210809,7호선,면목,13730,13683,27413
20210809,7호선,장암,2106,883,2989
20210809,7호선,고속터미널,13704,11205,24909
20210809,7호선,이수,13559,13472,27031
20210809,7호선,내방,12983,13235,26218
20210809,7호선,부평구청,6788,6007,12795
20210809,7호선,굴포천,8177,8728,16905
20210809,7호선,삼산체육관,4686,4283,8969
20210809,7호선,상동,11427,11889,23316
20210809,7호선,부천시청,10823,10795,21618
20210809,7호선,신중동,12837,12824,25661
20210809,7호선,부천종합운동장,4320,3832,8152
20210809,7호선,까치울,6810,6625,13435
20210809,7호선,온수,9212,8524,17736
20210809,7호선,천왕,10022,9614,19636
20210809,7호선,춘의,8987,8920,17907
20210809,7호선,철산,18947,19502,38449
20210809,7호선,광명사거리,19904,19878,39782
20210809,7호선,숭실대입구,10005,10388,20393
20210809,7호선,상도,9117,8863,17980
20210809,7호선,장승배기,8529,8490,17019
20210809,7호선,신대방삼거리,14406,14072,28478
20210809,7호선,남성,9847,9214,19061
20210809,7호선,신풍,10417,9894,20311
20210809,7호선,대림,7286,7215,14501
20210809,7호선,남구로,14824,15453,30277
20210809,7호선,가산디지털단지,43288,42929,86217
20210809,7호선,보라매,8452,8577,17029
20210810,7호선,용마산,5380,5370,10750
20210810,7호선,논현,18741,20061,38802
20210810,7호선,학동,22151,23251,45402
20210810,7호선,강남구청,14853,16235,31088
20210810,7호선,청담,17184,18724,35908
20210810,7호선,뚝섬유원지,7321,7140,14461
20210810,7호선,건대입구,10663,10833,21496
20210810,7호선,어린이대공원,10349,10041,20390
20210810,7호선,군자,13085,10799,23884
20210810,7호선,중곡,8943,8543,17486
20210810,7호선,사가정,14683,14794,29477
20210810,7호선,장암,2108,960,3068
20210810,7호선,상봉,14917,14033,28950
20210810,7호선,중화,9764,9649,19413
20210810,7호선,먹골,9050,8929,17979
20210810,7호선,태릉입구,7204,6869,14073
20210810,7호선,공릉,9748,9776,19524
20210810,7호선,하계,15277,14536,29813
20210810,7호선,중계,12120,11071,23191
20210810,7호선,노원,17475,18658,36133
20210810,7호선,마들,11277,10865,22142
20210810,7호선,수락산,11526,11552,23078
20210810,7호선,도봉산,8086,9341,17427
20210810,7호선,면목,13776,13663,27439
20210810,7호선,반포,5066,4841,9907
20210810,7호선,고속터미널,13464,11467,24931
20210810,7호선,이수,13855,13766,27621
20210810,7호선,부평구청,7096,6261,13357
20210810,7호선,굴포천,8288,8776,17064
20210810,7호선,삼산체육관,4670,4298,8968
20210810,7호선,상동,11724,12211,23935
20210810,7호선,부천시청,11575,11762,23337
20210810,7호선,신중동,12857,12814,25671
20210810,7호선,춘의,9290,9103,18393
20210810,7호선,부천종합운동장,4262,3857,8119
20210810,7호선,까치울,7019,6822,13841
20210810,7호선,온수,9344,8423,17767
20210810,7호선,천왕,9997,9676,19673
20210810,7호선,내방,13359,13572,26931
20210810,7호선,철산,18874,19749,38623
20210810,7호선,남성,10032,9310,19342
20210810,7호선,숭실대입구,10020,10325,20345
20210810,7호선,상도,9157,8916,18073
20210810,7호선,장승배기,8701,8381,17082
20210810,7호선,신대방삼거리,14734,14289,29023
20210810,7호선,광명사거리,20025,19936,39961
20210810,7호선,신풍,10428,10003,20431
20210810,7호선,대림,7218,7195,14413
20210810,7호선,남구로,14911,15452,30363
20210810,7호선,가산디지털단지,43366,42929,86295
20210810,7호선,보라매,8527,8561,17088
20210811,7호선,남구로,14779,15433,30212
20210811,7호선,이수,13905,13700,27605
20210811,7호선,남성,9743,9091,18834
20210811,7호선,숭실대입구,10010,10328,20338
20210811,7호선,상도,9154,8886,18040
20210811,7호선,장승배기,8583,8425,17008
20210811,7호선,신대방삼거리,14359,14011,28370
20210811,7호선,보라매,8328,8417,16745
20210811,7호선,신풍,10368,9887,20255
20210811,7호선,대림,7079,7000,14079
20210811,7호선,가산디지털단지,42515,42316,84831
20210811,7호선,부천종합운동장,4178,3662,7840
20210811,7호선,광명사거리,19606,19668,39274
20210811,7호선,천왕,10251,9614,19865
20210811,7호선,온수,9166,8363,17529
20210811,7호선,까치울,7052,6808,13860
20210811,7호선,내방,13076,13391,26467
20210811,7호선,춘의,9172,8856,18028
20210811,7호선,신중동,12595,12512,25107
20210811,7호선,부천시청,11109,11259,22368
20210811,7호선,상동,11496,12048,23544
20210811,7호선,삼산체육관,4800,4404,9204
20210811,7호선,굴포천,8084,8645,16729
20210811,7호선,철산,18940,19542,38482
20210811,7호선,고속터미널,12775,11123,23898
20210811,7호선,부평구청,6859,6080,12939
20210811,7호선,논현,18321,19526,37847
20210811,7호선,장암,2072,905,2977
20210811,7호선,도봉산,8174,9452,17626
20210811,7호선,수락산,11395,11380,22775
20210811,7호선,마들,11425,10955,22380
20210811,7호선,노원,17232,18421,35653
20210811,7호선,중계,12307,11108,23415
20210811,7호선,하계,15600,14848,30448
20210811,7호선,공릉,9804,9838,19642
20210811,7호선,태릉입구,7187,6963,14150
20210811,7호선,먹골,8984,8997,17981
20210811,7호선,중화,9894,9766,19660
20210811,7호선,반포,5235,4953,10188
20210811,7호선,면목,13682,13555,27237
20210811,7호선,사가정,14643,14575,29218
20210811,7호선,용마산,5416,5327,10743
20210811,7호선,중곡,8784,8370,17154
20210811,7호선,군자,13141,10804,23945
20210811,7호선,어린이대공원,10328,10043,20371
20210811,7호선,건대입구,10407,10547,20954
20210811,7호선,뚝섬유원지,7392,7095,14487
20210811,7호선,청담,17301,18638,35939
20210811,7호선,강남구청,14628,16142,30770
20210811,7호선,학동,22134,23136,45270
20210811,7호선,상봉,15016,14162,29178
20210812,7호선,중곡,8726,8415,17141
20210812,7호선,군자,12932,10622,23554
20210812,7호선,어린이대공원,10298,10096,20394
20210812,7호선,건대입구,10326,10689,21015
20210812,7호선,논현,18040,19517,37557
20210812,7호선,청담,16955,18640,35595
20210812,7호선,강남구청,14491,15814,30305
20210812,7호선,학동,21654,22866,44520
20210812,7호선,용마산,5377,5288,10665
20210812,7호선,뚝섬유원지,6858,6683,13541
20210812,7호선,사가정,14479,14466,28945
20210812,7호선,공릉,9830,9818,19648
20210812,7호선,상봉,14846,13899,28745
20210812,7호선,중화,9633,9425,19058
20210812,7호선,먹골,8968,8896,17864
20210812,7호선,태릉입구,7218,6803,14021
20210812,7호선,하계,15120,14471,29591
20210812,7호선,중계,12050,11261,23311
20210812,7호선,노원,17543,18269,35812
20210812,7호선,마들,11251,10877,22128
20210812,7호선,수락산,11294,11229,22523
20210812,7호선,도봉산,7938,9214,17152
20210812,7호선,반포,5040,4933,9973
20210812,7호선,면목,13515,13328,26843
20210812,7호선,장암,2078,949,3027
20210812,7호선,고속터미널,12906,11198,24104
20210812,7호선,이수,13828,13489,27317
20210812,7호선,내방,13068,13309,26377
20210812,7호선,부평구청,6820,6009,12829
20210812,7호선,굴포천,8077,8564,16641
20210812,7호선,삼산체육관,4790,4403,9193
20210812,7호선,상동,11348,11947,23295
20210812,7호선,부천시청,11359,11333,22692
20210812,7호선,신중동,12711,12582,25293
20210812,7호선,부천종합운동장,4218,3723,7941
20210812,7호선,까치울,6787,6554,13341
20210812,7호선,온수,9008,8256,17264
20210812,7호선,천왕,10004,9462,19466
20210812,7호선,춘의,8888,8864,17752
20210812,7호선,철산,18667,19444,38111
20210812,7호선,광명사거리,19725,19551,39276
20210812,7호선,숭실대입구,9931,10207,20138
20210812,7호선,상도,9034,8788,17822
20210812,7호선,장승배기,8473,8289,16762
20210812,7호선,신대방삼거리,14295,13967,28262
20210812,7호선,남성,9770,9110,18880
20210812,7호선,신풍,10337,9854,20191
20210812,7호선,대림,6876,6865,13741
20210812,7호선,남구로,14483,15283,29766
20210812,7호선,가산디지털단지,42426,41614,84040
20210812,7호선,보라매,8468,8572,17040
20210813,7호선,이수,13948,13700,27648
20210813,7호선,남구로,14158,14693,28851
20210813,7호선,남성,9913,9076,18989
20210813,7호선,숭실대입구,9996,9886,19882
20210813,7호선,상도,9291,8777,18068
20210813,7호선,장승배기,8538,8199,16737
20210813,7호선,신대방삼거리,14451,13906,28357
20210813,7호선,보라매,8470,8215,16685
20210813,7호선,신풍,10470,9720,20190
20210813,7호선,대림,6997,7009,14006
20210813,7호선,가산디지털단지,40508,39923,80431
20210813,7호선,부천종합운동장,4262,3760,8022
20210813,7호선,광명사거리,19983,19781,39764
20210813,7호선,천왕,9854,9338,19192
20210813,7호선,온수,9053,8172,17225
20210813,7호선,까치울,6902,6675,13577
20210813,7호선,춘의,8832,8785,17617
20210813,7호선,신중동,12853,12914,25767
20210813,7호선,부천시청,11557,11621,23178
20210813,7호선,상동,11681,12271,23952
20210813,7호선,삼산체육관,4716,4294,9010
20210813,7호선,굴포천,8195,8595,16790
20210813,7호선,부평구청,6880,6078,12958
20210813,7호선,철산,18843,19681,38524
20210813,7호선,내방,12809,13033,25842
20210813,7호선,고속터미널,13757,12229,25986
20210813,7호선,논현,18089,19645,37734
20210813,7호선,장암,1964,892,2856
20210813,7호선,도봉산,7833,9255,17088
20210813,7호선,수락산,11514,11403,22917
20210813,7호선,마들,11376,10815,22191
20210813,7호선,노원,17971,19125,37096
20210813,7호선,중계,12153,10929,23082
20210813,7호선,하계,15337,14356,29693
20210813,7호선,공릉,10230,9971,20201
20210813,7호선,태릉입구,7332,6971,14303
20210813,7호선,먹골,9034,8841,17875
20210813,7호선,중화,9830,9532,19362
20210813,7호선,반포,5226,4867,10093
20210813,7호선,면목,13652,13353,27005
20210813,7호선,사가정,14483,14552,29035
20210813,7호선,용마산,5373,5192,10565
20210813,7호선,중곡,8858,8234,17092
20210813,7호선,군자,13150,10451,23601
20210813,7호선,어린이대공원,10339,9985,20324
20210813,7호선,건대입구,10498,10517,21015
20210813,7호선,뚝섬유원지,7762,7315,15077
20210813,7호선,청담,16635,18414,35049
20210813,7호선,강남구청,14642,15811,30453
20210813,7호선,학동,20899,22064,42963
20210813,7호선,상봉,15163,14192,29355
20210814,7호선,중곡,5513,5177,10690
20210814,7호선,군자,8546,6611,15157
20210814,7호선,어린이대공원,6499,6176,12675
20210814,7호선,건대입구,8004,7860,15864
20210814,7호선,논현,8950,9722,18672
20210814,7호선,청담,8663,9113,17776
20210814,7호선,강남구청,7352,7932,15284
20210814,7호선,학동,7447,7625,15072
20210814,7호선,용마산,3797,3914,7711
20210814,7호선,뚝섬유원지,6796,6257,13053
20210814,7호선,사가정,10220,9833,20053
20210814,7호선,공릉,6930,6835,13765
20210814,7호선,상봉,10543,9869,20412
20210814,7호선,중화,6816,6457,13273
20210814,7호선,먹골,6172,5994,12166
20210814,7호선,태릉입구,5184,4817,10001
20210814,7호선,하계,9809,9156,18965
20210814,7호선,중계,7398,6672,14070
20210814,7호선,노원,12659,13304,25963
20210814,7호선,마들,7513,6890,14403
20210814,7호선,수락산,8549,8405,16954
20210814,7호선,도봉산,5232,7334,12566
20210814,7호선,반포,3446,3252,6698
20210814,7호선,면목,9316,9179,18495
20210814,7호선,고속터미널,9525,7988,17513
20210814,7호선,장암,1282,958,2240
20210814,7호선,이수,9311,8528,17839
20210814,7호선,부평구청,4084,3629,7713
20210814,7호선,굴포천,5355,5424,10779
20210814,7호선,삼산체육관,2786,2641,5427
20210814,7호선,상동,7746,7962,15708
20210814,7호선,부천시청,7953,7963,15916
20210814,7호선,신중동,7891,7672,15563
20210814,7호선,춘의,4382,4188,8570
20210814,7호선,부천종합운동장,2743,2456,5199
20210814,7호선,까치울,4573,4684,9257
20210814,7호선,온수,4642,4360,9002
20210814,7호선,천왕,5481,5072,10553
20210814,7호선,내방,6313,6215,12528
20210814,7호선,철산,12186,12193,24379
20210814,7호선,가산디지털단지,11382,10408,21790
20210814,7호선,남구로,7129,7404,14533
20210814,7호선,대림,5861,6175,12036
20210814,7호선,신풍,6594,6227,12821
20210814,7호선,보라매,5032,4716,9748
20210814,7호선,신대방삼거리,9289,8536,17825
20210814,7호선,장승배기,5363,5122,10485
20210814,7호선,상도,6014,5466,11480
20210814,7호선,숭실대입구,6157,6102,12259
20210814,7호선,남성,6280,5781,12061
20210814,7호선,광명사거리,13851,14082,27933
20210815,7호선,군자,6019,4911,10930
20210815,7호선,어린이대공원,5199,5180,10379
20210815,7호선,건대입구,6153,6240,12393
20210815,7호선,뚝섬유원지,6617,5838,12455
20210815,7호선,반포,2331,2202,4533
20210815,7호선,강남구청,4175,4561,8736
20210815,7호선,학동,4023,4126,8149
20210815,7호선,논현,5039,5432,10471
20210815,7호선,용마산,2605,2916,5521
20210815,7호선,청담,4923,5064,9987
20210815,7호선,사가정,7545,7307,14852
20210815,7호선,공릉,5256,5241,10497
20210815,7호선,상봉,7639,7285,14924
20210815,7호선,중화,4646,4464,9110
20210815,7호선,먹골,4412,4261,8673
20210815,7호선,태릉입구,3858,3632,7490
20210815,7호선,하계,7110,6645,13755
20210815,7호선,중계,5348,5047,10395
20210815,7호선,노원,8753,8888,17641
20210815,7호선,마들,4722,4537,9259
20210815,7호선,수락산,7129,7381,14510
20210815,7호선,도봉산,4584,6748,11332
20210815,7호선,고속터미널,8374,5572,13946
20210815,7호선,면목,6487,6378,12865
20210815,7호선,장암,1195,983,2178
20210815,7호선,내방,4030,4226,8256
20210815,7호선,남성,4258,4130,8388
20210815,7호선,이수,6564,6114,12678
20210815,7호선,광명사거리,9790,9610,19400
20210815,7호선,중곡,3824,3762,7586
20210815,7호선,부평구청,2900,2642,5542
20210815,7호선,굴포천,3954,4061,8015
20210815,7호선,삼산체육관,2034,1984,4018
20210815,7호선,상동,5661,5742,11403
20210815,7호선,신중동,5335,5328,10663
20210815,7호선,춘의,2781,2618,5399
20210815,7호선,부천종합운동장,1945,1820,3765
20210815,7호선,까치울,3398,3408,6806
20210815,7호선,부천시청,5612,5550,11162
20210815,7호선,천왕,3622,3571,7193
20210815,7호선,온수,3022,3150,6172
20210815,7호선,상도,4043,3880,7923
20210815,7호선,장승배기,4019,4008,8027
20210815,7호선,신대방삼거리,6237,5944,12181
20210815,7호선,보라매,3152,3169,6321
20210815,7호선,숭실대입구,4356,4572,8928
20210815,7호선,대림,5190,4944,10134
20210815,7호선,남구로,5339,5264,10603
20210815,7호선,가산디지털단지,8067,7307,15374
20210815,7호선,철산,8313,8513,16826
20210815,7호선,신풍,4720,4425,9145
20210816,7호선,대림,5953,5673,11626
20210816,7호선,내방,5903,5919,11822
20210816,7호선,이수,8206,8104,16310
20210816,7호선,남성,5725,5644,11369
20210816,7호선,숭실대입구,5676,6086,11762
20210816,7호선,상도,5340,5243,10583
20210816,7호선,장승배기,5145,5164,10309
20210816,7호선,신대방삼거리,8417,8594,17011
20210816,7호선,보라매,4338,4374,8712
20210816,7호선,신풍,6243,6127,12370
20210816,7호선,남구로,6965,7115,14080
20210816,7호선,고속터미널,13444,8527,21971
20210816,7호선,철산,11039,11267,22306
20210816,7호선,광명사거리,13189,13035,26224
20210816,7호선,천왕,5106,4978,10084
20210816,7호선,까치울,4193,4134,8327
20210816,7호선,부천종합운동장,2580,2339,4919
20210816,7호선,춘의,4781,4777,9558
20210816,7호선,신중동,7177,7020,14197
20210816,7호선,부천시청,7447,7458,14905
20210816,7호선,상동,7179,7176,14355
20210816,7호선,삼산체육관,2705,2501,5206
20210816,7호선,굴포천,4909,5092,10001
20210816,7호선,가산디지털단지,11694,11410,23104
20210816,7호선,반포,3334,3181,6515
20210816,7호선,부평구청,3808,3496,7304
20210816,7호선,학동,7230,7549,14779
20210816,7호선,온수,4574,4437,9011
20210816,7호선,장암,1306,739,2045
20210816,7호선,도봉산,4921,6644,11565
20210816,7호선,수락산,8040,7974,16014
20210816,7호선,마들,6473,6257,12730
20210816,7호선,노원,11414,11787,23201
20210816,7호선,중계,6971,6429,13400
20210816,7호선,하계,8540,8178,16718
20210816,7호선,공릉,6419,6492,12911
20210816,7호선,태릉입구,4780,4596,9376
20210816,7호선,먹골,5757,5829,11586
20210816,7호선,논현,8551,8959,17510
20210816,7호선,상봉,9866,9600,19466
20210816,7호선,강남구청,5906,6580,12486
20210816,7호선,청담,7333,7751,15084
20210816,7호선,뚝섬유원지,6463,5723,12186
20210816,7호선,건대입구,8388,8439,16827
20210816,7호선,어린이대공원,6355,6519,12874
20210816,7호선,중화,6126,5993,12119
20210816,7호선,중곡,5326,5285,10611
20210816,7호선,용마산,3404,3692,7096
20210816,7호선,사가정,9467,9486,18953
20210816,7호선,면목,9154,9160,18314
20210816,7호선,군자,7896,6609,14505
20210817,7호선,가산디지털단지,44216,42657,86873
20210817,7호선,이수,13784,13561,27345
20210817,7호선,남성,9928,9537,19465
20210817,7호선,숭실대입구,10074,10715,20789
20210817,7호선,상도,9517,9282,18799
20210817,7호선,신대방삼거리,14789,14512,29301
20210817,7호선,보라매,8571,8530,17101
20210817,7호선,신풍,10432,10145,20577
20210817,7호선,대림,7279,7339,14618
20210817,7호선,남구로,14768,15693,30461
20210817,7호선,철산,18860,19762,38622
20210817,7호선,춘의,9193,9143,18336
20210817,7호선,천왕,10066,9782,19848
20210817,7호선,온수,9337,8620,17957
20210817,7호선,까치울,6809,6673,13482
20210817,7호선,부천종합운동장,4306,3728,8034
20210817,7호선,내방,13299,13601,26900
20210817,7호선,신중동,12788,12614,25402
20210817,7호선,부천시청,11384,11459,22843
20210817,7호선,상동,11614,12072,23686
20210817,7호선,삼산체육관,4715,4454,9169
20210817,7호선,굴포천,8170,8606,16776
20210817,7호선,부평구청,6931,6144,13075
20210817,7호선,광명사거리,19903,19696,39599
20210817,7호선,고속터미널,14075,11425,25500
20210817,7호선,장승배기,8553,8456,17009
20210817,7호선,논현,18435,19879,38314
20210817,7호선,반포,5092,4909,10001
20210817,7호선,도봉산,8115,9457,17572
20210817,7호선,수락산,11552,11654,23206
20210817,7호선,마들,11587,11163,22750
20210817,7호선,노원,17635,18376,36011
20210817,7호선,중계,12512,11715,24227
20210817,7호선,하계,15482,14975,30457
20210817,7호선,공릉,9965,10108,20073
20210817,7호선,태릉입구,7421,6963,14384
20210817,7호선,먹골,9297,9278,18575
20210817,7호선,중화,10170,10044,20214
20210817,7호선,상봉,14910,13918,28828
20210817,7호선,장암,2139,855,2994
20210817,7호선,사가정,14963,14971,29934
20210817,7호선,면목,13932,13917,27849
20210817,7호선,강남구청,14925,16277,31202
20210817,7호선,청담,17042,18658,35700
20210817,7호선,뚝섬유원지,6804,6702,13506
20210817,7호선,학동,22327,23073,45400
20210817,7호선,어린이대공원,10431,10352,20783
20210817,7호선,군자,13142,10888,24030
20210817,7호선,중곡,9032,8723,17755
20210817,7호선,용마산,5553,5588,11141
20210817,7호선,건대입구,10378,10773,21151
20210818,7호선,학동,21851,23125,44976
20210818,7호선,사가정,14742,14757,29499
20210818,7호선,강남구청,14947,16311,31258
20210818,7호선,청담,17065,18597,35662
20210818,7호선,뚝섬유원지,7650,7285,14935
20210818,7호선,건대입구,10512,10623,21135
20210818,7호선,어린이대공원,10474,10418,20892
20210818,7호선,군자,13078,10835,23913
20210818,7호선,중곡,9077,8590,17667
20210818,7호선,용마산,5545,5347,10892
20210818,7호선,면목,14039,13904,27943
20210818,7호선,하계,16030,15394,31424
20210818,7호선,중화,10131,9971,20102
20210818,7호선,먹골,9294,9090,18384
20210818,7호선,태릉입구,7419,6993,14412
20210818,7호선,공릉,10173,10195,20368
20210818,7호선,중계,12795,11654,24449
20210818,7호선,노원,17120,18372,35492
20210818,7호선,마들,11521,11148,22669
20210818,7호선,수락산,11761,11407,23168
20210818,7호선,도봉산,8075,9385,17460
20210818,7호선,장암,2012,824,2836
20210818,7호선,논현,18501,19531,38032
20210818,7호선,상봉,15163,14090,29253
20210818,7호선,반포,5202,4939,10141
20210818,7호선,춘의,9236,9146,18382
20210818,7호선,내방,13243,13659,26902
20210818,7호선,고속터미널,13162,11313,24475
20210818,7호선,굴포천,8178,8643,16821
20210818,7호선,삼산체육관,4795,4427,9222
20210818,7호선,상동,11472,12105,23577
20210818,7호선,부천시청,11240,11295,22535
20210818,7호선,신중동,12643,12755,25398
20210818,7호선,부천종합운동장,4153,3703,7856
20210818,7호선,까치울,7072,6734,13806
20210818,7호선,온수,9408,8558,17966
20210818,7호선,천왕,10266,9746,20012
20210818,7호선,광명사거리,19977,19728,39705
20210818,7호선,부평구청,6857,6172,13029
20210818,7호선,가산디지털단지,42699,42926,85625
20210818,7호선,철산,18909,19396,38305
20210818,7호선,남성,10050,9338,19388
20210818,7호선,숭실대입구,10170,10553,20723
20210818,7호선,상도,9454,9160,18614
20210818,7호선,장승배기,8589,8319,16908
20210818,7호선,이수,13866,13657,27523
20210818,7호선,보라매,8535,8575,17110
20210818,7호선,신풍,10554,10056,20610
20210818,7호선,대림,7214,6943,14157
20210818,7호선,남구로,14884,15493,30377
20210818,7호선,신대방삼거리,14793,14264,29057
20210819,7호선,이수,13840,13588,27428
20210819,7호선,가산디지털단지,42783,42699,85482
20210819,7호선,남성,10037,9331,19368
20210819,7호선,숭실대입구,10406,10746,21152
20210819,7호선,상도,9540,9231,18771
20210819,7호선,신대방삼거리,15046,14471,29517
20210819,7호선,보라매,8857,8897,17754
20210819,7호선,신풍,10756,10123,20879
20210819,7호선,대림,7116,7054,14170
20210819,7호선,남구로,14855,15605,30460
20210819,7호선,철산,19100,19729,38829
20210819,7호선,춘의,9235,9229,18464
20210819,7호선,천왕,10371,9975,20346
20210819,7호선,온수,9633,8696,18329
20210819,7호선,까치울,7237,7015,14252
20210819,7호선,부천종합운동장,4401,3918,8319
20210819,7호선,신중동,12975,12845,25820
20210819,7호선,부천시청,11562,11626,23188
20210819,7호선,상동,11809,12200,24009
20210819,7호선,삼산체육관,4770,4526,9296
20210819,7호선,굴포천,8306,8786,17092
20210819,7호선,부평구청,7055,6331,13386
20210819,7호선,내방,13308,13484,26792
20210819,7호선,광명사거리,20539,20092,40631
20210819,7호선,고속터미널,13253,11678,24931
20210819,7호선,장승배기,8607,8415,17022
20210819,7호선,논현,18498,20009,38507
20210819,7호선,도봉산,8203,9642,17845
20210819,7호선,수락산,11980,11872,23852
20210819,7호선,마들,11607,11075,22682
20210819,7호선,노원,17139,18300,35439
20210819,7호선,중계,12840,11717,24557
20210819,7호선,하계,15714,14970,30684
20210819,7호선,공릉,10214,10263,20477
20210819,7호선,태릉입구,7357,7087,14444
20210819,7호선,먹골,9195,9092,18287
20210819,7호선,중화,9991,9983,19974
20210819,7호선,상봉,15199,14445,29644
20210819,7호선,장암,2170,873,3043
20210819,7호선,사가정,14975,14962,29937
20210819,7호선,용마산,5586,5545,11131
20210819,7호선,중곡,9186,8623,17809
20210819,7호선,군자,13295,10908,24203
20210819,7호선,어린이대공원,10710,10374,21084
20210819,7호선,건대입구,10649,10630,21279
20210819,7호선,반포,5261,5034,10295
20210819,7호선,뚝섬유원지,8220,7822,16042
20210819,7호선,청담,17367,18983,36350
20210819,7호선,강남구청,15222,16650,31872
20210819,7호선,학동,22063,23236,45299
20210819,7호선,면목,13992,13890,27882
20210820,7호선,대림,7123,7236,14359
20210820,7호선,신풍,10665,10132,20797
20210820,7호선,보라매,9127,8990,18117
20210820,7호선,신대방삼거리,15135,14416,29551
20210820,7호선,이수,14153,13803,27956
20210820,7호선,상도,9845,9505,19350
20210820,7호선,숭실대입구,10914,11125,22039
20210820,7호선,남성,10232,9443,19675
20210820,7호선,남구로,14828,15487,30315
20210820,7호선,장승배기,8753,8576,17329
20210820,7호선,가산디지털단지,42575,41769,84344
20210820,7호선,부천종합운동장,4409,3918,8327
20210820,7호선,광명사거리,20713,20650,41363
20210820,7호선,천왕,10320,9697,20017
20210820,7호선,온수,9519,8711,18230
20210820,7호선,까치울,7167,6977,14144
20210820,7호선,춘의,9117,9066,18183
20210820,7호선,신중동,13053,13220,26273
20210820,7호선,부천시청,11977,11994,23971
20210820,7호선,상동,12038,12640,24678
20210820,7호선,삼산체육관,4942,4506,9448
20210820,7호선,굴포천,8446,8974,17420
20210820,7호선,내방,13522,13576,27098
20210820,7호선,철산,19642,20341,39983
20210820,7호선,고속터미널,14691,12382,27073
20210820,7호선,부평구청,7104,6304,13408
20210820,7호선,논현,18979,20399,39378
20210820,7호선,장암,2095,850,2945
20210820,7호선,도봉산,8221,9517,17738
20210820,7호선,수락산,11841,11734,23575
20210820,7호선,마들,11881,11355,23236
20210820,7호선,노원,17994,19269,37263
20210820,7호선,중계,12759,11517,24276
20210820,7호선,하계,15921,15019,30940
20210820,7호선,공릉,10427,10318,20745
20210820,7호선,태릉입구,7661,7329,14990
20210820,7호선,먹골,9427,9159,18586
20210820,7호선,중화,10079,9869,19948
20210820,7호선,반포,5456,5097,10553
20210820,7호선,면목,14355,14235,28590
20210820,7호선,사가정,15136,15218,30354
20210820,7호선,용마산,5580,5457,11037
20210820,7호선,중곡,9186,8733,17919
20210820,7호선,군자,13449,10802,24251
20210820,7호선,어린이대공원,10922,11100,22022
20210820,7호선,건대입구,10725,10976,21701
20210820,7호선,뚝섬유원지,8177,7761,15938
20210820,7호선,청담,17252,18854,36106
20210820,7호선,강남구청,14990,16481,31471
20210820,7호선,학동,21666,22726,44392
20210820,7호선,상봉,15423,14763,30186
20210821,7호선,용마산,3199,3096,6295
20210821,7호선,중곡,5125,4976,10101
20210821,7호선,군자,7992,6215,14207
20210821,7호선,어린이대공원,6049,5537,11586
20210821,7호선,학동,7334,7722,15056
20210821,7호선,뚝섬유원지,4517,4203,8720
20210821,7호선,청담,8441,8748,17189
20210821,7호선,강남구청,7266,7930,15196
20210821,7호선,사가정,9271,9104,18375
20210821,7호선,건대입구,7577,7666,15243
20210821,7호선,면목,8512,8519,17031
20210821,7호선,하계,9125,8476,17601
20210821,7호선,중화,5836,5760,11596
20210821,7호선,먹골,5883,5753,11636
20210821,7호선,태릉입구,4844,4528,9372
20210821,7호선,공릉,6369,6251,12620
20210821,7호선,중계,7139,6495,13634
20210821,7호선,노원,11831,11847,23678
20210821,7호선,마들,7664,7207,14871
20210821,7호선,수락산,7407,7355,14762
20210821,7호선,도봉산,4320,5683,10003
20210821,7호선,장암,1059,653,1712
20210821,7호선,논현,8522,9104,17626
20210821,7호선,상봉,9953,9346,19299
20210821,7호선,상동,7488,7511,14999
20210821,7호선,반포,3363,3177,6540
20210821,7호선,내방,6041,5970,12011
20210821,7호선,고속터미널,9261,7424,16685
20210821,7호선,부평구청,3720,3264,6984
20210821,7호선,굴포천,4862,5155,10017
20210821,7호선,삼산체육관,2588,2430,5018
20210821,7호선,부천시청,7420,7300,14720
20210821,7호선,신중동,7184,7112,14296
20210821,7호선,춘의,4185,4007,8192
20210821,7호선,까치울,3973,4088,8061
20210821,7호선,온수,4391,4325,8716
20210821,7호선,천왕,5169,4896,10065
20210821,7호선,광명사거리,12719,12727,25446
20210821,7호선,부천종합운동장,2330,1994,4324
20210821,7호선,가산디지털단지,10373,9467,19840
20210821,7호선,철산,10892,11053,21945
20210821,7호선,남성,5933,5515,11448
20210821,7호선,숭실대입구,6055,6111,12166
20210821,7호선,상도,5392,5106,10498
20210821,7호선,장승배기,5151,4961,10112
20210821,7호선,이수,8675,8284,16959
20210821,7호선,보라매,4847,4559,9406
20210821,7호선,신풍,6304,5966,12270
20210821,7호선,대림,5334,5601,10935
20210821,7호선,남구로,6694,6993,13687
20210821,7호선,신대방삼거리,8792,8172,16964
20210822,7호선,가산디지털단지,7947,7490,15437
20210822,7호선,남성,4524,4445,8969
20210822,7호선,숭실대입구,4562,4997,9559
20210822,7호선,상도,4358,4323,8681
20210822,7호선,장승배기,4278,4196,8474
20210822,7호선,신대방삼거리,6568,6554,13122
20210822,7호선,보라매,3691,3596,7287
20210822,7호선,신풍,4878,4627,9505
20210822,7호선,대림,5349,5092,10441
20210822,7호선,남구로,5568,5465,11033
20210822,7호선,철산,8445,8350,16795
20210822,7호선,이수,6535,6394,12929
20210822,7호선,천왕,3951,3813,7764
20210822,7호선,온수,3170,3146,6316
20210822,7호선,까치울,3393,3485,6878
20210822,7호선,부천종합운동장,2038,1856,3894
20210822,7호선,춘의,2983,2791,5774
20210822,7호선,신중동,5439,5433,10872
20210822,7호선,부천시청,5532,5403,10935
20210822,7호선,상동,5801,5581,11382
20210822,7호선,삼산체육관,2171,2115,4286
20210822,7호선,굴포천,3804,3858,7662
20210822,7호선,부평구청,2852,2555,5407
20210822,7호선,광명사거리,10272,10157,20429
20210822,7호선,내방,4299,4460,8759
20210822,7호선,하계,7226,6902,14128
20210822,7호선,반포,2276,2262,4538
20210822,7호선,도봉산,4483,6452,10935
20210822,7호선,수락산,7055,7115,14170
20210822,7호선,마들,4978,4720,9698
20210822,7호선,노원,9009,9305,18314
20210822,7호선,중계,5551,5059,10610
20210822,7호선,고속터미널,8885,5707,14592
20210822,7호선,공릉,5192,5331,10523
20210822,7호선,태릉입구,4014,3866,7880
20210822,7호선,먹골,4348,4208,8556
20210822,7호선,중화,4697,4500,9197
20210822,7호선,상봉,7314,6917,14231
20210822,7호선,장암,1224,937,2161
20210822,7호선,사가정,7724,7519,15243
20210822,7호선,용마산,2846,3088,5934
20210822,7호선,중곡,4007,4030,8037
20210822,7호선,군자,6123,4963,11086
20210822,7호선,어린이대공원,5392,5425,10817
20210822,7호선,건대입구,5720,5844,11564
20210822,7호선,뚝섬유원지,6149,5307,11456
20210822,7호선,청담,5318,5676,10994
20210822,7호선,강남구청,4416,4792,9208
20210822,7호선,학동,4380,4605,8985
20210822,7호선,논현,5401,5718,11119
20210822,7호선,면목,6719,6627,13346
20210823,7호선,남구로,15336,16125,31461
20210823,7호선,대림,7412,7291,14703
20210823,7호선,신풍,10607,10292,20899
20210823,7호선,보라매,8990,9030,18020
20210823,7호선,남성,9821,9330,19151
20210823,7호선,장승배기,8440,8460,16900
20210823,7호선,상도,9292,9172,18464
20210823,7호선,숭실대입구,10124,10596,20720
20210823,7호선,가산디지털단지,44862,43440,88302
20210823,7호선,신대방삼거리,14676,14379,29055
20210823,7호선,철산,18614,19585,38199
20210823,7호선,춘의,9297,9276,18573
20210823,7호선,천왕,10336,9996,20332
20210823,7호선,온수,9656,8800,18456
20210823,7호선,까치울,6962,6750,13712
20210823,7호선,부천종합운동장,4200,3707,7907
20210823,7호선,신중동,12387,12238,24625
20210823,7호선,부천시청,11333,11441,22774
20210823,7호선,상동,11216,11702,22918
20210823,7호선,삼산체육관,4745,4345,9090
20210823,7호선,굴포천,8155,8604,16759
20210823,7호선,부평구청,6968,6128,13096
20210823,7호선,이수,13421,13383,26804
20210823,7호선,광명사거리,20354,20014,40368
20210823,7호선,내방,13227,13443,26670
20210823,7호선,고속터미널,13624,11129,24753
20210823,7호선,반포,4932,4786,9718
20210823,7호선,도봉산,7934,9042,16976
20210823,7호선,수락산,11348,11479,22827
20210823,7호선,마들,11457,11117,22574
20210823,7호선,노원,16881,17440,34321
20210823,7호선,중계,12681,11885,24566
20210823,7호선,하계,15370,14687,30057
20210823,7호선,공릉,10217,10405,20622
20210823,7호선,태릉입구,7315,6824,14139
20210823,7호선,먹골,9055,9060,18115
20210823,7호선,중화,9934,9826,19760
20210823,7호선,상봉,14954,13993,28947
20210823,7호선,장암,2127,830,2957
20210823,7호선,사가정,14611,14769,29380
20210823,7호선,용마산,5430,5429,10859
20210823,7호선,중곡,9122,8741,17863
20210823,7호선,군자,12891,10843,23734
20210823,7호선,어린이대공원,10341,10167,20508
20210823,7호선,건대입구,10283,10664,20947
20210823,7호선,뚝섬유원지,6234,6256,12490
20210823,7호선,청담,17021,18613,35634
20210823,7호선,강남구청,14649,15787,30436
20210823,7호선,학동,22154,22994,45148
20210823,7호선,논현,18450,19917,38367
20210823,7호선,면목,13879,13845,27724
20210824,7호선,중곡,9164,8697,17861
20210824,7호선,군자,13084,10875,23959
20210824,7호선,어린이대공원,10427,10333,20760
20210824,7호선,건대입구,10151,10494,20645
20210824,7호선,논현,18521,19846,38367
20210824,7호선,청담,17209,18710,35919
20210824,7호선,강남구청,14853,16337,31190
20210824,7호선,학동,22234,23088,45322
20210824,7호선,용마산,5491,5397,10888
20210824,7호선,뚝섬유원지,6248,6260,12508
20210824,7호선,사가정,14535,14615,29150
20210824,7호선,공릉,10267,10268,20535
20210824,7호선,상봉,14830,13852,28682
20210824,7호선,중화,9995,9860,19855
20210824,7호선,먹골,9168,9170,18338
20210824,7호선,태릉입구,7207,6875,14082
20210824,7호선,하계,15531,14768,30299
20210824,7호선,중계,12819,11879,24698
20210824,7호선,노원,17334,18080,35414
20210824,7호선,마들,11415,11110,22525
20210824,7호선,수락산,11220,11160,22380
20210824,7호선,도봉산,7875,8879,16754
20210824,7호선,반포,5198,4979,10177
20210824,7호선,면목,13549,13644,27193
20210824,7호선,고속터미널,12612,10998,23610
20210824,7호선,장암,2001,710,2711
20210824,7호선,이수,13652,13430,27082
20210824,7호선,부평구청,6997,6145,13142
20210824,7호선,굴포천,8233,8716,16949
20210824,7호선,삼산체육관,4725,4408,9133
20210824,7호선,상동,11520,12121,23641
20210824,7호선,부천시청,11417,11376,22793
20210824,7호선,신중동,12734,12692,25426
20210824,7호선,춘의,9296,9190,18486
20210824,7호선,부천종합운동장,4040,3586,7626
20210824,7호선,까치울,6951,6841,13792
20210824,7호선,온수,9601,8616,18217
20210824,7호선,천왕,10132,9877,20009
20210824,7호선,내방,13245,13529,26774
20210824,7호선,철산,18857,19598,38455
20210824,7호선,가산디지털단지,43580,43211,86791
20210824,7호선,남구로,14998,15605,30603
20210824,7호선,대림,7177,6999,14176
20210824,7호선,신풍,10614,10157,20771
20210824,7호선,보라매,8932,8921,17853
20210824,7호선,신대방삼거리,14801,14298,29099
20210824,7호선,장승배기,8429,8448,16877
20210824,7호선,상도,9476,9253,18729
20210824,7호선,숭실대입구,10288,10692,20980
20210824,7호선,남성,9970,9404,19374
20210824,7호선,광명사거리,19857,19535,39392
20210825,7호선,중곡,9368,8701,18069
20210825,7호선,군자,13541,11047,24588
20210825,7호선,어린이대공원,10833,10622,21455
20210825,7호선,건대입구,10584,10725,21309
20210825,7호선,논현,18559,20248,38807
20210825,7호선,청담,17829,19381,37210
20210825,7호선,강남구청,15486,16899,32385
20210825,7호선,학동,22423,23388,45811
20210825,7호선,용마산,5731,5466,11197
20210825,7호선,뚝섬유원지,7333,6972,14305
20210825,7호선,사가정,15165,15031,30196
20210825,7호선,공릉,10711,10746,21457
20210825,7호선,상봉,15412,14545,29957
20210825,7호선,중화,10399,10197,20596
20210825,7호선,먹골,9405,9199,18604
20210825,7호선,태릉입구,7567,7225,14792
20210825,7호선,하계,16446,15610,32056
20210825,7호선,중계,13389,12146,25535
20210825,7호선,노원,17759,18751,36510
20210825,7호선,마들,12022,11522,23544
20210825,7호선,수락산,11851,11752,23603
20210825,7호선,도봉산,8278,9436,17714
20210825,7호선,반포,5358,5173,10531
20210825,7호선,면목,14327,14382,28709
20210825,7호선,고속터미널,13083,11413,24496
20210825,7호선,장암,2158,906,3064
20210825,7호선,이수,14180,13917,28097
20210825,7호선,부평구청,7188,6375,13563
20210825,7호선,굴포천,8529,9058,17587
20210825,7호선,삼산체육관,5049,4504,9553
20210825,7호선,상동,11968,12677,24645
20210825,7호선,부천시청,12026,11904,23930
20210825,7호선,신중동,13027,13080,26107
20210825,7호선,춘의,9452,9475,18927
20210825,7호선,부천종합운동장,4388,3809,8197
20210825,7호선,까치울,7366,7168,14534
20210825,7호선,온수,10123,9094,19217
20210825,7호선,천왕,10694,10160,20854
20210825,7호선,내방,13519,13852,27371
20210825,7호선,철산,19719,20203,39922
20210825,7호선,가산디지털단지,43410,43585,86995
20210825,7호선,남구로,15148,15853,31001
20210825,7호선,대림,7207,7158,14365
20210825,7호선,신풍,10805,10437,21242
20210825,7호선,보라매,9273,9255,18528
20210825,7호선,신대방삼거리,15476,14804,30280
20210825,7호선,장승배기,8954,8720,17674
20210825,7호선,상도,9705,9603,19308
20210825,7호선,숭실대입구,10622,10874,21496
20210825,7호선,남성,10238,9639,19877
20210825,7호선,광명사거리,21017,20687,41704
20210826,7호선,대림,7088,6966,14054
20210826,7호선,신풍,10865,10461,21326
20210826,7호선,보라매,9307,9217,18524
20210826,7호선,신대방삼거리,15349,14885,30234
20210826,7호선,이수,14071,13782,27853
20210826,7호선,상도,9923,9634,19557
20210826,7호선,숭실대입구,10666,10975,21641
20210826,7호선,남성,10190,9477,19667
20210826,7호선,남구로,14985,15647,30632
20210826,7호선,장승배기,8974,8764,17738
20210826,7호선,가산디지털단지,43505,43051,86556
20210826,7호선,부천종합운동장,4626,4103,8729
20210826,7호선,광명사거리,21066,20870,41936
20210826,7호선,천왕,10603,10112,20715
20210826,7호선,온수,10012,9206,19218
20210826,7호선,까치울,7355,7148,14503
20210826,7호선,춘의,9411,9331,18742
20210826,7호선,신중동,13099,13081,26180
20210826,7호선,부천시청,11887,11836,23723
20210826,7호선,상동,11882,12431,24313
20210826,7호선,삼산체육관,5032,4621,9653
20210826,7호선,굴포천,8512,9056,17568
20210826,7호선,내방,13579,13781,27360
20210826,7호선,철산,19450,20061,39511
20210826,7호선,부평구청,7200,6293,13493
20210826,7호선,고속터미널,13188,11691,24879
20210826,7호선,논현,18447,20122,38569
20210826,7호선,반포,5323,5059,10382
20210826,7호선,장암,2216,941,3157
20210826,7호선,도봉산,8224,9647,17871
20210826,7호선,수락산,11860,11921,23781
20210826,7호선,마들,11760,11464,23224
20210826,7호선,노원,17431,18472,35903
20210826,7호선,중계,13186,12164,25350
20210826,7호선,공릉,10877,10895,21772
20210826,7호선,태릉입구,7556,7104,14660
20210826,7호선,먹골,9335,9195,18530
20210826,7호선,중화,10214,10122,20336
20210826,7호선,하계,16069,15218,31287
20210826,7호선,면목,14259,14070,28329
20210826,7호선,상봉,15529,14514,30043
20210826,7호선,강남구청,15150,16604,31754
20210826,7호선,청담,17480,19069,36549
20210826,7호선,뚝섬유원지,7232,6945,14177
20210826,7호선,건대입구,10668,10828,21496
20210826,7호선,학동,22369,23379,45748
20210826,7호선,군자,13600,11149,24749
20210826,7호선,중곡,9411,8991,18402
20210826,7호선,용마산,5650,5674,11324
20210826,7호선,사가정,15118,15114,30232
20210826,7호선,어린이대공원,10870,10503,21373
20210827,7호선,남구로,14576,15423,29999
20210827,7호선,이수,14280,14119,28399
20210827,7호선,남성,10352,9333,19685
20210827,7호선,숭실대입구,10553,10664,21217
20210827,7호선,상도,9918,9466,19384
20210827,7호선,장승배기,8861,8559,17420
20210827,7호선,신대방삼거리,15118,14581,29699
20210827,7호선,보라매,9194,9226,18420
20210827,7호선,신풍,10818,10333,21151
20210827,7호선,대림,7301,7340,14641
20210827,7호선,가산디지털단지,42062,41506,83568
20210827,7호선,내방,13460,13610,27070
20210827,7호선,광명사거리,20876,20536,41412
20210827,7호선,천왕,10404,9883,20287
20210827,7호선,온수,9686,8768,18454
20210827,7호선,까치울,7220,7022,14242
20210827,7호선,부천종합운동장,4449,3951,8400
20210827,7호선,춘의,9206,9041,18247
20210827,7호선,신중동,13219,13255,26474
20210827,7호선,부천시청,12081,12043,24124
20210827,7호선,상동,11776,12596,24372
20210827,7호선,삼산체육관,4858,4484,9342
20210827,7호선,굴포천,8307,8814,17121
20210827,7호선,철산,19281,20108,39389
20210827,7호선,고속터미널,14601,12369,26970
20210827,7호선,부평구청,7029,6243,13272
20210827,7호선,논현,18714,20026,38740
20210827,7호선,장암,2042,857,2899
20210827,7호선,도봉산,8097,9263,17360
20210827,7호선,수락산,11495,11506,23001
20210827,7호선,마들,11799,11306,23105
20210827,7호선,노원,17965,19211,37176
20210827,7호선,중계,13207,11874,25081
20210827,7호선,하계,15725,14844,30569
20210827,7호선,공릉,10804,10653,21457
20210827,7호선,태릉입구,7661,7204,14865
20210827,7호선,먹골,9374,9160,18534
20210827,7호선,중화,10205,9968,20173
20210827,7호선,반포,5510,5138,10648
20210827,7호선,면목,14190,14127,28317
20210827,7호선,사가정,15041,15023,30064
20210827,7호선,용마산,5611,5407,11018
20210827,7호선,중곡,9608,8809,18417
20210827,7호선,군자,13412,11063,24475
20210827,7호선,어린이대공원,10901,10645,21546
20210827,7호선,건대입구,10836,10838,21674
20210827,7호선,뚝섬유원지,7042,6840,13882
20210827,7호선,청담,17291,19109,36400
20210827,7호선,강남구청,15159,16378,31537
20210827,7호선,학동,21514,22525,44039
20210827,7호선,상봉,15503,14843,30346
20210828,7호선,남구로,7441,7908,15349
20210828,7호선,대림,6103,6498,12601
20210828,7호선,신풍,7038,6648,13686
20210828,7호선,보라매,5545,5249,10794
20210828,7호선,남성,6710,6303,13013
20210828,7호선,장승배기,5774,5681,11455
20210828,7호선,상도,6326,5934,12260
20210828,7호선,숭실대입구,7135,7091,14226
20210828,7호선,가산디지털단지,12163,11156,23319
20210828,7호선,신대방삼거리,9920,9465,19385
20210828,7호선,철산,12767,13017,25784
20210828,7호선,춘의,4612,4444,9056
20210828,7호선,천왕,5809,5578,11387
20210828,7호선,온수,5023,4875,9898
20210828,7호선,까치울,4878,4907,9785
20210828,7호선,부천종합운동장,2884,2566,5450
20210828,7호선,신중동,8366,8258,16624
20210828,7호선,부천시청,8430,8384,16814
20210828,7호선,상동,8899,8945,17844
20210828,7호선,삼산체육관,3138,2972,6110
20210828,7호선,굴포천,5714,5945,11659
20210828,7호선,부평구청,4400,4026,8426
20210828,7호선,이수,10344,9513,19857
20210828,7호선,광명사거리,14976,15004,29980
20210828,7호선,내방,7029,7019,14048
20210828,7호선,하계,10572,9777,20349
20210828,7호선,반포,3861,3472,7333
20210828,7호선,도봉산,5894,8023,13917
20210828,7호선,수락산,9096,8860,17956
20210828,7호선,마들,7783,7339,15122
20210828,7호선,노원,13451,14184,27635
20210828,7호선,중계,8005,7220,15225
20210828,7호선,고속터미널,10361,8492,18853
20210828,7호선,공릉,7526,7477,15003
20210828,7호선,태릉입구,5601,5251,10852
20210828,7호선,먹골,6818,6631,13449
20210828,7호선,중화,6901,6598,13499
20210828,7호선,상봉,11497,10912,22409
20210828,7호선,장암,1374,1033,2407
20210828,7호선,사가정,10911,10426,21337
20210828,7호선,용마산,3881,4006,7887
20210828,7호선,중곡,5940,5669,11609
20210828,7호선,군자,9148,7227,16375
20210828,7호선,어린이대공원,7860,7694,15554
20210828,7호선,건대입구,8818,8944,17762
20210828,7호선,뚝섬유원지,8052,7238,15290
20210828,7호선,청담,9172,9787,18959
20210828,7호선,강남구청,8191,8910,17101
20210828,7호선,학동,8296,8746,17042
20210828,7호선,논현,9739,10408,20147
20210828,7호선,면목,9690,9397,19087
20210829,7호선,남구로,5702,5521,11223
20210829,7호선,대림,5532,5256,10788
20210829,7호선,신풍,4913,4694,9607
20210829,7호선,보라매,3540,3606,7146
20210829,7호선,남성,4451,4417,8868
20210829,7호선,장승배기,4238,4117,8355
20210829,7호선,상도,4390,4488,8878
20210829,7호선,숭실대입구,4792,5099,9891
20210829,7호선,가산디지털단지,8472,7786,16258
20210829,7호선,신대방삼거리,6697,6538,13235
20210829,7호선,철산,8595,8695,17290
20210829,7호선,춘의,2974,2898,5872
20210829,7호선,천왕,4249,4023,8272
20210829,7호선,온수,3281,3281,6562
20210829,7호선,까치울,3581,3557,7138
20210829,7호선,부천종합운동장,2097,1933,4030
20210829,7호선,신중동,5677,5543,11220
20210829,7호선,부천시청,6120,5824,11944
20210829,7호선,상동,5893,5844,11737
20210829,7호선,삼산체육관,2216,2107,4323
20210829,7호선,굴포천,3963,4050,8013
20210829,7호선,부평구청,3151,2811,5962
20210829,7호선,이수,6730,6612,13342
20210829,7호선,광명사거리,10400,10237,20637
20210829,7호선,내방,4410,4577,8987
20210829,7호선,고속터미널,9446,6036,15482
20210829,7호선,반포,2592,2484,5076
20210829,7호선,도봉산,4589,6589,11178
20210829,7호선,수락산,7297,7271,14568
20210829,7호선,마들,5036,4620,9656
20210829,7호선,노원,9213,9392,18605
20210829,7호선,중계,5714,5201,10915
20210829,7호선,하계,7201,6905,14106
20210829,7호선,공릉,5221,5349,10570
20210829,7호선,태릉입구,4176,3923,8099
20210829,7호선,먹골,4583,4470,9053
20210829,7호선,중화,4736,4691,9427
20210829,7호선,상봉,7787,7529,15316
20210829,7호선,장암,1218,859,2077
20210829,7호선,사가정,7677,7568,15245
20210829,7호선,용마산,2758,3023,5781
20210829,7호선,중곡,4431,4284,8715
20210829,7호선,군자,6243,5101,11344
20210829,7호선,어린이대공원,5771,5889,11660
20210829,7호선,건대입구,6570,6659,13229
20210829,7호선,뚝섬유원지,6654,5724,12378
20210829,7호선,청담,5329,5671,11000
20210829,7호선,강남구청,4752,5172,9924
20210829,7호선,학동,4297,4617,8914
20210829,7호선,논현,5315,5835,11150
20210829,7호선,면목,6899,6833,13732
20210830,7호선,대림,7486,7392,14878
20210830,7호선,신풍,11121,10633,21754
20210830,7호선,보라매,9342,9466,18808
20210830,7호선,신대방삼거리,15425,14974,30399
20210830,7호선,이수,13762,13687,27449
20210830,7호선,상도,9795,9698,19493
20210830,7호선,숭실대입구,10651,10992,21643
20210830,7호선,남성,10403,9711,20114
20210830,7호선,남구로,15578,16240,31818
20210830,7호선,장승배기,9053,9001,18054
20210830,7호선,가산디지털단지,44076,43979,88055
20210830,7호선,부천종합운동장,4825,4174,8999
20210830,7호선,광명사거리,21083,20637,41720
20210830,7호선,천왕,10766,10416,21182
20210830,7호선,온수,10084,9250,19334
20210830,7호선,까치울,7377,7113,14490
20210830,7호선,춘의,9448,9450,18898
20210830,7호선,신중동,13240,13314,26554
20210830,7호선,부천시청,11753,11817,23570
20210830,7호선,상동,11630,12136,23766
20210830,7호선,삼산체육관,5032,4556,9588
20210830,7호선,굴포천,8328,8935,17263
20210830,7호선,내방,13471,13668,27139
20210830,7호선,철산,19638,20151,39789
20210830,7호선,고속터미널,14196,11649,25845
20210830,7호선,부평구청,7121,6320,13441
20210830,7호선,논현,18925,20298,39223
20210830,7호선,장암,2259,862,3121
20210830,7호선,도봉산,8632,10021,18653
20210830,7호선,수락산,11882,11932,23814
20210830,7호선,마들,11918,11390,23308
20210830,7호선,노원,17824,18772,36596
20210830,7호선,중계,13321,12392,25713
20210830,7호선,하계,16030,15084,31114
20210830,7호선,공릉,10611,10741,21352
20210830,7호선,태릉입구,7582,7059,14641
20210830,7호선,먹골,9392,9365,18757
20210830,7호선,중화,10248,10100,20348
20210830,7호선,반포,5276,5091,10367
20210830,7호선,면목,14450,14279,28729
20210830,7호선,사가정,15293,15278,30571
20210830,7호선,용마산,5611,5549,11160
20210830,7호선,중곡,9446,8797,18243
20210830,7호선,군자,13335,11095,24430
20210830,7호선,어린이대공원,10908,10880,21788
20210830,7호선,건대입구,10593,10819,21412
20210830,7호선,뚝섬유원지,7779,7473,15252
20210830,7호선,청담,17489,19108,36597
20210830,7호선,강남구청,15090,16169,31259
20210830,7호선,학동,22517,23510,46027
20210830,7호선,상봉,15414,14524,29938
20210831,7호선,대림,7273,7169,14442
20210831,7호선,신풍,10604,10391,20995
20210831,7호선,보라매,9032,9080,18112
20210831,7호선,신대방삼거리,15009,14730,29739
20210831,7호선,이수,13811,13478,27289
20210831,7호선,상도,9506,9440,18946
20210831,7호선,숭실대입구,10242,10690,20932
20210831,7호선,남성,9948,9463,19411
20210831,7호선,남구로,15250,16226,31476
20210831,7호선,장승배기,8546,8603,17149
20210831,7호선,가산디지털단지,44479,42841,87320
20210831,7호선,부천종합운동장,4256,3756,8012
20210831,7호선,광명사거리,19756,19584,39340
20210831,7호선,천왕,10300,9910,20210
20210831,7호선,온수,9502,8766,18268
20210831,7호선,까치울,7029,6868,13897
20210831,7호선,춘의,9089,9078,18167
20210831,7호선,신중동,12697,12701,25398
20210831,7호선,부천시청,11431,11446,22877
20210831,7호선,상동,11402,11976,23378
20210831,7호선,삼산체육관,4757,4417,9174
20210831,7호선,굴포천,8178,8730,16908
20210831,7호선,내방,13359,13599,26958
20210831,7호선,철산,18826,19748,38574
20210831,7호선,고속터미널,13007,11178,24185
20210831,7호선,부평구청,6879,6111,12990
20210831,7호선,논현,17904,19726,37630
20210831,7호선,장암,2084,820,2904
20210831,7호선,도봉산,8291,9464,17755
20210831,7호선,수락산,11377,11440,22817
20210831,7호선,마들,11516,11303,22819
20210831,7호선,노원,17209,17607,34816
20210831,7호선,중계,13002,12160,25162
20210831,7호선,하계,15748,15035,30783
20210831,7호선,공릉,10296,10431,20727
20210831,7호선,태릉입구,7340,6721,14061
20210831,7호선,먹골,9215,9134,18349
20210831,7호선,중화,9958,10059,20017
20210831,7호선,반포,5124,4848,9972
20210831,7호선,면목,13763,13872,27635
20210831,7호선,사가정,14408,14634,29042
20210831,7호선,용마산,5548,5633,11181
20210831,7호선,중곡,9245,8858,18103
20210831,7호선,군자,13090,11160,24250
20210831,7호선,어린이대공원,10792,10653,21445
20210831,7호선,건대입구,11199,11195,22394
20210831,7호선,뚝섬유원지,6178,6248,12426
20210831,7호선,청담,17344,19101,36445
20210831,7호선,강남구청,15077,16475,31552
20210831,7호선,학동,22635,23619,46254
20210831,7호선,상봉,15004,14099,29103
20210901,7호선,대림,7457,7111,14568
20210901,7호선,신풍,10716,10389,21105
20210901,7호선,보라매,9186,9281,18467
20210901,7호선,신대방삼거리,15220,14715,29935
20210901,7호선,이수,14096,13849,27945
20210901,7호선,상도,9649,9371,19020
20210901,7호선,숭실대입구,11058,11382,22440
20210901,7호선,남성,10335,9496,19831
20210901,7호선,남구로,15410,15926,31336
20210901,7호선,장승배기,8952,8797,17749
20210901,7호선,가산디지털단지,43995,43983,87978
20210901,7호선,부천종합운동장,4485,3890,8375
20210901,7호선,광명사거리,21082,20494,41576
20210901,7호선,천왕,10675,10286,20961
20210901,7호선,온수,9893,8941,18834
20210901,7호선,까치울,7295,7053,14348
20210901,7호선,춘의,9392,9397,18789
20210901,7호선,신중동,13035,13134,26169
20210901,7호선,부천시청,11909,11804,23713
20210901,7호선,상동,11845,12497,24342
20210901,7호선,삼산체육관,4928,4532,9460
20210901,7호선,굴포천,8486,8920,17406
20210901,7호선,내방,13583,13822,27405
20210901,7호선,철산,19757,20548,40305
20210901,7호선,부평구청,7125,6284,13409
20210901,7호선,반포,5327,5120,10447
20210901,7호선,논현,18614,19925,38539
20210901,7호선,고속터미널,12698,11379,24077
20210901,7호선,장암,2099,829,2928
20210901,7호선,도봉산,8565,9797,18362
20210901,7호선,수락산,11707,11761,23468
20210901,7호선,마들,11894,11416,23310
20210901,7호선,노원,17618,18618,36236
20210901,7호선,중계,13347,12385,25732
20210901,7호선,공릉,10691,10753,21444
20210901,7호선,태릉입구,7367,7045,14412
20210901,7호선,먹골,9390,9383,18773
20210901,7호선,중화,10292,10147,20439
20210901,7호선,하계,16494,15623,32117
20210901,7호선,면목,14315,14171,28486
20210901,7호선,상봉,15441,14472,29913
20210901,7호선,강남구청,15750,17058,32808
20210901,7호선,청담,17922,19538,37460
20210901,7호선,뚝섬유원지,7298,7123,14421
20210901,7호선,건대입구,10737,10824,21561
20210901,7호선,학동,22583,23724,46307
20210901,7호선,군자,13425,10990,24415
20210901,7호선,중곡,9557,8585,18142
20210901,7호선,용마산,5666,5541,11207
20210901,7호선,사가정,15257,15119,30376
20210901,7호선,어린이대공원,10917,10755,21672
20210902,7호선,사가정,15361,15372,30733
20210902,7호선,논현,18681,20202,38883
20210902,7호선,학동,22740,23847,46587
20210902,7호선,강남구청,15477,16889,32366
20210902,7호선,청담,17902,19583,37485
20210902,7호선,뚝섬유원지,7754,7385,15139
20210902,7호선,건대입구,10683,10838,21521
20210902,7호선,어린이대공원,11016,10979,21995
20210902,7호선,군자,13595,11025,24620
20210902,7호선,중곡,9383,8765,18148
20210902,7호선,면목,14561,14277,28838
20210902,7호선,반포,5383,5141,10524
20210902,7호선,중화,10321,10117,20438
20210902,7호선,먹골,9472,9318,18790
20210902,7호선,태릉입구,7787,7425,15212
20210902,7호선,공릉,10674,10915,21589
20210902,7호선,하계,16458,15610,32068
20210902,7호선,중계,13474,12279,25753
20210902,7호선,노원,17560,18730,36290
20210902,7호선,마들,12029,11626,23655
20210902,7호선,수락산,12129,12260,24389
20210902,7호선,도봉산,8832,10294,19126
20210902,7호선,상봉,15575,14761,30336
20210902,7호선,고속터미널,13013,11731,24744
20210902,7호선,장암,2138,879,3017
20210902,7호선,내방,13637,13924,27561
20210902,7호선,용마산,5774,5681,11455
20210902,7호선,부평구청,7173,6398,13571
20210902,7호선,굴포천,8456,8886,17342
20210902,7호선,삼산체육관,5002,4539,9541
20210902,7호선,상동,12078,12662,24740
20210902,7호선,부천시청,11857,11813,23670
20210902,7호선,신중동,13183,13329,26512
20210902,7호선,춘의,9342,9246,18588
20210902,7호선,부천종합운동장,4626,4136,8762
20210902,7호선,까치울,7364,7145,14509
20210902,7호선,온수,9985,9049,19034
20210902,7호선,천왕,10814,10258,21072
20210902,7호선,이수,14345,14013,28358
20210902,7호선,철산,19725,20296,40021
20210902,7호선,남성,10406,9668,20074
20210902,7호선,숭실대입구,10903,11092,21995
20210902,7호선,상도,9719,9477,19196
20210902,7호선,장승배기,8964,8792,17756
20210902,7호선,신대방삼거리,15541,14814,30355
20210902,7호선,광명사거리,21313,21042,42355
20210902,7호선,신풍,10946,10458,21404
20210902,7호선,대림,7364,7230,14594
20210902,7호선,남구로,15355,16087,31442
20210902,7호선,가산디지털단지,44184,44245,88429
20210902,7호선,보라매,9312,9209,18521
20210903,7호선,용마산,5889,5769,11658
20210903,7호선,논현,19404,21071,40475
20210903,7호선,학동,22296,23576,45872
20210903,7호선,강남구청,15960,17271,33231
20210903,7호선,청담,18107,19874,37981
20210903,7호선,뚝섬유원지,9854,9398,19252
20210903,7호선,건대입구,11258,11684,22942
20210903,7호선,어린이대공원,11833,11582,23415
20210903,7호선,군자,14205,11528,25733
20210903,7호선,중곡,9714,8934,18648
20210903,7호선,사가정,15728,15689,31417
20210903,7호선,공릉,11350,11203,22553
20210903,7호선,상봉,16234,15446,31680
20210903,7호선,중화,10672,10415,21087
20210903,7호선,먹골,9815,9519,19334
20210903,7호선,태릉입구,8202,7627,15829
20210903,7호선,반포,5591,5346,10937
20210903,7호선,하계,16631,15786,32417
20210903,7호선,중계,13904,12408,26312
20210903,7호선,노원,18820,20428,39248
20210903,7호선,마들,12251,11683,23934
20210903,7호선,수락산,12504,12347,24851
20210903,7호선,도봉산,8843,10321,19164
20210903,7호선,면목,14898,14755,29653
20210903,7호선,고속터미널,14607,12745,27352
20210903,7호선,장암,2230,990,3220
20210903,7호선,이수,14949,14645,29594
20210903,7호선,부평구청,7405,6530,13935
20210903,7호선,굴포천,8492,9190,17682
20210903,7호선,삼산체육관,5140,4711,9851
20210903,7호선,상동,12423,13263,25686
20210903,7호선,부천시청,12645,12582,25227
20210903,7호선,신중동,13746,13898,27644
20210903,7호선,춘의,9597,9322,18919
20210903,7호선,부천종합운동장,4805,4232,9037
20210903,7호선,까치울,7683,7449,15132
20210903,7호선,온수,9964,9078,19042
20210903,7호선,천왕,10857,10266,21123
20210903,7호선,내방,13926,14066,27992
20210903,7호선,철산,20479,21153,41632
20210903,7호선,가산디지털단지,43958,43455,87413
20210903,7호선,남구로,15201,16013,31214
20210903,7호선,대림,7490,7614,15104
20210903,7호선,신풍,11212,10706,21918
20210903,7호선,보라매,9662,9500,19162
20210903,7호선,신대방삼거리,15972,15276,31248
20210903,7호선,장승배기,9127,8943,18070
20210903,7호선,상도,10215,9752,19967
20210903,7호선,숭실대입구,11705,11718,23423
20210903,7호선,남성,10737,9743,20480
20210903,7호선,광명사거리,21847,21615,43462
20210904,7호선,남구로,7576,7876,15452
20210904,7호선,대림,6235,6652,12887
20210904,7호선,신풍,7193,6941,14134
20210904,7호선,보라매,5488,5295,10783
20210904,7호선,이수,10608,9979,20587
20210904,7호선,장승배기,6133,5692,11825
20210904,7호선,숭실대입구,7425,7353,14778
20210904,7호선,남성,7126,6386,13512
20210904,7호선,가산디지털단지,12778,11694,24472
20210904,7호선,신대방삼거리,10318,9562,19880
20210904,7호선,철산,13705,13750,27455
20210904,7호선,춘의,4749,4596,9345
20210904,7호선,천왕,6215,5811,12026
20210904,7호선,온수,5121,5051,10172
20210904,7호선,까치울,4950,5006,9956
20210904,7호선,부천종합운동장,3045,2721,5766
20210904,7호선,신중동,8649,8584,17233
20210904,7호선,부천시청,8789,8738,17527
20210904,7호선,상동,9125,9287,18412
20210904,7호선,삼산체육관,3252,3012,6264
20210904,7호선,굴포천,5954,6081,12035
20210904,7호선,부평구청,4513,3959,8472
20210904,7호선,내방,7236,7150,14386
20210904,7호선,광명사거리,15330,15371,30701
20210904,7호선,상도,6728,6207,12935
20210904,7호선,고속터미널,11039,8907,19946
20210904,7호선,논현,10153,10959,21112
20210904,7호선,반포,3991,3744,7735
20210904,7호선,장암,1471,1137,2608
20210904,7호선,도봉산,6387,8746,15133
20210904,7호선,수락산,9612,9551,19163
20210904,7호선,마들,8197,7715,15912
20210904,7호선,노원,14516,15103,29619
20210904,7호선,중계,8598,7789,16387
20210904,7호선,공릉,7711,7795,15506
20210904,7호선,태릉입구,5956,5612,11568
20210904,7호선,먹골,7289,7099,14388
20210904,7호선,중화,7017,6582,13599
20210904,7호선,하계,11014,10194,21208
20210904,7호선,면목,10368,10241,20609
20210904,7호선,상봉,11901,11143,23044
20210904,7호선,강남구청,8534,9412,17946
20210904,7호선,청담,9573,10256,19829
20210904,7호선,뚝섬유원지,11245,9915,21160
20210904,7호선,건대입구,9352,9601,18953
20210904,7호선,학동,8650,9007,17657
20210904,7호선,군자,9665,7444,17109
20210904,7호선,중곡,6414,5972,12386
20210904,7호선,용마산,4205,4399,8604
20210904,7호선,사가정,11516,10976,22492
20210904,7호선,어린이대공원,8387,8131,16518
20210905,7호선,논현,5576,5875,11451
20210905,7호선,용마산,2768,3323,6091
20210905,7호선,학동,4801,5101,9902
20210905,7호선,강남구청,4976,5448,10424
20210905,7호선,청담,5700,6099,11799
20210905,7호선,뚝섬유원지,8876,7784,16660
20210905,7호선,건대입구,6889,7047,13936
20210905,7호선,어린이대공원,6446,6561,13007
20210905,7호선,군자,6707,5341,12048
20210905,7호선,중곡,4525,4324,8849
20210905,7호선,사가정,8216,7953,16169
20210905,7호선,공릉,5655,5856,11511
20210905,7호선,상봉,8344,7956,16300
20210905,7호선,중화,5058,4972,10030
20210905,7호선,먹골,4891,4757,9648
20210905,7호선,태릉입구,4498,4201,8699
20210905,7호선,하계,7799,7483,15282
20210905,7호선,중계,6010,5623,11633
20210905,7호선,노원,9676,9826,19502
20210905,7호선,마들,5338,5085,10423
20210905,7호선,수락산,7940,7863,15803
20210905,7호선,도봉산,4956,7542,12498
20210905,7호선,장암,1442,1025,2467
20210905,7호선,면목,7140,7028,14168
20210905,7호선,반포,2621,2623,5244
20210905,7호선,내방,4518,4672,9190
20210905,7호선,이수,7110,6917,14027
20210905,7호선,부평구청,3260,2863,6123
20210905,7호선,굴포천,4081,4123,8204
20210905,7호선,삼산체육관,2404,2199,4603
20210905,7호선,상동,6414,6276,12690
20210905,7호선,부천시청,6013,6073,12086
20210905,7호선,신중동,6130,5961,12091
20210905,7호선,춘의,3124,3033,6157
20210905,7호선,부천종합운동장,2291,2056,4347
20210905,7호선,까치울,3728,3724,7452
20210905,7호선,온수,3493,3491,6984
20210905,7호선,천왕,4174,4054,8228
20210905,7호선,고속터미널,10081,6399,16480
20210905,7호선,철산,9338,9358,18696
20210905,7호선,가산디지털단지,9036,8322,17358
20210905,7호선,남구로,5803,5764,11567
20210905,7호선,대림,5754,5361,11115
20210905,7호선,신풍,5310,5064,10374
20210905,7호선,보라매,3923,3855,7778
20210905,7호선,신대방삼거리,6850,6885,13735
20210905,7호선,장승배기,4134,4081,8215
20210905,7호선,상도,4516,4664,9180
20210905,7호선,숭실대입구,4961,5376,10337
20210905,7호선,남성,4647,4612,9259
20210905,7호선,광명사거리,10870,10777,21647
20210906,7호선,남구로,15792,16710,32502
20210906,7호선,대림,7696,7571,15267
20210906,7호선,신풍,10940,10601,21541
20210906,7호선,보라매,9278,9423,18701
20210906,7호선,이수,14137,13975,28112
20210906,7호선,장승배기,9148,9008,18156
20210906,7호선,숭실대입구,11238,11780,23018
20210906,7호선,남성,10587,10015,20602
20210906,7호선,가산디지털단지,46356,44948,91304
20210906,7호선,신대방삼거리,15590,15279,30869
20210906,7호선,철산,20031,20629,40660
20210906,7호선,춘의,9686,9622,19308
20210906,7호선,천왕,10918,10584,21502
20210906,7호선,온수,10269,9407,19676
20210906,7호선,까치울,7265,7092,14357
20210906,7호선,부천종합운동장,4619,4173,8792
20210906,7호선,신중동,13202,13179,26381
20210906,7호선,부천시청,11926,11961,23887
20210906,7호선,상동,12058,12427,24485
20210906,7호선,삼산체육관,5085,4702,9787
20210906,7호선,굴포천,8513,8936,17449
20210906,7호선,부평구청,7181,6354,13535
20210906,7호선,내방,13849,14046,27895
20210906,7호선,광명사거리,21081,20987,42068
20210906,7호선,고속터미널,14104,11858,25962
20210906,7호선,상도,9999,9848,19847
20210906,7호선,논현,18800,20738,39538
20210906,7호선,건대입구,11001,11257,22258
20210906,7호선,장암,2156,847,3003
20210906,7호선,도봉산,8707,10178,18885
20210906,7호선,수락산,12145,12200,24345
20210906,7호선,마들,12163,11717,23880
20210906,7호선,노원,18104,18972,37076
20210906,7호선,중계,13592,12767,26359
20210906,7호선,하계,16474,15805,32279
20210906,7호선,공릉,11046,11115,22161
20210906,7호선,태릉입구,7656,7303,14959
20210906,7호선,먹골,9586,9506,19092
20210906,7호선,반포,5442,5217,10659
20210906,7호선,상봉,15509,14518,30027
20210906,7호선,면목,14629,14557,29186
20210906,7호선,사가정,15523,15588,31111
20210906,7호선,용마산,5797,5799,11596
20210906,7호선,중곡,9761,9258,19019
20210906,7호선,군자,13669,11501,25170
20210906,7호선,어린이대공원,11254,11226,22480
20210906,7호선,뚝섬유원지,6777,6754,13531
20210906,7호선,청담,17398,19366,36764
20210906,7호선,강남구청,14936,16402,31338
20210906,7호선,학동,23103,24116,47219
20210906,7호선,중화,10492,10426,20918
20210907,7호선,대림,7337,7257,14594
20210907,7호선,신풍,10733,10365,21098
20210907,7호선,보라매,9057,9072,18129
20210907,7호선,신대방삼거리,15118,14708,29826
20210907,7호선,이수,14126,13798,27924
20210907,7호선,상도,9626,9368,18994
20210907,7호선,숭실대입구,11040,11297,22337
20210907,7호선,남성,10346,9708,20054
20210907,7호선,남구로,15320,15889,31209
20210907,7호선,장승배기,8635,8542,17177
20210907,7호선,가산디지털단지,44840,44304,89144
20210907,7호선,부천종합운동장,4190,3681,7871
20210907,7호선,광명사거리,20205,19887,40092
20210907,7호선,천왕,10684,10303,20987
20210907,7호선,온수,9802,8947,18749
20210907,7호선,까치울,7027,6790,13817
20210907,7호선,춘의,9563,9241,18804
20210907,7호선,신중동,12801,12798,25599
20210907,7호선,부천시청,11564,11527,23091
20210907,7호선,상동,11514,12081,23595
20210907,7호선,삼산체육관,4882,4618,9500
20210907,7호선,굴포천,8384,8866,17250
20210907,7호선,내방,13431,13787,27218
20210907,7호선,철산,19197,19847,39044
20210907,7호선,부평구청,6870,6189,13059
20210907,7호선,고속터미널,13061,11336,24397
20210907,7호선,논현,18402,19927,38329
20210907,7호선,반포,5208,4948,10156
20210907,7호선,장암,1992,725,2717
20210907,7호선,도봉산,7992,9063,17055
20210907,7호선,수락산,11355,11408,22763
20210907,7호선,마들,11542,11176,22718
20210907,7호선,노원,16998,17748,34746
20210907,7호선,중계,13143,12180,25323
20210907,7호선,공릉,10424,10504,20928
20210907,7호선,태릉입구,7321,6860,14181
20210907,7호선,먹골,9192,9045,18237
20210907,7호선,중화,10258,10162,20420
20210907,7호선,하계,16144,15379,31523
20210907,7호선,면목,13962,13899,27861
20210907,7호선,상봉,14998,13947,28945
20210907,7호선,강남구청,15186,16518,31704
20210907,7호선,청담,17476,19094,36570
20210907,7호선,뚝섬유원지,6355,6367,12722
20210907,7호선,건대입구,10589,10708,21297
20210907,7호선,학동,22819,23811,46630
20210907,7호선,군자,13428,11123,24551
20210907,7호선,중곡,9635,9044,18679
20210907,7호선,용마산,5691,5526,11217
20210907,7호선,사가정,14792,14932,29724
20210907,7호선,어린이대공원,10916,10779,21695
20210908,7호선,남구로,15509,16420,31929
20210908,7호선,이수,14807,14436,29243
20210908,7호선,남성,10806,9947,20753
20210908,7호선,숭실대입구,11711,12013,23724
20210908,7호선,상도,10199,9806,20005
20210908,7호선,장승배기,9226,8954,18180
20210908,7호선,신대방삼거리,15725,15246,30971
20210908,7호선,보라매,9482,9402,18884
20210908,7호선,신풍,11284,10894,22178
20210908,7호선,대림,7417,7290,14707
20210908,7호선,가산디지털단지,45434,45425,90859
20210908,7호선,부평구청,7338,6538,13876
20210908,7호선,광명사거리,21554,21270,42824
20210908,7호선,천왕,11304,10686,21990
20210908,7호선,온수,10291,9388,19679
20210908,7호선,까치울,7625,7294,14919
20210908,7호선,부천종합운동장,4535,4158,8693
20210908,7호선,춘의,9814,9683,19497
20210908,7호선,신중동,13498,13510,27008
20210908,7호선,부천시청,12282,12161,24443
20210908,7호선,상동,12256,12888,25144
20210908,7호선,삼산체육관,5267,4787,10054
20210908,7호선,굴포천,8765,9100,17865
20210908,7호선,철산,20645,21220,41865
20210908,7호선,내방,13911,14281,28192
20210908,7호선,고속터미널,13496,12091,25587
20210908,7호선,논현,19452,20711,40163
20210908,7호선,장암,2311,977,3288
20210908,7호선,도봉산,8809,10381,19190
20210908,7호선,수락산,12414,12311,24725
20210908,7호선,마들,12394,11841,24235
20210908,7호선,노원,18422,19376,37798
20210908,7호선,중계,13844,12902,26746
20210908,7호선,하계,17473,16681,34154
20210908,7호선,공릉,11260,11160,22420
20210908,7호선,태릉입구,8016,7589,15605
20210908,7호선,먹골,9763,9612,19375
20210908,7호선,중화,10716,10517,21233
20210908,7호선,반포,5657,5393,11050
20210908,7호선,면목,14910,14857,29767
20210908,7호선,사가정,15780,15759,31539
20210908,7호선,용마산,5901,5807,11708
20210908,7호선,중곡,10040,9258,19298
20210908,7호선,군자,14078,11508,25586
20210908,7호선,어린이대공원,11535,11462,22997
20210908,7호선,건대입구,10915,11101,22016
20210908,7호선,뚝섬유원지,8985,8816,17801
20210908,7호선,청담,18217,20148,38365
20210908,7호선,강남구청,15800,17292,33092
20210908,7호선,학동,23068,24435,47503
20210908,7호선,상봉,16203,15237,31440
20210909,7호선,신대방삼거리,15793,15232,31025
20210909,7호선,장승배기,9118,8764,17882
20210909,7호선,상도,10096,9742,19838
20210909,7호선,숭실대입구,11372,11710,23082
20210909,7호선,반포,5516,5222,10738
20210909,7호선,이수,14597,14310,28907
20210909,7호선,내방,13947,14105,28052
20210909,7호선,고속터미널,13490,11993,25483
20210909,7호선,보라매,9540,9407,18947
20210909,7호선,남성,10680,9803,20483
20210909,7호선,신풍,11210,10691,21901
20210909,7호선,천왕,11171,10766,21937
20210909,7호선,남구로,15549,16419,31968
20210909,7호선,가산디지털단지,44170,44220,88390
20210909,7호선,철산,20213,20635,40848
20210909,7호선,광명사거리,21498,21159,42657
20210909,7호선,온수,10489,9406,19895
20210909,7호선,까치울,7615,7363,14978
20210909,7호선,부천종합운동장,4803,4300,9103
20210909,7호선,춘의,9497,9489,18986
20210909,7호선,신중동,13257,13342,26599
20210909,7호선,부천시청,12249,12297,24546
20210909,7호선,논현,18844,20377,39221
20210909,7호선,대림,7323,7184,14507
20210909,7호선,학동,22854,24013,46867
20210909,7호선,강남구청,15609,16910,32519
20210909,7호선,청담,18265,20043,38308
20210909,7호선,삼산체육관,5251,4860,10111
20210909,7호선,굴포천,8569,9118,17687
20210909,7호선,부평구청,7293,6480,13773
20210909,7호선,장암,2231,953,3184
20210909,7호선,도봉산,8911,10342,19253
20210909,7호선,수락산,12560,12384,24944
20210909,7호선,마들,12278,11733,24011
20210909,7호선,노원,17856,19103,36959
20210909,7호선,중계,13683,12545,26228
20210909,7호선,하계,16735,16001,32736
20210909,7호선,공릉,11208,11080,22288
20210909,7호선,상동,11989,12626,24615
20210909,7호선,먹골,9577,9314,18891
20210909,7호선,중화,10348,10358,20706
20210909,7호선,상봉,16087,15305,31392
20210909,7호선,면목,14781,14557,29338
20210909,7호선,사가정,15735,15734,31469
20210909,7호선,용마산,5980,5798,11778
20210909,7호선,중곡,9852,9262,19114
20210909,7호선,군자,13933,11407,25340
20210909,7호선,어린이대공원,11765,11584,23349
20210909,7호선,건대입구,11111,11393,22504
20210909,7호선,뚝섬유원지,8791,8529,17320
20210909,7호선,태릉입구,7948,7606,15554
20210910,7호선,공릉,11778,11628,23406
20210910,7호선,태릉입구,8272,7648,15920
20210910,7호선,먹골,9940,9657,19597
20210910,7호선,어린이대공원,11985,11585,23570
20210910,7호선,논현,19206,20996,40202
20210910,7호선,청담,17985,19806,37791
20210910,7호선,강남구청,15669,17110,32779
20210910,7호선,학동,22024,23271,45295
20210910,7호선,하계,16899,15834,32733
20210910,7호선,뚝섬유원지,9394,9111,18505
20210910,7호선,중계,13747,12369,26116
20210910,7호선,건대입구,11581,11909,23490
20210910,7호선,마들,12532,11813,24345
20210910,7호선,수락산,12703,12541,25244
20210910,7호선,도봉산,8771,10241,19012
20210910,7호선,장암,2143,980,3123
20210910,7호선,군자,14125,11523,25648
20210910,7호선,중곡,10163,9324,19487
20210910,7호선,용마산,5990,5777,11767
20210910,7호선,사가정,15944,16067,32011
20210910,7호선,면목,15233,14863,30096
20210910,7호선,상봉,16424,15711,32135
20210910,7호선,반포,5814,5505,11319
20210910,7호선,노원,19085,20498,39583
20210910,7호선,고속터미널,15148,13015,28163
20210910,7호선,중화,10740,10480,21220
20210910,7호선,이수,15080,14807,29887
20210910,7호선,부평구청,7379,6626,14005
20210910,7호선,굴포천,8728,9195,17923
20210910,7호선,삼산체육관,5257,4786,10043
20210910,7호선,상동,12591,13425,26016
20210910,7호선,부천시청,12471,12584,25055
20210910,7호선,신중동,13714,14049,27763
20210910,7호선,춘의,9533,9340,18873
20210910,7호선,부천종합운동장,4800,4336,9136
20210910,7호선,까치울,7733,7512,15245
20210910,7호선,온수,10150,9140,19290
20210910,7호선,천왕,11023,10539,21562
20210910,7호선,내방,14055,14126,28181
20210910,7호선,철산,20684,21553,42237
20210910,7호선,가산디지털단지,43098,42785,85883
20210910,7호선,남구로,15088,15985,31073
20210910,7호선,대림,7363,7484,14847
20210910,7호선,신풍,11186,10644,21830
20210910,7호선,보라매,9569,9228,18797
20210910,7호선,신대방삼거리,15969,15112,31081
20210910,7호선,장승배기,9268,9151,18419
20210910,7호선,상도,10353,9869,20222
20210910,7호선,숭실대입구,11888,11916,23804
20210910,7호선,남성,10854,9885,20739
20210910,7호선,광명사거리,22163,21667,43830
20210911,7호선,대림,6330,6653,12983
20210911,7호선,신풍,7579,7137,14716
20210911,7호선,보라매,6163,5922,12085
20210911,7호선,신대방삼거리,10657,10023,20680
20210911,7호선,이수,10677,10009,20686
20210911,7호선,상도,6928,6434,13362
20210911,7호선,숭실대입구,7801,7806,15607
20210911,7호선,남성,7146,6467,13613
20210911,7호선,남구로,7679,7987,15666
20210911,7호선,장승배기,6244,6075,12319
20210911,7호선,가산디지털단지,13597,12278,25875
20210911,7호선,부천종합운동장,3066,2799,5865
20210911,7호선,광명사거리,15720,15768,31488
20210911,7호선,천왕,6420,6043,12463
20210911,7호선,온수,5403,5241,10644
20210911,7호선,까치울,5146,5159,10305
20210911,7호선,춘의,4836,4639,9475
20210911,7호선,신중동,9048,8944,17992
20210911,7호선,부천시청,9022,8900,17922
20210911,7호선,상동,9696,9815,19511
20210911,7호선,삼산체육관,3347,3047,6394
20210911,7호선,굴포천,6042,6204,12246
20210911,7호선,내방,7516,7284,14800
20210911,7호선,철산,14220,14252,28472
20210911,7호선,고속터미널,11630,9411,21041
20210911,7호선,부평구청,4651,4062,8713
20210911,7호선,논현,10496,11282,21778
20210911,7호선,건대입구,9550,9879,19429
20210911,7호선,장암,1591,1153,2744
20210911,7호선,도봉산,6152,8630,14782
20210911,7호선,수락산,9786,9475,19261
20210911,7호선,마들,8350,7812,16162
20210911,7호선,노원,14465,14994,29459
20210911,7호선,중계,8674,7808,16482
20210911,7호선,하계,11186,10235,21421
20210911,7호선,공릉,8091,7954,16045
20210911,7호선,태릉입구,6084,5683,11767
20210911,7호선,먹골,7170,6941,14111
20210911,7호선,반포,4090,3993,8083
20210911,7호선,상봉,11917,11405,23322
20210911,7호선,면목,10427,10272,20699
20210911,7호선,사가정,11781,11395,23176
20210911,7호선,용마산,4213,4420,8633
20210911,7호선,중곡,6565,6080,12645
20210911,7호선,군자,9803,7628,17431
20210911,7호선,어린이대공원,9190,8908,18098
20210911,7호선,뚝섬유원지,10839,9972,20811
20210911,7호선,청담,9787,10621,20408
20210911,7호선,강남구청,8932,9787,18719
20210911,7호선,학동,9050,9428,18478
20210911,7호선,중화,7404,6985,14389
20210912,7호선,대림,6116,5749,11865
20210912,7호선,신풍,5442,5189,10631
20210912,7호선,보라매,4219,4219,8438
20210912,7호선,신대방삼거리,7315,7240,14555
20210912,7호선,이수,7444,7245,14689
20210912,7호선,상도,4789,4760,9549
20210912,7호선,숭실대입구,5306,5618,10924
20210912,7호선,남성,4943,4821,9764
20210912,7호선,남구로,5929,5800,11729
20210912,7호선,장승배기,4506,4488,8994
20210912,7호선,가산디지털단지,9691,8961,18652
20210912,7호선,부천종합운동장,2269,2042,4311
20210912,7호선,광명사거리,11311,11199,22510
20210912,7호선,천왕,4431,4253,8684
20210912,7호선,온수,3464,3552,7016
20210912,7호선,까치울,3797,3822,7619
20210912,7호선,춘의,3220,3115,6335
20210912,7호선,신중동,6182,6120,12302
20210912,7호선,부천시청,6226,5974,12200
20210912,7호선,상동,6324,6191,12515
20210912,7호선,삼산체육관,2630,2422,5052
20210912,7호선,굴포천,4212,4193,8405
20210912,7호선,내방,4702,4874,9576
20210912,7호선,철산,9491,9491,18982
20210912,7호선,부평구청,3256,3071,6327
20210912,7호선,고속터미널,10189,6815,17004
20210912,7호선,논현,5715,6064,11779
20210912,7호선,반포,2509,2510,5019
20210912,7호선,장암,1445,1056,2501
20210912,7호선,도봉산,5145,7469,12614
20210912,7호선,수락산,8000,7934,15934
20210912,7호선,마들,5495,5028,10523
20210912,7호선,노원,10152,10282,20434
20210912,7호선,중계,6077,5591,11668
20210912,7호선,공릉,5874,6015,11889
20210912,7호선,태릉입구,4681,4347,9028
20210912,7호선,먹골,4901,4670,9571
20210912,7호선,중화,5463,5202,10665
20210912,7호선,하계,8046,7461,15507
20210912,7호선,면목,7355,7333,14688
20210912,7호선,상봉,8326,7823,16149
20210912,7호선,강남구청,5062,5608,10670
20210912,7호선,청담,6067,6329,12396
20210912,7호선,뚝섬유원지,8968,7918,16886
20210912,7호선,건대입구,6775,6881,13656
20210912,7호선,학동,4934,5224,10158
20210912,7호선,군자,6950,5485,12435
20210912,7호선,중곡,4541,4493,9034
20210912,7호선,용마산,3238,3641,6879
20210912,7호선,사가정,8366,7926,16292
20210912,7호선,어린이대공원,6579,6543,13122
20210913,7호선,남구로,15711,16348,32059
20210913,7호선,신중동,13644,13731,27375
20210913,7호선,춘의,9638,9749,19387
20210913,7호선,부천종합운동장,4814,4207,9021
20210913,7호선,까치울,7576,7302,14878
20210913,7호선,온수,10497,9435,19932
20210913,7호선,천왕,11089,10630,21719
20210913,7호선,광명사거리,21711,21441,43152
20210913,7호선,철산,20345,20802,41147
20210913,7호선,가산디지털단지,45253,45179,90432
20210913,7호선,대림,7518,7333,14851
20210913,7호선,부천시청,12256,12066,24322
20210913,7호선,보라매,9680,9684,19364
20210913,7호선,신대방삼거리,15867,15401,31268
20210913,7호선,장승배기,9297,9098,18395
20210913,7호선,상도,10011,9965,19976
20210913,7호선,숭실대입구,11470,11938,23408
20210913,7호선,남성,10633,9909,20542
20210913,7호선,이수,14702,14375,29077
20210913,7호선,내방,14160,14432,28592
20210913,7호선,고속터미널,14548,12238,26786
20210913,7호선,반포,5587,5313,10900
20210913,7호선,논현,19474,20974,40448
20210913,7호선,신풍,11260,10801,22061
20210913,7호선,상동,12249,12768,25017
20210913,7호선,학동,23172,24388,47560
20210913,7호선,굴포천,8667,9190,17857
20210913,7호선,강남구청,15241,16455,31696
20210913,7호선,청담,17939,19773,37712
20210913,7호선,뚝섬유원지,8194,8025,16219
20210913,7호선,어린이대공원,11154,11042,22196
20210913,7호선,군자,13903,11462,25365
20210913,7호선,중곡,10016,9266,19282
20210913,7호선,용마산,5870,5816,11686
20210913,7호선,사가정,15840,15748,31588
20210913,7호선,면목,14795,14551,29346
20210913,7호선,상봉,16143,15373,31516
20210913,7호선,중화,10780,10541,21321
20210913,7호선,삼산체육관,5248,4809,10057
20210913,7호선,태릉입구,8017,7521,15538
20210913,7호선,부평구청,7334,6591,13925
20210913,7호선,건대입구,11225,11603,22828
20210913,7호선,장암,2277,900,3177
20210913,7호선,도봉산,8743,10039,18782
20210913,7호선,수락산,12309,12213,24522
20210913,7호선,먹골,9656,9416,19072
20210913,7호선,노원,18288,19319,37607
20210913,7호선,중계,13680,12633,26313
20210913,7호선,하계,16719,15795,32514
20210913,7호선,공릉,11174,11272,22446
20210913,7호선,마들,12151,11609,23760
20210914,7호선,남구로,15589,16603,32192
20210914,7호선,이수,14898,14587,29485
20210914,7호선,남성,10796,10040,20836
20210914,7호선,숭실대입구,11621,11876,23497
20210914,7호선,상도,10322,9901,20223
20210914,7호선,장승배기,9369,9181,18550
20210914,7호선,신대방삼거리,15886,15236,31122
20210914,7호선,보라매,9644,9769,19413
20210914,7호선,신풍,11249,10849,22098
20210914,7호선,대림,7409,7483,14892
20210914,7호선,가산디지털단지,45151,45181,90332
20210914,7호선,부천종합운동장,4754,4121,8875
20210914,7호선,광명사거리,21933,21579,43512
20210914,7호선,천왕,11340,10807,22147
20210914,7호선,온수,10392,9365,19757
20210914,7호선,까치울,7569,7369,14938
20210914,7호선,내방,14222,14476,28698
20210914,7호선,춘의,9699,9557,19256
20210914,7호선,신중동,13588,13845,27433
20210914,7호선,부천시청,12384,12210,24594
20210914,7호선,상동,12228,12849,25077
20210914,7호선,삼산체육관,5204,4821,10025
20210914,7호선,굴포천,8692,9164,17856
20210914,7호선,철산,20462,20976,41438
20210914,7호선,고속터미널,14174,12452,26626
20210914,7호선,부평구청,7268,6607,13875
20210914,7호선,논현,19731,21437,41168
20210914,7호선,장암,2289,937,3226
20210914,7호선,도봉산,8766,10191,18957
20210914,7호선,수락산,12646,12414,25060
20210914,7호선,마들,12313,11610,23923
20210914,7호선,노원,18345,19272,37617
20210914,7호선,중계,13769,12825,26594
20210914,7호선,하계,16998,15845,32843
20210914,7호선,공릉,11256,11261,22517
20210914,7호선,태릉입구,7904,7612,15516
20210914,7호선,먹골,9627,9526,19153
20210914,7호선,중화,10781,10592,21373
20210914,7호선,반포,5632,5368,11000
20210914,7호선,면목,14840,14612,29452
20210914,7호선,사가정,15873,15793,31666
20210914,7호선,용마산,5972,5757,11729
20210914,7호선,중곡,10032,9324,19356
20210914,7호선,군자,13978,11622,25600
20210914,7호선,어린이대공원,11618,11421,23039
20210914,7호선,건대입구,11305,11637,22942
20210914,7호선,뚝섬유원지,8650,8358,17008
20210914,7호선,청담,18445,20231,38676
20210914,7호선,강남구청,16068,17459,33527
20210914,7호선,학동,23389,24430,47819
20210914,7호선,상봉,16317,15354,31671
20210915,7호선,대림,7394,7382,14776
20210915,7호선,신풍,11381,10998,22379
20210915,7호선,보라매,9925,9751,19676
20210915,7호선,신대방삼거리,16084,15420,31504
20210915,7호선,이수,15127,14871,29998
20210915,7호선,상도,10439,9998,20437
20210915,7호선,숭실대입구,11985,12270,24255
20210915,7호선,남성,10938,10197,21135
20210915,7호선,남구로,15808,16616,32424
20210915,7호선,장승배기,9469,9237,18706
20210915,7호선,가산디지털단지,45452,45447,90899
20210915,7호선,부천종합운동장,4725,4181,8906
20210915,7호선,광명사거리,22160,21784,43944
20210915,7호선,천왕,11554,10987,22541
20210915,7호선,온수,10496,9365,19861
20210915,7호선,까치울,7783,7453,15236
20210915,7호선,춘의,9691,9571,19262
20210915,7호선,신중동,13823,13880,27703
20210915,7호선,부천시청,12507,12651,25158
20210915,7호선,상동,12508,13087,25595
20210915,7호선,삼산체육관,5375,4935,10310
20210915,7호선,굴포천,8766,9262,18028
20210915,7호선,내방,14423,14769,29192
20210915,7호선,철산,20888,21550,42438
20210915,7호선,부평구청,7489,6701,14190
20210915,7호선,고속터미널,13995,12430,26425
20210915,7호선,논현,20077,21387,41464
20210915,7호선,반포,5864,5608,11472
20210915,7호선,장암,2304,913,3217
20210915,7호선,도봉산,8931,10286,19217
20210915,7호선,수락산,12750,12613,25363
20210915,7호선,마들,12662,12134,24796
20210915,7호선,노원,18652,19747,38399
20210915,7호선,중계,13926,12930,26856
20210915,7호선,공릉,11524,11402,22926
20210915,7호선,태릉입구,8079,7734,15813
20210915,7호선,먹골,9824,9695,19519
20210915,7호선,중화,10815,10663,21478
20210915,7호선,하계,17708,16776,34484
20210915,7호선,면목,15197,14967,30164
20210915,7호선,상봉,16488,15650,32138
20210915,7호선,강남구청,16224,17587,33811
20210915,7호선,청담,18929,20567,39496
20210915,7호선,뚝섬유원지,9192,9020,18212
20210915,7호선,건대입구,11586,11902,23488
20210915,7호선,학동,23876,24809,48685
20210915,7호선,군자,14329,11808,26137
20210915,7호선,중곡,10129,9437,19566
20210915,7호선,용마산,6081,5929,12010
20210915,7호선,사가정,15990,15977,31967
20210915,7호선,어린이대공원,11885,11602,23487
20210916,7호선,이수,15159,14508,29667
20210916,7호선,남구로,15653,16738,32391
20210916,7호선,남성,10766,9922,20688
20210916,7호선,숭실대입구,11883,11940,23823
20210916,7호선,상도,10428,9886,20314
20210916,7호선,장승배기,9330,8992,18322
20210916,7호선,신대방삼거리,16111,15345,31456
20210916,7호선,보라매,9692,9704,19396
20210916,7호선,신풍,11495,10904,22399
20210916,7호선,대림,7565,7563,15128
20210916,7호선,가산디지털단지,45083,44920,90003
20210916,7호선,부천종합운동장,4633,4172,8805
20210916,7호선,광명사거리,22259,21911,44170
20210916,7호선,천왕,11382,10866,22248
20210916,7호선,온수,10471,9439,19910
20210916,7호선,까치울,7633,7228,14861
20210916,7호선,춘의,9671,9510,19181
20210916,7호선,신중동,13632,13757,27389
20210916,7호선,부천시청,12487,12399,24886
20210916,7호선,상동,12280,13122,25402
20210916,7호선,삼산체육관,5234,4814,10048
20210916,7호선,굴포천,8800,9217,18017
20210916,7호선,부평구청,7346,6531,13877
20210916,7호선,철산,20733,21334,42067
20210916,7호선,내방,14485,14638,29123
20210916,7호선,고속터미널,13847,13103,26950
20210916,7호선,논현,19820,21499,41319
20210916,7호선,장암,2294,987,3281
20210916,7호선,도봉산,8950,10492,19442
20210916,7호선,수락산,12710,12537,25247
20210916,7호선,마들,12677,12056,24733
20210916,7호선,노원,18509,19645,38154
20210916,7호선,중계,14056,12744,26800
20210916,7호선,하계,17279,16038,33317
20210916,7호선,공릉,11617,11249,22866
20210916,7호선,태릉입구,8169,7804,15973
20210916,7호선,먹골,9812,9484,19296
20210916,7호선,중화,10734,10558,21292
20210916,7호선,반포,5817,5534,11351
20210916,7호선,면목,15191,15002,30193
20210916,7호선,사가정,15884,15991,31875
20210916,7호선,용마산,6005,5897,11902
20210916,7호선,중곡,10284,9559,19843
20210916,7호선,군자,14327,11695,26022
20210916,7호선,어린이대공원,12059,11758,23817
20210916,7호선,건대입구,11730,11976,23706
20210916,7호선,뚝섬유원지,8915,8606,17521
20210916,7호선,청담,18760,20686,39446
20210916,7호선,강남구청,15987,17316,33303
20210916,7호선,학동,23536,24779,48315
20210916,7호선,상봉,16452,15767,32219
20210917,7호선,대림,8363,8488,16851
20210917,7호선,신풍,11573,10765,22338
20210917,7호선,보라매,9808,9361,19169
20210917,7호선,신대방삼거리,16359,15024,31383
20210917,7호선,이수,15453,14890,30343
20210917,7호선,상도,10627,9874,20501
20210917,7호선,숭실대입구,12084,11510,23594
20210917,7호선,남성,10924,9736,20660
20210917,7호선,남구로,15487,16332,31819
20210917,7호선,장승배기,9507,9083,18590
20210917,7호선,가산디지털단지,42825,41503,84328
20210917,7호선,부천종합운동장,4587,4016,8603
20210917,7호선,광명사거리,23116,22916,46032
20210917,7호선,천왕,11324,10618,21942
20210917,7호선,온수,10240,9204,19444
20210917,7호선,까치울,7701,7484,15185
20210917,7호선,춘의,9441,9350,18791
20210917,7호선,신중동,13991,14055,28046
20210917,7호선,부천시청,12958,12993,25951
20210917,7호선,상동,12605,13462,26067
20210917,7호선,삼산체육관,5268,4877,10145
20210917,7호선,굴포천,8794,9336,18130
20210917,7호선,내방,14078,14243,28321
20210917,7호선,철산,21436,22240,43676
20210917,7호선,고속터미널,15471,16340,31811
20210917,7호선,부평구청,7393,6724,14117
20210917,7호선,논현,19328,20854,40182
20210917,7호선,장암,2183,965,3148
20210917,7호선,도봉산,8812,10086,18898
20210917,7호선,수락산,12936,12509,25445
20210917,7호선,마들,12574,11903,24477
20210917,7호선,노원,19721,21475,41196
20210917,7호선,중계,13984,12551,26535
20210917,7호선,하계,17477,16115,33592
20210917,7호선,공릉,12285,11562,23847
20210917,7호선,태릉입구,8206,7731,15937
20210917,7호선,먹골,10309,9842,20151
20210917,7호선,중화,10984,10473,21457
20210917,7호선,반포,6051,5708,11759
20210917,7호선,면목,15509,15015,30524
20210917,7호선,사가정,16105,16059,32164
20210917,7호선,용마산,6094,5732,11826
20210917,7호선,중곡,10373,9389,19762
20210917,7호선,군자,14627,11509,26136
20210917,7호선,어린이대공원,12267,11448,23715
20210917,7호선,건대입구,12252,12424,24676
20210917,7호선,뚝섬유원지,10129,9828,19957
20210917,7호선,청담,17737,19614,37351
20210917,7호선,강남구청,15870,17155,33025
20210917,7호선,학동,21861,23097,44958
20210917,7호선,상봉,16739,16001,32740
20210918,7호선,대림,7350,7565,14915
20210918,7호선,신풍,7162,6588,13750
20210918,7호선,보라매,5168,4734,9902
20210918,7호선,신대방삼거리,10036,8649,18685
20210918,7호선,이수,10071,9055,19126
20210918,7호선,상도,6534,5435,11969
20210918,7호선,숭실대입구,6945,6334,13279
20210918,7호선,남성,6695,5762,12457
20210918,7호선,남구로,7690,7703,15393
20210918,7호선,장승배기,6067,5516,11583
20210918,7호선,가산디지털단지,12187,10664,22851
20210918,7호선,부천종합운동장,2775,2492,5267
20210918,7호선,광명사거리,15971,15790,31761
20210918,7호선,천왕,6225,5822,12047
20210918,7호선,온수,5055,4801,9856
20210918,7호선,까치울,4636,4580,9216
20210918,7호선,춘의,4475,4277,8752
20210918,7호선,신중동,8271,8034,16305
20210918,7호선,부천시청,8522,8389,16911
20210918,7호선,상동,8410,8838,17248
20210918,7호선,삼산체육관,3009,2723,5732
20210918,7호선,굴포천,5582,5643,11225
20210918,7호선,내방,6765,6652,13417
20210918,7호선,철산,13027,13014,26041
20210918,7호선,부평구청,4207,3957,8164
20210918,7호선,고속터미널,9293,11644,20937
20210918,7호선,논현,9187,10085,19272
20210918,7호선,반포,3731,3590,7321
20210918,7호선,장암,1489,1164,2653
20210918,7호선,도봉산,5789,8052,13841
20210918,7호선,수락산,9418,9131,18549
20210918,7호선,마들,8083,7478,15561
20210918,7호선,노원,14001,14616,28617
20210918,7호선,중계,8196,7108,15304
20210918,7호선,공릉,7647,7018,14665
20210918,7호선,태릉입구,5606,5000,10606
20210918,7호선,먹골,6911,6319,13230
20210918,7호선,중화,6740,6216,12956
20210918,7호선,하계,10766,9674,20440
20210918,7호선,면목,10210,9697,19907
20210918,7호선,상봉,11392,10681,22073
20210918,7호선,강남구청,7081,7559,14640
20210918,7호선,청담,8336,8818,17154
20210918,7호선,뚝섬유원지,10192,9253,19445
20210918,7호선,건대입구,8885,8656,17541
20210918,7호선,학동,7006,7226,14232
20210918,7호선,군자,9258,6710,15968
20210918,7호선,중곡,6036,5598,11634
20210918,7호선,용마산,3802,3857,7659
20210918,7호선,사가정,10861,10398,21259
20210918,7호선,어린이대공원,7951,6815,14766
20210919,7호선,용마산,2830,3033,5863
20210919,7호선,논현,5154,5388,10542
20210919,7호선,학동,3442,3353,6795
20210919,7호선,강남구청,3768,3879,7647
20210919,7호선,청담,4468,4699,9167
20210919,7호선,뚝섬유원지,7755,6818,14573
20210919,7호선,건대입구,6126,5906,12032
20210919,7호선,어린이대공원,5925,5063,10988
20210919,7호선,군자,6331,4400,10731
20210919,7호선,중곡,4350,4026,8376
20210919,7호선,사가정,8129,7624,15753
20210919,7호선,반포,2385,2376,4761
20210919,7호선,상봉,8013,7356,15369
20210919,7호선,중화,4890,4585,9475
20210919,7호선,먹골,4700,4357,9057
20210919,7호선,태릉입구,4012,3542,7554
20210919,7호선,공릉,5465,5085,10550
20210919,7호선,하계,7743,7080,14823
20210919,7호선,중계,5853,5228,11081
20210919,7호선,노원,9220,9650,18870
20210919,7호선,마들,5229,4711,9940
20210919,7호선,수락산,7034,6927,13961
20210919,7호선,도봉산,4499,6646,11145
20210919,7호선,면목,7358,7103,14461
20210919,7호선,고속터미널,7106,8420,15526
20210919,7호선,장암,1153,882,2035
20210919,7호선,이수,6596,6007,12603
20210919,7호선,철산,8982,9060,18042
20210919,7호선,광명사거리,12012,12019,24031
20210919,7호선,부평구청,3051,2789,5840
20210919,7호선,굴포천,3998,4280,8278
20210919,7호선,삼산체육관,2133,2076,4209
20210919,7호선,상동,5780,5789,11569
20210919,7호선,부천시청,5866,5715,11581
20210919,7호선,신중동,5608,5674,11282
20210919,7호선,춘의,3081,2886,5967
20210919,7호선,부천종합운동장,1995,1835,3830
20210919,7호선,까치울,3343,3396,6739
20210919,7호선,내방,4259,4035,8294
20210919,7호선,천왕,4449,4113,8562
20210919,7호선,남성,4448,3886,8334
20210919,7호선,숭실대입구,4786,4406,9192
20210919,7호선,상도,4440,3788,8228
20210919,7호선,장승배기,4148,3854,8002
20210919,7호선,신대방삼거리,6664,5850,12514
20210919,7호선,온수,3608,3501,7109
20210919,7호선,신풍,5062,4742,9804
20210919,7호선,대림,7130,6942,14072
20210919,7호선,남구로,6070,5931,12001
20210919,7호선,가산디지털단지,9521,8011,17532
20210919,7호선,보라매,3343,3021,6364
20210920,7호선,가산디지털단지,8072,6928,15000
20210920,7호선,이수,5225,4685,9910
20210920,7호선,남성,3609,3231,6840
20210920,7호선,숭실대입구,3836,3544,7380
20210920,7호선,상도,3371,2930,6301
20210920,7호선,신대방삼거리,5503,4903,10406
20210920,7호선,보라매,2753,2494,5247
20210920,7호선,신풍,4217,4026,8243
20210920,7호선,대림,6883,6792,13675
20210920,7호선,남구로,5580,5506,11086
20210920,7호선,철산,7315,7252,14567
20210920,7호선,춘의,2685,2695,5380
20210920,7호선,천왕,3578,3456,7034
20210920,7호선,온수,2937,2915,5852
20210920,7호선,까치울,2701,2778,5479
20210920,7호선,부천종합운동장,1900,1757,3657
20210920,7호선,내방,3456,3108,6564
20210920,7호선,신중동,4098,3966,8064
20210920,7호선,부천시청,4464,4306,8770
20210920,7호선,상동,4531,4572,9103
20210920,7호선,삼산체육관,1626,1558,3184
20210920,7호선,굴포천,3309,3510,6819
20210920,7호선,부평구청,2575,2435,5010
20210920,7호선,광명사거리,10353,10656,21009
20210920,7호선,고속터미널,7411,6107,13518
20210920,7호선,장승배기,3419,3132,6551
20210920,7호선,논현,3970,3879,7849
20210920,7호선,반포,2067,2042,4109
20210920,7호선,장암,786,635,1421
20210920,7호선,도봉산,3454,4954,8408
20210920,7호선,수락산,5427,5528,10955
20210920,7호선,마들,4717,4333,9050
20210920,7호선,노원,6581,7048,13629
20210920,7호선,중계,4908,4411,9319
20210920,7호선,하계,6167,5712,11879
20210920,7호선,공릉,4215,4109,8324
20210920,7호선,태릉입구,3029,2804,5833
20210920,7호선,먹골,3764,3571,7335
20210920,7호선,중화,3922,3689,7611
20210920,7호선,사가정,6520,6307,12827
20210920,7호선,면목,5998,5902,11900
20210920,7호선,상봉,6315,6119,12434
20210920,7호선,강남구청,2758,2755,5513
20210920,7호선,청담,3588,3626,7214
20210920,7호선,뚝섬유원지,6723,6005,12728
20210920,7호선,학동,2577,2463,5040
20210920,7호선,어린이대공원,4859,4257,9116
20210920,7호선,군자,4974,3695,8669
20210920,7호선,중곡,3529,3304,6833
20210920,7호선,용마산,2298,2485,4783
20210920,7호선,건대입구,4657,4844,9501
20210921,7호선,이수,3701,3933,7634
20210921,7호선,가산디지털단지,5806,5505,11311
20210921,7호선,남성,2901,3160,6061
20210921,7호선,숭실대입구,2908,3671,6579
20210921,7호선,상도,2656,2992,5648
20210921,7호선,장승배기,2806,3118,5924
20210921,7호선,신대방삼거리,4315,4999,9314
20210921,7호선,보라매,2233,2378,4611
20210921,7호선,대림,5141,5180,10321
20210921,7호선,남구로,4876,5014,9890
20210921,7호선,철산,5765,5998,11763
20210921,7호선,춘의,2249,2254,4503
20210921,7호선,천왕,2748,2837,5585
20210921,7호선,온수,2436,2504,4940
20210921,7호선,까치울,2290,2438,4728
20210921,7호선,부천종합운동장,1547,1309,2856
20210921,7호선,신중동,3333,3541,6874
20210921,7호선,부천시청,3155,3295,6450
20210921,7호선,상동,3294,3174,6468
20210921,7호선,삼산체육관,1514,1334,2848
20210921,7호선,굴포천,2948,2960,5908
20210921,7호선,부평구청,2316,2002,4318
20210921,7호선,내방,2327,2598,4925
20210921,7호선,광명사거리,7347,7347,14694
20210921,7호선,고속터미널,14623,3875,18498
20210921,7호선,노원,5031,5458,10489
20210921,7호선,논현,2612,3014,5626
20210921,7호선,반포,1252,1077,2329
20210921,7호선,장암,712,409,1121
20210921,7호선,도봉산,2896,3640,6536
20210921,7호선,수락산,4391,4170,8561
20210921,7호선,마들,4227,4140,8367
20210921,7호선,중계,4463,4260,8723
20210921,7호선,하계,4941,4775,9716
20210921,7호선,공릉,3434,3827,7261
20210921,7호선,태릉입구,2611,2517,5128
20210921,7호선,먹골,3184,3243,6427
20210921,7호선,중화,3327,3443,6770
20210921,7호선,신풍,3540,3698,7238
20210921,7호선,면목,5077,5375,10452
20210921,7호선,상봉,5114,5116,10230
20210921,7호선,강남구청,1745,2104,3849
20210921,7호선,청담,2590,2693,5283
20210921,7호선,뚝섬유원지,5059,4718,9777
20210921,7호선,건대입구,3699,4116,7815
20210921,7호선,학동,1886,2059,3945
20210921,7호선,어린이대공원,3588,4276,7864
20210921,7호선,군자,4195,3781,7976
20210921,7호선,중곡,2830,3067,5897
20210921,7호선,용마산,1945,2150,4095
20210921,7호선,사가정,5315,5396,10711
20210922,7호선,내방,3815,4046,7861
20210922,7호선,건대입구,6177,6941,13118
20210922,7호선,뚝섬유원지,7364,6587,13951
20210922,7호선,광명사거리,9474,9318,18792
20210922,7호선,강남구청,3406,4002,7408
20210922,7호선,학동,3129,3578,6707
20210922,7호선,논현,4389,5001,9390
20210922,7호선,반포,2520,2192,4712
20210922,7호선,고속터미널,22658,6231,28889
20210922,7호선,어린이대공원,5143,6265,11408
20210922,7호선,이수,6079,6215,12294
20210922,7호선,보라매,3029,3496,6525
20210922,7호선,숭실대입구,4173,5250,9423
20210922,7호선,상도,3703,4301,8004
20210922,7호선,장승배기,3765,4075,7840
20210922,7호선,신대방삼거리,5703,6789,12492
20210922,7호선,신풍,4651,4637,9288
20210922,7호선,대림,5729,5398,11127
20210922,7호선,남구로,5497,5385,10882
20210922,7호선,가산디지털단지,8926,8942,17868
20210922,7호선,철산,8589,8535,17124
20210922,7호선,군자,5827,5501,11328
20210922,7호선,남성,4030,4409,8439
20210922,7호선,중곡,3864,4005,7869
20210922,7호선,청담,4128,4545,8673
20210922,7호선,용마산,2612,2864,5476
20210922,7호선,천왕,3833,3813,7646
20210922,7호선,온수,3116,3375,6491
20210922,7호선,까치울,3555,3425,6980
20210922,7호선,부천종합운동장,2245,1974,4219
20210922,7호선,춘의,3002,2677,5679
20210922,7호선,신중동,5362,5378,10740
20210922,7호선,부천시청,5860,5864,11724
20210922,7호선,상동,5689,5535,11224
20210922,7호선,삼산체육관,2235,1921,4156
20210922,7호선,굴포천,3971,3982,7953
20210922,7호선,부평구청,3123,2693,5816
20210922,7호선,장암,1100,755,1855
20210922,7호선,사가정,7145,7192,14337
20210922,7호선,수락산,6717,6469,13186
20210922,7호선,마들,5264,5218,10482
20210922,7호선,노원,9497,9963,19460
20210922,7호선,중계,5639,5158,10797
20210922,7호선,하계,7201,6962,14163
20210922,7호선,공릉,4841,5580,10421
20210922,7호선,태릉입구,3679,3964,7643
20210922,7호선,먹골,4281,4431,8712
20210922,7호선,중화,4482,4492,8974
20210922,7호선,상봉,7584,7437,15021
20210922,7호선,면목,6433,6547,12980
20210922,7호선,도봉산,4716,6196,10912
20210923,7호선,먹골,9365,9360,18725
20210923,7호선,태릉입구,7553,7216,14769
20210923,7호선,공릉,10631,11088,21719
20210923,7호선,하계,16104,15364,31468
20210923,7호선,도봉산,8512,9959,18471
20210923,7호선,노원,18229,19087,37316
20210923,7호선,마들,12021,11494,23515
20210923,7호선,수락산,11921,11886,23807
20210923,7호선,중화,10141,10068,20209
20210923,7호선,중계,12783,11761,24544
20210923,7호선,상봉,15077,14549,29626
20210923,7호선,어린이대공원,10765,11133,21898
20210923,7호선,사가정,14883,14995,29878
20210923,7호선,용마산,5659,5530,11189
20210923,7호선,중곡,9520,8899,18419
20210923,7호선,군자,12966,10979,23945
20210923,7호선,건대입구,10446,11013,21459
20210923,7호선,뚝섬유원지,8626,8367,16993
20210923,7호선,청담,17102,18691,35793
20210923,7호선,강남구청,15036,16348,31384
20210923,7호선,학동,21774,22860,44634
20210923,7호선,논현,18866,20195,39061
20210923,7호선,장암,2297,916,3213
20210923,7호선,면목,14231,14181,28412
20210923,7호선,부평구청,6855,6158,13013
20210923,7호선,반포,5302,5031,10333
20210923,7호선,삼산체육관,4978,4528,9506
20210923,7호선,고속터미널,17211,11651,28862
20210923,7호선,내방,13340,13444,26784
20210923,7호선,이수,13648,13714,27362
20210923,7호선,남성,9749,9378,19127
20210923,7호선,숭실대입구,10650,11271,21921
20210923,7호선,상도,9404,9478,18882
20210923,7호선,장승배기,8690,8662,17352
20210923,7호선,신대방삼거리,14607,14439,29046
20210923,7호선,보라매,8956,8917,17873
20210923,7호선,신풍,10578,10074,20652
20210923,7호선,대림,7362,7249,14611
20210923,7호선,굴포천,8260,8701,16961
20210923,7호선,가산디지털단지,41027,41041,82068
20210923,7호선,철산,19284,19653,38937
20210923,7호선,광명사거리,20164,19595,39759
20210923,7호선,천왕,10292,9979,20271
20210923,7호선,온수,9700,8722,18422
20210923,7호선,까치울,7165,6924,14089
20210923,7호선,부천종합운동장,4798,4228,9026
20210923,7호선,춘의,9066,8998,18064
20210923,7호선,신중동,13079,12975,26054
20210923,7호선,부천시청,11833,11656,23489
20210923,7호선,상동,11594,12240,23834
20210923,7호선,남구로,14908,15420,30328
20210924,7호선,대림,7323,7398,14721
20210924,7호선,신풍,11214,10802,22016
20210924,7호선,보라매,9416,9371,18787
20210924,7호선,신대방삼거리,15434,14931,30365
20210924,7호선,이수,14947,14727,29674
20210924,7호선,상도,10094,9648,19742
20210924,7호선,숭실대입구,11360,11588,22948
20210924,7호선,남성,10472,9754,20226
20210924,7호선,남구로,14887,15576,30463
20210924,7호선,장승배기,9296,9152,18448
20210924,7호선,가산디지털단지,42073,42031,84104
20210924,7호선,부천종합운동장,4966,4448,9414
20210924,7호선,광명사거리,21027,20623,41650
20210924,7호선,천왕,10814,10173,20987
20210924,7호선,온수,10001,8864,18865
20210924,7호선,까치울,7504,7309,14813
20210924,7호선,춘의,9321,9241,18562
20210924,7호선,신중동,13730,13941,27671
20210924,7호선,부천시청,12457,12320,24777
20210924,7호선,상동,12344,13124,25468
20210924,7호선,삼산체육관,5184,4631,9815
20210924,7호선,굴포천,8572,9088,17660
20210924,7호선,내방,13838,14079,27917
20210924,7호선,철산,20347,21168,41515
20210924,7호선,부평구청,7179,6435,13614
20210924,7호선,고속터미널,15760,12590,28350
20210924,7호선,논현,19588,21406,40994
20210924,7호선,반포,5723,5285,11008
20210924,7호선,장암,2251,973,3224
20210924,7호선,도봉산,8713,10148,18861
20210924,7호선,수락산,12598,12506,25104
20210924,7호선,마들,12486,11938,24424
20210924,7호선,노원,19408,20845,40253
20210924,7호선,중계,13362,12003,25365
20210924,7호선,공릉,11411,11564,22975
20210924,7호선,태릉입구,7870,7750,15620
20210924,7호선,먹골,9671,9379,19050
20210924,7호선,중화,10615,10453,21068
20210924,7호선,하계,16929,15836,32765
20210924,7호선,면목,14786,14608,29394
20210924,7호선,상봉,16153,15510,31663
20210924,7호선,강남구청,15652,17096,32748
20210924,7호선,청담,17682,19502,37184
20210924,7호선,뚝섬유원지,9936,9702,19638
20210924,7호선,건대입구,11416,11879,23295
20210924,7호선,학동,21953,23077,45030
20210924,7호선,군자,14035,11402,25437
20210924,7호선,중곡,9974,9293,19267
20210924,7호선,용마산,5808,5638,11446
20210924,7호선,사가정,15922,15728,31650
20210924,7호선,어린이대공원,11475,11509,22984
20210925,7호선,용마산,3944,4339,8283
20210925,7호선,논현,10339,11243,21582
20210925,7호선,학동,8578,8967,17545
20210925,7호선,강남구청,8827,9509,18336
20210925,7호선,청담,9685,10244,19929
20210925,7호선,뚝섬유원지,10233,9589,19822
20210925,7호선,건대입구,8974,9051,18025
20210925,7호선,어린이대공원,8099,8167,16266
20210925,7호선,군자,9579,7425,17004
20210925,7호선,중곡,6381,5970,12351
20210925,7호선,사가정,11022,10807,21829
20210925,7호선,장암,1574,1164,2738
20210925,7호선,상봉,11649,11271,22920
20210925,7호선,중화,7136,6802,13938
20210925,7호선,먹골,6942,6742,13684
20210925,7호선,태릉입구,6020,5576,11596
20210925,7호선,공릉,7534,7820,15354
20210925,7호선,하계,10663,9999,20662
20210925,7호선,중계,8355,7381,15736
20210925,7호선,노원,14370,14756,29126
20210925,7호선,마들,8071,7710,15781
20210925,7호선,수락산,9609,9502,19111
20210925,7호선,도봉산,6457,8899,15356
20210925,7호선,면목,10187,9886,20073
20210925,7호선,반포,3960,3579,7539
20210925,7호선,고속터미널,11313,8614,19927
20210925,7호선,이수,10661,9949,20610
20210925,7호선,부평구청,4543,4034,8577
20210925,7호선,굴포천,5661,5866,11527
20210925,7호선,삼산체육관,3245,2954,6199
20210925,7호선,상동,9250,9497,18747
20210925,7호선,부천시청,8641,8613,17254
20210925,7호선,신중동,8653,8489,17142
20210925,7호선,춘의,4658,4450,9108
20210925,7호선,부천종합운동장,3189,2886,6075
20210925,7호선,까치울,5191,5119,10310
20210925,7호선,온수,5151,4984,10135
20210925,7호선,천왕,6014,5848,11862
20210925,7호선,내방,7068,7002,14070
20210925,7호선,철산,13861,14024,27885
20210925,7호선,남성,6962,6545,13507
20210925,7호선,숭실대입구,7116,7283,14399
20210925,7호선,상도,6494,6113,12607
20210925,7호선,장승배기,6206,5956,12162
20210925,7호선,신대방삼거리,10074,9293,19367
20210925,7호선,광명사거리,14738,14649,29387
20210925,7호선,신풍,7201,7008,14209
20210925,7호선,대림,5750,5981,11731
20210925,7호선,남구로,7380,7635,15015
20210925,7호선,가산디지털단지,12892,11822,24714
20210925,7호선,보라매,5395,5300,10695
20210926,7호선,용마산,2872,3504,6376
20210926,7호선,논현,5824,6133,11957
20210926,7호선,학동,5072,5405,10477
20210926,7호선,강남구청,5219,5636,10855
20210926,7호선,청담,5648,6054,11702
20210926,7호선,뚝섬유원지,9300,8487,17787
20210926,7호선,건대입구,6184,6205,12389
20210926,7호선,어린이대공원,7342,7390,14732
20210926,7호선,군자,6730,5345,12075
20210926,7호선,중곡,4583,4401,8984
20210926,7호선,사가정,8279,7990,16269
20210926,7호선,공릉,5663,5990,11653
20210926,7호선,상봉,7926,7494,15420
20210926,7호선,중화,5060,4861,9921
20210926,7호선,먹골,5100,4968,10068
20210926,7호선,태릉입구,4326,4140,8466
20210926,7호선,반포,2500,2438,4938
20210926,7호선,하계,7857,7368,15225
20210926,7호선,중계,5958,5438,11396
20210926,7호선,노원,9654,9913,19567
20210926,7호선,마들,5261,4951,10212
20210926,7호선,수락산,8055,7891,15946
20210926,7호선,도봉산,5408,7860,13268
20210926,7호선,면목,7065,7020,14085
20210926,7호선,고속터미널,9576,6519,16095
20210926,7호선,장암,1463,1254,2717
20210926,7호선,이수,7139,6834,13973
20210926,7호선,부평구청,3184,2886,6070
20210926,7호선,굴포천,3990,3947,7937
20210926,7호선,삼산체육관,2264,2121,4385
20210926,7호선,상동,6075,5966,12041
20210926,7호선,부천시청,6038,5839,11877
20210926,7호선,신중동,5862,5763,11625
20210926,7호선,춘의,3080,2894,5974
20210926,7호선,부천종합운동장,2366,2188,4554
20210926,7호선,까치울,3923,3921,7844
20210926,7호선,온수,3406,3399,6805
20210926,7호선,천왕,4413,4220,8633
20210926,7호선,내방,4549,4660,9209
20210926,7호선,철산,9092,9248,18340
20210926,7호선,가산디지털단지,9004,8412,17416
20210926,7호선,남구로,5700,5615,11315
20210926,7호선,대림,5211,4926,10137
20210926,7호선,신풍,5356,5093,10449
20210926,7호선,보라매,3703,3680,7383
20210926,7호선,신대방삼거리,6980,6866,13846
20210926,7호선,장승배기,4361,4261,8622
20210926,7호선,상도,4713,4713,9426
20210926,7호선,숭실대입구,5011,5413,10424
20210926,7호선,남성,4773,4718,9491
20210926,7호선,광명사거리,10831,10662,21493
20210927,7호선,중곡,9982,9293,19275
20210927,7호선,군자,13965,11477,25442
20210927,7호선,어린이대공원,11196,11178,22374
20210927,7호선,건대입구,10837,11159,21996
20210927,7호선,논현,19800,21470,41270
20210927,7호선,청담,18324,19915,38239
20210927,7호선,강남구청,15482,16726,32208
20210927,7호선,학동,23511,24654,48165
20210927,7호선,용마산,5798,5785,11583
20210927,7호선,뚝섬유원지,7612,7474,15086
20210927,7호선,사가정,15645,15698,31343
20210927,7호선,공릉,11291,11413,22704
20210927,7호선,상봉,15867,15173,31040
20210927,7호선,중화,10748,10512,21260
20210927,7호선,먹골,9753,9537,19290
20210927,7호선,태릉입구,7900,7445,15345
20210927,7호선,하계,16956,16015,32971
20210927,7호선,중계,13907,13040,26947
20210927,7호선,노원,18555,19694,38249
20210927,7호선,마들,12437,11850,24287
20210927,7호선,수락산,12255,12309,24564
20210927,7호선,도봉산,9149,10337,19486
20210927,7호선,반포,5601,5315,10916
20210927,7호선,면목,14906,14943,29849
20210927,7호선,장암,2299,897,3196
20210927,7호선,고속터미널,14676,12333,27009
20210927,7호선,이수,14296,14274,28570
20210927,7호선,내방,14240,14358,28598
20210927,7호선,부평구청,7432,6535,13967
20210927,7호선,굴포천,8817,9224,18041
20210927,7호선,삼산체육관,5205,4784,9989
20210927,7호선,상동,12164,12746,24910
20210927,7호선,부천시청,12263,12192,24455
20210927,7호선,신중동,13841,13697,27538
20210927,7호선,부천종합운동장,5136,4490,9626
20210927,7호선,까치울,7627,7482,15109
20210927,7호선,온수,10487,9417,19904
20210927,7호선,천왕,11214,10758,21972
20210927,7호선,춘의,9717,9736,19453
20210927,7호선,철산,20445,21006,41451
20210927,7호선,광명사거리,21345,20868,42213
20210927,7호선,숭실대입구,11467,11886,23353
20210927,7호선,상도,10122,9987,20109
20210927,7호선,장승배기,9349,9262,18611
20210927,7호선,신대방삼거리,15606,15296,30902
20210927,7호선,남성,10631,9947,20578
20210927,7호선,신풍,11476,11012,22488
20210927,7호선,대림,7614,7459,15073
20210927,7호선,남구로,16010,16866,32876
20210927,7호선,가산디지털단지,46287,46231,92518
20210927,7호선,보라매,9582,9610,19192
20210928,7호선,사가정,15856,15827,31683
20210928,7호선,굴포천,8870,9354,18224
20210928,7호선,면목,15069,14936,30005
20210928,7호선,상봉,16041,15203,31244
20210928,7호선,중화,10749,10557,21306
20210928,7호선,먹골,9697,9677,19374
20210928,7호선,부천시청,12140,12027,24167
20210928,7호선,태릉입구,8032,7516,15548
20210928,7호선,상동,12236,12939,25175
20210928,7호선,삼산체육관,5168,4766,9934
20210928,7호선,부평구청,7429,6735,14164
20210928,7호선,수락산,12359,12494,24853
20210928,7호선,하계,17190,16382,33572
20210928,7호선,중계,13975,13053,27028
20210928,7호선,노원,18444,19311,37755
20210928,7호선,마들,12435,12006,24441
20210928,7호선,도봉산,9049,10505,19554
20210928,7호선,장암,2302,918,3220
20210928,7호선,신중동,13354,13426,26780
20210928,7호선,춘의,9711,9557,19268
20210928,7호선,부천종합운동장,4855,4305,9160
20210928,7호선,까치울,7590,7372,14962
20210928,7호선,온수,10439,9351,19790
20210928,7호선,공릉,11511,11423,22934
20210928,7호선,용마산,5980,5980,11960
20210928,7호선,중곡,10111,9607,19718
20210928,7호선,어린이대공원,11402,11317,22719
20210928,7호선,천왕,11236,10819,22055
20210928,7호선,광명사거리,21392,20998,42390
20210928,7호선,철산,20240,21003,41243
20210928,7호선,가산디지털단지,46433,45902,92335
20210928,7호선,남구로,15709,16671,32380
20210928,7호선,대림,7430,7429,14859
20210928,7호선,신풍,11481,11140,22621
20210928,7호선,보라매,9671,9650,19321
20210928,7호선,신대방삼거리,15854,15313,31167
20210928,7호선,장승배기,9138,9064,18202
20210928,7호선,상도,10173,9924,20097
20210928,7호선,군자,13983,11660,25643
20210928,7호선,남성,10748,10047,20795
20210928,7호선,이수,14728,14275,29003
20210928,7호선,내방,14272,14463,28735
20210928,7호선,고속터미널,14041,12168,26209
20210928,7호선,반포,5532,5337,10869
20210928,7호선,논현,19583,21193,40776
20210928,7호선,학동,23605,24743,48348
20210928,7호선,강남구청,16123,17467,33590
20210928,7호선,청담,18356,20367,38723
20210928,7호선,뚝섬유원지,7213,7180,14393
20210928,7호선,건대입구,11227,11423,22650
20210928,7호선,숭실대입구,11440,11870,23310
20210929,7호선,중곡,9721,9033,18754
20210929,7호선,군자,13616,11357,24973
20210929,7호선,어린이대공원,10962,10745,21707
20210929,7호선,건대입구,10954,11104,22058
20210929,7호선,논현,19225,20628,39853
20210929,7호선,청담,18097,20010,38107
20210929,7호선,강남구청,15920,17236,33156
20210929,7호선,학동,23460,24457,47917
20210929,7호선,용마산,5979,5682,11661
20210929,7호선,뚝섬유원지,6763,6725,13488
20210929,7호선,사가정,15157,15173,30330
20210929,7호선,공릉,10911,10930,21841
20210929,7호선,상봉,15306,14526,29832
20210929,7호선,중화,10598,10452,21050
20210929,7호선,먹골,9429,9247,18676
20210929,7호선,태릉입구,7746,7440,15186
20210929,7호선,하계,16637,15889,32526
20210929,7호선,중계,13529,12271,25800
20210929,7호선,노원,17441,18500,35941
20210929,7호선,마들,12107,11441,23548
20210929,7호선,수락산,11779,11621,23400
20210929,7호선,도봉산,8491,9517,18008
20210929,7호선,반포,5441,5219,10660
20210929,7호선,면목,14316,14233,28549
20210929,7호선,고속터미널,13518,11773,25291
20210929,7호선,장암,2074,749,2823
20210929,7호선,이수,14379,14185,28564
20210929,7호선,부평구청,7150,6480,13630
20210929,7호선,굴포천,8423,8988,17411
20210929,7호선,삼산체육관,5015,4554,9569
20210929,7호선,상동,12063,12622,24685
20210929,7호선,부천시청,11850,11800,23650
20210929,7호선,신중동,13196,13240,26436
20210929,7호선,춘의,9555,9501,19056
20210929,7호선,부천종합운동장,4510,4020,8530
20210929,7호선,까치울,7228,7022,14250
20210929,7호선,온수,10246,9327,19573
20210929,7호선,천왕,11005,10470,21475
20210929,7호선,내방,14124,14197,28321
20210929,7호선,철산,19904,20336,40240
20210929,7호선,가산디지털단지,45222,45270,90492
20210929,7호선,남구로,15644,16236,31880
20210929,7호선,대림,7251,7179,14430
20210929,7호선,신풍,10904,10370,21274
20210929,7호선,보라매,9116,9083,18199
20210929,7호선,신대방삼거리,15379,14753,30132
20210929,7호선,장승배기,8963,8801,17764
20210929,7호선,상도,9917,9694,19611
20210929,7호선,숭실대입구,11358,11501,22859
20210929,7호선,남성,10433,9737,20170
20210929,7호선,광명사거리,20480,20040,40520
20210930,7호선,대림,7299,7354,14653
20210930,7호선,신풍,11438,10902,22340
20210930,7호선,보라매,9466,9416,18882
20210930,7호선,신대방삼거리,15815,15223,31038
20210930,7호선,이수,14898,14498,29396
20210930,7호선,상도,10302,9959,20261
20210930,7호선,숭실대입구,11645,11702,23347
20210930,7호선,남성,10773,9891,20664
20210930,7호선,남구로,15607,16485,32092
20210930,7호선,장승배기,9281,8928,18209
20210930,7호선,가산디지털단지,44905,45176,90081
20210930,7호선,부천종합운동장,4874,4299,9173
20210930,7호선,광명사거리,21800,21293,43093
20210930,7호선,천왕,11357,10930,22287
20210930,7호선,온수,10756,9682,20438
20210930,7호선,까치울,7700,7404,15104
20210930,7호선,춘의,9739,9655,19394
20210930,7호선,신중동,13651,13799,27450
20210930,7호선,부천시청,12480,12319,24799
20210930,7호선,상동,12506,13200,25706
20210930,7호선,삼산체육관,5263,4840,10103
20210930,7호선,굴포천,8761,9234,17995
20210930,7호선,내방,14157,14412,28569
20210930,7호선,철산,20416,21018,41434
20210930,7호선,부평구청,7435,6695,14130
20210930,7호선,고속터미널,14027,12352,26379
20210930,7호선,논현,19709,21342,41051
20210930,7호선,반포,5702,5478,11180
20210930,7호선,장암,2281,939,3220
20210930,7호선,도봉산,9405,10828,20233
20210930,7호선,수락산,12601,12654,25255
20210930,7호선,마들,12612,11935,24547
20210930,7호선,노원,18363,19545,37908
20210930,7호선,중계,14005,12760,26765
20210930,7호선,공릉,11459,11262,22721
20210930,7호선,태릉입구,8122,7733,15855
20210930,7호선,먹골,9731,9522,19253
20210930,7호선,중화,10725,10603,21328
20210930,7호선,하계,17126,16178,33304
20210930,7호선,면목,15209,14911,30120
20210930,7호선,상봉,16327,15450,31777
20210930,7호선,강남구청,16086,17644,33730
20210930,7호선,청담,18616,20426,39042
20210930,7호선,뚝섬유원지,8914,8738,17652
20210930,7호선,건대입구,11537,11665,23202
20210930,7호선,학동,23323,24501,47824
20210930,7호선,군자,14094,11542,25636
20210930,7호선,중곡,10042,9469,19511
20210930,7호선,용마산,6062,5891,11953
20210930,7호선,사가정,15965,15745,31710
20210930,7호선,어린이대공원,11600,11434,23034
20211001,7호선,철산,20956,21506,42462
20211001,7호선,상동,13093,13657,26750
20211001,7호선,부천시청,12799,12722,25521
20211001,7호선,신중동,14154,14267,28421
20211001,7호선,춘의,9777,9720,19497
20211001,7호선,부천종합운동장,4840,4295,9135
20211001,7호선,까치울,7796,7595,15391
20211001,7호선,온수,10615,9468,20083
20211001,7호선,천왕,11294,10841,22135
20211001,7호선,광명사거리,22157,21676,43833
20211001,7호선,가산디지털단지,44558,43871,88429
20211001,7호선,삼산체육관,5360,4861,10221
20211001,7호선,신풍,11427,11120,22547
20211001,7호선,보라매,9749,9541,19290
20211001,7호선,신대방삼거리,15945,15231,31176
20211001,7호선,장승배기,9353,9069,18422
20211001,7호선,상도,10463,10080,20543
20211001,7호선,숭실대입구,12031,11923,23954
20211001,7호선,남성,10902,9983,20885
20211001,7호선,이수,15481,14947,30428
20211001,7호선,내방,14181,14361,28542
20211001,7호선,고속터미널,16110,13584,29694
20211001,7호선,반포,5859,5502,11361
20211001,7호선,대림,7482,7690,15172
20211001,7호선,굴포천,8934,9412,18346
20211001,7호선,남구로,15407,16406,31813
20211001,7호선,장암,2245,1038,3283
20211001,7호선,학동,22906,24028,46934
20211001,7호선,강남구청,15983,17553,33536
20211001,7호선,청담,18492,20492,38984
20211001,7호선,뚝섬유원지,10462,9686,20148
20211001,7호선,건대입구,11701,12342,24043
20211001,7호선,어린이대공원,12286,12104,24390
20211001,7호선,군자,14425,11696,26121
20211001,7호선,중곡,10208,9520,19728
20211001,7호선,용마산,6021,5882,11903
20211001,7호선,사가정,16024,16269,32293
20211001,7호선,면목,15341,15121,30462
20211001,7호선,논현,19955,21564,41519
20211001,7호선,상봉,16637,15821,32458
20211001,7호선,중화,11143,10725,21868
20211001,7호선,먹골,9846,9777,19623
20211001,7호선,태릉입구,8431,7996,16427
20211001,7호선,공릉,11955,11852,23807
20211001,7호선,하계,17374,16359,33733
20211001,7호선,중계,14098,12603,26701
20211001,7호선,노원,19623,20992,40615
20211001,7호선,마들,12655,12211,24866
20211001,7호선,수락산,12904,12736,25640
20211001,7호선,도봉산,9207,10694,19901
20211001,7호선,부평구청,7471,6690,14161
20211002,7호선,도봉산,6632,8968,15600
20211002,7호선,수락산,9592,9332,18924
20211002,7호선,마들,8438,7854,16292
20211002,7호선,노원,14487,15227,29714
20211002,7호선,먹골,7499,7289,14788
20211002,7호선,하계,12005,10952,22957
20211002,7호선,공릉,8269,8069,16338
20211002,7호선,태릉입구,6453,6012,12465
20211002,7호선,장암,1630,1125,2755
20211002,7호선,중계,8747,7772,16519
20211002,7호선,철산,13609,13664,27273
20211002,7호선,춘의,4866,4539,9405
20211002,7호선,천왕,6296,5908,12204
20211002,7호선,온수,5229,4954,10183
20211002,7호선,까치울,5376,5352,10728
20211002,7호선,부천종합운동장,3022,2745,5767
20211002,7호선,신중동,8950,8808,17758
20211002,7호선,부천시청,9004,8798,17802
20211002,7호선,상동,9686,10139,19825
20211002,7호선,삼산체육관,3471,3158,6629
20211002,7호선,굴포천,6001,6303,12304
20211002,7호선,부평구청,4656,4111,8767
20211002,7호선,중화,7320,6863,14183
20211002,7호선,광명사거리,15425,15227,30652
20211002,7호선,상봉,12224,11559,23783
20211002,7호선,면목,10405,10049,20454
20211002,7호선,사가정,11732,11018,22750
20211002,7호선,남구로,7496,7809,15305
20211002,7호선,대림,6307,6591,12898
20211002,7호선,신풍,7495,7057,14552
20211002,7호선,보라매,5518,5209,10727
20211002,7호선,신대방삼거리,10329,9511,19840
20211002,7호선,장승배기,6381,6003,12384
20211002,7호선,상도,6861,6330,13191
20211002,7호선,숭실대입구,8112,8013,16125
20211002,7호선,남성,7193,6549,13742
20211002,7호선,이수,11022,10350,21372
20211002,7호선,내방,7265,7084,14349
20211002,7호선,가산디지털단지,13508,12152,25660
20211002,7호선,반포,4061,3891,7952
20211002,7호선,논현,10390,11192,21582
20211002,7호선,학동,9188,9596,18784
20211002,7호선,강남구청,9337,10209,19546
20211002,7호선,청담,9840,10647,20487
20211002,7호선,뚝섬유원지,11238,10456,21694
20211002,7호선,건대입구,9466,9772,19238
20211002,7호선,어린이대공원,10287,10305,20592
20211002,7호선,군자,9777,7456,17233
20211002,7호선,중곡,6969,6637,13606
20211002,7호선,용마산,4032,4161,8193
20211002,7호선,고속터미널,12018,10069,22087
20211003,7호선,대림,5898,5574,11472
20211003,7호선,신풍,5524,5245,10769
20211003,7호선,보라매,4437,4412,8849
20211003,7호선,신대방삼거리,7311,6989,14300
20211003,7호선,이수,7730,7452,15182
20211003,7호선,상도,4933,4655,9588
20211003,7호선,숭실대입구,5290,5562,10852
20211003,7호선,남성,5097,4811,9908
20211003,7호선,남구로,6021,5806,11827
20211003,7호선,장승배기,4589,4416,9005
20211003,7호선,가산디지털단지,9839,8969,18808
20211003,7호선,부천종합운동장,2376,2107,4483
20211003,7호선,광명사거리,11455,11166,22621
20211003,7호선,천왕,4714,4413,9127
20211003,7호선,온수,3618,3666,7284
20211003,7호선,까치울,4107,4146,8253
20211003,7호선,춘의,3281,3074,6355
20211003,7호선,신중동,6281,6329,12610
20211003,7호선,부천시청,6664,6508,13172
20211003,7호선,상동,6693,6686,13379
20211003,7호선,삼산체육관,2494,2284,4778
20211003,7호선,굴포천,4421,4623,9044
20211003,7호선,내방,4712,4753,9465
20211003,7호선,철산,9684,9706,19390
20211003,7호선,고속터미널,9160,6490,15650
20211003,7호선,부평구청,3517,3062,6579
20211003,7호선,논현,5927,6343,12270
20211003,7호선,장암,1497,1186,2683
20211003,7호선,도봉산,5752,8467,14219
20211003,7호선,수락산,8392,8365,16757
20211003,7호선,마들,5669,5235,10904
20211003,7호선,노원,10151,10456,20607
20211003,7호선,중계,6449,5911,12360
20211003,7호선,하계,8498,7810,16308
20211003,7호선,공릉,6113,6296,12409
20211003,7호선,태릉입구,4770,4484,9254
20211003,7호선,먹골,5168,5031,10199
20211003,7호선,중화,5370,5147,10517
20211003,7호선,반포,2688,2725,5413
20211003,7호선,면목,7661,7588,15249
20211003,7호선,사가정,8799,8485,17284
20211003,7호선,용마산,3040,3442,6482
20211003,7호선,중곡,4817,4503,9320
20211003,7호선,군자,7244,5598,12842
20211003,7호선,어린이대공원,8276,8237,16513
20211003,7호선,건대입구,7256,7374,14630
20211003,7호선,뚝섬유원지,10482,9509,19991
20211003,7호선,청담,6134,6396,12530
20211003,7호선,강남구청,5449,6037,11486
20211003,7호선,학동,4970,5259,10229
20211003,7호선,상봉,8917,8551,17468
20211004,7호선,대림,5823,5670,11493
20211004,7호선,신풍,6436,6153,12589
20211004,7호선,보라매,4369,4342,8711
20211004,7호선,신대방삼거리,8644,8562,17206
20211004,7호선,이수,8796,8509,17305
20211004,7호선,상도,5704,5533,11237
20211004,7호선,숭실대입구,6368,6711,13079
20211004,7호선,남성,5934,5945,11879
20211004,7호선,남구로,7067,7329,14396
20211004,7호선,장승배기,5339,5336,10675
20211004,7호선,가산디지털단지,12701,12263,24964
20211004,7호선,부천종합운동장,2590,2359,4949
20211004,7호선,광명사거리,13460,13379,26839
20211004,7호선,천왕,5186,5132,10318
20211004,7호선,온수,4712,4461,9173
20211004,7호선,까치울,4616,4548,9164
20211004,7호선,춘의,5009,5014,10023
20211004,7호선,신중동,7412,7400,14812
20211004,7호선,부천시청,7562,7430,14992
20211004,7호선,상동,7366,7324,14690
20211004,7호선,삼산체육관,2734,2449,5183
20211004,7호선,굴포천,5216,5232,10448
20211004,7호선,내방,6183,6283,12466
20211004,7호선,철산,11292,11533,22825
20211004,7호선,고속터미널,10827,7456,18283
20211004,7호선,부평구청,3836,3421,7257
20211004,7호선,논현,8932,9806,18738
20211004,7호선,장암,1239,735,1974
20211004,7호선,도봉산,5161,6581,11742
20211004,7호선,수락산,7871,7759,15630
20211004,7호선,마들,6740,6517,13257
20211004,7호선,노원,12199,12150,24349
20211004,7호선,중계,6993,6594,13587
20211004,7호선,하계,8885,8513,17398
20211004,7호선,공릉,6767,6833,13600
20211004,7호선,태릉입구,5094,4789,9883
20211004,7호선,먹골,5935,5828,11763
20211004,7호선,중화,6198,6038,12236
20211004,7호선,반포,3465,3352,6817
20211004,7호선,면목,9507,9366,18873
20211004,7호선,사가정,9665,9641,19306
20211004,7호선,용마산,3400,3651,7051
20211004,7호선,중곡,5628,5634,11262
20211004,7호선,군자,8415,6898,15313
20211004,7호선,어린이대공원,7322,7259,14581
20211004,7호선,건대입구,9004,8947,17951
20211004,7호선,뚝섬유원지,5179,4905,10084
20211004,7호선,청담,8099,8732,16831
20211004,7호선,강남구청,6445,7031,13476
20211004,7호선,학동,7763,8266,16029
20211004,7호선,상봉,10163,9771,19934
20211005,7호선,대림,7605,7706,15311
20211005,7호선,신풍,11560,11170,22730
20211005,7호선,보라매,9798,9753,19551
20211005,7호선,신대방삼거리,15939,15549,31488
20211005,7호선,이수,14998,14695,29693
20211005,7호선,상도,10358,10013,20371
20211005,7호선,숭실대입구,11633,12066,23699
20211005,7호선,남성,10917,10250,21167
20211005,7호선,남구로,15985,16914,32899
20211005,7호선,장승배기,9324,9154,18478
20211005,7호선,가산디지털단지,46570,46529,93099
20211005,7호선,부천종합운동장,4671,4133,8804
20211005,7호선,광명사거리,21883,21480,43363
20211005,7호선,천왕,11318,10872,22190
20211005,7호선,온수,10663,9801,20464
20211005,7호선,까치울,7695,7474,15169
20211005,7호선,춘의,9841,9723,19564
20211005,7호선,신중동,13702,13653,27355
20211005,7호선,부천시청,12225,12016,24241
20211005,7호선,상동,12444,13013,25457
20211005,7호선,삼산체육관,5212,4847,10059
20211005,7호선,굴포천,8700,9272,17972
20211005,7호선,내방,14480,14593,29073
20211005,7호선,철산,20497,20994,41491
20211005,7호선,부평구청,7494,6563,14057
20211005,7호선,고속터미널,14672,12311,26983
20211005,7호선,논현,20213,21682,41895
20211005,7호선,반포,5513,5377,10890
20211005,7호선,장암,2294,863,3157
20211005,7호선,도봉산,9246,10393,19639
20211005,7호선,수락산,12200,12273,24473
20211005,7호선,마들,12484,11854,24338
20211005,7호선,노원,18402,19320,37722
20211005,7호선,중계,13703,12573,26276
20211005,7호선,공릉,11209,11273,22482
20211005,7호선,태릉입구,7917,7580,15497
20211005,7호선,먹골,9781,9593,19374
20211005,7호선,중화,10895,10746,21641
20211005,7호선,하계,16982,16107,33089
20211005,7호선,면목,15129,15061,30190
20211005,7호선,상봉,15964,15152,31116
20211005,7호선,강남구청,16285,17969,34254
20211005,7호선,청담,18729,20633,39362
20211005,7호선,뚝섬유원지,7372,7511,14883
20211005,7호선,건대입구,10982,11180,22162
20211005,7호선,학동,24165,25287,49452
20211005,7호선,군자,14089,11503,25592
20211005,7호선,중곡,10165,9482,19647
20211005,7호선,용마산,5950,5885,11835
20211005,7호선,사가정,16018,16126,32144
20211005,7호선,어린이대공원,11338,11234,22572
20211006,7호선,용마산,5938,5812,11750
20211006,7호선,논현,19784,21198,40982
20211006,7호선,학동,23762,25097,48859
20211006,7호선,강남구청,16108,17767,33875
20211006,7호선,청담,18938,20689,39627
20211006,7호선,뚝섬유원지,7498,7422,14920
20211006,7호선,건대입구,11147,11218,22365
20211006,7호선,어린이대공원,11528,11319,22847
20211006,7호선,군자,14069,11614,25683
20211006,7호선,중곡,10073,9235,19308
20211006,7호선,사가정,15859,15786,31645
20211006,7호선,반포,5556,5398,10954
20211006,7호선,상봉,15923,14835,30758
20211006,7호선,중화,10600,10513,21113
20211006,7호선,먹골,9629,9375,19004
20211006,7호선,태릉입구,7850,7630,15480
20211006,7호선,공릉,11018,11067,22085
20211006,7호선,하계,17362,16265,33627
20211006,7호선,중계,14160,12897,27057
20211006,7호선,노원,17916,18980,36896
20211006,7호선,마들,12451,11842,24293
20211006,7호선,수락산,12100,12159,24259
20211006,7호선,도봉산,9014,9978,18992
20211006,7호선,면목,14865,14677,29542
20211006,7호선,고속터미널,14045,12298,26343
20211006,7호선,장암,2288,848,3136
20211006,7호선,이수,15006,14722,29728
20211006,7호선,부평구청,7234,6678,13912
20211006,7호선,굴포천,8758,9193,17951
20211006,7호선,삼산체육관,5246,4820,10066
20211006,7호선,상동,12494,13146,25640
20211006,7호선,부천시청,12124,12037,24161
20211006,7호선,신중동,13775,13881,27656
20211006,7호선,춘의,9837,9793,19630
20211006,7호선,부천종합운동장,4568,4009,8577
20211006,7호선,까치울,7676,7384,15060
20211006,7호선,온수,10732,9831,20563
20211006,7호선,천왕,11573,10994,22567
20211006,7호선,내방,14261,14496,28757
20211006,7호선,철산,20198,20596,40794
20211006,7호선,남성,10635,9820,20455
20211006,7호선,숭실대입구,12289,12487,24776
20211006,7호선,상도,10042,9770,19812
20211006,7호선,장승배기,9189,8983,18172
20211006,7호선,신대방삼거리,15811,15127,30938
20211006,7호선,광명사거리,21501,21118,42619
20211006,7호선,신풍,11418,10986,22404
20211006,7호선,대림,7405,7506,14911
20211006,7호선,남구로,16244,16814,33058
20211006,7호선,가산디지털단지,46423,46626,93049
20211006,7호선,보라매,9640,9658,19298
20211007,7호선,중곡,10131,9418,19549
20211007,7호선,반포,5632,5467,11099
20211007,7호선,논현,19882,21401,41283
20211007,7호선,학동,23528,25019,48547
20211007,7호선,강남구청,16259,17851,34110
20211007,7호선,청담,18621,20616,39237
20211007,7호선,뚝섬유원지,7933,7678,15611
20211007,7호선,건대입구,11093,11500,22593
20211007,7호선,어린이대공원,11646,11492,23138
20211007,7호선,군자,14226,11497,25723
20211007,7호선,용마산,5946,5827,11773
20211007,7호선,공릉,11238,11207,22445
20211007,7호선,상봉,16074,15137,31211
20211007,7호선,중화,10623,10459,21082
20211007,7호선,먹골,9703,9421,19124
20211007,7호선,태릉입구,8262,7789,16051
20211007,7호선,고속터미널,14268,12452,26720
20211007,7호선,하계,17125,16208,33333
20211007,7호선,중계,14173,13073,27246
20211007,7호선,노원,17990,19112,37102
20211007,7호선,마들,12668,11908,24576
20211007,7호선,수락산,12263,12387,24650
20211007,7호선,도봉산,9077,10383,19460
20211007,7호선,사가정,15978,15797,31775
20211007,7호선,내방,14240,14259,28499
20211007,7호선,장암,2227,876,3103
20211007,7호선,남성,10792,9842,20634
20211007,7호선,면목,15135,14739,29874
20211007,7호선,춘의,9674,9683,19357
20211007,7호선,부평구청,7404,6609,14013
20211007,7호선,굴포천,8795,9304,18099
20211007,7호선,삼산체육관,5245,4869,10114
20211007,7호선,상동,12410,12991,25401
20211007,7호선,부천시청,12342,12059,24401
20211007,7호선,신중동,13733,13846,27579
20211007,7호선,부천종합운동장,4623,4151,8774
20211007,7호선,까치울,7700,7439,15139
20211007,7호선,온수,10839,9814,20653
20211007,7호선,이수,15391,14973,30364
20211007,7호선,광명사거리,21596,21138,42734
20211007,7호선,철산,20103,20522,40625
20211007,7호선,가산디지털단지,45415,45799,91214
20211007,7호선,남구로,15688,16480,32168
20211007,7호선,대림,7475,7326,14801
20211007,7호선,신풍,11312,10858,22170
20211007,7호선,보라매,9616,9560,19176
20211007,7호선,신대방삼거리,15686,15139,30825
20211007,7호선,장승배기,9192,8976,18168
20211007,7호선,상도,10355,9990,20345
20211007,7호선,숭실대입구,12248,12311,24559
20211007,7호선,천왕,11377,10820,22197
20211008,7호선,용마산,5981,5681,11662
20211008,7호선,중곡,10489,9675,20164
20211008,7호선,군자,14743,11974,26717
20211008,7호선,어린이대공원,11741,11370,23111
20211008,7호선,학동,22827,24043,46870
20211008,7호선,뚝섬유원지,7976,7890,15866
20211008,7호선,청담,18517,20474,38991
20211008,7호선,강남구청,16177,17701,33878
20211008,7호선,사가정,16195,16250,32445
20211008,7호선,건대입구,11686,11978,23664
20211008,7호선,면목,15267,15014,30281
20211008,7호선,하계,16993,15824,32817
20211008,7호선,중화,10721,10461,21182
20211008,7호선,먹골,9981,9713,19694
20211008,7호선,태릉입구,8166,7867,16033
20211008,7호선,공릉,11720,11471,23191
20211008,7호선,중계,13871,12398,26269
20211008,7호선,노원,19415,20631,40046
20211008,7호선,마들,12816,12030,24846
20211008,7호선,수락산,12465,12460,24925
20211008,7호선,도봉산,8940,10144,19084
20211008,7호선,장암,2147,914,3061
20211008,7호선,논현,20090,21529,41619
20211008,7호선,상봉,16417,15508,31925
20211008,7호선,춘의,9665,9513,19178
20211008,7호선,반포,5908,5563,11471
20211008,7호선,내방,14328,14533,28861
20211008,7호선,고속터미널,16459,14267,30726
20211008,7호선,부평구청,7487,6800,14287
20211008,7호선,굴포천,9008,9512,18520
20211008,7호선,삼산체육관,5248,4832,10080
20211008,7호선,상동,12753,13715,26468
20211008,7호선,부천시청,12785,12752,25537
20211008,7호선,신중동,14173,14375,28548
20211008,7호선,까치울,7713,7376,15089
20211008,7호선,온수,10558,9542,20100
20211008,7호선,천왕,11209,10632,21841
20211008,7호선,광명사거리,21887,21657,43544
20211008,7호선,부천종합운동장,4611,4038,8649
20211008,7호선,가산디지털단지,44988,43962,88950
20211008,7호선,철산,20552,21137,41689
20211008,7호선,남성,10728,9722,20450
20211008,7호선,숭실대입구,12336,12223,24559
20211008,7호선,상도,10375,9982,20357
20211008,7호선,장승배기,9361,8893,18254
20211008,7호선,이수,15746,15306,31052
20211008,7호선,보라매,9744,9534,19278
20211008,7호선,신풍,11706,11374,23080
20211008,7호선,대림,7665,7915,15580
20211008,7호선,남구로,15540,16442,31982
20211008,7호선,신대방삼거리,16134,15199,31333
20211009,7호선,이수,10469,9622,20091
20211009,7호선,남구로,7207,7292,14499
20211009,7호선,남성,6526,5797,12323
20211009,7호선,숭실대입구,7408,7225,14633
20211009,7호선,상도,6184,5733,11917
20211009,7호선,장승배기,5591,5323,10914
20211009,7호선,신대방삼거리,9572,8764,18336
20211009,7호선,보라매,5330,4999,10329
20211009,7호선,신풍,7077,6570,13647
20211009,7호선,대림,6226,6558,12784
20211009,7호선,가산디지털단지,13239,11949,25188
20211009,7호선,부천종합운동장,2822,2578,5400
20211009,7호선,광명사거리,14639,14245,28884
20211009,7호선,천왕,5808,5455,11263
20211009,7호선,온수,4728,4616,9344
20211009,7호선,까치울,4971,5030,10001
20211009,7호선,춘의,4382,4150,8532
20211009,7호선,신중동,8225,7922,16147
20211009,7호선,부천시청,8181,8037,16218
20211009,7호선,상동,8911,9215,18126
20211009,7호선,삼산체육관,3263,2969,6232
20211009,7호선,굴포천,5809,5921,11730
20211009,7호선,부평구청,4337,3767,8104
20211009,7호선,철산,12615,12741,25356
20211009,7호선,내방,6531,6410,12941
20211009,7호선,고속터미널,11955,10292,22247
20211009,7호선,논현,8594,9211,17805
20211009,7호선,장암,1467,1113,2580
20211009,7호선,도봉산,6037,8437,14474
20211009,7호선,수락산,9086,8722,17808
20211009,7호선,마들,7964,7379,15343
20211009,7호선,노원,12661,13129,25790
20211009,7호선,중계,8022,7064,15086
20211009,7호선,하계,10443,9464,19907
20211009,7호선,공릉,7574,7303,14877
20211009,7호선,태릉입구,5619,5130,10749
20211009,7호선,먹골,6967,6719,13686
20211009,7호선,중화,6735,6208,12943
20211009,7호선,반포,3623,3428,7051
20211009,7호선,면목,9841,9257,19098
20211009,7호선,사가정,10636,10144,20780
20211009,7호선,용마산,3813,3895,7708
20211009,7호선,중곡,5991,5537,11528
20211009,7호선,군자,8988,6809,15797
20211009,7호선,어린이대공원,8702,8312,17014
20211009,7호선,건대입구,9159,9593,18752
20211009,7호선,뚝섬유원지,9707,8988,18695
20211009,7호선,청담,9185,9736,18921
20211009,7호선,강남구청,8423,9362,17785
20211009,7호선,학동,8078,8559,16637
20211009,7호선,상봉,11350,10827,22177
20211010,7호선,중곡,4403,4303,8706
20211010,7호선,군자,6754,5281,12035
20211010,7호선,어린이대공원,6976,6683,13659
20211010,7호선,건대입구,6707,6785,13492
20211010,7호선,논현,5497,5951,11448
20211010,7호선,청담,5913,6360,12273
20211010,7호선,강남구청,5168,5842,11010
20211010,7호선,학동,5184,5506,10690
20211010,7호선,용마산,2702,2912,5614
20211010,7호선,뚝섬유원지,4406,4206,8612
20211010,7호선,사가정,7695,7569,15264
20211010,7호선,공릉,5452,5625,11077
20211010,7호선,상봉,7914,7301,15215
20211010,7호선,중화,4903,4757,9660
20211010,7호선,먹골,4943,4873,9816
20211010,7호선,태릉입구,4226,3891,8117
20211010,7호선,하계,7717,7305,15022
20211010,7호선,중계,5610,5341,10951
20211010,7호선,노원,9496,9603,19099
20211010,7호선,마들,5109,4839,9948
20211010,7호선,수락산,6852,6849,13701
20211010,7호선,도봉산,4400,6217,10617
20211010,7호선,반포,2359,2300,4659
20211010,7호선,면목,6878,6952,13830
20211010,7호선,고속터미널,10241,6853,17094
20211010,7호선,장암,1123,757,1880
20211010,7호선,이수,7376,7015,14391
20211010,7호선,부평구청,3080,2798,5878
20211010,7호선,굴포천,4001,4064,8065
20211010,7호선,삼산체육관,2127,2063,4190
20211010,7호선,상동,6221,6075,12296
20211010,7호선,부천시청,5925,5743,11668
20211010,7호선,신중동,5983,5977,11960
20211010,7호선,춘의,3197,3031,6228
20211010,7호선,부천종합운동장,2072,1823,3895
20211010,7호선,까치울,3615,3666,7281
20211010,7호선,온수,3354,3401,6755
20211010,7호선,천왕,4233,4088,8321
20211010,7호선,내방,4430,4519,8949
20211010,7호선,철산,8989,8964,17953
20211010,7호선,가산디지털단지,9378,8273,17651
20211010,7호선,남구로,5734,5752,11486
20211010,7호선,대림,6181,5759,11940
20211010,7호선,신풍,5429,5245,10674
20211010,7호선,보라매,4187,4009,8196
20211010,7호선,신대방삼거리,7193,6995,14188
20211010,7호선,장승배기,4122,4140,8262
20211010,7호선,상도,4680,4536,9216
20211010,7호선,숭실대입구,4829,5135,9964
20211010,7호선,남성,4588,4537,9125
20211010,7호선,광명사거리,10593,10373,20966
20211011,7호선,대림,6271,6123,12394
20211011,7호선,신풍,6812,6612,13424
20211011,7호선,보라매,4723,4716,9439
20211011,7호선,신대방삼거리,9257,9262,18519
20211011,7호선,이수,9385,9052,18437
20211011,7호선,상도,5977,5839,11816
20211011,7호선,숭실대입구,6884,7349,14233
20211011,7호선,남성,6165,6099,12264
20211011,7호선,남구로,7300,7403,14703
20211011,7호선,장승배기,5450,5321,10771
20211011,7호선,가산디지털단지,14006,13388,27394
20211011,7호선,부천종합운동장,2906,2541,5447
20211011,7호선,광명사거리,14396,14286,28682
20211011,7호선,천왕,5504,5418,10922
20211011,7호선,온수,4987,4833,9820
20211011,7호선,까치울,4841,4793,9634
20211011,7호선,춘의,5133,5163,10296
20211011,7호선,신중동,7893,7840,15733
20211011,7호선,부천시청,8103,8012,16115
20211011,7호선,상동,8161,8285,16446
20211011,7호선,삼산체육관,2879,2638,5517
20211011,7호선,굴포천,5444,5643,11087
20211011,7호선,내방,6402,6461,12863
20211011,7호선,철산,11946,11996,23942
20211011,7호선,부평구청,4287,3756,8043
20211011,7호선,고속터미널,12802,7970,20772
20211011,7호선,논현,9271,9933,19204
20211011,7호선,반포,3601,3471,7072
20211011,7호선,장암,1473,874,2347
20211011,7호선,도봉산,5783,7732,13515
20211011,7호선,수락산,8453,8283,16736
20211011,7호선,마들,7353,6941,14294
20211011,7호선,노원,12916,13497,26413
20211011,7호선,중계,7655,6981,14636
20211011,7호선,공릉,7209,7344,14553
20211011,7호선,태릉입구,5402,5202,10604
20211011,7호선,먹골,6273,6152,12425
20211011,7호선,중화,6691,6453,13144
20211011,7호선,하계,9469,8949,18418
20211011,7호선,면목,9835,9857,19692
20211011,7호선,상봉,10894,10482,21376
20211011,7호선,강남구청,6528,7171,13699
20211011,7호선,청담,8569,9018,17587
20211011,7호선,뚝섬유원지,8245,7631,15876
20211011,7호선,건대입구,9276,9281,18557
20211011,7호선,학동,8172,8601,16773
20211011,7호선,군자,8762,7296,16058
20211011,7호선,중곡,6120,6070,12190
20211011,7호선,용마산,3636,3809,7445
20211011,7호선,사가정,10659,10537,21196
20211011,7호선,어린이대공원,7571,7952,15523
20211012,7호선,남구로,16283,16899,33182
20211012,7호선,이수,15177,14995,30172
20211012,7호선,남성,10999,10091,21090
20211012,7호선,숭실대입구,12627,13013,25640
20211012,7호선,상도,10357,9986,20343
20211012,7호선,장승배기,9409,9394,18803
20211012,7호선,신대방삼거리,16036,15492,31528
20211012,7호선,보라매,10034,9903,19937
20211012,7호선,신풍,11581,11133,22714
20211012,7호선,대림,7864,7853,15717
20211012,7호선,가산디지털단지,47025,46924,93949
20211012,7호선,내방,14321,14695,29016
20211012,7호선,광명사거리,21910,21646,43556
20211012,7호선,천왕,11532,11030,22562
20211012,7호선,온수,10911,9935,20846
20211012,7호선,까치울,7740,7574,15314
20211012,7호선,부천종합운동장,4875,4265,9140
20211012,7호선,춘의,10091,9888,19979
20211012,7호선,신중동,13974,14046,28020
20211012,7호선,부천시청,12336,12216,24552
20211012,7호선,상동,12610,13246,25856
20211012,7호선,삼산체육관,5401,4895,10296
20211012,7호선,굴포천,8930,9369,18299
20211012,7호선,철산,20475,20703,41178
20211012,7호선,고속터미널,14968,12528,27496
20211012,7호선,부평구청,7512,6765,14277
20211012,7호선,학동,24384,25428,49812
20211012,7호선,반포,5618,5439,11057
20211012,7호선,장암,2355,915,3270
20211012,7호선,도봉산,9197,10574,19771
20211012,7호선,수락산,12652,12664,25316
20211012,7호선,마들,12510,12052,24562
20211012,7호선,노원,18551,19744,38295
20211012,7호선,중계,14346,13274,27620
20211012,7호선,하계,17348,16378,33726
20211012,7호선,공릉,11563,11407,22970
20211012,7호선,태릉입구,8090,7837,15927
20211012,7호선,먹골,9801,9589,19390
20211012,7호선,논현,20315,21814,42129
20211012,7호선,상봉,16260,15432,31692
20211012,7호선,강남구청,16280,17936,34216
20211012,7호선,청담,19093,20937,40030
20211012,7호선,뚝섬유원지,8130,8040,16170
20211012,7호선,건대입구,10855,11259,22114
20211012,7호선,어린이대공원,11454,11425,22879
20211012,7호선,중화,10955,10758,21713
20211012,7호선,중곡,10070,9429,19499
20211012,7호선,용마산,6062,5902,11964
20211012,7호선,사가정,16071,16164,32235
20211012,7호선,면목,15416,15370,30786
20211012,7호선,군자,14411,11784,26195
20211013,7호선,사가정,16358,16207,32565
20211013,7호선,논현,20311,21595,41906
20211013,7호선,학동,24026,25407,49433
20211013,7호선,강남구청,16403,18056,34459
20211013,7호선,청담,19081,21199,40280
20211013,7호선,건대입구,11394,11618,23012
20211013,7호선,어린이대공원,11446,11334,22780
20211013,7호선,군자,14388,11673,26061
20211013,7호선,중곡,10411,9677,20088
20211013,7호선,용마산,6097,5945,12042
20211013,7호선,면목,15356,15067,30423
20211013,7호선,하계,17982,17094,35076
20211013,7호선,중화,10981,10826,21807
20211013,7호선,먹골,9891,9782,19673
20211013,7호선,태릉입구,8217,7850,16067
20211013,7호선,공릉,11667,11500,23167
20211013,7호선,반포,5730,5632,11362
20211013,7호선,중계,14461,13364,27825
20211013,7호선,노원,18629,19718,38347
20211013,7호선,마들,13037,12196,25233
20211013,7호선,수락산,12804,12823,25627
20211013,7호선,도봉산,9520,11039,20559
20211013,7호선,장암,2458,964,3422
20211013,7호선,상봉,16380,15387,31767
20211013,7호선,고속터미널,14425,12774,27199
20211013,7호선,뚝섬유원지,8967,8761,17728
20211013,7호선,이수,15620,15095,30715
20211013,7호선,내방,14474,14792,29266
20211013,7호선,굴포천,8998,9465,18463
20211013,7호선,삼산체육관,5434,4851,10285
20211013,7호선,상동,13141,13829,26970
20211013,7호선,부천시청,12711,12625,25336
20211013,7호선,신중동,14091,14172,28263
20211013,7호선,춘의,10059,10037,20096
20211013,7호선,부천종합운동장,4862,4201,9063
20211013,7호선,까치울,7931,7805,15736
20211013,7호선,온수,10982,10177,21159
20211013,7호선,천왕,11668,11141,22809
20211013,7호선,광명사거리,22326,21964,44290
20211013,7호선,부평구청,7669,6920,14589
20211013,7호선,가산디지털단지,46147,46253,92400
20211013,7호선,철산,20854,21186,42040
20211013,7호선,숭실대입구,12722,12993,25715
20211013,7호선,상도,10377,9959,20336
20211013,7호선,장승배기,9372,9186,18558
20211013,7호선,남성,10855,9983,20838
20211013,7호선,보라매,10097,9921,20018
20211013,7호선,신풍,11741,11123,22864
20211013,7호선,대림,7674,7620,15294
20211013,7호선,남구로,16147,16988,33135
20211013,7호선,신대방삼거리,16328,15671,31999
20211014,7호선,학동,23699,25139,48838
20211014,7호선,면목,15296,15059,30355
20211014,7호선,강남구청,16181,17838,34019
20211014,7호선,청담,18985,21076,40061
20211014,7호선,뚝섬유원지,8813,8577,17390
20211014,7호선,어린이대공원,11499,11452,22951
20211014,7호선,군자,14409,11656,26065
20211014,7호선,중곡,10188,9402,19590
20211014,7호선,용마산,6017,6042,12059
20211014,7호선,사가정,16078,16094,32172
20211014,7호선,상봉,16372,15576,31948
20211014,7호선,중계,14173,13029,27202
20211014,7호선,먹골,9908,9687,19595
20211014,7호선,태릉입구,8155,7758,15913
20211014,7호선,공릉,11647,11509,23156
20211014,7호선,하계,18112,16777,34889
20211014,7호선,노원,18243,19400,37643
20211014,7호선,마들,12752,12096,24848
20211014,7호선,수락산,12717,12646,25363
20211014,7호선,도봉산,9420,11154,20574
20211014,7호선,장암,2355,978,3333
20211014,7호선,건대입구,11091,11248,22339
20211014,7호선,논현,19979,21551,41530
20211014,7호선,중화,10786,10659,21445
20211014,7호선,반포,5771,5593,11364
20211014,7호선,신중동,14184,14184,28368
20211014,7호선,내방,14589,14838,29427
20211014,7호선,고속터미널,14782,12818,27600
20211014,7호선,굴포천,9037,9438,18475
20211014,7호선,삼산체육관,5409,4977,10386
20211014,7호선,상동,13038,13571,26609
20211014,7호선,부천시청,12555,12529,25084
20211014,7호선,춘의,10035,9868,19903
20211014,7호선,부천종합운동장,4852,4336,9188
20211014,7호선,까치울,8022,7812,15834
20211014,7호선,온수,11134,10063,21197
20211014,7호선,천왕,11543,11019,22562
20211014,7호선,광명사거리,22228,22061,44289
20211014,7호선,부평구청,7477,6829,14306
20211014,7호선,가산디지털단지,45880,45921,91801
20211014,7호선,철산,20655,20984,41639
20211014,7호선,남성,10809,9985,20794
20211014,7호선,숭실대입구,12521,12506,25027
20211014,7호선,상도,10276,9876,20152
20211014,7호선,장승배기,9176,8966,18142
20211014,7호선,이수,15396,14932,30328
20211014,7호선,신대방삼거리,16073,15533,31606
20211014,7호선,보라매,9940,9824,19764
20211014,7호선,신풍,11762,11349,23111
20211014,7호선,대림,7596,7488,15084
20211014,7호선,남구로,15845,16853,32698
20211015,7호선,가산디지털단지,44839,44257,89096
20211015,7호선,숭실대입구,12464,12367,24831
20211015,7호선,상도,10366,10013,20379
20211015,7호선,부평구청,7518,6841,14359
20211015,7호선,신대방삼거리,15715,14961,30676
20211015,7호선,보라매,9750,9549,19299
20211015,7호선,신풍,11724,11235,22959
20211015,7호선,대림,7658,7844,15502
20211015,7호선,남구로,15678,16417,32095
20211015,7호선,남성,10927,9823,20750
20211015,7호선,철산,20750,21406,42156
20211015,7호선,춘의,9864,9723,19587
20211015,7호선,천왕,11527,10917,22444
20211015,7호선,온수,10856,9730,20586
20211015,7호선,까치울,7907,7673,15580
20211015,7호선,부천종합운동장,4811,4274,9085
20211015,7호선,신중동,14324,14642,28966
20211015,7호선,부천시청,12840,12845,25685
20211015,7호선,상동,13024,14036,27060
20211015,7호선,삼산체육관,5512,5063,10575
20211015,7호선,굴포천,9114,9557,18671
20211015,7호선,이수,15754,15567,31321
20211015,7호선,광명사거리,22722,22263,44985
20211015,7호선,내방,14331,14388,28719
20211015,7호선,장승배기,9372,9151,18523
20211015,7호선,고속터미널,16537,13853,30390
20211015,7호선,장암,2272,972,3244
20211015,7호선,도봉산,9193,10633,19826
20211015,7호선,수락산,12758,12602,25360
20211015,7호선,마들,12959,12097,25056
20211015,7호선,노원,19363,20956,40319
20211015,7호선,중계,14260,12880,27140
20211015,7호선,하계,17482,16341,33823
20211015,7호선,공릉,11879,11757,23636
20211015,7호선,태릉입구,8370,7961,16331
20211015,7호선,먹골,9999,9871,19870
20211015,7호선,중화,11011,10789,21800
20211015,7호선,상봉,16583,15909,32492
20211015,7호선,반포,6049,5610,11659
20211015,7호선,사가정,16239,16162,32401
20211015,7호선,용마산,6094,5878,11972
20211015,7호선,중곡,10339,9440,19779
20211015,7호선,군자,14458,11852,26310
20211015,7호선,어린이대공원,11713,11489,23202
20211015,7호선,건대입구,11740,12068,23808
20211015,7호선,뚝섬유원지,8988,8741,17729
20211015,7호선,청담,19005,21019,40024
20211015,7호선,강남구청,16169,17813,33982
20211015,7호선,학동,22959,24216,47175
20211015,7호선,논현,20399,22028,42427
20211015,7호선,면목,15657,15240,30897
20211016,7호선,대림,6971,7231,14202
20211016,7호선,신풍,7829,7603,15432
20211016,7호선,보라매,6346,6124,12470
20211016,7호선,신대방삼거리,10816,10089,20905
20211016,7호선,이수,11566,10832,22398
20211016,7호선,상도,7074,6612,13686
20211016,7호선,숭실대입구,7889,7751,15640
20211016,7호선,남성,7175,6757,13932
20211016,7호선,남구로,7824,8223,16047
20211016,7호선,장승배기,6371,6097,12468
20211016,7호선,가산디지털단지,15145,13542,28687
20211016,7호선,부천종합운동장,3141,2766,5907
20211016,7호선,광명사거리,16117,16024,32141
20211016,7호선,천왕,6438,6137,12575
20211016,7호선,온수,5508,5450,10958
20211016,7호선,까치울,5523,5473,10996
20211016,7호선,춘의,5052,4853,9905
20211016,7호선,신중동,9503,9495,18998
20211016,7호선,부천시청,9718,9524,19242
20211016,7호선,상동,10930,10868,21798
20211016,7호선,삼산체육관,3682,3588,7270
20211016,7호선,굴포천,6623,6798,13421
20211016,7호선,내방,7724,7552,15276
20211016,7호선,철산,14196,14386,28582
20211016,7호선,고속터미널,12843,10434,23277
20211016,7호선,부평구청,4922,4365,9287
20211016,7호선,논현,10572,11619,22191
20211016,7호선,장암,1569,1155,2724
20211016,7호선,도봉산,6734,9144,15878
20211016,7호선,수락산,9902,9866,19768
20211016,7호선,마들,9167,8606,17773
20211016,7호선,노원,15618,15563,31181
20211016,7호선,중계,9031,8311,17342
20211016,7호선,하계,11687,11101,22788
20211016,7호선,공릉,8481,8353,16834
20211016,7호선,태릉입구,6264,5807,12071
20211016,7호선,먹골,7978,7784,15762
20211016,7호선,중화,7825,7551,15376
20211016,7호선,반포,4322,4153,8475
20211016,7호선,면목,10885,10807,21692
20211016,7호선,사가정,12068,11487,23555
20211016,7호선,용마산,4186,4464,8650
20211016,7호선,중곡,7154,6738,13892
20211016,7호선,군자,10289,7971,18260
20211016,7호선,어린이대공원,9117,9078,18195
20211016,7호선,건대입구,10554,10750,21304
20211016,7호선,뚝섬유원지,7239,7066,14305
20211016,7호선,청담,10908,11791,22699
20211016,7호선,강남구청,9733,10885,20618
20211016,7호선,학동,10184,10694,20878
20211016,7호선,상봉,12882,12329,25211
20211017,7호선,대림,6586,6074,12660
20211017,7호선,신풍,5568,5253,10821
20211017,7호선,보라매,4088,3960,8048
20211017,7호선,신대방삼거리,6992,6934,13926
20211017,7호선,이수,7642,7358,15000
20211017,7호선,상도,4624,4544,9168
20211017,7호선,숭실대입구,5135,5520,10655
20211017,7호선,남성,4817,4692,9509
20211017,7호선,남구로,5962,5845,11807
20211017,7호선,장승배기,4353,4402,8755
20211017,7호선,가산디지털단지,11609,10556,22165
20211017,7호선,부천종합운동장,2110,1857,3967
20211017,7호선,광명사거리,10985,10953,21938
20211017,7호선,천왕,4321,4226,8547
20211017,7호선,온수,3609,3729,7338
20211017,7호선,까치울,3744,3763,7507
20211017,7호선,춘의,3172,3060,6232
20211017,7호선,신중동,6317,6156,12473
20211017,7호선,부천시청,6332,6252,12584
20211017,7호선,상동,6907,6719,13626
20211017,7호선,삼산체육관,2266,2264,4530
20211017,7호선,굴포천,4356,4399,8755
20211017,7호선,내방,4530,4633,9163
20211017,7호선,철산,8993,8804,17797
20211017,7호선,부평구청,3319,2950,6269
20211017,7호선,고속터미널,10476,7026,17502
20211017,7호선,논현,5657,6145,11802
20211017,7호선,반포,2552,2566,5118
20211017,7호선,장암,1261,969,2230
20211017,7호선,도봉산,5178,7323,12501
20211017,7호선,수락산,7609,7376,14985
20211017,7호선,마들,5400,5024,10424
20211017,7호선,노원,9985,9902,19887
20211017,7호선,중계,5888,5475,11363
20211017,7호선,공릉,5782,5756,11538
20211017,7호선,태릉입구,4593,4252,8845
20211017,7호선,먹골,5113,5028,10141
20211017,7호선,중화,5191,5016,10207
20211017,7호선,하계,8194,7898,16092
20211017,7호선,면목,7441,7289,14730
20211017,7호선,상봉,8703,8269,16972
20211017,7호선,강남구청,5388,5901,11289
20211017,7호선,청담,5996,6436,12432
20211017,7호선,뚝섬유원지,5423,5113,10536
20211017,7호선,건대입구,7100,7103,14203
20211017,7호선,학동,5520,5849,11369
20211017,7호선,군자,7034,5560,12594
20211017,7호선,중곡,4677,4679,9356
20211017,7호선,용마산,3088,3443,6531
20211017,7호선,사가정,8408,8168,16576
20211017,7호선,어린이대공원,6357,6386,12743
20211018,7호선,남구로,16146,16943,33089
20211018,7호선,이수,14663,14464,29127
20211018,7호선,남성,10506,9876,20382
20211018,7호선,숭실대입구,12272,12652,24924
20211018,7호선,상도,9986,9742,19728
20211018,7호선,장승배기,9244,9007,18251
20211018,7호선,신대방삼거리,15724,15294,31018
20211018,7호선,보라매,9833,9923,19756
20211018,7호선,신풍,11495,11060,22555
20211018,7호선,대림,7937,7846,15783
20211018,7호선,가산디지털단지,46576,46242,92818
20211018,7호선,부평구청,7112,6409,13521
20211018,7호선,광명사거리,21795,21372,43167
20211018,7호선,천왕,11294,10716,22010
20211018,7호선,온수,10707,9688,20395
20211018,7호선,까치울,7701,7458,15159
20211018,7호선,부천종합운동장,4666,4033,8699
20211018,7호선,춘의,9771,9728,19499
20211018,7호선,신중동,13279,13256,26535
20211018,7호선,부천시청,11568,11367,22935
20211018,7호선,상동,12424,13048,25472
20211018,7호선,삼산체육관,5156,4582,9738
20211018,7호선,굴포천,8620,9215,17835
20211018,7호선,철산,19836,20426,40262
20211018,7호선,내방,13961,14201,28162
20211018,7호선,고속터미널,14901,12488,27389
20211018,7호선,논현,19664,21160,40824
20211018,7호선,장암,2247,843,3090
20211018,7호선,도봉산,9139,10412,19551
20211018,7호선,수락산,12021,12189,24210
20211018,7호선,마들,12358,11763,24121
20211018,7호선,노원,17120,17911,35031
20211018,7호선,중계,14073,13140,27213
20211018,7호선,하계,16899,16049,32948
20211018,7호선,공릉,11161,11242,22403
20211018,7호선,태릉입구,7738,7421,15159
20211018,7호선,먹골,9677,9393,19070
20211018,7호선,중화,10512,10462,20974
20211018,7호선,반포,5511,5197,10708
20211018,7호선,면목,15023,14883,29906
20211018,7호선,학동,23622,24802,48424
20211018,7호선,강남구청,15567,16925,32492
20211018,7호선,청담,18139,20021,38160
20211018,7호선,뚝섬유원지,7175,7229,14404
20211018,7호선,건대입구,10588,10958,21546
20211018,7호선,상봉,16019,15141,31160
20211018,7호선,군자,14033,11504,25537
20211018,7호선,중곡,9991,9228,19219
20211018,7호선,용마산,5960,5858,11818
20211018,7호선,사가정,15782,15895,31677
20211018,7호선,어린이대공원,10734,10627,21361
20211019,7호선,남구로,16049,16873,32922
20211019,7호선,이수,15257,14749,30006
20211019,7호선,남성,10740,9979,20719
20211019,7호선,숭실대입구,12585,12926,25511
20211019,7호선,상도,10113,9749,19862
20211019,7호선,장승배기,9154,9122,18276
20211019,7호선,신대방삼거리,15999,15494,31493
20211019,7호선,보라매,9998,9910,19908
20211019,7호선,신풍,11604,11119,22723
20211019,7호선,대림,7838,7687,15525
20211019,7호선,가산디지털단지,46447,46377,92824
20211019,7호선,부천종합운동장,4742,4275,9017
20211019,7호선,광명사거리,22157,21835,43992
20211019,7호선,천왕,11628,11004,22632
20211019,7호선,온수,10860,9934,20794
20211019,7호선,까치울,7888,7633,15521
20211019,7호선,내방,14277,14602,28879
20211019,7호선,춘의,9950,9803,19753
20211019,7호선,신중동,14105,14021,28126
20211019,7호선,부천시청,12522,12468,24990
20211019,7호선,상동,12625,13404,26029
20211019,7호선,삼산체육관,5263,4840,10103
20211019,7호선,굴포천,8985,9491,18476
20211019,7호선,철산,20496,21051,41547
20211019,7호선,고속터미널,14240,12618,26858
20211019,7호선,부평구청,7473,6739,14212
20211019,7호선,논현,19841,21509,41350
20211019,7호선,장암,2284,910,3194
20211019,7호선,도봉산,9023,10694,19717
20211019,7호선,수락산,12407,12387,24794
20211019,7호선,마들,12566,11904,24470
20211019,7호선,노원,18370,19309,37679
20211019,7호선,중계,14372,13194,27566
20211019,7호선,하계,17147,16341,33488
20211019,7호선,공릉,11279,11296,22575
20211019,7호선,태릉입구,7937,7517,15454
20211019,7호선,먹골,9900,9778,19678
20211019,7호선,중화,10863,10688,21551
20211019,7호선,반포,5599,5430,11029
20211019,7호선,면목,15322,15113,30435
20211019,7호선,사가정,16014,16007,32021
20211019,7호선,용마산,6023,5932,11955
20211019,7호선,중곡,10202,9501,19703
20211019,7호선,군자,14141,11695,25836
20211019,7호선,어린이대공원,11085,10787,21872
20211019,7호선,건대입구,11214,11429,22643
20211019,7호선,뚝섬유원지,7604,7491,15095
20211019,7호선,청담,18625,20733,39358
20211019,7호선,강남구청,15998,17810,33808
20211019,7호선,학동,23971,25106,49077
20211019,7호선,상봉,16294,15319,31613
20211020,7호선,중곡,10460,9670,20130
20211020,7호선,용마산,6191,6063,12254
20211020,7호선,사가정,16230,16356,32586
20211020,7호선,면목,16426,16290,32716
20211020,7호선,공릉,11574,11484,23058
20211020,7호선,중화,11027,10841,21868
20211020,7호선,먹골,10033,9871,19904
20211020,7호선,태릉입구,8436,8121,16557
20211020,7호선,군자,14322,11807,26129
20211020,7호선,상봉,16683,15729,32412
20211020,7호선,어린이대공원,11321,11198,22519
20211020,7호선,반포,5688,5524,11212
20211020,7호선,청담,18979,21164,40143
20211020,7호선,강남구청,16366,18017,34383
20211020,7호선,학동,24157,25412,49569
20211020,7호선,논현,20269,21571,41840
20211020,7호선,고속터미널,14389,12696,27085
20211020,7호선,부천시청,12730,12676,25406
20211020,7호선,상동,13216,13675,26891
20211020,7호선,삼산체육관,5444,5044,10488
20211020,7호선,굴포천,9236,9728,18964
20211020,7호선,부평구청,7765,6950,14715
20211020,7호선,하계,18014,17201,35215
20211020,7호선,뚝섬유원지,7897,7817,15714
20211020,7호선,신중동,14086,14374,28460
20211020,7호선,중계,14616,13461,28077
20211020,7호선,마들,12856,12188,25044
20211020,7호선,노원,18517,19395,37912
20211020,7호선,건대입구,11554,11778,23332
20211020,7호선,내방,14607,14885,29492
20211020,7호선,이수,15612,15222,30834
20211020,7호선,남성,10930,10049,20979
20211020,7호선,숭실대입구,13570,13722,27292
20211020,7호선,상도,10184,9897,20081
20211020,7호선,신대방삼거리,16172,15500,31672
20211020,7호선,보라매,10009,10079,20088
20211020,7호선,신풍,11872,11129,23001
20211020,7호선,대림,7706,7752,15458
20211020,7호선,장승배기,9294,9141,18435
20211020,7호선,가산디지털단지,46845,46899,93744
20211020,7호선,남구로,16070,16918,32988
20211020,7호선,도봉산,9464,11139,20603
20211020,7호선,장암,2337,925,3262
20211020,7호선,춘의,10050,9942,19992
20211020,7호선,부천종합운동장,4668,4137,8805
20211020,7호선,수락산,12656,12728,25384
20211020,7호선,온수,11124,10234,21358
20211020,7호선,천왕,11801,11239,23040
20211020,7호선,광명사거리,22695,22379,45074
20211020,7호선,철산,20814,21196,42010
20211020,7호선,까치울,8128,7753,15881
20211021,7호선,어린이대공원,11632,11493,23125
20211021,7호선,이수,15206,14779,29985
20211021,7호선,건대입구,11317,11674,22991
20211021,7호선,뚝섬유원지,7951,7864,15815
20211021,7호선,청담,18434,20858,39292
20211021,7호선,강남구청,16377,17971,34348
20211021,7호선,학동,23847,25209,49056
20211021,7호선,논현,19993,21698,41691
20211021,7호선,고속터미널,14651,12615,27266
20211021,7호선,내방,14311,14505,28816
20211021,7호선,남성,10752,10026,20778
20211021,7호선,신풍,11740,11282,23022
20211021,7호선,상도,10257,9895,20152
20211021,7호선,장승배기,9152,9125,18277
20211021,7호선,신대방삼거리,16060,15475,31535
20211021,7호선,보라매,10038,9951,19989
20211021,7호선,대림,7663,7775,15438
20211021,7호선,남구로,15894,16646,32540
20211021,7호선,가산디지털단지,46188,46282,92470
20211021,7호선,철산,20750,21135,41885
20211021,7호선,광명사거리,22366,22111,44477
20211021,7호선,천왕,11654,11033,22687
20211021,7호선,온수,11093,10189,21282
20211021,7호선,숭실대입구,13394,13385,26779
20211021,7호선,군자,14198,11594,25792
20211021,7호선,중곡,10311,9706,20017
20211021,7호선,사가정,16172,16190,32362
20211021,7호선,부천종합운동장,4777,4169,8946
20211021,7호선,신중동,14067,14067,28134
20211021,7호선,부천시청,12595,12615,25210
20211021,7호선,상동,12888,13637,26525
20211021,7호선,삼산체육관,5417,4946,10363
20211021,7호선,굴포천,9118,9625,18743
20211021,7호선,부평구청,7501,6766,14267
20211021,7호선,까치울,7993,7767,15760
20211021,7호선,반포,5759,5562,11321
20211021,7호선,춘의,9938,9839,19777
20211021,7호선,장암,2337,927,3264
20211021,7호선,용마산,6108,5908,12016
20211021,7호선,수락산,12832,12860,25692
20211021,7호선,마들,12708,12083,24791
20211021,7호선,노원,18306,19252,37558
20211021,7호선,중계,14526,13435,27961
20211021,7호선,하계,17803,16991,34794
20211021,7호선,공릉,11698,11584,23282
20211021,7호선,태릉입구,8295,7720,16015
20211021,7호선,먹골,10061,9803,19864
20211021,7호선,중화,11168,10968,22136
20211021,7호선,상봉,16460,15715,32175
20211021,7호선,면목,16194,15908,32102
20211021,7호선,도봉산,9231,10935,20166
20211022,7호선,중곡,10387,9619,20006
20211022,7호선,군자,14771,11798,26569
20211022,7호선,어린이대공원,12352,11928,24280
20211022,7호선,건대입구,12197,12491,24688
20211022,7호선,논현,20340,22053,42393
20211022,7호선,청담,18480,20970,39450
20211022,7호선,강남구청,16448,18186,34634
20211022,7호선,학동,23063,24338,47401
20211022,7호선,용마산,6261,6014,12275
20211022,7호선,뚝섬유원지,8906,8679,17585
20211022,7호선,사가정,16485,16688,33173
20211022,7호선,공릉,11941,11705,23646
20211022,7호선,상봉,17138,16281,33419
20211022,7호선,중화,10938,10831,21769
20211022,7호선,먹골,10130,9802,19932
20211022,7호선,태릉입구,8504,7985,16489
20211022,7호선,하계,18126,17019,35145
20211022,7호선,중계,14673,13204,27877
20211022,7호선,노원,19748,21223,40971
20211022,7호선,마들,13023,12062,25085
20211022,7호선,수락산,13123,13157,26280
20211022,7호선,도봉산,9315,11254,20569
20211022,7호선,반포,6051,5713,11764
20211022,7호선,면목,16566,16214,32780
20211022,7호선,고속터미널,16675,13913,30588
20211022,7호선,장암,2308,1089,3397
20211022,7호선,이수,15926,15458,31384
20211022,7호선,부평구청,7463,6869,14332
20211022,7호선,굴포천,9165,9799,18964
20211022,7호선,삼산체육관,5542,4995,10537
20211022,7호선,상동,13438,14312,27750
20211022,7호선,부천시청,13436,13420,26856
20211022,7호선,신중동,14502,14779,29281
20211022,7호선,춘의,10017,9706,19723
20211022,7호선,부천종합운동장,4764,4148,8912
20211022,7호선,까치울,8082,7819,15901
20211022,7호선,온수,10986,10021,21007
20211022,7호선,천왕,11701,10935,22636
20211022,7호선,내방,14256,14445,28701
20211022,7호선,철산,21577,22183,43760
20211022,7호선,가산디지털단지,44916,44270,89186
20211022,7호선,남구로,15421,16344,31765
20211022,7호선,대림,7746,7948,15694
20211022,7호선,신풍,11820,11278,23098
20211022,7호선,보라매,9427,9299,18726
20211022,7호선,신대방삼거리,16367,15579,31946
20211022,7호선,장승배기,9349,8967,18316
20211022,7호선,상도,10742,10101,20843
20211022,7호선,숭실대입구,13119,13060,26179
20211022,7호선,남성,10996,9871,20867
20211022,7호선,광명사거리,22710,22364,45074
20211023,7호선,중곡,6947,6541,13488
20211023,7호선,군자,10542,8027,18569
20211023,7호선,어린이대공원,9829,9631,19460
20211023,7호선,건대입구,10477,10693,21170
20211023,7호선,논현,11098,11871,22969
20211023,7호선,청담,11422,12313,23735
20211023,7호선,강남구청,9723,10762,20485
20211023,7호선,학동,11041,11604,22645
20211023,7호선,용마산,4562,4699,9261
20211023,7호선,뚝섬유원지,9025,8581,17606
20211023,7호선,사가정,12475,12134,24609
20211023,7호선,공릉,8835,8495,17330
20211023,7호선,상봉,13080,12444,25524
20211023,7호선,중화,7736,7304,15040
20211023,7호선,먹골,8152,7884,16036
20211023,7호선,태릉입구,6516,5934,12450
20211023,7호선,하계,12284,11407,23691
20211023,7호선,중계,9509,8567,18076
20211023,7호선,노원,15197,15825,31022
20211023,7호선,마들,8995,8461,17456
20211023,7호선,수락산,10351,10073,20424
20211023,7호선,도봉산,7157,9984,17141
20211023,7호선,반포,4204,4076,8280
20211023,7호선,면목,11498,11085,22583
20211023,7호선,장암,1755,1166,2921
20211023,7호선,고속터미널,13756,10688,24444
20211023,7호선,이수,11824,11062,22886
20211023,7호선,내방,7571,7441,15012
20211023,7호선,부평구청,4886,4478,9364
20211023,7호선,굴포천,6622,6968,13590
20211023,7호선,삼산체육관,3936,3680,7616
20211023,7호선,상동,11129,11478,22607
20211023,7호선,부천시청,10129,9822,19951
20211023,7호선,신중동,9805,9762,19567
20211023,7호선,부천종합운동장,3403,3028,6431
20211023,7호선,까치울,5599,5621,11220
20211023,7호선,온수,5663,5553,11216
20211023,7호선,천왕,6881,6523,13404
20211023,7호선,춘의,5153,5026,10179
20211023,7호선,철산,14911,14901,29812
20211023,7호선,광명사거리,16674,16661,33335
20211023,7호선,숭실대입구,8727,8538,17265
20211023,7호선,상도,7355,6785,14140
20211023,7호선,장승배기,6370,6173,12543
20211023,7호선,신대방삼거리,11084,10267,21351
20211023,7호선,남성,7300,6633,13933
20211023,7호선,신풍,8007,7550,15557
20211023,7호선,대림,6773,7171,13944
20211023,7호선,남구로,8026,8333,16359
20211023,7호선,가산디지털단지,16000,14578,30578
20211023,7호선,보라매,5812,5739,11551
20211024,7호선,삼산체육관,2802,2642,5444
20211024,7호선,광명사거리,11950,11906,23856
20211024,7호선,천왕,4758,4596,9354
20211024,7호선,온수,3984,4046,8030
20211024,7호선,까치울,4218,4226,8444
20211024,7호선,부천종합운동장,2400,2218,4618
20211024,7호선,춘의,3525,3252,6777
20211024,7호선,신중동,6650,6506,13156
20211024,7호선,부천시청,7067,6818,13885
20211024,7호선,상동,7460,7351,14811
20211024,7호선,굴포천,4615,4601,9216
20211024,7호선,철산,10102,10026,20128
20211024,7호선,장암,1440,1048,2488
20211024,7호선,도봉산,6054,8743,14797
20211024,7호선,수락산,8283,8278,16561
20211024,7호선,마들,5815,5509,11324
20211024,7호선,노원,10532,10517,21049
20211024,7호선,중계,6614,6190,12804
20211024,7호선,하계,8592,8273,16865
20211024,7호선,공릉,5812,5881,11693
20211024,7호선,태릉입구,4843,4422,9265
20211024,7호선,먹골,5497,5392,10889
20211024,7호선,중화,5362,5364,10726
20211024,7호선,부평구청,3589,3274,6863
20211024,7호선,가산디지털단지,11975,10889,22864
20211024,7호선,남구로,6386,6205,12591
20211024,7호선,대림,6887,6594,13481
20211024,7호선,면목,7711,7784,15495
20211024,7호선,사가정,8908,8635,17543
20211024,7호선,용마산,3182,3461,6643
20211024,7호선,중곡,5024,4893,9917
20211024,7호선,군자,7308,5771,13079
20211024,7호선,어린이대공원,7342,7608,14950
20211024,7호선,건대입구,6983,7415,14398
20211024,7호선,뚝섬유원지,7568,7040,14608
20211024,7호선,청담,6702,7074,13776
20211024,7호선,강남구청,5851,6375,12226
20211024,7호선,학동,6162,6497,12659
20211024,7호선,상봉,8871,8364,17235
20211024,7호선,반포,2597,2655,5252
20211024,7호선,고속터미널,11919,7654,19573
20211024,7호선,내방,4912,5017,9929
20211024,7호선,이수,7894,7700,15594
20211024,7호선,남성,5065,5051,10116
20211024,7호선,숭실대입구,5418,5793,11211
20211024,7호선,상도,5026,4942,9968
20211024,7호선,장승배기,4562,4477,9039
20211024,7호선,신대방삼거리,7524,7464,14988
20211024,7호선,보라매,4071,4129,8200
20211024,7호선,신풍,6119,5818,11937
20211024,7호선,논현,6051,6433,12484
20211025,7호선,남구로,16270,17000,33270
20211025,7호선,대림,7782,7769,15551
20211025,7호선,신풍,11515,11142,22657
20211025,7호선,보라매,10124,9873,19997
20211025,7호선,남성,10726,10039,20765
20211025,7호선,장승배기,9503,9334,18837
20211025,7호선,상도,10204,9997,20201
20211025,7호선,숭실대입구,13414,13886,27300
20211025,7호선,가산디지털단지,46831,47027,93858
20211025,7호선,신대방삼거리,16183,15679,31862
20211025,7호선,철산,20948,21389,42337
20211025,7호선,춘의,9968,9982,19950
20211025,7호선,천왕,11575,11095,22670
20211025,7호선,온수,11029,10162,21191
20211025,7호선,까치울,7874,7652,15526
20211025,7호선,부천종합운동장,4746,4102,8848
20211025,7호선,신중동,14020,13986,28006
20211025,7호선,부천시청,12799,12711,25510
20211025,7호선,상동,12802,13324,26126
20211025,7호선,삼산체육관,5461,4927,10388
20211025,7호선,굴포천,9112,9526,18638
20211025,7호선,부평구청,7602,6752,14354
20211025,7호선,이수,15132,14746,29878
20211025,7호선,광명사거리,22358,21944,44302
20211025,7호선,내방,14304,14454,28758
20211025,7호선,고속터미널,15485,13166,28651
20211025,7호선,반포,5541,5462,11003
20211025,7호선,장암,2405,945,3350
20211025,7호선,도봉산,9530,10953,20483
20211025,7호선,수락산,12811,12582,25393
20211025,7호선,마들,12742,12065,24807
20211025,7호선,노원,18455,19463,37918
20211025,7호선,중계,14516,13363,27879
20211025,7호선,하계,17398,16356,33754
20211025,7호선,공릉,11982,11924,23906
20211025,7호선,태릉입구,8364,7960,16324
20211025,7호선,먹골,10040,9820,19860
20211025,7호선,중화,10849,10763,21612
20211025,7호선,중곡,10300,9492,19792
20211025,7호선,면목,16369,16172,32541
20211025,7호선,사가정,16261,16376,32637
20211025,7호선,용마산,6226,6095,12321
20211025,7호선,군자,14577,11956,26533
20211025,7호선,어린이대공원,11721,11799,23520
20211025,7호선,건대입구,11476,11821,23297
20211025,7호선,뚝섬유원지,7887,7740,15627
20211025,7호선,청담,18705,20574,39279
20211025,7호선,강남구청,15715,17171,32886
20211025,7호선,학동,24181,25291,49472
20211025,7호선,논현,20308,21884,42192
20211025,7호선,상봉,16732,15637,32369
20211026,7호선,사가정,16671,16604,33275
20211026,7호선,용마산,6206,6061,12267
20211026,7호선,중곡,10494,9714,20208
20211026,7호선,군자,14796,12046,26842
20211026,7호선,학동,24381,25823,50204
20211026,7호선,뚝섬유원지,8311,8110,16421
20211026,7호선,청담,19327,21509,40836
20211026,7호선,강남구청,16611,18093,34704
20211026,7호선,면목,16766,16469,33235
20211026,7호선,어린이대공원,12127,12160,24287
20211026,7호선,상봉,16883,15968,32851
20211026,7호선,중계,14756,13668,28424
20211026,7호선,먹골,10193,10031,20224
20211026,7호선,태릉입구,8684,8179,16863
20211026,7호선,공릉,12244,11944,24188
20211026,7호선,하계,18116,17121,35237
20211026,7호선,노원,18787,19799,38586
20211026,7호선,마들,12854,12293,25147
20211026,7호선,수락산,13000,13087,26087
20211026,7호선,도봉산,9748,11492,21240
20211026,7호선,장암,2471,984,3455
20211026,7호선,건대입구,11660,12041,23701
20211026,7호선,논현,20795,22376,43171
20211026,7호선,중화,10996,10884,21880
20211026,7호선,고속터미널,15243,13274,28517
20211026,7호선,반포,5824,5572,11396
20211026,7호선,이수,15310,14911,30221
20211026,7호선,부평구청,7752,6956,14708
20211026,7호선,굴포천,9298,9831,19129
20211026,7호선,삼산체육관,5571,5036,10607
20211026,7호선,상동,12998,13650,26648
20211026,7호선,부천시청,12940,12612,25552
20211026,7호선,신중동,14222,14216,28438
20211026,7호선,춘의,10263,10150,20413
20211026,7호선,부천종합운동장,4734,4258,8992
20211026,7호선,까치울,8149,7819,15968
20211026,7호선,온수,11185,10326,21511
20211026,7호선,천왕,11859,11317,23176
20211026,7호선,내방,14777,14990,29767
20211026,7호선,철산,21130,21717,42847
20211026,7호선,가산디지털단지,47651,47668,95319
20211026,7호선,남구로,16059,17084,33143
20211026,7호선,대림,7777,7796,15573
20211026,7호선,신풍,12015,11507,23522
20211026,7호선,보라매,10029,10036,20065
20211026,7호선,신대방삼거리,16526,15924,32450
20211026,7호선,장승배기,9449,9260,18709
20211026,7호선,상도,10485,10230,20715
20211026,7호선,숭실대입구,13920,14188,28108
20211026,7호선,남성,11030,10220,21250
20211026,7호선,광명사거리,22429,22086,44515
20211027,7호선,중곡,10417,9707,20124
20211027,7호선,군자,15061,12334,27395
20211027,7호선,어린이대공원,12749,12695,25444
20211027,7호선,건대입구,11910,12007,23917
20211027,7호선,논현,20408,21913,42321
20211027,7호선,청담,19140,21601,40741
20211027,7호선,강남구청,16737,18189,34926
20211027,7호선,학동,24351,25740,50091
20211027,7호선,용마산,6284,6077,12361
20211027,7호선,뚝섬유원지,8421,8103,16524
20211027,7호선,사가정,16583,16463,33046
20211027,7호선,공릉,12201,12135,24336
20211027,7호선,상봉,17033,16186,33219
20211027,7호선,중화,11041,11057,22098
20211027,7호선,먹골,10172,9903,20075
20211027,7호선,태릉입구,8536,8186,16722
20211027,7호선,하계,18312,17377,35689
20211027,7호선,중계,14830,13665,28495
20211027,7호선,노원,18751,19971,38722
20211027,7호선,마들,13043,12333,25376
20211027,7호선,수락산,13311,13104,26415
20211027,7호선,도봉산,10004,11572,21576
20211027,7호선,고속터미널,15050,13188,28238
20211027,7호선,면목,15702,15359,31061
20211027,7호선,내방,14911,15045,29956
20211027,7호선,장암,2447,966,3413
20211027,7호선,남성,10994,10179,21173
20211027,7호선,반포,5844,5558,11402
20211027,7호선,부평구청,7645,7016,14661
20211027,7호선,굴포천,9355,9771,19126
20211027,7호선,삼산체육관,5506,5080,10586
20211027,7호선,상동,13413,13959,27372
20211027,7호선,부천시청,13011,13110,26121
20211027,7호선,신중동,14498,14560,29058
20211027,7호선,춘의,10217,10196,20413
20211027,7호선,부천종합운동장,4861,4279,9140
20211027,7호선,까치울,8181,7849,16030
20211027,7호선,온수,11260,10439,21699
20211027,7호선,이수,15786,15344,31130
20211027,7호선,광명사거리,22732,22516,45248
20211027,7호선,철산,21297,21632,42929
20211027,7호선,가산디지털단지,47008,47104,94112
20211027,7호선,남구로,16238,17001,33239
20211027,7호선,대림,7887,7867,15754
20211027,7호선,신풍,11873,11279,23152
20211027,7호선,보라매,10234,10231,20465
20211027,7호선,신대방삼거리,16331,15641,31972
20211027,7호선,장승배기,9451,9356,18807
20211027,7호선,상도,10726,10331,21057
20211027,7호선,숭실대입구,13450,13630,27080
20211027,7호선,천왕,11817,11265,23082
20211028,7호선,용마산,6215,6215,12430
20211028,7호선,중곡,10432,9812,20244
20211028,7호선,군자,14833,12072,26905
20211028,7호선,어린이대공원,12414,12462,24876
20211028,7호선,학동,24270,25815,50085
20211028,7호선,뚝섬유원지,8553,8194,16747
20211028,7호선,청담,19055,21478,40533
20211028,7호선,강남구청,16413,17950,34363
20211028,7호선,사가정,16368,16373,32741
20211028,7호선,건대입구,12151,12269,24420
20211028,7호선,면목,15625,15257,30882
20211028,7호선,하계,18038,16886,34924
20211028,7호선,중화,10906,10868,21774
20211028,7호선,먹골,10252,9994,20246
20211028,7호선,태릉입구,8660,8234,16894
20211028,7호선,공릉,12350,12196,24546
20211028,7호선,중계,14887,13683,28570
20211028,7호선,노원,18650,19841,38491
20211028,7호선,마들,13030,12519,25549
20211028,7호선,수락산,12979,12993,25972
20211028,7호선,도봉산,9721,11636,21357
20211028,7호선,장암,2400,970,3370
20211028,7호선,논현,20282,22009,42291
20211028,7호선,상봉,17032,16003,33035
20211028,7호선,반포,5914,5569,11483
20211028,7호선,고속터미널,15402,13130,28532
20211028,7호선,이수,15644,15055,30699
20211028,7호선,내방,14602,14880,29482
20211028,7호선,부평구청,7643,6773,14416
20211028,7호선,굴포천,9168,9762,18930
20211028,7호선,삼산체육관,5482,4987,10469
20211028,7호선,상동,13193,13839,27032
20211028,7호선,부천시청,12824,12765,25589
20211028,7호선,신중동,14183,14315,28498
20211028,7호선,부천종합운동장,4998,4458,9456
20211028,7호선,까치울,8139,7783,15922
20211028,7호선,온수,11413,10458,21871
20211028,7호선,천왕,11716,11020,22736
20211028,7호선,춘의,10098,9966,20064
20211028,7호선,철산,21219,21599,42818
20211028,7호선,광명사거리,22564,22400,44964
20211028,7호선,숭실대입구,13265,13311,26576
20211028,7호선,상도,10691,10376,21067
20211028,7호선,장승배기,9328,9234,18562
20211028,7호선,신대방삼거리,16287,15765,32052
20211028,7호선,남성,11094,10370,21464
20211028,7호선,신풍,11889,11327,23216
20211028,7호선,대림,7625,7700,15325
20211028,7호선,남구로,15790,16781,32571
20211028,7호선,가산디지털단지,46033,46202,92235
20211028,7호선,보라매,10021,9953,19974
20211029,7호선,용마산,6303,5966,12269
20211029,7호선,논현,20774,22412,43186
20211029,7호선,학동,23543,24968,48511
20211029,7호선,강남구청,16372,18001,34373
20211029,7호선,청담,18917,21278,40195
20211029,7호선,뚝섬유원지,9603,9195,18798
20211029,7호선,건대입구,12494,12886,25380
20211029,7호선,어린이대공원,12799,12511,25310
20211029,7호선,군자,15078,12172,27250
20211029,7호선,중곡,10431,9651,20082
20211029,7호선,사가정,16553,16543,33096
20211029,7호선,반포,5988,5698,11686
20211029,7호선,상봉,17267,16262,33529
20211029,7호선,중화,11048,10756,21804
20211029,7호선,먹골,10357,10048,20405
20211029,7호선,태릉입구,8801,8468,17269
20211029,7호선,공릉,12697,12451,25148
20211029,7호선,하계,18140,17000,35140
20211029,7호선,중계,14795,13318,28113
20211029,7호선,노원,20106,21624,41730
20211029,7호선,마들,13306,12569,25875
20211029,7호선,수락산,13156,12621,25777
20211029,7호선,도봉산,9610,11401,21011
20211029,7호선,면목,15641,15205,30846
20211029,7호선,고속터미널,17729,14365,32094
20211029,7호선,장암,2377,1066,3443
20211029,7호선,이수,16390,15691,32081
20211029,7호선,부평구청,7674,6956,14630
20211029,7호선,굴포천,9285,9736,19021
20211029,7호선,삼산체육관,5626,5014,10640
20211029,7호선,상동,13476,14379,27855
20211029,7호선,부천시청,13460,13414,26874
20211029,7호선,신중동,14502,14991,29493
20211029,7호선,춘의,9994,9782,19776
20211029,7호선,부천종합운동장,4882,4371,9253
20211029,7호선,까치울,8108,7749,15857
20211029,7호선,온수,10865,10164,21029
20211029,7호선,천왕,11603,10800,22403
20211029,7호선,내방,14522,14742,29264
20211029,7호선,철산,21736,22364,44100
20211029,7호선,남성,11058,10120,21178
20211029,7호선,숭실대입구,13235,13061,26296
20211029,7호선,상도,10888,10348,21236
20211029,7호선,장승배기,9375,9053,18428
20211029,7호선,신대방삼거리,16500,15593,32093
20211029,7호선,광명사거리,23032,22691,45723
20211029,7호선,신풍,11901,11266,23167
20211029,7호선,대림,7964,8089,16053
20211029,7호선,남구로,15556,16498,32054
20211029,7호선,가산디지털단지,44921,44515,89436
20211029,7호선,보라매,9840,9744,19584
20211030,7호선,용마산,4648,4855,9503
20211030,7호선,논현,11263,11958,23221
20211030,7호선,학동,10978,11799,22777
20211030,7호선,강남구청,9767,10892,20659
20211030,7호선,청담,11347,12196,23543
20211030,7호선,뚝섬유원지,9613,9012,18625
20211030,7호선,건대입구,10732,11051,21783
20211030,7호선,어린이대공원,9805,9436,19241
20211030,7호선,군자,10705,8225,18930
20211030,7호선,중곡,7161,6723,13884
20211030,7호선,사가정,12482,11971,24453
20211030,7호선,공릉,9669,9262,18931
20211030,7호선,상봉,13246,12695,25941
20211030,7호선,중화,7651,7400,15051
20211030,7호선,먹골,8305,7909,16214
20211030,7호선,태릉입구,6952,6432,13384
20211030,7호선,반포,4313,4179,8492
20211030,7호선,하계,12796,11580,24376
20211030,7호선,중계,9886,8841,18727
20211030,7호선,노원,15839,16420,32259
20211030,7호선,마들,9744,9042,18786
20211030,7호선,수락산,10498,10318,20816
20211030,7호선,도봉산,7605,10606,18211
20211030,7호선,면목,11257,10833,22090
20211030,7호선,고속터미널,14412,11138,25550
20211030,7호선,장암,1722,1191,2913
20211030,7호선,이수,12285,11246,23531
20211030,7호선,부평구청,4988,4481,9469
20211030,7호선,굴포천,6723,6767,13490
20211030,7호선,삼산체육관,3885,3557,7442
20211030,7호선,상동,11094,11390,22484
20211030,7호선,부천시청,10001,9743,19744
20211030,7호선,신중동,9724,9643,19367
20211030,7호선,춘의,5135,4883,10018
20211030,7호선,부천종합운동장,3210,2924,6134
20211030,7호선,까치울,5752,5838,11590
20211030,7호선,온수,5756,5708,11464
20211030,7호선,천왕,6842,6458,13300
20211030,7호선,내방,7778,7694,15472
20211030,7호선,철산,15102,15119,30221
20211030,7호선,가산디지털단지,15033,13819,28852
20211030,7호선,남구로,8190,8496,16686
20211030,7호선,대림,6858,7411,14269
20211030,7호선,신풍,8320,7959,16279
20211030,7호선,보라매,6711,6367,13078
20211030,7호선,신대방삼거리,11111,10375,21486
20211030,7호선,장승배기,6732,6470,13202
20211030,7호선,상도,7477,6940,14417
20211030,7호선,숭실대입구,8667,8349,17016
20211030,7호선,남성,7590,7058,14648
20211030,7호선,광명사거리,16820,16564,33384
20211031,7호선,중곡,5204,4971,10175
20211031,7호선,군자,7655,6124,13779
20211031,7호선,어린이대공원,8520,8597,17117
20211031,7호선,건대입구,8021,8377,16398
20211031,7호선,논현,5863,6143,12006
20211031,7호선,청담,6657,7218,13875
20211031,7호선,강남구청,5918,6350,12268
20211031,7호선,학동,6117,6504,12621
20211031,7호선,용마산,3265,3632,6897
20211031,7호선,뚝섬유원지,7928,7129,15057
20211031,7호선,사가정,9321,9094,18415
20211031,7호선,공릉,6433,6548,12981
20211031,7호선,상봉,9691,9105,18796
20211031,7호선,중화,5492,5394,10886
20211031,7호선,먹골,5691,5600,11291
20211031,7호선,태릉입구,5007,4762,9769
20211031,7호선,하계,9215,8879,18094
20211031,7호선,중계,6974,6480,13454
20211031,7호선,노원,10759,11002,21761
20211031,7호선,마들,6157,5753,11910
20211031,7호선,수락산,8430,8456,16886
20211031,7호선,도봉산,6809,9957,16766
20211031,7호선,반포,2799,2730,5529
20211031,7호선,면목,8062,7879,15941
20211031,7호선,장암,1489,1115,2604
20211031,7호선,고속터미널,13183,8152,21335
20211031,7호선,이수,8352,8054,16406
20211031,7호선,내방,4971,5118,10089
20211031,7호선,부평구청,3528,3142,6670
20211031,7호선,굴포천,4830,4929,9759
20211031,7호선,삼산체육관,2694,2541,5235
20211031,7호선,상동,7462,7298,14760
20211031,7호선,부천시청,7201,6938,14139
20211031,7호선,신중동,6700,6652,13352
20211031,7호선,부천종합운동장,2445,2246,4691
20211031,7호선,까치울,4355,4321,8676
20211031,7호선,온수,3925,4049,7974
20211031,7호선,천왕,4811,4701,9512
20211031,7호선,춘의,3475,3328,6803
20211031,7호선,철산,10396,10234,20630
20211031,7호선,광명사거리,12323,12063,24386
20211031,7호선,숭실대입구,5605,6024,11629
20211031,7호선,상도,5168,5181,10349
20211031,7호선,장승배기,4597,4518,9115
20211031,7호선,신대방삼거리,7565,7620,15185
20211031,7호선,남성,5263,5155,10418
20211031,7호선,신풍,5949,5759,11708
20211031,7호선,대림,6994,6470,13464
20211031,7호선,남구로,6451,6264,12715
20211031,7호선,가산디지털단지,11129,10498,21627
20211031,7호선,보라매,4169,4184,8353
20211101,7호선,논현,19970,21724,41694
20211101,7호선,사가정,16342,16147,32489
20211101,7호선,학동,24182,25678,49860
20211101,7호선,강남구청,15872,17505,33377
20211101,7호선,청담,19168,21240,40408
20211101,7호선,뚝섬유원지,7753,7680,15433
20211101,7호선,어린이대공원,12202,12213,24415
20211101,7호선,군자,14387,11799,26186
20211101,7호선,중곡,10367,9478,19845
20211101,7호선,용마산,6118,5923,12041
20211101,7호선,면목,15758,15292,31050
20211101,7호선,하계,17594,16499,34093
20211101,7호선,중화,10942,10891,21833
20211101,7호선,먹골,9947,9626,19573
20211101,7호선,태릉입구,8441,8113,16554
20211101,7호선,공릉,11865,11843,23708
20211101,7호선,중계,14438,13254,27692
20211101,7호선,노원,18678,19998,38676
20211101,7호선,마들,12905,12043,24948
20211101,7호선,수락산,12683,12382,25065
20211101,7호선,도봉산,9699,11275,20974
20211101,7호선,장암,2390,838,3228
20211101,7호선,건대입구,11473,12123,23596
20211101,7호선,상봉,16713,15586,32299
20211101,7호선,반포,5551,5330,10881
20211101,7호선,고속터미널,15808,13136,28944
20211101,7호선,이수,15155,14910,30065
20211101,7호선,부평구청,7552,6688,14240
20211101,7호선,굴포천,9004,9499,18503
20211101,7호선,삼산체육관,5382,4843,10225
20211101,7호선,상동,12745,13307,26052
20211101,7호선,부천시청,12603,12607,25210
20211101,7호선,신중동,14020,13999,28019
20211101,7호선,춘의,10119,9963,20082
20211101,7호선,부천종합운동장,5043,4360,9403
20211101,7호선,까치울,7982,7639,15621
20211101,7호선,온수,11099,10170,21269
20211101,7호선,천왕,11569,11030,22599
20211101,7호선,내방,14301,14624,28925
20211101,7호선,철산,20998,21422,42420
20211101,7호선,가산디지털단지,47567,47746,95313
20211101,7호선,남구로,16476,17294,33770
20211101,7호선,대림,7916,7613,15529
20211101,7호선,신풍,11806,11279,23085
20211101,7호선,보라매,10024,9970,19994
20211101,7호선,신대방삼거리,16340,15653,31993
20211101,7호선,장승배기,9352,9103,18455
20211101,7호선,상도,10340,10065,20405
20211101,7호선,숭실대입구,13035,13448,26483
20211101,7호선,남성,10905,9968,20873
20211101,7호선,광명사거리,22558,21975,44533
20211102,7호선,대림,7616,7647,15263
20211102,7호선,신풍,11979,11354,23333
20211102,7호선,보라매,10244,10075,20319
20211102,7호선,신대방삼거리,16584,15774,32358
20211102,7호선,이수,15577,15150,30727
20211102,7호선,상도,10796,10396,21192
20211102,7호선,숭실대입구,13442,13637,27079
20211102,7호선,남성,11207,10337,21544
20211102,7호선,남구로,16441,17302,33743
20211102,7호선,장승배기,9352,9310,18662
20211102,7호선,가산디지털단지,48211,48395,96606
20211102,7호선,부천종합운동장,4995,4347,9342
20211102,7호선,광명사거리,22813,22085,44898
20211102,7호선,천왕,11933,11381,23314
20211102,7호선,온수,11423,10612,22035
20211102,7호선,까치울,8229,7793,16022
20211102,7호선,춘의,10334,10150,20484
20211102,7호선,신중동,14445,14334,28779
20211102,7호선,부천시청,12861,12922,25783
20211102,7호선,상동,13256,13973,27229
20211102,7호선,삼산체육관,5634,5003,10637
20211102,7호선,굴포천,9355,9610,18965
20211102,7호선,내방,14817,15157,29974
20211102,7호선,철산,21386,21801,43187
20211102,7호선,고속터미널,14728,12927,27655
20211102,7호선,부평구청,7757,6943,14700
20211102,7호선,논현,20647,22650,43297
20211102,7호선,장암,2447,963,3410
20211102,7호선,도봉산,9948,11825,21773
20211102,7호선,수락산,12878,12515,25393
20211102,7호선,마들,12957,12279,25236
20211102,7호선,노원,18840,20118,38958
20211102,7호선,중계,14979,13559,28538
20211102,7호선,하계,17926,16792,34718
20211102,7호선,공릉,12160,12028,24188
20211102,7호선,태릉입구,8584,8157,16741
20211102,7호선,먹골,10154,9813,19967
20211102,7호선,중화,11202,11001,22203
20211102,7호선,반포,5899,5563,11462
20211102,7호선,면목,15936,15433,31369
20211102,7호선,사가정,16335,16359,32694
20211102,7호선,용마산,6357,6030,12387
20211102,7호선,중곡,10566,9721,20287
20211102,7호선,군자,14764,11917,26681
20211102,7호선,어린이대공원,12802,12757,25559
20211102,7호선,건대입구,11731,12270,24001
20211102,7호선,뚝섬유원지,7989,7865,15854
20211102,7호선,청담,19688,22021,41709
20211102,7호선,강남구청,16805,18804,35609
20211102,7호선,학동,24740,26388,51128
20211102,7호선,상봉,17054,16030,33084
20211103,7호선,중곡,10724,9923,20647
20211103,7호선,군자,14980,12137,27117
20211103,7호선,어린이대공원,12707,12716,25423
20211103,7호선,건대입구,12146,12730,24876
20211103,7호선,논현,20717,22592,43309
20211103,7호선,청담,19752,22177,41929
20211103,7호선,강남구청,16848,18659,35507
20211103,7호선,학동,24961,26753,51714
20211103,7호선,용마산,6461,6207,12668
20211103,7호선,뚝섬유원지,8293,8040,16333
20211103,7호선,사가정,16640,16483,33123
20211103,7호선,공릉,12290,12163,24453
20211103,7호선,상봉,17410,16150,33560
20211103,7호선,중화,11249,10983,22232
20211103,7호선,먹골,10261,9975,20236
20211103,7호선,태릉입구,8469,8132,16601
20211103,7호선,하계,18650,17617,36267
20211103,7호선,중계,15026,13764,28790
20211103,7호선,노원,18932,20472,39404
20211103,7호선,마들,13345,12452,25797
20211103,7호선,수락산,13036,12687,25723
20211103,7호선,도봉산,10005,11687,21692
20211103,7호선,반포,6043,5859,11902
20211103,7호선,면목,15748,15319,31067
20211103,7호선,장암,2403,936,3339
20211103,7호선,고속터미널,14690,12948,27638
20211103,7호선,이수,15942,15682,31624
20211103,7호선,내방,14908,15133,30041
20211103,7호선,부평구청,7806,7045,14851
20211103,7호선,굴포천,9439,9768,19207
20211103,7호선,삼산체육관,5600,5089,10689
20211103,7호선,상동,13744,14416,28160
20211103,7호선,부천시청,12926,13073,25999
20211103,7호선,신중동,14494,14588,29082
20211103,7호선,부천종합운동장,4889,4245,9134
20211103,7호선,까치울,8315,7839,16154
20211103,7호선,온수,11249,10476,21725
20211103,7호선,천왕,12092,11267,23359
20211103,7호선,춘의,10396,10183,20579
20211103,7호선,철산,21446,21898,43344
20211103,7호선,광명사거리,22884,22266,45150
20211103,7호선,숭실대입구,13734,13892,27626
20211103,7호선,상도,10668,10336,21004
20211103,7호선,장승배기,9547,9345,18892
20211103,7호선,신대방삼거리,16391,15786,32177
20211103,7호선,남성,11147,10093,21240
20211103,7호선,신풍,12176,11653,23829
20211103,7호선,대림,7588,7586,15174
20211103,7호선,남구로,16314,17324,33638
20211103,7호선,가산디지털단지,47944,48277,96221
20211103,7호선,보라매,10176,10121,20297
20211104,7호선,용마산,6395,6046,12441
20211104,7호선,논현,20475,22473,42948
20211104,7호선,학동,24593,26467,51060
20211104,7호선,강남구청,16605,18597,35202
20211104,7호선,청담,19717,22455,42172
20211104,7호선,뚝섬유원지,8132,7713,15845
20211104,7호선,건대입구,11929,12411,24340
20211104,7호선,어린이대공원,12926,12892,25818
20211104,7호선,군자,14906,11777,26683
20211104,7호선,중곡,10708,9738,20446
20211104,7호선,사가정,16584,16291,32875
20211104,7호선,반포,5841,5694,11535
20211104,7호선,상봉,17403,16468,33871
20211104,7호선,중화,11222,11110,22332
20211104,7호선,먹골,10201,9857,20058
20211104,7호선,태릉입구,8563,8187,16750
20211104,7호선,공릉,12075,11911,23986
20211104,7호선,하계,18193,16942,35135
20211104,7호선,중계,14862,13422,28284
20211104,7호선,노원,18837,20040,38877
20211104,7호선,마들,13231,12503,25734
20211104,7호선,수락산,12834,12619,25453
20211104,7호선,도봉산,9605,11221,20826
20211104,7호선,면목,15829,15291,31120
20211104,7호선,고속터미널,15018,12994,28012
20211104,7호선,장암,2445,1002,3447
20211104,7호선,이수,15596,15229,30825
20211104,7호선,부평구청,7622,6852,14474
20211104,7호선,굴포천,9306,9772,19078
20211104,7호선,삼산체육관,5538,4914,10452
20211104,7호선,상동,13114,13730,26844
20211104,7호선,부천시청,12780,12762,25542
20211104,7호선,신중동,14279,14353,28632
20211104,7호선,춘의,10344,10084,20428
20211104,7호선,부천종합운동장,4820,4284,9104
20211104,7호선,까치울,8203,7803,16006
20211104,7호선,온수,11423,10668,22091
20211104,7호선,천왕,11939,11262,23201
20211104,7호선,내방,14752,14935,29687
20211104,7호선,철산,21309,21776,43085
20211104,7호선,남성,11063,10125,21188
20211104,7호선,숭실대입구,13550,13431,26981
20211104,7호선,상도,10736,10348,21084
20211104,7호선,장승배기,9351,9067,18418
20211104,7호선,신대방삼거리,16677,15642,32319
20211104,7호선,광명사거리,22658,22264,44922
20211104,7호선,신풍,11885,11305,23190
20211104,7호선,대림,7809,7778,15587
20211104,7호선,남구로,16011,16978,32989
20211104,7호선,가산디지털단지,47319,47701,95020
20211104,7호선,보라매,10044,10055,20099
20211105,7호선,사가정,16940,16627,33567
20211105,7호선,논현,20795,23462,44257
20211105,7호선,학동,24080,26082,50162
20211105,7호선,강남구청,16790,18924,35714
20211105,7호선,청담,19210,22170,41380
20211105,7호선,건대입구,12180,13179,25359
20211105,7호선,어린이대공원,13354,13126,26480
20211105,7호선,군자,15459,12311,27770
20211105,7호선,중곡,10894,9735,20629
20211105,7호선,용마산,6432,5884,12316
20211105,7호선,면목,16158,15350,31508
20211105,7호선,하계,18330,16565,34895
20211105,7호선,중화,11300,10872,22172
20211105,7호선,먹골,10512,10012,20524
20211105,7호선,태릉입구,9026,8372,17398
20211105,7호선,공릉,12853,12276,25129
20211105,7호선,반포,6204,5815,12019
20211105,7호선,중계,14946,13113,28059
20211105,7호선,노원,19744,21765,41509
20211105,7호선,마들,13374,12278,25652
20211105,7호선,수락산,13261,12752,26013
20211105,7호선,도봉산,9859,11366,21225
20211105,7호선,장암,2449,1050,3499
20211105,7호선,상봉,17790,16923,34713
20211105,7호선,고속터미널,17688,14497,32185
20211105,7호선,뚝섬유원지,9084,8625,17709
20211105,7호선,이수,16369,15957,32326
20211105,7호선,내방,14791,15037,29828
20211105,7호선,굴포천,9505,9933,19438
20211105,7호선,삼산체육관,5605,4969,10574
20211105,7호선,상동,13528,14389,27917
20211105,7호선,부천시청,13373,13279,26652
20211105,7호선,신중동,14833,15314,30147
20211105,7호선,춘의,10364,9971,20335
20211105,7호선,부천종합운동장,5003,4352,9355
20211105,7호선,까치울,8392,7902,16294
20211105,7호선,온수,11476,10546,22022
20211105,7호선,천왕,12016,11035,23051
20211105,7호선,광명사거리,23733,23155,46888
20211105,7호선,부평구청,7682,6884,14566
20211105,7호선,가산디지털단지,47022,46977,93999
20211105,7호선,철산,22069,22955,45024
20211105,7호선,숭실대입구,13444,12997,26441
20211105,7호선,상도,10977,10240,21217
20211105,7호선,장승배기,9641,9198,18839
20211105,7호선,남성,11341,10127,21468
20211105,7호선,보라매,10512,10099,20611
20211105,7호선,신풍,12020,11445,23465
20211105,7호선,대림,7820,7911,15731
20211105,7호선,남구로,16062,16848,32910
20211105,7호선,신대방삼거리,16994,15851,32845
20211106,7호선,남성,7837,7152,14989
20211106,7호선,가산디지털단지,15367,14178,29545
20211106,7호선,숭실대입구,8506,8213,16719
20211106,7호선,상도,7609,6968,14577
20211106,7호선,장승배기,6955,6480,13435
20211106,7호선,신대방삼거리,11922,10844,22766
20211106,7호선,보라매,6696,6399,13095
20211106,7호선,신풍,8559,7957,16516
20211106,7호선,대림,7090,7602,14692
20211106,7호선,남구로,8370,8624,16994
20211106,7호선,철산,15841,15963,31804
20211106,7호선,춘의,5395,5102,10497
20211106,7호선,천왕,7333,6721,14054
20211106,7호선,온수,6006,5831,11837
20211106,7호선,까치울,6003,5852,11855
20211106,7호선,부천종합운동장,3436,3009,6445
20211106,7호선,신중동,9968,10189,20157
20211106,7호선,부천시청,9955,9834,19789
20211106,7호선,상동,11250,11419,22669
20211106,7호선,삼산체육관,4027,3669,7696
20211106,7호선,굴포천,6934,6981,13915
20211106,7호선,부평구청,5173,4478,9651
20211106,7호선,이수,12187,11576,23763
20211106,7호선,광명사거리,17560,17323,34883
20211106,7호선,내방,7854,7676,15530
20211106,7호선,중계,9780,8674,18454
20211106,7호선,반포,4631,4332,8963
20211106,7호선,고속터미널,15216,12069,27285
20211106,7호선,도봉산,7715,10868,18583
20211106,7호선,수락산,10880,10292,21172
20211106,7호선,마들,9649,8653,18302
20211106,7호선,노원,15674,16728,32402
20211106,7호선,하계,13039,11789,24828
20211106,7호선,공릉,9106,8835,17941
20211106,7호선,태릉입구,6844,6300,13144
20211106,7호선,먹골,8316,7916,16232
20211106,7호선,중화,8124,7543,15667
20211106,7호선,상봉,13934,13166,27100
20211106,7호선,장암,1718,1289,3007
20211106,7호선,사가정,13046,12328,25374
20211106,7호선,면목,11456,10849,22305
20211106,7호선,학동,12006,12636,24642
20211106,7호선,강남구청,10368,11453,21821
20211106,7호선,청담,11644,12770,24414
20211106,7호선,뚝섬유원지,9838,9193,19031
20211106,7호선,논현,11400,12568,23968
20211106,7호선,건대입구,10735,11689,22424
20211106,7호선,어린이대공원,11216,10875,22091
20211106,7호선,군자,10744,7825,18569
20211106,7호선,중곡,7238,6760,13998
20211106,7호선,용마산,4697,4693,9390
20211107,7호선,사가정,9271,8921,18192
20211107,7호선,강남구청,5884,6561,12445
20211107,7호선,청담,6972,7380,14352
20211107,7호선,장암,1538,1136,2674
20211107,7호선,건대입구,7727,8208,15935
20211107,7호선,어린이대공원,8729,8886,17615
20211107,7호선,군자,7986,6206,14192
20211107,7호선,중곡,5252,5070,10322
20211107,7호선,용마산,3272,3756,7028
20211107,7호선,학동,6741,7332,14073
20211107,7호선,면목,8071,7897,15968
20211107,7호선,하계,9190,8680,17870
20211107,7호선,중화,5724,5605,11329
20211107,7호선,먹골,5689,5647,11336
20211107,7호선,태릉입구,5175,4676,9851
20211107,7호선,공릉,6629,6656,13285
20211107,7호선,중계,6914,6454,13368
20211107,7호선,노원,11114,11414,22528
20211107,7호선,마들,6362,5832,12194
20211107,7호선,수락산,8592,8540,17132
20211107,7호선,도봉산,6786,9992,16778
20211107,7호선,논현,6317,6635,12952
20211107,7호선,상봉,9739,9370,19109
20211107,7호선,반포,2969,2886,5855
20211107,7호선,뚝섬유원지,7907,6984,14891
20211107,7호선,고속터미널,13720,8685,22405
20211107,7호선,부평구청,3712,3422,7134
20211107,7호선,굴포천,4852,4858,9710
20211107,7호선,삼산체육관,2804,2675,5479
20211107,7호선,상동,7819,7485,15304
20211107,7호선,부천시청,6938,6839,13777
20211107,7호선,신중동,7012,6867,13879
20211107,7호선,춘의,3544,3446,6990
20211107,7호선,부천종합운동장,2566,2284,4850
20211107,7호선,까치울,4548,4441,8989
20211107,7호선,온수,4327,4331,8658
20211107,7호선,천왕,4960,4788,9748
20211107,7호선,광명사거리,12778,12496,25274
20211107,7호선,내방,5039,5295,10334
20211107,7호선,가산디지털단지,11290,10627,21917
20211107,7호선,남구로,6669,6622,13291
20211107,7호선,대림,6989,6638,13627
20211107,7호선,신풍,6218,5949,12167
20211107,7호선,보라매,4435,4573,9008
20211107,7호선,신대방삼거리,7877,7896,15773
20211107,7호선,장승배기,4615,4610,9225
20211107,7호선,상도,5327,5271,10598
20211107,7호선,숭실대입구,5807,6249,12056
20211107,7호선,남성,5487,5292,10779
20211107,7호선,이수,8374,8247,16621
20211107,7호선,철산,10814,10853,21667
20211108,7호선,부천종합운동장,4466,3853,8319
20211108,7호선,까치울,7361,7119,14480
20211108,7호선,온수,10661,9758,20419
20211108,7호선,천왕,11246,10649,21895
20211108,7호선,대림,8193,7852,16045
20211108,7호선,철산,20334,20583,40917
20211108,7호선,가산디지털단지,48212,47484,95696
20211108,7호선,남구로,16626,17164,33790
20211108,7호선,춘의,9907,9854,19761
20211108,7호선,광명사거리,21174,20723,41897
20211108,7호선,신중동,13197,13196,26393
20211108,7호선,마들,12416,11798,24214
20211108,7호선,상동,12334,12758,25092
20211108,7호선,삼산체육관,5109,4668,9777
20211108,7호선,굴포천,8847,9227,18074
20211108,7호선,부평구청,7231,6501,13732
20211108,7호선,노원,16889,17805,34694
20211108,7호선,중계,13708,12687,26395
20211108,7호선,하계,17101,16040,33141
20211108,7호선,공릉,11273,11289,22562
20211108,7호선,태릉입구,7944,7558,15502
20211108,7호선,먹골,9620,9454,19074
20211108,7호선,신풍,11322,10951,22273
20211108,7호선,부천시청,12081,12103,24184
20211108,7호선,보라매,9608,9517,19125
20211108,7호선,중화,10476,10455,20931
20211108,7호선,장승배기,9025,8836,17861
20211108,7호선,장암,2198,767,2965
20211108,7호선,도봉산,8915,9755,18670
20211108,7호선,수락산,11707,11289,22996
20211108,7호선,상봉,16157,15034,31191
20211108,7호선,면목,15006,14843,29849
20211108,7호선,사가정,15260,15383,30643
20211108,7호선,용마산,6028,5566,11594
20211108,7호선,중곡,10139,9475,19614
20211108,7호선,군자,14282,11696,25978
20211108,7호선,어린이대공원,11859,11863,23722
20211108,7호선,건대입구,11286,11849,23135
20211108,7호선,신대방삼거리,16020,15443,31463
20211108,7호선,청담,18634,20747,39381
20211108,7호선,강남구청,15514,17046,32560
20211108,7호선,학동,24211,25630,49841
20211108,7호선,논현,19362,21269,40631
20211108,7호선,반포,5485,5304,10789
20211108,7호선,고속터미널,15051,12475,27526
20211108,7호선,내방,14257,14471,28728
20211108,7호선,이수,14574,14407,28981
20211108,7호선,남성,10655,9940,20595
20211108,7호선,숭실대입구,12338,12804,25142
20211108,7호선,상도,9921,9694,19615
20211108,7호선,뚝섬유원지,6445,6348,12793
20211109,7호선,대림,7927,7907,15834
20211109,7호선,신풍,11812,11282,23094
20211109,7호선,보라매,10044,9956,20000
20211109,7호선,신대방삼거리,16535,15901,32436
20211109,7호선,이수,15273,15044,30317
20211109,7호선,상도,10486,10239,20725
20211109,7호선,숭실대입구,13067,13220,26287
20211109,7호선,남성,11138,10220,21358
20211109,7호선,남구로,16635,17313,33948
20211109,7호선,장승배기,9346,9197,18543
20211109,7호선,가산디지털단지,48499,48455,96954
20211109,7호선,부천종합운동장,4556,4015,8571
20211109,7호선,광명사거리,21938,21408,43346
20211109,7호선,천왕,11607,10925,22532
20211109,7호선,온수,11031,10092,21123
20211109,7호선,까치울,7795,7437,15232
20211109,7호선,춘의,10263,10094,20357
20211109,7호선,신중동,14266,14029,28295
20211109,7호선,부천시청,12565,12553,25118
20211109,7호선,상동,12832,13372,26204
20211109,7호선,삼산체육관,5309,4814,10123
20211109,7호선,굴포천,9256,9690,18946
20211109,7호선,내방,14660,14971,29631
20211109,7호선,철산,20835,21349,42184
20211109,7호선,부평구청,7607,6820,14427
20211109,7호선,고속터미널,14756,12824,27580
20211109,7호선,논현,20563,22545,43108
20211109,7호선,반포,5719,5604,11323
20211109,7호선,장암,2305,829,3134
20211109,7호선,도봉산,9358,10398,19756
20211109,7호선,수락산,12296,12127,24423
20211109,7호선,마들,12865,12257,25122
20211109,7호선,노원,18981,20008,38989
20211109,7호선,중계,14472,13261,27733
20211109,7호선,공릉,12097,11869,23966
20211109,7호선,태릉입구,8254,7880,16134
20211109,7호선,먹골,10051,9806,19857
20211109,7호선,중화,11054,10781,21835
20211109,7호선,하계,17755,16641,34396
20211109,7호선,면목,15550,15293,30843
20211109,7호선,상봉,16728,15694,32422
20211109,7호선,강남구청,16656,18480,35136
20211109,7호선,청담,19857,22102,41959
20211109,7호선,뚝섬유원지,6830,6607,13437
20211109,7호선,건대입구,11789,12422,24211
20211109,7호선,학동,25028,26426,51454
20211109,7호선,군자,14964,12125,27089
20211109,7호선,중곡,10573,9858,20431
20211109,7호선,용마산,6198,5957,12155
20211109,7호선,사가정,15919,15659,31578
20211109,7호선,어린이대공원,12544,12356,24900
20211110,7호선,남구로,16612,17461,34073
20211110,7호선,이수,15726,15548,31274
20211110,7호선,남성,11428,10412,21840
20211110,7호선,숭실대입구,13737,13927,27664
20211110,7호선,상도,10685,10229,20914
20211110,7호선,장승배기,9635,9388,19023
20211110,7호선,신대방삼거리,16891,16116,33007
20211110,7호선,보라매,10363,10265,20628
20211110,7호선,신풍,12139,11563,23702
20211110,7호선,대림,7852,7796,15648
20211110,7호선,가산디지털단지,49003,48945,97948
20211110,7호선,부평구청,7730,7055,14785
20211110,7호선,광명사거리,23129,22619,45748
20211110,7호선,천왕,12003,11199,23202
20211110,7호선,온수,11505,10750,22255
20211110,7호선,까치울,8327,7785,16112
20211110,7호선,부천종합운동장,4892,4242,9134
20211110,7호선,춘의,10534,10237,20771
20211110,7호선,신중동,14743,14912,29655
20211110,7호선,부천시청,13064,13124,26188
20211110,7호선,상동,13681,14313,27994
20211110,7호선,삼산체육관,5595,5044,10639
20211110,7호선,굴포천,9434,10056,19490
20211110,7호선,철산,21760,22504,44264
20211110,7호선,내방,15031,15410,30441
20211110,7호선,고속터미널,15160,13371,28531
20211110,7호선,논현,20579,22580,43159
20211110,7호선,장암,2405,889,3294
20211110,7호선,도봉산,9600,11109,20709
20211110,7호선,수락산,13085,12743,25828
20211110,7호선,마들,13358,12487,25845
20211110,7호선,노원,19238,20464,39702
20211110,7호선,중계,15008,13681,28689
20211110,7호선,하계,18955,17929,36884
20211110,7호선,공릉,12453,12313,24766
20211110,7호선,태릉입구,8651,8142,16793
20211110,7호선,먹골,10265,10043,20308
20211110,7호선,중화,11337,11224,22561
20211110,7호선,반포,5845,5541,11386
20211110,7호선,면목,16851,16342,33193
20211110,7호선,학동,25473,27248,52721
20211110,7호선,강남구청,17007,18712,35719
20211110,7호선,청담,19969,22682,42651
20211110,7호선,뚝섬유원지,7497,7263,14760
20211110,7호선,건대입구,12111,12687,24798
20211110,7호선,상봉,17419,16455,33874
20211110,7호선,군자,15136,12321,27457
20211110,7호선,중곡,10908,10295,21203
20211110,7호선,용마산,6541,6096,12637
20211110,7호선,사가정,16721,16644,33365
20211110,7호선,어린이대공원,12857,12597,25454
20211111,7호선,남구로,16406,17311,33717
20211111,7호선,이수,16004,15486,31490
20211111,7호선,남성,11214,10395,21609
20211111,7호선,숭실대입구,13343,13458,26801
20211111,7호선,상도,10822,10327,21149
20211111,7호선,장승배기,9717,9269,18986
20211111,7호선,신대방삼거리,16836,16209,33045
20211111,7호선,보라매,10154,10124,20278
20211111,7호선,신풍,11839,11262,23101
20211111,7호선,대림,7901,7910,15811
20211111,7호선,가산디지털단지,48332,48414,96746
20211111,7호선,부천종합운동장,4853,4186,9039
20211111,7호선,광명사거리,23073,22749,45822
20211111,7호선,천왕,11948,11166,23114
20211111,7호선,온수,11181,10454,21635
20211111,7호선,까치울,8137,7617,15754
20211111,7호선,내방,15124,15370,30494
20211111,7호선,춘의,10323,10249,20572
20211111,7호선,신중동,14718,14721,29439
20211111,7호선,부천시청,13028,13030,26058
20211111,7호선,상동,13586,14101,27687
20211111,7호선,삼산체육관,5485,4937,10422
20211111,7호선,굴포천,9644,9899,19543
20211111,7호선,철산,21889,22494,44383
20211111,7호선,고속터미널,15700,13644,29344
20211111,7호선,부평구청,7894,6952,14846
20211111,7호선,논현,20755,22769,43524
20211111,7호선,장암,2440,979,3419
20211111,7호선,도봉산,9580,10926,20506
20211111,7호선,수락산,12964,12613,25577
20211111,7호선,마들,13195,12547,25742
20211111,7호선,노원,19051,20377,39428
20211111,7호선,중계,14615,13274,27889
20211111,7호선,하계,18170,16909,35079
20211111,7호선,공릉,12171,12057,24228
20211111,7호선,태릉입구,8567,8213,16780
20211111,7호선,먹골,10343,9860,20203
20211111,7호선,중화,11248,11031,22279
20211111,7호선,반포,5975,5620,11595
20211111,7호선,면목,16798,16196,32994
20211111,7호선,사가정,16662,16519,33181
20211111,7호선,용마산,6465,6212,12677
20211111,7호선,중곡,10587,9875,20462
20211111,7호선,군자,15103,12302,27405
20211111,7호선,어린이대공원,13099,13034,26133
20211111,7호선,건대입구,12576,13087,25663
20211111,7호선,뚝섬유원지,7684,7493,15177
20211111,7호선,청담,19993,22742,42735
20211111,7호선,강남구청,16942,18875,35817
20211111,7호선,학동,25292,27123,52415
20211111,7호선,상봉,17449,16403,33852
20211112,7호선,대림,7817,8014,15831
20211112,7호선,신풍,11937,11297,23234
20211112,7호선,보라매,10093,9624,19717
20211112,7호선,신대방삼거리,16980,15713,32693
20211112,7호선,이수,16485,15996,32481
20211112,7호선,상도,11001,10176,21177
20211112,7호선,숭실대입구,13503,13120,26623
20211112,7호선,남성,11367,10030,21397
20211112,7호선,남구로,15963,16786,32749
20211112,7호선,장승배기,9594,9204,18798
20211112,7호선,가산디지털단지,47053,46517,93570
20211112,7호선,부천종합운동장,4838,4282,9120
20211112,7호선,광명사거리,23389,22790,46179
20211112,7호선,천왕,11954,10836,22790
20211112,7호선,온수,10761,10108,20869
20211112,7호선,까치울,8271,7813,16084
20211112,7호선,춘의,10390,9917,20307
20211112,7호선,신중동,14865,14900,29765
20211112,7호선,부천시청,13379,13432,26811
20211112,7호선,상동,13635,14536,28171
20211112,7호선,삼산체육관,5653,4796,10449
20211112,7호선,굴포천,9427,9893,19320
20211112,7호선,내방,14737,14928,29665
20211112,7호선,철산,22066,22997,45063
20211112,7호선,부평구청,7628,6877,14505
20211112,7호선,고속터미널,18368,15006,33374
20211112,7호선,논현,21063,23661,44724
20211112,7호선,반포,5993,5772,11765
20211112,7호선,장암,2405,993,3398
20211112,7호선,도봉산,9429,10745,20174
20211112,7호선,수락산,12855,12250,25105
20211112,7호선,마들,13349,12192,25541
20211112,7호선,노원,20061,21722,41783
20211112,7호선,중계,14511,12777,27288
20211112,7호선,공릉,12446,12318,24764
20211112,7호선,태릉입구,8778,8331,17109
20211112,7호선,먹골,10442,9871,20313
20211112,7호선,중화,11387,10919,22306
20211112,7호선,하계,18430,16854,35284
20211112,7호선,면목,16844,16012,32856
20211112,7호선,상봉,17957,16915,34872
20211112,7호선,강남구청,16971,19015,35986
20211112,7호선,청담,19309,22532,41841
20211112,7호선,뚝섬유원지,7961,7617,15578
20211112,7호선,건대입구,12628,13612,26240
20211112,7호선,학동,24639,26408,51047
20211112,7호선,군자,15460,12224,27684
20211112,7호선,중곡,10918,9980,20898
20211112,7호선,용마산,6404,5829,12233
20211112,7호선,사가정,16812,16684,33496
20211112,7호선,어린이대공원,13716,13273,26989
20211113,7호선,논현,11420,12830,24250
20211113,7호선,용마산,4493,4554,9047
20211113,7호선,학동,11771,12431,24202
20211113,7호선,강남구청,10104,11039,21143
20211113,7호선,청담,12093,13242,25335
20211113,7호선,뚝섬유원지,7147,6677,13824
20211113,7호선,건대입구,10410,11255,21665
20211113,7호선,어린이대공원,9619,9299,18918
20211113,7호선,군자,10820,8138,18958
20211113,7호선,중곡,7062,6561,13623
20211113,7호선,사가정,12459,11893,24352
20211113,7호선,공릉,8993,8543,17536
20211113,7호선,상봉,13056,12697,25753
20211113,7호선,중화,7920,7364,15284
20211113,7호선,먹골,8310,8002,16312
20211113,7호선,태릉입구,6793,6174,12967
20211113,7호선,하계,12394,11221,23615
20211113,7호선,중계,9666,8449,18115
20211113,7호선,노원,15658,16331,31989
20211113,7호선,마들,8896,8375,17271
20211113,7호선,수락산,10145,9869,20014
20211113,7호선,도봉산,6775,9198,15973
20211113,7호선,장암,1747,1283,3030
20211113,7호선,면목,11253,10725,21978
20211113,7호선,반포,4395,4098,8493
20211113,7호선,고속터미널,15393,11835,27228
20211113,7호선,이수,11963,11432,23395
20211113,7호선,부평구청,5148,4516,9664
20211113,7호선,굴포천,6760,6997,13757
20211113,7호선,삼산체육관,3751,3374,7125
20211113,7호선,상동,11365,11799,23164
20211113,7호선,부천시청,9855,9655,19510
20211113,7호선,신중동,9939,9923,19862
20211113,7호선,춘의,5139,4815,9954
20211113,7호선,부천종합운동장,3186,2809,5995
20211113,7호선,까치울,5645,5654,11299
20211113,7호선,온수,5833,5816,11649
20211113,7호선,천왕,6922,6533,13455
20211113,7호선,내방,7933,7786,15719
20211113,7호선,철산,15748,15688,31436
20211113,7호선,가산디지털단지,16518,15011,31529
20211113,7호선,남구로,8081,8529,16610
20211113,7호선,대림,6981,7666,14647
20211113,7호선,신풍,8283,7785,16068
20211113,7호선,보라매,7018,6551,13569
20211113,7호선,신대방삼거리,11426,10350,21776
20211113,7호선,장승배기,6724,6228,12952
20211113,7호선,상도,7467,6618,14085
20211113,7호선,숭실대입구,8695,8439,17134
20211113,7호선,남성,7714,6905,14619
20211113,7호선,광명사거리,17039,16773,33812
20211114,7호선,중곡,5096,4928,10024
20211114,7호선,군자,7527,5772,13299
20211114,7호선,어린이대공원,7287,7499,14786
20211114,7호선,건대입구,7627,7978,15605
20211114,7호선,논현,6341,6638,12979
20211114,7호선,청담,6900,7519,14419
20211114,7호선,강남구청,5823,6280,12103
20211114,7호선,학동,6989,7749,14738
20211114,7호선,용마산,3532,3770,7302
20211114,7호선,뚝섬유원지,6192,5537,11729
20211114,7호선,사가정,9025,8615,17640
20211114,7호선,공릉,6531,6707,13238
20211114,7호선,상봉,9182,8587,17769
20211114,7호선,중화,5542,5403,10945
20211114,7호선,먹골,6018,5996,12014
20211114,7호선,태릉입구,4942,4513,9455
20211114,7호선,하계,9229,8721,17950
20211114,7호선,중계,6543,6181,12724
20211114,7호선,노원,10855,10873,21728
20211114,7호선,마들,6017,5691,11708
20211114,7호선,수락산,8190,8058,16248
20211114,7호선,도봉산,5766,8227,13993
20211114,7호선,반포,2792,2720,5512
20211114,7호선,면목,7857,7842,15699
20211114,7호선,고속터미널,13868,8490,22358
20211114,7호선,장암,1406,1061,2467
20211114,7호선,이수,8364,8179,16543
20211114,7호선,부평구청,3744,3317,7061
20211114,7호선,굴포천,4809,4790,9599
20211114,7호선,삼산체육관,3340,3269,6609
20211114,7호선,상동,7832,7699,15531
20211114,7호선,부천시청,6766,6759,13525
20211114,7호선,신중동,6842,6746,13588
20211114,7호선,춘의,3549,3346,6895
20211114,7호선,부천종합운동장,2404,2246,4650
20211114,7호선,까치울,4403,4286,8689
20211114,7호선,온수,3976,4063,8039
20211114,7호선,천왕,4953,4734,9687
20211114,7호선,내방,4972,5141,10113
20211114,7호선,철산,10693,10563,21256
20211114,7호선,가산디지털단지,12066,11050,23116
20211114,7호선,남구로,6533,6400,12933
20211114,7호선,대림,7569,7142,14711
20211114,7호선,신풍,6260,6023,12283
20211114,7호선,보라매,4899,4944,9843
20211114,7호선,신대방삼거리,7915,7824,15739
20211114,7호선,장승배기,4796,4670,9466
20211114,7호선,상도,5219,5209,10428
20211114,7호선,숭실대입구,5943,6402,12345
20211114,7호선,남성,5410,5319,10729
20211114,7호선,광명사거리,12477,12332,24809
20211115,7호선,대림,8159,8099,16258
20211115,7호선,신풍,11746,11208,22954
20211115,7호선,보라매,9780,9760,19540
20211115,7호선,신대방삼거리,16495,15751,32246
20211115,7호선,이수,15445,15046,30491
20211115,7호선,상도,10618,10278,20896
20211115,7호선,숭실대입구,13118,13438,26556
20211115,7호선,남성,10893,10131,21024
20211115,7호선,남구로,16296,17093,33389
20211115,7호선,장승배기,9431,9119,18550
20211115,7호선,가산디지털단지,48094,48108,96202
20211115,7호선,부천종합운동장,4862,4245,9107
20211115,7호선,광명사거리,22412,21997,44409
20211115,7호선,천왕,11616,10939,22555
20211115,7호선,온수,10726,9764,20490
20211115,7호선,까치울,7969,7418,15387
20211115,7호선,춘의,10152,9950,20102
20211115,7호선,신중동,14351,14412,28763
20211115,7호선,부천시청,11912,11794,23706
20211115,7호선,상동,13025,13482,26507
20211115,7호선,삼산체육관,5432,4851,10283
20211115,7호선,굴포천,9179,9462,18641
20211115,7호선,내방,14621,14887,29508
20211115,7호선,철산,21049,21597,42646
20211115,7호선,부평구청,7562,6697,14259
20211115,7호선,고속터미널,16083,13236,29319
20211115,7호선,논현,20546,22377,42923
20211115,7호선,반포,5810,5562,11372
20211115,7호선,장암,2342,888,3230
20211115,7호선,도봉산,9566,10915,20481
20211115,7호선,수락산,12556,12282,24838
20211115,7호선,마들,12844,12205,25049
20211115,7호선,노원,18927,20044,38971
20211115,7호선,중계,14462,13244,27706
20211115,7호선,공릉,11488,11428,22916
20211115,7호선,태릉입구,8242,7922,16164
20211115,7호선,먹골,9982,9708,19690
20211115,7호선,중화,10881,10534,21415
20211115,7호선,하계,17224,16230,33454
20211115,7호선,면목,16396,16102,32498
20211115,7호선,상봉,16783,15849,32632
20211115,7호선,강남구청,16167,17841,34008
20211115,7호선,청담,19445,21734,41179
20211115,7호선,뚝섬유원지,7692,7330,15022
20211115,7호선,건대입구,11791,12353,24144
20211115,7호선,학동,24528,26076,50604
20211115,7호선,군자,14662,12094,26756
20211115,7호선,중곡,10264,9686,19950
20211115,7호선,용마산,6184,5894,12078
20211115,7호선,사가정,16312,16319,32631
20211115,7호선,어린이대공원,12528,12326,24854
20211116,7호선,가산디지털단지,48589,48890,97479
20211116,7호선,남성,11239,10266,21505
20211116,7호선,숭실대입구,13443,13812,27255
20211116,7호선,상도,10756,10283,21039
20211116,7호선,장승배기,9477,9302,18779
20211116,7호선,신대방삼거리,16913,16179,33092
20211116,7호선,보라매,10085,10017,20102
20211116,7호선,신풍,12032,11536,23568
20211116,7호선,대림,7905,7942,15847
20211116,7호선,남구로,16444,17323,33767
20211116,7호선,부평구청,7844,7046,14890
20211116,7호선,이수,15664,15614,31278
20211116,7호선,광명사거리,22897,22269,45166
20211116,7호선,천왕,11912,11171,23083
20211116,7호선,온수,11001,10064,21065
20211116,7호선,까치울,8143,7738,15881
20211116,7호선,부천종합운동장,4964,4410,9374
20211116,7호선,춘의,10457,10194,20651
20211116,7호선,신중동,14552,14553,29105
20211116,7호선,부천시청,12925,12953,25878
20211116,7호선,상동,13203,13720,26923
20211116,7호선,삼산체육관,5569,4964,10533
20211116,7호선,굴포천,9378,9807,19185
20211116,7호선,철산,21544,22178,43722
20211116,7호선,내방,15002,15209,30211
20211116,7호선,면목,16706,16289,32995
20211116,7호선,반포,5900,5771,11671
20211116,7호선,장암,2419,907,3326
20211116,7호선,도봉산,9774,11311,21085
20211116,7호선,수락산,12875,12599,25474
20211116,7호선,마들,13003,12206,25209
20211116,7호선,노원,19395,20470,39865
20211116,7호선,중계,14760,13365,28125
20211116,7호선,하계,17565,16533,34098
20211116,7호선,공릉,11963,11927,23890
20211116,7호선,태릉입구,8536,8168,16704
20211116,7호선,먹골,10113,9833,19946
20211116,7호선,중화,11241,10967,22208
20211116,7호선,고속터미널,15398,13280,28678
20211116,7호선,사가정,16443,16425,32868
20211116,7호선,용마산,6423,6133,12556
20211116,7호선,중곡,10729,10047,20776
20211116,7호선,군자,15086,12247,27333
20211116,7호선,어린이대공원,12916,13059,25975
20211116,7호선,건대입구,11895,12271,24166
20211116,7호선,뚝섬유원지,7691,7504,15195
20211116,7호선,청담,19822,22399,42221
20211116,7호선,강남구청,17061,18919,35980
20211116,7호선,학동,25235,26907,52142
20211116,7호선,논현,21111,23004,44115
20211116,7호선,상봉,17316,16467,33783
20211117,7호선,남구로,16396,17271,33667
20211117,7호선,대림,7754,7958,15712
20211117,7호선,신풍,11990,11448,23438
20211117,7호선,보라매,10111,10116,20227
20211117,7호선,남성,11270,10204,21474
20211117,7호선,장승배기,9664,9309,18973
20211117,7호선,상도,10859,10302,21161
20211117,7호선,숭실대입구,13516,13743,27259
20211117,7호선,가산디지털단지,48469,48530,96999
20211117,7호선,신대방삼거리,16857,16196,33053
20211117,7호선,철산,21822,22338,44160
20211117,7호선,춘의,10564,10350,20914
20211117,7호선,천왕,12037,11317,23354
20211117,7호선,온수,11286,10506,21792
20211117,7호선,까치울,8178,7794,15972
20211117,7호선,부천종합운동장,4931,4292,9223
20211117,7호선,신중동,14784,14661,29445
20211117,7호선,상동,13557,14167,27724
20211117,7호선,삼산체육관,5620,5015,10635
20211117,7호선,굴포천,9396,9866,19262
20211117,7호선,부평구청,7799,6974,14773
20211117,7호선,부천시청,12981,13036,26017
20211117,7호선,이수,16168,15689,31857
20211117,7호선,광명사거리,23181,22536,45717
20211117,7호선,내방,15161,15422,30583
20211117,7호선,고속터미널,15504,13590,29094
20211117,7호선,반포,6048,5747,11795
20211117,7호선,도봉산,9921,11500,21421
20211117,7호선,수락산,12992,12628,25620
20211117,7호선,마들,13377,12781,26158
20211117,7호선,노원,19606,21020,40626
20211117,7호선,중계,15038,13557,28595
20211117,7호선,하계,18572,17305,35877
20211117,7호선,공릉,11971,11859,23830
20211117,7호선,태릉입구,8698,8217,16915
20211117,7호선,먹골,10245,9821,20066
20211117,7호선,중화,11112,10935,22047
20211117,7호선,상봉,17261,16154,33415
20211117,7호선,장암,2451,953,3404
20211117,7호선,사가정,16796,16615,33411
20211117,7호선,용마산,6265,6065,12330
20211117,7호선,중곡,10720,10107,20827
20211117,7호선,군자,15094,12345,27439
20211117,7호선,어린이대공원,12650,12481,25131
20211117,7호선,건대입구,11967,12306,24273
20211117,7호선,뚝섬유원지,7910,7680,15590
20211117,7호선,청담,19846,22389,42235
20211117,7호선,강남구청,17186,18960,36146
20211117,7호선,학동,25430,27004,52434
20211117,7호선,논현,20986,22843,43829
20211117,7호선,면목,16621,16230,32851
20211118,7호선,중곡,10639,9926,20565
20211118,7호선,군자,14823,11961,26784
20211118,7호선,어린이대공원,12477,12264,24741
20211118,7호선,건대입구,11700,12543,24243
20211118,7호선,논현,20235,22240,42475
20211118,7호선,청담,19645,22237,41882
20211118,7호선,강남구청,16929,18801,35730
20211118,7호선,학동,24804,26595,51399
20211118,7호선,용마산,6096,5840,11936
20211118,7호선,뚝섬유원지,7989,7554,15543
20211118,7호선,사가정,16288,16049,32337
20211118,7호선,공릉,11799,11691,23490
20211118,7호선,상봉,17067,16101,33168
20211118,7호선,중화,11105,10723,21828
20211118,7호선,먹골,9963,9605,19568
20211118,7호선,태릉입구,8436,8219,16655
20211118,7호선,하계,17926,16551,34477
20211118,7호선,중계,14444,12952,27396
20211118,7호선,노원,18952,20107,39059
20211118,7호선,마들,13002,12233,25235
20211118,7호선,수락산,12674,12165,24839
20211118,7호선,도봉산,9430,10727,20157
20211118,7호선,반포,5841,5566,11407
20211118,7호선,면목,16334,15786,32120
20211118,7호선,고속터미널,15501,13449,28950
20211118,7호선,장암,2326,836,3162
20211118,7호선,이수,15657,15394,31051
20211118,7호선,부평구청,7562,6869,14431
20211118,7호선,굴포천,9417,9820,19237
20211118,7호선,삼산체육관,5978,5392,11370
20211118,7호선,상동,13133,13695,26828
20211118,7호선,부천시청,12904,12807,25711
20211118,7호선,신중동,14384,14413,28797
20211118,7호선,춘의,10341,9981,20322
20211118,7호선,부천종합운동장,4856,4218,9074
20211118,7호선,까치울,7950,7540,15490
20211118,7호선,온수,10803,10212,21015
20211118,7호선,천왕,11746,10977,22723
20211118,7호선,내방,14764,15117,29881
20211118,7호선,철산,21153,21788,42941
20211118,7호선,가산디지털단지,47447,47888,95335
20211118,7호선,남구로,15989,16922,32911
20211118,7호선,대림,7826,7789,15615
20211118,7호선,신풍,11853,11206,23059
20211118,7호선,보라매,9852,9699,19551
20211118,7호선,신대방삼거리,16969,16093,33062
20211118,7호선,장승배기,9370,9081,18451
20211118,7호선,상도,10688,10100,20788
20211118,7호선,숭실대입구,12938,13193,26131
20211118,7호선,남성,11148,10129,21277
20211118,7호선,광명사거리,22558,22173,44731
20211119,7호선,대림,7948,8038,15986
20211119,7호선,신풍,11825,11093,22918
20211119,7호선,보라매,9917,9490,19407
20211119,7호선,신대방삼거리,16826,15599,32425
20211119,7호선,이수,16420,16276,32696
20211119,7호선,상도,11301,10431,21732
20211119,7호선,숭실대입구,15259,14459,29718
20211119,7호선,남성,11305,10082,21387
20211119,7호선,남구로,15610,16618,32228
20211119,7호선,장승배기,9532,9137,18669
20211119,7호선,가산디지털단지,46130,45853,91983
20211119,7호선,부천종합운동장,5071,4287,9358
20211119,7호선,광명사거리,23169,22575,45744
20211119,7호선,천왕,11877,10811,22688
20211119,7호선,온수,10825,10001,20826
20211119,7호선,까치울,8087,7708,15795
20211119,7호선,춘의,10237,9941,20178
20211119,7호선,신중동,14894,15186,30080
20211119,7호선,부천시청,13589,13475,27064
20211119,7호선,상동,13707,14471,28178
20211119,7호선,삼산체육관,5519,4738,10257
20211119,7호선,굴포천,9541,9959,19500
20211119,7호선,내방,14946,15120,30066
20211119,7호선,철산,22169,22954,45123
20211119,7호선,고속터미널,18655,15137,33792
20211119,7호선,부평구청,7775,6908,14683
20211119,7호선,논현,20918,23620,44538
20211119,7호선,장암,2441,1038,3479
20211119,7호선,도봉산,9467,10753,20220
20211119,7호선,수락산,12940,12291,25231
20211119,7호선,마들,13222,12157,25379
20211119,7호선,노원,19845,21596,41441
20211119,7호선,중계,14623,12915,27538
20211119,7호선,하계,18136,16326,34462
20211119,7호선,공릉,12515,11943,24458
20211119,7호선,태릉입구,8996,8613,17609
20211119,7호선,먹골,10266,9852,20118
20211119,7호선,중화,11143,10593,21736
20211119,7호선,반포,6216,5757,11973
20211119,7호선,면목,16803,16018,32821
20211119,7호선,사가정,16794,16486,33280
20211119,7호선,용마산,6210,5818,12028
20211119,7호선,중곡,10521,9844,20365
20211119,7호선,군자,15405,12224,27629
20211119,7호선,어린이대공원,13376,12949,26325
20211119,7호선,건대입구,12402,13393,25795
20211119,7호선,뚝섬유원지,8796,8392,17188
20211119,7호선,청담,19369,22343,41712
20211119,7호선,강남구청,16594,18811,35405
20211119,7호선,학동,24020,26006,50026
20211119,7호선,상봉,17817,16932,34749
20211120,7호선,중곡,7078,6391,13469
20211120,7호선,군자,10955,8156,19111
20211120,7호선,어린이대공원,10850,10859,21709
20211120,7호선,건대입구,14802,14799,29601
20211120,7호선,논현,11252,12453,23705
20211120,7호선,청담,12094,13071,25165
20211120,7호선,강남구청,10124,11217,21341
20211120,7호선,학동,11301,11908,23209
20211120,7호선,용마산,4580,4490,9070
20211120,7호선,뚝섬유원지,7251,6733,13984
20211120,7호선,사가정,12525,11916,24441
20211120,7호선,공릉,9181,8824,18005
20211120,7호선,상봉,13360,12547,25907
20211120,7호선,중화,7782,7374,15156
20211120,7호선,먹골,8414,8166,16580
20211120,7호선,태릉입구,6882,6309,13191
20211120,7호선,하계,12827,11546,24373
20211120,7호선,중계,10318,9098,19416
20211120,7호선,노원,16131,17052,33183
20211120,7호선,마들,9127,8214,17341
20211120,7호선,수락산,10068,9620,19688
20211120,7호선,도봉산,6707,8856,15563
20211120,7호선,반포,4513,4232,8745
20211120,7호선,면목,11461,10799,22260
20211120,7호선,장암,1607,1139,2746
20211120,7호선,고속터미널,15821,12292,28113
20211120,7호선,이수,12069,11583,23652
20211120,7호선,내방,7984,7808,15792
20211120,7호선,부평구청,5042,4409,9451
20211120,7호선,굴포천,6838,6924,13762
20211120,7호선,삼산체육관,3764,3362,7126
20211120,7호선,상동,11041,11345,22386
20211120,7호선,부천시청,9445,9283,18728
20211120,7호선,신중동,9869,9969,19838
20211120,7호선,부천종합운동장,3260,2853,6113
20211120,7호선,까치울,5619,5521,11140
20211120,7호선,온수,5745,5753,11498
20211120,7호선,천왕,7247,6633,13880
20211120,7호선,춘의,5181,4890,10071
20211120,7호선,철산,15313,15470,30783
20211120,7호선,광명사거리,16561,16412,32973
20211120,7호선,숭실대입구,11315,10452,21767
20211120,7호선,상도,7464,6775,14239
20211120,7호선,장승배기,6788,6410,13198
20211120,7호선,신대방삼거리,11434,10297,21731
20211120,7호선,남성,7674,6816,14490
20211120,7호선,신풍,8131,7631,15762
20211120,7호선,대림,7188,7863,15051
20211120,7호선,남구로,8233,8655,16888
20211120,7호선,가산디지털단지,15424,13960,29384
20211120,7호선,보라매,6636,6188,12824
20211121,7호선,용마산,3125,3375,6500
20211121,7호선,논현,6098,6637,12735
20211121,7호선,학동,6424,6813,13237
20211121,7호선,강남구청,5764,6233,11997
20211121,7호선,청담,7033,7693,14726
20211121,7호선,뚝섬유원지,4994,4798,9792
20211121,7호선,건대입구,7432,8037,15469
20211121,7호선,어린이대공원,6264,6309,12573
20211121,7호선,군자,7451,5979,13430
20211121,7호선,중곡,5109,4917,10026
20211121,7호선,사가정,8839,8562,17401
20211121,7호선,반포,2871,2883,5754
20211121,7호선,상봉,9302,8801,18103
20211121,7호선,중화,5563,5376,10939
20211121,7호선,먹골,5578,5579,11157
20211121,7호선,태릉입구,4674,4420,9094
20211121,7호선,공릉,6330,6436,12766
20211121,7호선,하계,8998,8586,17584
20211121,7호선,중계,6803,6277,13080
20211121,7호선,노원,10860,10745,21605
20211121,7호선,마들,5943,5575,11518
20211121,7호선,수락산,7571,7358,14929
20211121,7호선,도봉산,4888,6981,11869
20211121,7호선,면목,7870,7650,15520
20211121,7호선,고속터미널,14364,8610,22974
20211121,7호선,장암,1217,872,2089
20211121,7호선,이수,8349,7977,16326
20211121,7호선,부평구청,3532,3116,6648
20211121,7호선,굴포천,4666,4735,9401
20211121,7호선,삼산체육관,2485,2319,4804
20211121,7호선,상동,7403,7400,14803
20211121,7호선,부천시청,6736,6491,13227
20211121,7호선,신중동,6529,6515,13044
20211121,7호선,춘의,3456,3337,6793
20211121,7호선,부천종합운동장,2368,2021,4389
20211121,7호선,까치울,4032,3999,8031
20211121,7호선,온수,3800,3979,7779
20211121,7호선,천왕,4722,4525,9247
20211121,7호선,내방,5064,5236,10300
20211121,7호선,철산,10057,10180,20237
20211121,7호선,남성,5268,5330,10598
20211121,7호선,숭실대입구,5634,6093,11727
20211121,7호선,상도,5094,5131,10225
20211121,7호선,장승배기,4748,4665,9413
20211121,7호선,신대방삼거리,7829,7664,15493
20211121,7호선,광명사거리,11887,11794,23681
20211121,7호선,신풍,6099,5750,11849
20211121,7호선,대림,6967,6612,13579
20211121,7호선,남구로,6505,6332,12837
20211121,7호선,가산디지털단지,10885,10147,21032
20211121,7호선,보라매,4222,4285,8507
20211122,7호선,남구로,16496,17341,33837
20211122,7호선,이수,15292,14918,30210
20211122,7호선,남성,10941,10337,21278
20211122,7호선,숭실대입구,13144,13462,26606
20211122,7호선,상도,10506,10170,20676
20211122,7호선,장승배기,9469,9367,18836
20211122,7호선,신대방삼거리,16591,15995,32586
20211122,7호선,보라매,10161,10050,20211
20211122,7호선,신풍,11517,11113,22630
20211122,7호선,대림,8214,8064,16278
20211122,7호선,가산디지털단지,48018,47645,95663
20211122,7호선,부천종합운동장,4741,4171,8912
20211122,7호선,광명사거리,22305,21839,44144
20211122,7호선,천왕,11628,11086,22714
20211122,7호선,온수,10938,10143,21081
20211122,7호선,까치울,7887,7422,15309
20211122,7호선,내방,14730,15049,29779
20211122,7호선,춘의,10274,10231,20505
20211122,7호선,신중동,14564,14404,28968
20211122,7호선,부천시청,12816,12778,25594
20211122,7호선,상동,13014,13431,26445
20211122,7호선,삼산체육관,5449,4965,10414
20211122,7호선,굴포천,9161,9629,18790
20211122,7호선,철산,20932,21614,42546
20211122,7호선,고속터미널,16237,13454,29691
20211122,7호선,부평구청,7591,6768,14359
20211122,7호선,논현,20346,22348,42694
20211122,7호선,장암,2384,863,3247
20211122,7호선,도봉산,9199,10483,19682
20211122,7호선,수락산,12458,12098,24556
20211122,7호선,마들,12860,12298,25158
20211122,7호선,노원,19120,19947,39067
20211122,7호선,중계,14160,12994,27154
20211122,7호선,하계,17845,16773,34618
20211122,7호선,공릉,13091,12913,26004
20211122,7호선,태릉입구,8247,7926,16173
20211122,7호선,먹골,10220,9968,20188
20211122,7호선,중화,10970,10839,21809
20211122,7호선,반포,5863,5641,11504
20211122,7호선,면목,16627,16241,32868
20211122,7호선,사가정,16316,16333,32649
20211122,7호선,용마산,6142,5996,12138
20211122,7호선,중곡,11112,10185,21297
20211122,7호선,군자,14623,11955,26578
20211122,7호선,어린이대공원,12395,12527,24922
20211122,7호선,건대입구,12012,12421,24433
20211122,7호선,뚝섬유원지,6987,6908,13895
20211122,7호선,청담,19365,21843,41208
20211122,7호선,강남구청,16218,17953,34171
20211122,7호선,학동,24789,26295,51084
20211122,7호선,상봉,16772,15852,32624
20211123,7호선,중곡,11042,10227,21269
20211123,7호선,군자,15013,12072,27085
20211123,7호선,어린이대공원,12516,12558,25074
20211123,7호선,건대입구,11953,12625,24578
20211123,7호선,논현,20891,22988,43879
20211123,7호선,청담,19979,22626,42605
20211123,7호선,강남구청,17059,18797,35856
20211123,7호선,학동,25471,27076,52547
20211123,7호선,용마산,6297,6057,12354
20211123,7호선,뚝섬유원지,6983,6848,13831
20211123,7호선,사가정,16393,16373,32766
20211123,7호선,공릉,13082,12840,25922
20211123,7호선,상봉,17049,15749,32798
20211123,7호선,중화,11134,11041,22175
20211123,7호선,먹골,10161,9854,20015
20211123,7호선,태릉입구,8614,8133,16747
20211123,7호선,하계,18220,17092,35312
20211123,7호선,중계,14400,13229,27629
20211123,7호선,노원,19260,20264,39524
20211123,7호선,마들,12938,12416,25354
20211123,7호선,수락산,12572,12249,24821
20211123,7호선,도봉산,9336,10700,20036
20211123,7호선,반포,5982,5674,11656
20211123,7호선,면목,16638,16319,32957
20211123,7호선,장암,2369,896,3265
20211123,7호선,고속터미널,15243,13476,28719
20211123,7호선,이수,15588,15498,31086
20211123,7호선,내방,14888,15188,30076
20211123,7호선,부평구청,7834,6994,14828
20211123,7호선,굴포천,9597,10060,19657
20211123,7호선,삼산체육관,6154,5789,11943
20211123,7호선,상동,13303,13923,27226
20211123,7호선,부천시청,13001,12878,25879
20211123,7호선,신중동,14598,14374,28972
20211123,7호선,부천종합운동장,4811,4171,8982
20211123,7호선,까치울,7924,7569,15493
20211123,7호선,온수,10982,10185,21167
20211123,7호선,천왕,11813,11246,23059
20211123,7호선,춘의,10440,10195,20635
20211123,7호선,철산,21393,21769,43162
20211123,7호선,광명사거리,22448,22220,44668
20211123,7호선,숭실대입구,13335,13547,26882
20211123,7호선,상도,10734,10432,21166
20211123,7호선,장승배기,9501,9239,18740
20211123,7호선,신대방삼거리,16833,16129,32962
20211123,7호선,남성,11164,10439,21603
20211123,7호선,신풍,11923,11339,23262
20211123,7호선,대림,8022,7898,15920
20211123,7호선,남구로,16340,17335,33675
20211123,7호선,가산디지털단지,48533,48503,97036
20211123,7호선,보라매,10255,10167,20422
20211124,7호선,논현,20686,22625,43311
20211124,7호선,용마산,6377,6134,12511
20211124,7호선,학동,25480,27178,52658
20211124,7호선,강남구청,17057,18989,36046
20211124,7호선,청담,20169,22822,42991
20211124,7호선,뚝섬유원지,7492,7192,14684
20211124,7호선,건대입구,12016,12636,24652
20211124,7호선,어린이대공원,12352,12191,24543
20211124,7호선,군자,15051,12042,27093
20211124,7호선,중곡,11269,10360,21629
20211124,7호선,사가정,16557,16543,33100
20211124,7호선,공릉,12252,12171,24423
20211124,7호선,상봉,17043,16063,33106
20211124,7호선,중화,11171,11075,22246
20211124,7호선,먹골,10231,9841,20072
20211124,7호선,태릉입구,8614,8054,16668
20211124,7호선,하계,18790,17555,36345
20211124,7호선,중계,14547,13342,27889
20211124,7호선,노원,19048,20192,39240
20211124,7호선,마들,13257,12474,25731
20211124,7호선,수락산,12707,12302,25009
20211124,7호선,도봉산,9439,10948,20387
20211124,7호선,장암,2406,865,3271
20211124,7호선,면목,16710,16263,32973
20211124,7호선,반포,5801,5622,11423
20211124,7호선,고속터미널,15264,13379,28643
20211124,7호선,이수,15705,15254,30959
20211124,7호선,부평구청,7690,6939,14629
20211124,7호선,굴포천,9616,10089,19705
20211124,7호선,삼산체육관,5563,5029,10592
20211124,7호선,상동,13491,14059,27550
20211124,7호선,부천시청,13099,13130,26229
20211124,7호선,신중동,14691,14705,29396
20211124,7호선,춘의,10364,10213,20577
20211124,7호선,부천종합운동장,4964,4314,9278
20211124,7호선,까치울,7969,7487,15456
20211124,7호선,온수,11330,10486,21816
20211124,7호선,천왕,11852,11110,22962
20211124,7호선,내방,14996,15409,30405
20211124,7호선,철산,21433,22037,43470
20211124,7호선,가산디지털단지,47970,48233,96203
20211124,7호선,남구로,16183,17175,33358
20211124,7호선,대림,7825,7917,15742
20211124,7호선,신풍,11878,11400,23278
20211124,7호선,보라매,10307,10191,20498
20211124,7호선,신대방삼거리,16891,16117,33008
20211124,7호선,장승배기,9465,9427,18892
20211124,7호선,상도,10904,10417,21321
20211124,7호선,숭실대입구,13485,13676,27161
20211124,7호선,남성,11205,10421,21626
20211124,7호선,광명사거리,23013,22620,45633
20211125,7호선,중곡,10856,10084,20940
20211125,7호선,군자,15300,12075,27375
20211125,7호선,어린이대공원,12508,12619,25127
20211125,7호선,건대입구,12105,12804,24909
20211125,7호선,논현,20746,22980,43726
20211125,7호선,청담,20146,23058,43204
20211125,7호선,강남구청,17285,19275,36560
20211125,7호선,학동,25298,27080,52378
20211125,7호선,용마산,6302,5983,12285
20211125,7호선,뚝섬유원지,7529,7300,14829
20211125,7호선,사가정,16713,16553,33266
20211125,7호선,공릉,12439,12282,24721
20211125,7호선,상봉,17191,16141,33332
20211125,7호선,중화,11297,11064,22361
20211125,7호선,먹골,10278,9893,20171
20211125,7호선,태릉입구,8786,8364,17150
20211125,7호선,하계,18735,17442,36177
20211125,7호선,중계,14602,13267,27869
20211125,7호선,노원,19285,20400,39685
20211125,7호선,마들,13462,12628,26090
20211125,7호선,수락산,13025,12710,25735
20211125,7호선,도봉산,9425,11100,20525
20211125,7호선,반포,6057,5767,11824
20211125,7호선,면목,16864,16358,33222
20211125,7호선,고속터미널,15479,13489,28968
20211125,7호선,장암,2397,878,3275
20211125,7호선,이수,15996,15469,31465
20211125,7호선,부평구청,7769,7079,14848
20211125,7호선,굴포천,9511,9832,19343
20211125,7호선,삼산체육관,5707,5078,10785
20211125,7호선,상동,13441,14162,27603
20211125,7호선,부천시청,13026,13015,26041
20211125,7호선,신중동,14743,14875,29618
20211125,7호선,춘의,10340,10081,20421
20211125,7호선,부천종합운동장,5183,4506,9689
20211125,7호선,까치울,8074,7612,15686
20211125,7호선,온수,11457,10709,22166
20211125,7호선,천왕,11909,11251,23160
20211125,7호선,내방,14962,15412,30374
20211125,7호선,철산,21417,21817,43234
20211125,7호선,가산디지털단지,48223,48274,96497
20211125,7호선,남구로,16196,17302,33498
20211125,7호선,대림,7971,7992,15963
20211125,7호선,신풍,11894,11420,23314
20211125,7호선,보라매,10464,10453,20917
20211125,7호선,신대방삼거리,17071,16388,33459
20211125,7호선,장승배기,9655,9346,19001
20211125,7호선,상도,10860,10424,21284
20211125,7호선,숭실대입구,13516,13565,27081
20211125,7호선,남성,11425,10411,21836
20211125,7호선,광명사거리,23312,23049,46361
20211126,7호선,대림,7927,8060,15987
20211126,7호선,신풍,12061,11446,23507
20211126,7호선,보라매,10487,10098,20585
20211126,7호선,신대방삼거리,17204,15948,33152
20211126,7호선,이수,16568,16243,32811
20211126,7호선,상도,11050,10319,21369
20211126,7호선,숭실대입구,13399,13048,26447
20211126,7호선,남성,11465,10239,21704
20211126,7호선,남구로,15864,16802,32666
20211126,7호선,장승배기,9733,9168,18901
20211126,7호선,가산디지털단지,47026,46468,93494
20211126,7호선,부천종합운동장,5209,4506,9715
20211126,7호선,광명사거리,23581,22990,46571
20211126,7호선,천왕,11795,10839,22634
20211126,7호선,온수,11194,10217,21411
20211126,7호선,까치울,8055,7686,15741
20211126,7호선,춘의,10270,9950,20220
20211126,7호선,신중동,14941,15206,30147
20211126,7호선,부천시청,13627,13580,27207
20211126,7호선,상동,13865,14682,28547
20211126,7호선,삼산체육관,5513,4850,10363
20211126,7호선,굴포천,9592,10098,19690
20211126,7호선,내방,15049,15317,30366
20211126,7호선,철산,22026,22777,44803
20211126,7호선,부평구청,7898,7022,14920
20211126,7호선,고속터미널,18102,14746,32848
20211126,7호선,논현,21035,23991,45026
20211126,7호선,반포,6224,5884,12108
20211126,7호선,장암,2333,999,3332
20211126,7호선,도봉산,9261,10459,19720
20211126,7호선,수락산,13179,12524,25703
20211126,7호선,마들,13451,12534,25985
20211126,7호선,노원,20253,21920,42173
20211126,7호선,중계,14612,12806,27418
20211126,7호선,공릉,12819,12388,25207
20211126,7호선,태릉입구,9048,8438,17486
20211126,7호선,먹골,10328,9994,20322
20211126,7호선,중화,11403,10886,22289
20211126,7호선,하계,18287,16917,35204
20211126,7호선,면목,17121,16515,33636
20211126,7호선,상봉,17561,16605,34166
20211126,7호선,강남구청,16910,18956,35866
20211126,7호선,청담,19730,22700,42430
20211126,7호선,뚝섬유원지,7450,7260,14710
20211126,7호선,건대입구,12804,13541,26345
20211126,7호선,학동,24071,26016,50087
20211126,7호선,군자,15474,12128,27602
20211126,7호선,중곡,11287,10128,21415
20211126,7호선,용마산,6384,5852,12236
20211126,7호선,사가정,16919,16630,33549
20211126,7호선,어린이대공원,13030,12819,25849
20211127,7호선,사가정,12235,11646,23881
20211127,7호선,학동,11569,12349,23918
20211127,7호선,강남구청,10203,11309,21512
20211127,7호선,청담,11770,12889,24659
20211127,7호선,뚝섬유원지,6325,5979,12304
20211127,7호선,건대입구,10789,11517,22306
20211127,7호선,어린이대공원,9927,9484,19411
20211127,7호선,군자,10902,8129,19031
20211127,7호선,중곡,6972,6515,13487
20211127,7호선,용마산,4390,4537,8927
20211127,7호선,면목,11290,10659,21949
20211127,7호선,논현,11290,12695,23985
20211127,7호선,중화,7768,7396,15164
20211127,7호선,먹골,8253,7888,16141
20211127,7호선,태릉입구,6551,6047,12598
20211127,7호선,공릉,9132,8733,17865
20211127,7호선,하계,12349,11164,23513
20211127,7호선,중계,9373,8282,17655
20211127,7호선,노원,15511,16139,31650
20211127,7호선,마들,9189,8476,17665
20211127,7호선,수락산,10108,9549,19657
20211127,7호선,도봉산,6407,8717,15124
20211127,7호선,장암,1597,1119,2716
20211127,7호선,상봉,13222,12706,25928
20211127,7호선,반포,4512,4222,8734
20211127,7호선,천왕,7087,6450,13537
20211127,7호선,내방,7980,7840,15820
20211127,7호선,까치울,5487,5475,10962
20211127,7호선,부천종합운동장,3318,2968,6286
20211127,7호선,춘의,5156,4889,10045
20211127,7호선,신중동,9813,9806,19619
20211127,7호선,부천시청,9740,9581,19321
20211127,7호선,상동,10939,11576,22515
20211127,7호선,삼산체육관,3671,3341,7012
20211127,7호선,굴포천,6606,6820,13426
20211127,7호선,부평구청,5037,4457,9494
20211127,7호선,온수,5658,5558,11216
20211127,7호선,광명사거리,16784,16867,33651
20211127,7호선,고속터미널,15053,11650,26703
20211127,7호선,가산디지털단지,15662,14074,29736
20211127,7호선,이수,12243,11518,23761
20211127,7호선,남성,7631,6976,14607
20211127,7호선,숭실대입구,8589,8356,16945
20211127,7호선,상도,9861,9115,18976
20211127,7호선,장승배기,6715,6409,13124
20211127,7호선,철산,15496,15867,31363
20211127,7호선,보라매,6972,6409,13381
20211127,7호선,신풍,8059,7580,15639
20211127,7호선,대림,6910,7389,14299
20211127,7호선,남구로,8025,8478,16503
20211127,7호선,신대방삼거리,11438,10426,21864
20211128,7호선,가산디지털단지,11545,10678,22223
20211128,7호선,이수,8433,8016,16449
20211128,7호선,남성,5277,5250,10527
20211128,7호선,숭실대입구,5897,6229,12126
20211128,7호선,상도,6801,6612,13413
20211128,7호선,신대방삼거리,7880,7713,15593
20211128,7호선,보라매,4670,4618,9288
20211128,7호선,신풍,6014,5650,11664
20211128,7호선,대림,6961,6596,13557
20211128,7호선,남구로,6397,6172,12569
20211128,7호선,철산,10676,10604,21280
20211128,7호선,춘의,3478,3302,6780
20211128,7호선,천왕,4737,4606,9343
20211128,7호선,온수,4001,3992,7993
20211128,7호선,까치울,4030,4051,8081
20211128,7호선,부천종합운동장,2546,2179,4725
20211128,7호선,내방,5130,5350,10480
20211128,7호선,신중동,6758,6590,13348
20211128,7호선,부천시청,6471,6478,12949
20211128,7호선,상동,7304,7159,14463
20211128,7호선,삼산체육관,2548,2389,4937
20211128,7호선,굴포천,4584,4553,9137
20211128,7호선,부평구청,3486,3216,6702
20211128,7호선,광명사거리,12341,12258,24599
20211128,7호선,고속터미널,13820,8488,22308
20211128,7호선,장승배기,4704,4641,9345
20211128,7호선,논현,6211,6645,12856
20211128,7호선,반포,2799,2850,5649
20211128,7호선,도봉산,5378,7638,13016
20211128,7호선,수락산,7957,7682,15639
20211128,7호선,마들,5950,5597,11547
20211128,7호선,노원,10977,11195,22172
20211128,7호선,중계,6574,6135,12709
20211128,7호선,하계,8989,8603,17592
20211128,7호선,공릉,6702,6694,13396
20211128,7호선,태릉입구,4831,4499,9330
20211128,7호선,먹골,5617,5431,11048
20211128,7호선,중화,5388,5324,10712
20211128,7호선,상봉,8978,8532,17510
20211128,7호선,장암,1312,873,2185
20211128,7호선,사가정,9016,8635,17651
20211128,7호선,면목,7732,7729,15461
20211128,7호선,강남구청,5803,6247,12050
20211128,7호선,청담,7095,7775,14870
20211128,7호선,뚝섬유원지,5294,5017,10311
20211128,7호선,학동,6773,7199,13972
20211128,7호선,어린이대공원,9180,8854,18034
20211128,7호선,군자,7803,6092,13895
20211128,7호선,중곡,4864,4778,9642
20211128,7호선,용마산,3202,3495,6697
20211128,7호선,건대입구,7365,7725,15090
20211129,7호선,남성,11069,10267,21336
20211129,7호선,가산디지털단지,47553,47858,95411
20211129,7호선,숭실대입구,12933,13261,26194
20211129,7호선,상도,10558,10187,20745
20211129,7호선,장승배기,9399,9358,18757
20211129,7호선,신대방삼거리,16751,16163,32914
20211129,7호선,보라매,10398,10339,20737
20211129,7호선,신풍,11681,11238,22919
20211129,7호선,대림,7908,7922,15830
20211129,7호선,남구로,16437,17211,33648
20211129,7호선,철산,21220,21658,42878
20211129,7호선,춘의,10228,10091,20319
20211129,7호선,천왕,11960,11322,23282
20211129,7호선,온수,11119,10257,21376
20211129,7호선,까치울,7681,7443,15124
20211129,7호선,부천종합운동장,5229,4596,9825
20211129,7호선,신중동,14303,14334,28637
20211129,7호선,부천시청,12961,12877,25838
20211129,7호선,상동,12811,13388,26199
20211129,7호선,삼산체육관,5546,4965,10511
20211129,7호선,굴포천,9235,9650,18885
20211129,7호선,부평구청,7640,6877,14517
20211129,7호선,이수,15223,15053,30276
20211129,7호선,광명사거리,22638,22227,44865
20211129,7호선,내방,14598,14984,29582
20211129,7호선,중계,14329,12990,27319
20211129,7호선,반포,5860,5619,11479
20211129,7호선,고속터미널,15874,13108,28982
20211129,7호선,도봉산,9438,10679,20117
20211129,7호선,수락산,12547,12372,24919
20211129,7호선,마들,12930,12252,25182
20211129,7호선,노원,19268,20482,39750
20211129,7호선,하계,17868,16618,34486
20211129,7호선,공릉,12095,12071,24166
20211129,7호선,태릉입구,8358,7998,16356
20211129,7호선,먹골,9968,9752,19720
20211129,7호선,중화,10955,10777,21732
20211129,7호선,상봉,16748,15726,32474
20211129,7호선,장암,2425,860,3285
20211129,7호선,사가정,16227,16325,32552
20211129,7호선,면목,16494,15980,32474
20211129,7호선,학동,24862,26477,51339
20211129,7호선,강남구청,16341,17997,34338
20211129,7호선,청담,19550,21820,41370
20211129,7호선,뚝섬유원지,7448,7300,14748
20211129,7호선,논현,20691,22291,42982
20211129,7호선,건대입구,11413,12316,23729
20211129,7호선,어린이대공원,12206,12276,24482
20211129,7호선,군자,14723,11937,26660
20211129,7호선,중곡,10942,10064,21006
20211129,7호선,용마산,6223,5892,12115
20211130,7호선,가산디지털단지,47461,47615,95076
20211130,7호선,숭실대입구,12959,13075,26034
20211130,7호선,상도,10365,9886,20251
20211130,7호선,부평구청,7674,6855,14529
20211130,7호선,신대방삼거리,16589,15694,32283
20211130,7호선,보라매,10238,10126,20364
20211130,7호선,신풍,11477,10964,22441
20211130,7호선,대림,7852,7851,15703
20211130,7호선,남구로,16308,16971,33279
20211130,7호선,남성,11187,10176,21363
20211130,7호선,철산,20356,20892,41248
20211130,7호선,춘의,10004,9891,19895
20211130,7호선,천왕,11314,10749,22063
20211130,7호선,온수,10805,9918,20723
20211130,7호선,까치울,7525,7144,14669
20211130,7호선,부천종합운동장,4765,4116,8881
20211130,7호선,신중동,13780,13884,27664
20211130,7호선,부천시청,12356,12156,24512
20211130,7호선,상동,12827,13303,26130
20211130,7호선,삼산체육관,5194,4698,9892
20211130,7호선,굴포천,9241,9609,18850
20211130,7호선,이수,14948,14624,29572
20211130,7호선,광명사거리,21405,20992,42397
20211130,7호선,내방,14400,14790,29190
20211130,7호선,장승배기,8999,8749,17748
20211130,7호선,고속터미널,14361,12454,26815
20211130,7호선,장암,2179,752,2931
20211130,7호선,도봉산,8922,9869,18791
20211130,7호선,수락산,12045,11623,23668
20211130,7호선,마들,12713,12045,24758
20211130,7호선,노원,18447,19235,37682
20211130,7호선,중계,14109,12805,26914
20211130,7호선,하계,17377,16429,33806
20211130,7호선,공릉,11697,11661,23358
20211130,7호선,태릉입구,8020,7798,15818
20211130,7호선,먹골,9863,9458,19321
20211130,7호선,중화,10908,10609,21517
20211130,7호선,상봉,16138,15028,31166
20211130,7호선,반포,5751,5538,11289
20211130,7호선,사가정,15733,15719,31452
20211130,7호선,용마산,6039,5765,11804
20211130,7호선,중곡,10726,9833,20559
20211130,7호선,군자,14400,11637,26037
20211130,7호선,어린이대공원,12214,12028,24242
20211130,7호선,건대입구,11600,12099,23699
20211130,7호선,뚝섬유원지,6603,6422,13025
20211130,7호선,청담,19138,21746,40884
20211130,7호선,강남구청,16571,18210,34781
20211130,7호선,학동,24616,26276,50892
20211130,7호선,논현,19986,22050,42036
20211130,7호선,면목,16186,15793,31979
20211201,7호선,중곡,11019,10360,21379
20211201,7호선,군자,15017,12100,27117
20211201,7호선,어린이대공원,12401,12350,24751
20211201,7호선,건대입구,12153,12570,24723
20211201,7호선,논현,20595,22673,43268
20211201,7호선,청담,19783,22564,42347
20211201,7호선,강남구청,16901,18644,35545
20211201,7호선,학동,25569,27016,52585
20211201,7호선,용마산,6189,5930,12119
20211201,7호선,뚝섬유원지,7107,6903,14010
20211201,7호선,사가정,16363,16412,32775
20211201,7호선,공릉,12237,12083,24320
20211201,7호선,상봉,16878,15841,32719
20211201,7호선,중화,11016,11037,22053
20211201,7호선,먹골,10084,9907,19991
20211201,7호선,태릉입구,8531,8004,16535
20211201,7호선,하계,18258,17066,35324
20211201,7호선,중계,14558,13418,27976
20211201,7호선,노원,19181,19895,39076
20211201,7호선,마들,13115,12567,25682
20211201,7호선,수락산,12494,12117,24611
20211201,7호선,도봉산,9196,10477,19673
20211201,7호선,반포,5753,5630,11383
20211201,7호선,면목,16610,16331,32941
20211201,7호선,고속터미널,14437,12875,27312
20211201,7호선,장암,2287,847,3134
20211201,7호선,이수,15749,15299,31048
20211201,7호선,부평구청,7593,6735,14328
20211201,7호선,굴포천,9238,9856,19094
20211201,7호선,삼산체육관,5806,5328,11134
20211201,7호선,상동,13311,13818,27129
20211201,7호선,부천시청,12991,13045,26036
20211201,7호선,신중동,14428,14394,28822
20211201,7호선,춘의,10460,10239,20699
20211201,7호선,부천종합운동장,4990,4345,9335
20211201,7호선,까치울,7860,7514,15374
20211201,7호선,온수,11352,10467,21819
20211201,7호선,천왕,11890,11178,23068
20211201,7호선,내방,14730,15208,29938
20211201,7호선,철산,21221,21845,43066
20211201,7호선,가산디지털단지,48278,48141,96419
20211201,7호선,남구로,16559,17303,33862
20211201,7호선,대림,7919,8076,15995
20211201,7호선,신풍,11697,11281,22978
20211201,7호선,보라매,10319,10229,20548
20211201,7호선,신대방삼거리,16646,15963,32609
20211201,7호선,장승배기,9388,9261,18649
20211201,7호선,상도,10553,10132,20685
20211201,7호선,숭실대입구,13368,13437,26805
20211201,7호선,남성,11182,10384,21566
20211201,7호선,광명사거리,22454,22211,44665
20211202,7호선,군자,14729,11883,26612
20211202,7호선,어린이대공원,12353,12372,24725
20211202,7호선,건대입구,11542,11872,23414
20211202,7호선,뚝섬유원지,7280,7093,14373
20211202,7호선,반포,5849,5614,11463
20211202,7호선,강남구청,16859,18699,35558
20211202,7호선,학동,25235,26999,52234
20211202,7호선,논현,20526,22764,43290
20211202,7호선,중곡,10851,10013,20864
20211202,7호선,청담,19599,22431,42030
20211202,7호선,용마산,6162,5946,12108
20211202,7호선,태릉입구,8478,7957,16435
20211202,7호선,면목,16389,15983,32372
20211202,7호선,상봉,16737,15622,32359
20211202,7호선,중화,10908,10736,21644
20211202,7호선,먹골,9896,9720,19616
20211202,7호선,공릉,12146,12007,24153
20211202,7호선,하계,17871,16831,34702
20211202,7호선,노원,18870,19688,38558
20211202,7호선,마들,13072,12517,25589
20211202,7호선,수락산,12457,12133,24590
20211202,7호선,도봉산,9070,10391,19461
20211202,7호선,고속터미널,14714,12760,27474
20211202,7호선,사가정,16099,16033,32132
20211202,7호선,장암,2271,840,3111
20211202,7호선,내방,14923,15109,30032
20211202,7호선,남성,11117,10302,21419
20211202,7호선,이수,15506,15232,30738
20211202,7호선,중계,14172,12854,27026
20211202,7호선,부평구청,7674,6722,14396
20211202,7호선,굴포천,9047,9559,18606
20211202,7호선,삼산체육관,5313,4830,10143
20211202,7호선,상동,13103,13632,26735
20211202,7호선,부천시청,12612,12660,25272
20211202,7호선,춘의,10263,10111,20374
20211202,7호선,부천종합운동장,5011,4463,9474
20211202,7호선,까치울,7777,7360,15137
20211202,7호선,온수,11064,10402,21466
20211202,7호선,신중동,14341,14338,28679
20211202,7호선,광명사거리,22211,21863,44074
20211202,7호선,천왕,11612,10953,22565
20211202,7호선,상도,10667,10305,20972
20211202,7호선,장승배기,9223,8913,18136
20211202,7호선,신대방삼거리,16628,15827,32455
20211202,7호선,보라매,10269,10189,20458
20211202,7호선,숭실대입구,13058,13137,26195
20211202,7호선,대림,7850,7855,15705
20211202,7호선,남구로,16195,17032,33227
20211202,7호선,가산디지털단지,47624,47670,95294
20211202,7호선,철산,20918,21509,42427
20211202,7호선,신풍,11632,11073,22705
20211203,7호선,남구로,15753,16726,32479
20211203,7호선,이수,16578,16126,32704
20211203,7호선,남성,11473,10277,21750
20211203,7호선,숭실대입구,13090,12879,25969
20211203,7호선,상도,10960,10176,21136
20211203,7호선,장승배기,9680,9355,19035
20211203,7호선,신대방삼거리,17068,15841,32909
20211203,7호선,보라매,10266,10128,20394
20211203,7호선,신풍,11876,11268,23144
20211203,7호선,대림,7976,8139,16115
20211203,7호선,가산디지털단지,47231,46592,93823
20211203,7호선,부평구청,7617,6745,14362
20211203,7호선,광명사거리,23341,22899,46240
20211203,7호선,천왕,11846,10934,22780
20211203,7호선,온수,11222,10233,21455
20211203,7호선,까치울,7786,7435,15221
20211203,7호선,부천종합운동장,5421,4562,9983
20211203,7호선,춘의,10334,9909,20243
20211203,7호선,신중동,14797,14916,29713
20211203,7호선,부천시청,13373,13327,26700
20211203,7호선,상동,13580,14520,28100
20211203,7호선,삼산체육관,5470,4905,10375
20211203,7호선,굴포천,9354,9916,19270
20211203,7호선,철산,21793,22725,44518
20211203,7호선,내방,14885,15217,30102
20211203,7호선,고속터미널,17065,14187,31252
20211203,7호선,논현,20724,23593,44317
20211203,7호선,장암,2305,876,3181
20211203,7호선,도봉산,9099,10315,19414
20211203,7호선,수락산,12662,12213,24875
20211203,7호선,마들,13256,12461,25717
20211203,7호선,노원,19809,21316,41125
20211203,7호선,중계,14593,12921,27514
20211203,7호선,하계,18094,16716,34810
20211203,7호선,공릉,12685,12167,24852
20211203,7호선,태릉입구,8635,8174,16809
20211203,7호선,먹골,10335,9788,20123
20211203,7호선,중화,11306,10797,22103
20211203,7호선,반포,6066,5778,11844
20211203,7호선,면목,16901,16264,33165
20211203,7호선,학동,24614,26530,51144
20211203,7호선,강남구청,16753,18816,35569
20211203,7호선,청담,19342,22379,41721
20211203,7호선,뚝섬유원지,7430,7190,14620
20211203,7호선,건대입구,12194,13091,25285
20211203,7호선,상봉,17254,16433,33687
20211203,7호선,군자,15375,12099,27474
20211203,7호선,중곡,11110,10148,21258
20211203,7호선,용마산,6292,5768,12060
20211203,7호선,사가정,16520,16244,32764
20211203,7호선,어린이대공원,12804,12481,25285
20211204,7호선,남구로,7893,8255,16148
20211204,7호선,이수,11783,11016,22799
20211204,7호선,남성,7405,6771,14176
20211204,7호선,숭실대입구,7722,7556,15278
20211204,7호선,상도,7185,6541,13726
20211204,7호선,장승배기,6366,6032,12398
20211204,7호선,신대방삼거리,11040,10067,21107
20211204,7호선,보라매,6251,5999,12250
20211204,7호선,신풍,7669,7288,14957
20211204,7호선,대림,6603,7060,13663
20211204,7호선,가산디지털단지,14861,13409,28270
20211204,7호선,부천종합운동장,3196,2857,6053
20211204,7호선,광명사거리,16369,16418,32787
20211204,7호선,천왕,6694,6150,12844
20211204,7호선,온수,5378,5375,10753
20211204,7호선,까치울,5152,5183,10335
20211204,7호선,내방,7508,7349,14857
20211204,7호선,춘의,5025,4763,9788
20211204,7호선,신중동,9371,9531,18902
20211204,7호선,부천시청,9367,9239,18606
20211204,7호선,상동,10269,10495,20764
20211204,7호선,삼산체육관,3339,3139,6478
20211204,7호선,굴포천,6492,6575,13067
20211204,7호선,철산,14467,14702,29169
20211204,7호선,고속터미널,13522,10773,24295
20211204,7호선,부평구청,4811,4097,8908
20211204,7호선,논현,10859,12234,23093
20211204,7호선,장암,1571,1063,2634
20211204,7호선,도봉산,6020,8109,14129
20211204,7호선,수락산,9374,9114,18488
20211204,7호선,마들,8593,7887,16480
20211204,7호선,노원,14687,15287,29974
20211204,7호선,중계,8899,7747,16646
20211204,7호선,하계,11568,10651,22219
20211204,7호선,공릉,8344,8243,16587
20211204,7호선,태릉입구,6353,5699,12052
20211204,7호선,먹골,7701,7311,15012
20211204,7호선,중화,7311,7015,14326
20211204,7호선,반포,4255,3841,8096
20211204,7호선,면목,11187,10616,21803
20211204,7호선,사가정,11933,11544,23477
20211204,7호선,용마산,4199,4109,8308
20211204,7호선,중곡,6750,6282,13032
20211204,7호선,군자,10116,7665,17781
20211204,7호선,어린이대공원,8423,8226,16649
20211204,7호선,건대입구,10011,10577,20588
20211204,7호선,뚝섬유원지,5889,5528,11417
20211204,7호선,청담,11051,12088,23139
20211204,7호선,강남구청,9916,11035,20951
20211204,7호선,학동,10991,11706,22697
20211204,7호선,상봉,12806,12051,24857
20211205,7호선,대림,6183,5843,12026
20211205,7호선,신풍,5670,5334,11004
20211205,7호선,보라매,4420,4425,8845
20211205,7호선,신대방삼거리,7734,7653,15387
20211205,7호선,이수,8014,7622,15636
20211205,7호선,상도,4905,4935,9840
20211205,7호선,숭실대입구,5300,5619,10919
20211205,7호선,남성,5087,5009,10096
20211205,7호선,남구로,6087,5959,12046
20211205,7호선,장승배기,4790,4644,9434
20211205,7호선,가산디지털단지,10543,9756,20299
20211205,7호선,부천종합운동장,2512,2315,4827
20211205,7호선,광명사거리,11852,11648,23500
20211205,7호선,천왕,4784,4640,9424
20211205,7호선,온수,3640,3747,7387
20211205,7호선,까치울,3794,3750,7544
20211205,7호선,춘의,3312,2955,6267
20211205,7호선,신중동,6317,6371,12688
20211205,7호선,부천시청,6429,6310,12739
20211205,7호선,상동,7018,7054,14072
20211205,7호선,삼산체육관,2489,2293,4782
20211205,7호선,굴포천,4426,4409,8835
20211205,7호선,내방,4765,5057,9822
20211205,7호선,철산,9681,9742,19423
20211205,7호선,부평구청,3395,3010,6405
20211205,7호선,고속터미널,11749,7641,19390
20211205,7호선,논현,5709,6239,11948
20211205,7호선,반포,2801,2856,5657
20211205,7호선,장암,1248,851,2099
20211205,7호선,도봉산,4938,7136,12074
20211205,7호선,수락산,7445,7363,14808
20211205,7호선,마들,5648,5316,10964
20211205,7호선,노원,10243,10310,20553
20211205,7호선,중계,6381,5844,12225
20211205,7호선,공릉,6028,6057,12085
20211205,7호선,태릉입구,4624,4223,8847
20211205,7호선,먹골,5510,5312,10822
20211205,7호선,중화,5243,5242,10485
20211205,7호선,하계,8493,7893,16386
20211205,7호선,면목,7695,7649,15344
20211205,7호선,상봉,9254,8740,17994
20211205,7호선,강남구청,5851,6327,12178
20211205,7호선,청담,6282,7011,13293
20211205,7호선,뚝섬유원지,4488,4235,8723
20211205,7호선,건대입구,7308,7468,14776
20211205,7호선,학동,6461,6825,13286
20211205,7호선,군자,7100,5769,12869
20211205,7호선,중곡,4822,4729,9551
20211205,7호선,용마산,3240,3440,6680
20211205,7호선,사가정,8500,8228,16728
20211205,7호선,어린이대공원,6238,6320,12558
20211206,7호선,논현,20530,22309,42839
20211206,7호선,용마산,5991,5802,11793
20211206,7호선,학동,24336,25773,50109
20211206,7호선,강남구청,16140,17724,33864
20211206,7호선,청담,18917,21314,40231
20211206,7호선,뚝섬유원지,6962,6877,13839
20211206,7호선,건대입구,11336,11758,23094
20211206,7호선,어린이대공원,11609,11531,23140
20211206,7호선,군자,14428,11744,26172
20211206,7호선,중곡,10930,10156,21086
20211206,7호선,사가정,15985,16203,32188
20211206,7호선,공릉,11592,11596,23188
20211206,7호선,상봉,16411,15379,31790
20211206,7호선,중화,10856,10655,21511
20211206,7호선,먹골,9954,9657,19611
20211206,7호선,태릉입구,8054,7636,15690
20211206,7호선,하계,17355,16211,33566
20211206,7호선,중계,14446,13307,27753
20211206,7호선,노원,18888,19930,38818
20211206,7호선,마들,12872,12248,25120
20211206,7호선,수락산,12350,12055,24405
20211206,7호선,도봉산,9330,10652,19982
20211206,7호선,장암,2360,837,3197
20211206,7호선,면목,16723,16190,32913
20211206,7호선,반포,5682,5472,11154
20211206,7호선,고속터미널,15136,12856,27992
20211206,7호선,이수,15099,14700,29799
20211206,7호선,부평구청,7390,6608,13998
20211206,7호선,굴포천,9115,9581,18696
20211206,7호선,삼산체육관,5334,4869,10203
20211206,7호선,상동,12662,13272,25934
20211206,7호선,부천시청,12643,12611,25254
20211206,7호선,신중동,13977,13872,27849
20211206,7호선,춘의,10113,10107,20220
20211206,7호선,부천종합운동장,5377,4721,10098
20211206,7호선,까치울,7653,7294,14947
20211206,7호선,온수,10929,10021,20950
20211206,7호선,천왕,11637,11108,22745
20211206,7호선,내방,14509,14788,29297
20211206,7호선,철산,20849,21283,42132
20211206,7호선,가산디지털단지,47348,47588,94936
20211206,7호선,남구로,16675,17277,33952
20211206,7호선,대림,8039,8063,16102
20211206,7호선,신풍,11450,11187,22637
20211206,7호선,보라매,10101,10097,20198
20211206,7호선,신대방삼거리,16291,15723,32014
20211206,7호선,장승배기,9358,9222,18580
20211206,7호선,상도,10230,9994,20224
20211206,7호선,숭실대입구,12528,12850,25378
20211206,7호선,남성,11100,10437,21537
20211206,7호선,광명사거리,22352,21893,44245
20211207,7호선,대림,7833,7875,15708
20211207,7호선,신풍,11750,11173,22923
20211207,7호선,보라매,10181,10223,20404
20211207,7호선,신대방삼거리,16816,16044,32860
20211207,7호선,이수,15477,15115,30592
20211207,7호선,상도,10554,10058,20612
20211207,7호선,숭실대입구,12849,13090,25939
20211207,7호선,남성,11168,10457,21625
20211207,7호선,남구로,16307,17154,33461
20211207,7호선,장승배기,9458,9205,18663
20211207,7호선,가산디지털단지,47925,48152,96077
20211207,7호선,부천종합운동장,5156,4490,9646
20211207,7호선,광명사거리,22503,22063,44566
20211207,7호선,천왕,11731,11172,22903
20211207,7호선,온수,11015,10040,21055
20211207,7호선,까치울,7885,7573,15458
20211207,7호선,춘의,10336,10144,20480
20211207,7호선,신중동,14174,14142,28316
20211207,7호선,부천시청,12617,12736,25353
20211207,7호선,상동,12820,13601,26421
20211207,7호선,삼산체육관,5379,4817,10196
20211207,7호선,굴포천,9225,9508,18733
20211207,7호선,내방,14745,15139,29884
20211207,7호선,철산,20819,21406,42225
20211207,7호선,고속터미널,14717,13031,27748
20211207,7호선,부평구청,7614,6706,14320
20211207,7호선,논현,20621,22615,43236
20211207,7호선,장암,2368,877,3245
20211207,7호선,도봉산,9304,10922,20226
20211207,7호선,수락산,12587,12135,24722
20211207,7호선,마들,12921,12347,25268
20211207,7호선,노원,19044,20223,39267
20211207,7호선,중계,14508,13397,27905
20211207,7호선,하계,17565,16484,34049
20211207,7호선,공릉,11810,11831,23641
20211207,7호선,태릉입구,8131,7902,16033
20211207,7호선,먹골,9965,9677,19642
20211207,7호선,중화,10999,10745,21744
20211207,7호선,반포,5697,5471,11168
20211207,7호선,면목,16759,16379,33138
20211207,7호선,사가정,16076,16112,32188
20211207,7호선,용마산,6172,5925,12097
20211207,7호선,중곡,10822,10117,20939
20211207,7호선,군자,14735,11899,26634
20211207,7호선,어린이대공원,11654,11741,23395
20211207,7호선,건대입구,11669,11883,23552
20211207,7호선,뚝섬유원지,7289,7217,14506
20211207,7호선,청담,19457,21899,41356
20211207,7호선,강남구청,16737,18476,35213
20211207,7호선,학동,25088,26546,51634
20211207,7호선,상봉,16828,15574,32402
20211208,7호선,중곡,11067,10294,21361
20211208,7호선,군자,14809,11998,26807
20211208,7호선,어린이대공원,11772,11661,23433
20211208,7호선,건대입구,11164,11685,22849
20211208,7호선,논현,20468,22196,42664
20211208,7호선,청담,19351,21806,41157
20211208,7호선,강남구청,16919,18602,35521
20211208,7호선,학동,25121,26993,52114
20211208,7호선,용마산,6186,5846,12032
20211208,7호선,뚝섬유원지,7466,7256,14722
20211208,7호선,사가정,16000,15917,31917
20211208,7호선,공릉,11673,11781,23454
20211208,7호선,상봉,16606,15753,32359
20211208,7호선,중화,10900,10660,21560
20211208,7호선,먹골,9939,9657,19596
20211208,7호선,태릉입구,8229,7861,16090
20211208,7호선,하계,18267,17174,35441
20211208,7호선,중계,14717,13397,28114
20211208,7호선,노원,18712,19859,38571
20211208,7호선,마들,12953,12222,25175
20211208,7호선,수락산,12725,12226,24951
20211208,7호선,도봉산,9373,10764,20137
20211208,7호선,반포,5796,5716,11512
20211208,7호선,면목,16376,15946,32322
20211208,7호선,장암,2338,915,3253
20211208,7호선,고속터미널,14308,12733,27041
20211208,7호선,이수,15503,15196,30699
20211208,7호선,내방,14636,15036,29672
20211208,7호선,부평구청,7514,6700,14214
20211208,7호선,굴포천,9294,9745,19039
20211208,7호선,삼산체육관,5380,4881,10261
20211208,7호선,상동,12973,13528,26501
20211208,7호선,부천시청,12465,12615,25080
20211208,7호선,신중동,14308,14287,28595
20211208,7호선,부천종합운동장,5072,4539,9611
20211208,7호선,까치울,7972,7589,15561
20211208,7호선,온수,10995,10119,21114
20211208,7호선,천왕,11827,11164,22991
20211208,7호선,춘의,10184,10123,20307
20211208,7호선,철산,20798,21379,42177
20211208,7호선,광명사거리,22318,22010,44328
20211208,7호선,숭실대입구,13974,14132,28106
20211208,7호선,상도,10384,10002,20386
20211208,7호선,장승배기,9413,9186,18599
20211208,7호선,신대방삼거리,16716,15906,32622
20211208,7호선,남성,11228,10455,21683
20211208,7호선,신풍,11644,11081,22725
20211208,7호선,대림,7659,7674,15333
20211208,7호선,남구로,16195,17113,33308
20211208,7호선,가산디지털단지,47278,47360,94638
20211208,7호선,보라매,10278,10102,20380
20211209,7호선,가산디지털단지,46354,46397,92751
20211209,7호선,남성,11256,10326,21582
20211209,7호선,숭실대입구,13606,13648,27254
20211209,7호선,상도,10350,9947,20297
20211209,7호선,장승배기,9350,9063,18413
20211209,7호선,신대방삼거리,16327,15664,31991
20211209,7호선,보라매,9787,9739,19526
20211209,7호선,신풍,11609,11008,22617
20211209,7호선,대림,7391,7474,14865
20211209,7호선,남구로,15968,17019,32987
20211209,7호선,부평구청,7527,6822,14349
20211209,7호선,이수,15204,14936,30140
20211209,7호선,광명사거리,22241,21720,43961
20211209,7호선,천왕,11647,10985,22632
20211209,7호선,온수,11187,10176,21363
20211209,7호선,까치울,7742,7440,15182
20211209,7호선,부천종합운동장,4876,4274,9150
20211209,7호선,춘의,10153,9937,20090
20211209,7호선,신중동,13972,13951,27923
20211209,7호선,부천시청,12738,12574,25312
20211209,7호선,상동,12753,13409,26162
20211209,7호선,삼산체육관,5316,4794,10110
20211209,7호선,굴포천,9072,9490,18562
20211209,7호선,철산,21832,22656,44488
20211209,7호선,내방,14604,14878,29482
20211209,7호선,면목,15942,15402,31344
20211209,7호선,반포,5770,5514,11284
20211209,7호선,태릉입구,8259,7818,16077
20211209,7호선,장암,2295,833,3128
20211209,7호선,도봉산,9229,10774,20003
20211209,7호선,수락산,12331,12121,24452
20211209,7호선,마들,12854,12254,25108
20211209,7호선,노원,18206,19142,37348
20211209,7호선,중계,14403,13121,27524
20211209,7호선,하계,17669,16408,34077
20211209,7호선,공릉,11740,11562,23302
20211209,7호선,먹골,9845,9539,19384
20211209,7호선,중화,10748,10515,21263
20211209,7호선,고속터미널,14309,12558,26867
20211209,7호선,사가정,15982,15856,31838
20211209,7호선,용마산,5915,5764,11679
20211209,7호선,중곡,11053,10395,21448
20211209,7호선,군자,14537,11781,26318
20211209,7호선,어린이대공원,11523,11524,23047
20211209,7호선,건대입구,11183,11600,22783
20211209,7호선,뚝섬유원지,7341,7105,14446
20211209,7호선,청담,19210,22120,41330
20211209,7호선,강남구청,16812,18538,35350
20211209,7호선,학동,25020,26743,51763
20211209,7호선,논현,20541,22529,43070
20211209,7호선,상봉,16834,15590,32424
20211210,7호선,용마산,5980,5511,11491
20211210,7호선,중곡,11305,10277,21582
20211210,7호선,군자,14937,11840,26777
20211210,7호선,어린이대공원,12029,11833,23862
20211210,7호선,학동,24275,26235,50510
20211210,7호선,뚝섬유원지,7132,6897,14029
20211210,7호선,청담,18951,21858,40809
20211210,7호선,강남구청,16697,18610,35307
20211210,7호선,사가정,16068,15887,31955
20211210,7호선,건대입구,11646,12330,23976
20211210,7호선,면목,16124,15429,31553
20211210,7호선,하계,17324,15921,33245
20211210,7호선,중화,10873,10312,21185
20211210,7호선,먹골,10066,9638,19704
20211210,7호선,태릉입구,8471,8056,16527
20211210,7호선,공릉,11940,11558,23498
20211210,7호선,중계,14392,12586,26978
20211210,7호선,노원,19090,20658,39748
20211210,7호선,마들,12776,11891,24667
20211210,7호선,수락산,12358,11901,24259
20211210,7호선,도봉산,8913,10133,19046
20211210,7호선,장암,2304,923,3227
20211210,7호선,논현,20237,23078,43315
20211210,7호선,상봉,16829,15890,32719
20211210,7호선,반포,5990,5721,11711
20211210,7호선,고속터미널,16041,13811,29852
20211210,7호선,내방,14529,14925,29454
20211210,7호선,굴포천,9184,9671,18855
20211210,7호선,삼산체육관,5761,5192,10953
20211210,7호선,상동,12890,13798,26688
20211210,7호선,부천시청,12977,12885,25862
20211210,7호선,신중동,14247,14449,28696
20211210,7호선,춘의,10184,9907,20091
20211210,7호선,부천종합운동장,5044,4280,9324
20211210,7호선,까치울,7726,7290,15016
20211210,7호선,온수,10941,10123,21064
20211210,7호선,천왕,11435,10493,21928
20211210,7호선,광명사거리,22639,21831,44470
20211210,7호선,부평구청,7442,6479,13921
20211210,7호선,가산디지털단지,45360,45116,90476
20211210,7호선,남구로,15648,16638,32286
20211210,7호선,대림,7626,7738,15364
20211210,7호선,신풍,11583,10938,22521
20211210,7호선,보라매,9990,9649,19639
20211210,7호선,신대방삼거리,16605,15470,32075
20211210,7호선,장승배기,9485,9053,18538
20211210,7호선,상도,10452,9937,20389
20211210,7호선,숭실대입구,13311,12892,26203
20211210,7호선,남성,11308,10175,21483
20211210,7호선,이수,15977,15579,31556
20211210,7호선,철산,21661,22585,44246
20211211,7호선,중곡,6666,6291,12957
20211211,7호선,군자,10103,7761,17864
20211211,7호선,어린이대공원,7772,7556,15328
20211211,7호선,건대입구,9439,9829,19268
20211211,7호선,논현,10668,12018,22686
20211211,7호선,청담,10620,11685,22305
20211211,7호선,강남구청,9315,10417,19732
20211211,7호선,학동,10893,11723,22616
20211211,7호선,용마산,4210,4024,8234
20211211,7호선,뚝섬유원지,5605,5485,11090
20211211,7호선,사가정,11811,11394,23205
20211211,7호선,공릉,7977,7826,15803
20211211,7호선,상봉,12561,12116,24677
20211211,7호선,중화,7207,6883,14090
20211211,7호선,먹골,7692,7382,15074
20211211,7호선,태릉입구,6181,5633,11814
20211211,7호선,하계,11204,10046,21250
20211211,7호선,중계,8673,7659,16332
20211211,7호선,노원,14465,15026,29491
20211211,7호선,마들,8381,7745,16126
20211211,7호선,수락산,9261,9034,18295
20211211,7호선,도봉산,5918,8034,13952
20211211,7호선,반포,4011,3793,7804
20211211,7호선,면목,11404,10805,22209
20211211,7호선,고속터미널,12744,10110,22854
20211211,7호선,장암,1440,956,2396
20211211,7호선,이수,11455,10590,22045
20211211,7호선,부평구청,4671,4114,8785
20211211,7호선,굴포천,6154,6352,12506
20211211,7호선,삼산체육관,3353,2987,6340
20211211,7호선,상동,9959,10292,20251
20211211,7호선,부천시청,9005,9020,18025
20211211,7호선,신중동,9186,9194,18380
20211211,7호선,춘의,4934,4648,9582
20211211,7호선,부천종합운동장,3187,2902,6089
20211211,7호선,까치울,5060,5105,10165
20211211,7호선,온수,5367,5139,10506
20211211,7호선,천왕,6476,6076,12552
20211211,7호선,내방,7416,7446,14862
20211211,7호선,철산,14859,15286,30145
20211211,7호선,가산디지털단지,14502,13059,27561
20211211,7호선,남구로,7750,8064,15814
20211211,7호선,대림,6348,6837,13185
20211211,7호선,신풍,7409,7054,14463
20211211,7호선,보라매,5759,5431,11190
20211211,7호선,신대방삼거리,10843,10028,20871
20211211,7호선,장승배기,6307,5988,12295
20211211,7호선,상도,6776,6298,13074
20211211,7호선,숭실대입구,8221,7816,16037
20211211,7호선,남성,7397,6768,14165
20211211,7호선,광명사거리,16345,16128,32473
20211212,7호선,대림,6061,5681,11742
20211212,7호선,신풍,5491,5253,10744
20211212,7호선,보라매,3871,3862,7733
20211212,7호선,신대방삼거리,7418,7350,14768
20211212,7호선,이수,7575,7099,14674
20211212,7호선,상도,4570,4633,9203
20211212,7호선,숭실대입구,4986,5457,10443
20211212,7호선,남성,5030,4921,9951
20211212,7호선,남구로,6004,5901,11905
20211212,7호선,장승배기,4425,4307,8732
20211212,7호선,가산디지털단지,10122,9331,19453
20211212,7호선,부천종합운동장,2384,2166,4550
20211212,7호선,광명사거리,11472,11351,22823
20211212,7호선,천왕,4353,4283,8636
20211212,7호선,온수,3560,3663,7223
20211212,7호선,까치울,3775,3692,7467
20211212,7호선,춘의,3076,2996,6072
20211212,7호선,신중동,6261,6286,12547
20211212,7호선,부천시청,6344,6126,12470
20211212,7호선,상동,6961,6791,13752
20211212,7호선,삼산체육관,2315,2293,4608
20211212,7호선,굴포천,4266,4358,8624
20211212,7호선,내방,4653,4953,9606
20211212,7호선,철산,9953,10021,19974
20211212,7호선,고속터미널,11004,7159,18163
20211212,7호선,부평구청,3187,2845,6032
20211212,7호선,논현,5689,6206,11895
20211212,7호선,장암,1210,794,2004
20211212,7호선,도봉산,4441,6712,11153
20211212,7호선,수락산,7394,7235,14629
20211212,7호선,마들,5290,5129,10419
20211212,7호선,노원,10239,10070,20309
20211212,7호선,중계,5927,5624,11551
20211212,7호선,하계,8073,7664,15737
20211212,7호선,공릉,5558,5730,11288
20211212,7호선,태릉입구,4511,4064,8575
20211212,7호선,먹골,5194,5209,10403
20211212,7호선,중화,5071,4925,9996
20211212,7호선,반포,2535,2457,4992
20211212,7호선,면목,7434,7434,14868
20211212,7호선,사가정,8015,7732,15747
20211212,7호선,용마산,2866,3072,5938
20211212,7호선,중곡,4871,4715,9586
20211212,7호선,군자,6904,5541,12445
20211212,7호선,어린이대공원,5864,5969,11833
20211212,7호선,건대입구,6950,6870,13820
20211212,7호선,뚝섬유원지,4232,4087,8319
20211212,7호선,청담,6457,6987,13444
20211212,7호선,강남구청,5577,6131,11708
20211212,7호선,학동,6339,6677,13016
20211212,7호선,상봉,8523,7862,16385
20211213,7호선,중곡,10530,9952,20482
20211213,7호선,군자,13881,11518,25399
20211213,7호선,어린이대공원,11227,11013,22240
20211213,7호선,건대입구,11218,11836,23054
20211213,7호선,반포,5498,5401,10899
20211213,7호선,청담,18648,20635,39283
20211213,7호선,학동,23974,25355,49329
20211213,7호선,논현,19525,21476,41001
20211213,7호선,용마산,5831,5687,11518
20211213,7호선,뚝섬유원지,6567,6417,12984
20211213,7호선,사가정,15224,15536,30760
20211213,7호선,공릉,11778,11726,23504
20211213,7호선,상봉,15898,14736,30634
20211213,7호선,중화,10354,10218,20572
20211213,7호선,먹골,9715,9560,19275
20211213,7호선,태릉입구,7683,7381,15064
20211213,7호선,하계,16610,15757,32367
20211213,7호선,중계,13686,12618,26304
20211213,7호선,노원,18387,19300,37687
20211213,7호선,마들,12178,11699,23877
20211213,7호선,수락산,11661,11361,23022
20211213,7호선,도봉산,8818,9949,18767
20211213,7호선,고속터미널,14765,12304,27069
20211213,7호선,면목,15840,15478,31318
20211213,7호선,장암,2215,786,3001
20211213,7호선,내방,14211,14255,28466
20211213,7호선,남성,10570,10019,20589
20211213,7호선,이수,14353,14148,28501
20211213,7호선,강남구청,15745,17212,32957
20211213,7호선,부평구청,7257,6345,13602
20211213,7호선,굴포천,9078,9468,18546
20211213,7호선,삼산체육관,5117,4672,9789
20211213,7호선,상동,12106,12769,24875
20211213,7호선,부천시청,12084,12104,24188
20211213,7호선,춘의,9826,9719,19545
20211213,7호선,부천종합운동장,4878,4262,9140
20211213,7호선,까치울,7265,6887,14152
20211213,7호선,온수,10581,9763,20344
20211213,7호선,신중동,13648,13541,27189
20211213,7호선,광명사거리,20968,20610,41578
20211213,7호선,천왕,11138,10676,21814
20211213,7호선,상도,9716,9483,19199
20211213,7호선,장승배기,9101,8999,18100
20211213,7호선,신대방삼거리,15665,15218,30883
20211213,7호선,보라매,9527,9510,19037
20211213,7호선,숭실대입구,13209,13555,26764
20211213,7호선,대림,7776,7776,15552
20211213,7호선,남구로,15895,16548,32443
20211213,7호선,가산디지털단지,46371,45975,92346
20211213,7호선,철산,20253,20650,40903
20211213,7호선,신풍,11040,10582,21622
20211214,7호선,용마산,6096,5870,11966
20211214,7호선,논현,20020,22141,42161
20211214,7호선,학동,24848,26371,51219
20211214,7호선,강남구청,16674,18341,35015
20211214,7호선,청담,19237,21552,40789
20211214,7호선,뚝섬유원지,6892,6783,13675
20211214,7호선,건대입구,11251,11740,22991
20211214,7호선,어린이대공원,12050,11962,24012
20211214,7호선,군자,14365,11824,26189
20211214,7호선,중곡,10854,10153,21007
20211214,7호선,사가정,15808,15686,31494
20211214,7호선,고속터미널,14224,12346,26570
20211214,7호선,상봉,16300,15166,31466
20211214,7호선,중화,10678,10486,21164
20211214,7호선,태릉입구,8219,7708,15927
20211214,7호선,공릉,12198,12104,24302
20211214,7호선,하계,17262,16214,33476
20211214,7호선,중계,14169,13019,27188
20211214,7호선,노원,18482,19212,37694
20211214,7호선,마들,12555,11947,24502
20211214,7호선,수락산,12266,11919,24185
20211214,7호선,도봉산,9563,10583,20146
20211214,7호선,장암,2234,825,3059
20211214,7호선,면목,16294,15997,32291
20211214,7호선,내방,14439,14766,29205
20211214,7호선,반포,5627,5400,11027
20211214,7호선,남성,10968,10260,21228
20211214,7호선,먹골,9896,9662,19558
20211214,7호선,부평구청,7499,6728,14227
20211214,7호선,굴포천,9035,9507,18542
20211214,7호선,삼산체육관,5648,5171,10819
20211214,7호선,상동,12699,13119,25818
20211214,7호선,부천시청,12350,12359,24709
20211214,7호선,신중동,14063,14044,28107
20211214,7호선,춘의,10085,9944,20029
20211214,7호선,부천종합운동장,4874,4259,9133
20211214,7호선,까치울,7608,7216,14824
20211214,7호선,온수,10820,9919,20739
20211214,7호선,이수,14872,14716,29588
20211214,7호선,광명사거리,21572,21324,42896
20211214,7호선,숭실대입구,13982,14131,28113
20211214,7호선,상도,10198,9742,19940
20211214,7호선,장승배기,9241,9291,18532
20211214,7호선,신대방삼거리,16095,15455,31550
20211214,7호선,보라매,9749,9733,19482
20211214,7호선,천왕,11490,10877,22367
20211214,7호선,대림,7721,7698,15419
20211214,7호선,남구로,16046,16868,32914
20211214,7호선,가산디지털단지,46757,46317,93074
20211214,7호선,철산,20550,21246,41796
20211214,7호선,신풍,11475,10990,22465
20211215,7호선,남구로,15882,16775,32657
20211215,7호선,이수,15589,15416,31005
20211215,7호선,남성,10785,9952,20737
20211215,7호선,숭실대입구,12579,12691,25270
20211215,7호선,상도,10191,9726,19917
20211215,7호선,장승배기,9159,8869,18028
20211215,7호선,신대방삼거리,16123,15280,31403
20211215,7호선,보라매,9638,9617,19255
20211215,7호선,신풍,11453,10842,22295
20211215,7호선,대림,7605,7481,15086
20211215,7호선,가산디지털단지,45946,46401,92347
20211215,7호선,부천종합운동장,5044,4416,9460
20211215,7호선,광명사거리,22266,21671,43937
20211215,7호선,천왕,11621,10967,22588
20211215,7호선,온수,10751,10075,20826
20211215,7호선,까치울,7780,7193,14973
20211215,7호선,내방,14545,14746,29291
20211215,7호선,춘의,10137,9961,20098
20211215,7호선,신중동,14034,14033,28067
20211215,7호선,부천시청,12857,12868,25725
20211215,7호선,상동,12989,13782,26771
20211215,7호선,삼산체육관,5529,4933,10462
20211215,7호선,굴포천,9260,9493,18753
20211215,7호선,철산,20757,21313,42070
20211215,7호선,고속터미널,14338,12384,26722
20211215,7호선,부평구청,7366,6681,14047
20211215,7호선,논현,20016,21814,41830
20211215,7호선,장암,2212,832,3044
20211215,7호선,도봉산,9413,10389,19802
20211215,7호선,수락산,12227,11876,24103
20211215,7호선,마들,12747,12053,24800
20211215,7호선,노원,18683,20051,38734
20211215,7호선,중계,14344,12995,27339
20211215,7호선,하계,17725,16618,34343
20211215,7호선,공릉,12278,11876,24154
20211215,7호선,태릉입구,8161,7832,15993
20211215,7호선,먹골,9933,9553,19486
20211215,7호선,중화,10694,10565,21259
20211215,7호선,반포,5564,5400,10964
20211215,7호선,면목,16271,15774,32045
20211215,7호선,사가정,15900,15819,31719
20211215,7호선,용마산,5973,5719,11692
20211215,7호선,중곡,11037,10148,21185
20211215,7호선,군자,14531,11669,26200
20211215,7호선,어린이대공원,11620,11604,23224
20211215,7호선,건대입구,11857,12455,24312
20211215,7호선,뚝섬유원지,6993,6630,13623
20211215,7호선,청담,19091,21865,40956
20211215,7호선,강남구청,16695,18369,35064
20211215,7호선,학동,24733,26433,51166
20211215,7호선,상봉,16631,15492,32123
20211216,7호선,중곡,10762,9982,20744
20211216,7호선,군자,14795,11709,26504
20211216,7호선,어린이대공원,11714,11688,23402
20211216,7호선,건대입구,11744,12279,24023
20211216,7호선,논현,19824,22181,42005
20211216,7호선,청담,19211,22259,41470
20211216,7호선,강남구청,16360,18371,34731
20211216,7호선,학동,24583,26443,51026
20211216,7호선,용마산,5896,5626,11522
20211216,7호선,뚝섬유원지,7268,6978,14246
20211216,7호선,사가정,15726,15686,31412
20211216,7호선,공릉,11797,11580,23377
20211216,7호선,상봉,16647,15571,32218
20211216,7호선,중화,10653,10391,21044
20211216,7호선,먹골,9910,9626,19536
20211216,7호선,태릉입구,8368,7848,16216
20211216,7호선,하계,17213,15879,33092
20211216,7호선,노원,18692,19755,38447
20211216,7호선,마들,12781,11966,24747
20211216,7호선,수락산,12122,11813,23935
20211216,7호선,도봉산,9434,10486,19920
20211216,7호선,장암,2251,797,3048
20211216,7호선,반포,5708,5495,11203
20211216,7호선,면목,16171,15644,31815
20211216,7호선,중계,14263,12860,27123
20211216,7호선,고속터미널,14373,12370,26743
20211216,7호선,이수,15219,14960,30179
20211216,7호선,내방,14255,14558,28813
20211216,7호선,부평구청,7485,6713,14198
20211216,7호선,굴포천,9253,9580,18833
20211216,7호선,삼산체육관,5516,4927,10443
20211216,7호선,상동,12931,13669,26600
20211216,7호선,부천시청,12775,12823,25598
20211216,7호선,신중동,14262,14254,28516
20211216,7호선,부천종합운동장,5108,4463,9571
20211216,7호선,까치울,7668,7182,14850
20211216,7호선,온수,10663,9753,20416
20211216,7호선,천왕,11432,10793,22225
20211216,7호선,춘의,10045,9925,19970
20211216,7호선,철산,20871,21275,42146
20211216,7호선,광명사거리,22023,21713,43736
20211216,7호선,숭실대입구,12241,12275,24516
20211216,7호선,상도,10117,9806,19923
20211216,7호선,장승배기,9189,9048,18237
20211216,7호선,신대방삼거리,16193,15363,31556
20211216,7호선,남성,10960,10141,21101
20211216,7호선,신풍,11515,10934,22449
20211216,7호선,대림,7395,7562,14957
20211216,7호선,남구로,15712,16623,32335
20211216,7호선,가산디지털단지,45403,45713,91116
20211216,7호선,보라매,9514,9428,18942
20211217,7호선,논현,19793,22404,42197
20211217,7호선,용마산,6090,5660,11750
20211217,7호선,학동,23851,25669,49520
20211217,7호선,강남구청,16176,18352,34528
20211217,7호선,청담,18422,21459,39881
20211217,7호선,뚝섬유원지,6778,6547,13325
20211217,7호선,건대입구,12539,13363,25902
20211217,7호선,어린이대공원,12402,12164,24566
20211217,7호선,군자,14798,11883,26681
20211217,7호선,중곡,10678,9933,20611
20211217,7호선,사가정,15799,15704,31503
20211217,7호선,공릉,12141,11896,24037
20211217,7호선,상봉,16849,15801,32650
20211217,7호선,중화,10756,10303,21059
20211217,7호선,먹골,9877,9488,19365
20211217,7호선,태릉입구,8557,7917,16474
20211217,7호선,하계,17233,15861,33094
20211217,7호선,중계,14027,12365,26392
20211217,7호선,노원,19664,20651,40315
20211217,7호선,마들,12711,12060,24771
20211217,7호선,수락산,12155,11607,23762
20211217,7호선,도봉산,9529,9988,19517
20211217,7호선,장암,2132,891,3023
20211217,7호선,면목,15899,15417,31316
20211217,7호선,반포,5800,5459,11259
20211217,7호선,고속터미널,16843,13703,30546
20211217,7호선,이수,16010,15483,31493
20211217,7호선,부평구청,7398,6497,13895
20211217,7호선,굴포천,9360,9815,19175
20211217,7호선,삼산체육관,5217,4736,9953
20211217,7호선,상동,13383,14142,27525
20211217,7호선,부천시청,13084,13155,26239
20211217,7호선,신중동,14425,14509,28934
20211217,7호선,춘의,10131,9821,19952
20211217,7호선,부천종합운동장,5049,4358,9407
20211217,7호선,까치울,7465,6979,14444
20211217,7호선,온수,10289,9557,19846
20211217,7호선,천왕,11428,10591,22019
20211217,7호선,내방,14096,14696,28792
20211217,7호선,철산,21155,21694,42849
20211217,7호선,가산디지털단지,45066,43851,88917
20211217,7호선,남구로,15226,16243,31469
20211217,7호선,대림,7592,7767,15359
20211217,7호선,신풍,11218,10707,21925
20211217,7호선,보라매,9671,9338,19009
20211217,7호선,신대방삼거리,16318,15228,31546
20211217,7호선,장승배기,9281,8961,18242
20211217,7호선,상도,10524,9902,20426
20211217,7호선,숭실대입구,12379,12046,24425
20211217,7호선,남성,11146,10214,21360
20211217,7호선,광명사거리,21870,21357,43227
20211218,7호선,중곡,6537,6453,12990
20211218,7호선,군자,9996,7809,17805
20211218,7호선,어린이대공원,8961,8501,17462
20211218,7호선,건대입구,10698,10791,21489
20211218,7호선,논현,11577,11352,22929
20211218,7호선,청담,11850,11942,23792
20211218,7호선,강남구청,10304,10585,20889
20211218,7호선,학동,11999,12036,24035
20211218,7호선,용마산,3878,3991,7869
20211218,7호선,뚝섬유원지,4958,4915,9873
20211218,7호선,사가정,10925,11063,21988
20211218,7호선,공릉,8135,8064,16199
20211218,7호선,상봉,12557,12093,24650
20211218,7호선,중화,6846,6949,13795
20211218,7호선,먹골,7555,7601,15156
20211218,7호선,태릉입구,5939,5504,11443
20211218,7호선,하계,10842,10475,21317
20211218,7호선,중계,8200,7697,15897
20211218,7호선,노원,15007,15091,30098
20211218,7호선,마들,7953,7759,15712
20211218,7호선,수락산,8461,8455,16916
20211218,7호선,도봉산,5689,7144,12833
20211218,7호선,반포,4195,3880,8075
20211218,7호선,면목,10034,10432,20466
20211218,7호선,고속터미널,12594,9793,22387
20211218,7호선,장암,1316,733,2049
20211218,7호선,이수,11499,10776,22275
20211218,7호선,부평구청,4880,4567,9447
20211218,7호선,굴포천,7133,7457,14590
20211218,7호선,삼산체육관,3792,3660,7452
20211218,7호선,상동,11561,11546,23107
20211218,7호선,부천시청,10495,10170,20665
20211218,7호선,신중동,10010,10105,20115
20211218,7호선,춘의,5235,5029,10264
20211218,7호선,부천종합운동장,3178,2900,6078
20211218,7호선,까치울,4677,4975,9652
20211218,7호선,온수,5008,5240,10248
20211218,7호선,천왕,6141,6025,12166
20211218,7호선,내방,7477,7410,14887
20211218,7호선,철산,14338,14627,28965
20211218,7호선,가산디지털단지,14292,12470,26762
20211218,7호선,남구로,7886,8303,16189
20211218,7호선,대림,6289,6650,12939
20211218,7호선,신풍,7062,7071,14133
20211218,7호선,보라매,6068,5670,11738
20211218,7호선,신대방삼거리,10698,10236,20934
20211218,7호선,장승배기,6241,6032,12273
20211218,7호선,상도,6735,6638,13373
20211218,7호선,숭실대입구,7878,7939,15817
20211218,7호선,남성,7342,7107,14449
20211218,7호선,광명사거리,15249,15493,30742
20211219,7호선,대림,5778,5492,11270
20211219,7호선,신풍,5510,5254,10764
20211219,7호선,보라매,4013,3959,7972
20211219,7호선,신대방삼거리,7463,7420,14883
20211219,7호선,이수,8332,7930,16262
20211219,7호선,상도,4928,4842,9770
20211219,7호선,숭실대입구,5170,5438,10608
20211219,7호선,남성,5088,5039,10127
20211219,7호선,남구로,6156,5913,12069
20211219,7호선,장승배기,4741,4785,9526
20211219,7호선,가산디지털단지,9874,9387,19261
20211219,7호선,부천종합운동장,2461,2174,4635
20211219,7호선,광명사거리,11373,11366,22739
20211219,7호선,천왕,4573,4497,9070
20211219,7호선,온수,3671,3719,7390
20211219,7호선,까치울,3645,3754,7399
20211219,7호선,춘의,3394,3194,6588
20211219,7호선,신중동,6755,6660,13415
20211219,7호선,부천시청,7103,6872,13975
20211219,7호선,상동,7352,7319,14671
20211219,7호선,삼산체육관,2521,2347,4868
20211219,7호선,굴포천,4720,4815,9535
20211219,7호선,내방,4920,4996,9916
20211219,7호선,철산,9911,9788,19699
20211219,7호선,부평구청,3573,3165,6738
20211219,7호선,고속터미널,10522,7234,17756
20211219,7호선,논현,5630,6191,11821
20211219,7호선,반포,2697,2634,5331
20211219,7호선,장암,1031,644,1675
20211219,7호선,도봉산,4934,6283,11217
20211219,7호선,수락산,6992,6841,13833
20211219,7호선,마들,5674,5299,10973
20211219,7호선,노원,10507,10345,20852
20211219,7호선,중계,5979,5641,11620
20211219,7호선,공릉,6144,6163,12307
20211219,7호선,태릉입구,4393,4107,8500
20211219,7호선,먹골,5142,5109,10251
20211219,7호선,중화,5214,4971,10185
20211219,7호선,하계,8578,8233,16811
20211219,7호선,면목,7292,7056,14348
20211219,7호선,상봉,8805,8536,17341
20211219,7호선,강남구청,5578,6238,11816
20211219,7호선,청담,6371,6901,13272
20211219,7호선,뚝섬유원지,3861,3696,7557
20211219,7호선,건대입구,7877,7989,15866
20211219,7호선,학동,6463,7014,13477
20211219,7호선,군자,7106,5640,12746
20211219,7호선,중곡,5041,4882,9923
20211219,7호선,용마산,2959,2975,5934
20211219,7호선,사가정,8098,8010,16108
20211219,7호선,어린이대공원,6752,6546,13298
20211220,7호선,남구로,16016,16612,32628
20211220,7호선,이수,14792,14649,29441
20211220,7호선,남성,10479,10002,20481
20211220,7호선,숭실대입구,11353,11698,23051
20211220,7호선,상도,10075,9878,19953
20211220,7호선,장승배기,9126,9070,18196
20211220,7호선,신대방삼거리,15999,15432,31431
20211220,7호선,보라매,9451,9608,19059
20211220,7호선,신풍,11118,10612,21730
20211220,7호선,대림,7599,7414,15013
20211220,7호선,가산디지털단지,46247,45971,92218
20211220,7호선,내방,13974,14042,28016
20211220,7호선,광명사거리,21636,21306,42942
20211220,7호선,천왕,11209,10750,21959
20211220,7호선,온수,10272,9313,19585
20211220,7호선,까치울,7412,7057,14469
20211220,7호선,부천종합운동장,4974,4437,9411
20211220,7호선,춘의,9984,10032,20016
20211220,7호선,신중동,13952,13953,27905
20211220,7호선,부천시청,12513,12402,24915
20211220,7호선,상동,12722,13247,25969
20211220,7호선,삼산체육관,5185,4683,9868
20211220,7호선,굴포천,8899,9327,18226
20211220,7호선,부평구청,7220,6528,13748
20211220,7호선,고속터미널,15144,12389,27533
20211220,7호선,철산,20121,20552,40673
20211220,7호선,논현,20221,21504,41725
20211220,7호선,장암,2246,805,3051
20211220,7호선,도봉산,9110,9943,19053
20211220,7호선,수락산,12025,11769,23794
20211220,7호선,마들,12458,11958,24416
20211220,7호선,노원,18824,19734,38558
20211220,7호선,중계,13780,12723,26503
20211220,7호선,하계,16818,15931,32749
20211220,7호선,공릉,11588,11497,23085
20211220,7호선,태릉입구,8000,7577,15577
20211220,7호선,먹골,9711,9533,19244
20211220,7호선,중화,10561,10561,21122
20211220,7호선,반포,5509,5323,10832
20211220,7호선,면목,16145,15858,32003
20211220,7호선,사가정,15667,15574,31241
20211220,7호선,용마산,6020,5648,11668
20211220,7호선,중곡,10674,10074,20748
20211220,7호선,군자,15143,11877,27020
20211220,7호선,어린이대공원,11380,11282,22662
20211220,7호선,건대입구,11764,12083,23847
20211220,7호선,뚝섬유원지,7012,6720,13732
20211220,7호선,청담,18976,20772,39748
20211220,7호선,강남구청,15535,16896,32431
20211220,7호선,학동,24233,25274,49507
20211220,7호선,상봉,16134,15192,31326
20211221,7호선,대림,7550,7674,15224
20211221,7호선,신풍,11555,10896,22451
20211221,7호선,보라매,9830,9786,19616
20211221,7호선,신대방삼거리,16370,15980,32350
20211221,7호선,이수,15255,14753,30008
20211221,7호선,상도,10586,10289,20875
20211221,7호선,숭실대입구,11695,12092,23787
20211221,7호선,남성,10881,10275,21156
20211221,7호선,남구로,15973,16968,32941
20211221,7호선,장승배기,9271,9318,18589
20211221,7호선,가산디지털단지,46972,46793,93765
20211221,7호선,부천종합운동장,4870,4306,9176
20211221,7호선,광명사거리,22161,21849,44010
20211221,7호선,천왕,11487,10907,22394
20211221,7호선,온수,10431,9420,19851
20211221,7호선,까치울,7574,7278,14852
20211221,7호선,춘의,10237,10069,20306
20211221,7호선,신중동,13994,13988,27982
20211221,7호선,부천시청,12618,12634,25252
20211221,7호선,상동,13147,13649,26796
20211221,7호선,삼산체육관,5805,5305,11110
20211221,7호선,굴포천,8973,9516,18489
20211221,7호선,내방,14561,14915,29476
20211221,7호선,철산,20903,21295,42198
20211221,7호선,고속터미널,14765,12706,27471
20211221,7호선,부평구청,7307,6598,13905
20211221,7호선,논현,20636,22432,43068
20211221,7호선,장암,2212,793,3005
20211221,7호선,도봉산,9442,10361,19803
20211221,7호선,수락산,12289,12078,24367
20211221,7호선,마들,12609,12055,24664
20211221,7호선,노원,19084,20008,39092
20211221,7호선,중계,14121,13107,27228
20211221,7호선,하계,17489,16527,34016
20211221,7호선,공릉,11814,11769,23583
20211221,7호선,태릉입구,8371,7924,16295
20211221,7호선,먹골,10091,9834,19925
20211221,7호선,중화,11019,10849,21868
20211221,7호선,반포,5768,5575,11343
20211221,7호선,면목,16034,15969,32003
20211221,7호선,사가정,15787,15712,31499
20211221,7호선,용마산,6089,5918,12007
20211221,7호선,중곡,11186,10540,21726
20211221,7호선,군자,14951,12165,27116
20211221,7호선,어린이대공원,11812,11753,23565
20211221,7호선,건대입구,11773,12143,23916
20211221,7호선,뚝섬유원지,7529,7391,14920
20211221,7호선,청담,19572,21781,41353
20211221,7호선,강남구청,16851,18415,35266
20211221,7호선,학동,24925,26424,51349
20211221,7호선,상봉,16853,15710,32563
20211222,7호선,대림,7466,7538,15004
20211222,7호선,신풍,11516,11050,22566
20211222,7호선,보라매,9790,9596,19386
20211222,7호선,신대방삼거리,16388,15733,32121
20211222,7호선,이수,15588,15222,30810
20211222,7호선,상도,10646,10501,21147
20211222,7호선,숭실대입구,11774,12009,23783
20211222,7호선,남성,11105,10406,21511
20211222,7호선,남구로,16179,16970,33149
20211222,7호선,장승배기,9305,9236,18541
20211222,7호선,가산디지털단지,46676,46345,93021
20211222,7호선,부천종합운동장,4973,4342,9315
20211222,7호선,광명사거리,22594,22648,45242
20211222,7호선,천왕,11683,11034,22717
20211222,7호선,온수,10497,9737,20234
20211222,7호선,까치울,7659,7344,15003
20211222,7호선,춘의,10368,10255,20623
20211222,7호선,신중동,14290,14321,28611
20211222,7호선,부천시청,13132,13014,26146
20211222,7호선,상동,13148,13818,26966
20211222,7호선,삼산체육관,5381,4840,10221
20211222,7호선,굴포천,9272,9674,18946
20211222,7호선,내방,14734,15200,29934
20211222,7호선,철산,20996,21594,42590
20211222,7호선,부평구청,7377,6675,14052
20211222,7호선,고속터미널,15009,12900,27909
20211222,7호선,논현,20966,22503,43469
20211222,7호선,반포,5966,5695,11661
20211222,7호선,장암,2307,869,3176
20211222,7호선,도봉산,9365,10544,19909
20211222,7호선,수락산,12540,12277,24817
20211222,7호선,마들,12843,12413,25256
20211222,7호선,노원,19439,20147,39586
20211222,7호선,중계,14235,13061,27296
20211222,7호선,공릉,11895,11839,23734
20211222,7호선,태릉입구,8312,7799,16111
20211222,7호선,먹골,10079,10054,20133
20211222,7호선,중화,10952,10920,21872
20211222,7호선,하계,18233,17432,35665
20211222,7호선,면목,15607,15420,31027
20211222,7호선,상봉,16871,15833,32704
20211222,7호선,강남구청,17090,18475,35565
20211222,7호선,청담,19857,22016,41873
20211222,7호선,뚝섬유원지,7713,7578,15291
20211222,7호선,건대입구,12253,12691,24944
20211222,7호선,학동,25372,26692,52064
20211222,7호선,군자,15023,12039,27062
20211222,7호선,중곡,11366,10623,21989
20211222,7호선,용마산,6029,5906,11935
20211222,7호선,사가정,15887,16024,31911
20211222,7호선,어린이대공원,12069,11920,23989
20211223,7호선,사가정,15907,15891,31798
20211223,7호선,학동,25158,26514,51672
20211223,7호선,강남구청,17059,18606,35665
20211223,7호선,청담,19802,22276,42078
20211223,7호선,뚝섬유원지,7498,7211,14709
20211223,7호선,건대입구,12446,12739,25185
20211223,7호선,어린이대공원,11872,11614,23486
20211223,7호선,군자,14986,12234,27220
20211223,7호선,중곡,11297,10620,21917
20211223,7호선,용마산,5999,5908,11907
20211223,7호선,면목,15215,14902,30117
20211223,7호선,논현,20972,22517,43489
20211223,7호선,중화,10837,10610,21447
20211223,7호선,먹골,10072,9823,19895
20211223,7호선,태릉입구,8206,7725,15931
20211223,7호선,공릉,12056,11996,24052
20211223,7호선,하계,17632,16774,34406
20211223,7호선,중계,14119,12969,27088
20211223,7호선,노원,19563,20116,39679
20211223,7호선,마들,12865,12166,25031
20211223,7호선,수락산,12309,12089,24398
20211223,7호선,도봉산,8941,10369,19310
20211223,7호선,장암,2228,839,3067
20211223,7호선,상봉,17203,16297,33500
20211223,7호선,반포,5956,5678,11634
20211223,7호선,고속터미널,15375,13404,28779
20211223,7호선,내방,14578,14845,29423
20211223,7호선,굴포천,9321,9807,19128
20211223,7호선,삼산체육관,5291,4705,9996
20211223,7호선,상동,13261,13763,27024
20211223,7호선,부천시청,13121,13156,26277
20211223,7호선,신중동,14408,14327,28735
20211223,7호선,춘의,10100,9965,20065
20211223,7호선,부천종합운동장,4971,4357,9328
20211223,7호선,까치울,7558,7335,14893
20211223,7호선,온수,10246,9279,19525
20211223,7호선,천왕,11388,10969,22357
20211223,7호선,광명사거리,22153,21890,44043
20211223,7호선,부평구청,7464,6617,14081
20211223,7호선,가산디지털단지,46077,46145,92222
20211223,7호선,남구로,15886,16857,32743
20211223,7호선,대림,7352,7504,14856
20211223,7호선,신풍,11488,11003,22491
20211223,7호선,보라매,9772,9715,19487
20211223,7호선,신대방삼거리,16369,15776,32145
20211223,7호선,장승배기,9208,9055,18263
20211223,7호선,상도,10721,10489,21210
20211223,7호선,숭실대입구,11831,11834,23665
20211223,7호선,남성,10978,10360,21338
20211223,7호선,이수,15598,15226,30824
20211223,7호선,철산,21031,21410,42441
20211224,7호선,대림,7743,8030,15773
20211224,7호선,신풍,11206,10770,21976
20211224,7호선,보라매,9584,9314,18898
20211224,7호선,신대방삼거리,16384,15451,31835
20211224,7호선,이수,15578,15136,30714
20211224,7호선,상도,10647,10135,20782
20211224,7호선,숭실대입구,11410,11234,22644
20211224,7호선,남성,10874,10052,20926
20211224,7호선,남구로,15297,16152,31449
20211224,7호선,장승배기,9358,9173,18531
20211224,7호선,가산디지털단지,44056,42277,86333
20211224,7호선,부천종합운동장,4729,4134,8863
20211224,7호선,광명사거리,22662,22265,44927
20211224,7호선,천왕,11372,10927,22299
20211224,7호선,온수,10057,9227,19284
20211224,7호선,까치울,7479,7353,14832
20211224,7호선,춘의,9997,9692,19689
20211224,7호선,신중동,14337,14422,28759
20211224,7호선,부천시청,13753,14026,27779
20211224,7호선,상동,13592,14126,27718
20211224,7호선,삼산체육관,5359,4848,10207
20211224,7호선,굴포천,9257,9713,18970
20211224,7호선,내방,14299,14669,28968
20211224,7호선,철산,20899,21770,42669
20211224,7호선,고속터미널,16328,14115,30443
20211224,7호선,부평구청,7118,6558,13676
20211224,7호선,논현,19630,21243,40873
20211224,7호선,장암,2039,884,2923
20211224,7호선,도봉산,8602,9595,18197
20211224,7호선,수락산,12356,12009,24365
20211224,7호선,마들,12718,12085,24803
20211224,7호선,노원,21103,21875,42978
20211224,7호선,중계,13517,12262,25779
20211224,7호선,하계,17360,16218,33578
20211224,7호선,공릉,12142,12037,24179
20211224,7호선,태릉입구,8176,7588,15764
20211224,7호선,먹골,10094,9957,20051
20211224,7호선,중화,10881,10731,21612
20211224,7호선,반포,6032,5659,11691
20211224,7호선,면목,15207,14995,30202
20211224,7호선,사가정,15896,15929,31825
20211224,7호선,용마산,5872,5694,11566
20211224,7호선,중곡,11144,10457,21601
20211224,7호선,군자,14833,12030,26863
20211224,7호선,어린이대공원,12156,11842,23998
20211224,7호선,건대입구,13883,14111,27994
20211224,7호선,뚝섬유원지,6920,6831,13751
20211224,7호선,청담,18389,20575,38964
20211224,7호선,강남구청,16046,17293,33339
20211224,7호선,학동,22976,23799,46775
20211224,7호선,상봉,17211,16751,33962
20211225,7호선,중곡,5426,5103,10529
20211225,7호선,군자,7891,6120,14011
20211225,7호선,어린이대공원,6241,6015,12256
20211225,7호선,건대입구,9928,10045,19973
20211225,7호선,논현,5850,6416,12266
20211225,7호선,청담,6517,7445,13962
20211225,7호선,강남구청,5219,5743,10962
20211225,7호선,학동,6031,6394,12425
20211225,7호선,용마산,3156,3186,6342
20211225,7호선,뚝섬유원지,3818,3664,7482
20211225,7호선,사가정,8820,8579,17399
20211225,7호선,공릉,6813,6653,13466
20211225,7호선,상봉,10097,9610,19707
20211225,7호선,중화,5584,5480,11064
20211225,7호선,먹골,5677,5567,11244
20211225,7호선,태릉입구,4553,4344,8897
20211225,7호선,하계,8782,8403,17185
20211225,7호선,중계,6463,6020,12483
20211225,7호선,노원,12918,12837,25755
20211225,7호선,마들,6306,6071,12377
20211225,7호선,수락산,6911,6742,13653
20211225,7호선,도봉산,4069,5697,9766
20211225,7호선,반포,2786,2620,5406
20211225,7호선,면목,8196,8059,16255
20211225,7호선,장암,850,591,1441
20211225,7호선,고속터미널,8761,6943,15704
20211225,7호선,이수,8228,7706,15934
20211225,7호선,내방,5063,5078,10141
20211225,7호선,부평구청,3512,3326,6838
20211225,7호선,굴포천,4923,5318,10241
20211225,7호선,삼산체육관,2703,2600,5303
20211225,7호선,상동,7679,7602,15281
20211225,7호선,부천시청,7971,7852,15823
20211225,7호선,신중동,7238,7083,14321
20211225,7호선,부천종합운동장,2223,1990,4213
20211225,7호선,까치울,3714,3819,7533
20211225,7호선,온수,3715,3764,7479
20211225,7호선,천왕,4816,4667,9483
20211225,7호선,춘의,3530,3432,6962
20211225,7호선,철산,11017,11275,22292
20211225,7호선,광명사거리,12353,12265,24618
20211225,7호선,숭실대입구,5308,5322,10630
20211225,7호선,상도,5228,4877,10105
20211225,7호선,장승배기,4552,4375,8927
20211225,7호선,신대방삼거리,8008,7752,15760
20211225,7호선,남성,5378,5126,10504
20211225,7호선,신풍,5525,5315,10840
20211225,7호선,대림,5856,6025,11881
20211225,7호선,남구로,6315,6509,12824
20211225,7호선,가산디지털단지,10964,9432,20396
20211225,7호선,보라매,4078,3902,7980
20211226,7호선,남구로,5418,5235,10653
20211226,7호선,이수,6589,6234,12823
20211226,7호선,남성,4382,4361,8743
20211226,7호선,숭실대입구,4314,4784,9098
20211226,7호선,상도,4167,4207,8374
20211226,7호선,장승배기,3841,3823,7664
20211226,7호선,신대방삼거리,6383,6428,12811
20211226,7호선,보라매,3274,3311,6585
20211226,7호선,신풍,4601,4403,9004
20211226,7호선,대림,5349,5023,10372
20211226,7호선,상동,5930,5652,11582
20211226,7호선,내방,4032,4364,8396
20211226,7호선,철산,8012,8407,16419
20211226,7호선,광명사거리,9438,9469,18907
20211226,7호선,천왕,3793,3654,7447
20211226,7호선,온수,2957,3095,6052
20211226,7호선,까치울,2940,3071,6011
20211226,7호선,부천종합운동장,1809,1665,3474
20211226,7호선,춘의,2769,2723,5492
20211226,7호선,신중동,5389,5360,10749
20211226,7호선,부평구청,2769,2615,5384
20211226,7호선,굴포천,3769,3821,7590
20211226,7호선,삼산체육관,2072,2018,4090
20211226,7호선,가산디지털단지,8561,7501,16062
20211226,7호선,고속터미널,9838,6154,15992
20211226,7호선,상봉,7434,6831,14265
20211226,7호선,논현,4635,5038,9673
20211226,7호선,부천시청,5561,5278,10839
20211226,7호선,장암,742,507,1249
20211226,7호선,도봉산,3403,4866,8269
20211226,7호선,수락산,5771,5691,11462
20211226,7호선,마들,4701,4498,9199
20211226,7호선,노원,9610,9274,18884
20211226,7호선,중계,5276,4998,10274
20211226,7호선,하계,7202,6966,14168
20211226,7호선,공릉,5015,5263,10278
20211226,7호선,태릉입구,3691,3421,7112
20211226,7호선,먹골,4306,4383,8689
20211226,7호선,반포,2225,2190,4415
20211226,7호선,면목,6339,6437,12776
20211226,7호선,사가정,6709,6792,13501
20211226,7호선,용마산,2486,2640,5126
20211226,7호선,중곡,4176,4323,8499
20211226,7호선,군자,6073,4909,10982
20211226,7호선,어린이대공원,4967,5098,10065
20211226,7호선,건대입구,6565,6679,13244
20211226,7호선,뚝섬유원지,3008,3001,6009
20211226,7호선,청담,5554,6156,11710
20211226,7호선,강남구청,4260,4495,8755
20211226,7호선,학동,4857,5121,9978
20211226,7호선,중화,4507,4393,8900
20211227,7호선,광명사거리,20436,20300,40736
20211227,7호선,천왕,10612,10165,20777
20211227,7호선,온수,9711,8744,18455
20211227,7호선,까치울,6973,6669,13642
20211227,7호선,상동,12058,12606,24664
20211227,7호선,춘의,9643,9621,19264
20211227,7호선,신중동,13341,13225,26566
20211227,7호선,부천시청,11957,11814,23771
20211227,7호선,철산,19564,20249,39813
20211227,7호선,부천종합운동장,4426,3881,8307
20211227,7호선,가산디지털단지,44126,43370,87496
20211227,7호선,장승배기,8495,8617,17112
20211227,7호선,대림,7386,7323,14709
20211227,7호선,신풍,10488,9997,20485
20211227,7호선,보라매,9172,9053,18225
20211227,7호선,신대방삼거리,15274,14861,30135
20211227,7호선,상도,9682,9629,19311
20211227,7호선,장암,2044,709,2753
20211227,7호선,도봉산,8092,9173,17265
20211227,7호선,수락산,11269,11071,22340
20211227,7호선,마들,11830,11530,23360
20211227,7호선,노원,18167,18638,36805
20211227,7호선,삼산체육관,4998,4521,9519
20211227,7호선,남구로,15300,15802,31102
20211227,7호선,굴포천,8635,9034,17669
20211227,7호선,중계,12821,11930,24751
20211227,7호선,숭실대입구,10769,11037,21806
20211227,7호선,하계,15962,15233,31195
20211227,7호선,공릉,10778,10718,21496
20211227,7호선,태릉입구,7506,7195,14701
20211227,7호선,먹골,9364,9246,18610
20211227,7호선,중화,10149,10140,20289
20211227,7호선,상봉,15591,14581,30172
20211227,7호선,면목,14125,14080,28205
20211227,7호선,사가정,14697,14876,29573
20211227,7호선,용마산,5568,5419,10987
20211227,7호선,중곡,10272,9756,20028
20211227,7호선,군자,13836,11426,25262
20211227,7호선,부평구청,6664,6109,12773
20211227,7호선,건대입구,11387,11762,23149
20211227,7호선,뚝섬유원지,6122,6077,12199
20211227,7호선,청담,17831,19639,37470
20211227,7호선,강남구청,15254,16375,31629
20211227,7호선,학동,22856,24052,46908
20211227,7호선,논현,19137,20611,39748
20211227,7호선,반포,5257,5183,10440
20211227,7호선,고속터미널,14840,12020,26860
20211227,7호선,내방,13338,13444,26782
20211227,7호선,이수,13815,13475,27290
20211227,7호선,남성,10074,9546,19620
20211227,7호선,어린이대공원,10693,10590,21283
20211228,7호선,중곡,10657,10101,20758
20211228,7호선,군자,14672,11837,26509
20211228,7호선,어린이대공원,11251,11141,22392
20211228,7호선,건대입구,11760,12072,23832
20211228,7호선,논현,20548,21931,42479
20211228,7호선,청담,18784,20759,39543
20211228,7호선,강남구청,16092,17638,33730
20211228,7호선,학동,23891,25130,49021
20211228,7호선,용마산,5833,5763,11596
20211228,7호선,뚝섬유원지,6649,6550,13199
20211228,7호선,사가정,15481,15430,30911
20211228,7호선,공릉,11323,11319,22642
20211228,7호선,상봉,16449,15490,31939
20211228,7호선,중화,10508,10558,21066
20211228,7호선,먹골,9718,9608,19326
20211228,7호선,태릉입구,7939,7462,15401
20211228,7호선,하계,16727,15808,32535
20211228,7호선,중계,13445,12361,25806
20211228,7호선,노원,19200,19794,38994
20211228,7호선,마들,12411,11839,24250
20211228,7호선,수락산,11708,11699,23407
20211228,7호선,도봉산,8612,9870,18482
20211228,7호선,반포,5483,5331,10814
20211228,7호선,면목,14756,14607,29363
20211228,7호선,장암,2147,805,2952
20211228,7호선,고속터미널,14754,12525,27279
20211228,7호선,이수,14883,14484,29367
20211228,7호선,내방,14075,14266,28341
20211228,7호선,부평구청,7049,6465,13514
20211228,7호선,굴포천,9000,9351,18351
20211228,7호선,삼산체육관,5170,4693,9863
20211228,7호선,상동,12704,13380,26084
20211228,7호선,부천시청,12568,12582,25150
20211228,7호선,신중동,13899,13815,27714
20211228,7호선,부천종합운동장,4646,4072,8718
20211228,7호선,까치울,7295,6928,14223
20211228,7호선,온수,10034,9196,19230
20211228,7호선,천왕,11034,10644,21678
20211228,7호선,춘의,10007,9848,19855
20211228,7호선,철산,20197,20704,40901
20211228,7호선,광명사거리,21275,20918,42193
20211228,7호선,숭실대입구,11308,11550,22858
20211228,7호선,상도,10071,9818,19889
20211228,7호선,장승배기,8900,8883,17783
20211228,7호선,신대방삼거리,15872,15315,31187
20211228,7호선,남성,10620,9907,20527
20211228,7호선,신풍,11118,10697,21815
20211228,7호선,대림,7386,7433,14819
20211228,7호선,남구로,15260,16210,31470
20211228,7호선,가산디지털단지,45380,45087,90467
20211228,7호선,보라매,9526,9516,19042
20211229,7호선,철산,20846,21317,42163
20211229,7호선,숭실대입구,11359,11425,22784
20211229,7호선,상도,10400,10041,20441
20211229,7호선,장승배기,8976,8905,17881
20211229,7호선,신대방삼거리,16045,15460,31505
20211229,7호선,보라매,9795,9598,19393
20211229,7호선,신풍,11352,10884,22236
20211229,7호선,대림,7490,7487,14977
20211229,7호선,남구로,15520,16274,31794
20211229,7호선,가산디지털단지,45353,45014,90367
20211229,7호선,반포,5626,5440,11066
20211229,7호선,남성,10750,10231,20981
20211229,7호선,천왕,11405,10738,22143
20211229,7호선,온수,10127,9391,19518
20211229,7호선,까치울,7567,7329,14896
20211229,7호선,부천종합운동장,4666,4141,8807
20211229,7호선,춘의,10180,9953,20133
20211229,7호선,신중동,14255,14246,28501
20211229,7호선,부천시청,12937,12798,25735
20211229,7호선,상동,13282,13767,27049
20211229,7호선,삼산체육관,5579,5172,10751
20211229,7호선,굴포천,9202,9581,18783
20211229,7호선,부평구청,7144,6480,13624
20211229,7호선,광명사거리,22033,21750,43783
20211229,7호선,이수,15642,15044,30686
20211229,7호선,면목,14984,14912,29896
20211229,7호선,고속터미널,14612,12897,27509
20211229,7호선,장암,2183,840,3023
20211229,7호선,도봉산,8546,9898,18444
20211229,7호선,수락산,12425,12066,24491
20211229,7호선,마들,12582,12099,24681
20211229,7호선,노원,19703,20209,39912
20211229,7호선,중계,13858,12595,26453
20211229,7호선,공릉,11476,11391,22867
20211229,7호선,태릉입구,8138,7603,15741
20211229,7호선,먹골,10025,9810,19835
20211229,7호선,중화,10931,10664,21595
20211229,7호선,상봉,17060,15996,33056
20211229,7호선,하계,17663,16705,34368
20211229,7호선,용마산,5935,5802,11737
20211229,7호선,사가정,15656,15690,31346
20211229,7호선,논현,20050,21787,41837
20211229,7호선,학동,23995,25512,49507
20211229,7호선,강남구청,16380,17800,34180
20211229,7호선,청담,18838,21072,39910
20211229,7호선,내방,14214,14673,28887
20211229,7호선,건대입구,12055,12569,24624
20211229,7호선,어린이대공원,11367,11327,22694
20211229,7호선,군자,14974,12193,27167
20211229,7호선,중곡,11088,10229,21317
20211229,7호선,뚝섬유원지,6943,6818,13761
20211230,7호선,고속터미널,14419,12968,27387
20211230,7호선,군자,14604,11620,26224
20211230,7호선,어린이대공원,13566,13727,27293
20211230,7호선,건대입구,16676,16746,33422
20211230,7호선,뚝섬유원지,6660,6559,13219
20211230,7호선,청담,18411,20451,38862
20211230,7호선,강남구청,15884,17177,33061
20211230,7호선,학동,22890,24400,47290
20211230,7호선,논현,19467,21280,40747
20211230,7호선,반포,5675,5431,11106
20211230,7호선,중곡,10151,9802,19953
20211230,7호선,철산,20420,21096,41516
20211230,7호선,남성,10595,9840,20435
20211230,7호선,숭실대입구,11189,11220,22409
20211230,7호선,상도,10225,9851,20076
20211230,7호선,장승배기,8831,8753,17584
20211230,7호선,신대방삼거리,15858,15191,31049
20211230,7호선,보라매,9086,8972,18058
20211230,7호선,신풍,11048,10610,21658
20211230,7호선,대림,7739,7832,15571
20211230,7호선,남구로,15010,16049,31059
20211230,7호선,가산디지털단지,43047,42726,85773
20211230,7호선,용마산,5813,5667,11480
20211230,7호선,이수,15353,14656,30009
20211230,7호선,사가정,15622,15637,31259
20211230,7호선,내방,13851,14137,27988
20211230,7호선,상봉,16740,15920,32660
20211230,7호선,온수,9780,8873,18653
20211230,7호선,천왕,10972,10291,21263
20211230,7호선,광명사거리,21693,21483,43176
20211230,7호선,부평구청,6983,6450,13433
20211230,7호선,굴포천,9182,9576,18758
20211230,7호선,삼산체육관,5105,4620,9725
20211230,7호선,면목,15002,14584,29586
20211230,7호선,부천시청,12584,12606,25190
20211230,7호선,신중동,14069,13868,27937
20211230,7호선,춘의,9701,9625,19326
20211230,7호선,부천종합운동장,4684,4066,8750
20211230,7호선,상동,13049,13511,26560
20211230,7호선,장암,2148,851,2999
20211230,7호선,까치울,7376,7078,14454
20211230,7호선,먹골,9852,9709,19561
20211230,7호선,태릉입구,8155,7750,15905
20211230,7호선,공릉,11293,11125,22418
20211230,7호선,하계,16970,15978,32948
20211230,7호선,중화,10479,10323,20802
20211230,7호선,노원,19824,20207,40031
20211230,7호선,마들,12507,12051,24558
20211230,7호선,수락산,12189,11927,24116
20211230,7호선,도봉산,8793,9935,18728
20211230,7호선,중계,13342,12276,25618
20211231,7호선,이수,14250,13321,27571
20211231,7호선,남성,9778,8860,18638
20211231,7호선,숭실대입구,10071,9542,19613
20211231,7호선,상도,9493,8549,18042
20211231,7호선,장승배기,8517,8213,16730
20211231,7호선,신대방삼거리,15103,14000,29103
20211231,7호선,보라매,8456,8019,16475
20211231,7호선,신풍,10269,9886,20155
20211231,7호선,대림,8294,8733,17027
20211231,7호선,남구로,13881,14400,28281
20211231,7호선,삼산체육관,4625,4238,8863
20211231,7호선,철산,18981,19608,38589
20211231,7호선,광명사거리,21303,21166,42469
20211231,7호선,천왕,9986,9369,19355
20211231,7호선,온수,8781,7971,16752
20211231,7호선,까치울,6795,6562,13357
20211231,7호선,부천종합운동장,4178,3800,7978
20211231,7호선,춘의,8697,8499,17196
20211231,7호선,신중동,12975,12904,25879
20211231,7호선,부천시청,12184,12165,24349
20211231,7호선,상동,12249,13080,25329
20211231,7호선,내방,12379,12330,24709
20211231,7호선,가산디지털단지,36036,34412,70448
20211231,7호선,고속터미널,14742,13506,28248
20211231,7호선,면목,14124,14023,28147
20211231,7호선,논현,16593,17867,34460
20211231,7호선,굴포천,8551,9077,17628
20211231,7호선,장암,1860,863,2723
20211231,7호선,도봉산,7678,8790,16468
20211231,7호선,수락산,11311,11164,22475
20211231,7호선,마들,11673,10960,22633
20211231,7호선,노원,19500,20661,40161
20211231,7호선,중계,12308,10932,23240
20211231,7호선,하계,15838,14995,30833
20211231,7호선,공릉,10669,10249,20918
20211231,7호선,태릉입구,7628,7015,14643
20211231,7호선,먹골,9336,9213,18549
20211231,7호선,중화,9955,9641,19596
20211231,7호선,상봉,15902,14943,30845
20211231,7호선,사가정,14811,14924,29735
20211231,7호선,용마산,5432,5184,10616
20211231,7호선,중곡,9542,9237,18779
20211231,7호선,군자,13526,10540,24066
20211231,7호선,어린이대공원,11334,10696,22030
20211231,7호선,건대입구,12761,12612,25373
20211231,7호선,뚝섬유원지,6312,6145,12457
20211231,7호선,청담,15740,17537,33277
20211231,7호선,강남구청,13217,14276,27493
20211231,7호선,학동,18767,19442,38209
20211231,7호선,반포,5247,4959,10206
20211231,7호선,부평구청,6289,5790,12079
