사용일자,호선명,지하철역,승차총승객수,하차총승객수,승하차총승객수
20210101,경춘선,신내,351,354,705
20210101,경춘선,춘천,533,502,1035
20210101,경춘선,남춘천,952,907,1859
20210101,경춘선,김유정,120,130,250
20210101,경춘선,강촌,191,186,377
20210101,경춘선,백양리,50,36,86
20210101,경춘선,가평,635,572,1207
20210101,경춘선,상천,141,102,243
20210101,경춘선,청평,627,602,1229
20210101,경춘선,굴봉산,54,53,107
20210101,경춘선,마석,1099,1285,2384
20210101,경춘선,대성리,262,205,467
20210101,경춘선,별내,738,774,1512
20210101,경춘선,퇴계원,966,951,1917
20210101,경춘선,사릉,842,872,1714
20210101,경춘선,갈매,684,622,1306
20210101,경춘선,평내호평,1659,1715,3374
20210101,경춘선,천마산,585,569,1154
20210101,경춘선,금곡,430,427,857
20210102,경춘선,천마산,753,717,1470
20210102,경춘선,신내,496,503,999
20210102,경춘선,갈매,1089,981,2070
20210102,경춘선,별내,1066,1034,2100
20210102,경춘선,퇴계원,1445,1351,2796
20210102,경춘선,사릉,1261,1277,2538
20210102,경춘선,금곡,586,540,1126
20210102,경춘선,평내호평,2305,2225,4530
20210102,경춘선,마석,1623,1606,3229
20210102,경춘선,백양리,44,77,121
20210102,경춘선,청평,719,691,1410
20210102,경춘선,대성리,282,226,508
20210102,경춘선,남춘천,1207,1300,2507
20210102,경춘선,김유정,158,160,318
20210102,경춘선,강촌,283,281,564
20210102,경춘선,춘천,612,589,1201
20210102,경춘선,굴봉산,73,60,133
20210102,경춘선,가평,725,640,1365
20210102,경춘선,상천,208,176,384
20210103,경춘선,춘천,669,555,1224
20210103,경춘선,남춘천,1151,1208,2359
20210103,경춘선,김유정,165,133,298
20210103,경춘선,강촌,271,231,502
20210103,경춘선,백양리,45,72,117
20210103,경춘선,가평,629,554,1183
20210103,경춘선,상천,190,173,363
20210103,경춘선,청평,684,615,1299
20210103,경춘선,대성리,248,186,434
20210103,경춘선,굴봉산,72,76,148
20210103,경춘선,천마산,592,557,1149
20210103,경춘선,갈매,849,682,1531
20210103,경춘선,별내,847,852,1699
20210103,경춘선,퇴계원,1208,1123,2331
20210103,경춘선,신내,460,441,901
20210103,경춘선,마석,1372,1345,2717
20210103,경춘선,금곡,534,457,991
20210103,경춘선,평내호평,1796,1666,3462
20210103,경춘선,사릉,969,968,1937
20210104,경춘선,청평,948,906,1854
20210104,경춘선,남춘천,1477,1515,2992
20210104,경춘선,김유정,160,149,309
20210104,경춘선,강촌,178,182,360
20210104,경춘선,백양리,82,93,175
20210104,경춘선,굴봉산,52,61,113
20210104,경춘선,가평,924,914,1838
20210104,경춘선,상천,178,147,325
20210104,경춘선,대성리,328,260,588
20210104,경춘선,춘천,727,650,1377
20210104,경춘선,천마산,1271,1261,2532
20210104,경춘선,신내,1170,1142,2312
20210104,경춘선,갈매,2392,2114,4506
20210104,경춘선,별내,2143,2082,4225
20210104,경춘선,마석,2947,2928,5875
20210104,경춘선,사릉,2844,2678,5522
20210104,경춘선,금곡,1248,1113,2361
20210104,경춘선,평내호평,4827,4607,9434
20210104,경춘선,퇴계원,2910,2718,5628
20210105,경춘선,마석,2889,2835,5724
20210105,경춘선,갈매,2460,2091,4551
20210105,경춘선,별내,2068,2063,4131
20210105,경춘선,퇴계원,2934,2717,5651
20210105,경춘선,사릉,2695,2615,5310
20210105,경춘선,금곡,1210,1138,2348
20210105,경춘선,평내호평,4659,4601,9260
20210105,경춘선,천마산,1231,1131,2362
20210105,경춘선,신내,1178,1224,2402
20210105,경춘선,대성리,328,271,599
20210105,경춘선,상천,151,155,306
20210105,경춘선,가평,961,919,1880
20210105,경춘선,굴봉산,55,72,127
20210105,경춘선,백양리,119,114,233
20210105,경춘선,강촌,228,213,441
20210105,경춘선,김유정,146,130,276
20210105,경춘선,남춘천,1413,1475,2888
20210105,경춘선,춘천,732,739,1471
20210105,경춘선,청평,945,916,1861
20210106,경춘선,천마산,1199,1247,2446
20210106,경춘선,평내호평,4732,5021,9753
20210106,경춘선,사릉,2671,2784,5455
20210106,경춘선,마석,2757,3000,5757
20210106,경춘선,별내,2098,2171,4269
20210106,경춘선,갈매,2461,2264,4725
20210106,경춘선,신내,1171,1246,2417
20210106,경춘선,퇴계원,2920,2924,5844
20210106,경춘선,대성리,296,261,557
20210106,경춘선,금곡,1236,1162,2398
20210106,경춘선,상천,130,110,240
20210106,경춘선,춘천,628,612,1240
20210106,경춘선,남춘천,1353,1383,2736
20210106,경춘선,김유정,126,138,264
20210106,경춘선,강촌,158,170,328
20210106,경춘선,청평,884,922,1806
20210106,경춘선,굴봉산,51,69,120
20210106,경춘선,가평,884,875,1759
20210106,경춘선,백양리,85,79,164
20210107,경춘선,신내,1234,1184,2418
20210107,경춘선,갈매,2656,2277,4933
20210107,경춘선,별내,2270,2206,4476
20210107,경춘선,퇴계원,3097,2895,5992
20210107,경춘선,사릉,2925,2807,5732
20210107,경춘선,금곡,1233,1202,2435
20210107,경춘선,천마산,1247,1131,2378
20210107,경춘선,마석,3346,3100,6446
20210107,경춘선,대성리,280,255,535
20210107,경춘선,평내호평,5178,4890,10068
20210107,경춘선,상천,133,141,274
20210107,경춘선,가평,967,998,1965
20210107,경춘선,굴봉산,63,46,109
20210107,경춘선,백양리,100,105,205
20210107,경춘선,강촌,198,211,409
20210107,경춘선,김유정,141,142,283
20210107,경춘선,남춘천,1571,1571,3142
20210107,경춘선,청평,932,911,1843
20210107,경춘선,춘천,734,734,1468
20210108,경춘선,평내호평,4267,4352,8619
20210108,경춘선,금곡,1083,1049,2132
20210108,경춘선,사릉,2512,2448,4960
20210108,경춘선,신내,1042,1010,2052
20210108,경춘선,별내,1889,1872,3761
20210108,경춘선,갈매,2306,2075,4381
20210108,경춘선,천마산,1081,982,2063
20210108,경춘선,퇴계원,2693,2576,5269
20210108,경춘선,마석,2602,2653,5255
20210108,경춘선,김유정,117,125,242
20210108,경춘선,청평,765,819,1584
20210108,경춘선,상천,118,97,215
20210108,경춘선,가평,887,865,1752
20210108,경춘선,굴봉산,37,37,74
20210108,경춘선,백양리,72,98,170
20210108,경춘선,강촌,145,172,317
20210108,경춘선,남춘천,1548,1528,3076
20210108,경춘선,춘천,740,683,1423
20210108,경춘선,대성리,267,238,505
20210109,경춘선,천마산,778,738,1516
20210109,경춘선,평내호평,2510,2517,5027
20210109,경춘선,금곡,618,567,1185
20210109,경춘선,마석,1610,1620,3230
20210109,경춘선,퇴계원,1505,1441,2946
20210109,경춘선,별내,1244,1245,2489
20210109,경춘선,갈매,1128,1044,2172
20210109,경춘선,사릉,1326,1301,2627
20210109,경춘선,신내,573,579,1152
20210109,경춘선,대성리,236,207,443
20210109,경춘선,상천,121,120,241
20210109,경춘선,춘천,605,584,1189
20210109,경춘선,남춘천,1199,1249,2448
20210109,경춘선,김유정,113,120,233
20210109,경춘선,청평,618,710,1328
20210109,경춘선,백양리,119,108,227
20210109,경춘선,굴봉산,37,39,76
20210109,경춘선,가평,687,681,1368
20210109,경춘선,강촌,189,212,401
20210110,경춘선,마석,1209,1210,2419
20210110,경춘선,갈매,803,701,1504
20210110,경춘선,별내,921,888,1809
20210110,경춘선,퇴계원,1125,1055,2180
20210110,경춘선,사릉,896,982,1878
20210110,경춘선,금곡,465,437,902
20210110,경춘선,평내호평,1835,1715,3550
20210110,경춘선,천마산,596,591,1187
20210110,경춘선,대성리,220,166,386
20210110,경춘선,신내,400,441,841
20210110,경춘선,상천,136,122,258
20210110,경춘선,춘천,578,559,1137
20210110,경춘선,남춘천,1149,1141,2290
20210110,경춘선,김유정,199,187,386
20210110,경춘선,청평,643,539,1182
20210110,경춘선,백양리,110,112,222
20210110,경춘선,굴봉산,68,79,147
20210110,경춘선,가평,585,551,1136
20210110,경춘선,강촌,278,250,528
20210111,경춘선,청평,955,916,1871
20210111,경춘선,남춘천,1485,1516,3001
20210111,경춘선,김유정,132,120,252
20210111,경춘선,강촌,180,171,351
20210111,경춘선,백양리,88,88,176
20210111,경춘선,굴봉산,68,69,137
20210111,경춘선,가평,942,923,1865
20210111,경춘선,상천,136,134,270
20210111,경춘선,춘천,670,618,1288
20210111,경춘선,대성리,295,250,545
20210111,경춘선,천마산,1258,1153,2411
20210111,경춘선,평내호평,4743,4590,9333
20210111,경춘선,금곡,1145,1069,2214
20210111,경춘선,사릉,2784,2697,5481
20210111,경춘선,퇴계원,2851,2702,5553
20210111,경춘선,별내,2082,2066,4148
20210111,경춘선,갈매,2466,2115,4581
20210111,경춘선,신내,1153,1190,2343
20210111,경춘선,마석,2911,2801,5712
20210112,경춘선,평내호평,4972,5407,10379
20210112,경춘선,금곡,1293,1256,2549
20210112,경춘선,사릉,2965,3117,6082
20210112,경춘선,천마산,1298,1323,2621
20210112,경춘선,별내,2326,2463,4789
20210112,경춘선,갈매,2678,2618,5296
20210112,경춘선,신내,1325,1371,2696
20210112,경춘선,퇴계원,3119,3264,6383
20210112,경춘선,마석,3071,3491,6562
20210112,경춘선,백양리,141,95,236
20210112,경춘선,청평,1001,1010,2011
20210112,경춘선,남춘천,1600,1714,3314
20210112,경춘선,김유정,150,159,309
20210112,경춘선,강촌,211,192,403
20210112,경춘선,춘천,717,683,1400
20210112,경춘선,굴봉산,53,47,100
20210112,경춘선,가평,966,953,1919
20210112,경춘선,상천,149,153,302
20210112,경춘선,대성리,368,279,647
20210113,경춘선,상천,177,167,344
20210113,경춘선,춘천,864,871,1735
20210113,경춘선,남춘천,1704,1687,3391
20210113,경춘선,김유정,205,209,414
20210113,경춘선,강촌,292,294,586
20210113,경춘선,백양리,123,130,253
20210113,경춘선,굴봉산,56,79,135
20210113,경춘선,가평,1002,1037,2039
20210113,경춘선,청평,1033,1015,2048
20210113,경춘선,대성리,348,337,685
20210113,경춘선,마석,3103,3015,6118
20210113,경춘선,갈매,2623,2289,4912
20210113,경춘선,별내,2216,2159,4375
20210113,경춘선,퇴계원,3161,2977,6138
20210113,경춘선,신내,1237,1314,2551
20210113,경춘선,금곡,1296,1226,2522
20210113,경춘선,평내호평,5091,4902,9993
20210113,경춘선,천마산,1358,1245,2603
20210113,경춘선,사릉,2915,2849,5764
20210114,경춘선,청평,1097,1078,2175
20210114,경춘선,남춘천,1629,1679,3308
20210114,경춘선,김유정,184,186,370
20210114,경춘선,강촌,251,265,516
20210114,경춘선,백양리,122,119,241
20210114,경춘선,굴봉산,77,91,168
20210114,경춘선,가평,1007,1020,2027
20210114,경춘선,상천,199,174,373
20210114,경춘선,대성리,368,337,705
20210114,경춘선,춘천,775,765,1540
20210114,경춘선,천마산,1330,1289,2619
20210114,경춘선,신내,1276,1267,2543
20210114,경춘선,갈매,2573,2228,4801
20210114,경춘선,별내,2186,2181,4367
20210114,경춘선,마석,3042,3016,6058
20210114,경춘선,사릉,2850,2759,5609
20210114,경춘선,금곡,1283,1229,2512
20210114,경춘선,평내호평,4983,4929,9912
20210114,경춘선,퇴계원,3138,2889,6027
20210115,경춘선,청평,985,1043,2028
20210115,경춘선,남춘천,1927,1928,3855
20210115,경춘선,김유정,160,171,331
20210115,경춘선,강촌,243,230,473
20210115,경춘선,백양리,139,125,264
20210115,경춘선,굴봉산,63,73,136
20210115,경춘선,가평,1063,1066,2129
20210115,경춘선,상천,147,141,288
20210115,경춘선,대성리,328,320,648
20210115,경춘선,춘천,1024,934,1958
20210115,경춘선,천마산,1310,1257,2567
20210115,경춘선,신내,1199,1201,2400
20210115,경춘선,갈매,2505,2318,4823
20210115,경춘선,별내,2230,2228,4458
20210115,경춘선,마석,3022,3015,6037
20210115,경춘선,사릉,2789,2811,5600
20210115,경춘선,금곡,1181,1160,2341
20210115,경춘선,평내호평,4896,4838,9734
20210115,경춘선,퇴계원,3038,2821,5859
20210116,경춘선,청평,832,927,1759
20210116,경춘선,남춘천,1513,1593,3106
20210116,경춘선,김유정,221,226,447
20210116,경춘선,강촌,319,375,694
20210116,경춘선,백양리,154,144,298
20210116,경춘선,굴봉산,81,106,187
20210116,경춘선,가평,800,850,1650
20210116,경춘선,상천,271,183,454
20210116,경춘선,춘천,791,783,1574
20210116,경춘선,대성리,332,280,612
20210116,경춘선,천마산,913,948,1861
20210116,경춘선,평내호평,3081,3018,6099
20210116,경춘선,금곡,759,704,1463
20210116,경춘선,사릉,1623,1632,3255
20210116,경춘선,퇴계원,1804,1704,3508
20210116,경춘선,별내,1551,1508,3059
20210116,경춘선,갈매,1406,1256,2662
20210116,경춘선,신내,724,738,1462
20210116,경춘선,마석,2093,2101,4194
20210117,경춘선,천마산,787,712,1499
20210117,경춘선,평내호평,2183,2077,4260
20210117,경춘선,금곡,574,553,1127
20210117,경춘선,마석,1557,1567,3124
20210117,경춘선,퇴계원,1332,1233,2565
20210117,경춘선,별내,1100,1064,2164
20210117,경춘선,갈매,1011,851,1862
20210117,경춘선,사릉,1142,1132,2274
20210117,경춘선,대성리,297,229,526
20210117,경춘선,신내,556,540,1096
20210117,경춘선,상천,203,169,372
20210117,경춘선,춘천,751,661,1412
20210117,경춘선,남춘천,1589,1594,3183
20210117,경춘선,김유정,227,209,436
20210117,경춘선,청평,733,639,1372
20210117,경춘선,백양리,148,133,281
20210117,경춘선,굴봉산,83,78,161
20210117,경춘선,가평,776,700,1476
20210117,경춘선,강촌,404,336,740
20210118,경춘선,갈매,2670,2379,5049
20210118,경춘선,별내,2334,2260,4594
20210118,경춘선,퇴계원,3225,3053,6278
20210118,경춘선,사릉,3095,2905,6000
20210118,경춘선,금곡,1330,1235,2565
20210118,경춘선,평내호평,5340,5032,10372
20210118,경춘선,천마산,1319,1235,2554
20210118,경춘선,마석,3374,3105,6479
20210118,경춘선,대성리,347,298,645
20210118,경춘선,신내,1306,1288,2594
20210118,경춘선,상천,167,146,313
20210118,경춘선,춘천,956,875,1831
20210118,경춘선,남춘천,1918,1919,3837
20210118,경춘선,김유정,191,174,365
20210118,경춘선,청평,1030,966,1996
20210118,경춘선,백양리,196,155,351
20210118,경춘선,굴봉산,61,57,118
20210118,경춘선,가평,1165,1155,2320
20210118,경춘선,강촌,237,236,473
20210119,경춘선,청평,953,914,1867
20210119,경춘선,남춘천,1550,1587,3137
20210119,경춘선,김유정,144,133,277
20210119,경춘선,강촌,196,193,389
20210119,경춘선,백양리,140,120,260
20210119,경춘선,굴봉산,55,62,117
20210119,경춘선,가평,971,1002,1973
20210119,경춘선,상천,133,116,249
20210119,경춘선,춘천,758,703,1461
20210119,경춘선,대성리,321,272,593
20210119,경춘선,천마산,1297,1237,2534
20210119,경춘선,마석,2905,2974,5879
20210119,경춘선,신내,1261,1272,2533
20210119,경춘선,갈매,2554,2284,4838
20210119,경춘선,별내,2134,2144,4278
20210119,경춘선,사릉,2777,2707,5484
20210119,경춘선,금곡,1327,1242,2569
20210119,경춘선,평내호평,4848,4763,9611
20210119,경춘선,퇴계원,3038,2844,5882
20210120,경춘선,신내,1272,1287,2559
20210120,경춘선,갈매,2677,2323,5000
20210120,경춘선,별내,2345,2269,4614
20210120,경춘선,퇴계원,3108,2997,6105
20210120,경춘선,사릉,2892,2841,5733
20210120,경춘선,금곡,1308,1238,2546
20210120,경춘선,평내호평,5128,5058,10186
20210120,경춘선,천마산,1352,1292,2644
20210120,경춘선,마석,3177,3042,6219
20210120,경춘선,대성리,369,304,673
20210120,경춘선,상천,176,174,350
20210120,경춘선,춘천,798,766,1564
20210120,경춘선,남춘천,1647,1718,3365
20210120,경춘선,김유정,176,174,350
20210120,경춘선,청평,1102,1096,2198
20210120,경춘선,백양리,122,144,266
20210120,경춘선,굴봉산,65,63,128
20210120,경춘선,가평,1152,1105,2257
20210120,경춘선,강촌,250,281,531
20210121,경춘선,마석,2965,2972,5937
20210121,경춘선,갈매,2616,2284,4900
20210121,경춘선,별내,2211,2180,4391
20210121,경춘선,퇴계원,3147,2946,6093
20210121,경춘선,사릉,2755,2752,5507
20210121,경춘선,금곡,1206,1148,2354
20210121,경춘선,평내호평,5033,4980,10013
20210121,경춘선,천마산,1321,1222,2543
20210121,경춘선,대성리,344,297,641
20210121,경춘선,신내,1300,1289,2589
20210121,경춘선,상천,174,158,332
20210121,경춘선,춘천,840,813,1653
20210121,경춘선,남춘천,1621,1595,3216
20210121,경춘선,김유정,140,124,264
20210121,경춘선,청평,1032,1057,2089
20210121,경춘선,백양리,149,129,278
20210121,경춘선,굴봉산,74,67,141
20210121,경춘선,가평,1082,1047,2129
20210121,경춘선,강촌,187,197,384
20210122,경춘선,마석,3201,3127,6328
20210122,경춘선,갈매,2643,2338,4981
20210122,경춘선,별내,2293,2339,4632
20210122,경춘선,퇴계원,3218,2932,6150
20210122,경춘선,사릉,2857,2910,5767
20210122,경춘선,금곡,1315,1220,2535
20210122,경춘선,평내호평,5279,5280,10559
20210122,경춘선,천마산,1385,1296,2681
20210122,경춘선,신내,1285,1287,2572
20210122,경춘선,대성리,384,319,703
20210122,경춘선,상천,168,159,327
20210122,경춘선,가평,1157,1230,2387
20210122,경춘선,굴봉산,59,72,131
20210122,경춘선,백양리,133,113,246
20210122,경춘선,강촌,215,230,445
20210122,경춘선,김유정,161,164,325
20210122,경춘선,남춘천,2105,2288,4393
20210122,경춘선,춘천,1043,995,2038
20210122,경춘선,청평,1039,1141,2180
20210123,경춘선,상천,246,206,452
20210123,경춘선,가평,936,1020,1956
20210123,경춘선,백양리,159,157,316
20210123,경춘선,청평,940,1028,1968
20210123,경춘선,김유정,274,279,553
20210123,경춘선,남춘천,1604,1733,3337
20210123,경춘선,춘천,949,925,1874
20210123,경춘선,강촌,323,381,704
20210123,경춘선,대성리,354,336,690
20210123,경춘선,굴봉산,79,96,175
20210123,경춘선,천마산,1001,1081,2082
20210123,경춘선,갈매,1500,1314,2814
20210123,경춘선,별내,1665,1634,3299
20210123,경춘선,퇴계원,2132,1988,4120
20210123,경춘선,신내,791,836,1627
20210123,경춘선,마석,2374,2464,4838
20210123,경춘선,금곡,879,825,1704
20210123,경춘선,평내호평,3520,3399,6919
20210123,경춘선,사릉,1811,1726,3537
20210124,경춘선,상천,311,234,545
20210124,경춘선,춘천,1020,809,1829
20210124,경춘선,남춘천,1532,1619,3151
20210124,경춘선,김유정,281,314,595
20210124,경춘선,강촌,474,375,849
20210124,경춘선,백양리,205,151,356
20210124,경춘선,굴봉산,108,133,241
20210124,경춘선,가평,1004,868,1872
20210124,경춘선,청평,913,842,1755
20210124,경춘선,대성리,414,291,705
20210124,경춘선,마석,1692,1702,3394
20210124,경춘선,갈매,1103,961,2064
20210124,경춘선,별내,1264,1240,2504
20210124,경춘선,퇴계원,1502,1384,2886
20210124,경춘선,신내,575,595,1170
20210124,경춘선,금곡,646,632,1278
20210124,경춘선,평내호평,2445,2353,4798
20210124,경춘선,천마산,888,808,1696
20210124,경춘선,사릉,1269,1241,2510
20210125,경춘선,청평,1198,1118,2316
20210125,경춘선,남춘천,1868,1843,3711
20210125,경춘선,김유정,172,178,350
20210125,경춘선,강촌,263,265,528
20210125,경춘선,백양리,165,138,303
20210125,경춘선,굴봉산,76,80,156
20210125,경춘선,가평,1199,1204,2403
20210125,경춘선,상천,167,173,340
20210125,경춘선,대성리,409,349,758
20210125,경춘선,춘천,984,908,1892
20210125,경춘선,천마산,1503,1411,2914
20210125,경춘선,신내,1305,1280,2585
20210125,경춘선,갈매,2669,2401,5070
20210125,경춘선,별내,2388,2313,4701
20210125,경춘선,마석,3370,3297,6667
20210125,경춘선,사릉,3147,2984,6131
20210125,경춘선,금곡,1345,1256,2601
20210125,경춘선,평내호평,5520,5239,10759
20210125,경춘선,퇴계원,3315,3074,6389
20210126,경춘선,청평,1070,1013,2083
20210126,경춘선,남춘천,1610,1713,3323
20210126,경춘선,김유정,161,157,318
20210126,경춘선,강촌,221,197,418
20210126,경춘선,백양리,154,141,295
20210126,경춘선,굴봉산,73,78,151
20210126,경춘선,가평,1079,1085,2164
20210126,경춘선,상천,183,164,347
20210126,경춘선,대성리,377,307,684
20210126,경춘선,춘천,854,781,1635
20210126,경춘선,천마산,1338,1242,2580
20210126,경춘선,신내,1265,1306,2571
20210126,경춘선,갈매,2630,2336,4966
20210126,경춘선,별내,2265,2290,4555
20210126,경춘선,마석,3157,3036,6193
20210126,경춘선,사릉,2945,2822,5767
20210126,경춘선,금곡,1297,1228,2525
20210126,경춘선,평내호평,5139,5026,10165
20210126,경춘선,퇴계원,3073,2954,6027
20210127,경춘선,청평,1139,1124,2263
20210127,경춘선,남춘천,2145,2126,4271
20210127,경춘선,김유정,202,200,402
20210127,경춘선,강촌,262,277,539
20210127,경춘선,백양리,176,136,312
20210127,경춘선,굴봉산,85,96,181
20210127,경춘선,가평,1257,1177,2434
20210127,경춘선,상천,191,175,366
20210127,경춘선,춘천,923,819,1742
20210127,경춘선,대성리,382,356,738
20210127,경춘선,천마산,1498,1436,2934
20210127,경춘선,평내호평,5427,5380,10807
20210127,경춘선,금곡,1404,1378,2782
20210127,경춘선,사릉,3041,2904,5945
20210127,경춘선,퇴계원,3350,3162,6512
20210127,경춘선,별내,2449,2362,4811
20210127,경춘선,갈매,2762,2459,5221
20210127,경춘선,신내,1396,1426,2822
20210127,경춘선,마석,3406,3230,6636
20210128,경춘선,상천,150,125,275
20210128,경춘선,가평,1109,1130,2239
20210128,경춘선,굴봉산,55,76,131
20210128,경춘선,청평,1008,1002,2010
20210128,경춘선,강촌,228,224,452
20210128,경춘선,김유정,196,213,409
20210128,경춘선,남춘천,1776,1852,3628
20210128,경춘선,백양리,150,125,275
20210128,경춘선,대성리,334,299,633
20210128,경춘선,춘천,916,821,1737
20210128,경춘선,천마산,1324,1227,2551
20210128,경춘선,신내,1307,1304,2611
20210128,경춘선,갈매,2687,2409,5096
20210128,경춘선,별내,2387,2329,4716
20210128,경춘선,마석,3219,3049,6268
20210128,경춘선,사릉,2922,2871,5793
20210128,경춘선,금곡,1314,1281,2595
20210128,경춘선,평내호평,5337,5095,10432
20210128,경춘선,퇴계원,3195,3006,6201
20210129,경춘선,남춘천,1845,1916,3761
20210129,경춘선,김유정,162,159,321
20210129,경춘선,강촌,177,196,373
20210129,경춘선,백양리,171,147,318
20210129,경춘선,굴봉산,74,69,143
20210129,경춘선,가평,1095,1148,2243
20210129,경춘선,상천,142,136,278
20210129,경춘선,청평,989,997,1986
20210129,경춘선,대성리,297,268,565
20210129,경춘선,춘천,916,878,1794
20210129,경춘선,천마산,1226,1177,2403
20210129,경춘선,신내,1194,1204,2398
20210129,경춘선,갈매,2565,2215,4780
20210129,경춘선,별내,2145,2187,4332
20210129,경춘선,마석,2941,2994,5935
20210129,경춘선,사릉,2761,2767,5528
20210129,경춘선,금곡,1241,1099,2340
20210129,경춘선,평내호평,5011,5072,10083
20210129,경춘선,퇴계원,2997,2796,5793
20210130,경춘선,청평,920,988,1908
20210130,경춘선,남춘천,1639,1727,3366
20210130,경춘선,김유정,262,243,505
20210130,경춘선,강촌,297,344,641
20210130,경춘선,백양리,168,178,346
20210130,경춘선,굴봉산,85,83,168
20210130,경춘선,가평,949,1021,1970
20210130,경춘선,상천,200,190,390
20210130,경춘선,춘천,832,861,1693
20210130,경춘선,대성리,336,299,635
20210130,경춘선,천마산,1039,1014,2053
20210130,경춘선,마석,2274,2270,4544
20210130,경춘선,신내,797,783,1580
20210130,경춘선,갈매,1452,1359,2811
20210130,경춘선,별내,1704,1652,3356
20210130,경춘선,사릉,1751,1746,3497
20210130,경춘선,금곡,808,727,1535
20210130,경춘선,평내호평,3413,3254,6667
20210130,경춘선,퇴계원,2021,1893,3914
20210131,경춘선,춘천,943,787,1730
20210131,경춘선,남춘천,1515,1446,2961
20210131,경춘선,김유정,223,216,439
20210131,경춘선,강촌,363,326,689
20210131,경춘선,백양리,193,163,356
20210131,경춘선,굴봉산,102,106,208
20210131,경춘선,가평,878,789,1667
20210131,경춘선,상천,272,226,498
20210131,경춘선,청평,917,810,1727
20210131,경춘선,대성리,318,265,583
20210131,경춘선,천마산,846,870,1716
20210131,경춘선,신내,597,608,1205
20210131,경춘선,갈매,1099,990,2089
20210131,경춘선,별내,1262,1222,2484
20210131,경춘선,마석,1872,1819,3691
20210131,경춘선,사릉,1284,1282,2566
20210131,경춘선,금곡,685,637,1322
20210131,경춘선,평내호평,2612,2367,4979
20210131,경춘선,퇴계원,1448,1359,2807
20210201,경춘선,마석,3402,3222,6624
20210201,경춘선,갈매,2806,2498,5304
20210201,경춘선,별내,2455,2315,4770
20210201,경춘선,퇴계원,3353,3112,6465
20210201,경춘선,사릉,3051,2925,5976
20210201,경춘선,금곡,1389,1312,2701
20210201,경춘선,평내호평,5538,5345,10883
20210201,경춘선,천마산,1493,1382,2875
20210201,경춘선,대성리,361,300,661
20210201,경춘선,신내,1389,1393,2782
20210201,경춘선,상천,164,151,315
20210201,경춘선,춘천,865,822,1687
20210201,경춘선,남춘천,1742,1741,3483
20210201,경춘선,김유정,172,190,362
20210201,경춘선,청평,1072,1060,2132
20210201,경춘선,백양리,131,121,252
20210201,경춘선,굴봉산,65,82,147
20210201,경춘선,가평,1195,1143,2338
20210201,경춘선,강촌,235,202,437
20210202,경춘선,마석,3274,3135,6409
20210202,경춘선,갈매,2733,2435,5168
20210202,경춘선,별내,2329,2267,4596
20210202,경춘선,퇴계원,3215,3047,6262
20210202,경춘선,사릉,2914,2841,5755
20210202,경춘선,금곡,1316,1218,2534
20210202,경춘선,평내호평,5283,5210,10493
20210202,경춘선,천마산,1428,1310,2738
20210202,경춘선,신내,1378,1326,2704
20210202,경춘선,대성리,332,309,641
20210202,경춘선,상천,168,153,321
20210202,경춘선,가평,1118,1040,2158
20210202,경춘선,굴봉산,74,67,141
20210202,경춘선,백양리,172,148,320
20210202,경춘선,강촌,191,197,388
20210202,경춘선,김유정,158,154,312
20210202,경춘선,남춘천,1894,1892,3786
20210202,경춘선,춘천,770,732,1502
20210202,경춘선,청평,1056,1057,2113
20210203,경춘선,상천,169,151,320
20210203,경춘선,가평,1111,1122,2233
20210203,경춘선,굴봉산,84,82,166
20210203,경춘선,청평,1170,1168,2338
20210203,경춘선,강촌,200,208,408
20210203,경춘선,김유정,213,210,423
20210203,경춘선,남춘천,1647,1717,3364
20210203,경춘선,백양리,151,129,280
20210203,경춘선,대성리,378,318,696
20210203,경춘선,춘천,831,752,1583
20210203,경춘선,천마산,1484,1394,2878
20210203,경춘선,신내,1449,1501,2950
20210203,경춘선,갈매,2829,2519,5348
20210203,경춘선,별내,2391,2444,4835
20210203,경춘선,마석,3574,3524,7098
20210203,경춘선,사릉,3017,2936,5953
20210203,경춘선,금곡,1397,1385,2782
20210203,경춘선,평내호평,5598,5456,11054
20210203,경춘선,퇴계원,3368,3192,6560
20210204,경춘선,춘천,1001,916,1917
20210204,경춘선,남춘천,1772,1736,3508
20210204,경춘선,김유정,221,230,451
20210204,경춘선,강촌,271,265,536
20210204,경춘선,백양리,160,162,322
20210204,경춘선,굴봉산,74,74,148
20210204,경춘선,가평,1166,1162,2328
20210204,경춘선,청평,1074,1107,2181
20210204,경춘선,대성리,349,328,677
20210204,경춘선,상천,161,163,324
20210204,경춘선,천마산,1393,1339,2732
20210204,경춘선,마석,3400,3239,6639
20210204,경춘선,갈매,2880,2466,5346
20210204,경춘선,별내,2445,2417,4862
20210204,경춘선,퇴계원,3381,3116,6497
20210204,경춘선,신내,1421,1481,2902
20210204,경춘선,금곡,1373,1299,2672
20210204,경춘선,평내호평,5768,5530,11298
20210204,경춘선,사릉,3128,2988,6116
20210205,경춘선,천마산,1485,1405,2890
20210205,경춘선,갈매,2853,2535,5388
20210205,경춘선,신내,1308,1359,2667
20210205,경춘선,별내,2502,2484,4986
20210205,경춘선,퇴계원,3364,3049,6413
20210205,경춘선,사릉,3058,2893,5951
20210205,경춘선,금곡,1413,1317,2730
20210205,경춘선,평내호평,5627,5574,11201
20210205,경춘선,마석,3333,3284,6617
20210205,경춘선,남춘천,1953,2109,4062
20210205,경춘선,청평,1219,1163,2382
20210205,경춘선,상천,211,190,401
20210205,경춘선,가평,1224,1192,2416
20210205,경춘선,굴봉산,65,95,160
20210205,경춘선,백양리,202,161,363
20210205,경춘선,강촌,254,223,477
20210205,경춘선,김유정,184,197,381
20210205,경춘선,춘천,1070,945,2015
20210205,경춘선,대성리,371,329,700
20210206,경춘선,가평,1023,1131,2154
20210206,경춘선,굴봉산,103,91,194
20210206,경춘선,백양리,184,186,370
20210206,경춘선,춘천,898,839,1737
20210206,경춘선,김유정,271,257,528
20210206,경춘선,남춘천,1658,1791,3449
20210206,경춘선,강촌,372,403,775
20210206,경춘선,청평,1028,1021,2049
20210206,경춘선,상천,250,234,484
20210206,경춘선,대성리,349,374,723
20210206,경춘선,신내,842,826,1668
20210206,경춘선,갈매,1575,1393,2968
20210206,경춘선,별내,1738,1656,3394
20210206,경춘선,퇴계원,2153,2038,4191
20210206,경춘선,마석,2380,2364,4744
20210206,경춘선,금곡,902,885,1787
20210206,경춘선,평내호평,3660,3507,7167
20210206,경춘선,천마산,1129,1130,2259
20210206,경춘선,사릉,1865,1831,3696
20210207,경춘선,마석,1907,1869,3776
20210207,경춘선,갈매,1131,1023,2154
20210207,경춘선,별내,1244,1124,2368
20210207,경춘선,퇴계원,1626,1539,3165
20210207,경춘선,사릉,1356,1390,2746
20210207,경춘선,금곡,741,701,1442
20210207,경춘선,평내호평,2682,2537,5219
20210207,경춘선,천마산,867,860,1727
20210207,경춘선,대성리,395,296,691
20210207,경춘선,신내,618,635,1253
20210207,경춘선,상천,260,201,461
20210207,경춘선,춘천,873,785,1658
20210207,경춘선,남춘천,2027,1955,3982
20210207,경춘선,김유정,317,321,638
20210207,경춘선,청평,931,790,1721
20210207,경춘선,백양리,176,127,303
20210207,경춘선,굴봉산,109,123,232
20210207,경춘선,가평,1009,920,1929
20210207,경춘선,강촌,402,347,749
20210208,경춘선,청평,1170,1169,2339
20210208,경춘선,남춘천,1894,1823,3717
20210208,경춘선,김유정,179,166,345
20210208,경춘선,강촌,253,233,486
20210208,경춘선,백양리,144,133,277
20210208,경춘선,굴봉산,64,81,145
20210208,경춘선,가평,1258,1215,2473
20210208,경춘선,상천,206,192,398
20210208,경춘선,춘천,949,857,1806
20210208,경춘선,대성리,384,318,702
20210208,경춘선,천마산,1488,1392,2880
20210208,경춘선,평내호평,5703,5430,11133
20210208,경춘선,금곡,1367,1281,2648
20210208,경춘선,사릉,3128,2904,6032
20210208,경춘선,퇴계원,3349,3087,6436
20210208,경춘선,별내,2461,2390,4851
20210208,경춘선,갈매,2787,2469,5256
20210208,경춘선,신내,1308,1324,2632
20210208,경춘선,마석,3595,3524,7119
20210209,경춘선,천마산,1435,1361,2796
20210209,경춘선,평내호평,5730,5584,11314
20210209,경춘선,금곡,1369,1287,2656
20210209,경춘선,신내,1318,1313,2631
20210209,경춘선,퇴계원,3331,3189,6520
20210209,경춘선,별내,2381,2391,4772
20210209,경춘선,갈매,2719,2371,5090
20210209,경춘선,사릉,2933,2871,5804
20210209,경춘선,마석,3374,3355,6729
20210209,경춘선,대성리,393,346,739
20210209,경춘선,상천,174,150,324
20210209,경춘선,춘천,908,837,1745
20210209,경춘선,남춘천,1705,1807,3512
20210209,경춘선,김유정,176,191,367
20210209,경춘선,청평,1351,1272,2623
20210209,경춘선,백양리,195,152,347
20210209,경춘선,굴봉산,75,71,146
20210209,경춘선,가평,1255,1174,2429
20210209,경춘선,강촌,239,241,480
20210210,경춘선,남춘천,2044,2530,4574
20210210,경춘선,김유정,172,188,360
20210210,경춘선,강촌,228,225,453
20210210,경춘선,백양리,146,148,294
20210210,경춘선,굴봉산,66,63,129
20210210,경춘선,가평,1218,1344,2562
20210210,경춘선,상천,202,183,385
20210210,경춘선,청평,1130,1261,2391
20210210,경춘선,대성리,381,344,725
20210210,경춘선,춘천,1096,1092,2188
20210210,경춘선,천마산,1349,1292,2641
20210210,경춘선,신내,1204,1177,2381
20210210,경춘선,갈매,2583,2326,4909
20210210,경춘선,별내,2339,2276,4615
20210210,경춘선,마석,3311,3320,6631
20210210,경춘선,사릉,2857,2792,5649
20210210,경춘선,금곡,1292,1222,2514
20210210,경춘선,평내호평,5360,5349,10709
20210210,경춘선,퇴계원,3222,2967,6189
20210211,경춘선,마석,1683,1879,3562
20210211,경춘선,갈매,986,852,1838
20210211,경춘선,별내,1113,1075,2188
20210211,경춘선,퇴계원,1466,1444,2910
20210211,경춘선,사릉,1143,1271,2414
20210211,경춘선,금곡,555,543,1098
20210211,경춘선,평내호평,2257,2495,4752
20210211,경춘선,천마산,774,860,1634
20210211,경춘선,신내,504,502,1006
20210211,경춘선,대성리,274,277,551
20210211,경춘선,상천,124,143,267
20210211,경춘선,청평,710,1025,1735
20210211,경춘선,춘천,797,972,1769
20210211,경춘선,남춘천,1343,1833,3176
20210211,경춘선,김유정,178,253,431
20210211,경춘선,백양리,208,233,441
20210211,경춘선,굴봉산,56,90,146
20210211,경춘선,가평,767,1287,2054
20210211,경춘선,강촌,225,311,536
20210212,경춘선,춘천,865,775,1640
20210212,경춘선,남춘천,1323,1361,2684
20210212,경춘선,김유정,237,221,458
20210212,경춘선,강촌,284,328,612
20210212,경춘선,백양리,297,265,562
20210212,경춘선,굴봉산,77,74,151
20210212,경춘선,가평,1168,1047,2215
20210212,경춘선,상천,146,108,254
20210212,경춘선,청평,879,810,1689
20210212,경춘선,대성리,318,287,605
20210212,경춘선,천마산,657,709,1366
20210212,경춘선,신내,405,393,798
20210212,경춘선,갈매,691,624,1315
20210212,경춘선,별내,714,725,1439
20210212,경춘선,마석,1556,1563,3119
20210212,경춘선,사릉,978,979,1957
20210212,경춘선,금곡,530,502,1032
20210212,경춘선,평내호평,1785,1754,3539
20210212,경춘선,퇴계원,1095,1040,2135
20210213,경춘선,청평,1302,1089,2391
20210213,경춘선,남춘천,2005,1751,3756
20210213,경춘선,김유정,368,415,783
20210213,경춘선,강촌,562,452,1014
20210213,경춘선,백양리,329,285,614
20210213,경춘선,굴봉산,145,146,291
20210213,경춘선,가평,1494,1241,2735
20210213,경춘선,상천,242,210,452
20210213,경춘선,대성리,476,380,856
20210213,경춘선,춘천,1700,1310,3010
20210213,경춘선,천마산,988,961,1949
20210213,경춘선,신내,555,584,1139
20210213,경춘선,갈매,1095,993,2088
20210213,경춘선,별내,1196,1220,2416
20210213,경춘선,마석,2236,2168,4404
20210213,경춘선,사릉,1529,1330,2859
20210213,경춘선,금곡,709,617,1326
20210213,경춘선,평내호평,2949,2705,5654
20210213,경춘선,퇴계원,1715,1551,3266
20210214,경춘선,마석,1940,1861,3801
20210214,경춘선,갈매,1125,997,2122
20210214,경춘선,별내,1243,1244,2487
20210214,경춘선,퇴계원,1615,1469,3084
20210214,경춘선,사릉,1404,1337,2741
20210214,경춘선,금곡,699,657,1356
20210214,경춘선,평내호평,2771,2528,5299
20210214,경춘선,천마산,901,845,1746
20210214,경춘선,신내,571,544,1115
20210214,경춘선,대성리,464,336,800
20210214,경춘선,상천,283,204,487
20210214,경춘선,가평,1222,889,2111
20210214,경춘선,굴봉산,100,100,200
20210214,경춘선,백양리,184,130,314
20210214,경춘선,강촌,558,406,964
20210214,경춘선,김유정,325,285,610
20210214,경춘선,남춘천,2022,1663,3685
20210214,경춘선,춘천,1388,959,2347
20210214,경춘선,청평,1205,877,2082
20210215,경춘선,천마산,1430,1331,2761
20210215,경춘선,평내호평,5441,5212,10653
20210215,경춘선,사릉,3024,2845,5869
20210215,경춘선,마석,3400,3267,6667
20210215,경춘선,별내,2369,2326,4695
20210215,경춘선,갈매,2711,2361,5072
20210215,경춘선,신내,1269,1237,2506
20210215,경춘선,퇴계원,3301,3047,6348
20210215,경춘선,대성리,371,299,670
20210215,경춘선,금곡,1378,1247,2625
20210215,경춘선,상천,167,155,322
20210215,경춘선,춘천,911,867,1778
20210215,경춘선,남춘천,1788,1791,3579
20210215,경춘선,김유정,170,170,340
20210215,경춘선,강촌,222,247,469
20210215,경춘선,청평,1146,1181,2327
20210215,경춘선,굴봉산,74,66,140
20210215,경춘선,가평,1180,1257,2437
20210215,경춘선,백양리,147,107,254
20210216,경춘선,신내,1406,1357,2763
20210216,경춘선,갈매,2810,2468,5278
20210216,경춘선,별내,2284,2303,4587
20210216,경춘선,퇴계원,3198,3051,6249
20210216,경춘선,사릉,2968,2907,5875
20210216,경춘선,금곡,1420,1304,2724
20210216,경춘선,천마산,1357,1318,2675
20210216,경춘선,마석,3247,3165,6412
20210216,경춘선,대성리,349,301,650
20210216,경춘선,평내호평,5424,5335,10759
20210216,경춘선,상천,176,186,362
20210216,경춘선,가평,1224,1264,2488
20210216,경춘선,굴봉산,86,109,195
20210216,경춘선,백양리,172,150,322
20210216,경춘선,강촌,278,237,515
20210216,경춘선,김유정,214,215,429
20210216,경춘선,남춘천,1699,1709,3408
20210216,경춘선,청평,1223,1159,2382
20210216,경춘선,춘천,893,865,1758
20210217,경춘선,가평,1275,1141,2416
20210217,경춘선,굴봉산,60,67,127
20210217,경춘선,백양리,146,137,283
20210217,경춘선,춘천,886,841,1727
20210217,경춘선,김유정,177,170,347
20210217,경춘선,남춘천,1836,1867,3703
20210217,경춘선,상천,145,144,289
20210217,경춘선,강촌,204,199,403
20210217,경춘선,청평,1133,1095,2228
20210217,경춘선,별내,2227,2209,4436
20210217,경춘선,마석,3257,3186,6443
20210217,경춘선,천마산,1287,1239,2526
20210217,경춘선,평내호평,5242,5121,10363
20210217,경춘선,금곡,1250,1187,2437
20210217,경춘선,사릉,2841,2732,5573
20210217,경춘선,퇴계원,3116,2898,6014
20210217,경춘선,갈매,2645,2326,4971
20210217,경춘선,신내,1273,1290,2563
20210217,경춘선,대성리,317,291,608
20210218,경춘선,백양리,186,201,387
20210218,경춘선,굴봉산,61,82,143
20210218,경춘선,강촌,208,226,434
20210218,경춘선,가평,1188,1240,2428
20210218,경춘선,남춘천,1692,1696,3388
20210218,경춘선,춘천,862,742,1604
20210218,경춘선,신내,1325,1349,2674
20210218,경춘선,김유정,182,175,357
20210218,경춘선,갈매,2731,2347,5078
20210218,경춘선,별내,2353,2313,4666
20210218,경춘선,퇴계원,3164,2986,6150
20210218,경춘선,청평,1163,1162,2325
20210218,경춘선,대성리,329,307,636
20210218,경춘선,마석,3323,3244,6567
20210218,경춘선,상천,146,155,301
20210218,경춘선,평내호평,5382,5259,10641
20210218,경춘선,금곡,1290,1228,2518
20210218,경춘선,사릉,2902,2869,5771
20210218,경춘선,천마산,1354,1256,2610
20210219,경춘선,청평,1457,1376,2833
20210219,경춘선,춘천,1112,954,2066
20210219,경춘선,남춘천,1976,2110,4086
20210219,경춘선,김유정,247,273,520
20210219,경춘선,백양리,197,166,363
20210219,경춘선,굴봉산,81,80,161
20210219,경춘선,가평,1293,1370,2663
20210219,경춘선,상천,229,216,445
20210219,경춘선,대성리,410,348,758
20210219,경춘선,강촌,331,352,683
20210219,경춘선,천마산,1529,1398,2927
20210219,경춘선,마석,3558,3522,7080
20210219,경춘선,갈매,2845,2525,5370
20210219,경춘선,별내,2527,2496,5023
20210219,경춘선,신내,1394,1337,2731
20210219,경춘선,사릉,3027,3004,6031
20210219,경춘선,금곡,1445,1321,2766
20210219,경춘선,평내호평,5622,5617,11239
20210219,경춘선,퇴계원,3413,3155,6568
20210220,경춘선,춘천,1183,1119,2302
20210220,경춘선,상천,323,283,606
20210220,경춘선,남춘천,2055,2059,4114
20210220,경춘선,김유정,410,421,831
20210220,경춘선,강촌,516,529,1045
20210220,경춘선,백양리,265,229,494
20210220,경춘선,굴봉산,116,133,249
20210220,경춘선,가평,1204,1201,2405
20210220,경춘선,청평,1231,1234,2465
20210220,경춘선,평내호평,3931,3796,7727
20210220,경춘선,마석,2626,2694,5320
20210220,경춘선,천마산,1229,1189,2418
20210220,경춘선,금곡,925,880,1805
20210220,경춘선,사릉,2039,1941,3980
20210220,경춘선,퇴계원,2237,2123,4360
20210220,경춘선,별내,1778,1755,3533
20210220,경춘선,갈매,1694,1423,3117
20210220,경춘선,신내,883,899,1782
20210220,경춘선,대성리,475,466,941
20210221,경춘선,사릉,1432,1419,2851
20210221,경춘선,금곡,766,738,1504
20210221,경춘선,퇴계원,1730,1587,3317
20210221,경춘선,평내호평,2958,2867,5825
20210221,경춘선,갈매,1285,1166,2451
20210221,경춘선,신내,686,698,1384
20210221,경춘선,천마산,948,1001,1949
20210221,경춘선,별내,1440,1342,2782
20210221,경춘선,마석,2047,2150,4197
20210221,경춘선,김유정,428,446,874
20210221,경춘선,청평,1183,974,2157
20210221,경춘선,남춘천,1794,1858,3652
20210221,경춘선,대성리,561,407,968
20210221,경춘선,강촌,614,491,1105
20210221,경춘선,춘천,1121,976,2097
20210221,경춘선,굴봉산,151,146,297
20210221,경춘선,가평,1156,1121,2277
20210221,경춘선,상천,337,278,615
20210221,경춘선,백양리,189,207,396
20210222,경춘선,상천,239,215,454
20210222,경춘선,춘천,1089,1048,2137
20210222,경춘선,남춘천,2442,2580,5022
20210222,경춘선,김유정,248,235,483
20210222,경춘선,강촌,306,314,620
20210222,경춘선,백양리,164,146,310
20210222,경춘선,굴봉산,96,94,190
20210222,경춘선,가평,1456,1474,2930
20210222,경춘선,청평,1349,1391,2740
20210222,경춘선,대성리,430,394,824
20210222,경춘선,마석,3596,3426,7022
20210222,경춘선,갈매,2845,2502,5347
20210222,경춘선,별내,2561,2506,5067
20210222,경춘선,퇴계원,3499,3205,6704
20210222,경춘선,신내,1431,1402,2833
20210222,경춘선,금곡,1434,1377,2811
20210222,경춘선,평내호평,5838,5646,11484
20210222,경춘선,천마산,1572,1423,2995
20210222,경춘선,사릉,3261,3075,6336
20210223,경춘선,마석,3726,3673,7399
20210223,경춘선,갈매,2808,2540,5348
20210223,경춘선,별내,2508,2452,4960
20210223,경춘선,퇴계원,3463,3291,6754
20210223,경춘선,사릉,3117,2972,6089
20210223,경춘선,금곡,1412,1359,2771
20210223,경춘선,평내호평,5738,5741,11479
20210223,경춘선,천마산,1556,1435,2991
20210223,경춘선,대성리,404,341,745
20210223,경춘선,신내,1423,1433,2856
20210223,경춘선,상천,196,169,365
20210223,경춘선,춘천,1051,978,2029
20210223,경춘선,남춘천,1892,2000,3892
20210223,경춘선,김유정,298,293,591
20210223,경춘선,청평,1388,1263,2651
20210223,경춘선,백양리,169,141,310
20210223,경춘선,굴봉산,77,101,178
20210223,경춘선,가평,1303,1241,2544
20210223,경춘선,강촌,311,253,564
20210224,경춘선,마석,3523,3491,7014
20210224,경춘선,갈매,2855,2531,5386
20210224,경춘선,별내,2482,2359,4841
20210224,경춘선,퇴계원,3396,3183,6579
20210224,경춘선,사릉,3082,2976,6058
20210224,경춘선,금곡,1415,1348,2763
20210224,경춘선,평내호평,5863,5688,11551
20210224,경춘선,천마산,1544,1429,2973
20210224,경춘선,대성리,458,411,869
20210224,경춘선,신내,1425,1445,2870
20210224,경춘선,상천,235,215,450
20210224,경춘선,춘천,1142,1094,2236
20210224,경춘선,남춘천,1962,1973,3935
20210224,경춘선,김유정,275,303,578
20210224,경춘선,청평,1336,1358,2694
20210224,경춘선,백양리,152,115,267
20210224,경춘선,굴봉산,105,111,216
20210224,경춘선,가평,1412,1359,2771
20210224,경춘선,강촌,300,264,564
20210225,경춘선,청평,1298,1417,2715
20210225,경춘선,남춘천,1927,1952,3879
20210225,경춘선,김유정,289,271,560
20210225,경춘선,강촌,249,272,521
20210225,경춘선,백양리,150,164,314
20210225,경춘선,굴봉산,109,100,209
20210225,경춘선,가평,1346,1499,2845
20210225,경춘선,상천,197,189,386
20210225,경춘선,춘천,1041,1059,2100
20210225,경춘선,대성리,452,368,820
20210225,경춘선,천마산,1568,1464,3032
20210225,경춘선,평내호평,5755,5693,11448
20210225,경춘선,금곡,1428,1376,2804
20210225,경춘선,사릉,3146,3011,6157
20210225,경춘선,퇴계원,3472,3229,6701
20210225,경춘선,별내,2498,2437,4935
20210225,경춘선,갈매,2821,2476,5297
20210225,경춘선,신내,1423,1450,2873
20210225,경춘선,마석,3543,3442,6985
20210226,경춘선,상천,234,217,451
20210226,경춘선,가평,1500,1483,2983
20210226,경춘선,굴봉산,94,102,196
20210226,경춘선,청평,1569,1462,3031
20210226,경춘선,강촌,317,330,647
20210226,경춘선,김유정,332,349,681
20210226,경춘선,남춘천,2153,2291,4444
20210226,경춘선,백양리,172,131,303
20210226,경춘선,대성리,451,419,870
20210226,경춘선,춘천,1284,1238,2522
20210226,경춘선,천마산,1569,1454,3023
20210226,경춘선,평내호평,5964,5956,11920
20210226,경춘선,금곡,1442,1379,2821
20210226,경춘선,퇴계원,3565,3245,6810
20210226,경춘선,별내,2574,2583,5157
20210226,경춘선,갈매,2939,2621,5560
20210226,경춘선,신내,1459,1473,2932
20210226,경춘선,사릉,3254,3054,6308
20210226,경춘선,마석,3642,3586,7228
20210227,경춘선,가평,1665,1817,3482
20210227,경춘선,굴봉산,137,171,308
20210227,경춘선,백양리,199,194,393
20210227,경춘선,춘천,1585,1564,3149
20210227,경춘선,상천,333,300,633
20210227,경춘선,김유정,550,619,1169
20210227,경춘선,남춘천,2685,2915,5600
20210227,경춘선,강촌,589,577,1166
20210227,경춘선,청평,1448,1614,3062
20210227,경춘선,별내,1951,1935,3886
20210227,경춘선,마석,2842,2817,5659
20210227,경춘선,신내,1037,1088,2125
20210227,경춘선,갈매,1786,1548,3334
20210227,경춘선,퇴계원,2453,2323,4776
20210227,경춘선,대성리,613,506,1119
20210227,경춘선,금곡,1058,1008,2066
20210227,경춘선,평내호평,4305,4242,8547
20210227,경춘선,천마산,1294,1303,2597
20210227,경춘선,사릉,2125,2071,4196
20210228,경춘선,상천,456,342,798
20210228,경춘선,춘천,1583,1402,2985
20210228,경춘선,남춘천,1939,2035,3974
20210228,경춘선,김유정,631,683,1314
20210228,경춘선,강촌,800,660,1460
20210228,경춘선,백양리,248,202,450
20210228,경춘선,굴봉산,189,211,400
20210228,경춘선,가평,1447,1430,2877
20210228,경춘선,청평,1431,1279,2710
20210228,경춘선,대성리,597,481,1078
20210228,경춘선,마석,2553,2610,5163
20210228,경춘선,갈매,1350,1229,2579
20210228,경춘선,별내,1609,1530,3139
20210228,경춘선,퇴계원,1841,1673,3514
20210228,경춘선,신내,768,809,1577
20210228,경춘선,금곡,829,785,1614
20210228,경춘선,평내호평,3284,3197,6481
20210228,경춘선,천마산,1013,1037,2050
20210228,경춘선,사릉,1633,1656,3289
20210301,경춘선,청평,813,633,1446
20210301,경춘선,남춘천,1652,1648,3300
20210301,경춘선,김유정,166,127,293
20210301,경춘선,강촌,245,183,428
20210301,경춘선,백양리,95,69,164
20210301,경춘선,굴봉산,72,32,104
20210301,경춘선,가평,875,636,1511
20210301,경춘선,상천,132,87,219
20210301,경춘선,대성리,247,179,426
20210301,경춘선,춘천,881,824,1705
20210301,경춘선,천마산,679,656,1335
20210301,경춘선,신내,581,548,1129
20210301,경춘선,갈매,1079,908,1987
20210301,경춘선,별내,1132,1044,2176
20210301,경춘선,마석,1565,1582,3147
20210301,경춘선,사릉,1260,1301,2561
20210301,경춘선,금곡,577,531,1108
20210301,경춘선,평내호평,2357,2222,4579
20210301,경춘선,퇴계원,1455,1351,2806
20210302,경춘선,마석,3744,3592,7336
20210302,경춘선,갈매,3008,2696,5704
20210302,경춘선,별내,2536,2501,5037
20210302,경춘선,퇴계원,3498,3238,6736
20210302,경춘선,사릉,3285,3056,6341
20210302,경춘선,금곡,1476,1421,2897
20210302,경춘선,평내호평,6079,5992,12071
20210302,경춘선,천마산,1613,1504,3117
20210302,경춘선,대성리,367,301,668
20210302,경춘선,신내,1611,1618,3229
20210302,경춘선,상천,212,217,429
20210302,경춘선,춘천,1392,1322,2714
20210302,경춘선,남춘천,2287,2339,4626
20210302,경춘선,김유정,247,216,463
20210302,경춘선,청평,1394,1303,2697
20210302,경춘선,백양리,68,48,116
20210302,경춘선,굴봉산,67,83,150
20210302,경춘선,가평,1286,1272,2558
20210302,경춘선,강촌,362,381,743
20210303,경춘선,청평,1418,1350,2768
20210303,경춘선,남춘천,1968,1990,3958
20210303,경춘선,김유정,210,231,441
20210303,경춘선,강촌,345,308,653
20210303,경춘선,백양리,38,43,81
20210303,경춘선,굴봉산,91,91,182
20210303,경춘선,가평,1302,1283,2585
20210303,경춘선,상천,254,243,497
20210303,경춘선,춘천,1336,1265,2601
20210303,경춘선,대성리,435,375,810
20210303,경춘선,천마산,1614,1523,3137
20210303,경춘선,평내호평,6085,5980,12065
20210303,경춘선,금곡,1490,1466,2956
20210303,경춘선,사릉,3321,3123,6444
20210303,경춘선,퇴계원,3534,3375,6909
20210303,경춘선,별내,2658,2622,5280
20210303,경춘선,갈매,3081,2690,5771
20210303,경춘선,신내,1573,1590,3163
20210303,경춘선,마석,3966,3969,7935
20210304,경춘선,상천,241,245,486
20210304,경춘선,가평,1197,1223,2420
20210304,경춘선,굴봉산,109,105,214
20210304,경춘선,청평,1367,1455,2822
20210304,경춘선,강촌,333,301,634
20210304,경춘선,김유정,201,214,415
20210304,경춘선,남춘천,2141,1928,4069
20210304,경춘선,백양리,34,49,83
20210304,경춘선,대성리,397,357,754
20210304,경춘선,춘천,1441,1161,2602
20210304,경춘선,천마산,1613,1483,3096
20210304,경춘선,신내,1604,1640,3244
20210304,경춘선,갈매,3015,2688,5703
20210304,경춘선,별내,2671,2565,5236
20210304,경춘선,마석,3571,3607,7178
20210304,경춘선,사릉,3287,3124,6411
20210304,경춘선,금곡,1512,1503,3015
20210304,경춘선,평내호평,6032,5972,12004
20210304,경춘선,퇴계원,3497,3255,6752
20210305,경춘선,갈매,3215,2767,5982
20210305,경춘선,별내,2762,2695,5457
20210305,경춘선,퇴계원,3605,3400,7005
20210305,경춘선,사릉,3406,3321,6727
20210305,경춘선,금곡,1563,1510,3073
20210305,경춘선,평내호평,6195,6318,12513
20210305,경춘선,천마산,1640,1542,3182
20210305,경춘선,마석,3774,3905,7679
20210305,경춘선,대성리,435,420,855
20210305,경춘선,신내,1623,1653,3276
20210305,경춘선,상천,260,229,489
20210305,경춘선,춘천,1608,1164,2772
20210305,경춘선,남춘천,2631,2462,5093
20210305,경춘선,김유정,305,304,609
20210305,경춘선,청평,1462,1472,2934
20210305,경춘선,백양리,77,67,144
20210305,경춘선,굴봉산,103,122,225
20210305,경춘선,가평,1405,1489,2894
20210305,경춘선,강촌,321,343,664
20210306,경춘선,청평,1299,1366,2665
20210306,경춘선,남춘천,2181,2172,4353
20210306,경춘선,김유정,365,418,783
20210306,경춘선,강촌,590,552,1142
20210306,경춘선,백양리,82,111,193
20210306,경춘선,굴봉산,120,151,271
20210306,경춘선,가평,1261,1368,2629
20210306,경춘선,상천,420,313,733
20210306,경춘선,춘천,1265,1287,2552
20210306,경춘선,마석,2713,2721,5434
20210306,경춘선,평내호평,4099,4043,8142
20210306,경춘선,천마산,1211,1221,2432
20210306,경춘선,대성리,516,469,985
20210306,경춘선,신내,984,989,1973
20210306,경춘선,갈매,1758,1601,3359
20210306,경춘선,퇴계원,2421,2263,4684
20210306,경춘선,사릉,2119,1985,4104
20210306,경춘선,금곡,964,884,1848
20210306,경춘선,별내,1822,1782,3604
20210307,경춘선,신내,737,701,1438
20210307,경춘선,갈매,1386,1177,2563
20210307,경춘선,별내,1499,1425,2924
20210307,경춘선,퇴계원,1955,1718,3673
20210307,경춘선,사릉,1528,1540,3068
20210307,경춘선,금곡,862,751,1613
20210307,경춘선,평내호평,3285,3200,6485
20210307,경춘선,천마산,1048,1094,2142
20210307,경춘선,마석,2241,2177,4418
20210307,경춘선,대성리,570,407,977
20210307,경춘선,상천,407,341,748
20210307,경춘선,춘천,1179,1267,2446
20210307,경춘선,남춘천,2452,2807,5259
20210307,경춘선,김유정,395,446,841
20210307,경춘선,청평,1370,1139,2509
20210307,경춘선,백양리,73,57,130
20210307,경춘선,굴봉산,140,115,255
20210307,경춘선,가평,1151,985,2136
20210307,경춘선,강촌,623,554,1177
20210308,경춘선,청평,1418,1365,2783
20210308,경춘선,남춘천,2089,2231,4320
20210308,경춘선,김유정,238,242,480
20210308,경춘선,강촌,395,380,775
20210308,경춘선,백양리,64,48,112
20210308,경춘선,굴봉산,113,123,236
20210308,경춘선,가평,1281,1275,2556
20210308,경춘선,상천,251,250,501
20210308,경춘선,대성리,490,405,895
20210308,경춘선,춘천,1377,1419,2796
20210308,경춘선,천마산,1656,1512,3168
20210308,경춘선,신내,1626,1631,3257
20210308,경춘선,갈매,3030,2656,5686
20210308,경춘선,별내,2748,2553,5301
20210308,경춘선,마석,4051,4089,8140
20210308,경춘선,사릉,3558,3321,6879
20210308,경춘선,금곡,1588,1490,3078
20210308,경춘선,평내호평,6330,6212,12542
20210308,경춘선,퇴계원,3556,3357,6913
20210309,경춘선,청평,1407,1399,2806
20210309,경춘선,남춘천,2071,2101,4172
20210309,경춘선,김유정,299,288,587
20210309,경춘선,강촌,402,424,826
20210309,경춘선,백양리,67,60,127
20210309,경춘선,굴봉산,126,130,256
20210309,경춘선,가평,1355,1261,2616
20210309,경춘선,상천,305,251,556
20210309,경춘선,춘천,1380,1356,2736
20210309,경춘선,대성리,438,369,807
20210309,경춘선,천마산,1645,1538,3183
20210309,경춘선,평내호평,6285,6241,12526
20210309,경춘선,금곡,1591,1520,3111
20210309,경춘선,사릉,3596,3419,7015
20210309,경춘선,퇴계원,3620,3347,6967
20210309,경춘선,별내,2672,2566,5238
20210309,경춘선,갈매,3088,2751,5839
20210309,경춘선,신내,1619,1644,3263
20210309,경춘선,마석,3826,3823,7649
20210310,경춘선,상천,284,296,580
20210310,경춘선,가평,1329,1316,2645
20210310,경춘선,굴봉산,111,114,225
20210310,경춘선,청평,1359,1350,2709
20210310,경춘선,강촌,408,414,822
20210310,경춘선,김유정,239,247,486
20210310,경춘선,남춘천,2032,2121,4153
20210310,경춘선,백양리,57,49,106
20210310,경춘선,춘천,1364,1273,2637
20210310,경춘선,대성리,493,440,933
20210310,경춘선,천마산,1612,1531,3143
20210310,경춘선,신내,1679,1709,3388
20210310,경춘선,갈매,3075,2680,5755
20210310,경춘선,별내,2695,2562,5257
20210310,경춘선,마석,3829,3750,7579
20210310,경춘선,사릉,3542,3366,6908
20210310,경춘선,금곡,1549,1472,3021
20210310,경춘선,평내호평,6283,6292,12575
20210310,경춘선,퇴계원,3682,3287,6969
20210311,경춘선,상천,257,275,532
20210311,경춘선,춘천,1496,1242,2738
20210311,경춘선,남춘천,2215,2026,4241
20210311,경춘선,김유정,207,241,448
20210311,경춘선,강촌,362,355,717
20210311,경춘선,백양리,42,54,96
20210311,경춘선,굴봉산,90,92,182
20210311,경춘선,가평,1217,1223,2440
20210311,경춘선,청평,1429,1505,2934
20210311,경춘선,대성리,451,403,854
20210311,경춘선,마석,3750,3755,7505
20210311,경춘선,갈매,3104,2759,5863
20210311,경춘선,별내,2636,2611,5247
20210311,경춘선,퇴계원,3583,3432,7015
20210311,경춘선,신내,1603,1680,3283
20210311,경춘선,금곡,1516,1475,2991
20210311,경춘선,평내호평,6279,6277,12556
20210311,경춘선,천마산,1649,1544,3193
20210311,경춘선,사릉,3549,3396,6945
20210312,경춘선,청평,1428,1568,2996
20210312,경춘선,남춘천,2994,2766,5760
20210312,경춘선,김유정,224,245,469
20210312,경춘선,강촌,267,318,585
20210312,경춘선,백양리,51,66,117
20210312,경춘선,굴봉산,106,84,190
20210312,경춘선,가평,1345,1459,2804
20210312,경춘선,상천,228,230,458
20210312,경춘선,대성리,447,407,854
20210312,경춘선,춘천,1607,1173,2780
20210312,경춘선,천마산,1655,1501,3156
20210312,경춘선,신내,1588,1653,3241
20210312,경춘선,갈매,3081,2689,5770
20210312,경춘선,별내,2634,2638,5272
20210312,경춘선,마석,3774,3846,7620
20210312,경춘선,사릉,3541,3403,6944
20210312,경춘선,금곡,1494,1447,2941
20210312,경춘선,평내호평,6213,6356,12569
20210312,경춘선,퇴계원,3587,3412,6999
20210313,경춘선,청평,1533,1537,3070
20210313,경춘선,남춘천,2221,2378,4599
20210313,경춘선,김유정,440,516,956
20210313,경춘선,강촌,647,693,1340
20210313,경춘선,백양리,104,102,206
20210313,경춘선,굴봉산,140,180,320
20210313,경춘선,가평,1432,1554,2986
20210313,경춘선,상천,394,372,766
20210313,경춘선,대성리,562,508,1070
20210313,경춘선,춘천,1526,1321,2847
20210313,경춘선,천마산,1254,1273,2527
20210313,경춘선,신내,975,1007,1982
20210313,경춘선,갈매,1929,1618,3547
20210313,경춘선,별내,2020,1998,4018
20210313,경춘선,마석,3281,3371,6652
20210313,경춘선,사릉,2254,2180,4434
20210313,경춘선,금곡,1088,1036,2124
20210313,경춘선,평내호평,4413,4455,8868
20210313,경춘선,퇴계원,2532,2383,4915
20210314,경춘선,마석,2236,2259,4495
20210314,경춘선,갈매,1310,1183,2493
20210314,경춘선,별내,1569,1439,3008
20210314,경춘선,퇴계원,1869,1690,3559
20210314,경춘선,사릉,1596,1533,3129
20210314,경춘선,금곡,863,803,1666
20210314,경춘선,평내호평,3273,3147,6420
20210314,경춘선,천마산,1039,983,2022
20210314,경춘선,신내,686,784,1470
20210314,경춘선,대성리,596,437,1033
20210314,경춘선,상천,472,351,823
20210314,경춘선,가평,1338,1116,2454
20210314,경춘선,굴봉산,174,160,334
20210314,경춘선,백양리,121,74,195
20210314,경춘선,강촌,653,503,1156
20210314,경춘선,김유정,392,448,840
20210314,경춘선,남춘천,1982,2268,4250
20210314,경춘선,춘천,1376,1432,2808
20210314,경춘선,청평,1431,1229,2660
20210315,경춘선,상천,308,284,592
20210315,경춘선,가평,1334,1301,2635
20210315,경춘선,굴봉산,145,131,276
20210315,경춘선,청평,1436,1361,2797
20210315,경춘선,강촌,385,386,771
20210315,경춘선,김유정,257,235,492
20210315,경춘선,남춘천,2016,2207,4223
20210315,경춘선,백양리,63,67,130
20210315,경춘선,대성리,468,389,857
20210315,경춘선,춘천,1267,1391,2658
20210315,경춘선,천마산,1687,1562,3249
20210315,경춘선,신내,1612,1603,3215
20210315,경춘선,갈매,3108,2692,5800
20210315,경춘선,별내,2691,2603,5294
20210315,경춘선,마석,3924,3776,7700
20210315,경춘선,사릉,3522,3238,6760
20210315,경춘선,금곡,1627,1521,3148
20210315,경춘선,평내호평,6376,6225,12601
20210315,경춘선,퇴계원,3542,3344,6886
20210316,경춘선,남춘천,2005,1979,3984
20210316,경춘선,김유정,231,251,482
20210316,경춘선,강촌,374,354,728
20210316,경춘선,백양리,72,62,134
20210316,경춘선,굴봉산,95,90,185
20210316,경춘선,가평,1262,1288,2550
20210316,경춘선,상천,254,242,496
20210316,경춘선,청평,1426,1381,2807
20210316,경춘선,대성리,426,372,798
20210316,경춘선,춘천,1278,1239,2517
20210316,경춘선,천마산,1555,1473,3028
20210316,경춘선,신내,1568,1623,3191
20210316,경춘선,갈매,3067,2677,5744
20210316,경춘선,별내,2699,2619,5318
20210316,경춘선,마석,3766,3685,7451
20210316,경춘선,사릉,3581,3317,6898
20210316,경춘선,금곡,1493,1513,3006
20210316,경춘선,평내호평,6209,6136,12345
20210316,경춘선,퇴계원,3519,3235,6754
20210317,경춘선,청평,1459,1426,2885
20210317,경춘선,남춘천,2669,2615,5284
20210317,경춘선,김유정,253,299,552
20210317,경춘선,강촌,440,429,869
20210317,경춘선,백양리,63,74,137
20210317,경춘선,굴봉산,151,132,283
20210317,경춘선,가평,1364,1333,2697
20210317,경춘선,상천,268,262,530
20210317,경춘선,춘천,1303,1257,2560
20210317,경춘선,대성리,502,428,930
20210317,경춘선,천마산,1729,1639,3368
20210317,경춘선,마석,3915,3799,7714
20210317,경춘선,신내,1659,1712,3371
20210317,경춘선,갈매,3190,2702,5892
20210317,경춘선,별내,2755,2707,5462
20210317,경춘선,사릉,3590,3386,6976
20210317,경춘선,금곡,1670,1558,3228
20210317,경춘선,평내호평,6368,6280,12648
20210317,경춘선,퇴계원,3628,3405,7033
20210318,경춘선,신내,1620,1646,3266
20210318,경춘선,갈매,3143,2720,5863
20210318,경춘선,별내,2765,2692,5457
20210318,경춘선,퇴계원,3732,3472,7204
20210318,경춘선,사릉,3597,3364,6961
20210318,경춘선,금곡,1612,1559,3171
20210318,경춘선,평내호평,6441,6385,12826
20210318,경춘선,천마산,1678,1568,3246
20210318,경춘선,마석,4208,4280,8488
20210318,경춘선,대성리,516,445,961
20210318,경춘선,상천,290,270,560
20210318,경춘선,춘천,1440,1187,2627
20210318,경춘선,남춘천,2279,2034,4313
20210318,경춘선,김유정,281,299,580
20210318,경춘선,청평,1451,1483,2934
20210318,경춘선,백양리,80,83,163
20210318,경춘선,굴봉산,141,136,277
20210318,경춘선,가평,1301,1390,2691
20210318,경춘선,강촌,338,355,693
20210319,경춘선,청평,1484,1623,3107
20210319,경춘선,남춘천,2696,2533,5229
20210319,경춘선,김유정,322,350,672
20210319,경춘선,강촌,357,403,760
20210319,경춘선,백양리,71,75,146
20210319,경춘선,굴봉산,110,121,231
20210319,경춘선,가평,1451,1541,2992
20210319,경춘선,상천,303,283,586
20210319,경춘선,대성리,522,480,1002
20210319,경춘선,춘천,1772,1306,3078
20210319,경춘선,천마산,1675,1580,3255
20210319,경춘선,신내,1680,1658,3338
20210319,경춘선,갈매,3204,2847,6051
20210319,경춘선,별내,2860,2802,5662
20210319,경춘선,마석,4002,4010,8012
20210319,경춘선,사릉,3633,3459,7092
20210319,경춘선,금곡,1586,1521,3107
20210319,경춘선,평내호평,6445,6625,13070
20210319,경춘선,퇴계원,3748,3579,7327
20210320,경춘선,퇴계원,2264,2105,4369
20210320,경춘선,강촌,407,412,819
20210320,경춘선,김유정,354,424,778
20210320,경춘선,남춘천,2019,2088,4107
20210320,경춘선,춘천,1178,1073,2251
20210320,경춘선,신내,910,857,1767
20210320,경춘선,갈매,1620,1392,3012
20210320,경춘선,별내,1721,1726,3447
20210320,경춘선,백양리,105,122,227
20210320,경춘선,사릉,1943,1855,3798
20210320,경춘선,평내호평,3818,3778,7596
20210320,경춘선,천마산,1135,1112,2247
20210320,경춘선,마석,2529,2577,5106
20210320,경춘선,대성리,381,388,769
20210320,경춘선,청평,1078,1222,2300
20210320,경춘선,상천,218,178,396
20210320,경춘선,가평,1146,1287,2433
20210320,경춘선,굴봉산,128,147,275
20210320,경춘선,금곡,902,830,1732
20210321,경춘선,상천,331,284,615
20210321,경춘선,가평,1296,1094,2390
20210321,경춘선,굴봉산,158,152,310
20210321,경춘선,청평,1321,1062,2383
20210321,경춘선,강촌,608,575,1183
20210321,경춘선,김유정,420,423,843
20210321,경춘선,남춘천,1974,2313,4287
20210321,경춘선,백양리,88,96,184
20210321,경춘선,대성리,471,379,850
20210321,경춘선,춘천,1234,1312,2546
20210321,경춘선,천마산,983,905,1888
20210321,경춘선,신내,767,771,1538
20210321,경춘선,갈매,1377,1160,2537
20210321,경춘선,별내,1463,1391,2854
20210321,경춘선,마석,2361,2219,4580
20210321,경춘선,사릉,1625,1647,3272
20210321,경춘선,금곡,815,753,1568
20210321,경춘선,평내호평,3187,3053,6240
20210321,경춘선,퇴계원,1885,1739,3624
20210322,경춘선,춘천,1285,1334,2619
20210322,경춘선,남춘천,2453,2632,5085
20210322,경춘선,김유정,245,220,465
20210322,경춘선,강촌,417,400,817
20210322,경춘선,백양리,61,66,127
20210322,경춘선,굴봉산,125,116,241
20210322,경춘선,가평,1362,1281,2643
20210322,경춘선,청평,1465,1423,2888
20210322,경춘선,대성리,477,410,887
20210322,경춘선,상천,275,249,524
20210322,경춘선,천마산,1670,1538,3208
20210322,경춘선,마석,3845,3781,7626
20210322,경춘선,갈매,3014,2632,5646
20210322,경춘선,별내,2768,2671,5439
20210322,경춘선,퇴계원,3627,3296,6923
20210322,경춘선,신내,1656,1692,3348
20210322,경춘선,금곡,1617,1471,3088
20210322,경춘선,평내호평,6495,6341,12836
20210322,경춘선,사릉,3578,3348,6926
20210323,경춘선,천마산,1695,1576,3271
20210323,경춘선,갈매,3158,2805,5963
20210323,경춘선,신내,1677,1703,3380
20210323,경춘선,별내,2813,2688,5501
20210323,경춘선,퇴계원,3643,3373,7016
20210323,경춘선,사릉,3647,3424,7071
20210323,경춘선,금곡,1656,1623,3279
20210323,경춘선,평내호평,6514,6434,12948
20210323,경춘선,마석,4233,4248,8481
20210323,경춘선,남춘천,2010,2059,4069
20210323,경춘선,청평,1442,1452,2894
20210323,경춘선,상천,301,289,590
20210323,경춘선,가평,1352,1344,2696
20210323,경춘선,굴봉산,131,122,253
20210323,경춘선,백양리,59,49,108
20210323,경춘선,강촌,395,406,801
20210323,경춘선,김유정,269,293,562
20210323,경춘선,춘천,1336,1318,2654
20210323,경춘선,대성리,526,427,953
20210324,경춘선,평내호평,6399,6360,12759
20210324,경춘선,신내,1630,1710,3340
20210324,경춘선,갈매,3176,2729,5905
20210324,경춘선,금곡,1615,1580,3195
20210324,경춘선,퇴계원,3647,3394,7041
20210324,경춘선,사릉,3585,3415,7000
20210324,경춘선,별내,2776,2661,5437
20210324,경춘선,마석,3950,3877,7827
20210324,경춘선,천마산,1724,1623,3347
20210324,경춘선,대성리,506,452,958
20210324,경춘선,춘천,1344,1280,2624
20210324,경춘선,남춘천,2193,2117,4310
20210324,경춘선,김유정,289,317,606
20210324,경춘선,강촌,489,445,934
20210324,경춘선,청평,1441,1444,2885
20210324,경춘선,굴봉산,108,111,219
20210324,경춘선,가평,1357,1349,2706
20210324,경춘선,상천,311,279,590
20210324,경춘선,백양리,69,73,142
20210325,경춘선,마석,4017,3852,7869
20210325,경춘선,갈매,3148,2694,5842
20210325,경춘선,별내,2816,2779,5595
20210325,경춘선,퇴계원,3625,3392,7017
20210325,경춘선,사릉,3558,3356,6914
20210325,경춘선,금곡,1672,1632,3304
20210325,경춘선,평내호평,6470,6391,12861
20210325,경춘선,천마산,1686,1639,3325
20210325,경춘선,대성리,494,420,914
20210325,경춘선,신내,1685,1713,3398
20210325,경춘선,상천,287,301,588
20210325,경춘선,춘천,1505,1242,2747
20210325,경춘선,남춘천,2199,2088,4287
20210325,경춘선,김유정,276,301,577
20210325,경춘선,청평,1466,1558,3024
20210325,경춘선,백양리,75,82,157
20210325,경춘선,굴봉산,116,119,235
20210325,경춘선,가평,1383,1413,2796
20210325,경춘선,강촌,427,417,844
20210326,경춘선,마석,4045,4153,8198
20210326,경춘선,갈매,3179,2759,5938
20210326,경춘선,별내,2913,2895,5808
20210326,경춘선,퇴계원,3825,3502,7327
20210326,경춘선,사릉,3725,3603,7328
20210326,경춘선,금곡,1653,1587,3240
20210326,경춘선,평내호평,6677,6751,13428
20210326,경춘선,천마산,1771,1638,3409
20210326,경춘선,신내,1711,1682,3393
20210326,경춘선,대성리,587,538,1125
20210326,경춘선,상천,365,352,717
20210326,경춘선,가평,1565,1718,3283
20210326,경춘선,굴봉산,163,157,320
20210326,경춘선,백양리,72,87,159
20210326,경춘선,강촌,407,430,837
20210326,경춘선,김유정,337,349,686
20210326,경춘선,남춘천,2823,2670,5493
20210326,경춘선,춘천,1823,1412,3235
20210326,경춘선,청평,1628,1756,3384
20210327,경춘선,천마산,1142,1190,2332
20210327,경춘선,평내호평,3941,3853,7794
20210327,경춘선,금곡,871,871,1742
20210327,경춘선,신내,872,872,1744
20210327,경춘선,퇴계원,2212,2126,4338
20210327,경춘선,별내,1743,1705,3448
20210327,경춘선,갈매,1671,1492,3163
20210327,경춘선,사릉,1982,1944,3926
20210327,경춘선,마석,2617,2625,5242
20210327,경춘선,대성리,413,381,794
20210327,경춘선,상천,217,221,438
20210327,경춘선,춘천,1128,1066,2194
20210327,경춘선,남춘천,2425,2485,4910
20210327,경춘선,김유정,323,399,722
20210327,경춘선,청평,1247,1252,2499
20210327,경춘선,백양리,104,101,205
20210327,경춘선,굴봉산,127,148,275
20210327,경춘선,가평,1108,1256,2364
20210327,경춘선,강촌,432,488,920
20210328,경춘선,갈매,1189,1093,2282
20210328,경춘선,별내,1382,1242,2624
20210328,경춘선,퇴계원,1679,1583,3262
20210328,경춘선,사릉,1448,1409,2857
20210328,경춘선,금곡,724,670,1394
20210328,경춘선,평내호평,2786,2690,5476
20210328,경춘선,천마산,940,815,1755
20210328,경춘선,마석,2156,2093,4249
20210328,경춘선,대성리,390,298,688
20210328,경춘선,신내,643,694,1337
20210328,경춘선,상천,194,166,360
20210328,경춘선,춘천,931,1094,2025
20210328,경춘선,남춘천,1715,2011,3726
20210328,경춘선,김유정,257,256,513
20210328,경춘선,청평,1043,848,1891
20210328,경춘선,백양리,63,60,123
20210328,경춘선,굴봉산,105,90,195
20210328,경춘선,가평,993,831,1824
20210328,경춘선,강촌,384,340,724
20210329,경춘선,마석,3968,3813,7781
20210329,경춘선,갈매,3087,2688,5775
20210329,경춘선,별내,2774,2653,5427
20210329,경춘선,퇴계원,3628,3318,6946
20210329,경춘선,사릉,3617,3369,6986
20210329,경춘선,금곡,1591,1505,3096
20210329,경춘선,평내호평,6455,6141,12596
20210329,경춘선,천마산,1646,1495,3141
20210329,경춘선,신내,1721,1679,3400
20210329,경춘선,대성리,466,409,875
20210329,경춘선,상천,269,277,546
20210329,경춘선,청평,1417,1386,2803
20210329,경춘선,춘천,1248,1356,2604
20210329,경춘선,남춘천,2026,2238,4264
20210329,경춘선,김유정,248,263,511
20210329,경춘선,백양리,93,64,157
20210329,경춘선,굴봉산,122,125,247
20210329,경춘선,가평,1320,1205,2525
20210329,경춘선,강촌,370,371,741
20210330,경춘선,춘천,1412,1330,2742
20210330,경춘선,김유정,272,275,547
20210330,경춘선,신내,1685,1712,3397
20210330,경춘선,갈매,3178,2780,5958
20210330,경춘선,별내,2846,2697,5543
20210330,경춘선,퇴계원,3649,3394,7043
20210330,경춘선,사릉,3605,3488,7093
20210330,경춘선,금곡,1590,1558,3148
20210330,경춘선,평내호평,6367,6302,12669
20210330,경춘선,천마산,1701,1596,3297
20210330,경춘선,대성리,542,474,1016
20210330,경춘선,남춘천,1954,2029,3983
20210330,경춘선,강촌,426,426,852
20210330,경춘선,백양리,66,70,136
20210330,경춘선,마석,3992,3928,7920
20210330,경춘선,가평,1398,1439,2837
20210330,경춘선,상천,299,278,577
20210330,경춘선,청평,1417,1431,2848
20210330,경춘선,굴봉산,154,140,294
20210331,경춘선,청평,1479,1518,2997
20210331,경춘선,남춘천,2204,2149,4353
20210331,경춘선,김유정,295,295,590
20210331,경춘선,강촌,441,465,906
20210331,경춘선,백양리,78,64,142
20210331,경춘선,굴봉산,158,156,314
20210331,경춘선,가평,1436,1395,2831
20210331,경춘선,상천,352,308,660
20210331,경춘선,대성리,619,536,1155
20210331,경춘선,춘천,1440,1400,2840
20210331,경춘선,천마산,1750,1658,3408
20210331,경춘선,신내,1725,1725,3450
20210331,경춘선,갈매,3172,2747,5919
20210331,경춘선,별내,2902,2751,5653
20210331,경춘선,마석,4050,3886,7936
20210331,경춘선,사릉,3620,3429,7049
20210331,경춘선,금곡,1661,1562,3223
20210331,경춘선,평내호평,6445,6468,12913
20210331,경춘선,퇴계원,3737,3459,7196
20210401,경춘선,마석,4018,3976,7994
20210401,경춘선,갈매,3201,2748,5949
20210401,경춘선,별내,2955,2818,5773
20210401,경춘선,퇴계원,3757,3463,7220
20210401,경춘선,사릉,3509,3432,6941
20210401,경춘선,금곡,1678,1570,3248
20210401,경춘선,평내호평,6533,6425,12958
20210401,경춘선,천마산,1738,1567,3305
20210401,경춘선,신내,1720,1718,3438
20210401,경춘선,대성리,676,631,1307
20210401,경춘선,상천,336,320,656
20210401,경춘선,가평,1344,1450,2794
20210401,경춘선,굴봉산,142,128,270
20210401,경춘선,백양리,85,87,172
20210401,경춘선,강촌,437,424,861
20210401,경춘선,김유정,298,319,617
20210401,경춘선,남춘천,2241,2097,4338
20210401,경춘선,춘천,1434,1223,2657
20210401,경춘선,청평,1455,1519,2974
20210402,경춘선,평내호평,6661,6674,13335
20210402,경춘선,금곡,1607,1565,3172
20210402,경춘선,사릉,3706,3527,7233
20210402,경춘선,천마산,1830,1752,3582
20210402,경춘선,별내,2949,2979,5928
20210402,경춘선,갈매,3197,2772,5969
20210402,경춘선,신내,1757,1788,3545
20210402,경춘선,퇴계원,3779,3583,7362
20210402,경춘선,마석,4070,4069,8139
20210402,경춘선,백양리,74,90,164
20210402,경춘선,청평,1670,1743,3413
20210402,경춘선,남춘천,3302,3181,6483
20210402,경춘선,김유정,344,367,711
20210402,경춘선,강촌,415,451,866
20210402,경춘선,춘천,1768,1369,3137
20210402,경춘선,굴봉산,185,197,382
20210402,경춘선,가평,1543,1722,3265
20210402,경춘선,상천,374,338,712
20210402,경춘선,대성리,768,774,1542
20210403,경춘선,천마산,976,959,1935
20210403,경춘선,신내,742,802,1544
20210403,경춘선,갈매,1551,1305,2856
20210403,경춘선,별내,1567,1524,3091
20210403,경춘선,퇴계원,2022,1842,3864
20210403,경춘선,사릉,1715,1694,3409
20210403,경춘선,금곡,796,740,1536
20210403,경춘선,평내호평,3346,3257,6603
20210403,경춘선,마석,2347,2370,4717
20210403,경춘선,대성리,400,379,779
20210403,경춘선,청평,1023,1105,2128
20210403,경춘선,남춘천,1878,1819,3697
20210403,경춘선,김유정,205,253,458
20210403,경춘선,강촌,276,294,570
20210403,경춘선,춘천,1107,947,2054
20210403,경춘선,굴봉산,85,88,173
20210403,경춘선,가평,988,1103,2091
20210403,경춘선,상천,171,145,316
20210403,경춘선,백양리,59,66,125
20210404,경춘선,마석,2340,2230,4570
20210404,경춘선,갈매,1372,1188,2560
20210404,경춘선,별내,1506,1471,2977
20210404,경춘선,퇴계원,1843,1665,3508
20210404,경춘선,사릉,1641,1611,3252
20210404,경춘선,금곡,908,797,1705
20210404,경춘선,평내호평,3226,3168,6394
20210404,경춘선,천마산,1072,1036,2108
20210404,경춘선,대성리,1056,897,1953
20210404,경춘선,신내,781,765,1546
20210404,경춘선,상천,427,367,794
20210404,경춘선,춘천,1148,1289,2437
20210404,경춘선,남춘천,1681,2092,3773
20210404,경춘선,김유정,332,327,659
20210404,경춘선,청평,1365,1192,2557
20210404,경춘선,백양리,96,90,186
20210404,경춘선,굴봉산,177,167,344
20210404,경춘선,가평,1238,1030,2268
20210404,경춘선,강촌,534,502,1036
20210405,경춘선,청평,1614,1606,3220
20210405,경춘선,굴봉산,191,203,394
20210405,경춘선,백양리,102,85,187
20210405,경춘선,강촌,485,496,981
20210405,경춘선,김유정,281,282,563
20210405,경춘선,남춘천,2127,2346,4473
20210405,경춘선,춘천,1346,1428,2774
20210405,경춘선,상천,373,340,713
20210405,경춘선,대성리,821,739,1560
20210405,경춘선,가평,1564,1501,3065
20210405,경춘선,천마산,1726,1632,3358
20210405,경춘선,신내,1681,1703,3384
20210405,경춘선,갈매,3133,2744,5877
20210405,경춘선,별내,2983,2762,5745
20210405,경춘선,마석,4204,4060,8264
20210405,경춘선,사릉,3702,3479,7181
20210405,경춘선,금곡,1652,1544,3196
20210405,경춘선,평내호평,6720,6543,13263
20210405,경춘선,퇴계원,3762,3382,7144
20210406,경춘선,마석,4104,3904,8008
20210406,경춘선,갈매,3229,2785,6014
20210406,경춘선,별내,2873,2799,5672
20210406,경춘선,퇴계원,3740,3490,7230
20210406,경춘선,사릉,3664,3469,7133
20210406,경춘선,금곡,1573,1530,3103
20210406,경춘선,평내호평,6453,6351,12804
20210406,경춘선,천마산,1782,1730,3512
20210406,경춘선,신내,1749,1804,3553
20210406,경춘선,대성리,850,849,1699
20210406,경춘선,상천,355,330,685
20210406,경춘선,가평,1538,1507,3045
20210406,경춘선,굴봉산,201,195,396
20210406,경춘선,백양리,93,91,184
20210406,경춘선,강촌,508,491,999
20210406,경춘선,김유정,339,365,704
20210406,경춘선,남춘천,2050,2138,4188
20210406,경춘선,춘천,1394,1348,2742
20210406,경춘선,청평,1616,1573,3189
20210407,경춘선,천마산,1778,1677,3455
20210407,경춘선,평내호평,6581,6490,13071
20210407,경춘선,금곡,1620,1568,3188
20210407,경춘선,마석,4030,3897,7927
20210407,경춘선,퇴계원,3824,3526,7350
20210407,경춘선,별내,2892,2819,5711
20210407,경춘선,갈매,3105,2748,5853
20210407,경춘선,사릉,3616,3449,7065
20210407,경춘선,대성리,794,732,1526
20210407,경춘선,신내,1679,1734,3413
20210407,경춘선,상천,419,389,808
20210407,경춘선,춘천,1348,1246,2594
20210407,경춘선,남춘천,2643,2689,5332
20210407,경춘선,김유정,313,316,629
20210407,경춘선,청평,1545,1557,3102
20210407,경춘선,백양리,103,94,197
20210407,경춘선,굴봉산,179,184,363
20210407,경춘선,가평,1566,1544,3110
20210407,경춘선,강촌,571,590,1161
20210408,경춘선,남춘천,2152,2189,4341
20210408,경춘선,김유정,370,439,809
20210408,경춘선,강촌,521,500,1021
20210408,경춘선,백양리,92,108,200
20210408,경춘선,굴봉산,198,197,395
20210408,경춘선,가평,1590,1589,3179
20210408,경춘선,상천,389,378,767
20210408,경춘선,청평,1694,1735,3429
20210408,경춘선,대성리,711,691,1402
20210408,경춘선,춘천,1481,1184,2665
20210408,경춘선,천마산,1764,1619,3383
20210408,경춘선,신내,1743,1771,3514
20210408,경춘선,갈매,3239,2789,6028
20210408,경춘선,별내,2919,2833,5752
20210408,경춘선,마석,4439,4388,8827
20210408,경춘선,사릉,3658,3572,7230
20210408,경춘선,금곡,1617,1576,3193
20210408,경춘선,평내호평,6538,6590,13128
20210408,경춘선,퇴계원,3708,3501,7209
20210409,경춘선,청평,1765,1916,3681
20210409,경춘선,남춘천,2514,2537,5051
20210409,경춘선,김유정,319,393,712
20210409,경춘선,강촌,468,532,1000
20210409,경춘선,백양리,102,108,210
20210409,경춘선,굴봉산,209,197,406
20210409,경춘선,가평,1723,1834,3557
20210409,경춘선,상천,416,417,833
20210409,경춘선,춘천,1699,1409,3108
20210409,경춘선,대성리,710,701,1411
20210409,경춘선,천마산,1759,1656,3415
20210409,경춘선,마석,4058,4129,8187
20210409,경춘선,신내,1751,1752,3503
20210409,경춘선,갈매,3245,2786,6031
20210409,경춘선,별내,2938,2858,5796
20210409,경춘선,사릉,3621,3462,7083
20210409,경춘선,금곡,1617,1550,3167
20210409,경춘선,평내호평,6629,6782,13411
20210409,경춘선,퇴계원,3684,3455,7139
20210410,경춘선,신내,1095,1098,2193
20210410,경춘선,갈매,1968,1738,3706
20210410,경춘선,별내,2085,2050,4135
20210410,경춘선,퇴계원,2740,2461,5201
20210410,경춘선,사릉,2377,2271,4648
20210410,경춘선,금곡,1114,1062,2176
20210410,경춘선,평내호평,4739,4728,9467
20210410,경춘선,천마산,1399,1431,2830
20210410,경춘선,마석,3438,3484,6922
20210410,경춘선,대성리,1133,1114,2247
20210410,경춘선,상천,652,536,1188
20210410,경춘선,춘천,2050,1715,3765
20210410,경춘선,남춘천,2355,2694,5049
20210410,경춘선,김유정,586,683,1269
20210410,경춘선,청평,1898,2006,3904
20210410,경춘선,백양리,178,194,372
20210410,경춘선,굴봉산,367,410,777
20210410,경춘선,가평,2005,2292,4297
20210410,경춘선,강촌,885,894,1779
20210411,경춘선,마석,2754,2641,5395
20210411,경춘선,갈매,1489,1332,2821
20210411,경춘선,별내,1698,1600,3298
20210411,경춘선,퇴계원,2003,1895,3898
20210411,경춘선,사릉,1839,1806,3645
20210411,경춘선,금곡,989,909,1898
20210411,경춘선,평내호평,3448,3435,6883
20210411,경춘선,천마산,1259,1295,2554
20210411,경춘선,대성리,1045,900,1945
20210411,경춘선,신내,853,851,1704
20210411,경춘선,상천,663,573,1236
20210411,경춘선,춘천,1905,1539,3444
20210411,경춘선,남춘천,2201,2376,4577
20210411,경춘선,김유정,552,599,1151
20210411,경춘선,청평,1946,1628,3574
20210411,경춘선,백양리,185,177,362
20210411,경춘선,굴봉산,367,334,701
20210411,경춘선,가평,1949,1643,3592
20210411,경춘선,강촌,978,842,1820
20210412,경춘선,마석,3678,3587,7265
20210412,경춘선,갈매,3045,2637,5682
20210412,경춘선,별내,2679,2541,5220
20210412,경춘선,퇴계원,3445,3171,6616
20210412,경춘선,사릉,3460,3212,6672
20210412,경춘선,금곡,1441,1361,2802
20210412,경춘선,평내호평,6095,5895,11990
20210412,경춘선,천마산,1556,1452,3008
20210412,경춘선,신내,1657,1604,3261
20210412,경춘선,대성리,415,396,811
20210412,경춘선,상천,251,238,489
20210412,경춘선,가평,1323,1208,2531
20210412,경춘선,굴봉산,139,119,258
20210412,경춘선,백양리,72,71,143
20210412,경춘선,강촌,318,336,654
20210412,경춘선,김유정,194,187,381
20210412,경춘선,남춘천,2135,2294,4429
20210412,경춘선,춘천,1135,1198,2333
20210412,경춘선,청평,1363,1248,2611
20210413,경춘선,가평,1380,1418,2798
20210413,경춘선,굴봉산,189,207,396
20210413,경춘선,백양리,84,66,150
20210413,경춘선,상천,309,295,604
20210413,경춘선,김유정,256,272,528
20210413,경춘선,남춘천,1905,2001,3906
20210413,경춘선,춘천,1160,1168,2328
20210413,경춘선,강촌,391,396,787
20210413,경춘선,청평,1412,1412,2824
20210413,경춘선,대성리,488,445,933
20210413,경춘선,마석,4015,4095,8110
20210413,경춘선,갈매,3087,2737,5824
20210413,경춘선,별내,2770,2675,5445
20210413,경춘선,퇴계원,3623,3310,6933
20210413,경춘선,신내,1688,1775,3463
20210413,경춘선,금곡,1574,1575,3149
20210413,경춘선,평내호평,6432,6211,12643
20210413,경춘선,천마산,1649,1540,3189
20210413,경춘선,사릉,3563,3425,6988
20210414,경춘선,상천,379,365,744
20210414,경춘선,춘천,1345,1289,2634
20210414,경춘선,남춘천,2074,2118,4192
20210414,경춘선,김유정,340,365,705
20210414,경춘선,강촌,528,550,1078
20210414,경춘선,백양리,121,118,239
20210414,경춘선,굴봉산,328,332,660
20210414,경춘선,가평,1556,1537,3093
20210414,경춘선,청평,1667,1640,3307
20210414,경춘선,대성리,533,507,1040
20210414,경춘선,마석,4044,3913,7957
20210414,경춘선,갈매,3110,2768,5878
20210414,경춘선,별내,2843,2748,5591
20210414,경춘선,퇴계원,3615,3418,7033
20210414,경춘선,신내,1713,1808,3521
20210414,경춘선,금곡,1576,1480,3056
20210414,경춘선,평내호평,6315,6194,12509
20210414,경춘선,천마산,1755,1668,3423
20210414,경춘선,사릉,3593,3382,6975
20210415,경춘선,청평,1555,1606,3161
20210415,경춘선,남춘천,2176,2159,4335
20210415,경춘선,김유정,298,316,614
20210415,경춘선,강촌,512,510,1022
20210415,경춘선,백양리,116,120,236
20210415,경춘선,굴봉산,279,281,560
20210415,경춘선,가평,1606,1569,3175
20210415,경춘선,상천,435,422,857
20210415,경춘선,대성리,623,551,1174
20210415,경춘선,춘천,1419,1276,2695
20210415,경춘선,천마산,1740,1648,3388
20210415,경춘선,신내,1729,1769,3498
20210415,경춘선,갈매,3174,2803,5977
20210415,경춘선,별내,2908,2815,5723
20210415,경춘선,마석,4058,4079,8137
20210415,경춘선,사릉,3598,3406,7004
20210415,경춘선,금곡,1634,1590,3224
20210415,경춘선,평내호평,6432,6341,12773
20210415,경춘선,퇴계원,3774,3451,7225
20210416,경춘선,청평,1396,1573,2969
20210416,경춘선,남춘천,2228,2227,4455
20210416,경춘선,김유정,210,236,446
20210416,경춘선,강촌,308,368,676
20210416,경춘선,백양리,76,92,168
20210416,경춘선,굴봉산,129,127,256
20210416,경춘선,가평,1327,1470,2797
20210416,경춘선,상천,259,263,522
20210416,경춘선,대성리,409,431,840
20210416,경춘선,춘천,1264,1108,2372
20210416,경춘선,천마산,1665,1524,3189
20210416,경춘선,신내,1555,1536,3091
20210416,경춘선,갈매,3089,2685,5774
20210416,경춘선,별내,2749,2718,5467
20210416,경춘선,마석,3725,3745,7470
20210416,경춘선,사릉,3371,3323,6694
20210416,경춘선,금곡,1492,1401,2893
20210416,경춘선,평내호평,6129,6259,12388
20210416,경춘선,퇴계원,3592,3297,6889
20210417,경춘선,청평,1544,1658,3202
20210417,경춘선,남춘천,2795,2905,5700
20210417,경춘선,김유정,452,550,1002
20210417,경춘선,강촌,723,734,1457
20210417,경춘선,백양리,196,155,351
20210417,경춘선,굴봉산,287,334,621
20210417,경춘선,가평,1502,1671,3173
20210417,경춘선,상천,563,495,1058
20210417,경춘선,춘천,1279,1228,2507
20210417,경춘선,대성리,564,635,1199
20210417,경춘선,천마산,1282,1290,2572
20210417,경춘선,평내호평,4141,4002,8143
20210417,경춘선,금곡,1047,969,2016
20210417,경춘선,사릉,2171,2100,4271
20210417,경춘선,퇴계원,2371,2227,4598
20210417,경춘선,별내,1936,1873,3809
20210417,경춘선,갈매,1736,1517,3253
20210417,경춘선,신내,1046,1014,2060
20210417,경춘선,마석,2895,2916,5811
20210418,경춘선,천마산,1145,1180,2325
20210418,경춘선,평내호평,3457,3386,6843
20210418,경춘선,금곡,902,869,1771
20210418,경춘선,마석,3133,3234,6367
20210418,경춘선,퇴계원,2147,1943,4090
20210418,경춘선,별내,1667,1537,3204
20210418,경춘선,갈매,1405,1185,2590
20210418,경춘선,사릉,1680,1699,3379
20210418,경춘선,대성리,824,692,1516
20210418,경춘선,신내,855,867,1722
20210418,경춘선,상천,764,577,1341
20210418,경춘선,춘천,1648,1388,3036
20210418,경춘선,남춘천,1999,2183,4182
20210418,경춘선,김유정,511,533,1044
20210418,경춘선,청평,1956,1627,3583
20210418,경춘선,백양리,202,207,409
20210418,경춘선,굴봉산,417,429,846
20210418,경춘선,가평,1802,1538,3340
20210418,경춘선,강촌,1032,913,1945
20210419,경춘선,갈매,3159,2752,5911
20210419,경춘선,별내,2941,2793,5734
20210419,경춘선,퇴계원,3706,3442,7148
20210419,경춘선,사릉,3737,3513,7250
20210419,경춘선,금곡,1622,1519,3141
20210419,경춘선,평내호평,6672,6555,13227
20210419,경춘선,천마산,1726,1631,3357
20210419,경춘선,마석,4109,4019,8128
20210419,경춘선,대성리,599,510,1109
20210419,경춘선,신내,1720,1769,3489
20210419,경춘선,상천,416,400,816
20210419,경춘선,춘천,1423,1382,2805
20210419,경춘선,남춘천,2128,2274,4402
20210419,경춘선,김유정,347,335,682
20210419,경춘선,청평,1641,1544,3185
20210419,경춘선,백양리,143,139,282
20210419,경춘선,굴봉산,260,261,521
20210419,경춘선,가평,1556,1506,3062
20210419,경춘선,강촌,537,566,1103
20210420,경춘선,마석,4248,4119,8367
20210420,경춘선,갈매,3199,2777,5976
20210420,경춘선,별내,2973,2819,5792
20210420,경춘선,퇴계원,3744,3554,7298
20210420,경춘선,사릉,3741,3537,7278
20210420,경춘선,금곡,1697,1651,3348
20210420,경춘선,평내호평,6480,6466,12946
20210420,경춘선,천마산,1707,1669,3376
20210420,경춘선,신내,1757,1811,3568
20210420,경춘선,대성리,651,526,1177
20210420,경춘선,상천,490,444,934
20210420,경춘선,청평,1681,1629,3310
20210420,경춘선,춘천,1902,1769,3671
20210420,경춘선,남춘천,2315,2384,4699
20210420,경춘선,김유정,354,378,732
20210420,경춘선,백양리,125,126,251
20210420,경춘선,굴봉산,264,256,520
20210420,경춘선,가평,1595,1608,3203
20210420,경춘선,강촌,649,623,1272
20210421,경춘선,신내,1740,1796,3536
20210421,경춘선,갈매,3161,2746,5907
20210421,경춘선,별내,3018,2893,5911
20210421,경춘선,퇴계원,3754,3483,7237
20210421,경춘선,사릉,3745,3583,7328
20210421,경춘선,금곡,1602,1598,3200
20210421,경춘선,평내호평,6535,6450,12985
20210421,경춘선,천마산,1774,1656,3430
20210421,경춘선,마석,4203,4139,8342
20210421,경춘선,대성리,604,510,1114
20210421,경춘선,상천,428,400,828
20210421,경춘선,춘천,1737,1624,3361
20210421,경춘선,남춘천,2304,2326,4630
20210421,경춘선,김유정,296,316,612
20210421,경춘선,청평,1629,1670,3299
20210421,경춘선,백양리,109,112,221
20210421,경춘선,굴봉산,270,268,538
20210421,경춘선,가평,1556,1559,3115
20210421,경춘선,강촌,671,618,1289
20210422,경춘선,마석,4074,4042,8116
20210422,경춘선,갈매,3164,2758,5922
20210422,경춘선,별내,2955,2840,5795
20210422,경춘선,퇴계원,3779,3586,7365
20210422,경춘선,사릉,3693,3579,7272
20210422,경춘선,금곡,1603,1559,3162
20210422,경춘선,평내호평,6444,6436,12880
20210422,경춘선,천마산,1827,1727,3554
20210422,경춘선,대성리,610,545,1155
20210422,경춘선,신내,1746,1775,3521
20210422,경춘선,상천,383,350,733
20210422,경춘선,춘천,1726,1480,3206
20210422,경춘선,남춘천,3237,3057,6294
20210422,경춘선,김유정,325,360,685
20210422,경춘선,청평,1623,1596,3219
20210422,경춘선,백양리,125,139,264
20210422,경춘선,굴봉산,276,278,554
20210422,경춘선,가평,1595,1639,3234
20210422,경춘선,강촌,625,582,1207
20210423,경춘선,청평,1654,1836,3490
20210423,경춘선,남춘천,2753,2577,5330
20210423,경춘선,김유정,321,371,692
20210423,경춘선,강촌,512,508,1020
20210423,경춘선,백양리,128,122,250
20210423,경춘선,굴봉산,204,224,428
20210423,경춘선,가평,1709,1770,3479
20210423,경춘선,상천,346,341,687
20210423,경춘선,춘천,1836,1371,3207
20210423,경춘선,대성리,539,521,1060
20210423,경춘선,천마산,1786,1599,3385
20210423,경춘선,평내호평,6640,6737,13377
20210423,경춘선,금곡,1645,1575,3220
20210423,경춘선,사릉,3660,3508,7168
20210423,경춘선,퇴계원,3770,3551,7321
20210423,경춘선,별내,2992,2948,5940
20210423,경춘선,갈매,3203,2823,6026
20210423,경춘선,신내,1760,1807,3567
20210423,경춘선,마석,4530,4622,9152
20210424,경춘선,남춘천,2295,2461,4756
20210424,경춘선,신내,1092,1104,2196
20210424,경춘선,갈매,1846,1689,3535
20210424,경춘선,김유정,550,674,1224
20210424,경춘선,퇴계원,2690,2389,5079
20210424,경춘선,사릉,2295,2237,4532
20210424,경춘선,금곡,1101,1059,2160
20210424,경춘선,별내,2209,2043,4252
20210424,경춘선,강촌,853,886,1739
20210424,경춘선,춘천,1910,1729,3639
20210424,경춘선,굴봉산,317,354,671
20210424,경춘선,평내호평,4416,4437,8853
20210424,경춘선,천마산,1394,1452,2846
20210424,경춘선,마석,3212,3258,6470
20210424,경춘선,백양리,228,261,489
20210424,경춘선,청평,1793,1898,3691
20210424,경춘선,상천,630,522,1152
20210424,경춘선,가평,1820,2017,3837
20210424,경춘선,대성리,799,827,1626
20210425,경춘선,천마산,1124,1090,2214
20210425,경춘선,신내,904,852,1756
20210425,경춘선,갈매,1491,1373,2864
20210425,경춘선,별내,1729,1599,3328
20210425,경춘선,퇴계원,2115,1913,4028
20210425,경춘선,사릉,1718,1693,3411
20210425,경춘선,금곡,920,848,1768
20210425,경춘선,평내호평,3366,3389,6755
20210425,경춘선,마석,2687,2627,5314
20210425,경춘선,대성리,817,577,1394
20210425,경춘선,청평,1726,1487,3213
20210425,경춘선,남춘천,2142,2313,4455
20210425,경춘선,김유정,641,669,1310
20210425,경춘선,강촌,954,821,1775
20210425,경춘선,춘천,1652,1565,3217
20210425,경춘선,굴봉산,413,434,847
20210425,경춘선,가평,1969,1634,3603
20210425,경춘선,상천,680,569,1249
20210425,경춘선,백양리,173,184,357
20210426,경춘선,마석,4220,4155,8375
20210426,경춘선,갈매,3146,2675,5821
20210426,경춘선,별내,3009,2803,5812
20210426,경춘선,퇴계원,3861,3536,7397
20210426,경춘선,사릉,3717,3509,7226
20210426,경춘선,금곡,1660,1634,3294
20210426,경춘선,평내호평,6750,6438,13188
20210426,경춘선,천마산,1768,1712,3480
20210426,경춘선,대성리,610,489,1099
20210426,경춘선,신내,1720,1711,3431
20210426,경춘선,상천,403,364,767
20210426,경춘선,춘천,1609,1710,3319
20210426,경춘선,남춘천,2368,2512,4880
20210426,경춘선,김유정,308,305,613
20210426,경춘선,청평,1665,1615,3280
20210426,경춘선,백양리,126,123,249
20210426,경춘선,굴봉산,209,210,419
20210426,경춘선,가평,1655,1596,3251
20210426,경춘선,강촌,539,530,1069
20210427,경춘선,금곡,1665,1631,3296
20210427,경춘선,가평,1617,1629,3246
20210427,경춘선,상천,354,360,714
20210427,경춘선,청평,1610,1584,3194
20210427,경춘선,대성리,539,496,1035
20210427,경춘선,마석,4232,4232,8464
20210427,경춘선,천마산,1763,1642,3405
20210427,경춘선,평내호평,6545,6435,12980
20210427,경춘선,사릉,3719,3533,7252
20210427,경춘선,굴봉산,238,236,474
20210427,경춘선,별내,2958,2894,5852
20210427,경춘선,춘천,1353,1376,2729
20210427,경춘선,남춘천,2866,2901,5767
20210427,경춘선,김유정,333,363,696
20210427,경춘선,퇴계원,3728,3408,7136
20210427,경춘선,백양리,128,134,262
20210427,경춘선,신내,1821,1860,3681
20210427,경춘선,갈매,3195,2800,5995
20210427,경춘선,강촌,605,590,1195
20210428,경춘선,마석,4398,4447,8845
20210428,경춘선,갈매,3173,2768,5941
20210428,경춘선,별내,2988,2864,5852
20210428,경춘선,퇴계원,3739,3461,7200
20210428,경춘선,사릉,3723,3541,7264
20210428,경춘선,금곡,1635,1576,3211
20210428,경춘선,평내호평,6508,6471,12979
20210428,경춘선,천마산,1737,1637,3374
20210428,경춘선,신내,1769,1834,3603
20210428,경춘선,대성리,527,472,999
20210428,경춘선,상천,395,378,773
20210428,경춘선,가평,1552,1524,3076
20210428,경춘선,굴봉산,169,164,333
20210428,경춘선,백양리,159,138,297
20210428,경춘선,강촌,559,534,1093
20210428,경춘선,김유정,288,317,605
20210428,경춘선,남춘천,2278,2254,4532
20210428,경춘선,춘천,1411,1283,2694
20210428,경춘선,청평,1555,1512,3067
20210429,경춘선,상천,374,383,757
20210429,경춘선,가평,1675,1670,3345
20210429,경춘선,굴봉산,185,200,385
20210429,경춘선,청평,1574,1640,3214
20210429,경춘선,강촌,526,521,1047
20210429,경춘선,김유정,285,312,597
20210429,경춘선,남춘천,2316,2116,4432
20210429,경춘선,백양리,97,93,190
20210429,경춘선,대성리,544,468,1012
20210429,경춘선,춘천,1526,1238,2764
20210429,경춘선,천마산,1755,1642,3397
20210429,경춘선,신내,1738,1806,3544
20210429,경춘선,갈매,3204,2747,5951
20210429,경춘선,별내,2995,2918,5913
20210429,경춘선,마석,4016,3967,7983
20210429,경춘선,사릉,3564,3463,7027
20210429,경춘선,금곡,1605,1571,3176
20210429,경춘선,평내호평,6414,6357,12771
20210429,경춘선,퇴계원,3649,3411,7060
20210430,경춘선,남춘천,2800,2570,5370
20210430,경춘선,김유정,213,289,502
20210430,경춘선,강촌,502,493,995
20210430,경춘선,백양리,80,95,175
20210430,경춘선,굴봉산,145,140,285
20210430,경춘선,가평,1609,1850,3459
20210430,경춘선,상천,286,271,557
20210430,경춘선,청평,1495,1767,3262
20210430,경춘선,대성리,482,446,928
20210430,경춘선,춘천,1735,1354,3089
20210430,경춘선,천마산,1700,1555,3255
20210430,경춘선,신내,1707,1703,3410
20210430,경춘선,갈매,3186,2778,5964
20210430,경춘선,별내,3005,2949,5954
20210430,경춘선,마석,3976,3953,7929
20210430,경춘선,사릉,3572,3435,7007
20210430,경춘선,금곡,1525,1462,2987
20210430,경춘선,평내호평,6452,6553,13005
20210430,경춘선,퇴계원,3709,3437,7146
20210501,경춘선,청평,1265,1405,2670
20210501,경춘선,남춘천,1949,2178,4127
20210501,경춘선,김유정,419,537,956
20210501,경춘선,강촌,461,519,980
20210501,경춘선,백양리,105,103,208
20210501,경춘선,굴봉산,200,208,408
20210501,경춘선,가평,1412,1612,3024
20210501,경춘선,상천,266,286,552
20210501,경춘선,춘천,1303,1282,2585
20210501,경춘선,대성리,445,475,920
20210501,경춘선,천마산,1110,1101,2211
20210501,경춘선,마석,2742,2596,5338
20210501,경춘선,신내,842,854,1696
20210501,경춘선,갈매,1615,1412,3027
20210501,경춘선,별내,1809,1748,3557
20210501,경춘선,사릉,1890,1877,3767
20210501,경춘선,금곡,899,865,1764
20210501,경춘선,평내호평,3720,3671,7391
20210501,경춘선,퇴계원,2194,2036,4230
20210502,경춘선,춘천,1865,1620,3485
20210502,경춘선,남춘천,2721,3096,5817
20210502,경춘선,김유정,629,630,1259
20210502,경춘선,강촌,968,758,1726
20210502,경춘선,백양리,140,182,322
20210502,경춘선,굴봉산,396,366,762
20210502,경춘선,가평,2201,1811,4012
20210502,경춘선,상천,661,481,1142
20210502,경춘선,청평,1821,1574,3395
20210502,경춘선,대성리,765,658,1423
20210502,경춘선,천마산,1182,1130,2312
20210502,경춘선,신내,821,916,1737
20210502,경춘선,갈매,1438,1243,2681
20210502,경춘선,별내,1728,1640,3368
20210502,경춘선,마석,2987,2892,5879
20210502,경춘선,사릉,1842,1808,3650
20210502,경춘선,금곡,936,924,1860
20210502,경춘선,평내호평,3651,3535,7186
20210502,경춘선,퇴계원,2051,2011,4062
20210503,경춘선,마석,4693,4614,9307
20210503,경춘선,갈매,3184,2803,5987
20210503,경춘선,별내,3135,2893,6028
20210503,경춘선,퇴계원,3893,3506,7399
20210503,경춘선,사릉,3764,3520,7284
20210503,경춘선,금곡,1693,1620,3313
20210503,경춘선,평내호평,6858,6634,13492
20210503,경춘선,천마산,1864,1773,3637
20210503,경춘선,대성리,645,513,1158
20210503,경춘선,신내,1814,1752,3566
20210503,경춘선,상천,421,429,850
20210503,경춘선,춘천,1518,1596,3114
20210503,경춘선,남춘천,2325,2453,4778
20210503,경춘선,김유정,382,391,773
20210503,경춘선,청평,1823,1815,3638
20210503,경춘선,백양리,126,128,254
20210503,경춘선,굴봉산,213,223,436
20210503,경춘선,가평,1857,1731,3588
20210503,경춘선,강촌,625,613,1238
20210504,경춘선,마석,3646,3715,7361
20210504,경춘선,갈매,2890,2532,5422
20210504,경춘선,별내,2873,2844,5717
20210504,경춘선,퇴계원,3605,3255,6860
20210504,경춘선,사릉,3464,3307,6771
20210504,경춘선,금곡,1482,1438,2920
20210504,경춘선,평내호평,5972,5993,11965
20210504,경춘선,천마산,1575,1455,3030
20210504,경춘선,신내,1574,1565,3139
20210504,경춘선,대성리,404,383,787
20210504,경춘선,상천,178,168,346
20210504,경춘선,가평,1279,1322,2601
20210504,경춘선,굴봉산,102,109,211
20210504,경춘선,백양리,73,62,135
20210504,경춘선,강촌,342,372,714
20210504,경춘선,김유정,176,222,398
20210504,경춘선,남춘천,2105,2138,4243
20210504,경춘선,춘천,1365,1295,2660
20210504,경춘선,청평,1300,1363,2663
20210505,경춘선,가평,2026,2019,4045
20210505,경춘선,굴봉산,285,303,588
20210505,경춘선,백양리,175,168,343
20210505,경춘선,상천,482,429,911
20210505,경춘선,김유정,759,876,1635
20210505,경춘선,남춘천,2381,2312,4693
20210505,경춘선,춘천,2056,1675,3731
20210505,경춘선,강촌,887,786,1673
20210505,경춘선,청평,1708,1637,3345
20210505,경춘선,신내,1056,1080,2136
20210505,경춘선,마석,2994,2946,5940
20210505,경춘선,갈매,1749,1615,3364
20210505,경춘선,별내,2018,1980,3998
20210505,경춘선,퇴계원,2400,2242,4642
20210505,경춘선,대성리,866,712,1578
20210505,경춘선,금곡,1072,1040,2112
20210505,경춘선,평내호평,4281,4216,8497
20210505,경춘선,천마산,1320,1301,2621
20210505,경춘선,사릉,2182,2074,4256
20210506,경춘선,춘천,1694,1414,3108
20210506,경춘선,남춘천,2450,2369,4819
20210506,경춘선,김유정,413,456,869
20210506,경춘선,강촌,621,549,1170
20210506,경춘선,백양리,149,141,290
20210506,경춘선,굴봉산,201,205,406
20210506,경춘선,가평,1791,1751,3542
20210506,경춘선,청평,1705,1706,3411
20210506,경춘선,대성리,605,529,1134
20210506,경춘선,상천,380,362,742
20210506,경춘선,천마산,1866,1763,3629
20210506,경춘선,마석,4350,4260,8610
20210506,경춘선,갈매,3188,2818,6006
20210506,경춘선,별내,3128,2974,6102
20210506,경춘선,퇴계원,3835,3557,7392
20210506,경춘선,신내,1739,1766,3505
20210506,경춘선,금곡,1651,1623,3274
20210506,경춘선,평내호평,6806,6550,13356
20210506,경춘선,사릉,3621,3480,7101
20210507,경춘선,천마산,1650,1542,3192
20210507,경춘선,갈매,3090,2752,5842
20210507,경춘선,신내,1720,1736,3456
20210507,경춘선,별내,3005,2870,5875
20210507,경춘선,퇴계원,3681,3505,7186
20210507,경춘선,사릉,3519,3545,7064
20210507,경춘선,금곡,1517,1480,2997
20210507,경춘선,평내호평,6353,6728,13081
20210507,경춘선,마석,3905,3941,7846
20210507,경춘선,남춘천,3098,2993,6091
20210507,경춘선,청평,1535,1752,3287
20210507,경춘선,상천,262,249,511
20210507,경춘선,가평,1594,1765,3359
20210507,경춘선,굴봉산,143,155,298
20210507,경춘선,백양리,103,92,195
20210507,경춘선,강촌,328,380,708
20210507,경춘선,김유정,283,343,626
20210507,경춘선,춘천,1689,1391,3080
20210507,경춘선,대성리,462,463,925
20210508,경춘선,가평,1594,1888,3482
20210508,경춘선,굴봉산,220,242,462
20210508,경춘선,백양리,126,111,237
20210508,경춘선,춘천,1515,1372,2887
20210508,경춘선,김유정,443,546,989
20210508,경춘선,남춘천,2141,2287,4428
20210508,경춘선,강촌,646,669,1315
20210508,경춘선,청평,1546,1700,3246
20210508,경춘선,상천,313,313,626
20210508,경춘선,대성리,557,517,1074
20210508,경춘선,신내,972,1027,1999
20210508,경춘선,갈매,1812,1537,3349
20210508,경춘선,별내,2036,1895,3931
20210508,경춘선,퇴계원,2347,2269,4616
20210508,경춘선,마석,3238,3375,6613
20210508,경춘선,금곡,1033,954,1987
20210508,경춘선,평내호평,4069,4107,8176
20210508,경춘선,천마산,1207,1227,2434
20210508,경춘선,사릉,2072,1983,4055
20210509,경춘선,마석,2872,2620,5492
20210509,경춘선,갈매,1471,1298,2769
20210509,경춘선,별내,1734,1663,3397
20210509,경춘선,퇴계원,2094,1988,4082
20210509,경춘선,사릉,1801,1751,3552
20210509,경춘선,금곡,943,855,1798
20210509,경춘선,평내호평,3622,3535,7157
20210509,경춘선,천마산,1257,1177,2434
20210509,경춘선,대성리,685,593,1278
20210509,경춘선,신내,879,923,1802
20210509,경춘선,상천,611,421,1032
20210509,경춘선,춘천,1976,1617,3593
20210509,경춘선,남춘천,2277,2414,4691
20210509,경춘선,김유정,630,611,1241
20210509,경춘선,청평,1836,1412,3248
20210509,경춘선,백양리,177,160,337
20210509,경춘선,굴봉산,267,272,539
20210509,경춘선,가평,2132,1613,3745
20210509,경춘선,강촌,912,702,1614
20210510,경춘선,청평,1452,1383,2835
20210510,경춘선,남춘천,2049,2253,4302
20210510,경춘선,김유정,247,266,513
20210510,경춘선,강촌,388,355,743
20210510,경춘선,백양리,75,74,149
20210510,경춘선,굴봉산,114,108,222
20210510,경춘선,가평,1448,1408,2856
20210510,경춘선,상천,239,220,459
20210510,경춘선,춘천,1258,1360,2618
20210510,경춘선,대성리,462,366,828
20210510,경춘선,천마산,1687,1603,3290
20210510,경춘선,평내호평,6385,6172,12557
20210510,경춘선,금곡,1519,1419,2938
20210510,경춘선,사릉,3605,3307,6912
20210510,경춘선,퇴계원,3690,3342,7032
20210510,경춘선,별내,2975,2824,5799
20210510,경춘선,갈매,3155,2762,5917
20210510,경춘선,신내,1704,1665,3369
20210510,경춘선,마석,4041,3917,7958
20210511,경춘선,상천,363,366,729
20210511,경춘선,가평,1729,1716,3445
20210511,경춘선,굴봉산,195,212,407
20210511,경춘선,춘천,1437,1416,2853
20210511,경춘선,강촌,526,521,1047
20210511,경춘선,김유정,364,394,758
20210511,경춘선,남춘천,2178,2273,4451
20210511,경춘선,백양리,142,138,280
20210511,경춘선,청평,1698,1618,3316
20210511,경춘선,대성리,562,512,1074
20210511,경춘선,천마산,1786,1731,3517
20210511,경춘선,신내,1775,1812,3587
20210511,경춘선,갈매,3279,2925,6204
20210511,경춘선,별내,3076,2971,6047
20210511,경춘선,마석,4242,4193,8435
20210511,경춘선,사릉,3729,3496,7225
20210511,경춘선,금곡,1659,1639,3298
20210511,경춘선,평내호평,6705,6496,13201
20210511,경춘선,퇴계원,3858,3494,7352
20210512,경춘선,갈매,3291,2919,6210
20210512,경춘선,별내,3116,2974,6090
20210512,경춘선,퇴계원,3858,3531,7389
20210512,경춘선,사릉,3781,3459,7240
20210512,경춘선,금곡,1673,1649,3322
20210512,경춘선,평내호평,6587,6466,13053
20210512,경춘선,천마산,1786,1706,3492
20210512,경춘선,마석,4207,4094,8301
20210512,경춘선,대성리,603,570,1173
20210512,경춘선,신내,1840,1898,3738
20210512,경춘선,상천,356,324,680
20210512,경춘선,춘천,1504,1369,2873
20210512,경춘선,남춘천,2803,2903,5706
20210512,경춘선,김유정,349,380,729
20210512,경춘선,청평,1815,1689,3504
20210512,경춘선,백양리,102,96,198
20210512,경춘선,굴봉산,179,187,366
20210512,경춘선,가평,1709,1674,3383
20210512,경춘선,강촌,605,595,1200
20210513,경춘선,청평,1704,1715,3419
20210513,경춘선,남춘천,2328,2183,4511
20210513,경춘선,김유정,344,348,692
20210513,경춘선,강촌,543,529,1072
20210513,경춘선,백양리,101,105,206
20210513,경춘선,굴봉산,221,221,442
20210513,경춘선,가평,1719,1713,3432
20210513,경춘선,상천,341,316,657
20210513,경춘선,춘천,1576,1297,2873
20210513,경춘선,대성리,589,495,1084
20210513,경춘선,천마산,1800,1683,3483
20210513,경춘선,마석,4516,4492,9008
20210513,경춘선,신내,1806,1803,3609
20210513,경춘선,갈매,3340,2912,6252
20210513,경춘선,별내,3149,3059,6208
20210513,경춘선,사릉,3586,3417,7003
20210513,경춘선,금곡,1750,1682,3432
20210513,경춘선,평내호평,6754,6596,13350
20210513,경춘선,퇴계원,3822,3494,7316
20210514,경춘선,춘천,1906,1517,3423
20210514,경춘선,남춘천,2826,2711,5537
20210514,경춘선,김유정,405,463,868
20210514,경춘선,강촌,492,512,1004
20210514,경춘선,백양리,93,106,199
20210514,경춘선,굴봉산,175,169,344
20210514,경춘선,가평,1870,2074,3944
20210514,경춘선,상천,334,328,662
20210514,경춘선,청평,1913,1966,3879
20210514,경춘선,대성리,576,527,1103
20210514,경춘선,천마산,1834,1696,3530
20210514,경춘선,신내,1861,1836,3697
20210514,경춘선,갈매,3295,2851,6146
20210514,경춘선,별내,3341,3219,6560
20210514,경춘선,마석,4298,4344,8642
20210514,경춘선,사릉,3693,3439,7132
20210514,경춘선,금곡,1684,1591,3275
20210514,경춘선,평내호평,6824,6795,13619
20210514,경춘선,퇴계원,3886,3610,7496
20210515,경춘선,청평,1501,1591,3092
20210515,경춘선,남춘천,2278,2335,4613
20210515,경춘선,김유정,469,565,1034
20210515,경춘선,강촌,507,594,1101
20210515,경춘선,백양리,127,169,296
20210515,경춘선,굴봉산,162,179,341
20210515,경춘선,가평,1544,1726,3270
20210515,경춘선,상천,346,301,647
20210515,경춘선,대성리,519,542,1061
20210515,경춘선,춘천,1534,1356,2890
20210515,경춘선,천마산,1207,1143,2350
20210515,경춘선,신내,991,976,1967
20210515,경춘선,갈매,1876,1670,3546
20210515,경춘선,별내,2116,2069,4185
20210515,경춘선,마석,3076,3004,6080
20210515,경춘선,사릉,2195,2114,4309
20210515,경춘선,금곡,1050,966,2016
20210515,경춘선,평내호평,4219,4194,8413
20210515,경춘선,퇴계원,2498,2342,4840
20210516,경춘선,청평,1064,791,1855
20210516,경춘선,남춘천,1716,1898,3614
20210516,경춘선,김유정,209,204,413
20210516,경춘선,강촌,330,227,557
20210516,경춘선,백양리,55,43,98
20210516,경춘선,굴봉산,90,66,156
20210516,경춘선,가평,1181,861,2042
20210516,경춘선,상천,151,111,262
20210516,경춘선,춘천,1067,1005,2072
20210516,경춘선,대성리,356,262,618
20210516,경춘선,천마산,784,711,1495
20210516,경춘선,평내호평,2338,2347,4685
20210516,경춘선,금곡,633,596,1229
20210516,경춘선,사릉,1298,1254,2552
20210516,경춘선,퇴계원,1561,1432,2993
20210516,경춘선,별내,1257,1212,2469
20210516,경춘선,갈매,1086,937,2023
20210516,경춘선,신내,559,596,1155
20210516,경춘선,마석,1849,1774,3623
20210517,경춘선,천마산,1742,1637,3379
20210517,경춘선,평내호평,6361,6171,12532
20210517,경춘선,금곡,1600,1497,3097
20210517,경춘선,마석,3868,3753,7621
20210517,경춘선,퇴계원,3756,3358,7114
20210517,경춘선,별내,2941,2793,5734
20210517,경춘선,갈매,3156,2724,5880
20210517,경춘선,사릉,3620,3362,6982
20210517,경춘선,대성리,445,376,821
20210517,경춘선,신내,1664,1664,3328
20210517,경춘선,상천,240,237,477
20210517,경춘선,춘천,1206,1350,2556
20210517,경춘선,남춘천,2258,2464,4722
20210517,경춘선,김유정,220,213,433
20210517,경춘선,청평,1446,1297,2743
20210517,경춘선,백양리,80,70,150
20210517,경춘선,굴봉산,118,123,241
20210517,경춘선,가평,1422,1318,2740
20210517,경춘선,강촌,373,339,712
20210518,경춘선,춘천,1682,1567,3249
20210518,경춘선,남춘천,2418,2625,5043
20210518,경춘선,김유정,322,400,722
20210518,경춘선,강촌,542,550,1092
20210518,경춘선,백양리,116,112,228
20210518,경춘선,굴봉산,185,202,387
20210518,경춘선,가평,1726,1934,3660
20210518,경춘선,청평,1776,1964,3740
20210518,경춘선,대성리,617,566,1183
20210518,경춘선,상천,365,361,726
20210518,경춘선,천마산,1806,1739,3545
20210518,경춘선,마석,4485,4498,8983
20210518,경춘선,갈매,3348,2857,6205
20210518,경춘선,별내,3302,3139,6441
20210518,경춘선,퇴계원,3911,3571,7482
20210518,경춘선,신내,1933,1909,3842
20210518,경춘선,금곡,1781,1683,3464
20210518,경춘선,평내호평,6752,6625,13377
20210518,경춘선,사릉,3710,3480,7190
20210519,경춘선,천마산,1487,1476,2963
20210519,경춘선,신내,1130,1138,2268
20210519,경춘선,갈매,1857,1665,3522
20210519,경춘선,별내,2188,2110,4298
20210519,경춘선,퇴계원,2615,2408,5023
20210519,경춘선,사릉,2436,2419,4855
20210519,경춘선,금곡,1122,1095,2217
20210519,경춘선,평내호평,4547,4464,9011
20210519,경춘선,마석,3283,3291,6574
20210519,경춘선,김유정,829,904,1733
20210519,경춘선,청평,1984,1859,3843
20210519,경춘선,대성리,989,822,1811
20210519,경춘선,남춘천,2595,2727,5322
20210519,경춘선,강촌,1054,918,1972
20210519,경춘선,춘천,2497,1962,4459
20210519,경춘선,굴봉산,262,274,536
20210519,경춘선,가평,2389,2306,4695
20210519,경춘선,상천,558,428,986
20210519,경춘선,백양리,214,187,401
20210520,경춘선,마석,3849,3740,7589
20210520,경춘선,신내,1669,1696,3365
20210520,경춘선,갈매,3115,2694,5809
20210520,경춘선,별내,3080,2895,5975
20210520,경춘선,퇴계원,3620,3380,7000
20210520,경춘선,사릉,3546,3339,6885
20210520,경춘선,금곡,1525,1529,3054
20210520,경춘선,평내호평,6222,6204,12426
20210520,경춘선,대성리,460,389,849
20210520,경춘선,천마산,1708,1554,3262
20210520,경춘선,상천,256,234,490
20210520,경춘선,남춘천,2196,2134,4330
20210520,경춘선,김유정,259,265,524
20210520,경춘선,강촌,441,414,855
20210520,경춘선,춘천,1369,1211,2580
20210520,경춘선,굴봉산,120,120,240
20210520,경춘선,가평,1478,1453,2931
20210520,경춘선,청평,1491,1528,3019
20210520,경춘선,백양리,61,64,125
20210521,경춘선,마석,3989,3992,7981
20210521,경춘선,갈매,3237,2835,6072
20210521,경춘선,별내,3106,3021,6127
20210521,경춘선,퇴계원,3797,3409,7206
20210521,경춘선,사릉,3521,3439,6960
20210521,경춘선,금곡,1611,1570,3181
20210521,경춘선,평내호평,6456,6375,12831
20210521,경춘선,천마산,1692,1632,3324
20210521,경춘선,대성리,499,452,951
20210521,경춘선,신내,1715,1701,3416
20210521,경춘선,상천,252,250,502
20210521,경춘선,춘천,1652,1341,2993
20210521,경춘선,남춘천,2516,2452,4968
20210521,경춘선,김유정,259,310,569
20210521,경춘선,청평,1520,1743,3263
20210521,경춘선,백양리,73,84,157
20210521,경춘선,굴봉산,121,109,230
20210521,경춘선,가평,1618,1764,3382
20210521,경춘선,강촌,427,432,859
20210522,경춘선,마석,3301,3250,6551
20210522,경춘선,갈매,1951,1739,3690
20210522,경춘선,별내,2352,2298,4650
20210522,경춘선,퇴계원,2817,2558,5375
20210522,경춘선,사릉,2449,2394,4843
20210522,경춘선,금곡,1209,1131,2340
20210522,경춘선,평내호평,4846,4769,9615
20210522,경춘선,천마산,1460,1477,2937
20210522,경춘선,신내,1243,1192,2435
20210522,경춘선,대성리,790,765,1555
20210522,경춘선,상천,475,393,868
20210522,경춘선,가평,1966,2378,4344
20210522,경춘선,굴봉산,253,285,538
20210522,경춘선,백양리,170,171,341
20210522,경춘선,강촌,817,846,1663
20210522,경춘선,김유정,680,704,1384
20210522,경춘선,남춘천,3178,3452,6630
20210522,경춘선,춘천,2054,1875,3929
20210522,경춘선,청평,1869,2053,3922
20210523,경춘선,가평,2150,1736,3886
20210523,경춘선,굴봉산,321,258,579
20210523,경춘선,백양리,132,151,283
20210523,경춘선,상천,530,391,921
20210523,경춘선,김유정,542,608,1150
20210523,경춘선,남춘천,2298,2465,4763
20210523,경춘선,춘천,1800,1542,3342
20210523,경춘선,강촌,955,770,1725
20210523,경춘선,청평,1846,1456,3302
20210523,경춘선,별내,1863,1720,3583
20210523,경춘선,마석,3080,2994,6074
20210523,경춘선,갈매,1557,1346,2903
20210523,경춘선,대성리,782,578,1360
20210523,경춘선,퇴계원,2181,2084,4265
20210523,경춘선,신내,862,866,1728
20210523,경춘선,금곡,960,938,1898
20210523,경춘선,평내호평,3519,3447,6966
20210523,경춘선,천마산,1241,1291,2532
20210523,경춘선,사릉,1785,1759,3544
20210524,경춘선,별내,3161,3048,6209
20210524,경춘선,대성리,591,457,1048
20210524,경춘선,마석,4141,3982,8123
20210524,경춘선,천마산,1818,1697,3515
20210524,경춘선,평내호평,6754,6530,13284
20210524,경춘선,금곡,1656,1554,3210
20210524,경춘선,사릉,3778,3561,7339
20210524,경춘선,퇴계원,3778,3445,7223
20210524,경춘선,갈매,3251,2848,6099
20210524,경춘선,신내,1775,1777,3552
20210524,경춘선,상천,297,292,589
20210524,경춘선,남춘천,2160,2460,4620
20210524,경춘선,김유정,302,306,608
20210524,경춘선,강촌,409,351,760
20210524,경춘선,춘천,1390,1432,2822
20210524,경춘선,굴봉산,154,143,297
20210524,경춘선,청평,1630,1531,3161
20210524,경춘선,가평,1756,1670,3426
20210524,경춘선,백양리,103,101,204
20210525,경춘선,청평,1444,1433,2877
20210525,경춘선,남춘천,1914,1919,3833
20210525,경춘선,김유정,245,270,515
20210525,경춘선,강촌,393,377,770
20210525,경춘선,백양리,65,74,139
20210525,경춘선,굴봉산,103,104,207
20210525,경춘선,가평,1350,1332,2682
20210525,경춘선,상천,219,233,452
20210525,경춘선,대성리,413,358,771
20210525,경춘선,춘천,1204,1140,2344
20210525,경춘선,천마산,1717,1581,3298
20210525,경춘선,퇴계원,3665,3408,7073
20210525,경춘선,신내,1711,1756,3467
20210525,경춘선,갈매,3217,2816,6033
20210525,경춘선,마석,3927,3820,7747
20210525,경춘선,사릉,3577,3374,6951
20210525,경춘선,금곡,1565,1581,3146
20210525,경춘선,평내호평,6215,6177,12392
20210525,경춘선,별내,3004,2870,5874
20210526,경춘선,청평,1662,1616,3278
20210526,경춘선,남춘천,2143,2181,4324
20210526,경춘선,김유정,301,352,653
20210526,경춘선,강촌,561,524,1085
20210526,경춘선,백양리,79,80,159
20210526,경춘선,굴봉산,185,185,370
20210526,경춘선,가평,1644,1671,3315
20210526,경춘선,상천,335,318,653
20210526,경춘선,대성리,543,470,1013
20210526,경춘선,춘천,1442,1320,2762
20210526,경춘선,천마산,1806,1721,3527
20210526,경춘선,신내,1781,1820,3601
20210526,경춘선,갈매,3271,2838,6109
20210526,경춘선,별내,3176,2954,6130
20210526,경춘선,마석,4215,4021,8236
20210526,경춘선,사릉,3632,3427,7059
20210526,경춘선,금곡,1700,1615,3315
20210526,경춘선,평내호평,6470,6291,12761
20210526,경춘선,퇴계원,3841,3564,7405
20210527,경춘선,청평,1312,1281,2593
20210527,경춘선,남춘천,2162,2086,4248
20210527,경춘선,김유정,190,207,397
20210527,경춘선,강촌,373,354,727
20210527,경춘선,백양리,63,48,111
20210527,경춘선,굴봉산,99,109,208
20210527,경춘선,가평,1298,1330,2628
20210527,경춘선,상천,209,177,386
20210527,경춘선,춘천,1239,1053,2292
20210527,경춘선,대성리,404,337,741
20210527,경춘선,천마산,1556,1475,3031
20210527,경춘선,평내호평,5956,5855,11811
20210527,경춘선,금곡,1494,1444,2938
20210527,경춘선,사릉,3359,3282,6641
20210527,경춘선,퇴계원,3577,3287,6864
20210527,경춘선,별내,2965,2808,5773
20210527,경춘선,갈매,3230,2701,5931
20210527,경춘선,신내,1746,1780,3526
20210527,경춘선,마석,3780,3686,7466
20210528,경춘선,천마산,1652,1551,3203
20210528,경춘선,평내호평,6144,6216,12360
20210528,경춘선,금곡,1527,1510,3037
20210528,경춘선,마석,3945,3960,7905
20210528,경춘선,퇴계원,3564,3358,6922
20210528,경춘선,별내,3043,2897,5940
20210528,경춘선,갈매,3149,2664,5813
20210528,경춘선,사릉,3445,3305,6750
20210528,경춘선,대성리,385,354,739
20210528,경춘선,신내,1655,1688,3343
20210528,경춘선,상천,169,185,354
20210528,경춘선,춘천,1395,1115,2510
20210528,경춘선,남춘천,2399,2284,4683
20210528,경춘선,김유정,194,238,432
20210528,경춘선,청평,1377,1597,2974
20210528,경춘선,백양리,62,85,147
20210528,경춘선,굴봉산,98,119,217
20210528,경춘선,가평,1337,1502,2839
20210528,경춘선,강촌,364,374,738
20210529,경춘선,상천,478,447,925
20210529,경춘선,춘천,1841,1568,3409
20210529,경춘선,남춘천,2426,2836,5262
20210529,경춘선,김유정,533,627,1160
20210529,경춘선,강촌,692,741,1433
20210529,경춘선,백양리,207,179,386
20210529,경춘선,굴봉산,204,230,434
20210529,경춘선,가평,1775,2145,3920
20210529,경춘선,청평,1665,1814,3479
20210529,경춘선,별내,2261,2160,4421
20210529,경춘선,마석,3080,3035,6115
20210529,경춘선,갈매,1839,1602,3441
20210529,경춘선,대성리,629,634,1263
20210529,경춘선,퇴계원,2491,2283,4774
20210529,경춘선,신내,1087,1099,2186
20210529,경춘선,금곡,1045,967,2012
20210529,경춘선,평내호평,4226,4272,8498
20210529,경춘선,천마산,1266,1259,2525
20210529,경춘선,사릉,2220,2203,4423
20210530,경춘선,천마산,1145,1118,2263
20210530,경춘선,신내,898,828,1726
20210530,경춘선,갈매,1492,1329,2821
20210530,경춘선,별내,1729,1695,3424
20210530,경춘선,퇴계원,2097,1929,4026
20210530,경춘선,사릉,1766,1703,3469
20210530,경춘선,금곡,893,869,1762
20210530,경춘선,평내호평,3358,3176,6534
20210530,경춘선,마석,2546,2433,4979
20210530,경춘선,대성리,803,512,1315
20210530,경춘선,청평,1798,1430,3228
20210530,경춘선,남춘천,2083,2187,4270
20210530,경춘선,김유정,530,522,1052
20210530,경춘선,강촌,724,610,1334
20210530,경춘선,춘천,1690,1482,3172
20210530,경춘선,굴봉산,266,261,527
20210530,경춘선,가평,2085,1660,3745
20210530,경춘선,상천,447,346,793
20210530,경춘선,백양리,126,128,254
20210531,경춘선,마석,4013,3795,7808
20210531,경춘선,갈매,3199,2765,5964
20210531,경춘선,별내,3064,2925,5989
20210531,경춘선,퇴계원,3696,3378,7074
20210531,경춘선,사릉,3630,3381,7011
20210531,경춘선,금곡,1621,1542,3163
20210531,경춘선,평내호평,6361,6060,12421
20210531,경춘선,천마산,1775,1635,3410
20210531,경춘선,대성리,468,441,909
20210531,경춘선,신내,1736,1734,3470
20210531,경춘선,상천,263,239,502
20210531,경춘선,춘천,1291,1330,2621
20210531,경춘선,남춘천,1980,2203,4183
20210531,경춘선,김유정,226,236,462
20210531,경춘선,청평,1505,1380,2885
20210531,경춘선,백양리,67,68,135
20210531,경춘선,굴봉산,129,125,254
20210531,경춘선,가평,1654,1471,3125
20210531,경춘선,강촌,394,384,778
20210601,경춘선,청평,1489,1475,2964
20210601,경춘선,남춘천,2033,2035,4068
20210601,경춘선,김유정,232,244,476
20210601,경춘선,강촌,427,429,856
20210601,경춘선,백양리,71,62,133
20210601,경춘선,굴봉산,119,134,253
20210601,경춘선,가평,1411,1468,2879
20210601,경춘선,상천,271,276,547
20210601,경춘선,대성리,449,412,861
20210601,경춘선,춘천,1258,1208,2466
20210601,경춘선,천마산,1699,1579,3278
20210601,경춘선,신내,1725,1761,3486
20210601,경춘선,갈매,3217,2748,5965
20210601,경춘선,별내,3105,2896,6001
20210601,경춘선,마석,3891,3821,7712
20210601,경춘선,사릉,3552,3400,6952
20210601,경춘선,금곡,1627,1552,3179
20210601,경춘선,평내호평,6343,6264,12607
20210601,경춘선,퇴계원,3641,3334,6975
20210602,경춘선,청평,1584,1522,3106
20210602,경춘선,남춘천,2551,2601,5152
20210602,경춘선,김유정,314,316,630
20210602,경춘선,강촌,456,471,927
20210602,경춘선,백양리,97,82,179
20210602,경춘선,굴봉산,169,169,338
20210602,경춘선,가평,1560,1451,3011
20210602,경춘선,상천,322,310,632
20210602,경춘선,춘천,1322,1213,2535
20210602,경춘선,마석,3987,3906,7893
20210602,경춘선,천마산,1734,1620,3354
20210602,경춘선,평내호평,6471,6385,12856
20210602,경춘선,금곡,1566,1525,3091
20210602,경춘선,사릉,3631,3388,7019
20210602,경춘선,퇴계원,3854,3509,7363
20210602,경춘선,별내,3081,2950,6031
20210602,경춘선,갈매,3179,2827,6006
20210602,경춘선,신내,1815,1815,3630
20210602,경춘선,대성리,529,466,995
20210603,경춘선,가평,1234,1294,2528
20210603,경춘선,굴봉산,110,107,217
20210603,경춘선,백양리,51,57,108
20210603,경춘선,상천,210,202,412
20210603,경춘선,김유정,223,233,456
20210603,경춘선,남춘천,1888,1797,3685
20210603,경춘선,강촌,349,355,704
20210603,경춘선,청평,1308,1306,2614
20210603,경춘선,춘천,1181,1043,2224
20210603,경춘선,대성리,395,361,756
20210603,경춘선,신내,1660,1712,3372
20210603,경춘선,갈매,3065,2636,5701
20210603,경춘선,별내,2914,2773,5687
20210603,경춘선,퇴계원,3499,3286,6785
20210603,경춘선,마석,3904,3868,7772
20210603,경춘선,금곡,1472,1398,2870
20210603,경춘선,평내호평,5945,5873,11818
20210603,경춘선,천마산,1591,1434,3025
20210603,경춘선,사릉,3396,3243,6639
20210604,경춘선,남춘천,2412,2463,4875
20210604,경춘선,김유정,304,324,628
20210604,경춘선,강촌,462,511,973
20210604,경춘선,백양리,69,82,151
20210604,경춘선,굴봉산,152,171,323
20210604,경춘선,가평,1715,1955,3670
20210604,경춘선,상천,269,286,555
20210604,경춘선,청평,1549,1749,3298
20210604,경춘선,대성리,546,527,1073
20210604,경춘선,춘천,1475,1265,2740
20210604,경춘선,천마산,1847,1713,3560
20210604,경춘선,신내,1774,1785,3559
20210604,경춘선,갈매,3241,2847,6088
20210604,경춘선,별내,3261,3111,6372
20210604,경춘선,마석,4151,4090,8241
20210604,경춘선,사릉,3708,3458,7166
20210604,경춘선,금곡,1638,1551,3189
20210604,경춘선,평내호평,6478,6595,13073
20210604,경춘선,퇴계원,3740,3490,7230
20210605,경춘선,청평,1672,1947,3619
20210605,경춘선,남춘천,2419,2564,4983
20210605,경춘선,김유정,569,708,1277
20210605,경춘선,강촌,872,892,1764
20210605,경춘선,백양리,140,181,321
20210605,경춘선,굴봉산,210,274,484
20210605,경춘선,가평,2292,2377,4669
20210605,경춘선,상천,470,429,899
20210605,경춘선,춘천,1972,1663,3635
20210605,경춘선,대성리,675,790,1465
20210605,경춘선,천마산,1378,1469,2847
20210605,경춘선,마석,3208,3287,6495
20210605,경춘선,신내,1127,1123,2250
20210605,경춘선,갈매,1996,1766,3762
20210605,경춘선,별내,2369,2288,4657
20210605,경춘선,사릉,2374,2287,4661
20210605,경춘선,금곡,1195,1070,2265
20210605,경춘선,평내호평,4847,4698,9545
20210605,경춘선,퇴계원,2677,2466,5143
20210606,경춘선,춘천,1771,1448,3219
20210606,경춘선,남춘천,2061,2180,4241
20210606,경춘선,김유정,436,484,920
20210606,경춘선,강촌,762,636,1398
20210606,경춘선,백양리,145,129,274
20210606,경춘선,굴봉산,271,228,499
20210606,경춘선,가평,2165,1643,3808
20210606,경춘선,상천,566,433,999
20210606,경춘선,청평,1751,1516,3267
20210606,경춘선,마석,2505,2460,4965
20210606,경춘선,천마산,1210,1108,2318
20210606,경춘선,신내,847,837,1684
20210606,경춘선,갈매,1355,1201,2556
20210606,경춘선,별내,1673,1556,3229
20210606,경춘선,대성리,764,591,1355
20210606,경춘선,사릉,1725,1744,3469
20210606,경춘선,금곡,876,849,1725
20210606,경춘선,평내호평,3399,3250,6649
20210606,경춘선,퇴계원,1971,1863,3834
20210607,경춘선,마석,4047,3884,7931
20210607,경춘선,갈매,3172,2731,5903
20210607,경춘선,별내,3128,2973,6101
20210607,경춘선,퇴계원,3761,3412,7173
20210607,경춘선,사릉,3629,3333,6962
20210607,경춘선,금곡,1566,1517,3083
20210607,경춘선,평내호평,6519,6340,12859
20210607,경춘선,천마산,1816,1639,3455
20210607,경춘선,대성리,517,475,992
20210607,경춘선,신내,1678,1678,3356
20210607,경춘선,상천,289,265,554
20210607,경춘선,춘천,1353,1311,2664
20210607,경춘선,남춘천,2726,2887,5613
20210607,경춘선,김유정,262,273,535
20210607,경춘선,청평,1646,1518,3164
20210607,경춘선,백양리,79,82,161
20210607,경춘선,굴봉산,167,171,338
20210607,경춘선,가평,1531,1525,3056
20210607,경춘선,강촌,430,402,832
20210608,경춘선,청평,1549,1478,3027
20210608,경춘선,남춘천,2303,2323,4626
20210608,경춘선,김유정,241,261,502
20210608,경춘선,강촌,416,421,837
20210608,경춘선,백양리,79,61,140
20210608,경춘선,굴봉산,130,119,249
20210608,경춘선,가평,1601,1530,3131
20210608,경춘선,상천,275,285,560
20210608,경춘선,춘천,1164,1125,2289
20210608,경춘선,대성리,475,439,914
20210608,경춘선,천마산,1761,1627,3388
20210608,경춘선,평내호평,6535,6447,12982
20210608,경춘선,금곡,1666,1602,3268
20210608,경춘선,사릉,3629,3477,7106
20210608,경춘선,퇴계원,3700,3418,7118
20210608,경춘선,별내,3246,3057,6303
20210608,경춘선,갈매,3254,2869,6123
20210608,경춘선,신내,1807,1817,3624
20210608,경춘선,마석,4275,4325,8600
20210609,경춘선,상천,306,276,582
20210609,경춘선,가평,1538,1542,3080
20210609,경춘선,굴봉산,174,165,339
20210609,경춘선,춘천,1299,1224,2523
20210609,경춘선,강촌,448,450,898
20210609,경춘선,김유정,311,341,652
20210609,경춘선,남춘천,2190,2347,4537
20210609,경춘선,백양리,76,98,174
20210609,경춘선,청평,1480,1412,2892
20210609,경춘선,대성리,546,432,978
20210609,경춘선,천마산,1711,1600,3311
20210609,경춘선,신내,1782,1802,3584
20210609,경춘선,갈매,3247,2777,6024
20210609,경춘선,별내,3020,2829,5849
20210609,경춘선,마석,3920,3833,7753
20210609,경춘선,사릉,3552,3378,6930
20210609,경춘선,금곡,1574,1476,3050
20210609,경춘선,평내호평,6324,6127,12451
20210609,경춘선,퇴계원,3686,3399,7085
20210610,경춘선,천마산,1732,1607,3339
20210610,경춘선,신내,1722,1780,3502
20210610,경춘선,갈매,3244,2771,6015
20210610,경춘선,별내,3123,2944,6067
20210610,경춘선,퇴계원,3753,3484,7237
20210610,경춘선,사릉,3580,3473,7053
20210610,경춘선,금곡,1564,1485,3049
20210610,경춘선,평내호평,6262,6341,12603
20210610,경춘선,마석,4071,3872,7943
20210610,경춘선,대성리,534,451,985
20210610,경춘선,청평,1522,1517,3039
20210610,경춘선,남춘천,2633,2510,5143
20210610,경춘선,김유정,230,289,519
20210610,경춘선,강촌,520,441,961
20210610,경춘선,춘천,1654,1407,3061
20210610,경춘선,굴봉산,138,138,276
20210610,경춘선,가평,1578,1518,3096
20210610,경춘선,상천,304,282,586
20210610,경춘선,백양리,81,92,173
20210611,경춘선,마석,3946,3941,7887
20210611,경춘선,갈매,3195,2806,6001
20210611,경춘선,별내,3113,2952,6065
20210611,경춘선,퇴계원,3602,3382,6984
20210611,경춘선,사릉,3422,3356,6778
20210611,경춘선,금곡,1482,1453,2935
20210611,경춘선,평내호평,6201,6196,12397
20210611,경춘선,천마산,1721,1621,3342
20210611,경춘선,대성리,409,374,783
20210611,경춘선,신내,1616,1619,3235
20210611,경춘선,상천,210,221,431
20210611,경춘선,춘천,1353,1203,2556
20210611,경춘선,남춘천,2536,2389,4925
20210611,경춘선,김유정,228,262,490
20210611,경춘선,청평,1448,1600,3048
20210611,경춘선,백양리,66,78,144
20210611,경춘선,굴봉산,106,101,207
20210611,경춘선,가평,1405,1656,3061
20210611,경춘선,강촌,388,410,798
20210612,경춘선,청평,1758,1931,3689
20210612,경춘선,남춘천,2891,3012,5903
20210612,경춘선,김유정,496,638,1134
20210612,경춘선,강촌,719,801,1520
20210612,경춘선,백양리,150,178,328
20210612,경춘선,굴봉산,234,270,504
20210612,경춘선,가평,1847,2279,4126
20210612,경춘선,상천,426,340,766
20210612,경춘선,대성리,611,753,1364
20210612,경춘선,춘천,1690,1514,3204
20210612,경춘선,천마산,1350,1347,2697
20210612,경춘선,신내,1135,1109,2244
20210612,경춘선,갈매,1901,1672,3573
20210612,경춘선,별내,2255,2210,4465
20210612,경춘선,마석,3095,3113,6208
20210612,경춘선,사릉,2288,2248,4536
20210612,경춘선,금곡,1164,1064,2228
20210612,경춘선,평내호평,4475,4333,8808
20210612,경춘선,퇴계원,2510,2383,4893
20210613,경춘선,청평,1702,1305,3007
20210613,경춘선,남춘천,1988,2055,4043
20210613,경춘선,김유정,455,445,900
20210613,경춘선,강촌,844,680,1524
20210613,경춘선,백양리,153,124,277
20210613,경춘선,굴봉산,245,223,468
20210613,경춘선,가평,2051,1610,3661
20210613,경춘선,상천,498,406,904
20210613,경춘선,춘천,1577,1343,2920
20210613,경춘선,대성리,687,499,1186
20210613,경춘선,천마산,1101,1051,2152
20210613,경춘선,평내호평,3157,3092,6249
20210613,경춘선,금곡,859,854,1713
20210613,경춘선,사릉,1615,1662,3277
20210613,경춘선,퇴계원,2022,1891,3913
20210613,경춘선,별내,1609,1579,3188
20210613,경춘선,갈매,1355,1238,2593
20210613,경춘선,신내,865,890,1755
20210613,경춘선,마석,2824,2743,5567
20210614,경춘선,천마산,1749,1599,3348
20210614,경춘선,평내호평,6408,6194,12602
20210614,경춘선,금곡,1550,1482,3032
20210614,경춘선,마석,4038,3895,7933
20210614,경춘선,퇴계원,3595,3288,6883
20210614,경춘선,별내,3011,2905,5916
20210614,경춘선,갈매,3039,2695,5734
20210614,경춘선,사릉,3547,3423,6970
20210614,경춘선,대성리,528,466,994
20210614,경춘선,신내,1795,1701,3496
20210614,경춘선,상천,299,294,593
20210614,경춘선,남춘천,2109,2243,4352
20210614,경춘선,춘천,1577,1523,3100
20210614,경춘선,김유정,269,269,538
20210614,경춘선,청평,1711,1627,3338
20210614,경춘선,백양리,65,73,138
20210614,경춘선,굴봉산,150,151,301
20210614,경춘선,가평,1589,1616,3205
20210614,경춘선,강촌,493,424,917
20210615,경춘선,갈매,3108,2767,5875
20210615,경춘선,별내,3050,2880,5930
20210615,경춘선,퇴계원,3602,3366,6968
20210615,경춘선,사릉,3587,3401,6988
20210615,경춘선,금곡,1566,1549,3115
20210615,경춘선,평내호평,6131,6120,12251
20210615,경춘선,천마산,1655,1597,3252
20210615,경춘선,마석,3918,3853,7771
20210615,경춘선,대성리,410,378,788
20210615,경춘선,신내,1710,1759,3469
20210615,경춘선,상천,241,220,461
20210615,경춘선,춘천,1620,1564,3184
20210615,경춘선,남춘천,2025,2142,4167
20210615,경춘선,김유정,273,287,560
20210615,경춘선,청평,1457,1391,2848
20210615,경춘선,백양리,59,58,117
20210615,경춘선,굴봉산,128,153,281
20210615,경춘선,가평,1524,1515,3039
20210615,경춘선,강촌,476,416,892
20210616,경춘선,청평,1683,1685,3368
20210616,경춘선,남춘천,2342,2393,4735
20210616,경춘선,김유정,291,320,611
20210616,경춘선,강촌,609,651,1260
20210616,경춘선,백양리,97,110,207
20210616,경춘선,굴봉산,149,129,278
20210616,경춘선,가평,1744,1779,3523
20210616,경춘선,상천,294,277,571
20210616,경춘선,춘천,1698,1502,3200
20210616,경춘선,대성리,572,504,1076
20210616,경춘선,천마산,1739,1636,3375
20210616,경춘선,마석,4121,3996,8117
20210616,경춘선,신내,1744,1800,3544
20210616,경춘선,갈매,3283,2863,6146
20210616,경춘선,별내,3142,3042,6184
20210616,경춘선,사릉,3651,3480,7131
20210616,경춘선,금곡,1591,1554,3145
20210616,경춘선,평내호평,6404,6347,12751
20210616,경춘선,퇴계원,3763,3467,7230
20210617,경춘선,신내,1747,1798,3545
20210617,경춘선,갈매,3216,2760,5976
20210617,경춘선,별내,3145,3001,6146
20210617,경춘선,퇴계원,3759,3481,7240
20210617,경춘선,사릉,3586,3385,6971
20210617,경춘선,금곡,1610,1598,3208
20210617,경춘선,평내호평,6471,6372,12843
20210617,경춘선,천마산,1672,1647,3319
20210617,경춘선,마석,4081,3896,7977
20210617,경춘선,대성리,559,472,1031
20210617,경춘선,상천,308,275,583
20210617,경춘선,춘천,1475,1300,2775
20210617,경춘선,남춘천,3209,3026,6235
20210617,경춘선,김유정,317,357,674
20210617,경춘선,청평,1656,1618,3274
20210617,경춘선,백양리,93,90,183
20210617,경춘선,굴봉산,184,191,375
20210617,경춘선,가평,1843,1907,3750
20210617,경춘선,강촌,541,507,1048
20210618,경춘선,청평,1459,1631,3090
20210618,경춘선,춘천,1470,1265,2735
20210618,경춘선,김유정,230,254,484
20210618,경춘선,강촌,413,471,884
20210618,경춘선,백양리,54,79,133
20210618,경춘선,굴봉산,92,87,179
20210618,경춘선,가평,1655,1871,3526
20210618,경춘선,상천,214,220,434
20210618,경춘선,대성리,478,436,914
20210618,경춘선,남춘천,2540,2583,5123
20210618,경춘선,천마산,1681,1508,3189
20210618,경춘선,신내,1589,1642,3231
20210618,경춘선,갈매,3053,2685,5738
20210618,경춘선,별내,3117,2998,6115
20210618,경춘선,마석,3894,4007,7901
20210618,경춘선,사릉,3427,3290,6717
20210618,경춘선,금곡,1515,1456,2971
20210618,경춘선,평내호평,6109,6329,12438
20210618,경춘선,퇴계원,3547,3316,6863
20210619,경춘선,마석,3239,3169,6408
20210619,경춘선,갈매,1977,1655,3632
20210619,경춘선,별내,2296,2199,4495
20210619,경춘선,퇴계원,2704,2512,5216
20210619,경춘선,사릉,2399,2405,4804
20210619,경춘선,금곡,1147,1074,2221
20210619,경춘선,평내호평,4508,4500,9008
20210619,경춘선,천마산,1417,1402,2819
20210619,경춘선,신내,1120,1078,2198
20210619,경춘선,대성리,738,785,1523
20210619,경춘선,상천,467,373,840
20210619,경춘선,가평,2070,2791,4861
20210619,경춘선,굴봉산,217,238,455
20210619,경춘선,백양리,151,173,324
20210619,경춘선,강촌,752,832,1584
20210619,경춘선,김유정,632,729,1361
20210619,경춘선,남춘천,2535,2734,5269
20210619,경춘선,춘천,1993,1748,3741
20210619,경춘선,청평,1755,2019,3774
20210620,경춘선,천마산,1156,1120,2276
20210620,경춘선,평내호평,3317,3284,6601
20210620,경춘선,금곡,969,944,1913
20210620,경춘선,마석,2576,2408,4984
20210620,경춘선,퇴계원,2093,2058,4151
20210620,경춘선,별내,1749,1627,3376
20210620,경춘선,갈매,1410,1320,2730
20210620,경춘선,사릉,1727,1772,3499
20210620,경춘선,대성리,765,578,1343
20210620,경춘선,신내,814,886,1700
20210620,경춘선,상천,514,355,869
20210620,경춘선,춘천,1870,1300,3170
20210620,경춘선,남춘천,2286,2300,4586
20210620,경춘선,김유정,530,551,1081
20210620,경춘선,청평,1869,1622,3491
20210620,경춘선,백양리,161,110,271
20210620,경춘선,굴봉산,334,292,626
20210620,경춘선,가평,2557,2056,4613
20210620,경춘선,강촌,784,696,1480
20210621,경춘선,춘천,1485,1324,2809
20210621,경춘선,남춘천,2205,2291,4496
20210621,경춘선,김유정,300,323,623
20210621,경춘선,강촌,402,400,802
20210621,경춘선,백양리,72,72,144
20210621,경춘선,굴봉산,143,145,288
20210621,경춘선,가평,1834,2053,3887
20210621,경춘선,청평,1928,1833,3761
20210621,경춘선,대성리,540,524,1064
20210621,경춘선,상천,307,280,587
20210621,경춘선,천마산,1768,1655,3423
20210621,경춘선,마석,4166,4022,8188
20210621,경춘선,갈매,3190,2821,6011
20210621,경춘선,별내,3197,3037,6234
20210621,경춘선,퇴계원,3723,3434,7157
20210621,경춘선,신내,1732,1723,3455
20210621,경춘선,금곡,1613,1546,3159
20210621,경춘선,평내호평,6490,6241,12731
20210621,경춘선,사릉,3519,3309,6828
20210622,경춘선,상천,297,273,570
20210622,경춘선,남춘천,2644,2699,5343
20210622,경춘선,춘천,1284,1201,2485
20210622,경춘선,김유정,326,340,666
20210622,경춘선,강촌,370,397,767
20210622,경춘선,백양리,81,77,158
20210622,경춘선,굴봉산,151,143,294
20210622,경춘선,가평,2079,2110,4189
20210622,경춘선,청평,1755,1682,3437
20210622,경춘선,갈매,3282,2758,6040
20210622,경춘선,마석,4034,3928,7962
20210622,경춘선,천마산,1663,1613,3276
20210622,경춘선,평내호평,6432,6261,12693
20210622,경춘선,금곡,1603,1543,3146
20210622,경춘선,사릉,3488,3335,6823
20210622,경춘선,퇴계원,3722,3396,7118
20210622,경춘선,별내,3166,3063,6229
20210622,경춘선,신내,1770,1802,3572
20210622,경춘선,대성리,565,519,1084
20210623,경춘선,가평,1998,1926,3924
20210623,경춘선,굴봉산,175,152,327
20210623,경춘선,백양리,86,107,193
20210623,경춘선,춘천,1225,1166,2391
20210623,경춘선,김유정,326,361,687
20210623,경춘선,남춘천,2068,2076,4144
20210623,경춘선,강촌,378,387,765
20210623,경춘선,청평,1773,1670,3443
20210623,경춘선,상천,283,245,528
20210623,경춘선,대성리,575,556,1131
20210623,경춘선,신내,1753,1742,3495
20210623,경춘선,갈매,3203,2785,5988
20210623,경춘선,별내,3081,2912,5993
20210623,경춘선,퇴계원,3731,3474,7205
20210623,경춘선,마석,4213,4155,8368
20210623,경춘선,금곡,1580,1499,3079
20210623,경춘선,평내호평,6164,6132,12296
20210623,경춘선,천마산,1685,1553,3238
20210623,경춘선,사릉,3405,3264,6669
20210624,경춘선,청평,1747,1722,3469
20210624,경춘선,남춘천,2231,2264,4495
20210624,경춘선,김유정,333,351,684
20210624,경춘선,강촌,395,423,818
20210624,경춘선,백양리,95,103,198
20210624,경춘선,굴봉산,146,156,302
20210624,경춘선,가평,2112,2167,4279
20210624,경춘선,상천,302,278,580
20210624,경춘선,대성리,631,595,1226
20210624,경춘선,춘천,1251,1139,2390
20210624,경춘선,천마산,1728,1631,3359
20210624,경춘선,신내,1745,1725,3470
20210624,경춘선,갈매,3250,2800,6050
20210624,경춘선,별내,3192,3045,6237
20210624,경춘선,마석,3934,3894,7828
20210624,경춘선,사릉,3442,3296,6738
20210624,경춘선,금곡,1580,1524,3104
20210624,경춘선,평내호평,6402,6189,12591
20210624,경춘선,퇴계원,3763,3464,7227
20210625,경춘선,마석,4202,4287,8489
20210625,경춘선,갈매,3314,2863,6177
20210625,경춘선,별내,3272,3124,6396
20210625,경춘선,퇴계원,3837,3572,7409
20210625,경춘선,사릉,3464,3405,6869
20210625,경춘선,금곡,1660,1605,3265
20210625,경춘선,평내호평,6476,6543,13019
20210625,경춘선,천마산,1816,1726,3542
20210625,경춘선,신내,1761,1749,3510
20210625,경춘선,대성리,676,588,1264
20210625,경춘선,상천,305,281,586
20210625,경춘선,가평,2337,2254,4591
20210625,경춘선,굴봉산,140,146,286
20210625,경춘선,백양리,116,110,226
20210625,경춘선,강촌,387,449,836
20210625,경춘선,김유정,348,430,778
20210625,경춘선,남춘천,2638,2754,5392
20210625,경춘선,춘천,1584,1340,2924
20210625,경춘선,청평,1934,2001,3935
20210626,경춘선,상천,274,296,570
20210626,경춘선,가평,1854,2267,4121
20210626,경춘선,굴봉산,168,217,385
20210626,경춘선,춘천,1390,1327,2717
20210626,경춘선,강촌,516,632,1148
20210626,경춘선,김유정,418,538,956
20210626,경춘선,남춘천,2106,2262,4368
20210626,경춘선,백양리,100,95,195
20210626,경춘선,청평,1633,1871,3504
20210626,경춘선,대성리,599,593,1192
20210626,경춘선,천마산,1286,1271,2557
20210626,경춘선,신내,986,983,1969
20210626,경춘선,갈매,1839,1634,3473
20210626,경춘선,별내,2177,2102,4279
20210626,경춘선,마석,2861,2957,5818
20210626,경춘선,사릉,2185,2095,4280
20210626,경춘선,금곡,1052,943,1995
20210626,경춘선,평내호평,4279,4273,8552
20210626,경춘선,퇴계원,2404,2190,4594
20210627,경춘선,갈매,1412,1301,2713
20210627,경춘선,별내,1805,1762,3567
20210627,경춘선,퇴계원,2071,1962,4033
20210627,경춘선,사릉,1708,1715,3423
20210627,경춘선,금곡,881,868,1749
20210627,경춘선,평내호평,3470,3438,6908
20210627,경춘선,천마산,1089,1100,2189
20210627,경춘선,마석,2684,2662,5346
20210627,경춘선,대성리,738,557,1295
20210627,경춘선,신내,847,850,1697
20210627,경춘선,상천,489,384,873
20210627,경춘선,춘천,1773,1341,3114
20210627,경춘선,남춘천,2739,2794,5533
20210627,경춘선,김유정,545,526,1071
20210627,경춘선,청평,1973,1604,3577
20210627,경춘선,백양리,181,137,318
20210627,경춘선,굴봉산,298,254,552
20210627,경춘선,가평,2555,2026,4581
20210627,경춘선,강촌,906,708,1614
20210628,경춘선,마석,4241,4173,8414
20210628,경춘선,갈매,3215,2811,6026
20210628,경춘선,별내,3051,2952,6003
20210628,경춘선,퇴계원,3605,3320,6925
20210628,경춘선,사릉,3446,3242,6688
20210628,경춘선,금곡,1577,1555,3132
20210628,경춘선,평내호평,6463,6075,12538
20210628,경춘선,천마산,1789,1655,3444
20210628,경춘선,신내,1669,1692,3361
20210628,경춘선,대성리,577,502,1079
20210628,경춘선,상천,260,229,489
20210628,경춘선,청평,1794,1802,3596
20210628,경춘선,춘천,1234,1149,2383
20210628,경춘선,남춘천,2118,2236,4354
20210628,경춘선,김유정,296,286,582
20210628,경춘선,백양리,91,53,144
20210628,경춘선,굴봉산,144,131,275
20210628,경춘선,가평,1863,2263,4126
20210628,경춘선,강촌,362,410,772
20210629,경춘선,신내,1779,1665,3444
20210629,경춘선,갈매,3383,2943,6326
20210629,경춘선,별내,3090,2998,6088
20210629,경춘선,퇴계원,3703,3447,7150
20210629,경춘선,사릉,3388,3289,6677
20210629,경춘선,금곡,1561,1533,3094
20210629,경춘선,평내호평,6332,6105,12437
20210629,경춘선,천마산,1677,1668,3345
20210629,경춘선,마석,3924,3909,7833
20210629,경춘선,대성리,562,484,1046
20210629,경춘선,상천,286,263,549
20210629,경춘선,춘천,1228,1032,2260
20210629,경춘선,남춘천,1951,2125,4076
20210629,경춘선,김유정,320,365,685
20210629,경춘선,청평,1817,1679,3496
20210629,경춘선,백양리,80,93,173
20210629,경춘선,굴봉산,161,160,321
20210629,경춘선,가평,2309,2140,4449
20210629,경춘선,강촌,480,423,903
20210630,경춘선,청평,1741,1700,3441
20210630,경춘선,남춘천,2095,2090,4185
20210630,경춘선,김유정,288,307,595
20210630,경춘선,강촌,426,388,814
20210630,경춘선,백양리,106,89,195
20210630,경춘선,굴봉산,114,104,218
20210630,경춘선,가평,2218,2002,4220
20210630,경춘선,상천,261,243,504
20210630,경춘선,대성리,619,467,1086
20210630,경춘선,춘천,1082,983,2065
20210630,경춘선,천마산,1756,1625,3381
20210630,경춘선,신내,1701,1728,3429
20210630,경춘선,갈매,3342,2839,6181
20210630,경춘선,별내,3139,3049,6188
20210630,경춘선,마석,3959,3880,7839
20210630,경춘선,사릉,3406,3305,6711
20210630,경춘선,금곡,1518,1497,3015
20210630,경춘선,평내호평,6314,6168,12482
20210630,경춘선,퇴계원,3645,3347,6992
20210701,경춘선,마석,3950,3826,7776
20210701,경춘선,갈매,3306,2909,6215
20210701,경춘선,별내,3215,3041,6256
20210701,경춘선,퇴계원,3761,3474,7235
20210701,경춘선,사릉,3448,3246,6694
20210701,경춘선,금곡,1552,1584,3136
20210701,경춘선,평내호평,6423,6253,12676
20210701,경춘선,천마산,1673,1581,3254
20210701,경춘선,신내,1817,1759,3576
20210701,경춘선,대성리,541,488,1029
20210701,경춘선,상천,287,277,564
20210701,경춘선,가평,1996,2139,4135
20210701,경춘선,굴봉산,148,158,306
20210701,경춘선,백양리,87,88,175
20210701,경춘선,강촌,442,496,938
20210701,경춘선,김유정,321,325,646
20210701,경춘선,남춘천,2102,2120,4222
20210701,경춘선,춘천,1176,1044,2220
20210701,경춘선,청평,1814,1766,3580
20210702,경춘선,평내호평,6613,6601,13214
20210702,경춘선,금곡,1671,1569,3240
20210702,경춘선,사릉,3521,3388,6909
20210702,경춘선,천마산,1709,1608,3317
20210702,경춘선,별내,3323,3192,6515
20210702,경춘선,갈매,3375,3031,6406
20210702,경춘선,신내,1779,1828,3607
20210702,경춘선,퇴계원,3791,3510,7301
20210702,경춘선,마석,4095,4130,8225
20210702,경춘선,대성리,568,538,1106
20210702,경춘선,청평,1871,1992,3863
20210702,경춘선,남춘천,2993,3047,6040
20210702,경춘선,김유정,376,403,779
20210702,경춘선,강촌,513,559,1072
20210702,경춘선,춘천,1383,1329,2712
20210702,경춘선,굴봉산,149,159,308
20210702,경춘선,가평,2336,2334,4670
20210702,경춘선,상천,309,294,603
20210702,경춘선,백양리,95,111,206
20210703,경춘선,갈매,1754,1507,3261
20210703,경춘선,굴봉산,169,191,360
20210703,경춘선,백양리,106,104,210
20210703,경춘선,강촌,529,630,1159
20210703,경춘선,김유정,404,494,898
20210703,경춘선,남춘천,2123,2214,4337
20210703,경춘선,춘천,1472,1323,2795
20210703,경춘선,신내,1003,966,1969
20210703,경춘선,별내,2022,2018,4040
20210703,경춘선,퇴계원,2450,2304,4754
20210703,경춘선,사릉,2090,2097,4187
20210703,경춘선,상천,311,281,592
20210703,경춘선,청평,1614,1752,3366
20210703,경춘선,대성리,570,594,1164
20210703,경춘선,가평,2052,2621,4673
20210703,경춘선,천마산,1257,1226,2483
20210703,경춘선,평내호평,3999,3944,7943
20210703,경춘선,금곡,1038,1023,2061
20210703,경춘선,마석,3103,3086,6189
20210704,경춘선,청평,1355,981,2336
20210704,경춘선,남춘천,1758,1781,3539
20210704,경춘선,김유정,242,224,466
20210704,경춘선,강촌,497,314,811
20210704,경춘선,백양리,110,88,198
20210704,경춘선,굴봉산,124,87,211
20210704,경춘선,가평,1871,1205,3076
20210704,경춘선,상천,199,180,379
20210704,경춘선,대성리,428,321,749
20210704,경춘선,춘천,1062,881,1943
20210704,경춘선,천마산,863,745,1608
20210704,경춘선,신내,612,651,1263
20210704,경춘선,갈매,1125,1032,2157
20210704,경춘선,별내,1431,1360,2791
20210704,경춘선,마석,1912,1837,3749
20210704,경춘선,사릉,1311,1444,2755
20210704,경춘선,금곡,673,631,1304
20210704,경춘선,평내호평,2688,2568,5256
20210704,경춘선,퇴계원,1716,1659,3375
20210705,경춘선,마석,4117,3966,8083
20210705,경춘선,갈매,3324,2892,6216
20210705,경춘선,별내,3198,3139,6337
20210705,경춘선,퇴계원,3796,3494,7290
20210705,경춘선,사릉,3558,3320,6878
20210705,경춘선,금곡,1597,1560,3157
20210705,경춘선,평내호평,6573,6323,12896
20210705,경춘선,천마산,1788,1672,3460
20210705,경춘선,대성리,554,531,1085
20210705,경춘선,신내,1759,1698,3457
20210705,경춘선,상천,305,280,585
20210705,경춘선,춘천,1247,1146,2393
20210705,경춘선,남춘천,2088,2196,4284
20210705,경춘선,김유정,321,309,630
20210705,경춘선,청평,1755,1818,3573
20210705,경춘선,백양리,75,90,165
20210705,경춘선,굴봉산,132,130,262
20210705,경춘선,가평,1910,2333,4243
20210705,경춘선,강촌,410,452,862
20210706,경춘선,금곡,1634,1552,3186
20210706,경춘선,춘천,1206,1066,2272
20210706,경춘선,남춘천,1993,2098,4091
20210706,경춘선,신내,1759,1780,3539
20210706,경춘선,갈매,3295,2836,6131
20210706,경춘선,별내,3361,3159,6520
20210706,경춘선,퇴계원,3764,3493,7257
20210706,경춘선,사릉,3554,3394,6948
20210706,경춘선,김유정,334,343,677
20210706,경춘선,평내호평,6309,6319,12628
20210706,경춘선,마석,3995,3949,7944
20210706,경춘선,대성리,587,449,1036
20210706,경춘선,청평,1865,1764,3629
20210706,경춘선,상천,283,291,574
20210706,경춘선,가평,2224,2062,4286
20210706,경춘선,굴봉산,160,155,315
20210706,경춘선,백양리,105,103,208
20210706,경춘선,강촌,485,412,897
20210706,경춘선,천마산,1764,1642,3406
20210707,경춘선,상천,263,249,512
20210707,경춘선,가평,1968,1927,3895
20210707,경춘선,굴봉산,138,124,262
20210707,경춘선,청평,1828,1663,3491
20210707,경춘선,강촌,448,444,892
20210707,경춘선,김유정,250,278,528
20210707,경춘선,남춘천,2323,2384,4707
20210707,경춘선,백양리,91,75,166
20210707,경춘선,대성리,553,495,1048
20210707,경춘선,춘천,1052,936,1988
20210707,경춘선,천마산,1688,1613,3301
20210707,경춘선,신내,1685,1675,3360
20210707,경춘선,갈매,3153,2710,5863
20210707,경춘선,별내,3089,3054,6143
20210707,경춘선,마석,3919,3839,7758
20210707,경춘선,사릉,3336,3343,6679
20210707,경춘선,금곡,1534,1506,3040
20210707,경춘선,평내호평,6176,6055,12231
20210707,경춘선,퇴계원,3689,3424,7113
20210708,경춘선,남춘천,1758,1850,3608
20210708,경춘선,김유정,233,244,477
20210708,경춘선,강촌,410,372,782
20210708,경춘선,백양리,68,66,134
20210708,경춘선,굴봉산,100,99,199
20210708,경춘선,가평,1822,1865,3687
20210708,경춘선,상천,217,209,426
20210708,경춘선,청평,1557,1533,3090
20210708,경춘선,대성리,490,420,910
20210708,경춘선,춘천,960,858,1818
20210708,경춘선,천마산,1572,1494,3066
20210708,경춘선,신내,1652,1610,3262
20210708,경춘선,갈매,3111,2670,5781
20210708,경춘선,별내,2978,2855,5833
20210708,경춘선,마석,3861,3894,7755
20210708,경춘선,사릉,3173,3077,6250
20210708,경춘선,금곡,1530,1520,3050
20210708,경춘선,평내호평,6061,5861,11922
20210708,경춘선,퇴계원,3530,3237,6767
20210709,경춘선,청평,1700,1771,3471
20210709,경춘선,남춘천,2228,2307,4535
20210709,경춘선,김유정,257,313,570
20210709,경춘선,강촌,407,419,826
20210709,경춘선,백양리,90,75,165
20210709,경춘선,굴봉산,142,128,270
20210709,경춘선,가평,1910,1987,3897
20210709,경춘선,상천,244,238,482
20210709,경춘선,춘천,1190,1062,2252
20210709,경춘선,대성리,553,524,1077
20210709,경춘선,천마산,1621,1524,3145
20210709,경춘선,마석,3723,3764,7487
20210709,경춘선,신내,1624,1618,3242
20210709,경춘선,갈매,3117,2690,5807
20210709,경춘선,별내,3111,3025,6136
20210709,경춘선,사릉,3259,3202,6461
20210709,경춘선,금곡,1491,1455,2946
20210709,경춘선,평내호평,6031,6118,12149
20210709,경춘선,퇴계원,3537,3361,6898
20210710,경춘선,신내,902,915,1817
20210710,경춘선,갈매,1653,1483,3136
20210710,경춘선,별내,1952,1870,3822
20210710,경춘선,퇴계원,2222,2065,4287
20210710,경춘선,사릉,1808,1899,3707
20210710,경춘선,금곡,971,933,1904
20210710,경춘선,평내호평,3711,3632,7343
20210710,경춘선,천마산,1138,1150,2288
20210710,경춘선,마석,2589,2684,5273
20210710,경춘선,대성리,532,462,994
20210710,경춘선,상천,245,261,506
20210710,경춘선,춘천,1052,1033,2085
20210710,경춘선,남춘천,1924,1907,3831
20210710,경춘선,김유정,252,348,600
20210710,경춘선,청평,1395,1572,2967
20210710,경춘선,백양리,100,108,208
20210710,경춘선,굴봉산,135,164,299
20210710,경춘선,가평,1646,2070,3716
20210710,경춘선,강촌,416,509,925
20210711,경춘선,청평,1334,1088,2422
20210711,경춘선,남춘천,1690,1724,3414
20210711,경춘선,김유정,281,264,545
20210711,경춘선,강촌,607,452,1059
20210711,경춘선,백양리,135,92,227
20210711,경춘선,굴봉산,193,148,341
20210711,경춘선,가평,1832,1382,3214
20210711,경춘선,상천,290,236,526
20210711,경춘선,대성리,566,427,993
20210711,경춘선,춘천,1046,918,1964
20210711,경춘선,천마산,907,859,1766
20210711,경춘선,신내,660,669,1329
20210711,경춘선,갈매,1107,978,2085
20210711,경춘선,별내,1454,1337,2791
20210711,경춘선,마석,1946,1866,3812
20210711,경춘선,사릉,1313,1422,2735
20210711,경춘선,금곡,746,690,1436
20210711,경춘선,평내호평,2552,2527,5079
20210711,경춘선,퇴계원,1593,1549,3142
20210712,경춘선,청평,1566,1448,3014
20210712,경춘선,남춘천,2160,2193,4353
20210712,경춘선,김유정,234,251,485
20210712,경춘선,강촌,344,359,703
20210712,경춘선,백양리,66,56,122
20210712,경춘선,굴봉산,140,135,275
20210712,경춘선,가평,1818,1761,3579
20210712,경춘선,상천,240,219,459
20210712,경춘선,춘천,1003,985,1988
20210712,경춘선,대성리,473,432,905
20210712,경춘선,천마산,1590,1465,3055
20210712,경춘선,평내호평,5646,5509,11155
20210712,경춘선,금곡,1354,1289,2643
20210712,경춘선,사릉,3078,2965,6043
20210712,경춘선,퇴계원,3340,3075,6415
20210712,경춘선,별내,2831,2718,5549
20210712,경춘선,갈매,2724,2394,5118
20210712,경춘선,신내,1512,1414,2926
20210712,경춘선,마석,3365,3425,6790
20210713,경춘선,평내호평,5511,5408,10919
20210713,경춘선,금곡,1368,1297,2665
20210713,경춘선,사릉,3029,2878,5907
20210713,경춘선,천마산,1570,1439,3009
20210713,경춘선,별내,2876,2811,5687
20210713,경춘선,갈매,2782,2436,5218
20210713,경춘선,신내,1498,1474,2972
20210713,경춘선,퇴계원,3277,3057,6334
20210713,경춘선,마석,3529,3618,7147
20210713,경춘선,대성리,455,422,877
20210713,경춘선,청평,1453,1351,2804
20210713,경춘선,남춘천,1776,1873,3649
20210713,경춘선,김유정,268,290,558
20210713,경춘선,강촌,393,420,813
20210713,경춘선,춘천,1028,937,1965
20210713,경춘선,굴봉산,129,120,249
20210713,경춘선,가평,1578,1590,3168
20210713,경춘선,상천,279,260,539
20210713,경춘선,백양리,116,96,212
20210714,경춘선,천마산,1511,1443,2954
20210714,경춘선,신내,1414,1437,2851
20210714,경춘선,갈매,2646,2327,4973
20210714,경춘선,별내,2734,2668,5402
20210714,경춘선,퇴계원,3230,2924,6154
20210714,경춘선,사릉,2933,2869,5802
20210714,경춘선,금곡,1280,1281,2561
20210714,경춘선,평내호평,5290,5247,10537
20210714,경춘선,마석,3253,3201,6454
20210714,경춘선,대성리,446,369,815
20210714,경춘선,청평,1326,1350,2676
20210714,경춘선,남춘천,1791,1877,3668
20210714,경춘선,김유정,305,312,617
20210714,경춘선,강촌,407,427,834
20210714,경춘선,춘천,1020,913,1933
20210714,경춘선,굴봉산,147,124,271
20210714,경춘선,가평,1578,1520,3098
20210714,경춘선,상천,265,242,507
20210714,경춘선,백양리,113,112,225
20210715,경춘선,마석,3192,3161,6353
20210715,경춘선,갈매,2609,2211,4820
20210715,경춘선,별내,2660,2530,5190
20210715,경춘선,퇴계원,3058,2793,5851
20210715,경춘선,사릉,2798,2704,5502
20210715,경춘선,금곡,1273,1189,2462
20210715,경춘선,평내호평,5057,5074,10131
20210715,경춘선,천마산,1468,1301,2769
20210715,경춘선,대성리,466,398,864
20210715,경춘선,신내,1390,1349,2739
20210715,경춘선,상천,252,236,488
20210715,경춘선,춘천,1032,991,2023
20210715,경춘선,남춘천,1823,1829,3652
20210715,경춘선,김유정,245,286,531
20210715,경춘선,청평,1316,1249,2565
20210715,경춘선,백양리,122,133,255
20210715,경춘선,굴봉산,123,125,248
20210715,경춘선,가평,1461,1508,2969
20210715,경춘선,강촌,423,392,815
20210716,경춘선,마석,3289,3296,6585
20210716,경춘선,갈매,2659,2455,5114
20210716,경춘선,별내,2744,2716,5460
20210716,경춘선,퇴계원,3221,2967,6188
20210716,경춘선,사릉,2903,2835,5738
20210716,경춘선,금곡,1274,1228,2502
20210716,경춘선,평내호평,5308,5416,10724
20210716,경춘선,천마산,1475,1362,2837
20210716,경춘선,대성리,435,431,866
20210716,경춘선,신내,1417,1335,2752
20210716,경춘선,상천,230,227,457
20210716,경춘선,춘천,1166,1067,2233
20210716,경춘선,남춘천,2020,2256,4276
20210716,경춘선,김유정,249,298,547
20210716,경춘선,청평,1343,1398,2741
20210716,경춘선,백양리,109,112,221
20210716,경춘선,굴봉산,152,149,301
20210716,경춘선,가평,1495,1598,3093
20210716,경춘선,강촌,402,501,903
20210717,경춘선,대성리,518,536,1054
20210717,경춘선,평내호평,3419,3474,6893
20210717,경춘선,천마산,1121,1119,2240
20210717,경춘선,마석,2448,2526,4974
20210717,경춘선,강촌,652,664,1316
20210717,경춘선,김유정,353,434,787
20210717,경춘선,남춘천,2441,2591,5032
20210717,경춘선,춘천,1362,1324,2686
20210717,경춘선,금곡,914,836,1750
20210717,경춘선,청평,1403,1468,2871
20210717,경춘선,가평,1659,1987,3646
20210717,경춘선,굴봉산,182,223,405
20210717,경춘선,백양리,139,140,279
20210717,경춘선,신내,898,855,1753
20210717,경춘선,갈매,1453,1301,2754
20210717,경춘선,별내,1816,1776,3592
20210717,경춘선,퇴계원,2143,1947,4090
20210717,경춘선,사릉,1854,1817,3671
20210717,경춘선,상천,336,298,634
20210718,경춘선,천마산,849,825,1674
20210718,경춘선,평내호평,2505,2562,5067
20210718,경춘선,금곡,721,676,1397
20210718,경춘선,마석,2035,2039,4074
20210718,경춘선,퇴계원,1504,1515,3019
20210718,경춘선,별내,1328,1290,2618
20210718,경춘선,갈매,1056,958,2014
20210718,경춘선,사릉,1170,1270,2440
20210718,경춘선,대성리,533,398,931
20210718,경춘선,신내,627,616,1243
20210718,경춘선,상천,385,306,691
20210718,경춘선,춘천,1409,1125,2534
20210718,경춘선,남춘천,1886,1772,3658
20210718,경춘선,김유정,310,318,628
20210718,경춘선,청평,1291,1084,2375
20210718,경춘선,백양리,165,133,298
20210718,경춘선,굴봉산,237,176,413
20210718,경춘선,가평,1803,1393,3196
20210718,경춘선,강촌,657,601,1258
20210719,경춘선,남춘천,1906,1964,3870
20210719,경춘선,김유정,277,255,532
20210719,경춘선,강촌,414,439,853
20210719,경춘선,백양리,108,101,209
20210719,경춘선,굴봉산,158,137,295
20210719,경춘선,가평,1534,1516,3050
20210719,경춘선,상천,255,231,486
20210719,경춘선,청평,1352,1266,2618
20210719,경춘선,대성리,439,404,843
20210719,경춘선,춘천,1058,975,2033
20210719,경춘선,천마산,1535,1440,2975
20210719,경춘선,신내,1403,1321,2724
20210719,경춘선,갈매,2671,2369,5040
20210719,경춘선,별내,2708,2620,5328
20210719,경춘선,마석,3417,3434,6851
20210719,경춘선,사릉,3032,2914,5946
20210719,경춘선,금곡,1264,1252,2516
20210719,경춘선,평내호평,5449,5207,10656
20210719,경춘선,퇴계원,3283,3042,6325
20210720,경춘선,청평,1357,1352,2709
20210720,경춘선,남춘천,1906,1969,3875
20210720,경춘선,김유정,298,313,611
20210720,경춘선,강촌,469,408,877
20210720,경춘선,백양리,151,105,256
20210720,경춘선,굴봉산,135,129,264
20210720,경춘선,가평,1548,1574,3122
20210720,경춘선,상천,230,221,451
20210720,경춘선,춘천,1122,1005,2127
20210720,경춘선,대성리,449,409,858
20210720,경춘선,천마산,1546,1436,2982
20210720,경춘선,마석,3357,3338,6695
20210720,경춘선,신내,1494,1517,3011
20210720,경춘선,갈매,2756,2466,5222
20210720,경춘선,별내,2686,2661,5347
20210720,경춘선,사릉,2895,2874,5769
20210720,경춘선,금곡,1367,1303,2670
20210720,경춘선,평내호평,5492,5396,10888
20210720,경춘선,퇴계원,3229,2968,6197
20210721,경춘선,신내,1394,1440,2834
20210721,경춘선,갈매,2631,2339,4970
20210721,경춘선,별내,2667,2606,5273
20210721,경춘선,퇴계원,3174,3017,6191
20210721,경춘선,사릉,2867,2705,5572
20210721,경춘선,금곡,1256,1241,2497
20210721,경춘선,평내호평,5244,5276,10520
20210721,경춘선,천마산,1462,1356,2818
20210721,경춘선,마석,3266,3214,6480
20210721,경춘선,대성리,441,366,807
20210721,경춘선,상천,236,236,472
20210721,경춘선,춘천,1165,1118,2283
20210721,경춘선,남춘천,1911,1977,3888
20210721,경춘선,김유정,289,301,590
20210721,경춘선,청평,1257,1261,2518
20210721,경춘선,백양리,135,139,274
20210721,경춘선,굴봉산,152,147,299
20210721,경춘선,가평,1554,1578,3132
20210721,경춘선,강촌,449,464,913
20210722,경춘선,마석,3198,3145,6343
20210722,경춘선,갈매,2600,2276,4876
20210722,경춘선,별내,2681,2549,5230
20210722,경춘선,퇴계원,3118,2907,6025
20210722,경춘선,사릉,2835,2734,5569
20210722,경춘선,금곡,1278,1228,2506
20210722,경춘선,평내호평,5209,5203,10412
20210722,경춘선,천마산,1428,1350,2778
20210722,경춘선,대성리,439,384,823
20210722,경춘선,신내,1391,1367,2758
20210722,경춘선,상천,227,210,437
20210722,경춘선,춘천,1100,1019,2119
20210722,경춘선,남춘천,2273,2363,4636
20210722,경춘선,김유정,270,284,554
20210722,경춘선,청평,1291,1278,2569
20210722,경춘선,백양리,116,122,238
20210722,경춘선,굴봉산,128,129,257
20210722,경춘선,가평,1553,1662,3215
20210722,경춘선,강촌,458,444,902
20210723,경춘선,청평,1372,1427,2799
20210723,경춘선,남춘천,2040,2265,4305
20210723,경춘선,김유정,266,277,543
20210723,경춘선,강촌,465,449,914
20210723,경춘선,백양리,158,148,306
20210723,경춘선,굴봉산,168,169,337
20210723,경춘선,가평,1599,1668,3267
20210723,경춘선,상천,261,248,509
20210723,경춘선,춘천,1265,1184,2449
20210723,경춘선,대성리,459,432,891
20210723,경춘선,천마산,1505,1438,2943
20210723,경춘선,평내호평,5263,5224,10487
20210723,경춘선,금곡,1265,1236,2501
20210723,경춘선,사릉,2898,2783,5681
20210723,경춘선,퇴계원,3208,3039,6247
20210723,경춘선,별내,2696,2617,5313
20210723,경춘선,갈매,2723,2386,5109
20210723,경춘선,신내,1408,1359,2767
20210723,경춘선,마석,3384,3389,6773
20210724,경춘선,마석,2397,2537,4934
20210724,경춘선,대성리,457,460,917
20210724,경춘선,청평,1298,1373,2671
20210724,경춘선,천마산,1036,1053,2089
20210724,경춘선,가평,1768,1990,3758
20210724,경춘선,굴봉산,182,182,364
20210724,경춘선,백양리,182,203,385
20210724,경춘선,상천,334,284,618
20210724,경춘선,평내호평,3295,3327,6622
20210724,경춘선,김유정,350,435,785
20210724,경춘선,사릉,1677,1723,3400
20210724,경춘선,강촌,574,667,1241
20210724,경춘선,남춘천,2206,2199,4405
20210724,경춘선,춘천,1332,1306,2638
20210724,경춘선,금곡,825,772,1597
20210724,경춘선,갈매,1438,1327,2765
20210724,경춘선,별내,1676,1635,3311
20210724,경춘선,퇴계원,2014,1891,3905
20210724,경춘선,신내,876,812,1688
20210725,경춘선,상천,372,330,702
20210725,경춘선,춘천,1514,1174,2688
20210725,경춘선,남춘천,2035,2050,4085
20210725,경춘선,김유정,341,317,658
20210725,경춘선,강촌,634,527,1161
20210725,경춘선,백양리,220,202,422
20210725,경춘선,굴봉산,269,230,499
20210725,경춘선,가평,1881,1563,3444
20210725,경춘선,청평,1196,989,2185
20210725,경춘선,대성리,479,354,833
20210725,경춘선,마석,1924,1859,3783
20210725,경춘선,갈매,1009,876,1885
20210725,경춘선,별내,1255,1138,2393
20210725,경춘선,퇴계원,1439,1457,2896
20210725,경춘선,신내,659,649,1308
20210725,경춘선,금곡,652,653,1305
20210725,경춘선,평내호평,2501,2443,4944
20210725,경춘선,천마산,769,769,1538
20210725,경춘선,사릉,1146,1187,2333
20210726,경춘선,마석,3257,3169,6426
20210726,경춘선,갈매,2528,2243,4771
20210726,경춘선,별내,2636,2551,5187
20210726,경춘선,퇴계원,3070,2890,5960
20210726,경춘선,사릉,2789,2709,5498
20210726,경춘선,금곡,1238,1138,2376
20210726,경춘선,평내호평,5199,5075,10274
20210726,경춘선,천마산,1417,1339,2756
20210726,경춘선,대성리,419,337,756
20210726,경춘선,신내,1396,1394,2790
20210726,경춘선,상천,228,215,443
20210726,경춘선,춘천,1208,1117,2325
20210726,경춘선,남춘천,1969,2076,4045
20210726,경춘선,김유정,273,247,520
20210726,경춘선,청평,1269,1232,2501
20210726,경춘선,백양리,191,155,346
20210726,경춘선,굴봉산,166,162,328
20210726,경춘선,가평,1605,1607,3212
20210726,경춘선,강촌,432,420,852
20210727,경춘선,마석,3116,3120,6236
20210727,경춘선,갈매,2568,2269,4837
20210727,경춘선,별내,2574,2544,5118
20210727,경춘선,퇴계원,3107,2914,6021
20210727,경춘선,사릉,2735,2664,5399
20210727,경춘선,금곡,1247,1221,2468
20210727,경춘선,평내호평,5142,5056,10198
20210727,경춘선,천마산,1445,1338,2783
20210727,경춘선,대성리,398,384,782
20210727,경춘선,신내,1432,1391,2823
20210727,경춘선,상천,224,229,453
20210727,경춘선,춘천,1233,1139,2372
20210727,경춘선,남춘천,2389,2442,4831
20210727,경춘선,김유정,231,276,507
20210727,경춘선,청평,1309,1268,2577
20210727,경춘선,백양리,161,138,299
20210727,경춘선,굴봉산,166,163,329
20210727,경춘선,가평,1576,1586,3162
20210727,경춘선,강촌,428,447,875
20210728,경춘선,청평,1258,1239,2497
20210728,경춘선,춘천,1213,1097,2310
20210728,경춘선,남춘천,1924,2114,4038
20210728,경춘선,김유정,246,248,494
20210728,경춘선,강촌,511,501,1012
20210728,경춘선,백양리,136,135,271
20210728,경춘선,가평,1579,1637,3216
20210728,경춘선,상천,251,241,492
20210728,경춘선,굴봉산,160,160,320
20210728,경춘선,대성리,426,382,808
20210728,경춘선,천마산,1411,1280,2691
20210728,경춘선,평내호평,5121,5006,10127
20210728,경춘선,금곡,1322,1276,2598
20210728,경춘선,사릉,2774,2609,5383
20210728,경춘선,퇴계원,3102,2843,5945
20210728,경춘선,별내,2470,2439,4909
20210728,경춘선,갈매,2509,2151,4660
20210728,경춘선,신내,1400,1357,2757
20210728,경춘선,마석,3237,3251,6488
20210729,경춘선,상천,248,241,489
20210729,경춘선,가평,1693,1737,3430
20210729,경춘선,굴봉산,158,150,308
20210729,경춘선,청평,1311,1304,2615
20210729,경춘선,강촌,513,487,1000
20210729,경춘선,김유정,290,309,599
20210729,경춘선,남춘천,2066,2170,4236
20210729,경춘선,백양리,165,158,323
20210729,경춘선,대성리,434,393,827
20210729,경춘선,춘천,1139,1048,2187
20210729,경춘선,천마산,1406,1349,2755
20210729,경춘선,신내,1358,1355,2713
20210729,경춘선,갈매,2421,2146,4567
20210729,경춘선,별내,2578,2467,5045
20210729,경춘선,마석,3126,3102,6228
20210729,경춘선,사릉,2686,2600,5286
20210729,경춘선,금곡,1235,1205,2440
20210729,경춘선,평내호평,5054,4949,10003
20210729,경춘선,퇴계원,3012,2827,5839
20210730,경춘선,갈매,2492,2254,4746
20210730,경춘선,별내,2556,2527,5083
20210730,경춘선,퇴계원,3061,2854,5915
20210730,경춘선,사릉,2734,2629,5363
20210730,경춘선,금곡,1228,1169,2397
20210730,경춘선,평내호평,5084,5082,10166
20210730,경춘선,천마산,1443,1364,2807
20210730,경춘선,마석,3220,3294,6514
20210730,경춘선,대성리,477,425,902
20210730,경춘선,신내,1413,1325,2738
20210730,경춘선,상천,261,251,512
20210730,경춘선,춘천,1401,1315,2716
20210730,경춘선,남춘천,2153,2385,4538
20210730,경춘선,김유정,234,276,510
20210730,경춘선,청평,1393,1445,2838
20210730,경춘선,백양리,124,123,247
20210730,경춘선,굴봉산,159,150,309
20210730,경춘선,가평,1859,1895,3754
20210730,경춘선,강촌,571,634,1205
20210731,경춘선,마석,2395,2464,4859
20210731,경춘선,별내,1722,1633,3355
20210731,경춘선,퇴계원,2084,1924,4008
20210731,경춘선,사릉,1706,1676,3382
20210731,경춘선,금곡,905,807,1712
20210731,경춘선,신내,900,838,1738
20210731,경춘선,평내호평,3293,3299,6592
20210731,경춘선,천마산,993,1007,2000
20210731,경춘선,갈매,1348,1168,2516
20210731,경춘선,대성리,477,455,932
20210731,경춘선,상천,263,259,522
20210731,경춘선,청평,1268,1437,2705
20210731,경춘선,춘천,1387,1324,2711
20210731,경춘선,남춘천,1984,2219,4203
20210731,경춘선,김유정,328,387,715
20210731,경춘선,백양리,160,156,316
20210731,경춘선,굴봉산,178,194,372
20210731,경춘선,가평,1958,2236,4194
20210731,경춘선,강촌,645,686,1331
20210801,경춘선,신내,629,651,1280
20210801,경춘선,갈매,962,878,1840
20210801,경춘선,별내,1294,1274,2568
20210801,경춘선,퇴계원,1538,1505,3043
20210801,경춘선,사릉,1212,1235,2447
20210801,경춘선,금곡,659,629,1288
20210801,경춘선,평내호평,2430,2437,4867
20210801,경춘선,천마산,814,819,1633
20210801,경춘선,마석,1987,1889,3876
20210801,경춘선,대성리,523,390,913
20210801,경춘선,상천,370,299,669
20210801,경춘선,춘천,1428,1122,2550
20210801,경춘선,남춘천,1688,1816,3504
20210801,경춘선,김유정,294,264,558
20210801,경춘선,청평,1305,1065,2370
20210801,경춘선,백양리,121,90,211
20210801,경춘선,굴봉산,196,170,366
20210801,경춘선,가평,2088,1634,3722
20210801,경춘선,강촌,676,489,1165
20210802,경춘선,마석,3062,3072,6134
20210802,경춘선,갈매,2352,2062,4414
20210802,경춘선,별내,2548,2474,5022
20210802,경춘선,퇴계원,3016,2834,5850
20210802,경춘선,사릉,2599,2538,5137
20210802,경춘선,금곡,1206,1128,2334
20210802,경춘선,평내호평,4905,4801,9706
20210802,경춘선,천마산,1427,1332,2759
20210802,경춘선,대성리,426,357,783
20210802,경춘선,신내,1352,1295,2647
20210802,경춘선,상천,214,177,391
20210802,경춘선,춘천,1237,1083,2320
20210802,경춘선,남춘천,2245,2300,4545
20210802,경춘선,김유정,284,276,560
20210802,경춘선,청평,1385,1288,2673
20210802,경춘선,백양리,111,85,196
20210802,경춘선,굴봉산,142,138,280
20210802,경춘선,가평,1592,1654,3246
20210802,경춘선,강촌,371,425,796
20210803,경춘선,청평,1335,1351,2686
20210803,경춘선,남춘천,2066,2050,4116
20210803,경춘선,김유정,280,329,609
20210803,경춘선,강촌,548,551,1099
20210803,경춘선,백양리,111,108,219
20210803,경춘선,굴봉산,167,136,303
20210803,경춘선,가평,1802,1743,3545
20210803,경춘선,상천,223,233,456
20210803,경춘선,춘천,1264,1138,2402
20210803,경춘선,대성리,462,413,875
20210803,경춘선,천마산,1396,1344,2740
20210803,경춘선,평내호평,5074,4914,9988
20210803,경춘선,금곡,1325,1254,2579
20210803,경춘선,사릉,2555,2528,5083
20210803,경춘선,퇴계원,2928,2811,5739
20210803,경춘선,별내,2568,2500,5068
20210803,경춘선,갈매,2407,2123,4530
20210803,경춘선,신내,1299,1283,2582
20210803,경춘선,마석,3216,3254,6470
20210804,경춘선,퇴계원,2991,2771,5762
20210804,경춘선,사릉,2668,2584,5252
20210804,경춘선,금곡,1228,1187,2415
20210804,경춘선,별내,2570,2533,5103
20210804,경춘선,천마산,1340,1291,2631
20210804,경춘선,마석,3094,3102,6196
20210804,경춘선,대성리,497,433,930
20210804,경춘선,평내호평,5096,4970,10066
20210804,경춘선,갈매,2434,2186,4620
20210804,경춘선,청평,1375,1383,2758
20210804,경춘선,춘천,1229,1124,2353
20210804,경춘선,상천,244,222,466
20210804,경춘선,가평,1850,1838,3688
20210804,경춘선,굴봉산,152,134,286
20210804,경춘선,신내,1321,1330,2651
20210804,경춘선,강촌,526,480,1006
20210804,경춘선,김유정,289,307,596
20210804,경춘선,남춘천,1895,1952,3847
20210804,경춘선,백양리,116,107,223
20210805,경춘선,춘천,1336,1173,2509
20210805,경춘선,남춘천,2001,2166,4167
20210805,경춘선,김유정,260,322,582
20210805,경춘선,강촌,506,489,995
20210805,경춘선,백양리,157,119,276
20210805,경춘선,굴봉산,153,134,287
20210805,경춘선,가평,1833,1821,3654
20210805,경춘선,청평,1393,1385,2778
20210805,경춘선,대성리,456,421,877
20210805,경춘선,상천,246,231,477
20210805,경춘선,천마산,1370,1258,2628
20210805,경춘선,마석,3205,3183,6388
20210805,경춘선,갈매,2459,2238,4697
20210805,경춘선,별내,2677,2545,5222
20210805,경춘선,퇴계원,3051,2888,5939
20210805,경춘선,신내,1391,1399,2790
20210805,경춘선,금곡,1265,1158,2423
20210805,경춘선,평내호평,5059,4948,10007
20210805,경춘선,사릉,2687,2741,5428
20210806,경춘선,천마산,1454,1357,2811
20210806,경춘선,갈매,2526,2202,4728
20210806,경춘선,신내,1448,1361,2809
20210806,경춘선,별내,2665,2643,5308
20210806,경춘선,퇴계원,3100,2868,5968
20210806,경춘선,사릉,2771,2773,5544
20210806,경춘선,금곡,1290,1225,2515
20210806,경춘선,평내호평,5179,5190,10369
20210806,경춘선,마석,3214,3320,6534
20210806,경춘선,남춘천,2149,2344,4493
20210806,경춘선,청평,1364,1456,2820
20210806,경춘선,상천,240,227,467
20210806,경춘선,가평,1747,1897,3644
20210806,경춘선,굴봉산,156,157,313
20210806,경춘선,백양리,164,141,305
20210806,경춘선,강촌,567,567,1134
20210806,경춘선,김유정,292,349,641
20210806,경춘선,춘천,1392,1328,2720
20210806,경춘선,대성리,459,433,892
20210807,경춘선,가평,2032,2482,4514
20210807,경춘선,굴봉산,209,196,405
20210807,경춘선,백양리,141,161,302
20210807,경춘선,춘천,1542,1392,2934
20210807,경춘선,김유정,346,401,747
20210807,경춘선,남춘천,2589,2847,5436
20210807,경춘선,강촌,638,703,1341
20210807,경춘선,청평,1375,1553,2928
20210807,경춘선,상천,359,324,683
20210807,경춘선,대성리,563,548,1111
20210807,경춘선,신내,938,846,1784
20210807,경춘선,갈매,1419,1297,2716
20210807,경춘선,별내,2033,1940,3973
20210807,경춘선,퇴계원,2148,1989,4137
20210807,경춘선,마석,2481,2655,5136
20210807,경춘선,금곡,998,885,1883
20210807,경춘선,평내호평,3609,3657,7266
20210807,경춘선,천마산,1122,1093,2215
20210807,경춘선,사릉,1766,1829,3595
20210808,경춘선,청평,1371,1096,2467
20210808,경춘선,남춘천,1968,1988,3956
20210808,경춘선,김유정,410,412,822
20210808,경춘선,강촌,736,662,1398
20210808,경춘선,백양리,225,153,378
20210808,경춘선,굴봉산,207,189,396
20210808,경춘선,가평,2251,1808,4059
20210808,경춘선,상천,408,318,726
20210808,경춘선,대성리,505,421,926
20210808,경춘선,춘천,1480,1071,2551
20210808,경춘선,천마산,900,885,1785
20210808,경춘선,신내,691,681,1372
20210808,경춘선,갈매,1122,1021,2143
20210808,경춘선,별내,1431,1401,2832
20210808,경춘선,마석,2129,2136,4265
20210808,경춘선,사릉,1242,1295,2537
20210808,경춘선,금곡,686,673,1359
20210808,경춘선,평내호평,2599,2577,5176
20210808,경춘선,퇴계원,1604,1598,3202
20210809,경춘선,마석,3472,3486,6958
20210809,경춘선,갈매,2573,2325,4898
20210809,경춘선,별내,2750,2612,5362
20210809,경춘선,퇴계원,3175,2962,6137
20210809,경춘선,사릉,2865,2800,5665
20210809,경춘선,금곡,1331,1233,2564
20210809,경춘선,평내호평,5474,5279,10753
20210809,경춘선,천마산,1544,1425,2969
20210809,경춘선,신내,1402,1327,2729
20210809,경춘선,대성리,464,413,877
20210809,경춘선,상천,264,246,510
20210809,경춘선,가평,1788,1870,3658
20210809,경춘선,굴봉산,148,116,264
20210809,경춘선,백양리,138,126,264
20210809,경춘선,강촌,487,456,943
20210809,경춘선,김유정,278,275,553
20210809,경춘선,남춘천,2085,2070,4155
20210809,경춘선,춘천,1162,1111,2273
20210809,경춘선,청평,1407,1394,2801
20210810,경춘선,천마산,1461,1402,2863
20210810,경춘선,평내호평,5441,5244,10685
20210810,경춘선,금곡,1312,1241,2553
20210810,경춘선,신내,1496,1468,2964
20210810,경춘선,퇴계원,3165,3031,6196
20210810,경춘선,별내,2744,2657,5401
20210810,경춘선,갈매,2556,2268,4824
20210810,경춘선,사릉,2849,2767,5616
20210810,경춘선,마석,3302,3288,6590
20210810,경춘선,대성리,449,393,842
20210810,경춘선,상천,267,238,505
20210810,경춘선,춘천,1195,1062,2257
20210810,경춘선,남춘천,1867,1993,3860
20210810,경춘선,김유정,285,289,574
20210810,경춘선,청평,1335,1347,2682
20210810,경춘선,백양리,116,100,216
20210810,경춘선,굴봉산,128,123,251
20210810,경춘선,가평,1876,1749,3625
20210810,경춘선,강촌,467,471,938
20210811,경춘선,남춘천,1851,1976,3827
20210811,경춘선,김유정,283,302,585
20210811,경춘선,강촌,486,495,981
20210811,경춘선,백양리,121,108,229
20210811,경춘선,굴봉산,162,129,291
20210811,경춘선,가평,1853,1990,3843
20210811,경춘선,상천,262,253,515
20210811,경춘선,청평,1409,1420,2829
20210811,경춘선,대성리,515,446,961
20210811,경춘선,춘천,1140,992,2132
20210811,경춘선,천마산,1469,1449,2918
20210811,경춘선,신내,1471,1443,2914
20210811,경춘선,갈매,2643,2336,4979
20210811,경춘선,별내,2750,2680,5430
20210811,경춘선,마석,3461,3382,6843
20210811,경춘선,사릉,2849,2767,5616
20210811,경춘선,금곡,1271,1245,2516
20210811,경춘선,평내호평,5361,5275,10636
20210811,경춘선,퇴계원,3231,3026,6257
20210812,경춘선,마석,3432,3458,6890
20210812,경춘선,갈매,2635,2343,4978
20210812,경춘선,별내,2694,2636,5330
20210812,경춘선,퇴계원,3123,2883,6006
20210812,경춘선,사릉,2792,2792,5584
20210812,경춘선,금곡,1332,1275,2607
20210812,경춘선,평내호평,5367,5296,10663
20210812,경춘선,천마산,1508,1379,2887
20210812,경춘선,신내,1520,1429,2949
20210812,경춘선,대성리,457,404,861
20210812,경춘선,상천,253,243,496
20210812,경춘선,청평,1504,1462,2966
20210812,경춘선,춘천,1212,1115,2327
20210812,경춘선,남춘천,2367,2455,4822
20210812,경춘선,김유정,325,340,665
20210812,경춘선,백양리,137,113,250
20210812,경춘선,굴봉산,145,133,278
20210812,경춘선,가평,1985,1990,3975
20210812,경춘선,강촌,483,544,1027
20210813,경춘선,춘천,1268,1318,2586
20210813,경춘선,남춘천,2125,2322,4447
20210813,경춘선,김유정,316,377,693
20210813,경춘선,강촌,567,555,1122
20210813,경춘선,백양리,140,127,267
20210813,경춘선,굴봉산,168,152,320
20210813,경춘선,가평,1861,1989,3850
20210813,경춘선,상천,253,228,481
20210813,경춘선,청평,1481,1535,3016
20210813,경춘선,대성리,463,458,921
20210813,경춘선,천마산,1547,1405,2952
20210813,경춘선,신내,1461,1395,2856
20210813,경춘선,갈매,2602,2347,4949
20210813,경춘선,별내,2843,2784,5627
20210813,경춘선,마석,3533,3567,7100
20210813,경춘선,사릉,2868,2820,5688
20210813,경춘선,금곡,1319,1311,2630
20210813,경춘선,평내호평,5490,5555,11045
20210813,경춘선,퇴계원,3272,3004,6276
20210814,경춘선,마석,2722,2825,5547
20210814,경춘선,갈매,1591,1364,2955
20210814,경춘선,별내,1889,1897,3786
20210814,경춘선,퇴계원,2288,2151,4439
20210814,경춘선,사릉,1916,1943,3859
20210814,경춘선,금곡,1024,909,1933
20210814,경춘선,평내호평,3998,3899,7897
20210814,경춘선,천마산,1182,1232,2414
20210814,경춘선,대성리,598,620,1218
20210814,경춘선,신내,922,921,1843
20210814,경춘선,상천,379,348,727
20210814,경춘선,춘천,1637,1599,3236
20210814,경춘선,남춘천,2153,2526,4679
20210814,경춘선,김유정,428,540,968
20210814,경춘선,청평,1541,1732,3273
20210814,경춘선,백양리,165,159,324
20210814,경춘선,굴봉산,182,175,357
20210814,경춘선,가평,2242,2680,4922
20210814,경춘선,강촌,774,878,1652
20210815,경춘선,마석,2267,2315,4582
20210815,경춘선,갈매,1136,1038,2174
20210815,경춘선,별내,1601,1537,3138
20210815,경춘선,퇴계원,1760,1664,3424
20210815,경춘선,사릉,1421,1464,2885
20210815,경춘선,금곡,796,799,1595
20210815,경춘선,평내호평,2906,2992,5898
20210815,경춘선,천마산,979,1010,1989
20210815,경춘선,신내,689,727,1416
20210815,경춘선,대성리,677,577,1254
20210815,경춘선,상천,435,321,756
20210815,경춘선,가평,2664,2447,5111
20210815,경춘선,굴봉산,271,237,508
20210815,경춘선,백양리,214,175,389
20210815,경춘선,강촌,902,733,1635
20210815,경춘선,김유정,487,549,1036
20210815,경춘선,남춘천,2141,2192,4333
20210815,경춘선,춘천,1864,1471,3335
20210815,경춘선,청평,1751,1453,3204
20210816,경춘선,상천,317,247,564
20210816,경춘선,가평,2597,2278,4875
20210816,경춘선,굴봉산,208,148,356
20210816,경춘선,청평,1714,1378,3092
20210816,경춘선,강촌,777,683,1460
20210816,경춘선,김유정,480,414,894
20210816,경춘선,남춘천,2553,2397,4950
20210816,경춘선,백양리,163,131,294
20210816,경춘선,대성리,586,450,1036
20210816,경춘선,춘천,2005,1409,3414
20210816,경춘선,천마산,1260,1201,2461
20210816,경춘선,신내,955,930,1885
20210816,경춘선,갈매,1572,1450,3022
20210816,경춘선,별내,1844,1831,3675
20210816,경춘선,마석,2850,2812,5662
20210816,경춘선,사릉,2049,2003,4052
20210816,경춘선,금곡,979,892,1871
20210816,경춘선,평내호평,3936,3851,7787
20210816,경춘선,퇴계원,2326,2298,4624
20210817,경춘선,춘천,1153,1042,2195
20210817,경춘선,남춘천,2474,2530,5004
20210817,경춘선,김유정,352,337,689
20210817,경춘선,강촌,576,533,1109
20210817,경춘선,백양리,120,77,197
20210817,경춘선,굴봉산,151,139,290
20210817,경춘선,가평,1920,1807,3727
20210817,경춘선,청평,1555,1440,2995
20210817,경춘선,대성리,474,424,898
20210817,경춘선,상천,233,205,438
20210817,경춘선,천마산,1608,1562,3170
20210817,경춘선,마석,3591,3588,7179
20210817,경춘선,갈매,2774,2453,5227
20210817,경춘선,별내,2843,2690,5533
20210817,경춘선,퇴계원,3289,3075,6364
20210817,경춘선,신내,1601,1566,3167
20210817,경춘선,금곡,1410,1379,2789
20210817,경춘선,평내호평,5690,5547,11237
20210817,경춘선,사릉,2972,2904,5876
20210818,경춘선,천마산,1493,1426,2919
20210818,경춘선,신내,1649,1567,3216
20210818,경춘선,갈매,2817,2437,5254
20210818,경춘선,별내,2808,2722,5530
20210818,경춘선,퇴계원,3259,3079,6338
20210818,경춘선,사릉,2896,2786,5682
20210818,경춘선,금곡,1311,1288,2599
20210818,경춘선,평내호평,5483,5338,10821
20210818,경춘선,마석,3397,3483,6880
20210818,경춘선,김유정,268,299,567
20210818,경춘선,청평,1430,1398,2828
20210818,경춘선,대성리,474,448,922
20210818,경춘선,남춘천,1867,1935,3802
20210818,경춘선,강촌,462,434,896
20210818,경춘선,춘천,1049,1003,2052
20210818,경춘선,굴봉산,136,115,251
20210818,경춘선,가평,1741,1709,3450
20210818,경춘선,상천,241,221,462
20210818,경춘선,백양리,106,110,216
20210819,경춘선,청평,1439,1426,2865
20210819,경춘선,춘천,1240,1139,2379
20210819,경춘선,남춘천,1996,2021,4017
20210819,경춘선,김유정,322,384,706
20210819,경춘선,강촌,524,546,1070
20210819,경춘선,백양리,118,101,219
20210819,경춘선,굴봉산,171,129,300
20210819,경춘선,가평,1712,1817,3529
20210819,경춘선,대성리,489,446,935
20210819,경춘선,상천,263,235,498
20210819,경춘선,천마산,1571,1476,3047
20210819,경춘선,갈매,2879,2591,5470
20210819,경춘선,별내,2857,2718,5575
20210819,경춘선,퇴계원,3299,3115,6414
20210819,경춘선,신내,1558,1515,3073
20210819,경춘선,금곡,1379,1388,2767
20210819,경춘선,평내호평,5720,5589,11309
20210819,경춘선,마석,3580,3566,7146
20210819,경춘선,사릉,3068,2953,6021
20210820,경춘선,청평,1544,1586,3130
20210820,경춘선,남춘천,2158,2433,4591
20210820,경춘선,김유정,324,328,652
20210820,경춘선,강촌,549,556,1105
20210820,경춘선,백양리,106,106,212
20210820,경춘선,굴봉산,211,168,379
20210820,경춘선,가평,1887,1957,3844
20210820,경춘선,상천,254,245,499
20210820,경춘선,대성리,478,430,908
20210820,경춘선,춘천,1263,1179,2442
20210820,경춘선,천마산,1535,1505,3040
20210820,경춘선,신내,1604,1613,3217
20210820,경춘선,갈매,2905,2571,5476
20210820,경춘선,별내,2898,2865,5763
20210820,경춘선,마석,3618,3698,7316
20210820,경춘선,사릉,3085,3004,6089
20210820,경춘선,금곡,1297,1338,2635
20210820,경춘선,평내호평,5788,5755,11543
20210820,경춘선,퇴계원,3385,3244,6629
20210821,경춘선,마석,2207,2170,4377
20210821,경춘선,갈매,1409,1231,2640
20210821,경춘선,별내,1718,1621,3339
20210821,경춘선,퇴계원,1827,1777,3604
20210821,경춘선,사릉,1567,1614,3181
20210821,경춘선,금곡,839,787,1626
20210821,경춘선,평내호평,3075,3041,6116
20210821,경춘선,천마산,939,866,1805
20210821,경춘선,신내,809,748,1557
20210821,경춘선,대성리,339,370,709
20210821,경춘선,상천,152,176,328
20210821,경춘선,가평,1270,1509,2779
20210821,경춘선,굴봉산,125,138,263
20210821,경춘선,백양리,104,90,194
20210821,경춘선,강촌,483,548,1031
20210821,경춘선,김유정,247,256,503
20210821,경춘선,남춘천,1796,1973,3769
20210821,경춘선,춘천,1037,970,2007
20210821,경춘선,청평,1014,1215,2229
20210822,경춘선,가평,1782,1564,3346
20210822,경춘선,굴봉산,169,133,302
20210822,경춘선,백양리,172,150,322
20210822,경춘선,상천,338,266,604
20210822,경춘선,김유정,405,408,813
20210822,경춘선,남춘천,2398,2420,4818
20210822,경춘선,춘천,1411,1193,2604
20210822,경춘선,강촌,765,585,1350
20210822,경춘선,청평,1436,1191,2627
20210822,경춘선,별내,1622,1506,3128
20210822,경춘선,마석,2184,2164,4348
20210822,경춘선,갈매,1158,1110,2268
20210822,경춘선,대성리,526,456,982
20210822,경춘선,퇴계원,1778,1718,3496
20210822,경춘선,신내,707,736,1443
20210822,경춘선,금곡,823,737,1560
20210822,경춘선,평내호평,2955,2916,5871
20210822,경춘선,천마산,937,959,1896
20210822,경춘선,사릉,1393,1453,2846
20210823,경춘선,상천,225,211,436
20210823,경춘선,춘천,1110,1023,2133
20210823,경춘선,남춘천,1968,2078,4046
20210823,경춘선,김유정,272,267,539
20210823,경춘선,강촌,415,441,856
20210823,경춘선,백양리,113,83,196
20210823,경춘선,굴봉산,129,113,242
20210823,경춘선,가평,1659,1681,3340
20210823,경춘선,청평,1379,1278,2657
20210823,경춘선,대성리,423,342,765
20210823,경춘선,마석,3601,3537,7138
20210823,경춘선,갈매,2767,2453,5220
20210823,경춘선,별내,2778,2689,5467
20210823,경춘선,퇴계원,3253,3042,6295
20210823,경춘선,신내,1615,1531,3146
20210823,경춘선,금곡,1389,1303,2692
20210823,경춘선,평내호평,5597,5499,11096
20210823,경춘선,천마산,1535,1453,2988
20210823,경춘선,사릉,2990,2915,5905
20210824,경춘선,마석,3307,3302,6609
20210824,경춘선,갈매,2680,2381,5061
20210824,경춘선,별내,2682,2627,5309
20210824,경춘선,퇴계원,3148,2934,6082
20210824,경춘선,사릉,2953,2856,5809
20210824,경춘선,금곡,1297,1265,2562
20210824,경춘선,평내호평,5266,5218,10484
20210824,경춘선,천마산,1470,1360,2830
20210824,경춘선,대성리,379,322,701
20210824,경춘선,신내,1519,1465,2984
20210824,경춘선,상천,166,161,327
20210824,경춘선,춘천,958,905,1863
20210824,경춘선,남춘천,1832,1892,3724
20210824,경춘선,김유정,199,219,418
20210824,경춘선,청평,1387,1278,2665
20210824,경춘선,백양리,97,73,170
20210824,경춘선,굴봉산,96,75,171
20210824,경춘선,가평,1547,1553,3100
20210824,경춘선,강촌,455,418,873
20210825,경춘선,마석,3511,3456,6967
20210825,경춘선,갈매,2837,2481,5318
20210825,경춘선,별내,2749,2644,5393
20210825,경춘선,퇴계원,3315,3068,6383
20210825,경춘선,사릉,3096,3019,6115
20210825,경춘선,금곡,1385,1342,2727
20210825,경춘선,평내호평,5672,5544,11216
20210825,경춘선,천마산,1595,1524,3119
20210825,경춘선,대성리,442,411,853
20210825,경춘선,신내,1654,1609,3263
20210825,경춘선,상천,226,235,461
20210825,경춘선,춘천,1043,988,2031
20210825,경춘선,남춘천,1881,1859,3740
20210825,경춘선,김유정,279,295,574
20210825,경춘선,청평,1389,1353,2742
20210825,경춘선,백양리,102,75,177
20210825,경춘선,굴봉산,111,110,221
20210825,경춘선,가평,1575,1627,3202
20210825,경춘선,강촌,445,491,936
20210826,경춘선,청평,1504,1545,3049
20210826,경춘선,남춘천,2139,2234,4373
20210826,경춘선,김유정,281,353,634
20210826,경춘선,강촌,536,537,1073
20210826,경춘선,백양리,111,105,216
20210826,경춘선,굴봉산,131,135,266
20210826,경춘선,가평,1725,1813,3538
20210826,경춘선,상천,302,267,569
20210826,경춘선,춘천,1159,1055,2214
20210826,경춘선,대성리,537,472,1009
20210826,경춘선,천마산,1638,1525,3163
20210826,경춘선,평내호평,5744,5634,11378
20210826,경춘선,금곡,1397,1372,2769
20210826,경춘선,사릉,3083,3061,6144
20210826,경춘선,퇴계원,3350,3167,6517
20210826,경춘선,별내,2848,2767,5615
20210826,경춘선,갈매,2889,2454,5343
20210826,경춘선,신내,1713,1655,3368
20210826,경춘선,마석,3745,3653,7398
20210827,경춘선,상천,246,223,469
20210827,경춘선,가평,1714,1712,3426
20210827,경춘선,굴봉산,129,118,247
20210827,경춘선,청평,1504,1551,3055
20210827,경춘선,강촌,455,405,860
20210827,경춘선,김유정,290,324,614
20210827,경춘선,남춘천,2528,2807,5335
20210827,경춘선,백양리,86,82,168
20210827,경춘선,대성리,402,386,788
20210827,경춘선,춘천,1138,1046,2184
20210827,경춘선,천마산,1578,1457,3035
20210827,경춘선,신내,1629,1592,3221
20210827,경춘선,갈매,2834,2520,5354
20210827,경춘선,별내,2830,2841,5671
20210827,경춘선,마석,3593,3600,7193
20210827,경춘선,사릉,3031,3046,6077
20210827,경춘선,금곡,1375,1347,2722
20210827,경춘선,평내호평,5674,5578,11252
20210827,경춘선,퇴계원,3392,3178,6570
20210828,경춘선,상천,386,333,719
20210828,경춘선,춘천,1698,1651,3349
20210828,경춘선,남춘천,2308,2494,4802
20210828,경춘선,김유정,465,563,1028
20210828,경춘선,강촌,659,794,1453
20210828,경춘선,백양리,164,139,303
20210828,경춘선,굴봉산,178,201,379
20210828,경춘선,가평,1743,2178,3921
20210828,경춘선,청평,1603,1720,3323
20210828,경춘선,별내,2052,2020,4072
20210828,경춘선,마석,2894,3052,5946
20210828,경춘선,갈매,1723,1511,3234
20210828,경춘선,대성리,678,598,1276
20210828,경춘선,퇴계원,2489,2224,4713
20210828,경춘선,신내,1072,1004,2076
20210828,경춘선,금곡,1060,971,2031
20210828,경춘선,평내호평,4166,3933,8099
20210828,경춘선,천마산,1258,1348,2606
20210828,경춘선,사릉,2119,2045,4164
20210829,경춘선,상천,374,273,647
20210829,경춘선,춘천,1530,1264,2794
20210829,경춘선,남춘천,2026,1963,3989
20210829,경춘선,김유정,450,437,887
20210829,경춘선,강촌,806,591,1397
20210829,경춘선,백양리,147,135,282
20210829,경춘선,굴봉산,186,170,356
20210829,경춘선,가평,1820,1560,3380
20210829,경춘선,청평,1428,1207,2635
20210829,경춘선,대성리,540,488,1028
20210829,경춘선,마석,2221,2214,4435
20210829,경춘선,갈매,1269,1139,2408
20210829,경춘선,별내,1633,1541,3174
20210829,경춘선,퇴계원,1817,1742,3559
20210829,경춘선,신내,745,803,1548
20210829,경춘선,금곡,787,747,1534
20210829,경춘선,평내호평,3075,2916,5991
20210829,경춘선,천마산,957,948,1905
20210829,경춘선,사릉,1495,1450,2945
20210830,경춘선,청평,1596,1535,3131
20210830,경춘선,남춘천,2211,2246,4457
20210830,경춘선,김유정,316,339,655
20210830,경춘선,강촌,534,550,1084
20210830,경춘선,백양리,94,103,197
20210830,경춘선,굴봉산,108,113,221
20210830,경춘선,가평,1789,1707,3496
20210830,경춘선,상천,295,258,553
20210830,경춘선,대성리,509,416,925
20210830,경춘선,춘천,1419,1339,2758
20210830,경춘선,천마산,1696,1588,3284
20210830,경춘선,평내호평,6053,5876,11929
20210830,경춘선,신내,1769,1670,3439
20210830,경춘선,갈매,2977,2656,5633
20210830,경춘선,마석,3850,3792,7642
20210830,경춘선,퇴계원,3544,3298,6842
20210830,경춘선,사릉,3300,3191,6491
20210830,경춘선,금곡,1498,1474,2972
20210830,경춘선,별내,2970,2878,5848
20210831,경춘선,청평,1276,1174,2450
20210831,경춘선,남춘천,1931,2020,3951
20210831,경춘선,김유정,220,235,455
20210831,경춘선,강촌,455,368,823
20210831,경춘선,백양리,88,63,151
20210831,경춘선,굴봉산,111,92,203
20210831,경춘선,가평,1441,1250,2691
20210831,경춘선,상천,200,175,375
20210831,경춘선,대성리,417,358,775
20210831,경춘선,춘천,1257,1244,2501
20210831,경춘선,천마산,1471,1341,2812
20210831,경춘선,신내,1651,1579,3230
20210831,경춘선,갈매,2773,2428,5201
20210831,경춘선,별내,2725,2640,5365
20210831,경춘선,마석,3410,3416,6826
20210831,경춘선,사릉,2993,2995,5988
20210831,경춘선,금곡,1301,1295,2596
20210831,경춘선,평내호평,5470,5324,10794
20210831,경춘선,퇴계원,3261,3085,6346
20210901,경춘선,청평,1323,1324,2647
20210901,경춘선,남춘천,1874,1943,3817
20210901,경춘선,김유정,189,210,399
20210901,경춘선,강촌,368,381,749
20210901,경춘선,백양리,60,59,119
20210901,경춘선,굴봉산,85,87,172
20210901,경춘선,가평,1275,1270,2545
20210901,경춘선,상천,209,198,407
20210901,경춘선,춘천,1073,1049,2122
20210901,경춘선,마석,3529,3530,7059
20210901,경춘선,천마산,1569,1506,3075
20210901,경춘선,평내호평,5748,5572,11320
20210901,경춘선,금곡,1345,1369,2714
20210901,경춘선,사릉,3088,3073,6161
20210901,경춘선,퇴계원,3403,3130,6533
20210901,경춘선,별내,2795,2774,5569
20210901,경춘선,갈매,2840,2551,5391
20210901,경춘선,신내,1710,1577,3287
20210901,경춘선,대성리,429,378,807
20210902,경춘선,평내호평,6074,6011,12085
20210902,경춘선,금곡,1540,1518,3058
20210902,경춘선,사릉,3238,3219,6457
20210902,경춘선,천마산,1633,1510,3143
20210902,경춘선,별내,2986,2798,5784
20210902,경춘선,갈매,2927,2579,5506
20210902,경춘선,퇴계원,3556,3310,6866
20210902,경춘선,마석,3723,3755,7478
20210902,경춘선,신내,1768,1741,3509
20210902,경춘선,대성리,541,526,1067
20210902,경춘선,춘천,1383,1188,2571
20210902,경춘선,남춘천,2724,2623,5347
20210902,경춘선,김유정,257,305,562
20210902,경춘선,강촌,463,489,952
20210902,경춘선,청평,1451,1524,2975
20210902,경춘선,굴봉산,132,137,269
20210902,경춘선,가평,1511,1582,3093
20210902,경춘선,상천,285,267,552
20210902,경춘선,백양리,95,95,190
20210903,경춘선,갈매,3073,2746,5819
20210903,경춘선,별내,3094,3064,6158
20210903,경춘선,퇴계원,3518,3371,6889
20210903,경춘선,사릉,3403,3243,6646
20210903,경춘선,금곡,1524,1453,2977
20210903,경춘선,평내호평,6168,6162,12330
20210903,경춘선,천마산,1738,1630,3368
20210903,경춘선,마석,3969,4100,8069
20210903,경춘선,대성리,563,544,1107
20210903,경춘선,신내,1750,1766,3516
20210903,경춘선,상천,334,307,641
20210903,경춘선,춘천,1630,1381,3011
20210903,경춘선,남춘천,2568,2447,5015
20210903,경춘선,김유정,301,348,649
20210903,경춘선,청평,1703,1786,3489
20210903,경춘선,백양리,92,118,210
20210903,경춘선,굴봉산,145,125,270
20210903,경춘선,가평,1749,1897,3646
20210903,경춘선,강촌,421,457,878
20210904,경춘선,청평,1648,1727,3375
20210904,경춘선,남춘천,2422,2561,4983
20210904,경춘선,김유정,620,783,1403
20210904,경춘선,강촌,812,883,1695
20210904,경춘선,백양리,151,164,315
20210904,경춘선,굴봉산,219,202,421
20210904,경춘선,가평,1934,2189,4123
20210904,경춘선,상천,456,438,894
20210904,경춘선,춘천,1896,1762,3658
20210904,경춘선,대성리,790,768,1558
20210904,경춘선,천마산,1286,1269,2555
20210904,경춘선,마석,3128,3241,6369
20210904,경춘선,신내,1097,1094,2191
20210904,경춘선,갈매,1832,1588,3420
20210904,경춘선,별내,2286,2161,4447
20210904,경춘선,사릉,2097,2118,4215
20210904,경춘선,금곡,1083,989,2072
20210904,경춘선,평내호평,4349,4343,8692
20210904,경춘선,퇴계원,2495,2280,4775
20210905,경춘선,신내,866,869,1735
20210905,경춘선,갈매,1288,1150,2438
20210905,경춘선,별내,1790,1639,3429
20210905,경춘선,퇴계원,1995,1812,3807
20210905,경춘선,사릉,1625,1565,3190
20210905,경춘선,금곡,894,838,1732
20210905,경춘선,평내호평,3260,3166,6426
20210905,경춘선,천마산,1047,1086,2133
20210905,경춘선,마석,2428,2384,4812
20210905,경춘선,청평,1654,1365,3019
20210905,경춘선,상천,549,390,939
20210905,경춘선,춘천,1664,1511,3175
20210905,경춘선,남춘천,2258,2343,4601
20210905,경춘선,김유정,516,564,1080
20210905,경춘선,대성리,724,636,1360
20210905,경춘선,백양리,136,113,249
20210905,경춘선,굴봉산,208,203,411
20210905,경춘선,가평,2007,1583,3590
20210905,경춘선,강촌,806,588,1394
20210906,경춘선,청평,1583,1489,3072
20210906,경춘선,남춘천,1948,2145,4093
20210906,경춘선,김유정,276,246,522
20210906,경춘선,강촌,468,425,893
20210906,경춘선,백양리,81,75,156
20210906,경춘선,굴봉산,97,116,213
20210906,경춘선,가평,1583,1493,3076
20210906,경춘선,상천,286,266,552
20210906,경춘선,대성리,513,426,939
20210906,경춘선,춘천,1377,1386,2763
20210906,경춘선,천마산,1726,1625,3351
20210906,경춘선,신내,1838,1755,3593
20210906,경춘선,갈매,2949,2597,5546
20210906,경춘선,별내,3036,2903,5939
20210906,경춘선,마석,3923,3738,7661
20210906,경춘선,사릉,3350,3234,6584
20210906,경춘선,금곡,1491,1443,2934
20210906,경춘선,평내호평,6173,5943,12116
20210906,경춘선,퇴계원,3551,3243,6794
20210907,경춘선,청평,1124,1106,2230
20210907,경춘선,남춘천,2006,2059,4065
20210907,경춘선,김유정,199,199,398
20210907,경춘선,강촌,331,300,631
20210907,경춘선,백양리,56,51,107
20210907,경춘선,굴봉산,75,78,153
20210907,경춘선,가평,1169,1110,2279
20210907,경춘선,상천,189,177,366
20210907,경춘선,춘천,1173,1135,2308
20210907,경춘선,대성리,333,316,649
20210907,경춘선,천마산,1488,1371,2859
20210907,경춘선,평내호평,5405,5290,10695
20210907,경춘선,금곡,1287,1279,2566
20210907,경춘선,사릉,3048,2980,6028
20210907,경춘선,퇴계원,3227,3045,6272
20210907,경춘선,별내,2693,2634,5327
20210907,경춘선,갈매,2805,2391,5196
20210907,경춘선,신내,1683,1565,3248
20210907,경춘선,마석,3393,3278,6671
20210908,경춘선,상천,330,314,644
20210908,경춘선,가평,1408,1497,2905
20210908,경춘선,굴봉산,134,121,255
20210908,경춘선,춘천,1223,1230,2453
20210908,경춘선,강촌,406,429,835
20210908,경춘선,김유정,304,306,610
20210908,경춘선,남춘천,2103,2050,4153
20210908,경춘선,백양리,69,77,146
20210908,경춘선,청평,1523,1545,3068
20210908,경춘선,대성리,620,573,1193
20210908,경춘선,천마산,1732,1608,3340
20210908,경춘선,신내,1826,1757,3583
20210908,경춘선,갈매,3052,2719,5771
20210908,경춘선,별내,3034,2903,5937
20210908,경춘선,마석,3923,3927,7850
20210908,경춘선,사릉,3268,3199,6467
20210908,경춘선,금곡,1496,1497,2993
20210908,경춘선,평내호평,6148,5925,12073
20210908,경춘선,퇴계원,3536,3357,6893
20210909,경춘선,청평,1541,1610,3151
20210909,경춘선,남춘천,2272,2158,4430
20210909,경춘선,김유정,352,354,706
20210909,경춘선,강촌,488,510,998
20210909,경춘선,백양리,87,93,180
20210909,경춘선,굴봉산,142,150,292
20210909,경춘선,가평,1568,1635,3203
20210909,경춘선,상천,351,343,694
20210909,경춘선,대성리,648,624,1272
20210909,경춘선,마석,3895,3853,7748
20210909,경춘선,천마산,1674,1612,3286
20210909,경춘선,신내,1822,1782,3604
20210909,경춘선,갈매,3109,2702,5811
20210909,경춘선,별내,3209,3017,6226
20210909,경춘선,춘천,1570,1312,2882
20210909,경춘선,사릉,3372,3246,6618
20210909,경춘선,금곡,1557,1516,3073
20210909,경춘선,평내호평,6106,6082,12188
20210909,경춘선,퇴계원,3596,3376,6972
20210910,경춘선,마석,3826,3872,7698
20210910,경춘선,갈매,3059,2719,5778
20210910,경춘선,별내,3131,3112,6243
20210910,경춘선,퇴계원,3631,3388,7019
20210910,경춘선,사릉,3334,3202,6536
20210910,경춘선,금곡,1532,1485,3017
20210910,경춘선,평내호평,6293,6183,12476
20210910,경춘선,천마산,1750,1641,3391
20210910,경춘선,대성리,545,547,1092
20210910,경춘선,신내,1820,1840,3660
20210910,경춘선,상천,330,314,644
20210910,경춘선,춘천,1674,1330,3004
20210910,경춘선,남춘천,2501,2399,4900
20210910,경춘선,김유정,386,415,801
20210910,경춘선,청평,1654,1711,3365
20210910,경춘선,백양리,98,104,202
20210910,경춘선,굴봉산,164,149,313
20210910,경춘선,가평,1597,1798,3395
20210910,경춘선,강촌,437,482,919
20210911,경춘선,청평,1626,1781,3407
20210911,경춘선,남춘천,2459,2599,5058
20210911,경춘선,김유정,523,680,1203
20210911,경춘선,강촌,795,871,1666
20210911,경춘선,백양리,170,190,360
20210911,경춘선,굴봉산,166,191,357
20210911,경춘선,가평,1861,2084,3945
20210911,경춘선,상천,447,380,827
20210911,경춘선,대성리,708,710,1418
20210911,경춘선,춘천,1921,1777,3698
20210911,경춘선,천마산,1333,1342,2675
20210911,경춘선,신내,1086,1078,2164
20210911,경춘선,갈매,1929,1689,3618
20210911,경춘선,별내,2256,2128,4384
20210911,경춘선,마석,3025,3174,6199
20210911,경춘선,사릉,2245,2244,4489
20210911,경춘선,금곡,1125,1021,2146
20210911,경춘선,평내호평,4348,4203,8551
20210911,경춘선,퇴계원,2558,2364,4922
20210912,경춘선,마석,2566,2455,5021
20210912,경춘선,갈매,1453,1276,2729
20210912,경춘선,별내,1853,1692,3545
20210912,경춘선,퇴계원,2099,1858,3957
20210912,경춘선,사릉,1687,1750,3437
20210912,경춘선,금곡,948,911,1859
20210912,경춘선,평내호평,3403,3257,6660
20210912,경춘선,천마산,1110,1070,2180
20210912,경춘선,신내,904,884,1788
20210912,경춘선,대성리,768,642,1410
20210912,경춘선,상천,526,405,931
20210912,경춘선,가평,1875,1587,3462
20210912,경춘선,굴봉산,248,250,498
20210912,경춘선,백양리,142,128,270
20210912,경춘선,강촌,857,652,1509
20210912,경춘선,김유정,513,551,1064
20210912,경춘선,남춘천,2907,3113,6020
20210912,경춘선,춘천,1666,1455,3121
20210912,경춘선,청평,1655,1370,3025
20210913,경춘선,마석,4133,4098,8231
20210913,경춘선,천마산,1746,1651,3397
20210913,경춘선,평내호평,6370,5946,12316
20210913,경춘선,대성리,498,427,925
20210913,경춘선,사릉,3499,3293,6792
20210913,경춘선,퇴계원,3595,3344,6939
20210913,경춘선,별내,3209,3012,6221
20210913,경춘선,금곡,1532,1516,3048
20210913,경춘선,청평,1600,1464,3064
20210913,경춘선,신내,1850,1811,3661
20210913,경춘선,가평,1620,1587,3207
20210913,경춘선,갈매,3045,2598,5643
20210913,경춘선,춘천,1366,1418,2784
20210913,경춘선,남춘천,2122,2298,4420
20210913,경춘선,상천,357,324,681
20210913,경춘선,강촌,449,482,931
20210913,경춘선,백양리,78,72,150
20210913,경춘선,굴봉산,131,116,247
20210913,경춘선,김유정,307,301,608
20210914,경춘선,갈매,3033,2646,5679
20210914,경춘선,별내,3131,3010,6141
20210914,경춘선,퇴계원,3643,3227,6870
20210914,경춘선,사릉,3424,3336,6760
20210914,경춘선,금곡,1508,1511,3019
20210914,경춘선,평내호평,6076,5933,12009
20210914,경춘선,천마산,1707,1569,3276
20210914,경춘선,마석,3884,3778,7662
20210914,경춘선,대성리,543,508,1051
20210914,경춘선,신내,1773,1815,3588
20210914,경춘선,상천,345,337,682
20210914,경춘선,춘천,1398,1303,2701
20210914,경춘선,남춘천,2035,2060,4095
20210914,경춘선,김유정,251,281,532
20210914,경춘선,청평,1532,1515,3047
20210914,경춘선,백양리,84,91,175
20210914,경춘선,굴봉산,145,149,294
20210914,경춘선,가평,1555,1556,3111
20210914,경춘선,강촌,522,489,1011
20210915,경춘선,마석,3941,3803,7744
20210915,경춘선,갈매,3039,2627,5666
20210915,경춘선,별내,3166,3021,6187
20210915,경춘선,퇴계원,3659,3377,7036
20210915,경춘선,사릉,3438,3298,6736
20210915,경춘선,금곡,1504,1457,2961
20210915,경춘선,평내호평,6261,6090,12351
20210915,경춘선,천마산,1739,1609,3348
20210915,경춘선,신내,1887,1797,3684
20210915,경춘선,대성리,576,545,1121
20210915,경춘선,상천,330,295,625
20210915,경춘선,청평,1563,1534,3097
20210915,경춘선,춘천,1248,1179,2427
20210915,경춘선,남춘천,2147,2072,4219
20210915,경춘선,김유정,283,310,593
20210915,경춘선,백양리,71,80,151
20210915,경춘선,굴봉산,126,118,244
20210915,경춘선,가평,1489,1552,3041
20210915,경춘선,강촌,472,465,937
20210916,경춘선,신내,1902,1821,3723
20210916,경춘선,갈매,3070,2638,5708
20210916,경춘선,별내,3156,2955,6111
20210916,경춘선,퇴계원,3674,3323,6997
20210916,경춘선,사릉,3473,3341,6814
20210916,경춘선,금곡,1538,1518,3056
20210916,경춘선,평내호평,6139,5960,12099
20210916,경춘선,천마산,1735,1601,3336
20210916,경춘선,마석,3877,3859,7736
20210916,경춘선,대성리,567,490,1057
20210916,경춘선,상천,345,318,663
20210916,경춘선,춘천,1474,1197,2671
20210916,경춘선,남춘천,2238,2060,4298
20210916,경춘선,김유정,278,321,599
20210916,경춘선,청평,1559,1601,3160
20210916,경춘선,백양리,83,61,144
20210916,경춘선,굴봉산,122,136,258
20210916,경춘선,가평,1592,1677,3269
20210916,경춘선,강촌,470,444,914
20210917,경춘선,청평,1568,1658,3226
20210917,경춘선,남춘천,3615,3244,6859
20210917,경춘선,김유정,265,347,612
20210917,경춘선,강촌,431,442,873
20210917,경춘선,백양리,86,89,175
20210917,경춘선,굴봉산,149,138,287
20210917,경춘선,가평,1670,1802,3472
20210917,경춘선,상천,319,300,619
20210917,경춘선,대성리,455,441,896
20210917,경춘선,춘천,1835,1434,3269
20210917,경춘선,천마산,1743,1585,3328
20210917,경춘선,신내,1847,1734,3581
20210917,경춘선,갈매,3069,2613,5682
20210917,경춘선,별내,3225,3045,6270
20210917,경춘선,마석,3967,4114,8081
20210917,경춘선,사릉,3273,3257,6530
20210917,경춘선,금곡,1497,1514,3011
20210917,경춘선,평내호평,6302,6370,12672
20210917,경춘선,퇴계원,3605,3424,7029
20210918,경춘선,청평,1648,1895,3543
20210918,경춘선,남춘천,2425,2962,5387
20210918,경춘선,김유정,417,589,1006
20210918,경춘선,강촌,677,773,1450
20210918,경춘선,백양리,140,189,329
20210918,경춘선,굴봉산,176,198,374
20210918,경춘선,가평,1784,2391,4175
20210918,경춘선,상천,431,383,814
20210918,경춘선,춘천,1772,1822,3594
20210918,경춘선,대성리,702,689,1391
20210918,경춘선,천마산,1293,1293,2586
20210918,경춘선,평내호평,4221,4237,8458
20210918,경춘선,금곡,1113,986,2099
20210918,경춘선,사릉,2170,2194,4364
20210918,경춘선,퇴계원,2345,2205,4550
20210918,경춘선,별내,2099,2086,4185
20210918,경춘선,갈매,1746,1549,3295
20210918,경춘선,신내,1002,944,1946
20210918,경춘선,마석,3299,3467,6766
20210919,경춘선,천마산,1077,1079,2156
20210919,경춘선,평내호평,3224,3269,6493
20210919,경춘선,금곡,894,827,1721
20210919,경춘선,마석,2334,2431,4765
20210919,경춘선,퇴계원,1961,1827,3788
20210919,경춘선,별내,1591,1544,3135
20210919,경춘선,갈매,1251,1098,2349
20210919,경춘선,사릉,1676,1644,3320
20210919,경춘선,대성리,605,583,1188
20210919,경춘선,신내,786,718,1504
20210919,경춘선,상천,403,373,776
20210919,경춘선,춘천,1684,1730,3414
20210919,경춘선,남춘천,2067,2458,4525
20210919,경춘선,김유정,455,576,1031
20210919,경춘선,청평,1467,1661,3128
20210919,경춘선,백양리,116,130,246
20210919,경춘선,굴봉산,234,223,457
20210919,경춘선,가평,1974,2188,4162
20210919,경춘선,강촌,762,696,1458
20210920,경춘선,춘천,1685,1669,3354
20210920,경춘선,남춘천,1833,2217,4050
20210920,경춘선,김유정,461,587,1048
20210920,경춘선,강촌,645,540,1185
20210920,경춘선,백양리,133,98,231
20210920,경춘선,굴봉산,212,190,402
20210920,경춘선,가평,2041,2239,4280
20210920,경춘선,청평,1483,1605,3088
20210920,경춘선,대성리,607,483,1090
20210920,경춘선,상천,268,271,539
20210920,경춘선,천마산,866,941,1807
20210920,경춘선,마석,2053,2230,4283
20210920,경춘선,갈매,998,912,1910
20210920,경춘선,별내,1381,1281,2662
20210920,경춘선,퇴계원,1592,1506,3098
20210920,경춘선,신내,626,630,1256
20210920,경춘선,금곡,720,675,1395
20210920,경춘선,평내호평,2516,2609,5125
20210920,경춘선,사릉,1316,1429,2745
20210921,경춘선,굴봉산,137,91,228
20210921,경춘선,청평,1269,987,2256
20210921,경춘선,상천,214,177,391
20210921,경춘선,춘천,1843,1071,2914
20210921,경춘선,남춘천,2102,1729,3831
20210921,경춘선,김유정,300,271,571
20210921,경춘선,강촌,457,325,782
20210921,경춘선,백양리,74,71,145
20210921,경춘선,가평,1853,1347,3200
20210921,경춘선,갈매,789,702,1491
20210921,경춘선,마석,1889,1724,3613
20210921,경춘선,천마산,735,733,1468
20210921,경춘선,평내호평,2180,2018,4198
20210921,경춘선,금곡,657,586,1243
20210921,경춘선,사릉,1173,1146,2319
20210921,경춘선,퇴계원,1358,1267,2625
20210921,경춘선,별내,1017,979,1996
20210921,경춘선,신내,579,506,1085
20210921,경춘선,대성리,427,372,799
20210922,경춘선,가평,2092,1446,3538
20210922,경춘선,굴봉산,211,180,391
20210922,경춘선,백양리,93,96,189
20210922,경춘선,춘천,2574,1646,4220
20210922,경춘선,김유정,452,426,878
20210922,경춘선,남춘천,3118,2693,5811
20210922,경춘선,강촌,652,528,1180
20210922,경춘선,청평,1601,1126,2727
20210922,경춘선,상천,377,340,717
20210922,경춘선,대성리,543,427,970
20210922,경춘선,신내,710,732,1442
20210922,경춘선,갈매,1222,1132,2354
20210922,경춘선,별내,1632,1456,3088
20210922,경춘선,퇴계원,1902,1657,3559
20210922,경춘선,마석,2306,2142,4448
20210922,경춘선,금곡,885,771,1656
20210922,경춘선,평내호평,3229,2908,6137
20210922,경춘선,천마산,1018,932,1950
20210922,경춘선,사릉,1581,1502,3083
20210923,경춘선,청평,1586,1620,3206
20210923,경춘선,남춘천,2137,2281,4418
20210923,경춘선,김유정,337,374,711
20210923,경춘선,강촌,500,513,1013
20210923,경춘선,백양리,85,93,178
20210923,경춘선,굴봉산,153,139,292
20210923,경춘선,가평,1701,1687,3388
20210923,경춘선,상천,373,357,730
20210923,경춘선,대성리,580,530,1110
20210923,경춘선,춘천,1411,1283,2694
20210923,경춘선,천마산,1622,1523,3145
20210923,경춘선,신내,1749,1611,3360
20210923,경춘선,갈매,2833,2541,5374
20210923,경춘선,별내,3009,2909,5918
20210923,경춘선,마석,3823,3774,7597
20210923,경춘선,사릉,3219,3052,6271
20210923,경춘선,금곡,1520,1480,3000
20210923,경춘선,평내호평,6027,5820,11847
20210923,경춘선,퇴계원,3458,3158,6616
20210924,경춘선,청평,1804,1831,3635
20210924,경춘선,남춘천,2371,2336,4707
20210924,경춘선,김유정,378,447,825
20210924,경춘선,강촌,499,497,996
20210924,경춘선,백양리,98,94,192
20210924,경춘선,굴봉산,135,137,272
20210924,경춘선,가평,1850,1889,3739
20210924,경춘선,상천,303,308,611
20210924,경춘선,춘천,1608,1405,3013
20210924,경춘선,대성리,545,536,1081
20210924,경춘선,천마산,1657,1587,3244
20210924,경춘선,평내호평,6213,6077,12290
20210924,경춘선,금곡,1515,1465,2980
20210924,경춘선,사릉,3373,3234,6607
20210924,경춘선,퇴계원,3586,3340,6926
20210924,경춘선,별내,3152,3101,6253
20210924,경춘선,갈매,2942,2557,5499
20210924,경춘선,신내,1870,1815,3685
20210924,경춘선,마석,3846,3983,7829
20210925,경춘선,천마산,1364,1346,2710
20210925,경춘선,평내호평,4279,4142,8421
20210925,경춘선,금곡,1170,1107,2277
20210925,경춘선,신내,1166,1098,2264
20210925,경춘선,퇴계원,2523,2319,4842
20210925,경춘선,별내,2278,2190,4468
20210925,경춘선,갈매,1805,1673,3478
20210925,경춘선,사릉,2127,2214,4341
20210925,경춘선,마석,3042,3119,6161
20210925,경춘선,대성리,647,707,1354
20210925,경춘선,상천,580,518,1098
20210925,경춘선,춘천,1913,1718,3631
20210925,경춘선,남춘천,2317,2504,4821
20210925,경춘선,김유정,676,862,1538
20210925,경춘선,청평,1701,1783,3484
20210925,경춘선,백양리,141,133,274
20210925,경춘선,굴봉산,207,243,450
20210925,경춘선,가평,2107,2247,4354
20210925,경춘선,강촌,804,782,1586
20210926,경춘선,갈매,1316,1166,2482
20210926,경춘선,별내,1767,1679,3446
20210926,경춘선,퇴계원,1962,1748,3710
20210926,경춘선,사릉,1663,1620,3283
20210926,경춘선,금곡,897,879,1776
20210926,경춘선,평내호평,3252,3118,6370
20210926,경춘선,천마산,1085,1109,2194
20210926,경춘선,마석,2385,2297,4682
20210926,경춘선,대성리,714,592,1306
20210926,경춘선,신내,859,842,1701
20210926,경춘선,상천,509,414,923
20210926,경춘선,춘천,1737,1592,3329
20210926,경춘선,남춘천,2042,2166,4208
20210926,경춘선,김유정,564,599,1163
20210926,경춘선,청평,1605,1472,3077
20210926,경춘선,백양리,165,106,271
20210926,경춘선,굴봉산,250,229,479
20210926,경춘선,가평,1942,1682,3624
20210926,경춘선,강촌,824,717,1541
20210927,경춘선,마석,4014,3924,7938
20210927,경춘선,갈매,3073,2645,5718
20210927,경춘선,별내,3158,2987,6145
20210927,경춘선,퇴계원,3655,3384,7039
20210927,경춘선,사릉,3504,3340,6844
20210927,경춘선,금곡,1577,1559,3136
20210927,경춘선,평내호평,6348,6091,12439
20210927,경춘선,천마산,1752,1656,3408
20210927,경춘선,신내,1938,1847,3785
20210927,경춘선,대성리,534,462,996
20210927,경춘선,상천,357,320,677
20210927,경춘선,청평,1651,1541,3192
20210927,경춘선,춘천,1461,1465,2926
20210927,경춘선,남춘천,2654,2870,5524
20210927,경춘선,김유정,304,323,627
20210927,경춘선,백양리,87,90,177
20210927,경춘선,굴봉산,136,137,273
20210927,경춘선,가평,1686,1648,3334
20210927,경춘선,강촌,484,452,936
20210928,경춘선,춘천,1349,1346,2695
20210928,경춘선,남춘천,2122,2136,4258
20210928,경춘선,김유정,292,310,602
20210928,경춘선,강촌,447,380,827
20210928,경춘선,백양리,82,60,142
20210928,경춘선,굴봉산,121,108,229
20210928,경춘선,가평,1603,1646,3249
20210928,경춘선,상천,280,275,555
20210928,경춘선,청평,1593,1559,3152
20210928,경춘선,대성리,522,470,992
20210928,경춘선,천마산,1717,1550,3267
20210928,경춘선,신내,1905,1793,3698
20210928,경춘선,갈매,3003,2593,5596
20210928,경춘선,별내,3136,3023,6159
20210928,경춘선,마석,4223,4164,8387
20210928,경춘선,사릉,3448,3301,6749
20210928,경춘선,금곡,1580,1537,3117
20210928,경춘선,평내호평,5970,5969,11939
20210928,경춘선,퇴계원,3532,3254,6786
20210929,경춘선,청평,1283,1237,2520
20210929,경춘선,남춘천,1776,1823,3599
20210929,경춘선,김유정,179,202,381
20210929,경춘선,강촌,310,335,645
20210929,경춘선,백양리,40,51,91
20210929,경춘선,굴봉산,81,80,161
20210929,경춘선,가평,1230,1230,2460
20210929,경춘선,상천,239,205,444
20210929,경춘선,대성리,350,311,661
20210929,경춘선,춘천,1144,1105,2249
20210929,경춘선,천마산,1526,1408,2934
20210929,경춘선,신내,1744,1720,3464
20210929,경춘선,갈매,2827,2449,5276
20210929,경춘선,별내,2830,2772,5602
20210929,경춘선,마석,3523,3403,6926
20210929,경춘선,사릉,3279,3136,6415
20210929,경춘선,금곡,1394,1370,2764
20210929,경춘선,평내호평,5642,5446,11088
20210929,경춘선,퇴계원,3364,3132,6496
20210930,경춘선,청평,1624,1653,3277
20210930,경춘선,남춘천,2352,2184,4536
20210930,경춘선,김유정,372,408,780
20210930,경춘선,강촌,511,518,1029
20210930,경춘선,백양리,110,104,214
20210930,경춘선,굴봉산,144,157,301
20210930,경춘선,가평,1952,2060,4012
20210930,경춘선,상천,349,350,699
20210930,경춘선,춘천,1566,1338,2904
20210930,경춘선,대성리,554,511,1065
20210930,경춘선,천마산,1736,1614,3350
20210930,경춘선,평내호평,6247,6115,12362
20210930,경춘선,금곡,1594,1555,3149
20210930,경춘선,사릉,3523,3381,6904
20210930,경춘선,퇴계원,3666,3391,7057
20210930,경춘선,별내,3212,3085,6297
20210930,경춘선,갈매,3093,2700,5793
20210930,경춘선,신내,1902,1855,3757
20210930,경춘선,마석,3900,3860,7760
20211001,경춘선,천마산,1663,1602,3265
20211001,경춘선,평내호평,6261,6320,12581
20211001,경춘선,금곡,1518,1487,3005
20211001,경춘선,마석,3972,3996,7968
20211001,경춘선,별내,3194,3096,6290
20211001,경춘선,갈매,3112,2732,5844
20211001,경춘선,신내,1940,1841,3781
20211001,경춘선,퇴계원,3685,3466,7151
20211001,경춘선,대성리,551,515,1066
20211001,경춘선,사릉,3402,3263,6665
20211001,경춘선,상천,368,342,710
20211001,경춘선,남춘천,2626,2423,5049
20211001,경춘선,김유정,350,425,775
20211001,경춘선,강촌,453,517,970
20211001,경춘선,춘천,1687,1356,3043
20211001,경춘선,백양리,92,81,173
20211001,경춘선,굴봉산,148,156,304
20211001,경춘선,가평,2007,2071,4078
20211001,경춘선,청평,1756,1835,3591
20211002,경춘선,청평,1750,1966,3716
20211002,경춘선,춘천,2124,1973,4097
20211002,경춘선,김유정,646,762,1408
20211002,경춘선,강촌,793,911,1704
20211002,경춘선,백양리,135,145,280
20211002,경춘선,굴봉산,246,254,500
20211002,경춘선,가평,2454,2869,5323
20211002,경춘선,상천,473,432,905
20211002,경춘선,대성리,681,768,1449
20211002,경춘선,마석,3076,3218,6294
20211002,경춘선,천마산,1335,1425,2760
20211002,경춘선,신내,1165,1113,2278
20211002,경춘선,갈매,1875,1626,3501
20211002,경춘선,별내,2355,2313,4668
20211002,경춘선,남춘천,3258,3625,6883
20211002,경춘선,사릉,2157,2193,4350
20211002,경춘선,금곡,1133,1115,2248
20211002,경춘선,평내호평,4500,4272,8772
20211002,경춘선,퇴계원,2627,2436,5063
20211003,경춘선,청평,1837,1657,3494
20211003,경춘선,남춘천,2426,2409,4835
20211003,경춘선,김유정,794,850,1644
20211003,경춘선,강촌,1058,991,2049
20211003,경춘선,백양리,188,124,312
20211003,경춘선,굴봉산,281,247,528
20211003,경춘선,가평,2801,2612,5413
20211003,경춘선,상천,522,419,941
20211003,경춘선,대성리,692,647,1339
20211003,경춘선,춘천,2083,1791,3874
20211003,경춘선,천마산,1171,1228,2399
20211003,경춘선,신내,961,911,1872
20211003,경춘선,갈매,1487,1268,2755
20211003,경춘선,별내,1906,1779,3685
20211003,경춘선,마석,2858,2971,5829
20211003,경춘선,사릉,1813,1795,3608
20211003,경춘선,금곡,978,939,1917
20211003,경춘선,평내호평,3611,3413,7024
20211003,경춘선,퇴계원,2136,1999,4135
20211004,경춘선,청평,1466,1241,2707
20211004,경춘선,남춘천,2182,2317,4499
20211004,경춘선,김유정,509,520,1029
20211004,경춘선,강촌,583,501,1084
20211004,경춘선,백양리,97,87,184
20211004,경춘선,굴봉산,191,127,318
20211004,경춘선,가평,1924,1767,3691
20211004,경춘선,상천,321,275,596
20211004,경춘선,대성리,546,431,977
20211004,경춘선,춘천,1537,1371,2908
20211004,경춘선,천마산,1229,1159,2388
20211004,경춘선,신내,1048,1007,2055
20211004,경춘선,갈매,1645,1440,3085
20211004,경춘선,별내,1988,1917,3905
20211004,경춘선,마석,2730,2628,5358
20211004,경춘선,사릉,2077,1981,4058
20211004,경춘선,금곡,1013,967,1980
20211004,경춘선,평내호평,3838,3602,7440
20211004,경춘선,퇴계원,2264,2090,4354
20211005,경춘선,마석,3912,3777,7689
20211005,경춘선,갈매,3136,2741,5877
20211005,경춘선,별내,3219,3012,6231
20211005,경춘선,퇴계원,3598,3326,6924
20211005,경춘선,사릉,3538,3356,6894
20211005,경춘선,금곡,1505,1460,2965
20211005,경춘선,평내호평,6127,5894,12021
20211005,경춘선,천마산,1692,1612,3304
20211005,경춘선,신내,1886,1841,3727
20211005,경춘선,대성리,456,370,826
20211005,경춘선,상천,235,224,459
20211005,경춘선,가평,1610,1540,3150
20211005,경춘선,굴봉산,98,92,190
20211005,경춘선,백양리,69,61,130
20211005,경춘선,강촌,396,414,810
20211005,경춘선,김유정,239,250,489
20211005,경춘선,남춘천,2034,2111,4145
20211005,경춘선,춘천,1334,1300,2634
20211005,경춘선,청평,1461,1449,2910
20211006,경춘선,상천,215,219,434
20211006,경춘선,가평,1435,1383,2818
20211006,경춘선,굴봉산,103,90,193
20211006,경춘선,청평,1388,1398,2786
20211006,경춘선,강촌,414,395,809
20211006,경춘선,김유정,193,204,397
20211006,경춘선,남춘천,1983,2012,3995
20211006,경춘선,백양리,56,48,104
20211006,경춘선,대성리,418,370,788
20211006,경춘선,춘천,1179,1148,2327
20211006,경춘선,천마산,1585,1498,3083
20211006,경춘선,신내,1814,1713,3527
20211006,경춘선,갈매,3130,2710,5840
20211006,경춘선,별내,3095,2975,6070
20211006,경춘선,마석,3635,3614,7249
20211006,경춘선,사릉,3383,3221,6604
20211006,경춘선,금곡,1476,1453,2929
20211006,경춘선,평내호평,5921,5727,11648
20211006,경춘선,퇴계원,3420,3110,6530
20211007,경춘선,갈매,3179,2726,5905
20211007,경춘선,별내,3215,3082,6297
20211007,경춘선,퇴계원,3534,3263,6797
20211007,경춘선,사릉,3495,3264,6759
20211007,경춘선,금곡,1485,1450,2935
20211007,경춘선,평내호평,6063,5984,12047
20211007,경춘선,천마산,1672,1587,3259
20211007,경춘선,마석,3764,3722,7486
20211007,경춘선,대성리,434,387,821
20211007,경춘선,신내,1876,1782,3658
20211007,경춘선,상천,226,233,459
20211007,경춘선,춘천,1340,1159,2499
20211007,경춘선,남춘천,2566,2459,5025
20211007,경춘선,김유정,287,287,574
20211007,경춘선,청평,1481,1555,3036
20211007,경춘선,백양리,61,81,142
20211007,경춘선,굴봉산,103,103,206
20211007,경춘선,가평,1527,1619,3146
20211007,경춘선,강촌,406,407,813
20211008,경춘선,마석,4049,4127,8176
20211008,경춘선,갈매,3181,2790,5971
20211008,경춘선,별내,3253,3141,6394
20211008,경춘선,퇴계원,3612,3326,6938
20211008,경춘선,사릉,3446,3334,6780
20211008,경춘선,금곡,1501,1407,2908
20211008,경춘선,평내호평,6066,6153,12219
20211008,경춘선,천마산,1638,1522,3160
20211008,경춘선,신내,1944,1901,3845
20211008,경춘선,대성리,454,420,874
20211008,경춘선,상천,267,260,527
20211008,경춘선,청평,1615,1734,3349
20211008,경춘선,춘천,1583,1351,2934
20211008,경춘선,남춘천,2632,2539,5171
20211008,경춘선,김유정,332,351,683
20211008,경춘선,백양리,97,90,187
20211008,경춘선,굴봉산,124,141,265
20211008,경춘선,가평,1796,1946,3742
20211008,경춘선,강촌,428,527,955
20211009,경춘선,춘천,2125,2147,4272
20211009,경춘선,남춘천,2772,3311,6083
20211009,경춘선,김유정,687,869,1556
20211009,경춘선,강촌,847,921,1768
20211009,경춘선,백양리,132,131,263
20211009,경춘선,굴봉산,226,191,417
20211009,경춘선,가평,2692,3270,5962
20211009,경춘선,상천,375,343,718
20211009,경춘선,청평,1688,1978,3666
20211009,경춘선,대성리,693,694,1387
20211009,경춘선,천마산,1322,1363,2685
20211009,경춘선,신내,1117,1089,2206
20211009,경춘선,갈매,1808,1596,3404
20211009,경춘선,별내,2229,2171,4400
20211009,경춘선,마석,2997,2911,5908
20211009,경춘선,사릉,2139,2051,4190
20211009,경춘선,금곡,1095,1044,2139
20211009,경춘선,평내호평,4288,4050,8338
20211009,경춘선,퇴계원,2505,2261,4766
20211010,경춘선,마석,2410,2380,4790
20211010,경춘선,갈매,1293,1139,2432
20211010,경춘선,별내,1725,1640,3365
20211010,경춘선,퇴계원,1733,1596,3329
20211010,경춘선,사릉,1560,1558,3118
20211010,경춘선,금곡,781,785,1566
20211010,경춘선,평내호평,2937,2905,5842
20211010,경춘선,천마산,970,903,1873
20211010,경춘선,대성리,574,497,1071
20211010,경춘선,신내,804,842,1646
20211010,경춘선,상천,329,254,583
20211010,경춘선,춘천,1880,1482,3362
20211010,경춘선,남춘천,2359,2499,4858
20211010,경춘선,김유정,600,674,1274
20211010,경춘선,청평,1468,1333,2801
20211010,경춘선,백양리,127,80,207
20211010,경춘선,굴봉산,200,178,378
20211010,경춘선,가평,2084,1761,3845
20211010,경춘선,강촌,764,650,1414
20211011,경춘선,청평,1689,1350,3039
20211011,경춘선,남춘천,2599,2733,5332
20211011,경춘선,김유정,586,598,1184
20211011,경춘선,강촌,801,654,1455
20211011,경춘선,백양리,103,93,196
20211011,경춘선,굴봉산,190,151,341
20211011,경춘선,가평,2567,2220,4787
20211011,경춘선,상천,382,319,701
20211011,경춘선,춘천,2042,1787,3829
20211011,경춘선,대성리,639,509,1148
20211011,경춘선,천마산,1362,1309,2671
20211011,경춘선,평내호평,4253,4021,8274
20211011,경춘선,금곡,1125,1116,2241
20211011,경춘선,사릉,2184,2122,4306
20211011,경춘선,퇴계원,2452,2308,4760
20211011,경춘선,별내,2223,2088,4311
20211011,경춘선,갈매,1709,1509,3218
20211011,경춘선,신내,1134,1157,2291
20211011,경춘선,마석,3011,2902,5913
20211012,경춘선,상천,279,274,553
20211012,경춘선,가평,1952,1893,3845
20211012,경춘선,굴봉산,121,111,232
20211012,경춘선,청평,1626,1550,3176
20211012,경춘선,강촌,546,498,1044
20211012,경춘선,김유정,329,345,674
20211012,경춘선,남춘천,2913,3040,5953
20211012,경춘선,백양리,88,66,154
20211012,경춘선,대성리,518,459,977
20211012,경춘선,춘천,1487,1425,2912
20211012,경춘선,천마산,1772,1643,3415
20211012,경춘선,신내,2176,1983,4159
20211012,경춘선,갈매,3388,2797,6185
20211012,경춘선,별내,3375,3137,6512
20211012,경춘선,마석,4081,3999,8080
20211012,경춘선,사릉,3673,3429,7102
20211012,경춘선,금곡,1607,1525,3132
20211012,경춘선,평내호평,6379,6160,12539
20211012,경춘선,퇴계원,3752,3434,7186
20211013,경춘선,신내,2092,2002,4094
20211013,경춘선,갈매,3251,2821,6072
20211013,경춘선,별내,3286,3095,6381
20211013,경춘선,퇴계원,3646,3335,6981
20211013,경춘선,사릉,3590,3350,6940
20211013,경춘선,금곡,1590,1557,3147
20211013,경춘선,평내호평,6423,6187,12610
20211013,경춘선,마석,4312,4369,8681
20211013,경춘선,대성리,531,518,1049
20211013,경춘선,천마산,1710,1573,3283
20211013,경춘선,상천,335,295,630
20211013,경춘선,청평,1680,1668,3348
20211013,경춘선,남춘천,2303,2341,4644
20211013,경춘선,김유정,357,370,727
20211013,경춘선,강촌,575,564,1139
20211013,경춘선,춘천,1336,1296,2632
20211013,경춘선,굴봉산,157,133,290
20211013,경춘선,가평,2013,2005,4018
20211013,경춘선,백양리,75,69,144
20211014,경춘선,천마산,1688,1571,3259
20211014,경춘선,갈매,3217,2730,5947
20211014,경춘선,신내,2076,2028,4104
20211014,경춘선,별내,3353,3204,6557
20211014,경춘선,퇴계원,3638,3419,7057
20211014,경춘선,사릉,3565,3366,6931
20211014,경춘선,금곡,1634,1627,3261
20211014,경춘선,평내호평,6331,6152,12483
20211014,경춘선,마석,4101,4079,8180
20211014,경춘선,남춘천,2444,2425,4869
20211014,경춘선,청평,1671,1728,3399
20211014,경춘선,상천,302,293,595
20211014,경춘선,가평,2047,2045,4092
20211014,경춘선,굴봉산,161,143,304
20211014,경춘선,백양리,108,123,231
20211014,경춘선,강촌,612,600,1212
20211014,경춘선,김유정,359,416,775
20211014,경춘선,춘천,1628,1381,3009
20211014,경춘선,대성리,564,497,1061
20211015,경춘선,가평,1868,2041,3909
20211015,경춘선,굴봉산,117,125,242
20211015,경춘선,백양리,96,90,186
20211015,경춘선,춘천,1570,1303,2873
20211015,경춘선,김유정,338,393,731
20211015,경춘선,남춘천,2609,2608,5217
20211015,경춘선,강촌,436,471,907
20211015,경춘선,청평,1708,1785,3493
20211015,경춘선,상천,271,300,571
20211015,경춘선,대성리,534,472,1006
20211015,경춘선,신내,2091,1997,4088
20211015,경춘선,갈매,3172,2778,5950
20211015,경춘선,별내,3354,3181,6535
20211015,경춘선,퇴계원,3685,3407,7092
20211015,경춘선,마석,3855,3963,7818
20211015,경춘선,금곡,1569,1552,3121
20211015,경춘선,평내호평,6282,6302,12584
20211015,경춘선,천마산,1737,1661,3398
20211015,경춘선,사릉,3582,3310,6892
20211016,경춘선,청평,1674,1735,3409
20211016,경춘선,남춘천,2628,2936,5564
20211016,경춘선,김유정,576,697,1273
20211016,경춘선,강촌,695,824,1519
20211016,경춘선,백양리,113,159,272
20211016,경춘선,굴봉산,216,217,433
20211016,경춘선,가평,2245,2361,4606
20211016,경춘선,상천,471,415,886
20211016,경춘선,대성리,612,579,1191
20211016,경춘선,춘천,1822,1820,3642
20211016,경춘선,천마산,1295,1344,2639
20211016,경춘선,신내,1190,1161,2351
20211016,경춘선,갈매,1949,1625,3574
20211016,경춘선,별내,2308,2234,4542
20211016,경춘선,마석,3267,3227,6494
20211016,경춘선,사릉,2259,2302,4561
20211016,경춘선,금곡,1123,1051,2174
20211016,경춘선,평내호평,4493,4281,8774
20211016,경춘선,퇴계원,2643,2424,5067
20211017,경춘선,청평,1524,1330,2854
20211017,경춘선,남춘천,2973,2965,5938
20211017,경춘선,김유정,485,474,959
20211017,경춘선,강촌,769,606,1375
20211017,경춘선,백양리,103,119,222
20211017,경춘선,굴봉산,171,175,346
20211017,경춘선,가평,1960,1653,3613
20211017,경춘선,상천,382,318,700
20211017,경춘선,춘천,1790,1374,3164
20211017,경춘선,대성리,593,446,1039
20211017,경춘선,천마산,1024,1019,2043
20211017,경춘선,평내호평,3212,3023,6235
20211017,경춘선,금곡,872,830,1702
20211017,경춘선,사릉,1605,1584,3189
20211017,경춘선,퇴계원,1959,1766,3725
20211017,경춘선,별내,1668,1545,3213
20211017,경춘선,갈매,1328,1184,2512
20211017,경춘선,신내,814,858,1672
20211017,경춘선,마석,2354,2355,4709
20211018,경춘선,상천,234,234,468
20211018,경춘선,가평,1850,1730,3580
20211018,경춘선,굴봉산,142,115,257
20211018,경춘선,춘천,1528,1454,2982
20211018,경춘선,강촌,590,546,1136
20211018,경춘선,김유정,284,299,583
20211018,경춘선,남춘천,2420,2478,4898
20211018,경춘선,백양리,91,71,162
20211018,경춘선,청평,1492,1431,2923
20211018,경춘선,대성리,472,449,921
20211018,경춘선,천마산,1668,1531,3199
20211018,경춘선,신내,1989,1869,3858
20211018,경춘선,갈매,3100,2680,5780
20211018,경춘선,별내,3294,3121,6415
20211018,경춘선,마석,4037,4063,8100
20211018,경춘선,사릉,3463,3306,6769
20211018,경춘선,금곡,1555,1490,3045
20211018,경춘선,평내호평,6385,5981,12366
20211018,경춘선,퇴계원,3569,3252,6821
20211019,경춘선,남춘천,2106,2228,4334
20211019,경춘선,금곡,1552,1457,3009
20211019,경춘선,사릉,3570,3408,6978
20211019,경춘선,퇴계원,3565,3291,6856
20211019,경춘선,별내,3314,3049,6363
20211019,경춘선,갈매,3117,2683,5800
20211019,경춘선,신내,2004,1933,3937
20211019,경춘선,굴봉산,110,96,206
20211019,경춘선,백양리,91,73,164
20211019,경춘선,춘천,1667,1462,3129
20211019,경춘선,김유정,281,291,572
20211019,경춘선,평내호평,6163,5985,12148
20211019,경춘선,천마산,1693,1569,3262
20211019,경춘선,마석,3872,3776,7648
20211019,경춘선,강촌,571,585,1156
20211019,경춘선,청평,1511,1468,2979
20211019,경춘선,상천,231,228,459
20211019,경춘선,가평,1542,1512,3054
20211019,경춘선,대성리,477,411,888
20211020,경춘선,청평,1554,1570,3124
20211020,경춘선,남춘천,2500,2515,5015
20211020,경춘선,김유정,311,342,653
20211020,경춘선,강촌,609,627,1236
20211020,경춘선,백양리,98,107,205
20211020,경춘선,굴봉산,135,150,285
20211020,경춘선,가평,1764,1771,3535
20211020,경춘선,상천,264,244,508
20211020,경춘선,춘천,1655,1417,3072
20211020,경춘선,대성리,521,460,981
20211020,경춘선,천마산,1780,1638,3418
20211020,경춘선,마석,4086,4038,8124
20211020,경춘선,신내,1998,1992,3990
20211020,경춘선,갈매,3240,2812,6052
20211020,경춘선,별내,3391,3164,6555
20211020,경춘선,사릉,3538,3376,6914
20211020,경춘선,금곡,1624,1585,3209
20211020,경춘선,평내호평,6492,6232,12724
20211020,경춘선,퇴계원,3768,3430,7198
20211021,경춘선,춘천,1751,1468,3219
20211021,경춘선,남춘천,2821,2675,5496
20211021,경춘선,김유정,378,433,811
20211021,경춘선,강촌,679,584,1263
20211021,경춘선,백양리,82,86,168
20211021,경춘선,굴봉산,133,122,255
20211021,경춘선,가평,1858,1907,3765
20211021,경춘선,상천,292,292,584
20211021,경춘선,청평,1486,1551,3037
20211021,경춘선,대성리,517,462,979
20211021,경춘선,천마산,1709,1625,3334
20211021,경춘선,신내,1999,2025,4024
20211021,경춘선,갈매,3204,2753,5957
20211021,경춘선,별내,3445,3205,6650
20211021,경춘선,마석,4063,3998,8061
20211021,경춘선,사릉,3605,3394,6999
20211021,경춘선,금곡,1581,1546,3127
20211021,경춘선,평내호평,6339,6261,12600
20211021,경춘선,퇴계원,3680,3464,7144
20211022,경춘선,마석,4040,4150,8190
20211022,경춘선,갈매,3178,2736,5914
20211022,경춘선,별내,3400,3204,6604
20211022,경춘선,퇴계원,3756,3553,7309
20211022,경춘선,사릉,3598,3468,7066
20211022,경춘선,금곡,1588,1501,3089
20211022,경춘선,평내호평,6413,6356,12769
20211022,경춘선,천마산,1788,1667,3455
20211022,경춘선,대성리,586,556,1142
20211022,경춘선,신내,2093,1990,4083
20211022,경춘선,상천,313,285,598
20211022,경춘선,춘천,1962,1544,3506
20211022,경춘선,남춘천,3692,3604,7296
20211022,경춘선,김유정,307,369,676
20211022,경춘선,청평,1676,1887,3563
20211022,경춘선,백양리,85,81,166
20211022,경춘선,굴봉산,161,162,323
20211022,경춘선,가평,1990,2056,4046
20211022,경춘선,강촌,506,525,1031
20211023,경춘선,대성리,721,726,1447
20211023,경춘선,별내,2547,2411,4958
20211023,경춘선,퇴계원,2845,2611,5456
20211023,경춘선,사릉,2357,2312,4669
20211023,경춘선,금곡,1184,1117,2301
20211023,경춘선,평내호평,4931,4731,9662
20211023,경춘선,천마산,1400,1403,2803
20211023,경춘선,마석,3621,3714,7335
20211023,경춘선,갈매,2064,1725,3789
20211023,경춘선,청평,1749,1869,3618
20211023,경춘선,가평,2769,3084,5853
20211023,경춘선,굴봉산,214,202,416
20211023,경춘선,백양리,132,216,348
20211023,경춘선,강촌,881,944,1825
20211023,경춘선,김유정,621,824,1445
20211023,경춘선,남춘천,2886,3316,6202
20211023,경춘선,춘천,2395,2170,4565
20211023,경춘선,신내,1235,1258,2493
20211023,경춘선,상천,464,363,827
20211024,경춘선,평내호평,3568,3405,6973
20211024,경춘선,금곡,887,865,1752
20211024,경춘선,사릉,1794,1780,3574
20211024,경춘선,천마산,1147,1144,2291
20211024,경춘선,별내,1846,1779,3625
20211024,경춘선,갈매,1496,1364,2860
20211024,경춘선,신내,861,919,1780
20211024,경춘선,퇴계원,2236,1927,4163
20211024,경춘선,마석,2584,2488,5072
20211024,경춘선,대성리,794,687,1481
20211024,경춘선,청평,1790,1460,3250
20211024,경춘선,남춘천,2849,2742,5591
20211024,경춘선,김유정,611,670,1281
20211024,경춘선,강촌,1036,811,1847
20211024,경춘선,춘천,2484,1762,4246
20211024,경춘선,굴봉산,252,227,479
20211024,경춘선,가평,2708,2255,4963
20211024,경춘선,상천,402,303,705
20211024,경춘선,백양리,163,147,310
20211025,경춘선,상천,296,286,582
20211025,경춘선,춘천,1644,1567,3211
20211025,경춘선,남춘천,2653,2859,5512
20211025,경춘선,김유정,345,343,688
20211025,경춘선,강촌,454,442,896
20211025,경춘선,백양리,80,89,169
20211025,경춘선,굴봉산,185,153,338
20211025,경춘선,가평,1941,1873,3814
20211025,경춘선,청평,1641,1607,3248
20211025,경춘선,대성리,515,398,913
20211025,경춘선,마석,4143,4053,8196
20211025,경춘선,갈매,3238,2773,6011
20211025,경춘선,별내,3443,3254,6697
20211025,경춘선,퇴계원,3720,3396,7116
20211025,경춘선,신내,2017,1908,3925
20211025,경춘선,금곡,1651,1594,3245
20211025,경춘선,평내호평,6611,6209,12820
20211025,경춘선,천마산,1824,1665,3489
20211025,경춘선,사릉,3695,3450,7145
20211026,경춘선,마석,4143,4064,8207
20211026,경춘선,갈매,3241,2800,6041
20211026,경춘선,별내,3488,3268,6756
20211026,경춘선,퇴계원,3809,3458,7267
20211026,경춘선,사릉,3679,3470,7149
20211026,경춘선,금곡,1600,1541,3141
20211026,경춘선,평내호평,6474,6323,12797
20211026,경춘선,천마산,1752,1607,3359
20211026,경춘선,대성리,564,516,1080
20211026,경춘선,신내,2072,2013,4085
20211026,경춘선,상천,301,276,577
20211026,경춘선,춘천,1957,1696,3653
20211026,경춘선,남춘천,2728,2837,5565
20211026,경춘선,김유정,358,389,747
20211026,경춘선,청평,1576,1517,3093
20211026,경춘선,백양리,71,77,148
20211026,경춘선,굴봉산,137,133,270
20211026,경춘선,가평,1885,1913,3798
20211026,경춘선,강촌,556,520,1076
20211027,경춘선,마석,4142,4137,8279
20211027,경춘선,갈매,3186,2777,5963
20211027,경춘선,별내,3416,3125,6541
20211027,경춘선,퇴계원,3786,3455,7241
20211027,경춘선,사릉,3625,3441,7066
20211027,경춘선,금곡,1627,1597,3224
20211027,경춘선,평내호평,6436,6174,12610
20211027,경춘선,천마산,1777,1647,3424
20211027,경춘선,대성리,528,483,1011
20211027,경춘선,신내,2079,2067,4146
20211027,경춘선,상천,339,319,658
20211027,경춘선,춘천,1660,1478,3138
20211027,경춘선,남춘천,3498,3497,6995
20211027,경춘선,김유정,375,402,777
20211027,경춘선,청평,1661,1609,3270
20211027,경춘선,백양리,79,78,157
20211027,경춘선,굴봉산,131,126,257
20211027,경춘선,가평,1830,1841,3671
20211027,경춘선,강촌,602,583,1185
20211028,경춘선,마석,4452,4439,8891
20211028,경춘선,갈매,3273,2837,6110
20211028,경춘선,별내,3496,3363,6859
20211028,경춘선,퇴계원,3855,3550,7405
20211028,경춘선,사릉,3604,3510,7114
20211028,경춘선,금곡,1679,1672,3351
20211028,경춘선,평내호평,6546,6401,12947
20211028,경춘선,천마산,1738,1608,3346
20211028,경춘선,신내,2055,2074,4129
20211028,경춘선,대성리,568,515,1083
20211028,경춘선,상천,310,299,609
20211028,경춘선,가평,2055,2091,4146
20211028,경춘선,굴봉산,161,131,292
20211028,경춘선,백양리,139,108,247
20211028,경춘선,강촌,617,562,1179
20211028,경춘선,김유정,377,444,821
20211028,경춘선,남춘천,3025,2991,6016
20211028,경춘선,춘천,2130,1648,3778
20211028,경춘선,청평,1679,1705,3384
20211029,경춘선,사릉,3613,3470,7083
20211029,경춘선,퇴계원,3843,3507,7350
20211029,경춘선,별내,3489,3435,6924
20211029,경춘선,금곡,1599,1551,3150
20211029,경춘선,신내,2100,2114,4214
20211029,경춘선,춘천,2205,1776,3981
20211029,경춘선,남춘천,3292,3259,6551
20211029,경춘선,갈매,3332,2812,6144
20211029,경춘선,평내호평,6640,6580,13220
20211029,경춘선,김유정,384,462,846
20211029,경춘선,마석,4173,4175,8348
20211029,경춘선,강촌,487,600,1087
20211029,경춘선,백양리,95,108,203
20211029,경춘선,굴봉산,141,156,297
20211029,경춘선,천마산,1812,1752,3564
20211029,경춘선,상천,308,305,613
20211029,경춘선,청평,1713,1834,3547
20211029,경춘선,대성리,542,555,1097
20211029,경춘선,가평,2166,2405,4571
20211030,경춘선,갈매,2101,1805,3906
20211030,경춘선,별내,2548,2474,5022
20211030,경춘선,퇴계원,2832,2539,5371
20211030,경춘선,사릉,2440,2340,4780
20211030,경춘선,금곡,1261,1152,2413
20211030,경춘선,평내호평,5145,4891,10036
20211030,경춘선,천마산,1392,1435,2827
20211030,경춘선,마석,3482,3506,6988
20211030,경춘선,대성리,749,721,1470
20211030,경춘선,신내,1277,1310,2587
20211030,경춘선,상천,487,433,920
20211030,경춘선,춘천,2643,2374,5017
20211030,경춘선,남춘천,3036,3496,6532
20211030,경춘선,김유정,674,821,1495
20211030,경춘선,청평,1959,2134,4093
20211030,경춘선,백양리,137,164,301
20211030,경춘선,굴봉산,200,211,411
20211030,경춘선,가평,3735,4067,7802
20211030,경춘선,강촌,923,944,1867
20211031,경춘선,마석,2745,2653,5398
20211031,경춘선,갈매,1548,1418,2966
20211031,경춘선,별내,1995,1834,3829
20211031,경춘선,퇴계원,2283,2059,4342
20211031,경춘선,사릉,1873,1841,3714
20211031,경춘선,금곡,926,895,1821
20211031,경춘선,평내호평,3787,3500,7287
20211031,경춘선,천마산,1150,1180,2330
20211031,경춘선,신내,988,1034,2022
20211031,경춘선,대성리,741,544,1285
20211031,경춘선,상천,514,346,860
20211031,경춘선,청평,2096,1525,3621
20211031,경춘선,춘천,2637,1931,4568
20211031,경춘선,남춘천,2868,2948,5816
20211031,경춘선,김유정,573,648,1221
20211031,경춘선,백양리,180,144,324
20211031,경춘선,굴봉산,235,192,427
20211031,경춘선,가평,5243,3934,9177
20211031,경춘선,강촌,1052,786,1838
20211101,경춘선,신내,2120,1966,4086
20211101,경춘선,갈매,3268,2812,6080
20211101,경춘선,별내,3536,3317,6853
20211101,경춘선,퇴계원,3679,3410,7089
20211101,경춘선,사릉,3689,3433,7122
20211101,경춘선,금곡,1612,1520,3132
20211101,경춘선,평내호평,6591,6154,12745
20211101,경춘선,천마산,1829,1629,3458
20211101,경춘선,마석,4088,4016,8104
20211101,경춘선,대성리,510,425,935
20211101,경춘선,상천,278,260,538
20211101,경춘선,춘천,1741,1704,3445
20211101,경춘선,남춘천,2430,2693,5123
20211101,경춘선,김유정,323,312,635
20211101,경춘선,청평,1585,1543,3128
20211101,경춘선,백양리,91,86,177
20211101,경춘선,굴봉산,171,150,321
20211101,경춘선,가평,2017,1936,3953
20211101,경춘선,강촌,482,435,917
20211102,경춘선,청평,1726,1618,3344
20211102,경춘선,남춘천,3328,3465,6793
20211102,경춘선,김유정,368,429,797
20211102,경춘선,강촌,537,533,1070
20211102,경춘선,백양리,92,93,185
20211102,경춘선,굴봉산,161,144,305
20211102,경춘선,가평,2197,2194,4391
20211102,경춘선,상천,311,293,604
20211102,경춘선,대성리,514,486,1000
20211102,경춘선,춘천,1732,1513,3245
20211102,경춘선,천마산,1794,1632,3426
20211102,경춘선,신내,2150,2071,4221
20211102,경춘선,갈매,3250,2844,6094
20211102,경춘선,별내,3606,3320,6926
20211102,경춘선,마석,4197,4154,8351
20211102,경춘선,사릉,3610,3399,7009
20211102,경춘선,금곡,1627,1611,3238
20211102,경춘선,평내호평,6587,6351,12938
20211102,경춘선,퇴계원,3761,3522,7283
20211103,경춘선,마석,4557,4555,9112
20211103,경춘선,갈매,3305,2912,6217
20211103,경춘선,별내,3662,3377,7039
20211103,경춘선,퇴계원,3798,3468,7266
20211103,경춘선,사릉,3672,3461,7133
20211103,경춘선,금곡,1607,1546,3153
20211103,경춘선,평내호평,6681,6372,13053
20211103,경춘선,천마산,1809,1701,3510
20211103,경춘선,신내,2125,2033,4158
20211103,경춘선,대성리,484,480,964
20211103,경춘선,상천,347,340,687
20211103,경춘선,가평,2104,2200,4304
20211103,경춘선,굴봉산,162,146,308
20211103,경춘선,백양리,78,73,151
20211103,경춘선,강촌,576,583,1159
20211103,경춘선,김유정,382,389,771
20211103,경춘선,남춘천,2429,2483,4912
20211103,경춘선,춘천,1659,1413,3072
20211103,경춘선,청평,1690,1697,3387
20211104,경춘선,천마산,1747,1579,3326
20211104,경춘선,평내호평,6495,6284,12779
20211104,경춘선,금곡,1573,1523,3096
20211104,경춘선,마석,4082,4009,8091
20211104,경춘선,퇴계원,3802,3486,7288
20211104,경춘선,별내,3533,3272,6805
20211104,경춘선,갈매,3203,2788,5991
20211104,경춘선,사릉,3620,3454,7074
20211104,경춘선,대성리,575,493,1068
20211104,경춘선,신내,2151,1988,4139
20211104,경춘선,상천,306,309,615
20211104,경춘선,춘천,1930,1499,3429
20211104,경춘선,남춘천,2648,2593,5241
20211104,경춘선,김유정,336,429,765
20211104,경춘선,청평,1559,1657,3216
20211104,경춘선,백양리,83,91,174
20211104,경춘선,굴봉산,157,146,303
20211104,경춘선,가평,2204,2258,4462
20211104,경춘선,강촌,612,529,1141
20211105,경춘선,신내,2124,2056,4180
20211105,경춘선,갈매,3381,2875,6256
20211105,경춘선,별내,3656,3471,7127
20211105,경춘선,퇴계원,3915,3554,7469
20211105,경춘선,사릉,3715,3525,7240
20211105,경춘선,금곡,1617,1545,3162
20211105,경춘선,평내호평,6565,6637,13202
20211105,경춘선,마석,4248,4237,8485
20211105,경춘선,대성리,639,612,1251
20211105,경춘선,천마산,1790,1554,3344
20211105,경춘선,상천,326,320,646
20211105,경춘선,청평,1765,1972,3737
20211105,경춘선,남춘천,3262,3137,6399
20211105,경춘선,김유정,431,543,974
20211105,경춘선,강촌,551,550,1101
20211105,경춘선,춘천,2140,1709,3849
20211105,경춘선,굴봉산,145,142,287
20211105,경춘선,가평,2574,2721,5295
20211105,경춘선,백양리,93,101,194
20211106,경춘선,상천,567,427,994
20211106,경춘선,남춘천,3180,3661,6841
20211106,경춘선,춘천,2679,2482,5161
20211106,경춘선,김유정,644,850,1494
20211106,경춘선,강촌,920,970,1890
20211106,경춘선,백양리,198,201,399
20211106,경춘선,굴봉산,228,213,441
20211106,경춘선,가평,4508,5091,9599
20211106,경춘선,청평,2001,2275,4276
20211106,경춘선,갈매,2093,1797,3890
20211106,경춘선,마석,3549,3555,7104
20211106,경춘선,천마산,1441,1423,2864
20211106,경춘선,평내호평,4992,4873,9865
20211106,경춘선,금곡,1171,1124,2295
20211106,경춘선,사릉,2524,2385,4909
20211106,경춘선,퇴계원,2875,2469,5344
20211106,경춘선,별내,2563,2421,4984
20211106,경춘선,신내,1338,1303,2641
20211106,경춘선,대성리,769,889,1658
20211107,경춘선,평내호평,3759,3637,7396
20211107,경춘선,금곡,1020,944,1964
20211107,경춘선,사릉,2039,1932,3971
20211107,경춘선,신내,975,1031,2006
20211107,경춘선,별내,2071,1839,3910
20211107,경춘선,갈매,1635,1396,3031
20211107,경춘선,퇴계원,2330,2160,4490
20211107,경춘선,마석,2883,2799,5682
20211107,경춘선,천마산,1249,1189,2438
20211107,경춘선,대성리,906,611,1517
20211107,경춘선,춘천,2430,1837,4267
20211107,경춘선,남춘천,3506,3694,7200
20211107,경춘선,김유정,618,702,1320
20211107,경춘선,강촌,1217,873,2090
20211107,경춘선,청평,2275,1602,3877
20211107,경춘선,굴봉산,275,241,516
20211107,경춘선,가평,5149,4122,9271
20211107,경춘선,상천,562,432,994
20211107,경춘선,백양리,133,116,249
20211108,경춘선,청평,1303,1204,2507
20211108,경춘선,남춘천,2030,2227,4257
20211108,경춘선,김유정,215,197,412
20211108,경춘선,강촌,361,338,699
20211108,경춘선,백양리,46,49,95
20211108,경춘선,굴봉산,77,71,148
20211108,경춘선,가평,1507,1332,2839
20211108,경춘선,상천,178,168,346
20211108,경춘선,대성리,358,335,693
20211108,경춘선,춘천,1279,1344,2623
20211108,경춘선,천마산,1520,1356,2876
20211108,경춘선,신내,1933,1795,3728
20211108,경춘선,갈매,2986,2592,5578
20211108,경춘선,별내,3145,2834,5979
20211108,경춘선,마석,3666,3520,7186
20211108,경춘선,사릉,3364,3122,6486
20211108,경춘선,금곡,1408,1317,2725
20211108,경춘선,평내호평,5854,5620,11474
20211108,경춘선,퇴계원,3524,3145,6669
20211109,경춘선,청평,1322,1354,2676
20211109,경춘선,남춘천,2003,2075,4078
20211109,경춘선,김유정,217,225,442
20211109,경춘선,강촌,421,387,808
20211109,경춘선,백양리,69,65,134
20211109,경춘선,굴봉산,100,99,199
20211109,경춘선,가평,1485,1358,2843
20211109,경춘선,상천,222,188,410
20211109,경춘선,춘천,1315,1246,2561
20211109,경춘선,대성리,386,362,748
20211109,경춘선,천마산,1647,1461,3108
20211109,경춘선,평내호평,6199,5928,12127
20211109,경춘선,금곡,1538,1432,2970
20211109,경춘선,사릉,3490,3288,6778
20211109,경춘선,퇴계원,3618,3290,6908
20211109,경춘선,별내,3372,3142,6514
20211109,경춘선,갈매,3179,2729,5908
20211109,경춘선,신내,1934,1887,3821
20211109,경춘선,마석,3768,3678,7446
20211110,경춘선,상천,221,226,447
20211110,경춘선,가평,1517,1618,3135
20211110,경춘선,굴봉산,116,113,229
20211110,경춘선,춘천,1359,1217,2576
20211110,경춘선,강촌,470,459,929
20211110,경춘선,김유정,253,298,551
20211110,경춘선,남춘천,2195,2192,4387
20211110,경춘선,백양리,75,65,140
20211110,경춘선,청평,1450,1457,2907
20211110,경춘선,대성리,457,406,863
20211110,경춘선,천마산,1676,1543,3219
20211110,경춘선,신내,2166,2090,4256
20211110,경춘선,갈매,3317,2845,6162
20211110,경춘선,별내,3348,3134,6482
20211110,경춘선,마석,3976,3815,7791
20211110,경춘선,사릉,3588,3402,6990
20211110,경춘선,금곡,1515,1490,3005
20211110,경춘선,평내호평,6376,6106,12482
20211110,경춘선,퇴계원,3718,3367,7085
20211111,경춘선,남춘천,2451,2314,4765
20211111,경춘선,김유정,293,350,643
20211111,경춘선,강촌,465,463,928
20211111,경춘선,백양리,45,58,103
20211111,경춘선,굴봉산,145,131,276
20211111,경춘선,가평,1516,1662,3178
20211111,경춘선,상천,226,235,461
20211111,경춘선,청평,1428,1493,2921
20211111,경춘선,대성리,525,420,945
20211111,경춘선,춘천,1499,1294,2793
20211111,경춘선,천마산,1659,1522,3181
20211111,경춘선,신내,2026,1922,3948
20211111,경춘선,갈매,3231,2754,5985
20211111,경춘선,별내,3475,3223,6698
20211111,경춘선,마석,3973,3894,7867
20211111,경춘선,사릉,3580,3294,6874
20211111,경춘선,금곡,1494,1478,2972
20211111,경춘선,평내호평,6355,6171,12526
20211111,경춘선,퇴계원,3761,3506,7267
20211112,경춘선,청평,1597,1759,3356
20211112,경춘선,남춘천,3366,3261,6627
20211112,경춘선,김유정,324,420,744
20211112,경춘선,강촌,427,510,937
20211112,경춘선,백양리,85,97,182
20211112,경춘선,굴봉산,140,145,285
20211112,경춘선,가평,1869,2140,4009
20211112,경춘선,상천,260,270,530
20211112,경춘선,춘천,1840,1440,3280
20211112,경춘선,대성리,462,553,1015
20211112,경춘선,천마산,1738,1574,3312
20211112,경춘선,마석,4017,3986,8003
20211112,경춘선,신내,2067,1868,3935
20211112,경춘선,갈매,3266,2716,5982
20211112,경춘선,별내,3568,3421,6989
20211112,경춘선,사릉,3548,3381,6929
20211112,경춘선,금곡,1562,1442,3004
20211112,경춘선,평내호평,6303,6370,12673
20211112,경춘선,퇴계원,3817,3455,7272
20211113,경춘선,신내,1253,1214,2467
20211113,경춘선,갈매,2153,1734,3887
20211113,경춘선,별내,2477,2295,4772
20211113,경춘선,퇴계원,2669,2451,5120
20211113,경춘선,사릉,2331,2137,4468
20211113,경춘선,금곡,1094,1045,2139
20211113,경춘선,평내호평,4732,4534,9266
20211113,경춘선,천마산,1411,1406,2817
20211113,경춘선,마석,3574,3562,7136
20211113,경춘선,대성리,612,806,1418
20211113,경춘선,상천,396,338,734
20211113,경춘선,춘천,1836,1717,3553
20211113,경춘선,남춘천,3025,3058,6083
20211113,경춘선,김유정,529,683,1212
20211113,경춘선,청평,1588,1975,3563
20211113,경춘선,백양리,120,154,274
20211113,경춘선,굴봉산,180,178,358
20211113,경춘선,가평,2160,2612,4772
20211113,경춘선,강촌,775,805,1580
20211114,경춘선,마석,2462,2365,4827
20211114,경춘선,갈매,1557,1317,2874
20211114,경춘선,별내,1964,1792,3756
20211114,경춘선,퇴계원,2057,1846,3903
20211114,경춘선,사릉,1743,1816,3559
20211114,경춘선,금곡,903,853,1756
20211114,경춘선,평내호평,3453,3323,6776
20211114,경춘선,천마산,1091,1077,2168
20211114,경춘선,대성리,964,445,1409
20211114,경춘선,신내,925,920,1845
20211114,경춘선,상천,364,296,660
20211114,경춘선,춘천,1741,1516,3257
20211114,경춘선,남춘천,2598,2728,5326
20211114,경춘선,김유정,501,552,1053
20211114,경춘선,청평,1637,1255,2892
20211114,경춘선,백양리,96,94,190
20211114,경춘선,굴봉산,177,148,325
20211114,경춘선,가평,2464,1810,4274
20211114,경춘선,강촌,837,603,1440
20211115,경춘선,청평,1595,1412,3007
20211115,경춘선,남춘천,2286,2566,4852
20211115,경춘선,김유정,310,305,615
20211115,경춘선,강촌,485,462,947
20211115,경춘선,백양리,91,86,177
20211115,경춘선,굴봉산,140,134,274
20211115,경춘선,가평,1617,1558,3175
20211115,경춘선,상천,265,261,526
20211115,경춘선,춘천,1555,1583,3138
20211115,경춘선,대성리,516,446,962
20211115,경춘선,천마산,1674,1537,3211
20211115,경춘선,평내호평,6411,6077,12488
20211115,경춘선,금곡,1568,1479,3047
20211115,경춘선,사릉,3626,3325,6951
20211115,경춘선,퇴계원,3784,3345,7129
20211115,경춘선,별내,3468,3261,6729
20211115,경춘선,갈매,3116,2742,5858
20211115,경춘선,신내,2035,1842,3877
20211115,경춘선,마석,4005,3800,7805
20211116,경춘선,평내호평,6470,6267,12737
20211116,경춘선,금곡,1571,1502,3073
20211116,경춘선,신내,2113,1949,4062
20211116,경춘선,천마산,1773,1564,3337
20211116,경춘선,퇴계원,3798,3453,7251
20211116,경춘선,별내,3480,3183,6663
20211116,경춘선,갈매,3210,2726,5936
20211116,경춘선,사릉,3603,3415,7018
20211116,경춘선,마석,4026,3960,7986
20211116,경춘선,백양리,95,83,178
20211116,경춘선,청평,1496,1425,2921
20211116,경춘선,춘천,1579,1482,3061
20211116,경춘선,남춘천,2248,2420,4668
20211116,경춘선,김유정,340,362,702
20211116,경춘선,대성리,471,436,907
20211116,경춘선,굴봉산,148,134,282
20211116,경춘선,가평,1575,1555,3130
20211116,경춘선,상천,262,245,507
20211116,경춘선,강촌,501,473,974
20211117,경춘선,마석,4010,3868,7878
20211117,경춘선,신내,2046,2015,4061
20211117,경춘선,갈매,3226,2850,6076
20211117,경춘선,퇴계원,3804,3424,7228
20211117,경춘선,사릉,3550,3420,6970
20211117,경춘선,금곡,1605,1509,3114
20211117,경춘선,평내호평,6443,6324,12767
20211117,경춘선,천마산,1737,1618,3355
20211117,경춘선,대성리,541,482,1023
20211117,경춘선,청평,1589,1541,3130
20211117,경춘선,상천,323,305,628
20211117,경춘선,춘천,1428,1327,2755
20211117,경춘선,남춘천,2930,2878,5808
20211117,경춘선,김유정,343,332,675
20211117,경춘선,별내,3470,3281,6751
20211117,경춘선,백양리,79,66,145
20211117,경춘선,굴봉산,133,126,259
20211117,경춘선,가평,1624,1658,3282
20211117,경춘선,강촌,474,469,943
20211118,경춘선,마석,4102,4098,8200
20211118,경춘선,갈매,3143,2698,5841
20211118,경춘선,별내,3432,3142,6574
20211118,경춘선,퇴계원,3710,3396,7106
20211118,경춘선,사릉,3551,3377,6928
20211118,경춘선,금곡,1513,1411,2924
20211118,경춘선,평내호평,6313,6194,12507
20211118,경춘선,천마산,1638,1539,3177
20211118,경춘선,대성리,517,397,914
20211118,경춘선,신내,1983,1853,3836
20211118,경춘선,상천,259,244,503
20211118,경춘선,춘천,1532,1257,2789
20211118,경춘선,남춘천,2386,2270,4656
20211118,경춘선,김유정,271,329,600
20211118,경춘선,청평,1495,1464,2959
20211118,경춘선,백양리,73,79,152
20211118,경춘선,굴봉산,118,130,248
20211118,경춘선,가평,1513,1582,3095
20211118,경춘선,강촌,455,442,897
20211119,경춘선,청평,1628,1752,3380
20211119,경춘선,남춘천,2937,2782,5719
20211119,경춘선,김유정,360,417,777
20211119,경춘선,강촌,417,446,863
20211119,경춘선,백양리,60,96,156
20211119,경춘선,굴봉산,124,122,246
20211119,경춘선,가평,1717,1956,3673
20211119,경춘선,상천,270,254,524
20211119,경춘선,대성리,497,708,1205
20211119,경춘선,춘천,1913,1472,3385
20211119,경춘선,천마산,1758,1558,3316
20211119,경춘선,신내,2016,1852,3868
20211119,경춘선,갈매,3225,2727,5952
20211119,경춘선,별내,3480,3287,6767
20211119,경춘선,마석,4006,4001,8007
20211119,경춘선,사릉,3554,3391,6945
20211119,경춘선,금곡,1587,1428,3015
20211119,경춘선,평내호평,6455,6341,12796
20211119,경춘선,퇴계원,3781,3487,7268
20211120,경춘선,청평,1665,1881,3546
20211120,경춘선,남춘천,2862,2951,5813
20211120,경춘선,김유정,463,604,1067
20211120,경춘선,강촌,671,684,1355
20211120,경춘선,백양리,115,122,237
20211120,경춘선,굴봉산,160,165,325
20211120,경춘선,가평,2072,2348,4420
20211120,경춘선,상천,365,320,685
20211120,경춘선,춘천,1753,1615,3368
20211120,경춘선,대성리,802,923,1725
20211120,경춘선,천마산,1358,1343,2701
20211120,경춘선,평내호평,4726,4451,9177
20211120,경춘선,금곡,1057,1062,2119
20211120,경춘선,사릉,2431,2307,4738
20211120,경춘선,퇴계원,2705,2396,5101
20211120,경춘선,별내,2423,2341,4764
20211120,경춘선,갈매,1956,1640,3596
20211120,경춘선,신내,1309,1279,2588
20211120,경춘선,마석,3177,3089,6266
20211121,경춘선,상천,315,251,566
20211121,경춘선,가평,1925,1366,3291
20211121,경춘선,굴봉산,150,152,302
20211121,경춘선,청평,1592,1171,2763
20211121,경춘선,강촌,741,535,1276
20211121,경춘선,김유정,369,395,764
20211121,경춘선,남춘천,2359,2614,4973
20211121,경춘선,백양리,109,100,209
20211121,경춘선,대성리,843,471,1314
20211121,경춘선,춘천,1563,1392,2955
20211121,경춘선,천마산,989,956,1945
20211121,경춘선,신내,933,933,1866
20211121,경춘선,갈매,1459,1315,2774
20211121,경춘선,별내,1829,1719,3548
20211121,경춘선,마석,2468,2368,4836
20211121,경춘선,사릉,1623,1635,3258
20211121,경춘선,금곡,873,833,1706
20211121,경춘선,평내호평,3413,3145,6558
20211121,경춘선,퇴계원,1998,1886,3884
20211122,경춘선,남춘천,2610,2887,5497
20211122,경춘선,김유정,269,252,521
20211122,경춘선,강촌,397,400,797
20211122,경춘선,백양리,88,61,149
20211122,경춘선,굴봉산,111,108,219
20211122,경춘선,가평,1537,1460,2997
20211122,경춘선,상천,219,203,422
20211122,경춘선,청평,1554,1469,3023
20211122,경춘선,대성리,502,408,910
20211122,경춘선,춘천,1359,1474,2833
20211122,경춘선,천마산,1745,1603,3348
20211122,경춘선,신내,2134,2021,4155
20211122,경춘선,갈매,3100,2631,5731
20211122,경춘선,별내,3421,3190,6611
20211122,경춘선,마석,4007,3965,7972
20211122,경춘선,사릉,3490,3182,6672
20211122,경춘선,금곡,1550,1437,2987
20211122,경춘선,평내호평,6472,6086,12558
20211122,경춘선,퇴계원,3708,3349,7057
20211123,경춘선,마석,4068,4082,8150
20211123,경춘선,갈매,3183,2654,5837
20211123,경춘선,별내,3424,3131,6555
20211123,경춘선,퇴계원,3641,3243,6884
20211123,경춘선,사릉,3496,3371,6867
20211123,경춘선,금곡,1562,1485,3047
20211123,경춘선,평내호평,6246,5974,12220
20211123,경춘선,천마산,1717,1542,3259
20211123,경춘선,신내,2130,2037,4167
20211123,경춘선,대성리,441,372,813
20211123,경춘선,상천,220,189,409
20211123,경춘선,청평,1382,1350,2732
20211123,경춘선,춘천,1264,1206,2470
20211123,경춘선,남춘천,2114,2128,4242
20211123,경춘선,김유정,275,271,546
20211123,경춘선,백양리,62,60,122
20211123,경춘선,굴봉산,107,91,198
20211123,경춘선,가평,1430,1421,2851
20211123,경춘선,강촌,446,407,853
20211124,경춘선,신내,2151,2072,4223
20211124,경춘선,갈매,3156,2728,5884
20211124,경춘선,별내,3334,3115,6449
20211124,경춘선,퇴계원,3662,3355,7017
20211124,경춘선,사릉,3523,3298,6821
20211124,경춘선,금곡,1500,1494,2994
20211124,경춘선,평내호평,6247,6001,12248
20211124,경춘선,천마산,1699,1558,3257
20211124,경춘선,마석,3882,3751,7633
20211124,경춘선,대성리,421,407,828
20211124,경춘선,상천,236,219,455
20211124,경춘선,춘천,1247,1130,2377
20211124,경춘선,남춘천,2042,2086,4128
20211124,경춘선,김유정,249,260,509
20211124,경춘선,청평,1409,1389,2798
20211124,경춘선,백양리,63,68,131
20211124,경춘선,굴봉산,95,104,199
20211124,경춘선,가평,1464,1448,2912
20211124,경춘선,강촌,402,413,815
20211125,경춘선,청평,1481,1534,3015
20211125,경춘선,남춘천,2445,2307,4752
20211125,경춘선,김유정,340,352,692
20211125,경춘선,강촌,456,462,918
20211125,경춘선,백양리,88,76,164
20211125,경춘선,굴봉산,111,113,224
20211125,경춘선,가평,1497,1537,3034
20211125,경춘선,상천,218,194,412
20211125,경춘선,대성리,465,407,872
20211125,경춘선,춘천,1435,1224,2659
20211125,경춘선,천마산,1738,1566,3304
20211125,경춘선,신내,2153,2051,4204
20211125,경춘선,갈매,3243,2737,5980
20211125,경춘선,별내,3438,3279,6717
20211125,경춘선,마석,3960,3880,7840
20211125,경춘선,사릉,3581,3501,7082
20211125,경춘선,금곡,1576,1573,3149
20211125,경춘선,평내호평,6312,6175,12487
20211125,경춘선,퇴계원,3756,3395,7151
20211126,경춘선,청평,1595,1695,3290
20211126,경춘선,남춘천,3051,2821,5872
20211126,경춘선,김유정,351,386,737
20211126,경춘선,강촌,452,446,898
20211126,경춘선,백양리,135,140,275
20211126,경춘선,굴봉산,112,132,244
20211126,경춘선,가평,1625,1784,3409
20211126,경춘선,상천,224,245,469
20211126,경춘선,춘천,1709,1433,3142
20211126,경춘선,대성리,489,704,1193
20211126,경춘선,천마산,1744,1640,3384
20211126,경춘선,평내호평,6426,6407,12833
20211126,경춘선,금곡,1576,1548,3124
20211126,경춘선,사릉,3580,3331,6911
20211126,경춘선,퇴계원,3789,3469,7258
20211126,경춘선,별내,3508,3324,6832
20211126,경춘선,갈매,3225,2701,5926
20211126,경춘선,신내,2198,2064,4262
20211126,경춘선,마석,3956,3861,7817
20211127,경춘선,상천,284,298,582
20211127,경춘선,가평,1719,1943,3662
20211127,경춘선,굴봉산,158,189,347
20211127,경춘선,청평,1450,1689,3139
20211127,경춘선,강촌,578,665,1243
20211127,경춘선,김유정,394,490,884
20211127,경춘선,남춘천,3273,3343,6616
20211127,경춘선,백양리,75,124,199
20211127,경춘선,대성리,788,870,1658
20211127,경춘선,춘천,1615,1500,3115
20211127,경춘선,천마산,1344,1320,2664
20211127,경춘선,신내,1298,1293,2591
20211127,경춘선,갈매,1935,1654,3589
20211127,경춘선,별내,2449,2191,4640
20211127,경춘선,마석,3185,3186,6371
20211127,경춘선,사릉,2125,2044,4169
20211127,경춘선,금곡,1133,1012,2145
20211127,경춘선,평내호평,4663,4421,9084
20211127,경춘선,퇴계원,2595,2328,4923
20211128,경춘선,남춘천,2286,2462,4748
20211128,경춘선,김유정,426,441,867
20211128,경춘선,강촌,659,414,1073
20211128,경춘선,백양리,122,94,216
20211128,경춘선,굴봉산,177,141,318
20211128,경춘선,가평,1713,1341,3054
20211128,경춘선,상천,313,266,579
20211128,경춘선,대성리,854,432,1286
20211128,경춘선,마석,2813,2762,5575
20211128,경춘선,청평,1526,1152,2678
20211128,경춘선,평내호평,3443,3263,6706
20211128,경춘선,천마산,1084,1030,2114
20211128,경춘선,신내,937,935,1872
20211128,경춘선,갈매,1530,1297,2827
20211128,경춘선,별내,1903,1869,3772
20211128,경춘선,춘천,1459,1339,2798
20211128,경춘선,사릉,1759,1741,3500
20211128,경춘선,금곡,929,886,1815
20211128,경춘선,퇴계원,2035,1941,3976
20211129,경춘선,상천,237,221,458
20211129,경춘선,남춘천,2125,2378,4503
20211129,경춘선,춘천,1406,1478,2884
20211129,경춘선,김유정,274,244,518
20211129,경춘선,강촌,469,428,897
20211129,경춘선,백양리,68,63,131
20211129,경춘선,굴봉산,112,97,209
20211129,경춘선,가평,1578,1453,3031
20211129,경춘선,청평,1491,1408,2899
20211129,경춘선,갈매,3112,2666,5778
20211129,경춘선,마석,4114,4022,8136
20211129,경춘선,천마산,1795,1600,3395
20211129,경춘선,평내호평,6464,6080,12544
20211129,경춘선,금곡,1557,1496,3053
20211129,경춘선,사릉,3675,3418,7093
20211129,경춘선,퇴계원,3744,3375,7119
20211129,경춘선,별내,3472,3213,6685
20211129,경춘선,신내,2190,2130,4320
20211129,경춘선,대성리,473,395,868
20211130,경춘선,가평,1233,1226,2459
20211130,경춘선,굴봉산,64,67,131
20211130,경춘선,백양리,68,57,125
20211130,경춘선,춘천,1196,1103,2299
20211130,경춘선,김유정,179,162,341
20211130,경춘선,남춘천,1736,1833,3569
20211130,경춘선,강촌,333,317,650
20211130,경춘선,청평,1183,1177,2360
20211130,경춘선,상천,138,117,255
20211130,경춘선,대성리,307,266,573
20211130,경춘선,신내,1964,1916,3880
20211130,경춘선,갈매,2995,2512,5507
20211130,경춘선,별내,3152,2863,6015
20211130,경춘선,퇴계원,3411,3091,6502
20211130,경춘선,마석,3472,3339,6811
20211130,경춘선,금곡,1313,1294,2607
20211130,경춘선,평내호평,5640,5472,11112
20211130,경춘선,천마산,1465,1328,2793
20211130,경춘선,사릉,3396,3167,6563
20211201,경춘선,마석,3718,3645,7363
20211201,경춘선,갈매,3173,2748,5921
20211201,경춘선,별내,3361,3119,6480
20211201,경춘선,퇴계원,3610,3273,6883
20211201,경춘선,사릉,3442,3218,6660
20211201,경춘선,금곡,1423,1382,2805
20211201,경춘선,평내호평,6079,5954,12033
20211201,경춘선,천마산,1588,1387,2975
20211201,경춘선,대성리,378,360,738
20211201,경춘선,신내,2151,2010,4161
20211201,경춘선,상천,190,174,364
20211201,경춘선,춘천,1212,1104,2316
20211201,경춘선,남춘천,2069,2029,4098
20211201,경춘선,김유정,203,211,414
20211201,경춘선,청평,1394,1353,2747
20211201,경춘선,백양리,83,90,173
20211201,경춘선,굴봉산,95,102,197
20211201,경춘선,가평,1288,1309,2597
20211201,경춘선,강촌,345,371,716
20211202,경춘선,마석,3707,3641,7348
20211202,경춘선,갈매,3112,2642,5754
20211202,경춘선,별내,3250,3076,6326
20211202,경춘선,퇴계원,3545,3262,6807
20211202,경춘선,사릉,3471,3293,6764
20211202,경춘선,금곡,1475,1432,2907
20211202,경춘선,평내호평,6014,5914,11928
20211202,경춘선,천마산,1636,1470,3106
20211202,경춘선,신내,2069,1990,4059
20211202,경춘선,대성리,418,433,851
20211202,경춘선,상천,181,171,352
20211202,경춘선,가평,1312,1362,2674
20211202,경춘선,굴봉산,94,94,188
20211202,경춘선,백양리,88,117,205
20211202,경춘선,강촌,376,380,756
20211202,경춘선,김유정,247,273,520
20211202,경춘선,남춘천,2496,2371,4867
20211202,경춘선,춘천,1361,1128,2489
20211202,경춘선,청평,1345,1378,2723
20211203,경춘선,상천,199,186,385
20211203,경춘선,가평,1429,1547,2976
20211203,경춘선,굴봉산,105,119,224
20211203,경춘선,춘천,1532,1228,2760
20211203,경춘선,강촌,310,381,691
20211203,경춘선,김유정,240,292,532
20211203,경춘선,남춘천,2601,2420,5021
20211203,경춘선,백양리,118,136,254
20211203,경춘선,청평,1506,1587,3093
20211203,경춘선,대성리,520,484,1004
20211203,경춘선,천마산,1698,1525,3223
20211203,경춘선,신내,2124,2040,4164
20211203,경춘선,갈매,3186,2706,5892
20211203,경춘선,별내,3471,3303,6774
20211203,경춘선,마석,4128,4041,8169
20211203,경춘선,사릉,3531,3397,6928
20211203,경춘선,금곡,1511,1451,2962
20211203,경춘선,평내호평,6226,6274,12500
20211203,경춘선,퇴계원,3652,3329,6981
20211204,경춘선,남춘천,2088,2241,4329
20211204,경춘선,김유정,307,297,604
20211204,경춘선,강촌,395,493,888
20211204,경춘선,백양리,161,173,334
20211204,경춘선,굴봉산,129,149,278
20211204,경춘선,가평,1294,1623,2917
20211204,경춘선,상천,233,232,465
20211204,경춘선,청평,1352,1527,2879
20211204,경춘선,대성리,529,570,1099
20211204,경춘선,춘천,1325,1154,2479
20211204,경춘선,천마산,1281,1224,2505
20211204,경춘선,신내,1147,1066,2213
20211204,경춘선,갈매,1901,1649,3550
20211204,경춘선,별내,2292,2207,4499
20211204,경춘선,마석,2871,2771,5642
20211204,경춘선,사릉,2109,2008,4117
20211204,경춘선,금곡,1037,939,1976
20211204,경춘선,평내호평,4256,4119,8375
20211204,경춘선,퇴계원,2472,2143,4615
20211205,경춘선,청평,1289,1030,2319
20211205,경춘선,남춘천,2019,2172,4191
20211205,경춘선,김유정,339,308,647
20211205,경춘선,강촌,520,358,878
20211205,경춘선,백양리,179,161,340
20211205,경춘선,굴봉산,157,172,329
20211205,경춘선,가평,1528,1058,2586
20211205,경춘선,상천,307,281,588
20211205,경춘선,춘천,1146,1220,2366
20211205,경춘선,대성리,522,318,840
20211205,경춘선,천마산,1039,987,2026
20211205,경춘선,마석,2227,2189,4416
20211205,경춘선,신내,826,850,1676
20211205,경춘선,갈매,1332,1185,2517
20211205,경춘선,별내,1809,1597,3406
20211205,경춘선,사릉,1528,1534,3062
20211205,경춘선,금곡,796,762,1558
20211205,경춘선,평내호평,3057,2919,5976
20211205,경춘선,퇴계원,1937,1720,3657
20211206,경춘선,신내,2111,1993,4104
20211206,경춘선,갈매,3198,2740,5938
20211206,경춘선,별내,3509,3265,6774
20211206,경춘선,퇴계원,3599,3210,6809
20211206,경춘선,사릉,3576,3300,6876
20211206,경춘선,금곡,1546,1545,3091
20211206,경춘선,평내호평,6338,5914,12252
20211206,경춘선,천마산,1661,1573,3234
20211206,경춘선,마석,3902,3794,7696
20211206,경춘선,대성리,436,329,765
20211206,경춘선,상천,253,234,487
20211206,경춘선,춘천,1286,1278,2564
20211206,경춘선,남춘천,2113,2281,4394
20211206,경춘선,김유정,231,238,469
20211206,경춘선,청평,1473,1378,2851
20211206,경춘선,백양리,139,129,268
20211206,경춘선,굴봉산,89,111,200
20211206,경춘선,가평,1406,1322,2728
20211206,경춘선,강촌,390,381,771
20211207,경춘선,청평,1440,1410,2850
20211207,경춘선,남춘천,2504,2556,5060
20211207,경춘선,김유정,356,335,691
20211207,경춘선,강촌,380,389,769
20211207,경춘선,백양리,142,144,286
20211207,경춘선,굴봉산,120,116,236
20211207,경춘선,가평,1438,1402,2840
20211207,경춘선,상천,237,218,455
20211207,경춘선,대성리,456,481,937
20211207,경춘선,춘천,1257,1204,2461
20211207,경춘선,천마산,1677,1551,3228
20211207,경춘선,신내,2164,2099,4263
20211207,경춘선,갈매,3191,2732,5923
20211207,경춘선,별내,3382,3152,6534
20211207,경춘선,마석,3846,3799,7645
20211207,경춘선,사릉,3593,3406,6999
20211207,경춘선,금곡,1536,1485,3021
20211207,경춘선,평내호평,6248,6072,12320
20211207,경춘선,퇴계원,3675,3297,6972
20211208,경춘선,마석,3990,4011,8001
20211208,경춘선,갈매,3214,2687,5901
20211208,경춘선,별내,3323,3114,6437
20211208,경춘선,퇴계원,3562,3339,6901
20211208,경춘선,사릉,3558,3343,6901
20211208,경춘선,금곡,1543,1463,3006
20211208,경춘선,평내호평,6218,6012,12230
20211208,경춘선,천마산,1641,1543,3184
20211208,경춘선,신내,2036,1972,4008
20211208,경춘선,대성리,494,434,928
20211208,경춘선,상천,258,242,500
20211208,경춘선,가평,1416,1339,2755
20211208,경춘선,굴봉산,105,125,230
20211208,경춘선,백양리,106,136,242
20211208,경춘선,강촌,389,371,760
20211208,경춘선,김유정,249,269,518
20211208,경춘선,남춘천,2123,2178,4301
20211208,경춘선,춘천,1204,1125,2329
20211208,경춘선,청평,1448,1355,2803
20211209,경춘선,가평,1325,1354,2679
20211209,경춘선,굴봉산,128,115,243
20211209,경춘선,춘천,1484,1213,2697
20211209,경춘선,상천,240,211,451
20211209,경춘선,강촌,354,342,696
20211209,경춘선,김유정,457,469,926
20211209,경춘선,남춘천,2417,2317,4734
20211209,경춘선,백양리,140,137,277
20211209,경춘선,청평,1339,1329,2668
20211209,경춘선,사릉,3442,3303,6745
20211209,경춘선,마석,3667,3591,7258
20211209,경춘선,신내,2126,1972,4098
20211209,경춘선,갈매,3142,2664,5806
20211209,경춘선,별내,3355,3139,6494
20211209,경춘선,대성리,455,398,853
20211209,경춘선,금곡,1475,1449,2924
20211209,경춘선,평내호평,6000,5881,11881
20211209,경춘선,천마산,1659,1480,3139
20211209,경춘선,퇴계원,3601,3277,6878
20211210,경춘선,상천,201,195,396
20211210,경춘선,춘천,1484,1191,2675
20211210,경춘선,남춘천,2438,2471,4909
20211210,경춘선,김유정,458,488,946
20211210,경춘선,강촌,297,351,648
20211210,경춘선,백양리,176,181,357
20211210,경춘선,굴봉산,102,134,236
20211210,경춘선,가평,1380,1560,2940
20211210,경춘선,청평,1428,1483,2911
20211210,경춘선,대성리,366,393,759
20211210,경춘선,마석,3724,3621,7345
20211210,경춘선,갈매,3134,2655,5789
20211210,경춘선,별내,3383,3162,6545
20211210,경춘선,퇴계원,3547,3217,6764
20211210,경춘선,신내,2082,1908,3990
20211210,경춘선,금곡,1462,1428,2890
20211210,경춘선,평내호평,5977,5952,11929
20211210,경춘선,천마산,1631,1487,3118
20211210,경춘선,사릉,3367,3263,6630
20211211,경춘선,청평,1225,1409,2634
20211211,경춘선,남춘천,2115,2166,4281
20211211,경춘선,김유정,373,403,776
20211211,경춘선,강촌,405,506,911
20211211,경춘선,백양리,250,235,485
20211211,경춘선,굴봉산,127,174,301
20211211,경춘선,가평,1333,1514,2847
20211211,경춘선,상천,251,288,539
20211211,경춘선,대성리,456,449,905
20211211,경춘선,춘천,1246,1135,2381
20211211,경춘선,천마산,1210,1183,2393
20211211,경춘선,신내,1086,1060,2146
20211211,경춘선,갈매,1783,1574,3357
20211211,경춘선,별내,2133,2101,4234
20211211,경춘선,마석,2776,2696,5472
20211211,경춘선,사릉,2122,2103,4225
20211211,경춘선,금곡,966,919,1885
20211211,경춘선,평내호평,4021,3855,7876
20211211,경춘선,퇴계원,2369,2136,4505
20211212,경춘선,청평,1257,1009,2266
20211212,경춘선,남춘천,2282,2469,4751
20211212,경춘선,김유정,336,302,638
20211212,경춘선,강촌,536,439,975
20211212,경춘선,백양리,208,162,370
20211212,경춘선,굴봉산,163,187,350
20211212,경춘선,가평,1391,1028,2419
20211212,경춘선,상천,314,230,544
20211212,경춘선,대성리,490,384,874
20211212,경춘선,춘천,1134,1052,2186
20211212,경춘선,천마산,981,960,1941
20211212,경춘선,신내,805,780,1585
20211212,경춘선,갈매,1297,1140,2437
20211212,경춘선,별내,1677,1544,3221
20211212,경춘선,마석,2204,2100,4304
20211212,경춘선,사릉,1476,1435,2911
20211212,경춘선,금곡,779,756,1535
20211212,경춘선,평내호평,2950,2808,5758
20211212,경춘선,퇴계원,1808,1660,3468
20211213,경춘선,마석,3892,3831,7723
20211213,경춘선,갈매,2895,2483,5378
20211213,경춘선,별내,3273,3000,6273
20211213,경춘선,퇴계원,3509,3136,6645
20211213,경춘선,사릉,3338,3179,6517
20211213,경춘선,금곡,1458,1368,2826
20211213,경춘선,평내호평,5900,5705,11605
20211213,경춘선,천마산,1538,1442,2980
20211213,경춘선,신내,2060,1874,3934
20211213,경춘선,대성리,380,328,708
20211213,경춘선,상천,192,171,363
20211213,경춘선,가평,1277,1240,2517
20211213,경춘선,굴봉산,87,105,192
20211213,경춘선,백양리,126,135,261
20211213,경춘선,강촌,535,466,1001
20211213,경춘선,김유정,403,383,786
20211213,경춘선,남춘천,2292,2395,4687
20211213,경춘선,춘천,1248,1123,2371
20211213,경춘선,청평,1353,1311,2664
20211214,경춘선,상천,180,177,357
20211214,경춘선,가평,1316,1275,2591
20211214,경춘선,굴봉산,90,106,196
20211214,경춘선,청평,1318,1289,2607
20211214,경춘선,강촌,528,492,1020
20211214,경춘선,김유정,458,476,934
20211214,경춘선,남춘천,2157,2239,4396
20211214,경춘선,백양리,177,174,351
20211214,경춘선,대성리,391,322,713
20211214,경춘선,춘천,1312,1166,2478
20211214,경춘선,천마산,1584,1485,3069
20211214,경춘선,신내,2047,1984,4031
20211214,경춘선,갈매,3057,2695,5752
20211214,경춘선,별내,3301,3030,6331
20211214,경춘선,마석,3675,3578,7253
20211214,경춘선,사릉,3387,3133,6520
20211214,경춘선,금곡,1481,1427,2908
20211214,경춘선,평내호평,5847,5760,11607
20211214,경춘선,퇴계원,3516,3195,6711
20211215,경춘선,남춘천,2107,2041,4148
20211215,경춘선,김유정,244,254,498
20211215,경춘선,강촌,472,453,925
20211215,경춘선,백양리,201,176,377
20211215,경춘선,굴봉산,108,116,224
20211215,경춘선,가평,1306,1378,2684
20211215,경춘선,상천,193,173,366
20211215,경춘선,대성리,346,317,663
20211215,경춘선,마석,3696,3482,7178
20211215,경춘선,춘천,1090,1001,2091
20211215,경춘선,평내호평,5988,5808,11796
20211215,경춘선,청평,1362,1303,2665
20211215,경춘선,신내,2066,1967,4033
20211215,경춘선,갈매,3028,2695,5723
20211215,경춘선,천마산,1576,1493,3069
20211215,경춘선,퇴계원,3532,3225,6757
20211215,경춘선,사릉,3369,3264,6633
20211215,경춘선,금곡,1414,1373,2787
20211215,경춘선,별내,3320,3068,6388
20211216,경춘선,마석,3691,3609,7300
20211216,경춘선,갈매,3109,2648,5757
20211216,경춘선,별내,3338,3091,6429
20211216,경춘선,퇴계원,3643,3332,6975
20211216,경춘선,사릉,3380,3187,6567
20211216,경춘선,금곡,1491,1420,2911
20211216,경춘선,평내호평,6023,5845,11868
20211216,경춘선,천마산,1568,1479,3047
20211216,경춘선,신내,2157,1988,4145
20211216,경춘선,대성리,403,406,809
20211216,경춘선,상천,193,175,368
20211216,경춘선,청평,1344,1385,2729
20211216,경춘선,춘천,1120,1030,2150
20211216,경춘선,남춘천,2269,2110,4379
20211216,경춘선,김유정,238,254,492
20211216,경춘선,백양리,157,181,338
20211216,경춘선,굴봉산,116,104,220
20211216,경춘선,가평,1394,1498,2892
20211216,경춘선,강촌,542,532,1074
20211217,경춘선,신내,1999,1871,3870
20211217,경춘선,갈매,2924,2552,5476
20211217,경춘선,별내,3201,3052,6253
20211217,경춘선,퇴계원,3496,3173,6669
20211217,경춘선,사릉,3232,3079,6311
20211217,경춘선,금곡,1461,1319,2780
20211217,경춘선,평내호평,5794,5765,11559
20211217,경춘선,천마산,1540,1371,2911
20211217,경춘선,마석,3633,3606,7239
20211217,경춘선,대성리,419,388,807
20211217,경춘선,상천,187,188,375
20211217,경춘선,춘천,1269,1089,2358
20211217,경춘선,남춘천,2792,2602,5394
20211217,경춘선,김유정,247,277,524
20211217,경춘선,청평,1381,1468,2849
20211217,경춘선,백양리,186,214,400
20211217,경춘선,굴봉산,125,112,237
20211217,경춘선,가평,1471,1580,3051
20211217,경춘선,강촌,421,432,853
20211218,경춘선,마석,2627,2809,5436
20211218,경춘선,갈매,1792,1509,3301
20211218,경춘선,별내,2129,2119,4248
20211218,경춘선,퇴계원,2224,2095,4319
20211218,경춘선,사릉,1931,2026,3957
20211218,경춘선,금곡,888,832,1720
20211218,경춘선,평내호평,3786,3754,7540
20211218,경춘선,천마산,1046,1106,2152
20211218,경춘선,대성리,316,348,664
20211218,경춘선,신내,1067,1002,2069
20211218,경춘선,상천,139,156,295
20211218,경춘선,춘천,964,916,1880
20211218,경춘선,남춘천,1900,2001,3901
20211218,경춘선,김유정,231,254,485
20211218,경춘선,청평,1092,1254,2346
20211218,경춘선,백양리,242,195,437
20211218,경춘선,굴봉산,109,156,265
20211218,경춘선,가평,1234,1297,2531
20211218,경춘선,강촌,344,353,697
20211219,경춘선,청평,1241,940,2181
20211219,경춘선,남춘천,1944,2067,4011
20211219,경춘선,김유정,256,262,518
20211219,경춘선,강촌,396,353,749
20211219,경춘선,백양리,279,228,507
20211219,경춘선,굴봉산,155,139,294
20211219,경춘선,가평,1266,1060,2326
20211219,경춘선,상천,218,208,426
20211219,경춘선,춘천,1069,991,2060
20211219,경춘선,대성리,415,265,680
20211219,경춘선,천마산,893,861,1754
20211219,경춘선,평내호평,2981,2789,5770
20211219,경춘선,금곡,696,704,1400
20211219,경춘선,사릉,1483,1414,2897
20211219,경춘선,퇴계원,1777,1661,3438
20211219,경춘선,별내,1719,1619,3338
20211219,경춘선,갈매,1314,1135,2449
20211219,경춘선,신내,782,790,1572
20211219,경춘선,마석,1998,1981,3979
20211220,경춘선,상천,244,224,468
20211220,경춘선,가평,1488,1447,2935
20211220,경춘선,굴봉산,121,129,250
20211220,경춘선,청평,1368,1315,2683
20211220,경춘선,강촌,309,317,626
20211220,경춘선,김유정,256,251,507
20211220,경춘선,남춘천,2137,2244,4381
20211220,경춘선,춘천,1403,1299,2702
20211220,경춘선,대성리,414,367,781
20211220,경춘선,백양리,228,231,459
20211220,경춘선,천마산,1621,1531,3152
20211220,경춘선,신내,1994,1810,3804
20211220,경춘선,갈매,3060,2665,5725
20211220,경춘선,별내,3408,3158,6566
20211220,경춘선,마석,3639,3561,7200
20211220,경춘선,사릉,3327,3211,6538
20211220,경춘선,금곡,1521,1461,2982
20211220,경춘선,평내호평,6053,5746,11799
20211220,경춘선,퇴계원,3598,3339,6937
20211221,경춘선,청평,1456,1382,2838
20211221,경춘선,남춘천,2089,2150,4239
20211221,경춘선,김유정,260,269,529
20211221,경춘선,강촌,331,344,675
20211221,경춘선,백양리,234,207,441
20211221,경춘선,굴봉산,120,115,235
20211221,경춘선,가평,1469,1507,2976
20211221,경춘선,상천,174,183,357
20211221,경춘선,대성리,405,395,800
20211221,경춘선,춘천,1478,1370,2848
20211221,경춘선,천마산,1602,1524,3126
20211221,경춘선,신내,2108,1930,4038
20211221,경춘선,갈매,3090,2671,5761
20211221,경춘선,별내,3432,3246,6678
20211221,경춘선,마석,3694,3648,7342
20211221,경춘선,사릉,3301,3175,6476
20211221,경춘선,금곡,1494,1432,2926
20211221,경춘선,평내호평,5989,5907,11896
20211221,경춘선,퇴계원,3650,3415,7065
20211222,경춘선,청평,1452,1402,2854
20211222,경춘선,남춘천,2605,2530,5135
20211222,경춘선,김유정,304,305,609
20211222,경춘선,강촌,392,381,773
20211222,경춘선,백양리,304,274,578
20211222,경춘선,굴봉산,107,117,224
20211222,경춘선,가평,1481,1475,2956
20211222,경춘선,상천,220,186,406
20211222,경춘선,춘천,1378,1229,2607
20211222,경춘선,대성리,430,397,827
20211222,경춘선,천마산,1674,1556,3230
20211222,경춘선,평내호평,6025,5818,11843
20211222,경춘선,금곡,1505,1429,2934
20211222,경춘선,사릉,3284,3191,6475
20211222,경춘선,퇴계원,3587,3296,6883
20211222,경춘선,별내,3306,3093,6399
20211222,경춘선,갈매,3092,2690,5782
20211222,경춘선,신내,2072,1931,4003
20211222,경춘선,마석,3719,3652,7371
20211223,경춘선,평내호평,6036,5912,11948
20211223,경춘선,금곡,1487,1431,2918
20211223,경춘선,사릉,3196,3058,6254
20211223,경춘선,천마산,1659,1542,3201
20211223,경춘선,별내,3376,3159,6535
20211223,경춘선,갈매,3073,2725,5798
20211223,경춘선,신내,2065,1916,3981
20211223,경춘선,퇴계원,3608,3271,6879
20211223,경춘선,마석,3926,3927,7853
20211223,경춘선,대성리,448,404,852
20211223,경춘선,청평,1519,1585,3104
20211223,경춘선,남춘천,2113,2057,4170
20211223,경춘선,김유정,314,309,623
20211223,경춘선,강촌,312,316,628
20211223,경춘선,춘천,1213,1036,2249
20211223,경춘선,굴봉산,90,134,224
20211223,경춘선,가평,1562,1631,3193
20211223,경춘선,상천,194,203,397
20211223,경춘선,백양리,327,269,596
20211224,경춘선,마석,3609,3610,7219
20211224,경춘선,갈매,2915,2550,5465
20211224,경춘선,별내,3328,3268,6596
20211224,경춘선,퇴계원,3441,3240,6681
20211224,경춘선,사릉,3152,3059,6211
20211224,경춘선,금곡,1443,1360,2803
20211224,경춘선,평내호평,5867,5917,11784
20211224,경춘선,천마산,1615,1530,3145
20211224,경춘선,대성리,416,367,783
20211224,경춘선,신내,2011,1858,3869
20211224,경춘선,상천,205,199,404
20211224,경춘선,춘천,1314,1261,2575
20211224,경춘선,남춘천,2318,2616,4934
20211224,경춘선,김유정,245,289,534
20211224,경춘선,청평,1594,1651,3245
20211224,경춘선,백양리,298,262,560
20211224,경춘선,굴봉산,103,110,213
20211224,경춘선,가평,1701,1866,3567
20211224,경춘선,강촌,319,330,649
20211225,경춘선,마석,2265,2264,4529
20211225,경춘선,갈매,1394,1239,2633
20211225,경춘선,별내,1694,1633,3327
20211225,경춘선,퇴계원,1909,1745,3654
20211225,경춘선,사릉,1591,1551,3142
20211225,경춘선,금곡,824,714,1538
20211225,경춘선,평내호평,3332,3253,6585
20211225,경춘선,천마산,939,906,1845
20211225,경춘선,신내,806,855,1661
20211225,경춘선,대성리,336,310,646
20211225,경춘선,상천,177,149,326
20211225,경춘선,가평,1439,1439,2878
20211225,경춘선,굴봉산,142,164,306
20211225,경춘선,백양리,257,210,467
20211225,경춘선,강촌,303,329,632
20211225,경춘선,김유정,330,338,668
20211225,경춘선,남춘천,2012,2089,4101
20211225,경춘선,춘천,1111,1022,2133
20211225,경춘선,청평,1231,1212,2443
20211226,경춘선,평내호평,2477,2319,4796
20211226,경춘선,금곡,569,586,1155
20211226,경춘선,신내,694,642,1336
20211226,경춘선,천마산,730,665,1395
20211226,경춘선,퇴계원,1432,1417,2849
20211226,경춘선,별내,1371,1296,2667
20211226,경춘선,갈매,1060,937,1997
20211226,경춘선,사릉,1138,1200,2338
20211226,경춘선,마석,1756,1764,3520
20211226,경춘선,백양리,196,200,396
20211226,경춘선,청평,973,823,1796
20211226,경춘선,춘천,946,788,1734
20211226,경춘선,남춘천,1755,1656,3411
20211226,경춘선,김유정,230,217,447
20211226,경춘선,대성리,301,205,506
20211226,경춘선,굴봉산,107,111,218
20211226,경춘선,가평,1144,854,1998
20211226,경춘선,상천,138,117,255
20211226,경춘선,강촌,308,238,546
20211227,경춘선,마석,3243,3316,6559
20211227,경춘선,갈매,2799,2431,5230
20211227,경춘선,별내,3003,2896,5899
20211227,경춘선,퇴계원,3202,2947,6149
20211227,경춘선,사릉,2992,2798,5790
20211227,경춘선,금곡,1372,1262,2634
20211227,경춘선,평내호평,5503,5165,10668
20211227,경춘선,천마산,1472,1344,2816
20211227,경춘선,대성리,372,339,711
20211227,경춘선,신내,1917,1770,3687
20211227,경춘선,상천,156,148,304
20211227,경춘선,춘천,974,856,1830
20211227,경춘선,남춘천,2187,2127,4314
20211227,경춘선,김유정,196,189,385
20211227,경춘선,청평,1346,1323,2669
20211227,경춘선,백양리,249,214,463
20211227,경춘선,굴봉산,101,139,240
20211227,경춘선,가평,1357,1431,2788
20211227,경춘선,강촌,245,264,509
20211228,경춘선,마석,3690,3580,7270
20211228,경춘선,갈매,2848,2496,5344
20211228,경춘선,별내,3253,3048,6301
20211228,경춘선,퇴계원,3358,3021,6379
20211228,경춘선,사릉,3061,2983,6044
20211228,경춘선,금곡,1406,1320,2726
20211228,경춘선,평내호평,5692,5551,11243
20211228,경춘선,천마산,1519,1428,2947
20211228,경춘선,신내,1980,1876,3856
20211228,경춘선,대성리,409,410,819
20211228,경춘선,상천,182,159,341
20211228,경춘선,가평,1420,1419,2839
20211228,경춘선,굴봉산,127,121,248
20211228,경춘선,백양리,256,194,450
20211228,경춘선,강촌,299,288,587
20211228,경춘선,김유정,270,259,529
20211228,경춘선,남춘천,1884,1935,3819
20211228,경춘선,춘천,1023,920,1943
20211228,경춘선,청평,1479,1294,2773
20211229,경춘선,가평,1485,1494,2979
20211229,경춘선,굴봉산,103,115,218
20211229,경춘선,춘천,1142,969,2111
20211229,경춘선,상천,193,190,383
20211229,경춘선,강촌,349,345,694
20211229,경춘선,김유정,299,293,592
20211229,경춘선,남춘천,1996,2077,4073
20211229,경춘선,백양리,254,224,478
20211229,경춘선,청평,1392,1362,2754
20211229,경춘선,사릉,3170,2997,6167
20211229,경춘선,마석,3593,3524,7117
20211229,경춘선,천마산,1548,1463,3011
20211229,경춘선,평내호평,5932,5738,11670
20211229,경춘선,금곡,1411,1342,2753
20211229,경춘선,퇴계원,3496,3220,6716
20211229,경춘선,별내,3272,3100,6372
20211229,경춘선,갈매,2953,2618,5571
20211229,경춘선,신내,2044,1964,4008
20211229,경춘선,대성리,431,353,784
20211230,경춘선,청평,1372,1363,2735
20211230,경춘선,춘천,1063,958,2021
20211230,경춘선,남춘천,2008,2029,4037
20211230,경춘선,가평,1398,1458,2856
20211230,경춘선,백양리,242,176,418
20211230,경춘선,굴봉산,104,115,219
20211230,경춘선,대성리,406,341,747
20211230,경춘선,강촌,298,321,619
20211230,경춘선,마석,3465,3488,6953
20211230,경춘선,김유정,265,255,520
20211230,경춘선,평내호평,5666,5474,11140
20211230,경춘선,금곡,1371,1336,2707
20211230,경춘선,사릉,3083,2958,6041
20211230,경춘선,퇴계원,3408,3178,6586
20211230,경춘선,별내,3176,2967,6143
20211230,경춘선,갈매,2833,2511,5344
20211230,경춘선,신내,1951,1823,3774
20211230,경춘선,상천,182,178,360
20211230,경춘선,천마산,1520,1417,2937
20211231,경춘선,상천,189,192,381
20211231,경춘선,가평,1383,1867,3250
20211231,경춘선,김유정,240,261,501
20211231,경춘선,백양리,236,254,490
20211231,경춘선,강촌,335,370,705
20211231,경춘선,청평,1377,1598,2975
20211231,경춘선,굴봉산,103,122,225
20211231,경춘선,대성리,393,421,814
20211231,경춘선,사릉,2784,2762,5546
20211231,경춘선,천마산,1454,1339,2793
20211231,경춘선,평내호평,5312,5388,10700
20211231,경춘선,금곡,1309,1206,2515
20211231,경춘선,퇴계원,3209,2920,6129
20211231,경춘선,별내,2890,2790,5680
20211231,경춘선,갈매,2574,2215,4789
20211231,경춘선,신내,1740,1705,3445
20211231,경춘선,남춘천,2285,2589,4874
20211231,경춘선,마석,3285,3392,6677
20211231,경춘선,춘천,1154,1169,2323
