사용일자,호선명,지하철역,승차총승객수,하차총승객수,승하차총승객수
20210101,경원선,이촌,828,637,1465
20210101,경원선,소요산,1555,1447,3002
20210101,경원선,동두천,568,714,1282
20210101,경원선,보산,700,762,1462
20210101,경원선,동두천중앙,1108,1154,2262
20210101,경원선,지행,2089,2102,4191
20210101,경원선,덕정,1625,1606,3231
20210101,경원선,덕계,739,779,1518
20210101,경원선,녹양,1302,1307,2609
20210101,경원선,가능,2071,2035,4106
20210101,경원선,의정부,6357,6358,12715
20210101,경원선,회룡,3280,3378,6658
20210101,경원선,망월사,2131,2236,4367
20210101,경원선,도봉산,4159,2890,7049
20210101,경원선,양주,2221,2255,4476
20210101,경원선,방학,3024,2933,5957
20210101,경원선,도봉,1805,1765,3570
20210101,경원선,한남,1014,929,1943
20210101,경원선,옥수,9,18,27
20210101,경원선,응봉,550,475,1025
20210101,경원선,왕십리,4224,5014,9238
20210101,경원선,청량리,4434,5033,9467
20210101,경원선,서빙고,427,365,792
20210101,경원선,신이문,2439,2308,4747
20210101,경원선,석계,2415,2556,4971
20210101,경원선,광운대,2238,2262,4500
20210101,경원선,월계,1949,1895,3844
20210101,경원선,녹천,1461,1203,2664
20210101,경원선,외대앞,2275,2208,4483
20210102,경원선,녹천,2035,1729,3764
20210102,경원선,월계,2761,2708,5469
20210102,경원선,광운대,3172,3125,6297
20210102,경원선,석계,3556,3848,7404
20210102,경원선,신이문,3548,3314,6862
20210102,경원선,외대앞,3161,3161,6322
20210102,경원선,옥수,29,12,41
20210102,경원선,왕십리,5792,7150,12942
20210102,경원선,응봉,703,638,1341
20210102,경원선,한남,1500,1417,2917
20210102,경원선,서빙고,707,611,1318
20210102,경원선,이촌,1571,1210,2781
20210102,경원선,청량리,7630,7828,15458
20210102,경원선,방학,4326,4290,8616
20210102,경원선,덕계,1132,1034,2166
20210102,경원선,도봉산,5859,3861,9720
20210102,경원선,도봉,2726,2563,5289
20210102,경원선,동두천,762,937,1699
20210102,경원선,보산,934,900,1834
20210102,경원선,동두천중앙,1499,1503,3002
20210102,경원선,지행,2975,2905,5880
20210102,경원선,덕정,2270,2205,4475
20210102,경원선,소요산,2090,1770,3860
20210102,경원선,양주,3320,3111,6431
20210102,경원선,녹양,1952,1956,3908
20210102,경원선,가능,3054,2896,5950
20210102,경원선,의정부,9693,10142,19835
20210102,경원선,회룡,5137,5195,10332
20210102,경원선,망월사,3158,3235,6393
20210103,경원선,녹천,1540,1383,2923
20210103,경원선,월계,2244,2141,4385
20210103,경원선,광운대,2489,2600,5089
20210103,경원선,석계,2888,3139,6027
20210103,경원선,신이문,2759,2591,5350
20210103,경원선,청량리,6894,6628,13522
20210103,경원선,옥수,37,12,49
20210103,경원선,응봉,554,496,1050
20210103,경원선,방학,3454,3274,6728
20210103,경원선,한남,1130,1110,2240
20210103,경원선,서빙고,476,514,990
20210103,경원선,이촌,1077,858,1935
20210103,경원선,왕십리,4555,5779,10334
20210103,경원선,도봉,2152,1985,4137
20210103,경원선,외대앞,2584,2647,5231
20210103,경원선,망월사,2491,2541,5032
20210103,경원선,동두천,756,861,1617
20210103,경원선,보산,820,669,1489
20210103,경원선,동두천중앙,1250,1168,2418
20210103,경원선,지행,2319,2125,4444
20210103,경원선,덕정,1792,1873,3665
20210103,경원선,덕계,884,827,1711
20210103,경원선,소요산,2089,1735,3824
20210103,경원선,양주,2710,2568,5278
20210103,경원선,녹양,1588,1469,3057
20210103,경원선,가능,2399,2192,4591
20210103,경원선,의정부,7790,7638,15428
20210103,경원선,회룡,3957,3828,7785
20210103,경원선,도봉산,5493,3708,9201
20210104,경원선,망월사,5583,5797,11380
20210104,경원선,회룡,9958,9798,19756
20210104,경원선,의정부,14011,14209,28220
20210104,경원선,가능,5143,5026,10169
20210104,경원선,녹양,3672,3515,7187
20210104,경원선,양주,5924,5566,11490
20210104,경원선,지행,4933,4817,9750
20210104,경원선,덕정,4249,4198,8447
20210104,경원선,동두천중앙,2470,2352,4822
20210104,경원선,보산,1153,1024,2177
20210104,경원선,동두천,1487,1722,3209
20210104,경원선,도봉산,6171,3679,9850
20210104,경원선,덕계,2163,1894,4057
20210104,경원선,도봉,4923,4818,9741
20210104,경원선,소요산,1864,1589,3453
20210104,경원선,창동,1,0,1
20210104,경원선,이촌,2963,2349,5312
20210104,경원선,서빙고,1472,1315,2787
20210104,경원선,한남,3347,3113,6460
20210104,경원선,옥수,40,21,61
20210104,경원선,응봉,1445,1234,2679
20210104,경원선,왕십리,9930,11608,21538
20210104,경원선,방학,7765,7634,15399
20210104,경원선,외대앞,5579,5783,11362
20210104,경원선,신이문,7280,6827,14107
20210104,경원선,석계,6510,7654,14164
20210104,경원선,광운대,6462,6155,12617
20210104,경원선,월계,4980,4821,9801
20210104,경원선,녹천,3976,3381,7357
20210104,경원선,청량리,10469,11256,21725
20210105,경원선,녹천,3938,3333,7271
20210105,경원선,월계,4949,4709,9658
20210105,경원선,광운대,6370,6153,12523
20210105,경원선,석계,6452,7443,13895
20210105,경원선,신이문,7275,6784,14059
20210105,경원선,외대앞,5605,5636,11241
20210105,경원선,응봉,1417,1265,2682
20210105,경원선,왕십리,9691,11144,20835
20210105,경원선,옥수,32,26,58
20210105,경원선,한남,3347,3117,6464
20210105,경원선,서빙고,1434,1331,2765
20210105,경원선,방학,7623,7539,15162
20210105,경원선,청량리,10667,11196,21863
20210105,경원선,이촌,2892,2236,5128
20210105,경원선,도봉산,5975,3515,9490
20210105,경원선,망월사,5589,5786,11375
20210105,경원선,도봉,4914,4775,9689
20210105,경원선,소요산,1771,1504,3275
20210105,경원선,동두천,1502,1665,3167
20210105,경원선,보산,1065,981,2046
20210105,경원선,지행,4780,4667,9447
20210105,경원선,덕정,4085,4134,8219
20210105,경원선,동두천중앙,2430,2353,4783
20210105,경원선,양주,5886,5575,11461
20210105,경원선,녹양,3640,3514,7154
20210105,경원선,가능,5102,4951,10053
20210105,경원선,의정부,14035,14017,28052
20210105,경원선,회룡,9976,9908,19884
20210105,경원선,덕계,2158,1955,4113
20210106,경원선,청량리,9917,10870,20787
20210106,경원선,월계,4700,4677,9377
20210106,경원선,광운대,6359,6187,12546
20210106,경원선,석계,6122,7258,13380
20210106,경원선,신이문,6844,6727,13571
20210106,경원선,왕십리,9824,11699,21523
20210106,경원선,녹천,3696,3338,7034
20210106,경원선,옥수,35,19,54
20210106,경원선,한남,4082,3475,7557
20210106,경원선,서빙고,1563,1494,3057
20210106,경원선,이촌,3059,2616,5675
20210106,경원선,창동,1,0,1
20210106,경원선,응봉,1414,1407,2821
20210106,경원선,방학,7020,7429,14449
20210106,경원선,외대앞,5464,5624,11088
20210106,경원선,도봉산,6774,3583,10357
20210106,경원선,소요산,1511,1305,2816
20210106,경원선,동두천,1340,1640,2980
20210106,경원선,보산,1047,1035,2082
20210106,경원선,동두천중앙,2205,2290,4495
20210106,경원선,지행,4521,4672,9193
20210106,경원선,덕정,3892,4325,8217
20210106,경원선,덕계,2034,2004,4038
20210106,경원선,도봉,4628,4840,9468
20210106,경원선,녹양,3411,3562,6973
20210106,경원선,가능,4827,5079,9906
20210106,경원선,의정부,14174,14909,29083
20210106,경원선,회룡,9962,12210,22172
20210106,경원선,망월사,5429,5939,11368
20210106,경원선,양주,5546,5980,11526
20210107,경원선,이촌,3310,2404,5714
20210107,경원선,녹천,3768,3228,6996
20210107,경원선,월계,4596,4369,8965
20210107,경원선,석계,5909,6892,12801
20210107,경원선,신이문,6903,6618,13521
20210107,경원선,외대앞,5237,5442,10679
20210107,경원선,옥수,38,24,62
20210107,경원선,왕십리,9819,11659,21478
20210107,경원선,응봉,1532,1266,2798
20210107,경원선,방학,7119,6934,14053
20210107,경원선,한남,3550,3440,6990
20210107,경원선,서빙고,1649,1553,3202
20210107,경원선,청량리,9752,10297,20049
20210107,경원선,도봉,4497,4288,8785
20210107,경원선,광운대,6108,5946,12054
20210107,경원선,망월사,5185,5361,10546
20210107,경원선,도봉산,5456,2986,8442
20210107,경원선,동두천,1310,1562,2872
20210107,경원선,보산,970,954,1924
20210107,경원선,동두천중앙,2082,2060,4142
20210107,경원선,소요산,1092,993,2085
20210107,경원선,덕정,3825,3865,7690
20210107,경원선,지행,4347,4296,8643
20210107,경원선,양주,5520,5380,10900
20210107,경원선,녹양,3306,3248,6554
20210107,경원선,가능,4723,4644,9367
20210107,경원선,의정부,13493,13126,26619
20210107,경원선,회룡,9288,9075,18363
20210107,경원선,덕계,1971,1744,3715
20210108,경원선,망월사,4848,5175,10023
20210108,경원선,회룡,8549,8604,17153
20210108,경원선,의정부,12925,13183,26108
20210108,경원선,가능,4533,4444,8977
20210108,경원선,녹양,3114,3034,6148
20210108,경원선,양주,5122,4878,10000
20210108,경원선,동두천,1272,1447,2719
20210108,경원선,덕정,3667,3516,7183
20210108,경원선,지행,4137,4115,8252
20210108,경원선,동두천중앙,1994,2031,4025
20210108,경원선,보산,899,889,1788
20210108,경원선,소요산,1214,955,2169
20210108,경원선,도봉산,4795,2583,7378
20210108,경원선,덕계,1811,1693,3504
20210108,경원선,도봉,4280,4155,8435
20210108,경원선,응봉,1297,1081,2378
20210108,경원선,창동,1,0,1
20210108,경원선,방학,6564,6539,13103
20210108,경원선,이촌,2885,2196,5081
20210108,경원선,서빙고,1470,1360,2830
20210108,경원선,한남,3214,2947,6161
20210108,경원선,왕십리,9999,11638,21637
20210108,경원선,청량리,10308,11027,21335
20210108,경원선,옥수,45,24,69
20210108,경원선,신이문,6632,6158,12790
20210108,경원선,석계,5741,6638,12379
20210108,경원선,광운대,5766,5574,11340
20210108,경원선,월계,4363,4267,8630
20210108,경원선,녹천,3516,2977,6493
20210108,경원선,외대앞,5194,5199,10393
20210109,경원선,신이문,4135,3902,8037
20210109,경원선,녹천,2206,1970,4176
20210109,경원선,월계,2953,2718,5671
20210109,경원선,광운대,3589,3604,7193
20210109,경원선,석계,4123,4338,8461
20210109,경원선,외대앞,3832,3852,7684
20210109,경원선,방학,4597,4534,9131
20210109,경원선,왕십리,7411,8676,16087
20210109,경원선,응봉,815,668,1483
20210109,경원선,옥수,20,17,37
20210109,경원선,한남,1828,1696,3524
20210109,경원선,서빙고,762,721,1483
20210109,경원선,청량리,8046,9094,17140
20210109,경원선,이촌,1786,1334,3120
20210109,경원선,도봉산,4422,2728,7150
20210109,경원선,망월사,3393,3437,6830
20210109,경원선,소요산,1382,1191,2573
20210109,경원선,동두천,883,1019,1902
20210109,경원선,보산,906,919,1825
20210109,경원선,동두천중앙,1381,1459,2840
20210109,경원선,지행,3031,2995,6026
20210109,경원선,덕정,2420,2359,4779
20210109,경원선,도봉,2834,2691,5525
20210109,경원선,양주,3273,3296,6569
20210109,경원선,녹양,2107,2009,4116
20210109,경원선,가능,3157,3127,6284
20210109,경원선,의정부,10443,10907,21350
20210109,경원선,회룡,5363,5504,10867
20210109,경원선,덕계,1143,1131,2274
20210110,경원선,녹천,1562,1300,2862
20210110,경원선,월계,2066,1919,3985
20210110,경원선,광운대,2580,2585,5165
20210110,경원선,석계,2860,3063,5923
20210110,경원선,신이문,2935,2670,5605
20210110,경원선,외대앞,2840,2704,5544
20210110,경원선,응봉,568,530,1098
20210110,경원선,왕십리,5011,5648,10659
20210110,경원선,옥수,35,17,52
20210110,경원선,한남,1192,1185,2377
20210110,경원선,서빙고,501,510,1011
20210110,경원선,방학,3248,3175,6423
20210110,경원선,청량리,6799,6746,13545
20210110,경원선,도봉,2048,1886,3934
20210110,경원선,이촌,1093,938,2031
20210110,경원선,망월사,2491,2495,4986
20210110,경원선,소요산,1705,1482,3187
20210110,경원선,동두천,712,814,1526
20210110,경원선,보산,774,697,1471
20210110,경원선,동두천중앙,1187,1169,2356
20210110,경원선,지행,2421,2287,4708
20210110,경원선,덕정,1886,1910,3796
20210110,경원선,도봉산,4527,3068,7595
20210110,경원선,양주,2451,2476,4927
20210110,경원선,녹양,1515,1476,2991
20210110,경원선,가능,2298,2182,4480
20210110,경원선,의정부,8148,8021,16169
20210110,경원선,회룡,3845,3783,7628
20210110,경원선,덕계,876,768,1644
20210111,경원선,망월사,5322,5570,10892
20210111,경원선,회룡,9600,9698,19298
20210111,경원선,의정부,13908,13993,27901
20210111,경원선,가능,5094,4935,10029
20210111,경원선,녹양,3572,3427,6999
20210111,경원선,양주,5788,5407,11195
20210111,경원선,지행,4719,4622,9341
20210111,경원선,덕정,4178,4110,8288
20210111,경원선,동두천중앙,2384,2239,4623
20210111,경원선,보산,1136,1015,2151
20210111,경원선,동두천,1475,1647,3122
20210111,경원선,도봉산,5512,3123,8635
20210111,경원선,덕계,2133,1893,4026
20210111,경원선,소요산,1538,1280,2818
20210111,경원선,도봉,4869,4733,9602
20210111,경원선,녹천,3889,3339,7228
20210111,경원선,방학,7369,7321,14690
20210111,경원선,이촌,2967,2317,5284
20210111,경원선,서빙고,1503,1385,2888
20210111,경원선,한남,3426,3270,6696
20210111,경원선,응봉,1364,1219,2583
20210111,경원선,왕십리,10038,11183,21221
20210111,경원선,옥수,46,31,77
20210111,경원선,외대앞,5521,5653,11174
20210111,경원선,신이문,7109,6652,13761
20210111,경원선,석계,6266,7296,13562
20210111,경원선,광운대,6233,6019,12252
20210111,경원선,월계,4758,4638,9396
20210111,경원선,청량리,10137,10917,21054
20210112,경원선,외대앞,5960,6166,12126
20210112,경원선,월계,5112,5239,10351
20210112,경원선,광운대,6608,6479,13087
20210112,경원선,석계,6539,7487,14026
20210112,경원선,신이문,7541,7373,14914
20210112,경원선,청량리,11200,12155,23355
20210112,경원선,녹천,3993,3555,7548
20210112,경원선,응봉,1509,1469,2978
20210112,경원선,옥수,39,28,67
20210112,경원선,한남,3895,3576,7471
20210112,경원선,서빙고,1629,1581,3210
20210112,경원선,이촌,3176,2641,5817
20210112,경원선,왕십리,10572,12289,22861
20210112,경원선,방학,7915,8097,16012
20210112,경원선,덕계,2244,2078,4322
20210112,경원선,도봉산,6178,3676,9854
20210112,경원선,동두천,1608,1752,3360
20210112,경원선,보산,1150,1039,2189
20210112,경원선,동두천중앙,2489,2425,4914
20210112,경원선,지행,5018,4885,9903
20210112,경원선,덕정,4256,4319,8575
20210112,경원선,도봉,5149,5138,10287
20210112,경원선,소요산,1856,1584,3440
20210112,경원선,녹양,3723,3678,7401
20210112,경원선,가능,5285,5270,10555
20210112,경원선,의정부,14523,14889,29412
20210112,경원선,회룡,10225,10545,20770
20210112,경원선,망월사,5684,6134,11818
20210112,경원선,양주,5977,5913,11890
20210113,경원선,월계,5105,4809,9914
20210113,경원선,광운대,6703,6385,13088
20210113,경원선,석계,6905,7841,14746
20210113,경원선,신이문,7650,7078,14728
20210113,경원선,외대앞,5921,6001,11922
20210113,경원선,청량리,11056,11829,22885
20210113,경원선,옥수,39,26,65
20210113,경원선,응봉,1568,1292,2860
20210113,경원선,한남,3676,3468,7144
20210113,경원선,서빙고,1630,1496,3126
20210113,경원선,이촌,3321,2467,5788
20210113,경원선,녹천,4047,3417,7464
20210113,경원선,왕십리,10666,12071,22737
20210113,경원선,방학,8065,7937,16002
20210113,경원선,도봉,5307,5070,10377
20210113,경원선,도봉산,6460,3756,10216
20210113,경원선,소요산,1963,1652,3615
20210113,경원선,동두천,1510,1741,3251
20210113,경원선,보산,1084,1028,2112
20210113,경원선,동두천중앙,2433,2323,4756
20210113,경원선,덕정,4384,4298,8682
20210113,경원선,덕계,2322,2075,4397
20210113,경원선,지행,4922,4889,9811
20210113,경원선,녹양,3758,3626,7384
20210113,경원선,가능,5335,5287,10622
20210113,경원선,의정부,14724,14998,29722
20210113,경원선,회룡,10511,10338,20849
20210113,경원선,망월사,5748,6027,11775
20210113,경원선,양주,6055,5721,11776
20210114,경원선,녹양,3840,3644,7484
20210114,경원선,망월사,5713,5944,11657
20210114,경원선,회룡,10569,10360,20929
20210114,경원선,의정부,14550,14820,29370
20210114,경원선,가능,5354,5309,10663
20210114,경원선,양주,5942,5610,11552
20210114,경원선,소요산,2172,1872,4044
20210114,경원선,덕정,4352,4210,8562
20210114,경원선,지행,4951,4878,9829
20210114,경원선,동두천중앙,2494,2406,4900
20210114,경원선,보산,1200,1113,2313
20210114,경원선,동두천,1558,1807,3365
20210114,경원선,도봉산,6666,3991,10657
20210114,경원선,덕계,2294,2052,4346
20210114,경원선,도봉,5259,5138,10397
20210114,경원선,이촌,3095,2367,5462
20210114,경원선,창동,1,0,1
20210114,경원선,방학,8158,7985,16143
20210114,경원선,서빙고,1603,1491,3094
20210114,경원선,한남,3606,3309,6915
20210114,경원선,옥수,40,33,73
20210114,경원선,왕십리,10574,11921,22495
20210114,경원선,청량리,11746,12678,24424
20210114,경원선,응봉,1502,1300,2802
20210114,경원선,신이문,7493,7047,14540
20210114,경원선,석계,6855,7681,14536
20210114,경원선,광운대,6673,6335,13008
20210114,경원선,월계,5152,4871,10023
20210114,경원선,녹천,4108,3456,7564
20210114,경원선,외대앞,5906,5966,11872
20210115,경원선,양주,5984,5753,11737
20210115,경원선,회룡,10195,10298,20493
20210115,경원선,의정부,15108,15609,30717
20210115,경원선,가능,5233,5181,10414
20210115,경원선,녹양,3775,3565,7340
20210115,경원선,덕계,2247,2016,4263
20210115,경원선,망월사,5734,6020,11754
20210115,경원선,지행,4964,4992,9956
20210115,경원선,동두천중앙,2469,2510,4979
20210115,경원선,보산,1267,1227,2494
20210115,경원선,동두천,1566,1771,3337
20210115,경원선,소요산,1840,1549,3389
20210115,경원선,덕정,4334,4266,8600
20210115,경원선,도봉산,6100,3515,9615
20210115,경원선,방학,8032,7868,15900
20210115,경원선,이촌,3248,2448,5696
20210115,경원선,도봉,5168,4966,10134
20210115,경원선,서빙고,1585,1462,3047
20210115,경원선,한남,3695,3446,7141
20210115,경원선,옥수,38,27,65
20210115,경원선,왕십리,11164,12801,23965
20210115,경원선,청량리,12266,13285,25551
20210115,경원선,응봉,1506,1276,2782
20210115,경원선,신이문,7537,7076,14613
20210115,경원선,석계,6890,7903,14793
20210115,경원선,광운대,6677,6330,13007
20210115,경원선,월계,5041,4828,9869
20210115,경원선,녹천,4070,3438,7508
20210115,경원선,외대앞,6194,6117,12311
20210116,경원선,가능,3803,3749,7552
20210116,경원선,도봉산,6547,4196,10743
20210116,경원선,망월사,4301,4486,8787
20210116,경원선,회룡,6904,6934,13838
20210116,경원선,의정부,12176,12648,24824
20210116,경원선,녹양,2477,2406,4883
20210116,경원선,소요산,2183,1977,4160
20210116,경원선,덕정,3054,2864,5918
20210116,경원선,동두천중앙,1789,1932,3721
20210116,경원선,보산,1046,1102,2148
20210116,경원선,동두천,995,1236,2231
20210116,경원선,도봉,3400,3418,6818
20210116,경원선,덕계,1507,1415,2922
20210116,경원선,방학,5589,5615,11204
20210116,경원선,지행,3586,3625,7211
20210116,경원선,월계,3502,3426,6928
20210116,경원선,녹천,2671,2388,5059
20210116,경원선,이촌,2035,1579,3614
20210116,경원선,서빙고,815,735,1550
20210116,경원선,한남,2089,1956,4045
20210116,경원선,옥수,24,16,40
20210116,경원선,응봉,1024,879,1903
20210116,경원선,양주,4236,4081,8317
20210116,경원선,청량리,10338,11534,21872
20210116,경원선,외대앞,7964,7669,15633
20210116,경원선,신이문,4792,4463,9255
20210116,경원선,석계,5064,5396,10460
20210116,경원선,광운대,4234,4174,8408
20210116,경원선,왕십리,8455,9745,18200
20210117,경원선,월계,2465,2434,4899
20210117,경원선,광운대,2924,2988,5912
20210117,경원선,석계,3235,3543,6778
20210117,경원선,신이문,3232,3054,6286
20210117,경원선,외대앞,3254,3109,6363
20210117,경원선,응봉,676,624,1300
20210117,경원선,왕십리,5685,6748,12433
20210117,경원선,옥수,37,12,49
20210117,경원선,한남,1347,1362,2709
20210117,경원선,서빙고,564,583,1147
20210117,경원선,녹천,1712,1479,3191
20210117,경원선,이촌,1272,1048,2320
20210117,경원선,청량리,8410,7992,16402
20210117,경원선,방학,3867,3768,7635
20210117,경원선,의정부,9354,9243,18597
20210117,경원선,도봉산,5579,3762,9341
20210117,경원선,소요산,2066,1792,3858
20210117,경원선,동두천,787,895,1682
20210117,경원선,보산,860,773,1633
20210117,경원선,도봉,2398,2231,4629
20210117,경원선,지행,2630,2534,5164
20210117,경원선,양주,3037,2964,6001
20210117,경원선,동두천중앙,1417,1310,2727
20210117,경원선,덕계,1042,963,2005
20210117,경원선,녹양,1724,1613,3337
20210117,경원선,가능,2701,2580,5281
20210117,경원선,회룡,4564,4533,9097
20210117,경원선,망월사,2887,2931,5818
20210117,경원선,덕정,2169,2232,4401
20210118,경원선,외대앞,5949,6034,11983
20210118,경원선,월계,5104,4897,10001
20210118,경원선,광운대,6712,6509,13221
20210118,경원선,석계,6629,7678,14307
20210118,경원선,신이문,7526,7038,14564
20210118,경원선,청량리,11175,11874,23049
20210118,경원선,녹천,4139,3465,7604
20210118,경원선,응봉,1527,1335,2862
20210118,경원선,옥수,28,24,52
20210118,경원선,한남,3597,3463,7060
20210118,경원선,서빙고,1691,1534,3225
20210118,경원선,이촌,3340,2626,5966
20210118,경원선,왕십리,10445,12085,22530
20210118,경원선,방학,7955,7901,15856
20210118,경원선,소요산,1739,1433,3172
20210118,경원선,도봉산,5673,3169,8842
20210118,경원선,동두천,1551,1816,3367
20210118,경원선,보산,1206,1050,2256
20210118,경원선,동두천중앙,2404,2382,4786
20210118,경원선,지행,5247,5076,10323
20210118,경원선,덕정,4518,4427,8945
20210118,경원선,덕계,2349,2126,4475
20210118,경원선,도봉,5249,5088,10337
20210118,경원선,녹양,3895,3708,7603
20210118,경원선,가능,5392,5234,10626
20210118,경원선,의정부,15058,15076,30134
20210118,경원선,회룡,10548,10367,20915
20210118,경원선,망월사,5770,6008,11778
20210118,경원선,양주,6244,5894,12138
20210119,경원선,회룡,10224,10203,20427
20210119,경원선,의정부,14630,14758,29388
20210119,경원선,가능,5299,5059,10358
20210119,경원선,녹양,3782,3662,7444
20210119,경원선,양주,5850,5572,11422
20210119,경원선,덕계,2164,1980,4144
20210119,경원선,동두천중앙,2361,2203,4564
20210119,경원선,지행,4791,4774,9565
20210119,경원선,보산,1051,1014,2065
20210119,경원선,동두천,1499,1655,3154
20210119,경원선,소요산,1583,1373,2956
20210119,경원선,망월사,5671,5946,11617
20210119,경원선,덕정,4267,4202,8469
20210119,경원선,도봉산,5765,3314,9079
20210119,경원선,도봉,5165,4936,10101
20210119,경원선,방학,7814,7776,15590
20210119,경원선,서빙고,1556,1483,3039
20210119,경원선,한남,3589,3410,6999
20210119,경원선,옥수,48,30,78
20210119,경원선,응봉,1499,1274,2773
20210119,경원선,왕십리,10297,11772,22069
20210119,경원선,청량리,10676,11426,22102
20210119,경원선,이촌,3131,2400,5531
20210119,경원선,신이문,7251,6712,13963
20210119,경원선,석계,6594,7638,14232
20210119,경원선,광운대,6439,6171,12610
20210119,경원선,월계,4934,4738,9672
20210119,경원선,녹천,3967,3408,7375
20210119,경원선,외대앞,5804,5869,11673
20210120,경원선,녹천,4259,3641,7900
20210120,경원선,월계,5507,5312,10819
20210120,경원선,광운대,8624,8389,17013
20210120,경원선,석계,7214,8082,15296
20210120,경원선,신이문,7722,7164,14886
20210120,경원선,외대앞,6180,6173,12353
20210120,경원선,응봉,1610,1387,2997
20210120,경원선,왕십리,11326,12821,24147
20210120,경원선,옥수,32,21,53
20210120,경원선,한남,3765,3506,7271
20210120,경원선,서빙고,1644,1493,3137
20210120,경원선,방학,8434,8290,16724
20210120,경원선,청량리,12065,12978,25043
20210120,경원선,도봉,5379,5214,10593
20210120,경원선,이촌,3335,2655,5990
20210120,경원선,망월사,6154,6440,12594
20210120,경원선,창동,1,0,1
20210120,경원선,소요산,2164,1857,4021
20210120,경원선,동두천,1617,1911,3528
20210120,경원선,보산,1213,1054,2267
20210120,경원선,동두천중앙,2699,2660,5359
20210120,경원선,지행,5154,5168,10322
20210120,경원선,도봉산,6928,4179,11107
20210120,경원선,덕계,2327,2106,4433
20210120,경원선,양주,6230,5948,12178
20210120,경원선,녹양,4041,3775,7816
20210120,경원선,가능,5467,5442,10909
20210120,경원선,의정부,15428,15643,31071
20210120,경원선,회룡,11029,10991,22020
20210120,경원선,덕정,4705,4482,9187
20210121,경원선,녹천,4122,3586,7708
20210121,경원선,월계,5305,5036,10341
20210121,경원선,광운대,6841,6522,13363
20210121,경원선,석계,6888,7981,14869
20210121,경원선,신이문,7487,7181,14668
20210121,경원선,외대앞,6078,6097,12175
20210121,경원선,응봉,1548,1390,2938
20210121,경원선,왕십리,11107,12594,23701
20210121,경원선,옥수,37,27,64
20210121,경원선,한남,3691,3478,7169
20210121,경원선,서빙고,1600,1510,3110
20210121,경원선,방학,8199,8077,16276
20210121,경원선,청량리,11553,12608,24161
20210121,경원선,도봉,5470,5356,10826
20210121,경원선,이촌,3133,2429,5562
20210121,경원선,망월사,5965,6228,12193
20210121,경원선,소요산,1926,1648,3574
20210121,경원선,동두천,1555,1757,3312
20210121,경원선,보산,1120,1044,2164
20210121,경원선,동두천중앙,2492,2447,4939
20210121,경원선,지행,4959,4835,9794
20210121,경원선,덕정,4335,4337,8672
20210121,경원선,도봉산,6278,3800,10078
20210121,경원선,양주,6054,5684,11738
20210121,경원선,녹양,3885,3698,7583
20210121,경원선,가능,5411,5274,10685
20210121,경원선,의정부,14885,14911,29796
20210121,경원선,회룡,10704,10572,21276
20210121,경원선,덕계,2239,2029,4268
20210122,경원선,녹천,4155,3470,7625
20210122,경원선,월계,5546,5271,10817
20210122,경원선,광운대,6839,6519,13358
20210122,경원선,석계,7287,8144,15431
20210122,경원선,신이문,7718,7086,14804
20210122,경원선,외대앞,6174,6220,12394
20210122,경원선,응봉,1554,1310,2864
20210122,경원선,왕십리,11860,13411,25271
20210122,경원선,옥수,44,23,67
20210122,경원선,한남,3758,3582,7340
20210122,경원선,서빙고,1671,1481,3152
20210122,경원선,방학,8365,8288,16653
20210122,경원선,창동,1,0,1
20210122,경원선,청량리,12766,13823,26589
20210122,경원선,이촌,3300,2575,5875
20210122,경원선,도봉,5336,5188,10524
20210122,경원선,망월사,6030,6231,12261
20210122,경원선,도봉산,6269,3707,9976
20210122,경원선,소요산,1940,1655,3595
20210122,경원선,동두천,1575,1800,3375
20210122,경원선,보산,1185,1139,2324
20210122,경원선,지행,5247,5323,10570
20210122,경원선,덕정,4573,4411,8984
20210122,경원선,동두천중앙,2590,2527,5117
20210122,경원선,양주,6279,5854,12133
20210122,경원선,녹양,3981,3759,7740
20210122,경원선,가능,5530,5492,11022
20210122,경원선,의정부,15716,16485,32201
20210122,경원선,회룡,10769,10755,21524
20210122,경원선,덕계,2337,2115,4452
20210123,경원선,양주,4491,4401,8892
20210123,경원선,망월사,4293,4490,8783
20210123,경원선,회룡,7698,7743,15441
20210123,경원선,의정부,13347,14021,27368
20210123,경원선,가능,4104,3930,8034
20210123,경원선,덕계,1708,1506,3214
20210123,경원선,도봉산,7504,4991,12495
20210123,경원선,지행,4005,3971,7976
20210123,경원선,동두천중앙,1940,2019,3959
20210123,경원선,보산,1120,1172,2292
20210123,경원선,동두천,1185,1432,2617
20210123,경원선,소요산,2732,2423,5155
20210123,경원선,덕정,3207,3133,6340
20210123,경원선,도봉,3595,3441,7036
20210123,경원선,녹양,2687,2699,5386
20210123,경원선,녹천,2825,2448,5273
20210123,경원선,서빙고,1015,902,1917
20210123,경원선,한남,2401,2166,4567
20210123,경원선,옥수,24,25,49
20210123,경원선,응봉,1108,978,2086
20210123,경원선,왕십리,9164,10259,19423
20210123,경원선,청량리,11026,12204,23230
20210123,경원선,이촌,2322,1774,4096
20210123,경원선,방학,6083,5986,12069
20210123,경원선,신이문,5087,4628,9715
20210123,경원선,석계,5607,5794,11401
20210123,경원선,광운대,4777,4632,9409
20210123,경원선,월계,4111,3756,7867
20210123,경원선,외대앞,4863,4705,9568
20210124,경원선,망월사,3091,3275,6366
20210124,경원선,회룡,5649,5552,11201
20210124,경원선,의정부,10224,10127,20351
20210124,경원선,가능,3158,2919,6077
20210124,경원선,녹양,1977,1896,3873
20210124,경원선,양주,3514,3335,6849
20210124,경원선,지행,3032,2923,5955
20210124,경원선,덕정,2336,2433,4769
20210124,경원선,동두천중앙,1543,1434,2977
20210124,경원선,보산,951,906,1857
20210124,경원선,동두천,929,1100,2029
20210124,경원선,도봉산,7352,5244,12596
20210124,경원선,덕계,1178,1083,2261
20210124,경원선,도봉,2765,2605,5370
20210124,경원선,소요산,2985,2603,5588
20210124,경원선,녹천,2186,1916,4102
20210124,경원선,이촌,1675,1287,2962
20210124,경원선,서빙고,826,819,1645
20210124,경원선,한남,1568,1545,3113
20210124,경원선,옥수,47,10,57
20210124,경원선,응봉,820,732,1552
20210124,경원선,왕십리,6139,6875,13014
20210124,경원선,방학,4507,4382,8889
20210124,경원선,외대앞,3554,3407,6961
20210124,경원선,신이문,3700,3479,7179
20210124,경원선,석계,3792,4058,7850
20210124,경원선,광운대,3263,3312,6575
20210124,경원선,월계,2916,2645,5561
20210124,경원선,청량리,8884,8911,17795
20210125,경원선,망월사,6289,6460,12749
20210125,경원선,회룡,11337,11377,22714
20210125,경원선,의정부,15706,15831,31537
20210125,경원선,가능,5617,5489,11106
20210125,경원선,녹양,4097,3924,8021
20210125,경원선,양주,6680,6123,12803
20210125,경원선,지행,5435,5364,10799
20210125,경원선,덕정,4628,4573,9201
20210125,경원선,동두천중앙,2916,2741,5657
20210125,경원선,보산,1272,1127,2399
20210125,경원선,동두천,1741,1968,3709
20210125,경원선,도봉산,7004,4288,11292
20210125,경원선,덕계,2398,2188,4586
20210125,경원선,소요산,2332,1958,4290
20210125,경원선,도봉,5653,5350,11003
20210125,경원선,녹천,4298,3662,7960
20210125,경원선,방학,8686,8488,17174
20210125,경원선,이촌,3379,2617,5996
20210125,경원선,서빙고,1642,1544,3186
20210125,경원선,한남,3916,3649,7565
20210125,경원선,응봉,1620,1450,3070
20210125,경원선,왕십리,11325,12779,24104
20210125,경원선,옥수,37,28,65
20210125,경원선,외대앞,6219,6340,12559
20210125,경원선,신이문,7817,7265,15082
20210125,경원선,석계,7159,8231,15390
20210125,경원선,광운대,6985,6688,13673
20210125,경원선,월계,5652,5428,11080
20210125,경원선,청량리,12476,13384,25860
20210126,경원선,양주,6259,5954,12213
20210126,경원선,회룡,10922,10814,21736
20210126,경원선,의정부,15114,15347,30461
20210126,경원선,가능,5529,5409,10938
20210126,경원선,녹양,4126,3864,7990
20210126,경원선,덕계,2286,2114,4400
20210126,경원선,망월사,6145,6388,12533
20210126,경원선,지행,5252,5193,10445
20210126,경원선,동두천중앙,2535,2479,5014
20210126,경원선,보산,1166,1091,2257
20210126,경원선,동두천,1620,1842,3462
20210126,경원선,소요산,1908,1575,3483
20210126,경원선,덕정,4491,4454,8945
20210126,경원선,도봉산,5950,3525,9475
20210126,경원선,도봉,5437,5343,10780
20210126,경원선,방학,8310,8151,16461
20210126,경원선,서빙고,1690,1573,3263
20210126,경원선,한남,3865,3640,7505
20210126,경원선,옥수,39,35,74
20210126,경원선,응봉,1654,1371,3025
20210126,경원선,왕십리,11140,12719,23859
20210126,경원선,청량리,11501,12414,23915
20210126,경원선,이촌,3233,2608,5841
20210126,경원선,신이문,7583,7130,14713
20210126,경원선,석계,7172,8093,15265
20210126,경원선,광운대,6827,6407,13234
20210126,경원선,월계,5278,5136,10414
20210126,경원선,녹천,4168,3604,7772
20210126,경원선,외대앞,6024,5992,12016
20210127,경원선,망월사,6410,6634,13044
20210127,경원선,회룡,11492,11427,22919
20210127,경원선,의정부,16158,16386,32544
20210127,경원선,가능,5676,5554,11230
20210127,경원선,녹양,4164,3966,8130
20210127,경원선,양주,6482,6172,12654
20210127,경원선,지행,5454,5408,10862
20210127,경원선,덕정,4722,4615,9337
20210127,경원선,동두천중앙,2741,2654,5395
20210127,경원선,보산,1218,1137,2355
20210127,경원선,동두천,1592,1836,3428
20210127,경원선,도봉산,7297,4402,11699
20210127,경원선,덕계,2471,2272,4743
20210127,경원선,도봉,5652,5533,11185
20210127,경원선,소요산,2385,1996,4381
20210127,경원선,녹천,4376,3786,8162
20210127,경원선,이촌,3492,2763,6255
20210127,경원선,서빙고,1680,1563,3243
20210127,경원선,한남,3895,3697,7592
20210127,경원선,옥수,43,25,68
20210127,경원선,응봉,1696,1417,3113
20210127,경원선,왕십리,11770,13371,25141
20210127,경원선,방학,8753,8585,17338
20210127,경원선,외대앞,6388,6333,12721
20210127,경원선,신이문,7974,7531,15505
20210127,경원선,석계,7478,8496,15974
20210127,경원선,광운대,7099,6827,13926
20210127,경원선,월계,5664,5361,11025
20210127,경원선,청량리,12963,13891,26854
20210128,경원선,망월사,6131,6312,12443
20210128,경원선,회룡,10774,10604,21378
20210128,경원선,의정부,15150,15349,30499
20210128,경원선,가능,5295,5335,10630
20210128,경원선,녹양,4051,3766,7817
20210128,경원선,양주,6109,5811,11920
20210128,경원선,지행,5055,5015,10070
20210128,경원선,덕정,4403,4360,8763
20210128,경원선,동두천중앙,2441,2380,4821
20210128,경원선,보산,1142,1021,2163
20210128,경원선,동두천,1473,1713,3186
20210128,경원선,도봉산,5674,3241,8915
20210128,경원선,덕계,2338,2089,4427
20210128,경원선,소요산,1677,1381,3058
20210128,경원선,도봉,5339,5226,10565
20210128,경원선,녹천,4147,3594,7741
20210128,경원선,방학,8110,8024,16134
20210128,경원선,이촌,3265,2584,5849
20210128,경원선,서빙고,1698,1611,3309
20210128,경원선,한남,3702,3577,7279
20210128,경원선,응봉,1618,1370,2988
20210128,경원선,왕십리,11240,12536,23776
20210128,경원선,옥수,37,39,76
20210128,경원선,외대앞,6010,6102,12112
20210128,경원선,신이문,7718,7220,14938
20210128,경원선,석계,6884,7830,14714
20210128,경원선,광운대,6870,6600,13470
20210128,경원선,월계,5279,5062,10341
20210128,경원선,청량리,11695,12453,24148
20210129,경원선,양주,6034,5771,11805
20210129,경원선,회룡,10297,10231,20528
20210129,경원선,의정부,15164,15831,30995
20210129,경원선,가능,5203,5084,10287
20210129,경원선,녹양,3800,3548,7348
20210129,경원선,덕계,2254,1998,4252
20210129,경원선,망월사,5843,6080,11923
20210129,경원선,지행,5013,5031,10044
20210129,경원선,동두천중앙,2378,2308,4686
20210129,경원선,보산,1135,1108,2243
20210129,경원선,동두천,1610,1784,3394
20210129,경원선,소요산,1726,1510,3236
20210129,경원선,덕정,4229,4131,8360
20210129,경원선,도봉산,5716,3177,8893
20210129,경원선,서빙고,1575,1472,3047
20210129,경원선,방학,7916,7839,15755
20210129,경원선,이촌,3204,2551,5755
20210129,경원선,도봉,4953,4780,9733
20210129,경원선,한남,3690,3434,7124
20210129,경원선,옥수,42,33,75
20210129,경원선,왕십리,11414,13021,24435
20210129,경원선,청량리,12200,13056,25256
20210129,경원선,응봉,1501,1273,2774
20210129,경원선,신이문,7429,6951,14380
20210129,경원선,석계,6802,7728,14530
20210129,경원선,광운대,6732,6372,13104
20210129,경원선,월계,5092,4875,9967
20210129,경원선,녹천,3964,3350,7314
20210129,경원선,외대앞,5979,5980,11959
20210130,경원선,녹양,2715,2647,5362
20210130,경원선,망월사,4276,4526,8802
20210130,경원선,회룡,7528,7458,14986
20210130,경원선,의정부,13499,14248,27747
20210130,경원선,가능,4028,3933,7961
20210130,경원선,양주,4678,4529,9207
20210130,경원선,창동,1,0,1
20210130,경원선,덕정,3203,3046,6249
20210130,경원선,지행,4060,4029,8089
20210130,경원선,동두천중앙,2062,2153,4215
20210130,경원선,보산,1063,1083,2146
20210130,경원선,소요산,2191,1902,4093
20210130,경원선,도봉산,6413,4190,10603
20210130,경원선,덕계,1562,1502,3064
20210130,경원선,도봉,3662,3525,7187
20210130,경원선,방학,6001,5901,11902
20210130,경원선,녹천,2648,2269,4917
20210130,경원선,이촌,2366,1739,4105
20210130,경원선,서빙고,977,925,1902
20210130,경원선,한남,2287,2183,4470
20210130,경원선,옥수,27,25,52
20210130,경원선,응봉,1112,911,2023
20210130,경원선,왕십리,9117,10297,19414
20210130,경원선,동두천,1149,1375,2524
20210130,경원선,외대앞,4722,4515,9237
20210130,경원선,신이문,5145,4620,9765
20210130,경원선,석계,5362,5820,11182
20210130,경원선,광운대,4443,4469,8912
20210130,경원선,월계,3833,3623,7456
20210130,경원선,청량리,11138,12364,23502
20210131,경원선,망월사,3201,3324,6525
20210131,경원선,회룡,5640,5578,11218
20210131,경원선,의정부,10322,10274,20596
20210131,경원선,가능,3067,2846,5913
20210131,경원선,녹양,2091,1939,4030
20210131,경원선,양주,3640,3472,7112
20210131,경원선,지행,3076,2917,5993
20210131,경원선,덕정,2396,2397,4793
20210131,경원선,동두천중앙,1610,1480,3090
20210131,경원선,보산,956,885,1841
20210131,경원선,동두천,910,1092,2002
20210131,경원선,도봉산,7121,4890,12011
20210131,경원선,덕계,1195,1119,2314
20210131,경원선,도봉,2775,2625,5400
20210131,경원선,소요산,2711,2394,5105
20210131,경원선,창동,1,0,1
20210131,경원선,이촌,1644,1310,2954
20210131,경원선,서빙고,820,848,1668
20210131,경원선,한남,1683,1690,3373
20210131,경원선,옥수,33,16,49
20210131,경원선,응봉,862,764,1626
20210131,경원선,왕십리,6675,7386,14061
20210131,경원선,방학,4636,4459,9095
20210131,경원선,외대앞,3620,3609,7229
20210131,경원선,신이문,3780,3597,7377
20210131,경원선,석계,3833,4204,8037
20210131,경원선,광운대,3441,3418,6859
20210131,경원선,월계,2969,2748,5717
20210131,경원선,녹천,2216,1904,4120
20210131,경원선,청량리,9574,9386,18960
20210201,경원선,월계,5672,5391,11063
20210201,경원선,광운대,7087,6847,13934
20210201,경원선,석계,7258,8300,15558
20210201,경원선,신이문,8020,7412,15432
20210201,경원선,외대앞,6330,6406,12736
20210201,경원선,청량리,12239,13103,25342
20210201,경원선,옥수,50,23,73
20210201,경원선,응봉,1649,1410,3059
20210201,경원선,한남,3894,3671,7565
20210201,경원선,서빙고,1715,1538,3253
20210201,경원선,이촌,3475,2757,6232
20210201,경원선,녹천,4400,3786,8186
20210201,경원선,왕십리,11315,12654,23969
20210201,경원선,방학,8660,8514,17174
20210201,경원선,도봉,5561,5396,10957
20210201,경원선,망월사,6246,6565,12811
20210201,경원선,소요산,2088,1738,3826
20210201,경원선,동두천,1639,1882,3521
20210201,경원선,보산,1280,1082,2362
20210201,경원선,동두천중앙,2738,2563,5301
20210201,경원선,지행,5549,5473,11022
20210201,경원선,덕정,4677,4655,9332
20210201,경원선,도봉산,6596,4039,10635
20210201,경원선,양주,6676,6184,12860
20210201,경원선,녹양,4133,3870,8003
20210201,경원선,가능,5747,5651,11398
20210201,경원선,의정부,15971,16201,32172
20210201,경원선,회룡,11373,11277,22650
20210201,경원선,덕계,2506,2221,4727
20210202,경원선,창동,2,0,2
20210202,경원선,녹천,4273,3725,7998
20210202,경원선,월계,5379,5103,10482
20210202,경원선,광운대,7120,6922,14042
20210202,경원선,석계,7072,8142,15214
20210202,경원선,신이문,7799,7257,15056
20210202,경원선,왕십리,11339,12705,24044
20210202,경원선,청량리,12105,12787,24892
20210202,경원선,응봉,1619,1422,3041
20210202,경원선,옥수,36,26,62
20210202,경원선,한남,3820,3552,7372
20210202,경원선,방학,8437,8308,16745
20210202,경원선,이촌,3254,2627,5881
20210202,경원선,외대앞,6201,6263,12464
20210202,경원선,서빙고,1707,1589,3296
20210202,경원선,도봉,5444,5306,10750
20210202,경원선,망월사,6283,6578,12861
20210202,경원선,도봉산,6251,3746,9997
20210202,경원선,소요산,1866,1576,3442
20210202,경원선,동두천,1582,1766,3348
20210202,경원선,보산,1149,1061,2210
20210202,경원선,지행,5304,5236,10540
20210202,경원선,덕정,4615,4546,9161
20210202,경원선,동두천중앙,2612,2501,5113
20210202,경원선,양주,6578,6159,12737
20210202,경원선,녹양,3960,3774,7734
20210202,경원선,가능,5545,5513,11058
20210202,경원선,의정부,15537,15652,31189
20210202,경원선,회룡,11231,11006,22237
20210202,경원선,덕계,2415,2161,4576
20210203,경원선,녹양,4269,3984,8253
20210203,경원선,망월사,6465,6729,13194
20210203,경원선,회룡,11681,11653,23334
20210203,경원선,의정부,16251,16767,33018
20210203,경원선,가능,5660,5619,11279
20210203,경원선,양주,6809,6411,13220
20210203,경원선,도봉산,6984,4157,11141
20210203,경원선,덕정,4726,4604,9330
20210203,경원선,지행,5576,5454,11030
20210203,경원선,동두천중앙,2743,2662,5405
20210203,경원선,보산,1203,1136,2339
20210203,경원선,동두천,1659,1864,3523
20210203,경원선,덕계,2378,2156,4534
20210203,경원선,도봉,5676,5594,11270
20210203,경원선,소요산,2112,1724,3836
20210203,경원선,녹천,4418,3838,8256
20210203,경원선,이촌,3830,2955,6785
20210203,경원선,서빙고,1707,1632,3339
20210203,경원선,한남,4058,3695,7753
20210203,경원선,옥수,54,27,81
20210203,경원선,응봉,1704,1423,3127
20210203,경원선,왕십리,12283,13808,26091
20210203,경원선,방학,8726,8565,17291
20210203,경원선,외대앞,6327,6364,12691
20210203,경원선,신이문,8088,7810,15898
20210203,경원선,석계,7466,8558,16024
20210203,경원선,광운대,7315,7206,14521
20210203,경원선,월계,5761,5565,11326
20210203,경원선,청량리,12544,13600,26144
20210204,경원선,망월사,6397,6589,12986
20210204,경원선,회룡,11301,11077,22378
20210204,경원선,의정부,16167,16193,32360
20210204,경원선,가능,5778,5575,11353
20210204,경원선,녹양,4264,3923,8187
20210204,경원선,양주,6743,6342,13085
20210204,경원선,지행,5585,5476,11061
20210204,경원선,덕정,4817,4648,9465
20210204,경원선,도봉산,6361,3708,10069
20210204,경원선,동두천중앙,2596,2575,5171
20210204,경원선,보산,1182,1105,2287
20210204,경원선,동두천,1631,1855,3486
20210204,경원선,덕계,2400,2200,4600
20210204,경원선,도봉,5501,5378,10879
20210204,경원선,소요산,2070,1593,3663
20210204,경원선,녹천,4243,3737,7980
20210204,경원선,이촌,3542,2662,6204
20210204,경원선,서빙고,1689,1626,3315
20210204,경원선,한남,3993,3766,7759
20210204,경원선,옥수,41,28,69
20210204,경원선,응봉,1743,1430,3173
20210204,경원선,왕십리,12049,13598,25647
20210204,경원선,방학,8456,8424,16880
20210204,경원선,외대앞,6311,6281,12592
20210204,경원선,신이문,8021,7575,15596
20210204,경원선,석계,7273,8378,15651
20210204,경원선,광운대,7164,6890,14054
20210204,경원선,월계,5774,5596,11370
20210204,경원선,청량리,11930,12976,24906
20210205,경원선,녹천,4464,3680,8144
20210205,경원선,월계,6194,5878,12072
20210205,경원선,광운대,7378,6943,14321
20210205,경원선,석계,7790,8837,16627
20210205,경원선,신이문,8221,7616,15837
20210205,경원선,외대앞,6578,6591,13169
20210205,경원선,응봉,1721,1438,3159
20210205,경원선,왕십리,12710,14295,27005
20210205,경원선,옥수,44,25,69
20210205,경원선,한남,3941,3680,7621
20210205,경원선,서빙고,1792,1645,3437
20210205,경원선,방학,8942,8775,17717
20210205,경원선,청량리,14118,15263,29381
20210205,경원선,이촌,3649,2813,6462
20210205,경원선,도봉,5560,5455,11015
20210205,경원선,망월사,6392,6706,13098
20210205,경원선,도봉산,7004,4247,11251
20210205,경원선,소요산,2352,1817,4169
20210205,경원선,동두천,1692,1957,3649
20210205,경원선,보산,1194,1109,2303
20210205,경원선,지행,5722,5619,11341
20210205,경원선,덕정,4758,4618,9376
20210205,경원선,동두천중앙,2848,2875,5723
20210205,경원선,양주,6961,6519,13480
20210205,경원선,녹양,4160,3963,8123
20210205,경원선,가능,5645,5522,11167
20210205,경원선,의정부,16886,17342,34228
20210205,경원선,회룡,11607,11498,23105
20210205,경원선,덕계,2496,2252,4748
20210206,경원선,망월사,4678,4827,9505
20210206,경원선,회룡,7999,8241,16240
20210206,경원선,의정부,14315,15029,29344
20210206,경원선,가능,4399,4192,8591
20210206,경원선,녹양,2870,2853,5723
20210206,경원선,양주,4859,4638,9497
20210206,경원선,지행,4214,4251,8465
20210206,경원선,덕정,3427,3274,6701
20210206,경원선,동두천중앙,2126,2075,4201
20210206,경원선,보산,1058,1067,2125
20210206,경원선,동두천,1302,1516,2818
20210206,경원선,소요산,2620,2250,4870
20210206,경원선,덕계,1729,1586,3315
20210206,경원선,도봉산,7186,4824,12010
20210206,경원선,도봉,3789,3600,7389
20210206,경원선,녹천,2995,2499,5494
20210206,경원선,이촌,2460,1843,4303
20210206,경원선,서빙고,1108,997,2105
20210206,경원선,한남,2440,2311,4751
20210206,경원선,옥수,27,23,50
20210206,경원선,응봉,1201,1052,2253
20210206,경원선,왕십리,9906,11027,20933
20210206,경원선,방학,6468,6364,12832
20210206,경원선,외대앞,5000,4850,9850
20210206,경원선,신이문,5589,5100,10689
20210206,경원선,석계,5757,6143,11900
20210206,경원선,광운대,4929,4748,9677
20210206,경원선,월계,4133,3828,7961
20210206,경원선,청량리,12144,13468,25612
20210207,경원선,녹천,2215,1904,4119
20210207,경원선,월계,3224,2979,6203
20210207,경원선,광운대,3596,3585,7181
20210207,경원선,석계,3942,4234,8176
20210207,경원선,신이문,4044,3755,7799
20210207,경원선,외대앞,3658,3647,7305
20210207,경원선,응봉,787,757,1544
20210207,경원선,왕십리,7214,7962,15176
20210207,경원선,옥수,44,21,65
20210207,경원선,한남,1645,1651,3296
20210207,경원선,서빙고,808,826,1634
20210207,경원선,방학,4856,4721,9577
20210207,경원선,청량리,9849,9797,19646
20210207,경원선,도봉,2876,2674,5550
20210207,경원선,이촌,1697,1382,3079
20210207,경원선,망월사,3906,4024,7930
20210207,경원선,소요산,2625,2313,4938
20210207,경원선,동두천,961,1196,2157
20210207,경원선,보산,969,858,1827
20210207,경원선,동두천중앙,1640,1593,3233
20210207,경원선,지행,3274,3171,6445
20210207,경원선,덕정,2570,2630,5200
20210207,경원선,도봉산,6825,4841,11666
20210207,경원선,양주,3651,3568,7219
20210207,경원선,녹양,2250,2152,4402
20210207,경원선,가능,3140,2969,6109
20210207,경원선,의정부,11279,11372,22651
20210207,경원선,회룡,5793,5759,11552
20210207,경원선,덕계,1255,1146,2401
20210208,경원선,망월사,6259,6514,12773
20210208,경원선,회룡,11388,11231,22619
20210208,경원선,의정부,16472,16749,33221
20210208,경원선,가능,5761,5570,11331
20210208,경원선,녹양,4081,3922,8003
20210208,경원선,양주,6743,6408,13151
20210208,경원선,지행,5691,5574,11265
20210208,경원선,덕정,4606,4618,9224
20210208,경원선,동두천중앙,2716,2591,5307
20210208,경원선,보산,1308,1201,2509
20210208,경원선,동두천,1635,1860,3495
20210208,경원선,도봉산,6473,3763,10236
20210208,경원선,덕계,2494,2182,4676
20210208,경원선,소요산,2033,1605,3638
20210208,경원선,도봉,5691,5427,11118
20210208,경원선,녹천,4311,3763,8074
20210208,경원선,방학,8636,8504,17140
20210208,경원선,이촌,3510,2723,6233
20210208,경원선,서빙고,1709,1573,3282
20210208,경원선,한남,3992,3823,7815
20210208,경원선,응봉,1683,1440,3123
20210208,경원선,왕십리,11609,13176,24785
20210208,경원선,옥수,35,27,62
20210208,경원선,외대앞,6416,6510,12926
20210208,경원선,신이문,8070,7508,15578
20210208,경원선,석계,7367,8504,15871
20210208,경원선,광운대,7318,7024,14342
20210208,경원선,월계,5703,5442,11145
20210208,경원선,청량리,12818,13732,26550
20210209,경원선,신이문,8204,7709,15913
20210209,경원선,녹천,4313,3677,7990
20210209,경원선,월계,5732,5573,11305
20210209,경원선,광운대,7520,7006,14526
20210209,경원선,석계,7681,8472,16153
20210209,경원선,외대앞,6492,6279,12771
20210209,경원선,이촌,3648,2906,6554
20210209,경원선,왕십리,12269,13571,25840
20210209,경원선,응봉,1671,1412,3083
20210209,경원선,옥수,33,21,54
20210209,경원선,한남,4050,3773,7823
20210209,경원선,서빙고,1765,1688,3453
20210209,경원선,청량리,12988,14249,27237
20210209,경원선,도봉,5602,5411,11013
20210209,경원선,방학,8763,8764,17527
20210209,경원선,망월사,6462,6717,13179
20210209,경원선,소요산,2086,1749,3835
20210209,경원선,동두천,1689,1910,3599
20210209,경원선,보산,1215,1153,2368
20210209,경원선,동두천중앙,2619,2585,5204
20210209,경원선,지행,5450,5320,10770
20210209,경원선,덕정,4699,4591,9290
20210209,경원선,도봉산,6954,4154,11108
20210209,경원선,양주,6904,6408,13312
20210209,경원선,녹양,4039,3923,7962
20210209,경원선,가능,5880,5682,11562
20210209,경원선,의정부,16836,17076,33912
20210209,경원선,회룡,11489,11352,22841
20210209,경원선,덕계,2432,2261,4693
20210210,경원선,망월사,6236,6282,12518
20210210,경원선,회룡,10900,10962,21862
20210210,경원선,의정부,17124,18387,35511
20210210,경원선,가능,5669,5397,11066
20210210,경원선,녹양,3967,3766,7733
20210210,경원선,양주,6538,6264,12802
20210210,경원선,지행,5386,5601,10987
20210210,경원선,덕정,4806,4619,9425
20210210,경원선,동두천중앙,2765,2860,5625
20210210,경원선,보산,1186,1267,2453
20210210,경원선,동두천,1634,2000,3634
20210210,경원선,도봉산,6636,4095,10731
20210210,경원선,덕계,2382,2071,4453
20210210,경원선,도봉,5421,5151,10572
20210210,경원선,소요산,2054,1844,3898
20210210,경원선,녹천,4184,3561,7745
20210210,경원선,이촌,3657,2782,6439
20210210,경원선,서빙고,1787,1561,3348
20210210,경원선,한남,3906,3526,7432
20210210,경원선,옥수,45,27,72
20210210,경원선,응봉,1680,1385,3065
20210210,경원선,왕십리,12598,13381,25979
20210210,경원선,방학,8782,8597,17379
20210210,경원선,외대앞,6478,6263,12741
20210210,경원선,신이문,7929,7281,15210
20210210,경원선,석계,7339,8313,15652
20210210,경원선,광운대,7166,6721,13887
20210210,경원선,월계,5447,5174,10621
20210210,경원선,청량리,13396,15315,28711
20210211,경원선,녹천,1923,1473,3396
20210211,경원선,월계,2913,2670,5583
20210211,경원선,광운대,3281,3070,6351
20210211,경원선,석계,3551,3595,7146
20210211,경원선,신이문,3699,3377,7076
20210211,경원선,외대앞,3329,2917,6246
20210211,경원선,응봉,761,637,1398
20210211,경원선,왕십리,6534,6381,12915
20210211,경원선,옥수,16,29,45
20210211,경원선,한남,1731,1449,3180
20210211,경원선,서빙고,664,595,1259
20210211,경원선,방학,4128,4044,8172
20210211,경원선,청량리,7183,9124,16307
20210211,경원선,이촌,1400,1138,2538
20210211,경원선,도봉,2505,2408,4913
20210211,경원선,망월사,2829,3027,5856
20210211,경원선,도봉산,4460,3059,7519
20210211,경원선,소요산,1769,1853,3622
20210211,경원선,동두천,787,1260,2047
20210211,경원선,보산,830,1007,1837
20210211,경원선,지행,2729,3257,5986
20210211,경원선,덕정,2436,2548,4984
20210211,경원선,동두천중앙,1439,1766,3205
20210211,경원선,양주,3312,3590,6902
20210211,경원선,녹양,1818,1936,3754
20210211,경원선,가능,2784,2816,5600
20210211,경원선,의정부,10019,10297,20316
20210211,경원선,회룡,4628,5087,9715
20210211,경원선,덕계,1008,1111,2119
20210212,경원선,녹양,1513,1458,2971
20210212,경원선,망월사,2237,2336,4573
20210212,경원선,회룡,3830,3825,7655
20210212,경원선,의정부,7695,8067,15762
20210212,경원선,가능,2511,2403,4914
20210212,경원선,양주,2925,2757,5682
20210212,경원선,소요산,1950,1604,3554
20210212,경원선,덕정,2224,2110,4334
20210212,경원선,지행,2650,2483,5133
20210212,경원선,동두천중앙,1436,1363,2799
20210212,경원선,보산,897,867,1764
20210212,경원선,동두천,826,1017,1843
20210212,경원선,덕계,876,806,1682
20210212,경원선,도봉,1972,1828,3800
20210212,경원선,도봉산,3890,2667,6557
20210212,경원선,녹천,1718,1403,3121
20210212,경원선,이촌,1017,778,1795
20210212,경원선,서빙고,488,447,935
20210212,경원선,한남,1132,1122,2254
20210212,경원선,옥수,17,15,32
20210212,경원선,응봉,624,560,1184
20210212,경원선,왕십리,4325,4848,9173
20210212,경원선,방학,3305,3311,6616
20210212,경원선,외대앞,2327,2333,4660
20210212,경원선,신이문,2900,2685,5585
20210212,경원선,석계,2944,3192,6136
20210212,경원선,광운대,2530,2539,5069
20210212,경원선,월계,2329,2123,4452
20210212,경원선,청량리,5603,6128,11731
20210213,경원선,망월사,3222,3375,6597
20210213,경원선,회룡,5935,5700,11635
20210213,경원선,의정부,12466,13063,25529
20210213,경원선,가능,3271,2960,6231
20210213,경원선,녹양,2267,2037,4304
20210213,경원선,양주,4118,3810,7928
20210213,경원선,지행,3688,3318,7006
20210213,경원선,덕정,2769,2565,5334
20210213,경원선,동두천중앙,1835,1669,3504
20210213,경원선,보산,1119,1030,2149
20210213,경원선,동두천,998,1181,2179
20210213,경원선,도봉산,8050,5702,13752
20210213,경원선,덕계,1361,1145,2506
20210213,경원선,방학,4618,4515,9133
20210213,경원선,소요산,3246,2673,5919
20210213,경원선,녹천,2223,1902,4125
20210213,경원선,도봉,2896,2682,5578
20210213,경원선,이촌,1716,1377,3093
20210213,경원선,서빙고,739,687,1426
20210213,경원선,한남,1645,1608,3253
20210213,경원선,옥수,35,9,44
20210213,경원선,응봉,956,851,1807
20210213,경원선,창동,1,0,1
20210213,경원선,청량리,9356,8965,18321
20210213,경원선,외대앞,3117,3335,6452
20210213,경원선,신이문,3819,3531,7350
20210213,경원선,석계,4038,4517,8555
20210213,경원선,광운대,3344,3544,6888
20210213,경원선,월계,3009,2850,5859
20210213,경원선,왕십리,6664,8087,14751
20210214,경원선,방학,4654,4536,9190
20210214,경원선,녹천,2022,1771,3793
20210214,경원선,월계,2838,2589,5427
20210214,경원선,광운대,3088,3326,6414
20210214,경원선,석계,3863,4315,8178
20210214,경원선,신이문,3651,3479,7130
20210214,경원선,응봉,767,700,1467
20210214,경원선,청량리,9153,8565,17718
20210214,경원선,왕십리,6136,7527,13663
20210214,경원선,옥수,47,12,59
20210214,경원선,한남,1528,1535,3063
20210214,경원선,서빙고,814,847,1661
20210214,경원선,도봉,2744,2715,5459
20210214,경원선,외대앞,3156,3385,6541
20210214,경원선,이촌,1695,1391,3086
20210214,경원선,도봉산,7610,5310,12920
20210214,경원선,회룡,5778,5768,11546
20210214,경원선,망월사,3341,3465,6806
20210214,경원선,창동,1,0,1
20210214,경원선,소요산,3174,2551,5725
20210214,경원선,동두천,988,1166,2154
20210214,경원선,동두천중앙,1718,1518,3236
20210214,경원선,지행,3555,3257,6812
20210214,경원선,보산,1150,951,2101
20210214,경원선,덕계,1283,1167,2450
20210214,경원선,양주,4012,3741,7753
20210214,경원선,녹양,2131,1996,4127
20210214,경원선,가능,3192,2974,6166
20210214,경원선,의정부,11693,11975,23668
20210214,경원선,덕정,2572,2555,5127
20210215,경원선,신이문,7665,7258,14923
20210215,경원선,녹천,4087,3554,7641
20210215,경원선,월계,5332,5098,10430
20210215,경원선,광운대,6956,6827,13783
20210215,경원선,석계,7050,8227,15277
20210215,경원선,외대앞,6074,6384,12458
20210215,경원선,방학,8286,8308,16594
20210215,경원선,응봉,1581,1358,2939
20210215,경원선,옥수,48,42,90
20210215,경원선,한남,3622,3470,7092
20210215,경원선,서빙고,1635,1538,3173
20210215,경원선,이촌,3369,2604,5973
20210215,경원선,왕십리,11388,13156,24544
20210215,경원선,도봉,5389,5198,10587
20210215,경원선,청량리,12342,12551,24893
20210215,경원선,망월사,6130,6300,12430
20210215,경원선,소요산,2148,1768,3916
20210215,경원선,동두천,1685,1889,3574
20210215,경원선,보산,1660,1482,3142
20210215,경원선,동두천중앙,2768,2617,5385
20210215,경원선,덕정,4681,4586,9267
20210215,경원선,도봉산,6104,3601,9705
20210215,경원선,지행,5837,5728,11565
20210215,경원선,양주,6692,6192,12884
20210215,경원선,녹양,4050,3762,7812
20210215,경원선,가능,5739,5444,11183
20210215,경원선,의정부,16890,17090,33980
20210215,경원선,회룡,11171,10844,22015
20210215,경원선,덕계,2437,2199,4636
20210216,경원선,외대앞,6150,6350,12500
20210216,경원선,월계,5253,5049,10302
20210216,경원선,광운대,7105,6936,14041
20210216,경원선,석계,7302,8426,15728
20210216,경원선,신이문,7837,7277,15114
20210216,경원선,청량리,12400,12989,25389
20210216,경원선,창동,1,0,1
20210216,경원선,응봉,1666,1397,3063
20210216,경원선,옥수,55,38,93
20210216,경원선,한남,3677,3437,7114
20210216,경원선,서빙고,1678,1624,3302
20210216,경원선,이촌,3486,2697,6183
20210216,경원선,녹천,4222,3639,7861
20210216,경원선,왕십리,11825,13412,25237
20210216,경원선,방학,8561,8279,16840
20210216,경원선,도봉,5475,5334,10809
20210216,경원선,도봉산,6281,3676,9957
20210216,경원선,동두천,1731,1968,3699
20210216,경원선,보산,1175,1095,2270
20210216,경원선,동두천중앙,2634,2591,5225
20210216,경원선,지행,5663,5477,11140
20210216,경원선,덕정,4743,4638,9381
20210216,경원선,덕계,2420,2203,4623
20210216,경원선,소요산,2155,1724,3879
20210216,경원선,녹양,4221,3986,8207
20210216,경원선,가능,5749,5664,11413
20210216,경원선,의정부,16487,16892,33379
20210216,경원선,회룡,11383,11303,22686
20210216,경원선,망월사,6433,6666,13099
20210216,경원선,양주,6689,6346,13035
20210217,경원선,망월사,6112,6288,12400
20210217,경원선,회룡,10840,10641,21481
20210217,경원선,의정부,15787,16019,31806
20210217,경원선,가능,5409,5256,10665
20210217,경원선,녹양,3921,3818,7739
20210217,경원선,양주,6460,6039,12499
20210217,경원선,지행,5388,5328,10716
20210217,경원선,덕정,4699,4476,9175
20210217,경원선,동두천중앙,2535,2470,5005
20210217,경원선,보산,1131,1072,2203
20210217,경원선,동두천,1649,1865,3514
20210217,경원선,도봉산,5922,3439,9361
20210217,경원선,덕계,2406,2156,4562
20210217,경원선,도봉,5150,5046,10196
20210217,경원선,소요산,1790,1458,3248
20210217,경원선,녹천,4119,3524,7643
20210217,경원선,이촌,3362,2675,6037
20210217,경원선,서빙고,1593,1535,3128
20210217,경원선,한남,3416,3290,6706
20210217,경원선,옥수,54,28,82
20210217,경원선,응봉,1569,1355,2924
20210217,경원선,왕십리,11754,13274,25028
20210217,경원선,방학,8262,8073,16335
20210217,경원선,외대앞,6252,6322,12574
20210217,경원선,신이문,7674,7224,14898
20210217,경원선,석계,6938,8018,14956
20210217,경원선,광운대,6844,6568,13412
20210217,경원선,월계,5058,4823,9881
20210217,경원선,청량리,11764,12284,24048
20210218,경원선,월계,5271,5100,10371
20210218,경원선,광운대,6992,6728,13720
20210218,경원선,석계,7186,8183,15369
20210218,경원선,신이문,7731,7234,14965
20210218,경원선,외대앞,6559,6554,13113
20210218,경원선,청량리,12227,12850,25077
20210218,경원선,옥수,39,33,72
20210218,경원선,응봉,1626,1394,3020
20210218,경원선,한남,3500,3369,6869
20210218,경원선,서빙고,1696,1567,3263
20210218,경원선,이촌,3370,2622,5992
20210218,경원선,녹천,4187,3601,7788
20210218,경원선,왕십리,12204,13670,25874
20210218,경원선,방학,8300,8210,16510
20210218,경원선,도봉,5359,5133,10492
20210218,경원선,도봉산,6254,3696,9950
20210218,경원선,소요산,1868,1633,3501
20210218,경원선,동두천,1645,1878,3523
20210218,경원선,보산,1233,1121,2354
20210218,경원선,동두천중앙,2531,2465,4996
20210218,경원선,덕정,4624,4669,9293
20210218,경원선,덕계,2364,2165,4529
20210218,경원선,지행,5485,5335,10820
20210218,경원선,녹양,4042,3873,7915
20210218,경원선,가능,5609,5384,10993
20210218,경원선,의정부,16060,16559,32619
20210218,경원선,회룡,10998,10834,21832
20210218,경원선,망월사,6239,6544,12783
20210218,경원선,양주,6425,6135,12560
20210219,경원선,덕정,5165,4917,10082
20210219,경원선,의정부,17359,18385,35744
20210219,경원선,가능,5917,5657,11574
20210219,경원선,녹양,4330,4111,8441
20210219,경원선,양주,7163,6656,13819
20210219,경원선,지행,6220,6202,12422
20210219,경원선,한남,3737,3439,7176
20210219,경원선,보산,1543,1291,2834
20210219,경원선,동두천,1769,1983,3752
20210219,경원선,소요산,2525,2082,4607
20210219,경원선,이촌,3622,2828,6450
20210219,경원선,서빙고,1845,1667,3512
20210219,경원선,회룡,11695,11505,23200
20210219,경원선,동두천중앙,2828,2733,5561
20210219,경원선,망월사,6464,6718,13182
20210219,경원선,덕계,2634,2367,5001
20210219,경원선,도봉,5625,5514,11139
20210219,경원선,도봉산,7335,4458,11793
20210219,경원선,옥수,56,28,84
20210219,경원선,응봉,1783,1521,3304
20210219,경원선,왕십리,13331,15153,28484
20210219,경원선,외대앞,6812,6815,13627
20210219,경원선,신이문,8134,7481,15615
20210219,경원선,청량리,14530,15633,30163
20210219,경원선,광운대,7371,7148,14519
20210219,경원선,월계,5720,5494,11214
20210219,경원선,녹천,4413,3656,8069
20210219,경원선,창동,1,0,1
20210219,경원선,방학,9027,8865,17892
20210219,경원선,석계,7881,8934,16815
20210220,경원선,외대앞,5225,5003,10228
20210220,경원선,월계,4322,3943,8265
20210220,경원선,광운대,5046,5024,10070
20210220,경원선,석계,6031,6562,12593
20210220,경원선,신이문,5776,5161,10937
20210220,경원선,청량리,12992,14582,27574
20210220,경원선,녹천,3134,2634,5768
20210220,경원선,응봉,1360,1126,2486
20210220,경원선,옥수,23,31,54
20210220,경원선,한남,2574,2373,4947
20210220,경원선,서빙고,1191,1009,2200
20210220,경원선,이촌,2774,2038,4812
20210220,경원선,왕십리,10838,12228,23066
20210220,경원선,방학,6677,6483,13160
20210220,경원선,창동,1,0,1
20210220,경원선,도봉산,8849,6061,14910
20210220,경원선,소요산,3293,2908,6201
20210220,경원선,동두천,1387,1630,3017
20210220,경원선,보산,1826,1719,3545
20210220,경원선,동두천중앙,2423,2513,4936
20210220,경원선,지행,4945,4810,9755
20210220,경원선,덕정,3732,3421,7153
20210220,경원선,도봉,4178,3968,8146
20210220,경원선,양주,5475,5341,10816
20210220,경원선,녹양,3197,3082,6279
20210220,경원선,가능,4602,4390,8992
20210220,경원선,의정부,15756,16763,32519
20210220,경원선,회룡,8676,8602,17278
20210220,경원선,망월사,4847,4982,9829
20210220,경원선,덕계,1843,1699,3542
20210221,경원선,월계,3308,3173,6481
20210221,경원선,광운대,3805,3838,7643
20210221,경원선,석계,4388,4705,9093
20210221,경원선,신이문,4327,3988,8315
20210221,경원선,외대앞,4022,3876,7898
20210221,경원선,청량리,11069,10621,21690
20210221,경원선,옥수,37,15,52
20210221,경원선,응봉,963,949,1912
20210221,경원선,한남,1762,1728,3490
20210221,경원선,서빙고,1070,1080,2150
20210221,경원선,이촌,2164,1568,3732
20210221,경원선,녹천,2318,2019,4337
20210221,경원선,왕십리,7816,8636,16452
20210221,경원선,방학,5220,4957,10177
20210221,경원선,도봉,3158,2998,6156
20210221,경원선,도봉산,8735,6478,15213
20210221,경원선,소요산,3723,3225,6948
20210221,경원선,동두천,1062,1385,2447
20210221,경원선,보산,1413,1191,2604
20210221,경원선,동두천중앙,1771,1663,3434
20210221,경원선,덕정,2778,2785,5563
20210221,경원선,덕계,1344,1287,2631
20210221,경원선,지행,3750,3629,7379
20210221,경원선,녹양,2402,2333,4735
20210221,경원선,가능,3321,3143,6464
20210221,경원선,의정부,12429,12539,24968
20210221,경원선,회룡,6366,6306,12672
20210221,경원선,망월사,3704,3816,7520
20210221,경원선,양주,4154,4061,8215
20210222,경원선,녹양,4315,4146,8461
20210222,경원선,망월사,6586,6778,13364
20210222,경원선,회룡,11904,11708,23612
20210222,경원선,의정부,17155,17474,34629
20210222,경원선,가능,6098,5864,11962
20210222,경원선,양주,7163,6603,13766
20210222,경원선,소요산,2621,2209,4830
20210222,경원선,덕정,5195,5120,10315
20210222,경원선,지행,6028,5957,11985
20210222,경원선,동두천중앙,2833,2723,5556
20210222,경원선,보산,1484,1605,3089
20210222,경원선,동두천,1769,2064,3833
20210222,경원선,도봉산,7333,4616,11949
20210222,경원선,덕계,2660,2363,5023
20210222,경원선,도봉,5821,5559,11380
20210222,경원선,이촌,3585,2798,6383
20210222,경원선,창동,1,0,1
20210222,경원선,방학,8989,8733,17722
20210222,경원선,서빙고,1686,1595,3281
20210222,경원선,한남,3795,3580,7375
20210222,경원선,옥수,46,36,82
20210222,경원선,왕십리,12024,13512,25536
20210222,경원선,청량리,13506,14061,27567
20210222,경원선,응봉,1723,1482,3205
20210222,경원선,신이문,8163,7573,15736
20210222,경원선,석계,7356,8736,16092
20210222,경원선,광운대,7417,7160,14577
20210222,경원선,월계,5840,5466,11306
20210222,경원선,녹천,4546,3919,8465
20210222,경원선,외대앞,6675,6693,13368
20210223,경원선,석계,7448,8766,16214
20210223,경원선,창동,1,0,1
20210223,경원선,녹천,4489,3810,8299
20210223,경원선,월계,5751,5493,11244
20210223,경원선,광운대,7370,7038,14408
20210223,경원선,신이문,8194,7568,15762
20210223,경원선,서빙고,1775,1640,3415
20210223,경원선,청량리,13087,14001,27088
20210223,경원선,왕십리,12453,14071,26524
20210223,경원선,응봉,1738,1468,3206
20210223,경원선,옥수,43,29,72
20210223,경원선,한남,3749,3492,7241
20210223,경원선,이촌,3503,2782,6285
20210223,경원선,외대앞,6706,6719,13425
20210223,경원선,방학,8961,8798,17759
20210223,경원선,도봉산,7311,4483,11794
20210223,경원선,망월사,6605,6880,13485
20210223,경원선,소요산,2400,1905,4305
20210223,경원선,동두천,1711,2030,3741
20210223,경원선,보산,1280,1171,2451
20210223,경원선,동두천중앙,2793,2700,5493
20210223,경원선,지행,5807,5734,11541
20210223,경원선,덕정,5007,4863,9870
20210223,경원선,도봉,5590,5502,11092
20210223,경원선,양주,7034,6576,13610
20210223,경원선,녹양,4260,4110,8370
20210223,경원선,가능,5899,5780,11679
20210223,경원선,의정부,16795,17059,33854
20210223,경원선,회룡,11714,11579,23293
20210223,경원선,덕계,2593,2344,4937
20210224,경원선,월계,5866,5555,11421
20210224,경원선,광운대,7818,7779,15597
20210224,경원선,석계,7870,8903,16773
20210224,경원선,신이문,8209,7651,15860
20210224,경원선,외대앞,6760,6866,13626
20210224,경원선,청량리,13306,14198,27504
20210224,경원선,옥수,43,36,79
20210224,경원선,응봉,1724,1514,3238
20210224,경원선,한남,3851,3692,7543
20210224,경원선,서빙고,1805,1679,3484
20210224,경원선,이촌,3711,2916,6627
20210224,경원선,녹천,4580,3872,8452
20210224,경원선,왕십리,12639,14425,27064
20210224,경원선,방학,8971,8821,17792
20210224,경원선,도봉산,7536,4671,12207
20210224,경원선,망월사,6768,6826,13594
20210224,경원선,소요산,2540,2146,4686
20210224,경원선,동두천,1822,2082,3904
20210224,경원선,보산,1336,1215,2551
20210224,경원선,동두천중앙,2799,2729,5528
20210224,경원선,지행,5786,5724,11510
20210224,경원선,덕정,5036,4844,9880
20210224,경원선,도봉,5745,5488,11233
20210224,경원선,양주,7022,6765,13787
20210224,경원선,녹양,4369,4081,8450
20210224,경원선,가능,5998,5812,11810
20210224,경원선,의정부,16860,17415,34275
20210224,경원선,회룡,11936,11892,23828
20210224,경원선,덕계,2634,2399,5033
20210225,경원선,망월사,6694,6885,13579
20210225,경원선,회룡,11750,11677,23427
20210225,경원선,의정부,16749,17406,34155
20210225,경원선,가능,5983,5853,11836
20210225,경원선,녹양,4313,4062,8375
20210225,경원선,양주,7046,6592,13638
20210225,경원선,지행,5827,5846,11673
20210225,경원선,덕정,5050,4908,9958
20210225,경원선,동두천중앙,2904,2858,5762
20210225,경원선,보산,1376,1258,2634
20210225,경원선,동두천,1796,2023,3819
20210225,경원선,도봉산,6991,4200,11191
20210225,경원선,덕계,2586,2342,4928
20210225,경원선,소요산,2335,2000,4335
20210225,경원선,도봉,5794,5619,11413
20210225,경원선,녹천,4479,3767,8246
20210225,경원선,방학,8868,8788,17656
20210225,경원선,석계,7843,8974,16817
20210225,경원선,이촌,3621,2854,6475
20210225,경원선,서빙고,1830,1658,3488
20210225,경원선,옥수,49,32,81
20210225,경원선,응봉,1794,1519,3313
20210225,경원선,한남,3866,3663,7529
20210225,경원선,청량리,13198,13959,27157
20210225,경원선,외대앞,6720,6821,13541
20210225,경원선,신이문,8295,7710,16005
20210225,경원선,광운대,7700,7343,15043
20210225,경원선,월계,5718,5582,11300
20210225,경원선,왕십리,13014,14533,27547
20210226,경원선,녹양,4451,4199,8650
20210226,경원선,망월사,6921,7004,13925
20210226,경원선,회룡,12190,12056,24246
20210226,경원선,의정부,18147,18763,36910
20210226,경원선,가능,6128,5879,12007
20210226,경원선,양주,7493,6888,14381
20210226,경원선,도봉산,7826,5079,12905
20210226,경원선,덕정,5248,4977,10225
20210226,경원선,지행,6264,6263,12527
20210226,경원선,동두천중앙,2900,2864,5764
20210226,경원선,보산,1742,1397,3139
20210226,경원선,동두천,1877,2231,4108
20210226,경원선,덕계,2684,2461,5145
20210226,경원선,도봉,5943,5592,11535
20210226,경원선,소요산,2855,2431,5286
20210226,경원선,녹천,4505,3750,8255
20210226,경원선,이촌,3696,2831,6527
20210226,경원선,서빙고,1910,1696,3606
20210226,경원선,한남,3990,3767,7757
20210226,경원선,옥수,61,34,95
20210226,경원선,응봉,1867,1552,3419
20210226,경원선,왕십리,13734,15569,29303
20210226,경원선,방학,9123,8887,18010
20210226,경원선,외대앞,7213,7169,14382
20210226,경원선,신이문,8273,7660,15933
20210226,경원선,석계,8135,9027,17162
20210226,경원선,광운대,7782,7647,15429
20210226,경원선,월계,5997,5537,11534
20210226,경원선,청량리,14923,16207,31130
20210227,경원선,망월사,5111,5272,10383
20210227,경원선,의정부,16498,17311,33809
20210227,경원선,가능,4752,4466,9218
20210227,경원선,녹양,3309,3189,6498
20210227,경원선,양주,5747,5548,11295
20210227,경원선,덕계,2007,1849,3856
20210227,경원선,동두천중앙,2316,2282,4598
20210227,경원선,지행,5007,4873,9880
20210227,경원선,도봉산,9503,6359,15862
20210227,경원선,보산,1727,1684,3411
20210227,경원선,동두천,1340,1741,3081
20210227,경원선,소요산,3723,3168,6891
20210227,경원선,덕정,3972,3758,7730
20210227,경원선,도봉,4155,3914,8069
20210227,경원선,회룡,8962,8926,17888
20210227,경원선,창동,2,0,2
20210227,경원선,방학,6871,6722,13593
20210227,경원선,서빙고,1258,1114,2372
20210227,경원선,한남,2666,2587,5253
20210227,경원선,옥수,46,27,73
20210227,경원선,응봉,1391,1166,2557
20210227,경원선,왕십리,11304,12667,23971
20210227,경원선,청량리,13986,16037,30023
20210227,경원선,이촌,3052,2162,5214
20210227,경원선,신이문,5849,5373,11222
20210227,경원선,석계,6307,6673,12980
20210227,경원선,광운대,5306,5194,10500
20210227,경원선,월계,4404,4135,8539
20210227,경원선,녹천,3075,2543,5618
20210227,경원선,외대앞,5513,5243,10756
20210228,경원선,회룡,6728,6942,13670
20210228,경원선,의정부,13002,13513,26515
20210228,경원선,가능,3747,3445,7192
20210228,경원선,녹양,2535,2433,4968
20210228,경원선,양주,4514,4457,8971
20210228,경원선,덕계,1523,1417,2940
20210228,경원선,동두천중앙,1815,1719,3534
20210228,경원선,지행,3960,3881,7841
20210228,경원선,보산,1233,1359,2592
20210228,경원선,동두천,1119,1581,2700
20210228,경원선,소요산,3912,3388,7300
20210228,경원선,망월사,4085,4300,8385
20210228,경원선,덕정,3019,2984,6003
20210228,경원선,도봉산,9377,6587,15964
20210228,경원선,한남,1943,1933,3876
20210228,경원선,방학,5374,5107,10481
20210228,경원선,도봉,3427,3140,6567
20210228,경원선,서빙고,1054,1133,2187
20210228,경원선,옥수,55,37,92
20210228,경원선,응봉,1064,1006,2070
20210228,경원선,왕십리,8193,9128,17321
20210228,경원선,청량리,11890,11744,23634
20210228,경원선,이촌,2100,1568,3668
20210228,경원선,신이문,4534,4176,8710
20210228,경원선,석계,4768,5079,9847
20210228,경원선,광운대,4182,4206,8388
20210228,경원선,월계,3428,3100,6528
20210228,경원선,녹천,2721,2309,5030
20210228,경원선,외대앞,4454,4518,8972
20210301,경원선,망월사,3076,3193,6269
20210301,경원선,소요산,1296,1045,2341
20210301,경원선,의정부,9481,9372,18853
20210301,경원선,가능,2928,2725,5653
20210301,경원선,녹양,1950,1904,3854
20210301,경원선,지행,2829,2791,5620
20210301,경원선,덕정,2309,2406,4715
20210301,경원선,동두천중앙,1314,1259,2573
20210301,경원선,보산,768,745,1513
20210301,경원선,동두천,924,1078,2002
20210301,경원선,도봉산,2889,1920,4809
20210301,경원선,양주,3442,3226,6668
20210301,경원선,도봉,2515,2416,4931
20210301,경원선,회룡,5043,4998,10041
20210301,경원선,방학,4122,4053,8175
20210301,경원선,덕계,1186,1077,2263
20210301,경원선,이촌,1522,1278,2800
20210301,경원선,서빙고,638,608,1246
20210301,경원선,한남,1473,1510,2983
20210301,경원선,옥수,53,20,73
20210301,경원선,응봉,655,598,1253
20210301,경원선,녹천,1874,1571,3445
20210301,경원선,청량리,9945,9114,19059
20210301,경원선,외대앞,3659,3665,7324
20210301,경원선,신이문,3798,3682,7480
20210301,경원선,석계,3550,4097,7647
20210301,경원선,광운대,3415,3522,6937
20210301,경원선,월계,2513,2471,4984
20210301,경원선,왕십리,6924,8105,15029
20210302,경원선,월계,6322,6074,12396
20210302,경원선,광운대,9152,8982,18134
20210302,경원선,석계,7702,8937,16639
20210302,경원선,신이문,8447,7824,16271
20210302,경원선,외대앞,7098,7184,14282
20210302,경원선,청량리,12960,13546,26506
20210302,경원선,옥수,38,28,66
20210302,경원선,응봉,1723,1533,3256
20210302,경원선,한남,3951,3742,7693
20210302,경원선,서빙고,1811,1675,3486
20210302,경원선,이촌,3595,2866,6461
20210302,경원선,녹천,4565,3881,8446
20210302,경원선,왕십리,12714,14213,26927
20210302,경원선,방학,9141,9003,18144
20210302,경원선,도봉,5824,5577,11401
20210302,경원선,도봉산,6937,4184,11121
20210302,경원선,소요산,2317,1996,4313
20210302,경원선,동두천,2252,2456,4708
20210302,경원선,보산,1273,1129,2402
20210302,경원선,동두천중앙,2828,2682,5510
20210302,경원선,덕정,5732,5615,11347
20210302,경원선,덕계,2666,2332,4998
20210302,경원선,지행,5693,5613,11306
20210302,경원선,녹양,4381,4152,8533
20210302,경원선,가능,6310,6131,12441
20210302,경원선,의정부,16997,17261,34258
20210302,경원선,회룡,11857,11599,23456
20210302,경원선,망월사,7173,7362,14535
20210302,경원선,양주,7176,6731,13907
20210303,경원선,녹양,4497,4270,8767
20210303,경원선,망월사,7156,7401,14557
20210303,경원선,회룡,12372,12158,24530
20210303,경원선,의정부,17204,17623,34827
20210303,경원선,가능,6389,6113,12502
20210303,경원선,양주,7281,6908,14189
20210303,경원선,소요산,2351,1969,4320
20210303,경원선,덕정,5503,5371,10874
20210303,경원선,지행,5589,5407,10996
20210303,경원선,동두천중앙,2675,2571,5246
20210303,경원선,보산,1177,1111,2288
20210303,경원선,동두천,2022,2264,4286
20210303,경원선,도봉산,7780,4737,12517
20210303,경원선,덕계,2731,2515,5246
20210303,경원선,도봉,5955,5663,11618
20210303,경원선,이촌,3657,2912,6569
20210303,경원선,창동,1,0,1
20210303,경원선,방학,9389,9227,18616
20210303,경원선,서빙고,1816,1684,3500
20210303,경원선,한남,3924,3704,7628
20210303,경원선,옥수,47,30,77
20210303,경원선,왕십리,13000,14548,27548
20210303,경원선,청량리,13262,14144,27406
20210303,경원선,응봉,1849,1560,3409
20210303,경원선,신이문,8400,7859,16259
20210303,경원선,석계,7907,9040,16947
20210303,경원선,광운대,8982,8662,17644
20210303,경원선,월계,6269,5995,12264
20210303,경원선,녹천,4740,4011,8751
20210303,경원선,외대앞,7151,7123,14274
20210304,경원선,가능,6119,5966,12085
20210304,경원선,도봉산,7396,4726,12122
20210304,경원선,망월사,7014,7253,14267
20210304,경원선,회룡,12173,12017,24190
20210304,경원선,의정부,17030,17538,34568
20210304,경원선,녹양,4402,4157,8559
20210304,경원선,동두천,1938,2253,4191
20210304,경원선,덕계,2952,2626,5578
20210304,경원선,덕정,5570,5432,11002
20210304,경원선,지행,5434,5324,10758
20210304,경원선,동두천중앙,2753,2639,5392
20210304,경원선,보산,1058,1028,2086
20210304,경원선,소요산,2228,1960,4188
20210304,경원선,양주,7504,6838,14342
20210304,경원선,도봉,5848,5717,11565
20210304,경원선,방학,9107,8808,17915
20210304,경원선,녹천,4648,3982,8630
20210304,경원선,이촌,3710,2776,6486
20210304,경원선,서빙고,1826,1755,3581
20210304,경원선,한남,4010,3782,7792
20210304,경원선,옥수,55,35,90
20210304,경원선,응봉,1864,1632,3496
20210304,경원선,왕십리,12950,14384,27334
20210304,경원선,창동,1,0,1
20210304,경원선,외대앞,7092,7023,14115
20210304,경원선,신이문,8388,7769,16157
20210304,경원선,석계,7698,8962,16660
20210304,경원선,광운대,8529,8124,16653
20210304,경원선,월계,6389,6089,12478
20210304,경원선,청량리,13286,13882,27168
20210305,경원선,월계,6602,6210,12812
20210305,경원선,광운대,9069,8442,17511
20210305,경원선,석계,8261,9287,17548
20210305,경원선,신이문,8622,7970,16592
20210305,경원선,외대앞,7804,7626,15430
20210305,경원선,청량리,15518,16270,31788
20210305,경원선,옥수,67,23,90
20210305,경원선,응봉,1876,1619,3495
20210305,경원선,녹천,4812,3962,8774
20210305,경원선,한남,4207,3981,8188
20210305,경원선,서빙고,1855,1683,3538
20210305,경원선,이촌,3872,2980,6852
20210305,경원선,왕십리,14344,15910,30254
20210305,경원선,창동,1,0,1
20210305,경원선,망월사,7427,7416,14843
20210305,경원선,도봉,6074,5848,11922
20210305,경원선,소요산,2890,2343,5233
20210305,경원선,동두천,1899,2238,4137
20210305,경원선,보산,1183,1120,2303
20210305,경원선,동두천중앙,2909,2833,5742
20210305,경원선,지행,5951,5921,11872
20210305,경원선,덕정,5636,5241,10877
20210305,경원선,방학,9692,9575,19267
20210305,경원선,양주,7629,7136,14765
20210305,경원선,녹양,4476,4281,8757
20210305,경원선,가능,6464,6296,12760
20210305,경원선,의정부,17811,18818,36629
20210305,경원선,회룡,12514,12622,25136
20210305,경원선,도봉산,8194,5170,13364
20210305,경원선,덕계,2849,2524,5373
20210306,경원선,망월사,5165,5328,10493
20210306,경원선,회룡,8919,9060,17979
20210306,경원선,의정부,15853,16571,32424
20210306,경원선,가능,4628,4470,9098
20210306,경원선,녹양,3245,3108,6353
20210306,경원선,양주,5689,5358,11047
20210306,경원선,지행,4244,4164,8408
20210306,경원선,덕정,3829,3705,7534
20210306,경원선,동두천중앙,2104,2062,4166
20210306,경원선,보산,930,938,1868
20210306,경원선,동두천,1405,1826,3231
20210306,경원선,도봉산,9325,6559,15884
20210306,경원선,덕계,1920,1726,3646
20210306,경원선,소요산,3402,2907,6309
20210306,경원선,방학,6806,6818,13624
20210306,경원선,녹천,3133,2726,5859
20210306,경원선,도봉,4362,4135,8497
20210306,경원선,이촌,2976,2207,5183
20210306,경원선,서빙고,1194,1099,2293
20210306,경원선,한남,2701,2531,5232
20210306,경원선,응봉,1356,1207,2563
20210306,경원선,왕십리,11295,12941,24236
20210306,경원선,옥수,40,31,71
20210306,경원선,외대앞,5993,5604,11597
20210306,경원선,신이문,5897,5488,11385
20210306,경원선,석계,6268,6643,12911
20210306,경원선,광운대,5534,5332,10866
20210306,경원선,월계,4308,4010,8318
20210306,경원선,청량리,13504,14866,28370
20210307,경원선,녹천,2490,2139,4629
20210307,경원선,월계,3790,3487,7277
20210307,경원선,광운대,4069,4173,8242
20210307,경원선,석계,4633,5078,9711
20210307,경원선,신이문,4504,4212,8716
20210307,경원선,외대앞,4506,4495,9001
20210307,경원선,응봉,1090,1030,2120
20210307,경원선,왕십리,8294,9517,17811
20210307,경원선,옥수,50,20,70
20210307,경원선,한남,1809,1827,3636
20210307,경원선,서빙고,1184,1152,2336
20210307,경원선,이촌,2168,1684,3852
20210307,경원선,청량리,11304,11274,22578
20210307,경원선,방학,5346,5085,10431
20210307,경원선,도봉,3256,3017,6273
20210307,경원선,망월사,4002,4221,8223
20210307,경원선,소요산,3393,2881,6274
20210307,경원선,동두천,1074,1440,2514
20210307,경원선,보산,823,723,1546
20210307,경원선,동두천중앙,1666,1588,3254
20210307,경원선,지행,3375,3299,6674
20210307,경원선,덕정,2877,2874,5751
20210307,경원선,도봉산,9121,6556,15677
20210307,경원선,양주,4288,4248,8536
20210307,경원선,녹양,2437,2311,4748
20210307,경원선,가능,3667,3512,7179
20210307,경원선,의정부,11754,11837,23591
20210307,경원선,회룡,6714,6757,13471
20210307,경원선,덕계,1467,1385,2852
20210308,경원선,망월사,7142,7298,14440
20210308,경원선,회룡,12180,12146,24326
20210308,경원선,의정부,17363,17598,34961
20210308,경원선,가능,6324,6085,12409
20210308,경원선,녹양,4431,4296,8727
20210308,경원선,양주,7559,6933,14492
20210308,경원선,지행,5896,5845,11741
20210308,경원선,덕정,5666,5541,11207
20210308,경원선,동두천중앙,2995,2731,5726
20210308,경원선,보산,1236,1092,2328
20210308,경원선,동두천,2228,2714,4942
20210308,경원선,도봉산,7696,4941,12637
20210308,경원선,덕계,3093,2653,5746
20210308,경원선,도봉,5839,5608,11447
20210308,경원선,소요산,2773,2243,5016
20210308,경원선,녹천,4643,4012,8655
20210308,경원선,창동,1,0,1
20210308,경원선,이촌,3646,2808,6454
20210308,경원선,서빙고,1792,1673,3465
20210308,경원선,한남,3935,3716,7651
20210308,경원선,옥수,51,31,82
20210308,경원선,응봉,1796,1533,3329
20210308,경원선,방학,9221,9086,18307
20210308,경원선,청량리,12727,13412,26139
20210308,경원선,외대앞,7195,7412,14607
20210308,경원선,신이문,8348,7725,16073
20210308,경원선,석계,7935,9002,16937
20210308,경원선,광운대,9032,8871,17903
20210308,경원선,월계,6301,5995,12296
20210308,경원선,왕십리,12575,14164,26739
20210309,경원선,망월사,7276,7429,14705
20210309,경원선,회룡,12279,12157,24436
20210309,경원선,의정부,17068,17468,34536
20210309,경원선,가능,6406,6219,12625
20210309,경원선,녹양,4395,4222,8617
20210309,경원선,양주,7615,7043,14658
20210309,경원선,지행,5991,5862,11853
20210309,경원선,덕정,5686,5489,11175
20210309,경원선,동두천중앙,2993,2852,5845
20210309,경원선,보산,1254,1158,2412
20210309,경원선,동두천,2303,2642,4945
20210309,경원선,도봉산,8063,5125,13188
20210309,경원선,덕계,2979,2641,5620
20210309,경원선,소요산,2557,2118,4675
20210309,경원선,방학,9196,9144,18340
20210309,경원선,녹천,4662,3964,8626
20210309,경원선,도봉,5926,5835,11761
20210309,경원선,이촌,3657,2831,6488
20210309,경원선,서빙고,1811,1683,3494
20210309,경원선,한남,4070,3774,7844
20210309,경원선,응봉,1807,1568,3375
20210309,경원선,왕십리,12958,14489,27447
20210309,경원선,옥수,41,29,70
20210309,경원선,외대앞,7086,7333,14419
20210309,경원선,신이문,8484,8048,16532
20210309,경원선,석계,8046,9090,17136
20210309,경원선,광운대,8929,8803,17732
20210309,경원선,월계,6276,6051,12327
20210309,경원선,청량리,13337,14278,27615
20210310,경원선,녹양,4458,4288,8746
20210310,경원선,회룡,12549,12455,25004
20210310,경원선,소요산,2761,2257,5018
20210310,경원선,의정부,17360,17957,35317
20210310,경원선,가능,6445,6200,12645
20210310,경원선,양주,7638,7181,14819
20210310,경원선,망월사,7417,7657,15074
20210310,경원선,덕정,5669,5525,11194
20210310,경원선,지행,5827,5817,11644
20210310,경원선,동두천중앙,3085,3040,6125
20210310,경원선,보산,1240,1143,2383
20210310,경원선,동두천,2304,2540,4844
20210310,경원선,덕계,3137,2769,5906
20210310,경원선,도봉산,8220,5233,13453
20210310,경원선,광운대,8921,8537,17458
20210310,경원선,방학,9441,9273,18714
20210310,경원선,이촌,3859,3009,6868
20210310,경원선,서빙고,1901,1753,3654
20210310,경원선,한남,3994,3808,7802
20210310,경원선,옥수,33,24,57
20210310,경원선,응봉,1831,1585,3416
20210310,경원선,왕십리,13153,14542,27695
20210310,경원선,도봉,6025,5878,11903
20210310,경원선,외대앞,7222,7259,14481
20210310,경원선,신이문,8430,7962,16392
20210310,경원선,석계,8022,9259,17281
20210310,경원선,월계,6347,6082,12429
20210310,경원선,녹천,4689,3941,8630
20210310,경원선,청량리,13170,14079,27249
20210311,경원선,회룡,12287,12221,24508
20210311,경원선,의정부,17162,17448,34610
20210311,경원선,가능,6384,6211,12595
20210311,경원선,녹양,4404,4288,8692
20210311,경원선,양주,7593,7080,14673
20210311,경원선,덕계,2941,2533,5474
20210311,경원선,동두천중앙,2852,2801,5653
20210311,경원선,지행,5882,5861,11743
20210311,경원선,보산,1215,1062,2277
20210311,경원선,동두천,2070,2374,4444
20210311,경원선,소요산,2685,2356,5041
20210311,경원선,망월사,7175,7282,14457
20210311,경원선,덕정,5627,5479,11106
20210311,경원선,도봉산,7861,5099,12960
20210311,경원선,도봉,5993,5798,11791
20210311,경원선,방학,9282,9184,18466
20210311,경원선,이촌,3577,2778,6355
20210311,경원선,서빙고,1823,1756,3579
20210311,경원선,한남,4153,3919,8072
20210311,경원선,옥수,50,26,76
20210311,경원선,왕십리,13200,14568,27768
20210311,경원선,청량리,13522,14275,27797
20210311,경원선,응봉,1787,1532,3319
20210311,경원선,신이문,8377,7897,16274
20210311,경원선,석계,7909,8988,16897
20210311,경원선,광운대,8827,8508,17335
20210311,경원선,월계,6384,6094,12478
20210311,경원선,녹천,4647,3923,8570
20210311,경원선,외대앞,7145,7133,14278
20210312,경원선,양주,7625,7063,14688
20210312,경원선,회룡,12307,12379,24686
20210312,경원선,의정부,17931,18972,36903
20210312,경원선,가능,6467,6160,12627
20210312,경원선,녹양,4551,4333,8884
20210312,경원선,덕계,2827,2550,5377
20210312,경원선,창동,1,0,1
20210312,경원선,지행,6152,6132,12284
20210312,경원선,동두천중앙,2910,2813,5723
20210312,경원선,보산,1222,1224,2446
20210312,경원선,동두천,2054,2288,4342
20210312,경원선,소요산,2545,2096,4641
20210312,경원선,망월사,7246,7292,14538
20210312,경원선,덕정,5685,5291,10976
20210312,경원선,도봉산,7262,4451,11713
20210312,경원선,이촌,3968,2981,6949
20210312,경원선,방학,9380,9234,18614
20210312,경원선,도봉,5903,5582,11485
20210312,경원선,서빙고,1833,1664,3497
20210312,경원선,한남,4144,3867,8011
20210312,경원선,옥수,53,31,84
20210312,경원선,왕십리,14123,15723,29846
20210312,경원선,청량리,15303,16127,31430
20210312,경원선,응봉,1856,1521,3377
20210312,경원선,신이문,8527,7783,16310
20210312,경원선,석계,8143,9143,17286
20210312,경원선,광운대,8953,8475,17428
20210312,경원선,월계,6446,5928,12374
20210312,경원선,녹천,4671,3897,8568
20210312,경원선,외대앞,7647,7484,15131
20210313,경원선,양주,5972,5796,11768
20210313,경원선,회룡,9350,9296,18646
20210313,경원선,의정부,16254,16999,33253
20210313,경원선,가능,4735,4646,9381
20210313,경원선,녹양,3411,3285,6696
20210313,경원선,덕계,2076,1873,3949
20210313,경원선,망월사,5443,5675,11118
20210313,경원선,지행,4698,4728,9426
20210313,경원선,동두천중앙,2342,2307,4649
20210313,경원선,보산,977,1009,1986
20210313,경원선,동두천,1364,1865,3229
20210313,경원선,소요산,3812,3230,7042
20210313,경원선,덕정,3962,3747,7709
20210313,경원선,도봉산,9451,6463,15914
20210313,경원선,방학,7023,6689,13712
20210313,경원선,이촌,2880,2135,5015
20210313,경원선,도봉,4236,4038,8274
20210313,경원선,서빙고,1303,1127,2430
20210313,경원선,한남,2754,2534,5288
20210313,경원선,옥수,30,37,67
20210313,경원선,왕십리,12053,13416,25469
20210313,경원선,청량리,13868,15463,29331
20210313,경원선,응봉,1621,1483,3104
20210313,경원선,신이문,6106,5571,11677
20210313,경원선,석계,6506,6823,13329
20210313,경원선,광운대,5629,5422,11051
20210313,경원선,월계,4431,4091,8522
20210313,경원선,녹천,3266,2751,6017
20210313,경원선,외대앞,6046,5790,11836
20210314,경원선,신이문,4438,4230,8668
20210314,경원선,녹천,2411,2110,4521
20210314,경원선,월계,3256,2990,6246
20210314,경원선,광운대,4074,4218,8292
20210314,경원선,석계,4656,5140,9796
20210314,경원선,외대앞,4475,4582,9057
20210314,경원선,이촌,2157,1606,3763
20210314,경원선,왕십리,7846,8969,16815
20210314,경원선,옥수,43,20,63
20210314,경원선,한남,1886,1874,3760
20210314,경원선,서빙고,1212,1252,2464
20210314,경원선,방학,5315,5008,10323
20210314,경원선,청량리,11778,11472,23250
20210314,경원선,도봉,3314,3037,6351
20210314,경원선,응봉,1039,979,2018
20210314,경원선,망월사,4215,4442,8657
20210314,경원선,도봉산,8898,6424,15322
20210314,경원선,동두천,1154,1546,2700
20210314,경원선,보산,883,839,1722
20210314,경원선,동두천중앙,1795,1655,3450
20210314,경원선,지행,3724,3637,7361
20210314,경원선,덕정,2971,2986,5957
20210314,경원선,소요산,3801,3190,6991
20210314,경원선,양주,4408,4396,8804
20210314,경원선,녹양,2530,2481,5011
20210314,경원선,가능,3590,3383,6973
20210314,경원선,의정부,12884,12940,25824
20210314,경원선,회룡,6761,6646,13407
20210314,경원선,덕계,1542,1445,2987
20210315,경원선,회룡,12251,12065,24316
20210315,경원선,의정부,16849,17003,33852
20210315,경원선,가능,6309,6210,12519
20210315,경원선,녹양,4537,4310,8847
20210315,경원선,양주,7407,6909,14316
20210315,경원선,지행,5878,5796,11674
20210315,경원선,덕정,5539,5426,10965
20210315,경원선,동두천중앙,3213,3061,6274
20210315,경원선,보산,1358,1182,2540
20210315,경원선,동두천,2309,2596,4905
20210315,경원선,망월사,7171,7423,14594
20210315,경원선,소요산,2614,2072,4686
20210315,경원선,덕계,3034,2755,5789
20210315,경원선,도봉산,7499,4603,12102
20210315,경원선,광운대,8991,8727,17718
20210315,경원선,방학,9247,8944,18191
20210315,경원선,이촌,3686,2948,6634
20210315,경원선,서빙고,1768,1633,3401
20210315,경원선,한남,4158,3846,8004
20210315,경원선,도봉,5825,5721,11546
20210315,경원선,응봉,1774,1511,3285
20210315,경원선,왕십리,12620,14131,26751
20210315,경원선,옥수,46,34,80
20210315,경원선,외대앞,7174,7199,14373
20210315,경원선,신이문,8452,7836,16288
20210315,경원선,석계,7778,8911,16689
20210315,경원선,월계,6478,6066,12544
20210315,경원선,녹천,4737,3960,8697
20210315,경원선,청량리,13380,14055,27435
20210316,경원선,양주,7611,6979,14590
20210316,경원선,회룡,12209,12223,24432
20210316,경원선,의정부,17473,17737,35210
20210316,경원선,가능,6449,6152,12601
20210316,경원선,녹양,4538,4369,8907
20210316,경원선,덕계,3039,2705,5744
20210316,경원선,망월사,7342,7475,14817
20210316,경원선,지행,5970,5859,11829
20210316,경원선,동두천중앙,2887,2816,5703
20210316,경원선,보산,1322,1211,2533
20210316,경원선,동두천,2203,2559,4762
20210316,경원선,소요산,2702,2217,4919
20210316,경원선,덕정,5875,5641,11516
20210316,경원선,도봉산,7704,5027,12731
20210316,경원선,방학,9383,9118,18501
20210316,경원선,도봉,5980,5675,11655
20210316,경원선,서빙고,1800,1725,3525
20210316,경원선,한남,4154,3893,8047
20210316,경원선,옥수,43,26,69
20210316,경원선,응봉,1806,1533,3339
20210316,경원선,왕십리,12936,14137,27073
20210316,경원선,청량리,13130,14093,27223
20210316,경원선,이촌,3680,2883,6563
20210316,경원선,신이문,8408,7825,16233
20210316,경원선,석계,7944,8946,16890
20210316,경원선,광운대,8958,8830,17788
20210316,경원선,월계,6613,6217,12830
20210316,경원선,녹천,4705,3995,8700
20210316,경원선,외대앞,7100,7091,14191
20210317,경원선,동두천,2199,2510,4709
20210317,경원선,왕십리,13424,15175,28599
20210317,경원선,청량리,13290,14317,27607
20210317,경원선,소요산,2890,2408,5298
20210317,경원선,이촌,3745,2940,6685
20210317,경원선,서빙고,1849,1656,3505
20210317,경원선,응봉,1862,1653,3515
20210317,경원선,옥수,42,29,71
20210317,경원선,신이문,8469,7888,16357
20210317,경원선,외대앞,7154,7164,14318
20210317,경원선,광운대,8870,8675,17545
20210317,경원선,보산,1278,1175,2453
20210317,경원선,한남,3988,3859,7847
20210317,경원선,동두천중앙,3021,2831,5852
20210317,경원선,지행,6077,6075,12152
20210317,경원선,덕정,5915,5796,11711
20210317,경원선,월계,6795,6450,13245
20210317,경원선,녹천,4830,4005,8835
20210317,경원선,방학,9536,9323,18859
20210317,경원선,도봉,6088,5863,11951
20210317,경원선,도봉산,8246,5409,13655
20210317,경원선,망월사,7522,7816,15338
20210317,경원선,석계,8025,9208,17233
20210317,경원선,의정부,18082,18455,36537
20210317,경원선,가능,6547,6332,12879
20210317,경원선,녹양,4620,4397,9017
20210317,경원선,양주,7721,7089,14810
20210317,경원선,덕계,3012,2798,5810
20210317,경원선,회룡,12707,12389,25096
20210318,경원선,월계,7058,6518,13576
20210318,경원선,광운대,9042,8708,17750
20210318,경원선,석계,8070,9324,17394
20210318,경원선,신이문,8516,7824,16340
20210318,경원선,외대앞,7264,7202,14466
20210318,경원선,청량리,13852,14658,28510
20210318,경원선,옥수,57,32,89
20210318,경원선,응봉,1864,1682,3546
20210318,경원선,한남,4103,3914,8017
20210318,경원선,서빙고,1812,1713,3525
20210318,경원선,이촌,3752,2824,6576
20210318,경원선,녹천,4812,4088,8900
20210318,경원선,왕십리,13591,14760,28351
20210318,경원선,방학,9363,9259,18622
20210318,경원선,소요산,2876,2447,5323
20210318,경원선,도봉산,8240,5389,13629
20210318,경원선,도봉,6067,5733,11800
20210318,경원선,동두천,2099,2460,4559
20210318,경원선,보산,1293,1189,2482
20210318,경원선,동두천중앙,3024,2889,5913
20210318,경원선,덕정,5641,5695,11336
20210318,경원선,덕계,3096,2734,5830
20210318,경원선,지행,6061,6082,12143
20210318,경원선,녹양,4640,4438,9078
20210318,경원선,가능,6462,6339,12801
20210318,경원선,의정부,17629,18168,35797
20210318,경원선,회룡,12392,12448,24840
20210318,경원선,망월사,7511,7643,15154
20210318,경원선,양주,7798,7332,15130
20210319,경원선,녹양,4682,4472,9154
20210319,경원선,망월사,7640,7702,15342
20210319,경원선,회룡,12723,12767,25490
20210319,경원선,의정부,18934,19736,38670
20210319,경원선,가능,6717,6436,13153
20210319,경원선,양주,7961,7343,15304
20210319,경원선,소요산,3155,2581,5736
20210319,경원선,덕정,5863,5537,11400
20210319,경원선,지행,6618,6469,13087
20210319,경원선,동두천중앙,3181,3149,6330
20210319,경원선,보산,1563,1307,2870
20210319,경원선,동두천,2190,2469,4659
20210319,경원선,도봉산,8440,5544,13984
20210319,경원선,덕계,3091,2705,5796
20210319,경원선,도봉,6216,5979,12195
20210319,경원선,광운대,9177,8589,17766
20210319,경원선,녹천,4860,4110,8970
20210319,경원선,방학,9769,9478,19247
20210319,경원선,석계,8508,9486,17994
20210319,경원선,신이문,8738,7932,16670
20210319,경원선,이촌,4131,3068,7199
20210319,경원선,한남,4192,3867,8059
20210319,경원선,옥수,66,26,92
20210319,경원선,서빙고,1878,1709,3587
20210319,경원선,왕십리,14633,16438,31071
20210319,경원선,청량리,15872,16616,32488
20210319,경원선,외대앞,7925,7785,15710
20210319,경원선,월계,6749,6251,13000
20210319,경원선,응봉,2048,1745,3793
20210320,경원선,신이문,5495,5105,10600
20210320,경원선,녹천,3092,2565,5657
20210320,경원선,월계,3977,3628,7605
20210320,경원선,광운대,5060,4934,9994
20210320,경원선,석계,5777,6132,11909
20210320,경원선,외대앞,5562,5381,10943
20210320,경원선,서빙고,1078,1006,2084
20210320,경원선,왕십리,11155,12695,23850
20210320,경원선,응봉,1185,1019,2204
20210320,경원선,한남,2447,2310,4757
20210320,경원선,방학,6363,6290,12653
20210320,경원선,이촌,2536,1919,4455
20210320,경원선,청량리,13037,14217,27254
20210320,경원선,도봉,3895,3679,7574
20210320,경원선,옥수,34,26,60
20210320,경원선,망월사,4723,4795,9518
20210320,경원선,도봉산,5954,3896,9850
20210320,경원선,양주,5301,5048,10349
20210320,경원선,녹양,3027,2911,5938
20210320,경원선,소요산,2300,1886,4186
20210320,경원선,보산,1228,1234,2462
20210320,경원선,동두천중앙,2257,2268,4525
20210320,경원선,동두천,1362,1684,3046
20210320,경원선,덕정,3656,3482,7138
20210320,경원선,덕계,1859,1734,3593
20210320,경원선,가능,4411,4252,8663
20210320,경원선,의정부,15045,15888,30933
20210320,경원선,회룡,8303,8400,16703
20210320,경원선,지행,4519,4426,8945
20210321,경원선,녹양,2536,2482,5018
20210321,경원선,회룡,6730,6631,13361
20210321,경원선,의정부,12794,12837,25631
20210321,경원선,가능,3613,3402,7015
20210321,경원선,양주,4632,4687,9319
20210321,경원선,소요산,3256,2722,5978
20210321,경원선,덕정,2959,2988,5947
20210321,경원선,지행,3807,3751,7558
20210321,경원선,동두천중앙,1831,1726,3557
20210321,경원선,보산,1142,1125,2267
20210321,경원선,동두천,1185,1548,2733
20210321,경원선,망월사,4097,4309,8406
20210321,경원선,덕계,1525,1519,3044
20210321,경원선,도봉산,8592,5952,14544
20210321,경원선,광운대,4081,4246,8327
20210321,경원선,방학,5363,5133,10496
20210321,경원선,이촌,2102,1648,3750
20210321,경원선,서빙고,1135,1135,2270
20210321,경원선,한남,1809,1805,3614
20210321,경원선,도봉,3228,3049,6277
20210321,경원선,응봉,1244,1341,2585
20210321,경원선,왕십리,8838,9894,18732
20210321,경원선,옥수,65,22,87
20210321,경원선,외대앞,4459,4555,9014
20210321,경원선,신이문,4333,4211,8544
20210321,경원선,석계,4609,5032,9641
20210321,경원선,월계,3460,3264,6724
20210321,경원선,녹천,2405,2032,4437
20210321,경원선,청량리,11986,11795,23781
20210322,경원선,양주,7620,7146,14766
20210322,경원선,회룡,12407,12387,24794
20210322,경원선,의정부,17593,17630,35223
20210322,경원선,가능,6538,6324,12862
20210322,경원선,녹양,4540,4332,8872
20210322,경원선,덕계,3061,2666,5727
20210322,경원선,망월사,7239,7470,14709
20210322,경원선,지행,6119,6040,12159
20210322,경원선,동두천중앙,3052,2896,5948
20210322,경원선,보산,1481,1390,2871
20210322,경원선,동두천,2225,2592,4817
20210322,경원선,소요산,2597,2187,4784
20210322,경원선,덕정,5798,5687,11485
20210322,경원선,도봉산,7754,4893,12647
20210322,경원선,이촌,3654,2878,6532
20210322,경원선,방학,9409,9156,18565
20210322,경원선,서빙고,1872,1694,3566
20210322,경원선,한남,3958,3790,7748
20210322,경원선,옥수,37,36,73
20210322,경원선,응봉,1958,1852,3810
20210322,경원선,왕십리,12649,14104,26753
20210322,경원선,청량리,13343,14146,27489
20210322,경원선,도봉,5861,5743,11604
20210322,경원선,신이문,8378,7801,16179
20210322,경원선,석계,7839,8985,16824
20210322,경원선,광운대,8878,8792,17670
20210322,경원선,월계,6599,6229,12828
20210322,경원선,녹천,4687,3896,8583
20210322,경원선,외대앞,7072,7333,14405
20210323,경원선,녹천,4776,3979,8755
20210323,경원선,월계,6973,6531,13504
20210323,경원선,광운대,9046,8886,17932
20210323,경원선,석계,8158,9197,17355
20210323,경원선,신이문,8618,8004,16622
20210323,경원선,외대앞,7272,7335,14607
20210323,경원선,응봉,2126,2051,4177
20210323,경원선,왕십리,13430,14677,28107
20210323,경원선,옥수,60,33,93
20210323,경원선,한남,4181,3891,8072
20210323,경원선,서빙고,1871,1730,3601
20210323,경원선,방학,9363,9129,18492
20210323,경원선,청량리,13379,14305,27684
20210323,경원선,도봉,6086,5984,12070
20210323,경원선,이촌,3756,2942,6698
20210323,경원선,망월사,7586,7788,15374
20210323,경원선,소요산,2842,2295,5137
20210323,경원선,동두천,2296,2672,4968
20210323,경원선,보산,1383,1227,2610
20210323,경원선,동두천중앙,3025,2920,5945
20210323,경원선,지행,6171,6138,12309
20210323,경원선,덕정,5846,5717,11563
20210323,경원선,도봉산,8275,5245,13520
20210323,경원선,양주,7677,7199,14876
20210323,경원선,녹양,4663,4427,9090
20210323,경원선,가능,6447,6316,12763
20210323,경원선,의정부,17406,17682,35088
20210323,경원선,회룡,12505,12373,24878
20210323,경원선,덕계,3051,2722,5773
20210324,경원선,녹천,4820,4073,8893
20210324,경원선,월계,7042,6641,13683
20210324,경원선,광운대,8947,8585,17532
20210324,경원선,석계,8084,9125,17209
20210324,경원선,신이문,8549,7886,16435
20210324,경원선,외대앞,7135,7224,14359
20210324,경원선,응봉,2168,2161,4329
20210324,경원선,왕십리,13252,14790,28042
20210324,경원선,옥수,53,32,85
20210324,경원선,한남,4162,3897,8059
20210324,경원선,서빙고,1861,1727,3588
20210324,경원선,방학,9613,9392,19005
20210324,경원선,청량리,13403,14301,27704
20210324,경원선,이촌,3919,3101,7020
20210324,경원선,도봉,6117,5950,12067
20210324,경원선,망월사,7494,7681,15175
20210324,경원선,도봉산,8193,5372,13565
20210324,경원선,소요산,2886,2453,5339
20210324,경원선,동두천,2271,2554,4825
20210324,경원선,보산,1302,1251,2553
20210324,경원선,지행,6118,6015,12133
20210324,경원선,덕정,5864,5738,11602
20210324,경원선,동두천중앙,3143,3037,6180
20210324,경원선,양주,7728,7182,14910
20210324,경원선,녹양,4668,4472,9140
20210324,경원선,가능,6454,6324,12778
20210324,경원선,의정부,17640,17896,35536
20210324,경원선,회룡,12467,12582,25049
20210324,경원선,덕계,3077,2741,5818
20210325,경원선,외대앞,7286,7309,14595
20210325,경원선,월계,6936,6423,13359
20210325,경원선,광운대,9058,8862,17920
20210325,경원선,석계,8278,9296,17574
20210325,경원선,신이문,8714,7959,16673
20210325,경원선,청량리,13719,14666,28385
20210325,경원선,녹천,4734,4067,8801
20210325,경원선,응봉,2324,2376,4700
20210325,경원선,옥수,52,27,79
20210325,경원선,한남,4170,4007,8177
20210325,경원선,서빙고,1976,1798,3774
20210325,경원선,이촌,3956,3011,6967
20210325,경원선,왕십리,13400,15054,28454
20210325,경원선,방학,9505,9359,18864
20210325,경원선,도봉,6206,6034,12240
20210325,경원선,도봉산,8482,5476,13958
20210325,경원선,동두천,2221,2588,4809
20210325,경원선,보산,1368,1246,2614
20210325,경원선,동두천중앙,3311,3303,6614
20210325,경원선,지행,6076,6130,12206
20210325,경원선,덕정,6084,5814,11898
20210325,경원선,덕계,3180,2717,5897
20210325,경원선,소요산,2920,2501,5421
20210325,경원선,녹양,4637,4401,9038
20210325,경원선,가능,6637,6488,13125
20210325,경원선,의정부,17776,18197,35973
20210325,경원선,회룡,12843,12660,25503
20210325,경원선,망월사,7687,7759,15446
20210325,경원선,양주,7831,7289,15120
20210326,경원선,월계,7019,6378,13397
20210326,경원선,광운대,9238,8638,17876
20210326,경원선,석계,8583,9784,18367
20210326,경원선,신이문,8831,8131,16962
20210326,경원선,외대앞,7737,7574,15311
20210326,경원선,청량리,16195,17175,33370
20210326,경원선,옥수,87,29,116
20210326,경원선,응봉,2353,2368,4721
20210326,경원선,한남,4301,4028,8329
20210326,경원선,서빙고,1956,1741,3697
20210326,경원선,이촌,4097,3089,7186
20210326,경원선,녹천,4774,4003,8777
20210326,경원선,왕십리,14331,16039,30370
20210326,경원선,방학,9805,9699,19504
20210326,경원선,도봉,6236,5945,12181
20210326,경원선,도봉산,8585,5515,14100
20210326,경원선,동두천,2280,2634,4914
20210326,경원선,보산,1806,1487,3293
20210326,경원선,동두천중앙,3214,3075,6289
20210326,경원선,지행,6805,6685,13490
20210326,경원선,덕정,6021,5710,11731
20210326,경원선,덕계,3052,2615,5667
20210326,경원선,소요산,3142,2719,5861
20210326,경원선,녹양,4794,4546,9340
20210326,경원선,가능,6781,6497,13278
20210326,경원선,의정부,18943,19934,38877
20210326,경원선,회룡,13028,13043,26071
20210326,경원선,망월사,7692,7716,15408
20210326,경원선,양주,8076,7565,15641
20210327,경원선,가능,4361,4290,8651
20210327,경원선,의정부,15766,16134,31900
20210327,경원선,회룡,8346,8427,16773
20210327,경원선,망월사,4841,4958,9799
20210327,경원선,도봉산,6669,4382,11051
20210327,경원선,도봉,3942,3876,7818
20210327,경원선,서빙고,1150,1054,2204
20210327,경원선,한남,2544,2389,4933
20210327,경원선,이촌,2560,1988,4548
20210327,경원선,방학,6565,6499,13064
20210327,경원선,녹천,2802,2434,5236
20210327,경원선,녹양,3111,3022,6133
20210327,경원선,옥수,40,21,61
20210327,경원선,양주,5462,5246,10708
20210327,경원선,월계,4020,3838,7858
20210327,경원선,덕정,3871,3694,7565
20210327,경원선,덕계,1993,1778,3771
20210327,경원선,광운대,5123,5067,10190
20210327,경원선,석계,6118,6198,12316
20210327,경원선,신이문,5557,5180,10737
20210327,경원선,청량리,13296,14717,28013
20210327,경원선,왕십리,11234,12631,23865
20210327,경원선,외대앞,5573,5451,11024
20210327,경원선,소요산,2528,2213,4741
20210327,경원선,동두천,1432,1719,3151
20210327,경원선,보산,1392,1277,2669
20210327,경원선,동두천중앙,2149,2232,4381
20210327,경원선,지행,4613,4558,9171
20210327,경원선,응봉,1880,1880,3760
20210328,경원선,신이문,3996,3786,7782
20210328,경원선,녹천,2293,2055,4348
20210328,경원선,월계,3043,2802,5845
20210328,경원선,광운대,3771,3826,7597
20210328,경원선,석계,4130,4567,8697
20210328,경원선,외대앞,4734,4790,9524
20210328,경원선,이촌,1856,1478,3334
20210328,경원선,왕십리,7492,8527,16019
20210328,경원선,응봉,998,1035,2033
20210328,경원선,옥수,50,11,61
20210328,경원선,한남,1667,1620,3287
20210328,경원선,서빙고,1120,1083,2203
20210328,경원선,창동,1,0,1
20210328,경원선,청량리,10351,10356,20707
20210328,경원선,방학,4632,4374,9006
20210328,경원선,소요산,2238,1898,4136
20210328,경원선,도봉산,5362,3575,8937
20210328,경원선,도봉,2839,2709,5548
20210328,경원선,동두천,1089,1322,2411
20210328,경원선,보산,1141,1152,2293
20210328,경원선,동두천중앙,1676,1604,3280
20210328,경원선,덕정,2694,2802,5496
20210328,경원선,덕계,1316,1284,2600
20210328,경원선,지행,3578,3458,7036
20210328,경원선,녹양,2238,2121,4359
20210328,경원선,가능,3341,3173,6514
20210328,경원선,의정부,11865,12026,23891
20210328,경원선,회룡,6198,6045,12243
20210328,경원선,망월사,3517,3699,7216
20210328,경원선,양주,3798,3813,7611
20210329,경원선,신이문,8421,7754,16175
20210329,경원선,녹천,4669,3985,8654
20210329,경원선,월계,6689,6319,13008
20210329,경원선,광운대,9000,8791,17791
20210329,경원선,석계,7956,9074,17030
20210329,경원선,외대앞,6837,7032,13869
20210329,경원선,이촌,3637,2902,6539
20210329,경원선,왕십리,12909,14568,27477
20210329,경원선,응봉,1944,1884,3828
20210329,경원선,옥수,58,43,101
20210329,경원선,한남,3901,3741,7642
20210329,경원선,서빙고,1840,1682,3522
20210329,경원선,창동,1,0,1
20210329,경원선,청량리,13155,14392,27547
20210329,경원선,방학,9371,9094,18465
20210329,경원선,도봉,5898,5671,11569
20210329,경원선,도봉산,7474,4579,12053
20210329,경원선,동두천,2174,2599,4773
20210329,경원선,보산,1615,1452,3067
20210329,경원선,동두천중앙,3035,2893,5928
20210329,경원선,지행,6314,6209,12523
20210329,경원선,덕정,5873,5661,11534
20210329,경원선,덕계,2846,2556,5402
20210329,경원선,소요산,2601,2125,4726
20210329,경원선,녹양,4554,4336,8890
20210329,경원선,가능,6504,6405,12909
20210329,경원선,의정부,17608,17901,35509
20210329,경원선,회룡,12235,11900,24135
20210329,경원선,망월사,7537,7658,15195
20210329,경원선,양주,7559,7071,14630
20210330,경원선,망월사,7694,7840,15534
20210330,경원선,회룡,12641,12545,25186
20210330,경원선,의정부,17663,17973,35636
20210330,경원선,가능,6578,6412,12990
20210330,경원선,녹양,4597,4380,8977
20210330,경원선,양주,7758,7203,14961
20210330,경원선,지행,6314,6192,12506
20210330,경원선,덕정,6007,5795,11802
20210330,경원선,동두천중앙,3211,3176,6387
20210330,경원선,보산,1482,1566,3048
20210330,경원선,동두천,2353,2735,5088
20210330,경원선,도봉산,8127,5170,13297
20210330,경원선,덕계,2923,2657,5580
20210330,경원선,도봉,6029,5780,11809
20210330,경원선,소요산,2899,2552,5451
20210330,경원선,녹천,4788,4069,8857
20210330,경원선,이촌,3789,2910,6699
20210330,경원선,서빙고,1957,1793,3750
20210330,경원선,한남,4135,3792,7927
20210330,경원선,옥수,56,36,92
20210330,경원선,응봉,2096,2076,4172
20210330,경원선,왕십리,13203,14740,27943
20210330,경원선,방학,9358,9383,18741
20210330,경원선,외대앞,7102,7165,14267
20210330,경원선,신이문,8626,8025,16651
20210330,경원선,석계,8167,9288,17455
20210330,경원선,광운대,9161,8918,18079
20210330,경원선,월계,6966,6594,13560
20210330,경원선,청량리,13091,14446,27537
20210331,경원선,청량리,13247,14364,27611
20210331,경원선,외대앞,7216,7251,14467
20210331,경원선,신이문,8587,8044,16631
20210331,경원선,석계,8194,9215,17409
20210331,경원선,광운대,9013,8736,17749
20210331,경원선,녹천,4783,4034,8817
20210331,경원선,도봉산,8572,5508,14080
20210331,경원선,도봉,6031,5957,11988
20210331,경원선,소요산,3204,2677,5881
20210331,경원선,망월사,7831,7930,15761
20210331,경원선,월계,7297,6786,14083
20210331,경원선,왕십리,13513,14854,28367
20210331,경원선,방학,9681,9538,19219
20210331,경원선,응봉,2259,2162,4421
20210331,경원선,회룡,12958,13012,25970
20210331,경원선,한남,4029,3672,7701
20210331,경원선,의정부,17827,18247,36074
20210331,경원선,가능,6645,6407,13052
20210331,경원선,녹양,4754,4426,9180
20210331,경원선,양주,7769,7378,15147
20210331,경원선,덕계,2982,2656,5638
20210331,경원선,덕정,5921,5759,11680
20210331,경원선,옥수,45,32,77
20210331,경원선,동두천중앙,3059,2973,6032
20210331,경원선,보산,1430,1276,2706
20210331,경원선,동두천,2281,2587,4868
20210331,경원선,이촌,4028,3030,7058
20210331,경원선,서빙고,1904,1745,3649
20210331,경원선,지행,6338,6315,12653
20210401,경원선,녹천,4841,4131,8972
20210401,경원선,월계,7172,6632,13804
20210401,경원선,광운대,9079,8804,17883
20210401,경원선,석계,8149,9333,17482
20210401,경원선,신이문,8640,8008,16648
20210401,경원선,외대앞,7305,7263,14568
20210401,경원선,응봉,2164,2052,4216
20210401,경원선,왕십리,13444,15307,28751
20210401,경원선,옥수,60,39,99
20210401,경원선,한남,4139,3887,8026
20210401,경원선,서빙고,1954,1771,3725
20210401,경원선,방학,9659,9482,19141
20210401,경원선,청량리,13865,15012,28877
20210401,경원선,이촌,3988,2952,6940
20210401,경원선,도봉,6199,5934,12133
20210401,경원선,망월사,7945,8095,16040
20210401,경원선,도봉산,8527,5442,13969
20210401,경원선,소요산,3220,2850,6070
20210401,경원선,동두천,2238,2564,4802
20210401,경원선,보산,1517,1373,2890
20210401,경원선,지행,6350,6507,12857
20210401,경원선,덕정,6018,5926,11944
20210401,경원선,동두천중앙,3081,2993,6074
20210401,경원선,양주,7906,7279,15185
20210401,경원선,녹양,4547,4349,8896
20210401,경원선,가능,6555,6409,12964
20210401,경원선,의정부,17729,18096,35825
20210401,경원선,회룡,12906,12854,25760
20210401,경원선,덕계,2896,2628,5524
20210402,경원선,청량리,16095,17142,33237
20210402,경원선,광운대,8925,8390,17315
20210402,경원선,석계,8331,9590,17921
20210402,경원선,신이문,8930,8054,16984
20210402,경원선,외대앞,7864,7732,15596
20210402,경원선,왕십리,14647,16111,30758
20210402,경원선,월계,7018,6494,13512
20210402,경원선,옥수,71,21,92
20210402,경원선,한남,4278,3934,8212
20210402,경원선,서빙고,1979,1790,3769
20210402,경원선,이촌,4277,3220,7497
20210402,경원선,덕계,3095,2766,5861
20210402,경원선,응봉,2093,1951,4044
20210402,경원선,녹천,4742,3906,8648
20210402,경원선,녹양,4781,4492,9273
20210402,경원선,도봉,6183,5899,12082
20210402,경원선,동두천,2236,2598,4834
20210402,경원선,보산,1900,1666,3566
20210402,경원선,동두천중앙,3207,3146,6353
20210402,경원선,지행,7015,6773,13788
20210402,경원선,덕정,6182,5740,11922
20210402,경원선,양주,8140,7376,15516
20210402,경원선,소요산,3259,2608,5867
20210402,경원선,가능,6774,6478,13252
20210402,경원선,의정부,18761,19594,38355
20210402,경원선,회룡,12931,13097,26028
20210402,경원선,망월사,7850,7906,15756
20210402,경원선,도봉산,8413,5396,13809
20210402,경원선,방학,9821,9650,19471
20210403,경원선,한남,2191,2149,4340
20210403,경원선,옥수,34,43,77
20210403,경원선,응봉,1380,1268,2648
20210403,경원선,왕십리,10558,11984,22542
20210403,경원선,청량리,12586,13702,26288
20210403,경원선,외대앞,5094,5026,10120
20210403,경원선,광운대,4819,4774,9593
20210403,경원선,석계,5421,5924,11345
20210403,경원선,월계,3756,3477,7233
20210403,경원선,녹천,2610,2305,4915
20210403,경원선,방학,5853,5821,11674
20210403,경원선,서빙고,1071,986,2057
20210403,경원선,신이문,4992,4828,9820
20210403,경원선,이촌,2369,1759,4128
20210403,경원선,도봉,3633,3467,7100
20210403,경원선,망월사,4376,4545,8921
20210403,경원선,소요산,1946,1646,3592
20210403,경원선,동두천,1193,1433,2626
20210403,경원선,보산,1287,1329,2616
20210403,경원선,동두천중앙,1924,1987,3911
20210403,경원선,지행,4137,4026,8163
20210403,경원선,덕정,3317,3189,6506
20210403,경원선,도봉산,4994,3222,8216
20210403,경원선,양주,4837,4539,9376
20210403,경원선,녹양,2738,2592,5330
20210403,경원선,가능,4150,4012,8162
20210403,경원선,의정부,13541,14514,28055
20210403,경원선,회룡,7689,7579,15268
20210403,경원선,덕계,1711,1600,3311
20210404,경원선,망월사,4062,4204,8266
20210404,경원선,회룡,6957,6941,13898
20210404,경원선,의정부,12656,12886,25542
20210404,경원선,가능,3708,3504,7212
20210404,경원선,녹양,2511,2456,4967
20210404,경원선,양주,4592,4541,9133
20210404,경원선,지행,4033,4102,8135
20210404,경원선,덕정,3159,3204,6363
20210404,경원선,동두천중앙,2009,1854,3863
20210404,경원선,보산,1303,1420,2723
20210404,경원선,동두천,1273,1603,2876
20210404,경원선,도봉산,8087,5781,13868
20210404,경원선,덕계,1482,1434,2916
20210404,경원선,소요산,3845,3325,7170
20210404,경원선,도봉,3215,2979,6194
20210404,경원선,녹천,2466,2200,4666
20210404,경원선,방학,5588,5366,10954
20210404,경원선,이촌,2330,1702,4032
20210404,경원선,서빙고,1245,1259,2504
20210404,경원선,한남,1854,1770,3624
20210404,경원선,응봉,1172,1188,2360
20210404,경원선,왕십리,8255,9662,17917
20210404,경원선,옥수,45,27,72
20210404,경원선,외대앞,4409,4410,8819
20210404,경원선,신이문,4411,4096,8507
20210404,경원선,석계,4659,5026,9685
20210404,경원선,광운대,3973,4204,8177
20210404,경원선,월계,3498,3324,6822
20210404,경원선,청량리,11736,11627,23363
20210405,경원선,양주,8150,7506,15656
20210405,경원선,옥수,43,51,94
20210405,경원선,한남,4160,3956,8116
20210405,경원선,서빙고,1868,1707,3575
20210405,경원선,이촌,3844,2990,6834
20210405,경원선,덕계,3070,2721,5791
20210405,경원선,응봉,1936,1730,3666
20210405,경원선,지행,6384,6353,12737
20210405,경원선,동두천중앙,3369,3279,6648
20210405,경원선,보산,1516,1343,2859
20210405,경원선,동두천,2262,2638,4900
20210405,경원선,소요산,3205,2617,5822
20210405,경원선,덕정,6005,5881,11886
20210405,경원선,왕십리,12795,14523,27318
20210405,경원선,청량리,14194,15008,29202
20210405,경원선,외대앞,7093,7216,14309
20210405,경원선,가능,6552,6383,12935
20210405,경원선,의정부,17778,18024,35802
20210405,경원선,회룡,12432,12470,24902
20210405,경원선,망월사,7902,8121,16023
20210405,경원선,도봉산,8258,5364,13622
20210405,경원선,도봉,5948,5706,11654
20210405,경원선,녹양,4727,4396,9123
20210405,경원선,녹천,4839,4133,8972
20210405,경원선,월계,6966,6486,13452
20210405,경원선,광운대,8845,8619,17464
20210405,경원선,석계,8091,9314,17405
20210405,경원선,신이문,8578,7861,16439
20210405,경원선,방학,9643,9396,19039
20210406,경원선,녹천,4807,3977,8784
20210406,경원선,월계,7175,6764,13939
20210406,경원선,광운대,9033,8816,17849
20210406,경원선,석계,8025,9246,17271
20210406,경원선,신이문,8707,7945,16652
20210406,경원선,외대앞,7039,7258,14297
20210406,경원선,응봉,1991,1769,3760
20210406,경원선,왕십리,13327,14845,28172
20210406,경원선,옥수,55,34,89
20210406,경원선,한남,4162,3946,8108
20210406,경원선,서빙고,1920,1779,3699
20210406,경원선,방학,9643,9533,19176
20210406,경원선,청량리,13793,14701,28494
20210406,경원선,도봉,6136,5953,12089
20210406,경원선,이촌,3863,3024,6887
20210406,경원선,망월사,7761,7866,15627
20210406,경원선,소요산,3438,2853,6291
20210406,경원선,동두천,2360,2683,5043
20210406,경원선,보산,1461,1374,2835
20210406,경원선,동두천중앙,3210,3106,6316
20210406,경원선,지행,6369,6297,12666
20210406,경원선,덕정,6109,5952,12061
20210406,경원선,도봉산,8600,5512,14112
20210406,경원선,양주,7965,7406,15371
20210406,경원선,녹양,4794,4500,9294
20210406,경원선,가능,6591,6328,12919
20210406,경원선,의정부,17777,18341,36118
20210406,경원선,회룡,12870,12856,25726
20210406,경원선,덕계,3108,2865,5973
20210407,경원선,녹천,4691,4046,8737
20210407,경원선,월계,7035,6592,13627
20210407,경원선,광운대,8813,8448,17261
20210407,경원선,석계,8119,9353,17472
20210407,경원선,신이문,8471,7886,16357
20210407,경원선,외대앞,7054,7172,14226
20210407,경원선,응봉,1913,1680,3593
20210407,경원선,왕십리,13262,14951,28213
20210407,경원선,옥수,59,33,92
20210407,경원선,한남,4227,3914,8141
20210407,경원선,서빙고,1853,1690,3543
20210407,경원선,방학,9517,9366,18883
20210407,경원선,청량리,13724,14470,28194
20210407,경원선,이촌,3948,3029,6977
20210407,경원선,도봉,6008,5860,11868
20210407,경원선,망월사,7813,7971,15784
20210407,경원선,도봉산,8307,5390,13697
20210407,경원선,소요산,3291,2747,6038
20210407,경원선,동두천,2344,2637,4981
20210407,경원선,보산,1412,1331,2743
20210407,경원선,지행,6301,6318,12619
20210407,경원선,덕정,6230,5895,12125
20210407,경원선,동두천중앙,3202,2998,6200
20210407,경원선,양주,7723,7248,14971
20210407,경원선,녹양,4718,4459,9177
20210407,경원선,가능,6482,6476,12958
20210407,경원선,의정부,17637,18236,35873
20210407,경원선,회룡,12618,12653,25271
20210407,경원선,덕계,3069,2762,5831
20210408,경원선,외대앞,7087,7151,14238
20210408,경원선,동두천중앙,3149,3052,6201
20210408,경원선,보산,1436,1339,2775
20210408,경원선,동두천,2195,2580,4775
20210408,경원선,소요산,3228,2931,6159
20210408,경원선,청량리,14009,14937,28946
20210408,경원선,지행,6313,6379,12692
20210408,경원선,응봉,1944,1673,3617
20210408,경원선,옥수,47,40,87
20210408,경원선,한남,4178,4036,8214
20210408,경원선,서빙고,1881,1777,3658
20210408,경원선,이촌,3848,2975,6823
20210408,경원선,왕십리,13040,14715,27755
20210408,경원선,덕정,5902,5654,11556
20210408,경원선,덕계,3187,2795,5982
20210408,경원선,양주,7863,7342,15205
20210408,경원선,석계,8063,9283,17346
20210408,경원선,광운대,8798,8585,17383
20210408,경원선,월계,7251,6719,13970
20210408,경원선,녹천,4770,4063,8833
20210408,경원선,방학,9672,9475,19147
20210408,경원선,도봉,6108,5880,11988
20210408,경원선,신이문,8677,7939,16616
20210408,경원선,망월사,7690,7990,15680
20210408,경원선,회룡,12554,12538,25092
20210408,경원선,의정부,17394,18045,35439
20210408,경원선,가능,6447,6227,12674
20210408,경원선,녹양,4656,4404,9060
20210408,경원선,도봉산,8546,5453,13999
20210409,경원선,망월사,7681,7784,15465
20210409,경원선,회룡,12798,12933,25731
20210409,경원선,의정부,18678,19338,38016
20210409,경원선,가능,6662,6382,13044
20210409,경원선,녹양,4707,4597,9304
20210409,경원선,양주,7921,7575,15496
20210409,경원선,지행,6881,6661,13542
20210409,경원선,덕정,5870,5620,11490
20210409,경원선,동두천중앙,3223,3205,6428
20210409,경원선,보산,1785,1500,3285
20210409,경원선,동두천,2222,2602,4824
20210409,경원선,도봉산,8686,5626,14312
20210409,경원선,덕계,2986,2679,5665
20210409,경원선,도봉,6162,5844,12006
20210409,경원선,소요산,3236,2808,6044
20210409,경원선,녹천,4868,4007,8875
20210409,경원선,이촌,4117,3079,7196
20210409,경원선,서빙고,1950,1782,3732
20210409,경원선,한남,4182,3974,8156
20210409,경원선,옥수,63,26,89
20210409,경원선,응봉,1974,1772,3746
20210409,경원선,왕십리,14093,15853,29946
20210409,경원선,방학,9912,9620,19532
20210409,경원선,외대앞,7543,7329,14872
20210409,경원선,신이문,8702,7927,16629
20210409,경원선,석계,8564,9669,18233
20210409,경원선,광운대,8843,8346,17189
20210409,경원선,월계,7092,6565,13657
20210409,경원선,청량리,15860,17238,33098
20210410,경원선,녹천,3434,2830,6264
20210410,경원선,월계,4624,4253,8877
20210410,경원선,광운대,5469,5402,10871
20210410,경원선,석계,6573,7053,13626
20210410,경원선,신이문,6172,5681,11853
20210410,경원선,외대앞,6045,5824,11869
20210410,경원선,응봉,1704,1524,3228
20210410,경원선,왕십리,11359,13080,24439
20210410,경원선,옥수,54,38,92
20210410,경원선,한남,2846,2668,5514
20210410,경원선,서빙고,1423,1276,2699
20210410,경원선,방학,7418,7278,14696
20210410,경원선,청량리,14765,16679,31444
20210410,경원선,이촌,3353,2296,5649
20210410,경원선,도봉,4403,4184,8587
20210410,경원선,망월사,5569,5745,11314
20210410,경원선,도봉산,10303,7237,17540
20210410,경원선,소요산,4929,4216,9145
20210410,경원선,동두천,1657,2248,3905
20210410,경원선,보산,1808,1705,3513
20210410,경원선,지행,5357,5408,10765
20210410,경원선,덕정,4387,4098,8485
20210410,경원선,동두천중앙,2847,2817,5664
20210410,경원선,양주,6416,6121,12537
20210410,경원선,녹양,3563,3350,6913
20210410,경원선,가능,5093,4908,10001
20210410,경원선,의정부,17018,17723,34741
20210410,경원선,회룡,9665,9780,19445
20210410,경원선,덕계,2150,1993,4143
20210411,경원선,외대앞,4609,4602,9211
20210411,경원선,월계,3565,3327,6892
20210411,경원선,광운대,4035,4228,8263
20210411,경원선,석계,4668,5260,9928
20210411,경원선,신이문,4599,4334,8933
20210411,경원선,청량리,12409,11968,24377
20210411,경원선,녹천,2585,2225,4810
20210411,경원선,응봉,1276,1246,2522
20210411,경원선,옥수,71,30,101
20210411,경원선,한남,1856,1883,3739
20210411,경원선,서빙고,1233,1258,2491
20210411,경원선,이촌,2419,1797,4216
20210411,경원선,왕십리,7898,9145,17043
20210411,경원선,방학,5816,5511,11327
20210411,경원선,도봉,3529,3218,6747
20210411,경원선,도봉산,9782,7127,16909
20210411,경원선,동두천,1447,1888,3335
20210411,경원선,보산,1613,1739,3352
20210411,경원선,동두천중앙,2125,2026,4151
20210411,경원선,지행,4177,4126,8303
20210411,경원선,덕정,3395,3438,6833
20210411,경원선,덕계,1586,1533,3119
20210411,경원선,소요산,4868,4307,9175
20210411,경원선,녹양,2677,2591,5268
20210411,경원선,가능,3884,3688,7572
20210411,경원선,의정부,13454,13545,26999
20210411,경원선,회룡,7240,7263,14503
20210411,경원선,망월사,4821,5024,9845
20210411,경원선,양주,5165,5069,10234
20210412,경원선,가능,6173,5960,12133
20210412,경원선,의정부,16692,16792,33484
20210412,경원선,회룡,11715,11484,23199
20210412,경원선,망월사,7225,7530,14755
20210412,경원선,도봉산,6625,3953,10578
20210412,경원선,도봉,5658,5685,11343
20210412,경원선,월계,6424,6145,12569
20210412,경원선,녹천,4604,3972,8576
20210412,경원선,광운대,8547,8411,16958
20210412,경원선,석계,7492,8659,16151
20210412,경원선,신이문,8194,7788,15982
20210412,경원선,녹양,4278,4052,8330
20210412,경원선,방학,8929,8806,17735
20210412,경원선,양주,7217,6729,13946
20210412,경원선,덕계,2969,2673,5642
20210412,경원선,덕정,5485,5387,10872
20210412,경원선,외대앞,6341,6475,12816
20210412,경원선,청량리,12983,13562,26545
20210412,경원선,왕십리,12061,13589,25650
20210412,경원선,응봉,1684,1537,3221
20210412,경원선,이촌,3392,2796,6188
20210412,경원선,서빙고,1732,1664,3396
20210412,경원선,옥수,47,37,84
20210412,경원선,소요산,2122,1742,3864
20210412,경원선,동두천,2077,2425,4502
20210412,경원선,보산,1396,1254,2650
20210412,경원선,동두천중앙,2908,2794,5702
20210412,경원선,지행,5794,5647,11441
20210412,경원선,한남,3930,3731,7661
20210413,경원선,녹양,4565,4313,8878
20210413,경원선,망월사,7669,7766,15435
20210413,경원선,회룡,12182,12201,24383
20210413,경원선,의정부,17267,17765,35032
20210413,경원선,가능,6356,6154,12510
20210413,경원선,양주,7666,7121,14787
20210413,경원선,소요산,2715,2261,4976
20210413,경원선,덕정,5788,5700,11488
20210413,경원선,지행,6200,6127,12327
20210413,경원선,동두천중앙,2931,2877,5808
20210413,경원선,보산,1442,1325,2767
20210413,경원선,동두천,2268,2595,4863
20210413,경원선,도봉산,7692,4801,12493
20210413,경원선,덕계,2992,2699,5691
20210413,경원선,도봉,6016,5833,11849
20210413,경원선,이촌,3793,2869,6662
20210413,경원선,창동,1,0,1
20210413,경원선,방학,9329,9282,18611
20210413,경원선,서빙고,1812,1704,3516
20210413,경원선,한남,4163,3953,8116
20210413,경원선,옥수,48,34,82
20210413,경원선,왕십리,12902,14447,27349
20210413,경원선,청량리,13164,14047,27211
20210413,경원선,응봉,1872,1607,3479
20210413,경원선,신이문,8324,7875,16199
20210413,경원선,석계,7874,9031,16905
20210413,경원선,광운대,8939,8668,17607
20210413,경원선,월계,7013,6465,13478
20210413,경원선,녹천,4718,4002,8720
20210413,경원선,외대앞,6740,6840,13580
20210414,경원선,외대앞,6836,6974,13810
20210414,경원선,월계,7177,6705,13882
20210414,경원선,광운대,8741,8554,17295
20210414,경원선,석계,8119,9072,17191
20210414,경원선,신이문,8572,8010,16582
20210414,경원선,청량리,13405,14329,27734
20210414,경원선,녹천,4815,4090,8905
20210414,경원선,응봉,1880,1634,3514
20210414,경원선,옥수,57,25,82
20210414,경원선,한남,4188,3834,8022
20210414,경원선,서빙고,1858,1744,3602
20210414,경원선,이촌,3806,3016,6822
20210414,경원선,왕십리,13049,14562,27611
20210414,경원선,방학,9604,9430,19034
20210414,경원선,보산,1448,1298,2746
20210414,경원선,도봉산,8307,5505,13812
20210414,경원선,소요산,2976,2474,5450
20210414,경원선,동두천,2351,2756,5107
20210414,경원선,도봉,5999,5769,11768
20210414,경원선,동두천중앙,3078,2986,6064
20210414,경원선,덕정,5849,5624,11473
20210414,경원선,덕계,3110,2811,5921
20210414,경원선,지행,6297,6285,12582
20210414,경원선,녹양,4567,4448,9015
20210414,경원선,가능,6663,6402,13065
20210414,경원선,의정부,17444,17835,35279
20210414,경원선,회룡,12653,12503,25156
20210414,경원선,망월사,7548,7802,15350
20210414,경원선,양주,7856,7350,15206
20210415,경원선,신이문,8532,7945,16477
20210415,경원선,녹천,4818,4176,8994
20210415,경원선,월계,7113,6727,13840
20210415,경원선,광운대,8532,8234,16766
20210415,경원선,석계,8060,9322,17382
20210415,경원선,외대앞,6989,6965,13954
20210415,경원선,이촌,3793,3011,6804
20210415,경원선,왕십리,13360,14818,28178
20210415,경원선,응봉,1975,1699,3674
20210415,경원선,옥수,43,32,75
20210415,경원선,한남,4367,4103,8470
20210415,경원선,서빙고,1918,1756,3674
20210415,경원선,방학,9524,9366,18890
20210415,경원선,청량리,13873,14834,28707
20210415,경원선,도봉,6171,5933,12104
20210415,경원선,도봉산,8297,5447,13744
20210415,경원선,망월사,7712,7849,15561
20210415,경원선,소요산,3413,2841,6254
20210415,경원선,동두천,2306,2769,5075
20210415,경원선,보산,1471,1374,2845
20210415,경원선,동두천중앙,3382,3311,6693
20210415,경원선,지행,6268,6336,12604
20210415,경원선,덕정,5912,5823,11735
20210415,경원선,창동,1,0,1
20210415,경원선,양주,7913,7463,15376
20210415,경원선,녹양,4629,4386,9015
20210415,경원선,가능,6633,6397,13030
20210415,경원선,의정부,17856,18159,36015
20210415,경원선,회룡,12616,10891,23507
20210415,경원선,덕계,3142,2917,6059
20210416,경원선,망월사,7348,7432,14780
20210416,경원선,회룡,12141,10761,22902
20210416,경원선,의정부,17840,18615,36455
20210416,경원선,가능,6301,6041,12342
20210416,경원선,녹양,4449,4284,8733
20210416,경원선,양주,7463,6952,14415
20210416,경원선,지행,6584,6352,12936
20210416,경원선,덕정,5643,5247,10890
20210416,경원선,동두천중앙,2927,2875,5802
20210416,경원선,보산,1888,1519,3407
20210416,경원선,동두천,2127,2385,4512
20210416,경원선,도봉산,6893,4149,11042
20210416,경원선,덕계,2865,2568,5433
20210416,경원선,도봉,5820,5672,11492
20210416,경원선,소요산,2248,1842,4090
20210416,경원선,창동,1,0,1
20210416,경원선,이촌,3819,2907,6726
20210416,경원선,서빙고,1853,1664,3517
20210416,경원선,한남,4013,3851,7864
20210416,경원선,옥수,53,26,79
20210416,경원선,응봉,1829,1552,3381
20210416,경원선,왕십리,13558,15411,28969
20210416,경원선,방학,9382,9235,18617
20210416,경원선,외대앞,6970,6943,13913
20210416,경원선,신이문,8445,7708,16153
20210416,경원선,석계,7930,8901,16831
20210416,경원선,광운대,8456,8056,16512
20210416,경원선,월계,6667,6250,12917
20210416,경원선,녹천,4656,3876,8532
20210416,경원선,청량리,14945,16168,31113
20210417,경원선,망월사,5120,5234,10354
20210417,경원선,회룡,8940,7947,16887
20210417,경원선,의정부,15853,16580,32433
20210417,경원선,가능,4600,4597,9197
20210417,경원선,녹양,3235,3100,6335
20210417,경원선,양주,5776,5565,11341
20210417,경원선,지행,4878,4842,9720
20210417,경원선,덕정,4005,3875,7880
20210417,경원선,동두천중앙,2364,2388,4752
20210417,경원선,보산,2097,1833,3930
20210417,경원선,동두천,1534,2136,3670
20210417,경원선,도봉산,8176,5563,13739
20210417,경원선,덕계,2099,1939,4038
20210417,경원선,도봉,4230,3969,8199
20210417,경원선,소요산,3531,2941,6472
20210417,경원선,녹천,3102,2698,5800
20210417,경원선,이촌,2792,2100,4892
20210417,경원선,서빙고,1225,1070,2295
20210417,경원선,한남,2642,2448,5090
20210417,경원선,옥수,34,30,64
20210417,경원선,응봉,1417,1350,2767
20210417,경원선,왕십리,10861,12512,23373
20210417,경원선,방학,6897,6840,13737
20210417,경원선,외대앞,5242,5231,10473
20210417,경원선,신이문,5905,5367,11272
20210417,경원선,석계,6260,6730,12990
20210417,경원선,광운대,5265,5063,10328
20210417,경원선,월계,4202,3887,8089
20210417,경원선,청량리,13897,15575,29472
20210418,경원선,방학,5683,5464,11147
20210418,경원선,녹천,2444,2124,4568
20210418,경원선,월계,3537,3390,6927
20210418,경원선,광운대,3895,4096,7991
20210418,경원선,석계,4637,5114,9751
20210418,경원선,신이문,4577,4303,8880
20210418,경원선,왕십리,7973,9324,17297
20210418,경원선,청량리,12765,12085,24850
20210418,경원선,응봉,1184,1256,2440
20210418,경원선,옥수,64,25,89
20210418,경원선,한남,1962,1973,3935
20210418,경원선,도봉,3367,3277,6644
20210418,경원선,이촌,2268,1724,3992
20210418,경원선,외대앞,4000,3901,7901
20210418,경원선,서빙고,1200,1187,2387
20210418,경원선,도봉산,9931,7158,17089
20210418,경원선,회룡,6865,5924,12789
20210418,경원선,망월사,4126,4422,8548
20210418,경원선,창동,1,0,1
20210418,경원선,소요산,4886,4124,9010
20210418,경원선,동두천,1374,2016,3390
20210418,경원선,동두천중앙,1970,1873,3843
20210418,경원선,지행,4009,4079,8088
20210418,경원선,보산,1326,1592,2918
20210418,경원선,덕계,1613,1496,3109
20210418,경원선,양주,4844,4827,9671
20210418,경원선,녹양,2543,2484,5027
20210418,경원선,가능,3821,3720,7541
20210418,경원선,의정부,12850,12873,25723
20210418,경원선,덕정,3203,3338,6541
20210419,경원선,신이문,8366,7818,16184
20210419,경원선,녹천,4710,3982,8692
20210419,경원선,월계,6414,6112,12526
20210419,경원선,광운대,9003,8650,17653
20210419,경원선,석계,7923,9197,17120
20210419,경원선,외대앞,6549,6550,13099
20210419,경원선,방학,9449,9297,18746
20210419,경원선,왕십리,12505,14214,26719
20210419,경원선,응봉,1897,1692,3589
20210419,경원선,옥수,49,25,74
20210419,경원선,서빙고,1791,1660,3451
20210419,경원선,이촌,3754,2951,6705
20210419,경원선,청량리,13128,13765,26893
20210419,경원선,도봉,6121,5809,11930
20210419,경원선,한남,4167,3956,8123
20210419,경원선,망월사,7620,7815,15435
20210419,경원선,소요산,3317,2674,5991
20210419,경원선,동두천,2153,2587,4740
20210419,경원선,보산,1425,1305,2730
20210419,경원선,동두천중앙,3159,2965,6124
20210419,경원선,지행,6066,6019,12085
20210419,경원선,덕정,5870,5753,11623
20210419,경원선,도봉산,8075,5363,13438
20210419,경원선,양주,7637,7052,14689
20210419,경원선,녹양,4603,4372,8975
20210419,경원선,가능,6450,6236,12686
20210419,경원선,의정부,16654,16787,33441
20210419,경원선,회룡,12344,10883,23227
20210419,경원선,덕계,3077,2826,5903
20210420,경원선,도봉,6150,5937,12087
20210420,경원선,방학,9676,9473,19149
20210420,경원선,월계,6307,6083,12390
20210420,경원선,광운대,9428,8863,18291
20210420,경원선,석계,8217,9157,17374
20210420,경원선,신이문,8531,8011,16542
20210420,경원선,옥수,60,46,106
20210420,경원선,응봉,1921,1701,3622
20210420,경원선,도봉산,8384,5433,13817
20210420,경원선,한남,4184,3861,8045
20210420,경원선,서빙고,1878,1720,3598
20210420,경원선,이촌,3867,2941,6808
20210420,경원선,외대앞,6393,6416,12809
20210420,경원선,망월사,7520,7686,15206
20210420,경원선,녹천,4832,4073,8905
20210420,경원선,의정부,17643,18136,35779
20210420,경원선,회룡,12689,12649,25338
20210420,경원선,왕십리,12946,14436,27382
20210420,경원선,청량리,13798,15061,28859
20210420,경원선,소요산,3402,2736,6138
20210420,경원선,동두천,2270,2768,5038
20210420,경원선,동두천중앙,3457,3366,6823
20210420,경원선,보산,1401,1315,2716
20210420,경원선,덕정,6131,5891,12022
20210420,경원선,덕계,3153,2873,6026
20210420,경원선,양주,7906,7426,15332
20210420,경원선,녹양,4711,4516,9227
20210420,경원선,가능,6612,6559,13171
20210420,경원선,지행,6220,6169,12389
20210421,경원선,신이문,8589,8001,16590
20210421,경원선,녹천,4766,4065,8831
20210421,경원선,월계,6355,6022,12377
20210421,경원선,광운대,9368,8831,18199
20210421,경원선,석계,8213,9395,17608
20210421,경원선,외대앞,6656,6737,13393
20210421,경원선,서빙고,1781,1649,3430
20210421,경원선,왕십리,13218,14563,27781
20210421,경원선,이촌,3892,2944,6836
20210421,경원선,응봉,1898,1646,3544
20210421,경원선,옥수,49,35,84
20210421,경원선,한남,4152,3857,8009
20210421,경원선,창동,1,0,1
20210421,경원선,청량리,13616,14544,28160
20210421,경원선,방학,9681,9537,19218
20210421,경원선,지행,6245,6203,12448
20210421,경원선,도봉산,8313,5517,13830
20210421,경원선,도봉,6265,6040,12305
20210421,경원선,동두천,2284,2674,4958
20210421,경원선,보산,1437,1333,2770
20210421,경원선,동두천중앙,3066,2980,6046
20210421,경원선,덕정,5823,5719,11542
20210421,경원선,덕계,3069,2849,5918
20210421,경원선,소요산,3447,2793,6240
20210421,경원선,녹양,4711,4533,9244
20210421,경원선,가능,6603,6392,12995
20210421,경원선,의정부,17611,18054,35665
20210421,경원선,회룡,12802,12849,25651
20210421,경원선,망월사,7491,7687,15178
20210421,경원선,양주,7740,7228,14968
20210422,경원선,녹천,4821,4066,8887
20210422,경원선,월계,6319,6058,12377
20210422,경원선,광운대,9029,8717,17746
20210422,경원선,석계,7996,9149,17145
20210422,경원선,신이문,8488,7871,16359
20210422,경원선,외대앞,6813,6823,13636
20210422,경원선,응봉,1867,1686,3553
20210422,경원선,왕십리,12866,14313,27179
20210422,경원선,옥수,57,28,85
20210422,경원선,한남,4197,3971,8168
20210422,경원선,서빙고,1901,1715,3616
20210422,경원선,방학,9470,9293,18763
20210422,경원선,청량리,13853,14654,28507
20210422,경원선,이촌,3843,2943,6786
20210422,경원선,도봉,6060,5919,11979
20210422,경원선,망월사,7474,7530,15004
20210422,경원선,소요산,3077,2627,5704
20210422,경원선,동두천,2121,2544,4665
20210422,경원선,보산,1450,1343,2793
20210422,경원선,동두천중앙,3110,2975,6085
20210422,경원선,지행,6177,6241,12418
20210422,경원선,덕정,5883,5703,11586
20210422,경원선,도봉산,8324,5485,13809
20210422,경원선,양주,7737,7188,14925
20210422,경원선,녹양,4614,4385,8999
20210422,경원선,가능,6571,6417,12988
20210422,경원선,의정부,17376,17891,35267
20210422,경원선,회룡,12517,12312,24829
20210422,경원선,덕계,3213,2824,6037
20210423,경원선,망월사,7425,7574,14999
20210423,경원선,회룡,12492,12581,25073
20210423,경원선,의정부,18372,19083,37455
20210423,경원선,가능,6618,6415,13033
20210423,경원선,녹양,4691,4410,9101
20210423,경원선,양주,7802,7254,15056
20210423,경원선,지행,6739,6700,13439
20210423,경원선,덕정,6098,5681,11779
20210423,경원선,동두천중앙,3132,3069,6201
20210423,경원선,보산,1766,1463,3229
20210423,경원선,동두천,2143,2510,4653
20210423,경원선,도봉산,7894,5043,12937
20210423,경원선,덕계,3027,2774,5801
20210423,경원선,도봉,6042,5795,11837
20210423,경원선,소요산,2932,2389,5321
20210423,경원선,창동,1,0,1
20210423,경원선,이촌,3971,3009,6980
20210423,경원선,서빙고,1927,1706,3633
20210423,경원선,한남,4314,4051,8365
20210423,경원선,옥수,68,33,101
20210423,경원선,응봉,1911,1572,3483
20210423,경원선,왕십리,14320,15821,30141
20210423,경원선,방학,9795,9453,19248
20210423,경원선,외대앞,7224,7058,14282
20210423,경원선,신이문,8572,7833,16405
20210423,경원선,석계,8201,9369,17570
20210423,경원선,광운대,8923,8297,17220
20210423,경원선,월계,6432,5970,12402
20210423,경원선,녹천,4667,3883,8550
20210423,경원선,청량리,15863,17290,33153
20210424,경원선,녹천,3218,2815,6033
20210424,경원선,월계,4602,4262,8864
20210424,경원선,광운대,5537,5386,10923
20210424,경원선,석계,6524,6883,13407
20210424,경원선,신이문,6028,5499,11527
20210424,경원선,외대앞,5538,5218,10756
20210424,경원선,응봉,1658,1572,3230
20210424,경원선,왕십리,11142,12795,23937
20210424,경원선,옥수,52,40,92
20210424,경원선,한남,2919,2718,5637
20210424,경원선,서빙고,1310,1142,2452
20210424,경원선,방학,7389,7127,14516
20210424,경원선,청량리,14493,16508,31001
20210424,경원선,이촌,3254,2312,5566
20210424,경원선,도봉,4327,4210,8537
20210424,경원선,망월사,5384,5563,10947
20210424,경원선,도봉산,9611,6704,16315
20210424,경원선,소요산,4526,3707,8233
20210424,경원선,동두천,1583,2414,3997
20210424,경원선,보산,1723,1580,3303
20210424,경원선,지행,5229,5126,10355
20210424,경원선,덕정,4207,3971,8178
20210424,경원선,동두천중앙,2461,2548,5009
20210424,경원선,양주,6207,6050,12257
20210424,경원선,녹양,3324,3172,6496
20210424,경원선,가능,5012,4776,9788
20210424,경원선,의정부,16337,17449,33786
20210424,경원선,회룡,9522,9400,18922
20210424,경원선,덕계,2134,1959,4093
20210425,경원선,외대앞,4167,4132,8299
20210425,경원선,월계,3873,3545,7418
20210425,경원선,광운대,3954,4072,8026
20210425,경원선,석계,4605,5028,9633
20210425,경원선,신이문,4451,4354,8805
20210425,경원선,청량리,12550,11832,24382
20210425,경원선,창동,1,0,1
20210425,경원선,응봉,1157,1146,2303
20210425,경원선,옥수,52,24,76
20210425,경원선,한남,1993,1969,3962
20210425,경원선,서빙고,1333,1305,2638
20210425,경원선,이촌,2583,1824,4407
20210425,경원선,녹천,2713,2341,5054
20210425,경원선,왕십리,7576,8574,16150
20210425,경원선,방학,5420,5327,10747
20210425,경원선,동두천,1390,1893,3283
20210425,경원선,도봉산,9837,7120,16957
20210425,경원선,소요산,4946,4153,9099
20210425,경원선,보산,1266,1413,2679
20210425,경원선,동두천중앙,2124,2208,4332
20210425,경원선,지행,4033,4030,8063
20210425,경원선,덕정,3237,3243,6480
20210425,경원선,덕계,1644,1560,3204
20210425,경원선,도봉,3497,3279,6776
20210425,경원선,녹양,2538,2505,5043
20210425,경원선,가능,3933,3734,7667
20210425,경원선,의정부,12580,12636,25216
20210425,경원선,회룡,6975,7131,14106
20210425,경원선,양주,4935,4804,9739
20210425,경원선,망월사,4589,4787,9376
20210426,경원선,월계,6530,6297,12827
20210426,경원선,석계,8033,9082,17115
20210426,경원선,신이문,8534,7919,16453
20210426,경원선,외대앞,6972,7031,14003
20210426,경원선,청량리,14119,14800,28919
20210426,경원선,왕십리,12911,14407,27318
20210426,경원선,한남,4051,3892,7943
20210426,경원선,옥수,56,42,98
20210426,경원선,녹천,4821,4097,8918
20210426,경원선,서빙고,1892,1654,3546
20210426,경원선,이촌,3824,2928,6752
20210426,경원선,창동,2,0,2
20210426,경원선,응봉,1915,1634,3549
20210426,경원선,방학,9715,9508,19223
20210426,경원선,광운대,9643,9275,18918
20210426,경원선,도봉산,8117,5279,13396
20210426,경원선,도봉,6207,5946,12153
20210426,경원선,동두천,2205,2697,4902
20210426,경원선,보산,1522,1350,2872
20210426,경원선,동두천중앙,3195,2993,6188
20210426,경원선,지행,6340,6286,12626
20210426,경원선,덕정,6092,5914,12006
20210426,경원선,덕계,3189,2779,5968
20210426,경원선,소요산,3152,2582,5734
20210426,경원선,녹양,4687,4447,9134
20210426,경원선,가능,6670,6411,13081
20210426,경원선,의정부,17611,17926,35537
20210426,경원선,회룡,12515,12587,25102
20210426,경원선,망월사,7570,7798,15368
20210426,경원선,양주,7823,7313,15136
20210427,경원선,회룡,12396,12472,24868
20210427,경원선,의정부,17832,18233,36065
20210427,경원선,가능,6665,6435,13100
20210427,경원선,녹양,4597,4463,9060
20210427,경원선,양주,7756,7197,14953
20210427,경원선,덕계,3143,2817,5960
20210427,경원선,동두천중앙,3082,2979,6061
20210427,경원선,지행,6366,6255,12621
20210427,경원선,보산,1468,1422,2890
20210427,경원선,동두천,2237,2615,4852
20210427,경원선,소요산,2878,2345,5223
20210427,경원선,망월사,7989,7955,15944
20210427,경원선,덕정,6110,6061,12171
20210427,경원선,도봉산,7983,5148,13131
20210427,경원선,옥수,45,31,76
20210427,경원선,방학,9559,9423,18982
20210427,경원선,도봉,6017,5791,11808
20210427,경원선,서빙고,1875,1663,3538
20210427,경원선,한남,4180,3924,8104
20210427,경원선,응봉,1899,1652,3551
20210427,경원선,왕십리,13105,14660,27765
20210427,경원선,청량리,12355,14359,26714
20210427,경원선,이촌,3836,2820,6656
20210427,경원선,신이문,8551,7873,16424
20210427,경원선,석계,8092,9231,17323
20210427,경원선,광운대,9206,8859,18065
20210427,경원선,월계,6740,6423,13163
20210427,경원선,녹천,4741,4041,8782
20210427,경원선,외대앞,7102,7091,14193
20210428,경원선,월계,6879,6479,13358
20210428,경원선,광운대,8987,8677,17664
20210428,경원선,석계,8070,9150,17220
20210428,경원선,신이문,8539,7922,16461
20210428,경원선,외대앞,7236,7191,14427
20210428,경원선,청량리,13742,14704,28446
20210428,경원선,옥수,76,35,111
20210428,경원선,응봉,1841,1618,3459
20210428,경원선,한남,4168,3890,8058
20210428,경원선,서빙고,1948,1707,3655
20210428,경원선,이촌,3871,2943,6814
20210428,경원선,녹천,4825,4027,8852
20210428,경원선,왕십리,13617,15237,28854
20210428,경원선,방학,9673,9476,19149
20210428,경원선,동두천중앙,3074,2994,6068
20210428,경원선,도봉산,8013,5210,13223
20210428,경원선,소요산,2705,2280,4985
20210428,경원선,동두천,2253,2567,4820
20210428,경원선,보산,1479,1390,2869
20210428,경원선,지행,6438,6358,12796
20210428,경원선,덕정,5954,5665,11619
20210428,경원선,덕계,3148,2869,6017
20210428,경원선,도봉,6155,5977,12132
20210428,경원선,녹양,4633,4455,9088
20210428,경원선,가능,6649,6400,13049
20210428,경원선,의정부,17610,18248,35858
20210428,경원선,회룡,12551,12606,25157
20210428,경원선,망월사,7933,8061,15994
20210428,경원선,양주,7730,7074,14804
20210429,경원선,도봉산,7800,4962,12762
20210429,경원선,망월사,7763,7889,15652
20210429,경원선,회룡,12393,12611,25004
20210429,경원선,의정부,17430,18060,35490
20210429,경원선,가능,6512,6262,12774
20210429,경원선,녹양,4611,4433,9044
20210429,경원선,덕정,5862,5867,11729
20210429,경원선,덕계,3378,2887,6265
20210429,경원선,지행,6391,6456,12847
20210429,경원선,동두천중앙,3062,2958,6020
20210429,경원선,보산,1520,1354,2874
20210429,경원선,도봉,6071,5890,11961
20210429,경원선,소요산,2652,2347,4999
20210429,경원선,양주,7719,7243,14962
20210429,경원선,동두천,2263,2652,4915
20210429,경원선,방학,9596,9337,18933
20210429,경원선,월계,6773,6297,13070
20210429,경원선,녹천,4797,4113,8910
20210429,경원선,창동,1,0,1
20210429,경원선,이촌,3805,2865,6670
20210429,경원선,서빙고,1882,1737,3619
20210429,경원선,옥수,65,36,101
20210429,경원선,응봉,1884,1710,3594
20210429,경원선,한남,4165,3864,8029
20210429,경원선,청량리,13982,14750,28732
20210429,경원선,외대앞,7292,7295,14587
20210429,경원선,신이문,8640,7907,16547
20210429,경원선,석계,8113,9121,17234
20210429,경원선,광운대,9021,8726,17747
20210429,경원선,왕십리,13833,15442,29275
20210430,경원선,녹양,4684,4368,9052
20210430,경원선,망월사,7631,7643,15274
20210430,경원선,회룡,12665,12536,25201
20210430,경원선,의정부,18520,19476,37996
20210430,경원선,가능,6475,6288,12763
20210430,경원선,양주,7880,7237,15117
20210430,경원선,도봉산,7428,4631,12059
20210430,경원선,덕정,6139,5528,11667
20210430,경원선,지행,6742,6534,13276
20210430,경원선,동두천중앙,3275,3300,6575
20210430,경원선,보산,1980,1574,3554
20210430,경원선,소요산,2530,2121,4651
20210430,경원선,덕계,3029,2731,5760
20210430,경원선,도봉,6009,5801,11810
20210430,경원선,동두천,2078,2424,4502
20210430,경원선,녹천,4798,4004,8802
20210430,경원선,방학,9757,9508,19265
20210430,경원선,이촌,3969,3008,6977
20210430,경원선,서빙고,1914,1682,3596
20210430,경원선,한남,4078,3909,7987
20210430,경원선,옥수,75,41,116
20210430,경원선,응봉,1937,1711,3648
20210430,경원선,창동,1,0,1
20210430,경원선,청량리,15780,17054,32834
20210430,경원선,외대앞,7659,7467,15126
20210430,경원선,신이문,8636,7941,16577
20210430,경원선,석계,8290,9259,17549
20210430,경원선,광운대,8957,8317,17274
20210430,경원선,월계,6687,6332,13019
20210430,경원선,왕십리,14632,16035,30667
20210501,경원선,회룡,8088,8098,16186
20210501,경원선,의정부,15558,16291,31849
20210501,경원선,가능,4462,4265,8727
20210501,경원선,녹양,2886,2853,5739
20210501,경원선,양주,5338,5183,10521
20210501,경원선,덕계,1776,1618,3394
20210501,경원선,동두천중앙,2123,2162,4285
20210501,경원선,지행,4672,4622,9294
20210501,경원선,보산,1803,1718,3521
20210501,경원선,동두천,1349,1715,3064
20210501,경원선,소요산,2796,2464,5260
20210501,경원선,망월사,4714,4830,9544
20210501,경원선,덕정,3485,3281,6766
20210501,경원선,도봉산,6844,4659,11503
20210501,경원선,한남,2433,2342,4775
20210501,경원선,방학,6203,6124,12327
20210501,경원선,서빙고,1085,989,2074
20210501,경원선,도봉,3758,3568,7326
20210501,경원선,옥수,26,38,64
20210501,경원선,응봉,1249,1067,2316
20210501,경원선,왕십리,10831,12175,23006
20210501,경원선,청량리,13618,15187,28805
20210501,경원선,이촌,2552,1829,4381
20210501,경원선,신이문,5520,5057,10577
20210501,경원선,석계,5729,6108,11837
20210501,경원선,광운대,5271,5048,10319
20210501,경원선,월계,3989,3721,7710
20210501,경원선,녹천,2993,2554,5547
20210501,경원선,외대앞,5265,5154,10419
20210502,경원선,회룡,7180,7173,14353
20210502,경원선,의정부,13017,13057,26074
20210502,경원선,가능,3751,3476,7227
20210502,경원선,녹양,2613,2475,5088
20210502,경원선,양주,4921,4898,9819
20210502,경원선,덕계,1630,1675,3305
20210502,경원선,동두천중앙,2031,1924,3955
20210502,경원선,지행,4173,4164,8337
20210502,경원선,보산,1314,1535,2849
20210502,경원선,동두천,1386,2013,3399
20210502,경원선,소요산,4670,3857,8527
20210502,경원선,망월사,4193,4339,8532
20210502,경원선,덕정,3327,3567,6894
20210502,경원선,도봉산,9595,6999,16594
20210502,경원선,도봉,3424,3168,6592
20210502,경원선,방학,5648,5511,11159
20210502,경원선,서빙고,1287,1242,2529
20210502,경원선,한남,1984,1904,3888
20210502,경원선,옥수,58,30,88
20210502,경원선,응봉,1283,1194,2477
20210502,경원선,왕십리,8606,10048,18654
20210502,경원선,청량리,13184,12667,25851
20210502,경원선,이촌,2483,1874,4357
20210502,경원선,신이문,4698,4388,9086
20210502,경원선,석계,4636,5085,9721
20210502,경원선,광운대,4192,4485,8677
20210502,경원선,월계,3573,3455,7028
20210502,경원선,녹천,2587,2248,4835
20210502,경원선,외대앞,4497,4509,9006
20210503,경원선,월계,6953,6513,13466
20210503,경원선,광운대,9254,9011,18265
20210503,경원선,석계,8210,9529,17739
20210503,경원선,신이문,8644,8035,16679
20210503,경원선,외대앞,7208,7396,14604
20210503,경원선,청량리,14637,15442,30079
20210503,경원선,옥수,52,45,97
20210503,경원선,응봉,1888,1625,3513
20210503,경원선,한남,4181,3934,8115
20210503,경원선,서빙고,1796,1734,3530
20210503,경원선,이촌,3793,2893,6686
20210503,경원선,녹천,4731,4034,8765
20210503,경원선,왕십리,13007,14722,27729
20210503,경원선,방학,9675,9462,19137
20210503,경원선,도봉,6157,5853,12010
20210503,경원선,도봉산,8420,5493,13913
20210503,경원선,동두천,2175,2681,4856
20210503,경원선,보산,1471,1338,2809
20210503,경원선,동두천중앙,3360,3183,6543
20210503,경원선,지행,6352,6257,12609
20210503,경원선,덕정,6124,5914,12038
20210503,경원선,덕계,3186,2865,6051
20210503,경원선,소요산,3289,2536,5825
20210503,경원선,녹양,4602,4449,9051
20210503,경원선,가능,6664,6456,13120
20210503,경원선,의정부,18002,18333,36335
20210503,경원선,회룡,12821,12817,25638
20210503,경원선,망월사,8013,8178,16191
20210503,경원선,양주,8070,7411,15481
20210504,경원선,월계,6598,6207,12805
20210504,경원선,광운대,8858,8510,17368
20210504,경원선,석계,7885,8950,16835
20210504,경원선,신이문,8210,7645,15855
20210504,경원선,외대앞,6859,6858,13717
20210504,경원선,청량리,13506,14643,28149
20210504,경원선,옥수,60,37,97
20210504,경원선,응봉,1657,1411,3068
20210504,경원선,한남,3999,3739,7738
20210504,경원선,서빙고,1782,1651,3433
20210504,경원선,이촌,3575,2729,6304
20210504,경원선,녹천,4534,3738,8272
20210504,경원선,왕십리,13400,14935,28335
20210504,경원선,방학,8974,8975,17949
20210504,경원선,소요산,1845,1471,3316
20210504,경원선,도봉산,6161,3671,9832
20210504,경원선,동두천,1992,2208,4200
20210504,경원선,보산,1291,1226,2517
20210504,경원선,동두천중앙,2817,2718,5535
20210504,경원선,지행,5829,5729,11558
20210504,경원선,덕정,5740,5453,11193
20210504,경원선,덕계,2927,2648,5575
20210504,경원선,도봉,5687,5528,11215
20210504,경원선,녹양,4263,4107,8370
20210504,경원선,가능,6108,5907,12015
20210504,경원선,의정부,16886,17757,34643
20210504,경원선,회룡,11620,11496,23116
20210504,경원선,망월사,7508,7494,15002
20210504,경원선,양주,7329,6788,14117
20210505,경원선,도봉산,8824,6372,15196
20210505,경원선,망월사,4913,5074,9987
20210505,경원선,회룡,8300,8354,16654
20210505,경원선,의정부,14119,14340,28459
20210505,경원선,가능,4277,4016,8293
20210505,경원선,녹양,3051,2985,6036
20210505,경원선,덕정,3572,3566,7138
20210505,경원선,덕계,1898,1742,3640
20210505,경원선,지행,4603,4476,9079
20210505,경원선,동두천중앙,2317,2306,4623
20210505,경원선,보산,1090,1074,2164
20210505,경원선,도봉,3847,3618,7465
20210505,경원선,소요산,3995,3365,7360
20210505,경원선,양주,5241,5108,10349
20210505,경원선,동두천,1508,2028,3536
20210505,경원선,방학,6528,6296,12824
20210505,경원선,월계,4392,4077,8469
20210505,경원선,녹천,2996,2616,5612
20210505,경원선,이촌,2736,1982,4718
20210505,경원선,서빙고,1129,1018,2147
20210505,경원선,한남,2422,2411,4833
20210505,경원선,옥수,50,29,79
20210505,경원선,응봉,1457,1422,2879
20210505,경원선,창동,1,0,1
20210505,경원선,청량리,12950,13907,26857
20210505,경원선,외대앞,5096,4890,9986
20210505,경원선,신이문,5500,5107,10607
20210505,경원선,석계,5597,6213,11810
20210505,경원선,광운대,5152,5103,10255
20210505,경원선,왕십리,9758,11022,20780
20210506,경원선,망월사,8204,8226,16430
20210506,경원선,회룡,12789,12769,25558
20210506,경원선,의정부,18469,19073,37542
20210506,경원선,가능,6732,6576,13308
20210506,경원선,녹양,4728,4457,9185
20210506,경원선,양주,8157,7377,15534
20210506,경원선,지행,6468,6664,13132
20210506,경원선,덕정,6039,5782,11821
20210506,경원선,동두천중앙,3203,3055,6258
20210506,경원선,보산,1486,1334,2820
20210506,경원선,동두천,2404,2780,5184
20210506,경원선,도봉산,8620,5564,14184
20210506,경원선,덕계,3181,2867,6048
20210506,경원선,소요산,3175,2633,5808
20210506,경원선,도봉,6211,5933,12144
20210506,경원선,녹천,4719,4052,8771
20210506,경원선,이촌,3890,2954,6844
20210506,경원선,서빙고,1994,1809,3803
20210506,경원선,한남,4258,3987,8245
20210506,경원선,옥수,54,44,98
20210506,경원선,응봉,1957,1705,3662
20210506,경원선,왕십리,13305,14803,28108
20210506,경원선,방학,9771,9668,19439
20210506,경원선,외대앞,7267,7265,14532
20210506,경원선,신이문,8542,7919,16461
20210506,경원선,석계,8197,9369,17566
20210506,경원선,광운대,9148,8864,18012
20210506,경원선,월계,6898,6432,13330
20210506,경원선,청량리,14759,15596,30355
20210507,경원선,회룡,12592,12821,25413
20210507,경원선,의정부,18288,19407,37695
20210507,경원선,가능,6469,6237,12706
20210507,경원선,녹양,4559,4478,9037
20210507,경원선,양주,7641,7162,14803
20210507,경원선,덕계,2915,2632,5547
20210507,경원선,동두천중앙,2954,2952,5906
20210507,경원선,지행,6596,6639,13235
20210507,경원선,보산,1842,1528,3370
20210507,경원선,동두천,2094,2322,4416
20210507,경원선,소요산,2331,1994,4325
20210507,경원선,망월사,7636,7650,15286
20210507,경원선,덕정,5965,5687,11652
20210507,경원선,도봉산,6987,4230,11217
20210507,경원선,방학,9567,9485,19052
20210507,경원선,녹천,4596,3771,8367
20210507,경원선,도봉,5863,5646,11509
20210507,경원선,이촌,3792,2883,6675
20210507,경원선,서빙고,1923,1750,3673
20210507,경원선,한남,4222,3966,8188
20210507,경원선,응봉,1898,1649,3547
20210507,경원선,왕십리,13974,15770,29744
20210507,경원선,옥수,68,49,117
20210507,경원선,외대앞,7537,7319,14856
20210507,경원선,신이문,8403,7778,16181
20210507,경원선,석계,8207,9180,17387
20210507,경원선,광운대,8819,8202,17021
20210507,경원선,월계,6650,6197,12847
20210507,경원선,청량리,15835,17299,33134
20210508,경원선,녹양,3107,3025,6132
20210508,경원선,망월사,4973,5090,10063
20210508,경원선,회룡,8173,8234,16407
20210508,경원선,의정부,15085,15705,30790
20210508,경원선,가능,4632,4490,9122
20210508,경원선,양주,5437,5590,11027
20210508,경원선,소요산,3308,2908,6216
20210508,경원선,덕정,3909,3780,7689
20210508,경원선,지행,4736,4923,9659
20210508,경원선,동두천중앙,2344,2452,4796
20210508,경원선,보산,1741,1631,3372
20210508,경원선,동두천,1417,1964,3381
20210508,경원선,도봉산,7245,4924,12169
20210508,경원선,덕계,1885,1789,3674
20210508,경원선,도봉,3808,3756,7564
20210508,경원선,이촌,2604,1951,4555
20210508,경원선,창동,3,0,3
20210508,경원선,방학,6692,6573,13265
20210508,경원선,서빙고,1171,1003,2174
20210508,경원선,한남,2592,2357,4949
20210508,경원선,옥수,33,38,71
20210508,경원선,왕십리,10013,11266,21279
20210508,경원선,청량리,13152,15098,28250
20210508,경원선,응봉,1204,1018,2222
20210508,경원선,신이문,5696,5309,11005
20210508,경원선,석계,5668,6098,11766
20210508,경원선,광운대,5274,5008,10282
20210508,경원선,월계,4283,3936,8219
20210508,경원선,녹천,3234,2676,5910
20210508,경원선,외대앞,5851,5616,11467
20210509,경원선,신이문,4608,4292,8900
20210509,경원선,녹천,2541,2274,4815
20210509,경원선,월계,3618,3314,6932
20210509,경원선,광운대,4144,4423,8567
20210509,경원선,석계,4625,5188,9813
20210509,경원선,외대앞,4344,4504,8848
20210509,경원선,이촌,2472,1799,4271
20210509,경원선,왕십리,8131,9508,17639
20210509,경원선,응봉,1235,1151,2386
20210509,경원선,옥수,91,31,122
20210509,경원선,한남,1957,1963,3920
20210509,경원선,서빙고,1316,1335,2651
20210509,경원선,창동,1,0,1
20210509,경원선,청량리,13153,11925,25078
20210509,경원선,방학,5535,5304,10839
20210509,경원선,소요산,4646,3770,8416
20210509,경원선,도봉산,9712,6962,16674
20210509,경원선,동두천,1372,1756,3128
20210509,경원선,보산,1261,1508,2769
20210509,경원선,동두천중앙,2155,1963,4118
20210509,경원선,지행,4319,4120,8439
20210509,경원선,덕정,3198,3362,6560
20210509,경원선,덕계,1693,1512,3205
20210509,경원선,도봉,3477,3233,6710
20210509,경원선,녹양,2788,2612,5400
20210509,경원선,가능,3946,3582,7528
20210509,경원선,의정부,12993,13233,26226
20210509,경원선,회룡,7253,7160,14413
20210509,경원선,망월사,4175,4396,8571
20210509,경원선,양주,4980,4642,9622
20210510,경원선,도봉산,6959,4146,11105
20210510,경원선,망월사,7679,7892,15571
20210510,경원선,회룡,12302,12206,24508
20210510,경원선,의정부,17409,17811,35220
20210510,경원선,가능,6530,6225,12755
20210510,경원선,녹양,4459,4332,8791
20210510,경원선,덕정,5631,5539,11170
20210510,경원선,덕계,3096,2743,5839
20210510,경원선,지행,6290,6279,12569
20210510,경원선,동두천중앙,3294,3044,6338
20210510,경원선,보산,1461,1318,2779
20210510,경원선,도봉,5886,5666,11552
20210510,경원선,소요산,2428,1977,4405
20210510,경원선,양주,7665,7012,14677
20210510,경원선,동두천,1853,2175,4028
20210510,경원선,방학,9466,9312,18778
20210510,경원선,녹천,4642,3956,8598
20210510,경원선,창동,1,0,1
20210510,경원선,이촌,3681,2867,6548
20210510,경원선,서빙고,1810,1648,3458
20210510,경원선,한남,4088,3954,8042
20210510,경원선,응봉,1767,1558,3325
20210510,경원선,왕십리,12947,14566,27513
20210510,경원선,옥수,41,32,73
20210510,경원선,외대앞,6858,7029,13887
20210510,경원선,신이문,8282,7802,16084
20210510,경원선,석계,7683,8951,16634
20210510,경원선,광운대,8732,8545,17277
20210510,경원선,월계,6752,6348,13100
20210510,경원선,청량리,13706,14136,27842
20210511,경원선,녹양,4796,4578,9374
20210511,경원선,망월사,8199,8264,16463
20210511,경원선,회룡,13064,13251,26315
20210511,경원선,의정부,18244,18853,37097
20210511,경원선,가능,6900,6609,13509
20210511,경원선,양주,8077,7543,15620
20210511,경원선,도봉산,8818,5831,14649
20210511,경원선,덕정,5944,5780,11724
20210511,경원선,지행,6502,6471,12973
20210511,경원선,동두천중앙,3227,3040,6267
20210511,경원선,보산,1468,1405,2873
20210511,경원선,소요산,3449,2768,6217
20210511,경원선,덕계,3171,2905,6076
20210511,경원선,도봉,6436,6159,12595
20210511,경원선,동두천,2210,2711,4921
20210511,경원선,녹천,4867,4126,8993
20210511,경원선,이촌,3964,2942,6906
20210511,경원선,서빙고,1978,1834,3812
20210511,경원선,한남,4190,3997,8187
20210511,경원선,옥수,55,33,88
20210511,경원선,응봉,1889,1735,3624
20210511,경원선,왕십리,13506,15043,28549
20210511,경원선,방학,9739,9619,19358
20210511,경원선,외대앞,7120,7178,14298
20210511,경원선,신이문,8625,8001,16626
20210511,경원선,석계,8190,9276,17466
20210511,경원선,광운대,9271,8960,18231
20210511,경원선,월계,7046,6612,13658
20210511,경원선,청량리,14224,14950,29174
20210512,경원선,녹천,4817,4028,8845
20210512,경원선,월계,7229,6799,14028
20210512,경원선,석계,8131,9312,17443
20210512,경원선,신이문,8658,8034,16692
20210512,경원선,외대앞,7242,7127,14369
20210512,경원선,청량리,14139,15116,29255
20210512,경원선,옥수,52,29,81
20210512,경원선,응봉,1937,1635,3572
20210512,경원선,방학,9859,9772,19631
20210512,경원선,한남,4295,3972,8267
20210512,경원선,서빙고,2057,1859,3916
20210512,경원선,이촌,3993,2996,6989
20210512,경원선,왕십리,13334,15194,28528
20210512,경원선,도봉,6296,6123,12419
20210512,경원선,광운대,9173,8856,18029
20210512,경원선,망월사,8078,8220,16298
20210512,경원선,도봉산,8557,5568,14125
20210512,경원선,소요산,3186,2682,5868
20210512,경원선,동두천,2229,2602,4831
20210512,경원선,보산,1450,1407,2857
20210512,경원선,동두천중앙,3202,3105,6307
20210512,경원선,덕정,5976,5723,11699
20210512,경원선,지행,6480,6383,12863
20210512,경원선,양주,7980,7441,15421
20210512,경원선,녹양,4795,4547,9342
20210512,경원선,가능,6768,6513,13281
20210512,경원선,의정부,17856,18343,36199
20210512,경원선,회룡,12992,13008,26000
20210512,경원선,덕계,3188,2910,6098
20210513,경원선,녹양,4829,4603,9432
20210513,경원선,망월사,8095,8197,16292
20210513,경원선,회룡,12866,12860,25726
20210513,경원선,의정부,18079,18676,36755
20210513,경원선,가능,6847,6665,13512
20210513,경원선,양주,8019,7451,15470
20210513,경원선,동두천,2274,2645,4919
20210513,경원선,덕정,5985,5930,11915
20210513,경원선,소요산,3277,2835,6112
20210513,경원선,지행,6503,6542,13045
20210513,경원선,동두천중앙,3162,3103,6265
20210513,경원선,보산,1639,1448,3087
20210513,경원선,도봉산,8478,5556,14034
20210513,경원선,덕계,3238,2908,6146
20210513,경원선,도봉,6299,5979,12278
20210513,경원선,응봉,1966,1654,3620
20210513,경원선,창동,1,0,1
20210513,경원선,방학,9753,9546,19299
20210513,경원선,서빙고,1908,1753,3661
20210513,경원선,한남,4388,4075,8463
20210513,경원선,옥수,48,42,90
20210513,경원선,왕십리,13708,15395,29103
20210513,경원선,청량리,14259,15132,29391
20210513,경원선,이촌,3964,2897,6861
20210513,경원선,신이문,8656,8037,16693
20210513,경원선,석계,8222,9388,17610
20210513,경원선,광운대,9039,8682,17721
20210513,경원선,월계,7085,6660,13745
20210513,경원선,녹천,4875,4113,8988
20210513,경원선,외대앞,7257,7212,14469
20210514,경원선,망월사,8076,8112,16188
20210514,경원선,회룡,13087,13098,26185
20210514,경원선,의정부,19296,20258,39554
20210514,경원선,가능,7003,6776,13779
20210514,경원선,녹양,4892,4623,9515
20210514,경원선,양주,8370,7630,16000
20210514,경원선,지행,6973,6910,13883
20210514,경원선,덕정,6077,5700,11777
20210514,경원선,동두천중앙,3222,3113,6335
20210514,경원선,보산,1913,1586,3499
20210514,경원선,동두천,2247,2483,4730
20210514,경원선,도봉산,8485,5460,13945
20210514,경원선,덕계,3215,2863,6078
20210514,경원선,소요산,3316,2731,6047
20210514,경원선,방학,9893,9744,19637
20210514,경원선,녹천,4863,4058,8921
20210514,경원선,이촌,4240,3178,7418
20210514,경원선,서빙고,2104,1894,3998
20210514,경원선,한남,4298,3977,8275
20210514,경원선,옥수,70,44,114
20210514,경원선,응봉,1958,1671,3629
20210514,경원선,왕십리,14697,16384,31081
20210514,경원선,도봉,6329,6063,12392
20210514,경원선,외대앞,7865,7607,15472
20210514,경원선,신이문,8833,8176,17009
20210514,경원선,석계,8688,9668,18356
20210514,경원선,광운대,8995,8528,17523
20210514,경원선,월계,7021,6626,13647
20210514,경원선,청량리,16442,17781,34223
20210515,경원선,망월사,5317,5447,10764
20210515,경원선,회룡,9219,9184,18403
20210515,경원선,의정부,16230,17001,33231
20210515,경원선,가능,4815,4624,9439
20210515,경원선,녹양,3246,3179,6425
20210515,경원선,양주,6009,5620,11629
20210515,경원선,지행,5119,5059,10178
20210515,경원선,덕정,4148,3930,8078
20210515,경원선,동두천중앙,2490,2536,5026
20210515,경원선,보산,1617,1613,3230
20210515,경원선,동두천,1471,1893,3364
20210515,경원선,도봉산,7750,5210,12960
20210515,경원선,덕계,2206,2025,4231
20210515,경원선,도봉,4199,4099,8298
20210515,경원선,소요산,3471,2891,6362
20210515,경원선,녹천,3171,2760,5931
20210515,경원선,이촌,2678,1967,4645
20210515,경원선,서빙고,1223,1105,2328
20210515,경원선,한남,2658,2483,5141
20210515,경원선,옥수,30,31,61
20210515,경원선,응봉,1490,1430,2920
20210515,경원선,왕십리,11414,13171,24585
20210515,경원선,방학,6976,6760,13736
20210515,경원선,외대앞,5594,5482,11076
20210515,경원선,신이문,5738,5364,11102
20210515,경원선,석계,6168,6647,12815
20210515,경원선,광운대,5614,5428,11042
20210515,경원선,월계,4832,4433,9265
20210515,경원선,청량리,14556,15903,30459
20210516,경원선,망월사,3662,3668,7330
20210516,경원선,회룡,5334,5225,10559
20210516,경원선,의정부,10353,10410,20763
20210516,경원선,가능,2948,2847,5795
20210516,경원선,녹양,1971,1936,3907
20210516,경원선,양주,3536,3512,7048
20210516,경원선,지행,3062,3078,6140
20210516,경원선,덕정,2372,2572,4944
20210516,경원선,동두천중앙,1412,1397,2809
20210516,경원선,보산,949,1115,2064
20210516,경원선,동두천,934,1161,2095
20210516,경원선,도봉산,3880,2681,6561
20210516,경원선,덕계,1221,1158,2379
20210516,경원선,소요산,1832,1496,3328
20210516,경원선,도봉,2553,2450,5003
20210516,경원선,녹천,2022,1693,3715
20210516,경원선,방학,4360,4321,8681
20210516,경원선,이촌,1576,1280,2856
20210516,경원선,서빙고,1076,1075,2151
20210516,경원선,한남,1461,1457,2918
20210516,경원선,응봉,702,689,1391
20210516,경원선,왕십리,7505,8650,16155
20210516,경원선,옥수,45,20,65
20210516,경원선,외대앞,3950,3868,7818
20210516,경원선,신이문,3746,3526,7272
20210516,경원선,석계,3559,3997,7556
20210516,경원선,광운대,3536,3588,7124
20210516,경원선,월계,2680,2626,5306
20210516,경원선,청량리,11216,10154,21370
20210517,경원선,소요산,2240,1708,3948
20210517,경원선,옥수,51,38,89
20210517,경원선,한남,3995,3907,7902
20210517,경원선,서빙고,1796,1634,3430
20210517,경원선,이촌,3649,2766,6415
20210517,경원선,동두천,2112,2283,4395
20210517,경원선,응봉,1776,1490,3266
20210517,경원선,동두천중앙,3067,2916,5983
20210517,경원선,지행,6142,6072,12214
20210517,경원선,창동,2,0,2
20210517,경원선,덕계,2980,2729,5709
20210517,경원선,양주,7423,6886,14309
20210517,경원선,보산,1468,1346,2814
20210517,경원선,왕십리,12562,14320,26882
20210517,경원선,덕정,5482,5316,10798
20210517,경원선,외대앞,6846,6989,13835
20210517,경원선,녹양,4635,4364,8999
20210517,경원선,가능,6303,6108,12411
20210517,경원선,의정부,16550,16765,33315
20210517,경원선,회룡,12135,12053,24188
20210517,경원선,망월사,7749,7897,15646
20210517,경원선,도봉산,6631,3989,10620
20210517,경원선,청량리,13141,14168,27309
20210517,경원선,방학,9231,9125,18356
20210517,경원선,녹천,4566,3821,8387
20210517,경원선,월계,6567,6205,12772
20210517,경원선,광운대,8908,8639,17547
20210517,경원선,석계,7595,8827,16422
20210517,경원선,신이문,8265,7580,15845
20210517,경원선,도봉,5888,5644,11532
20210518,경원선,월계,7017,6559,13576
20210518,경원선,광운대,9486,9082,18568
20210518,경원선,석계,8556,9556,18112
20210518,경원선,신이문,8778,8105,16883
20210518,경원선,외대앞,7351,7440,14791
20210518,경원선,청량리,15163,16650,31813
20210518,경원선,옥수,59,41,100
20210518,경원선,응봉,1971,1656,3627
20210518,경원선,한남,4413,4219,8632
20210518,경원선,서빙고,1941,1844,3785
20210518,경원선,이촌,4097,3144,7241
20210518,경원선,녹천,4878,3995,8873
20210518,경원선,왕십리,14288,16181,30469
20210518,경원선,방학,10006,9732,19738
20210518,경원선,도봉산,8842,5815,14657
20210518,경원선,소요산,3211,2727,5938
20210518,경원선,도봉,6378,6338,12716
20210518,경원선,동두천,2355,2731,5086
20210518,경원선,보산,1519,1456,2975
20210518,경원선,동두천중앙,3282,3175,6457
20210518,경원선,덕정,5892,5558,11450
20210518,경원선,덕계,3201,2918,6119
20210518,경원선,지행,6755,6641,13396
20210518,경원선,녹양,4794,4549,9343
20210518,경원선,가능,6817,6553,13370
20210518,경원선,의정부,18753,19892,38645
20210518,경원선,회룡,13320,13099,26419
20210518,경원선,망월사,8435,8452,16887
20210518,경원선,양주,8317,7599,15916
20210519,경원선,신이문,5913,5477,11390
20210519,경원선,녹천,3075,2783,5858
20210519,경원선,월계,4623,4179,8802
20210519,경원선,광운대,5427,5400,10827
20210519,경원선,석계,6121,6608,12729
20210519,경원선,외대앞,5458,5288,10746
20210519,경원선,방학,6908,6708,13616
20210519,경원선,왕십리,10475,11814,22289
20210519,경원선,응봉,1418,1328,2746
20210519,경원선,옥수,56,36,92
20210519,경원선,한남,2646,2565,5211
20210519,경원선,서빙고,1179,1026,2205
20210519,경원선,청량리,13476,13922,27398
20210519,경원선,도봉,4340,4112,8452
20210519,경원선,이촌,2917,2037,4954
20210519,경원선,회룡,9223,9150,18373
20210519,경원선,도봉산,11877,8713,20590
20210519,경원선,소요산,5300,4583,9883
20210519,경원선,동두천,1576,2074,3650
20210519,경원선,보산,1300,1282,2582
20210519,경원선,동두천중앙,2321,2381,4702
20210519,경원선,지행,4938,4927,9865
20210519,경원선,망월사,5783,6055,11838
20210519,경원선,덕계,2101,1989,4090
20210519,경원선,양주,5994,5901,11895
20210519,경원선,녹양,3274,3101,6375
20210519,경원선,가능,4694,4467,9161
20210519,경원선,의정부,15008,15528,30536
20210519,경원선,덕정,3930,3915,7845
20210520,경원선,소요산,2218,1969,4187
20210520,경원선,동두천,2220,2371,4591
20210520,경원선,보산,1508,1386,2894
20210520,경원선,동두천중앙,3163,3130,6293
20210520,경원선,지행,6182,6207,12389
20210520,경원선,덕정,5658,5523,11181
20210520,경원선,녹양,4549,4441,8990
20210520,경원선,양주,7642,6995,14637
20210520,경원선,가능,6550,6328,12878
20210520,경원선,의정부,17435,17680,35115
20210520,경원선,회룡,12301,12129,24430
20210520,경원선,도봉,5911,5729,11640
20210520,경원선,덕계,3008,2702,5710
20210520,경원선,망월사,7633,7721,15354
20210520,경원선,이촌,3710,2836,6546
20210520,경원선,서빙고,1888,1727,3615
20210520,경원선,방학,9402,9196,18598
20210520,경원선,녹천,4686,4035,8721
20210520,경원선,도봉산,6946,4240,11186
20210520,경원선,월계,6874,6410,13284
20210520,경원선,석계,8037,9132,17169
20210520,경원선,신이문,8431,7916,16347
20210520,경원선,광운대,7931,7628,15559
20210520,경원선,청량리,14107,14521,28628
20210520,경원선,왕십리,12997,14525,27522
20210520,경원선,응봉,1762,1552,3314
20210520,경원선,옥수,44,47,91
20210520,경원선,한남,4233,4013,8246
20210520,경원선,외대앞,6943,7061,14004
20210521,경원선,신이문,8638,7806,16444
20210521,경원선,녹천,4650,3942,8592
20210521,경원선,월계,7013,6389,13402
20210521,경원선,광운대,8715,8262,16977
20210521,경원선,석계,8286,9439,17725
20210521,경원선,외대앞,7529,7466,14995
20210521,경원선,이촌,4016,3072,7088
20210521,경원선,왕십리,14167,15940,30107
20210521,경원선,응봉,1897,1624,3521
20210521,경원선,옥수,62,23,85
20210521,경원선,한남,4296,3972,8268
20210521,경원선,서빙고,1902,1750,3652
20210521,경원선,창동,1,0,1
20210521,경원선,청량리,15815,16944,32759
20210521,경원선,방학,9797,9657,19454
20210521,경원선,소요산,2591,2349,4940
20210521,경원선,도봉산,7371,4581,11952
20210521,경원선,도봉,6107,5797,11904
20210521,경원선,동두천,2154,2317,4471
20210521,경원선,보산,1830,1473,3303
20210521,경원선,동두천중앙,3160,3105,6265
20210521,경원선,덕정,5795,5495,11290
20210521,경원선,덕계,3030,2737,5767
20210521,경원선,지행,6698,6661,13359
20210521,경원선,녹양,4708,4477,9185
20210521,경원선,가능,6560,6353,12913
20210521,경원선,의정부,18674,19618,38292
20210521,경원선,회룡,12668,12784,25452
20210521,경원선,망월사,7805,7916,15721
20210521,경원선,양주,7949,7316,15265
20210522,경원선,신이문,6200,5681,11881
20210522,경원선,녹천,3480,2833,6313
20210522,경원선,월계,4827,4411,9238
20210522,경원선,광운대,5876,5837,11713
20210522,경원선,석계,6733,7208,13941
20210522,경원선,외대앞,6427,6125,12552
20210522,경원선,방학,7462,7156,14618
20210522,경원선,왕십리,12008,13519,25527
20210522,경원선,응봉,1552,1341,2893
20210522,경원선,옥수,38,29,67
20210522,경원선,한남,2948,2752,5700
20210522,경원선,서빙고,1426,1316,2742
20210522,경원선,청량리,15426,16939,32365
20210522,경원선,도봉,4623,4373,8996
20210522,경원선,이촌,3542,2380,5922
20210522,경원선,망월사,5644,5830,11474
20210522,경원선,소요산,4654,4078,8732
20210522,경원선,동두천,1641,2121,3762
20210522,경원선,보산,1823,1696,3519
20210522,경원선,동두천중앙,2492,2516,5008
20210522,경원선,지행,5407,5382,10789
20210522,경원선,덕정,4576,4313,8889
20210522,경원선,도봉산,10485,7485,17970
20210522,경원선,양주,6440,6293,12733
20210522,경원선,녹양,3535,3360,6895
20210522,경원선,가능,5266,4932,10198
20210522,경원선,의정부,16808,17888,34696
20210522,경원선,회룡,9776,9673,19449
20210522,경원선,덕계,2331,2054,4385
20210523,경원선,망월사,4267,4488,8755
20210523,경원선,회룡,7379,7342,14721
20210523,경원선,가능,3891,3746,7637
20210523,경원선,녹양,2714,2573,5287
20210523,경원선,양주,5091,4929,10020
20210523,경원선,덕계,1670,1656,3326
20210523,경원선,동두천중앙,2034,1961,3995
20210523,경원선,지행,4153,4128,8281
20210523,경원선,도봉산,10053,7244,17297
20210523,경원선,보산,1247,1438,2685
20210523,경원선,동두천,1370,1823,3193
20210523,경원선,소요산,4732,4052,8784
20210523,경원선,덕정,3323,3479,6802
20210523,경원선,도봉,3524,3255,6779
20210523,경원선,의정부,12833,13023,25856
20210523,경원선,녹천,2512,2244,4756
20210523,경원선,방학,5599,5362,10961
20210523,경원선,서빙고,1315,1325,2640
20210523,경원선,한남,2000,1917,3917
20210523,경원선,옥수,47,42,89
20210523,경원선,응봉,1130,1062,2192
20210523,경원선,왕십리,7953,9056,17009
20210523,경원선,이촌,2400,1726,4126
20210523,경원선,외대앞,4583,4527,9110
20210523,경원선,신이문,4681,4319,9000
20210523,경원선,석계,4645,5242,9887
20210523,경원선,광운대,4259,4274,8533
20210523,경원선,월계,3577,3268,6845
20210523,경원선,청량리,12922,12055,24977
20210524,경원선,회룡,12567,12484,25051
20210524,경원선,의정부,17939,18214,36153
20210524,경원선,가능,6645,6379,13024
20210524,경원선,녹양,4640,4482,9122
20210524,경원선,양주,7833,7242,15075
20210524,경원선,덕계,3141,2863,6004
20210524,경원선,지행,6365,6456,12821
20210524,경원선,소요산,2901,2468,5369
20210524,경원선,동두천중앙,3275,3031,6306
20210524,경원선,보산,1524,1393,2917
20210524,경원선,동두천,2067,2472,4539
20210524,경원선,망월사,7791,8050,15841
20210524,경원선,덕정,6013,5789,11802
20210524,경원선,도봉산,8054,5149,13203
20210524,경원선,응봉,1848,1616,3464
20210524,경원선,방학,9688,9593,19281
20210524,경원선,도봉,6171,5908,12079
20210524,경원선,서빙고,1836,1734,3570
20210524,경원선,한남,4138,3997,8135
20210524,경원선,옥수,54,44,98
20210524,경원선,왕십리,13233,15016,28249
20210524,경원선,청량리,13754,14427,28181
20210524,경원선,이촌,3799,2994,6793
20210524,경원선,신이문,8573,8003,16576
20210524,경원선,석계,8112,9309,17421
20210524,경원선,광운대,8875,8675,17550
20210524,경원선,월계,6981,6513,13494
20210524,경원선,녹천,4803,4063,8866
20210524,경원선,외대앞,6931,7024,13955
20210525,경원선,도봉산,7106,4539,11645
20210525,경원선,망월사,7812,7865,15677
20210525,경원선,회룡,12309,12315,24624
20210525,경원선,의정부,17473,17899,35372
20210525,경원선,가능,6676,6336,13012
20210525,경원선,녹양,4572,4414,8986
20210525,경원선,덕정,5639,5582,11221
20210525,경원선,덕계,2981,2742,5723
20210525,경원선,지행,6112,6088,12200
20210525,경원선,동두천중앙,3201,3145,6346
20210525,경원선,보산,1371,1257,2628
20210525,경원선,소요산,2308,1983,4291
20210525,경원선,도봉,6120,5839,11959
20210525,경원선,양주,7649,6953,14602
20210525,경원선,동두천,2135,2358,4493
20210525,경원선,방학,9608,9411,19019
20210525,경원선,녹천,4759,3967,8726
20210525,경원선,이촌,3761,2885,6646
20210525,경원선,서빙고,1879,1780,3659
20210525,경원선,한남,4207,3919,8126
20210525,경원선,옥수,55,34,89
20210525,경원선,응봉,1818,1595,3413
20210525,경원선,왕십리,13378,14975,28353
20210525,경원선,창동,1,0,1
20210525,경원선,외대앞,6931,6904,13835
20210525,경원선,신이문,8650,7980,16630
20210525,경원선,석계,7925,9303,17228
20210525,경원선,광운대,9068,8813,17881
20210525,경원선,월계,6856,6479,13335
20210525,경원선,청량리,13717,14632,28349
20210526,경원선,망월사,7901,8114,16015
20210526,경원선,회룡,12835,12767,25602
20210526,경원선,의정부,18098,18500,36598
20210526,경원선,가능,6842,6645,13487
20210526,경원선,녹양,4785,4601,9386
20210526,경원선,양주,7985,7429,15414
20210526,경원선,지행,6463,6510,12973
20210526,경원선,덕정,5946,5784,11730
20210526,경원선,동두천중앙,3265,3086,6351
20210526,경원선,보산,1449,1331,2780
20210526,경원선,동두천,2292,2577,4869
20210526,경원선,도봉산,8419,5719,14138
20210526,경원선,덕계,3084,2859,5943
20210526,경원선,도봉,6309,6176,12485
20210526,경원선,소요산,3126,2546,5672
20210526,경원선,녹천,4921,4193,9114
20210526,경원선,이촌,3955,3038,6993
20210526,경원선,서빙고,1966,1763,3729
20210526,경원선,한남,4163,3997,8160
20210526,경원선,옥수,64,37,101
20210526,경원선,응봉,1923,1705,3628
20210526,경원선,왕십리,13902,15497,29399
20210526,경원선,방학,9949,9684,19633
20210526,경원선,외대앞,7298,7373,14671
20210526,경원선,신이문,8721,8253,16974
20210526,경원선,석계,8247,9452,17699
20210526,경원선,광운대,8935,8530,17465
20210526,경원선,월계,7287,6861,14148
20210526,경원선,청량리,14109,15186,29295
20210527,경원선,망월사,7531,7692,15223
20210527,경원선,회룡,11664,11736,23400
20210527,경원선,의정부,17040,17432,34472
20210527,경원선,가능,6327,6127,12454
20210527,경원선,녹양,4400,4170,8570
20210527,경원선,양주,7166,6684,13850
20210527,경원선,지행,6093,6062,12155
20210527,경원선,덕정,5504,5544,11048
20210527,경원선,동두천중앙,2861,2819,5680
20210527,경원선,보산,1714,1378,3092
20210527,경원선,동두천,2129,2279,4408
20210527,경원선,도봉산,6294,3832,10126
20210527,경원선,덕계,3047,2713,5760
20210527,경원선,소요산,1875,1528,3403
20210527,경원선,도봉,5982,5766,11748
20210527,경원선,녹천,4553,3874,8427
20210527,경원선,방학,9264,9159,18423
20210527,경원선,이촌,3730,2825,6555
20210527,경원선,서빙고,1886,1785,3671
20210527,경원선,한남,4149,3925,8074
20210527,경원선,응봉,1792,1554,3346
20210527,경원선,왕십리,13004,14672,27676
20210527,경원선,옥수,57,35,92
20210527,경원선,외대앞,6926,6886,13812
20210527,경원선,신이문,8409,7788,16197
20210527,경원선,석계,7682,8818,16500
20210527,경원선,광운대,8659,8177,16836
20210527,경원선,월계,6729,6397,13126
20210527,경원선,청량리,13143,13613,26756
20210528,경원선,신이문,8426,7725,16151
20210528,경원선,녹천,4622,3848,8470
20210528,경원선,월계,6597,6213,12810
20210528,경원선,광운대,8547,7851,16398
20210528,경원선,석계,7932,9110,17042
20210528,경원선,외대앞,7273,7136,14409
20210528,경원선,방학,9448,9145,18593
20210528,경원선,왕십리,14076,15749,29825
20210528,경원선,응봉,1850,1532,3382
20210528,경원선,옥수,63,27,90
20210528,경원선,한남,4138,3805,7943
20210528,경원선,이촌,3750,2935,6685
20210528,경원선,청량리,15186,16103,31289
20210528,경원선,도봉,5863,5590,11453
20210528,경원선,서빙고,1867,1718,3585
20210528,경원선,망월사,7589,7638,15227
20210528,경원선,소요산,1976,1780,3756
20210528,경원선,동두천,1998,2201,4199
20210528,경원선,보산,1958,1573,3531
20210528,경원선,동두천중앙,3011,2956,5967
20210528,경원선,지행,6403,6297,12700
20210528,경원선,덕정,5533,5147,10680
20210528,경원선,도봉산,6687,4043,10730
20210528,경원선,양주,7529,6956,14485
20210528,경원선,녹양,4468,4250,8718
20210528,경원선,가능,6324,6173,12497
20210528,경원선,의정부,17947,18994,36941
20210528,경원선,회룡,12005,12069,24074
20210528,경원선,덕계,2869,2555,5424
20210529,경원선,망월사,5518,5630,11148
20210529,경원선,회룡,9310,9390,18700
20210529,경원선,가능,4751,4607,9358
20210529,경원선,녹양,3347,3251,6598
20210529,경원선,양주,6105,5860,11965
20210529,경원선,덕계,2107,1940,4047
20210529,경원선,동두천중앙,2361,2362,4723
20210529,경원선,지행,5175,4974,10149
20210529,경원선,도봉산,8908,6155,15063
20210529,경원선,보산,1693,1604,3297
20210529,경원선,동두천,1564,2063,3627
20210529,경원선,소요산,3882,3232,7114
20210529,경원선,덕정,4184,4058,8242
20210529,경원선,도봉,4239,3996,8235
20210529,경원선,의정부,16038,16706,32744
20210529,경원선,녹천,3070,2633,5703
20210529,경원선,방학,7009,6986,13995
20210529,경원선,이촌,2921,2166,5087
20210529,경원선,서빙고,1291,1161,2452
20210529,경원선,한남,2761,2731,5492
20210529,경원선,옥수,37,48,85
20210529,경원선,응봉,1556,1387,2943
20210529,경원선,석계,6334,6718,13052
20210529,경원선,청량리,14845,16429,31274
20210529,경원선,외대앞,6150,6009,12159
20210529,경원선,신이문,5947,5429,11376
20210529,경원선,광운대,5612,5420,11032
20210529,경원선,월계,4448,4079,8527
20210529,경원선,왕십리,11634,13224,24858
20210530,경원선,월계,3598,3461,7059
20210530,경원선,광운대,4177,4334,8511
20210530,경원선,석계,4658,5259,9917
20210530,경원선,신이문,4574,4348,8922
20210530,경원선,외대앞,5133,5048,10181
20210530,경원선,청량리,13391,12456,25847
20210530,경원선,옥수,61,25,86
20210530,경원선,응봉,1170,1099,2269
20210530,경원선,한남,2143,2115,4258
20210530,경원선,서빙고,1250,1300,2550
20210530,경원선,이촌,2275,1778,4053
20210530,경원선,녹천,2748,2434,5182
20210530,경원선,왕십리,8723,10076,18799
20210530,경원선,방학,5752,5545,11297
20210530,경원선,동두천중앙,2164,2122,4286
20210530,경원선,도봉산,9667,7138,16805
20210530,경원선,도봉,3576,3286,6862
20210530,경원선,동두천,1349,1734,3083
20210530,경원선,보산,1454,1513,2967
20210530,경원선,지행,4203,3993,8196
20210530,경원선,덕정,3097,3246,6343
20210530,경원선,덕계,1611,1543,3154
20210530,경원선,소요산,4596,3993,8589
20210530,경원선,녹양,2628,2652,5280
20210530,경원선,가능,3910,3810,7720
20210530,경원선,의정부,12976,13022,25998
20210530,경원선,회룡,7104,7145,14249
20210530,경원선,망월사,4240,4433,8673
20210530,경원선,양주,4849,4799,9648
20210531,경원선,월계,6769,6342,13111
20210531,경원선,도봉,6029,5723,11752
20210531,경원선,석계,7967,9101,17068
20210531,경원선,신이문,8441,7805,16246
20210531,경원선,외대앞,6924,6992,13916
20210531,경원선,청량리,13641,14440,28081
20210531,경원선,옥수,42,49,91
20210531,경원선,응봉,1753,1523,3276
20210531,경원선,한남,4055,3941,7996
20210531,경원선,서빙고,1819,1670,3489
20210531,경원선,이촌,3696,2829,6525
20210531,경원선,녹천,4805,4006,8811
20210531,경원선,왕십리,12914,14550,27464
20210531,경원선,창동,1,0,1
20210531,경원선,광운대,8670,8422,17092
20210531,경원선,도봉산,7363,4668,12031
20210531,경원선,소요산,2589,2197,4786
20210531,경원선,동두천,2062,2369,4431
20210531,경원선,보산,1636,2002,3638
20210531,경원선,동두천중앙,3128,2940,6068
20210531,경원선,지행,6277,6334,12611
20210531,경원선,덕정,6010,5975,11985
20210531,경원선,방학,9424,9199,18623
20210531,경원선,양주,7598,6983,14581
20210531,경원선,녹양,4573,4250,8823
20210531,경원선,가능,6353,6173,12526
20210531,경원선,의정부,17397,17860,35257
20210531,경원선,회룡,12251,12158,24409
20210531,경원선,망월사,7496,7647,15143
20210531,경원선,덕계,3202,2906,6108
20210601,경원선,망월사,7589,7665,15254
20210601,경원선,회룡,12563,12361,24924
20210601,경원선,의정부,17416,17874,35290
20210601,경원선,가능,6506,6212,12718
20210601,경원선,녹양,4522,4437,8959
20210601,경원선,양주,7609,7013,14622
20210601,경원선,지행,6121,6234,12355
20210601,경원선,덕정,6188,5926,12114
20210601,경원선,도봉산,7561,4679,12240
20210601,경원선,동두천중앙,3026,2919,5945
20210601,경원선,보산,1411,1262,2673
20210601,경원선,동두천,2103,2312,4415
20210601,경원선,덕계,3172,2880,6052
20210601,경원선,도봉,5982,5756,11738
20210601,경원선,소요산,2499,2097,4596
20210601,경원선,녹천,4794,4034,8828
20210601,경원선,이촌,3778,2856,6634
20210601,경원선,서빙고,1947,1776,3723
20210601,경원선,한남,4195,3940,8135
20210601,경원선,옥수,55,42,97
20210601,경원선,응봉,1818,1489,3307
20210601,경원선,왕십리,13060,14538,27598
20210601,경원선,방학,9303,9309,18612
20210601,경원선,외대앞,6903,6817,13720
20210601,경원선,신이문,8371,7778,16149
20210601,경원선,석계,7824,8967,16791
20210601,경원선,광운대,8962,8551,17513
20210601,경원선,월계,6828,6580,13408
20210601,경원선,청량리,13472,14369,27841
20210602,경원선,망월사,7848,7972,15820
20210602,경원선,회룡,12675,12701,25376
20210602,경원선,의정부,17780,18214,35994
20210602,경원선,가능,6747,6586,13333
20210602,경원선,녹양,4711,4537,9248
20210602,경원선,양주,7815,7199,15014
20210602,경원선,지행,6362,6389,12751
20210602,경원선,덕정,5839,5766,11605
20210602,경원선,동두천중앙,3139,3002,6141
20210602,경원선,보산,1508,1391,2899
20210602,경원선,동두천,2213,2619,4832
20210602,경원선,도봉산,8210,5363,13573
20210602,경원선,덕계,3202,2908,6110
20210602,경원선,소요산,2961,2535,5496
20210602,경원선,방학,9830,9515,19345
20210602,경원선,월계,7028,6590,13618
20210602,경원선,녹천,4787,4025,8812
20210602,경원선,도봉,6046,5872,11918
20210602,경원선,이촌,3842,2952,6794
20210602,경원선,서빙고,1891,1779,3670
20210602,경원선,옥수,56,33,89
20210602,경원선,응봉,1886,1614,3500
20210602,경원선,한남,4111,3847,7958
20210602,경원선,청량리,13592,14559,28151
20210602,경원선,외대앞,6931,6947,13878
20210602,경원선,신이문,8551,7895,16446
20210602,경원선,석계,7911,9198,17109
20210602,경원선,광운대,8614,8326,16940
20210602,경원선,왕십리,13293,15088,28381
20210603,경원선,망월사,7375,7492,14867
20210603,경원선,회룡,11822,11612,23434
20210603,경원선,의정부,16754,17189,33943
20210603,경원선,가능,6125,6122,12247
20210603,경원선,녹양,4542,4358,8900
20210603,경원선,양주,7326,6739,14065
20210603,경원선,지행,5855,5867,11722
20210603,경원선,덕정,5763,5690,11453
20210603,경원선,동두천중앙,2928,2843,5771
20210603,경원선,보산,1364,1307,2671
20210603,경원선,동두천,1925,2212,4137
20210603,경원선,소요산,2042,1805,3847
20210603,경원선,덕계,2983,2595,5578
20210603,경원선,도봉산,6505,3968,10473
20210603,경원선,방학,8935,8764,17699
20210603,경원선,녹천,4561,3853,8414
20210603,경원선,이촌,3477,2792,6269
20210603,경원선,서빙고,1847,1759,3606
20210603,경원선,한남,4092,3832,7924
20210603,경원선,옥수,48,30,78
20210603,경원선,응봉,1769,1528,3297
20210603,경원선,왕십리,12805,14394,27199
20210603,경원선,도봉,5638,5489,11127
20210603,경원선,외대앞,6663,6712,13375
20210603,경원선,신이문,8227,7768,15995
20210603,경원선,석계,7630,8523,16153
20210603,경원선,광운대,8456,8070,16526
20210603,경원선,월계,6681,6196,12877
20210603,경원선,청량리,13030,13836,26866
20210604,경원선,망월사,7843,7729,15572
20210604,경원선,회룡,12930,12832,25762
20210604,경원선,의정부,18725,19529,38254
20210604,경원선,가능,6700,6396,13096
20210604,경원선,녹양,4934,4708,9642
20210604,경원선,양주,7891,7397,15288
20210604,경원선,지행,6813,6633,13446
20210604,경원선,덕정,6143,5715,11858
20210604,경원선,도봉산,8454,5641,14095
20210604,경원선,동두천중앙,3162,3097,6259
20210604,경원선,보산,1859,1543,3402
20210604,경원선,동두천,2211,2517,4728
20210604,경원선,덕계,3065,2650,5715
20210604,경원선,도봉,5946,5645,11591
20210604,경원선,소요산,3012,2653,5665
20210604,경원선,녹천,4821,3967,8788
20210604,경원선,이촌,4113,3067,7180
20210604,경원선,서빙고,2024,1819,3843
20210604,경원선,한남,4306,4007,8313
20210604,경원선,옥수,58,29,87
20210604,경원선,응봉,1910,1659,3569
20210604,경원선,왕십리,14530,16307,30837
20210604,경원선,방학,9918,9600,19518
20210604,경원선,외대앞,7301,7339,14640
20210604,경원선,신이문,8761,7829,16590
20210604,경원선,석계,8268,9621,17889
20210604,경원선,광운대,8664,8536,17200
20210604,경원선,월계,7211,6570,13781
20210604,경원선,청량리,16431,18103,34534
20210605,경원선,망월사,6021,6134,12155
20210605,경원선,회룡,9527,9540,19067
20210605,경원선,의정부,17162,18121,35283
20210605,경원선,가능,5008,4797,9805
20210605,경원선,녹양,3644,3584,7228
20210605,경원선,양주,6102,5887,11989
20210605,경원선,지행,5354,5334,10688
20210605,경원선,덕정,4345,4078,8423
20210605,경원선,동두천중앙,2892,2914,5806
20210605,경원선,보산,1793,1722,3515
20210605,경원선,동두천,1713,2144,3857
20210605,경원선,도봉산,9623,6551,16174
20210605,경원선,덕계,2326,2122,4448
20210605,경원선,소요산,4238,3739,7977
20210605,경원선,도봉,4386,4199,8585
20210605,경원선,녹천,3468,2854,6322
20210605,경원선,방학,7457,7346,14803
20210605,경원선,이촌,3207,2284,5491
20210605,경원선,서빙고,1334,1188,2522
20210605,경원선,한남,2794,2609,5403
20210605,경원선,응봉,1741,1581,3322
20210605,경원선,왕십리,11831,13531,25362
20210605,경원선,옥수,32,40,72
20210605,경원선,외대앞,6053,5949,12002
20210605,경원선,신이문,6181,5531,11712
20210605,경원선,석계,6298,6961,13259
20210605,경원선,광운대,5570,5370,10940
20210605,경원선,월계,4698,4351,9049
20210605,경원선,청량리,15259,16906,32165
20210606,경원선,망월사,4146,4363,8509
20210606,경원선,회룡,7042,7131,14173
20210606,경원선,의정부,12728,12817,25545
20210606,경원선,가능,3832,3574,7406
20210606,경원선,녹양,2785,2662,5447
20210606,경원선,양주,4796,4592,9388
20210606,경원선,지행,4031,4010,8041
20210606,경원선,덕정,3111,3387,6498
20210606,경원선,동두천중앙,2032,1914,3946
20210606,경원선,보산,1350,1552,2902
20210606,경원선,동두천,1328,1664,2992
20210606,경원선,소요산,4457,3837,8294
20210606,경원선,덕계,1639,1560,3199
20210606,경원선,도봉산,9373,6727,16100
20210606,경원선,도봉,3264,3156,6420
20210606,경원선,녹천,2490,2170,4660
20210606,경원선,이촌,2431,1776,4207
20210606,경원선,서빙고,1267,1252,2519
20210606,경원선,한남,1926,1928,3854
20210606,경원선,옥수,66,17,83
20210606,경원선,응봉,1085,959,2044
20210606,경원선,왕십리,8283,9575,17858
20210606,경원선,방학,5472,5378,10850
20210606,경원선,외대앞,4141,4103,8244
20210606,경원선,신이문,4476,4202,8678
20210606,경원선,석계,4409,4906,9315
20210606,경원선,광운대,3960,4143,8103
20210606,경원선,월계,3530,3349,6879
20210606,경원선,청량리,13189,11989,25178
20210607,경원선,녹천,4710,3981,8691
20210607,경원선,월계,6824,6350,13174
20210607,경원선,광운대,8690,8402,17092
20210607,경원선,석계,7891,9114,17005
20210607,경원선,신이문,8306,7753,16059
20210607,경원선,외대앞,6658,6754,13412
20210607,경원선,응봉,1866,1548,3414
20210607,경원선,왕십리,12670,14219,26889
20210607,경원선,옥수,51,49,100
20210607,경원선,한남,4126,3837,7963
20210607,경원선,서빙고,1843,1629,3472
20210607,경원선,방학,9441,9144,18585
20210607,경원선,청량리,13901,14476,28377
20210607,경원선,도봉,5870,5616,11486
20210607,경원선,이촌,3676,2876,6552
20210607,경원선,망월사,7512,7693,15205
20210607,경원선,소요산,2548,2228,4776
20210607,경원선,동두천,2144,2463,4607
20210607,경원선,보산,1470,1334,2804
20210607,경원선,동두천중앙,3111,2983,6094
20210607,경원선,지행,6142,6091,12233
20210607,경원선,덕정,6229,6139,12368
20210607,경원선,도봉산,7326,4676,12002
20210607,경원선,양주,7661,7124,14785
20210607,경원선,녹양,4687,4503,9190
20210607,경원선,가능,6603,6386,12989
20210607,경원선,의정부,17486,17679,35165
20210607,경원선,회룡,12424,12215,24639
20210607,경원선,덕계,3247,2920,6167
20210608,경원선,망월사,7549,7706,15255
20210608,경원선,회룡,12344,12373,24717
20210608,경원선,의정부,17759,17966,35725
20210608,경원선,가능,6755,6432,13187
20210608,경원선,녹양,4743,4634,9377
20210608,경원선,양주,7657,7125,14782
20210608,경원선,지행,6255,6174,12429
20210608,경원선,덕정,6084,5942,12026
20210608,경원선,동두천중앙,3043,2916,5959
20210608,경원선,보산,1427,1362,2789
20210608,경원선,동두천,2220,2480,4700
20210608,경원선,도봉산,7935,5073,13008
20210608,경원선,덕계,3108,2891,5999
20210608,경원선,소요산,2745,2336,5081
20210608,경원선,도봉,5958,5779,11737
20210608,경원선,녹천,4718,3980,8698
20210608,경원선,방학,9461,9257,18718
20210608,경원선,이촌,3881,2943,6824
20210608,경원선,서빙고,1912,1755,3667
20210608,경원선,한남,4040,3907,7947
20210608,경원선,응봉,1886,1620,3506
20210608,경원선,왕십리,12907,14454,27361
20210608,경원선,옥수,57,30,87
20210608,경원선,외대앞,6749,6872,13621
20210608,경원선,신이문,8458,7793,16251
20210608,경원선,석계,7951,9141,17092
20210608,경원선,광운대,9352,9005,18357
20210608,경원선,월계,7150,6662,13812
20210608,경원선,청량리,13843,14794,28637
20210609,경원선,녹양,4811,4640,9451
20210609,경원선,망월사,7586,7706,15292
20210609,경원선,회룡,12492,12369,24861
20210609,경원선,의정부,17455,17904,35359
20210609,경원선,가능,6667,6455,13122
20210609,경원선,양주,7596,7233,14829
20210609,경원선,소요산,2860,2429,5289
20210609,경원선,덕정,6132,5848,11980
20210609,경원선,지행,6435,6357,12792
20210609,경원선,동두천중앙,3103,3039,6142
20210609,경원선,보산,1388,1307,2695
20210609,경원선,동두천,2245,2538,4783
20210609,경원선,덕계,3169,2843,6012
20210609,경원선,도봉,5824,5765,11589
20210609,경원선,도봉산,7935,5100,13035
20210609,경원선,녹천,4769,4031,8800
20210609,경원선,이촌,3874,2959,6833
20210609,경원선,서빙고,1909,1765,3674
20210609,경원선,한남,4070,3860,7930
20210609,경원선,옥수,58,34,92
20210609,경원선,응봉,1800,1557,3357
20210609,경원선,왕십리,13254,14774,28028
20210609,경원선,방학,9466,9274,18740
20210609,경원선,외대앞,6704,6704,13408
20210609,경원선,신이문,8446,7858,16304
20210609,경원선,석계,7922,9039,16961
20210609,경원선,광운대,9118,8809,17927
20210609,경원선,월계,7215,6772,13987
20210609,경원선,청량리,13575,14547,28122
20210610,경원선,녹천,4684,4127,8811
20210610,경원선,월계,7436,6909,14345
20210610,경원선,광운대,9234,8953,18187
20210610,경원선,석계,7966,9119,17085
20210610,경원선,신이문,8418,7853,16271
20210610,경원선,외대앞,6786,6837,13623
20210610,경원선,응봉,1822,1589,3411
20210610,경원선,왕십리,13022,14464,27486
20210610,경원선,옥수,57,26,83
20210610,경원선,한남,4177,3976,8153
20210610,경원선,서빙고,1896,1777,3673
20210610,경원선,방학,9605,9312,18917
20210610,경원선,청량리,14131,14965,29096
20210610,경원선,도봉,6034,5900,11934
20210610,경원선,이촌,3764,2916,6680
20210610,경원선,망월사,7492,7587,15079
20210610,경원선,소요산,2710,2291,5001
20210610,경원선,동두천,2197,2419,4616
20210610,경원선,보산,1493,1352,2845
20210610,경원선,동두천중앙,3359,3259,6618
20210610,경원선,지행,6186,6285,12471
20210610,경원선,덕정,6025,5860,11885
20210610,경원선,도봉산,7808,4907,12715
20210610,경원선,양주,7748,7193,14941
20210610,경원선,녹양,4603,4395,8998
20210610,경원선,가능,6708,6451,13159
20210610,경원선,의정부,17309,17757,35066
20210610,경원선,회룡,12383,12295,24678
20210610,경원선,덕계,3241,2810,6051
20210611,경원선,녹천,4698,3813,8511
20210611,경원선,월계,7016,6571,13587
20210611,경원선,광운대,8894,8458,17352
20210611,경원선,석계,8014,9038,17052
20210611,경원선,신이문,8373,7606,15979
20210611,경원선,외대앞,6919,6814,13733
20210611,경원선,응봉,1758,1519,3277
20210611,경원선,왕십리,13560,15346,28906
20210611,경원선,옥수,69,29,98
20210611,경원선,한남,4116,3904,8020
20210611,경원선,서빙고,1860,1724,3584
20210611,경원선,방학,9628,9349,18977
20210611,경원선,청량리,15623,16631,32254
20210611,경원선,이촌,3834,2906,6740
20210611,경원선,도봉,5977,5703,11680
20210611,경원선,망월사,7359,7391,14750
20210611,경원선,도봉산,7221,4594,11815
20210611,경원선,소요산,2564,2207,4771
20210611,경원선,동두천,2225,2443,4668
20210611,경원선,보산,1709,1451,3160
20210611,경원선,지행,6482,6476,12958
20210611,경원선,덕정,6089,5524,11613
20210611,경원선,동두천중앙,3011,2966,5977
20210611,경원선,양주,7566,6899,14465
20210611,경원선,녹양,4693,4539,9232
20210611,경원선,가능,6619,6386,13005
20210611,경원선,의정부,18041,19106,37147
20210611,경원선,회룡,12260,12196,24456
20210611,경원선,덕계,3015,2745,5760
20210612,경원선,양주,5959,5926,11885
20210612,경원선,회룡,9366,9403,18769
20210612,경원선,의정부,16515,17342,33857
20210612,경원선,가능,5029,4679,9708
20210612,경원선,녹양,3432,3357,6789
20210612,경원선,덕계,2137,2050,4187
20210612,경원선,망월사,5551,5731,11282
20210612,경원선,지행,5098,5118,10216
20210612,경원선,동두천중앙,2421,2536,4957
20210612,경원선,보산,1631,1528,3159
20210612,경원선,동두천,1576,1982,3558
20210612,경원선,소요산,4460,3976,8436
20210612,경원선,덕정,4524,4220,8744
20210612,경원선,도봉산,9171,6415,15586
20210612,경원선,도봉,4384,4111,8495
20210612,경원선,방학,7043,6889,13932
20210612,경원선,서빙고,1355,1244,2599
20210612,경원선,한남,2774,2610,5384
20210612,경원선,옥수,35,32,67
20210612,경원선,응봉,1366,1180,2546
20210612,경원선,왕십리,11151,12872,24023
20210612,경원선,청량리,14749,16648,31397
20210612,경원선,이촌,3150,2258,5408
20210612,경원선,신이문,5874,5287,11161
20210612,경원선,석계,6214,6601,12815
20210612,경원선,광운대,5507,5500,11007
20210612,경원선,월계,4422,4027,8449
20210612,경원선,녹천,3282,2711,5993
20210612,경원선,외대앞,5328,5213,10541
20210613,경원선,회룡,6793,6754,13547
20210613,경원선,의정부,12319,12668,24987
20210613,경원선,가능,3801,3510,7311
20210613,경원선,녹양,2510,2353,4863
20210613,경원선,양주,4610,4618,9228
20210613,경원선,덕계,1564,1542,3106
20210613,경원선,동두천중앙,1974,1907,3881
20210613,경원선,지행,4023,3977,8000
20210613,경원선,보산,1231,1315,2546
20210613,경원선,동두천,1301,1718,3019
20210613,경원선,소요산,4418,3762,8180
20210613,경원선,망월사,4137,4375,8512
20210613,경원선,덕정,3073,3216,6289
20210613,경원선,도봉산,8778,6247,15025
20210613,경원선,도봉,3190,2976,6166
20210613,경원선,방학,5182,5030,10212
20210613,경원선,이촌,2179,1695,3874
20210613,경원선,서빙고,1246,1281,2527
20210613,경원선,한남,1807,1783,3590
20210613,경원선,옥수,67,29,96
20210613,경원선,왕십리,7392,8568,15960
20210613,경원선,청량리,12729,11780,24509
20210613,경원선,응봉,997,902,1899
20210613,경원선,신이문,4358,4136,8494
20210613,경원선,석계,4397,4866,9263
20210613,경원선,광운대,3906,3896,7802
20210613,경원선,월계,3148,2935,6083
20210613,경원선,녹천,2357,2003,4360
20210613,경원선,외대앞,3856,3739,7595
20210614,경원선,신이문,8315,7720,16035
20210614,경원선,녹천,4627,3967,8594
20210614,경원선,월계,6971,6501,13472
20210614,경원선,광운대,9586,9283,18869
20210614,경원선,석계,7945,9202,17147
20210614,경원선,외대앞,6447,6673,13120
20210614,경원선,이촌,3761,2890,6651
20210614,경원선,왕십리,12846,14725,27571
20210614,경원선,응봉,1797,1491,3288
20210614,경원선,옥수,45,36,81
20210614,경원선,한남,4046,3881,7927
20210614,경원선,서빙고,1856,1695,3551
20210614,경원선,창동,2,0,2
20210614,경원선,청량리,13422,13646,27068
20210614,경원선,방학,9551,9276,18827
20210614,경원선,소요산,2934,2401,5335
20210614,경원선,도봉산,7471,4749,12220
20210614,경원선,도봉,5923,5653,11576
20210614,경원선,동두천,2329,2578,4907
20210614,경원선,보산,1405,1295,2700
20210614,경원선,동두천중앙,3115,2975,6090
20210614,경원선,덕정,6044,5948,11992
20210614,경원선,덕계,3188,2766,5954
20210614,경원선,지행,6252,6334,12586
20210614,경원선,녹양,4559,4418,8977
20210614,경원선,가능,6672,6478,13150
20210614,경원선,의정부,17488,17765,35253
20210614,경원선,회룡,12334,12259,24593
20210614,경원선,망월사,7480,7577,15057
20210614,경원선,양주,7709,7162,14871
20210615,경원선,외대앞,6625,6624,13249
20210615,경원선,월계,6618,6259,12877
20210615,경원선,광운대,8595,8161,16756
20210615,경원선,석계,7916,8975,16891
20210615,경원선,신이문,8387,7741,16128
20210615,경원선,청량리,13863,14587,28450
20210615,경원선,녹천,4695,3908,8603
20210615,경원선,응봉,1791,1521,3312
20210615,경원선,옥수,54,37,91
20210615,경원선,한남,4150,3873,8023
20210615,경원선,서빙고,1936,1770,3706
20210615,경원선,이촌,3733,2932,6665
20210615,경원선,왕십리,13126,14586,27712
20210615,경원선,도봉,5930,5751,11681
20210615,경원선,방학,9302,8997,18299
20210615,경원선,도봉산,6723,4186,10909
20210615,경원선,동두천,2315,2537,4852
20210615,경원선,보산,1403,1258,2661
20210615,경원선,동두천중앙,3029,2942,5971
20210615,경원선,지행,6075,6109,12184
20210615,경원선,덕정,5952,5703,11655
20210615,경원선,덕계,3034,2725,5759
20210615,경원선,소요산,2119,1699,3818
20210615,경원선,녹양,4534,4320,8854
20210615,경원선,가능,6483,6232,12715
20210615,경원선,의정부,16883,17517,34400
20210615,경원선,회룡,12110,12045,24155
20210615,경원선,망월사,7204,7433,14637
20210615,경원선,양주,7445,6911,14356
20210616,경원선,회룡,12705,12644,25349
20210616,경원선,의정부,17751,18368,36119
20210616,경원선,가능,6602,6376,12978
20210616,경원선,녹양,4767,4533,9300
20210616,경원선,양주,7828,7291,15119
20210616,경원선,덕계,3235,2879,6114
20210616,경원선,동두천중앙,3108,2967,6075
20210616,경원선,지행,6673,6631,13304
20210616,경원선,보산,1436,1374,2810
20210616,경원선,동두천,2378,2744,5122
20210616,경원선,소요산,3229,2638,5867
20210616,경원선,이촌,3995,3121,7116
20210616,경원선,덕정,5846,5634,11480
20210616,경원선,서빙고,1957,1740,3697
20210616,경원선,한남,4179,3975,8154
20210616,경원선,옥수,51,34,85
20210616,경원선,망월사,7820,7871,15691
20210616,경원선,도봉산,8314,5320,13634
20210616,경원선,도봉,6049,5841,11890
20210616,경원선,방학,9664,9535,19199
20210616,경원선,월계,6851,6432,13283
20210616,경원선,광운대,8705,8220,16925
20210616,경원선,녹천,4761,4045,8806
20210616,경원선,신이문,8453,7815,16268
20210616,경원선,외대앞,6684,6683,13367
20210616,경원선,청량리,14435,15290,29725
20210616,경원선,왕십리,13871,15232,29103
20210616,경원선,응봉,1874,1553,3427
20210616,경원선,석계,8071,9230,17301
20210617,경원선,가능,6561,6458,13019
20210617,경원선,도봉산,8039,5191,13230
20210617,경원선,망월사,7497,7693,15190
20210617,경원선,회룡,12415,12290,24705
20210617,경원선,의정부,17809,18277,36086
20210617,경원선,녹양,4557,4483,9040
20210617,경원선,동두천,2426,2691,5117
20210617,경원선,덕계,3315,2867,6182
20210617,경원선,덕정,5792,5673,11465
20210617,경원선,지행,6494,6425,12919
20210617,경원선,동두천중앙,3051,3046,6097
20210617,경원선,보산,1536,1390,2926
20210617,경원선,도봉,6107,5869,11976
20210617,경원선,양주,7725,7023,14748
20210617,경원선,방학,9570,9351,18921
20210617,경원선,소요산,2846,2451,5297
20210617,경원선,녹천,4729,4012,8741
20210617,경원선,창동,1,0,1
20210617,경원선,이촌,3832,2976,6808
20210617,경원선,서빙고,1920,1756,3676
20210617,경원선,한남,4308,4055,8363
20210617,경원선,응봉,1874,1653,3527
20210617,경원선,왕십리,13752,15246,28998
20210617,경원선,옥수,46,30,76
20210617,경원선,외대앞,6954,6883,13837
20210617,경원선,신이문,8496,7848,16344
20210617,경원선,석계,8077,9208,17285
20210617,경원선,광운대,8440,8068,16508
20210617,경원선,월계,6615,6187,12802
20210617,경원선,청량리,14711,15591,30302
20210618,경원선,녹양,4704,4558,9262
20210618,경원선,망월사,7739,7768,15507
20210618,경원선,회룡,12204,12341,24545
20210618,경원선,의정부,18163,19628,37791
20210618,경원선,가능,6492,6188,12680
20210618,경원선,양주,7791,7148,14939
20210618,경원선,소요산,2190,1863,4053
20210618,경원선,덕정,5889,5567,11456
20210618,경원선,지행,6545,6421,12966
20210618,경원선,동두천중앙,3021,3023,6044
20210618,경원선,보산,1719,1422,3141
20210618,경원선,동두천,1995,2275,4270
20210618,경원선,도봉산,6710,4111,10821
20210618,경원선,덕계,2974,2690,5664
20210618,경원선,방학,9447,9227,18674
20210618,경원선,광운대,8317,7815,16132
20210618,경원선,창동,1,0,1
20210618,경원선,도봉,5940,5563,11503
20210618,경원선,서빙고,1913,1693,3606
20210618,경원선,한남,4187,3915,8102
20210618,경원선,옥수,72,40,112
20210618,경원선,응봉,1917,1594,3511
20210618,경원선,왕십리,14516,16096,30612
20210618,경원선,이촌,3952,2969,6921
20210618,경원선,외대앞,7158,7009,14167
20210618,경원선,청량리,16064,17423,33487
20210618,경원선,월계,6577,6137,12714
20210618,경원선,녹천,4674,3852,8526
20210618,경원선,석계,8069,9162,17231
20210618,경원선,신이문,8300,7596,15896
20210619,경원선,도봉산,9612,6734,16346
20210619,경원선,동두천,1612,2090,3702
20210619,경원선,보산,1587,1560,3147
20210619,경원선,동두천중앙,2570,2558,5128
20210619,경원선,덕정,4378,4027,8405
20210619,경원선,덕계,2236,2113,4349
20210619,경원선,양주,6296,6018,12314
20210619,경원선,녹양,3595,3451,7046
20210619,경원선,가능,5196,4972,10168
20210619,경원선,의정부,17084,18021,35105
20210619,경원선,회룡,9529,9388,18917
20210619,경원선,망월사,5519,5678,11197
20210619,경원선,소요산,4507,4050,8557
20210619,경원선,도봉,4436,4143,8579
20210619,경원선,지행,5480,5522,11002
20210619,경원선,녹천,3421,2862,6283
20210619,경원선,방학,7431,7258,14689
20210619,경원선,이촌,3275,2277,5552
20210619,경원선,서빙고,1396,1177,2573
20210619,경원선,한남,2732,2640,5372
20210619,경원선,응봉,1395,1243,2638
20210619,경원선,왕십리,11958,13652,25610
20210619,경원선,옥수,36,41,77
20210619,경원선,외대앞,5975,5555,11530
20210619,경원선,신이문,6179,5511,11690
20210619,경원선,석계,6484,7052,13536
20210619,경원선,광운대,5805,5580,11385
20210619,경원선,월계,4680,4340,9020
20210619,경원선,청량리,15625,17425,33050
20210620,경원선,신이문,4450,4196,8646
20210620,경원선,월계,3578,3302,6880
20210620,경원선,광운대,4208,4298,8506
20210620,경원선,석계,4611,5037,9648
20210620,경원선,외대앞,4232,4149,8381
20210620,경원선,이촌,2500,1842,4342
20210620,경원선,왕십리,8697,9980,18677
20210620,경원선,응봉,1041,998,2039
20210620,경원선,옥수,62,26,88
20210620,경원선,한남,1880,1804,3684
20210620,경원선,서빙고,1274,1261,2535
20210620,경원선,녹천,2489,2214,4703
20210620,경원선,청량리,13839,12741,26580
20210620,경원선,방학,5607,5380,10987
20210620,경원선,의정부,12818,13054,25872
20210620,경원선,도봉산,9181,6580,15761
20210620,경원선,소요산,4523,3921,8444
20210620,경원선,동두천,1258,1588,2846
20210620,경원선,보산,1283,1275,2558
20210620,경원선,도봉,3393,3290,6683
20210620,경원선,지행,4050,3886,7936
20210620,경원선,덕정,3174,3184,6358
20210620,경원선,동두천중앙,2186,2166,4352
20210620,경원선,양주,4934,4872,9806
20210620,경원선,녹양,2727,2655,5382
20210620,경원선,가능,3824,3776,7600
20210620,경원선,회룡,6985,7150,14135
20210620,경원선,망월사,4244,4402,8646
20210620,경원선,덕계,1642,1541,3183
20210621,경원선,녹양,4640,4393,9033
20210621,경원선,망월사,7560,7789,15349
20210621,경원선,회룡,12574,12349,24923
20210621,경원선,의정부,17304,17829,35133
20210621,경원선,가능,6893,6531,13424
20210621,경원선,양주,7771,7124,14895
20210621,경원선,도봉산,7862,4990,12852
20210621,경원선,덕정,5563,5492,11055
20210621,경원선,지행,6605,6693,13298
20210621,경원선,동두천중앙,3166,3031,6197
20210621,경원선,보산,1607,1576,3183
20210621,경원선,동두천,2069,2398,4467
20210621,경원선,소요산,2934,2464,5398
20210621,경원선,덕계,3067,2818,5885
20210621,경원선,도봉,6101,5784,11885
20210621,경원선,이촌,3940,3011,6951
20210621,경원선,창동,1,0,1
20210621,경원선,서빙고,1899,1721,3620
20210621,경원선,한남,4187,4023,8210
20210621,경원선,옥수,49,53,102
20210621,경원선,응봉,1973,1649,3622
20210621,경원선,왕십리,13731,15366,29097
20210621,경원선,청량리,15109,15660,30769
20210621,경원선,방학,9695,9472,19167
20210621,경원선,신이문,8572,7879,16451
20210621,경원선,석계,8083,9162,17245
20210621,경원선,광운대,8311,8021,16332
20210621,경원선,월계,6652,6294,12946
20210621,경원선,녹천,4887,4148,9035
20210621,경원선,외대앞,7133,7102,14235
20210622,경원선,망월사,7396,7560,14956
20210622,경원선,회룡,12757,12628,25385
20210622,경원선,의정부,17768,18140,35908
20210622,경원선,가능,6716,6572,13288
20210622,경원선,녹양,4805,4582,9387
20210622,경원선,양주,7641,7109,14750
20210622,경원선,지행,6340,6341,12681
20210622,경원선,덕정,5496,5401,10897
20210622,경원선,동두천중앙,3143,3063,6206
20210622,경원선,보산,1437,1348,2785
20210622,경원선,동두천,2008,2333,4341
20210622,경원선,도봉산,7772,5083,12855
20210622,경원선,덕계,3261,2836,6097
20210622,경원선,도봉,6131,5912,12043
20210622,경원선,소요산,2993,2621,5614
20210622,경원선,녹천,4875,4164,9039
20210622,경원선,이촌,3846,2941,6787
20210622,경원선,서빙고,1972,1790,3762
20210622,경원선,한남,4175,3976,8151
20210622,경원선,옥수,53,39,92
20210622,경원선,응봉,1845,1627,3472
20210622,경원선,왕십리,13700,15538,29238
20210622,경원선,방학,9606,9314,18920
20210622,경원선,외대앞,7163,7078,14241
20210622,경원선,신이문,8688,8020,16708
20210622,경원선,석계,8193,9379,17572
20210622,경원선,광운대,8219,7842,16061
20210622,경원선,월계,6540,6254,12794
20210622,경원선,청량리,14483,15202,29685
20210623,경원선,망월사,7332,7566,14898
20210623,경원선,회룡,12796,12648,25444
20210623,경원선,의정부,18303,18678,36981
20210623,경원선,가능,6711,6369,13080
20210623,경원선,녹양,4713,4518,9231
20210623,경원선,양주,7702,7088,14790
20210623,경원선,지행,6304,6236,12540
20210623,경원선,덕정,5395,5379,10774
20210623,경원선,동두천중앙,3121,2997,6118
20210623,경원선,보산,1379,1254,2633
20210623,경원선,동두천,1973,2312,4285
20210623,경원선,도봉산,7864,5087,12951
20210623,경원선,덕계,3059,2838,5897
20210623,경원선,소요산,2709,2288,4997
20210623,경원선,도봉,6083,5899,11982
20210623,경원선,녹천,4888,4190,9078
20210623,경원선,방학,9759,9510,19269
20210623,경원선,이촌,3927,3046,6973
20210623,경원선,서빙고,1980,1823,3803
20210623,경원선,한남,4179,3927,8106
20210623,경원선,응봉,1878,1616,3494
20210623,경원선,왕십리,14030,15722,29752
20210623,경원선,옥수,53,34,87
20210623,경원선,외대앞,7126,7048,14174
20210623,경원선,신이문,8644,8106,16750
20210623,경원선,석계,8161,9282,17443
20210623,경원선,광운대,8111,7774,15885
20210623,경원선,월계,6456,6095,12551
20210623,경원선,청량리,14469,15336,29805
20210624,경원선,양주,7627,7129,14756
20210624,경원선,회룡,12714,12664,25378
20210624,경원선,의정부,17857,18492,36349
20210624,경원선,가능,6659,6391,13050
20210624,경원선,녹양,4751,4431,9182
20210624,경원선,덕계,3000,2650,5650
20210624,경원선,망월사,7432,7434,14866
20210624,경원선,지행,6299,6300,12599
20210624,경원선,동두천중앙,3169,3041,6210
20210624,경원선,보산,1487,1340,2827
20210624,경원선,동두천,2034,2398,4432
20210624,경원선,소요산,2790,2424,5214
20210624,경원선,덕정,5365,5379,10744
20210624,경원선,도봉산,8047,4951,12998
20210624,경원선,도봉,6189,5995,12184
20210624,경원선,방학,9746,9482,19228
20210624,경원선,서빙고,2001,1875,3876
20210624,경원선,한남,4395,4121,8516
20210624,경원선,옥수,47,32,79
20210624,경원선,응봉,2025,1703,3728
20210624,경원선,왕십리,14032,15876,29908
20210624,경원선,청량리,15010,15689,30699
20210624,경원선,이촌,4069,3026,7095
20210624,경원선,신이문,8660,7975,16635
20210624,경원선,석계,8158,9392,17550
20210624,경원선,광운대,8110,7706,15816
20210624,경원선,월계,6571,6349,12920
20210624,경원선,녹천,4852,4127,8979
20210624,경원선,외대앞,7208,7227,14435
20210625,경원선,녹천,4855,4046,8901
20210625,경원선,월계,6711,6244,12955
20210625,경원선,광운대,8373,7891,16264
20210625,경원선,석계,8526,9698,18224
20210625,경원선,신이문,8820,8069,16889
20210625,경원선,외대앞,7491,7255,14746
20210625,경원선,응봉,2031,1643,3674
20210625,경원선,왕십리,14811,16919,31730
20210625,경원선,옥수,69,28,97
20210625,경원선,한남,4438,4056,8494
20210625,경원선,서빙고,2108,1862,3970
20210625,경원선,방학,10096,9865,19961
20210625,경원선,청량리,17616,19015,36631
20210625,경원선,도봉,6302,5911,12213
20210625,경원선,이촌,4223,3165,7388
20210625,경원선,망월사,7480,7401,14881
20210625,경원선,소요산,3167,2764,5931
20210625,경원선,동두천,2207,2505,4712
20210625,경원선,보산,1780,1513,3293
20210625,경원선,동두천중앙,3386,3278,6664
20210625,경원선,지행,6909,6914,13823
20210625,경원선,덕정,5721,5441,11162
20210625,경원선,도봉산,8164,5176,13340
20210625,경원선,양주,7943,7334,15277
20210625,경원선,녹양,4978,4636,9614
20210625,경원선,가능,6834,6504,13338
20210625,경원선,의정부,18723,19951,38674
20210625,경원선,회룡,12981,12973,25954
20210625,경원선,덕계,3065,2771,5836
20210626,경원선,도봉산,7557,5213,12770
20210626,경원선,망월사,5111,5252,10363
20210626,경원선,회룡,8957,8880,17837
20210626,경원선,의정부,15995,16879,32874
20210626,경원선,가능,4762,4599,9361
20210626,경원선,녹양,3360,3341,6701
20210626,경원선,지행,4967,5029,9996
20210626,경원선,덕정,4105,3829,7934
20210626,경원선,동두천중앙,2354,2387,4741
20210626,경원선,보산,1389,1361,2750
20210626,경원선,동두천,1495,1792,3287
20210626,경원선,도봉,4263,3954,8217
20210626,경원선,덕계,2089,1921,4010
20210626,경원선,소요산,3214,2840,6054
20210626,경원선,방학,7226,7019,14245
20210626,경원선,월계,4457,4100,8557
20210626,경원선,녹천,3189,2612,5801
20210626,경원선,양주,5754,5458,11212
20210626,경원선,이촌,3095,2173,5268
20210626,경원선,서빙고,1371,1231,2602
20210626,경원선,옥수,32,31,63
20210626,경원선,응봉,1358,1094,2452
20210626,경원선,한남,2829,2568,5397
20210626,경원선,청량리,15334,17046,32380
20210626,경원선,외대앞,5835,5352,11187
20210626,경원선,신이문,6038,5419,11457
20210626,경원선,석계,6516,6794,13310
20210626,경원선,광운대,5598,5379,10977
20210626,경원선,왕십리,11714,13318,25032
20210627,경원선,외대앞,4707,4689,9396
20210627,경원선,월계,3575,3236,6811
20210627,경원선,광운대,4197,4271,8468
20210627,경원선,석계,4623,5026,9649
20210627,경원선,신이문,4571,4295,8866
20210627,경원선,청량리,13691,12728,26419
20210627,경원선,녹천,2788,2501,5289
20210627,경원선,응봉,1021,1009,2030
20210627,경원선,옥수,51,24,75
20210627,경원선,한남,1903,1858,3761
20210627,경원선,이촌,2239,1747,3986
20210627,경원선,서빙고,1309,1339,2648
20210627,경원선,왕십리,8189,9152,17341
20210627,경원선,방학,5608,5525,11133
20210627,경원선,동두천,1380,1729,3109
20210627,경원선,도봉산,9715,6966,16681
20210627,경원선,소요산,4787,4232,9019
20210627,경원선,보산,1224,1363,2587
20210627,경원선,동두천중앙,2051,1966,4017
20210627,경원선,지행,4127,4154,8281
20210627,경원선,덕정,3243,3305,6548
20210627,경원선,덕계,1617,1533,3150
20210627,경원선,도봉,3443,3231,6674
20210627,경원선,녹양,2697,2631,5328
20210627,경원선,가능,3957,3827,7784
20210627,경원선,의정부,13234,13176,26410
20210627,경원선,회룡,7179,7061,14240
20210627,경원선,망월사,4299,4417,8716
20210627,경원선,양주,4761,4769,9530
20210628,경원선,월계,6300,6038,12338
20210628,경원선,광운대,7915,7669,15584
20210628,경원선,석계,7977,9098,17075
20210628,경원선,신이문,8550,7872,16422
20210628,경원선,외대앞,6871,6888,13759
20210628,경원선,청량리,14673,15367,30040
20210628,경원선,옥수,47,36,83
20210628,경원선,응봉,1814,1486,3300
20210628,경원선,한남,4115,3921,8036
20210628,경원선,서빙고,1837,1751,3588
20210628,경원선,이촌,3761,2943,6704
20210628,경원선,녹천,4841,4174,9015
20210628,경원선,왕십리,13216,14986,28202
20210628,경원선,방학,9514,9319,18833
20210628,경원선,도봉,6030,5774,11804
20210628,경원선,도봉산,7328,4508,11836
20210628,경원선,소요산,2741,2284,5025
20210628,경원선,동두천,2107,2365,4472
20210628,경원선,보산,1498,1401,2899
20210628,경원선,동두천중앙,3171,3037,6208
20210628,경원선,덕정,5245,5150,10395
20210628,경원선,덕계,2811,2534,5345
20210628,경원선,지행,6351,6260,12611
20210628,경원선,녹양,4585,4420,9005
20210628,경원선,가능,6683,6443,13126
20210628,경원선,의정부,17880,18087,35967
20210628,경원선,회룡,12433,12321,24754
20210628,경원선,망월사,7188,7331,14519
20210628,경원선,양주,7599,6995,14594
20210629,경원선,신이문,8557,8052,16609
20210629,경원선,녹천,4833,4099,8932
20210629,경원선,월계,6314,5945,12259
20210629,경원선,광운대,8031,7686,15717
20210629,경원선,석계,7944,9194,17138
20210629,경원선,외대앞,7049,7047,14096
20210629,경원선,이촌,3924,3010,6934
20210629,경원선,왕십리,13493,15262,28755
20210629,경원선,응봉,1875,1574,3449
20210629,경원선,옥수,64,32,96
20210629,경원선,한남,4252,4023,8275
20210629,경원선,서빙고,1908,1764,3672
20210629,경원선,창동,1,0,1
20210629,경원선,청량리,14303,15399,29702
20210629,경원선,방학,9723,9515,19238
20210629,경원선,소요산,2756,2337,5093
20210629,경원선,도봉산,7784,5009,12793
20210629,경원선,도봉,5975,5888,11863
20210629,경원선,동두천,2186,2377,4563
20210629,경원선,보산,1530,1429,2959
20210629,경원선,동두천중앙,3112,3069,6181
20210629,경원선,덕정,5241,5246,10487
20210629,경원선,덕계,2957,2696,5653
20210629,경원선,지행,6496,6527,13023
20210629,경원선,녹양,4707,4421,9128
20210629,경원선,가능,6681,6355,13036
20210629,경원선,의정부,17569,18203,35772
20210629,경원선,회룡,12499,12402,24901
20210629,경원선,망월사,7416,7547,14963
20210629,경원선,양주,7629,7099,14728
20210630,경원선,녹양,4707,4473,9180
20210630,경원선,망월사,7265,7445,14710
20210630,경원선,회룡,12309,12381,24690
20210630,경원선,의정부,17478,17875,35353
20210630,경원선,가능,6522,6254,12776
20210630,경원선,양주,7484,6984,14468
20210630,경원선,소요산,2668,2184,4852
20210630,경원선,덕정,5121,5039,10160
20210630,경원선,지행,6487,6523,13010
20210630,경원선,동두천중앙,3230,3149,6379
20210630,경원선,보산,1482,1424,2906
20210630,경원선,동두천,2080,2335,4415
20210630,경원선,도봉산,7233,4522,11755
20210630,경원선,덕계,2839,2626,5465
20210630,경원선,도봉,5887,5730,11617
20210630,경원선,이촌,3856,2897,6753
20210630,경원선,창동,1,0,1
20210630,경원선,서빙고,1876,1748,3624
20210630,경원선,한남,4126,3923,8049
20210630,경원선,옥수,44,34,78
20210630,경원선,응봉,1817,1573,3390
20210630,경원선,왕십리,13576,15356,28932
20210630,경원선,청량리,14495,15257,29752
20210630,경원선,방학,9651,9374,19025
20210630,경원선,신이문,8669,8035,16704
20210630,경원선,석계,7992,9144,17136
20210630,경원선,광운대,8039,7756,15795
20210630,경원선,월계,6406,6056,12462
20210630,경원선,녹천,4815,4089,8904
20210630,경원선,외대앞,6842,6833,13675
20210701,경원선,창동,1,0,1
20210701,경원선,녹천,4958,4166,9124
20210701,경원선,월계,6504,6190,12694
20210701,경원선,광운대,8128,7716,15844
20210701,경원선,석계,8087,9200,17287
20210701,경원선,신이문,8732,8029,16761
20210701,경원선,왕십리,13591,15315,28906
20210701,경원선,청량리,14585,15577,30162
20210701,경원선,응봉,1863,1575,3438
20210701,경원선,옥수,44,35,79
20210701,경원선,한남,4283,4029,8312
20210701,경원선,방학,9632,9446,19078
20210701,경원선,이촌,3969,3076,7045
20210701,경원선,외대앞,7081,7213,14294
20210701,경원선,서빙고,1928,1804,3732
20210701,경원선,도봉,5915,5782,11697
20210701,경원선,망월사,7159,7396,14555
20210701,경원선,도봉산,8068,5174,13242
20210701,경원선,소요산,3047,2534,5581
20210701,경원선,동두천,2188,2438,4626
20210701,경원선,보산,1894,1521,3415
20210701,경원선,지행,6513,6540,13053
20210701,경원선,덕정,5101,4903,10004
20210701,경원선,동두천중앙,3204,3121,6325
20210701,경원선,양주,7489,7159,14648
20210701,경원선,녹양,4653,4523,9176
20210701,경원선,가능,6687,6453,13140
20210701,경원선,의정부,17433,17808,35241
20210701,경원선,회룡,12286,12100,24386
20210701,경원선,덕계,2864,2592,5456
20210702,경원선,외대앞,7323,7220,14543
20210702,경원선,월계,6667,6247,12914
20210702,경원선,광운대,8313,7769,16082
20210702,경원선,석계,8368,9338,17706
20210702,경원선,신이문,8842,8029,16871
20210702,경원선,청량리,16897,18336,35233
20210702,경원선,녹천,4972,4223,9195
20210702,경원선,응봉,1897,1622,3519
20210702,경원선,옥수,60,37,97
20210702,경원선,한남,4246,4146,8392
20210702,경원선,서빙고,1950,1728,3678
20210702,경원선,이촌,4082,3071,7153
20210702,경원선,왕십리,14551,16455,31006
20210702,경원선,방학,9861,9641,19502
20210702,경원선,양주,7789,7248,15037
20210702,경원선,도봉산,7906,5017,12923
20210702,경원선,동두천,2137,2452,4589
20210702,경원선,보산,2024,1722,3746
20210702,경원선,동두천중앙,3267,3108,6375
20210702,경원선,지행,6711,6829,13540
20210702,경원선,덕정,5310,5126,10436
20210702,경원선,덕계,3074,2698,5772
20210702,경원선,소요산,3048,2620,5668
20210702,경원선,녹양,4736,4495,9231
20210702,경원선,가능,6736,6488,13224
20210702,경원선,의정부,18607,19611,38218
20210702,경원선,회룡,12742,12556,25298
20210702,경원선,망월사,7365,7401,14766
20210702,경원선,도봉,6126,5814,11940
20210703,경원선,덕정,3673,3430,7103
20210703,경원선,덕계,2060,1896,3956
20210703,경원선,양주,5329,5130,10459
20210703,경원선,녹양,3124,3068,6192
20210703,경원선,가능,4582,4487,9069
20210703,경원선,의정부,15350,15858,31208
20210703,경원선,도봉산,7650,5164,12814
20210703,경원선,망월사,5073,5263,10336
20210703,경원선,도봉,4003,3857,7860
20210703,경원선,방학,6586,6526,13112
20210703,경원선,녹천,3130,2727,5857
20210703,경원선,지행,4750,4705,9455
20210703,경원선,회룡,8546,8462,17008
20210703,경원선,동두천중앙,2296,2315,4611
20210703,경원선,월계,3973,3840,7813
20210703,경원선,동두천,1381,1740,3121
20210703,경원선,광운대,5140,4988,10128
20210703,경원선,석계,6009,6350,12359
20210703,경원선,신이문,5553,5239,10792
20210703,경원선,외대앞,5327,5186,10513
20210703,경원선,청량리,14466,16028,30494
20210703,경원선,왕십리,10935,12689,23624
20210703,경원선,보산,1285,1337,2622
20210703,경원선,옥수,46,39,85
20210703,경원선,한남,2511,2445,4956
20210703,경원선,서빙고,1157,1128,2285
20210703,경원선,이촌,2748,2101,4849
20210703,경원선,소요산,3148,2848,5996
20210703,경원선,응봉,1155,1017,2172
20210704,경원선,망월사,3430,3510,6940
20210704,경원선,회룡,5641,5614,11255
20210704,경원선,의정부,10668,10782,21450
20210704,경원선,가능,3181,3005,6186
20210704,경원선,녹양,2178,2125,4303
20210704,경원선,양주,3597,3668,7265
20210704,경원선,지행,3406,3431,6837
20210704,경원선,덕정,2500,2617,5117
20210704,경원선,동두천중앙,1685,1597,3282
20210704,경원선,보산,1057,1023,2080
20210704,경원선,동두천,1183,1279,2462
20210704,경원선,도봉산,4489,3059,7548
20210704,경원선,덕계,1292,1235,2527
20210704,경원선,소요산,2406,1945,4351
20210704,경원선,도봉,2783,2579,5362
20210704,경원선,녹천,2045,1806,3851
20210704,경원선,방학,4678,4580,9258
20210704,경원선,이촌,1785,1415,3200
20210704,경원선,서빙고,1131,1081,2212
20210704,경원선,한남,1545,1605,3150
20210704,경원선,응봉,981,868,1849
20210704,경원선,왕십리,7526,8530,16056
20210704,경원선,옥수,47,22,69
20210704,경원선,외대앞,3692,3657,7349
20210704,경원선,신이문,3762,3575,7337
20210704,경원선,석계,3800,4228,8028
20210704,경원선,광운대,3470,3604,7074
20210704,경원선,월계,3192,2929,6121
20210704,경원선,청량리,11997,10451,22448
20210705,경원선,외대앞,6808,7039,13847
20210705,경원선,월계,6583,6349,12932
20210705,경원선,광운대,8079,7705,15784
20210705,경원선,석계,8043,9175,17218
20210705,경원선,신이문,8740,7951,16691
20210705,경원선,청량리,14350,15292,29642
20210705,경원선,녹천,4917,4174,9091
20210705,경원선,응봉,1843,1546,3389
20210705,경원선,옥수,51,49,100
20210705,경원선,한남,4329,4107,8436
20210705,경원선,서빙고,1859,1783,3642
20210705,경원선,이촌,3987,2995,6982
20210705,경원선,왕십리,13450,14986,28436
20210705,경원선,방학,9819,9482,19301
20210705,경원선,도봉,6166,5898,12064
20210705,경원선,도봉산,7849,4949,12798
20210705,경원선,동두천,2123,2393,4516
20210705,경원선,보산,1744,1882,3626
20210705,경원선,동두천중앙,3363,3247,6610
20210705,경원선,지행,6489,6570,13059
20210705,경원선,덕정,5294,5141,10435
20210705,경원선,덕계,2981,2616,5597
20210705,경원선,소요산,2901,2441,5342
20210705,경원선,녹양,4793,4481,9274
20210705,경원선,가능,6741,6509,13250
20210705,경원선,의정부,17650,18053,35703
20210705,경원선,회룡,12537,12468,25005
20210705,경원선,망월사,7291,7398,14689
20210705,경원선,양주,7590,7143,14733
20210706,경원선,녹천,4933,4197,9130
20210706,경원선,월계,6653,6317,12970
20210706,경원선,광운대,8043,7588,15631
20210706,경원선,석계,8190,9299,17489
20210706,경원선,신이문,8650,7993,16643
20210706,경원선,외대앞,6831,6951,13782
20210706,경원선,응봉,1845,1609,3454
20210706,경원선,왕십리,13476,15128,28604
20210706,경원선,옥수,60,36,96
20210706,경원선,한남,4249,4081,8330
20210706,경원선,서빙고,1862,1789,3651
20210706,경원선,방학,9787,9467,19254
20210706,경원선,청량리,14486,15264,29750
20210706,경원선,도봉,6115,5877,11992
20210706,경원선,이촌,3957,2965,6922
20210706,경원선,망월사,7501,7675,15176
20210706,경원선,소요산,3009,2573,5582
20210706,경원선,동두천,2053,2365,4418
20210706,경원선,보산,1463,1335,2798
20210706,경원선,동두천중앙,3224,3087,6311
20210706,경원선,지행,6243,6313,12556
20210706,경원선,덕정,5262,5166,10428
20210706,경원선,도봉산,8117,5163,13280
20210706,경원선,양주,7717,7271,14988
20210706,경원선,녹양,4699,4488,9187
20210706,경원선,가능,6635,6364,12999
20210706,경원선,의정부,17953,18344,36297
20210706,경원선,회룡,12644,12541,25185
20210706,경원선,덕계,2963,2640,5603
20210707,경원선,망월사,7270,7495,14765
20210707,경원선,회룡,12270,12088,24358
20210707,경원선,의정부,17297,17775,35072
20210707,경원선,가능,6508,6233,12741
20210707,경원선,녹양,4654,4431,9085
20210707,경원선,양주,7361,7006,14367
20210707,경원선,지행,6204,6162,12366
20210707,경원선,덕정,5201,5134,10335
20210707,경원선,동두천중앙,3097,2953,6050
20210707,경원선,보산,1416,1295,2711
20210707,경원선,동두천,2032,2220,4252
20210707,경원선,도봉산,7518,4708,12226
20210707,경원선,덕계,2966,2693,5659
20210707,경원선,소요산,2693,2327,5020
20210707,경원선,도봉,5902,5790,11692
20210707,경원선,녹천,4733,4058,8791
20210707,경원선,방학,9614,9394,19008
20210707,경원선,이촌,3712,2867,6579
20210707,경원선,서빙고,1898,1757,3655
20210707,경원선,한남,4191,3959,8150
20210707,경원선,응봉,1793,1509,3302
20210707,경원선,왕십리,13274,15005,28279
20210707,경원선,옥수,47,29,76
20210707,경원선,외대앞,6524,6472,12996
20210707,경원선,신이문,8442,7858,16300
20210707,경원선,석계,7924,9055,16979
20210707,경원선,광운대,7965,7425,15390
20210707,경원선,월계,6235,6080,12315
20210707,경원선,청량리,13803,14521,28324
20210708,경원선,덕계,2774,2532,5306
20210708,경원선,의정부,16437,16949,33386
20210708,경원선,가능,6281,6115,12396
20210708,경원선,녹양,4464,4211,8675
20210708,경원선,양주,7099,6607,13706
20210708,경원선,덕정,4810,4763,9573
20210708,경원선,회룡,11833,11809,23642
20210708,경원선,동두천중앙,2993,2920,5913
20210708,경원선,보산,1356,1230,2586
20210708,경원선,동두천,2012,2100,4112
20210708,경원선,소요산,2569,2252,4821
20210708,경원선,석계,7563,8594,16157
20210708,경원선,지행,5813,5888,11701
20210708,경원선,망월사,6847,6951,13798
20210708,경원선,도봉산,7029,4396,11425
20210708,경원선,도봉,5865,5650,11515
20210708,경원선,서빙고,1836,1657,3493
20210708,경원선,한남,4076,3908,7984
20210708,경원선,옥수,33,31,64
20210708,경원선,응봉,1740,1493,3233
20210708,경원선,왕십리,12877,14587,27464
20210708,경원선,청량리,13234,14108,27342
20210708,경원선,이촌,3618,2775,6393
20210708,경원선,신이문,8166,7585,15751
20210708,경원선,광운대,7670,7266,14936
20210708,경원선,월계,6170,5946,12116
20210708,경원선,녹천,4670,3978,8648
20210708,경원선,방학,9185,9013,18198
20210708,경원선,외대앞,6332,6358,12690
20210709,경원선,망월사,7079,7166,14245
20210709,경원선,회룡,11890,11995,23885
20210709,경원선,의정부,17076,17984,35060
20210709,경원선,가능,6414,6186,12600
20210709,경원선,녹양,4495,4290,8785
20210709,경원선,양주,7397,7007,14404
20210709,경원선,지행,6147,6167,12314
20210709,경원선,덕정,5164,4821,9985
20210709,경원선,동두천중앙,3007,2960,5967
20210709,경원선,보산,1366,1305,2671
20210709,경원선,동두천,2011,2244,4255
20210709,경원선,도봉산,7292,4533,11825
20210709,경원선,덕계,2863,2599,5462
20210709,경원선,도봉,5933,5585,11518
20210709,경원선,소요산,2676,2285,4961
20210709,경원선,녹천,4712,3878,8590
20210709,경원선,이촌,3655,2835,6490
20210709,경원선,서빙고,1942,1691,3633
20210709,경원선,한남,4064,3807,7871
20210709,경원선,옥수,60,31,91
20210709,경원선,응봉,1752,1422,3174
20210709,경원선,왕십리,13145,14869,28014
20210709,경원선,방학,9295,9203,18498
20210709,경원선,외대앞,6554,6478,13032
20210709,경원선,신이문,8384,7606,15990
20210709,경원선,석계,7929,8706,16635
20210709,경원선,광운대,7768,7238,15006
20210709,경원선,월계,6275,5979,12254
20210709,경원선,청량리,14987,16404,31391
20210710,경원선,양주,4913,4715,9628
20210710,경원선,덕계,1901,1813,3714
20210710,경원선,덕정,3476,3413,6889
20210710,경원선,지행,4378,4288,8666
20210710,경원선,동두천중앙,2275,2349,4624
20210710,경원선,보산,1146,1188,2334
20210710,경원선,이촌,2449,1839,4288
20210710,경원선,소요산,3252,2904,6156
20210710,경원선,서빙고,1079,957,2036
20210710,경원선,한남,2414,2184,4598
20210710,경원선,옥수,37,27,64
20210710,경원선,녹양,2943,2881,5824
20210710,경원선,동두천,1357,1731,3088
20210710,경원선,응봉,1116,909,2025
20210710,경원선,가능,4527,4266,8793
20210710,경원선,회룡,7797,7836,15633
20210710,경원선,의정부,13801,14741,28542
20210710,경원선,왕십리,9780,11309,21089
20210710,경원선,청량리,11997,14026,26023
20210710,경원선,외대앞,4897,4778,9675
20210710,경원선,석계,5350,5667,11017
20210710,경원선,광운대,4747,4575,9322
20210710,경원선,신이문,5325,4797,10122
20210710,경원선,녹천,2930,2464,5394
20210710,경원선,방학,6344,6161,12505
20210710,경원선,도봉,3894,3631,7525
20210710,경원선,도봉산,7129,4815,11944
20210710,경원선,망월사,4750,4776,9526
20210710,경원선,월계,4163,3817,7980
20210711,경원선,양주,3674,3570,7244
20210711,경원선,회룡,5326,5416,10742
20210711,경원선,의정부,10373,10575,20948
20210711,경원선,가능,3178,3025,6203
20210711,경원선,녹양,2092,2088,4180
20210711,경원선,덕계,1362,1253,2615
20210711,경원선,망월사,3707,3617,7324
20210711,경원선,지행,3301,3240,6541
20210711,경원선,동두천중앙,1676,1608,3284
20210711,경원선,보산,987,864,1851
20210711,경원선,동두천,1066,1290,2356
20210711,경원선,소요산,3283,2750,6033
20210711,경원선,덕정,2583,2731,5314
20210711,경원선,도봉산,5820,4161,9981
20210711,경원선,도봉,2688,2515,5203
20210711,경원선,방학,4552,4388,8940
20210711,경원선,서빙고,953,995,1948
20210711,경원선,한남,1472,1516,2988
20210711,경원선,옥수,55,24,79
20210711,경원선,응봉,792,725,1517
20210711,경원선,왕십리,6535,7676,14211
20210711,경원선,청량리,10747,9431,20178
20210711,경원선,이촌,1646,1385,3031
20210711,경원선,신이문,3639,3454,7093
20210711,경원선,석계,3616,3953,7569
20210711,경원선,광운대,3184,3243,6427
20210711,경원선,월계,2853,2629,5482
20210711,경원선,녹천,2077,1799,3876
20210711,경원선,외대앞,3772,3701,7473
20210712,경원선,도봉산,6634,4127,10761
20210712,경원선,망월사,6375,6491,12866
20210712,경원선,회룡,11024,10877,21901
20210712,경원선,의정부,15831,15970,31801
20210712,경원선,가능,5977,5765,11742
20210712,경원선,녹양,4100,3915,8015
20210712,경원선,지행,5520,5514,11034
20210712,경원선,덕정,4689,4705,9394
20210712,경원선,동두천중앙,2867,2664,5531
20210712,경원선,보산,1276,1115,2391
20210712,경원선,동두천,1790,2055,3845
20210712,경원선,도봉,5481,5256,10737
20210712,경원선,덕계,2651,2374,5025
20210712,경원선,방학,8542,8427,16969
20210712,경원선,소요산,2611,2241,4852
20210712,경원선,월계,5385,5174,10559
20210712,경원선,양주,6738,6332,13070
20210712,경원선,이촌,3222,2599,5821
20210712,경원선,서빙고,1653,1534,3187
20210712,경원선,한남,3757,3613,7370
20210712,경원선,옥수,33,29,62
20210712,경원선,응봉,1547,1326,2873
20210712,경원선,녹천,4405,3754,8159
20210712,경원선,청량리,11649,12097,23746
20210712,경원선,외대앞,5890,5975,11865
20210712,경원선,신이문,7583,6998,14581
20210712,경원선,석계,6881,7929,14810
20210712,경원선,광운대,6944,6560,13504
20210712,경원선,왕십리,11185,12904,24089
20210713,경원선,녹천,4339,3646,7985
20210713,경원선,월계,5450,5280,10730
20210713,경원선,광운대,6837,6447,13284
20210713,경원선,석계,6895,7933,14828
20210713,경원선,신이문,7516,7066,14582
20210713,경원선,외대앞,6009,5997,12006
20210713,경원선,응봉,1582,1336,2918
20210713,경원선,왕십리,11297,12944,24241
20210713,경원선,옥수,46,35,81
20210713,경원선,한남,3759,3555,7314
20210713,경원선,서빙고,1690,1570,3260
20210713,경원선,방학,8580,8394,16974
20210713,경원선,청량리,12128,13008,25136
20210713,경원선,이촌,3223,2519,5742
20210713,경원선,도봉,5432,5322,10754
20210713,경원선,망월사,6364,6626,12990
20210713,경원선,도봉산,7217,4513,11730
20210713,경원선,소요산,2786,2473,5259
20210713,경원선,동두천,1855,2079,3934
20210713,경원선,보산,1256,1137,2393
20210713,경원선,지행,5430,5479,10909
20210713,경원선,덕정,4636,4491,9127
20210713,경원선,동두천중앙,2717,2650,5367
20210713,경원선,양주,6746,6357,13103
20210713,경원선,녹양,4127,3936,8063
20210713,경원선,가능,5846,5708,11554
20210713,경원선,의정부,15608,15963,31571
20210713,경원선,회룡,11033,10842,21875
20210713,경원선,덕계,2631,2366,4997
20210714,경원선,청량리,11905,12705,24610
20210714,경원선,광운대,6733,6380,13113
20210714,경원선,석계,6879,7761,14640
20210714,경원선,신이문,7390,6888,14278
20210714,경원선,외대앞,5808,5789,11597
20210714,경원선,왕십리,11468,13140,24608
20210714,경원선,월계,5218,5065,10283
20210714,경원선,옥수,41,28,69
20210714,경원선,한남,3650,3395,7045
20210714,경원선,서빙고,1646,1465,3111
20210714,경원선,이촌,3213,2472,5685
20210714,경원선,도봉,5269,5077,10346
20210714,경원선,응봉,1515,1271,2786
20210714,경원선,녹천,4078,3429,7507
20210714,경원선,소요산,2917,2571,5488
20210714,경원선,도봉산,6896,4285,11181
20210714,경원선,동두천,1787,2026,3813
20210714,경원선,보산,1195,1089,2284
20210714,경원선,동두천중앙,2745,2652,5397
20210714,경원선,지행,5386,5381,10767
20210714,경원선,덕정,4522,4476,8998
20210714,경원선,덕계,2628,2278,4906
20210714,경원선,방학,8352,8167,16519
20210714,경원선,녹양,4075,3967,8042
20210714,경원선,가능,5792,5558,11350
20210714,경원선,의정부,15399,15891,31290
20210714,경원선,회룡,10785,10760,21545
20210714,경원선,망월사,6368,6598,12966
20210714,경원선,양주,6552,6302,12854
20210715,경원선,월계,5269,4994,10263
20210715,경원선,광운대,6699,6366,13065
20210715,경원선,석계,6685,7596,14281
20210715,경원선,신이문,7372,6841,14213
20210715,경원선,외대앞,5769,5805,11574
20210715,경원선,청량리,11798,12783,24581
20210715,경원선,옥수,33,28,61
20210715,경원선,응봉,1451,1271,2722
20210715,경원선,한남,3685,3476,7161
20210715,경원선,서빙고,1626,1470,3096
20210715,경원선,이촌,3100,2467,5567
20210715,경원선,녹천,4122,3508,7630
20210715,경원선,왕십리,11206,12798,24004
20210715,경원선,방학,8149,8077,16226
20210715,경원선,도봉,5253,5121,10374
20210715,경원선,도봉산,6766,4179,10945
20210715,경원선,동두천,1813,2067,3880
20210715,경원선,보산,1144,1107,2251
20210715,경원선,동두천중앙,2819,2803,5622
20210715,경원선,지행,5338,5323,10661
20210715,경원선,덕정,4432,4418,8850
20210715,경원선,덕계,2575,2345,4920
20210715,경원선,소요산,3025,2730,5755
20210715,경원선,녹양,3901,3813,7714
20210715,경원선,가능,5792,5587,11379
20210715,경원선,의정부,15195,15618,30813
20210715,경원선,회룡,10635,10549,21184
20210715,경원선,망월사,6290,6386,12676
20210715,경원선,양주,6423,6133,12556
20210716,경원선,월계,5344,5098,10442
20210716,경원선,광운대,6788,6316,13104
20210716,경원선,석계,7104,7869,14973
20210716,경원선,신이문,7387,6825,14212
20210716,경원선,외대앞,5939,5948,11887
20210716,경원선,청량리,13555,15101,28656
20210716,경원선,옥수,51,28,79
20210716,경원선,응봉,1514,1321,2835
20210716,경원선,한남,3713,3478,7191
20210716,경원선,서빙고,1634,1494,3128
20210716,경원선,이촌,3132,2420,5552
20210716,경원선,녹천,4118,3452,7570
20210716,경원선,왕십리,11828,13665,25493
20210716,경원선,방학,8285,8284,16569
20210716,경원선,소요산,3084,2787,5871
20210716,경원선,도봉산,6859,4236,11095
20210716,경원선,도봉,5343,5180,10523
20210716,경원선,동두천,1866,2107,3973
20210716,경원선,보산,1320,1208,2528
20210716,경원선,동두천중앙,2718,2689,5407
20210716,경원선,덕정,4522,4375,8897
20210716,경원선,덕계,2526,2347,4873
20210716,경원선,지행,5492,5557,11049
20210716,경원선,녹양,4045,3865,7910
20210716,경원선,가능,5885,5621,11506
20210716,경원선,의정부,15735,16430,32165
20210716,경원선,회룡,10777,10741,21518
20210716,경원선,망월사,6316,6436,12752
20210716,경원선,양주,6683,6327,13010
20210717,경원선,신이문,4863,4568,9431
20210717,경원선,녹천,2731,2273,5004
20210717,경원선,월계,3558,3412,6970
20210717,경원선,광운대,4299,4153,8452
20210717,경원선,석계,4894,5169,10063
20210717,경원선,외대앞,4468,4284,8752
20210717,경원선,이촌,2147,1679,3826
20210717,경원선,왕십리,8756,10185,18941
20210717,경원선,응봉,1302,1170,2472
20210717,경원선,옥수,31,29,60
20210717,경원선,한남,2222,1956,4178
20210717,경원선,서빙고,1011,839,1850
20210717,경원선,방학,5946,5768,11714
20210717,경원선,청량리,11431,13175,24606
20210717,경원선,도봉,3569,3431,7000
20210717,경원선,창동,1,0,1
20210717,경원선,망월사,4280,4504,8784
20210717,경원선,소요산,3947,3573,7520
20210717,경원선,동두천,1280,1661,2941
20210717,경원선,보산,993,985,1978
20210717,경원선,동두천중앙,1958,1991,3949
20210717,경원선,지행,3949,4041,7990
20210717,경원선,덕정,3294,3106,6400
20210717,경원선,도봉산,7559,5068,12627
20210717,경원선,양주,4682,4482,9164
20210717,경원선,녹양,2612,2574,5186
20210717,경원선,가능,4050,3900,7950
20210717,경원선,의정부,12760,13288,26048
20210717,경원선,회룡,7271,7371,14642
20210717,경원선,덕계,1876,1712,3588
20210718,경원선,창동,1,0,1
20210718,경원선,녹천,1936,1607,3543
20210718,경원선,월계,2669,2537,5206
20210718,경원선,광운대,3092,3179,6271
20210718,경원선,석계,3449,3883,7332
20210718,경원선,신이문,3580,3264,6844
20210718,경원선,왕십리,6538,7813,14351
20210718,경원선,청량리,10871,9226,20097
20210718,경원선,응봉,771,724,1495
20210718,경원선,옥수,50,11,61
20210718,경원선,한남,1446,1484,2930
20210718,경원선,방학,4189,4136,8325
20210718,경원선,이촌,1415,1129,2544
20210718,경원선,외대앞,3146,3214,6360
20210718,경원선,서빙고,691,676,1367
20210718,경원선,도봉,2631,2453,5084
20210718,경원선,망월사,3270,3387,6657
20210718,경원선,도봉산,6986,4927,11913
20210718,경원선,소요산,4159,3643,7802
20210718,경원선,동두천,1066,1273,2339
20210718,경원선,보산,880,818,1698
20210718,경원선,지행,3039,2940,5979
20210718,경원선,덕정,2339,2465,4804
20210718,경원선,동두천중앙,1651,1475,3126
20210718,경원선,양주,3485,3496,6981
20210718,경원선,녹양,1860,1894,3754
20210718,경원선,가능,2944,2772,5716
20210718,경원선,의정부,9942,10043,19985
20210718,경원선,회룡,5065,5150,10215
20210718,경원선,덕계,1144,1125,2269
20210719,경원선,녹양,4097,3870,7967
20210719,경원선,망월사,6285,6414,12699
20210719,경원선,회룡,10867,10745,21612
20210719,경원선,의정부,15113,15387,30500
20210719,경원선,가능,5801,5599,11400
20210719,경원선,양주,6796,6253,13049
20210719,경원선,도봉산,6316,4102,10418
20210719,경원선,덕정,4651,4524,9175
20210719,경원선,지행,5464,5433,10897
20210719,경원선,동두천중앙,2736,2578,5314
20210719,경원선,보산,1293,1103,2396
20210719,경원선,소요산,2954,2576,5530
20210719,경원선,덕계,2591,2293,4884
20210719,경원선,도봉,5268,5180,10448
20210719,경원선,동두천,1858,2082,3940
20210719,경원선,녹천,4179,3522,7701
20210719,경원선,이촌,3191,2526,5717
20210719,경원선,서빙고,1633,1477,3110
20210719,경원선,한남,3687,3462,7149
20210719,경원선,옥수,44,41,85
20210719,경원선,응봉,1435,1250,2685
20210719,경원선,왕십리,11075,12659,23734
20210719,경원선,방학,8336,8159,16495
20210719,경원선,외대앞,5666,5924,11590
20210719,경원선,신이문,7506,6947,14453
20210719,경원선,석계,6838,7923,14761
20210719,경원선,광운대,6703,6282,12985
20210719,경원선,월계,5368,5087,10455
20210719,경원선,청량리,12430,12822,25252
20210720,경원선,망월사,6474,6573,13047
20210720,경원선,회룡,11058,10861,21919
20210720,경원선,의정부,15384,15773,31157
20210720,경원선,가능,5911,5711,11622
20210720,경원선,녹양,4006,3934,7940
20210720,경원선,양주,6920,6503,13423
20210720,경원선,지행,5441,5488,10929
20210720,경원선,덕정,4591,4449,9040
20210720,경원선,도봉산,6438,4294,10732
20210720,경원선,동두천중앙,2828,2702,5530
20210720,경원선,보산,1236,1131,2367
20210720,경원선,동두천,1860,2215,4075
20210720,경원선,덕계,2591,2360,4951
20210720,경원선,도봉,5304,5166,10470
20210720,경원선,소요산,3181,2762,5943
20210720,경원선,녹천,4044,3504,7548
20210720,경원선,월계,5357,5188,10545
20210720,경원선,이촌,3168,2492,5660
20210720,경원선,서빙고,1660,1490,3150
20210720,경원선,한남,3713,3532,7245
20210720,경원선,옥수,38,21,59
20210720,경원선,응봉,1529,1325,2854
20210720,경원선,방학,8427,8291,16718
20210720,경원선,청량리,12247,12879,25126
20210720,경원선,외대앞,5792,5972,11764
20210720,경원선,신이문,7588,6989,14577
20210720,경원선,석계,6885,7900,14785
20210720,경원선,광운대,6878,6609,13487
20210720,경원선,왕십리,11558,13218,24776
20210721,경원선,서빙고,1585,1400,2985
20210721,경원선,한남,3566,3373,6939
20210721,경원선,옥수,46,27,73
20210721,경원선,응봉,1470,1219,2689
20210721,경원선,왕십리,11378,13138,24516
20210721,경원선,청량리,11837,12529,24366
20210721,경원선,석계,6662,7742,14404
20210721,경원선,신이문,7522,7008,14530
20210721,경원선,광운대,6670,6291,12961
20210721,경원선,월계,5088,4920,10008
20210721,경원선,녹천,4066,3412,7478
20210721,경원선,이촌,3138,2500,5638
20210721,경원선,외대앞,5766,5932,11698
20210721,경원선,방학,8308,8040,16348
20210721,경원선,소요산,3137,2759,5896
20210721,경원선,보산,1173,1070,2243
20210721,경원선,동두천,1816,2048,3864
20210721,경원선,도봉,5206,5108,10314
20210721,경원선,도봉산,6215,4223,10438
20210721,경원선,망월사,6294,6420,12714
20210721,경원선,의정부,15305,15821,31126
20210721,경원선,가능,5726,5526,11252
20210721,경원선,회룡,10717,10645,21362
20210721,경원선,양주,6765,6244,13009
20210721,경원선,덕계,2498,2285,4783
20210721,경원선,덕정,4412,4291,8703
20210721,경원선,지행,5185,5183,10368
20210721,경원선,동두천중앙,2758,2661,5419
20210721,경원선,녹양,3966,3873,7839
20210722,경원선,녹천,4023,3420,7443
20210722,경원선,월계,5177,4999,10176
20210722,경원선,광운대,6456,6102,12558
20210722,경원선,석계,6690,7598,14288
20210722,경원선,신이문,7341,6945,14286
20210722,경원선,외대앞,5548,5670,11218
20210722,경원선,응봉,1459,1255,2714
20210722,경원선,왕십리,11053,12853,23906
20210722,경원선,옥수,38,35,73
20210722,경원선,한남,3584,3355,6939
20210722,경원선,서빙고,1620,1448,3068
20210722,경원선,이촌,3123,2415,5538
20210722,경원선,청량리,11824,12594,24418
20210722,경원선,방학,7999,7784,15783
20210722,경원선,도봉,5122,4970,10092
20210722,경원선,망월사,6043,6256,12299
20210722,경원선,덕계,2489,2203,4692
20210722,경원선,소요산,3199,2837,6036
20210722,경원선,동두천,1783,2036,3819
20210722,경원선,보산,1163,1050,2213
20210722,경원선,동두천중앙,2603,2476,5079
20210722,경원선,지행,5190,5248,10438
20210722,경원선,도봉산,5835,3970,9805
20210722,경원선,양주,6562,6119,12681
20210722,경원선,녹양,3887,3756,7643
20210722,경원선,가능,5616,5503,11119
20210722,경원선,의정부,14868,15342,30210
20210722,경원선,회룡,10415,10449,20864
20210722,경원선,덕정,4369,4267,8636
20210723,경원선,망월사,6181,6346,12527
20210723,경원선,회룡,10685,10626,21311
20210723,경원선,의정부,15555,16393,31948
20210723,경원선,가능,5826,5626,11452
20210723,경원선,녹양,3930,3848,7778
20210723,경원선,양주,6647,6274,12921
20210723,경원선,지행,5454,5487,10941
20210723,경원선,덕정,4625,4410,9035
20210723,경원선,동두천중앙,2746,2677,5423
20210723,경원선,보산,1264,1212,2476
20210723,경원선,동두천,1902,2082,3984
20210723,경원선,도봉산,5936,4080,10016
20210723,경원선,덕계,2528,2279,4807
20210723,경원선,도봉,5166,5022,10188
20210723,경원선,소요산,3192,2878,6070
20210723,경원선,녹천,4074,3468,7542
20210723,경원선,이촌,3195,2460,5655
20210723,경원선,서빙고,1653,1462,3115
20210723,경원선,한남,3562,3325,6887
20210723,경원선,옥수,49,32,81
20210723,경원선,응봉,1508,1193,2701
20210723,경원선,왕십리,11874,13655,25529
20210723,경원선,방학,8321,8070,16391
20210723,경원선,외대앞,5890,5957,11847
20210723,경원선,신이문,7432,6860,14292
20210723,경원선,석계,6961,7894,14855
20210723,경원선,광운대,6603,6229,12832
20210723,경원선,월계,5154,4920,10074
20210723,경원선,청량리,13373,14737,28110
20210724,경원선,망월사,4409,4398,8807
20210724,경원선,회룡,6880,7073,13953
20210724,경원선,의정부,12790,13405,26195
20210724,경원선,가능,3914,3708,7622
20210724,경원선,녹양,2555,2435,4990
20210724,경원선,양주,4695,4522,9217
20210724,경원선,지행,3908,4016,7924
20210724,경원선,덕정,3292,3110,6402
20210724,경원선,동두천중앙,1912,1978,3890
20210724,경원선,보산,1034,1064,2098
20210724,경원선,동두천,1391,1695,3086
20210724,경원선,도봉산,6213,4722,10935
20210724,경원선,덕계,1670,1516,3186
20210724,경원선,소요산,4061,3680,7741
20210724,경원선,도봉,3421,3217,6638
20210724,경원선,녹천,2515,2100,4615
20210724,경원선,방학,5814,5583,11397
20210724,경원선,이촌,2107,1618,3725
20210724,경원선,서빙고,956,822,1778
20210724,경원선,한남,2107,1945,4052
20210724,경원선,응봉,1002,808,1810
20210724,경원선,왕십리,8762,10298,19060
20210724,경원선,옥수,37,34,71
20210724,경원선,외대앞,4090,4048,8138
20210724,경원선,신이문,4774,4251,9025
20210724,경원선,석계,4858,5037,9895
20210724,경원선,광운대,4226,4045,8271
20210724,경원선,월계,3689,3371,7060
20210724,경원선,청량리,11208,12820,24028
20210725,경원선,양주,3414,3387,6801
20210725,경원선,회룡,4963,5003,9966
20210725,경원선,의정부,9609,9546,19155
20210725,경원선,가능,2861,2763,5624
20210725,경원선,녹양,1803,1824,3627
20210725,경원선,덕계,1174,1105,2279
20210725,경원선,망월사,3166,3221,6387
20210725,경원선,지행,2919,2887,5806
20210725,경원선,동두천중앙,1699,1603,3302
20210725,경원선,보산,921,846,1767
20210725,경원선,동두천,1148,1321,2469
20210725,경원선,소요산,4292,3812,8104
20210725,경원선,덕정,2337,2354,4691
20210725,경원선,도봉산,5773,4539,10312
20210725,경원선,도봉,2492,2338,4830
20210725,경원선,창동,1,0,1
20210725,경원선,방학,3905,3783,7688
20210725,경원선,이촌,1394,1185,2579
20210725,경원선,서빙고,691,652,1343
20210725,경원선,한남,1450,1454,2904
20210725,경원선,응봉,725,703,1428
20210725,경원선,왕십리,6031,7179,13210
20210725,경원선,옥수,52,17,69
20210725,경원선,외대앞,3125,3177,6302
20210725,경원선,신이문,3353,3254,6607
20210725,경원선,석계,3277,3708,6985
20210725,경원선,광운대,2977,2891,5868
20210725,경원선,월계,2437,2328,4765
20210725,경원선,녹천,2012,1682,3694
20210725,경원선,청량리,10425,9085,19510
20210726,경원선,외대앞,5617,5782,11399
20210726,경원선,월계,5162,4915,10077
20210726,경원선,광운대,6578,6281,12859
20210726,경원선,석계,6716,7738,14454
20210726,경원선,신이문,7380,6910,14290
20210726,경원선,청량리,12228,12972,25200
20210726,경원선,도봉,5195,4846,10041
20210726,경원선,응봉,1375,1183,2558
20210726,경원선,옥수,48,26,74
20210726,경원선,한남,3553,3399,6952
20210726,경원선,서빙고,1662,1464,3126
20210726,경원선,이촌,3023,2368,5391
20210726,경원선,녹천,3967,3339,7306
20210726,경원선,왕십리,11367,13100,24467
20210726,경원선,창동,1,0,1
20210726,경원선,의정부,15512,15693,31205
20210726,경원선,덕정,4468,4411,8879
20210726,경원선,도봉산,5792,3946,9738
20210726,경원선,망월사,6250,6400,12650
20210726,경원선,회룡,10502,10287,20789
20210726,경원선,가능,5775,5599,11374
20210726,경원선,녹양,3914,3689,7603
20210726,경원선,양주,6618,6051,12669
20210726,경원선,덕계,2481,2174,4655
20210726,경원선,방학,8146,8081,16227
20210726,경원선,지행,5419,5383,10802
20210726,경원선,동두천중앙,2646,2514,5160
20210726,경원선,보산,1290,1065,2355
20210726,경원선,동두천,1802,2016,3818
20210726,경원선,소요산,3073,2624,5697
20210727,경원선,석계,6768,7626,14394
20210727,경원선,광운대,6557,6190,12747
20210727,경원선,녹천,3973,3423,7396
20210727,경원선,신이문,7384,6863,14247
20210727,경원선,월계,5142,4965,10107
20210727,경원선,외대앞,5548,5709,11257
20210727,경원선,서빙고,1589,1427,3016
20210727,경원선,응봉,1388,1202,2590
20210727,경원선,옥수,38,29,67
20210727,경원선,한남,3657,3503,7160
20210727,경원선,이촌,3063,2340,5403
20210727,경원선,방학,8101,8018,16119
20210727,경원선,청량리,12110,12697,24807
20210727,경원선,도봉,5162,5014,10176
20210727,경원선,왕십리,11238,12949,24187
20210727,경원선,망월사,6170,6240,12410
20210727,경원선,도봉산,6025,4015,10040
20210727,경원선,보산,1219,1107,2326
20210727,경원선,동두천중앙,2589,2537,5126
20210727,경원선,지행,5344,5340,10684
20210727,경원선,소요산,3167,2880,6047
20210727,경원선,덕정,4402,4337,8739
20210727,경원선,동두천,1812,2044,3856
20210727,경원선,양주,6432,6027,12459
20210727,경원선,덕계,2451,2161,4612
20210727,경원선,의정부,15064,15492,30556
20210727,경원선,회룡,10628,10461,21089
20210727,경원선,녹양,3880,3737,7617
20210727,경원선,가능,5749,5623,11372
20210728,경원선,양주,6484,6067,12551
20210728,경원선,도봉산,6469,4113,10582
20210728,경원선,소요산,3119,2827,5946
20210728,경원선,동두천,1855,2032,3887
20210728,경원선,보산,1205,1125,2330
20210728,경원선,지행,5267,5206,10473
20210728,경원선,덕정,4370,4255,8625
20210728,경원선,덕계,2407,2154,4561
20210728,경원선,녹양,3866,3634,7500
20210728,경원선,가능,5651,5502,11153
20210728,경원선,의정부,15399,15831,31230
20210728,경원선,회룡,10419,10400,20819
20210728,경원선,망월사,6001,6207,12208
20210728,경원선,도봉,5193,5029,10222
20210728,경원선,동두천중앙,2627,2497,5124
20210728,경원선,녹천,3975,3443,7418
20210728,경원선,방학,8126,8072,16198
20210728,경원선,이촌,2957,2352,5309
20210728,경원선,서빙고,1611,1441,3052
20210728,경원선,한남,3651,3471,7122
20210728,경원선,응봉,1376,1202,2578
20210728,경원선,왕십리,11544,13164,24708
20210728,경원선,옥수,40,28,68
20210728,경원선,외대앞,5532,5754,11286
20210728,경원선,신이문,7386,6843,14229
20210728,경원선,석계,6717,7748,14465
20210728,경원선,광운대,6487,6112,12599
20210728,경원선,월계,4972,4828,9800
20210728,경원선,청량리,12118,12977,25095
20210729,경원선,녹양,3775,3640,7415
20210729,경원선,회룡,10327,10220,20547
20210729,경원선,의정부,15343,15615,30958
20210729,경원선,가능,5627,5470,11097
20210729,경원선,양주,6427,5994,12421
20210729,경원선,소요산,3074,2731,5805
20210729,경원선,덕정,4366,4229,8595
20210729,경원선,지행,5101,5135,10236
20210729,경원선,동두천중앙,2699,2614,5313
20210729,경원선,보산,1194,1116,2310
20210729,경원선,동두천,1795,1982,3777
20210729,경원선,망월사,5966,6110,12076
20210729,경원선,덕계,2383,2109,4492
20210729,경원선,도봉산,6475,3972,10447
20210729,경원선,광운대,6370,6001,12371
20210729,경원선,방학,8087,7896,15983
20210729,경원선,이촌,3010,2419,5429
20210729,경원선,서빙고,1637,1506,3143
20210729,경원선,한남,3560,3317,6877
20210729,경원선,도봉,4999,4857,9856
20210729,경원선,응봉,1420,1163,2583
20210729,경원선,왕십리,11016,12763,23779
20210729,경원선,옥수,44,32,76
20210729,경원선,외대앞,5478,5565,11043
20210729,경원선,신이문,7265,6781,14046
20210729,경원선,석계,6628,7518,14146
20210729,경원선,월계,5061,4926,9987
20210729,경원선,녹천,3957,3315,7272
20210729,경원선,청량리,11917,12794,24711
20210730,경원선,녹천,3910,3339,7249
20210730,경원선,신이문,7224,6593,13817
20210730,경원선,월계,5123,4845,9968
20210730,경원선,광운대,6574,6137,12711
20210730,경원선,석계,6917,7685,14602
20210730,경원선,외대앞,5617,5698,11315
20210730,경원선,이촌,3085,2372,5457
20210730,경원선,왕십리,11922,13518,25440
20210730,경원선,옥수,45,30,75
20210730,경원선,한남,3543,3333,6876
20210730,경원선,서빙고,1673,1508,3181
20210730,경원선,방학,8218,7911,16129
20210730,경원선,청량리,13580,15128,28708
20210730,경원선,도봉,5163,4905,10068
20210730,경원선,응봉,1397,1150,2547
20210730,경원선,망월사,5997,6153,12150
20210730,경원선,동두천,1722,1987,3709
20210730,경원선,보산,1315,1176,2491
20210730,경원선,동두천중앙,2675,2663,5338
20210730,경원선,소요산,3238,2916,6154
20210730,경원선,지행,5376,5363,10739
20210730,경원선,덕정,4441,4222,8663
20210730,경원선,도봉산,6562,4101,10663
20210730,경원선,양주,6618,6224,12842
20210730,경원선,녹양,3871,3693,7564
20210730,경원선,가능,5623,5399,11022
20210730,경원선,의정부,15781,16647,32428
20210730,경원선,회룡,10254,10344,20598
20210730,경원선,덕계,2355,2098,4453
20210731,경원선,의정부,12677,13148,25825
20210731,경원선,회룡,6891,6963,13854
20210731,경원선,망월사,4203,4204,8407
20210731,경원선,이촌,2175,1649,3824
20210731,경원선,서빙고,972,824,1796
20210731,경원선,한남,2127,2033,4160
20210731,경원선,왕십리,8678,9916,18594
20210731,경원선,응봉,944,789,1733
20210731,경원선,청량리,11320,13138,24458
20210731,경원선,외대앞,4261,4279,8540
20210731,경원선,신이문,4666,4313,8979
20210731,경원선,가능,3838,3761,7599
20210731,경원선,옥수,39,26,65
20210731,경원선,녹양,2556,2498,5054
20210731,경원선,양주,4636,4491,9127
20210731,경원선,덕계,1649,1518,3167
20210731,경원선,광운대,4080,4004,8084
20210731,경원선,월계,3432,3226,6658
20210731,경원선,녹천,2718,2172,4890
20210731,경원선,방학,5657,5479,11136
20210731,경원선,도봉산,6530,4442,10972
20210731,경원선,도봉,3401,3289,6690
20210731,경원선,석계,4819,5280,10099
20210731,경원선,동두천,1302,1584,2886
20210731,경원선,보산,1010,1079,2089
20210731,경원선,동두천중앙,1962,2067,4029
20210731,경원선,지행,3828,3810,7638
20210731,경원선,덕정,3329,3073,6402
20210731,경원선,소요산,3635,3317,6952
20210801,경원선,월계,2629,2453,5082
20210801,경원선,광운대,2984,3005,5989
20210801,경원선,석계,3393,3905,7298
20210801,경원선,신이문,3374,3198,6572
20210801,경원선,외대앞,3105,3138,6243
20210801,경원선,청량리,11070,9598,20668
20210801,경원선,옥수,49,18,67
20210801,경원선,응봉,681,623,1304
20210801,경원선,한남,1412,1412,2824
20210801,경원선,서빙고,665,659,1324
20210801,경원선,이촌,1281,1107,2388
20210801,경원선,녹천,1755,1526,3281
20210801,경원선,왕십리,6525,7535,14060
20210801,경원선,방학,3846,3778,7624
20210801,경원선,소요산,3392,2902,6294
20210801,경원선,도봉산,5676,3875,9551
20210801,경원선,도봉,2463,2371,4834
20210801,경원선,동두천,1061,1242,2303
20210801,경원선,보산,908,837,1745
20210801,경원선,동두천중앙,1572,1477,3049
20210801,경원선,덕정,2287,2235,4522
20210801,경원선,덕계,1136,1110,2246
20210801,경원선,지행,2699,2777,5476
20210801,경원선,녹양,1796,1745,3541
20210801,경원선,가능,2824,2642,5466
20210801,경원선,의정부,9570,9552,19122
20210801,경원선,회룡,4918,4779,9697
20210801,경원선,망월사,3015,3091,6106
20210801,경원선,양주,3411,3235,6646
20210802,경원선,석계,6203,7088,13291
20210802,경원선,녹천,3855,3214,7069
20210802,경원선,월계,4725,4542,9267
20210802,경원선,이촌,2984,2368,5352
20210802,경원선,광운대,6135,5822,11957
20210802,경원선,신이문,6719,6213,12932
20210802,경원선,서빙고,1550,1386,2936
20210802,경원선,청량리,12298,12248,24546
20210802,경원선,왕십리,10852,12698,23550
20210802,경원선,응봉,1360,1215,2575
20210802,경원선,옥수,47,26,73
20210802,경원선,한남,3475,3378,6853
20210802,경원선,창동,1,0,1
20210802,경원선,외대앞,5509,5654,11163
20210802,경원선,방학,7768,7647,15415
20210802,경원선,의정부,15117,15712,30829
20210802,경원선,도봉산,5857,3527,9384
20210802,경원선,도봉,4981,4792,9773
20210802,경원선,소요산,2386,1970,4356
20210802,경원선,동두천,1576,1689,3265
20210802,경원선,보산,1288,1125,2413
20210802,경원선,지행,4988,4947,9935
20210802,경원선,덕정,4159,3902,8061
20210802,경원선,동두천중앙,2615,2522,5137
20210802,경원선,양주,6157,5738,11895
20210802,경원선,녹양,3720,3551,7271
20210802,경원선,가능,5323,5158,10481
20210802,경원선,회룡,9879,9740,19619
20210802,경원선,망월사,5782,5955,11737
20210802,경원선,덕계,2330,1993,4323
20210803,경원선,녹양,3632,3571,7203
20210803,경원선,망월사,5950,6105,12055
20210803,경원선,회룡,10007,9987,19994
20210803,경원선,의정부,15255,15486,30741
20210803,경원선,가능,5398,5182,10580
20210803,경원선,양주,6411,6094,12505
20210803,경원선,소요산,3098,2683,5781
20210803,경원선,덕정,4121,4004,8125
20210803,경원선,동두천중앙,2515,2513,5028
20210803,경원선,보산,1213,1093,2306
20210803,경원선,동두천,1642,1914,3556
20210803,경원선,도봉산,6694,4175,10869
20210803,경원선,덕계,2299,2106,4405
20210803,경원선,도봉,4943,4801,9744
20210803,경원선,지행,5017,4946,9963
20210803,경원선,녹천,3814,3237,7051
20210803,경원선,방학,7821,7708,15529
20210803,경원선,이촌,2977,2325,5302
20210803,경원선,서빙고,1605,1458,3063
20210803,경원선,한남,3593,3342,6935
20210803,경원선,응봉,1440,1258,2698
20210803,경원선,왕십리,11178,13059,24237
20210803,경원선,옥수,41,28,69
20210803,경원선,외대앞,5532,5544,11076
20210803,경원선,신이문,6752,6393,13145
20210803,경원선,석계,6360,7269,13629
20210803,경원선,광운대,6235,6012,12247
20210803,경원선,월계,4837,4588,9425
20210803,경원선,청량리,12328,12502,24830
20210804,경원선,녹양,3731,3735,7466
20210804,경원선,회룡,10159,10108,20267
20210804,경원선,의정부,15217,15695,30912
20210804,경원선,가능,5396,5209,10605
20210804,경원선,양주,6368,6122,12490
20210804,경원선,소요산,3054,2602,5656
20210804,경원선,덕정,4157,4070,8227
20210804,경원선,지행,5089,5056,10145
20210804,경원선,동두천중앙,2576,2552,5128
20210804,경원선,보산,1174,1090,2264
20210804,경원선,동두천,1788,1985,3773
20210804,경원선,망월사,5992,6204,12196
20210804,경원선,덕계,2330,2142,4472
20210804,경원선,도봉산,6657,4209,10866
20210804,경원선,광운대,6187,5900,12087
20210804,경원선,방학,7747,7654,15401
20210804,경원선,이촌,2995,2376,5371
20210804,경원선,서빙고,1618,1447,3065
20210804,경원선,한남,3485,3309,6794
20210804,경원선,도봉,5058,4834,9892
20210804,경원선,응봉,1457,1205,2662
20210804,경원선,왕십리,11555,13324,24879
20210804,경원선,옥수,48,38,86
20210804,경원선,외대앞,5536,5706,11242
20210804,경원선,신이문,6791,6333,13124
20210804,경원선,석계,6422,7276,13698
20210804,경원선,월계,4819,4659,9478
20210804,경원선,녹천,3851,3225,7076
20210804,경원선,청량리,11978,12539,24517
20210805,경원선,망월사,5953,6199,12152
20210805,경원선,회룡,10590,10463,21053
20210805,경원선,녹양,3812,3680,7492
20210805,경원선,의정부,15417,15753,31170
20210805,경원선,가능,5568,5420,10988
20210805,경원선,양주,6641,6194,12835
20210805,경원선,동두천,1755,1993,3748
20210805,경원선,지행,5173,5200,10373
20210805,경원선,동두천중앙,2760,2744,5504
20210805,경원선,보산,1249,1118,2367
20210805,경원선,소요산,3170,2808,5978
20210805,경원선,도봉산,6758,4238,10996
20210805,경원선,덕계,2470,2206,4676
20210805,경원선,도봉,5147,4916,10063
20210805,경원선,덕정,4354,4340,8694
20210805,경원선,녹천,4033,3377,7410
20210805,경원선,서빙고,1618,1445,3063
20210805,경원선,한남,3521,3344,6865
20210805,경원선,옥수,41,25,66
20210805,경원선,응봉,1433,1216,2649
20210805,경원선,방학,7987,7810,15797
20210805,경원선,왕십리,11436,13369,24805
20210805,경원선,이촌,3054,2294,5348
20210805,경원선,외대앞,5672,5895,11567
20210805,경원선,신이문,7265,6728,13993
20210805,경원선,석계,6868,7764,14632
20210805,경원선,광운대,6603,6225,12828
20210805,경원선,월계,5040,4863,9903
20210805,경원선,청량리,12345,13113,25458
20210806,경원선,녹천,3934,3253,7187
20210806,경원선,월계,5087,4901,9988
20210806,경원선,광운대,6655,6283,12938
20210806,경원선,석계,6944,7784,14728
20210806,경원선,신이문,7320,6646,13966
20210806,경원선,외대앞,6001,6083,12084
20210806,경원선,응봉,1464,1176,2640
20210806,경원선,왕십리,11940,13977,25917
20210806,경원선,옥수,47,28,75
20210806,경원선,한남,3605,3298,6903
20210806,경원선,서빙고,1621,1449,3070
20210806,경원선,방학,8264,8021,16285
20210806,경원선,청량리,13659,14888,28547
20210806,경원선,도봉,5191,5091,10282
20210806,경원선,이촌,3084,2424,5508
20210806,경원선,망월사,6125,6226,12351
20210806,경원선,소요산,3278,2943,6221
20210806,경원선,동두천,1842,2126,3968
20210806,경원선,보산,1311,1127,2438
20210806,경원선,동두천중앙,2663,2598,5261
20210806,경원선,지행,5106,5292,10398
20210806,경원선,덕정,4501,4334,8835
20210806,경원선,도봉산,6810,4378,11188
20210806,경원선,양주,6738,6310,13048
20210806,경원선,녹양,3967,3880,7847
20210806,경원선,가능,5670,5450,11120
20210806,경원선,의정부,15687,16488,32175
20210806,경원선,회룡,10654,10564,21218
20210806,경원선,덕계,2420,2325,4745
20210807,경원선,망월사,4659,4680,9339
20210807,경원선,회룡,7565,7577,15142
20210807,경원선,의정부,13451,14064,27515
20210807,경원선,가능,4142,4040,8182
20210807,경원선,녹양,2728,2694,5422
20210807,경원선,양주,4943,4755,9698
20210807,경원선,지행,4307,4229,8536
20210807,경원선,덕정,3391,3272,6663
20210807,경원선,동두천중앙,2029,2076,4105
20210807,경원선,보산,1066,1103,2169
20210807,경원선,동두천,1388,1823,3211
20210807,경원선,도봉산,7304,5007,12311
20210807,경원선,덕계,1812,1697,3509
20210807,경원선,소요산,3898,3574,7472
20210807,경원선,도봉,3624,3390,7014
20210807,경원선,녹천,2710,2260,4970
20210807,경원선,방학,6180,6009,12189
20210807,경원선,이촌,2268,1704,3972
20210807,경원선,서빙고,1061,923,1984
20210807,경원선,한남,2181,2065,4246
20210807,경원선,응봉,1056,882,1938
20210807,경원선,왕십리,9121,10951,20072
20210807,경원선,옥수,27,39,66
20210807,경원선,외대앞,4531,4332,8863
20210807,경원선,신이문,4910,4536,9446
20210807,경원선,석계,5074,5355,10429
20210807,경원선,광운대,4399,4360,8759
20210807,경원선,월계,3653,3461,7114
20210807,경원선,청량리,11930,13615,25545
20210808,경원선,녹양,1987,1968,3955
20210808,경원선,망월사,3382,3419,6801
20210808,경원선,회룡,5353,5325,10678
20210808,경원선,의정부,10012,10258,20270
20210808,경원선,가능,3061,2917,5978
20210808,경원선,덕계,1186,1183,2369
20210808,경원선,도봉산,6799,4641,11440
20210808,경원선,지행,3027,3081,6108
20210808,경원선,동두천중앙,1675,1573,3248
20210808,경원선,보산,966,908,1874
20210808,경원선,동두천,1063,1304,2367
20210808,경원선,소요산,4008,3457,7465
20210808,경원선,덕정,2429,2527,4956
20210808,경원선,도봉,2600,2492,5092
20210808,경원선,방학,4139,4092,8231
20210808,경원선,녹천,2033,1734,3767
20210808,경원선,이촌,1391,1170,2561
20210808,경원선,서빙고,663,650,1313
20210808,경원선,한남,1431,1443,2874
20210808,경원선,옥수,43,16,59
20210808,경원선,응봉,707,674,1381
20210808,경원선,왕십리,6383,7575,13958
20210808,경원선,양주,3841,3789,7630
20210808,경원선,외대앞,3279,3311,6590
20210808,경원선,신이문,3571,3416,6987
20210808,경원선,석계,3602,3992,7594
20210808,경원선,광운대,3123,3126,6249
20210808,경원선,월계,2575,2420,4995
20210808,경원선,청량리,11167,9660,20827
20210809,경원선,녹천,3966,3448,7414
20210809,경원선,월계,5279,5098,10377
20210809,경원선,광운대,6768,6385,13153
20210809,경원선,석계,6959,8002,14961
20210809,경원선,신이문,7512,7021,14533
20210809,경원선,외대앞,5805,6138,11943
20210809,경원선,응봉,1468,1289,2757
20210809,경원선,왕십리,11292,13342,24634
20210809,경원선,옥수,47,27,74
20210809,경원선,한남,3673,3498,7171
20210809,경원선,서빙고,1642,1456,3098
20210809,경원선,방학,8342,8186,16528
20210809,경원선,청량리,12897,13546,26443
20210809,경원선,도봉,5379,5173,10552
20210809,경원선,이촌,3262,2430,5692
20210809,경원선,망월사,6315,6456,12771
20210809,경원선,소요산,2939,2596,5535
20210809,경원선,동두천,1850,2107,3957
20210809,경원선,보산,1340,1164,2504
20210809,경원선,동두천중앙,2804,2612,5416
20210809,경원선,지행,5508,5479,10987
20210809,경원선,덕정,4519,4400,8919
20210809,경원선,도봉산,6642,4162,10804
20210809,경원선,양주,6882,6494,13376
20210809,경원선,녹양,4057,3854,7911
20210809,경원선,가능,5790,5647,11437
20210809,경원선,의정부,15607,16054,31661
20210809,경원선,회룡,10819,10726,21545
20210809,경원선,덕계,2602,2275,4877
20210810,경원선,녹천,4059,3452,7511
20210810,경원선,월계,5260,5135,10395
20210810,경원선,광운대,6701,6423,13124
20210810,경원선,석계,7114,8103,15217
20210810,경원선,신이문,7556,7014,14570
20210810,경원선,외대앞,5945,6173,12118
20210810,경원선,응봉,1574,1282,2856
20210810,경원선,왕십리,11572,13692,25264
20210810,경원선,옥수,43,29,72
20210810,경원선,한남,3688,3504,7192
20210810,경원선,서빙고,1674,1458,3132
20210810,경원선,방학,8544,8365,16909
20210810,경원선,청량리,12759,13238,25997
20210810,경원선,이촌,3302,2628,5930
20210810,경원선,도봉,5640,5482,11122
20210810,경원선,망월사,6409,6572,12981
20210810,경원선,도봉산,6977,4305,11282
20210810,경원선,소요산,3101,2657,5758
20210810,경원선,동두천,1877,2127,4004
20210810,경원선,보산,1314,1162,2476
20210810,경원선,지행,5438,5468,10906
20210810,경원선,덕정,4569,4450,9019
20210810,경원선,동두천중앙,2822,2808,5630
20210810,경원선,양주,6884,6396,13280
20210810,경원선,녹양,3973,3917,7890
20210810,경원선,가능,6073,5725,11798
20210810,경원선,의정부,15598,16084,31682
20210810,경원선,회룡,11032,10995,22027
20210810,경원선,덕계,2570,2289,4859
20210811,경원선,녹양,4073,3913,7986
20210811,경원선,회룡,11094,11055,22149
20210811,경원선,소요산,2901,2471,5372
20210811,경원선,의정부,15886,16435,32321
20210811,경원선,가능,5819,5670,11489
20210811,경원선,양주,6858,6480,13338
20210811,경원선,망월사,6421,6613,13034
20210811,경원선,덕정,4561,4367,8928
20210811,경원선,지행,5361,5408,10769
20210811,경원선,동두천중앙,2667,2572,5239
20210811,경원선,보산,1251,1145,2396
20210811,경원선,동두천,1885,2097,3982
20210811,경원선,덕계,2542,2305,4847
20210811,경원선,도봉산,6846,4201,11047
20210811,경원선,광운대,6730,6390,13120
20210811,경원선,방학,8512,8313,16825
20210811,경원선,이촌,3291,2552,5843
20210811,경원선,서빙고,1711,1521,3232
20210811,경원선,한남,3583,3380,6963
20210811,경원선,옥수,50,34,84
20210811,경원선,응봉,1534,1320,2854
20210811,경원선,왕십리,11731,13802,25533
20210811,경원선,도봉,5561,5340,10901
20210811,경원선,외대앞,5949,6140,12089
20210811,경원선,신이문,7478,6941,14419
20210811,경원선,석계,7037,7999,15036
20210811,경원선,월계,5326,5140,10466
20210811,경원선,녹천,4073,3410,7483
20210811,경원선,청량리,12604,13278,25882
20210812,경원선,월계,5137,4978,10115
20210812,경원선,광운대,6680,6367,13047
20210812,경원선,석계,6991,7852,14843
20210812,경원선,신이문,7240,6789,14029
20210812,경원선,외대앞,6048,6164,12212
20210812,경원선,청량리,12790,13661,26451
20210812,경원선,옥수,50,33,83
20210812,경원선,응봉,1537,1280,2817
20210812,경원선,한남,3677,3410,7087
20210812,경원선,서빙고,1684,1540,3224
20210812,경원선,이촌,3256,2636,5892
20210812,경원선,녹천,3977,3405,7382
20210812,경원선,왕십리,11680,13492,25172
20210812,경원선,방학,8412,8277,16689
20210812,경원선,도봉,5464,5295,10759
20210812,경원선,도봉산,6634,4133,10767
20210812,경원선,소요산,2885,2518,5403
20210812,경원선,동두천,1850,2071,3921
20210812,경원선,보산,1245,1145,2390
20210812,경원선,동두천중앙,2743,2606,5349
20210812,경원선,덕정,4591,4473,9064
20210812,경원선,덕계,2595,2306,4901
20210812,경원선,지행,5350,5415,10765
20210812,경원선,녹양,3969,3881,7850
20210812,경원선,가능,5907,5687,11594
20210812,경원선,의정부,15598,16013,31611
20210812,경원선,회룡,10815,10600,21415
20210812,경원선,망월사,6353,6605,12958
20210812,경원선,양주,6745,6383,13128
20210813,경원선,녹양,4101,3975,8076
20210813,경원선,망월사,6543,6682,13225
20210813,경원선,회룡,10911,10890,21801
20210813,경원선,의정부,16186,16984,33170
20210813,경원선,가능,5869,5624,11493
20210813,경원선,양주,6939,6468,13407
20210813,경원선,소요산,2834,2580,5414
20210813,경원선,덕정,4792,4532,9324
20210813,경원선,지행,5500,5554,11054
20210813,경원선,동두천중앙,2626,2669,5295
20210813,경원선,보산,1294,1220,2514
20210813,경원선,동두천,1785,2095,3880
20210813,경원선,도봉산,6962,4287,11249
20210813,경원선,덕계,2586,2402,4988
20210813,경원선,도봉,5582,5281,10863
20210813,경원선,이촌,3311,2638,5949
20210813,경원선,창동,1,0,1
20210813,경원선,방학,8748,8591,17339
20210813,경원선,서빙고,1753,1499,3252
20210813,경원선,한남,3752,3448,7200
20210813,경원선,옥수,53,26,79
20210813,경원선,왕십리,12140,13981,26121
20210813,경원선,청량리,14373,16164,30537
20210813,경원선,응봉,1531,1321,2852
20210813,경원선,신이문,7528,6907,14435
20210813,경원선,석계,7128,8089,15217
20210813,경원선,광운대,6955,6543,13498
20210813,경원선,월계,5379,5097,10476
20210813,경원선,녹천,4023,3381,7404
20210813,경원선,외대앞,6292,6168,12460
20210814,경원선,신이문,5103,4530,9633
20210814,경원선,월계,3669,3541,7210
20210814,경원선,광운대,4567,4350,8917
20210814,경원선,이촌,2520,1794,4314
20210814,경원선,석계,5303,5489,10792
20210814,경원선,외대앞,4550,4535,9085
20210814,경원선,녹천,2838,2350,5188
20210814,경원선,왕십리,9515,10793,20308
20210814,경원선,응봉,1136,899,2035
20210814,경원선,옥수,32,32,64
20210814,경원선,한남,2401,2140,4541
20210814,경원선,서빙고,1129,959,2088
20210814,경원선,청량리,12553,14793,27346
20210814,경원선,방학,6090,5878,11968
20210814,경원선,가능,4372,4193,8565
20210814,경원선,도봉산,7462,5184,12646
20210814,경원선,도봉,3866,3633,7499
20210814,경원선,소요산,3780,3306,7086
20210814,경원선,동두천,1352,1771,3123
20210814,경원선,보산,1189,1159,2348
20210814,경원선,지행,4331,4339,8670
20210814,경원선,덕정,3513,3284,6797
20210814,경원선,동두천중앙,2022,2187,4209
20210814,경원선,양주,5224,5004,10228
20210814,경원선,녹양,2738,2713,5451
20210814,경원선,의정부,13576,14453,28029
20210814,경원선,회룡,7801,7912,15713
20210814,경원선,망월사,4774,4883,9657
20210814,경원선,덕계,1845,1735,3580
20210815,경원선,신이문,3754,3520,7274
20210815,경원선,녹천,2020,1729,3749
20210815,경원선,월계,3297,2951,6248
20210815,경원선,광운대,3360,3456,6816
20210815,경원선,석계,3874,4293,8167
20210815,경원선,외대앞,3412,3410,6822
20210815,경원선,이촌,1729,1327,3056
20210815,경원선,왕십리,7162,8226,15388
20210815,경원선,옥수,27,22,49
20210815,경원선,한남,1680,1707,3387
20210815,경원선,서빙고,891,847,1738
20210815,경원선,방학,4786,4649,9435
20210815,경원선,청량리,11879,10874,22753
20210815,경원선,도봉,2867,2684,5551
20210815,경원선,응봉,875,794,1669
20210815,경원선,망월사,3581,3836,7417
20210815,경원선,도봉산,7760,5480,13240
20210815,경원선,소요산,4217,3560,7777
20210815,경원선,동두천,1117,1457,2574
20210815,경원선,보산,936,968,1904
20210815,경원선,지행,3371,3224,6595
20210815,경원선,덕정,2652,2781,5433
20210815,경원선,동두천중앙,1829,1769,3598
20210815,경원선,양주,3933,3931,7864
20210815,경원선,녹양,2207,2111,4318
20210815,경원선,가능,3282,3109,6391
20210815,경원선,의정부,10919,11342,22261
20210815,경원선,회룡,5878,5902,11780
20210815,경원선,덕계,1275,1248,2523
20210816,경원선,녹양,2791,2634,5425
20210816,경원선,회룡,7672,7535,15207
20210816,경원선,의정부,12731,12915,25646
20210816,경원선,가능,4252,4045,8297
20210816,경원선,양주,5121,4902,10023
20210816,경원선,소요산,3591,3080,6671
20210816,경원선,덕정,3241,3298,6539
20210816,경원선,지행,4141,4104,8245
20210816,경원선,동두천중앙,2044,1991,4035
20210816,경원선,보산,1193,920,2113
20210816,경원선,동두천,1437,1719,3156
20210816,경원선,망월사,4479,4500,8979
20210816,경원선,덕계,1865,1664,3529
20210816,경원선,도봉산,6708,4769,11477
20210816,경원선,광운대,4254,4433,8687
20210816,경원선,방학,5828,5688,11516
20210816,경원선,이촌,2197,1776,3973
20210816,경원선,서빙고,1059,934,1993
20210816,경원선,한남,2367,2290,4657
20210816,경원선,도봉,3740,3500,7240
20210816,경원선,응봉,1092,961,2053
20210816,경원선,왕십리,8641,9946,18587
20210816,경원선,옥수,56,25,81
20210816,경원선,외대앞,4341,4453,8794
20210816,경원선,신이문,5016,4691,9707
20210816,경원선,석계,5102,5689,10791
20210816,경원선,월계,3568,3379,6947
20210816,경원선,녹천,2674,2268,4942
20210816,경원선,청량리,12323,11781,24104
20210817,경원선,양주,7193,6764,13957
20210817,경원선,회룡,11356,11182,22538
20210817,경원선,의정부,16094,16296,32390
20210817,경원선,가능,6075,5961,12036
20210817,경원선,녹양,4158,3911,8069
20210817,경원선,덕계,2701,2411,5112
20210817,경원선,망월사,6635,6730,13365
20210817,경원선,지행,5659,5666,11325
20210817,경원선,동두천중앙,2948,2805,5753
20210817,경원선,보산,1309,1200,2509
20210817,경원선,동두천,1900,2125,4025
20210817,경원선,소요산,2848,2459,5307
20210817,경원선,덕정,4856,4791,9647
20210817,경원선,도봉산,6725,4237,10962
20210817,경원선,한남,3823,3688,7511
20210817,경원선,방학,8682,8512,17194
20210817,경원선,서빙고,1723,1581,3304
20210817,경원선,도봉,5729,5582,11311
20210817,경원선,옥수,46,37,83
20210817,경원선,응봉,1519,1379,2898
20210817,경원선,왕십리,11775,13354,25129
20210817,경원선,청량리,13342,13382,26724
20210817,경원선,이촌,3312,2528,5840
20210817,경원선,신이문,7602,7201,14803
20210817,경원선,석계,7115,8110,15225
20210817,경원선,광운대,6802,6573,13375
20210817,경원선,월계,5771,5542,11313
20210817,경원선,녹천,4133,3589,7722
20210817,경원선,외대앞,6104,6202,12306
20210818,경원선,녹천,4280,3589,7869
20210818,경원선,월계,5520,5281,10801
20210818,경원선,광운대,6926,6509,13435
20210818,경원선,석계,7122,8161,15283
20210818,경원선,신이문,7644,7202,14846
20210818,경원선,외대앞,6083,6297,12380
20210818,경원선,응봉,1622,1372,2994
20210818,경원선,왕십리,11948,13480,25428
20210818,경원선,옥수,42,20,62
20210818,경원선,한남,3756,3421,7177
20210818,경원선,서빙고,1754,1569,3323
20210818,경원선,방학,8677,8551,17228
20210818,경원선,청량리,12310,13031,25341
20210818,경원선,도봉,5491,5305,10796
20210818,경원선,이촌,3287,2567,5854
20210818,경원선,망월사,6682,6887,13569
20210818,경원선,소요산,2527,2163,4690
20210818,경원선,동두천,1873,2155,4028
20210818,경원선,보산,1359,1197,2556
20210818,경원선,동두천중앙,2871,2710,5581
20210818,경원선,지행,5562,5611,11173
20210818,경원선,덕정,4735,4571,9306
20210818,경원선,도봉산,6616,4094,10710
20210818,경원선,양주,6959,6636,13595
20210818,경원선,녹양,4219,4001,8220
20210818,경원선,가능,6013,5791,11804
20210818,경원선,의정부,16012,16533,32545
20210818,경원선,회룡,11205,11334,22539
20210818,경원선,덕계,2699,2419,5118
20210819,경원선,망월사,6749,6889,13638
20210819,경원선,회룡,11538,11396,22934
20210819,경원선,의정부,15933,16388,32321
20210819,경원선,가능,6191,5918,12109
20210819,경원선,녹양,4223,4034,8257
20210819,경원선,양주,7028,6685,13713
20210819,경원선,지행,5639,5738,11377
20210819,경원선,덕정,4783,4730,9513
20210819,경원선,동두천중앙,2935,2838,5773
20210819,경원선,보산,1352,1204,2556
20210819,경원선,동두천,1923,2222,4145
20210819,경원선,도봉산,7262,4646,11908
20210819,경원선,덕계,2676,2423,5099
20210819,경원선,소요산,2936,2545,5481
20210819,경원선,도봉,5703,5564,11267
20210819,경원선,녹천,4329,3718,8047
20210819,경원선,방학,8840,8569,17409
20210819,경원선,이촌,3479,2625,6104
20210819,경원선,서빙고,1757,1545,3302
20210819,경원선,한남,3876,3550,7426
20210819,경원선,응봉,1615,1325,2940
20210819,경원선,왕십리,12039,13612,25651
20210819,경원선,옥수,48,30,78
20210819,경원선,외대앞,6155,6197,12352
20210819,경원선,신이문,7744,7182,14926
20210819,경원선,석계,7211,8148,15359
20210819,경원선,광운대,7034,6678,13712
20210819,경원선,월계,5551,5324,10875
20210819,경원선,청량리,12942,13586,26528
20210820,경원선,양주,7228,6896,14124
20210820,경원선,회룡,11531,11582,23113
20210820,경원선,의정부,16406,17413,33819
20210820,경원선,가능,6232,6087,12319
20210820,경원선,녹양,4318,4137,8455
20210820,경원선,덕계,2816,2582,5398
20210820,경원선,망월사,6865,6937,13802
20210820,경원선,지행,5856,5852,11708
20210820,경원선,동두천중앙,3073,3028,6101
20210820,경원선,보산,1459,1333,2792
20210820,경원선,동두천,2058,2279,4337
20210820,경원선,소요산,2863,2454,5317
20210820,경원선,덕정,4979,4730,9709
20210820,경원선,도봉산,7106,4629,11735
20210820,경원선,도봉,5697,5529,11226
20210820,경원선,방학,9008,8871,17879
20210820,경원선,서빙고,1799,1536,3335
20210820,경원선,한남,3834,3471,7305
20210820,경원선,옥수,64,33,97
20210820,경원선,응봉,1673,1374,3047
20210820,경원선,왕십리,12570,14331,26901
20210820,경원선,청량리,14736,15918,30654
20210820,경원선,이촌,3438,2699,6137
20210820,경원선,신이문,7824,7244,15068
20210820,경원선,석계,7515,8484,15999
20210820,경원선,광운대,7138,6708,13846
20210820,경원선,월계,6033,5820,11853
20210820,경원선,녹천,4342,3643,7985
20210820,경원선,외대앞,6584,6488,13072
20210821,경원선,월계,3368,3146,6514
20210821,경원선,광운대,4068,4033,8101
20210821,경원선,석계,4713,5010,9723
20210821,경원선,신이문,4666,4330,8996
20210821,경원선,외대앞,4215,4079,8294
20210821,경원선,청량리,10882,12408,23290
20210821,경원선,옥수,31,43,74
20210821,경원선,응봉,921,768,1689
20210821,경원선,한남,2101,1991,4092
20210821,경원선,서빙고,915,810,1725
20210821,경원선,이촌,2059,1579,3638
20210821,경원선,녹천,2447,2142,4589
20210821,경원선,왕십리,8817,10253,19070
20210821,경원선,방학,5645,5456,11101
20210821,경원선,도봉,3425,3191,6616
20210821,경원선,도봉산,4821,3237,8058
20210821,경원선,소요산,2042,1799,3841
20210821,경원선,동두천,1214,1549,2763
20210821,경원선,보산,974,1013,1987
20210821,경원선,동두천중앙,1815,1877,3692
20210821,경원선,덕정,2973,2791,5764
20210821,경원선,덕계,1767,1660,3427
20210821,경원선,지행,3858,3807,7665
20210821,경원선,녹양,2530,2479,5009
20210821,경원선,가능,3860,3754,7614
20210821,경원선,의정부,12178,12883,25061
20210821,경원선,회룡,6810,6828,13638
20210821,경원선,망월사,4172,4244,8416
20210821,경원선,양주,4540,4249,8789
20210822,경원선,녹양,2292,2159,4451
20210822,경원선,망월사,3783,3891,7674
20210822,경원선,회룡,6210,6016,12226
20210822,경원선,의정부,11148,11323,22471
20210822,경원선,가능,3446,3300,6746
20210822,경원선,양주,4261,4214,8475
20210822,경원선,소요산,3790,3289,7079
20210822,경원선,덕정,2827,2776,5603
20210822,경원선,지행,3557,3547,7104
20210822,경원선,동두천중앙,1793,1727,3520
20210822,경원선,보산,979,972,1951
20210822,경원선,동두천,1241,1397,2638
20210822,경원선,도봉산,7319,5303,12622
20210822,경원선,덕계,1419,1337,2756
20210822,경원선,도봉,2972,2934,5906
20210822,경원선,창동,1,0,1
20210822,경원선,녹천,2260,1914,4174
20210822,경원선,방학,4860,4781,9641
20210822,경원선,이촌,1803,1540,3343
20210822,경원선,서빙고,930,860,1790
20210822,경원선,한남,1645,1663,3308
20210822,경원선,응봉,897,795,1692
20210822,경원선,왕십리,6789,7937,14726
20210822,경원선,옥수,51,18,69
20210822,경원선,외대앞,3584,3520,7104
20210822,경원선,신이문,4075,3746,7821
20210822,경원선,석계,4068,4341,8409
20210822,경원선,광운대,3539,3495,7034
20210822,경원선,월계,3137,2868,6005
20210822,경원선,청량리,11680,10478,22158
20210823,경원선,양주,7007,6597,13604
20210823,경원선,회룡,11138,10965,22103
20210823,경원선,의정부,15135,15354,30489
20210823,경원선,가능,6133,5943,12076
20210823,경원선,녹양,4143,3914,8057
20210823,경원선,덕계,2750,2363,5113
20210823,경원선,망월사,6656,6729,13385
20210823,경원선,지행,5622,5532,11154
20210823,경원선,동두천중앙,2901,2732,5633
20210823,경원선,보산,1354,1213,2567
20210823,경원선,동두천,1851,2107,3958
20210823,경원선,소요산,2277,1837,4114
20210823,경원선,덕정,4745,4705,9450
20210823,경원선,도봉산,6227,3879,10106
20210823,경원선,도봉,5573,5321,10894
20210823,경원선,방학,8643,8438,17081
20210823,경원선,서빙고,1684,1565,3249
20210823,경원선,한남,3762,3569,7331
20210823,경원선,옥수,49,40,89
20210823,경원선,응봉,1573,1357,2930
20210823,경원선,왕십리,11668,13260,24928
20210823,경원선,청량리,12103,12298,24401
20210823,경원선,이촌,3256,2640,5896
20210823,경원선,신이문,7641,7169,14810
20210823,경원선,석계,7142,8213,15355
20210823,경원선,광운대,6925,6642,13567
20210823,경원선,월계,5722,5534,11256
20210823,경원선,녹천,4135,3587,7722
20210823,경원선,외대앞,6243,6349,12592
20210824,경원선,녹천,4152,3533,7685
20210824,경원선,월계,5612,5374,10986
20210824,경원선,광운대,6909,6446,13355
20210824,경원선,석계,6791,7843,14634
20210824,경원선,신이문,7527,7099,14626
20210824,경원선,외대앞,5959,6046,12005
20210824,경원선,응봉,1549,1338,2887
20210824,경원선,왕십리,11554,13290,24844
20210824,경원선,옥수,42,28,70
20210824,경원선,한남,3733,3624,7357
20210824,경원선,서빙고,1751,1512,3263
20210824,경원선,방학,8529,8428,16957
20210824,경원선,청량리,12199,12676,24875
20210824,경원선,도봉,5357,5291,10648
20210824,경원선,이촌,3104,2510,5614
20210824,경원선,망월사,6527,6577,13104
20210824,경원선,소요산,1959,1720,3679
20210824,경원선,동두천,1783,1887,3670
20210824,경원선,보산,1176,1156,2332
20210824,경원선,동두천중앙,2827,2661,5488
20210824,경원선,지행,5432,5452,10884
20210824,경원선,덕정,4591,4545,9136
20210824,경원선,도봉산,5724,3411,9135
20210824,경원선,양주,6702,6364,13066
20210824,경원선,녹양,3993,3888,7881
20210824,경원선,가능,5958,5794,11752
20210824,경원선,의정부,15002,15407,30409
20210824,경원선,회룡,10802,10837,21639
20210824,경원선,덕계,2592,2292,4884
20210825,경원선,녹천,4376,3792,8168
20210825,경원선,월계,6042,5779,11821
20210825,경원선,광운대,7324,7021,14345
20210825,경원선,석계,7530,8626,16156
20210825,경원선,신이문,7895,7377,15272
20210825,경원선,외대앞,6451,6407,12858
20210825,경원선,응봉,1663,1435,3098
20210825,경원선,왕십리,12239,14104,26343
20210825,경원선,옥수,45,25,70
20210825,경원선,한남,3996,3671,7667
20210825,경원선,서빙고,1821,1605,3426
20210825,경원선,방학,9127,8992,18119
20210825,경원선,청량리,12990,14004,26994
20210825,경원선,이촌,3380,2740,6120
20210825,경원선,도봉,5931,5830,11761
20210825,경원선,망월사,6876,6963,13839
20210825,경원선,도봉산,6622,4150,10772
20210825,경원선,소요산,2374,2110,4484
20210825,경원선,동두천,1874,2092,3966
20210825,경원선,보산,1313,1220,2533
20210825,경원선,지행,5797,5856,11653
20210825,경원선,덕정,4989,4794,9783
20210825,경원선,동두천중앙,3071,2862,5933
20210825,경원선,양주,7200,6848,14048
20210825,경원선,녹양,4373,4202,8575
20210825,경원선,가능,6246,6026,12272
20210825,경원선,의정부,16449,17045,33494
20210825,경원선,회룡,11631,11699,23330
20210825,경원선,덕계,2773,2468,5241
20210826,경원선,양주,7373,7000,14373
20210826,경원선,회룡,11856,11811,23667
20210826,경원선,의정부,16288,16723,33011
20210826,경원선,가능,6290,6047,12337
20210826,경원선,녹양,4272,4170,8442
20210826,경원선,덕계,2781,2516,5297
20210826,경원선,망월사,6812,6966,13778
20210826,경원선,지행,5933,5998,11931
20210826,경원선,동두천중앙,2972,2886,5858
20210826,경원선,보산,1344,1247,2591
20210826,경원선,동두천,1992,2236,4228
20210826,경원선,소요산,2846,2411,5257
20210826,경원선,덕정,5044,4913,9957
20210826,경원선,도봉산,7237,4676,11913
20210826,경원선,도봉,5801,5640,11441
20210826,경원선,방학,9011,8856,17867
20210826,경원선,이촌,3435,2706,6141
20210826,경원선,서빙고,1755,1556,3311
20210826,경원선,옥수,36,43,79
20210826,경원선,응봉,1676,1428,3104
20210826,경원선,왕십리,12003,13654,25657
20210826,경원선,청량리,13524,14320,27844
20210826,경원선,한남,3935,3672,7607
20210826,경원선,신이문,7934,7396,15330
20210826,경원선,석계,7491,8365,15856
20210826,경원선,광운대,7197,6892,14089
20210826,경원선,월계,6042,5784,11826
20210826,경원선,녹천,4400,3673,8073
20210826,경원선,외대앞,6315,6497,12812
20210827,경원선,회룡,11559,11635,23194
20210827,경원선,의정부,16329,17153,33482
20210827,경원선,가능,6254,6009,12263
20210827,경원선,녹양,4195,4093,8288
20210827,경원선,양주,7295,6900,14195
20210827,경원선,덕계,2722,2568,5290
20210827,경원선,동두천중앙,2875,2827,5702
20210827,경원선,지행,5979,5893,11872
20210827,경원선,보산,1485,1306,2791
20210827,경원선,동두천,1882,2146,4028
20210827,경원선,소요산,2422,2070,4492
20210827,경원선,망월사,6734,6896,13630
20210827,경원선,덕정,5107,4793,9900
20210827,경원선,도봉산,6343,3953,10296
20210827,경원선,도봉,5801,5531,11332
20210827,경원선,방학,8926,8832,17758
20210827,경원선,서빙고,1837,1618,3455
20210827,경원선,한남,3764,3504,7268
20210827,경원선,옥수,55,40,95
20210827,경원선,응봉,1657,1430,3087
20210827,경원선,왕십리,12500,14236,26736
20210827,경원선,청량리,14703,15769,30472
20210827,경원선,이촌,3457,2681,6138
20210827,경원선,신이문,7790,7165,14955
20210827,경원선,석계,7552,8544,16096
20210827,경원선,광운대,7221,6799,14020
20210827,경원선,월계,5931,5633,11564
20210827,경원선,녹천,4256,3668,7924
20210827,경원선,외대앞,6521,6491,13012
20210828,경원선,회룡,8609,8642,17251
20210828,경원선,의정부,14888,15790,30678
20210828,경원선,가능,4508,4295,8803
20210828,경원선,녹양,3047,2968,6015
20210828,경원선,양주,5803,5471,11274
20210828,경원선,덕계,2113,1926,4039
20210828,경원선,동두천중앙,2381,2391,4772
20210828,경원선,지행,5208,5112,10320
20210828,경원선,보산,2028,1780,3808
20210828,경원선,동두천,1444,1893,3337
20210828,경원선,소요산,3914,3475,7389
20210828,경원선,망월사,5056,5178,10234
20210828,경원선,덕정,3718,3647,7365
20210828,경원선,도봉산,8104,5579,13683
20210828,경원선,이촌,2756,2023,4779
20210828,경원선,방학,6551,6423,12974
20210828,경원선,도봉,4047,3779,7826
20210828,경원선,서빙고,1267,1055,2322
20210828,경원선,한남,2586,2237,4823
20210828,경원선,옥수,34,39,73
20210828,경원선,왕십리,10162,11601,21763
20210828,경원선,청량리,13600,15425,29025
20210828,경원선,응봉,1230,1083,2313
20210828,경원선,신이문,5463,5104,10567
20210828,경원선,석계,5857,6253,12110
20210828,경원선,광운대,4940,4773,9713
20210828,경원선,월계,4242,4012,8254
20210828,경원선,녹천,2872,2423,5295
20210828,경원선,외대앞,5125,4909,10034
20210829,경원선,가능,3416,3194,6610
20210829,경원선,도봉산,7375,5286,12661
20210829,경원선,망월사,3844,3867,7711
20210829,경원선,회룡,6290,6141,12431
20210829,경원선,의정부,11626,11769,23395
20210829,경원선,녹양,2253,2246,4499
20210829,경원선,소요산,3795,3193,6988
20210829,경원선,덕정,2857,2916,5773
20210829,경원선,지행,3941,3849,7790
20210829,경원선,동두천중앙,1881,1798,3679
20210829,경원선,보산,1515,1423,2938
20210829,경원선,동두천,1258,1514,2772
20210829,경원선,도봉,3079,2913,5992
20210829,경원선,덕계,1505,1428,2933
20210829,경원선,방학,5076,4939,10015
20210829,경원선,이촌,1870,1536,3406
20210829,경원선,녹천,2400,2097,4497
20210829,경원선,양주,4332,4305,8637
20210829,경원선,창동,1,0,1
20210829,경원선,서빙고,937,934,1871
20210829,경원선,한남,1712,1601,3313
20210829,경원선,응봉,940,848,1788
20210829,경원선,왕십리,7723,9013,16736
20210829,경원선,옥수,56,20,76
20210829,경원선,외대앞,3975,4027,8002
20210829,경원선,신이문,4170,3814,7984
20210829,경원선,석계,4297,4706,9003
20210829,경원선,광운대,3669,3766,7435
20210829,경원선,월계,3268,3127,6395
20210829,경원선,청량리,12179,10977,23156
20210830,경원선,녹양,4366,4155,8521
20210830,경원선,망월사,7062,7263,14325
20210830,경원선,회룡,12043,11824,23867
20210830,경원선,의정부,16838,17024,33862
20210830,경원선,가능,6385,6316,12701
20210830,경원선,양주,7472,7012,14484
20210830,경원선,소요산,2998,2517,5515
20210830,경원선,덕정,5475,5447,10922
20210830,경원선,지행,6235,6121,12356
20210830,경원선,동두천중앙,3220,3128,6348
20210830,경원선,보산,1831,1672,3503
20210830,경원선,동두천,1977,2236,4213
20210830,경원선,도봉산,7398,4680,12078
20210830,경원선,덕계,2844,2561,5405
20210830,경원선,도봉,5732,5630,11362
20210830,경원선,방학,9091,8904,17995
20210830,경원선,창동,1,0,1
20210830,경원선,서빙고,1758,1523,3281
20210830,경원선,한남,3940,3636,7576
20210830,경원선,옥수,52,29,81
20210830,경원선,응봉,1683,1419,3102
20210830,경원선,왕십리,12017,13840,25857
20210830,경원선,청량리,13791,14326,28117
20210830,경원선,이촌,3448,2743,6191
20210830,경원선,신이문,8089,7479,15568
20210830,경원선,석계,7437,8535,15972
20210830,경원선,광운대,7461,7052,14513
20210830,경원선,월계,6017,5925,11942
20210830,경원선,녹천,4487,3777,8264
20210830,경원선,외대앞,6612,6704,13316
20210831,경원선,망월사,6574,6642,13216
20210831,경원선,회룡,11231,10939,22170
20210831,경원선,의정부,15711,15636,31347
20210831,경원선,가능,6145,5931,12076
20210831,경원선,녹양,3972,3888,7860
20210831,경원선,양주,7037,6586,13623
20210831,경원선,지행,5756,5755,11511
20210831,경원선,덕정,4949,4889,9838
20210831,경원선,동두천중앙,2784,2749,5533
20210831,경원선,보산,1532,1653,3185
20210831,경원선,소요산,2062,1724,3786
20210831,경원선,도봉산,5951,3547,9498
20210831,경원선,덕계,2632,2345,4977
20210831,경원선,도봉,5425,5334,10759
20210831,경원선,동두천,1817,2039,3856
20210831,경원선,창동,1,0,1
20210831,경원선,방학,8585,8448,17033
20210831,경원선,서빙고,1662,1527,3189
20210831,경원선,한남,3532,3487,7019
20210831,경원선,옥수,52,32,84
20210831,경원선,응봉,1560,1402,2962
20210831,경원선,왕십리,11729,13858,25587
20210831,경원선,이촌,3111,2519,5630
20210831,경원선,외대앞,6109,6428,12537
20210831,경원선,신이문,7611,7340,14951
20210831,경원선,석계,7069,8040,15109
20210831,경원선,광운대,7011,6783,13794
20210831,경원선,월계,5484,5412,10896
20210831,경원선,녹천,4308,3736,8044
20210831,경원선,청량리,12469,12985,25454
20210901,경원선,망월사,6907,7041,13948
20210901,경원선,회룡,11532,11582,23114
20210901,경원선,의정부,16448,16750,33198
20210901,경원선,가능,6091,5798,11889
20210901,경원선,녹양,4195,4063,8258
20210901,경원선,양주,6968,6839,13807
20210901,경원선,지행,5882,5821,11703
20210901,경원선,덕정,5143,5095,10238
20210901,경원선,동두천중앙,2908,2878,5786
20210901,경원선,보산,1391,1303,2694
20210901,경원선,동두천,1825,2084,3909
20210901,경원선,도봉산,6571,4217,10788
20210901,경원선,덕계,2718,2496,5214
20210901,경원선,도봉,5713,5540,11253
20210901,경원선,소요산,2375,2064,4439
20210901,경원선,녹천,4299,3666,7965
20210901,경원선,이촌,3330,2633,5963
20210901,경원선,서빙고,1803,1589,3392
20210901,경원선,한남,3863,3576,7439
20210901,경원선,옥수,39,28,67
20210901,경원선,응봉,1670,1413,3083
20210901,경원선,왕십리,12248,14201,26449
20210901,경원선,방학,9087,9022,18109
20210901,경원선,외대앞,6434,6480,12914
20210901,경원선,신이문,7969,7366,15335
20210901,경원선,석계,7415,8312,15727
20210901,경원선,광운대,7602,7189,14791
20210901,경원선,월계,6123,5935,12058
20210901,경원선,청량리,12156,13023,25179
20210902,경원선,녹천,4486,3882,8368
20210902,경원선,월계,6196,6000,12196
20210902,경원선,광운대,7729,7284,15013
20210902,경원선,석계,7612,8569,16181
20210902,경원선,신이문,8020,7493,15513
20210902,경원선,외대앞,6539,6588,13127
20210902,경원선,응봉,1667,1478,3145
20210902,경원선,왕십리,12385,14230,26615
20210902,경원선,옥수,41,31,72
20210902,경원선,한남,3842,3609,7451
20210902,경원선,서빙고,1794,1602,3396
20210902,경원선,방학,9243,8975,18218
20210902,경원선,청량리,13555,14403,27958
20210902,경원선,이촌,3520,2694,6214
20210902,경원선,도봉,5939,5738,11677
20210902,경원선,망월사,7032,7038,14070
20210902,경원선,도봉산,7397,4710,12107
20210902,경원선,소요산,2799,2409,5208
20210902,경원선,동두천,1935,2223,4158
20210902,경원선,보산,1482,1359,2841
20210902,경원선,지행,6097,6017,12114
20210902,경원선,덕정,5380,5268,10648
20210902,경원선,동두천중앙,2989,2983,5972
20210902,경원선,양주,7385,6978,14363
20210902,경원선,녹양,4516,4266,8782
20210902,경원선,가능,6408,6158,12566
20210902,경원선,의정부,16480,16999,33479
20210902,경원선,회룡,12018,12090,24108
20210902,경원선,덕계,2890,2641,5531
20210903,경원선,신이문,8066,7462,15528
20210903,경원선,녹천,4582,3842,8424
20210903,경원선,월계,6266,6039,12305
20210903,경원선,광운대,7776,7258,15034
20210903,경원선,석계,7909,8965,16874
20210903,경원선,외대앞,7176,6895,14071
20210903,경원선,방학,9406,9294,18700
20210903,경원선,왕십리,13287,15388,28675
20210903,경원선,응봉,1755,1447,3202
20210903,경원선,옥수,58,28,86
20210903,경원선,한남,4098,3761,7859
20210903,경원선,서빙고,1889,1641,3530
20210903,경원선,청량리,15785,16760,32545
20210903,경원선,도봉,5805,5554,11359
20210903,경원선,이촌,3800,2839,6639
20210903,경원선,망월사,7139,7301,14440
20210903,경원선,소요산,3111,2700,5811
20210903,경원선,동두천,2083,2391,4474
20210903,경원선,보산,1888,1482,3370
20210903,경원선,동두천중앙,3151,3126,6277
20210903,경원선,지행,6735,6707,13442
20210903,경원선,덕정,5385,5061,10446
20210903,경원선,도봉산,7630,4872,12502
20210903,경원선,양주,7666,7220,14886
20210903,경원선,녹양,4489,4309,8798
20210903,경원선,가능,6459,6205,12664
20210903,경원선,의정부,17593,18390,35983
20210903,경원선,회룡,12320,12312,24632
20210903,경원선,덕계,2897,2603,5500
20210904,경원선,망월사,5173,5337,10510
20210904,경원선,회룡,9008,8936,17944
20210904,경원선,의정부,15387,16194,31581
20210904,경원선,가능,4753,4578,9331
20210904,경원선,녹양,3319,3187,6506
20210904,경원선,양주,6086,5824,11910
20210904,경원선,지행,5271,5243,10514
20210904,경원선,덕정,3968,3776,7744
20210904,경원선,도봉산,8911,6302,15213
20210904,경원선,동두천중앙,2431,2409,4840
20210904,경원선,보산,2024,1909,3933
20210904,경원선,동두천,1545,2051,3596
20210904,경원선,덕계,2203,2033,4236
20210904,경원선,도봉,4211,3978,8189
20210904,경원선,소요산,4221,3708,7929
20210904,경원선,녹천,3126,2682,5808
20210904,경원선,이촌,3023,2053,5076
20210904,경원선,서빙고,1326,1170,2496
20210904,경원선,한남,2706,2515,5221
20210904,경원선,옥수,43,45,88
20210904,경원선,응봉,1278,1087,2365
20210904,경원선,왕십리,10976,13003,23979
20210904,경원선,방학,6861,6701,13562
20210904,경원선,외대앞,5432,5255,10687
20210904,경원선,신이문,5600,5159,10759
20210904,경원선,석계,6337,6691,13028
20210904,경원선,광운대,5174,5044,10218
20210904,경원선,월계,4360,4024,8384
20210904,경원선,청량리,14421,15798,30219
20210905,경원선,녹천,2280,2052,4332
20210905,경원선,월계,3320,3150,6470
20210905,경원선,석계,4543,5054,9597
20210905,경원선,신이문,4220,3980,8200
20210905,경원선,청량리,13032,11846,24878
20210905,경원선,왕십리,8049,9522,17571
20210905,경원선,한남,1895,1939,3834
20210905,경원선,옥수,52,26,78
20210905,경원선,서빙고,1025,929,1954
20210905,경원선,이촌,2057,1614,3671
20210905,경원선,외대앞,4820,4788,9608
20210905,경원선,방학,5353,5140,10493
20210905,경원선,응봉,1048,949,1997
20210905,경원선,광운대,3872,3908,7780
20210905,경원선,도봉,3217,3063,6280
20210905,경원선,망월사,4112,4197,8309
20210905,경원선,도봉산,8877,6225,15102
20210905,경원선,소요산,4046,3490,7536
20210905,경원선,동두천,1261,1589,2850
20210905,경원선,보산,1603,1444,3047
20210905,경원선,지행,4119,4020,8139
20210905,경원선,덕정,3089,3182,6271
20210905,경원선,동두천중앙,2105,2021,4126
20210905,경원선,양주,4758,4642,9400
20210905,경원선,녹양,2507,2376,4883
20210905,경원선,가능,3646,3471,7117
20210905,경원선,의정부,12071,12262,24333
20210905,경원선,회룡,6783,6730,13513
20210905,경원선,덕계,1531,1499,3030
20210906,경원선,망월사,7139,7309,14448
20210906,경원선,회룡,12257,12025,24282
20210906,경원선,의정부,16827,16958,33785
20210906,경원선,가능,6404,6169,12573
20210906,경원선,녹양,4430,4195,8625
20210906,경원선,양주,7461,7063,14524
20210906,경원선,지행,6280,6378,12658
20210906,경원선,덕정,5335,5260,10595
20210906,경원선,동두천중앙,3191,2976,6167
20210906,경원선,보산,2045,1853,3898
20210906,경원선,동두천,1994,2270,4264
20210906,경원선,소요산,2664,2225,4889
20210906,경원선,덕계,2929,2596,5525
20210906,경원선,도봉산,7170,4657,11827
20210906,경원선,도봉,5926,5804,11730
20210906,경원선,녹천,4618,3985,8603
20210906,경원선,이촌,3396,2677,6073
20210906,경원선,서빙고,1774,1583,3357
20210906,경원선,한남,4044,3819,7863
20210906,경원선,옥수,44,36,80
20210906,경원선,응봉,1737,1530,3267
20210906,경원선,왕십리,12014,13970,25984
20210906,경원선,방학,9185,8970,18155
20210906,경원선,외대앞,6527,6676,13203
20210906,경원선,신이문,8045,7618,15663
20210906,경원선,석계,7603,8631,16234
20210906,경원선,광운대,7838,7475,15313
20210906,경원선,월계,6441,6010,12451
20210906,경원선,청량리,13705,14130,27835
20210907,경원선,회룡,10775,10860,21635
20210907,경원선,의정부,15502,15728,31230
20210907,경원선,가능,5913,5706,11619
20210907,경원선,녹양,4021,3856,7877
20210907,경원선,양주,6617,6329,12946
20210907,경원선,덕계,2517,2336,4853
20210907,경원선,동두천중앙,2836,2756,5592
20210907,경원선,지행,5593,5667,11260
20210907,경원선,보산,1474,1704,3178
20210907,경원선,동두천,1763,1861,3624
20210907,경원선,소요산,1701,1359,3060
20210907,경원선,망월사,6729,6849,13578
20210907,경원선,덕정,5003,4898,9901
20210907,경원선,도봉산,5607,3405,9012
20210907,경원선,도봉,5537,5355,10892
20210907,경원선,방학,8410,8248,16658
20210907,경원선,서빙고,1687,1570,3257
20210907,경원선,한남,3862,3570,7432
20210907,경원선,옥수,44,25,69
20210907,경원선,응봉,1593,1377,2970
20210907,경원선,왕십리,11465,13294,24759
20210907,경원선,청량리,11765,12195,23960
20210907,경원선,이촌,3176,2557,5733
20210907,경원선,신이문,7539,7203,14742
20210907,경원선,석계,6757,7941,14698
20210907,경원선,광운대,7333,7034,14367
20210907,경원선,월계,5872,5697,11569
20210907,경원선,녹천,4335,3659,7994
20210907,경원선,외대앞,6138,6180,12318
20210908,경원선,회룡,12461,12425,24886
20210908,경원선,의정부,16851,17318,34169
20210908,경원선,가능,6495,6268,12763
20210908,경원선,녹양,4459,4345,8804
20210908,경원선,양주,7643,7236,14879
20210908,경원선,덕계,2928,2705,5633
20210908,경원선,동두천중앙,3166,3016,6182
20210908,경원선,지행,6179,6304,12483
20210908,경원선,보산,1464,1334,2798
20210908,경원선,동두천,2094,2270,4364
20210908,경원선,소요산,2786,2433,5219
20210908,경원선,망월사,7281,7340,14621
20210908,경원선,덕정,5422,5199,10621
20210908,경원선,도봉산,7564,4884,12448
20210908,경원선,이촌,3629,2774,6403
20210908,경원선,방학,9447,9322,18769
20210908,경원선,도봉,6223,6013,12236
20210908,경원선,서빙고,1846,1675,3521
20210908,경원선,한남,4108,3848,7956
20210908,경원선,옥수,51,30,81
20210908,경원선,왕십리,12568,14586,27154
20210908,경원선,청량리,13520,14263,27783
20210908,경원선,응봉,1784,1475,3259
20210908,경원선,신이문,8168,7684,15852
20210908,경원선,석계,7904,8989,16893
20210908,경원선,광운대,7781,7482,15263
20210908,경원선,월계,6652,6299,12951
20210908,경원선,녹천,4786,3968,8754
20210908,경원선,외대앞,6679,6689,13368
20210909,경원선,녹양,4413,4253,8666
20210909,경원선,망월사,7159,7341,14500
20210909,경원선,회룡,12305,12245,24550
20210909,경원선,의정부,16944,17257,34201
20210909,경원선,가능,6646,6421,13067
20210909,경원선,양주,7659,7227,14886
20210909,경원선,동두천,2017,2305,4322
20210909,경원선,덕정,5501,5350,10851
20210909,경원선,지행,6225,6170,12395
20210909,경원선,동두천중앙,3175,3106,6281
20210909,경원선,보산,1454,1406,2860
20210909,경원선,소요산,2902,2550,5452
20210909,경원선,도봉산,7591,4890,12481
20210909,경원선,덕계,2910,2640,5550
20210909,경원선,도봉,6032,5852,11884
20210909,경원선,창동,1,0,1
20210909,경원선,월계,6665,6387,13052
20210909,경원선,녹천,4691,3959,8650
20210909,경원선,이촌,3639,2758,6397
20210909,경원선,서빙고,1832,1686,3518
20210909,경원선,한남,4097,3820,7917
20210909,경원선,옥수,49,37,86
20210909,경원선,응봉,1857,1579,3436
20210909,경원선,방학,9435,9101,18536
20210909,경원선,청량리,14011,14880,28891
20210909,경원선,외대앞,6745,6761,13506
20210909,경원선,신이문,8197,7635,15832
20210909,경원선,석계,7871,8891,16762
20210909,경원선,광운대,7811,7413,15224
20210909,경원선,왕십리,12275,14395,26670
20210910,경원선,녹천,4752,3960,8712
20210910,경원선,월계,6679,6217,12896
20210910,경원선,석계,8056,8976,17032
20210910,경원선,신이문,8185,7450,15635
20210910,경원선,외대앞,7199,7174,14373
20210910,경원선,청량리,16011,16894,32905
20210910,경원선,옥수,54,27,81
20210910,경원선,응봉,1866,1591,3457
20210910,경원선,방학,9652,9585,19237
20210910,경원선,한남,4170,3758,7928
20210910,경원선,서빙고,1908,1673,3581
20210910,경원선,이촌,3830,2946,6776
20210910,경원선,왕십리,13094,15671,28765
20210910,경원선,도봉,6098,5906,12004
20210910,경원선,광운대,7858,7516,15374
20210910,경원선,동두천,2142,2411,4553
20210910,경원선,도봉산,7665,4975,12640
20210910,경원선,동두천중앙,3319,3251,6570
20210910,경원선,지행,6646,6539,13185
20210910,경원선,덕정,5531,5237,10768
20210910,경원선,덕계,3075,2799,5874
20210910,경원선,양주,7888,7492,15380
20210910,경원선,보산,1787,1479,3266
20210910,경원선,가능,6815,6401,13216
20210910,경원선,의정부,17632,18482,36114
20210910,경원선,회룡,12542,12364,24906
20210910,경원선,망월사,7257,7455,14712
20210910,경원선,소요산,2992,2428,5420
20210910,경원선,녹양,4459,4366,8825
20210911,경원선,회룡,9303,9362,18665
20210911,경원선,의정부,16070,16762,32832
20210911,경원선,가능,4999,4755,9754
20210911,경원선,녹양,3389,3268,6657
20210911,경원선,양주,6339,6137,12476
20210911,경원선,덕계,2271,2076,4347
20210911,경원선,동두천중앙,2439,2440,4879
20210911,경원선,지행,5421,5478,10899
20210911,경원선,보산,1830,1767,3597
20210911,경원선,동두천,1557,2014,3571
20210911,경원선,소요산,4212,3616,7828
20210911,경원선,망월사,5804,5850,11654
20210911,경원선,덕정,4188,3951,8139
20210911,경원선,도봉산,8876,6096,14972
20210911,경원선,응봉,1742,1381,3123
20210911,경원선,방학,7117,6897,14014
20210911,경원선,녹천,3169,2780,5949
20210911,경원선,월계,4345,4215,8560
20210911,경원선,광운대,5406,5229,10635
20210911,경원선,석계,6409,6751,13160
20210911,경원선,신이문,5677,5193,10870
20210911,경원선,외대앞,5802,5662,11464
20210911,경원선,청량리,15128,16486,31614
20210911,경원선,왕십리,11052,13071,24123
20210911,경원선,옥수,29,34,63
20210911,경원선,한남,2649,2437,5086
20210911,경원선,서빙고,1259,1178,2437
20210911,경원선,이촌,3010,2210,5220
20210911,경원선,도봉,4240,3978,8218
20210912,경원선,석계,4480,4949,9429
20210912,경원선,광운대,3876,3953,7829
20210912,경원선,녹천,2320,2060,4380
20210912,경원선,신이문,4453,4167,8620
20210912,경원선,월계,3634,3218,6852
20210912,경원선,외대앞,4433,4405,8838
20210912,경원선,이촌,2124,1612,3736
20210912,경원선,왕십리,7652,9137,16789
20210912,경원선,응봉,969,931,1900
20210912,경원선,옥수,50,26,76
20210912,경원선,한남,1784,1700,3484
20210912,경원선,서빙고,969,958,1927
20210912,경원선,창동,1,0,1
20210912,경원선,청량리,12943,11945,24888
20210912,경원선,방학,5346,5228,10574
20210912,경원선,지행,4048,4138,8186
20210912,경원선,도봉산,8602,6267,14869
20210912,경원선,소요산,4109,3566,7675
20210912,경원선,동두천,1281,1585,2866
20210912,경원선,보산,1345,1413,2758
20210912,경원선,동두천중앙,2008,1866,3874
20210912,경원선,덕정,3136,3334,6470
20210912,경원선,덕계,1715,1595,3310
20210912,경원선,도봉,3298,3108,6406
20210912,경원선,녹양,2562,2452,5014
20210912,경원선,가능,3810,3557,7367
20210912,경원선,의정부,12405,12534,24939
20210912,경원선,회룡,6882,6937,13819
20210912,경원선,망월사,4349,4420,8769
20210912,경원선,양주,4921,4832,9753
20210913,경원선,창동,1,0,1
20210913,경원선,녹천,4630,3968,8598
20210913,경원선,월계,6558,6268,12826
20210913,경원선,광운대,7840,7550,15390
20210913,경원선,석계,7901,8882,16783
20210913,경원선,신이문,8260,7700,15960
20210913,경원선,왕십리,12472,14536,27008
20210913,경원선,청량리,14175,14691,28866
20210913,경원선,응봉,1819,1527,3346
20210913,경원선,옥수,48,39,87
20210913,경원선,한남,3982,3802,7784
20210913,경원선,방학,9542,9332,18874
20210913,경원선,이촌,3685,2925,6610
20210913,경원선,외대앞,6779,6861,13640
20210913,경원선,서빙고,1805,1617,3422
20210913,경원선,도봉,5927,5768,11695
20210913,경원선,망월사,7253,7414,14667
20210913,경원선,도봉산,7215,4602,11817
20210913,경원선,소요산,2648,2155,4803
20210913,경원선,동두천,2082,2305,4387
20210913,경원선,보산,1472,1299,2771
20210913,경원선,지행,6374,6368,12742
20210913,경원선,덕정,5465,5415,10880
20210913,경원선,동두천중앙,3137,2977,6114
20210913,경원선,양주,7775,7290,15065
20210913,경원선,녹양,4370,4218,8588
20210913,경원선,가능,6485,6323,12808
20210913,경원선,의정부,16847,17255,34102
20210913,경원선,회룡,12334,12251,24585
20210913,경원선,덕계,2928,2675,5603
20210914,경원선,석계,7923,8944,16867
20210914,경원선,왕십리,12461,14459,26920
20210914,경원선,청량리,13824,14608,28432
20210914,경원선,외대앞,6762,6786,13548
20210914,경원선,신이문,8251,7650,15901
20210914,경원선,광운대,7996,7696,15692
20210914,경원선,응봉,1829,1573,3402
20210914,경원선,녹천,4604,3984,8588
20210914,경원선,방학,9483,9350,18833
20210914,경원선,도봉,6109,5946,12055
20210914,경원선,도봉산,7528,4799,12327
20210914,경원선,망월사,7234,7463,14697
20210914,경원선,월계,6591,6251,12842
20210914,경원선,옥수,42,34,76
20210914,경원선,회룡,12406,12207,24613
20210914,경원선,서빙고,1869,1674,3543
20210914,경원선,소요산,2581,2238,4819
20210914,경원선,동두천,2123,2352,4475
20210914,경원선,보산,1446,1306,2752
20210914,경원선,동두천중앙,3161,3032,6193
20210914,경원선,지행,6176,6130,12306
20210914,경원선,덕정,5409,5390,10799
20210914,경원선,한남,4102,3872,7974
20210914,경원선,양주,7742,7402,15144
20210914,경원선,녹양,4428,4242,8670
20210914,경원선,가능,6625,6373,12998
20210914,경원선,의정부,16820,17206,34026
20210914,경원선,이촌,3636,2846,6482
20210914,경원선,덕계,3027,2716,5743
20210915,경원선,망월사,7259,7404,14663
20210915,경원선,회룡,12502,12380,24882
20210915,경원선,의정부,17385,17797,35182
20210915,경원선,가능,6595,6332,12927
20210915,경원선,녹양,4582,4359,8941
20210915,경원선,양주,7777,7419,15196
20210915,경원선,지행,6126,6251,12377
20210915,경원선,덕정,5395,5316,10711
20210915,경원선,동두천중앙,3343,3323,6666
20210915,경원선,보산,1452,1308,2760
20210915,경원선,동두천,2050,2281,4331
20210915,경원선,도봉산,7471,4752,12223
20210915,경원선,덕계,3056,2738,5794
20210915,경원선,도봉,6040,5904,11944
20210915,경원선,한남,4263,4046,8309
20210915,경원선,녹천,4692,3970,8662
20210915,경원선,소요산,2518,2112,4630
20210915,경원선,이촌,3707,2903,6610
20210915,경원선,서빙고,1853,1682,3535
20210915,경원선,방학,9729,9544,19273
20210915,경원선,응봉,1920,1587,3507
20210915,경원선,왕십리,13188,15109,28297
20210915,경원선,옥수,49,34,83
20210915,경원선,외대앞,6839,6749,13588
20210915,경원선,신이문,8429,7883,16312
20210915,경원선,석계,8087,9068,17155
20210915,경원선,광운대,7987,7578,15565
20210915,경원선,월계,6727,6366,13093
20210915,경원선,청량리,14167,15208,29375
20210916,경원선,녹양,4458,4354,8812
20210916,경원선,망월사,7475,7511,14986
20210916,경원선,회룡,12416,12296,24712
20210916,경원선,의정부,17240,17632,34872
20210916,경원선,가능,6740,6472,13212
20210916,경원선,양주,7843,7353,15196
20210916,경원선,소요산,2778,2481,5259
20210916,경원선,덕정,5623,5401,11024
20210916,경원선,지행,6196,6296,12492
20210916,경원선,동두천중앙,3129,3004,6133
20210916,경원선,보산,1419,1337,2756
20210916,경원선,동두천,2045,2438,4483
20210916,경원선,도봉산,7472,4762,12234
20210916,경원선,덕계,3022,2674,5696
20210916,경원선,도봉,6140,6006,12146
20210916,경원선,방학,9715,9366,19081
20210916,경원선,창동,2,0,2
20210916,경원선,서빙고,1838,1729,3567
20210916,경원선,한남,4188,3971,8159
20210916,경원선,옥수,39,42,81
20210916,경원선,응봉,1871,1628,3499
20210916,경원선,왕십리,13044,15055,28099
20210916,경원선,청량리,14745,16003,30748
20210916,경원선,이촌,3850,2867,6717
20210916,경원선,신이문,8539,7811,16350
20210916,경원선,석계,8164,8995,17159
20210916,경원선,광운대,8321,7884,16205
20210916,경원선,월계,6940,6489,13429
20210916,경원선,녹천,4746,3958,8704
20210916,경원선,외대앞,7100,6753,13853
20210917,경원선,회룡,12362,12406,24768
20210917,경원선,의정부,18395,19385,37780
20210917,경원선,가능,6878,6570,13448
20210917,경원선,녹양,4591,4365,8956
20210917,경원선,양주,7877,7602,15479
20210917,경원선,지행,6641,6569,13210
20210917,경원선,덕정,5578,5330,10908
20210917,경원선,동두천중앙,3184,3194,6378
20210917,경원선,보산,1879,1524,3403
20210917,경원선,동두천,2140,2505,4645
20210917,경원선,망월사,7423,7455,14878
20210917,경원선,덕계,3101,2737,5838
20210917,경원선,도봉산,7349,4720,12069
20210917,경원선,소요산,2580,2259,4839
20210917,경원선,도봉,6182,5839,12021
20210917,경원선,방학,9850,9717,19567
20210917,경원선,이촌,3997,2991,6988
20210917,경원선,서빙고,1880,1676,3556
20210917,경원선,한남,4296,3964,8260
20210917,경원선,응봉,1882,1520,3402
20210917,경원선,왕십리,13992,15786,29778
20210917,경원선,옥수,32,19,51
20210917,경원선,외대앞,7271,6911,14182
20210917,경원선,신이문,8471,7825,16296
20210917,경원선,석계,8280,9032,17312
20210917,경원선,광운대,8269,7644,15913
20210917,경원선,월계,6603,6377,12980
20210917,경원선,녹천,4686,3835,8521
20210917,경원선,청량리,14912,16200,31112
20210918,경원선,녹양,3200,3146,6346
20210918,경원선,망월사,5189,5372,10561
20210918,경원선,회룡,8751,8841,17592
20210918,경원선,의정부,16011,16958,32969
20210918,경원선,가능,4753,4477,9230
20210918,경원선,양주,5872,5863,11735
20210918,경원선,소요산,3508,3180,6688
20210918,경원선,덕정,4052,3755,7807
20210918,경원선,지행,4990,5125,10115
20210918,경원선,동두천중앙,2393,2395,4788
20210918,경원선,보산,2065,1727,3792
20210918,경원선,도봉산,8006,5533,13539
20210918,경원선,덕계,2001,1906,3907
20210918,경원선,도봉,4232,3938,8170
20210918,경원선,동두천,1525,2117,3642
20210918,경원선,창동,1,0,1
20210918,경원선,이촌,2835,1998,4833
20210918,경원선,서빙고,1192,1078,2270
20210918,경원선,한남,2603,2389,4992
20210918,경원선,옥수,21,20,41
20210918,경원선,응봉,1245,1052,2297
20210918,경원선,왕십리,10296,11154,21450
20210918,경원선,방학,6951,6570,13521
20210918,경원선,외대앞,5377,4821,10198
20210918,경원선,신이문,5780,5277,11057
20210918,경원선,석계,6041,6248,12289
20210918,경원선,광운대,5194,4860,10054
20210918,경원선,월계,4405,3974,8379
20210918,경원선,녹천,3050,2555,5605
20210918,경원선,청량리,13219,14483,27702
20210919,경원선,녹천,2406,1856,4262
20210919,경원선,월계,3521,3127,6648
20210919,경원선,광운대,3967,3621,7588
20210919,경원선,석계,4566,4739,9305
20210919,경원선,신이문,4531,4066,8597
20210919,경원선,외대앞,4095,3660,7755
20210919,경원선,응봉,965,816,1781
20210919,경원선,왕십리,7303,8011,15314
20210919,경원선,옥수,36,21,57
20210919,경원선,한남,1764,1678,3442
20210919,경원선,서빙고,995,874,1869
20210919,경원선,방학,5416,5175,10591
20210919,경원선,청량리,10736,11642,22378
20210919,경원선,이촌,2022,1524,3546
20210919,경원선,도봉산,7301,5113,12414
20210919,경원선,망월사,3846,3993,7839
20210919,경원선,도봉,3317,3131,6448
20210919,경원선,소요산,3306,3077,6383
20210919,경원선,동두천,1306,1728,3034
20210919,경원선,보산,1606,1622,3228
20210919,경원선,지행,3757,4004,7761
20210919,경원선,덕정,3216,2962,6178
20210919,경원선,동두천중앙,2023,2081,4104
20210919,경원선,양주,4789,4758,9547
20210919,경원선,녹양,2351,2329,4680
20210919,경원선,가능,3688,3509,7197
20210919,경원선,의정부,13240,13744,26984
20210919,경원선,회룡,6289,6492,12781
20210919,경원선,덕계,1506,1449,2955
20210920,경원선,녹양,1947,2035,3982
20210920,경원선,망월사,3002,3112,6114
20210920,경원선,회룡,5046,5277,10323
20210920,경원선,의정부,10368,10973,21341
20210920,경원선,가능,3166,3035,6201
20210920,경원선,양주,3881,4198,8079
20210920,경원선,소요산,2694,2631,5325
20210920,경원선,덕정,2771,2774,5545
20210920,경원선,지행,3185,3405,6590
20210920,경원선,동두천중앙,1811,2105,3916
20210920,경원선,보산,1188,1279,2467
20210920,경원선,동두천,1030,1514,2544
20210920,경원선,덕계,1155,1154,2309
20210920,경원선,도봉산,5276,3754,9030
20210920,경원선,방학,4353,4272,8625
20210920,경원선,녹천,1994,1647,3641
20210920,경원선,이촌,1705,1217,2922
20210920,경원선,서빙고,721,621,1342
20210920,경원선,한남,1609,1488,3097
20210920,경원선,옥수,20,20,40
20210920,경원선,응봉,830,740,1570
20210920,경원선,왕십리,5919,6691,12610
20210920,경원선,도봉,2576,2459,5035
20210920,경원선,외대앞,3296,3059,6355
20210920,경원선,신이문,3816,3406,7222
20210920,경원선,석계,3746,3958,7704
20210920,경원선,광운대,3182,3106,6288
20210920,경원선,월계,2913,2621,5534
20210920,경원선,청량리,8375,8924,17299
20210921,경원선,회룡,4300,4103,8403
20210921,경원선,의정부,8024,8617,16641
20210921,경원선,가능,2761,2664,5425
20210921,경원선,녹양,1718,1568,3286
20210921,경원선,양주,3647,3218,6865
20210921,경원선,덕계,1058,982,2040
20210921,경원선,동두천중앙,1669,1524,3193
20210921,경원선,지행,3071,2707,5778
20210921,경원선,보산,968,940,1908
20210921,경원선,동두천,889,1037,1926
20210921,경원선,소요산,2294,1700,3994
20210921,경원선,망월사,2509,2579,5088
20210921,경원선,덕정,2354,2210,4564
20210921,경원선,도봉산,3425,2398,5823
20210921,경원선,도봉,2225,2099,4324
20210921,경원선,방학,3726,3700,7426
20210921,경원선,서빙고,578,514,1092
20210921,경원선,한남,1195,1163,2358
20210921,경원선,옥수,21,10,31
20210921,경원선,응봉,720,566,1286
20210921,경원선,왕십리,4749,6053,10802
20210921,경원선,청량리,6799,6723,13522
20210921,경원선,이촌,1124,902,2026
20210921,경원선,신이문,3288,3081,6369
20210921,경원선,석계,3157,3389,6546
20210921,경원선,광운대,2687,2859,5546
20210921,경원선,월계,2384,2228,4612
20210921,경원선,녹천,1789,1481,3270
20210921,경원선,외대앞,2509,2674,5183
20210922,경원선,월계,2956,2770,5726
20210922,경원선,광운대,3334,3700,7034
20210922,경원선,석계,4184,4596,8780
20210922,경원선,신이문,3753,3446,7199
20210922,경원선,외대앞,3337,3808,7145
20210922,경원선,청량리,9712,10000,19712
20210922,경원선,옥수,37,15,52
20210922,경원선,응봉,945,807,1752
20210922,경원선,한남,1710,1643,3353
20210922,경원선,서빙고,814,778,1592
20210922,경원선,이촌,1912,1434,3346
20210922,경원선,녹천,2039,1810,3849
20210922,경원선,왕십리,6901,9061,15962
20210922,경원선,방학,4777,4558,9335
20210922,경원선,지행,3830,3537,7367
20210922,경원선,도봉산,6916,4877,11793
20210922,경원선,도봉,2929,2642,5571
20210922,경원선,동두천중앙,1881,1617,3498
20210922,경원선,보산,1088,1165,2253
20210922,경원선,동두천,1200,1387,2587
20210922,경원선,회룡,5990,5660,11650
20210922,경원선,의정부,11727,12101,23828
20210922,경원선,소요산,3789,2967,6756
20210922,경원선,녹양,2405,2152,4557
20210922,경원선,양주,4864,4530,9394
20210922,경원선,덕계,1477,1307,2784
20210922,경원선,덕정,2921,3035,5956
20210922,경원선,망월사,3371,3452,6823
20210922,경원선,가능,3448,3154,6602
20210923,경원선,녹양,4263,4041,8304
20210923,경원선,망월사,6865,6987,13852
20210923,경원선,회룡,11782,11636,23418
20210923,경원선,의정부,16704,17218,33922
20210923,경원선,가능,6357,6152,12509
20210923,경원선,양주,7770,7204,14974
20210923,경원선,소요산,3203,2654,5857
20210923,경원선,덕정,5282,5138,10420
20210923,경원선,지행,6086,6076,12162
20210923,경원선,동두천중앙,3066,2862,5928
20210923,경원선,보산,1420,1274,2694
20210923,경원선,동두천,2104,2320,4424
20210923,경원선,도봉산,7640,5045,12685
20210923,경원선,덕계,2881,2620,5501
20210923,경원선,도봉,5658,5454,11112
20210923,경원선,이촌,3453,2704,6157
20210923,경원선,창동,1,0,1
20210923,경원선,서빙고,1702,1587,3289
20210923,경원선,한남,3959,3701,7660
20210923,경원선,옥수,51,44,95
20210923,경원선,응봉,1653,1399,3052
20210923,경원선,왕십리,11609,13963,25572
20210923,경원선,청량리,13528,13469,26997
20210923,경원선,방학,8920,8800,17720
20210923,경원선,신이문,7677,7188,14865
20210923,경원선,석계,7318,8501,15819
20210923,경원선,광운대,7168,7118,14286
20210923,경원선,월계,5894,5693,11587
20210923,경원선,녹천,4412,3725,8137
20210923,경원선,외대앞,6236,6786,13022
20210924,경원선,망월사,7230,7289,14519
20210924,경원선,회룡,12443,12153,24596
20210924,경원선,의정부,17782,18656,36438
20210924,경원선,가능,6454,6266,12720
20210924,경원선,녹양,4443,4204,8647
20210924,경원선,양주,7952,7427,15379
20210924,경원선,지행,6541,6514,13055
20210924,경원선,덕정,5420,5161,10581
20210924,경원선,동두천중앙,3137,3077,6214
20210924,경원선,보산,1724,1422,3146
20210924,경원선,동두천,2060,2411,4471
20210924,경원선,도봉산,7987,5243,13230
20210924,경원선,덕계,2885,2635,5520
20210924,경원선,소요산,3309,2869,6178
20210924,경원선,도봉,5749,5494,11243
20210924,경원선,녹천,4509,3840,8349
20210924,경원선,방학,9382,9214,18596
20210924,경원선,이촌,3768,2840,6608
20210924,경원선,서빙고,1895,1705,3600
20210924,경원선,한남,4143,3895,8038
20210924,경원선,응봉,1754,1457,3211
20210924,경원선,왕십리,12905,15228,28133
20210924,경원선,옥수,56,17,73
20210924,경원선,외대앞,6835,7006,13841
20210924,경원선,신이문,8046,7465,15511
20210924,경원선,석계,7704,8879,16583
20210924,경원선,광운대,7480,7146,14626
20210924,경원선,월계,6033,5700,11733
20210924,경원선,청량리,14791,15339,30130
20210925,경원선,신이문,5546,5103,10649
20210925,경원선,녹천,3003,2531,5534
20210925,경원선,월계,4285,4075,8360
20210925,경원선,광운대,5084,4938,10022
20210925,경원선,석계,6157,6497,12654
20210925,경원선,외대앞,5483,5430,10913
20210925,경원선,방학,7005,6720,13725
20210925,경원선,왕십리,10428,12185,22613
20210925,경원선,응봉,1257,1091,2348
20210925,경원선,옥수,22,36,58
20210925,경원선,한남,2614,2434,5048
20210925,경원선,서빙고,1237,1140,2377
20210925,경원선,청량리,13498,14697,28195
20210925,경원선,도봉,4334,4157,8491
20210925,경원선,이촌,2903,2112,5015
20210925,경원선,망월사,5023,5194,10217
20210925,경원선,창동,1,0,1
20210925,경원선,소요산,4298,3594,7892
20210925,경원선,동두천,1615,2183,3798
20210925,경원선,보산,1612,1516,3128
20210925,경원선,동두천중앙,2487,2533,5020
20210925,경원선,지행,4946,4936,9882
20210925,경원선,도봉산,9356,6745,16101
20210925,경원선,덕계,2195,2087,4282
20210925,경원선,양주,6430,6111,12541
20210925,경원선,녹양,3344,3228,6572
20210925,경원선,가능,4815,4668,9483
20210925,경원선,의정부,15199,16158,31357
20210925,경원선,회룡,9016,9004,18020
20210925,경원선,덕정,3902,3691,7593
20210926,경원선,월계,3165,2896,6061
20210926,경원선,광운대,3657,3725,7382
20210926,경원선,석계,4461,4825,9286
20210926,경원선,신이문,4216,4021,8237
20210926,경원선,외대앞,4110,4177,8287
20210926,경원선,청량리,11728,10818,22546
20210926,경원선,옥수,72,31,103
20210926,경원선,응봉,967,960,1927
20210926,경원선,녹천,2590,2218,4808
20210926,경원선,한남,1785,1781,3566
20210926,경원선,서빙고,1021,1018,2039
20210926,경원선,창동,1,0,1
20210926,경원선,왕십리,7698,8696,16394
20210926,경원선,방학,5281,5092,10373
20210926,경원선,이촌,2215,1592,3807
20210926,경원선,도봉산,9387,6838,16225
20210926,경원선,동두천,1358,1732,3090
20210926,경원선,보산,1232,1265,2497
20210926,경원선,동두천중앙,1893,1816,3709
20210926,경원선,지행,3768,3839,7607
20210926,경원선,덕정,2958,3181,6139
20210926,경원선,덕계,1585,1489,3074
20210926,경원선,소요산,4653,3993,8646
20210926,경원선,녹양,2501,2424,4925
20210926,경원선,양주,5074,4991,10065
20210926,경원선,망월사,4233,4321,8554
20210926,경원선,도봉,3316,3059,6375
20210926,경원선,의정부,11886,12061,23947
20210926,경원선,가능,3733,3544,7277
20210926,경원선,회룡,6682,6701,13383
20210927,경원선,녹천,4617,3912,8529
20210927,경원선,월계,6385,6141,12526
20210927,경원선,광운대,7831,7530,15361
20210927,경원선,석계,7839,8844,16683
20210927,경원선,신이문,8182,7738,15920
20210927,경원선,외대앞,6641,6826,13467
20210927,경원선,청량리,13279,13991,27270
20210927,경원선,옥수,50,44,94
20210927,경원선,한남,4008,3851,7859
20210927,경원선,서빙고,1817,1632,3449
20210927,경원선,방학,9532,9229,18761
20210927,경원선,이촌,3566,2763,6329
20210927,경원선,왕십리,12417,14425,26842
20210927,경원선,응봉,1803,1547,3350
20210927,경원선,도봉산,7324,4752,12076
20210927,경원선,망월사,7098,7299,14397
20210927,경원선,도봉,6056,5945,12001
20210927,경원선,소요산,2863,2321,5184
20210927,경원선,동두천,2164,2398,4562
20210927,경원선,동두천중앙,3199,3032,6231
20210927,경원선,지행,6224,6202,12426
20210927,경원선,덕정,5555,5408,10963
20210927,경원선,보산,1505,1313,2818
20210927,경원선,양주,7762,7414,15176
20210927,경원선,녹양,4370,4290,8660
20210927,경원선,가능,6593,6323,12916
20210927,경원선,의정부,16767,16880,33647
20210927,경원선,회룡,12272,12081,24353
20210927,경원선,덕계,2991,2684,5675
20210928,경원선,망월사,7120,7318,14438
20210928,경원선,회룡,12293,12055,24348
20210928,경원선,의정부,16443,16698,33141
20210928,경원선,가능,6583,6378,12961
20210928,경원선,녹양,4438,4278,8716
20210928,경원선,양주,7669,7305,14974
20210928,경원선,지행,6187,6129,12316
20210928,경원선,덕정,5248,5137,10385
20210928,경원선,동두천중앙,3088,2916,6004
20210928,경원선,보산,1402,1299,2701
20210928,경원선,동두천,2069,2379,4448
20210928,경원선,소요산,2609,2226,4835
20210928,경원선,덕계,2850,2587,5437
20210928,경원선,도봉산,7276,4810,12086
20210928,경원선,방학,9617,9356,18973
20210928,경원선,녹천,4652,3982,8634
20210928,경원선,이촌,3608,2790,6398
20210928,경원선,서빙고,1874,1742,3616
20210928,경원선,한남,3973,3757,7730
20210928,경원선,옥수,55,40,95
20210928,경원선,응봉,1810,1578,3388
20210928,경원선,왕십리,12198,14309,26507
20210928,경원선,도봉,6035,5887,11922
20210928,경원선,외대앞,6560,6606,13166
20210928,경원선,신이문,8124,7657,15781
20210928,경원선,석계,7710,8886,16596
20210928,경원선,광운대,7790,7659,15449
20210928,경원선,월계,6526,6200,12726
20210928,경원선,청량리,12952,13643,26595
20210929,경원선,가능,6003,5775,11778
20210929,경원선,의정부,15694,16353,32047
20210929,경원선,회룡,11181,11317,22498
20210929,경원선,망월사,6740,6820,13560
20210929,경원선,도봉산,5777,3705,9482
20210929,경원선,도봉,5612,5381,10993
20210929,경원선,월계,6121,5836,11957
20210929,경원선,녹천,4396,3708,8104
20210929,경원선,광운대,7307,7100,14407
20210929,경원선,석계,7224,8337,15561
20210929,경원선,신이문,7811,7223,15034
20210929,경원선,녹양,4134,3946,8080
20210929,경원선,방학,8998,8822,17820
20210929,경원선,양주,6992,6661,13653
20210929,경원선,외대앞,6166,6232,12398
20210929,경원선,덕정,4921,4807,9728
20210929,경원선,청량리,11983,12506,24489
20210929,경원선,왕십리,12151,14235,26386
20210929,경원선,응봉,1699,1453,3152
20210929,경원선,옥수,41,24,65
20210929,경원선,한남,3781,3565,7346
20210929,경원선,서빙고,1705,1549,3254
20210929,경원선,덕계,2730,2554,5284
20210929,경원선,소요산,1821,1525,3346
20210929,경원선,동두천,1737,1970,3707
20210929,경원선,보산,1350,1239,2589
20210929,경원선,동두천중앙,2885,2768,5653
20210929,경원선,지행,5666,5806,11472
20210929,경원선,이촌,3450,2759,6209
20210930,경원선,망월사,7257,7429,14686
20210930,경원선,회룡,12488,12409,24897
20210930,경원선,의정부,16987,17615,34602
20210930,경원선,가능,6589,6321,12910
20210930,경원선,녹양,4490,4349,8839
20210930,경원선,양주,7947,7607,15554
20210930,경원선,지행,6186,6176,12362
20210930,경원선,덕정,5442,5107,10549
20210930,경원선,동두천중앙,3310,3265,6575
20210930,경원선,보산,1458,1346,2804
20210930,경원선,동두천,2098,2393,4491
20210930,경원선,도봉산,7808,5289,13097
20210930,경원선,덕계,3011,2725,5736
20210930,경원선,소요산,3135,2758,5893
20210930,경원선,도봉,6123,5953,12076
20210930,경원선,녹천,4706,3933,8639
20210930,경원선,방학,9619,9323,18942
20210930,경원선,이촌,3706,2846,6552
20210930,경원선,서빙고,1880,1692,3572
20210930,경원선,한남,4157,3855,8012
20210930,경원선,응봉,1841,1565,3406
20210930,경원선,왕십리,12785,14659,27444
20210930,경원선,옥수,41,27,68
20210930,경원선,외대앞,6766,6758,13524
20210930,경원선,신이문,8345,7783,16128
20210930,경원선,석계,8020,8982,17002
20210930,경원선,광운대,7999,7622,15621
20210930,경원선,월계,6734,6403,13137
20210930,경원선,청량리,13838,14357,28195
20211001,경원선,외대앞,7049,6995,14044
20211001,경원선,월계,6669,6252,12921
20211001,경원선,광운대,8027,7650,15677
20211001,경원선,석계,8122,9101,17223
20211001,경원선,신이문,8424,7839,16263
20211001,경원선,덕계,3032,2768,5800
20211001,경원선,녹천,4609,3906,8515
20211001,경원선,응봉,1930,1537,3467
20211001,경원선,옥수,59,29,88
20211001,경원선,한남,4130,3882,8012
20211001,경원선,서빙고,1916,1656,3572
20211001,경원선,이촌,3935,2890,6825
20211001,경원선,왕십리,13846,15571,29417
20211001,경원선,방학,9707,9393,19100
20211001,경원선,청량리,15740,16651,32391
20211001,경원선,도봉산,7784,5191,12975
20211001,경원선,소요산,3365,2840,6205
20211001,경원선,동두천,2010,2441,4451
20211001,경원선,보산,1758,1427,3185
20211001,경원선,동두천중앙,3128,3089,6217
20211001,경원선,지행,6625,6467,13092
20211001,경원선,덕정,5515,5201,10716
20211001,경원선,도봉,5997,5783,11780
20211001,경원선,녹양,4646,4374,9020
20211001,경원선,가능,6795,6594,13389
20211001,경원선,의정부,17624,18583,36207
20211001,경원선,회룡,12380,12278,24658
20211001,경원선,망월사,7339,7420,14759
20211001,경원선,양주,8214,7722,15936
20211002,경원선,회룡,9197,9152,18349
20211002,경원선,의정부,15451,16188,31639
20211002,경원선,가능,4835,4615,9450
20211002,경원선,녹양,3376,3324,6700
20211002,경원선,양주,6614,6477,13091
20211002,경원선,덕계,2304,2040,4344
20211002,경원선,동두천중앙,2427,2440,4867
20211002,경원선,지행,5241,5151,10392
20211002,경원선,보산,1657,1535,3192
20211002,경원선,동두천,1574,2254,3828
20211002,경원선,소요산,4316,3629,7945
20211002,경원선,망월사,5302,5539,10841
20211002,경원선,덕정,4118,3906,8024
20211002,경원선,도봉산,9050,6481,15531
20211002,경원선,도봉,4271,3990,8261
20211002,경원선,방학,7064,6861,13925
20211002,경원선,서빙고,1381,1314,2695
20211002,경원선,한남,2754,2574,5328
20211002,경원선,옥수,33,26,59
20211002,경원선,응봉,1382,1134,2516
20211002,경원선,왕십리,11082,12613,23695
20211002,경원선,청량리,14352,16014,30366
20211002,경원선,이촌,3084,2076,5160
20211002,경원선,신이문,5794,5249,11043
20211002,경원선,석계,6534,6889,13423
20211002,경원선,광운대,5336,5124,10460
20211002,경원선,월계,4345,4042,8387
20211002,경원선,녹천,3252,2660,5912
20211002,경원선,외대앞,5784,5502,11286
20211003,경원선,방학,5669,5363,11032
20211003,경원선,도봉,3457,3276,6733
20211003,경원선,망월사,4243,4432,8675
20211003,경원선,회룡,7059,7058,14117
20211003,경원선,의정부,12921,13311,26232
20211003,경원선,가능,3908,3722,7630
20211003,경원선,덕계,1634,1572,3206
20211003,경원선,양주,5638,5581,11219
20211003,경원선,덕정,3152,3242,6394
20211003,경원선,지행,3932,4036,7968
20211003,경원선,동두천중앙,1971,1886,3857
20211003,경원선,녹천,2444,2053,4497
20211003,경원선,녹양,2561,2474,5035
20211003,경원선,월계,3644,3440,7084
20211003,경원선,보산,1163,1299,2462
20211003,경원선,석계,4907,5205,10112
20211003,경원선,광운대,4117,4101,8218
20211003,경원선,동두천,1419,1811,3230
20211003,경원선,소요산,4857,4187,9044
20211003,경원선,도봉산,9810,7204,17014
20211003,경원선,서빙고,1131,1132,2263
20211003,경원선,한남,1964,1967,3931
20211003,경원선,이촌,2438,1699,4137
20211003,경원선,응봉,1134,960,2094
20211003,경원선,왕십리,8397,9632,18029
20211003,경원선,청량리,12832,12650,25482
20211003,경원선,외대앞,4473,4408,8881
20211003,경원선,신이문,4408,4170,8578
20211003,경원선,옥수,50,35,85
20211004,경원선,녹양,2818,2705,5523
20211004,경원선,망월사,4731,4787,9518
20211004,경원선,회룡,8035,7906,15941
20211004,경원선,의정부,12858,12942,25800
20211004,경원선,가능,4539,4304,8843
20211004,경원선,양주,5503,5346,10849
20211004,경원선,소요산,2845,2372,5217
20211004,경원선,덕정,3467,3456,6923
20211004,경원선,지행,4336,4253,8589
20211004,경원선,동두천중앙,2092,1980,4072
20211004,경원선,보산,1118,953,2071
20211004,경원선,동두천,1416,1724,3140
20211004,경원선,도봉산,6090,4283,10373
20211004,경원선,덕계,2019,1852,3871
20211004,경원선,도봉,3842,3710,7552
20211004,경원선,이촌,2185,1667,3852
20211004,경원선,창동,1,0,1
20211004,경원선,서빙고,927,884,1811
20211004,경원선,한남,2394,2404,4798
20211004,경원선,옥수,53,31,84
20211004,경원선,응봉,1106,992,2098
20211004,경원선,왕십리,8682,9929,18611
20211004,경원선,청량리,12245,12336,24581
20211004,경원선,방학,6177,5911,12088
20211004,경원선,신이문,5168,4946,10114
20211004,경원선,석계,5541,6185,11726
20211004,경원선,광운대,4534,4508,9042
20211004,경원선,월계,3860,3639,7499
20211004,경원선,녹천,2866,2438,5304
20211004,경원선,외대앞,4736,4687,9423
20211005,경원선,녹천,4493,3795,8288
20211005,경원선,월계,6802,6403,13205
20211005,경원선,광운대,7945,7551,15496
20211005,경원선,석계,7769,8839,16608
20211005,경원선,신이문,8370,7781,16151
20211005,경원선,외대앞,6683,6843,13526
20211005,경원선,응봉,1789,1520,3309
20211005,경원선,왕십리,12339,14153,26492
20211005,경원선,옥수,58,30,88
20211005,경원선,한남,4094,3813,7907
20211005,경원선,서빙고,1834,1668,3502
20211005,경원선,방학,9480,9209,18689
20211005,경원선,청량리,13375,13910,27285
20211005,경원선,이촌,3490,2846,6336
20211005,경원선,도봉,6024,5882,11906
20211005,경원선,망월사,7240,7283,14523
20211005,경원선,도봉산,6962,4502,11464
20211005,경원선,소요산,2431,2015,4446
20211005,경원선,동두천,2065,2246,4311
20211005,경원선,보산,1446,1311,2757
20211005,경원선,지행,6093,5996,12089
20211005,경원선,덕정,5568,5417,10985
20211005,경원선,동두천중앙,3121,3033,6154
20211005,경원선,양주,7672,7176,14848
20211005,경원선,녹양,4547,4303,8850
20211005,경원선,가능,6689,6493,13182
20211005,경원선,의정부,16649,16981,33630
20211005,경원선,회룡,12159,11944,24103
20211005,경원선,덕계,2931,2581,5512
20211006,경원선,옥수,48,30,78
20211006,경원선,외대앞,6498,6465,12963
20211006,경원선,청량리,12674,13246,25920
20211006,경원선,왕십리,12393,14084,26477
20211006,경원선,응봉,1736,1452,3188
20211006,경원선,한남,3902,3643,7545
20211006,경원선,신이문,8034,7442,15476
20211006,경원선,이촌,3477,2677,6154
20211006,경원선,지행,5981,5925,11906
20211006,경원선,동두천중앙,2944,2883,5827
20211006,경원선,보산,1373,1241,2614
20211006,경원선,동두천,1979,2294,4273
20211006,경원선,서빙고,1772,1632,3404
20211006,경원선,석계,7613,8602,16215
20211006,경원선,소요산,1954,1637,3591
20211006,경원선,월계,6599,6154,12753
20211006,경원선,덕정,5220,5085,10305
20211006,경원선,덕계,2841,2679,5520
20211006,경원선,양주,7495,7003,14498
20211006,경원선,녹양,4297,4059,8356
20211006,경원선,가능,6443,6106,12549
20211006,경원선,의정부,16223,16819,33042
20211006,경원선,광운대,7537,7340,14877
20211006,경원선,망월사,7024,7138,14162
20211006,경원선,도봉산,6242,4006,10248
20211006,경원선,도봉,5999,5838,11837
20211006,경원선,방학,9145,8863,18008
20211006,경원선,녹천,4551,3862,8413
20211006,경원선,회룡,11950,11750,23700
20211007,경원선,망월사,7230,7322,14552
20211007,경원선,도봉산,7147,4502,11649
20211007,경원선,방학,9351,9201,18552
20211007,경원선,녹천,4627,3873,8500
20211007,경원선,월계,6740,6410,13150
20211007,경원선,광운대,7833,7537,15370
20211007,경원선,외대앞,6493,6538,13031
20211007,경원선,신이문,8180,7565,15745
20211007,경원선,회룡,12138,12041,24179
20211007,경원선,청량리,13356,13908,27264
20211007,경원선,왕십리,12542,14311,26853
20211007,경원선,응봉,1799,1463,3262
20211007,경원선,석계,7860,8859,16719
20211007,경원선,의정부,16828,17070,33898
20211007,경원선,도봉,5989,5802,11791
20211007,경원선,녹양,4424,4252,8676
20211007,경원선,가능,6450,6240,12690
20211007,경원선,한남,3962,3740,7702
20211007,경원선,서빙고,1760,1668,3428
20211007,경원선,이촌,3545,2738,6283
20211007,경원선,소요산,2466,2185,4651
20211007,경원선,동두천,2036,2324,4360
20211007,경원선,옥수,45,32,77
20211007,경원선,동두천중앙,2967,2886,5853
20211007,경원선,지행,6223,6185,12408
20211007,경원선,덕정,5456,5406,10862
20211007,경원선,덕계,2944,2700,5644
20211007,경원선,양주,7717,7383,15100
20211007,경원선,보산,1766,1449,3215
20211008,경원선,월계,6410,6054,12464
20211008,경원선,광운대,7829,7526,15355
20211008,경원선,석계,8009,8945,16954
20211008,경원선,신이문,8197,7595,15792
20211008,경원선,외대앞,7042,6871,13913
20211008,경원선,청량리,15344,16888,32232
20211008,경원선,응봉,1788,1583,3371
20211008,경원선,이촌,3704,2800,6504
20211008,경원선,옥수,50,37,87
20211008,경원선,한남,4017,3718,7735
20211008,경원선,서빙고,1812,1627,3439
20211008,경원선,녹천,4603,3862,8465
20211008,경원선,왕십리,13442,15422,28864
20211008,경원선,방학,9460,9282,18742
20211008,경원선,지행,6532,6455,12987
20211008,경원선,도봉산,6940,4452,11392
20211008,경원선,도봉,5965,5690,11655
20211008,경원선,동두천,2104,2480,4584
20211008,경원선,보산,1905,1727,3632
20211008,경원선,동두천중앙,3157,3090,6247
20211008,경원선,덕정,5669,5197,10866
20211008,경원선,덕계,3046,2760,5806
20211008,경원선,소요산,2612,2282,4894
20211008,경원선,녹양,4547,4360,8907
20211008,경원선,가능,6556,6261,12817
20211008,경원선,의정부,18003,18633,36636
20211008,경원선,회룡,12349,12285,24634
20211008,경원선,망월사,7376,7403,14779
20211008,경원선,양주,8020,7599,15619
20211009,경원선,도봉,4205,3860,8065
20211009,경원선,도봉산,8515,6023,14538
20211009,경원선,망월사,4894,5087,9981
20211009,경원선,회룡,8692,8552,17244
20211009,경원선,의정부,15251,16000,31251
20211009,경원선,가능,4609,4428,9037
20211009,경원선,덕계,2203,2066,4269
20211009,경원선,양주,6301,6066,12367
20211009,경원선,덕정,3833,3652,7485
20211009,경원선,지행,4741,4906,9647
20211009,경원선,동두천중앙,2226,2246,4472
20211009,경원선,소요산,4054,3632,7686
20211009,경원선,방학,6641,6385,13026
20211009,경원선,녹양,3128,3077,6205
20211009,경원선,보산,1825,1577,3402
20211009,경원선,녹천,3002,2522,5524
20211009,경원선,광운대,5063,4809,9872
20211009,경원선,창동,1,0,1
20211009,경원선,동두천,1480,1943,3423
20211009,경원선,이촌,2723,1924,4647
20211009,경원선,서빙고,1349,1196,2545
20211009,경원선,한남,2557,2289,4846
20211009,경원선,옥수,49,41,90
20211009,경원선,월계,4159,3844,8003
20211009,경원선,왕십리,10773,12324,23097
20211009,경원선,청량리,14988,16421,31409
20211009,경원선,외대앞,5075,4826,9901
20211009,경원선,신이문,5662,5083,10745
20211009,경원선,석계,6191,6448,12639
20211009,경원선,응봉,1472,1122,2594
20211010,경원선,녹천,2159,1885,4044
20211010,경원선,월계,2979,2670,5649
20211010,경원선,광운대,3566,3636,7202
20211010,경원선,석계,4348,4595,8943
20211010,경원선,신이문,4039,3796,7835
20211010,경원선,외대앞,4045,4044,8089
20211010,경원선,응봉,880,830,1710
20211010,경원선,왕십리,7801,9002,16803
20211010,경원선,옥수,65,42,107
20211010,경원선,한남,1660,1683,3343
20211010,경원선,서빙고,921,914,1835
20211010,경원선,방학,4925,4889,9814
20211010,경원선,청량리,12514,12065,24579
20211010,경원선,도봉,3065,2881,5946
20211010,경원선,이촌,1788,1483,3271
20211010,경원선,망월사,3806,3918,7724
20211010,경원선,소요산,3258,2802,6060
20211010,경원선,동두천,1155,1430,2585
20211010,경원선,보산,1232,1221,2453
20211010,경원선,동두천중앙,1833,1830,3663
20211010,경원선,지행,3538,3462,7000
20211010,경원선,덕정,2733,2826,5559
20211010,경원선,도봉산,6491,4628,11119
20211010,경원선,양주,4662,4616,9278
20211010,경원선,녹양,2244,2240,4484
20211010,경원선,가능,3560,3379,6939
20211010,경원선,의정부,11568,12043,23611
20211010,경원선,회룡,6169,6204,12373
20211010,경원선,덕계,1450,1410,2860
20211011,경원선,망월사,4877,5029,9906
20211011,경원선,회룡,8719,8497,17216
20211011,경원선,의정부,13932,14067,27999
20211011,경원선,가능,4644,4389,9033
20211011,경원선,녹양,3028,2868,5896
20211011,경원선,양주,6153,6020,12173
20211011,경원선,지행,4789,4733,9522
20211011,경원선,덕정,3884,3832,7716
20211011,경원선,동두천중앙,2311,2249,4560
20211011,경원선,보산,1493,1671,3164
20211011,경원선,동두천,1505,1897,3402
20211011,경원선,도봉산,7772,5563,13335
20211011,경원선,덕계,2134,1944,4078
20211011,경원선,소요산,3885,3283,7168
20211011,경원선,도봉,4073,3913,7986
20211011,경원선,녹천,2941,2477,5418
20211011,경원선,방학,6586,6429,13015
20211011,경원선,이촌,2451,1865,4316
20211011,경원선,서빙고,1079,1033,2112
20211011,경원선,한남,2571,2464,5035
20211011,경원선,응봉,1280,1143,2423
20211011,경원선,왕십리,8851,10333,19184
20211011,경원선,옥수,46,31,77
20211011,경원선,외대앞,4962,5132,10094
20211011,경원선,신이문,5603,5194,10797
20211011,경원선,석계,5861,6523,12384
20211011,경원선,광운대,4833,4881,9714
20211011,경원선,월계,4126,3977,8103
20211011,경원선,청량리,13261,13672,26933
20211012,경원선,녹양,4655,4378,9033
20211012,경원선,망월사,7445,7564,15009
20211012,경원선,회룡,12589,12278,24867
20211012,경원선,의정부,17214,17522,34736
20211012,경원선,가능,6691,6386,13077
20211012,경원선,양주,7984,7576,15560
20211012,경원선,도봉산,7722,4963,12685
20211012,경원선,덕정,6109,5916,12025
20211012,경원선,지행,6350,6389,12739
20211012,경원선,동두천중앙,3229,3027,6256
20211012,경원선,보산,1386,1296,2682
20211012,경원선,동두천,2075,2392,4467
20211012,경원선,덕계,3186,2831,6017
20211012,경원선,도봉,6230,5977,12207
20211012,경원선,소요산,2876,2348,5224
20211012,경원선,녹천,4676,4008,8684
20211012,경원선,이촌,3678,2879,6557
20211012,경원선,서빙고,1832,1750,3582
20211012,경원선,한남,4243,3963,8206
20211012,경원선,옥수,48,46,94
20211012,경원선,응봉,1773,1486,3259
20211012,경원선,왕십리,12562,14464,27026
20211012,경원선,방학,9723,9416,19139
20211012,경원선,외대앞,6773,6902,13675
20211012,경원선,신이문,8356,7739,16095
20211012,경원선,석계,7749,8951,16700
20211012,경원선,광운대,8013,7611,15624
20211012,경원선,월계,6946,6524,13470
20211012,경원선,청량리,13786,14285,28071
20211013,경원선,녹천,4673,3958,8631
20211013,경원선,광운대,7898,7590,15488
20211013,경원선,석계,8115,9136,17251
20211013,경원선,신이문,8334,7821,16155
20211013,경원선,외대앞,6733,6840,13573
20211013,경원선,청량리,14110,14889,28999
20211013,경원선,옥수,50,25,75
20211013,경원선,응봉,1896,1609,3505
20211013,경원선,창동,1,0,1
20211013,경원선,한남,4116,3852,7968
20211013,경원선,서빙고,1935,1762,3697
20211013,경원선,이촌,3739,2924,6663
20211013,경원선,왕십리,13354,15088,28442
20211013,경원선,방학,9753,9674,19427
20211013,경원선,월계,7063,6673,13736
20211013,경원선,도봉산,8150,5434,13584
20211013,경원선,도봉,6244,6063,12307
20211013,경원선,동두천,2096,2449,4545
20211013,경원선,보산,1550,1392,2942
20211013,경원선,동두천중앙,3181,3082,6263
20211013,경원선,지행,6470,6533,13003
20211013,경원선,덕정,5845,5656,11501
20211013,경원선,덕계,3108,2832,5940
20211013,경원선,소요산,3150,2752,5902
20211013,경원선,녹양,4657,4409,9066
20211013,경원선,가능,6745,6458,13203
20211013,경원선,의정부,17841,18124,35965
20211013,경원선,회룡,12751,12535,25286
20211013,경원선,망월사,7394,7518,14912
20211013,경원선,양주,8126,7778,15904
20211014,경원선,월계,7112,6722,13834
20211014,경원선,광운대,8057,7582,15639
20211014,경원선,석계,8122,9351,17473
20211014,경원선,신이문,8444,7694,16138
20211014,경원선,외대앞,6749,6698,13447
20211014,경원선,청량리,14245,14882,29127
20211014,경원선,옥수,45,38,83
20211014,경원선,응봉,1904,1627,3531
20211014,경원선,한남,4264,3890,8154
20211014,경원선,서빙고,1864,1769,3633
20211014,경원선,이촌,3753,2844,6597
20211014,경원선,녹천,4723,4040,8763
20211014,경원선,왕십리,12933,14742,27675
20211014,경원선,방학,9685,9304,18989
20211014,경원선,동두천중앙,3239,3104,6343
20211014,경원선,도봉산,8180,5421,13601
20211014,경원선,도봉,6237,5964,12201
20211014,경원선,동두천,2280,2450,4730
20211014,경원선,보산,1519,1408,2927
20211014,경원선,지행,6353,6547,12900
20211014,경원선,덕정,5717,5631,11348
20211014,경원선,덕계,3140,2868,6008
20211014,경원선,소요산,3080,2719,5799
20211014,경원선,녹양,4667,4376,9043
20211014,경원선,가능,6752,6488,13240
20211014,경원선,의정부,17300,17813,35113
20211014,경원선,회룡,12679,12605,25284
20211014,경원선,망월사,7483,7608,15091
20211014,경원선,양주,8161,7703,15864
20211015,경원선,망월사,7486,7559,15045
20211015,경원선,소요산,2734,2421,5155
20211015,경원선,의정부,18202,18978,37180
20211015,경원선,가능,6596,6293,12889
20211015,경원선,녹양,4552,4371,8923
20211015,경원선,양주,8042,7697,15739
20211015,경원선,지행,6690,6625,13315
20211015,경원선,덕정,6248,5804,12052
20211015,경원선,동두천중앙,3419,3360,6779
20211015,경원선,보산,1952,1549,3501
20211015,경원선,동두천,2145,2480,4625
20211015,경원선,도봉산,7528,4956,12484
20211015,경원선,덕계,3032,2778,5810
20211015,경원선,도봉,6249,6034,12283
20211015,경원선,회룡,12516,12450,24966
20211015,경원선,녹천,4658,3923,8581
20211015,경원선,이촌,3849,2942,6791
20211015,경원선,서빙고,2005,1773,3778
20211015,경원선,한남,4168,3896,8064
20211015,경원선,옥수,76,26,102
20211015,경원선,응봉,1792,1576,3368
20211015,경원선,왕십리,13746,15801,29547
20211015,경원선,방학,9806,9560,19366
20211015,경원선,외대앞,7085,6921,14006
20211015,경원선,신이문,8376,7755,16131
20211015,경원선,석계,8254,9284,17538
20211015,경원선,광운대,8018,7630,15648
20211015,경원선,월계,6988,6487,13475
20211015,경원선,청량리,15833,16829,32662
20211016,경원선,망월사,6858,6913,13771
20211016,경원선,회룡,9613,9456,19069
20211016,경원선,의정부,17023,17916,34939
20211016,경원선,가능,5234,4907,10141
20211016,경원선,녹양,3552,3473,7025
20211016,경원선,양주,6709,6476,13185
20211016,경원선,지행,5471,5308,10779
20211016,경원선,덕정,4410,4061,8471
20211016,경원선,도봉산,9719,6726,16445
20211016,경원선,동두천중앙,2544,2621,5165
20211016,경원선,보산,2010,1874,3884
20211016,경원선,동두천,1583,2206,3789
20211016,경원선,덕계,2413,2173,4586
20211016,경원선,도봉,4470,4284,8754
20211016,경원선,소요산,4224,3803,8027
20211016,경원선,녹천,3355,2758,6113
20211016,경원선,이촌,2819,2236,5055
20211016,경원선,서빙고,1402,1591,2993
20211016,경원선,한남,2668,2495,5163
20211016,경원선,옥수,26,31,57
20211016,경원선,응봉,1367,1212,2579
20211016,경원선,왕십리,12001,13489,25490
20211016,경원선,방학,7315,7110,14425
20211016,경원선,외대앞,5569,5526,11095
20211016,경원선,신이문,6055,5568,11623
20211016,경원선,석계,6540,7012,13552
20211016,경원선,광운대,5291,5174,10465
20211016,경원선,월계,4603,4204,8807
20211016,경원선,청량리,15199,16505,31704
20211017,경원선,망월사,5193,5118,10311
20211017,경원선,회룡,6673,6674,13347
20211017,경원선,의정부,12768,13077,25845
20211017,경원선,가능,3716,3584,7300
20211017,경원선,녹양,2554,2390,4944
20211017,경원선,양주,4962,4815,9777
20211017,경원선,지행,3947,3992,7939
20211017,경원선,덕정,3139,3391,6530
20211017,경원선,동두천중앙,1889,1849,3738
20211017,경원선,보산,1315,1511,2826
20211017,경원선,동두천,1255,1568,2823
20211017,경원선,도봉산,8436,6002,14438
20211017,경원선,덕계,1557,1550,3107
20211017,경원선,소요산,3808,3266,7074
20211017,경원선,도봉,3252,3075,6327
20211017,경원선,녹천,2214,1971,4185
20211017,경원선,방학,5375,5213,10588
20211017,경원선,이촌,1818,1524,3342
20211017,경원선,서빙고,989,1107,2096
20211017,경원선,한남,1783,1744,3527
20211017,경원선,응봉,971,885,1856
20211017,경원선,왕십리,8548,9604,18152
20211017,경원선,옥수,45,21,66
20211017,경원선,외대앞,4238,4138,8376
20211017,경원선,신이문,4343,4056,8399
20211017,경원선,석계,4569,5018,9587
20211017,경원선,광운대,3772,3800,7572
20211017,경원선,월계,3256,3154,6410
20211017,경원선,청량리,13068,12132,25200
20211018,경원선,망월사,7053,7235,14288
20211018,경원선,회룡,12258,11956,24214
20211018,경원선,의정부,16339,16378,32717
20211018,경원선,가능,6531,6120,12651
20211018,경원선,녹양,4391,4265,8656
20211018,경원선,양주,7603,7215,14818
20211018,경원선,지행,6102,6035,12137
20211018,경원선,덕정,6078,5930,12008
20211018,경원선,동두천중앙,3046,2853,5899
20211018,경원선,보산,1528,1325,2853
20211018,경원선,동두천,2093,2342,4435
20211018,경원선,소요산,2560,2122,4682
20211018,경원선,덕계,2974,2677,5651
20211018,경원선,도봉산,7381,4710,12091
20211018,경원선,방학,9347,9083,18430
20211018,경원선,녹천,4552,3901,8453
20211018,경원선,이촌,3451,2809,6260
20211018,경원선,서빙고,1764,1619,3383
20211018,경원선,한남,4080,3810,7890
20211018,경원선,옥수,57,49,106
20211018,경원선,응봉,1710,1507,3217
20211018,경원선,왕십리,12478,14273,26751
20211018,경원선,도봉,5815,5631,11446
20211018,경원선,외대앞,6507,6658,13165
20211018,경원선,신이문,8108,7594,15702
20211018,경원선,석계,7660,8740,16400
20211018,경원선,광운대,7734,7535,15269
20211018,경원선,월계,6624,6360,12984
20211018,경원선,청량리,13223,13373,26596
20211019,경원선,망월사,7200,7425,14625
20211019,경원선,회룡,12238,11983,24221
20211019,경원선,의정부,17055,17359,34414
20211019,경원선,가능,6548,6323,12871
20211019,경원선,녹양,4575,4304,8879
20211019,경원선,양주,7645,7221,14866
20211019,경원선,지행,6135,6196,12331
20211019,경원선,덕정,6108,5926,12034
20211019,경원선,도봉산,7383,4619,12002
20211019,경원선,동두천중앙,3114,3042,6156
20211019,경원선,보산,1404,1271,2675
20211019,경원선,동두천,2108,2372,4480
20211019,경원선,덕계,3015,2748,5763
20211019,경원선,도봉,6056,5926,11982
20211019,경원선,소요산,2672,2238,4910
20211019,경원선,녹천,4734,3909,8643
20211019,경원선,이촌,3621,2840,6461
20211019,경원선,서빙고,1935,1788,3723
20211019,경원선,한남,4143,3891,8034
20211019,경원선,옥수,46,43,89
20211019,경원선,응봉,1813,1549,3362
20211019,경원선,왕십리,12656,14505,27161
20211019,경원선,방학,9394,9298,18692
20211019,경원선,외대앞,6536,6661,13197
20211019,경원선,신이문,8166,7499,15665
20211019,경원선,석계,7802,8785,16587
20211019,경원선,광운대,7924,7663,15587
20211019,경원선,월계,6834,6453,13287
20211019,경원선,청량리,13673,14268,27941
20211020,경원선,망월사,7394,7620,15014
20211020,경원선,회룡,12834,12685,25519
20211020,경원선,의정부,17876,18352,36228
20211020,경원선,가능,6831,6507,13338
20211020,경원선,녹양,4742,4581,9323
20211020,경원선,양주,8079,7754,15833
20211020,경원선,지행,6215,6319,12534
20211020,경원선,덕정,6280,6010,12290
20211020,경원선,동두천중앙,3387,3343,6730
20211020,경원선,보산,1494,1348,2842
20211020,경원선,동두천,2180,2425,4605
20211020,경원선,도봉산,8205,5305,13510
20211020,경원선,덕계,3151,2768,5919
20211020,경원선,소요산,2768,2363,5131
20211020,경원선,도봉,6279,6041,12320
20211020,경원선,녹천,4666,3850,8516
20211020,경원선,방학,9779,9624,19403
20211020,경원선,이촌,3725,2869,6594
20211020,경원선,서빙고,2020,1923,3943
20211020,경원선,한남,4117,3919,8036
20211020,경원선,응봉,1846,1578,3424
20211020,경원선,왕십리,13588,15249,28837
20211020,경원선,옥수,43,41,84
20211020,경원선,외대앞,6789,6790,13579
20211020,경원선,신이문,8399,7852,16251
20211020,경원선,석계,8109,9250,17359
20211020,경원선,광운대,8769,8581,17350
20211020,경원선,월계,7496,7003,14499
20211020,경원선,청량리,14141,15064,29205
20211021,경원선,망월사,7291,7548,14839
20211021,경원선,회룡,12648,12577,25225
20211021,경원선,의정부,17738,17946,35684
20211021,경원선,가능,6721,6512,13233
20211021,경원선,녹양,4604,4403,9007
20211021,경원선,양주,7954,7590,15544
20211021,경원선,지행,6338,6329,12667
20211021,경원선,덕정,6030,5930,11960
20211021,경원선,동두천중앙,3220,3102,6322
20211021,경원선,보산,1489,1347,2836
20211021,경원선,동두천,2226,2528,4754
20211021,경원선,소요산,3069,2748,5817
20211021,경원선,덕계,3070,2770,5840
20211021,경원선,도봉산,8297,5326,13623
20211021,경원선,도봉,6060,5999,12059
20211021,경원선,녹천,4621,3886,8507
20211021,경원선,이촌,3609,2915,6524
20211021,경원선,서빙고,2059,1961,4020
20211021,경원선,한남,4271,3908,8179
20211021,경원선,옥수,43,34,77
20211021,경원선,응봉,1797,1520,3317
20211021,경원선,왕십리,13447,15019,28466
20211021,경원선,방학,9544,9365,18909
20211021,경원선,외대앞,6890,6845,13735
20211021,경원선,신이문,8370,7692,16062
20211021,경원선,석계,8036,9200,17236
20211021,경원선,광운대,8621,8277,16898
20211021,경원선,월계,7324,6836,14160
20211021,경원선,청량리,14411,15146,29557
20211022,경원선,도봉,6312,6079,12391
20211022,경원선,방학,9888,9638,19526
20211022,경원선,녹천,4742,3891,8633
20211022,경원선,월계,7218,6705,13923
20211022,경원선,광운대,8662,8216,16878
20211022,경원선,석계,8568,9436,18004
20211022,경원선,청량리,16977,17855,34832
20211022,경원선,외대앞,7425,7283,14708
20211022,경원선,왕십리,14207,16132,30339
20211022,경원선,응봉,1918,1659,3577
20211022,경원선,옥수,54,26,80
20211022,경원선,도봉산,8231,5582,13813
20211022,경원선,신이문,8420,7686,16106
20211022,경원선,망월사,7703,7681,15384
20211022,경원선,한남,4281,3927,8208
20211022,경원선,의정부,18630,19457,38087
20211022,경원선,서빙고,2176,2067,4243
20211022,경원선,이촌,3836,2997,6833
20211022,경원선,소요산,3203,2798,6001
20211022,경원선,동두천,2225,2560,4785
20211022,경원선,보산,1901,1621,3522
20211022,경원선,동두천중앙,3288,3193,6481
20211022,경원선,회룡,12717,12566,25283
20211022,경원선,덕정,6071,5693,11764
20211022,경원선,덕계,3178,2832,6010
20211022,경원선,양주,8081,7681,15762
20211022,경원선,녹양,4730,4594,9324
20211022,경원선,가능,6917,6507,13424
20211022,경원선,지행,6633,6546,13179
20211023,경원선,녹천,3371,2781,6152
20211023,경원선,월계,4822,4451,9273
20211023,경원선,광운대,5687,5501,11188
20211023,경원선,석계,6813,7277,14090
20211023,경원선,신이문,6123,5609,11732
20211023,경원선,외대앞,6188,5786,11974
20211023,경원선,응봉,1456,1253,2709
20211023,경원선,왕십리,12319,13956,26275
20211023,경원선,옥수,50,38,88
20211023,경원선,한남,2711,2674,5385
20211023,경원선,서빙고,1950,2489,4439
20211023,경원선,방학,7742,7373,15115
20211023,경원선,청량리,16382,17740,34122
20211023,경원선,이촌,3116,2246,5362
20211023,경원선,도봉,4598,4397,8995
20211023,경원선,망월사,6704,6860,13564
20211023,경원선,도봉산,10572,7193,17765
20211023,경원선,소요산,5474,4865,10339
20211023,경원선,동두천,1584,2190,3774
20211023,경원선,보산,1988,1937,3925
20211023,경원선,지행,5735,5734,11469
20211023,경원선,덕정,4387,4189,8576
20211023,경원선,동두천중앙,2634,2633,5267
20211023,경원선,양주,6776,6448,13224
20211023,경원선,녹양,3540,3471,7011
20211023,경원선,가능,5322,5111,10433
20211023,경원선,의정부,17978,18783,36761
20211023,경원선,회룡,10064,10182,20246
20211023,경원선,덕계,2487,2296,4783
20211024,경원선,응봉,1082,994,2076
20211024,경원선,이촌,2173,1651,3824
20211024,경원선,서빙고,1179,1279,2458
20211024,경원선,한남,1861,1857,3718
20211024,경원선,옥수,47,25,72
20211024,경원선,왕십리,8480,9775,18255
20211024,경원선,녹천,2565,2185,4750
20211024,경원선,외대앞,4396,4255,8651
20211024,경원선,신이문,4612,4401,9013
20211024,경원선,월계,3565,3333,6898
20211024,경원선,석계,4866,5360,10226
20211024,경원선,광운대,4039,4215,8254
20211024,경원선,청량리,13895,13148,27043
20211024,경원선,방학,5710,5492,11202
20211024,경원선,도봉,3558,3304,6862
20211024,경원선,도봉산,10540,7733,18273
20211024,경원선,동두천,1406,1772,3178
20211024,경원선,보산,1416,1564,2980
20211024,경원선,동두천중앙,2180,2020,4200
20211024,경원선,지행,4401,4357,8758
20211024,경원선,덕정,3366,3400,6766
20211024,경원선,덕계,1737,1710,3447
20211024,경원선,소요산,5848,5159,11007
20211024,경원선,녹양,2758,2696,5454
20211024,경원선,가능,4181,3806,7987
20211024,경원선,의정부,13686,13920,27606
20211024,경원선,회룡,7450,7506,14956
20211024,경원선,망월사,5224,5369,10593
20211024,경원선,양주,5258,5116,10374
20211025,경원선,망월사,7272,7479,14751
20211025,경원선,회룡,12745,12513,25258
20211025,경원선,의정부,17691,17953,35644
20211025,경원선,가능,6868,6633,13501
20211025,경원선,녹양,4670,4469,9139
20211025,경원선,양주,8184,7432,15616
20211025,경원선,지행,6428,6347,12775
20211025,경원선,덕정,5880,5884,11764
20211025,경원선,동두천중앙,3488,3396,6884
20211025,경원선,보산,1556,1338,2894
20211025,경원선,동두천,2199,2431,4630
20211025,경원선,도봉산,8064,5313,13377
20211025,경원선,덕계,3229,2970,6199
20211025,경원선,도봉,6233,5971,12204
20211025,경원선,소요산,3132,2718,5850
20211025,경원선,녹천,4763,3972,8735
20211025,경원선,이촌,3752,2906,6658
20211025,경원선,서빙고,1896,1735,3631
20211025,경원선,한남,4203,3992,8195
20211025,경원선,옥수,53,39,92
20211025,경원선,응봉,1899,1578,3477
20211025,경원선,왕십리,13236,14897,28133
20211025,경원선,방학,9732,9524,19256
20211025,경원선,외대앞,6804,6840,13644
20211025,경원선,신이문,8402,7762,16164
20211025,경원선,석계,8256,9356,17612
20211025,경원선,광운대,9346,9232,18578
20211025,경원선,월계,7252,6909,14161
20211025,경원선,청량리,15024,15782,30806
20211026,경원선,녹천,4824,4139,8963
20211026,경원선,월계,7311,6786,14097
20211026,경원선,광운대,9452,9103,18555
20211026,경원선,석계,8399,9413,17812
20211026,경원선,신이문,8468,7869,16337
20211026,경원선,외대앞,7121,7085,14206
20211026,경원선,응봉,1923,1590,3513
20211026,경원선,왕십리,13648,15378,29026
20211026,경원선,옥수,59,39,98
20211026,경원선,한남,4314,4012,8326
20211026,경원선,서빙고,2131,2149,4280
20211026,경원선,방학,10069,9696,19765
20211026,경원선,청량리,14830,15419,30249
20211026,경원선,이촌,3731,2880,6611
20211026,경원선,도봉,6205,6040,12245
20211026,경원선,망월사,7561,7635,15196
20211026,경원선,도봉산,8662,5659,14321
20211026,경원선,소요산,3533,3077,6610
20211026,경원선,동두천,2156,2526,4682
20211026,경원선,보산,1478,1391,2869
20211026,경원선,지행,6524,6438,12962
20211026,경원선,덕정,6111,5976,12087
20211026,경원선,동두천중앙,3265,3093,6358
20211026,경원선,양주,8097,7640,15737
20211026,경원선,녹양,4713,4483,9196
20211026,경원선,가능,6794,6628,13422
20211026,경원선,의정부,17886,18247,36133
20211026,경원선,회룡,12978,12851,25829
20211026,경원선,덕계,3316,2929,6245
20211027,경원선,외대앞,7054,7007,14061
20211027,경원선,월계,6993,6530,13523
20211027,경원선,광운대,8538,8173,16711
20211027,경원선,석계,8217,9423,17640
20211027,경원선,신이문,8685,8056,16741
20211027,경원선,청량리,14925,15338,30263
20211027,경원선,녹천,4793,4029,8822
20211027,경원선,응봉,1887,1610,3497
20211027,경원선,옥수,61,43,104
20211027,경원선,한남,4255,4003,8258
20211027,경원선,서빙고,2122,2189,4311
20211027,경원선,이촌,3688,2883,6571
20211027,경원선,왕십리,13910,15642,29552
20211027,경원선,방학,9859,9652,19511
20211027,경원선,도봉,6198,6133,12331
20211027,경원선,도봉산,8424,5660,14084
20211027,경원선,동두천,2131,2492,4623
20211027,경원선,보산,1511,1410,2921
20211027,경원선,동두천중앙,3206,3112,6318
20211027,경원선,지행,6435,6502,12937
20211027,경원선,덕정,6278,6150,12428
20211027,경원선,덕계,3294,2963,6257
20211027,경원선,소요산,3567,3016,6583
20211027,경원선,녹양,4787,4405,9192
20211027,경원선,가능,6792,6528,13320
20211027,경원선,의정부,17786,18310,36096
20211027,경원선,회룡,12915,12701,25616
20211027,경원선,망월사,7591,7783,15374
20211027,경원선,양주,8004,7677,15681
20211028,경원선,월계,7091,6648,13739
20211028,경원선,광운대,8639,8179,16818
20211028,경원선,석계,8395,9612,18007
20211028,경원선,신이문,8431,7926,16357
20211028,경원선,외대앞,7279,7281,14560
20211028,경원선,청량리,15282,15761,31043
20211028,경원선,옥수,58,52,110
20211028,경원선,응봉,1903,1678,3581
20211028,경원선,한남,4350,4025,8375
20211028,경원선,서빙고,2200,2246,4446
20211028,경원선,이촌,3797,3016,6813
20211028,경원선,녹천,4737,4011,8748
20211028,경원선,왕십리,13975,15580,29555
20211028,경원선,방학,9817,9508,19325
20211028,경원선,도봉,6372,6189,12561
20211028,경원선,도봉산,8823,5803,14626
20211028,경원선,소요산,3778,3344,7122
20211028,경원선,동두천,2276,2647,4923
20211028,경원선,보산,1434,1401,2835
20211028,경원선,동두천중앙,3214,3111,6325
20211028,경원선,덕정,5987,5791,11778
20211028,경원선,덕계,3211,2886,6097
20211028,경원선,지행,6515,6570,13085
20211028,경원선,녹양,4769,4489,9258
20211028,경원선,가능,7035,6688,13723
20211028,경원선,의정부,18042,18817,36859
20211028,경원선,회룡,12813,12791,25604
20211028,경원선,망월사,7652,7858,15510
20211028,경원선,양주,8453,7737,16190
20211029,경원선,신이문,8703,7983,16686
20211029,경원선,녹천,4758,4009,8767
20211029,경원선,월계,7391,6756,14147
20211029,경원선,광운대,8457,8024,16481
20211029,경원선,석계,8576,9510,18086
20211029,경원선,외대앞,7693,7378,15071
20211029,경원선,이촌,3907,3091,6998
20211029,경원선,왕십리,14860,16736,31596
20211029,경원선,응봉,1958,1660,3618
20211029,경원선,옥수,70,45,115
20211029,경원선,한남,4327,4016,8343
20211029,경원선,서빙고,2342,2320,4662
20211029,경원선,창동,2,0,2
20211029,경원선,청량리,17675,18684,36359
20211029,경원선,방학,10228,9841,20069
20211029,경원선,소요산,4048,3632,7680
20211029,경원선,도봉산,8698,5749,14447
20211029,경원선,도봉,6272,6063,12335
20211029,경원선,동두천,2259,2622,4881
20211029,경원선,보산,1870,1559,3429
20211029,경원선,동두천중앙,3289,3265,6554
20211029,경원선,덕정,6041,5721,11762
20211029,경원선,덕계,3311,2971,6282
20211029,경원선,지행,6999,6936,13935
20211029,경원선,녹양,4791,4513,9304
20211029,경원선,가능,6834,6697,13531
20211029,경원선,의정부,19324,19959,39283
20211029,경원선,회룡,12978,12808,25786
20211029,경원선,망월사,7529,7620,15149
20211029,경원선,양주,8422,8016,16438
20211030,경원선,청량리,16839,17593,34432
20211030,경원선,광운대,5776,5654,11430
20211030,경원선,석계,7011,7440,14451
20211030,경원선,신이문,6148,5623,11771
20211030,경원선,외대앞,6125,5871,11996
20211030,경원선,왕십리,13274,14632,27906
20211030,경원선,월계,5317,4736,10053
20211030,경원선,옥수,36,32,68
20211030,경원선,한남,2888,2667,5555
20211030,경원선,서빙고,1960,2495,4455
20211030,경원선,이촌,3126,2300,5426
20211030,경원선,덕정,4579,4302,8881
20211030,경원선,응봉,1572,1347,2919
20211030,경원선,녹천,3312,2771,6083
20211030,경원선,도봉,4704,4431,9135
20211030,경원선,방학,7693,7409,15102
20211030,경원선,동두천,1817,2294,4111
20211030,경원선,보산,2103,1889,3992
20211030,경원선,동두천중앙,3036,3028,6064
20211030,경원선,지행,5773,5670,11443
20211030,경원선,덕계,2502,2264,4766
20211030,경원선,양주,6757,6582,13339
20211030,경원선,소요산,6410,5978,12388
20211030,경원선,가능,5233,5001,10234
20211030,경원선,의정부,17409,18581,35990
20211030,경원선,회룡,10107,10227,20334
20211030,경원선,망월사,6009,6212,12221
20211030,경원선,도봉산,10944,7658,18602
20211030,경원선,녹양,3627,3423,7050
20211031,경원선,월계,3869,3673,7542
20211031,경원선,광운대,4394,4482,8876
20211031,경원선,석계,5175,5582,10757
20211031,경원선,신이문,4774,4611,9385
20211031,경원선,외대앞,5271,5112,10383
20211031,경원선,청량리,14564,14104,28668
20211031,경원선,옥수,52,22,74
20211031,경원선,응봉,1092,1025,2117
20211031,경원선,한남,1867,1973,3840
20211031,경원선,서빙고,1216,1272,2488
20211031,경원선,이촌,2217,1747,3964
20211031,경원선,녹천,2709,2261,4970
20211031,경원선,왕십리,10046,11404,21450
20211031,경원선,방학,5982,5832,11814
20211031,경원선,도봉,3849,3592,7441
20211031,경원선,도봉산,11472,8230,19702
20211031,경원선,동두천,1375,1724,3099
20211031,경원선,보산,1531,1714,3245
20211031,경원선,동두천중앙,2190,2121,4311
20211031,경원선,지행,4609,4528,9137
20211031,경원선,덕정,3519,3584,7103
20211031,경원선,덕계,1907,1806,3713
20211031,경원선,소요산,7960,7218,15178
20211031,경원선,녹양,2742,2660,5402
20211031,경원선,가능,4160,3979,8139
20211031,경원선,의정부,14446,14461,28907
20211031,경원선,회룡,7775,7875,15650
20211031,경원선,망월사,4771,5118,9889
20211031,경원선,양주,5477,5373,10850
20211101,경원선,월계,7093,6620,13713
20211101,경원선,광운대,8721,8531,17252
20211101,경원선,석계,7920,9219,17139
20211101,경원선,신이문,8555,7810,16365
20211101,경원선,외대앞,8190,8390,16580
20211101,경원선,청량리,14987,15313,30300
20211101,경원선,옥수,54,46,100
20211101,경원선,응봉,1919,1586,3505
20211101,경원선,한남,4140,3854,7994
20211101,경원선,서빙고,1893,1711,3604
20211101,경원선,이촌,3702,2880,6582
20211101,경원선,녹천,4731,3945,8676
20211101,경원선,왕십리,13399,15286,28685
20211101,경원선,방학,9797,9453,19250
20211101,경원선,소요산,4016,3439,7455
20211101,경원선,도봉산,8305,5405,13710
20211101,경원선,도봉,6214,5911,12125
20211101,경원선,동두천,2065,2305,4370
20211101,경원선,보산,1641,1387,3028
20211101,경원선,동두천중앙,3249,3014,6263
20211101,경원선,덕정,5767,5635,11402
20211101,경원선,덕계,3216,2869,6085
20211101,경원선,지행,6471,6414,12885
20211101,경원선,녹양,4549,4303,8852
20211101,경원선,가능,6696,6393,13089
20211101,경원선,의정부,17620,18076,35696
20211101,경원선,회룡,12687,12396,25083
20211101,경원선,망월사,7687,7852,15539
20211101,경원선,양주,8130,7557,15687
20211102,경원선,녹양,4713,4441,9154
20211102,경원선,망월사,7986,8120,16106
20211102,경원선,회룡,13082,12819,25901
20211102,경원선,의정부,17794,18416,36210
20211102,경원선,가능,6959,6630,13589
20211102,경원선,양주,8347,7544,15891
20211102,경원선,소요산,4661,4181,8842
20211102,경원선,덕정,6214,6082,12296
20211102,경원선,지행,6606,6488,13094
20211102,경원선,동두천중앙,3198,3136,6334
20211102,경원선,보산,1502,1411,2913
20211102,경원선,동두천,2115,2367,4482
20211102,경원선,도봉산,8949,5974,14923
20211102,경원선,덕계,3425,3059,6484
20211102,경원선,도봉,6336,6117,12453
20211102,경원선,광운대,9004,8562,17566
20211102,경원선,녹천,4882,4103,8985
20211102,경원선,방학,9965,9614,19579
20211102,경원선,이촌,3763,3034,6797
20211102,경원선,서빙고,2222,2194,4416
20211102,경원선,한남,4290,4008,8298
20211102,경원선,응봉,1980,1746,3726
20211102,경원선,왕십리,13689,15680,29369
20211102,경원선,옥수,56,46,102
20211102,경원선,외대앞,8498,8522,17020
20211102,경원선,신이문,8758,8032,16790
20211102,경원선,석계,8087,9397,17484
20211102,경원선,월계,7203,6826,14029
20211102,경원선,청량리,14737,15426,30163
20211103,경원선,신이문,8772,8007,16779
20211103,경원선,녹천,4855,4122,8977
20211103,경원선,월계,7375,6851,14226
20211103,경원선,광운대,8552,8264,16816
20211103,경원선,석계,8276,9247,17523
20211103,경원선,외대앞,8444,8557,17001
20211103,경원선,서빙고,2275,2303,4578
20211103,경원선,왕십리,13825,15917,29742
20211103,경원선,응봉,1992,1680,3672
20211103,경원선,한남,4212,3997,8209
20211103,경원선,방학,9972,9707,19679
20211103,경원선,이촌,3841,2890,6731
20211103,경원선,청량리,14992,15640,30632
20211103,경원선,도봉,6565,6267,12832
20211103,경원선,옥수,81,38,119
20211103,경원선,망월사,8047,8078,16125
20211103,경원선,도봉산,8859,5822,14681
20211103,경원선,소요산,4355,3803,8158
20211103,경원선,동두천,2227,2583,4810
20211103,경원선,보산,1548,1405,2953
20211103,경원선,지행,6550,6677,13227
20211103,경원선,덕정,6134,5680,11814
20211103,경원선,동두천중앙,3239,3121,6360
20211103,경원선,양주,8165,7717,15882
20211103,경원선,녹양,4882,4659,9541
20211103,경원선,가능,6890,6558,13448
20211103,경원선,의정부,18444,18956,37400
20211103,경원선,회룡,13015,12837,25852
20211103,경원선,덕계,3348,2958,6306
20211104,경원선,신이문,8583,7852,16435
20211104,경원선,월계,7232,6802,14034
20211104,경원선,광운대,8782,8327,17109
20211104,경원선,석계,8208,9498,17706
20211104,경원선,외대앞,8587,8384,16971
20211104,경원선,이촌,3795,2932,6727
20211104,경원선,왕십리,13937,15805,29742
20211104,경원선,응봉,1952,1675,3627
20211104,경원선,옥수,55,35,90
20211104,경원선,한남,4181,3946,8127
20211104,경원선,서빙고,2201,2216,4417
20211104,경원선,녹천,4816,4053,8869
20211104,경원선,청량리,15293,15627,30920
20211104,경원선,방학,9882,9690,19572
20211104,경원선,의정부,17803,18565,36368
20211104,경원선,도봉산,8524,5682,14206
20211104,경원선,가능,6874,6511,13385
20211104,경원선,소요산,4283,3842,8125
20211104,경원선,동두천,2169,2563,4732
20211104,경원선,도봉,6397,6093,12490
20211104,경원선,동두천중앙,3253,3179,6432
20211104,경원선,지행,6558,6527,13085
20211104,경원선,보산,1499,1329,2828
20211104,경원선,덕계,3265,2901,6166
20211104,경원선,양주,8238,7607,15845
20211104,경원선,녹양,4770,4429,9199
20211104,경원선,회룡,12932,12637,25569
20211104,경원선,망월사,8094,8133,16227
20211104,경원선,덕정,5765,5687,11452
20211105,경원선,외대앞,9103,8710,17813
20211105,경원선,월계,7089,6469,13558
20211105,경원선,광운대,8847,8402,17249
20211105,경원선,석계,8849,9876,18725
20211105,경원선,신이문,8815,7913,16728
20211105,경원선,청량리,17509,18784,36293
20211105,경원선,녹천,4863,4022,8885
20211105,경원선,응봉,2055,1654,3709
20211105,경원선,옥수,50,37,87
20211105,경원선,한남,4202,3978,8180
20211105,경원선,서빙고,2343,2412,4755
20211105,경원선,이촌,3963,2945,6908
20211105,경원선,왕십리,15234,17296,32530
20211105,경원선,방학,10077,9688,19765
20211105,경원선,소요산,4455,4059,8514
20211105,경원선,도봉산,8817,5820,14637
20211105,경원선,동두천,2309,2629,4938
20211105,경원선,보산,2030,1632,3662
20211105,경원선,동두천중앙,3570,3642,7212
20211105,경원선,지행,6987,6978,13965
20211105,경원선,덕정,6125,5695,11820
20211105,경원선,덕계,3407,2965,6372
20211105,경원선,도봉,6423,6038,12461
20211105,경원선,녹양,4908,4658,9566
20211105,경원선,가능,7124,6741,13865
20211105,경원선,의정부,19379,20561,39940
20211105,경원선,회룡,13103,12968,26071
20211105,경원선,망월사,8120,8057,16177
20211105,경원선,양주,8487,7865,16352
20211106,경원선,회룡,10435,10242,20677
20211106,경원선,의정부,18317,19761,38078
20211106,경원선,가능,5501,5133,10634
20211106,경원선,녹양,4006,3701,7707
20211106,경원선,양주,6892,6522,13414
20211106,경원선,덕계,2636,2362,4998
20211106,경원선,동두천중앙,2824,2823,5647
20211106,경원선,지행,6003,6021,12024
20211106,경원선,보산,1939,1832,3771
20211106,경원선,동두천,1685,2224,3909
20211106,경원선,소요산,7415,6764,14179
20211106,경원선,망월사,5867,6080,11947
20211106,경원선,덕정,4763,4450,9213
20211106,경원선,도봉산,11384,7956,19340
20211106,경원선,도봉,4853,4483,9336
20211106,경원선,방학,7954,7570,15524
20211106,경원선,서빙고,2190,2806,4996
20211106,경원선,한남,2712,2713,5425
20211106,경원선,옥수,41,37,78
20211106,경원선,응봉,1551,1334,2885
20211106,경원선,왕십리,13350,15012,28362
20211106,경원선,청량리,17545,18469,36014
20211106,경원선,이촌,3260,2323,5583
20211106,경원선,신이문,6515,5928,12443
20211106,경원선,석계,7201,7800,15001
20211106,경원선,광운대,6544,6228,12772
20211106,경원선,월계,5101,4772,9873
20211106,경원선,녹천,3618,3003,6621
20211106,경원선,외대앞,6904,6385,13289
20211107,경원선,월계,4035,3797,7832
20211107,경원선,광운대,4889,4960,9849
20211107,경원선,석계,5269,5782,11051
20211107,경원선,신이문,4865,4526,9391
20211107,경원선,외대앞,4959,4933,9892
20211107,경원선,청량리,15508,14669,30177
20211107,경원선,옥수,58,29,87
20211107,경원선,응봉,1236,1153,2389
20211107,경원선,한남,2000,1999,3999
20211107,경원선,서빙고,1444,1588,3032
20211107,경원선,이촌,2446,1890,4336
20211107,경원선,녹천,2700,2342,5042
20211107,경원선,왕십리,10677,12114,22791
20211107,경원선,방학,6249,5963,12212
20211107,경원선,창동,1,0,1
20211107,경원선,도봉산,11433,8223,19656
20211107,경원선,소요산,8061,7065,15126
20211107,경원선,동두천,1422,1934,3356
20211107,경원선,보산,1417,1559,2976
20211107,경원선,동두천중앙,2316,2153,4469
20211107,경원선,지행,4559,4574,9133
20211107,경원선,덕정,3721,3788,7509
20211107,경원선,도봉,3710,3566,7276
20211107,경원선,양주,5627,5351,10978
20211107,경원선,녹양,2813,2732,5545
20211107,경원선,가능,4320,4202,8522
20211107,경원선,의정부,14259,14361,28620
20211107,경원선,회룡,7918,7849,15767
20211107,경원선,망월사,4828,5139,9967
20211107,경원선,덕계,1899,1880,3779
20211108,경원선,청량리,12889,12923,25812
20211108,경원선,왕십리,12857,14540,27397
20211108,경원선,응봉,1735,1469,3204
20211108,경원선,옥수,55,41,96
20211108,경원선,한남,3998,3723,7721
20211108,경원선,서빙고,1688,1539,3227
20211108,경원선,도봉산,5766,3580,9346
20211108,경원선,도봉,5665,5402,11067
20211108,경원선,망월사,7245,7345,14590
20211108,경원선,회룡,11570,11381,22951
20211108,경원선,의정부,16097,16470,32567
20211108,경원선,외대앞,7876,8032,15908
20211108,경원선,이촌,3426,2709,6135
20211108,경원선,신이문,8010,7550,15560
20211108,경원선,가능,6276,5947,12223
20211108,경원선,소요산,1800,1390,3190
20211108,경원선,광운대,8297,8124,16421
20211108,경원선,월계,6598,6207,12805
20211108,경원선,녹천,4529,3784,8313
20211108,경원선,방학,8822,8701,17523
20211108,경원선,녹양,4245,3934,8179
20211108,경원선,양주,7369,6851,14220
20211108,경원선,석계,7328,8727,16055
20211108,경원선,덕정,5286,5194,10480
20211108,경원선,지행,6111,5926,12037
20211108,경원선,동두천중앙,2888,2736,5624
20211108,경원선,보산,1386,1244,2630
20211108,경원선,동두천,1941,2122,4063
20211108,경원선,덕계,2976,2677,5653
20211109,경원선,망월사,7795,7959,15754
20211109,경원선,회룡,12414,12248,24662
20211109,경원선,의정부,17574,17828,35402
20211109,경원선,가능,6420,6315,12735
20211109,경원선,녹양,4464,4240,8704
20211109,경원선,양주,7879,7384,15263
20211109,경원선,지행,6378,6262,12640
20211109,경원선,덕정,6038,5852,11890
20211109,경원선,동두천중앙,3010,2980,5990
20211109,경원선,보산,1383,1228,2611
20211109,경원선,동두천,2089,2275,4364
20211109,경원선,도봉산,6803,4346,11149
20211109,경원선,덕계,3153,2762,5915
20211109,경원선,소요산,2219,1972,4191
20211109,경원선,도봉,6159,5798,11957
20211109,경원선,녹천,4750,3967,8717
20211109,경원선,방학,9522,9162,18684
20211109,경원선,이촌,3484,2680,6164
20211109,경원선,서빙고,1915,1742,3657
20211109,경원선,한남,4087,3872,7959
20211109,경원선,응봉,1801,1511,3312
20211109,경원선,왕십리,13308,15242,28550
20211109,경원선,옥수,45,32,77
20211109,경원선,외대앞,8277,8453,16730
20211109,경원선,신이문,8376,7752,16128
20211109,경원선,석계,7800,9016,16816
20211109,경원선,광운대,8558,8378,16936
20211109,경원선,월계,7044,6628,13672
20211109,경원선,청량리,13907,14434,28341
20211110,경원선,녹양,4697,4353,9050
20211110,경원선,망월사,8030,8100,16130
20211110,경원선,회룡,12858,12679,25537
20211110,경원선,의정부,18132,18599,36731
20211110,경원선,가능,6660,6485,13145
20211110,경원선,양주,8103,7455,15558
20211110,경원선,도봉산,7615,4888,12503
20211110,경원선,덕정,5924,5616,11540
20211110,경원선,지행,6690,6623,13313
20211110,경원선,동두천중앙,3310,3218,6528
20211110,경원선,보산,1670,1322,2992
20211110,경원선,동두천,2253,2437,4690
20211110,경원선,덕계,3211,2823,6034
20211110,경원선,도봉,6351,6105,12456
20211110,경원선,소요산,2539,2198,4737
20211110,경원선,녹천,4903,4016,8919
20211110,경원선,이촌,3741,2933,6674
20211110,경원선,서빙고,2198,2174,4372
20211110,경원선,한남,4184,4026,8210
20211110,경원선,옥수,55,37,92
20211110,경원선,응봉,1958,1644,3602
20211110,경원선,왕십리,14403,16340,30743
20211110,경원선,방학,9757,9550,19307
20211110,경원선,외대앞,8447,8619,17066
20211110,경원선,신이문,8640,7968,16608
20211110,경원선,석계,8339,9398,17737
20211110,경원선,광운대,8550,8335,16885
20211110,경원선,월계,7288,6765,14053
20211110,경원선,청량리,14568,15176,29744
20211111,경원선,망월사,8054,8064,16118
20211111,경원선,회룡,12641,12427,25068
20211111,경원선,의정부,18356,19106,37462
20211111,경원선,가능,6692,6414,13106
20211111,경원선,녹양,4735,4542,9277
20211111,경원선,양주,8185,7707,15892
20211111,경원선,지행,6726,6708,13434
20211111,경원선,덕정,5861,5551,11412
20211111,경원선,도봉산,8006,5224,13230
20211111,경원선,동두천중앙,3126,2974,6100
20211111,경원선,보산,1905,1604,3509
20211111,경원선,동두천,2126,2365,4491
20211111,경원선,덕계,3182,2869,6051
20211111,경원선,도봉,6333,6115,12448
20211111,경원선,소요산,2718,2418,5136
20211111,경원선,녹천,4695,3957,8652
20211111,경원선,이촌,3715,2883,6598
20211111,경원선,서빙고,2193,2252,4445
20211111,경원선,한남,4353,4051,8404
20211111,경원선,옥수,48,38,86
20211111,경원선,응봉,1929,1711,3640
20211111,경원선,왕십리,14386,16102,30488
20211111,경원선,방학,9777,9343,19120
20211111,경원선,외대앞,8745,8708,17453
20211111,경원선,신이문,8705,7961,16666
20211111,경원선,석계,8239,9406,17645
20211111,경원선,광운대,8804,8380,17184
20211111,경원선,월계,7365,6851,14216
20211111,경원선,청량리,15282,15731,31013
20211112,경원선,망월사,7981,7980,15961
20211112,경원선,회룡,12938,12627,25565
20211112,경원선,의정부,19138,20583,39721
20211112,경원선,가능,6765,6377,13142
20211112,경원선,녹양,4761,4468,9229
20211112,경원선,양주,8246,7689,15935
20211112,경원선,지행,7010,6956,13966
20211112,경원선,덕정,5933,5496,11429
20211112,경원선,동두천중앙,3123,3099,6222
20211112,경원선,보산,2124,1750,3874
20211112,경원선,동두천,2127,2428,4555
20211112,경원선,도봉산,7853,4956,12809
20211112,경원선,덕계,3208,2873,6081
20211112,경원선,소요산,2856,2503,5359
20211112,경원선,도봉,6230,5993,12223
20211112,경원선,녹천,4658,3865,8523
20211112,경원선,방학,9795,9425,19220
20211112,경원선,이촌,3827,2936,6763
20211112,경원선,서빙고,2393,2322,4715
20211112,경원선,한남,4264,4162,8426
20211112,경원선,응봉,2008,1704,3712
20211112,경원선,왕십리,15141,16878,32019
20211112,경원선,옥수,44,30,74
20211112,경원선,외대앞,9152,8828,17980
20211112,경원선,신이문,8742,7772,16514
20211112,경원선,석계,8654,9627,18281
20211112,경원선,광운대,8599,8202,16801
20211112,경원선,월계,7138,6596,13734
20211112,경원선,청량리,17583,18189,35772
20211113,경원선,녹천,3442,2848,6290
20211113,경원선,월계,4944,4463,9407
20211113,경원선,광운대,5723,5689,11412
20211113,경원선,석계,7264,7515,14779
20211113,경원선,신이문,6347,5736,12083
20211113,경원선,외대앞,6764,6258,13022
20211113,경원선,응봉,1477,1286,2763
20211113,경원선,왕십리,12769,14693,27462
20211113,경원선,옥수,28,33,61
20211113,경원선,한남,2656,2674,5330
20211113,경원선,서빙고,1952,2432,4384
20211113,경원선,이촌,2961,2119,5080
20211113,경원선,청량리,17143,18209,35352
20211113,경원선,방학,7509,7142,14651
20211113,경원선,도봉,4617,4163,8780
20211113,경원선,망월사,6104,6122,12226
20211113,경원선,소요산,4317,3822,8139
20211113,경원선,동두천,1610,2088,3698
20211113,경원선,보산,1886,1795,3681
20211113,경원선,동두천중앙,2748,2680,5428
20211113,경원선,지행,5639,5659,11298
20211113,경원선,덕정,4612,4272,8884
20211113,경원선,도봉산,9527,6449,15976
20211113,경원선,양주,6686,6196,12882
20211113,경원선,녹양,3625,3395,7020
20211113,경원선,가능,5132,4906,10038
20211113,경원선,의정부,17747,18959,36706
20211113,경원선,회룡,10025,9895,19920
20211113,경원선,덕계,2416,2247,4663
20211114,경원선,월계,3921,3676,7597
20211114,경원선,광운대,4359,4407,8766
20211114,경원선,석계,5166,5725,10891
20211114,경원선,신이문,4756,4498,9254
20211114,경원선,외대앞,5267,5158,10425
20211114,경원선,청량리,14080,13106,27186
20211114,경원선,옥수,66,32,98
20211114,경원선,응봉,1094,1011,2105
20211114,경원선,한남,1908,1823,3731
20211114,경원선,서빙고,1380,1428,2808
20211114,경원선,이촌,2150,1703,3853
20211114,경원선,녹천,2616,2316,4932
20211114,경원선,왕십리,9556,10767,20323
20211114,경원선,방학,5926,5728,11654
20211114,경원선,도봉,3597,3419,7016
20211114,경원선,도봉산,9406,6727,16133
20211114,경원선,동두천,1372,1682,3054
20211114,경원선,보산,1299,1623,2922
20211114,경원선,동두천중앙,2108,2054,4162
20211114,경원선,지행,4430,4520,8950
20211114,경원선,덕정,3396,3592,6988
20211114,경원선,덕계,1820,1729,3549
20211114,경원선,소요산,4668,4066,8734
20211114,경원선,녹양,2687,2452,5139
20211114,경원선,가능,3922,3767,7689
20211114,경원선,의정부,14086,14310,28396
20211114,경원선,회룡,7551,7595,15146
20211114,경원선,망월사,4971,5052,10023
20211114,경원선,양주,5258,5302,10560
20211115,경원선,회룡,12551,12297,24848
20211115,경원선,의정부,17253,17704,34957
20211115,경원선,가능,6705,6297,13002
20211115,경원선,녹양,4502,4319,8821
20211115,경원선,양주,7909,7285,15194
20211115,경원선,덕계,3163,2904,6067
20211115,경원선,동두천중앙,3369,3235,6604
20211115,경원선,지행,6581,6331,12912
20211115,경원선,보산,1424,1240,2664
20211115,경원선,동두천,2131,2378,4509
20211115,경원선,소요산,2822,2363,5185
20211115,경원선,망월사,7753,7923,15676
20211115,경원선,덕정,5863,5809,11672
20211115,경원선,도봉산,7885,4986,12871
20211115,경원선,이촌,3682,2853,6535
20211115,경원선,방학,9626,9352,18978
20211115,경원선,도봉,6058,5804,11862
20211115,경원선,서빙고,1958,1803,3761
20211115,경원선,한남,4245,4050,8295
20211115,경원선,옥수,59,43,102
20211115,경원선,왕십리,13252,15054,28306
20211115,경원선,청량리,14638,15299,29937
20211115,경원선,응봉,1954,1541,3495
20211115,경원선,신이문,8426,7721,16147
20211115,경원선,석계,8222,9403,17625
20211115,경원선,광운대,8556,8373,16929
20211115,경원선,월계,7157,6671,13828
20211115,경원선,녹천,4722,4030,8752
20211115,경원선,외대앞,8321,8456,16777
20211116,경원선,녹양,4705,4440,9145
20211116,경원선,회룡,12839,12450,25289
20211116,경원선,창동,1,0,1
20211116,경원선,의정부,18147,18726,36873
20211116,경원선,가능,6730,6447,13177
20211116,경원선,양주,8137,7590,15727
20211116,경원선,소요산,3027,2521,5548
20211116,경원선,덕정,6146,5900,12046
20211116,경원선,지행,6521,6424,12945
20211116,경원선,동두천중앙,3264,3201,6465
20211116,경원선,보산,1441,1277,2718
20211116,경원선,동두천,2167,2400,4567
20211116,경원선,망월사,8131,8289,16420
20211116,경원선,덕계,3298,2920,6218
20211116,경원선,도봉산,8093,5287,13380
20211116,경원선,월계,7412,6940,14352
20211116,경원선,방학,9643,9363,19006
20211116,경원선,이촌,3730,2985,6715
20211116,경원선,서빙고,2280,2360,4640
20211116,경원선,한남,4183,3930,8113
20211116,경원선,옥수,47,33,80
20211116,경원선,응봉,1911,1663,3574
20211116,경원선,왕십리,13583,15516,29099
20211116,경원선,도봉,6222,6121,12343
20211116,경원선,외대앞,8470,8487,16957
20211116,경원선,신이문,8618,7972,16590
20211116,경원선,석계,8328,9517,17845
20211116,경원선,광운대,8570,8306,16876
20211116,경원선,녹천,4850,4067,8917
20211116,경원선,청량리,14719,15308,30027
20211117,경원선,도봉산,8456,5397,13853
20211117,경원선,회룡,13012,12656,25668
20211117,경원선,의정부,18427,18571,36998
20211117,경원선,가능,6756,6386,13142
20211117,경원선,녹양,4697,4505,9202
20211117,경원선,양주,8315,7533,15848
20211117,경원선,지행,6756,6741,13497
20211117,경원선,덕정,6006,5770,11776
20211117,경원선,동두천중앙,3100,3073,6173
20211117,경원선,보산,1430,1295,2725
20211117,경원선,동두천,2197,2477,4674
20211117,경원선,도봉,6445,6086,12531
20211117,경원선,덕계,3299,2917,6216
20211117,경원선,방학,10006,9596,19602
20211117,경원선,소요산,2838,2356,5194
20211117,경원선,월계,7170,6595,13765
20211117,경원선,망월사,8044,8223,16267
20211117,경원선,이촌,3795,2891,6686
20211117,경원선,서빙고,2273,2262,4535
20211117,경원선,한남,4126,3989,8115
20211117,경원선,옥수,46,32,78
20211117,경원선,응봉,1904,1603,3507
20211117,경원선,녹천,4845,4230,9075
20211117,경원선,청량리,15047,15430,30477
20211117,경원선,외대앞,8632,8485,17117
20211117,경원선,신이문,8861,8052,16913
20211117,경원선,석계,8397,9675,18072
20211117,경원선,광운대,8340,8147,16487
20211117,경원선,왕십리,14452,16295,30747
20211118,경원선,녹천,4559,3855,8414
20211118,경원선,월계,7048,6565,13613
20211118,경원선,광운대,8277,7872,16149
20211118,경원선,석계,8341,9452,17793
20211118,경원선,신이문,8496,7807,16303
20211118,경원선,외대앞,8441,8285,16726
20211118,경원선,응봉,1947,1628,3575
20211118,경원선,왕십리,13971,15816,29787
20211118,경원선,옥수,55,33,88
20211118,경원선,한남,4290,4143,8433
20211118,경원선,서빙고,2137,2131,4268
20211118,경원선,방학,9469,9218,18687
20211118,경원선,청량리,14932,15228,30160
20211118,경원선,이촌,3769,2863,6632
20211118,경원선,도봉,5998,5802,11800
20211118,경원선,망월사,7982,8140,16122
20211118,경원선,도봉산,7552,4742,12294
20211118,경원선,소요산,2341,2012,4353
20211118,경원선,동두천,2019,2383,4402
20211118,경원선,보산,1420,1282,2702
20211118,경원선,지행,6801,6576,13377
20211118,경원선,덕정,5834,5667,11501
20211118,경원선,동두천중앙,3085,3012,6097
20211118,경원선,양주,7918,7310,15228
20211118,경원선,녹양,4575,4215,8790
20211118,경원선,가능,6583,6306,12889
20211118,경원선,의정부,18008,18811,36819
20211118,경원선,회룡,12419,12194,24613
20211118,경원선,덕계,3205,2872,6077
20211119,경원선,양주,8217,7560,15777
20211119,경원선,회룡,12990,12627,25617
20211119,경원선,의정부,19046,20334,39380
20211119,경원선,가능,6815,6356,13171
20211119,경원선,녹양,4821,4461,9282
20211119,경원선,덕계,3326,2874,6200
20211119,경원선,망월사,8013,7908,15921
20211119,경원선,지행,6811,6753,13564
20211119,경원선,동두천중앙,3201,3146,6347
20211119,경원선,보산,1835,1466,3301
20211119,경원선,동두천,2245,2488,4733
20211119,경원선,소요산,2873,2505,5378
20211119,경원선,덕정,6001,5697,11698
20211119,경원선,도봉산,7997,5121,13118
20211119,경원선,도봉,6404,6043,12447
20211119,경원선,방학,9837,9515,19352
20211119,경원선,서빙고,2427,2382,4809
20211119,경원선,한남,4119,4046,8165
20211119,경원선,옥수,54,42,96
20211119,경원선,응봉,1913,1607,3520
20211119,경원선,왕십리,15250,17408,32658
20211119,경원선,청량리,17627,18537,36164
20211119,경원선,이촌,3881,2816,6697
20211119,경원선,신이문,8697,7793,16490
20211119,경원선,석계,8731,9795,18526
20211119,경원선,광운대,8342,7926,16268
20211119,경원선,월계,7091,6477,13568
20211119,경원선,녹천,4542,3941,8483
20211119,경원선,외대앞,9032,8569,17601
20211120,경원선,녹천,3351,2757,6108
20211120,경원선,월계,4799,4466,9265
20211120,경원선,광운대,5597,5451,11048
20211120,경원선,석계,6854,7343,14197
20211120,경원선,신이문,6279,5619,11898
20211120,경원선,외대앞,6850,6399,13249
20211120,경원선,응봉,1432,1253,2685
20211120,경원선,왕십리,12756,14601,27357
20211120,경원선,옥수,56,47,103
20211120,경원선,한남,2845,2813,5658
20211120,경원선,서빙고,1889,2114,4003
20211120,경원선,방학,7379,7168,14547
20211120,경원선,청량리,16858,17322,34180
20211120,경원선,도봉,4471,4227,8698
20211120,경원선,이촌,2894,2183,5077
20211120,경원선,망월사,5780,5807,11587
20211120,경원선,보산,1913,1740,3653
20211120,경원선,동두천,1663,2192,3855
20211120,경원선,소요산,4010,3322,7332
20211120,경원선,동두천중앙,2794,2755,5549
20211120,경원선,지행,5745,5685,11430
20211120,경원선,덕정,4540,4203,8743
20211120,경원선,도봉산,8777,6101,14878
20211120,경원선,양주,6711,6175,12886
20211120,경원선,녹양,3645,3505,7150
20211120,경원선,가능,5214,4927,10141
20211120,경원선,의정부,17703,19186,36889
20211120,경원선,회룡,9813,9606,19419
20211120,경원선,덕계,2585,2296,4881
20211121,경원선,망월사,4362,4513,8875
20211121,경원선,회룡,7241,7169,14410
20211121,경원선,의정부,13696,13783,27479
20211121,경원선,가능,3867,3658,7525
20211121,경원선,녹양,2744,2643,5387
20211121,경원선,양주,4922,4901,9823
20211121,경원선,지행,4222,4248,8470
20211121,경원선,덕정,3226,3405,6631
20211121,경원선,동두천중앙,1970,1897,3867
20211121,경원선,보산,1283,1515,2798
20211121,경원선,동두천,1274,1645,2919
20211121,경원선,도봉산,7787,5396,13183
20211121,경원선,덕계,1735,1650,3385
20211121,경원선,소요산,3445,2878,6323
20211121,경원선,도봉,3330,3105,6435
20211121,경원선,녹천,2504,2225,4729
20211121,경원선,방학,5582,5430,11012
20211121,경원선,이촌,2025,1637,3662
20211121,경원선,서빙고,1332,1378,2710
20211121,경원선,한남,1954,1947,3901
20211121,경원선,응봉,928,912,1840
20211121,경원선,왕십리,10174,11457,21631
20211121,경원선,옥수,56,31,87
20211121,경원선,외대앞,6047,5557,11604
20211121,경원선,신이문,4599,4389,8988
20211121,경원선,석계,5041,5498,10539
20211121,경원선,광운대,4027,4248,8275
20211121,경원선,월계,3630,3385,7015
20211121,경원선,청량리,14459,13401,27860
20211122,경원선,양주,7808,7265,15073
20211122,경원선,회룡,12426,12154,24580
20211122,경원선,의정부,17585,17901,35486
20211122,경원선,가능,6603,6389,12992
20211122,경원선,녹양,4589,4280,8869
20211122,경원선,덕계,3087,2804,5891
20211122,경원선,망월사,7668,7832,15500
20211122,경원선,지행,6622,6443,13065
20211122,경원선,동두천중앙,3160,3052,6212
20211122,경원선,보산,1465,1255,2720
20211122,경원선,동두천,2188,2395,4583
20211122,경원선,소요산,2232,1881,4113
20211122,경원선,덕정,6028,5910,11938
20211122,경원선,도봉산,7186,4591,11777
20211122,경원선,서빙고,1884,1730,3614
20211122,경원선,방학,9520,9232,18752
20211122,경원선,도봉,5876,5720,11596
20211122,경원선,한남,3972,3814,7786
20211122,경원선,옥수,50,52,102
20211122,경원선,응봉,1852,1583,3435
20211122,경원선,왕십리,13392,15306,28698
20211122,경원선,청량리,14783,15110,29893
20211122,경원선,이촌,3566,2796,6362
20211122,경원선,신이문,8526,7865,16391
20211122,경원선,석계,7995,9175,17170
20211122,경원선,광운대,8275,8040,16315
20211122,경원선,월계,7011,6606,13617
20211122,경원선,녹천,4811,4016,8827
20211122,경원선,외대앞,8097,8244,16341
20211123,경원선,월계,7248,6717,13965
20211123,경원선,광운대,8292,8148,16440
20211123,경원선,석계,8138,9111,17249
20211123,경원선,신이문,8452,7910,16362
20211123,경원선,외대앞,8434,8322,16756
20211123,경원선,청량리,14042,14388,28430
20211123,경원선,옥수,58,37,95
20211123,경원선,응봉,1863,1544,3407
20211123,경원선,한남,4168,3923,8091
20211123,경원선,서빙고,2083,1988,4071
20211123,경원선,이촌,3561,2816,6377
20211123,경원선,녹천,4797,4071,8868
20211123,경원선,왕십리,13811,15627,29438
20211123,경원선,방학,9529,9379,18908
20211123,경원선,도봉,5918,5774,11692
20211123,경원선,도봉산,7297,4523,11820
20211123,경원선,소요산,2030,1812,3842
20211123,경원선,동두천,2164,2336,4500
20211123,경원선,보산,1403,1297,2700
20211123,경원선,동두천중앙,3030,2922,5952
20211123,경원선,덕정,6230,6110,12340
20211123,경원선,덕계,3115,2761,5876
20211123,경원선,지행,6357,6312,12669
20211123,경원선,녹양,4658,4363,9021
20211123,경원선,가능,6662,6323,12985
20211123,경원선,의정부,17279,17793,35072
20211123,경원선,회룡,12351,12291,24642
20211123,경원선,망월사,8149,8136,16285
20211123,경원선,양주,7680,7124,14804
20211124,경원선,광운대,8221,8034,16255
20211124,경원선,청량리,14203,14738,28941
20211124,경원선,외대앞,8319,8328,16647
20211124,경원선,신이문,8652,8022,16674
20211124,경원선,석계,8127,9269,17396
20211124,경원선,월계,7240,6769,14009
20211124,경원선,창동,1,0,1
20211124,경원선,방학,9578,9470,19048
20211124,경원선,도봉,6186,6000,12186
20211124,경원선,도봉산,7621,4805,12426
20211124,경원선,망월사,7981,8068,16049
20211124,경원선,회룡,12697,12430,25127
20211124,경원선,왕십리,13963,15940,29903
20211124,경원선,녹천,4807,3951,8758
20211124,경원선,응봉,1889,1601,3490
20211124,경원선,소요산,2264,1930,4194
20211124,경원선,한남,4198,4006,8204
20211124,경원선,옥수,46,29,75
20211124,경원선,동두천,2195,2381,4576
20211124,경원선,보산,1783,1410,3193
20211124,경원선,동두천중앙,3141,2903,6044
20211124,경원선,덕정,6108,5913,12021
20211124,경원선,덕계,3150,2831,5981
20211124,경원선,지행,6659,6539,13198
20211124,경원선,녹양,4654,4397,9051
20211124,경원선,가능,6791,6460,13251
20211124,경원선,의정부,18091,18613,36704
20211124,경원선,이촌,3678,2848,6526
20211124,경원선,서빙고,2088,2050,4138
20211124,경원선,양주,7569,7022,14591
20211125,경원선,녹양,4703,4389,9092
20211125,경원선,망월사,8266,8202,16468
20211125,경원선,회룡,12780,12189,24969
20211125,경원선,의정부,18184,18554,36738
20211125,경원선,가능,6773,6545,13318
20211125,경원선,양주,7849,7253,15102
20211125,경원선,소요산,2423,2144,4567
20211125,경원선,덕정,6215,5953,12168
20211125,경원선,지행,6838,6794,13632
20211125,경원선,동두천중앙,3360,3273,6633
20211125,경원선,보산,1783,1541,3324
20211125,경원선,동두천,2229,2481,4710
20211125,경원선,도봉산,7785,5107,12892
20211125,경원선,덕계,3184,2765,5949
20211125,경원선,도봉,6247,5796,12043
20211125,경원선,왕십리,14113,16166,30279
20211125,경원선,창동,2,0,2
20211125,경원선,응봉,1865,1630,3495
20211125,경원선,옥수,46,29,75
20211125,경원선,한남,4371,4006,8377
20211125,경원선,서빙고,2086,2095,4181
20211125,경원선,이촌,3794,2878,6672
20211125,경원선,청량리,15364,15492,30856
20211125,경원선,방학,9722,9323,19045
20211125,경원선,신이문,8598,7591,16189
20211125,경원선,석계,8077,9082,17159
20211125,경원선,광운대,8383,7972,16355
20211125,경원선,월계,7399,6693,14092
20211125,경원선,녹천,4796,3991,8787
20211125,경원선,외대앞,8358,8162,16520
20211126,경원선,도봉산,7679,4887,12566
20211126,경원선,망월사,7939,7928,15867
20211126,경원선,회룡,12742,12601,25343
20211126,경원선,의정부,18897,19988,38885
20211126,경원선,가능,6856,6483,13339
20211126,경원선,녹양,4704,4362,9066
20211126,경원선,덕정,6163,5597,11760
20211126,경원선,덕계,3218,2848,6066
20211126,경원선,지행,6894,6996,13890
20211126,경원선,동두천중앙,3227,3167,6394
20211126,경원선,보산,1967,1686,3653
20211126,경원선,도봉,6188,5875,12063
20211126,경원선,소요산,2440,2085,4525
20211126,경원선,양주,8122,7546,15668
20211126,경원선,동두천,2181,2380,4561
20211126,경원선,방학,9834,9611,19445
20211126,경원선,월계,7287,6672,13959
20211126,경원선,녹천,4770,3933,8703
20211126,경원선,창동,1,0,1
20211126,경원선,이촌,3835,2932,6767
20211126,경원선,서빙고,2114,2085,4199
20211126,경원선,옥수,46,28,74
20211126,경원선,응봉,1984,1611,3595
20211126,경원선,한남,4232,3998,8230
20211126,경원선,청량리,17765,18053,35818
20211126,경원선,외대앞,8893,8737,17630
20211126,경원선,신이문,8763,8007,16770
20211126,경원선,석계,8360,9572,17932
20211126,경원선,광운대,8204,7883,16087
20211126,경원선,왕십리,14886,17345,32231
20211127,경원선,녹양,3501,3394,6895
20211127,경원선,망월사,5605,5682,11287
20211127,경원선,회룡,9656,9513,19169
20211127,경원선,의정부,17729,18697,36426
20211127,경원선,가능,5276,4955,10231
20211127,경원선,양주,6507,6078,12585
20211127,경원선,도봉산,8613,5873,14486
20211127,경원선,덕정,4685,4272,8957
20211127,경원선,지행,5581,5548,11129
20211127,경원선,동두천중앙,2526,2465,4991
20211127,경원선,보산,1690,1663,3353
20211127,경원선,동두천,1572,2015,3587
20211127,경원선,덕계,2516,2253,4769
20211127,경원선,도봉,4473,4086,8559
20211127,경원선,소요산,3535,3014,6549
20211127,경원선,녹천,3136,2640,5776
20211127,경원선,이촌,2796,2143,4939
20211127,경원선,서빙고,1794,2048,3842
20211127,경원선,한남,2716,2735,5451
20211127,경원선,옥수,41,33,74
20211127,경원선,응봉,1594,1346,2940
20211127,경원선,왕십리,13288,14400,27688
20211127,경원선,방학,7380,7085,14465
20211127,경원선,외대앞,9458,8951,18409
20211127,경원선,신이문,6324,5739,12063
20211127,경원선,석계,6975,7282,14257
20211127,경원선,광운대,6659,6386,13045
20211127,경원선,월계,4700,4342,9042
20211127,경원선,청량리,16567,17418,33985
20211128,경원선,망월사,4382,4646,9028
20211128,경원선,의정부,13421,13911,27332
20211128,경원선,가능,3850,3699,7549
20211128,경원선,녹양,2797,2688,5485
20211128,경원선,양주,4945,4838,9783
20211128,경원선,덕계,1715,1666,3381
20211128,경원선,동두천중앙,2067,1949,4016
20211128,경원선,지행,4220,4281,8501
20211128,경원선,도봉산,8779,6298,15077
20211128,경원선,보산,1244,1527,2771
20211128,경원선,동두천,1298,1753,3051
20211128,경원선,소요산,3862,3219,7081
20211128,경원선,덕정,3243,3370,6613
20211128,경원선,도봉,3420,3269,6689
20211128,경원선,회룡,7436,7318,14754
20211128,경원선,녹천,2625,2326,4951
20211128,경원선,방학,5703,5620,11323
20211128,경원선,이촌,2069,1688,3757
20211128,경원선,서빙고,1361,1462,2823
20211128,경원선,한남,1942,1931,3873
20211128,경원선,옥수,63,20,83
20211128,경원선,응봉,1057,1037,2094
20211128,경원선,왕십리,10376,10907,21283
20211128,경원선,창동,1,0,1
20211128,경원선,외대앞,9423,8549,17972
20211128,경원선,신이문,5045,4587,9632
20211128,경원선,석계,4990,5620,10610
20211128,경원선,광운대,5561,5269,10830
20211128,경원선,월계,3691,3362,7053
20211128,경원선,청량리,14367,13090,27457
20211129,경원선,회룡,12657,12414,25071
20211129,경원선,의정부,17631,17907,35538
20211129,경원선,가능,6592,6451,13043
20211129,경원선,녹양,4525,4124,8649
20211129,경원선,양주,7824,7242,15066
20211129,경원선,덕계,3087,2797,5884
20211129,경원선,동두천중앙,3116,3020,6136
20211129,경원선,지행,6670,6631,13301
20211129,경원선,보산,1543,1294,2837
20211129,경원선,동두천,2159,2417,4576
20211129,경원선,소요산,2477,1965,4442
20211129,경원선,망월사,8006,8030,16036
20211129,경원선,덕정,6066,5941,12007
20211129,경원선,도봉산,7611,4783,12394
20211129,경원선,옥수,55,45,100
20211129,경원선,방학,9673,9409,19082
20211129,경원선,도봉,6054,5822,11876
20211129,경원선,서빙고,1865,1680,3545
20211129,경원선,한남,4208,4060,8268
20211129,경원선,응봉,1859,1587,3446
20211129,경원선,왕십리,13271,15117,28388
20211129,경원선,청량리,14705,15191,29896
20211129,경원선,이촌,3612,2750,6362
20211129,경원선,신이문,8422,7796,16218
20211129,경원선,석계,8156,9299,17455
20211129,경원선,광운대,8165,8048,16213
20211129,경원선,월계,7161,6639,13800
20211129,경원선,녹천,4704,4056,8760
20211129,경원선,외대앞,8088,8357,16445
20211130,경원선,망월사,7522,7513,15035
20211130,경원선,소요산,1437,1196,2633
20211130,경원선,의정부,16337,16645,32982
20211130,경원선,가능,6103,5939,12042
20211130,경원선,녹양,4198,3967,8165
20211130,경원선,양주,7259,6623,13882
20211130,경원선,지행,5870,5832,11702
20211130,경원선,덕정,5699,5537,11236
20211130,경원선,동두천중앙,2789,2775,5564
20211130,경원선,보산,1374,1225,2599
20211130,경원선,동두천,1867,2033,3900
20211130,경원선,도봉산,5700,3581,9281
20211130,경원선,덕계,2744,2488,5232
20211130,경원선,도봉,5570,5411,10981
20211130,경원선,회룡,11539,11355,22894
20211130,경원선,녹천,4501,3769,8270
20211130,경원선,이촌,3433,2712,6145
20211130,경원선,서빙고,1805,1688,3493
20211130,경원선,한남,3872,3709,7581
20211130,경원선,옥수,55,33,88
20211130,경원선,응봉,1761,1470,3231
20211130,경원선,왕십리,12870,14808,27678
20211130,경원선,방학,8884,8615,17499
20211130,경원선,외대앞,7832,7953,15785
20211130,경원선,신이문,8124,7500,15624
20211130,경원선,석계,7381,8543,15924
20211130,경원선,광운대,7964,7717,15681
20211130,경원선,월계,6685,6338,13023
20211130,경원선,청량리,12887,13249,26136
20211201,경원선,녹천,4593,3898,8491
20211201,경원선,월계,7124,6574,13698
20211201,경원선,광운대,7831,7768,15599
20211201,경원선,석계,7878,8973,16851
20211201,경원선,신이문,8362,7788,16150
20211201,경원선,외대앞,8016,8084,16100
20211201,경원선,응봉,1851,1500,3351
20211201,경원선,왕십리,13612,15733,29345
20211201,경원선,방학,9391,9291,18682
20211201,경원선,옥수,51,26,77
20211201,경원선,한남,4004,3852,7856
20211201,경원선,서빙고,1853,1856,3709
20211201,경원선,청량리,13512,14149,27661
20211201,경원선,도봉,5932,5740,11672
20211201,경원선,이촌,3530,2724,6254
20211201,경원선,망월사,7955,7993,15948
20211201,경원선,소요산,1947,1596,3543
20211201,경원선,동두천,2005,2196,4201
20211201,경원선,보산,1455,1266,2721
20211201,경원선,동두천중앙,2902,2836,5738
20211201,경원선,지행,6187,6255,12442
20211201,경원선,덕정,5635,5478,11113
20211201,경원선,도봉산,6978,4428,11406
20211201,경원선,양주,7616,6972,14588
20211201,경원선,녹양,4457,4170,8627
20211201,경원선,가능,6499,6232,12731
20211201,경원선,의정부,17532,18094,35626
20211201,경원선,회룡,12220,12026,24246
20211201,경원선,덕계,3034,2685,5719
20211202,경원선,녹천,4693,3946,8639
20211202,경원선,월계,7296,6758,14054
20211202,경원선,광운대,7922,7778,15700
20211202,경원선,석계,7873,8911,16784
20211202,경원선,신이문,8432,7847,16279
20211202,경원선,외대앞,8142,8075,16217
20211202,경원선,응봉,1884,1570,3454
20211202,경원선,왕십리,13587,15524,29111
20211202,경원선,옥수,55,35,90
20211202,경원선,한남,4132,3954,8086
20211202,경원선,서빙고,1875,1749,3624
20211202,경원선,방학,9317,9017,18334
20211202,경원선,청량리,13910,14255,28165
20211202,경원선,이촌,3509,2700,6209
20211202,경원선,도봉,5853,5755,11608
20211202,경원선,망월사,8052,8173,16225
20211202,경원선,도봉산,7148,4490,11638
20211202,경원선,소요산,1987,1726,3713
20211202,경원선,동두천,2033,2230,4263
20211202,경원선,보산,1556,1342,2898
20211202,경원선,지행,6480,6404,12884
20211202,경원선,덕정,6065,5781,11846
20211202,경원선,동두천중앙,3006,2882,5888
20211202,경원선,양주,7472,7068,14540
20211202,경원선,녹양,4542,4228,8770
20211202,경원선,가능,6541,6307,12848
20211202,경원선,의정부,17468,17971,35439
20211202,경원선,회룡,12078,11977,24055
20211202,경원선,덕계,3059,2697,5756
20211203,경원선,망월사,7796,7815,15611
20211203,경원선,회룡,12316,12103,24419
20211203,경원선,의정부,18548,19714,38262
20211203,경원선,가능,6696,6299,12995
20211203,경원선,녹양,4566,4297,8863
20211203,경원선,양주,7795,7177,14972
20211203,경원선,지행,6807,6550,13357
20211203,경원선,덕정,5983,5663,11646
20211203,경원선,동두천중앙,3141,3061,6202
20211203,경원선,보산,1893,1560,3453
20211203,경원선,동두천,2106,2318,4424
20211203,경원선,소요산,2274,1938,4212
20211203,경원선,덕계,3123,2771,5894
20211203,경원선,도봉산,7394,4571,11965
20211203,경원선,도봉,6028,5860,11888
20211203,경원선,녹천,4721,3949,8670
20211203,경원선,이촌,3669,2839,6508
20211203,경원선,서빙고,1979,1889,3868
20211203,경원선,한남,4117,4003,8120
20211203,경원선,옥수,60,35,95
20211203,경원선,응봉,1928,1551,3479
20211203,경원선,왕십리,14747,16719,31466
20211203,경원선,방학,9716,9374,19090
20211203,경원선,외대앞,8675,8434,17109
20211203,경원선,신이문,8481,7754,16235
20211203,경원선,석계,8012,9290,17302
20211203,경원선,광운대,8256,7959,16215
20211203,경원선,월계,7161,6623,13784
20211203,경원선,청량리,16477,16949,33426
20211204,경원선,망월사,5412,5524,10936
20211204,경원선,회룡,9347,9075,18422
20211204,경원선,의정부,16744,17814,34558
20211204,경원선,가능,4731,4540,9271
20211204,경원선,녹양,3365,3158,6523
20211204,경원선,양주,6042,5570,11612
20211204,경원선,지행,5229,5189,10418
20211204,경원선,덕정,4322,3867,8189
20211204,경원선,도봉산,8282,5532,13814
20211204,경원선,동두천중앙,2415,2403,4818
20211204,경원선,보산,1622,1578,3200
20211204,경원선,동두천,1555,1833,3388
20211204,경원선,덕계,2277,2063,4340
20211204,경원선,도봉,4331,4150,8481
20211204,경원선,소요산,3016,2658,5674
20211204,경원선,녹천,3148,2651,5799
20211204,경원선,이촌,2692,1948,4640
20211204,경원선,서빙고,1504,1588,3092
20211204,경원선,한남,2660,2661,5321
20211204,경원선,옥수,34,47,81
20211204,경원선,응봉,1334,1077,2411
20211204,경원선,왕십리,11813,13280,25093
20211204,경원선,방학,7011,6754,13765
20211204,경원선,외대앞,6057,5827,11884
20211204,경원선,신이문,5908,5308,11216
20211204,경원선,석계,6505,6971,13476
20211204,경원선,광운대,5641,5575,11216
20211204,경원선,월계,4587,4202,8789
20211204,경원선,청량리,14650,15963,30613
20211205,경원선,망월사,4150,4261,8411
20211205,경원선,회룡,6936,7087,14023
20211205,경원선,의정부,12928,13101,26029
20211205,경원선,가능,3789,3571,7360
20211205,경원선,녹양,2497,2305,4802
20211205,경원선,양주,4649,4666,9315
20211205,경원선,지행,3972,4006,7978
20211205,경원선,덕정,3112,3221,6333
20211205,경원선,동두천중앙,2124,2081,4205
20211205,경원선,보산,1252,1338,2590
20211205,경원선,동두천,1221,1519,2740
20211205,경원선,도봉산,8023,5667,13690
20211205,경원선,덕계,1646,1589,3235
20211205,경원선,소요산,3250,2732,5982
20211205,경원선,도봉,3291,3048,6339
20211205,경원선,녹천,2353,2087,4440
20211205,경원선,방학,5483,5350,10833
20211205,경원선,이촌,1953,1564,3517
20211205,경원선,서빙고,1177,1282,2459
20211205,경원선,한남,1733,1728,3461
20211205,경원선,응봉,944,880,1824
20211205,경원선,왕십리,9025,10285,19310
20211205,경원선,옥수,46,14,60
20211205,경원선,외대앞,4546,4502,9048
20211205,경원선,신이문,4374,4052,8426
20211205,경원선,석계,4637,5075,9712
20211205,경원선,광운대,3980,4148,8128
20211205,경원선,월계,3762,3491,7253
20211205,경원선,청량리,13355,12174,25529
20211206,경원선,녹천,4706,4004,8710
20211206,경원선,월계,7003,6608,13611
20211206,경원선,광운대,8030,7861,15891
20211206,경원선,석계,7675,8879,16554
20211206,경원선,신이문,8426,7820,16246
20211206,경원선,외대앞,7127,7120,14247
20211206,경원선,응봉,1860,1578,3438
20211206,경원선,왕십리,13058,14559,27617
20211206,경원선,옥수,43,49,92
20211206,경원선,한남,4073,3922,7995
20211206,경원선,서빙고,1851,1716,3567
20211206,경원선,이촌,3623,2782,6405
20211206,경원선,청량리,13800,14314,28114
20211206,경원선,방학,9427,9245,18672
20211206,경원선,도봉,5913,5716,11629
20211206,경원선,망월사,7717,7787,15504
20211206,경원선,소요산,2362,1963,4325
20211206,경원선,동두천,2031,2267,4298
20211206,경원선,보산,1559,1411,2970
20211206,경원선,동두천중앙,3103,2951,6054
20211206,경원선,지행,6546,6485,13031
20211206,경원선,덕정,5887,5872,11759
20211206,경원선,도봉산,7441,4680,12121
20211206,경원선,양주,7632,7137,14769
20211206,경원선,녹양,4432,4241,8673
20211206,경원선,가능,6545,6256,12801
20211206,경원선,의정부,17375,17633,35008
20211206,경원선,회룡,12167,11914,24081
20211206,경원선,덕계,3007,2654,5661
20211207,경원선,회룡,12498,12296,24794
20211207,경원선,의정부,17623,17906,35529
20211207,경원선,가능,6797,6549,13346
20211207,경원선,녹양,4581,4322,8903
20211207,경원선,양주,7596,7079,14675
20211207,경원선,덕계,3194,2892,6086
20211207,경원선,동두천중앙,3117,3006,6123
20211207,경원선,지행,6464,6442,12906
20211207,경원선,보산,1477,1338,2815
20211207,경원선,동두천,2186,2491,4677
20211207,경원선,소요산,2502,2131,4633
20211207,경원선,망월사,7865,8054,15919
20211207,경원선,덕정,6132,5983,12115
20211207,경원선,도봉산,7647,4881,12528
20211207,경원선,도봉,6069,5834,11903
20211207,경원선,방학,9596,9353,18949
20211207,경원선,이촌,3546,2756,6302
20211207,경원선,서빙고,2033,1863,3896
20211207,경원선,한남,4030,3839,7869
20211207,경원선,옥수,38,31,69
20211207,경원선,왕십리,12962,14417,27379
20211207,경원선,청량리,13572,14124,27696
20211207,경원선,응봉,1942,1602,3544
20211207,경원선,신이문,8285,7621,15906
20211207,경원선,석계,7865,8958,16823
20211207,경원선,광운대,8251,7964,16215
20211207,경원선,월계,7150,6806,13956
20211207,경원선,녹천,4794,4017,8811
20211207,경원선,외대앞,6980,6951,13931
20211208,경원선,신이문,8279,7700,15979
20211208,경원선,녹천,4677,3982,8659
20211208,경원선,월계,7380,6822,14202
20211208,경원선,광운대,8490,8171,16661
20211208,경원선,석계,7876,9068,16944
20211208,경원선,외대앞,6737,6694,13431
20211208,경원선,이촌,3719,2839,6558
20211208,경원선,왕십리,13260,14629,27889
20211208,경원선,응봉,1882,1603,3485
20211208,경원선,옥수,53,36,89
20211208,경원선,한남,3945,3838,7783
20211208,경원선,서빙고,1949,1909,3858
20211208,경원선,창동,1,0,1
20211208,경원선,청량리,13683,14281,27964
20211208,경원선,방학,9608,9329,18937
20211208,경원선,소요산,2440,2022,4462
20211208,경원선,도봉산,7566,4792,12358
20211208,경원선,도봉,6045,5954,11999
20211208,경원선,동두천,2208,2376,4584
20211208,경원선,보산,1434,1341,2775
20211208,경원선,동두천중앙,3018,2891,5909
20211208,경원선,덕정,6253,5899,12152
20211208,경원선,덕계,3118,2760,5878
20211208,경원선,지행,6386,6460,12846
20211208,경원선,녹양,4498,4274,8772
20211208,경원선,가능,6659,6334,12993
20211208,경원선,의정부,17284,17881,35165
20211208,경원선,회룡,12234,11929,24163
20211208,경원선,망월사,7670,7884,15554
20211208,경원선,양주,7625,7115,14740
20211209,경원선,녹양,4416,4197,8613
20211209,경원선,회룡,12064,11923,23987
20211209,경원선,의정부,17154,17521,34675
20211209,경원선,가능,6481,6228,12709
20211209,경원선,소요산,2334,1954,4288
20211209,경원선,양주,7490,6967,14457
20211209,경원선,망월사,7437,7607,15044
20211209,경원선,덕정,5659,5596,11255
20211209,경원선,지행,6210,6236,12446
20211209,경원선,동두천중앙,3120,3028,6148
20211209,경원선,보산,1380,1303,2683
20211209,경원선,동두천,2100,2375,4475
20211209,경원선,덕계,3098,2753,5851
20211209,경원선,도봉산,7471,4801,12272
20211209,경원선,신이문,8268,7578,15846
20211209,경원선,방학,9382,9162,18544
20211209,경원선,이촌,3530,2638,6168
20211209,경원선,서빙고,1957,1861,3818
20211209,경원선,한남,4059,3885,7944
20211209,경원선,옥수,48,38,86
20211209,경원선,응봉,1867,1575,3442
20211209,경원선,왕십리,13117,14621,27738
20211209,경원선,도봉,5923,5742,11665
20211209,경원선,외대앞,6630,6587,13217
20211209,경원선,석계,7739,8908,16647
20211209,경원선,광운대,8427,8208,16635
20211209,경원선,월계,7206,6805,14011
20211209,경원선,녹천,4545,3905,8450
20211209,경원선,청량리,13904,14156,28060
20211210,경원선,망월사,7261,7343,14604
20211210,경원선,회룡,11865,11785,23650
20211210,경원선,의정부,17999,18985,36984
20211210,경원선,가능,6632,6314,12946
20211210,경원선,녹양,4569,4152,8721
20211210,경원선,양주,7578,7011,14589
20211210,경원선,지행,6639,6481,13120
20211210,경원선,덕정,6254,5747,12001
20211210,경원선,동두천중앙,3116,3084,6200
20211210,경원선,보산,1686,1418,3104
20211210,경원선,동두천,2144,2302,4446
20211210,경원선,도봉산,6835,4255,11090
20211210,경원선,덕계,3018,2661,5679
20211210,경원선,도봉,5951,5637,11588
20211210,경원선,소요산,2167,1797,3964
20211210,경원선,창동,1,0,1
20211210,경원선,이촌,3577,2731,6308
20211210,경원선,서빙고,1917,1782,3699
20211210,경원선,한남,3987,3933,7920
20211210,경원선,옥수,59,26,85
20211210,경원선,응봉,1851,1600,3451
20211210,경원선,왕십리,13697,15510,29207
20211210,경원선,방학,9517,9210,18727
20211210,경원선,외대앞,6910,6683,13593
20211210,경원선,신이문,8323,7585,15908
20211210,경원선,석계,7940,9108,17048
20211210,경원선,광운대,8331,7934,16265
20211210,경원선,월계,7080,6541,13621
20211210,경원선,녹천,4616,3840,8456
20211210,경원선,청량리,15675,16010,31685
20211211,경원선,망월사,5213,5236,10449
20211211,경원선,회룡,8724,8650,17374
20211211,경원선,의정부,16405,17363,33768
20211211,경원선,가능,4964,4745,9709
20211211,경원선,녹양,3337,3167,6504
20211211,경원선,양주,5781,5425,11206
20211211,경원선,동두천중앙,2398,2350,4748
20211211,경원선,덕정,4266,3943,8209
20211211,경원선,지행,5142,4990,10132
20211211,경원선,보산,1523,1468,2991
20211211,경원선,동두천,1556,1852,3408
20211211,경원선,소요산,3140,2741,5881
20211211,경원선,도봉산,7834,5266,13100
20211211,경원선,덕계,2212,2003,4215
20211211,경원선,창동,1,0,1
20211211,경원선,도봉,4173,3903,8076
20211211,경원선,녹천,2992,2479,5471
20211211,경원선,방학,6948,6672,13620
20211211,경원선,이촌,2586,1897,4483
20211211,경원선,서빙고,1381,1233,2614
20211211,경원선,한남,2537,2525,5062
20211211,경원선,응봉,1240,1068,2308
20211211,경원선,왕십리,11047,12573,23620
20211211,경원선,옥수,42,26,68
20211211,경원선,외대앞,5513,5274,10787
20211211,경원선,신이문,5736,5210,10946
20211211,경원선,석계,6203,6618,12821
20211211,경원선,광운대,5056,5078,10134
20211211,경원선,월계,4497,4045,8542
20211211,경원선,청량리,14106,15272,29378
20211212,경원선,지행,4032,4006,8038
20211212,경원선,녹양,2433,2293,4726
20211212,경원선,양주,4492,4365,8857
20211212,경원선,덕계,1487,1434,2921
20211212,경원선,덕정,3026,3122,6148
20211212,경원선,동두천중앙,1903,1815,3718
20211212,경원선,가능,3525,3359,6884
20211212,경원선,동두천,1232,1535,2767
20211212,경원선,소요산,3095,2572,5667
20211212,경원선,외대앞,3975,3853,7828
20211212,경원선,신이문,4093,3997,8090
20211212,경원선,석계,4434,4762,9196
20211212,경원선,보산,1229,1247,2476
20211212,경원선,의정부,12921,13056,25977
20211212,경원선,망월사,3976,4172,8148
20211212,경원선,이촌,1822,1446,3268
20211212,경원선,회룡,6676,6615,13291
20211212,경원선,서빙고,1155,1039,2194
20211212,경원선,한남,1575,1740,3315
20211212,경원선,옥수,44,28,72
20211212,경원선,도봉산,7758,5409,13167
20211212,경원선,왕십리,8298,9031,17329
20211212,경원선,응봉,842,814,1656
20211212,경원선,광운대,3405,3648,7053
20211212,경원선,월계,3132,2945,6077
20211212,경원선,녹천,2172,1876,4048
20211212,경원선,방학,5350,5095,10445
20211212,경원선,도봉,3155,3053,6208
20211212,경원선,청량리,12944,11198,24142
20211213,경원선,신이문,8022,7512,15534
20211213,경원선,녹천,4389,3705,8094
20211213,경원선,월계,6696,6289,12985
20211213,경원선,광운대,8630,8398,17028
20211213,경원선,석계,7404,8510,15914
20211213,경원선,외대앞,6245,6242,12487
20211213,경원선,이촌,3413,2657,6070
20211213,경원선,왕십리,12313,13844,26157
20211213,경원선,옥수,51,38,89
20211213,경원선,한남,3954,3739,7693
20211213,경원선,서빙고,1797,1649,3446
20211213,경원선,방학,8927,8752,17679
20211213,경원선,청량리,13061,13426,26487
20211213,경원선,도봉,5590,5313,10903
20211213,경원선,응봉,1700,1442,3142
20211213,경원선,망월사,7092,7380,14472
20211213,경원선,도봉산,6173,3873,10046
20211213,경원선,동두천,2044,2195,4239
20211213,경원선,보산,1438,1333,2771
20211213,경원선,동두천중앙,2852,2736,5588
20211213,경원선,지행,6128,6178,12306
20211213,경원선,덕정,5591,5473,11064
20211213,경원선,소요산,1894,1564,3458
20211213,경원선,양주,7108,6586,13694
20211213,경원선,녹양,4212,3990,8202
20211213,경원선,가능,6252,5996,12248
20211213,경원선,의정부,16590,16704,33294
20211213,경원선,회룡,11378,11114,22492
20211213,경원선,덕계,2871,2526,5397
20211214,경원선,월계,7062,6584,13646
20211214,경원선,광운대,8793,8578,17371
20211214,경원선,석계,7654,8665,16319
20211214,경원선,신이문,8027,7543,15570
20211214,경원선,외대앞,6485,6513,12998
20211214,경원선,응봉,1827,1560,3387
20211214,경원선,왕십리,12788,14288,27076
20211214,경원선,옥수,57,27,84
20211214,경원선,한남,4026,3790,7816
20211214,경원선,서빙고,1919,1798,3717
20211214,경원선,녹천,4500,3795,8295
20211214,경원선,이촌,3419,2769,6188
20211214,경원선,청량리,13210,13616,26826
20211214,경원선,방학,9188,8989,18177
20211214,경원선,의정부,16727,17049,33776
20211214,경원선,도봉산,6518,4333,10851
20211214,경원선,소요산,2158,1861,4019
20211214,경원선,동두천,2071,2237,4308
20211214,경원선,보산,1395,1276,2671
20211214,경원선,도봉,5756,5632,11388
20211214,경원선,지행,6316,6269,12585
20211214,경원선,덕정,5857,5567,11424
20211214,경원선,동두천중앙,3006,2977,5983
20211214,경원선,양주,7366,6902,14268
20211214,경원선,녹양,4449,4169,8618
20211214,경원선,가능,6407,6176,12583
20211214,경원선,회룡,11864,11730,23594
20211214,경원선,망월사,7464,7627,15091
20211214,경원선,덕계,2968,2683,5651
20211215,경원선,양주,7410,7031,14441
20211215,경원선,회룡,11985,11825,23810
20211215,경원선,의정부,17832,18201,36033
20211215,경원선,가능,6360,6098,12458
20211215,경원선,녹양,4437,4145,8582
20211215,경원선,덕계,3021,2710,5731
20211215,경원선,망월사,7350,7501,14851
20211215,경원선,지행,6469,6447,12916
20211215,경원선,동두천중앙,3159,3109,6268
20211215,경원선,보산,1410,1277,2687
20211215,경원선,동두천,2134,2251,4385
20211215,경원선,소요산,1922,1596,3518
20211215,경원선,덕정,5562,5330,10892
20211215,경원선,도봉산,6248,4219,10467
20211215,경원선,이촌,3586,2716,6302
20211215,경원선,방학,9354,9176,18530
20211215,경원선,도봉,5889,5692,11581
20211215,경원선,서빙고,1995,1810,3805
20211215,경원선,한남,3989,3801,7790
20211215,경원선,옥수,58,36,94
20211215,경원선,왕십리,13958,15434,29392
20211215,경원선,청량리,13536,14270,27806
20211215,경원선,응봉,1830,1508,3338
20211215,경원선,신이문,8253,7468,15721
20211215,경원선,석계,7661,8745,16406
20211215,경원선,광운대,7865,7575,15440
20211215,경원선,월계,6731,6273,13004
20211215,경원선,녹천,4472,3759,8231
20211215,경원선,외대앞,6989,6860,13849
20211216,경원선,신이문,8291,7687,15978
20211216,경원선,녹천,4561,3721,8282
20211216,경원선,월계,6630,6273,12903
20211216,경원선,광운대,7938,7603,15541
20211216,경원선,석계,7970,8910,16880
20211216,경원선,외대앞,7169,7076,14245
20211216,경원선,이촌,3613,2655,6268
20211216,경원선,왕십리,14401,15477,29878
20211216,경원선,응봉,1782,1463,3245
20211216,경원선,옥수,43,39,82
20211216,경원선,한남,4088,3866,7954
20211216,경원선,서빙고,2022,1855,3877
20211216,경원선,창동,1,0,1
20211216,경원선,청량리,14145,14689,28834
20211216,경원선,방학,9370,9104,18474
20211216,경원선,도봉,5880,5767,11647
20211216,경원선,도봉산,6561,4458,11019
20211216,경원선,동두천,2253,2435,4688
20211216,경원선,보산,1390,1300,2690
20211216,경원선,동두천중앙,3031,2868,5899
20211216,경원선,지행,6545,6567,13112
20211216,경원선,덕정,5702,5456,11158
20211216,경원선,덕계,3048,2692,5740
20211216,경원선,소요산,2258,2018,4276
20211216,경원선,녹양,4409,4154,8563
20211216,경원선,가능,6527,6338,12865
20211216,경원선,의정부,17707,18277,35984
20211216,경원선,회룡,11982,11715,23697
20211216,경원선,망월사,7416,7508,14924
20211216,경원선,양주,7595,6987,14582
20211217,경원선,녹천,4388,3702,8090
20211217,경원선,월계,6333,5860,12193
20211217,경원선,광운대,7494,7294,14788
20211217,경원선,석계,7745,8738,16483
20211217,경원선,신이문,7993,7589,15582
20211217,경원선,외대앞,7595,7551,15146
20211217,경원선,응봉,1774,1491,3265
20211217,경원선,왕십리,14687,16356,31043
20211217,경원선,옥수,60,31,91
20211217,경원선,한남,3884,3890,7774
20211217,경원선,서빙고,1892,1807,3699
20211217,경원선,창동,1,0,1
20211217,경원선,청량리,16315,16558,32873
20211217,경원선,방학,8854,8809,17663
20211217,경원선,이촌,3603,2807,6410
20211217,경원선,도봉산,6200,4029,10229
20211217,경원선,도봉,5589,5482,11071
20211217,경원선,소요산,2028,1701,3729
20211217,경원선,동두천,2207,2335,4542
20211217,경원선,보산,1767,1444,3211
20211217,경원선,지행,6605,6426,13031
20211217,경원선,덕정,5408,5160,10568
20211217,경원선,동두천중앙,2880,2894,5774
20211217,경원선,양주,7461,7073,14534
20211217,경원선,녹양,4431,4134,8565
20211217,경원선,가능,6324,6015,12339
20211217,경원선,의정부,18197,19148,37345
20211217,경원선,회룡,11415,11509,22924
20211217,경원선,망월사,6921,7107,14028
20211217,경원선,덕계,2850,2484,5334
20211218,경원선,신이문,5376,5056,10432
20211218,경원선,창동,1,0,1
20211218,경원선,녹천,2831,2387,5218
20211218,경원선,광운대,4815,4795,9610
20211218,경원선,석계,5540,6148,11688
20211218,경원선,외대앞,5341,5199,10540
20211218,경원선,이촌,2562,2023,4585
20211218,경원선,왕십리,11697,13403,25100
20211218,경원선,응봉,1146,1008,2154
20211218,경원선,옥수,33,31,64
20211218,경원선,한남,2617,2370,4987
20211218,경원선,방학,6269,6316,12585
20211218,경원선,청량리,14261,15346,29607
20211218,경원선,도봉,3819,3649,7468
20211218,경원선,서빙고,1324,1261,2585
20211218,경원선,망월사,4717,5046,9763
20211218,경원선,월계,3933,3740,7673
20211218,경원선,소요산,1991,1746,3737
20211218,경원선,동두천,1290,1535,2825
20211218,경원선,보산,1682,1666,3348
20211218,경원선,동두천중앙,2092,2154,4246
20211218,경원선,지행,4904,5017,9921
20211218,경원선,도봉산,5736,3878,9614
20211218,경원선,덕계,2089,1897,3986
20211218,경원선,양주,5347,5288,10635
20211218,경원선,녹양,2997,2989,5986
20211218,경원선,가능,4428,4344,8772
20211218,경원선,의정부,16972,17384,34356
20211218,경원선,회룡,8225,8125,16350
20211218,경원선,덕정,3919,3762,7681
20211219,경원선,망월사,4047,4105,8152
20211219,경원선,회룡,6449,6362,12811
20211219,경원선,의정부,13405,13574,26979
20211219,경원선,가능,3626,3325,6951
20211219,경원선,녹양,2747,2567,5314
20211219,경원선,양주,4223,4110,8333
20211219,경원선,지행,3997,3965,7962
20211219,경원선,덕정,2957,3123,6080
20211219,경원선,동두천중앙,1789,1684,3473
20211219,경원선,보산,1315,1517,2832
20211219,경원선,동두천,1056,1317,2373
20211219,경원선,도봉산,5905,4460,10365
20211219,경원선,덕계,1480,1419,2899
20211219,경원선,소요산,2659,2206,4865
20211219,경원선,방학,5156,5058,10214
20211219,경원선,녹천,2177,1967,4144
20211219,경원선,도봉,3009,2854,5863
20211219,경원선,이촌,1882,1474,3356
20211219,경원선,서빙고,1134,1213,2347
20211219,경원선,한남,1848,1831,3679
20211219,경원선,응봉,935,856,1791
20211219,경원선,왕십리,9361,10385,19746
20211219,경원선,옥수,48,20,68
20211219,경원선,외대앞,4143,3998,8141
20211219,경원선,신이문,4169,3874,8043
20211219,경원선,석계,4298,4705,9003
20211219,경원선,광운대,3668,3817,7485
20211219,경원선,월계,3356,3199,6555
20211219,경원선,청량리,13251,12022,25273
20211220,경원선,소요산,2287,1895,4182
20211220,경원선,망월사,7434,7513,14947
20211220,경원선,회룡,11968,11738,23706
20211220,경원선,의정부,17561,17955,35516
20211220,경원선,가능,6475,6290,12765
20211220,경원선,양주,7388,6829,14217
20211220,경원선,도봉산,6345,4304,10649
20211220,경원선,덕정,5298,5348,10646
20211220,경원선,지행,6361,6295,12656
20211220,경원선,동두천중앙,3147,3002,6149
20211220,경원선,보산,1562,1373,2935
20211220,경원선,동두천,2087,2187,4274
20211220,경원선,덕계,3001,2666,5667
20211220,경원선,도봉,5773,5581,11354
20211220,경원선,녹양,4349,4093,8442
20211220,경원선,녹천,4433,3818,8251
20211220,경원선,이촌,3613,2809,6422
20211220,경원선,서빙고,1858,1684,3542
20211220,경원선,한남,3964,3744,7708
20211220,경원선,옥수,50,38,88
20211220,경원선,응봉,1790,1491,3281
20211220,경원선,왕십리,13662,14735,28397
20211220,경원선,방학,9323,9156,18479
20211220,경원선,외대앞,7295,7275,14570
20211220,경원선,신이문,8145,7564,15709
20211220,경원선,석계,7664,8769,16433
20211220,경원선,광운대,7597,7223,14820
20211220,경원선,월계,6584,6238,12822
20211220,경원선,청량리,14382,14868,29250
20211221,경원선,회룡,12037,11980,24017
20211221,경원선,의정부,18062,18343,36405
20211221,경원선,가능,6629,6476,13105
20211221,경원선,녹양,4398,4136,8534
20211221,경원선,양주,7511,7003,14514
20211221,경원선,덕계,3142,2777,5919
20211221,경원선,동두천중앙,3082,2984,6066
20211221,경원선,지행,6469,6306,12775
20211221,경원선,보산,1568,1449,3017
20211221,경원선,동두천,2050,2307,4357
20211221,경원선,소요산,2452,2101,4553
20211221,경원선,망월사,7434,7590,15024
20211221,경원선,덕정,5300,5259,10559
20211221,경원선,도봉산,6705,4666,11371
20211221,경원선,도봉,5959,5849,11808
20211221,경원선,방학,9455,9292,18747
20211221,경원선,이촌,3526,2795,6321
20211221,경원선,서빙고,2081,1922,4003
20211221,경원선,한남,4108,3837,7945
20211221,경원선,옥수,57,33,90
20211221,경원선,왕십리,13829,15500,29329
20211221,경원선,청량리,14348,14909,29257
20211221,경원선,응봉,1797,1534,3331
20211221,경원선,신이문,8303,7774,16077
20211221,경원선,석계,7877,8966,16843
20211221,경원선,광운대,7980,7721,15701
20211221,경원선,월계,6565,6303,12868
20211221,경원선,녹천,4514,3950,8464
20211221,경원선,외대앞,7747,7608,15355
20211222,경원선,녹양,4459,4238,8697
20211222,경원선,망월사,7468,7719,15187
20211222,경원선,회룡,12570,12370,24940
20211222,경원선,의정부,18346,18714,37060
20211222,경원선,가능,6549,6407,12956
20211222,경원선,양주,7486,7078,14564
20211222,경원선,소요산,2498,2064,4562
20211222,경원선,덕정,5346,5278,10624
20211222,경원선,지행,6395,6431,12826
20211222,경원선,동두천중앙,3069,3019,6088
20211222,경원선,보산,1531,1377,2908
20211222,경원선,동두천,2052,2234,4286
20211222,경원선,도봉산,7112,4816,11928
20211222,경원선,덕계,3100,2754,5854
20211222,경원선,도봉,5979,5998,11977
20211222,경원선,이촌,3620,2807,6427
20211222,경원선,창동,1,0,1
20211222,경원선,방학,9525,9340,18865
20211222,경원선,서빙고,2081,1950,4031
20211222,경원선,한남,4102,3940,8042
20211222,경원선,옥수,61,27,88
20211222,경원선,왕십리,14488,15979,30467
20211222,경원선,청량리,14712,15227,29939
20211222,경원선,응봉,1821,1579,3400
20211222,경원선,신이문,8483,7876,16359
20211222,경원선,석계,7938,9054,16992
20211222,경원선,광운대,7470,7225,14695
20211222,경원선,월계,6545,6280,12825
20211222,경원선,녹천,4598,3843,8441
20211222,경원선,외대앞,7442,7394,14836
20211223,경원선,외대앞,7330,7205,14535
20211223,경원선,월계,6493,6184,12677
20211223,경원선,광운대,7483,7192,14675
20211223,경원선,석계,7879,8862,16741
20211223,경원선,신이문,8404,7850,16254
20211223,경원선,청량리,14948,15668,30616
20211223,경원선,녹천,4483,3926,8409
20211223,경원선,응봉,1881,1552,3433
20211223,경원선,옥수,54,32,86
20211223,경원선,한남,4283,4052,8335
20211223,경원선,서빙고,2057,1998,4055
20211223,경원선,이촌,3559,2759,6318
20211223,경원선,왕십리,14472,16205,30677
20211223,경원선,방학,9463,9270,18733
20211223,경원선,도봉,5969,5905,11874
20211223,경원선,도봉산,7417,4741,12158
20211223,경원선,동두천,1959,2179,4138
20211223,경원선,보산,1754,1420,3174
20211223,경원선,동두천중앙,2968,2875,5843
20211223,경원선,지행,6327,6270,12597
20211223,경원선,덕정,5170,5084,10254
20211223,경원선,덕계,3082,2635,5717
20211223,경원선,소요산,2436,2116,4552
20211223,경원선,녹양,4596,4351,8947
20211223,경원선,가능,6447,6332,12779
20211223,경원선,의정부,18029,18593,36622
20211223,경원선,회룡,12171,11950,24121
20211223,경원선,망월사,7269,7389,14658
20211223,경원선,양주,7415,7003,14418
20211224,경원선,월계,6432,6117,12549
20211224,경원선,광운대,7505,7090,14595
20211224,경원선,석계,7902,8991,16893
20211224,경원선,신이문,8416,7684,16100
20211224,경원선,외대앞,7571,7569,15140
20211224,경원선,청량리,17498,18954,36452
20211224,경원선,옥수,51,30,81
20211224,경원선,응봉,1856,1520,3376
20211224,경원선,한남,4209,4069,8278
20211224,경원선,서빙고,2078,1891,3969
20211224,경원선,이촌,3630,2883,6513
20211224,경원선,녹천,4519,3667,8186
20211224,경원선,왕십리,15396,17531,32927
20211224,경원선,방학,9406,9252,18658
20211224,경원선,도봉,5727,5578,11305
20211224,경원선,도봉산,6525,4313,10838
20211224,경원선,소요산,2316,1914,4230
20211224,경원선,동두천,2020,2239,4259
20211224,경원선,보산,1754,1538,3292
20211224,경원선,동두천중앙,3049,3072,6121
20211224,경원선,덕정,5540,5112,10652
20211224,경원선,덕계,2999,2661,5660
20211224,경원선,지행,6538,6494,13032
20211224,경원선,녹양,4423,4147,8570
20211224,경원선,가능,6440,6177,12617
20211224,경원선,의정부,19571,20920,40491
20211224,경원선,회룡,11981,11954,23935
20211224,경원선,망월사,7192,7452,14644
20211224,경원선,양주,7611,7161,14772
20211225,경원선,석계,4886,5065,9951
20211225,경원선,방학,5419,5275,10694
20211225,경원선,녹천,2140,1879,4019
20211225,경원선,월계,3374,3177,6551
20211225,경원선,광운대,4282,4346,8628
20211225,경원선,신이문,4535,4241,8776
20211225,경원선,서빙고,1088,1137,2225
20211225,경원선,청량리,12498,13427,25925
20211225,경원선,왕십리,10767,11877,22644
20211225,경원선,응봉,847,738,1585
20211225,경원선,옥수,24,36,60
20211225,경원선,한남,1873,1955,3828
20211225,경원선,도봉,3143,3082,6225
20211225,경원선,외대앞,5074,4868,9942
20211225,경원선,도봉산,5165,3339,8504
20211225,경원선,이촌,1814,1432,3246
20211225,경원선,회룡,6949,7037,13986
20211225,경원선,망월사,4060,4086,8146
20211225,경원선,창동,1,0,1
20211225,경원선,동두천,1167,1410,2577
20211225,경원선,소요산,1939,1551,3490
20211225,경원선,동두천중앙,1958,1950,3908
20211225,경원선,지행,4364,4444,8808
20211225,경원선,보산,1086,1152,2238
20211225,경원선,덕계,1661,1535,3196
20211225,경원선,양주,4756,4454,9210
20211225,경원선,녹양,2519,2420,4939
20211225,경원선,가능,3607,3578,7185
20211225,경원선,의정부,15537,15921,31458
20211225,경원선,덕정,3294,3152,6446
20211226,경원선,외대앞,3892,3731,7623
20211226,경원선,월계,2559,2299,4858
20211226,경원선,광운대,3094,3202,6296
20211226,경원선,석계,3567,3949,7516
20211226,경원선,신이문,3553,3450,7003
20211226,경원선,이촌,1588,1266,2854
20211226,경원선,녹천,1977,1766,3743
20211226,경원선,왕십리,7916,8630,16546
20211226,경원선,응봉,688,651,1339
20211226,경원선,옥수,63,20,83
20211226,경원선,한남,1404,1418,2822
20211226,경원선,서빙고,969,1060,2029
20211226,경원선,청량리,11802,10373,22175
20211226,경원선,방학,4319,4228,8547
20211226,경원선,덕계,1236,1243,2479
20211226,경원선,도봉산,4614,3202,7816
20211226,경원선,소요산,1667,1373,3040
20211226,경원선,동두천,981,1204,2185
20211226,경원선,보산,1045,1009,2054
20211226,경원선,동두천중앙,1507,1448,2955
20211226,경원선,지행,3327,3280,6607
20211226,경원선,덕정,2464,2715,5179
20211226,경원선,도봉,2435,2320,4755
20211226,경원선,녹양,2098,1969,4067
20211226,경원선,가능,2789,2729,5518
20211226,경원선,의정부,11757,11495,23252
20211226,경원선,회룡,5307,5233,10540
20211226,경원선,망월사,3390,3439,6829
20211226,경원선,양주,3560,3664,7224
20211227,경원선,녹천,4108,3442,7550
20211227,경원선,월계,5612,5315,10927
20211227,경원선,광운대,6777,6552,13329
20211227,경원선,석계,6964,8027,14991
20211227,경원선,신이문,7673,7182,14855
20211227,경원선,외대앞,6514,6709,13223
20211227,경원선,응봉,1586,1413,2999
20211227,경원선,왕십리,12536,14016,26552
20211227,경원선,옥수,47,36,83
20211227,경원선,한남,3669,3474,7143
20211227,경원선,서빙고,1623,1555,3178
20211227,경원선,방학,8538,8374,16912
20211227,경원선,청량리,13405,13426,26831
20211227,경원선,도봉,5337,5162,10499
20211227,경원선,이촌,3165,2481,5646
20211227,경원선,망월사,6599,6730,13329
20211227,경원선,소요산,1766,1494,3260
20211227,경원선,동두천,1836,2029,3865
20211227,경원선,보산,1384,1528,2912
20211227,경원선,동두천중앙,2800,2677,5477
20211227,경원선,지행,5795,5757,11552
20211227,경원선,덕정,4819,4735,9554
20211227,경원선,도봉산,5998,3667,9665
20211227,경원선,양주,6644,6240,12884
20211227,경원선,녹양,4009,3799,7808
20211227,경원선,가능,5927,5758,11685
20211227,경원선,의정부,16476,16860,33336
20211227,경원선,회룡,10816,10654,21470
20211227,경원선,덕계,2623,2407,5030
20211228,경원선,녹천,4345,3691,8036
20211228,경원선,월계,5967,5760,11727
20211228,경원선,광운대,7026,6799,13825
20211228,경원선,석계,7594,8644,16238
20211228,경원선,신이문,7898,7334,15232
20211228,경원선,외대앞,6764,6761,13525
20211228,경원선,응봉,1715,1486,3201
20211228,경원선,왕십리,13342,14703,28045
20211228,경원선,옥수,36,28,64
20211228,경원선,한남,3887,3642,7529
20211228,경원선,서빙고,1889,1807,3696
20211228,경원선,방학,9203,9083,18286
20211228,경원선,청량리,13948,14246,28194
20211228,경원선,이촌,3398,2687,6085
20211228,경원선,도봉,5649,5512,11161
20211228,경원선,망월사,6850,7047,13897
20211228,경원선,도봉산,6764,4214,10978
20211228,경원선,소요산,2075,1833,3908
20211228,경원선,동두천,1921,2028,3949
20211228,경원선,보산,1406,1256,2662
20211228,경원선,지행,6067,6108,12175
20211228,경원선,덕정,5051,4904,9955
20211228,경원선,동두천중앙,2940,2852,5792
20211228,경원선,양주,6953,6528,13481
20211228,경원선,녹양,4333,4011,8344
20211228,경원선,가능,6214,6066,12280
20211228,경원선,의정부,17190,17593,34783
20211228,경원선,회룡,11690,11626,23316
20211228,경원선,덕계,2718,2453,5171
20211229,경원선,소요산,2229,1760,3989
20211229,경원선,회룡,11973,11823,23796
20211229,경원선,의정부,17933,18227,36160
20211229,경원선,가능,6475,6259,12734
20211229,경원선,녹양,4383,4223,8606
20211229,경원선,양주,7185,6863,14048
20211229,경원선,망월사,6946,7223,14169
20211229,경원선,덕정,5067,4965,10032
20211229,경원선,지행,6281,6154,12435
20211229,경원선,동두천중앙,3020,2893,5913
20211229,경원선,보산,1628,1316,2944
20211229,경원선,동두천,1953,2189,4142
20211229,경원선,덕계,2921,2575,5496
20211229,경원선,도봉산,7184,4560,11744
20211229,경원선,외대앞,6896,6889,13785
20211229,경원선,방학,9486,9258,18744
20211229,경원선,이촌,3552,2789,6341
20211229,경원선,서빙고,2046,1909,3955
20211229,경원선,한남,3985,3715,7700
20211229,경원선,응봉,1758,1490,3248
20211229,경원선,왕십리,13633,15429,29062
20211229,경원선,옥수,47,28,75
20211229,경원선,신이문,8299,7693,15992
20211229,경원선,석계,7712,8883,16595
20211229,경원선,광운대,7278,7059,14337
20211229,경원선,월계,6226,5824,12050
20211229,경원선,녹천,4474,3832,8306
20211229,경원선,청량리,14098,14835,28933
20211229,경원선,도봉,5793,5626,11419
20211230,경원선,서빙고,1929,1807,3736
20211230,경원선,왕십리,13979,15312,29291
20211230,경원선,응봉,1637,1467,3104
20211230,경원선,옥수,47,29,76
20211230,경원선,한남,4009,3833,7842
20211230,경원선,덕계,2841,2489,5330
20211230,경원선,동두천,1883,2117,4000
20211230,경원선,보산,1557,1368,2925
20211230,경원선,동두천중앙,3044,3027,6071
20211230,경원선,지행,6065,6126,12191
20211230,경원선,덕정,4787,4641,9428
20211230,경원선,청량리,14301,15378,29679
20211230,경원선,소요산,2064,1856,3920
20211230,경원선,외대앞,6882,6775,13657
20211230,경원선,이촌,3434,2720,6154
20211230,경원선,석계,7695,8609,16304
20211230,경원선,신이문,8096,7570,15666
20211230,경원선,양주,7111,6668,13779
20211230,경원선,녹양,4162,4014,8176
20211230,경원선,가능,6111,5996,12107
20211230,경원선,회룡,11746,11632,23378
20211230,경원선,망월사,6869,7077,13946
20211230,경원선,의정부,17819,18172,35991
20211230,경원선,도봉,5645,5479,11124
20211230,경원선,방학,9015,8866,17881
20211230,경원선,녹천,4381,3627,8008
20211230,경원선,월계,6154,5896,12050
20211230,경원선,광운대,7185,6793,13978
20211230,경원선,도봉산,6439,4226,10665
20211231,경원선,가능,5899,5670,11569
20211231,경원선,망월사,6459,6575,13034
20211231,경원선,회룡,10806,10875,21681
20211231,경원선,의정부,18310,19303,37613
20211231,경원선,녹양,4064,3937,8001
20211231,경원선,보산,1512,1471,2983
20211231,경원선,덕계,2690,2365,5055
20211231,경원선,덕정,4978,4652,9630
20211231,경원선,지행,6088,6158,12246
20211231,경원선,동두천중앙,2798,2879,5677
20211231,경원선,도봉산,6208,4116,10324
20211231,경원선,양주,6869,6711,13580
20211231,경원선,도봉,5337,5088,10425
20211231,경원선,외대앞,6852,6517,13369
20211231,경원선,녹천,4075,3305,7380
20211231,경원선,월계,5765,5427,11192
20211231,경원선,광운대,6769,6459,13228
20211231,경원선,석계,7275,8149,15424
20211231,경원선,신이문,7773,7094,14867
20211231,경원선,청량리,15331,17470,32801
20211231,경원선,왕십리,13743,15185,28928
20211231,경원선,응봉,1510,1295,2805
20211231,경원선,옥수,39,30,69
20211231,경원선,한남,3598,3342,6940
20211231,경원선,서빙고,1834,1744,3578
20211231,경원선,이촌,3199,2531,5730
20211231,경원선,동두천,1869,2066,3935
20211231,경원선,방학,8682,8524,17206
20211231,경원선,소요산,2118,1845,3963
