사용일자,호선명,지하철역,승차총승객수,하차총승객수,승하차총승객수
20210101,공항철도 1호선,서울역,2366,2474,4840
20210101,공항철도 1호선,영종,1226,1079,2305
20210101,공항철도 1호선,인천공항2터미널,1405,1294,2699
20210101,공항철도 1호선,인천공항1터미널,2532,2708,5240
20210101,공항철도 1호선,운서,2999,2910,5909
20210101,공항철도 1호선,청라국제도시,1349,1307,2656
20210101,공항철도 1호선,검암,1756,1969,3725
20210101,공항철도 1호선,공항화물청사,915,945,1860
20210101,공항철도 1호선,김포공항,4299,2762,7061
20210101,공항철도 1호선,마곡나루,752,839,1591
20210101,공항철도 1호선,디지털미디어시티,1919,1767,3686
20210101,공항철도 1호선,홍대입구,2865,2534,5399
20210101,공항철도 1호선,공덕,543,759,1302
20210101,공항철도 1호선,계양,2176,2128,4304
20210102,공항철도 1호선,김포공항,5590,2573,8163
20210102,공항철도 1호선,서울역,3039,2472,5511
20210102,공항철도 1호선,공덕,669,968,1637
20210102,공항철도 1호선,홍대입구,3907,3896,7803
20210102,공항철도 1호선,디지털미디어시티,2435,2360,4795
20210102,공항철도 1호선,마곡나루,1084,1149,2233
20210102,공항철도 1호선,계양,3031,3034,6065
20210102,공항철도 1호선,인천공항1터미널,2500,2491,4991
20210102,공항철도 1호선,청라국제도시,1850,1693,3543
20210102,공항철도 1호선,운서,3250,3399,6649
20210102,공항철도 1호선,공항화물청사,1000,1059,2059
20210102,공항철도 1호선,인천공항2터미널,1362,1267,2629
20210102,공항철도 1호선,영종,1351,1383,2734
20210102,공항철도 1호선,검암,2453,2469,4922
20210103,공항철도 1호선,디지털미디어시티,1916,2039,3955
20210103,공항철도 1호선,청라국제도시,1616,1433,3049
20210103,공항철도 1호선,검암,2081,2077,4158
20210103,공항철도 1호선,계양,2634,2492,5126
20210103,공항철도 1호선,김포공항,7307,3153,10460
20210103,공항철도 1호선,홍대입구,3208,3285,6493
20210103,공항철도 1호선,마곡나루,934,1067,2001
20210103,공항철도 1호선,서울역,3898,2847,6745
20210103,공항철도 1호선,영종,1131,1107,2238
20210103,공항철도 1호선,공덕,590,856,1446
20210103,공항철도 1호선,인천공항2터미널,1351,1286,2637
20210103,공항철도 1호선,인천공항1터미널,2393,2370,4763
20210103,공항철도 1호선,공항화물청사,738,827,1565
20210103,공항철도 1호선,운서,2822,3256,6078
20210104,공항철도 1호선,인천공항2터미널,1684,1703,3387
20210104,공항철도 1호선,인천공항1터미널,2727,2853,5580
20210104,공항철도 1호선,공항화물청사,1994,2189,4183
20210104,공항철도 1호선,운서,4612,4677,9289
20210104,공항철도 1호선,청라국제도시,5208,4856,10064
20210104,공항철도 1호선,검암,5760,5549,11309
20210104,공항철도 1호선,영종,2130,2147,4277
20210104,공항철도 1호선,김포공항,7521,4229,11750
20210104,공항철도 1호선,마곡나루,6209,5865,12074
20210104,공항철도 1호선,디지털미디어시티,11595,10386,21981
20210104,공항철도 1호선,홍대입구,5280,5727,11007
20210104,공항철도 1호선,공덕,1746,2158,3904
20210104,공항철도 1호선,서울역,4854,4252,9106
20210104,공항철도 1호선,계양,7388,6963,14351
20210105,공항철도 1호선,서울역,4458,3909,8367
20210105,공항철도 1호선,공덕,1694,2205,3899
20210105,공항철도 1호선,홍대입구,5231,5462,10693
20210105,공항철도 1호선,디지털미디어시티,11440,10167,21607
20210105,공항철도 1호선,마곡나루,6070,5697,11767
20210105,공항철도 1호선,김포공항,6550,3941,10491
20210105,공항철도 1호선,계양,7208,6741,13949
20210105,공항철도 1호선,검암,5631,5547,11178
20210105,공항철도 1호선,운서,4721,4737,9458
20210105,공항철도 1호선,공항화물청사,2018,2257,4275
20210105,공항철도 1호선,인천공항1터미널,2948,3150,6098
20210105,공항철도 1호선,인천공항2터미널,1742,1710,3452
20210105,공항철도 1호선,영종,2063,2105,4168
20210105,공항철도 1호선,청라국제도시,5225,4949,10174
20210106,공항철도 1호선,김포공항,6745,4169,10914
20210106,공항철도 1호선,서울역,4575,4120,8695
20210106,공항철도 1호선,공덕,1733,2298,4031
20210106,공항철도 1호선,홍대입구,5501,5737,11238
20210106,공항철도 1호선,마곡나루,6170,5574,11744
20210106,공항철도 1호선,계양,7001,6890,13891
20210106,공항철도 1호선,디지털미디어시티,12022,10160,22182
20210106,공항철도 1호선,청라국제도시,5183,4997,10180
20210106,공항철도 1호선,영종,2021,2150,4171
20210106,공항철도 1호선,인천공항2터미널,1805,1628,3433
20210106,공항철도 1호선,인천공항1터미널,3030,3133,6163
20210106,공항철도 1호선,검암,5680,5317,10997
20210106,공항철도 1호선,공항화물청사,2197,2290,4487
20210106,공항철도 1호선,운서,4658,4669,9327
20210107,공항철도 1호선,공덕,1783,2328,4111
20210107,공항철도 1호선,홍대입구,5346,5641,10987
20210107,공항철도 1호선,디지털미디어시티,12346,11188,23534
20210107,공항철도 1호선,마곡나루,6299,6207,12506
20210107,공항철도 1호선,김포공항,5841,4167,10008
20210107,공항철도 1호선,계양,7086,6822,13908
20210107,공항철도 1호선,서울역,4989,4357,9346
20210107,공항철도 1호선,청라국제도시,5749,5418,11167
20210107,공항철도 1호선,운서,4879,4819,9698
20210107,공항철도 1호선,공항화물청사,2360,2770,5130
20210107,공항철도 1호선,인천공항1터미널,3312,3706,7018
20210107,공항철도 1호선,인천공항2터미널,1998,2077,4075
20210107,공항철도 1호선,영종,2138,2139,4277
20210107,공항철도 1호선,검암,5724,5749,11473
20210108,공항철도 1호선,서울역,5367,4906,10273
20210108,공항철도 1호선,공덕,1648,2222,3870
20210108,공항철도 1호선,홍대입구,5380,5621,11001
20210108,공항철도 1호선,디지털미디어시티,11313,9936,21249
20210108,공항철도 1호선,마곡나루,5460,5104,10564
20210108,공항철도 1호선,김포공항,6197,3857,10054
20210108,공항철도 1호선,계양,6827,6469,13296
20210108,공항철도 1호선,검암,5504,5321,10825
20210108,공항철도 1호선,운서,4608,4637,9245
20210108,공항철도 1호선,공항화물청사,2112,2332,4444
20210108,공항철도 1호선,인천공항2터미널,1920,1839,3759
20210108,공항철도 1호선,영종,2002,2044,4046
20210108,공항철도 1호선,청라국제도시,5211,4921,10132
20210108,공항철도 1호선,인천공항1터미널,2996,3340,6336
20210109,공항철도 1호선,서울역,3444,3378,6822
20210109,공항철도 1호선,계양,3483,3551,7034
20210109,공항철도 1호선,공덕,914,1378,2292
20210109,공항철도 1호선,홍대입구,4761,4800,9561
20210109,공항철도 1호선,디지털미디어시티,3125,3062,6187
20210109,공항철도 1호선,마곡나루,1416,1386,2802
20210109,공항철도 1호선,김포공항,5658,3140,8798
20210109,공항철도 1호선,검암,2791,2798,5589
20210109,공항철도 1호선,운서,3579,3675,7254
20210109,공항철도 1호선,공항화물청사,1153,1206,2359
20210109,공항철도 1호선,인천공항1터미널,2344,2493,4837
20210109,공항철도 1호선,인천공항2터미널,1533,1403,2936
20210109,공항철도 1호선,영종,1433,1514,2947
20210109,공항철도 1호선,청라국제도시,2272,2130,4402
20210110,공항철도 1호선,서울역,3342,2723,6065
20210110,공항철도 1호선,공덕,597,794,1391
20210110,공항철도 1호선,홍대입구,3779,3464,7243
20210110,공항철도 1호선,디지털미디어시티,2061,2048,4109
20210110,공항철도 1호선,마곡나루,981,1044,2025
20210110,공항철도 1호선,김포공항,5375,2999,8374
20210110,공항철도 1호선,계양,2567,2517,5084
20210110,공항철도 1호선,청라국제도시,1624,1509,3133
20210110,공항철도 1호선,운서,2917,3110,6027
20210110,공항철도 1호선,공항화물청사,858,899,1757
20210110,공항철도 1호선,인천공항1터미널,2340,2434,4774
20210110,공항철도 1호선,인천공항2터미널,1415,1392,2807
20210110,공항철도 1호선,영종,1211,1154,2365
20210110,공항철도 1호선,검암,2146,2124,4270
20210111,공항철도 1호선,청라국제도시,5404,4985,10389
20210111,공항철도 1호선,영종,2143,2154,4297
20210111,공항철도 1호선,인천공항2터미널,1733,1679,3412
20210111,공항철도 1호선,인천공항1터미널,2804,2926,5730
20210111,공항철도 1호선,공항화물청사,2040,2229,4269
20210111,공항철도 1호선,운서,4631,4632,9263
20210111,공항철도 1호선,검암,5704,5572,11276
20210111,공항철도 1호선,서울역,4937,4552,9489
20210111,공항철도 1호선,김포공항,6713,4406,11119
20210111,공항철도 1호선,마곡나루,6319,6016,12335
20210111,공항철도 1호선,디지털미디어시티,11784,10465,22249
20210111,공항철도 1호선,홍대입구,5559,5630,11189
20210111,공항철도 1호선,공덕,1733,2265,3998
20210111,공항철도 1호선,계양,7372,6849,14221
20210112,공항철도 1호선,김포공항,6911,4363,11274
20210112,공항철도 1호선,서울역,5254,4591,9845
20210112,공항철도 1호선,공덕,1820,2463,4283
20210112,공항철도 1호선,홍대입구,5917,6042,11959
20210112,공항철도 1호선,디지털미디어시티,12972,10883,23855
20210112,공항철도 1호선,마곡나루,7410,6051,13461
20210112,공항철도 1호선,계양,7404,7242,14646
20210112,공항철도 1호선,인천공항1터미널,3206,3426,6632
20210112,공항철도 1호선,청라국제도시,5579,5437,11016
20210112,공항철도 1호선,운서,4849,4879,9728
20210112,공항철도 1호선,공항화물청사,2245,2281,4526
20210112,공항철도 1호선,검암,6029,5729,11758
20210112,공항철도 1호선,인천공항2터미널,1895,1856,3751
20210112,공항철도 1호선,영종,2169,2261,4430
20210113,공항철도 1호선,영종,2185,2277,4462
20210113,공항철도 1호선,인천공항2터미널,1797,1736,3533
20210113,공항철도 1호선,인천공항1터미널,3128,3341,6469
20210113,공항철도 1호선,공항화물청사,2152,2386,4538
20210113,공항철도 1호선,운서,4965,5031,9996
20210113,공항철도 1호선,청라국제도시,5722,5314,11036
20210113,공항철도 1호선,검암,5939,5677,11616
20210113,공항철도 1호선,계양,7556,7094,14650
20210113,공항철도 1호선,김포공항,6637,4327,10964
20210113,공항철도 1호선,마곡나루,6569,6429,12998
20210113,공항철도 1호선,디지털미디어시티,12150,10887,23037
20210113,공항철도 1호선,홍대입구,6079,6076,12155
20210113,공항철도 1호선,공덕,1884,2390,4274
20210113,공항철도 1호선,서울역,5100,4603,9703
20210114,공항철도 1호선,인천공항2터미널,1805,1675,3480
20210114,공항철도 1호선,인천공항1터미널,2989,3228,6217
20210114,공항철도 1호선,공항화물청사,2165,2308,4473
20210114,공항철도 1호선,운서,4872,4955,9827
20210114,공항철도 1호선,청라국제도시,5578,5269,10847
20210114,공항철도 1호선,검암,6057,5785,11842
20210114,공항철도 1호선,영종,2259,2287,4546
20210114,공항철도 1호선,김포공항,7038,4476,11514
20210114,공항철도 1호선,마곡나루,6542,6170,12712
20210114,공항철도 1호선,디지털미디어시티,11935,10680,22615
20210114,공항철도 1호선,홍대입구,6145,6282,12427
20210114,공항철도 1호선,공덕,1811,2306,4117
20210114,공항철도 1호선,서울역,5231,4650,9881
20210114,공항철도 1호선,계양,7571,7063,14634
20210115,공항철도 1호선,인천공항2터미널,1831,1727,3558
20210115,공항철도 1호선,인천공항1터미널,3093,3412,6505
20210115,공항철도 1호선,공항화물청사,2175,2286,4461
20210115,공항철도 1호선,운서,5094,5082,10176
20210115,공항철도 1호선,청라국제도시,5716,5316,11032
20210115,공항철도 1호선,검암,6160,5852,12012
20210115,공항철도 1호선,영종,2252,2439,4691
20210115,공항철도 1호선,김포공항,8755,5092,13847
20210115,공항철도 1호선,마곡나루,6317,5923,12240
20210115,공항철도 1호선,디지털미디어시티,11791,10241,22032
20210115,공항철도 1호선,홍대입구,6533,6804,13337
20210115,공항철도 1호선,공덕,1872,2338,4210
20210115,공항철도 1호선,서울역,5969,5567,11536
20210115,공항철도 1호선,계양,7533,7111,14644
20210116,공항철도 1호선,영종,1718,1839,3557
20210116,공항철도 1호선,인천공항2터미널,1556,1376,2932
20210116,공항철도 1호선,인천공항1터미널,2629,2858,5487
20210116,공항철도 1호선,공항화물청사,1215,1184,2399
20210116,공항철도 1호선,운서,4063,4092,8155
20210116,공항철도 1호선,청라국제도시,2514,2453,4967
20210116,공항철도 1호선,검암,3151,3144,6295
20210116,공항철도 1호선,계양,4178,4131,8309
20210116,공항철도 1호선,마곡나루,1724,1769,3493
20210116,공항철도 1호선,디지털미디어시티,3434,3253,6687
20210116,공항철도 1호선,홍대입구,5975,5830,11805
20210116,공항철도 1호선,공덕,956,1437,2393
20210116,공항철도 1호선,서울역,3907,3856,7763
20210116,공항철도 1호선,김포공항,6300,3720,10020
20210117,공항철도 1호선,김포공항,6833,3784,10617
20210117,공항철도 1호선,공덕,795,1019,1814
20210117,공항철도 1호선,홍대입구,4647,4094,8741
20210117,공항철도 1호선,디지털미디어시티,2477,2397,4874
20210117,공항철도 1호선,마곡나루,1159,1203,2362
20210117,공항철도 1호선,계양,2883,2791,5674
20210117,공항철도 1호선,서울역,3989,3450,7439
20210117,공항철도 1호선,청라국제도시,1882,1686,3568
20210117,공항철도 1호선,영종,1349,1305,2654
20210117,공항철도 1호선,인천공항2터미널,1490,1389,2879
20210117,공항철도 1호선,검암,2299,2392,4691
20210117,공항철도 1호선,공항화물청사,830,945,1775
20210117,공항철도 1호선,운서,3251,3468,6719
20210117,공항철도 1호선,인천공항1터미널,2530,2600,5130
20210118,공항철도 1호선,공덕,1915,2465,4380
20210118,공항철도 1호선,홍대입구,5986,6194,12180
20210118,공항철도 1호선,디지털미디어시티,13121,11557,24678
20210118,공항철도 1호선,마곡나루,6912,6745,13657
20210118,공항철도 1호선,김포공항,8030,5088,13118
20210118,공항철도 1호선,계양,7744,7467,15211
20210118,공항철도 1호선,서울역,5407,4867,10274
20210118,공항철도 1호선,청라국제도시,5965,5641,11606
20210118,공항철도 1호선,운서,5100,5069,10169
20210118,공항철도 1호선,공항화물청사,2204,2493,4697
20210118,공항철도 1호선,인천공항1터미널,3051,3164,6215
20210118,공항철도 1호선,인천공항2터미널,1863,1926,3789
20210118,공항철도 1호선,영종,2442,2367,4809
20210118,공항철도 1호선,검암,6135,5879,12014
20210119,공항철도 1호선,영종,2187,2195,4382
20210119,공항철도 1호선,인천공항2터미널,1743,1771,3514
20210119,공항철도 1호선,인천공항1터미널,3132,3272,6404
20210119,공항철도 1호선,공항화물청사,2107,2331,4438
20210119,공항철도 1호선,운서,4870,4907,9777
20210119,공항철도 1호선,청라국제도시,5658,5350,11008
20210119,공항철도 1호선,검암,5975,5730,11705
20210119,공항철도 1호선,계양,7505,7050,14555
20210119,공항철도 1호선,마곡나루,6657,6258,12915
20210119,공항철도 1호선,디지털미디어시티,12373,10973,23346
20210119,공항철도 1호선,홍대입구,6308,6235,12543
20210119,공항철도 1호선,서울역,5281,4612,9893
20210119,공항철도 1호선,김포공항,7027,4640,11667
20210119,공항철도 1호선,공덕,1875,2389,4264
20210120,공항철도 1호선,서울역,5386,5011,10397
20210120,공항철도 1호선,계양,7826,7313,15139
20210120,공항철도 1호선,공덕,1934,2455,4389
20210120,공항철도 1호선,홍대입구,6822,6685,13507
20210120,공항철도 1호선,디지털미디어시티,12796,11453,24249
20210120,공항철도 1호선,마곡나루,6886,6574,13460
20210120,공항철도 1호선,김포공항,7282,4654,11936
20210120,공항철도 1호선,검암,6204,5967,12171
20210120,공항철도 1호선,운서,5081,5066,10147
20210120,공항철도 1호선,공항화물청사,2135,2301,4436
20210120,공항철도 1호선,인천공항1터미널,3029,3191,6220
20210120,공항철도 1호선,인천공항2터미널,1803,1676,3479
20210120,공항철도 1호선,영종,2396,2422,4818
20210120,공항철도 1호선,청라국제도시,5773,5423,11196
20210121,공항철도 1호선,공덕,1844,2447,4291
20210121,공항철도 1호선,홍대입구,6337,6574,12911
20210121,공항철도 1호선,디지털미디어시티,12802,11376,24178
20210121,공항철도 1호선,마곡나루,6644,6369,13013
20210121,공항철도 1호선,김포공항,7740,4717,12457
20210121,공항철도 1호선,계양,7646,7150,14796
20210121,공항철도 1호선,서울역,5346,4894,10240
20210121,공항철도 1호선,청라국제도시,5705,5420,11125
20210121,공항철도 1호선,운서,4900,4749,9649
20210121,공항철도 1호선,공항화물청사,2068,2395,4463
20210121,공항철도 1호선,인천공항1터미널,2953,3138,6091
20210121,공항철도 1호선,인천공항2터미널,1763,1645,3408
20210121,공항철도 1호선,영종,2252,2275,4527
20210121,공항철도 1호선,검암,6167,5725,11892
20210122,공항철도 1호선,서울역,6149,5800,11949
20210122,공항철도 1호선,공덕,1956,2611,4567
20210122,공항철도 1호선,홍대입구,7299,7526,14825
20210122,공항철도 1호선,디지털미디어시티,12397,10953,23350
20210122,공항철도 1호선,마곡나루,6740,6260,13000
20210122,공항철도 1호선,김포공항,9595,5332,14927
20210122,공항철도 1호선,계양,7912,7456,15368
20210122,공항철도 1호선,검암,6241,6021,12262
20210122,공항철도 1호선,운서,5250,5206,10456
20210122,공항철도 1호선,공항화물청사,2207,2339,4546
20210122,공항철도 1호선,인천공항1터미널,3076,3325,6401
20210122,공항철도 1호선,인천공항2터미널,1717,1679,3396
20210122,공항철도 1호선,영종,2447,2538,4985
20210122,공항철도 1호선,청라국제도시,5873,5584,11457
20210123,공항철도 1호선,청라국제도시,3027,2884,5911
20210123,공항철도 1호선,영종,1961,2047,4008
20210123,공항철도 1호선,인천공항2터미널,1543,1393,2936
20210123,공항철도 1호선,인천공항1터미널,2642,2793,5435
20210123,공항철도 1호선,공항화물청사,1237,1240,2477
20210123,공항철도 1호선,검암,3566,3688,7254
20210123,공항철도 1호선,운서,4414,4457,8871
20210123,공항철도 1호선,김포공항,6862,3886,10748
20210123,공항철도 1호선,마곡나루,2122,2280,4402
20210123,공항철도 1호선,계양,4705,4370,9075
20210123,공항철도 1호선,디지털미디어시티,4193,3829,8022
20210123,공항철도 1호선,홍대입구,7364,7226,14590
20210123,공항철도 1호선,공덕,1112,1685,2797
20210123,공항철도 1호선,서울역,4466,4274,8740
20210124,공항철도 1호선,영종,1567,1569,3136
20210124,공항철도 1호선,인천공항2터미널,1393,1248,2641
20210124,공항철도 1호선,인천공항1터미널,2761,2688,5449
20210124,공항철도 1호선,공항화물청사,822,924,1746
20210124,공항철도 1호선,운서,3525,3732,7257
20210124,공항철도 1호선,청라국제도시,2158,2067,4225
20210124,공항철도 1호선,검암,2666,2800,5466
20210124,공항철도 1호선,계양,3353,3246,6599
20210124,공항철도 1호선,김포공항,7233,4081,11314
20210124,공항철도 1호선,마곡나루,1544,1598,3142
20210124,공항철도 1호선,디지털미디어시티,2712,2613,5325
20210124,공항철도 1호선,홍대입구,6020,5465,11485
20210124,공항철도 1호선,공덕,849,1195,2044
20210124,공항철도 1호선,서울역,4265,3662,7927
20210125,공항철도 1호선,인천공항2터미널,1742,1680,3422
20210125,공항철도 1호선,인천공항1터미널,2939,3134,6073
20210125,공항철도 1호선,공항화물청사,2095,2271,4366
20210125,공항철도 1호선,운서,5163,5192,10355
20210125,공항철도 1호선,청라국제도시,5976,5566,11542
20210125,공항철도 1호선,검암,6345,6042,12387
20210125,공항철도 1호선,영종,2553,2562,5115
20210125,공항철도 1호선,김포공항,7959,5080,13039
20210125,공항철도 1호선,마곡나루,7052,6787,13839
20210125,공항철도 1호선,디지털미디어시티,12745,11354,24099
20210125,공항철도 1호선,홍대입구,6902,6773,13675
20210125,공항철도 1호선,공덕,1983,2498,4481
20210125,공항철도 1호선,서울역,5507,5040,10547
20210125,공항철도 1호선,계양,8021,7516,15537
20210126,공항철도 1호선,인천공항2터미널,1792,1711,3503
20210126,공항철도 1호선,인천공항1터미널,3178,3203,6381
20210126,공항철도 1호선,공항화물청사,2174,2333,4507
20210126,공항철도 1호선,운서,5096,5185,10281
20210126,공항철도 1호선,청라국제도시,5898,5512,11410
20210126,공항철도 1호선,검암,6203,5934,12137
20210126,공항철도 1호선,영종,2396,2342,4738
20210126,공항철도 1호선,김포공항,7514,4870,12384
20210126,공항철도 1호선,마곡나루,7010,6624,13634
20210126,공항철도 1호선,디지털미디어시티,13041,11575,24616
20210126,공항철도 1호선,홍대입구,6767,6906,13673
20210126,공항철도 1호선,공덕,1949,2553,4502
20210126,공항철도 1호선,서울역,5410,4870,10280
20210126,공항철도 1호선,계양,8033,7529,15562
20210127,공항철도 1호선,영종,2536,2573,5109
20210127,공항철도 1호선,인천공항2터미널,1760,1661,3421
20210127,공항철도 1호선,인천공항1터미널,3085,3185,6270
20210127,공항철도 1호선,공항화물청사,2179,2391,4570
20210127,공항철도 1호선,운서,5291,5294,10585
20210127,공항철도 1호선,청라국제도시,6080,5739,11819
20210127,공항철도 1호선,검암,6354,6103,12457
20210127,공항철도 1호선,계양,8146,7614,15760
20210127,공항철도 1호선,마곡나루,7072,6880,13952
20210127,공항철도 1호선,디지털미디어시티,13015,11684,24699
20210127,공항철도 1호선,홍대입구,7270,7171,14441
20210127,공항철도 1호선,공덕,2066,2520,4586
20210127,공항철도 1호선,서울역,5643,5022,10665
20210127,공항철도 1호선,김포공항,7919,5006,12925
20210128,공항철도 1호선,청라국제도시,5902,5534,11436
20210128,공항철도 1호선,인천공항2터미널,1860,1755,3615
20210128,공항철도 1호선,인천공항1터미널,3201,3313,6514
20210128,공항철도 1호선,공항화물청사,2246,2480,4726
20210128,공항철도 1호선,운서,5191,5151,10342
20210128,공항철도 1호선,검암,6325,6058,12383
20210128,공항철도 1호선,영종,2393,2391,4784
20210128,공항철도 1호선,김포공항,8192,5170,13362
20210128,공항철도 1호선,서울역,5614,5183,10797
20210128,공항철도 1호선,공덕,1943,2566,4509
20210128,공항철도 1호선,계양,7909,7492,15401
20210128,공항철도 1호선,디지털미디어시티,13438,11760,25198
20210128,공항철도 1호선,마곡나루,6831,6598,13429
20210128,공항철도 1호선,홍대입구,6722,6892,13614
20210129,공항철도 1호선,인천공항2터미널,1849,1803,3652
20210129,공항철도 1호선,인천공항1터미널,3127,3301,6428
20210129,공항철도 1호선,공항화물청사,2142,2276,4418
20210129,공항철도 1호선,운서,5175,5106,10281
20210129,공항철도 1호선,청라국제도시,5820,5403,11223
20210129,공항철도 1호선,검암,6095,5971,12066
20210129,공항철도 1호선,영종,2279,2390,4669
20210129,공항철도 1호선,김포공항,10182,5826,16008
20210129,공항철도 1호선,마곡나루,6499,5971,12470
20210129,공항철도 1호선,디지털미디어시티,12353,10970,23323
20210129,공항철도 1호선,홍대입구,7281,7340,14621
20210129,공항철도 1호선,공덕,1913,2620,4533
20210129,공항철도 1호선,서울역,6068,5725,11793
20210129,공항철도 1호선,계양,7868,7411,15279
20210130,공항철도 1호선,영종,1986,2133,4119
20210130,공항철도 1호선,인천공항2터미널,1565,1423,2988
20210130,공항철도 1호선,인천공항1터미널,2586,2789,5375
20210130,공항철도 1호선,공항화물청사,1192,1203,2395
20210130,공항철도 1호선,운서,4360,4342,8702
20210130,공항철도 1호선,청라국제도시,2949,2839,5788
20210130,공항철도 1호선,검암,3528,3510,7038
20210130,공항철도 1호선,계양,4681,4414,9095
20210130,공항철도 1호선,마곡나루,2086,2234,4320
20210130,공항철도 1호선,디지털미디어시티,3811,3475,7286
20210130,공항철도 1호선,홍대입구,8013,7493,15506
20210130,공항철도 1호선,서울역,4394,4250,8644
20210130,공항철도 1호선,김포공항,7512,4143,11655
20210130,공항철도 1호선,공덕,1124,1665,2789
20210131,공항철도 1호선,영종,1632,1538,3170
20210131,공항철도 1호선,검암,2740,2790,5530
20210131,공항철도 1호선,인천공항2터미널,1454,1428,2882
20210131,공항철도 1호선,인천공항1터미널,2781,2889,5670
20210131,공항철도 1호선,공항화물청사,885,943,1828
20210131,공항철도 1호선,운서,3661,3883,7544
20210131,공항철도 1호선,청라국제도시,2215,2066,4281
20210131,공항철도 1호선,계양,3343,3321,6664
20210131,공항철도 1호선,마곡나루,1582,1692,3274
20210131,공항철도 1호선,디지털미디어시티,2701,2718,5419
20210131,공항철도 1호선,홍대입구,6195,5711,11906
20210131,공항철도 1호선,공덕,860,1169,2029
20210131,공항철도 1호선,서울역,4296,3711,8007
20210131,공항철도 1호선,김포공항,7986,4279,12265
20210201,공항철도 1호선,공덕,1941,2507,4448
20210201,공항철도 1호선,홍대입구,7135,7020,14155
20210201,공항철도 1호선,디지털미디어시티,12926,11659,24585
20210201,공항철도 1호선,마곡나루,7152,6897,14049
20210201,공항철도 1호선,김포공항,8878,5416,14294
20210201,공항철도 1호선,계양,8207,7713,15920
20210201,공항철도 1호선,서울역,5339,5034,10373
20210201,공항철도 1호선,청라국제도시,5870,5534,11404
20210201,공항철도 1호선,운서,5267,5284,10551
20210201,공항철도 1호선,공항화물청사,2144,2313,4457
20210201,공항철도 1호선,인천공항1터미널,2881,2992,5873
20210201,공항철도 1호선,인천공항2터미널,1813,1704,3517
20210201,공항철도 1호선,영종,2511,2571,5082
20210201,공항철도 1호선,검암,6400,6109,12509
20210202,공항철도 1호선,서울역,5309,4804,10113
20210202,공항철도 1호선,공덕,1987,2501,4488
20210202,공항철도 1호선,홍대입구,6864,6908,13772
20210202,공항철도 1호선,디지털미디어시티,13210,11904,25114
20210202,공항철도 1호선,마곡나루,7038,6721,13759
20210202,공항철도 1호선,김포공항,7912,5186,13098
20210202,공항철도 1호선,계양,8079,7591,15670
20210202,공항철도 1호선,검암,6317,5995,12312
20210202,공항철도 1호선,운서,5269,5155,10424
20210202,공항철도 1호선,공항화물청사,2200,2404,4604
20210202,공항철도 1호선,인천공항1터미널,3034,3148,6182
20210202,공항철도 1호선,인천공항2터미널,1761,1689,3450
20210202,공항철도 1호선,영종,2444,2456,4900
20210202,공항철도 1호선,청라국제도시,6024,5574,11598
20210203,공항철도 1호선,청라국제도시,6055,5787,11842
20210203,공항철도 1호선,인천공항2터미널,1834,1661,3495
20210203,공항철도 1호선,인천공항1터미널,3010,3165,6175
20210203,공항철도 1호선,공항화물청사,2190,2362,4552
20210203,공항철도 1호선,운서,5234,5233,10467
20210203,공항철도 1호선,검암,6495,6083,12578
20210203,공항철도 1호선,영종,2456,2548,5004
20210203,공항철도 1호선,김포공항,8693,5338,14031
20210203,공항철도 1호선,서울역,5609,5103,10712
20210203,공항철도 1호선,공덕,1978,2673,4651
20210203,공항철도 1호선,계양,8206,7933,16139
20210203,공항철도 1호선,디지털미디어시티,14001,11982,25983
20210203,공항철도 1호선,마곡나루,7448,6808,14256
20210203,공항철도 1호선,홍대입구,7474,7429,14903
20210204,공항철도 1호선,영종,2494,2503,4997
20210204,공항철도 1호선,인천공항2터미널,1888,1897,3785
20210204,공항철도 1호선,인천공항1터미널,3246,3373,6619
20210204,공항철도 1호선,공항화물청사,2309,2554,4863
20210204,공항철도 1호선,운서,5451,5427,10878
20210204,공항철도 1호선,검암,6407,6380,12787
20210204,공항철도 1호선,청라국제도시,6276,5872,12148
20210204,공항철도 1호선,김포공항,9013,5823,14836
20210204,공항철도 1호선,마곡나루,7307,7199,14506
20210204,공항철도 1호선,디지털미디어시티,13874,12531,26405
20210204,공항철도 1호선,홍대입구,7499,7488,14987
20210204,공항철도 1호선,공덕,1993,2637,4630
20210204,공항철도 1호선,서울역,5737,5292,11029
20210204,공항철도 1호선,계양,8458,7909,16367
20210205,공항철도 1호선,김포공항,10468,6241,16709
20210205,공항철도 1호선,공덕,2110,2772,4882
20210205,공항철도 1호선,서울역,6542,6089,12631
20210205,공항철도 1호선,홍대입구,8367,8439,16806
20210205,공항철도 1호선,디지털미디어시티,13372,11743,25115
20210205,공항철도 1호선,마곡나루,7146,6576,13722
20210205,공항철도 1호선,계양,8634,7867,16501
20210205,공항철도 1호선,인천공항2터미널,1808,1729,3537
20210205,공항철도 1호선,청라국제도시,6208,5778,11986
20210205,공항철도 1호선,운서,5463,5467,10930
20210205,공항철도 1호선,공항화물청사,2206,2412,4618
20210205,공항철도 1호선,인천공항1터미널,3165,3386,6551
20210205,공항철도 1호선,영종,2532,2677,5209
20210205,공항철도 1호선,검암,6486,6289,12775
20210206,공항철도 1호선,영종,2022,2087,4109
20210206,공항철도 1호선,인천공항2터미널,1535,1409,2944
20210206,공항철도 1호선,인천공항1터미널,2616,2702,5318
20210206,공항철도 1호선,공항화물청사,1174,1226,2400
20210206,공항철도 1호선,운서,4448,4665,9113
20210206,공항철도 1호선,검암,3643,3665,7308
20210206,공항철도 1호선,청라국제도시,3115,3049,6164
20210206,공항철도 1호선,김포공항,8022,4659,12681
20210206,공항철도 1호선,서울역,4513,4437,8950
20210206,공항철도 1호선,공덕,1181,1672,2853
20210206,공항철도 1호선,계양,5056,4727,9783
20210206,공항철도 1호선,디지털미디어시티,4165,3803,7968
20210206,공항철도 1호선,마곡나루,2190,2371,4561
20210206,공항철도 1호선,홍대입구,8633,8144,16777
20210207,공항철도 1호선,공덕,866,1146,2012
20210207,공항철도 1호선,홍대입구,6711,5992,12703
20210207,공항철도 1호선,디지털미디어시티,2721,2718,5439
20210207,공항철도 1호선,마곡나루,1423,1596,3019
20210207,공항철도 1호선,김포공항,8219,4730,12949
20210207,공항철도 1호선,계양,3528,3435,6963
20210207,공항철도 1호선,서울역,4091,4015,8106
20210207,공항철도 1호선,청라국제도시,2212,2115,4327
20210207,공항철도 1호선,운서,3906,3861,7767
20210207,공항철도 1호선,공항화물청사,908,991,1899
20210207,공항철도 1호선,인천공항1터미널,2599,2618,5217
20210207,공항철도 1호선,인천공항2터미널,1406,1264,2670
20210207,공항철도 1호선,영종,1603,1622,3225
20210207,공항철도 1호선,검암,2679,2701,5380
20210208,공항철도 1호선,영종,2488,2432,4920
20210208,공항철도 1호선,인천공항2터미널,1699,1538,3237
20210208,공항철도 1호선,인천공항1터미널,2884,3048,5932
20210208,공항철도 1호선,공항화물청사,2102,2299,4401
20210208,공항철도 1호선,운서,5137,5230,10367
20210208,공항철도 1호선,청라국제도시,5996,5632,11628
20210208,공항철도 1호선,검암,6443,6110,12553
20210208,공항철도 1호선,계양,8387,7905,16292
20210208,공항철도 1호선,마곡나루,7171,6782,13953
20210208,공항철도 1호선,디지털미디어시티,13428,11895,25323
20210208,공항철도 1호선,홍대입구,7274,7223,14497
20210208,공항철도 1호선,서울역,5710,5736,11446
20210208,공항철도 1호선,김포공항,9124,6346,15470
20210208,공항철도 1호선,공덕,1953,2503,4456
20210209,공항철도 1호선,서울역,5638,5762,11400
20210209,공항철도 1호선,계양,8336,7799,16135
20210209,공항철도 1호선,공덕,2011,2585,4596
20210209,공항철도 1호선,홍대입구,8086,7651,15737
20210209,공항철도 1호선,디지털미디어시티,13546,12046,25592
20210209,공항철도 1호선,마곡나루,6897,6564,13461
20210209,공항철도 1호선,김포공항,9136,6400,15536
20210209,공항철도 1호선,검암,6473,6187,12660
20210209,공항철도 1호선,운서,5552,5293,10845
20210209,공항철도 1호선,영종,2524,2506,5030
20210209,공항철도 1호선,인천공항2터미널,1758,1670,3428
20210209,공항철도 1호선,청라국제도시,6077,5683,11760
20210209,공항철도 1호선,공항화물청사,2185,2377,4562
20210209,공항철도 1호선,인천공항1터미널,3138,3345,6483
20210210,공항철도 1호선,영종,2544,2621,5165
20210210,공항철도 1호선,인천공항2터미널,1726,1635,3361
20210210,공항철도 1호선,인천공항1터미널,3004,3085,6089
20210210,공항철도 1호선,공항화물청사,2144,2282,4426
20210210,공항철도 1호선,청라국제도시,5713,5460,11173
20210210,공항철도 1호선,검암,6058,5951,12009
20210210,공항철도 1호선,운서,5591,5115,10706
20210210,공항철도 1호선,김포공항,11308,7365,18673
20210210,공항철도 1호선,마곡나루,5988,5423,11411
20210210,공항철도 1호선,디지털미디어시티,12415,10854,23269
20210210,공항철도 1호선,홍대입구,8462,7837,16299
20210210,공항철도 1호선,공덕,2019,2496,4515
20210210,공항철도 1호선,서울역,6093,6196,12289
20210210,공항철도 1호선,계양,7840,7539,15379
20210211,공항철도 1호선,김포공항,7466,4925,12391
20210211,공항철도 1호선,공덕,821,886,1707
20210211,공항철도 1호선,홍대입구,5628,4632,10260
20210211,공항철도 1호선,서울역,3164,4698,7862
20210211,공항철도 1호선,디지털미디어시티,2757,2197,4954
20210211,공항철도 1호선,마곡나루,1293,1191,2484
20210211,공항철도 1호선,계양,3190,3183,6373
20210211,공항철도 1호선,인천공항1터미널,2541,2535,5076
20210211,공항철도 1호선,청라국제도시,1992,2041,4033
20210211,공항철도 1호선,운서,3640,3235,6875
20210211,공항철도 1호선,공항화물청사,964,970,1934
20210211,공항철도 1호선,인천공항2터미널,1488,1433,2921
20210211,공항철도 1호선,검암,2552,2699,5251
20210211,공항철도 1호선,영종,1462,1664,3126
20210212,공항철도 1호선,검암,2212,2166,4378
20210212,공항철도 1호선,영종,1326,1331,2657
20210212,공항철도 1호선,인천공항2터미널,1425,1301,2726
20210212,공항철도 1호선,인천공항1터미널,2480,2520,5000
20210212,공항철도 1호선,공항화물청사,724,736,1460
20210212,공항철도 1호선,운서,2848,3104,5952
20210212,공항철도 1호선,청라국제도시,1442,1375,2817
20210212,공항철도 1호선,계양,2514,2369,4883
20210212,공항철도 1호선,마곡나루,956,1066,2022
20210212,공항철도 1호선,디지털미디어시티,1941,1750,3691
20210212,공항철도 1호선,홍대입구,3339,3332,6671
20210212,공항철도 1호선,공덕,616,754,1370
20210212,공항철도 1호선,서울역,3375,3051,6426
20210212,공항철도 1호선,김포공항,6885,3940,10825
20210213,공항철도 1호선,인천공항2터미널,1492,1283,2775
20210213,공항철도 1호선,인천공항1터미널,2940,2910,5850
20210213,공항철도 1호선,공항화물청사,858,889,1747
20210213,공항철도 1호선,운서,3623,3987,7610
20210213,공항철도 1호선,청라국제도시,2394,2184,4578
20210213,공항철도 1호선,검암,3006,3006,6012
20210213,공항철도 1호선,영종,1796,1794,3590
20210213,공항철도 1호선,김포공항,9303,4219,13522
20210213,공항철도 1호선,마곡나루,1475,1722,3197
20210213,공항철도 1호선,디지털미디어시티,2724,2788,5512
20210213,공항철도 1호선,홍대입구,6784,6954,13738
20210213,공항철도 1호선,공덕,819,1193,2012
20210213,공항철도 1호선,서울역,4957,3264,8221
20210213,공항철도 1호선,계양,3880,3600,7480
20210214,공항철도 1호선,서울역,5047,3875,8922
20210214,공항철도 1호선,공덕,856,1119,1975
20210214,공항철도 1호선,홍대입구,6645,6558,13203
20210214,공항철도 1호선,디지털미디어시티,2561,2789,5350
20210214,공항철도 1호선,마곡나루,1387,1549,2936
20210214,공항철도 1호선,김포공항,12693,4938,17631
20210214,공항철도 1호선,계양,3554,3494,7048
20210214,공항철도 1호선,검암,2803,2818,5621
20210214,공항철도 1호선,운서,3597,4087,7684
20210214,공항철도 1호선,공항화물청사,805,902,1707
20210214,공항철도 1호선,인천공항1터미널,2668,2629,5297
20210214,공항철도 1호선,인천공항2터미널,1389,1270,2659
20210214,공항철도 1호선,영종,1667,1637,3304
20210214,공항철도 1호선,청라국제도시,2327,2171,4498
20210215,공항철도 1호선,마곡나루,6506,6361,12867
20210215,공항철도 1호선,운서,5087,5445,10532
20210215,공항철도 1호선,서울역,6565,5128,11693
20210215,공항철도 1호선,공덕,1940,2506,4446
20210215,공항철도 1호선,디지털미디어시티,12709,11543,24252
20210215,공항철도 1호선,김포공항,11525,6139,17664
20210215,공항철도 1호선,홍대입구,7224,7715,14939
20210215,공항철도 1호선,검암,6256,5934,12190
20210215,공항철도 1호선,공항화물청사,2128,2300,4428
20210215,공항철도 1호선,인천공항1터미널,2870,2924,5794
20210215,공항철도 1호선,인천공항2터미널,1733,1581,3314
20210215,공항철도 1호선,계양,8203,7714,15917
20210215,공항철도 1호선,영종,2540,2584,5124
20210215,공항철도 1호선,청라국제도시,5865,5517,11382
20210216,공항철도 1호선,서울역,6451,5512,11963
20210216,공항철도 1호선,공덕,1993,2660,4653
20210216,공항철도 1호선,홍대입구,7288,7557,14845
20210216,공항철도 1호선,디지털미디어시티,13528,12252,25780
20210216,공항철도 1호선,김포공항,10444,5655,16099
20210216,공항철도 1호선,계양,8481,7874,16355
20210216,공항철도 1호선,마곡나루,7142,6726,13868
20210216,공항철도 1호선,청라국제도시,6174,5861,12035
20210216,공항철도 1호선,운서,5443,5431,10874
20210216,공항철도 1호선,공항화물청사,2188,2347,4535
20210216,공항철도 1호선,인천공항1터미널,3173,3308,6481
20210216,공항철도 1호선,인천공항2터미널,1709,1695,3404
20210216,공항철도 1호선,영종,2532,2517,5049
20210216,공항철도 1호선,검암,6511,6292,12803
20210217,공항철도 1호선,청라국제도시,6109,5760,11869
20210217,공항철도 1호선,영종,2359,2456,4815
20210217,공항철도 1호선,인천공항2터미널,1802,1684,3486
20210217,공항철도 1호선,인천공항1터미널,3045,3122,6167
20210217,공항철도 1호선,공항화물청사,2114,2328,4442
20210217,공항철도 1호선,운서,5134,5078,10212
20210217,공항철도 1호선,검암,6252,6225,12477
20210217,공항철도 1호선,공덕,2022,2685,4707
20210217,공항철도 1호선,김포공항,9613,5461,15074
20210217,공항철도 1호선,마곡나루,7005,6679,13684
20210217,공항철도 1호선,디지털미디어시티,13286,11872,25158
20210217,공항철도 1호선,홍대입구,7477,7769,15246
20210217,공항철도 1호선,서울역,6257,5632,11889
20210217,공항철도 1호선,계양,8161,7723,15884
20210218,공항철도 1호선,청라국제도시,6123,5792,11915
20210218,공항철도 1호선,영종,2512,2587,5099
20210218,공항철도 1호선,인천공항2터미널,1803,1763,3566
20210218,공항철도 1호선,인천공항1터미널,2965,3204,6169
20210218,공항철도 1호선,공항화물청사,2192,2408,4600
20210218,공항철도 1호선,검암,6368,6237,12605
20210218,공항철도 1호선,운서,5301,5381,10682
20210218,공항철도 1호선,김포공항,10111,5529,15640
20210218,공항철도 1호선,마곡나루,7228,6913,14141
20210218,공항철도 1호선,계양,8428,7798,16226
20210218,공항철도 1호선,디지털미디어시티,13306,11969,25275
20210218,공항철도 1호선,홍대입구,8162,8182,16344
20210218,공항철도 1호선,공덕,2048,2708,4756
20210218,공항철도 1호선,서울역,6453,5879,12332
20210219,공항철도 1호선,인천공항2터미널,1859,1776,3635
20210219,공항철도 1호선,인천공항1터미널,3441,3705,7146
20210219,공항철도 1호선,공항화물청사,2150,2337,4487
20210219,공항철도 1호선,운서,5734,5821,11555
20210219,공항철도 1호선,청라국제도시,6458,6099,12557
20210219,공항철도 1호선,검암,6910,6618,13528
20210219,공항철도 1호선,영종,2730,2800,5530
20210219,공항철도 1호선,마곡나루,7310,6931,14241
20210219,공항철도 1호선,김포공항,12501,6687,19188
20210219,공항철도 1호선,계양,8832,7955,16787
20210219,공항철도 1호선,홍대입구,9303,9453,18756
20210219,공항철도 1호선,공덕,2127,2946,5073
20210219,공항철도 1호선,서울역,7534,7244,14778
20210219,공항철도 1호선,디지털미디어시티,13616,12109,25725
20210220,공항철도 1호선,영종,2385,2451,4836
20210220,공항철도 1호선,인천공항2터미널,1523,1367,2890
20210220,공항철도 1호선,인천공항1터미널,2895,3099,5994
20210220,공항철도 1호선,공항화물청사,1191,1261,2452
20210220,공항철도 1호선,운서,5002,5112,10114
20210220,공항철도 1호선,청라국제도시,3493,3333,6826
20210220,공항철도 1호선,검암,4212,4374,8586
20210220,공항철도 1호선,계양,5640,5145,10785
20210220,공항철도 1호선,마곡나루,2503,2759,5262
20210220,공항철도 1호선,디지털미디어시티,4583,4419,9002
20210220,공항철도 1호선,홍대입구,10031,9531,19562
20210220,공항철도 1호선,공덕,1364,1915,3279
20210220,공항철도 1호선,서울역,5696,5756,11452
20210220,공항철도 1호선,김포공항,9382,5023,14405
20210221,공항철도 1호선,김포공항,9657,4897,14554
20210221,공항철도 1호선,서울역,5234,4688,9922
20210221,공항철도 1호선,공덕,995,1363,2358
20210221,공항철도 1호선,홍대입구,8279,7254,15533
20210221,공항철도 1호선,디지털미디어시티,3171,3191,6362
20210221,공항철도 1호선,마곡나루,1752,1937,3689
20210221,공항철도 1호선,계양,4115,4071,8186
20210221,공항철도 1호선,인천공항2터미널,1452,1331,2783
20210221,공항철도 1호선,청라국제도시,2603,2501,5104
20210221,공항철도 1호선,운서,4068,4415,8483
20210221,공항철도 1호선,공항화물청사,886,967,1853
20210221,공항철도 1호선,인천공항1터미널,3095,3096,6191
20210221,공항철도 1호선,검암,3128,3266,6394
20210221,공항철도 1호선,영종,1937,1911,3848
20210222,공항철도 1호선,영종,2725,2721,5446
20210222,공항철도 1호선,인천공항2터미널,1794,1664,3458
20210222,공항철도 1호선,인천공항1터미널,3183,3183,6366
20210222,공항철도 1호선,공항화물청사,2196,2369,4565
20210222,공항철도 1호선,운서,5524,5569,11093
20210222,공항철도 1호선,청라국제도시,6339,5866,12205
20210222,공항철도 1호선,검암,6723,6435,13158
20210222,공항철도 1호선,계양,8706,8160,16866
20210222,공항철도 1호선,김포공항,10064,6274,16338
20210222,공항철도 1호선,마곡나루,7340,7213,14553
20210222,공항철도 1호선,디지털미디어시티,13866,12447,26313
20210222,공항철도 1호선,홍대입구,7882,7776,15658
20210222,공항철도 1호선,공덕,2069,2592,4661
20210222,공항철도 1호선,서울역,6260,5828,12088
20210223,공항철도 1호선,공덕,2016,2693,4709
20210223,공항철도 1호선,홍대입구,7905,7952,15857
20210223,공항철도 1호선,디지털미디어시티,13823,12485,26308
20210223,공항철도 1호선,마곡나루,7506,7149,14655
20210223,공항철도 1호선,김포공항,9871,5802,15673
20210223,공항철도 1호선,계양,8729,8049,16778
20210223,공항철도 1호선,서울역,6190,5564,11754
20210223,공항철도 1호선,청라국제도시,6354,5880,12234
20210223,공항철도 1호선,운서,5507,5630,11137
20210223,공항철도 1호선,공항화물청사,2223,2404,4627
20210223,공항철도 1호선,인천공항1터미널,3328,3358,6686
20210223,공항철도 1호선,인천공항2터미널,1716,1584,3300
20210223,공항철도 1호선,영종,2724,2684,5408
20210223,공항철도 1호선,검암,6730,6588,13318
20210224,공항철도 1호선,공덕,2103,2776,4879
20210224,공항철도 1호선,홍대입구,8209,8382,16591
20210224,공항철도 1호선,디지털미디어시티,13766,12305,26071
20210224,공항철도 1호선,마곡나루,7706,7279,14985
20210224,공항철도 1호선,김포공항,10437,6063,16500
20210224,공항철도 1호선,계양,8712,8167,16879
20210224,공항철도 1호선,서울역,6356,5779,12135
20210224,공항철도 1호선,청라국제도시,6466,6013,12479
20210224,공항철도 1호선,운서,5591,5596,11187
20210224,공항철도 1호선,공항화물청사,2173,2416,4589
20210224,공항철도 1호선,인천공항1터미널,3304,3498,6802
20210224,공항철도 1호선,인천공항2터미널,1836,1764,3600
20210224,공항철도 1호선,영종,2697,2724,5421
20210224,공항철도 1호선,검암,6834,6511,13345
20210225,공항철도 1호선,영종,2767,2813,5580
20210225,공항철도 1호선,인천공항2터미널,1854,1725,3579
20210225,공항철도 1호선,인천공항1터미널,3296,3382,6678
20210225,공항철도 1호선,공항화물청사,2223,2381,4604
20210225,공항철도 1호선,운서,5827,5863,11690
20210225,공항철도 1호선,청라국제도시,6580,6184,12764
20210225,공항철도 1호선,검암,6760,6724,13484
20210225,공항철도 1호선,계양,8734,7989,16723
20210225,공항철도 1호선,마곡나루,7378,7092,14470
20210225,공항철도 1호선,디지털미디어시티,14232,12470,26702
20210225,공항철도 1호선,홍대입구,8592,8622,17214
20210225,공항철도 1호선,공덕,2054,2819,4873
20210225,공항철도 1호선,서울역,6761,6182,12943
20210225,공항철도 1호선,김포공항,10814,5722,16536
20210226,공항철도 1호선,청라국제도시,6640,6143,12783
20210226,공항철도 1호선,인천공항2터미널,2040,1865,3905
20210226,공항철도 1호선,인천공항1터미널,3616,3882,7498
20210226,공항철도 1호선,공항화물청사,2164,2375,4539
20210226,공항철도 1호선,운서,6044,5962,12006
20210226,공항철도 1호선,검암,7262,6869,14131
20210226,공항철도 1호선,영종,2871,3069,5940
20210226,공항철도 1호선,김포공항,13414,6995,20409
20210226,공항철도 1호선,마곡나루,7353,6886,14239
20210226,공항철도 1호선,디지털미디어시티,13806,12081,25887
20210226,공항철도 1호선,홍대입구,9749,9755,19504
20210226,공항철도 1호선,공덕,2184,2872,5056
20210226,공항철도 1호선,서울역,7913,7834,15747
20210226,공항철도 1호선,계양,9067,8142,17209
20210227,공항철도 1호선,영종,2523,2614,5137
20210227,공항철도 1호선,인천공항2터미널,1597,1498,3095
20210227,공항철도 1호선,인천공항1터미널,3264,3512,6776
20210227,공항철도 1호선,공항화물청사,1253,1286,2539
20210227,공항철도 1호선,운서,5247,5516,10763
20210227,공항철도 1호선,청라국제도시,3843,3552,7395
20210227,공항철도 1호선,검암,4513,4487,9000
20210227,공항철도 1호선,홍대입구,10436,10063,20499
20210227,공항철도 1호선,김포공항,11102,5131,16233
20210227,공항철도 1호선,마곡나루,2663,2895,5558
20210227,공항철도 1호선,디지털미디어시티,5068,4524,9592
20210227,공항철도 1호선,계양,6115,5521,11636
20210227,공항철도 1호선,공덕,1321,2054,3375
20210227,공항철도 1호선,서울역,6222,6895,13117
20210228,공항철도 1호선,영종,2116,2196,4312
20210228,공항철도 1호선,인천공항2터미널,1582,1395,2977
20210228,공항철도 1호선,인천공항1터미널,3523,3563,7086
20210228,공항철도 1호선,공항화물청사,897,939,1836
20210228,공항철도 1호선,운서,4684,4824,9508
20210228,공항철도 1호선,청라국제도시,2791,2701,5492
20210228,공항철도 1호선,검암,3404,3544,6948
20210228,공항철도 1호선,김포공항,9626,5047,14673
20210228,공항철도 1호선,마곡나루,1924,2211,4135
20210228,공항철도 1호선,디지털미디어시티,3185,3241,6426
20210228,공항철도 1호선,홍대입구,8709,8048,16757
20210228,공항철도 1호선,공덕,977,1410,2387
20210228,공항철도 1호선,서울역,5283,4864,10147
20210228,공항철도 1호선,계양,4485,4229,8714
20210301,공항철도 1호선,청라국제도시,2116,2032,4148
20210301,공항철도 1호선,영종,1668,1446,3114
20210301,공항철도 1호선,인천공항2터미널,1460,1290,2750
20210301,공항철도 1호선,인천공항1터미널,2236,2291,4527
20210301,공항철도 1호선,공항화물청사,873,1028,1901
20210301,공항철도 1호선,운서,3402,3525,6927
20210301,공항철도 1호선,검암,2393,2485,4878
20210301,공항철도 1호선,서울역,6019,6673,12692
20210301,공항철도 1호선,김포공항,10857,4581,15438
20210301,공항철도 1호선,마곡나루,1332,1544,2876
20210301,공항철도 1호선,디지털미디어시티,3018,3064,6082
20210301,공항철도 1호선,홍대입구,5159,4873,10032
20210301,공항철도 1호선,공덕,788,1068,1856
20210301,공항철도 1호선,계양,3299,3514,6813
20210302,공항철도 1호선,김포공항,10672,5942,16614
20210302,공항철도 1호선,서울역,6164,5516,11680
20210302,공항철도 1호선,공덕,2084,2691,4775
20210302,공항철도 1호선,홍대입구,7289,7329,14618
20210302,공항철도 1호선,디지털미디어시티,13731,12421,26152
20210302,공항철도 1호선,마곡나루,7395,7105,14500
20210302,공항철도 1호선,계양,8894,8217,17111
20210302,공항철도 1호선,영종,2566,2643,5209
20210302,공항철도 1호선,청라국제도시,6335,5810,12145
20210302,공항철도 1호선,운서,5537,5561,11098
20210302,공항철도 1호선,공항화물청사,2275,2465,4740
20210302,공항철도 1호선,인천공항1터미널,3086,3201,6287
20210302,공항철도 1호선,인천공항2터미널,1697,1608,3305
20210302,공항철도 1호선,검암,6600,6459,13059
20210303,공항철도 1호선,영종,2663,2682,5345
20210303,공항철도 1호선,인천공항2터미널,1854,1709,3563
20210303,공항철도 1호선,인천공항1터미널,3097,3301,6398
20210303,공항철도 1호선,공항화물청사,2252,2452,4704
20210303,공항철도 1호선,운서,5700,5722,11422
20210303,공항철도 1호선,청라국제도시,6402,6010,12412
20210303,공항철도 1호선,검암,6804,6629,13433
20210303,공항철도 1호선,김포공항,9775,5653,15428
20210303,공항철도 1호선,마곡나루,7832,7420,15252
20210303,공항철도 1호선,디지털미디어시티,14088,12749,26837
20210303,공항철도 1호선,홍대입구,7582,7608,15190
20210303,공항철도 1호선,공덕,2124,2768,4892
20210303,공항철도 1호선,서울역,5952,5517,11469
20210303,공항철도 1호선,계양,8837,8279,17116
20210304,공항철도 1호선,청라국제도시,6468,6070,12538
20210304,공항철도 1호선,영종,2617,2744,5361
20210304,공항철도 1호선,인천공항2터미널,1839,1745,3584
20210304,공항철도 1호선,인천공항1터미널,3118,3229,6347
20210304,공항철도 1호선,공항화물청사,2215,2451,4666
20210304,공항철도 1호선,운서,5733,5774,11507
20210304,공항철도 1호선,검암,6784,6684,13468
20210304,공항철도 1호선,계양,8926,8352,17278
20210304,공항철도 1호선,김포공항,10044,5545,15589
20210304,공항철도 1호선,마곡나루,7938,7590,15528
20210304,공항철도 1호선,디지털미디어시티,14214,12768,26982
20210304,공항철도 1호선,홍대입구,7872,8005,15877
20210304,공항철도 1호선,공덕,2122,2773,4895
20210304,공항철도 1호선,서울역,6150,5521,11671
20210305,공항철도 1호선,서울역,7766,7160,14926
20210305,공항철도 1호선,공덕,2203,2935,5138
20210305,공항철도 1호선,홍대입구,9237,9338,18575
20210305,공항철도 1호선,디지털미디어시티,14260,12587,26847
20210305,공항철도 1호선,마곡나루,8030,7642,15672
20210305,공항철도 1호선,김포공항,12052,6605,18657
20210305,공항철도 1호선,계양,9351,8644,17995
20210305,공항철도 1호선,영종,2929,3092,6021
20210305,공항철도 1호선,청라국제도시,6785,6361,13146
20210305,공항철도 1호선,운서,6023,6003,12026
20210305,공항철도 1호선,공항화물청사,2218,2420,4638
20210305,공항철도 1호선,인천공항1터미널,3239,3545,6784
20210305,공항철도 1호선,인천공항2터미널,1820,1788,3608
20210305,공항철도 1호선,검암,6827,6663,13490
20210306,공항철도 1호선,영종,2511,2570,5081
20210306,공항철도 1호선,인천공항2터미널,1633,1441,3074
20210306,공항철도 1호선,인천공항1터미널,2919,3074,5993
20210306,공항철도 1호선,공항화물청사,1332,1301,2633
20210306,공항철도 1호선,운서,5088,5212,10300
20210306,공항철도 1호선,청라국제도시,3669,3512,7181
20210306,공항철도 1호선,검암,4180,4245,8425
20210306,공항철도 1호선,계양,5992,5502,11494
20210306,공항철도 1호선,김포공항,9455,5148,14603
20210306,공항철도 1호선,마곡나루,2680,2934,5614
20210306,공항철도 1호선,디지털미디어시티,4745,4441,9186
20210306,공항철도 1호선,홍대입구,10001,9838,19839
20210306,공항철도 1호선,공덕,1377,2095,3472
20210306,공항철도 1호선,서울역,5498,5544,11042
20210307,공항철도 1호선,서울역,5402,4942,10344
20210307,공항철도 1호선,공덕,976,1373,2349
20210307,공항철도 1호선,홍대입구,7781,7143,14924
20210307,공항철도 1호선,디지털미디어시티,3268,3205,6473
20210307,공항철도 1호선,마곡나루,1935,2180,4115
20210307,공항철도 1호선,김포공항,9535,4849,14384
20210307,공항철도 1호선,계양,4267,4095,8362
20210307,공항철도 1호선,청라국제도시,2669,2599,5268
20210307,공항철도 1호선,운서,4206,4438,8644
20210307,공항철도 1호선,공항화물청사,900,1012,1912
20210307,공항철도 1호선,인천공항1터미널,2715,2772,5487
20210307,공항철도 1호선,인천공항2터미널,1430,1344,2774
20210307,공항철도 1호선,영종,1948,1901,3849
20210307,공항철도 1호선,검암,3224,3308,6532
20210308,공항철도 1호선,영종,2771,2718,5489
20210308,공항철도 1호선,인천공항2터미널,1709,1565,3274
20210308,공항철도 1호선,인천공항1터미널,2780,2934,5714
20210308,공항철도 1호선,공항화물청사,2144,2315,4459
20210308,공항철도 1호선,운서,5597,5572,11169
20210308,공항철도 1호선,청라국제도시,6365,5887,12252
20210308,공항철도 1호선,검암,6657,6419,13076
20210308,공항철도 1호선,서울역,6063,5694,11757
20210308,공항철도 1호선,김포공항,10580,5888,16468
20210308,공항철도 1호선,마곡나루,7754,7580,15334
20210308,공항철도 1호선,디지털미디어시티,14020,12503,26523
20210308,공항철도 1호선,홍대입구,7468,7540,15008
20210308,공항철도 1호선,공덕,2084,2711,4795
20210308,공항철도 1호선,계양,9071,8198,17269
20210309,공항철도 1호선,영종,2774,2759,5533
20210309,공항철도 1호선,인천공항2터미널,1781,1670,3451
20210309,공항철도 1호선,인천공항1터미널,3015,3056,6071
20210309,공항철도 1호선,공항화물청사,2190,2446,4636
20210309,공항철도 1호선,운서,5840,5736,11576
20210309,공항철도 1호선,청라국제도시,6418,6041,12459
20210309,공항철도 1호선,검암,6800,6598,13398
20210309,공항철도 1호선,김포공항,9684,5705,15389
20210309,공항철도 1호선,마곡나루,7930,7712,15642
20210309,공항철도 1호선,디지털미디어시티,14149,12750,26899
20210309,공항철도 1호선,홍대입구,7590,7775,15365
20210309,공항철도 1호선,공덕,2131,2751,4882
20210309,공항철도 1호선,서울역,6119,5572,11691
20210309,공항철도 1호선,계양,9015,8329,17344
20210310,공항철도 1호선,영종,2734,2860,5594
20210310,공항철도 1호선,인천공항2터미널,1805,1702,3507
20210310,공항철도 1호선,인천공항1터미널,3064,3212,6276
20210310,공항철도 1호선,공항화물청사,2226,2411,4637
20210310,공항철도 1호선,운서,5743,5794,11537
20210310,공항철도 1호선,청라국제도시,6552,6200,12752
20210310,공항철도 1호선,검암,6831,6700,13531
20210310,공항철도 1호선,계양,9109,8236,17345
20210310,공항철도 1호선,마곡나루,8081,7666,15747
20210310,공항철도 1호선,디지털미디어시티,14145,12774,26919
20210310,공항철도 1호선,홍대입구,8082,7871,15953
20210310,공항철도 1호선,공덕,2106,2758,4864
20210310,공항철도 1호선,서울역,6151,5489,11640
20210310,공항철도 1호선,김포공항,9789,5711,15500
20210311,공항철도 1호선,영종,2836,2846,5682
20210311,공항철도 1호선,인천공항2터미널,1746,1678,3424
20210311,공항철도 1호선,인천공항1터미널,3033,3226,6259
20210311,공항철도 1호선,공항화물청사,2296,2475,4771
20210311,공항철도 1호선,운서,5868,5928,11796
20210311,공항철도 1호선,청라국제도시,6586,6248,12834
20210311,공항철도 1호선,검암,6820,6685,13505
20210311,공항철도 1호선,김포공항,10516,6095,16611
20210311,공항철도 1호선,마곡나루,7961,7765,15726
20210311,공항철도 1호선,디지털미디어시티,13997,12585,26582
20210311,공항철도 1호선,홍대입구,8159,8113,16272
20210311,공항철도 1호선,공덕,2095,2746,4841
20210311,공항철도 1호선,서울역,6504,5894,12398
20210311,공항철도 1호선,계양,9095,8422,17517
20210312,공항철도 1호선,청라국제도시,6756,6422,13178
20210312,공항철도 1호선,영종,2841,3053,5894
20210312,공항철도 1호선,인천공항2터미널,1854,1719,3573
20210312,공항철도 1호선,인천공항1터미널,3140,3438,6578
20210312,공항철도 1호선,공항화물청사,2206,2390,4596
20210312,공항철도 1호선,운서,6141,6121,12262
20210312,공항철도 1호선,검암,7048,6834,13882
20210312,공항철도 1호선,서울역,8138,7449,15587
20210312,공항철도 1호선,김포공항,12767,6857,19624
20210312,공항철도 1호선,마곡나루,8020,7475,15495
20210312,공항철도 1호선,디지털미디어시티,14054,12411,26465
20210312,공항철도 1호선,홍대입구,9287,9412,18699
20210312,공항철도 1호선,공덕,2311,3068,5379
20210312,공항철도 1호선,계양,9194,8319,17513
20210313,공항철도 1호선,청라국제도시,3782,3635,7417
20210313,공항철도 1호선,영종,2615,2694,5309
20210313,공항철도 1호선,인천공항2터미널,1523,1417,2940
20210313,공항철도 1호선,인천공항1터미널,2965,3131,6096
20210313,공항철도 1호선,공항화물청사,1263,1318,2581
20210313,공항철도 1호선,운서,5131,5305,10436
20210313,공항철도 1호선,검암,4871,4769,9640
20210313,공항철도 1호선,계양,6127,5646,11773
20210313,공항철도 1호선,김포공항,10142,5346,15488
20210313,공항철도 1호선,마곡나루,2798,3035,5833
20210313,공항철도 1호선,디지털미디어시티,4699,4393,9092
20210313,공항철도 1호선,홍대입구,10967,10486,21453
20210313,공항철도 1호선,공덕,1294,2050,3344
20210313,공항철도 1호선,서울역,5985,5937,11922
20210314,공항철도 1호선,공덕,1006,1309,2315
20210314,공항철도 1호선,홍대입구,8610,7795,16405
20210314,공항철도 1호선,디지털미디어시티,3098,3117,6215
20210314,공항철도 1호선,마곡나루,1951,2202,4153
20210314,공항철도 1호선,김포공항,10725,5562,16287
20210314,공항철도 1호선,계양,4397,4295,8692
20210314,공항철도 1호선,서울역,5772,5345,11117
20210314,공항철도 1호선,청라국제도시,2830,2692,5522
20210314,공항철도 1호선,운서,4166,4554,8720
20210314,공항철도 1호선,공항화물청사,922,990,1912
20210314,공항철도 1호선,인천공항1터미널,2997,2991,5988
20210314,공항철도 1호선,인천공항2터미널,1419,1345,2764
20210314,공항철도 1호선,영종,2163,2045,4208
20210314,공항철도 1호선,검암,3842,3910,7752
20210315,공항철도 1호선,영종,2833,2802,5635
20210315,공항철도 1호선,인천공항2터미널,1795,1653,3448
20210315,공항철도 1호선,인천공항1터미널,2838,2895,5733
20210315,공항철도 1호선,공항화물청사,2107,2336,4443
20210315,공항철도 1호선,운서,5795,5740,11535
20210315,공항철도 1호선,청라국제도시,6581,6123,12704
20210315,공항철도 1호선,검암,6866,6649,13515
20210315,공항철도 1호선,계양,9040,8242,17282
20210315,공항철도 1호선,마곡나루,7952,7719,15671
20210315,공항철도 1호선,디지털미디어시티,13881,12561,26442
20210315,공항철도 1호선,홍대입구,7501,7521,15022
20210315,공항철도 1호선,공덕,2073,2666,4739
20210315,공항철도 1호선,서울역,6278,5984,12262
20210315,공항철도 1호선,김포공항,11324,6190,17514
20210316,공항철도 1호선,운서,5760,5776,11536
20210316,공항철도 1호선,영종,2777,2810,5587
20210316,공항철도 1호선,인천공항2터미널,1796,1678,3474
20210316,공항철도 1호선,인천공항1터미널,3019,3212,6231
20210316,공항철도 1호선,공항화물청사,2253,2459,4712
20210316,공항철도 1호선,청라국제도시,6608,6092,12700
20210316,공항철도 1호선,검암,6836,6667,13503
20210316,공항철도 1호선,계양,8998,8357,17355
20210316,공항철도 1호선,김포공항,9891,5947,15838
20210316,공항철도 1호선,마곡나루,8046,7772,15818
20210316,공항철도 1호선,디지털미디어시티,14052,12684,26736
20210316,공항철도 1호선,홍대입구,7686,7722,15408
20210316,공항철도 1호선,공덕,2075,2667,4742
20210316,공항철도 1호선,서울역,5939,5617,11556
20210317,공항철도 1호선,인천공항2터미널,1771,1662,3433
20210317,공항철도 1호선,인천공항1터미널,3108,3323,6431
20210317,공항철도 1호선,공항화물청사,2338,2431,4769
20210317,공항철도 1호선,운서,5950,5984,11934
20210317,공항철도 1호선,청라국제도시,6528,6214,12742
20210317,공항철도 1호선,검암,6896,6710,13606
20210317,공항철도 1호선,영종,2831,2888,5719
20210317,공항철도 1호선,김포공항,9976,5823,15799
20210317,공항철도 1호선,마곡나루,8222,7939,16161
20210317,공항철도 1호선,디지털미디어시티,14273,12901,27174
20210317,공항철도 1호선,홍대입구,8039,8084,16123
20210317,공항철도 1호선,공덕,2134,2774,4908
20210317,공항철도 1호선,서울역,6188,5746,11934
20210317,공항철도 1호선,계양,9204,8405,17609
20210318,공항철도 1호선,서울역,6797,6175,12972
20210318,공항철도 1호선,공덕,2148,2801,4949
20210318,공항철도 1호선,홍대입구,8273,8234,16507
20210318,공항철도 1호선,디지털미디어시티,14453,13054,27507
20210318,공항철도 1호선,마곡나루,8251,7902,16153
20210318,공항철도 1호선,김포공항,10848,6192,17040
20210318,공항철도 1호선,계양,9327,8479,17806
20210318,공항철도 1호선,검암,6914,6891,13805
20210318,공항철도 1호선,운서,5943,5900,11843
20210318,공항철도 1호선,공항화물청사,2270,2490,4760
20210318,공항철도 1호선,인천공항1터미널,3097,3294,6391
20210318,공항철도 1호선,인천공항2터미널,1766,1665,3431
20210318,공항철도 1호선,영종,2874,2891,5765
20210318,공항철도 1호선,청라국제도시,6612,6257,12869
20210319,공항철도 1호선,청라국제도시,6875,6490,13365
20210319,공항철도 1호선,영종,3021,3246,6267
20210319,공항철도 1호선,인천공항2터미널,1837,1801,3638
20210319,공항철도 1호선,인천공항1터미널,3178,3426,6604
20210319,공항철도 1호선,공항화물청사,2264,2397,4661
20210319,공항철도 1호선,운서,6330,6244,12574
20210319,공항철도 1호선,계양,9496,8669,18165
20210319,공항철도 1호선,마곡나루,7948,7522,15470
20210319,공항철도 1호선,김포공항,13381,6936,20317
20210319,공항철도 1호선,디지털미디어시티,14306,12662,26968
20210319,공항철도 1호선,홍대입구,10008,10069,20077
20210319,공항철도 1호선,공덕,2263,2954,5217
20210319,공항철도 1호선,서울역,8220,7883,16103
20210319,공항철도 1호선,검암,7230,7181,14411
20210320,공항철도 1호선,서울역,5721,5725,11446
20210320,공항철도 1호선,공덕,1319,1981,3300
20210320,공항철도 1호선,디지털미디어시티,4739,4396,9135
20210320,공항철도 1호선,마곡나루,2363,2705,5068
20210320,공항철도 1호선,김포공항,10348,5485,15833
20210320,공항철도 1호선,계양,5656,5106,10762
20210320,공항철도 1호선,홍대입구,9816,9950,19766
20210320,공항철도 1호선,청라국제도시,3476,3402,6878
20210320,공항철도 1호선,운서,4846,4841,9687
20210320,공항철도 1호선,공항화물청사,1250,1281,2531
20210320,공항철도 1호선,인천공항1터미널,2690,2887,5577
20210320,공항철도 1호선,인천공항2터미널,1573,1537,3110
20210320,공항철도 1호선,영종,2412,2456,4868
20210320,공항철도 1호선,검암,4161,4116,8277
20210321,공항철도 1호선,영종,2239,2062,4301
20210321,공항철도 1호선,인천공항2터미널,1471,1349,2820
20210321,공항철도 1호선,인천공항1터미널,2852,2768,5620
20210321,공항철도 1호선,공항화물청사,934,998,1932
20210321,공항철도 1호선,운서,4293,4575,8868
20210321,공항철도 1호선,청라국제도시,2787,2642,5429
20210321,공항철도 1호선,검암,3477,3679,7156
20210321,공항철도 1호선,마곡나루,1812,2229,4041
20210321,공항철도 1호선,김포공항,10801,5745,16546
20210321,공항철도 1호선,디지털미디어시티,3203,3315,6518
20210321,공항철도 1호선,홍대입구,8268,7749,16017
20210321,공항철도 1호선,공덕,1021,1388,2409
20210321,공항철도 1호선,서울역,6058,5414,11472
20210321,공항철도 1호선,계양,4500,4278,8778
20210322,공항철도 1호선,운서,5729,5806,11535
20210322,공항철도 1호선,공항화물청사,2062,2303,4365
20210322,공항철도 1호선,청라국제도시,6433,6042,12475
20210322,공항철도 1호선,인천공항2터미널,1759,1610,3369
20210322,공항철도 1호선,영종,2872,2858,5730
20210322,공항철도 1호선,인천공항1터미널,2717,2809,5526
20210322,공항철도 1호선,검암,6793,6461,13254
20210322,공항철도 1호선,서울역,6172,6030,12202
20210322,공항철도 1호선,김포공항,11444,6317,17761
20210322,공항철도 1호선,마곡나루,7939,7817,15756
20210322,공항철도 1호선,디지털미디어시티,14020,12586,26606
20210322,공항철도 1호선,홍대입구,7677,7497,15174
20210322,공항철도 1호선,공덕,2038,2695,4733
20210322,공항철도 1호선,계양,9103,8294,17397
20210323,공항철도 1호선,공덕,2102,2822,4924
20210323,공항철도 1호선,홍대입구,8118,8023,16141
20210323,공항철도 1호선,디지털미디어시티,14280,12930,27210
20210323,공항철도 1호선,마곡나루,8391,8051,16442
20210323,공항철도 1호선,김포공항,10068,6246,16314
20210323,공항철도 1호선,계양,9155,8384,17539
20210323,공항철도 1호선,서울역,6279,5755,12034
20210323,공항철도 1호선,청라국제도시,6499,6090,12589
20210323,공항철도 1호선,운서,5910,5959,11869
20210323,공항철도 1호선,공항화물청사,2230,2475,4705
20210323,공항철도 1호선,인천공항1터미널,2968,3123,6091
20210323,공항철도 1호선,인천공항2터미널,1742,1730,3472
20210323,공항철도 1호선,영종,2789,2866,5655
20210323,공항철도 1호선,검암,6751,6516,13267
20210324,공항철도 1호선,인천공항2터미널,1798,1721,3519
20210324,공항철도 1호선,영종,2804,2900,5704
20210324,공항철도 1호선,서울역,6355,5762,12117
20210324,공항철도 1호선,공덕,2054,2721,4775
20210324,공항철도 1호선,홍대입구,8058,8216,16274
20210324,공항철도 1호선,디지털미디어시티,14282,12775,27057
20210324,공항철도 1호선,마곡나루,8513,8184,16697
20210324,공항철도 1호선,김포공항,10493,6182,16675
20210324,공항철도 1호선,검암,6926,6729,13655
20210324,공항철도 1호선,청라국제도시,6719,6251,12970
20210324,공항철도 1호선,운서,6028,5967,11995
20210324,공항철도 1호선,공항화물청사,2254,2453,4707
20210324,공항철도 1호선,인천공항1터미널,3051,3322,6373
20210324,공항철도 1호선,계양,9252,8509,17761
20210325,공항철도 1호선,마곡나루,8402,8202,16604
20210325,공항철도 1호선,서울역,6779,6221,13000
20210325,공항철도 1호선,공덕,2162,2887,5049
20210325,공항철도 1호선,홍대입구,8438,8430,16868
20210325,공항철도 1호선,디지털미디어시티,14337,12691,27028
20210325,공항철도 1호선,김포공항,10758,6597,17355
20210325,공항철도 1호선,계양,9499,8596,18095
20210325,공항철도 1호선,청라국제도시,6687,6262,12949
20210325,공항철도 1호선,운서,5972,5997,11969
20210325,공항철도 1호선,공항화물청사,2271,2487,4758
20210325,공항철도 1호선,인천공항1터미널,3064,3148,6212
20210325,공항철도 1호선,인천공항2터미널,1806,1655,3461
20210325,공항철도 1호선,영종,2950,2998,5948
20210325,공항철도 1호선,검암,7030,6860,13890
20210326,공항철도 1호선,서울역,8406,8254,16660
20210326,공항철도 1호선,공덕,2276,3071,5347
20210326,공항철도 1호선,디지털미디어시티,14250,12627,26877
20210326,공항철도 1호선,마곡나루,8387,7891,16278
20210326,공항철도 1호선,김포공항,13589,7224,20813
20210326,공항철도 1호선,계양,9510,8632,18142
20210326,공항철도 1호선,홍대입구,9862,9864,19726
20210326,공항철도 1호선,청라국제도시,6776,6529,13305
20210326,공항철도 1호선,운서,6319,6320,12639
20210326,공항철도 1호선,공항화물청사,2233,2359,4592
20210326,공항철도 1호선,인천공항1터미널,3120,3411,6531
20210326,공항철도 1호선,인천공항2터미널,1817,1798,3615
20210326,공항철도 1호선,영종,3111,3271,6382
20210326,공항철도 1호선,검암,7339,7160,14499
20210327,공항철도 1호선,인천공항2터미널,1557,1473,3030
20210327,공항철도 1호선,영종,2351,2363,4714
20210327,공항철도 1호선,서울역,5833,7061,12894
20210327,공항철도 1호선,공덕,1400,2246,3646
20210327,공항철도 1호선,홍대입구,8860,8712,17572
20210327,공항철도 1호선,디지털미디어시티,4752,4414,9166
20210327,공항철도 1호선,마곡나루,2363,2613,4976
20210327,공항철도 1호선,검암,4001,3996,7997
20210327,공항철도 1호선,계양,5711,5167,10878
20210327,공항철도 1호선,청라국제도시,3384,3294,6678
20210327,공항철도 1호선,운서,4735,4776,9511
20210327,공항철도 1호선,공항화물청사,1182,1264,2446
20210327,공항철도 1호선,인천공항1터미널,2600,2782,5382
20210327,공항철도 1호선,김포공항,11071,5423,16494
20210328,공항철도 1호선,마곡나루,1758,2039,3797
20210328,공항철도 1호선,디지털미디어시티,3269,3295,6564
20210328,공항철도 1호선,김포공항,10564,5473,16037
20210328,공항철도 1호선,공덕,989,1214,2203
20210328,공항철도 1호선,서울역,5952,5208,11160
20210328,공항철도 1호선,홍대입구,7323,6745,14068
20210328,공항철도 1호선,계양,3911,3852,7763
20210328,공항철도 1호선,영종,1891,1813,3704
20210328,공항철도 1호선,청라국제도시,2581,2445,5026
20210328,공항철도 1호선,운서,3942,4221,8163
20210328,공항철도 1호선,공항화물청사,844,965,1809
20210328,공항철도 1호선,인천공항1터미널,2719,2671,5390
20210328,공항철도 1호선,인천공항2터미널,1433,1441,2874
20210328,공항철도 1호선,검암,3169,3144,6313
20210329,공항철도 1호선,서울역,6392,6114,12506
20210329,공항철도 1호선,공덕,2097,2687,4784
20210329,공항철도 1호선,홍대입구,7542,7464,15006
20210329,공항철도 1호선,디지털미디어시티,13913,12547,26460
20210329,공항철도 1호선,마곡나루,8003,7902,15905
20210329,공항철도 1호선,김포공항,11357,6619,17976
20210329,공항철도 1호선,계양,9063,8470,17533
20210329,공항철도 1호선,청라국제도시,6410,6001,12411
20210329,공항철도 1호선,운서,5764,5847,11611
20210329,공항철도 1호선,공항화물청사,2186,2396,4582
20210329,공항철도 1호선,인천공항1터미널,2816,2900,5716
20210329,공항철도 1호선,인천공항2터미널,1820,1712,3532
20210329,공항철도 1호선,영종,2902,2859,5761
20210329,공항철도 1호선,검암,6796,6644,13440
20210330,공항철도 1호선,검암,7073,6802,13875
20210330,공항철도 1호선,홍대입구,8016,7984,16000
20210330,공항철도 1호선,디지털미디어시티,14259,12938,27197
20210330,공항철도 1호선,마곡나루,8548,8345,16893
20210330,공항철도 1호선,김포공항,10606,5897,16503
20210330,공항철도 1호선,계양,9232,8610,17842
20210330,공항철도 1호선,청라국제도시,6633,6133,12766
20210330,공항철도 1호선,서울역,6227,5742,11969
20210330,공항철도 1호선,공항화물청사,2282,2533,4815
20210330,공항철도 1호선,인천공항1터미널,3083,3135,6218
20210330,공항철도 1호선,인천공항2터미널,1871,1953,3824
20210330,공항철도 1호선,영종,2914,2913,5827
20210330,공항철도 1호선,공덕,2084,2740,4824
20210330,공항철도 1호선,운서,6117,6165,12282
20210331,공항철도 1호선,청라국제도시,6670,6306,12976
20210331,공항철도 1호선,영종,2895,2984,5879
20210331,공항철도 1호선,인천공항2터미널,1929,1781,3710
20210331,공항철도 1호선,인천공항1터미널,3266,3538,6804
20210331,공항철도 1호선,공항화물청사,2353,2483,4836
20210331,공항철도 1호선,운서,6153,6079,12232
20210331,공항철도 1호선,검암,6932,6933,13865
20210331,공항철도 1호선,서울역,6323,5741,12064
20210331,공항철도 1호선,김포공항,10467,5916,16383
20210331,공항철도 1호선,마곡나루,8523,8048,16571
20210331,공항철도 1호선,디지털미디어시티,14146,12787,26933
20210331,공항철도 1호선,홍대입구,8417,8536,16953
20210331,공항철도 1호선,공덕,2135,2856,4991
20210331,공항철도 1호선,계양,9473,8530,18003
20210401,공항철도 1호선,서울역,6705,6216,12921
20210401,공항철도 1호선,공덕,2168,2782,4950
20210401,공항철도 1호선,홍대입구,8974,8905,17879
20210401,공항철도 1호선,디지털미디어시티,14736,13105,27841
20210401,공항철도 1호선,마곡나루,8428,8174,16602
20210401,공항철도 1호선,김포공항,10876,6801,17677
20210401,공항철도 1호선,계양,9514,8590,18104
20210401,공항철도 1호선,청라국제도시,6651,6225,12876
20210401,공항철도 1호선,운서,6049,6072,12121
20210401,공항철도 1호선,공항화물청사,2350,2572,4922
20210401,공항철도 1호선,인천공항1터미널,3100,3333,6433
20210401,공항철도 1호선,인천공항2터미널,1889,1785,3674
20210401,공항철도 1호선,영종,2860,2965,5825
20210401,공항철도 1호선,검암,7228,7073,14301
20210402,공항철도 1호선,마곡나루,8295,7891,16186
20210402,공항철도 1호선,영종,3126,3283,6409
20210402,공항철도 1호선,서울역,8187,7905,16092
20210402,공항철도 1호선,공덕,2261,3027,5288
20210402,공항철도 1호선,홍대입구,10087,9949,20036
20210402,공항철도 1호선,디지털미디어시티,14306,12597,26903
20210402,공항철도 1호선,김포공항,12885,6987,19872
20210402,공항철도 1호선,운서,6287,6229,12516
20210402,공항철도 1호선,검암,7358,7189,14547
20210402,공항철도 1호선,청라국제도시,6924,6475,13399
20210402,공항철도 1호선,계양,9571,8715,18286
20210402,공항철도 1호선,공항화물청사,2324,2467,4791
20210402,공항철도 1호선,인천공항1터미널,3064,3244,6308
20210402,공항철도 1호선,인천공항2터미널,1875,1867,3742
20210403,공항철도 1호선,마곡나루,2104,2359,4463
20210403,공항철도 1호선,서울역,5636,5805,11441
20210403,공항철도 1호선,공덕,1260,1929,3189
20210403,공항철도 1호선,홍대입구,8283,8082,16365
20210403,공항철도 1호선,디지털미디어시티,4210,4009,8219
20210403,공항철도 1호선,영종,2166,2083,4249
20210403,공항철도 1호선,인천공항2터미널,1501,1412,2913
20210403,공항철도 1호선,인천공항1터미널,2276,2534,4810
20210403,공항철도 1호선,공항화물청사,1151,1204,2355
20210403,공항철도 1호선,운서,4322,4282,8604
20210403,공항철도 1호선,청라국제도시,3121,3045,6166
20210403,공항철도 1호선,검암,3601,3576,7177
20210403,공항철도 1호선,계양,5172,4717,9889
20210403,공항철도 1호선,김포공항,9525,5486,15011
20210404,공항철도 1호선,공덕,957,1387,2344
20210404,공항철도 1호선,홍대입구,8378,7548,15926
20210404,공항철도 1호선,디지털미디어시티,3116,3124,6240
20210404,공항철도 1호선,마곡나루,2015,2273,4288
20210404,공항철도 1호선,김포공항,10554,5519,16073
20210404,공항철도 1호선,계양,4332,4047,8379
20210404,공항철도 1호선,서울역,5999,5276,11275
20210404,공항철도 1호선,청라국제도시,2745,2632,5377
20210404,공항철도 1호선,운서,4325,4599,8924
20210404,공항철도 1호선,공항화물청사,898,989,1887
20210404,공항철도 1호선,인천공항1터미널,2556,2536,5092
20210404,공항철도 1호선,인천공항2터미널,1367,1353,2720
20210404,공항철도 1호선,영종,1945,1961,3906
20210404,공항철도 1호선,검암,3366,3638,7004
20210405,공항철도 1호선,공덕,2048,2694,4742
20210405,공항철도 1호선,홍대입구,7893,7838,15731
20210405,공항철도 1호선,디지털미디어시티,14107,12828,26935
20210405,공항철도 1호선,마곡나루,8174,7991,16165
20210405,공항철도 1호선,김포공항,11504,6580,18084
20210405,공항철도 1호선,계양,9381,8548,17929
20210405,공항철도 1호선,서울역,6409,5931,12340
20210405,공항철도 1호선,청라국제도시,6487,6068,12555
20210405,공항철도 1호선,운서,5968,5881,11849
20210405,공항철도 1호선,공항화물청사,2280,2425,4705
20210405,공항철도 1호선,인천공항1터미널,2746,2797,5543
20210405,공항철도 1호선,인천공항2터미널,1777,1573,3350
20210405,공항철도 1호선,영종,2983,2968,5951
20210405,공항철도 1호선,검암,6951,6815,13766
20210406,공항철도 1호선,서울역,6245,5692,11937
20210406,공항철도 1호선,공덕,2186,2839,5025
20210406,공항철도 1호선,홍대입구,8223,8247,16470
20210406,공항철도 1호선,디지털미디어시티,14297,12900,27197
20210406,공항철도 1호선,마곡나루,8715,8327,17042
20210406,공항철도 1호선,김포공항,10481,6127,16608
20210406,공항철도 1호선,계양,9423,8659,18082
20210406,공항철도 1호선,검암,6998,6894,13892
20210406,공항철도 1호선,운서,6001,5967,11968
20210406,공항철도 1호선,공항화물청사,2312,2517,4829
20210406,공항철도 1호선,인천공항1터미널,2867,3080,5947
20210406,공항철도 1호선,인천공항2터미널,1779,1669,3448
20210406,공항철도 1호선,영종,2957,3034,5991
20210406,공항철도 1호선,청라국제도시,6649,6149,12798
20210407,공항철도 1호선,김포공항,10606,6434,17040
20210407,공항철도 1호선,공덕,2140,2829,4969
20210407,공항철도 1호선,홍대입구,8416,8315,16731
20210407,공항철도 1호선,디지털미디어시티,14129,12710,26839
20210407,공항철도 1호선,마곡나루,8545,8209,16754
20210407,공항철도 1호선,계양,9331,8494,17825
20210407,공항철도 1호선,서울역,6379,5668,12047
20210407,공항철도 1호선,청라국제도시,6666,6317,12983
20210407,공항철도 1호선,영종,2941,3001,5942
20210407,공항철도 1호선,인천공항2터미널,1783,1728,3511
20210407,공항철도 1호선,검암,6909,6855,13764
20210407,공항철도 1호선,공항화물청사,2354,2570,4924
20210407,공항철도 1호선,운서,6055,6105,12160
20210407,공항철도 1호선,인천공항1터미널,3026,3219,6245
20210408,공항철도 1호선,인천공항2터미널,1846,1747,3593
20210408,공항철도 1호선,인천공항1터미널,2965,3132,6097
20210408,공항철도 1호선,공항화물청사,2372,2514,4886
20210408,공항철도 1호선,운서,6122,6153,12275
20210408,공항철도 1호선,청라국제도시,6691,6272,12963
20210408,공항철도 1호선,검암,7125,7010,14135
20210408,공항철도 1호선,영종,2873,2972,5845
20210408,공항철도 1호선,김포공항,11042,6829,17871
20210408,공항철도 1호선,마곡나루,8354,8078,16432
20210408,공항철도 1호선,디지털미디어시티,14716,12954,27670
20210408,공항철도 1호선,홍대입구,8457,8524,16981
20210408,공항철도 1호선,공덕,2212,2850,5062
20210408,공항철도 1호선,서울역,6810,6179,12989
20210408,공항철도 1호선,계양,9355,8664,18019
20210409,공항철도 1호선,영종,3069,3191,6260
20210409,공항철도 1호선,인천공항2터미널,1940,1802,3742
20210409,공항철도 1호선,인천공항1터미널,3086,3236,6322
20210409,공항철도 1호선,공항화물청사,2268,2496,4764
20210409,공항철도 1호선,운서,6348,6553,12901
20210409,공항철도 1호선,청라국제도시,6870,6347,13217
20210409,공항철도 1호선,검암,7264,7193,14457
20210409,공항철도 1호선,계양,9439,8534,17973
20210409,공항철도 1호선,마곡나루,5288,5624,10912
20210409,공항철도 1호선,디지털미디어시티,13590,12084,25674
20210409,공항철도 1호선,홍대입구,9687,9584,19271
20210409,공항철도 1호선,서울역,8096,7876,15972
20210409,공항철도 1호선,김포공항,13497,7381,20878
20210409,공항철도 1호선,공덕,2198,2902,5100
20210410,공항철도 1호선,서울역,6442,6555,12997
20210410,공항철도 1호선,계양,6508,5917,12425
20210410,공항철도 1호선,공덕,1402,2061,3463
20210410,공항철도 1호선,홍대입구,10325,10101,20426
20210410,공항철도 1호선,디지털미디어시티,4763,4535,9298
20210410,공항철도 1호선,마곡나루,3179,3547,6726
20210410,공항철도 1호선,김포공항,10843,6717,17560
20210410,공항철도 1호선,검암,4828,4946,9774
20210410,공항철도 1호선,운서,5691,5821,11512
20210410,공항철도 1호선,공항화물청사,1294,1366,2660
20210410,공항철도 1호선,인천공항1터미널,2812,2978,5790
20210410,공항철도 1호선,인천공항2터미널,1557,1455,3012
20210410,공항철도 1호선,영종,2766,2829,5595
20210410,공항철도 1호선,청라국제도시,3817,3737,7554
20210411,공항철도 1호선,공덕,978,1305,2283
20210411,공항철도 1호선,홍대입구,8327,7700,16027
20210411,공항철도 1호선,디지털미디어시티,3374,3540,6914
20210411,공항철도 1호선,마곡나루,2213,2530,4743
20210411,공항철도 1호선,김포공항,11157,5925,17082
20210411,공항철도 1호선,계양,4646,4550,9196
20210411,공항철도 1호선,서울역,6434,5542,11976
20210411,공항철도 1호선,청라국제도시,2958,2883,5841
20210411,공항철도 1호선,운서,4718,4993,9711
20210411,공항철도 1호선,공항화물청사,1015,1085,2100
20210411,공항철도 1호선,인천공항1터미널,2906,2859,5765
20210411,공항철도 1호선,인천공항2터미널,1449,1375,2824
20210411,공항철도 1호선,영종,2198,2098,4296
20210411,공항철도 1호선,검암,3538,3803,7341
20210412,공항철도 1호선,서울역,6333,6128,12461
20210412,공항철도 1호선,공덕,1981,2640,4621
20210412,공항철도 1호선,홍대입구,6671,7079,13750
20210412,공항철도 1호선,디지털미디어시티,14014,12514,26528
20210412,공항철도 1호선,마곡나루,7744,7432,15176
20210412,공항철도 1호선,김포공항,11228,6555,17783
20210412,공항철도 1호선,계양,9004,8294,17298
20210412,공항철도 1호선,검암,6739,6173,12912
20210412,공항철도 1호선,운서,5390,5350,10740
20210412,공항철도 1호선,공항화물청사,2156,2407,4563
20210412,공항철도 1호선,인천공항1터미널,2667,2677,5344
20210412,공항철도 1호선,인천공항2터미널,1692,1596,3288
20210412,공항철도 1호선,영종,2721,2693,5414
20210412,공항철도 1호선,청라국제도시,6190,5848,12038
20210413,공항철도 1호선,청라국제도시,6424,6008,12432
20210413,공항철도 1호선,인천공항2터미널,1678,1657,3335
20210413,공항철도 1호선,인천공항1터미널,2901,2977,5878
20210413,공항철도 1호선,공항화물청사,2300,2463,4763
20210413,공항철도 1호선,운서,5766,5754,11520
20210413,공항철도 1호선,검암,6941,6751,13692
20210413,공항철도 1호선,영종,2793,2831,5624
20210413,공항철도 1호선,김포공항,10619,6585,17204
20210413,공항철도 1호선,서울역,6041,5472,11513
20210413,공항철도 1호선,공덕,2114,2687,4801
20210413,공항철도 1호선,계양,9187,8492,17679
20210413,공항철도 1호선,디지털미디어시티,14272,12947,27219
20210413,공항철도 1호선,마곡나루,8272,8116,16388
20210413,공항철도 1호선,홍대입구,7362,7624,14986
20210414,공항철도 1호선,영종,2907,2888,5795
20210414,공항철도 1호선,인천공항2터미널,1835,1737,3572
20210414,공항철도 1호선,인천공항1터미널,3005,3196,6201
20210414,공항철도 1호선,공항화물청사,2293,2443,4736
20210414,공항철도 1호선,운서,5916,6026,11942
20210414,공항철도 1호선,검암,6968,6845,13813
20210414,공항철도 1호선,청라국제도시,6490,6131,12621
20210414,공항철도 1호선,김포공항,10258,6605,16863
20210414,공항철도 1호선,마곡나루,8431,8122,16553
20210414,공항철도 1호선,디지털미디어시티,14379,12964,27343
20210414,공항철도 1호선,홍대입구,7991,8058,16049
20210414,공항철도 1호선,공덕,2179,2869,5048
20210414,공항철도 1호선,서울역,6214,5786,12000
20210414,공항철도 1호선,계양,9383,8408,17791
20210415,공항철도 1호선,청라국제도시,6553,6213,12766
20210415,공항철도 1호선,인천공항2터미널,1746,1607,3353
20210415,공항철도 1호선,영종,2935,2981,5916
20210415,공항철도 1호선,인천공항1터미널,2973,3175,6148
20210415,공항철도 1호선,공항화물청사,2382,2530,4912
20210415,공항철도 1호선,운서,6074,6124,12198
20210415,공항철도 1호선,검암,7117,6911,14028
20210415,공항철도 1호선,공덕,2162,2810,4972
20210415,공항철도 1호선,김포공항,11080,6935,18015
20210415,공항철도 1호선,마곡나루,8504,8251,16755
20210415,공항철도 1호선,디지털미디어시티,14299,12871,27170
20210415,공항철도 1호선,홍대입구,8234,8220,16454
20210415,공항철도 1호선,서울역,6653,6152,12805
20210415,공항철도 1호선,계양,9415,8514,17929
20210416,공항철도 1호선,영종,2852,2975,5827
20210416,공항철도 1호선,인천공항2터미널,1781,1744,3525
20210416,공항철도 1호선,인천공항1터미널,3017,3184,6201
20210416,공항철도 1호선,공항화물청사,2262,2484,4746
20210416,공항철도 1호선,운서,5989,5910,11899
20210416,공항철도 1호선,검암,6936,6772,13708
20210416,공항철도 1호선,청라국제도시,6548,6157,12705
20210416,공항철도 1호선,김포공항,13075,7306,20381
20210416,공항철도 1호선,서울역,7773,7623,15396
20210416,공항철도 1호선,공덕,2192,2907,5099
20210416,공항철도 1호선,계양,8970,8304,17274
20210416,공항철도 1호선,디지털미디어시티,14077,12310,26387
20210416,공항철도 1호선,마곡나루,7879,7686,15565
20210416,공항철도 1호선,홍대입구,8892,9118,18010
20210417,공항철도 1호선,인천공항2터미널,1475,1439,2914
20210417,공항철도 1호선,인천공항1터미널,2749,2768,5517
20210417,공항철도 1호선,공항화물청사,1267,1326,2593
20210417,공항철도 1호선,운서,5345,5290,10635
20210417,공항철도 1호선,청라국제도시,3551,3472,7023
20210417,공항철도 1호선,검암,4179,4321,8500
20210417,공항철도 1호선,영종,2578,2755,5333
20210417,공항철도 1호선,김포공항,10432,5833,16265
20210417,공항철도 1호선,마곡나루,2755,3109,5864
20210417,공항철도 1호선,디지털미디어시티,4883,4657,9540
20210417,공항철도 1호선,홍대입구,9493,9242,18735
20210417,공항철도 1호선,공덕,1295,1870,3165
20210417,공항철도 1호선,서울역,5839,6265,12104
20210417,공항철도 1호선,계양,5818,5366,11184
20210418,공항철도 1호선,서울역,6236,5339,11575
20210418,공항철도 1호선,공덕,1025,1295,2320
20210418,공항철도 1호선,홍대입구,8032,7007,15039
20210418,공항철도 1호선,디지털미디어시티,3235,3280,6515
20210418,공항철도 1호선,마곡나루,2378,2553,4931
20210418,공항철도 1호선,김포공항,10901,5555,16456
20210418,공항철도 1호선,계양,4361,4210,8571
20210418,공항철도 1호선,검암,3378,3644,7022
20210418,공항철도 1호선,운서,4453,4793,9246
20210418,공항철도 1호선,공항화물청사,968,1057,2025
20210418,공항철도 1호선,인천공항1터미널,2767,2786,5553
20210418,공항철도 1호선,영종,2186,2145,4331
20210418,공항철도 1호선,청라국제도시,2663,2601,5264
20210418,공항철도 1호선,인천공항2터미널,1439,1433,2872
20210419,공항철도 1호선,서울역,6428,5885,12313
20210419,공항철도 1호선,계양,9062,8380,17442
20210419,공항철도 1호선,공덕,2118,2664,4782
20210419,공항철도 1호선,홍대입구,7557,7566,15123
20210419,공항철도 1호선,디지털미디어시티,14064,12586,26650
20210419,공항철도 1호선,마곡나루,8145,8047,16192
20210419,공항철도 1호선,김포공항,12019,6740,18759
20210419,공항철도 1호선,검암,6792,6611,13403
20210419,공항철도 1호선,운서,5925,5929,11854
20210419,공항철도 1호선,영종,2931,2897,5828
20210419,공항철도 1호선,인천공항2터미널,1741,1629,3370
20210419,공항철도 1호선,청라국제도시,6322,5872,12194
20210419,공항철도 1호선,공항화물청사,2222,2443,4665
20210419,공항철도 1호선,인천공항1터미널,2775,2879,5654
20210420,공항철도 1호선,서울역,6289,5656,11945
20210420,공항철도 1호선,공덕,2174,2827,5001
20210420,공항철도 1호선,홍대입구,7630,7840,15470
20210420,공항철도 1호선,디지털미디어시티,14658,13049,27707
20210420,공항철도 1호선,김포공항,10826,6259,17085
20210420,공항철도 1호선,계양,9387,8718,18105
20210420,공항철도 1호선,마곡나루,8502,8340,16842
20210420,공항철도 1호선,청라국제도시,6576,6127,12703
20210420,공항철도 1호선,운서,6025,6073,12098
20210420,공항철도 1호선,공항화물청사,2377,2543,4920
20210420,공항철도 1호선,인천공항1터미널,2958,3059,6017
20210420,공항철도 1호선,인천공항2터미널,1801,1732,3533
20210420,공항철도 1호선,영종,2868,2908,5776
20210420,공항철도 1호선,검암,7009,6833,13842
20210421,공항철도 1호선,김포공항,10530,6446,16976
20210421,공항철도 1호선,공덕,2098,2719,4817
20210421,공항철도 1호선,홍대입구,7977,8150,16127
20210421,공항철도 1호선,서울역,6375,5878,12253
20210421,공항철도 1호선,디지털미디어시티,14048,12715,26763
20210421,공항철도 1호선,마곡나루,8575,8185,16760
20210421,공항철도 1호선,계양,9247,8532,17779
20210421,공항철도 1호선,인천공항1터미널,2957,3124,6081
20210421,공항철도 1호선,청라국제도시,6458,6156,12614
20210421,공항철도 1호선,운서,6008,6038,12046
20210421,공항철도 1호선,공항화물청사,2332,2548,4880
20210421,공항철도 1호선,인천공항2터미널,1753,1771,3524
20210421,공항철도 1호선,검암,6966,6880,13846
20210421,공항철도 1호선,영종,2870,2905,5775
20210422,공항철도 1호선,계양,9531,8616,18147
20210422,공항철도 1호선,서울역,6701,6095,12796
20210422,공항철도 1호선,공덕,2201,2798,4999
20210422,공항철도 1호선,홍대입구,8314,8385,16699
20210422,공항철도 1호선,디지털미디어시티,14012,12725,26737
20210422,공항철도 1호선,마곡나루,8601,8292,16893
20210422,공항철도 1호선,김포공항,10987,6788,17775
20210422,공항철도 1호선,검암,7110,6893,14003
20210422,공항철도 1호선,운서,6123,6176,12299
20210422,공항철도 1호선,공항화물청사,2457,2608,5065
20210422,공항철도 1호선,인천공항1터미널,2993,3009,6002
20210422,공항철도 1호선,인천공항2터미널,1760,1625,3385
20210422,공항철도 1호선,영종,2906,2891,5797
20210422,공항철도 1호선,청라국제도시,6548,6296,12844
20210423,공항철도 1호선,인천공항2터미널,1785,1787,3572
20210423,공항철도 1호선,인천공항1터미널,2957,3220,6177
20210423,공항철도 1호선,공항화물청사,2292,2424,4716
20210423,공항철도 1호선,운서,6292,6127,12419
20210423,공항철도 1호선,청라국제도시,6672,6316,12988
20210423,공항철도 1호선,검암,7177,7063,14240
20210423,공항철도 1호선,영종,2915,3112,6027
20210423,공항철도 1호선,김포공항,13038,7322,20360
20210423,공항철도 1호선,마곡나루,8267,7976,16243
20210423,공항철도 1호선,디지털미디어시티,14153,12587,26740
20210423,공항철도 1호선,홍대입구,9550,9672,19222
20210423,공항철도 1호선,공덕,2218,2933,5151
20210423,공항철도 1호선,서울역,8058,7806,15864
20210423,공항철도 1호선,계양,9411,8593,18004
20210424,공항철도 1호선,서울역,6552,6530,13082
20210424,공항철도 1호선,공덕,1296,1939,3235
20210424,공항철도 1호선,홍대입구,10380,9991,20371
20210424,공항철도 1호선,디지털미디어시티,4918,4712,9630
20210424,공항철도 1호선,마곡나루,3263,3480,6743
20210424,공항철도 1호선,김포공항,10402,5751,16153
20210424,공항철도 1호선,계양,6271,5638,11909
20210424,공항철도 1호선,검암,4576,4640,9216
20210424,공항철도 1호선,운서,5509,5633,11142
20210424,공항철도 1호선,공항화물청사,1342,1367,2709
20210424,공항철도 1호선,인천공항1터미널,2675,3005,5680
20210424,공항철도 1호선,인천공항2터미널,1521,1352,2873
20210424,공항철도 1호선,영종,2604,2678,5282
20210424,공항철도 1호선,청라국제도시,3761,3654,7415
20210425,공항철도 1호선,마곡나루,2377,2657,5034
20210425,공항철도 1호선,서울역,6273,5497,11770
20210425,공항철도 1호선,공덕,1016,1311,2327
20210425,공항철도 1호선,홍대입구,8386,7602,15988
20210425,공항철도 1호선,디지털미디어시티,3127,3203,6330
20210425,공항철도 1호선,김포공항,10844,5500,16344
20210425,공항철도 1호선,계양,4549,4364,8913
20210425,공항철도 1호선,검암,3536,3675,7211
20210425,공항철도 1호선,청라국제도시,2890,2805,5695
20210425,공항철도 1호선,운서,4764,4957,9721
20210425,공항철도 1호선,공항화물청사,1031,1095,2126
20210425,공항철도 1호선,인천공항1터미널,2984,2921,5905
20210425,공항철도 1호선,인천공항2터미널,1451,1411,2862
20210425,공항철도 1호선,영종,2174,2088,4262
20210426,공항철도 1호선,서울역,6590,6252,12842
20210426,공항철도 1호선,공덕,2090,2710,4800
20210426,공항철도 1호선,홍대입구,7645,7706,15351
20210426,공항철도 1호선,디지털미디어시티,13913,12614,26527
20210426,공항철도 1호선,마곡나루,8309,8155,16464
20210426,공항철도 1호선,김포공항,11614,6638,18252
20210426,공항철도 1호선,계양,9243,8514,17757
20210426,공항철도 1호선,검암,6974,6784,13758
20210426,공항철도 1호선,청라국제도시,6503,6087,12590
20210426,공항철도 1호선,운서,5937,6082,12019
20210426,공항철도 1호선,공항화물청사,2247,2452,4699
20210426,공항철도 1호선,인천공항1터미널,2871,2919,5790
20210426,공항철도 1호선,인천공항2터미널,1753,1609,3362
20210426,공항철도 1호선,영종,2970,2906,5876
20210427,공항철도 1호선,공덕,2173,2729,4902
20210427,공항철도 1호선,디지털미디어시티,14150,12737,26887
20210427,공항철도 1호선,마곡나루,8600,8295,16895
20210427,공항철도 1호선,김포공항,10812,6267,17079
20210427,공항철도 1호선,계양,9173,8656,17829
20210427,공항철도 1호선,검암,6910,6735,13645
20210427,공항철도 1호선,서울역,6243,5744,11987
20210427,공항철도 1호선,운서,5839,5838,11677
20210427,공항철도 1호선,청라국제도시,6614,6240,12854
20210427,공항철도 1호선,영종,2879,2938,5817
20210427,공항철도 1호선,홍대입구,8027,8189,16216
20210427,공항철도 1호선,인천공항1터미널,2988,3076,6064
20210427,공항철도 1호선,인천공항2터미널,1693,1669,3362
20210427,공항철도 1호선,공항화물청사,2304,2539,4843
20210428,공항철도 1호선,서울역,6350,5811,12161
20210428,공항철도 1호선,공덕,2183,2806,4989
20210428,공항철도 1호선,디지털미디어시티,14031,12822,26853
20210428,공항철도 1호선,마곡나루,8454,8272,16726
20210428,공항철도 1호선,김포공항,10729,6379,17108
20210428,공항철도 1호선,계양,9348,8519,17867
20210428,공항철도 1호선,홍대입구,8474,8454,16928
20210428,공항철도 1호선,청라국제도시,6576,6198,12774
20210428,공항철도 1호선,운서,5996,6075,12071
20210428,공항철도 1호선,공항화물청사,2302,2513,4815
20210428,공항철도 1호선,인천공항1터미널,2985,3190,6175
20210428,공항철도 1호선,인천공항2터미널,1838,1811,3649
20210428,공항철도 1호선,영종,2795,2852,5647
20210428,공항철도 1호선,검암,6861,6780,13641
20210429,공항철도 1호선,영종,2866,2908,5774
20210429,공항철도 1호선,인천공항2터미널,1885,1823,3708
20210429,공항철도 1호선,인천공항1터미널,3202,3391,6593
20210429,공항철도 1호선,공항화물청사,2335,2500,4835
20210429,공항철도 1호선,운서,5948,5971,11919
20210429,공항철도 1호선,청라국제도시,6627,6288,12915
20210429,공항철도 1호선,검암,6930,6834,13764
20210429,공항철도 1호선,마곡나루,8374,8059,16433
20210429,공항철도 1호선,김포공항,11374,6638,18012
20210429,공항철도 1호선,디지털미디어시티,13993,12663,26656
20210429,공항철도 1호선,홍대입구,8783,8679,17462
20210429,공항철도 1호선,공덕,2145,2742,4887
20210429,공항철도 1호선,서울역,6909,6290,13199
20210429,공항철도 1호선,계양,9399,8587,17986
20210430,공항철도 1호선,운서,6485,6290,12775
20210430,공항철도 1호선,공항화물청사,2235,2422,4657
20210430,공항철도 1호선,영종,3084,3144,6228
20210430,공항철도 1호선,청라국제도시,6881,6534,13415
20210430,공항철도 1호선,인천공항2터미널,1926,1831,3757
20210430,공항철도 1호선,검암,7035,7012,14047
20210430,공항철도 1호선,인천공항1터미널,3058,3341,6399
20210430,공항철도 1호선,김포공항,13825,7377,21202
20210430,공항철도 1호선,마곡나루,7965,7766,15731
20210430,공항철도 1호선,디지털미디어시티,14033,12477,26510
20210430,공항철도 1호선,홍대입구,9858,10084,19942
20210430,공항철도 1호선,공덕,2318,3104,5422
20210430,공항철도 1호선,서울역,8387,8350,16737
20210430,공항철도 1호선,계양,9676,8713,18389
20210501,공항철도 1호선,인천공항2터미널,1492,1399,2891
20210501,공항철도 1호선,인천공항1터미널,2625,2895,5520
20210501,공항철도 1호선,공항화물청사,1188,1236,2424
20210501,공항철도 1호선,운서,4945,5180,10125
20210501,공항철도 1호선,청라국제도시,3583,3444,7027
20210501,공항철도 1호선,검암,4122,4184,8306
20210501,공항철도 1호선,영종,2439,2580,5019
20210501,공항철도 1호선,김포공항,10076,5468,15544
20210501,공항철도 1호선,마곡나루,2534,2763,5297
20210501,공항철도 1호선,디지털미디어시티,4503,4312,8815
20210501,공항철도 1호선,홍대입구,11150,11187,22337
20210501,공항철도 1호선,공덕,1348,2099,3447
20210501,공항철도 1호선,서울역,6245,6707,12952
20210501,공항철도 1호선,계양,5719,5308,11027
20210502,공항철도 1호선,영종,2299,2202,4501
20210502,공항철도 1호선,인천공항2터미널,1463,1452,2915
20210502,공항철도 1호선,인천공항1터미널,2796,2861,5657
20210502,공항철도 1호선,공항화물청사,1010,1073,2083
20210502,공항철도 1호선,운서,4669,5079,9748
20210502,공항철도 1호선,청라국제도시,3069,2940,6009
20210502,공항철도 1호선,검암,3474,3665,7139
20210502,공항철도 1호선,계양,4704,4467,9171
20210502,공항철도 1호선,마곡나루,2391,2551,4942
20210502,공항철도 1호선,디지털미디어시티,3293,3295,6588
20210502,공항철도 1호선,홍대입구,9543,8682,18225
20210502,공항철도 1호선,공덕,1072,1412,2484
20210502,공항철도 1호선,서울역,6575,5974,12549
20210502,공항철도 1호선,김포공항,10870,5329,16199
20210503,공항철도 1호선,김포공항,11026,6425,17451
20210503,공항철도 1호선,공덕,2180,2790,4970
20210503,공항철도 1호선,홍대입구,8660,8785,17445
20210503,공항철도 1호선,디지털미디어시티,14153,12820,26973
20210503,공항철도 1호선,마곡나루,8236,8214,16450
20210503,공항철도 1호선,서울역,6624,6308,12932
20210503,공항철도 1호선,계양,9404,8585,17989
20210503,공항철도 1호선,운서,6040,6054,12094
20210503,공항철도 1호선,청라국제도시,6730,6168,12898
20210503,공항철도 1호선,공항화물청사,2299,2478,4777
20210503,공항철도 1호선,인천공항1터미널,3015,2990,6005
20210503,공항철도 1호선,인천공항2터미널,1737,1593,3330
20210503,공항철도 1호선,영종,3094,3034,6128
20210503,공항철도 1호선,검암,6947,6833,13780
20210504,공항철도 1호선,마곡나루,7965,7526,15491
20210504,공항철도 1호선,김포공항,9635,5696,15331
20210504,공항철도 1호선,검암,6552,6305,12857
20210504,공항철도 1호선,청라국제도시,6242,5984,12226
20210504,공항철도 1호선,운서,5449,5690,11139
20210504,공항철도 1호선,공항화물청사,2216,2350,4566
20210504,공항철도 1호선,계양,8971,8244,17215
20210504,공항철도 1호선,인천공항2터미널,1625,1657,3282
20210504,공항철도 1호선,영종,2618,2765,5383
20210504,공항철도 1호선,디지털미디어시티,14338,12760,27098
20210504,공항철도 1호선,홍대입구,8284,8673,16957
20210504,공항철도 1호선,공덕,2131,2836,4967
20210504,공항철도 1호선,서울역,7102,6954,14056
20210504,공항철도 1호선,인천공항1터미널,2693,2849,5542
20210505,공항철도 1호선,영종,2433,2501,4934
20210505,공항철도 1호선,인천공항2터미널,1563,1519,3082
20210505,공항철도 1호선,인천공항1터미널,3085,3192,6277
20210505,공항철도 1호선,공항화물청사,1229,1209,2438
20210505,공항철도 1호선,운서,4938,5005,9943
20210505,공항철도 1호선,청라국제도시,3484,3391,6875
20210505,공항철도 1호선,검암,3813,4057,7870
20210505,공항철도 1호선,마곡나루,3106,3278,6384
20210505,공항철도 1호선,김포공항,9565,5155,14720
20210505,공항철도 1호선,디지털미디어시티,4048,3897,7945
20210505,공항철도 1호선,홍대입구,11045,10546,21591
20210505,공항철도 1호선,공덕,1176,1589,2765
20210505,공항철도 1호선,서울역,5349,5028,10377
20210505,공항철도 1호선,계양,5454,5098,10552
20210506,공항철도 1호선,운서,6080,6106,12186
20210506,공항철도 1호선,공항화물청사,2283,2468,4751
20210506,공항철도 1호선,인천공항1터미널,2979,3143,6122
20210506,공항철도 1호선,청라국제도시,6753,6295,13048
20210506,공항철도 1호선,영종,3062,3037,6099
20210506,공항철도 1호선,검암,6963,6866,13829
20210506,공항철도 1호선,인천공항2터미널,1756,1630,3386
20210506,공항철도 1호선,김포공항,11398,6669,18067
20210506,공항철도 1호선,마곡나루,8085,7926,16011
20210506,공항철도 1호선,디지털미디어시티,13966,12517,26483
20210506,공항철도 1호선,홍대입구,9528,9598,19126
20210506,공항철도 1호선,계양,9382,8559,17941
20210506,공항철도 1호선,공덕,2135,2770,4905
20210506,공항철도 1호선,서울역,6962,6739,13701
20210507,공항철도 1호선,공덕,2164,2893,5057
20210507,공항철도 1호선,홍대입구,10147,10093,20240
20210507,공항철도 1호선,디지털미디어시티,14272,12331,26603
20210507,공항철도 1호선,마곡나루,7737,7314,15051
20210507,공항철도 1호선,김포공항,12972,7380,20352
20210507,공항철도 1호선,계양,9162,8652,17814
20210507,공항철도 1호선,서울역,8329,8536,16865
20210507,공항철도 1호선,청라국제도시,6567,6344,12911
20210507,공항철도 1호선,운서,6060,5858,11918
20210507,공항철도 1호선,공항화물청사,2301,2441,4742
20210507,공항철도 1호선,인천공항1터미널,2978,3237,6215
20210507,공항철도 1호선,인천공항2터미널,1730,1727,3457
20210507,공항철도 1호선,영종,2919,3037,5956
20210507,공항철도 1호선,검암,6762,6748,13510
20210508,공항철도 1호선,영종,2415,2527,4942
20210508,공항철도 1호선,인천공항2터미널,1449,1410,2859
20210508,공항철도 1호선,인천공항1터미널,2423,2627,5050
20210508,공항철도 1호선,공항화물청사,1249,1272,2521
20210508,공항철도 1호선,운서,4908,4771,9679
20210508,공항철도 1호선,청라국제도시,3251,3282,6533
20210508,공항철도 1호선,검암,4065,4109,8174
20210508,공항철도 1호선,계양,5554,5271,10825
20210508,공항철도 1호선,마곡나루,2649,2785,5434
20210508,공항철도 1호선,디지털미디어시티,4468,4103,8571
20210508,공항철도 1호선,홍대입구,9165,8679,17844
20210508,공항철도 1호선,공덕,1211,1594,2805
20210508,공항철도 1호선,서울역,5969,6415,12384
20210508,공항철도 1호선,김포공항,10056,5768,15824
20210509,공항철도 1호선,김포공항,11828,5531,17359
20210509,공항철도 1호선,서울역,7295,5679,12974
20210509,공항철도 1호선,공덕,1008,1421,2429
20210509,공항철도 1호선,홍대입구,9324,8928,18252
20210509,공항철도 1호선,디지털미디어시티,3209,3268,6477
20210509,공항철도 1호선,마곡나루,2376,2711,5087
20210509,공항철도 1호선,계양,4842,4469,9311
20210509,공항철도 1호선,검암,3498,3749,7247
20210509,공항철도 1호선,청라국제도시,3225,3037,6262
20210509,공항철도 1호선,운서,4249,4900,9149
20210509,공항철도 1호선,공항화물청사,914,1058,1972
20210509,공항철도 1호선,인천공항1터미널,2845,2770,5615
20210509,공항철도 1호선,인천공항2터미널,1523,1434,2957
20210509,공항철도 1호선,영종,2292,2154,4446
20210510,공항철도 1호선,영종,2749,2698,5447
20210510,공항철도 1호선,인천공항2터미널,1687,1640,3327
20210510,공항철도 1호선,인천공항1터미널,2615,2723,5338
20210510,공항철도 1호선,공항화물청사,2158,2365,4523
20210510,공항철도 1호선,운서,5527,5616,11143
20210510,공항철도 1호선,청라국제도시,6395,5973,12368
20210510,공항철도 1호선,검암,6762,6525,13287
20210510,공항철도 1호선,김포공항,12551,6783,19334
20210510,공항철도 1호선,마곡나루,8154,7859,16013
20210510,공항철도 1호선,디지털미디어시티,14045,12680,26725
20210510,공항철도 1호선,홍대입구,7673,8089,15762
20210510,공항철도 1호선,공덕,2179,2606,4785
20210510,공항철도 1호선,서울역,6955,6324,13279
20210510,공항철도 1호선,계양,9157,8386,17543
20210511,공항철도 1호선,청라국제도시,6765,6370,13135
20210511,공항철도 1호선,영종,2973,2915,5888
20210511,공항철도 1호선,인천공항2터미널,1756,1725,3481
20210511,공항철도 1호선,인천공항1터미널,3025,3108,6133
20210511,공항철도 1호선,공항화물청사,2292,2525,4817
20210511,공항철도 1호선,운서,6097,6203,12300
20210511,공항철도 1호선,검암,7125,6896,14021
20210511,공항철도 1호선,서울역,6622,6046,12668
20210511,공항철도 1호선,김포공항,11076,6204,17280
20210511,공항철도 1호선,마곡나루,8780,8385,17165
20210511,공항철도 1호선,디지털미디어시티,14490,13108,27598
20210511,공항철도 1호선,홍대입구,8652,8780,17432
20210511,공항철도 1호선,공덕,2291,2852,5143
20210511,공항철도 1호선,계양,9662,8889,18551
20210512,공항철도 1호선,김포공항,10764,6340,17104
20210512,공항철도 1호선,공덕,2241,2908,5149
20210512,공항철도 1호선,홍대입구,8997,8908,17905
20210512,공항철도 1호선,디지털미디어시티,14402,13111,27513
20210512,공항철도 1호선,마곡나루,8730,8323,17053
20210512,공항철도 1호선,서울역,6659,6059,12718
20210512,공항철도 1호선,계양,9470,8791,18261
20210512,공항철도 1호선,운서,6110,6113,12223
20210512,공항철도 1호선,청라국제도시,6742,6339,13081
20210512,공항철도 1호선,공항화물청사,2307,2514,4821
20210512,공항철도 1호선,인천공항1터미널,2963,3200,6163
20210512,공항철도 1호선,인천공항2터미널,1788,1686,3474
20210512,공항철도 1호선,영종,2916,2977,5893
20210512,공항철도 1호선,검암,7019,7004,14023
20210513,공항철도 1호선,영종,2908,3084,5992
20210513,공항철도 1호선,인천공항2터미널,1828,1852,3680
20210513,공항철도 1호선,인천공항1터미널,3113,3318,6431
20210513,공항철도 1호선,공항화물청사,2313,2557,4870
20210513,공항철도 1호선,운서,6217,6160,12377
20210513,공항철도 1호선,청라국제도시,6764,6365,13129
20210513,공항철도 1호선,검암,7135,7111,14246
20210513,공항철도 1호선,김포공항,11775,6778,18553
20210513,공항철도 1호선,마곡나루,8791,8396,17187
20210513,공항철도 1호선,디지털미디어시티,14240,12879,27119
20210513,공항철도 1호선,홍대입구,9069,8971,18040
20210513,공항철도 1호선,공덕,2204,2870,5074
20210513,공항철도 1호선,서울역,7220,6545,13765
20210513,공항철도 1호선,계양,9504,8716,18220
20210514,공항철도 1호선,청라국제도시,6958,6607,13565
20210514,공항철도 1호선,영종,3079,3196,6275
20210514,공항철도 1호선,인천공항2터미널,1852,1775,3627
20210514,공항철도 1호선,인천공항1터미널,3211,3502,6713
20210514,공항철도 1호선,공항화물청사,2304,2429,4733
20210514,공항철도 1호선,운서,6405,6478,12883
20210514,공항철도 1호선,검암,7240,7231,14471
20210514,공항철도 1호선,서울역,8587,8193,16780
20210514,공항철도 1호선,김포공항,13775,7391,21166
20210514,공항철도 1호선,마곡나루,8160,7805,15965
20210514,공항철도 1호선,디지털미디어시티,14447,12961,27408
20210514,공항철도 1호선,홍대입구,10557,10848,21405
20210514,공항철도 1호선,공덕,2279,3043,5322
20210514,공항철도 1호선,계양,9810,8886,18696
20210515,공항철도 1호선,청라국제도시,3639,3617,7256
20210515,공항철도 1호선,인천공항2터미널,1444,1403,2847
20210515,공항철도 1호선,인천공항1터미널,2728,2812,5540
20210515,공항철도 1호선,공항화물청사,1233,1288,2521
20210515,공항철도 1호선,운서,5163,5301,10464
20210515,공항철도 1호선,영종,2562,2597,5159
20210515,공항철도 1호선,검암,4274,4312,8586
20210515,공항철도 1호선,마곡나루,2648,2835,5483
20210515,공항철도 1호선,김포공항,10333,5613,15946
20210515,공항철도 1호선,디지털미디어시티,4854,4562,9416
20210515,공항철도 1호선,홍대입구,10993,11007,22000
20210515,공항철도 1호선,공덕,1397,2084,3481
20210515,공항철도 1호선,서울역,6247,6587,12834
20210515,공항철도 1호선,계양,6096,5548,11644
20210516,공항철도 1호선,영종,1777,1683,3460
20210516,공항철도 1호선,인천공항2터미널,1395,1367,2762
20210516,공항철도 1호선,공항화물청사,850,945,1795
20210516,공항철도 1호선,운서,3847,4075,7922
20210516,공항철도 1호선,청라국제도시,2453,2328,4781
20210516,공항철도 1호선,검암,2649,2697,5346
20210516,공항철도 1호선,인천공항1터미널,2501,2469,4970
20210516,공항철도 1호선,김포공항,10173,5269,15442
20210516,공항철도 1호선,마곡나루,1431,1624,3055
20210516,공항철도 1호선,디지털미디어시티,2741,2862,5603
20210516,공항철도 1호선,홍대입구,7225,6754,13979
20210516,공항철도 1호선,공덕,1006,1317,2323
20210516,공항철도 1호선,서울역,6406,5566,11972
20210516,공항철도 1호선,계양,3571,3695,7266
20210517,공항철도 1호선,서울역,6745,6510,13255
20210517,공항철도 1호선,공덕,2154,2700,4854
20210517,공항철도 1호선,홍대입구,7719,7886,15605
20210517,공항철도 1호선,디지털미디어시티,14001,12618,26619
20210517,공항철도 1호선,마곡나루,8125,7984,16109
20210517,공항철도 1호선,김포공항,11015,6522,17537
20210517,공항철도 1호선,계양,9346,8440,17786
20210517,공항철도 1호선,운서,5706,5577,11283
20210517,공항철도 1호선,청라국제도시,6480,6067,12547
20210517,공항철도 1호선,공항화물청사,2202,2356,4558
20210517,공항철도 1호선,인천공항1터미널,2716,2783,5499
20210517,공항철도 1호선,인천공항2터미널,1748,1634,3382
20210517,공항철도 1호선,영종,2759,2816,5575
20210517,공항철도 1호선,검암,6824,6542,13366
20210518,공항철도 1호선,청라국제도시,6896,6478,13374
20210518,공항철도 1호선,검암,7370,7189,14559
20210518,공항철도 1호선,운서,6274,6376,12650
20210518,공항철도 1호선,김포공항,10808,6912,17720
20210518,공항철도 1호선,마곡나루,9100,8612,17712
20210518,공항철도 1호선,계양,9730,8830,18560
20210518,공항철도 1호선,공항화물청사,2245,2456,4701
20210518,공항철도 1호선,서울역,7525,7215,14740
20210518,공항철도 1호선,인천공항2터미널,1783,1730,3513
20210518,공항철도 1호선,영종,3058,3221,6279
20210518,공항철도 1호선,디지털미디어시티,14766,13390,28156
20210518,공항철도 1호선,홍대입구,9631,9887,19518
20210518,공항철도 1호선,공덕,2334,3081,5415
20210518,공항철도 1호선,인천공항1터미널,3056,3233,6289
20210519,공항철도 1호선,서울역,5714,5249,10963
20210519,공항철도 1호선,공덕,1205,1648,2853
20210519,공항철도 1호선,홍대입구,10860,10368,21228
20210519,공항철도 1호선,디지털미디어시티,4353,4186,8539
20210519,공항철도 1호선,마곡나루,3343,3636,6979
20210519,공항철도 1호선,김포공항,9521,5171,14692
20210519,공항철도 1호선,계양,5819,5412,11231
20210519,공항철도 1호선,청라국제도시,3700,3592,7292
20210519,공항철도 1호선,운서,5229,5337,10566
20210519,공항철도 1호선,공항화물청사,1239,1323,2562
20210519,공항철도 1호선,인천공항1터미널,3329,3468,6797
20210519,공항철도 1호선,인천공항2터미널,1560,1519,3079
20210519,공항철도 1호선,영종,2650,2586,5236
20210519,공항철도 1호선,검암,4133,4229,8362
20210520,공항철도 1호선,김포공항,11255,6424,17679
20210520,공항철도 1호선,서울역,6785,6227,13012
20210520,공항철도 1호선,공덕,2156,2771,4927
20210520,공항철도 1호선,홍대입구,8449,8496,16945
20210520,공항철도 1호선,디지털미디어시티,14230,12684,26914
20210520,공항철도 1호선,마곡나루,8014,7702,15716
20210520,공항철도 1호선,계양,9147,8420,17567
20210520,공항철도 1호선,영종,2750,2763,5513
20210520,공항철도 1호선,청라국제도시,6494,6246,12740
20210520,공항철도 1호선,운서,5822,5822,11644
20210520,공항철도 1호선,공항화물청사,2146,2438,4584
20210520,공항철도 1호선,인천공항1터미널,2826,2929,5755
20210520,공항철도 1호선,인천공항2터미널,1820,1760,3580
20210520,공항철도 1호선,검암,6819,6548,13367
20210521,공항철도 1호선,김포공항,13245,6936,20181
20210521,공항철도 1호선,서울역,8073,7850,15923
20210521,공항철도 1호선,공덕,2323,2972,5295
20210521,공항철도 1호선,홍대입구,9794,9858,19652
20210521,공항철도 1호선,디지털미디어시티,13959,12609,26568
20210521,공항철도 1호선,마곡나루,7999,7466,15465
20210521,공항철도 1호선,계양,9404,8554,17958
20210521,공항철도 1호선,검암,7005,6990,13995
20210521,공항철도 1호선,청라국제도시,6778,6358,13136
20210521,공항철도 1호선,운서,6055,5988,12043
20210521,공항철도 1호선,공항화물청사,2231,2380,4611
20210521,공항철도 1호선,인천공항1터미널,2964,3216,6180
20210521,공항철도 1호선,인천공항2터미널,1770,1701,3471
20210521,공항철도 1호선,영종,2873,2991,5864
20210522,공항철도 1호선,공덕,1496,2210,3706
20210522,공항철도 1호선,홍대입구,12003,11680,23683
20210522,공항철도 1호선,디지털미디어시티,5373,4942,10315
20210522,공항철도 1호선,마곡나루,3447,3833,7280
20210522,공항철도 1호선,김포공항,11009,5766,16775
20210522,공항철도 1호선,계양,6718,6081,12799
20210522,공항철도 1호선,서울역,6680,6884,13564
20210522,공항철도 1호선,청라국제도시,4099,4045,8144
20210522,공항철도 1호선,운서,5533,5773,11306
20210522,공항철도 1호선,공항화물청사,1345,1403,2748
20210522,공항철도 1호선,인천공항1터미널,2961,3196,6157
20210522,공항철도 1호선,인천공항2터미널,1553,1458,3011
20210522,공항철도 1호선,영종,2884,2930,5814
20210522,공항철도 1호선,검암,4669,4820,9489
20210523,공항철도 1호선,영종,2290,2193,4483
20210523,공항철도 1호선,인천공항2터미널,1424,1356,2780
20210523,공항철도 1호선,인천공항1터미널,2896,2796,5692
20210523,공항철도 1호선,공항화물청사,1054,1097,2151
20210523,공항철도 1호선,운서,4682,4895,9577
20210523,공항철도 1호선,청라국제도시,3057,2957,6014
20210523,공항철도 1호선,검암,3319,3597,6916
20210523,공항철도 1호선,계양,4638,4467,9105
20210523,공항철도 1호선,마곡나루,2354,2637,4991
20210523,공항철도 1호선,디지털미디어시티,3358,3373,6731
20210523,공항철도 1호선,홍대입구,9373,8523,17896
20210523,공항철도 1호선,공덕,1068,1454,2522
20210523,공항철도 1호선,서울역,6921,5684,12605
20210523,공항철도 1호선,김포공항,11413,5790,17203
20210524,공항철도 1호선,마곡나루,8411,8231,16642
20210524,공항철도 1호선,서울역,6755,6487,13242
20210524,공항철도 1호선,공덕,2249,2773,5022
20210524,공항철도 1호선,홍대입구,8220,8239,16459
20210524,공항철도 1호선,디지털미디어시티,14361,13005,27366
20210524,공항철도 1호선,김포공항,12122,6804,18926
20210524,공항철도 1호선,계양,9244,8635,17879
20210524,공항철도 1호선,검암,6870,6656,13526
20210524,공항철도 1호선,청라국제도시,6543,6045,12588
20210524,공항철도 1호선,운서,5942,5969,11911
20210524,공항철도 1호선,공항화물청사,2206,2473,4679
20210524,공항철도 1호선,인천공항1터미널,2775,2852,5627
20210524,공항철도 1호선,인천공항2터미널,1774,1649,3423
20210524,공항철도 1호선,영종,3009,2928,5937
20210525,공항철도 1호선,인천공항2터미널,1768,1713,3481
20210525,공항철도 1호선,인천공항1터미널,2802,2953,5755
20210525,공항철도 1호선,공항화물청사,2380,2488,4868
20210525,공항철도 1호선,운서,5820,5856,11676
20210525,공항철도 1호선,청라국제도시,6537,6108,12645
20210525,공항철도 1호선,검암,6692,6639,13331
20210525,공항철도 1호선,영종,2893,2897,5790
20210525,공항철도 1호선,김포공항,10964,6361,17325
20210525,공항철도 1호선,마곡나루,8537,8333,16870
20210525,공항철도 1호선,디지털미디어시티,14475,13116,27591
20210525,공항철도 1호선,홍대입구,8304,8317,16621
20210525,공항철도 1호선,공덕,2219,2769,4988
20210525,공항철도 1호선,서울역,6414,5858,12272
20210525,공항철도 1호선,계양,9309,8598,17907
20210526,공항철도 1호선,영종,2951,3004,5955
20210526,공항철도 1호선,인천공항2터미널,1810,1700,3510
20210526,공항철도 1호선,인천공항1터미널,2980,3193,6173
20210526,공항철도 1호선,공항화물청사,2297,2485,4782
20210526,공항철도 1호선,운서,6018,6127,12145
20210526,공항철도 1호선,청라국제도시,6755,6317,13072
20210526,공항철도 1호선,검암,6841,6730,13571
20210526,공항철도 1호선,계양,9603,8824,18427
20210526,공항철도 1호선,마곡나루,8711,8575,17286
20210526,공항철도 1호선,디지털미디어시티,14488,13125,27613
20210526,공항철도 1호선,홍대입구,8907,8995,17902
20210526,공항철도 1호선,공덕,2325,2892,5217
20210526,공항철도 1호선,서울역,6686,6044,12730
20210526,공항철도 1호선,김포공항,10586,6389,16975
20210527,공항철도 1호선,청라국제도시,6466,6032,12498
20210527,공항철도 1호선,영종,2704,2736,5440
20210527,공항철도 1호선,인천공항2터미널,1724,1787,3511
20210527,공항철도 1호선,인천공항1터미널,2793,2994,5787
20210527,공항철도 1호선,공항화물청사,2295,2497,4792
20210527,공항철도 1호선,운서,5770,5701,11471
20210527,공항철도 1호선,계양,9344,8481,17825
20210527,공항철도 1호선,마곡나루,8236,8111,16347
20210527,공항철도 1호선,김포공항,10846,6604,17450
20210527,공항철도 1호선,디지털미디어시티,14172,12878,27050
20210527,공항철도 1호선,홍대입구,8535,8542,17077
20210527,공항철도 1호선,공덕,2175,2751,4926
20210527,공항철도 1호선,서울역,6926,6135,13061
20210527,공항철도 1호선,검암,6432,6524,12956
20210528,공항철도 1호선,서울역,8416,8195,16611
20210528,공항철도 1호선,공덕,2275,3001,5276
20210528,공항철도 1호선,디지털미디어시티,13978,12424,26402
20210528,공항철도 1호선,마곡나루,7823,7397,15220
20210528,공항철도 1호선,김포공항,13170,7115,20285
20210528,공항철도 1호선,계양,9337,8501,17838
20210528,공항철도 1호선,홍대입구,9703,9759,19462
20210528,공항철도 1호선,청라국제도시,6593,6381,12974
20210528,공항철도 1호선,운서,6090,5991,12081
20210528,공항철도 1호선,공항화물청사,2287,2369,4656
20210528,공항철도 1호선,인천공항1터미널,2934,3235,6169
20210528,공항철도 1호선,인천공항2터미널,1840,1806,3646
20210528,공항철도 1호선,영종,2794,2996,5790
20210528,공항철도 1호선,검암,6762,6677,13439
20210529,공항철도 1호선,영종,2755,2825,5580
20210529,공항철도 1호선,인천공항2터미널,1590,1475,3065
20210529,공항철도 1호선,인천공항1터미널,2856,3093,5949
20210529,공항철도 1호선,공항화물청사,1364,1373,2737
20210529,공항철도 1호선,운서,5531,5472,11003
20210529,공항철도 1호선,청라국제도시,3967,3966,7933
20210529,공항철도 1호선,검암,4332,4463,8795
20210529,공항철도 1호선,마곡나루,2911,3129,6040
20210529,공항철도 1호선,김포공항,10944,5020,15964
20210529,공항철도 1호선,디지털미디어시티,5178,4787,9965
20210529,공항철도 1호선,홍대입구,10969,10827,21796
20210529,공항철도 1호선,공덕,1404,2024,3428
20210529,공항철도 1호선,서울역,6390,6518,12908
20210529,공항철도 1호선,계양,6346,5678,12024
20210530,공항철도 1호선,마곡나루,2180,2371,4551
20210530,공항철도 1호선,디지털미디어시티,3358,3355,6713
20210530,공항철도 1호선,김포공항,10977,4646,15623
20210530,공항철도 1호선,공덕,1053,1444,2497
20210530,공항철도 1호선,서울역,6799,5634,12433
20210530,공항철도 1호선,홍대입구,8892,8269,17161
20210530,공항철도 1호선,계양,4511,4440,8951
20210530,공항철도 1호선,영종,2217,2252,4469
20210530,공항철도 1호선,청라국제도시,2937,2896,5833
20210530,공항철도 1호선,운서,4487,4686,9173
20210530,공항철도 1호선,공항화물청사,972,1055,2027
20210530,공항철도 1호선,인천공항1터미널,2843,2874,5717
20210530,공항철도 1호선,인천공항2터미널,1406,1364,2770
20210530,공항철도 1호선,검암,3392,3567,6959
20210531,공항철도 1호선,영종,2786,2818,5604
20210531,공항철도 1호선,서울역,6568,6084,12652
20210531,공항철도 1호선,공덕,2121,2663,4784
20210531,공항철도 1호선,홍대입구,7846,7844,15690
20210531,공항철도 1호선,디지털미디어시티,14039,12745,26784
20210531,공항철도 1호선,마곡나루,8080,8034,16114
20210531,공항철도 1호선,인천공항2터미널,1758,1647,3405
20210531,공항철도 1호선,계양,9219,8400,17619
20210531,공항철도 1호선,검암,6779,6560,13339
20210531,공항철도 1호선,청라국제도시,6367,5840,12207
20210531,공항철도 1호선,운서,5730,5771,11501
20210531,공항철도 1호선,공항화물청사,2232,2414,4646
20210531,공항철도 1호선,인천공항1터미널,2742,2946,5688
20210531,공항철도 1호선,김포공항,11585,5981,17566
20210601,공항철도 1호선,영종,2780,2784,5564
20210601,공항철도 1호선,인천공항2터미널,1763,1826,3589
20210601,공항철도 1호선,인천공항1터미널,2992,3111,6103
20210601,공항철도 1호선,공항화물청사,2287,2440,4727
20210601,공항철도 1호선,운서,6138,6020,12158
20210601,공항철도 1호선,청라국제도시,6419,6066,12485
20210601,공항철도 1호선,검암,6707,6651,13358
20210601,공항철도 1호선,계양,9162,8535,17697
20210601,공항철도 1호선,마곡나루,8473,8114,16587
20210601,공항철도 1호선,디지털미디어시티,14306,12998,27304
20210601,공항철도 1호선,홍대입구,7983,7984,15967
20210601,공항철도 1호선,공덕,2237,2766,5003
20210601,공항철도 1호선,서울역,6019,5676,11695
20210601,공항철도 1호선,김포공항,10366,5971,16337
20210602,공항철도 1호선,운서,5949,6002,11951
20210602,공항철도 1호선,영종,2949,2955,5904
20210602,공항철도 1호선,인천공항2터미널,1831,1757,3588
20210602,공항철도 1호선,인천공항1터미널,3043,3212,6255
20210602,공항철도 1호선,공항화물청사,2381,2547,4928
20210602,공항철도 1호선,청라국제도시,6620,6166,12786
20210602,공항철도 1호선,검암,6795,6632,13427
20210602,공항철도 1호선,김포공항,10009,6104,16113
20210602,공항철도 1호선,마곡나루,8516,8287,16803
20210602,공항철도 1호선,디지털미디어시티,14187,12827,27014
20210602,공항철도 1호선,홍대입구,8618,8497,17115
20210602,공항철도 1호선,공덕,2271,2882,5153
20210602,공항철도 1호선,서울역,6458,5974,12432
20210602,공항철도 1호선,계양,9275,8483,17758
20210603,공항철도 1호선,영종,2661,2707,5368
20210603,공항철도 1호선,인천공항2터미널,1761,1744,3505
20210603,공항철도 1호선,공항화물청사,2278,2470,4748
20210603,공항철도 1호선,운서,5643,5526,11169
20210603,공항철도 1호선,청라국제도시,6334,6008,12342
20210603,공항철도 1호선,검암,6492,6128,12620
20210603,공항철도 1호선,인천공항1터미널,2713,2997,5710
20210603,공항철도 1호선,김포공항,10265,6500,16765
20210603,공항철도 1호선,마곡나루,7982,7776,15758
20210603,공항철도 1호선,디지털미디어시티,14385,12660,27045
20210603,공항철도 1호선,홍대입구,7668,7847,15515
20210603,공항철도 1호선,공덕,2122,2828,4950
20210603,공항철도 1호선,서울역,6624,6081,12705
20210603,공항철도 1호선,계양,9073,8326,17399
20210604,공항철도 1호선,영종,3008,3170,6178
20210604,공항철도 1호선,인천공항2터미널,1866,1812,3678
20210604,공항철도 1호선,인천공항1터미널,3195,3389,6584
20210604,공항철도 1호선,공항화물청사,2310,2407,4717
20210604,공항철도 1호선,운서,6530,6266,12796
20210604,공항철도 1호선,청라국제도시,6829,6438,13267
20210604,공항철도 1호선,검암,6917,6831,13748
20210604,공항철도 1호선,마곡나루,8136,7873,16009
20210604,공항철도 1호선,김포공항,13421,7454,20875
20210604,공항철도 1호선,디지털미디어시티,14100,12744,26844
20210604,공항철도 1호선,홍대입구,10157,10209,20366
20210604,공항철도 1호선,공덕,2333,3000,5333
20210604,공항철도 1호선,서울역,8338,8065,16403
20210604,공항철도 1호선,계양,9592,8567,18159
20210605,공항철도 1호선,청라국제도시,3976,3786,7762
20210605,공항철도 1호선,운서,5598,5765,11363
20210605,공항철도 1호선,검암,4494,4640,9134
20210605,공항철도 1호선,인천공항1터미널,2882,3132,6014
20210605,공항철도 1호선,인천공항2터미널,1588,1481,3069
20210605,공항철도 1호선,공항화물청사,1341,1367,2708
20210605,공항철도 1호선,계양,6420,5868,12288
20210605,공항철도 1호선,영종,2720,2789,5509
20210605,공항철도 1호선,마곡나루,3207,3368,6575
20210605,공항철도 1호선,디지털미디어시티,4909,4395,9304
20210605,공항철도 1호선,홍대입구,11634,11207,22841
20210605,공항철도 1호선,공덕,1438,2135,3573
20210605,공항철도 1호선,서울역,6465,6593,13058
20210605,공항철도 1호선,김포공항,11019,5842,16861
20210606,공항철도 1호선,영종,2265,2174,4439
20210606,공항철도 1호선,인천공항2터미널,1513,1464,2977
20210606,공항철도 1호선,인천공항1터미널,2771,2823,5594
20210606,공항철도 1호선,공항화물청사,1017,1085,2102
20210606,공항철도 1호선,운서,4593,5013,9606
20210606,공항철도 1호선,청라국제도시,2881,2785,5666
20210606,공항철도 1호선,검암,3319,3485,6804
20210606,공항철도 1호선,김포공항,10703,5752,16455
20210606,공항철도 1호선,마곡나루,2104,2308,4412
20210606,공항철도 1호선,디지털미디어시티,3248,3327,6575
20210606,공항철도 1호선,홍대입구,9056,8343,17399
20210606,공항철도 1호선,공덕,1066,1359,2425
20210606,공항철도 1호선,서울역,6422,5496,11918
20210606,공항철도 1호선,계양,4682,4408,9090
20210607,공항철도 1호선,김포공항,11720,6528,18248
20210607,공항철도 1호선,서울역,6754,6181,12935
20210607,공항철도 1호선,공덕,2163,2748,4911
20210607,공항철도 1호선,홍대입구,7866,7925,15791
20210607,공항철도 1호선,디지털미디어시티,13999,12785,26784
20210607,공항철도 1호선,마곡나루,8102,7881,15983
20210607,공항철도 1호선,계양,9266,8627,17893
20210607,공항철도 1호선,영종,2876,2841,5717
20210607,공항철도 1호선,청라국제도시,6479,6024,12503
20210607,공항철도 1호선,운서,5866,5885,11751
20210607,공항철도 1호선,공항화물청사,2248,2454,4702
20210607,공항철도 1호선,인천공항1터미널,2698,2863,5561
20210607,공항철도 1호선,인천공항2터미널,1755,1648,3403
20210607,공항철도 1호선,검암,6744,6476,13220
20210608,공항철도 1호선,청라국제도시,6556,6180,12736
20210608,공항철도 1호선,영종,2913,2887,5800
20210608,공항철도 1호선,인천공항2터미널,1688,1713,3401
20210608,공항철도 1호선,인천공항1터미널,2927,3071,5998
20210608,공항철도 1호선,공항화물청사,2381,2573,4954
20210608,공항철도 1호선,운서,5905,5918,11823
20210608,공항철도 1호선,검암,6735,6656,13391
20210608,공항철도 1호선,서울역,6516,5983,12499
20210608,공항철도 1호선,김포공항,10521,6000,16521
20210608,공항철도 1호선,마곡나루,8494,8204,16698
20210608,공항철도 1호선,디지털미디어시티,14314,13016,27330
20210608,공항철도 1호선,홍대입구,8120,8036,16156
20210608,공항철도 1호선,공덕,2143,2779,4922
20210608,공항철도 1호선,계양,9377,8673,18050
20210609,공항철도 1호선,영종,2906,2928,5834
20210609,공항철도 1호선,인천공항1터미널,2907,3139,6046
20210609,공항철도 1호선,공항화물청사,2326,2528,4854
20210609,공항철도 1호선,운서,6004,5994,11998
20210609,공항철도 1호선,청라국제도시,6636,6302,12938
20210609,공항철도 1호선,검암,6739,6606,13345
20210609,공항철도 1호선,계양,9401,8620,18021
20210609,공항철도 1호선,마곡나루,8519,8097,16616
20210609,공항철도 1호선,디지털미디어시티,14307,13001,27308
20210609,공항철도 1호선,홍대입구,8579,8561,17140
20210609,공항철도 1호선,공덕,2198,2783,4981
20210609,공항철도 1호선,서울역,6631,6055,12686
20210609,공항철도 1호선,인천공항2터미널,1788,1771,3559
20210609,공항철도 1호선,김포공항,10524,6170,16694
20210610,공항철도 1호선,김포공항,10567,6484,17051
20210610,공항철도 1호선,서울역,7076,6297,13373
20210610,공항철도 1호선,공덕,2180,2740,4920
20210610,공항철도 1호선,홍대입구,8403,8330,16733
20210610,공항철도 1호선,디지털미디어시티,14660,13053,27713
20210610,공항철도 1호선,마곡나루,8010,7753,15763
20210610,공항철도 1호선,계양,9328,8620,17948
20210610,공항철도 1호선,영종,2839,2862,5701
20210610,공항철도 1호선,청라국제도시,6561,6248,12809
20210610,공항철도 1호선,인천공항2터미널,1862,1869,3731
20210610,공항철도 1호선,인천공항1터미널,2974,3207,6181
20210610,공항철도 1호선,검암,6752,6529,13281
20210610,공항철도 1호선,운서,6041,5909,11950
20210610,공항철도 1호선,공항화물청사,2299,2567,4866
20210611,공항철도 1호선,서울역,8445,8850,17295
20210611,공항철도 1호선,공덕,2226,2947,5173
20210611,공항철도 1호선,홍대입구,9398,9476,18874
20210611,공항철도 1호선,디지털미디어시티,13880,12272,26152
20210611,공항철도 1호선,김포공항,12564,6974,19538
20210611,공항철도 1호선,계양,9240,8564,17804
20210611,공항철도 1호선,마곡나루,7870,7438,15308
20210611,공항철도 1호선,청라국제도시,6494,6280,12774
20210611,공항철도 1호선,운서,6092,5991,12083
20210611,공항철도 1호선,공항화물청사,2321,2458,4779
20210611,공항철도 1호선,인천공항1터미널,2980,3368,6348
20210611,공항철도 1호선,인천공항2터미널,1863,1784,3647
20210611,공항철도 1호선,영종,2930,3036,5966
20210611,공항철도 1호선,검암,6834,6631,13465
20210612,공항철도 1호선,청라국제도시,4026,3819,7845
20210612,공항철도 1호선,영종,2791,2881,5672
20210612,공항철도 1호선,인천공항2터미널,1522,1497,3019
20210612,공항철도 1호선,인천공항1터미널,2830,3107,5937
20210612,공항철도 1호선,공항화물청사,1405,1378,2783
20210612,공항철도 1호선,운서,5510,5681,11191
20210612,공항철도 1호선,검암,4438,4497,8935
20210612,공항철도 1호선,홍대입구,11153,10989,22142
20210612,공항철도 1호선,김포공항,10587,5860,16447
20210612,공항철도 1호선,마곡나루,3035,3189,6224
20210612,공항철도 1호선,디지털미디어시티,4906,4816,9722
20210612,공항철도 1호선,공덕,1484,2090,3574
20210612,공항철도 1호선,서울역,6216,6617,12833
20210612,공항철도 1호선,계양,6391,5806,12197
20210613,공항철도 1호선,청라국제도시,2939,2781,5720
20210613,공항철도 1호선,영종,2198,2131,4329
20210613,공항철도 1호선,인천공항2터미널,1498,1509,3007
20210613,공항철도 1호선,인천공항1터미널,2976,3059,6035
20210613,공항철도 1호선,공항화물청사,1006,1074,2080
20210613,공항철도 1호선,운서,4474,4797,9271
20210613,공항철도 1호선,검암,3347,3531,6878
20210613,공항철도 1호선,공덕,1039,1400,2439
20210613,공항철도 1호선,김포공항,11084,5733,16817
20210613,공항철도 1호선,마곡나루,1875,2184,4059
20210613,공항철도 1호선,디지털미디어시티,3350,3365,6715
20210613,공항철도 1호선,홍대입구,8359,7878,16237
20210613,공항철도 1호선,서울역,6638,5356,11994
20210613,공항철도 1호선,계양,4551,4412,8963
20210614,공항철도 1호선,서울역,6865,6260,13125
20210614,공항철도 1호선,공덕,2189,2760,4949
20210614,공항철도 1호선,홍대입구,8172,8270,16442
20210614,공항철도 1호선,디지털미디어시티,14032,12722,26754
20210614,공항철도 1호선,마곡나루,8113,7792,15905
20210614,공항철도 1호선,김포공항,11659,6823,18482
20210614,공항철도 1호선,계양,9132,8536,17668
20210614,공항철도 1호선,검암,6583,6461,13044
20210614,공항철도 1호선,운서,5893,5965,11858
20210614,공항철도 1호선,공항화물청사,2203,2398,4601
20210614,공항철도 1호선,인천공항1터미널,2847,3003,5850
20210614,공항철도 1호선,인천공항2터미널,1806,1678,3484
20210614,공항철도 1호선,영종,2989,2979,5968
20210614,공항철도 1호선,청라국제도시,6499,6007,12506
20210615,공항철도 1호선,김포공항,10714,6243,16957
20210615,공항철도 1호선,공덕,2153,2685,4838
20210615,공항철도 1호선,홍대입구,8248,8262,16510
20210615,공항철도 1호선,디지털미디어시티,14076,12976,27052
20210615,공항철도 1호선,마곡나루,8214,7791,16005
20210615,공항철도 1호선,계양,9150,8445,17595
20210615,공항철도 1호선,서울역,6620,6032,12652
20210615,공항철도 1호선,청라국제도시,6360,6085,12445
20210615,공항철도 1호선,운서,5874,5932,11806
20210615,공항철도 1호선,공항화물청사,2293,2456,4749
20210615,공항철도 1호선,인천공항1터미널,2756,2943,5699
20210615,공항철도 1호선,인천공항2터미널,1708,1726,3434
20210615,공항철도 1호선,영종,2844,2803,5647
20210615,공항철도 1호선,검암,6518,6468,12986
20210616,공항철도 1호선,영종,2915,2991,5906
20210616,공항철도 1호선,인천공항2터미널,1838,1796,3634
20210616,공항철도 1호선,인천공항1터미널,3102,3358,6460
20210616,공항철도 1호선,공항화물청사,2405,2524,4929
20210616,공항철도 1호선,운서,6247,6194,12441
20210616,공항철도 1호선,청라국제도시,6661,6291,12952
20210616,공항철도 1호선,검암,6657,6693,13350
20210616,공항철도 1호선,공덕,2164,2887,5051
20210616,공항철도 1호선,김포공항,10656,6326,16982
20210616,공항철도 1호선,마곡나루,8377,8054,16431
20210616,공항철도 1호선,디지털미디어시티,14195,12905,27100
20210616,공항철도 1호선,홍대입구,9014,8868,17882
20210616,공항철도 1호선,계양,9267,8707,17974
20210616,공항철도 1호선,서울역,6846,6217,13063
20210617,공항철도 1호선,서울역,7384,6631,14015
20210617,공항철도 1호선,공덕,2212,2840,5052
20210617,공항철도 1호선,홍대입구,8983,9205,18188
20210617,공항철도 1호선,디지털미디어시티,14429,12994,27423
20210617,공항철도 1호선,마곡나루,8375,7982,16357
20210617,공항철도 1호선,김포공항,11418,6780,18198
20210617,공항철도 1호선,계양,9383,8782,18165
20210617,공항철도 1호선,검암,6856,6739,13595
20210617,공항철도 1호선,청라국제도시,6663,6312,12975
20210617,공항철도 1호선,운서,6175,6183,12358
20210617,공항철도 1호선,공항화물청사,2290,2471,4761
20210617,공항철도 1호선,인천공항1터미널,2917,3193,6110
20210617,공항철도 1호선,인천공항2터미널,1891,1850,3741
20210617,공항철도 1호선,영종,2922,2880,5802
20210618,공항철도 1호선,공덕,2257,2947,5204
20210618,공항철도 1호선,홍대입구,10149,10079,20228
20210618,공항철도 1호선,디지털미디어시티,13980,12371,26351
20210618,공항철도 1호선,마곡나루,7820,7387,15207
20210618,공항철도 1호선,김포공항,13893,7498,21391
20210618,공항철도 1호선,계양,9271,8459,17730
20210618,공항철도 1호선,서울역,8395,8079,16474
20210618,공항철도 1호선,청라국제도시,6637,6378,13015
20210618,공항철도 1호선,영종,2920,3067,5987
20210618,공항철도 1호선,인천공항2터미널,1846,1797,3643
20210618,공항철도 1호선,검암,6726,6615,13341
20210618,공항철도 1호선,공항화물청사,2280,2358,4638
20210618,공항철도 1호선,운서,6119,5992,12111
20210618,공항철도 1호선,인천공항1터미널,2920,3611,6531
20210619,공항철도 1호선,공덕,1486,2140,3626
20210619,공항철도 1호선,홍대입구,12042,11766,23808
20210619,공항철도 1호선,디지털미디어시티,5231,4811,10042
20210619,공항철도 1호선,마곡나루,3125,3263,6388
20210619,공항철도 1호선,김포공항,11407,6274,17681
20210619,공항철도 1호선,계양,6603,6029,12632
20210619,공항철도 1호선,서울역,6862,6963,13825
20210619,공항철도 1호선,청라국제도시,4093,4052,8145
20210619,공항철도 1호선,운서,5788,6036,11824
20210619,공항철도 1호선,공항화물청사,1421,1386,2807
20210619,공항철도 1호선,인천공항1터미널,3106,3471,6577
20210619,공항철도 1호선,인천공항2터미널,1731,1695,3426
20210619,공항철도 1호선,영종,2804,2895,5699
20210619,공항철도 1호선,검암,4494,4600,9094
20210620,공항철도 1호선,서울역,6932,5819,12751
20210620,공항철도 1호선,공덕,1145,1460,2605
20210620,공항철도 1호선,홍대입구,9327,8519,17846
20210620,공항철도 1호선,디지털미디어시티,3327,3363,6690
20210620,공항철도 1호선,마곡나루,2083,2344,4427
20210620,공항철도 1호선,김포공항,11281,6306,17587
20210620,공항철도 1호선,계양,4714,4614,9328
20210620,공항철도 1호선,검암,3221,3557,6778
20210620,공항철도 1호선,운서,4729,5110,9839
20210620,공항철도 1호선,공항화물청사,1035,1123,2158
20210620,공항철도 1호선,인천공항1터미널,3006,3121,6127
20210620,공항철도 1호선,영종,2198,2194,4392
20210620,공항철도 1호선,청라국제도시,3041,2923,5964
20210620,공항철도 1호선,인천공항2터미널,1529,1500,3029
20210621,공항철도 1호선,영종,3022,3013,6035
20210621,공항철도 1호선,청라국제도시,6690,6248,12938
20210621,공항철도 1호선,인천공항2터미널,1899,1915,3814
20210621,공항철도 1호선,인천공항1터미널,3028,3312,6340
20210621,공항철도 1호선,공항화물청사,2232,2435,4667
20210621,공항철도 1호선,운서,6097,6195,12292
20210621,공항철도 1호선,검암,6873,6760,13633
20210621,공항철도 1호선,김포공항,12564,7287,19851
20210621,공항철도 1호선,마곡나루,8244,8090,16334
20210621,공항철도 1호선,디지털미디어시티,14148,13041,27189
20210621,공항철도 1호선,홍대입구,9185,9184,18369
20210621,공항철도 1호선,공덕,2274,2842,5116
20210621,공항철도 1호선,서울역,7324,6762,14086
20210621,공항철도 1호선,계양,9316,8762,18078
20210622,공항철도 1호선,영종,3021,2983,6004
20210622,공항철도 1호선,인천공항2터미널,1866,1905,3771
20210622,공항철도 1호선,인천공항1터미널,3158,3446,6604
20210622,공항철도 1호선,공항화물청사,2344,2611,4955
20210622,공항철도 1호선,운서,6262,6155,12417
20210622,공항철도 1호선,청라국제도시,6829,6446,13275
20210622,공항철도 1호선,검암,6902,6748,13650
20210622,공항철도 1호선,계양,9390,8828,18218
20210622,공항철도 1호선,김포공항,11418,6903,18321
20210622,공항철도 1호선,마곡나루,8634,8273,16907
20210622,공항철도 1호선,디지털미디어시티,14626,13176,27802
20210622,공항철도 1호선,홍대입구,9607,9513,19120
20210622,공항철도 1호선,공덕,2305,2904,5209
20210622,공항철도 1호선,서울역,7175,6517,13692
20210623,공항철도 1호선,인천공항2터미널,1824,1875,3699
20210623,공항철도 1호선,인천공항1터미널,3137,3373,6510
20210623,공항철도 1호선,공항화물청사,2356,2485,4841
20210623,공항철도 1호선,운서,6171,6166,12337
20210623,공항철도 1호선,청라국제도시,6760,6417,13177
20210623,공항철도 1호선,검암,6855,6739,13594
20210623,공항철도 1호선,영종,3017,3006,6023
20210623,공항철도 1호선,김포공항,11693,6862,18555
20210623,공항철도 1호선,마곡나루,8260,7997,16257
20210623,공항철도 1호선,디지털미디어시티,14313,13067,27380
20210623,공항철도 1호선,홍대입구,9709,9414,19123
20210623,공항철도 1호선,공덕,2343,2912,5255
20210623,공항철도 1호선,서울역,7372,6711,14083
20210623,공항철도 1호선,계양,9366,8670,18036
20210624,공항철도 1호선,인천공항2터미널,1890,1986,3876
20210624,공항철도 1호선,인천공항1터미널,3114,3587,6701
20210624,공항철도 1호선,공항화물청사,2358,2510,4868
20210624,공항철도 1호선,운서,6314,6297,12611
20210624,공항철도 1호선,청라국제도시,6939,6594,13533
20210624,공항철도 1호선,검암,6894,6758,13652
20210624,공항철도 1호선,영종,3010,3068,6078
20210624,공항철도 1호선,김포공항,12452,6888,19340
20210624,공항철도 1호선,마곡나루,8676,8289,16965
20210624,공항철도 1호선,디지털미디어시티,14512,13154,27666
20210624,공항철도 1호선,홍대입구,10150,10100,20250
20210624,공항철도 1호선,공덕,2277,3017,5294
20210624,공항철도 1호선,서울역,7629,6933,14562
20210624,공항철도 1호선,계양,9450,8761,18211
20210625,공항철도 1호선,서울역,9003,8827,17830
20210625,공항철도 1호선,공덕,2351,3165,5516
20210625,공항철도 1호선,홍대입구,11134,11012,22146
20210625,공항철도 1호선,디지털미디어시티,14233,12752,26985
20210625,공항철도 1호선,마곡나루,8271,7830,16101
20210625,공항철도 1호선,김포공항,15156,7647,22803
20210625,공항철도 1호선,계양,9618,8892,18510
20210625,공항철도 1호선,검암,7186,6937,14123
20210625,공항철도 1호선,운서,6580,6578,13158
20210625,공항철도 1호선,공항화물청사,2340,2469,4809
20210625,공항철도 1호선,인천공항1터미널,3468,3979,7447
20210625,공항철도 1호선,인천공항2터미널,2011,1964,3975
20210625,공항철도 1호선,영종,3197,3386,6583
20210625,공항철도 1호선,청라국제도시,7184,6844,14028
20210626,공항철도 1호선,검암,4288,4304,8592
20210626,공항철도 1호선,인천공항1터미널,2938,3400,6338
20210626,공항철도 1호선,공항화물청사,1273,1340,2613
20210626,공항철도 1호선,운서,5468,5668,11136
20210626,공항철도 1호선,청라국제도시,3964,3846,7810
20210626,공항철도 1호선,계양,6396,5832,12228
20210626,공항철도 1호선,인천공항2터미널,1587,1612,3199
20210626,공항철도 1호선,마곡나루,3011,3166,6177
20210626,공항철도 1호선,영종,2700,2806,5506
20210626,공항철도 1호선,서울역,6664,7033,13697
20210626,공항철도 1호선,김포공항,12092,5821,17913
20210626,공항철도 1호선,홍대입구,11610,11511,23121
20210626,공항철도 1호선,디지털미디어시티,5013,4705,9718
20210626,공항철도 1호선,공덕,1476,2193,3669
20210627,공항철도 1호선,공덕,1068,1434,2502
20210627,공항철도 1호선,홍대입구,9238,8906,18144
20210627,공항철도 1호선,디지털미디어시티,3469,3519,6988
20210627,공항철도 1호선,마곡나루,2135,2309,4444
20210627,공항철도 1호선,김포공항,11525,6001,17526
20210627,공항철도 1호선,계양,4791,4654,9445
20210627,공항철도 1호선,서울역,7202,6095,13297
20210627,공항철도 1호선,청라국제도시,3124,3001,6125
20210627,공항철도 1호선,운서,4878,5314,10192
20210627,공항철도 1호선,공항화물청사,1071,1129,2200
20210627,공항철도 1호선,인천공항1터미널,3203,3432,6635
20210627,공항철도 1호선,인천공항2터미널,1614,1684,3298
20210627,공항철도 1호선,영종,2376,2265,4641
20210627,공항철도 1호선,검암,3342,3525,6867
20210628,공항철도 1호선,서울역,7575,6857,14432
20210628,공항철도 1호선,공덕,2151,2823,4974
20210628,공항철도 1호선,홍대입구,8713,8763,17476
20210628,공항철도 1호선,디지털미디어시티,14319,12976,27295
20210628,공항철도 1호선,마곡나루,8025,7752,15777
20210628,공항철도 1호선,김포공항,12272,7162,19434
20210628,공항철도 1호선,계양,9090,8504,17594
20210628,공항철도 1호선,검암,6622,6456,13078
20210628,공항철도 1호선,운서,5959,6085,12044
20210628,공항철도 1호선,공항화물청사,2172,2383,4555
20210628,공항철도 1호선,인천공항1터미널,3104,3282,6386
20210628,공항철도 1호선,영종,2979,2974,5953
20210628,공항철도 1호선,청라국제도시,6608,6123,12731
20210628,공항철도 1호선,인천공항2터미널,1985,1929,3914
20210629,공항철도 1호선,서울역,7106,6208,13314
20210629,공항철도 1호선,계양,9366,8811,18177
20210629,공항철도 1호선,공덕,2319,2972,5291
20210629,공항철도 1호선,홍대입구,9037,8942,17979
20210629,공항철도 1호선,디지털미디어시티,14309,13095,27404
20210629,공항철도 1호선,마곡나루,8497,8049,16546
20210629,공항철도 1호선,김포공항,11666,6731,18397
20210629,공항철도 1호선,검암,6981,6822,13803
20210629,공항철도 1호선,운서,6111,6121,12232
20210629,공항철도 1호선,공항화물청사,2289,2536,4825
20210629,공항철도 1호선,인천공항1터미널,3222,3657,6879
20210629,공항철도 1호선,인천공항2터미널,1913,1930,3843
20210629,공항철도 1호선,영종,2977,3033,6010
20210629,공항철도 1호선,청라국제도시,6824,6469,13293
20210630,공항철도 1호선,영종,2958,3007,5965
20210630,공항철도 1호선,인천공항2터미널,1992,1975,3967
20210630,공항철도 1호선,인천공항1터미널,3391,3732,7123
20210630,공항철도 1호선,공항화물청사,2344,2466,4810
20210630,공항철도 1호선,운서,6113,6076,12189
20210630,공항철도 1호선,청라국제도시,6693,6265,12958
20210630,공항철도 1호선,검암,6974,6867,13841
20210630,공항철도 1호선,김포공항,11698,6604,18302
20210630,공항철도 1호선,마곡나루,8264,7962,16226
20210630,공항철도 1호선,디지털미디어시티,14252,12942,27194
20210630,공항철도 1호선,홍대입구,9107,9104,18211
20210630,공항철도 1호선,공덕,2326,2965,5291
20210630,공항철도 1호선,서울역,7003,6181,13184
20210630,공항철도 1호선,계양,9309,8670,17979
20210701,공항철도 1호선,김포공항,11900,6659,18559
20210701,공항철도 1호선,서울역,7162,6468,13630
20210701,공항철도 1호선,공덕,2285,2958,5243
20210701,공항철도 1호선,홍대입구,8971,8962,17933
20210701,공항철도 1호선,디지털미디어시티,14081,12883,26964
20210701,공항철도 1호선,마곡나루,8358,8111,16469
20210701,공항철도 1호선,계양,9346,8651,17997
20210701,공항철도 1호선,영종,3000,3021,6021
20210701,공항철도 1호선,청라국제도시,6850,6558,13408
20210701,공항철도 1호선,운서,6229,6113,12342
20210701,공항철도 1호선,공항화물청사,2378,2549,4927
20210701,공항철도 1호선,인천공항1터미널,3299,3562,6861
20210701,공항철도 1호선,인천공항2터미널,1951,2093,4044
20210701,공항철도 1호선,검암,7037,6913,13950
20210702,공항철도 1호선,김포공항,14525,7454,21979
20210702,공항철도 1호선,서울역,8528,8456,16984
20210702,공항철도 1호선,공덕,2313,3054,5367
20210702,공항철도 1호선,홍대입구,9647,9802,19449
20210702,공항철도 1호선,디지털미디어시티,14415,12766,27181
20210702,공항철도 1호선,마곡나루,8084,7762,15846
20210702,공항철도 1호선,계양,9655,8855,18510
20210702,공항철도 1호선,검암,7153,6969,14122
20210702,공항철도 1호선,청라국제도시,6921,6568,13489
20210702,공항철도 1호선,운서,6554,6411,12965
20210702,공항철도 1호선,공항화물청사,2289,2479,4768
20210702,공항철도 1호선,인천공항1터미널,3560,3925,7485
20210702,공항철도 1호선,인천공항2터미널,2008,1949,3957
20210702,공항철도 1호선,영종,3146,3265,6411
20210703,공항철도 1호선,공덕,1275,1924,3199
20210703,공항철도 1호선,홍대입구,8291,8404,16695
20210703,공항철도 1호선,디지털미디어시티,4727,4514,9241
20210703,공항철도 1호선,마곡나루,2413,2620,5033
20210703,공항철도 1호선,김포공항,10725,5686,16411
20210703,공항철도 1호선,계양,5720,5224,10944
20210703,공항철도 1호선,서울역,6113,6343,12456
20210703,공항철도 1호선,청라국제도시,3471,3434,6905
20210703,공항철도 1호선,운서,4908,4946,9854
20210703,공항철도 1호선,공항화물청사,1204,1266,2470
20210703,공항철도 1호선,인천공항1터미널,2748,2946,5694
20210703,공항철도 1호선,인천공항2터미널,1579,1595,3174
20210703,공항철도 1호선,영종,2497,2552,5049
20210703,공항철도 1호선,검암,3967,3867,7834
20210704,공항철도 1호선,영종,1854,1748,3602
20210704,공항철도 1호선,인천공항2터미널,1580,1445,3025
20210704,공항철도 1호선,인천공항1터미널,2521,2592,5113
20210704,공항철도 1호선,공항화물청사,914,954,1868
20210704,공항철도 1호선,운서,3894,4184,8078
20210704,공항철도 1호선,청라국제도시,2528,2468,4996
20210704,공항철도 1호선,검암,2786,2862,5648
20210704,공항철도 1호선,계양,3844,3774,7618
20210704,공항철도 1호선,마곡나루,1671,1851,3522
20210704,공항철도 1호선,디지털미디어시티,2915,3046,5961
20210704,공항철도 1호선,홍대입구,6370,6097,12467
20210704,공항철도 1호선,공덕,902,1281,2183
20210704,공항철도 1호선,서울역,6227,5207,11434
20210704,공항철도 1호선,김포공항,10638,5377,16015
20210705,공항철도 1호선,마곡나루,8086,7873,15959
20210705,공항철도 1호선,서울역,6974,6308,13282
20210705,공항철도 1호선,공덕,2243,2862,5105
20210705,공항철도 1호선,홍대입구,8347,8307,16654
20210705,공항철도 1호선,디지털미디어시티,14434,13131,27565
20210705,공항철도 1호선,김포공항,11395,6979,18374
20210705,공항철도 1호선,계양,9300,8629,17929
20210705,공항철도 1호선,청라국제도시,6687,6233,12920
20210705,공항철도 1호선,운서,6042,6158,12200
20210705,공항철도 1호선,공항화물청사,2242,2497,4739
20210705,공항철도 1호선,인천공항1터미널,2993,3178,6171
20210705,공항철도 1호선,인천공항2터미널,1874,1764,3638
20210705,공항철도 1호선,영종,2942,2900,5842
20210705,공항철도 1호선,검암,6886,6603,13489
20210706,공항철도 1호선,영종,2960,2923,5883
20210706,공항철도 1호선,인천공항2터미널,1888,1830,3718
20210706,공항철도 1호선,공항화물청사,2420,2573,4993
20210706,공항철도 1호선,운서,6021,6053,12074
20210706,공항철도 1호선,청라국제도시,6800,6466,13266
20210706,공항철도 1호선,검암,6774,6834,13608
20210706,공항철도 1호선,인천공항1터미널,3399,3659,7058
20210706,공항철도 1호선,김포공항,10632,6387,17019
20210706,공항철도 1호선,마곡나루,8419,8147,16566
20210706,공항철도 1호선,디지털미디어시티,14604,13229,27833
20210706,공항철도 1호선,홍대입구,8354,8278,16632
20210706,공항철도 1호선,공덕,2215,2894,5109
20210706,공항철도 1호선,서울역,6821,6014,12835
20210706,공항철도 1호선,계양,9250,8788,18038
20210707,공항철도 1호선,영종,2910,2875,5785
20210707,공항철도 1호선,인천공항2터미널,1979,1947,3926
20210707,공항철도 1호선,인천공항1터미널,3243,3494,6737
20210707,공항철도 1호선,공항화물청사,2344,2508,4852
20210707,공항철도 1호선,운서,5860,5971,11831
20210707,공항철도 1호선,청라국제도시,6529,6243,12772
20210707,공항철도 1호선,검암,6799,6610,13409
20210707,공항철도 1호선,마곡나루,8112,7711,15823
20210707,공항철도 1호선,김포공항,10456,6594,17050
20210707,공항철도 1호선,디지털미디어시티,14214,12766,26980
20210707,공항철도 1호선,홍대입구,7846,7931,15777
20210707,공항철도 1호선,공덕,2172,2733,4905
20210707,공항철도 1호선,서울역,6672,6184,12856
20210707,공항철도 1호선,계양,8998,8437,17435
20210708,공항철도 1호선,운서,5778,5840,11618
20210708,공항철도 1호선,공항화물청사,2304,2505,4809
20210708,공항철도 1호선,청라국제도시,6398,6131,12529
20210708,공항철도 1호선,인천공항2터미널,2016,1990,4006
20210708,공항철도 1호선,영종,2807,2807,5614
20210708,공항철도 1호선,인천공항1터미널,3232,3377,6609
20210708,공항철도 1호선,검암,6658,6613,13271
20210708,공항철도 1호선,서울역,6494,6065,12559
20210708,공항철도 1호선,김포공항,10810,6326,17136
20210708,공항철도 1호선,마곡나루,7934,7581,15515
20210708,공항철도 1호선,디지털미디어시티,13762,12437,26199
20210708,공항철도 1호선,홍대입구,7497,7599,15096
20210708,공항철도 1호선,공덕,2133,2680,4813
20210708,공항철도 1호선,계양,8797,8251,17048
20210709,공항철도 1호선,영종,2773,2970,5743
20210709,공항철도 1호선,인천공항2터미널,2042,1907,3949
20210709,공항철도 1호선,인천공항1터미널,3248,3527,6775
20210709,공항철도 1호선,공항화물청사,2285,2397,4682
20210709,공항철도 1호선,운서,6026,5998,12024
20210709,공항철도 1호선,청라국제도시,6369,6147,12516
20210709,공항철도 1호선,검암,6694,6555,13249
20210709,공항철도 1호선,김포공항,12480,7054,19534
20210709,공항철도 1호선,마곡나루,7104,6773,13877
20210709,공항철도 1호선,디지털미디어시티,13324,11924,25248
20210709,공항철도 1호선,홍대입구,7897,8046,15943
20210709,공항철도 1호선,공덕,2205,2822,5027
20210709,공항철도 1호선,서울역,7561,7434,14995
20210709,공항철도 1호선,계양,8864,8301,17165
20210710,공항철도 1호선,김포공항,9302,5464,14766
20210710,공항철도 1호선,서울역,4816,5217,10033
20210710,공항철도 1호선,공덕,1113,1615,2728
20210710,공항철도 1호선,홍대입구,7263,6693,13956
20210710,공항철도 1호선,디지털미디어시티,4014,3757,7771
20210710,공항철도 1호선,마곡나루,2384,2499,4883
20210710,공항철도 1호선,계양,4938,4687,9625
20210710,공항철도 1호선,영종,2203,2356,4559
20210710,공항철도 1호선,청라국제도시,3036,3018,6054
20210710,공항철도 1호선,운서,4844,4832,9676
20210710,공항철도 1호선,공항화물청사,1217,1217,2434
20210710,공항철도 1호선,인천공항1터미널,2811,2939,5750
20210710,공항철도 1호선,인천공항2터미널,1733,1547,3280
20210710,공항철도 1호선,검암,3637,3774,7411
20210711,공항철도 1호선,청라국제도시,2325,2215,4540
20210711,공항철도 1호선,영종,1740,1760,3500
20210711,공항철도 1호선,인천공항2터미널,1549,1459,3008
20210711,공항철도 1호선,인천공항1터미널,2803,2761,5564
20210711,공항철도 1호선,공항화물청사,902,986,1888
20210711,공항철도 1호선,운서,3829,4124,7953
20210711,공항철도 1호선,검암,2703,2713,5416
20210711,공항철도 1호선,서울역,5281,4179,9460
20210711,공항철도 1호선,김포공항,10119,5058,15177
20210711,공항철도 1호선,마곡나루,1553,1695,3248
20210711,공항철도 1호선,디지털미디어시티,2681,2655,5336
20210711,공항철도 1호선,홍대입구,5258,5048,10306
20210711,공항철도 1호선,공덕,810,1081,1891
20210711,공항철도 1호선,계양,3660,3616,7276
20210712,공항철도 1호선,영종,2587,2535,5122
20210712,공항철도 1호선,인천공항2터미널,1950,1798,3748
20210712,공항철도 1호선,인천공항1터미널,2869,3113,5982
20210712,공항철도 1호선,공항화물청사,2208,2326,4534
20210712,공항철도 1호선,운서,5265,5395,10660
20210712,공항철도 1호선,청라국제도시,5802,5419,11221
20210712,공항철도 1호선,검암,6211,6101,12312
20210712,공항철도 1호선,김포공항,10542,6443,16985
20210712,공항철도 1호선,마곡나루,6676,6399,13075
20210712,공항철도 1호선,디지털미디어시티,11935,10837,22772
20210712,공항철도 1호선,홍대입구,6853,6801,13654
20210712,공항철도 1호선,공덕,1909,2424,4333
20210712,공항철도 1호선,서울역,5980,5390,11370
20210712,공항철도 1호선,계양,8049,7447,15496
20210713,공항철도 1호선,김포공항,9712,5981,15693
20210713,공항철도 1호선,서울역,5388,4929,10317
20210713,공항철도 1호선,공덕,1935,2341,4276
20210713,공항철도 1호선,홍대입구,6580,6717,13297
20210713,공항철도 1호선,디지털미디어시티,11932,10870,22802
20210713,공항철도 1호선,마곡나루,6737,6494,13231
20210713,공항철도 1호선,계양,7970,7462,15432
20210713,공항철도 1호선,검암,6075,5928,12003
20210713,공항철도 1호선,청라국제도시,5772,5466,11238
20210713,공항철도 1호선,운서,5254,5470,10724
20210713,공항철도 1호선,공항화물청사,2246,2412,4658
20210713,공항철도 1호선,인천공항1터미널,3157,3283,6440
20210713,공항철도 1호선,인천공항2터미널,1985,1877,3862
20210713,공항철도 1호선,영종,2480,2474,4954
20210714,공항철도 1호선,서울역,5484,5116,10600
20210714,공항철도 1호선,공덕,1910,2302,4212
20210714,공항철도 1호선,홍대입구,6778,6778,13556
20210714,공항철도 1호선,디지털미디어시티,11522,10547,22069
20210714,공항철도 1호선,마곡나루,6634,6257,12891
20210714,공항철도 1호선,김포공항,9789,5747,15536
20210714,공항철도 1호선,계양,7889,7543,15432
20210714,공항철도 1호선,검암,5918,5796,11714
20210714,공항철도 1호선,청라국제도시,5687,5348,11035
20210714,공항철도 1호선,운서,5388,5283,10671
20210714,공항철도 1호선,공항화물청사,2174,2374,4548
20210714,공항철도 1호선,인천공항1터미널,3185,3476,6661
20210714,공항철도 1호선,인천공항2터미널,1975,1882,3857
20210714,공항철도 1호선,영종,2399,2432,4831
20210715,공항철도 1호선,공덕,1938,2357,4295
20210715,공항철도 1호선,홍대입구,6786,6898,13684
20210715,공항철도 1호선,디지털미디어시티,11620,10440,22060
20210715,공항철도 1호선,마곡나루,6525,6207,12732
20210715,공항철도 1호선,김포공항,10183,6153,16336
20210715,공항철도 1호선,계양,7916,7594,15510
20210715,공항철도 1호선,서울역,5577,5328,10905
20210715,공항철도 1호선,청라국제도시,5739,5403,11142
20210715,공항철도 1호선,운서,5359,5353,10712
20210715,공항철도 1호선,공항화물청사,2281,2435,4716
20210715,공항철도 1호선,인천공항1터미널,3244,3467,6711
20210715,공항철도 1호선,인천공항2터미널,2143,2079,4222
20210715,공항철도 1호선,영종,2437,2432,4869
20210715,공항철도 1호선,검암,5855,5841,11696
20210716,공항철도 1호선,공덕,1915,2482,4397
20210716,공항철도 1호선,홍대입구,7204,7204,14408
20210716,공항철도 1호선,디지털미디어시티,11211,10009,21220
20210716,공항철도 1호선,마곡나루,5950,5623,11573
20210716,공항철도 1호선,김포공항,11468,6875,18343
20210716,공항철도 1호선,계양,7832,7490,15322
20210716,공항철도 1호선,서울역,6494,6565,13059
20210716,공항철도 1호선,청라국제도시,5706,5510,11216
20210716,공항철도 1호선,운서,5527,5458,10985
20210716,공항철도 1호선,공항화물청사,2172,2308,4480
20210716,공항철도 1호선,인천공항1터미널,3442,3412,6854
20210716,공항철도 1호선,인천공항2터미널,2103,1952,4055
20210716,공항철도 1호선,영종,2397,2547,4944
20210716,공항철도 1호선,검암,5968,5787,11755
20210717,공항철도 1호선,서울역,4492,4841,9333
20210717,공항철도 1호선,마곡나루,2050,2137,4187
20210717,공항철도 1호선,김포공항,8932,5149,14081
20210717,공항철도 1호선,계양,4691,4450,9141
20210717,공항철도 1호선,검암,3150,3251,6401
20210717,공항철도 1호선,청라국제도시,2879,2817,5696
20210717,공항철도 1호선,운서,4482,4483,8965
20210717,공항철도 1호선,공항화물청사,1219,1319,2538
20210717,공항철도 1호선,인천공항2터미널,1799,1693,3492
20210717,공항철도 1호선,영종,1940,2019,3959
20210717,공항철도 1호선,디지털미디어시티,3677,3435,7112
20210717,공항철도 1호선,홍대입구,6670,6278,12948
20210717,공항철도 1호선,공덕,1047,1309,2356
20210717,공항철도 1호선,인천공항1터미널,2942,3033,5975
20210718,공항철도 1호선,김포공항,10038,4853,14891
20210718,공항철도 1호선,공덕,757,1023,1780
20210718,공항철도 1호선,홍대입구,5385,5329,10714
20210718,공항철도 1호선,디지털미디어시티,2492,2553,5045
20210718,공항철도 1호선,마곡나루,1398,1617,3015
20210718,공항철도 1호선,계양,3324,3327,6651
20210718,공항철도 1호선,서울역,4972,3666,8638
20210718,공항철도 1호선,청라국제도시,2236,2086,4322
20210718,공항철도 1호선,영종,1634,1624,3258
20210718,공항철도 1호선,인천공항2터미널,1791,1720,3511
20210718,공항철도 1호선,검암,2477,2574,5051
20210718,공항철도 1호선,공항화물청사,974,1003,1977
20210718,공항철도 1호선,운서,3795,4082,7877
20210718,공항철도 1호선,인천공항1터미널,2919,2968,5887
20210719,공항철도 1호선,검암,6052,5960,12012
20210719,공항철도 1호선,청라국제도시,5610,5300,10910
20210719,공항철도 1호선,운서,5191,5309,10500
20210719,공항철도 1호선,공항화물청사,2121,2292,4413
20210719,공항철도 1호선,인천공항1터미널,2863,2960,5823
20210719,공항철도 1호선,인천공항2터미널,1980,1868,3848
20210719,공항철도 1호선,계양,7983,7678,15661
20210719,공항철도 1호선,김포공항,10865,6169,17034
20210719,공항철도 1호선,마곡나루,6571,6390,12961
20210719,공항철도 1호선,디지털미디어시티,11603,10588,22191
20210719,공항철도 1호선,홍대입구,6342,6542,12884
20210719,공항철도 1호선,공덕,1936,2307,4243
20210719,공항철도 1호선,서울역,5644,5129,10773
20210719,공항철도 1호선,영종,2541,2459,5000
20210720,공항철도 1호선,영종,2474,2506,4980
20210720,공항철도 1호선,인천공항2터미널,2079,2018,4097
20210720,공항철도 1호선,인천공항1터미널,3090,3224,6314
20210720,공항철도 1호선,공항화물청사,2277,2475,4752
20210720,공항철도 1호선,운서,5357,5373,10730
20210720,공항철도 1호선,청라국제도시,5657,5377,11034
20210720,공항철도 1호선,검암,5928,5872,11800
20210720,공항철도 1호선,계양,8039,7729,15768
20210720,공항철도 1호선,마곡나루,6757,6330,13087
20210720,공항철도 1호선,디지털미디어시티,11860,10736,22596
20210720,공항철도 1호선,홍대입구,6742,6788,13530
20210720,공항철도 1호선,서울역,5427,5053,10480
20210720,공항철도 1호선,김포공항,9801,5878,15679
20210720,공항철도 1호선,공덕,1920,2421,4341
20210721,공항철도 1호선,서울역,5366,4917,10283
20210721,공항철도 1호선,계양,8041,7643,15684
20210721,공항철도 1호선,공덕,1888,2308,4196
20210721,공항철도 1호선,홍대입구,6941,6946,13887
20210721,공항철도 1호선,디지털미디어시티,11712,10594,22306
20210721,공항철도 1호선,마곡나루,6571,6225,12796
20210721,공항철도 1호선,김포공항,9742,6058,15800
20210721,공항철도 1호선,검암,5941,5887,11828
20210721,공항철도 1호선,운서,5271,5339,10610
20210721,공항철도 1호선,공항화물청사,2252,2392,4644
20210721,공항철도 1호선,인천공항1터미널,3290,3462,6752
20210721,공항철도 1호선,인천공항2터미널,2272,2123,4395
20210721,공항철도 1호선,영종,2388,2436,4824
20210721,공항철도 1호선,청라국제도시,5657,5369,11026
20210722,공항철도 1호선,공덕,1900,2367,4267
20210722,공항철도 1호선,홍대입구,6958,6883,13841
20210722,공항철도 1호선,디지털미디어시티,11557,10396,21953
20210722,공항철도 1호선,마곡나루,6518,6205,12723
20210722,공항철도 1호선,김포공항,10056,5902,15958
20210722,공항철도 1호선,계양,7848,7555,15403
20210722,공항철도 1호선,서울역,5583,5256,10839
20210722,공항철도 1호선,청라국제도시,5560,5312,10872
20210722,공항철도 1호선,운서,5240,5267,10507
20210722,공항철도 1호선,공항화물청사,2227,2367,4594
20210722,공항철도 1호선,인천공항1터미널,3422,3478,6900
20210722,공항철도 1호선,인천공항2터미널,2369,2221,4590
20210722,공항철도 1호선,영종,2402,2423,4825
20210722,공항철도 1호선,검암,5891,5860,11751
20210723,공항철도 1호선,영종,2575,2630,5205
20210723,공항철도 1호선,인천공항2터미널,2301,2141,4442
20210723,공항철도 1호선,인천공항1터미널,3605,3881,7486
20210723,공항철도 1호선,공항화물청사,2131,2292,4423
20210723,공항철도 1호선,운서,5511,5588,11099
20210723,공항철도 1호선,청라국제도시,5581,5394,10975
20210723,공항철도 1호선,검암,6026,5929,11955
20210723,공항철도 1호선,계양,8040,7605,15645
20210723,공항철도 1호선,마곡나루,6050,5695,11745
20210723,공항철도 1호선,디지털미디어시티,11409,10131,21540
20210723,공항철도 1호선,홍대입구,7375,7453,14828
20210723,공항철도 1호선,공덕,1860,2383,4243
20210723,공항철도 1호선,서울역,6473,6399,12872
20210723,공항철도 1호선,김포공항,11726,6748,18474
20210724,공항철도 1호선,청라국제도시,2814,2674,5488
20210724,공항철도 1호선,인천공항2터미널,2269,2120,4389
20210724,공항철도 1호선,인천공항1터미널,3410,3354,6764
20210724,공항철도 1호선,공항화물청사,1246,1241,2487
20210724,공항철도 1호선,운서,4471,4584,9055
20210724,공항철도 1호선,검암,3249,3320,6569
20210724,공항철도 1호선,영종,2023,2156,4179
20210724,공항철도 1호선,김포공항,8780,4893,13673
20210724,공항철도 1호선,마곡나루,2000,2175,4175
20210724,공항철도 1호선,디지털미디어시티,3402,3189,6591
20210724,공항철도 1호선,홍대입구,6766,6454,13220
20210724,공항철도 1호선,공덕,1053,1371,2424
20210724,공항철도 1호선,서울역,4270,4651,8921
20210724,공항철도 1호선,계양,4724,4481,9205
20210725,공항철도 1호선,영종,1600,1696,3296
20210725,공항철도 1호선,인천공항2터미널,2274,2145,4419
20210725,공항철도 1호선,인천공항1터미널,3296,3297,6593
20210725,공항철도 1호선,공항화물청사,941,980,1921
20210725,공항철도 1호선,운서,3683,4021,7704
20210725,공항철도 1호선,청라국제도시,2209,2105,4314
20210725,공항철도 1호선,검암,2446,2541,4987
20210725,공항철도 1호선,계양,3297,3298,6595
20210725,공항철도 1호선,김포공항,10291,4705,14996
20210725,공항철도 1호선,마곡나루,1361,1491,2852
20210725,공항철도 1호선,디지털미디어시티,2396,2580,4976
20210725,공항철도 1호선,홍대입구,5193,5113,10306
20210725,공항철도 1호선,공덕,798,1059,1857
20210725,공항철도 1호선,서울역,4924,3703,8627
20210726,공항철도 1호선,공덕,1931,2310,4241
20210726,공항철도 1호선,홍대입구,6845,6951,13796
20210726,공항철도 1호선,디지털미디어시티,11731,10604,22335
20210726,공항철도 1호선,마곡나루,6344,6211,12555
20210726,공항철도 1호선,김포공항,10557,5880,16437
20210726,공항철도 1호선,계양,7974,7511,15485
20210726,공항철도 1호선,서울역,5818,5162,10980
20210726,공항철도 1호선,청라국제도시,5588,5287,10875
20210726,공항철도 1호선,운서,5348,5473,10821
20210726,공항철도 1호선,공항화물청사,2123,2295,4418
20210726,공항철도 1호선,인천공항1터미널,3389,3507,6896
20210726,공항철도 1호선,인천공항2터미널,2475,2317,4792
20210726,공항철도 1호선,영종,2559,2489,5048
20210726,공항철도 1호선,검암,5821,5672,11493
20210727,공항철도 1호선,공덕,1945,2355,4300
20210727,공항철도 1호선,홍대입구,6772,6981,13753
20210727,공항철도 1호선,디지털미디어시티,11782,10627,22409
20210727,공항철도 1호선,마곡나루,6624,6178,12802
20210727,공항철도 1호선,김포공항,9865,5728,15593
20210727,공항철도 1호선,계양,7868,7540,15408
20210727,공항철도 1호선,서울역,5531,5117,10648
20210727,공항철도 1호선,청라국제도시,5623,5301,10924
20210727,공항철도 1호선,운서,5415,5425,10840
20210727,공항철도 1호선,공항화물청사,2181,2365,4546
20210727,공항철도 1호선,인천공항1터미널,3754,3822,7576
20210727,공항철도 1호선,인천공항2터미널,2677,2599,5276
20210727,공항철도 1호선,영종,2456,2451,4907
20210727,공항철도 1호선,검암,5775,5789,11564
20210728,공항철도 1호선,영종,2431,2409,4840
20210728,공항철도 1호선,인천공항2터미널,2572,2500,5072
20210728,공항철도 1호선,인천공항1터미널,3616,3741,7357
20210728,공항철도 1호선,공항화물청사,2157,2363,4520
20210728,공항철도 1호선,운서,5372,5431,10803
20210728,공항철도 1호선,청라국제도시,5613,5303,10916
20210728,공항철도 1호선,검암,5832,5722,11554
20210728,공항철도 1호선,계양,7917,7485,15402
20210728,공항철도 1호선,마곡나루,6374,6084,12458
20210728,공항철도 1호선,디지털미디어시티,11637,10409,22046
20210728,공항철도 1호선,홍대입구,6977,7082,14059
20210728,공항철도 1호선,공덕,1926,2364,4290
20210728,공항철도 1호선,서울역,5631,5221,10852
20210728,공항철도 1호선,김포공항,9855,5926,15781
20210729,공항철도 1호선,청라국제도시,5533,5317,10850
20210729,공항철도 1호선,인천공항2터미널,2675,2553,5228
20210729,공항철도 1호선,인천공항1터미널,3670,3790,7460
20210729,공항철도 1호선,공항화물청사,2155,2335,4490
20210729,공항철도 1호선,운서,5346,5377,10723
20210729,공항철도 1호선,검암,5928,5839,11767
20210729,공항철도 1호선,영종,2532,2552,5084
20210729,공항철도 1호선,김포공항,10003,6139,16142
20210729,공항철도 1호선,서울역,5780,5684,11464
20210729,공항철도 1호선,공덕,1901,2399,4300
20210729,공항철도 1호선,계양,7952,7368,15320
20210729,공항철도 1호선,디지털미디어시티,11618,10316,21934
20210729,공항철도 1호선,마곡나루,6368,6128,12496
20210729,공항철도 1호선,홍대입구,7286,7210,14496
20210730,공항철도 1호선,공덕,1887,2426,4313
20210730,공항철도 1호선,홍대입구,7664,7626,15290
20210730,공항철도 1호선,디지털미디어시티,11293,10067,21360
20210730,공항철도 1호선,마곡나루,5802,5510,11312
20210730,공항철도 1호선,김포공항,11611,7258,18869
20210730,공항철도 1호선,계양,7996,7532,15528
20210730,공항철도 1호선,서울역,6847,6771,13618
20210730,공항철도 1호선,청라국제도시,5567,5317,10884
20210730,공항철도 1호선,운서,5689,5611,11300
20210730,공항철도 1호선,공항화물청사,2142,2230,4372
20210730,공항철도 1호선,인천공항1터미널,3812,4129,7941
20210730,공항철도 1호선,인천공항2터미널,2708,2559,5267
20210730,공항철도 1호선,영종,2599,2701,5300
20210730,공항철도 1호선,검암,5961,5946,11907
20210731,공항철도 1호선,서울역,4660,5106,9766
20210731,공항철도 1호선,공덕,1019,1389,2408
20210731,공항철도 1호선,홍대입구,7347,6874,14221
20210731,공항철도 1호선,디지털미디어시티,3373,3248,6621
20210731,공항철도 1호선,마곡나루,2005,2125,4130
20210731,공항철도 1호선,김포공항,9019,5161,14180
20210731,공항철도 1호선,계양,4779,4425,9204
20210731,공항철도 1호선,검암,3244,3310,6554
20210731,공항철도 1호선,운서,4477,4662,9139
20210731,공항철도 1호선,공항화물청사,1180,1231,2411
20210731,공항철도 1호선,인천공항1터미널,3830,3917,7747
20210731,공항철도 1호선,영종,2113,2124,4237
20210731,공항철도 1호선,청라국제도시,2860,2784,5644
20210731,공항철도 1호선,인천공항2터미널,2473,2274,4747
20210801,공항철도 1호선,서울역,5088,4192,9280
20210801,공항철도 1호선,계양,3344,3302,6646
20210801,공항철도 1호선,공덕,828,1087,1915
20210801,공항철도 1호선,홍대입구,5472,5283,10755
20210801,공항철도 1호선,디지털미디어시티,2513,2565,5078
20210801,공항철도 1호선,마곡나루,1209,1303,2512
20210801,공항철도 1호선,김포공항,10177,4875,15052
20210801,공항철도 1호선,검암,2409,2528,4937
20210801,공항철도 1호선,운서,3612,3863,7475
20210801,공항철도 1호선,공항화물청사,844,934,1778
20210801,공항철도 1호선,인천공항1터미널,3063,3136,6199
20210801,공항철도 1호선,인천공항2터미널,2176,2058,4234
20210801,공항철도 1호선,영종,1598,1585,3183
20210801,공항철도 1호선,청라국제도시,2133,2067,4200
20210802,공항철도 1호선,공덕,1795,2279,4074
20210802,공항철도 1호선,홍대입구,7179,7227,14406
20210802,공항철도 1호선,디지털미디어시티,11224,10222,21446
20210802,공항철도 1호선,마곡나루,5904,5805,11709
20210802,공항철도 1호선,김포공항,10612,5699,16311
20210802,공항철도 1호선,계양,7541,7186,14727
20210802,공항철도 1호선,서울역,5940,5261,11201
20210802,공항철도 1호선,청라국제도시,5394,5024,10418
20210802,공항철도 1호선,운서,5252,5464,10716
20210802,공항철도 1호선,공항화물청사,2110,2278,4388
20210802,공항철도 1호선,인천공항1터미널,3281,3436,6717
20210802,공항철도 1호선,인천공항2터미널,2262,2101,4363
20210802,공항철도 1호선,영종,2577,2493,5070
20210802,공항철도 1호선,검암,5540,5599,11139
20210803,공항철도 1호선,영종,2460,2463,4923
20210803,공항철도 1호선,인천공항2터미널,2399,2285,4684
20210803,공항철도 1호선,인천공항1터미널,3613,3667,7280
20210803,공항철도 1호선,공항화물청사,2222,2352,4574
20210803,공항철도 1호선,운서,5313,5386,10699
20210803,공항철도 1호선,청라국제도시,5398,5082,10480
20210803,공항철도 1호선,검암,5729,5745,11474
20210803,공항철도 1호선,계양,7656,7445,15101
20210803,공항철도 1호선,마곡나루,5966,5762,11728
20210803,공항철도 1호선,디지털미디어시티,11436,10460,21896
20210803,공항철도 1호선,홍대입구,7255,7189,14444
20210803,공항철도 1호선,공덕,1882,2272,4154
20210803,공항철도 1호선,서울역,5843,4995,10838
20210803,공항철도 1호선,김포공항,10088,5685,15773
20210804,공항철도 1호선,청라국제도시,5469,5250,10719
20210804,공항철도 1호선,인천공항2터미널,2385,2286,4671
20210804,공항철도 1호선,인천공항1터미널,3583,3794,7377
20210804,공항철도 1호선,공항화물청사,2176,2319,4495
20210804,공항철도 1호선,운서,5309,5420,10729
20210804,공항철도 1호선,검암,5834,5685,11519
20210804,공항철도 1호선,영종,2542,2534,5076
20210804,공항철도 1호선,김포공항,10275,5808,16083
20210804,공항철도 1호선,서울역,5735,5090,10825
20210804,공항철도 1호선,공덕,1791,2311,4102
20210804,공항철도 1호선,계양,7763,7369,15132
20210804,공항철도 1호선,디지털미디어시티,11477,10301,21778
20210804,공항철도 1호선,마곡나루,6045,5875,11920
20210804,공항철도 1호선,홍대입구,7421,7308,14729
20210805,공항철도 1호선,영종,2521,2518,5039
20210805,공항철도 1호선,인천공항2터미널,2668,2562,5230
20210805,공항철도 1호선,인천공항1터미널,3674,3838,7512
20210805,공항철도 1호선,공항화물청사,2221,2359,4580
20210805,공항철도 1호선,운서,5441,5574,11015
20210805,공항철도 1호선,검암,5916,5809,11725
20210805,공항철도 1호선,청라국제도시,5612,5251,10863
20210805,공항철도 1호선,김포공항,10131,6005,16136
20210805,공항철도 1호선,마곡나루,6102,5788,11890
20210805,공항철도 1호선,디지털미디어시티,11499,10420,21919
20210805,공항철도 1호선,홍대입구,7692,7622,15314
20210805,공항철도 1호선,공덕,1887,2463,4350
20210805,공항철도 1호선,서울역,5860,5547,11407
20210805,공항철도 1호선,계양,7916,7554,15470
20210806,공항철도 1호선,김포공항,11254,6827,18081
20210806,공항철도 1호선,공덕,1937,2389,4326
20210806,공항철도 1호선,서울역,6842,6449,13291
20210806,공항철도 1호선,홍대입구,7981,8049,16030
20210806,공항철도 1호선,디지털미디어시티,11591,10298,21889
20210806,공항철도 1호선,마곡나루,5715,5454,11169
20210806,공항철도 1호선,계양,8007,7637,15644
20210806,공항철도 1호선,인천공항2터미널,2564,2437,5001
20210806,공항철도 1호선,청라국제도시,5504,5281,10785
20210806,공항철도 1호선,운서,5683,5641,11324
20210806,공항철도 1호선,공항화물청사,2132,2284,4416
20210806,공항철도 1호선,인천공항1터미널,3790,4035,7825
20210806,공항철도 1호선,영종,2534,2650,5184
20210806,공항철도 1호선,검암,5999,5978,11977
20210807,공항철도 1호선,영종,2289,2328,4617
20210807,공항철도 1호선,인천공항2터미널,2240,2138,4378
20210807,공항철도 1호선,인천공항1터미널,3533,3528,7061
20210807,공항철도 1호선,공항화물청사,1231,1289,2520
20210807,공항철도 1호선,운서,4654,5023,9677
20210807,공항철도 1호선,검암,3432,3447,6879
20210807,공항철도 1호선,청라국제도시,3114,3062,6176
20210807,공항철도 1호선,김포공항,9148,5171,14319
20210807,공항철도 1호선,서울역,4771,4764,9535
20210807,공항철도 1호선,공덕,1120,1527,2647
20210807,공항철도 1호선,계양,4826,4752,9578
20210807,공항철도 1호선,디지털미디어시티,3788,3509,7297
20210807,공항철도 1호선,마곡나루,2001,2150,4151
20210807,공항철도 1호선,홍대입구,8021,7811,15832
20210808,공항철도 1호선,인천공항2터미널,2240,2139,4379
20210808,공항철도 1호선,인천공항1터미널,3376,3301,6677
20210808,공항철도 1호선,공항화물청사,892,965,1857
20210808,공항철도 1호선,운서,3946,4132,8078
20210808,공항철도 1호선,청라국제도시,2329,2226,4555
20210808,공항철도 1호선,검암,2610,2668,5278
20210808,공항철도 1호선,영종,1791,1872,3663
20210808,공항철도 1호선,김포공항,10303,5197,15500
20210808,공항철도 1호선,마곡나루,1451,1577,3028
20210808,공항철도 1호선,디지털미디어시티,2633,2695,5328
20210808,공항철도 1호선,홍대입구,6204,6203,12407
20210808,공항철도 1호선,공덕,816,1097,1913
20210808,공항철도 1호선,서울역,5234,4036,9270
20210808,공항철도 1호선,계양,3534,3655,7189
20210809,공항철도 1호선,서울역,6049,5509,11558
20210809,공항철도 1호선,공덕,1959,2411,4370
20210809,공항철도 1호선,홍대입구,7494,7489,14983
20210809,공항철도 1호선,디지털미디어시티,11974,10848,22822
20210809,공항철도 1호선,마곡나루,6628,6495,13123
20210809,공항철도 1호선,김포공항,11143,6032,17175
20210809,공항철도 1호선,계양,8113,7859,15972
20210809,공항철도 1호선,검암,5960,5821,11781
20210809,공항철도 1호선,운서,5646,5720,11366
20210809,공항철도 1호선,공항화물청사,2100,2318,4418
20210809,공항철도 1호선,인천공항1터미널,3389,3409,6798
20210809,공항철도 1호선,영종,2680,2686,5366
20210809,공항철도 1호선,청라국제도시,5812,5508,11320
20210809,공항철도 1호선,인천공항2터미널,2700,2461,5161
20210810,공항철도 1호선,서울역,5847,5318,11165
20210810,공항철도 1호선,계양,8223,7861,16084
20210810,공항철도 1호선,공덕,1962,2437,4399
20210810,공항철도 1호선,홍대입구,7606,7734,15340
20210810,공항철도 1호선,디지털미디어시티,12208,11163,23371
20210810,공항철도 1호선,마곡나루,6835,6503,13338
20210810,공항철도 1호선,김포공항,10331,5725,16056
20210810,공항철도 1호선,검암,5983,5903,11886
20210810,공항철도 1호선,운서,5510,5707,11217
20210810,공항철도 1호선,영종,2609,2625,5234
20210810,공항철도 1호선,인천공항2터미널,2303,2154,4457
20210810,공항철도 1호선,청라국제도시,5903,5573,11476
20210810,공항철도 1호선,공항화물청사,2203,2317,4520
20210810,공항철도 1호선,인천공항1터미널,3436,3453,6889
20210811,공항철도 1호선,영종,2590,2627,5217
20210811,공항철도 1호선,인천공항2터미널,2293,2158,4451
20210811,공항철도 1호선,인천공항1터미널,3330,3548,6878
20210811,공항철도 1호선,공항화물청사,2196,2264,4460
20210811,공항철도 1호선,청라국제도시,5674,5412,11086
20210811,공항철도 1호선,검암,5907,5936,11843
20210811,공항철도 1호선,운서,5494,5509,11003
20210811,공항철도 1호선,김포공항,10387,5989,16376
20210811,공항철도 1호선,마곡나루,6763,6517,13280
20210811,공항철도 1호선,디지털미디어시티,11873,10846,22719
20210811,공항철도 1호선,홍대입구,7713,7777,15490
20210811,공항철도 1호선,공덕,1922,2404,4326
20210811,공항철도 1호선,서울역,5843,5296,11139
20210811,공항철도 1호선,계양,8254,7868,16122
20210812,공항철도 1호선,김포공항,10363,6409,16772
20210812,공항철도 1호선,공덕,1926,2539,4465
20210812,공항철도 1호선,홍대입구,7880,7786,15666
20210812,공항철도 1호선,서울역,6008,5730,11738
20210812,공항철도 1호선,디지털미디어시티,12017,10819,22836
20210812,공항철도 1호선,마곡나루,6649,6388,13037
20210812,공항철도 1호선,계양,8299,7858,16157
20210812,공항철도 1호선,인천공항1터미널,3476,3531,7007
20210812,공항철도 1호선,청라국제도시,5863,5600,11463
20210812,공항철도 1호선,운서,5604,5655,11259
20210812,공항철도 1호선,공항화물청사,2250,2399,4649
20210812,공항철도 1호선,인천공항2터미널,2400,2229,4629
20210812,공항철도 1호선,검암,6026,5880,11906
20210812,공항철도 1호선,영종,2571,2617,5188
20210813,공항철도 1호선,검암,6077,5987,12064
20210813,공항철도 1호선,영종,2677,2751,5428
20210813,공항철도 1호선,인천공항2터미널,2224,2089,4313
20210813,공항철도 1호선,인천공항1터미널,3512,3758,7270
20210813,공항철도 1호선,공항화물청사,2104,2319,4423
20210813,공항철도 1호선,운서,5718,5864,11582
20210813,공항철도 1호선,청라국제도시,5891,5617,11508
20210813,공항철도 1호선,계양,8183,7762,15945
20210813,공항철도 1호선,마곡나루,6289,6043,12332
20210813,공항철도 1호선,디지털미디어시티,11591,10128,21719
20210813,공항철도 1호선,홍대입구,8630,8473,17103
20210813,공항철도 1호선,공덕,2051,2528,4579
20210813,공항철도 1호선,서울역,7072,7255,14327
20210813,공항철도 1호선,김포공항,12035,7396,19431
20210814,공항철도 1호선,공덕,1178,1561,2739
20210814,공항철도 1호선,홍대입구,8343,7729,16072
20210814,공항철도 1호선,디지털미디어시티,3721,3513,7234
20210814,공항철도 1호선,마곡나루,2337,2458,4795
20210814,공항철도 1호선,김포공항,9753,5767,15520
20210814,공항철도 1호선,계양,5259,4912,10171
20210814,공항철도 1호선,서울역,5107,5785,10892
20210814,공항철도 1호선,청라국제도시,3253,3068,6321
20210814,공항철도 1호선,운서,4879,5089,9968
20210814,공항철도 1호선,공항화물청사,1219,1202,2421
20210814,공항철도 1호선,인천공항1터미널,3596,3582,7178
20210814,공항철도 1호선,인천공항2터미널,1900,1749,3649
20210814,공항철도 1호선,영종,2267,2535,4802
20210814,공항철도 1호선,검암,3680,3640,7320
20210815,공항철도 1호선,서울역,4885,4244,9129
20210815,공항철도 1호선,공덕,894,1213,2107
20210815,공항철도 1호선,홍대입구,6947,6826,13773
20210815,공항철도 1호선,디지털미디어시티,2784,2787,5571
20210815,공항철도 1호선,마곡나루,1657,1899,3556
20210815,공항철도 1호선,김포공항,9467,4911,14378
20210815,공항철도 1호선,계양,3935,4030,7965
20210815,공항철도 1호선,검암,2794,2899,5693
20210815,공항철도 1호선,운서,4117,4408,8525
20210815,공항철도 1호선,공항화물청사,954,972,1926
20210815,공항철도 1호선,인천공항1터미널,3654,3565,7219
20210815,공항철도 1호선,인천공항2터미널,2002,1948,3950
20210815,공항철도 1호선,영종,1967,2116,4083
20210815,공항철도 1호선,청라국제도시,2454,2464,4918
20210816,공항철도 1호선,청라국제도시,2940,2830,5770
20210816,공항철도 1호선,인천공항2터미널,2102,1882,3984
20210816,공항철도 1호선,인천공항1터미널,3358,3303,6661
20210816,공항철도 1호선,공항화물청사,1061,1196,2257
20210816,공항철도 1호선,운서,4618,4935,9553
20210816,공항철도 1호선,검암,3326,3430,6756
20210816,공항철도 1호선,영종,2367,2179,4546
20210816,공항철도 1호선,김포공항,11269,5357,16626
20210816,공항철도 1호선,서울역,6018,4491,10509
20210816,공항철도 1호선,공덕,1139,1402,2541
20210816,공항철도 1호선,계양,4723,4652,9375
20210816,공항철도 1호선,디지털미디어시티,3742,3776,7518
20210816,공항철도 1호선,마곡나루,2028,2202,4230
20210816,공항철도 1호선,홍대입구,6916,6592,13508
20210817,공항철도 1호선,영종,2589,2535,5124
20210817,공항철도 1호선,인천공항2터미널,2143,1949,4092
20210817,공항철도 1호선,인천공항1터미널,3277,3420,6697
20210817,공항철도 1호선,공항화물청사,2039,2341,4380
20210817,공항철도 1호선,운서,5486,5624,11110
20210817,공항철도 1호선,검암,6239,5852,12091
20210817,공항철도 1호선,청라국제도시,5696,5521,11217
20210817,공항철도 1호선,김포공항,11198,5789,16987
20210817,공항철도 1호선,마곡나루,6857,6588,13445
20210817,공항철도 1호선,디지털미디어시티,12195,11229,23424
20210817,공항철도 1호선,홍대입구,7289,7436,14725
20210817,공항철도 1호선,공덕,1930,2581,4511
20210817,공항철도 1호선,서울역,6202,5616,11818
20210817,공항철도 1호선,계양,8292,7936,16228
20210818,공항철도 1호선,김포공항,10511,5698,16209
20210818,공항철도 1호선,서울역,5872,5413,11285
20210818,공항철도 1호선,공덕,1957,2439,4396
20210818,공항철도 1호선,홍대입구,7751,7782,15533
20210818,공항철도 1호선,디지털미디어시티,11989,10905,22894
20210818,공항철도 1호선,마곡나루,7129,6808,13937
20210818,공항철도 1호선,계양,8307,7892,16199
20210818,공항철도 1호선,인천공항2터미널,2102,1994,4096
20210818,공항철도 1호선,청라국제도시,5688,5476,11164
20210818,공항철도 1호선,운서,5540,5567,11107
20210818,공항철도 1호선,공항화물청사,2161,2331,4492
20210818,공항철도 1호선,인천공항1터미널,3141,3445,6586
20210818,공항철도 1호선,영종,2441,2515,4956
20210818,공항철도 1호선,검암,6095,6017,12112
20210819,공항철도 1호선,운서,5737,5814,11551
20210819,공항철도 1호선,영종,2663,2669,5332
20210819,공항철도 1호선,인천공항2터미널,2239,2143,4382
20210819,공항철도 1호선,인천공항1터미널,3532,3622,7154
20210819,공항철도 1호선,공항화물청사,2188,2355,4543
20210819,공항철도 1호선,검암,6212,6041,12253
20210819,공항철도 1호선,청라국제도시,5810,5540,11350
20210819,공항철도 1호선,김포공항,10318,5901,16219
20210819,공항철도 1호선,계양,8595,8108,16703
20210819,공항철도 1호선,마곡나루,7119,6786,13905
20210819,공항철도 1호선,디지털미디어시티,12060,11142,23202
20210819,공항철도 1호선,홍대입구,7911,7893,15804
20210819,공항철도 1호선,공덕,2008,2585,4593
20210819,공항철도 1호선,서울역,6230,5700,11930
20210820,공항철도 1호선,인천공항2터미널,2211,2051,4262
20210820,공항철도 1호선,인천공항1터미널,3528,3701,7229
20210820,공항철도 1호선,공항화물청사,2144,2250,4394
20210820,공항철도 1호선,운서,5922,5910,11832
20210820,공항철도 1호선,청라국제도시,6056,5777,11833
20210820,공항철도 1호선,검암,6240,6240,12480
20210820,공항철도 1호선,영종,2665,2815,5480
20210820,공항철도 1호선,김포공항,12303,6732,19035
20210820,공항철도 1호선,마곡나루,6790,6390,13180
20210820,공항철도 1호선,디지털미디어시티,11990,10859,22849
20210820,공항철도 1호선,홍대입구,8396,8373,16769
20210820,공항철도 1호선,공덕,2052,2597,4649
20210820,공항철도 1호선,서울역,7025,6729,13754
20210820,공항철도 1호선,계양,8587,8175,16762
20210821,공항철도 1호선,서울역,5324,6777,12101
20210821,공항철도 1호선,공덕,994,1422,2416
20210821,공항철도 1호선,홍대입구,7282,7182,14464
20210821,공항철도 1호선,디지털미디어시티,3509,3291,6800
20210821,공항철도 1호선,마곡나루,2024,2158,4182
20210821,공항철도 1호선,김포공항,8529,4315,12844
20210821,공항철도 1호선,계양,4609,4372,8981
20210821,공항철도 1호선,검암,3050,3152,6202
20210821,공항철도 1호선,운서,4221,4326,8547
20210821,공항철도 1호선,공항화물청사,1157,1174,2331
20210821,공항철도 1호선,인천공항1터미널,2852,2827,5679
20210821,공항철도 1호선,인천공항2터미널,1844,1763,3607
20210821,공항철도 1호선,영종,2004,2018,4022
20210821,공항철도 1호선,청라국제도시,2939,2799,5738
20210822,공항철도 1호선,청라국제도시,2560,2579,5139
20210822,공항철도 1호선,영종,1925,1950,3875
20210822,공항철도 1호선,인천공항2터미널,1834,1700,3534
20210822,공항철도 1호선,인천공항1터미널,2966,2914,5880
20210822,공항철도 1호선,공항화물청사,941,981,1922
20210822,공항철도 1호선,운서,4032,4280,8312
20210822,공항철도 1호선,검암,2930,3034,5964
20210822,공항철도 1호선,공덕,928,1189,2117
20210822,공항철도 1호선,김포공항,10239,5210,15449
20210822,공항철도 1호선,마곡나루,1751,1914,3665
20210822,공항철도 1호선,디지털미디어시티,2871,2947,5818
20210822,공항철도 1호선,홍대입구,7268,6704,13972
20210822,공항철도 1호선,계양,4001,4014,8015
20210822,공항철도 1호선,서울역,5275,4484,9759
20210823,공항철도 1호선,영종,2553,2537,5090
20210823,공항철도 1호선,인천공항2터미널,2066,1990,4056
20210823,공항철도 1호선,인천공항1터미널,3007,3104,6111
20210823,공항철도 1호선,공항화물청사,1956,2234,4190
20210823,공항철도 1호선,운서,5455,5452,10907
20210823,공항철도 1호선,청라국제도시,5689,5460,11149
20210823,공항철도 1호선,검암,6060,5686,11746
20210823,공항철도 1호선,계양,8279,7859,16138
20210823,공항철도 1호선,김포공항,9822,5276,15098
20210823,공항철도 1호선,마곡나루,6772,6480,13252
20210823,공항철도 1호선,디지털미디어시티,12272,11262,23534
20210823,공항철도 1호선,홍대입구,6968,7169,14137
20210823,공항철도 1호선,공덕,1926,2484,4410
20210823,공항철도 1호선,서울역,6160,5612,11772
20210824,공항철도 1호선,공덕,1982,2487,4469
20210824,공항철도 1호선,홍대입구,7026,7238,14264
20210824,공항철도 1호선,디지털미디어시티,12330,11184,23514
20210824,공항철도 1호선,마곡나루,6907,6521,13428
20210824,공항철도 1호선,김포공항,9534,5561,15095
20210824,공항철도 1호선,계양,8178,7968,16146
20210824,공항철도 1호선,서울역,6047,6308,12355
20210824,공항철도 1호선,청라국제도시,5771,5383,11154
20210824,공항철도 1호선,운서,5411,5533,10944
20210824,공항철도 1호선,공항화물청사,2145,2259,4404
20210824,공항철도 1호선,인천공항1터미널,3150,3113,6263
20210824,공항철도 1호선,인천공항2터미널,2053,1939,3992
20210824,공항철도 1호선,영종,2438,2420,4858
20210824,공항철도 1호선,검암,5915,5808,11723
20210825,공항철도 1호선,공덕,2067,2567,4634
20210825,공항철도 1호선,홍대입구,8119,8264,16383
20210825,공항철도 1호선,디지털미디어시티,12361,11439,23800
20210825,공항철도 1호선,마곡나루,7382,6951,14333
20210825,공항철도 1호선,김포공항,10146,5969,16115
20210825,공항철도 1호선,계양,8681,8187,16868
20210825,공항철도 1호선,서울역,6336,5646,11982
20210825,공항철도 1호선,청라국제도시,5869,5587,11456
20210825,공항철도 1호선,운서,5727,5873,11600
20210825,공항철도 1호선,공항화물청사,2140,2347,4487
20210825,공항철도 1호선,인천공항1터미널,3098,3308,6406
20210825,공항철도 1호선,인천공항2터미널,2059,1903,3962
20210825,공항철도 1호선,영종,2642,2706,5348
20210825,공항철도 1호선,검암,6243,6136,12379
20210826,공항철도 1호선,영종,2601,2644,5245
20210826,공항철도 1호선,인천공항2터미널,2156,2104,4260
20210826,공항철도 1호선,인천공항1터미널,3326,3516,6842
20210826,공항철도 1호선,공항화물청사,2172,2331,4503
20210826,공항철도 1호선,운서,5728,5804,11532
20210826,공항철도 1호선,청라국제도시,5911,5685,11596
20210826,공항철도 1호선,검암,6226,6086,12312
20210826,공항철도 1호선,계양,8587,8118,16705
20210826,공항철도 1호선,마곡나루,7186,6786,13972
20210826,공항철도 1호선,디지털미디어시티,12146,10967,23113
20210826,공항철도 1호선,홍대입구,8140,8261,16401
20210826,공항철도 1호선,공덕,2018,2670,4688
20210826,공항철도 1호선,서울역,6426,5910,12336
20210826,공항철도 1호선,김포공항,10456,6365,16821
20210827,공항철도 1호선,청라국제도시,5802,5593,11395
20210827,공항철도 1호선,인천공항2터미널,2150,1998,4148
20210827,공항철도 1호선,인천공항1터미널,3313,3469,6782
20210827,공항철도 1호선,공항화물청사,2103,2191,4294
20210827,공항철도 1호선,운서,5866,5716,11582
20210827,공항철도 1호선,검암,6281,6169,12450
20210827,공항철도 1호선,영종,2647,2754,5401
20210827,공항철도 1호선,김포공항,12210,7129,19339
20210827,공항철도 1호선,마곡나루,6699,6308,13007
20210827,공항철도 1호선,디지털미디어시티,11916,10741,22657
20210827,공항철도 1호선,홍대입구,8443,8424,16867
20210827,공항철도 1호선,공덕,1984,2609,4593
20210827,공항철도 1호선,서울역,7306,6894,14200
20210827,공항철도 1호선,계양,8405,7973,16378
20210828,공항철도 1호선,영종,2540,2613,5153
20210828,공항철도 1호선,인천공항2터미널,1937,1848,3785
20210828,공항철도 1호선,인천공항1터미널,3306,3341,6647
20210828,공항철도 1호선,공항화물청사,1275,1324,2599
20210828,공항철도 1호선,운서,4962,5211,10173
20210828,공항철도 1호선,청라국제도시,3416,3421,6837
20210828,공항철도 1호선,검암,4203,4230,8433
20210828,공항철도 1호선,공덕,1244,1655,2899
20210828,공항철도 1호선,김포공항,9903,5539,15442
20210828,공항철도 1호선,마곡나루,2784,2876,5660
20210828,공항철도 1호선,디지털미디어시티,4250,3929,8179
20210828,공항철도 1호선,홍대입구,9726,9311,19037
20210828,공항철도 1호선,계양,5671,5469,11140
20210828,공항철도 1호선,서울역,5601,5798,11399
20210829,공항철도 1호선,영종,2057,1968,4025
20210829,공항철도 1호선,인천공항2터미널,1734,1614,3348
20210829,공항철도 1호선,인천공항1터미널,3240,3206,6446
20210829,공항철도 1호선,공항화물청사,918,967,1885
20210829,공항철도 1호선,운서,4253,4488,8741
20210829,공항철도 1호선,청라국제도시,2673,2571,5244
20210829,공항철도 1호선,검암,3228,3304,6532
20210829,공항철도 1호선,김포공항,10680,5391,16071
20210829,공항철도 1호선,마곡나루,1999,2122,4121
20210829,공항철도 1호선,디지털미디어시티,2878,2928,5806
20210829,공항철도 1호선,홍대입구,7960,7389,15349
20210829,공항철도 1호선,공덕,915,1242,2157
20210829,공항철도 1호선,서울역,5725,5032,10757
20210829,공항철도 1호선,계양,4219,4109,8328
20210830,공항철도 1호선,청라국제도시,5995,5586,11581
20210830,공항철도 1호선,영종,2697,2732,5429
20210830,공항철도 1호선,인천공항2터미널,2116,1917,4033
20210830,공항철도 1호선,인천공항1터미널,3327,3370,6697
20210830,공항철도 1호선,공항화물청사,2160,2324,4484
20210830,공항철도 1호선,운서,5686,5853,11539
20210830,공항철도 1호선,검암,6333,6169,12502
20210830,공항철도 1호선,서울역,6466,5908,12374
20210830,공항철도 1호선,김포공항,11703,6018,17721
20210830,공항철도 1호선,마곡나루,7209,7053,14262
20210830,공항철도 1호선,디지털미디어시티,12283,11358,23641
20210830,공항철도 1호선,홍대입구,7731,7810,15541
20210830,공항철도 1호선,공덕,2037,2519,4556
20210830,공항철도 1호선,계양,8777,8343,17120
20210831,공항철도 1호선,청라국제도시,5752,5471,11223
20210831,공항철도 1호선,영종,2489,2363,4852
20210831,공항철도 1호선,인천공항2터미널,2071,2004,4075
20210831,공항철도 1호선,인천공항1터미널,3270,3207,6477
20210831,공항철도 1호선,공항화물청사,2181,2342,4523
20210831,공항철도 1호선,운서,5355,5495,10850
20210831,공항철도 1호선,검암,5908,5701,11609
20210831,공항철도 1호선,서울역,5942,5505,11447
20210831,공항철도 1호선,김포공항,10640,5780,16420
20210831,공항철도 1호선,마곡나루,6800,6503,13303
20210831,공항철도 1호선,디지털미디어시티,12598,11277,23875
20210831,공항철도 1호선,홍대입구,6935,7227,14162
20210831,공항철도 1호선,공덕,1968,2560,4528
20210831,공항철도 1호선,계양,8488,8120,16608
20210901,공항철도 1호선,영종,2530,2621,5151
20210901,공항철도 1호선,인천공항2터미널,2046,1966,4012
20210901,공항철도 1호선,인천공항1터미널,3049,3377,6426
20210901,공항철도 1호선,공항화물청사,2201,2350,4551
20210901,공항철도 1호선,운서,5630,5695,11325
20210901,공항철도 1호선,청라국제도시,5843,5624,11467
20210901,공항철도 1호선,검암,6097,6090,12187
20210901,공항철도 1호선,김포공항,9963,5697,15660
20210901,공항철도 1호선,마곡나루,7367,6955,14322
20210901,공항철도 1호선,디지털미디어시티,12319,11360,23679
20210901,공항철도 1호선,홍대입구,7566,7592,15158
20210901,공항철도 1호선,공덕,2018,2611,4629
20210901,공항철도 1호선,서울역,5763,5263,11026
20210901,공항철도 1호선,계양,8568,8161,16729
20210902,공항철도 1호선,김포공항,9853,5760,15613
20210902,공항철도 1호선,서울역,6075,5683,11758
20210902,공항철도 1호선,공덕,2022,2558,4580
20210902,공항철도 1호선,홍대입구,7843,7873,15716
20210902,공항철도 1호선,디지털미디어시티,12464,11430,23894
20210902,공항철도 1호선,마곡나루,7415,7209,14624
20210902,공항철도 1호선,계양,8754,8227,16981
20210902,공항철도 1호선,검암,6274,6270,12544
20210902,공항철도 1호선,청라국제도시,5874,5665,11539
20210902,공항철도 1호선,운서,5881,5908,11789
20210902,공항철도 1호선,공항화물청사,2316,2430,4746
20210902,공항철도 1호선,인천공항1터미널,3302,3348,6650
20210902,공항철도 1호선,인천공항2터미널,2050,2028,4078
20210902,공항철도 1호선,영종,2660,2698,5358
20210903,공항철도 1호선,서울역,7631,7186,14817
20210903,공항철도 1호선,공덕,2042,2689,4731
20210903,공항철도 1호선,홍대입구,8813,8783,17596
20210903,공항철도 1호선,디지털미디어시티,12033,10757,22790
20210903,공항철도 1호선,마곡나루,7151,6811,13962
20210903,공항철도 1호선,김포공항,11628,6491,18119
20210903,공항철도 1호선,계양,9009,8493,17502
20210903,공항철도 1호선,영종,2799,2939,5738
20210903,공항철도 1호선,청라국제도시,6288,5953,12241
20210903,공항철도 1호선,운서,6232,6139,12371
20210903,공항철도 1호선,공항화물청사,2166,2349,4515
20210903,공항철도 1호선,인천공항1터미널,3454,3783,7237
20210903,공항철도 1호선,인천공항2터미널,2074,1911,3985
20210903,공항철도 1호선,검암,6586,6525,13111
20210904,공항철도 1호선,영종,2603,2800,5403
20210904,공항철도 1호선,인천공항2터미널,1888,1641,3529
20210904,공항철도 1호선,인천공항1터미널,3232,3353,6585
20210904,공항철도 1호선,공항화물청사,1347,1371,2718
20210904,공항철도 1호선,운서,5487,5667,11154
20210904,공항철도 1호선,청라국제도시,3639,3500,7139
20210904,공항철도 1호선,검암,4363,4457,8820
20210904,공항철도 1호선,계양,6055,5871,11926
20210904,공항철도 1호선,김포공항,9444,5103,14547
20210904,공항철도 1호선,마곡나루,2889,3136,6025
20210904,공항철도 1호선,디지털미디어시티,4316,4088,8404
20210904,공항철도 1호선,홍대입구,10325,9986,20311
20210904,공항철도 1호선,공덕,1280,1750,3030
20210904,공항철도 1호선,서울역,5679,5980,11659
20210905,공항철도 1호선,서울역,6019,5072,11091
20210905,공항철도 1호선,공덕,956,1282,2238
20210905,공항철도 1호선,홍대입구,8125,7648,15773
20210905,공항철도 1호선,디지털미디어시티,2977,3052,6029
20210905,공항철도 1호선,마곡나루,2103,2264,4367
20210905,공항철도 1호선,김포공항,10192,5211,15403
20210905,공항철도 1호선,계양,4505,4326,8831
20210905,공항철도 1호선,청라국제도시,2703,2662,5365
20210905,공항철도 1호선,운서,4426,4827,9253
20210905,공항철도 1호선,공항화물청사,943,1017,1960
20210905,공항철도 1호선,인천공항2터미널,1639,1504,3143
20210905,공항철도 1호선,영종,2182,2089,4271
20210905,공항철도 1호선,인천공항1터미널,3299,3185,6484
20210905,공항철도 1호선,검암,3266,3422,6688
20210906,공항철도 1호선,영종,2678,2620,5298
20210906,공항철도 1호선,인천공항2터미널,2003,1832,3835
20210906,공항철도 1호선,인천공항1터미널,2916,2918,5834
20210906,공항철도 1호선,공항화물청사,2093,2377,4470
20210906,공항철도 1호선,운서,5605,5630,11235
20210906,공항철도 1호선,청라국제도시,5998,5706,11704
20210906,공항철도 1호선,검암,6322,5931,12253
20210906,공항철도 1호선,서울역,6133,5709,11842
20210906,공항철도 1호선,김포공항,10762,5850,16612
20210906,공항철도 1호선,마곡나루,7113,6891,14004
20210906,공항철도 1호선,디지털미디어시티,12933,11692,24625
20210906,공항철도 1호선,홍대입구,7164,7300,14464
20210906,공항철도 1호선,공덕,1980,2570,4550
20210906,공항철도 1호선,계양,8817,8321,17138
20210907,공항철도 1호선,영종,2341,2340,4681
20210907,공항철도 1호선,인천공항2터미널,1822,1802,3624
20210907,공항철도 1호선,인천공항1터미널,2924,2956,5880
20210907,공항철도 1호선,공항화물청사,2139,2339,4478
20210907,공항철도 1호선,청라국제도시,5673,5467,11140
20210907,공항철도 1호선,검암,5981,5787,11768
20210907,공항철도 1호선,계양,8533,8023,16556
20210907,공항철도 1호선,마곡나루,6889,6577,13466
20210907,공항철도 1호선,디지털미디어시티,12372,11331,23703
20210907,공항철도 1호선,홍대입구,6708,6820,13528
20210907,공항철도 1호선,공덕,1922,2431,4353
20210907,공항철도 1호선,서울역,5544,5158,10702
20210907,공항철도 1호선,운서,5175,5252,10427
20210907,공항철도 1호선,김포공항,9188,5113,14301
20210908,공항철도 1호선,계양,9112,8502,17614
20210908,공항철도 1호선,검암,6327,6293,12620
20210908,공항철도 1호선,청라국제도시,6182,5855,12037
20210908,공항철도 1호선,운서,6006,6021,12027
20210908,공항철도 1호선,공항화물청사,2233,2378,4611
20210908,공항철도 1호선,인천공항1터미널,3075,3297,6372
20210908,공항철도 1호선,인천공항2터미널,1983,1935,3918
20210908,공항철도 1호선,영종,2781,2848,5629
20210908,공항철도 1호선,마곡나루,7628,7362,14990
20210908,공항철도 1호선,디지털미디어시티,12808,11604,24412
20210908,공항철도 1호선,홍대입구,8104,7994,16098
20210908,공항철도 1호선,공덕,2054,2630,4684
20210908,공항철도 1호선,서울역,6202,5632,11834
20210908,공항철도 1호선,김포공항,9462,5895,15357
20210909,공항철도 1호선,서울역,6383,6042,12425
20210909,공항철도 1호선,공덕,2048,2636,4684
20210909,공항철도 1호선,검암,6434,6344,12778
20210909,공항철도 1호선,청라국제도시,6038,5853,11891
20210909,공항철도 1호선,운서,5894,5925,11819
20210909,공항철도 1호선,공항화물청사,2212,2353,4565
20210909,공항철도 1호선,인천공항1터미널,3203,3226,6429
20210909,공항철도 1호선,인천공항2터미널,2005,1904,3909
20210909,공항철도 1호선,영종,2655,2743,5398
20210909,공항철도 1호선,홍대입구,8131,8188,16319
20210909,공항철도 1호선,디지털미디어시티,12390,11437,23827
20210909,공항철도 1호선,마곡나루,7382,7125,14507
20210909,공항철도 1호선,김포공항,9990,5437,15427
20210909,공항철도 1호선,계양,9039,8582,17621
20210910,공항철도 1호선,공덕,2125,2767,4892
20210910,공항철도 1호선,홍대입구,8862,8978,17840
20210910,공항철도 1호선,디지털미디어시티,12181,11014,23195
20210910,공항철도 1호선,마곡나루,7152,6801,13953
20210910,공항철도 1호선,김포공항,11624,6906,18530
20210910,공항철도 1호선,계양,9052,8620,17672
20210910,공항철도 1호선,서울역,7875,7223,15098
20210910,공항철도 1호선,청라국제도시,6341,5982,12323
20210910,공항철도 1호선,운서,6191,6221,12412
20210910,공항철도 1호선,공항화물청사,2182,2275,4457
20210910,공항철도 1호선,인천공항1터미널,3513,3798,7311
20210910,공항철도 1호선,인천공항2터미널,1975,1872,3847
20210910,공항철도 1호선,영종,2938,3042,5980
20210910,공항철도 1호선,검암,6645,6638,13283
20210911,공항철도 1호선,인천공항2터미널,1735,1625,3360
20210911,공항철도 1호선,인천공항1터미널,3268,3385,6653
20210911,공항철도 1호선,공항화물청사,1257,1313,2570
20210911,공항철도 1호선,운서,5527,5694,11221
20210911,공항철도 1호선,청라국제도시,3736,3678,7414
20210911,공항철도 1호선,검암,4393,4456,8849
20210911,공항철도 1호선,영종,2701,2753,5454
20210911,공항철도 1호선,김포공항,10005,5299,15304
20210911,공항철도 1호선,마곡나루,2979,3183,6162
20210911,공항철도 1호선,디지털미디어시티,4592,4290,8882
20210911,공항철도 1호선,홍대입구,10774,10365,21139
20210911,공항철도 1호선,공덕,1293,1828,3121
20210911,공항철도 1호선,서울역,6064,6278,12342
20210911,공항철도 1호선,계양,6110,5724,11834
20210912,공항철도 1호선,서울역,6063,5209,11272
20210912,공항철도 1호선,공덕,1033,1370,2403
20210912,공항철도 1호선,홍대입구,9124,8380,17504
20210912,공항철도 1호선,디지털미디어시티,3223,3229,6452
20210912,공항철도 1호선,마곡나루,2135,2419,4554
20210912,공항철도 1호선,김포공항,10048,5298,15346
20210912,공항철도 1호선,계양,4560,4465,9025
20210912,공항철도 1호선,검암,3350,3454,6804
20210912,공항철도 1호선,운서,4637,4921,9558
20210912,공항철도 1호선,공항화물청사,981,1044,2025
20210912,공항철도 1호선,인천공항1터미널,3120,3010,6130
20210912,공항철도 1호선,인천공항2터미널,1742,1634,3376
20210912,공항철도 1호선,영종,2206,2123,4329
20210912,공항철도 1호선,청라국제도시,2914,2852,5766
20210913,공항철도 1호선,김포공항,10898,5854,16752
20210913,공항철도 1호선,공덕,2082,2607,4689
20210913,공항철도 1호선,홍대입구,7867,7808,15675
20210913,공항철도 1호선,디지털미디어시티,12780,11647,24427
20210913,공항철도 1호선,마곡나루,7702,7403,15105
20210913,공항철도 1호선,계양,9109,8618,17727
20210913,공항철도 1호선,서울역,6442,6052,12494
20210913,공항철도 1호선,청라국제도시,6282,5985,12267
20210913,공항철도 1호선,영종,2886,2856,5742
20210913,공항철도 1호선,인천공항2터미널,1923,1847,3770
20210913,공항철도 1호선,검암,6541,6318,12859
20210913,공항철도 1호선,공항화물청사,2129,2345,4474
20210913,공항철도 1호선,운서,5910,5926,11836
20210913,공항철도 1호선,인천공항1터미널,2994,3113,6107
20210914,공항철도 1호선,공덕,2039,2631,4670
20210914,공항철도 1호선,홍대입구,7815,7877,15692
20210914,공항철도 1호선,디지털미디어시티,12828,11764,24592
20210914,공항철도 1호선,마곡나루,7813,7510,15323
20210914,공항철도 1호선,김포공항,9828,5285,15113
20210914,공항철도 1호선,계양,9037,8724,17761
20210914,공항철도 1호선,서울역,6256,5815,12071
20210914,공항철도 1호선,청라국제도시,6127,5831,11958
20210914,공항철도 1호선,운서,6009,6046,12055
20210914,공항철도 1호선,공항화물청사,2233,2424,4657
20210914,공항철도 1호선,인천공항1터미널,3216,3200,6416
20210914,공항철도 1호선,인천공항2터미널,1900,1885,3785
20210914,공항철도 1호선,영종,2752,2795,5547
20210914,공항철도 1호선,검암,6617,6437,13054
20210915,공항철도 1호선,서울역,6457,6052,12509
20210915,공항철도 1호선,공덕,2170,2678,4848
20210915,공항철도 1호선,홍대입구,8190,8353,16543
20210915,공항철도 1호선,디지털미디어시티,13295,12118,25413
20210915,공항철도 1호선,마곡나루,7937,7615,15552
20210915,공항철도 1호선,김포공항,9314,5769,15083
20210915,공항철도 1호선,계양,9269,8687,17956
20210915,공항철도 1호선,검암,6509,6425,12934
20210915,공항철도 1호선,운서,6068,6104,12172
20210915,공항철도 1호선,공항화물청사,2260,2440,4700
20210915,공항철도 1호선,인천공항1터미널,3276,3541,6817
20210915,공항철도 1호선,영종,2758,2809,5567
20210915,공항철도 1호선,청라국제도시,6171,5900,12071
20210915,공항철도 1호선,인천공항2터미널,1981,1914,3895
20210916,공항철도 1호선,서울역,7067,7478,14545
20210916,공항철도 1호선,계양,9301,8746,18047
20210916,공항철도 1호선,공덕,2127,2679,4806
20210916,공항철도 1호선,홍대입구,8522,8377,16899
20210916,공항철도 1호선,디지털미디어시티,13274,11971,25245
20210916,공항철도 1호선,마곡나루,7868,7477,15345
20210916,공항철도 1호선,김포공항,9110,6588,15698
20210916,공항철도 1호선,검암,6623,6500,13123
20210916,공항철도 1호선,운서,6112,6068,12180
20210916,공항철도 1호선,공항화물청사,2272,2397,4669
20210916,공항철도 1호선,인천공항1터미널,3277,3284,6561
20210916,공항철도 1호선,인천공항2터미널,2127,2032,4159
20210916,공항철도 1호선,영종,2833,2854,5687
20210916,공항철도 1호선,청라국제도시,6234,5914,12148
20210917,공항철도 1호선,인천공항2터미널,1988,1867,3855
20210917,공항철도 1호선,인천공항1터미널,3443,3803,7246
20210917,공항철도 1호선,공항화물청사,2240,2310,4550
20210917,공항철도 1호선,운서,6477,6198,12675
20210917,공항철도 1호선,청라국제도시,6028,5879,11907
20210917,공항철도 1호선,검암,6450,6461,12911
20210917,공항철도 1호선,영종,2762,2951,5713
20210917,공항철도 1호선,김포공항,10613,7911,18524
20210917,공항철도 1호선,마곡나루,7306,6744,14050
20210917,공항철도 1호선,디지털미디어시티,12401,11072,23473
20210917,공항철도 1호선,홍대입구,9539,9281,18820
20210917,공항철도 1호선,공덕,2127,2631,4758
20210917,공항철도 1호선,서울역,7114,6712,13826
20210917,공항철도 1호선,계양,9163,8543,17706
20210918,공항철도 1호선,영종,2570,2681,5251
20210918,공항철도 1호선,인천공항2터미널,1964,1803,3767
20210918,공항철도 1호선,인천공항1터미널,3236,3475,6711
20210918,공항철도 1호선,공항화물청사,1252,1310,2562
20210918,공항철도 1호선,운서,5269,5320,10589
20210918,공항철도 1호선,청라국제도시,3367,3345,6712
20210918,공항철도 1호선,검암,3825,3867,7692
20210918,공항철도 1호선,계양,5556,5308,10864
20210918,공항철도 1호선,마곡나루,2507,2490,4997
20210918,공항철도 1호선,디지털미디어시티,4023,3537,7560
20210918,공항철도 1호선,홍대입구,9567,9000,18567
20210918,공항철도 1호선,공덕,1214,1469,2683
20210918,공항철도 1호선,서울역,5098,5724,10822
20210918,공항철도 1호선,김포공항,10190,6841,17031
20210919,공항철도 1호선,김포공항,8929,5573,14502
20210919,공항철도 1호선,공덕,990,1109,2099
20210919,공항철도 1호선,홍대입구,7537,6568,14105
20210919,공항철도 1호선,디지털미디어시티,2983,2677,5660
20210919,공항철도 1호선,마곡나루,1703,1726,3429
20210919,공항철도 1호선,계양,4161,3922,8083
20210919,공항철도 1호선,서울역,4045,5157,9202
20210919,공항철도 1호선,청라국제도시,2538,2531,5069
20210919,공항철도 1호선,영종,2017,2146,4163
20210919,공항철도 1호선,인천공항2터미널,1698,1588,3286
20210919,공항철도 1호선,검암,2958,3034,5992
20210919,공항철도 1호선,공항화물청사,946,947,1893
20210919,공항철도 1호선,운서,4216,4286,8502
20210919,공항철도 1호선,인천공항1터미널,3107,3186,6293
20210920,공항철도 1호선,영종,1874,1961,3835
20210920,공항철도 1호선,인천공항2터미널,1614,1370,2984
20210920,공항철도 1호선,인천공항1터미널,3143,3239,6382
20210920,공항철도 1호선,공항화물청사,884,911,1795
20210920,공항철도 1호선,운서,4032,3802,7834
20210920,공항철도 1호선,검암,2559,2798,5357
20210920,공항철도 1호선,청라국제도시,2239,2044,4283
20210920,공항철도 1호선,김포공항,8888,5306,14194
20210920,공항철도 1호선,마곡나루,1437,1455,2892
20210920,공항철도 1호선,디지털미디어시티,2477,2236,4713
20210920,공항철도 1호선,홍대입구,5836,5210,11046
20210920,공항철도 1호선,공덕,843,955,1798
20210920,공항철도 1호선,서울역,3898,4372,8270
20210920,공항철도 1호선,계양,3389,3465,6854
20210921,공항철도 1호선,청라국제도시,1687,1680,3367
20210921,공항철도 1호선,인천공항2터미널,1378,1255,2633
20210921,공항철도 1호선,영종,1649,1522,3171
20210921,공항철도 1호선,인천공항1터미널,2883,2696,5579
20210921,공항철도 1호선,공항화물청사,752,821,1573
20210921,공항철도 1호선,운서,3278,3568,6846
20210921,공항철도 1호선,검암,2461,2523,4984
20210921,공항철도 1호선,공덕,669,966,1635
20210921,공항철도 1호선,김포공항,10842,4775,15617
20210921,공항철도 1호선,마곡나루,1254,1377,2631
20210921,공항철도 1호선,디지털미디어시티,1996,2217,4213
20210921,공항철도 1호선,홍대입구,3850,4031,7881
20210921,공항철도 1호선,서울역,4695,3616,8311
20210921,공항철도 1호선,계양,3110,3021,6131
20210922,공항철도 1호선,서울역,5498,4503,10001
20210922,공항철도 1호선,공덕,907,1309,2216
20210922,공항철도 1호선,홍대입구,7077,7451,14528
20210922,공항철도 1호선,디지털미디어시티,2870,3117,5987
20210922,공항철도 1호선,마곡나루,1835,2114,3949
20210922,공항철도 1호선,계양,4518,4105,8623
20210922,공항철도 1호선,김포공항,14168,5873,20041
20210922,공항철도 1호선,청라국제도시,2668,2520,5188
20210922,공항철도 1호선,영종,2171,1989,4160
20210922,공항철도 1호선,인천공항2터미널,1538,1482,3020
20210922,공항철도 1호선,검암,3347,3377,6724
20210922,공항철도 1호선,공항화물청사,958,1057,2015
20210922,공항철도 1호선,운서,3977,4670,8647
20210922,공항철도 1호선,인천공항1터미널,3113,3132,6245
20210923,공항철도 1호선,인천공항2터미널,1904,1864,3768
20210923,공항철도 1호선,인천공항1터미널,3350,3325,6675
20210923,공항철도 1호선,공항화물청사,2185,2374,4559
20210923,공항철도 1호선,운서,5895,6361,12256
20210923,공항철도 1호선,청라국제도시,5833,5468,11301
20210923,공항철도 1호선,검암,6293,6181,12474
20210923,공항철도 1호선,영종,2696,2784,5480
20210923,공항철도 1호선,김포공항,12923,6067,18990
20210923,공항철도 1호선,마곡나루,5142,5411,10553
20210923,공항철도 1호선,디지털미디어시티,11769,11000,22769
20210923,공항철도 1호선,홍대입구,7908,8557,16465
20210923,공항철도 1호선,공덕,1959,2506,4465
20210923,공항철도 1호선,서울역,7870,5551,13421
20210923,공항철도 1호선,계양,8728,8192,16920
20210924,공항철도 1호선,영종,2764,2974,5738
20210924,공항철도 1호선,인천공항2터미널,2056,1782,3838
20210924,공항철도 1호선,인천공항1터미널,3588,3751,7339
20210924,공항철도 1호선,공항화물청사,2176,2307,4483
20210924,공항철도 1호선,운서,6246,6409,12655
20210924,공항철도 1호선,청라국제도시,6143,5897,12040
20210924,공항철도 1호선,검암,6547,6513,13060
20210924,공항철도 1호선,계양,9169,8739,17908
20210924,공항철도 1호선,마곡나루,5991,6051,12042
20210924,공항철도 1호선,디지털미디어시티,12103,11096,23199
20210924,공항철도 1호선,홍대입구,8938,9317,18255
20210924,공항철도 1호선,서울역,7129,6311,13440
20210924,공항철도 1호선,김포공항,14208,6372,20580
20210924,공항철도 1호선,공덕,2045,2665,4710
20210925,공항철도 1호선,서울역,6030,5543,11573
20210925,공항철도 1호선,계양,6160,5842,12002
20210925,공항철도 1호선,공덕,1262,1744,3006
20210925,공항철도 1호선,홍대입구,9651,9717,19368
20210925,공항철도 1호선,디지털미디어시티,4167,4128,8295
20210925,공항철도 1호선,마곡나루,2929,3060,5989
20210925,공항철도 1호선,김포공항,10903,5062,15965
20210925,공항철도 1호선,검암,4270,4347,8617
20210925,공항철도 1호선,운서,5305,5681,10986
20210925,공항철도 1호선,영종,2562,2690,5252
20210925,공항철도 1호선,인천공항2터미널,1832,1683,3515
20210925,공항철도 1호선,청라국제도시,3836,3728,7564
20210925,공항철도 1호선,공항화물청사,1372,1431,2803
20210925,공항철도 1호선,인천공항1터미널,3057,3125,6182
20210926,공항철도 1호선,서울역,5781,5174,10955
20210926,공항철도 1호선,공덕,975,1417,2392
20210926,공항철도 1호선,홍대입구,7759,7472,15231
20210926,공항철도 1호선,디지털미디어시티,3115,3170,6285
20210926,공항철도 1호선,김포공항,11369,5192,16561
20210926,공항철도 1호선,계양,4428,4404,8832
20210926,공항철도 1호선,마곡나루,2223,2321,4544
20210926,공항철도 1호선,청라국제도시,2820,2667,5487
20210926,공항철도 1호선,운서,4578,4784,9362
20210926,공항철도 1호선,공항화물청사,1050,1086,2136
20210926,공항철도 1호선,인천공항1터미널,3331,3257,6588
20210926,공항철도 1호선,인천공항2터미널,1777,1645,3422
20210926,공항철도 1호선,영종,2094,2027,4121
20210926,공항철도 1호선,검암,3220,3271,6491
20210927,공항철도 1호선,김포공항,11952,6231,18183
20210927,공항철도 1호선,공덕,2075,2628,4703
20210927,공항철도 1호선,홍대입구,7497,7632,15129
20210927,공항철도 1호선,서울역,6468,6118,12586
20210927,공항철도 1호선,디지털미디어시티,13318,12021,25339
20210927,공항철도 1호선,마곡나루,7902,7526,15428
20210927,공항철도 1호선,계양,9359,8680,18039
20210927,공항철도 1호선,인천공항1터미널,3189,3218,6407
20210927,공항철도 1호선,청라국제도시,6106,5831,11937
20210927,공항철도 1호선,운서,5919,6029,11948
20210927,공항철도 1호선,공항화물청사,2225,2373,4598
20210927,공항철도 1호선,인천공항2터미널,1939,1737,3676
20210927,공항철도 1호선,검암,6599,6410,13009
20210927,공항철도 1호선,영종,2896,2824,5720
20210928,공항철도 1호선,검암,6485,6168,12653
20210928,공항철도 1호선,영종,2603,2666,5269
20210928,공항철도 1호선,인천공항2터미널,1850,1835,3685
20210928,공항철도 1호선,인천공항1터미널,3098,3245,6343
20210928,공항철도 1호선,공항화물청사,2269,2462,4731
20210928,공항철도 1호선,운서,5870,5824,11694
20210928,공항철도 1호선,청라국제도시,6137,5760,11897
20210928,공항철도 1호선,계양,9328,8900,18228
20210928,공항철도 1호선,마곡나루,7825,7377,15202
20210928,공항철도 1호선,디지털미디어시티,13173,11985,25158
20210928,공항철도 1호선,홍대입구,7585,7636,15221
20210928,공항철도 1호선,공덕,2088,2645,4733
20210928,공항철도 1호선,서울역,6202,5733,11935
20210928,공항철도 1호선,김포공항,10719,5872,16591
20210929,공항철도 1호선,인천공항2터미널,1910,1856,3766
20210929,공항철도 1호선,인천공항1터미널,3134,3294,6428
20210929,공항철도 1호선,공항화물청사,2226,2428,4654
20210929,공항철도 1호선,운서,5772,5794,11566
20210929,공항철도 1호선,청라국제도시,5969,5673,11642
20210929,공항철도 1호선,검암,6145,6157,12302
20210929,공항철도 1호선,영종,2501,2539,5040
20210929,공항철도 1호선,김포공항,10344,6014,16358
20210929,공항철도 1호선,마곡나루,7840,7453,15293
20210929,공항철도 1호선,디지털미디어시티,12837,11834,24671
20210929,공항철도 1호선,홍대입구,7449,7577,15026
20210929,공항철도 1호선,공덕,2083,2498,4581
20210929,공항철도 1호선,서울역,6277,5569,11846
20210929,공항철도 1호선,계양,8898,8475,17373
20210930,공항철도 1호선,검암,6744,6567,13311
20210930,공항철도 1호선,계양,9390,8843,18233
20210930,공항철도 1호선,김포공항,11049,6695,17744
20210930,공항철도 1호선,마곡나루,7991,7661,15652
20210930,공항철도 1호선,공항화물청사,2268,2475,4743
20210930,공항철도 1호선,인천공항1터미널,3414,3525,6939
20210930,공항철도 1호선,인천공항2터미널,2111,1944,4055
20210930,공항철도 1호선,영종,2900,2863,5763
20210930,공항철도 1호선,홍대입구,8221,8231,16452
20210930,공항철도 1호선,공덕,2193,2727,4920
20210930,공항철도 1호선,서울역,6817,6148,12965
20210930,공항철도 1호선,운서,6087,6176,12263
20210930,공항철도 1호선,청라국제도시,6198,5966,12164
20210930,공항철도 1호선,디지털미디어시티,12867,11816,24683
20211001,공항철도 1호선,김포공항,12976,7332,20308
20211001,공항철도 1호선,서울역,8077,7732,15809
20211001,공항철도 1호선,공덕,2247,2812,5059
20211001,공항철도 1호선,홍대입구,9123,9567,18690
20211001,공항철도 1호선,마곡나루,7624,7296,14920
20211001,공항철도 1호선,계양,9539,8937,18476
20211001,공항철도 1호선,디지털미디어시티,12805,11532,24337
20211001,공항철도 1호선,청라국제도시,6355,6035,12390
20211001,공항철도 1호선,운서,6488,6472,12960
20211001,공항철도 1호선,공항화물청사,2262,2337,4599
20211001,공항철도 1호선,검암,6627,6543,13170
20211001,공항철도 1호선,인천공항1터미널,3746,3843,7589
20211001,공항철도 1호선,인천공항2터미널,2029,1913,3942
20211001,공항철도 1호선,영종,2916,3080,5996
20211002,공항철도 1호선,영종,2742,2936,5678
20211002,공항철도 1호선,인천공항2터미널,1915,1722,3637
20211002,공항철도 1호선,인천공항1터미널,3387,3383,6770
20211002,공항철도 1호선,공항화물청사,1361,1357,2718
20211002,공항철도 1호선,운서,5814,5868,11682
20211002,공항철도 1호선,청라국제도시,3874,3791,7665
20211002,공항철도 1호선,검암,4326,4512,8838
20211002,공항철도 1호선,계양,6595,5986,12581
20211002,공항철도 1호선,김포공항,10971,6300,17271
20211002,공항철도 1호선,마곡나루,3070,3228,6298
20211002,공항철도 1호선,디지털미디어시티,4820,4402,9222
20211002,공항철도 1호선,홍대입구,10582,10208,20790
20211002,공항철도 1호선,공덕,1419,2016,3435
20211002,공항철도 1호선,서울역,6331,7155,13486
20211003,공항철도 1호선,계양,4898,4761,9659
20211003,공항철도 1호선,김포공항,10176,5344,15520
20211003,공항철도 1호선,마곡나루,2348,2548,4896
20211003,공항철도 1호선,디지털미디어시티,3430,3426,6856
20211003,공항철도 1호선,홍대입구,9092,8909,18001
20211003,공항철도 1호선,공덕,1141,1499,2640
20211003,공항철도 1호선,운서,4875,5193,10068
20211003,공항철도 1호선,공항화물청사,1055,1121,2176
20211003,공항철도 1호선,인천공항1터미널,3655,3622,7277
20211003,공항철도 1호선,인천공항2터미널,1676,1688,3364
20211003,공항철도 1호선,영종,2378,2411,4789
20211003,공항철도 1호선,청라국제도시,3087,2918,6005
20211003,공항철도 1호선,검암,3507,3639,7146
20211003,공항철도 1호선,서울역,6003,5368,11371
20211004,공항철도 1호선,인천공항2터미널,1714,1621,3335
20211004,공항철도 1호선,인천공항1터미널,2927,2864,5791
20211004,공항철도 1호선,공항화물청사,1070,1246,2316
20211004,공항철도 1호선,운서,4590,4839,9429
20211004,공항철도 1호선,청라국제도시,3026,2823,5849
20211004,공항철도 1호선,검암,3532,3538,7070
20211004,공항철도 1호선,영종,2394,2225,4619
20211004,공항철도 1호선,김포공항,11763,6420,18183
20211004,공항철도 1호선,마곡나루,2330,2595,4925
20211004,공항철도 1호선,디지털미디어시티,3946,3804,7750
20211004,공항철도 1호선,홍대입구,7786,7383,15169
20211004,공항철도 1호선,공덕,1057,1421,2478
20211004,공항철도 1호선,서울역,6122,5219,11341
20211004,공항철도 1호선,계양,5150,4870,10020
20211005,공항철도 1호선,서울역,6533,6145,12678
20211005,공항철도 1호선,공덕,2078,2614,4692
20211005,공항철도 1호선,홍대입구,7508,7745,15253
20211005,공항철도 1호선,디지털미디어시티,13545,12319,25864
20211005,공항철도 1호선,마곡나루,8211,7813,16024
20211005,공항철도 1호선,김포공항,11380,6470,17850
20211005,공항철도 1호선,계양,9475,8906,18381
20211005,공항철도 1호선,검암,6629,6350,12979
20211005,공항철도 1호선,운서,6049,6056,12105
20211005,공항철도 1호선,공항화물청사,2234,2411,4645
20211005,공항철도 1호선,인천공항1터미널,3249,3127,6376
20211005,공항철도 1호선,인천공항2터미널,1930,1855,3785
20211005,공항철도 1호선,영종,2799,2764,5563
20211005,공항철도 1호선,청라국제도시,6268,5855,12123
20211006,공항철도 1호선,청라국제도시,6208,5954,12162
20211006,공항철도 1호선,인천공항2터미널,1918,1779,3697
20211006,공항철도 1호선,인천공항1터미널,3101,3301,6402
20211006,공항철도 1호선,공항화물청사,2254,2431,4685
20211006,공항철도 1호선,운서,5868,5952,11820
20211006,공항철도 1호선,검암,6436,6315,12751
20211006,공항철도 1호선,영종,2720,2729,5449
20211006,공항철도 1호선,김포공항,10705,6566,17271
20211006,공항철도 1호선,서울역,6451,5785,12236
20211006,공항철도 1호선,공덕,2134,2667,4801
20211006,공항철도 1호선,계양,9378,8804,18182
20211006,공항철도 1호선,디지털미디어시티,13277,12240,25517
20211006,공항철도 1호선,마곡나루,7856,7578,15434
20211006,공항철도 1호선,홍대입구,7771,7725,15496
20211007,공항철도 1호선,공덕,2170,2765,4935
20211007,공항철도 1호선,홍대입구,7847,8058,15905
20211007,공항철도 1호선,디지털미디어시티,13146,12178,25324
20211007,공항철도 1호선,마곡나루,8020,7888,15908
20211007,공항철도 1호선,김포공항,10681,6697,17378
20211007,공항철도 1호선,계양,9531,8936,18467
20211007,공항철도 1호선,서울역,6672,6302,12974
20211007,공항철도 1호선,청라국제도시,6142,5925,12067
20211007,공항철도 1호선,운서,6147,6113,12260
20211007,공항철도 1호선,공항화물청사,2260,2484,4744
20211007,공항철도 1호선,인천공항1터미널,3230,3264,6494
20211007,공항철도 1호선,인천공항2터미널,1968,1873,3841
20211007,공항철도 1호선,영종,2826,2850,5676
20211007,공항철도 1호선,검암,6601,6381,12982
20211008,공항철도 1호선,서울역,8513,8542,17055
20211008,공항철도 1호선,공덕,2182,2842,5024
20211008,공항철도 1호선,홍대입구,9022,9050,18072
20211008,공항철도 1호선,디지털미디어시티,13031,11752,24783
20211008,공항철도 1호선,마곡나루,7585,7293,14878
20211008,공항철도 1호선,김포공항,14178,7506,21684
20211008,공항철도 1호선,계양,9523,8940,18463
20211008,공항철도 1호선,검암,6683,6548,13231
20211008,공항철도 1호선,운서,6559,6403,12962
20211008,공항철도 1호선,공항화물청사,2237,2370,4607
20211008,공항철도 1호선,인천공항1터미널,3446,3778,7224
20211008,공항철도 1호선,영종,2881,3125,6006
20211008,공항철도 1호선,청라국제도시,6246,6088,12334
20211008,공항철도 1호선,인천공항2터미널,2008,1869,3877
20211009,공항철도 1호선,영종,2841,2939,5780
20211009,공항철도 1호선,검암,4410,4385,8795
20211009,공항철도 1호선,인천공항2터미널,1850,1638,3488
20211009,공항철도 1호선,인천공항1터미널,3454,3498,6952
20211009,공항철도 1호선,공항화물청사,1326,1347,2673
20211009,공항철도 1호선,운서,5590,5834,11424
20211009,공항철도 1호선,청라국제도시,3889,3699,7588
20211009,공항철도 1호선,계양,6355,5712,12067
20211009,공항철도 1호선,마곡나루,3044,3197,6241
20211009,공항철도 1호선,디지털미디어시티,5007,4722,9729
20211009,공항철도 1호선,홍대입구,10884,10688,21572
20211009,공항철도 1호선,공덕,1433,2064,3497
20211009,공항철도 1호선,서울역,6880,7954,14834
20211009,공항철도 1호선,김포공항,12069,6257,18326
20211010,공항철도 1호선,공덕,992,1488,2480
20211010,공항철도 1호선,홍대입구,8735,8440,17175
20211010,공항철도 1호선,디지털미디어시티,3202,3198,6400
20211010,공항철도 1호선,마곡나루,1943,2151,4094
20211010,공항철도 1호선,김포공항,11102,5763,16865
20211010,공항철도 1호선,계양,4494,4406,8900
20211010,공항철도 1호선,서울역,6476,5742,12218
20211010,공항철도 1호선,청라국제도시,2742,2748,5490
20211010,공항철도 1호선,운서,4467,4725,9192
20211010,공항철도 1호선,공항화물청사,953,1002,1955
20211010,공항철도 1호선,인천공항1터미널,3283,3234,6517
20211010,공항철도 1호선,인천공항2터미널,1625,1522,3147
20211010,공항철도 1호선,영종,2197,2251,4448
20211010,공항철도 1호선,검암,3165,3177,6342
20211011,공항철도 1호선,영종,2636,2411,5047
20211011,공항철도 1호선,인천공항2터미널,1747,1534,3281
20211011,공항철도 1호선,인천공항1터미널,3107,3002,6109
20211011,공항철도 1호선,공항화물청사,1111,1260,2371
20211011,공항철도 1호선,운서,5176,5415,10591
20211011,공항철도 1호선,청라국제도시,3387,3198,6585
20211011,공항철도 1호선,검암,3854,3936,7790
20211011,공항철도 1호선,계양,5488,5350,10838
20211011,공항철도 1호선,마곡나루,2685,2950,5635
20211011,공항철도 1호선,디지털미디어시티,4462,4292,8754
20211011,공항철도 1호선,홍대입구,8540,8022,16562
20211011,공항철도 1호선,공덕,1153,1529,2682
20211011,공항철도 1호선,서울역,7349,6180,13529
20211011,공항철도 1호선,김포공항,11918,6425,18343
20211012,공항철도 1호선,청라국제도시,6491,6120,12611
20211012,공항철도 1호선,인천공항2터미널,1901,1810,3711
20211012,공항철도 1호선,인천공항1터미널,3188,3119,6307
20211012,공항철도 1호선,공항화물청사,2235,2465,4700
20211012,공항철도 1호선,운서,6260,6381,12641
20211012,공항철도 1호선,검암,6675,6494,13169
20211012,공항철도 1호선,영종,2892,2792,5684
20211012,공항철도 1호선,김포공항,11725,6694,18419
20211012,공항철도 1호선,서울역,7023,6314,13337
20211012,공항철도 1호선,공덕,2235,2772,5007
20211012,공항철도 1호선,계양,9673,9157,18830
20211012,공항철도 1호선,디지털미디어시티,13337,12404,25741
20211012,공항철도 1호선,마곡나루,8423,7977,16400
20211012,공항철도 1호선,홍대입구,7874,8027,15901
20211013,공항철도 1호선,서울역,6702,6235,12937
20211013,공항철도 1호선,공덕,2237,2823,5060
20211013,공항철도 1호선,홍대입구,8435,8342,16777
20211013,공항철도 1호선,디지털미디어시티,13623,12516,26139
20211013,공항철도 1호선,마곡나루,8522,8209,16731
20211013,공항철도 1호선,계양,9876,9292,19168
20211013,공항철도 1호선,김포공항,11660,6523,18183
20211013,공항철도 1호선,청라국제도시,6560,6186,12746
20211013,공항철도 1호선,운서,6448,6441,12889
20211013,공항철도 1호선,공항화물청사,2357,2540,4897
20211013,공항철도 1호선,인천공항1터미널,3331,3364,6695
20211013,공항철도 1호선,인천공항2터미널,1870,1761,3631
20211013,공항철도 1호선,영종,2850,2886,5736
20211013,공항철도 1호선,검암,6786,6688,13474
20211014,공항철도 1호선,김포공항,11042,6597,17639
20211014,공항철도 1호선,공덕,2270,2820,5090
20211014,공항철도 1호선,서울역,6978,6364,13342
20211014,공항철도 1호선,홍대입구,8340,8304,16644
20211014,공항철도 1호선,디지털미디어시티,13465,12346,25811
20211014,공항철도 1호선,마곡나루,8190,7939,16129
20211014,공항철도 1호선,계양,9783,9181,18964
20211014,공항철도 1호선,인천공항2터미널,2012,1922,3934
20211014,공항철도 1호선,청라국제도시,6532,6149,12681
20211014,공항철도 1호선,운서,6285,6305,12590
20211014,공항철도 1호선,공항화물청사,2368,2569,4937
20211014,공항철도 1호선,인천공항1터미널,3450,3387,6837
20211014,공항철도 1호선,영종,2841,2905,5746
20211014,공항철도 1호선,검암,6657,6623,13280
20211015,공항철도 1호선,영종,2931,3168,6099
20211015,공항철도 1호선,인천공항2터미널,2006,1848,3854
20211015,공항철도 1호선,인천공항1터미널,3591,3660,7251
20211015,공항철도 1호선,공항화물청사,2311,2480,4791
20211015,공항철도 1호선,운서,6417,6379,12796
20211015,공항철도 1호선,검암,6887,6774,13661
20211015,공항철도 1호선,청라국제도시,6516,6163,12679
20211015,공항철도 1호선,김포공항,13479,7254,20733
20211015,공항철도 1호선,서울역,8382,7961,16343
20211015,공항철도 1호선,공덕,2147,2807,4954
20211015,공항철도 1호선,계양,9794,9197,18991
20211015,공항철도 1호선,디지털미디어시티,13260,11945,25205
20211015,공항철도 1호선,마곡나루,7724,7330,15054
20211015,공항철도 1호선,홍대입구,9363,9302,18665
20211016,공항철도 1호선,인천공항2터미널,1880,1578,3458
20211016,공항철도 1호선,인천공항1터미널,3208,3211,6419
20211016,공항철도 1호선,공항화물청사,1263,1313,2576
20211016,공항철도 1호선,운서,5402,5535,10937
20211016,공항철도 1호선,청라국제도시,3838,3784,7622
20211016,공항철도 1호선,검암,4273,4364,8637
20211016,공항철도 1호선,영종,2778,2766,5544
20211016,공항철도 1호선,김포공항,11117,5881,16998
20211016,공항철도 1호선,마곡나루,2935,3165,6100
20211016,공항철도 1호선,디지털미디어시티,5497,5216,10713
20211016,공항철도 1호선,홍대입구,10330,10303,20633
20211016,공항철도 1호선,공덕,1407,2098,3505
20211016,공항철도 1호선,서울역,6533,6888,13421
20211016,공항철도 1호선,계양,6679,6233,12912
20211017,공항철도 1호선,영종,2085,2061,4146
20211017,공항철도 1호선,인천공항2터미널,1611,1563,3174
20211017,공항철도 1호선,인천공항1터미널,3006,2871,5877
20211017,공항철도 1호선,공항화물청사,935,1031,1966
20211017,공항철도 1호선,운서,4356,4851,9207
20211017,공항철도 1호선,청라국제도시,2718,2651,5369
20211017,공항철도 1호선,검암,3314,3290,6604
20211017,공항철도 1호선,계양,4719,4637,9356
20211017,공항철도 1호선,마곡나루,2001,2193,4194
20211017,공항철도 1호선,디지털미디어시티,3458,3397,6855
20211017,공항철도 1호선,홍대입구,8319,7413,15732
20211017,공항철도 1호선,서울역,6556,5878,12434
20211017,공항철도 1호선,김포공항,10670,6285,16955
20211017,공항철도 1호선,공덕,1087,1585,2672
20211018,공항철도 1호선,영종,2835,2759,5594
20211018,공항철도 1호선,검암,6390,6266,12656
20211018,공항철도 1호선,인천공항2터미널,1880,1758,3638
20211018,공항철도 1호선,인천공항1터미널,3141,3133,6274
20211018,공항철도 1호선,공항화물청사,2136,2357,4493
20211018,공항철도 1호선,운서,6012,6010,12022
20211018,공항철도 1호선,청라국제도시,6275,5857,12132
20211018,공항철도 1호선,계양,9544,8851,18395
20211018,공항철도 1호선,마곡나루,7899,7688,15587
20211018,공항철도 1호선,서울역,6814,6341,13155
20211018,공항철도 1호선,공덕,2126,2729,4855
20211018,공항철도 1호선,김포공항,11313,6875,18188
20211018,공항철도 1호선,디지털미디어시티,13458,12327,25785
20211018,공항철도 1호선,홍대입구,7699,7754,15453
20211019,공항철도 1호선,인천공항2터미널,1963,1832,3795
20211019,공항철도 1호선,인천공항1터미널,3291,3246,6537
20211019,공항철도 1호선,공항화물청사,2213,2421,4634
20211019,공항철도 1호선,운서,6061,6132,12193
20211019,공항철도 1호선,청라국제도시,6421,6059,12480
20211019,공항철도 1호선,검암,6593,6389,12982
20211019,공항철도 1호선,영종,2844,2821,5665
20211019,공항철도 1호선,김포공항,11093,6582,17675
20211019,공항철도 1호선,마곡나루,8282,7813,16095
20211019,공항철도 1호선,디지털미디어시티,13523,12272,25795
20211019,공항철도 1호선,홍대입구,7599,7895,15494
20211019,공항철도 1호선,공덕,2148,2667,4815
20211019,공항철도 1호선,서울역,6448,6045,12493
20211019,공항철도 1호선,계양,9775,9209,18984
20211020,공항철도 1호선,영종,2844,2920,5764
20211020,공항철도 1호선,인천공항2터미널,1858,1834,3692
20211020,공항철도 1호선,인천공항1터미널,3335,3412,6747
20211020,공항철도 1호선,공항화물청사,2250,2555,4805
20211020,공항철도 1호선,운서,6414,6241,12655
20211020,공항철도 1호선,청라국제도시,6507,6206,12713
20211020,공항철도 1호선,검암,6757,6557,13314
20211020,공항철도 1호선,계양,9842,9372,19214
20211020,공항철도 1호선,마곡나루,8561,8008,16569
20211020,공항철도 1호선,디지털미디어시티,13849,12534,26383
20211020,공항철도 1호선,홍대입구,8208,8299,16507
20211020,공항철도 1호선,서울역,6935,6431,13366
20211020,공항철도 1호선,김포공항,11095,6811,17906
20211020,공항철도 1호선,공덕,2225,2818,5043
20211021,공항철도 1호선,영종,2904,3004,5908
20211021,공항철도 1호선,청라국제도시,6609,6429,13038
20211021,공항철도 1호선,인천공항2터미널,2059,1904,3963
20211021,공항철도 1호선,인천공항1터미널,3482,3527,7009
20211021,공항철도 1호선,공항화물청사,2311,2492,4803
20211021,공항철도 1호선,운서,6301,6342,12643
20211021,공항철도 1호선,검암,6670,6624,13294
20211021,공항철도 1호선,김포공항,11342,6952,18294
20211021,공항철도 1호선,마곡나루,8278,7896,16174
20211021,공항철도 1호선,디지털미디어시티,13773,12464,26237
20211021,공항철도 1호선,홍대입구,8248,8333,16581
20211021,공항철도 1호선,공덕,2205,2824,5029
20211021,공항철도 1호선,서울역,7337,6630,13967
20211021,공항철도 1호선,계양,9873,9266,19139
20211022,공항철도 1호선,공덕,2301,2972,5273
20211022,공항철도 1호선,홍대입구,9957,10093,20050
20211022,공항철도 1호선,디지털미디어시티,13527,12114,25641
20211022,공항철도 1호선,마곡나루,7717,7337,15054
20211022,공항철도 1호선,김포공항,14294,7632,21926
20211022,공항철도 1호선,계양,9921,9382,19303
20211022,공항철도 1호선,서울역,8640,8354,16994
20211022,공항철도 1호선,청라국제도시,6838,6410,13248
20211022,공항철도 1호선,운서,6685,6586,13271
20211022,공항철도 1호선,공항화물청사,2236,2407,4643
20211022,공항철도 1호선,인천공항1터미널,3720,3929,7649
20211022,공항철도 1호선,인천공항2터미널,2299,2041,4340
20211022,공항철도 1호선,영종,3035,3210,6245
20211022,공항철도 1호선,검암,6908,6790,13698
20211023,공항철도 1호선,서울역,7378,7629,15007
20211023,공항철도 1호선,공덕,1459,2319,3778
20211023,공항철도 1호선,홍대입구,11556,11031,22587
20211023,공항철도 1호선,디지털미디어시티,5393,5122,10515
20211023,공항철도 1호선,마곡나루,3473,3575,7048
20211023,공항철도 1호선,김포공항,11692,6115,17807
20211023,공항철도 1호선,계양,7019,6529,13548
20211023,공항철도 1호선,검암,4757,4712,9469
20211023,공항철도 1호선,운서,5986,5810,11796
20211023,공항철도 1호선,공항화물청사,1286,1363,2649
20211023,공항철도 1호선,인천공항1터미널,3404,3373,6777
20211023,공항철도 1호선,인천공항2터미널,1847,1675,3522
20211023,공항철도 1호선,영종,2918,3013,5931
20211023,공항철도 1호선,청라국제도시,4182,4108,8290
20211024,공항철도 1호선,김포공항,12081,5755,17836
20211024,공항철도 1호선,서울역,7297,6341,13638
20211024,공항철도 1호선,공덕,1190,1625,2815
20211024,공항철도 1호선,홍대입구,9243,8509,17752
20211024,공항철도 1호선,디지털미디어시티,3904,3866,7770
20211024,공항철도 1호선,마곡나루,2348,2567,4915
20211024,공항철도 1호선,계양,5411,5073,10484
20211024,공항철도 1호선,검암,3651,3756,7407
20211024,공항철도 1호선,청라국제도시,3137,3003,6140
20211024,공항철도 1호선,운서,4586,5272,9858
20211024,공항철도 1호선,공항화물청사,980,1080,2060
20211024,공항철도 1호선,인천공항1터미널,3319,3197,6516
20211024,공항철도 1호선,인천공항2터미널,1678,1663,3341
20211024,공항철도 1호선,영종,2414,2405,4819
20211025,공항철도 1호선,영종,2955,3001,5956
20211025,공항철도 1호선,인천공항2터미널,1997,1756,3753
20211025,공항철도 1호선,인천공항1터미널,3361,3379,6740
20211025,공항철도 1호선,공항화물청사,2180,2464,4644
20211025,공항철도 1호선,운서,6372,6225,12597
20211025,공항철도 1호선,청라국제도시,6548,6269,12817
20211025,공항철도 1호선,검암,6717,6634,13351
20211025,공항철도 1호선,김포공항,11645,6822,18467
20211025,공항철도 1호선,마곡나루,8538,8195,16733
20211025,공항철도 1호선,디지털미디어시티,13746,12728,26474
20211025,공항철도 1호선,홍대입구,7995,8163,16158
20211025,공항철도 1호선,공덕,2277,2772,5049
20211025,공항철도 1호선,서울역,7251,6810,14061
20211025,공항철도 1호선,계양,9951,9407,19358
20211026,공항철도 1호선,김포공항,11586,6625,18211
20211026,공항철도 1호선,서울역,6884,6406,13290
20211026,공항철도 1호선,공덕,2180,2783,4963
20211026,공항철도 1호선,홍대입구,8196,8144,16340
20211026,공항철도 1호선,디지털미디어시티,13940,12706,26646
20211026,공항철도 1호선,마곡나루,8748,8487,17235
20211026,공항철도 1호선,계양,10009,9509,19518
20211026,공항철도 1호선,영종,2932,2964,5896
20211026,공항철도 1호선,청라국제도시,6750,6298,13048
20211026,공항철도 1호선,운서,6549,6550,13099
20211026,공항철도 1호선,공항화물청사,2242,2511,4753
20211026,공항철도 1호선,인천공항1터미널,3567,3590,7157
20211026,공항철도 1호선,인천공항2터미널,1900,1805,3705
20211026,공항철도 1호선,검암,6887,6779,13666
20211027,공항철도 1호선,김포공항,11549,6884,18433
20211027,공항철도 1호선,서울역,7202,6535,13737
20211027,공항철도 1호선,공덕,2351,2926,5277
20211027,공항철도 1호선,홍대입구,8618,8843,17461
20211027,공항철도 1호선,디지털미디어시티,14199,12916,27115
20211027,공항철도 1호선,마곡나루,8811,8404,17215
20211027,공항철도 1호선,계양,10179,9547,19726
20211027,공항철도 1호선,검암,6881,6854,13735
20211027,공항철도 1호선,청라국제도시,6783,6442,13225
20211027,공항철도 1호선,운서,6591,6352,12943
20211027,공항철도 1호선,공항화물청사,2218,2530,4748
20211027,공항철도 1호선,인천공항1터미널,3480,3685,7165
20211027,공항철도 1호선,인천공항2터미널,2007,1958,3965
20211027,공항철도 1호선,영종,3047,3037,6084
20211028,공항철도 1호선,공덕,2346,2915,5261
20211028,공항철도 1호선,홍대입구,9162,9013,18175
20211028,공항철도 1호선,디지털미디어시티,13768,12614,26382
20211028,공항철도 1호선,마곡나루,8687,8437,17124
20211028,공항철도 1호선,김포공항,11969,7209,19178
20211028,공항철도 1호선,계양,10214,9523,19737
20211028,공항철도 1호선,서울역,7539,6822,14361
20211028,공항철도 1호선,청라국제도시,6842,6542,13384
20211028,공항철도 1호선,운서,6440,6526,12966
20211028,공항철도 1호선,공항화물청사,2283,2532,4815
20211028,공항철도 1호선,인천공항1터미널,3524,3596,7120
20211028,공항철도 1호선,인천공항2터미널,2250,2131,4381
20211028,공항철도 1호선,영종,2953,2974,5927
20211028,공항철도 1호선,검암,6916,6719,13635
20211029,공항철도 1호선,서울역,9123,8902,18025
20211029,공항철도 1호선,공덕,2266,3150,5416
20211029,공항철도 1호선,홍대입구,10318,10749,21067
20211029,공항철도 1호선,디지털미디어시티,13546,12122,25668
20211029,공항철도 1호선,마곡나루,8175,7854,16029
20211029,공항철도 1호선,김포공항,14764,7647,22411
20211029,공항철도 1호선,계양,10449,9667,20116
20211029,공항철도 1호선,검암,6956,6886,13842
20211029,공항철도 1호선,운서,6842,6752,13594
20211029,공항철도 1호선,공항화물청사,2302,2452,4754
20211029,공항철도 1호선,인천공항1터미널,3940,4054,7994
20211029,공항철도 1호선,인천공항2터미널,2106,1987,4093
20211029,공항철도 1호선,영종,3191,3468,6659
20211029,공항철도 1호선,청라국제도시,6830,6572,13402
20211030,공항철도 1호선,마곡나루,3534,3840,7374
20211030,공항철도 1호선,서울역,7824,8187,16011
20211030,공항철도 1호선,공덕,1615,2361,3976
20211030,공항철도 1호선,홍대입구,12484,12328,24812
20211030,공항철도 1호선,디지털미디어시티,5625,5345,10970
20211030,공항철도 1호선,김포공항,11940,6210,18150
20211030,공항철도 1호선,계양,7356,6736,14092
20211030,공항철도 1호선,검암,4731,4847,9578
20211030,공항철도 1호선,청라국제도시,4426,4177,8603
20211030,공항철도 1호선,운서,6090,6195,12285
20211030,공항철도 1호선,공항화물청사,1276,1331,2607
20211030,공항철도 1호선,인천공항1터미널,3601,3485,7086
20211030,공항철도 1호선,인천공항2터미널,1915,1702,3617
20211030,공항철도 1호선,영종,3154,3185,6339
20211031,공항철도 1호선,공덕,1232,1659,2891
20211031,공항철도 1호선,홍대입구,10460,9590,20050
20211031,공항철도 1호선,디지털미디어시티,3802,3749,7551
20211031,공항철도 1호선,마곡나루,2361,2809,5170
20211031,공항철도 1호선,김포공항,11999,5999,17998
20211031,공항철도 1호선,계양,5388,5260,10648
20211031,공항철도 1호선,서울역,7894,7085,14979
20211031,공항철도 1호선,청라국제도시,3338,3190,6528
20211031,공항철도 1호선,운서,5087,5325,10412
20211031,공항철도 1호선,공항화물청사,976,1077,2053
20211031,공항철도 1호선,인천공항1터미널,3489,3403,6892
20211031,공항철도 1호선,인천공항2터미널,1730,1648,3378
20211031,공항철도 1호선,영종,2552,2513,5065
20211031,공항철도 1호선,검암,3693,3878,7571
20211101,공항철도 1호선,청라국제도시,6716,6228,12944
20211101,공항철도 1호선,운서,6444,6465,12909
20211101,공항철도 1호선,공항화물청사,2266,2511,4777
20211101,공항철도 1호선,인천공항1터미널,3409,3424,6833
20211101,공항철도 1호선,인천공항2터미널,2120,1920,4040
20211101,공항철도 1호선,영종,3069,2893,5962
20211101,공항철도 1호선,서울역,7242,6910,14152
20211101,공항철도 1호선,공덕,2314,2867,5181
20211101,공항철도 1호선,디지털미디어시티,14181,12993,27174
20211101,공항철도 1호선,마곡나루,8675,8475,17150
20211101,공항철도 1호선,김포공항,11894,7163,19057
20211101,공항철도 1호선,계양,10217,9520,19737
20211101,공항철도 1호선,검암,7023,6776,13799
20211101,공항철도 1호선,홍대입구,8344,8440,16784
20211102,공항철도 1호선,청라국제도시,6888,6527,13415
20211102,공항철도 1호선,영종,2945,2973,5918
20211102,공항철도 1호선,인천공항2터미널,2026,1931,3957
20211102,공항철도 1호선,인천공항1터미널,3416,3607,7023
20211102,공항철도 1호선,공항화물청사,2348,2626,4974
20211102,공항철도 1호선,운서,6487,6377,12864
20211102,공항철도 1호선,계양,10320,9824,20144
20211102,공항철도 1호선,마곡나루,8772,8606,17378
20211102,공항철도 1호선,김포공항,11079,6553,17632
20211102,공항철도 1호선,디지털미디어시티,14269,13089,27358
20211102,공항철도 1호선,홍대입구,8549,8664,17213
20211102,공항철도 1호선,공덕,2222,2946,5168
20211102,공항철도 1호선,서울역,6959,6519,13478
20211102,공항철도 1호선,검암,6852,6772,13624
20211103,공항철도 1호선,서울역,7277,6803,14080
20211103,공항철도 1호선,공덕,2373,2915,5288
20211103,공항철도 1호선,디지털미디어시티,14263,13147,27410
20211103,공항철도 1호선,마곡나루,9125,8872,17997
20211103,공항철도 1호선,김포공항,11376,6801,18177
20211103,공항철도 1호선,계양,10418,9630,20048
20211103,공항철도 1호선,홍대입구,9034,9240,18274
20211103,공항철도 1호선,청라국제도시,6936,6552,13488
20211103,공항철도 1호선,운서,6600,6504,13104
20211103,공항철도 1호선,공항화물청사,2318,2590,4908
20211103,공항철도 1호선,인천공항1터미널,3601,3799,7400
20211103,공항철도 1호선,인천공항2터미널,2120,1968,4088
20211103,공항철도 1호선,영종,2996,3074,6070
20211103,공항철도 1호선,검암,7048,6901,13949
20211104,공항철도 1호선,서울역,7671,7027,14698
20211104,공항철도 1호선,공덕,2307,2907,5214
20211104,공항철도 1호선,홍대입구,9032,9006,18038
20211104,공항철도 1호선,디지털미디어시티,14415,13312,27727
20211104,공항철도 1호선,마곡나루,8948,8782,17730
20211104,공항철도 1호선,김포공항,11821,7118,18939
20211104,공항철도 1호선,계양,10493,9690,20183
20211104,공항철도 1호선,운서,6662,6656,13318
20211104,공항철도 1호선,청라국제도시,7007,6665,13672
20211104,공항철도 1호선,공항화물청사,2240,2504,4744
20211104,공항철도 1호선,인천공항1터미널,3612,3665,7277
20211104,공항철도 1호선,인천공항2터미널,2248,2098,4346
20211104,공항철도 1호선,영종,2994,2919,5913
20211104,공항철도 1호선,검암,7037,6897,13934
20211105,공항철도 1호선,마곡나루,8755,8351,17106
20211105,공항철도 1호선,디지털미디어시티,14309,12886,27195
20211105,공항철도 1호선,김포공항,14967,7670,22637
20211105,공항철도 1호선,공덕,2334,3120,5454
20211105,공항철도 1호선,서울역,9497,9163,18660
20211105,공항철도 1호선,홍대입구,10323,10939,21262
20211105,공항철도 1호선,계양,10691,9801,20492
20211105,공항철도 1호선,영종,3231,3385,6616
20211105,공항철도 1호선,청라국제도시,7229,6748,13977
20211105,공항철도 1호선,운서,7149,6924,14073
20211105,공항철도 1호선,공항화물청사,2291,2464,4755
20211105,공항철도 1호선,인천공항1터미널,4137,4387,8524
20211105,공항철도 1호선,인천공항2터미널,2195,2078,4273
20211105,공항철도 1호선,검암,7357,7154,14511
20211106,공항철도 1호선,인천공항2터미널,1974,1748,3722
20211106,공항철도 1호선,인천공항1터미널,3692,3684,7376
20211106,공항철도 1호선,공항화물청사,1303,1356,2659
20211106,공항철도 1호선,운서,6285,6299,12584
20211106,공항철도 1호선,청라국제도시,4539,4387,8926
20211106,공항철도 1호선,검암,4881,4936,9817
20211106,공항철도 1호선,영종,3076,3086,6162
20211106,공항철도 1호선,김포공항,11970,5906,17876
20211106,공항철도 1호선,마곡나루,3529,3856,7385
20211106,공항철도 1호선,디지털미디어시티,5813,5404,11217
20211106,공항철도 1호선,홍대입구,11789,12169,23958
20211106,공항철도 1호선,공덕,1539,2415,3954
20211106,공항철도 1호선,서울역,7828,8391,16219
20211106,공항철도 1호선,계양,7338,6703,14041
20211107,공항철도 1호선,서울역,8276,7440,15716
20211107,공항철도 1호선,공덕,1296,1773,3069
20211107,공항철도 1호선,홍대입구,9883,9178,19061
20211107,공항철도 1호선,디지털미디어시티,3662,3686,7348
20211107,공항철도 1호선,마곡나루,2488,2714,5202
20211107,공항철도 1호선,김포공항,11937,5935,17872
20211107,공항철도 1호선,계양,5675,5482,11157
20211107,공항철도 1호선,검암,3813,3894,7707
20211107,공항철도 1호선,운서,5229,5365,10594
20211107,공항철도 1호선,공항화물청사,1005,1129,2134
20211107,공항철도 1호선,인천공항1터미널,3713,3426,7139
20211107,공항철도 1호선,인천공항2터미널,1891,1789,3680
20211107,공항철도 1호선,영종,2413,2382,4795
20211107,공항철도 1호선,청라국제도시,3260,3054,6314
20211108,공항철도 1호선,운서,5791,5771,11562
20211108,공항철도 1호선,영종,2680,2626,5306
20211108,공항철도 1호선,인천공항2터미널,2117,1876,3993
20211108,공항철도 1호선,인천공항1터미널,3168,3300,6468
20211108,공항철도 1호선,공항화물청사,2131,2413,4544
20211108,공항철도 1호선,청라국제도시,6341,6008,12349
20211108,공항철도 1호선,검암,6227,6163,12390
20211108,공항철도 1호선,김포공항,11515,6571,18086
20211108,공항철도 1호선,마곡나루,7817,7475,15292
20211108,공항철도 1호선,디지털미디어시티,13759,12685,26444
20211108,공항철도 1호선,홍대입구,7498,7608,15106
20211108,공항철도 1호선,공덕,2106,2631,4737
20211108,공항철도 1호선,서울역,7480,7265,14745
20211108,공항철도 1호선,계양,9717,9039,18756
20211109,공항철도 1호선,영종,2774,2741,5515
20211109,공항철도 1호선,인천공항2터미널,2001,1963,3964
20211109,공항철도 1호선,공항화물청사,2321,2527,4848
20211109,공항철도 1호선,운서,6051,6141,12192
20211109,공항철도 1호선,청라국제도시,6518,6184,12702
20211109,공항철도 1호선,검암,6604,6439,13043
20211109,공항철도 1호선,인천공항1터미널,3407,3407,6814
20211109,공항철도 1호선,김포공항,11488,6580,18068
20211109,공항철도 1호선,마곡나루,8501,8254,16755
20211109,공항철도 1호선,디지털미디어시티,14429,13304,27733
20211109,공항철도 1호선,홍대입구,7891,8015,15906
20211109,공항철도 1호선,공덕,2159,2816,4975
20211109,공항철도 1호선,서울역,7060,6520,13580
20211109,공항철도 1호선,계양,10092,9492,19584
20211110,공항철도 1호선,영종,2988,3063,6051
20211110,공항철도 1호선,인천공항2터미널,2047,1943,3990
20211110,공항철도 1호선,인천공항1터미널,3642,3945,7587
20211110,공항철도 1호선,공항화물청사,2331,2568,4899
20211110,공항철도 1호선,운서,6629,6491,13120
20211110,공항철도 1호선,청라국제도시,7075,6605,13680
20211110,공항철도 1호선,검암,6886,6787,13673
20211110,공항철도 1호선,마곡나루,8864,8582,17446
20211110,공항철도 1호선,김포공항,11662,6929,18591
20211110,공항철도 1호선,디지털미디어시티,14639,13395,28034
20211110,공항철도 1호선,홍대입구,8784,9058,17842
20211110,공항철도 1호선,공덕,2239,3008,5247
20211110,공항철도 1호선,서울역,7499,7003,14502
20211110,공항철도 1호선,계양,10499,9739,20238
20211111,공항철도 1호선,운서,6815,6715,13530
20211111,공항철도 1호선,공항화물청사,2310,2628,4938
20211111,공항철도 1호선,청라국제도시,7002,6677,13679
20211111,공항철도 1호선,인천공항2터미널,2402,2257,4659
20211111,공항철도 1호선,영종,2968,3056,6024
20211111,공항철도 1호선,인천공항1터미널,3711,3740,7451
20211111,공항철도 1호선,검암,7013,6822,13835
20211111,공항철도 1호선,서울역,7984,7390,15374
20211111,공항철도 1호선,김포공항,12347,7296,19643
20211111,공항철도 1호선,마곡나루,8846,8715,17561
20211111,공항철도 1호선,디지털미디어시티,14847,13523,28370
20211111,공항철도 1호선,홍대입구,9307,9457,18764
20211111,공항철도 1호선,공덕,2395,3099,5494
20211111,공항철도 1호선,계양,10612,9725,20337
20211112,공항철도 1호선,영종,3097,3317,6414
20211112,공항철도 1호선,인천공항2터미널,2299,2054,4353
20211112,공항철도 1호선,인천공항1터미널,4035,4196,8231
20211112,공항철도 1호선,공항화물청사,2348,2470,4818
20211112,공항철도 1호선,운서,7082,6747,13829
20211112,공항철도 1호선,청라국제도시,7116,6852,13968
20211112,공항철도 1호선,검암,7147,6929,14076
20211112,공항철도 1호선,김포공항,14207,7653,21860
20211112,공항철도 1호선,마곡나루,8446,8105,16551
20211112,공항철도 1호선,디지털미디어시티,14410,12781,27191
20211112,공항철도 1호선,홍대입구,10526,11498,22024
20211112,공항철도 1호선,공덕,2407,3180,5587
20211112,공항철도 1호선,서울역,9808,9830,19638
20211112,공항철도 1호선,계양,10729,9736,20465
20211113,공항철도 1호선,김포공항,11927,6216,18143
20211113,공항철도 1호선,서울역,8347,9060,17407
20211113,공항철도 1호선,공덕,1625,2500,4125
20211113,공항철도 1호선,홍대입구,12285,12646,24931
20211113,공항철도 1호선,디지털미디어시티,5816,5443,11259
20211113,공항철도 1호선,마곡나루,3377,3575,6952
20211113,공항철도 1호선,계양,7095,6656,13751
20211113,공항철도 1호선,영종,3123,3097,6220
20211113,공항철도 1호선,청라국제도시,4475,4186,8661
20211113,공항철도 1호선,운서,5995,6050,12045
20211113,공항철도 1호선,공항화물청사,1319,1356,2675
20211113,공항철도 1호선,인천공항1터미널,3723,3728,7451
20211113,공항철도 1호선,인천공항2터미널,2029,1823,3852
20211113,공항철도 1호선,검암,4761,4924,9685
20211114,공항철도 1호선,김포공항,11641,5867,17508
20211114,공항철도 1호선,서울역,8301,7486,15787
20211114,공항철도 1호선,공덕,1265,1667,2932
20211114,공항철도 1호선,홍대입구,9775,9087,18862
20211114,공항철도 1호선,디지털미디어시티,3958,3956,7914
20211114,공항철도 1호선,마곡나루,2353,2534,4887
20211114,공항철도 1호선,계양,5265,5098,10363
20211114,공항철도 1호선,영종,2369,2299,4668
20211114,공항철도 1호선,청라국제도시,3297,3115,6412
20211114,공항철도 1호선,운서,4896,5279,10175
20211114,공항철도 1호선,공항화물청사,947,1038,1985
20211114,공항철도 1호선,인천공항1터미널,3650,3663,7313
20211114,공항철도 1호선,인천공항2터미널,1813,1788,3601
20211114,공항철도 1호선,검암,3684,3881,7565
20211115,공항철도 1호선,영종,3036,3069,6105
20211115,공항철도 1호선,인천공항2터미널,2259,2036,4295
20211115,공항철도 1호선,인천공항1터미널,3508,3678,7186
20211115,공항철도 1호선,공항화물청사,2231,2512,4743
20211115,공항철도 1호선,운서,6529,6577,13106
20211115,공항철도 1호선,청라국제도시,6892,6337,13229
20211115,공항철도 1호선,검암,6869,6653,13522
20211115,공항철도 1호선,김포공항,12795,7300,20095
20211115,공항철도 1호선,마곡나루,8782,8465,17247
20211115,공항철도 1호선,디지털미디어시티,14308,13035,27343
20211115,공항철도 1호선,홍대입구,8565,8735,17300
20211115,공항철도 1호선,공덕,2305,2983,5288
20211115,공항철도 1호선,서울역,7705,7158,14863
20211115,공항철도 1호선,계양,10493,9660,20153
20211116,공항철도 1호선,김포공항,12074,6922,18996
20211116,공항철도 1호선,공덕,2281,3033,5314
20211116,공항철도 1호선,홍대입구,8628,8869,17497
20211116,공항철도 1호선,디지털미디어시티,14878,13684,28562
20211116,공항철도 1호선,서울역,7380,6870,14250
20211116,공항철도 1호선,마곡나루,9126,8805,17931
20211116,공항철도 1호선,계양,10485,9850,20335
20211116,공항철도 1호선,공항화물청사,2352,2608,4960
20211116,공항철도 1호선,청라국제도시,6963,6595,13558
20211116,공항철도 1호선,운서,6661,6612,13273
20211116,공항철도 1호선,인천공항1터미널,3849,4073,7922
20211116,공항철도 1호선,인천공항2터미널,2082,1981,4063
20211116,공항철도 1호선,영종,3085,3001,6086
20211116,공항철도 1호선,검암,6982,6964,13946
20211117,공항철도 1호선,서울역,7870,7140,15010
20211117,공항철도 1호선,공덕,2322,3136,5458
20211117,공항철도 1호선,홍대입구,9047,9216,18263
20211117,공항철도 1호선,디지털미디어시티,14735,13624,28359
20211117,공항철도 1호선,마곡나루,9206,8789,17995
20211117,공항철도 1호선,김포공항,11985,7153,19138
20211117,공항철도 1호선,계양,10503,9822,20325
20211117,공항철도 1호선,청라국제도시,7155,6750,13905
20211117,공항철도 1호선,운서,6760,6729,13489
20211117,공항철도 1호선,공항화물청사,2375,2583,4958
20211117,공항철도 1호선,인천공항1터미널,3988,4144,8132
20211117,공항철도 1호선,인천공항2터미널,2303,2232,4535
20211117,공항철도 1호선,영종,3020,3043,6063
20211117,공항철도 1호선,검암,7160,6888,14048
20211118,공항철도 1호선,김포공항,12015,7067,19082
20211118,공항철도 1호선,서울역,7836,7389,15225
20211118,공항철도 1호선,공덕,2293,3007,5300
20211118,공항철도 1호선,홍대입구,9282,9491,18773
20211118,공항철도 1호선,디지털미디어시티,14300,13114,27414
20211118,공항철도 1호선,마곡나루,8888,8623,17511
20211118,공항철도 1호선,계양,10315,9677,19992
20211118,공항철도 1호선,영종,2966,2986,5952
20211118,공항철도 1호선,청라국제도시,6968,6668,13636
20211118,공항철도 1호선,운서,6594,6610,13204
20211118,공항철도 1호선,공항화물청사,2368,2588,4956
20211118,공항철도 1호선,인천공항1터미널,4006,3832,7838
20211118,공항철도 1호선,인천공항2터미널,2298,2143,4441
20211118,공항철도 1호선,검암,7017,6790,13807
20211119,공항철도 1호선,청라국제도시,7163,6846,14009
20211119,공항철도 1호선,영종,3144,3308,6452
20211119,공항철도 1호선,인천공항2터미널,2284,2111,4395
20211119,공항철도 1호선,인천공항1터미널,4364,4489,8853
20211119,공항철도 1호선,공항화물청사,2303,2520,4823
20211119,공항철도 1호선,운서,7271,7095,14366
20211119,공항철도 1호선,검암,7355,7347,14702
20211119,공항철도 1호선,계양,10757,9876,20633
20211119,공항철도 1호선,김포공항,15003,7479,22482
20211119,공항철도 1호선,마곡나루,8376,7999,16375
20211119,공항철도 1호선,디지털미디어시티,14241,12766,27007
20211119,공항철도 1호선,홍대입구,10745,11640,22385
20211119,공항철도 1호선,공덕,2365,3296,5661
20211119,공항철도 1호선,서울역,10160,9816,19976
20211120,공항철도 1호선,인천공항2터미널,2187,1814,4001
20211120,공항철도 1호선,인천공항1터미널,4022,3922,7944
20211120,공항철도 1호선,공항화물청사,1258,1301,2559
20211120,공항철도 1호선,운서,6102,6090,12192
20211120,공항철도 1호선,청라국제도시,4451,4268,8719
20211120,공항철도 1호선,검암,4862,4746,9608
20211120,공항철도 1호선,영종,2965,3041,6006
20211120,공항철도 1호선,김포공항,12263,5931,18194
20211120,공항철도 1호선,마곡나루,3309,3609,6918
20211120,공항철도 1호선,디지털미디어시티,5720,5478,11198
20211120,공항철도 1호선,홍대입구,12444,13061,25505
20211120,공항철도 1호선,공덕,1593,2503,4096
20211120,공항철도 1호선,서울역,8625,8899,17524
20211120,공항철도 1호선,계양,7276,6620,13896
20211121,공항철도 1호선,영종,2370,2296,4666
20211121,공항철도 1호선,인천공항2터미널,1942,1778,3720
20211121,공항철도 1호선,인천공항1터미널,3722,3622,7344
20211121,공항철도 1호선,공항화물청사,965,1064,2029
20211121,공항철도 1호선,운서,4898,5240,10138
20211121,공항철도 1호선,청라국제도시,3200,3034,6234
20211121,공항철도 1호선,검암,3478,3625,7103
20211121,공항철도 1호선,계양,5045,5081,10126
20211121,공항철도 1호선,마곡나루,2191,2542,4733
20211121,공항철도 1호선,디지털미디어시티,3471,3498,6969
20211121,공항철도 1호선,홍대입구,9973,8916,18889
20211121,공항철도 1호선,공덕,1240,1711,2951
20211121,공항철도 1호선,서울역,8546,7590,16136
20211121,공항철도 1호선,김포공항,11914,5804,17718
20211122,공항철도 1호선,운서,6454,6429,12883
20211122,공항철도 1호선,영종,2959,2879,5838
20211122,공항철도 1호선,인천공항2터미널,2291,2053,4344
20211122,공항철도 1호선,인천공항1터미널,3590,3729,7319
20211122,공항철도 1호선,공항화물청사,2165,2428,4593
20211122,공항철도 1호선,청라국제도시,6843,6396,13239
20211122,공항철도 1호선,검암,6760,6559,13319
20211122,공항철도 1호선,계양,10138,9547,19685
20211122,공항철도 1호선,김포공항,12459,6984,19443
20211122,공항철도 1호선,마곡나루,8373,8103,16476
20211122,공항철도 1호선,디지털미디어시티,14223,12973,27196
20211122,공항철도 1호선,홍대입구,8626,9113,17739
20211122,공항철도 1호선,공덕,2244,2944,5188
20211122,공항철도 1호선,서울역,7820,7280,15100
20211123,공항철도 1호선,공덕,2243,2937,5180
20211123,공항철도 1호선,디지털미디어시티,14663,13396,28059
20211123,공항철도 1호선,마곡나루,8673,8431,17104
20211123,공항철도 1호선,김포공항,11894,6616,18510
20211123,공항철도 1호선,계양,10238,9714,19952
20211123,공항철도 1호선,검암,6857,6674,13531
20211123,공항철도 1호선,서울역,7346,6924,14270
20211123,공항철도 1호선,운서,6441,6368,12809
20211123,공항철도 1호선,공항화물청사,2345,2586,4931
20211123,공항철도 1호선,인천공항1터미널,3657,3789,7446
20211123,공항철도 1호선,인천공항2터미널,2130,2104,4234
20211123,공항철도 1호선,영종,2974,2985,5959
20211123,공항철도 1호선,홍대입구,8655,8897,17552
20211123,공항철도 1호선,청라국제도시,6969,6606,13575
20211124,공항철도 1호선,서울역,7556,6819,14375
20211124,공항철도 1호선,공덕,2267,3013,5280
20211124,공항철도 1호선,홍대입구,9016,9166,18182
20211124,공항철도 1호선,디지털미디어시티,14713,13367,28080
20211124,공항철도 1호선,마곡나루,9143,8651,17794
20211124,공항철도 1호선,김포공항,11337,6875,18212
20211124,공항철도 1호선,계양,10403,9714,20117
20211124,공항철도 1호선,검암,6816,6781,13597
20211124,공항철도 1호선,운서,6609,6582,13191
20211124,공항철도 1호선,공항화물청사,2298,2520,4818
20211124,공항철도 1호선,인천공항1터미널,3754,3816,7570
20211124,공항철도 1호선,인천공항2터미널,2092,2033,4125
20211124,공항철도 1호선,영종,3013,2999,6012
20211124,공항철도 1호선,청라국제도시,6965,6582,13547
20211125,공항철도 1호선,청라국제도시,7131,6720,13851
20211125,공항철도 1호선,영종,3023,3073,6096
20211125,공항철도 1호선,인천공항2터미널,2350,2150,4500
20211125,공항철도 1호선,인천공항1터미널,3966,3807,7773
20211125,공항철도 1호선,공항화물청사,2394,2580,4974
20211125,공항철도 1호선,운서,6768,6707,13475
20211125,공항철도 1호선,계양,10395,9651,20046
20211125,공항철도 1호선,마곡나루,9032,8703,17735
20211125,공항철도 1호선,김포공항,12173,7136,19309
20211125,공항철도 1호선,디지털미디어시티,14515,13358,27873
20211125,공항철도 1호선,홍대입구,9243,9641,18884
20211125,공항철도 1호선,공덕,2336,3117,5453
20211125,공항철도 1호선,서울역,8003,7411,15414
20211125,공항철도 1호선,검암,7065,6873,13938
20211126,공항철도 1호선,영종,3125,3244,6369
20211126,공항철도 1호선,인천공항2터미널,2326,2259,4585
20211126,공항철도 1호선,공항화물청사,2368,2495,4863
20211126,공항철도 1호선,운서,6870,6683,13553
20211126,공항철도 1호선,청라국제도시,7168,6764,13932
20211126,공항철도 1호선,검암,7086,7036,14122
20211126,공항철도 1호선,인천공항1터미널,4144,4722,8866
20211126,공항철도 1호선,김포공항,14957,7688,22645
20211126,공항철도 1호선,마곡나루,8542,7952,16494
20211126,공항철도 1호선,디지털미디어시티,14384,12676,27060
20211126,공항철도 1호선,홍대입구,10354,11361,21715
20211126,공항철도 1호선,공덕,2411,3265,5676
20211126,공항철도 1호선,서울역,9982,9562,19544
20211126,공항철도 1호선,계양,10464,9620,20084
20211127,공항철도 1호선,영종,2935,2923,5858
20211127,공항철도 1호선,인천공항2터미널,2007,1817,3824
20211127,공항철도 1호선,인천공항1터미널,3814,3884,7698
20211127,공항철도 1호선,공항화물청사,1294,1361,2655
20211127,공항철도 1호선,운서,5853,5945,11798
20211127,공항철도 1호선,청라국제도시,4300,4078,8378
20211127,공항철도 1호선,검암,4558,4640,9198
20211127,공항철도 1호선,마곡나루,3277,3572,6849
20211127,공항철도 1호선,김포공항,12634,6066,18700
20211127,공항철도 1호선,디지털미디어시티,5918,5600,11518
20211127,공항철도 1호선,홍대입구,12006,12319,24325
20211127,공항철도 1호선,공덕,1548,2487,4035
20211127,공항철도 1호선,서울역,8569,8694,17263
20211127,공항철도 1호선,계양,7204,6473,13677
20211128,공항철도 1호선,계양,5187,4974,10161
20211128,공항철도 1호선,김포공항,11803,5725,17528
20211128,공항철도 1호선,검암,3604,3598,7202
20211128,공항철도 1호선,디지털미디어시티,3743,3682,7425
20211128,공항철도 1호선,홍대입구,9575,8842,18417
20211128,공항철도 1호선,마곡나루,2283,2630,4913
20211128,공항철도 1호선,청라국제도시,3138,3057,6195
20211128,공항철도 1호선,서울역,8299,7556,15855
20211128,공항철도 1호선,공항화물청사,930,1055,1985
20211128,공항철도 1호선,인천공항1터미널,3941,3763,7704
20211128,공항철도 1호선,인천공항2터미널,1981,2091,4072
20211128,공항철도 1호선,영종,2339,2167,4506
20211128,공항철도 1호선,공덕,1225,1687,2912
20211128,공항철도 1호선,운서,4939,5259,10198
20211129,공항철도 1호선,인천공항2터미널,2324,2105,4429
20211129,공항철도 1호선,인천공항1터미널,3525,3610,7135
20211129,공항철도 1호선,공항화물청사,2217,2532,4749
20211129,공항철도 1호선,운서,6492,6408,12900
20211129,공항철도 1호선,청라국제도시,6807,6432,13239
20211129,공항철도 1호선,검암,6937,6758,13695
20211129,공항철도 1호선,영종,2969,2934,5903
20211129,공항철도 1호선,김포공항,12401,7103,19504
20211129,공항철도 1호선,마곡나루,8738,8285,17023
20211129,공항철도 1호선,디지털미디어시티,14397,12992,27389
20211129,공항철도 1호선,홍대입구,8596,8644,17240
20211129,공항철도 1호선,공덕,2316,2955,5271
20211129,공항철도 1호선,서울역,7701,7091,14792
20211129,공항철도 1호선,계양,10341,9611,19952
20211130,공항철도 1호선,영종,2723,2662,5385
20211130,공항철도 1호선,인천공항2터미널,2213,2104,4317
20211130,공항철도 1호선,인천공항1터미널,3717,3819,7536
20211130,공항철도 1호선,공항화물청사,2271,2559,4830
20211130,공항철도 1호선,운서,6054,6017,12071
20211130,공항철도 1호선,청라국제도시,6551,6349,12900
20211130,공항철도 1호선,검암,6563,6519,13082
20211130,공항철도 1호선,계양,9801,9401,19202
20211130,공항철도 1호선,마곡나루,8446,7980,16426
20211130,공항철도 1호선,디지털미디어시티,14231,13070,27301
20211130,공항철도 1호선,홍대입구,7882,8223,16105
20211130,공항철도 1호선,공덕,2212,2900,5112
20211130,공항철도 1호선,서울역,7078,6527,13605
20211130,공항철도 1호선,김포공항,11076,6311,17387
20211201,공항철도 1호선,마곡나루,8809,8396,17205
20211201,공항철도 1호선,서울역,7045,6483,13528
20211201,공항철도 1호선,공덕,2259,2930,5189
20211201,공항철도 1호선,홍대입구,8326,8764,17090
20211201,공항철도 1호선,디지털미디어시티,14368,13147,27515
20211201,공항철도 1호선,김포공항,10525,6656,17181
20211201,공항철도 1호선,계양,10077,9437,19514
20211201,공항철도 1호선,청라국제도시,6876,6390,13266
20211201,공항철도 1호선,운서,6453,6332,12785
20211201,공항철도 1호선,공항화물청사,2311,2670,4981
20211201,공항철도 1호선,인천공항1터미널,3949,4048,7997
20211201,공항철도 1호선,인천공항2터미널,2304,2066,4370
20211201,공항철도 1호선,영종,2839,2872,5711
20211201,공항철도 1호선,검암,6770,6648,13418
20211202,공항철도 1호선,서울역,7177,6776,13953
20211202,공항철도 1호선,공덕,2254,2990,5244
20211202,공항철도 1호선,디지털미디어시티,14605,13245,27850
20211202,공항철도 1호선,마곡나루,8740,8552,17292
20211202,공항철도 1호선,김포공항,11101,6533,17634
20211202,공항철도 1호선,계양,10041,9433,19474
20211202,공항철도 1호선,홍대입구,8538,8794,17332
20211202,공항철도 1호선,청라국제도시,6817,6421,13238
20211202,공항철도 1호선,운서,6397,6239,12636
20211202,공항철도 1호선,공항화물청사,2309,2516,4825
20211202,공항철도 1호선,인천공항1터미널,4011,3814,7825
20211202,공항철도 1호선,인천공항2터미널,2440,2166,4606
20211202,공항철도 1호선,영종,2750,2790,5540
20211202,공항철도 1호선,검암,6796,6645,13441
20211203,공항철도 1호선,영종,2937,3084,6021
20211203,공항철도 1호선,인천공항2터미널,2333,2160,4493
20211203,공항철도 1호선,인천공항1터미널,3836,4006,7842
20211203,공항철도 1호선,공항화물청사,2299,2473,4772
20211203,공항철도 1호선,운서,6764,6653,13417
20211203,공항철도 1호선,청라국제도시,7054,6541,13595
20211203,공항철도 1호선,검암,7021,6736,13757
20211203,공항철도 1호선,마곡나루,8653,7945,16598
20211203,공항철도 1호선,김포공항,13554,7376,20930
20211203,공항철도 1호선,디지털미디어시티,14439,12977,27416
20211203,공항철도 1호선,홍대입구,9657,10518,20175
20211203,공항철도 1호선,공덕,2366,3312,5678
20211203,공항철도 1호선,서울역,8954,8817,17771
20211203,공항철도 1호선,계양,10316,9521,19837
20211204,공항철도 1호선,운서,5547,5596,11143
20211204,공항철도 1호선,공항화물청사,1293,1353,2646
20211204,공항철도 1호선,청라국제도시,4008,3736,7744
20211204,공항철도 1호선,인천공항2터미널,1999,1684,3683
20211204,공항철도 1호선,영종,2640,2594,5234
20211204,공항철도 1호선,인천공항1터미널,3460,3270,6730
20211204,공항철도 1호선,검암,4378,4260,8638
20211204,공항철도 1호선,서울역,7393,7614,15007
20211204,공항철도 1호선,김포공항,10765,5717,16482
20211204,공항철도 1호선,마곡나루,2937,3145,6082
20211204,공항철도 1호선,디지털미디어시티,5067,4864,9931
20211204,공항철도 1호선,홍대입구,10624,11214,21838
20211204,공항철도 1호선,공덕,1515,2365,3880
20211204,공항철도 1호선,계양,6779,6165,12944
20211205,공항철도 1호선,영종,2187,2105,4292
20211205,공항철도 1호선,인천공항2터미널,1858,1680,3538
20211205,공항철도 1호선,인천공항1터미널,3364,3256,6620
20211205,공항철도 1호선,공항화물청사,1029,1098,2127
20211205,공항철도 1호선,운서,4587,4987,9574
20211205,공항철도 1호선,청라국제도시,2851,2793,5644
20211205,공항철도 1호선,검암,3353,3382,6735
20211205,공항철도 1호선,김포공항,10695,5417,16112
20211205,공항철도 1호선,마곡나루,2021,2322,4343
20211205,공항철도 1호선,디지털미디어시티,3517,3545,7062
20211205,공항철도 1호선,홍대입구,8774,7902,16676
20211205,공항철도 1호선,공덕,1184,1816,3000
20211205,공항철도 1호선,서울역,7410,6412,13822
20211205,공항철도 1호선,계양,4851,4642,9493
20211206,공항철도 1호선,김포공항,11212,6547,17759
20211206,공항철도 1호선,서울역,7158,6751,13909
20211206,공항철도 1호선,공덕,2154,2724,4878
20211206,공항철도 1호선,홍대입구,8132,8114,16246
20211206,공항철도 1호선,디지털미디어시티,13699,12562,26261
20211206,공항철도 1호선,마곡나루,8287,8070,16357
20211206,공항철도 1호선,계양,10019,9435,19454
20211206,공항철도 1호선,영종,2859,2775,5634
20211206,공항철도 1호선,청라국제도시,6677,6277,12954
20211206,공항철도 1호선,운서,6344,6362,12706
20211206,공항철도 1호선,공항화물청사,2281,2474,4755
20211206,공항철도 1호선,인천공항1터미널,3424,3512,6936
20211206,공항철도 1호선,인천공항2터미널,2370,2036,4406
20211206,공항철도 1호선,검암,6724,6652,13376
20211207,공항철도 1호선,청라국제도시,6882,6483,13365
20211207,공항철도 1호선,영종,2851,2775,5626
20211207,공항철도 1호선,인천공항2터미널,2077,1919,3996
20211207,공항철도 1호선,인천공항1터미널,3635,3671,7306
20211207,공항철도 1호선,공항화물청사,2336,2535,4871
20211207,공항철도 1호선,운서,6445,6408,12853
20211207,공항철도 1호선,검암,6840,6788,13628
20211207,공항철도 1호선,서울역,6686,6371,13057
20211207,공항철도 1호선,김포공항,10699,6166,16865
20211207,공항철도 1호선,마곡나루,8721,8305,17026
20211207,공항철도 1호선,디지털미디어시티,14118,12977,27095
20211207,공항철도 1호선,홍대입구,8351,8562,16913
20211207,공항철도 1호선,공덕,2217,2862,5079
20211207,공항철도 1호선,계양,10095,9540,19635
20211208,공항철도 1호선,서울역,6913,6345,13258
20211208,공항철도 1호선,공덕,2141,2817,4958
20211208,공항철도 1호선,홍대입구,8494,8572,17066
20211208,공항철도 1호선,디지털미디어시티,14023,12978,27001
20211208,공항철도 1호선,마곡나루,8704,8299,17003
20211208,공항철도 1호선,김포공항,10419,6114,16533
20211208,공항철도 1호선,계양,10183,9472,19655
20211208,공항철도 1호선,청라국제도시,6729,6371,13100
20211208,공항철도 1호선,운서,6400,6355,12755
20211208,공항철도 1호선,공항화물청사,2320,2558,4878
20211208,공항철도 1호선,인천공항1터미널,3519,3521,7040
20211208,공항철도 1호선,인천공항2터미널,1945,1890,3835
20211208,공항철도 1호선,영종,2822,2764,5586
20211208,공항철도 1호선,검암,6779,6725,13504
20211209,공항철도 1호선,청라국제도시,6739,6344,13083
20211209,공항철도 1호선,인천공항2터미널,2284,2210,4494
20211209,공항철도 1호선,인천공항1터미널,3573,3622,7195
20211209,공항철도 1호선,공항화물청사,2333,2575,4908
20211209,공항철도 1호선,영종,2756,2826,5582
20211209,공항철도 1호선,운서,6535,6444,12979
20211209,공항철도 1호선,검암,6873,6693,13566
20211209,공항철도 1호선,디지털미디어시티,13938,12776,26714
20211209,공항철도 1호선,김포공항,10712,6516,17228
20211209,공항철도 1호선,마곡나루,8681,8320,17001
20211209,공항철도 1호선,홍대입구,8713,9039,17752
20211209,공항철도 1호선,공덕,2141,2908,5049
20211209,공항철도 1호선,서울역,7378,6701,14079
20211209,공항철도 1호선,계양,10047,9242,19289
20211210,공항철도 1호선,영종,2807,2963,5770
20211210,공항철도 1호선,인천공항2터미널,2215,2071,4286
20211210,공항철도 1호선,인천공항1터미널,3699,3963,7662
20211210,공항철도 1호선,공항화물청사,2305,2443,4748
20211210,공항철도 1호선,운서,6765,6554,13319
20211210,공항철도 1호선,청라국제도시,6807,6385,13192
20211210,공항철도 1호선,검암,6870,6739,13609
20211210,공항철도 1호선,계양,10136,9250,19386
20211210,공항철도 1호선,김포공항,13066,7046,20112
20211210,공항철도 1호선,마곡나루,7831,7499,15330
20211210,공항철도 1호선,디지털미디어시티,13625,12396,26021
20211210,공항철도 1호선,홍대입구,9322,9891,19213
20211210,공항철도 1호선,공덕,2257,3033,5290
20211210,공항철도 1호선,서울역,8299,8380,16679
20211211,공항철도 1호선,인천공항2터미널,1787,1536,3323
20211211,공항철도 1호선,인천공항1터미널,3124,3309,6433
20211211,공항철도 1호선,공항화물청사,1231,1327,2558
20211211,공항철도 1호선,운서,5567,5668,11235
20211211,공항철도 1호선,청라국제도시,3885,3642,7527
20211211,공항철도 1호선,검암,4352,4298,8650
20211211,공항철도 1호선,영종,2516,2462,4978
20211211,공항철도 1호선,김포공항,10400,5506,15906
20211211,공항철도 1호선,마곡나루,2980,3087,6067
20211211,공항철도 1호선,디지털미디어시티,4976,4896,9872
20211211,공항철도 1호선,홍대입구,9890,10375,20265
20211211,공항철도 1호선,공덕,1499,2375,3874
20211211,공항철도 1호선,서울역,6853,7147,14000
20211211,공항철도 1호선,계양,6571,5993,12564
20211212,공항철도 1호선,인천공항2터미널,1636,1605,3241
20211212,공항철도 1호선,인천공항1터미널,3310,3285,6595
20211212,공항철도 1호선,공항화물청사,905,975,1880
20211212,공항철도 1호선,운서,4478,4772,9250
20211212,공항철도 1호선,청라국제도시,2713,2646,5359
20211212,공항철도 1호선,검암,3117,3219,6336
20211212,공항철도 1호선,영종,2035,2010,4045
20211212,공항철도 1호선,김포공항,10670,5391,16061
20211212,공항철도 1호선,마곡나루,1840,2058,3898
20211212,공항철도 1호선,디지털미디어시티,3406,3364,6770
20211212,공항철도 1호선,홍대입구,8240,7808,16048
20211212,공항철도 1호선,공덕,1120,1619,2739
20211212,공항철도 1호선,서울역,7343,5982,13325
20211212,공항철도 1호선,계양,4745,4715,9460
20211213,공항철도 1호선,서울역,7122,6410,13532
20211213,공항철도 1호선,공덕,2103,2668,4771
20211213,공항철도 1호선,홍대입구,7860,8134,15994
20211213,공항철도 1호선,디지털미디어시티,13399,12334,25733
20211213,공항철도 1호선,마곡나루,8084,7865,15949
20211213,공항철도 1호선,김포공항,11442,6454,17896
20211213,공항철도 1호선,계양,9552,9149,18701
20211213,공항철도 1호선,검암,6438,6294,12732
20211213,공항철도 1호선,운서,6097,6128,12225
20211213,공항철도 1호선,공항화물청사,2168,2438,4606
20211213,공항철도 1호선,인천공항1터미널,3217,3295,6512
20211213,공항철도 1호선,인천공항2터미널,2058,1900,3958
20211213,공항철도 1호선,영종,2659,2566,5225
20211213,공항철도 1호선,청라국제도시,6436,5982,12418
20211214,공항철도 1호선,청라국제도시,6593,6170,12763
20211214,공항철도 1호선,인천공항1터미널,3416,3656,7072
20211214,공항철도 1호선,인천공항2터미널,2001,2033,4034
20211214,공항철도 1호선,영종,2612,2573,5185
20211214,공항철도 1호선,운서,6064,6111,12175
20211214,공항철도 1호선,검암,6579,6497,13076
20211214,공항철도 1호선,공항화물청사,2329,2540,4869
20211214,공항철도 1호선,김포공항,10600,5871,16471
20211214,공항철도 1호선,서울역,6721,6130,12851
20211214,공항철도 1호선,공덕,2118,2808,4926
20211214,공항철도 1호선,계양,9851,9343,19194
20211214,공항철도 1호선,디지털미디어시티,13796,12745,26541
20211214,공항철도 1호선,마곡나루,8504,8197,16701
20211214,공항철도 1호선,홍대입구,8236,8374,16610
20211215,공항철도 1호선,인천공항2터미널,2090,2092,4182
20211215,공항철도 1호선,인천공항1터미널,3535,3943,7478
20211215,공항철도 1호선,공항화물청사,2294,2481,4775
20211215,공항철도 1호선,운서,6339,6201,12540
20211215,공항철도 1호선,청라국제도시,6614,6182,12796
20211215,공항철도 1호선,검암,6669,6512,13181
20211215,공항철도 1호선,영종,2766,2777,5543
20211215,공항철도 1호선,김포공항,10761,6206,16967
20211215,공항철도 1호선,마곡나루,8468,8185,16653
20211215,공항철도 1호선,디지털미디어시티,13792,12590,26382
20211215,공항철도 1호선,홍대입구,8804,8928,17732
20211215,공항철도 1호선,공덕,2122,2791,4913
20211215,공항철도 1호선,서울역,6960,6252,13212
20211215,공항철도 1호선,계양,9889,9325,19214
20211216,공항철도 1호선,서울역,7213,6652,13865
20211216,공항철도 1호선,공덕,2240,2779,5019
20211216,공항철도 1호선,홍대입구,8963,9317,18280
20211216,공항철도 1호선,디지털미디어시티,13698,12700,26398
20211216,공항철도 1호선,마곡나루,8405,8200,16605
20211216,공항철도 1호선,김포공항,11050,6577,17627
20211216,공항철도 1호선,계양,9947,9327,19274
20211216,공항철도 1호선,검암,6432,6369,12801
20211216,공항철도 1호선,운서,6285,6321,12606
20211216,공항철도 1호선,공항화물청사,2240,2483,4723
20211216,공항철도 1호선,인천공항1터미널,3558,3804,7362
20211216,공항철도 1호선,영종,2756,2704,5460
20211216,공항철도 1호선,청라국제도시,6645,6220,12865
20211216,공항철도 1호선,인천공항2터미널,2124,2237,4361
20211217,공항철도 1호선,서울역,8784,8536,17320
20211217,공항철도 1호선,계양,9872,9148,19020
20211217,공항철도 1호선,공덕,2211,3137,5348
20211217,공항철도 1호선,홍대입구,9838,10835,20673
20211217,공항철도 1호선,디지털미디어시티,13286,11951,25237
20211217,공항철도 1호선,마곡나루,7451,6897,14348
20211217,공항철도 1호선,김포공항,13118,6558,19676
20211217,공항철도 1호선,검암,6572,6449,13021
20211217,공항철도 1호선,운서,6381,6245,12626
20211217,공항철도 1호선,공항화물청사,2236,2359,4595
20211217,공항철도 1호선,인천공항1터미널,3853,4362,8215
20211217,공항철도 1호선,인천공항2터미널,2192,2108,4300
20211217,공항철도 1호선,영종,2764,2896,5660
20211217,공항철도 1호선,청라국제도시,6670,6252,12922
20211218,공항철도 1호선,공덕,1437,2284,3721
20211218,공항철도 1호선,홍대입구,10698,10595,21293
20211218,공항철도 1호선,디지털미디어시티,5441,4966,10407
20211218,공항철도 1호선,마곡나루,2571,2726,5297
20211218,공항철도 1호선,김포공항,11382,5883,17265
20211218,공항철도 1호선,계양,6006,6018,12024
20211218,공항철도 1호선,서울역,7376,7327,14703
20211218,공항철도 1호선,청라국제도시,3674,3775,7449
20211218,공항철도 1호선,운서,5691,5697,11388
20211218,공항철도 1호선,공항화물청사,1402,1321,2723
20211218,공항철도 1호선,인천공항1터미널,3887,4067,7954
20211218,공항철도 1호선,인천공항2터미널,2081,1995,4076
20211218,공항철도 1호선,영종,2516,2708,5224
20211218,공항철도 1호선,검암,3991,4008,7999
20211219,공항철도 1호선,영종,2215,2076,4291
20211219,공항철도 1호선,인천공항2터미널,1836,1925,3761
20211219,공항철도 1호선,인천공항1터미널,3635,3929,7564
20211219,공항철도 1호선,공항화물청사,1047,1118,2165
20211219,공항철도 1호선,운서,4769,4947,9716
20211219,공항철도 1호선,청라국제도시,2891,2755,5646
20211219,공항철도 1호선,검암,3211,3309,6520
20211219,공항철도 1호선,계양,4867,4695,9562
20211219,공항철도 1호선,마곡나루,1920,2179,4099
20211219,공항철도 1호선,디지털미디어시티,3593,3680,7273
20211219,공항철도 1호선,홍대입구,9018,8206,17224
20211219,공항철도 1호선,공덕,1203,1830,3033
20211219,공항철도 1호선,서울역,7398,6174,13572
20211219,공항철도 1호선,김포공항,11170,5783,16953
20211220,공항철도 1호선,청라국제도시,6647,6267,12914
20211220,공항철도 1호선,인천공항2터미널,2198,2077,4275
20211220,공항철도 1호선,인천공항1터미널,3613,3963,7576
20211220,공항철도 1호선,영종,2836,2802,5638
20211220,공항철도 1호선,운서,6270,6317,12587
20211220,공항철도 1호선,검암,6460,6408,12868
20211220,공항철도 1호선,공항화물청사,2293,2429,4722
20211220,공항철도 1호선,김포공항,11916,6749,18665
20211220,공항철도 1호선,마곡나루,8563,8469,17032
20211220,공항철도 1호선,디지털미디어시티,13312,12091,25403
20211220,공항철도 1호선,홍대입구,9021,8936,17957
20211220,공항철도 1호선,공덕,2186,2799,4985
20211220,공항철도 1호선,서울역,7495,6719,14214
20211220,공항철도 1호선,계양,9750,9170,18920
20211221,공항철도 1호선,인천공항2터미널,2230,2361,4591
20211221,공항철도 1호선,인천공항1터미널,3846,4585,8431
20211221,공항철도 1호선,공항화물청사,2290,2482,4772
20211221,공항철도 1호선,운서,6261,6414,12675
20211221,공항철도 1호선,청라국제도시,6795,6393,13188
20211221,공항철도 1호선,검암,6643,6480,13123
20211221,공항철도 1호선,영종,2773,2791,5564
20211221,공항철도 1호선,김포공항,11335,6039,17374
20211221,공항철도 1호선,마곡나루,8610,8329,16939
20211221,공항철도 1호선,디지털미디어시티,13913,12674,26587
20211221,공항철도 1호선,홍대입구,9455,9459,18914
20211221,공항철도 1호선,공덕,2197,2843,5040
20211221,공항철도 1호선,서울역,7203,6339,13542
20211221,공항철도 1호선,계양,9804,9375,19179
20211222,공항철도 1호선,영종,2901,2888,5789
20211222,공항철도 1호선,인천공항2터미널,2177,2171,4348
20211222,공항철도 1호선,인천공항1터미널,3943,4511,8454
20211222,공항철도 1호선,공항화물청사,2231,2457,4688
20211222,공항철도 1호선,운서,6409,6439,12848
20211222,공항철도 1호선,청라국제도시,6657,6484,13141
20211222,공항철도 1호선,검암,6599,6519,13118
20211222,공항철도 1호선,계양,10048,9473,19521
20211222,공항철도 1호선,마곡나루,8723,8371,17094
20211222,공항철도 1호선,디지털미디어시티,13748,12854,26602
20211222,공항철도 1호선,홍대입구,10015,10277,20292
20211222,공항철도 1호선,공덕,2302,3020,5322
20211222,공항철도 1호선,서울역,7542,6606,14148
20211222,공항철도 1호선,김포공항,11397,6532,17929
20211223,공항철도 1호선,김포공항,12052,6785,18837
20211223,공항철도 1호선,서울역,7739,6995,14734
20211223,공항철도 1호선,공덕,2267,2983,5250
20211223,공항철도 1호선,홍대입구,10467,10457,20924
20211223,공항철도 1호선,디지털미디어시티,13788,12609,26397
20211223,공항철도 1호선,마곡나루,8668,8317,16985
20211223,공항철도 1호선,계양,10072,9297,19369
20211223,공항철도 1호선,검암,6770,6626,13396
20211223,공항철도 1호선,청라국제도시,6749,6434,13183
20211223,공항철도 1호선,운서,6432,6459,12891
20211223,공항철도 1호선,공항화물청사,2278,2510,4788
20211223,공항철도 1호선,인천공항1터미널,3724,4119,7843
20211223,공항철도 1호선,인천공항2터미널,2284,2359,4643
20211223,공항철도 1호선,영종,2874,2961,5835
20211224,공항철도 1호선,서울역,8579,8721,17300
20211224,공항철도 1호선,공덕,2220,2864,5084
20211224,공항철도 1호선,홍대입구,11332,11596,22928
20211224,공항철도 1호선,디지털미디어시티,12610,11239,23849
20211224,공항철도 1호선,마곡나루,7682,7023,14705
20211224,공항철도 1호선,김포공항,13333,7357,20690
20211224,공항철도 1호선,계양,9903,9182,19085
20211224,공항철도 1호선,청라국제도시,6583,6363,12946
20211224,공항철도 1호선,운서,6732,6937,13669
20211224,공항철도 1호선,공항화물청사,2232,2310,4542
20211224,공항철도 1호선,인천공항1터미널,3813,4319,8132
20211224,공항철도 1호선,인천공항2터미널,2170,2188,4358
20211224,공항철도 1호선,영종,2980,3233,6213
20211224,공항철도 1호선,검암,6641,6682,13323
20211225,공항철도 1호선,김포공항,9338,5076,14414
20211225,공항철도 1호선,서울역,5659,5762,11421
20211225,공항철도 1호선,공덕,1058,1625,2683
20211225,공항철도 1호선,홍대입구,10580,10530,21110
20211225,공항철도 1호선,디지털미디어시티,3399,3173,6572
20211225,공항철도 1호선,마곡나루,1948,2142,4090
20211225,공항철도 1호선,계양,5138,5019,10157
20211225,공항철도 1호선,영종,2140,2164,4304
20211225,공항철도 1호선,청라국제도시,3095,3011,6106
20211225,공항철도 1호선,운서,4933,4945,9878
20211225,공항철도 1호선,공항화물청사,1084,1136,2220
20211225,공항철도 1호선,인천공항1터미널,3576,3769,7345
20211225,공항철도 1호선,인천공항2터미널,1732,1628,3360
20211225,공항철도 1호선,검암,3230,3257,6487
20211226,공항철도 1호선,김포공항,10015,5325,15340
20211226,공항철도 1호선,공덕,869,1327,2196
20211226,공항철도 1호선,홍대입구,7954,7605,15559
20211226,공항철도 1호선,디지털미디어시티,2879,2847,5726
20211226,공항철도 1호선,서울역,6881,5701,12582
20211226,공항철도 1호선,마곡나루,1481,1603,3084
20211226,공항철도 1호선,계양,4068,4116,8184
20211226,공항철도 1호선,공항화물청사,909,979,1888
20211226,공항철도 1호선,청라국제도시,2486,2391,4877
20211226,공항철도 1호선,운서,4129,4211,8340
20211226,공항철도 1호선,인천공항1터미널,3209,3325,6534
20211226,공항철도 1호선,인천공항2터미널,1623,1598,3221
20211226,공항철도 1호선,영종,2015,1790,3805
20211226,공항철도 1호선,검암,2759,2776,5535
20211227,공항철도 1호선,서울역,7288,6731,14019
20211227,공항철도 1호선,공덕,2123,2704,4827
20211227,공항철도 1호선,홍대입구,8890,8925,17815
20211227,공항철도 1호선,디지털미디어시티,12644,11444,24088
20211227,공항철도 1호선,마곡나루,6843,6646,13489
20211227,공항철도 1호선,김포공항,11459,6917,18376
20211227,공항철도 1호선,계양,9153,8691,17844
20211227,공항철도 1호선,청라국제도시,6182,5743,11925
20211227,공항철도 1호선,운서,5959,6090,12049
20211227,공항철도 1호선,공항화물청사,2103,2314,4417
20211227,공항철도 1호선,인천공항1터미널,3467,3664,7131
20211227,공항철도 1호선,인천공항2터미널,2079,1923,4002
20211227,공항철도 1호선,영종,2780,2777,5557
20211227,공항철도 1호선,검암,6198,6009,12207
20211228,공항철도 1호선,김포공항,10921,6635,17556
20211228,공항철도 1호선,서울역,7187,6599,13786
20211228,공항철도 1호선,공덕,2199,2923,5122
20211228,공항철도 1호선,홍대입구,9267,9249,18516
20211228,공항철도 1호선,디지털미디어시티,13166,12105,25271
20211228,공항철도 1호선,마곡나루,7455,7185,14640
20211228,공항철도 1호선,계양,9411,8988,18399
20211228,공항철도 1호선,영종,2788,2808,5596
20211228,공항철도 1호선,청라국제도시,6485,6066,12551
20211228,공항철도 1호선,운서,6287,6359,12646
20211228,공항철도 1호선,공항화물청사,2212,2441,4653
20211228,공항철도 1호선,인천공항1터미널,3672,4065,7737
20211228,공항철도 1호선,인천공항2터미널,2169,2155,4324
20211228,공항철도 1호선,검암,6264,6189,12453
20211229,공항철도 1호선,청라국제도시,6605,6173,12778
20211229,공항철도 1호선,인천공항2터미널,2140,2027,4167
20211229,공항철도 1호선,인천공항1터미널,3793,4015,7808
20211229,공항철도 1호선,공항화물청사,2200,2432,4632
20211229,공항철도 1호선,영종,2889,2971,5860
20211229,공항철도 1호선,운서,6350,6336,12686
20211229,공항철도 1호선,검암,6547,6496,13043
20211229,공항철도 1호선,디지털미디어시티,13187,11940,25127
20211229,공항철도 1호선,김포공항,11344,6982,18326
20211229,공항철도 1호선,마곡나루,7279,7127,14406
20211229,공항철도 1호선,홍대입구,10160,10084,20244
20211229,공항철도 1호선,공덕,2273,2963,5236
20211229,공항철도 1호선,서울역,7240,6799,14039
20211229,공항철도 1호선,계양,9762,9089,18851
20211230,공항철도 1호선,서울역,6972,7210,14182
20211230,공항철도 1호선,공덕,2225,2812,5037
20211230,공항철도 1호선,홍대입구,10268,10607,20875
20211230,공항철도 1호선,마곡나루,6316,6671,12987
20211230,공항철도 1호선,김포공항,11606,6870,18476
20211230,공항철도 1호선,계양,9592,8985,18577
20211230,공항철도 1호선,디지털미디어시티,12693,11316,24009
20211230,공항철도 1호선,청라국제도시,6310,6106,12416
20211230,공항철도 1호선,운서,6363,6159,12522
20211230,공항철도 1호선,공항화물청사,2235,2408,4643
20211230,공항철도 1호선,인천공항1터미널,3561,3663,7224
20211230,공항철도 1호선,인천공항2터미널,2134,2125,4259
20211230,공항철도 1호선,영종,3003,2918,5921
20211230,공항철도 1호선,검암,6308,6189,12497
20211231,공항철도 1호선,인천공항1터미널,3713,4119,7832
20211231,공항철도 1호선,공항화물청사,2072,2205,4277
20211231,공항철도 1호선,운서,6347,6248,12595
20211231,공항철도 1호선,청라국제도시,6003,5697,11700
20211231,공항철도 1호선,검암,5820,5807,11627
20211231,공항철도 1호선,계양,8718,8290,17008
20211231,공항철도 1호선,디지털미디어시티,10831,9688,20519
20211231,공항철도 1호선,마곡나루,4868,5066,9934
20211231,공항철도 1호선,홍대입구,9995,9956,19951
20211231,공항철도 1호선,공덕,2027,2594,4621
20211231,공항철도 1호선,서울역,7776,8677,16453
20211231,공항철도 1호선,인천공항2터미널,2154,1989,4143
20211231,공항철도 1호선,김포공항,12795,7407,20202
20211231,공항철도 1호선,영종,2881,3210,6091
