사용일자,호선명,지하철역,승차총승객수,하차총승객수,승하차총승객수
20210101,분당선,선릉,1471,1811,3282
20210101,분당선,미금,3709,3807,7516
20210101,분당선,오리,2744,2320,5064
20210101,분당선,이매,1202,1224,2426
20210101,분당선,보정,447,422,869
20210101,분당선,죽전,3146,3513,6659
20210101,분당선,구성,992,1092,2084
20210101,분당선,정자,3497,3399,6896
20210101,분당선,기흥,2431,2381,4812
20210101,분당선,청명,823,846,1669
20210101,분당선,영통,2257,2300,4557
20210101,분당선,망포,3192,2945,6137
20210101,분당선,매탄권선,1221,1156,2377
20210101,분당선,수원시청,3603,3585,7188
20210101,분당선,매교,669,670,1339
20210101,분당선,상갈,1314,1397,2711
20210101,분당선,수내,2433,2316,4749
20210101,분당선,신갈,850,899,1749
20210101,분당선,야탑,5940,6185,12125
20210101,분당선,서현,5962,5880,11842
20210101,분당선,한티,2563,2561,5124
20210101,분당선,도곡,1273,1178,2451
20210101,분당선,구룡,270,254,524
20210101,분당선,개포동,669,681,1350
20210101,분당선,수서,2983,3517,6500
20210101,분당선,수원,2803,2282,5085
20210101,분당선,대모산입구,659,606,1265
20210101,분당선,압구정로데오,2634,2911,5545
20210101,분당선,강남구청,1161,1345,2506
20210101,분당선,선정릉,924,878,1802
20210101,분당선,가천대,1704,2059,3763
20210101,분당선,태평,4448,4194,8642
20210101,분당선,모란,5910,6074,11984
20210101,분당선,서울숲,1570,1440,3010
20210102,분당선,모란,9165,9408,18573
20210102,분당선,압구정로데오,8455,8885,17340
20210102,분당선,태평,6241,6236,12477
20210102,분당선,가천대,2402,2867,5269
20210102,분당선,선정릉,1559,1619,3178
20210102,분당선,강남구청,2394,2759,5153
20210102,분당선,서울숲,2422,2457,4879
20210102,분당선,선릉,2467,3453,5920
20210102,분당선,수서,4770,4354,9124
20210102,분당선,대모산입구,1120,1041,2161
20210102,분당선,개포동,1181,1203,2384
20210102,분당선,구룡,470,434,904
20210102,분당선,도곡,2193,2136,4329
20210102,분당선,한티,5624,5672,11296
20210102,분당선,야탑,9169,9617,18786
20210102,분당선,수원,4042,3301,7343
20210102,분당선,서현,10585,10503,21088
20210102,분당선,기흥,3519,3313,6832
20210102,분당선,정자,5544,5690,11234
20210102,분당선,수내,4893,4807,9700
20210102,분당선,수원시청,5164,5641,10805
20210102,분당선,매탄권선,1732,1726,3458
20210102,분당선,망포,4315,4211,8526
20210102,분당선,영통,3215,3246,6461
20210102,분당선,청명,1336,1300,2636
20210102,분당선,상갈,2044,2044,4088
20210102,분당선,매교,978,1008,1986
20210102,분당선,신갈,1379,1417,2796
20210102,분당선,구성,1684,1720,3404
20210102,분당선,죽전,5628,6418,12046
20210102,분당선,보정,787,752,1539
20210102,분당선,이매,1869,1869,3738
20210102,분당선,오리,4351,3739,8090
20210102,분당선,미금,6304,6358,12662
20210103,분당선,미금,4098,4425,8523
20210103,분당선,오리,3110,2852,5962
20210103,분당선,이매,1418,1470,2888
20210103,분당선,보정,542,530,1072
20210103,분당선,죽전,4527,5173,9700
20210103,분당선,구성,1285,1280,2565
20210103,분당선,기흥,2895,2745,5640
20210103,분당선,영통,2483,2554,5037
20210103,분당선,청명,1023,1057,2080
20210103,분당선,정자,3917,4110,8027
20210103,분당선,망포,3415,3812,7227
20210103,분당선,매탄권선,1373,1326,2699
20210103,분당선,수원시청,4007,3946,7953
20210103,분당선,매교,754,807,1561
20210103,분당선,상갈,1601,1700,3301
20210103,분당선,수내,3671,3530,7201
20210103,분당선,신갈,1031,1065,2096
20210103,분당선,야탑,7491,7235,14726
20210103,분당선,한티,3937,4139,8076
20210103,분당선,도곡,1430,1393,2823
20210103,분당선,구룡,314,377,691
20210103,분당선,개포동,887,925,1812
20210103,분당선,대모산입구,830,792,1622
20210103,분당선,수서,4605,4022,8627
20210103,분당선,수원,3277,2678,5955
20210103,분당선,선릉,1530,2294,3824
20210103,분당선,서울숲,1937,1943,3880
20210103,분당선,압구정로데오,5047,5418,10465
20210103,분당선,강남구청,1557,1746,3303
20210103,분당선,선정릉,1047,1158,2205
20210103,분당선,가천대,1933,2469,4402
20210103,분당선,태평,4935,4748,9683
20210103,분당선,모란,6322,6744,13066
20210103,분당선,서현,7656,7713,15369
20210104,분당선,모란,17663,17968,35631
20210104,분당선,태평,11194,11100,22294
20210104,분당선,가천대,5193,6105,11298
20210104,분당선,선릉,11708,16873,28581
20210104,분당선,한티,10707,11551,22258
20210104,분당선,도곡,5242,5293,10535
20210104,분당선,구룡,1591,1557,3148
20210104,분당선,수원,5867,4767,10634
20210104,분당선,대모산입구,2908,2720,5628
20210104,분당선,수서,9943,10057,20000
20210104,분당선,서울숲,6512,6732,13244
20210104,분당선,압구정로데오,12997,13770,26767
20210104,분당선,강남구청,7660,8597,16257
20210104,분당선,야탑,20154,20854,41008
20210104,분당선,개포동,2807,2874,5681
20210104,분당선,서현,19275,19296,38571
20210104,분당선,선정릉,6775,7217,13992
20210104,분당선,정자,12438,13151,25589
20210104,분당선,매교,2098,2157,4255
20210104,분당선,수원시청,9398,9713,19111
20210104,분당선,매탄권선,3582,3468,7050
20210104,분당선,망포,10882,10775,21657
20210104,분당선,영통,5989,6107,12096
20210104,분당선,청명,3112,3050,6162
20210104,분당선,상갈,4151,4044,8195
20210104,분당선,수내,10517,10488,21005
20210104,분당선,신갈,3667,3651,7318
20210104,분당선,구성,3806,4060,7866
20210104,분당선,죽전,10090,11155,21245
20210104,분당선,보정,1803,1557,3360
20210104,분당선,이매,4067,3890,7957
20210104,분당선,오리,9527,8123,17650
20210104,분당선,미금,12612,13541,26153
20210104,분당선,기흥,7352,7067,14419
20210105,분당선,야탑,20069,21068,41137
20210105,분당선,모란,16169,16174,32343
20210105,분당선,태평,10975,10761,21736
20210105,분당선,가천대,5075,5991,11066
20210105,분당선,선정릉,6844,7165,14009
20210105,분당선,강남구청,7772,8837,16609
20210105,분당선,압구정로데오,14027,14899,28926
20210105,분당선,대모산입구,2896,2720,5616
20210105,분당선,수원,5691,4732,10423
20210105,분당선,수서,9663,9973,19636
20210105,분당선,개포동,2868,2953,5821
20210105,분당선,구룡,1559,1510,3069
20210105,분당선,도곡,5221,5222,10443
20210105,분당선,한티,11219,11919,23138
20210105,분당선,서현,18779,19193,37972
20210105,분당선,서울숲,6689,6803,13492
20210105,분당선,선릉,11616,16768,28384
20210105,분당선,수내,10506,10680,21186
20210105,분당선,미금,12484,13201,25685
20210105,분당선,정자,12719,13264,25983
20210105,분당선,매교,1996,2043,4039
20210105,분당선,수원시청,9372,9837,19209
20210105,분당선,매탄권선,3556,3450,7006
20210105,분당선,영통,5935,6031,11966
20210105,분당선,청명,3202,3070,6272
20210105,분당선,상갈,4166,4021,8187
20210105,분당선,망포,10842,10664,21506
20210105,분당선,신갈,3497,3523,7020
20210105,분당선,구성,3758,4041,7799
20210105,분당선,죽전,10105,10927,21032
20210105,분당선,보정,1842,1592,3434
20210105,분당선,이매,4179,3920,8099
20210105,분당선,오리,9603,8119,17722
20210105,분당선,기흥,7315,6960,14275
20210106,분당선,강남구청,9307,9586,18893
20210106,분당선,야탑,22106,22926,45032
20210106,분당선,모란,18112,16881,34993
20210106,분당선,태평,12352,12703,25055
20210106,분당선,가천대,6030,6683,12713
20210106,분당선,선정릉,8171,7874,16045
20210106,분당선,압구정로데오,18355,15182,33537
20210106,분당선,선릉,13679,17338,31017
20210106,분당선,수서,10297,11059,21356
20210106,분당선,대모산입구,2919,2990,5909
20210106,분당선,개포동,2950,3392,6342
20210106,분당선,구룡,1294,1498,2792
20210106,분당선,도곡,5720,6099,11819
20210106,분당선,한티,13642,13534,27176
20210106,분당선,서현,19940,20557,40497
20210106,분당선,수원,6033,5105,11138
20210106,분당선,수내,11501,11632,23133
20210106,분당선,서울숲,7106,7214,14320
20210106,분당선,미금,12908,13567,26475
20210106,분당선,복정,1,0,1
20210106,분당선,매교,2339,2247,4586
20210106,분당선,수원시청,10323,10672,20995
20210106,분당선,매탄권선,3770,3902,7672
20210106,분당선,망포,11554,11623,23177
20210106,분당선,영통,6247,6502,12749
20210106,분당선,청명,3482,3689,7171
20210106,분당선,상갈,4229,4734,8963
20210106,분당선,정자,13545,14442,27987
20210106,분당선,기흥,7859,8984,16843
20210106,분당선,신갈,3530,3859,7389
20210106,분당선,구성,3722,4593,8315
20210106,분당선,죽전,10406,12011,22417
20210106,분당선,보정,1824,1842,3666
20210106,분당선,이매,4181,4443,8624
20210106,분당선,오리,9844,8767,18611
20210107,분당선,모란,24562,21137,45699
20210107,분당선,태평,15895,15606,31501
20210107,분당선,선정릉,8024,8427,16451
20210107,분당선,강남구청,9388,10590,19978
20210107,분당선,압구정로데오,16334,17602,33936
20210107,분당선,서울숲,7572,7764,15336
20210107,분당선,수원,7983,6359,14342
20210107,분당선,개포동,3493,3442,6935
20210107,분당선,대모산입구,3196,2961,6157
20210107,분당선,야탑,33750,33489,67239
20210107,분당선,구룡,1431,1435,2866
20210107,분당선,도곡,6555,6332,12887
20210107,분당선,한티,14372,14886,29258
20210107,분당선,선릉,13084,19289,32373
20210107,분당선,수서,12322,12803,25125
20210107,분당선,서현,25635,26486,52121
20210107,분당선,가천대,7156,7772,14928
20210107,분당선,정자,17168,18625,35793
20210107,분당선,수내,14584,14885,29469
20210107,분당선,수원시청,13655,13830,27485
20210107,분당선,매탄권선,5738,5540,11278
20210107,분당선,망포,17662,16577,34239
20210107,분당선,영통,9256,8936,18192
20210107,분당선,청명,6264,5290,11554
20210107,분당선,상갈,6131,5800,11931
20210107,분당선,기흥,11238,9811,21049
20210107,분당선,매교,2984,3064,6048
20210107,분당선,구성,6187,5760,11947
20210107,분당선,죽전,13122,14372,27494
20210107,분당선,보정,2864,2349,5213
20210107,분당선,이매,6811,6088,12899
20210107,분당선,오리,12290,10702,22992
20210107,분당선,미금,15996,17510,33506
20210107,분당선,신갈,5114,4788,9902
20210108,분당선,태평,12603,12058,24661
20210108,분당선,가천대,5634,6424,12058
20210108,분당선,선정릉,7279,7654,14933
20210108,분당선,강남구청,8390,9371,17761
20210108,분당선,압구정로데오,15386,16459,31845
20210108,분당선,서울숲,6863,6917,13780
20210108,분당선,수원,7036,5464,12500
20210108,분당선,개포동,2962,3080,6042
20210108,분당선,수서,11237,11931,23168
20210108,분당선,대모산입구,2758,2578,5336
20210108,분당선,구룡,1187,1158,2345
20210108,분당선,도곡,5751,5767,11518
20210108,분당선,한티,12382,13020,25402
20210108,분당선,선릉,11760,17336,29096
20210108,분당선,모란,17243,17511,34754
20210108,분당선,복정,1,0,1
20210108,분당선,야탑,23755,25499,49254
20210108,분당선,청명,4429,4140,8569
20210108,분당선,수내,12369,12522,24891
20210108,분당선,서현,22036,22476,44512
20210108,분당선,수원시청,11437,12429,23866
20210108,분당선,매탄권선,4906,4557,9463
20210108,분당선,망포,14509,13739,28248
20210108,분당선,영통,7623,7762,15385
20210108,분당선,상갈,4944,4769,9713
20210108,분당선,기흥,8626,8034,16660
20210108,분당선,매교,2361,2398,4759
20210108,분당선,구성,4551,4622,9173
20210108,분당선,죽전,11665,12381,24046
20210108,분당선,보정,2180,1796,3976
20210108,분당선,이매,4938,4718,9656
20210108,분당선,오리,10950,9125,20075
20210108,분당선,미금,13722,14772,28494
20210108,분당선,정자,14727,15668,30395
20210108,분당선,신갈,4205,4073,8278
20210109,분당선,도곡,2836,2728,5564
20210109,분당선,한티,7722,7553,15275
20210109,분당선,선릉,3524,5138,8662
20210109,분당선,매교,1268,1360,2628
20210109,분당선,수원시청,7335,7815,15150
20210109,분당선,매탄권선,2389,2323,4712
20210109,분당선,망포,6451,6025,12476
20210109,분당선,기흥,4592,4346,8938
20210109,분당선,청명,1876,1854,3730
20210109,분당선,상갈,2548,2540,5088
20210109,분당선,신갈,1933,1912,3845
20210109,분당선,구성,2060,2173,4233
20210109,분당선,죽전,7036,7903,14939
20210109,분당선,보정,971,871,1842
20210109,분당선,이매,2540,2497,5037
20210109,분당선,영통,4498,4454,8952
20210109,분당선,구룡,865,776,1641
20210109,분당선,개포동,1647,1666,3313
20210109,분당선,수서,5948,6146,12094
20210109,분당선,오리,5248,4483,9731
20210109,분당선,미금,7974,7943,15917
20210109,분당선,정자,7504,7683,15187
20210109,분당선,수내,6546,6242,12788
20210109,분당선,서현,13426,13329,26755
20210109,분당선,야탑,11646,12516,24162
20210109,분당선,모란,12226,12401,24627
20210109,분당선,대모산입구,1803,1655,3458
20210109,분당선,가천대,3144,3643,6787
20210109,분당선,선정릉,2305,2419,4724
20210109,분당선,강남구청,3529,4042,7571
20210109,분당선,압구정로데오,11461,12019,23480
20210109,분당선,서울숲,3261,3280,6541
20210109,분당선,수원,4786,3994,8780
20210109,분당선,태평,7961,7737,15698
20210110,분당선,태평,5380,5044,10424
20210110,분당선,가천대,2156,2651,4807
20210110,분당선,선정릉,1379,1464,2843
20210110,분당선,강남구청,1904,2310,4214
20210110,분당선,압구정로데오,5921,6288,12209
20210110,분당선,서울숲,2193,2215,4408
20210110,분당선,수원,3428,2951,6379
20210110,분당선,개포동,1038,1034,2072
20210110,분당선,대모산입구,911,827,1738
20210110,분당선,구룡,340,379,719
20210110,분당선,도곡,1431,1427,2858
20210110,분당선,한티,4615,4645,9260
20210110,분당선,선릉,1847,2532,4379
20210110,분당선,모란,6923,7069,13992
20210110,분당선,수서,4379,4461,8840
20210110,분당선,야탑,7717,7977,15694
20210110,분당선,서현,8923,8905,17828
20210110,분당선,매교,822,840,1662
20210110,분당선,수내,4074,3991,8065
20210110,분당선,수원시청,4634,4490,9124
20210110,분당선,매탄권선,1503,1489,2992
20210110,분당선,망포,3974,4203,8177
20210110,분당선,영통,2761,2629,5390
20210110,분당선,상갈,1721,1708,3429
20210110,분당선,기흥,3009,2960,5969
20210110,분당선,청명,1157,1150,2307
20210110,분당선,구성,1307,1384,2691
20210110,분당선,죽전,4589,5145,9734
20210110,분당선,보정,615,572,1187
20210110,분당선,이매,1579,1619,3198
20210110,분당선,오리,3411,3058,6469
20210110,분당선,미금,4424,4289,8713
20210110,분당선,정자,4678,4848,9526
20210110,분당선,신갈,1153,1236,2389
20210111,분당선,구성,3912,4103,8015
20210111,분당선,미금,13078,12758,25836
20210111,분당선,오리,9941,8485,18426
20210111,분당선,이매,4180,4037,8217
20210111,분당선,보정,1885,1601,3486
20210111,분당선,죽전,10300,11257,21557
20210111,분당선,신갈,3779,3677,7456
20210111,분당선,정자,13192,14004,27196
20210111,분당선,상갈,4287,4151,8438
20210111,분당선,청명,3376,3230,6606
20210111,분당선,영통,6308,6468,12776
20210111,분당선,망포,11648,11391,23039
20210111,분당선,매탄권선,3885,3739,7624
20210111,분당선,수원시청,10049,10508,20557
20210111,분당선,매교,2197,2301,4498
20210111,분당선,기흥,7517,7187,14704
20210111,분당선,수내,10952,10892,21844
20210111,분당선,선릉,12193,17718,29911
20210111,분당선,야탑,21088,21979,43067
20210111,분당선,서현,20282,20272,40554
20210111,분당선,한티,11025,11832,22857
20210111,분당선,도곡,5567,5580,11147
20210111,분당선,구룡,1194,1212,2406
20210111,분당선,개포동,2917,2950,5867
20210111,분당선,수서,10050,10558,20608
20210111,분당선,복정,1,0,1
20210111,분당선,대모산입구,2995,2778,5773
20210111,분당선,서울숲,6712,6774,13486
20210111,분당선,압구정로데오,13359,14229,27588
20210111,분당선,강남구청,7972,9065,17037
20210111,분당선,선정릉,7006,7440,14446
20210111,분당선,가천대,5388,6358,11746
20210111,분당선,태평,11432,11176,22608
20210111,분당선,모란,16304,16519,32823
20210111,분당선,수원,6096,4923,11019
20210112,분당선,압구정로데오,18014,16594,34608
20210112,분당선,모란,17843,17801,35644
20210112,분당선,태평,12358,13162,25520
20210112,분당선,가천대,5735,6719,12454
20210112,분당선,선정릉,8407,8076,16483
20210112,분당선,강남구청,9600,10297,19897
20210112,분당선,서울숲,7709,7591,15300
20210112,분당선,야탑,25472,24972,50444
20210112,분당선,수서,11145,11907,23052
20210112,분당선,대모산입구,3226,3154,6380
20210112,분당선,개포동,3167,3506,6673
20210112,분당선,구룡,1412,1471,2883
20210112,분당선,도곡,6009,6207,12216
20210112,분당선,한티,13358,13918,27276
20210112,분당선,선릉,13851,18184,32035
20210112,분당선,수원,6417,5465,11882
20210112,분당선,서현,22648,22901,45549
20210112,분당선,신갈,3751,4142,7893
20210112,분당선,정자,15174,15990,31164
20210112,분당선,수원시청,10532,11169,21701
20210112,분당선,매탄권선,4222,4127,8349
20210112,분당선,망포,12384,12532,24916
20210112,분당선,영통,6631,7242,13873
20210112,분당선,청명,3555,3936,7491
20210112,분당선,상갈,4638,4898,9536
20210112,분당선,기흥,7864,8648,16512
20210112,분당선,매교,2276,2452,4728
20210112,분당선,구성,4063,5042,9105
20210112,분당선,죽전,11070,12682,23752
20210112,분당선,보정,2036,1907,3943
20210112,분당선,이매,4909,4848,9757
20210112,분당선,오리,10961,9376,20337
20210112,분당선,미금,14045,13975,28020
20210112,분당선,수내,12946,12711,25657
20210113,분당선,미금,13992,14985,28977
20210113,분당선,오리,10928,9102,20030
20210113,분당선,이매,4875,4606,9481
20210113,분당선,보정,2286,1884,4170
20210113,분당선,죽전,11373,12090,23463
20210113,분당선,구성,4327,4336,8663
20210113,분당선,신갈,4018,3881,7899
20210113,분당선,청명,3609,3452,7061
20210113,분당선,상갈,4739,4471,9210
20210113,분당선,영통,6763,6742,13505
20210113,분당선,망포,12377,11893,24270
20210113,분당선,매탄권선,4178,4007,8185
20210113,분당선,수원시청,10446,11011,21457
20210113,분당선,정자,14230,15053,29283
20210113,분당선,기흥,8237,7602,15839
20210113,분당선,수내,11940,12117,24057
20210113,분당선,매교,2319,2353,4672
20210113,분당선,야탑,23140,24498,47638
20210113,분당선,선릉,12205,18079,30284
20210113,분당선,한티,12142,12648,24790
20210113,분당선,도곡,5879,5782,11661
20210113,분당선,구룡,1343,1312,2655
20210113,분당선,개포동,3178,3252,6430
20210113,분당선,대모산입구,3113,2913,6026
20210113,분당선,수서,10647,11158,21805
20210113,분당선,서현,21248,21866,43114
20210113,분당선,서울숲,7434,7552,14986
20210113,분당선,압구정로데오,14974,16280,31254
20210113,분당선,강남구청,8641,9950,18591
20210113,분당선,선정릉,7236,7802,15038
20210113,분당선,가천대,5588,6485,12073
20210113,분당선,태평,12366,11812,24178
20210113,분당선,모란,17022,17429,34451
20210113,분당선,수원,6473,5215,11688
20210114,분당선,정자,14053,14580,28633
20210114,분당선,미금,13405,14294,27699
20210114,분당선,오리,10437,8791,19228
20210114,분당선,이매,4522,4198,8720
20210114,분당선,보정,2064,1825,3889
20210114,분당선,죽전,10789,11769,22558
20210114,분당선,구성,4191,4399,8590
20210114,분당선,청명,3496,3382,6878
20210114,분당선,기흥,7732,7511,15243
20210114,분당선,상갈,4591,4386,8977
20210114,분당선,영통,6444,6545,12989
20210114,분당선,망포,11739,11395,23134
20210114,분당선,매탄권선,3912,3776,7688
20210114,분당선,수원시청,9963,10437,20400
20210114,분당선,수내,11379,11526,22905
20210114,분당선,신갈,3796,3830,7626
20210114,분당선,매교,2286,2340,4626
20210114,분당선,서현,20549,20732,41281
20210114,분당선,모란,19350,19819,39169
20210114,분당선,야탑,21985,22918,44903
20210114,분당선,선릉,12304,17368,29672
20210114,분당선,한티,11598,12241,23839
20210114,분당선,도곡,5483,5432,10915
20210114,분당선,개포동,2894,3012,5906
20210114,분당선,대모산입구,3143,2893,6036
20210114,분당선,수서,10481,11039,21520
20210114,분당선,구룡,1357,1341,2698
20210114,분당선,서울숲,7337,7372,14709
20210114,분당선,압구정로데오,15294,16388,31682
20210114,분당선,강남구청,8285,9320,17605
20210114,분당선,선정릉,7094,7619,14713
20210114,분당선,가천대,5470,6323,11793
20210114,분당선,태평,11856,11384,23240
20210114,분당선,수원,6262,5118,11380
20210115,분당선,신갈,3831,3769,7600
20210115,분당선,오리,10383,8728,19111
20210115,분당선,이매,4521,4300,8821
20210115,분당선,보정,2020,1691,3711
20210115,분당선,죽전,11441,12316,23757
20210115,분당선,구성,4095,4332,8427
20210115,분당선,기흥,8069,7587,15656
20210115,분당선,미금,13295,14212,27507
20210115,분당선,청명,3496,3446,6942
20210115,분당선,영통,6970,7059,14029
20210115,분당선,망포,12614,11981,24595
20210115,분당선,매탄권선,4105,3786,7891
20210115,분당선,수원시청,10537,11520,22057
20210115,분당선,매교,2299,2393,4692
20210115,분당선,상갈,4660,4479,9139
20210115,분당선,정자,14155,14833,28988
20210115,분당선,수내,11682,11757,23439
20210115,분당선,선릉,12154,17539,29693
20210115,분당선,서현,20816,21181,41997
20210115,분당선,한티,11998,12671,24669
20210115,분당선,도곡,5717,5581,11298
20210115,분당선,구룡,1325,1289,2614
20210115,분당선,개포동,3040,3128,6168
20210115,분당선,수서,10962,11677,22639
20210115,분당선,수원,6711,5517,12228
20210115,분당선,대모산입구,2997,2778,5775
20210115,분당선,압구정로데오,16514,17604,34118
20210115,분당선,강남구청,8775,9772,18547
20210115,분당선,선정릉,7159,7608,14767
20210115,분당선,가천대,5736,6393,12129
20210115,분당선,태평,11891,11679,23570
20210115,분당선,모란,17348,17351,34699
20210115,분당선,야탑,22109,23348,45457
20210115,분당선,서울숲,7257,7236,14493
20210116,분당선,구성,2218,2342,4560
20210116,분당선,미금,8137,8472,16609
20210116,분당선,오리,5678,4781,10459
20210116,분당선,이매,2681,2641,5322
20210116,분당선,보정,1078,1010,2088
20210116,분당선,죽전,7344,8154,15498
20210116,분당선,신갈,1945,1975,3920
20210116,분당선,영통,4692,4711,9403
20210116,분당선,상갈,2679,2698,5377
20210116,분당선,청명,1946,1878,3824
20210116,분당선,망포,6693,6181,12874
20210116,분당선,매탄권선,2435,2288,4723
20210116,분당선,수원시청,7624,8157,15781
20210116,분당선,매교,1499,1570,3069
20210116,분당선,정자,7945,8002,15947
20210116,분당선,기흥,4859,4558,9417
20210116,분당선,서현,13912,13881,27793
20210116,분당선,야탑,12302,13079,25381
20210116,분당선,모란,12361,12566,24927
20210116,분당선,선릉,3910,5549,9459
20210116,분당선,한티,7657,7468,15125
20210116,분당선,도곡,3070,2799,5869
20210116,분당선,구룡,807,766,1573
20210116,분당선,개포동,1809,1835,3644
20210116,분당선,대모산입구,1811,1625,3436
20210116,분당선,수서,6202,6418,12620
20210116,분당선,수내,6627,6287,12914
20210116,분당선,서울숲,3745,3727,7472
20210116,분당선,압구정로데오,12815,13354,26169
20210116,분당선,강남구청,3649,4405,8054
20210116,분당선,선정릉,2634,2615,5249
20210116,분당선,가천대,3420,3879,7299
20210116,분당선,태평,8311,8151,16462
20210116,분당선,수원,5112,4061,9173
20210117,분당선,태평,5708,5575,11283
20210117,분당선,가천대,2385,2954,5339
20210117,분당선,선정릉,1489,1557,3046
20210117,분당선,강남구청,2130,2489,4619
20210117,분당선,압구정로데오,6935,7028,13963
20210117,분당선,서울숲,2458,2482,4940
20210117,분당선,수원,3917,3222,7139
20210117,분당선,개포동,1114,1128,2242
20210117,분당선,수서,4877,4947,9824
20210117,분당선,대모산입구,978,953,1931
20210117,분당선,구룡,410,413,823
20210117,분당선,도곡,1770,1753,3523
20210117,분당선,한티,5039,5016,10055
20210117,분당선,모란,7814,8002,15816
20210117,분당선,선릉,2008,2852,4860
20210117,분당선,복정,1,0,1
20210117,분당선,야탑,8924,8521,17445
20210117,분당선,매교,909,989,1898
20210117,분당선,수내,4452,4207,8659
20210117,분당선,수원시청,5210,4941,10151
20210117,분당선,매탄권선,1598,1591,3189
20210117,분당선,망포,4286,4625,8911
20210117,분당선,영통,3094,3218,6312
20210117,분당선,서현,9915,9596,19511
20210117,분당선,상갈,1981,2055,4036
20210117,분당선,기흥,3592,3314,6906
20210117,분당선,청명,1368,1305,2673
20210117,분당선,구성,1516,1648,3164
20210117,분당선,죽전,5462,6192,11654
20210117,분당선,보정,730,686,1416
20210117,분당선,이매,1869,1956,3825
20210117,분당선,오리,3972,3453,7425
20210117,분당선,미금,5028,5308,10336
20210117,분당선,정자,5144,5289,10433
20210117,분당선,신갈,1299,1402,2701
20210118,분당선,복정,1,0,1
20210118,분당선,선정릉,7760,8105,15865
20210118,분당선,강남구청,8873,10084,18957
20210118,분당선,압구정로데오,15003,15988,30991
20210118,분당선,서울숲,7528,7703,15231
20210118,분당선,수원,7001,5572,12573
20210118,분당선,수서,11338,11827,23165
20210118,분당선,가천대,5635,6739,12374
20210118,분당선,개포동,3241,3343,6584
20210118,분당선,구룡,1393,1411,2804
20210118,분당선,도곡,6127,6256,12383
20210118,분당선,한티,12677,13533,26210
20210118,분당선,선릉,12962,19142,32104
20210118,분당선,모란,17267,17478,34745
20210118,분당선,야탑,24348,25338,49686
20210118,분당선,대모산입구,3174,2928,6102
20210118,분당선,태평,12380,12149,24529
20210118,분당선,수원시청,11688,12317,24005
20210118,분당선,수내,12600,12692,25292
20210118,분당선,매교,2568,2615,5183
20210118,분당선,매탄권선,4647,4379,9026
20210118,분당선,망포,13891,13206,27097
20210118,분당선,영통,7587,7598,15185
20210118,분당선,청명,4229,3906,8135
20210118,분당선,상갈,5249,4960,10209
20210118,분당선,기흥,8961,8193,17154
20210118,분당선,서현,22616,22763,45379
20210118,분당선,구성,4755,4778,9533
20210118,분당선,죽전,11571,12656,24227
20210118,분당선,보정,2283,1963,4246
20210118,분당선,이매,5096,4908,10004
20210118,분당선,오리,11066,9470,20536
20210118,분당선,미금,14848,15930,30778
20210118,분당선,정자,15598,16366,31964
20210118,분당선,신갈,4323,4208,8531
20210119,분당선,미금,13467,14336,27803
20210119,분당선,오리,10251,8812,19063
20210119,분당선,이매,4420,4261,8681
20210119,분당선,보정,1983,1747,3730
20210119,분당선,죽전,10866,11790,22656
20210119,분당선,구성,4064,4329,8393
20210119,분당선,신갈,3851,3874,7725
20210119,분당선,영통,6721,6892,13613
20210119,분당선,상갈,4579,4465,9044
20210119,분당선,청명,3446,3380,6826
20210119,분당선,망포,12139,11624,23763
20210119,분당선,매탄권선,3910,3851,7761
20210119,분당선,수원시청,10462,11019,21481
20210119,분당선,매교,2267,2299,4566
20210119,분당선,정자,14483,15181,29664
20210119,분당선,기흥,7835,7520,15355
20210119,분당선,수내,11477,11570,23047
20210119,분당선,서현,20668,20867,41535
20210119,분당선,야탑,22166,23134,45300
20210119,분당선,선릉,12753,18380,31133
20210119,분당선,한티,12106,12694,24800
20210119,분당선,도곡,5564,5611,11175
20210119,분당선,구룡,1309,1327,2636
20210119,분당선,개포동,3060,3178,6238
20210119,분당선,대모산입구,3039,2842,5881
20210119,분당선,수서,10319,10944,21263
20210119,분당선,복정,1,0,1
20210119,분당선,서울숲,7434,7407,14841
20210119,분당선,압구정로데오,15581,16716,32297
20210119,분당선,강남구청,8497,9645,18142
20210119,분당선,선정릉,7363,7821,15184
20210119,분당선,가천대,5341,6318,11659
20210119,분당선,태평,11796,11412,23208
20210119,분당선,모란,17815,17989,35804
20210119,분당선,수원,6467,5344,11811
20210120,분당선,모란,17261,17269,34530
20210120,분당선,태평,12124,11931,24055
20210120,분당선,가천대,5587,6562,12149
20210120,분당선,선정릉,7543,7942,15485
20210120,분당선,강남구청,8835,10099,18934
20210120,분당선,압구정로데오,16024,17031,33055
20210120,분당선,서울숲,7701,7832,15533
20210120,분당선,대모산입구,3162,2958,6120
20210120,분당선,복정,1,0,1
20210120,분당선,수서,10643,11006,21649
20210120,분당선,개포동,3128,3328,6456
20210120,분당선,구룡,1334,1303,2637
20210120,분당선,도곡,5873,5798,11671
20210120,분당선,선릉,12787,18486,31273
20210120,분당선,야탑,23019,23953,46972
20210120,분당선,수원,6732,5519,12251
20210120,분당선,서현,21902,22052,43954
20210120,분당선,한티,12628,13218,25846
20210120,분당선,정자,14960,15727,30687
20210120,분당선,매교,2402,2520,4922
20210120,분당선,수원시청,11001,11645,22646
20210120,분당선,매탄권선,3940,3917,7857
20210120,분당선,망포,12348,12046,24394
20210120,분당선,영통,7031,7161,14192
20210120,분당선,청명,3613,3478,7091
20210120,분당선,상갈,4687,4592,9279
20210120,분당선,수내,11748,11911,23659
20210120,분당선,신갈,4110,4026,8136
20210120,분당선,구성,4371,4551,8922
20210120,분당선,죽전,11339,12593,23932
20210120,분당선,보정,2050,1841,3891
20210120,분당선,이매,4666,4453,9119
20210120,분당선,오리,10741,9108,19849
20210120,분당선,미금,14125,14870,28995
20210120,분당선,기흥,8206,7903,16109
20210121,분당선,모란,16909,16772,33681
20210121,분당선,태평,11880,11575,23455
20210121,분당선,가천대,5467,6424,11891
20210121,분당선,선정릉,7716,8076,15792
20210121,분당선,강남구청,8589,9914,18503
20210121,분당선,압구정로데오,16201,17093,33294
20210121,분당선,서울숲,7545,7556,15101
20210121,분당선,개포동,3103,3281,6384
20210121,분당선,수서,10575,11160,21735
20210121,분당선,대모산입구,3130,2937,6067
20210121,분당선,구룡,1343,1386,2729
20210121,분당선,도곡,5867,5880,11747
20210121,분당선,한티,12463,13372,25835
20210121,분당선,야탑,22493,23510,46003
20210121,분당선,수원,6418,5259,11677
20210121,분당선,서현,20960,21170,42130
20210121,분당선,선릉,12932,18486,31418
20210121,분당선,정자,14602,15459,30061
20210121,분당선,매교,2283,2383,4666
20210121,분당선,수원시청,10481,11049,21530
20210121,분당선,매탄권선,3999,3909,7908
20210121,분당선,망포,11960,11567,23527
20210121,분당선,영통,6704,6874,13578
20210121,분당선,청명,3494,3459,6953
20210121,분당선,상갈,4550,4438,8988
20210121,분당선,수내,11816,11813,23629
20210121,분당선,신갈,3968,4012,7980
20210121,분당선,구성,4282,4490,8772
20210121,분당선,죽전,11095,12246,23341
20210121,분당선,보정,1903,1663,3566
20210121,분당선,이매,4438,4368,8806
20210121,분당선,오리,10613,8954,19567
20210121,분당선,미금,13371,14300,27671
20210121,분당선,기흥,8153,7748,15901
20210122,분당선,모란,17745,17702,35447
20210122,분당선,태평,12197,11919,24116
20210122,분당선,가천대,5736,6452,12188
20210122,분당선,선정릉,7433,7953,15386
20210122,분당선,강남구청,8881,10059,18940
20210122,분당선,압구정로데오,17515,18903,36418
20210122,분당선,서울숲,7870,7832,15702
20210122,분당선,대모산입구,3172,2885,6057
20210122,분당선,복정,1,0,1
20210122,분당선,수서,11344,12037,23381
20210122,분당선,개포동,3179,3317,6496
20210122,분당선,구룡,1414,1382,2796
20210122,분당선,도곡,6172,5945,12117
20210122,분당선,한티,12939,13563,26502
20210122,분당선,야탑,23296,24375,47671
20210122,분당선,수원,7072,5928,13000
20210122,분당선,선릉,12709,18480,31189
20210122,분당선,수내,11913,12091,24004
20210122,분당선,정자,15193,15986,31179
20210122,분당선,서현,22298,22839,45137
20210122,분당선,매교,2369,2411,4780
20210122,분당선,수원시청,11296,12418,23714
20210122,분당선,매탄권선,4299,3897,8196
20210122,분당선,망포,12882,12182,25064
20210122,분당선,청명,3683,3503,7186
20210122,분당선,상갈,4785,4606,9391
20210122,분당선,영통,7390,7575,14965
20210122,분당선,신갈,4020,3997,8017
20210122,분당선,구성,4324,4486,8810
20210122,분당선,죽전,11816,12684,24500
20210122,분당선,보정,2109,1803,3912
20210122,분당선,이매,4653,4427,9080
20210122,분당선,오리,10809,9257,20066
20210122,분당선,미금,13995,14939,28934
20210122,분당선,기흥,8193,7946,16139
20210123,분당선,신갈,2105,2126,4231
20210123,분당선,미금,8802,9090,17892
20210123,분당선,오리,6220,5166,11386
20210123,분당선,이매,2894,2767,5661
20210123,분당선,보정,1265,1218,2483
20210123,분당선,죽전,7873,8912,16785
20210123,분당선,기흥,5251,4962,10213
20210123,분당선,정자,8892,8986,17878
20210123,분당선,청명,2060,2006,4066
20210123,분당선,영통,5685,5429,11114
20210123,분당선,망포,7352,6831,14183
20210123,분당선,매탄권선,2636,2436,5072
20210123,분당선,수원시청,8210,8994,17204
20210123,분당선,매교,1619,1680,3299
20210123,분당선,상갈,3035,3079,6114
20210123,분당선,수내,7161,6704,13865
20210123,분당선,구성,2477,2625,5102
20210123,분당선,야탑,13763,14348,28111
20210123,분당선,한티,8814,8516,17330
20210123,분당선,도곡,3264,3015,6279
20210123,분당선,구룡,891,810,1701
20210123,분당선,개포동,1997,1974,3971
20210123,분당선,대모산입구,2016,1815,3831
20210123,분당선,수서,6857,6950,13807
20210123,분당선,수원,5969,4851,10820
20210123,분당선,선릉,4250,6375,10625
20210123,분당선,서현,14968,15240,30208
20210123,분당선,압구정로데오,14171,15143,29314
20210123,분당선,강남구청,4151,5004,9155
20210123,분당선,선정릉,2776,2938,5714
20210123,분당선,가천대,3847,4309,8156
20210123,분당선,태평,8852,8614,17466
20210123,분당선,모란,12876,12842,25718
20210123,분당선,서울숲,5016,4999,10015
20210124,분당선,미금,5361,5851,11212
20210124,분당선,오리,4329,3794,8123
20210124,분당선,이매,2073,2149,4222
20210124,분당선,보정,810,773,1583
20210124,분당선,죽전,5923,6641,12564
20210124,분당선,구성,1710,1802,3512
20210124,분당선,신갈,1466,1538,3004
20210124,분당선,영통,3520,3471,6991
20210124,분당선,상갈,2146,2222,4368
20210124,분당선,청명,1492,1444,2936
20210124,분당선,망포,4571,4872,9443
20210124,분당선,매탄권선,1784,1819,3603
20210124,분당선,수원시청,5419,5263,10682
20210124,분당선,정자,5816,5808,11624
20210124,분당선,기흥,3841,3613,7454
20210124,분당선,수내,4669,4602,9271
20210124,분당선,매교,1081,1107,2188
20210124,분당선,야탑,9719,9968,19687
20210124,분당선,선릉,2156,2916,5072
20210124,분당선,한티,6329,6057,12386
20210124,분당선,도곡,1859,1924,3783
20210124,분당선,구룡,481,499,980
20210124,분당선,개포동,1254,1321,2575
20210124,분당선,대모산입구,1378,1321,2699
20210124,분당선,수서,5460,5487,10947
20210124,분당선,서현,10569,10428,20997
20210124,분당선,서울숲,3680,3796,7476
20210124,분당선,압구정로데오,7582,8102,15684
20210124,분당선,강남구청,2313,2757,5070
20210124,분당선,선정릉,1541,1795,3336
20210124,분당선,가천대,2531,3034,5565
20210124,분당선,태평,6181,5927,12108
20210124,분당선,모란,11036,11405,22441
20210124,분당선,수원,4423,3490,7913
20210125,분당선,정자,15133,15836,30969
20210125,분당선,미금,13911,14734,28645
20210125,분당선,오리,10893,9300,20193
20210125,분당선,이매,4678,4443,9121
20210125,분당선,보정,2099,1836,3935
20210125,분당선,죽전,11438,12677,24115
20210125,분당선,구성,4318,4536,8854
20210125,분당선,청명,3622,3506,7128
20210125,분당선,기흥,8242,7901,16143
20210125,분당선,상갈,4760,4630,9390
20210125,분당선,영통,6892,6972,13864
20210125,분당선,망포,12419,12069,24488
20210125,분당선,매탄권선,4066,3917,7983
20210125,분당선,수원시청,11158,11660,22818
20210125,분당선,수내,11734,11673,23407
20210125,분당선,신갈,4093,4112,8205
20210125,분당선,매교,2391,2489,4880
20210125,분당선,서현,21980,21969,43949
20210125,분당선,모란,17645,17944,35589
20210125,분당선,야탑,23205,24280,47485
20210125,분당선,선릉,12937,18915,31852
20210125,분당선,한티,12515,13197,25712
20210125,분당선,도곡,6006,6037,12043
20210125,분당선,개포동,3171,3280,6451
20210125,분당선,대모산입구,3290,3114,6404
20210125,분당선,수서,11041,11398,22439
20210125,분당선,구룡,1466,1411,2877
20210125,분당선,서울숲,8011,8180,16191
20210125,분당선,압구정로데오,15462,16560,32022
20210125,분당선,강남구청,8784,9987,18771
20210125,분당선,선정릉,7665,8146,15811
20210125,분당선,가천대,5958,6821,12779
20210125,분당선,태평,12345,12200,24545
20210125,분당선,수원,6843,5662,12505
20210126,분당선,구성,4261,4466,8727
20210126,분당선,미금,13590,14623,28213
20210126,분당선,오리,10535,8995,19530
20210126,분당선,이매,4646,4531,9177
20210126,분당선,보정,2050,1790,3840
20210126,분당선,죽전,11295,12317,23612
20210126,분당선,신갈,3981,3891,7872
20210126,분당선,매교,2393,2386,4779
20210126,분당선,상갈,4709,4535,9244
20210126,분당선,청명,3580,3502,7082
20210126,분당선,영통,6779,6864,13643
20210126,분당선,망포,12056,11822,23878
20210126,분당선,매탄권선,3915,3805,7720
20210126,분당선,수원시청,10675,11220,21895
20210126,분당선,정자,15012,15764,30776
20210126,분당선,기흥,8029,7732,15761
20210126,분당선,수내,11921,11946,23867
20210126,분당선,서현,21392,21498,42890
20210126,분당선,야탑,22864,23778,46642
20210126,분당선,한티,12809,13438,26247
20210126,분당선,도곡,6045,5949,11994
20210126,분당선,구룡,1394,1381,2775
20210126,분당선,개포동,3102,3258,6360
20210126,분당선,대모산입구,3290,3056,6346
20210126,분당선,수서,10897,11371,22268
20210126,분당선,수원,6576,5293,11869
20210126,분당선,선릉,12936,18741,31677
20210126,분당선,압구정로데오,16379,17479,33858
20210126,분당선,강남구청,9073,10362,19435
20210126,분당선,선정릉,7785,8182,15967
20210126,분당선,가천대,5481,6425,11906
20210126,분당선,태평,12058,11833,23891
20210126,분당선,모란,17015,16980,33995
20210126,분당선,서울숲,8029,8014,16043
20210127,분당선,미금,14338,15301,29639
20210127,분당선,오리,11187,9565,20752
20210127,분당선,이매,4820,4717,9537
20210127,분당선,보정,2145,1926,4071
20210127,분당선,죽전,11893,12954,24847
20210127,분당선,구성,4498,4730,9228
20210127,분당선,신갈,4154,4165,8319
20210127,분당선,청명,3748,3610,7358
20210127,분당선,상갈,4957,4778,9735
20210127,분당선,영통,7732,7757,15489
20210127,분당선,망포,12654,12323,24977
20210127,분당선,매탄권선,4224,4058,8282
20210127,분당선,수원시청,11166,11830,22996
20210127,분당선,정자,15364,16230,31594
20210127,분당선,기흥,8408,8157,16565
20210127,분당선,수내,12427,12581,25008
20210127,분당선,매교,2457,2557,5014
20210127,분당선,야탑,23792,24824,48616
20210127,분당선,선릉,13280,18985,32265
20210127,분당선,한티,13206,13859,27065
20210127,분당선,도곡,6205,6199,12404
20210127,분당선,구룡,1484,1464,2948
20210127,분당선,개포동,3219,3254,6473
20210127,분당선,대모산입구,3328,3177,6505
20210127,분당선,수서,10990,11604,22594
20210127,분당선,서현,22946,23053,45999
20210127,분당선,서울숲,8545,8711,17256
20210127,분당선,압구정로데오,16647,17554,34201
20210127,분당선,강남구청,9153,10374,19527
20210127,분당선,선정릉,7798,8358,16156
20210127,분당선,가천대,6113,6871,12984
20210127,분당선,태평,12516,12275,24791
20210127,분당선,모란,18017,18110,36127
20210127,분당선,수원,7053,5781,12834
20210128,분당선,정자,15764,16425,32189
20210128,분당선,미금,14316,15290,29606
20210128,분당선,오리,11187,9300,20487
20210128,분당선,이매,4849,4745,9594
20210128,분당선,보정,2185,1919,4104
20210128,분당선,죽전,11634,12798,24432
20210128,분당선,구성,4391,4612,9003
20210128,분당선,청명,3753,3637,7390
20210128,분당선,기흥,8305,7927,16232
20210128,분당선,상갈,4850,4573,9423
20210128,분당선,영통,7213,7243,14456
20210128,분당선,망포,12781,12298,25079
20210128,분당선,매탄권선,4141,4068,8209
20210128,분당선,수원시청,10829,11449,22278
20210128,분당선,수내,12235,12407,24642
20210128,분당선,신갈,4100,4059,8159
20210128,분당선,매교,2350,2433,4783
20210128,분당선,서현,22455,22624,45079
20210128,분당선,모란,17304,17356,34660
20210128,분당선,야탑,23177,24369,47546
20210128,분당선,선릉,13079,18868,31947
20210128,분당선,한티,12958,13827,26785
20210128,분당선,도곡,6070,5980,12050
20210128,분당선,개포동,3242,3357,6599
20210128,분당선,대모산입구,3252,3053,6305
20210128,분당선,수서,11125,11604,22729
20210128,분당선,구룡,1623,1619,3242
20210128,분당선,서울숲,7982,8052,16034
20210128,분당선,압구정로데오,16374,17671,34045
20210128,분당선,강남구청,9030,10464,19494
20210128,분당선,선정릉,7893,8382,16275
20210128,분당선,가천대,5556,6498,12054
20210128,분당선,태평,12127,11925,24052
20210128,분당선,수원,6659,5517,12176
20210129,분당선,신갈,4054,4118,8172
20210129,분당선,오리,10757,9438,20195
20210129,분당선,이매,4669,4855,9524
20210129,분당선,보정,1985,1748,3733
20210129,분당선,죽전,11528,12701,24229
20210129,분당선,구성,4142,4399,8541
20210129,분당선,기흥,8258,7866,16124
20210129,분당선,미금,13894,14941,28835
20210129,분당선,청명,3617,3499,7116
20210129,분당선,영통,7250,7373,14623
20210129,분당선,망포,12941,12201,25142
20210129,분당선,매탄권선,4182,3970,8152
20210129,분당선,수원시청,10972,11890,22862
20210129,분당선,매교,2286,2432,4718
20210129,분당선,상갈,4745,4500,9245
20210129,분당선,수내,11928,11953,23881
20210129,분당선,정자,15217,16223,31440
20210129,분당선,야탑,22926,24025,46951
20210129,분당선,선릉,12599,18133,30732
20210129,분당선,한티,12899,13339,26238
20210129,분당선,도곡,5994,5905,11899
20210129,분당선,구룡,1470,1441,2911
20210129,분당선,개포동,3047,3280,6327
20210129,분당선,대모산입구,3060,2855,5915
20210129,분당선,수서,11028,11843,22871
20210129,분당선,수원,6828,5742,12570
20210129,분당선,서현,22566,23152,45718
20210129,분당선,압구정로데오,17420,18055,35475
20210129,분당선,강남구청,8874,9890,18764
20210129,분당선,선정릉,7657,7891,15548
20210129,분당선,가천대,5929,6759,12688
20210129,분당선,태평,12076,11971,24047
20210129,분당선,모란,18887,19786,38673
20210129,분당선,서울숲,7732,7590,15322
20210130,분당선,정자,9013,9152,18165
20210130,분당선,미금,8951,9331,18282
20210130,분당선,오리,6276,5292,11568
20210130,분당선,이매,3048,2875,5923
20210130,분당선,보정,1287,1150,2437
20210130,분당선,죽전,8092,9075,17167
20210130,분당선,구성,2517,2676,5193
20210130,분당선,청명,2128,2037,4165
20210130,분당선,기흥,5374,5148,10522
20210130,분당선,상갈,3059,3020,6079
20210130,분당선,수내,7298,6979,14277
20210130,분당선,영통,5424,5453,10877
20210130,분당선,망포,7271,6829,14100
20210130,분당선,매탄권선,2687,2581,5268
20210130,분당선,매교,1624,1651,3275
20210130,분당선,신갈,2247,2261,4508
20210130,분당선,서현,15747,15735,31482
20210130,분당선,수원시청,8246,8984,17230
20210130,분당선,모란,13227,13284,26511
20210130,분당선,한티,9324,9025,18349
20210130,분당선,도곡,3559,3152,6711
20210130,분당선,구룡,981,947,1928
20210130,분당선,개포동,2023,1951,3974
20210130,분당선,대모산입구,1849,1614,3463
20210130,분당선,수서,6719,6887,13606
20210130,분당선,복정,2,0,2
20210130,분당선,선릉,4241,6194,10435
20210130,분당선,서울숲,4869,5125,9994
20210130,분당선,수원,5725,4623,10348
20210130,분당선,태평,8894,8554,17448
20210130,분당선,가천대,3722,4226,7948
20210130,분당선,야탑,13758,14728,28486
20210130,분당선,강남구청,4277,5076,9353
20210130,분당선,압구정로데오,14570,15594,30164
20210130,분당선,선정릉,2888,2900,5788
20210131,분당선,정자,5757,6044,11801
20210131,분당선,미금,5715,6110,11825
20210131,분당선,오리,4491,4052,8543
20210131,분당선,이매,2145,2154,4299
20210131,분당선,보정,836,823,1659
20210131,분당선,죽전,6194,6925,13119
20210131,분당선,구성,1794,1867,3661
20210131,분당선,기흥,3842,3625,7467
20210131,분당선,상갈,2247,2382,4629
20210131,분당선,영통,3612,3660,7272
20210131,분당선,망포,4827,5133,9960
20210131,분당선,매탄권선,1856,1877,3733
20210131,분당선,수원시청,5890,5693,11583
20210131,분당선,수내,4810,4686,9496
20210131,분당선,매교,1159,1129,2288
20210131,분당선,신갈,1479,1562,3041
20210131,분당선,청명,1337,1380,2717
20210131,분당선,서현,11288,11120,22408
20210131,분당선,모란,8694,8956,17650
20210131,분당선,야탑,10042,10385,20427
20210131,분당선,선릉,2210,3229,5439
20210131,분당선,한티,6091,5877,11968
20210131,분당선,도곡,1995,1972,3967
20210131,분당선,개포동,1339,1332,2671
20210131,분당선,대모산입구,1227,1122,2349
20210131,분당선,수서,5369,5235,10604
20210131,분당선,구룡,507,543,1050
20210131,분당선,서울숲,3493,3532,7025
20210131,분당선,압구정로데오,7863,8335,16198
20210131,분당선,강남구청,2489,2897,5386
20210131,분당선,선정릉,1723,1717,3440
20210131,분당선,가천대,2481,3043,5524
20210131,분당선,태평,6374,5890,12264
20210131,분당선,수원,4404,3486,7890
20210201,분당선,모란,18022,18141,36163
20210201,분당선,태평,12409,12212,24621
20210201,분당선,가천대,5796,6773,12569
20210201,분당선,선정릉,7659,8217,15876
20210201,분당선,강남구청,9123,10381,19504
20210201,분당선,압구정로데오,15980,16978,32958
20210201,분당선,서울숲,7930,8060,15990
20210201,분당선,대모산입구,3236,2965,6201
20210201,분당선,수서,10975,11588,22563
20210201,분당선,개포동,3221,3333,6554
20210201,분당선,구룡,1465,1478,2943
20210201,분당선,도곡,6153,6241,12394
20210201,분당선,한티,12657,13416,26073
20210201,분당선,선릉,13074,19017,32091
20210201,분당선,수원,6870,5592,12462
20210201,분당선,야탑,23226,24403,47629
20210201,분당선,서현,22851,22912,45763
20210201,분당선,정자,15430,16120,31550
20210201,분당선,매교,2457,2464,4921
20210201,분당선,수원시청,11154,11461,22615
20210201,분당선,매탄권선,4196,4086,8282
20210201,분당선,망포,12527,12327,24854
20210201,분당선,영통,7223,7330,14553
20210201,분당선,청명,3753,3551,7304
20210201,분당선,상갈,4735,4603,9338
20210201,분당선,수내,12028,11916,23944
20210201,분당선,신갈,4164,4158,8322
20210201,분당선,구성,4352,4590,8942
20210201,분당선,죽전,11450,12644,24094
20210201,분당선,보정,2121,1859,3980
20210201,분당선,이매,4854,4644,9498
20210201,분당선,오리,10915,9317,20232
20210201,분당선,미금,14510,15448,29958
20210201,분당선,기흥,8218,7968,16186
20210202,분당선,야탑,23064,23818,46882
20210202,분당선,모란,17756,17857,35613
20210202,분당선,태평,12240,12075,24315
20210202,분당선,가천대,5712,6600,12312
20210202,분당선,선정릉,8003,8414,16417
20210202,분당선,강남구청,9272,10430,19702
20210202,분당선,압구정로데오,16528,17670,34198
20210202,분당선,대모산입구,3143,2997,6140
20210202,분당선,수원,6869,5625,12494
20210202,분당선,수서,10888,11375,22263
20210202,분당선,개포동,3236,3343,6579
20210202,분당선,구룡,1504,1516,3020
20210202,분당선,도곡,5966,6088,12054
20210202,분당선,한티,13015,13700,26715
20210202,분당선,서현,22415,22736,45151
20210202,분당선,서울숲,8007,8002,16009
20210202,분당선,수내,11994,11979,23973
20210202,분당선,선릉,12948,16633,29581
20210202,분당선,미금,14087,15007,29094
20210202,분당선,복정,1,0,1
20210202,분당선,매교,2349,2448,4797
20210202,분당선,수원시청,10971,11371,22342
20210202,분당선,매탄권선,3997,4014,8011
20210202,분당선,망포,12453,12084,24537
20210202,분당선,영통,7107,7202,14309
20210202,분당선,청명,3667,3558,7225
20210202,분당선,정자,15549,16316,31865
20210202,분당선,기흥,8340,8039,16379
20210202,분당선,신갈,4121,4225,8346
20210202,분당선,구성,4454,4714,9168
20210202,분당선,죽전,11678,12782,24460
20210202,분당선,보정,2145,1805,3950
20210202,분당선,이매,4695,4524,9219
20210202,분당선,오리,11062,9338,20400
20210202,분당선,상갈,4783,4711,9494
20210203,분당선,미금,14820,15658,30478
20210203,분당선,오리,11650,10000,21650
20210203,분당선,이매,5104,4989,10093
20210203,분당선,보정,2220,1982,4202
20210203,분당선,죽전,12054,13544,25598
20210203,분당선,구성,4651,5034,9685
20210203,분당선,신갈,4343,4380,8723
20210203,분당선,영통,7331,7567,14898
20210203,분당선,상갈,4961,4844,9805
20210203,분당선,청명,3772,3722,7494
20210203,분당선,망포,13055,12753,25808
20210203,분당선,매탄권선,4271,4330,8601
20210203,분당선,수원시청,11385,12001,23386
20210203,분당선,매교,2405,2477,4882
20210203,분당선,정자,16427,17419,33846
20210203,분당선,기흥,8611,8487,17098
20210203,분당선,복정,2,0,2
20210203,분당선,수내,13069,12969,26038
20210203,분당선,야탑,24629,25549,50178
20210203,분당선,서현,23618,23595,47213
20210203,분당선,선릉,13602,19239,32841
20210203,분당선,한티,13830,14475,28305
20210203,분당선,도곡,6551,6669,13220
20210203,분당선,구룡,1590,1596,3186
20210203,분당선,대모산입구,3341,3206,6547
20210203,분당선,수서,11392,11994,23386
20210203,분당선,개포동,3465,3713,7178
20210203,분당선,서울숲,8419,8452,16871
20210203,분당선,압구정로데오,17854,18286,36140
20210203,분당선,강남구청,9704,10849,20553
20210203,분당선,선정릉,8315,8562,16877
20210203,분당선,가천대,5869,6955,12824
20210203,분당선,태평,12730,12679,25409
20210203,분당선,모란,18276,18547,36823
20210203,분당선,수원,7018,5753,12771
20210204,분당선,강남구청,9352,10813,20165
20210204,분당선,수서,11708,12285,23993
20210204,분당선,복정,1,0,1
20210204,분당선,수원,7560,6027,13587
20210204,분당선,서울숲,8461,8615,17076
20210204,분당선,압구정로데오,17608,19113,36721
20210204,분당선,선정릉,8130,8681,16811
20210204,분당선,대모산입구,3424,3144,6568
20210204,분당선,태평,13151,12629,25780
20210204,분당선,모란,21446,22104,43550
20210204,분당선,야탑,25089,26361,51450
20210204,분당선,서현,24348,24212,48560
20210204,분당선,수내,13489,13486,26975
20210204,분당선,정자,17299,18159,35458
20210204,분당선,미금,15284,16223,31507
20210204,분당선,가천대,5802,6888,12690
20210204,분당선,개포동,3461,3548,7009
20210204,분당선,오리,12147,10311,22458
20210204,분당선,도곡,6334,6449,12783
20210204,분당선,이매,5338,5146,10484
20210204,분당선,보정,2453,2049,4502
20210204,분당선,죽전,12731,13870,26601
20210204,분당선,구성,4901,5045,9946
20210204,분당선,신갈,4549,4493,9042
20210204,분당선,기흥,9407,8742,18149
20210204,분당선,상갈,5321,5019,10340
20210204,분당선,구룡,1568,1590,3158
20210204,분당선,영통,7998,8025,16023
20210204,분당선,망포,14466,13860,28326
20210204,분당선,매탄권선,4955,4711,9666
20210204,분당선,수원시청,12341,12813,25154
20210204,분당선,매교,2572,2604,5176
20210204,분당선,선릉,13274,19846,33120
20210204,분당선,한티,13562,14374,27936
20210204,분당선,청명,4316,4000,8316
20210205,분당선,모란,19070,19179,38249
20210205,분당선,태평,12850,12661,25511
20210205,분당선,가천대,5967,6799,12766
20210205,분당선,선정릉,8137,8596,16733
20210205,분당선,강남구청,9673,10811,20484
20210205,분당선,압구정로데오,19205,20829,40034
20210205,분당선,서울숲,8469,8474,16943
20210205,분당선,개포동,3433,3480,6913
20210205,분당선,수서,11735,12457,24192
20210205,분당선,대모산입구,3280,3008,6288
20210205,분당선,구룡,1803,1805,3608
20210205,분당선,도곡,6536,6396,12932
20210205,분당선,한티,13771,14414,28185
20210205,분당선,선릉,13256,19262,32518
20210205,분당선,야탑,24586,25858,50444
20210205,분당선,수원,7598,6232,13830
20210205,분당선,서현,24109,24354,48463
20210205,분당선,수내,12690,12811,25501
20210205,분당선,정자,16530,17567,34097
20210205,분당선,매교,2464,2606,5070
20210205,분당선,수원시청,11843,13070,24913
20210205,분당선,매탄권선,4516,4391,8907
20210205,분당선,망포,13631,12898,26529
20210205,분당선,청명,3880,3636,7516
20210205,분당선,상갈,5029,4967,9996
20210205,분당선,기흥,8944,8469,17413
20210205,분당선,영통,7938,7971,15909
20210205,분당선,구성,4590,4838,9428
20210205,분당선,죽전,12657,13799,26456
20210205,분당선,보정,2241,1950,4191
20210205,분당선,이매,4906,4772,9678
20210205,분당선,오리,11815,9871,21686
20210205,분당선,미금,15033,15824,30857
20210205,분당선,신갈,4408,4355,8763
20210206,분당선,구성,2616,2779,5395
20210206,분당선,영통,5544,5546,11090
20210206,분당선,청명,2270,2238,4508
20210206,분당선,상갈,3229,3247,6476
20210206,분당선,기흥,5689,5421,11110
20210206,분당선,신갈,2331,2388,4719
20210206,분당선,죽전,9312,10024,19336
20210206,분당선,야탑,14424,15189,29613
20210206,분당선,이매,3336,3154,6490
20210206,분당선,오리,6727,5686,12413
20210206,분당선,미금,9582,9981,19563
20210206,분당선,정자,9600,9622,19222
20210206,분당선,수내,7737,7190,14927
20210206,분당선,서현,15988,16110,32098
20210206,분당선,망포,7915,7220,15135
20210206,분당선,보정,1385,1282,2667
20210206,분당선,매탄권선,2840,2753,5593
20210206,분당선,모란,13919,14239,28158
20210206,분당선,매교,1793,1871,3664
20210206,분당선,태평,9430,8948,18378
20210206,분당선,강남구청,4456,5279,9735
20210206,분당선,선릉,4306,6324,10630
20210206,분당선,한티,9665,9396,19061
20210206,분당선,도곡,3554,3193,6747
20210206,분당선,구룡,960,983,1943
20210206,분당선,개포동,2097,2112,4209
20210206,분당선,수원시청,8873,9593,18466
20210206,분당선,수서,7256,7400,14656
20210206,분당선,복정,1,0,1
20210206,분당선,수원,6273,5028,11301
20210206,분당선,서울숲,5429,5477,10906
20210206,분당선,압구정로데오,16287,17773,34060
20210206,분당선,가천대,3798,4338,8136
20210206,분당선,선정릉,3111,3318,6429
20210206,분당선,대모산입구,2397,2171,4568
20210207,분당선,모란,9240,9538,18778
20210207,분당선,태평,6606,6238,12844
20210207,분당선,가천대,2981,3551,6532
20210207,분당선,선정릉,1765,1874,3639
20210207,분당선,강남구청,2420,2887,5307
20210207,분당선,압구정로데오,8602,9120,17722
20210207,분당선,서울숲,3700,3764,7464
20210207,분당선,개포동,1541,1581,3122
20210207,분당선,수서,5374,5463,10837
20210207,분당선,대모산입구,1448,1332,2780
20210207,분당선,구룡,562,537,1099
20210207,분당선,도곡,1978,2038,4016
20210207,분당선,한티,6832,6423,13255
20210207,분당선,선릉,2142,3075,5217
20210207,분당선,야탑,10318,10752,21070
20210207,분당선,수원,4550,3712,8262
20210207,분당선,서현,11606,11391,22997
20210207,분당선,수내,5159,4880,10039
20210207,분당선,정자,6031,6095,12126
20210207,분당선,매교,1216,1261,2477
20210207,분당선,수원시청,5763,5532,11295
20210207,분당선,매탄권선,2042,1967,4009
20210207,분당선,망포,4993,5178,10171
20210207,분당선,청명,1572,1522,3094
20210207,분당선,상갈,2312,2410,4722
20210207,분당선,기흥,3970,3862,7832
20210207,분당선,영통,3856,3749,7605
20210207,분당선,구성,1751,1964,3715
20210207,분당선,죽전,6579,7359,13938
20210207,분당선,보정,819,818,1637
20210207,분당선,이매,2233,2353,4586
20210207,분당선,오리,4501,4014,8515
20210207,분당선,미금,5804,6283,12087
20210207,분당선,신갈,1561,1636,3197
20210208,분당선,구성,4519,4688,9207
20210208,분당선,미금,14563,15730,30293
20210208,분당선,오리,11610,9792,21402
20210208,분당선,이매,4907,4765,9672
20210208,분당선,보정,2154,1922,4076
20210208,분당선,죽전,11989,13129,25118
20210208,분당선,신갈,4288,4299,8587
20210208,분당선,매교,2407,2534,4941
20210208,분당선,상갈,4918,4808,9726
20210208,분당선,청명,3760,3641,7401
20210208,분당선,영통,7392,7507,14899
20210208,분당선,망포,12776,12299,25075
20210208,분당선,매탄권선,4236,4056,8292
20210208,분당선,수원시청,11350,11902,23252
20210208,분당선,정자,16411,17332,33743
20210208,분당선,기흥,8530,8188,16718
20210208,분당선,수내,12567,12472,25039
20210208,분당선,선릉,13544,19369,32913
20210208,분당선,야탑,24160,25202,49362
20210208,분당선,서현,23604,23642,47246
20210208,분당선,한티,13384,14160,27544
20210208,분당선,도곡,6402,6532,12934
20210208,분당선,구룡,1572,1572,3144
20210208,분당선,개포동,3326,3458,6784
20210208,분당선,수서,11149,11933,23082
20210208,분당선,복정,1,0,1
20210208,분당선,대모산입구,3284,3048,6332
20210208,분당선,서울숲,7898,8126,16024
20210208,분당선,압구정로데오,16768,17826,34594
20210208,분당선,강남구청,9219,10397,19616
20210208,분당선,선정릉,8115,8573,16688
20210208,분당선,가천대,5791,6761,12552
20210208,분당선,태평,12624,12430,25054
20210208,분당선,모란,18357,18338,36695
20210208,분당선,수원,7064,5656,12720
20210209,분당선,개포동,3358,3478,6836
20210209,분당선,수원시청,11349,11955,23304
20210209,분당선,매교,2453,2497,4950
20210209,분당선,복정,1,0,1
20210209,분당선,수서,11328,12422,23750
20210209,분당선,대모산입구,3323,3122,6445
20210209,분당선,구룡,1525,1537,3062
20210209,분당선,매탄권선,4207,4105,8312
20210209,분당선,한티,13922,14686,28608
20210209,분당선,선릉,13355,19284,32639
20210209,분당선,수원,7189,5939,13128
20210209,분당선,서울숲,8493,8461,16954
20210209,분당선,압구정로데오,18838,19744,38582
20210209,분당선,강남구청,9555,10971,20526
20210209,분당선,가천대,5838,6540,12378
20210209,분당선,도곡,6577,6603,13180
20210209,분당선,망포,13018,12373,25391
20210209,분당선,선정릉,8172,8602,16774
20210209,분당선,청명,3840,3676,7516
20210209,분당선,태평,13140,12825,25965
20210209,분당선,모란,22857,23285,46142
20210209,분당선,야탑,24771,25989,50760
20210209,분당선,서현,24005,24106,48111
20210209,분당선,수내,12573,12542,25115
20210209,분당선,정자,16617,17513,34130
20210209,분당선,미금,14829,15826,30655
20210209,분당선,영통,7556,7594,15150
20210209,분당선,이매,5162,4968,10130
20210209,분당선,보정,2270,1974,4244
20210209,분당선,죽전,12189,13359,25548
20210209,분당선,구성,4480,4688,9168
20210209,분당선,신갈,4248,4291,8539
20210209,분당선,기흥,8624,8249,16873
20210209,분당선,상갈,5032,4967,9999
20210209,분당선,오리,11722,9857,21579
20210210,분당선,정자,15502,16353,31855
20210210,분당선,미금,14371,15047,29418
20210210,분당선,오리,10909,9327,20236
20210210,분당선,이매,4831,4606,9437
20210210,분당선,보정,2032,1834,3866
20210210,분당선,죽전,12594,13435,26029
20210210,분당선,구성,4155,4484,8639
20210210,분당선,청명,3518,3422,6940
20210210,분당선,기흥,8457,8115,16572
20210210,분당선,상갈,4881,4750,9631
20210210,분당선,수내,11856,11863,23719
20210210,분당선,영통,7572,7344,14916
20210210,분당선,망포,13387,11906,25293
20210210,분당선,매탄권선,4502,3973,8475
20210210,분당선,신갈,4090,4074,8164
20210210,분당선,서현,23581,24035,47616
20210210,분당선,수원시청,11481,12311,23792
20210210,분당선,모란,18627,18462,37089
20210210,분당선,매교,2235,2268,4503
20210210,분당선,선릉,11506,16711,28217
20210210,분당선,한티,13618,13791,27409
20210210,분당선,도곡,6368,6124,12492
20210210,분당선,구룡,1370,1293,2663
20210210,분당선,개포동,3146,3327,6473
20210210,분당선,대모산입구,2987,2700,5687
20210210,분당선,야탑,23776,25918,49694
20210210,분당선,수원,7562,6599,14161
20210210,분당선,서울숲,7959,7794,15753
20210210,분당선,압구정로데오,17759,19144,36903
20210210,분당선,강남구청,8791,9865,18656
20210210,분당선,선정릉,6862,7302,14164
20210210,분당선,가천대,5211,5567,10778
20210210,분당선,태평,12883,12765,25648
20210210,분당선,수서,10750,12511,23261
20210211,분당선,야탑,8875,10180,19055
20210211,분당선,모란,8442,8558,17000
20210211,분당선,태평,6188,5933,12121
20210211,분당선,가천대,2426,2450,4876
20210211,분당선,선정릉,1393,1224,2617
20210211,분당선,강남구청,1845,1996,3841
20210211,분당선,압구정로데오,7069,7563,14632
20210211,분당선,대모산입구,983,885,1868
20210211,분당선,수원,4561,3853,8414
20210211,분당선,수서,4063,5750,9813
20210211,분당선,개포동,1055,1019,2074
20210211,분당선,구룡,476,413,889
20210211,분당선,도곡,1966,1792,3758
20210211,분당선,한티,4425,3985,8410
20210211,분당선,서현,9139,9016,18155
20210211,분당선,서울숲,2798,2594,5392
20210211,분당선,선릉,1809,2277,4086
20210211,분당선,수내,4647,4079,8726
20210211,분당선,미금,5649,5713,11362
20210211,분당선,정자,5366,5085,10451
20210211,분당선,매교,1040,1052,2092
20210211,분당선,수원시청,5070,4836,9906
20210211,분당선,매탄권선,1702,1593,3295
20210211,분당선,망포,4815,4123,8938
20210211,분당선,청명,1338,1265,2603
20210211,분당선,상갈,2104,2168,4272
20210211,분당선,영통,3439,3033,6472
20210211,분당선,신갈,1426,1504,2930
20210211,분당선,구성,1584,1891,3475
20210211,분당선,죽전,4800,5303,10103
20210211,분당선,보정,745,760,1505
20210211,분당선,이매,2016,2052,4068
20210211,분당선,오리,4143,3489,7632
20210211,분당선,기흥,3624,3578,7202
20210212,분당선,정자,3187,3307,6494
20210212,분당선,미금,3550,3617,7167
20210212,분당선,오리,2600,2086,4686
20210212,분당선,이매,1296,1295,2591
20210212,분당선,보정,551,487,1038
20210212,분당선,죽전,3075,3654,6729
20210212,분당선,구성,1162,1247,2409
20210212,분당선,청명,952,903,1855
20210212,분당선,기흥,2728,2548,5276
20210212,분당선,상갈,1523,1534,3057
20210212,분당선,영통,2018,2081,4099
20210212,분당선,망포,2999,2943,5942
20210212,분당선,매탄권선,1235,1191,2426
20210212,분당선,수내,2052,1976,4028
20210212,분당선,매교,723,731,1454
20210212,분당선,신갈,1024,1099,2123
20210212,분당선,수원시청,3311,3642,6953
20210212,분당선,서현,5401,5449,10850
20210212,분당선,모란,5464,5674,11138
20210212,분당선,선릉,945,1357,2302
20210212,분당선,한티,2304,2418,4722
20210212,분당선,도곡,1115,1035,2150
20210212,분당선,구룡,288,297,585
20210212,분당선,개포동,669,682,1351
20210212,분당선,대모산입구,741,735,1476
20210212,분당선,수서,3597,3751,7348
20210212,분당선,야탑,5952,6008,11960
20210212,분당선,서울숲,1805,1758,3563
20210212,분당선,압구정로데오,2074,2498,4572
20210212,분당선,강남구청,943,1115,2058
20210212,분당선,선정릉,753,762,1515
20210212,분당선,가천대,1825,2122,3947
20210212,분당선,태평,4298,4040,8338
20210212,분당선,수원,3670,2708,6378
20210213,분당선,오리,4232,3647,7879
20210213,분당선,이매,2122,2277,4399
20210213,분당선,보정,943,868,1811
20210213,분당선,죽전,6723,7730,14453
20210213,분당선,구성,1867,1940,3807
20210213,분당선,신갈,1571,1631,3202
20210213,분당선,기흥,4242,4045,8287
20210213,분당선,영통,3535,3857,7392
20210213,분당선,청명,1661,1551,3212
20210213,분당선,망포,5075,5159,10234
20210213,분당선,매탄권선,2022,1953,3975
20210213,분당선,수원시청,5549,6215,11764
20210213,분당선,매교,1082,1110,2192
20210213,분당선,미금,5907,6197,12104
20210213,분당선,상갈,2621,2496,5117
20210213,분당선,정자,5698,6309,12007
20210213,분당선,수내,3964,3955,7919
20210213,분당선,선릉,1833,2755,4588
20210213,분당선,서현,11853,12012,23865
20210213,분당선,한티,5663,5553,11216
20210213,분당선,도곡,1955,1850,3805
20210213,분당선,구룡,478,488,966
20210213,분당선,개포동,1227,1199,2426
20210213,분당선,수서,5550,4420,9970
20210213,분당선,수원,5732,4562,10294
20210213,분당선,대모산입구,1028,977,2005
20210213,분당선,압구정로데오,6631,7427,14058
20210213,분당선,강남구청,2006,2424,4430
20210213,분당선,선정릉,1300,1437,2737
20210213,분당선,가천대,2286,2960,5246
20210213,분당선,태평,6257,5982,12239
20210213,분당선,모란,8852,9387,18239
20210213,분당선,야탑,10661,10425,21086
20210213,분당선,서울숲,3607,3839,7446
20210214,분당선,대모산입구,1042,1025,2067
20210214,분당선,강남구청,2391,2846,5237
20210214,분당선,압구정로데오,7515,8207,15722
20210214,분당선,서울숲,3434,3566,7000
20210214,분당선,수원,5215,4245,9460
20210214,분당선,수서,6184,5128,11312
20210214,분당선,개포동,1290,1311,2601
20210214,분당선,선정릉,1369,1519,2888
20210214,분당선,도곡,1836,1757,3593
20210214,분당선,한티,5859,5723,11582
20210214,분당선,선릉,1796,2694,4490
20210214,분당선,매교,1039,1163,2202
20210214,분당선,수원시청,5447,5545,10992
20210214,분당선,매탄권선,1942,1808,3750
20210214,분당선,망포,4800,5413,10213
20210214,분당선,구룡,485,487,972
20210214,분당선,가천대,2417,3126,5543
20210214,분당선,영통,3346,3622,6968
20210214,분당선,모란,10435,11118,21553
20210214,분당선,태평,6345,6089,12434
20210214,분당선,청명,1415,1414,2829
20210214,분당선,상갈,2324,2338,4662
20210214,분당선,기흥,4055,3876,7931
20210214,분당선,구성,1876,1858,3734
20210214,분당선,죽전,6085,7008,13093
20210214,분당선,보정,833,762,1595
20210214,분당선,신갈,1571,1590,3161
20210214,분당선,오리,4131,3672,7803
20210214,분당선,미금,5695,6271,11966
20210214,분당선,정자,5670,6168,11838
20210214,분당선,수내,4632,4561,9193
20210214,분당선,서현,11676,11541,23217
20210214,분당선,야탑,10946,10500,21446
20210214,분당선,이매,2225,2326,4551
20210215,분당선,수원시청,11552,12070,23622
20210215,분당선,상갈,4717,4575,9292
20210215,분당선,청명,3777,3542,7319
20210215,분당선,영통,7261,7435,14696
20210215,분당선,망포,12435,12301,24736
20210215,분당선,매탄권선,4121,4046,8167
20210215,분당선,매교,2378,2455,4833
20210215,분당선,수원,7239,6099,13338
20210215,분당선,도곡,5955,6032,11987
20210215,분당선,구룡,1412,1416,2828
20210215,분당선,개포동,3195,3340,6535
20210215,분당선,대모산입구,3116,2917,6033
20210215,분당선,수서,12256,11390,23646
20210215,분당선,복정,1,0,1
20210215,분당선,기흥,8444,8180,16624
20210215,분당선,한티,12710,13520,26230
20210215,분당선,신갈,4099,4094,8193
20210215,분당선,선릉,12726,18585,31311
20210215,분당선,죽전,11606,12994,24600
20210215,분당선,압구정로데오,16158,17136,33294
20210215,분당선,강남구청,8779,9892,18671
20210215,분당선,선정릉,7375,7888,15263
20210215,분당선,가천대,5114,6187,11301
20210215,분당선,태평,12248,12130,24378
20210215,분당선,모란,17721,17850,35571
20210215,분당선,야탑,23701,24605,48306
20210215,분당선,서울숲,8242,8372,16614
20210215,분당선,서현,23230,23259,46489
20210215,분당선,수내,12022,12132,24154
20210215,분당선,정자,15537,16457,31994
20210215,분당선,미금,14479,15478,29957
20210215,분당선,오리,10872,9277,20149
20210215,분당선,이매,4778,4638,9416
20210215,분당선,보정,2128,1899,4027
20210215,분당선,구성,4361,4614,8975
20210216,분당선,모란,18036,18199,36235
20210216,분당선,태평,12393,12195,24588
20210216,분당선,가천대,5824,6698,12522
20210216,분당선,선정릉,8167,8675,16842
20210216,분당선,강남구청,9542,10691,20233
20210216,분당선,압구정로데오,17510,18922,36432
20210216,분당선,서울숲,8833,8855,17688
20210216,분당선,개포동,3262,3460,6722
20210216,분당선,수서,12792,12598,25390
20210216,분당선,대모산입구,3235,3039,6274
20210216,분당선,구룡,1555,1544,3099
20210216,분당선,도곡,6203,6219,12422
20210216,분당선,한티,13364,14264,27628
20210216,분당선,야탑,24580,25402,49982
20210216,분당선,수원,7229,6053,13282
20210216,분당선,서현,23592,23835,47427
20210216,분당선,선릉,13461,19645,33106
20210216,분당선,정자,16596,17534,34130
20210216,분당선,매교,2378,2494,4872
20210216,분당선,수원시청,11839,12359,24198
20210216,분당선,매탄권선,4339,4224,8563
20210216,분당선,망포,13227,12848,26075
20210216,분당선,영통,7492,7746,15238
20210216,분당선,청명,3910,3835,7745
20210216,분당선,상갈,5065,4884,9949
20210216,분당선,수내,12595,12718,25313
20210216,분당선,신갈,4227,4208,8435
20210216,분당선,구성,4450,4716,9166
20210216,분당선,죽전,11970,13222,25192
20210216,분당선,보정,2159,1870,4029
20210216,분당선,이매,5153,4945,10098
20210216,분당선,오리,11154,9427,20581
20210216,분당선,미금,15015,15764,30779
20210216,분당선,기흥,8792,8382,17174
20210217,분당선,정자,16313,17341,33654
20210217,분당선,미금,14234,15203,29437
20210217,분당선,오리,10921,9256,20177
20210217,분당선,이매,4922,4684,9606
20210217,분당선,보정,2131,1887,4018
20210217,분당선,죽전,11715,13044,24759
20210217,분당선,구성,4258,4591,8849
20210217,분당선,청명,3761,3591,7352
20210217,분당선,기흥,8609,8169,16778
20210217,분당선,상갈,4883,4684,9567
20210217,분당선,영통,7432,7654,15086
20210217,분당선,망포,12807,12442,25249
20210217,분당선,매탄권선,4269,4073,8342
20210217,분당선,수원시청,11480,12190,23670
20210217,분당선,수내,12350,12401,24751
20210217,분당선,신갈,4026,4025,8051
20210217,분당선,매교,2366,2391,4757
20210217,분당선,서현,23226,23435,46661
20210217,분당선,모란,17327,17490,34817
20210217,분당선,야탑,24138,25010,49148
20210217,분당선,선릉,13518,19746,33264
20210217,분당선,한티,13430,14190,27620
20210217,분당선,도곡,5900,6041,11941
20210217,분당선,개포동,3415,3539,6954
20210217,분당선,대모산입구,3142,3011,6153
20210217,분당선,수서,12370,12662,25032
20210217,분당선,구룡,1524,1509,3033
20210217,분당선,서울숲,8334,8463,16797
20210217,분당선,압구정로데오,17498,18665,36163
20210217,분당선,강남구청,9545,10737,20282
20210217,분당선,선정릉,8310,8737,17047
20210217,분당선,가천대,5634,6651,12285
20210217,분당선,태평,12274,12049,24323
20210217,분당선,수원,7092,5846,12938
20210218,분당선,복정,1,0,1
20210218,분당선,도곡,6047,6011,12058
20210218,분당선,구룡,1551,1494,3045
20210218,분당선,개포동,3262,3405,6667
20210218,분당선,대모산입구,3050,2908,5958
20210218,분당선,수서,12523,13008,25531
20210218,분당선,수원,7219,5936,13155
20210218,분당선,야탑,23852,24834,48686
20210218,분당선,압구정로데오,18224,19540,37764
20210218,분당선,강남구청,9520,10713,20233
20210218,분당선,선정릉,8157,8570,16727
20210218,분당선,가천대,5624,6674,12298
20210218,분당선,태평,12289,12115,24404
20210218,분당선,모란,17970,17889,35859
20210218,분당선,한티,13129,14063,27192
20210218,분당선,서울숲,8754,8837,17591
20210218,분당선,선릉,13709,19643,33352
20210218,분당선,매교,2475,2523,4998
20210218,분당선,수원시청,11430,11985,23415
20210218,분당선,수내,12376,12451,24827
20210218,분당선,정자,16574,17350,33924
20210218,분당선,미금,14447,15399,29846
20210218,분당선,오리,11079,9429,20508
20210218,분당선,이매,5025,4742,9767
20210218,분당선,보정,2173,1865,4038
20210218,분당선,죽전,12156,13494,25650
20210218,분당선,서현,23399,23546,46945
20210218,분당선,신갈,4029,4069,8098
20210218,분당선,기흥,8439,8166,16605
20210218,분당선,상갈,4864,4671,9535
20210218,분당선,청명,3773,3618,7391
20210218,분당선,영통,7432,7569,15001
20210218,분당선,망포,13015,12510,25525
20210218,분당선,매탄권선,4248,4102,8350
20210218,분당선,구성,4362,4590,8952
20210219,분당선,매탄권선,4668,4441,9109
20210219,분당선,수원시청,12461,13552,26013
20210219,분당선,매교,2639,2728,5367
20210219,분당선,이매,5425,5071,10496
20210219,분당선,보정,2317,1985,4302
20210219,분당선,죽전,13273,14514,27787
20210219,분당선,구성,4702,4877,9579
20210219,분당선,도곡,6630,6487,13117
20210219,분당선,선릉,13671,19971,33642
20210219,분당선,한티,14037,14797,28834
20210219,분당선,구룡,1584,1517,3101
20210219,분당선,개포동,3588,3675,7263
20210219,분당선,대모산입구,3357,3117,6474
20210219,분당선,수서,13879,14700,28579
20210219,분당선,망포,14317,13429,27746
20210219,분당선,신갈,4445,4348,8793
20210219,분당선,영통,8158,8379,16537
20210219,분당선,청명,4009,3799,7808
20210219,분당선,상갈,5331,5049,10380
20210219,분당선,수원,8124,6890,15014
20210219,분당선,서울숲,9156,9208,18364
20210219,분당선,압구정로데오,20510,22456,42966
20210219,분당선,강남구청,9995,11353,21348
20210219,분당선,가천대,5945,6800,12745
20210219,분당선,태평,13344,12771,26115
20210219,분당선,모란,23006,23664,46670
20210219,분당선,선정릉,8271,8750,17021
20210219,분당선,서현,25176,25516,50692
20210219,분당선,수내,13137,13212,26349
20210219,분당선,정자,17495,15833,33328
20210219,분당선,미금,15365,16298,31663
20210219,분당선,오리,11881,9790,21671
20210219,분당선,기흥,8955,8747,17702
20210219,분당선,야탑,25419,26663,52082
20210220,분당선,구성,2832,3006,5838
20210220,분당선,미금,10008,10305,20313
20210220,분당선,오리,7089,5917,13006
20210220,분당선,이매,3504,3364,6868
20210220,분당선,보정,1427,1280,2707
20210220,분당선,죽전,9249,10529,19778
20210220,분당선,신갈,2496,2524,5020
20210220,분당선,매교,1902,1949,3851
20210220,분당선,상갈,3489,3532,7021
20210220,분당선,청명,2542,2409,4951
20210220,분당선,영통,5827,5851,11678
20210220,분당선,망포,8361,7724,16085
20210220,분당선,매탄권선,3090,2918,6008
20210220,분당선,수원시청,10086,10615,20701
20210220,분당선,정자,10095,8086,18181
20210220,분당선,기흥,6188,5912,12100
20210220,분당선,수내,8143,7540,15683
20210220,분당선,선릉,4822,7180,12002
20210220,분당선,야탑,15285,16094,31379
20210220,분당선,서현,17235,17670,34905
20210220,분당선,한티,10241,9814,20055
20210220,분당선,도곡,4006,3750,7756
20210220,분당선,구룡,1024,990,2014
20210220,분당선,개포동,2297,2226,4523
20210220,분당선,수서,8334,8775,17109
20210220,분당선,복정,1,0,1
20210220,분당선,대모산입구,2399,2102,4501
20210220,분당선,서울숲,6529,6723,13252
20210220,분당선,압구정로데오,17341,19160,36501
20210220,분당선,강남구청,4873,5850,10723
20210220,분당선,선정릉,3367,3443,6810
20210220,분당선,가천대,4156,4740,8896
20210220,분당선,태평,9660,9164,18824
20210220,분당선,모란,14457,14780,29237
20210220,분당선,수원,6916,5844,12760
20210221,분당선,압구정로데오,9429,10154,19583
20210221,분당선,모란,9787,9957,19744
20210221,분당선,태평,6923,6591,13514
20210221,분당선,가천대,3045,3441,6486
20210221,분당선,선정릉,1917,2012,3929
20210221,분당선,강남구청,2796,3372,6168
20210221,분당선,서울숲,5183,5367,10550
20210221,분당선,야탑,11005,11287,22292
20210221,분당선,수서,7158,6617,13775
20210221,분당선,대모산입구,1485,1473,2958
20210221,분당선,개포동,1516,1554,3070
20210221,분당선,구룡,587,604,1191
20210221,분당선,도곡,2189,2197,4386
20210221,분당선,한티,7252,6945,14197
20210221,분당선,선릉,2470,3788,6258
20210221,분당선,수원,5378,4293,9671
20210221,분당선,서현,12451,12494,24945
20210221,분당선,매교,1321,1382,2703
20210221,분당선,정자,6778,5334,12112
20210221,분당선,수내,5247,5129,10376
20210221,분당선,수원시청,6640,6424,13064
20210221,분당선,매탄권선,2166,2077,4243
20210221,분당선,망포,5436,5626,11062
20210221,분당선,청명,1769,1702,3471
20210221,분당선,상갈,2600,2622,5222
20210221,분당선,기흥,4195,4195,8390
20210221,분당선,영통,4025,3995,8020
20210221,분당선,구성,2085,2255,4340
20210221,분당선,죽전,6999,8116,15115
20210221,분당선,보정,953,881,1834
20210221,분당선,이매,2446,2507,4953
20210221,분당선,오리,4726,4129,8855
20210221,분당선,미금,6357,6719,13076
20210221,분당선,신갈,1807,1877,3684
20210222,분당선,구성,4547,4803,9350
20210222,분당선,미금,15146,16010,31156
20210222,분당선,오리,11582,9590,21172
20210222,분당선,이매,5079,5113,10192
20210222,분당선,보정,2310,2053,4363
20210222,분당선,죽전,12294,13409,25703
20210222,분당선,신갈,4297,4379,8676
20210222,분당선,매교,2632,2681,5313
20210222,분당선,상갈,5155,4916,10071
20210222,분당선,청명,3929,3847,7776
20210222,분당선,영통,7788,7865,15653
20210222,분당선,망포,13274,12765,26039
20210222,분당선,매탄권선,4467,4312,8779
20210222,분당선,수원시청,11902,12501,24403
20210222,분당선,정자,16891,14365,31256
20210222,분당선,기흥,9029,8627,17656
20210222,분당선,수내,12464,12521,24985
20210222,분당선,서현,23875,23878,47753
20210222,분당선,야탑,24697,25416,50113
20210222,분당선,한티,13078,14085,27163
20210222,분당선,도곡,6360,6409,12769
20210222,분당선,구룡,1763,1725,3488
20210222,분당선,개포동,3432,3613,7045
20210222,분당선,대모산입구,3369,3154,6523
20210222,분당선,수서,12631,12977,25608
20210222,분당선,복정,1,0,1
20210222,분당선,선릉,13636,19917,33553
20210222,분당선,서울숲,8980,9005,17985
20210222,분당선,압구정로데오,16896,18092,34988
20210222,분당선,강남구청,9423,10639,20062
20210222,분당선,선정릉,8255,8651,16906
20210222,분당선,가천대,5829,6834,12663
20210222,분당선,태평,12946,12641,25587
20210222,분당선,모란,18721,18607,37328
20210222,분당선,수원,7488,6371,13859
20210223,분당선,가천대,6233,7194,13427
20210223,분당선,선정릉,8168,8718,16886
20210223,분당선,강남구청,9535,10960,20495
20210223,분당선,압구정로데오,17991,19538,37529
20210223,분당선,서울숲,9022,9040,18062
20210223,분당선,수원,7504,6269,13773
20210223,분당선,수서,12723,13143,25866
20210223,분당선,도곡,6362,6366,12728
20210223,분당선,개포동,3668,3770,7438
20210223,분당선,구룡,1782,1756,3538
20210223,분당선,한티,13457,14322,27779
20210223,분당선,선릉,13689,20102,33791
20210223,분당선,복정,1,0,1
20210223,분당선,매교,2580,2657,5237
20210223,분당선,태평,12942,12708,25650
20210223,분당선,대모산입구,3289,3114,6403
20210223,분당선,모란,18740,18698,37438
20210223,분당선,수원시청,11778,12442,24220
20210223,분당선,서현,23839,24087,47926
20210223,분당선,야탑,24528,25368,49896
20210223,분당선,매탄권선,4395,4304,8699
20210223,분당선,망포,13279,12851,26130
20210223,분당선,영통,7767,7835,15602
20210223,분당선,청명,3847,3695,7542
20210223,분당선,기흥,8870,8381,17251
20210223,분당선,신갈,4381,4315,8696
20210223,분당선,상갈,5078,5056,10134
20210223,분당선,죽전,12153,13557,25710
20210223,분당선,보정,2383,2102,4485
20210223,분당선,이매,5010,4932,9942
20210223,분당선,오리,11369,9540,20909
20210223,분당선,미금,14899,15773,30672
20210223,분당선,정자,16894,15854,32748
20210223,분당선,수내,12783,12879,25662
20210223,분당선,구성,4622,4882,9504
20210224,분당선,서울숲,9436,9617,19053
20210224,분당선,태평,13242,12956,26198
20210224,분당선,가천대,6561,7614,14175
20210224,분당선,선정릉,8284,8786,17070
20210224,분당선,강남구청,9703,11104,20807
20210224,분당선,압구정로데오,18073,19687,37760
20210224,분당선,수원,7726,6374,14100
20210224,분당선,모란,23449,23943,47392
20210224,분당선,수서,13035,13471,26506
20210224,분당선,대모산입구,3408,3215,6623
20210224,분당선,개포동,3777,3967,7744
20210224,분당선,구룡,1726,1632,3358
20210224,분당선,도곡,6581,6529,13110
20210224,분당선,한티,13599,14480,28079
20210224,분당선,선릉,13560,19707,33267
20210224,분당선,복정,1,0,1
20210224,분당선,야탑,25281,26145,51426
20210224,분당선,매교,2650,2772,5422
20210224,분당선,수내,12862,12930,25792
20210224,분당선,수원시청,11869,12716,24585
20210224,분당선,매탄권선,4489,4314,8803
20210224,분당선,망포,13660,13162,26822
20210224,분당선,영통,7895,7912,15807
20210224,분당선,청명,4066,3865,7931
20210224,분당선,상갈,5179,4991,10170
20210224,분당선,기흥,8873,8533,17406
20210224,분당선,서현,24282,24340,48622
20210224,분당선,구성,4709,4878,9587
20210224,분당선,죽전,12539,13890,26429
20210224,분당선,보정,2360,2078,4438
20210224,분당선,이매,5310,5113,10423
20210224,분당선,오리,11620,9718,21338
20210224,분당선,미금,15174,16186,31360
20210224,분당선,정자,16964,18094,35058
20210224,분당선,신갈,4361,4412,8773
20210225,분당선,정자,17065,18029,35094
20210225,분당선,미금,14825,15662,30487
20210225,분당선,오리,11449,9713,21162
20210225,분당선,이매,5094,4941,10035
20210225,분당선,보정,2347,2045,4392
20210225,분당선,죽전,12255,13644,25899
20210225,분당선,구성,4650,4735,9385
20210225,분당선,청명,3984,3785,7769
20210225,분당선,기흥,8875,8457,17332
20210225,분당선,상갈,5162,4977,10139
20210225,분당선,영통,7883,8052,15935
20210225,분당선,망포,13305,12824,26129
20210225,분당선,매탄권선,4425,4297,8722
20210225,분당선,수원시청,11597,12347,23944
20210225,분당선,수내,12793,12929,25722
20210225,분당선,신갈,4271,4322,8593
20210225,분당선,매교,2701,2754,5455
20210225,분당선,서현,23909,24052,47961
20210225,분당선,모란,18921,18863,37784
20210225,분당선,야탑,24735,25660,50395
20210225,분당선,선릉,13457,19749,33206
20210225,분당선,한티,13631,14416,28047
20210225,분당선,도곡,6558,6516,13074
20210225,분당선,구룡,1639,1613,3252
20210225,분당선,대모산입구,3369,3185,6554
20210225,분당선,수서,12986,13469,26455
20210225,분당선,개포동,3502,3644,7146
20210225,분당선,수원,7656,6191,13847
20210225,분당선,서울숲,9198,9393,18591
20210225,분당선,압구정로데오,18381,20120,38501
20210225,분당선,강남구청,9585,10991,20576
20210225,분당선,선정릉,8195,8734,16929
20210225,분당선,가천대,7040,8015,15055
20210225,분당선,태평,12934,12675,25609
20210225,분당선,복정,1,0,1
20210226,분당선,죽전,13494,14584,28078
20210226,분당선,정자,17379,18466,35845
20210226,분당선,미금,15586,16456,32042
20210226,분당선,오리,11707,9840,21547
20210226,분당선,이매,5401,5049,10450
20210226,분당선,보정,2412,2104,4516
20210226,분당선,구성,4721,4854,9575
20210226,분당선,수내,13118,13276,26394
20210226,분당선,기흥,9220,8861,18081
20210226,분당선,상갈,5365,5113,10478
20210226,분당선,청명,4002,3828,7830
20210226,분당선,영통,8326,8418,16744
20210226,분당선,망포,14478,13277,27755
20210226,분당선,매탄권선,4747,4444,9191
20210226,분당선,매교,2619,2742,5361
20210226,분당선,신갈,4558,4465,9023
20210226,분당선,서현,24847,25585,50432
20210226,분당선,수원시청,12530,13756,26286
20210226,분당선,모란,19831,19793,39624
20210226,분당선,선릉,13510,19933,33443
20210226,분당선,한티,14106,14937,29043
20210226,분당선,도곡,6739,6507,13246
20210226,분당선,구룡,1715,1621,3336
20210226,분당선,개포동,3747,3875,7622
20210226,분당선,대모산입구,3379,3201,6580
20210226,분당선,수서,14073,15168,29241
20210226,분당선,야탑,25498,26381,51879
20210226,분당선,수원,8457,7267,15724
20210226,분당선,서울숲,10002,10040,20042
20210226,분당선,압구정로데오,20368,22257,42625
20210226,분당선,강남구청,10116,11359,21475
20210226,분당선,선정릉,8229,8750,16979
20210226,분당선,가천대,6417,7156,13573
20210226,분당선,복정,1,0,1
20210226,분당선,태평,13363,12949,26312
20210227,분당선,정자,10181,10333,20514
20210227,분당선,미금,10078,10413,20491
20210227,분당선,이매,4003,3902,7905
20210227,분당선,보정,1552,1483,3035
20210227,분당선,죽전,9788,10836,20624
20210227,분당선,구성,2968,3066,6034
20210227,분당선,신갈,2531,2522,5053
20210227,분당선,영통,6069,6037,12106
20210227,분당선,상갈,3632,3539,7171
20210227,분당선,청명,2494,2369,4863
20210227,분당선,수내,8342,7554,15896
20210227,분당선,망포,8531,7745,16276
20210227,분당선,매탄권선,3107,2939,6046
20210227,분당선,수원시청,9946,10628,20574
20210227,분당선,매교,1944,1998,3942
20210227,분당선,기흥,6114,5903,12017
20210227,분당선,서현,17426,17675,35101
20210227,분당선,오리,7228,6038,13266
20210227,분당선,모란,14987,14628,29615
20210227,분당선,야탑,16194,16930,33124
20210227,분당선,한티,10630,10215,20845
20210227,분당선,도곡,4213,3774,7987
20210227,분당선,구룡,1166,1071,2237
20210227,분당선,개포동,2354,2306,4660
20210227,분당선,대모산입구,2498,2230,4728
20210227,분당선,수서,8882,9948,18830
20210227,분당선,복정,1,0,1
20210227,분당선,선릉,4788,7230,12018
20210227,분당선,서울숲,6946,7064,14010
20210227,분당선,압구정로데오,17568,19523,37091
20210227,분당선,강남구청,5081,6103,11184
20210227,분당선,선정릉,3461,3628,7089
20210227,분당선,가천대,4392,4926,9318
20210227,분당선,태평,9726,9374,19100
20210227,분당선,수원,7168,6085,13253
20210228,분당선,미금,6454,7007,13461
20210228,분당선,오리,5104,4324,9428
20210228,분당선,이매,2616,2700,5316
20210228,분당선,보정,996,981,1977
20210228,분당선,죽전,7504,8377,15881
20210228,분당선,구성,2110,2225,4335
20210228,분당선,신갈,1885,1946,3831
20210228,분당선,영통,4179,4243,8422
20210228,분당선,상갈,2779,2786,5565
20210228,분당선,청명,1726,1688,3414
20210228,분당선,망포,5919,5801,11720
20210228,분당선,매탄권선,2388,2177,4565
20210228,분당선,수원시청,7135,7380,14515
20210228,분당선,매교,1314,1361,2675
20210228,분당선,정자,7133,7217,14350
20210228,분당선,기흥,4582,4493,9075
20210228,분당선,수내,5721,5484,11205
20210228,분당선,구룡,669,646,1315
20210228,분당선,야탑,11431,12012,23443
20210228,분당선,서현,13300,13521,26821
20210228,분당선,한티,7529,7137,14666
20210228,분당선,도곡,2221,2114,4335
20210228,분당선,개포동,1656,1654,3310
20210228,분당선,대모산입구,1600,1479,3079
20210228,분당선,수서,6873,6629,13502
20210228,분당선,수원,5920,4741,10661
20210228,분당선,선릉,2665,3896,6561
20210228,분당선,압구정로데오,9972,11126,21098
20210228,분당선,강남구청,3056,3608,6664
20210228,분당선,선정릉,2190,2195,4385
20210228,분당선,가천대,3680,4174,7854
20210228,분당선,태평,7354,7006,14360
20210228,분당선,모란,10673,10693,21366
20210228,분당선,서울숲,5074,5153,10227
20210301,분당선,미금,6083,6498,12581
20210301,분당선,오리,4101,3590,7691
20210301,분당선,매교,1067,1018,2085
20210301,분당선,보정,822,779,1601
20210301,분당선,죽전,5916,6901,12817
20210301,분당선,구성,1694,1828,3522
20210301,분당선,신갈,1541,1571,3112
20210301,분당선,청명,1428,1427,2855
20210301,분당선,상갈,2061,2203,4264
20210301,분당선,영통,3557,3794,7351
20210301,분당선,망포,4767,5205,9972
20210301,분당선,매탄권선,1858,1794,3652
20210301,분당선,수원시청,5148,5215,10363
20210301,분당선,정자,5917,6122,12039
20210301,분당선,기흥,3910,3778,7688
20210301,분당선,서현,10838,10850,21688
20210301,분당선,이매,2181,2229,4410
20210301,분당선,수내,4928,4880,9808
20210301,분당선,선릉,2557,3878,6435
20210301,분당선,한티,5978,6125,12103
20210301,분당선,도곡,2245,2351,4596
20210301,분당선,구룡,637,684,1321
20210301,분당선,개포동,1436,1455,2891
20210301,분당선,대모산입구,1294,1230,2524
20210301,분당선,수서,7048,6040,13088
20210301,분당선,야탑,10147,10362,20509
20210301,분당선,서울숲,2506,2576,5082
20210301,분당선,압구정로데오,7769,8326,16095
20210301,분당선,강남구청,2449,2909,5358
20210301,분당선,선정릉,1804,1828,3632
20210301,분당선,가천대,2778,3512,6290
20210301,분당선,태평,6114,5956,12070
20210301,분당선,모란,8773,8862,17635
20210301,분당선,수원,4289,3613,7902
20210302,분당선,모란,18827,18850,37677
20210302,분당선,태평,13137,12799,25936
20210302,분당선,가천대,8324,9580,17904
20210302,분당선,선정릉,8258,8722,16980
20210302,분당선,강남구청,9691,10984,20675
20210302,분당선,압구정로데오,16925,18488,35413
20210302,분당선,서울숲,8975,9034,18009
20210302,분당선,대모산입구,3427,3143,6570
20210302,분당선,복정,1,0,1
20210302,분당선,수서,12764,12827,25591
20210302,분당선,개포동,3630,3670,7300
20210302,분당선,구룡,2000,1913,3913
20210302,분당선,도곡,6568,6640,13208
20210302,분당선,한티,13016,13999,27015
20210302,분당선,야탑,24627,25575,50202
20210302,분당선,수원,7622,6257,13879
20210302,분당선,서현,23451,23595,47046
20210302,분당선,선릉,13704,20190,33894
20210302,분당선,정자,16734,15234,31968
20210302,분당선,매교,2959,2921,5880
20210302,분당선,수원시청,11601,12260,23861
20210302,분당선,매탄권선,4650,4583,9233
20210302,분당선,망포,13412,13005,26417
20210302,분당선,영통,7667,7951,15618
20210302,분당선,청명,4038,3892,7930
20210302,분당선,상갈,5054,4889,9943
20210302,분당선,수내,12862,12953,25815
20210302,분당선,신갈,4493,4460,8953
20210302,분당선,구성,4704,4868,9572
20210302,분당선,죽전,12455,13869,26324
20210302,분당선,보정,2435,2209,4644
20210302,분당선,이매,5354,5051,10405
20210302,분당선,오리,11371,9749,21120
20210302,분당선,미금,15294,16088,31382
20210302,분당선,기흥,8927,8455,17382
20210303,분당선,정자,17126,16435,33561
20210303,분당선,미금,15898,16595,32493
20210303,분당선,오리,11838,10087,21925
20210303,분당선,이매,5405,5130,10535
20210303,분당선,보정,2505,2147,4652
20210303,분당선,죽전,12937,14290,27227
20210303,분당선,구성,4680,4886,9566
20210303,분당선,청명,4040,3835,7875
20210303,분당선,기흥,9119,8842,17961
20210303,분당선,상갈,5195,5077,10272
20210303,분당선,영통,7838,8097,15935
20210303,분당선,망포,13692,13236,26928
20210303,분당선,매탄권선,4717,4581,9298
20210303,분당선,수원시청,11935,12548,24483
20210303,분당선,수내,12958,12895,25853
20210303,분당선,신갈,4433,4448,8881
20210303,분당선,매교,2935,2946,5881
20210303,분당선,서현,24005,24196,48201
20210303,분당선,모란,19017,19197,38214
20210303,분당선,야탑,25264,26268,51532
20210303,분당선,선릉,13917,20471,34388
20210303,분당선,한티,13096,14235,27331
20210303,분당선,도곡,6501,6636,13137
20210303,분당선,구룡,1944,1847,3791
20210303,분당선,대모산입구,3459,3225,6684
20210303,분당선,수서,12547,12961,25508
20210303,분당선,개포동,3657,3760,7417
20210303,분당선,수원,7840,6442,14282
20210303,분당선,서울숲,9417,9566,18983
20210303,분당선,압구정로데오,17655,18961,36616
20210303,분당선,강남구청,9897,11278,21175
20210303,분당선,선정릉,8326,8884,17210
20210303,분당선,가천대,7997,9109,17106
20210303,분당선,태평,13287,12790,26077
20210303,분당선,복정,3,0,3
20210304,분당선,죽전,12881,14228,27109
20210304,분당선,정자,17220,18321,35541
20210304,분당선,미금,15248,16277,31525
20210304,분당선,오리,11804,10017,21821
20210304,분당선,이매,5443,5068,10511
20210304,분당선,보정,2456,2165,4621
20210304,분당선,구성,4863,5010,9873
20210304,분당선,매교,2900,2933,5833
20210304,분당선,기흥,9138,8692,17830
20210304,분당선,상갈,5246,5105,10351
20210304,분당선,청명,4166,3906,8072
20210304,분당선,영통,7681,7913,15594
20210304,분당선,망포,13476,12930,26406
20210304,분당선,매탄권선,4659,4536,9195
20210304,분당선,수원시청,11545,12227,23772
20210304,분당선,신갈,4381,4433,8814
20210304,분당선,수내,13027,13129,26156
20210304,분당선,서현,24086,24280,48366
20210304,분당선,모란,24233,24652,48885
20210304,분당선,선릉,14028,20387,34415
20210304,분당선,한티,13161,14149,27310
20210304,분당선,도곡,6651,6521,13172
20210304,분당선,구룡,1988,1968,3956
20210304,분당선,개포동,3618,3750,7368
20210304,분당선,대모산입구,3503,3296,6799
20210304,분당선,수서,13069,13439,26508
20210304,분당선,야탑,24902,25973,50875
20210304,분당선,서울숲,9444,9566,19010
20210304,분당선,압구정로데오,17555,19298,36853
20210304,분당선,강남구청,9729,11077,20806
20210304,분당선,선정릉,8243,8722,16965
20210304,분당선,가천대,8239,9428,17667
20210304,분당선,태평,13225,12889,26114
20210304,분당선,수원,7824,6377,14201
20210305,분당선,모란,20344,20400,40744
20210305,분당선,태평,13676,13245,26921
20210305,분당선,선정릉,8434,8968,17402
20210305,분당선,강남구청,10445,11662,22107
20210305,분당선,압구정로데오,19935,22231,42166
20210305,분당선,서울숲,10070,10195,20265
20210305,분당선,수원,8580,7358,15938
20210305,분당선,개포동,3807,3981,7788
20210305,분당선,대모산입구,3533,3311,6844
20210305,분당선,야탑,26065,27401,53466
20210305,분당선,구룡,2110,1973,4083
20210305,분당선,도곡,7104,7005,14109
20210305,분당선,한티,14110,15085,29195
20210305,분당선,선릉,13806,20640,34446
20210305,분당선,수서,14432,15132,29564
20210305,분당선,서현,25437,25912,51349
20210305,분당선,가천대,8354,9029,17383
20210305,분당선,정자,18009,19202,37211
20210305,분당선,수내,13567,13550,27117
20210305,분당선,수원시청,13062,14384,27446
20210305,분당선,매탄권선,5076,4821,9897
20210305,분당선,망포,14979,13961,28940
20210305,분당선,영통,8803,8925,17728
20210305,분당선,청명,4441,4147,8588
20210305,분당선,상갈,5508,5340,10848
20210305,분당선,기흥,9554,9190,18744
20210305,분당선,매교,2991,3129,6120
20210305,분당선,구성,5007,5287,10294
20210305,분당선,죽전,14284,15231,29515
20210305,분당선,보정,2581,2272,4853
20210305,분당선,이매,5788,5392,11180
20210305,분당선,오리,12273,10388,22661
20210305,분당선,미금,16139,17010,33149
20210305,분당선,신갈,4694,4712,9406
20210306,분당선,미금,10421,10751,21172
20210306,분당선,오리,7615,6386,14001
20210306,분당선,이매,3729,3636,7365
20210306,분당선,보정,1519,1399,2918
20210306,분당선,죽전,9928,11154,21082
20210306,분당선,구성,2958,3127,6085
20210306,분당선,신갈,2679,2755,5434
20210306,분당선,매교,1986,1925,3911
20210306,분당선,상갈,3777,3700,7477
20210306,분당선,청명,2560,2493,5053
20210306,분당선,영통,6443,6320,12763
20210306,분당선,망포,8725,8058,16783
20210306,분당선,매탄권선,3305,3123,6428
20210306,분당선,수원시청,10405,11205,21610
20210306,분당선,정자,10446,10737,21183
20210306,분당선,기흥,6249,5958,12207
20210306,분당선,수내,8380,7954,16334
20210306,분당선,개포동,2430,2431,4861
20210306,분당선,야탑,16006,16880,32886
20210306,분당선,서현,17888,17899,35787
20210306,분당선,한티,11209,10787,21996
20210306,분당선,도곡,4156,3797,7953
20210306,분당선,구룡,1104,1048,2152
20210306,분당선,대모산입구,2355,2096,4451
20210306,분당선,수서,8704,9215,17919
20210306,분당선,복정,1,0,1
20210306,분당선,선릉,4981,7820,12801
20210306,분당선,서울숲,6492,6895,13387
20210306,분당선,압구정로데오,18081,19764,37845
20210306,분당선,강남구청,4971,6066,11037
20210306,분당선,선정릉,3677,3787,7464
20210306,분당선,가천대,4608,5240,9848
20210306,분당선,태평,9989,9525,19514
20210306,분당선,모란,15199,15295,30494
20210306,분당선,수원,7370,6123,13493
20210307,분당선,모란,10101,10351,20452
20210307,분당선,태평,7108,6661,13769
20210307,분당선,가천대,3452,4221,7673
20210307,분당선,선정릉,2134,2191,4325
20210307,분당선,강남구청,2804,3373,6177
20210307,분당선,압구정로데오,9649,10431,20080
20210307,분당선,서울숲,4885,4934,9819
20210307,분당선,개포동,1924,1938,3862
20210307,분당선,수서,7279,6795,14074
20210307,분당선,대모산입구,1316,1256,2572
20210307,분당선,구룡,662,731,1393
20210307,분당선,도곡,2536,2560,5096
20210307,분당선,한티,7213,7050,14263
20210307,분당선,야탑,11393,11821,23214
20210307,분당선,수원,5482,4483,9965
20210307,분당선,선릉,2528,3854,6382
20210307,분당선,서현,12679,12742,25421
20210307,분당선,정자,6906,6450,13356
20210307,분당선,매교,1343,1373,2716
20210307,분당선,수원시청,6723,6568,13291
20210307,분당선,매탄권선,2220,2137,4357
20210307,분당선,망포,5576,5956,11532
20210307,분당선,영통,4268,4418,8686
20210307,분당선,청명,1699,1736,3435
20210307,분당선,상갈,2633,2704,5337
20210307,분당선,수내,5542,5316,10858
20210307,분당선,신갈,1817,1805,3622
20210307,분당선,구성,2134,2354,4488
20210307,분당선,죽전,7383,8411,15794
20210307,분당선,보정,1003,895,1898
20210307,분당선,이매,2571,2840,5411
20210307,분당선,오리,4907,4327,9234
20210307,분당선,미금,6517,7039,13556
20210307,분당선,기흥,4385,4307,8692
20210308,분당선,미금,15108,16071,31179
20210308,분당선,오리,11575,9832,21407
20210308,분당선,이매,5480,5088,10568
20210308,분당선,보정,2513,2195,4708
20210308,분당선,죽전,12945,14102,27047
20210308,분당선,구성,4821,4973,9794
20210308,분당선,신갈,4457,4435,8892
20210308,분당선,영통,7876,8071,15947
20210308,분당선,상갈,5199,5058,10257
20210308,분당선,청명,4072,3887,7959
20210308,분당선,망포,13635,13117,26752
20210308,분당선,매탄권선,4813,4566,9379
20210308,분당선,수원시청,11599,12303,23902
20210308,분당선,매교,2992,2982,5974
20210308,분당선,정자,16678,15061,31739
20210308,분당선,기흥,9107,8692,17799
20210308,분당선,수내,11937,11874,23811
20210308,분당선,서현,22702,22835,45537
20210308,분당선,야탑,24422,25439,49861
20210308,분당선,선릉,13580,20135,33715
20210308,분당선,한티,12223,13151,25374
20210308,분당선,도곡,6472,6529,13001
20210308,분당선,구룡,1975,1954,3929
20210308,분당선,대모산입구,3538,3331,6869
20210308,분당선,수서,12663,12936,25599
20210308,분당선,수원,7739,6345,14084
20210308,분당선,개포동,3593,3728,7321
20210308,분당선,압구정로데오,15818,17189,33007
20210308,분당선,강남구청,9738,10828,20566
20210308,분당선,선정릉,8165,8692,16857
20210308,분당선,가천대,8735,10056,18791
20210308,분당선,태평,13072,12832,25904
20210308,분당선,모란,18961,18823,37784
20210308,분당선,서울숲,9230,9235,18465
20210309,분당선,구성,4943,5085,10028
20210309,분당선,미금,15677,16485,32162
20210309,분당선,오리,11895,9901,21796
20210309,분당선,이매,5546,5343,10889
20210309,분당선,보정,2563,2248,4811
20210309,분당선,죽전,13029,14521,27550
20210309,분당선,신갈,4566,4551,9117
20210309,분당선,매교,3037,3084,6121
20210309,분당선,상갈,5306,5112,10418
20210309,분당선,청명,4283,4073,8356
20210309,분당선,영통,7922,8124,16046
20210309,분당선,망포,13663,13205,26868
20210309,분당선,매탄권선,4758,4685,9443
20210309,분당선,수원시청,11913,12647,24560
20210309,분당선,정자,17432,16912,34344
20210309,분당선,기흥,9414,8806,18220
20210309,분당선,수내,12927,12874,25801
20210309,분당선,선릉,13722,20577,34299
20210309,분당선,야탑,25166,26049,51215
20210309,분당선,서현,24175,24347,48522
20210309,분당선,한티,13297,14313,27610
20210309,분당선,도곡,6672,6573,13245
20210309,분당선,구룡,1929,1954,3883
20210309,분당선,개포동,3721,3821,7542
20210309,분당선,수서,13010,13399,26409
20210309,분당선,복정,3,0,3
20210309,분당선,대모산입구,3616,3398,7014
20210309,분당선,서울숲,9394,9630,19024
20210309,분당선,압구정로데오,17561,19151,36712
20210309,분당선,강남구청,9987,11334,21321
20210309,분당선,선정릉,8374,8852,17226
20210309,분당선,가천대,9580,10766,20346
20210309,분당선,태평,13479,13211,26690
20210309,분당선,모란,25467,26197,51664
20210309,분당선,수원,7964,6477,14441
20210310,분당선,죽전,13349,14661,28010
20210310,분당선,미금,15541,16569,32110
20210310,분당선,매교,3053,3118,6171
20210310,분당선,오리,11846,10010,21856
20210310,분당선,이매,5634,5188,10822
20210310,분당선,보정,2546,2267,4813
20210310,분당선,구성,4748,5001,9749
20210310,분당선,정자,17198,18412,35610
20210310,분당선,기흥,9289,8852,18141
20210310,분당선,상갈,5327,5151,10478
20210310,분당선,청명,4227,4057,8284
20210310,분당선,영통,7950,8192,16142
20210310,분당선,망포,13952,13235,27187
20210310,분당선,매탄권선,4848,4653,9501
20210310,분당선,수원시청,11928,12746,24674
20210310,분당선,신갈,4553,4581,9134
20210310,분당선,수내,13127,13218,26345
20210310,분당선,태평,13315,12857,26172
20210310,분당선,야탑,25817,26994,52811
20210310,분당선,선릉,13819,20360,34179
20210310,분당선,한티,13352,14486,27838
20210310,분당선,도곡,6652,6713,13365
20210310,분당선,구룡,2034,1934,3968
20210310,분당선,개포동,3750,3923,7673
20210310,분당선,대모산입구,3543,3250,6793
20210310,분당선,수서,12673,13086,25759
20210310,분당선,서현,24208,24368,48576
20210310,분당선,서울숲,9776,9815,19591
20210310,분당선,압구정로데오,17869,19538,37407
20210310,분당선,강남구청,9977,11293,21270
20210310,분당선,선정릉,8503,8889,17392
20210310,분당선,가천대,9406,10461,19867
20210310,분당선,모란,19349,19439,38788
20210310,분당선,수원,8047,6553,14600
20210311,분당선,오리,11794,9928,21722
20210311,분당선,이매,5642,5206,10848
20210311,분당선,보정,2483,2258,4741
20210311,분당선,죽전,13142,14362,27504
20210311,분당선,구성,4859,5088,9947
20210311,분당선,신갈,4360,4364,8724
20210311,분당선,기흥,9243,8691,17934
20210311,분당선,영통,8166,8260,16426
20210311,분당선,청명,4195,3929,8124
20210311,분당선,망포,13617,13244,26861
20210311,분당선,매탄권선,4804,4674,9478
20210311,분당선,수원시청,11718,12454,24172
20210311,분당선,매교,3039,3061,6100
20210311,분당선,미금,15238,16151,31389
20210311,분당선,상갈,5350,5126,10476
20210311,분당선,정자,17228,18299,35527
20210311,분당선,수내,12798,12975,25773
20210311,분당선,선릉,13953,20507,34460
20210311,분당선,서현,23780,23813,47593
20210311,분당선,한티,13243,14241,27484
20210311,분당선,도곡,6556,6566,13122
20210311,분당선,구룡,2043,2004,4047
20210311,분당선,개포동,3656,3710,7366
20210311,분당선,수서,13114,13317,26431
20210311,분당선,수원,7934,6711,14645
20210311,분당선,대모산입구,3432,3182,6614
20210311,분당선,압구정로데오,17941,19673,37614
20210311,분당선,강남구청,9759,11133,20892
20210311,분당선,선정릉,8098,8747,16845
20210311,분당선,가천대,9478,10437,19915
20210311,분당선,태평,13134,12705,25839
20210311,분당선,모란,19257,19200,38457
20210311,분당선,야탑,25036,26235,51271
20210311,분당선,서울숲,9478,9712,19190
20210312,분당선,구성,4826,5093,9919
20210312,분당선,미금,15515,16476,31991
20210312,분당선,오리,11991,10081,22072
20210312,분당선,이매,5753,5295,11048
20210312,분당선,보정,2530,2180,4710
20210312,분당선,죽전,13844,14807,28651
20210312,분당선,신갈,4477,4428,8905
20210312,분당선,정자,17993,19141,37134
20210312,분당선,상갈,5517,5349,10866
20210312,분당선,청명,4385,4129,8514
20210312,분당선,영통,8663,8756,17419
20210312,분당선,망포,14917,13855,28772
20210312,분당선,매탄권선,5125,4878,10003
20210312,분당선,수원시청,12487,13982,26469
20210312,분당선,매교,3033,3064,6097
20210312,분당선,기흥,9502,9017,18519
20210312,분당선,수내,13304,13501,26805
20210312,분당선,선릉,13719,20256,33975
20210312,분당선,야탑,26237,27467,53704
20210312,분당선,서현,24966,25579,50545
20210312,분당선,한티,14033,14944,28977
20210312,분당선,도곡,6916,6899,13815
20210312,분당선,구룡,2140,1986,4126
20210312,분당선,개포동,3802,4020,7822
20210312,분당선,수서,14386,15238,29624
20210312,분당선,복정,1,0,1
20210312,분당선,대모산입구,3513,3274,6787
20210312,분당선,서울숲,9592,9637,19229
20210312,분당선,압구정로데오,19730,21946,41676
20210312,분당선,강남구청,10083,11501,21584
20210312,분당선,선정릉,8438,8918,17356
20210312,분당선,가천대,8967,9474,18441
20210312,분당선,태평,13556,13101,26657
20210312,분당선,모란,19867,20089,39956
20210312,분당선,수원,8529,7385,15914
20210313,분당선,수내,8601,8029,16630
20210313,분당선,가천대,4722,5267,9989
20210313,분당선,태평,10250,9657,19907
20210313,분당선,모란,15165,15104,30269
20210313,분당선,야탑,16335,17217,33552
20210313,분당선,서현,17981,17926,35907
20210313,분당선,정자,10483,10810,21293
20210313,분당선,선정릉,3611,3728,7339
20210313,분당선,오리,7369,6137,13506
20210313,분당선,이매,3831,3721,7552
20210313,분당선,보정,1526,1409,2935
20210313,분당선,죽전,10176,11400,21576
20210313,분당선,구성,2993,3215,6208
20210313,분당선,신갈,2715,2774,5489
20210313,분당선,기흥,6331,6027,12358
20210313,분당선,미금,10553,10869,21422
20210313,분당선,강남구청,5087,6221,11308
20210313,분당선,압구정로데오,17840,20167,38007
20210313,분당선,서울숲,7086,7314,14400
20210313,분당선,영통,6485,6508,12993
20210313,분당선,망포,9020,8161,17181
20210313,분당선,매탄권선,3323,3143,6466
20210313,분당선,수원시청,10329,11420,21749
20210313,분당선,매교,2000,2061,4061
20210313,분당선,청명,2469,2448,4917
20210313,분당선,선릉,5122,7784,12906
20210313,분당선,상갈,3822,3758,7580
20210313,분당선,도곡,4313,3829,8142
20210313,분당선,구룡,1063,1044,2107
20210313,분당선,개포동,2532,2507,5039
20210313,분당선,대모산입구,2288,2054,4342
20210313,분당선,수서,8909,9489,18398
20210313,분당선,수원,7585,6292,13877
20210313,분당선,한티,11109,10805,21914
20210314,분당선,태평,7699,7341,15040
20210314,분당선,가천대,3413,4292,7705
20210314,분당선,선정릉,1933,1990,3923
20210314,분당선,강남구청,3086,3656,6742
20210314,분당선,압구정로데오,9421,10272,19693
20210314,분당선,서울숲,5132,5297,10429
20210314,분당선,수원,5812,4710,10522
20210314,분당선,개포동,1682,1654,3336
20210314,분당선,대모산입구,1707,1652,3359
20210314,분당선,구룡,650,746,1396
20210314,분당선,도곡,2358,2205,4563
20210314,분당선,한티,7537,7222,14759
20210314,분당선,선릉,2652,3934,6586
20210314,분당선,모란,17513,17983,35496
20210314,분당선,수서,7872,7383,15255
20210314,분당선,야탑,11991,12202,24193
20210314,분당선,서현,13023,13103,26126
20210314,분당선,청명,1752,1830,3582
20210314,분당선,수내,5692,5411,11103
20210314,분당선,영통,4372,4363,8735
20210314,분당선,망포,5702,6169,11871
20210314,분당선,매탄권선,2363,2290,4653
20210314,분당선,수원시청,7088,6891,13979
20210314,분당선,상갈,2702,2756,5458
20210314,분당선,기흥,4658,4533,9191
20210314,분당선,매교,1304,1377,2681
20210314,분당선,구성,2167,2252,4419
20210314,분당선,죽전,7534,8488,16022
20210314,분당선,보정,1014,969,1983
20210314,분당선,이매,2918,3043,5961
20210314,분당선,오리,5381,4655,10036
20210314,분당선,미금,6768,7319,14087
20210314,분당선,정자,7013,7181,14194
20210314,분당선,신갈,1899,1962,3861
20210315,분당선,구성,4758,4962,9720
20210315,분당선,미금,15172,16048,31220
20210315,분당선,오리,11575,9902,21477
20210315,분당선,이매,5468,5001,10469
20210315,분당선,보정,2415,2209,4624
20210315,분당선,죽전,12047,13295,25342
20210315,분당선,신갈,4438,4390,8828
20210315,분당선,정자,16837,17811,34648
20210315,분당선,상갈,5245,4976,10221
20210315,분당선,청명,4158,3982,8140
20210315,분당선,영통,7735,8025,15760
20210315,분당선,망포,13489,12979,26468
20210315,분당선,매탄권선,4762,4595,9357
20210315,분당선,수원시청,11846,12468,24314
20210315,분당선,매교,2963,3029,5992
20210315,분당선,기흥,9202,8793,17995
20210315,분당선,수내,12749,12681,25430
20210315,분당선,선릉,13691,20081,33772
20210315,분당선,야탑,24720,25895,50615
20210315,분당선,서현,23279,23419,46698
20210315,분당선,한티,13025,14057,27082
20210315,분당선,도곡,6637,6679,13316
20210315,분당선,구룡,1985,1989,3974
20210315,분당선,대모산입구,3439,3235,6674
20210315,분당선,수서,12941,13197,26138
20210315,분당선,수원,7959,6426,14385
20210315,분당선,개포동,3455,3663,7118
20210315,분당선,압구정로데오,16421,17877,34298
20210315,분당선,강남구청,9549,10821,20370
20210315,분당선,선정릉,8189,8686,16875
20210315,분당선,가천대,9303,10508,19811
20210315,분당선,태평,13079,12806,25885
20210315,분당선,모란,18716,18649,37365
20210315,분당선,서울숲,9238,9345,18583
20210316,분당선,구성,4828,5099,9927
20210316,분당선,미금,15200,16239,31439
20210316,분당선,오리,11811,9912,21723
20210316,분당선,이매,5661,5241,10902
20210316,분당선,보정,2478,2175,4653
20210316,분당선,죽전,13114,14430,27544
20210316,분당선,신갈,4470,4550,9020
20210316,분당선,매교,2949,2961,5910
20210316,분당선,상갈,5269,5123,10392
20210316,분당선,청명,4103,3901,8004
20210316,분당선,영통,7792,8110,15902
20210316,분당선,망포,13760,13210,26970
20210316,분당선,매탄권선,4822,4648,9470
20210316,분당선,수원시청,11884,12459,24343
20210316,분당선,정자,17238,18234,35472
20210316,분당선,기흥,9207,8825,18032
20210316,분당선,수내,12862,13028,25890
20210316,분당선,선릉,13654,20435,34089
20210316,분당선,야탑,25264,26293,51557
20210316,분당선,한티,13294,14265,27559
20210316,분당선,도곡,6674,6726,13400
20210316,분당선,구룡,1942,1897,3839
20210316,분당선,개포동,3584,3816,7400
20210316,분당선,대모산입구,3410,3218,6628
20210316,분당선,수서,12809,12899,25708
20210316,분당선,수원,7748,6342,14090
20210316,분당선,서현,23668,23878,47546
20210316,분당선,압구정로데오,17556,18916,36472
20210316,분당선,강남구청,9895,11332,21227
20210316,분당선,선정릉,8435,8861,17296
20210316,분당선,가천대,9360,10435,19795
20210316,분당선,태평,13249,12971,26220
20210316,분당선,모란,19163,19242,38405
20210316,분당선,서울숲,9587,9755,19342
20210317,분당선,이매,5640,5216,10856
20210317,분당선,보정,2624,2320,4944
20210317,분당선,죽전,13324,14769,28093
20210317,분당선,구성,4872,5182,10054
20210317,분당선,신갈,4623,4655,9278
20210317,분당선,기흥,9185,8785,17970
20210317,분당선,상갈,5462,5182,10644
20210317,분당선,망포,13845,13268,27113
20210317,분당선,영통,8121,8351,16472
20210317,분당선,매탄권선,4805,4726,9531
20210317,분당선,수원시청,12135,12955,25090
20210317,분당선,매교,3019,3090,6109
20210317,분당선,선릉,13768,20344,34112
20210317,분당선,오리,11955,10187,22142
20210317,분당선,청명,4158,3978,8136
20210317,분당선,미금,15625,16400,32025
20210317,분당선,정자,17279,18366,35645
20210317,분당선,한티,13362,14419,27781
20210317,분당선,수내,12890,13103,25993
20210317,분당선,도곡,6673,6799,13472
20210317,분당선,구룡,2002,1953,3955
20210317,분당선,개포동,3765,3920,7685
20210317,분당선,대모산입구,3536,3284,6820
20210317,분당선,수원,7974,6600,14574
20210317,분당선,서울숲,9760,9886,19646
20210317,분당선,수서,12877,13225,26102
20210317,분당선,강남구청,10016,11431,21447
20210317,분당선,선정릉,8335,8801,17136
20210317,분당선,가천대,9455,10564,20019
20210317,분당선,태평,13374,13059,26433
20210317,분당선,모란,19463,19347,38810
20210317,분당선,야탑,25481,26565,52046
20210317,분당선,서현,24047,24139,48186
20210317,분당선,압구정로데오,17849,19463,37312
20210318,분당선,압구정로데오,18224,19872,38096
20210318,분당선,모란,19414,19311,38725
20210318,분당선,태평,13206,12812,26018
20210318,분당선,가천대,9575,10603,20178
20210318,분당선,선정릉,8297,8760,17057
20210318,분당선,강남구청,9970,11453,21423
20210318,분당선,서울숲,9748,9893,19641
20210318,분당선,야탑,25225,26417,51642
20210318,분당선,수서,13400,13682,27082
20210318,분당선,대모산입구,3478,3244,6722
20210318,분당선,개포동,3794,3850,7644
20210318,분당선,구룡,1982,1947,3929
20210318,분당선,도곡,6627,6651,13278
20210318,분당선,한티,13222,14253,27475
20210318,분당선,선릉,13765,20313,34078
20210318,분당선,수원,7976,6673,14649
20210318,분당선,서현,23930,24326,48256
20210318,분당선,매교,3001,3087,6088
20210318,분당선,정자,16949,17957,34906
20210318,분당선,수내,12971,12983,25954
20210318,분당선,수원시청,12055,12675,24730
20210318,분당선,매탄권선,4838,4627,9465
20210318,분당선,망포,13821,13343,27164
20210318,분당선,청명,4279,4041,8320
20210318,분당선,상갈,5404,5093,10497
20210318,분당선,기흥,9172,8740,17912
20210318,분당선,영통,8090,8372,16462
20210318,분당선,구성,5003,5026,10029
20210318,분당선,죽전,13170,14565,27735
20210318,분당선,보정,2524,2266,4790
20210318,분당선,이매,5687,5226,10913
20210318,분당선,오리,12020,10178,22198
20210318,분당선,미금,15295,16240,31535
20210318,분당선,신갈,4495,4558,9053
20210319,분당선,구성,5115,5239,10354
20210319,분당선,미금,16368,17378,33746
20210319,분당선,오리,12481,10491,22972
20210319,분당선,이매,5964,5486,11450
20210319,분당선,보정,2656,2411,5067
20210319,분당선,죽전,14424,15280,29704
20210319,분당선,신갈,4666,4692,9358
20210319,분당선,매교,3125,3115,6240
20210319,분당선,상갈,5610,5384,10994
20210319,분당선,청명,4563,4185,8748
20210319,분당선,영통,8963,9149,18112
20210319,분당선,망포,15402,14107,29509
20210319,분당선,매탄권선,5196,4943,10139
20210319,분당선,수원시청,13226,14735,27961
20210319,분당선,정자,17656,18810,36466
20210319,분당선,기흥,9785,9230,19015
20210319,분당선,수내,13469,13582,27051
20210319,분당선,복정,1,0,1
20210319,분당선,야탑,26613,28019,54632
20210319,분당선,선릉,13724,20497,34221
20210319,분당선,한티,14309,15163,29472
20210319,분당선,도곡,7079,7047,14126
20210319,분당선,구룡,2129,2010,4139
20210319,분당선,개포동,3817,3944,7761
20210319,분당선,대모산입구,3620,3331,6951
20210319,분당선,수서,15167,15881,31048
20210319,분당선,서현,25202,26125,51327
20210319,분당선,서울숲,10396,10395,20791
20210319,분당선,압구정로데오,20485,23055,43540
20210319,분당선,강남구청,10267,11767,22034
20210319,분당선,선정릉,8309,8796,17105
20210319,분당선,가천대,9225,9741,18966
20210319,분당선,태평,14012,13460,27472
20210319,분당선,모란,27219,28057,55276
20210319,분당선,수원,9080,7642,16722
20210320,분당선,야탑,15462,16295,31757
20210320,분당선,모란,14309,14076,28385
20210320,분당선,태평,9607,9121,18728
20210320,분당선,가천대,4648,5125,9773
20210320,분당선,선정릉,3717,3795,7512
20210320,분당선,강남구청,5035,6196,11231
20210320,분당선,압구정로데오,17013,19183,36196
20210320,분당선,대모산입구,2067,1891,3958
20210320,분당선,수원,7026,5601,12627
20210320,분당선,수서,8903,9314,18217
20210320,분당선,개포동,2336,2259,4595
20210320,분당선,구룡,1280,1188,2468
20210320,분당선,도곡,4147,3760,7907
20210320,분당선,한티,10985,10499,21484
20210320,분당선,서현,16845,16843,33688
20210320,분당선,서울숲,5537,5791,11328
20210320,분당선,선릉,4634,7207,11841
20210320,분당선,정자,9921,10056,19977
20210320,분당선,미금,9903,10079,19982
20210320,분당선,수내,7867,7411,15278
20210320,분당선,복정,1,0,1
20210320,분당선,매교,1798,1795,3593
20210320,분당선,수원시청,10381,11323,21704
20210320,분당선,매탄권선,3143,2980,6123
20210320,분당선,영통,6078,5952,12030
20210320,분당선,청명,2494,2423,4917
20210320,분당선,망포,8460,7785,16245
20210320,분당선,기흥,5813,5629,11442
20210320,분당선,신갈,2474,2467,4941
20210320,분당선,구성,2722,2986,5708
20210320,분당선,죽전,8944,10018,18962
20210320,분당선,보정,1388,1248,2636
20210320,분당선,이매,3594,3389,6983
20210320,분당선,오리,7020,5742,12762
20210320,분당선,상갈,3426,3445,6871
20210321,분당선,구성,2098,2318,4416
20210321,분당선,정자,6773,7203,13976
20210321,분당선,미금,6829,7222,14051
20210321,분당선,오리,5094,4499,9593
20210321,분당선,이매,2722,2756,5478
20210321,분당선,보정,1008,894,1902
20210321,분당선,신갈,1821,1866,3687
20210321,분당선,수내,5572,5421,10993
20210321,분당선,상갈,2689,2734,5423
20210321,분당선,청명,1802,1891,3693
20210321,분당선,영통,4462,4527,8989
20210321,분당선,망포,5719,6143,11862
20210321,분당선,매탄권선,2394,2320,4714
20210321,분당선,수원시청,7065,7037,14102
20210321,분당선,기흥,4681,4460,9141
20210321,분당선,서현,12983,12828,25811
20210321,분당선,매교,1293,1351,2644
20210321,분당선,모란,10379,10473,20852
20210321,분당선,죽전,7351,8538,15889
20210321,분당선,선릉,2747,4049,6796
20210321,분당선,한티,7330,7098,14428
20210321,분당선,도곡,2557,2510,5067
20210321,분당선,구룡,709,785,1494
20210321,분당선,개포동,1876,1859,3735
20210321,분당선,대모산입구,1461,1361,2822
20210321,분당선,야탑,12154,12522,24676
20210321,분당선,수원,5643,4688,10331
20210321,분당선,서울숲,4754,4707,9461
20210321,분당선,압구정로데오,10173,10909,21082
20210321,분당선,강남구청,3068,3836,6904
20210321,분당선,선정릉,2094,2281,4375
20210321,분당선,가천대,3372,4199,7571
20210321,분당선,태평,7303,6944,14247
20210321,분당선,수서,7677,7316,14993
20210322,분당선,미금,15202,16036,31238
20210322,분당선,오리,11418,9788,21206
20210322,분당선,보정,2492,2204,4696
20210322,분당선,죽전,12836,14241,27077
20210322,분당선,구성,4832,4959,9791
20210322,분당선,신갈,4440,4426,8866
20210322,분당선,기흥,9168,8562,17730
20210322,분당선,망포,13546,12993,26539
20210322,분당선,청명,4143,3968,8111
20210322,분당선,영통,7767,7982,15749
20210322,분당선,정자,16437,17549,33986
20210322,분당선,매탄권선,4828,4598,9426
20210322,분당선,수원시청,11718,12349,24067
20210322,분당선,매교,2964,3041,6005
20210322,분당선,상갈,5245,4984,10229
20210322,분당선,수내,12786,12823,25609
20210322,분당선,이매,5588,5129,10717
20210322,분당선,야탑,24716,25841,50557
20210322,분당선,서현,22996,23050,46046
20210322,분당선,한티,12906,14000,26906
20210322,분당선,도곡,6673,6820,13493
20210322,분당선,구룡,1990,1994,3984
20210322,분당선,개포동,3527,3665,7192
20210322,분당선,대모산입구,3474,3168,6642
20210322,분당선,수서,12955,12976,25931
20210322,분당선,수원,7777,6454,14231
20210322,분당선,선릉,13515,19949,33464
20210322,분당선,압구정로데오,16342,17536,33878
20210322,분당선,강남구청,9735,10977,20712
20210322,분당선,선정릉,8126,8807,16933
20210322,분당선,가천대,7722,8903,16625
20210322,분당선,태평,13117,12823,25940
20210322,분당선,모란,18923,18976,37899
20210322,분당선,서울숲,9317,9505,18822
20210323,분당선,매탄권선,4782,4712,9494
20210323,분당선,망포,13725,13061,26786
20210323,분당선,영통,7860,8000,15860
20210323,분당선,청명,4231,3974,8205
20210323,분당선,상갈,5316,5090,10406
20210323,분당선,기흥,9386,8897,18283
20210323,분당선,신갈,4542,4513,9055
20210323,분당선,수내,13229,13395,26624
20210323,분당선,죽전,12732,14081,26813
20210323,분당선,보정,2512,2305,4817
20210323,분당선,이매,5573,5145,10718
20210323,분당선,오리,11899,10073,21972
20210323,분당선,미금,15287,16148,31435
20210323,분당선,정자,17074,18036,35110
20210323,분당선,수원시청,11932,12651,24583
20210323,분당선,구성,4829,5077,9906
20210323,분당선,매교,3050,3081,6131
20210323,분당선,가천대,7817,9075,16892
20210323,분당선,한티,13125,14077,27202
20210323,분당선,선릉,13781,20420,34201
20210323,분당선,야탑,25130,26196,51326
20210323,분당선,모란,19551,19253,38804
20210323,분당선,태평,13284,12959,26243
20210323,분당선,선정릉,8424,9001,17425
20210323,분당선,강남구청,9906,11232,21138
20210323,분당선,압구정로데오,18039,19704,37743
20210323,분당선,서현,23268,23698,46966
20210323,분당선,수원,7663,6379,14042
20210323,분당선,복정,2,0,2
20210323,분당선,수서,12911,13186,26097
20210323,분당선,대모산입구,3482,3165,6647
20210323,분당선,개포동,3684,3776,7460
20210323,분당선,구룡,1979,1922,3901
20210323,분당선,도곡,6641,6622,13263
20210323,분당선,서울숲,9851,10004,19855
20210324,분당선,오리,12232,10278,22510
20210324,분당선,미금,15917,16923,32840
20210324,분당선,정자,17565,18570,36135
20210324,분당선,수내,13122,13258,26380
20210324,분당선,서현,24014,24066,48080
20210324,분당선,야탑,25686,26546,52232
20210324,분당선,모란,25479,26466,51945
20210324,분당선,강남구청,10103,11457,21560
20210324,분당선,가천대,8055,9138,17193
20210324,분당선,선정릉,8272,8913,17185
20210324,분당선,압구정로데오,17590,19289,36879
20210324,분당선,서울숲,10033,10177,20210
20210324,분당선,수원,7928,6780,14708
20210324,분당선,수서,13216,13576,26792
20210324,분당선,이매,5633,5237,10870
20210324,분당선,태평,13875,13216,27091
20210324,분당선,대모산입구,3532,3373,6905
20210324,분당선,보정,2572,2240,4812
20210324,분당선,개포동,3830,4046,7876
20210324,분당선,구룡,2033,1977,4010
20210324,분당선,청명,4333,4138,8471
20210324,분당선,상갈,5342,5082,10424
20210324,분당선,기흥,9467,9035,18502
20210324,분당선,구성,4995,5209,10204
20210324,분당선,죽전,13591,14741,28332
20210324,분당선,매교,3010,3106,6116
20210324,분당선,신갈,4605,4619,9224
20210324,분당선,매탄권선,4905,4746,9651
20210324,분당선,망포,13853,13281,27134
20210324,분당선,영통,8097,8385,16482
20210324,분당선,도곡,6860,6799,13659
20210324,분당선,한티,13273,14131,27404
20210324,분당선,선릉,13761,20231,33992
20210324,분당선,수원시청,12163,12941,25104
20210325,분당선,압구정로데오,18229,19958,38187
20210325,분당선,모란,19583,19420,39003
20210325,분당선,태평,13581,13131,26712
20210325,분당선,가천대,7980,9018,16998
20210325,분당선,선정릉,8219,8926,17145
20210325,분당선,강남구청,10071,11439,21510
20210325,분당선,서울숲,10248,10413,20661
20210325,분당선,한티,13169,14066,27235
20210325,분당선,복정,2,0,2
20210325,분당선,수서,13456,13840,27296
20210325,분당선,대모산입구,3492,3262,6754
20210325,분당선,개포동,3761,3862,7623
20210325,분당선,구룡,2036,1982,4018
20210325,분당선,도곡,6668,6721,13389
20210325,분당선,야탑,25549,26381,51930
20210325,분당선,수원,8196,6782,14978
20210325,분당선,서현,23881,24423,48304
20210325,분당선,선릉,13671,20587,34258
20210325,분당선,정자,17255,18262,35517
20210325,분당선,매교,3003,3119,6122
20210325,분당선,수원시청,12235,12889,25124
20210325,분당선,매탄권선,4826,4731,9557
20210325,분당선,망포,14035,13472,27507
20210325,분당선,영통,8252,8345,16597
20210325,분당선,청명,4274,4055,8329
20210325,분당선,상갈,5438,5270,10708
20210325,분당선,수내,13011,13058,26069
20210325,분당선,신갈,4579,4540,9119
20210325,분당선,구성,4980,5059,10039
20210325,분당선,죽전,13505,14953,28458
20210325,분당선,보정,2566,2237,4803
20210325,분당선,이매,5655,5170,10825
20210325,분당선,오리,11910,10161,22071
20210325,분당선,미금,15582,16441,32023
20210325,분당선,기흥,9410,8856,18266
20210326,분당선,야탑,26458,27759,54217
20210326,분당선,모란,20653,20533,41186
20210326,분당선,태평,13866,13384,27250
20210326,분당선,가천대,7942,8658,16600
20210326,분당선,선정릉,8231,8750,16981
20210326,분당선,강남구청,10336,11690,22026
20210326,분당선,압구정로데오,20476,22896,43372
20210326,분당선,대모산입구,3493,2416,5909
20210326,분당선,수원,8969,7659,16628
20210326,분당선,수서,14799,15834,30633
20210326,분당선,개포동,3901,4043,7944
20210326,분당선,구룡,2144,2061,4205
20210326,분당선,도곡,7094,6899,13993
20210326,분당선,한티,14396,15340,29736
20210326,분당선,서현,25306,25887,51193
20210326,분당선,서울숲,10900,10989,21889
20210326,분당선,선릉,13617,20520,34137
20210326,분당선,수내,13368,13521,26889
20210326,분당선,미금,16335,17290,33625
20210326,분당선,정자,17978,19266,37244
20210326,분당선,매교,3150,3265,6415
20210326,분당선,수원시청,13307,14898,28205
20210326,분당선,매탄권선,5307,4953,10260
20210326,분당선,영통,8922,8950,17872
20210326,분당선,청명,4584,4228,8812
20210326,분당선,상갈,5515,5344,10859
20210326,분당선,망포,15160,13909,29069
20210326,분당선,신갈,4743,4733,9476
20210326,분당선,구성,5093,5257,10350
20210326,분당선,죽전,14519,15465,29984
20210326,분당선,보정,2569,2277,4846
20210326,분당선,이매,6056,5477,11533
20210326,분당선,오리,12366,10282,22648
20210326,분당선,기흥,9672,9164,18836
20210327,분당선,강남구청,5040,6030,11070
20210327,분당선,야탑,15596,16263,31859
20210327,분당선,모란,14453,14190,28643
20210327,분당선,태평,9779,9113,18892
20210327,분당선,가천대,4513,5004,9517
20210327,분당선,선정릉,3536,3555,7091
20210327,분당선,압구정로데오,16787,18301,35088
20210327,분당선,한티,11189,10848,22037
20210327,분당선,수원,6626,5591,12217
20210327,분당선,수서,9071,9739,18810
20210327,분당선,대모산입구,2325,2074,4399
20210327,분당선,개포동,2471,2349,4820
20210327,분당선,구룡,1103,1075,2178
20210327,분당선,도곡,4050,3748,7798
20210327,분당선,선릉,4991,7445,12436
20210327,분당선,서울숲,5369,5566,10935
20210327,분당선,서현,16681,16760,33441
20210327,분당선,정자,10097,10385,20482
20210327,분당선,미금,9850,10285,20135
20210327,분당선,매교,1755,1766,3521
20210327,분당선,수원시청,10309,10920,21229
20210327,분당선,매탄권선,2992,2922,5914
20210327,분당선,망포,8439,7713,16152
20210327,분당선,영통,5954,5959,11913
20210327,분당선,청명,2361,2363,4724
20210327,분당선,상갈,3385,3366,6751
20210327,분당선,수내,8067,7701,15768
20210327,분당선,신갈,2490,2476,4966
20210327,분당선,구성,2781,2962,5743
20210327,분당선,죽전,8906,10041,18947
20210327,분당선,보정,1471,1379,2850
20210327,분당선,이매,3796,3679,7475
20210327,분당선,오리,6853,5912,12765
20210327,분당선,기흥,5902,5830,11732
20210328,분당선,모란,9448,9622,19070
20210328,분당선,태평,6783,6476,13259
20210328,분당선,가천대,2989,3831,6820
20210328,분당선,선정릉,1755,1916,3671
20210328,분당선,강남구청,2754,3395,6149
20210328,분당선,압구정로데오,8943,9748,18691
20210328,분당선,서울숲,3983,4021,8004
20210328,분당선,대모산입구,1386,1295,2681
20210328,분당선,수서,7465,6826,14291
20210328,분당선,야탑,10991,11348,22339
20210328,분당선,개포동,1602,1597,3199
20210328,분당선,구룡,1066,1120,2186
20210328,분당선,도곡,2139,2020,4159
20210328,분당선,한티,7214,6937,14151
20210328,분당선,수원,5291,4114,9405
20210328,분당선,서현,11896,11884,23780
20210328,분당선,선릉,2594,3872,6466
20210328,분당선,정자,6554,6644,13198
20210328,분당선,매교,1135,1120,2255
20210328,분당선,수원시청,6529,6487,13016
20210328,분당선,매탄권선,2021,2036,4057
20210328,분당선,망포,5243,5684,10927
20210328,분당선,영통,3939,4030,7969
20210328,분당선,청명,1565,1638,3203
20210328,분당선,상갈,2379,2484,4863
20210328,분당선,수내,5395,5146,10541
20210328,분당선,신갈,1628,1689,3317
20210328,분당선,구성,1892,2098,3990
20210328,분당선,죽전,6338,7320,13658
20210328,분당선,보정,927,825,1752
20210328,분당선,이매,2984,2998,5982
20210328,분당선,오리,4591,4077,8668
20210328,분당선,미금,6193,6477,12670
20210328,분당선,기흥,4097,4050,8147
20210329,분당선,수서,13470,13483,26953
20210329,분당선,대모산입구,3529,3279,6808
20210329,분당선,개포동,3546,3728,7274
20210329,분당선,구룡,1994,1945,3939
20210329,분당선,도곡,6422,6414,12836
20210329,분당선,한티,12979,13784,26763
20210329,분당선,선릉,13450,20223,33673
20210329,분당선,청명,4110,3896,8006
20210329,분당선,기흥,8820,8619,17439
20210329,분당선,상갈,5254,5058,10312
20210329,분당선,영통,7675,7947,15622
20210329,분당선,망포,13636,12912,26548
20210329,분당선,매탄권선,4814,4668,9482
20210329,분당선,수원시청,11863,12401,24264
20210329,분당선,수원,7733,6218,13951
20210329,분당선,신갈,4400,4366,8766
20210329,분당선,매교,2920,2999,5919
20210329,분당선,서울숲,9529,9558,19087
20210329,분당선,강남구청,9734,10869,20603
20210329,분당선,압구정로데오,16214,17497,33711
20210329,분당선,구성,4756,5052,9808
20210329,분당선,죽전,12919,14302,27221
20210329,분당선,보정,2423,2222,4645
20210329,분당선,이매,5665,5232,10897
20210329,분당선,미금,15153,16037,31190
20210329,분당선,정자,16422,17434,33856
20210329,분당선,오리,11552,9834,21386
20210329,분당선,서현,23134,23314,46448
20210329,분당선,야탑,24993,26063,51056
20210329,분당선,모란,24442,25068,49510
20210329,분당선,태평,13322,13034,26356
20210329,분당선,가천대,7974,9327,17301
20210329,분당선,선정릉,8160,8629,16789
20210329,분당선,수내,12586,12446,25032
20210330,분당선,모란,19519,19378,38897
20210330,분당선,태평,13402,13068,26470
20210330,분당선,가천대,8488,9577,18065
20210330,분당선,선정릉,8284,8852,17136
20210330,분당선,강남구청,9812,11348,21160
20210330,분당선,압구정로데오,17987,19656,37643
20210330,분당선,서울숲,10580,10748,21328
20210330,분당선,대모산입구,3439,3311,6750
20210330,분당선,수서,12830,13150,25980
20210330,분당선,개포동,3635,3855,7490
20210330,분당선,구룡,1954,1904,3858
20210330,분당선,도곡,6818,6754,13572
20210330,분당선,한티,13169,14053,27222
20210330,분당선,선릉,13741,20280,34021
20210330,분당선,수원,7782,6537,14319
20210330,분당선,야탑,25162,26181,51343
20210330,분당선,서현,23285,23594,46879
20210330,분당선,정자,16972,18230,35202
20210330,분당선,매교,2959,3079,6038
20210330,분당선,수원시청,12011,12651,24662
20210330,분당선,매탄권선,4930,4735,9665
20210330,분당선,망포,13857,13156,27013
20210330,분당선,영통,7874,8149,16023
20210330,분당선,청명,4066,3984,8050
20210330,분당선,상갈,5302,5096,10398
20210330,분당선,수내,13094,13113,26207
20210330,분당선,신갈,4505,4548,9053
20210330,분당선,구성,4764,4977,9741
20210330,분당선,죽전,13080,14263,27343
20210330,분당선,보정,2467,2200,4667
20210330,분당선,이매,5510,5248,10758
20210330,분당선,오리,11878,10066,21944
20210330,분당선,미금,15591,15828,31419
20210330,분당선,기흥,9163,8836,17999
20210331,분당선,미금,15589,15951,31540
20210331,분당선,오리,11997,10230,22227
20210331,분당선,이매,5595,5202,10797
20210331,분당선,보정,2546,2263,4809
20210331,분당선,죽전,13530,14870,28400
20210331,분당선,구성,5066,5238,10304
20210331,분당선,신갈,4647,4642,9289
20210331,분당선,영통,8323,8485,16808
20210331,분당선,상갈,5430,5156,10586
20210331,분당선,청명,4271,4123,8394
20210331,분당선,망포,14111,13361,27472
20210331,분당선,매탄권선,5102,4818,9920
20210331,분당선,수원시청,12096,12930,25026
20210331,분당선,정자,17169,18222,35391
20210331,분당선,기흥,9196,8802,17998
20210331,분당선,수내,13256,13210,26466
20210331,분당선,매교,2999,3050,6049
20210331,분당선,야탑,25655,26718,52373
20210331,분당선,선릉,13635,20270,33905
20210331,분당선,한티,13576,14631,28207
20210331,분당선,도곡,7175,7087,14262
20210331,분당선,구룡,1985,1925,3910
20210331,분당선,개포동,3924,4158,8082
20210331,분당선,대모산입구,3507,3315,6822
20210331,분당선,수서,12848,13024,25872
20210331,분당선,서현,23830,24321,48151
20210331,분당선,서울숲,12456,13192,25648
20210331,분당선,압구정로데오,17823,19670,37493
20210331,분당선,강남구청,9940,11380,21320
20210331,분당선,선정릉,8239,8772,17011
20210331,분당선,가천대,8354,9477,17831
20210331,분당선,태평,13451,12946,26397
20210331,분당선,모란,19740,19533,39273
20210331,분당선,수원,8023,6592,14615
20210401,분당선,야탑,25436,26310,51746
20210401,분당선,모란,19510,19499,39009
20210401,분당선,태평,13405,13004,26409
20210401,분당선,가천대,8740,9773,18513
20210401,분당선,선정릉,8054,8776,16830
20210401,분당선,강남구청,9963,11231,21194
20210401,분당선,압구정로데오,18135,19987,38122
20210401,분당선,대모산입구,3542,3288,6830
20210401,분당선,수원,8109,6806,14915
20210401,분당선,수서,13123,13451,26574
20210401,분당선,개포동,3854,3960,7814
20210401,분당선,구룡,1937,1960,3897
20210401,분당선,도곡,7242,7028,14270
20210401,분당선,한티,13527,14420,27947
20210401,분당선,서현,23920,24393,48313
20210401,분당선,서울숲,13933,15400,29333
20210401,분당선,선릉,13645,20147,33792
20210401,분당선,수내,13016,13309,26325
20210401,분당선,미금,15187,16109,31296
20210401,분당선,정자,17162,18376,35538
20210401,분당선,매교,3045,3117,6162
20210401,분당선,수원시청,12002,12861,24863
20210401,분당선,매탄권선,4953,4769,9722
20210401,분당선,영통,8218,8378,16596
20210401,분당선,청명,4224,4006,8230
20210401,분당선,상갈,5424,5225,10649
20210401,분당선,망포,13880,13197,27077
20210401,분당선,신갈,4621,4596,9217
20210401,분당선,구성,5121,5240,10361
20210401,분당선,죽전,13387,14617,28004
20210401,분당선,보정,2556,2284,4840
20210401,분당선,이매,5685,5162,10847
20210401,분당선,오리,12078,10191,22269
20210401,분당선,기흥,9429,9063,18492
20210402,분당선,서울숲,15134,16617,31751
20210402,분당선,태평,13850,13346,27196
20210402,분당선,가천대,8253,8817,17070
20210402,분당선,선정릉,8393,8772,17165
20210402,분당선,강남구청,10199,11362,21561
20210402,분당선,압구정로데오,19925,22535,42460
20210402,분당선,수원,8792,7558,16350
20210402,분당선,선릉,13355,19713,33068
20210402,분당선,수서,14654,15799,30453
20210402,분당선,대모산입구,3599,3286,6885
20210402,분당선,개포동,4036,4212,8248
20210402,분당선,구룡,2090,2016,4106
20210402,분당선,도곡,7506,7392,14898
20210402,분당선,한티,14247,15264,29511
20210402,분당선,모란,20615,20338,40953
20210402,분당선,복정,1,0,1
20210402,분당선,야탑,26375,27501,53876
20210402,분당선,상갈,5650,5219,10869
20210402,분당선,수내,13578,13629,27207
20210402,분당선,수원시청,12983,14529,27512
20210402,분당선,매탄권선,5267,4814,10081
20210402,분당선,망포,15051,13893,28944
20210402,분당선,영통,8850,9054,17904
20210402,분당선,청명,4408,4081,8489
20210402,분당선,서현,25093,25858,50951
20210402,분당선,기흥,9763,9258,19021
20210402,분당선,매교,3162,3198,6360
20210402,분당선,구성,5254,5254,10508
20210402,분당선,죽전,14447,15496,29943
20210402,분당선,보정,2540,2304,4844
20210402,분당선,이매,5874,5421,11295
20210402,분당선,오리,12218,10148,22366
20210402,분당선,미금,16091,17078,33169
20210402,분당선,정자,18058,19254,37312
20210402,분당선,신갈,4614,4632,9246
20210403,분당선,망포,7740,7319,15059
20210403,분당선,영통,5574,5555,11129
20210403,분당선,청명,2376,2238,4614
20210403,분당선,상갈,3117,3219,6336
20210403,분당선,기흥,5746,5596,11342
20210403,분당선,신갈,2391,2436,4827
20210403,분당선,구성,2634,2795,5429
20210403,분당선,오리,6491,5393,11884
20210403,분당선,보정,1334,1239,2573
20210403,분당선,이매,3504,3278,6782
20210403,분당선,미금,9315,9470,18785
20210403,분당선,정자,9583,9703,19286
20210403,분당선,수내,7818,7421,15239
20210403,분당선,매탄권선,2755,2789,5544
20210403,분당선,죽전,8431,9418,17849
20210403,분당선,수원시청,9710,10276,19986
20210403,분당선,서현,15786,15736,31522
20210403,분당선,야탑,14743,15448,30191
20210403,분당선,선릉,4551,6900,11451
20210403,분당선,한티,10986,10392,21378
20210403,분당선,도곡,3955,3680,7635
20210403,분당선,구룡,982,988,1970
20210403,분당선,개포동,2333,2265,4598
20210403,분당선,대모산입구,1995,1816,3811
20210403,분당선,수서,8724,9315,18039
20210403,분당선,매교,1630,1613,3243
20210403,분당선,서울숲,5061,5211,10272
20210403,분당선,압구정로데오,15790,17378,33168
20210403,분당선,강남구청,4591,5566,10157
20210403,분당선,선정릉,3355,3446,6801
20210403,분당선,가천대,4426,4979,9405
20210403,분당선,태평,9010,8680,17690
20210403,분당선,모란,13402,13353,26755
20210403,분당선,수원,6224,5372,11596
20210404,분당선,야탑,11994,12386,24380
20210404,분당선,모란,16429,17228,33657
20210404,분당선,태평,7597,7264,14861
20210404,분당선,가천대,3392,4145,7537
20210404,분당선,선정릉,1947,2028,3975
20210404,분당선,강남구청,2875,3403,6278
20210404,분당선,압구정로데오,9322,10339,19661
20210404,분당선,대모산입구,1545,1512,3057
20210404,분당선,수원,5581,4527,10108
20210404,분당선,수서,7947,7245,15192
20210404,분당선,개포동,1949,1934,3883
20210404,분당선,구룡,729,817,1546
20210404,분당선,도곡,2509,2423,4932
20210404,분당선,한티,7415,7330,14745
20210404,분당선,서현,12675,12551,25226
20210404,분당선,서울숲,7616,8422,16038
20210404,분당선,선릉,2605,3803,6408
20210404,분당선,수내,5740,5476,11216
20210404,분당선,미금,6692,7149,13841
20210404,분당선,정자,7032,7269,14301
20210404,분당선,매교,1259,1336,2595
20210404,분당선,수원시청,6720,6505,13225
20210404,분당선,매탄권선,2259,2194,4453
20210404,분당선,영통,4320,4340,8660
20210404,분당선,청명,1736,1767,3503
20210404,분당선,상갈,2641,2779,5420
20210404,분당선,망포,5384,5716,11100
20210404,분당선,신갈,1879,1963,3842
20210404,분당선,구성,2170,2258,4428
20210404,분당선,죽전,7421,8635,16056
20210404,분당선,보정,986,948,1934
20210404,분당선,이매,2973,2981,5954
20210404,분당선,오리,5057,4432,9489
20210404,분당선,기흥,4421,4298,8719
20210405,분당선,서울숲,11135,11552,22687
20210405,분당선,태평,13291,12916,26207
20210405,분당선,가천대,8164,9392,17556
20210405,분당선,선정릉,8312,8877,17189
20210405,분당선,강남구청,9600,10902,20502
20210405,분당선,압구정로데오,16638,18234,34872
20210405,분당선,수원,7866,6642,14508
20210405,분당선,모란,19336,19402,38738
20210405,분당선,대모산입구,3501,3211,6712
20210405,분당선,개포동,3721,3832,7553
20210405,분당선,구룡,2027,1997,4024
20210405,분당선,도곡,6757,6919,13676
20210405,분당선,한티,13110,13999,27109
20210405,분당선,선릉,13418,19947,33365
20210405,분당선,수서,13090,13357,26447
20210405,분당선,야탑,25100,26158,51258
20210405,분당선,서현,23516,23748,47264
20210405,분당선,매교,3041,3123,6164
20210405,분당선,수내,13065,12982,26047
20210405,분당선,수원시청,11756,12401,24157
20210405,분당선,매탄권선,4756,4606,9362
20210405,분당선,망포,13666,12925,26591
20210405,분당선,영통,7776,8045,15821
20210405,분당선,상갈,5377,5068,10445
20210405,분당선,기흥,9340,8889,18229
20210405,분당선,청명,4145,3960,8105
20210405,분당선,구성,4979,5055,10034
20210405,분당선,죽전,12873,14407,27280
20210405,분당선,보정,2558,2288,4846
20210405,분당선,이매,5623,5089,10712
20210405,분당선,오리,11502,9797,21299
20210405,분당선,미금,15149,15987,31136
20210405,분당선,정자,16656,17813,34469
20210405,분당선,신갈,4481,4477,8958
20210406,분당선,압구정로데오,18104,19965,38069
20210406,분당선,모란,19498,19444,38942
20210406,분당선,태평,13515,13154,26669
20210406,분당선,가천대,8415,9582,17997
20210406,분당선,선정릉,8509,8898,17407
20210406,분당선,강남구청,9956,11440,21396
20210406,분당선,서울숲,11088,11467,22555
20210406,분당선,개포동,3788,4001,7789
20210406,분당선,수서,13038,13213,26251
20210406,분당선,대모산입구,3566,3323,6889
20210406,분당선,구룡,2056,2079,4135
20210406,분당선,도곡,6708,6927,13635
20210406,분당선,한티,13471,14310,27781
20210406,분당선,선릉,13583,20194,33777
20210406,분당선,야탑,25375,26274,51649
20210406,분당선,수원,7888,6598,14486
20210406,분당선,서현,23456,23898,47354
20210406,분당선,수내,13288,13363,26651
20210406,분당선,정자,17160,18280,35440
20210406,분당선,수원시청,11896,12599,24495
20210406,분당선,매탄권선,4870,4723,9593
20210406,분당선,망포,13955,13330,27285
20210406,분당선,영통,8024,8373,16397
20210406,분당선,청명,4212,3986,8198
20210406,분당선,상갈,5534,5269,10803
20210406,분당선,기흥,9583,9104,18687
20210406,분당선,매교,3150,3200,6350
20210406,분당선,구성,4964,5206,10170
20210406,분당선,죽전,13233,14603,27836
20210406,분당선,보정,2550,2276,4826
20210406,분당선,이매,5771,5178,10949
20210406,분당선,오리,11807,9945,21752
20210406,분당선,미금,15395,16194,31589
20210406,분당선,신갈,4547,4525,9072
20210407,분당선,태평,13338,12915,26253
20210407,분당선,가천대,8322,9470,17792
20210407,분당선,선정릉,8171,8651,16822
20210407,분당선,강남구청,9691,11063,20754
20210407,분당선,압구정로데오,18100,19668,37768
20210407,분당선,서울숲,11073,11557,22630
20210407,분당선,수원,7962,6655,14617
20210407,분당선,개포동,3860,3987,7847
20210407,분당선,수서,12975,13250,26225
20210407,분당선,대모산입구,3356,3218,6574
20210407,분당선,구룡,2042,2048,4090
20210407,분당선,도곡,6630,6574,13204
20210407,분당선,한티,13219,14115,27334
20210407,분당선,모란,19549,19607,39156
20210407,분당선,선릉,13295,19847,33142
20210407,분당선,복정,1,0,1
20210407,분당선,야탑,25406,26321,51727
20210407,분당선,매교,3036,3145,6181
20210407,분당선,수내,12977,13246,26223
20210407,분당선,수원시청,11929,12762,24691
20210407,분당선,매탄권선,4941,4742,9683
20210407,분당선,망포,13990,13333,27323
20210407,분당선,영통,8061,8458,16519
20210407,분당선,서현,23608,23858,47466
20210407,분당선,상갈,5387,5133,10520
20210407,분당선,기흥,9576,9026,18602
20210407,분당선,청명,4276,4088,8364
20210407,분당선,구성,4979,5275,10254
20210407,분당선,죽전,13299,14472,27771
20210407,분당선,보정,2484,2283,4767
20210407,분당선,이매,5877,5339,11216
20210407,분당선,오리,11951,9972,21923
20210407,분당선,미금,15488,16389,31877
20210407,분당선,정자,17243,18215,35458
20210407,분당선,신갈,4541,4556,9097
20210408,분당선,구성,5036,5211,10247
20210408,분당선,미금,15263,16296,31559
20210408,분당선,오리,11682,9781,21463
20210408,분당선,이매,5613,5286,10899
20210408,분당선,보정,2505,2289,4794
20210408,분당선,죽전,13236,14341,27577
20210408,분당선,신갈,4429,4446,8875
20210408,분당선,정자,17024,18234,35258
20210408,분당선,상갈,5427,5150,10577
20210408,분당선,청명,4315,4106,8421
20210408,분당선,영통,8069,8284,16353
20210408,분당선,망포,13826,13075,26901
20210408,분당선,매탄권선,4830,4819,9649
20210408,분당선,수원시청,11819,12691,24510
20210408,분당선,매교,3068,3130,6198
20210408,분당선,기흥,9474,9039,18513
20210408,분당선,수내,13132,13325,26457
20210408,분당선,서현,23412,23660,47072
20210408,분당선,야탑,25089,26099,51188
20210408,분당선,한티,13293,14270,27563
20210408,분당선,도곡,6476,6595,13071
20210408,분당선,구룡,2037,2023,4060
20210408,분당선,개포동,3761,3922,7683
20210408,분당선,대모산입구,3462,3218,6680
20210408,분당선,수서,13422,13961,27383
20210408,분당선,수원,8054,6825,14879
20210408,분당선,선릉,13426,19981,33407
20210408,분당선,압구정로데오,18364,20109,38473
20210408,분당선,강남구청,9992,11181,21173
20210408,분당선,선정릉,8233,8733,16966
20210408,분당선,가천대,8553,9657,18210
20210408,분당선,태평,13312,12779,26091
20210408,분당선,모란,19383,19205,38588
20210408,분당선,서울숲,11003,11401,22404
20210409,분당선,오리,12420,10319,22739
20210409,분당선,이매,6019,5501,11520
20210409,분당선,보정,2577,2301,4878
20210409,분당선,죽전,14398,15362,29760
20210409,분당선,구성,5153,5247,10400
20210409,분당선,신갈,4689,4704,9393
20210409,분당선,기흥,9884,9321,19205
20210409,분당선,영통,8749,9040,17789
20210409,분당선,청명,4544,4222,8766
20210409,분당선,망포,14987,13648,28635
20210409,분당선,매탄권선,5171,4862,10033
20210409,분당선,수원시청,12851,14291,27142
20210409,분당선,매교,3072,3088,6160
20210409,분당선,미금,16141,17084,33225
20210409,분당선,상갈,5600,5290,10890
20210409,분당선,정자,17743,19033,36776
20210409,분당선,수내,13657,13694,27351
20210409,분당선,선릉,13385,19879,33264
20210409,분당선,서현,25050,25505,50555
20210409,분당선,한티,14278,14996,29274
20210409,분당선,도곡,7054,6952,14006
20210409,분당선,구룡,2183,2011,4194
20210409,분당선,개포동,3957,4101,8058
20210409,분당선,수서,14693,15830,30523
20210409,분당선,수원,8856,7634,16490
20210409,분당선,대모산입구,3609,3386,6995
20210409,분당선,압구정로데오,20063,22765,42828
20210409,분당선,강남구청,10370,11650,22020
20210409,분당선,선정릉,8436,8902,17338
20210409,분당선,가천대,8247,8760,17007
20210409,분당선,태평,14122,13851,27973
20210409,분당선,모란,27331,28314,55645
20210409,분당선,야탑,26486,27660,54146
20210409,분당선,서울숲,12475,12742,25217
20210410,분당선,서울숲,12194,14155,26349
20210410,분당선,태평,10429,9789,20218
20210410,분당선,가천대,4811,5321,10132
20210410,분당선,선정릉,3654,3778,7432
20210410,분당선,강남구청,5305,6309,11614
20210410,분당선,압구정로데오,17268,20106,37374
20210410,분당선,수원,7503,6252,13755
20210410,분당선,모란,15766,15358,31124
20210410,분당선,대모산입구,2206,2022,4228
20210410,분당선,개포동,2576,2446,5022
20210410,분당선,구룡,1188,1161,2349
20210410,분당선,도곡,4493,4017,8510
20210410,분당선,한티,10755,10647,21402
20210410,분당선,선릉,4993,7500,12493
20210410,분당선,복정,1,0,1
20210410,분당선,수서,9521,10303,19824
20210410,분당선,야탑,16721,17399,34120
20210410,분당선,매교,1979,2096,4075
20210410,분당선,수내,8378,7827,16205
20210410,분당선,서현,17020,17068,34088
20210410,분당선,수원시청,10743,11417,22160
20210410,분당선,매탄권선,3406,3202,6608
20210410,분당선,망포,8843,8046,16889
20210410,분당선,영통,6195,6017,12212
20210410,분당선,상갈,3780,3806,7586
20210410,분당선,기흥,6367,6054,12421
20210410,분당선,청명,2627,2520,5147
20210410,분당선,구성,2995,3168,6163
20210410,분당선,죽전,9775,10854,20629
20210410,분당선,보정,1517,1403,2920
20210410,분당선,이매,3995,3919,7914
20210410,분당선,오리,7372,6217,13589
20210410,분당선,미금,10371,10678,21049
20210410,분당선,정자,10609,10755,21364
20210410,분당선,신갈,2672,2700,5372
20210411,분당선,구성,2189,2377,4566
20210411,분당선,도곡,2377,2330,4707
20210411,분당선,한티,7065,7060,14125
20210411,분당선,선릉,2775,4167,6942
20210411,분당선,보정,954,904,1858
20210411,분당선,죽전,7242,8196,15438
20210411,분당선,신갈,1850,1949,3799
20210411,분당선,구룡,727,823,1550
20210411,분당선,상갈,2669,2784,5453
20210411,분당선,청명,1837,1937,3774
20210411,분당선,영통,4173,4217,8390
20210411,분당선,망포,5669,5921,11590
20210411,분당선,매탄권선,2245,2233,4478
20210411,분당선,수원시청,6881,6779,13660
20210411,분당선,매교,1584,1667,3251
20210411,분당선,기흥,4557,4501,9058
20210411,분당선,개포동,1729,1699,3428
20210411,분당선,대모산입구,1650,1550,3200
20210411,분당선,수서,7989,7545,15534
20210411,분당선,오리,5042,4460,9502
20210411,분당선,미금,6873,7305,14178
20210411,분당선,정자,6863,7116,13979
20210411,분당선,수내,5883,5587,11470
20210411,분당선,서현,11957,11990,23947
20210411,분당선,야탑,11914,12181,24095
20210411,분당선,모란,10669,10722,21391
20210411,분당선,이매,2936,2892,5828
20210411,분당선,가천대,3575,4452,8027
20210411,분당선,선정릉,2147,2134,4281
20210411,분당선,강남구청,3091,3728,6819
20210411,분당선,압구정로데오,9913,11073,20986
20210411,분당선,서울숲,9571,10792,20363
20210411,분당선,수원,5736,4743,10479
20210411,분당선,태평,7549,7165,14714
20210412,분당선,가천대,8459,9752,18211
20210412,분당선,선정릉,8164,8490,16654
20210412,분당선,강남구청,9620,10671,20291
20210412,분당선,압구정로데오,15882,16889,32771
20210412,분당선,서울숲,9104,9151,18255
20210412,분당선,수원,7257,6057,13314
20210412,분당선,수서,12888,13004,25892
20210412,분당선,구룡,1962,1959,3921
20210412,분당선,개포동,3594,3803,7397
20210412,분당선,도곡,6455,6596,13051
20210412,분당선,한티,12632,13926,26558
20210412,분당선,선릉,13478,19649,33127
20210412,분당선,매교,2865,2880,5745
20210412,분당선,태평,12895,12526,25421
20210412,분당선,대모산입구,3300,3171,6471
20210412,분당선,모란,18385,18470,36855
20210412,분당선,야탑,23937,24635,48572
20210412,분당선,수원시청,11011,11635,22646
20210412,분당선,서현,21954,22392,44346
20210412,분당선,매탄권선,4565,4548,9113
20210412,분당선,망포,12979,12526,25505
20210412,분당선,영통,7200,7493,14693
20210412,분당선,청명,4003,3898,7901
20210412,분당선,기흥,8973,8479,17452
20210412,분당선,신갈,4165,4174,8339
20210412,분당선,상갈,5114,4968,10082
20210412,분당선,죽전,11985,13373,25358
20210412,분당선,보정,2392,2117,4509
20210412,분당선,이매,5396,4922,10318
20210412,분당선,오리,11124,9332,20456
20210412,분당선,미금,14407,15467,29874
20210412,분당선,정자,15854,16981,32835
20210412,분당선,수내,12228,12315,24543
20210412,분당선,구성,4620,4739,9359
20210413,분당선,구성,4810,5013,9823
20210413,분당선,미금,14914,15827,30741
20210413,분당선,오리,11601,9785,21386
20210413,분당선,이매,5540,5120,10660
20210413,분당선,보정,2475,2171,4646
20210413,분당선,죽전,12746,13859,26605
20210413,분당선,신갈,4492,4419,8911
20210413,분당선,정자,16788,17732,34520
20210413,분당선,상갈,5326,5178,10504
20210413,분당선,청명,4103,3922,8025
20210413,분당선,영통,7724,7869,15593
20210413,분당선,망포,13443,12934,26377
20210413,분당선,매탄권선,4736,4606,9342
20210413,분당선,수원시청,11797,12505,24302
20210413,분당선,매교,2921,3019,5940
20210413,분당선,기흥,9424,8754,18178
20210413,분당선,수내,12774,12802,25576
20210413,분당선,선릉,13520,19972,33492
20210413,분당선,야탑,24794,25523,50317
20210413,분당선,서현,22676,23001,45677
20210413,분당선,한티,13176,14151,27327
20210413,분당선,도곡,6466,6507,12973
20210413,분당선,구룡,1958,1913,3871
20210413,분당선,대모산입구,3375,3221,6596
20210413,분당선,수서,12757,13211,25968
20210413,분당선,수원,7800,6470,14270
20210413,분당선,개포동,3585,3814,7399
20210413,분당선,압구정로데오,17759,19406,37165
20210413,분당선,강남구청,10002,11281,21283
20210413,분당선,선정릉,8407,8900,17307
20210413,분당선,가천대,8670,9797,18467
20210413,분당선,태평,13247,12832,26079
20210413,분당선,모란,19036,19034,38070
20210413,분당선,서울숲,10954,11051,22005
20210414,분당선,신갈,4463,4536,8999
20210414,분당선,오리,11798,9819,21617
20210414,분당선,이매,5750,5271,11021
20210414,분당선,보정,2510,2221,4731
20210414,분당선,죽전,12964,14428,27392
20210414,분당선,구성,4818,5138,9956
20210414,분당선,기흥,9494,8895,18389
20210414,분당선,복정,1,0,1
20210414,분당선,청명,4187,3979,8166
20210414,분당선,영통,8060,8171,16231
20210414,분당선,망포,13656,13163,26819
20210414,분당선,매탄권선,4809,4704,9513
20210414,분당선,수원시청,11786,12545,24331
20210414,분당선,매교,2966,3008,5974
20210414,분당선,미금,15431,16467,31898
20210414,분당선,상갈,5303,5190,10493
20210414,분당선,정자,17147,18170,35317
20210414,분당선,한티,13198,14158,27356
20210414,분당선,서현,23610,23944,47554
20210414,분당선,수내,12693,12749,25442
20210414,분당선,도곡,6619,6657,13276
20210414,분당선,구룡,1967,1992,3959
20210414,분당선,개포동,3892,4089,7981
20210414,분당선,대모산입구,3537,3344,6881
20210414,분당선,수서,13116,13384,26500
20210414,분당선,수원,7820,6412,14232
20210414,분당선,선릉,13534,20198,33732
20210414,분당선,압구정로데오,17948,19551,37499
20210414,분당선,강남구청,10044,11341,21385
20210414,분당선,선정릉,8270,8818,17088
20210414,분당선,가천대,8660,9817,18477
20210414,분당선,태평,13745,13386,27131
20210414,분당선,모란,25243,25905,51148
20210414,분당선,야탑,25410,26239,51649
20210414,분당선,서울숲,11436,11961,23397
20210415,분당선,미금,15187,16109,31296
20210415,분당선,오리,11511,9706,21217
20210415,분당선,이매,5639,5291,10930
20210415,분당선,보정,2530,2240,4770
20210415,분당선,죽전,12905,14273,27178
20210415,분당선,구성,4925,5161,10086
20210415,분당선,신갈,4518,4531,9049
20210415,분당선,영통,7818,8134,15952
20210415,분당선,상갈,5341,5220,10561
20210415,분당선,청명,4173,3977,8150
20210415,분당선,망포,13745,13079,26824
20210415,분당선,매탄권선,4816,4717,9533
20210415,분당선,수원시청,11697,12466,24163
20210415,분당선,매교,2979,3043,6022
20210415,분당선,정자,16653,17678,34331
20210415,분당선,기흥,9552,8816,18368
20210415,분당선,수내,12750,12921,25671
20210415,분당선,야탑,24973,25766,50739
20210415,분당선,선릉,13671,20051,33722
20210415,분당선,서현,23067,23026,46093
20210415,분당선,한티,13138,14155,27293
20210415,분당선,도곡,6605,6501,13106
20210415,분당선,구룡,1974,1957,3931
20210415,분당선,개포동,3741,3965,7706
20210415,분당선,수서,13292,13503,26795
20210415,분당선,복정,1,0,1
20210415,분당선,대모산입구,3478,3192,6670
20210415,분당선,서울숲,12095,12574,24669
20210415,분당선,압구정로데오,18193,19977,38170
20210415,분당선,강남구청,9793,11181,20974
20210415,분당선,선정릉,8270,8791,17061
20210415,분당선,가천대,8725,9709,18434
20210415,분당선,태평,13327,12941,26268
20210415,분당선,모란,19580,19399,38979
20210415,분당선,수원,7918,6619,14537
20210416,분당선,구성,4666,4928,9594
20210416,분당선,미금,15305,16018,31323
20210416,분당선,오리,11431,9467,20898
20210416,분당선,이매,5682,5199,10881
20210416,분당선,보정,2358,2140,4498
20210416,분당선,죽전,13168,14264,27432
20210416,분당선,신갈,4378,4406,8784
20210416,분당선,정자,16601,17587,34188
20210416,분당선,상갈,5320,5039,10359
20210416,분당선,청명,4215,3880,8095
20210416,분당선,영통,8396,8509,16905
20210416,분당선,망포,14685,13496,28181
20210416,분당선,매탄권선,4973,4677,9650
20210416,분당선,수원시청,12339,13789,26128
20210416,분당선,기흥,9145,8927,18072
20210416,분당선,수내,12760,12759,25519
20210416,분당선,매교,2967,3069,6036
20210416,분당선,야탑,25097,26525,51622
20210416,분당선,선릉,13163,19711,32874
20210416,분당선,한티,13665,14601,28266
20210416,분당선,도곡,6676,6665,13341
20210416,분당선,구룡,1986,1906,3892
20210416,분당선,개포동,3773,3969,7742
20210416,분당선,대모산입구,3379,3124,6503
20210416,분당선,수서,14048,15238,29286
20210416,분당선,서현,23748,24108,47856
20210416,분당선,서울숲,10781,10784,21565
20210416,분당선,압구정로데오,19387,21732,41119
20210416,분당선,강남구청,9805,11082,20887
20210416,분당선,선정릉,8220,8681,16901
20210416,분당선,가천대,8120,8705,16825
20210416,분당선,태평,13298,12882,26180
20210416,분당선,모란,19647,19553,39200
20210416,분당선,수원,8250,7032,15282
20210417,분당선,미금,9932,10209,20141
20210417,분당선,오리,7183,5918,13101
20210417,분당선,이매,4104,4015,8119
20210417,분당선,보정,1431,1341,2772
20210417,분당선,죽전,9050,10137,19187
20210417,분당선,구성,2846,3007,5853
20210417,분당선,신갈,2536,2584,5120
20210417,분당선,영통,5640,5656,11296
20210417,분당선,상갈,3489,3525,7014
20210417,분당선,청명,2484,2491,4975
20210417,분당선,망포,8315,7706,16021
20210417,분당선,매탄권선,3092,2974,6066
20210417,분당선,수원시청,9788,10545,20333
20210417,분당선,매교,1899,1917,3816
20210417,분당선,정자,10064,10229,20293
20210417,분당선,기흥,6136,5945,12081
20210417,분당선,수내,7997,7462,15459
20210417,분당선,서현,16234,16439,32673
20210417,분당선,야탑,15828,16730,32558
20210417,분당선,선릉,4961,7458,12419
20210417,분당선,한티,10106,9939,20045
20210417,분당선,도곡,4204,3823,8027
20210417,분당선,구룡,1118,1041,2159
20210417,분당선,대모산입구,2455,2239,4694
20210417,분당선,수서,9333,9859,19192
20210417,분당선,수원,7176,5888,13064
20210417,분당선,개포동,2510,2449,4959
20210417,분당선,압구정로데오,16857,19215,36072
20210417,분당선,강남구청,4857,5838,10695
20210417,분당선,선정릉,3347,3474,6821
20210417,분당선,가천대,4581,5169,9750
20210417,분당선,태평,9831,9363,19194
20210417,분당선,모란,15023,14861,29884
20210417,분당선,서울숲,9897,10593,20490
20210418,분당선,서울숲,10472,12207,22679
20210418,분당선,태평,7361,7019,14380
20210418,분당선,가천대,3057,3836,6893
20210418,분당선,선정릉,2146,2255,4401
20210418,분당선,강남구청,2765,3396,6161
20210418,분당선,압구정로데오,9343,10209,19552
20210418,분당선,수원,5511,4250,9761
20210418,분당선,선릉,2640,3920,6560
20210418,분당선,수서,7806,7341,15147
20210418,분당선,대모산입구,1441,1388,2829
20210418,분당선,개포동,1800,1793,3593
20210418,분당선,구룡,634,714,1348
20210418,분당선,도곡,2378,2229,4607
20210418,분당선,한티,6443,6467,12910
20210418,분당선,모란,10465,10492,20957
20210418,분당선,복정,1,0,1
20210418,분당선,야탑,11436,11538,22974
20210418,분당선,매교,1354,1415,2769
20210418,분당선,수내,5283,4983,10266
20210418,분당선,서현,11516,11460,22976
20210418,분당선,수원시청,6442,6362,12804
20210418,분당선,매탄권선,2139,2156,4295
20210418,분당선,망포,5494,5894,11388
20210418,분당선,영통,4055,4012,8067
20210418,분당선,상갈,2726,2712,5438
20210418,분당선,기흥,4328,4198,8526
20210418,분당선,청명,1735,1774,3509
20210418,분당선,구성,2091,2270,4361
20210418,분당선,죽전,7008,7941,14949
20210418,분당선,보정,949,912,1861
20210418,분당선,이매,2742,2809,5551
20210418,분당선,오리,4754,4174,8928
20210418,분당선,미금,6159,6798,12957
20210418,분당선,정자,6554,6872,13426
20210418,분당선,신갈,1755,1814,3569
20210419,분당선,구성,4815,5078,9893
20210419,분당선,선릉,13180,19813,32993
20210419,분당선,오리,11590,9762,21352
20210419,분당선,이매,5536,5074,10610
20210419,분당선,보정,2423,2209,4632
20210419,분당선,죽전,11635,12960,24595
20210419,분당선,신갈,4413,4428,8841
20210419,분당선,한티,11987,12888,24875
20210419,분당선,상갈,5157,5035,10192
20210419,분당선,미금,15357,16303,31660
20210419,분당선,청명,4160,3900,8060
20210419,분당선,영통,7512,7748,15260
20210419,분당선,망포,13368,12714,26082
20210419,분당선,매탄권선,4802,4662,9464
20210419,분당선,수원시청,11361,12122,23483
20210419,분당선,기흥,9173,8623,17796
20210419,분당선,도곡,6299,6410,12709
20210419,분당선,매교,3151,3213,6364
20210419,분당선,개포동,3613,3833,7446
20210419,분당선,정자,16234,17149,33383
20210419,분당선,수내,11917,11810,23727
20210419,분당선,서현,21999,22121,44120
20210419,분당선,야탑,24756,25771,50527
20210419,분당선,모란,25043,26144,51187
20210419,분당선,태평,13354,12963,26317
20210419,분당선,가천대,8663,9889,18552
20210419,분당선,구룡,1997,1959,3956
20210419,분당선,강남구청,9497,10667,20164
20210419,분당선,압구정로데오,15280,16642,31922
20210419,분당선,서울숲,11475,11785,23260
20210419,분당선,수원,7421,6256,13677
20210419,분당선,복정,1,0,1
20210419,분당선,수서,13226,13312,26538
20210419,분당선,대모산입구,3574,3319,6893
20210419,분당선,선정릉,8231,8782,17013
20210420,분당선,모란,19242,19406,38648
20210420,분당선,태평,13405,13012,26417
20210420,분당선,가천대,11197,12318,23515
20210420,분당선,선정릉,8321,8831,17152
20210420,분당선,강남구청,9764,11364,21128
20210420,분당선,압구정로데오,17908,19405,37313
20210420,분당선,서울숲,11480,11882,23362
20210420,분당선,대모산입구,3547,3251,6798
20210420,분당선,복정,1,0,1
20210420,분당선,수서,12848,13269,26117
20210420,분당선,야탑,24889,25992,50881
20210420,분당선,개포동,3712,3867,7579
20210420,분당선,구룡,2026,1966,3992
20210420,분당선,도곡,6265,6269,12534
20210420,분당선,한티,13255,14240,27495
20210420,분당선,수원,7746,6419,14165
20210420,분당선,서현,23163,23301,46464
20210420,분당선,선릉,13413,19962,33375
20210420,분당선,정자,16388,17586,33974
20210420,분당선,매교,3217,3176,6393
20210420,분당선,수원시청,11883,12639,24522
20210420,분당선,매탄권선,4766,4786,9552
20210420,분당선,망포,13680,13117,26797
20210420,분당선,영통,7810,8110,15920
20210420,분당선,청명,4154,3983,8137
20210420,분당선,상갈,5477,5297,10774
20210420,분당선,수내,12716,12939,25655
20210420,분당선,신갈,4555,4574,9129
20210420,분당선,구성,4883,5009,9892
20210420,분당선,죽전,12784,14263,27047
20210420,분당선,보정,2532,2257,4789
20210420,분당선,이매,5548,5181,10729
20210420,분당선,오리,11741,9913,21654
20210420,분당선,미금,15248,15342,30590
20210420,분당선,기흥,9486,8827,18313
20210421,분당선,야탑,25707,26951,52658
20210421,분당선,모란,19720,19626,39346
20210421,분당선,태평,13588,13038,26626
20210421,분당선,가천대,10967,11979,22946
20210421,분당선,선정릉,8237,8803,17040
20210421,분당선,강남구청,9930,11325,21255
20210421,분당선,압구정로데오,17785,19673,37458
20210421,분당선,대모산입구,3507,3336,6843
20210421,분당선,수원,7922,6635,14557
20210421,분당선,수서,13050,13606,26656
20210421,분당선,개포동,3830,3973,7803
20210421,분당선,구룡,2000,1943,3943
20210421,분당선,도곡,6276,6393,12669
20210421,분당선,한티,13189,14112,27301
20210421,분당선,서현,23184,23344,46528
20210421,분당선,서울숲,11797,12306,24103
20210421,분당선,선릉,13475,19931,33406
20210421,분당선,수내,12799,12928,25727
20210421,분당선,미금,15910,16911,32821
20210421,분당선,정자,16761,17816,34577
20210421,분당선,매교,3198,3266,6464
20210421,분당선,수원시청,11817,12770,24587
20210421,분당선,매탄권선,4920,4753,9673
20210421,분당선,영통,7902,8274,16176
20210421,분당선,청명,4310,4169,8479
20210421,분당선,상갈,5427,5231,10658
20210421,분당선,망포,13967,13220,27187
20210421,분당선,신갈,4681,4646,9327
20210421,분당선,구성,4986,5126,10112
20210421,분당선,죽전,13107,14384,27491
20210421,분당선,보정,2527,2300,4827
20210421,분당선,이매,5591,5238,10829
20210421,분당선,오리,11829,9870,21699
20210421,분당선,기흥,9619,9053,18672
20210422,분당선,야탑,24863,25694,50557
20210422,분당선,모란,19800,19646,39446
20210422,분당선,태평,13408,12926,26334
20210422,분당선,가천대,10784,11560,22344
20210422,분당선,선정릉,8188,8836,17024
20210422,분당선,강남구청,9802,11322,21124
20210422,분당선,압구정로데오,17876,19818,37694
20210422,분당선,대모산입구,3516,3334,6850
20210422,분당선,수원,7954,6633,14587
20210422,분당선,수서,13416,13905,27321
20210422,분당선,개포동,3642,3743,7385
20210422,분당선,구룡,1914,1930,3844
20210422,분당선,도곡,6081,6183,12264
20210422,분당선,서현,23218,23230,46448
20210422,분당선,선릉,13273,19829,33102
20210422,분당선,서울숲,11350,11689,23039
20210422,분당선,한티,13077,13880,26957
20210422,분당선,수내,12732,12790,25522
20210422,분당선,미금,15284,16207,31491
20210422,분당선,매교,3126,3210,6336
20210422,분당선,수원시청,11769,12597,24366
20210422,분당선,매탄권선,4722,4678,9400
20210422,분당선,망포,13907,13129,27036
20210422,분당선,영통,7731,8016,15747
20210422,분당선,청명,4207,4049,8256
20210422,분당선,상갈,5381,5167,10548
20210422,분당선,정자,16773,17778,34551
20210422,분당선,신갈,4446,4494,8940
20210422,분당선,구성,4858,5024,9882
20210422,분당선,죽전,12917,14316,27233
20210422,분당선,보정,2471,2161,4632
20210422,분당선,이매,5605,5168,10773
20210422,분당선,오리,11638,9801,21439
20210422,분당선,기흥,9528,8855,18383
20210423,분당선,오리,11840,9942,21782
20210423,분당선,이매,5628,5254,10882
20210423,분당선,보정,2504,2191,4695
20210423,분당선,죽전,13901,14720,28621
20210423,분당선,구성,4890,5067,9957
20210423,분당선,신갈,4621,4546,9167
20210423,분당선,기흥,9444,8972,18416
20210423,분당선,영통,8287,8581,16868
20210423,분당선,청명,4401,4070,8471
20210423,분당선,망포,14822,13605,28427
20210423,분당선,매탄권선,5059,4765,9824
20210423,분당선,수원시청,12611,14221,26832
20210423,분당선,매교,2830,2847,5677
20210423,분당선,미금,15892,16717,32609
20210423,분당선,상갈,5466,5225,10691
20210423,분당선,정자,17336,18514,35850
20210423,분당선,수내,13166,13281,26447
20210423,분당선,선릉,13290,19937,33227
20210423,분당선,서현,24414,24318,48732
20210423,분당선,한티,14012,14641,28653
20210423,분당선,도곡,6358,6404,12762
20210423,분당선,구룡,2168,1974,4142
20210423,분당선,개포동,3839,4001,7840
20210423,분당선,수서,14677,15762,30439
20210423,분당선,수원,8621,7319,15940
20210423,분당선,대모산입구,3522,3342,6864
20210423,분당선,압구정로데오,20141,22708,42849
20210423,분당선,강남구청,10376,11702,22078
20210423,분당선,선정릉,8219,8899,17118
20210423,분당선,가천대,9856,10499,20355
20210423,분당선,태평,13624,13249,26873
20210423,분당선,모란,20292,20181,40473
20210423,분당선,야탑,25695,27238,52933
20210423,분당선,서울숲,11699,11911,23610
20210424,분당선,압구정로데오,17175,19892,37067
20210424,분당선,모란,22017,22519,44536
20210424,분당선,태평,10511,9878,20389
20210424,분당선,가천대,4979,5379,10358
20210424,분당선,선정릉,3540,3641,7181
20210424,분당선,강남구청,5093,6217,11310
20210424,분당선,서울숲,11287,13071,24358
20210424,분당선,야탑,16226,17154,33380
20210424,분당선,수서,9785,10023,19808
20210424,분당선,대모산입구,2605,2397,5002
20210424,분당선,개포동,2598,2439,5037
20210424,분당선,구룡,1385,1274,2659
20210424,분당선,도곡,4141,3818,7959
20210424,분당선,한티,9879,9819,19698
20210424,분당선,선릉,4745,7337,12082
20210424,분당선,수원,7195,6097,13292
20210424,분당선,서현,16806,16837,33643
20210424,분당선,복정,1,0,1
20210424,분당선,정자,9906,10144,20050
20210424,분당선,수내,8206,7679,15885
20210424,분당선,매교,1960,2105,4065
20210424,분당선,수원시청,10410,11274,21684
20210424,분당선,매탄권선,3262,3110,6372
20210424,분당선,망포,8737,7908,16645
20210424,분당선,청명,2568,2423,4991
20210424,분당선,상갈,3731,3837,7568
20210424,분당선,영통,6029,5890,11919
20210424,분당선,신갈,2637,2702,5339
20210424,분당선,구성,2978,3195,6173
20210424,분당선,죽전,9610,10828,20438
20210424,분당선,보정,1594,1416,3010
20210424,분당선,이매,4011,3773,7784
20210424,분당선,오리,7435,6069,13504
20210424,분당선,미금,10701,10932,21633
20210424,분당선,기흥,6213,6003,12216
20210425,분당선,압구정로데오,9506,10773,20279
20210425,분당선,모란,10598,10534,21132
20210425,분당선,태평,7363,7007,14370
20210425,분당선,가천대,3422,4094,7516
20210425,분당선,선정릉,2117,2309,4426
20210425,분당선,강남구청,2913,3590,6503
20210425,분당선,서울숲,9326,10960,20286
20210425,분당선,야탑,12196,12634,24830
20210425,분당선,수서,7812,7492,15304
20210425,분당선,대모산입구,1639,1605,3244
20210425,분당선,개포동,1811,1786,3597
20210425,분당선,구룡,660,763,1423
20210425,분당선,도곡,2145,2087,4232
20210425,분당선,한티,6306,6367,12673
20210425,분당선,선릉,2735,3899,6634
20210425,분당선,수원,5598,4617,10215
20210425,분당선,서현,11983,11911,23894
20210425,분당선,정자,6744,7098,13842
20210425,분당선,수내,5630,5301,10931
20210425,분당선,수원시청,6615,6586,13201
20210425,분당선,매탄권선,2219,2196,4415
20210425,분당선,망포,5742,6106,11848
20210425,분당선,영통,4213,4191,8404
20210425,분당선,청명,1755,1795,3550
20210425,분당선,상갈,2693,2755,5448
20210425,분당선,기흥,4630,4422,9052
20210425,분당선,매교,1289,1379,2668
20210425,분당선,구성,2178,2355,4533
20210425,분당선,죽전,7016,8005,15021
20210425,분당선,보정,941,976,1917
20210425,분당선,이매,2829,2790,5619
20210425,분당선,오리,4919,4116,9035
20210425,분당선,미금,6417,6891,13308
20210425,분당선,신갈,1873,1874,3747
20210426,분당선,태평,13449,13008,26457
20210426,분당선,가천대,10310,11311,21621
20210426,분당선,선정릉,8392,8708,17100
20210426,분당선,강남구청,9683,11072,20755
20210426,분당선,압구정로데오,16195,17928,34123
20210426,분당선,서울숲,10666,11188,21854
20210426,분당선,수원,8121,6792,14913
20210426,분당선,개포동,3707,3805,7512
20210426,분당선,대모산입구,3606,3314,6920
20210426,분당선,구룡,2113,2073,4186
20210426,분당선,도곡,6342,6422,12764
20210426,분당선,한티,12948,13902,26850
20210426,분당선,선릉,13373,20116,33489
20210426,분당선,모란,19547,19547,39094
20210426,분당선,수서,13310,13455,26765
20210426,분당선,야탑,24717,25930,50647
20210426,분당선,서현,23375,23457,46832
20210426,분당선,매교,2752,2792,5544
20210426,분당선,수내,12738,12684,25422
20210426,분당선,수원시청,12127,12776,24903
20210426,분당선,매탄권선,4920,4744,9664
20210426,분당선,망포,13706,13038,26744
20210426,분당선,영통,7663,7811,15474
20210426,분당선,상갈,5369,5139,10508
20210426,분당선,기흥,9336,8761,18097
20210426,분당선,청명,4249,4067,8316
20210426,분당선,구성,4801,5008,9809
20210426,분당선,죽전,12947,14467,27414
20210426,분당선,보정,2508,2212,4720
20210426,분당선,이매,5666,5157,10823
20210426,분당선,오리,11566,9776,21342
20210426,분당선,미금,15272,16254,31526
20210426,분당선,정자,16500,17504,34004
20210426,분당선,신갈,4471,4483,8954
20210427,분당선,서울숲,10793,11059,21852
20210427,분당선,태평,13335,12972,26307
20210427,분당선,가천대,8945,10064,19009
20210427,분당선,선정릉,8417,8978,17395
20210427,분당선,강남구청,9894,11366,21260
20210427,분당선,압구정로데오,17972,19826,37798
20210427,분당선,수원,7918,6503,14421
20210427,분당선,모란,19431,19386,38817
20210427,분당선,수서,13225,13582,26807
20210427,분당선,대모산입구,3561,3316,6877
20210427,분당선,개포동,3572,3812,7384
20210427,분당선,구룡,2148,2083,4231
20210427,분당선,도곡,6336,6263,12599
20210427,분당선,한티,13356,14233,27589
20210427,분당선,선릉,13448,19978,33426
20210427,분당선,복정,1,0,1
20210427,분당선,야탑,25035,26182,51217
20210427,분당선,매교,3044,3141,6185
20210427,분당선,수내,12865,12888,25753
20210427,분당선,서현,23654,23851,47505
20210427,분당선,수원시청,12100,12906,25006
20210427,분당선,매탄권선,4875,4747,9622
20210427,분당선,망포,13743,13279,27022
20210427,분당선,영통,7640,7832,15472
20210427,분당선,상갈,5444,5284,10728
20210427,분당선,기흥,9541,9030,18571
20210427,분당선,청명,4200,3991,8191
20210427,분당선,구성,4911,5064,9975
20210427,분당선,죽전,13188,14492,27680
20210427,분당선,보정,2501,2191,4692
20210427,분당선,이매,5766,5288,11054
20210427,분당선,오리,11854,9925,21779
20210427,분당선,미금,15141,16052,31193
20210427,분당선,정자,17016,18142,35158
20210427,분당선,신갈,4389,4490,8879
20210428,분당선,서울숲,10940,11155,22095
20210428,분당선,태평,13386,12973,26359
20210428,분당선,가천대,8898,9998,18896
20210428,분당선,선정릉,8298,8842,17140
20210428,분당선,강남구청,10070,11364,21434
20210428,분당선,압구정로데오,18127,20017,38144
20210428,분당선,수원,7873,6442,14315
20210428,분당선,모란,19311,19263,38574
20210428,분당선,대모산입구,3517,3317,6834
20210428,분당선,개포동,3880,3996,7876
20210428,분당선,구룡,2099,2077,4176
20210428,분당선,도곡,6436,6488,12924
20210428,분당선,한티,13308,14001,27309
20210428,분당선,선릉,13486,20132,33618
20210428,분당선,수서,13068,13683,26751
20210428,분당선,야탑,25153,26247,51400
20210428,분당선,서현,23919,24473,48392
20210428,분당선,매교,2954,3061,6015
20210428,분당선,수내,12966,13007,25973
20210428,분당선,수원시청,12080,13076,25156
20210428,분당선,매탄권선,4884,4804,9688
20210428,분당선,망포,13708,13133,26841
20210428,분당선,영통,7907,8120,16027
20210428,분당선,상갈,5365,5115,10480
20210428,분당선,기흥,9292,8878,18170
20210428,분당선,청명,4234,4013,8247
20210428,분당선,구성,4877,5109,9986
20210428,분당선,죽전,13342,14539,27881
20210428,분당선,보정,2493,2196,4689
20210428,분당선,이매,5668,5300,10968
20210428,분당선,오리,11864,9965,21829
20210428,분당선,미금,15384,16252,31636
20210428,분당선,정자,17208,18294,35502
20210428,분당선,신갈,4392,4372,8764
20210429,분당선,구성,5025,5204,10229
20210429,분당선,미금,15534,16526,32060
20210429,분당선,오리,12209,10146,22355
20210429,분당선,이매,5814,5391,11205
20210429,분당선,보정,2525,2215,4740
20210429,분당선,죽전,13676,14976,28652
20210429,분당선,신갈,4486,4504,8990
20210429,분당선,매교,2988,3074,6062
20210429,분당선,상갈,5365,5208,10573
20210429,분당선,청명,4255,4150,8405
20210429,분당선,영통,7929,8110,16039
20210429,분당선,망포,14001,13390,27391
20210429,분당선,매탄권선,4984,4756,9740
20210429,분당선,수원시청,12042,12941,24983
20210429,분당선,정자,17048,18162,35210
20210429,분당선,기흥,9640,9044,18684
20210429,분당선,수내,13037,13175,26212
20210429,분당선,야탑,25423,26504,51927
20210429,분당선,선릉,13467,19994,33461
20210429,분당선,서현,24277,24571,48848
20210429,분당선,한티,13171,14019,27190
20210429,분당선,도곡,6369,6447,12816
20210429,분당선,구룡,2177,2099,4276
20210429,분당선,개포동,3761,3890,7651
20210429,분당선,수서,13813,14277,28090
20210429,분당선,복정,1,0,1
20210429,분당선,대모산입구,3662,3413,7075
20210429,분당선,서울숲,11230,11344,22574
20210429,분당선,압구정로데오,18875,20555,39430
20210429,분당선,강남구청,9854,11378,21232
20210429,분당선,선정릉,8204,8883,17087
20210429,분당선,가천대,9400,10291,19691
20210429,분당선,태평,13661,13230,26891
20210429,분당선,모란,25737,26483,52220
20210429,분당선,수원,8118,6752,14870
20210430,분당선,구성,4901,5226,10127
20210430,분당선,미금,15699,16498,32197
20210430,분당선,오리,11965,10089,22054
20210430,분당선,이매,5870,5359,11229
20210430,분당선,보정,2500,2256,4756
20210430,분당선,죽전,14084,14934,29018
20210430,분당선,신갈,4411,4403,8814
20210430,분당선,정자,17568,18617,36185
20210430,분당선,상갈,5600,5417,11017
20210430,분당선,청명,4530,4187,8717
20210430,분당선,영통,8813,8925,17738
20210430,분당선,망포,15127,13919,29046
20210430,분당선,매탄권선,5320,4952,10272
20210430,분당선,수원시청,12822,14327,27149
20210430,분당선,기흥,9607,9258,18865
20210430,분당선,수내,13325,13168,26493
20210430,분당선,매교,2977,3075,6052
20210430,분당선,야탑,26099,27588,53687
20210430,분당선,서현,25292,26012,51304
20210430,분당선,선릉,13355,19973,33328
20210430,분당선,한티,13965,14658,28623
20210430,분당선,도곡,6548,6543,13091
20210430,분당선,구룡,2138,2012,4150
20210430,분당선,대모산입구,3527,3264,6791
20210430,분당선,수서,14548,15797,30345
20210430,분당선,개포동,3862,4065,7927
20210430,분당선,서울숲,10771,10933,21704
20210430,분당선,압구정로데오,20678,22949,43627
20210430,분당선,강남구청,10167,11602,21769
20210430,분당선,선정릉,8450,8985,17435
20210430,분당선,가천대,8721,9045,17766
20210430,분당선,태평,13776,13164,26940
20210430,분당선,모란,20143,20272,40415
20210430,분당선,수원,8910,7497,16407
20210501,분당선,죽전,9175,10065,19240
20210501,분당선,정자,9284,9561,18845
20210501,분당선,미금,9404,9836,19240
20210501,분당선,오리,6923,5622,12545
20210501,분당선,이매,3852,3761,7613
20210501,분당선,보정,1459,1316,2775
20210501,분당선,구성,2632,2882,5514
20210501,분당선,매교,1611,1717,3328
20210501,분당선,기흥,5919,5689,11608
20210501,분당선,상갈,3474,3580,7054
20210501,분당선,청명,2305,2257,4562
20210501,분당선,영통,5780,5608,11388
20210501,분당선,망포,8114,7487,15601
20210501,분당선,매탄권선,2950,2758,5708
20210501,분당선,수원시청,9971,10784,20755
20210501,분당선,신갈,2349,2440,4789
20210501,분당선,수내,7429,7136,14565
20210501,분당선,서현,16881,16827,33708
20210501,분당선,모란,14171,14032,28203
20210501,분당선,선릉,4454,6955,11409
20210501,분당선,한티,9336,9234,18570
20210501,분당선,도곡,3832,3567,7399
20210501,분당선,구룡,862,826,1688
20210501,분당선,개포동,2026,2027,4053
20210501,분당선,대모산입구,1617,1474,3091
20210501,분당선,수서,8889,9390,18279
20210501,분당선,야탑,15167,16085,31252
20210501,분당선,서울숲,6550,6890,13440
20210501,분당선,압구정로데오,16826,18565,35391
20210501,분당선,강남구청,4797,5815,10612
20210501,분당선,선정릉,3456,3495,6951
20210501,분당선,가천대,4444,5012,9456
20210501,분당선,태평,9437,8837,18274
20210501,분당선,수원,7061,5805,12866
20210502,분당선,오리,5093,4393,9486
20210502,분당선,이매,2958,2915,5873
20210502,분당선,보정,1036,985,2021
20210502,분당선,죽전,7735,8724,16459
20210502,분당선,구성,2349,2376,4725
20210502,분당선,신갈,1830,1894,3724
20210502,분당선,기흥,4620,4555,9175
20210502,분당선,영통,4300,4471,8771
20210502,분당선,청명,1866,1931,3797
20210502,분당선,망포,5862,6087,11949
20210502,분당선,매탄권선,2336,2362,4698
20210502,분당선,수원시청,6914,6861,13775
20210502,분당선,매교,1406,1418,2824
20210502,분당선,미금,6479,7039,13518
20210502,분당선,상갈,2804,2826,5630
20210502,분당선,정자,7073,7267,14340
20210502,분당선,수내,5370,5258,10628
20210502,분당선,선릉,2656,3884,6540
20210502,분당선,서현,12846,12884,25730
20210502,분당선,한티,6580,6644,13224
20210502,분당선,도곡,2285,2277,4562
20210502,분당선,구룡,741,828,1569
20210502,분당선,개포동,1733,1749,3482
20210502,분당선,수서,7972,7505,15477
20210502,분당선,수원,5854,4806,10660
20210502,분당선,대모산입구,1605,1530,3135
20210502,분당선,압구정로데오,10071,11143,21214
20210502,분당선,강남구청,2821,3412,6233
20210502,분당선,선정릉,2073,2226,4299
20210502,분당선,가천대,3656,4469,8125
20210502,분당선,태평,7515,7126,14641
20210502,분당선,모란,10656,10477,21133
20210502,분당선,야탑,12007,12406,24413
20210502,분당선,서울숲,8391,9127,17518
20210503,분당선,압구정로데오,17011,18634,35645
20210503,분당선,모란,19572,19766,39338
20210503,분당선,태평,13242,12876,26118
20210503,분당선,가천대,8715,9798,18513
20210503,분당선,선정릉,8103,8686,16789
20210503,분당선,강남구청,9490,10784,20274
20210503,분당선,서울숲,10815,11210,22025
20210503,분당선,야탑,25042,26082,51124
20210503,분당선,복정,3,0,3
20210503,분당선,수서,13375,13472,26847
20210503,분당선,대모산입구,3504,3313,6817
20210503,분당선,개포동,3783,3987,7770
20210503,분당선,구룡,2009,1964,3973
20210503,분당선,도곡,6215,6344,12559
20210503,분당선,한티,13126,13926,27052
20210503,분당선,수원,8067,6897,14964
20210503,분당선,서현,24397,24520,48917
20210503,분당선,선릉,13347,19847,33194
20210503,분당선,정자,16890,18124,35014
20210503,분당선,매교,3031,3070,6101
20210503,분당선,수원시청,12181,12777,24958
20210503,분당선,매탄권선,5016,4793,9809
20210503,분당선,망포,13812,13159,26971
20210503,분당선,영통,8049,8381,16430
20210503,분당선,청명,4159,3952,8111
20210503,분당선,상갈,5487,5223,10710
20210503,분당선,수내,12881,12699,25580
20210503,분당선,신갈,4416,4432,8848
20210503,분당선,구성,4914,5050,9964
20210503,분당선,죽전,13075,14415,27490
20210503,분당선,보정,2471,2185,4656
20210503,분당선,이매,5607,5203,10810
20210503,분당선,오리,11620,9891,21511
20210503,분당선,미금,14981,16181,31162
20210503,분당선,기흥,9399,8713,18112
20210504,분당선,모란,22972,23247,46219
20210504,분당선,태평,13370,12902,26272
20210504,분당선,가천대,8840,9758,18598
20210504,분당선,선정릉,8403,8832,17235
20210504,분당선,강남구청,9960,11288,21248
20210504,분당선,압구정로데오,18936,20298,39234
20210504,분당선,서울숲,9325,9544,18869
20210504,분당선,개포동,3745,3820,7565
20210504,분당선,수서,13287,14388,27675
20210504,분당선,대모산입구,3443,3247,6690
20210504,분당선,구룡,2055,1950,4005
20210504,분당선,도곡,6310,6257,12567
20210504,분당선,한티,13343,14069,27412
20210504,분당선,야탑,24998,26176,51174
20210504,분당선,수원,8097,6689,14786
20210504,분당선,서현,24316,24755,49071
20210504,분당선,선릉,13657,19954,33611
20210504,분당선,정자,17281,18309,35590
20210504,분당선,매교,2898,3003,5901
20210504,분당선,수원시청,12198,13524,25722
20210504,분당선,매탄권선,4944,4846,9790
20210504,분당선,망포,14042,13316,27358
20210504,분당선,영통,7841,8171,16012
20210504,분당선,청명,4355,4070,8425
20210504,분당선,상갈,5233,5027,10260
20210504,분당선,수내,12801,12839,25640
20210504,분당선,신갈,4393,4431,8824
20210504,분당선,구성,4689,4976,9665
20210504,분당선,죽전,12890,14387,27277
20210504,분당선,보정,2420,2091,4511
20210504,분당선,이매,5545,5111,10656
20210504,분당선,오리,11725,9782,21507
20210504,분당선,미금,15061,15928,30989
20210504,분당선,기흥,9250,8789,18039
20210505,분당선,정자,8233,8606,16839
20210505,분당선,미금,8219,8835,17054
20210505,분당선,오리,5833,4831,10664
20210505,분당선,이매,3075,3010,6085
20210505,분당선,보정,1165,1116,2281
20210505,분당선,죽전,8881,9840,18721
20210505,분당선,구성,2603,2664,5267
20210505,분당선,청명,1996,1960,3956
20210505,분당선,기흥,5410,5193,10603
20210505,분당선,상갈,3373,3403,6776
20210505,분당선,영통,5221,5216,10437
20210505,분당선,망포,6897,6699,13596
20210505,분당선,매탄권선,2719,2632,5351
20210505,분당선,수원시청,7173,7403,14576
20210505,분당선,수내,6472,6288,12760
20210505,분당선,신갈,2178,2233,4411
20210505,분당선,매교,1667,1773,3440
20210505,분당선,서현,15489,15312,30801
20210505,분당선,모란,12750,12797,25547
20210505,분당선,야탑,13174,13734,26908
20210505,분당선,선릉,3219,4848,8067
20210505,분당선,한티,7446,7606,15052
20210505,분당선,도곡,2748,2629,5377
20210505,분당선,개포동,2070,1996,4066
20210505,분당선,대모산입구,1891,1802,3693
20210505,분당선,수서,7173,7139,14312
20210505,분당선,구룡,900,873,1773
20210505,분당선,서울숲,10023,11300,21323
20210505,분당선,압구정로데오,13126,14826,27952
20210505,분당선,강남구청,3537,4141,7678
20210505,분당선,선정릉,2337,2338,4675
20210505,분당선,가천대,4297,5012,9309
20210505,분당선,태평,8745,8641,17386
20210505,분당선,수원,6403,5278,11681
20210506,분당선,압구정로데오,18479,20379,38858
20210506,분당선,모란,19875,19855,39730
20210506,분당선,태평,13679,13097,26776
20210506,분당선,가천대,8902,9848,18750
20210506,분당선,선정릉,8211,8832,17043
20210506,분당선,강남구청,9993,11444,21437
20210506,분당선,서울숲,10796,11259,22055
20210506,분당선,야탑,25593,26677,52270
20210506,분당선,수서,13232,13997,27229
20210506,분당선,대모산입구,3435,3272,6707
20210506,분당선,선릉,13728,20210,33938
20210506,분당선,한티,13233,14217,27450
20210506,분당선,도곡,6131,6137,12268
20210506,분당선,구룡,1703,1676,3379
20210506,분당선,수원,8057,6978,15035
20210506,분당선,서현,24326,24775,49101
20210506,분당선,개포동,3887,3945,7832
20210506,분당선,정자,17154,18174,35328
20210506,분당선,수내,13139,13076,26215
20210506,분당선,수원시청,12079,12858,24937
20210506,분당선,매탄권선,4920,4765,9685
20210506,분당선,망포,13746,13081,26827
20210506,분당선,영통,8130,8259,16389
20210506,분당선,청명,4258,4007,8265
20210506,분당선,상갈,5624,5383,11007
20210506,분당선,매교,2989,3118,6107
20210506,분당선,신갈,4669,4722,9391
20210506,분당선,구성,4986,5149,10135
20210506,분당선,죽전,13355,14659,28014
20210506,분당선,보정,2589,2241,4830
20210506,분당선,이매,5598,5244,10842
20210506,분당선,오리,11627,9794,21421
20210506,분당선,미금,15344,16403,31747
20210506,분당선,기흥,9569,9022,18591
20210507,분당선,선정릉,8029,8741,16770
20210507,분당선,강남구청,10034,11305,21339
20210507,분당선,압구정로데오,19802,22074,41876
20210507,분당선,서울숲,10356,10255,20611
20210507,분당선,수원,8562,7409,15971
20210507,분당선,수서,13793,15311,29104
20210507,분당선,매탄권선,5222,4902,10124
20210507,분당선,개포동,3895,4096,7991
20210507,분당선,매교,2952,2999,5951
20210507,분당선,대모산입구,3427,3204,6631
20210507,분당선,구룡,1709,1706,3415
20210507,분당선,도곡,6244,6157,12401
20210507,분당선,한티,13903,14753,28656
20210507,분당선,가천대,8388,8881,17269
20210507,분당선,선릉,13428,19833,33261
20210507,분당선,수원시청,12815,14175,26990
20210507,분당선,태평,13614,13164,26778
20210507,분당선,망포,14918,13718,28636
20210507,분당선,야탑,25918,27325,53243
20210507,분당선,영통,8582,8653,17235
20210507,분당선,청명,4211,4052,8263
20210507,분당선,상갈,5478,5290,10768
20210507,분당선,기흥,9429,9069,18498
20210507,분당선,신갈,4538,4488,9026
20210507,분당선,구성,4749,5021,9770
20210507,분당선,죽전,13669,14923,28592
20210507,분당선,모란,19902,19901,39803
20210507,분당선,이매,5777,5392,11169
20210507,분당선,오리,11865,9807,21672
20210507,분당선,미금,15707,16397,32104
20210507,분당선,정자,17752,18329,36081
20210507,분당선,수내,13060,13081,26141
20210507,분당선,서현,25056,25655,50711
20210507,분당선,보정,2561,2155,4716
20210508,분당선,수원,6413,5337,11750
20210508,분당선,서울숲,6317,6413,12730
20210508,분당선,압구정로데오,14906,16315,31221
20210508,분당선,강남구청,4384,5044,9428
20210508,분당선,선정릉,2999,2981,5980
20210508,분당선,가천대,4172,4453,8625
20210508,분당선,태평,9496,9020,18516
20210508,분당선,서현,15338,15370,30708
20210508,분당선,야탑,13991,15378,29369
20210508,분당선,수내,7450,7091,14541
20210508,분당선,정자,9049,9203,18252
20210508,분당선,미금,9306,9662,18968
20210508,분당선,오리,6209,5115,11324
20210508,분당선,수서,8578,9245,17823
20210508,분당선,모란,13621,13361,26982
20210508,분당선,대모산입구,2137,1982,4119
20210508,분당선,개포동,2200,2210,4410
20210508,분당선,이매,3534,3440,6974
20210508,분당선,구룡,1041,988,2029
20210508,분당선,보정,1391,1239,2630
20210508,분당선,죽전,8535,9589,18124
20210508,분당선,구성,2597,2782,5379
20210508,분당선,신갈,2324,2388,4712
20210508,분당선,상갈,3487,3529,7016
20210508,분당선,청명,2293,2176,4469
20210508,분당선,기흥,5623,5355,10978
20210508,분당선,망포,7694,7093,14787
20210508,분당선,매탄권선,3001,2927,5928
20210508,분당선,수원시청,9027,9410,18437
20210508,분당선,매교,1841,1840,3681
20210508,분당선,선릉,4292,6312,10604
20210508,분당선,한티,10677,10229,20906
20210508,분당선,도곡,3287,3062,6349
20210508,분당선,영통,5625,5410,11035
20210509,분당선,압구정로데오,9722,10956,20678
20210509,분당선,모란,17431,17954,35385
20210509,분당선,태평,7731,7656,15387
20210509,분당선,가천대,3469,4368,7837
20210509,분당선,선정릉,1937,2111,4048
20210509,분당선,강남구청,2805,3294,6099
20210509,분당선,서울숲,7476,8065,15541
20210509,분당선,야탑,12703,12687,25390
20210509,분당선,수서,8931,7712,16643
20210509,분당선,대모산입구,1683,1698,3381
20210509,분당선,개포동,1990,1952,3942
20210509,분당선,구룡,609,740,1349
20210509,분당선,도곡,2227,2178,4405
20210509,분당선,한티,7608,7474,15082
20210509,분당선,선릉,2702,4011,6713
20210509,분당선,수원,5643,4448,10091
20210509,분당선,서현,13272,13122,26394
20210509,분당선,매교,1374,1382,2756
20210509,분당선,정자,7023,7390,14413
20210509,분당선,수내,5585,5477,11062
20210509,분당선,수원시청,6734,6952,13686
20210509,분당선,매탄권선,2361,2374,4735
20210509,분당선,망포,5710,6211,11921
20210509,분당선,청명,1838,1871,3709
20210509,분당선,상갈,2903,2884,5787
20210509,분당선,기흥,4786,4575,9361
20210509,분당선,영통,4082,4412,8494
20210509,분당선,구성,2342,2409,4751
20210509,분당선,죽전,7442,8587,16029
20210509,분당선,보정,1099,1054,2153
20210509,분당선,이매,3088,3205,6293
20210509,분당선,오리,5163,4478,9641
20210509,분당선,미금,6941,7445,14386
20210509,분당선,신갈,1913,1967,3880
20210510,분당선,수내,12566,12493,25059
20210510,분당선,보정,2508,2169,4677
20210510,분당선,이매,5546,4986,10532
20210510,분당선,오리,11396,9622,21018
20210510,분당선,미금,14867,15819,30686
20210510,분당선,정자,17036,17905,34941
20210510,분당선,서현,22901,23221,46122
20210510,분당선,서울숲,9216,9463,18679
20210510,분당선,모란,18728,18738,37466
20210510,분당선,태평,13135,12804,25939
20210510,분당선,가천대,8379,9637,18016
20210510,분당선,선정릉,8279,8766,17045
20210510,분당선,강남구청,9675,10961,20636
20210510,분당선,압구정로데오,16027,17650,33677
20210510,분당선,죽전,12272,13729,26001
20210510,분당선,야탑,24483,25589,50072
20210510,분당선,구성,4718,4944,9662
20210510,분당선,선릉,13623,20188,33811
20210510,분당선,기흥,9144,8451,17595
20210510,분당선,한티,13076,13935,27011
20210510,분당선,도곡,6354,6319,12673
20210510,분당선,구룡,2001,1976,3977
20210510,분당선,개포동,3723,3897,7620
20210510,분당선,대모산입구,3499,3211,6710
20210510,분당선,수서,13474,13293,26767
20210510,분당선,수원,7354,6026,13380
20210510,분당선,신갈,4373,4307,8680
20210510,분당선,수원시청,11353,12055,23408
20210510,분당선,매탄권선,4643,4570,9213
20210510,분당선,망포,13205,12794,25999
20210510,분당선,영통,7558,7832,15390
20210510,분당선,청명,4070,3846,7916
20210510,분당선,상갈,5165,4932,10097
20210510,분당선,매교,2895,2922,5817
20210511,분당선,미금,15839,16754,32593
20210511,분당선,오리,12169,10153,22322
20210511,분당선,이매,5552,5227,10779
20210511,분당선,보정,2682,2318,5000
20210511,분당선,죽전,13407,14746,28153
20210511,분당선,구성,5145,5324,10469
20210511,분당선,신갈,4539,4660,9199
20210511,분당선,청명,4379,4210,8589
20210511,분당선,상갈,5611,5337,10948
20210511,분당선,영통,8175,8496,16671
20210511,분당선,망포,14215,13375,27590
20210511,분당선,매탄권선,4924,4845,9769
20210511,분당선,수원시청,12249,13055,25304
20210511,분당선,정자,17877,18864,36741
20210511,분당선,기흥,9764,9068,18832
20210511,분당선,매교,3214,3246,6460
20210511,분당선,수내,13192,13284,26476
20210511,분당선,야탑,25435,26530,51965
20210511,분당선,서현,24086,24288,48374
20210511,분당선,선릉,13821,20434,34255
20210511,분당선,한티,13565,14469,28034
20210511,분당선,도곡,6397,6569,12966
20210511,분당선,구룡,2026,1978,4004
20210511,분당선,대모산입구,3617,3395,7012
20210511,분당선,수서,13336,13506,26842
20210511,분당선,개포동,3785,3923,7708
20210511,분당선,서울숲,10992,11162,22154
20210511,분당선,압구정로데오,18594,20515,39109
20210511,분당선,강남구청,10075,11608,21683
20210511,분당선,선정릉,8396,8975,17371
20210511,분당선,가천대,8976,10018,18994
20210511,분당선,태평,13735,13427,27162
20210511,분당선,모란,19830,19887,39717
20210511,분당선,수원,8065,6804,14869
20210512,분당선,압구정로데오,18325,20264,38589
20210512,분당선,모란,19862,19770,39632
20210512,분당선,태평,13548,13134,26682
20210512,분당선,가천대,8808,9769,18577
20210512,분당선,선정릉,8172,8771,16943
20210512,분당선,강남구청,10125,11624,21749
20210512,분당선,서울숲,10813,11068,21881
20210512,분당선,야탑,25800,26870,52670
20210512,분당선,복정,2,0,2
20210512,분당선,수서,13409,13792,27201
20210512,분당선,대모산입구,3611,3343,6954
20210512,분당선,선릉,13690,20406,34096
20210512,분당선,구룡,2044,1934,3978
20210512,분당선,도곡,6451,6557,13008
20210512,분당선,한티,13741,14693,28434
20210512,분당선,수원,8133,6730,14863
20210512,분당선,서현,23947,24393,48340
20210512,분당선,개포동,4046,4255,8301
20210512,분당선,정자,17840,18809,36649
20210512,분당선,망포,14285,13663,27948
20210512,분당선,매교,3205,3244,6449
20210512,분당선,수원시청,12436,13376,25812
20210512,분당선,매탄권선,4992,4809,9801
20210512,분당선,영통,8314,8524,16838
20210512,분당선,청명,4378,4189,8567
20210512,분당선,상갈,5566,5309,10875
20210512,분당선,수내,13275,13343,26618
20210512,분당선,신갈,4668,4704,9372
20210512,분당선,구성,5095,5337,10432
20210512,분당선,죽전,13556,15198,28754
20210512,분당선,보정,2767,2309,5076
20210512,분당선,이매,5800,5271,11071
20210512,분당선,오리,12113,10082,22195
20210512,분당선,미금,16007,16965,32972
20210512,분당선,기흥,9713,9102,18815
20210513,분당선,미금,15494,16423,31917
20210513,분당선,오리,11874,9967,21841
20210513,분당선,이매,5711,5310,11021
20210513,분당선,보정,2639,2324,4963
20210513,분당선,죽전,13342,14909,28251
20210513,분당선,구성,5115,5257,10372
20210513,분당선,신갈,4634,4592,9226
20210513,분당선,영통,8248,8395,16643
20210513,분당선,상갈,5552,5413,10965
20210513,분당선,청명,4294,4158,8452
20210513,분당선,망포,13990,13328,27318
20210513,분당선,매탄권선,4965,4854,9819
20210513,분당선,수원시청,12247,13143,25390
20210513,분당선,정자,17699,18672,36371
20210513,분당선,기흥,9782,9076,18858
20210513,분당선,수내,13333,13437,26770
20210513,분당선,매교,3105,3226,6331
20210513,분당선,야탑,25481,26714,52195
20210513,분당선,선릉,13767,20402,34169
20210513,분당선,한티,13593,14545,28138
20210513,분당선,도곡,6606,6535,13141
20210513,분당선,구룡,2025,1965,3990
20210513,분당선,개포동,3887,4061,7948
20210513,분당선,대모산입구,3523,3315,6838
20210513,분당선,수서,13684,14016,27700
20210513,분당선,서현,24113,24523,48636
20210513,분당선,서울숲,11185,11234,22419
20210513,분당선,압구정로데오,18705,20638,39343
20210513,분당선,강남구청,10066,11585,21651
20210513,분당선,선정릉,8351,9028,17379
20210513,분당선,가천대,8795,9366,18161
20210513,분당선,태평,13426,13028,26454
20210513,분당선,모란,19808,19783,39591
20210513,분당선,수원,8174,6731,14905
20210514,분당선,정자,18713,19754,38467
20210514,분당선,미금,16527,17360,33887
20210514,분당선,오리,12547,10363,22910
20210514,분당선,이매,6071,5713,11784
20210514,분당선,보정,2726,2355,5081
20210514,분당선,죽전,14577,15996,30573
20210514,분당선,구성,5253,5382,10635
20210514,분당선,청명,4728,4373,9101
20210514,분당선,기흥,9986,9496,19482
20210514,분당선,상갈,5763,5461,11224
20210514,분당선,영통,9158,9322,18480
20210514,분당선,망포,15488,14242,29730
20210514,분당선,매탄권선,5401,5072,10473
20210514,분당선,수원시청,13442,15128,28570
20210514,분당선,수내,13970,13898,27868
20210514,분당선,신갈,4805,4787,9592
20210514,분당선,매교,3223,3311,6534
20210514,분당선,서현,25894,26310,52204
20210514,분당선,모란,26678,27356,54034
20210514,분당선,야탑,27113,28388,55501
20210514,분당선,선릉,13980,20656,34636
20210514,분당선,한티,14520,15710,30230
20210514,분당선,도곡,6893,6996,13889
20210514,분당선,개포동,4162,4273,8435
20210514,분당선,대모산입구,3795,3404,7199
20210514,분당선,수서,15371,16373,31744
20210514,분당선,구룡,2308,2133,4441
20210514,분당선,서울숲,11997,12116,24113
20210514,분당선,압구정로데오,21384,24062,45446
20210514,분당선,강남구청,10573,12176,22749
20210514,분당선,선정릉,8550,9097,17647
20210514,분당선,가천대,8669,8970,17639
20210514,분당선,태평,14159,13652,27811
20210514,분당선,수원,8959,7812,16771
20210515,분당선,구성,2918,3152,6070
20210515,분당선,오리,7259,5933,13192
20210515,분당선,이매,3774,3741,7515
20210515,분당선,복정,2,0,2
20210515,분당선,보정,1496,1391,2887
20210515,분당선,죽전,10063,11152,21215
20210515,분당선,신갈,2620,2680,5300
20210515,분당선,매교,1938,1965,3903
20210515,분당선,상갈,3706,3696,7402
20210515,분당선,청명,2575,2501,5076
20210515,분당선,영통,6141,6217,12358
20210515,분당선,망포,8860,8096,16956
20210515,분당선,매탄권선,3263,3145,6408
20210515,분당선,수원시청,10405,11110,21515
20210515,분당선,미금,10287,10781,21068
20210515,분당선,기흥,6274,5994,12268
20210515,분당선,정자,10311,10610,20921
20210515,분당선,가천대,5093,5563,10656
20210515,분당선,서현,17456,17371,34827
20210515,분당선,수내,8374,8000,16374
20210515,분당선,선릉,5094,7858,12952
20210515,분당선,한티,11768,11348,23116
20210515,분당선,도곡,4725,4169,8894
20210515,분당선,구룡,1857,1745,3602
20210515,분당선,대모산입구,2245,2032,4277
20210515,분당선,수서,9761,10243,20004
20210515,분당선,개포동,2580,2518,5098
20210515,분당선,서울숲,6493,6686,13179
20210515,분당선,압구정로데오,18393,20099,38492
20210515,분당선,강남구청,5281,6205,11486
20210515,분당선,선정릉,3745,3792,7537
20210515,분당선,태평,9910,9509,19419
20210515,분당선,모란,14671,14770,29441
20210515,분당선,야탑,16091,16926,33017
20210515,분당선,수원,7232,6100,13332
20210516,분당선,구성,1874,2013,3887
20210516,분당선,미금,5817,6289,12106
20210516,분당선,오리,4199,3583,7782
20210516,분당선,이매,2407,2551,4958
20210516,분당선,보정,862,844,1706
20210516,분당선,죽전,6302,7315,13617
20210516,분당선,신갈,1556,1597,3153
20210516,분당선,매교,1255,1180,2435
20210516,분당선,상갈,2150,2310,4460
20210516,분당선,청명,1534,1590,3124
20210516,분당선,망포,4969,5285,10254
20210516,분당선,매탄권선,1898,1906,3804
20210516,분당선,수원시청,6152,6143,12295
20210516,분당선,정자,6042,6169,12211
20210516,분당선,기흥,4059,3889,7948
20210516,분당선,수내,4894,4883,9777
20210516,분당선,영통,3918,3944,7862
20210516,분당선,야탑,10538,10658,21196
20210516,분당선,서현,11028,10824,21852
20210516,분당선,선릉,2441,3498,5939
20210516,분당선,한티,7064,6633,13697
20210516,분당선,도곡,2055,2106,4161
20210516,분당선,구룡,506,592,1098
20210516,분당선,대모산입구,1131,1107,2238
20210516,분당선,수서,7296,7015,14311
20210516,분당선,개포동,1528,1556,3084
20210516,분당선,서울숲,3310,3469,6779
20210516,분당선,압구정로데오,8997,9585,18582
20210516,분당선,강남구청,2585,3108,5693
20210516,분당선,선정릉,1907,1919,3826
20210516,분당선,가천대,3293,3950,7243
20210516,분당선,태평,6575,6151,12726
20210516,분당선,모란,8768,8951,17719
20210516,분당선,수원,4706,3957,8663
20210517,분당선,서울숲,9331,9462,18793
20210517,분당선,태평,13255,12951,26206
20210517,분당선,가천대,7995,9005,17000
20210517,분당선,선정릉,8208,8772,16980
20210517,분당선,강남구청,9864,11269,21133
20210517,분당선,압구정로데오,16749,18240,34989
20210517,분당선,수원,7477,6357,13834
20210517,분당선,선릉,13565,20217,33782
20210517,분당선,수서,13063,13465,26528
20210517,분당선,대모산입구,3459,3151,6610
20210517,분당선,개포동,3828,3875,7703
20210517,분당선,구룡,1939,1956,3895
20210517,분당선,도곡,6576,6745,13321
20210517,분당선,한티,13203,14274,27477
20210517,분당선,매교,2945,2943,5888
20210517,분당선,복정,1,0,1
20210517,분당선,수원시청,11707,12375,24082
20210517,분당선,기흥,9039,8440,17479
20210517,분당선,망포,13492,12857,26349
20210517,분당선,모란,18957,18889,37846
20210517,분당선,야탑,24285,25492,49777
20210517,분당선,서현,23007,23307,46314
20210517,분당선,수내,12673,12577,25250
20210517,분당선,매탄권선,4730,4602,9332
20210517,분당선,미금,14791,15641,30432
20210517,분당선,오리,11483,9533,21016
20210517,분당선,정자,17089,18056,35145
20210517,분당선,보정,2441,2146,4587
20210517,분당선,죽전,11719,13009,24728
20210517,분당선,구성,4731,4905,9636
20210517,분당선,신갈,4417,4342,8759
20210517,분당선,상갈,5113,4873,9986
20210517,분당선,청명,4058,3949,8007
20210517,분당선,영통,7759,7921,15680
20210517,분당선,이매,5582,5034,10616
20210518,분당선,압구정로데오,20036,22334,42370
20210518,분당선,모란,20507,20904,41411
20210518,분당선,태평,14007,13618,27625
20210518,분당선,가천대,8546,9138,17684
20210518,분당선,선정릉,8577,9097,17674
20210518,분당선,강남구청,10523,12100,22623
20210518,분당선,서울숲,11255,11475,22730
20210518,분당선,야탑,26764,27963,54727
20210518,분당선,수서,14258,14802,29060
20210518,분당선,대모산입구,3742,3454,7196
20210518,분당선,개포동,4005,4080,8085
20210518,분당선,구룡,2102,2006,4108
20210518,분당선,도곡,7105,7036,14141
20210518,분당선,한티,14138,14890,29028
20210518,분당선,선릉,14160,21198,35358
20210518,분당선,수원,8590,7236,15826
20210518,분당선,서현,25290,25582,50872
20210518,분당선,매교,3130,3185,6315
20210518,분당선,정자,18551,19774,38325
20210518,분당선,수원시청,13271,14802,28073
20210518,분당선,매탄권선,5174,4960,10134
20210518,분당선,망포,15451,14358,29809
20210518,분당선,영통,8502,8729,17231
20210518,분당선,청명,4543,4304,8847
20210518,분당선,상갈,5655,5463,11118
20210518,분당선,기흥,10062,9516,19578
20210518,분당선,수내,13551,13588,27139
20210518,분당선,구성,5111,5258,10369
20210518,분당선,죽전,13944,15348,29292
20210518,분당선,보정,2727,2324,5051
20210518,분당선,이매,6026,5509,11535
20210518,분당선,오리,12273,10330,22603
20210518,분당선,미금,16292,17165,33457
20210518,분당선,신갈,4722,4682,9404
20210519,분당선,태평,9845,9368,19213
20210519,분당선,가천대,4613,5355,9968
20210519,분당선,선정릉,2830,2835,5665
20210519,분당선,강남구청,3799,4576,8375
20210519,분당선,압구정로데오,14112,16021,30133
20210519,분당선,서울숲,10178,10884,21062
20210519,분당선,수원,6579,5401,11980
20210519,분당선,개포동,2287,2243,4530
20210519,분당선,대모산입구,2109,2015,4124
20210519,분당선,구룡,1105,1072,2177
20210519,분당선,도곡,3253,3043,6296
20210519,분당선,한티,8291,8450,16741
20210519,분당선,선릉,3531,5102,8633
20210519,분당선,모란,19719,20394,40113
20210519,분당선,수서,8017,8205,16222
20210519,분당선,야탑,14040,14557,28597
20210519,분당선,서현,16292,16339,32631
20210519,분당선,매교,1847,1956,3803
20210519,분당선,수내,7278,7040,14318
20210519,분당선,수원시청,7722,7863,15585
20210519,분당선,매탄권선,2905,2725,5630
20210519,분당선,망포,7588,7231,14819
20210519,분당선,영통,5407,5453,10860
20210519,분당선,상갈,3698,3707,7405
20210519,분당선,기흥,5839,5560,11399
20210519,분당선,청명,2377,2297,4674
20210519,분당선,구성,2969,3113,6082
20210519,분당선,죽전,9559,10561,20120
20210519,분당선,보정,1358,1299,2657
20210519,분당선,이매,3605,3520,7125
20210519,분당선,오리,6448,5369,11817
20210519,분당선,미금,9072,9552,18624
20210519,분당선,정자,9070,9445,18515
20210519,분당선,신갈,2442,2516,4958
20210520,분당선,압구정로데오,18364,19945,38309
20210520,분당선,모란,19131,19168,38299
20210520,분당선,태평,13290,12875,26165
20210520,분당선,가천대,8481,9498,17979
20210520,분당선,선정릉,8482,8880,17362
20210520,분당선,강남구청,10177,11541,21718
20210520,분당선,서울숲,9932,10013,19945
20210520,분당선,야탑,24869,25688,50557
20210520,분당선,수서,13348,13771,27119
20210520,분당선,대모산입구,3558,3324,6882
20210520,분당선,개포동,3801,3915,7716
20210520,분당선,구룡,1972,1937,3909
20210520,분당선,도곡,6581,6649,13230
20210520,분당선,한티,13385,14506,27891
20210520,분당선,선릉,13816,20643,34459
20210520,분당선,수원,7745,6492,14237
20210520,분당선,서현,23596,23723,47319
20210520,분당선,매교,3010,3095,6105
20210520,분당선,정자,17431,18189,35620
20210520,분당선,수내,13087,13182,26269
20210520,분당선,수원시청,11903,12460,24363
20210520,분당선,매탄권선,4671,4672,9343
20210520,분당선,망포,13489,12999,26488
20210520,분당선,청명,4110,4025,8135
20210520,분당선,상갈,5282,5078,10360
20210520,분당선,기흥,9405,8864,18269
20210520,분당선,영통,7931,8173,16104
20210520,분당선,구성,4875,5147,10022
20210520,분당선,죽전,12927,14591,27518
20210520,분당선,보정,2542,2260,4802
20210520,분당선,이매,5609,5318,10927
20210520,분당선,오리,11737,9889,21626
20210520,분당선,미금,15378,16381,31759
20210520,분당선,신갈,4443,4495,8938
20210521,분당선,서울숲,10538,10652,21190
20210521,분당선,태평,13639,13130,26769
20210521,분당선,가천대,8354,8926,17280
20210521,분당선,선정릉,8488,8921,17409
20210521,분당선,강남구청,10357,11577,21934
20210521,분당선,압구정로데오,20261,22571,42832
20210521,분당선,수원,8521,7175,15696
20210521,분당선,복정,1,0,1
20210521,분당선,대모산입구,3518,3286,6804
20210521,분당선,개포동,3986,4092,8078
20210521,분당선,구룡,2124,1983,4107
20210521,분당선,도곡,6888,6783,13671
20210521,분당선,한티,14273,15284,29557
20210521,분당선,선릉,13849,20569,34418
20210521,분당선,모란,19939,19746,39685
20210521,분당선,수서,14499,15637,30136
20210521,분당선,야탑,25804,27319,53123
20210521,분당선,수원시청,12880,14229,27109
20210521,분당선,수내,13423,13195,26618
20210521,분당선,매탄권선,5065,4816,9881
20210521,분당선,망포,14696,13673,28369
20210521,분당선,영통,8557,8625,17182
20210521,분당선,청명,4427,4100,8527
20210521,분당선,상갈,5620,5254,10874
20210521,분당선,기흥,9412,8997,18409
20210521,분당선,신갈,4609,4553,9162
20210521,분당선,매교,3031,3097,6128
20210521,분당선,죽전,13799,15015,28814
20210521,분당선,구성,5017,5226,10243
20210521,분당선,정자,18121,19073,37194
20210521,분당선,미금,15755,16427,32182
20210521,분당선,서현,24705,25403,50108
20210521,분당선,이매,5804,5384,11188
20210521,분당선,보정,2592,2187,4779
20210521,분당선,오리,11980,9939,21919
20210522,분당선,모란,15612,15467,31079
20210522,분당선,태평,10452,9829,20281
20210522,분당선,가천대,5039,5575,10614
20210522,분당선,선정릉,3823,3993,7816
20210522,분당선,강남구청,5328,6565,11893
20210522,분당선,압구정로데오,18296,20823,39119
20210522,분당선,서울숲,10456,11425,21881
20210522,분당선,복정,1,0,1
20210522,분당선,수서,9880,10152,20032
20210522,분당선,개포동,2671,2611,5282
20210522,분당선,구룡,1270,1177,2447
20210522,분당선,도곡,4426,4022,8448
20210522,분당선,한티,11273,11060,22333
20210522,분당선,야탑,16927,17643,34570
20210522,분당선,선릉,5080,7782,12862
20210522,분당선,수원,7600,6333,13933
20210522,분당선,대모산입구,2531,2345,4876
20210522,분당선,서현,17996,18026,36022
20210522,분당선,정자,10721,10998,21719
20210522,분당선,수내,8455,7831,16286
20210522,분당선,매교,2099,2170,4269
20210522,분당선,수원시청,10941,11873,22814
20210522,분당선,매탄권선,3505,3231,6736
20210522,분당선,망포,9068,8351,17419
20210522,분당선,청명,2724,2674,5398
20210522,분당선,상갈,3941,3927,7868
20210522,분당선,영통,6520,6396,12916
20210522,분당선,신갈,2806,2852,5658
20210522,분당선,구성,3236,3341,6577
20210522,분당선,죽전,10310,11445,21755
20210522,분당선,보정,1685,1531,3216
20210522,분당선,이매,4061,3957,8018
20210522,분당선,오리,7545,6342,13887
20210522,분당선,미금,10620,11005,21625
20210522,분당선,기흥,6558,6382,12940
20210523,분당선,죽전,7272,8289,15561
20210523,분당선,정자,6908,7208,14116
20210523,분당선,미금,6697,7196,13893
20210523,분당선,오리,5142,4484,9626
20210523,분당선,이매,2848,2905,5753
20210523,분당선,보정,1047,1042,2089
20210523,분당선,구성,2253,2403,4656
20210523,분당선,수내,5793,5672,11465
20210523,분당선,기흥,4744,4567,9311
20210523,분당선,상갈,2749,2782,5531
20210523,분당선,청명,1796,1902,3698
20210523,분당선,영통,4244,4456,8700
20210523,분당선,망포,5639,6040,11679
20210523,분당선,매탄권선,2412,2312,4724
20210523,분당선,수원시청,6861,7040,13901
20210523,분당선,신갈,1854,1847,3701
20210523,분당선,서현,12259,12291,24550
20210523,분당선,매교,1336,1403,2739
20210523,분당선,모란,10402,10506,20908
20210523,분당선,복정,1,0,1
20210523,분당선,선릉,2754,3937,6691
20210523,분당선,한티,7650,7527,15177
20210523,분당선,도곡,2382,2243,4625
20210523,분당선,구룡,750,848,1598
20210523,분당선,개포동,1913,1900,3813
20210523,분당선,대모산입구,1644,1592,3236
20210523,분당선,야탑,11945,12349,24294
20210523,분당선,수원,5756,4632,10388
20210523,분당선,서울숲,7074,7341,14415
20210523,분당선,압구정로데오,9895,11048,20943
20210523,분당선,강남구청,2906,3522,6428
20210523,분당선,선정릉,2297,2497,4794
20210523,분당선,가천대,3584,4311,7895
20210523,분당선,태평,7411,7088,14499
20210523,분당선,수서,8216,7660,15876
20210524,분당선,야탑,25596,26498,52094
20210524,분당선,모란,24918,25688,50606
20210524,분당선,태평,13790,13304,27094
20210524,분당선,가천대,8317,9474,17791
20210524,분당선,선정릉,8226,8951,17177
20210524,분당선,강남구청,10033,11392,21425
20210524,분당선,압구정로데오,16784,18383,35167
20210524,분당선,대모산입구,3680,3444,7124
20210524,분당선,수원,7939,6486,14425
20210524,분당선,수서,13594,13822,27416
20210524,분당선,서현,23590,24151,47741
20210524,분당선,개포동,3770,3926,7696
20210524,분당선,구룡,2079,2062,4141
20210524,분당선,도곡,6605,6629,13234
20210524,분당선,한티,12629,12965,25594
20210524,분당선,서울숲,10602,10891,21493
20210524,분당선,수내,12319,12223,24542
20210524,분당선,선릉,13787,20564,34351
20210524,분당선,미금,15561,16552,32113
20210524,분당선,복정,1,0,1
20210524,분당선,매교,3124,3196,6320
20210524,분당선,수원시청,12133,12912,25045
20210524,분당선,매탄권선,4916,4804,9720
20210524,분당선,망포,13595,13171,26766
20210524,분당선,영통,8204,8409,16613
20210524,분당선,청명,4313,4081,8394
20210524,분당선,정자,17404,18264,35668
20210524,분당선,기흥,9664,9029,18693
20210524,분당선,신갈,4620,4594,9214
20210524,분당선,구성,5017,5171,10188
20210524,분당선,죽전,13108,14558,27666
20210524,분당선,보정,2554,2270,4824
20210524,분당선,이매,5720,5327,11047
20210524,분당선,오리,11875,10048,21923
20210524,분당선,상갈,5460,5199,10659
20210525,분당선,정자,17394,18332,35726
20210525,분당선,미금,15471,16258,31729
20210525,분당선,오리,11855,9970,21825
20210525,분당선,이매,5642,5169,10811
20210525,분당선,보정,2605,2249,4854
20210525,분당선,죽전,12964,14184,27148
20210525,분당선,구성,4903,5129,10032
20210525,분당선,청명,4162,3983,8145
20210525,분당선,기흥,9621,8900,18521
20210525,분당선,상갈,5334,5176,10510
20210525,분당선,영통,8044,8348,16392
20210525,분당선,망포,13851,13238,27089
20210525,분당선,매탄권선,4860,4661,9521
20210525,분당선,수원시청,12139,13072,25211
20210525,분당선,수내,13145,13237,26382
20210525,분당선,신갈,4501,4531,9032
20210525,분당선,매교,2996,3087,6083
20210525,분당선,서현,23511,23789,47300
20210525,분당선,모란,19536,19462,38998
20210525,분당선,야탑,25365,26369,51734
20210525,분당선,선릉,13856,20692,34548
20210525,분당선,한티,13710,14578,28288
20210525,분당선,도곡,6718,6656,13374
20210525,분당선,개포동,3739,3881,7620
20210525,분당선,대모산입구,3538,3281,6819
20210525,분당선,수서,13050,13355,26405
20210525,분당선,구룡,1976,1963,3939
20210525,분당선,서울숲,10665,10928,21593
20210525,분당선,압구정로데오,18054,20019,38073
20210525,분당선,강남구청,10136,11648,21784
20210525,분당선,선정릉,8507,9283,17790
20210525,분당선,가천대,8756,9871,18627
20210525,분당선,태평,13497,13129,26626
20210525,분당선,수원,7793,6391,14184
20210526,분당선,야탑,25662,26784,52446
20210526,분당선,모란,19772,19727,39499
20210526,분당선,태평,13619,13019,26638
20210526,분당선,가천대,8318,9399,17717
20210526,분당선,선정릉,8462,9014,17476
20210526,분당선,강남구청,10263,11877,22140
20210526,분당선,압구정로데오,18549,20217,38766
20210526,분당선,구룡,2118,2014,4132
20210526,분당선,한티,14134,15060,29194
20210526,분당선,도곡,6714,6649,13363
20210526,분당선,개포동,4036,4085,8121
20210526,분당선,대모산입구,3525,3354,6879
20210526,분당선,수서,13286,13477,26763
20210526,분당선,서현,24246,24722,48968
20210526,분당선,서울숲,10864,11352,22216
20210526,분당선,선릉,13941,20664,34605
20210526,분당선,수원,8001,6623,14624
20210526,분당선,수내,13058,13171,26229
20210526,분당선,미금,15879,16884,32763
20210526,분당선,매교,3120,3205,6325
20210526,분당선,수원시청,12355,13345,25700
20210526,분당선,매탄권선,4951,4857,9808
20210526,분당선,망포,14147,13382,27529
20210526,분당선,영통,8406,8556,16962
20210526,분당선,청명,4397,4189,8586
20210526,분당선,상갈,5609,5306,10915
20210526,분당선,정자,17829,18722,36551
20210526,분당선,신갈,4569,4617,9186
20210526,분당선,구성,5062,5248,10310
20210526,분당선,죽전,13348,14793,28141
20210526,분당선,보정,2640,2361,5001
20210526,분당선,이매,5801,5361,11162
20210526,분당선,오리,12025,10123,22148
20210526,분당선,기흥,9743,9036,18779
20210527,분당선,모란,18970,18788,37758
20210527,분당선,태평,13200,12769,25969
20210527,분당선,가천대,8452,9347,17799
20210527,분당선,선정릉,8203,8960,17163
20210527,분당선,강남구청,9872,11399,21271
20210527,분당선,압구정로데오,17927,19884,37811
20210527,분당선,서울숲,9893,10074,19967
20210527,분당선,대모산입구,3519,3276,6795
20210527,분당선,수서,13377,13695,27072
20210527,분당선,개포동,3690,3854,7544
20210527,분당선,구룡,1942,1925,3867
20210527,분당선,도곡,6498,6328,12826
20210527,분당선,한티,13408,14481,27889
20210527,분당선,야탑,24658,25533,50191
20210527,분당선,수원,7604,6317,13921
20210527,분당선,서현,22757,23217,45974
20210527,분당선,수내,12656,12766,25422
20210527,분당선,선릉,13751,20629,34380
20210527,분당선,정자,17331,18150,35481
20210527,분당선,매교,2951,2976,5927
20210527,분당선,수원시청,11823,12733,24556
20210527,분당선,매탄권선,4854,4673,9527
20210527,분당선,망포,13775,13037,26812
20210527,분당선,청명,4119,3969,8088
20210527,분당선,상갈,5345,5067,10412
20210527,분당선,영통,8026,8264,16290
20210527,분당선,신갈,4424,4364,8788
20210527,분당선,구성,4724,4994,9718
20210527,분당선,죽전,12585,13877,26462
20210527,분당선,보정,2574,2235,4809
20210527,분당선,이매,5511,5093,10604
20210527,분당선,오리,11546,9729,21275
20210527,분당선,미금,14896,15750,30646
20210527,분당선,기흥,9420,8637,18057
20210528,분당선,압구정로데오,19614,22121,41735
20210528,분당선,모란,19297,19432,38729
20210528,분당선,태평,13459,12787,26246
20210528,분당선,가천대,8044,8715,16759
20210528,분당선,선정릉,8219,8855,17074
20210528,분당선,강남구청,10217,11700,21917
20210528,분당선,서울숲,10319,10631,20950
20210528,분당선,야탑,25233,26371,51604
20210528,분당선,수서,14352,15343,29695
20210528,분당선,대모산입구,3435,3086,6521
20210528,분당선,개포동,3743,3917,7660
20210528,분당선,구룡,2029,1939,3968
20210528,분당선,도곡,6558,6550,13108
20210528,분당선,한티,14138,15169,29307
20210528,분당선,선릉,13458,20382,33840
20210528,분당선,수원,8311,7002,15313
20210528,분당선,서현,23835,24370,48205
20210528,분당선,죽전,13202,14279,27481
20210528,분당선,정자,17739,18585,36324
20210528,분당선,수내,12973,13051,26024
20210528,분당선,구성,4799,4925,9724
20210528,분당선,신갈,4391,4346,8737
20210528,분당선,기흥,9393,8697,18090
20210528,분당선,청명,4413,4044,8457
20210528,분당선,영통,8522,8654,17176
20210528,분당선,망포,14707,13500,28207
20210528,분당선,상갈,5258,5013,10271
20210528,분당선,수원시청,12650,14080,26730
20210528,분당선,매교,2923,3004,5927
20210528,분당선,보정,2395,2000,4395
20210528,분당선,이매,5616,5163,10779
20210528,분당선,오리,11617,9791,21408
20210528,분당선,미금,15304,15974,31278
20210528,분당선,매탄권선,5205,4858,10063
20210529,분당선,구성,3150,3359,6509
20210529,분당선,미금,10628,10948,21576
20210529,분당선,오리,7576,6380,13956
20210529,분당선,이매,4036,3933,7969
20210529,분당선,보정,1630,1454,3084
20210529,분당선,죽전,9927,11004,20931
20210529,분당선,신갈,2753,2769,5522
20210529,분당선,매교,2110,2162,4272
20210529,분당선,상갈,3868,3768,7636
20210529,분당선,청명,2698,2568,5266
20210529,분당선,영통,6361,6307,12668
20210529,분당선,망포,8938,8032,16970
20210529,분당선,매탄권선,3300,3082,6382
20210529,분당선,수원시청,10880,11927,22807
20210529,분당선,정자,10595,10846,21441
20210529,분당선,기흥,6682,6379,13061
20210529,분당선,수내,8412,8096,16508
20210529,분당선,서현,17380,17531,34911
20210529,분당선,야탑,16397,17124,33521
20210529,분당선,한티,11411,11009,22420
20210529,분당선,도곡,4493,4033,8526
20210529,분당선,구룡,1839,1714,3553
20210529,분당선,개포동,2421,2307,4728
20210529,분당선,대모산입구,2636,2370,5006
20210529,분당선,수서,9959,10378,20337
20210529,분당선,수원,7195,6180,13375
20210529,분당선,선릉,5034,7769,12803
20210529,분당선,압구정로데오,17882,19796,37678
20210529,분당선,강남구청,5152,6373,11525
20210529,분당선,선정릉,3664,3892,7556
20210529,분당선,가천대,5017,5597,10614
20210529,분당선,태평,10479,9875,20354
20210529,분당선,모란,21280,21777,43057
20210529,분당선,서울숲,7958,8697,16655
20210530,분당선,태평,7428,7035,14463
20210530,분당선,가천대,3506,4282,7788
20210530,분당선,선정릉,2216,2331,4547
20210530,분당선,강남구청,3001,3712,6713
20210530,분당선,압구정로데오,9787,10705,20492
20210530,분당선,서울숲,7046,7344,14390
20210530,분당선,수원,5445,4634,10079
20210530,분당선,개포동,1931,1927,3858
20210530,분당선,대모산입구,1858,1826,3684
20210530,분당선,구룡,710,812,1522
20210530,분당선,도곡,2365,2364,4729
20210530,분당선,한티,7780,7428,15208
20210530,분당선,선릉,2703,3983,6686
20210530,분당선,모란,10354,10588,20942
20210530,분당선,수서,8131,7597,15728
20210530,분당선,야탑,12094,12333,24427
20210530,분당선,서현,12550,12563,25113
20210530,분당선,매교,1437,1486,2923
20210530,분당선,수내,5727,5524,11251
20210530,분당선,수원시청,7175,7136,14311
20210530,분당선,매탄권선,2270,2282,4552
20210530,분당선,망포,5780,6206,11986
20210530,분당선,영통,4318,4432,8750
20210530,분당선,상갈,2863,2920,5783
20210530,분당선,기흥,4570,4503,9073
20210530,분당선,청명,1820,1862,3682
20210530,분당선,구성,2314,2554,4868
20210530,분당선,죽전,7364,8459,15823
20210530,분당선,보정,1015,1007,2022
20210530,분당선,이매,2791,3031,5822
20210530,분당선,오리,5104,4480,9584
20210530,분당선,미금,6585,7107,13692
20210530,분당선,정자,6935,7313,14248
20210530,분당선,신갈,1925,1950,3875
20210531,분당선,매탄권선,4852,4654,9506
20210531,분당선,기흥,9393,8701,18094
20210531,분당선,상갈,5358,5158,10516
20210531,분당선,청명,4132,3898,8030
20210531,분당선,영통,7809,8081,15890
20210531,분당선,망포,13578,12908,26486
20210531,분당선,수원시청,11890,12695,24585
20210531,분당선,신갈,4449,4306,8755
20210531,분당선,대모산입구,3506,3238,6744
20210531,분당선,개포동,3674,3884,7558
20210531,분당선,구룡,2074,1958,4032
20210531,분당선,도곡,6613,6603,13216
20210531,분당선,한티,13337,14233,27570
20210531,분당선,선릉,13618,20164,33782
20210531,분당선,수서,13158,13246,26404
20210531,분당선,매교,2967,2986,5953
20210531,분당선,구성,4840,5076,9916
20210531,분당선,수원,7659,6467,14126
20210531,분당선,보정,2504,2193,4697
20210531,분당선,죽전,12738,14069,26807
20210531,분당선,서울숲,10104,10330,20434
20210531,분당선,압구정로데오,15897,17561,33458
20210531,분당선,강남구청,9568,10834,20402
20210531,분당선,가천대,8332,9407,17739
20210531,분당선,태평,13144,12702,25846
20210531,분당선,모란,18969,19230,38199
20210531,분당선,선정릉,8065,8681,16746
20210531,분당선,서현,22869,23233,46102
20210531,분당선,수내,12598,12527,25125
20210531,분당선,정자,16934,17949,34883
20210531,분당선,미금,14938,15827,30765
20210531,분당선,오리,11649,9754,21403
20210531,분당선,이매,5530,5095,10625
20210531,분당선,야탑,24505,25653,50158
20210601,분당선,구성,4943,5064,10007
20210601,분당선,미금,15149,16203,31352
20210601,분당선,오리,11826,9867,21693
20210601,분당선,이매,5504,5086,10590
20210601,분당선,보정,2575,2252,4827
20210601,분당선,죽전,12890,14280,27170
20210601,분당선,신갈,4544,4520,9064
20210601,분당선,매교,2943,2955,5898
20210601,분당선,상갈,5195,5077,10272
20210601,분당선,청명,4229,4064,8293
20210601,분당선,영통,8064,8190,16254
20210601,분당선,망포,13858,13198,27056
20210601,분당선,매탄권선,4761,4777,9538
20210601,분당선,수원시청,12227,13000,25227
20210601,분당선,정자,17068,17999,35067
20210601,분당선,기흥,9536,8812,18348
20210601,분당선,수내,12875,12993,25868
20210601,분당선,선릉,13642,20744,34386
20210601,분당선,야탑,24880,26043,50923
20210601,분당선,한티,13556,14648,28204
20210601,분당선,도곡,6762,6580,13342
20210601,분당선,구룡,2027,1930,3957
20210601,분당선,개포동,3789,3904,7693
20210601,분당선,대모산입구,3541,3296,6837
20210601,분당선,수서,12656,12872,25528
20210601,분당선,복정,1,0,1
20210601,분당선,서현,23321,23628,46949
20210601,분당선,서울숲,10587,10869,21456
20210601,분당선,압구정로데오,17938,19545,37483
20210601,분당선,강남구청,9931,11271,21202
20210601,분당선,선정릉,8093,8792,16885
20210601,분당선,가천대,8306,9244,17550
20210601,분당선,태평,13413,12976,26389
20210601,분당선,모란,19223,19240,38463
20210601,분당선,수원,7699,6233,13932
20210602,분당선,정자,17454,18475,35929
20210602,분당선,미금,15401,16181,31582
20210602,분당선,오리,11643,9818,21461
20210602,분당선,이매,5716,5209,10925
20210602,분당선,보정,2484,2192,4676
20210602,분당선,죽전,12974,14330,27304
20210602,분당선,구성,5041,5213,10254
20210602,분당선,청명,4277,4139,8416
20210602,분당선,기흥,9504,8969,18473
20210602,분당선,상갈,5355,5170,10525
20210602,분당선,영통,8197,8324,16521
20210602,분당선,망포,13938,13230,27168
20210602,분당선,매탄권선,4862,4773,9635
20210602,분당선,수원시청,12031,13045,25076
20210602,분당선,수내,12954,12988,25942
20210602,분당선,신갈,4494,4463,8957
20210602,분당선,매교,2985,3023,6008
20210602,분당선,서현,23270,23747,47017
20210602,분당선,모란,19189,19324,38513
20210602,분당선,야탑,25420,26530,51950
20210602,분당선,선릉,13822,20574,34396
20210602,분당선,한티,13648,14501,28149
20210602,분당선,도곡,6656,6606,13262
20210602,분당선,개포동,3913,4023,7936
20210602,분당선,대모산입구,3462,3280,6742
20210602,분당선,수서,12938,13088,26026
20210602,분당선,구룡,2054,1999,4053
20210602,분당선,서울숲,11254,11407,22661
20210602,분당선,압구정로데오,17941,19559,37500
20210602,분당선,강남구청,10218,11658,21876
20210602,분당선,선정릉,8182,8835,17017
20210602,분당선,가천대,8317,9369,17686
20210602,분당선,태평,13435,13018,26453
20210602,분당선,수원,7775,6472,14247
20210603,분당선,죽전,12345,13791,26136
20210603,분당선,정자,17299,18395,35694
20210603,분당선,미금,14546,15444,29990
20210603,분당선,오리,11413,9642,21055
20210603,분당선,이매,5698,5110,10808
20210603,분당선,보정,2455,2171,4626
20210603,분당선,구성,4611,5008,9619
20210603,분당선,수원시청,11506,12161,23667
20210603,분당선,기흥,9267,8647,17914
20210603,분당선,상갈,5134,5016,10150
20210603,분당선,청명,4149,3984,8133
20210603,분당선,영통,7671,7996,15667
20210603,분당선,망포,13408,12814,26222
20210603,분당선,매탄권선,4579,4692,9271
20210603,분당선,수내,12673,12867,25540
20210603,분당선,신갈,4297,4344,8641
20210603,분당선,서현,22786,23120,45906
20210603,분당선,매교,2845,2884,5729
20210603,분당선,모란,18551,18539,37090
20210603,분당선,선릉,14024,20287,34311
20210603,분당선,한티,13709,14447,28156
20210603,분당선,도곡,6535,6591,13126
20210603,분당선,구룡,1945,1912,3857
20210603,분당선,개포동,3733,3843,7576
20210603,분당선,대모산입구,3382,3187,6569
20210603,분당선,수서,12978,13446,26424
20210603,분당선,야탑,24325,25356,49681
20210603,분당선,수원,7160,6028,13188
20210603,분당선,서울숲,10071,10409,20480
20210603,분당선,압구정로데오,17817,19065,36882
20210603,분당선,강남구청,9869,11430,21299
20210603,분당선,선정릉,8306,8747,17053
20210603,분당선,가천대,8311,9154,17465
20210603,분당선,태평,13057,12615,25672
20210603,분당선,복정,1,0,1
20210604,분당선,정자,18394,19714,38108
20210604,분당선,미금,15972,17096,33068
20210604,분당선,오리,12448,10298,22746
20210604,분당선,이매,6038,5648,11686
20210604,분당선,보정,2640,2315,4955
20210604,분당선,죽전,14235,15287,29522
20210604,분당선,구성,5137,5260,10397
20210604,분당선,청명,4550,4227,8777
20210604,분당선,기흥,9790,9288,19078
20210604,분당선,상갈,5661,5318,10979
20210604,분당선,수내,13363,13387,26750
20210604,분당선,영통,8885,8911,17796
20210604,분당선,망포,15227,13915,29142
20210604,분당선,매탄권선,5430,5005,10435
20210604,분당선,수원시청,13260,14886,28146
20210604,분당선,신갈,4631,4588,9219
20210604,분당선,서현,24941,25646,50587
20210604,분당선,매교,3176,3152,6328
20210604,분당선,모란,26431,27262,53693
20210604,분당선,선릉,13855,20526,34381
20210604,분당선,한티,14696,15498,30194
20210604,분당선,도곡,7002,6744,13746
20210604,분당선,구룡,2281,2024,4305
20210604,분당선,개포동,4022,4152,8174
20210604,분당선,대모산입구,3651,3357,7008
20210604,분당선,수서,14668,15818,30486
20210604,분당선,야탑,26931,27899,54830
20210604,분당선,수원,8315,7386,15701
20210604,분당선,서울숲,12018,12365,24383
20210604,분당선,압구정로데오,20241,22448,42689
20210604,분당선,강남구청,10535,11744,22279
20210604,분당선,선정릉,8186,8956,17142
20210604,분당선,가천대,8021,8639,16660
20210604,분당선,태평,14158,13544,27702
20210604,분당선,복정,1,0,1
20210605,분당선,정자,10654,11000,21654
20210605,분당선,미금,10735,11186,21921
20210605,분당선,오리,7522,6307,13829
20210605,분당선,이매,3953,3818,7771
20210605,분당선,보정,1546,1406,2952
20210605,분당선,죽전,9832,10947,20779
20210605,분당선,구성,3111,3171,6282
20210605,분당선,청명,2886,2694,5580
20210605,분당선,기흥,6494,6450,12944
20210605,분당선,상갈,3747,3763,7510
20210605,분당선,영통,6437,6312,12749
20210605,분당선,망포,9197,8288,17485
20210605,분당선,매탄권선,3444,3220,6664
20210605,분당선,수원시청,10375,11216,21591
20210605,분당선,수내,8480,7909,16389
20210605,분당선,신갈,2862,2783,5645
20210605,분당선,매교,2109,2120,4229
20210605,분당선,서현,17573,17878,35451
20210605,분당선,모란,15540,15306,30846
20210605,분당선,야탑,16541,17457,33998
20210605,분당선,선릉,5105,7685,12790
20210605,분당선,한티,11514,11091,22605
20210605,분당선,도곡,4285,3840,8125
20210605,분당선,개포동,2695,2610,5305
20210605,분당선,대모산입구,2421,2190,4611
20210605,분당선,수서,9459,10205,19664
20210605,분당선,구룡,1530,1395,2925
20210605,분당선,서울숲,10134,10743,20877
20210605,분당선,압구정로데오,18267,20479,38746
20210605,분당선,강남구청,5391,6623,12014
20210605,분당선,선정릉,3632,3773,7405
20210605,분당선,가천대,4973,5490,10463
20210605,분당선,태평,10284,9621,19905
20210605,분당선,수원,7371,6187,13558
20210606,분당선,정자,6791,7191,13982
20210606,분당선,미금,6745,6981,13726
20210606,분당선,오리,4838,4334,9172
20210606,분당선,이매,2829,2941,5770
20210606,분당선,보정,986,936,1922
20210606,분당선,죽전,7141,8010,15151
20210606,분당선,구성,2231,2273,4504
20210606,분당선,청명,1806,1834,3640
20210606,분당선,기흥,4549,4489,9038
20210606,분당선,상갈,2734,2802,5536
20210606,분당선,영통,4267,4421,8688
20210606,분당선,망포,5531,5954,11485
20210606,분당선,매탄권선,2287,2284,4571
20210606,분당선,수내,5647,5452,11099
20210606,분당선,매교,1344,1424,2768
20210606,분당선,신갈,1809,1859,3668
20210606,분당선,수원시청,6651,6666,13317
20210606,분당선,서현,11955,12054,24009
20210606,분당선,모란,10162,10275,20437
20210606,분당선,야탑,11983,12318,24301
20210606,분당선,선릉,2649,3889,6538
20210606,분당선,한티,7558,7382,14940
20210606,분당선,도곡,2617,2456,5073
20210606,분당선,개포동,1747,1754,3501
20210606,분당선,대모산입구,1622,1557,3179
20210606,분당선,수서,7840,7309,15149
20210606,분당선,구룡,676,705,1381
20210606,분당선,서울숲,6924,7101,14025
20210606,분당선,압구정로데오,9577,10695,20272
20210606,분당선,강남구청,3031,3699,6730
20210606,분당선,선정릉,2053,2261,4314
20210606,분당선,가천대,3109,3861,6970
20210606,분당선,태평,7479,7064,14543
20210606,분당선,수원,5359,4377,9736
20210607,분당선,압구정로데오,16133,17506,33639
20210607,분당선,모란,19038,19177,38215
20210607,분당선,태평,13230,12828,26058
20210607,분당선,가천대,8489,9690,18179
20210607,분당선,선정릉,8060,8610,16670
20210607,분당선,강남구청,9395,10725,20120
20210607,분당선,서울숲,9653,9748,19401
20210607,분당선,한티,13242,14416,27658
20210607,분당선,복정,1,0,1
20210607,분당선,수서,12851,13034,25885
20210607,분당선,대모산입구,3470,3243,6713
20210607,분당선,개포동,3717,3834,7551
20210607,분당선,구룡,2043,1962,4005
20210607,분당선,도곡,6519,6537,13056
20210607,분당선,야탑,24714,25856,50570
20210607,분당선,수원,7585,6369,13954
20210607,분당선,서현,22975,23176,46151
20210607,분당선,선릉,13508,20140,33648
20210607,분당선,정자,16793,17678,34471
20210607,분당선,매교,2893,2985,5878
20210607,분당선,수원시청,11820,12625,24445
20210607,분당선,매탄권선,4774,4703,9477
20210607,분당선,망포,13600,13002,26602
20210607,분당선,영통,7943,8085,16028
20210607,분당선,청명,4222,4012,8234
20210607,분당선,상갈,5409,5071,10480
20210607,분당선,수내,12371,12491,24862
20210607,분당선,신갈,4426,4353,8779
20210607,분당선,구성,4890,5116,10006
20210607,분당선,죽전,12800,13978,26778
20210607,분당선,보정,2525,2226,4751
20210607,분당선,이매,5225,4989,10214
20210607,분당선,오리,11511,9809,21320
20210607,분당선,미금,15006,15845,30851
20210607,분당선,기흥,9212,8791,18003
20210608,분당선,정자,17576,18623,36199
20210608,분당선,미금,15506,16236,31742
20210608,분당선,오리,11611,9889,21500
20210608,분당선,이매,5549,5147,10696
20210608,분당선,보정,2524,2213,4737
20210608,분당선,죽전,12846,14166,27012
20210608,분당선,구성,4920,5086,10006
20210608,분당선,청명,4238,4016,8254
20210608,분당선,기흥,9499,9085,18584
20210608,분당선,상갈,5495,5292,10787
20210608,분당선,영통,8000,8281,16281
20210608,분당선,망포,13983,13425,27408
20210608,분당선,매탄권선,4891,4784,9675
20210608,분당선,수원시청,11905,12690,24595
20210608,분당선,수내,12771,13118,25889
20210608,분당선,신갈,4611,4567,9178
20210608,분당선,매교,3079,3088,6167
20210608,분당선,서현,23325,23807,47132
20210608,분당선,모란,19495,19396,38891
20210608,분당선,야탑,25244,26325,51569
20210608,분당선,선릉,13893,20712,34605
20210608,분당선,한티,13556,14635,28191
20210608,분당선,도곡,6693,6699,13392
20210608,분당선,개포동,3773,3869,7642
20210608,분당선,대모산입구,3520,3257,6777
20210608,분당선,수서,13067,13187,26254
20210608,분당선,구룡,2034,1922,3956
20210608,분당선,서울숲,10175,10223,20398
20210608,분당선,압구정로데오,17744,19294,37038
20210608,분당선,강남구청,9960,11488,21448
20210608,분당선,선정릉,8270,8829,17099
20210608,분당선,가천대,11558,12578,24136
20210608,분당선,태평,13292,12878,26170
20210608,분당선,수원,7630,6411,14041
20210609,분당선,구성,5005,5157,10162
20210609,분당선,미금,15538,16569,32107
20210609,분당선,오리,11844,10003,21847
20210609,분당선,이매,5780,5440,11220
20210609,분당선,보정,2510,2207,4717
20210609,분당선,죽전,12956,14307,27263
20210609,분당선,신갈,4582,4548,9130
20210609,분당선,정자,17467,18758,36225
20210609,분당선,상갈,5414,5192,10606
20210609,분당선,청명,4271,4253,8524
20210609,분당선,영통,8253,8309,16562
20210609,분당선,망포,13789,13203,26992
20210609,분당선,매탄권선,5030,4830,9860
20210609,분당선,수원시청,11945,12921,24866
20210609,분당선,기흥,9502,8973,18475
20210609,분당선,수내,12817,12944,25761
20210609,분당선,매교,3052,3122,6174
20210609,분당선,야탑,25296,26284,51580
20210609,분당선,선릉,13723,20387,34110
20210609,분당선,한티,13631,14680,28311
20210609,분당선,도곡,6732,6610,13342
20210609,분당선,구룡,2024,1969,3993
20210609,분당선,개포동,3896,4029,7925
20210609,분당선,대모산입구,3563,3255,6818
20210609,분당선,수서,13270,13668,26938
20210609,분당선,서현,23926,24122,48048
20210609,분당선,서울숲,10205,10503,20708
20210609,분당선,압구정로데오,17887,19486,37373
20210609,분당선,강남구청,10024,11439,21463
20210609,분당선,선정릉,8252,8919,17171
20210609,분당선,가천대,10864,11737,22601
20210609,분당선,태평,13579,13102,26681
20210609,분당선,모란,24494,25039,49533
20210609,분당선,수원,7641,6438,14079
20210610,분당선,모란,19542,19664,39206
20210610,분당선,태평,13385,12929,26314
20210610,분당선,가천대,11149,12089,23238
20210610,분당선,선정릉,8341,8870,17211
20210610,분당선,강남구청,9927,11404,21331
20210610,분당선,압구정로데오,18340,19781,38121
20210610,분당선,서울숲,10158,10302,20460
20210610,분당선,개포동,3780,4033,7813
20210610,분당선,수서,13328,13777,27105
20210610,분당선,대모산입구,3577,3418,6995
20210610,분당선,구룡,2038,1914,3952
20210610,분당선,도곡,6783,6665,13448
20210610,분당선,한티,13589,14887,28476
20210610,분당선,선릉,13795,20445,34240
20210610,분당선,야탑,24975,25946,50921
20210610,분당선,수원,7782,6572,14354
20210610,분당선,서현,23625,23896,47521
20210610,분당선,수내,12861,13051,25912
20210610,분당선,정자,17535,18817,36352
20210610,분당선,매교,2963,3060,6023
20210610,분당선,수원시청,11800,12789,24589
20210610,분당선,매탄권선,4889,4772,9661
20210610,분당선,망포,14057,13361,27418
20210610,분당선,청명,4203,4130,8333
20210610,분당선,상갈,5471,5361,10832
20210610,분당선,기흥,9521,9068,18589
20210610,분당선,영통,7969,8131,16100
20210610,분당선,구성,4948,5144,10092
20210610,분당선,죽전,12902,14265,27167
20210610,분당선,보정,2522,2251,4773
20210610,분당선,이매,5590,5310,10900
20210610,분당선,오리,11941,9903,21844
20210610,분당선,미금,15155,16114,31269
20210610,분당선,신갈,4559,4504,9063
20210611,분당선,서울숲,10035,10264,20299
20210611,분당선,태평,13578,12951,26529
20210611,분당선,가천대,9937,10504,20441
20210611,분당선,선정릉,7999,8489,16488
20210611,분당선,강남구청,9880,11158,21038
20210611,분당선,압구정로데오,19223,21408,40631
20210611,분당선,수원,8307,7207,15514
20210611,분당선,선릉,13364,19794,33158
20210611,분당선,수서,14114,15174,29288
20210611,분당선,대모산입구,3564,3292,6856
20210611,분당선,개포동,3777,3954,7731
20210611,분당선,구룡,2111,1941,4052
20210611,분당선,도곡,6821,6578,13399
20210611,분당선,한티,14073,14923,28996
20210611,분당선,모란,20032,20059,40091
20210611,분당선,복정,1,0,1
20210611,분당선,야탑,25436,26882,52318
20210611,분당선,매교,2918,2988,5906
20210611,분당선,수내,12917,13077,25994
20210611,분당선,서현,24269,24749,49018
20210611,분당선,수원시청,12688,14396,27084
20210611,분당선,매탄권선,5139,4844,9983
20210611,분당선,망포,14635,13654,28289
20210611,분당선,영통,8454,8630,17084
20210611,분당선,상갈,5540,5207,10747
20210611,분당선,기흥,9472,8733,18205
20210611,분당선,청명,4478,4060,8538
20210611,분당선,구성,4792,4981,9773
20210611,분당선,죽전,13373,14559,27932
20210611,분당선,보정,2481,2128,4609
20210611,분당선,이매,5623,5256,10879
20210611,분당선,오리,11696,9876,21572
20210611,분당선,미금,15609,16176,31785
20210611,분당선,정자,17532,18566,36098
20210611,분당선,신갈,4433,4465,8898
20210612,분당선,죽전,9295,10515,19810
20210612,분당선,정자,10293,10330,20623
20210612,분당선,미금,10541,10788,21329
20210612,분당선,오리,7330,6258,13588
20210612,분당선,이매,3825,3762,7587
20210612,분당선,보정,1557,1386,2943
20210612,분당선,구성,2982,3176,6158
20210612,분당선,수내,8514,8032,16546
20210612,분당선,기흥,6286,5947,12233
20210612,분당선,상갈,3714,3686,7400
20210612,분당선,청명,2570,2450,5020
20210612,분당선,영통,6090,5952,12042
20210612,분당선,망포,8818,8033,16851
20210612,분당선,매탄권선,3293,3124,6417
20210612,분당선,수원시청,10345,11371,21716
20210612,분당선,신갈,2631,2662,5293
20210612,분당선,서현,16979,17412,34391
20210612,분당선,모란,15033,14656,29689
20210612,분당선,매교,1953,1945,3898
20210612,분당선,야탑,16099,16806,32905
20210612,분당선,복정,1,0,1
20210612,분당선,선릉,4868,7346,12214
20210612,분당선,한티,10789,10595,21384
20210612,분당선,도곡,4139,3666,7805
20210612,분당선,개포동,2529,2495,5024
20210612,분당선,대모산입구,2551,2419,4970
20210612,분당선,구룡,1645,1496,3141
20210612,분당선,수원,7283,5947,13230
20210612,분당선,서울숲,8329,8399,16728
20210612,분당선,압구정로데오,17324,19567,36891
20210612,분당선,강남구청,5031,6033,11064
20210612,분당선,선정릉,3646,3761,7407
20210612,분당선,가천대,4766,5356,10122
20210612,분당선,태평,10381,9631,20012
20210612,분당선,수서,9334,9915,19249
20210613,분당선,구성,2181,2221,4402
20210613,분당선,미금,6491,6956,13447
20210613,분당선,오리,4588,4174,8762
20210613,분당선,이매,2857,2900,5757
20210613,분당선,보정,973,947,1920
20210613,분당선,죽전,6760,7634,14394
20210613,분당선,신갈,1792,1824,3616
20210613,분당선,매교,1252,1348,2600
20210613,분당선,상갈,2569,2670,5239
20210613,분당선,영통,3800,3886,7686
20210613,분당선,망포,5492,5792,11284
20210613,분당선,매탄권선,2168,2219,4387
20210613,분당선,수원시청,6817,6823,13640
20210613,분당선,정자,6675,6977,13652
20210613,분당선,기흥,4464,4305,8769
20210613,분당선,수내,5682,5487,11169
20210613,분당선,청명,1694,1827,3521
20210613,분당선,야탑,11518,11905,23423
20210613,분당선,서현,11731,11841,23572
20210613,분당선,한티,7246,7080,14326
20210613,분당선,도곡,2191,2158,4349
20210613,분당선,구룡,677,780,1457
20210613,분당선,개포동,1924,1897,3821
20210613,분당선,대모산입구,1946,1874,3820
20210613,분당선,수서,7701,7309,15010
20210613,분당선,선릉,2570,3800,6370
20210613,분당선,서울숲,5682,5779,11461
20210613,분당선,압구정로데오,9561,10598,20159
20210613,분당선,강남구청,2914,3441,6355
20210613,분당선,선정릉,1939,2046,3985
20210613,분당선,가천대,3277,4002,7279
20210613,분당선,태평,7410,6976,14386
20210613,분당선,모란,10163,10176,20339
20210613,분당선,수원,5607,4590,10197
20210614,분당선,모란,23880,24671,48551
20210614,분당선,태평,13603,13239,26842
20210614,분당선,가천대,10315,11260,21575
20210614,분당선,선정릉,8040,8525,16565
20210614,분당선,강남구청,9632,10913,20545
20210614,분당선,압구정로데오,16342,17942,34284
20210614,분당선,서울숲,9773,9799,19572
20210614,분당선,대모산입구,3729,3592,7321
20210614,분당선,수서,13489,13673,27162
20210614,분당선,개포동,3747,3800,7547
20210614,분당선,구룡,2131,2080,4211
20210614,분당선,도곡,6725,6657,13382
20210614,분당선,한티,12434,13513,25947
20210614,분당선,야탑,25126,25994,51120
20210614,분당선,선릉,13498,20126,33624
20210614,분당선,수원,7900,6498,14398
20210614,분당선,서현,23736,23956,47692
20210614,분당선,보정,2504,2243,4747
20210614,분당선,정자,16914,17815,34729
20210614,분당선,매교,3019,2968,5987
20210614,분당선,수원시청,11811,12667,24478
20210614,분당선,매탄권선,4948,4771,9719
20210614,분당선,수내,12107,12114,24221
20210614,분당선,영통,7774,8029,15803
20210614,분당선,청명,4160,3914,8074
20210614,분당선,상갈,5434,5188,10622
20210614,분당선,망포,13597,12973,26570
20210614,분당선,신갈,4433,4426,8859
20210614,분당선,구성,4933,5155,10088
20210614,분당선,죽전,12856,14021,26877
20210614,분당선,이매,5606,5222,10828
20210614,분당선,오리,11584,9772,21356
20210614,분당선,미금,15111,16315,31426
20210614,분당선,기흥,9205,8734,17939
20210615,분당선,압구정로데오,17603,19216,36819
20210615,분당선,모란,18953,19105,38058
20210615,분당선,태평,13104,12626,25730
20210615,분당선,가천대,7651,8734,16385
20210615,분당선,선정릉,8000,8565,16565
20210615,분당선,강남구청,9719,11177,20896
20210615,분당선,서울숲,9769,9896,19665
20210615,분당선,야탑,25049,25989,51038
20210615,분당선,수서,13101,13337,26438
20210615,분당선,대모산입구,3421,3129,6550
20210615,분당선,개포동,3687,3814,7501
20210615,분당선,구룡,2075,2036,4111
20210615,분당선,도곡,6588,6580,13168
20210615,분당선,한티,13519,14607,28126
20210615,분당선,선릉,13821,20168,33989
20210615,분당선,수원,7656,6335,13991
20210615,분당선,서현,23325,23670,46995
20210615,분당선,수내,12774,12858,25632
20210615,분당선,정자,17262,18048,35310
20210615,분당선,수원시청,11923,12759,24682
20210615,분당선,매탄권선,4935,4761,9696
20210615,분당선,망포,13880,13186,27066
20210615,분당선,영통,7712,7861,15573
20210615,분당선,청명,4210,3996,8206
20210615,분당선,상갈,5328,5152,10480
20210615,분당선,기흥,9206,8784,17990
20210615,분당선,매교,2895,2941,5836
20210615,분당선,구성,4927,5013,9940
20210615,분당선,죽전,12702,14005,26707
20210615,분당선,보정,2487,2138,4625
20210615,분당선,이매,5504,5130,10634
20210615,분당선,오리,11501,9787,21288
20210615,분당선,미금,15083,16093,31176
20210615,분당선,신갈,4430,4390,8820
20210616,분당선,오리,11714,9850,21564
20210616,분당선,이매,5629,5333,10962
20210616,분당선,보정,2502,2200,4702
20210616,분당선,죽전,13245,14540,27785
20210616,분당선,구성,4928,5093,10021
20210616,분당선,신갈,4601,4571,9172
20210616,분당선,기흥,9548,9147,18695
20210616,분당선,영통,8071,8187,16258
20210616,분당선,청명,4262,4198,8460
20210616,분당선,망포,13997,13367,27364
20210616,분당선,매탄권선,5075,4870,9945
20210616,분당선,수원시청,12301,13270,25571
20210616,분당선,매교,2958,3121,6079
20210616,분당선,미금,15682,16541,32223
20210616,분당선,상갈,5469,5229,10698
20210616,분당선,정자,17482,18443,35925
20210616,분당선,수내,12930,13061,25991
20210616,분당선,선릉,13667,20299,33966
20210616,분당선,서현,24151,24359,48510
20210616,분당선,한티,14061,15012,29073
20210616,분당선,도곡,6826,6747,13573
20210616,분당선,구룡,2214,2173,4387
20210616,분당선,개포동,3807,3971,7778
20210616,분당선,수서,13275,13516,26791
20210616,분당선,수원,8039,6773,14812
20210616,분당선,대모산입구,3334,3149,6483
20210616,분당선,압구정로데오,18379,20160,38539
20210616,분당선,강남구청,9926,11500,21426
20210616,분당선,선정릉,8337,8800,17137
20210616,분당선,가천대,7747,8833,16580
20210616,분당선,태평,13341,12982,26323
20210616,분당선,모란,19251,19541,38792
20210616,분당선,야탑,25835,26944,52779
20210616,분당선,서울숲,11088,11060,22148
20210617,분당선,서울숲,10802,10816,21618
20210617,분당선,태평,13306,12861,26167
20210617,분당선,가천대,7391,8607,15998
20210617,분당선,선정릉,8210,8796,17006
20210617,분당선,강남구청,9955,11386,21341
20210617,분당선,압구정로데오,18404,20227,38631
20210617,분당선,수원,8199,6758,14957
20210617,분당선,모란,19752,19544,39296
20210617,분당선,수서,13803,14064,27867
20210617,분당선,대모산입구,3427,3131,6558
20210617,분당선,개포동,3678,3892,7570
20210617,분당선,구룡,2617,2607,5224
20210617,분당선,도곡,6885,6791,13676
20210617,분당선,한티,13696,14784,28480
20210617,분당선,선릉,13792,20558,34350
20210617,분당선,복정,1,0,1
20210617,분당선,야탑,25508,26639,52147
20210617,분당선,매교,2995,3038,6033
20210617,분당선,수내,12952,12938,25890
20210617,분당선,서현,24099,24663,48762
20210617,분당선,수원시청,12237,13191,25428
20210617,분당선,매탄권선,4929,4875,9804
20210617,분당선,망포,13875,13169,27044
20210617,분당선,영통,7881,8155,16036
20210617,분당선,상갈,5476,5196,10672
20210617,분당선,기흥,9413,8912,18325
20210617,분당선,청명,4249,4045,8294
20210617,분당선,구성,4993,5202,10195
20210617,분당선,죽전,13134,14461,27595
20210617,분당선,보정,2540,2213,4753
20210617,분당선,이매,5631,5275,10906
20210617,분당선,오리,11932,9869,21801
20210617,분당선,미금,15208,16303,31511
20210617,분당선,정자,17550,18557,36107
20210617,분당선,신갈,4595,4529,9124
20210618,분당선,압구정로데오,20005,22684,42689
20210618,분당선,모란,19864,19763,39627
20210618,분당선,태평,13452,12750,26202
20210618,분당선,가천대,7132,7967,15099
20210618,분당선,선정릉,8266,8753,17019
20210618,분당선,강남구청,10285,11486,21771
20210618,분당선,서울숲,10667,10698,21365
20210618,분당선,야탑,25737,27271,53008
20210618,분당선,수서,14415,15588,30003
20210618,분당선,대모산입구,3343,3101,6444
20210618,분당선,개포동,3823,3973,7796
20210618,분당선,구룡,2237,2059,4296
20210618,분당선,도곡,6864,6690,13554
20210618,분당선,한티,14227,15064,29291
20210618,분당선,선릉,13287,19825,33112
20210618,분당선,수원,8473,7205,15678
20210618,분당선,서현,24487,24916,49403
20210618,분당선,수내,12944,13027,25971
20210618,분당선,정자,17909,18896,36805
20210618,분당선,수원시청,12730,14339,27069
20210618,분당선,매탄권선,5187,4822,10009
20210618,분당선,망포,14960,13763,28723
20210618,분당선,영통,8534,8690,17224
20210618,분당선,청명,4426,4086,8512
20210618,분당선,상갈,5500,5072,10572
20210618,분당선,기흥,9449,8882,18331
20210618,분당선,매교,2916,2926,5842
20210618,분당선,구성,4871,5184,10055
20210618,분당선,죽전,13501,14437,27938
20210618,분당선,보정,2482,2130,4612
20210618,분당선,이매,5730,5352,11082
20210618,분당선,오리,11730,9710,21440
20210618,분당선,미금,15621,16286,31907
20210618,분당선,신갈,4456,4433,8889
20210619,분당선,태평,10597,9870,20467
20210619,분당선,가천대,4852,5124,9976
20210619,분당선,선정릉,3591,3736,7327
20210619,분당선,강남구청,5428,6576,12004
20210619,분당선,압구정로데오,18377,21035,39412
20210619,분당선,서울숲,9448,9773,19221
20210619,분당선,수원,7399,6334,13733
20210619,분당선,개포동,2639,2570,5209
20210619,분당선,대모산입구,2497,2274,4771
20210619,분당선,구룡,1365,1191,2556
20210619,분당선,도곡,4353,3927,8280
20210619,분당선,한티,10817,10489,21306
20210619,분당선,선릉,5000,7784,12784
20210619,분당선,모란,21720,22386,44106
20210619,분당선,수서,9882,10546,20428
20210619,분당선,야탑,16932,17914,34846
20210619,분당선,서현,18057,18143,36200
20210619,분당선,매교,1977,2035,4012
20210619,분당선,수내,8616,8119,16735
20210619,분당선,수원시청,10807,11659,22466
20210619,분당선,매탄권선,3311,3070,6381
20210619,분당선,망포,8896,8024,16920
20210619,분당선,영통,6570,6396,12966
20210619,분당선,상갈,3858,3867,7725
20210619,분당선,기흥,6689,6475,13164
20210619,분당선,청명,2678,2625,5303
20210619,분당선,구성,3241,3269,6510
20210619,분당선,죽전,9923,11121,21044
20210619,분당선,보정,1607,1445,3052
20210619,분당선,이매,3986,3855,7841
20210619,분당선,오리,7688,6408,14096
20210619,분당선,미금,11246,11625,22871
20210619,분당선,정자,10475,10774,21249
20210619,분당선,신갈,2702,2748,5450
20210620,분당선,압구정로데오,10220,11392,21612
20210620,분당선,모란,10244,10390,20634
20210620,분당선,태평,7510,7074,14584
20210620,분당선,가천대,3306,4015,7321
20210620,분당선,선정릉,2059,2180,4239
20210620,분당선,강남구청,2853,3439,6292
20210620,분당선,서울숲,6516,6451,12967
20210620,분당선,야탑,12170,12409,24579
20210620,분당선,수서,8223,7747,15970
20210620,분당선,대모산입구,1450,1477,2927
20210620,분당선,개포동,1746,1741,3487
20210620,분당선,구룡,755,825,1580
20210620,분당선,도곡,2565,2470,5035
20210620,분당선,한티,7090,7113,14203
20210620,분당선,선릉,2621,3853,6474
20210620,분당선,수원,5698,4630,10328
20210620,분당선,서현,12185,12314,24499
20210620,분당선,매교,1340,1422,2762
20210620,분당선,정자,6920,7312,14232
20210620,분당선,수내,5935,5767,11702
20210620,분당선,수원시청,7082,7079,14161
20210620,분당선,매탄권선,2298,2253,4551
20210620,분당선,망포,5817,6275,12092
20210620,분당선,청명,1773,1878,3651
20210620,분당선,상갈,2771,2897,5668
20210620,분당선,기흥,4829,4543,9372
20210620,분당선,영통,4396,4503,8899
20210620,분당선,구성,2307,2461,4768
20210620,분당선,죽전,7488,8530,16018
20210620,분당선,보정,1072,933,2005
20210620,분당선,이매,3114,3225,6339
20210620,분당선,오리,4942,4380,9322
20210620,분당선,미금,7078,7458,14536
20210620,분당선,신갈,1952,1959,3911
20210621,분당선,야탑,25493,26477,51970
20210621,분당선,오리,11828,10070,21898
20210621,분당선,미금,15487,16372,31859
20210621,분당선,정자,17535,18494,36029
20210621,분당선,수내,12981,13003,25984
20210621,분당선,서현,23118,23482,46600
20210621,분당선,모란,19487,19545,39032
20210621,분당선,수서,13676,13781,27457
20210621,분당선,가천대,6499,7503,14002
20210621,분당선,선정릉,8304,8788,17092
20210621,분당선,강남구청,9799,11243,21042
20210621,분당선,압구정로데오,17540,19351,36891
20210621,분당선,서울숲,11058,11236,22294
20210621,분당선,수원,7808,6575,14383
20210621,분당선,이매,5709,5237,10946
20210621,분당선,태평,13340,12881,26221
20210621,분당선,보정,2584,2321,4905
20210621,분당선,선릉,13720,20225,33945
20210621,분당선,구성,5055,5247,10302
20210621,분당선,한티,13848,14817,28665
20210621,분당선,도곡,6824,6788,13612
20210621,분당선,구룡,2157,2073,4230
20210621,분당선,개포동,3844,3910,7754
20210621,분당선,대모산입구,3490,3177,6667
20210621,분당선,매교,3079,3061,6140
20210621,분당선,수원시청,12412,13156,25568
20210621,분당선,죽전,12019,13517,25536
20210621,분당선,망포,13982,13388,27370
20210621,분당선,영통,7984,8130,16114
20210621,분당선,청명,4322,4165,8487
20210621,분당선,상갈,5498,5235,10733
20210621,분당선,기흥,9288,8865,18153
20210621,분당선,신갈,4628,4535,9163
20210621,분당선,매탄권선,4986,4852,9838
20210622,분당선,오리,11941,10041,21982
20210622,분당선,이매,5798,5363,11161
20210622,분당선,보정,2646,2341,4987
20210622,분당선,죽전,13370,14568,27938
20210622,분당선,구성,4982,5265,10247
20210622,분당선,신갈,4802,4706,9508
20210622,분당선,기흥,9399,8906,18305
20210622,분당선,영통,8145,8289,16434
20210622,분당선,청명,4248,4076,8324
20210622,분당선,망포,14204,13604,27808
20210622,분당선,매탄권선,4988,4940,9928
20210622,분당선,수원시청,12713,13404,26117
20210622,분당선,매교,3106,3206,6312
20210622,분당선,미금,15585,16599,32184
20210622,분당선,상갈,5530,5244,10774
20210622,분당선,정자,17876,18958,36834
20210622,분당선,수내,13162,13217,26379
20210622,분당선,선릉,14269,21103,35372
20210622,분당선,서현,24663,25121,49784
20210622,분당선,한티,14076,15036,29112
20210622,분당선,도곡,6867,6846,13713
20210622,분당선,구룡,2237,2108,4345
20210622,분당선,개포동,3935,4052,7987
20210622,분당선,수서,13552,13873,27425
20210622,분당선,수원,8069,6766,14835
20210622,분당선,대모산입구,3509,3276,6785
20210622,분당선,압구정로데오,18919,20869,39788
20210622,분당선,강남구청,10231,11798,22029
20210622,분당선,선정릉,8399,8900,17299
20210622,분당선,가천대,6555,7563,14118
20210622,분당선,태평,13535,12985,26520
20210622,분당선,모란,19601,19658,39259
20210622,분당선,야탑,25880,26807,52687
20210622,분당선,서울숲,11069,11252,22321
20210623,분당선,구성,4928,5060,9988
20210623,분당선,미금,15557,16616,32173
20210623,분당선,오리,12067,10127,22194
20210623,분당선,이매,5890,5546,11436
20210623,분당선,보정,2562,2258,4820
20210623,분당선,죽전,13361,15011,28372
20210623,분당선,신갈,4656,4625,9281
20210623,분당선,정자,17779,19162,36941
20210623,분당선,상갈,5431,5182,10613
20210623,분당선,청명,4315,4147,8462
20210623,분당선,영통,8260,8491,16751
20210623,분당선,망포,14176,13405,27581
20210623,분당선,매탄권선,4991,4802,9793
20210623,분당선,수원시청,12392,13253,25645
20210623,분당선,매교,3107,3131,6238
20210623,분당선,기흥,9417,8959,18376
20210623,분당선,수내,13371,13341,26712
20210623,분당선,복정,2,0,2
20210623,분당선,야탑,26034,27250,53284
20210623,분당선,서현,24743,24957,49700
20210623,분당선,선릉,13976,20682,34658
20210623,분당선,한티,14040,15029,29069
20210623,분당선,도곡,6975,6957,13932
20210623,분당선,구룡,2142,2112,4254
20210623,분당선,대모산입구,3383,3156,6539
20210623,분당선,수서,13391,13719,27110
20210623,분당선,개포동,4025,4186,8211
20210623,분당선,서울숲,11037,11179,22216
20210623,분당선,압구정로데오,18619,20566,39185
20210623,분당선,강남구청,10162,11788,21950
20210623,분당선,선정릉,8381,8969,17350
20210623,분당선,가천대,6566,7466,14032
20210623,분당선,태평,13586,12956,26542
20210623,분당선,모란,19381,19316,38697
20210623,분당선,수원,7961,6622,14583
20210624,분당선,구성,5059,5270,10329
20210624,분당선,미금,15901,16860,32761
20210624,분당선,오리,12228,10194,22422
20210624,분당선,이매,5926,5565,11491
20210624,분당선,보정,2787,2392,5179
20210624,분당선,죽전,13495,14948,28443
20210624,분당선,신갈,4664,4570,9234
20210624,분당선,정자,18283,17025,35308
20210624,분당선,상갈,5546,5180,10726
20210624,분당선,청명,4332,4131,8463
20210624,분당선,영통,8262,8513,16775
20210624,분당선,망포,14509,13637,28146
20210624,분당선,매탄권선,5138,4963,10101
20210624,분당선,수원시청,12809,13582,26391
20210624,분당선,매교,3213,3266,6479
20210624,분당선,기흥,9624,9163,18787
20210624,분당선,수내,13384,13503,26887
20210624,분당선,서현,25010,25483,50493
20210624,분당선,야탑,26303,27127,53430
20210624,분당선,한티,14048,15121,29169
20210624,분당선,도곡,6928,6779,13707
20210624,분당선,구룡,2196,2185,4381
20210624,분당선,개포동,3932,4050,7982
20210624,분당선,대모산입구,3553,3340,6893
20210624,분당선,수서,14108,14612,28720
20210624,분당선,복정,3,0,3
20210624,분당선,선릉,14125,20836,34961
20210624,분당선,서울숲,11628,11687,23315
20210624,분당선,압구정로데오,19506,21529,41035
20210624,분당선,강남구청,10157,11675,21832
20210624,분당선,선정릉,8357,8932,17289
20210624,분당선,가천대,6532,7496,14028
20210624,분당선,태평,14094,13331,27425
20210624,분당선,모란,25514,26184,51698
20210624,분당선,수원,8129,6877,15006
20210625,분당선,모란,20831,20874,41705
20210625,분당선,태평,13952,13448,27400
20210625,분당선,가천대,6830,7468,14298
20210625,분당선,선정릉,8380,8932,17312
20210625,분당선,강남구청,10573,11907,22480
20210625,분당선,압구정로데오,21148,24106,45254
20210625,분당선,서울숲,12227,12227,24454
20210625,분당선,개포동,4125,4310,8435
20210625,분당선,수서,14857,16142,30999
20210625,분당선,대모산입구,3512,3249,6761
20210625,분당선,구룡,2389,2201,4590
20210625,분당선,도곡,7153,7046,14199
20210625,분당선,한티,14787,15769,30556
20210625,분당선,야탑,27078,28302,55380
20210625,분당선,수원,8690,7625,16315
20210625,분당선,서현,26001,26504,52505
20210625,분당선,선릉,14041,20906,34947
20210625,분당선,정자,18937,18552,37489
20210625,분당선,매교,3187,3180,6367
20210625,분당선,수원시청,13793,15296,29089
20210625,분당선,매탄권선,5469,5160,10629
20210625,분당선,망포,15644,14492,30136
20210625,분당선,영통,8866,9068,17934
20210625,분당선,청명,4578,4382,8960
20210625,분당선,상갈,5800,5447,11247
20210625,분당선,수내,13852,13826,27678
20210625,분당선,신갈,4698,4688,9386
20210625,분당선,구성,5199,5291,10490
20210625,분당선,죽전,14598,15522,30120
20210625,분당선,보정,2719,2315,5034
20210625,분당선,이매,6118,5471,11589
20210625,분당선,오리,12320,10172,22492
20210625,분당선,미금,16487,17422,33909
20210625,분당선,기흥,10090,9523,19613
20210626,분당선,정자,10295,10601,20896
20210626,분당선,미금,10355,10738,21093
20210626,분당선,오리,7283,6134,13417
20210626,분당선,이매,3950,3895,7845
20210626,분당선,보정,1589,1474,3063
20210626,분당선,죽전,9607,10911,20518
20210626,분당선,구성,3085,3072,6157
20210626,분당선,청명,2626,2492,5118
20210626,분당선,기흥,6491,6203,12694
20210626,분당선,상갈,3736,3785,7521
20210626,분당선,영통,6123,6116,12239
20210626,분당선,망포,8934,7999,16933
20210626,분당선,매탄권선,3243,3022,6265
20210626,분당선,수원시청,10293,11185,21478
20210626,분당선,수내,8434,7813,16247
20210626,분당선,신갈,2687,2605,5292
20210626,분당선,매교,1903,1962,3865
20210626,분당선,서현,17216,17352,34568
20210626,분당선,모란,15098,15070,30168
20210626,분당선,야탑,16652,17287,33939
20210626,분당선,선릉,4940,7474,12414
20210626,분당선,한티,10264,10188,20452
20210626,분당선,도곡,4128,3697,7825
20210626,분당선,개포동,2517,2457,4974
20210626,분당선,대모산입구,2331,2125,4456
20210626,분당선,수서,9786,10361,20147
20210626,분당선,구룡,1185,1117,2302
20210626,분당선,서울숲,8106,8231,16337
20210626,분당선,압구정로데오,18099,21037,39136
20210626,분당선,강남구청,5137,6129,11266
20210626,분당선,선정릉,3361,3567,6928
20210626,분당선,가천대,4388,4867,9255
20210626,분당선,태평,10312,9564,19876
20210626,분당선,수원,7207,6094,13301
20210627,분당선,압구정로데오,10571,11604,22175
20210627,분당선,모란,10538,10706,21244
20210627,분당선,태평,7732,7115,14847
20210627,분당선,가천대,3214,3928,7142
20210627,분당선,선정릉,2245,2397,4642
20210627,분당선,강남구청,3024,3625,6649
20210627,분당선,서울숲,6455,6425,12880
20210627,분당선,선릉,2607,3852,6459
20210627,분당선,수서,8284,7625,15909
20210627,분당선,대모산입구,1509,1476,2985
20210627,분당선,개포동,1958,1982,3940
20210627,분당선,구룡,793,861,1654
20210627,분당선,도곡,2380,2381,4761
20210627,분당선,한티,7159,7153,14312
20210627,분당선,야탑,12346,12474,24820
20210627,분당선,수원,5479,4530,10009
20210627,분당선,서현,12743,12779,25522
20210627,분당선,매교,1308,1370,2678
20210627,분당선,정자,7107,7415,14522
20210627,분당선,수원시청,7053,7030,14083
20210627,분당선,매탄권선,2327,2435,4762
20210627,분당선,망포,6054,6357,12411
20210627,분당선,영통,4204,4319,8523
20210627,분당선,청명,1876,1910,3786
20210627,분당선,상갈,2721,2795,5516
20210627,분당선,기흥,4852,4670,9522
20210627,분당선,수내,6051,5952,12003
20210627,분당선,구성,2234,2358,4592
20210627,분당선,죽전,7176,8227,15403
20210627,분당선,보정,1028,1012,2040
20210627,분당선,이매,2876,2972,5848
20210627,분당선,오리,5099,4579,9678
20210627,분당선,미금,6737,7301,14038
20210627,분당선,신갈,1874,1923,3797
20210628,분당선,선정릉,8084,8810,16894
20210628,분당선,강남구청,9762,11121,20883
20210628,분당선,압구정로데오,16846,18626,35472
20210628,분당선,서울숲,10321,10393,20714
20210628,분당선,수원,7811,6567,14378
20210628,분당선,수서,13681,13819,27500
20210628,분당선,대모산입구,3358,3076,6434
20210628,분당선,도곡,6958,6850,13808
20210628,분당선,구룡,2190,2113,4303
20210628,분당선,한티,13620,14641,28261
20210628,분당선,선릉,13678,20426,34104
20210628,분당선,매교,2898,3004,5902
20210628,분당선,수원시청,12029,12748,24777
20210628,분당선,가천대,6316,7378,13694
20210628,분당선,개포동,3680,3888,7568
20210628,분당선,태평,13220,12956,26176
20210628,분당선,모란,19005,19032,38037
20210628,분당선,매탄권선,4945,4694,9639
20210628,분당선,야탑,25174,26102,51276
20210628,분당선,망포,13854,13231,27085
20210628,분당선,영통,7692,8049,15741
20210628,분당선,청명,4216,4045,8261
20210628,분당선,상갈,5357,5141,10498
20210628,분당선,신갈,4627,4516,9143
20210628,분당선,구성,4851,5162,10013
20210628,분당선,기흥,9259,8761,18020
20210628,분당선,보정,2659,2298,4957
20210628,분당선,이매,5629,5310,10939
20210628,분당선,오리,11584,9736,21320
20210628,분당선,미금,15110,16106,31216
20210628,분당선,정자,17338,18218,35556
20210628,분당선,수내,12841,12692,25533
20210628,분당선,서현,23862,24175,48037
20210628,분당선,죽전,12600,13950,26550
20210629,분당선,기흥,9451,9100,18551
20210629,분당선,매탄권선,5084,4921,10005
20210629,분당선,망포,14138,13613,27751
20210629,분당선,영통,8027,8303,16330
20210629,분당선,청명,4313,4174,8487
20210629,분당선,상갈,5369,5149,10518
20210629,분당선,신갈,4674,4646,9320
20210629,분당선,수원시청,12372,13133,25505
20210629,분당선,죽전,13182,14650,27832
20210629,분당선,보정,2727,2359,5086
20210629,분당선,이매,5945,5545,11490
20210629,분당선,오리,11940,10090,22030
20210629,분당선,미금,15584,16571,32155
20210629,분당선,정자,18112,19023,37135
20210629,분당선,수내,12916,13021,25937
20210629,분당선,구성,5080,5190,10270
20210629,분당선,매교,3099,3070,6169
20210629,분당선,야탑,25934,26838,52772
20210629,분당선,선릉,14154,20811,34965
20210629,분당선,서현,24618,25177,49795
20210629,분당선,모란,24315,24960,49275
20210629,분당선,태평,13906,13193,27099
20210629,분당선,가천대,6487,7491,13978
20210629,분당선,선정릉,8477,8935,17412
20210629,분당선,압구정로데오,18852,20798,39650
20210629,분당선,서울숲,10971,11319,22290
20210629,분당선,강남구청,10113,11699,21812
20210629,분당선,복정,1,0,1
20210629,분당선,수서,13877,14099,27976
20210629,분당선,대모산입구,3485,3247,6732
20210629,분당선,개포동,3887,3969,7856
20210629,분당선,구룡,2224,2150,4374
20210629,분당선,도곡,6979,6965,13944
20210629,분당선,한티,14032,14956,28988
20210629,분당선,수원,7864,6421,14285
20210630,분당선,죽전,13284,14628,27912
20210630,분당선,정자,17968,18943,36911
20210630,분당선,미금,15785,16569,32354
20210630,분당선,오리,11908,10084,21992
20210630,분당선,이매,5883,5431,11314
20210630,분당선,보정,2561,2270,4831
20210630,분당선,구성,4893,5177,10070
20210630,분당선,수내,13419,13579,26998
20210630,분당선,기흥,9485,9000,18485
20210630,분당선,상갈,5467,5128,10595
20210630,분당선,청명,4232,4117,8349
20210630,분당선,영통,8080,8360,16440
20210630,분당선,망포,14451,13503,27954
20210630,분당선,매탄권선,5121,4907,10028
20210630,분당선,수원시청,12344,13336,25680
20210630,분당선,신갈,4630,4542,9172
20210630,분당선,서현,24516,24981,49497
20210630,분당선,매교,2958,3059,6017
20210630,분당선,모란,19509,19646,39155
20210630,분당선,선릉,13798,20432,34230
20210630,분당선,한티,14107,15108,29215
20210630,분당선,도곡,6950,6904,13854
20210630,분당선,구룡,2183,2096,4279
20210630,분당선,개포동,4078,4182,8260
20210630,분당선,대모산입구,3389,3198,6587
20210630,분당선,수서,13382,13664,27046
20210630,분당선,야탑,26283,27332,53615
20210630,분당선,수원,7711,6238,13949
20210630,분당선,서울숲,11019,11143,22162
20210630,분당선,압구정로데오,18659,20779,39438
20210630,분당선,강남구청,10183,11829,22012
20210630,분당선,선정릉,8284,9016,17300
20210630,분당선,가천대,6449,7456,13905
20210630,분당선,태평,13617,13075,26692
20210630,분당선,복정,1,0,1
20210701,분당선,모란,19664,19800,39464
20210701,분당선,태평,13567,13008,26575
20210701,분당선,가천대,6578,7408,13986
20210701,분당선,선정릉,8307,9017,17324
20210701,분당선,강남구청,10342,11827,22169
20210701,분당선,압구정로데오,19478,21336,40814
20210701,분당선,서울숲,11476,11417,22893
20210701,분당선,대모산입구,3373,3096,6469
20210701,분당선,복정,1,0,1
20210701,분당선,수서,13459,14010,27469
20210701,분당선,개포동,3882,4016,7898
20210701,분당선,구룡,2142,2051,4193
20210701,분당선,도곡,6919,6941,13860
20210701,분당선,한티,14147,14988,29135
20210701,분당선,야탑,25739,26761,52500
20210701,분당선,수원,7924,6506,14430
20210701,분당선,선릉,13907,20839,34746
20210701,분당선,수내,13400,13432,26832
20210701,분당선,정자,17862,19002,36864
20210701,분당선,서현,24942,25299,50241
20210701,분당선,매교,3232,3270,6502
20210701,분당선,수원시청,12274,13366,25640
20210701,분당선,매탄권선,5175,5054,10229
20210701,분당선,망포,14272,13539,27811
20210701,분당선,청명,4253,4136,8389
20210701,분당선,상갈,5514,5216,10730
20210701,분당선,영통,8310,8542,16852
20210701,분당선,신갈,4640,4548,9188
20210701,분당선,구성,4993,5159,10152
20210701,분당선,죽전,13264,14774,28038
20210701,분당선,보정,2658,2316,4974
20210701,분당선,이매,5784,5382,11166
20210701,분당선,오리,12090,10133,22223
20210701,분당선,미금,15590,16537,32127
20210701,분당선,기흥,9600,9116,18716
20210702,분당선,서울숲,11676,11635,23311
20210702,분당선,모란,20529,20797,41326
20210702,분당선,가천대,6896,7473,14369
20210702,분당선,선정릉,8365,8997,17362
20210702,분당선,강남구청,10695,12169,22864
20210702,분당선,압구정로데오,20952,23694,44646
20210702,분당선,수원,8745,7459,16204
20210702,분당선,야탑,26795,28001,54796
20210702,분당선,대모산입구,3382,3135,6517
20210702,분당선,개포동,3997,4155,8152
20210702,분당선,구룡,2380,2187,4567
20210702,분당선,도곡,7096,6902,13998
20210702,분당선,한티,14737,15545,30282
20210702,분당선,선릉,14013,21008,35021
20210702,분당선,수서,14737,15754,30491
20210702,분당선,서현,26878,27308,54186
20210702,분당선,태평,13898,13194,27092
20210702,분당선,정자,18435,19537,37972
20210702,분당선,수원시청,13399,15177,28576
20210702,분당선,매탄권선,5504,5100,10604
20210702,분당선,망포,15692,14425,30117
20210702,분당선,영통,9218,9292,18510
20210702,분당선,청명,4785,4421,9206
20210702,분당선,상갈,5833,5570,11403
20210702,분당선,기흥,9995,9570,19565
20210702,분당선,매교,3253,3381,6634
20210702,분당선,구성,5156,5346,10502
20210702,분당선,죽전,14391,15679,30070
20210702,분당선,보정,2848,2438,5286
20210702,분당선,이매,6021,5508,11529
20210702,분당선,수내,13666,13560,27226
20210702,분당선,오리,12490,10418,22908
20210702,분당선,미금,16586,17493,34079
20210702,분당선,신갈,4990,4707,9697
20210703,분당선,모란,14592,14573,29165
20210703,분당선,태평,9857,9446,19303
20210703,분당선,가천대,4266,4859,9125
20210703,분당선,선정릉,3689,3691,7380
20210703,분당선,강남구청,5026,6067,11093
20210703,분당선,압구정로데오,17327,18557,35884
20210703,분당선,서울숲,6035,6134,12169
20210703,분당선,개포동,2459,2395,4854
20210703,분당선,수서,9399,9968,19367
20210703,분당선,대모산입구,2097,1885,3982
20210703,분당선,구룡,1463,1335,2798
20210703,분당선,도곡,4461,4065,8526
20210703,분당선,한티,9999,9833,19832
20210703,분당선,선릉,4943,7773,12716
20210703,분당선,야탑,15657,16365,32022
20210703,분당선,수원,6403,5347,11750
20210703,분당선,서현,16858,17165,34023
20210703,분당선,수내,7854,7678,15532
20210703,분당선,정자,9808,10112,19920
20210703,분당선,매교,1819,1829,3648
20210703,분당선,수원시청,10123,10940,21063
20210703,분당선,매탄권선,2993,2844,5837
20210703,분당선,망포,8395,7740,16135
20210703,분당선,청명,2520,2462,4982
20210703,분당선,상갈,3479,3478,6957
20210703,분당선,기흥,6204,6008,12212
20210703,분당선,영통,5601,5755,11356
20210703,분당선,구성,2890,3080,5970
20210703,분당선,죽전,9249,10568,19817
20210703,분당선,보정,1491,1366,2857
20210703,분당선,이매,3722,3712,7434
20210703,분당선,오리,6956,5726,12682
20210703,분당선,미금,10008,10275,20283
20210703,분당선,신갈,2638,2590,5228
20210704,분당선,죽전,6791,7966,14757
20210704,분당선,정자,6066,6490,12556
20210704,분당선,미금,6219,6488,12707
20210704,분당선,오리,4662,4067,8729
20210704,분당선,이매,2632,2744,5376
20210704,분당선,보정,922,850,1772
20210704,분당선,구성,1945,2101,4046
20210704,분당선,수원시청,6246,6247,12493
20210704,분당선,기흥,4211,4063,8274
20210704,분당선,상갈,2362,2382,4744
20210704,분당선,청명,1661,1756,3417
20210704,분당선,영통,3976,4068,8044
20210704,분당선,망포,5385,5713,11098
20210704,분당선,매탄권선,2056,2040,4096
20210704,분당선,수내,5097,4912,10009
20210704,분당선,신갈,1706,1733,3439
20210704,분당선,서현,11759,11846,23605
20210704,분당선,매교,1172,1202,2374
20210704,분당선,모란,12619,13146,25765
20210704,분당선,선릉,2394,3501,5895
20210704,분당선,한티,6353,6324,12677
20210704,분당선,도곡,2333,2274,4607
20210704,분당선,구룡,588,586,1174
20210704,분당선,개포동,1629,1718,3347
20210704,분당선,대모산입구,1444,1399,2843
20210704,분당선,수서,7533,6952,14485
20210704,분당선,야탑,11106,11285,22391
20210704,분당선,수원,4869,3907,8776
20210704,분당선,서울숲,3876,4028,7904
20210704,분당선,압구정로데오,8467,9326,17793
20210704,분당선,강남구청,2676,3107,5783
20210704,분당선,선정릉,1886,1995,3881
20210704,분당선,가천대,3004,3610,6614
20210704,분당선,태평,7147,6653,13800
20210704,분당선,복정,1,0,1
20210705,분당선,모란,19470,19566,39036
20210705,분당선,태평,13580,13077,26657
20210705,분당선,가천대,6862,7749,14611
20210705,분당선,선정릉,8387,8894,17281
20210705,분당선,강남구청,10001,11360,21361
20210705,분당선,압구정로데오,17142,18691,35833
20210705,분당선,서울숲,10513,10699,21212
20210705,분당선,개포동,3825,3988,7813
20210705,분당선,수서,13423,13639,27062
20210705,분당선,대모산입구,3542,3299,6841
20210705,분당선,구룡,1822,1708,3530
20210705,분당선,도곡,7173,7018,14191
20210705,분당선,한티,13817,14777,28594
20210705,분당선,야탑,25333,26548,51881
20210705,분당선,수원,7827,6437,14264
20210705,분당선,서현,24775,25175,49950
20210705,분당선,선릉,13997,20898,34895
20210705,분당선,정자,17412,18337,35749
20210705,분당선,매교,3219,3235,6454
20210705,분당선,수원시청,12247,12863,25110
20210705,분당선,매탄권선,4970,4869,9839
20210705,분당선,망포,13990,13617,27607
20210705,분당선,영통,7927,8104,16031
20210705,분당선,청명,4378,4184,8562
20210705,분당선,상갈,5527,5255,10782
20210705,분당선,수내,13159,13112,26271
20210705,분당선,신갈,4687,4698,9385
20210705,분당선,구성,5048,5206,10254
20210705,분당선,죽전,12369,13949,26318
20210705,분당선,보정,2651,2364,5015
20210705,분당선,이매,6094,5487,11581
20210705,분당선,오리,11862,9968,21830
20210705,분당선,미금,15839,16740,32579
20210705,분당선,기흥,9501,9032,18533
20210706,분당선,매교,3187,3232,6419
20210706,분당선,선릉,14295,21320,35615
20210706,분당선,한티,14320,14995,29315
20210706,분당선,도곡,7207,6987,14194
20210706,분당선,구룡,1920,1769,3689
20210706,분당선,개포동,4036,4122,8158
20210706,분당선,대모산입구,3464,3224,6688
20210706,분당선,압구정로데오,18846,20680,39526
20210706,분당선,수원,7750,6374,14124
20210706,분당선,서울숲,10830,10802,21632
20210706,분당선,강남구청,10540,12150,22690
20210706,분당선,선정릉,8330,9092,17422
20210706,분당선,가천대,6360,7280,13640
20210706,분당선,태평,13439,13030,26469
20210706,분당선,수원시청,12345,13158,25503
20210706,분당선,수서,13379,13556,26935
20210706,분당선,모란,19496,19671,39167
20210706,분당선,매탄권선,5171,4897,10068
20210706,분당선,영통,8108,8317,16425
20210706,분당선,망포,14036,13490,27526
20210706,분당선,야탑,26032,26699,52731
20210706,분당선,서현,25400,25780,51180
20210706,분당선,수내,13574,13565,27139
20210706,분당선,미금,15911,16704,32615
20210706,분당선,오리,11941,10143,22084
20210706,분당선,이매,5794,5435,11229
20210706,분당선,정자,17881,18792,36673
20210706,분당선,죽전,13468,14950,28418
20210706,분당선,구성,4999,5184,10183
20210706,분당선,신갈,4736,4700,9436
20210706,분당선,기흥,9500,8988,18488
20210706,분당선,상갈,5486,5252,10738
20210706,분당선,청명,4298,4232,8530
20210706,분당선,보정,2611,2288,4899
20210707,분당선,죽전,13002,14543,27545
20210707,분당선,정자,17367,18265,35632
20210707,분당선,미금,15410,16429,31839
20210707,분당선,오리,11935,9929,21864
20210707,분당선,이매,5565,5253,10818
20210707,분당선,보정,2479,2218,4697
20210707,분당선,구성,4717,4987,9704
20210707,분당선,매교,3011,3058,6069
20210707,분당선,기흥,9173,8691,17864
20210707,분당선,상갈,5374,5206,10580
20210707,분당선,청명,4225,4054,8279
20210707,분당선,영통,7889,8074,15963
20210707,분당선,망포,13672,12929,26601
20210707,분당선,매탄권선,4928,4816,9744
20210707,분당선,수내,12918,13043,25961
20210707,분당선,신갈,4602,4576,9178
20210707,분당선,서현,24174,24526,48700
20210707,분당선,수원시청,11977,13042,25019
20210707,분당선,모란,19106,19108,38214
20210707,분당선,선릉,13932,20384,34316
20210707,분당선,한티,13735,14657,28392
20210707,분당선,도곡,6736,6765,13501
20210707,분당선,구룡,1738,1677,3415
20210707,분당선,개포동,3872,3986,7858
20210707,분당선,대모산입구,3313,3110,6423
20210707,분당선,수서,13030,13225,26255
20210707,분당선,야탑,25450,26443,51893
20210707,분당선,수원,7622,6102,13724
20210707,분당선,서울숲,10117,10222,20339
20210707,분당선,압구정로데오,17751,19294,37045
20210707,분당선,강남구청,10258,11695,21953
20210707,분당선,선정릉,8199,8896,17095
20210707,분당선,가천대,6314,7313,13627
20210707,분당선,복정,1,0,1
20210707,분당선,태평,13241,12730,25971
20210708,분당선,미금,14742,15508,30250
20210708,분당선,오리,11231,9360,20591
20210708,분당선,이매,5356,4873,10229
20210708,분당선,보정,2460,2141,4601
20210708,분당선,죽전,12415,13718,26133
20210708,분당선,구성,4608,4809,9417
20210708,분당선,신갈,4308,4231,8539
20210708,분당선,영통,7672,7814,15486
20210708,분당선,상갈,5254,4990,10244
20210708,분당선,청명,4135,4013,8148
20210708,분당선,정자,16527,17526,34053
20210708,분당선,망포,13304,12536,25840
20210708,분당선,매탄권선,4796,4636,9432
20210708,분당선,수원시청,11668,12358,24026
20210708,분당선,기흥,8882,8443,17325
20210708,분당선,수내,12580,12643,25223
20210708,분당선,매교,2994,2877,5871
20210708,분당선,야탑,24377,25461,49838
20210708,분당선,선릉,13652,19526,33178
20210708,분당선,한티,13325,14393,27718
20210708,분당선,도곡,6427,6336,12763
20210708,분당선,구룡,1735,1682,3417
20210708,분당선,개포동,3661,3775,7436
20210708,분당선,대모산입구,3114,2909,6023
20210708,분당선,수서,12780,13076,25856
20210708,분당선,서현,23377,23692,47069
20210708,분당선,서울숲,9872,9932,19804
20210708,분당선,압구정로데오,17098,19004,36102
20210708,분당선,강남구청,9400,10931,20331
20210708,분당선,선정릉,7923,8529,16452
20210708,분당선,가천대,6061,6954,13015
20210708,분당선,태평,13004,12418,25422
20210708,분당선,모란,18594,18724,37318
20210708,분당선,수원,7324,6033,13357
20210709,분당선,서현,23795,24414,48209
20210709,분당선,수내,12723,12666,25389
20210709,분당선,정자,16492,17336,33828
20210709,분당선,미금,15082,16041,31123
20210709,분당선,오리,11596,9530,21126
20210709,분당선,이매,5663,5098,10761
20210709,분당선,보정,2461,2119,4580
20210709,분당선,기흥,9314,8675,17989
20210709,분당선,구성,4759,5089,9848
20210709,분당선,신갈,4460,4363,8823
20210709,분당선,상갈,5303,5057,10360
20210709,분당선,청명,4298,4040,8338
20210709,분당선,영통,8228,8343,16571
20210709,분당선,수원시청,12198,13730,25928
20210709,분당선,야탑,24932,26359,51291
20210709,분당선,죽전,12999,14135,27134
20210709,분당선,매교,2953,2967,5920
20210709,분당선,모란,23777,24373,48150
20210709,분당선,가천대,6220,6780,13000
20210709,분당선,태평,13434,12693,26127
20210709,분당선,망포,14327,12953,27280
20210709,분당선,매탄권선,5116,4867,9983
20210709,분당선,선릉,13106,18920,32026
20210709,분당선,한티,13677,14449,28126
20210709,분당선,구룡,1747,1634,3381
20210709,분당선,개포동,3640,3846,7486
20210709,분당선,도곡,6661,6534,13195
20210709,분당선,수서,13769,15050,28819
20210709,분당선,수원,7877,6793,14670
20210709,분당선,서울숲,10019,10058,20077
20210709,분당선,압구정로데오,17759,20062,37821
20210709,분당선,강남구청,9522,10738,20260
20210709,분당선,선정릉,7862,8168,16030
20210709,분당선,대모산입구,3272,3085,6357
20210710,분당선,야탑,13981,14697,28678
20210710,분당선,모란,13235,13324,26559
20210710,분당선,태평,9279,8579,17858
20210710,분당선,가천대,4312,4725,9037
20210710,분당선,선정릉,2841,2839,5680
20210710,분당선,강남구청,4356,5042,9398
20210710,분당선,압구정로데오,13936,15800,29736
20210710,분당선,대모산입구,2153,1967,4120
20210710,분당선,수원,5966,5153,11119
20210710,분당선,수서,7760,8453,16213
20210710,분당선,개포동,2291,2199,4490
20210710,분당선,구룡,1672,1546,3218
20210710,분당선,도곡,3715,3283,6998
20210710,분당선,서현,14731,15211,29942
20210710,분당선,선릉,4264,6386,10650
20210710,분당선,서울숲,5626,5575,11201
20210710,분당선,한티,10151,9778,19929
20210710,분당선,수내,7282,6883,14165
20210710,분당선,미금,9182,9346,18528
20210710,분당선,매교,1697,1690,3387
20210710,분당선,수원시청,8938,9545,18483
20210710,분당선,매탄권선,2834,2757,5591
20210710,분당선,망포,7451,6888,14339
20210710,분당선,영통,5519,5372,10891
20210710,분당선,청명,2164,2124,4288
20210710,분당선,상갈,3162,3164,6326
20210710,분당선,정자,8871,8959,17830
20210710,분당선,신갈,2296,2292,4588
20210710,분당선,구성,2522,2677,5199
20210710,분당선,죽전,8307,9349,17656
20210710,분당선,보정,1300,1218,2518
20210710,분당선,이매,3344,3046,6390
20210710,분당선,오리,6393,5336,11729
20210710,분당선,기흥,5510,5220,10730
20210711,분당선,정자,5853,6030,11883
20210711,분당선,미금,5512,6081,11593
20210711,분당선,오리,4260,3732,7992
20210711,분당선,이매,2281,2384,4665
20210711,분당선,보정,834,790,1624
20210711,분당선,죽전,5768,6697,12465
20210711,분당선,구성,1691,1848,3539
20210711,분당선,상갈,2229,2263,4492
20210711,분당선,기흥,3923,3759,7682
20210711,분당선,청명,1406,1495,2901
20210711,분당선,영통,3653,3657,7310
20210711,분당선,망포,4844,5161,10005
20210711,분당선,매탄권선,1912,1895,3807
20210711,분당선,수내,4986,4875,9861
20210711,분당선,신갈,1465,1496,2961
20210711,분당선,서현,10478,10650,21128
20210711,분당선,수원시청,5893,5920,11813
20210711,분당선,모란,8675,8844,17519
20210711,분당선,매교,1204,1142,2346
20210711,분당선,선릉,2189,3173,5362
20210711,분당선,한티,6710,6476,13186
20210711,분당선,도곡,1928,1814,3742
20210711,분당선,구룡,522,600,1122
20210711,분당선,개포동,1379,1395,2774
20210711,분당선,대모산입구,1250,1193,2443
20210711,분당선,야탑,9749,10008,19757
20210711,분당선,수원,4545,3755,8300
20210711,분당선,서울숲,3448,3394,6842
20210711,분당선,압구정로데오,7369,8189,15558
20210711,분당선,강남구청,2563,3016,5579
20210711,분당선,선정릉,1608,1666,3274
20210711,분당선,가천대,2886,3462,6348
20210711,분당선,태평,6548,6026,12574
20210711,분당선,수서,6537,5774,12311
20210712,분당선,정자,14368,15146,29514
20210712,분당선,미금,13286,14235,27521
20210712,분당선,오리,10327,8529,18856
20210712,분당선,이매,4846,4550,9396
20210712,분당선,보정,2163,1954,4117
20210712,분당선,죽전,10839,11971,22810
20210712,분당선,구성,4177,4519,8696
20210712,분당선,청명,3625,3450,7075
20210712,분당선,기흥,8068,7713,15781
20210712,분당선,상갈,4782,4579,9361
20210712,분당선,영통,6834,6959,13793
20210712,분당선,망포,12067,11602,23669
20210712,분당선,매탄권선,4182,4097,8279
20210712,분당선,수원시청,10614,11138,21752
20210712,분당선,수내,10672,10652,21324
20210712,분당선,신갈,3992,4022,8014
20210712,분당선,매교,2389,2426,4815
20210712,분당선,서현,20112,20059,40171
20210712,분당선,모란,17020,17346,34366
20210712,분당선,야탑,22129,23136,45265
20210712,분당선,선릉,12181,17643,29824
20210712,분당선,한티,11285,12274,23559
20210712,분당선,도곡,6020,6040,12060
20210712,분당선,개포동,3250,3326,6576
20210712,분당선,대모산입구,2950,2723,5673
20210712,분당선,수서,11390,11658,23048
20210712,분당선,구룡,1644,1617,3261
20210712,분당선,서울숲,8314,8397,16711
20210712,분당선,압구정로데오,13111,14235,27346
20210712,분당선,강남구청,8749,9958,18707
20210712,분당선,선정릉,7289,7711,15000
20210712,분당선,가천대,5574,6523,12097
20210712,분당선,태평,12120,11690,23810
20210712,분당선,수원,6562,5510,12072
20210713,분당선,압구정로데오,15067,16430,31497
20210713,분당선,모란,17007,17085,34092
20210713,분당선,태평,12096,11712,23808
20210713,분당선,가천대,5559,6420,11979
20210713,분당선,선정릉,7123,7606,14729
20210713,분당선,강남구청,8565,9830,18395
20210713,분당선,서울숲,8413,8498,16911
20210713,분당선,야탑,22002,22896,44898
20210713,분당선,수서,10836,11188,22024
20210713,분당선,대모산입구,2992,2779,5771
20210713,분당선,개포동,3201,3350,6551
20210713,분당선,구룡,1700,1621,3321
20210713,분당선,도곡,5754,5819,11573
20210713,분당선,한티,12193,13053,25246
20210713,분당선,수원,6704,5704,12408
20210713,분당선,서현,21012,21192,42204
20210713,분당선,선릉,12108,17458,29566
20210713,분당선,정자,14628,15205,29833
20210713,분당선,매교,2576,2503,5079
20210713,분당선,수원시청,10377,10978,21355
20210713,분당선,매탄권선,4183,4131,8314
20210713,분당선,망포,12056,11477,23533
20210713,분당선,영통,6751,6944,13695
20210713,분당선,청명,3609,3515,7124
20210713,분당선,상갈,4636,4541,9177
20210713,분당선,수내,11360,11562,22922
20210713,분당선,신갈,3920,3903,7823
20210713,분당선,구성,4151,4428,8579
20210713,분당선,죽전,10997,12143,23140
20210713,분당선,보정,2094,1841,3935
20210713,분당선,이매,4998,4615,9613
20210713,분당선,오리,10252,8537,18789
20210713,분당선,미금,13461,14346,27807
20210713,분당선,기흥,8148,7694,15842
20210714,분당선,태평,12164,11817,23981
20210714,분당선,가천대,5593,6416,12009
20210714,분당선,강남구청,8630,9849,18479
20210714,분당선,압구정로데오,14669,15889,30558
20210714,분당선,서울숲,8687,8691,17378
20210714,분당선,수원,6841,5635,12476
20210714,분당선,수서,10821,11098,21919
20210714,분당선,도곡,5747,5713,11460
20210714,분당선,개포동,3282,3462,6744
20210714,분당선,구룡,1621,1556,3177
20210714,분당선,모란,19914,20193,40107
20210714,분당선,한티,12095,13041,25136
20210714,분당선,선릉,11944,17100,29044
20210714,분당선,영통,7006,7039,14045
20210714,분당선,대모산입구,2986,2765,5751
20210714,분당선,야탑,22227,23150,45377
20210714,분당선,선정릉,7147,7559,14706
20210714,분당선,수내,11406,11411,22817
20210714,분당선,서현,20681,20968,41649
20210714,분당선,수원시청,10750,11413,22163
20210714,분당선,매탄권선,4137,4037,8174
20210714,분당선,망포,12055,11712,23767
20210714,분당선,청명,3662,3496,7158
20210714,분당선,상갈,4682,4510,9192
20210714,분당선,기흥,7968,7695,15663
20210714,분당선,신갈,3791,3759,7550
20210714,분당선,매교,2410,2412,4822
20210714,분당선,죽전,10915,12213,23128
20210714,분당선,보정,2080,1898,3978
20210714,분당선,이매,4831,4496,9327
20210714,분당선,오리,10497,8689,19186
20210714,분당선,미금,13461,14338,27799
20210714,분당선,정자,14398,15142,29540
20210714,분당선,구성,4244,4479,8723
20210715,분당선,모란,16870,16834,33704
20210715,분당선,태평,11739,11282,23021
20210715,분당선,가천대,5450,6323,11773
20210715,분당선,선정릉,6891,7296,14187
20210715,분당선,강남구청,8312,9472,17784
20210715,분당선,압구정로데오,14719,16109,30828
20210715,분당선,서울숲,8268,8412,16680
20210715,분당선,개포동,3219,3328,6547
20210715,분당선,수서,10743,11285,22028
20210715,분당선,대모산입구,2851,2660,5511
20210715,분당선,구룡,1562,1494,3056
20210715,분당선,도곡,5618,5604,11222
20210715,분당선,한티,12061,12917,24978
20210715,분당선,선릉,11903,17051,28954
20210715,분당선,야탑,21442,22381,43823
20210715,분당선,수원,6510,5522,12032
20210715,분당선,서현,20115,20426,40541
20210715,분당선,망포,11871,11252,23123
20210715,분당선,정자,14002,14606,28608
20210715,분당선,수내,11099,11176,22275
20210715,분당선,수원시청,10320,10805,21125
20210715,분당선,매탄권선,3972,3903,7875
20210715,분당선,영통,6646,6777,13423
20210715,분당선,청명,3424,3247,6671
20210715,분당선,상갈,4619,4346,8965
20210715,분당선,기흥,8018,7664,15682
20210715,분당선,매교,2391,2388,4779
20210715,분당선,구성,3918,4282,8200
20210715,분당선,죽전,11026,11955,22981
20210715,분당선,보정,2046,1767,3813
20210715,분당선,이매,4599,4363,8962
20210715,분당선,오리,10023,8390,18413
20210715,분당선,미금,13111,13804,26915
20210715,분당선,신갈,3687,3682,7369
20210716,분당선,모란,17685,17573,35258
20210716,분당선,선릉,11897,16917,28814
20210716,분당선,가천대,5583,6206,11789
20210716,분당선,선정릉,6927,7273,14200
20210716,분당선,강남구청,8511,9541,18052
20210716,분당선,압구정로데오,15976,17479,33455
20210716,분당선,서울숲,8430,8524,16954
20210716,분당선,대모산입구,2913,2699,5612
20210716,분당선,수서,11730,13078,24808
20210716,분당선,개포동,3257,3417,6674
20210716,분당선,구룡,1528,1471,2999
20210716,분당선,도곡,5940,5894,11834
20210716,분당선,한티,12802,13553,26355
20210716,분당선,야탑,22099,23190,45289
20210716,분당선,수원,7045,6119,13164
20210716,분당선,서현,21468,21936,43404
20210716,분당선,태평,12159,11672,23831
20210716,분당선,정자,14599,15449,30048
20210716,분당선,매교,2284,2294,4578
20210716,분당선,수원시청,10952,11917,22869
20210716,분당선,매탄권선,4309,4163,8472
20210716,분당선,망포,12740,11674,24414
20210716,분당선,영통,7283,7359,14642
20210716,분당선,청명,3634,3477,7111
20210716,분당선,상갈,4829,4539,9368
20210716,분당선,수내,11448,11565,23013
20210716,분당선,신갈,3799,3868,7667
20210716,분당선,구성,4105,4394,8499
20210716,분당선,죽전,11670,12447,24117
20210716,분당선,보정,2003,1830,3833
20210716,분당선,이매,5099,4807,9906
20210716,분당선,오리,10181,8423,18604
20210716,분당선,미금,13733,14442,28175
20210716,분당선,기흥,8222,7854,16076
20210717,분당선,미금,8446,8696,17142
20210717,분당선,오리,5796,4920,10716
20210717,분당선,이매,3275,3184,6459
20210717,분당선,보정,1268,1166,2434
20210717,분당선,죽전,7562,8594,16156
20210717,분당선,구성,2346,2517,4863
20210717,분당선,신갈,2068,2117,4185
20210717,분당선,영통,5095,5040,10135
20210717,분당선,상갈,2898,2935,5833
20210717,분당선,청명,2039,2008,4047
20210717,분당선,정자,8361,8581,16942
20210717,분당선,망포,6719,6278,12997
20210717,분당선,매탄권선,2521,2443,4964
20210717,분당선,수원시청,7617,7846,15463
20210717,분당선,기흥,5139,4938,10077
20210717,분당선,수내,6900,6630,13530
20210717,분당선,매교,1590,1544,3134
20210717,분당선,야탑,12534,13302,25836
20210717,분당선,선릉,3807,5544,9351
20210717,분당선,한티,9920,9537,19457
20210717,분당선,도곡,3053,2874,5927
20210717,분당선,구룡,1328,1189,2517
20210717,분당선,개포동,2084,2051,4135
20210717,분당선,대모산입구,2022,1834,3856
20210717,분당선,수서,6434,7374,13808
20210717,분당선,서현,14229,14354,28583
20210717,분당선,서울숲,4874,4948,9822
20210717,분당선,압구정로데오,12502,13718,26220
20210717,분당선,강남구청,3723,4410,8133
20210717,분당선,선정릉,2521,2568,5089
20210717,분당선,가천대,3463,3906,7369
20210717,분당선,태평,8596,8026,16622
20210717,분당선,모란,12318,12345,24663
20210717,분당선,수원,5296,4445,9741
20210718,분당선,야탑,9024,9257,18281
20210718,분당선,모란,8043,8208,16251
20210718,분당선,태평,6086,5669,11755
20210718,분당선,가천대,2442,3094,5536
20210718,분당선,선정릉,1482,1546,3028
20210718,분당선,강남구청,2223,2681,4904
20210718,분당선,압구정로데오,7064,7750,14814
20210718,분당선,대모산입구,1049,984,2033
20210718,분당선,수원,4167,3367,7534
20210718,분당선,수서,6093,5163,11256
20210718,분당선,개포동,1186,1223,2409
20210718,분당선,구룡,441,479,920
20210718,분당선,도곡,1895,1804,3699
20210718,분당선,한티,6792,6555,13347
20210718,분당선,서현,9726,9858,19584
20210718,분당선,서울숲,3560,3581,7141
20210718,분당선,선릉,2036,3009,5045
20210718,분당선,수내,4485,4408,8893
20210718,분당선,미금,5042,5359,10401
20210718,분당선,정자,5430,5640,11070
20210718,분당선,매교,963,1026,1989
20210718,분당선,수원시청,5072,5148,10220
20210718,분당선,매탄권선,1756,1719,3475
20210718,분당선,영통,3459,3426,6885
20210718,분당선,청명,1309,1309,2618
20210718,분당선,상갈,2085,2096,4181
20210718,분당선,망포,4396,4750,9146
20210718,분당선,신갈,1351,1432,2783
20210718,분당선,구성,1605,1769,3374
20210718,분당선,죽전,5655,6484,12139
20210718,분당선,보정,768,737,1505
20210718,분당선,이매,2097,2090,4187
20210718,분당선,오리,3936,3529,7465
20210718,분당선,기흥,3711,3550,7261
20210719,분당선,모란,19666,20017,39683
20210719,분당선,태평,12150,11748,23898
20210719,분당선,가천대,5553,6409,11962
20210719,분당선,선정릉,7006,7534,14540
20210719,분당선,강남구청,8461,9592,18053
20210719,분당선,압구정로데오,13711,14973,28684
20210719,분당선,서울숲,8028,8209,16237
20210719,분당선,대모산입구,2941,2644,5585
20210719,분당선,수서,11315,11356,22671
20210719,분당선,개포동,3147,3286,6433
20210719,분당선,구룡,1477,1523,3000
20210719,분당선,도곡,5807,5787,11594
20210719,분당선,한티,12480,13406,25886
20210719,분당선,선릉,11859,17266,29125
20210719,분당선,수원,6786,5715,12501
20210719,분당선,야탑,21688,22590,44278
20210719,분당선,서현,21222,21301,42523
20210719,분당선,정자,14255,15148,29403
20210719,분당선,매교,2404,2328,4732
20210719,분당선,수원시청,10549,11122,21671
20210719,분당선,매탄권선,4110,4091,8201
20210719,분당선,망포,11847,11407,23254
20210719,분당선,영통,6752,6861,13613
20210719,분당선,청명,3488,3361,6849
20210719,분당선,상갈,4669,4464,9133
20210719,분당선,수내,11269,11229,22498
20210719,분당선,신갈,3875,3876,7751
20210719,분당선,구성,4076,4341,8417
20210719,분당선,죽전,10950,12078,23028
20210719,분당선,보정,2045,1780,3825
20210719,분당선,이매,4649,4370,9019
20210719,분당선,오리,10355,8713,19068
20210719,분당선,미금,13491,14542,28033
20210719,분당선,기흥,8058,7784,15842
20210720,분당선,수내,11383,11568,22951
20210720,분당선,정자,14769,15663,30432
20210720,분당선,미금,13569,14629,28198
20210720,분당선,오리,10549,8752,19301
20210720,분당선,이매,4536,4303,8839
20210720,분당선,보정,2043,1854,3897
20210720,분당선,죽전,11079,12258,23337
20210720,분당선,수원시청,10656,11446,22102
20210720,분당선,신갈,3917,3930,7847
20210720,분당선,매교,2344,2359,4703
20210720,분당선,매탄권선,4222,4118,8340
20210720,분당선,망포,11987,11429,23416
20210720,분당선,영통,6823,6889,13712
20210720,분당선,청명,3541,3372,6913
20210720,분당선,서현,21083,21255,42338
20210720,분당선,구성,4181,4430,8611
20210720,분당선,야탑,22106,23080,45186
20210720,분당선,상갈,4703,4512,9215
20210720,분당선,태평,12207,11671,23878
20210720,분당선,복정,1,0,1
20210720,분당선,기흥,8160,7739,15899
20210720,분당선,선릉,12063,17319,29382
20210720,분당선,한티,12779,13579,26358
20210720,분당선,도곡,5684,5706,11390
20210720,분당선,구룡,1774,1723,3497
20210720,분당선,개포동,3190,3397,6587
20210720,분당선,모란,17267,17477,34744
20210720,분당선,수서,10994,11129,22123
20210720,분당선,수원,6784,5679,12463
20210720,분당선,서울숲,8497,8536,17033
20210720,분당선,압구정로데오,15272,16569,31841
20210720,분당선,강남구청,8698,9961,18659
20210720,분당선,선정릉,7125,7580,14705
20210720,분당선,가천대,5459,6296,11755
20210720,분당선,대모산입구,2973,2782,5755
20210721,분당선,선정릉,7133,7575,14708
20210721,분당선,강남구청,8469,9793,18262
20210721,분당선,매탄권선,4098,3932,8030
20210721,분당선,수원시청,10670,11374,22044
20210721,분당선,압구정로데오,14679,15936,30615
20210721,분당선,서울숲,8483,8583,17066
20210721,분당선,수원,6765,5697,12462
20210721,분당선,구룡,1756,1691,3447
20210721,분당선,대모산입구,2842,2652,5494
20210721,분당선,개포동,3211,3390,6601
20210721,분당선,도곡,5673,5677,11350
20210721,분당선,한티,12779,13664,26443
20210721,분당선,선릉,11793,16921,28714
20210721,분당선,매교,2360,2382,4742
20210721,분당선,가천대,5437,6252,11689
20210721,분당선,수서,10995,11281,22276
20210721,분당선,복정,1,0,1
20210721,분당선,태평,11935,11426,23361
20210721,분당선,야탑,21477,22720,44197
20210721,분당선,모란,16988,17073,34061
20210721,분당선,망포,11962,11346,23308
20210721,분당선,영통,6777,6903,13680
20210721,분당선,청명,3545,3363,6908
20210721,분당선,상갈,4693,4506,9199
20210721,분당선,신갈,3801,3798,7599
20210721,분당선,구성,4015,4385,8400
20210721,분당선,기흥,8019,7760,15779
20210721,분당선,보정,1995,1760,3755
20210721,분당선,이매,4555,4382,8937
20210721,분당선,오리,10332,8595,18927
20210721,분당선,미금,13216,14112,27328
20210721,분당선,정자,14577,15448,30025
20210721,분당선,수내,11417,11519,22936
20210721,분당선,서현,20951,21045,41996
20210721,분당선,죽전,11074,12119,23193
20210722,분당선,강남구청,8465,9549,18014
20210722,분당선,야탑,21488,22366,43854
20210722,분당선,모란,16949,16919,33868
20210722,분당선,태평,11888,11423,23311
20210722,분당선,가천대,5468,6365,11833
20210722,분당선,선정릉,6992,7471,14463
20210722,분당선,압구정로데오,15021,16288,31309
20210722,분당선,선릉,11631,16985,28616
20210722,분당선,수원,6653,5599,12252
20210722,분당선,수서,10951,11582,22533
20210722,분당선,대모산입구,2841,2708,5549
20210722,분당선,개포동,3104,3253,6357
20210722,분당선,구룡,1757,1671,3428
20210722,분당선,도곡,5602,5611,11213
20210722,분당선,한티,12528,13494,26022
20210722,분당선,서울숲,8376,8389,16765
20210722,분당선,서현,20389,20749,41138
20210722,분당선,정자,14493,15270,29763
20210722,분당선,미금,12997,13943,26940
20210722,분당선,매교,2309,2332,4641
20210722,분당선,수원시청,10520,11122,21642
20210722,분당선,매탄권선,3920,3883,7803
20210722,분당선,망포,11785,11134,22919
20210722,분당선,영통,6709,6780,13489
20210722,분당선,청명,3498,3442,6940
20210722,분당선,상갈,4534,4395,8929
20210722,분당선,수내,11436,11490,22926
20210722,분당선,신갈,3772,3754,7526
20210722,분당선,구성,3974,4222,8196
20210722,분당선,죽전,10733,11847,22580
20210722,분당선,보정,2015,1793,3808
20210722,분당선,이매,4465,4179,8644
20210722,분당선,오리,10161,8345,18506
20210722,분당선,기흥,7939,7550,15489
20210723,분당선,오리,10399,8676,19075
20210723,분당선,이매,4746,4443,9189
20210723,분당선,보정,2016,1730,3746
20210723,분당선,죽전,11506,12463,23969
20210723,분당선,구성,4069,4394,8463
20210723,분당선,신갈,3746,3787,7533
20210723,분당선,기흥,8322,7813,16135
20210723,분당선,영통,7172,7351,14523
20210723,분당선,청명,3575,3453,7028
20210723,분당선,망포,12653,11667,24320
20210723,분당선,매탄권선,4310,4135,8445
20210723,분당선,수원시청,10897,11897,22794
20210723,분당선,매교,2320,2323,4643
20210723,분당선,미금,13502,14289,27791
20210723,분당선,상갈,4821,4498,9319
20210723,분당선,정자,14827,15573,30400
20210723,분당선,수내,11823,11809,23632
20210723,분당선,선릉,11884,16925,28809
20210723,분당선,서현,21440,21774,43214
20210723,분당선,한티,13195,13899,27094
20210723,분당선,도곡,5846,5748,11594
20210723,분당선,구룡,1584,1510,3094
20210723,분당선,개포동,3243,3397,6640
20210723,분당선,수서,11887,13253,25140
20210723,분당선,수원,6953,6127,13080
20210723,분당선,대모산입구,2926,2680,5606
20210723,분당선,압구정로데오,16419,18014,34433
20210723,분당선,강남구청,8655,9779,18434
20210723,분당선,선정릉,7190,7566,14756
20210723,분당선,가천대,5558,6292,11850
20210723,분당선,태평,12200,11605,23805
20210723,분당선,모란,17685,17632,35317
20210723,분당선,야탑,22126,23308,45434
20210723,분당선,서울숲,8550,8535,17085
20210724,분당선,구성,2285,2477,4762
20210724,분당선,미금,8684,8862,17546
20210724,분당선,오리,5864,4883,10747
20210724,분당선,이매,3144,3018,6162
20210724,분당선,보정,1159,1011,2170
20210724,분당선,죽전,7451,8502,15953
20210724,분당선,신갈,1994,2086,4080
20210724,분당선,정자,8195,8353,16548
20210724,분당선,상갈,2934,2989,5923
20210724,분당선,청명,1915,1899,3814
20210724,분당선,영통,4933,4728,9661
20210724,분당선,망포,6622,6162,12784
20210724,분당선,매탄권선,2552,2394,4946
20210724,분당선,수원시청,7362,7804,15166
20210724,분당선,매교,1474,1497,2971
20210724,분당선,기흥,5245,5039,10284
20210724,분당선,수내,6986,6643,13629
20210724,분당선,선릉,3716,5425,9141
20210724,분당선,야탑,12409,13299,25708
20210724,분당선,서현,14147,14388,28535
20210724,분당선,한티,10020,9468,19488
20210724,분당선,도곡,3124,2885,6009
20210724,분당선,구룡,956,856,1812
20210724,분당선,개포동,2051,1945,3996
20210724,분당선,수서,6566,7269,13835
20210724,분당선,복정,1,0,1
20210724,분당선,대모산입구,1808,1662,3470
20210724,분당선,서울숲,4555,4507,9062
20210724,분당선,압구정로데오,12244,13475,25719
20210724,분당선,강남구청,3694,4188,7882
20210724,분당선,선정릉,2475,2493,4968
20210724,분당선,가천대,3282,3844,7126
20210724,분당선,태평,8710,8077,16787
20210724,분당선,모란,14529,14734,29263
20210724,분당선,수원,5460,4575,10035
20210725,분당선,신갈,1271,1346,2617
20210725,분당선,오리,3902,3485,7387
20210725,분당선,이매,2226,2236,4462
20210725,분당선,보정,732,669,1401
20210725,분당선,죽전,5143,6146,11289
20210725,분당선,구성,1553,1751,3304
20210725,분당선,기흥,3566,3504,7070
20210725,분당선,미금,4872,5320,10192
20210725,분당선,청명,1501,1428,2929
20210725,분당선,영통,3218,3219,6437
20210725,분당선,망포,4154,4626,8780
20210725,분당선,매탄권선,1710,1721,3431
20210725,분당선,수원시청,5075,5119,10194
20210725,분당선,매교,941,990,1931
20210725,분당선,상갈,1949,2035,3984
20210725,분당선,수내,4596,4494,9090
20210725,분당선,정자,5320,5563,10883
20210725,분당선,야탑,8937,9203,18140
20210725,분당선,한티,7053,6622,13675
20210725,분당선,도곡,1593,1655,3248
20210725,분당선,구룡,476,482,958
20210725,분당선,개포동,1166,1187,2353
20210725,분당선,대모산입구,1207,1074,2281
20210725,분당선,수서,6135,5260,11395
20210725,분당선,수원,4329,3439,7768
20210725,분당선,선릉,1888,2899,4787
20210725,분당선,압구정로데오,7036,7581,14617
20210725,분당선,강남구청,2198,2599,4797
20210725,분당선,선정릉,1398,1534,2932
20210725,분당선,가천대,2369,2998,5367
20210725,분당선,태평,6111,5590,11701
20210725,분당선,모란,7915,8171,16086
20210725,분당선,서현,9999,9975,19974
20210725,분당선,서울숲,3232,3273,6505
20210726,분당선,태평,11894,11577,23471
20210726,분당선,가천대,5329,6267,11596
20210726,분당선,선정릉,7081,7644,14725
20210726,분당선,강남구청,8235,9386,17621
20210726,분당선,압구정로데오,14153,15139,29292
20210726,분당선,서울숲,8106,8112,16218
20210726,분당선,수원,6784,5699,12483
20210726,분당선,개포동,3111,3199,6310
20210726,분당선,수서,11271,11479,22750
20210726,분당선,대모산입구,2784,2546,5330
20210726,분당선,구룡,1512,1457,2969
20210726,분당선,도곡,5686,5628,11314
20210726,분당선,한티,12424,13175,25599
20210726,분당선,선릉,11850,17394,29244
20210726,분당선,모란,17087,16958,34045
20210726,분당선,복정,1,0,1
20210726,분당선,야탑,21474,22400,43874
20210726,분당선,서현,20725,20860,41585
20210726,분당선,수내,11190,11242,22432
20210726,분당선,수원시청,10607,11049,21656
20210726,분당선,매탄권선,3973,3839,7812
20210726,분당선,망포,11565,11282,22847
20210726,분당선,영통,6681,6708,13389
20210726,분당선,청명,3350,3284,6634
20210726,분당선,상갈,4558,4346,8904
20210726,분당선,기흥,8197,7530,15727
20210726,분당선,매교,2357,2328,4685
20210726,분당선,구성,3989,4219,8208
20210726,분당선,죽전,10751,11812,22563
20210726,분당선,보정,1989,1782,3771
20210726,분당선,이매,4577,4262,8839
20210726,분당선,오리,9913,8364,18277
20210726,분당선,미금,13113,14091,27204
20210726,분당선,정자,14169,14890,29059
20210726,분당선,신갈,3772,3800,7572
20210727,분당선,모란,16976,17101,34077
20210727,분당선,태평,11947,11532,23479
20210727,분당선,가천대,5325,6158,11483
20210727,분당선,선정릉,7142,7407,14549
20210727,분당선,강남구청,8327,9464,17791
20210727,분당선,압구정로데오,15110,16251,31361
20210727,분당선,서울숲,8304,8487,16791
20210727,분당선,대모산입구,2831,2624,5455
20210727,분당선,복정,3,0,3
20210727,분당선,수서,10892,11149,22041
20210727,분당선,개포동,3145,3205,6350
20210727,분당선,구룡,1498,1409,2907
20210727,분당선,도곡,5583,5631,11214
20210727,분당선,선릉,11895,17134,29029
20210727,분당선,야탑,21260,22210,43470
20210727,분당선,수원,6643,5577,12220
20210727,분당선,서현,20752,20900,41652
20210727,분당선,한티,12508,13173,25681
20210727,분당선,정자,14346,15027,29373
20210727,분당선,수내,11378,11466,22844
20210727,분당선,수원시청,10431,10910,21341
20210727,분당선,매탄권선,3963,3979,7942
20210727,분당선,망포,11604,11113,22717
20210727,분당선,영통,6451,6545,12996
20210727,분당선,청명,3488,3356,6844
20210727,분당선,상갈,4523,4302,8825
20210727,분당선,매교,2293,2309,4602
20210727,분당선,신갈,3803,3825,7628
20210727,분당선,구성,3936,4198,8134
20210727,분당선,죽전,10750,11997,22747
20210727,분당선,보정,2012,1730,3742
20210727,분당선,이매,4381,4170,8551
20210727,분당선,오리,9877,8290,18167
20210727,분당선,미금,13235,14108,27343
20210727,분당선,기흥,8019,7566,15585
20210728,분당선,미금,13085,13938,27023
20210728,분당선,오리,9953,8340,18293
20210728,분당선,이매,4588,4316,8904
20210728,분당선,보정,1906,1683,3589
20210728,분당선,죽전,10831,11958,22789
20210728,분당선,구성,3847,4188,8035
20210728,분당선,신갈,3742,3732,7474
20210728,분당선,영통,6608,6646,13254
20210728,분당선,상갈,4509,4315,8824
20210728,분당선,청명,3384,3286,6670
20210728,분당선,망포,11456,10918,22374
20210728,분당선,매탄권선,4016,3847,7863
20210728,분당선,수원시청,10470,11126,21596
20210728,분당선,정자,14243,14825,29068
20210728,분당선,기흥,8003,7644,15647
20210728,분당선,수내,11421,11426,22847
20210728,분당선,매교,2286,2279,4565
20210728,분당선,야탑,21230,22330,43560
20210728,분당선,선릉,11608,16814,28422
20210728,분당선,한티,12540,13331,25871
20210728,분당선,도곡,5484,5505,10989
20210728,분당선,구룡,1492,1417,2909
20210728,분당선,개포동,3077,3280,6357
20210728,분당선,대모산입구,2690,2571,5261
20210728,분당선,수서,10648,11300,21948
20210728,분당선,서현,20249,20361,40610
20210728,분당선,서울숲,8349,8423,16772
20210728,분당선,압구정로데오,14951,16033,30984
20210728,분당선,강남구청,8314,9524,17838
20210728,분당선,선정릉,6880,7338,14218
20210728,분당선,가천대,5474,6335,11809
20210728,분당선,태평,11784,11402,23186
20210728,분당선,모란,17075,16895,33970
20210728,분당선,수원,6607,5637,12244
20210729,분당선,정자,14067,14685,28752
20210729,분당선,미금,13060,13731,26791
20210729,분당선,오리,10025,8337,18362
20210729,분당선,이매,4325,4169,8494
20210729,분당선,보정,2010,1792,3802
20210729,분당선,죽전,10712,11844,22556
20210729,분당선,구성,3843,4232,8075
20210729,분당선,청명,3314,3231,6545
20210729,분당선,기흥,7923,7610,15533
20210729,분당선,상갈,4571,4355,8926
20210729,분당선,영통,6431,6518,12949
20210729,분당선,망포,11295,10757,22052
20210729,분당선,매탄권선,3939,3858,7797
20210729,분당선,수원시청,10251,11026,21277
20210729,분당선,수내,11098,11154,22252
20210729,분당선,신갈,3572,3752,7324
20210729,분당선,매교,2178,2277,4455
20210729,분당선,서현,20560,20612,41172
20210729,분당선,모란,19092,19168,38260
20210729,분당선,야탑,21094,22053,43147
20210729,분당선,선릉,11526,16661,28187
20210729,분당선,한티,12003,12845,24848
20210729,분당선,도곡,5480,5436,10916
20210729,분당선,개포동,3047,3189,6236
20210729,분당선,대모산입구,2831,2647,5478
20210729,분당선,수서,10826,11517,22343
20210729,분당선,구룡,1480,1393,2873
20210729,분당선,서울숲,8342,8290,16632
20210729,분당선,압구정로데오,15283,16506,31789
20210729,분당선,강남구청,8364,9546,17910
20210729,분당선,선정릉,7003,7440,14443
20210729,분당선,가천대,5570,6326,11896
20210729,분당선,태평,11925,11586,23511
20210729,분당선,수원,6575,5489,12064
20210730,분당선,압구정로데오,16532,17906,34438
20210730,분당선,모란,17322,17229,34551
20210730,분당선,태평,11955,11523,23478
20210730,분당선,가천대,5573,6111,11684
20210730,분당선,선정릉,6864,7193,14057
20210730,분당선,강남구청,8440,9507,17947
20210730,분당선,서울숲,8501,8522,17023
20210730,분당선,선릉,11389,16401,27790
20210730,분당선,복정,1,0,1
20210730,분당선,수서,11538,13316,24854
20210730,분당선,대모산입구,2749,2516,5265
20210730,분당선,개포동,3100,3254,6354
20210730,분당선,구룡,1482,1469,2951
20210730,분당선,도곡,5556,5529,11085
20210730,분당선,야탑,21523,22759,44282
20210730,분당선,수원,6872,6204,13076
20210730,분당선,서현,21414,21544,42958
20210730,분당선,한티,12819,13492,26311
20210730,분당선,정자,14369,14996,29365
20210730,분당선,매교,2278,2312,4590
20210730,분당선,수원시청,10726,11590,22316
20210730,분당선,매탄권선,4196,3967,8163
20210730,분당선,망포,12080,11102,23182
20210730,분당선,영통,6893,6923,13816
20210730,분당선,청명,3425,3262,6687
20210730,분당선,상갈,4667,4387,9054
20210730,분당선,수내,11157,11207,22364
20210730,분당선,신갈,3672,3667,7339
20210730,분당선,구성,3849,4204,8053
20210730,분당선,죽전,11184,12264,23448
20210730,분당선,보정,1906,1632,3538
20210730,분당선,이매,4489,4231,8720
20210730,분당선,오리,10074,8383,18457
20210730,분당선,기흥,8061,7707,15768
20210730,분당선,미금,13206,13869,27075
20210731,분당선,모란,12133,11990,24123
20210731,분당선,태평,8406,7873,16279
20210731,분당선,가천대,3221,3598,6819
20210731,분당선,선정릉,2501,2464,4965
20210731,분당선,강남구청,3681,4311,7992
20210731,분당선,압구정로데오,12411,13628,26039
20210731,분당선,서울숲,4701,4653,9354
20210731,분당선,대모산입구,1650,1501,3151
20210731,분당선,복정,2,0,2
20210731,분당선,수서,6540,7593,14133
20210731,분당선,야탑,12197,12850,25047
20210731,분당선,개포동,1941,1908,3849
20210731,분당선,구룡,916,799,1715
20210731,분당선,도곡,3108,2841,5949
20210731,분당선,한티,9475,9070,18545
20210731,분당선,수원,5431,4755,10186
20210731,분당선,서현,13348,13427,26775
20210731,분당선,선릉,3718,5308,9026
20210731,분당선,정자,7983,8104,16087
20210731,분당선,매교,1423,1471,2894
20210731,분당선,수원시청,7118,7614,14732
20210731,분당선,매탄권선,2425,2306,4731
20210731,분당선,망포,6486,6017,12503
20210731,분당선,영통,4778,4697,9475
20210731,분당선,청명,1876,1790,3666
20210731,분당선,상갈,2839,2736,5575
20210731,분당선,수내,6538,6259,12797
20210731,분당선,신갈,1996,1979,3975
20210731,분당선,구성,2190,2455,4645
20210731,분당선,죽전,7246,8264,15510
20210731,분당선,보정,1181,1063,2244
20210731,분당선,이매,3005,2941,5946
20210731,분당선,오리,5504,4663,10167
20210731,분당선,미금,8180,8422,16602
20210731,분당선,기흥,5082,4887,9969
20210801,분당선,야탑,8957,9222,18179
20210801,분당선,모란,7998,8299,16297
20210801,분당선,태평,6036,5647,11683
20210801,분당선,가천대,2324,2894,5218
20210801,분당선,선정릉,1399,1490,2889
20210801,분당선,강남구청,2219,2733,4952
20210801,분당선,압구정로데오,7159,7584,14743
20210801,분당선,대모산입구,1097,1039,2136
20210801,분당선,수원,4204,3386,7590
20210801,분당선,수서,6028,5284,11312
20210801,분당선,개포동,1080,1141,2221
20210801,분당선,구룡,453,473,926
20210801,분당선,도곡,1831,1886,3717
20210801,분당선,한티,6773,6391,13164
20210801,분당선,서현,9796,9923,19719
20210801,분당선,서울숲,3064,3163,6227
20210801,분당선,선릉,1929,2710,4639
20210801,분당선,수내,4392,4397,8789
20210801,분당선,미금,4997,5313,10310
20210801,분당선,정자,5283,5331,10614
20210801,분당선,매교,922,912,1834
20210801,분당선,수원시청,4703,4867,9570
20210801,분당선,매탄권선,1607,1627,3234
20210801,분당선,영통,3344,3394,6738
20210801,분당선,청명,1277,1298,2575
20210801,분당선,상갈,1990,2146,4136
20210801,분당선,망포,4234,4557,8791
20210801,분당선,신갈,1312,1389,2701
20210801,분당선,구성,1570,1654,3224
20210801,분당선,죽전,5558,6289,11847
20210801,분당선,보정,770,722,1492
20210801,분당선,이매,2153,2293,4446
20210801,분당선,오리,3981,3493,7474
20210801,분당선,기흥,3566,3332,6898
20210802,분당선,모란,16128,16339,32467
20210802,분당선,태평,11443,11001,22444
20210802,분당선,가천대,4586,5389,9975
20210802,분당선,선정릉,6705,7199,13904
20210802,분당선,강남구청,8167,9351,17518
20210802,분당선,압구정로데오,13865,14787,28652
20210802,분당선,서울숲,7912,7977,15889
20210802,분당선,대모산입구,2804,2539,5343
20210802,분당선,복정,1,0,1
20210802,분당선,수서,10950,10905,21855
20210802,분당선,개포동,2675,2872,5547
20210802,분당선,구룡,1297,1228,2525
20210802,분당선,도곡,5414,5394,10808
20210802,분당선,야탑,20744,21546,42290
20210802,분당선,선릉,10989,16199,27188
20210802,분당선,수원,6611,5575,12186
20210802,분당선,한티,11749,12614,24363
20210802,분당선,수내,10640,10542,21182
20210802,분당선,정자,13363,13925,27288
20210802,분당선,매교,2020,2063,4083
20210802,분당선,수원시청,9835,10289,20124
20210802,분당선,매탄권선,3822,3631,7453
20210802,분당선,망포,10638,10201,20839
20210802,분당선,영통,6270,6365,12635
20210802,분당선,청명,3223,3089,6312
20210802,분당선,상갈,4122,4009,8131
20210802,분당선,서현,20324,20723,41047
20210802,분당선,신갈,3544,3602,7146
20210802,분당선,구성,3623,4026,7649
20210802,분당선,죽전,10109,11184,21293
20210802,분당선,보정,1849,1675,3524
20210802,분당선,이매,4337,4130,8467
20210802,분당선,오리,9526,8042,17568
20210802,분당선,미금,12599,13415,26014
20210802,분당선,기흥,7498,7200,14698
20210803,분당선,미금,12949,13929,26878
20210803,분당선,오리,9851,8200,18051
20210803,분당선,이매,4410,4245,8655
20210803,분당선,보정,1898,1742,3640
20210803,분당선,죽전,10134,11379,21513
20210803,분당선,구성,3731,4013,7744
20210803,분당선,신갈,3677,3744,7421
20210803,분당선,영통,6398,6444,12842
20210803,분당선,상갈,4369,4228,8597
20210803,분당선,청명,3095,3075,6170
20210803,분당선,망포,10606,10258,20864
20210803,분당선,매탄권선,3870,3644,7514
20210803,분당선,수원시청,9944,10373,20317
20210803,분당선,정자,13455,14147,27602
20210803,분당선,기흥,7570,7283,14853
20210803,분당선,수내,10817,10911,21728
20210803,분당선,매교,2117,2159,4276
20210803,분당선,야탑,21060,22044,43104
20210803,분당선,선릉,11041,16263,27304
20210803,분당선,한티,12426,12818,25244
20210803,분당선,도곡,5428,5391,10819
20210803,분당선,구룡,1296,1280,2576
20210803,분당선,개포동,2729,2891,5620
20210803,분당선,대모산입구,2820,2569,5389
20210803,분당선,수서,10761,10850,21611
20210803,분당선,서현,20375,20524,40899
20210803,분당선,서울숲,8150,8256,16406
20210803,분당선,압구정로데오,14532,15689,30221
20210803,분당선,강남구청,8177,9388,17565
20210803,분당선,선정릉,6847,7305,14152
20210803,분당선,가천대,4645,5600,10245
20210803,분당선,태평,11592,11001,22593
20210803,분당선,모란,16700,16896,33596
20210803,분당선,수원,6690,5529,12219
20210804,분당선,정자,13600,14276,27876
20210804,분당선,미금,12729,13516,26245
20210804,분당선,오리,9826,8264,18090
20210804,분당선,이매,4423,4211,8634
20210804,분당선,보정,1874,1663,3537
20210804,분당선,죽전,10314,11549,21863
20210804,분당선,구성,3720,4046,7766
20210804,분당선,청명,3271,3154,6425
20210804,분당선,기흥,7601,7412,15013
20210804,분당선,상갈,4339,4131,8470
20210804,분당선,영통,6331,6348,12679
20210804,분당선,망포,10760,10231,20991
20210804,분당선,매탄권선,3827,3667,7494
20210804,분당선,수원시청,9930,10411,20341
20210804,분당선,수내,11133,10981,22114
20210804,분당선,신갈,3709,3683,7392
20210804,분당선,매교,2116,2126,4242
20210804,분당선,서현,20445,20727,41172
20210804,분당선,모란,18983,19367,38350
20210804,분당선,야탑,21020,21878,42898
20210804,분당선,선릉,11006,16208,27214
20210804,분당선,한티,12281,13154,25435
20210804,분당선,도곡,5510,5409,10919
20210804,분당선,개포동,2946,3039,5985
20210804,분당선,대모산입구,2801,2714,5515
20210804,분당선,수서,10899,11228,22127
20210804,분당선,구룡,1305,1247,2552
20210804,분당선,서울숲,8331,8396,16727
20210804,분당선,압구정로데오,14778,15970,30748
20210804,분당선,강남구청,8349,9512,17861
20210804,분당선,선정릉,6917,7322,14239
20210804,분당선,가천대,4700,5604,10304
20210804,분당선,태평,11861,11327,23188
20210804,분당선,수원,6722,5603,12325
20210805,분당선,구성,3798,4082,7880
20210805,분당선,미금,12924,13741,26665
20210805,분당선,오리,9859,8217,18076
20210805,분당선,이매,4434,4285,8719
20210805,분당선,보정,1846,1656,3502
20210805,분당선,죽전,10407,11548,21955
20210805,분당선,신갈,3669,3681,7350
20210805,분당선,정자,13600,14426,28026
20210805,분당선,상갈,4285,4124,8409
20210805,분당선,청명,3354,3250,6604
20210805,분당선,영통,6454,6577,13031
20210805,분당선,망포,10899,10327,21226
20210805,분당선,매탄권선,3821,3684,7505
20210805,분당선,매교,2070,2080,4150
20210805,분당선,기흥,7826,7492,15318
20210805,분당선,수내,11003,11065,22068
20210805,분당선,수원시청,9990,10488,20478
20210805,분당선,야탑,21173,21969,43142
20210805,분당선,선릉,11246,16466,27712
20210805,분당선,한티,12435,13168,25603
20210805,분당선,도곡,5567,5557,11124
20210805,분당선,구룡,1291,1270,2561
20210805,분당선,개포동,3048,3089,6137
20210805,분당선,대모산입구,2876,2698,5574
20210805,분당선,수서,10832,11265,22097
20210805,분당선,서현,20442,20493,40935
20210805,분당선,서울숲,8590,8645,17235
20210805,분당선,압구정로데오,15252,16434,31686
20210805,분당선,강남구청,8353,9456,17809
20210805,분당선,선정릉,6883,7286,14169
20210805,분당선,가천대,4647,5565,10212
20210805,분당선,태평,11711,11160,22871
20210805,분당선,모란,16936,16922,33858
20210805,분당선,수원,6635,5493,12128
20210806,분당선,모란,17504,17488,34992
20210806,분당선,태평,11966,11478,23444
20210806,분당선,선정릉,6785,7199,13984
20210806,분당선,강남구청,8401,9534,17935
20210806,분당선,압구정로데오,16341,17887,34228
20210806,분당선,서울숲,8661,8770,17431
20210806,분당선,수원,6830,5891,12721
20210806,분당선,구룡,1301,1231,2532
20210806,분당선,대모산입구,2886,2675,5561
20210806,분당선,개포동,3029,3205,6234
20210806,분당선,야탑,21358,22651,44009
20210806,분당선,도곡,5698,5619,11317
20210806,분당선,한티,13095,13752,26847
20210806,분당선,선릉,11056,16134,27190
20210806,분당선,수서,11439,12485,23924
20210806,분당선,서현,20854,21134,41988
20210806,분당선,가천대,4789,5457,10246
20210806,분당선,정자,13992,14777,28769
20210806,분당선,수내,11247,11317,22564
20210806,분당선,수원시청,10299,11285,21584
20210806,분당선,매탄권선,4011,3847,7858
20210806,분당선,망포,11620,10791,22411
20210806,분당선,영통,6824,6834,13658
20210806,분당선,청명,3386,3220,6606
20210806,분당선,상갈,4533,4351,8884
20210806,분당선,기흥,7961,7707,15668
20210806,분당선,매교,2142,2161,4303
20210806,분당선,구성,3917,4309,8226
20210806,분당선,죽전,10851,11872,22723
20210806,분당선,보정,1948,1718,3666
20210806,분당선,이매,4606,4384,8990
20210806,분당선,오리,9975,8449,18424
20210806,분당선,미금,13064,13648,26712
20210806,분당선,신갈,3775,3757,7532
20210807,분당선,미금,8868,9051,17919
20210807,분당선,오리,6127,5081,11208
20210807,분당선,이매,3029,2973,6002
20210807,분당선,보정,1244,1132,2376
20210807,분당선,죽전,7851,8827,16678
20210807,분당선,구성,2351,2492,4843
20210807,분당선,신갈,2106,2123,4229
20210807,분당선,영통,5037,4880,9917
20210807,분당선,상갈,3032,3004,6036
20210807,분당선,청명,2059,1930,3989
20210807,분당선,망포,6666,6145,12811
20210807,분당선,매탄권선,2479,2421,4900
20210807,분당선,수원시청,7633,8222,15855
20210807,분당선,매교,1423,1501,2924
20210807,분당선,정자,8496,8569,17065
20210807,분당선,기흥,5302,5339,10641
20210807,분당선,수내,6937,6634,13571
20210807,분당선,구룡,1125,1021,2146
20210807,분당선,야탑,12688,13427,26115
20210807,분당선,서현,14479,14830,29309
20210807,분당선,한티,10248,9742,19990
20210807,분당선,도곡,3244,2954,6198
20210807,분당선,개포동,2026,2002,4028
20210807,분당선,대모산입구,2058,1881,3939
20210807,분당선,수서,7318,7988,15306
20210807,분당선,수원,5578,4639,10217
20210807,분당선,선릉,3883,5502,9385
20210807,분당선,압구정로데오,13534,14948,28482
20210807,분당선,강남구청,3782,4499,8281
20210807,분당선,선정릉,2530,2535,5065
20210807,분당선,가천대,3445,3809,7254
20210807,분당선,태평,8787,8189,16976
20210807,분당선,모란,12940,13175,26115
20210807,분당선,서울숲,5462,5348,10810
20210808,분당선,개포동,1261,1257,2518
20210808,분당선,구룡,802,838,1640
20210808,분당선,구성,1626,1824,3450
20210808,분당선,한티,7079,6692,13771
20210808,분당선,선릉,2026,2987,5013
20210808,분당선,매교,963,1029,1992
20210808,분당선,수원시청,4964,4902,9866
20210808,분당선,영통,3144,3208,6352
20210808,분당선,망포,4453,4776,9229
20210808,분당선,청명,1359,1347,2706
20210808,분당선,상갈,2139,2263,4402
20210808,분당선,기흥,3803,3653,7456
20210808,분당선,신갈,1374,1443,2817
20210808,분당선,대모산입구,1372,1298,2670
20210808,분당선,매탄권선,1817,1696,3513
20210808,분당선,미금,5243,5493,10736
20210808,분당선,도곡,1850,1782,3632
20210808,분당선,이매,2164,2158,4322
20210808,분당선,정자,5488,5766,11254
20210808,분당선,수내,4624,4534,9158
20210808,분당선,서현,10446,10657,21103
20210808,분당선,야탑,9117,9420,18537
20210808,분당선,모란,8441,8698,17139
20210808,분당선,태평,6248,5785,12033
20210808,분당선,가천대,2447,3079,5526
20210808,분당선,오리,4057,3517,7574
20210808,분당선,강남구청,2340,2784,5124
20210808,분당선,압구정로데오,7964,8621,16585
20210808,분당선,서울숲,3640,3642,7282
20210808,분당선,수원,4254,3432,7686
20210808,분당선,수서,6266,5587,11853
20210808,분당선,죽전,5438,6375,11813
20210808,분당선,보정,789,730,1519
20210808,분당선,선정릉,1452,1532,2984
20210809,분당선,모란,19920,20267,40187
20210809,분당선,태평,12360,11944,24304
20210809,분당선,가천대,5574,6520,12094
20210809,분당선,선정릉,7233,7803,15036
20210809,분당선,강남구청,8638,9695,18333
20210809,분당선,압구정로데오,14212,15399,29611
20210809,분당선,서울숲,8681,8729,17410
20210809,분당선,대모산입구,3133,3022,6155
20210809,분당선,복정,1,0,1
20210809,분당선,수서,11438,11656,23094
20210809,분당선,야탑,21939,22657,44596
20210809,분당선,개포동,3209,3346,6555
20210809,분당선,구룡,1507,1467,2974
20210809,분당선,도곡,5850,5883,11733
20210809,분당선,선릉,12017,17512,29529
20210809,분당선,수원,6690,5584,12274
20210809,분당선,서현,20422,20412,40834
20210809,분당선,한티,12751,13549,26300
20210809,분당선,정자,14417,15021,29438
20210809,분당선,수원시청,10657,11152,21809
20210809,분당선,매탄권선,4180,3936,8116
20210809,분당선,망포,11943,11497,23440
20210809,분당선,영통,6734,6928,13662
20210809,분당선,청명,3532,3354,6886
20210809,분당선,상갈,4707,4492,9199
20210809,분당선,기흥,8166,7856,16022
20210809,분당선,매교,2351,2377,4728
20210809,분당선,구성,4064,4384,8448
20210809,분당선,신갈,3973,3971,7944
20210809,분당선,미금,13417,14442,27859
20210809,분당선,오리,10328,8557,18885
20210809,분당선,수내,11560,11622,23182
20210809,분당선,보정,1999,1734,3733
20210809,분당선,죽전,10888,12050,22938
20210809,분당선,이매,4694,4502,9196
20210810,분당선,야탑,22153,23097,45250
20210810,분당선,모란,17838,17990,35828
20210810,분당선,태평,12222,11846,24068
20210810,분당선,가천대,5614,6482,12096
20210810,분당선,선정릉,7203,7613,14816
20210810,분당선,강남구청,8683,9975,18658
20210810,분당선,압구정로데오,15690,16880,32570
20210810,분당선,수원,6826,5761,12587
20210810,분당선,수서,11281,11372,22653
20210810,분당선,개포동,3272,3383,6655
20210810,분당선,구룡,1521,1489,3010
20210810,분당선,도곡,5981,5784,11765
20210810,분당선,한티,12856,13639,26495
20210810,분당선,서현,21640,21816,43456
20210810,분당선,선릉,11933,17638,29571
20210810,분당선,서울숲,8789,8973,17762
20210810,분당선,대모산입구,3176,2967,6143
20210810,분당선,수내,11754,11788,23542
20210810,분당선,미금,13704,14536,28240
20210810,분당선,정자,14221,15077,29298
20210810,분당선,매교,2370,2403,4773
20210810,분당선,수원시청,10701,11263,21964
20210810,분당선,매탄권선,4168,4115,8283
20210810,분당선,영통,6838,6851,13689
20210810,분당선,청명,3461,3409,6870
20210810,분당선,상갈,4729,4568,9297
20210810,분당선,망포,11866,11484,23350
20210810,분당선,신갈,3995,3924,7919
20210810,분당선,구성,4069,4413,8482
20210810,분당선,죽전,11037,12262,23299
20210810,분당선,보정,2032,1830,3862
20210810,분당선,이매,4671,4503,9174
20210810,분당선,오리,10439,8754,19193
20210810,분당선,기흥,8281,7903,16184
20210811,분당선,미금,13587,14337,27924
20210811,분당선,오리,10305,8564,18869
20210811,분당선,이매,4793,4515,9308
20210811,분당선,보정,2053,1817,3870
20210811,분당선,죽전,11284,12488,23772
20210811,분당선,구성,4125,4472,8597
20210811,분당선,신갈,3921,3917,7838
20210811,분당선,청명,3604,3469,7073
20210811,분당선,상갈,4655,4515,9170
20210811,분당선,영통,6961,6989,13950
20210811,분당선,망포,11972,11546,23518
20210811,분당선,매탄권선,4285,4066,8351
20210811,분당선,수원시청,10947,11523,22470
20210811,분당선,매교,2395,2399,4794
20210811,분당선,기흥,8262,7899,16161
20210811,분당선,정자,14692,15403,30095
20210811,분당선,수내,11838,11717,23555
20210811,분당선,야탑,22452,23358,45810
20210811,분당선,선릉,11896,17389,29285
20210811,분당선,한티,13102,13861,26963
20210811,분당선,도곡,5866,5693,11559
20210811,분당선,구룡,1542,1494,3036
20210811,분당선,개포동,3317,3493,6810
20210811,분당선,대모산입구,3145,2975,6120
20210811,분당선,수서,11205,11753,22958
20210811,분당선,서현,21537,21549,43086
20210811,분당선,서울숲,9013,9165,18178
20210811,분당선,압구정로데오,15196,16621,31817
20210811,분당선,강남구청,8731,10072,18803
20210811,분당선,선정릉,7229,7679,14908
20210811,분당선,가천대,5620,6485,12105
20210811,분당선,태평,12304,11840,24144
20210811,분당선,모란,17561,17655,35216
20210811,분당선,수원,6941,5764,12705
20210812,분당선,모란,17183,17219,34402
20210812,분당선,태평,12154,11664,23818
20210812,분당선,선정릉,7370,7616,14986
20210812,분당선,강남구청,8689,9972,18661
20210812,분당선,압구정로데오,16187,17382,33569
20210812,분당선,서울숲,8885,8889,17774
20210812,분당선,수원,6808,5781,12589
20210812,분당선,구룡,1562,1517,3079
20210812,분당선,대모산입구,3189,2991,6180
20210812,분당선,개포동,3242,3356,6598
20210812,분당선,야탑,22115,23077,45192
20210812,분당선,도곡,5844,5798,11642
20210812,분당선,한티,12890,13661,26551
20210812,분당선,선릉,12051,17259,29310
20210812,분당선,수서,11339,12099,23438
20210812,분당선,서현,21247,21448,42695
20210812,분당선,가천대,5555,6298,11853
20210812,분당선,정자,14466,15149,29615
20210812,분당선,수내,11695,11615,23310
20210812,분당선,수원시청,10658,11161,21819
20210812,분당선,매탄권선,4209,4025,8234
20210812,분당선,망포,11694,11178,22872
20210812,분당선,영통,6879,6958,13837
20210812,분당선,청명,3433,3344,6777
20210812,분당선,상갈,4539,4468,9007
20210812,분당선,기흥,8145,7883,16028
20210812,분당선,매교,2269,2327,4596
20210812,분당선,구성,4105,4401,8506
20210812,분당선,죽전,10927,12277,23204
20210812,분당선,보정,2064,1760,3824
20210812,분당선,이매,4502,4426,8928
20210812,분당선,오리,10288,8536,18824
20210812,분당선,미금,13390,14415,27805
20210812,분당선,신갈,3842,3910,7752
20210813,분당선,미금,13909,14564,28473
20210813,분당선,오리,10420,8458,18878
20210813,분당선,이매,4764,4542,9306
20210813,분당선,보정,2012,1775,3787
20210813,분당선,죽전,11583,12826,24409
20210813,분당선,구성,4197,4445,8642
20210813,분당선,신갈,3910,3826,7736
20210813,분당선,매교,2323,2293,4616
20210813,분당선,상갈,4802,4635,9437
20210813,분당선,청명,3520,3408,6928
20210813,분당선,영통,7113,7150,14263
20210813,분당선,망포,12509,11486,23995
20210813,분당선,매탄권선,4318,3994,8312
20210813,분당선,수원시청,10946,12051,22997
20210813,분당선,정자,14710,15370,30080
20210813,분당선,기흥,8315,8125,16440
20210813,분당선,수내,11846,11729,23575
20210813,분당선,구룡,1527,1469,2996
20210813,분당선,야탑,22673,23811,46484
20210813,분당선,서현,21938,22251,44189
20210813,분당선,선릉,11520,16735,28255
20210813,분당선,한티,13290,14047,27337
20210813,분당선,도곡,5963,5828,11791
20210813,분당선,개포동,3252,3395,6647
20210813,분당선,대모산입구,3182,2906,6088
20210813,분당선,수서,12191,13775,25966
20210813,분당선,복정,1,0,1
20210813,분당선,서울숲,9193,9116,18309
20210813,분당선,압구정로데오,16804,18512,35316
20210813,분당선,강남구청,8773,9885,18658
20210813,분당선,선정릉,6964,7291,14255
20210813,분당선,가천대,5739,6372,12111
20210813,분당선,태평,12299,11687,23986
20210813,분당선,모란,17999,18049,36048
20210813,분당선,수원,7209,6176,13385
20210814,분당선,야탑,13418,14398,27816
20210814,분당선,모란,15841,16187,32028
20210814,분당선,태평,9146,8487,17633
20210814,분당선,가천대,3773,4067,7840
20210814,분당선,선정릉,2456,2469,4925
20210814,분당선,강남구청,3839,4620,8459
20210814,분당선,압구정로데오,13529,15178,28707
20210814,분당선,대모산입구,2475,2330,4805
20210814,분당선,수원,5534,4712,10246
20210814,분당선,수서,7432,8669,16101
20210814,분당선,개포동,2166,2107,4273
20210814,분당선,구룡,1359,1269,2628
20210814,분당선,도곡,3465,2945,6410
20210814,분당선,한티,10070,9684,19754
20210814,분당선,서현,14846,14907,29753
20210814,분당선,서울숲,5900,5636,11536
20210814,분당선,선릉,3836,5638,9474
20210814,분당선,수내,7289,6731,14020
20210814,분당선,미금,8969,9277,18246
20210814,분당선,정자,8438,8622,17060
20210814,분당선,매교,1655,1636,3291
20210814,분당선,수원시청,7435,7860,15295
20210814,분당선,매탄권선,2601,2491,5092
20210814,분당선,영통,4977,4916,9893
20210814,분당선,청명,2052,1969,4021
20210814,분당선,상갈,3091,3018,6109
20210814,분당선,망포,7105,6325,13430
20210814,분당선,신갈,2164,2226,4390
20210814,분당선,구성,2574,2685,5259
20210814,분당선,죽전,7947,9043,16990
20210814,분당선,보정,1259,1123,2382
20210814,분당선,이매,3184,3132,6316
20210814,분당선,오리,6245,5130,11375
20210814,분당선,기흥,5346,5163,10509
20210815,분당선,압구정로데오,8720,9722,18442
20210815,분당선,모란,8690,8837,17527
20210815,분당선,태평,6514,6031,12545
20210815,분당선,가천대,2537,3087,5624
20210815,분당선,선정릉,1564,1634,3198
20210815,분당선,강남구청,2366,2705,5071
20210815,분당선,서울숲,5040,4941,9981
20210815,분당선,한티,7193,6799,13992
20210815,분당선,복정,1,0,1
20210815,분당선,수서,5793,5466,11259
20210815,분당선,대모산입구,1398,1350,2748
20210815,분당선,개포동,1250,1295,2545
20210815,분당선,구룡,499,480,979
20210815,분당선,도곡,2024,1963,3987
20210815,분당선,야탑,9529,9896,19425
20210815,분당선,수원,4522,3763,8285
20210815,분당선,서현,10600,10823,21423
20210815,분당선,선릉,2070,3081,5151
20210815,분당선,정자,5771,6065,11836
20210815,분당선,매교,1087,1140,2227
20210815,분당선,수원시청,5465,5700,11165
20210815,분당선,매탄권선,1924,1865,3789
20210815,분당선,망포,4808,4714,9522
20210815,분당선,영통,3672,3746,7418
20210815,분당선,청명,1456,1441,2897
20210815,분당선,상갈,2308,2333,4641
20210815,분당선,수내,4645,4578,9223
20210815,분당선,신갈,1563,1530,3093
20210815,분당선,구성,1831,2016,3847
20210815,분당선,죽전,6112,7069,13181
20210815,분당선,보정,881,835,1716
20210815,분당선,이매,2413,2426,4839
20210815,분당선,오리,4247,3571,7818
20210815,분당선,미금,5529,5730,11259
20210815,분당선,기흥,4208,3961,8169
20210816,분당선,정자,7491,7805,15296
20210816,분당선,미금,8511,9077,17588
20210816,분당선,오리,5537,4722,10259
20210816,분당선,이매,2836,2850,5686
20210816,분당선,보정,1108,979,2087
20210816,분당선,죽전,7221,8323,15544
20210816,분당선,구성,2396,2542,4938
20210816,분당선,청명,1830,1867,3697
20210816,분당선,기흥,5063,4859,9922
20210816,분당선,상갈,2859,2930,5789
20210816,분당선,영통,4560,4534,9094
20210816,분당선,망포,6088,6452,12540
20210816,분당선,매탄권선,2310,2299,4609
20210816,분당선,수원시청,6783,6904,13687
20210816,분당선,수내,6232,6240,12472
20210816,분당선,신갈,1972,1996,3968
20210816,분당선,매교,1523,1505,3028
20210816,분당선,서현,13948,13982,27930
20210816,분당선,모란,12027,12446,24473
20210816,분당선,야탑,12724,12995,25719
20210816,분당선,선릉,3655,5460,9115
20210816,분당선,한티,8085,8448,16533
20210816,분당선,도곡,2995,2963,5958
20210816,분당선,개포동,1965,1904,3869
20210816,분당선,대모산입구,1897,1771,3668
20210816,분당선,수서,8111,7243,15354
20210816,분당선,구룡,756,807,1563
20210816,분당선,서울숲,5250,5089,10339
20210816,분당선,압구정로데오,10577,11589,22166
20210816,분당선,강남구청,3353,4052,7405
20210816,분당선,선정릉,2313,2498,4811
20210816,분당선,가천대,3354,3936,7290
20210816,분당선,태평,8131,7865,15996
20210816,분당선,수원,5228,4294,9522
20210817,분당선,구성,4192,4563,8755
20210817,분당선,미금,13737,14785,28522
20210817,분당선,오리,10394,8561,18955
20210817,분당선,이매,4954,4577,9531
20210817,분당선,보정,2186,1904,4090
20210817,분당선,죽전,11102,12354,23456
20210817,분당선,신갈,4050,4107,8157
20210817,분당선,매교,2678,2644,5322
20210817,분당선,상갈,4678,4561,9239
20210817,분당선,청명,3583,3533,7116
20210817,분당선,영통,6920,7135,14055
20210817,분당선,망포,11954,11477,23431
20210817,분당선,매탄권선,4312,4152,8464
20210817,분당선,수원시청,10711,11409,22120
20210817,분당선,정자,14667,15675,30342
20210817,분당선,기흥,8268,7982,16250
20210817,분당선,수내,11736,11641,23377
20210817,분당선,도곡,5972,6132,12104
20210817,분당선,야탑,22318,23223,45541
20210817,분당선,선릉,12236,17777,30013
20210817,분당선,한티,12529,13531,26060
20210817,분당선,서현,21459,21825,43284
20210817,분당선,구룡,1523,1533,3056
20210817,분당선,대모산입구,3299,3098,6397
20210817,분당선,수서,11996,11931,23927
20210817,분당선,수원,6664,5555,12219
20210817,분당선,개포동,3325,3478,6803
20210817,분당선,압구정로데오,16457,17284,33741
20210817,분당선,강남구청,8956,10199,19155
20210817,분당선,선정릉,7491,7915,15406
20210817,분당선,가천대,5612,6617,12229
20210817,분당선,태평,12136,11800,23936
20210817,분당선,모란,17698,17935,35633
20210817,분당선,서울숲,9058,9182,18240
20210818,분당선,압구정로데오,15851,17222,33073
20210818,분당선,모란,17782,17809,35591
20210818,분당선,태평,12297,11685,23982
20210818,분당선,가천대,5707,6606,12313
20210818,분당선,선정릉,7310,7822,15132
20210818,분당선,강남구청,8863,10130,18993
20210818,분당선,서울숲,9113,9236,18349
20210818,분당선,한티,12640,13640,26280
20210818,분당선,복정,1,0,1
20210818,분당선,수서,11685,11915,23600
20210818,분당선,대모산입구,3402,3032,6434
20210818,분당선,개포동,3419,3519,6938
20210818,분당선,구룡,1598,1622,3220
20210818,분당선,도곡,5985,6019,12004
20210818,분당선,야탑,22393,23500,45893
20210818,분당선,수원,6617,5473,12090
20210818,분당선,서현,21164,21613,42777
20210818,분당선,선릉,11967,17753,29720
20210818,분당선,정자,14621,15492,30113
20210818,분당선,매교,2715,2671,5386
20210818,분당선,수원시청,10492,11332,21824
20210818,분당선,매탄권선,4313,4124,8437
20210818,분당선,망포,12019,11509,23528
20210818,분당선,영통,6898,7054,13952
20210818,분당선,청명,3723,3547,7270
20210818,분당선,상갈,4679,4632,9311
20210818,분당선,수내,11593,11530,23123
20210818,분당선,신갈,4060,3973,8033
20210818,분당선,구성,4173,4485,8658
20210818,분당선,죽전,11181,12562,23743
20210818,분당선,보정,2183,1927,4110
20210818,분당선,이매,4925,4643,9568
20210818,분당선,오리,10469,8649,19118
20210818,분당선,미금,13403,14516,27919
20210818,분당선,기흥,8286,7928,16214
20210819,분당선,정자,14869,15837,30706
20210819,분당선,미금,13899,14952,28851
20210819,분당선,오리,10799,8932,19731
20210819,분당선,이매,5086,4718,9804
20210819,분당선,보정,2219,1987,4206
20210819,분당선,죽전,11556,12826,24382
20210819,분당선,구성,4232,4602,8834
20210819,분당선,청명,3705,3500,7205
20210819,분당선,기흥,8349,7877,16226
20210819,분당선,상갈,4713,4642,9355
20210819,분당선,영통,7026,7172,14198
20210819,분당선,망포,12310,11672,23982
20210819,분당선,매탄권선,4400,4187,8587
20210819,분당선,수원시청,10888,11444,22332
20210819,분당선,수내,11742,11842,23584
20210819,분당선,신갈,4077,4072,8149
20210819,분당선,매교,2786,2746,5532
20210819,분당선,서현,21628,21850,43478
20210819,분당선,모란,21047,21249,42296
20210819,분당선,야탑,22703,23703,46406
20210819,분당선,선릉,12166,17721,29887
20210819,분당선,한티,12930,13903,26833
20210819,분당선,도곡,6068,5929,11997
20210819,분당선,개포동,3386,3458,6844
20210819,분당선,대모산입구,3540,3266,6806
20210819,분당선,수서,12027,12248,24275
20210819,분당선,구룡,1863,1848,3711
20210819,분당선,서울숲,9469,9494,18963
20210819,분당선,압구정로데오,16500,17794,34294
20210819,분당선,강남구청,9081,10416,19497
20210819,분당선,선정릉,7277,7780,15057
20210819,분당선,가천대,5744,6632,12376
20210819,분당선,태평,12425,11868,24293
20210819,분당선,수원,6827,5718,12545
20210820,분당선,구성,4293,4612,8905
20210820,분당선,미금,14248,15109,29357
20210820,분당선,오리,10754,8879,19633
20210820,분당선,이매,5162,4799,9961
20210820,분당선,보정,2286,2005,4291
20210820,분당선,죽전,12063,12972,25035
20210820,분당선,신갈,4109,4133,8242
20210820,분당선,매교,2780,2789,5569
20210820,분당선,상갈,4901,4776,9677
20210820,분당선,청명,3873,3571,7444
20210820,분당선,영통,7451,7768,15219
20210820,분당선,망포,12982,12140,25122
20210820,분당선,매탄권선,4619,4415,9034
20210820,분당선,수원시청,11191,12422,23613
20210820,분당선,정자,15308,16031,31339
20210820,분당선,기흥,8642,8198,16840
20210820,분당선,수내,11945,11922,23867
20210820,분당선,선릉,12172,17807,29979
20210820,분당선,야탑,22990,24151,47141
20210820,분당선,한티,13246,14209,27455
20210820,분당선,도곡,6353,6185,12538
20210820,분당선,구룡,2034,1814,3848
20210820,분당선,개포동,3413,3556,6969
20210820,분당선,대모산입구,3466,3184,6650
20210820,분당선,수서,12850,13692,26542
20210820,분당선,복정,1,0,1
20210820,분당선,서현,22246,22603,44849
20210820,분당선,서울숲,9685,9721,19406
20210820,분당선,압구정로데오,17392,19292,36684
20210820,분당선,강남구청,9093,10247,19340
20210820,분당선,선정릉,7335,7844,15179
20210820,분당선,가천대,5751,6478,12229
20210820,분당선,태평,12553,12094,24647
20210820,분당선,모란,18481,18540,37021
20210820,분당선,수원,7151,6155,13306
20210821,분당선,야탑,12109,12906,25015
20210821,분당선,모란,11821,11999,23820
20210821,분당선,태평,8239,7731,15970
20210821,분당선,가천대,3570,4050,7620
20210821,분당선,선정릉,2445,2514,4959
20210821,분당선,강남구청,4002,4677,8679
20210821,분당선,압구정로데오,13426,14644,28070
20210821,분당선,대모산입구,1849,1728,3577
20210821,분당선,수원,5121,4291,9412
20210821,분당선,수서,6986,7569,14555
20210821,분당선,개포동,1999,1936,3935
20210821,분당선,구룡,945,899,1844
20210821,분당선,도곡,3307,2996,6303
20210821,분당선,한티,9865,9296,19161
20210821,분당선,서현,13727,13802,27529
20210821,분당선,서울숲,4868,4792,9660
20210821,분당선,선릉,3897,5787,9684
20210821,분당선,수내,6816,6408,13224
20210821,분당선,미금,8175,8440,16615
20210821,분당선,정자,8311,8290,16601
20210821,분당선,매교,1476,1442,2918
20210821,분당선,수원시청,7239,7669,14908
20210821,분당선,매탄권선,2539,2417,4956
20210821,분당선,영통,4637,4669,9306
20210821,분당선,청명,1980,1806,3786
20210821,분당선,상갈,2892,2819,5711
20210821,분당선,망포,6619,6138,12757
20210821,분당선,신갈,1964,2057,4021
20210821,분당선,구성,2323,2548,4871
20210821,분당선,죽전,7370,8241,15611
20210821,분당선,보정,1190,1050,2240
20210821,분당선,이매,2990,2959,5949
20210821,분당선,오리,5794,4852,10646
20210821,분당선,기흥,4958,4800,9758
20210822,분당선,죽전,6004,7015,13019
20210822,분당선,정자,5967,6293,12260
20210822,분당선,미금,5714,6023,11737
20210822,분당선,오리,4547,3955,8502
20210822,분당선,이매,2617,2554,5171
20210822,분당선,보정,886,776,1662
20210822,분당선,구성,1871,2064,3935
20210822,분당선,수원시청,5676,5600,11276
20210822,분당선,기흥,3991,3788,7779
20210822,분당선,상갈,2290,2440,4730
20210822,분당선,청명,1488,1586,3074
20210822,분당선,영통,3741,3703,7444
20210822,분당선,망포,4969,5323,10292
20210822,분당선,매탄권선,1992,1968,3960
20210822,분당선,수내,4998,4823,9821
20210822,분당선,신갈,1543,1632,3175
20210822,분당선,서현,11062,11224,22286
20210822,분당선,매교,1089,1158,2247
20210822,분당선,모란,9339,9417,18756
20210822,분당선,대모산입구,1694,1540,3234
20210822,분당선,선릉,2322,3208,5530
20210822,분당선,한티,7505,7076,14581
20210822,분당선,도곡,2109,1888,3997
20210822,분당선,구룡,605,639,1244
20210822,분당선,개포동,1509,1563,3072
20210822,분당선,수서,6654,6307,12961
20210822,분당선,야탑,9807,10288,20095
20210822,분당선,수원,4666,3662,8328
20210822,분당선,서울숲,4928,4963,9891
20210822,분당선,압구정로데오,8622,9411,18033
20210822,분당선,강남구청,2618,3151,5769
20210822,분당선,선정릉,1680,1680,3360
20210822,분당선,가천대,2856,3353,6209
20210822,분당선,태평,6692,6056,12748
20210822,분당선,복정,1,0,1
20210823,분당선,미금,13611,14564,28175
20210823,분당선,오리,10335,8586,18921
20210823,분당선,보정,2171,1919,4090
20210823,분당선,죽전,10239,11289,21528
20210823,분당선,구성,4227,4657,8884
20210823,분당선,신갈,4020,3964,7984
20210823,분당선,기흥,8121,7727,15848
20210823,분당선,망포,12026,11433,23459
20210823,분당선,청명,3732,3575,7307
20210823,분당선,영통,6783,7016,13799
20210823,분당선,정자,14697,15534,30231
20210823,분당선,매탄권선,4097,4081,8178
20210823,분당선,수원시청,10481,11019,21500
20210823,분당선,매교,2767,2699,5466
20210823,분당선,상갈,4696,4597,9293
20210823,분당선,수내,10996,11104,22100
20210823,분당선,이매,5004,4670,9674
20210823,분당선,야탑,22139,22988,45127
20210823,분당선,서현,20999,21246,42245
20210823,분당선,한티,11556,12829,24385
20210823,분당선,도곡,6043,6067,12110
20210823,분당선,구룡,1818,1794,3612
20210823,분당선,개포동,3300,3467,6767
20210823,분당선,대모산입구,3447,3279,6726
20210823,분당선,수서,11873,12184,24057
20210823,분당선,수원,6522,5447,11969
20210823,분당선,선릉,12378,18193,30571
20210823,분당선,압구정로데오,13892,14809,28701
20210823,분당선,강남구청,8900,9985,18885
20210823,분당선,선정릉,7408,7775,15183
20210823,분당선,가천대,5682,6558,12240
20210823,분당선,태평,11991,11566,23557
20210823,분당선,모란,17426,17534,34960
20210823,분당선,서울숲,8502,8638,17140
20210824,분당선,태평,12073,11450,23523
20210824,분당선,가천대,5597,6472,12069
20210824,분당선,선정릉,7391,7784,15175
20210824,분당선,강남구청,9137,10278,19415
20210824,분당선,압구정로데오,15717,16872,32589
20210824,분당선,서울숲,8568,8835,17403
20210824,분당선,수원,6514,5280,11794
20210824,분당선,선릉,12290,17797,30087
20210824,분당선,수서,11791,11975,23766
20210824,분당선,대모산입구,3515,3240,6755
20210824,분당선,개포동,3273,3401,6674
20210824,분당선,구룡,1700,1700,3400
20210824,분당선,도곡,5953,5925,11878
20210824,분당선,한티,12601,13597,26198
20210824,분당선,모란,18636,19000,37636
20210824,분당선,복정,1,0,1
20210824,분당선,야탑,21949,22971,44920
20210824,분당선,영통,6792,6970,13762
20210824,분당선,수내,11537,11488,23025
20210824,분당선,서현,20664,20971,41635
20210824,분당선,수원시청,10576,11229,21805
20210824,분당선,매탄권선,4171,4149,8320
20210824,분당선,망포,12030,11568,23598
20210824,분당선,청명,3738,3626,7364
20210824,분당선,상갈,4642,4548,9190
20210824,분당선,기흥,8078,7838,15916
20210824,분당선,매교,2704,2645,5349
20210824,분당선,구성,4176,4526,8702
20210824,분당선,죽전,11099,12174,23273
20210824,분당선,보정,2178,1926,4104
20210824,분당선,이매,4897,4558,9455
20210824,분당선,오리,10388,8611,18999
20210824,분당선,미금,13388,14444,27832
20210824,분당선,정자,14645,15285,29930
20210824,분당선,신갈,4056,4016,8072
20210825,분당선,야탑,22820,23857,46677
20210825,분당선,모란,18106,17962,36068
20210825,분당선,태평,12398,12015,24413
20210825,분당선,가천대,5835,6755,12590
20210825,분당선,선정릉,7374,7883,15257
20210825,분당선,강남구청,9328,10728,20056
20210825,분당선,압구정로데오,16144,17385,33529
20210825,분당선,대모산입구,3535,3311,6846
20210825,분당선,수원,6940,5738,12678
20210825,분당선,수서,11943,12254,24197
20210825,분당선,개포동,3435,3503,6938
20210825,분당선,구룡,1876,1871,3747
20210825,분당선,도곡,6182,6165,12347
20210825,분당선,한티,13139,14215,27354
20210825,분당선,서현,21750,22043,43793
20210825,분당선,서울숲,9414,9563,18977
20210825,분당선,선릉,12457,18109,30566
20210825,분당선,수내,11955,11986,23941
20210825,분당선,미금,13879,14780,28659
20210825,분당선,매교,2752,2764,5516
20210825,분당선,수원시청,11153,11843,22996
20210825,분당선,매탄권선,4379,4235,8614
20210825,분당선,망포,12358,11731,24089
20210825,분당선,영통,7216,7406,14622
20210825,분당선,청명,3829,3687,7516
20210825,분당선,상갈,4773,4651,9424
20210825,분당선,정자,15177,15996,31173
20210825,분당선,신갈,4126,4079,8205
20210825,분당선,구성,4378,4697,9075
20210825,분당선,죽전,11526,12790,24316
20210825,분당선,보정,2279,2004,4283
20210825,분당선,이매,5341,4982,10323
20210825,분당선,오리,10875,8986,19861
20210825,분당선,기흥,8352,7951,16303
20210826,분당선,오리,10739,8856,19595
20210826,분당선,이매,5219,4791,10010
20210826,분당선,보정,2338,2062,4400
20210826,분당선,죽전,11567,12842,24409
20210826,분당선,구성,4454,4817,9271
20210826,분당선,신갈,4075,4067,8142
20210826,분당선,기흥,8571,8132,16703
20210826,분당선,영통,7064,7251,14315
20210826,분당선,청명,3887,3732,7619
20210826,분당선,망포,12546,11680,24226
20210826,분당선,매탄권선,4427,4225,8652
20210826,분당선,수원시청,11151,11806,22957
20210826,분당선,매교,2750,2769,5519
20210826,분당선,미금,14156,14981,29137
20210826,분당선,상갈,4833,4772,9605
20210826,분당선,정자,14971,15981,30952
20210826,분당선,수내,11877,11999,23876
20210826,분당선,선릉,12414,18027,30441
20210826,분당선,서현,21553,21871,43424
20210826,분당선,한티,12914,13823,26737
20210826,분당선,도곡,6080,5994,12074
20210826,분당선,구룡,1895,1845,3740
20210826,분당선,개포동,3502,3612,7114
20210826,분당선,수서,11908,12493,24401
20210826,분당선,수원,6909,5850,12759
20210826,분당선,대모산입구,3472,3230,6702
20210826,분당선,압구정로데오,16650,17983,34633
20210826,분당선,강남구청,9035,10314,19349
20210826,분당선,선정릉,7332,7871,15203
20210826,분당선,가천대,6315,7158,13473
20210826,분당선,태평,12333,11961,24294
20210826,분당선,모란,18421,18500,36921
20210826,분당선,야탑,23016,24045,47061
20210826,분당선,서울숲,9448,9638,19086
20210827,분당선,구성,4425,4701,9126
20210827,분당선,미금,14208,14865,29073
20210827,분당선,오리,10673,8935,19608
20210827,분당선,이매,5230,4784,10014
20210827,분당선,보정,2237,2038,4275
20210827,분당선,죽전,11990,12869,24859
20210827,분당선,신갈,4028,4001,8029
20210827,분당선,정자,15247,16049,31296
20210827,분당선,상갈,4862,4672,9534
20210827,분당선,청명,3880,3677,7557
20210827,분당선,영통,7417,7611,15028
20210827,분당선,망포,12816,11860,24676
20210827,분당선,매탄권선,4523,4296,8819
20210827,분당선,수원시청,11167,12230,23397
20210827,분당선,매교,2708,2682,5390
20210827,분당선,기흥,8508,8090,16598
20210827,분당선,수내,11794,11868,23662
20210827,분당선,선릉,12213,17879,30092
20210827,분당선,야탑,22841,24213,47054
20210827,분당선,서현,22059,22470,44529
20210827,분당선,한티,13223,14511,27734
20210827,분당선,도곡,6221,5995,12216
20210827,분당선,구룡,1895,1848,3743
20210827,분당선,개포동,3458,3507,6965
20210827,분당선,수서,12947,13810,26757
20210827,분당선,복정,1,0,1
20210827,분당선,대모산입구,3462,3240,6702
20210827,분당선,서울숲,9217,9160,18377
20210827,분당선,압구정로데오,17618,19063,36681
20210827,분당선,강남구청,9239,10378,19617
20210827,분당선,선정릉,7145,7622,14767
20210827,분당선,가천대,6137,6889,13026
20210827,분당선,태평,12458,11910,24368
20210827,분당선,모란,18248,18439,36687
20210827,분당선,수원,7041,6061,13102
20210828,분당선,신갈,2376,2417,4793
20210828,분당선,오리,6587,5427,12014
20210828,분당선,이매,3539,3336,6875
20210828,분당선,보정,1390,1243,2633
20210828,분당선,죽전,8643,9840,18483
20210828,분당선,구성,2686,2870,5556
20210828,분당선,기흥,5729,5626,11355
20210828,분당선,미금,9422,9684,19106
20210828,분당선,청명,2186,2091,4277
20210828,분당선,영통,5461,5415,10876
20210828,분당선,망포,7519,7084,14603
20210828,분당선,매탄권선,2879,2669,5548
20210828,분당선,수원시청,8505,8994,17499
20210828,분당선,매교,1741,1780,3521
20210828,분당선,상갈,3207,3257,6464
20210828,분당선,정자,9021,9313,18334
20210828,분당선,수내,7660,7273,14933
20210828,분당선,선릉,4470,6579,11049
20210828,분당선,서현,15756,15829,31585
20210828,분당선,한티,10793,10517,21310
20210828,분당선,도곡,3702,3366,7068
20210828,분당선,구룡,1325,1217,2542
20210828,분당선,개포동,2409,2286,4695
20210828,분당선,수서,7919,8569,16488
20210828,분당선,수원,6071,5492,11563
20210828,분당선,대모산입구,2568,2405,4973
20210828,분당선,압구정로데오,15435,16994,32429
20210828,분당선,강남구청,4623,5395,10018
20210828,분당선,선정릉,2776,2783,5559
20210828,분당선,가천대,4120,4594,8714
20210828,분당선,태평,9366,8817,18183
20210828,분당선,모란,14078,14205,28283
20210828,분당선,야탑,14525,15403,29928
20210828,분당선,서울숲,7265,7281,14546
20210829,분당선,오리,4566,3989,8555
20210829,분당선,야탑,10490,10804,21294
20210829,분당선,서현,11213,11378,22591
20210829,분당선,수내,5149,4910,10059
20210829,분당선,정자,6197,6377,12574
20210829,분당선,미금,6012,6332,12344
20210829,분당선,이매,2622,2623,5245
20210829,분당선,선정릉,1769,1846,3615
20210829,분당선,죽전,6687,7606,14293
20210829,분당선,구성,2008,2213,4221
20210829,분당선,신갈,1650,1759,3409
20210829,분당선,기흥,4251,4056,8307
20210829,분당선,청명,1634,1653,3287
20210829,분당선,영통,3845,3945,7790
20210829,분당선,모란,13634,14198,27832
20210829,분당선,보정,927,818,1745
20210829,분당선,태평,7217,6727,13944
20210829,분당선,수서,7254,6637,13891
20210829,분당선,선릉,2374,3489,5863
20210829,분당선,매탄권선,2001,1967,3968
20210829,분당선,수원시청,5970,6024,11994
20210829,분당선,매교,1188,1257,2445
20210829,분당선,상갈,2363,2489,4852
20210829,분당선,가천대,3257,3881,7138
20210829,분당선,한티,7666,7422,15088
20210829,분당선,도곡,2124,2015,4139
20210829,분당선,구룡,682,710,1392
20210829,분당선,개포동,1418,1424,2842
20210829,분당선,대모산입구,1833,1724,3557
20210829,분당선,수원,4819,4042,8861
20210829,분당선,서울숲,5470,5512,10982
20210829,분당선,압구정로데오,8642,9660,18302
20210829,분당선,강남구청,2852,3345,6197
20210829,분당선,망포,5151,5399,10550
20210830,분당선,강남구청,9230,10398,19628
20210830,분당선,압구정로데오,15119,16291,31410
20210830,분당선,수서,11876,12204,24080
20210830,분당선,수원,7022,5764,12786
20210830,분당선,선정릉,7328,7934,15262
20210830,분당선,서울숲,9315,9411,18726
20210830,분당선,가천대,6087,7182,13269
20210830,분당선,이매,5187,4753,9940
20210830,분당선,모란,18459,18632,37091
20210830,분당선,야탑,22956,24088,47044
20210830,분당선,수내,11673,11782,23455
20210830,분당선,정자,14889,15734,30623
20210830,분당선,미금,14164,15095,29259
20210830,분당선,오리,10932,9121,20053
20210830,분당선,대모산입구,3663,3445,7108
20210830,분당선,태평,12429,12157,24586
20210830,분당선,개포동,3435,3528,6963
20210830,분당선,서현,21576,21821,43397
20210830,분당선,도곡,6243,6262,12505
20210830,분당선,구룡,1959,1895,3854
20210830,분당선,수원시청,11011,11471,22482
20210830,분당선,매탄권선,4435,4354,8789
20210830,분당선,망포,12364,11920,24284
20210830,분당선,영통,7051,7309,14360
20210830,분당선,청명,3803,3676,7479
20210830,분당선,상갈,4958,4849,9807
20210830,분당선,매교,2743,2812,5555
20210830,분당선,신갈,4193,4147,8340
20210830,분당선,구성,4541,4894,9435
20210830,분당선,죽전,11849,13011,24860
20210830,분당선,보정,2276,2004,4280
20210830,분당선,복정,1,0,1
20210830,분당선,선릉,12429,18277,30706
20210830,분당선,한티,12658,13662,26320
20210830,분당선,기흥,8671,8178,16849
20210831,분당선,죽전,11205,12455,23660
20210831,분당선,정자,14620,15582,30202
20210831,분당선,미금,13680,14628,28308
20210831,분당선,오리,10427,8574,19001
20210831,분당선,이매,5017,4648,9665
20210831,분당선,보정,2164,1925,4089
20210831,분당선,구성,4229,4725,8954
20210831,분당선,매교,2645,2654,5299
20210831,분당선,기흥,8486,7946,16432
20210831,분당선,상갈,4819,4651,9470
20210831,분당선,영통,6820,7150,13970
20210831,분당선,망포,12154,11583,23737
20210831,분당선,매탄권선,4334,4190,8524
20210831,분당선,수원시청,10319,10903,21222
20210831,분당선,수내,11499,11828,23327
20210831,분당선,신갈,4022,3995,8017
20210831,분당선,서현,20887,21128,42015
20210831,분당선,청명,3705,3641,7346
20210831,분당선,모란,17302,17477,34779
20210831,분당선,야탑,22210,23164,45374
20210831,분당선,선릉,12711,18149,30860
20210831,분당선,한티,12625,13802,26427
20210831,분당선,도곡,6145,6274,12419
20210831,분당선,구룡,1821,1803,3624
20210831,분당선,대모산입구,3456,3360,6816
20210831,분당선,수서,11694,11990,23684
20210831,분당선,개포동,3325,3425,6750
20210831,분당선,수원,6627,5579,12206
20210831,분당선,서울숲,9033,9135,18168
20210831,분당선,압구정로데오,16364,17174,33538
20210831,분당선,강남구청,9205,10610,19815
20210831,분당선,선정릉,7661,7938,15599
20210831,분당선,가천대,5929,7222,13151
20210831,분당선,태평,11941,11518,23459
20210831,분당선,복정,1,0,1
20210901,분당선,구성,4392,4806,9198
20210901,분당선,미금,13987,14910,28897
20210901,분당선,오리,10816,8860,19676
20210901,분당선,이매,5521,4934,10455
20210901,분당선,보정,2308,2027,4335
20210901,분당선,죽전,11415,12763,24178
20210901,분당선,신갈,4086,4085,8171
20210901,분당선,매교,2669,2700,5369
20210901,분당선,상갈,5005,4775,9780
20210901,분당선,청명,3848,3636,7484
20210901,분당선,영통,7006,7183,14189
20210901,분당선,망포,12327,11730,24057
20210901,분당선,매탄권선,4430,4268,8698
20210901,분당선,수원시청,10694,11326,22020
20210901,분당선,정자,15026,16075,31101
20210901,분당선,기흥,8567,8091,16658
20210901,분당선,수내,11831,11959,23790
20210901,분당선,선정릉,7628,8055,15683
20210901,분당선,야탑,22968,23973,46941
20210901,분당선,선릉,12410,18118,30528
20210901,분당선,한티,13050,13951,27001
20210901,분당선,도곡,6061,6046,12107
20210901,분당선,서현,21274,21857,43131
20210901,분당선,개포동,3431,3605,7036
20210901,분당선,대모산입구,3636,3400,7036
20210901,분당선,수서,11536,11938,23474
20210901,분당선,구룡,1895,1802,3697
20210901,분당선,서울숲,9521,9604,19125
20210901,분당선,압구정로데오,15768,17033,32801
20210901,분당선,강남구청,9296,10686,19982
20210901,분당선,가천대,6165,7232,13397
20210901,분당선,태평,12558,11972,24530
20210901,분당선,모란,17998,18051,36049
20210901,분당선,수원,6823,5630,12453
20210902,분당선,모란,18722,18693,37415
20210902,분당선,압구정로데오,16379,17732,34111
20210902,분당선,태평,12599,12166,24765
20210902,분당선,가천대,6330,7240,13570
20210902,분당선,선정릉,7462,8116,15578
20210902,분당선,강남구청,9358,10681,20039
20210902,분당선,서울숲,9754,9812,19566
20210902,분당선,선릉,12550,18350,30900
20210902,분당선,복정,2,0,2
20210902,분당선,수서,11957,12341,24298
20210902,분당선,대모산입구,3584,3416,7000
20210902,분당선,구룡,1854,1843,3697
20210902,분당선,도곡,6015,5990,12005
20210902,분당선,한티,13107,14252,27359
20210902,분당선,야탑,23164,24067,47231
20210902,분당선,수원,6994,5911,12905
20210902,분당선,서현,21739,21999,43738
20210902,분당선,개포동,3370,3530,6900
20210902,분당선,정자,15045,16222,31267
20210902,분당선,수원시청,11103,11840,22943
20210902,분당선,매탄권선,4470,4351,8821
20210902,분당선,망포,12431,11862,24293
20210902,분당선,수내,12021,12130,24151
20210902,분당선,영통,7364,7526,14890
20210902,분당선,청명,3858,3745,7603
20210902,분당선,상갈,5074,4901,9975
20210902,분당선,매교,2791,2750,5541
20210902,분당선,신갈,4117,4125,8242
20210902,분당선,구성,4522,4823,9345
20210902,분당선,죽전,12030,13098,25128
20210902,분당선,보정,2251,1955,4206
20210902,분당선,이매,5212,4818,10030
20210902,분당선,오리,10960,9103,20063
20210902,분당선,미금,14324,15335,29659
20210902,분당선,기흥,8597,8213,16810
20210903,분당선,가천대,6666,7280,13946
20210903,분당선,선정릉,7604,8092,15696
20210903,분당선,강남구청,9550,10860,20410
20210903,분당선,압구정로데오,18191,19853,38044
20210903,분당선,서울숲,10696,10634,21330
20210903,분당선,수원,7699,6699,14398
20210903,분당선,복정,1,0,1
20210903,분당선,구룡,2007,1812,3819
20210903,분당선,대모산입구,3791,3549,7340
20210903,분당선,개포동,3465,3702,7167
20210903,분당선,도곡,6422,6247,12669
20210903,분당선,한티,13930,15128,29058
20210903,분당선,선릉,12567,18292,30859
20210903,분당선,매탄권선,4885,4707,9592
20210903,분당선,태평,13123,12536,25659
20210903,분당선,수서,13174,14232,27406
20210903,분당선,모란,19486,19432,38918
20210903,분당선,망포,13560,12500,26060
20210903,분당선,서현,23262,23861,47123
20210903,분당선,매교,2879,2944,5823
20210903,분당선,수원시청,11663,12978,24641
20210903,분당선,영통,8009,8098,16107
20210903,분당선,청명,4141,3854,7995
20210903,분당선,상갈,5142,5149,10291
20210903,분당선,기흥,9259,8693,17952
20210903,분당선,신갈,4299,4273,8572
20210903,분당선,야탑,24094,25240,49334
20210903,분당선,죽전,13028,14140,27168
20210903,분당선,보정,2319,2076,4395
20210903,분당선,이매,5511,5087,10598
20210903,분당선,오리,11390,9183,20573
20210903,분당선,미금,14727,15741,30468
20210903,분당선,정자,15837,17160,32997
20210903,분당선,수내,12438,12604,25042
20210903,분당선,구성,4680,4930,9610
20210904,분당선,정자,9671,10013,19684
20210904,분당선,미금,10117,10422,20539
20210904,분당선,오리,7261,6104,13365
20210904,분당선,이매,3862,3702,7564
20210904,분당선,보정,1506,1323,2829
20210904,분당선,죽전,9477,10380,19857
20210904,분당선,구성,2949,3130,6079
20210904,분당선,청명,2326,2274,4600
20210904,분당선,기흥,6141,5892,12033
20210904,분당선,상갈,3658,3587,7245
20210904,분당선,영통,5828,5797,11625
20210904,분당선,망포,8052,7587,15639
20210904,분당선,매탄권선,3090,2945,6035
20210904,분당선,수원시청,8739,9240,17979
20210904,분당선,수내,8084,7580,15664
20210904,분당선,신갈,2527,2562,5089
20210904,분당선,매교,1869,1933,3802
20210904,분당선,서현,16683,16924,33607
20210904,분당선,모란,20659,21285,41944
20210904,분당선,야탑,15376,16226,31602
20210904,분당선,선릉,4630,6853,11483
20210904,분당선,한티,11575,11254,22829
20210904,분당선,도곡,3931,3539,7470
20210904,분당선,개포동,2415,2369,4784
20210904,분당선,대모산입구,2560,2360,4920
20210904,분당선,수서,8780,9379,18159
20210904,분당선,구룡,1208,1038,2246
20210904,분당선,서울숲,8889,8866,17755
20210904,분당선,압구정로데오,16156,17961,34117
20210904,분당선,강남구청,4503,5501,10004
20210904,분당선,선정릉,2969,3057,6026
20210904,분당선,가천대,4709,5203,9912
20210904,분당선,태평,10212,9521,19733
20210904,분당선,수원,6241,5384,11625
20210905,분당선,압구정로데오,9233,10379,19612
20210905,분당선,태평,7252,6693,13945
20210905,분당선,가천대,3475,4069,7544
20210905,분당선,선릉,2547,3707,6254
20210905,분당선,선정릉,1734,1904,3638
20210905,분당선,강남구청,2800,3446,6246
20210905,분당선,서울숲,6318,6418,12736
20210905,분당선,한티,7893,7636,15529
20210905,분당선,복정,1,0,1
20210905,분당선,수서,7304,6782,14086
20210905,분당선,대모산입구,1692,1585,3277
20210905,분당선,개포동,1654,1675,3329
20210905,분당선,구룡,626,711,1337
20210905,분당선,도곡,2325,2119,4444
20210905,분당선,모란,9796,10038,19834
20210905,분당선,수원,4961,4215,9176
20210905,분당선,야탑,11017,11403,22420
20210905,분당선,이매,2730,2791,5521
20210905,분당선,수내,5070,5043,10113
20210905,분당선,서현,11591,11844,23435
20210905,분당선,매교,1186,1232,2418
20210905,분당선,수원시청,6166,6127,12293
20210905,분당선,매탄권선,2193,2137,4330
20210905,분당선,망포,5504,5691,11195
20210905,분당선,청명,1740,1708,3448
20210905,분당선,상갈,2574,2671,5245
20210905,분당선,영통,4096,4204,8300
20210905,분당선,신갈,1718,1867,3585
20210905,분당선,구성,2123,2262,4385
20210905,분당선,죽전,6987,7755,14742
20210905,분당선,보정,952,900,1852
20210905,분당선,오리,4786,4248,9034
20210905,분당선,미금,6255,6561,12816
20210905,분당선,정자,6541,6653,13194
20210905,분당선,기흥,4426,4221,8647
20210906,분당선,영통,7170,7383,14553
20210906,분당선,가천대,6270,7202,13472
20210906,분당선,선정릉,7741,8231,15972
20210906,분당선,강남구청,9314,10447,19761
20210906,분당선,압구정로데오,15428,16283,31711
20210906,분당선,죽전,11805,13144,24949
20210906,분당선,태평,12686,12352,25038
20210906,분당선,매교,2806,2792,5598
20210906,분당선,야탑,23385,24327,47712
20210906,분당선,서현,21859,21986,43845
20210906,분당선,정자,15395,16334,31729
20210906,분당선,망포,12682,12038,24720
20210906,분당선,매탄권선,4538,4479,9017
20210906,분당선,수원시청,11037,11551,22588
20210906,분당선,구성,4517,4891,9408
20210906,분당선,모란,18780,18786,37566
20210906,분당선,신갈,4220,4177,8397
20210906,분당선,수내,11987,12238,24225
20210906,분당선,상갈,5051,4847,9898
20210906,분당선,기흥,8911,8469,17380
20210906,분당선,미금,14453,15612,30065
20210906,분당선,오리,11010,9113,20123
20210906,분당선,이매,5196,4978,10174
20210906,분당선,보정,2360,2085,4445
20210906,분당선,수원,7017,5875,12892
20210906,분당선,복정,1,0,1
20210906,분당선,서울숲,8943,9154,18097
20210906,분당선,대모산입구,3909,3671,7580
20210906,분당선,개포동,3611,3804,7415
20210906,분당선,구룡,2061,2003,4064
20210906,분당선,도곡,6283,6421,12704
20210906,분당선,한티,13110,14354,27464
20210906,분당선,선릉,12779,18783,31562
20210906,분당선,청명,3840,3777,7617
20210906,분당선,수서,12235,12482,24717
20210907,분당선,구성,4361,4683,9044
20210907,분당선,미금,13783,14598,28381
20210907,분당선,오리,10567,8701,19268
20210907,분당선,이매,4996,4663,9659
20210907,분당선,보정,2175,1921,4096
20210907,분당선,죽전,11127,12378,23505
20210907,분당선,신갈,3989,3975,7964
20210907,분당선,매교,2593,2661,5254
20210907,분당선,상갈,4878,4625,9503
20210907,분당선,청명,3703,3596,7299
20210907,분당선,영통,7025,7199,14224
20210907,분당선,망포,12242,11601,23843
20210907,분당선,매탄권선,4314,4236,8550
20210907,분당선,수원시청,10665,11368,22033
20210907,분당선,정자,14876,15758,30634
20210907,분당선,기흥,8514,7930,16444
20210907,분당선,수내,11524,11662,23186
20210907,분당선,선정릉,7573,8052,15625
20210907,분당선,야탑,22399,23236,45635
20210907,분당선,선릉,12475,18396,30871
20210907,분당선,한티,12799,13834,26633
20210907,분당선,도곡,6122,6156,12278
20210907,분당선,구룡,1877,1845,3722
20210907,분당선,서현,20801,21254,42055
20210907,분당선,대모산입구,3582,3383,6965
20210907,분당선,수서,11690,12138,23828
20210907,분당선,개포동,3424,3555,6979
20210907,분당선,수원,6660,5548,12208
20210907,분당선,서울숲,8551,8771,17322
20210907,분당선,압구정로데오,16028,17182,33210
20210907,분당선,강남구청,9122,10368,19490
20210907,분당선,가천대,5999,7014,13013
20210907,분당선,태평,12091,11691,23782
20210907,분당선,모란,17415,17476,34891
20210907,분당선,복정,1,0,1
20210908,분당선,압구정로데오,16471,18037,34508
20210908,분당선,모란,18677,18803,37480
20210908,분당선,태평,13037,12627,25664
20210908,분당선,가천대,6492,7350,13842
20210908,분당선,선정릉,7647,8261,15908
20210908,분당선,강남구청,9565,10818,20383
20210908,분당선,서울숲,10103,10170,20273
20210908,분당선,야탑,23836,24682,48518
20210908,분당선,수서,12502,12667,25169
20210908,분당선,대모산입구,3849,3697,7546
20210908,분당선,개포동,3695,3841,7536
20210908,분당선,구룡,2128,2033,4161
20210908,분당선,선릉,12684,18914,31598
20210908,분당선,한티,13469,14644,28113
20210908,분당선,수원,7294,6052,13346
20210908,분당선,서현,22573,23046,45619
20210908,분당선,도곡,6518,6232,12750
20210908,분당선,정자,15537,16663,32200
20210908,분당선,수원시청,11432,12152,23584
20210908,분당선,매교,2866,2955,5821
20210908,분당선,매탄권선,4672,4492,9164
20210908,분당선,망포,12807,12192,24999
20210908,분당선,영통,7414,7731,15145
20210908,분당선,청명,3919,3768,7687
20210908,분당선,상갈,5226,4980,10206
20210908,분당선,수내,12378,12426,24804
20210908,분당선,신갈,4332,4246,8578
20210908,분당선,구성,4701,4892,9593
20210908,분당선,죽전,12284,13570,25854
20210908,분당선,보정,2449,2137,4586
20210908,분당선,이매,5465,5061,10526
20210908,분당선,오리,11253,9468,20721
20210908,분당선,미금,14869,15740,30609
20210908,분당선,기흥,9041,8612,17653
20210909,분당선,미금,14906,15887,30793
20210909,분당선,오리,11352,9321,20673
20210909,분당선,이매,5655,5082,10737
20210909,분당선,보정,2371,2079,4450
20210909,분당선,죽전,12254,13486,25740
20210909,분당선,구성,4810,5178,9988
20210909,분당선,신갈,4289,4213,8502
20210909,분당선,영통,7587,7816,15403
20210909,분당선,상갈,5248,5005,10253
20210909,분당선,청명,3889,3800,7689
20210909,분당선,망포,13052,12191,25243
20210909,분당선,매탄권선,4637,4431,9068
20210909,분당선,수원시청,11494,12179,23673
20210909,분당선,정자,15340,16170,31510
20210909,분당선,기흥,8996,8388,17384
20210909,분당선,수내,12136,12335,24471
20210909,분당선,매교,2883,2951,5834
20210909,분당선,야탑,24056,24872,48928
20210909,분당선,선정릉,7502,8035,15537
20210909,분당선,강남구청,9427,10781,20208
20210909,분당선,압구정로데오,16844,18401,35245
20210909,분당선,서울숲,10118,10200,20318
20210909,분당선,수원,7326,6120,13446
20210909,분당선,수서,12569,13028,25597
20210909,분당선,대모산입구,3931,3660,7591
20210909,분당선,서현,22441,22828,45269
20210909,분당선,구룡,2100,2019,4119
20210909,분당선,도곡,6371,6254,12625
20210909,분당선,한티,13553,14636,28189
20210909,분당선,선릉,12590,18498,31088
20210909,분당선,가천대,6425,7411,13836
20210909,분당선,태평,13234,12720,25954
20210909,분당선,모란,24253,24987,49240
20210909,분당선,개포동,3622,3768,7390
20210910,분당선,야탑,24085,25411,49496
20210910,분당선,모란,19482,19660,39142
20210910,분당선,태평,13147,12785,25932
20210910,분당선,가천대,6495,7126,13621
20210910,분당선,선정릉,7643,8091,15734
20210910,분당선,강남구청,9590,10854,20444
20210910,분당선,압구정로데오,18813,20668,39481
20210910,분당선,대모산입구,4019,3709,7728
20210910,분당선,수원,7694,6519,14213
20210910,분당선,수서,13424,14319,27743
20210910,분당선,개포동,3738,3964,7702
20210910,분당선,구룡,2174,2019,4193
20210910,분당선,도곡,6535,6472,13007
20210910,분당선,한티,13879,15027,28906
20210910,분당선,서현,23448,23879,47327
20210910,분당선,서울숲,10442,10572,21014
20210910,분당선,선릉,12656,18451,31107
20210910,분당선,수내,12488,12733,25221
20210910,분당선,미금,15017,15961,30978
20210910,분당선,정자,15770,16808,32578
20210910,분당선,매교,2881,2934,5815
20210910,분당선,수원시청,12238,13488,25726
20210910,분당선,매탄권선,4949,4637,9586
20210910,분당선,영통,8256,8454,16710
20210910,분당선,청명,4131,3798,7929
20210910,분당선,상갈,5303,5199,10502
20210910,분당선,망포,13836,12604,26440
20210910,분당선,신갈,4297,4334,8631
20210910,분당선,구성,4751,5099,9850
20210910,분당선,죽전,12958,13910,26868
20210910,분당선,보정,2431,2131,4562
20210910,분당선,이매,5572,5115,10687
20210910,분당선,오리,11549,9521,21070
20210910,분당선,기흥,9339,8701,18040
20210911,분당선,구성,2910,3061,5971
20210911,분당선,미금,10262,10665,20927
20210911,분당선,오리,7103,5899,13002
20210911,분당선,이매,3770,3680,7450
20210911,분당선,보정,1499,1366,2865
20210911,분당선,죽전,9408,10334,19742
20210911,분당선,신갈,2616,2604,5220
20210911,분당선,매교,1899,1950,3849
20210911,분당선,상갈,3652,3589,7241
20210911,분당선,청명,2443,2414,4857
20210911,분당선,영통,6315,6156,12471
20210911,분당선,망포,8110,7570,15680
20210911,분당선,매탄권선,3231,3115,6346
20210911,분당선,수원시청,9238,9844,19082
20210911,분당선,정자,9998,10215,20213
20210911,분당선,기흥,6230,5944,12174
20210911,분당선,수내,8197,7732,15929
20210911,분당선,서현,16822,16824,33646
20210911,분당선,야탑,15671,16629,32300
20210911,분당선,한티,12030,11606,23636
20210911,분당선,도곡,4399,3788,8187
20210911,분당선,구룡,1384,1267,2651
20210911,분당선,개포동,2529,2468,4997
20210911,분당선,대모산입구,2769,2499,5268
20210911,분당선,수서,9126,9444,18570
20210911,분당선,수원,6604,5057,11661
20210911,분당선,선릉,4712,7039,11751
20210911,분당선,압구정로데오,16825,19026,35851
20210911,분당선,강남구청,4796,5866,10662
20210911,분당선,선정릉,3053,3384,6437
20210911,분당선,가천대,4718,5075,9793
20210911,분당선,태평,9982,9413,19395
20210911,분당선,모란,14877,15123,30000
20210911,분당선,서울숲,8658,8888,17546
20210912,분당선,태평,7441,6973,14414
20210912,분당선,가천대,3333,3961,7294
20210912,분당선,선정릉,1951,2055,4006
20210912,분당선,강남구청,2873,3476,6349
20210912,분당선,압구정로데오,10165,11428,21593
20210912,분당선,서울숲,6820,6735,13555
20210912,분당선,수원,5152,3678,8830
20210912,분당선,개포동,1776,1828,3604
20210912,분당선,대모산입구,1919,1876,3795
20210912,분당선,구룡,693,725,1418
20210912,분당선,도곡,2308,2217,4525
20210912,분당선,한티,8217,7955,16172
20210912,분당선,선릉,2525,3685,6210
20210912,분당선,모란,10051,10611,20662
20210912,분당선,수서,7522,7029,14551
20210912,분당선,야탑,11274,11666,22940
20210912,분당선,서현,12163,12243,24406
20210912,분당선,매교,1230,1280,2510
20210912,분당선,수내,5695,5583,11278
20210912,분당선,수원시청,6564,6599,13163
20210912,분당선,매탄권선,2254,2147,4401
20210912,분당선,망포,5458,5695,11153
20210912,분당선,영통,4339,4351,8690
20210912,분당선,상갈,2681,2797,5478
20210912,분당선,기흥,4510,4333,8843
20210912,분당선,청명,1764,1688,3452
20210912,분당선,구성,2155,2285,4440
20210912,분당선,죽전,6974,7849,14823
20210912,분당선,보정,955,893,1848
20210912,분당선,이매,2708,2830,5538
20210912,분당선,오리,4886,4390,9276
20210912,분당선,미금,6403,6835,13238
20210912,분당선,정자,6648,6905,13553
20210912,분당선,신갈,1792,1822,3614
20210913,분당선,압구정로데오,15305,16748,32053
20210913,분당선,모란,19059,18942,38001
20210913,분당선,태평,12928,12389,25317
20210913,분당선,가천대,7204,8317,15521
20210913,분당선,선정릉,7786,8383,16169
20210913,분당선,강남구청,9361,10595,19956
20210913,분당선,서울숲,9700,9860,19560
20210913,분당선,야탑,23639,24715,48354
20210913,분당선,수서,12716,13050,25766
20210913,분당선,대모산입구,4100,3779,7879
20210913,분당선,개포동,3638,3765,7403
20210913,분당선,구룡,2087,2016,4103
20210913,분당선,도곡,6521,6544,13065
20210913,분당선,한티,13222,14403,27625
20210913,분당선,선릉,12694,18820,31514
20210913,분당선,수원,7321,6013,13334
20210913,분당선,서현,22541,22861,45402
20210913,분당선,복정,1,0,1
20210913,분당선,정자,15498,16487,31985
20210913,분당선,수내,12314,12314,24628
20210913,분당선,매교,2933,2958,5891
20210913,분당선,수원시청,11616,12136,23752
20210913,분당선,매탄권선,4689,4456,9145
20210913,분당선,망포,13103,12413,25516
20210913,분당선,청명,3940,3996,7936
20210913,분당선,상갈,5216,5009,10225
20210913,분당선,영통,7488,7810,15298
20210913,분당선,신갈,4363,4284,8647
20210913,분당선,구성,4731,5009,9740
20210913,분당선,죽전,12402,13593,25995
20210913,분당선,보정,2411,2151,4562
20210913,분당선,이매,5430,4956,10386
20210913,분당선,오리,11400,9421,20821
20210913,분당선,미금,14718,15667,30385
20210913,분당선,기흥,9069,8532,17601
20210914,분당선,서울숲,9851,10112,19963
20210914,분당선,태평,13260,12785,26045
20210914,분당선,가천대,7276,8218,15494
20210914,분당선,선정릉,7757,8257,16014
20210914,분당선,강남구청,9579,10954,20533
20210914,분당선,압구정로데오,17360,18699,36059
20210914,분당선,수원,7170,6170,13340
20210914,분당선,모란,24434,25306,49740
20210914,분당선,대모산입구,4192,3881,8073
20210914,분당선,개포동,3723,3798,7521
20210914,분당선,구룡,2106,2032,4138
20210914,분당선,도곡,6607,6449,13056
20210914,분당선,한티,13380,14565,27945
20210914,분당선,선릉,13025,18893,31918
20210914,분당선,수서,12920,13171,26091
20210914,분당선,야탑,24426,25256,49682
20210914,분당선,서현,22829,23097,45926
20210914,분당선,수내,12431,12623,25054
20210914,분당선,수원시청,11297,12077,23374
20210914,분당선,매탄권선,4662,4434,9096
20210914,분당선,망포,13068,12309,25377
20210914,분당선,영통,7545,7741,15286
20210914,분당선,청명,4007,3775,7782
20210914,분당선,상갈,5244,5095,10339
20210914,분당선,기흥,9170,8520,17690
20210914,분당선,매교,2810,2828,5638
20210914,분당선,구성,4805,5204,10009
20210914,분당선,죽전,12621,14013,26634
20210914,분당선,보정,2459,2152,4611
20210914,분당선,이매,5503,5132,10635
20210914,분당선,오리,11641,9566,21207
20210914,분당선,미금,15111,16017,31128
20210914,분당선,정자,15835,16656,32491
20210914,분당선,신갈,4344,4305,8649
20210915,분당선,모란,19328,19331,38659
20210915,분당선,태평,13012,12587,25599
20210915,분당선,가천대,7362,8332,15694
20210915,분당선,선정릉,8046,8561,16607
20210915,분당선,강남구청,9994,11250,21244
20210915,분당선,압구정로데오,17701,19094,36795
20210915,분당선,서울숲,10465,10612,21077
20210915,분당선,대모산입구,4072,3791,7863
20210915,분당선,복정,1,0,1
20210915,분당선,수서,12831,13470,26301
20210915,분당선,개포동,3787,3969,7756
20210915,분당선,구룡,2182,2055,4237
20210915,분당선,도곡,6769,6651,13420
20210915,분당선,한티,13824,15090,28914
20210915,분당선,야탑,24572,25609,50181
20210915,분당선,수원,7414,6206,13620
20210915,분당선,서현,23078,23667,46745
20210915,분당선,선릉,13370,19507,32877
20210915,분당선,정자,16012,17142,33154
20210915,분당선,매교,2954,3055,6009
20210915,분당선,수원시청,11811,12586,24397
20210915,분당선,매탄권선,4797,4583,9380
20210915,분당선,망포,13423,12524,25947
20210915,분당선,영통,7869,8071,15940
20210915,분당선,청명,4124,3941,8065
20210915,분당선,상갈,5292,5149,10441
20210915,분당선,수내,12614,12683,25297
20210915,분당선,신갈,4357,4344,8701
20210915,분당선,구성,4834,5172,10006
20210915,분당선,죽전,12713,13869,26582
20210915,분당선,보정,2378,2139,4517
20210915,분당선,이매,5512,5189,10701
20210915,분당선,오리,11608,9644,21252
20210915,분당선,미금,14988,16116,31104
20210915,분당선,기흥,9298,8716,18014
20210916,분당선,한티,14081,15067,29148
20210916,분당선,선릉,13004,19113,32117
20210916,분당선,오리,11652,9616,21268
20210916,분당선,이매,5512,5080,10592
20210916,분당선,보정,2432,2104,4536
20210916,분당선,죽전,12862,13972,26834
20210916,분당선,구성,4846,5168,10014
20210916,분당선,청명,4063,3889,7952
20210916,분당선,기흥,9014,8574,17588
20210916,분당선,상갈,5282,5143,10425
20210916,분당선,영통,8065,8040,16105
20210916,분당선,망포,13523,12599,26122
20210916,분당선,매탄권선,4837,4531,9368
20210916,분당선,수원시청,11798,12388,24186
20210916,분당선,도곡,6747,6510,13257
20210916,분당선,신갈,4334,4255,8589
20210916,분당선,매교,2865,2823,5688
20210916,분당선,구룡,2178,2061,4239
20210916,분당선,대모산입구,4067,3757,7824
20210916,분당선,개포동,3716,3804,7520
20210916,분당선,미금,14942,15745,30687
20210916,분당선,정자,15873,16855,32728
20210916,분당선,수내,12451,12545,24996
20210916,분당선,야탑,24222,25337,49559
20210916,분당선,모란,19414,19500,38914
20210916,분당선,태평,13056,12507,25563
20210916,분당선,서현,22897,23425,46322
20210916,분당선,선정릉,7851,8402,16253
20210916,분당선,강남구청,9692,11082,20774
20210916,분당선,압구정로데오,17818,19445,37263
20210916,분당선,서울숲,10292,10361,20653
20210916,분당선,수원,7556,6389,13945
20210916,분당선,수서,12820,14187,27007
20210916,분당선,가천대,7487,8107,15594
20210917,분당선,구성,4733,5187,9920
20210917,분당선,미금,15329,16116,31445
20210917,분당선,오리,11624,9658,21282
20210917,분당선,이매,5662,5260,10922
20210917,분당선,보정,2368,2126,4494
20210917,분당선,죽전,13408,14562,27970
20210917,분당선,신갈,4370,4304,8674
20210917,분당선,매교,2809,2876,5685
20210917,분당선,상갈,5378,5204,10582
20210917,분당선,청명,4288,3938,8226
20210917,분당선,영통,8477,8414,16891
20210917,분당선,망포,14545,12769,27314
20210917,분당선,매탄권선,5187,4735,9922
20210917,분당선,수원시청,12550,13757,26307
20210917,분당선,정자,16607,17597,34204
20210917,분당선,기흥,9236,9041,18277
20210917,분당선,서현,24395,25007,49402
20210917,분당선,선정릉,7436,7839,15275
20210917,분당선,야탑,24970,27016,51986
20210917,분당선,수내,12796,12834,25630
20210917,분당선,선릉,12198,17840,30038
20210917,분당선,한티,14585,15839,30424
20210917,분당선,도곡,6756,6484,13240
20210917,분당선,구룡,2298,2005,4303
20210917,분당선,대모산입구,4106,3706,7812
20210917,분당선,수서,11556,12743,24299
20210917,분당선,개포동,3834,3977,7811
20210917,분당선,서울숲,10654,10742,21396
20210917,분당선,압구정로데오,19911,21494,41405
20210917,분당선,강남구청,9509,10855,20364
20210917,분당선,가천대,7382,7743,15125
20210917,분당선,태평,13578,13037,26615
20210917,분당선,모란,19861,19766,39627
20210917,분당선,수원,7889,6980,14869
20210918,분당선,죽전,8926,9801,18727
20210918,분당선,정자,9413,9396,18809
20210918,분당선,미금,9665,9791,19456
20210918,분당선,오리,6785,5566,12351
20210918,분당선,이매,3650,3464,7114
20210918,분당선,보정,1391,1289,2680
20210918,분당선,구성,2744,2939,5683
20210918,분당선,수원시청,7840,8170,16010
20210918,분당선,기흥,5634,5410,11044
20210918,분당선,상갈,3462,3441,6903
20210918,분당선,영통,5455,5151,10606
20210918,분당선,망포,7608,6717,14325
20210918,분당선,매탄권선,2865,2685,5550
20210918,분당선,수내,7986,7426,15412
20210918,분당선,매교,1571,1637,3208
20210918,분당선,신갈,2271,2375,4646
20210918,분당선,서현,15824,16036,31860
20210918,분당선,청명,2252,2142,4394
20210918,분당선,모란,14326,14441,28767
20210918,분당선,야탑,14374,16210,30584
20210918,분당선,선릉,3914,5558,9472
20210918,분당선,한티,11260,10602,21862
20210918,분당선,도곡,3601,3236,6837
20210918,분당선,구룡,1042,914,1956
20210918,분당선,대모산입구,2452,2253,4705
20210918,분당선,수서,6633,7749,14382
20210918,분당선,개포동,2285,2247,4532
20210918,분당선,수원,6212,5543,11755
20210918,분당선,서울숲,7382,7458,14840
20210918,분당선,압구정로데오,13886,15939,29825
20210918,분당선,강남구청,3829,4570,8399
20210918,분당선,선정릉,2512,2538,5050
20210918,분당선,가천대,3955,3979,7934
20210918,분당선,태평,9957,9103,19060
20210918,분당선,복정,1,0,1
20210919,분당선,압구정로데오,7728,8850,16578
20210919,분당선,모란,15322,15717,31039
20210919,분당선,태평,7640,7166,14806
20210919,분당선,가천대,2956,3011,5967
20210919,분당선,선정릉,1569,1484,3053
20210919,분당선,강남구청,2136,2465,4601
20210919,분당선,서울숲,5376,5421,10797
20210919,분당선,선릉,1973,2729,4702
20210919,분당선,수서,5027,6262,11289
20210919,분당선,대모산입구,1714,1641,3355
20210919,분당선,개포동,1521,1471,2992
20210919,분당선,구룡,565,524,1089
20210919,분당선,도곡,2049,1886,3935
20210919,분당선,한티,7638,7049,14687
20210919,분당선,야탑,10564,11959,22523
20210919,분당선,수원,5143,4515,9658
20210919,분당선,서현,11425,11535,22960
20210919,분당선,보정,973,886,1859
20210919,분당선,정자,6192,6006,12198
20210919,분당선,매교,1203,1269,2472
20210919,분당선,수원시청,5345,5480,10825
20210919,분당선,매탄권선,2061,2000,4061
20210919,분당선,수내,5220,4891,10111
20210919,분당선,영통,4008,3725,7733
20210919,분당선,청명,1644,1558,3202
20210919,분당선,상갈,2623,2675,5298
20210919,분당선,망포,5136,4568,9704
20210919,분당선,신갈,1685,1763,3448
20210919,분당선,구성,2085,2255,4340
20210919,분당선,죽전,7031,7846,14877
20210919,분당선,이매,2699,2696,5395
20210919,분당선,오리,5147,4256,9403
20210919,분당선,미금,6340,6412,12752
20210919,분당선,기흥,4208,4072,8280
20210920,분당선,정자,4724,4735,9459
20210920,분당선,태평,6431,6008,12439
20210920,분당선,모란,7845,8058,15903
20210920,분당선,야탑,8565,9339,17904
20210920,분당선,서현,8239,8220,16459
20210920,분당선,수내,4035,3907,7942
20210920,분당선,미금,5103,5277,10380
20210920,분당선,가천대,2305,2444,4749
20210920,분당선,이매,2023,2109,4132
20210920,분당선,보정,735,797,1532
20210920,분당선,죽전,4444,4876,9320
20210920,분당선,구성,1603,1800,3403
20210920,분당선,신갈,1287,1411,2698
20210920,분당선,기흥,3603,3445,7048
20210920,분당선,상갈,2245,2434,4679
20210920,분당선,오리,3808,3208,7016
20210920,분당선,선정릉,1157,1061,2218
20210920,분당선,청명,1340,1299,2639
20210920,분당선,압구정로데오,5364,6172,11536
20210920,분당선,매교,966,1007,1973
20210920,분당선,수원시청,4576,4209,8785
20210920,분당선,매탄권선,1571,1531,3102
20210920,분당선,망포,3913,3631,7544
20210920,분당선,영통,2954,2805,5759
20210920,분당선,선릉,1524,2104,3628
20210920,분당선,한티,5616,5067,10683
20210920,분당선,강남구청,1663,1786,3449
20210920,분당선,구룡,484,427,911
20210920,분당선,개포동,1214,1185,2399
20210920,분당선,대모산입구,1255,1184,2439
20210920,분당선,수서,4330,5063,9393
20210920,분당선,수원,4400,3694,8094
20210920,분당선,서울숲,4237,4449,8686
20210920,분당선,도곡,1836,1623,3459
20210921,분당선,가천대,1955,2468,4423
20210921,분당선,선정릉,835,870,1705
20210921,분당선,강남구청,1108,1371,2479
20210921,분당선,압구정로데오,2215,2619,4834
20210921,분당선,서울숲,2770,2867,5637
20210921,분당선,수원,3611,2973,6584
20210921,분당선,수서,4251,3768,8019
20210921,분당선,선릉,1013,1614,2627
20210921,분당선,개포동,846,850,1696
20210921,분당선,한티,3674,3708,7382
20210921,분당선,도곡,1081,1028,2109
20210921,분당선,구룡,295,328,623
20210921,분당선,매교,798,786,1584
20210921,분당선,태평,4870,4783,9653
20210921,분당선,대모산입구,1065,996,2061
20210921,분당선,모란,6046,6285,12331
20210921,분당선,수원시청,3426,3924,7350
20210921,분당선,서현,5261,5773,11034
20210921,분당선,매탄권선,1413,1354,2767
20210921,분당선,망포,3110,3251,6361
20210921,분당선,영통,2247,2413,4660
20210921,분당선,청명,1053,1014,2067
20210921,분당선,상갈,1712,1701,3413
20210921,분당선,기흥,3099,2695,5794
20210921,분당선,신갈,1110,1104,2214
20210921,분당선,야탑,7165,6292,13457
20210921,분당선,죽전,3255,3867,7122
20210921,분당선,보정,593,562,1155
20210921,분당선,이매,1570,1616,3186
20210921,분당선,오리,2578,2324,4902
20210921,분당선,미금,3442,3753,7195
20210921,분당선,정자,3423,3731,7154
20210921,분당선,수내,2201,2239,4440
20210921,분당선,구성,1308,1341,2649
20210922,분당선,정자,6009,6615,12624
20210922,분당선,미금,5845,6446,12291
20210922,분당선,오리,4195,3678,7873
20210922,분당선,이매,2402,2410,4812
20210922,분당선,보정,986,878,1864
20210922,분당선,죽전,6523,7633,14156
20210922,분당선,구성,1973,1995,3968
20210922,분당선,청명,1554,1529,3083
20210922,분당선,기흥,4308,3947,8255
20210922,분당선,상갈,2657,2595,5252
20210922,분당선,영통,3648,4020,7668
20210922,분당선,망포,4979,5365,10344
20210922,분당선,매탄권선,2045,2015,4060
20210922,분당선,수원시청,5458,5907,11365
20210922,분당선,수내,4076,4185,8261
20210922,분당선,신갈,1590,1619,3209
20210922,분당선,매교,1084,1090,2174
20210922,분당선,서현,11357,11394,22751
20210922,분당선,모란,8663,9220,17883
20210922,분당선,야탑,11826,10509,22335
20210922,분당선,선릉,2014,3145,5159
20210922,분당선,한티,6649,6673,13322
20210922,분당선,도곡,2076,2111,4187
20210922,분당선,개포동,1392,1416,2808
20210922,분당선,대모산입구,1439,1386,2825
20210922,분당선,수서,6066,5114,11180
20210922,분당선,구룡,568,575,1143
20210922,분당선,서울숲,5364,5586,10950
20210922,분당선,압구정로데오,6079,7076,13155
20210922,분당선,강남구청,2047,2432,4479
20210922,분당선,선정릉,1292,1486,2778
20210922,분당선,가천대,2566,3543,6109
20210922,분당선,태평,6599,6286,12885
20210922,분당선,수원,5157,4520,9677
20210923,분당선,신갈,4063,4066,8129
20210923,분당선,오리,10175,8530,18705
20210923,분당선,이매,5125,4721,9846
20210923,분당선,보정,2068,1879,3947
20210923,분당선,죽전,11514,13081,24595
20210923,분당선,구성,4315,4594,8909
20210923,분당선,기흥,8392,8035,16427
20210923,분당선,미금,13755,14678,28433
20210923,분당선,청명,3684,3457,7141
20210923,분당선,영통,7148,7683,14831
20210923,분당선,망포,11891,11459,23350
20210923,분당선,매탄권선,4307,4156,8463
20210923,분당선,수원시청,11118,12024,23142
20210923,분당선,매교,2740,2747,5487
20210923,분당선,상갈,4776,4572,9348
20210923,분당선,정자,13150,14182,27332
20210923,분당선,수내,11706,11770,23476
20210923,분당선,선릉,11397,16955,28352
20210923,분당선,서현,21779,22244,44023
20210923,분당선,한티,12910,13712,26622
20210923,분당선,도곡,5826,5823,11649
20210923,분당선,구룡,1626,1555,3181
20210923,분당선,개포동,3449,3577,7026
20210923,분당선,수서,12841,11105,23946
20210923,분당선,수원,7141,6266,13407
20210923,분당선,대모산입구,3745,3466,7211
20210923,분당선,압구정로데오,16185,17459,33644
20210923,분당선,강남구청,8727,10008,18735
20210923,분당선,선정릉,6780,7320,14100
20210923,분당선,가천대,6601,7866,14467
20210923,분당선,태평,12382,11951,24333
20210923,분당선,모란,17509,17698,35207
20210923,분당선,야탑,22760,23340,46100
20210923,분당선,서울숲,8908,9008,17916
20210924,분당선,죽전,12684,13816,26500
20210924,분당선,정자,15290,16593,31883
20210924,분당선,미금,14835,15760,30595
20210924,분당선,오리,10925,9030,19955
20210924,분당선,이매,5468,4960,10428
20210924,분당선,보정,2254,1991,4245
20210924,분당선,구성,4606,4943,9549
20210924,분당선,매교,2820,2908,5728
20210924,분당선,기흥,8865,8590,17455
20210924,분당선,상갈,5217,5086,10303
20210924,분당선,영통,7843,8187,16030
20210924,분당선,망포,13273,12192,25465
20210924,분당선,매탄권선,4581,4436,9017
20210924,분당선,수원시청,12113,13278,25391
20210924,분당선,수내,12291,12567,24858
20210924,분당선,신갈,4291,4201,8492
20210924,분당선,서현,23592,23987,47579
20210924,분당선,청명,4025,3848,7873
20210924,분당선,모란,22159,22687,44846
20210924,분당선,야탑,23918,24828,48746
20210924,분당선,한티,13679,14904,28583
20210924,분당선,도곡,6496,6311,12807
20210924,분당선,구룡,1725,1708,3433
20210924,분당선,개포동,3689,3857,7546
20210924,분당선,대모산입구,4112,3751,7863
20210924,분당선,수서,13323,13216,26539
20210924,분당선,선릉,12176,17928,30104
20210924,분당선,수원,7640,6574,14214
20210924,분당선,서울숲,10190,10273,20463
20210924,분당선,압구정로데오,18403,20337,38740
20210924,분당선,강남구청,9509,10710,20219
20210924,분당선,선정릉,7017,7538,14555
20210924,분당선,가천대,7045,7887,14932
20210924,분당선,태평,13082,12606,25688
20210924,분당선,복정,1,0,1
20210925,분당선,모란,14084,13961,28045
20210925,분당선,태평,9467,9113,18580
20210925,분당선,가천대,4503,4960,9463
20210925,분당선,선정릉,3145,3190,6335
20210925,분당선,강남구청,4837,5663,10500
20210925,분당선,압구정로데오,16062,18152,34214
20210925,분당선,서울숲,7840,8249,16089
20210925,분당선,대모산입구,2526,2263,4789
20210925,분당선,수서,8982,8788,17770
20210925,분당선,개포동,2430,2434,4864
20210925,분당선,구룡,1137,1066,2203
20210925,분당선,도곡,3895,3452,7347
20210925,분당선,한티,11468,10941,22409
20210925,분당선,야탑,14995,15497,30492
20210925,분당선,선릉,4518,6852,11370
20210925,분당선,수원,6200,5442,11642
20210925,분당선,서현,16157,16260,32417
20210925,분당선,보정,1401,1293,2694
20210925,분당선,정자,9178,9602,18780
20210925,분당선,매교,1883,1937,3820
20210925,분당선,수원시청,9020,9717,18737
20210925,분당선,매탄권선,3094,2927,6021
20210925,분당선,수내,7811,7413,15224
20210925,분당선,영통,5696,5500,11196
20210925,분당선,청명,2361,2313,4674
20210925,분당선,상갈,3558,3522,7080
20210925,분당선,망포,7902,7340,15242
20210925,분당선,신갈,2487,2494,4981
20210925,분당선,구성,2903,3117,6020
20210925,분당선,죽전,9023,10244,19267
20210925,분당선,이매,3637,3574,7211
20210925,분당선,오리,6730,5565,12295
20210925,분당선,미금,9528,10081,19609
20210925,분당선,기흥,5983,5666,11649
20210926,분당선,개포동,1703,1728,3431
20210926,분당선,서울숲,6562,6613,13175
20210926,분당선,수원,4681,4147,8828
20210926,분당선,복정,1,0,1
20210926,분당선,수서,7498,6742,14240
20210926,분당선,대모산입구,1905,1793,3698
20210926,분당선,구룡,654,746,1400
20210926,분당선,압구정로데오,8784,9935,18719
20210926,분당선,한티,7660,7447,15107
20210926,분당선,선릉,2463,3600,6063
20210926,분당선,매교,1292,1348,2640
20210926,분당선,수원시청,6272,6175,12447
20210926,분당선,매탄권선,2206,2127,4333
20210926,분당선,영통,3942,4134,8076
20210926,분당선,망포,5224,5541,10765
20210926,분당선,도곡,2170,2003,4173
20210926,분당선,강남구청,2881,3434,6315
20210926,분당선,상갈,2561,2719,5280
20210926,분당선,가천대,3387,3954,7341
20210926,분당선,청명,1739,1737,3476
20210926,분당선,기흥,4295,4126,8421
20210926,분당선,신갈,1715,1756,3471
20210926,분당선,구성,2113,2270,4383
20210926,분당선,죽전,6682,7362,14044
20210926,분당선,보정,924,891,1815
20210926,분당선,이매,2717,2777,5494
20210926,분당선,선정릉,1794,1957,3751
20210926,분당선,미금,6121,6457,12578
20210926,분당선,정자,6323,6571,12894
20210926,분당선,수내,5603,5503,11106
20210926,분당선,서현,11336,11578,22914
20210926,분당선,야탑,10737,11182,21919
20210926,분당선,모란,9576,9783,19359
20210926,분당선,태평,7020,6550,13570
20210926,분당선,오리,4613,4055,8668
20210927,분당선,미금,14628,15443,30071
20210927,분당선,오리,11157,9310,20467
20210927,분당선,이매,5412,4982,10394
20210927,분당선,보정,2461,2170,4631
20210927,분당선,죽전,12093,13562,25655
20210927,분당선,구성,4758,5091,9849
20210927,분당선,신갈,4379,4325,8704
20210927,분당선,영통,7400,7737,15137
20210927,분당선,상갈,5051,4854,9905
20210927,분당선,청명,4024,3809,7833
20210927,분당선,망포,13112,12467,25579
20210927,분당선,매탄권선,4641,4431,9072
20210927,분당선,수원시청,11366,12148,23514
20210927,분당선,정자,15744,16611,32355
20210927,분당선,기흥,8997,8531,17528
20210927,분당선,수내,12256,12451,24707
20210927,분당선,매교,2919,2839,5758
20210927,분당선,야탑,23919,24980,48899
20210927,분당선,선정릉,7863,8347,16210
20210927,분당선,강남구청,9437,10842,20279
20210927,분당선,압구정로데오,15541,16546,32087
20210927,분당선,서울숲,9651,9866,19517
20210927,분당선,수원,7153,6120,13273
20210927,분당선,가천대,7330,8513,15843
20210927,분당선,수서,12675,12952,25627
20210927,분당선,서현,22361,22609,44970
20210927,분당선,개포동,3629,3838,7467
20210927,분당선,구룡,2131,2054,4185
20210927,분당선,도곡,6537,6547,13084
20210927,분당선,한티,13074,14227,27301
20210927,분당선,선릉,13218,19388,32606
20210927,분당선,태평,12860,12381,25241
20210927,분당선,모란,18539,18630,37169
20210927,분당선,대모산입구,4125,3848,7973
20210928,분당선,정자,15891,17093,32984
20210928,분당선,미금,14680,15577,30257
20210928,분당선,오리,11199,9233,20432
20210928,분당선,이매,5403,5009,10412
20210928,분당선,보정,2347,2106,4453
20210928,분당선,죽전,12250,13335,25585
20210928,분당선,구성,4645,5016,9661
20210928,분당선,청명,3976,3860,7836
20210928,분당선,기흥,9068,8577,17645
20210928,분당선,상갈,5076,4867,9943
20210928,분당선,영통,7555,7733,15288
20210928,분당선,망포,13126,12478,25604
20210928,분당선,매탄권선,4518,4458,8976
20210928,분당선,수원시청,11466,12156,23622
20210928,분당선,수내,12387,12432,24819
20210928,분당선,신갈,4315,4301,8616
20210928,분당선,매교,2849,2864,5713
20210928,분당선,서현,22471,22733,45204
20210928,분당선,모란,18353,18499,36852
20210928,분당선,야탑,23560,24642,48202
20210928,분당선,선릉,13346,19555,32901
20210928,분당선,한티,13146,14202,27348
20210928,분당선,도곡,6541,6448,12989
20210928,분당선,개포동,3698,3893,7591
20210928,분당선,대모산입구,4071,3874,7945
20210928,분당선,수서,12477,12764,25241
20210928,분당선,구룡,2049,2025,4074
20210928,분당선,서울숲,9777,9923,19700
20210928,분당선,압구정로데오,17151,18355,35506
20210928,분당선,강남구청,9741,11082,20823
20210928,분당선,선정릉,7887,8377,16264
20210928,분당선,가천대,7367,8440,15807
20210928,분당선,태평,12738,12404,25142
20210928,분당선,수원,7096,5976,13072
20210929,분당선,구성,4510,4908,9418
20210929,분당선,미금,14191,15112,29303
20210929,분당선,오리,10756,8966,19722
20210929,분당선,이매,5245,4840,10085
20210929,분당선,보정,2256,2011,4267
20210929,분당선,죽전,11674,12925,24599
20210929,분당선,신갈,4071,3995,8066
20210929,분당선,매교,2621,2661,5282
20210929,분당선,상갈,5015,4729,9744
20210929,분당선,청명,3866,3692,7558
20210929,분당선,영통,7287,7502,14789
20210929,분당선,망포,12959,12136,25095
20210929,분당선,매탄권선,4455,4384,8839
20210929,분당선,수원시청,11147,11880,23027
20210929,분당선,정자,15538,16364,31902
20210929,분당선,기흥,8718,8208,16926
20210929,분당선,수내,12093,12213,24306
20210929,분당선,선릉,13063,19145,32208
20210929,분당선,야탑,23227,24041,47268
20210929,분당선,한티,13036,14292,27328
20210929,분당선,도곡,6255,6205,12460
20210929,분당선,구룡,2028,1970,3998
20210929,분당선,개포동,3626,3778,7404
20210929,분당선,대모산입구,4049,3788,7837
20210929,분당선,수서,12232,12545,24777
20210929,분당선,복정,2,0,2
20210929,분당선,서현,21630,21902,43532
20210929,분당선,서울숲,9219,9560,18779
20210929,분당선,압구정로데오,16213,17871,34084
20210929,분당선,강남구청,9531,11025,20556
20210929,분당선,선정릉,7764,8205,15969
20210929,분당선,가천대,6918,7926,14844
20210929,분당선,태평,12732,12181,24913
20210929,분당선,모란,19815,20164,39979
20210929,분당선,수원,6942,5894,12836
20210930,분당선,야탑,23977,24975,48952
20210930,분당선,모란,18671,19020,37691
20210930,분당선,태평,13062,12570,25632
20210930,분당선,가천대,7415,8293,15708
20210930,분당선,선정릉,7602,8199,15801
20210930,분당선,강남구청,9730,11042,20772
20210930,분당선,압구정로데오,17459,19148,36607
20210930,분당선,대모산입구,4144,3914,8058
20210930,분당선,수원,7281,6363,13644
20210930,분당선,수서,12581,13082,25663
20210930,분당선,개포동,3776,3955,7731
20210930,분당선,구룡,2091,2048,4139
20210930,분당선,도곡,6637,6454,13091
20210930,분당선,한티,13744,14606,28350
20210930,분당선,서현,22313,22844,45157
20210930,분당선,서울숲,10471,10607,21078
20210930,분당선,선릉,12970,19297,32267
20210930,분당선,수내,12413,12702,25115
20210930,분당선,복정,2,0,2
20210930,분당선,정자,15928,16988,32916
20210930,분당선,매교,2857,2892,5749
20210930,분당선,수원시청,11803,12476,24279
20210930,분당선,매탄권선,4650,4478,9128
20210930,분당선,망포,13484,12631,26115
20210930,분당선,청명,3991,3930,7921
20210930,분당선,상갈,5321,5026,10347
20210930,분당선,영통,7753,7939,15692
20210930,분당선,신갈,4325,4321,8646
20210930,분당선,구성,4833,5223,10056
20210930,분당선,죽전,12637,13767,26404
20210930,분당선,보정,2466,2121,4587
20210930,분당선,이매,5503,5071,10574
20210930,분당선,오리,11351,9413,20764
20210930,분당선,미금,14437,15600,30037
20210930,분당선,기흥,9269,8675,17944
20211001,분당선,서울숲,10817,10753,21570
20211001,분당선,태평,13333,12730,26063
20211001,분당선,가천대,7524,8074,15598
20211001,분당선,선정릉,7659,8193,15852
20211001,분당선,강남구청,9539,11024,20563
20211001,분당선,압구정로데오,19259,21224,40483
20211001,분당선,수원,7872,6984,14856
20211001,분당선,모란,19452,19480,38932
20211001,분당선,대모산입구,4225,3936,8161
20211001,분당선,매교,2942,2937,5879
20211001,분당선,구룡,2313,2097,4410
20211001,분당선,도곡,6797,6707,13504
20211001,분당선,한티,14045,15197,29242
20211001,분당선,선릉,12902,19049,31951
20211001,분당선,복정,1,0,1
20211001,분당선,수서,13884,14842,28726
20211001,분당선,야탑,24706,25915,50621
20211001,분당선,개포동,3956,4164,8120
20211001,분당선,수내,12740,12767,25507
20211001,분당선,수원시청,12282,13553,25835
20211001,분당선,매탄권선,4946,4770,9716
20211001,분당선,망포,14495,13274,27769
20211001,분당선,영통,8606,8600,17206
20211001,분당선,청명,4384,4058,8442
20211001,분당선,상갈,5451,5296,10747
20211001,분당선,기흥,9311,8957,18268
20211001,분당선,서현,23666,24162,47828
20211001,분당선,구성,4916,5320,10236
20211001,분당선,죽전,13378,14465,27843
20211001,분당선,보정,2544,2158,4702
20211001,분당선,이매,5556,5205,10761
20211001,분당선,오리,11201,9209,20410
20211001,분당선,미금,15265,16247,31512
20211001,분당선,정자,16629,17930,34559
20211001,분당선,신갈,4476,4406,8882
20211002,분당선,미금,9991,10526,20517
20211002,분당선,오리,7207,6035,13242
20211002,분당선,이매,4009,3908,7917
20211002,분당선,보정,1431,1333,2764
20211002,분당선,죽전,9783,10715,20498
20211002,분당선,구성,3059,3142,6201
20211002,분당선,신갈,2701,2670,5371
20211002,분당선,영통,6123,5995,12118
20211002,분당선,상갈,3726,3674,7400
20211002,분당선,청명,2526,2460,4986
20211002,분당선,망포,8445,7635,16080
20211002,분당선,매탄권선,3149,2928,6077
20211002,분당선,수원시청,9461,10270,19731
20211002,분당선,매교,2005,2028,4033
20211002,분당선,정자,9771,10004,19775
20211002,분당선,기흥,6216,5922,12138
20211002,분당선,수내,8077,7647,15724
20211002,분당선,야탑,15827,16687,32514
20211002,분당선,선릉,4658,7110,11768
20211002,분당선,서현,16267,16236,32503
20211002,분당선,한티,11396,11357,22753
20211002,분당선,도곡,4596,4042,8638
20211002,분당선,구룡,1250,1072,2322
20211002,분당선,개포동,2566,2500,5066
20211002,분당선,수서,9382,9979,19361
20211002,분당선,복정,2,0,2
20211002,분당선,대모산입구,3010,2714,5724
20211002,분당선,서울숲,8950,9156,18106
20211002,분당선,압구정로데오,16508,18763,35271
20211002,분당선,강남구청,4811,6094,10905
20211002,분당선,선정릉,3203,3320,6523
20211002,분당선,가천대,4851,5215,10066
20211002,분당선,태평,10145,9367,19512
20211002,분당선,모란,14693,14772,29465
20211002,분당선,수원,6551,5743,12294
20211003,분당선,압구정로데오,10204,11678,21882
20211003,분당선,모란,10310,10506,20816
20211003,분당선,태평,7586,6774,14360
20211003,분당선,가천대,3575,4104,7679
20211003,분당선,선정릉,2020,2082,4102
20211003,분당선,강남구청,2936,3649,6585
20211003,분당선,서울숲,7649,8228,15877
20211003,분당선,야탑,11458,11832,23290
20211003,분당선,수서,7085,6989,14074
20211003,분당선,대모산입구,1875,1795,3670
20211003,분당선,개포동,1562,1594,3156
20211003,분당선,구룡,697,668,1365
20211003,분당선,도곡,2364,2211,4575
20211003,분당선,선릉,2506,3755,6261
20211003,분당선,수원,5361,4637,9998
20211003,분당선,서현,11765,11958,23723
20211003,분당선,한티,7766,7374,15140
20211003,분당선,정자,6987,7202,14189
20211003,분당선,수내,5334,5174,10508
20211003,분당선,수원시청,6760,7020,13780
20211003,분당선,매탄권선,2385,2373,4758
20211003,분당선,망포,5959,5684,11643
20211003,분당선,영통,4433,4401,8834
20211003,분당선,청명,1899,1837,3736
20211003,분당선,상갈,2836,2854,5690
20211003,분당선,매교,1299,1375,2674
20211003,분당선,신갈,1811,1884,3695
20211003,분당선,구성,2266,2446,4712
20211003,분당선,죽전,7666,8420,16086
20211003,분당선,보정,1001,956,1957
20211003,분당선,이매,2893,2921,5814
20211003,분당선,오리,4941,4241,9182
20211003,분당선,미금,6467,6830,13297
20211003,분당선,기흥,4685,4580,9265
20211004,분당선,미금,8639,9285,17924
20211004,분당선,오리,5889,5166,11055
20211004,분당선,이매,3199,3189,6388
20211004,분당선,보정,1156,1049,2205
20211004,분당선,죽전,7942,8981,16923
20211004,분당선,구성,2708,2818,5526
20211004,분당선,신갈,2167,2226,4393
20211004,분당선,영통,4686,4764,9450
20211004,분당선,상갈,3095,3131,6226
20211004,분당선,청명,2123,2151,4274
20211004,분당선,망포,6574,6814,13388
20211004,분당선,매탄권선,2671,2562,5233
20211004,분당선,수원시청,7233,7268,14501
20211004,분당선,정자,8134,8626,16760
20211004,분당선,기흥,5489,5240,10729
20211004,분당선,수내,6855,6890,13745
20211004,분당선,매교,1680,1717,3397
20211004,분당선,야탑,14372,14696,29068
20211004,분당선,선릉,3887,5849,9736
20211004,분당선,한티,8520,8791,17311
20211004,분당선,도곡,3477,3361,6838
20211004,분당선,구룡,931,968,1899
20211004,분당선,개포동,2295,2350,4645
20211004,분당선,대모산입구,2304,2207,4511
20211004,분당선,수서,8477,7887,16364
20211004,분당선,서현,14266,14171,28437
20211004,분당선,서울숲,5574,5684,11258
20211004,분당선,압구정로데오,10824,11794,22618
20211004,분당선,강남구청,3562,4282,7844
20211004,분당선,선정릉,2610,2694,5304
20211004,분당선,가천대,4375,5092,9467
20211004,분당선,태평,9112,8669,17781
20211004,분당선,모란,17712,18486,36198
20211004,분당선,수원,5381,4608,9989
20211005,분당선,야탑,24263,25337,49600
20211005,분당선,모란,18876,18852,37728
20211005,분당선,태평,13061,12476,25537
20211005,분당선,가천대,8181,9155,17336
20211005,분당선,선정릉,7919,8443,16362
20211005,분당선,강남구청,9716,11190,20906
20211005,분당선,압구정로데오,16944,18334,35278
20211005,분당선,대모산입구,4213,3964,8177
20211005,분당선,수원,7374,6278,13652
20211005,분당선,수서,12618,13111,25729
20211005,분당선,개포동,3742,3872,7614
20211005,분당선,구룡,2091,2032,4123
20211005,분당선,도곡,6520,6461,12981
20211005,분당선,한티,13345,14459,27804
20211005,분당선,서현,22719,23135,45854
20211005,분당선,서울숲,9782,9945,19727
20211005,분당선,선릉,13482,20074,33556
20211005,분당선,수내,12651,12639,25290
20211005,분당선,미금,15078,16231,31309
20211005,분당선,정자,16220,17193,33413
20211005,분당선,매교,3060,3133,6193
20211005,분당선,수원시청,11649,12309,23958
20211005,분당선,매탄권선,4705,4597,9302
20211005,분당선,영통,7768,8051,15819
20211005,분당선,청명,4160,3980,8140
20211005,분당선,상갈,5267,5020,10287
20211005,분당선,망포,13654,12877,26531
20211005,분당선,신갈,4525,4546,9071
20211005,분당선,구성,4755,5158,9913
20211005,분당선,죽전,12579,13735,26314
20211005,분당선,보정,2527,2192,4719
20211005,분당선,이매,5568,4981,10549
20211005,분당선,오리,11429,9482,20911
20211005,분당선,기흥,9351,8712,18063
20211006,분당선,구성,4893,5169,10062
20211006,분당선,미금,14737,15556,30293
20211006,분당선,오리,11217,9407,20624
20211006,분당선,이매,5603,5156,10759
20211006,분당선,보정,2476,2195,4671
20211006,분당선,죽전,12282,13593,25875
20211006,분당선,신갈,4405,4364,8769
20211006,분당선,정자,16361,17287,33648
20211006,분당선,상갈,5217,4961,10178
20211006,분당선,청명,4209,3970,8179
20211006,분당선,영통,7698,7839,15537
20211006,분당선,망포,13564,12787,26351
20211006,분당선,매탄권선,4728,4562,9290
20211006,분당선,수원시청,11448,12322,23770
20211006,분당선,기흥,9097,8642,17739
20211006,분당선,수내,12434,12443,24877
20211006,분당선,매교,3061,3037,6098
20211006,분당선,야탑,24044,25153,49197
20211006,분당선,선릉,13260,19686,32946
20211006,분당선,한티,13323,14495,27818
20211006,분당선,도곡,6545,6384,12929
20211006,분당선,구룡,2064,2032,4096
20211006,분당선,개포동,3789,3860,7649
20211006,분당선,대모산입구,4174,3818,7992
20211006,분당선,수서,12623,12978,25601
20211006,분당선,서현,22641,22916,45557
20211006,분당선,서울숲,9668,9792,19460
20211006,분당선,압구정로데오,16683,18384,35067
20211006,분당선,강남구청,9717,11250,20967
20211006,분당선,선정릉,7856,8427,16283
20211006,분당선,가천대,8045,9167,17212
20211006,분당선,태평,12904,12375,25279
20211006,분당선,모란,18419,18549,36968
20211006,분당선,수원,7200,6143,13343
20211007,분당선,수원시청,11482,12214,23696
20211007,분당선,매교,3056,3052,6108
20211007,분당선,개포동,3836,3868,7704
20211007,분당선,구룡,2151,2024,4175
20211007,분당선,도곡,6505,6427,12932
20211007,분당선,한티,13364,14400,27764
20211007,분당선,선릉,13275,19309,32584
20211007,분당선,서울숲,9830,10028,19858
20211007,분당선,수서,12865,13388,26253
20211007,분당선,수원,7393,6207,13600
20211007,분당선,압구정로데오,17157,18724,35881
20211007,분당선,강남구청,9611,11195,20806
20211007,분당선,선정릉,7844,8533,16377
20211007,분당선,가천대,8169,9064,17233
20211007,분당선,매탄권선,4684,4576,9260
20211007,분당선,대모산입구,4279,3918,8197
20211007,분당선,망포,13387,12674,26061
20211007,분당선,영통,7697,7995,15692
20211007,분당선,청명,4159,3943,8102
20211007,분당선,태평,12966,12458,25424
20211007,분당선,모란,18930,18868,37798
20211007,분당선,야탑,23974,25041,49015
20211007,분당선,서현,22366,22892,45258
20211007,분당선,정자,16227,17201,33428
20211007,분당선,미금,14597,15549,30146
20211007,분당선,오리,11341,9472,20813
20211007,분당선,수내,12346,12419,24765
20211007,분당선,보정,2572,2184,4756
20211007,분당선,죽전,12686,13968,26654
20211007,분당선,구성,4886,5123,10009
20211007,분당선,신갈,4497,4471,8968
20211007,분당선,기흥,9267,8629,17896
20211007,분당선,상갈,5222,4947,10169
20211007,분당선,이매,5484,5053,10537
20211008,분당선,서울숲,10055,10077,20132
20211008,분당선,태평,13078,12650,25728
20211008,분당선,가천대,7983,8553,16536
20211008,분당선,선정릉,7757,8304,16061
20211008,분당선,강남구청,9848,11197,21045
20211008,분당선,압구정로데오,19048,21112,40160
20211008,분당선,수원,7872,7066,14938
20211008,분당선,선릉,13043,19231,32274
20211008,분당선,수서,13952,15109,29061
20211008,분당선,대모산입구,4282,3986,8268
20211008,분당선,개포동,3927,3996,7923
20211008,분당선,구룡,2109,1981,4090
20211008,분당선,도곡,6922,6667,13589
20211008,분당선,한티,14189,15196,29385
20211008,분당선,모란,19479,19665,39144
20211008,분당선,복정,1,0,1
20211008,분당선,야탑,25184,26552,51736
20211008,분당선,매교,3142,3129,6271
20211008,분당선,수내,12991,12867,25858
20211008,분당선,서현,24107,25055,49162
20211008,분당선,수원시청,12374,13645,26019
20211008,분당선,매탄권선,4989,4782,9771
20211008,분당선,망포,14529,13402,27931
20211008,분당선,영통,8320,8399,16719
20211008,분당선,상갈,5379,5235,10614
20211008,분당선,기흥,9492,8996,18488
20211008,분당선,청명,4395,3940,8335
20211008,분당선,구성,5026,5191,10217
20211008,분당선,죽전,13401,14482,27883
20211008,분당선,보정,2514,2223,4737
20211008,분당선,이매,5979,5368,11347
20211008,분당선,오리,11557,9473,21030
20211008,분당선,미금,15081,16230,31311
20211008,분당선,정자,16763,17461,34224
20211008,분당선,신갈,4510,4377,8887
20211009,분당선,죽전,9586,10374,19960
20211009,분당선,정자,9128,9329,18457
20211009,분당선,미금,9246,9461,18707
20211009,분당선,오리,7119,5843,12962
20211009,분당선,이매,3750,3648,7398
20211009,분당선,보정,1471,1276,2747
20211009,분당선,구성,3009,3192,6201
20211009,분당선,매교,1788,1868,3656
20211009,분당선,기흥,6044,5735,11779
20211009,분당선,상갈,3641,3678,7319
20211009,분당선,청명,2506,2395,4901
20211009,분당선,영통,5490,5392,10882
20211009,분당선,망포,8251,7392,15643
20211009,분당선,매탄권선,3091,2904,5995
20211009,분당선,수원시청,8795,9709,18504
20211009,분당선,신갈,2495,2539,5034
20211009,분당선,수내,7473,7006,14479
20211009,분당선,야탑,15155,16113,31268
20211009,분당선,모란,19583,19917,39500
20211009,분당선,선릉,4131,6362,10493
20211009,분당선,한티,10076,9558,19634
20211009,분당선,도곡,3639,3252,6891
20211009,분당선,구룡,1241,1129,2370
20211009,분당선,개포동,2427,2307,4734
20211009,분당선,대모산입구,2881,2684,5565
20211009,분당선,수서,9149,9683,18832
20211009,분당선,서현,15393,14848,30241
20211009,분당선,서울숲,8290,8397,16687
20211009,분당선,압구정로데오,15223,17554,32777
20211009,분당선,강남구청,4413,5363,9776
20211009,분당선,선정릉,2868,2971,5839
20211009,분당선,가천대,5121,5365,10486
20211009,분당선,태평,9621,8892,18513
20211009,분당선,수원,6714,5773,12487
20211010,분당선,모란,9647,9975,19622
20211010,분당선,태평,7171,6581,13752
20211010,분당선,가천대,3527,4023,7550
20211010,분당선,선정릉,1952,2048,4000
20211010,분당선,강남구청,2880,3514,6394
20211010,분당선,압구정로데오,9804,10816,20620
20211010,분당선,서울숲,4963,5131,10094
20211010,분당선,대모산입구,1849,1761,3610
20211010,분당선,수서,7271,7047,14318
20211010,분당선,개포동,1753,1789,3542
20211010,분당선,구룡,652,595,1247
20211010,분당선,도곡,2112,2012,4124
20211010,분당선,한티,7666,7373,15039
20211010,분당선,야탑,11251,11611,22862
20211010,분당선,수원,4959,4262,9221
20211010,분당선,서현,11735,10528,22263
20211010,분당선,선릉,2568,3765,6333
20211010,분당선,정자,6622,6771,13393
20211010,분당선,매교,1200,1266,2466
20211010,분당선,수원시청,6476,6824,13300
20211010,분당선,매탄권선,2324,2213,4537
20211010,분당선,망포,5549,5558,11107
20211010,분당선,영통,4045,4046,8091
20211010,분당선,청명,1689,1640,3329
20211010,분당선,상갈,2616,2702,5318
20211010,분당선,수내,5376,5234,10610
20211010,분당선,신갈,1714,1790,3504
20211010,분당선,구성,2176,2294,4470
20211010,분당선,죽전,7135,7873,15008
20211010,분당선,보정,1013,944,1957
20211010,분당선,이매,2747,2825,5572
20211010,분당선,오리,4755,4044,8799
20211010,분당선,미금,6319,6540,12859
20211010,분당선,기흥,4531,4164,8695
20211011,분당선,정자,8600,8950,17550
20211011,분당선,미금,9874,10274,20148
20211011,분당선,오리,6214,5196,11410
20211011,분당선,이매,3149,3134,6283
20211011,분당선,보정,1305,1175,2480
20211011,분당선,죽전,8568,9626,18194
20211011,분당선,구성,2901,3004,5905
20211011,분당선,청명,2185,2249,4434
20211011,분당선,기흥,5626,5463,11089
20211011,분당선,상갈,3368,3389,6757
20211011,분당선,영통,5026,5176,10202
20211011,분당선,망포,6892,7129,14021
20211011,분당선,매탄권선,2751,2700,5451
20211011,분당선,수원시청,7420,7531,14951
20211011,분당선,수내,6774,6768,13542
20211011,분당선,신갈,2296,2345,4641
20211011,분당선,매교,1602,1662,3264
20211011,분당선,서현,15030,14762,29792
20211011,분당선,모란,13116,13467,26583
20211011,분당선,야탑,14992,15338,30330
20211011,분당선,선릉,4018,5872,9890
20211011,분당선,한티,8164,8337,16501
20211011,분당선,도곡,3537,3342,6879
20211011,분당선,개포동,2379,2405,4784
20211011,분당선,대모산입구,2333,2145,4478
20211011,분당선,수서,8619,8251,16870
20211011,분당선,구룡,989,1058,2047
20211011,분당선,서울숲,7043,7133,14176
20211011,분당선,압구정로데오,11332,12523,23855
20211011,분당선,강남구청,3711,4250,7961
20211011,분당선,선정릉,2782,2915,5697
20211011,분당선,가천대,4462,5164,9626
20211011,분당선,태평,9089,8748,17837
20211011,분당선,수원,5767,4798,10565
20211012,분당선,구성,5014,5265,10279
20211012,분당선,미금,15353,16259,31612
20211012,분당선,오리,11389,9549,20938
20211012,분당선,이매,5576,5106,10682
20211012,분당선,보정,2476,2159,4635
20211012,분당선,죽전,12751,13908,26659
20211012,분당선,신갈,4545,4595,9140
20211012,분당선,정자,16336,17549,33885
20211012,분당선,상갈,5358,5154,10512
20211012,분당선,청명,4198,3989,8187
20211012,분당선,영통,7886,8173,16059
20211012,분당선,망포,13597,12888,26485
20211012,분당선,매탄권선,4748,4633,9381
20211012,분당선,수원시청,11791,12381,24172
20211012,분당선,기흥,9374,8823,18197
20211012,분당선,수내,12745,12657,25402
20211012,분당선,매교,3075,3092,6167
20211012,분당선,야탑,24652,25829,50481
20211012,분당선,선릉,13550,20114,33664
20211012,분당선,한티,13311,14478,27789
20211012,분당선,도곡,6717,6727,13444
20211012,분당선,구룡,2077,2081,4158
20211012,분당선,개포동,3770,3947,7717
20211012,분당선,대모산입구,4265,4028,8293
20211012,분당선,수서,13170,13379,26549
20211012,분당선,서현,23120,23318,46438
20211012,분당선,서울숲,10270,10516,20786
20211012,분당선,압구정로데오,17028,18543,35571
20211012,분당선,강남구청,9759,11265,21024
20211012,분당선,선정릉,7985,8657,16642
20211012,분당선,가천대,8586,9628,18214
20211012,분당선,태평,13297,12849,26146
20211012,분당선,모란,19131,19293,38424
20211012,분당선,수원,7533,6420,13953
20211013,분당선,모란,19185,19186,38371
20211013,분당선,태평,13324,12781,26105
20211013,분당선,선정릉,8225,8758,16983
20211013,분당선,강남구청,9899,11245,21144
20211013,분당선,압구정로데오,17385,19072,36457
20211013,분당선,서울숲,11008,11272,22280
20211013,분당선,수원,7584,6496,14080
20211013,분당선,구룡,2130,2058,4188
20211013,분당선,대모산입구,4347,4066,8413
20211013,분당선,개포동,3916,4060,7976
20211013,분당선,야탑,25164,26052,51216
20211013,분당선,도곡,6693,6643,13336
20211013,분당선,한티,13643,14625,28268
20211013,분당선,선릉,13560,20035,33595
20211013,분당선,수서,12968,13377,26345
20211013,분당선,서현,22971,23474,46445
20211013,분당선,가천대,8408,9362,17770
20211013,분당선,정자,16572,17496,34068
20211013,분당선,수내,12715,12731,25446
20211013,분당선,수원시청,11956,12851,24807
20211013,분당선,매탄권선,4916,4712,9628
20211013,분당선,망포,13860,13040,26900
20211013,분당선,영통,7987,8199,16186
20211013,분당선,청명,4231,4057,8288
20211013,분당선,상갈,5451,5234,10685
20211013,분당선,기흥,9523,8933,18456
20211013,분당선,매교,3144,3168,6312
20211013,분당선,구성,4945,5312,10257
20211013,분당선,죽전,12936,14226,27162
20211013,분당선,보정,2531,2209,4740
20211013,분당선,이매,5742,5317,11059
20211013,분당선,오리,11693,9756,21449
20211013,분당선,미금,15213,16407,31620
20211013,분당선,신갈,4432,4475,8907
20211014,분당선,모란,25019,25683,50702
20211014,분당선,태평,13400,13001,26401
20211014,분당선,가천대,8416,9313,17729
20211014,분당선,선정릉,7947,8556,16503
20211014,분당선,강남구청,9624,11110,20734
20211014,분당선,압구정로데오,17455,19075,36530
20211014,분당선,서울숲,10840,10992,21832
20211014,분당선,개포동,3824,3943,7767
20211014,분당선,수서,13378,13863,27241
20211014,분당선,대모산입구,4403,4089,8492
20211014,분당선,구룡,2194,2042,4236
20211014,분당선,도곡,6666,6579,13245
20211014,분당선,한티,13556,14472,28028
20211014,분당선,선릉,13281,19636,32917
20211014,분당선,야탑,25051,26023,51074
20211014,분당선,수원,7344,6622,13966
20211014,분당선,서현,23266,23671,46937
20211014,분당선,망포,13862,12990,26852
20211014,분당선,정자,16544,17644,34188
20211014,분당선,수내,12639,12780,25419
20211014,분당선,수원시청,12039,12731,24770
20211014,분당선,매탄권선,5029,4819,9848
20211014,분당선,영통,7914,8166,16080
20211014,분당선,청명,4166,4070,8236
20211014,분당선,상갈,5514,5175,10689
20211014,분당선,기흥,9604,8846,18450
20211014,분당선,매교,3098,3094,6192
20211014,분당선,구성,4895,5181,10076
20211014,분당선,죽전,13063,14377,27440
20211014,분당선,보정,2534,2207,4741
20211014,분당선,이매,5742,5239,10981
20211014,분당선,오리,11797,9603,21400
20211014,분당선,미금,15109,16302,31411
20211014,분당선,신갈,4536,4525,9061
20211015,분당선,미금,14275,15316,29591
20211015,분당선,매교,3161,3212,6373
20211015,분당선,이매,5617,5200,10817
20211015,분당선,보정,2504,2242,4746
20211015,분당선,죽전,13586,14685,28271
20211015,분당선,구성,5023,5258,10281
20211015,분당선,신갈,4508,4501,9009
20211015,분당선,청명,4498,4139,8637
20211015,분당선,상갈,5452,5241,10693
20211015,분당선,영통,8346,8321,16667
20211015,분당선,망포,14628,13501,28129
20211015,분당선,매탄권선,5182,4897,10079
20211015,분당선,수원시청,12638,13859,26497
20211015,분당선,정자,16925,18008,34933
20211015,분당선,기흥,9501,9142,18643
20211015,분당선,수내,13168,13040,26208
20211015,분당선,오리,11763,9853,21616
20211015,분당선,서현,24122,24654,48776
20211015,분당선,야탑,25208,26365,51573
20211015,분당선,한티,14116,15122,29238
20211015,분당선,도곡,6951,6597,13548
20211015,분당선,구룡,1855,1774,3629
20211015,분당선,개포동,3901,4102,8003
20211015,분당선,대모산입구,4344,3986,8330
20211015,분당선,수서,14173,15092,29265
20211015,분당선,복정,2,0,2
20211015,분당선,선릉,13116,19407,32523
20211015,분당선,서울숲,10899,11054,21953
20211015,분당선,압구정로데오,19526,21779,41305
20211015,분당선,강남구청,9841,11193,21034
20211015,분당선,선정릉,7509,8239,15748
20211015,분당선,가천대,8079,8700,16779
20211015,분당선,태평,13397,12752,26149
20211015,분당선,모란,19638,19765,39403
20211015,분당선,수원,8080,7076,15156
20211016,분당선,미금,10404,10703,21107
20211016,분당선,오리,7657,6410,14067
20211016,분당선,이매,3896,3980,7876
20211016,분당선,보정,1590,1420,3010
20211016,분당선,죽전,9733,10869,20602
20211016,분당선,구성,3227,3320,6547
20211016,분당선,신갈,2675,2656,5331
20211016,분당선,영통,6181,6069,12250
20211016,분당선,상갈,3785,3740,7525
20211016,분당선,청명,2645,2592,5237
20211016,분당선,망포,8784,8089,16873
20211016,분당선,매탄권선,3381,3306,6687
20211016,분당선,수원시청,10108,10745,20853
20211016,분당선,정자,10262,10724,20986
20211016,분당선,기흥,6497,6172,12669
20211016,분당선,수내,8603,8190,16793
20211016,분당선,매교,1941,1965,3906
20211016,분당선,야탑,16761,17515,34276
20211016,분당선,선릉,4821,7569,12390
20211016,분당선,한티,12013,11478,23491
20211016,분당선,도곡,4184,3938,8122
20211016,분당선,구룡,1263,1157,2420
20211016,분당선,개포동,2754,2677,5431
20211016,분당선,대모산입구,3121,2965,6086
20211016,분당선,수서,9828,10167,19995
20211016,분당선,서현,17671,17518,35189
20211016,분당선,서울숲,7993,8693,16686
20211016,분당선,압구정로데오,17442,19488,36930
20211016,분당선,강남구청,5514,6626,12140
20211016,분당선,선정릉,3501,3587,7088
20211016,분당선,가천대,5134,5509,10643
20211016,분당선,태평,10310,9739,20049
20211016,분당선,모란,15378,15715,31093
20211016,분당선,수원,6868,5949,12817
20211017,분당선,정자,6474,6872,13346
20211017,분당선,미금,6240,6600,12840
20211017,분당선,오리,4950,4269,9219
20211017,분당선,이매,2803,2878,5681
20211017,분당선,보정,1026,962,1988
20211017,분당선,죽전,7388,8138,15526
20211017,분당선,구성,2093,2341,4434
20211017,분당선,청명,1798,1810,3608
20211017,분당선,기흥,4646,4385,9031
20211017,분당선,상갈,2628,2804,5432
20211017,분당선,영통,4243,4272,8515
20211017,분당선,망포,5662,6016,11678
20211017,분당선,매탄권선,2188,2210,4398
20211017,분당선,수원시청,6656,6588,13244
20211017,분당선,수내,5202,5194,10396
20211017,분당선,신갈,1811,1897,3708
20211017,분당선,매교,1355,1359,2714
20211017,분당선,서현,11696,11779,23475
20211017,분당선,모란,10202,10232,20434
20211017,분당선,야탑,11636,11977,23613
20211017,분당선,선릉,2682,3833,6515
20211017,분당선,한티,7970,7753,15723
20211017,분당선,도곡,2306,2204,4510
20211017,분당선,개포동,1681,1711,3392
20211017,분당선,대모산입구,1987,1932,3919
20211017,분당선,수서,7629,7322,14951
20211017,분당선,구룡,650,787,1437
20211017,분당선,서울숲,5707,5969,11676
20211017,분당선,압구정로데오,9964,10585,20549
20211017,분당선,강남구청,3064,3770,6834
20211017,분당선,선정릉,2080,2174,4254
20211017,분당선,가천대,3574,4238,7812
20211017,분당선,태평,7346,6926,14272
20211017,분당선,수원,5249,4420,9669
20211018,분당선,보정,2360,2090,4450
20211018,분당선,수내,12007,12017,24024
20211018,분당선,정자,16133,17048,33181
20211018,분당선,미금,14702,15741,30443
20211018,분당선,오리,11224,9491,20715
20211018,분당선,이매,5468,5141,10609
20211018,분당선,죽전,11752,12796,24548
20211018,분당선,매탄권선,4763,4647,9410
20211018,분당선,신갈,4346,4327,8673
20211018,분당선,기흥,9302,8581,17883
20211018,분당선,상갈,5154,4916,10070
20211018,분당선,청명,4141,3978,8119
20211018,분당선,영통,7648,7832,15480
20211018,분당선,망포,13401,12994,26395
20211018,분당선,매교,3036,3003,6039
20211018,분당선,구성,4958,5179,10137
20211018,분당선,서현,21950,22196,44146
20211018,분당선,야탑,24053,25216,49269
20211018,분당선,태평,12914,12678,25592
20211018,분당선,수원시청,11524,12178,23702
20211018,분당선,선릉,13233,19773,33006
20211018,분당선,한티,12108,13298,25406
20211018,분당선,도곡,6493,6456,12949
20211018,분당선,구룡,2106,2040,4146
20211018,분당선,개포동,3617,3719,7336
20211018,분당선,대모산입구,4220,3936,8156
20211018,분당선,모란,18869,18936,37805
20211018,분당선,수원,7262,6176,13438
20211018,분당선,서울숲,9745,9970,19715
20211018,분당선,압구정로데오,15627,17077,32704
20211018,분당선,강남구청,9461,10725,20186
20211018,분당선,선정릉,7961,8460,16421
20211018,분당선,가천대,10078,11129,21207
20211018,분당선,수서,12835,13159,25994
20211019,분당선,미금,15186,16283,31469
20211019,분당선,오리,11668,9634,21302
20211019,분당선,보정,2453,2163,4616
20211019,분당선,죽전,12993,14252,27245
20211019,분당선,구성,4970,5322,10292
20211019,분당선,신갈,4499,4475,8974
20211019,분당선,기흥,9473,8879,18352
20211019,분당선,영통,7941,8104,16045
20211019,분당선,청명,4137,4053,8190
20211019,분당선,정자,16424,17448,33872
20211019,분당선,망포,13817,13053,26870
20211019,분당선,매탄권선,4966,4874,9840
20211019,분당선,수원시청,11782,12502,24284
20211019,분당선,매교,3091,3078,6169
20211019,분당선,상갈,5411,5164,10575
20211019,분당선,수내,12989,12864,25853
20211019,분당선,이매,5709,5306,11015
20211019,분당선,야탑,24880,25791,50671
20211019,분당선,서현,23610,24132,47742
20211019,분당선,한티,13414,14466,27880
20211019,분당선,도곡,6558,6365,12923
20211019,분당선,구룡,2158,2072,4230
20211019,분당선,개포동,3767,3884,7651
20211019,분당선,대모산입구,4302,4016,8318
20211019,분당선,수서,13140,13393,26533
20211019,분당선,수원,7637,6437,14074
20211019,분당선,선릉,13266,19604,32870
20211019,분당선,압구정로데오,17153,18628,35781
20211019,분당선,강남구청,9760,11312,21072
20211019,분당선,선정릉,7706,8346,16052
20211019,분당선,가천대,10568,11579,22147
20211019,분당선,태평,13416,12925,26341
20211019,분당선,모란,25008,25795,50803
20211019,분당선,서울숲,10035,10287,20322
20211020,분당선,미금,15212,16275,31487
20211020,분당선,오리,11819,9818,21637
20211020,분당선,이매,5795,5266,11061
20211020,분당선,보정,2438,2188,4626
20211020,분당선,죽전,13041,14236,27277
20211020,분당선,구성,5135,5488,10623
20211020,분당선,신갈,4534,4555,9089
20211020,분당선,매교,3085,3095,6180
20211020,분당선,상갈,5480,5345,10825
20211020,분당선,청명,4293,4103,8396
20211020,분당선,영통,7937,8168,16105
20211020,분당선,망포,14071,13354,27425
20211020,분당선,매탄권선,4937,4845,9782
20211020,분당선,수원시청,12154,12845,24999
20211020,분당선,정자,16690,17739,34429
20211020,분당선,기흥,9580,8955,18535
20211020,분당선,수내,12861,12869,25730
20211020,분당선,개포동,3828,3991,7819
20211020,분당선,야탑,25047,26497,51544
20211020,분당선,서현,23844,24161,48005
20211020,분당선,한티,13547,14597,28144
20211020,분당선,도곡,6644,6576,13220
20211020,분당선,구룡,1992,1953,3945
20211020,분당선,대모산입구,4254,4006,8260
20211020,분당선,수서,13485,13754,27239
20211020,분당선,수원,7797,6795,14592
20211020,분당선,선릉,13449,20129,33578
20211020,분당선,압구정로데오,17632,18955,36587
20211020,분당선,강남구청,9978,11485,21463
20211020,분당선,선정릉,7972,8658,16630
20211020,분당선,가천대,10026,10956,20982
20211020,분당선,태평,13575,13165,26740
20211020,분당선,모란,21388,21268,42656
20211020,분당선,서울숲,10519,10856,21375
20211021,분당선,수내,12683,12851,25534
20211021,분당선,정자,16569,17639,34208
20211021,분당선,미금,15104,16252,31356
20211021,분당선,오리,11681,9789,21470
20211021,분당선,매교,3063,3087,6150
20211021,분당선,수원시청,12124,12874,24998
20211021,분당선,매탄권선,4972,4893,9865
20211021,분당선,상갈,5425,5233,10658
20211021,분당선,영통,8025,8262,16287
20211021,분당선,청명,4313,4168,8481
20211021,분당선,기흥,9786,9033,18819
20211021,분당선,신갈,4429,4441,8870
20211021,분당선,구성,5040,5392,10432
20211021,분당선,보정,2513,2220,4733
20211021,분당선,서현,23491,23995,47486
20211021,분당선,망포,14130,13263,27393
20211021,분당선,죽전,13140,14428,27568
20211021,분당선,야탑,24908,26055,50963
20211021,분당선,태평,13364,12820,26184
20211021,분당선,이매,5878,5417,11295
20211021,분당선,선릉,13303,19628,32931
20211021,분당선,한티,13499,14552,28051
20211021,분당선,도곡,6593,6530,13123
20211021,분당선,구룡,2155,2100,4255
20211021,분당선,개포동,3777,3876,7653
20211021,분당선,대모산입구,4291,4052,8343
20211021,분당선,모란,21257,21384,42641
20211021,분당선,복정,1,0,1
20211021,분당선,수원,7923,6785,14708
20211021,분당선,서울숲,10698,10977,21675
20211021,분당선,압구정로데오,18016,19479,37495
20211021,분당선,강남구청,9970,11317,21287
20211021,분당선,선정릉,7871,8580,16451
20211021,분당선,가천대,10380,11259,21639
20211021,분당선,수서,13547,13756,27303
20211022,분당선,모란,21914,22281,44195
20211022,분당선,태평,13600,13065,26665
20211022,분당선,가천대,9681,10176,19857
20211022,분당선,선정릉,7750,8253,16003
20211022,분당선,강남구청,9994,11530,21524
20211022,분당선,압구정로데오,20086,22464,42550
20211022,분당선,서울숲,11219,10353,21572
20211022,분당선,개포동,3901,4098,7999
20211022,분당선,수서,14682,15365,30047
20211022,분당선,대모산입구,4359,3998,8357
20211022,분당선,구룡,2313,2075,4388
20211022,분당선,도곡,6922,6652,13574
20211022,분당선,한티,14116,15235,29351
20211022,분당선,야탑,25989,27068,53057
20211022,분당선,수원,8591,7354,15945
20211022,분당선,서현,24695,25530,50225
20211022,분당선,선릉,13057,19572,32629
20211022,분당선,정자,17208,18079,35287
20211022,분당선,매교,3095,3168,6263
20211022,분당선,수원시청,13220,14551,27771
20211022,분당선,매탄권선,5178,5062,10240
20211022,분당선,망포,15001,13745,28746
20211022,분당선,영통,8664,8869,17533
20211022,분당선,청명,4498,4151,8649
20211022,분당선,상갈,5726,5462,11188
20211022,분당선,수내,13259,13207,26466
20211022,분당선,신갈,4451,4459,8910
20211022,분당선,구성,5148,5304,10452
20211022,분당선,죽전,13942,15022,28964
20211022,분당선,보정,2536,2176,4712
20211022,분당선,이매,6110,5533,11643
20211022,분당선,오리,11904,9807,21711
20211022,분당선,미금,15562,16642,32204
20211022,분당선,기흥,9789,9308,19097
20211023,분당선,야탑,17844,18566,36410
20211023,분당선,모란,21411,20948,42359
20211023,분당선,태평,10961,10130,21091
20211023,분당선,가천대,6169,6506,12675
20211023,분당선,선정릉,3606,3703,7309
20211023,분당선,강남구청,5248,6581,11829
20211023,분당선,압구정로데오,18271,20536,38807
20211023,분당선,대모산입구,3021,2856,5877
20211023,분당선,수원,7518,6675,14193
20211023,분당선,수서,10455,11011,21466
20211023,분당선,개포동,2720,2688,5408
20211023,분당선,구룡,1460,1392,2852
20211023,분당선,도곡,4737,4065,8802
20211023,분당선,한티,11964,11448,23412
20211023,분당선,서현,18370,18275,36645
20211023,분당선,서울숲,9323,8289,17612
20211023,분당선,선릉,5058,7990,13048
20211023,분당선,수내,8417,8016,16433
20211023,분당선,미금,10899,11323,22222
20211023,분당선,정자,10649,10831,21480
20211023,분당선,매교,2090,2070,4160
20211023,분당선,수원시청,11199,11804,23003
20211023,분당선,매탄권선,3524,3269,6793
20211023,분당선,영통,6656,6414,13070
20211023,분당선,청명,2802,2751,5553
20211023,분당선,상갈,4180,4198,8378
20211023,분당선,망포,9368,8585,17953
20211023,분당선,신갈,2819,2878,5697
20211023,분당선,구성,3340,3517,6857
20211023,분당선,죽전,10601,11669,22270
20211023,분당선,보정,1629,1475,3104
20211023,분당선,이매,4481,4546,9027
20211023,분당선,오리,8071,6567,14638
20211023,분당선,기흥,6799,6353,13152
20211024,분당선,서울숲,7326,7651,14977
20211024,분당선,모란,18458,19323,37781
20211024,분당선,태평,8286,7821,16107
20211024,분당선,선정릉,2098,2297,4395
20211024,분당선,강남구청,3281,3860,7141
20211024,분당선,압구정로데오,10411,11587,21998
20211024,분당선,수원,5750,4924,10674
20211024,분당선,야탑,13398,13458,26856
20211024,분당선,대모산입구,2217,2148,4365
20211024,분당선,개포동,2016,2037,4053
20211024,분당선,구룡,742,830,1572
20211024,분당선,도곡,2407,2342,4749
20211024,분당선,한티,8237,7883,16120
20211024,분당선,선릉,2836,4158,6994
20211024,분당선,수서,8471,8267,16738
20211024,분당선,서현,13199,13150,26349
20211024,분당선,가천대,3922,4652,8574
20211024,분당선,정자,7245,7499,14744
20211024,분당선,수원시청,7297,7391,14688
20211024,분당선,매탄권선,2573,2486,5059
20211024,분당선,망포,6195,6624,12819
20211024,분당선,영통,4434,4519,8953
20211024,분당선,청명,1965,1915,3880
20211024,분당선,상갈,2967,3062,6029
20211024,분당선,기흥,5114,4884,9998
20211024,분당선,매교,1404,1459,2863
20211024,분당선,구성,2488,2527,5015
20211024,분당선,죽전,7948,8763,16711
20211024,분당선,보정,1146,1039,2185
20211024,분당선,수내,5983,5784,11767
20211024,분당선,이매,3332,3421,6753
20211024,분당선,오리,5576,4797,10373
20211024,분당선,미금,7013,7644,14657
20211024,분당선,신갈,1947,2017,3964
20211025,분당선,미금,15140,16234,31374
20211025,분당선,오리,11763,9831,21594
20211025,분당선,이매,5600,5316,10916
20211025,분당선,보정,2487,2202,4689
20211025,분당선,죽전,13067,14165,27232
20211025,분당선,구성,5085,5288,10373
20211025,분당선,신갈,4536,4526,9062
20211025,분당선,영통,8025,8291,16316
20211025,분당선,상갈,5450,5272,10722
20211025,분당선,청명,4359,4265,8624
20211025,분당선,망포,14007,13286,27293
20211025,분당선,매탄권선,4929,4770,9699
20211025,분당선,수원시청,12210,12733,24943
20211025,분당선,매교,3101,3083,6184
20211025,분당선,정자,16454,17518,33972
20211025,분당선,기흥,9711,9101,18812
20211025,분당선,수내,12725,12692,25417
20211025,분당선,서현,23963,24234,48197
20211025,분당선,야탑,24823,25779,50602
20211025,분당선,선릉,13286,20109,33395
20211025,분당선,한티,13228,14397,27625
20211025,분당선,도곡,6727,6706,13433
20211025,분당선,구룡,2097,2050,4147
20211025,분당선,대모산입구,4309,3976,8285
20211025,분당선,수서,13185,13394,26579
20211025,분당선,수원,7735,6615,14350
20211025,분당선,개포동,3764,3902,7666
20211025,분당선,압구정로데오,16543,17918,34461
20211025,분당선,강남구청,9605,10971,20576
20211025,분당선,선정릉,8027,8635,16662
20211025,분당선,가천대,9041,10151,19192
20211025,분당선,태평,13377,12951,26328
20211025,분당선,모란,19723,19832,39555
20211025,분당선,서울숲,10331,10489,20820
20211026,분당선,서울숲,10833,10385,21218
20211026,분당선,태평,13367,13034,26401
20211026,분당선,가천대,8856,10041,18897
20211026,분당선,선정릉,8123,8824,16947
20211026,분당선,강남구청,10031,11509,21540
20211026,분당선,압구정로데오,18043,19787,37830
20211026,분당선,수원,7888,6790,14678
20211026,분당선,선릉,13839,20379,34218
20211026,분당선,수서,13280,13612,26892
20211026,분당선,대모산입구,4375,4048,8423
20211026,분당선,개포동,3980,4107,8087
20211026,분당선,구룡,2131,2065,4196
20211026,분당선,도곡,6906,6697,13603
20211026,분당선,한티,13723,14896,28619
20211026,분당선,모란,20079,20150,40229
20211026,분당선,복정,1,0,1
20211026,분당선,야탑,25304,26433,51737
20211026,분당선,매교,3179,3239,6418
20211026,분당선,수내,13179,13200,26379
20211026,분당선,서현,24083,24551,48634
20211026,분당선,수원시청,12556,13329,25885
20211026,분당선,매탄권선,5050,4929,9979
20211026,분당선,망포,14343,13649,27992
20211026,분당선,영통,8277,8411,16688
20211026,분당선,상갈,5519,5248,10767
20211026,분당선,기흥,9849,9098,18947
20211026,분당선,청명,4272,4273,8545
20211026,분당선,구성,5340,5621,10961
20211026,분당선,죽전,13329,14527,27856
20211026,분당선,보정,2564,2246,4810
20211026,분당선,이매,5763,5312,11075
20211026,분당선,오리,11906,9910,21816
20211026,분당선,미금,15559,16435,31994
20211026,분당선,정자,16959,18080,35039
20211026,분당선,신갈,4679,4631,9310
20211027,분당선,압구정로데오,18438,19931,38369
20211027,분당선,모란,20107,20013,40120
20211027,분당선,태평,13329,12941,26270
20211027,분당선,가천대,9006,10076,19082
20211027,분당선,선정릉,8114,8729,16843
20211027,분당선,강남구청,10160,11529,21689
20211027,분당선,서울숲,11104,11198,22302
20211027,분당선,야탑,25534,26956,52490
20211027,분당선,수서,13627,14153,27780
20211027,분당선,대모산입구,4417,4101,8518
20211027,분당선,개포동,3982,4073,8055
20211027,분당선,구룡,2214,2160,4374
20211027,분당선,도곡,6876,6637,13513
20211027,분당선,한티,13905,14889,28794
20211027,분당선,선릉,13786,20685,34471
20211027,분당선,수원,7952,6809,14761
20211027,분당선,서현,24164,24657,48821
20211027,분당선,수내,13085,13156,26241
20211027,분당선,정자,17162,18221,35383
20211027,분당선,매교,3149,3180,6329
20211027,분당선,수원시청,12428,13117,25545
20211027,분당선,매탄권선,5070,4901,9971
20211027,분당선,망포,14716,13883,28599
20211027,분당선,청명,4376,4212,8588
20211027,분당선,상갈,5603,5482,11085
20211027,분당선,기흥,9833,9234,19067
20211027,분당선,영통,8197,8357,16554
20211027,분당선,구성,5219,5503,10722
20211027,분당선,죽전,13632,14904,28536
20211027,분당선,보정,2579,2323,4902
20211027,분당선,이매,5898,5387,11285
20211027,분당선,오리,12224,9923,22147
20211027,분당선,미금,15468,16783,32251
20211027,분당선,신갈,4612,4614,9226
20211028,분당선,압구정로데오,19085,20760,39845
20211028,분당선,모란,20273,20296,40569
20211028,분당선,태평,13193,12813,26006
20211028,분당선,가천대,8833,9670,18503
20211028,분당선,선정릉,7940,8640,16580
20211028,분당선,강남구청,9812,11285,21097
20211028,분당선,서울숲,11275,11292,22567
20211028,분당선,한티,13642,14862,28504
20211028,분당선,복정,1,0,1
20211028,분당선,수서,13635,14101,27736
20211028,분당선,대모산입구,4338,4069,8407
20211028,분당선,개포동,3809,4024,7833
20211028,분당선,구룡,2135,2056,4191
20211028,분당선,도곡,6938,6732,13670
20211028,분당선,야탑,25477,26644,52121
20211028,분당선,수원,7948,6743,14691
20211028,분당선,서현,23749,24283,48032
20211028,분당선,선릉,13394,20034,33428
20211028,분당선,정자,17169,18282,35451
20211028,분당선,매교,3109,3231,6340
20211028,분당선,수원시청,12497,13265,25762
20211028,분당선,매탄권선,4964,4786,9750
20211028,분당선,망포,14511,13554,28065
20211028,분당선,영통,8155,8347,16502
20211028,분당선,청명,4255,4088,8343
20211028,분당선,상갈,5458,5346,10804
20211028,분당선,수내,13051,13093,26144
20211028,분당선,신갈,4507,4481,8988
20211028,분당선,구성,5149,5438,10587
20211028,분당선,죽전,13577,14663,28240
20211028,분당선,보정,2588,2243,4831
20211028,분당선,이매,5705,5403,11108
20211028,분당선,오리,12123,9973,22096
20211028,분당선,미금,15524,16680,32204
20211028,분당선,기흥,9861,9207,19068
20211029,분당선,태평,14005,13555,27560
20211029,분당선,가천대,8833,9300,18133
20211029,분당선,선정릉,7796,8338,16134
20211029,분당선,강남구청,10019,11313,21332
20211029,분당선,압구정로데오,21092,23744,44836
20211029,분당선,서울숲,11925,12136,24061
20211029,분당선,수원,8628,7344,15972
20211029,분당선,구룡,2385,2123,4508
20211029,분당선,대모산입구,4516,4189,8705
20211029,분당선,개포동,4025,4236,8261
20211029,분당선,도곡,7085,6864,13949
20211029,분당선,한티,14366,15465,29831
20211029,분당선,선릉,13034,19820,32854
20211029,분당선,수원시청,13514,14940,28454
20211029,분당선,모란,27257,28308,55565
20211029,분당선,수서,15016,15628,30644
20211029,분당선,매교,3191,3240,6431
20211029,분당선,야탑,26468,27561,54029
20211029,분당선,수내,13473,13418,26891
20211029,분당선,서현,25237,25767,51004
20211029,분당선,매탄권선,5371,5105,10476
20211029,분당선,망포,15989,14542,30531
20211029,분당선,영통,9301,9242,18543
20211029,분당선,상갈,5747,5496,11243
20211029,분당선,기흥,10018,9432,19450
20211029,분당선,신갈,4738,4652,9390
20211029,분당선,청명,4741,4283,9024
20211029,분당선,죽전,14418,15562,29980
20211029,분당선,보정,2662,2391,5053
20211029,분당선,이매,6043,5547,11590
20211029,분당선,오리,12460,10089,22549
20211029,분당선,미금,15896,17100,32996
20211029,분당선,정자,17590,18775,36365
20211029,분당선,구성,5242,5579,10821
20211030,분당선,서울숲,10229,11127,21356
20211030,분당선,태평,10633,9961,20594
20211030,분당선,가천대,6359,6642,13001
20211030,분당선,선정릉,3651,3881,7532
20211030,분당선,강남구청,5315,6699,12014
20211030,분당선,압구정로데오,19042,21799,40841
20211030,분당선,수원,7562,5533,13095
20211030,분당선,선릉,5113,8159,13272
20211030,분당선,수서,10620,10747,21367
20211030,분당선,대모산입구,3036,2874,5910
20211030,분당선,개포동,2612,2601,5213
20211030,분당선,구룡,1901,1714,3615
20211030,분당선,도곡,4631,4062,8693
20211030,분당선,한티,11983,11599,23582
20211030,분당선,모란,16039,16220,32259
20211030,분당선,복정,2,0,2
20211030,분당선,야탑,17714,18540,36254
20211030,분당선,수원시청,11431,12459,23890
20211030,분당선,수내,8744,8236,16980
20211030,분당선,서현,18271,18350,36621
20211030,분당선,매탄권선,3587,3309,6896
20211030,분당선,망포,9416,8548,17964
20211030,분당선,영통,6518,6496,13014
20211030,분당선,청명,2820,2573,5393
20211030,분당선,상갈,4073,4116,8189
20211030,분당선,기흥,6956,6714,13670
20211030,분당선,매교,2112,2092,4204
20211030,분당선,구성,3465,3541,7006
20211030,분당선,죽전,11057,12348,23405
20211030,분당선,보정,1740,1602,3342
20211030,분당선,이매,4136,4088,8224
20211030,분당선,오리,7898,6559,14457
20211030,분당선,미금,10917,11273,22190
20211030,분당선,정자,10786,11172,21958
20211030,분당선,신갈,2840,2777,5617
20211031,분당선,미금,7126,7460,14586
20211031,분당선,오리,5123,4523,9646
20211031,분당선,이매,2991,3194,6185
20211031,분당선,보정,1238,1221,2459
20211031,분당선,죽전,8746,9726,18472
20211031,분당선,구성,2495,2573,5068
20211031,분당선,신갈,1942,2062,4004
20211031,분당선,영통,4559,4573,9132
20211031,분당선,상갈,3164,3137,6301
20211031,분당선,청명,2002,2064,4066
20211031,분당선,망포,6491,6697,13188
20211031,분당선,매탄권선,2535,2508,5043
20211031,분당선,수원시청,7642,7614,15256
20211031,분당선,매교,1416,1562,2978
20211031,분당선,정자,7351,7812,15163
20211031,분당선,기흥,5242,4811,10053
20211031,분당선,수내,5790,5661,11451
20211031,분당선,서현,13489,13528,27017
20211031,분당선,야탑,12894,13280,26174
20211031,분당선,선릉,2837,4303,7140
20211031,분당선,한티,8240,7975,16215
20211031,분당선,도곡,2843,2579,5422
20211031,분당선,구룡,720,811,1531
20211031,분당선,개포동,1762,1866,3628
20211031,분당선,대모산입구,1946,1930,3876
20211031,분당선,수서,8388,7908,16296
20211031,분당선,복정,1,0,1
20211031,분당선,서울숲,8394,8924,17318
20211031,분당선,압구정로데오,10974,11980,22954
20211031,분당선,강남구청,3232,3941,7173
20211031,분당선,선정릉,2270,2352,4622
20211031,분당선,가천대,3921,4642,8563
20211031,분당선,태평,7964,7434,15398
20211031,분당선,모란,10958,11107,22065
20211031,분당선,수원,5837,4403,10240
20211101,분당선,모란,19701,19966,39667
20211101,분당선,태평,13273,12731,26004
20211101,분당선,가천대,8886,10059,18945
20211101,분당선,선정릉,8052,8795,16847
20211101,분당선,강남구청,9718,11125,20843
20211101,분당선,압구정로데오,15852,17685,33537
20211101,분당선,서울숲,11135,11400,22535
20211101,분당선,대모산입구,4371,3960,8331
20211101,분당선,복정,1,0,1
20211101,분당선,수서,13415,13371,26786
20211101,분당선,개포동,3723,3869,7592
20211101,분당선,구룡,2156,2120,4276
20211101,분당선,도곡,6846,6844,13690
20211101,분당선,한티,13351,14507,27858
20211101,분당선,야탑,25216,26139,51355
20211101,분당선,수원,7965,6502,14467
20211101,분당선,서현,23772,24150,47922
20211101,분당선,선릉,13347,20480,33827
20211101,분당선,정자,16960,18012,34972
20211101,분당선,매교,3133,3160,6293
20211101,분당선,수원시청,12062,12916,24978
20211101,분당선,매탄권선,4987,4813,9800
20211101,분당선,망포,14290,13511,27801
20211101,분당선,영통,7864,8184,16048
20211101,분당선,청명,4303,4067,8370
20211101,분당선,상갈,5441,5142,10583
20211101,분당선,수내,12882,12865,25747
20211101,분당선,신갈,4572,4478,9050
20211101,분당선,구성,5167,5350,10517
20211101,분당선,죽전,13056,14384,27440
20211101,분당선,보정,2566,2217,4783
20211101,분당선,이매,5684,5158,10842
20211101,분당선,오리,11888,9965,21853
20211101,분당선,미금,14936,16178,31114
20211101,분당선,기흥,9839,9173,19012
20211102,분당선,정자,17404,18614,36018
20211102,분당선,미금,15575,16661,32236
20211102,분당선,오리,12177,10083,22260
20211102,분당선,이매,5868,5493,11361
20211102,분당선,보정,2659,2349,5008
20211102,분당선,죽전,13490,14910,28400
20211102,분당선,구성,5180,5515,10695
20211102,분당선,청명,4518,4241,8759
20211102,분당선,기흥,10031,9272,19303
20211102,분당선,상갈,5577,5271,10848
20211102,분당선,영통,8113,8420,16533
20211102,분당선,망포,14688,13744,28432
20211102,분당선,매탄권선,5171,5057,10228
20211102,분당선,수원시청,12310,13386,25696
20211102,분당선,수내,13413,13342,26755
20211102,분당선,신갈,4710,4656,9366
20211102,분당선,서현,23960,24646,48606
20211102,분당선,매교,3144,3170,6314
20211102,분당선,모란,20029,19969,39998
20211102,분당선,선릉,13888,21001,34889
20211102,분당선,한티,13839,14876,28715
20211102,분당선,도곡,7017,6852,13869
20211102,분당선,구룡,2145,2148,4293
20211102,분당선,개포동,3865,3932,7797
20211102,분당선,대모산입구,4385,4108,8493
20211102,분당선,수서,13365,13267,26632
20211102,분당선,야탑,25736,26570,52306
20211102,분당선,수원,7831,6474,14305
20211102,분당선,서울숲,11603,11996,23599
20211102,분당선,압구정로데오,17635,19800,37435
20211102,분당선,강남구청,10153,11726,21879
20211102,분당선,선정릉,8199,8747,16946
20211102,분당선,가천대,9073,10032,19105
20211102,분당선,태평,13588,12978,26566
20211102,분당선,복정,2,0,2
20211103,분당선,정자,17881,19072,36953
20211103,분당선,매교,3256,3342,6598
20211103,분당선,수원시청,12760,13771,26531
20211103,분당선,매탄권선,5234,5066,10300
20211103,분당선,망포,14923,13922,28845
20211103,분당선,영통,8477,8624,17101
20211103,분당선,청명,4540,4311,8851
20211103,분당선,구성,5330,5547,10877
20211103,분당선,기흥,10062,9453,19515
20211103,분당선,신갈,4651,4636,9287
20211103,분당선,죽전,13685,14849,28534
20211103,분당선,보정,2692,2394,5086
20211103,분당선,이매,5913,5421,11334
20211103,분당선,오리,12355,10390,22745
20211103,분당선,수내,13459,13516,26975
20211103,분당선,상갈,5627,5436,11063
20211103,분당선,미금,16028,17326,33354
20211103,분당선,서현,24299,24781,49080
20211103,분당선,모란,19993,20414,40407
20211103,분당선,야탑,26780,28045,54825
20211103,분당선,수서,13399,13832,27231
20211103,분당선,대모산입구,4523,4118,8641
20211103,분당선,개포동,3903,4049,7952
20211103,분당선,구룡,2206,2092,4298
20211103,분당선,한티,14112,15015,29127
20211103,분당선,선릉,13774,20920,34694
20211103,분당선,도곡,7195,6977,14172
20211103,분당선,수원,8172,6615,14787
20211103,분당선,서울숲,11895,12246,24141
20211103,분당선,압구정로데오,17915,20273,38188
20211103,분당선,강남구청,10289,11639,21928
20211103,분당선,선정릉,8182,8902,17084
20211103,분당선,가천대,9372,10370,19742
20211103,분당선,태평,13739,13041,26780
20211103,분당선,복정,1,0,1
20211104,분당선,압구정로데오,17948,20133,38081
20211104,분당선,모란,26324,27197,53521
20211104,분당선,태평,13733,13211,26944
20211104,분당선,가천대,9106,9815,18921
20211104,분당선,선정릉,8063,8769,16832
20211104,분당선,강남구청,10113,11659,21772
20211104,분당선,서울숲,11825,12136,23961
20211104,분당선,야탑,26753,27666,54419
20211104,분당선,복정,1,0,1
20211104,분당선,수서,13982,14562,28544
20211104,분당선,대모산입구,4603,4187,8790
20211104,분당선,개포동,3824,3965,7789
20211104,분당선,구룡,2288,2198,4486
20211104,분당선,도곡,7102,6889,13991
20211104,분당선,선릉,13616,20744,34360
20211104,분당선,수원,8036,6683,14719
20211104,분당선,서현,24188,24895,49083
20211104,분당선,한티,14050,14800,28850
20211104,분당선,정자,17559,18830,36389
20211104,분당선,매교,3027,3049,6076
20211104,분당선,수원시청,12298,13417,25715
20211104,분당선,매탄권선,5172,4943,10115
20211104,분당선,망포,14820,13796,28616
20211104,분당선,영통,8351,8469,16820
20211104,분당선,청명,4501,4263,8764
20211104,분당선,상갈,5627,5291,10918
20211104,분당선,수내,13289,13407,26696
20211104,분당선,신갈,4673,4646,9319
20211104,분당선,구성,5325,5467,10792
20211104,분당선,죽전,13859,15125,28984
20211104,분당선,보정,2690,2319,5009
20211104,분당선,이매,5904,5522,11426
20211104,분당선,오리,12538,10398,22936
20211104,분당선,미금,15671,16740,32411
20211104,분당선,기흥,10059,9411,19470
20211105,분당선,모란,20956,21295,42251
20211105,분당선,태평,14103,13252,27355
20211105,분당선,가천대,8863,9276,18139
20211105,분당선,선정릉,7920,8661,16581
20211105,분당선,강남구청,10422,11906,22328
20211105,분당선,압구정로데오,19982,23903,43885
20211105,분당선,서울숲,12976,13327,26303
20211105,분당선,대모산입구,4585,4105,8690
20211105,분당선,복정,2,0,2
20211105,분당선,수서,14931,15753,30684
20211105,분당선,야탑,27383,28567,55950
20211105,분당선,개포동,3831,4005,7836
20211105,분당선,구룡,2382,2219,4601
20211105,분당선,도곡,7488,7168,14656
20211105,분당선,한티,14664,15613,30277
20211105,분당선,수원,9013,7882,16895
20211105,분당선,서현,25774,26760,52534
20211105,분당선,선릉,13342,20462,33804
20211105,분당선,정자,18211,19359,37570
20211105,분당선,매교,3175,3235,6410
20211105,분당선,수원시청,13483,16046,29529
20211105,분당선,매탄권선,5558,5092,10650
20211105,분당선,망포,16187,14484,30671
20211105,분당선,영통,9165,9403,18568
20211105,분당선,청명,4936,4397,9333
20211105,분당선,상갈,5886,5511,11397
20211105,분당선,수내,13586,13554,27140
20211105,분당선,신갈,4789,4770,9559
20211105,분당선,구성,5492,5564,11056
20211105,분당선,죽전,14755,15621,30376
20211105,분당선,보정,2766,2336,5102
20211105,분당선,이매,5974,5617,11591
20211105,분당선,오리,12892,10636,23528
20211105,분당선,미금,16112,17127,33239
20211105,분당선,기흥,10375,9764,20139
20211106,분당선,모란,16715,16944,33659
20211106,분당선,태평,10947,9963,20910
20211106,분당선,가천대,5437,5822,11259
20211106,분당선,선정릉,3562,3840,7402
20211106,분당선,강남구청,5761,7118,12879
20211106,분당선,압구정로데오,17627,21702,39329
20211106,분당선,서울숲,12009,13323,25332
20211106,분당선,대모산입구,3257,2879,6136
20211106,분당선,복정,3,0,3
20211106,분당선,수서,10958,11127,22085
20211106,분당선,개포동,2708,2630,5338
20211106,분당선,구룡,1345,1231,2576
20211106,분당선,도곡,5059,4434,9493
20211106,분당선,한티,12217,11824,24041
20211106,분당선,야탑,18680,19683,38363
20211106,분당선,수원,8049,6729,14778
20211106,분당선,선릉,5037,8065,13102
20211106,분당선,서현,19084,19368,38452
20211106,분당선,정자,11209,11517,22726
20211106,분당선,수내,8982,8274,17256
20211106,분당선,매교,2089,2129,4218
20211106,분당선,수원시청,11580,13782,25362
20211106,분당선,매탄권선,3848,3556,7404
20211106,분당선,망포,9999,8818,18817
20211106,분당선,청명,2985,2792,5777
20211106,분당선,상갈,4340,4155,8495
20211106,분당선,영통,7056,7028,14084
20211106,분당선,신갈,2997,2946,5943
20211106,분당선,구성,3655,3697,7352
20211106,분당선,죽전,10797,12054,22851
20211106,분당선,보정,1780,1597,3377
20211106,분당선,이매,4397,4263,8660
20211106,분당선,오리,8610,7123,15733
20211106,분당선,미금,11039,11528,22567
20211106,분당선,기흥,7177,6650,13827
20211107,분당선,모란,11420,11753,23173
20211107,분당선,태평,8247,7862,16109
20211107,분당선,가천대,3937,4735,8672
20211107,분당선,선정릉,2161,2412,4573
20211107,분당선,강남구청,3450,4119,7569
20211107,분당선,압구정로데오,10266,11773,22039
20211107,분당선,서울숲,9932,10756,20688
20211107,분당선,개포동,2027,2002,4029
20211107,분당선,수서,8817,8361,17178
20211107,분당선,대모산입구,2074,1978,4052
20211107,분당선,구룡,806,878,1684
20211107,분당선,도곡,2842,2630,5472
20211107,분당선,한티,8097,7961,16058
20211107,분당선,선릉,2860,4351,7211
20211107,분당선,복정,1,0,1
20211107,분당선,수원,6120,5017,11137
20211107,분당선,야탑,13712,13811,27523
20211107,분당선,수내,5838,5718,11556
20211107,분당선,정자,7430,7878,15308
20211107,분당선,매교,1512,1576,3088
20211107,분당선,수원시청,7915,7790,15705
20211107,분당선,매탄권선,2624,2531,5155
20211107,분당선,망포,6426,6708,13134
20211107,분당선,영통,4846,4932,9778
20211107,분당선,청명,2112,2118,4230
20211107,분당선,상갈,3103,3196,6299
20211107,분당선,서현,13882,13898,27780
20211107,분당선,신갈,2068,2052,4120
20211107,분당선,구성,2544,2642,5186
20211107,분당선,죽전,8413,9279,17692
20211107,분당선,보정,1194,1071,2265
20211107,분당선,이매,3517,3589,7106
20211107,분당선,오리,5633,4952,10585
20211107,분당선,미금,7192,7579,14771
20211107,분당선,기흥,5311,4964,10275
20211108,분당선,미금,14320,15237,29557
20211108,분당선,오리,11277,9474,20751
20211108,분당선,이매,5459,5048,10507
20211108,분당선,보정,2489,2178,4667
20211108,분당선,죽전,12226,13775,26001
20211108,분당선,구성,4834,5075,9909
20211108,분당선,신갈,4459,4325,8784
20211108,분당선,영통,7601,7927,15528
20211108,분당선,상갈,5127,4890,10017
20211108,분당선,청명,4176,4021,8197
20211108,분당선,망포,13656,12920,26576
20211108,분당선,매탄권선,4798,4631,9429
20211108,분당선,수원시청,11493,12233,23726
20211108,분당선,매교,2725,2736,5461
20211108,분당선,정자,16507,17549,34056
20211108,분당선,기흥,9469,8746,18215
20211108,분당선,수내,11940,11989,23929
20211108,분당선,복정,1,0,1
20211108,분당선,야탑,24272,25251,49523
20211108,분당선,선릉,13491,20526,34017
20211108,분당선,한티,12466,13536,26002
20211108,분당선,도곡,6714,6663,13377
20211108,분당선,구룡,1983,1963,3946
20211108,분당선,개포동,3611,3663,7274
20211108,분당선,대모산입구,4340,3931,8271
20211108,분당선,수서,13160,13245,26405
20211108,분당선,서현,22848,23067,45915
20211108,분당선,서울숲,9804,9929,19733
20211108,분당선,압구정로데오,15672,17484,33156
20211108,분당선,강남구청,9610,10947,20557
20211108,분당선,선정릉,8122,8748,16870
20211108,분당선,가천대,8595,9824,18419
20211108,분당선,태평,12964,12323,25287
20211108,분당선,모란,18103,18226,36329
20211108,분당선,수원,7271,6265,13536
20211109,분당선,정자,17570,18456,36026
20211109,분당선,미금,15122,16196,31318
20211109,분당선,오리,11875,9786,21661
20211109,분당선,이매,5759,5356,11115
20211109,분당선,보정,2610,2249,4859
20211109,분당선,죽전,13153,14582,27735
20211109,분당선,구성,5089,5352,10441
20211109,분당선,청명,4310,4043,8353
20211109,분당선,기흥,9927,9276,19203
20211109,분당선,상갈,5442,5181,10623
20211109,분당선,영통,8039,8171,16210
20211109,분당선,망포,14189,13273,27462
20211109,분당선,매탄권선,4800,4667,9467
20211109,분당선,수원시청,12077,13003,25080
20211109,분당선,수내,13178,13081,26259
20211109,분당선,신갈,4635,4526,9161
20211109,분당선,매교,2857,2964,5821
20211109,분당선,서현,23473,23908,47381
20211109,분당선,모란,22219,22924,45143
20211109,분당선,야탑,25398,26348,51746
20211109,분당선,선릉,13987,20972,34959
20211109,분당선,한티,13737,15060,28797
20211109,분당선,도곡,6914,6780,13694
20211109,분당선,개포동,3692,3838,7530
20211109,분당선,대모산입구,4528,4151,8679
20211109,분당선,수서,13585,13759,27344
20211109,분당선,구룡,2059,2016,4075
20211109,분당선,서울숲,10403,10733,21136
20211109,분당선,압구정로데오,17503,19881,37384
20211109,분당선,강남구청,10287,11771,22058
20211109,분당선,선정릉,8304,8976,17280
20211109,분당선,가천대,8947,9950,18897
20211109,분당선,태평,13480,12818,26298
20211109,분당선,수원,7480,6169,13649
20211110,분당선,죽전,13680,15034,28714
20211110,분당선,정자,17975,19110,37085
20211110,분당선,미금,15720,16634,32354
20211110,분당선,오리,12467,10398,22865
20211110,분당선,이매,5849,5530,11379
20211110,분당선,보정,2660,2312,4972
20211110,분당선,구성,5296,5620,10916
20211110,분당선,수원시청,12658,13751,26409
20211110,분당선,기흥,9968,9468,19436
20211110,분당선,상갈,5605,5375,10980
20211110,분당선,청명,4406,4246,8652
20211110,분당선,영통,8428,8545,16973
20211110,분당선,망포,14724,13891,28615
20211110,분당선,매탄권선,5048,4905,9953
20211110,분당선,매교,3016,3030,6046
20211110,분당선,신갈,4707,4725,9432
20211110,분당선,수내,13487,13499,26986
20211110,분당선,모란,20087,20246,40333
20211110,분당선,야탑,26611,27823,54434
20211110,분당선,선릉,14131,21190,35321
20211110,분당선,한티,14113,15198,29311
20211110,분당선,도곡,7146,6922,14068
20211110,분당선,구룡,2293,2157,4450
20211110,분당선,개포동,3885,4007,7892
20211110,분당선,대모산입구,4540,4184,8724
20211110,분당선,수서,14066,14409,28475
20211110,분당선,서현,24341,25150,49491
20211110,분당선,수원,8030,6719,14749
20211110,분당선,서울숲,11312,11658,22970
20211110,분당선,압구정로데오,18419,20737,39156
20211110,분당선,강남구청,10533,12018,22551
20211110,분당선,선정릉,8371,9027,17398
20211110,분당선,가천대,9059,10021,19080
20211110,분당선,태평,13756,13076,26832
20211110,분당선,복정,1,0,1
20211111,분당선,미금,15430,16422,31852
20211111,분당선,오리,12230,10134,22364
20211111,분당선,보정,2583,2305,4888
20211111,분당선,죽전,13951,15219,29170
20211111,분당선,구성,5345,5513,10858
20211111,분당선,신갈,4660,4570,9230
20211111,분당선,기흥,10120,9432,19552
20211111,분당선,망포,14784,13743,28527
20211111,분당선,청명,4337,4029,8366
20211111,분당선,영통,8373,8572,16945
20211111,분당선,정자,17716,19000,36716
20211111,분당선,매탄권선,4963,4694,9657
20211111,분당선,수원시청,12529,13621,26150
20211111,분당선,매교,2704,2794,5498
20211111,분당선,상갈,5642,5292,10934
20211111,분당선,수내,13574,13494,27068
20211111,분당선,이매,5568,5369,10937
20211111,분당선,야탑,26602,27461,54063
20211111,분당선,서현,24420,25087,49507
20211111,분당선,한티,14154,15113,29267
20211111,분당선,도곡,7253,6893,14146
20211111,분당선,구룡,2050,1952,4002
20211111,분당선,개포동,3751,3839,7590
20211111,분당선,대모산입구,4475,4222,8697
20211111,분당선,수서,13963,14510,28473
20211111,분당선,수원,8223,7106,15329
20211111,분당선,선릉,13915,20869,34784
20211111,분당선,압구정로데오,18947,21315,40262
20211111,분당선,강남구청,10322,11915,22237
20211111,분당선,선정릉,8442,8990,17432
20211111,분당선,가천대,9007,9964,18971
20211111,분당선,태평,13697,13078,26775
20211111,분당선,모란,20181,20439,40620
20211111,분당선,서울숲,11558,11931,23489
20211112,분당선,정자,17995,19223,37218
20211112,분당선,미금,15882,16809,32691
20211112,분당선,오리,12682,10422,23104
20211112,분당선,이매,5740,5531,11271
20211112,분당선,보정,2585,2282,4867
20211112,분당선,죽전,14594,15657,30251
20211112,분당선,구성,5410,5519,10929
20211112,분당선,매교,2798,2842,5640
20211112,분당선,기흥,10307,9674,19981
20211112,분당선,상갈,5856,5532,11388
20211112,분당선,청명,4701,4185,8886
20211112,분당선,영통,9301,9267,18568
20211112,분당선,망포,15890,14380,30270
20211112,분당선,수원시청,13412,16029,29441
20211112,분당선,수내,13645,13685,27330
20211112,분당선,신갈,4843,4726,9569
20211112,분당선,서현,25887,26961,52848
20211112,분당선,구룡,2057,1941,3998
20211112,분당선,모란,20621,21103,41724
20211112,분당선,야탑,27233,28290,55523
20211112,분당선,선릉,13603,20678,34281
20211112,분당선,한티,14613,15449,30062
20211112,분당선,도곡,7339,6360,13699
20211112,분당선,개포동,3895,4085,7980
20211112,분당선,대모산입구,4545,4147,8692
20211112,분당선,수서,15050,15960,31010
20211112,분당선,매탄권선,5334,5045,10379
20211112,분당선,수원,8914,8050,16964
20211112,분당선,서울숲,11975,12461,24436
20211112,분당선,압구정로데오,20728,24265,44993
20211112,분당선,강남구청,10762,12200,22962
20211112,분당선,선정릉,8238,8849,17087
20211112,분당선,가천대,8420,8856,17276
20211112,분당선,태평,13968,13207,27175
20211112,분당선,복정,1,0,1
20211113,분당선,야탑,18461,19225,37686
20211113,분당선,모란,16519,16821,33340
20211113,분당선,태평,11009,10119,21128
20211113,분당선,가천대,5431,5881,11312
20211113,분당선,선정릉,3504,3587,7091
20211113,분당선,강남구청,5719,6837,12556
20211113,분당선,압구정로데오,18382,22238,40620
20211113,분당선,대모산입구,2934,2635,5569
20211113,분당선,수원,7835,6600,14435
20211113,분당선,수서,10644,10802,21446
20211113,분당선,개포동,2775,2706,5481
20211113,분당선,구룡,1375,1261,2636
20211113,분당선,도곡,5027,4052,9079
20211113,분당선,한티,11184,10869,22053
20211113,분당선,서현,18825,19015,37840
20211113,분당선,서울숲,9425,10142,19567
20211113,분당선,선릉,5052,8129,13181
20211113,분당선,수내,9212,8458,17670
20211113,분당선,미금,10817,11137,21954
20211113,분당선,망포,9695,8474,18169
20211113,분당선,매탄권선,3765,3267,7032
20211113,분당선,수원시청,11096,13301,24397
20211113,분당선,매교,2059,2065,4124
20211113,분당선,영통,6852,6811,13663
20211113,분당선,청명,2795,2738,5533
20211113,분당선,상갈,3993,3850,7843
20211113,분당선,정자,10803,11002,21805
20211113,분당선,신갈,2815,2682,5497
20211113,분당선,구성,3391,3458,6849
20211113,분당선,죽전,10406,11583,21989
20211113,분당선,보정,1629,1479,3108
20211113,분당선,이매,4299,4179,8478
20211113,분당선,오리,8246,6852,15098
20211113,분당선,기흥,6988,6480,13468
20211114,분당선,태평,8325,7887,16212
20211114,분당선,가천대,4329,4996,9325
20211114,분당선,선정릉,2119,2159,4278
20211114,분당선,강남구청,3490,4155,7645
20211114,분당선,압구정로데오,10521,11828,22349
20211114,분당선,서울숲,7182,7506,14688
20211114,분당선,수원,6121,5121,11242
20211114,분당선,개포동,1819,1806,3625
20211114,분당선,대모산입구,2200,2103,4303
20211114,분당선,구룡,787,869,1656
20211114,분당선,도곡,2735,2452,5187
20211114,분당선,한티,7315,7188,14503
20211114,분당선,선릉,2705,4238,6943
20211114,분당선,모란,18222,19020,37242
20211114,분당선,수서,8774,8556,17330
20211114,분당선,야탑,14080,14172,28252
20211114,분당선,서현,14034,14039,28073
20211114,분당선,매교,1390,1509,2899
20211114,분당선,수내,5844,5785,11629
20211114,분당선,수원시청,7997,7942,15939
20211114,분당선,매탄권선,2499,2404,4903
20211114,분당선,망포,6340,6655,12995
20211114,분당선,영통,4746,4866,9612
20211114,분당선,상갈,3014,2988,6002
20211114,분당선,기흥,5037,4800,9837
20211114,분당선,청명,2089,2110,4199
20211114,분당선,구성,2574,2668,5242
20211114,분당선,죽전,7987,8880,16867
20211114,분당선,보정,1104,1087,2191
20211114,분당선,이매,3282,3420,6702
20211114,분당선,오리,5813,5078,10891
20211114,분당선,미금,7280,7770,15050
20211114,분당선,정자,7339,7533,14872
20211114,분당선,신갈,1966,2081,4047
20211115,분당선,구성,5194,5353,10547
20211115,분당선,미금,14947,16152,31099
20211115,분당선,오리,12074,9922,21996
20211115,분당선,이매,5459,5228,10687
20211115,분당선,보정,2501,2203,4704
20211115,분당선,죽전,12389,13587,25976
20211115,분당선,신갈,4599,4525,9124
20211115,분당선,정자,17097,18216,35313
20211115,분당선,상갈,5483,5260,10743
20211115,분당선,청명,4199,4043,8242
20211115,분당선,영통,7951,8163,16114
20211115,분당선,망포,14439,13590,28029
20211115,분당선,매탄권선,4908,4659,9567
20211115,분당선,수원시청,12444,13137,25581
20211115,분당선,매교,2731,2753,5484
20211115,분당선,기흥,9836,9055,18891
20211115,분당선,수내,13038,12983,26021
20211115,분당선,선릉,13651,20888,34539
20211115,분당선,야탑,25537,26561,52098
20211115,분당선,서현,24148,24362,48510
20211115,분당선,한티,13344,14600,27944
20211115,분당선,도곡,6792,5993,12785
20211115,분당선,구룡,2077,2011,4088
20211115,분당선,대모산입구,4550,4183,8733
20211115,분당선,수서,13794,13855,27649
20211115,분당선,수원,7754,6754,14508
20211115,분당선,개포동,3918,4068,7986
20211115,분당선,압구정로데오,16797,18678,35475
20211115,분당선,강남구청,10035,11441,21476
20211115,분당선,선정릉,8095,8740,16835
20211115,분당선,가천대,9235,10279,19514
20211115,분당선,태평,13471,12969,26440
20211115,분당선,모란,19598,19962,39560
20211115,분당선,서울숲,10842,11248,22090
20211116,분당선,이매,5723,5423,11146
20211116,분당선,한티,13688,14545,28233
20211116,분당선,선릉,14187,21434,35621
20211116,분당선,매교,2729,2770,5499
20211116,분당선,수원시청,12825,13864,26689
20211116,분당선,매탄권선,4977,4799,9776
20211116,분당선,망포,14759,13978,28737
20211116,분당선,보정,2470,2151,4621
20211116,분당선,청명,4370,4147,8517
20211116,분당선,상갈,5571,5388,10959
20211116,분당선,기흥,10064,9473,19537
20211116,분당선,신갈,4693,4607,9300
20211116,분당선,구성,5365,5456,10821
20211116,분당선,죽전,13661,15158,28819
20211116,분당선,도곡,6942,6015,12957
20211116,분당선,영통,8296,8495,16791
20211116,분당선,구룡,2069,1998,4067
20211116,분당선,선정릉,8319,9045,17364
20211116,분당선,대모산입구,4492,4144,8636
20211116,분당선,오리,12197,10047,22244
20211116,분당선,미금,15229,16386,31615
20211116,분당선,정자,17758,18963,36721
20211116,분당선,수내,13345,13393,26738
20211116,분당선,서현,23868,24475,48343
20211116,분당선,야탑,26043,26972,53015
20211116,분당선,모란,20267,20267,40534
20211116,분당선,개포동,3878,3994,7872
20211116,분당선,가천대,9589,10574,20163
20211116,분당선,강남구청,10536,12123,22659
20211116,분당선,압구정로데오,18272,20547,38819
20211116,분당선,서울숲,11437,11822,23259
20211116,분당선,수원,8022,6925,14947
20211116,분당선,수서,13971,14245,28216
20211116,분당선,태평,13660,12952,26612
20211117,분당선,태평,13719,12984,26703
20211117,분당선,가천대,9602,10527,20129
20211117,분당선,선정릉,8703,9363,18066
20211117,분당선,강남구청,10598,12024,22622
20211117,분당선,압구정로데오,18239,20500,38739
20211117,분당선,서울숲,11691,11888,23579
20211117,분당선,수원,8254,6959,15213
20211117,분당선,개포동,4000,4076,8076
20211117,분당선,대모산입구,4493,4195,8688
20211117,분당선,구룡,2231,2060,4291
20211117,분당선,도곡,7099,6187,13286
20211117,분당선,한티,13664,14773,28437
20211117,분당선,선릉,13896,21262,35158
20211117,분당선,모란,20135,20334,40469
20211117,분당선,수서,13899,14308,28207
20211117,분당선,야탑,26680,27930,54610
20211117,분당선,서현,24910,25373,50283
20211117,분당선,매교,3060,3013,6073
20211117,분당선,수내,13694,13652,27346
20211117,분당선,수원시청,12913,13935,26848
20211117,분당선,매탄권선,5246,4943,10189
20211117,분당선,망포,15091,14342,29433
20211117,분당선,영통,8570,8560,17130
20211117,분당선,상갈,5730,5466,11196
20211117,분당선,기흥,10101,9484,19585
20211117,분당선,청명,4461,4186,8647
20211117,분당선,구성,5352,5697,11049
20211117,분당선,죽전,13989,15298,29287
20211117,분당선,보정,2652,2341,4993
20211117,분당선,이매,5759,5510,11269
20211117,분당선,오리,12531,10255,22786
20211117,분당선,미금,15615,16802,32417
20211117,분당선,정자,17928,19257,37185
20211117,분당선,신갈,4677,4664,9341
20211118,분당선,서울숲,11063,11402,22465
20211118,분당선,태평,13562,12822,26384
20211118,분당선,가천대,9146,10004,19150
20211118,분당선,선정릉,8166,8844,17010
20211118,분당선,강남구청,10705,12310,23015
20211118,분당선,압구정로데오,19013,21511,40524
20211118,분당선,수원,8146,7099,15245
20211118,분당선,모란,19910,19966,39876
20211118,분당선,수서,13709,14414,28123
20211118,분당선,대모산입구,4470,4008,8478
20211118,분당선,개포동,3592,3748,7340
20211118,분당선,구룡,1966,1871,3837
20211118,분당선,도곡,7170,6059,13229
20211118,분당선,한티,13677,14678,28355
20211118,분당선,선릉,13827,21042,34869
20211118,분당선,복정,1,0,1
20211118,분당선,야탑,26349,27168,53517
20211118,분당선,매교,2919,2790,5709
20211118,분당선,수내,13194,13279,26473
20211118,분당선,서현,24662,25282,49944
20211118,분당선,수원시청,12800,13656,26456
20211118,분당선,매탄권선,5313,5004,10317
20211118,분당선,망포,15008,14185,29193
20211118,분당선,영통,8737,8809,17546
20211118,분당선,상갈,5615,5324,10939
20211118,분당선,기흥,10223,9377,19600
20211118,분당선,청명,4421,4201,8622
20211118,분당선,구성,5342,5462,10804
20211118,분당선,죽전,14005,15161,29166
20211118,분당선,보정,2561,2305,4866
20211118,분당선,이매,5635,5376,11011
20211118,분당선,오리,12167,10127,22294
20211118,분당선,미금,15113,16360,31473
20211118,분당선,정자,17578,18863,36441
20211118,분당선,신갈,4731,4604,9335
20211119,분당선,구성,5483,5617,11100
20211119,분당선,미금,16269,17184,33453
20211119,분당선,오리,12726,10341,23067
20211119,분당선,이매,5947,5657,11604
20211119,분당선,보정,2486,2238,4724
20211119,분당선,죽전,14751,15825,30576
20211119,분당선,신갈,4757,4519,9276
20211119,분당선,정자,18689,19786,38475
20211119,분당선,상갈,5984,5528,11512
20211119,분당선,청명,4646,4289,8935
20211119,분당선,영통,9344,9468,18812
20211119,분당선,망포,16171,14509,30680
20211119,분당선,매탄권선,5499,4984,10483
20211119,분당선,수원시청,13766,16285,30051
20211119,분당선,매교,2910,2965,5875
20211119,분당선,기흥,10459,9703,20162
20211119,분당선,수내,13766,13717,27483
20211119,분당선,서현,26390,27177,53567
20211119,분당선,야탑,27496,28388,55884
20211119,분당선,한티,15773,16694,32467
20211119,분당선,도곡,7203,6207,13410
20211119,분당선,구룡,1992,1833,3825
20211119,분당선,개포동,3909,4103,8012
20211119,분당선,대모산입구,4596,4135,8731
20211119,분당선,수서,15297,16089,31386
20211119,분당선,복정,2,0,2
20211119,분당선,선릉,13690,21035,34725
20211119,분당선,서울숲,11974,12134,24108
20211119,분당선,압구정로데오,20781,24951,45732
20211119,분당선,강남구청,10510,12044,22554
20211119,분당선,선정릉,8087,8741,16828
20211119,분당선,가천대,9273,9605,18878
20211119,분당선,태평,14428,13642,28070
20211119,분당선,모란,25907,27087,52994
20211119,분당선,수원,9011,8074,17085
20211120,분당선,정자,10579,10971,21550
20211120,분당선,미금,11053,11190,22243
20211120,분당선,오리,8238,6901,15139
20211120,분당선,이매,4106,4097,8203
20211120,분당선,보정,1712,1504,3216
20211120,분당선,죽전,11187,12272,23459
20211120,분당선,구성,3453,3563,7016
20211120,분당선,청명,2803,2651,5454
20211120,분당선,기흥,6807,6433,13240
20211120,분당선,상갈,4065,3934,7999
20211120,분당선,영통,7513,7216,14729
20211120,분당선,망포,9629,8529,18158
20211120,분당선,매탄권선,3576,3212,6788
20211120,분당선,수원시청,11261,13619,24880
20211120,분당선,수내,8803,8158,16961
20211120,분당선,신갈,2791,2703,5494
20211120,분당선,서현,18797,19187,37984
20211120,분당선,매교,2069,1995,4064
20211120,분당선,모란,16005,16313,32318
20211120,분당선,선릉,5361,8482,13843
20211120,분당선,한티,11849,11837,23686
20211120,분당선,도곡,5264,4178,9442
20211120,분당선,구룡,1491,1399,2890
20211120,분당선,개포동,2694,2620,5314
20211120,분당선,대모산입구,3057,2764,5821
20211120,분당선,수서,11108,11197,22305
20211120,분당선,야탑,18397,19318,37715
20211120,분당선,수원,7580,6301,13881
20211120,분당선,서울숲,8957,9505,18462
20211120,분당선,압구정로데오,18079,22035,40114
20211120,분당선,강남구청,5767,7040,12807
20211120,분당선,선정릉,3589,3666,7255
20211120,분당선,가천대,6142,6466,12608
20211120,분당선,태평,10657,9850,20507
20211120,분당선,복정,1,0,1
20211121,분당선,정자,7241,7491,14732
20211121,분당선,미금,7169,7664,14833
20211121,분당선,오리,5346,4608,9954
20211121,분당선,이매,3087,3222,6309
20211121,분당선,보정,1096,1041,2137
20211121,분당선,죽전,8158,8988,17146
20211121,분당선,구성,2329,2565,4894
20211121,분당선,청명,1962,1942,3904
20211121,분당선,기흥,4921,4661,9582
20211121,분당선,상갈,2955,2928,5883
20211121,분당선,영통,5240,5187,10427
20211121,분당선,망포,6210,6540,12750
20211121,분당선,매탄권선,2497,2385,4882
20211121,분당선,수원시청,7673,7764,15437
20211121,분당선,수내,5760,5660,11420
20211121,분당선,신갈,1903,1979,3882
20211121,분당선,매교,1325,1411,2736
20211121,분당선,서현,13730,13867,27597
20211121,분당선,모란,11052,11329,22381
20211121,분당선,야탑,13464,13718,27182
20211121,분당선,선릉,2937,4591,7528
20211121,분당선,한티,7501,7699,15200
20211121,분당선,도곡,2712,2448,5160
20211121,분당선,개포동,1991,2085,4076
20211121,분당선,대모산입구,2217,2115,4332
20211121,분당선,수서,8577,8321,16898
20211121,분당선,구룡,736,856,1592
20211121,분당선,서울숲,6119,6404,12523
20211121,분당선,압구정로데오,10295,11379,21674
20211121,분당선,강남구청,3481,4211,7692
20211121,분당선,선정릉,2338,2332,4670
20211121,분당선,가천대,4374,4984,9358
20211121,분당선,태평,7938,7463,15401
20211121,분당선,수원,5763,4950,10713
20211122,분당선,구성,5016,5311,10327
20211122,분당선,미금,15409,16457,31866
20211122,분당선,오리,11949,9945,21894
20211122,분당선,이매,5860,5290,11150
20211122,분당선,보정,2607,2258,4865
20211122,분당선,죽전,12932,14479,27411
20211122,분당선,신갈,4657,4615,9272
20211122,분당선,매교,3175,3148,6323
20211122,분당선,상갈,5460,5283,10743
20211122,분당선,청명,4416,4241,8657
20211122,분당선,영통,8369,8635,17004
20211122,분당선,망포,14480,13803,28283
20211122,분당선,매탄권선,5157,5044,10201
20211122,분당선,수원시청,12578,13309,25887
20211122,분당선,정자,17322,18636,35958
20211122,분당선,기흥,10039,9335,19374
20211122,분당선,수내,13124,13143,26267
20211122,분당선,선릉,14029,21289,35318
20211122,분당선,야탑,25573,26678,52251
20211122,분당선,서현,24451,24877,49328
20211122,분당선,한티,15101,16429,31530
20211122,분당선,도곡,6893,6249,13142
20211122,분당선,구룡,2187,2108,4295
20211122,분당선,대모산입구,4512,4108,8620
20211122,분당선,수서,13881,14091,27972
20211122,분당선,수원,7851,6615,14466
20211122,분당선,개포동,3957,4067,8024
20211122,분당선,압구정로데오,17076,18875,35951
20211122,분당선,강남구청,10360,11833,22193
20211122,분당선,선정릉,8269,8971,17240
20211122,분당선,가천대,9333,10334,19667
20211122,분당선,태평,13495,12952,26447
20211122,분당선,모란,19401,19520,38921
20211122,분당선,서울숲,10278,10618,20896
20211123,분당선,압구정로데오,18442,20392,38834
20211123,분당선,모란,19636,19749,39385
20211123,분당선,태평,13486,12926,26412
20211123,분당선,가천대,9175,10209,19384
20211123,분당선,선정릉,8504,9086,17590
20211123,분당선,강남구청,10704,12122,22826
20211123,분당선,서울숲,10828,11012,21840
20211123,분당선,한티,15358,16732,32090
20211123,분당선,복정,1,0,1
20211123,분당선,수서,13679,14025,27704
20211123,분당선,대모산입구,4464,4115,8579
20211123,분당선,개포동,4097,4189,8286
20211123,분당선,구룡,2190,2070,4260
20211123,분당선,도곡,7134,6370,13504
20211123,분당선,야탑,25943,26977,52920
20211123,분당선,수원,7784,6671,14455
20211123,분당선,서현,24191,24977,49168
20211123,분당선,선릉,14440,21850,36290
20211123,분당선,정자,17969,19204,37173
20211123,분당선,매교,3121,3148,6269
20211123,분당선,수원시청,12606,13690,26296
20211123,분당선,매탄권선,5172,5044,10216
20211123,분당선,망포,14736,13917,28653
20211123,분당선,영통,8722,7262,15984
20211123,분당선,청명,4483,4288,8771
20211123,분당선,상갈,5562,5430,10992
20211123,분당선,수내,13493,13523,27016
20211123,분당선,신갈,4670,4608,9278
20211123,분당선,구성,5214,5408,10622
20211123,분당선,죽전,13466,14813,28279
20211123,분당선,보정,2645,2274,4919
20211123,분당선,이매,5972,5427,11399
20211123,분당선,오리,12145,9977,22122
20211123,분당선,미금,15660,16768,32428
20211123,분당선,기흥,10087,9431,19518
20211124,분당선,야탑,26892,27794,54686
20211124,분당선,모란,24282,24926,49208
20211124,분당선,태평,13831,13167,26998
20211124,분당선,가천대,8040,9056,17096
20211124,분당선,선정릉,8362,9104,17466
20211124,분당선,강남구청,10595,12222,22817
20211124,분당선,압구정로데오,17944,20221,38165
20211124,분당선,대모산입구,4649,4226,8875
20211124,분당선,수원,8013,6828,14841
20211124,분당선,수서,14042,14366,28408
20211124,분당선,개포동,4127,4214,8341
20211124,분당선,구룡,2212,2105,4317
20211124,분당선,도곡,7100,6989,14089
20211124,분당선,한티,15233,16503,31736
20211124,분당선,서현,24957,25660,50617
20211124,분당선,서울숲,10937,11178,22115
20211124,분당선,선릉,14299,21649,35948
20211124,분당선,수내,13681,13812,27493
20211124,분당선,미금,15872,17009,32881
20211124,분당선,정자,18138,19473,37611
20211124,분당선,매교,3136,3217,6353
20211124,분당선,수원시청,12661,13779,26440
20211124,분당선,매탄권선,5217,4980,10197
20211124,분당선,영통,8833,8817,17650
20211124,분당선,청명,4465,4231,8696
20211124,분당선,상갈,5666,5485,11151
20211124,분당선,망포,14937,14248,29185
20211124,분당선,신갈,4747,4684,9431
20211124,분당선,구성,5336,5491,10827
20211124,분당선,죽전,13646,15259,28905
20211124,분당선,보정,2693,2325,5018
20211124,분당선,이매,5958,5548,11506
20211124,분당선,오리,12197,10109,22306
20211124,분당선,기흥,10313,9506,19819
20211125,분당선,신갈,4784,4663,9447
20211125,분당선,오리,12465,10324,22789
20211125,분당선,이매,6141,5618,11759
20211125,분당선,보정,2770,2414,5184
20211125,분당선,죽전,13920,15198,29118
20211125,분당선,구성,5206,5574,10780
20211125,분당선,기흥,10578,9834,20412
20211125,분당선,복정,2,0,2
20211125,분당선,청명,4563,4356,8919
20211125,분당선,영통,8994,9099,18093
20211125,분당선,망포,15180,14206,29386
20211125,분당선,매탄권선,5275,5010,10285
20211125,분당선,수원시청,13114,14108,27222
20211125,분당선,매교,3252,3272,6524
20211125,분당선,미금,15918,16966,32884
20211125,분당선,상갈,5765,5680,11445
20211125,분당선,정자,18060,19446,37506
20211125,분당선,선릉,14436,21899,36335
20211125,분당선,서현,24943,25844,50787
20211125,분당선,한티,15396,16522,31918
20211125,분당선,도곡,7135,7019,14154
20211125,분당선,구룡,2222,2144,4366
20211125,분당선,개포동,3907,4043,7950
20211125,분당선,대모산입구,4667,4273,8940
20211125,분당선,수서,14570,15087,29657
20211125,분당선,수원,8191,7135,15326
20211125,분당선,수내,13818,13912,27730
20211125,분당선,압구정로데오,18775,21134,39909
20211125,분당선,강남구청,10685,12477,23162
20211125,분당선,선정릉,8423,8957,17380
20211125,분당선,가천대,13184,13339,26523
20211125,분당선,태평,13714,13149,26863
20211125,분당선,모란,20342,20496,40838
20211125,분당선,야탑,26875,28069,54944
20211125,분당선,서울숲,11009,11526,22535
20211126,분당선,정자,18712,20084,38796
20211126,분당선,미금,16365,17163,33528
20211126,분당선,오리,12641,10425,23066
20211126,분당선,이매,6145,5669,11814
20211126,분당선,보정,2923,2448,5371
20211126,분당선,죽전,14529,15791,30320
20211126,분당선,구성,5191,5519,10710
20211126,분당선,청명,4792,4400,9192
20211126,분당선,기흥,10439,9652,20091
20211126,분당선,상갈,6072,5653,11725
20211126,분당선,영통,9669,9736,19405
20211126,분당선,망포,16366,14872,31238
20211126,분당선,매탄권선,5700,5169,10869
20211126,분당선,수원시청,13789,16440,30229
20211126,분당선,수내,13888,13862,27750
20211126,분당선,신갈,4817,4727,9544
20211126,분당선,매교,3317,3380,6697
20211126,분당선,서현,26682,27449,54131
20211126,분당선,모란,21055,21181,42236
20211126,분당선,야탑,27743,29334,57077
20211126,분당선,선릉,13724,21337,35061
20211126,분당선,한티,15871,16865,32736
20211126,분당선,도곡,7440,7270,14710
20211126,분당선,구룡,2488,2294,4782
20211126,분당선,대모산입구,4595,4164,8759
20211126,분당선,수서,15395,16126,31521
20211126,분당선,개포동,4173,4260,8433
20211126,분당선,수원,9027,7909,16936
20211126,분당선,서울숲,11336,11692,23028
20211126,분당선,압구정로데오,20548,24667,45215
20211126,분당선,강남구청,10825,12428,23253
20211126,분당선,선정릉,8234,8833,17067
20211126,분당선,가천대,13681,13143,26824
20211126,분당선,태평,14290,12879,27169
20211126,분당선,복정,1,0,1
20211127,분당선,구성,3485,3520,7005
20211127,분당선,미금,10858,10914,21772
20211127,분당선,오리,8357,6925,15282
20211127,분당선,이매,4192,4161,8353
20211127,분당선,보정,1605,1488,3093
20211127,분당선,죽전,10320,11432,21752
20211127,분당선,신갈,3023,2945,5968
20211127,분당선,정자,10832,11158,21990
20211127,분당선,상갈,3887,3852,7739
20211127,분당선,청명,3063,2852,5915
20211127,분당선,영통,6841,6868,13709
20211127,분당선,망포,9707,8588,18295
20211127,분당선,매탄권선,3722,3283,7005
20211127,분당선,수원시청,11077,12949,24026
20211127,분당선,매교,2185,2204,4389
20211127,분당선,기흥,6917,6397,13314
20211127,분당선,수내,8829,8267,17096
20211127,분당선,복정,1,0,1
20211127,분당선,야탑,18713,19463,38176
20211127,분당선,선릉,5526,8594,14120
20211127,분당선,한티,11075,11096,22171
20211127,분당선,도곡,4845,4392,9237
20211127,분당선,구룡,1588,1448,3036
20211127,분당선,개포동,2768,2702,5470
20211127,분당선,대모산입구,3240,3001,6241
20211127,분당선,수서,10663,10994,21657
20211127,분당선,서현,18861,19096,37957
20211127,분당선,서울숲,8149,8643,16792
20211127,분당선,압구정로데오,17655,21353,39008
20211127,분당선,강남구청,5747,6931,12678
20211127,분당선,선정릉,3539,3669,7208
20211127,분당선,가천대,5714,6090,11804
20211127,분당선,태평,10586,9858,20444
20211127,분당선,모란,16152,16439,32591
20211127,분당선,수원,7664,6357,14021
20211128,분당선,모란,11055,11354,22409
20211128,분당선,태평,7910,7474,15384
20211128,분당선,선정릉,2127,2200,4327
20211128,분당선,강남구청,3431,4183,7614
20211128,분당선,압구정로데오,10328,11592,21920
20211128,분당선,서울숲,6113,6250,12363
20211128,분당선,수원,5744,4750,10494
20211128,분당선,개포동,2107,2062,4169
20211128,분당선,수서,8749,8504,17253
20211128,분당선,대모산입구,2333,2160,4493
20211128,분당선,야탑,13567,13806,27373
20211128,분당선,구룡,740,840,1580
20211128,분당선,도곡,2639,2614,5253
20211128,분당선,한티,7170,7474,14644
20211128,분당선,선릉,3127,4574,7701
20211128,분당선,복정,1,0,1
20211128,분당선,서현,14230,14416,28646
20211128,분당선,가천대,3728,4362,8090
20211128,분당선,정자,7141,7597,14738
20211128,분당선,수내,5837,5773,11610
20211128,분당선,수원시청,7709,7731,15440
20211128,분당선,매탄권선,2452,2403,4855
20211128,분당선,망포,6396,6595,12991
20211128,분당선,영통,4657,4780,9437
20211128,분당선,청명,1976,2089,4065
20211128,분당선,상갈,2783,2821,5604
20211128,분당선,기흥,5128,4768,9896
20211128,분당선,매교,1375,1398,2773
20211128,분당선,구성,2372,2559,4931
20211128,분당선,죽전,7501,8601,16102
20211128,분당선,보정,1056,1132,2188
20211128,분당선,이매,3265,3445,6710
20211128,분당선,오리,5570,4826,10396
20211128,분당선,미금,7415,7731,15146
20211128,분당선,신갈,1868,1961,3829
20211129,분당선,미금,15776,16731,32507
20211129,분당선,오리,12233,10146,22379
20211129,분당선,이매,5932,5482,11414
20211129,분당선,보정,2559,2289,4848
20211129,분당선,죽전,13350,14800,28150
20211129,분당선,구성,5180,5422,10602
20211129,분당선,신갈,4661,4667,9328
20211129,분당선,영통,8431,8711,17142
20211129,분당선,상갈,5671,5364,11035
20211129,분당선,청명,4392,4324,8716
20211129,분당선,망포,14709,13928,28637
20211129,분당선,매탄권선,5187,4904,10091
20211129,분당선,수원시청,12581,13410,25991
20211129,분당선,매교,3316,3217,6533
20211129,분당선,정자,17508,18565,36073
20211129,분당선,기흥,10048,9266,19314
20211129,분당선,수내,13174,13094,26268
20211129,분당선,구룡,2204,2123,4327
20211129,분당선,야탑,26110,27009,53119
20211129,분당선,서현,24895,25118,50013
20211129,분당선,한티,13925,15124,29049
20211129,분당선,도곡,7112,7291,14403
20211129,분당선,개포동,3840,4032,7872
20211129,분당선,대모산입구,4610,4231,8841
20211129,분당선,수서,14020,14256,28276
20211129,분당선,수원,8002,6856,14858
20211129,분당선,선릉,14169,21445,35614
20211129,분당선,압구정로데오,16887,18762,35649
20211129,분당선,강남구청,10255,11549,21804
20211129,분당선,선정릉,8095,8785,16880
20211129,분당선,가천대,8891,10056,18947
20211129,분당선,태평,13682,13147,26829
20211129,분당선,모란,24646,25333,49979
20211129,분당선,서울숲,10389,10699,21088
20211130,분당선,미금,14762,15613,30375
20211130,분당선,매교,3008,2712,5720
20211130,분당선,이매,5549,5087,10636
20211130,분당선,보정,2523,2158,4681
20211130,분당선,죽전,12458,13893,26351
20211130,분당선,구성,4941,5242,10183
20211130,분당선,신갈,4499,4373,8872
20211130,분당선,청명,4203,4086,8289
20211130,분당선,상갈,5383,5065,10448
20211130,분당선,영통,8190,8228,16418
20211130,분당선,망포,14344,13292,27636
20211130,분당선,매탄권선,4993,4790,9783
20211130,분당선,수원시청,11860,12793,24653
20211130,분당선,정자,17390,18419,35809
20211130,분당선,기흥,9609,9007,18616
20211130,분당선,수내,12815,12909,25724
20211130,분당선,오리,11330,9330,20660
20211130,분당선,서현,23253,23876,47129
20211130,분당선,야탑,24911,25991,50902
20211130,분당선,선릉,14025,21550,35575
20211130,분당선,한티,13754,14997,28751
20211130,분당선,도곡,6717,6951,13668
20211130,분당선,구룡,2014,2015,4029
20211130,분당선,대모산입구,4346,4025,8371
20211130,분당선,수서,13181,13520,26701
20211130,분당선,복정,1,0,1
20211130,분당선,개포동,3767,3862,7629
20211130,분당선,서울숲,9896,10268,20164
20211130,분당선,압구정로데오,17361,19496,36857
20211130,분당선,강남구청,10272,11740,22012
20211130,분당선,선정릉,8334,9010,17344
20211130,분당선,가천대,8587,9562,18149
20211130,분당선,태평,12902,12185,25087
20211130,분당선,모란,18244,18425,36669
20211130,분당선,수원,7238,6194,13432
20211201,분당선,가천대,8955,10005,18960
20211201,분당선,수내,13334,13557,26891
20211201,분당선,서현,24394,25083,49477
20211201,분당선,야탑,26387,27648,54035
20211201,분당선,모란,19356,19410,38766
20211201,분당선,태평,13477,12800,26277
20211201,분당선,선정릉,8480,9095,17575
20211201,분당선,구룡,2139,2073,4212
20211201,분당선,압구정로데오,18111,20109,38220
20211201,분당선,서울숲,10612,10790,21402
20211201,분당선,수원,7886,6646,14532
20211201,분당선,복정,1,0,1
20211201,분당선,수서,13399,13817,27216
20211201,분당선,대모산입구,4436,4130,8566
20211201,분당선,정자,17707,19003,36710
20211201,분당선,강남구청,10500,12163,22663
20211201,분당선,미금,15707,16579,32286
20211201,분당선,개포동,4062,4254,8316
20211201,분당선,이매,5756,5313,11069
20211201,분당선,도곡,6798,7055,13853
20211201,분당선,한티,14208,15352,29560
20211201,분당선,선릉,14350,21496,35846
20211201,분당선,매탄권선,5045,4952,9997
20211201,분당선,수원시청,12397,13328,25725
20211201,분당선,매교,3128,2694,5822
20211201,분당선,망포,14561,13737,28298
20211201,분당선,오리,12030,9839,21869
20211201,분당선,청명,4429,4282,8711
20211201,분당선,상갈,5430,5177,10607
20211201,분당선,기흥,9858,9251,19109
20211201,분당선,신갈,4729,4614,9343
20211201,분당선,구성,5064,5355,10419
20211201,분당선,죽전,13256,14648,27904
20211201,분당선,보정,2614,2262,4876
20211201,분당선,영통,8480,8685,17165
20211202,분당선,야탑,25812,26865,52677
20211202,분당선,모란,19439,19491,38930
20211202,분당선,태평,13426,12752,26178
20211202,분당선,가천대,8618,9439,18057
20211202,분당선,선정릉,8276,8959,17235
20211202,분당선,강남구청,10568,12240,22808
20211202,분당선,압구정로데오,17965,20453,38418
20211202,분당선,대모산입구,4553,4215,8768
20211202,분당선,수원,7858,6802,14660
20211202,분당선,수서,13563,14081,27644
20211202,분당선,개포동,3824,3996,7820
20211202,분당선,구룡,2288,2115,4403
20211202,분당선,도곡,6839,6993,13832
20211202,분당선,한티,13943,15130,29073
20211202,분당선,서현,23913,24370,48283
20211202,분당선,서울숲,10461,10799,21260
20211202,분당선,선릉,14336,21473,35809
20211202,분당선,수내,13304,13443,26747
20211202,분당선,미금,15333,16244,31577
20211202,분당선,정자,17638,18887,36525
20211202,분당선,매교,3119,2958,6077
20211202,분당선,수원시청,12261,13274,25535
20211202,분당선,매탄권선,5013,4897,9910
20211202,분당선,영통,8468,8592,17060
20211202,분당선,청명,4347,4142,8489
20211202,분당선,상갈,5448,5251,10699
20211202,분당선,망포,14617,13555,28172
20211202,분당선,신갈,4624,4545,9169
20211202,분당선,구성,5031,5300,10331
20211202,분당선,죽전,13251,14610,27861
20211202,분당선,보정,2608,2198,4806
20211202,분당선,이매,5586,5308,10894
20211202,분당선,오리,12033,9932,21965
20211202,분당선,기흥,9873,9324,19197
20211203,분당선,죽전,14203,15296,29499
20211203,분당선,정자,18418,19966,38384
20211203,분당선,미금,16064,17275,33339
20211203,분당선,오리,12195,10113,22308
20211203,분당선,이매,5937,5595,11532
20211203,분당선,보정,2533,2157,4690
20211203,분당선,구성,5193,5425,10618
20211203,분당선,수원시청,13542,16023,29565
20211203,분당선,기흥,10325,9576,19901
20211203,분당선,상갈,5756,5445,11201
20211203,분당선,청명,4800,4348,9148
20211203,분당선,영통,9269,9369,18638
20211203,분당선,망포,15783,14318,30101
20211203,분당선,매탄권선,5426,5128,10554
20211203,분당선,매교,3255,3248,6503
20211203,분당선,신갈,4877,4719,9596
20211203,분당선,수내,13924,13968,27892
20211203,분당선,서현,25963,26691,52654
20211203,분당선,모란,20333,20886,41219
20211203,분당선,선릉,13872,21314,35186
20211203,분당선,한티,14749,15777,30526
20211203,분당선,도곡,7338,7292,14630
20211203,분당선,구룡,2216,2079,4295
20211203,분당선,개포동,3979,4137,8116
20211203,분당선,대모산입구,4495,4038,8533
20211203,분당선,수서,14740,15555,30295
20211203,분당선,야탑,27229,28388,55617
20211203,분당선,서울숲,11545,11826,23371
20211203,분당선,압구정로데오,19877,23630,43507
20211203,분당선,강남구청,11053,12499,23552
20211203,분당선,선정릉,8247,8907,17154
20211203,분당선,가천대,8491,9033,17524
20211203,분당선,태평,13942,13056,26998
20211203,분당선,수원,8556,7595,16151
20211204,분당선,정자,10210,10453,20663
20211204,분당선,미금,10479,10814,21293
20211204,분당선,오리,7700,6357,14057
20211204,분당선,보정,1469,1429,2898
20211204,분당선,죽전,9768,10929,20697
20211204,분당선,구성,3233,3265,6498
20211204,분당선,신갈,2745,2707,5452
20211204,분당선,영통,6727,6578,13305
20211204,분당선,상갈,3640,3542,7182
20211204,분당선,청명,2635,2588,5223
20211204,분당선,수내,8633,8035,16668
20211204,분당선,망포,9391,8304,17695
20211204,분당선,매탄권선,3459,3186,6645
20211204,분당선,수원시청,10935,12733,23668
20211204,분당선,매교,1959,2062,4021
20211204,분당선,기흥,6445,6089,12534
20211204,분당선,서현,18263,18419,36682
20211204,분당선,이매,4110,4058,8168
20211204,분당선,모란,20465,21192,41657
20211204,분당선,야탑,17949,18823,36772
20211204,분당선,한티,10047,10048,20095
20211204,분당선,도곡,4372,4084,8456
20211204,분당선,구룡,1638,1545,3183
20211204,분당선,개포동,2504,2515,5019
20211204,분당선,대모산입구,2908,2595,5503
20211204,분당선,수서,10270,10508,20778
20211204,분당선,복정,1,0,1
20211204,분당선,선릉,5251,8172,13423
20211204,분당선,서울숲,7865,8383,16248
20211204,분당선,압구정로데오,16779,20670,37449
20211204,분당선,강남구청,5667,6876,12543
20211204,분당선,선정릉,3321,3444,6765
20211204,분당선,가천대,5202,5664,10866
20211204,분당선,태평,10564,9757,20321
20211204,분당선,수원,7314,6087,13401
20211205,분당선,미금,7050,7511,14561
20211205,분당선,오리,4999,4284,9283
20211205,분당선,이매,2921,3174,6095
20211205,분당선,보정,1021,1026,2047
20211205,분당선,죽전,7332,8329,15661
20211205,분당선,구성,2262,2505,4767
20211205,분당선,신갈,1810,1887,3697
20211205,분당선,매교,1485,1480,2965
20211205,분당선,상갈,2681,2784,5465
20211205,분당선,청명,1933,1952,3885
20211205,분당선,영통,4619,4688,9307
20211205,분당선,망포,5827,6292,12119
20211205,분당선,매탄권선,2431,2390,4821
20211205,분당선,수원시청,7191,7260,14451
20211205,분당선,정자,6854,7273,14127
20211205,분당선,기흥,4828,4606,9434
20211205,분당선,수내,5864,5578,11442
20211205,분당선,개포동,1649,1709,3358
20211205,분당선,야탑,12902,13141,26043
20211205,분당선,서현,13506,13389,26895
20211205,분당선,한티,6399,6513,12912
20211205,분당선,도곡,2745,2627,5372
20211205,분당선,구룡,1144,1217,2361
20211205,분당선,대모산입구,2291,2202,4493
20211205,분당선,수서,8012,7643,15655
20211205,분당선,복정,1,0,1
20211205,분당선,선릉,2826,4260,7086
20211205,분당선,서울숲,6100,6460,12560
20211205,분당선,압구정로데오,9927,10960,20887
20211205,분당선,강남구청,3636,4176,7812
20211205,분당선,선정릉,2039,2147,4186
20211205,분당선,가천대,3742,4493,8235
20211205,분당선,태평,7720,7216,14936
20211205,분당선,모란,10556,10883,21439
20211205,분당선,수원,5303,4544,9847
20211206,분당선,야탑,25672,26493,52165
20211206,분당선,모란,19232,19325,38557
20211206,분당선,태평,13295,12798,26093
20211206,분당선,가천대,10410,11546,21956
20211206,분당선,선정릉,7997,8644,16641
20211206,분당선,강남구청,10253,11725,21978
20211206,분당선,압구정로데오,16309,17876,34185
20211206,분당선,대모산입구,4413,4006,8419
20211206,분당선,수원,7850,6756,14606
20211206,분당선,수서,13291,13530,26821
20211206,분당선,개포동,3683,3824,7507
20211206,분당선,구룡,2215,2123,4338
20211206,분당선,도곡,6865,6931,13796
20211206,분당선,한티,13041,14120,27161
20211206,분당선,서현,24275,24485,48760
20211206,분당선,서울숲,9993,10075,20068
20211206,분당선,선릉,13760,20923,34683
20211206,분당선,수내,12930,12800,25730
20211206,분당선,미금,15336,16327,31663
20211206,분당선,매교,3078,3096,6174
20211206,분당선,수원시청,12335,12869,25204
20211206,분당선,매탄권선,5016,4883,9899
20211206,분당선,망포,14155,13637,27792
20211206,분당선,영통,8213,8335,16548
20211206,분당선,청명,4305,4139,8444
20211206,분당선,상갈,5367,5035,10402
20211206,분당선,정자,16850,18128,34978
20211206,분당선,신갈,4604,4617,9221
20211206,분당선,구성,5072,5313,10385
20211206,분당선,죽전,12879,14080,26959
20211206,분당선,보정,2447,2166,4613
20211206,분당선,이매,5433,5111,10544
20211206,분당선,오리,11532,9737,21269
20211206,분당선,기흥,9848,9230,19078
20211207,분당선,오리,11734,9820,21554
20211207,분당선,이매,5621,5209,10830
20211207,분당선,보정,2549,2225,4774
20211207,분당선,죽전,13008,14266,27274
20211207,분당선,구성,5205,5393,10598
20211207,분당선,신갈,4792,4629,9421
20211207,분당선,기흥,9821,9082,18903
20211207,분당선,영통,8211,8374,16585
20211207,분당선,청명,4469,4298,8767
20211207,분당선,망포,14316,13647,27963
20211207,분당선,매탄권선,4900,4759,9659
20211207,분당선,수원시청,12443,13427,25870
20211207,분당선,매교,3098,3058,6156
20211207,분당선,미금,15561,16377,31938
20211207,분당선,상갈,5431,5288,10719
20211207,분당선,정자,17310,18651,35961
20211207,분당선,수내,13223,13137,26360
20211207,분당선,선릉,14122,21378,35500
20211207,분당선,서현,23867,24745,48612
20211207,분당선,한티,13215,14459,27674
20211207,분당선,도곡,6897,6759,13656
20211207,분당선,구룡,2127,2065,4192
20211207,분당선,개포동,3792,3859,7651
20211207,분당선,수서,13268,13431,26699
20211207,분당선,수원,7644,6674,14318
20211207,분당선,대모산입구,4430,4132,8562
20211207,분당선,압구정로데오,17680,19773,37453
20211207,분당선,강남구청,10448,11935,22383
20211207,분당선,선정릉,8281,8828,17109
20211207,분당선,가천대,10049,10846,20895
20211207,분당선,태평,13560,12924,26484
20211207,분당선,모란,19513,19763,39276
20211207,분당선,야탑,25634,26777,52411
20211207,분당선,서울숲,10207,10413,20620
20211208,분당선,압구정로데오,17487,19719,37206
20211208,분당선,모란,19516,19615,39131
20211208,분당선,태평,13301,12742,26043
20211208,분당선,가천대,9818,10643,20461
20211208,분당선,선정릉,8171,8754,16925
20211208,분당선,강남구청,10452,11983,22435
20211208,분당선,서울숲,10458,10672,21130
20211208,분당선,야탑,26277,27280,53557
20211208,분당선,수서,13103,13302,26405
20211208,분당선,대모산입구,4336,4081,8417
20211208,분당선,개포동,3771,3967,7738
20211208,분당선,구룡,2128,2031,4159
20211208,분당선,도곡,6844,6800,13644
20211208,분당선,한티,13247,14341,27588
20211208,분당선,선릉,13643,20929,34572
20211208,분당선,수원,7893,6700,14593
20211208,분당선,서현,23943,24596,48539
20211208,분당선,매교,3146,3140,6286
20211208,분당선,정자,17197,18439,35636
20211208,분당선,수내,13060,13128,26188
20211208,분당선,수원시청,12333,13480,25813
20211208,분당선,매탄권선,5019,4913,9932
20211208,분당선,망포,14618,13889,28507
20211208,분당선,청명,4294,4129,8423
20211208,분당선,상갈,5485,5208,10693
20211208,분당선,기흥,9771,9081,18852
20211208,분당선,영통,8265,8392,16657
20211208,분당선,구성,5168,5430,10598
20211208,분당선,죽전,13394,14699,28093
20211208,분당선,보정,2557,2174,4731
20211208,분당선,이매,5438,5100,10538
20211208,분당선,오리,11833,9806,21639
20211208,분당선,미금,15433,16585,32018
20211208,분당선,신갈,4751,4645,9396
20211209,분당선,구성,5167,5367,10534
20211209,분당선,미금,15139,16309,31448
20211209,분당선,오리,12006,9920,21926
20211209,분당선,이매,5514,5116,10630
20211209,분당선,보정,2597,2218,4815
20211209,분당선,죽전,13259,14556,27815
20211209,분당선,신갈,4826,4658,9484
20211209,분당선,수원시청,12490,13378,25868
20211209,분당선,매교,3144,3173,6317
20211209,분당선,상갈,5421,5093,10514
20211209,분당선,청명,4417,4195,8612
20211209,분당선,영통,8347,8516,16863
20211209,분당선,망포,14438,13658,28096
20211209,분당선,매탄권선,5025,4830,9855
20211209,분당선,정자,17258,18276,35534
20211209,분당선,기흥,9951,9267,19218
20211209,분당선,수내,12880,12874,25754
20211209,분당선,수서,13553,14034,27587
20211209,분당선,야탑,25822,26801,52623
20211209,분당선,서현,24071,24360,48431
20211209,분당선,선릉,13838,20900,34738
20211209,분당선,한티,13203,14213,27416
20211209,분당선,도곡,6849,6608,13457
20211209,분당선,개포동,3702,3817,7519
20211209,분당선,대모산입구,4403,4145,8548
20211209,분당선,수원,7875,6613,14488
20211209,분당선,구룡,2172,2141,4313
20211209,분당선,압구정로데오,17873,20332,38205
20211209,분당선,강남구청,10288,11922,22210
20211209,분당선,선정릉,7955,8640,16595
20211209,분당선,가천대,9997,10879,20876
20211209,분당선,태평,13529,12815,26344
20211209,분당선,모란,24285,25295,49580
20211209,분당선,서울숲,10498,10842,21340
20211210,분당선,구성,5113,5286,10399
20211210,분당선,미금,15490,16470,31960
20211210,분당선,오리,11807,9725,21532
20211210,분당선,이매,5958,5366,11324
20211210,분당선,보정,2647,2256,4903
20211210,분당선,죽전,13683,14726,28409
20211210,분당선,신갈,4692,4551,9243
20211210,분당선,매교,3211,3243,6454
20211210,분당선,상갈,5593,5140,10733
20211210,분당선,청명,4610,4225,8835
20211210,분당선,영통,9023,9218,18241
20211210,분당선,망포,15707,14102,29809
20211210,분당선,매탄권선,5337,5000,10337
20211210,분당선,수원시청,13197,15343,28540
20211210,분당선,정자,17588,18903,36491
20211210,분당선,기흥,9716,9061,18777
20211210,분당선,수내,13182,13056,26238
20211210,분당선,서현,25132,24498,49630
20211210,분당선,야탑,26173,27549,53722
20211210,분당선,한티,13688,14666,28354
20211210,분당선,도곡,6837,6750,13587
20211210,분당선,구룡,2223,2086,4309
20211210,분당선,개포동,3717,3990,7707
20211210,분당선,대모산입구,4497,4070,8567
20211210,분당선,수서,14426,15296,29722
20211210,분당선,복정,2,0,2
20211210,분당선,선릉,13363,20507,33870
20211210,분당선,서울숲,10356,10631,20987
20211210,분당선,압구정로데오,19053,23128,42181
20211210,분당선,강남구청,10352,11990,22342
20211210,분당선,선정릉,8028,8587,16615
20211210,분당선,가천대,9597,10036,19633
20211210,분당선,태평,13497,12557,26054
20211210,분당선,모란,19813,20085,39898
20211210,분당선,수원,8292,7288,15580
20211211,분당선,미금,10151,10416,20567
20211211,분당선,오리,7638,6303,13941
20211211,분당선,이매,3739,3786,7525
20211211,분당선,보정,1479,1367,2846
20211211,분당선,죽전,9471,10521,19992
20211211,분당선,구성,3104,3216,6320
20211211,분당선,신갈,2719,2616,5335
20211211,분당선,영통,6236,6127,12363
20211211,분당선,상갈,3512,3455,6967
20211211,분당선,청명,2511,2411,4922
20211211,분당선,망포,9028,8091,17119
20211211,분당선,매탄권선,3413,3121,6534
20211211,분당선,수원시청,10463,12057,22520
20211211,분당선,정자,10032,10281,20313
20211211,분당선,기흥,6381,6055,12436
20211211,분당선,수내,8192,7538,15730
20211211,분당선,매교,2035,2009,4044
20211211,분당선,야탑,16858,17563,34421
20211211,분당선,선릉,4976,7858,12834
20211211,분당선,한티,9427,9306,18733
20211211,분당선,도곡,4324,3855,8179
20211211,분당선,구룡,1250,1079,2329
20211211,분당선,개포동,2367,2266,4633
20211211,분당선,대모산입구,2687,2375,5062
20211211,분당선,수서,9553,9973,19526
20211211,분당선,서현,17745,17938,35683
20211211,분당선,서울숲,6784,7071,13855
20211211,분당선,압구정로데오,17094,20599,37693
20211211,분당선,강남구청,5283,6536,11819
20211211,분당선,선정릉,3361,3396,6757
20211211,분당선,가천대,5240,5710,10950
20211211,분당선,태평,10203,9463,19666
20211211,분당선,모란,15168,15514,30682
20211211,분당선,수원,6863,5902,12765
20211212,분당선,미금,6836,7157,13993
20211212,분당선,오리,5091,4401,9492
20211212,분당선,이매,2956,3162,6118
20211212,분당선,보정,954,932,1886
20211212,분당선,죽전,6627,7685,14312
20211212,분당선,구성,2129,2293,4422
20211212,분당선,신갈,1725,1829,3554
20211212,분당선,영통,4158,4131,8289
20211212,분당선,상갈,2451,2561,5012
20211212,분당선,청명,1828,1871,3699
20211212,분당선,망포,5648,6111,11759
20211212,분당선,매탄권선,2276,2202,4478
20211212,분당선,수원시청,7226,7263,14489
20211212,분당선,정자,6742,7019,13761
20211212,분당선,기흥,4482,4296,8778
20211212,분당선,수내,5564,5554,11118
20211212,분당선,매교,1264,1315,2579
20211212,분당선,야탑,12395,12387,24782
20211212,분당선,선릉,2807,4158,6965
20211212,분당선,한티,6249,6379,12628
20211212,분당선,도곡,2211,2116,4327
20211212,분당선,구룡,640,721,1361
20211212,분당선,개포동,1733,1763,3496
20211212,분당선,대모산입구,1764,1735,3499
20211212,분당선,수서,7979,7609,15588
20211212,분당선,서현,13230,13314,26544
20211212,분당선,서울숲,4883,5064,9947
20211212,분당선,압구정로데오,10007,11137,21144
20211212,분당선,강남구청,3509,4095,7604
20211212,분당선,선정릉,2023,2196,4219
20211212,분당선,가천대,3405,4121,7526
20211212,분당선,태평,7344,7038,14382
20211212,분당선,모란,10433,10704,21137
20211212,분당선,수원,5185,4341,9526
20211213,분당선,모란,18165,18588,36753
20211213,분당선,태평,12742,12309,25051
20211213,분당선,가천대,7637,8692,16329
20211213,분당선,선정릉,7836,8443,16279
20211213,분당선,강남구청,9779,11145,20924
20211213,분당선,압구정로데오,15646,17352,32998
20211213,분당선,서울숲,9152,9236,18388
20211213,분당선,대모산입구,4274,3959,8233
20211213,분당선,복정,1,0,1
20211213,분당선,수서,13080,13215,26295
20211213,분당선,개포동,3503,3640,7143
20211213,분당선,구룡,2032,1987,4019
20211213,분당선,도곡,6409,6540,12949
20211213,분당선,한티,12343,13423,25766
20211213,분당선,야탑,24022,25050,49072
20211213,분당선,수원,7396,6335,13731
20211213,분당선,선릉,13313,20219,33532
20211213,분당선,수내,12487,12364,24851
20211213,분당선,정자,16202,17375,33577
20211213,분당선,서현,22926,23198,46124
20211213,분당선,매교,2934,2991,5925
20211213,분당선,수원시청,11902,12588,24490
20211213,분당선,매탄권선,4782,4619,9401
20211213,분당선,망포,13541,12899,26440
20211213,분당선,청명,4158,3906,8064
20211213,분당선,상갈,5107,4875,9982
20211213,분당선,영통,7851,8127,15978
20211213,분당선,신갈,4561,4421,8982
20211213,분당선,구성,4704,4959,9663
20211213,분당선,죽전,12000,13261,25261
20211213,분당선,보정,2337,2065,4402
20211213,분당선,이매,5258,4928,10186
20211213,분당선,오리,11029,9144,20173
20211213,분당선,미금,14373,15269,29642
20211213,분당선,기흥,9074,8607,17681
20211214,분당선,보정,2480,2147,4627
20211214,분당선,상갈,5125,4889,10014
20211214,분당선,기흥,9273,8798,18071
20211214,분당선,신갈,4578,4483,9061
20211214,분당선,구성,5004,5337,10341
20211214,분당선,죽전,12536,13869,26405
20211214,분당선,이매,5535,5173,10708
20211214,분당선,청명,4214,4066,8280
20211214,분당선,미금,15102,16155,31257
20211214,분당선,정자,16940,18175,35115
20211214,분당선,수내,12847,12814,25661
20211214,분당선,서현,23790,24271,48061
20211214,분당선,야탑,24915,25950,50865
20211214,분당선,모란,23279,23843,47122
20211214,분당선,오리,11563,9488,21051
20211214,분당선,영통,7935,7935,15870
20211214,분당선,태평,13415,12935,26350
20211214,분당선,매탄권선,4904,4746,9650
20211214,분당선,가천대,7828,8775,16603
20211214,분당선,선정릉,8144,8639,16783
20211214,분당선,강남구청,10435,11906,22341
20211214,분당선,압구정로데오,17412,19479,36891
20211214,분당선,서울숲,9703,9972,19675
20211214,분당선,수원,7435,6428,13863
20211214,분당선,수서,13026,13342,26368
20211214,분당선,망포,13926,13220,27146
20211214,분당선,개포동,3685,3814,7499
20211214,분당선,구룡,2054,1988,4042
20211214,분당선,도곡,6696,6584,13280
20211214,분당선,한티,13149,14156,27305
20211214,분당선,선릉,13592,20658,34250
20211214,분당선,매교,3018,3026,6044
20211214,분당선,수원시청,12072,12902,24974
20211214,분당선,대모산입구,4464,4140,8604
20211215,분당선,정자,17034,18189,35223
20211215,분당선,미금,15120,16210,31330
20211215,분당선,오리,11599,9732,21331
20211215,분당선,이매,5353,4960,10313
20211215,분당선,보정,2488,2138,4626
20211215,분당선,죽전,12911,14181,27092
20211215,분당선,구성,4939,5150,10089
20211215,분당선,청명,4314,4041,8355
20211215,분당선,기흥,9472,8915,18387
20211215,분당선,상갈,5215,4895,10110
20211215,분당선,수내,12937,12791,25728
20211215,분당선,영통,8130,8431,16561
20211215,분당선,망포,14155,13422,27577
20211215,분당선,매탄권선,4979,4749,9728
20211215,분당선,수원시청,12417,13403,25820
20211215,분당선,신갈,4653,4446,9099
20211215,분당선,서현,23958,24538,48496
20211215,분당선,매교,2975,3003,5978
20211215,분당선,모란,19023,19204,38227
20211215,분당선,선릉,13403,20317,33720
20211215,분당선,한티,13084,14006,27090
20211215,분당선,도곡,6662,6600,13262
20211215,분당선,구룡,2044,1972,4016
20211215,분당선,개포동,3709,3830,7539
20211215,분당선,대모산입구,4370,3998,8368
20211215,분당선,수서,13075,13204,26279
20211215,분당선,야탑,24982,26241,51223
20211215,분당선,수원,7729,6748,14477
20211215,분당선,서울숲,10312,10512,20824
20211215,분당선,압구정로데오,17782,20199,37981
20211215,분당선,강남구청,10045,11704,21749
20211215,분당선,선정릉,8108,8730,16838
20211215,분당선,가천대,7468,8288,15756
20211215,분당선,태평,13215,12532,25747
20211215,분당선,복정,2,0,2
20211216,분당선,오리,11594,9865,21459
20211216,분당선,이매,5414,5021,10435
20211216,분당선,보정,2488,2138,4626
20211216,분당선,죽전,13184,14535,27719
20211216,분당선,구성,5036,5120,10156
20211216,분당선,신갈,4635,4487,9122
20211216,분당선,기흥,9645,9025,18670
20211216,분당선,망포,14529,13776,28305
20211216,분당선,청명,4214,4040,8254
20211216,분당선,영통,8298,8338,16636
20211216,분당선,매탄권선,5104,4819,9923
20211216,분당선,수원시청,12502,13465,25967
20211216,분당선,매교,3036,3012,6048
20211216,분당선,야탑,25040,26238,51278
20211216,분당선,미금,15151,15912,31063
20211216,분당선,상갈,5212,4939,10151
20211216,분당선,모란,19243,19419,38662
20211216,분당선,정자,17276,18334,35610
20211216,분당선,서현,24461,25157,49618
20211216,분당선,수내,13083,12949,26032
20211216,분당선,선릉,13428,20541,33969
20211216,분당선,한티,13279,14164,27443
20211216,분당선,도곡,6786,6563,13349
20211216,분당선,개포동,3503,3666,7169
20211216,분당선,대모산입구,4323,4001,8324
20211216,분당선,수서,13140,13605,26745
20211216,분당선,구룡,2035,1955,3990
20211216,분당선,태평,13158,12564,25722
20211216,분당선,가천대,7403,8105,15508
20211216,분당선,선정릉,8004,8595,16599
20211216,분당선,강남구청,10276,11782,22058
20211216,분당선,압구정로데오,18162,21021,39183
20211216,분당선,서울숲,10054,10240,20294
20211216,분당선,수원,7975,6924,14899
20211217,분당선,야탑,25766,27005,52771
20211217,분당선,모란,19691,20160,39851
20211217,분당선,태평,13485,12689,26174
20211217,분당선,가천대,7356,7988,15344
20211217,분당선,선정릉,7958,8393,16351
20211217,분당선,강남구청,10530,11846,22376
20211217,분당선,압구정로데오,20289,24291,44580
20211217,분당선,대모산입구,4306,4028,8334
20211217,분당선,수원,8410,7391,15801
20211217,분당선,수서,14293,14984,29277
20211217,분당선,개포동,3733,3812,7545
20211217,분당선,구룡,2147,1930,4077
20211217,분당선,도곡,6813,6682,13495
20211217,분당선,서현,25812,26280,52092
20211217,분당선,선릉,13122,19833,32955
20211217,분당선,서울숲,10107,10175,20282
20211217,분당선,한티,13859,14769,28628
20211217,분당선,수내,13195,13173,26368
20211217,분당선,미금,15499,16296,31795
20211217,분당선,정자,17513,18728,36241
20211217,분당선,망포,15313,13997,29310
20211217,분당선,매교,3071,3018,6089
20211217,분당선,수원시청,13191,15380,28571
20211217,분당선,영통,8907,9191,18098
20211217,분당선,청명,4562,4137,8699
20211217,분당선,상갈,5341,5035,10376
20211217,분당선,매탄권선,5302,4838,10140
20211217,분당선,신갈,4602,4450,9052
20211217,분당선,구성,5094,5148,10242
20211217,분당선,죽전,13528,14751,28279
20211217,분당선,보정,2490,2088,4578
20211217,분당선,이매,5592,5178,10770
20211217,분당선,오리,11832,9651,21483
20211217,분당선,기흥,9841,9310,19151
20211218,분당선,압구정로데오,20460,20344,40804
20211218,분당선,모란,14572,14830,29402
20211218,분당선,태평,9713,9612,19325
20211218,분당선,가천대,4956,5453,10409
20211218,분당선,선정릉,3526,3520,7046
20211218,분당선,강남구청,5977,6956,12933
20211218,분당선,서울숲,6629,6746,13375
20211218,분당선,한티,10788,10511,21299
20211218,분당선,복정,2,0,2
20211218,분당선,수서,9961,10579,20540
20211218,분당선,대모산입구,2852,2669,5521
20211218,분당선,개포동,2422,2432,4854
20211218,분당선,구룡,1143,1057,2200
20211218,분당선,도곡,4359,4044,8403
20211218,분당선,야탑,17019,17753,34772
20211218,분당선,수원,6971,6055,13026
20211218,분당선,서현,18836,18425,37261
20211218,분당선,선릉,5196,7893,13089
20211218,분당선,정자,10202,10640,20842
20211218,분당선,매교,1809,1964,3773
20211218,분당선,수원시청,11277,11597,22874
20211218,분당선,매탄권선,3349,3286,6635
20211218,분당선,망포,9396,8836,18232
20211218,분당선,영통,7631,6999,14630
20211218,분당선,청명,2725,2741,5466
20211218,분당선,상갈,3438,3542,6980
20211218,분당선,수내,8542,8052,16594
20211218,분당선,신갈,2622,2705,5327
20211218,분당선,구성,3071,3432,6503
20211218,분당선,죽전,9943,11006,20949
20211218,분당선,보정,1446,1334,2780
20211218,분당선,이매,3905,3994,7899
20211218,분당선,오리,7720,6282,14002
20211218,분당선,미금,10465,10744,21209
20211218,분당선,기흥,6582,6524,13106
20211219,분당선,정자,7189,7511,14700
20211219,분당선,미금,7515,7919,15434
20211219,분당선,오리,5588,4833,10421
20211219,분당선,이매,2991,3030,6021
20211219,분당선,보정,1053,1005,2058
20211219,분당선,죽전,8056,9087,17143
20211219,분당선,구성,2303,2446,4749
20211219,분당선,청명,1976,2025,4001
20211219,분당선,기흥,4998,4685,9683
20211219,분당선,상갈,2660,2712,5372
20211219,분당선,영통,4862,4894,9756
20211219,분당선,망포,6569,6774,13343
20211219,분당선,매탄권선,2618,2494,5112
20211219,분당선,수원시청,7484,7554,15038
20211219,분당선,수내,5892,5718,11610
20211219,분당선,신갈,1877,1906,3783
20211219,분당선,매교,1285,1336,2621
20211219,분당선,서현,14335,14235,28570
20211219,분당선,모란,14171,14692,28863
20211219,분당선,야탑,12928,13372,26300
20211219,분당선,선릉,2824,4361,7185
20211219,분당선,한티,6634,6807,13441
20211219,분당선,도곡,2529,2526,5055
20211219,분당선,개포동,1713,1767,3480
20211219,분당선,대모산입구,2129,1996,4125
20211219,분당선,수서,8294,8081,16375
20211219,분당선,구룡,678,728,1406
20211219,분당선,서울숲,5072,5266,10338
20211219,분당선,압구정로데오,11238,12056,23294
20211219,분당선,강남구청,3376,4087,7463
20211219,분당선,선정릉,2128,2166,4294
20211219,분당선,가천대,3694,4427,8121
20211219,분당선,태평,7779,7296,15075
20211219,분당선,수원,5591,4858,10449
20211220,분당선,구성,4961,5227,10188
20211220,분당선,미금,14890,15823,30713
20211220,분당선,오리,11637,9697,21334
20211220,분당선,이매,5463,5075,10538
20211220,분당선,보정,2420,2111,4531
20211220,분당선,죽전,12815,14042,26857
20211220,분당선,매교,3052,3022,6074
20211220,분당선,정자,16423,17434,33857
20211220,분당선,상갈,5085,4937,10022
20211220,분당선,청명,4152,4049,8201
20211220,분당선,영통,7984,8053,16037
20211220,분당선,망포,14088,13674,27762
20211220,분당선,매탄권선,4809,4636,9445
20211220,분당선,수원시청,12217,12926,25143
20211220,분당선,기흥,9318,8948,18266
20211220,분당선,수내,12820,12842,25662
20211220,분당선,신갈,4519,4392,8911
20211220,분당선,야탑,24780,25767,50547
20211220,분당선,선릉,13271,20076,33347
20211220,분당선,한티,13176,14149,27325
20211220,분당선,도곡,6615,6702,13317
20211220,분당선,구룡,1767,1743,3510
20211220,분당선,개포동,3587,3758,7345
20211220,분당선,대모산입구,4292,3945,8237
20211220,분당선,수서,12961,13442,26403
20211220,분당선,서현,24040,24129,48169
20211220,분당선,서울숲,9905,9849,19754
20211220,분당선,압구정로데오,17506,18756,36262
20211220,분당선,강남구청,9881,11373,21254
20211220,분당선,선정릉,7959,8404,16363
20211220,분당선,가천대,6461,7359,13820
20211220,분당선,태평,13074,12640,25714
20211220,분당선,모란,18809,19059,37868
20211220,분당선,수원,7725,6563,14288
20211221,분당선,정자,17135,18312,35447
20211221,분당선,미금,15250,16314,31564
20211221,분당선,오리,11925,9794,21719
20211221,분당선,이매,5566,5259,10825
20211221,분당선,보정,2503,2211,4714
20211221,분당선,죽전,12966,14245,27211
20211221,분당선,구성,5029,5316,10345
20211221,분당선,청명,4141,3947,8088
20211221,분당선,기흥,9514,9001,18515
20211221,분당선,상갈,5202,5031,10233
20211221,분당선,영통,8218,8280,16498
20211221,분당선,망포,14237,13581,27818
20211221,분당선,매탄권선,5103,4837,9940
20211221,분당선,수원시청,12652,13429,26081
20211221,분당선,수내,13559,13454,27013
20211221,분당선,신갈,4619,4596,9215
20211221,분당선,서현,24986,25327,50313
20211221,분당선,매교,3073,3119,6192
20211221,분당선,모란,19203,19460,38663
20211221,분당선,선릉,13758,20370,34128
20211221,분당선,한티,13907,14936,28843
20211221,분당선,도곡,6923,6995,13918
20211221,분당선,구룡,1831,1879,3710
20211221,분당선,개포동,3639,3785,7424
20211221,분당선,대모산입구,4331,4023,8354
20211221,분당선,수서,13245,13462,26707
20211221,분당선,야탑,25458,26560,52018
20211221,분당선,수원,7757,6670,14427
20211221,분당선,서울숲,10049,10405,20454
20211221,분당선,압구정로데오,19820,21120,40940
20211221,분당선,강남구청,10299,11774,22073
20211221,분당선,선정릉,8036,8640,16676
20211221,분당선,가천대,6551,7446,13997
20211221,분당선,태평,13189,12814,26003
20211221,분당선,복정,1,0,1
20211222,분당선,정자,17351,18471,35822
20211222,분당선,미금,15720,16825,32545
20211222,분당선,오리,11806,9701,21507
20211222,분당선,이매,5724,5331,11055
20211222,분당선,보정,2540,2218,4758
20211222,분당선,죽전,13521,14678,28199
20211222,분당선,구성,5055,5325,10380
20211222,분당선,청명,4153,4131,8284
20211222,분당선,기흥,9616,9289,18905
20211222,분당선,상갈,5361,5171,10532
20211222,분당선,영통,8543,8582,17125
20211222,분당선,망포,14534,13886,28420
20211222,분당선,매탄권선,4989,4833,9822
20211222,분당선,수원시청,12804,13619,26423
20211222,분당선,수내,13501,13485,26986
20211222,분당선,신갈,4647,4519,9166
20211222,분당선,매교,3140,3162,6302
20211222,분당선,서현,25207,25491,50698
20211222,분당선,모란,19499,19452,38951
20211222,분당선,야탑,25839,27119,52958
20211222,분당선,선릉,13632,20414,34046
20211222,분당선,한티,13985,15004,28989
20211222,분당선,도곡,6902,6958,13860
20211222,분당선,구룡,2148,2039,4187
20211222,분당선,대모산입구,4328,4051,8379
20211222,분당선,수서,13143,13610,26753
20211222,분당선,개포동,3904,4104,8008
20211222,분당선,수원,7852,6831,14683
20211222,분당선,서울숲,10500,10772,21272
20211222,분당선,압구정로데오,20135,21500,41635
20211222,분당선,강남구청,10583,12147,22730
20211222,분당선,선정릉,8213,8812,17025
20211222,분당선,가천대,6591,7474,14065
20211222,분당선,태평,13435,12956,26391
20211222,분당선,복정,1,0,1
20211223,분당선,서울숲,10730,10901,21631
20211223,분당선,태평,13547,13078,26625
20211223,분당선,가천대,6541,7460,14001
20211223,분당선,선정릉,8120,8728,16848
20211223,분당선,강남구청,10461,11819,22280
20211223,분당선,압구정로데오,21244,23038,44282
20211223,분당선,수원,8035,6856,14891
20211223,분당선,모란,19620,19864,39484
20211223,분당선,수서,13462,14301,27763
20211223,분당선,대모산입구,4234,4107,8341
20211223,분당선,개포동,3758,3822,7580
20211223,분당선,구룡,2077,1978,4055
20211223,분당선,도곡,7076,6940,14016
20211223,분당선,한티,14102,15058,29160
20211223,분당선,선릉,13895,20669,34564
20211223,분당선,복정,1,0,1
20211223,분당선,야탑,26129,27310,53439
20211223,분당선,수내,13624,13381,27005
20211223,분당선,매교,3158,3166,6324
20211223,분당선,서현,25631,25923,51554
20211223,분당선,수원시청,12842,13782,26624
20211223,분당선,매탄권선,5086,4922,10008
20211223,분당선,망포,14527,13737,28264
20211223,분당선,영통,8453,8438,16891
20211223,분당선,상갈,5266,5069,10335
20211223,분당선,기흥,9662,9019,18681
20211223,분당선,청명,4183,4056,8239
20211223,분당선,구성,5212,5497,10709
20211223,분당선,죽전,13275,14776,28051
20211223,분당선,보정,2711,2323,5034
20211223,분당선,이매,5700,5309,11009
20211223,분당선,오리,12113,9906,22019
20211223,분당선,미금,15425,16469,31894
20211223,분당선,정자,17352,18489,35841
20211223,분당선,신갈,4648,4612,9260
20211224,분당선,압구정로데오,23741,25131,48872
20211224,분당선,모란,24115,24566,48681
20211224,분당선,태평,13903,13679,27582
20211224,분당선,가천대,6655,7206,13861
20211224,분당선,선정릉,7900,8148,16048
20211224,분당선,강남구청,10416,11426,21842
20211224,분당선,서울숲,10491,10601,21092
20211224,분당선,선릉,12641,18331,30972
20211224,분당선,수서,13495,14838,28333
20211224,분당선,개포동,3709,3897,7606
20211224,분당선,구룡,2142,1862,4004
20211224,분당선,도곡,7055,7069,14124
20211224,분당선,한티,14567,15568,30135
20211224,분당선,야탑,26311,27456,53767
20211224,분당선,수원,8969,7803,16772
20211224,분당선,서현,27513,28232,55745
20211224,분당선,대모산입구,4400,4001,8401
20211224,분당선,정자,16799,17928,34727
20211224,분당선,수내,13230,13249,26479
20211224,분당선,수원시청,13659,15677,29336
20211224,분당선,매탄권선,5494,5039,10533
20211224,분당선,망포,15416,13958,29374
20211224,분당선,영통,9281,9284,18565
20211224,분당선,청명,4342,3999,8341
20211224,분당선,상갈,5412,5182,10594
20211224,분당선,매교,2970,3042,6012
20211224,분당선,신갈,4506,4483,8989
20211224,분당선,구성,4887,5325,10212
20211224,분당선,죽전,14263,15607,29870
20211224,분당선,보정,2522,2210,4732
20211224,분당선,이매,5958,5759,11717
20211224,분당선,오리,12099,9902,22001
20211224,분당선,미금,15555,16376,31931
20211224,분당선,기흥,9765,9503,19268
20211225,분당선,모란,12213,12749,24962
20211225,분당선,태평,8318,8045,16363
20211225,분당선,가천대,3525,3982,7507
20211225,분당선,선정릉,2078,2085,4163
20211225,분당선,강남구청,3198,3927,7125
20211225,분당선,압구정로데오,14118,15411,29529
20211225,분당선,서울숲,4822,5027,9849
20211225,분당선,대모산입구,1909,1796,3705
20211225,분당선,수서,6947,7707,14654
20211225,분당선,개포동,1586,1640,3226
20211225,분당선,구룡,719,713,1432
20211225,분당선,도곡,2645,2498,5143
20211225,분당선,한티,7916,7753,15669
20211225,분당선,야탑,13299,13850,27149
20211225,분당선,선릉,2843,4218,7061
20211225,분당선,수원,6748,5562,12310
20211225,분당선,서현,18790,18466,37256
20211225,분당선,보정,1122,1104,2226
20211225,분당선,정자,7595,7800,15395
20211225,분당선,매교,1436,1545,2981
20211225,분당선,수원시청,8934,9659,18593
20211225,분당선,매탄권선,2778,2562,5340
20211225,분당선,수내,6110,6066,12176
20211225,분당선,영통,5751,5758,11509
20211225,분당선,청명,1890,1930,3820
20211225,분당선,상갈,2950,3001,5951
20211225,분당선,망포,7287,6963,14250
20211225,분당선,신갈,2060,2094,4154
20211225,분당선,구성,2337,2488,4825
20211225,분당선,죽전,9879,10670,20549
20211225,분당선,이매,3208,3325,6533
20211225,분당선,오리,5969,4742,10711
20211225,분당선,미금,7848,7865,15713
20211225,분당선,기흥,5772,5351,11123
20211226,분당선,압구정로데오,9236,9651,18887
20211226,분당선,모란,8986,9262,18248
20211226,분당선,태평,6708,6436,13144
20211226,분당선,가천대,2863,3566,6429
20211226,분당선,선정릉,1673,1766,3439
20211226,분당선,강남구청,2510,3005,5515
20211226,분당선,서울숲,3515,3581,7096
20211226,분당선,야탑,11120,11260,22380
20211226,분당선,수원,4973,4184,9157
20211226,분당선,수서,7712,7096,14808
20211226,분당선,대모산입구,1568,1587,3155
20211226,분당선,개포동,1531,1573,3104
20211226,분당선,구룡,522,599,1121
20211226,분당선,도곡,1964,1955,3919
20211226,분당선,한티,6672,6475,13147
20211226,분당선,선릉,2229,3387,5616
20211226,분당선,서현,13803,13452,27255
20211226,분당선,기흥,4394,4042,8436
20211226,분당선,정자,6200,6471,12671
20211226,분당선,매교,1052,1126,2178
20211226,분당선,수원시청,6580,5845,12425
20211226,분당선,매탄권선,2063,2121,4184
20211226,분당선,망포,5258,5753,11011
20211226,분당선,영통,4162,4058,8220
20211226,분당선,청명,1549,1653,3202
20211226,분당선,상갈,2242,2378,4620
20211226,분당선,수내,5009,4979,9988
20211226,분당선,구성,1873,2053,3926
20211226,분당선,죽전,7404,7860,15264
20211226,분당선,보정,894,868,1762
20211226,분당선,이매,2734,2913,5647
20211226,분당선,오리,4501,3955,8456
20211226,분당선,미금,6119,6607,12726
20211226,분당선,신갈,1540,1667,3207
20211227,분당선,태평,12589,12310,24899
20211227,분당선,가천대,5927,6933,12860
20211227,분당선,선정릉,7668,8148,15816
20211227,분당선,강남구청,9341,10497,19838
20211227,분당선,압구정로데오,17481,18442,35923
20211227,분당선,서울숲,8895,8994,17889
20211227,분당선,수원,7269,6139,13408
20211227,분당선,개포동,3412,3566,6978
20211227,분당선,대모산입구,3967,3712,7679
20211227,분당선,구룡,1903,1819,3722
20211227,분당선,도곡,6412,6502,12914
20211227,분당선,한티,12826,13990,26816
20211227,분당선,선릉,12665,19129,31794
20211227,분당선,모란,17904,17913,35817
20211227,분당선,수서,12794,13272,26066
20211227,분당선,야탑,23386,24529,47915
20211227,분당선,서현,22980,22913,45893
20211227,분당선,매교,2496,2543,5039
20211227,분당선,수내,12247,12052,24299
20211227,분당선,수원시청,11759,12403,24162
20211227,분당선,매탄권선,4530,4317,8847
20211227,분당선,망포,13022,12535,25557
20211227,분당선,영통,7455,7528,14983
20211227,분당선,상갈,4645,4496,9141
20211227,분당선,기흥,8875,8412,17287
20211227,분당선,청명,3791,3653,7444
20211227,분당선,구성,4486,4775,9261
20211227,분당선,죽전,11769,12955,24724
20211227,분당선,보정,2144,1831,3975
20211227,분당선,이매,5102,4673,9775
20211227,분당선,오리,10688,8813,19501
20211227,분당선,미금,14141,14764,28905
20211227,분당선,정자,15292,16074,31366
20211227,분당선,신갈,4113,4109,8222
20211228,분당선,압구정로데오,19749,21183,40932
20211228,분당선,모란,18698,18857,37555
20211228,분당선,태평,12944,12446,25390
20211228,분당선,가천대,11315,11663,22978
20211228,분당선,선정릉,7723,8188,15911
20211228,분당선,강남구청,9925,11187,21112
20211228,분당선,서울숲,9738,9876,19614
20211228,분당선,야탑,24707,25766,50473
20211228,분당선,수서,13130,13584,26714
20211228,분당선,대모산입구,4229,3988,8217
20211228,분당선,개포동,3541,3680,7221
20211228,분당선,구룡,2024,1960,3984
20211228,분당선,도곡,6666,6632,13298
20211228,분당선,한티,13701,14766,28467
20211228,분당선,선릉,13343,19934,33277
20211228,분당선,수원,7542,6465,14007
20211228,분당선,서현,23996,24256,48252
20211228,분당선,매교,2632,2603,5235
20211228,분당선,정자,16279,17230,33509
20211228,분당선,수내,12866,13073,25939
20211228,분당선,수원시청,12163,12795,24958
20211228,분당선,매탄권선,4744,4632,9376
20211228,분당선,망포,13589,12923,26512
20211228,분당선,청명,3898,3763,7661
20211228,분당선,상갈,5038,4872,9910
20211228,분당선,기흥,9023,8697,17720
20211228,분당선,영통,7777,7821,15598
20211228,분당선,구성,4752,5107,9859
20211228,분당선,죽전,12466,13858,26324
20211228,분당선,보정,2301,2039,4340
20211228,분당선,이매,5560,5129,10689
20211228,분당선,오리,11403,9379,20782
20211228,분당선,미금,15068,15849,30917
20211228,분당선,신갈,4350,4280,8630
20211229,분당선,매교,2647,2623,5270
20211229,분당선,미금,15522,16508,32030
20211229,분당선,오리,12111,9870,21981
20211229,분당선,이매,5842,5575,11417
20211229,분당선,보정,2313,2030,4343
20211229,분당선,죽전,12921,14395,27316
20211229,분당선,구성,4851,5096,9947
20211229,분당선,수원시청,12766,13326,26092
20211229,분당선,기흥,9391,8855,18246
20211229,분당선,상갈,5139,4970,10109
20211229,분당선,청명,4006,3843,7849
20211229,분당선,영통,8189,8184,16373
20211229,분당선,망포,13823,13256,27079
20211229,분당선,매탄권선,4852,4731,9583
20211229,분당선,정자,16890,17636,34526
20211229,분당선,신갈,4449,4438,8887
20211229,분당선,수내,13253,13188,26441
20211229,분당선,압구정로데오,20578,21907,42485
20211229,분당선,야탑,25546,26492,52038
20211229,분당선,선릉,13197,19894,33091
20211229,분당선,한티,13740,15043,28783
20211229,분당선,도곡,6362,6375,12737
20211229,분당선,개포동,3595,3806,7401
20211229,분당선,대모산입구,4262,3946,8208
20211229,분당선,수서,13136,13789,26925
20211229,분당선,구룡,1966,1906,3872
20211229,분당선,서울숲,10244,10185,20429
20211229,분당선,강남구청,9862,11378,21240
20211229,분당선,선정릉,7635,8359,15994
20211229,분당선,가천대,6267,7194,13461
20211229,분당선,태평,13450,13034,26484
20211229,분당선,모란,23394,24429,47823
20211229,분당선,수원,7614,6506,14120
20211229,분당선,서현,24705,24986,49691
20211230,분당선,신갈,4269,4163,8432
20211230,분당선,미금,15056,15755,30811
20211230,분당선,오리,11418,9357,20775
20211230,분당선,이매,5354,5005,10359
20211230,분당선,보정,2293,2009,4302
20211230,분당선,죽전,12665,13852,26517
20211230,분당선,구성,4724,4962,9686
20211230,분당선,매교,2672,2685,5357
20211230,분당선,청명,3909,3827,7736
20211230,분당선,영통,8214,8104,16318
20211230,분당선,망포,13582,12647,26229
20211230,분당선,매탄권선,4778,4629,9407
20211230,분당선,수원시청,12526,13140,25666
20211230,분당선,정자,16019,16894,32913
20211230,분당선,선릉,12573,19033,31606
20211230,분당선,상갈,4945,4745,9690
20211230,분당선,수내,12881,12953,25834
20211230,분당선,기흥,9106,8650,17756
20211230,분당선,야탑,24627,25889,50516
20211230,분당선,한티,13912,14659,28571
20211230,분당선,도곡,5983,6029,12012
20211230,분당선,구룡,1740,1725,3465
20211230,분당선,개포동,3256,3391,6647
20211230,분당선,서현,24813,24790,49603
20211230,분당선,수서,12831,13863,26694
20211230,분당선,복정,3,0,3
20211230,분당선,대모산입구,4090,3793,7883
20211230,분당선,서울숲,9928,10134,20062
20211230,분당선,압구정로데오,20571,21781,42352
20211230,분당선,강남구청,9643,10994,20637
20211230,분당선,선정릉,7359,7900,15259
20211230,분당선,가천대,6277,6983,13260
20211230,분당선,태평,13148,12814,25962
20211230,분당선,모란,19493,19313,38806
20211230,분당선,수원,7798,6526,14324
20211231,분당선,정자,14291,15003,29294
20211231,분당선,미금,13945,14413,28358
20211231,분당선,오리,10072,8309,18381
20211231,분당선,이매,5054,4781,9835
20211231,분당선,보정,2023,1799,3822
20211231,분당선,죽전,12070,13148,25218
20211231,분당선,매탄권선,4871,4328,9199
20211231,분당선,신갈,3889,3817,7706
20211231,분당선,기흥,8396,7966,16362
20211231,분당선,상갈,4688,4441,9129
20211231,분당선,청명,3750,3408,7158
20211231,분당선,영통,7971,7745,15716
20211231,분당선,망포,13021,11604,24625
20211231,분당선,수내,11256,11389,22645
20211231,분당선,구성,4196,4626,8822
20211231,분당선,서현,23685,23747,47432
20211231,분당선,서울숲,8545,8503,17048
20211231,분당선,모란,18339,18511,36850
20211231,분당선,수원시청,12190,13675,25865
20211231,분당선,선릉,10099,14935,25034
20211231,분당선,한티,13154,13873,27027
20211231,분당선,도곡,5760,5600,11360
20211231,분당선,구룡,1779,1565,3344
20211231,분당선,개포동,2882,3154,6036
20211231,분당선,야탑,22948,24335,47283
20211231,분당선,대모산입구,3698,3368,7066
20211231,분당선,수원,7978,6804,14782
20211231,분당선,압구정로데오,19150,20297,39447
20211231,분당선,강남구청,8311,9154,17465
20211231,분당선,선정릉,5780,6037,11817
20211231,분당선,가천대,5899,6151,12050
20211231,분당선,태평,12882,12744,25626
20211231,분당선,수서,11993,13705,25698
20211231,분당선,매교,2389,2422,4811
