사용일자,호선명,지하철역,승차총승객수,하차총승객수,승하차총승객수
20210101,우이신설선,북한산우이,1623,1659,3282
20210101,우이신설선,신설동,621,557,1178
20210101,우이신설선,보문,469,448,917
20210101,우이신설선,성신여대입구,987,1146,2133
20210101,우이신설선,북한산보국문,1721,1620,3341
20210101,우이신설선,솔샘,1313,1242,2555
20210101,우이신설선,정릉,1321,1140,2461
20210101,우이신설선,삼양,654,724,1378
20210101,우이신설선,화계,1004,942,1946
20210101,우이신설선,가오리,1179,1148,2327
20210101,우이신설선,4.19민주묘지,964,781,1745
20210101,우이신설선,솔밭공원,746,755,1501
20210101,우이신설선,삼양사거리,786,813,1599
20210102,우이신설선,보문,671,706,1377
20210102,우이신설선,솔샘,2031,1881,3912
20210102,우이신설선,북한산보국문,2442,2264,4706
20210102,우이신설선,정릉,1976,1701,3677
20210102,우이신설선,성신여대입구,1565,1789,3354
20210102,우이신설선,신설동,854,844,1698
20210102,우이신설선,화계,1470,1315,2785
20210102,우이신설선,솔밭공원,1039,1024,2063
20210102,우이신설선,4.19민주묘지,1299,1122,2421
20210102,우이신설선,가오리,1653,1625,3278
20210102,우이신설선,삼양,917,1019,1936
20210102,우이신설선,삼양사거리,1112,1102,2214
20210102,우이신설선,북한산우이,2003,1969,3972
20210103,우이신설선,보문,548,570,1118
20210103,우이신설선,가오리,1367,1211,2578
20210103,우이신설선,4.19민주묘지,1062,928,1990
20210103,우이신설선,솔밭공원,792,770,1562
20210103,우이신설선,신설동,656,625,1281
20210103,우이신설선,성신여대입구,1082,1288,2370
20210103,우이신설선,북한산우이,1530,1718,3248
20210103,우이신설선,북한산보국문,2036,1983,4019
20210103,우이신설선,솔샘,1564,1415,2979
20210103,우이신설선,정릉,1452,1285,2737
20210103,우이신설선,삼양사거리,913,903,1816
20210103,우이신설선,삼양,749,783,1532
20210103,우이신설선,화계,1221,1108,2329
20210104,우이신설선,솔밭공원,1829,1898,3727
20210104,우이신설선,4.19민주묘지,2069,2005,4074
20210104,우이신설선,가오리,3154,3260,6414
20210104,우이신설선,화계,2734,2650,5384
20210104,우이신설선,삼양,1684,1822,3506
20210104,우이신설선,삼양사거리,1940,2016,3956
20210104,우이신설선,북한산우이,1806,1615,3421
20210104,우이신설선,북한산보국문,4440,4520,8960
20210104,우이신설선,정릉,3512,3418,6930
20210104,우이신설선,성신여대입구,2244,2479,4723
20210104,우이신설선,보문,1205,1210,2415
20210104,우이신설선,신설동,1789,1656,3445
20210104,우이신설선,솔샘,4611,4386,8997
20210105,우이신설선,북한산우이,1892,1737,3629
20210105,우이신설선,솔밭공원,1943,1928,3871
20210105,우이신설선,4.19민주묘지,2100,2006,4106
20210105,우이신설선,가오리,3195,3266,6461
20210105,우이신설선,화계,2610,2546,5156
20210105,우이신설선,삼양,1624,1830,3454
20210105,우이신설선,삼양사거리,1889,2003,3892
20210105,우이신설선,북한산보국문,4621,4631,9252
20210105,우이신설선,정릉,3478,3414,6892
20210105,우이신설선,성신여대입구,2383,2562,4945
20210105,우이신설선,보문,1227,1199,2426
20210105,우이신설선,신설동,1759,1679,3438
20210105,우이신설선,솔샘,4635,4476,9111
20210106,우이신설선,삼양,1722,1899,3621
20210106,우이신설선,북한산우이,1703,1555,3258
20210106,우이신설선,솔밭공원,1804,1895,3699
20210106,우이신설선,4.19민주묘지,1964,2095,4059
20210106,우이신설선,화계,2644,2689,5333
20210106,우이신설선,삼양사거리,1889,2020,3909
20210106,우이신설선,가오리,3145,3412,6557
20210106,우이신설선,북한산보국문,4563,5156,9719
20210106,우이신설선,신설동,1818,1696,3514
20210106,우이신설선,보문,1309,1305,2614
20210106,우이신설선,솔샘,4593,4877,9470
20210106,우이신설선,정릉,3601,3781,7382
20210106,우이신설선,성신여대입구,2567,2644,5211
20210107,우이신설선,북한산우이,1642,1464,3106
20210107,우이신설선,솔밭공원,1851,1868,3719
20210107,우이신설선,4.19민주묘지,1911,1932,3843
20210107,우이신설선,가오리,3191,3321,6512
20210107,우이신설선,삼양,1598,1686,3284
20210107,우이신설선,삼양사거리,1751,1862,3613
20210107,우이신설선,화계,2585,2525,5110
20210107,우이신설선,북한산보국문,4806,4713,9519
20210107,우이신설선,정릉,3579,3585,7164
20210107,우이신설선,성신여대입구,2679,2686,5365
20210107,우이신설선,보문,1209,1230,2439
20210107,우이신설선,신설동,1685,1558,3243
20210107,우이신설선,솔샘,4942,4594,9536
20210108,우이신설선,화계,2421,2299,4720
20210108,우이신설선,북한산우이,1473,1203,2676
20210108,우이신설선,솔밭공원,1738,1722,3460
20210108,우이신설선,4.19민주묘지,1815,1859,3674
20210108,우이신설선,가오리,2960,2954,5914
20210108,우이신설선,삼양,1477,1600,3077
20210108,우이신설선,보문,1135,1143,2278
20210108,우이신설선,솔샘,4428,4145,8573
20210108,우이신설선,북한산보국문,4482,4538,9020
20210108,우이신설선,정릉,3265,3207,6472
20210108,우이신설선,성신여대입구,2206,2469,4675
20210108,우이신설선,신설동,1491,1492,2983
20210108,우이신설선,삼양사거리,1601,1697,3298
20210109,우이신설선,삼양,1049,1173,2222
20210109,우이신설선,솔밭공원,1157,1100,2257
20210109,우이신설선,4.19민주묘지,1314,1228,2542
20210109,우이신설선,가오리,1864,1810,3674
20210109,우이신설선,화계,1687,1522,3209
20210109,우이신설선,북한산우이,1345,1337,2682
20210109,우이신설선,삼양사거리,1269,1278,2547
20210109,우이신설선,북한산보국문,2789,2655,5444
20210109,우이신설선,정릉,2190,1960,4150
20210109,우이신설선,성신여대입구,1772,2065,3837
20210109,우이신설선,보문,791,782,1573
20210109,우이신설선,신설동,910,849,1759
20210109,우이신설선,솔샘,2386,2163,4549
20210110,우이신설선,솔밭공원,831,833,1664
20210110,우이신설선,4.19민주묘지,1158,968,2126
20210110,우이신설선,가오리,1404,1340,2744
20210110,우이신설선,화계,1212,1126,2338
20210110,우이신설선,삼양,715,749,1464
20210110,우이신설선,삼양사거리,907,913,1820
20210110,우이신설선,북한산우이,1435,1454,2889
20210110,우이신설선,북한산보국문,2033,1946,3979
20210110,우이신설선,정릉,1517,1344,2861
20210110,우이신설선,성신여대입구,1224,1411,2635
20210110,우이신설선,보문,533,564,1097
20210110,우이신설선,신설동,676,647,1323
20210110,우이신설선,솔샘,1567,1417,2984
20210111,우이신설선,성신여대입구,2430,2615,5045
20210111,우이신설선,보문,1194,1242,2436
20210111,우이신설선,신설동,1790,1657,3447
20210111,우이신설선,북한산우이,1677,1555,3232
20210111,우이신설선,솔밭공원,1891,1884,3775
20210111,우이신설선,4.19민주묘지,2054,2054,4108
20210111,우이신설선,가오리,3145,3230,6375
20210111,우이신설선,삼양,1632,1752,3384
20210111,우이신설선,삼양사거리,1914,1969,3883
20210111,우이신설선,솔샘,4729,4490,9219
20210111,우이신설선,북한산보국문,4600,4683,9283
20210111,우이신설선,정릉,3523,3416,6939
20210111,우이신설선,화계,2619,2535,5154
20210112,우이신설선,화계,2767,2970,5737
20210112,우이신설선,북한산우이,1814,1785,3599
20210112,우이신설선,솔밭공원,1998,2090,4088
20210112,우이신설선,4.19민주묘지,2239,2288,4527
20210112,우이신설선,가오리,3340,3759,7099
20210112,우이신설선,삼양,1706,2023,3729
20210112,우이신설선,성신여대입구,2833,3040,5873
20210112,우이신설선,솔샘,4908,5310,10218
20210112,우이신설선,북한산보국문,4997,5545,10542
20210112,우이신설선,정릉,3754,4238,7992
20210112,우이신설선,삼양사거리,2112,2246,4358
20210112,우이신설선,보문,1412,1435,2847
20210112,우이신설선,신설동,2054,1722,3776
20210113,우이신설선,신설동,1813,1729,3542
20210113,우이신설선,보문,1199,1293,2492
20210113,우이신설선,성신여대입구,2436,2715,5151
20210113,우이신설선,정릉,3940,3701,7641
20210113,우이신설선,북한산보국문,5170,4908,10078
20210113,우이신설선,솔샘,5101,4704,9805
20210113,우이신설선,삼양사거리,1932,2038,3970
20210113,우이신설선,삼양,1735,1847,3582
20210113,우이신설선,화계,2771,2580,5351
20210113,우이신설선,가오리,3425,3375,6800
20210113,우이신설선,4.19민주묘지,2218,2185,4403
20210113,우이신설선,솔밭공원,1983,2021,4004
20210113,우이신설선,북한산우이,2370,2157,4527
20210114,우이신설선,보문,1285,1293,2578
20210114,우이신설선,성신여대입구,2488,2794,5282
20210114,우이신설선,정릉,3756,3621,7377
20210114,우이신설선,북한산보국문,4821,4767,9588
20210114,우이신설선,솔샘,4855,4624,9479
20210114,우이신설선,삼양사거리,1985,2096,4081
20210114,우이신설선,신설동,1839,1800,3639
20210114,우이신설선,화계,2792,2644,5436
20210114,우이신설선,가오리,3364,3467,6831
20210114,우이신설선,4.19민주묘지,2200,2158,4358
20210114,우이신설선,솔밭공원,1965,2009,3974
20210114,우이신설선,북한산우이,2031,1881,3912
20210114,우이신설선,삼양,1759,1852,3611
20210115,우이신설선,삼양,1685,1842,3527
20210115,우이신설선,화계,2726,2595,5321
20210115,우이신설선,가오리,3257,3289,6546
20210115,우이신설선,4.19민주묘지,2194,2129,4323
20210115,우이신설선,솔밭공원,1995,1920,3915
20210115,우이신설선,북한산우이,1857,1699,3556
20210115,우이신설선,삼양사거리,1913,1980,3893
20210115,우이신설선,북한산보국문,4747,4684,9431
20210115,우이신설선,솔샘,4699,4438,9137
20210115,우이신설선,신설동,1791,1695,3486
20210115,우이신설선,보문,1200,1230,2430
20210115,우이신설선,성신여대입구,2476,2722,5198
20210115,우이신설선,정릉,3761,3486,7247
20210116,우이신설선,신설동,1156,1053,2209
20210116,우이신설선,보문,878,913,1791
20210116,우이신설선,성신여대입구,1979,2334,4313
20210116,우이신설선,정릉,2640,2380,5020
20210116,우이신설선,북한산보국문,3338,3205,6543
20210116,우이신설선,솔샘,2827,2528,5355
20210116,우이신설선,삼양사거리,1488,1468,2956
20210116,우이신설선,화계,1813,1723,3536
20210116,우이신설선,가오리,2196,2192,4388
20210116,우이신설선,4.19민주묘지,1613,1506,3119
20210116,우이신설선,솔밭공원,1341,1284,2625
20210116,우이신설선,북한산우이,1980,1921,3901
20210116,우이신설선,삼양,1213,1359,2572
20210117,우이신설선,삼양,886,875,1761
20210117,우이신설선,솔밭공원,1023,1005,2028
20210117,우이신설선,4.19민주묘지,2082,1862,3944
20210117,우이신설선,가오리,1548,1499,3047
20210117,우이신설선,화계,1306,1234,2540
20210117,우이신설선,삼양사거리,978,1029,2007
20210117,우이신설선,북한산우이,1741,1718,3459
20210117,우이신설선,북한산보국문,2375,2325,4700
20210117,우이신설선,신설동,775,767,1542
20210117,우이신설선,보문,679,641,1320
20210117,우이신설선,솔샘,1808,1711,3519
20210117,우이신설선,정릉,1825,1597,3422
20210117,우이신설선,성신여대입구,1491,1646,3137
20210118,우이신설선,솔밭공원,2008,2002,4010
20210118,우이신설선,4.19민주묘지,2144,2160,4304
20210118,우이신설선,가오리,3459,3554,7013
20210118,우이신설선,화계,2745,2648,5393
20210118,우이신설선,삼양,1738,1843,3581
20210118,우이신설선,삼양사거리,1985,2091,4076
20210118,우이신설선,북한산우이,1770,1539,3309
20210118,우이신설선,북한산보국문,5125,5035,10160
20210118,우이신설선,정릉,3797,3736,7533
20210118,우이신설선,성신여대입구,2588,2899,5487
20210118,우이신설선,보문,1256,1297,2553
20210118,우이신설선,신설동,1844,1771,3615
20210118,우이신설선,솔샘,5186,4874,10060
20210119,우이신설선,신설동,1923,1801,3724
20210119,우이신설선,보문,1238,1256,2494
20210119,우이신설선,성신여대입구,2636,2873,5509
20210119,우이신설선,북한산보국문,4909,4890,9799
20210119,우이신설선,솔샘,4886,4650,9536
20210119,우이신설선,삼양사거리,1923,2077,4000
20210119,우이신설선,삼양,1746,1840,3586
20210119,우이신설선,가오리,3341,3416,6757
20210119,우이신설선,4.19민주묘지,2227,2196,4423
20210119,우이신설선,솔밭공원,2035,2048,4083
20210119,우이신설선,정릉,3721,3630,7351
20210119,우이신설선,화계,2811,2704,5515
20210119,우이신설선,북한산우이,1799,1626,3425
20210120,우이신설선,북한산우이,2076,1889,3965
20210120,우이신설선,삼양,1817,1908,3725
20210120,우이신설선,솔밭공원,2091,2120,4211
20210120,우이신설선,4.19민주묘지,2429,2410,4839
20210120,우이신설선,가오리,3627,3654,7281
20210120,우이신설선,화계,2951,2952,5903
20210120,우이신설선,삼양사거리,2100,2193,4293
20210120,우이신설선,북한산보국문,5250,5247,10497
20210120,우이신설선,정릉,3954,3726,7680
20210120,우이신설선,성신여대입구,2809,3029,5838
20210120,우이신설선,보문,1315,1285,2600
20210120,우이신설선,신설동,2037,1926,3963
20210120,우이신설선,솔샘,5047,4853,9900
20210121,우이신설선,솔밭공원,2026,2052,4078
20210121,우이신설선,4.19민주묘지,2322,2317,4639
20210121,우이신설선,가오리,3482,3567,7049
20210121,우이신설선,화계,2885,2743,5628
20210121,우이신설선,삼양,1817,1966,3783
20210121,우이신설선,삼양사거리,1995,2165,4160
20210121,우이신설선,북한산우이,1960,1715,3675
20210121,우이신설선,북한산보국문,5055,5114,10169
20210121,우이신설선,정릉,3782,3772,7554
20210121,우이신설선,성신여대입구,2647,2889,5536
20210121,우이신설선,보문,1314,1386,2700
20210121,우이신설선,신설동,1903,1833,3736
20210121,우이신설선,솔샘,4925,4761,9686
20210122,우이신설선,북한산우이,1902,1691,3593
20210122,우이신설선,솔밭공원,2026,1944,3970
20210122,우이신설선,4.19민주묘지,2527,2394,4921
20210122,우이신설선,가오리,3532,3493,7025
20210122,우이신설선,화계,2943,2748,5691
20210122,우이신설선,삼양,1854,1985,3839
20210122,우이신설선,삼양사거리,2168,2202,4370
20210122,우이신설선,북한산보국문,5213,4988,10201
20210122,우이신설선,정릉,4003,3790,7793
20210122,우이신설선,성신여대입구,2783,3114,5897
20210122,우이신설선,보문,1357,1327,2684
20210122,우이신설선,신설동,1985,1920,3905
20210122,우이신설선,솔샘,4976,4622,9598
20210123,우이신설선,솔샘,2940,2672,5612
20210123,우이신설선,신설동,1378,1251,2629
20210123,우이신설선,보문,945,924,1869
20210123,우이신설선,성신여대입구,2196,2602,4798
20210123,우이신설선,북한산보국문,3741,3411,7152
20210123,우이신설선,삼양사거리,1589,1580,3169
20210123,우이신설선,정릉,2812,2406,5218
20210123,우이신설선,화계,2019,1898,3917
20210123,우이신설선,가오리,2407,2269,4676
20210123,우이신설선,삼양,1304,1353,2657
20210123,우이신설선,4.19민주묘지,1864,1613,3477
20210123,우이신설선,솔밭공원,1488,1407,2895
20210123,우이신설선,북한산우이,2159,2252,4411
20210124,우이신설선,신설동,908,915,1823
20210124,우이신설선,보문,693,742,1435
20210124,우이신설선,성신여대입구,1602,1805,3407
20210124,우이신설선,정릉,2055,1822,3877
20210124,우이신설선,북한산보국문,2775,2461,5236
20210124,우이신설선,솔샘,2014,1901,3915
20210124,우이신설선,삼양사거리,1195,1179,2374
20210124,우이신설선,삼양,969,956,1925
20210124,우이신설선,화계,1595,1491,3086
20210124,우이신설선,가오리,1854,1755,3609
20210124,우이신설선,4.19민주묘지,1538,1298,2836
20210124,우이신설선,솔밭공원,1054,1076,2130
20210124,우이신설선,북한산우이,2218,2461,4679
20210125,우이신설선,보문,1360,1330,2690
20210125,우이신설선,성신여대입구,2768,3049,5817
20210125,우이신설선,정릉,4069,3900,7969
20210125,우이신설선,북한산보국문,5199,5136,10335
20210125,우이신설선,솔샘,5070,4819,9889
20210125,우이신설선,삼양사거리,2192,2330,4522
20210125,우이신설선,신설동,2106,1991,4097
20210125,우이신설선,화계,3077,2916,5993
20210125,우이신설선,가오리,3656,3738,7394
20210125,우이신설선,4.19민주묘지,2408,2285,4693
20210125,우이신설선,솔밭공원,2146,2134,4280
20210125,우이신설선,북한산우이,2087,1927,4014
20210125,우이신설선,삼양,1876,2009,3885
20210126,우이신설선,보문,1294,1307,2601
20210126,우이신설선,성신여대입구,2685,2915,5600
20210126,우이신설선,정릉,3835,3721,7556
20210126,우이신설선,북한산보국문,4987,4970,9957
20210126,우이신설선,솔샘,5026,4881,9907
20210126,우이신설선,삼양사거리,2102,2200,4302
20210126,우이신설선,신설동,1924,1858,3782
20210126,우이신설선,화계,2842,2783,5625
20210126,우이신설선,가오리,3538,3572,7110
20210126,우이신설선,4.19민주묘지,2264,2205,4469
20210126,우이신설선,솔밭공원,2087,2049,4136
20210126,우이신설선,북한산우이,1812,1678,3490
20210126,우이신설선,삼양,1794,1938,3732
20210127,우이신설선,신설동,2075,1981,4056
20210127,우이신설선,보문,1323,1310,2633
20210127,우이신설선,성신여대입구,2746,3050,5796
20210127,우이신설선,정릉,4071,3855,7926
20210127,우이신설선,북한산보국문,5250,5181,10431
20210127,우이신설선,솔샘,5260,4994,10254
20210127,우이신설선,삼양사거리,2089,2242,4331
20210127,우이신설선,화계,3024,2919,5943
20210127,우이신설선,가오리,3625,3617,7242
20210127,우이신설선,4.19민주묘지,2501,2348,4849
20210127,우이신설선,솔밭공원,2179,2189,4368
20210127,우이신설선,북한산우이,2204,2071,4275
20210127,우이신설선,삼양,1874,2006,3880
20210128,우이신설선,솔샘,5224,5016,10240
20210128,우이신설선,보문,1274,1295,2569
20210128,우이신설선,성신여대입구,2846,2990,5836
20210128,우이신설선,정릉,3904,3790,7694
20210128,우이신설선,북한산보국문,5209,5205,10414
20210128,우이신설선,삼양사거리,1951,2072,4023
20210128,우이신설선,신설동,1926,1857,3783
20210128,우이신설선,화계,2825,2704,5529
20210128,우이신설선,북한산우이,1748,1572,3320
20210128,우이신설선,솔밭공원,1996,2016,4012
20210128,우이신설선,삼양,1694,1868,3562
20210128,우이신설선,가오리,3431,3546,6977
20210128,우이신설선,4.19민주묘지,2224,2213,4437
20210129,우이신설선,보문,1295,1284,2579
20210129,우이신설선,성신여대입구,2775,2997,5772
20210129,우이신설선,정릉,3856,3649,7505
20210129,우이신설선,북한산보국문,5017,4962,9979
20210129,우이신설선,솔샘,4950,4597,9547
20210129,우이신설선,삼양사거리,2006,2030,4036
20210129,우이신설선,신설동,1920,1826,3746
20210129,우이신설선,화계,2762,2641,5403
20210129,우이신설선,가오리,3418,3451,6869
20210129,우이신설선,4.19민주묘지,2152,2082,4234
20210129,우이신설선,솔밭공원,2018,2016,4034
20210129,우이신설선,북한산우이,1690,1477,3167
20210129,우이신설선,삼양,1745,1902,3647
20210130,우이신설선,신설동,1243,1185,2428
20210130,우이신설선,보문,936,946,1882
20210130,우이신설선,성신여대입구,2255,2603,4858
20210130,우이신설선,정릉,2837,2347,5184
20210130,우이신설선,북한산보국문,3792,3525,7317
20210130,우이신설선,솔샘,3020,2764,5784
20210130,우이신설선,삼양사거리,1564,1550,3114
20210130,우이신설선,화계,2017,1910,3927
20210130,우이신설선,가오리,2398,2277,4675
20210130,우이신설선,4.19민주묘지,1788,1578,3366
20210130,우이신설선,북한산우이,1980,2029,4009
20210130,우이신설선,삼양,1298,1434,2732
20210130,우이신설선,솔밭공원,1488,1390,2878
20210131,우이신설선,신설동,966,977,1943
20210131,우이신설선,솔샘,2149,1995,4144
20210131,우이신설선,보문,756,717,1473
20210131,우이신설선,성신여대입구,1634,1877,3511
20210131,우이신설선,정릉,2073,1762,3835
20210131,우이신설선,북한산보국문,2728,2560,5288
20210131,우이신설선,삼양사거리,1227,1146,2373
20210131,우이신설선,화계,1553,1504,3057
20210131,우이신설선,가오리,1849,1768,3617
20210131,우이신설선,4.19민주묘지,1524,1321,2845
20210131,우이신설선,솔밭공원,1108,1114,2222
20210131,우이신설선,북한산우이,2002,2181,4183
20210131,우이신설선,삼양,1002,1029,2031
20210201,우이신설선,솔밭공원,2187,2138,4325
20210201,우이신설선,4.19민주묘지,2388,2412,4800
20210201,우이신설선,가오리,3807,3824,7631
20210201,우이신설선,화계,3073,2957,6030
20210201,우이신설선,삼양,1905,2115,4020
20210201,우이신설선,삼양사거리,2212,2260,4472
20210201,우이신설선,북한산우이,1994,1726,3720
20210201,우이신설선,북한산보국문,5197,5178,10375
20210201,우이신설선,정릉,3961,3878,7839
20210201,우이신설선,성신여대입구,2779,3040,5819
20210201,우이신설선,보문,1366,1397,2763
20210201,우이신설선,신설동,2056,1993,4049
20210201,우이신설선,솔샘,5221,5014,10235
20210202,우이신설선,북한산우이,1967,1793,3760
20210202,우이신설선,솔밭공원,2098,2070,4168
20210202,우이신설선,4.19민주묘지,2267,2196,4463
20210202,우이신설선,가오리,3537,3664,7201
20210202,우이신설선,화계,2944,2839,5783
20210202,우이신설선,삼양,1790,1932,3722
20210202,우이신설선,삼양사거리,2122,2212,4334
20210202,우이신설선,북한산보국문,5191,5224,10415
20210202,우이신설선,정릉,4012,3841,7853
20210202,우이신설선,성신여대입구,2731,2950,5681
20210202,우이신설선,보문,1345,1351,2696
20210202,우이신설선,신설동,2002,1950,3952
20210202,우이신설선,솔샘,5255,5030,10285
20210203,우이신설선,솔샘,5358,5237,10595
20210203,우이신설선,보문,1462,1464,2926
20210203,우이신설선,성신여대입구,2992,3165,6157
20210203,우이신설선,정릉,4213,4164,8377
20210203,우이신설선,북한산보국문,5626,5668,11294
20210203,우이신설선,삼양사거리,2244,2364,4608
20210203,우이신설선,신설동,2127,2040,4167
20210203,우이신설선,화계,3168,3108,6276
20210203,우이신설선,북한산우이,2603,2387,4990
20210203,우이신설선,솔밭공원,2175,2158,4333
20210203,우이신설선,삼양,1948,2101,4049
20210203,우이신설선,가오리,3754,3840,7594
20210203,우이신설선,4.19민주묘지,2500,2465,4965
20210204,우이신설선,신설동,2003,2008,4011
20210204,우이신설선,보문,1373,1361,2734
20210204,우이신설선,성신여대입구,2792,3137,5929
20210204,우이신설선,정릉,4087,3895,7982
20210204,우이신설선,솔샘,5404,5060,10464
20210204,우이신설선,삼양사거리,2105,2133,4238
20210204,우이신설선,북한산보국문,5395,5286,10681
20210204,우이신설선,화계,2963,2793,5756
20210204,우이신설선,가오리,3812,3728,7540
20210204,우이신설선,4.19민주묘지,2333,2232,4565
20210204,우이신설선,솔밭공원,2172,2115,4287
20210204,우이신설선,북한산우이,1914,1738,3652
20210204,우이신설선,삼양,1757,1859,3616
20210205,우이신설선,화계,3190,2920,6110
20210205,우이신설선,솔밭공원,2277,2169,4446
20210205,우이신설선,북한산우이,2058,1813,3871
20210205,우이신설선,4.19민주묘지,2472,2318,4790
20210205,우이신설선,가오리,3778,3850,7628
20210205,우이신설선,삼양,1941,2099,4040
20210205,우이신설선,보문,1352,1365,2717
20210205,우이신설선,솔샘,5400,5001,10401
20210205,우이신설선,북한산보국문,5581,5388,10969
20210205,우이신설선,정릉,4203,3958,8161
20210205,우이신설선,성신여대입구,2985,3322,6307
20210205,우이신설선,신설동,2179,2055,4234
20210205,우이신설선,삼양사거리,2180,2298,4478
20210206,우이신설선,북한산우이,2193,2190,4383
20210206,우이신설선,솔밭공원,1543,1528,3071
20210206,우이신설선,4.19민주묘지,1826,1601,3427
20210206,우이신설선,가오리,2423,2305,4728
20210206,우이신설선,삼양,1344,1405,2749
20210206,우이신설선,화계,2155,2002,4157
20210206,우이신설선,삼양사거리,1653,1636,3289
20210206,우이신설선,북한산보국문,4220,3746,7966
20210206,우이신설선,정릉,3060,2566,5626
20210206,우이신설선,성신여대입구,2309,2755,5064
20210206,우이신설선,보문,989,1008,1997
20210206,우이신설선,신설동,1282,1198,2480
20210206,우이신설선,솔샘,3228,2905,6133
20210207,우이신설선,솔밭공원,1207,1136,2343
20210207,우이신설선,4.19민주묘지,1517,1373,2890
20210207,우이신설선,가오리,1912,1794,3706
20210207,우이신설선,화계,1646,1537,3183
20210207,우이신설선,삼양,1037,1053,2090
20210207,우이신설선,삼양사거리,1221,1204,2425
20210207,우이신설선,북한산우이,1937,2121,4058
20210207,우이신설선,북한산보국문,2914,2613,5527
20210207,우이신설선,정릉,2105,1813,3918
20210207,우이신설선,성신여대입구,1882,2059,3941
20210207,우이신설선,보문,786,781,1567
20210207,우이신설선,신설동,998,960,1958
20210207,우이신설선,솔샘,2195,2047,4242
20210208,우이신설선,신설동,2051,1974,4025
20210208,우이신설선,보문,1392,1456,2848
20210208,우이신설선,성신여대입구,2841,3134,5975
20210208,우이신설선,정릉,4092,3916,8008
20210208,우이신설선,북한산보국문,5276,5293,10569
20210208,우이신설선,솔샘,5348,5150,10498
20210208,우이신설선,삼양사거리,2238,2295,4533
20210208,우이신설선,화계,3061,2926,5987
20210208,우이신설선,가오리,3723,3776,7499
20210208,우이신설선,4.19민주묘지,2430,2355,4785
20210208,우이신설선,솔밭공원,2220,2161,4381
20210208,우이신설선,북한산우이,2008,1790,3798
20210208,우이신설선,삼양,1841,1987,3828
20210209,우이신설선,삼양,1889,1952,3841
20210209,우이신설선,삼양사거리,2240,2340,4580
20210209,우이신설선,솔샘,5314,5092,10406
20210209,우이신설선,북한산보국문,5301,5136,10437
20210209,우이신설선,정릉,4194,3995,8189
20210209,우이신설선,성신여대입구,2971,3246,6217
20210209,우이신설선,보문,1367,1411,2778
20210209,우이신설선,북한산우이,2078,1860,3938
20210209,우이신설선,화계,3026,2874,5900
20210209,우이신설선,가오리,3703,3798,7501
20210209,우이신설선,신설동,2089,1923,4012
20210209,우이신설선,솔밭공원,2219,2188,4407
20210209,우이신설선,4.19민주묘지,2396,2296,4692
20210210,우이신설선,보문,1426,1387,2813
20210210,우이신설선,성신여대입구,3290,3567,6857
20210210,우이신설선,정릉,4147,3799,7946
20210210,우이신설선,북한산보국문,5177,4890,10067
20210210,우이신설선,솔샘,5108,4712,9820
20210210,우이신설선,삼양사거리,2108,2270,4378
20210210,우이신설선,신설동,2048,1924,3972
20210210,우이신설선,화계,3008,2872,5880
20210210,우이신설선,가오리,3625,3598,7223
20210210,우이신설선,4.19민주묘지,2413,2266,4679
20210210,우이신설선,솔밭공원,2109,2119,4228
20210210,우이신설선,북한산우이,1933,1858,3791
20210210,우이신설선,삼양,1847,2009,3856
20210211,우이신설선,북한산우이,1482,1495,2977
20210211,우이신설선,솔밭공원,1009,951,1960
20210211,우이신설선,신설동,673,719,1392
20210211,우이신설선,보문,624,638,1262
20210211,우이신설선,성신여대입구,1412,1589,3001
20210211,우이신설선,정릉,1830,1539,3369
20210211,우이신설선,북한산보국문,2521,2119,4640
20210211,우이신설선,삼양사거리,977,1024,2001
20210211,우이신설선,삼양,849,944,1793
20210211,우이신설선,화계,1363,1238,2601
20210211,우이신설선,4.19민주묘지,1153,989,2142
20210211,우이신설선,솔샘,1895,1670,3565
20210211,우이신설선,가오리,1675,1634,3309
20210212,우이신설선,신설동,554,511,1065
20210212,우이신설선,솔샘,1590,1405,2995
20210212,우이신설선,보문,542,567,1109
20210212,우이신설선,성신여대입구,944,1104,2048
20210212,우이신설선,정릉,1409,1254,2663
20210212,우이신설선,북한산보국문,1925,1738,3663
20210212,우이신설선,삼양사거리,781,820,1601
20210212,우이신설선,화계,1173,1109,2282
20210212,우이신설선,가오리,1346,1295,2641
20210212,우이신설선,4.19민주묘지,1040,885,1925
20210212,우이신설선,솔밭공원,809,753,1562
20210212,우이신설선,북한산우이,1929,1990,3919
20210212,우이신설선,삼양,669,713,1382
20210213,우이신설선,보문,642,665,1307
20210213,우이신설선,성신여대입구,1531,1970,3501
20210213,우이신설선,정릉,2072,1690,3762
20210213,우이신설선,북한산보국문,2687,2496,5183
20210213,우이신설선,솔샘,2174,1960,4134
20210213,우이신설선,삼양사거리,1109,1084,2193
20210213,우이신설선,신설동,867,788,1655
20210213,우이신설선,화계,1548,1431,2979
20210213,우이신설선,가오리,1894,1718,3612
20210213,우이신설선,4.19민주묘지,1493,1326,2819
20210213,우이신설선,솔밭공원,1130,1089,2219
20210213,우이신설선,북한산우이,2768,2880,5648
20210213,우이신설선,삼양,967,996,1963
20210214,우이신설선,성신여대입구,1704,2000,3704
20210214,우이신설선,정릉,2103,1835,3938
20210214,우이신설선,북한산보국문,2664,2574,5238
20210214,우이신설선,솔샘,2206,2034,4240
20210214,우이신설선,삼양사거리,1167,1135,2302
20210214,우이신설선,삼양,921,929,1850
20210214,우이신설선,화계,1553,1532,3085
20210214,우이신설선,4.19민주묘지,1603,1359,2962
20210214,우이신설선,솔밭공원,1095,1080,2175
20210214,우이신설선,북한산우이,2742,2811,5553
20210214,우이신설선,신설동,902,913,1815
20210214,우이신설선,보문,712,681,1393
20210214,우이신설선,가오리,1832,1687,3519
20210215,우이신설선,솔샘,5139,4913,10052
20210215,우이신설선,신설동,1901,1835,3736
20210215,우이신설선,보문,1273,1389,2662
20210215,우이신설선,성신여대입구,2764,3125,5889
20210215,우이신설선,북한산보국문,5091,5030,10121
20210215,우이신설선,삼양사거리,2156,2239,4395
20210215,우이신설선,정릉,3827,3768,7595
20210215,우이신설선,화계,2912,2761,5673
20210215,우이신설선,북한산우이,1949,1758,3707
20210215,우이신설선,솔밭공원,2029,2030,4059
20210215,우이신설선,삼양,1819,1942,3761
20210215,우이신설선,가오리,3539,3582,7121
20210215,우이신설선,4.19민주묘지,2304,2314,4618
20210216,우이신설선,신설동,1901,1878,3779
20210216,우이신설선,보문,1336,1375,2711
20210216,우이신설선,성신여대입구,2854,3188,6042
20210216,우이신설선,정릉,3962,3887,7849
20210216,우이신설선,솔샘,5322,5153,10475
20210216,우이신설선,삼양사거리,2065,2214,4279
20210216,우이신설선,북한산보국문,5176,5247,10423
20210216,우이신설선,화계,2981,2924,5905
20210216,우이신설선,가오리,3569,3729,7298
20210216,우이신설선,4.19민주묘지,2373,2354,4727
20210216,우이신설선,솔밭공원,2132,2085,4217
20210216,우이신설선,북한산우이,1980,1745,3725
20210216,우이신설선,삼양,1767,1961,3728
20210217,우이신설선,삼양,1684,1880,3564
20210217,우이신설선,정릉,3824,3752,7576
20210217,우이신설선,북한산보국문,5084,5104,10188
20210217,우이신설선,솔샘,5247,5046,10293
20210217,우이신설선,삼양사거리,2010,2130,4140
20210217,우이신설선,화계,2870,2750,5620
20210217,우이신설선,보문,1331,1375,2706
20210217,우이신설선,4.19민주묘지,2379,2370,4749
20210217,우이신설선,솔밭공원,2090,2085,4175
20210217,우이신설선,북한산우이,1838,1622,3460
20210217,우이신설선,신설동,1863,1773,3636
20210217,우이신설선,성신여대입구,2746,3075,5821
20210217,우이신설선,가오리,3502,3602,7104
20210218,우이신설선,정릉,4033,3827,7860
20210218,우이신설선,성신여대입구,2762,3137,5899
20210218,우이신설선,북한산보국문,5161,5167,10328
20210218,우이신설선,신설동,1914,1831,3745
20210218,우이신설선,보문,1312,1368,2680
20210218,우이신설선,솔샘,5338,5015,10353
20210218,우이신설선,삼양사거리,2058,2178,4236
20210218,우이신설선,삼양,1790,1909,3699
20210218,우이신설선,화계,2912,2762,5674
20210218,우이신설선,가오리,3568,3602,7170
20210218,우이신설선,4.19민주묘지,2477,2440,4917
20210218,우이신설선,솔밭공원,2150,2132,4282
20210218,우이신설선,북한산우이,1960,1811,3771
20210219,우이신설선,북한산우이,2220,1948,4168
20210219,우이신설선,솔밭공원,2248,2152,4400
20210219,우이신설선,가오리,3802,3746,7548
20210219,우이신설선,화계,3209,2963,6172
20210219,우이신설선,삼양,1894,2024,3918
20210219,우이신설선,삼양사거리,2312,2305,4617
20210219,우이신설선,4.19민주묘지,2729,2625,5354
20210219,우이신설선,북한산보국문,5537,5348,10885
20210219,우이신설선,정릉,4343,4028,8371
20210219,우이신설선,성신여대입구,3122,3427,6549
20210219,우이신설선,보문,1386,1401,2787
20210219,우이신설선,신설동,2007,2037,4044
20210219,우이신설선,솔샘,5407,4973,10380
20210220,우이신설선,신설동,1407,1338,2745
20210220,우이신설선,보문,1023,1052,2075
20210220,우이신설선,성신여대입구,2499,2925,5424
20210220,우이신설선,정릉,3274,2706,5980
20210220,우이신설선,북한산보국문,4144,3839,7983
20210220,우이신설선,솔샘,3327,2930,6257
20210220,우이신설선,화계,2226,2064,4290
20210220,우이신설선,삼양,1407,1505,2912
20210220,우이신설선,가오리,2624,2542,5166
20210220,우이신설선,4.19민주묘지,2053,1767,3820
20210220,우이신설선,솔밭공원,1556,1560,3116
20210220,우이신설선,북한산우이,3069,3131,6200
20210220,우이신설선,삼양사거리,1753,1828,3581
20210221,우이신설선,가오리,1980,1948,3928
20210221,우이신설선,4.19민주묘지,1788,1561,3349
20210221,우이신설선,화계,1843,1620,3463
20210221,우이신설선,북한산우이,2598,2780,5378
20210221,우이신설선,솔밭공원,1272,1265,2537
20210221,우이신설선,삼양,1102,1143,2245
20210221,우이신설선,보문,794,807,1601
20210221,우이신설선,솔샘,2400,2224,4624
20210221,우이신설선,북한산보국문,3235,2886,6121
20210221,우이신설선,정릉,2278,1962,4240
20210221,우이신설선,성신여대입구,1883,2101,3984
20210221,우이신설선,삼양사거리,1352,1299,2651
20210221,우이신설선,신설동,1099,1068,2167
20210222,우이신설선,신설동,2016,1952,3968
20210222,우이신설선,보문,1333,1372,2705
20210222,우이신설선,성신여대입구,2916,3204,6120
20210222,우이신설선,정릉,4232,3902,8134
20210222,우이신설선,북한산보국문,5415,5348,10763
20210222,우이신설선,솔샘,5406,5232,10638
20210222,우이신설선,삼양사거리,2296,2356,4652
20210222,우이신설선,삼양,1930,2096,4026
20210222,우이신설선,화계,3189,3053,6242
20210222,우이신설선,가오리,3809,3845,7654
20210222,우이신설선,4.19민주묘지,2627,2575,5202
20210222,우이신설선,솔밭공원,2177,2175,4352
20210222,우이신설선,북한산우이,2162,2065,4227
20210223,우이신설선,솔밭공원,2230,2138,4368
20210223,우이신설선,4.19민주묘지,2557,2422,4979
20210223,우이신설선,가오리,3654,3763,7417
20210223,우이신설선,화계,3185,3027,6212
20210223,우이신설선,삼양,1842,1995,3837
20210223,우이신설선,삼양사거리,2167,2244,4411
20210223,우이신설선,북한산우이,2362,2215,4577
20210223,우이신설선,북한산보국문,5538,5429,10967
20210223,우이신설선,정릉,4164,3966,8130
20210223,우이신설선,성신여대입구,3049,3428,6477
20210223,우이신설선,보문,1399,1400,2799
20210223,우이신설선,신설동,2019,1959,3978
20210223,우이신설선,솔샘,5433,5169,10602
20210224,우이신설선,솔밭공원,2212,2117,4329
20210224,우이신설선,4.19민주묘지,2672,2606,5278
20210224,우이신설선,가오리,3748,3731,7479
20210224,우이신설선,화계,3105,3047,6152
20210224,우이신설선,삼양,1954,2130,4084
20210224,우이신설선,삼양사거리,2246,2363,4609
20210224,우이신설선,북한산우이,2394,2148,4542
20210224,우이신설선,북한산보국문,5494,5421,10915
20210224,우이신설선,정릉,4308,4065,8373
20210224,우이신설선,성신여대입구,2966,3257,6223
20210224,우이신설선,보문,1420,1387,2807
20210224,우이신설선,신설동,2014,1981,3995
20210224,우이신설선,솔샘,5564,5230,10794
20210225,우이신설선,신설동,2040,1939,3979
20210225,우이신설선,보문,1381,1397,2778
20210225,우이신설선,성신여대입구,3007,3407,6414
20210225,우이신설선,정릉,4119,4006,8125
20210225,우이신설선,북한산보국문,5431,5309,10740
20210225,우이신설선,솔샘,5471,5169,10640
20210225,우이신설선,삼양사거리,2209,2250,4459
20210225,우이신설선,화계,3025,2881,5906
20210225,우이신설선,가오리,3711,3707,7418
20210225,우이신설선,4.19민주묘지,2550,2484,5034
20210225,우이신설선,솔밭공원,2277,2198,4475
20210225,우이신설선,북한산우이,2224,1974,4198
20210225,우이신설선,삼양,1867,1981,3848
20210226,우이신설선,솔샘,5550,5127,10677
20210226,우이신설선,보문,1338,1412,2750
20210226,우이신설선,성신여대입구,3149,3387,6536
20210226,우이신설선,정릉,4388,4012,8400
20210226,우이신설선,북한산보국문,5878,5539,11417
20210226,우이신설선,삼양사거리,2251,2375,4626
20210226,우이신설선,신설동,2100,2134,4234
20210226,우이신설선,화계,3178,3020,6198
20210226,우이신설선,가오리,3831,3707,7538
20210226,우이신설선,4.19민주묘지,2803,2627,5430
20210226,우이신설선,솔밭공원,2349,2191,4540
20210226,우이신설선,북한산우이,2893,2661,5554
20210226,우이신설선,삼양,1966,2042,4008
20210227,우이신설선,신설동,1354,1276,2630
20210227,우이신설선,보문,1001,989,1990
20210227,우이신설선,북한산보국문,4287,3900,8187
20210227,우이신설선,성신여대입구,2549,2964,5513
20210227,우이신설선,정릉,3249,2748,5997
20210227,우이신설선,솔샘,3523,3215,6738
20210227,우이신설선,솔밭공원,1734,1596,3330
20210227,우이신설선,삼양,1412,1492,2904
20210227,우이신설선,화계,2328,2126,4454
20210227,우이신설선,가오리,2748,2460,5208
20210227,우이신설선,4.19민주묘지,2322,2064,4386
20210227,우이신설선,북한산우이,3094,3150,6244
20210227,우이신설선,삼양사거리,1726,1759,3485
20210228,우이신설선,신설동,1095,1031,2126
20210228,우이신설선,보문,837,858,1695
20210228,우이신설선,성신여대입구,1901,2316,4217
20210228,우이신설선,정릉,2459,2075,4534
20210228,우이신설선,북한산보국문,3549,3200,6749
20210228,우이신설선,솔샘,2626,2368,4994
20210228,우이신설선,삼양사거리,1388,1408,2796
20210228,우이신설선,삼양,1094,1031,2125
20210228,우이신설선,화계,1882,1765,3647
20210228,우이신설선,가오리,2237,2040,4277
20210228,우이신설선,4.19민주묘지,1855,1626,3481
20210228,우이신설선,솔밭공원,1337,1254,2591
20210228,우이신설선,북한산우이,2956,3290,6246
20210301,우이신설선,보문,682,742,1424
20210301,우이신설선,성신여대입구,1706,1938,3644
20210301,우이신설선,정릉,1867,1764,3631
20210301,우이신설선,북한산보국문,2768,2614,5382
20210301,우이신설선,솔샘,2127,1960,4087
20210301,우이신설선,삼양사거리,1055,1106,2161
20210301,우이신설선,신설동,801,766,1567
20210301,우이신설선,화계,1403,1345,2748
20210301,우이신설선,가오리,1692,1696,3388
20210301,우이신설선,4.19민주묘지,1146,1134,2280
20210301,우이신설선,솔밭공원,967,969,1936
20210301,우이신설선,북한산우이,1170,1084,2254
20210301,우이신설선,삼양,863,914,1777
20210302,우이신설선,솔밭공원,2322,2286,4608
20210302,우이신설선,4.19민주묘지,2732,2684,5416
20210302,우이신설선,가오리,3922,3924,7846
20210302,우이신설선,화계,3239,3103,6342
20210302,우이신설선,삼양,1972,2152,4124
20210302,우이신설선,삼양사거리,2324,2471,4795
20210302,우이신설선,북한산우이,2291,2043,4334
20210302,우이신설선,북한산보국문,5686,5604,11290
20210302,우이신설선,정릉,4319,4197,8516
20210302,우이신설선,성신여대입구,3204,3477,6681
20210302,우이신설선,보문,1497,1465,2962
20210302,우이신설선,신설동,2176,2028,4204
20210302,우이신설선,솔샘,5627,5341,10968
20210303,우이신설선,신설동,2104,2024,4128
20210303,우이신설선,보문,1445,1458,2903
20210303,우이신설선,성신여대입구,3099,3397,6496
20210303,우이신설선,정릉,4314,4213,8527
20210303,우이신설선,북한산보국문,5749,5617,11366
20210303,우이신설선,솔샘,5660,5294,10954
20210303,우이신설선,삼양사거리,2333,2418,4751
20210303,우이신설선,화계,3177,3082,6259
20210303,우이신설선,가오리,3900,4006,7906
20210303,우이신설선,4.19민주묘지,2830,2697,5527
20210303,우이신설선,솔밭공원,2307,2264,4571
20210303,우이신설선,북한산우이,2541,2299,4840
20210303,우이신설선,삼양,2031,2131,4162
20210304,우이신설선,솔샘,5597,5210,10807
20210304,우이신설선,보문,1460,1446,2906
20210304,우이신설선,성신여대입구,2990,3297,6287
20210304,우이신설선,정릉,4319,4130,8449
20210304,우이신설선,북한산보국문,5737,5617,11354
20210304,우이신설선,삼양사거리,2321,2379,4700
20210304,우이신설선,신설동,2172,2151,4323
20210304,우이신설선,화계,3226,3048,6274
20210304,우이신설선,북한산우이,2438,2262,4700
20210304,우이신설선,솔밭공원,2282,2309,4591
20210304,우이신설선,삼양,1989,2121,4110
20210304,우이신설선,가오리,3911,3858,7769
20210304,우이신설선,4.19민주묘지,2807,2769,5576
20210305,우이신설선,솔밭공원,2451,2361,4812
20210305,우이신설선,4.19민주묘지,3011,2797,5808
20210305,우이신설선,가오리,4083,3924,8007
20210305,우이신설선,화계,3292,3061,6353
20210305,우이신설선,삼양,1980,2111,4091
20210305,우이신설선,삼양사거리,2432,2396,4828
20210305,우이신설선,북한산우이,2740,2482,5222
20210305,우이신설선,북한산보국문,6167,5780,11947
20210305,우이신설선,정릉,4638,4209,8847
20210305,우이신설선,성신여대입구,3203,3622,6825
20210305,우이신설선,보문,1497,1497,2994
20210305,우이신설선,신설동,2197,2104,4301
20210305,우이신설선,솔샘,5752,5373,11125
20210306,우이신설선,신설동,1405,1318,2723
20210306,우이신설선,보문,1054,1046,2100
20210306,우이신설선,성신여대입구,2707,3092,5799
20210306,우이신설선,정릉,3330,2931,6261
20210306,우이신설선,북한산보국문,4441,4008,8449
20210306,우이신설선,솔샘,3601,3302,6903
20210306,우이신설선,삼양사거리,1754,1731,3485
20210306,우이신설선,화계,2410,2198,4608
20210306,우이신설선,가오리,2742,2537,5279
20210306,우이신설선,4.19민주묘지,2254,1865,4119
20210306,우이신설선,북한산우이,3056,3198,6254
20210306,우이신설선,삼양,1507,1590,3097
20210306,우이신설선,솔밭공원,1696,1692,3388
20210307,우이신설선,북한산우이,2882,2909,5791
20210307,우이신설선,삼양,1184,1182,2366
20210307,우이신설선,솔밭공원,1346,1285,2631
20210307,우이신설선,4.19민주묘지,1793,1617,3410
20210307,우이신설선,가오리,2238,2040,4278
20210307,우이신설선,화계,1856,1760,3616
20210307,우이신설선,삼양사거리,1374,1357,2731
20210307,우이신설선,북한산보국문,3520,3126,6646
20210307,우이신설선,정릉,2458,2203,4661
20210307,우이신설선,성신여대입구,2056,2314,4370
20210307,우이신설선,보문,840,849,1689
20210307,우이신설선,신설동,1135,1154,2289
20210307,우이신설선,솔샘,2550,2346,4896
20210308,우이신설선,보문,1480,1510,2990
20210308,우이신설선,성신여대입구,3003,3301,6304
20210308,우이신설선,정릉,4327,4120,8447
20210308,우이신설선,북한산보국문,5687,5595,11282
20210308,우이신설선,솔샘,5644,5374,11018
20210308,우이신설선,삼양사거리,2389,2436,4825
20210308,우이신설선,신설동,2182,2103,4285
20210308,우이신설선,화계,3251,3052,6303
20210308,우이신설선,가오리,4018,4042,8060
20210308,우이신설선,4.19민주묘지,2848,2786,5634
20210308,우이신설선,솔밭공원,2343,2339,4682
20210308,우이신설선,북한산우이,2533,2331,4864
20210308,우이신설선,삼양,1974,2116,4090
20210309,우이신설선,신설동,2240,2214,4454
20210309,우이신설선,보문,1459,1479,2938
20210309,우이신설선,성신여대입구,3095,3372,6467
20210309,우이신설선,정릉,4340,4125,8465
20210309,우이신설선,북한산보국문,5675,5609,11284
20210309,우이신설선,솔샘,5552,5311,10863
20210309,우이신설선,삼양사거리,2301,2422,4723
20210309,우이신설선,화계,3255,3114,6369
20210309,우이신설선,가오리,3918,3936,7854
20210309,우이신설선,4.19민주묘지,2876,2819,5695
20210309,우이신설선,솔밭공원,2413,2337,4750
20210309,우이신설선,북한산우이,2608,2452,5060
20210309,우이신설선,삼양,1940,2134,4074
20210310,우이신설선,솔샘,5646,5413,11059
20210310,우이신설선,보문,1521,1497,3018
20210310,우이신설선,성신여대입구,2936,3326,6262
20210310,우이신설선,정릉,4400,4224,8624
20210310,우이신설선,북한산보국문,5873,5564,11437
20210310,우이신설선,신설동,2258,2143,4401
20210310,우이신설선,삼양사거리,2348,2426,4774
20210310,우이신설선,화계,3210,3108,6318
20210310,우이신설선,가오리,3957,3916,7873
20210310,우이신설선,4.19민주묘지,2936,2782,5718
20210310,우이신설선,솔밭공원,2433,2368,4801
20210310,우이신설선,북한산우이,2686,2435,5121
20210310,우이신설선,삼양,1975,2077,4052
20210311,우이신설선,신설동,2131,2093,4224
20210311,우이신설선,보문,1462,1490,2952
20210311,우이신설선,성신여대입구,3033,3365,6398
20210311,우이신설선,정릉,4344,4154,8498
20210311,우이신설선,북한산보국문,5797,5543,11340
20210311,우이신설선,솔샘,5659,5167,10826
20210311,우이신설선,삼양사거리,2274,2357,4631
20210311,우이신설선,삼양,1936,2092,4028
20210311,우이신설선,화계,3255,3056,6311
20210311,우이신설선,가오리,3931,3927,7858
20210311,우이신설선,4.19민주묘지,2887,2860,5747
20210311,우이신설선,솔밭공원,2399,2308,4707
20210311,우이신설선,북한산우이,2686,2404,5090
20210312,우이신설선,보문,1496,1489,2985
20210312,우이신설선,성신여대입구,3142,3537,6679
20210312,우이신설선,정릉,4487,4079,8566
20210312,우이신설선,북한산보국문,5907,5529,11436
20210312,우이신설선,솔샘,5712,5262,10974
20210312,우이신설선,삼양사거리,2344,2382,4726
20210312,우이신설선,신설동,2123,2085,4208
20210312,우이신설선,화계,3231,3075,6306
20210312,우이신설선,가오리,3937,3835,7772
20210312,우이신설선,4.19민주묘지,2869,2707,5576
20210312,우이신설선,솔밭공원,2389,2246,4635
20210312,우이신설선,북한산우이,2481,2246,4727
20210312,우이신설선,삼양,1924,2078,4002
20210313,우이신설선,보문,1162,1075,2237
20210313,우이신설선,성신여대입구,2794,3189,5983
20210313,우이신설선,정릉,3441,2915,6356
20210313,우이신설선,북한산보국문,4426,4047,8473
20210313,우이신설선,솔샘,3666,3261,6927
20210313,우이신설선,삼양사거리,1782,1781,3563
20210313,우이신설선,신설동,1488,1451,2939
20210313,우이신설선,화계,2469,2313,4782
20210313,우이신설선,가오리,2838,2683,5521
20210313,우이신설선,4.19민주묘지,2365,2142,4507
20210313,우이신설선,솔밭공원,1794,1667,3461
20210313,우이신설선,북한산우이,4135,4159,8294
20210313,우이신설선,삼양,1500,1579,3079
20210314,우이신설선,북한산우이,2976,3109,6085
20210314,우이신설선,솔밭공원,1353,1278,2631
20210314,우이신설선,4.19민주묘지,1822,1600,3422
20210314,우이신설선,가오리,2201,2095,4296
20210314,우이신설선,화계,1912,1812,3724
20210314,우이신설선,삼양,1097,1127,2224
20210314,우이신설선,삼양사거리,1391,1397,2788
20210314,우이신설선,북한산보국문,3436,3094,6530
20210314,우이신설선,정릉,2525,2205,4730
20210314,우이신설선,성신여대입구,2044,2277,4321
20210314,우이신설선,보문,864,919,1783
20210314,우이신설선,신설동,1173,1130,2303
20210314,우이신설선,솔샘,2589,2392,4981
20210315,우이신설선,성신여대입구,3053,3242,6295
20210315,우이신설선,솔밭공원,2351,2250,4601
20210315,우이신설선,북한산우이,2695,2471,5166
20210315,우이신설선,신설동,2191,2116,4307
20210315,우이신설선,보문,1527,1477,3004
20210315,우이신설선,정릉,4306,4099,8405
20210315,우이신설선,4.19민주묘지,2749,2696,5445
20210315,우이신설선,솔샘,5598,5232,10830
20210315,우이신설선,가오리,3903,3948,7851
20210315,우이신설선,화계,3191,3061,6252
20210315,우이신설선,북한산보국문,5612,5590,11202
20210315,우이신설선,삼양사거리,2266,2358,4624
20210315,우이신설선,삼양,1964,2155,4119
20210316,우이신설선,4.19민주묘지,2847,2809,5656
20210316,우이신설선,가오리,3898,3900,7798
20210316,우이신설선,화계,3140,3048,6188
20210316,우이신설선,삼양,1914,2071,3985
20210316,우이신설선,삼양사거리,2340,2396,4736
20210316,우이신설선,솔샘,5645,5300,10945
20210316,우이신설선,솔밭공원,2349,2281,4630
20210316,우이신설선,정릉,4344,4242,8586
20210316,우이신설선,성신여대입구,3018,3348,6366
20210316,우이신설선,보문,1416,1420,2836
20210316,우이신설선,신설동,2232,2142,4374
20210316,우이신설선,북한산우이,2474,2257,4731
20210316,우이신설선,북한산보국문,5666,5386,11052
20210317,우이신설선,북한산우이,2786,2537,5323
20210317,우이신설선,솔밭공원,2363,2318,4681
20210317,우이신설선,4.19민주묘지,2911,2797,5708
20210317,우이신설선,가오리,3952,3991,7943
20210317,우이신설선,화계,3295,3075,6370
20210317,우이신설선,삼양,1935,2094,4029
20210317,우이신설선,삼양사거리,2342,2439,4781
20210317,우이신설선,북한산보국문,5834,5655,11489
20210317,우이신설선,정릉,4438,4194,8632
20210317,우이신설선,성신여대입구,3092,3262,6354
20210317,우이신설선,신설동,2241,2164,4405
20210317,우이신설선,솔샘,5708,5323,11031
20210317,우이신설선,보문,1467,1496,2963
20210318,우이신설선,북한산우이,2692,2503,5195
20210318,우이신설선,보문,1439,1570,3009
20210318,우이신설선,솔밭공원,2385,2347,4732
20210318,우이신설선,4.19민주묘지,2930,2754,5684
20210318,우이신설선,가오리,3988,3953,7941
20210318,우이신설선,신설동,2196,2176,4372
20210318,우이신설선,성신여대입구,3217,3533,6750
20210318,우이신설선,북한산보국문,5932,5602,11534
20210318,우이신설선,솔샘,5712,5289,11001
20210318,우이신설선,삼양사거리,2279,2338,4617
20210318,우이신설선,삼양,1969,2061,4030
20210318,우이신설선,화계,3347,3110,6457
20210318,우이신설선,정릉,4377,4199,8576
20210319,우이신설선,솔샘,5725,5243,10968
20210319,우이신설선,북한산보국문,6145,5641,11786
20210319,우이신설선,정릉,4630,4183,8813
20210319,우이신설선,성신여대입구,3212,3598,6810
20210319,우이신설선,보문,1511,1503,3014
20210319,우이신설선,신설동,2246,2191,4437
20210319,우이신설선,삼양사거리,2408,2419,4827
20210319,우이신설선,솔밭공원,2443,2312,4755
20210319,우이신설선,4.19민주묘지,3010,2835,5845
20210319,우이신설선,가오리,4087,3952,8039
20210319,우이신설선,화계,3366,3105,6471
20210319,우이신설선,삼양,2014,2152,4166
20210319,우이신설선,북한산우이,2774,2614,5388
20210320,우이신설선,북한산우이,2220,2175,4395
20210320,우이신설선,솔밭공원,1545,1461,3006
20210320,우이신설선,4.19민주묘지,1836,1742,3578
20210320,우이신설선,가오리,2528,2432,4960
20210320,우이신설선,화계,2060,1973,4033
20210320,우이신설선,삼양,1312,1348,2660
20210320,우이신설선,삼양사거리,1563,1588,3151
20210320,우이신설선,북한산보국문,3939,3596,7535
20210320,우이신설선,정릉,3030,2579,5609
20210320,우이신설선,성신여대입구,2514,2870,5384
20210320,우이신설선,보문,999,975,1974
20210320,우이신설선,신설동,1202,1137,2339
20210320,우이신설선,솔샘,3369,2913,6282
20210321,우이신설선,솔샘,2556,2394,4950
20210321,우이신설선,보문,852,852,1704
20210321,우이신설선,성신여대입구,2255,2368,4623
20210321,우이신설선,정릉,2475,2228,4703
20210321,우이신설선,북한산보국문,3561,3231,6792
20210321,우이신설선,삼양사거리,1377,1357,2734
20210321,우이신설선,신설동,1084,1089,2173
20210321,우이신설선,화계,1928,1868,3796
20210321,우이신설선,북한산우이,2977,3109,6086
20210321,우이신설선,솔밭공원,1369,1335,2704
20210321,우이신설선,삼양,1199,1182,2381
20210321,우이신설선,가오리,2212,2147,4359
20210321,우이신설선,4.19민주묘지,1881,1670,3551
20210322,우이신설선,신설동,2153,2066,4219
20210322,우이신설선,보문,1451,1488,2939
20210322,우이신설선,성신여대입구,3136,3356,6492
20210322,우이신설선,정릉,4425,4476,8901
20210322,우이신설선,솔샘,5607,5502,11109
20210322,우이신설선,삼양사거리,2339,2446,4785
20210322,우이신설선,북한산보국문,5697,5938,11635
20210322,우이신설선,화계,3205,3096,6301
20210322,우이신설선,가오리,4009,3949,7958
20210322,우이신설선,4.19민주묘지,2841,2813,5654
20210322,우이신설선,솔밭공원,2362,2250,4612
20210322,우이신설선,북한산우이,2506,2429,4935
20210322,우이신설선,삼양,1956,2142,4098
20210323,우이신설선,북한산보국문,5817,5610,11427
20210323,우이신설선,보문,1462,1511,2973
20210323,우이신설선,성신여대입구,3153,3360,6513
20210323,우이신설선,신설동,2273,2108,4381
20210323,우이신설선,정릉,4421,4260,8681
20210323,우이신설선,솔샘,5643,5362,11005
20210323,우이신설선,솔밭공원,2428,2327,4755
20210323,우이신설선,삼양,1946,2034,3980
20210323,우이신설선,화계,3322,3148,6470
20210323,우이신설선,가오리,3930,3946,7876
20210323,우이신설선,4.19민주묘지,2926,2824,5750
20210323,우이신설선,북한산우이,2686,2517,5203
20210323,우이신설선,삼양사거리,2303,2419,4722
20210324,우이신설선,보문,1456,1513,2969
20210324,우이신설선,신설동,2211,2209,4420
20210324,우이신설선,북한산우이,2738,2568,5306
20210324,우이신설선,솔밭공원,2459,2386,4845
20210324,우이신설선,가오리,4086,4014,8100
20210324,우이신설선,4.19민주묘지,2908,2843,5751
20210324,우이신설선,화계,3373,3151,6524
20210324,우이신설선,삼양사거리,2331,2426,4757
20210324,우이신설선,솔샘,5771,5458,11229
20210324,우이신설선,북한산보국문,6008,5738,11746
20210324,우이신설선,정릉,4393,4236,8629
20210324,우이신설선,성신여대입구,3172,3447,6619
20210324,우이신설선,삼양,1972,2126,4098
20210325,우이신설선,솔밭공원,2499,2491,4990
20210325,우이신설선,4.19민주묘지,3022,2916,5938
20210325,우이신설선,가오리,4061,4066,8127
20210325,우이신설선,화계,3361,3143,6504
20210325,우이신설선,삼양,1982,2138,4120
20210325,우이신설선,삼양사거리,2340,2356,4696
20210325,우이신설선,북한산우이,2696,2538,5234
20210325,우이신설선,북한산보국문,5833,5642,11475
20210325,우이신설선,정릉,4588,4229,8817
20210325,우이신설선,성신여대입구,3273,3457,6730
20210325,우이신설선,보문,1472,1533,3005
20210325,우이신설선,신설동,2209,2183,4392
20210325,우이신설선,솔샘,5741,5351,11092
20210326,우이신설선,북한산우이,2845,2650,5495
20210326,우이신설선,솔밭공원,2440,2257,4697
20210326,우이신설선,4.19민주묘지,3060,2907,5967
20210326,우이신설선,가오리,4151,4004,8155
20210326,우이신설선,화계,3403,3129,6532
20210326,우이신설선,삼양,2088,2212,4300
20210326,우이신설선,삼양사거리,2485,2480,4965
20210326,우이신설선,북한산보국문,6229,5689,11918
20210326,우이신설선,정릉,4786,4295,9081
20210326,우이신설선,성신여대입구,3237,3690,6927
20210326,우이신설선,보문,1531,1509,3040
20210326,우이신설선,신설동,2235,2229,4464
20210326,우이신설선,솔샘,5858,5425,11283
20210327,우이신설선,신설동,1212,1213,2425
20210327,우이신설선,보문,1027,1103,2130
20210327,우이신설선,성신여대입구,2587,2778,5365
20210327,우이신설선,정릉,3026,2620,5646
20210327,우이신설선,북한산보국문,4173,3745,7918
20210327,우이신설선,솔샘,3462,3035,6497
20210327,우이신설선,삼양사거리,1682,1656,3338
20210327,우이신설선,화계,2222,2093,4315
20210327,우이신설선,솔밭공원,1576,1473,3049
20210327,우이신설선,북한산우이,2353,2464,4817
20210327,우이신설선,삼양,1324,1400,2724
20210327,우이신설선,가오리,2668,2575,5243
20210327,우이신설선,4.19민주묘지,2005,1897,3902
20210328,우이신설선,보문,804,837,1641
20210328,우이신설선,성신여대입구,1911,2196,4107
20210328,우이신설선,북한산우이,1812,2031,3843
20210328,우이신설선,북한산보국문,2990,2786,5776
20210328,우이신설선,솔샘,2338,2196,4534
20210328,우이신설선,삼양사거리,1198,1185,2383
20210328,우이신설선,신설동,880,837,1717
20210328,우이신설선,화계,1682,1645,3327
20210328,우이신설선,가오리,1958,1892,3850
20210328,우이신설선,4.19민주묘지,1501,1317,2818
20210328,우이신설선,솔밭공원,1160,1181,2341
20210328,우이신설선,정릉,2174,1878,4052
20210328,우이신설선,삼양,991,910,1901
20210329,우이신설선,신설동,2208,2169,4377
20210329,우이신설선,보문,1421,1410,2831
20210329,우이신설선,성신여대입구,3089,3327,6416
20210329,우이신설선,정릉,4403,4096,8499
20210329,우이신설선,북한산보국문,5674,5544,11218
20210329,우이신설선,솔샘,5604,5359,10963
20210329,우이신설선,삼양사거리,2376,2391,4767
20210329,우이신설선,화계,3266,3087,6353
20210329,우이신설선,가오리,3917,3974,7891
20210329,우이신설선,4.19민주묘지,2778,2751,5529
20210329,우이신설선,북한산우이,2431,2282,4713
20210329,우이신설선,삼양,1976,2180,4156
20210329,우이신설선,솔밭공원,2268,2226,4494
20210330,우이신설선,북한산우이,2860,2637,5497
20210330,우이신설선,삼양,1963,2140,4103
20210330,우이신설선,솔밭공원,2361,2242,4603
20210330,우이신설선,4.19민주묘지,3049,2921,5970
20210330,우이신설선,가오리,3969,3945,7914
20210330,우이신설선,화계,3384,3166,6550
20210330,우이신설선,삼양사거리,2328,2441,4769
20210330,우이신설선,북한산보국문,5948,5702,11650
20210330,우이신설선,정릉,4469,4259,8728
20210330,우이신설선,성신여대입구,3145,3423,6568
20210330,우이신설선,보문,1442,1458,2900
20210330,우이신설선,신설동,2259,2209,4468
20210330,우이신설선,솔샘,5676,5310,10986
20210331,우이신설선,삼양사거리,2342,2335,4677
20210331,우이신설선,삼양,1983,2125,4108
20210331,우이신설선,화계,3342,3087,6429
20210331,우이신설선,가오리,4045,3966,8011
20210331,우이신설선,4.19민주묘지,3094,3001,6095
20210331,우이신설선,솔밭공원,2428,2266,4694
20210331,우이신설선,솔샘,5757,5398,11155
20210331,우이신설선,정릉,4532,4206,8738
20210331,우이신설선,성신여대입구,3161,3417,6578
20210331,우이신설선,보문,1486,1453,2939
20210331,우이신설선,신설동,2206,2189,4395
20210331,우이신설선,북한산우이,2940,2777,5717
20210331,우이신설선,북한산보국문,6023,5594,11617
20210401,우이신설선,북한산우이,2788,2621,5409
20210401,우이신설선,솔밭공원,2474,2338,4812
20210401,우이신설선,4.19민주묘지,3107,2986,6093
20210401,우이신설선,가오리,4007,3943,7950
20210401,우이신설선,화계,3278,3115,6393
20210401,우이신설선,삼양,2031,2196,4227
20210401,우이신설선,삼양사거리,2300,2348,4648
20210401,우이신설선,북한산보국문,5999,5717,11716
20210401,우이신설선,정릉,4586,4202,8788
20210401,우이신설선,성신여대입구,3103,3466,6569
20210401,우이신설선,보문,1480,1461,2941
20210401,우이신설선,신설동,2166,2117,4283
20210401,우이신설선,솔샘,5670,5332,11002
20210402,우이신설선,화계,3435,3169,6604
20210402,우이신설선,북한산우이,2944,2651,5595
20210402,우이신설선,솔밭공원,2468,2234,4702
20210402,우이신설선,4.19민주묘지,3203,3099,6302
20210402,우이신설선,가오리,4121,3979,8100
20210402,우이신설선,삼양,2154,2293,4447
20210402,우이신설선,성신여대입구,3221,3589,6810
20210402,우이신설선,솔샘,5713,5382,11095
20210402,우이신설선,북한산보국문,6235,5716,11951
20210402,우이신설선,정릉,4763,4312,9075
20210402,우이신설선,삼양사거리,2421,2447,4868
20210402,우이신설선,보문,1513,1498,3011
20210402,우이신설선,신설동,2203,2195,4398
20210403,우이신설선,4.19민주묘지,1747,1610,3357
20210403,우이신설선,솔밭공원,1419,1396,2815
20210403,우이신설선,북한산우이,1781,1912,3693
20210403,우이신설선,신설동,1028,1025,2053
20210403,우이신설선,보문,971,1006,1977
20210403,우이신설선,성신여대입구,2343,2708,5051
20210403,우이신설선,정릉,2749,2431,5180
20210403,우이신설선,북한산보국문,3795,3436,7231
20210403,우이신설선,솔샘,3080,2772,5852
20210403,우이신설선,삼양사거리,1544,1498,3042
20210403,우이신설선,삼양,1250,1378,2628
20210403,우이신설선,화계,1971,1909,3880
20210403,우이신설선,가오리,2300,2251,4551
20210404,우이신설선,솔밭공원,1321,1301,2622
20210404,우이신설선,4.19민주묘지,1897,1772,3669
20210404,우이신설선,가오리,2328,2104,4432
20210404,우이신설선,화계,1964,1768,3732
20210404,우이신설선,삼양,1177,1222,2399
20210404,우이신설선,삼양사거리,1395,1370,2765
20210404,우이신설선,북한산우이,2631,2846,5477
20210404,우이신설선,북한산보국문,3457,3196,6653
20210404,우이신설선,정릉,2531,2172,4703
20210404,우이신설선,성신여대입구,2062,2364,4426
20210404,우이신설선,보문,862,912,1774
20210404,우이신설선,신설동,1122,1167,2289
20210404,우이신설선,솔샘,2551,2332,4883
20210405,우이신설선,솔밭공원,2433,2391,4824
20210405,우이신설선,4.19민주묘지,2932,2897,5829
20210405,우이신설선,가오리,4000,4027,8027
20210405,우이신설선,화계,3270,3124,6394
20210405,우이신설선,삼양,1985,2082,4067
20210405,우이신설선,삼양사거리,2373,2532,4905
20210405,우이신설선,북한산우이,2833,2606,5439
20210405,우이신설선,북한산보국문,5860,5773,11633
20210405,우이신설선,정릉,4450,4178,8628
20210405,우이신설선,성신여대입구,3090,3330,6420
20210405,우이신설선,보문,1456,1469,2925
20210405,우이신설선,신설동,2261,2173,4434
20210405,우이신설선,솔샘,5671,5324,10995
20210406,우이신설선,북한산우이,2862,2680,5542
20210406,우이신설선,솔밭공원,2419,2417,4836
20210406,우이신설선,4.19민주묘지,3042,2890,5932
20210406,우이신설선,가오리,3995,4026,8021
20210406,우이신설선,화계,3264,3097,6361
20210406,우이신설선,삼양,2028,2163,4191
20210406,우이신설선,삼양사거리,2381,2421,4802
20210406,우이신설선,북한산보국문,5987,5738,11725
20210406,우이신설선,정릉,4501,4258,8759
20210406,우이신설선,성신여대입구,3171,3410,6581
20210406,우이신설선,보문,1453,1429,2882
20210406,우이신설선,신설동,2261,2202,4463
20210406,우이신설선,솔샘,5714,5366,11080
20210407,우이신설선,삼양,2003,2150,4153
20210407,우이신설선,솔밭공원,2292,2240,4532
20210407,우이신설선,4.19민주묘지,3060,2908,5968
20210407,우이신설선,가오리,3921,3923,7844
20210407,우이신설선,화계,3248,3083,6331
20210407,우이신설선,삼양사거리,2347,2412,4759
20210407,우이신설선,북한산우이,2817,2658,5475
20210407,우이신설선,북한산보국문,5954,5789,11743
20210407,우이신설선,신설동,2146,2071,4217
20210407,우이신설선,보문,1462,1438,2900
20210407,우이신설선,솔샘,5599,5324,10923
20210407,우이신설선,정릉,4517,4220,8737
20210407,우이신설선,성신여대입구,3065,3369,6434
20210408,우이신설선,보문,1464,1460,2924
20210408,우이신설선,성신여대입구,3140,3446,6586
20210408,우이신설선,정릉,4561,4185,8746
20210408,우이신설선,북한산보국문,5954,5720,11674
20210408,우이신설선,솔샘,5677,5395,11072
20210408,우이신설선,삼양사거리,2375,2393,4768
20210408,우이신설선,신설동,2279,2177,4456
20210408,우이신설선,화계,3312,3122,6434
20210408,우이신설선,가오리,4023,3950,7973
20210408,우이신설선,4.19민주묘지,2972,2968,5940
20210408,우이신설선,솔밭공원,2444,2343,4787
20210408,우이신설선,북한산우이,2848,2612,5460
20210408,우이신설선,삼양,1945,2073,4018
20210409,우이신설선,신설동,2256,2191,4447
20210409,우이신설선,보문,1429,1464,2893
20210409,우이신설선,성신여대입구,3210,3619,6829
20210409,우이신설선,정릉,4629,4236,8865
20210409,우이신설선,북한산보국문,6140,5735,11875
20210409,우이신설선,솔샘,5730,5241,10971
20210409,우이신설선,삼양사거리,2404,2528,4932
20210409,우이신설선,화계,3478,3148,6626
20210409,우이신설선,가오리,4073,3903,7976
20210409,우이신설선,4.19민주묘지,3081,2915,5996
20210409,우이신설선,북한산우이,2809,2712,5521
20210409,우이신설선,삼양,2060,2160,4220
20210409,우이신설선,솔밭공원,2456,2334,4790
20210410,우이신설선,북한산우이,3815,3915,7730
20210410,우이신설선,삼양,1539,1638,3177
20210410,우이신설선,솔밭공원,1708,1608,3316
20210410,우이신설선,4.19민주묘지,2410,2131,4541
20210410,우이신설선,가오리,2807,2678,5485
20210410,우이신설선,화계,2449,2289,4738
20210410,우이신설선,삼양사거리,1851,1784,3635
20210410,우이신설선,북한산보국문,5223,4533,9756
20210410,우이신설선,정릉,3506,2877,6383
20210410,우이신설선,성신여대입구,2660,3167,5827
20210410,우이신설선,보문,1060,1035,2095
20210410,우이신설선,신설동,1370,1353,2723
20210410,우이신설선,솔샘,3627,3376,7003
20210411,우이신설선,4.19민주묘지,2086,1791,3877
20210411,우이신설선,솔밭공원,1346,1328,2674
20210411,우이신설선,북한산우이,3423,3686,7109
20210411,우이신설선,신설동,1159,1153,2312
20210411,우이신설선,보문,866,936,1802
20210411,우이신설선,성신여대입구,1972,2199,4171
20210411,우이신설선,가오리,2300,2095,4395
20210411,우이신설선,북한산보국문,3543,3350,6893
20210411,우이신설선,솔샘,2603,2418,5021
20210411,우이신설선,삼양사거리,1475,1461,2936
20210411,우이신설선,삼양,1158,1166,2324
20210411,우이신설선,화계,1948,1852,3800
20210411,우이신설선,정릉,2467,2152,4619
20210412,우이신설선,신설동,2113,2094,4207
20210412,우이신설선,보문,1423,1469,2892
20210412,우이신설선,성신여대입구,2896,3108,6004
20210412,우이신설선,정릉,4080,3986,8066
20210412,우이신설선,북한산보국문,5369,5393,10762
20210412,우이신설선,솔샘,5365,5167,10532
20210412,우이신설선,삼양사거리,2279,2405,4684
20210412,우이신설선,화계,3160,3093,6253
20210412,우이신설선,가오리,3832,3958,7790
20210412,우이신설선,4.19민주묘지,2591,2668,5259
20210412,우이신설선,솔밭공원,2234,2262,4496
20210412,우이신설선,북한산우이,3025,2767,5792
20210412,우이신설선,삼양,1882,2096,3978
20210413,우이신설선,북한산보국문,5802,5685,11487
20210413,우이신설선,신설동,2172,2110,4282
20210413,우이신설선,보문,1436,1517,2953
20210413,우이신설선,성신여대입구,3104,3359,6463
20210413,우이신설선,정릉,4381,4083,8464
20210413,우이신설선,솔샘,5497,5180,10677
20210413,우이신설선,삼양사거리,2377,2460,4837
20210413,우이신설선,삼양,1946,2083,4029
20210413,우이신설선,화계,3275,3115,6390
20210413,우이신설선,가오리,3981,3983,7964
20210413,우이신설선,4.19민주묘지,2966,2888,5854
20210413,우이신설선,솔밭공원,2370,2287,4657
20210413,우이신설선,북한산우이,2731,2546,5277
20210414,우이신설선,신설동,2273,2171,4444
20210414,우이신설선,보문,1482,1457,2939
20210414,우이신설선,성신여대입구,3141,3382,6523
20210414,우이신설선,정릉,4416,4205,8621
20210414,우이신설선,북한산보국문,5990,5716,11706
20210414,우이신설선,솔샘,5656,5370,11026
20210414,우이신설선,삼양사거리,2405,2490,4895
20210414,우이신설선,삼양,1967,2143,4110
20210414,우이신설선,화계,3252,3087,6339
20210414,우이신설선,가오리,4026,4011,8037
20210414,우이신설선,4.19민주묘지,2940,2893,5833
20210414,우이신설선,솔밭공원,2383,2351,4734
20210414,우이신설선,북한산우이,3168,2912,6080
20210415,우이신설선,솔밭공원,2443,2346,4789
20210415,우이신설선,4.19민주묘지,3070,2998,6068
20210415,우이신설선,가오리,4076,4104,8180
20210415,우이신설선,화계,3350,3152,6502
20210415,우이신설선,삼양,2025,2211,4236
20210415,우이신설선,삼양사거리,2368,2436,4804
20210415,우이신설선,북한산우이,2882,2679,5561
20210415,우이신설선,북한산보국문,5937,5668,11605
20210415,우이신설선,정릉,4423,4119,8542
20210415,우이신설선,성신여대입구,3010,3291,6301
20210415,우이신설선,보문,1452,1510,2962
20210415,우이신설선,신설동,2235,2178,4413
20210415,우이신설선,솔샘,5649,5315,10964
20210416,우이신설선,화계,3224,2917,6141
20210416,우이신설선,가오리,3994,3845,7839
20210416,우이신설선,4.19민주묘지,2750,2638,5388
20210416,우이신설선,솔밭공원,2258,2178,4436
20210416,우이신설선,북한산우이,2248,2088,4336
20210416,우이신설선,신설동,2059,2013,4072
20210416,우이신설선,삼양,1942,2087,4029
20210416,우이신설선,성신여대입구,3060,3334,6394
20210416,우이신설선,정릉,4361,4077,8438
20210416,우이신설선,북한산보국문,5780,5443,11223
20210416,우이신설선,솔샘,5507,5072,10579
20210416,우이신설선,삼양사거리,2239,2391,4630
20210416,우이신설선,보문,1376,1422,2798
20210417,우이신설선,신설동,1280,1254,2534
20210417,우이신설선,보문,1041,1055,2096
20210417,우이신설선,성신여대입구,2439,2719,5158
20210417,우이신설선,정릉,3204,2783,5987
20210417,우이신설선,북한산보국문,4356,3860,8216
20210417,우이신설선,솔샘,3459,3248,6707
20210417,우이신설선,삼양사거리,1740,1686,3426
20210417,우이신설선,화계,2306,2179,4485
20210417,우이신설선,가오리,2713,2607,5320
20210417,우이신설선,4.19민주묘지,2152,1950,4102
20210417,우이신설선,솔밭공원,1596,1533,3129
20210417,우이신설선,북한산우이,2730,2744,5474
20210417,우이신설선,삼양,1401,1496,2897
20210418,우이신설선,삼양,1180,1203,2383
20210418,우이신설선,솔밭공원,1352,1332,2684
20210418,우이신설선,4.19민주묘지,2027,1777,3804
20210418,우이신설선,가오리,2237,2135,4372
20210418,우이신설선,화계,1998,1878,3876
20210418,우이신설선,삼양사거리,1420,1407,2827
20210418,우이신설선,북한산우이,3351,3494,6845
20210418,우이신설선,북한산보국문,3399,3195,6594
20210418,우이신설선,신설동,1161,1144,2305
20210418,우이신설선,보문,907,910,1817
20210418,우이신설선,솔샘,2469,2369,4838
20210418,우이신설선,정릉,2547,2214,4761
20210418,우이신설선,성신여대입구,1931,2116,4047
20210419,우이신설선,북한산우이,2708,2552,5260
20210419,우이신설선,솔밭공원,2372,2341,4713
20210419,우이신설선,4.19민주묘지,2986,2994,5980
20210419,우이신설선,가오리,4075,4045,8120
20210419,우이신설선,화계,3207,3047,6254
20210419,우이신설선,보문,1510,1497,3007
20210419,우이신설선,신설동,2128,2132,4260
20210419,우이신설선,정릉,4324,4032,8356
20210419,우이신설선,북한산보국문,5638,5588,11226
20210419,우이신설선,솔샘,5541,5340,10881
20210419,우이신설선,삼양사거리,2404,2511,4915
20210419,우이신설선,삼양,2008,2112,4120
20210419,우이신설선,성신여대입구,3015,3278,6293
20210420,우이신설선,북한산우이,2960,2726,5686
20210420,우이신설선,솔밭공원,2461,2352,4813
20210420,우이신설선,4.19민주묘지,3055,3014,6069
20210420,우이신설선,가오리,4070,4077,8147
20210420,우이신설선,화계,3367,3180,6547
20210420,우이신설선,삼양,1979,2182,4161
20210420,우이신설선,삼양사거리,2397,2497,4894
20210420,우이신설선,북한산보국문,5836,5563,11399
20210420,우이신설선,정릉,4466,4153,8619
20210420,우이신설선,성신여대입구,3028,3240,6268
20210420,우이신설선,신설동,2187,2159,4346
20210420,우이신설선,솔샘,5568,5368,10936
20210420,우이신설선,보문,1496,1459,2955
20210421,우이신설선,북한산우이,2905,2633,5538
20210421,우이신설선,삼양,1947,2062,4009
20210421,우이신설선,솔밭공원,2435,2339,4774
20210421,우이신설선,4.19민주묘지,3065,2880,5945
20210421,우이신설선,가오리,4071,3943,8014
20210421,우이신설선,화계,3289,3100,6389
20210421,우이신설선,삼양사거리,2371,2428,4799
20210421,우이신설선,북한산보국문,5858,5522,11380
20210421,우이신설선,정릉,4493,4270,8763
20210421,우이신설선,성신여대입구,2893,3319,6212
20210421,우이신설선,보문,1499,1593,3092
20210421,우이신설선,신설동,2234,2261,4495
20210421,우이신설선,솔샘,5655,5308,10963
20210422,우이신설선,솔밭공원,2383,2294,4677
20210422,우이신설선,4.19민주묘지,2970,2936,5906
20210422,우이신설선,가오리,3992,3914,7906
20210422,우이신설선,화계,3284,3181,6465
20210422,우이신설선,삼양,1994,2050,4044
20210422,우이신설선,삼양사거리,2368,2466,4834
20210422,우이신설선,북한산우이,2817,2551,5368
20210422,우이신설선,북한산보국문,5900,5690,11590
20210422,우이신설선,정릉,4360,4099,8459
20210422,우이신설선,성신여대입구,2997,3228,6225
20210422,우이신설선,보문,1447,1447,2894
20210422,우이신설선,신설동,2258,2186,4444
20210422,우이신설선,솔샘,5563,5320,10883
20210423,우이신설선,신설동,2180,2151,4331
20210423,우이신설선,보문,1457,1457,2914
20210423,우이신설선,성신여대입구,3205,3432,6637
20210423,우이신설선,정릉,4560,4146,8706
20210423,우이신설선,북한산보국문,5893,5498,11391
20210423,우이신설선,솔샘,5663,5231,10894
20210423,우이신설선,삼양사거리,2376,2352,4728
20210423,우이신설선,화계,3299,3071,6370
20210423,우이신설선,4.19민주묘지,2916,2711,5627
20210423,우이신설선,솔밭공원,2404,2288,4692
20210423,우이신설선,북한산우이,2712,2493,5205
20210423,우이신설선,가오리,4095,4089,8184
20210423,우이신설선,삼양,1971,2095,4066
20210424,우이신설선,삼양,1439,1568,3007
20210424,우이신설선,솔밭공원,1678,1722,3400
20210424,우이신설선,4.19민주묘지,2332,1918,4250
20210424,우이신설선,가오리,2714,2626,5340
20210424,우이신설선,화계,2355,2153,4508
20210424,우이신설선,삼양사거리,1774,1806,3580
20210424,우이신설선,북한산우이,3388,3441,6829
20210424,우이신설선,북한산보국문,4481,4131,8612
20210424,우이신설선,정릉,3266,2794,6060
20210424,우이신설선,성신여대입구,2552,2941,5493
20210424,우이신설선,보문,1054,1061,2115
20210424,우이신설선,신설동,1392,1346,2738
20210424,우이신설선,솔샘,3451,3118,6569
20210425,우이신설선,솔샘,2472,2479,4951
20210425,우이신설선,삼양사거리,1456,1369,2825
20210425,우이신설선,삼양,1178,1181,2359
20210425,우이신설선,화계,1954,1854,3808
20210425,우이신설선,가오리,2301,2056,4357
20210425,우이신설선,4.19민주묘지,1962,1731,3693
20210425,우이신설선,솔밭공원,1381,1339,2720
20210425,우이신설선,북한산우이,3340,3456,6796
20210425,우이신설선,신설동,1086,1086,2172
20210425,우이신설선,보문,891,808,1699
20210425,우이신설선,성신여대입구,1880,2066,3946
20210425,우이신설선,정릉,2487,2158,4645
20210425,우이신설선,북한산보국문,3529,3212,6741
20210426,우이신설선,신설동,2229,2212,4441
20210426,우이신설선,북한산우이,2905,2773,5678
20210426,우이신설선,솔밭공원,2358,2362,4720
20210426,우이신설선,4.19민주묘지,3075,2955,6030
20210426,우이신설선,가오리,4209,4154,8363
20210426,우이신설선,화계,3361,3130,6491
20210426,우이신설선,보문,1477,1552,3029
20210426,우이신설선,삼양사거리,2380,2502,4882
20210426,우이신설선,솔샘,5629,5455,11084
20210426,우이신설선,북한산보국문,5905,5674,11579
20210426,우이신설선,정릉,4422,4247,8669
20210426,우이신설선,성신여대입구,3089,3367,6456
20210426,우이신설선,삼양,2011,2225,4236
20210427,우이신설선,솔밭공원,2352,2379,4731
20210427,우이신설선,4.19민주묘지,3017,2893,5910
20210427,우이신설선,가오리,3987,3976,7963
20210427,우이신설선,화계,3255,3119,6374
20210427,우이신설선,삼양,1935,2124,4059
20210427,우이신설선,삼양사거리,2293,2423,4716
20210427,우이신설선,북한산우이,2956,2698,5654
20210427,우이신설선,북한산보국문,6029,5850,11879
20210427,우이신설선,정릉,4522,4304,8826
20210427,우이신설선,성신여대입구,3163,3442,6605
20210427,우이신설선,보문,1491,1468,2959
20210427,우이신설선,신설동,2224,2169,4393
20210427,우이신설선,솔샘,5700,5407,11107
20210428,우이신설선,북한산우이,2687,2437,5124
20210428,우이신설선,솔밭공원,2374,2344,4718
20210428,우이신설선,4.19민주묘지,2987,2909,5896
20210428,우이신설선,가오리,4061,4093,8154
20210428,우이신설선,화계,3192,3086,6278
20210428,우이신설선,삼양,1996,2065,4061
20210428,우이신설선,삼양사거리,2366,2515,4881
20210428,우이신설선,북한산보국문,5957,5725,11682
20210428,우이신설선,정릉,4425,4190,8615
20210428,우이신설선,성신여대입구,3126,3477,6603
20210428,우이신설선,보문,1504,1470,2974
20210428,우이신설선,신설동,2229,2150,4379
20210428,우이신설선,솔샘,5752,5486,11238
20210429,우이신설선,솔샘,5700,5486,11186
20210429,우이신설선,보문,1487,1504,2991
20210429,우이신설선,성신여대입구,3200,3511,6711
20210429,우이신설선,정릉,4541,4246,8787
20210429,우이신설선,북한산보국문,6060,5840,11900
20210429,우이신설선,삼양사거리,2313,2474,4787
20210429,우이신설선,신설동,2247,2196,4443
20210429,우이신설선,화계,3282,3141,6423
20210429,우이신설선,북한산우이,2826,2578,5404
20210429,우이신설선,솔밭공원,2542,2389,4931
20210429,우이신설선,삼양,2015,2138,4153
20210429,우이신설선,가오리,4311,4332,8643
20210429,우이신설선,4.19민주묘지,2975,2898,5873
20210430,우이신설선,보문,1503,1495,2998
20210430,우이신설선,성신여대입구,3195,3623,6818
20210430,우이신설선,정릉,4576,4227,8803
20210430,우이신설선,북한산보국문,6152,5771,11923
20210430,우이신설선,솔샘,5718,5286,11004
20210430,우이신설선,삼양사거리,2322,2457,4779
20210430,우이신설선,신설동,2146,2172,4318
20210430,우이신설선,화계,3328,3076,6404
20210430,우이신설선,가오리,4133,4066,8199
20210430,우이신설선,4.19민주묘지,2907,2695,5602
20210430,우이신설선,솔밭공원,2340,2231,4571
20210430,우이신설선,북한산우이,2564,2245,4809
20210430,우이신설선,삼양,1995,2147,4142
20210501,우이신설선,신설동,1103,1103,2206
20210501,우이신설선,보문,1013,1002,2015
20210501,우이신설선,성신여대입구,2419,2816,5235
20210501,우이신설선,정릉,3033,2586,5619
20210501,우이신설선,북한산보국문,4132,3705,7837
20210501,우이신설선,솔샘,3190,2795,5985
20210501,우이신설선,삼양사거리,1622,1556,3178
20210501,우이신설선,화계,2123,1962,4085
20210501,우이신설선,가오리,2392,2365,4757
20210501,우이신설선,4.19민주묘지,1966,1852,3818
20210501,우이신설선,북한산우이,2281,2162,4443
20210501,우이신설선,삼양,1349,1351,2700
20210501,우이신설선,솔밭공원,1526,1470,2996
20210502,우이신설선,신설동,1166,1156,2322
20210502,우이신설선,솔샘,2534,2431,4965
20210502,우이신설선,보문,850,878,1728
20210502,우이신설선,성신여대입구,1969,2417,4386
20210502,우이신설선,정릉,2588,2268,4856
20210502,우이신설선,북한산보국문,3594,3342,6936
20210502,우이신설선,삼양사거리,1415,1391,2806
20210502,우이신설선,화계,2056,1799,3855
20210502,우이신설선,가오리,2194,2060,4254
20210502,우이신설선,4.19민주묘지,2049,1805,3854
20210502,우이신설선,솔밭공원,1399,1309,2708
20210502,우이신설선,북한산우이,3321,3389,6710
20210502,우이신설선,삼양,1230,1276,2506
20210503,우이신설선,보문,1430,1426,2856
20210503,우이신설선,성신여대입구,3250,3511,6761
20210503,우이신설선,정릉,4622,4279,8901
20210503,우이신설선,북한산보국문,5920,5918,11838
20210503,우이신설선,솔샘,5790,5478,11268
20210503,우이신설선,삼양사거리,2468,2512,4980
20210503,우이신설선,신설동,2219,2178,4397
20210503,우이신설선,화계,3268,3135,6403
20210503,우이신설선,가오리,4123,4205,8328
20210503,우이신설선,4.19민주묘지,2971,2886,5857
20210503,우이신설선,솔밭공원,2385,2346,4731
20210503,우이신설선,북한산우이,2874,2697,5571
20210503,우이신설선,삼양,1971,2178,4149
20210504,우이신설선,북한산우이,2267,1980,4247
20210504,우이신설선,솔밭공원,2239,2178,4417
20210504,우이신설선,4.19민주묘지,2700,2645,5345
20210504,우이신설선,가오리,3932,3916,7848
20210504,우이신설선,화계,3071,2905,5976
20210504,우이신설선,삼양,1853,2014,3867
20210504,우이신설선,삼양사거리,2259,2374,4633
20210504,우이신설선,북한산보국문,5709,5559,11268
20210504,우이신설선,정릉,4339,4110,8449
20210504,우이신설선,성신여대입구,3148,3489,6637
20210504,우이신설선,보문,1407,1454,2861
20210504,우이신설선,신설동,2057,2029,4086
20210504,우이신설선,솔샘,5509,5186,10695
20210505,우이신설선,4.19민주묘지,2404,2123,4527
20210505,우이신설선,정릉,3008,2575,5583
20210505,우이신설선,성신여대입구,2515,2926,5441
20210505,우이신설선,보문,989,983,1972
20210505,우이신설선,신설동,1268,1228,2496
20210505,우이신설선,가오리,2663,2455,5118
20210505,우이신설선,북한산보국문,4144,3929,8073
20210505,우이신설선,삼양,1327,1374,2701
20210505,우이신설선,솔샘,3162,2903,6065
20210505,우이신설선,북한산우이,3164,3395,6559
20210505,우이신설선,화계,2282,2036,4318
20210505,우이신설선,삼양사거리,1547,1559,3106
20210505,우이신설선,솔밭공원,1596,1532,3128
20210506,우이신설선,신설동,2233,2155,4388
20210506,우이신설선,보문,1493,1514,3007
20210506,우이신설선,성신여대입구,3144,3453,6597
20210506,우이신설선,정릉,4601,4348,8949
20210506,우이신설선,솔샘,5663,5285,10948
20210506,우이신설선,삼양사거리,2468,2581,5049
20210506,우이신설선,북한산보국문,6121,5904,12025
20210506,우이신설선,북한산우이,2888,2697,5585
20210506,우이신설선,솔밭공원,2508,2407,4915
20210506,우이신설선,4.19민주묘지,3145,2980,6125
20210506,우이신설선,가오리,4026,3990,8016
20210506,우이신설선,화계,3354,3214,6568
20210506,우이신설선,삼양,2021,2156,4177
20210507,우이신설선,북한산보국문,5913,5566,11479
20210507,우이신설선,보문,1497,1515,3012
20210507,우이신설선,신설동,2136,2112,4248
20210507,우이신설선,성신여대입구,3229,3535,6764
20210507,우이신설선,정릉,4534,4246,8780
20210507,우이신설선,솔샘,5505,5133,10638
20210507,우이신설선,솔밭공원,2384,2237,4621
20210507,우이신설선,삼양,1953,2104,4057
20210507,우이신설선,화계,3268,3174,6442
20210507,우이신설선,가오리,3985,3902,7887
20210507,우이신설선,4.19민주묘지,2956,2823,5779
20210507,우이신설선,북한산우이,2487,2174,4661
20210507,우이신설선,삼양사거리,2295,2365,4660
20210508,우이신설선,신설동,1322,1214,2536
20210508,우이신설선,보문,1005,1054,2059
20210508,우이신설선,성신여대입구,2404,2766,5170
20210508,우이신설선,정릉,3229,2771,6000
20210508,우이신설선,솔샘,3196,2999,6195
20210508,우이신설선,북한산보국문,4351,3782,8133
20210508,우이신설선,삼양사거리,1684,1661,3345
20210508,우이신설선,화계,2154,2051,4205
20210508,우이신설선,가오리,2639,2613,5252
20210508,우이신설선,4.19민주묘지,2063,1913,3976
20210508,우이신설선,솔밭공원,1575,1539,3114
20210508,우이신설선,북한산우이,2775,2831,5606
20210508,우이신설선,삼양,1443,1498,2941
20210509,우이신설선,솔밭공원,1360,1293,2653
20210509,우이신설선,4.19민주묘지,2077,1721,3798
20210509,우이신설선,가오리,2335,2138,4473
20210509,우이신설선,화계,2069,1920,3989
20210509,우이신설선,삼양,1216,1210,2426
20210509,우이신설선,삼양사거리,1492,1452,2944
20210509,우이신설선,북한산우이,3387,3721,7108
20210509,우이신설선,북한산보국문,3649,3455,7104
20210509,우이신설선,정릉,2561,2322,4883
20210509,우이신설선,성신여대입구,2001,2310,4311
20210509,우이신설선,보문,920,975,1895
20210509,우이신설선,신설동,1147,1135,2282
20210509,우이신설선,솔샘,2665,2536,5201
20210510,우이신설선,북한산우이,2486,2303,4789
20210510,우이신설선,솔밭공원,2334,2298,4632
20210510,우이신설선,4.19민주묘지,2798,2848,5646
20210510,우이신설선,가오리,3884,3928,7812
20210510,우이신설선,화계,3263,3104,6367
20210510,우이신설선,삼양,2012,2162,4174
20210510,우이신설선,삼양사거리,2385,2493,4878
20210510,우이신설선,북한산보국문,5650,5653,11303
20210510,우이신설선,정릉,4309,4145,8454
20210510,우이신설선,성신여대입구,3017,3336,6353
20210510,우이신설선,보문,1446,1428,2874
20210510,우이신설선,신설동,2127,2024,4151
20210510,우이신설선,솔샘,5584,5281,10865
20210511,우이신설선,신설동,2284,2153,4437
20210511,우이신설선,보문,1518,1514,3032
20210511,우이신설선,성신여대입구,3210,3529,6739
20210511,우이신설선,정릉,4629,4294,8923
20210511,우이신설선,북한산보국문,6063,5913,11976
20210511,우이신설선,솔샘,5768,5560,11328
20210511,우이신설선,삼양사거리,2493,2556,5049
20210511,우이신설선,화계,3400,3200,6600
20210511,우이신설선,북한산우이,3082,2899,5981
20210511,우이신설선,솔밭공원,2467,2424,4891
20210511,우이신설선,삼양,2086,2228,4314
20210511,우이신설선,가오리,4078,4069,8147
20210511,우이신설선,4.19민주묘지,3145,2982,6127
20210512,우이신설선,보문,1551,1545,3096
20210512,우이신설선,성신여대입구,3182,3494,6676
20210512,우이신설선,정릉,4680,4303,8983
20210512,우이신설선,북한산보국문,6237,5963,12200
20210512,우이신설선,솔샘,5797,5487,11284
20210512,우이신설선,삼양사거리,2423,2528,4951
20210512,우이신설선,신설동,2267,2223,4490
20210512,우이신설선,화계,3464,3239,6703
20210512,우이신설선,가오리,4138,4088,8226
20210512,우이신설선,4.19민주묘지,3135,2985,6120
20210512,우이신설선,솔밭공원,2432,2386,4818
20210512,우이신설선,북한산우이,3619,3421,7040
20210512,우이신설선,삼양,2042,2233,4275
20210513,우이신설선,신설동,2241,2177,4418
20210513,우이신설선,보문,1499,1515,3014
20210513,우이신설선,성신여대입구,3210,3583,6793
20210513,우이신설선,정릉,4618,4344,8962
20210513,우이신설선,북한산보국문,6006,5832,11838
20210513,우이신설선,솔샘,5788,5387,11175
20210513,우이신설선,삼양사거리,2362,2471,4833
20210513,우이신설선,화계,3397,3231,6628
20210513,우이신설선,가오리,4012,4072,8084
20210513,우이신설선,4.19민주묘지,3088,2965,6053
20210513,우이신설선,북한산우이,3049,2793,5842
20210513,우이신설선,삼양,2011,2142,4153
20210513,우이신설선,솔밭공원,2458,2366,4824
20210514,우이신설선,신설동,2186,2139,4325
20210514,우이신설선,솔샘,5739,5338,11077
20210514,우이신설선,보문,1486,1511,2997
20210514,우이신설선,성신여대입구,3418,3776,7194
20210514,우이신설선,정릉,4762,4430,9192
20210514,우이신설선,북한산보국문,6320,5846,12166
20210514,우이신설선,삼양사거리,2490,2533,5023
20210514,우이신설선,화계,3510,3170,6680
20210514,우이신설선,가오리,4171,4231,8402
20210514,우이신설선,4.19민주묘지,3143,3001,6144
20210514,우이신설선,솔밭공원,2526,2356,4882
20210514,우이신설선,북한산우이,3239,2911,6150
20210514,우이신설선,삼양,2046,2192,4238
20210515,우이신설선,보문,1139,1099,2238
20210515,우이신설선,성신여대입구,2649,3085,5734
20210515,우이신설선,정릉,3367,2847,6214
20210515,우이신설선,북한산보국문,4350,4046,8396
20210515,우이신설선,솔샘,3368,3144,6512
20210515,우이신설선,삼양사거리,1592,1609,3201
20210515,우이신설선,신설동,1239,1148,2387
20210515,우이신설선,화계,2279,2193,4472
20210515,우이신설선,가오리,2589,2555,5144
20210515,우이신설선,4.19민주묘지,2066,1889,3955
20210515,우이신설선,솔밭공원,1651,1637,3288
20210515,우이신설선,북한산우이,2861,2926,5787
20210515,우이신설선,삼양,1372,1435,2807
20210516,우이신설선,신설동,655,671,1326
20210516,우이신설선,보문,693,773,1466
20210516,우이신설선,성신여대입구,1677,1990,3667
20210516,우이신설선,정릉,1961,1773,3734
20210516,우이신설선,북한산보국문,2800,2610,5410
20210516,우이신설선,솔샘,2061,1915,3976
20210516,우이신설선,삼양사거리,1074,1081,2155
20210516,우이신설선,화계,1484,1383,2867
20210516,우이신설선,가오리,1740,1723,3463
20210516,우이신설선,4.19민주묘지,1360,1286,2646
20210516,우이신설선,솔밭공원,1008,961,1969
20210516,우이신설선,북한산우이,1392,1421,2813
20210516,우이신설선,삼양,907,963,1870
20210517,우이신설선,솔샘,5647,5210,10857
20210517,우이신설선,보문,1437,1443,2880
20210517,우이신설선,성신여대입구,2951,3169,6120
20210517,우이신설선,정릉,4341,4047,8388
20210517,우이신설선,북한산보국문,5624,5639,11263
20210517,우이신설선,삼양사거리,2272,2396,4668
20210517,우이신설선,신설동,2031,2051,4082
20210517,우이신설선,화계,3240,3069,6309
20210517,우이신설선,북한산우이,2509,2293,4802
20210517,우이신설선,솔밭공원,2229,2139,4368
20210517,우이신설선,삼양,2004,2120,4124
20210517,우이신설선,가오리,3938,3918,7856
20210517,우이신설선,4.19민주묘지,2614,2616,5230
20210518,우이신설선,북한산우이,3507,3293,6800
20210518,우이신설선,솔밭공원,2539,2400,4939
20210518,우이신설선,4.19민주묘지,3143,3154,6297
20210518,우이신설선,가오리,4144,4009,8153
20210518,우이신설선,삼양,2075,2188,4263
20210518,우이신설선,삼양사거리,2491,2559,5050
20210518,우이신설선,화계,3598,3305,6903
20210518,우이신설선,북한산보국문,6254,5919,12173
20210518,우이신설선,정릉,4761,4345,9106
20210518,우이신설선,성신여대입구,3241,3593,6834
20210518,우이신설선,보문,1532,1532,3064
20210518,우이신설선,신설동,2229,2220,4449
20210518,우이신설선,솔샘,5791,5360,11151
20210519,우이신설선,화계,3231,2883,6114
20210519,우이신설선,북한산우이,6800,6907,13707
20210519,우이신설선,솔밭공원,1777,1846,3623
20210519,우이신설선,4.19민주묘지,2815,2424,5239
20210519,우이신설선,가오리,2854,2698,5552
20210519,우이신설선,삼양,1524,1642,3166
20210519,우이신설선,보문,1255,1329,2584
20210519,우이신설선,솔샘,3417,3173,6590
20210519,우이신설선,북한산보국문,4544,4207,8751
20210519,우이신설선,정릉,3369,2864,6233
20210519,우이신설선,성신여대입구,2691,3068,5759
20210519,우이신설선,신설동,1453,1410,2863
20210519,우이신설선,삼양사거리,1801,1732,3533
20210520,우이신설선,솔샘,5594,5344,10938
20210520,우이신설선,4.19민주묘지,2888,2842,5730
20210520,우이신설선,가오리,4012,4081,8093
20210520,우이신설선,화계,3259,3098,6357
20210520,우이신설선,삼양,2018,2138,4156
20210520,우이신설선,북한산보국문,5814,5679,11493
20210520,우이신설선,삼양사거리,2357,2438,4795
20210520,우이신설선,성신여대입구,3106,3442,6548
20210520,우이신설선,정릉,4482,4219,8701
20210520,우이신설선,보문,1471,1487,2958
20210520,우이신설선,신설동,2160,2077,4237
20210520,우이신설선,솔밭공원,2355,2360,4715
20210520,우이신설선,북한산우이,2513,2274,4787
20210521,우이신설선,솔샘,5860,5288,11148
20210521,우이신설선,북한산보국문,6075,5764,11839
20210521,우이신설선,정릉,4657,4278,8935
20210521,우이신설선,성신여대입구,3134,3491,6625
20210521,우이신설선,보문,1448,1496,2944
20210521,우이신설선,신설동,2186,2130,4316
20210521,우이신설선,삼양사거리,2424,2469,4893
20210521,우이신설선,솔밭공원,2469,2283,4752
20210521,우이신설선,4.19민주묘지,2890,2787,5677
20210521,우이신설선,가오리,4276,4248,8524
20210521,우이신설선,화계,3390,3092,6482
20210521,우이신설선,삼양,2001,2152,4153
20210521,우이신설선,북한산우이,2584,2311,4895
20210522,우이신설선,북한산우이,3704,3822,7526
20210522,우이신설선,솔밭공원,1830,1753,3583
20210522,우이신설선,4.19민주묘지,2547,2173,4720
20210522,우이신설선,가오리,2959,2811,5770
20210522,우이신설선,화계,2534,2347,4881
20210522,우이신설선,삼양,1556,1562,3118
20210522,우이신설선,삼양사거리,1860,1892,3752
20210522,우이신설선,북한산보국문,4876,4318,9194
20210522,우이신설선,정릉,3538,2973,6511
20210522,우이신설선,성신여대입구,2744,3207,5951
20210522,우이신설선,보문,1061,1069,2130
20210522,우이신설선,신설동,1514,1354,2868
20210522,우이신설선,솔샘,3774,3403,7177
20210523,우이신설선,삼양,1151,1145,2296
20210523,우이신설선,정릉,2653,2293,4946
20210523,우이신설선,북한산보국문,3608,3355,6963
20210523,우이신설선,솔샘,2599,2475,5074
20210523,우이신설선,삼양사거리,1465,1465,2930
20210523,우이신설선,화계,1979,1832,3811
20210523,우이신설선,보문,854,902,1756
20210523,우이신설선,4.19민주묘지,2001,1772,3773
20210523,우이신설선,솔밭공원,1411,1336,2747
20210523,우이신설선,북한산우이,3275,3444,6719
20210523,우이신설선,성신여대입구,2048,2367,4415
20210523,우이신설선,가오리,2280,2162,4442
20210523,우이신설선,신설동,1193,1115,2308
20210524,우이신설선,신설동,2219,2073,4292
20210524,우이신설선,보문,1476,1478,2954
20210524,우이신설선,성신여대입구,3094,3392,6486
20210524,우이신설선,정릉,4488,4232,8720
20210524,우이신설선,북한산보국문,5841,5753,11594
20210524,우이신설선,솔샘,5654,5370,11024
20210524,우이신설선,삼양사거리,2402,2485,4887
20210524,우이신설선,삼양,2079,2221,4300
20210524,우이신설선,화계,3378,3218,6596
20210524,우이신설선,가오리,4201,4150,8351
20210524,우이신설선,4.19민주묘지,2954,2883,5837
20210524,우이신설선,솔밭공원,2350,2368,4718
20210524,우이신설선,북한산우이,2700,2501,5201
20210525,우이신설선,보문,1481,1500,2981
20210525,우이신설선,성신여대입구,3119,3497,6616
20210525,우이신설선,정릉,4539,4187,8726
20210525,우이신설선,북한산보국문,5921,5719,11640
20210525,우이신설선,솔샘,5789,5353,11142
20210525,우이신설선,삼양사거리,2411,2484,4895
20210525,우이신설선,신설동,2138,2108,4246
20210525,우이신설선,화계,3293,3106,6399
20210525,우이신설선,가오리,4114,4123,8237
20210525,우이신설선,4.19민주묘지,2942,2904,5846
20210525,우이신설선,솔밭공원,2277,2231,4508
20210525,우이신설선,북한산우이,2492,2277,4769
20210525,우이신설선,삼양,2034,2062,4096
20210526,우이신설선,솔밭공원,2479,2376,4855
20210526,우이신설선,4.19민주묘지,3070,2962,6032
20210526,우이신설선,가오리,4254,4159,8413
20210526,우이신설선,화계,3445,3252,6697
20210526,우이신설선,삼양,1996,2214,4210
20210526,우이신설선,삼양사거리,2408,2600,5008
20210526,우이신설선,북한산우이,3016,2741,5757
20210526,우이신설선,북한산보국문,6153,5911,12064
20210526,우이신설선,정릉,4777,4329,9106
20210526,우이신설선,성신여대입구,3242,3586,6828
20210526,우이신설선,보문,1521,1509,3030
20210526,우이신설선,신설동,2215,2193,4408
20210526,우이신설선,솔샘,5837,5522,11359
20210527,우이신설선,4.19민주묘지,2711,2708,5419
20210527,우이신설선,솔밭공원,2288,2222,4510
20210527,우이신설선,북한산우이,2389,2050,4439
20210527,우이신설선,삼양사거리,2265,2289,4554
20210527,우이신설선,솔샘,5574,5243,10817
20210527,우이신설선,북한산보국문,5702,5655,11357
20210527,우이신설선,정릉,4343,4064,8407
20210527,우이신설선,보문,1469,1432,2901
20210527,우이신설선,신설동,2074,2010,4084
20210527,우이신설선,삼양,1924,2021,3945
20210527,우이신설선,화계,3213,2993,6206
20210527,우이신설선,가오리,3945,3943,7888
20210527,우이신설선,성신여대입구,3008,3305,6313
20210528,우이신설선,가오리,4256,4130,8386
20210528,우이신설선,솔샘,5650,5183,10833
20210528,우이신설선,삼양사거리,2437,2533,4970
20210528,우이신설선,삼양,2047,2162,4209
20210528,우이신설선,화계,3325,3017,6342
20210528,우이신설선,4.19민주묘지,2861,2722,5583
20210528,우이신설선,북한산보국문,6029,5621,11650
20210528,우이신설선,북한산우이,2347,2128,4475
20210528,우이신설선,신설동,2136,2037,4173
20210528,우이신설선,보문,1442,1425,2867
20210528,우이신설선,성신여대입구,3177,3533,6710
20210528,우이신설선,정릉,4552,4196,8748
20210528,우이신설선,솔밭공원,2383,2315,4698
20210529,우이신설선,신설동,1302,1307,2609
20210529,우이신설선,보문,1012,1068,2080
20210529,우이신설선,성신여대입구,2684,3088,5772
20210529,우이신설선,정릉,3315,2850,6165
20210529,우이신설선,북한산보국문,4368,3940,8308
20210529,우이신설선,솔샘,3556,3167,6723
20210529,우이신설선,솔밭공원,1721,1582,3303
20210529,우이신설선,삼양,1437,1496,2933
20210529,우이신설선,화계,2356,2237,4593
20210529,우이신설선,가오리,2814,2691,5505
20210529,우이신설선,4.19민주묘지,2304,2067,4371
20210529,우이신설선,삼양사거리,1773,1756,3529
20210529,우이신설선,북한산우이,3278,3335,6613
20210530,우이신설선,북한산우이,3260,3401,6661
20210530,우이신설선,솔밭공원,1387,1422,2809
20210530,우이신설선,4.19민주묘지,2099,1835,3934
20210530,우이신설선,가오리,2301,2208,4509
20210530,우이신설선,화계,2082,1919,4001
20210530,우이신설선,삼양,1213,1281,2494
20210530,우이신설선,삼양사거리,1511,1434,2945
20210530,우이신설선,솔샘,2665,2489,5154
20210530,우이신설선,북한산보국문,3593,3316,6909
20210530,우이신설선,정릉,2627,2321,4948
20210530,우이신설선,성신여대입구,2133,2370,4503
20210530,우이신설선,보문,911,946,1857
20210530,우이신설선,신설동,1198,1165,2363
20210531,우이신설선,솔밭공원,2357,2320,4677
20210531,우이신설선,4.19민주묘지,2888,2807,5695
20210531,우이신설선,가오리,4218,4277,8495
20210531,우이신설선,화계,3332,3053,6385
20210531,우이신설선,삼양,2025,2168,4193
20210531,우이신설선,삼양사거리,2354,2483,4837
20210531,우이신설선,북한산우이,2496,2287,4783
20210531,우이신설선,북한산보국문,5720,5495,11215
20210531,우이신설선,정릉,4304,4138,8442
20210531,우이신설선,성신여대입구,2969,3279,6248
20210531,우이신설선,보문,1498,1463,2961
20210531,우이신설선,신설동,2229,2175,4404
20210531,우이신설선,솔샘,5606,5310,10916
20210601,우이신설선,보문,1442,1457,2899
20210601,우이신설선,성신여대입구,2991,3293,6284
20210601,우이신설선,정릉,4531,4131,8662
20210601,우이신설선,북한산보국문,5938,5661,11599
20210601,우이신설선,솔샘,5672,5366,11038
20210601,우이신설선,삼양사거리,2414,2455,4869
20210601,우이신설선,신설동,2221,2139,4360
20210601,우이신설선,화계,3275,3129,6404
20210601,우이신설선,가오리,4086,4139,8225
20210601,우이신설선,4.19민주묘지,2950,2943,5893
20210601,우이신설선,솔밭공원,2391,2260,4651
20210601,우이신설선,북한산우이,2619,2383,5002
20210601,우이신설선,삼양,1987,2142,4129
20210602,우이신설선,신설동,2208,2156,4364
20210602,우이신설선,보문,1531,1521,3052
20210602,우이신설선,성신여대입구,3016,3313,6329
20210602,우이신설선,정릉,4547,4270,8817
20210602,우이신설선,북한산보국문,5889,5743,11632
20210602,우이신설선,솔샘,5718,5385,11103
20210602,우이신설선,삼양,1926,2111,4037
20210602,우이신설선,화계,3324,3116,6440
20210602,우이신설선,가오리,4286,4257,8543
20210602,우이신설선,4.19민주묘지,3036,2882,5918
20210602,우이신설선,솔밭공원,2485,2397,4882
20210602,우이신설선,북한산우이,2818,2641,5459
20210602,우이신설선,삼양사거리,2395,2444,4839
20210603,우이신설선,북한산보국문,5660,5648,11308
20210603,우이신설선,보문,1432,1486,2918
20210603,우이신설선,성신여대입구,2997,3296,6293
20210603,우이신설선,정릉,4330,4179,8509
20210603,우이신설선,솔샘,5474,5315,10789
20210603,우이신설선,신설동,2067,2034,4101
20210603,우이신설선,삼양사거리,2192,2397,4589
20210603,우이신설선,북한산우이,2354,2162,4516
20210603,우이신설선,솔밭공원,2315,2242,4557
20210603,우이신설선,삼양,1884,2045,3929
20210603,우이신설선,가오리,3855,3879,7734
20210603,우이신설선,화계,3103,2967,6070
20210603,우이신설선,4.19민주묘지,2644,2654,5298
20210604,우이신설선,보문,1557,1459,3016
20210604,우이신설선,성신여대입구,3261,3605,6866
20210604,우이신설선,정릉,4629,4256,8885
20210604,우이신설선,북한산보국문,6126,5719,11845
20210604,우이신설선,솔샘,5708,5143,10851
20210604,우이신설선,삼양사거리,2474,2406,4880
20210604,우이신설선,신설동,2233,2245,4478
20210604,우이신설선,화계,3430,3119,6549
20210604,우이신설선,가오리,4363,4164,8527
20210604,우이신설선,4.19민주묘지,3102,2937,6039
20210604,우이신설선,솔밭공원,2483,2336,4819
20210604,우이신설선,북한산우이,2896,2634,5530
20210604,우이신설선,삼양,2082,2201,4283
20210605,우이신설선,신설동,1432,1362,2794
20210605,우이신설선,보문,1127,1130,2257
20210605,우이신설선,성신여대입구,2661,3118,5779
20210605,우이신설선,정릉,3456,2895,6351
20210605,우이신설선,북한산보국문,4453,4021,8474
20210605,우이신설선,솔샘,3616,3214,6830
20210605,우이신설선,삼양사거리,1872,1901,3773
20210605,우이신설선,화계,2399,2181,4580
20210605,우이신설선,가오리,2874,2776,5650
20210605,우이신설선,4.19민주묘지,2404,2005,4409
20210605,우이신설선,북한산우이,3445,3608,7053
20210605,우이신설선,삼양,1459,1508,2967
20210605,우이신설선,솔밭공원,1798,1718,3516
20210606,우이신설선,신설동,1150,1075,2225
20210606,우이신설선,솔샘,2522,2436,4958
20210606,우이신설선,보문,856,907,1763
20210606,우이신설선,성신여대입구,1936,2292,4228
20210606,우이신설선,정릉,2550,2178,4728
20210606,우이신설선,북한산보국문,3570,3266,6836
20210606,우이신설선,삼양,1176,1176,2352
20210606,우이신설선,화계,1990,1823,3813
20210606,우이신설선,가오리,2241,2072,4313
20210606,우이신설선,4.19민주묘지,1900,1718,3618
20210606,우이신설선,솔밭공원,1412,1363,2775
20210606,우이신설선,북한산우이,3133,3412,6545
20210606,우이신설선,삼양사거리,1480,1390,2870
20210607,우이신설선,솔밭공원,2389,2342,4731
20210607,우이신설선,4.19민주묘지,2814,2697,5511
20210607,우이신설선,가오리,4256,4284,8540
20210607,우이신설선,화계,3189,3028,6217
20210607,우이신설선,삼양,1985,2173,4158
20210607,우이신설선,삼양사거리,2430,2533,4963
20210607,우이신설선,북한산우이,2584,2315,4899
20210607,우이신설선,북한산보국문,5606,5403,11009
20210607,우이신설선,정릉,4376,4078,8454
20210607,우이신설선,성신여대입구,3007,3205,6212
20210607,우이신설선,보문,1440,1415,2855
20210607,우이신설선,신설동,2186,2074,4260
20210607,우이신설선,솔샘,5675,5402,11077
20210608,우이신설선,신설동,2245,2111,4356
20210608,우이신설선,보문,1438,1484,2922
20210608,우이신설선,성신여대입구,2958,3226,6184
20210608,우이신설선,정릉,4434,4211,8645
20210608,우이신설선,북한산보국문,5735,5551,11286
20210608,우이신설선,솔샘,5639,5377,11016
20210608,우이신설선,삼양사거리,2351,2434,4785
20210608,우이신설선,화계,3293,3167,6460
20210608,우이신설선,가오리,3986,3979,7965
20210608,우이신설선,4.19민주묘지,2942,2805,5747
20210608,우이신설선,솔밭공원,2453,2376,4829
20210608,우이신설선,북한산우이,2663,2486,5149
20210608,우이신설선,삼양,2008,2144,4152
20210609,우이신설선,북한산보국문,5825,5684,11509
20210609,우이신설선,정릉,4511,4175,8686
20210609,우이신설선,성신여대입구,3075,3344,6419
20210609,우이신설선,보문,1480,1542,3022
20210609,우이신설선,신설동,2207,2160,4367
20210609,우이신설선,솔샘,5770,5401,11171
20210609,우이신설선,삼양사거리,2318,2413,4731
20210609,우이신설선,화계,3331,3151,6482
20210609,우이신설선,가오리,4297,4220,8517
20210609,우이신설선,4.19민주묘지,2884,2790,5674
20210609,우이신설선,솔밭공원,2440,2363,4803
20210609,우이신설선,북한산우이,2795,2572,5367
20210609,우이신설선,삼양,2003,2217,4220
20210610,우이신설선,북한산우이,3303,3140,6443
20210610,우이신설선,솔밭공원,2468,2423,4891
20210610,우이신설선,4.19민주묘지,2960,2815,5775
20210610,우이신설선,가오리,4134,4119,8253
20210610,우이신설선,화계,3336,3242,6578
20210610,우이신설선,삼양,1967,2184,4151
20210610,우이신설선,삼양사거리,2370,2480,4850
20210610,우이신설선,솔샘,5675,5383,11058
20210610,우이신설선,북한산보국문,5809,5675,11484
20210610,우이신설선,정릉,4532,4264,8796
20210610,우이신설선,성신여대입구,3145,3368,6513
20210610,우이신설선,보문,1466,1522,2988
20210610,우이신설선,신설동,2136,2206,4342
20210611,우이신설선,솔밭공원,2405,2269,4674
20210611,우이신설선,4.19민주묘지,2794,2630,5424
20210611,우이신설선,가오리,4215,4070,8285
20210611,우이신설선,화계,3290,3043,6333
20210611,우이신설선,삼양,2032,2092,4124
20210611,우이신설선,삼양사거리,2389,2456,4845
20210611,우이신설선,북한산우이,2420,2180,4600
20210611,우이신설선,북한산보국문,5859,5519,11378
20210611,우이신설선,정릉,4414,4106,8520
20210611,우이신설선,성신여대입구,3093,3464,6557
20210611,우이신설선,보문,1467,1464,2931
20210611,우이신설선,신설동,2173,2132,4305
20210611,우이신설선,솔샘,5683,5275,10958
20210612,우이신설선,성신여대입구,2547,2959,5506
20210612,우이신설선,보문,1101,1044,2145
20210612,우이신설선,신설동,1265,1271,2536
20210612,우이신설선,북한산우이,3353,3514,6867
20210612,우이신설선,솔밭공원,1735,1601,3336
20210612,우이신설선,4.19민주묘지,2317,2119,4436
20210612,우이신설선,정릉,3262,2805,6067
20210612,우이신설선,화계,2325,2159,4484
20210612,우이신설선,삼양,1499,1547,3046
20210612,우이신설선,삼양사거리,1788,1836,3624
20210612,우이신설선,솔샘,3528,3184,6712
20210612,우이신설선,북한산보국문,4386,3854,8240
20210612,우이신설선,가오리,2729,2631,5360
20210613,우이신설선,신설동,1113,1040,2153
20210613,우이신설선,보문,860,915,1775
20210613,우이신설선,성신여대입구,1897,2155,4052
20210613,우이신설선,정릉,2396,2103,4499
20210613,우이신설선,북한산보국문,3254,3050,6304
20210613,우이신설선,솔샘,2469,2367,4836
20210613,우이신설선,삼양사거리,1465,1414,2879
20210613,우이신설선,화계,1894,1741,3635
20210613,우이신설선,가오리,2130,2052,4182
20210613,우이신설선,4.19민주묘지,1880,1626,3506
20210613,우이신설선,솔밭공원,1278,1276,2554
20210613,우이신설선,북한산우이,2916,3165,6081
20210613,우이신설선,삼양,1035,1111,2146
20210614,우이신설선,삼양,2039,2165,4204
20210614,우이신설선,솔밭공원,2491,2367,4858
20210614,우이신설선,4.19민주묘지,2830,2806,5636
20210614,우이신설선,가오리,4010,3969,7979
20210614,우이신설선,화계,3226,3112,6338
20210614,우이신설선,삼양사거리,2414,2534,4948
20210614,우이신설선,북한산우이,2560,2404,4964
20210614,우이신설선,북한산보국문,5643,5522,11165
20210614,우이신설선,신설동,2156,2090,4246
20210614,우이신설선,보문,1463,1431,2894
20210614,우이신설선,솔샘,5581,5389,10970
20210614,우이신설선,정릉,4356,4018,8374
20210614,우이신설선,성신여대입구,3046,3360,6406
20210615,우이신설선,솔밭공원,2333,2251,4584
20210615,우이신설선,4.19민주묘지,2810,2731,5541
20210615,우이신설선,가오리,3904,3918,7822
20210615,우이신설선,화계,3307,3079,6386
20210615,우이신설선,삼양,1950,2064,4014
20210615,우이신설선,삼양사거리,2254,2400,4654
20210615,우이신설선,북한산우이,2381,2206,4587
20210615,우이신설선,신설동,2218,2074,4292
20210615,우이신설선,보문,1415,1437,2852
20210615,우이신설선,성신여대입구,3008,3279,6287
20210615,우이신설선,정릉,4385,4165,8550
20210615,우이신설선,북한산보국문,5688,5444,11132
20210615,우이신설선,솔샘,5508,5266,10774
20210616,우이신설선,신설동,2157,2093,4250
20210616,우이신설선,보문,1514,1532,3046
20210616,우이신설선,성신여대입구,3172,3443,6615
20210616,우이신설선,정릉,4591,4241,8832
20210616,우이신설선,북한산보국문,5949,5755,11704
20210616,우이신설선,솔샘,5753,5403,11156
20210616,우이신설선,삼양사거리,2367,2443,4810
20210616,우이신설선,화계,3364,3141,6505
20210616,우이신설선,가오리,4118,4119,8237
20210616,우이신설선,4.19민주묘지,3005,2832,5837
20210616,우이신설선,북한산우이,2789,2640,5429
20210616,우이신설선,삼양,2041,2179,4220
20210616,우이신설선,솔밭공원,2502,2445,4947
20210617,우이신설선,북한산우이,2774,2591,5365
20210617,우이신설선,삼양,1969,2131,4100
20210617,우이신설선,솔밭공원,2530,2437,4967
20210617,우이신설선,4.19민주묘지,2914,2797,5711
20210617,우이신설선,가오리,4092,4155,8247
20210617,우이신설선,화계,3328,3170,6498
20210617,우이신설선,삼양사거리,2304,2442,4746
20210617,우이신설선,북한산보국문,5988,5692,11680
20210617,우이신설선,정릉,4585,4215,8800
20210617,우이신설선,성신여대입구,3218,3474,6692
20210617,우이신설선,보문,1517,1467,2984
20210617,우이신설선,신설동,2187,2143,4330
20210617,우이신설선,솔샘,5762,5473,11235
20210618,우이신설선,솔밭공원,2399,2229,4628
20210618,우이신설선,4.19민주묘지,2772,2704,5476
20210618,우이신설선,가오리,4309,4014,8323
20210618,우이신설선,화계,3243,2969,6212
20210618,우이신설선,삼양,1985,2067,4052
20210618,우이신설선,삼양사거리,2441,2514,4955
20210618,우이신설선,북한산우이,2306,2079,4385
20210618,우이신설선,북한산보국문,5911,5513,11424
20210618,우이신설선,정릉,4511,4085,8596
20210618,우이신설선,성신여대입구,3144,3476,6620
20210618,우이신설선,보문,1420,1451,2871
20210618,우이신설선,신설동,2098,2036,4134
20210618,우이신설선,솔샘,5659,5171,10830
20210619,우이신설선,삼양,1566,1597,3163
20210619,우이신설선,화계,2482,2301,4783
20210619,우이신설선,가오리,2894,2751,5645
20210619,우이신설선,4.19민주묘지,2476,2149,4625
20210619,우이신설선,솔밭공원,1857,1762,3619
20210619,우이신설선,북한산우이,3360,3619,6979
20210619,우이신설선,신설동,1388,1283,2671
20210619,우이신설선,성신여대입구,2636,2971,5607
20210619,우이신설선,정릉,3417,2922,6339
20210619,우이신설선,북한산보국문,4567,4129,8696
20210619,우이신설선,솔샘,3743,3282,7025
20210619,우이신설선,삼양사거리,1907,1815,3722
20210619,우이신설선,보문,1100,1085,2185
20210620,우이신설선,삼양,1178,1196,2374
20210620,우이신설선,솔밭공원,1391,1392,2783
20210620,우이신설선,4.19민주묘지,1999,1699,3698
20210620,우이신설선,가오리,2263,2100,4363
20210620,우이신설선,화계,1991,1868,3859
20210620,우이신설선,삼양사거리,1462,1387,2849
20210620,우이신설선,북한산우이,3072,3416,6488
20210620,우이신설선,북한산보국문,3516,3240,6756
20210620,우이신설선,신설동,1133,1090,2223
20210620,우이신설선,보문,884,893,1777
20210620,우이신설선,솔샘,2532,2440,4972
20210620,우이신설선,정릉,2550,2184,4734
20210620,우이신설선,성신여대입구,1987,2198,4185
20210621,우이신설선,신설동,2231,2122,4353
20210621,우이신설선,보문,1469,1437,2906
20210621,우이신설선,성신여대입구,3182,3450,6632
20210621,우이신설선,북한산우이,2702,2569,5271
20210621,우이신설선,4.19민주묘지,2951,2804,5755
20210621,우이신설선,가오리,4342,4315,8657
20210621,우이신설선,솔밭공원,2500,2498,4998
20210621,우이신설선,삼양,2067,2252,4319
20210621,우이신설선,삼양사거리,2446,2534,4980
20210621,우이신설선,솔샘,5804,5531,11335
20210621,우이신설선,북한산보국문,5840,5658,11498
20210621,우이신설선,정릉,4552,4182,8734
20210621,우이신설선,화계,3341,3207,6548
20210622,우이신설선,북한산보국문,5989,5812,11801
20210622,우이신설선,보문,1509,1437,2946
20210622,우이신설선,신설동,2136,2101,4237
20210622,우이신설선,성신여대입구,3064,3436,6500
20210622,우이신설선,정릉,4605,4262,8867
20210622,우이신설선,솔샘,5779,5423,11202
20210622,우이신설선,솔밭공원,2531,2505,5036
20210622,우이신설선,삼양,1985,2135,4120
20210622,우이신설선,화계,3355,3137,6492
20210622,우이신설선,가오리,4172,4203,8375
20210622,우이신설선,4.19민주묘지,2853,2743,5596
20210622,우이신설선,북한산우이,2732,2473,5205
20210622,우이신설선,삼양사거리,2409,2513,4922
20210623,우이신설선,신설동,2164,2037,4201
20210623,우이신설선,보문,1483,1465,2948
20210623,우이신설선,성신여대입구,3121,3489,6610
20210623,우이신설선,정릉,4503,4196,8699
20210623,우이신설선,솔샘,5797,5464,11261
20210623,우이신설선,북한산보국문,6032,5782,11814
20210623,우이신설선,삼양사거리,2329,2426,4755
20210623,우이신설선,화계,3320,3123,6443
20210623,우이신설선,가오리,4294,4348,8642
20210623,우이신설선,4.19민주묘지,2863,2812,5675
20210623,우이신설선,솔밭공원,2578,2511,5089
20210623,우이신설선,북한산우이,2694,2466,5160
20210623,우이신설선,삼양,1973,2091,4064
20210624,우이신설선,보문,1508,1497,3005
20210624,우이신설선,성신여대입구,3038,3339,6377
20210624,우이신설선,정릉,4587,4175,8762
20210624,우이신설선,북한산보국문,5991,5756,11747
20210624,우이신설선,솔샘,5847,5511,11358
20210624,우이신설선,삼양사거리,2384,2516,4900
20210624,우이신설선,신설동,2233,2138,4371
20210624,우이신설선,화계,3330,3139,6469
20210624,우이신설선,가오리,4188,4211,8399
20210624,우이신설선,4.19민주묘지,2894,2738,5632
20210624,우이신설선,솔밭공원,2484,2429,4913
20210624,우이신설선,북한산우이,2913,2599,5512
20210624,우이신설선,삼양,1975,2148,4123
20210625,우이신설선,북한산우이,2796,2648,5444
20210625,우이신설선,솔밭공원,2615,2411,5026
20210625,우이신설선,4.19민주묘지,3070,2832,5902
20210625,우이신설선,가오리,4471,4364,8835
20210625,우이신설선,화계,3453,3205,6658
20210625,우이신설선,삼양,2106,2240,4346
20210625,우이신설선,삼양사거리,2523,2594,5117
20210625,우이신설선,북한산보국문,6201,5806,12007
20210625,우이신설선,정릉,4864,4358,9222
20210625,우이신설선,성신여대입구,3290,3738,7028
20210625,우이신설선,보문,1474,1535,3009
20210625,우이신설선,신설동,2212,2151,4363
20210625,우이신설선,솔샘,5891,5415,11306
20210626,우이신설선,정릉,3456,2896,6352
20210626,우이신설선,가오리,2880,2706,5586
20210626,우이신설선,화계,2290,2145,4435
20210626,우이신설선,삼양,1466,1523,2989
20210626,우이신설선,삼양사거리,1736,1697,3433
20210626,우이신설선,솔샘,3660,3173,6833
20210626,우이신설선,북한산보국문,4410,3898,8308
20210626,우이신설선,보문,1079,1012,2091
20210626,우이신설선,4.19민주묘지,2258,2064,4322
20210626,우이신설선,솔밭공원,1769,1651,3420
20210626,우이신설선,신설동,1339,1199,2538
20210626,우이신설선,성신여대입구,2519,3005,5524
20210626,우이신설선,북한산우이,2789,2935,5724
20210627,우이신설선,북한산보국문,3559,3371,6930
20210627,우이신설선,솔샘,2594,2527,5121
20210627,우이신설선,삼양사거리,1480,1460,2940
20210627,우이신설선,삼양,1126,1138,2264
20210627,우이신설선,화계,2005,1847,3852
20210627,우이신설선,가오리,2348,2187,4535
20210627,우이신설선,정릉,2537,2200,4737
20210627,우이신설선,솔밭공원,1468,1527,2995
20210627,우이신설선,북한산우이,3279,3494,6773
20210627,우이신설선,신설동,1025,1084,2109
20210627,우이신설선,보문,865,933,1798
20210627,우이신설선,성신여대입구,1972,2214,4186
20210627,우이신설선,4.19민주묘지,2004,1664,3668
20210628,우이신설선,북한산우이,2519,2291,4810
20210628,우이신설선,솔밭공원,2435,2407,4842
20210628,우이신설선,4.19민주묘지,2778,2771,5549
20210628,우이신설선,가오리,4248,4284,8532
20210628,우이신설선,화계,3290,3117,6407
20210628,우이신설선,삼양,2070,2213,4283
20210628,우이신설선,삼양사거리,2383,2446,4829
20210628,우이신설선,북한산보국문,5757,5654,11411
20210628,우이신설선,정릉,4422,4090,8512
20210628,우이신설선,성신여대입구,3141,3407,6548
20210628,우이신설선,신설동,2173,2092,4265
20210628,우이신설선,솔샘,5767,5419,11186
20210628,우이신설선,보문,1509,1446,2955
20210629,우이신설선,북한산우이,2626,2452,5078
20210629,우이신설선,삼양사거리,2343,2437,4780
20210629,우이신설선,솔밭공원,2494,2384,4878
20210629,우이신설선,가오리,4047,4083,8130
20210629,우이신설선,화계,3302,3225,6527
20210629,우이신설선,삼양,1924,2133,4057
20210629,우이신설선,솔샘,5735,5560,11295
20210629,우이신설선,정릉,4538,4241,8779
20210629,우이신설선,성신여대입구,3200,3490,6690
20210629,우이신설선,보문,1471,1495,2966
20210629,우이신설선,신설동,2129,2073,4202
20210629,우이신설선,4.19민주묘지,2782,2740,5522
20210629,우이신설선,북한산보국문,5944,5669,11613
20210630,우이신설선,보문,1502,1490,2992
20210630,우이신설선,성신여대입구,3102,3399,6501
20210630,우이신설선,정릉,4494,4221,8715
20210630,우이신설선,북한산보국문,5837,5695,11532
20210630,우이신설선,솔샘,5790,5496,11286
20210630,우이신설선,삼양사거리,2384,2478,4862
20210630,우이신설선,신설동,2181,2076,4257
20210630,우이신설선,화계,3288,3049,6337
20210630,우이신설선,가오리,4285,4342,8627
20210630,우이신설선,4.19민주묘지,2755,2654,5409
20210630,우이신설선,솔밭공원,2414,2354,4768
20210630,우이신설선,북한산우이,2464,2248,4712
20210630,우이신설선,삼양,2019,2235,4254
20210701,우이신설선,신설동,2221,2125,4346
20210701,우이신설선,보문,1466,1480,2946
20210701,우이신설선,성신여대입구,3291,3510,6801
20210701,우이신설선,정릉,4626,4337,8963
20210701,우이신설선,북한산보국문,5951,5728,11679
20210701,우이신설선,솔샘,5791,5512,11303
20210701,우이신설선,삼양사거리,2426,2436,4862
20210701,우이신설선,화계,3334,3135,6469
20210701,우이신설선,가오리,4105,4149,8254
20210701,우이신설선,4.19민주묘지,2852,2818,5670
20210701,우이신설선,솔밭공원,2596,2471,5067
20210701,우이신설선,북한산우이,2853,2573,5426
20210701,우이신설선,삼양,2037,2187,4224
20210702,우이신설선,화계,3400,3033,6433
20210702,우이신설선,북한산우이,2685,2485,5170
20210702,우이신설선,솔밭공원,2520,2455,4975
20210702,우이신설선,4.19민주묘지,2917,2776,5693
20210702,우이신설선,가오리,4329,4279,8608
20210702,우이신설선,삼양,2082,2174,4256
20210702,우이신설선,삼양사거리,2450,2530,4980
20210702,우이신설선,솔샘,5981,5498,11479
20210702,우이신설선,북한산보국문,6005,5676,11681
20210702,우이신설선,정릉,4700,4429,9129
20210702,우이신설선,성신여대입구,3290,3665,6955
20210702,우이신설선,보문,1492,1535,3027
20210702,우이신설선,신설동,2109,2141,4250
20210703,우이신설선,정릉,3129,2736,5865
20210703,우이신설선,북한산보국문,4107,3839,7946
20210703,우이신설선,솔샘,3318,3007,6325
20210703,우이신설선,삼양사거리,1724,1753,3477
20210703,우이신설선,삼양,1388,1424,2812
20210703,우이신설선,화계,2271,2165,4436
20210703,우이신설선,가오리,2682,2556,5238
20210703,우이신설선,4.19민주묘지,1972,1903,3875
20210703,우이신설선,솔밭공원,1684,1606,3290
20210703,우이신설선,북한산우이,2718,2827,5545
20210703,우이신설선,신설동,1169,1195,2364
20210703,우이신설선,보문,1091,1153,2244
20210703,우이신설선,성신여대입구,2467,2757,5224
20210704,우이신설선,보문,759,789,1548
20210704,우이신설선,성신여대입구,1562,1926,3488
20210704,우이신설선,정릉,2103,1850,3953
20210704,우이신설선,북한산보국문,2924,2659,5583
20210704,우이신설선,솔샘,2147,1964,4111
20210704,우이신설선,삼양사거리,1160,1160,2320
20210704,우이신설선,신설동,784,728,1512
20210704,우이신설선,화계,1723,1618,3341
20210704,우이신설선,가오리,1917,1799,3716
20210704,우이신설선,4.19민주묘지,1384,1245,2629
20210704,우이신설선,솔밭공원,1116,1082,2198
20210704,우이신설선,북한산우이,1670,1703,3373
20210704,우이신설선,삼양,1002,917,1919
20210705,우이신설선,솔샘,5765,5500,11265
20210705,우이신설선,북한산보국문,5945,5767,11712
20210705,우이신설선,정릉,4609,4288,8897
20210705,우이신설선,성신여대입구,3185,3406,6591
20210705,우이신설선,보문,1570,1470,3040
20210705,우이신설선,신설동,2216,2189,4405
20210705,우이신설선,삼양사거리,2489,2530,5019
20210705,우이신설선,북한산우이,3097,2800,5897
20210705,우이신설선,솔밭공원,2533,2462,4995
20210705,우이신설선,4.19민주묘지,2989,2922,5911
20210705,우이신설선,가오리,4144,4226,8370
20210705,우이신설선,화계,3406,3203,6609
20210705,우이신설선,삼양,2066,2183,4249
20210706,우이신설선,보문,1532,1511,3043
20210706,우이신설선,신설동,2208,2104,4312
20210706,우이신설선,성신여대입구,3223,3504,6727
20210706,우이신설선,정릉,4531,4152,8683
20210706,우이신설선,북한산보국문,5987,5765,11752
20210706,우이신설선,솔샘,5850,5493,11343
20210706,우이신설선,삼양사거리,2498,2595,5093
20210706,우이신설선,화계,3385,3203,6588
20210706,우이신설선,가오리,4257,4245,8502
20210706,우이신설선,4.19민주묘지,2975,2892,5867
20210706,우이신설선,솔밭공원,2523,2426,4949
20210706,우이신설선,북한산우이,2831,2572,5403
20210706,우이신설선,삼양,2010,2184,4194
20210707,우이신설선,솔샘,5696,5393,11089
20210707,우이신설선,보문,1487,1475,2962
20210707,우이신설선,성신여대입구,3115,3343,6458
20210707,우이신설선,정릉,4436,4219,8655
20210707,우이신설선,북한산보국문,5872,5575,11447
20210707,우이신설선,삼양사거리,2393,2449,4842
20210707,우이신설선,신설동,2215,2062,4277
20210707,우이신설선,화계,3317,3180,6497
20210707,우이신설선,북한산우이,2528,2315,4843
20210707,우이신설선,솔밭공원,2455,2412,4867
20210707,우이신설선,삼양,1993,2187,4180
20210707,우이신설선,가오리,4060,4096,8156
20210707,우이신설선,4.19민주묘지,2789,2671,5460
20210708,우이신설선,보문,1414,1481,2895
20210708,우이신설선,성신여대입구,2852,3143,5995
20210708,우이신설선,정릉,4268,4021,8289
20210708,우이신설선,북한산보국문,5668,5473,11141
20210708,우이신설선,솔샘,5458,5136,10594
20210708,우이신설선,삼양사거리,2265,2333,4598
20210708,우이신설선,신설동,2113,1981,4094
20210708,우이신설선,화계,3252,3044,6296
20210708,우이신설선,가오리,3933,4027,7960
20210708,우이신설선,4.19민주묘지,2714,2556,5270
20210708,우이신설선,솔밭공원,2383,2371,4754
20210708,우이신설선,북한산우이,2485,2229,4714
20210708,우이신설선,삼양,1928,2026,3954
20210709,우이신설선,신설동,2039,2007,4046
20210709,우이신설선,보문,1396,1396,2792
20210709,우이신설선,성신여대입구,2931,3321,6252
20210709,우이신설선,정릉,4363,3947,8310
20210709,우이신설선,북한산보국문,5697,5279,10976
20210709,우이신설선,솔샘,5454,5004,10458
20210709,우이신설선,삼양사거리,2336,2361,4697
20210709,우이신설선,화계,3167,2908,6075
20210709,우이신설선,가오리,4025,4072,8097
20210709,우이신설선,4.19민주묘지,2812,2640,5452
20210709,우이신설선,북한산우이,2545,2248,4793
20210709,우이신설선,삼양,1946,2043,3989
20210709,우이신설선,솔밭공원,2392,2290,4682
20210710,우이신설선,신설동,1206,1111,2317
20210710,우이신설선,화계,2218,2055,4273
20210710,우이신설선,북한산우이,2763,2829,5592
20210710,우이신설선,솔밭공원,1523,1542,3065
20210710,우이신설선,4.19민주묘지,1949,1732,3681
20210710,우이신설선,가오리,2541,2447,4988
20210710,우이신설선,삼양,1372,1432,2804
20210710,우이신설선,솔샘,3003,2802,5805
20210710,우이신설선,북한산보국문,3883,3479,7362
20210710,우이신설선,정릉,2838,2459,5297
20210710,우이신설선,성신여대입구,2278,2582,4860
20210710,우이신설선,보문,994,984,1978
20210710,우이신설선,삼양사거리,1768,1697,3465
20210711,우이신설선,솔밭공원,1169,1119,2288
20210711,우이신설선,북한산우이,2266,2403,4669
20210711,우이신설선,신설동,881,842,1723
20210711,우이신설선,보문,791,782,1573
20210711,우이신설선,성신여대입구,1616,1833,3449
20210711,우이신설선,정릉,1949,1720,3669
20210711,우이신설선,4.19민주묘지,1568,1434,3002
20210711,우이신설선,솔샘,1967,1870,3837
20210711,우이신설선,삼양사거리,1192,1181,2373
20210711,우이신설선,삼양,915,949,1864
20210711,우이신설선,화계,1644,1559,3203
20210711,우이신설선,가오리,1844,1807,3651
20210711,우이신설선,북한산보국문,2671,2547,5218
20210712,우이신설선,북한산보국문,5111,5189,10300
20210712,우이신설선,솔샘,5066,4903,9969
20210712,우이신설선,삼양사거리,2231,2316,4547
20210712,우이신설선,삼양,1894,2071,3965
20210712,우이신설선,화계,3030,2914,5944
20210712,우이신설선,가오리,3730,3784,7514
20210712,우이신설선,4.19민주묘지,2553,2413,4966
20210712,우이신설선,북한산우이,2431,2245,4676
20210712,우이신설선,신설동,1998,1875,3873
20210712,우이신설선,보문,1351,1297,2648
20210712,우이신설선,성신여대입구,2743,2963,5706
20210712,우이신설선,정릉,3890,3665,7555
20210712,우이신설선,솔밭공원,2191,2235,4426
20210713,우이신설선,화계,3013,2892,5905
20210713,우이신설선,북한산우이,2371,2215,4586
20210713,우이신설선,솔밭공원,2212,2157,4369
20210713,우이신설선,4.19민주묘지,2465,2401,4866
20210713,우이신설선,가오리,3680,3733,7413
20210713,우이신설선,삼양,1835,2012,3847
20210713,우이신설선,삼양사거리,2237,2293,4530
20210713,우이신설선,솔샘,5006,4828,9834
20210713,우이신설선,북한산보국문,5176,5074,10250
20210713,우이신설선,정릉,3967,3689,7656
20210713,우이신설선,성신여대입구,2766,2986,5752
20210713,우이신설선,보문,1360,1322,2682
20210713,우이신설선,신설동,1977,1862,3839
20210714,우이신설선,솔샘,4884,4650,9534
20210714,우이신설선,북한산우이,2415,2236,4651
20210714,우이신설선,솔밭공원,2179,2092,4271
20210714,우이신설선,4.19민주묘지,2479,2316,4795
20210714,우이신설선,가오리,3554,3640,7194
20210714,우이신설선,화계,2966,2817,5783
20210714,우이신설선,삼양,1785,1977,3762
20210714,우이신설선,삼양사거리,2116,2174,4290
20210714,우이신설선,북한산보국문,5029,4893,9922
20210714,우이신설선,정릉,3833,3591,7424
20210714,우이신설선,성신여대입구,2685,2965,5650
20210714,우이신설선,보문,1257,1331,2588
20210714,우이신설선,신설동,1911,1838,3749
20210715,우이신설선,솔밭공원,2131,2130,4261
20210715,우이신설선,4.19민주묘지,2375,2296,4671
20210715,우이신설선,가오리,3615,3701,7316
20210715,우이신설선,화계,2934,2736,5670
20210715,우이신설선,삼양,1823,1912,3735
20210715,우이신설선,삼양사거리,2192,2228,4420
20210715,우이신설선,북한산우이,2423,2208,4631
20210715,우이신설선,북한산보국문,4940,4861,9801
20210715,우이신설선,정릉,3832,3589,7421
20210715,우이신설선,성신여대입구,2594,2844,5438
20210715,우이신설선,보문,1297,1311,2608
20210715,우이신설선,신설동,1906,1792,3698
20210715,우이신설선,솔샘,4877,4655,9532
20210716,우이신설선,솔밭공원,2110,2070,4180
20210716,우이신설선,4.19민주묘지,2440,2235,4675
20210716,우이신설선,가오리,3640,3722,7362
20210716,우이신설선,화계,2892,2769,5661
20210716,우이신설선,삼양,1774,1873,3647
20210716,우이신설선,삼양사거리,2221,2309,4530
20210716,우이신설선,북한산우이,2358,2126,4484
20210716,우이신설선,북한산보국문,5070,4948,10018
20210716,우이신설선,정릉,3915,3626,7541
20210716,우이신설선,성신여대입구,2767,3004,5771
20210716,우이신설선,보문,1299,1303,2602
20210716,우이신설선,신설동,1909,1757,3666
20210716,우이신설선,솔샘,4881,4593,9474
20210717,우이신설선,북한산우이,2608,2719,5327
20210717,우이신설선,솔밭공원,1541,1438,2979
20210717,우이신설선,4.19민주묘지,1898,1680,3578
20210717,우이신설선,가오리,2496,2379,4875
20210717,우이신설선,화계,1962,1867,3829
20210717,우이신설선,삼양,1188,1319,2507
20210717,우이신설선,삼양사거리,1597,1563,3160
20210717,우이신설선,북한산보국문,3456,3182,6638
20210717,우이신설선,정릉,2568,2223,4791
20210717,우이신설선,성신여대입구,2181,2494,4675
20210717,우이신설선,보문,1005,909,1914
20210717,우이신설선,신설동,1117,1069,2186
20210717,우이신설선,솔샘,2863,2571,5434
20210718,우이신설선,삼양,899,932,1831
20210718,우이신설선,솔밭공원,1044,1080,2124
20210718,우이신설선,4.19민주묘지,1594,1316,2910
20210718,우이신설선,가오리,1761,1705,3466
20210718,우이신설선,화계,1472,1353,2825
20210718,우이신설선,삼양사거리,1112,1197,2309
20210718,우이신설선,북한산우이,2586,2749,5335
20210718,우이신설선,북한산보국문,2582,2382,4964
20210718,우이신설선,신설동,854,806,1660
20210718,우이신설선,보문,693,692,1385
20210718,우이신설선,솔샘,1867,1721,3588
20210718,우이신설선,정릉,1825,1474,3299
20210718,우이신설선,성신여대입구,1510,1817,3327
20210719,우이신설선,솔밭공원,2165,2174,4339
20210719,우이신설선,4.19민주묘지,2440,2375,4815
20210719,우이신설선,가오리,3665,3787,7452
20210719,우이신설선,화계,2899,2780,5679
20210719,우이신설선,삼양,1778,1941,3719
20210719,우이신설선,삼양사거리,2178,2253,4431
20210719,우이신설선,북한산우이,2359,2139,4498
20210719,우이신설선,북한산보국문,4902,4827,9729
20210719,우이신설선,정릉,3790,3654,7444
20210719,우이신설선,성신여대입구,2729,2940,5669
20210719,우이신설선,보문,1299,1336,2635
20210719,우이신설선,신설동,1929,1813,3742
20210719,우이신설선,솔샘,4870,4651,9521
20210720,우이신설선,북한산우이,2492,2297,4789
20210720,우이신설선,솔밭공원,2159,2202,4361
20210720,우이신설선,4.19민주묘지,2513,2358,4871
20210720,우이신설선,가오리,3712,3807,7519
20210720,우이신설선,화계,2979,2869,5848
20210720,우이신설선,삼양,1764,1925,3689
20210720,우이신설선,삼양사거리,2210,2270,4480
20210720,우이신설선,북한산보국문,5081,5032,10113
20210720,우이신설선,정릉,3834,3679,7513
20210720,우이신설선,성신여대입구,2762,2983,5745
20210720,우이신설선,신설동,1957,1827,3784
20210720,우이신설선,솔샘,5004,4757,9761
20210720,우이신설선,보문,1309,1317,2626
20210721,우이신설선,신설동,1930,1792,3722
20210721,우이신설선,솔샘,4888,4732,9620
20210721,우이신설선,보문,1299,1268,2567
20210721,우이신설선,성신여대입구,2731,2996,5727
20210721,우이신설선,정릉,3783,3640,7423
20210721,우이신설선,북한산보국문,5056,4885,9941
20210721,우이신설선,삼양사거리,2139,2232,4371
20210721,우이신설선,화계,2957,2830,5787
20210721,우이신설선,가오리,3691,3684,7375
20210721,우이신설선,4.19민주묘지,2413,2364,4777
20210721,우이신설선,솔밭공원,2162,2149,4311
20210721,우이신설선,북한산우이,2461,2363,4824
20210721,우이신설선,삼양,1759,1866,3625
20210722,우이신설선,보문,1261,1253,2514
20210722,우이신설선,성신여대입구,2461,2813,5274
20210722,우이신설선,정릉,3749,3519,7268
20210722,우이신설선,북한산보국문,4886,4884,9770
20210722,우이신설선,솔샘,4679,4556,9235
20210722,우이신설선,삼양사거리,2076,2097,4173
20210722,우이신설선,신설동,1848,1705,3553
20210722,우이신설선,화계,2861,2759,5620
20210722,우이신설선,가오리,3684,3687,7371
20210722,우이신설선,북한산우이,2405,2215,4620
20210722,우이신설선,솔밭공원,2104,2052,4156
20210722,우이신설선,4.19민주묘지,2334,2221,4555
20210722,우이신설선,삼양,1751,1920,3671
20210723,우이신설선,북한산보국문,5045,4835,9880
20210723,우이신설선,솔샘,4734,4545,9279
20210723,우이신설선,삼양사거리,2310,2303,4613
20210723,우이신설선,삼양,1751,1896,3647
20210723,우이신설선,화계,2963,2738,5701
20210723,우이신설선,가오리,3837,3857,7694
20210723,우이신설선,4.19민주묘지,2389,2337,4726
20210723,우이신설선,북한산우이,2473,2242,4715
20210723,우이신설선,신설동,1848,1713,3561
20210723,우이신설선,보문,1337,1297,2634
20210723,우이신설선,성신여대입구,2750,3003,5753
20210723,우이신설선,정릉,3771,3507,7278
20210723,우이신설선,솔밭공원,2163,2096,4259
20210724,우이신설선,성신여대입구,2118,2360,4478
20210724,우이신설선,솔밭공원,1412,1364,2776
20210724,우이신설선,가오리,2312,2221,4533
20210724,우이신설선,신설동,1075,1000,2075
20210724,우이신설선,보문,885,847,1732
20210724,우이신설선,정릉,2493,2132,4625
20210724,우이신설선,북한산우이,2419,2628,5047
20210724,우이신설선,솔샘,2731,2515,5246
20210724,우이신설선,삼양사거리,1564,1576,3140
20210724,우이신설선,삼양,1208,1282,2490
20210724,우이신설선,화계,1873,1787,3660
20210724,우이신설선,4.19민주묘지,1766,1541,3307
20210724,우이신설선,북한산보국문,3432,3143,6575
20210725,우이신설선,신설동,742,767,1509
20210725,우이신설선,보문,692,646,1338
20210725,우이신설선,성신여대입구,1553,1792,3345
20210725,우이신설선,정릉,1730,1469,3199
20210725,우이신설선,북한산보국문,2421,2293,4714
20210725,우이신설선,솔샘,1846,1791,3637
20210725,우이신설선,삼양사거리,1110,1116,2226
20210725,우이신설선,삼양,897,868,1765
20210725,우이신설선,화계,1454,1385,2839
20210725,우이신설선,4.19민주묘지,1455,1343,2798
20210725,우이신설선,솔밭공원,1072,1055,2127
20210725,우이신설선,북한산우이,2646,2725,5371
20210725,우이신설선,가오리,1716,1647,3363
20210726,우이신설선,4.19민주묘지,2322,2243,4565
20210726,우이신설선,가오리,3493,3569,7062
20210726,우이신설선,화계,2884,2745,5629
20210726,우이신설선,삼양,1818,1900,3718
20210726,우이신설선,삼양사거리,2214,2324,4538
20210726,우이신설선,솔샘,4793,4520,9313
20210726,우이신설선,솔밭공원,2117,2088,4205
20210726,우이신설선,정릉,3625,3555,7180
20210726,우이신설선,성신여대입구,2627,2816,5443
20210726,우이신설선,보문,1251,1240,2491
20210726,우이신설선,신설동,1870,1701,3571
20210726,우이신설선,북한산우이,2291,2131,4422
20210726,우이신설선,북한산보국문,4768,4766,9534
20210727,우이신설선,보문,1255,1283,2538
20210727,우이신설선,성신여대입구,2665,2866,5531
20210727,우이신설선,정릉,3722,3496,7218
20210727,우이신설선,북한산보국문,4904,4718,9622
20210727,우이신설선,솔샘,4707,4597,9304
20210727,우이신설선,삼양사거리,2269,2312,4581
20210727,우이신설선,신설동,1816,1724,3540
20210727,우이신설선,화계,2896,2767,5663
20210727,우이신설선,가오리,3523,3629,7152
20210727,우이신설선,4.19민주묘지,2416,2321,4737
20210727,우이신설선,솔밭공원,2113,2047,4160
20210727,우이신설선,북한산우이,2503,2369,4872
20210727,우이신설선,삼양,1754,1954,3708
20210728,우이신설선,신설동,1901,1726,3627
20210728,우이신설선,보문,1279,1273,2552
20210728,우이신설선,성신여대입구,2657,2803,5460
20210728,우이신설선,정릉,3715,3536,7251
20210728,우이신설선,북한산보국문,4877,4722,9599
20210728,우이신설선,솔샘,4740,4613,9353
20210728,우이신설선,삼양사거리,2209,2163,4372
20210728,우이신설선,화계,2828,2705,5533
20210728,우이신설선,가오리,3534,3633,7167
20210728,우이신설선,4.19민주묘지,2409,2215,4624
20210728,우이신설선,솔밭공원,2128,2143,4271
20210728,우이신설선,북한산우이,2364,2196,4560
20210728,우이신설선,삼양,1733,1907,3640
20210729,우이신설선,삼양,1738,1911,3649
20210729,우이신설선,솔밭공원,2111,2093,4204
20210729,우이신설선,4.19민주묘지,2325,2220,4545
20210729,우이신설선,가오리,3428,3480,6908
20210729,우이신설선,화계,2911,2767,5678
20210729,우이신설선,신설동,1826,1728,3554
20210729,우이신설선,북한산우이,2294,2170,4464
20210729,우이신설선,성신여대입구,2601,2818,5419
20210729,우이신설선,삼양사거리,2112,2211,4323
20210729,우이신설선,솔샘,4603,4362,8965
20210729,우이신설선,보문,1207,1236,2443
20210729,우이신설선,정릉,3695,3396,7091
20210729,우이신설선,북한산보국문,4746,4475,9221
20210730,우이신설선,솔밭공원,2097,2107,4204
20210730,우이신설선,4.19민주묘지,2365,2197,4562
20210730,우이신설선,가오리,3607,3492,7099
20210730,우이신설선,화계,2846,2633,5479
20210730,우이신설선,삼양,1741,1845,3586
20210730,우이신설선,삼양사거리,2164,2222,4386
20210730,우이신설선,북한산우이,2350,2193,4543
20210730,우이신설선,북한산보국문,4853,4655,9508
20210730,우이신설선,정릉,3714,3433,7147
20210730,우이신설선,성신여대입구,2595,2899,5494
20210730,우이신설선,보문,1253,1199,2452
20210730,우이신설선,신설동,1778,1720,3498
20210730,우이신설선,솔샘,4640,4403,9043
20210731,우이신설선,신설동,1073,1019,2092
20210731,우이신설선,보문,936,898,1834
20210731,우이신설선,성신여대입구,2192,2343,4535
20210731,우이신설선,정릉,2601,2212,4813
20210731,우이신설선,북한산보국문,3331,3088,6419
20210731,우이신설선,솔샘,2718,2498,5216
20210731,우이신설선,삼양사거리,1555,1512,3067
20210731,우이신설선,화계,1929,1796,3725
20210731,우이신설선,가오리,2297,2200,4497
20210731,우이신설선,4.19민주묘지,1733,1530,3263
20210731,우이신설선,북한산우이,2393,2550,4943
20210731,우이신설선,삼양,1197,1272,2469
20210731,우이신설선,솔밭공원,1440,1441,2881
20210801,우이신설선,삼양,966,951,1917
20210801,우이신설선,성신여대입구,1521,1660,3181
20210801,우이신설선,삼양사거리,1092,1081,2173
20210801,우이신설선,솔샘,1864,1713,3577
20210801,우이신설선,북한산보국문,2453,2252,4705
20210801,우이신설선,정릉,1806,1561,3367
20210801,우이신설선,보문,650,698,1348
20210801,우이신설선,북한산우이,2268,2318,4586
20210801,우이신설선,솔밭공원,1032,1093,2125
20210801,우이신설선,4.19민주묘지,1354,1249,2603
20210801,우이신설선,가오리,1714,1674,3388
20210801,우이신설선,화계,1385,1395,2780
20210801,우이신설선,신설동,797,726,1523
20210802,우이신설선,솔밭공원,2066,2018,4084
20210802,우이신설선,4.19민주묘지,2312,2147,4459
20210802,우이신설선,가오리,3483,3455,6938
20210802,우이신설선,화계,2710,2601,5311
20210802,우이신설선,삼양,1658,1841,3499
20210802,우이신설선,삼양사거리,2136,2175,4311
20210802,우이신설선,북한산우이,2114,1990,4104
20210802,우이신설선,북한산보국문,4585,4383,8968
20210802,우이신설선,정릉,3439,3269,6708
20210802,우이신설선,성신여대입구,2534,2814,5348
20210802,우이신설선,보문,1197,1226,2423
20210802,우이신설선,신설동,1686,1579,3265
20210802,우이신설선,솔샘,4457,4316,8773
20210803,우이신설선,북한산우이,2451,2317,4768
20210803,우이신설선,솔밭공원,2016,1974,3990
20210803,우이신설선,4.19민주묘지,2406,2330,4736
20210803,우이신설선,가오리,3525,3459,6984
20210803,우이신설선,화계,2674,2606,5280
20210803,우이신설선,삼양,1651,1761,3412
20210803,우이신설선,삼양사거리,2051,2148,4199
20210803,우이신설선,북한산보국문,4736,4577,9313
20210803,우이신설선,정릉,3606,3274,6880
20210803,우이신설선,성신여대입구,2616,2826,5442
20210803,우이신설선,보문,1221,1215,2436
20210803,우이신설선,신설동,1703,1560,3263
20210803,우이신설선,솔샘,4531,4329,8860
20210804,우이신설선,솔샘,4583,4253,8836
20210804,우이신설선,보문,1236,1175,2411
20210804,우이신설선,성신여대입구,2603,2948,5551
20210804,우이신설선,정릉,3638,3333,6971
20210804,우이신설선,북한산보국문,4677,4523,9200
20210804,우이신설선,삼양사거리,2083,2163,4246
20210804,우이신설선,신설동,1730,1627,3357
20210804,우이신설선,화계,2775,2656,5431
20210804,우이신설선,북한산우이,2376,2248,4624
20210804,우이신설선,솔밭공원,2077,2065,4142
20210804,우이신설선,삼양,1644,1745,3389
20210804,우이신설선,가오리,3512,3540,7052
20210804,우이신설선,4.19민주묘지,2380,2300,4680
20210805,우이신설선,보문,1285,1238,2523
20210805,우이신설선,정릉,3758,3417,7175
20210805,우이신설선,북한산보국문,4996,4789,9785
20210805,우이신설선,솔샘,4701,4540,9241
20210805,우이신설선,삼양,1735,1860,3595
20210805,우이신설선,화계,2824,2714,5538
20210805,우이신설선,삼양사거리,2078,2214,4292
20210805,우이신설선,4.19민주묘지,2430,2308,4738
20210805,우이신설선,솔밭공원,2103,2034,4137
20210805,우이신설선,북한산우이,2549,2425,4974
20210805,우이신설선,신설동,1789,1647,3436
20210805,우이신설선,성신여대입구,2605,2839,5444
20210805,우이신설선,가오리,3622,3728,7350
20210806,우이신설선,화계,2841,2657,5498
20210806,우이신설선,솔밭공원,2100,2043,4143
20210806,우이신설선,북한산우이,2515,2317,4832
20210806,우이신설선,4.19민주묘지,2397,2234,4631
20210806,우이신설선,가오리,3651,3538,7189
20210806,우이신설선,삼양,1702,1835,3537
20210806,우이신설선,보문,1265,1243,2508
20210806,우이신설선,솔샘,4666,4395,9061
20210806,우이신설선,북한산보국문,4913,4731,9644
20210806,우이신설선,정릉,3763,3402,7165
20210806,우이신설선,성신여대입구,2764,3084,5848
20210806,우이신설선,신설동,1775,1596,3371
20210806,우이신설선,삼양사거리,2195,2243,4438
20210807,우이신설선,신설동,1096,1025,2121
20210807,우이신설선,보문,882,906,1788
20210807,우이신설선,성신여대입구,2175,2508,4683
20210807,우이신설선,정릉,2659,2208,4867
20210807,우이신설선,솔샘,2926,2570,5496
20210807,우이신설선,북한산보국문,3476,3085,6561
20210807,우이신설선,삼양사거리,1598,1562,3160
20210807,우이신설선,화계,1998,1896,3894
20210807,우이신설선,가오리,2400,2302,4702
20210807,우이신설선,4.19민주묘지,1895,1658,3553
20210807,우이신설선,솔밭공원,1501,1479,2980
20210807,우이신설선,북한산우이,2604,2785,5389
20210807,우이신설선,삼양,1202,1322,2524
20210808,우이신설선,솔밭공원,1134,1105,2239
20210808,우이신설선,4.19민주묘지,1571,1420,2991
20210808,우이신설선,가오리,1856,1742,3598
20210808,우이신설선,화계,1485,1428,2913
20210808,우이신설선,삼양,856,883,1739
20210808,우이신설선,삼양사거리,1248,1228,2476
20210808,우이신설선,북한산우이,3253,3458,6711
20210808,우이신설선,북한산보국문,2629,2395,5024
20210808,우이신설선,정릉,1871,1592,3463
20210808,우이신설선,성신여대입구,1571,1799,3370
20210808,우이신설선,신설동,844,864,1708
20210808,우이신설선,보문,683,646,1329
20210808,우이신설선,솔샘,1995,1964,3959
20210809,우이신설선,삼양,1756,1883,3639
20210809,우이신설선,화계,2905,2846,5751
20210809,우이신설선,가오리,3751,3836,7587
20210809,우이신설선,4.19민주묘지,2477,2330,4807
20210809,우이신설선,솔밭공원,2146,2148,4294
20210809,우이신설선,북한산우이,2498,2437,4935
20210809,우이신설선,신설동,1772,1682,3454
20210809,우이신설선,성신여대입구,2730,3030,5760
20210809,우이신설선,정릉,3821,3539,7360
20210809,우이신설선,북한산보국문,4829,4787,9616
20210809,우이신설선,솔샘,4880,4773,9653
20210809,우이신설선,삼양사거리,2233,2290,4523
20210809,우이신설선,보문,1272,1216,2488
20210810,우이신설선,북한산우이,2757,2523,5280
20210810,우이신설선,솔밭공원,2157,2127,4284
20210810,우이신설선,4.19민주묘지,2506,2462,4968
20210810,우이신설선,가오리,3754,3818,7572
20210810,우이신설선,화계,2974,2843,5817
20210810,우이신설선,삼양,1742,1907,3649
20210810,우이신설선,삼양사거리,2208,2236,4444
20210810,우이신설선,북한산보국문,5169,5001,10170
20210810,우이신설선,신설동,1864,1724,3588
20210810,우이신설선,보문,1258,1179,2437
20210810,우이신설선,솔샘,4866,4707,9573
20210810,우이신설선,정릉,3884,3596,7480
20210810,우이신설선,성신여대입구,2710,2934,5644
20210811,우이신설선,보문,1286,1257,2543
20210811,우이신설선,성신여대입구,2679,3000,5679
20210811,우이신설선,정릉,3831,3554,7385
20210811,우이신설선,북한산보국문,4925,4776,9701
20210811,우이신설선,솔샘,4963,4714,9677
20210811,우이신설선,삼양사거리,2167,2292,4459
20210811,우이신설선,신설동,1767,1662,3429
20210811,우이신설선,화계,2919,2778,5697
20210811,우이신설선,가오리,3682,3816,7498
20210811,우이신설선,4.19민주묘지,2474,2398,4872
20210811,우이신설선,솔밭공원,2118,2088,4206
20210811,우이신설선,북한산우이,2561,2401,4962
20210811,우이신설선,삼양,1728,1884,3612
20210812,우이신설선,북한산우이,2614,2363,4977
20210812,우이신설선,솔밭공원,2171,2211,4382
20210812,우이신설선,4.19민주묘지,2405,2251,4656
20210812,우이신설선,가오리,3751,3820,7571
20210812,우이신설선,화계,2975,2812,5787
20210812,우이신설선,삼양,1731,1873,3604
20210812,우이신설선,삼양사거리,2140,2215,4355
20210812,우이신설선,북한산보국문,4908,4747,9655
20210812,우이신설선,정릉,3822,3582,7404
20210812,우이신설선,성신여대입구,2703,2871,5574
20210812,우이신설선,신설동,1775,1647,3422
20210812,우이신설선,솔샘,4884,4659,9543
20210812,우이신설선,보문,1201,1192,2393
20210813,우이신설선,신설동,1767,1664,3431
20210813,우이신설선,솔샘,4836,4513,9349
20210813,우이신설선,보문,1295,1216,2511
20210813,우이신설선,성신여대입구,2744,3008,5752
20210813,우이신설선,정릉,3928,3589,7517
20210813,우이신설선,북한산보국문,4953,4770,9723
20210813,우이신설선,삼양사거리,2263,2331,4594
20210813,우이신설선,화계,2943,2791,5734
20210813,우이신설선,가오리,3813,3750,7563
20210813,우이신설선,4.19민주묘지,2534,2329,4863
20210813,우이신설선,솔밭공원,2126,2015,4141
20210813,우이신설선,북한산우이,2488,2343,4831
20210813,우이신설선,삼양,1746,1870,3616
20210814,우이신설선,솔밭공원,1586,1496,3082
20210814,우이신설선,4.19민주묘지,2018,1752,3770
20210814,우이신설선,가오리,2594,2421,5015
20210814,우이신설선,화계,2175,2072,4247
20210814,우이신설선,삼양,1331,1359,2690
20210814,우이신설선,삼양사거리,1638,1634,3272
20210814,우이신설선,북한산우이,3200,3289,6489
20210814,우이신설선,북한산보국문,3726,3297,7023
20210814,우이신설선,정릉,2918,2407,5325
20210814,우이신설선,성신여대입구,2263,2527,4790
20210814,우이신설선,보문,909,883,1792
20210814,우이신설선,신설동,1198,1091,2289
20210814,우이신설선,솔샘,2961,2771,5732
20210815,우이신설선,북한산우이,3344,3444,6788
20210815,우이신설선,솔밭공원,1249,1290,2539
20210815,우이신설선,4.19민주묘지,1736,1449,3185
20210815,우이신설선,가오리,1956,1875,3831
20210815,우이신설선,화계,1671,1568,3239
20210815,우이신설선,삼양,1025,1061,2086
20210815,우이신설선,삼양사거리,1286,1243,2529
20210815,우이신설선,북한산보국문,2869,2698,5567
20210815,우이신설선,정릉,2086,1703,3789
20210815,우이신설선,성신여대입구,1657,2010,3667
20210815,우이신설선,보문,714,669,1383
20210815,우이신설선,신설동,975,951,1926
20210815,우이신설선,솔샘,2163,2036,4199
20210816,우이신설선,솔샘,2909,2749,5658
20210816,우이신설선,보문,933,922,1855
20210816,우이신설선,성신여대입구,2092,2352,4444
20210816,우이신설선,정릉,2595,2351,4946
20210816,우이신설선,북한산보국문,3525,3311,6836
20210816,우이신설선,삼양사거리,1687,1655,3342
20210816,우이신설선,신설동,1109,1068,2177
20210816,우이신설선,화계,2162,1987,4149
20210816,우이신설선,북한산우이,2489,2586,5075
20210816,우이신설선,솔밭공원,1607,1601,3208
20210816,우이신설선,삼양,1256,1384,2640
20210816,우이신설선,가오리,2469,2394,4863
20210816,우이신설선,4.19민주묘지,1925,1755,3680
20210817,우이신설선,신설동,1933,1826,3759
20210817,우이신설선,보문,1310,1303,2613
20210817,우이신설선,성신여대입구,2891,3040,5931
20210817,우이신설선,정릉,4004,3821,7825
20210817,우이신설선,솔샘,5006,4883,9889
20210817,우이신설선,삼양사거리,2344,2482,4826
20210817,우이신설선,북한산보국문,5174,5104,10278
20210817,우이신설선,화계,3144,2993,6137
20210817,우이신설선,가오리,3841,4025,7866
20210817,우이신설선,4.19민주묘지,2600,2492,5092
20210817,우이신설선,솔밭공원,2212,2243,4455
20210817,우이신설선,북한산우이,2503,2420,4923
20210817,우이신설선,삼양,1865,2087,3952
20210818,우이신설선,화계,3141,2962,6103
20210818,우이신설선,북한산우이,2487,2250,4737
20210818,우이신설선,솔밭공원,2324,2279,4603
20210818,우이신설선,4.19민주묘지,2508,2420,4928
20210818,우이신설선,가오리,3874,3859,7733
20210818,우이신설선,삼양,1772,2004,3776
20210818,우이신설선,보문,1347,1275,2622
20210818,우이신설선,솔샘,5101,4871,9972
20210818,우이신설선,북한산보국문,5265,5084,10349
20210818,우이신설선,정릉,4012,3779,7791
20210818,우이신설선,성신여대입구,2757,3041,5798
20210818,우이신설선,신설동,2029,1854,3883
20210818,우이신설선,삼양사거리,2295,2310,4605
20210819,우이신설선,솔샘,5088,4799,9887
20210819,우이신설선,신설동,2002,1949,3951
20210819,우이신설선,보문,1349,1295,2644
20210819,우이신설선,성신여대입구,2635,2906,5541
20210819,우이신설선,정릉,4172,3778,7950
20210819,우이신설선,삼양사거리,2244,2304,4548
20210819,우이신설선,북한산보국문,5261,5081,10342
20210819,우이신설선,화계,3096,2981,6077
20210819,우이신설선,삼양,1839,1976,3815
20210819,우이신설선,가오리,3940,3939,7879
20210819,우이신설선,4.19민주묘지,2619,2447,5066
20210819,우이신설선,솔밭공원,2246,2242,4488
20210819,우이신설선,북한산우이,2717,2461,5178
20210820,우이신설선,보문,1338,1387,2725
20210820,우이신설선,성신여대입구,2881,3084,5965
20210820,우이신설선,정릉,4090,3748,7838
20210820,우이신설선,북한산보국문,5323,5067,10390
20210820,우이신설선,솔샘,5093,4741,9834
20210820,우이신설선,삼양사거리,2301,2368,4669
20210820,우이신설선,신설동,2040,1928,3968
20210820,우이신설선,화계,3216,3039,6255
20210820,우이신설선,가오리,3945,3926,7871
20210820,우이신설선,4.19민주묘지,2695,2483,5178
20210820,우이신설선,솔밭공원,2302,2160,4462
20210820,우이신설선,북한산우이,2620,2390,5010
20210820,우이신설선,삼양,1885,2046,3931
20210821,우이신설선,북한산우이,1850,1940,3790
20210821,우이신설선,솔밭공원,1360,1341,2701
20210821,우이신설선,4.19민주묘지,1654,1471,3125
20210821,우이신설선,가오리,2287,2276,4563
20210821,우이신설선,화계,1847,1786,3633
20210821,우이신설선,삼양,1179,1241,2420
20210821,우이신설선,삼양사거리,1437,1364,2801
20210821,우이신설선,북한산보국문,3301,2968,6269
20210821,우이신설선,정릉,2550,2198,4748
20210821,우이신설선,성신여대입구,2004,2303,4307
20210821,우이신설선,보문,866,860,1726
20210821,우이신설선,신설동,1012,930,1942
20210821,우이신설선,솔샘,2720,2500,5220
20210822,우이신설선,북한산보국문,3115,2792,5907
20210822,우이신설선,신설동,1017,999,2016
20210822,우이신설선,보문,773,768,1541
20210822,우이신설선,성신여대입구,1800,2114,3914
20210822,우이신설선,정릉,2293,1924,4217
20210822,우이신설선,솔샘,2181,2096,4277
20210822,우이신설선,솔밭공원,1228,1254,2482
20210822,우이신설선,삼양,1041,1096,2137
20210822,우이신설선,화계,1786,1697,3483
20210822,우이신설선,가오리,2079,1925,4004
20210822,우이신설선,4.19민주묘지,1883,1644,3527
20210822,우이신설선,삼양사거리,1344,1347,2691
20210822,우이신설선,북한산우이,3576,3592,7168
20210823,우이신설선,신설동,2003,1933,3936
20210823,우이신설선,보문,1353,1366,2719
20210823,우이신설선,성신여대입구,2748,2937,5685
20210823,우이신설선,정릉,3988,3815,7803
20210823,우이신설선,북한산보국문,5109,5021,10130
20210823,우이신설선,솔샘,5110,4997,10107
20210823,우이신설선,삼양사거리,2246,2343,4589
20210823,우이신설선,삼양,1811,1915,3726
20210823,우이신설선,화계,3099,2970,6069
20210823,우이신설선,가오리,3799,3955,7754
20210823,우이신설선,4.19민주묘지,2401,2332,4733
20210823,우이신설선,솔밭공원,2234,2267,4501
20210823,우이신설선,북한산우이,2221,1953,4174
20210824,우이신설선,솔밭공원,2199,2139,4338
20210824,우이신설선,4.19민주묘지,2339,2243,4582
20210824,우이신설선,가오리,3639,3792,7431
20210824,우이신설선,화계,3004,2881,5885
20210824,우이신설선,삼양,1754,1942,3696
20210824,우이신설선,삼양사거리,2158,2259,4417
20210824,우이신설선,북한산우이,2131,1922,4053
20210824,우이신설선,북한산보국문,4977,4905,9882
20210824,우이신설선,정릉,3873,3663,7536
20210824,우이신설선,성신여대입구,2714,2853,5567
20210824,우이신설선,보문,1386,1319,2705
20210824,우이신설선,신설동,1938,1893,3831
20210824,우이신설선,솔샘,5075,4913,9988
20210825,우이신설선,솔밭공원,2346,2320,4666
20210825,우이신설선,4.19민주묘지,2616,2485,5101
20210825,우이신설선,가오리,4013,4042,8055
20210825,우이신설선,화계,3166,2983,6149
20210825,우이신설선,삼양,1846,1992,3838
20210825,우이신설선,삼양사거리,2350,2438,4788
20210825,우이신설선,북한산우이,2365,2141,4506
20210825,우이신설선,북한산보국문,5274,5215,10489
20210825,우이신설선,정릉,4270,3976,8246
20210825,우이신설선,성신여대입구,3035,3221,6256
20210825,우이신설선,보문,1413,1366,2779
20210825,우이신설선,신설동,2104,1998,4102
20210825,우이신설선,솔샘,5240,4964,10204
20210826,우이신설선,신설동,2097,2043,4140
20210826,우이신설선,보문,1387,1342,2729
20210826,우이신설선,성신여대입구,2877,3045,5922
20210826,우이신설선,정릉,4110,3843,7953
20210826,우이신설선,북한산보국문,5344,5212,10556
20210826,우이신설선,솔샘,5346,5076,10422
20210826,우이신설선,삼양사거리,2325,2398,4723
20210826,우이신설선,화계,3229,3081,6310
20210826,우이신설선,가오리,3943,3943,7886
20210826,우이신설선,4.19민주묘지,2698,2573,5271
20210826,우이신설선,솔밭공원,2352,2307,4659
20210826,우이신설선,북한산우이,2500,2329,4829
20210826,우이신설선,삼양,1905,2094,3999
20210827,우이신설선,솔샘,5227,4866,10093
20210827,우이신설선,보문,1352,1366,2718
20210827,우이신설선,성신여대입구,2932,3133,6065
20210827,우이신설선,정릉,4165,3848,8013
20210827,우이신설선,북한산보국문,5347,5130,10477
20210827,우이신설선,삼양사거리,2312,2389,4701
20210827,우이신설선,신설동,2032,2001,4033
20210827,우이신설선,화계,3142,2920,6062
20210827,우이신설선,가오리,3905,3819,7724
20210827,우이신설선,4.19민주묘지,2608,2432,5040
20210827,우이신설선,솔밭공원,2211,2129,4340
20210827,우이신설선,북한산우이,2258,2064,4322
20210827,우이신설선,삼양,1943,2034,3977
20210828,우이신설선,신설동,1286,1291,2577
20210828,우이신설선,보문,1028,983,2011
20210828,우이신설선,성신여대입구,2445,2809,5254
20210828,우이신설선,정릉,3079,2585,5664
20210828,우이신설선,북한산보국문,3931,3585,7516
20210828,우이신설선,솔샘,3268,2936,6204
20210828,우이신설선,솔밭공원,1640,1636,3276
20210828,우이신설선,삼양,1356,1426,2782
20210828,우이신설선,화계,2330,2090,4420
20210828,우이신설선,가오리,2685,2542,5227
20210828,우이신설선,4.19민주묘지,2189,1941,4130
20210828,우이신설선,삼양사거리,1755,1746,3501
20210828,우이신설선,북한산우이,3042,3062,6104
20210829,우이신설선,신설동,982,939,1921
20210829,우이신설선,보문,772,757,1529
20210829,우이신설선,성신여대입구,1754,2065,3819
20210829,우이신설선,정릉,2244,1890,4134
20210829,우이신설선,북한산보국문,3111,2853,5964
20210829,우이신설선,솔샘,2315,2130,4445
20210829,우이신설선,삼양사거리,1343,1327,2670
20210829,우이신설선,삼양,1106,1116,2222
20210829,우이신설선,화계,1804,1702,3506
20210829,우이신설선,가오리,2144,1993,4137
20210829,우이신설선,4.19민주묘지,1765,1501,3266
20210829,우이신설선,솔밭공원,1276,1313,2589
20210829,우이신설선,북한산우이,2524,2753,5277
20210830,우이신설선,솔밭공원,2322,2227,4549
20210830,우이신설선,4.19민주묘지,2766,2733,5499
20210830,우이신설선,가오리,3968,3975,7943
20210830,우이신설선,화계,3170,3091,6261
20210830,우이신설선,삼양,1905,2075,3980
20210830,우이신설선,삼양사거리,2344,2385,4729
20210830,우이신설선,북한산우이,2456,2304,4760
20210830,우이신설선,북한산보국문,5502,5313,10815
20210830,우이신설선,정릉,4204,3947,8151
20210830,우이신설선,성신여대입구,2915,3110,6025
20210830,우이신설선,보문,1461,1398,2859
20210830,우이신설선,신설동,2135,2067,4202
20210830,우이신설선,솔샘,5345,5145,10490
20210831,우이신설선,솔샘,5119,5017,10136
20210831,우이신설선,삼양사거리,2214,2288,4502
20210831,우이신설선,삼양,1803,1954,3757
20210831,우이신설선,화계,2964,2937,5901
20210831,우이신설선,가오리,3702,3918,7620
20210831,우이신설선,4.19민주묘지,2346,2356,4702
20210831,우이신설선,북한산보국문,5105,5259,10364
20210831,우이신설선,북한산우이,2229,2047,4276
20210831,우이신설선,신설동,1870,1921,3791
20210831,우이신설선,보문,1362,1406,2768
20210831,우이신설선,성신여대입구,2671,2881,5552
20210831,우이신설선,정릉,3957,3700,7657
20210831,우이신설선,솔밭공원,2141,2137,4278
20210901,우이신설선,북한산보국문,5504,5395,10899
20210901,우이신설선,솔샘,5293,4967,10260
20210901,우이신설선,삼양사거리,2339,2372,4711
20210901,우이신설선,삼양,1887,2073,3960
20210901,우이신설선,화계,3213,3034,6247
20210901,우이신설선,가오리,3877,3990,7867
20210901,우이신설선,솔밭공원,2268,2231,4499
20210901,우이신설선,북한산우이,2337,2105,4442
20210901,우이신설선,정릉,4150,3924,8074
20210901,우이신설선,성신여대입구,3001,3178,6179
20210901,우이신설선,보문,1464,1376,2840
20210901,우이신설선,신설동,2181,2040,4221
20210901,우이신설선,4.19민주묘지,2601,2451,5052
20210902,우이신설선,화계,3260,3059,6319
20210902,우이신설선,솔밭공원,2258,2260,4518
20210902,우이신설선,4.19민주묘지,2764,2674,5438
20210902,우이신설선,가오리,3919,3965,7884
20210902,우이신설선,삼양,1923,2097,4020
20210902,우이신설선,북한산우이,2552,2307,4859
20210902,우이신설선,삼양사거리,2337,2334,4671
20210902,우이신설선,신설동,2121,2038,4159
20210902,우이신설선,보문,1439,1423,2862
20210902,우이신설선,솔샘,5286,5022,10308
20210902,우이신설선,정릉,4348,3910,8258
20210902,우이신설선,북한산보국문,5632,5415,11047
20210902,우이신설선,성신여대입구,2886,3142,6028
20210903,우이신설선,솔밭공원,2373,2296,4669
20210903,우이신설선,4.19민주묘지,2838,2693,5531
20210903,우이신설선,가오리,4034,3952,7986
20210903,우이신설선,화계,3336,3051,6387
20210903,우이신설선,삼양,1898,2070,3968
20210903,우이신설선,삼양사거리,2473,2466,4939
20210903,우이신설선,북한산우이,2669,2455,5124
20210903,우이신설선,북한산보국문,5849,5485,11334
20210903,우이신설선,정릉,4446,4010,8456
20210903,우이신설선,성신여대입구,3097,3401,6498
20210903,우이신설선,보문,1552,1498,3050
20210903,우이신설선,신설동,2068,2066,4134
20210903,우이신설선,솔샘,5398,5097,10495
20210904,우이신설선,신설동,1314,1267,2581
20210904,우이신설선,보문,1041,1045,2086
20210904,우이신설선,성신여대입구,2680,3061,5741
20210904,우이신설선,정릉,3323,2715,6038
20210904,우이신설선,북한산보국문,4349,3856,8205
20210904,우이신설선,솔샘,3530,3172,6702
20210904,우이신설선,삼양사거리,1773,1746,3519
20210904,우이신설선,화계,2347,2263,4610
20210904,우이신설선,가오리,2863,2788,5651
20210904,우이신설선,4.19민주묘지,2364,1928,4292
20210904,우이신설선,북한산우이,3343,3486,6829
20210904,우이신설선,삼양,1452,1538,2990
20210904,우이신설선,솔밭공원,1698,1674,3372
20210905,우이신설선,북한산우이,3108,3324,6432
20210905,우이신설선,삼양,1110,1172,2282
20210905,우이신설선,솔밭공원,1297,1255,2552
20210905,우이신설선,4.19민주묘지,1946,1659,3605
20210905,우이신설선,가오리,2127,2068,4195
20210905,우이신설선,화계,1813,1727,3540
20210905,우이신설선,솔샘,2420,2254,4674
20210905,우이신설선,북한산보국문,3332,3058,6390
20210905,우이신설선,정릉,2318,1993,4311
20210905,우이신설선,성신여대입구,1952,2230,4182
20210905,우이신설선,보문,849,825,1674
20210905,우이신설선,신설동,1073,1085,2158
20210905,우이신설선,삼양사거리,1406,1316,2722
20210906,우이신설선,보문,1481,1503,2984
20210906,우이신설선,성신여대입구,2994,3261,6255
20210906,우이신설선,정릉,4234,4098,8332
20210906,우이신설선,북한산보국문,5519,5549,11068
20210906,우이신설선,솔샘,5436,5322,10758
20210906,우이신설선,삼양사거리,2474,2560,5034
20210906,우이신설선,신설동,2055,2063,4118
20210906,우이신설선,화계,3249,3147,6396
20210906,우이신설선,가오리,4001,4152,8153
20210906,우이신설선,4.19민주묘지,2756,2637,5393
20210906,우이신설선,솔밭공원,2309,2317,4626
20210906,우이신설선,북한산우이,2526,2368,4894
20210906,우이신설선,삼양,1987,2142,4129
20210907,우이신설선,신설동,1998,1950,3948
20210907,우이신설선,보문,1364,1364,2728
20210907,우이신설선,성신여대입구,2790,2936,5726
20210907,우이신설선,정릉,4062,3797,7859
20210907,우이신설선,북한산보국문,5136,5156,10292
20210907,우이신설선,솔샘,5116,4973,10089
20210907,우이신설선,삼양사거리,2207,2283,4490
20210907,우이신설선,화계,3031,2910,5941
20210907,우이신설선,가오리,3764,3836,7600
20210907,우이신설선,4.19민주묘지,2261,2316,4577
20210907,우이신설선,솔밭공원,2117,2074,4191
20210907,우이신설선,북한산우이,2446,2164,4610
20210907,우이신설선,삼양,1821,1931,3752
20210908,우이신설선,북한산우이,2699,2512,5211
20210908,우이신설선,솔밭공원,2413,2368,4781
20210908,우이신설선,4.19민주묘지,2963,2867,5830
20210908,우이신설선,가오리,4169,4133,8302
20210908,우이신설선,화계,3383,3206,6589
20210908,우이신설선,삼양,2018,2121,4139
20210908,우이신설선,삼양사거리,2472,2531,5003
20210908,우이신설선,북한산보국문,5659,5557,11216
20210908,우이신설선,정릉,4495,4121,8616
20210908,우이신설선,성신여대입구,3105,3256,6361
20210908,우이신설선,보문,1548,1476,3024
20210908,우이신설선,신설동,2147,2134,4281
20210908,우이신설선,솔샘,5554,5202,10756
20210909,우이신설선,북한산우이,2939,2750,5689
20210909,우이신설선,신설동,2152,2128,4280
20210909,우이신설선,보문,1480,1487,2967
20210909,우이신설선,성신여대입구,3089,3238,6327
20210909,우이신설선,정릉,4535,4075,8610
20210909,우이신설선,북한산보국문,5654,5474,11128
20210909,우이신설선,솔샘,5500,5241,10741
20210909,우이신설선,삼양사거리,2443,2499,4942
20210909,우이신설선,삼양,1940,2108,4048
20210909,우이신설선,화계,3364,3196,6560
20210909,우이신설선,가오리,4143,4163,8306
20210909,우이신설선,4.19민주묘지,2936,2758,5694
20210909,우이신설선,솔밭공원,2452,2398,4850
20210910,우이신설선,솔밭공원,2472,2371,4843
20210910,우이신설선,4.19민주묘지,2966,2838,5804
20210910,우이신설선,가오리,4205,4087,8292
20210910,우이신설선,화계,3445,3196,6641
20210910,우이신설선,삼양,2020,2163,4183
20210910,우이신설선,삼양사거리,2544,2537,5081
20210910,우이신설선,북한산우이,2643,2443,5086
20210910,우이신설선,북한산보국문,5832,5533,11365
20210910,우이신설선,정릉,4631,4085,8716
20210910,우이신설선,성신여대입구,3162,3388,6550
20210910,우이신설선,보문,1527,1533,3060
20210910,우이신설선,신설동,2189,2126,4315
20210910,우이신설선,솔샘,5527,5170,10697
20210911,우이신설선,보문,1063,1042,2105
20210911,우이신설선,성신여대입구,2774,3142,5916
20210911,우이신설선,정릉,3307,2833,6140
20210911,우이신설선,북한산보국문,4407,3824,8231
20210911,우이신설선,솔샘,3525,3174,6699
20210911,우이신설선,삼양사거리,1776,1757,3533
20210911,우이신설선,신설동,1360,1320,2680
20210911,우이신설선,화계,2423,2179,4602
20210911,우이신설선,가오리,2923,2738,5661
20210911,우이신설선,4.19민주묘지,2319,2056,4375
20210911,우이신설선,솔밭공원,1789,1688,3477
20210911,우이신설선,북한산우이,3100,3324,6424
20210911,우이신설선,삼양,1474,1576,3050
20210912,우이신설선,북한산우이,3297,3417,6714
20210912,우이신설선,솔밭공원,1285,1321,2606
20210912,우이신설선,4.19민주묘지,1872,1658,3530
20210912,우이신설선,가오리,2230,2050,4280
20210912,우이신설선,화계,1894,1825,3719
20210912,우이신설선,삼양,1003,1106,2109
20210912,우이신설선,삼양사거리,1490,1434,2924
20210912,우이신설선,북한산보국문,3371,3191,6562
20210912,우이신설선,정릉,2381,2057,4438
20210912,우이신설선,성신여대입구,2006,2256,4262
20210912,우이신설선,보문,829,863,1692
20210912,우이신설선,신설동,1044,1103,2147
20210912,우이신설선,솔샘,2542,2303,4845
20210913,우이신설선,삼양,2045,2256,4301
20210913,우이신설선,솔밭공원,2428,2419,4847
20210913,우이신설선,4.19민주묘지,2916,2808,5724
20210913,우이신설선,가오리,4184,4203,8387
20210913,우이신설선,화계,3384,3133,6517
20210913,우이신설선,삼양사거리,2605,2508,5113
20210913,우이신설선,북한산우이,2512,2354,4866
20210913,우이신설선,북한산보국문,5652,5473,11125
20210913,우이신설선,신설동,2164,2070,4234
20210913,우이신설선,보문,1495,1453,2948
20210913,우이신설선,솔샘,5481,5220,10701
20210913,우이신설선,정릉,4396,4137,8533
20210913,우이신설선,성신여대입구,3081,3279,6360
20210914,우이신설선,솔밭공원,2424,2376,4800
20210914,우이신설선,4.19민주묘지,2948,2781,5729
20210914,우이신설선,가오리,4173,4242,8415
20210914,우이신설선,화계,3413,3203,6616
20210914,우이신설선,삼양,2131,2266,4397
20210914,우이신설선,삼양사거리,2580,2635,5215
20210914,우이신설선,북한산우이,2624,2345,4969
20210914,우이신설선,북한산보국문,5689,5540,11229
20210914,우이신설선,정릉,4514,4043,8557
20210914,우이신설선,성신여대입구,3058,3378,6436
20210914,우이신설선,보문,1483,1397,2880
20210914,우이신설선,신설동,2152,2152,4304
20210914,우이신설선,솔샘,5537,5303,10840
20210915,우이신설선,북한산우이,2714,2410,5124
20210915,우이신설선,솔밭공원,2502,2392,4894
20210915,우이신설선,4.19민주묘지,2993,2854,5847
20210915,우이신설선,가오리,4236,4221,8457
20210915,우이신설선,화계,3468,3264,6732
20210915,우이신설선,삼양,2121,2270,4391
20210915,우이신설선,삼양사거리,2524,2580,5104
20210915,우이신설선,북한산보국문,5775,5562,11337
20210915,우이신설선,정릉,4511,4119,8630
20210915,우이신설선,성신여대입구,3120,3350,6470
20210915,우이신설선,신설동,2238,2187,4425
20210915,우이신설선,솔샘,5602,5350,10952
20210915,우이신설선,보문,1523,1495,3018
20210916,우이신설선,신설동,2244,2155,4399
20210916,우이신설선,솔샘,5616,5247,10863
20210916,우이신설선,보문,1588,1479,3067
20210916,우이신설선,성신여대입구,3336,3379,6715
20210916,우이신설선,정릉,4616,4154,8770
20210916,우이신설선,북한산보국문,5792,5596,11388
20210916,우이신설선,삼양사거리,2637,2579,5216
20210916,우이신설선,화계,3432,3164,6596
20210916,우이신설선,가오리,4093,4128,8221
20210916,우이신설선,4.19민주묘지,2920,2741,5661
20210916,우이신설선,솔밭공원,2507,2448,4955
20210916,우이신설선,북한산우이,2719,2464,5183
20210916,우이신설선,삼양,2111,2237,4348
20210917,우이신설선,보문,1540,1535,3075
20210917,우이신설선,성신여대입구,3257,3525,6782
20210917,우이신설선,정릉,4624,4200,8824
20210917,우이신설선,북한산보국문,5955,5522,11477
20210917,우이신설선,솔샘,5638,5207,10845
20210917,우이신설선,삼양사거리,2622,2603,5225
20210917,우이신설선,신설동,2136,2158,4294
20210917,우이신설선,화계,3374,3122,6496
20210917,우이신설선,가오리,4155,4067,8222
20210917,우이신설선,4.19민주묘지,2910,2754,5664
20210917,우이신설선,솔밭공원,2460,2255,4715
20210917,우이신설선,북한산우이,2477,2264,4741
20210917,우이신설선,삼양,2065,2223,4288
20210918,우이신설선,신설동,1283,1343,2626
20210918,우이신설선,보문,1016,929,1945
20210918,우이신설선,성신여대입구,2510,2844,5354
20210918,우이신설선,정릉,3273,2632,5905
20210918,우이신설선,북한산보국문,4145,3606,7751
20210918,우이신설선,솔샘,3425,2947,6372
20210918,우이신설선,삼양사거리,1855,1774,3629
20210918,우이신설선,화계,2358,2133,4491
20210918,우이신설선,가오리,2822,2570,5392
20210918,우이신설선,4.19민주묘지,2253,1843,4096
20210918,우이신설선,솔밭공원,1741,1642,3383
20210918,우이신설선,북한산우이,3210,3147,6357
20210918,우이신설선,삼양,1387,1411,2798
20210919,우이신설선,삼양,1070,1091,2161
20210919,우이신설선,솔밭공원,1286,1245,2531
20210919,우이신설선,4.19민주묘지,1712,1419,3131
20210919,우이신설선,가오리,2075,1930,4005
20210919,우이신설선,화계,1855,1611,3466
20210919,우이신설선,삼양사거리,1378,1313,2691
20210919,우이신설선,북한산우이,2800,2861,5661
20210919,우이신설선,북한산보국문,3164,2671,5835
20210919,우이신설선,신설동,1035,994,2029
20210919,우이신설선,보문,760,715,1475
20210919,우이신설선,솔샘,2486,2218,4704
20210919,우이신설선,정릉,2320,1897,4217
20210919,우이신설선,성신여대입구,1764,1973,3737
20210920,우이신설선,북한산우이,2320,2432,4752
20210920,우이신설선,솔밭공원,1120,1168,2288
20210920,우이신설선,4.19민주묘지,1312,1204,2516
20210920,우이신설선,가오리,1781,1732,3513
20210920,우이신설선,삼양,900,962,1862
20210920,우이신설선,삼양사거리,1173,1109,2282
20210920,우이신설선,화계,1480,1362,2842
20210920,우이신설선,북한산보국문,2530,2217,4747
20210920,우이신설선,정릉,1843,1547,3390
20210920,우이신설선,성신여대입구,1490,1607,3097
20210920,우이신설선,보문,628,591,1219
20210920,우이신설선,신설동,716,746,1462
20210920,우이신설선,솔샘,1980,1734,3714
20210921,우이신설선,화계,1316,1232,2548
20210921,우이신설선,솔밭공원,876,907,1783
20210921,우이신설선,북한산우이,1777,1866,3643
20210921,우이신설선,4.19민주묘지,1128,979,2107
20210921,우이신설선,가오리,1521,1468,2989
20210921,우이신설선,삼양,742,790,1532
20210921,우이신설선,보문,468,526,994
20210921,우이신설선,솔샘,1714,1678,3392
20210921,우이신설선,북한산보국문,2127,2021,4148
20210921,우이신설선,정릉,1625,1389,3014
20210921,우이신설선,성신여대입구,987,1168,2155
20210921,우이신설선,신설동,539,511,1050
20210921,우이신설선,삼양사거리,981,905,1886
20210922,우이신설선,북한산우이,2280,2482,4762
20210922,우이신설선,솔밭공원,1123,1168,2291
20210922,우이신설선,4.19민주묘지,1623,1458,3081
20210922,우이신설선,가오리,1910,1773,3683
20210922,우이신설선,삼양,954,990,1944
20210922,우이신설선,화계,1603,1529,3132
20210922,우이신설선,삼양사거리,1238,1244,2482
20210922,우이신설선,북한산보국문,2746,2688,5434
20210922,우이신설선,정릉,2071,1758,3829
20210922,우이신설선,성신여대입구,1628,1972,3600
20210922,우이신설선,보문,644,658,1302
20210922,우이신설선,신설동,835,768,1603
20210922,우이신설선,솔샘,2393,2207,4600
20210923,우이신설선,보문,1365,1369,2734
20210923,우이신설선,성신여대입구,2819,3108,5927
20210923,우이신설선,정릉,4191,3835,8026
20210923,우이신설선,북한산보국문,5268,5213,10481
20210923,우이신설선,솔샘,5202,4917,10119
20210923,우이신설선,삼양사거리,2396,2533,4929
20210923,우이신설선,신설동,2041,1949,3990
20210923,우이신설선,화계,3237,3100,6337
20210923,우이신설선,가오리,3861,3916,7777
20210923,우이신설선,4.19민주묘지,2675,2630,5305
20210923,우이신설선,솔밭공원,2314,2275,4589
20210923,우이신설선,북한산우이,2632,2500,5132
20210923,우이신설선,삼양,1822,1992,3814
20210924,우이신설선,신설동,2198,2038,4236
20210924,우이신설선,보문,1431,1477,2908
20210924,우이신설선,성신여대입구,3017,3482,6499
20210924,우이신설선,정릉,4508,4083,8591
20210924,우이신설선,북한산보국문,5698,5555,11253
20210924,우이신설선,솔샘,5544,5087,10631
20210924,우이신설선,삼양사거리,2457,2455,4912
20210924,우이신설선,화계,3348,3018,6366
20210924,우이신설선,가오리,4087,3987,8074
20210924,우이신설선,4.19민주묘지,2808,2676,5484
20210924,우이신설선,솔밭공원,2346,2295,4641
20210924,우이신설선,북한산우이,2733,2639,5372
20210924,우이신설선,삼양,1919,2071,3990
20210925,우이신설선,북한산우이,3272,3367,6639
20210925,우이신설선,솔밭공원,1651,1571,3222
20210925,우이신설선,4.19민주묘지,2319,2063,4382
20210925,우이신설선,가오리,2669,2517,5186
20210925,우이신설선,화계,2382,2164,4546
20210925,우이신설선,삼양,1359,1532,2891
20210925,우이신설선,삼양사거리,1827,1760,3587
20210925,우이신설선,북한산보국문,4219,3906,8125
20210925,우이신설선,신설동,1392,1275,2667
20210925,우이신설선,보문,1006,973,1979
20210925,우이신설선,솔샘,3449,3079,6528
20210925,우이신설선,정릉,3133,2655,5788
20210925,우이신설선,성신여대입구,2570,3000,5570
20210926,우이신설선,솔밭공원,1326,1340,2666
20210926,우이신설선,4.19민주묘지,1950,1701,3651
20210926,우이신설선,가오리,2183,2035,4218
20210926,우이신설선,화계,1894,1751,3645
20210926,우이신설선,삼양,1064,1118,2182
20210926,우이신설선,삼양사거리,1495,1471,2966
20210926,우이신설선,북한산우이,3237,3437,6674
20210926,우이신설선,북한산보국문,3241,3007,6248
20210926,우이신설선,정릉,2357,1995,4352
20210926,우이신설선,성신여대입구,1990,2181,4171
20210926,우이신설선,보문,849,806,1655
20210926,우이신설선,신설동,1055,1005,2060
20210926,우이신설선,솔샘,2527,2361,4888
20210927,우이신설선,신설동,2159,2016,4175
20210927,우이신설선,보문,1488,1449,2937
20210927,우이신설선,성신여대입구,2952,3207,6159
20210927,우이신설선,정릉,4306,4088,8394
20210927,우이신설선,북한산보국문,5578,5567,11145
20210927,우이신설선,솔샘,5598,5330,10928
20210927,우이신설선,삼양사거리,2503,2570,5073
20210927,우이신설선,화계,3324,3188,6512
20210927,우이신설선,가오리,4001,4093,8094
20210927,우이신설선,4.19민주묘지,2863,2705,5568
20210927,우이신설선,북한산우이,2542,2357,4899
20210927,우이신설선,삼양,1986,2127,4113
20210927,우이신설선,솔밭공원,2387,2407,4794
20210928,우이신설선,북한산보국문,5672,5813,11485
20210928,우이신설선,가오리,4023,4124,8147
20210928,우이신설선,솔샘,5536,5439,10975
20210928,우이신설선,삼양사거리,2487,2574,5061
20210928,우이신설선,삼양,1979,2145,4124
20210928,우이신설선,화계,3380,3262,6642
20210928,우이신설선,4.19민주묘지,2739,2627,5366
20210928,우이신설선,북한산우이,2549,2318,4867
20210928,우이신설선,신설동,2075,2023,4098
20210928,우이신설선,보문,1441,1431,2872
20210928,우이신설선,성신여대입구,3032,3317,6349
20210928,우이신설선,정릉,4429,4101,8530
20210928,우이신설선,솔밭공원,2437,2378,4815
20210929,우이신설선,보문,1406,1354,2760
20210929,우이신설선,성신여대입구,2886,3174,6060
20210929,우이신설선,정릉,4220,3982,8202
20210929,우이신설선,북한산보국문,5420,5291,10711
20210929,우이신설선,솔샘,5419,5042,10461
20210929,우이신설선,삼양사거리,2238,2359,4597
20210929,우이신설선,신설동,2044,1995,4039
20210929,우이신설선,화계,3088,2970,6058
20210929,우이신설선,가오리,3880,3875,7755
20210929,우이신설선,4.19민주묘지,2463,2377,4840
20210929,우이신설선,솔밭공원,2234,2143,4377
20210929,우이신설선,북한산우이,2124,1873,3997
20210929,우이신설선,삼양,1766,1940,3706
20210930,우이신설선,성신여대입구,3026,3271,6297
20210930,우이신설선,보문,1438,1511,2949
20210930,우이신설선,신설동,2211,2142,4353
20210930,우이신설선,북한산우이,2784,2577,5361
20210930,우이신설선,솔밭공원,2434,2417,4851
20210930,우이신설선,4.19민주묘지,2953,2723,5676
20210930,우이신설선,가오리,4173,4080,8253
20210930,우이신설선,삼양,2033,2133,4166
20210930,우이신설선,삼양사거리,2497,2505,5002
20210930,우이신설선,솔샘,5564,5276,10840
20210930,우이신설선,북한산보국문,5753,5588,11341
20210930,우이신설선,정릉,4476,4066,8542
20210930,우이신설선,화계,3403,3219,6622
20211001,우이신설선,삼양,2023,2147,4170
20211001,우이신설선,북한산우이,2816,2586,5402
20211001,우이신설선,솔밭공원,2331,2275,4606
20211001,우이신설선,4.19민주묘지,2896,2685,5581
20211001,우이신설선,화계,3403,3115,6518
20211001,우이신설선,삼양사거리,2517,2601,5118
20211001,우이신설선,가오리,4153,4020,8173
20211001,우이신설선,북한산보국문,5906,5788,11694
20211001,우이신설선,정릉,4650,4240,8890
20211001,우이신설선,솔샘,5614,5259,10873
20211001,우이신설선,성신여대입구,3288,3486,6774
20211001,우이신설선,보문,1531,1498,3029
20211001,우이신설선,신설동,2187,2151,4338
20211002,우이신설선,북한산우이,3232,3385,6617
20211002,우이신설선,솔밭공원,1818,1677,3495
20211002,우이신설선,4.19민주묘지,2264,2060,4324
20211002,우이신설선,가오리,2807,2635,5442
20211002,우이신설선,화계,2358,2150,4508
20211002,우이신설선,삼양,1477,1513,2990
20211002,우이신설선,삼양사거리,1810,1735,3545
20211002,우이신설선,솔샘,3516,3184,6700
20211002,우이신설선,북한산보국문,4755,4227,8982
20211002,우이신설선,정릉,3586,2842,6428
20211002,우이신설선,성신여대입구,2558,2944,5502
20211002,우이신설선,보문,1049,1019,2068
20211002,우이신설선,신설동,1275,1227,2502
20211003,우이신설선,솔밭공원,1397,1301,2698
20211003,우이신설선,4.19민주묘지,1985,1689,3674
20211003,우이신설선,가오리,2270,2054,4324
20211003,우이신설선,화계,1831,1757,3588
20211003,우이신설선,삼양,1171,1209,2380
20211003,우이신설선,삼양사거리,1551,1417,2968
20211003,우이신설선,북한산우이,3674,3779,7453
20211003,우이신설선,북한산보국문,3588,3323,6911
20211003,우이신설선,정릉,2544,2174,4718
20211003,우이신설선,성신여대입구,2033,2446,4479
20211003,우이신설선,보문,835,826,1661
20211003,우이신설선,신설동,1106,1116,2222
20211003,우이신설선,솔샘,2593,2347,4940
20211004,우이신설선,보문,946,916,1862
20211004,우이신설선,성신여대입구,2189,2398,4587
20211004,우이신설선,정릉,2726,2407,5133
20211004,우이신설선,북한산보국문,3710,3537,7247
20211004,우이신설선,솔샘,2906,2724,5630
20211004,우이신설선,삼양사거리,1633,1615,3248
20211004,우이신설선,신설동,1176,1117,2293
20211004,우이신설선,화계,2131,2070,4201
20211004,우이신설선,가오리,2406,2481,4887
20211004,우이신설선,4.19민주묘지,1964,1714,3678
20211004,우이신설선,솔밭공원,1461,1537,2998
20211004,우이신설선,북한산우이,2285,2305,4590
20211004,우이신설선,삼양,1284,1404,2688
20211005,우이신설선,북한산우이,2483,2229,4712
20211005,우이신설선,솔밭공원,2496,2365,4861
20211005,우이신설선,4.19민주묘지,2703,2720,5423
20211005,우이신설선,가오리,4155,4140,8295
20211005,우이신설선,화계,3418,3222,6640
20211005,우이신설선,삼양,1979,2200,4179
20211005,우이신설선,삼양사거리,2462,2492,4954
20211005,우이신설선,북한산보국문,5646,5466,11112
20211005,우이신설선,정릉,4410,4088,8498
20211005,우이신설선,성신여대입구,3098,3296,6394
20211005,우이신설선,보문,1504,1471,2975
20211005,우이신설선,신설동,2078,2057,4135
20211005,우이신설선,솔샘,5637,5437,11074
20211006,우이신설선,솔샘,5642,5236,10878
20211006,우이신설선,보문,1471,1455,2926
20211006,우이신설선,성신여대입구,3014,3268,6282
20211006,우이신설선,정릉,4459,4062,8521
20211006,우이신설선,북한산보국문,5641,5533,11174
20211006,우이신설선,삼양사거리,2345,2375,4720
20211006,우이신설선,신설동,2062,1949,4011
20211006,우이신설선,화계,3219,3005,6224
20211006,우이신설선,북한산우이,2782,2498,5280
20211006,우이신설선,솔밭공원,2311,2257,4568
20211006,우이신설선,삼양,1836,1935,3771
20211006,우이신설선,가오리,3984,3942,7926
20211006,우이신설선,4.19민주묘지,2536,2571,5107
20211007,우이신설선,보문,1516,1460,2976
20211007,우이신설선,성신여대입구,3016,3289,6305
20211007,우이신설선,정릉,4453,4073,8526
20211007,우이신설선,북한산보국문,5650,5486,11136
20211007,우이신설선,솔샘,5618,5324,10942
20211007,우이신설선,삼양사거리,2445,2465,4910
20211007,우이신설선,신설동,2141,2074,4215
20211007,우이신설선,화계,3300,3123,6423
20211007,우이신설선,가오리,4131,4088,8219
20211007,우이신설선,4.19민주묘지,2772,2640,5412
20211007,우이신설선,솔밭공원,2452,2304,4756
20211007,우이신설선,북한산우이,2509,2293,4802
20211007,우이신설선,삼양,1938,2052,3990
20211008,우이신설선,북한산우이,2650,2407,5057
20211008,우이신설선,솔밭공원,2316,2181,4497
20211008,우이신설선,4.19민주묘지,2714,2687,5401
20211008,우이신설선,가오리,4185,4074,8259
20211008,우이신설선,화계,3284,3070,6354
20211008,우이신설선,삼양,1904,1992,3896
20211008,우이신설선,삼양사거리,2407,2474,4881
20211008,우이신설선,북한산보국문,5739,5527,11266
20211008,우이신설선,정릉,4575,4075,8650
20211008,우이신설선,성신여대입구,3179,3456,6635
20211008,우이신설선,신설동,2143,2087,4230
20211008,우이신설선,솔샘,5628,5145,10773
20211008,우이신설선,보문,1510,1457,2967
20211009,우이신설선,신설동,1284,1199,2483
20211009,우이신설선,솔샘,3242,2877,6119
20211009,우이신설선,보문,965,884,1849
20211009,우이신설선,성신여대입구,2295,2680,4975
20211009,우이신설선,정릉,3158,2553,5711
20211009,우이신설선,북한산보국문,4213,3749,7962
20211009,우이신설선,삼양사거리,1773,1684,3457
20211009,우이신설선,화계,2333,2149,4482
20211009,우이신설선,가오리,2727,2570,5297
20211009,우이신설선,4.19민주묘지,2657,2243,4900
20211009,우이신설선,솔밭공원,1710,1556,3266
20211009,우이신설선,북한산우이,3354,3317,6671
20211009,우이신설선,삼양,1376,1477,2853
20211010,우이신설선,솔밭공원,1170,1128,2298
20211010,우이신설선,4.19민주묘지,1666,1459,3125
20211010,우이신설선,가오리,2030,1915,3945
20211010,우이신설선,화계,1629,1543,3172
20211010,우이신설선,삼양,958,987,1945
20211010,우이신설선,삼양사거리,1318,1248,2566
20211010,우이신설선,북한산우이,2353,2481,4834
20211010,우이신설선,북한산보국문,3068,2823,5891
20211010,우이신설선,정릉,2188,1923,4111
20211010,우이신설선,성신여대입구,1854,2106,3960
20211010,우이신설선,보문,753,733,1486
20211010,우이신설선,신설동,872,805,1677
20211010,우이신설선,솔샘,2317,2195,4512
20211011,우이신설선,신설동,1324,1275,2599
20211011,우이신설선,보문,946,1005,1951
20211011,우이신설선,성신여대입구,2357,2677,5034
20211011,우이신설선,정릉,3154,2678,5832
20211011,우이신설선,북한산보국문,4010,3701,7711
20211011,우이신설선,솔샘,3285,3052,6337
20211011,우이신설선,삼양사거리,1877,1825,3702
20211011,우이신설선,화계,2288,2210,4498
20211011,우이신설선,가오리,2763,2635,5398
20211011,우이신설선,4.19민주묘지,2105,1934,4039
20211011,우이신설선,솔밭공원,1670,1613,3283
20211011,우이신설선,북한산우이,2815,2843,5658
20211011,우이신설선,삼양,1468,1571,3039
20211012,우이신설선,솔샘,5692,5374,11066
20211012,우이신설선,보문,1523,1489,3012
20211012,우이신설선,성신여대입구,3001,3356,6357
20211012,우이신설선,정릉,4443,4171,8614
20211012,우이신설선,북한산보국문,5814,5527,11341
20211012,우이신설선,삼양사거리,2521,2524,5045
20211012,우이신설선,신설동,2089,2107,4196
20211012,우이신설선,화계,3443,3282,6725
20211012,우이신설선,북한산우이,2675,2409,5084
20211012,우이신설선,솔밭공원,2399,2373,4772
20211012,우이신설선,삼양,2058,2073,4131
20211012,우이신설선,가오리,4185,4262,8447
20211012,우이신설선,4.19민주묘지,2828,2666,5494
20211013,우이신설선,북한산우이,2830,2547,5377
20211013,우이신설선,솔밭공원,2448,2370,4818
20211013,우이신설선,4.19민주묘지,2994,2835,5829
20211013,우이신설선,가오리,4161,4036,8197
20211013,우이신설선,삼양,1924,2107,4031
20211013,우이신설선,삼양사거리,2475,2478,4953
20211013,우이신설선,화계,3347,3189,6536
20211013,우이신설선,북한산보국문,5742,5628,11370
20211013,우이신설선,정릉,4621,4165,8786
20211013,우이신설선,성신여대입구,3029,3263,6292
20211013,우이신설선,보문,1455,1488,2943
20211013,우이신설선,신설동,2199,2091,4290
20211013,우이신설선,솔샘,5677,5399,11076
20211014,우이신설선,솔샘,5698,5362,11060
20211014,우이신설선,화계,3357,3238,6595
20211014,우이신설선,가오리,4184,4164,8348
20211014,우이신설선,삼양,1982,2119,4101
20211014,우이신설선,삼양사거리,2406,2409,4815
20211014,우이신설선,북한산보국문,5723,5514,11237
20211014,우이신설선,4.19민주묘지,3031,2866,5897
20211014,우이신설선,성신여대입구,3023,3224,6247
20211014,우이신설선,보문,1473,1492,2965
20211014,우이신설선,신설동,2173,2185,4358
20211014,우이신설선,솔밭공원,2412,2368,4780
20211014,우이신설선,북한산우이,2990,2730,5720
20211014,우이신설선,정릉,4572,4114,8686
20211015,우이신설선,신설동,2126,2061,4187
20211015,우이신설선,보문,1512,1519,3031
20211015,우이신설선,성신여대입구,3246,3393,6639
20211015,우이신설선,정릉,4650,4127,8777
20211015,우이신설선,솔샘,5657,5299,10956
20211015,우이신설선,북한산보국문,5918,5537,11455
20211015,우이신설선,삼양사거리,2533,2516,5049
20211015,우이신설선,화계,3408,3196,6604
20211015,우이신설선,가오리,4219,4073,8292
20211015,우이신설선,4.19민주묘지,2884,2675,5559
20211015,우이신설선,솔밭공원,2434,2261,4695
20211015,우이신설선,북한산우이,2657,2359,5016
20211015,우이신설선,삼양,1993,2117,4110
20211016,우이신설선,보문,1099,1069,2168
20211016,우이신설선,성신여대입구,2638,2959,5597
20211016,우이신설선,정릉,3451,2924,6375
20211016,우이신설선,북한산보국문,4416,3962,8378
20211016,우이신설선,솔샘,3664,3387,7051
20211016,우이신설선,삼양사거리,1887,1836,3723
20211016,우이신설선,신설동,1352,1256,2608
20211016,우이신설선,화계,2471,2325,4796
20211016,우이신설선,가오리,2836,2739,5575
20211016,우이신설선,4.19민주묘지,2258,1991,4249
20211016,우이신설선,솔밭공원,1722,1713,3435
20211016,우이신설선,북한산우이,3656,3540,7196
20211016,우이신설선,삼양,1429,1558,2987
20211017,우이신설선,신설동,1143,1138,2281
20211017,우이신설선,보문,815,829,1644
20211017,우이신설선,성신여대입구,1994,2168,4162
20211017,우이신설선,정릉,2366,2082,4448
20211017,우이신설선,북한산보국문,3325,3145,6470
20211017,우이신설선,솔샘,2472,2286,4758
20211017,우이신설선,삼양사거리,1436,1391,2827
20211017,우이신설선,화계,1808,1700,3508
20211017,우이신설선,가오리,2186,2037,4223
20211017,우이신설선,4.19민주묘지,1662,1512,3174
20211017,우이신설선,솔밭공원,1297,1192,2489
20211017,우이신설선,북한산우이,3128,3104,6232
20211017,우이신설선,삼양,1135,1176,2311
20211018,우이신설선,신설동,2090,2046,4136
20211018,우이신설선,보문,1437,1490,2927
20211018,우이신설선,성신여대입구,3005,3255,6260
20211018,우이신설선,정릉,4393,4052,8445
20211018,우이신설선,북한산보국문,5587,5384,10971
20211018,우이신설선,솔샘,5545,5263,10808
20211018,우이신설선,삼양사거리,2461,2478,4939
20211018,우이신설선,화계,3330,3179,6509
20211018,우이신설선,북한산우이,2582,2300,4882
20211018,우이신설선,솔밭공원,2363,2329,4692
20211018,우이신설선,삼양,1943,2046,3989
20211018,우이신설선,가오리,4048,4092,8140
20211018,우이신설선,4.19민주묘지,2722,2589,5311
20211019,우이신설선,보문,1504,1436,2940
20211019,우이신설선,성신여대입구,3060,3234,6294
20211019,우이신설선,정릉,4456,4117,8573
20211019,우이신설선,북한산보국문,5719,5495,11214
20211019,우이신설선,솔샘,5550,5274,10824
20211019,우이신설선,삼양사거리,2445,2478,4923
20211019,우이신설선,신설동,2114,2065,4179
20211019,우이신설선,화계,3408,3205,6613
20211019,우이신설선,가오리,4125,4136,8261
20211019,우이신설선,4.19민주묘지,2694,2625,5319
20211019,우이신설선,솔밭공원,2377,2316,4693
20211019,우이신설선,북한산우이,2466,2186,4652
20211019,우이신설선,삼양,1963,2071,4034
20211020,우이신설선,신설동,2216,2178,4394
20211020,우이신설선,보문,1525,1519,3044
20211020,우이신설선,성신여대입구,3083,3455,6538
20211020,우이신설선,정릉,4575,4129,8704
20211020,우이신설선,북한산보국문,5828,5725,11553
20211020,우이신설선,솔샘,5878,5452,11330
20211020,우이신설선,삼양사거리,2494,2526,5020
20211020,우이신설선,화계,3384,3195,6579
20211020,우이신설선,가오리,4233,4228,8461
20211020,우이신설선,4.19민주묘지,2930,2781,5711
20211020,우이신설선,북한산우이,2956,2683,5639
20211020,우이신설선,삼양,1996,2114,4110
20211020,우이신설선,솔밭공원,2469,2385,4854
20211021,우이신설선,북한산우이,2829,2598,5427
20211021,우이신설선,삼양,2009,2196,4205
20211021,우이신설선,솔밭공원,2435,2299,4734
20211021,우이신설선,4.19민주묘지,2898,2720,5618
20211021,우이신설선,가오리,4150,4199,8349
20211021,우이신설선,화계,3479,3235,6714
20211021,우이신설선,삼양사거리,2426,2501,4927
20211021,우이신설선,북한산보국문,5766,5486,11252
20211021,우이신설선,정릉,4690,4164,8854
20211021,우이신설선,성신여대입구,3167,3368,6535
20211021,우이신설선,보문,1490,1520,3010
20211021,우이신설선,신설동,2079,2073,4152
20211021,우이신설선,솔샘,5658,5315,10973
20211022,우이신설선,보문,1542,1572,3114
20211022,우이신설선,성신여대입구,3277,3588,6865
20211022,우이신설선,정릉,4693,4114,8807
20211022,우이신설선,북한산보국문,6116,5616,11732
20211022,우이신설선,솔샘,5723,5306,11029
20211022,우이신설선,삼양사거리,2572,2581,5153
20211022,우이신설선,신설동,2096,2081,4177
20211022,우이신설선,화계,3438,3176,6614
20211022,우이신설선,가오리,4307,4251,8558
20211022,우이신설선,4.19민주묘지,3021,2750,5771
20211022,우이신설선,솔밭공원,2454,2322,4776
20211022,우이신설선,북한산우이,2779,2579,5358
20211022,우이신설선,삼양,2051,2124,4175
20211023,우이신설선,북한산우이,4208,4138,8346
20211023,우이신설선,솔밭공원,1854,1730,3584
20211023,우이신설선,4.19민주묘지,2507,2150,4657
20211023,우이신설선,가오리,2984,2900,5884
20211023,우이신설선,화계,2622,2369,4991
20211023,우이신설선,삼양,1556,1669,3225
20211023,우이신설선,삼양사거리,1886,1863,3749
20211023,우이신설선,북한산보국문,4608,4157,8765
20211023,우이신설선,정릉,3584,2849,6433
20211023,우이신설선,성신여대입구,2681,3081,5762
20211023,우이신설선,보문,1140,1104,2244
20211023,우이신설선,신설동,1372,1313,2685
20211023,우이신설선,솔샘,3826,3541,7367
20211024,우이신설선,북한산보국문,3649,3331,6980
20211024,우이신설선,신설동,1132,1159,2291
20211024,우이신설선,보문,872,867,1739
20211024,우이신설선,성신여대입구,2072,2344,4416
20211024,우이신설선,정릉,2596,2238,4834
20211024,우이신설선,솔샘,2829,2600,5429
20211024,우이신설선,삼양사거리,1378,1408,2786
20211024,우이신설선,삼양,1179,1209,2388
20211024,우이신설선,화계,1946,1791,3737
20211024,우이신설선,가오리,2347,2219,4566
20211024,우이신설선,4.19민주묘지,2094,1695,3789
20211024,우이신설선,솔밭공원,1374,1408,2782
20211024,우이신설선,북한산우이,3962,3872,7834
20211025,우이신설선,신설동,2160,2122,4282
20211025,우이신설선,보문,1479,1460,2939
20211025,우이신설선,성신여대입구,3107,3363,6470
20211025,우이신설선,정릉,4577,4223,8800
20211025,우이신설선,북한산보국문,5741,5469,11210
20211025,우이신설선,솔샘,5813,5543,11356
20211025,우이신설선,삼양사거리,2593,2595,5188
20211025,우이신설선,삼양,2056,2207,4263
20211025,우이신설선,화계,3428,3352,6780
20211025,우이신설선,가오리,4140,4119,8259
20211025,우이신설선,4.19민주묘지,2826,2752,5578
20211025,우이신설선,솔밭공원,2469,2344,4813
20211025,우이신설선,북한산우이,2788,2573,5361
20211026,우이신설선,4.19민주묘지,3036,2895,5931
20211026,우이신설선,가오리,4186,4140,8326
20211026,우이신설선,화계,3521,3342,6863
20211026,우이신설선,삼양,2028,2180,4208
20211026,우이신설선,삼양사거리,2500,2509,5009
20211026,우이신설선,솔샘,5806,5483,11289
20211026,우이신설선,솔밭공원,2515,2400,4915
20211026,우이신설선,정릉,4625,4270,8895
20211026,우이신설선,성신여대입구,3251,3423,6674
20211026,우이신설선,보문,1475,1444,2919
20211026,우이신설선,신설동,2223,2130,4353
20211026,우이신설선,북한산우이,2946,2640,5586
20211026,우이신설선,북한산보국문,5893,5731,11624
20211027,우이신설선,솔밭공원,2494,2387,4881
20211027,우이신설선,4.19민주묘지,3102,2987,6089
20211027,우이신설선,가오리,4169,4229,8398
20211027,우이신설선,화계,3481,3220,6701
20211027,우이신설선,삼양,2059,2168,4227
20211027,우이신설선,삼양사거리,2521,2526,5047
20211027,우이신설선,북한산우이,3022,2782,5804
20211027,우이신설선,북한산보국문,6034,5885,11919
20211027,우이신설선,정릉,4732,4359,9091
20211027,우이신설선,성신여대입구,3358,3547,6905
20211027,우이신설선,보문,1501,1555,3056
20211027,우이신설선,신설동,2251,2147,4398
20211027,우이신설선,솔샘,5732,5512,11244
20211028,우이신설선,북한산우이,3149,2853,6002
20211028,우이신설선,솔밭공원,2467,2390,4857
20211028,우이신설선,4.19민주묘지,3046,2900,5946
20211028,우이신설선,가오리,4224,4168,8392
20211028,우이신설선,화계,3425,3276,6701
20211028,우이신설선,삼양,2055,2154,4209
20211028,우이신설선,삼양사거리,2530,2565,5095
20211028,우이신설선,북한산보국문,5932,5703,11635
20211028,우이신설선,정릉,4661,4166,8827
20211028,우이신설선,성신여대입구,3302,3502,6804
20211028,우이신설선,보문,1404,1469,2873
20211028,우이신설선,신설동,2134,2155,4289
20211028,우이신설선,솔샘,5800,5355,11155
20211029,우이신설선,삼양사거리,2535,2564,5099
20211029,우이신설선,4.19민주묘지,3165,2943,6108
20211029,우이신설선,가오리,4292,4047,8339
20211029,우이신설선,화계,3482,3212,6694
20211029,우이신설선,삼양,2145,2169,4314
20211029,우이신설선,솔샘,5784,5331,11115
20211029,우이신설선,솔밭공원,2527,2375,4902
20211029,우이신설선,정릉,4766,4253,9019
20211029,우이신설선,북한산우이,3444,3097,6541
20211029,우이신설선,신설동,2149,2138,4287
20211029,우이신설선,북한산보국문,6248,5791,12039
20211029,우이신설선,성신여대입구,3385,3771,7156
20211029,우이신설선,보문,1554,1538,3092
20211030,우이신설선,정릉,3660,2976,6636
20211030,우이신설선,북한산보국문,4758,4257,9015
20211030,우이신설선,솔샘,4001,3543,7544
20211030,우이신설선,삼양사거리,1929,1920,3849
20211030,우이신설선,삼양,1543,1586,3129
20211030,우이신설선,화계,2547,2257,4804
20211030,우이신설선,성신여대입구,2862,3243,6105
20211030,우이신설선,4.19민주묘지,2598,2174,4772
20211030,우이신설선,솔밭공원,1754,1692,3446
20211030,우이신설선,북한산우이,4532,4468,9000
20211030,우이신설선,신설동,1379,1353,2732
20211030,우이신설선,보문,1092,1132,2224
20211030,우이신설선,가오리,2988,2775,5763
20211031,우이신설선,신설동,1256,1233,2489
20211031,우이신설선,보문,950,937,1887
20211031,우이신설선,성신여대입구,2374,2682,5056
20211031,우이신설선,정릉,2742,2408,5150
20211031,우이신설선,북한산보국문,3879,3462,7341
20211031,우이신설선,솔샘,2826,2650,5476
20211031,우이신설선,삼양사거리,1555,1503,3058
20211031,우이신설선,화계,2049,2055,4104
20211031,우이신설선,가오리,2472,2275,4747
20211031,우이신설선,4.19민주묘지,2321,1888,4209
20211031,우이신설선,북한산우이,4689,4716,9405
20211031,우이신설선,삼양,1256,1299,2555
20211031,우이신설선,솔밭공원,1472,1387,2859
20211101,우이신설선,북한산우이,3103,2904,6007
20211101,우이신설선,삼양,2125,2197,4322
20211101,우이신설선,솔밭공원,2379,2311,4690
20211101,우이신설선,4.19민주묘지,3024,2824,5848
20211101,우이신설선,가오리,4088,4085,8173
20211101,우이신설선,화계,3343,3204,6547
20211101,우이신설선,삼양사거리,2514,2530,5044
20211101,우이신설선,북한산보국문,5919,5630,11549
20211101,우이신설선,정릉,4607,4251,8858
20211101,우이신설선,성신여대입구,3192,3480,6672
20211101,우이신설선,보문,1495,1473,2968
20211101,우이신설선,신설동,2243,2163,4406
20211101,우이신설선,솔샘,5795,5382,11177
20211102,우이신설선,보문,1474,1548,3022
20211102,우이신설선,성신여대입구,3296,3586,6882
20211102,우이신설선,정릉,4812,4394,9206
20211102,우이신설선,북한산보국문,6122,5709,11831
20211102,우이신설선,솔샘,5884,5528,11412
20211102,우이신설선,삼양사거리,2495,2508,5003
20211102,우이신설선,신설동,2238,2153,4391
20211102,우이신설선,화계,3510,3364,6874
20211102,우이신설선,가오리,4257,4233,8490
20211102,우이신설선,4.19민주묘지,3015,2928,5943
20211102,우이신설선,솔밭공원,2543,2422,4965
20211102,우이신설선,북한산우이,3192,3023,6215
20211102,우이신설선,삼양,2073,2197,4270
20211103,우이신설선,북한산우이,3217,2892,6109
20211103,우이신설선,솔밭공원,2542,2450,4992
20211103,우이신설선,4.19민주묘지,3091,2896,5987
20211103,우이신설선,가오리,4273,4109,8382
20211103,우이신설선,화계,3505,3289,6794
20211103,우이신설선,삼양,1990,2123,4113
20211103,우이신설선,삼양사거리,2446,2468,4914
20211103,우이신설선,북한산보국문,6144,5803,11947
20211103,우이신설선,정릉,4845,4340,9185
20211103,우이신설선,성신여대입구,3411,3664,7075
20211103,우이신설선,보문,1498,1456,2954
20211103,우이신설선,신설동,2201,2205,4406
20211103,우이신설선,솔샘,5963,5557,11520
20211104,우이신설선,삼양,2075,2133,4208
20211104,우이신설선,솔밭공원,2535,2406,4941
20211104,우이신설선,4.19민주묘지,2947,2752,5699
20211104,우이신설선,가오리,4176,4125,8301
20211104,우이신설선,화계,3446,3266,6712
20211104,우이신설선,삼양사거리,2441,2451,4892
20211104,우이신설선,북한산우이,3248,2931,6179
20211104,우이신설선,북한산보국문,6087,5582,11669
20211104,우이신설선,신설동,2183,2134,4317
20211104,우이신설선,보문,1490,1534,3024
20211104,우이신설선,솔샘,5863,5498,11361
20211104,우이신설선,정릉,4825,4304,9129
20211104,우이신설선,성신여대입구,3214,3625,6839
20211105,우이신설선,북한산우이,4314,3929,8243
20211105,우이신설선,솔밭공원,2557,2321,4878
20211105,우이신설선,4.19민주묘지,3070,2910,5980
20211105,우이신설선,가오리,4334,4049,8383
20211105,우이신설선,삼양,2056,2168,4224
20211105,우이신설선,삼양사거리,2620,2597,5217
20211105,우이신설선,화계,3536,3260,6796
20211105,우이신설선,북한산보국문,6402,5647,12049
20211105,우이신설선,정릉,4924,4378,9302
20211105,우이신설선,성신여대입구,3405,3790,7195
20211105,우이신설선,보문,1555,1502,3057
20211105,우이신설선,신설동,2248,2273,4521
20211105,우이신설선,솔샘,5994,5301,11295
20211106,우이신설선,보문,1166,1094,2260
20211106,우이신설선,북한산보국문,4969,4128,9097
20211106,우이신설선,솔샘,4125,3658,7783
20211106,우이신설선,정릉,3769,3054,6823
20211106,우이신설선,성신여대입구,2829,3232,6061
20211106,우이신설선,신설동,1517,1479,2996
20211106,우이신설선,삼양,1543,1552,3095
20211106,우이신설선,솔밭공원,1908,1772,3680
20211106,우이신설선,4.19민주묘지,2572,2371,4943
20211106,우이신설선,가오리,3086,2839,5925
20211106,우이신설선,화계,2642,2353,4995
20211106,우이신설선,삼양사거리,1923,1870,3793
20211106,우이신설선,북한산우이,4907,4851,9758
20211107,우이신설선,북한산우이,4754,4799,9553
20211107,우이신설선,솔밭공원,1541,1504,3045
20211107,우이신설선,4.19민주묘지,2243,1805,4048
20211107,우이신설선,가오리,2496,2300,4796
20211107,우이신설선,삼양,1275,1306,2581
20211107,우이신설선,화계,2115,2040,4155
20211107,우이신설선,삼양사거리,1659,1601,3260
20211107,우이신설선,북한산보국문,4037,3664,7701
20211107,우이신설선,정릉,2887,2425,5312
20211107,우이신설선,성신여대입구,2234,2667,4901
20211107,우이신설선,보문,973,959,1932
20211107,우이신설선,신설동,1304,1281,2585
20211107,우이신설선,솔샘,2945,2782,5727
20211108,우이신설선,보문,1423,1445,2868
20211108,우이신설선,성신여대입구,3046,3285,6331
20211108,우이신설선,정릉,4365,4081,8446
20211108,우이신설선,북한산보국문,5494,5316,10810
20211108,우이신설선,솔샘,5656,5311,10967
20211108,우이신설선,삼양사거리,2288,2349,4637
20211108,우이신설선,신설동,1964,1904,3868
20211108,우이신설선,화계,3072,2918,5990
20211108,우이신설선,가오리,3807,3825,7632
20211108,우이신설선,4.19민주묘지,2451,2433,4884
20211108,우이신설선,솔밭공원,2203,2154,4357
20211108,우이신설선,북한산우이,2190,1914,4104
20211108,우이신설선,삼양,1889,1949,3838
20211109,우이신설선,신설동,2120,2079,4199
20211109,우이신설선,보문,1486,1507,2993
20211109,우이신설선,성신여대입구,3276,3568,6844
20211109,우이신설선,정릉,4611,4231,8842
20211109,우이신설선,북한산보국문,5759,5577,11336
20211109,우이신설선,솔샘,5864,5387,11251
20211109,우이신설선,삼양사거리,2369,2374,4743
20211109,우이신설선,화계,3319,3088,6407
20211109,우이신설선,가오리,4069,4038,8107
20211109,우이신설선,4.19민주묘지,2841,2613,5454
20211109,우이신설선,솔밭공원,2418,2270,4688
20211109,우이신설선,북한산우이,2401,2124,4525
20211109,우이신설선,삼양,1957,2038,3995
20211110,우이신설선,신설동,2172,2195,4367
20211110,우이신설선,보문,1561,1545,3106
20211110,우이신설선,성신여대입구,3282,3682,6964
20211110,우이신설선,정릉,4769,4453,9222
20211110,우이신설선,북한산보국문,6205,5825,12030
20211110,우이신설선,솔샘,6109,5647,11756
20211110,우이신설선,삼양사거리,2366,2410,4776
20211110,우이신설선,화계,3445,3118,6563
20211110,우이신설선,북한산우이,2721,2472,5193
20211110,우이신설선,솔밭공원,2543,2395,4938
20211110,우이신설선,삼양,2032,2132,4164
20211110,우이신설선,가오리,4216,4148,8364
20211110,우이신설선,4.19민주묘지,2980,2785,5765
20211111,우이신설선,보문,1497,1459,2956
20211111,우이신설선,성신여대입구,3335,3642,6977
20211111,우이신설선,정릉,4785,4344,9129
20211111,우이신설선,북한산보국문,6006,5741,11747
20211111,우이신설선,솔샘,5982,5470,11452
20211111,우이신설선,삼양사거리,2411,2489,4900
20211111,우이신설선,신설동,2180,2179,4359
20211111,우이신설선,화계,3481,3184,6665
20211111,우이신설선,가오리,4132,4028,8160
20211111,우이신설선,4.19민주묘지,3002,2855,5857
20211111,우이신설선,솔밭공원,2549,2392,4941
20211111,우이신설선,북한산우이,2916,2656,5572
20211111,우이신설선,삼양,2052,2056,4108
20211112,우이신설선,신설동,2078,2086,4164
20211112,우이신설선,보문,1543,1522,3065
20211112,우이신설선,성신여대입구,3431,3726,7157
20211112,우이신설선,정릉,4843,4232,9075
20211112,우이신설선,북한산보국문,6305,5580,11885
20211112,우이신설선,솔샘,5946,5242,11188
20211112,우이신설선,삼양사거리,2478,2485,4963
20211112,우이신설선,화계,3395,3090,6485
20211112,우이신설선,가오리,4143,3908,8051
20211112,우이신설선,4.19민주묘지,2922,2750,5672
20211112,우이신설선,북한산우이,2899,2569,5468
20211112,우이신설선,삼양,2042,2147,4189
20211112,우이신설선,솔밭공원,2512,2259,4771
20211113,우이신설선,신설동,1538,1440,2978
20211113,우이신설선,솔샘,3961,3436,7397
20211113,우이신설선,보문,1187,1107,2294
20211113,우이신설선,성신여대입구,2888,3431,6319
20211113,우이신설선,정릉,3834,2974,6808
20211113,우이신설선,북한산보국문,4836,4287,9123
20211113,우이신설선,삼양사거리,1940,1819,3759
20211113,우이신설선,화계,2592,2370,4962
20211113,우이신설선,가오리,2970,2746,5716
20211113,우이신설선,4.19민주묘지,2571,2188,4759
20211113,우이신설선,솔밭공원,1787,1607,3394
20211113,우이신설선,북한산우이,3823,3930,7753
20211113,우이신설선,삼양,1547,1573,3120
20211114,우이신설선,솔밭공원,1374,1342,2716
20211114,우이신설선,4.19민주묘지,1833,1663,3496
20211114,우이신설선,가오리,2325,2193,4518
20211114,우이신설선,화계,2110,1836,3946
20211114,우이신설선,삼양,1131,1164,2295
20211114,우이신설선,삼양사거리,1525,1464,2989
20211114,우이신설선,북한산우이,3370,3464,6834
20211114,우이신설선,북한산보국문,3772,3391,7163
20211114,우이신설선,정릉,2735,2351,5086
20211114,우이신설선,성신여대입구,2317,2476,4793
20211114,우이신설선,보문,872,898,1770
20211114,우이신설선,신설동,1154,1192,2346
20211114,우이신설선,솔샘,2843,2575,5418
20211115,우이신설선,신설동,2154,2138,4292
20211115,우이신설선,보문,1481,1459,2940
20211115,우이신설선,성신여대입구,3209,3465,6674
20211115,우이신설선,정릉,4583,4193,8776
20211115,우이신설선,북한산보국문,5755,5514,11269
20211115,우이신설선,솔샘,5795,5425,11220
20211115,우이신설선,삼양사거리,2390,2452,4842
20211115,우이신설선,화계,3479,3278,6757
20211115,우이신설선,가오리,4107,4139,8246
20211115,우이신설선,4.19민주묘지,2855,2762,5617
20211115,우이신설선,솔밭공원,2468,2356,4824
20211115,우이신설선,북한산우이,2941,2624,5565
20211115,우이신설선,삼양,1986,2061,4047
20211116,우이신설선,화계,3437,3266,6703
20211116,우이신설선,솔밭공원,2592,2492,5084
20211116,우이신설선,4.19민주묘지,2965,2789,5754
20211116,우이신설선,가오리,4218,4156,8374
20211116,우이신설선,북한산우이,2881,2623,5504
20211116,우이신설선,삼양,2040,2150,4190
20211116,우이신설선,정릉,4748,4316,9064
20211116,우이신설선,솔샘,5946,5473,11419
20211116,우이신설선,북한산보국문,5999,5669,11668
20211116,우이신설선,성신여대입구,3304,3527,6831
20211116,우이신설선,보문,1451,1486,2937
20211116,우이신설선,신설동,2135,2124,4259
20211116,우이신설선,삼양사거리,2435,2511,4946
20211117,우이신설선,북한산우이,2969,2706,5675
20211117,우이신설선,솔밭공원,2578,2488,5066
20211117,우이신설선,4.19민주묘지,3061,2907,5968
20211117,우이신설선,가오리,4373,4223,8596
20211117,우이신설선,화계,3514,3390,6904
20211117,우이신설선,삼양,2091,2252,4343
20211117,우이신설선,삼양사거리,2533,2579,5112
20211117,우이신설선,솔샘,6111,5614,11725
20211117,우이신설선,북한산보국문,6281,5763,12044
20211117,우이신설선,정릉,4884,4457,9341
20211117,우이신설선,성신여대입구,4291,4309,8600
20211117,우이신설선,보문,1554,1527,3081
20211117,우이신설선,신설동,2387,2201,4588
20211118,우이신설선,솔밭공원,2459,2294,4753
20211118,우이신설선,4.19민주묘지,2932,2714,5646
20211118,우이신설선,가오리,3995,4016,8011
20211118,우이신설선,화계,3388,3198,6586
20211118,우이신설선,삼양,1970,2031,4001
20211118,우이신설선,삼양사거리,2496,2436,4932
20211118,우이신설선,북한산우이,2587,2369,4956
20211118,우이신설선,북한산보국문,6006,5499,11505
20211118,우이신설선,정릉,4693,4278,8971
20211118,우이신설선,성신여대입구,3225,3690,6915
20211118,우이신설선,보문,1613,1582,3195
20211118,우이신설선,신설동,2150,2098,4248
20211118,우이신설선,솔샘,5996,5453,11449
20211119,우이신설선,보문,1451,1483,2934
20211119,우이신설선,성신여대입구,3426,3862,7288
20211119,우이신설선,정릉,4811,4145,8956
20211119,우이신설선,북한산보국문,6203,5579,11782
20211119,우이신설선,솔샘,6023,5299,11322
20211119,우이신설선,삼양사거리,2493,2449,4942
20211119,우이신설선,신설동,2108,2139,4247
20211119,우이신설선,화계,3421,3108,6529
20211119,우이신설선,가오리,4289,3981,8270
20211119,우이신설선,4.19민주묘지,2968,2822,5790
20211119,우이신설선,솔밭공원,2422,2226,4648
20211119,우이신설선,북한산우이,2792,2527,5319
20211119,우이신설선,삼양,2005,2035,4040
20211120,우이신설선,정릉,3649,2942,6591
20211120,우이신설선,북한산보국문,4656,4102,8758
20211120,우이신설선,솔샘,3917,3385,7302
20211120,우이신설선,삼양사거리,1821,1849,3670
20211120,우이신설선,삼양,1427,1464,2891
20211120,우이신설선,화계,2487,2227,4714
20211120,우이신설선,가오리,2908,2634,5542
20211120,우이신설선,솔밭공원,1760,1658,3418
20211120,우이신설선,북한산우이,3157,3326,6483
20211120,우이신설선,성신여대입구,2658,3265,5923
20211120,우이신설선,보문,1061,1045,2106
20211120,우이신설선,신설동,1433,1411,2844
20211120,우이신설선,4.19민주묘지,2282,1993,4275
20211121,우이신설선,삼양,1205,1170,2375
20211121,우이신설선,솔밭공원,1501,1341,2842
20211121,우이신설선,4.19민주묘지,3490,2938,6428
20211121,우이신설선,가오리,2295,2116,4411
20211121,우이신설선,화계,2023,1881,3904
20211121,우이신설선,삼양사거리,1492,1468,2960
20211121,우이신설선,북한산우이,2785,2696,5481
20211121,우이신설선,북한산보국문,3562,3237,6799
20211121,우이신설선,신설동,1084,1118,2202
20211121,우이신설선,보문,913,1020,1933
20211121,우이신설선,솔샘,2795,2585,5380
20211121,우이신설선,정릉,2654,2210,4864
20211121,우이신설선,성신여대입구,2097,2566,4663
20211122,우이신설선,보문,1506,1524,3030
20211122,우이신설선,성신여대입구,3239,3545,6784
20211122,우이신설선,정릉,4636,4249,8885
20211122,우이신설선,북한산보국문,5854,5703,11557
20211122,우이신설선,솔샘,5891,5532,11423
20211122,우이신설선,삼양사거리,2461,2515,4976
20211122,우이신설선,신설동,2124,2085,4209
20211122,우이신설선,화계,3410,3217,6627
20211122,우이신설선,가오리,4038,4058,8096
20211122,우이신설선,4.19민주묘지,2811,2710,5521
20211122,우이신설선,솔밭공원,2431,2386,4817
20211122,우이신설선,북한산우이,2583,2350,4933
20211122,우이신설선,삼양,1998,2192,4190
20211123,우이신설선,북한산우이,2458,2197,4655
20211123,우이신설선,솔밭공원,2410,2369,4779
20211123,우이신설선,4.19민주묘지,2769,2681,5450
20211123,우이신설선,가오리,4120,4145,8265
20211123,우이신설선,화계,3349,3173,6522
20211123,우이신설선,삼양,1986,2054,4040
20211123,우이신설선,삼양사거리,2362,2426,4788
20211123,우이신설선,북한산보국문,5983,5664,11647
20211123,우이신설선,정릉,4645,4255,8900
20211123,우이신설선,성신여대입구,3299,3687,6986
20211123,우이신설선,신설동,2173,2097,4270
20211123,우이신설선,솔샘,5894,5452,11346
20211123,우이신설선,보문,1557,1542,3099
20211124,우이신설선,북한산우이,2601,2317,4918
20211124,우이신설선,신설동,2274,2197,4471
20211124,우이신설선,솔밭공원,2463,2347,4810
20211124,우이신설선,가오리,4130,4074,8204
20211124,우이신설선,4.19민주묘지,2937,2732,5669
20211124,우이신설선,화계,3415,3117,6532
20211124,우이신설선,보문,1538,1529,3067
20211124,우이신설선,정릉,4757,4311,9068
20211124,우이신설선,북한산보국문,5963,5589,11552
20211124,우이신설선,솔샘,5928,5578,11506
20211124,우이신설선,삼양사거리,2463,2431,4894
20211124,우이신설선,삼양,2017,2122,4139
20211124,우이신설선,성신여대입구,3214,3571,6785
20211125,우이신설선,솔샘,6057,5542,11599
20211125,우이신설선,삼양사거리,2479,2498,4977
20211125,우이신설선,삼양,2121,2151,4272
20211125,우이신설선,화계,3531,3257,6788
20211125,우이신설선,가오리,4262,4183,8445
20211125,우이신설선,4.19민주묘지,2957,2790,5747
20211125,우이신설선,북한산보국문,6050,5750,11800
20211125,우이신설선,북한산우이,2660,2367,5027
20211125,우이신설선,신설동,2163,2175,4338
20211125,우이신설선,보문,1481,1491,2972
20211125,우이신설선,성신여대입구,3320,3651,6971
20211125,우이신설선,정릉,4749,4295,9044
20211125,우이신설선,솔밭공원,2550,2407,4957
20211126,우이신설선,신설동,2132,2108,4240
20211126,우이신설선,보문,1577,1532,3109
20211126,우이신설선,성신여대입구,3473,3844,7317
20211126,우이신설선,정릉,4899,4387,9286
20211126,우이신설선,북한산보국문,6272,5664,11936
20211126,우이신설선,솔샘,5914,5365,11279
20211126,우이신설선,삼양사거리,2441,2405,4846
20211126,우이신설선,가오리,4244,4131,8375
20211126,우이신설선,4.19민주묘지,2878,2794,5672
20211126,우이신설선,북한산우이,2584,2372,4956
20211126,우이신설선,솔밭공원,2533,2374,4907
20211126,우이신설선,화계,3481,3197,6678
20211126,우이신설선,삼양,2083,2166,4249
20211127,우이신설선,삼양,1495,1519,3014
20211127,우이신설선,정릉,3711,2960,6671
20211127,우이신설선,북한산보국문,4754,4132,8886
20211127,우이신설선,솔샘,3809,3410,7219
20211127,우이신설선,삼양사거리,1827,1797,3624
20211127,우이신설선,화계,2422,2195,4617
20211127,우이신설선,성신여대입구,2616,3278,5894
20211127,우이신설선,4.19민주묘지,2369,2061,4430
20211127,우이신설선,보문,1042,1020,2062
20211127,우이신설선,신설동,1408,1311,2719
20211127,우이신설선,가오리,2959,2749,5708
20211127,우이신설선,솔밭공원,1760,1702,3462
20211127,우이신설선,북한산우이,3209,3160,6369
20211128,우이신설선,북한산우이,3008,3128,6136
20211128,우이신설선,솔밭공원,1360,1342,2702
20211128,우이신설선,4.19민주묘지,1870,1645,3515
20211128,우이신설선,가오리,2303,2121,4424
20211128,우이신설선,삼양,1150,1151,2301
20211128,우이신설선,삼양사거리,1450,1447,2897
20211128,우이신설선,화계,2005,1903,3908
20211128,우이신설선,북한산보국문,3669,3245,6914
20211128,우이신설선,정릉,2711,2293,5004
20211128,우이신설선,성신여대입구,2132,2540,4672
20211128,우이신설선,보문,887,899,1786
20211128,우이신설선,신설동,1111,1110,2221
20211128,우이신설선,솔샘,2837,2604,5441
20211129,우이신설선,북한산보국문,5842,5608,11450
20211129,우이신설선,보문,1521,1528,3049
20211129,우이신설선,신설동,2197,2076,4273
20211129,우이신설선,성신여대입구,3078,3509,6587
20211129,우이신설선,정릉,4646,4274,8920
20211129,우이신설선,솔샘,5795,5491,11286
20211129,우이신설선,솔밭공원,2505,2398,4903
20211129,우이신설선,삼양,2143,2242,4385
20211129,우이신설선,화계,3415,3178,6593
20211129,우이신설선,가오리,4197,4083,8280
20211129,우이신설선,4.19민주묘지,2868,2801,5669
20211129,우이신설선,북한산우이,2545,2318,4863
20211129,우이신설선,삼양사거리,2415,2441,4856
20211130,우이신설선,신설동,1920,1897,3817
20211130,우이신설선,보문,1466,1402,2868
20211130,우이신설선,성신여대입구,3029,3282,6311
20211130,우이신설선,정릉,4323,4081,8404
20211130,우이신설선,솔샘,5651,5257,10908
20211130,우이신설선,북한산보국문,5480,5368,10848
20211130,우이신설선,삼양사거리,2182,2242,4424
20211130,우이신설선,화계,3160,2949,6109
20211130,우이신설선,가오리,3939,3813,7752
20211130,우이신설선,4.19민주묘지,2467,2482,4949
20211130,우이신설선,솔밭공원,2284,2155,4439
20211130,우이신설선,북한산우이,2085,1746,3831
20211130,우이신설선,삼양,1827,1940,3767
20211201,우이신설선,보문,1455,1467,2922
20211201,우이신설선,성신여대입구,3285,3591,6876
20211201,우이신설선,정릉,4603,4253,8856
20211201,우이신설선,북한산보국문,5835,5591,11426
20211201,우이신설선,솔샘,5813,5478,11291
20211201,우이신설선,삼양사거리,2414,2395,4809
20211201,우이신설선,신설동,2083,2044,4127
20211201,우이신설선,화계,3372,3158,6530
20211201,우이신설선,가오리,4108,4023,8131
20211201,우이신설선,4.19민주묘지,2835,2682,5517
20211201,우이신설선,솔밭공원,2440,2367,4807
20211201,우이신설선,북한산우이,2454,2145,4599
20211201,우이신설선,삼양,1988,2114,4102
20211202,우이신설선,북한산우이,2512,2220,4732
20211202,우이신설선,솔밭공원,2466,2266,4732
20211202,우이신설선,4.19민주묘지,2851,2780,5631
20211202,우이신설선,가오리,4096,4082,8178
20211202,우이신설선,화계,3437,3262,6699
20211202,우이신설선,삼양,1937,2087,4024
20211202,우이신설선,삼양사거리,2365,2426,4791
20211202,우이신설선,북한산보국문,5952,5635,11587
20211202,우이신설선,정릉,4537,4223,8760
20211202,우이신설선,성신여대입구,3051,3305,6356
20211202,우이신설선,보문,1481,1461,2942
20211202,우이신설선,신설동,2113,2033,4146
20211202,우이신설선,솔샘,5751,5429,11180
20211203,우이신설선,가오리,4103,3985,8088
20211203,우이신설선,4.19민주묘지,2920,2669,5589
20211203,우이신설선,솔밭공원,2468,2306,4774
20211203,우이신설선,화계,3397,3080,6477
20211203,우이신설선,북한산우이,2585,2251,4836
20211203,우이신설선,삼양,2000,2152,4152
20211203,우이신설선,삼양사거리,2466,2423,4889
20211203,우이신설선,북한산보국문,6150,5511,11661
20211203,우이신설선,신설동,2065,2072,4137
20211203,우이신설선,보문,1514,1604,3118
20211203,우이신설선,솔샘,5846,5293,11139
20211203,우이신설선,정릉,4706,4234,8940
20211203,우이신설선,성신여대입구,3303,3656,6959
20211204,우이신설선,보문,1059,1007,2066
20211204,우이신설선,성신여대입구,2600,3050,5650
20211204,우이신설선,정릉,3457,2761,6218
20211204,우이신설선,북한산보국문,4503,3874,8377
20211204,우이신설선,솔샘,3660,3219,6879
20211204,우이신설선,삼양사거리,1855,1801,3656
20211204,우이신설선,신설동,1408,1262,2670
20211204,우이신설선,화계,2385,2223,4608
20211204,우이신설선,가오리,2766,2638,5404
20211204,우이신설선,4.19민주묘지,2167,1903,4070
20211204,우이신설선,솔밭공원,1686,1464,3150
20211204,우이신설선,북한산우이,3495,3568,7063
20211204,우이신설선,삼양,1546,1563,3109
20211205,우이신설선,북한산우이,2831,2897,5728
20211205,우이신설선,솔밭공원,1293,1277,2570
20211205,우이신설선,4.19민주묘지,1882,1609,3491
20211205,우이신설선,가오리,2241,2077,4318
20211205,우이신설선,화계,2037,1917,3954
20211205,우이신설선,삼양,1137,1132,2269
20211205,우이신설선,삼양사거리,1474,1409,2883
20211205,우이신설선,북한산보국문,3331,2971,6302
20211205,우이신설선,정릉,2506,2187,4693
20211205,우이신설선,성신여대입구,1925,2298,4223
20211205,우이신설선,신설동,1130,1147,2277
20211205,우이신설선,솔샘,2695,2525,5220
20211205,우이신설선,보문,927,921,1848
20211206,우이신설선,북한산우이,2716,2451,5167
20211206,우이신설선,삼양,2071,2187,4258
20211206,우이신설선,솔밭공원,2455,2285,4740
20211206,우이신설선,4.19민주묘지,2945,2828,5773
20211206,우이신설선,가오리,4076,4142,8218
20211206,우이신설선,화계,3372,3162,6534
20211206,우이신설선,삼양사거리,2464,2518,4982
20211206,우이신설선,북한산보국문,5716,5556,11272
20211206,우이신설선,정릉,4497,4080,8577
20211206,우이신설선,성신여대입구,3118,3355,6473
20211206,우이신설선,보문,1419,1424,2843
20211206,우이신설선,신설동,2048,1962,4010
20211206,우이신설선,솔샘,5759,5396,11155
20211207,우이신설선,보문,1440,1484,2924
20211207,우이신설선,성신여대입구,3260,3529,6789
20211207,우이신설선,정릉,4528,4124,8652
20211207,우이신설선,북한산보국문,5800,5525,11325
20211207,우이신설선,솔샘,5759,5402,11161
20211207,우이신설선,삼양사거리,2449,2460,4909
20211207,우이신설선,신설동,2140,2084,4224
20211207,우이신설선,화계,3400,3178,6578
20211207,우이신설선,가오리,4098,4049,8147
20211207,우이신설선,4.19민주묘지,2860,2723,5583
20211207,우이신설선,솔밭공원,2467,2308,4775
20211207,우이신설선,북한산우이,2460,2251,4711
20211207,우이신설선,삼양,2109,2213,4322
20211208,우이신설선,북한산우이,2588,2293,4881
20211208,우이신설선,솔밭공원,2440,2299,4739
20211208,우이신설선,4.19민주묘지,2934,2761,5695
20211208,우이신설선,가오리,4157,4054,8211
20211208,우이신설선,화계,3373,3238,6611
20211208,우이신설선,삼양,2110,2237,4347
20211208,우이신설선,삼양사거리,2475,2477,4952
20211208,우이신설선,북한산보국문,5770,5536,11306
20211208,우이신설선,정릉,4528,4123,8651
20211208,우이신설선,성신여대입구,3086,3543,6629
20211208,우이신설선,보문,1422,1490,2912
20211208,우이신설선,신설동,2159,2089,4248
20211208,우이신설선,솔샘,5874,5465,11339
20211209,우이신설선,북한산보국문,5647,5369,11016
20211209,우이신설선,보문,1437,1432,2869
20211209,우이신설선,성신여대입구,3099,3284,6383
20211209,우이신설선,정릉,4398,4103,8501
20211209,우이신설선,신설동,2102,2093,4195
20211209,우이신설선,솔샘,5704,5341,11045
20211209,우이신설선,가오리,4030,3962,7992
20211209,우이신설선,삼양,1983,2078,4061
20211209,우이신설선,화계,3337,3108,6445
20211209,우이신설선,4.19민주묘지,2836,2722,5558
20211209,우이신설선,솔밭공원,2374,2278,4652
20211209,우이신설선,북한산우이,2527,2292,4819
20211209,우이신설선,삼양사거리,2277,2371,4648
20211210,우이신설선,신설동,1993,2059,4052
20211210,우이신설선,보문,1512,1446,2958
20211210,우이신설선,성신여대입구,3144,3506,6650
20211210,우이신설선,정릉,4505,4023,8528
20211210,우이신설선,북한산보국문,5872,5420,11292
20211210,우이신설선,솔샘,5807,5179,10986
20211210,우이신설선,삼양사거리,2362,2384,4746
20211210,우이신설선,삼양,1994,2081,4075
20211210,우이신설선,화계,3221,2947,6168
20211210,우이신설선,가오리,4013,3872,7885
20211210,우이신설선,4.19민주묘지,2730,2575,5305
20211210,우이신설선,솔밭공원,2357,2219,4576
20211210,우이신설선,북한산우이,2354,2037,4391
20211211,우이신설선,보문,964,962,1926
20211211,우이신설선,성신여대입구,2370,2838,5208
20211211,우이신설선,정릉,3396,2696,6092
20211211,우이신설선,북한산보국문,4416,3825,8241
20211211,우이신설선,솔샘,3591,3066,6657
20211211,우이신설선,삼양사거리,1782,1755,3537
20211211,우이신설선,신설동,1299,1277,2576
20211211,우이신설선,화계,2329,2082,4411
20211211,우이신설선,가오리,2767,2608,5375
20211211,우이신설선,4.19민주묘지,2127,1829,3956
20211211,우이신설선,솔밭공원,1729,1562,3291
20211211,우이신설선,북한산우이,2772,2803,5575
20211211,우이신설선,삼양,1475,1498,2973
20211212,우이신설선,보문,822,878,1700
20211212,우이신설선,성신여대입구,1939,2272,4211
20211212,우이신설선,정릉,2471,2134,4605
20211212,우이신설선,북한산보국문,3314,3124,6438
20211212,우이신설선,솔샘,2586,2400,4986
20211212,우이신설선,삼양사거리,1380,1350,2730
20211212,우이신설선,신설동,1037,1056,2093
20211212,우이신설선,화계,1853,1730,3583
20211212,우이신설선,가오리,2129,2026,4155
20211212,우이신설선,4.19민주묘지,1747,1559,3306
20211212,우이신설선,솔밭공원,1203,1186,2389
20211212,우이신설선,북한산우이,2607,2683,5290
20211212,우이신설선,삼양,1028,1034,2062
20211213,우이신설선,북한산우이,2205,1917,4122
20211213,우이신설선,솔밭공원,2237,2213,4450
20211213,우이신설선,4.19민주묘지,2599,2509,5108
20211213,우이신설선,가오리,3814,3781,7595
20211213,우이신설선,화계,3169,3006,6175
20211213,우이신설선,삼양,1954,2097,4051
20211213,우이신설선,삼양사거리,2277,2262,4539
20211213,우이신설선,북한산보국문,5306,5202,10508
20211213,우이신설선,정릉,4156,3877,8033
20211213,우이신설선,성신여대입구,2971,3123,6094
20211213,우이신설선,보문,1375,1352,2727
20211213,우이신설선,신설동,1921,1854,3775
20211213,우이신설선,솔샘,5600,5222,10822
20211214,우이신설선,삼양,1996,2160,4156
20211214,우이신설선,솔밭공원,2324,2278,4602
20211214,우이신설선,4.19민주묘지,2678,2599,5277
20211214,우이신설선,가오리,3942,3949,7891
20211214,우이신설선,화계,3262,3069,6331
20211214,우이신설선,삼양사거리,2357,2466,4823
20211214,우이신설선,북한산우이,2413,2124,4537
20211214,우이신설선,북한산보국문,5579,5417,10996
20211214,우이신설선,신설동,2023,2012,4035
20211214,우이신설선,보문,1389,1470,2859
20211214,우이신설선,솔샘,5593,5196,10789
20211214,우이신설선,정릉,4420,4015,8435
20211214,우이신설선,성신여대입구,3096,3341,6437
20211215,우이신설선,보문,1452,1444,2896
20211215,우이신설선,성신여대입구,3127,3557,6684
20211215,우이신설선,정릉,4438,4050,8488
20211215,우이신설선,북한산보국문,5732,5520,11252
20211215,우이신설선,솔샘,5716,5299,11015
20211215,우이신설선,삼양사거리,2332,2360,4692
20211215,우이신설선,신설동,1996,1935,3931
20211215,우이신설선,화계,3349,3021,6370
20211215,우이신설선,가오리,4031,3885,7916
20211215,우이신설선,4.19민주묘지,2698,2603,5301
20211215,우이신설선,솔밭공원,2381,2335,4716
20211215,우이신설선,북한산우이,2315,2063,4378
20211215,우이신설선,삼양,1992,2100,4092
20211216,우이신설선,신설동,1986,1968,3954
20211216,우이신설선,보문,1390,1451,2841
20211216,우이신설선,성신여대입구,3191,3517,6708
20211216,우이신설선,정릉,4563,4043,8606
20211216,우이신설선,북한산보국문,5917,5450,11367
20211216,우이신설선,솔샘,5663,5252,10915
20211216,우이신설선,삼양사거리,2342,2359,4701
20211216,우이신설선,화계,3347,3151,6498
20211216,우이신설선,가오리,3919,3858,7777
20211216,우이신설선,4.19민주묘지,2781,2656,5437
20211216,우이신설선,북한산우이,2437,2191,4628
20211216,우이신설선,삼양,2047,2059,4106
20211216,우이신설선,솔밭공원,2422,2285,4707
20211217,우이신설선,북한산우이,2290,2075,4365
20211217,우이신설선,삼양,1945,2060,4005
20211217,우이신설선,솔밭공원,2183,2176,4359
20211217,우이신설선,4.19민주묘지,2543,2524,5067
20211217,우이신설선,가오리,3890,3780,7670
20211217,우이신설선,화계,3206,3037,6243
20211217,우이신설선,삼양사거리,2328,2381,4709
20211217,우이신설선,북한산보국문,5765,5898,11663
20211217,우이신설선,정릉,4639,4454,9093
20211217,우이신설선,성신여대입구,3437,3633,7070
20211217,우이신설선,보문,1497,1492,2989
20211217,우이신설선,신설동,1906,1946,3852
20211217,우이신설선,솔샘,5498,5400,10898
20211218,우이신설선,북한산우이,2146,2088,4234
20211218,우이신설선,솔밭공원,1579,1520,3099
20211218,우이신설선,4.19민주묘지,1875,1752,3627
20211218,우이신설선,가오리,2592,2575,5167
20211218,우이신설선,삼양,1396,1532,2928
20211218,우이신설선,삼양사거리,1661,1671,3332
20211218,우이신설선,화계,2110,2099,4209
20211218,우이신설선,북한산보국문,4221,3999,8220
20211218,우이신설선,정릉,3161,2869,6030
20211218,우이신설선,성신여대입구,2730,3128,5858
20211218,우이신설선,보문,1111,1100,2211
20211218,우이신설선,신설동,1217,1133,2350
20211218,우이신설선,솔샘,3531,3428,6959
20211219,우이신설선,신설동,911,949,1860
20211219,우이신설선,보문,824,839,1663
20211219,우이신설선,성신여대입구,2023,2395,4418
20211219,우이신설선,정릉,2400,2066,4466
20211219,우이신설선,북한산보국문,3302,3003,6305
20211219,우이신설선,솔샘,2665,2399,5064
20211219,우이신설선,삼양사거리,1375,1305,2680
20211219,우이신설선,화계,1859,1721,3580
20211219,우이신설선,가오리,2142,2000,4142
20211219,우이신설선,4.19민주묘지,1641,1474,3115
20211219,우이신설선,솔밭공원,1166,1122,2288
20211219,우이신설선,북한산우이,2262,2318,4580
20211219,우이신설선,삼양,1132,1119,2251
20211220,우이신설선,삼양,1960,2067,4027
20211220,우이신설선,솔밭공원,2342,2288,4630
20211220,우이신설선,4.19민주묘지,2693,2615,5308
20211220,우이신설선,북한산우이,2440,2184,4624
20211220,우이신설선,화계,3215,3040,6255
20211220,우이신설선,삼양사거리,2415,2432,4847
20211220,우이신설선,가오리,3926,3970,7896
20211220,우이신설선,북한산보국문,5812,5608,11420
20211220,우이신설선,정릉,4416,4116,8532
20211220,우이신설선,성신여대입구,3057,3345,6402
20211220,우이신설선,보문,1454,1423,2877
20211220,우이신설선,신설동,2080,1992,4072
20211220,우이신설선,솔샘,5591,5411,11002
20211221,우이신설선,보문,1503,1505,3008
20211221,우이신설선,성신여대입구,3223,3569,6792
20211221,우이신설선,정릉,4550,4192,8742
20211221,우이신설선,북한산보국문,5858,5709,11567
20211221,우이신설선,솔샘,5721,5455,11176
20211221,우이신설선,삼양사거리,2432,2430,4862
20211221,우이신설선,신설동,2077,2030,4107
20211221,우이신설선,화계,3332,3097,6429
20211221,우이신설선,가오리,3937,3976,7913
20211221,우이신설선,4.19민주묘지,2805,2735,5540
20211221,우이신설선,솔밭공원,2401,2315,4716
20211221,우이신설선,북한산우이,2656,2383,5039
20211221,우이신설선,삼양,1925,2130,4055
20211222,우이신설선,신설동,2217,2101,4318
20211222,우이신설선,보문,1573,1553,3126
20211222,우이신설선,성신여대입구,3263,3576,6839
20211222,우이신설선,정릉,4640,4333,8973
20211222,우이신설선,북한산보국문,6146,5790,11936
20211222,우이신설선,솔샘,5737,5406,11143
20211222,우이신설선,삼양사거리,2420,2509,4929
20211222,우이신설선,화계,3539,3294,6833
20211222,우이신설선,가오리,4117,4117,8234
20211222,우이신설선,4.19민주묘지,2998,2787,5785
20211222,우이신설선,솔밭공원,2500,2437,4937
20211222,우이신설선,북한산우이,3839,3513,7352
20211222,우이신설선,삼양,2032,2201,4233
20211223,우이신설선,화계,3274,3062,6336
20211223,우이신설선,북한산우이,2663,2405,5068
20211223,우이신설선,솔밭공원,2417,2364,4781
20211223,우이신설선,4.19민주묘지,2798,2610,5408
20211223,우이신설선,가오리,4000,3957,7957
20211223,우이신설선,삼양,1968,2152,4120
20211223,우이신설선,삼양사거리,2399,2427,4826
20211223,우이신설선,솔샘,5792,5394,11186
20211223,우이신설선,북한산보국문,6021,5681,11702
20211223,우이신설선,정릉,4595,4244,8839
20211223,우이신설선,성신여대입구,3322,3668,6990
20211223,우이신설선,보문,1499,1464,2963
20211223,우이신설선,신설동,2102,2064,4166
20211224,우이신설선,솔밭공원,2445,2272,4717
20211224,우이신설선,4.19민주묘지,2674,2519,5193
20211224,우이신설선,가오리,4028,4019,8047
20211224,우이신설선,화계,3249,3058,6307
20211224,우이신설선,삼양,2024,2242,4266
20211224,우이신설선,삼양사거리,2391,2452,4843
20211224,우이신설선,북한산우이,2394,2181,4575
20211224,우이신설선,북한산보국문,6102,5875,11977
20211224,우이신설선,정릉,4681,4240,8921
20211224,우이신설선,성신여대입구,3538,3920,7458
20211224,우이신설선,보문,1614,1613,3227
20211224,우이신설선,신설동,2062,1970,4032
20211224,우이신설선,솔샘,5699,5208,10907
20211225,우이신설선,북한산우이,1797,1681,3478
20211225,우이신설선,솔밭공원,1289,1250,2539
20211225,우이신설선,4.19민주묘지,1526,1355,2881
20211225,우이신설선,가오리,2181,2105,4286
20211225,우이신설선,화계,1851,1754,3605
20211225,우이신설선,삼양,1215,1315,2530
20211225,우이신설선,삼양사거리,1385,1340,2725
20211225,우이신설선,북한산보국문,3535,3257,6792
20211225,우이신설선,정릉,2555,2227,4782
20211225,우이신설선,성신여대입구,2521,2882,5403
20211225,우이신설선,보문,975,1031,2006
20211225,우이신설선,신설동,946,919,1865
20211225,우이신설선,솔샘,2988,2708,5696
20211226,우이신설선,화계,1531,1499,3030
20211226,우이신설선,솔밭공원,993,963,1956
20211226,우이신설선,4.19민주묘지,1245,1134,2379
20211226,우이신설선,가오리,1785,1744,3529
20211226,우이신설선,북한산우이,1627,1683,3310
20211226,우이신설선,삼양,878,951,1829
20211226,우이신설선,정릉,2046,1832,3878
20211226,우이신설선,솔샘,2238,2129,4367
20211226,우이신설선,북한산보국문,2919,2681,5600
20211226,우이신설선,성신여대입구,1830,2020,3850
20211226,우이신설선,보문,784,802,1586
20211226,우이신설선,신설동,824,790,1614
20211226,우이신설선,삼양사거리,1169,1129,2298
20211227,우이신설선,솔밭공원,2276,2163,4439
20211227,우이신설선,4.19민주묘지,2429,2401,4830
20211227,우이신설선,가오리,3705,3827,7532
20211227,우이신설선,화계,3018,2852,5870
20211227,우이신설선,삼양,1820,1960,3780
20211227,우이신설선,삼양사거리,2241,2240,4481
20211227,우이신설선,북한산우이,2139,1881,4020
20211227,우이신설선,북한산보국문,5343,5208,10551
20211227,우이신설선,정릉,4096,3816,7912
20211227,우이신설선,성신여대입구,2926,3221,6147
20211227,우이신설선,보문,1399,1386,2785
20211227,우이신설선,신설동,1938,1805,3743
20211227,우이신설선,솔샘,5355,5105,10460
20211228,우이신설선,북한산우이,2310,2125,4435
20211228,우이신설선,솔밭공원,2360,2319,4679
20211228,우이신설선,4.19민주묘지,2631,2465,5096
20211228,우이신설선,가오리,3909,3923,7832
20211228,우이신설선,화계,3206,3004,6210
20211228,우이신설선,삼양,1923,2047,3970
20211228,우이신설선,삼양사거리,2332,2451,4783
20211228,우이신설선,북한산보국문,5658,5457,11115
20211228,우이신설선,정릉,4303,3982,8285
20211228,우이신설선,성신여대입구,3189,3464,6653
20211228,우이신설선,보문,1459,1456,2915
20211228,우이신설선,신설동,2066,1912,3978
20211228,우이신설선,솔샘,5536,5244,10780
20211229,우이신설선,삼양,1914,2057,3971
20211229,우이신설선,4.19민주묘지,2655,2560,5215
20211229,우이신설선,가오리,4021,3954,7975
20211229,우이신설선,화계,3300,3010,6310
20211229,우이신설선,신설동,2011,1979,3990
20211229,우이신설선,보문,1438,1396,2834
20211229,우이신설선,솔샘,5644,5363,11007
20211229,우이신설선,정릉,4485,4214,8699
20211229,우이신설선,북한산보국문,5816,5538,11354
20211229,우이신설선,삼양사거리,2360,2365,4725
20211229,우이신설선,솔밭공원,2463,2313,4776
20211229,우이신설선,북한산우이,2419,2141,4560
20211229,우이신설선,성신여대입구,3295,3519,6814
20211230,우이신설선,신설동,2056,1949,4005
20211230,우이신설선,보문,1422,1423,2845
20211230,우이신설선,성신여대입구,3306,3621,6927
20211230,우이신설선,북한산보국문,5698,5534,11232
20211230,우이신설선,솔샘,5563,5077,10640
20211230,우이신설선,삼양사거리,2334,2374,4708
20211230,우이신설선,정릉,4419,4091,8510
20211230,우이신설선,화계,3229,3080,6309
20211230,우이신설선,가오리,3833,3890,7723
20211230,우이신설선,4.19민주묘지,2559,2412,4971
20211230,우이신설선,솔밭공원,2359,2243,4602
20211230,우이신설선,북한산우이,2397,2128,4525
20211230,우이신설선,삼양,1903,2075,3978
20211231,우이신설선,성신여대입구,3346,3600,6946
20211231,우이신설선,정릉,4185,3779,7964
20211231,우이신설선,북한산보국문,5570,5192,10762
20211231,우이신설선,솔샘,5181,4729,9910
20211231,우이신설선,삼양사거리,2219,2260,4479
20211231,우이신설선,가오리,3655,3606,7261
20211231,우이신설선,화계,2971,2812,5783
20211231,우이신설선,4.19민주묘지,2333,2226,4559
20211231,우이신설선,솔밭공원,2214,2034,4248
20211231,우이신설선,북한산우이,2156,1926,4082
20211231,우이신설선,보문,1402,1435,2837
20211231,우이신설선,삼양,1785,1979,3764
20211231,우이신설선,신설동,1853,1786,3639
