사용월,호선명,지하철역,승차총승객수,하차총승객수,승하차총승객수
202201,1호선,가능,126191,122907,249098
202201,1호선,가산디지털단지,370308,427269,797577
202201,1호선,간석,114563,109293,223856
202201,1호선,개봉,421899,424527,846426
202201,1호선,관악,141319,132669,273988
202201,1호선,광명,65728,58036,123764
202201,1호선,광운대,148577,143916,292493
202201,1호선,구로,367914,372370,740284
202201,1호선,구일,119655,120171,239826
202201,1호선,군포,154913,154532,309445
202201,1호선,금정,530249,540991,1071240
202201,1호선,금천구청,233026,234221,467247
202201,1호선,남영,176835,184484,361319
202201,1호선,노량진,163490,165589,329079
202201,1호선,녹양,87252,82584,169836
202201,1호선,녹천,90175,76752,166927
202201,1호선,당정,120490,115112,235602
202201,1호선,대방,256898,264995,521893
202201,1호선,덕계,58471,52431,110902
202201,1호선,덕정,100836,97833,198669
202201,1호선,도봉,119664,115799,235463
202201,1호선,도봉산,139798,86837,226635
202201,1호선,도원,51757,52822,104579
202201,1호선,도화,82301,77143,159444
202201,1호선,독산,378232,395589,773821
202201,1호선,동대문,210889,195984,406873
202201,1호선,동두천,38825,43280,82105
202201,1호선,동두천중앙,58862,57138,116000
202201,1호선,동묘앞,142990,149013,292003
202201,1호선,동암,286714,290794,577508
202201,1호선,동인천,267672,253997,521669
202201,1호선,두정,92242,92357,184599
202201,1호선,망월사,141197,146199,287396
202201,1호선,명학,177084,174989,352073
202201,1호선,방학,188544,185504,374048
202201,1호선,배방,18340,17726,36066
202201,1호선,백운,132804,132075,264879
202201,1호선,병점,273003,269571,542574
202201,1호선,보산,26124,23872,49996
202201,1호선,봉명,22737,22099,44836
202201,1호선,부개,167085,156681,323766
202201,1호선,부천,635911,637859,1273770
202201,1호선,부평,580743,612229,1192972
202201,1호선,서동탄,27707,24086,51793
202201,1호선,서빙고,39072,36969,76041
202201,1호선,서울,966153,856087,1822240
202201,1호선,서정리,129496,116942,246438
202201,1호선,석계,157514,178293,335807
202201,1호선,석수,190644,170671,361315
202201,1호선,성균관대,269114,267859,536973
202201,1호선,성환,56801,57236,114037
202201,1호선,세류,57935,53819,111754
202201,1호선,세마,53809,50186,103995
202201,1호선,소사,163951,161132,325083
202201,1호선,소요산,43352,37714,81066
202201,1호선,송내,522883,522852,1045735
202201,1호선,송탄,79693,75836,155529
202201,1호선,수원,640499,686146,1326645
202201,1호선,시청,432427,433757,866184
202201,1호선,신길,176269,149122,325391
202201,1호선,신도림,82402,78808,161210
202201,1호선,신설동,273176,264134,537310
202201,1호선,신이문,166519,156137,322656
202201,1호선,신창,18226,17993,36219
202201,1호선,쌍용,34383,31994,66377
202201,1호선,아산,51543,47925,99468
202201,1호선,안양,413014,415625,828639
202201,1호선,양주,144708,136765,281473
202201,1호선,역곡,528536,527268,1055804
202201,1호선,영등포,734962,750796,1485758
202201,1호선,오류동,233561,221914,455475
202201,1호선,오산,186829,185683,372512
202201,1호선,오산대,63013,58046,121059
202201,1호선,옥수,951,677,1628
202201,1호선,온수,125018,121083,246101
202201,1호선,온양온천,68048,69629,137677
202201,1호선,왕십리,271004,308231,579235
202201,1호선,외대앞,140049,140893,280942
202201,1호선,용산,654479,667689,1322168
202201,1호선,월계,122872,116918,239790
202201,1호선,응봉,36511,31286,67797
202201,1호선,의왕,179502,179096,358598
202201,1호선,의정부,355685,364627,720312
202201,1호선,이촌,72123,56772,128895
202201,1호선,인천,63770,47747,111517
202201,1호선,제기동,355473,364429,719902
202201,1호선,제물포,198830,190673,389503
202201,1호선,종각,698342,675559,1373901
202201,1호선,종로3가,498616,458273,956889
202201,1호선,종로5가,441441,432890,874331
202201,1호선,주안,360032,326409,686441
202201,1호선,중동,184349,175041,359390
202201,1호선,지행,122124,121114,243238
202201,1호선,직산,14596,14002,28598
202201,1호선,진위,31844,27640,59484
202201,1호선,창동,8,0,8
202201,1호선,천안,89191,94036,183227
202201,1호선,청량리,688086,702073,1390159
202201,1호선,탕정,8076,7397,15473
202201,1호선,평택,213101,210340,423441
202201,1호선,평택지제,65961,62917,128878
202201,1호선,한남,82213,77221,159434
202201,1호선,화서,153682,149371,303053
202201,1호선,회룡,243903,241309,485212
202202,1호선,가능,112092,109036,221128
202202,1호선,가산디지털단지,313722,366339,680061
202202,1호선,간석,100029,95427,195456
202202,1호선,개봉,370626,371827,742453
202202,1호선,관악,123766,116063,239829
202202,1호선,광명,57878,49943,107821
202202,1호선,광운대,128549,125843,254392
202202,1호선,구로,323422,327711,651133
202202,1호선,구일,103543,104475,208018
202202,1호선,군포,136006,136591,272597
202202,1호선,금정,454824,463311,918135
202202,1호선,금천구청,205324,206230,411554
202202,1호선,남영,152358,160770,313128
202202,1호선,노량진,135175,138579,273754
202202,1호선,녹양,77891,73535,151426
202202,1호선,녹천,80863,68821,149684
202202,1호선,당정,105138,100223,205361
202202,1호선,대방,218555,228128,446683
202202,1호선,덕계,51384,46588,97972
202202,1호선,덕정,89804,88249,178053
202202,1호선,도봉,105385,101440,206825
202202,1호선,도봉산,125890,81488,207378
202202,1호선,도원,42050,43457,85507
202202,1호선,도화,70893,66080,136973
202202,1호선,독산,323846,339181,663027
202202,1호선,동대문,185675,173032,358707
202202,1호선,동두천,34627,37841,72468
202202,1호선,동두천중앙,52266,50397,102663
202202,1호선,동묘앞,126693,133250,259943
202202,1호선,동암,249907,252036,501943
202202,1호선,동인천,234182,221894,456076
202202,1호선,두정,83787,84927,168714
202202,1호선,망월사,127431,131139,258570
202202,1호선,명학,154683,152088,306771
202202,1호선,방학,168350,165644,333994
202202,1호선,배방,17119,16693,33812
202202,1호선,백운,116896,115972,232868
202202,1호선,병점,237502,237729,475231
202202,1호선,보산,25184,23135,48319
202202,1호선,봉명,20751,20205,40956
202202,1호선,부개,146893,138154,285047
202202,1호선,부천,559934,560740,1120674
202202,1호선,부평,508952,533192,1042144
202202,1호선,서동탄,23843,20758,44601
202202,1호선,서빙고,34193,32525,66718
202202,1호선,서울,844759,718843,1563602
202202,1호선,서정리,112445,105864,218309
202202,1호선,석계,138608,156008,294616
202202,1호선,석수,165421,148992,314413
202202,1호선,성균관대,235667,236589,472256
202202,1호선,성환,52437,52498,104935
202202,1호선,세류,51292,46991,98283
202202,1호선,세마,46768,43783,90551
202202,1호선,소사,147431,142870,290301
202202,1호선,소요산,41411,34894,76305
202202,1호선,송내,454297,451569,905866
202202,1호선,송탄,72125,70594,142719
202202,1호선,수원,572515,602678,1175193
202202,1호선,시청,370473,375955,746428
202202,1호선,신길,153151,130121,283272
202202,1호선,신도림,72512,68812,141324
202202,1호선,신설동,238122,233922,472044
202202,1호선,신이문,145830,136637,282467
202202,1호선,신창,20603,19310,39913
202202,1호선,쌍용,30929,28621,59550
202202,1호선,아산,49718,43970,93688
202202,1호선,안양,364097,364523,728620
202202,1호선,양주,129432,121415,250847
202202,1호선,역곡,462467,461189,923656
202202,1호선,영등포,646143,658200,1304343
202202,1호선,오류동,204443,194923,399366
202202,1호선,오산,163944,164154,328098
202202,1호선,오산대,55444,51522,106966
202202,1호선,옥수,829,574,1403
202202,1호선,온수,110609,107032,217641
202202,1호선,온양온천,61633,61837,123470
202202,1호선,왕십리,234956,266053,501009
202202,1호선,외대앞,123838,126481,250319
202202,1호선,용산,578105,568791,1146896
202202,1호선,월계,108761,104036,212797
202202,1호선,응봉,31823,27107,58930
202202,1호선,의왕,154348,154612,308960
202202,1호선,의정부,319048,325437,644485
202202,1호선,이촌,62007,48576,110583
202202,1호선,인천,57506,44979,102485
202202,1호선,제기동,278849,282964,561813
202202,1호선,제물포,174432,166358,340790
202202,1호선,종각,574394,558644,1133038
202202,1호선,종로3가,426728,393548,820276
202202,1호선,종로5가,381701,376406,758107
202202,1호선,주안,316461,286276,602737
202202,1호선,중동,161282,152474,313756
202202,1호선,지행,108046,106060,214106
202202,1호선,직산,13083,12560,25643
202202,1호선,진위,27790,24149,51939
202202,1호선,창동,7,0,7
202202,1호선,천안,86104,87029,173133
202202,1호선,청량리,587988,592975,1180963
202202,1호선,탕정,9305,8814,18119
202202,1호선,평택,195272,191118,386390
202202,1호선,평택지제,58049,55424,113473
202202,1호선,한남,70517,66699,137216
202202,1호선,화서,133235,129517,262752
202202,1호선,회룡,215632,212857,428489
202203,1호선,가능,141159,136687,277846
202203,1호선,가산디지털단지,368966,425188,794154
202203,1호선,간석,120774,114909,235683
202203,1호선,개봉,437493,417966,855459
202203,1호선,관악,148188,138063,286251
202203,1호선,광명,65282,56963,122245
202203,1호선,광운대,188672,185829,374501
202203,1호선,구로,375577,385972,761549
202203,1호선,구일,128124,127046,255170
202203,1호선,군포,162124,162844,324968
202203,1호선,금정,549004,558476,1107480
202203,1호선,금천구청,241959,242117,484076
202203,1호선,남영,193373,205008,398381
202203,1호선,노량진,161446,165116,326562
202203,1호선,녹양,96184,90773,186957
202203,1호선,녹천,98037,82246,180283
202203,1호선,당정,133440,126906,260346
202203,1호선,대방,263096,270251,533347
202203,1호선,덕계,66391,60119,126510
202203,1호선,덕정,131476,126237,257713
202203,1호선,도봉,124019,119185,243204
202203,1호선,도봉산,160181,105716,265897
202203,1호선,도원,62019,61512,123531
202203,1호선,도화,86330,80151,166481
202203,1호선,독산,383744,396656,780400
202203,1호선,동대문,223340,207760,431100
202203,1호선,동두천,54199,58222,112421
202203,1호선,동두천중앙,65285,62951,128236
202203,1호선,동묘앞,163487,172269,335756
202203,1호선,동암,296260,299576,595836
202203,1호선,동인천,281525,267462,548987
202203,1호선,두정,157569,165155,322724
202203,1호선,망월사,159224,162434,321658
202203,1호선,명학,214497,211728,426225
202203,1호선,방학,202247,199784,402031
202203,1호선,배방,24734,23977,48711
202203,1호선,백운,142111,140818,282929
202203,1호선,병점,310177,314481,624658
202203,1호선,보산,32415,29453,61868
202203,1호선,봉명,26532,25638,52170
202203,1호선,부개,175778,165129,340907
202203,1호선,부천,657393,659978,1317371
202203,1호선,부평,580745,617471,1198216
202203,1호선,서동탄,28440,25068,53508
202203,1호선,서빙고,39369,36896,76265
202203,1호선,서울,921092,816304,1737396
202203,1호선,서정리,154505,143932,298437
202203,1호선,석계,170250,189031,359281
202203,1호선,석수,200322,180561,380883
202203,1호선,성균관대,313328,310487,623815
202203,1호선,성환,107314,103000,210314
202203,1호선,세류,61986,56486,118472
202203,1호선,세마,59172,55989,115161
202203,1호선,소사,182038,175731,357769
202203,1호선,소요산,53708,46187,99895
202203,1호선,송내,546123,544477,1090600
202203,1호선,송탄,92546,88340,180886
202203,1호선,수원,717702,760937,1478639
202203,1호선,시청,438653,442033,880686
202203,1호선,신길,184005,156417,340422
202203,1호선,신도림,83192,82237,165429
202203,1호선,신설동,283364,276382,559746
202203,1호선,신이문,172881,160880,333761
202203,1호선,신창,65278,58031,123309
202203,1호선,쌍용,57369,53073,110442
202203,1호선,아산,80157,70330,150487
202203,1호선,안양,504025,498613,1002638
202203,1호선,양주,164410,154206,318616
202203,1호선,역곡,569382,562310,1131692
202203,1호선,영등포,735830,750289,1486119
202203,1호선,오류동,246641,230583,477224
202203,1호선,오산,208882,209230,418112
202203,1호선,오산대,81081,74457,155538
202203,1호선,옥수,1041,668,1709
202203,1호선,온수,141035,134802,275837
202203,1호선,온양온천,78463,81505,159968
202203,1호선,왕십리,297161,314554,611715
202203,1호선,외대앞,178450,178834,357284
202203,1호선,용산,628400,632086,1260486
202203,1호선,월계,165017,154044,319061
202203,1호선,응봉,39572,34490,74062
202203,1호선,의왕,191172,191174,382346
202203,1호선,의정부,374774,385758,760532
202203,1호선,이촌,72822,57601,130423
202203,1호선,인천,70105,53713,123818
202203,1호선,제기동,347265,354651,701916
202203,1호선,제물포,221227,211861,433088
202203,1호선,종각,656562,637724,1294286
202203,1호선,종로3가,493677,453719,947396
202203,1호선,종로5가,457749,452170,909919
202203,1호선,주안,391960,356853,748813
202203,1호선,중동,193259,182888,376147
202203,1호선,지행,136221,136602,272823
202203,1호선,직산,17120,16519,33639
202203,1호선,진위,36376,31432,67808
202203,1호선,창동,4,0,4
202203,1호선,천안,139751,131033,270784
202203,1호선,청량리,701739,707993,1409732
202203,1호선,탕정,16333,14464,30797
202203,1호선,평택,264605,263492,528097
202203,1호선,평택지제,73194,70403,143597
202203,1호선,한남,82257,78314,160571
202203,1호선,화서,166037,159927,325964
202203,1호선,회룡,258823,257385,516208
202204,1호선,가능,148848,142198,291046
202204,1호선,가산디지털단지,396165,456841,853006
202204,1호선,간석,128524,117815,246339
202204,1호선,개봉,458970,432414,891384
202204,1호선,관악,158363,146022,304385
202204,1호선,광명,71380,62257,133637
202204,1호선,광운대,191592,188284,379876
202204,1호선,구로,390069,403022,793091
202204,1호선,구일,159069,156701,315770
202204,1호선,군포,167834,165667,333501
202204,1호선,금정,580818,592994,1173812
202204,1호선,금천구청,254997,254174,509171
202204,1호선,남영,203213,215905,419118
202204,1호선,노량진,174868,179008,353876
202204,1호선,녹양,101940,95571,197511
202204,1호선,녹천,102934,84765,187699
202204,1호선,당정,147194,138492,285686
202204,1호선,대방,279878,285883,565761
202204,1호선,덕계,72577,65365,137942
202204,1호선,덕정,140274,133438,273712
202204,1호선,도봉,128643,122580,251223
202204,1호선,도봉산,167429,111601,279030
202204,1호선,도원,70393,69614,140007
202204,1호선,도화,91485,83472,174957
202204,1호선,독산,400057,411791,811848
202204,1호선,동대문,228414,212632,441046
202204,1호선,동두천,57134,62780,119914
202204,1호선,동두천중앙,69447,67068,136515
202204,1호선,동묘앞,166804,175014,341818
202204,1호선,동암,309201,311488,620689
202204,1호선,동인천,297883,283570,581453
202204,1호선,두정,160344,166195,326539
202204,1호선,망월사,198194,199374,397568
202204,1호선,명학,222670,218581,441251
202204,1호선,방학,209875,206124,415999
202204,1호선,배방,25241,24441,49682
202204,1호선,백운,150952,147717,298669
202204,1호선,병점,336656,336879,673535
202204,1호선,보산,35191,31219,66410
202204,1호선,봉명,27532,26525,54057
202204,1호선,부개,186302,173115,359417
202204,1호선,부천,691661,695021,1386682
202204,1호선,부평,602509,654111,1256620
202204,1호선,서동탄,30283,26989,57272
202204,1호선,서빙고,42875,39190,82065
202204,1호선,서울,1032510,922036,1954546
202204,1호선,서정리,164506,150190,314696
202204,1호선,석계,179186,197389,376575
202204,1호선,석수,210788,188179,398967
202204,1호선,성균관대,331479,324483,655962
202204,1호선,성환,120637,114361,234998
202204,1호선,세류,65136,58928,124064
202204,1호선,세마,62522,58600,121122
202204,1호선,소사,195567,186791,382358
202204,1호선,소요산,59634,50777,110411
202204,1호선,송내,587612,587030,1174642
202204,1호선,송탄,96350,90614,186964
202204,1호선,수원,753473,808044,1561517
202204,1호선,시청,471916,480494,952410
202204,1호선,신길,196072,162575,358647
202204,1호선,신도림,88141,89368,177509
202204,1호선,신설동,291181,284740,575921
202204,1호선,신이문,179410,165379,344789
202204,1호선,신창,63309,55836,119145
202204,1호선,쌍용,62733,57784,120517
202204,1호선,아산,83052,74518,157570
202204,1호선,안양,562491,554724,1117215
202204,1호선,양주,173589,162442,336031
202204,1호선,역곡,610606,597917,1208523
202204,1호선,영등포,768454,795845,1564299
202204,1호선,오류동,257565,235432,492997
202204,1호선,오산,218490,218257,436747
202204,1호선,오산대,88767,81951,170718
202204,1호선,옥수,1130,788,1918
202204,1호선,온수,154185,145876,300061
202204,1호선,온양온천,83265,86705,169970
202204,1호선,왕십리,301970,329170,631140
202204,1호선,외대앞,177640,176224,353864
202204,1호선,용산,671741,688340,1360081
202204,1호선,월계,178050,164235,342285
202204,1호선,응봉,44350,40028,84378
202204,1호선,의왕,203342,201200,404542
202204,1호선,의정부,388980,404546,793526
202204,1호선,이촌,79428,60926,140354
202204,1호선,인천,78854,61188,140042
202204,1호선,제기동,363503,369511,733014
202204,1호선,제물포,240651,227499,468150
202204,1호선,종각,711924,700635,1412559
202204,1호선,종로3가,521321,477204,998525
202204,1호선,종로5가,474781,474174,948955
202204,1호선,주안,418703,380243,798946
202204,1호선,중동,204403,190376,394779
202204,1호선,지행,146511,146380,292891
202204,1호선,직산,18643,18054,36697
202204,1호선,진위,38887,33238,72125
202204,1호선,창동,6,0,6
202204,1호선,천안,143548,136601,280149
202204,1호선,청량리,734828,742251,1477079
202204,1호선,탕정,17899,15126,33025
202204,1호선,평택,275708,275288,550996
202204,1호선,평택지제,76980,73693,150673
202204,1호선,한남,86034,82368,168402
202204,1호선,화서,178821,171041,349862
202204,1호선,회룡,272773,271626,544399
202205,1호선,가능,163051,155421,318472
202205,1호선,가산디지털단지,422448,487130,909578
202205,1호선,간석,142196,133041,275237
202205,1호선,개봉,508246,492350,1000596
202205,1호선,관악,177963,165216,343179
202205,1호선,광명,81805,71851,153656
202205,1호선,광운대,210256,205242,415498
202205,1호선,구로,428468,445462,873930
202205,1호선,구일,182169,177769,359938
202205,1호선,군포,178221,175006,353227
202205,1호선,금정,635550,640316,1275866
202205,1호선,금천구청,281247,278749,559996
202205,1호선,남영,221860,237775,459635
202205,1호선,노량진,200034,200835,400869
202205,1호선,녹양,111878,104486,216364
202205,1호선,녹천,111066,91116,202182
202205,1호선,당정,168690,158509,327199
202205,1호선,대방,306192,314584,620776
202205,1호선,덕계,81951,73179,155130
202205,1호선,덕정,152411,144331,296742
202205,1호선,도봉,142002,134799,276801
202205,1호선,도봉산,188338,128033,316371
202205,1호선,도원,81353,80561,161914
202205,1호선,도화,101330,92683,194013
202205,1호선,독산,432449,443170,875619
202205,1호선,동대문,258493,243455,501948
202205,1호선,동두천,61081,68007,129088
202205,1호선,동두천중앙,76803,74294,151097
202205,1호선,동묘앞,188131,196790,384921
202205,1호선,동암,348753,348785,697538
202205,1호선,동인천,330292,314389,644681
202205,1호선,두정,184733,196950,381683
202205,1호선,망월사,223353,225252,448605
202205,1호선,명학,237572,233340,470912
202205,1호선,방학,231735,226025,457760
202205,1호선,배방,29306,27906,57212
202205,1호선,백운,166584,162311,328895
202205,1호선,병점,391611,390576,782187
202205,1호선,보산,39303,34916,74219
202205,1호선,봉명,30456,29645,60101
202205,1호선,부개,207130,183753,390883
202205,1호선,부천,770868,774949,1545817
202205,1호선,부평,676227,735115,1411342
202205,1호선,서동탄,34559,30726,65285
202205,1호선,서빙고,49083,45346,94429
202205,1호선,서울,1234577,1095236,2329813
202205,1호선,서정리,186553,169656,356209
202205,1호선,석계,198648,220551,419199
202205,1호선,석수,230574,206108,436682
202205,1호선,성균관대,373982,369524,743506
202205,1호선,성환,149547,140688,290235
202205,1호선,세류,74211,67710,141921
202205,1호선,세마,70536,65982,136518
202205,1호선,소사,215223,205635,420858
202205,1호선,소요산,66314,56375,122689
202205,1호선,송내,653904,650824,1304728
202205,1호선,송탄,109052,101759,210811
202205,1호선,수원,883032,946032,1829064
202205,1호선,시청,536834,546463,1083297
202205,1호선,신길,216553,186231,402784
202205,1호선,신도림,96817,100841,197658
202205,1호선,신설동,316826,308734,625560
202205,1호선,신이문,197352,179190,376542
202205,1호선,신창,69207,63272,132479
202205,1호선,쌍용,70799,65133,135932
202205,1호선,아산,96588,86194,182782
202205,1호선,안양,624461,617578,1242039
202205,1호선,양주,193098,180072,373170
202205,1호선,역곡,685398,668235,1353633
202205,1호선,영등포,877964,916964,1794928
202205,1호선,오류동,281312,256900,538212
202205,1호선,오산,247041,245198,492239
202205,1호선,오산대,100199,92692,192891
202205,1호선,옥수,1351,988,2339
202205,1호선,온수,172254,161641,333895
202205,1호선,온양온천,95761,99208,194969
202205,1호선,왕십리,350750,381579,732329
202205,1호선,외대앞,202092,201512,403604
202205,1호선,용산,825562,852587,1678149
202205,1호선,월계,192910,177110,370020
202205,1호선,응봉,46739,39179,85918
202205,1호선,의왕,226484,223185,449669
202205,1호선,의정부,435704,455985,891689
202205,1호선,이촌,92866,68774,161640
202205,1호선,인천,98293,76514,174807
202205,1호선,제기동,393217,400343,793560
202205,1호선,제물포,267719,252269,519988
202205,1호선,종각,827731,811748,1639479
202205,1호선,종로3가,601489,545093,1146582
202205,1호선,종로5가,534229,531072,1065301
202205,1호선,주안,470865,426759,897624
202205,1호선,중동,225556,209007,434563
202205,1호선,지행,165071,164503,329574
202205,1호선,직산,20927,20253,41180
202205,1호선,진위,42903,37659,80562
202205,1호선,창동,12,0,12
202205,1호선,천안,167196,157162,324358
202205,1호선,청량리,837263,850037,1687300
202205,1호선,탕정,21722,18724,40446
202205,1호선,평택,315520,317556,633076
202205,1호선,평택지제,88628,85387,174015
202205,1호선,한남,96649,92641,189290
202205,1호선,화서,200099,190473,390572
202205,1호선,회룡,302546,298803,601349
202206,1호선,가능,154817,148293,303110
202206,1호선,가산디지털단지,407298,469797,877095
202206,1호선,간석,135647,127267,262914
202206,1호선,개봉,484184,471870,956054
202206,1호선,관악,169598,158698,328296
202206,1호선,광명,82578,71437,154015
202206,1호선,광운대,183441,178831,362272
202206,1호선,구로,415151,428215,843366
202206,1호선,구일,178141,176525,354666
202206,1호선,군포,169669,166716,336385
202206,1호선,금정,609534,616047,1225581
202206,1호선,금천구청,264623,265142,529765
202206,1호선,남영,212276,224307,436583
202206,1호선,노량진,180425,177829,358254
202206,1호선,녹양,105567,99187,204754
202206,1호선,녹천,107827,88759,196586
202206,1호선,당정,152725,143264,295989
202206,1호선,대방,261278,279532,540810
202206,1호선,덕계,77313,68887,146200
202206,1호선,덕정,136926,131505,268431
202206,1호선,도봉,136834,130022,266856
202206,1호선,도봉산,170099,112016,282115
202206,1호선,도원,79439,78309,157748
202206,1호선,도화,97806,89841,187647
202206,1호선,독산,416685,429962,846647
202206,1호선,동대문,244974,229891,474865
202206,1호선,동두천,57004,62011,119015
202206,1호선,동두천중앙,72587,69931,142518
202206,1호선,동묘앞,174337,181735,356072
202206,1호선,동암,346332,345195,691527
202206,1호선,동인천,313358,298843,612201
202206,1호선,두정,153700,159354,313054
202206,1호선,망월사,196469,197828,394297
202206,1호선,명학,219316,215808,435124
202206,1호선,방학,224288,219349,443637
202206,1호선,배방,26993,26118,53111
202206,1호선,백운,158260,154641,312901
202206,1호선,병점,349072,347623,696695
202206,1호선,보산,38043,33751,71794
202206,1호선,봉명,29542,28700,58242
202206,1호선,부개,199199,183929,383128
202206,1호선,부천,727053,728463,1455516
202206,1호선,부평,646668,694119,1340787
202206,1호선,서동탄,33410,29053,62463
202206,1호선,서빙고,47601,43788,91389
202206,1호선,서울,1231636,1079678,2311314
202206,1호선,서정리,169527,158680,328207
202206,1호선,석계,182474,205538,388012
202206,1호선,석수,216319,193947,410266
202206,1호선,성균관대,330644,326310,656954
202206,1호선,성환,108865,104492,213357
202206,1호선,세류,70981,64395,135376
202206,1호선,세마,67367,63670,131037
202206,1호선,소사,198335,191735,390070
202206,1호선,소요산,57862,49691,107553
202206,1호선,송내,621644,618860,1240504
202206,1호선,송탄,100398,96545,196943
202206,1호선,수원,809061,855385,1664446
202206,1호선,시청,523506,527336,1050842
202206,1호선,신길,205328,178922,384250
202206,1호선,신도림,93078,96367,189445
202206,1호선,신설동,304219,290688,594907
202206,1호선,신이문,190278,174982,365260
202206,1호선,신창,46877,43797,90674
202206,1호선,쌍용,59678,55212,114890
202206,1호선,아산,82529,74406,156935
202206,1호선,안양,561270,554127,1115397
202206,1호선,양주,177736,166548,344284
202206,1호선,역곡,631222,620292,1251514
202206,1호선,영등포,865277,896661,1761938
202206,1호선,오류동,268452,246643,515095
202206,1호선,오산,227297,226279,453576
202206,1호선,오산대,87960,81387,169347
202206,1호선,옥수,1185,870,2055
202206,1호선,온수,160340,150708,311048
202206,1호선,온양온천,89395,92255,181650
202206,1호선,왕십리,330397,360101,690498
202206,1호선,외대앞,180599,178696,359295
202206,1호선,용산,835441,849653,1685094
202206,1호선,월계,171551,158750,330301
202206,1호선,응봉,44505,37485,81990
202206,1호선,의왕,207678,206181,413859
202206,1호선,의정부,410275,426760,837035
202206,1호선,이촌,89494,68162,157656
202206,1호선,인천,86358,67038,153396
202206,1호선,제기동,374026,380186,754212
202206,1호선,제물포,247881,235621,483502
202206,1호선,종각,818143,800495,1618638
202206,1호선,종로3가,574475,524291,1098766
202206,1호선,종로5가,519071,516758,1035829
202206,1호선,주안,432742,391736,824478
202206,1호선,중동,215172,200399,415571
202206,1호선,지행,153271,152707,305978
202206,1호선,직산,19932,19531,39463
202206,1호선,진위,41522,36575,78097
202206,1호선,창동,6,0,6
202206,1호선,천안,142156,138302,280458
202206,1호선,청량리,798344,807154,1605498
202206,1호선,탕정,20839,18250,39089
202206,1호선,평택,285932,284309,570241
202206,1호선,평택지제,87605,84309,171914
202206,1호선,한남,93672,89241,182913
202206,1호선,화서,188584,180802,369386
202206,1호선,회룡,289263,285957,575220
202207,1호선,가능,148318,141459,289777
202207,1호선,가산디지털단지,404442,469638,874080
202207,1호선,간석,130849,122474,253323
202207,1호선,개봉,464233,445548,909781
202207,1호선,관악,158748,151400,310148
202207,1호선,광명,77180,67990,145170
202207,1호선,광운대,161002,152909,313911
202207,1호선,구로,402915,409239,812154
202207,1호선,구일,144667,141185,285852
202207,1호선,군포,165138,161946,327084
202207,1호선,금정,591703,599366,1191069
202207,1호선,금천구청,250001,249969,499970
202207,1호선,남영,205001,214347,419348
202207,1호선,노량진,167227,162148,329375
202207,1호선,녹양,100757,95039,195796
202207,1호선,녹천,105846,85851,191697
202207,1호선,당정,136616,128254,264870
202207,1호선,대방,247030,266312,513342
202207,1호선,덕계,72009,63888,135897
202207,1호선,덕정,118060,112865,230925
202207,1호선,도봉,131795,126145,257940
202207,1호선,도봉산,158524,101463,259987
202207,1호선,도원,73009,72361,145370
202207,1호선,도화,92266,84912,177178
202207,1호선,독산,410429,424691,835120
202207,1호선,동대문,233646,217839,451485
202207,1호선,동두천,48165,53029,101194
202207,1호선,동두천중앙,69286,66834,136120
202207,1호선,동묘앞,162809,169462,332271
202207,1호선,동암,337151,335425,672576
202207,1호선,동인천,300601,286823,587424
202207,1호선,두정,119034,120043,239077
202207,1호선,망월사,164518,166644,331162
202207,1호선,명학,199661,196274,395935
202207,1호선,방학,214386,209277,423663
202207,1호선,배방,24184,23066,47250
202207,1호선,백운,153304,148868,302172
202207,1호선,병점,308725,303924,612649
202207,1호선,보산,36543,32524,69067
202207,1호선,봉명,28762,27851,56613
202207,1호선,부개,192906,177806,370712
202207,1호선,부천,690263,691381,1381644
202207,1호선,부평,632813,676949,1309762
202207,1호선,서동탄,31712,27628,59340
202207,1호선,서빙고,45441,41514,86955
202207,1호선,서울,1187767,1054028,2241795
202207,1호선,서정리,156215,141490,297705
202207,1호선,석계,173012,193616,366628
202207,1호선,석수,204988,182706,387694
202207,1호선,성균관대,309323,305229,614552
202207,1호선,성환,72577,70877,143454
202207,1호선,세류,68771,62203,130974
202207,1호선,세마,63936,59754,123690
202207,1호선,소사,180257,177294,357551
202207,1호선,소요산,61233,53212,114445
202207,1호선,송내,599262,592985,1192247
202207,1호선,송탄,94248,89151,183399
202207,1호선,수원,733928,789042,1522970
202207,1호선,시청,516728,527952,1044680
202207,1호선,신길,197223,169166,366389
202207,1호선,신도림,88492,89649,178141
202207,1호선,신설동,297998,289790,587788
202207,1호선,신이문,184144,168142,352286
202207,1호선,신창,27002,25870,52872
202207,1호선,쌍용,44068,40717,84785
202207,1호선,아산,66615,63087,129702
202207,1호선,안양,472799,465635,938434
202207,1호선,양주,165668,155618,321286
202207,1호선,역곡,585262,580221,1165483
202207,1호선,영등포,850876,881451,1732327
202207,1호선,오류동,258628,237195,495823
202207,1호선,오산,207979,207587,415566
202207,1호선,오산대,75792,70117,145909
202207,1호선,옥수,1000,713,1713
202207,1호선,온수,146139,136013,282152
202207,1호선,온양온천,80933,83088,164021
202207,1호선,왕십리,321736,360532,682268
202207,1호선,외대앞,161083,160010,321093
202207,1호선,용산,826228,853151,1679379
202207,1호선,월계,142298,132656,274954
202207,1호선,응봉,41987,35222,77209
202207,1호선,의왕,194376,192640,387016
202207,1호선,의정부,397108,413423,810531
202207,1호선,이촌,85707,65696,151403
202207,1호선,인천,81970,63144,145114
202207,1호선,제기동,359952,364854,724806
202207,1호선,제물포,228707,216701,445408
202207,1호선,종각,827912,818201,1646113
202207,1호선,종로3가,558775,517773,1076548
202207,1호선,종로5가,496238,494902,991140
202207,1호선,주안,408406,367928,776334
202207,1호선,중동,206296,192368,398664
202207,1호선,지행,143810,143253,287063
202207,1호선,직산,19253,18141,37394
202207,1호선,진위,39535,34757,74292
202207,1호선,창동,14,0,14
202207,1호선,천안,112850,117940,230790
202207,1호선,청량리,757815,774854,1532669
202207,1호선,탕정,19636,17570,37206
202207,1호선,평택,250250,247732,497982
202207,1호선,평택지제,84751,82004,166755
202207,1호선,한남,89057,85248,174305
202207,1호선,화서,180247,171553,351800
202207,1호선,회룡,275529,271643,547172
202208,1호선,가능,149831,142751,292582
202208,1호선,가산디지털단지,401247,467737,868984
202208,1호선,간석,131469,122690,254159
202208,1호선,개봉,469886,458754,928640
202208,1호선,관악,160546,152824,313370
202208,1호선,광명,82206,69706,151912
202208,1호선,광운대,161767,154429,316196
202208,1호선,구로,402308,411907,814215
202208,1호선,구일,173149,176896,350045
202208,1호선,군포,164541,160490,325031
202208,1호선,금정,595734,607864,1203598
202208,1호선,금천구청,250264,250316,500580
202208,1호선,남영,207863,216434,424297
202208,1호선,노량진,176652,169963,346615
202208,1호선,녹양,101229,95592,196821
202208,1호선,녹천,104832,86360,191192
202208,1호선,당정,136755,128825,265580
202208,1호선,대방,246562,267073,513635
202208,1호선,덕계,73310,65047,138357
202208,1호선,덕정,122230,118109,240339
202208,1호선,도봉,134203,128765,262968
202208,1호선,도봉산,158594,102044,260638
202208,1호선,도원,66212,66641,132853
202208,1호선,도화,91693,84726,176419
202208,1호선,독산,409675,422566,832241
202208,1호선,동대문,235114,218709,453823
202208,1호선,동두천,48757,54106,102863
202208,1호선,동두천중앙,69932,67657,137589
202208,1호선,동묘앞,161766,168669,330435
202208,1호선,동암,348542,346017,694559
202208,1호선,동인천,299160,285352,584512
202208,1호선,두정,124841,128644,253485
202208,1호선,망월사,167419,169982,337401
202208,1호선,명학,200780,196266,397046
202208,1호선,방학,215805,210758,426563
202208,1호선,배방,23910,22834,46744
202208,1호선,백운,153344,148691,302035
202208,1호선,병점,314891,310728,625619
202208,1호선,보산,35819,32197,68016
202208,1호선,봉명,28974,28004,56978
202208,1호선,부개,193139,178351,371490
202208,1호선,부천,706530,706301,1412831
202208,1호선,부평,642579,685631,1328210
202208,1호선,서동탄,32115,27764,59879
202208,1호선,서빙고,49502,43985,93487
202208,1호선,서울,1276764,1102203,2378967
202208,1호선,서정리,161084,149837,310921
202208,1호선,석계,175164,197769,372933
202208,1호선,석수,203911,182290,386201
202208,1호선,성균관대,312463,308222,620685
202208,1호선,성환,83943,82356,166299
202208,1호선,세류,68669,61681,130350
202208,1호선,세마,65060,60720,125780
202208,1호선,소사,182756,178995,361751
202208,1호선,소요산,62025,53371,115396
202208,1호선,송내,602130,594758,1196888
202208,1호선,송탄,96395,92947,189342
202208,1호선,수원,769892,819797,1589689
202208,1호선,시청,541763,551173,1092936
202208,1호선,신길,199709,171875,371584
202208,1호선,신도림,87262,89490,176752
202208,1호선,신설동,296955,289747,586702
202208,1호선,신이문,187790,172513,360303
202208,1호선,신창,31657,30888,62545
202208,1호선,쌍용,44109,41210,85319
202208,1호선,아산,73470,65671,139141
202208,1호선,안양,486906,481468,968374
202208,1호선,양주,167283,156788,324071
202208,1호선,역곡,594282,589911,1184193
202208,1호선,영등포,881194,906401,1787595
202208,1호선,오류동,259418,238545,497963
202208,1호선,오산,215150,214807,429957
202208,1호선,오산대,78260,72197,150457
202208,1호선,옥수,1252,821,2073
202208,1호선,온수,147667,139437,287104
202208,1호선,온양온천,85529,87304,172833
202208,1호선,왕십리,328657,369768,698425
202208,1호선,외대앞,168231,168027,336258
202208,1호선,용산,878267,893243,1771510
202208,1호선,월계,141747,133291,275038
202208,1호선,응봉,42181,35324,77505
202208,1호선,의왕,191984,191266,383250
202208,1호선,의정부,406995,422645,829640
202208,1호선,이촌,89402,68885,158287
202208,1호선,인천,86171,68867,155038
202208,1호선,제기동,377030,384757,761787
202208,1호선,제물포,229529,217254,446783
202208,1호선,종각,847594,831222,1678816
202208,1호선,종로3가,558397,516261,1074658
202208,1호선,종로5가,502244,500232,1002476
202208,1호선,주안,412781,372866,785647
202208,1호선,중동,207110,192763,399873
202208,1호선,지행,144249,143110,287359
202208,1호선,직산,19102,18402,37504
202208,1호선,진위,38726,34541,73267
202208,1호선,창동,10,0,10
202208,1호선,천안,123666,127870,251536
202208,1호선,청량리,795099,808074,1603173
202208,1호선,탕정,20157,18462,38619
202208,1호선,평택,261148,259989,521137
202208,1호선,평택지제,87836,85049,172885
202208,1호선,한남,94067,89602,183669
202208,1호선,화서,177547,169925,347472
202208,1호선,회룡,278610,274820,553430
202209,1호선,가능,157710,151355,309065
202209,1호선,가산디지털단지,402327,466975,869302
202209,1호선,간석,136044,127769,263813
202209,1호선,개봉,489345,473443,962788
202209,1호선,관악,171710,162158,333868
202209,1호선,광명,82050,69949,151999
202209,1호선,광운대,206561,199031,405592
202209,1호선,구로,412823,419404,832227
202209,1호선,구일,183385,183115,366500
202209,1호선,군포,170574,165066,335640
202209,1호선,금정,624110,634788,1258898
202209,1호선,금천구청,268312,266338,534650
202209,1호선,남영,225848,241283,467131
202209,1호선,노량진,196837,193145,389982
202209,1호선,녹양,109455,102834,212289
202209,1호선,녹천,108643,88772,197415
202209,1호선,당정,160175,150314,310489
202209,1호선,대방,258395,278846,537241
202209,1호선,덕계,82793,72884,155677
202209,1호선,덕정,146516,140446,286962
202209,1호선,도봉,137668,131742,269410
202209,1호선,도봉산,174685,114553,289238
202209,1호선,도원,80596,80729,161325
202209,1호선,도화,96600,88616,185216
202209,1호선,독산,421479,431930,853409
202209,1호선,동대문,245955,229309,475264
202209,1호선,동두천,58924,64669,123593
202209,1호선,동두천중앙,73783,71615,145398
202209,1호선,동묘앞,187882,194769,382651
202209,1호선,동암,363637,363140,726777
202209,1호선,동인천,314891,300754,615645
202209,1호선,두정,185489,195640,381129
202209,1호선,망월사,211058,211828,422886
202209,1호선,명학,225327,220400,445727
202209,1호선,방학,225331,217965,443296
202209,1호선,배방,28029,27440,55469
202209,1호선,백운,161021,156503,317524
202209,1호선,병점,380071,377594,757665
202209,1호선,보산,38099,34623,72722
202209,1호선,봉명,31754,30550,62304
202209,1호선,부개,201980,185570,387550
202209,1호선,부천,742928,743329,1486257
202209,1호선,부평,647822,702234,1350056
202209,1호선,서동탄,33627,29525,63152
202209,1호선,서빙고,49236,45352,94588
202209,1호선,서울,1252738,1118375,2371113
202209,1호선,서정리,188785,172869,361654
202209,1호선,석계,191340,210283,401623
202209,1호선,석수,219821,197404,417225
202209,1호선,성균관대,358225,350344,708569
202209,1호선,성환,144070,136302,280372
202209,1호선,세류,76096,68722,144818
202209,1호선,세마,70348,65960,136308
202209,1호선,소사,201547,203202,404749
202209,1호선,소요산,64583,55419,120002
202209,1호선,송내,626985,624484,1251469
202209,1호선,송탄,107721,102842,210563
202209,1호선,수원,858017,919999,1778016
202209,1호선,시청,547114,555973,1103087
202209,1호선,신길,206016,176378,382394
202209,1호선,신도림,93301,94264,187565
202209,1호선,신설동,307480,296110,603590
202209,1호선,신이문,193340,176205,369545
202209,1호선,신창,73701,66100,139801
202209,1호선,쌍용,67253,62996,130249
202209,1호선,아산,97929,87112,185041
202209,1호선,안양,602477,596003,1198480
202209,1호선,양주,189348,178753,368101
202209,1호선,역곡,664624,654187,1318811
202209,1호선,영등포,873933,910233,1784166
202209,1호선,오류동,272495,248305,520800
202209,1호선,오산,242087,240833,482920
202209,1호선,오산대,94455,87799,182254
202209,1호선,옥수,1405,999,2404
202209,1호선,온수,167277,156316,323593
202209,1호선,온양온천,95722,100112,195834
202209,1호선,왕십리,349955,377660,727615
202209,1호선,외대앞,227971,226306,454277
202209,1호선,용산,828471,858241,1686712
202209,1호선,월계,181837,168623,350460
202209,1호선,응봉,45857,37791,83648
202209,1호선,의왕,207775,205008,412783
202209,1호선,의정부,423839,444335,868174
202209,1호선,이촌,91848,70254,162102
202209,1호선,인천,91209,70930,162139
202209,1호선,제기동,396841,405077,801918
202209,1호선,제물포,258638,245153,503791
202209,1호선,종각,817530,807235,1624765
202209,1호선,종로3가,580344,529343,1109687
202209,1호선,종로5가,513931,515008,1028939
202209,1호선,주안,448271,408543,856814
202209,1호선,중동,217283,202095,419378
202209,1호선,지행,157465,158726,316191
202209,1호선,직산,21106,20850,41956
202209,1호선,진위,42747,37200,79947
202209,1호선,창동,9,0,9
202209,1호선,천안,173836,162752,336588
202209,1호선,청량리,822522,839681,1662203
202209,1호선,탕정,24472,21284,45756
202209,1호선,평택,314327,317306,631633
202209,1호선,평택지제,97148,93857,191005
202209,1호선,한남,93873,89037,182910
202209,1호선,화서,195488,186090,381578
202209,1호선,회룡,291404,288130,579534
202210,1호선,가능,152207,147031,299238
202210,1호선,가산디지털단지,391499,456317,847816
202210,1호선,간석,132460,123873,256333
202210,1호선,개봉,479441,468583,948024
202210,1호선,관악,167870,157477,325347
202210,1호선,광명,80161,67714,147875
202210,1호선,광운대,191646,187077,378723
202210,1호선,구로,401561,407303,808864
202210,1호선,구일,171591,175232,346823
202210,1호선,군포,165503,161002,326505
202210,1호선,금정,610710,621353,1232063
202210,1호선,금천구청,262377,261541,523918
202210,1호선,남영,215089,230614,445703
202210,1호선,노량진,191554,191568,383122
202210,1호선,녹양,105966,99074,205040
202210,1호선,녹천,103769,85701,189470
202210,1호선,당정,154321,145090,299411
202210,1호선,대방,249762,270967,520729
202210,1호선,덕계,80454,70855,151309
202210,1호선,덕정,144375,138034,282409
202210,1호선,도봉,133425,127737,261162
202210,1호선,도봉산,174004,114917,288921
202210,1호선,도원,76279,75721,152000
202210,1호선,도화,93113,84803,177916
202210,1호선,독산,405464,417187,822651
202210,1호선,동대문,244357,229659,474016
202210,1호선,동두천,57207,62454,119661
202210,1호선,동두천중앙,71128,68529,139657
202210,1호선,동묘앞,184129,192342,376471
202210,1호선,동암,353498,352418,705916
202210,1호선,동인천,306200,292094,598294
202210,1호선,두정,170923,182944,353867
202210,1호선,망월사,205111,206740,411851
202210,1호선,명학,219035,215436,434471
202210,1호선,방학,219534,212758,432292
202210,1호선,배방,26776,26277,53053
202210,1호선,백운,154500,150488,304988
202210,1호선,병점,365881,365277,731158
202210,1호선,보산,35628,31381,67009
202210,1호선,봉명,30197,29012,59209
202210,1호선,부개,193484,178491,371975
202210,1호선,부천,714629,716131,1430760
202210,1호선,부평,617942,663133,1281075
202210,1호선,서동탄,31799,27770,59569
202210,1호선,서빙고,48447,44898,93345
202210,1호선,서울,1279546,1124854,2404400
202210,1호선,서정리,184918,172244,357162
202210,1호선,석계,183389,203225,386614
202210,1호선,석수,213041,191609,404650
202210,1호선,성균관대,346453,341225,687678
202210,1호선,성환,137298,131869,269167
202210,1호선,세류,74874,67231,142105
202210,1호선,세마,68851,64601,133452
202210,1호선,소사,196444,194941,391385
202210,1호선,소요산,70501,60250,130751
202210,1호선,송내,611337,608621,1219958
202210,1호선,송탄,101903,98891,200794
202210,1호선,수원,823482,870782,1694264
202210,1호선,시청,573235,573641,1146876
202210,1호선,신길,202959,175200,378159
202210,1호선,신도림,91562,94897,186459
202210,1호선,신설동,302544,292986,595530
202210,1호선,신이문,186211,170884,357095
202210,1호선,신창,63451,58516,121967
202210,1호선,쌍용,64674,60833,125507
202210,1호선,아산,94231,80085,174316
202210,1호선,안양,582037,578479,1160516
202210,1호선,양주,182319,170850,353169
202210,1호선,역곡,638755,630902,1269657
202210,1호선,영등포,851266,879378,1730644
202210,1호선,오류동,261801,241848,503649
202210,1호선,오산,232072,231682,463754
202210,1호선,오산대,91260,84700,175960
202210,1호선,옥수,1445,985,2430
202210,1호선,온수,161215,151780,312995
202210,1호선,온양온천,95512,98168,193680
202210,1호선,왕십리,329368,357522,686890
202210,1호선,외대앞,209660,209678,419338
202210,1호선,용산,824837,834460,1659297
202210,1호선,월계,175074,161762,336836
202210,1호선,응봉,44453,36714,81167
202210,1호선,의왕,205909,203913,409822
202210,1호선,의정부,406124,421357,827481
202210,1호선,이촌,87203,67827,155030
202210,1호선,인천,89187,68600,157787
202210,1호선,제기동,382111,388232,770343
202210,1호선,제물포,250953,238503,489456
202210,1호선,종각,825067,810306,1635373
202210,1호선,종로3가,581223,525432,1106655
202210,1호선,종로5가,519329,513910,1033239
202210,1호선,주안,431065,392628,823693
202210,1호선,중동,210265,194807,405072
202210,1호선,지행,152741,152411,305152
202210,1호선,직산,20506,20039,40545
202210,1호선,진위,42440,37543,79983
202210,1호선,창동,7,0,7
202210,1호선,천안,159949,150426,310375
202210,1호선,청량리,792720,802296,1595016
202210,1호선,탕정,24639,21793,46432
202210,1호선,평택,294533,296748,591281
202210,1호선,평택지제,96493,93369,189862
202210,1호선,한남,90582,86294,176876
202210,1호선,화서,190503,182628,373131
202210,1호선,회룡,284572,281363,565935
202211,1호선,가능,159841,153679,313520
202211,1호선,가산디지털단지,428894,497179,926073
202211,1호선,간석,140951,132085,273036
202211,1호선,개봉,514851,504580,1019431
202211,1호선,관악,181354,170438,351792
202211,1호선,광명,80121,69986,150107
202211,1호선,광운대,209144,204583,413727
202211,1호선,구로,431350,444695,876045
202211,1호선,구일,181473,186487,367960
202211,1호선,군포,180896,175392,356288
202211,1호선,금정,660112,675897,1336009
202211,1호선,금천구청,278243,277271,555514
202211,1호선,남영,229592,245938,475530
202211,1호선,노량진,201335,204134,405469
202211,1호선,녹양,110662,103656,214318
202211,1호선,녹천,109630,92139,201769
202211,1호선,당정,165797,155817,321614
202211,1호선,대방,269783,294184,563967
202211,1호선,덕계,85319,74922,160241
202211,1호선,덕정,150979,144114,295093
202211,1호선,도봉,141085,135992,277077
202211,1호선,도봉산,175553,115784,291337
202211,1호선,도원,78708,78801,157509
202211,1호선,도화,97000,89198,186198
202211,1호선,독산,441756,455245,897001
202211,1호선,동대문,250767,235201,485968
202211,1호선,동두천,59895,65203,125098
202211,1호선,동두천중앙,72317,70345,142662
202211,1호선,동묘앞,186051,193990,380041
202211,1호선,동암,374228,372593,746821
202211,1호선,동인천,321587,303953,625540
202211,1호선,두정,184788,197232,382020
202211,1호선,망월사,216285,218746,435031
202211,1호선,명학,239576,234433,474009
202211,1호선,방학,231133,225497,456630
202211,1호선,배방,28205,27256,55461
202211,1호선,백운,161180,157629,318809
202211,1호선,병점,393704,391464,785168
202211,1호선,보산,38070,33833,71903
202211,1호선,봉명,31542,30565,62107
202211,1호선,부개,204697,190548,395245
202211,1호선,부천,751732,753631,1505363
202211,1호선,부평,646445,694481,1340926
202211,1호선,서동탄,34022,29747,63769
202211,1호선,서빙고,51335,47756,99091
202211,1호선,서울,1350960,1187756,2538716
202211,1호선,서정리,199990,181428,381418
202211,1호선,석계,193801,215500,409301
202211,1호선,석수,226756,204645,431401
202211,1호선,성균관대,372078,366650,738728
202211,1호선,성환,147551,139935,287486
202211,1호선,세류,77936,69198,147134
202211,1호선,세마,71964,68163,140127
202211,1호선,소사,205521,206512,412033
202211,1호선,소요산,62313,54017,116330
202211,1호선,송내,655372,654037,1309409
202211,1호선,송탄,107736,103399,211135
202211,1호선,수원,841995,905252,1747247
202211,1호선,시청,606315,611004,1217319
202211,1호선,신길,220108,189465,409573
202211,1호선,신도림,98408,102424,200832
202211,1호선,신설동,323627,312230,635857
202211,1호선,신이문,200300,184113,384413
202211,1호선,신창,69593,61865,131458
202211,1호선,쌍용,68898,64773,133671
202211,1호선,아산,98043,86149,184192
202211,1호선,안양,615379,611731,1227110
202211,1호선,양주,183656,172765,356421
202211,1호선,역곡,681966,674777,1356743
202211,1호선,영등포,887611,913714,1801325
202211,1호선,오류동,275536,256873,532409
202211,1호선,오산,242882,243330,486212
202211,1호선,오산대,96748,89269,186017
202211,1호선,옥수,1504,1062,2566
202211,1호선,온수,169096,159073,328169
202211,1호선,온양온천,99819,104317,204136
202211,1호선,왕십리,360148,380856,741004
202211,1호선,외대앞,229617,229515,459132
202211,1호선,용산,846314,852474,1698788
202211,1호선,월계,185137,172063,357200
202211,1호선,응봉,46152,38235,84387
202211,1호선,의왕,222182,219770,441952
202211,1호선,의정부,422744,439988,862732
202211,1호선,이촌,91980,72141,164121
202211,1호선,인천,84574,64270,148844
202211,1호선,제기동,392832,397069,789901
202211,1호선,제물포,267083,252761,519844
202211,1호선,종각,893745,871810,1765555
202211,1호선,종로3가,603399,546108,1149507
202211,1호선,종로5가,539734,534091,1073825
202211,1호선,주안,460167,419624,879791
202211,1호선,중동,224588,209571,434159
202211,1호선,지행,160428,159368,319796
202211,1호선,직산,21575,21317,42892
202211,1호선,진위,45580,39394,84974
202211,1호선,창동,9,0,9
202211,1호선,천안,169735,157337,327072
202211,1호선,청량리,820158,830863,1651021
202211,1호선,탕정,27032,23759,50791
202211,1호선,평택,308560,311263,619823
202211,1호선,평택지제,103414,101382,204796
202211,1호선,한남,97312,91858,189170
202211,1호선,화서,205560,197030,402590
202211,1호선,회룡,298657,295851,594508
202212,1호선,가능,151396,146190,297586
202212,1호선,가산디지털단지,408053,475192,883245
202212,1호선,간석,136001,128134,264135
202212,1호선,개봉,505167,497469,1002636
202212,1호선,관악,170789,161840,332629
202212,1호선,광명,82099,70828,152927
202212,1호선,광운대,186593,182035,368628
202212,1호선,구로,419989,430918,850907
202212,1호선,구일,153415,151001,304416
202212,1호선,군포,178014,173106,351120
202212,1호선,금정,640454,655003,1295457
202212,1호선,금천구청,266659,266065,532724
202212,1호선,남영,222414,236823,459237
202212,1호선,노량진,201735,214392,416127
202212,1호선,녹양,104877,98794,203671
202212,1호선,녹천,106776,88277,195053
202212,1호선,당정,151152,142562,293714
202212,1호선,대방,257403,282851,540254
202212,1호선,덕계,75934,66767,142701
202212,1호선,덕정,134797,127910,262707
202212,1호선,도봉,135757,130888,266645
202212,1호선,도봉산,157199,98921,256120
202212,1호선,도원,73747,73171,146918
202212,1호선,도화,92841,85274,178115
202212,1호선,독산,423883,437897,861780
202212,1호선,동대문,253674,236217,489891
202212,1호선,동두천,51205,54336,105541
202212,1호선,동두천중앙,68462,66907,135369
202212,1호선,동묘앞,172907,180386,353293
202212,1호선,동암,364782,364821,729603
202212,1호선,동인천,313515,298531,612046
202212,1호선,두정,164633,170773,335406
202212,1호선,망월사,192479,193806,386285
202212,1호선,명학,217737,213484,431221
202212,1호선,방학,225480,221037,446517
202212,1호선,배방,27262,26118,53380
202212,1호선,백운,153002,149090,302092
202212,1호선,병점,352538,350222,702760
202212,1호선,보산,35918,32164,68082
202212,1호선,봉명,32235,31120,63355
202212,1호선,부개,197267,183650,380917
202212,1호선,부천,725287,728967,1454254
202212,1호선,부평,649014,698738,1347752
202212,1호선,서동탄,31967,28017,59984
202212,1호선,서빙고,47160,43482,90642
202212,1호선,서울,1382477,1208199,2590676
202212,1호선,서정리,194923,169087,364010
202212,1호선,석계,184177,208304,392481
202212,1호선,석수,214999,194353,409352
202212,1호선,성균관대,344673,339321,683994
202212,1호선,성환,104992,99719,204711
202212,1호선,세류,73496,65703,139199
202212,1호선,세마,68855,65189,134044
202212,1호선,소사,187052,184903,371955
202212,1호선,소요산,44591,37602,82193
202212,1호선,송내,626942,622352,1249294
202212,1호선,송탄,104630,100591,205221
202212,1호선,수원,814400,876110,1690510
202212,1호선,시청,617131,615268,1232399
202212,1호선,신길,207593,176786,384379
202212,1호선,신도림,90647,93185,183832
202212,1호선,신설동,320078,308742,628820
202212,1호선,신이문,196376,179610,375986
202212,1호선,신창,41162,36942,78104
202212,1호선,쌍용,61351,57679,119030
202212,1호선,아산,87692,80182,167874
202212,1호선,안양,550447,545573,1096020
202212,1호선,양주,170968,162459,333427
202212,1호선,역곡,634161,627451,1261612
202212,1호선,영등포,937295,969106,1906401
202212,1호선,오류동,266299,247582,513881
202212,1호선,오산,228005,228825,456830
202212,1호선,오산대,85059,78093,163152
202212,1호선,옥수,1319,929,2248
202212,1호선,온수,156865,147663,304528
202212,1호선,온양온천,95072,97469,192541
202212,1호선,왕십리,365811,386266,752077
202212,1호선,외대앞,206332,204114,410446
202212,1호선,용산,906479,919144,1825623
202212,1호선,월계,168469,156548,325017
202212,1호선,응봉,43671,36698,80369
202212,1호선,의왕,210637,207665,418302
202212,1호선,의정부,420422,435325,855747
202212,1호선,이촌,90530,71188,161718
202212,1호선,인천,75411,56816,132227
202212,1호선,제기동,379567,384671,764238
202212,1호선,제물포,247161,234392,481553
202212,1호선,종각,933634,906869,1840503
202212,1호선,종로3가,599462,551907,1151369
202212,1호선,종로5가,563268,553157,1116425
202212,1호선,주안,433826,393263,827089
202212,1호선,중동,215377,199577,414954
202212,1호선,지행,151697,149267,300964
202212,1호선,직산,20993,20371,41364
202212,1호선,진위,43615,37294,80909
202212,1호선,창동,6,0,6
202212,1호선,천안,145373,135897,281270
202212,1호선,청량리,806822,814568,1621390
202212,1호선,탕정,28052,24681,52733
202212,1호선,평택,287556,285998,573554
202212,1호선,평택지제,104922,101844,206766
202212,1호선,한남,92506,88996,181502
202212,1호선,화서,193141,184865,378006
202212,1호선,회룡,288160,283502,571662
202201,2호선,강남,1783848,1736956,3520804
202201,2호선,강변,594209,578481,1172690
202201,2호선,건대입구,692502,732533,1425035
202201,2호선,교대,688504,773635,1462139
202201,2호선,구로디지털단지,1209714,1210059,2419773
202201,2호선,구의,477003,473325,950328
202201,2호선,낙성대,537766,523654,1061420
202201,2호선,당산,362178,418847,781025
202201,2호선,대림,475841,487595,963436
202201,2호선,도림천,28520,29633,58153
202201,2호선,동대문역사문화공원,225800,251280,477080
202201,2호선,뚝섬,441815,473249,915064
202201,2호선,문래,432967,439592,872559
202201,2호선,방배,328075,342797,670872
202201,2호선,봉천,475429,446095,921524
202201,2호선,사당,718827,782057,1500884
202201,2호선,삼성,1059862,1059685,2119547
202201,2호선,상왕십리,284552,279100,563652
202201,2호선,서울대입구,942322,921769,1864091
202201,2호선,서초,433935,418495,852430
202201,2호선,선릉,1161832,1028361,2190193
202201,2호선,성수,769585,825254,1594839
202201,2호선,시청,473860,453989,927849
202201,2호선,신답,33322,38921,72243
202201,2호선,신당,271777,282542,554319
202201,2호선,신대방,524311,512898,1037209
202201,2호선,신도림,938395,925768,1864163
202201,2호선,신림,1262604,1232172,2494776
202201,2호선,신설동,67893,69715,137608
202201,2호선,신정네거리,206014,214986,421000
202201,2호선,신촌,642311,654788,1297099
202201,2호선,아현,198482,192032,390514
202201,2호선,양천구청,136890,145068,281958
202201,2호선,역삼,1102254,1209365,2311619
202201,2호선,영등포구청,467143,477053,944196
202201,2호선,왕십리,308620,259617,568237
202201,2호선,용답,53014,53553,106567
202201,2호선,용두,48885,50640,99525
202201,2호선,을지로3가,451172,446310,897482
202201,2호선,을지로4가,262339,257873,520212
202201,2호선,을지로입구,785743,797255,1582998
202201,2호선,이대,250672,263849,514521
202201,2호선,잠실,1364148,1355928,2720076
202201,2호선,잠실나루,291680,282680,574360
202201,2호선,잠실새내,426326,425092,851418
202201,2호선,종합운동장,144688,154671,299359
202201,2호선,충정로,197028,207171,404199
202201,2호선,한양대,135522,141082,276604
202201,2호선,합정,616831,636754,1253585
202201,2호선,홍대입구,1066989,1088895,2155884
202202,2호선,강남,1479143,1440617,2919760
202202,2호선,강변,530800,488622,1019422
202202,2호선,건대입구,593323,633684,1227007
202202,2호선,교대,584499,653374,1237873
202202,2호선,구로디지털단지,1029033,1033286,2062319
202202,2호선,구의,414105,413603,827708
202202,2호선,낙성대,462414,457904,920318
202202,2호선,당산,310223,358712,668935
202202,2호선,대림,415306,426282,841588
202202,2호선,도림천,24192,25142,49334
202202,2호선,동대문역사문화공원,193944,217628,411572
202202,2호선,뚝섬,377697,404565,782262
202202,2호선,문래,367586,374060,741646
202202,2호선,방배,277530,290110,567640
202202,2호선,봉천,411735,393197,804932
202202,2호선,사당,614728,669540,1284268
202202,2호선,삼성,879238,877668,1756906
202202,2호선,상왕십리,245982,243148,489130
202202,2호선,서울대입구,812893,807779,1620672
202202,2호선,서초,365097,355107,720204
202202,2호선,선릉,967607,857100,1824707
202202,2호선,성수,654214,705599,1359813
202202,2호선,시청,399536,384685,784221
202202,2호선,신답,28726,33285,62011
202202,2호선,신당,237711,248130,485841
202202,2호선,신대방,458686,453018,911704
202202,2호선,신도림,804670,796874,1601544
202202,2호선,신림,1101017,1092106,2193123
202202,2호선,신설동,58843,57937,116780
202202,2호선,신정네거리,176439,184011,360450
202202,2호선,신촌,553619,566015,1119634
202202,2호선,아현,172502,167990,340492
202202,2호선,양천구청,117667,124077,241744
202202,2호선,역삼,903480,995990,1899470
202202,2호선,영등포구청,400415,408885,809300
202202,2호선,왕십리,269761,226181,495942
202202,2호선,용답,47125,47834,94959
202202,2호선,용두,41232,42658,83890
202202,2호선,을지로3가,370467,368104,738571
202202,2호선,을지로4가,219603,218118,437721
202202,2호선,을지로입구,648539,658737,1307276
202202,2호선,이대,217450,232533,449983
202202,2호선,잠실,1144623,1127003,2271626
202202,2호선,잠실나루,247909,241146,489055
202202,2호선,잠실새내,364674,364323,728997
202202,2호선,종합운동장,122940,131595,254535
202202,2호선,충정로,171314,181387,352701
202202,2호선,한양대,120790,129991,250781
202202,2호선,합정,523755,543942,1067697
202202,2호선,홍대입구,919725,942632,1862357
202203,2호선,강남,1621262,1594875,3216137
202203,2호선,강변,582913,548538,1131451
202203,2호선,건대입구,718713,757990,1476703
202203,2호선,교대,671441,756638,1428079
202203,2호선,구로디지털단지,1181564,1181333,2362897
202203,2호선,구의,481990,476583,958573
202203,2호선,낙성대,557038,543845,1100883
202203,2호선,당산,375060,433080,808140
202203,2호선,대림,484927,497757,982684
202203,2호선,도림천,29164,30493,59657
202203,2호선,동대문역사문화공원,242630,273451,516081
202203,2호선,뚝섬,432194,464827,897021
202203,2호선,문래,430360,438743,869103
202203,2호선,방배,382332,398020,780352
202203,2호선,봉천,483330,451134,934464
202203,2호선,사당,717254,787734,1504988
202203,2호선,삼성,967589,978661,1946250
202203,2호선,상왕십리,286731,280609,567340
202203,2호선,서울대입구,985493,964438,1949931
202203,2호선,서초,419112,405576,824688
202203,2호선,선릉,1103340,984313,2087653
202203,2호선,성수,744762,811874,1556636
202203,2호선,시청,453212,435812,889024
202203,2호선,신답,33507,38128,71635
202203,2호선,신당,281515,290195,571710
202203,2호선,신대방,538774,526439,1065213
202203,2호선,신도림,927837,931064,1858901
202203,2호선,신림,1290921,1253207,2544128
202203,2호선,신설동,68312,69800,138112
202203,2호선,신정네거리,206132,214189,420321
202203,2호선,신촌,666129,668040,1334169
202203,2호선,아현,213495,205433,418928
202203,2호선,양천구청,137397,143531,280928
202203,2호선,역삼,1000872,1121473,2122345
202203,2호선,영등포구청,457809,469542,927351
202203,2호선,왕십리,343681,274919,618600
202203,2호선,용답,68811,72703,141514
202203,2호선,용두,49152,50499,99651
202203,2호선,을지로3가,424013,423084,847097
202203,2호선,을지로4가,258826,258340,517166
202203,2호선,을지로입구,736952,759352,1496304
202203,2호선,이대,283972,301862,585834
202203,2호선,잠실,1265675,1254390,2520065
202203,2호선,잠실나루,285585,276598,562183
202203,2호선,잠실새내,417019,416998,834017
202203,2호선,종합운동장,162463,175084,337547
202203,2호선,충정로,198184,210262,408446
202203,2호선,한양대,301625,334531,636156
202203,2호선,합정,606276,631805,1238081
202203,2호선,홍대입구,1059720,1096745,2156465
202204,2호선,강남,1720383,1721104,3441487
202204,2호선,강변,630193,591054,1221247
202204,2호선,건대입구,746392,806090,1552482
202204,2호선,교대,722808,817416,1540224
202204,2호선,구로디지털단지,1238615,1235815,2474430
202204,2호선,구의,500067,489348,989415
202204,2호선,낙성대,576611,556965,1133576
202204,2호선,당산,406139,467707,873846
202204,2호선,대림,503691,512378,1016069
202204,2호선,도림천,30171,31824,61995
202204,2호선,동대문역사문화공원,246207,268822,515029
202204,2호선,뚝섬,474984,509307,984291
202204,2호선,문래,464605,475845,940450
202204,2호선,방배,404746,420131,824877
202204,2호선,봉천,504360,462443,966803
202204,2호선,사당,779028,868791,1647819
202204,2호선,삼성,1058156,1075581,2133737
202204,2호선,상왕십리,301264,291523,592787
202204,2호선,서울대입구,1012488,988024,2000512
202204,2호선,서초,459885,437221,897106
202204,2호선,선릉,1187818,1060611,2248429
202204,2호선,성수,783883,863120,1647003
202204,2호선,시청,490065,477545,967610
202204,2호선,신답,35059,39233,74292
202204,2호선,신당,297259,308023,605282
202204,2호선,신대방,566493,549138,1115631
202204,2호선,신도림,993734,996995,1990729
202204,2호선,신림,1331939,1281257,2613196
202204,2호선,신설동,69412,46468,115880
202204,2호선,신정네거리,217608,223921,441529
202204,2호선,신촌,675306,689397,1364703
202204,2호선,아현,224241,213049,437290
202204,2호선,양천구청,143629,148386,292015
202204,2호선,역삼,1080221,1219966,2300187
202204,2호선,영등포구청,474830,491923,966753
202204,2호선,왕십리,354592,284307,638899
202204,2호선,용답,66513,68317,134830
202204,2호선,용두,49798,50835,100633
202204,2호선,을지로3가,471051,475939,946990
202204,2호선,을지로4가,271152,274036,545188
202204,2호선,을지로입구,800620,828607,1629227
202204,2호선,이대,290969,306036,597005
202204,2호선,잠실,1499311,1492274,2991585
202204,2호선,잠실나루,310813,301088,611901
202204,2호선,잠실새내,445053,447537,892590
202204,2호선,종합운동장,201526,223031,424557
202204,2호선,충정로,210930,225241,436171
202204,2호선,한양대,300370,329236,629606
202204,2호선,합정,636487,678272,1314759
202204,2호선,홍대입구,1077083,1158769,2235852
202205,2호선,강남,1900967,1916019,3816986
202205,2호선,강변,729432,689158,1418590
202205,2호선,건대입구,846215,915959,1762174
202205,2호선,교대,788856,900449,1689305
202205,2호선,구로디지털단지,1355078,1350787,2705865
202205,2호선,구의,542044,525286,1067330
202205,2호선,낙성대,636520,610951,1247471
202205,2호선,당산,443331,514816,958147
202205,2호선,대림,552347,560265,1112612
202205,2호선,도림천,31240,32536,63776
202205,2호선,동대문역사문화공원,282045,318359,600404
202205,2호선,뚝섬,514765,555125,1069890
202205,2호선,문래,505735,521324,1027059
202205,2호선,방배,442791,458816,901607
202205,2호선,봉천,548059,497275,1045334
202205,2호선,사당,888274,991935,1880209
202205,2호선,삼성,1179441,1210066,2389507
202205,2호선,상왕십리,331794,317287,649081
202205,2호선,서울대입구,1110764,1086149,2196913
202205,2호선,서초,492731,477413,970144
202205,2호선,선릉,1301230,1160719,2461949
202205,2호선,성수,845674,938562,1784236
202205,2호선,시청,547349,535331,1082680
202205,2호선,신답,39316,42819,82135
202205,2호선,신당,323735,333573,657308
202205,2호선,신대방,618257,592730,1210987
202205,2호선,신도림,1108580,1114795,2223375
202205,2호선,신림,1453806,1396511,2850317
202205,2호선,신설동,76143,72559,148702
202205,2호선,신정네거리,243039,246764,489803
202205,2호선,신촌,786561,805434,1591995
202205,2호선,아현,248341,232548,480889
202205,2호선,양천구청,161785,164745,326530
202205,2호선,역삼,1168346,1338297,2506643
202205,2호선,영등포구청,508161,529338,1037499
202205,2호선,왕십리,400536,326760,727296
202205,2호선,용답,71749,72813,144562
202205,2호선,용두,54193,54390,108583
202205,2호선,을지로3가,526892,537025,1063917
202205,2호선,을지로4가,297689,300698,598387
202205,2호선,을지로입구,903481,946300,1849781
202205,2호선,이대,331034,349528,680562
202205,2호선,잠실,1634755,1628558,3263313
202205,2호선,잠실나루,348091,337706,685797
202205,2호선,잠실새내,498105,500418,998523
202205,2호선,종합운동장,277944,314486,592430
202205,2호선,충정로,229319,244122,473441
202205,2호선,한양대,356624,411611,768235
202205,2호선,합정,709203,768067,1477270
202205,2호선,홍대입구,1301886,1408395,2710281
202206,2호선,강남,1824238,1791110,3615348
202206,2호선,강변,711370,671329,1382699
202206,2호선,건대입구,778087,840072,1618159
202206,2호선,교대,770459,876176,1646635
202206,2호선,구로디지털단지,1323768,1323862,2647630
202206,2호선,구의,526264,515907,1042171
202206,2호선,낙성대,617939,596763,1214702
202206,2호선,당산,413690,485861,899551
202206,2호선,대림,537146,547141,1084287
202206,2호선,도림천,30637,31901,62538
202206,2호선,동대문역사문화공원,278179,316346,594525
202206,2호선,뚝섬,494313,532717,1027030
202206,2호선,문래,494072,508703,1002775
202206,2호선,방배,397417,413181,810598
202206,2호선,봉천,539259,497535,1036794
202206,2호선,사당,870632,959240,1829872
202206,2호선,삼성,1216182,1232392,2448574
202206,2호선,상왕십리,322908,312794,635702
202206,2호선,서울대입구,1043707,1019123,2062830
202206,2호선,서초,485233,469661,954894
202206,2호선,선릉,1285250,1140470,2425720
202206,2호선,성수,823426,901023,1724449
202206,2호선,시청,526887,513130,1040017
202206,2호선,신답,38023,42369,80392
202206,2호선,신당,313526,321882,635408
202206,2호선,신대방,575771,559146,1134917
202206,2호선,신도림,1071481,1071641,2143122
202206,2호선,신림,1314884,1263651,2578535
202206,2호선,신설동,76112,74379,150491
202206,2호선,신정네거리,233666,238097,471763
202206,2호선,신촌,757960,772464,1530424
202206,2호선,아현,238068,225044,463112
202206,2호선,양천구청,156700,161097,317797
202206,2호선,역삼,1181367,1333303,2514670
202206,2호선,영등포구청,489866,507921,997787
202206,2호선,왕십리,369685,305078,674763
202206,2호선,용답,64754,64480,129234
202206,2호선,용두,52420,53008,105428
202206,2호선,을지로3가,519336,522675,1042011
202206,2호선,을지로4가,292285,292353,584638
202206,2호선,을지로입구,900474,932892,1833366
202206,2호선,이대,308543,328445,636988
202206,2호선,잠실,1561517,1547322,3108839
202206,2호선,잠실나루,334450,326495,660945
202206,2호선,잠실새내,484802,484306,969108
202206,2호선,종합운동장,242460,269419,511879
202206,2호선,충정로,221981,236144,458125
202206,2호선,한양대,249560,274378,523938
202206,2호선,합정,691093,745423,1436516
202206,2호선,홍대입구,1246397,1338001,2584398
202207,2호선,강남,1907487,1854773,3762260
202207,2호선,강변,690287,662090,1352377
202207,2호선,건대입구,751523,817992,1569515
202207,2호선,교대,760547,861512,1622059
202207,2호선,구로디지털단지,1314758,1315580,2630338
202207,2호선,구의,516952,506518,1023470
202207,2호선,낙성대,605951,581677,1187628
202207,2호선,당산,394077,467505,861582
202207,2호선,대림,516660,526148,1042808
202207,2호선,도림천,31385,32762,64147
202207,2호선,동대문역사문화공원,276685,313747,590432
202207,2호선,뚝섬,497774,537739,1035513
202207,2호선,문래,493312,507260,1000572
202207,2호선,방배,354510,370012,724522
202207,2호선,봉천,526858,487653,1014511
202207,2호선,사당,841362,918086,1759448
202207,2호선,삼성,1247529,1258462,2505991
202207,2호선,상왕십리,315308,305519,620827
202207,2호선,서울대입구,1023537,1000307,2023844
202207,2호선,서초,487390,470278,957668
202207,2호선,선릉,1317888,1164513,2482401
202207,2호선,성수,844209,921456,1765665
202207,2호선,시청,535958,523957,1059915
202207,2호선,신답,37656,42267,79923
202207,2호선,신당,305098,312306,617404
202207,2호선,신대방,555272,537646,1092918
202207,2호선,신도림,1044562,1035442,2080004
202207,2호선,신림,1271134,1218678,2489812
202207,2호선,신설동,74839,73531,148370
202207,2호선,신정네거리,226931,232008,458939
202207,2호선,신촌,771007,784113,1555120
202207,2호선,아현,230402,216376,446778
202207,2호선,양천구청,150593,155349,305942
202207,2호선,역삼,1205408,1358906,2564314
202207,2호선,영등포구청,485878,501828,987706
202207,2호선,왕십리,352194,296990,649184
202207,2호선,용답,59799,57133,116932
202207,2호선,용두,52250,52255,104505
202207,2호선,을지로3가,528022,534392,1062414
202207,2호선,을지로4가,295286,293643,588929
202207,2호선,을지로입구,922300,951321,1873621
202207,2호선,이대,299356,317638,616994
202207,2호선,잠실,1619892,1615431,3235323
202207,2호선,잠실나루,325444,315426,640870
202207,2호선,잠실새내,480108,482322,962430
202207,2호선,종합운동장,240157,261533,501690
202207,2호선,충정로,220444,234663,455107
202207,2호선,한양대,175009,185727,360736
202207,2호선,합정,683160,741143,1424303
202207,2호선,홍대입구,1271078,1369338,2640416
202208,2호선,강남,1862275,1791287,3653562
202208,2호선,강변,724382,690947,1415329
202208,2호선,건대입구,767500,833931,1601431
202208,2호선,교대,761954,857048,1619002
202208,2호선,구로디지털단지,1326761,1330232,2656993
202208,2호선,구의,530899,521535,1052434
202208,2호선,낙성대,618097,598614,1216711
202208,2호선,당산,398836,469843,868679
202208,2호선,대림,533169,543594,1076763
202208,2호선,도림천,31461,32812,64273
202208,2호선,동대문역사문화공원,279280,314881,594161
202208,2호선,뚝섬,505643,545664,1051307
202208,2호선,문래,497618,511010,1008628
202208,2호선,방배,359059,371078,730137
202208,2호선,봉천,543187,507560,1050747
202208,2호선,사당,847371,916321,1763692
202208,2호선,삼성,1240402,1251146,2491548
202208,2호선,상왕십리,320781,311627,632408
202208,2호선,서울대입구,1038436,1021352,2059788
202208,2호선,서초,489254,468445,957699
202208,2호선,선릉,1313306,1165152,2478458
202208,2호선,성수,857961,933729,1791690
202208,2호선,시청,550492,532969,1083461
202208,2호선,신답,38253,42782,81035
202208,2호선,신당,311836,321861,633697
202208,2호선,신대방,562891,548558,1111449
202208,2호선,신도림,1067089,1057702,2124791
202208,2호선,신림,1296511,1247644,2544155
202208,2호선,신설동,74337,72661,146998
202208,2호선,신정네거리,229477,236206,465683
202208,2호선,신촌,781805,798992,1580797
202208,2호선,아현,235203,222344,457547
202208,2호선,양천구청,152171,157505,309676
202208,2호선,역삼,1223328,1370591,2593919
202208,2호선,영등포구청,490347,509335,999682
202208,2호선,왕십리,357619,302643,660262
202208,2호선,용답,62013,59703,121716
202208,2호선,용두,54736,54880,109616
202208,2호선,을지로3가,538503,541400,1079903
202208,2호선,을지로4가,303857,301845,605702
202208,2호선,을지로입구,960724,985130,1945854
202208,2호선,이대,300578,320568,621146
202208,2호선,잠실,1645226,1629984,3275210
202208,2호선,잠실나루,330878,324229,655107
202208,2호선,잠실새내,489130,491456,980586
202208,2호선,종합운동장,228688,262353,491041
202208,2호선,충정로,225127,239227,464354
202208,2호선,한양대,162833,173623,336456
202208,2호선,합정,704983,761305,1466288
202208,2호선,홍대입구,1322007,1414817,2736824
202209,2호선,강남,1760149,1707710,3467859
202209,2호선,강변,715919,690867,1406786
202209,2호선,건대입구,789450,849980,1639430
202209,2호선,교대,761067,865434,1626501
202209,2호선,구로디지털단지,1310457,1305871,2616328
202209,2호선,구의,532244,516929,1049173
202209,2호선,낙성대,630035,607932,1237967
202209,2호선,당산,413673,490747,904420
202209,2호선,대림,540293,551183,1091476
202209,2호선,도림천,29785,31282,61067
202209,2호선,동대문역사문화공원,282091,318898,600989
202209,2호선,뚝섬,497606,535781,1033387
202209,2호선,문래,487894,501319,989213
202209,2호선,방배,425040,438966,864006
202209,2호선,봉천,539991,498474,1038465
202209,2호선,사당,865633,942931,1808564
202209,2호선,삼성,1168116,1182677,2350793
202209,2호선,상왕십리,325185,312776,637961
202209,2호선,서울대입구,1074990,1040440,2115430
202209,2호선,서초,494718,475257,969975
202209,2호선,선릉,1261224,1120051,2381275
202209,2호선,성수,824004,907473,1731477
202209,2호선,시청,534830,518742,1053572
202209,2호선,신답,38633,42299,80932
202209,2호선,신당,316199,324705,640904
202209,2호선,신대방,567840,547767,1115607
202209,2호선,신도림,1067804,1068183,2135987
202209,2호선,신림,1283704,1224762,2508466
202209,2호선,신설동,77933,75388,153321
202209,2호선,신정네거리,235340,239165,474505
202209,2호선,신촌,856986,866485,1723471
202209,2호선,아현,243786,230750,474536
202209,2호선,양천구청,159147,163278,322425
202209,2호선,역삼,1152642,1303078,2455720
202209,2호선,영등포구청,488152,505349,993501
202209,2호선,왕십리,380872,306763,687635
202209,2호선,용답,70830,72142,142972
202209,2호선,용두,54839,55068,109907
202209,2호선,을지로3가,523768,527299,1051067
202209,2호선,을지로4가,298409,298700,597109
202209,2호선,을지로입구,951424,982243,1933667
202209,2호선,이대,385783,413598,799381
202209,2호선,잠실,1591390,1594084,3185474
202209,2호선,잠실나루,335406,327221,662627
202209,2호선,잠실새내,491612,495537,987149
202209,2호선,종합운동장,277733,312921,590654
202209,2호선,충정로,224182,239131,463313
202209,2호선,한양대,309671,343043,652714
202209,2호선,합정,691352,752978,1444330
202209,2호선,홍대입구,1307201,1407598,2714799
202210,2호선,강남,1707326,1652680,3360006
202210,2호선,강변,694431,651929,1346360
202210,2호선,건대입구,757986,814924,1572910
202210,2호선,교대,738871,841022,1579893
202210,2호선,구로디지털단지,1288802,1288253,2577055
202210,2호선,구의,522031,509767,1031798
202210,2호선,낙성대,603975,591996,1195971
202210,2호선,당산,406485,484286,890771
202210,2호선,대림,523567,534713,1058280
202210,2호선,도림천,28131,29967,58098
202210,2호선,동대문역사문화공원,297842,337844,635686
202210,2호선,뚝섬,483466,518290,1001756
202210,2호선,문래,473608,486211,959819
202210,2호선,방배,409968,424114,834082
202210,2호선,봉천,523980,487550,1011530
202210,2호선,사당,854850,936911,1791761
202210,2호선,삼성,1166584,1180902,2347486
202210,2호선,상왕십리,313569,302391,615960
202210,2호선,서울대입구,1032759,1003958,2036717
202210,2호선,서초,473076,451854,924930
202210,2호선,선릉,1255467,1115067,2370534
202210,2호선,성수,813958,888788,1702746
202210,2호선,시청,543868,523064,1066932
202210,2호선,신답,37658,41585,79243
202210,2호선,신당,308648,318773,627421
202210,2호선,신대방,553413,539019,1092432
202210,2호선,신도림,1053489,1052317,2105806
202210,2호선,신림,1240270,1192642,2432912
202210,2호선,신설동,75677,73877,149554
202210,2호선,신정네거리,230381,234350,464731
202210,2호선,신촌,810293,823603,1633896
202210,2호선,아현,236398,225883,462281
202210,2호선,양천구청,154635,159202,313837
202210,2호선,역삼,1133852,1288902,2422754
202210,2호선,영등포구청,477746,493717,971463
202210,2호선,왕십리,363584,296113,659697
202210,2호선,용답,67129,68584,135713
202210,2호선,용두,51890,51557,103447
202210,2호선,을지로3가,520904,518788,1039692
202210,2호선,을지로4가,298384,300258,598642
202210,2호선,을지로입구,952995,981818,1934813
202210,2호선,이대,364290,391975,756265
202210,2호선,잠실,1658292,1653577,3311869
202210,2호선,잠실나루,329257,319124,648381
202210,2호선,잠실새내,482301,481790,964091
202210,2호선,종합운동장,267447,303812,571259
202210,2호선,충정로,218411,233793,452204
202210,2호선,한양대,296408,328481,624889
202210,2호선,합정,666881,722078,1388959
202210,2호선,홍대입구,1300879,1392971,2693850
202211,2호선,강남,1842250,1790315,3632565
202211,2호선,강변,723997,683351,1407348
202211,2호선,건대입구,811145,868860,1680005
202211,2호선,교대,816600,929520,1746120
202211,2호선,구로디지털단지,1402279,1398661,2800940
202211,2호선,구의,568954,555845,1124799
202211,2호선,낙성대,654283,636180,1290463
202211,2호선,당산,444179,529308,973487
202211,2호선,대림,562679,572706,1135385
202211,2호선,도림천,31912,33826,65738
202211,2호선,동대문역사문화공원,303330,345251,648581
202211,2호선,뚝섬,526911,564591,1091502
202211,2호선,문래,520516,533215,1053731
202211,2호선,방배,448414,464635,913049
202211,2호선,봉천,567767,526197,1093964
202211,2호선,사당,918042,1008217,1926259
202211,2호선,삼성,1294545,1311094,2605639
202211,2호선,상왕십리,339955,329068,669023
202211,2호선,서울대입구,1114424,1080020,2194444
202211,2호선,서초,534694,510123,1044817
202211,2호선,선릉,1381140,1231143,2612283
202211,2호선,성수,917462,1000598,1918060
202211,2호선,시청,609361,595564,1204925
202211,2호선,신답,41624,45488,87112
202211,2호선,신당,331262,339857,671119
202211,2호선,신대방,596756,578363,1175119
202211,2호선,신도림,1147829,1130544,2278373
202211,2호선,신림,1333366,1280679,2614045
202211,2호선,신설동,81121,78555,159676
202211,2호선,신정네거리,248139,255368,503507
202211,2호선,신촌,869139,884907,1754046
202211,2호선,아현,256385,242944,499329
202211,2호선,양천구청,168312,174797,343109
202211,2호선,역삼,1276397,1450365,2726762
202211,2호선,영등포구청,521235,539619,1060854
202211,2호선,왕십리,394044,328934,722978
202211,2호선,용답,73763,75725,149488
202211,2호선,용두,57190,57221,114411
202211,2호선,을지로3가,576375,579445,1155820
202211,2호선,을지로4가,328558,334393,662951
202211,2호선,을지로입구,1062251,1098803,2161054
202211,2호선,이대,403683,436790,840473
202211,2호선,잠실,1699783,1698011,3397794
202211,2호선,잠실나루,363042,353720,716762
202211,2호선,잠실새내,521030,518712,1039742
202211,2호선,종합운동장,192997,214088,407085
202211,2호선,충정로,242895,261076,503971
202211,2호선,한양대,321668,353929,675597
202211,2호선,합정,717104,775723,1492827
202211,2호선,홍대입구,1354503,1450093,2804596
202212,2호선,강남,1908681,1845007,3753688
202212,2호선,강변,724379,681616,1405995
202212,2호선,건대입구,825035,887670,1712705
202212,2호선,교대,819300,934548,1753848
202212,2호선,구로디지털단지,1392133,1384496,2776629
202212,2호선,구의,570373,559447,1129820
202212,2호선,낙성대,643880,620508,1264388
202212,2호선,당산,427824,503915,931739
202212,2호선,대림,547435,556824,1104259
202212,2호선,도림천,32117,34593,66710
202212,2호선,동대문역사문화공원,316864,359188,676052
202212,2호선,뚝섬,527902,565299,1093201
202212,2호선,문래,521540,533430,1054970
202212,2호선,방배,417779,433418,851197
202212,2호선,봉천,559921,522781,1082702
202212,2호선,사당,940419,1026428,1966847
202212,2호선,삼성,1363551,1361906,2725457
202212,2호선,상왕십리,341349,331673,673022
202212,2호선,서울대입구,1096895,1062976,2159871
202212,2호선,서초,530694,510716,1041410
202212,2호선,선릉,1380615,1226108,2606723
202212,2호선,성수,944811,1024021,1968832
202212,2호선,시청,623579,589508,1213087
202212,2호선,신답,40396,45020,85416
202212,2호선,신당,332055,343971,676026
202212,2호선,신대방,579773,562463,1142236
202212,2호선,신도림,1157784,1142588,2300372
202212,2호선,신림,1330480,1281287,2611767
202212,2호선,신설동,82594,82447,165041
202212,2호선,신정네거리,245803,253948,499751
202212,2호선,신촌,858293,873849,1732142
202212,2호선,아현,249163,236677,485840
202212,2호선,양천구청,164446,172361,336807
202212,2호선,역삼,1274358,1427357,2701715
202212,2호선,영등포구청,520983,536627,1057610
202212,2호선,왕십리,392230,339223,731453
202212,2호선,용답,67952,68916,136868
202212,2호선,용두,57469,57506,114975
202212,2호선,을지로3가,584499,592732,1177231
202212,2호선,을지로4가,337025,343605,680630
202212,2호선,을지로입구,1133536,1159796,2293332
202212,2호선,이대,364701,390249,754950
202212,2호선,잠실,1864357,1857375,3721732
202212,2호선,잠실나루,349330,338685,688015
202212,2호선,잠실새내,533274,533377,1066651
202212,2호선,종합운동장,204412,223498,427910
202212,2호선,충정로,239618,254861,494479
202212,2호선,한양대,268045,289248,557293
202212,2호선,합정,736370,795275,1531645
202212,2호선,홍대입구,1450560,1545878,2996438
202201,3호선,가락시장,184720,180482,365202
202201,3호선,경복궁,381040,372867,753907
202201,3호선,경찰병원,151927,152507,304434
202201,3호선,고속터미널,786643,793116,1579759
202201,3호선,교대,289061,187202,476263
202201,3호선,구파발,409398,387414,796812
202201,3호선,금호,160425,153334,313759
202201,3호선,남부터미널,588591,604300,1192891
202201,3호선,녹번,308956,283859,592815
202201,3호선,대곡,38135,29901,68036
202201,3호선,대청,200529,188122,388651
202201,3호선,대치,236774,235846,472620
202201,3호선,대화,248705,199062,447767
202201,3호선,도곡,107696,109816,217512
202201,3호선,독립문,131243,134539,265782
202201,3호선,동대입구,142794,148416,291210
202201,3호선,마두,149401,152774,302175
202201,3호선,매봉,258611,246886,505497
202201,3호선,무악재,77701,78707,156408
202201,3호선,백석,195829,197388,393217
202201,3호선,불광,318869,340040,658909
202201,3호선,삼송,382224,375712,757936
202201,3호선,수서,338433,347444,685877
202201,3호선,신사,652610,674171,1326781
202201,3호선,안국,390761,399980,790741
202201,3호선,압구정,672704,712786,1385490
202201,3호선,약수,255626,248337,503963
202201,3호선,양재,793159,849101,1642260
202201,3호선,연신내,718146,684848,1402994
202201,3호선,오금,125531,112368,237899
202201,3호선,옥수,176132,185236,361368
202201,3호선,원당,216861,206799,423660
202201,3호선,원흥,209115,199411,408526
202201,3호선,을지로3가,214752,218134,432886
202201,3호선,일원,202652,196320,398972
202201,3호선,잠원,95326,93689,189015
202201,3호선,정발산,142947,142138,285085
202201,3호선,종로3가,205459,231725,437184
202201,3호선,주엽,176804,177031,353835
202201,3호선,지축,88899,86779,175678
202201,3호선,충무로,13,0,13
202201,3호선,학여울,36175,37204,73379
202201,3호선,홍제,337616,323617,661233
202201,3호선,화정,334426,343546,677972
202202,3호선,가락시장,152572,148373,300945
202202,3호선,경복궁,330905,327713,658618
202202,3호선,경찰병원,128533,129158,257691
202202,3호선,고속터미널,726387,654216,1380603
202202,3호선,교대,241556,157057,398613
202202,3호선,구파발,355452,338660,694112
202202,3호선,금호,138165,131849,270014
202202,3호선,남부터미널,511261,510482,1021743
202202,3호선,녹번,266340,243992,510332
202202,3호선,대곡,33854,26962,60816
202202,3호선,대청,174316,163196,337512
202202,3호선,대치,197715,199120,396835
202202,3호선,대화,215059,174306,389365
202202,3호선,도곡,91097,93748,184845
202202,3호선,독립문,118147,121659,239806
202202,3호선,동대입구,128489,136650,265139
202202,3호선,마두,130158,133043,263201
202202,3호선,매봉,215371,206045,421416
202202,3호선,무악재,67350,69175,136525
202202,3호선,백석,169854,170894,340748
202202,3호선,불광,279945,300651,580596
202202,3호선,삼송,335965,329039,665004
202202,3호선,수서,293124,295040,588164
202202,3호선,신사,550183,570131,1120314
202202,3호선,안국,330922,340141,671063
202202,3호선,압구정,561196,595967,1157163
202202,3호선,약수,222194,216104,438298
202202,3호선,양재,659387,712068,1371455
202202,3호선,연신내,632587,605133,1237720
202202,3호선,오금,107124,97029,204153
202202,3호선,옥수,150010,158002,308012
202202,3호선,원당,190391,181095,371486
202202,3호선,원흥,179822,172661,352483
202202,3호선,을지로3가,178122,180337,358459
202202,3호선,일원,174967,169753,344720
202202,3호선,잠원,80867,79932,160799
202202,3호선,정발산,126414,125697,252111
202202,3호선,종로3가,179365,204243,383608
202202,3호선,주엽,153790,154342,308132
202202,3호선,지축,77798,75084,152882
202202,3호선,충무로,17,0,17
202202,3호선,학여울,34895,35406,70301
202202,3호선,홍제,298021,286895,584916
202202,3호선,화정,294414,302878,597292
202203,3호선,가락시장,179653,175686,355339
202203,3호선,경복궁,413408,403992,817400
202203,3호선,경찰병원,146265,146334,292599
202203,3호선,고속터미널,752445,728304,1480749
202203,3호선,교대,283467,184259,467726
202203,3호선,구파발,415468,399176,814644
202203,3호선,금호,158395,150068,308463
202203,3호선,남부터미널,565661,574255,1139916
202203,3호선,녹번,317292,287870,605162
202203,3호선,대곡,42450,34227,76677
202203,3호선,대청,204593,188564,393157
202203,3호선,대치,219512,221907,441419
202203,3호선,대화,256669,209391,466060
202203,3호선,도곡,105952,109018,214970
202203,3호선,독립문,141769,148654,290423
202203,3호선,동대입구,176249,191013,367262
202203,3호선,마두,150377,154307,304684
202203,3호선,매봉,243399,232377,475776
202203,3호선,무악재,78257,80251,158508
202203,3호선,백석,198911,198189,397100
202203,3호선,불광,328068,352289,680357
202203,3호선,삼송,399711,389576,789287
202203,3호선,수서,334352,341463,675815
202203,3호선,신사,607366,631246,1238612
202203,3호선,안국,397116,409432,806548
202203,3호선,압구정,619576,659626,1279202
202203,3호선,약수,261196,255258,516454
202203,3호선,양재,759333,819644,1578977
202203,3호선,연신내,746444,708632,1455076
202203,3호선,오금,123994,113733,237727
202203,3호선,옥수,174084,182604,356688
202203,3호선,원당,229619,218513,448132
202203,3호선,원흥,215887,206408,422295
202203,3호선,을지로3가,202979,206051,409030
202203,3호선,일원,207639,200132,407771
202203,3호선,잠원,95482,93627,189109
202203,3호선,정발산,141892,143277,285169
202203,3호선,종로3가,202077,231086,433163
202203,3호선,주엽,180229,182023,362252
202203,3호선,지축,97255,92090,189345
202203,3호선,충무로,26,0,26
202203,3호선,학여울,43982,45564,89546
202203,3호선,홍제,359165,343986,703151
202203,3호선,화정,344149,354220,698369
202204,3호선,가락시장,190027,188590,378617
202204,3호선,경복궁,453943,447038,900981
202204,3호선,경찰병원,154136,153997,308133
202204,3호선,고속터미널,817347,805912,1623259
202204,3호선,교대,312831,205629,518460
202204,3호선,구파발,432755,416006,848761
202204,3호선,금호,167045,156520,323565
202204,3호선,남부터미널,609359,617513,1226872
202204,3호선,녹번,333731,300577,634308
202204,3호선,대곡,47745,38492,86237
202204,3호선,대청,218283,199345,417628
202204,3호선,대치,226050,229239,455289
202204,3호선,대화,268605,215352,483957
202204,3호선,도곡,113580,117503,231083
202204,3호선,독립문,147740,154794,302534
202204,3호선,동대입구,189990,207384,397374
202204,3호선,마두,160669,164182,324851
202204,3호선,매봉,263279,253088,516367
202204,3호선,무악재,83073,85600,168673
202204,3호선,백석,205671,205091,410762
202204,3호선,불광,339579,362903,702482
202204,3호선,삼송,423197,408814,832011
202204,3호선,수서,360439,367091,727530
202204,3호선,신사,632536,665164,1297700
202204,3호선,안국,449043,462252,911295
202204,3호선,압구정,650092,698020,1348112
202204,3호선,약수,276667,271954,548621
202204,3호선,양재,812329,879313,1691642
202204,3호선,연신내,769903,727577,1497480
202204,3호선,오금,133359,122358,255717
202204,3호선,옥수,188634,194153,382787
202204,3호선,원당,242558,228942,471500
202204,3호선,원흥,231908,220126,452034
202204,3호선,을지로3가,220111,226421,446532
202204,3호선,일원,222346,213478,435824
202204,3호선,잠원,102452,101956,204408
202204,3호선,정발산,156063,160353,316416
202204,3호선,종로3가,208226,242253,450479
202204,3호선,주엽,191726,192961,384687
202204,3호선,지축,106671,99735,206406
202204,3호선,충무로,27,0,27
202204,3호선,학여울,46394,47815,94209
202204,3호선,홍제,377711,359769,737480
202204,3호선,화정,358624,367972,726596
202205,3호선,가락시장,209411,205662,415073
202205,3호선,경복궁,627366,662049,1289415
202205,3호선,경찰병원,168140,166783,334923
202205,3호선,고속터미널,986097,965642,1951739
202205,3호선,교대,345548,225869,571417
202205,3호선,구파발,490360,471149,961509
202205,3호선,금호,184317,168704,353021
202205,3호선,남부터미널,676119,688508,1364627
202205,3호선,녹번,367227,324336,691563
202205,3호선,대곡,53605,42321,95926
202205,3호선,대청,239509,219174,458683
202205,3호선,대치,253086,253968,507054
202205,3호선,대화,310586,244796,555382
202205,3호선,도곡,126056,129618,255674
202205,3호선,독립문,170693,179376,350069
202205,3호선,동대입구,209434,232341,441775
202205,3호선,마두,178068,181075,359143
202205,3호선,매봉,289199,280003,569202
202205,3호선,무악재,92009,93189,185198
202205,3호선,백석,230798,228095,458893
202205,3호선,불광,379974,405925,785899
202205,3호선,삼송,470289,451097,921386
202205,3호선,수서,399867,407020,806887
202205,3호선,신사,694289,739058,1433347
202205,3호선,안국,550252,564973,1115225
202205,3호선,압구정,716151,780498,1496649
202205,3호선,약수,304112,294984,599096
202205,3호선,양재,889191,978385,1867576
202205,3호선,연신내,844085,794539,1638624
202205,3호선,오금,146118,131494,277612
202205,3호선,옥수,214916,215200,430116
202205,3호선,원당,269768,250606,520374
202205,3호선,원흥,262531,245947,508478
202205,3호선,을지로3가,245905,256255,502160
202205,3호선,일원,246886,235031,481917
202205,3호선,잠원,116461,111201,227662
202205,3호선,정발산,173867,178571,352438
202205,3호선,종로3가,229876,272097,501973
202205,3호선,주엽,220608,216795,437403
202205,3호선,지축,120502,110956,231458
202205,3호선,충무로,32,0,32
202205,3호선,학여울,47194,47492,94686
202205,3호선,홍제,420833,395334,816167
202205,3호선,화정,400422,407173,807595
202206,3호선,가락시장,202425,198194,400619
202206,3호선,경복궁,551007,576751,1127758
202206,3호선,경찰병원,164723,164693,329416
202206,3호선,고속터미널,968966,935573,1904539
202206,3호선,교대,333434,215626,549060
202206,3호선,구파발,471315,455401,926716
202206,3호선,금호,179831,165244,345075
202206,3호선,남부터미널,656228,667813,1324041
202206,3호선,녹번,352363,314122,666485
202206,3호선,대곡,49986,39997,89983
202206,3호선,대청,236005,217285,453290
202206,3호선,대치,250407,252444,502851
202206,3호선,대화,302581,238219,540800
202206,3호선,도곡,121930,123446,245376
202206,3호선,독립문,159845,164934,324779
202206,3호선,동대입구,192398,208117,400515
202206,3호선,마두,170607,173989,344596
202206,3호선,매봉,283597,273974,557571
202206,3호선,무악재,89580,89440,179020
202206,3호선,백석,218972,217207,436179
202206,3호선,불광,363680,386932,750612
202206,3호선,삼송,446706,429346,876052
202206,3호선,수서,391950,399159,791109
202206,3호선,신사,634499,675066,1309565
202206,3호선,안국,523794,530722,1054516
202206,3호선,압구정,717719,772993,1490712
202206,3호선,약수,293513,285137,578650
202206,3호선,양재,845944,926193,1772137
202206,3호선,연신내,810482,764440,1574922
202206,3호선,오금,140744,125807,266551
202206,3호선,옥수,203267,208728,411995
202206,3호선,원당,253794,235742,489536
202206,3호선,원흥,252527,237148,489675
202206,3호선,을지로3가,240082,245920,486002
202206,3호선,일원,243343,233282,476625
202206,3호선,잠원,109537,106071,215608
202206,3호선,정발산,159821,163475,323296
202206,3호선,종로3가,225083,261901,486984
202206,3호선,주엽,209377,208309,417686
202206,3호선,지축,117797,108634,226431
202206,3호선,충무로,27,0,27
202206,3호선,학여울,49568,51362,100930
202206,3호선,홍제,397035,373546,770581
202206,3호선,화정,377697,383359,761056
202207,3호선,가락시장,197336,191356,388692
202207,3호선,경복궁,452965,456738,909703
202207,3호선,경찰병원,162887,162888,325775
202207,3호선,고속터미널,937699,917203,1854902
202207,3호선,교대,325358,212443,537801
202207,3호선,구파발,464825,449263,914088
202207,3호선,금호,172668,157762,330430
202207,3호선,남부터미널,648313,661149,1309462
202207,3호선,녹번,339413,302050,641463
202207,3호선,대곡,47965,38022,85987
202207,3호선,대청,226381,209575,435956
202207,3호선,대치,252119,252245,504364
202207,3호선,대화,290840,226664,517504
202207,3호선,도곡,117284,117659,234943
202207,3호선,독립문,152259,154385,306644
202207,3호선,동대입구,179034,189607,368641
202207,3호선,마두,169664,173411,343075
202207,3호선,매봉,281681,270356,552037
202207,3호선,무악재,87149,85357,172506
202207,3호선,백석,214670,213450,428120
202207,3호선,불광,349028,372194,721222
202207,3호선,삼송,430446,414670,845116
202207,3호선,수서,379268,385587,764855
202207,3호선,신사,640813,681760,1322573
202207,3호선,안국,497460,509250,1006710
202207,3호선,압구정,718120,772436,1490556
202207,3호선,약수,283678,273988,557666
202207,3호선,양재,832312,903713,1736025
202207,3호선,연신내,784702,739590,1524292
202207,3호선,오금,137876,123163,261039
202207,3호선,옥수,195301,200570,395871
202207,3호선,원당,242837,226585,469422
202207,3호선,원흥,245619,229929,475548
202207,3호선,을지로3가,241231,245305,486536
202207,3호선,일원,235064,226011,461075
202207,3호선,잠원,106778,103059,209837
202207,3호선,정발산,157970,162851,320821
202207,3호선,종로3가,224358,261949,486307
202207,3호선,주엽,206482,205552,412034
202207,3호선,지축,115540,108471,224011
202207,3호선,충무로,29,0,29
202207,3호선,학여울,46405,47068,93473
202207,3호선,홍제,377870,353107,730977
202207,3호선,화정,367929,372670,740599
202208,3호선,가락시장,200992,197431,398423
202208,3호선,경복궁,462903,470457,933360
202208,3호선,경찰병원,166179,167622,333801
202208,3호선,고속터미널,986127,947637,1933764
202208,3호선,교대,326441,212735,539176
202208,3호선,구파발,467571,454171,921742
202208,3호선,금호,176206,163738,339944
202208,3호선,남부터미널,660504,668641,1329145
202208,3호선,녹번,342031,308473,650504
202208,3호선,대곡,47973,38701,86674
202208,3호선,대청,231846,217145,448991
202208,3호선,대치,261176,258721,519897
202208,3호선,대화,297154,233578,530732
202208,3호선,도곡,115370,118009,233379
202208,3호선,독립문,157138,158930,316068
202208,3호선,동대입구,178638,191602,370240
202208,3호선,마두,171060,174494,345554
202208,3호선,매봉,281269,269388,550657
202208,3호선,무악재,87259,86869,174128
202208,3호선,백석,217340,217830,435170
202208,3호선,불광,355286,379722,735008
202208,3호선,삼송,436194,422379,858573
202208,3호선,수서,389683,395476,785159
202208,3호선,신사,650581,682104,1332685
202208,3호선,안국,497245,507929,1005174
202208,3호선,압구정,724948,777413,1502361
202208,3호선,약수,289414,279840,569254
202208,3호선,양재,832086,901757,1733843
202208,3호선,연신내,796957,755116,1552073
202208,3호선,오금,139656,125983,265639
202208,3호선,옥수,199311,205946,405257
202208,3호선,원당,242333,228963,471296
202208,3호선,원흥,246121,232854,478975
202208,3호선,을지로3가,246123,245538,491661
202208,3호선,일원,241349,231372,472721
202208,3호선,잠원,109330,105595,214925
202208,3호선,정발산,157462,161769,319231
202208,3호선,종로3가,220332,257620,477952
202208,3호선,주엽,207351,208284,415635
202208,3호선,지축,116626,112256,228882
202208,3호선,충무로,18,0,18
202208,3호선,학여울,50521,52002,102523
202208,3호선,홍제,383480,362629,746109
202208,3호선,화정,369312,376023,745335
202209,3호선,가락시장,205173,202774,407947
202209,3호선,경복궁,540631,557273,1097904
202209,3호선,경찰병원,165397,164700,330097
202209,3호선,고속터미널,1001731,1005409,2007140
202209,3호선,교대,337970,222350,560320
202209,3호선,구파발,477728,461857,939585
202209,3호선,금호,181035,167287,348322
202209,3호선,남부터미널,658396,671613,1330009
202209,3호선,녹번,358728,320907,679635
202209,3호선,대곡,51600,40091,91691
202209,3호선,대청,235746,218026,453772
202209,3호선,대치,259064,261774,520838
202209,3호선,대화,316125,251566,567691
202209,3호선,도곡,113897,119233,233130
202209,3호선,독립문,165119,169035,334154
202209,3호선,동대입구,238571,271705,510276
202209,3호선,마두,174112,177953,352065
202209,3호선,매봉,281974,268901,550875
202209,3호선,무악재,89520,90439,179959
202209,3호선,백석,224366,223668,448034
202209,3호선,불광,367092,393453,760545
202209,3호선,삼송,452836,436376,889212
202209,3호선,수서,395071,402449,797520
202209,3호선,신사,628156,662479,1290635
202209,3호선,안국,520296,538711,1059007
202209,3호선,압구정,720711,779813,1500524
202209,3호선,약수,294697,284813,579510
202209,3호선,양재,841063,909517,1750580
202209,3호선,연신내,812951,768506,1581457
202209,3호선,오금,141838,127880,269718
202209,3호선,옥수,206695,211349,418044
202209,3호선,원당,258210,242497,500707
202209,3호선,원흥,260138,245913,506051
202209,3호선,을지로3가,241241,241022,482263
202209,3호선,일원,244064,232778,476842
202209,3호선,잠원,115729,110198,225927
202209,3호선,정발산,160054,166290,326344
202209,3호선,종로3가,221338,261083,482421
202209,3호선,주엽,211585,213402,424987
202209,3호선,지축,123267,118174,241441
202209,3호선,충무로,35,0,35
202209,3호선,학여울,48398,49198,97596
202209,3호선,홍제,407451,386920,794371
202209,3호선,화정,381496,388604,770100
202210,3호선,가락시장,199320,196869,396189
202210,3호선,경복궁,559964,581849,1141813
202210,3호선,경찰병원,162309,162497,324806
202210,3호선,고속터미널,966019,925190,1891209
202210,3호선,교대,329897,217470,547367
202210,3호선,구파발,466179,447968,914147
202210,3호선,금호,183137,169794,352931
202210,3호선,남부터미널,638163,649938,1288101
202210,3호선,녹번,348977,314272,663249
202210,3호선,대곡,50581,39088,89669
202210,3호선,대청,229526,214213,443739
202210,3호선,대치,245671,247869,493540
202210,3호선,대화,308526,239372,547898
202210,3호선,도곡,110323,109667,219990
202210,3호선,독립문,162522,167236,329758
202210,3호선,동대입구,225805,255453,481258
202210,3호선,마두,171127,174646,345773
202210,3호선,매봉,271963,261783,533746
202210,3호선,무악재,87722,88835,176557
202210,3호선,백석,216585,215319,431904
202210,3호선,불광,358565,383798,742363
202210,3호선,삼송,441013,425203,866216
202210,3호선,수서,389884,395923,785807
202210,3호선,신사,620393,652045,1272438
202210,3호선,안국,573214,591196,1164410
202210,3호선,압구정,701024,765797,1466821
202210,3호선,약수,291111,278002,569113
202210,3호선,양재,819620,895534,1715154
202210,3호선,연신내,787983,745938,1533921
202210,3호선,오금,140901,126614,267515
202210,3호선,옥수,201531,204824,406355
202210,3호선,원당,251657,236732,488389
202210,3호선,원흥,255976,242342,498318
202210,3호선,을지로3가,240510,239783,480293
202210,3호선,일원,239845,229956,469801
202210,3호선,잠원,110676,106925,217601
202210,3호선,정발산,159607,164241,323848
202210,3호선,종로3가,217209,254046,471255
202210,3호선,주엽,210014,211130,421144
202210,3호선,지축,127524,123011,250535
202210,3호선,충무로,38,0,38
202210,3호선,학여울,50714,51892,102606
202210,3호선,홍제,400532,381191,781723
202210,3호선,화정,375526,382007,757533
202211,3호선,가락시장,217786,215115,432901
202211,3호선,경복궁,577219,588886,1166105
202211,3호선,경찰병원,179230,178962,358192
202211,3호선,고속터미널,977212,953262,1930474
202211,3호선,교대,366044,241700,607744
202211,3호선,구파발,502642,483027,985669
202211,3호선,금호,191719,176832,368551
202211,3호선,남부터미널,689602,707128,1396730
202211,3호선,녹번,381312,343657,724969
202211,3호선,대곡,53351,41510,94861
202211,3호선,대청,251094,234322,485416
202211,3호선,대치,270598,276118,546716
202211,3호선,대화,325442,252061,577503
202211,3호선,도곡,123826,123600,247426
202211,3호선,독립문,173143,176746,349889
202211,3호선,동대입구,257717,290540,548257
202211,3호선,마두,182267,187362,369629
202211,3호선,매봉,304267,291641,595908
202211,3호선,무악재,97514,98739,196253
202211,3호선,백석,229500,229735,459235
202211,3호선,불광,382804,408297,791101
202211,3호선,삼송,463522,448570,912092
202211,3호선,수서,422515,429489,852004
202211,3호선,신사,672215,702289,1374504
202211,3호선,안국,607680,630786,1238466
202211,3호선,압구정,756364,821900,1578264
202211,3호선,약수,310708,301615,612323
202211,3호선,양재,912951,987041,1899992
202211,3호선,연신내,838904,794764,1633668
202211,3호선,오금,158396,138290,296686
202211,3호선,옥수,212992,217886,430878
202211,3호선,원당,267185,251572,518757
202211,3호선,원흥,277485,260030,537515
202211,3호선,을지로3가,265687,266349,532036
202211,3호선,일원,263960,252588,516548
202211,3호선,잠원,121020,116924,237944
202211,3호선,정발산,162240,166498,328738
202211,3호선,종로3가,234654,272723,507377
202211,3호선,주엽,217952,220204,438156
202211,3호선,지축,145148,139995,285143
202211,3호선,충무로,27,0,27
202211,3호선,학여울,51995,53790,105785
202211,3호선,홍제,429300,409453,838753
202211,3호선,화정,394751,402784,797535
202212,3호선,가락시장,220974,218513,439487
202212,3호선,경복궁,539044,536438,1075482
202212,3호선,경찰병원,179731,181305,361036
202212,3호선,고속터미널,1050725,1015884,2066609
202212,3호선,교대,366014,235500,601514
202212,3호선,구파발,495611,480287,975898
202212,3호선,금호,186101,174842,360943
202212,3호선,남부터미널,696701,709556,1406257
202212,3호선,녹번,367697,333526,701223
202212,3호선,대곡,48564,36051,84615
202212,3호선,대청,249811,233935,483746
202212,3호선,대치,259113,262565,521678
202212,3호선,대화,307232,240624,547856
202212,3호선,도곡,126132,126101,252233
202212,3호선,독립문,165500,167863,333363
202212,3호선,동대입구,211938,231216,443154
202212,3호선,마두,177093,182127,359220
202212,3호선,매봉,303175,292637,595812
202212,3호선,무악재,96836,96793,193629
202212,3호선,백석,228999,230954,459953
202212,3호선,불광,371290,397613,768903
202212,3호선,삼송,457856,443751,901607
202212,3호선,수서,423580,430867,854447
202212,3호선,신사,697409,725959,1423368
202212,3호선,안국,588732,601965,1190697
202212,3호선,압구정,782862,846895,1629757
202212,3호선,약수,309554,300483,610037
202212,3호선,양재,915445,982443,1897888
202212,3호선,연신내,821593,779537,1601130
202212,3호선,오금,149873,135265,285138
202212,3호선,옥수,207980,213894,421874
202212,3호선,원당,254347,239969,494316
202212,3호선,원흥,267862,251470,519332
202212,3호선,을지로3가,275149,271322,546471
202212,3호선,일원,261523,249356,510879
202212,3호선,잠원,117095,112178,229273
202212,3호선,정발산,165071,170049,335120
202212,3호선,종로3가,241665,283367,525032
202212,3호선,주엽,213353,214386,427739
202212,3호선,지축,141488,137871,279359
202212,3호선,충무로,38,0,38
202212,3호선,학여울,49287,50599,99886
202212,3호선,홍제,412309,397220,809529
202212,3호선,화정,388333,398676,787009
202201,4호선,경마공원,42447,42793,85240
202201,4호선,고잔,172770,163358,336128
202201,4호선,과천,121897,114953,236850
202201,4호선,길음,399798,393917,793715
202201,4호선,남태령,22944,20183,43127
202201,4호선,노원,369741,413832,783573
202201,4호선,당고개,250488,228292,478780
202201,4호선,대공원,45038,46925,91963
202201,4호선,대야미,97034,87242,184276
202201,4호선,동대문,373381,384957,758338
202201,4호선,동대문역사문화공원,288668,265306,553974
202201,4호선,동작,25746,29390,55136
202201,4호선,명동,351920,361369,713289
202201,4호선,미아,287762,282309,570071
202201,4호선,미아사거리,539173,528244,1067417
202201,4호선,반월,82630,79513,162143
202201,4호선,범계,516291,507905,1024196
202201,4호선,사당,491558,402527,894085
202201,4호선,산본,312672,336133,648805
202201,4호선,삼각지,98010,107565,205575
202201,4호선,상계,373836,351400,725236
202201,4호선,상록수,300517,308991,609508
202201,4호선,서울,220832,323853,544685
202201,4호선,선바위,163317,142040,305357
202201,4호선,성신여대입구,388138,377838,765976
202201,4호선,수리산,81894,66582,148476
202201,4호선,수유,664884,671436,1336320
202201,4호선,숙대입구,245558,242104,487662
202201,4호선,신길온천,32965,30621,63586
202201,4호선,신용산,331877,349864,681741
202201,4호선,쌍문,582691,540013,1122704
202201,4호선,안산,230574,210154,440728
202201,4호선,오이도,158771,154375,313146
202201,4호선,이촌,147828,162705,310533
202201,4호선,인덕원,481471,504301,985772
202201,4호선,정부과천청사,212960,211225,424185
202201,4호선,정왕,150191,157386,307577
202201,4호선,중앙,348615,359000,707615
202201,4호선,창동,506172,537062,1043234
202201,4호선,초지,87951,90497,178448
202201,4호선,총신대입구,374104,405952,780056
202201,4호선,충무로,512862,528391,1041253
202201,4호선,평촌,363791,358498,722289
202201,4호선,한대앞,169878,171079,340957
202201,4호선,한성대입구,255268,250250,505518
202201,4호선,혜화,633468,628233,1261701
202201,4호선,회현,471094,497076,968170
202202,4호선,경마공원,33633,33937,67570
202202,4호선,고잔,150474,141854,292328
202202,4호선,과천,106646,102372,209018
202202,4호선,길음,342582,342162,684744
202202,4호선,남태령,19511,17341,36852
202202,4호선,노원,322383,361178,683561
202202,4호선,당고개,221542,203254,424796
202202,4호선,대공원,44329,46224,90553
202202,4호선,대야미,84310,76165,160475
202202,4호선,동대문,321403,331190,652593
202202,4호선,동대문역사문화공원,250092,227761,477853
202202,4호선,동작,24508,27897,52405
202202,4호선,명동,295749,303362,599111
202202,4호선,미아,256220,251971,508191
202202,4호선,미아사거리,471986,462651,934637
202202,4호선,반월,72244,69458,141702
202202,4호선,범계,441604,436316,877920
202202,4호선,사당,420312,346292,766604
202202,4호선,산본,270585,290947,561532
202202,4호선,삼각지,83030,91595,174625
202202,4호선,상계,325085,306768,631853
202202,4호선,상록수,266299,272920,539219
202202,4호선,서울,184607,266195,450802
202202,4호선,선바위,136489,120994,257483
202202,4호선,성신여대입구,337462,330337,667799
202202,4호선,수리산,71011,58874,129885
202202,4호선,수유,589214,595701,1184915
202202,4호선,숙대입구,214697,210785,425482
202202,4호선,신길온천,28729,26500,55229
202202,4호선,신용산,276138,286988,563126
202202,4호선,쌍문,506779,472949,979728
202202,4호선,안산,203766,184721,388487
202202,4호선,오이도,139046,135354,274400
202202,4호선,이촌,125996,139317,265313
202202,4호선,인덕원,411834,430890,842724
202202,4호선,정부과천청사,177602,179115,356717
202202,4호선,정왕,132560,140590,273150
202202,4호선,중앙,298723,306460,605183
202202,4호선,창동,442688,469183,911871
202202,4호선,초지,76967,79604,156571
202202,4호선,총신대입구,320528,349025,669553
202202,4호선,충무로,442900,457493,900393
202202,4호선,평촌,306291,301513,607804
202202,4호선,한대앞,149037,150269,299306
202202,4호선,한성대입구,223735,221707,445442
202202,4호선,혜화,545724,540948,1086672
202202,4호선,회현,386534,404729,791263
202203,4호선,경마공원,42905,42941,85846
202203,4호선,고잔,183388,173658,357046
202203,4호선,과천,126538,118163,244701
202203,4호선,길음,421978,420880,842858
202203,4호선,남태령,23494,20448,43942
202203,4호선,노원,378395,425512,803907
202203,4호선,당고개,235879,216701,452580
202203,4호선,대공원,52227,54398,106625
202203,4호선,대야미,104451,94993,199444
202203,4호선,동대문,399247,411576,810823
202203,4호선,동대문역사문화공원,292474,271184,563658
202203,4호선,동작,30431,34753,65184
202203,4호선,명동,373927,384065,757992
202203,4호선,미아,316734,310104,626838
202203,4호선,미아사거리,555494,542859,1098353
202203,4호선,반월,90285,87559,177844
202203,4호선,범계,527018,525374,1052392
202203,4호선,사당,492500,414047,906547
202203,4호선,산본,322583,347976,670559
202203,4호선,삼각지,96449,107778,204227
202203,4호선,상계,391525,365341,756866
202203,4호선,상록수,340514,346663,687177
202203,4호선,서울,210967,296702,507669
202203,4호선,선바위,164206,146585,310791
202203,4호선,성신여대입구,428702,411120,839822
202203,4호선,수리산,88384,72694,161078
202203,4호선,수유,695181,697315,1392496
202203,4호선,숙대입구,285350,275907,561257
202203,4호선,신길온천,36285,33572,69857
202203,4호선,신용산,310713,325708,636421
202203,4호선,쌍문,596955,553788,1150743
202203,4호선,안산,240737,218131,458868
202203,4호선,오이도,172582,170587,343169
202203,4호선,이촌,139383,155049,294432
202203,4호선,인덕원,488009,505801,993810
202203,4호선,정부과천청사,209188,209352,418540
202203,4호선,정왕,214776,218805,433581
202203,4호선,중앙,370981,385362,756343
202203,4호선,창동,519385,551737,1071122
202203,4호선,초지,104328,112020,216348
202203,4호선,총신대입구,380337,410984,791321
202203,4호선,충무로,568060,580245,1148305
202203,4호선,평촌,359763,353142,712905
202203,4호선,한대앞,219092,219306,438398
202203,4호선,한성대입구,281726,275600,557326
202203,4호선,혜화,645340,639602,1284942
202203,4호선,회현,474681,501733,976414
202204,4호선,경마공원,56167,55942,112109
202204,4호선,고잔,194156,184023,378179
202204,4호선,과천,135018,124450,259468
202204,4호선,길음,451685,445066,896751
202204,4호선,남태령,26642,22104,48746
202204,4호선,노원,394994,446345,841339
202204,4호선,당고개,191896,172275,364171
202204,4호선,대공원,89649,92470,182119
202204,4호선,대야미,110655,100183,210838
202204,4호선,동대문,416123,423967,840090
202204,4호선,동대문역사문화공원,296575,272320,568895
202204,4호선,동작,35653,40408,76061
202204,4호선,명동,408766,422810,831576
202204,4호선,미아,327121,316037,643158
202204,4호선,미아사거리,575230,559075,1134305
202204,4호선,반월,93893,91381,185274
202204,4호선,범계,550483,554183,1104666
202204,4호선,사당,544234,455130,999364
202204,4호선,산본,337683,365276,702959
202204,4호선,삼각지,104129,117079,221208
202204,4호선,상계,416126,383479,799605
202204,4호선,상록수,352420,358085,710505
202204,4호선,서울,233166,343788,576954
202204,4호선,선바위,178421,158423,336844
202204,4호선,성신여대입구,438490,419201,857691
202204,4호선,수리산,99778,86232,186010
202204,4호선,수유,714146,716526,1430672
202204,4호선,숙대입구,297886,286913,584799
202204,4호선,신길온천,38579,35313,73892
202204,4호선,신용산,333229,351512,684741
202204,4호선,쌍문,620679,569930,1190609
202204,4호선,안산,246957,223513,470470
202204,4호선,오이도,183940,182757,366697
202204,4호선,이촌,155050,172348,327398
202204,4호선,인덕원,519004,534832,1053836
202204,4호선,정부과천청사,225793,222061,447854
202204,4호선,정왕,220266,222709,442975
202204,4호선,중앙,388940,410004,798944
202204,4호선,창동,535461,561558,1097019
202204,4호선,초지,110021,118851,228872
202204,4호선,총신대입구,401935,433510,835445
202204,4호선,충무로,598834,615981,1214815
202204,4호선,평촌,377058,367751,744809
202204,4호선,한대앞,225402,227062,452464
202204,4호선,한성대입구,302594,295720,598314
202204,4호선,혜화,677710,679974,1357684
202204,4호선,회현,514845,546717,1061562
202205,4호선,경마공원,57749,57471,115220
202205,4호선,고잔,217288,207381,424669
202205,4호선,과천,154115,139461,293576
202205,4호선,길음,515163,505467,1020630
202205,4호선,남태령,30743,26117,56860
202205,4호선,노원,443250,503412,946662
202205,4호선,당고개,212271,187684,399955
202205,4호선,대공원,156707,158099,314806
202205,4호선,대야미,123330,108958,232288
202205,4호선,동대문,468512,479599,948111
202205,4호선,동대문역사문화공원,340284,310577,650861
202205,4호선,동작,40867,45198,86065
202205,4호선,명동,479458,501801,981259
202205,4호선,미아,355587,341163,696750
202205,4호선,미아사거리,635339,612908,1248247
202205,4호선,반월,104328,99781,204109
202205,4호선,범계,624408,624778,1249186
202205,4호선,사당,616302,526245,1142547
202205,4호선,산본,381511,409776,791287
202205,4호선,삼각지,123368,140571,263939
202205,4호선,상계,456356,417018,873374
202205,4호선,상록수,390825,391632,782457
202205,4호선,서울,267137,416461,683598
202205,4호선,선바위,200635,176515,377150
202205,4호선,성신여대입구,492281,469037,961318
202205,4호선,수리산,103265,86234,189499
202205,4호선,수유,787112,784895,1572007
202205,4호선,숙대입구,331349,321992,653341
202205,4호선,신길온천,44194,40203,84397
202205,4호선,신용산,393500,420049,813549
202205,4호선,쌍문,678433,618107,1296540
202205,4호선,안산,272188,246478,518666
202205,4호선,오이도,210785,207265,418050
202205,4호선,이촌,207483,228971,436454
202205,4호선,인덕원,581311,592037,1173348
202205,4호선,정부과천청사,253938,250130,504068
202205,4호선,정왕,240127,244083,484210
202205,4호선,중앙,444367,468597,912964
202205,4호선,창동,596917,628647,1225564
202205,4호선,초지,123304,130470,253774
202205,4호선,총신대입구,445811,483086,928897
202205,4호선,충무로,645385,678098,1323483
202205,4호선,평촌,417012,406868,823880
202205,4호선,한대앞,245935,248854,494789
202205,4호선,한성대입구,344953,333971,678924
202205,4호선,혜화,795658,805754,1601412
202205,4호선,회현,593221,629720,1222941
202206,4호선,경마공원,56310,56963,113273
202206,4호선,고잔,202788,193288,396076
202206,4호선,과천,147953,136439,284392
202206,4호선,길음,477933,470531,948464
202206,4호선,남태령,29725,26484,56209
202206,4호선,노원,414295,470813,885108
202206,4호선,당고개,201205,178707,379912
202206,4호선,대공원,84702,87624,172326
202206,4호선,대야미,115909,103262,219171
202206,4호선,동대문,452550,461401,913951
202206,4호선,동대문역사문화공원,338509,304862,643371
202206,4호선,동작,39975,42460,82435
202206,4호선,명동,455706,471265,926971
202206,4호선,미아,335849,323897,659746
202206,4호선,미아사거리,605844,589085,1194929
202206,4호선,반월,99874,96235,196109
202206,4호선,범계,590001,588259,1178260
202206,4호선,사당,584686,500538,1085224
202206,4호선,산본,361223,388057,749280
202206,4호선,삼각지,122242,140988,263230
202206,4호선,상계,431338,399541,830879
202206,4호선,상록수,362359,364275,726634
202206,4호선,서울,261871,409617,671488
202206,4호선,선바위,185076,164743,349819
202206,4호선,성신여대입구,454614,437155,891769
202206,4호선,수리산,96240,79178,175418
202206,4호선,수유,748956,750117,1499073
202206,4호선,숙대입구,307346,295850,603196
202206,4호선,신길온천,41817,37975,79792
202206,4호선,신용산,395072,417216,812288
202206,4호선,쌍문,643209,592112,1235321
202206,4호선,안산,262394,239116,501510
202206,4호선,오이도,195712,189645,385357
202206,4호선,이촌,199726,217146,416872
202206,4호선,인덕원,550574,565979,1116553
202206,4호선,정부과천청사,243225,240977,484202
202206,4호선,정왕,209312,214838,424150
202206,4호선,중앙,409215,426262,835477
202206,4호선,창동,569170,602947,1172117
202206,4호선,초지,113712,117272,230984
202206,4호선,총신대입구,425005,460989,885994
202206,4호선,충무로,604090,633442,1237532
202206,4호선,평촌,400968,394459,795427
202206,4호선,한대앞,221142,221887,443029
202206,4호선,한성대입구,309485,302431,611916
202206,4호선,혜화,720763,727188,1447951
202206,4호선,회현,562757,590504,1153261
202207,4호선,경마공원,65958,67100,133058
202207,4호선,고잔,193567,183268,376835
202207,4호선,과천,142273,133551,275824
202207,4호선,길음,445950,434120,880070
202207,4호선,남태령,27760,26051,53811
202207,4호선,노원,397990,454561,852551
202207,4호선,당고개,195259,174501,369760
202207,4호선,대공원,62723,65551,128274
202207,4호선,대야미,108973,97141,206114
202207,4호선,동대문,441515,449292,890807
202207,4호선,동대문역사문화공원,337947,301354,639301
202207,4호선,동작,29160,31983,61143
202207,4호선,명동,437885,451699,889584
202207,4호선,미아,317508,305020,622528
202207,4호선,미아사거리,583066,570893,1153959
202207,4호선,반월,94270,91079,185349
202207,4호선,범계,568779,570860,1139639
202207,4호선,사당,555242,464569,1019811
202207,4호선,산본,345712,373464,719176
202207,4호선,삼각지,114907,129891,244798
202207,4호선,상계,412958,383135,796093
202207,4호선,상록수,334677,337523,672200
202207,4호선,서울,259846,400281,660127
202207,4호선,선바위,175359,155438,330797
202207,4호선,성신여대입구,422324,407995,830319
202207,4호선,수리산,90423,73757,164180
202207,4호선,수유,716878,722055,1438933
202207,4호선,숙대입구,282939,273633,556572
202207,4호선,신길온천,39443,35341,74784
202207,4호선,신용산,390990,408666,799656
202207,4호선,쌍문,613866,572760,1186626
202207,4호선,안산,253453,231936,485389
202207,4호선,오이도,186133,180491,366624
202207,4호선,이촌,196353,214547,410900
202207,4호선,인덕원,526614,546595,1073209
202207,4호선,정부과천청사,243154,241819,484973
202207,4호선,정왕,171728,179932,351660
202207,4호선,중앙,387860,406718,794578
202207,4호선,창동,550333,582524,1132857
202207,4호선,초지,104402,104878,209280
202207,4호선,총신대입구,410143,444624,854767
202207,4호선,충무로,567822,597238,1165060
202207,4호선,평촌,392586,387177,779763
202207,4호선,한대앞,194803,195446,390249
202207,4호선,한성대입구,280549,273726,554275
202207,4호선,혜화,720689,721053,1441742
202207,4호선,회현,538032,557476,1095508
202208,4호선,경마공원,57216,58177,115393
202208,4호선,고잔,195816,184750,380566
202208,4호선,과천,144344,136784,281128
202208,4호선,길음,449767,443033,892800
202208,4호선,남태령,29376,26052,55428
202208,4호선,노원,407796,464057,871853
202208,4호선,당고개,197873,176657,374530
202208,4호선,대공원,60781,63768,124549
202208,4호선,대야미,110696,99407,210103
202208,4호선,동대문,411021,419291,830312
202208,4호선,동대문역사문화공원,347961,306970,654931
202208,4호선,동작,30568,34018,64586
202208,4호선,명동,470537,487961,958498
202208,4호선,미아,322914,312294,635208
202208,4호선,미아사거리,591152,580913,1172065
202208,4호선,반월,93404,90135,183539
202208,4호선,범계,574884,578533,1153417
202208,4호선,사당,560052,465637,1025689
202208,4호선,산본,349072,377511,726583
202208,4호선,삼각지,121098,137551,258649
202208,4호선,상계,415442,390242,805684
202208,4호선,상록수,342339,346688,689027
202208,4호선,서울,263245,415780,679025
202208,4호선,선바위,175081,156074,331155
202208,4호선,성신여대입구,432147,421979,854126
202208,4호선,수리산,90342,74486,164828
202208,4호선,수유,733054,743652,1476706
202208,4호선,숙대입구,290889,282197,573086
202208,4호선,신길온천,39970,36031,76001
202208,4호선,신용산,406788,424484,831272
202208,4호선,쌍문,627685,589735,1217420
202208,4호선,안산,263031,241909,504940
202208,4호선,오이도,185842,180351,366193
202208,4호선,이촌,211771,229476,441247
202208,4호선,인덕원,527992,551333,1079325
202208,4호선,정부과천청사,246842,246840,493682
202208,4호선,정왕,171212,179395,350607
202208,4호선,중앙,392812,409915,802727
202208,4호선,창동,556537,590981,1147518
202208,4호선,초지,106081,106513,212594
202208,4호선,총신대입구,415618,451256,866874
202208,4호선,충무로,569174,597710,1166884
202208,4호선,평촌,389125,387577,776702
202208,4호선,한대앞,195451,195979,391430
202208,4호선,한성대입구,292492,281153,573645
202208,4호선,혜화,749518,751194,1500712
202208,4호선,회현,531035,547478,1078513
202209,4호선,경마공원,56867,56999,113866
202209,4호선,고잔,212535,200944,413479
202209,4호선,과천,147230,137800,285030
202209,4호선,길음,503106,508345,1011451
202209,4호선,남태령,29891,25096,54987
202209,4호선,노원,420106,482598,902704
202209,4호선,당고개,204827,182271,387098
202209,4호선,대공원,94710,98593,193303
202209,4호선,대야미,115763,103383,219146
202209,4호선,동대문,428362,434466,862828
202209,4호선,동대문역사문화공원,347641,304629,652270
202209,4호선,동작,34586,36954,71540
202209,4호선,명동,518826,540871,1059697
202209,4호선,미아,348155,336584,684739
202209,4호선,미아사거리,606464,594245,1200709
202209,4호선,반월,100490,96546,197036
202209,4호선,범계,591611,604438,1196049
202209,4호선,사당,585289,500654,1085943
202209,4호선,산본,361786,391791,753577
202209,4호선,삼각지,120562,138689,259251
202209,4호선,상계,431945,402989,834934
202209,4호선,상록수,377965,381164,759129
202209,4호선,서울,264352,410101,674453
202209,4호선,선바위,185832,164208,350040
202209,4호선,성신여대입구,494903,471541,966444
202209,4호선,수리산,95835,78484,174319
202209,4호선,수유,765938,770737,1536675
202209,4호선,숙대입구,342194,323396,665590
202209,4호선,신길온천,43531,39198,82729
202209,4호선,신용산,387446,407359,794805
202209,4호선,쌍문,649167,605109,1254276
202209,4호선,안산,271108,250802,521910
202209,4호선,오이도,199349,197050,396399
202209,4호선,이촌,174477,193151,367628
202209,4호선,인덕원,556038,576323,1132361
202209,4호선,정부과천청사,247032,247655,494687
202209,4호선,정왕,233649,236361,470010
202209,4호선,중앙,419476,444432,863908
202209,4호선,창동,573448,610206,1183654
202209,4호선,초지,122180,127700,249880
202209,4호선,총신대입구,431121,468156,899277
202209,4호선,충무로,655246,675608,1330854
202209,4호선,평촌,399724,392080,791804
202209,4호선,한대앞,236383,237845,474228
202209,4호선,한성대입구,337806,322547,660353
202209,4호선,혜화,784177,782316,1566493
202209,4호선,회현,552924,577113,1130037
202210,4호선,경마공원,56055,56206,112261
202210,4호선,고잔,208234,196740,404974
202210,4호선,과천,143318,134888,278206
202210,4호선,길음,485706,490563,976269
202210,4호선,남태령,28586,25213,53799
202210,4호선,노원,408578,467152,875730
202210,4호선,당고개,200251,178789,379040
202210,4호선,대공원,138487,139112,277599
202210,4호선,대야미,113294,102023,215317
202210,4호선,동대문,446665,453601,900266
202210,4호선,동대문역사문화공원,364140,318935,683075
202210,4호선,동작,33572,36673,70245
202210,4호선,명동,557329,578817,1136146
202210,4호선,미아,338522,329196,667718
202210,4호선,미아사거리,589494,577012,1166506
202210,4호선,반월,96669,94247,190916
202210,4호선,범계,582607,593872,1176479
202210,4호선,사당,579122,495267,1074389
202210,4호선,산본,356814,385676,742490
202210,4호선,삼각지,119865,138669,258534
202210,4호선,상계,419132,391733,810865
202210,4호선,상록수,365335,368481,733816
202210,4호선,서울,267404,424541,691945
202210,4호선,선바위,184406,162865,347271
202210,4호선,성신여대입구,470278,437670,907948
202210,4호선,수리산,93519,77853,171372
202210,4호선,수유,743764,748587,1492351
202210,4호선,숙대입구,326623,313360,639983
202210,4호선,신길온천,42487,39003,81490
202210,4호선,신용산,387433,404324,791757
202210,4호선,쌍문,631707,589405,1221112
202210,4호선,안산,258014,234271,492285
202210,4호선,오이도,193971,189441,383412
202210,4호선,이촌,184367,202530,386897
202210,4호선,인덕원,551522,571584,1123106
202210,4호선,정부과천청사,237797,240920,478717
202210,4호선,정왕,222612,229037,451649
202210,4호선,중앙,409526,431229,840755
202210,4호선,창동,552460,586631,1139091
202210,4호선,초지,119181,124574,243755
202210,4호선,총신대입구,419329,458247,877576
202210,4호선,충무로,630005,649984,1279989
202210,4호선,평촌,392429,386555,778984
202210,4호선,한대앞,226636,228092,454728
202210,4호선,한성대입구,323097,311051,634148
202210,4호선,혜화,775650,769897,1545547
202210,4호선,회현,572072,596198,1168270
202211,4호선,경마공원,58877,58974,117851
202211,4호선,고잔,223066,211401,434467
202211,4호선,과천,151138,144169,295307
202211,4호선,길음,523848,530244,1054092
202211,4호선,남태령,31257,27471,58728
202211,4호선,노원,438383,502896,941279
202211,4호선,당고개,214188,191016,405204
202211,4호선,대공원,85571,88707,174278
202211,4호선,대야미,118785,106792,225577
202211,4호선,동대문,458149,466954,925103
202211,4호선,동대문역사문화공원,379332,333137,712469
202211,4호선,동작,33622,36816,70438
202211,4호선,명동,601384,622173,1223557
202211,4호선,미아,360447,352579,713026
202211,4호선,미아사거리,624740,615398,1240138
202211,4호선,반월,101637,98754,200391
202211,4호선,범계,615315,628938,1244253
202211,4호선,사당,631973,537994,1169967
202211,4호선,산본,375691,408427,784118
202211,4호선,삼각지,134337,153261,287598
202211,4호선,상계,451020,422447,873467
202211,4호선,상록수,387999,393606,781605
202211,4호선,서울,292729,453508,746237
202211,4호선,선바위,198323,176212,374535
202211,4호선,성신여대입구,507710,484693,992403
202211,4호선,수리산,99163,81266,180429
202211,4호선,수유,799373,805311,1604684
202211,4호선,숙대입구,354620,340775,695395
202211,4호선,신길온천,44862,41493,86355
202211,4호선,신용산,421361,436139,857500
202211,4호선,쌍문,683897,637436,1321333
202211,4호선,안산,270894,245684,516578
202211,4호선,오이도,199478,195458,394936
202211,4호선,이촌,209451,230468,439919
202211,4호선,인덕원,586699,613164,1199863
202211,4호선,정부과천청사,257010,259400,516410
202211,4호선,정왕,238984,242633,481617
202211,4호선,중앙,431258,456699,887957
202211,4호선,창동,593742,629972,1223714
202211,4호선,초지,127112,133690,260802
202211,4호선,총신대입구,450432,493571,944003
202211,4호선,충무로,705581,722518,1428099
202211,4호선,평촌,428240,420921,849161
202211,4호선,한대앞,244388,245639,490027
202211,4호선,한성대입구,348512,333519,682031
202211,4호선,혜화,830208,821480,1651688
202211,4호선,회현,605710,628003,1233713
202212,4호선,경마공원,53292,54431,107723
202212,4호선,고잔,209493,198005,407498
202212,4호선,과천,151501,145268,296769
202212,4호선,길음,497888,496323,994211
202212,4호선,남태령,30881,28516,59397
202212,4호선,노원,438630,503501,942131
202212,4호선,당고개,210424,189147,399571
202212,4호선,대공원,60244,61669,121913
202212,4호선,대야미,112791,101762,214553
202212,4호선,동대문,456759,468858,925617
202212,4호선,동대문역사문화공원,399531,348659,748190
202212,4호선,동작,26935,29688,56623
202212,4호선,명동,642755,682029,1324784
202212,4호선,미아,349269,341012,690281
202212,4호선,미아사거리,625592,622637,1248229
202212,4호선,반월,98665,95617,194282
202212,4호선,범계,613821,621390,1235211
202212,4호선,사당,634915,547288,1182203
202212,4호선,산본,368964,398884,767848
202212,4호선,삼각지,143069,162848,305917
202212,4호선,상계,442188,414975,857163
202212,4호선,상록수,361115,368035,729150
202212,4호선,서울,287642,464171,751813
202212,4호선,선바위,188717,169323,358040
202212,4호선,성신여대입구,487880,471892,959772
202212,4호선,수리산,94125,78517,172642
202212,4호선,수유,791211,801966,1593177
202212,4호선,숙대입구,334342,320568,654910
202212,4호선,신길온천,41324,38074,79398
202212,4호선,신용산,433765,446632,880397
202212,4호선,쌍문,677520,636711,1314231
202212,4호선,안산,259555,237746,497301
202212,4호선,오이도,187274,184990,372264
202212,4호선,이촌,222580,240598,463178
202212,4호선,인덕원,573490,596134,1169624
202212,4호선,정부과천청사,257762,259777,517539
202212,4호선,정왕,207674,209353,417027
202212,4호선,중앙,417236,439548,856784
202212,4호선,창동,583189,619687,1202876
202212,4호선,초지,116312,119459,235771
202212,4호선,총신대입구,440329,484304,924633
202212,4호선,충무로,675594,696259,1371853
202212,4호선,평촌,419769,413655,833424
202212,4호선,한대앞,223300,224370,447670
202212,4호선,한성대입구,318236,306546,624782
202212,4호선,혜화,845313,833126,1678439
202212,4호선,회현,616027,636935,1252962
202201,5호선,강동,374487,359240,733727
202201,5호선,강일,77502,75954,153456
202201,5호선,개롱,127430,134186,261616
202201,5호선,개화산,110711,106635,217346
202201,5호선,거여,185882,176483,362365
202201,5호선,고덕,186172,189090,375262
202201,5호선,공덕,282353,299126,581479
202201,5호선,광나루,261566,237174,498740
202201,5호선,광화문,596375,615146,1211521
202201,5호선,군자,225057,245955,471012
202201,5호선,굽은다리,191345,183423,374768
202201,5호선,길동,163644,171734,335378
202201,5호선,김포공항,149869,145183,295052
202201,5호선,까치산,577675,560059,1137734
202201,5호선,답십리,324827,299007,623834
202201,5호선,동대문역사문화공원,61713,71047,132760
202201,5호선,둔촌동,174764,175027,349791
202201,5호선,마곡,222960,218406,441366
202201,5호선,마장,115501,109042,224543
202201,5호선,마천,136825,135183,272008
202201,5호선,마포,296274,302975,599249
202201,5호선,명일,171172,178686,349858
202201,5호선,목동,338594,368414,707008
202201,5호선,미사,322165,319651,641816
202201,5호선,발산,410057,414275,824332
202201,5호선,방이,146864,151339,298203
202201,5호선,방화,131101,127055,258156
202201,5호선,상일동,312077,288229,600306
202201,5호선,서대문,384701,391091,775792
202201,5호선,송정,130699,122700,253399
202201,5호선,신금호,125696,131214,256910
202201,5호선,신길,83349,90798,174147
202201,5호선,신정,278768,227652,506420
202201,5호선,아차산,280300,274203,554503
202201,5호선,애오개,137304,138800,276104
202201,5호선,양평,155608,155908,311516
202201,5호선,여의나루,176010,193854,369864
202201,5호선,여의도,597188,614405,1211593
202201,5호선,영등포구청,79303,81497,160800
202201,5호선,영등포시장,204043,210139,414182
202201,5호선,오금,74287,74685,148972
202201,5호선,오목교,444886,474112,918998
202201,5호선,올림픽공원,83290,72110,155400
202201,5호선,왕십리,93538,103751,197289
202201,5호선,우장산,284407,283842,568249
202201,5호선,을지로4가,124626,125999,250625
202201,5호선,장한평,376534,375457,751991
202201,5호선,종로3가,248617,242897,491514
202201,5호선,천호,361331,357296,718627
202201,5호선,청구,80474,73783,154257
202201,5호선,충정로,96298,97926,194224
202201,5호선,하남검단산,107971,104756,212727
202201,5호선,하남시청,127403,124627,252030
202201,5호선,하남풍산,85214,85857,171071
202201,5호선,행당,162943,147543,310486
202201,5호선,화곡,566262,533963,1100225
202202,5호선,강동,322581,311937,634518
202202,5호선,강일,67465,66833,134298
202202,5호선,개롱,110887,117245,228132
202202,5호선,개화산,98311,94849,193160
202202,5호선,거여,163539,157116,320655
202202,5호선,고덕,159934,163404,323338
202202,5호선,공덕,235082,248130,483212
202202,5호선,광나루,224460,204660,429120
202202,5호선,광화문,494595,503562,998157
202202,5호선,군자,194114,213935,408049
202202,5호선,굽은다리,165161,159006,324167
202202,5호선,길동,140274,148164,288438
202202,5호선,김포공항,139903,130476,270379
202202,5호선,까치산,506243,495403,1001646
202202,5호선,답십리,278700,259608,538308
202202,5호선,동대문역사문화공원,49990,57261,107251
202202,5호선,둔촌동,149387,151406,300793
202202,5호선,마곡,189393,186485,375878
202202,5호선,마장,95314,89275,184589
202202,5호선,마천,120384,119549,239933
202202,5호선,마포,250041,255933,505974
202202,5호선,명일,146757,154670,301427
202202,5호선,목동,290856,315824,606680
202202,5호선,미사,273805,275712,549517
202202,5호선,발산,352743,356810,709553
202202,5호선,방이,124186,128951,253137
202202,5호선,방화,114086,109969,224055
202202,5호선,상일동,259486,244370,503856
202202,5호선,서대문,321983,323121,645104
202202,5호선,송정,115018,109930,224948
202202,5호선,신금호,109644,115942,225586
202202,5호선,신길,71293,79009,150302
202202,5호선,신정,243457,202011,445468
202202,5호선,아차산,249945,245054,494999
202202,5호선,애오개,117600,120275,237875
202202,5호선,양평,131400,131947,263347
202202,5호선,여의나루,146696,165194,311890
202202,5호선,여의도,495112,506212,1001324
202202,5호선,영등포구청,68874,69936,138810
202202,5호선,영등포시장,175533,181515,357048
202202,5호선,오금,63229,63109,126338
202202,5호선,오목교,377086,401303,778389
202202,5호선,올림픽공원,70302,61278,131580
202202,5호선,왕십리,80400,89250,169650
202202,5호선,우장산,244407,245451,489858
202202,5호선,을지로4가,104412,103592,208004
202202,5호선,장한평,324933,326219,651152
202202,5호선,종로3가,209649,206339,415988
202202,5호선,천호,312108,308713,620821
202202,5호선,청구,71444,64903,136347
202202,5호선,충정로,81567,83072,164639
202202,5호선,하남검단산,95298,92505,187803
202202,5호선,하남시청,112660,110525,223185
202202,5호선,하남풍산,73155,73642,146797
202202,5호선,행당,139504,127063,266567
202202,5호선,화곡,495889,469581,965470
202203,5호선,강동,379080,364813,743893
202203,5호선,강일,82730,78454,161184
202203,5호선,개롱,130299,136042,266341
202203,5호선,개화산,114830,110697,225527
202203,5호선,거여,205849,197014,402863
202203,5호선,고덕,193934,193550,387484
202203,5호선,공덕,273955,289152,563107
202203,5호선,광나루,269524,246718,516242
202203,5호선,광화문,571314,596466,1167780
202203,5호선,군자,228948,251708,480656
202203,5호선,굽은다리,192366,183464,375830
202203,5호선,길동,164291,171420,335711
202203,5호선,김포공항,139859,134943,274802
202203,5호선,까치산,592545,570598,1163143
202203,5호선,답십리,325454,300552,626006
202203,5호선,동대문역사문화공원,57114,65967,123081
202203,5호선,둔촌동,175386,175608,350994
202203,5호선,마곡,216470,216050,432520
202203,5호선,마장,117704,111212,228916
202203,5호선,마천,146759,143099,289858
202203,5호선,마포,285786,292890,578676
202203,5호선,명일,175199,181360,356559
202203,5호선,목동,337647,364422,702069
202203,5호선,미사,320787,322137,642924
202203,5호선,발산,413660,420689,834349
202203,5호선,방이,143173,148556,291729
202203,5호선,방화,134907,130123,265030
202203,5호선,상일동,299461,282773,582234
202203,5호선,서대문,380816,383097,763913
202203,5호선,송정,133440,127085,260525
202203,5호선,신금호,132062,137782,269844
202203,5호선,신길,83565,90121,173686
202203,5호선,신정,283630,233110,516740
202203,5호선,아차산,309100,299749,608849
202203,5호선,애오개,136652,137608,274260
202203,5호선,양평,152116,149977,302093
202203,5호선,여의나루,202301,224299,426600
202203,5호선,여의도,552530,578692,1131222
202203,5호선,영등포구청,80256,82161,162417
202203,5호선,영등포시장,201588,206685,408273
202203,5호선,오금,78065,77391,155456
202203,5호선,오목교,424208,454666,878874
202203,5호선,올림픽공원,87814,75851,163665
202203,5호선,왕십리,93254,105776,199030
202203,5호선,우장산,297138,293020,590158
202203,5호선,을지로4가,123508,124393,247901
202203,5호선,장한평,375528,373342,748870
202203,5호선,종로3가,239025,238869,477894
202203,5호선,천호,359144,358265,717409
202203,5호선,청구,83479,75396,158875
202203,5호선,충정로,95728,96900,192628
202203,5호선,하남검단산,114005,110321,224326
202203,5호선,하남시청,136736,134252,270988
202203,5호선,하남풍산,87705,87320,175025
202203,5호선,행당,162978,146563,309541
202203,5호선,화곡,582243,547025,1129268
202204,5호선,강동,393014,376356,769370
202204,5호선,강일,89315,83577,172892
202204,5호선,개롱,137191,142059,279250
202204,5호선,개화산,120110,114219,234329
202204,5호선,거여,219800,207897,427697
202204,5호선,고덕,205794,202695,408489
202204,5호선,공덕,299675,319495,619170
202204,5호선,광나루,288861,261313,550174
202204,5호선,광화문,614441,648640,1263081
202204,5호선,군자,235527,260008,495535
202204,5호선,굽은다리,199600,187737,387337
202204,5호선,길동,167805,173823,341628
202204,5호선,김포공항,147737,145426,293163
202204,5호선,까치산,611799,579584,1191383
202204,5호선,답십리,336187,305834,642021
202204,5호선,동대문역사문화공원,59465,69448,128913
202204,5호선,둔촌동,178058,177185,355243
202204,5호선,마곡,224798,226372,451170
202204,5호선,마장,122054,115126,237180
202204,5호선,마천,155231,147448,302679
202204,5호선,마포,308037,316786,624823
202204,5호선,명일,185105,190535,375640
202204,5호선,목동,356272,380710,736982
202204,5호선,미사,340365,339341,679706
202204,5호선,발산,430914,445146,876060
202204,5호선,방이,148437,153560,301997
202204,5호선,방화,142140,135266,277406
202204,5호선,상일동,317595,294528,612123
202204,5호선,서대문,419073,421817,840890
202204,5호선,송정,139078,130351,269429
202204,5호선,신금호,139984,144152,284136
202204,5호선,신길,89069,92696,181765
202204,5호선,신정,296935,239222,536157
202204,5호선,아차산,321929,308699,630628
202204,5호선,애오개,145498,145937,291435
202204,5호선,양평,160480,156867,317347
202204,5호선,여의나루,315558,346016,661574
202204,5호선,여의도,607751,650049,1257800
202204,5호선,영등포구청,86010,87853,173863
202204,5호선,영등포시장,212653,217696,430349
202204,5호선,오금,81225,82049,163274
202204,5호선,오목교,445261,479562,924823
202204,5호선,올림픽공원,95136,81992,177128
202204,5호선,왕십리,96102,111668,207770
202204,5호선,우장산,314816,306917,621733
202204,5호선,을지로4가,131500,133192,264692
202204,5호선,장한평,391482,386016,777498
202204,5호선,종로3가,255343,259912,515255
202204,5호선,천호,370932,374263,745195
202204,5호선,청구,86135,77369,163504
202204,5호선,충정로,102552,105214,207766
202204,5호선,하남검단산,119482,114141,233623
202204,5호선,하남시청,144588,140357,284945
202204,5호선,하남풍산,91718,90057,181775
202204,5호선,행당,172355,151956,324311
202204,5호선,화곡,604456,560186,1164642
202205,5호선,강동,427110,406951,834061
202205,5호선,강일,104026,95928,199954
202205,5호선,개롱,152384,155327,307711
202205,5호선,개화산,132264,124484,256748
202205,5호선,거여,244121,229898,474019
202205,5호선,고덕,229535,225730,455265
202205,5호선,공덕,329507,350236,679743
202205,5호선,광나루,326486,294996,621482
202205,5호선,광화문,713688,758346,1472034
202205,5호선,군자,259676,286276,545952
202205,5호선,굽은다리,223854,211948,435802
202205,5호선,길동,184915,190586,375501
202205,5호선,김포공항,171320,169312,340632
202205,5호선,까치산,670063,629238,1299301
202205,5호선,답십리,367221,331103,698324
202205,5호선,동대문역사문화공원,64066,76628,140694
202205,5호선,둔촌동,190469,188421,378890
202205,5호선,마곡,246242,248166,494408
202205,5호선,마장,134613,126523,261136
202205,5호선,마천,172072,161515,333587
202205,5호선,마포,332355,340410,672765
202205,5호선,명일,205708,209548,415256
202205,5호선,목동,394077,415913,809990
202205,5호선,미사,379255,376281,755536
202205,5호선,발산,476059,496378,972437
202205,5호선,방이,162215,167062,329277
202205,5호선,방화,157230,149058,306288
202205,5호선,상일동,351906,323218,675124
202205,5호선,서대문,459856,468901,928757
202205,5호선,송정,152034,141759,293793
202205,5호선,신금호,153408,157053,310461
202205,5호선,신길,96863,100195,197058
202205,5호선,신정,324831,258361,583192
202205,5호선,아차산,363785,345772,709557
202205,5호선,애오개,156554,155374,311928
202205,5호선,양평,171197,166221,337418
202205,5호선,여의나루,358446,388188,746634
202205,5호선,여의도,649100,705919,1355019
202205,5호선,영등포구청,92828,95917,188745
202205,5호선,영등포시장,232493,237936,470429
202205,5호선,오금,87346,88726,176072
202205,5호선,오목교,498573,533692,1032265
202205,5호선,올림픽공원,110412,97247,207659
202205,5호선,왕십리,104339,124494,228833
202205,5호선,우장산,347603,335927,683530
202205,5호선,을지로4가,143289,147276,290565
202205,5호선,장한평,422114,413819,835933
202205,5호선,종로3가,307986,308879,616865
202205,5호선,천호,420255,423529,843784
202205,5호선,청구,94051,83912,177963
202205,5호선,충정로,108178,110152,218330
202205,5호선,하남검단산,138787,130992,269779
202205,5호선,하남시청,165076,157299,322375
202205,5호선,하남풍산,100059,96885,196944
202205,5호선,행당,190067,164896,354963
202205,5호선,화곡,662961,609505,1272466
202206,5호선,강동,414787,398340,813127
202206,5호선,강일,102924,100182,203106
202206,5호선,개롱,147752,152163,299915
202206,5호선,개화산,129502,122344,251846
202206,5호선,거여,234876,224558,459434
202206,5호선,고덕,219706,216653,436359
202206,5호선,공덕,324420,342805,667225
202206,5호선,광나루,305031,277377,582408
202206,5호선,광화문,695331,734038,1429369
202206,5호선,군자,251718,276534,528252
202206,5호선,굽은다리,216685,207167,423852
202206,5호선,길동,179499,185524,365023
202206,5호선,김포공항,172131,168110,340241
202206,5호선,까치산,648215,613782,1261997
202206,5호선,답십리,355735,322734,678469
202206,5호선,동대문역사문화공원,64943,76330,141273
202206,5호선,둔촌동,182157,182481,364638
202206,5호선,마곡,238951,240392,479343
202206,5호선,마장,127433,119827,247260
202206,5호선,마천,166900,158298,325198
202206,5호선,마포,326057,333965,660022
202206,5호선,명일,198890,205081,403971
202206,5호선,목동,382530,406350,788880
202206,5호선,미사,368510,370713,739223
202206,5호선,발산,462951,480875,943826
202206,5호선,방이,159928,165244,325172
202206,5호선,방화,152064,145955,298019
202206,5호선,상일동,340295,310662,650957
202206,5호선,서대문,440716,446492,887208
202206,5호선,송정,148305,137400,285705
202206,5호선,신금호,148561,153208,301769
202206,5호선,신길,94536,99823,194359
202206,5호선,신정,315393,256227,571620
202206,5호선,아차산,329697,316765,646462
202206,5호선,애오개,152288,150923,303211
202206,5호선,양평,166756,164705,331461
202206,5호선,여의나루,256863,285933,542796
202206,5호선,여의도,633736,679681,1313417
202206,5호선,영등포구청,90257,93317,183574
202206,5호선,영등포시장,227838,235400,463238
202206,5호선,오금,85103,86625,171728
202206,5호선,오목교,483020,516115,999135
202206,5호선,올림픽공원,102439,87930,190369
202206,5호선,왕십리,101314,117350,218664
202206,5호선,우장산,332537,324212,656749
202206,5호선,을지로4가,138633,142544,281177
202206,5호선,장한평,412396,409643,822039
202206,5호선,종로3가,293159,288639,581798
202206,5호선,천호,405759,405838,811597
202206,5호선,청구,90072,81810,171882
202206,5호선,충정로,102959,104729,207688
202206,5호선,하남검단산,133327,126675,260002
202206,5호선,하남시청,159701,154676,314377
202206,5호선,하남풍산,96020,94701,190721
202206,5호선,행당,184773,162308,347081
202206,5호선,화곡,638085,591401,1229486
202207,5호선,강동,407792,389858,797650
202207,5호선,강일,98138,95632,193770
202207,5호선,개롱,145073,149097,294170
202207,5호선,개화산,125200,118253,243453
202207,5호선,거여,224745,214036,438781
202207,5호선,고덕,216906,214460,431366
202207,5호선,공덕,322376,339445,661821
202207,5호선,광나루,288021,261048,549069
202207,5호선,광화문,689451,728380,1417831
202207,5호선,군자,242307,265060,507367
202207,5호선,굽은다리,214118,205006,419124
202207,5호선,길동,176363,182939,359302
202207,5호선,김포공항,173452,167506,340958
202207,5호선,까치산,630688,596834,1227522
202207,5호선,답십리,351130,317268,668398
202207,5호선,동대문역사문화공원,68160,79391,147551
202207,5호선,둔촌동,177247,178566,355813
202207,5호선,마곡,239903,241998,481901
202207,5호선,마장,122069,113147,235216
202207,5호선,마천,160126,151652,311778
202207,5호선,마포,319542,328108,647650
202207,5호선,명일,190830,196099,386929
202207,5호선,목동,370465,393099,763564
202207,5호선,미사,358520,362241,720761
202207,5호선,발산,457424,477214,934638
202207,5호선,방이,155181,162037,317218
202207,5호선,방화,149337,142724,292061
202207,5호선,상일동,331939,303699,635638
202207,5호선,서대문,433492,440298,873790
202207,5호선,송정,143736,132362,276098
202207,5호선,신금호,141774,146012,287786
202207,5호선,신길,94969,99581,194550
202207,5호선,신정,307158,248020,555178
202207,5호선,아차산,310327,297933,608260
202207,5호선,애오개,151015,150047,301062
202207,5호선,양평,165611,163847,329458
202207,5호선,여의나루,251787,278984,530771
202207,5호선,여의도,646484,691544,1338028
202207,5호선,영등포구청,88348,91135,179483
202207,5호선,영등포시장,224792,231981,456773
202207,5호선,오금,82075,82908,164983
202207,5호선,오목교,479752,511992,991744
202207,5호선,올림픽공원,93865,79480,173345
202207,5호선,왕십리,98679,114559,213238
202207,5호선,우장산,320321,313468,633789
202207,5호선,을지로4가,135951,139697,275648
202207,5호선,장한평,410211,406983,817194
202207,5호선,종로3가,284124,282454,566578
202207,5호선,천호,397825,399761,797586
202207,5호선,청구,86281,79933,166214
202207,5호선,충정로,99785,101032,200817
202207,5호선,하남검단산,129765,123195,252960
202207,5호선,하남시청,154402,148920,303322
202207,5호선,하남풍산,93638,92991,186629
202207,5호선,행당,180160,158806,338966
202207,5호선,화곡,625656,578309,1203965
202208,5호선,강동,415782,401756,817538
202208,5호선,강일,101114,98294,199408
202208,5호선,개롱,143981,150080,294061
202208,5호선,개화산,127293,120485,247778
202208,5호선,거여,225020,215948,440968
202208,5호선,고덕,217291,217255,434546
202208,5호선,공덕,321976,340486,662462
202208,5호선,광나루,296397,270357,566754
202208,5호선,광화문,743119,767168,1510287
202208,5호선,군자,247301,272077,519378
202208,5호선,굽은다리,214066,207013,421079
202208,5호선,길동,179850,188382,368232
202208,5호선,김포공항,179675,171170,350845
202208,5호선,까치산,644586,612067,1256653
202208,5호선,답십리,363376,331589,694965
202208,5호선,동대문역사문화공원,71429,81827,153256
202208,5호선,둔촌동,180718,181721,362439
202208,5호선,마곡,241272,243129,484401
202208,5호선,마장,125371,116701,242072
202208,5호선,마천,160421,154376,314797
202208,5호선,마포,324423,332427,656850
202208,5호선,명일,189914,199291,389205
202208,5호선,목동,375575,401238,776813
202208,5호선,미사,366305,372499,738804
202208,5호선,발산,463793,482906,946699
202208,5호선,방이,158132,165407,323539
202208,5호선,방화,151618,145234,296852
202208,5호선,상일동,333573,309515,643088
202208,5호선,서대문,438728,441989,880717
202208,5호선,송정,146403,135414,281817
202208,5호선,신금호,141366,147464,288830
202208,5호선,신길,96973,101743,198716
202208,5호선,신정,308814,252347,561161
202208,5호선,아차산,315120,305587,620707
202208,5호선,애오개,152198,151740,303938
202208,5호선,양평,168554,166157,334711
202208,5호선,여의나루,264905,298817,563722
202208,5호선,여의도,677678,714305,1391983
202208,5호선,영등포구청,93945,92757,186702
202208,5호선,영등포시장,229362,235559,464921
202208,5호선,오금,82401,82821,165222
202208,5호선,오목교,491309,524171,1015480
202208,5호선,올림픽공원,99757,87001,186758
202208,5호선,왕십리,99722,115148,214870
202208,5호선,우장산,326554,322619,649173
202208,5호선,을지로4가,137998,141113,279111
202208,5호선,장한평,414493,411407,825900
202208,5호선,종로3가,290075,286938,577013
202208,5호선,천호,407102,405714,812816
202208,5호선,청구,86249,80594,166843
202208,5호선,충정로,105404,106554,211958
202208,5호선,하남검단산,131858,125649,257507
202208,5호선,하남시청,154915,150055,304970
202208,5호선,하남풍산,93969,93132,187101
202208,5호선,행당,183206,163551,346757
202208,5호선,화곡,639465,594565,1234030
202209,5호선,강동,411934,395381,807315
202209,5호선,강일,109931,104377,214308
202209,5호선,개롱,147420,152967,300387
202209,5호선,개화산,128319,121430,249749
202209,5호선,거여,233081,221483,454564
202209,5호선,고덕,222122,219885,442007
202209,5호선,공덕,319237,337844,657081
202209,5호선,광나루,309054,283432,592486
202209,5호선,광화문,716531,747633,1464164
202209,5호선,군자,251515,275267,526782
202209,5호선,굽은다리,215073,203754,418827
202209,5호선,길동,179290,186718,366008
202209,5호선,김포공항,161416,158543,319959
202209,5호선,까치산,649806,611005,1260811
202209,5호선,답십리,362075,327805,689880
202209,5호선,동대문역사문화공원,67459,78677,146136
202209,5호선,둔촌동,184502,184768,369270
202209,5호선,마곡,238466,241957,480423
202209,5호선,마장,134077,126760,260837
202209,5호선,마천,167093,158889,325982
202209,5호선,마포,317377,324313,641690
202209,5호선,명일,195968,203019,398987
202209,5호선,목동,385385,408625,794010
202209,5호선,미사,373613,377444,751057
202209,5호선,발산,459331,480404,939735
202209,5호선,방이,160455,165546,326001
202209,5호선,방화,151630,144338,295968
202209,5호선,상일동,336822,310303,647125
202209,5호선,서대문,455135,458475,913610
202209,5호선,송정,146713,135722,282435
202209,5호선,신금호,147279,152136,299415
202209,5호선,신길,94778,99253,194031
202209,5호선,신정,314557,254270,568827
202209,5호선,아차산,335273,321012,656285
202209,5호선,애오개,152312,149760,302072
202209,5호선,양평,166599,163290,329889
202209,5호선,여의나루,312531,333453,645984
202209,5호선,여의도,626448,673847,1300295
202209,5호선,영등포구청,91683,93483,185166
202209,5호선,영등포시장,225967,232905,458872
202209,5호선,오금,84827,85640,170467
202209,5호선,오목교,487880,523684,1011564
202209,5호선,올림픽공원,113062,99695,212757
202209,5호선,왕십리,100215,115271,215486
202209,5호선,우장산,336506,329432,665938
202209,5호선,을지로4가,139632,143182,282814
202209,5호선,장한평,417297,412319,829616
202209,5호선,종로3가,289476,292843,582319
202209,5호선,천호,405755,408852,814607
202209,5호선,청구,88858,80866,169724
202209,5호선,충정로,106390,108711,215101
202209,5호선,하남검단산,137139,130554,267693
202209,5호선,하남시청,164419,158914,323333
202209,5호선,하남풍산,96110,94724,190834
202209,5호선,행당,184947,163055,348002
202209,5호선,화곡,648301,598146,1246447
202210,5호선,강동,404871,390772,795643
202210,5호선,강일,111037,103833,214870
202210,5호선,개롱,142722,148407,291129
202210,5호선,개화산,124441,117866,242307
202210,5호선,거여,223245,215011,438256
202210,5호선,고덕,217649,216080,433729
202210,5호선,공덕,315702,332052,647754
202210,5호선,광나루,305844,281665,587509
202210,5호선,광화문,727838,757109,1484947
202210,5호선,군자,246672,269897,516569
202210,5호선,굽은다리,207532,198133,405665
202210,5호선,길동,172578,180185,352763
202210,5호선,김포공항,162804,157873,320677
202210,5호선,까치산,629644,598175,1227819
202210,5호선,답십리,348888,316772,665660
202210,5호선,동대문역사문화공원,67029,77679,144708
202210,5호선,둔촌동,180949,181621,362570
202210,5호선,마곡,234985,236360,471345
202210,5호선,마장,129917,121947,251864
202210,5호선,마천,163934,155936,319870
202210,5호선,마포,312297,317844,630141
202210,5호선,명일,190877,197731,388608
202210,5호선,목동,374429,400218,774647
202210,5호선,미사,367027,371009,738036
202210,5호선,발산,451497,470904,922401
202210,5호선,방이,154899,160169,315068
202210,5호선,방화,147408,141279,288687
202210,5호선,상일동,323834,302928,626762
202210,5호선,서대문,440832,444866,885698
202210,5호선,송정,142598,132218,274816
202210,5호선,신금호,142392,149299,291691
202210,5호선,신길,93920,98604,192524
202210,5호선,신정,304977,247435,552412
202210,5호선,아차산,327170,315992,643162
202210,5호선,애오개,147692,145666,293358
202210,5호선,양평,160500,157201,317701
202210,5호선,여의나루,271670,298324,569994
202210,5호선,여의도,614499,653868,1268367
202210,5호선,영등포구청,90234,91379,181613
202210,5호선,영등포시장,222546,229387,451933
202210,5호선,오금,81756,83164,164920
202210,5호선,오목교,468949,501518,970467
202210,5호선,올림픽공원,106066,94156,200222
202210,5호선,왕십리,96824,110692,207516
202210,5호선,우장산,324932,318894,643826
202210,5호선,을지로4가,139241,140886,280127
202210,5호선,장한평,407767,403409,811176
202210,5호선,종로3가,301200,294474,595674
202210,5호선,천호,392758,395381,788139
202210,5호선,청구,87691,79765,167456
202210,5호선,충정로,101961,103691,205652
202210,5호선,하남검단산,133195,126333,259528
202210,5호선,하남시청,160742,156735,317477
202210,5호선,하남풍산,92070,90806,182876
202210,5호선,행당,180277,159062,339339
202210,5호선,화곡,631181,586075,1217256
202211,5호선,강동,434047,418313,852360
202211,5호선,강일,118989,113035,232024
202211,5호선,개롱,152299,161071,313370
202211,5호선,개화산,135260,128444,263704
202211,5호선,거여,237591,234118,471709
202211,5호선,고덕,232620,234508,467128
202211,5호선,공덕,346917,365445,712362
202211,5호선,광나루,326718,303539,630257
202211,5호선,광화문,770469,789306,1559775
202211,5호선,군자,265158,293869,559027
202211,5호선,굽은다리,218311,210682,428993
202211,5호선,길동,181837,193694,375531
202211,5호선,김포공항,162941,156817,319758
202211,5호선,까치산,679504,650514,1330018
202211,5호선,답십리,375446,346233,721679
202211,5호선,동대문역사문화공원,75261,85026,160287
202211,5호선,둔촌동,197739,200616,398355
202211,5호선,마곡,258880,258747,517627
202211,5호선,마장,140580,133655,274235
202211,5호선,마천,176021,168820,344841
202211,5호선,마포,345952,351151,697103
202211,5호선,명일,204674,215431,420105
202211,5호선,목동,399747,432191,831938
202211,5호선,미사,386761,396635,783396
202211,5호선,발산,498344,512287,1010631
202211,5호선,방이,164048,172801,336849
202211,5호선,방화,159048,152058,311106
202211,5호선,상일동,344573,328263,672836
202211,5호선,서대문,494672,493566,988238
202211,5호선,송정,151047,140357,291404
202211,5호선,신금호,153234,161190,314424
202211,5호선,신길,102413,108976,211389
202211,5호선,신정,328956,267997,596953
202211,5호선,아차산,338995,327630,666625
202211,5호선,애오개,162935,162059,324994
202211,5호선,양평,176514,171844,348358
202211,5호선,여의나루,283254,321125,604379
202211,5호선,여의도,718315,736738,1455053
202211,5호선,영등포구청,101283,100672,201955
202211,5호선,영등포시장,242108,247775,489883
202211,5호선,오금,88487,89782,178269
202211,5호선,오목교,501510,537395,1038905
202211,5호선,올림픽공원,110477,95903,206380
202211,5호선,왕십리,104429,120254,224683
202211,5호선,우장산,351297,345333,696630
202211,5호선,을지로4가,153477,152186,305663
202211,5호선,장한평,443198,438756,881954
202211,5호선,종로3가,313534,306725,620259
202211,5호선,천호,412763,418188,830951
202211,5호선,청구,94331,85645,179976
202211,5호선,충정로,112452,115676,228128
202211,5호선,하남검단산,138859,133157,272016
202211,5호선,하남시청,169892,166459,336351
202211,5호선,하남풍산,98246,98424,196670
202211,5호선,행당,194777,173295,368072
202211,5호선,화곡,681042,635962,1317004
202212,5호선,강동,435188,416734,851922
202212,5호선,강일,121804,112346,234150
202212,5호선,개롱,152032,158275,310307
202212,5호선,개화산,132735,126224,258959
202212,5호선,거여,242063,232297,474360
202212,5호선,고덕,235641,231809,467450
202212,5호선,공덕,350746,370289,721035
202212,5호선,광나루,323253,297194,620447
202212,5호선,광화문,815883,845516,1661399
202212,5호선,군자,272105,299144,571249
202212,5호선,굽은다리,228137,220218,448355
202212,5호선,길동,187488,196266,383754
202212,5호선,김포공항,174147,166744,340891
202212,5호선,까치산,671728,643906,1315634
202212,5호선,답십리,380800,347350,728150
202212,5호선,동대문역사문화공원,76432,88676,165108
202212,5호선,둔촌동,202579,205254,407833
202212,5호선,마곡,260919,260986,521905
202212,5호선,마장,142586,135334,277920
202212,5호선,마천,174626,165269,339895
202212,5호선,마포,359362,369963,729325
202212,5호선,명일,204287,211753,416040
202212,5호선,목동,389569,422219,811788
202212,5호선,미사,391420,395390,786810
202212,5호선,발산,501040,519109,1020149
202212,5호선,방이,169520,176170,345690
202212,5호선,방화,158601,152487,311088
202212,5호선,상일동,348721,326960,675681
202212,5호선,서대문,492185,496425,988610
202212,5호선,송정,152028,141505,293533
202212,5호선,신금호,152666,158673,311339
202212,5호선,신길,102260,110140,212400
202212,5호선,신정,323349,265748,589097
202212,5호선,아차산,335712,322931,658643
202212,5호선,애오개,161997,161934,323931
202212,5호선,양평,176388,174320,350708
202212,5호선,여의나루,251345,316933,568278
202212,5호선,여의도,745837,761056,1506893
202212,5호선,영등포구청,98614,98680,197294
202212,5호선,영등포시장,246339,253960,500299
202212,5호선,오금,88529,89402,177931
202212,5호선,오목교,515443,547791,1063234
202212,5호선,올림픽공원,109623,96595,206218
202212,5호선,왕십리,108371,126216,234587
202212,5호선,우장산,345918,339837,685755
202212,5호선,을지로4가,154690,158215,312905
202212,5호선,장한평,445649,443669,889318
202212,5호선,종로3가,335641,327929,663570
202212,5호선,천호,428209,425677,853886
202212,5호선,청구,93988,86313,180301
202212,5호선,충정로,112603,114549,227152
202212,5호선,하남검단산,145280,138074,283354
202212,5호선,하남시청,170590,166078,336668
202212,5호선,하남풍산,100959,100510,201469
202212,5호선,행당,195064,172972,368036
202212,5호선,화곡,674370,630255,1304625
202201,6호선,고려대,151965,147223,299188
202201,6호선,공덕,370396,356057,726453
202201,6호선,광흥창,180163,176424,356587
202201,6호선,구산,149926,115109,265035
202201,6호선,녹사평,89577,89243,178820
202201,6호선,대흥,156487,161712,318199
202201,6호선,독바위,53653,56651,110304
202201,6호선,돌곶이,187358,176276,363634
202201,6호선,동묘앞,150832,153559,304391
202201,6호선,디지털미디어시티,273245,302006,575251
202201,6호선,마포구청,285677,262043,547720
202201,6호선,망원,282411,303571,585982
202201,6호선,버티고개,39246,41180,80426
202201,6호선,보문,142433,131871,274304
202201,6호선,봉화산,178430,168223,346653
202201,6호선,불광,83183,82087,165270
202201,6호선,삼각지,123421,111217,234638
202201,6호선,상수,166180,181517,347697
202201,6호선,상월곡,123473,110927,234400
202201,6호선,새절,250875,236063,486938
202201,6호선,석계,240822,249833,490655
202201,6호선,신내,4,0,4
202201,6호선,신당,163638,170019,333657
202201,6호선,안암,196122,194440,390562
202201,6호선,약수,71523,71487,143010
202201,6호선,역촌,76539,90547,167086
202201,6호선,연신내,17,0,17
202201,6호선,월곡,228072,227790,455862
202201,6호선,월드컵경기장,75351,78613,153964
202201,6호선,응암,349284,350208,699492
202201,6호선,이태원,186089,187215,373304
202201,6호선,증산,201264,201940,403204
202201,6호선,창신,68104,56256,124360
202201,6호선,청구,74513,79387,153900
202201,6호선,태릉입구,107419,116944,224363
202201,6호선,한강진,165775,185885,351660
202201,6호선,합정,258928,250076,509004
202201,6호선,화랑대,230688,181306,411994
202201,6호선,효창공원앞,138071,126054,264125
202202,6호선,고려대,134768,134166,268934
202202,6호선,공덕,314432,304254,618686
202202,6호선,광흥창,154436,151679,306115
202202,6호선,구산,131701,102223,233924
202202,6호선,녹사평,77349,77459,154808
202202,6호선,대흥,136032,142513,278545
202202,6호선,독바위,46961,49642,96603
202202,6호선,돌곶이,162690,153892,316582
202202,6호선,동묘앞,135676,138426,274102
202202,6호선,디지털미디어시티,232279,255621,487900
202202,6호선,마포구청,249370,230138,479508
202202,6호선,망원,241318,259918,501236
202202,6호선,버티고개,34284,35899,70183
202202,6호선,보문,126830,118355,245185
202202,6호선,봉화산,154863,146057,300920
202202,6호선,불광,74464,72607,147071
202202,6호선,삼각지,103455,92520,195975
202202,6호선,상수,142570,157169,299739
202202,6호선,상월곡,106506,96917,203423
202202,6호선,새절,219743,208474,428217
202202,6호선,석계,211683,220909,432592
202202,6호선,신내,5,0,5
202202,6호선,신당,139870,146953,286823
202202,6호선,안암,173324,173627,346951
202202,6호선,약수,62198,62193,124391
202202,6호선,역촌,68603,81441,150044
202202,6호선,연신내,15,0,15
202202,6호선,월곡,199319,198864,398183
202202,6호선,월드컵경기장,69491,71860,141351
202202,6호선,응암,305993,308341,614334
202202,6호선,이태원,163374,165449,328823
202202,6호선,증산,176277,177308,353585
202202,6호선,창신,58101,47981,106082
202202,6호선,청구,66013,70679,136692
202202,6호선,태릉입구,94097,102572,196669
202202,6호선,한강진,135446,152812,288258
202202,6호선,합정,223280,214770,438050
202202,6호선,화랑대,199873,159448,359321
202202,6호선,효창공원앞,118896,109336,228232
202203,6호선,고려대,171121,167991,339112
202203,6호선,공덕,362980,350351,713331
202203,6호선,광흥창,182152,177906,360058
202203,6호선,구산,158450,119000,277450
202203,6호선,녹사평,93553,93774,187327
202203,6호선,대흥,171158,177177,348335
202203,6호선,독바위,55176,58771,113947
202203,6호선,돌곶이,195229,183020,378249
202203,6호선,동묘앞,160752,162400,323152
202203,6호선,디지털미디어시티,276218,298286,574504
202203,6호선,마포구청,292581,263962,556543
202203,6호선,망원,280442,298031,578473
202203,6호선,버티고개,41250,42023,83273
202203,6호선,보문,151457,139860,291317
202203,6호선,봉화산,178921,169911,348832
202203,6호선,불광,85784,84969,170753
202203,6호선,삼각지,125688,110529,236217
202203,6호선,상수,177352,194529,371881
202203,6호선,상월곡,130416,119285,249701
202203,6호선,새절,263768,249467,513235
202203,6호선,석계,256537,269610,526147
202203,6호선,신내,8,0,8
202203,6호선,신당,164128,173139,337267
202203,6호선,안암,269480,267711,537191
202203,6호선,약수,73002,72478,145480
202203,6호선,역촌,77890,91690,169580
202203,6호선,연신내,18,0,18
202203,6호선,월곡,248837,246728,495565
202203,6호선,월드컵경기장,110321,124809,235130
202203,6호선,응암,358456,356747,715203
202203,6호선,이태원,197143,200600,397743
202203,6호선,증산,206767,207579,414346
202203,6호선,창신,73470,62188,135658
202203,6호선,청구,76388,83094,159482
202203,6호선,태릉입구,114019,125576,239595
202203,6호선,한강진,148259,172862,321121
202203,6호선,합정,260414,257144,517558
202203,6호선,화랑대,248663,195928,444591
202203,6호선,효창공원앞,144896,136357,281253
202204,6호선,고려대,181117,176414,357531
202204,6호선,공덕,390072,379323,769395
202204,6호선,광흥창,192161,185452,377613
202204,6호선,구산,164993,120337,285330
202204,6호선,녹사평,99339,100234,199573
202204,6호선,대흥,178651,183644,362295
202204,6호선,독바위,57514,60000,117514
202204,6호선,돌곶이,202769,186439,389208
202204,6호선,동묘앞,161801,164782,326583
202204,6호선,디지털미디어시티,294206,320073,614279
202204,6호선,마포구청,298494,266538,565032
202204,6호선,망원,286535,304902,591437
202204,6호선,버티고개,45111,44043,89154
202204,6호선,보문,156332,141887,298219
202204,6호선,봉화산,189451,177728,367179
202204,6호선,불광,90275,89241,179516
202204,6호선,삼각지,135633,119403,255036
202204,6호선,상수,177512,205154,382666
202204,6호선,상월곡,136349,123876,260225
202204,6호선,새절,282304,262336,544640
202204,6호선,석계,265772,277352,543124
202204,6호선,신내,4,0,4
202204,6호선,신당,177675,183952,361627
202204,6호선,안암,280499,278883,559382
202204,6호선,약수,76631,77187,153818
202204,6호선,역촌,77692,91519,169211
202204,6호선,연신내,18,0,18
202204,6호선,월곡,260556,252600,513156
202204,6호선,월드컵경기장,93952,98177,192129
202204,6호선,응암,375309,369348,744657
202204,6호선,이태원,210131,232010,442141
202204,6호선,증산,216019,214046,430065
202204,6호선,창신,78127,65090,143217
202204,6호선,청구,78973,84706,163679
202204,6호선,태릉입구,118879,131377,250256
202204,6호선,한강진,155809,184497,340306
202204,6호선,합정,271137,269994,541131
202204,6호선,화랑대,264357,204838,469195
202204,6호선,효창공원앞,154472,142688,297160
202205,6호선,고려대,210499,201581,412080
202205,6호선,공덕,431457,419904,851361
202205,6호선,광흥창,214040,203957,417997
202205,6호선,구산,179979,128357,308336
202205,6호선,녹사평,115743,118057,233800
202205,6호선,대흥,201937,206957,408894
202205,6호선,독바위,63093,65482,128575
202205,6호선,돌곶이,221546,202733,424279
202205,6호선,동묘앞,183061,187149,370210
202205,6호선,디지털미디어시티,330193,357857,688050
202205,6호선,마포구청,329684,290465,620149
202205,6호선,망원,317945,339524,657469
202205,6호선,버티고개,51961,49641,101602
202205,6호선,보문,173940,156687,330627
202205,6호선,봉화산,208216,193527,401743
202205,6호선,불광,100093,99029,199122
202205,6호선,삼각지,169508,145925,315433
202205,6호선,상수,206511,239676,446187
202205,6호선,상월곡,151804,139276,291080
202205,6호선,새절,306631,281877,588508
202205,6호선,석계,293905,304739,598644
202205,6호선,신내,12,0,12
202205,6호선,신당,190284,196560,386844
202205,6호선,안암,332408,352609,685017
202205,6호선,약수,84073,84739,168812
202205,6호선,역촌,85724,99405,185129
202205,6호선,연신내,14,0,14
202205,6호선,월곡,290055,277355,567410
202205,6호선,월드컵경기장,111097,117911,229008
202205,6호선,응암,407662,395539,803201
202205,6호선,이태원,246256,282572,528828
202205,6호선,증산,235927,231992,467919
202205,6호선,창신,85844,71389,157233
202205,6호선,청구,84029,88972,173001
202205,6호선,태릉입구,145942,166162,312104
202205,6호선,한강진,185953,219216,405169
202205,6호선,합정,305980,304574,610554
202205,6호선,화랑대,295844,226207,522051
202205,6호선,효창공원앞,172435,156646,329081
202206,6호선,고려대,189031,183275,372306
202206,6호선,공덕,419138,405648,824786
202206,6호선,광흥창,209498,202441,411939
202206,6호선,구산,176660,129350,306010
202206,6호선,녹사평,110834,111857,222691
202206,6호선,대흥,192422,196501,388923
202206,6호선,독바위,61923,64807,126730
202206,6호선,돌곶이,211789,194336,406125
202206,6호선,동묘앞,175408,177869,353277
202206,6호선,디지털미디어시티,329686,355537,685223
202206,6호선,마포구청,325629,288938,614567
202206,6호선,망원,308353,328293,636646
202206,6호선,버티고개,48806,48107,96913
202206,6호선,보문,170220,153749,323969
202206,6호선,봉화산,200424,188474,388898
202206,6호선,불광,98530,98817,197347
202206,6호선,삼각지,168216,144445,312661
202206,6호선,상수,196755,226010,422765
202206,6호선,상월곡,144957,132157,277114
202206,6호선,새절,290490,268064,558554
202206,6호선,석계,274745,285689,560434
202206,6호선,신내,3,0,3
202206,6호선,신당,185190,191977,377167
202206,6호선,안암,273283,272854,546137
202206,6호선,약수,81941,82345,164286
202206,6호선,역촌,84226,98397,182623
202206,6호선,연신내,19,0,19
202206,6호선,월곡,264448,258393,522841
202206,6호선,월드컵경기장,147007,180125,327132
202206,6호선,응암,394026,387911,781937
202206,6호선,이태원,240569,267216,507785
202206,6호선,증산,224842,221879,446721
202206,6호선,창신,82726,69057,151783
202206,6호선,청구,81478,85724,167202
202206,6호선,태릉입구,126853,139903,266756
202206,6호선,한강진,179872,210024,389896
202206,6호선,합정,301047,298249,599296
202206,6호선,화랑대,267382,206630,474012
202206,6호선,효창공원앞,164358,148129,312487
202207,6호선,고려대,178447,171651,350098
202207,6호선,공덕,414018,400406,814424
202207,6호선,광흥창,206194,198186,404380
202207,6호선,구산,170770,129166,299936
202207,6호선,녹사평,106407,108103,214510
202207,6호선,대흥,185708,189981,375689
202207,6호선,독바위,61219,63151,124370
202207,6호선,돌곶이,203614,187462,391076
202207,6호선,동묘앞,169497,172595,342092
202207,6호선,디지털미디어시티,322442,352468,674910
202207,6호선,마포구청,319451,284637,604088
202207,6호선,망원,302190,322713,624903
202207,6호선,버티고개,46136,46100,92236
202207,6호선,보문,167594,150398,317992
202207,6호선,봉화산,196508,185236,381744
202207,6호선,불광,97588,96796,194384
202207,6호선,삼각지,158337,136830,295167
202207,6호선,상수,190396,219310,409706
202207,6호선,상월곡,138185,123526,261711
202207,6호선,새절,274215,252057,526272
202207,6호선,석계,264009,274012,538021
202207,6호선,신내,11,0,11
202207,6호선,신당,176860,183480,360340
202207,6호선,안암,235959,232540,468499
202207,6호선,약수,80656,81352,162008
202207,6호선,역촌,84272,92911,177183
202207,6호선,연신내,15,0,15
202207,6호선,월곡,254592,249304,503896
202207,6호선,월드컵경기장,123758,147148,270906
202207,6호선,응암,380748,375837,756585
202207,6호선,이태원,229578,263001,492579
202207,6호선,증산,216296,213519,429815
202207,6호선,창신,77446,62435,139881
202207,6호선,청구,80635,83485,164120
202207,6호선,태릉입구,119889,128538,248427
202207,6호선,한강진,174786,202096,376882
202207,6호선,합정,294532,292107,586639
202207,6호선,화랑대,252965,195254,448219
202207,6호선,효창공원앞,155073,138270,293343
202208,6호선,고려대,178611,172773,351384
202208,6호선,공덕,417605,408401,826006
202208,6호선,광흥창,208701,201953,410654
202208,6호선,구산,172813,133122,305935
202208,6호선,녹사평,111880,111859,223739
202208,6호선,대흥,186462,191621,378083
202208,6호선,독바위,61577,64452,126029
202208,6호선,돌곶이,208936,193327,402263
202208,6호선,동묘앞,169869,173241,343110
202208,6호선,디지털미디어시티,320796,357685,678481
202208,6호선,마포구청,323334,290368,613702
202208,6호선,망원,312386,335776,648162
202208,6호선,버티고개,47311,47932,95243
202208,6호선,보문,167282,152136,319418
202208,6호선,봉화산,198774,187815,386589
202208,6호선,불광,100581,97518,198099
202208,6호선,삼각지,164387,139574,303961
202208,6호선,상수,198893,229653,428546
202208,6호선,상월곡,139785,125751,265536
202208,6호선,새절,277079,257361,534440
202208,6호선,석계,270333,280604,550937
202208,6호선,신내,9,0,9
202208,6호선,신당,180413,185397,365810
202208,6호선,안암,237570,238544,476114
202208,6호선,약수,81302,81175,162477
202208,6호선,역촌,86321,98435,184756
202208,6호선,연신내,48,0,48
202208,6호선,월곡,258339,254914,513253
202208,6호선,월드컵경기장,103589,108792,212381
202208,6호선,응암,386262,383855,770117
202208,6호선,이태원,250654,278953,529607
202208,6호선,증산,219632,217866,437498
202208,6호선,창신,78563,64436,142999
202208,6호선,청구,82601,84484,167085
202208,6호선,태릉입구,123181,131450,254631
202208,6호선,한강진,181706,209257,390963
202208,6호선,합정,297619,295484,593103
202208,6호선,화랑대,250752,195666,446418
202208,6호선,효창공원앞,159445,142195,301640
202209,6호선,고려대,216252,210346,426598
202209,6호선,공덕,417612,407846,825458
202209,6호선,광흥창,207995,199581,407576
202209,6호선,구산,178516,132609,311125
202209,6호선,녹사평,116640,118023,234663
202209,6호선,대흥,216353,224389,440742
202209,6호선,독바위,63005,65301,128306
202209,6호선,돌곶이,220210,202144,422354
202209,6호선,동묘앞,179493,184741,364234
202209,6호선,디지털미디어시티,332589,360758,693347
202209,6호선,마포구청,329251,290946,620197
202209,6호선,망원,317031,338830,655861
202209,6호선,버티고개,50355,49141,99496
202209,6호선,보문,177797,160314,338111
202209,6호선,봉화산,203718,190989,394707
202209,6호선,불광,98128,97093,195221
202209,6호선,삼각지,169030,141338,310368
202209,6호선,상수,218948,255185,474133
202209,6호선,상월곡,154603,144571,299174
202209,6호선,새절,292137,269442,561579
202209,6호선,석계,286348,301359,587707
202209,6호선,신내,13,0,13
202209,6호선,신당,189548,195051,384599
202209,6호선,안암,331437,332997,664434
202209,6호선,약수,81280,80167,161447
202209,6호선,역촌,85378,98750,184128
202209,6호선,연신내,14,0,14
202209,6호선,월곡,297454,285164,582618
202209,6호선,월드컵경기장,131874,149979,281853
202209,6호선,응암,395671,388102,783773
202209,6호선,이태원,254569,294171,548740
202209,6호선,증산,226580,225122,451702
202209,6호선,창신,83902,71966,155868
202209,6호선,청구,83519,86623,170142
202209,6호선,태릉입구,130295,146763,277058
202209,6호선,한강진,194498,227483,421981
202209,6호선,합정,296440,297773,594213
202209,6호선,화랑대,291979,223538,515517
202209,6호선,효창공원앞,171897,161967,333864
202210,6호선,고려대,207182,201556,408738
202210,6호선,공덕,412478,407312,819790
202210,6호선,광흥창,199540,192979,392519
202210,6호선,구산,172911,128689,301600
202210,6호선,녹사평,113054,113350,226404
202210,6호선,대흥,205825,212944,418769
202210,6호선,독바위,60392,62630,123022
202210,6호선,돌곶이,213579,196681,410260
202210,6호선,동묘앞,175520,179752,355272
202210,6호선,디지털미디어시티,320993,351518,672511
202210,6호선,마포구청,319557,284093,603650
202210,6호선,망원,303511,322399,625910
202210,6호선,버티고개,48868,47535,96403
202210,6호선,보문,172431,157420,329851
202210,6호선,봉화산,198095,187160,385255
202210,6호선,불광,94665,93190,187855
202210,6호선,삼각지,164205,138426,302631
202210,6호선,상수,210039,240822,450861
202210,6호선,상월곡,147800,138682,286482
202210,6호선,새절,285072,263782,548854
202210,6호선,석계,276273,290577,566850
202210,6호선,신내,9,0,9
202210,6호선,신당,184289,190296,374585
202210,6호선,안암,301993,308728,610721
202210,6호선,약수,78936,78021,156957
202210,6호선,역촌,82199,96058,178257
202210,6호선,연신내,18,0,18
202210,6호선,월곡,284325,272691,557016
202210,6호선,월드컵경기장,144052,154647,298699
202210,6호선,응암,385989,379697,765686
202210,6호선,이태원,262856,297212,560068
202210,6호선,증산,220788,219812,440600
202210,6호선,창신,82216,70003,152219
202210,6호선,청구,82405,85306,167711
202210,6호선,태릉입구,126456,143363,269819
202210,6호선,한강진,195319,226187,421506
202210,6호선,합정,286238,283712,569950
202210,6호선,화랑대,282087,216071,498158
202210,6호선,효창공원앞,167109,157748,324857
202211,6호선,고려대,224344,219159,443503
202211,6호선,공덕,454136,449312,903448
202211,6호선,광흥창,218165,212783,430948
202211,6호선,구산,186852,138951,325803
202211,6호선,녹사평,110358,109194,219552
202211,6호선,대흥,223642,233058,456700
202211,6호선,독바위,64754,66980,131734
202211,6호선,돌곶이,233530,215995,449525
202211,6호선,동묘앞,185242,191466,376708
202211,6호선,디지털미디어시티,350857,384902,735759
202211,6호선,마포구청,344628,308327,652955
202211,6호선,망원,323015,344388,667403
202211,6호선,버티고개,53229,51226,104455
202211,6호선,보문,186297,170298,356595
202211,6호선,봉화산,215744,202752,418496
202211,6호선,불광,99780,98933,198713
202211,6호선,삼각지,171838,151377,323215
202211,6호선,상수,225943,261010,486953
202211,6호선,상월곡,162515,152713,315228
202211,6호선,새절,309345,288258,597603
202211,6호선,석계,301166,316815,617981
202211,6호선,신내,11,0,11
202211,6호선,신당,192853,199893,392746
202211,6호선,안암,338339,341795,680134
202211,6호선,약수,85256,84597,169853
202211,6호선,역촌,88334,103771,192105
202211,6호선,연신내,15,0,15
202211,6호선,월곡,307262,295403,602665
202211,6호선,월드컵경기장,109109,115769,224878
202211,6호선,응암,415328,411247,826575
202211,6호선,이태원,220109,226103,446212
202211,6호선,증산,237916,236910,474826
202211,6호선,창신,89018,76612,165630
202211,6호선,청구,88330,91290,179620
202211,6호선,태릉입구,137118,156046,293164
202211,6호선,한강진,186821,210968,397789
202211,6호선,합정,306204,304953,611157
202211,6호선,화랑대,308643,235425,544068
202211,6호선,효창공원앞,180197,169845,350042
202212,6호선,고려대,210510,204371,414881
202212,6호선,공덕,452643,441002,893645
202212,6호선,광흥창,217910,213043,430953
202212,6호선,구산,184873,139396,324269
202212,6호선,녹사평,114086,114138,228224
202212,6호선,대흥,212818,221454,434272
202212,6호선,독바위,64140,65862,130002
202212,6호선,돌곶이,233485,216147,449632
202212,6호선,동묘앞,182176,185794,367970
202212,6호선,디지털미디어시티,341277,379552,720829
202212,6호선,마포구청,340063,306196,646259
202212,6호선,망원,326717,350537,677254
202212,6호선,버티고개,51110,50757,101867
202212,6호선,보문,183492,166084,349576
202212,6호선,봉화산,212610,201014,413624
202212,6호선,불광,101718,98209,199927
202212,6호선,삼각지,175528,157067,332595
202212,6호선,상수,225027,259665,484692
202212,6호선,상월곡,154069,141627,295696
202212,6호선,새절,300899,279782,580681
202212,6호선,석계,294580,306888,601468
202212,6호선,신내,12,0,12
202212,6호선,신당,204260,208050,412310
202212,6호선,안암,298875,297278,596153
202212,6호선,약수,85592,86661,172253
202212,6호선,역촌,87996,103516,191512
202212,6호선,연신내,13,0,13
202212,6호선,월곡,287283,278097,565380
202212,6호선,월드컵경기장,93275,99404,192679
202212,6호선,응암,412299,409097,821396
202212,6호선,이태원,223963,232942,456905
202212,6호선,증산,233022,231096,464118
202212,6호선,창신,85614,72439,158053
202212,6호선,청구,88078,91023,179101
202212,6호선,태릉입구,134286,147255,281541
202212,6호선,한강진,189295,215724,405019
202212,6호선,합정,316413,312285,628698
202212,6호선,화랑대,288594,219922,508516
202212,6호선,효창공원앞,171912,160706,332618
202201,7호선,가산디지털단지,955556,948093,1903649
202201,7호선,강남구청,339895,367883,707778
202201,7호선,건대입구,244483,254956,499439
202201,7호선,고속터미널,315377,269153,584530
202201,7호선,공릉,229099,229131,458230
202201,7호선,광명사거리,447032,442950,889982
202201,7호선,군자,301930,244471,546401
202201,7호선,굴포천,10,0,10
202201,7호선,까치울,14,0,14
202201,7호선,남구로,327232,344765,671997
202201,7호선,남성,221030,207209,428239
202201,7호선,내방,298476,304260,602736
202201,7호선,노원,395519,408215,803734
202201,7호선,논현,422427,456431,878858
202201,7호선,대림,161460,161641,323101
202201,7호선,도봉산,175909,202454,378363
202201,7호선,뚝섬유원지,144841,141624,286465
202201,7호선,마들,255122,246700,501822
202201,7호선,먹골,203215,200509,403724
202201,7호선,면목,306897,301349,608246
202201,7호선,반포,116725,111435,228160
202201,7호선,보라매,196987,196361,393348
202201,7호선,부천시청,10,0,10
202201,7호선,부천종합운동장,2,0,2
202201,7호선,부평구청,12,0,12
202201,7호선,사가정,320185,321818,642003
202201,7호선,삼산체육관,9,0,9
202201,7호선,상도,213172,207545,420717
202201,7호선,상동,15,0,15
202201,7호선,상봉,339117,319993,659110
202201,7호선,수락산,248093,244692,492785
202201,7호선,숭실대입구,233216,236918,470134
202201,7호선,신대방삼거리,334485,322259,656744
202201,7호선,신중동,11,0,11
202201,7호선,신풍,230207,220169,450376
202201,7호선,어린이대공원,241270,237264,478534
202201,7호선,온수,202074,185627,387701
202201,7호선,용마산,120727,118010,238737
202201,7호선,이수,315904,306066,621970
202201,7호선,장승배기,183005,180110,363115
202201,7호선,장암,43868,16259,60127
202201,7호선,중계,277799,255129,532928
202201,7호선,중곡,215478,205612,421090
202201,7호선,중화,217080,213762,430842
202201,7호선,천왕,229551,218648,448199
202201,7호선,철산,422895,432927,855822
202201,7호선,청담,392762,438663,831425
202201,7호선,춘의,10,0,10
202201,7호선,태릉입구,166399,156913,323312
202201,7호선,하계,349380,329582,678962
202201,7호선,학동,507240,534354,1041594
202202,7호선,가산디지털단지,801975,798948,1600923
202202,7호선,강남구청,286310,313737,600047
202202,7호선,건대입구,209331,217307,426638
202202,7호선,고속터미널,297067,226225,523292
202202,7호선,공릉,207695,208367,416062
202202,7호선,광명사거리,385475,380985,766460
202202,7호선,군자,263121,214925,478046
202202,7호선,굴포천,8,0,8
202202,7호선,까치울,9,0,9
202202,7호선,남구로,284118,298580,582698
202202,7호선,남성,192182,182942,375124
202202,7호선,내방,254612,259791,514403
202202,7호선,노원,348368,357353,705721
202202,7호선,논현,356942,387211,744153
202202,7호선,대림,139415,139185,278600
202202,7호선,도봉산,157227,178567,335794
202202,7호선,뚝섬유원지,128553,126171,254724
202202,7호선,마들,223635,216518,440153
202202,7호선,먹골,178705,177341,356046
202202,7호선,면목,269329,266061,535390
202202,7호선,반포,100347,95966,196313
202202,7호선,보라매,169606,170011,339617
202202,7호선,부천시청,10,0,10
202202,7호선,부천종합운동장,3,0,3
202202,7호선,부평구청,9,0,9
202202,7호선,사가정,281467,283417,564884
202202,7호선,삼산체육관,3,0,3
202202,7호선,상도,183618,181255,364873
202202,7호선,상동,13,0,13
202202,7호선,상봉,294883,277103,571986
202202,7호선,수락산,218231,214951,433182
202202,7호선,숭실대입구,200052,206639,406691
202202,7호선,신대방삼거리,289871,282536,572407
202202,7호선,신중동,12,0,12
202202,7호선,신풍,200520,192810,393330
202202,7호선,어린이대공원,213486,214604,428090
202202,7호선,온수,174742,162602,337344
202202,7호선,용마산,105698,103519,209217
202202,7호선,이수,273844,265948,539792
202202,7호선,장승배기,161307,160225,321532
202202,7호선,장암,38555,14343,52898
202202,7호선,중계,243142,222702,465844
202202,7호선,중곡,188362,180440,368802
202202,7호선,중화,190749,188201,378950
202202,7호선,천왕,197026,188254,385280
202202,7호선,철산,359648,368109,727757
202202,7호선,청담,334975,373412,708387
202202,7호선,춘의,12,0,12
202202,7호선,태릉입구,146467,139416,285883
202202,7호선,하계,302438,286415,588853
202202,7호선,학동,424797,447828,872625
202203,7호선,가산디지털단지,906185,907780,1813965
202203,7호선,강남구청,325225,357028,682253
202203,7호선,건대입구,259217,269498,528715
202203,7호선,고속터미널,302327,255119,557446
202203,7호선,공릉,263561,259306,522867
202203,7호선,광명사거리,453211,447191,900402
202203,7호선,군자,306000,245444,551444
202203,7호선,굴포천,4,0,4
202203,7호선,까치울,4,0,4
202203,7호선,남구로,322036,338963,660999
202203,7호선,남성,226407,211874,438281
202203,7호선,내방,294865,301775,596640
202203,7호선,노원,394238,410715,804953
202203,7호선,논현,406133,438842,844975
202203,7호선,대림,158468,159010,317478
202203,7호선,도봉산,191223,222964,414187
202203,7호선,뚝섬유원지,170968,166369,337337
202203,7호선,마들,262276,251310,513586
202203,7호선,먹골,208802,203338,412140
202203,7호선,면목,338747,330824,669571
202203,7호선,반포,117887,113500,231387
202203,7호선,보라매,202840,201630,404470
202203,7호선,부천시청,12,0,12
202203,7호선,부천종합운동장,1,0,1
202203,7호선,사가정,331761,335114,666875
202203,7호선,삼산체육관,1,0,1
202203,7호선,상도,231047,227279,458326
202203,7호선,상동,9,0,9
202203,7호선,상봉,340398,319311,659709
202203,7호선,수락산,256243,251972,508215
202203,7호선,숭실대입구,300158,306355,606513
202203,7호선,신대방삼거리,344315,331756,676071
202203,7호선,신중동,6,0,6
202203,7호선,신풍,235559,226956,462515
202203,7호선,어린이대공원,296777,301717,598494
202203,7호선,온수,214316,200672,414988
202203,7호선,용마산,125385,121861,247246
202203,7호선,이수,315212,305203,620415
202203,7호선,장승배기,185968,182339,368307
202203,7호선,장암,45045,17466,62511
202203,7호선,중계,298219,274436,572655
202203,7호선,중곡,227157,212807,439964
202203,7호선,중화,222661,219561,442222
202203,7호선,천왕,231849,222056,453905
202203,7호선,철산,419410,428756,848166
202203,7호선,청담,389025,433729,822754
202203,7호선,춘의,7,0,7
202203,7호선,태릉입구,177455,169997,347452
202203,7호선,하계,364220,343906,708126
202203,7호선,학동,487390,515975,1003365
202204,7호선,가산디지털단지,952659,962064,1914723
202204,7호선,강남구청,338230,377758,715988
202204,7호선,건대입구,268327,282887,551214
202204,7호선,고속터미널,326750,276785,603535
202204,7호선,공릉,274154,267882,542036
202204,7호선,광명사거리,466789,458006,924795
202204,7호선,군자,316677,251641,568318
202204,7호선,까치울,2,0,2
202204,7호선,남구로,330044,350286,680330
202204,7호선,남성,238231,218492,456723
202204,7호선,내방,307814,315766,623580
202204,7호선,노원,399037,423032,822069
202204,7호선,논현,428286,469360,897646
202204,7호선,대림,159287,160225,319512
202204,7호선,도봉산,203209,232465,435674
202204,7호선,뚝섬유원지,218300,211398,429698
202204,7호선,마들,273802,256990,530792
202204,7호선,먹골,214974,208494,423468
202204,7호선,면목,349569,336655,686224
202204,7호선,반포,124778,120544,245322
202204,7호선,보라매,213373,212608,425981
202204,7호선,부천시청,3,0,3
202204,7호선,부천종합운동장,1,0,1
202204,7호선,사가정,344161,344790,688951
202204,7호선,삼산체육관,1,0,1
202204,7호선,상도,239943,231839,471782
202204,7호선,상동,1,0,1
202204,7호선,상봉,354227,331215,685442
202204,7호선,수락산,267378,259589,526967
202204,7호선,숭실대입구,314519,317110,631629
202204,7호선,신대방삼거리,357267,338519,695786
202204,7호선,신중동,1,0,1
202204,7호선,신풍,247613,236104,483717
202204,7호선,어린이대공원,313474,320211,633685
202204,7호선,온수,234658,220276,454934
202204,7호선,용마산,130556,124231,254787
202204,7호선,이수,330062,320422,650484
202204,7호선,장승배기,189494,184142,373636
202204,7호선,장암,48481,18846,67327
202204,7호선,중계,316971,288764,605735
202204,7호선,중곡,234997,215956,450953
202204,7호선,중화,231059,224383,455442
202204,7호선,천왕,246194,232520,478714
202204,7호선,철산,445847,454504,900351
202204,7호선,청담,409637,461822,871459
202204,7호선,태릉입구,190140,180686,370826
202204,7호선,하계,387371,361522,748893
202204,7호선,학동,508723,546274,1054997
202205,7호선,가산디지털단지,1010326,1016141,2026467
202205,7호선,강남구청,365559,410642,776201
202205,7호선,건대입구,301176,322767,623943
202205,7호선,고속터미널,376425,314756,691181
202205,7호선,공릉,298683,291613,590296
202205,7호선,광명사거리,505814,494441,1000255
202205,7호선,군자,343112,270946,614058
202205,7호선,까치울,2,0,2
202205,7호선,남구로,353981,375535,729516
202205,7호선,남성,263263,239110,502373
202205,7호선,내방,337457,346574,684031
202205,7호선,노원,446108,479847,925955
202205,7호선,논현,464061,507880,971941
202205,7호선,대림,177456,179002,356458
202205,7호선,도봉산,226473,256406,482879
202205,7호선,뚝섬유원지,269743,260062,529805
202205,7호선,마들,302356,279885,582241
202205,7호선,먹골,237158,226765,463923
202205,7호선,면목,378146,361922,740068
202205,7호선,반포,138878,134231,273109
202205,7호선,보라매,236215,234953,471168
202205,7호선,부천시청,2,0,2
202205,7호선,사가정,377140,372895,750035
202205,7호선,상도,268756,259219,527975
202205,7호선,상봉,389186,365145,754331
202205,7호선,수락산,296878,287201,584079
202205,7호선,숭실대입구,344537,346071,690608
202205,7호선,신대방삼거리,386919,365413,752332
202205,7호선,신중동,1,0,1
202205,7호선,신풍,270427,256046,526473
202205,7호선,어린이대공원,388859,397597,786456
202205,7호선,온수,253638,238877,492515
202205,7호선,용마산,141194,134073,275267
202205,7호선,이수,367377,356264,723641
202205,7호선,장승배기,207790,200376,408166
202205,7호선,장암,53599,20766,74365
202205,7호선,중계,347647,313778,661425
202205,7호선,중곡,254894,233524,488418
202205,7호선,중화,253630,243639,497269
202205,7호선,천왕,267248,252086,519334
202205,7호선,철산,493234,501132,994366
202205,7호선,청담,446131,504219,950350
202205,7호선,태릉입구,231531,223531,455062
202205,7호선,하계,423821,392938,816759
202205,7호선,학동,544198,584184,1128382
202206,7호선,가산디지털단지,987057,989543,1976600
202206,7호선,강남구청,368956,411788,780744
202206,7호선,건대입구,292475,304261,596736
202206,7호선,고속터미널,375774,310622,686396
202206,7호선,공릉,267287,264154,531441
202206,7호선,광명사거리,486684,479901,966585
202206,7호선,군자,336235,267338,603573
202206,7호선,까치울,1,0,1
202206,7호선,남구로,347622,367988,715610
202206,7호선,남성,254832,234593,489425
202206,7호선,내방,327456,334164,661620
202206,7호선,노원,435994,459903,895897
202206,7호선,논현,425701,456795,882496
202206,7호선,대림,177442,178107,355549
202206,7호선,도봉산,210095,238833,448928
202206,7호선,뚝섬유원지,202850,193975,396825
202206,7호선,마들,293258,275522,568780
202206,7호선,먹골,226634,222174,448808
202206,7호선,면목,348482,337829,686311
202206,7호선,반포,136168,131734,267902
202206,7호선,보라매,186719,187029,373748
202206,7호선,부평구청,1,0,1
202206,7호선,사가정,358968,356982,715950
202206,7호선,상도,254564,246185,500749
202206,7호선,상동,1,0,1
202206,7호선,상봉,375799,355314,731113
202206,7호선,수락산,283793,278613,562406
202206,7호선,숭실대입구,302412,303562,605974
202206,7호선,신대방삼거리,347563,329160,676723
202206,7호선,신중동,1,0,1
202206,7호선,신풍,262767,250898,513665
202206,7호선,어린이대공원,330651,333430,664081
202206,7호선,온수,238011,221768,459779
202206,7호선,용마산,134725,129605,264330
202206,7호선,이수,364770,352811,717581
202206,7호선,장승배기,204179,198829,403008
202206,7호선,장암,50755,19907,70662
202206,7호선,중계,330551,301332,631883
202206,7호선,중곡,248956,230881,479837
202206,7호선,중화,239710,233900,473610
202206,7호선,천왕,260547,247440,507987
202206,7호선,철산,474909,483343,958252
202206,7호선,청담,439887,494974,934861
202206,7호선,태릉입구,198900,187673,386573
202206,7호선,하계,402907,377685,780592
202206,7호선,학동,535351,568812,1104163
202207,7호선,가산디지털단지,1001580,1001426,2003006
202207,7호선,강남구청,368795,411039,779834
202207,7호선,건대입구,277693,289350,567043
202207,7호선,고속터미널,359893,300954,660847
202207,7호선,공릉,258204,254868,513072
202207,7호선,광명사거리,470100,464042,934142
202207,7호선,군자,329384,261919,591303
202207,7호선,남구로,343317,363189,706506
202207,7호선,남성,245397,225609,471006
202207,7호선,내방,324160,330482,654642
202207,7호선,노원,439574,463358,902932
202207,7호선,논현,419029,447044,866073
202207,7호선,대림,171622,173685,345307
202207,7호선,도봉산,195633,221145,416778
202207,7호선,뚝섬유원지,194073,184474,378547
202207,7호선,마들,287626,268813,556439
202207,7호선,먹골,222085,218484,440569
202207,7호선,면목,326857,315986,642843
202207,7호선,반포,132513,129143,261656
202207,7호선,보라매,172207,173173,345380
202207,7호선,부천시청,3,0,3
202207,7호선,부천종합운동장,1,0,1
202207,7호선,사가정,346504,344445,690949
202207,7호선,삼산체육관,1,0,1
202207,7호선,상도,241393,230383,471776
202207,7호선,상봉,364453,346599,711052
202207,7호선,수락산,277171,273247,550418
202207,7호선,숭실대입구,260827,261751,522578
202207,7호선,신대방삼거리,335015,317818,652833
202207,7호선,신풍,257464,244620,502084
202207,7호선,어린이대공원,281150,278329,559479
202207,7호선,온수,220828,201212,422040
202207,7호선,용마산,131260,126461,257721
202207,7호선,이수,359605,349292,708897
202207,7호선,장승배기,202401,197589,399990
202207,7호선,장암,51535,20642,72177
202207,7호선,중계,319659,287978,607637
202207,7호선,중곡,239097,223500,462597
202207,7호선,중화,234075,228795,462870
202207,7호선,천왕,253641,241240,494881
202207,7호선,철산,463568,472107,935675
202207,7호선,청담,438306,491973,930279
202207,7호선,태릉입구,184163,173450,357613
202207,7호선,하계,390232,365028,755260
202207,7호선,학동,537954,569086,1107040
202208,7호선,가산디지털단지,999626,997083,1996709
202208,7호선,강남구청,377224,418657,795881
202208,7호선,건대입구,285550,297257,582807
202208,7호선,고속터미널,376134,306457,682591
202208,7호선,공릉,254400,253877,508277
202208,7호선,광명사거리,475236,471454,946690
202208,7호선,군자,337125,269840,606965
202208,7호선,굴포천,2,0,2
202208,7호선,까치울,1,0,1
202208,7호선,남구로,352892,367740,720632
202208,7호선,남성,252810,235344,488154
202208,7호선,내방,329135,334863,663998
202208,7호선,노원,447438,467636,915074
202208,7호선,논현,423489,445412,868901
202208,7호선,대림,184603,184804,369407
202208,7호선,도봉산,197286,223082,420368
202208,7호선,뚝섬유원지,192860,183973,376833
202208,7호선,마들,291249,273916,565165
202208,7호선,먹골,226872,224874,451746
202208,7호선,면목,333324,325042,658366
202208,7호선,반포,136362,132220,268582
202208,7호선,보라매,169600,170790,340390
202208,7호선,부평구청,2,0,2
202208,7호선,사가정,353322,351751,705073
202208,7호선,삼산체육관,1,0,1
202208,7호선,상도,246688,236081,482769
202208,7호선,상동,1,0,1
202208,7호선,상봉,372625,355983,728608
202208,7호선,수락산,278817,278190,557007
202208,7호선,숭실대입구,263065,266094,529159
202208,7호선,신대방삼거리,336634,320759,657393
202208,7호선,신중동,1,0,1
202208,7호선,신풍,259247,246517,505764
202208,7호선,어린이대공원,294726,295348,590074
202208,7호선,온수,222249,206269,428518
202208,7호선,용마산,133066,128669,261735
202208,7호선,이수,349274,337132,686406
202208,7호선,장승배기,208200,203442,411642
202208,7호선,장암,52056,21171,73227
202208,7호선,중계,317230,287806,605036
202208,7호선,중곡,243213,229083,472296
202208,7호선,중화,236677,231099,467776
202208,7호선,천왕,253574,242837,496411
202208,7호선,철산,466961,476927,943888
202208,7호선,청담,449187,498648,947835
202208,7호선,태릉입구,186956,176214,363170
202208,7호선,하계,392256,368273,760529
202208,7호선,학동,545442,573460,1118902
202209,7호선,가산디지털단지,977458,977877,1955335
202209,7호선,강남구청,372593,413776,786369
202209,7호선,건대입구,302747,314984,617731
202209,7호선,고속터미널,374380,311517,685897
202209,7호선,공릉,282178,278613,560791
202209,7호선,광명사거리,485997,479385,965382
202209,7호선,군자,337767,266477,604244
202209,7호선,까치울,1,0,1
202209,7호선,남구로,351014,366965,717979
202209,7호선,남성,263056,242956,506012
202209,7호선,내방,333333,337943,671276
202209,7호선,노원,442571,467483,910054
202209,7호선,논현,417542,437721,855263
202209,7호선,대림,186597,187283,373880
202209,7호선,도봉산,218131,249705,467836
202209,7호선,뚝섬유원지,240114,230865,470979
202209,7호선,마들,299596,278560,578156
202209,7호선,먹골,229788,224985,454773
202209,7호선,면목,362183,350082,712265
202209,7호선,반포,138925,134828,273753
202209,7호선,보라매,172188,173191,345379
202209,7호선,부천시청,2,0,2
202209,7호선,사가정,364694,363596,728290
202209,7호선,상도,283231,275331,558562
202209,7호선,상봉,376761,360630,737391
202209,7호선,수락산,287820,283053,570873
202209,7호선,숭실대입구,360601,367174,727775
202209,7호선,신대방삼거리,344180,324576,668756
202209,7호선,신풍,262035,246378,508413
202209,7호선,어린이대공원,405548,416312,821860
202209,7호선,온수,245654,229316,474970
202209,7호선,용마산,136356,132291,268647
202209,7호선,이수,355808,338517,694325
202209,7호선,장승배기,208516,202940,411456
202209,7호선,장암,54053,21616,75669
202209,7호선,중계,336604,304256,640860
202209,7호선,중곡,251010,231493,482503
202209,7호선,중화,242194,236860,479054
202209,7호선,천왕,263746,251439,515185
202209,7호선,철산,489200,499099,988299
202209,7호선,청담,443518,492446,935964
202209,7호선,태릉입구,212781,200270,413051
202209,7호선,하계,406968,380176,787144
202209,7호선,학동,527488,557951,1085439
202210,7호선,가산디지털단지,956397,960363,1916760
202210,7호선,강남구청,365577,407678,773255
202210,7호선,건대입구,288070,302344,590414
202210,7호선,고속터미널,362710,294538,657248
202210,7호선,공릉,269768,267308,537076
202210,7호선,광명사거리,465505,457696,923201
202210,7호선,군자,328951,260735,589686
202210,7호선,남구로,336322,352892,689214
202210,7호선,남성,254997,237809,492806
202210,7호선,내방,323322,329033,652355
202210,7호선,노원,428094,452328,880422
202210,7호선,논현,406887,425813,832700
202210,7호선,대림,175307,176714,352021
202210,7호선,도봉산,214260,243898,458158
202210,7호선,뚝섬유원지,192137,185689,377826
202210,7호선,마들,289262,269714,558976
202210,7호선,먹골,222007,217897,439904
202210,7호선,면목,353272,342290,695562
202210,7호선,반포,136471,132504,268975
202210,7호선,보라매,164193,167005,331198
202210,7호선,부천종합운동장,1,0,1
202210,7호선,사가정,354806,354607,709413
202210,7호선,상도,267967,261218,529185
202210,7호선,상봉,368319,352483,720802
202210,7호선,수락산,278594,274197,552791
202210,7호선,숭실대입구,333190,335820,669010
202210,7호선,신대방삼거리,332020,315802,647822
202210,7호선,신중동,1,0,1
202210,7호선,신풍,253557,239228,492785
202210,7호선,어린이대공원,380237,392143,772380
202210,7호선,온수,239876,223750,463626
202210,7호선,용마산,131884,127674,259558
202210,7호선,이수,346368,326722,673090
202210,7호선,장승배기,200413,197916,398329
202210,7호선,장암,52311,20209,72520
202210,7호선,중계,326663,297152,623815
202210,7호선,중곡,243980,225897,469877
202210,7호선,중화,235031,230222,465253
202210,7호선,천왕,257342,245217,502559
202210,7호선,철산,473079,482134,955213
202210,7호선,청담,432280,481660,913940
202210,7호선,춘의,2,0,2
202210,7호선,태릉입구,204884,192529,397413
202210,7호선,하계,397350,372761,770111
202210,7호선,학동,516964,549622,1066586
202211,7호선,가산디지털단지,1070800,1071484,2142284
202211,7호선,강남구청,402243,447287,849530
202211,7호선,건대입구,310447,325069,635516
202211,7호선,고속터미널,385074,321050,706124
202211,7호선,공릉,296794,292284,589078
202211,7호선,광명사거리,499109,491924,991033
202211,7호선,군자,358293,282701,640994
202211,7호선,까치울,2,0,2
202211,7호선,남구로,367032,385277,752309
202211,7호선,남성,275148,256638,531786
202211,7호선,내방,356826,361958,718784
202211,7호선,노원,457558,483789,941347
202211,7호선,논현,444817,462930,907747
202211,7호선,대림,184207,186141,370348
202211,7호선,도봉산,228940,256931,485871
202211,7호선,뚝섬유원지,183851,177783,361634
202211,7호선,마들,312771,291810,604581
202211,7호선,먹골,238730,234296,473026
202211,7호선,면목,381067,369421,750488
202211,7호선,반포,149299,145219,294518
202211,7호선,보라매,176310,179847,356157
202211,7호선,부천시청,2,0,2
202211,7호선,사가정,383582,383278,766860
202211,7호선,상도,297906,291900,589806
202211,7호선,상동,1,0,1
202211,7호선,상봉,394058,377858,771916
202211,7호선,수락산,298849,294994,593843
202211,7호선,숭실대입구,365624,367466,733090
202211,7호선,신대방삼거리,361698,344275,705973
202211,7호선,신풍,273981,258539,532520
202211,7호선,어린이대공원,410994,420907,831901
202211,7호선,온수,265027,244444,509471
202211,7호선,용마산,141333,135862,277195
202211,7호선,이수,377633,357380,735013
202211,7호선,장승배기,217708,214277,431985
202211,7호선,장암,58643,22352,80995
202211,7호선,중계,354356,322474,676830
202211,7호선,중곡,260050,240696,500746
202211,7호선,중화,254431,250707,505138
202211,7호선,천왕,281448,268509,549957
202211,7호선,철산,510421,521267,1031688
202211,7호선,청담,475203,530193,1005396
202211,7호선,태릉입구,224201,210084,434285
202211,7호선,하계,430731,403990,834721
202211,7호선,학동,576528,609310,1185838
202212,7호선,가산디지털단지,1055728,1050314,2106042
202212,7호선,강남구청,392216,437205,829421
202212,7호선,건대입구,317505,334356,651861
202212,7호선,고속터미널,385028,320869,705897
202212,7호선,공릉,281568,279094,560662
202212,7호선,광명사거리,491025,483893,974918
202212,7호선,군자,357339,282249,639588
202212,7호선,남구로,356355,377166,733521
202212,7호선,남성,266306,246958,513264
202212,7호선,내방,349850,356310,706160
202212,7호선,노원,475773,496270,972043
202212,7호선,논현,434007,455364,889371
202212,7호선,대림,184591,186748,371339
202212,7호선,도봉산,209683,234633,444316
202212,7호선,뚝섬유원지,169795,165522,335317
202212,7호선,마들,310238,289149,599387
202212,7호선,먹골,239876,236203,476079
202212,7호선,면목,362017,351337,713354
202212,7호선,반포,146576,142867,289443
202212,7호선,보라매,171579,176083,347662
202212,7호선,사가정,374971,376244,751215
202212,7호선,상도,278913,270428,549341
202212,7호선,상봉,397426,380586,778012
202212,7호선,수락산,295966,291114,587080
202212,7호선,숭실대입구,318772,318857,637629
202212,7호선,신대방삼거리,351387,333863,685250
202212,7호선,신풍,269752,254699,524451
202212,7호선,어린이대공원,361778,364159,725937
202212,7호선,온수,245542,225979,471521
202212,7호선,용마산,137616,131826,269442
202212,7호선,이수,384287,364158,748445
202212,7호선,장승배기,215195,210697,425892
202212,7호선,장암,55607,20855,76462
202212,7호선,중계,344852,311588,656440
202212,7호선,중곡,259147,241679,500826
202212,7호선,중화,251982,246762,498744
202212,7호선,천왕,273771,258712,532483
202212,7호선,철산,506794,518119,1024913
202212,7호선,청담,458295,522122,980417
202212,7호선,태릉입구,211999,199642,411641
202212,7호선,하계,428288,402065,830353
202212,7호선,학동,567656,605397,1173053
202201,8호선,가락시장,161110,177153,338263
202201,8호선,강동구청,216242,225159,441401
202201,8호선,남위례,74482,80644,155126
202201,8호선,남한산성입구,268764,246799,515563
202201,8호선,단대오거리,209609,206071,415680
202201,8호선,모란,92148,71114,163262
202201,8호선,몽촌토성,122798,124580,247378
202201,8호선,문정,461596,484268,945864
202201,8호선,복정,190405,160874,351279
202201,8호선,산성,105356,105634,210990
202201,8호선,석촌,159344,181948,341292
202201,8호선,송파,149842,153530,303372
202201,8호선,수진,106316,97419,203735
202201,8호선,신흥,83974,91481,175455
202201,8호선,암사,382930,343086,726016
202201,8호선,잠실,285502,331517,617019
202201,8호선,장지,347650,336744,684394
202201,8호선,천호,300568,343467,644035
202202,8호선,가락시장,131435,144754,276189
202202,8호선,강동구청,186046,193611,379657
202202,8호선,남위례,70270,75075,145345
202202,8호선,남한산성입구,234327,215910,450237
202202,8호선,단대오거리,183965,179770,363735
202202,8호선,모란,79833,62033,141866
202202,8호선,몽촌토성,105013,106473,211486
202202,8호선,문정,385438,405758,791196
202202,8호선,복정,160841,138372,299213
202202,8호선,산성,89850,90573,180423
202202,8호선,석촌,137303,157088,294391
202202,8호선,송파,129901,133170,263071
202202,8호선,수진,93444,86027,179471
202202,8호선,신흥,74530,81558,156088
202202,8호선,암사,330610,295316,625926
202202,8호선,잠실,243513,279109,522622
202202,8호선,장지,295788,288380,584168
202202,8호선,천호,258857,296039,554896
202203,8호선,가락시장,155423,171971,327394
202203,8호선,강동구청,213331,220319,433650
202203,8호선,남위례,92178,96607,188785
202203,8호선,남한산성입구,307193,286102,593295
202203,8호선,단대오거리,231830,220345,452175
202203,8호선,모란,98770,78738,177508
202203,8호선,몽촌토성,121388,123177,244565
202203,8호선,문정,444956,466320,911276
202203,8호선,복정,199811,169690,369501
202203,8호선,산성,110065,110386,220451
202203,8호선,석촌,156008,178202,334210
202203,8호선,송파,154426,156389,310815
202203,8호선,수진,110785,102238,213023
202203,8호선,신흥,85563,91722,177285
202203,8호선,암사,382205,340417,722622
202203,8호선,잠실,265219,306090,571309
202203,8호선,장지,347307,337959,685266
202203,8호선,천호,294719,338446,633165
202204,8호선,가락시장,163773,182789,346562
202204,8호선,강동구청,221060,226563,447623
202204,8호선,남위례,104874,108491,213365
202204,8호선,남한산성입구,329871,302051,631922
202204,8호선,단대오거리,240904,226178,467082
202204,8호선,모란,102557,82732,185289
202204,8호선,몽촌토성,131369,132664,264033
202204,8호선,문정,465813,491233,957046
202204,8호선,복정,214961,179354,394315
202204,8호선,산성,117255,116796,234051
202204,8호선,석촌,167917,197470,365387
202204,8호선,송파,174415,170414,344829
202204,8호선,수진,114696,104822,219518
202204,8호선,신흥,88070,94537,182607
202204,8호선,암사,402614,351986,754600
202204,8호선,잠실,297947,355166,653113
202204,8호선,장지,366135,348957,715092
202204,8호선,천호,306502,353650,660152
202205,8호선,가락시장,175446,197662,373108
202205,8호선,강동구청,240602,244657,485259
202205,8호선,남위례,122476,126756,249232
202205,8호선,남한산성입구,358515,327205,685720
202205,8호선,단대오거리,263516,246818,510334
202205,8호선,모란,111478,89180,200658
202205,8호선,몽촌토성,155831,158170,314001
202205,8호선,문정,490349,519141,1009490
202205,8호선,복정,233181,195456,428637
202205,8호선,산성,128535,128260,256795
202205,8호선,석촌,176473,203199,379672
202205,8호선,송파,195256,188862,384118
202205,8호선,수진,124503,113333,237836
202205,8호선,신흥,97886,104861,202747
202205,8호선,암사,438764,379833,818597
202205,8호선,잠실,317697,388164,705861
202205,8호선,장지,398280,377167,775447
202205,8호선,천호,335308,389739,725047
202206,8호선,가락시장,171984,191668,363652
202206,8호선,강동구청,233888,240942,474830
202206,8호선,남위례,121718,126388,248106
202206,8호선,남한산성입구,326164,297740,623904
202206,8호선,단대오거리,244541,234850,479391
202206,8호선,모란,106106,85268,191374
202206,8호선,몽촌토성,139733,143397,283130
202206,8호선,문정,479162,505481,984643
202206,8호선,복정,218104,184840,402944
202206,8호선,산성,122097,122565,244662
202206,8호선,석촌,169985,195114,365099
202206,8호선,송파,194747,192035,386782
202206,8호선,수진,121585,112363,233948
202206,8호선,신흥,94328,101853,196181
202206,8호선,암사,425938,374170,800108
202206,8호선,잠실,321501,379600,701101
202206,8호선,장지,388050,370707,758757
202206,8호선,천호,326479,375025,701504
202207,8호선,가락시장,166339,185689,352028
202207,8호선,강동구청,228671,235901,464572
202207,8호선,남위례,119638,123522,243160
202207,8호선,남한산성입구,295094,263940,559034
202207,8호선,단대오거리,227573,222777,450350
202207,8호선,모란,100672,79962,180634
202207,8호선,몽촌토성,134200,138165,272365
202207,8호선,문정,484426,511362,995788
202207,8호선,복정,201528,169747,371275
202207,8호선,산성,114635,114742,229377
202207,8호선,석촌,167290,191509,358799
202207,8호선,송파,192402,189323,381725
202207,8호선,수진,118460,108381,226841
202207,8호선,신흥,93593,101558,195151
202207,8호선,암사,414961,363332,778293
202207,8호선,잠실,327630,385507,713137
202207,8호선,장지,379715,363467,743182
202207,8호선,천호,320122,368187,688309
202208,8호선,가락시장,171257,188287,359544
202208,8호선,강동구청,231680,239238,470918
202208,8호선,남위례,122134,126439,248573
202208,8호선,남한산성입구,302146,272540,574686
202208,8호선,단대오거리,234661,228594,463255
202208,8호선,모란,105562,84615,190177
202208,8호선,몽촌토성,136772,139708,276480
202208,8호선,문정,488496,514384,1002880
202208,8호선,복정,203184,172410,375594
202208,8호선,산성,116372,117301,233673
202208,8호선,석촌,170869,196615,367484
202208,8호선,송파,195904,193105,389009
202208,8호선,수진,120905,111639,232544
202208,8호선,신흥,95384,104008,199392
202208,8호선,암사,424607,373140,797747
202208,8호선,잠실,337290,390452,727742
202208,8호선,장지,385287,367939,753226
202208,8호선,천호,327374,375915,703289
202209,8호선,가락시장,171781,191308,363089
202209,8호선,강동구청,235205,239024,474229
202209,8호선,남위례,130727,134279,265006
202209,8호선,남한산성입구,340466,309642,650108
202209,8호선,단대오거리,248539,236246,484785
202209,8호선,모란,107043,85687,192730
202209,8호선,몽촌토성,140268,142939,283207
202209,8호선,문정,470814,496242,967056
202209,8호선,복정,217312,180995,398307
202209,8호선,산성,120521,121579,242100
202209,8호선,석촌,167856,194326,362182
202209,8호선,송파,195864,191368,387232
202209,8호선,수진,120758,110776,231534
202209,8호선,신흥,94169,102134,196303
202209,8호선,암사,426703,372944,799647
202209,8호선,잠실,316512,374981,691493
202209,8호선,장지,383521,359823,743344
202209,8호선,천호,322534,370956,693490
202210,8호선,가락시장,168865,187494,356359
202210,8호선,강동구청,230072,235737,465809
202210,8호선,남위례,132982,136468,269450
202210,8호선,남한산성입구,328498,301220,629718
202210,8호선,단대오거리,242483,231766,474249
202210,8호선,모란,104150,84508,188658
202210,8호선,몽촌토성,144414,147176,291590
202210,8호선,문정,456466,481964,938430
202210,8호선,복정,211518,175981,387499
202210,8호선,산성,119251,119759,239010
202210,8호선,석촌,167301,194538,361839
202210,8호선,송파,191726,187694,379420
202210,8호선,수진,115787,106919,222706
202210,8호선,신흥,97830,104668,202498
202210,8호선,암사,418366,365288,783654
202210,8호선,잠실,321746,383011,704757
202210,8호선,장지,376063,354365,730428
202210,8호선,천호,316090,362571,678661
202211,8호선,가락시장,182377,203768,386145
202211,8호선,강동구청,252362,258868,511230
202211,8호선,남위례,147272,152072,299344
202211,8호선,남한산성입구,355397,324561,679958
202211,8호선,단대오거리,259163,248844,508007
202211,8호선,모란,110979,87793,198772
202211,8호선,몽촌토성,149588,152484,302072
202211,8호선,문정,508377,533685,1042062
202211,8호선,복정,231943,193302,425245
202211,8호선,산성,126859,126481,253340
202211,8호선,석촌,178778,206163,384941
202211,8호선,송파,207513,203547,411060
202211,8호선,수진,125328,115333,240661
202211,8호선,신흥,112301,118999,231300
202211,8호선,암사,457165,396988,854153
202211,8호선,잠실,338782,397535,736317
202211,8호선,장지,407801,383185,790986
202211,8호선,천호,342554,391125,733679
202212,8호선,가락시장,192229,212765,404994
202212,8호선,강동구청,256084,262367,518451
202212,8호선,남위례,145240,149364,294604
202212,8호선,남한산성입구,325458,295260,620718
202212,8호선,단대오거리,262911,254927,517838
202212,8호선,모란,109385,85056,194441
202212,8호선,몽촌토성,150274,155323,305597
202212,8호선,문정,509019,533390,1042409
202212,8호선,복정,218301,182017,400318
202212,8호선,산성,122278,120852,243130
202212,8호선,석촌,183149,211257,394406
202212,8호선,송파,217777,213707,431484
202212,8호선,수진,126426,116672,243098
202212,8호선,신흥,118077,124399,242476
202212,8호선,암사,448536,394361,842897
202212,8호선,잠실,383800,449820,833620
202212,8호선,장지,419576,396628,816204
202212,8호선,천호,345543,399970,745513
202201,9호선,가양,409086,399676,808762
202201,9호선,개화,49262,34864,84126
202201,9호선,고속터미널,235737,316026,551763
202201,9호선,공항시장,58883,64512,123395
202201,9호선,구반포,29147,30736,59883
202201,9호선,국회의사당,348319,353100,701419
202201,9호선,김포공항,149754,234959,384713
202201,9호선,노들,88679,76515,165194
202201,9호선,노량진,531177,514044,1045221
202201,9호선,당산,367803,367430,735233
202201,9호선,동작,38949,30724,69673
202201,9호선,둔촌오륜,19434,18963,38397
202201,9호선,등촌,232676,231012,463688
202201,9호선,마곡나루,240108,236381,476489
202201,9호선,봉은사,324010,329769,653779
202201,9호선,사평,71110,69786,140896
202201,9호선,삼성중앙,140740,147847,288587
202201,9호선,삼전,141947,138718,280665
202201,9호선,샛강,120965,125427,246392
202201,9호선,석촌,170239,150875,321114
202201,9호선,석촌고분,125600,124785,250385
202201,9호선,선유도,180115,172978,353093
202201,9호선,선정릉,198116,214716,412832
202201,9호선,송파나루,104177,110085,214262
202201,9호선,신논현,664216,655580,1319796
202201,9호선,신목동,81684,73371,155055
202201,9호선,신반포,64226,63713,127939
202201,9호선,신방화,135783,132916,268699
202201,9호선,양천향교,193171,197213,390384
202201,9호선,언주,224078,227576,451654
202201,9호선,여의도,569741,538737,1108478
202201,9호선,염창,348058,338720,686778
202201,9호선,올림픽공원,119328,118278,237606
202201,9호선,종합운동장,86857,86649,173506
202201,9호선,중앙보훈병원,216370,191551,407921
202201,9호선,증미,152814,152489,305303
202201,9호선,한성백제,51379,47440,98819
202201,9호선,흑석,158708,166139,324847
202202,9호선,가양,352761,346940,699701
202202,9호선,개화,42834,30801,73635
202202,9호선,고속터미널,212644,264537,477181
202202,9호선,공항시장,52944,57491,110435
202202,9호선,구반포,23397,24776,48173
202202,9호선,국회의사당,284876,290857,575733
202202,9호선,김포공항,139870,213436,353306
202202,9호선,노들,76051,66015,142066
202202,9호선,노량진,447302,437149,884451
202202,9호선,당산,312983,316336,629319
202202,9호선,동작,35235,28374,63609
202202,9호선,둔촌오륜,18328,17571,35899
202202,9호선,등촌,199799,199037,398836
202202,9호선,마곡나루,203820,202328,406148
202202,9호선,봉은사,282056,287718,569774
202202,9호선,사평,60375,59290,119665
202202,9호선,삼성중앙,118288,125337,243625
202202,9호선,삼전,123779,121388,245167
202202,9호선,샛강,100769,104649,205418
202202,9호선,석촌,146801,131614,278415
202202,9호선,석촌고분,108087,108755,216842
202202,9호선,선유도,149623,144791,294414
202202,9호선,선정릉,166260,182051,348311
202202,9호선,송파나루,89512,94932,184444
202202,9호선,신논현,553191,548564,1101755
202202,9호선,신목동,69460,62031,131491
202202,9호선,신반포,55538,54626,110164
202202,9호선,신방화,118361,116425,234786
202202,9호선,양천향교,166087,170027,336114
202202,9호선,언주,187457,192233,379690
202202,9호선,여의도,469509,447947,917456
202202,9호선,염창,297170,292855,590025
202202,9호선,올림픽공원,98593,97247,195840
202202,9호선,종합운동장,73236,73767,147003
202202,9호선,중앙보훈병원,186297,165127,351424
202202,9호선,증미,127964,128127,256091
202202,9호선,한성백제,44729,41122,85851
202202,9호선,흑석,137733,144935,282668
202203,9호선,가양,414389,402823,817212
202203,9호선,개화,48709,36029,84738
202203,9호선,고속터미널,232103,290317,522420
202203,9호선,공항시장,62728,68022,130750
202203,9호선,구반포,27085,28175,55260
202203,9호선,국회의사당,301145,309884,611029
202203,9호선,김포공항,136226,208546,344772
202203,9호선,노들,88922,75758,164680
202203,9호선,노량진,522751,507252,1030003
202203,9호선,당산,362961,361604,724565
202203,9호선,동작,40757,33100,73857
202203,9호선,둔촌오륜,24471,23118,47589
202203,9호선,등촌,230265,223809,454074
202203,9호선,마곡나루,243061,239373,482434
202203,9호선,봉은사,310503,316825,627328
202203,9호선,사평,69158,68051,137209
202203,9호선,삼성중앙,132778,140320,273098
202203,9호선,삼전,141112,136751,277863
202203,9호선,샛강,114377,118287,232664
202203,9호선,석촌,168876,149110,317986
202203,9호선,석촌고분,122603,120981,243584
202203,9호선,선유도,173245,165256,338501
202203,9호선,선정릉,189338,207984,397322
202203,9호선,송파나루,101204,106658,207862
202203,9호선,신논현,617104,610461,1227565
202203,9호선,신목동,81844,72222,154066
202203,9호선,신반포,67874,65540,133414
202203,9호선,신방화,141331,137213,278544
202203,9호선,양천향교,202977,205986,408963
202203,9호선,언주,205985,211070,417055
202203,9호선,여의도,525579,507097,1032676
202203,9호선,염창,345514,336848,682362
202203,9호선,올림픽공원,115902,115847,231749
202203,9호선,종합운동장,81146,83244,164390
202203,9호선,중앙보훈병원,214469,189886,404355
202203,9호선,증미,148264,145657,293921
202203,9호선,한성백제,50644,45914,96558
202203,9호선,흑석,187883,190004,377887
202204,9호선,가양,441183,423741,864924
202204,9호선,개화,53950,38187,92137
202204,9호선,고속터미널,261467,324878,586345
202204,9호선,공항시장,64146,68554,132700
202204,9호선,구반포,27449,28890,56339
202204,9호선,국회의사당,356949,367036,723985
202204,9호선,김포공항,150789,231198,381987
202204,9호선,노들,95668,79534,175202
202204,9호선,노량진,558816,537739,1096555
202204,9호선,당산,392193,388453,780646
202204,9호선,동작,47410,39203,86613
202204,9호선,둔촌오륜,25699,22728,48427
202204,9호선,등촌,239383,228073,467456
202204,9호선,마곡나루,259637,257319,516956
202204,9호선,봉은사,342052,351836,693888
202204,9호선,사평,75107,72502,147609
202204,9호선,삼성중앙,144516,152587,297103
202204,9호선,삼전,144509,138067,282576
202204,9호선,샛강,127817,133509,261326
202204,9호선,석촌,186035,165838,351873
202204,9호선,석촌고분,128364,125012,253376
202204,9호선,선유도,187787,177949,365736
202204,9호선,선정릉,205470,227193,432663
202204,9호선,송파나루,108430,115016,223446
202204,9호선,신논현,657948,661240,1319188
202204,9호선,신목동,90401,78471,168872
202204,9호선,신반포,74782,73204,147986
202204,9호선,신방화,146534,140076,286610
202204,9호선,양천향교,212808,215133,427941
202204,9호선,언주,217902,224093,441995
202204,9호선,여의도,592249,579916,1172165
202204,9호선,염창,370516,354024,724540
202204,9호선,올림픽공원,131413,131067,262480
202204,9호선,종합운동장,88383,92357,180740
202204,9호선,중앙보훈병원,231298,204110,435408
202204,9호선,증미,155444,149675,305119
202204,9호선,한성백제,54568,48647,103215
202204,9호선,흑석,192602,193898,386500
202205,9호선,가양,488042,469138,957180
202205,9호선,개화,62054,42982,105036
202205,9호선,고속터미널,315511,397343,712854
202205,9호선,공항시장,69186,72982,142168
202205,9호선,구반포,30054,31618,61672
202205,9호선,국회의사당,364639,384449,749088
202205,9호선,김포공항,170961,262317,433278
202205,9호선,노들,106732,88722,195454
202205,9호선,노량진,617271,597001,1214272
202205,9호선,당산,427868,430077,857945
202205,9호선,동작,49120,40822,89942
202205,9호선,둔촌오륜,26947,24173,51120
202205,9호선,등촌,262346,248449,510795
202205,9호선,마곡나루,288313,285891,574204
202205,9호선,봉은사,389031,400443,789474
202205,9호선,사평,85420,80618,166038
202205,9호선,삼성중앙,161905,171200,333105
202205,9호선,삼전,158933,150074,309007
202205,9호선,샛강,142695,147577,290272
202205,9호선,석촌,200529,174268,374797
202205,9호선,석촌고분,140161,134213,274374
202205,9호선,선유도,202916,192307,395223
202205,9호선,선정릉,226237,249589,475826
202205,9호선,송파나루,114853,121975,236828
202205,9호선,신논현,740662,742891,1483553
202205,9호선,신목동,102150,87482,189632
202205,9호선,신반포,88837,86661,175498
202205,9호선,신방화,158925,150727,309652
202205,9호선,양천향교,229492,230457,459949
202205,9호선,언주,236130,244120,480250
202205,9호선,여의도,645623,637261,1282884
202205,9호선,염창,405234,385883,791117
202205,9호선,올림픽공원,159330,157868,317198
202205,9호선,종합운동장,100499,102781,203280
202205,9호선,중앙보훈병원,253549,222688,476237
202205,9호선,증미,169241,163347,332588
202205,9호선,한성백제,61802,54955,116757
202205,9호선,흑석,217858,219650,437508
202206,9호선,가양,473030,460802,933832
202206,9호선,개화,60531,41777,102308
202206,9호선,고속터미널,305621,391171,696792
202206,9호선,공항시장,67745,72978,140723
202206,9호선,구반포,28841,29443,58284
202206,9호선,국회의사당,362142,377038,739180
202206,9호선,김포공항,175866,265488,441354
202206,9호선,노들,104995,87959,192954
202206,9호선,노량진,571226,560260,1131486
202206,9호선,당산,419943,426083,846026
202206,9호선,동작,60539,52547,113086
202206,9호선,둔촌오륜,25992,23789,49781
202206,9호선,등촌,259248,246968,506216
202206,9호선,마곡나루,280482,279605,560087
202206,9호선,봉은사,415058,425891,840949
202206,9호선,사평,86321,83180,169501
202206,9호선,삼성중앙,166517,174761,341278
202206,9호선,삼전,157399,149979,307378
202206,9호선,샛강,146698,144666,291364
202206,9호선,석촌,197422,174297,371719
202206,9호선,석촌고분,141574,137486,279060
202206,9호선,선유도,200826,191330,392156
202206,9호선,선정릉,227471,249897,477368
202206,9호선,송파나루,114524,121611,236135
202206,9호선,신논현,691189,687158,1378347
202206,9호선,신목동,99656,85555,185211
202206,9호선,신반포,84189,82886,167075
202206,9호선,신방화,155302,150278,305580
202206,9호선,양천향교,223237,228505,451742
202206,9호선,언주,241382,247767,489149
202206,9호선,여의도,641500,620336,1261836
202206,9호선,염창,395083,380084,775167
202206,9호선,올림픽공원,147705,149576,297281
202206,9호선,종합운동장,98937,99814,198751
202206,9호선,중앙보훈병원,251025,222021,473046
202206,9호선,증미,166761,161951,328712
202206,9호선,한성백제,60084,54135,114219
202206,9호선,흑석,197871,201925,399796
202207,9호선,가양,467907,454220,922127
202207,9호선,개화,60082,40565,100647
202207,9호선,고속터미널,293495,384868,678363
202207,9호선,공항시장,66080,71550,137630
202207,9호선,구반포,27654,28423,56077
202207,9호선,국회의사당,381788,396026,777814
202207,9호선,김포공항,171430,254516,425946
202207,9호선,노들,102825,84934,187759
202207,9호선,노량진,555535,541367,1096902
202207,9호선,당산,415533,420335,835868
202207,9호선,동작,42841,33753,76594
202207,9호선,둔촌오륜,24773,23072,47845
202207,9호선,등촌,258350,246983,505333
202207,9호선,마곡나루,277974,276229,554203
202207,9호선,봉은사,432591,443607,876198
202207,9호선,사평,87614,84180,171794
202207,9호선,삼성중앙,170008,179216,349224
202207,9호선,삼전,156572,149490,306062
202207,9호선,샛강,141462,142583,284045
202207,9호선,석촌,192888,169135,362023
202207,9호선,석촌고분,141405,137568,278973
202207,9호선,선유도,200246,190869,391115
202207,9호선,선정릉,228552,250848,479400
202207,9호선,송파나루,116026,125637,241663
202207,9호선,신논현,699424,695852,1395276
202207,9호선,신목동,97359,82545,179904
202207,9호선,신반포,81750,80671,162421
202207,9호선,신방화,152569,147761,300330
202207,9호선,양천향교,213571,217951,431522
202207,9호선,언주,249771,254852,504623
202207,9호선,여의도,655704,629125,1284829
202207,9호선,염창,386866,371729,758595
202207,9호선,올림픽공원,140379,139521,279900
202207,9호선,종합운동장,98845,99946,198791
202207,9호선,중앙보훈병원,250377,220258,470635
202207,9호선,증미,168166,164231,332397
202207,9호선,한성백제,59460,53447,112907
202207,9호선,흑석,179119,186597,365716
202208,9호선,가양,476624,464259,940883
202208,9호선,개화,61218,42371,103589
202208,9호선,고속터미널,295471,383616,679087
202208,9호선,공항시장,67997,73836,141833
202208,9호선,구반포,27829,27600,55429
202208,9호선,국회의사당,390410,401219,791629
202208,9호선,김포공항,175065,255963,431028
202208,9호선,노들,102928,87015,189943
202208,9호선,노량진,568162,565940,1134102
202208,9호선,당산,424186,427741,851927
202208,9호선,동작,39450,30568,70018
202208,9호선,둔촌오륜,24164,23312,47476
202208,9호선,등촌,265592,256413,522005
202208,9호선,마곡나루,277988,276376,554364
202208,9호선,봉은사,421065,423344,844409
202208,9호선,사평,84281,82720,167001
202208,9호선,삼성중앙,170544,177573,348117
202208,9호선,삼전,160475,153832,314307
202208,9호선,샛강,144620,144434,289054
202208,9호선,석촌,195952,172611,368563
202208,9호선,석촌고분,146667,143496,290163
202208,9호선,선유도,201154,190792,391946
202208,9호선,선정릉,229517,247256,476773
202208,9호선,송파나루,118757,127425,246182
202208,9호선,신논현,680262,676251,1356513
202208,9호선,신목동,96198,83451,179649
202208,9호선,신반포,82662,84000,166662
202208,9호선,신방화,154094,150535,304629
202208,9호선,양천향교,221473,227274,448747
202208,9호선,언주,251884,253449,505333
202208,9호선,여의도,673222,635819,1309041
202208,9호선,염창,395229,382215,777444
202208,9호선,올림픽공원,149734,149819,299553
202208,9호선,종합운동장,115038,102454,217492
202208,9호선,중앙보훈병원,252438,223499,475937
202208,9호선,증미,175452,169459,344911
202208,9호선,한성백제,60430,54043,114473
202208,9호선,흑석,181368,190020,371388
202209,9호선,가양,485022,467754,952776
202209,9호선,개화,62299,42572,104871
202209,9호선,고속터미널,309451,411328,720779
202209,9호선,공항시장,67163,72152,139315
202209,9호선,구반포,27174,27516,54690
202209,9호선,국회의사당,368683,383206,751889
202209,9호선,김포공항,156035,238114,394149
202209,9호선,노들,108900,90287,199187
202209,9호선,노량진,594664,586648,1181312
202209,9호선,당산,422841,430153,852994
202209,9호선,동작,43768,32988,76756
202209,9호선,둔촌오륜,25184,23371,48555
202209,9호선,등촌,264296,250850,515146
202209,9호선,마곡나루,277878,274709,552587
202209,9호선,봉은사,397463,406593,804056
202209,9호선,사평,87943,84103,172046
202209,9호선,삼성중앙,168895,175601,344496
202209,9호선,삼전,156929,148199,305128
202209,9호선,샛강,140058,140738,280796
202209,9호선,석촌,198889,176068,374957
202209,9호선,석촌고분,144506,139516,284022
202209,9호선,선유도,198084,185750,383834
202209,9호선,선정릉,227364,249136,476500
202209,9호선,송파나루,113643,122274,235917
202209,9호선,신논현,669757,659118,1328875
202209,9호선,신목동,100578,85554,186132
202209,9호선,신반포,89103,89165,178268
202209,9호선,신방화,156581,151284,307865
202209,9호선,양천향교,221072,224497,445569
202209,9호선,언주,240612,245674,486286
202209,9호선,여의도,633315,614973,1248288
202209,9호선,염창,402349,383927,786276
202209,9호선,올림픽공원,177990,182128,360118
202209,9호선,종합운동장,98506,99784,198290
202209,9호선,중앙보훈병원,253931,224983,478914
202209,9호선,증미,170027,162410,332437
202209,9호선,한성백제,61045,54547,115592
202209,9호선,흑석,235666,238703,474369
202210,9호선,가양,471979,462079,934058
202210,9호선,개화,61190,41365,102555
202210,9호선,고속터미널,298116,388529,686645
202210,9호선,공항시장,64989,69898,134887
202210,9호선,구반포,26002,26824,52826
202210,9호선,국회의사당,353952,366954,720906
202210,9호선,김포공항,161948,239167,401115
202210,9호선,노들,103328,86447,189775
202210,9호선,노량진,577320,569015,1146335
202210,9호선,당산,409629,416370,825999
202210,9호선,동작,41940,31758,73698
202210,9호선,둔촌오륜,24304,22870,47174
202210,9호선,등촌,254713,241805,496518
202210,9호선,마곡나루,273261,272125,545386
202210,9호선,봉은사,402143,414902,817045
202210,9호선,사평,84226,81086,165312
202210,9호선,삼성중앙,162251,171209,333460
202210,9호선,삼전,152933,144474,297407
202210,9호선,샛강,137354,136760,274114
202210,9호선,석촌,197630,176944,374574
202210,9호선,석촌고분,141617,136953,278570
202210,9호선,선유도,190886,180257,371143
202210,9호선,선정릉,222085,245110,467195
202210,9호선,송파나루,112091,118482,230573
202210,9호선,신논현,645445,633168,1278613
202210,9호선,신목동,97165,83981,181146
202210,9호선,신반포,83472,82348,165820
202210,9호선,신방화,151885,146776,298661
202210,9호선,양천향교,214298,218469,432767
202210,9호선,언주,237193,243502,480695
202210,9호선,여의도,617408,597335,1214743
202210,9호선,염창,391629,378495,770124
202210,9호선,올림픽공원,157531,159604,317135
202210,9호선,종합운동장,98468,98102,196570
202210,9호선,중앙보훈병원,250424,221832,472256
202210,9호선,증미,154348,144868,299216
202210,9호선,한성백제,62317,54900,117217
202210,9호선,흑석,213941,219184,433125
202211,9호선,가양,513838,503653,1017491
202211,9호선,개화,65264,43495,108759
202211,9호선,고속터미널,306053,403287,709340
202211,9호선,공항시장,69557,75117,144674
202211,9호선,구반포,29332,30382,59714
202211,9호선,국회의사당,419110,423416,842526
202211,9호선,김포공항,158604,236764,395368
202211,9호선,노들,110734,91726,202460
202211,9호선,노량진,621271,609691,1230962
202211,9호선,당산,447239,451859,899098
202211,9호선,동작,42813,31604,74417
202211,9호선,둔촌오륜,26601,25298,51899
202211,9호선,등촌,277792,265050,542842
202211,9호선,마곡나루,298099,293990,592089
202211,9호선,봉은사,447003,457261,904264
202211,9호선,사평,92212,88075,180287
202211,9호선,삼성중앙,182542,191184,373726
202211,9호선,삼전,165968,157093,323061
202211,9호선,샛강,153129,151465,304594
202211,9호선,석촌,210315,187476,397791
202211,9호선,석촌고분,154246,149947,304193
202211,9호선,선유도,210181,197177,407358
202211,9호선,선정릉,245626,269786,515412
202211,9호선,송파나루,118377,126016,244393
202211,9호선,신논현,702295,684598,1386893
202211,9호선,신목동,105811,91789,197600
202211,9호선,신반포,89189,87448,176637
202211,9호선,신방화,163207,158981,322188
202211,9호선,양천향교,234147,239933,474080
202211,9호선,언주,260733,266692,527425
202211,9호선,여의도,719958,685261,1405219
202211,9호선,염창,424458,409881,834339
202211,9호선,올림픽공원,166579,168163,334742
202211,9호선,종합운동장,105196,105273,210469
202211,9호선,중앙보훈병원,278566,241856,520422
202211,9호선,증미,170738,159675,330413
202211,9호선,한성백제,64966,57581,122547
202211,9호선,흑석,235543,242411,477954
202212,9호선,가양,506276,495841,1002117
202212,9호선,개화,63353,41195,104548
202212,9호선,고속터미널,314594,419589,734183
202212,9호선,공항시장,69006,74960,143966
202212,9호선,구반포,29339,30425,59764
202212,9호선,국회의사당,409048,417211,826259
202212,9호선,김포공항,163868,236779,400647
202212,9호선,노들,109209,91207,200416
202212,9호선,노량진,626580,606129,1232709
202212,9호선,당산,455581,451884,907465
202212,9호선,동작,37992,28161,66153
202212,9호선,둔촌오륜,28090,26699,54789
202212,9호선,등촌,277944,265659,543603
202212,9호선,마곡나루,303921,295457,599378
202212,9호선,봉은사,471299,486022,957321
202212,9호선,사평,93661,90497,184158
202212,9호선,삼성중앙,183651,192876,376527
202212,9호선,삼전,169980,161998,331978
202212,9호선,샛강,154585,154232,308817
202212,9호선,석촌,209231,185615,394846
202212,9호선,석촌고분,158588,156264,314852
202212,9호선,선유도,209999,197872,407871
202212,9호선,선정릉,234762,258316,493078
202212,9호선,송파나루,128495,138742,267237
202212,9호선,신논현,725194,714060,1439254
202212,9호선,신목동,101720,87946,189666
202212,9호선,신반포,87074,85704,172778
202212,9호선,신방화,163970,160611,324581
202212,9호선,양천향교,229956,236403,466359
202212,9호선,언주,266212,271615,537827
202212,9호선,여의도,739992,693829,1433821
202212,9호선,염창,418683,403704,822387
202212,9호선,올림픽공원,170744,179060,349804
202212,9호선,종합운동장,112583,111596,224179
202212,9호선,중앙보훈병원,270876,236889,507765
202212,9호선,증미,170281,161186,331467
202212,9호선,한성백제,65128,58086,123214
202212,9호선,흑석,214041,221025,435066
202201,수인분당선,가천대,129013,146408,275421
202201,수인분당선,강남구청,211063,238407,449470
202201,수인분당선,개포동,74234,78276,152510
202201,수인분당선,고색,91638,85634,177272
202201,수인분당선,구룡,37782,37100,74882
202201,수인분당선,구성,101282,107863,209145
202201,수인분당선,기흥,191773,183020,374793
202201,수인분당선,남동인더스파크,46345,51656,98001
202201,수인분당선,달월,1971,1099,3070
202201,수인분당선,대모산입구,90015,84423,174438
202201,수인분당선,도곡,140463,139444,279907
202201,수인분당선,망포,292732,277293,570025
202201,수인분당선,매교,54261,54529,108790
202201,수인분당선,매탄권선,98141,95018,193159
202201,수인분당선,모란,415070,421681,836751
202201,수인분당선,미금,316501,334306,650807
202201,수인분당선,보정,49194,43435,92629
202201,수인분당선,복정,10,0,10
202201,수인분당선,사리,87162,77865,165027
202201,수인분당선,상갈,107105,102974,210079
202201,수인분당선,서울숲,208479,212436,420915
202201,수인분당선,서현,512245,510171,1022416
202201,수인분당선,선릉,282696,419986,702682
202201,수인분당선,선정릉,168129,178000,346129
202201,수인분당선,소래포구,93866,88189,182055
202201,수인분당선,송도,47699,45295,92994
202201,수인분당선,수내,278533,277215,555748
202201,수인분당선,수서,270990,282566,553556
202201,수인분당선,수원,159872,134118,293990
202201,수인분당선,수원시청,257020,272765,529785
202201,수인분당선,숭의,78198,73371,151569
202201,수인분당선,신갈,91298,90781,182079
202201,수인분당선,신포,33500,34107,67607
202201,수인분당선,압구정로데오,397612,425943,823555
202201,수인분당선,야목,6471,4941,11412
202201,수인분당선,야탑,522614,543600,1066214
202201,수인분당선,어천,13602,13349,26951
202201,수인분당선,연수,86020,85522,171542
202201,수인분당선,영통,166439,166572,333011
202201,수인분당선,오리,241885,199485,441370
202201,수인분당선,오목천,53753,50553,104306
202201,수인분당선,원인재,86625,90162,176787
202201,수인분당선,월곶,50349,46973,97322
202201,수인분당선,이매,112465,107865,220330
202201,수인분당선,인천,20103,32465,52568
202201,수인분당선,인천논현,107269,113873,221142
202201,수인분당선,인하대,109536,103910,213446
202201,수인분당선,정자,358506,377509,736015
202201,수인분당선,죽전,262218,287204,549422
202201,수인분당선,청명,83848,81928,165776
202201,수인분당선,태평,273501,265413,538914
202201,수인분당선,한티,305207,325733,630940
202201,수인분당선,호구포,79410,82551,161961
202202,수인분당선,가천대,113389,130752,244141
202202,수인분당선,강남구청,179577,203406,382983
202202,수인분당선,개포동,63979,67224,131203
202202,수인분당선,고색,81083,76532,157615
202202,수인분당선,구룡,33172,32675,65847
202202,수인분당선,구성,85227,90750,175977
202202,수인분당선,기흥,163651,155867,319518
202202,수인분당선,남동인더스파크,40459,45061,85520
202202,수인분당선,달월,1774,1047,2821
202202,수인분당선,대모산입구,78082,73800,151882
202202,수인분당선,도곡,119978,118431,238409
202202,수인분당선,망포,244510,233386,477896
202202,수인분당선,매교,48363,48906,97269
202202,수인분당선,매탄권선,83785,81712,165497
202202,수인분당선,모란,359665,366280,725945
202202,수인분당선,미금,270968,287640,558608
202202,수인분당선,보정,41153,36707,77860
202202,수인분당선,복정,14,0,14
202202,수인분당선,사리,77642,68529,146171
202202,수인분당선,상갈,91458,88151,179609
202202,수인분당선,서울숲,172920,174672,347592
202202,수인분당선,서현,435528,437537,873065
202202,수인분당선,선릉,232111,346538,578649
202202,수인분당선,선정릉,141606,149676,291282
202202,수인분당선,소래포구,79982,74530,154512
202202,수인분당선,송도,41674,39000,80674
202202,수인분당선,수내,232974,232516,465490
202202,수인분당선,수서,237980,240449,478429
202202,수인분당선,수원,139163,115826,254989
202202,수인분당선,수원시청,220768,234826,455594
202202,수인분당선,숭의,67877,63639,131516
202202,수인분당선,신갈,76852,76918,153770
202202,수인분당선,신포,29170,29111,58281
202202,수인분당선,압구정로데오,334075,361093,695168
202202,수인분당선,야목,5858,4395,10253
202202,수인분당선,야탑,456975,469276,926251
202202,수인분당선,어천,11738,12193,23931
202202,수인분당선,연수,75013,74860,149873
202202,수인분당선,영통,140630,142123,282753
202202,수인분당선,오리,204608,169260,373868
202202,수인분당선,오목천,46185,44257,90442
202202,수인분당선,원인재,76412,80367,156779
202202,수인분당선,월곶,44994,42015,87009
202202,수인분당선,이매,96408,94205,190613
202202,수인분당선,인천,18514,29073,47587
202202,수인분당선,인천논현,93595,99204,192799
202202,수인분당선,인하대,95050,90349,185399
202202,수인분당선,정자,294812,312178,606990
202202,수인분당선,죽전,223246,245370,468616
202202,수인분당선,청명,70188,69178,139366
202202,수인분당선,태평,239246,232281,471527
202202,수인분당선,한티,254994,274546,529540
202202,수인분당선,호구포,69849,72588,142437
202203,수인분당선,가천대,179572,198581,378153
202203,수인분당선,강남구청,200588,230376,430964
202203,수인분당선,개포동,77526,80527,158053
202203,수인분당선,고색,105294,100933,206227
202203,수인분당선,구룡,48777,46872,95649
202203,수인분당선,구성,101644,107354,208998
202203,수인분당선,기흥,199765,189044,388809
202203,수인분당선,남동인더스파크,47758,53314,101072
202203,수인분당선,달월,2182,1319,3501
202203,수인분당선,대모산입구,92153,86917,179070
202203,수인분당선,도곡,139727,137906,277633
202203,수인분당선,망포,294032,280379,574411
202203,수인분당선,매교,67108,66593,133701
202203,수인분당선,매탄권선,105037,102046,207083
202203,수인분당선,모란,439498,448304,887802
202203,수인분당선,미금,317931,337456,655387
202203,수인분당선,보정,51845,45658,97503
202203,수인분당선,복정,10,0,10
202203,수인분당선,사리,99426,89223,188649
202203,수인분당선,상갈,108734,106070,214804
202203,수인분당선,서울숲,204202,206674,410876
202203,수인분당선,서현,486516,493497,980013
202203,수인분당선,선릉,262326,393817,656143
202203,수인분당선,선정릉,161522,171619,333141
202203,수인분당선,소래포구,103932,97457,201389
202203,수인분당선,송도,51805,48626,100431
202203,수인분당선,수내,265035,265185,530220
202203,수인분당선,수서,270452,276152,546604
202203,수인분당선,수원,170083,140356,310439
202203,수인분당선,수원시청,257387,274867,532254
202203,수인분당선,숭의,83596,77988,161584
202203,수인분당선,신갈,90815,91658,182473
202203,수인분당선,신포,38201,38163,76364
202203,수인분당선,압구정로데오,378609,413982,792591
202203,수인분당선,야목,7981,6076,14057
202203,수인분당선,야탑,529306,545623,1074929
202203,수인분당선,어천,14917,15198,30115
202203,수인분당선,연수,95691,94373,190064
202203,수인분당선,영통,170922,174050,344972
202203,수인분당선,오리,237143,196057,433200
202203,수인분당선,오목천,71334,66465,137799
202203,수인분당선,원인재,91692,96924,188616
202203,수인분당선,월곶,57745,53465,111210
202203,수인분당선,이매,117282,110162,227444
202203,수인분당선,인천,20937,34018,54955
202203,수인분당선,인천논현,114146,122729,236875
202203,수인분당선,인하대,139813,132772,272585
202203,수인분당선,정자,339138,358958,698096
202203,수인분당선,죽전,287580,314160,601740
202203,수인분당선,청명,88010,86473,174483
202203,수인분당선,태평,277677,269882,547559
202203,수인분당선,한티,289206,309289,598495
202203,수인분당선,호구포,84530,88381,172911
202204,수인분당선,가천대,231986,247739,479725
202204,수인분당선,강남구청,212665,246147,458812
202204,수인분당선,개포동,85430,87613,173043
202204,수인분당선,고색,108053,102366,210419
202204,수인분당선,구룡,51336,49074,100410
202204,수인분당선,구성,108188,113650,221838
202204,수인분당선,기흥,217132,201628,418760
202204,수인분당선,남동인더스파크,48499,54409,102908
202204,수인분당선,달월,2338,1491,3829
202204,수인분당선,대모산입구,97798,90470,188268
202204,수인분당선,도곡,151059,148440,299499
202204,수인분당선,망포,310070,292597,602667
202204,수인분당선,매교,68894,68527,137421
202204,수인분당선,매탄권선,111217,107512,218729
202204,수인분당선,모란,453410,463286,916696
202204,수인분당선,미금,331533,352670,684203
202204,수인분당선,보정,56465,48955,105420
202204,수인분당선,복정,9,0,9
202204,수인분당선,사리,106888,94294,201182
202204,수인분당선,상갈,116381,112388,228769
202204,수인분당선,서울숲,259364,267997,527361
202204,수인분당선,서현,503045,511389,1014434
202204,수인분당선,선릉,282088,432340,714428
202204,수인분당선,선정릉,171621,183578,355199
202204,수인분당선,소래포구,123737,117127,240864
202204,수인분당선,송도,54739,50936,105675
202204,수인분당선,수내,278864,279267,558131
202204,수인분당선,수서,292470,299318,591788
202204,수인분당선,수원,177449,148389,325838
202204,수인분당선,수원시청,267906,291189,559095
202204,수인분당선,숭의,87475,81052,168527
202204,수인분당선,신갈,95898,95461,191359
202204,수인분당선,신포,41021,41250,82271
202204,수인분당선,압구정로데오,390928,439681,830609
202204,수인분당선,야목,8754,6545,15299
202204,수인분당선,야탑,551614,576074,1127688
202204,수인분당선,어천,16386,16779,33165
202204,수인분당선,연수,100692,99180,199872
202204,수인분당선,영통,176264,179708,355972
202204,수인분당선,오리,250381,203742,454123
202204,수인분당선,오목천,80324,73301,153625
202204,수인분당선,원인재,95724,101220,196944
202204,수인분당선,월곶,60054,55654,115708
202204,수인분당선,이매,124369,115686,240055
202204,수인분당선,인천,22147,37187,59334
202204,수인분당선,인천논현,120276,129075,249351
202204,수인분당선,인하대,155324,146834,302158
202204,수인분당선,정자,365186,388199,753385
202204,수인분당선,죽전,302325,329267,631592
202204,수인분당선,청명,93287,89628,182915
202204,수인분당선,태평,286139,274806,560945
202204,수인분당선,한티,296411,316593,613004
202204,수인분당선,호구포,88315,91560,179875
202205,수인분당선,가천대,284725,300382,585107
202205,수인분당선,강남구청,233865,269371,503236
202205,수인분당선,개포동,94144,95201,189345
202205,수인분당선,고색,116655,111128,227783
202205,수인분당선,구룡,57416,53344,110760
202205,수인분당선,구성,123175,126717,249892
202205,수인분당선,기흥,246906,231713,478619
202205,수인분당선,남동인더스파크,50193,56346,106539
202205,수인분당선,달월,2672,1853,4525
202205,수인분당선,대모산입구,109338,99548,208886
202205,수인분당선,도곡,168415,162317,330732
202205,수인분당선,망포,349134,327785,676919
202205,수인분당선,매교,75463,74660,150123
202205,수인분당선,매탄권선,126550,119845,246395
202205,수인분당선,모란,494693,498608,993301
202205,수인분당선,미금,363368,386802,750170
202205,수인분당선,보정,63234,55107,118341
202205,수인분당선,복정,11,0,11
202205,수인분당선,사리,120524,105223,225747
202205,수인분당선,상갈,133244,127779,261023
202205,수인분당선,서울숲,287249,295963,583212
202205,수인분당선,서현,571274,583565,1154839
202205,수인분당선,선릉,306974,476320,783294
202205,수인분당선,선정릉,183654,198264,381918
202205,수인분당선,소래포구,153162,144366,297528
202205,수인분당선,송도,61121,57057,118178
202205,수인분당선,수내,312136,311633,623769
202205,수인분당선,수서,324430,334258,658688
202205,수인분당선,수원,199701,168448,368149
202205,수인분당선,수원시청,297513,326328,623841
202205,수인분당선,숭의,96124,88716,184840
202205,수인분당선,신갈,107595,105917,213512
202205,수인분당선,신포,45505,45818,91323
202205,수인분당선,압구정로데오,431958,490549,922507
202205,수인분당선,야목,10167,7272,17439
202205,수인분당선,야탑,615746,643352,1259098
202205,수인분당선,어천,18617,19458,38075
202205,수인분당선,연수,110842,109640,220482
202205,수인분당선,영통,200876,206094,406970
202205,수인분당선,오리,274545,223183,497728
202205,수인분당선,오목천,96155,85667,181822
202205,수인분당선,원인재,105737,110044,215781
202205,수인분당선,월곶,68069,62569,130638
202205,수인분당선,이매,138901,128925,267826
202205,수인분당선,인천,27381,44183,71564
202205,수인분당선,인천논현,132476,142237,274713
202205,수인분당선,인하대,175987,166819,342806
202205,수인분당선,정자,413583,437872,851455
202205,수인분당선,죽전,338507,369978,708485
202205,수인분당선,청명,103754,99447,203201
202205,수인분당선,태평,313342,298597,611939
202205,수인분당선,한티,332845,352752,685597
202205,수인분당선,호구포,96729,100162,196891
202206,수인분당선,가천대,211419,228131,439550
202206,수인분당선,강남구청,217258,250224,467482
202206,수인분당선,개포동,89333,91245,180578
202206,수인분당선,고색,105546,99068,204614
202206,수인분당선,구룡,52666,49702,102368
202206,수인분당선,구성,116720,122005,238725
202206,수인분당선,기흥,232184,219305,451489
202206,수인분당선,남동인더스파크,49050,55455,104505
202206,수인분당선,달월,2545,1745,4290
202206,수인분당선,대모산입구,104723,96894,201617
202206,수인분당선,도곡,162754,160767,323521
202206,수인분당선,망포,331704,312444,644148
202206,수인분당선,매교,70424,70193,140617
202206,수인분당선,매탄권선,119881,115086,234967
202206,수인분당선,모란,464946,469265,934211
202206,수인분당선,미금,350324,371784,722108
202206,수인분당선,보정,62346,54044,116390
202206,수인분당선,복정,12,0,12
202206,수인분당선,사리,111906,97599,209505
202206,수인분당선,상갈,125459,120921,246380
202206,수인분당선,서울숲,258037,265204,523241
202206,수인분당선,서현,552169,561629,1113798
202206,수인분당선,선릉,303978,465700,769678
202206,수인분당선,선정릉,175475,187552,363027
202206,수인분당선,소래포구,137351,128056,265407
202206,수인분당선,송도,56028,52170,108198
202206,수인분당선,수내,308550,302331,610881
202206,수인분당선,수서,318242,327773,646015
202206,수인분당선,수원,181681,155822,337503
202206,수인분당선,수원시청,285414,310441,595855
202206,수인분당선,숭의,91282,84765,176047
202206,수인분당선,신갈,104961,103748,208709
202206,수인분당선,신포,42542,42769,85311
202206,수인분당선,압구정로데오,423761,477899,901660
202206,수인분당선,야목,9774,7054,16828
202206,수인분당선,야탑,592640,617501,1210141
202206,수인분당선,어천,18019,18779,36798
202206,수인분당선,연수,105238,103486,208724
202206,수인분당선,영통,187553,192831,380384
202206,수인분당선,오리,264956,216707,481663
202206,수인분당선,오목천,83312,74721,158033
202206,수인분당선,원인재,99571,103472,203043
202206,수인분당선,월곶,64862,60946,125808
202206,수인분당선,이매,133511,123889,257400
202206,수인분당선,인천,24467,39639,64106
202206,수인분당선,인천논현,124443,132968,257411
202206,수인분당선,인하대,146246,138599,284845
202206,수인분당선,정자,409723,435410,845133
202206,수인분당선,죽전,312021,342405,654426
202206,수인분당선,청명,99632,95817,195449
202206,수인분당선,태평,303799,289061,592860
202206,수인분당선,한티,329082,351516,680598
202206,수인분당선,호구포,92880,96557,189437
202207,수인분당선,가천대,147043,161942,308985
202207,수인분당선,강남구청,215598,248020,463618
202207,수인분당선,개포동,89081,91616,180697
202207,수인분당선,고색,103520,95880,199400
202207,수인분당선,구룡,50284,47570,97854
202207,수인분당선,구성,112693,117593,230286
202207,수인분당선,기흥,225722,209644,435366
202207,수인분당선,남동인더스파크,50212,56046,106258
202207,수인분당선,달월,2458,1590,4048
202207,수인분당선,대모산입구,103531,95059,198590
202207,수인분당선,도곡,161362,158375,319737
202207,수인분당선,망포,327303,306991,634294
202207,수인분당선,매교,66847,66494,133341
202207,수인분당선,매탄권선,115926,110378,226304
202207,수인분당선,모란,441443,448264,889707
202207,수인분당선,미금,342615,363789,706404
202207,수인분당선,보정,59904,51808,111712
202207,수인분당선,복정,17,0,17
202207,수인분당선,사리,104907,89630,194537
202207,수인분당선,상갈,118973,114612,233585
202207,수인분당선,서울숲,250552,257594,508146
202207,수인분당선,서현,562232,571593,1133825
202207,수인분당선,선릉,312313,474269,786582
202207,수인분당선,선정릉,177993,189120,367113
202207,수인분당선,소래포구,103949,96523,200472
202207,수인분당선,송도,51836,48319,100155
202207,수인분당선,수내,310176,308521,618697
202207,수인분당선,수서,307335,318383,625718
202207,수인분당선,수원,174702,147451,322153
202207,수인분당선,수원시청,279360,307454,586814
202207,수인분당선,숭의,87186,80388,167574
202207,수인분당선,신갈,104424,102206,206630
202207,수인분당선,신포,39058,39197,78255
202207,수인분당선,압구정로데오,420571,475122,895693
202207,수인분당선,야목,9067,6401,15468
202207,수인분당선,야탑,577630,601876,1179506
202207,수인분당선,어천,17816,17741,35557
202207,수인분당선,연수,99188,98371,197559
202207,수인분당선,영통,181895,186995,368890
202207,수인분당선,오리,260859,214037,474896
202207,수인분당선,오목천,67198,60804,128002
202207,수인분당선,원인재,94172,97499,191671
202207,수인분당선,월곶,61350,57592,118942
202207,수인분당선,이매,127570,118292,245862
202207,수인분당선,인천,23582,37761,61343
202207,수인분당선,인천논현,120579,128097,248676
202207,수인분당선,인하대,126596,119221,245817
202207,수인분당선,정자,412449,437411,849860
202207,수인분당선,죽전,287234,318264,605498
202207,수인분당선,청명,96842,92057,188899
202207,수인분당선,태평,294868,279555,574423
202207,수인분당선,한티,337015,357549,694564
202207,수인분당선,호구포,90486,93693,184179
202208,수인분당선,가천대,169210,187414,356624
202208,수인분당선,강남구청,216405,249069,465474
202208,수인분당선,개포동,90561,92724,183285
202208,수인분당선,고색,103850,95892,199742
202208,수인분당선,구룡,47475,45446,92921
202208,수인분당선,구성,112568,118632,231200
202208,수인분당선,기흥,227552,212907,440459
202208,수인분당선,남동인더스파크,48990,54310,103300
202208,수인분당선,달월,2449,1692,4141
202208,수인분당선,대모산입구,105675,99244,204919
202208,수인분당선,도곡,163810,158331,322141
202208,수인분당선,망포,326195,309311,635506
202208,수인분당선,매교,75277,74848,150125
202208,수인분당선,매탄권선,114409,109495,223904
202208,수인분당선,모란,456669,466925,923594
202208,수인분당선,미금,345848,368731,714579
202208,수인분당선,보정,58342,50548,108890
202208,수인분당선,복정,12,0,12
202208,수인분당선,사리,104085,90476,194561
202208,수인분당선,상갈,120140,116597,236737
202208,수인분당선,서울숲,256521,262384,518905
202208,수인분당선,서현,561208,570177,1131385
202208,수인분당선,선릉,314234,466755,780989
202208,수인분당선,선정릉,182780,194777,377557
202208,수인분당선,소래포구,110536,102970,213506
202208,수인분당선,송도,51244,47727,98971
202208,수인분당선,수내,314039,312195,626234
202208,수인분당선,수서,317600,325923,643523
202208,수인분당선,수원,179679,151693,331372
202208,수인분당선,수원시청,281579,307750,589329
202208,수인분당선,숭의,87395,80356,167751
202208,수인분당선,신갈,105494,103357,208851
202208,수인분당선,신포,37561,38179,75740
202208,수인분당선,압구정로데오,434848,487101,921949
202208,수인분당선,야목,8445,6260,14705
202208,수인분당선,야탑,584774,610420,1195194
202208,수인분당선,어천,19771,19670,39441
202208,수인분당선,연수,98874,98517,197391
202208,수인분당선,영통,184704,188520,373224
202208,수인분당선,오리,262726,214862,477588
202208,수인분당선,오목천,70778,65530,136308
202208,수인분당선,원인재,93368,96866,190234
202208,수인분당선,월곶,61457,56987,118444
202208,수인분당선,이매,129438,121424,250862
202208,수인분당선,인천,24247,37934,62181
202208,수인분당선,인천논현,119748,126555,246303
202208,수인분당선,인하대,130489,123786,254275
202208,수인분당선,정자,411503,437010,848513
202208,수인분당선,죽전,287730,319869,607599
202208,수인분당선,청명,96642,92439,189081
202208,수인분당선,태평,307065,291273,598338
202208,수인분당선,한티,346461,366200,712661
202208,수인분당선,호구포,89186,91884,181070
202209,수인분당선,가천대,273575,289470,563045
202209,수인분당선,강남구청,213318,246404,459722
202209,수인분당선,개포동,92724,95153,187877
202209,수인분당선,고색,109615,102150,211765
202209,수인분당선,구룡,55686,52142,107828
202209,수인분당선,구성,118393,123972,242365
202209,수인분당선,기흥,253862,241058,494920
202209,수인분당선,남동인더스파크,49587,54785,104372
202209,수인분당선,달월,2451,1772,4223
202209,수인분당선,대모산입구,109797,100993,210790
202209,수인분당선,도곡,169608,161420,331028
202209,수인분당선,망포,343475,323966,667441
202209,수인분당선,매교,92298,91543,183841
202209,수인분당선,매탄권선,122900,117114,240014
202209,수인분당선,모란,468762,477437,946199
202209,수인분당선,미금,346833,370671,717504
202209,수인분당선,보정,62449,54111,116560
202209,수인분당선,복정,11,0,11
202209,수인분당선,사리,116729,100318,217047
202209,수인분당선,상갈,129606,123803,253409
202209,수인분당선,서울숲,266386,273266,539652
202209,수인분당선,서현,553069,563448,1116517
202209,수인분당선,선릉,301196,453676,754872
202209,수인분당선,선정릉,176392,186587,362979
202209,수인분당선,소래포구,142368,136899,279267
202209,수인분당선,송도,56937,51852,108789
202209,수인분당선,수내,310054,310311,620365
202209,수인분당선,수서,316183,329736,645919
202209,수인분당선,수원,190305,162018,352323
202209,수인분당선,수원시청,288036,316999,605035
202209,수인분당선,숭의,93461,86087,179548
202209,수인분당선,신갈,107817,106268,214085
202209,수인분당선,신포,41764,42597,84361
202209,수인분당선,압구정로데오,418688,477752,896440
202209,수인분당선,야목,9305,7252,16557
202209,수인분당선,야탑,591944,621220,1213164
202209,수인분당선,어천,25260,23817,49077
202209,수인분당선,연수,105720,104274,209994
202209,수인분당선,영통,205291,207853,413144
202209,수인분당선,오리,265415,217573,482988
202209,수인분당선,오목천,98189,85876,184065
202209,수인분당선,원인재,101063,104843,205906
202209,수인분당선,월곶,67645,61539,129184
202209,수인분당선,이매,132703,123755,256458
202209,수인분당선,인천,24895,40193,65088
202209,수인분당선,인천논현,127885,137262,265147
202209,수인분당선,인하대,172377,163918,336295
202209,수인분당선,정자,410706,438237,848943
202209,수인분당선,죽전,338157,371353,709510
202209,수인분당선,청명,102098,98500,200598
202209,수인분당선,태평,307854,293428,601282
202209,수인분당선,한티,338046,361051,699097
202209,수인분당선,호구포,94320,96542,190862
202210,수인분당선,가천대,254549,269217,523766
202210,수인분당선,강남구청,209730,241244,450974
202210,수인분당선,개포동,88617,91003,179620
202210,수인분당선,고색,108036,100430,208466
202210,수인분당선,구룡,53907,50527,104434
202210,수인분당선,구성,117642,122285,239927
202210,수인분당선,기흥,248444,235314,483758
202210,수인분당선,남동인더스파크,49149,54428,103577
202210,수인분당선,달월,2243,1614,3857
202210,수인분당선,대모산입구,105979,97905,203884
202210,수인분당선,도곡,163715,162663,326378
202210,수인분당선,망포,337587,321827,659414
202210,수인분당선,매교,97426,96389,193815
202210,수인분당선,매탄권선,119957,115558,235515
202210,수인분당선,모란,454135,460204,914339
202210,수인분당선,미금,336503,362371,698874
202210,수인분당선,보정,61243,54138,115381
202210,수인분당선,복정,10,0,10
202210,수인분당선,사리,114006,98453,212459
202210,수인분당선,상갈,126895,120363,247258
202210,수인분당선,서울숲,259649,268013,527662
202210,수인분당선,서현,539521,549362,1088883
202210,수인분당선,선릉,295576,449548,745124
202210,수인분당선,선정릉,169984,180288,350272
202210,수인분당선,소래포구,144249,136639,280888
202210,수인분당선,송도,57229,52411,109640
202210,수인분당선,수내,302810,303184,605994
202210,수인분당선,수서,308305,318384,626689
202210,수인분당선,수원,183207,159602,342809
202210,수인분당선,수원시청,282644,308051,590695
202210,수인분당선,숭의,91932,85026,176958
202210,수인분당선,신갈,106323,104801,211124
202210,수인분당선,신포,41253,41962,83215
202210,수인분당선,압구정로데오,407989,461232,869221
202210,수인분당선,야목,8635,6657,15292
202210,수인분당선,야탑,576696,604773,1181469
202210,수인분당선,어천,25757,23859,49616
202210,수인분당선,연수,103977,101963,205940
202210,수인분당선,영통,194186,196918,391104
202210,수인분당선,오리,256639,209528,466167
202210,수인분당선,오목천,95634,83840,179474
202210,수인분당선,원인재,98845,102044,200889
202210,수인분당선,월곶,65835,60233,126068
202210,수인분당선,이매,129275,120773,250048
202210,수인분당선,인천,23626,39191,62817
202210,수인분당선,인천논현,125431,133977,259408
202210,수인분당선,인하대,162211,154853,317064
202210,수인분당선,정자,403902,431086,834988
202210,수인분당선,죽전,325251,354184,679435
202210,수인분당선,청명,100980,97414,198394
202210,수인분당선,태평,294567,281259,575826
202210,수인분당선,한티,320500,343379,663879
202210,수인분당선,호구포,91901,94807,186708
202211,수인분당선,가천대,279537,292624,572161
202211,수인분당선,강남구청,232849,265869,498718
202211,수인분당선,개포동,100014,102000,202014
202211,수인분당선,고색,120677,111192,231869
202211,수인분당선,구룡,58809,55017,113826
202211,수인분당선,구성,125186,130864,256050
202211,수인분당선,기흥,267441,255488,522929
202211,수인분당선,남동인더스파크,53146,59362,112508
202211,수인분당선,달월,2303,1623,3926
202211,수인분당선,대모산입구,116823,107427,224250
202211,수인분당선,도곡,179284,176858,356142
202211,수인분당선,망포,366555,349894,716449
202211,수인분당선,매교,108128,106580,214708
202211,수인분당선,매탄권선,129227,124099,253326
202211,수인분당선,모란,491523,500282,991805
202211,수인분당선,미금,362861,390278,753139
202211,수인분당선,보정,65399,57675,123074
202211,수인분당선,복정,16,0,16
202211,수인분당선,사리,122548,106703,229251
202211,수인분당선,상갈,134512,128483,262995
202211,수인분당선,서울숲,277325,286807,564132
202211,수인분당선,서현,578720,592185,1170905
202211,수인분당선,선릉,330581,497981,828562
202211,수인분당선,선정릉,190018,201242,391260
202211,수인분당선,소래포구,131600,123101,254701
202211,수인분당선,송도,59703,54596,114299
202211,수인분당선,수내,327562,328232,655794
202211,수인분당선,수서,335596,349418,685014
202211,수인분당선,수원,193672,167417,361089
202211,수인분당선,수원시청,301833,331153,632986
202211,수인분당선,숭의,96787,89922,186709
202211,수인분당선,신갈,115040,113033,228073
202211,수인분당선,신포,42616,43789,86405
202211,수인분당선,압구정로데오,440523,492556,933079
202211,수인분당선,야목,8996,6963,15959
202211,수인분당선,야탑,620200,653674,1273874
202211,수인분당선,어천,26286,24150,50436
202211,수인분당선,연수,110239,108357,218596
202211,수인분당선,영통,211466,215750,427216
202211,수인분당선,오리,278748,227581,506329
202211,수인분당선,오목천,105150,91836,196986
202211,수인분당선,원인재,105269,109521,214790
202211,수인분당선,월곶,67178,62160,129338
202211,수인분당선,이매,138217,129497,267714
202211,수인분당선,인천,22705,37954,60659
202211,수인분당선,인천논현,133022,142954,275976
202211,수인분당선,인하대,176065,168335,344400
202211,수인분당선,정자,439924,468754,908678
202211,수인분당선,죽전,349320,378438,727758
202211,수인분당선,청명,107625,103716,211341
202211,수인분당선,태평,316336,303484,619820
202211,수인분당선,한티,355906,381631,737537
202211,수인분당선,호구포,98081,101246,199327
202212,수인분당선,가천대,206574,219960,426534
202212,수인분당선,강남구청,232443,265056,497499
202212,수인분당선,개포동,97199,98761,195960
202212,수인분당선,고색,116610,106517,223127
202212,수인분당선,구룡,56404,52529,108933
202212,수인분당선,구성,122122,127587,249709
202212,수인분당선,기흥,252596,238207,490803
202212,수인분당선,남동인더스파크,50385,57657,108042
202212,수인분당선,달월,2355,1619,3974
202212,수인분당선,대모산입구,116962,107390,224352
202212,수인분당선,도곡,178758,175557,354315
202212,수인분당선,망포,369175,349183,718358
202212,수인분당선,매교,108646,107023,215669
202212,수인분당선,매탄권선,128718,123275,251993
202212,수인분당선,모란,468655,480565,949220
202212,수인분당선,미금,366879,391731,758610
202212,수인분당선,보정,65999,57343,123342
202212,수인분당선,복정,26,0,26
202212,수인분당선,사리,117573,100404,217977
202212,수인분당선,상갈,130630,125142,255772
202212,수인분당선,서울숲,266723,275578,542301
202212,수인분당선,서현,594806,605345,1200151
202212,수인분당선,선릉,326478,496642,823120
202212,수인분당선,선정릉,186847,196166,383013
202212,수인분당선,소래포구,108456,101002,209458
202212,수인분당선,송도,57006,52153,109159
202212,수인분당선,수내,340459,338331,678790
202212,수인분당선,수서,332778,349043,681821
202212,수인분당선,수원,190103,162683,352786
202212,수인분당선,수원시청,306156,336130,642286
202212,수인분당선,숭의,93309,86899,180208
202212,수인분당선,신갈,117969,113995,231964
202212,수인분당선,신포,41154,42636,83790
202212,수인분당선,압구정로데오,468244,525686,993930
202212,수인분당선,야목,8308,6330,14638
202212,수인분당선,야탑,625192,658821,1284013
202212,수인분당선,어천,24349,22564,46913
202212,수인분당선,연수,107469,106268,213737
202212,수인분당선,영통,210190,208696,418886
202212,수인분당선,오리,276736,226044,502780
202212,수인분당선,오목천,86477,77824,164301
202212,수인분당선,원인재,100953,104378,205331
202212,수인분당선,월곶,62847,58122,120969
202212,수인분당선,이매,135446,128120,263566
202212,수인분당선,인천,21347,34888,56235
202212,수인분당선,인천논현,129065,136942,266007
202212,수인분당선,인하대,147892,139648,287540
202212,수인분당선,정자,449347,473136,922483
202212,수인분당선,죽전,330071,359069,689140
202212,수인분당선,청명,107498,103419,210917
202212,수인분당선,태평,312823,300258,613081
202212,수인분당선,한티,349878,370902,720780
202212,수인분당선,호구포,96163,99076,195239
202201,경의중앙선,가좌,104955,102436,207391
202201,경의중앙선,강매,62933,55234,118167
202201,경의중앙선,검암,1,0,1
202201,경의중앙선,계양,3,0,3
202201,경의중앙선,곡산,11091,11355,22446
202201,경의중앙선,공덕,71650,61745,133395
202201,경의중앙선,구리,265428,269018,534446
202201,경의중앙선,국수,12125,12227,24352
202201,경의중앙선,금릉,93854,89798,183652
202201,경의중앙선,금촌,124844,124903,249747
202201,경의중앙선,능곡,73182,67653,140835
202201,경의중앙선,덕소,108920,108488,217408
202201,경의중앙선,도농,205805,188907,394712
202201,경의중앙선,도심,45634,36010,81644
202201,경의중앙선,디지털미디어시티,48999,45401,94400
202201,경의중앙선,망우,149313,148463,297776
202201,경의중앙선,문산,97171,96693,193864
202201,경의중앙선,백마,135350,131194,266544
202201,경의중앙선,상봉,114303,114290,228593
202201,경의중앙선,서강대,41891,40650,82541
202201,경의중앙선,서울,83194,104021,187215
202201,경의중앙선,수색,55060,56823,111883
202201,경의중앙선,신원,3309,2954,6263
202201,경의중앙선,신촌,16267,20228,36495
202201,경의중앙선,아신,9519,9676,19195
202201,경의중앙선,야당,145279,140994,286273
202201,경의중앙선,양수,31493,31824,63317
202201,경의중앙선,양원,39460,38522,77982
202201,경의중앙선,양정,13505,11606,25111
202201,경의중앙선,양평,51204,51681,102885
202201,경의중앙선,오빈,5352,5230,10582
202201,경의중앙선,용문,32928,34242,67170
202201,경의중앙선,운길산,11104,10214,21318
202201,경의중앙선,운정,135506,128495,264001
202201,경의중앙선,원덕,6041,5877,11918
202201,경의중앙선,월롱,50027,43414,93441
202201,경의중앙선,일산,182531,182781,365312
202201,경의중앙선,임진강,163,132,295
202201,경의중앙선,중랑,109655,104635,214290
202201,경의중앙선,지평,1240,1228,2468
202201,경의중앙선,탄현,152976,148107,301083
202201,경의중앙선,파주,19140,14054,33194
202201,경의중앙선,팔당,15458,16049,31507
202201,경의중앙선,풍산,108294,101683,209977
202201,경의중앙선,행신,155055,156903,311958
202201,경의중앙선,홍대입구,33197,38483,71680
202201,경의중앙선,화전,29246,26979,56225
202201,경의중앙선,회기,462552,447134,909686
202201,경의중앙선,효창공원앞,57875,67474,125349
202202,경의중앙선,가좌,90190,88475,178665
202202,경의중앙선,강매,54807,48318,103125
202202,경의중앙선,계양,3,0,3
202202,경의중앙선,곡산,10117,10256,20373
202202,경의중앙선,공덕,60821,53854,114675
202202,경의중앙선,구리,229480,232933,462413
202202,경의중앙선,국수,10500,10438,20938
202202,경의중앙선,금릉,81061,77649,158710
202202,경의중앙선,금촌,110447,109510,219957
202202,경의중앙선,능곡,64565,59594,124159
202202,경의중앙선,덕소,94476,93989,188465
202202,경의중앙선,도농,178063,164191,342254
202202,경의중앙선,도심,39247,31347,70594
202202,경의중앙선,디지털미디어시티,42097,38780,80877
202202,경의중앙선,망우,131009,131132,262141
202202,경의중앙선,문산,85974,84419,170393
202202,경의중앙선,백마,117739,114122,231861
202202,경의중앙선,상봉,101125,101127,202252
202202,경의중앙선,서강대,35506,35278,70784
202202,경의중앙선,서울,70348,88453,158801
202202,경의중앙선,수색,48554,49978,98532
202202,경의중앙선,신원,3070,2667,5737
202202,경의중앙선,신촌,14221,17719,31940
202202,경의중앙선,아신,8918,8765,17683
202202,경의중앙선,야당,126516,123463,249979
202202,경의중앙선,양수,29333,28861,58194
202202,경의중앙선,양원,38456,37705,76161
202202,경의중앙선,양정,12053,10256,22309
202202,경의중앙선,양평,47890,46339,94229
202202,경의중앙선,오빈,4830,4664,9494
202202,경의중앙선,용문,30882,30162,61044
202202,경의중앙선,운길산,11047,10033,21080
202202,경의중앙선,운정,117461,109983,227444
202202,경의중앙선,원덕,5796,5377,11173
202202,경의중앙선,월롱,39917,37681,77598
202202,경의중앙선,일산,158651,157354,316005
202202,경의중앙선,임진강,167,153,320
202202,경의중앙선,중랑,96821,93224,190045
202202,경의중앙선,지평,1115,1053,2168
202202,경의중앙선,탄현,132481,128800,261281
202202,경의중앙선,파주,17124,12860,29984
202202,경의중앙선,팔당,14189,15222,29411
202202,경의중앙선,풍산,94544,88790,183334
202202,경의중앙선,행신,132656,135053,267709
202202,경의중앙선,홍대입구,28211,32737,60948
202202,경의중앙선,화전,25487,24076,49563
202202,경의중앙선,회기,405598,400890,806488
202202,경의중앙선,효창공원앞,50938,58725,109663
202203,경의중앙선,가좌,109638,106611,216249
202203,경의중앙선,강매,66569,58298,124867
202203,경의중앙선,검암,1,0,1
202203,경의중앙선,계양,2,0,2
202203,경의중앙선,곡산,12371,12986,25357
202203,경의중앙선,공덕,68985,61406,130391
202203,경의중앙선,구리,271851,278422,550273
202203,경의중앙선,국수,14957,14873,29830
202203,경의중앙선,금릉,98865,96840,195705
202203,경의중앙선,금촌,131595,131664,263259
202203,경의중앙선,능곡,79157,74120,153277
202203,경의중앙선,덕소,113047,115753,228800
202203,경의중앙선,도농,213734,196324,410058
202203,경의중앙선,도심,49734,39804,89538
202203,경의중앙선,디지털미디어시티,51059,47795,98854
202203,경의중앙선,망우,158487,156548,315035
202203,경의중앙선,문산,103497,103044,206541
202203,경의중앙선,백마,146012,142836,288848
202203,경의중앙선,상봉,116390,116799,233189
202203,경의중앙선,서강대,44038,43669,87707
202203,경의중앙선,서울,85226,106788,192014
202203,경의중앙선,수색,58036,60307,118343
202203,경의중앙선,신원,4650,4137,8787
202203,경의중앙선,신촌,17646,22364,40010
202203,경의중앙선,아신,10782,10518,21300
202203,경의중앙선,야당,153501,153764,307265
202203,경의중앙선,양수,37671,38106,75777
202203,경의중앙선,양원,57682,55428,113110
202203,경의중앙선,양정,15909,13501,29410
202203,경의중앙선,양평,58883,59828,118711
202203,경의중앙선,오빈,6310,6279,12589
202203,경의중앙선,용문,38621,38146,76767
202203,경의중앙선,운길산,16098,15320,31418
202203,경의중앙선,운정,143967,137394,281361
202203,경의중앙선,원덕,7544,7250,14794
202203,경의중앙선,월롱,59926,55384,115310
202203,경의중앙선,일산,197892,197259,395151
202203,경의중앙선,임진강,273,166,439
202203,경의중앙선,중랑,116354,110622,226976
202203,경의중앙선,지평,1383,1586,2969
202203,경의중앙선,탄현,158468,152952,311420
202203,경의중앙선,파주,31994,22857,54851
202203,경의중앙선,팔당,17919,18667,36586
202203,경의중앙선,풍산,113743,106511,220254
202203,경의중앙선,행신,158984,163425,322409
202203,경의중앙선,홍대입구,33856,38177,72033
202203,경의중앙선,화전,73244,68769,142013
202203,경의중앙선,회기,511073,496124,1007197
202203,경의중앙선,효창공원앞,62673,68733,131406
202204,경의중앙선,가좌,118854,113141,231995
202204,경의중앙선,강매,72078,62177,134255
202204,경의중앙선,검암,2,0,2
202204,경의중앙선,계양,6,0,6
202204,경의중앙선,곡산,14226,15060,29286
202204,경의중앙선,공덕,74230,67117,141347
202204,경의중앙선,구리,285096,291616,576712
202204,경의중앙선,국수,17767,17581,35348
202204,경의중앙선,금릉,105695,102855,208550
202204,경의중앙선,금촌,138953,137571,276524
202204,경의중앙선,능곡,84497,78590,163087
202204,경의중앙선,덕소,119738,121992,241730
202204,경의중앙선,도농,230532,209550,440082
202204,경의중앙선,도심,53630,42423,96053
202204,경의중앙선,디지털미디어시티,55774,51204,106978
202204,경의중앙선,망우,166939,163694,330633
202204,경의중앙선,문산,111197,109575,220772
202204,경의중앙선,백마,153238,147617,300855
202204,경의중앙선,상봉,123425,122985,246410
202204,경의중앙선,서강대,45653,44551,90204
202204,경의중앙선,서울,94383,121880,216263
202204,경의중앙선,수색,61203,64374,125577
202204,경의중앙선,신원,5387,4686,10073
202204,경의중앙선,신촌,18383,24260,42643
202204,경의중앙선,아신,11843,11825,23668
202204,경의중앙선,야당,164676,165282,329958
202204,경의중앙선,양수,41872,42460,84332
202204,경의중앙선,양원,66209,62432,128641
202204,경의중앙선,양정,16384,13993,30377
202204,경의중앙선,양평,64564,66738,131302
202204,경의중앙선,오빈,6968,7062,14030
202204,경의중앙선,용문,47812,47578,95390
202204,경의중앙선,운길산,19558,18681,38239
202204,경의중앙선,운정,153105,143426,296531
202204,경의중앙선,원덕,9236,8865,18101
202204,경의중앙선,월롱,64703,58597,123300
202204,경의중앙선,일산,212330,209372,421702
202204,경의중앙선,임진강,276,206,482
202204,경의중앙선,중랑,121021,114001,235022
202204,경의중앙선,지평,1585,1843,3428
202204,경의중앙선,탄현,169255,161170,330425
202204,경의중앙선,파주,33752,24565,58317
202204,경의중앙선,팔당,19593,20479,40072
202204,경의중앙선,풍산,121608,112487,234095
202204,경의중앙선,행신,172570,174291,346861
202204,경의중앙선,홍대입구,35096,40586,75682
202204,경의중앙선,화전,73229,67786,141015
202204,경의중앙선,회기,537134,518879,1056013
202204,경의중앙선,효창공원앞,66037,72746,138783
202205,경의중앙선,가좌,134894,127306,262200
202205,경의중앙선,강매,79797,68241,148038
202205,경의중앙선,계양,6,0,6
202205,경의중앙선,곡산,15518,16234,31752
202205,경의중앙선,공덕,83472,76074,159546
202205,경의중앙선,구리,320915,324693,645608
202205,경의중앙선,국수,19007,18802,37809
202205,경의중앙선,금릉,120818,116531,237349
202205,경의중앙선,금촌,156099,153415,309514
202205,경의중앙선,능곡,93478,85685,179163
202205,경의중앙선,덕소,134688,134431,269119
202205,경의중앙선,도농,262914,235974,498888
202205,경의중앙선,도심,60284,46750,107034
202205,경의중앙선,디지털미디어시티,63779,58422,122201
202205,경의중앙선,망우,185070,180515,365585
202205,경의중앙선,문산,125732,123703,249435
202205,경의중앙선,백마,171009,162936,333945
202205,경의중앙선,상봉,136880,136500,273380
202205,경의중앙선,서강대,52457,51884,104341
202205,경의중앙선,서울,106616,140231,246847
202205,경의중앙선,수색,67359,70924,138283
202205,경의중앙선,신원,5892,4997,10889
202205,경의중앙선,신촌,20940,28057,48997
202205,경의중앙선,아신,13691,13759,27450
202205,경의중앙선,야당,189216,188959,378175
202205,경의중앙선,양수,49538,49779,99317
202205,경의중앙선,양원,72440,68213,140653
202205,경의중앙선,양정,17702,15088,32790
202205,경의중앙선,양평,73161,75024,148185
202205,경의중앙선,오빈,7766,7638,15404
202205,경의중앙선,용문,55967,57116,113083
202205,경의중앙선,운길산,22420,21591,44011
202205,경의중앙선,운정,171039,156834,327873
202205,경의중앙선,원덕,9809,9314,19123
202205,경의중앙선,월롱,72016,65209,137225
202205,경의중앙선,일산,234671,228923,463594
202205,경의중앙선,임진강,584,527,1111
202205,경의중앙선,중랑,135610,126712,262322
202205,경의중앙선,지평,1802,2092,3894
202205,경의중앙선,탄현,189397,177992,367389
202205,경의중앙선,파주,36218,26385,62603
202205,경의중앙선,팔당,22876,24307,47183
202205,경의중앙선,풍산,136631,126141,262772
202205,경의중앙선,행신,193160,195110,388270
202205,경의중앙선,홍대입구,43147,51822,94969
202205,경의중앙선,화전,80479,75726,156205
202205,경의중앙선,회기,610867,590272,1201139
202205,경의중앙선,효창공원앞,73054,79939,152993
202206,경의중앙선,가좌,128326,121449,249775
202206,경의중앙선,강매,75597,65247,140844
202206,경의중앙선,검암,1,0,1
202206,경의중앙선,계양,8,0,8
202206,경의중앙선,곡산,14527,15367,29894
202206,경의중앙선,공덕,82174,74150,156324
202206,경의중앙선,구리,303707,306641,610348
202206,경의중앙선,국수,17927,17622,35549
202206,경의중앙선,금릉,112627,109358,221985
202206,경의중앙선,금촌,148597,146232,294829
202206,경의중앙선,능곡,88566,81422,169988
202206,경의중앙선,덕소,127359,127049,254408
202206,경의중앙선,도농,257784,231961,489745
202206,경의중앙선,도심,57696,44955,102651
202206,경의중앙선,디지털미디어시티,62014,57034,119048
202206,경의중앙선,망우,176995,172122,349117
202206,경의중앙선,문산,119502,117985,237487
202206,경의중앙선,백마,159836,153350,313186
202206,경의중앙선,상봉,130922,131216,262138
202206,경의중앙선,서강대,49353,48822,98175
202206,경의중앙선,서울,102454,131842,234296
202206,경의중앙선,수색,65320,68915,134235
202206,경의중앙선,신원,5054,4347,9401
202206,경의중앙선,신촌,19788,25988,45776
202206,경의중앙선,아신,13377,13291,26668
202206,경의중앙선,야당,179783,179056,358839
202206,경의중앙선,양수,46971,46602,93573
202206,경의중앙선,양원,71079,67924,139003
202206,경의중앙선,양정,16585,13984,30569
202206,경의중앙선,양평,69771,69942,139713
202206,경의중앙선,오빈,7566,7403,14969
202206,경의중앙선,용문,48242,48068,96310
202206,경의중앙선,운길산,20618,20323,40941
202206,경의중앙선,운정,160472,148075,308547
202206,경의중앙선,원덕,9025,8646,17671
202206,경의중앙선,월롱,66245,61047,127292
202206,경의중앙선,일산,221919,217879,439798
202206,경의중앙선,임진강,443,310,753
202206,경의중앙선,중랑,128829,120606,249435
202206,경의중앙선,지평,1590,1835,3425
202206,경의중앙선,탄현,180592,170045,350637
202206,경의중앙선,파주,30589,21428,52017
202206,경의중앙선,팔당,20853,21669,42522
202206,경의중앙선,풍산,129409,120456,249865
202206,경의중앙선,행신,186915,186762,373677
202206,경의중앙선,홍대입구,39552,47248,86800
202206,경의중앙선,화전,58156,53637,111793
202206,경의중앙선,회기,564651,545304,1109955
202206,경의중앙선,효창공원앞,67988,76954,144942
202207,경의중앙선,가좌,122692,115972,238664
202207,경의중앙선,강매,72111,61509,133620
202207,경의중앙선,검암,1,0,1
202207,경의중앙선,계양,8,0,8
202207,경의중앙선,곡산,13772,14296,28068
202207,경의중앙선,공덕,84248,74308,158556
202207,경의중앙선,구리,292474,293398,585872
202207,경의중앙선,국수,16243,16262,32505
202207,경의중앙선,금릉,108285,104351,212636
202207,경의중앙선,금촌,144024,141200,285224
202207,경의중앙선,김포공항,2,0,2
202207,경의중앙선,능곡,84987,77783,162770
202207,경의중앙선,덕소,122336,120814,243150
202207,경의중앙선,도농,246929,221719,468648
202207,경의중앙선,도심,55193,42830,98023
202207,경의중앙선,디지털미디어시티,59797,53503,113300
202207,경의중앙선,망우,169457,164759,334216
202207,경의중앙선,문산,118635,116836,235471
202207,경의중앙선,백마,155814,147421,303235
202207,경의중앙선,상봉,125703,125265,250968
202207,경의중앙선,서강대,47154,45715,92869
202207,경의중앙선,서울,100999,130062,231061
202207,경의중앙선,수색,64570,68157,132727
202207,경의중앙선,신원,4398,3826,8224
202207,경의중앙선,신촌,20117,26178,46295
202207,경의중앙선,아신,12565,12641,25206
202207,경의중앙선,야당,174844,173490,348334
202207,경의중앙선,양수,48923,48800,97723
202207,경의중앙선,양원,68237,65432,133669
202207,경의중앙선,양정,15362,13135,28497
202207,경의중앙선,양평,65917,66638,132555
202207,경의중앙선,오빈,7071,6898,13969
202207,경의중앙선,용문,48918,49894,98812
202207,경의중앙선,운길산,15909,15611,31520
202207,경의중앙선,운정,154345,140781,295126
202207,경의중앙선,원덕,8209,7908,16117
202207,경의중앙선,월롱,62461,55127,117588
202207,경의중앙선,일산,209361,203403,412764
202207,경의중앙선,임진강,367,173,540
202207,경의중앙선,중랑,125195,116831,242026
202207,경의중앙선,지평,1625,1718,3343
202207,경의중앙선,탄현,174923,165483,340406
202207,경의중앙선,파주,24294,16223,40517
202207,경의중앙선,팔당,19228,20108,39336
202207,경의중앙선,풍산,123927,114271,238198
202207,경의중앙선,행신,181035,180701,361736
202207,경의중앙선,홍대입구,38933,47880,86813
202207,경의중앙선,화전,41190,38197,79387
202207,경의중앙선,회기,528827,504566,1033393
202207,경의중앙선,효창공원앞,65645,74317,139962
202208,경의중앙선,가좌,125432,119110,244542
202208,경의중앙선,강매,71602,61280,132882
202208,경의중앙선,검암,1,0,1
202208,경의중앙선,계양,7,0,7
202208,경의중앙선,곡산,13699,13931,27630
202208,경의중앙선,공덕,87061,75054,162115
202208,경의중앙선,구리,297208,299435,596643
202208,경의중앙선,국수,15861,15711,31572
202208,경의중앙선,금릉,109630,105070,214700
202208,경의중앙선,금촌,144555,142861,287416
202208,경의중앙선,능곡,86027,78384,164411
202208,경의중앙선,덕소,123565,122498,246063
202208,경의중앙선,도농,245230,221582,466812
202208,경의중앙선,도심,54377,42602,96979
202208,경의중앙선,디지털미디어시티,60819,53587,114406
202208,경의중앙선,망우,172819,168523,341342
202208,경의중앙선,문산,120550,119044,239594
202208,경의중앙선,백마,156806,150165,306971
202208,경의중앙선,상봉,126803,124898,251701
202208,경의중앙선,서강대,48262,47135,95397
202208,경의중앙선,서울,102599,130095,232694
202208,경의중앙선,수색,64059,67010,131069
202208,경의중앙선,신원,4391,3910,8301
202208,경의중앙선,신촌,20761,26955,47716
202208,경의중앙선,아신,13008,13095,26103
202208,경의중앙선,야당,177312,177229,354541
202208,경의중앙선,양수,43632,43539,87171
202208,경의중앙선,양원,66896,64059,130955
202208,경의중앙선,양정,15686,13513,29199
202208,경의중앙선,양평,67438,66846,134284
202208,경의중앙선,오빈,7306,7035,14341
202208,경의중앙선,용문,50255,50403,100658
202208,경의중앙선,운길산,16098,15434,31532
202208,경의중앙선,운정,155739,142804,298543
202208,경의중앙선,원덕,8029,7725,15754
202208,경의중앙선,월롱,62899,58319,121218
202208,경의중앙선,일산,211217,205536,416753
202208,경의중앙선,임진강,414,284,698
202208,경의중앙선,중랑,127066,119817,246883
202208,경의중앙선,지평,1540,1604,3144
202208,경의중앙선,탄현,176830,167571,344401
202208,경의중앙선,파주,26762,18706,45468
202208,경의중앙선,팔당,19508,20094,39602
202208,경의중앙선,풍산,126852,117575,244427
202208,경의중앙선,행신,184233,184367,368600
202208,경의중앙선,홍대입구,41247,50133,91380
202208,경의중앙선,화전,43560,40130,83690
202208,경의중앙선,회기,544654,525632,1070286
202208,경의중앙선,효창공원앞,67258,76795,144053
202209,경의중앙선,가좌,137354,129025,266379
202209,경의중앙선,강매,75765,65195,140960
202209,경의중앙선,검암,1,0,1
202209,경의중앙선,계양,8,0,8
202209,경의중앙선,곡산,14210,14813,29023
202209,경의중앙선,공덕,83728,75852,159580
202209,경의중앙선,구리,312037,314979,627016
202209,경의중앙선,국수,18030,17825,35855
202209,경의중앙선,금릉,116923,113326,230249
202209,경의중앙선,금촌,153751,150223,303974
202209,경의중앙선,능곡,90042,81655,171697
202209,경의중앙선,덕소,131442,129370,260812
202209,경의중앙선,도농,264073,235416,499489
202209,경의중앙선,도심,58583,45867,104450
202209,경의중앙선,디지털미디어시티,64824,57066,121890
202209,경의중앙선,망우,181107,175295,356402
202209,경의중앙선,문산,123105,122758,245863
202209,경의중앙선,백마,166529,158633,325162
202209,경의중앙선,상봉,131256,127779,259035
202209,경의중앙선,서강대,56332,56090,112422
202209,경의중앙선,서울,107157,137857,245014
202209,경의중앙선,수색,64136,67529,131665
202209,경의중앙선,신원,5800,5218,11018
202209,경의중앙선,신촌,24017,31244,55261
202209,경의중앙선,아신,15071,15006,30077
202209,경의중앙선,야당,185498,184880,370378
202209,경의중앙선,양수,46929,46823,93752
202209,경의중앙선,양원,71687,68577,140264
202209,경의중앙선,양정,16964,14653,31617
202209,경의중앙선,양평,71775,74306,146081
202209,경의중앙선,오빈,7456,7393,14849
202209,경의중앙선,용문,49720,52078,101798
202209,경의중앙선,운길산,19835,19584,39419
202209,경의중앙선,운정,166501,152348,318849
202209,경의중앙선,원덕,8841,8576,17417
202209,경의중앙선,월롱,69575,62079,131654
202209,경의중앙선,일산,224333,217834,442167
202209,경의중앙선,임진강,617,445,1062
202209,경의중앙선,중랑,130294,123025,253319
202209,경의중앙선,지평,1491,1738,3229
202209,경의중앙선,탄현,184837,174203,359040
202209,경의중앙선,파주,34926,25495,60421
202209,경의중앙선,팔당,21871,22546,44417
202209,경의중앙선,풍산,132440,123198,255638
202209,경의중앙선,행신,195057,193095,388152
202209,경의중앙선,홍대입구,43167,52284,95451
202209,경의중앙선,화전,75845,70797,146642
202209,경의중앙선,회기,652150,627256,1279406
202209,경의중앙선,효창공원앞,74440,80427,154867
202210,경의중앙선,가좌,134741,126594,261335
202210,경의중앙선,강매,75190,64881,140071
202210,경의중앙선,계양,5,0,5
202210,경의중앙선,곡산,14289,14668,28957
202210,경의중앙선,공덕,82930,74694,157624
202210,경의중앙선,구리,304651,306570,611221
202210,경의중앙선,국수,18007,17648,35655
202210,경의중앙선,금릉,115421,111459,226880
202210,경의중앙선,금촌,147991,144911,292902
202210,경의중앙선,능곡,88856,80376,169232
202210,경의중앙선,덕소,128551,126262,254813
202210,경의중앙선,도농,261169,232834,494003
202210,경의중앙선,도심,57539,45013,102552
202210,경의중앙선,디지털미디어시티,62679,56653,119332
202210,경의중앙선,망우,175222,170189,345411
202210,경의중앙선,문산,119340,118410,237750
202210,경의중앙선,백마,162830,155266,318096
202210,경의중앙선,상봉,127646,124158,251804
202210,경의중앙선,서강대,52455,52472,104927
202210,경의중앙선,서울,105554,135907,241461
202210,경의중앙선,수색,62598,66175,128773
202210,경의중앙선,신원,5000,4386,9386
202210,경의중앙선,신촌,22663,29407,52070
202210,경의중앙선,아신,14279,14111,28390
202210,경의중앙선,야당,181477,179681,361158
202210,경의중앙선,양수,45648,45324,90972
202210,경의중앙선,양원,69261,66805,136066
202210,경의중앙선,양정,16923,14619,31542
202210,경의중앙선,양평,71343,72324,143667
202210,경의중앙선,오빈,7438,7223,14661
202210,경의중앙선,용문,54900,54539,109439
202210,경의중앙선,운길산,20085,19408,39493
202210,경의중앙선,운정,163891,150769,314660
202210,경의중앙선,원덕,8951,8395,17346
202210,경의중앙선,월롱,67276,61607,128883
202210,경의중앙선,일산,217559,212032,429591
202210,경의중앙선,임진강,549,338,887
202210,경의중앙선,중랑,126067,120068,246135
202210,경의중앙선,지평,1487,1586,3073
202210,경의중앙선,탄현,180372,170417,350789
202210,경의중앙선,파주,33824,24921,58745
202210,경의중앙선,팔당,20536,21449,41985
202210,경의중앙선,풍산,129090,119687,248777
202210,경의중앙선,행신,187996,186337,374333
202210,경의중앙선,홍대입구,42300,50676,92976
202210,경의중앙선,화전,68741,63346,132087
202210,경의중앙선,회기,613608,593287,1206895
202210,경의중앙선,효창공원앞,71497,78178,149675
202211,경의중앙선,가좌,143719,135416,279135
202211,경의중앙선,강매,80661,68673,149334
202211,경의중앙선,검암,2,0,2
202211,경의중앙선,계양,9,0,9
202211,경의중앙선,곡산,14927,15219,30146
202211,경의중앙선,공덕,90287,80859,171146
202211,경의중앙선,구리,320187,322697,642884
202211,경의중앙선,국수,17896,17774,35670
202211,경의중앙선,금릉,122025,118241,240266
202211,경의중앙선,금촌,155617,151602,307219
202211,경의중앙선,능곡,93063,83340,176403
202211,경의중앙선,덕소,132425,131219,263644
202211,경의중앙선,도농,277964,249556,527520
202211,경의중앙선,도심,59954,45931,105885
202211,경의중앙선,디지털미디어시티,67281,61225,128506
202211,경의중앙선,망우,182377,177017,359394
202211,경의중앙선,문산,125033,124258,249291
202211,경의중앙선,백마,171397,163661,335058
202211,경의중앙선,상봉,137095,133777,270872
202211,경의중앙선,서강대,54702,55114,109816
202211,경의중앙선,서울,115402,149889,265291
202211,경의중앙선,수색,67719,71789,139508
202211,경의중앙선,신원,4567,4027,8594
202211,경의중앙선,신촌,24454,32158,56612
202211,경의중앙선,아신,14180,14169,28349
202211,경의중앙선,야당,192338,191664,384002
202211,경의중앙선,양수,43888,44343,88231
202211,경의중앙선,양원,72702,69589,142291
202211,경의중앙선,양정,16394,13891,30285
202211,경의중앙선,양평,70990,72835,143825
202211,경의중앙선,오빈,7324,7316,14640
202211,경의중앙선,용문,48117,49436,97553
202211,경의중앙선,운길산,16770,16110,32880
202211,경의중앙선,운정,172901,159240,332141
202211,경의중앙선,원덕,8344,8021,16365
202211,경의중앙선,월롱,73842,63014,136856
202211,경의중앙선,일산,230750,226804,457554
202211,경의중앙선,임진강,221,125,346
202211,경의중앙선,중랑,133353,126284,259637
202211,경의중앙선,지평,1326,1480,2806
202211,경의중앙선,탄현,191959,182608,374567
202211,경의중앙선,파주,36306,26624,62930
202211,경의중앙선,팔당,19537,20198,39735
202211,경의중앙선,풍산,136081,126750,262831
202211,경의중앙선,행신,199189,199359,398548
202211,경의중앙선,홍대입구,42452,50752,93204
202211,경의중앙선,화전,76092,69757,145849
202211,경의중앙선,회기,664772,639504,1304276
202211,경의중앙선,효창공원앞,78102,85263,163365
202212,경의중앙선,가좌,133840,127291,261131
202212,경의중앙선,강매,76017,64707,140724
202212,경의중앙선,검암,1,0,1
202212,경의중앙선,계양,5,0,5
202212,경의중앙선,곡산,12943,13152,26095
202212,경의중앙선,공덕,92307,78333,170640
202212,경의중앙선,구리,308947,313503,622450
202212,경의중앙선,국수,17088,16802,33890
202212,경의중앙선,금릉,118998,114582,233580
202212,경의중앙선,금촌,150943,146533,297476
202212,경의중앙선,능곡,88102,79777,167879
202212,경의중앙선,덕소,125853,125011,250864
202212,경의중앙선,도농,266262,240221,506483
202212,경의중앙선,도심,56735,44021,100756
202212,경의중앙선,디지털미디어시티,64905,58271,123176
202212,경의중앙선,망우,173857,170758,344615
202212,경의중앙선,문산,117989,116274,234263
202212,경의중앙선,백마,163528,156043,319571
202212,경의중앙선,상봉,130814,130395,261209
202212,경의중앙선,서강대,50995,50906,101901
202212,경의중앙선,서울,102814,135518,238332
202212,경의중앙선,수색,61622,66250,127872
202212,경의중앙선,신원,3766,3454,7220
202212,경의중앙선,신촌,21132,27939,49071
202212,경의중앙선,아신,11869,11938,23807
202212,경의중앙선,야당,188510,189731,378241
202212,경의중앙선,양수,39658,39677,79335
202212,경의중앙선,양원,70007,67263,137270
202212,경의중앙선,양정,13951,11688,25639
202212,경의중앙선,양평,65415,66308,131723
202212,경의중앙선,오빈,6691,6605,13296
202212,경의중앙선,용문,38644,39255,77899
202212,경의중앙선,운길산,12898,12054,24952
202212,경의중앙선,운정,163418,151400,314818
202212,경의중앙선,운천,81,55,136
202212,경의중앙선,원덕,7419,6942,14361
202212,경의중앙선,월롱,66419,53662,120081
202212,경의중앙선,일산,219298,215758,435056
202212,경의중앙선,임진강,160,63,223
202212,경의중앙선,중랑,128390,122582,250972
202212,경의중앙선,지평,1196,1234,2430
202212,경의중앙선,탄현,185292,176379,361671
202212,경의중앙선,파주,30712,20985,51697
202212,경의중앙선,팔당,16971,17603,34574
202212,경의중앙선,풍산,132593,123518,256111
202212,경의중앙선,행신,192019,190488,382507
202212,경의중앙선,홍대입구,41673,51816,93489
202212,경의중앙선,화전,51147,46556,97703
202212,경의중앙선,회기,616902,590697,1207599
202212,경의중앙선,효창공원앞,73205,81704,154909
202201,우이신설선,4.19민주묘지,53807,51251,105058
202201,우이신설선,가오리,80579,80622,161201
202201,우이신설선,보문,29927,29698,59625
202201,우이신설선,북한산보국문,117792,113731,231523
202201,우이신설선,북한산우이,49292,44290,93582
202201,우이신설선,삼양,39800,42466,82266
202201,우이신설선,삼양사거리,48811,49429,98240
202201,우이신설선,성신여대입구,65269,71127,136396
202201,우이신설선,솔밭공원,48513,46391,94904
202201,우이신설선,솔샘,117017,110596,227613
202201,우이신설선,신설동,42290,40578,82868
202201,우이신설선,정릉,91524,85055,176579
202201,우이신설선,화계,66908,63126,130034
202202,우이신설선,4.19민주묘지,49199,47129,96328
202202,우이신설선,가오리,73254,73513,146767
202202,우이신설선,보문,26403,26641,53044
202202,우이신설선,북한산보국문,103562,101621,205183
202202,우이신설선,북한산우이,47273,42471,89744
202202,우이신설선,삼양,35504,38548,74052
202202,우이신설선,삼양사거리,43674,44307,87981
202202,우이신설선,성신여대입구,58060,63413,121473
202202,우이신설선,솔밭공원,42814,41367,84181
202202,우이신설선,솔샘,101226,96781,198007
202202,우이신설선,신설동,37899,36135,74034
202202,우이신설선,정릉,80272,74987,155259
202202,우이신설선,화계,60642,57450,118092
202203,우이신설선,4.19민주묘지,73587,70587,144174
202203,우이신설선,가오리,86019,85417,171436
202203,우이신설선,보문,31601,31797,63398
202203,우이신설선,북한산보국문,125717,119869,245586
202203,우이신설선,북한산우이,56792,51673,108465
202203,우이신설선,삼양,41993,44336,86329
202203,우이신설선,삼양사거리,51027,51382,102409
202203,우이신설선,성신여대입구,70481,76748,147229
202203,우이신설선,솔밭공원,50947,48998,99945
202203,우이신설선,솔샘,118909,112514,231423
202203,우이신설선,신설동,45410,43696,89106
202203,우이신설선,정릉,97056,88871,185927
202203,우이신설선,화계,70416,66592,137008
202204,우이신설선,4.19민주묘지,77030,73650,150680
202204,우이신설선,가오리,89751,87661,177412
202204,우이신설선,보문,32316,32344,64660
202204,우이신설선,북한산보국문,130370,121822,252192
202204,우이신설선,북한산우이,59186,53941,113127
202204,우이신설선,삼양,42766,44831,87597
202204,우이신설선,삼양사거리,51757,52204,103961
202204,우이신설선,성신여대입구,69642,76492,146134
202204,우이신설선,솔밭공원,53548,50623,104171
202204,우이신설선,솔샘,125016,115916,240932
202204,우이신설선,신설동,46540,44905,91445
202204,우이신설선,정릉,102371,91624,193995
202204,우이신설선,화계,72721,67241,139962
202205,우이신설선,4.19민주묘지,86278,82834,169112
202205,우이신설선,가오리,98434,95189,193623
202205,우이신설선,보문,35961,36203,72164
202205,우이신설선,북한산보국문,145719,134489,280208
202205,우이신설선,북한산우이,68555,63571,132126
202205,우이신설선,삼양,46392,47914,94306
202205,우이신설선,삼양사거리,57848,56864,114712
202205,우이신설선,성신여대입구,78578,87867,166445
202205,우이신설선,솔밭공원,58944,55225,114169
202205,우이신설선,솔샘,138478,126509,264987
202205,우이신설선,신설동,50328,49096,99424
202205,우이신설선,정릉,114548,100765,215313
202205,우이신설선,화계,80860,73969,154829
202206,우이신설선,4.19민주묘지,72091,68534,140625
202206,우이신설선,가오리,95223,94027,189250
202206,우이신설선,보문,34755,35009,69764
202206,우이신설선,북한산보국문,137130,128936,266066
202206,우이신설선,북한산우이,63583,58042,121625
202206,우이신설선,삼양,45321,47239,92560
202206,우이신설선,삼양사거리,55778,55431,111209
202206,우이신설선,성신여대입구,74628,83401,158029
202206,우이신설선,솔밭공원,56650,53589,110239
202206,우이신설선,솔샘,132516,123522,256038
202206,우이신설선,신설동,48919,47454,96373
202206,우이신설선,정릉,108073,97049,205122
202206,우이신설선,화계,77215,72030,149245
202207,우이신설선,4.19민주묘지,62789,58046,120835
202207,우이신설선,가오리,93446,92636,186082
202207,우이신설선,보문,32875,32747,65622
202207,우이신설선,북한산보국문,127727,122157,249884
202207,우이신설선,북한산우이,62841,57256,120097
202207,우이신설선,삼양,44484,46708,91192
202207,우이신설선,삼양사거리,54363,53942,108305
202207,우이신설선,성신여대입구,73246,81000,154246
202207,우이신설선,솔밭공원,55147,52280,107427
202207,우이신설선,솔샘,128487,120111,248598
202207,우이신설선,신설동,47043,45272,92315
202207,우이신설선,정릉,100769,92396,193165
202207,우이신설선,화계,75498,70325,145823
202208,우이신설선,4.19민주묘지,63441,59819,123260
202208,우이신설선,가오리,94922,94170,189092
202208,우이신설선,보문,33393,33622,67015
202208,우이신설선,북한산보국문,129459,123491,252950
202208,우이신설선,북한산우이,62958,57705,120663
202208,우이신설선,삼양,44997,47869,92866
202208,우이신설선,삼양사거리,55316,55513,110829
202208,우이신설선,성신여대입구,72476,80847,153323
202208,우이신설선,솔밭공원,55636,52726,108362
202208,우이신설선,솔샘,129417,121321,250738
202208,우이신설선,신설동,46505,44912,91417
202208,우이신설선,정릉,101474,92418,193892
202208,우이신설선,화계,76272,70896,147168
202209,우이신설선,4.19민주묘지,94513,91771,186284
202209,우이신설선,가오리,97979,95463,193442
202209,우이신설선,보문,35641,35508,71149
202209,우이신설선,북한산보국문,146562,137614,284176
202209,우이신설선,북한산우이,66837,60483,127320
202209,우이신설선,삼양,46148,48802,94950
202209,우이신설선,삼양사거리,57558,57388,114946
202209,우이신설선,성신여대입구,80977,89756,170733
202209,우이신설선,솔밭공원,58271,55330,113601
202209,우이신설선,솔샘,135103,125905,261008
202209,우이신설선,신설동,50719,48835,99554
202209,우이신설선,정릉,114130,102036,216166
202209,우이신설선,화계,80069,73971,154040
202210,우이신설선,4.19민주묘지,88607,86302,174909
202210,우이신설선,가오리,95350,92669,188019
202210,우이신설선,보문,34250,34554,68804
202210,우이신설선,북한산보국문,142260,135298,277558
202210,우이신설선,북한산우이,68561,61397,129958
202210,우이신설선,삼양,44354,46898,91252
202210,우이신설선,삼양사거리,57092,57083,114175
202210,우이신설선,성신여대입구,76571,85214,161785
202210,우이신설선,솔밭공원,56284,53127,109411
202210,우이신설선,솔샘,131517,123428,254945
202210,우이신설선,신설동,50667,49430,100097
202210,우이신설선,정릉,109465,99358,208823
202210,우이신설선,화계,77964,72792,150756
202211,우이신설선,4.19민주묘지,95592,94208,189800
202211,우이신설선,가오리,101011,98773,199784
202211,우이신설선,보문,37084,36724,73808
202211,우이신설선,북한산보국문,153676,146589,300265
202211,우이신설선,북한산우이,69300,61479,130779
202211,우이신설선,삼양,46514,49540,96054
202211,우이신설선,삼양사거리,60330,59925,120255
202211,우이신설선,성신여대입구,81639,91702,173341
202211,우이신설선,솔밭공원,60569,57073,117642
202211,우이신설선,솔샘,142137,134466,276603
202211,우이신설선,신설동,54738,53035,107773
202211,우이신설선,정릉,116159,107581,223740
202211,우이신설선,화계,82775,77782,160557
202212,우이신설선,4.19민주묘지,77796,75570,153366
202212,우이신설선,가오리,96463,94831,191294
202212,우이신설선,보문,36138,36514,72652
202212,우이신설선,북한산보국문,145034,137232,282266
202212,우이신설선,북한산우이,61024,53457,114481
202212,우이신설선,삼양,45579,48278,93857
202212,우이신설선,삼양사거리,57045,57145,114190
202212,우이신설선,성신여대입구,81120,90855,171975
202212,우이신설선,솔밭공원,57958,54495,112453
202212,우이신설선,솔샘,140277,131326,271603
202212,우이신설선,신설동,52008,50361,102369
202212,우이신설선,정릉,109257,104758,214015
202212,우이신설선,화계,79963,74308,154271
202201,경춘선,가평,28934,29305,58239
202201,경춘선,갈매,59896,52505,112401
202201,경춘선,강촌,6303,6252,12555
202201,경춘선,굴봉산,2431,2729,5160
202201,경춘선,금곡,28593,26862,55455
202201,경춘선,김유정,5069,5021,10090
202201,경춘선,남춘천,42937,44609,87546
202201,경춘선,대성리,7926,7253,15179
202201,경춘선,마석,71604,70968,142572
202201,경춘선,백양리,6294,5392,11686
202201,경춘선,별내,66829,62953,129782
202201,경춘선,사릉,62008,59714,121722
202201,경춘선,상천,3920,3615,7535
202201,경춘선,신내,39113,36608,75721
202201,경춘선,천마산,31359,29127,60486
202201,경춘선,청평,28801,28142,56943
202201,경춘선,춘천,21855,19922,41777
202201,경춘선,퇴계원,70940,65910,136850
202201,경춘선,평내호평,119225,115256,234481
202202,경춘선,가평,27732,27055,54787
202202,경춘선,갈매,51271,45055,96326
202202,경춘선,강촌,5875,5813,11688
202202,경춘선,굴봉산,2301,2651,4952
202202,경춘선,금곡,25344,23736,49080
202202,경춘선,김유정,4917,4942,9859
202202,경춘선,남춘천,39770,39599,79369
202202,경춘선,대성리,7969,7135,15104
202202,경춘선,마석,63833,63225,127058
202202,경춘선,백양리,5740,5151,10891
202202,경춘선,별내,57551,54834,112385
202202,경춘선,사릉,54681,52732,107413
202202,경춘선,상천,3775,3422,7197
202202,경춘선,신내,35431,33480,68911
202202,경춘선,천마산,28450,26427,54877
202202,경춘선,청평,26773,25356,52129
202202,경춘선,춘천,21533,18695,40228
202202,경춘선,퇴계원,61573,57458,119031
202202,경춘선,평내호평,104072,100310,204382
202203,경춘선,가평,29250,29104,58354
202203,경춘선,갈매,62352,54649,117001
202203,경춘선,강촌,7889,7840,15729
202203,경춘선,굴봉산,2256,2313,4569
202203,경춘선,금곡,31702,30705,62407
202203,경춘선,김유정,5728,6080,11808
202203,경춘선,남춘천,53787,51212,104999
202203,경춘선,대성리,9180,8447,17627
202203,경춘선,마석,82622,82250,164872
202203,경춘선,백양리,1837,1669,3506
202203,경춘선,별내,68085,65362,133447
202203,경춘선,사릉,62691,61218,123909
202203,경춘선,상천,5190,4958,10148
202203,경춘선,신내,45593,43187,88780
202203,경춘선,천마산,35655,33606,69261
202203,경춘선,청평,31061,30886,61947
202203,경춘선,춘천,30992,27293,58285
202203,경춘선,퇴계원,73242,68407,141649
202203,경춘선,평내호평,128770,127193,255963
202204,경춘선,가평,34232,35355,69587
202204,경춘선,갈매,65900,57416,123316
202204,경춘선,강촌,10167,10261,20428
202204,경춘선,굴봉산,3656,3565,7221
202204,경춘선,금곡,34331,32816,67147
202204,경춘선,김유정,7009,7597,14606
202204,경춘선,남춘천,58675,55850,114525
202204,경춘선,대성리,13007,13145,26152
202204,경춘선,마석,89073,88676,177749
202204,경춘선,백양리,2105,2159,4264
202204,경춘선,별내,69601,65545,135146
202204,경춘선,사릉,56017,54402,110419
202204,경춘선,상천,7139,6792,13931
202204,경춘선,신내,49600,46998,96598
202204,경춘선,천마산,37483,34839,72322
202204,경춘선,청평,35560,35583,71143
202204,경춘선,춘천,35056,30484,65540
202204,경춘선,퇴계원,76683,70703,147386
202204,경춘선,평내호평,137711,135947,273658
202205,경춘선,가평,43074,45317,88391
202205,경춘선,갈매,72848,62830,135678
202205,경춘선,강촌,12119,12907,25026
202205,경춘선,굴봉산,4098,4129,8227
202205,경춘선,금곡,38371,36794,75165
202205,경춘선,김유정,9702,10780,20482
202205,경춘선,남춘천,71036,68700,139736
202205,경춘선,대성리,16565,24178,40743
202205,경춘선,마석,101628,98998,200626
202205,경춘선,백양리,2421,2538,4959
202205,경춘선,별내,77147,71456,148603
202205,경춘선,사릉,61411,59075,120486
202205,경춘선,상천,8268,8406,16674
202205,경춘선,신내,54435,50715,105150
202205,경춘선,천마산,42705,39037,81742
202205,경춘선,청평,40932,42274,83206
202205,경춘선,춘천,44899,38935,83834
202205,경춘선,퇴계원,85976,77838,163814
202205,경춘선,평내호평,156889,152162,309051
202206,경춘선,가평,48794,49257,98051
202206,경춘선,갈매,69363,59614,128977
202206,경춘선,강촌,11569,11144,22713
202206,경춘선,굴봉산,3719,3560,7279
202206,경춘선,금곡,36177,34963,71140
202206,경춘선,김유정,7974,8555,16529
202206,경춘선,남춘천,64191,63664,127855
202206,경춘선,대성리,23092,24581,47673
202206,경춘선,마석,93270,91656,184926
202206,경춘선,백양리,2287,2286,4573
202206,경춘선,별내,73436,68774,142210
202206,경춘선,사릉,56614,54591,111205
202206,경춘선,상천,7196,7104,14300
202206,경춘선,신내,52088,49017,101105
202206,경춘선,천마산,39642,36792,76434
202206,경춘선,청평,42202,41914,84116
202206,경춘선,춘천,37436,32067,69503
202206,경춘선,퇴계원,81699,74668,156367
202206,경춘선,평내호평,144606,141361,285967
202207,경춘선,가평,55972,57660,113632
202207,경춘선,갈매,66270,56833,123103
202207,경춘선,강촌,10583,10303,20886
202207,경춘선,굴봉산,3368,2966,6334
202207,경춘선,금곡,33178,32349,65527
202207,경춘선,김유정,7100,7405,14505
202207,경춘선,남춘천,54282,56180,110462
202207,경춘선,대성리,22651,24821,47472
202207,경춘선,마석,86210,84699,170909
202207,경춘선,백양리,2593,2219,4812
202207,경춘선,별내,70259,65716,135975
202207,경춘선,사릉,51805,49981,101786
202207,경춘선,상천,6220,5884,12104
202207,경춘선,신내,49587,46666,96253
202207,경춘선,천마산,36305,33417,69722
202207,경춘선,청평,43603,43931,87534
202207,경춘선,춘천,29338,26947,56285
202207,경춘선,퇴계원,77703,70116,147819
202207,경춘선,평내호평,138347,134312,272659
202208,경춘선,가평,60704,60599,121303
202208,경춘선,갈매,66200,57198,123398
202208,경춘선,강촌,11820,10663,22483
202208,경춘선,굴봉산,3702,3034,6736
202208,경춘선,금곡,33466,32426,65892
202208,경춘선,김유정,7937,8036,15973
202208,경춘선,남춘천,56940,59560,116500
202208,경춘선,대성리,21132,20774,41906
202208,경춘선,마석,88438,86997,175435
202208,경춘선,백양리,2784,2248,5032
202208,경춘선,별내,69885,65789,135674
202208,경춘선,사릉,51896,50344,102240
202208,경춘선,상천,6523,5978,12501
202208,경춘선,신내,48532,46400,94932
202208,경춘선,천마산,36608,33731,70339
202208,경춘선,청평,44443,42873,87316
202208,경춘선,춘천,34227,31062,65289
202208,경춘선,퇴계원,77853,70912,148765
202208,경춘선,평내호평,138563,135398,273961
202209,경춘선,가평,41666,42242,83908
202209,경춘선,갈매,68579,58763,127342
202209,경춘선,강촌,11641,11736,23377
202209,경춘선,굴봉산,3295,3213,6508
202209,경춘선,금곡,36333,35360,71693
202209,경춘선,김유정,8022,8687,16709
202209,경춘선,남춘천,68907,66994,135901
202209,경춘선,대성리,13084,16710,29794
202209,경춘선,마석,97470,95751,193221
202209,경춘선,백양리,2167,2271,4438
202209,경춘선,별내,73801,69534,143335
202209,경춘선,사릉,58638,56448,115086
202209,경춘선,상천,7876,7758,15634
202209,경춘선,신내,51874,49155,101029
202209,경춘선,천마산,39272,36351,75623
202209,경춘선,청평,39821,40505,80326
202209,경춘선,춘천,45786,39038,84824
202209,경춘선,퇴계원,81949,74172,156121
202209,경춘선,평내호평,152285,149567,301852
202210,경춘선,가평,48130,46463,94593
202210,경춘선,갈매,67725,57950,125675
202210,경춘선,강촌,13092,12089,25181
202210,경춘선,굴봉산,3212,2975,6187
202210,경춘선,금곡,35156,34137,69293
202210,경춘선,김유정,8794,10072,18866
202210,경춘선,남춘천,64284,65237,129521
202210,경춘선,대성리,12961,12497,25458
202210,경춘선,마석,95894,92187,188081
202210,경춘선,백양리,2162,2105,4267
202210,경춘선,별내,71718,67413,139131
202210,경춘선,사릉,56863,54694,111557
202210,경춘선,상천,7664,7120,14784
202210,경춘선,신내,50943,48470,99413
202210,경춘선,천마산,38458,35073,73531
202210,경춘선,청평,38995,37425,76420
202210,경춘선,춘천,44644,37617,82261
202210,경춘선,퇴계원,80667,72630,153297
202210,경춘선,평내호평,145925,142770,288695
202211,경춘선,가평,42150,42318,84468
202211,경춘선,갈매,72015,61671,133686
202211,경춘선,강촌,11608,11437,23045
202211,경춘선,굴봉산,2673,2577,5250
202211,경춘선,금곡,36222,35403,71625
202211,경춘선,김유정,7798,8701,16499
202211,경춘선,남춘천,64288,62948,127236
202211,경춘선,대성리,11676,13954,25630
202211,경춘선,마석,97349,95214,192563
202211,경춘선,백양리,1661,1574,3235
202211,경춘선,별내,76616,72102,148718
202211,경춘선,사릉,59484,56608,116092
202211,경춘선,상천,6477,6148,12625
202211,경춘선,신내,55290,52165,107455
202211,경춘선,천마산,40215,36971,77186
202211,경춘선,청평,37379,36967,74346
202211,경춘선,춘천,42337,36419,78756
202211,경춘선,퇴계원,86366,79158,165524
202211,경춘선,평내호평,153893,151714,305607
202212,경춘선,가평,37726,37795,75521
202212,경춘선,갈매,69911,59456,129367
202212,경춘선,강촌,9460,9175,18635
202212,경춘선,굴봉산,2316,2685,5001
202212,경춘선,금곡,33538,32804,66342
202212,경춘선,김유정,6411,6643,13054
202212,경춘선,남춘천,59989,58853,118842
202212,경춘선,대성리,11037,10910,21947
202212,경춘선,마석,90182,87800,177982
202212,경춘선,백양리,6488,5850,12338
202212,경춘선,별내,73493,68653,142146
202212,경춘선,사릉,53387,51797,105184
202212,경춘선,상천,4497,4206,8703
202212,경춘선,신내,51605,48956,100561
202212,경춘선,천마산,36479,33336,69815
202212,경춘선,청평,35037,34077,69114
202212,경춘선,춘천,32865,28541,61406
202212,경춘선,퇴계원,81835,75193,157028
202212,경춘선,평내호평,143517,140635,284152
