사용월,호선명,지하철역,승차총승객수,하차총승객수,승하차총승객수
202201,1호선,가능,38578,36876,75454
202201,1호선,가산디지털단지,45781,61888,107669
202201,1호선,간석,31958,31088,63046
202201,1호선,개봉,118024,117490,235514
202201,1호선,관악,44068,41381,85449
202201,1호선,광명,21294,17636,38930
202201,1호선,광운대,41262,41415,82677
202201,1호선,구로,93691,95384,189075
202201,1호선,구일,32530,31967,64497
202201,1호선,군포,31036,29101,60137
202201,1호선,금정,137618,140805,278423
202201,1호선,금천구청,62018,61693,123711
202201,1호선,남영,43054,44444,87498
202201,1호선,노량진,62022,58629,120651
202201,1호선,녹양,26052,25520,51572
202201,1호선,녹천,25415,21749,47164
202201,1호선,당정,29592,28824,58416
202201,1호선,대방,57554,59025,116579
202201,1호선,덕계,17049,16161,33210
202201,1호선,덕정,32197,31515,63712
202201,1호선,도봉,34570,32863,67433
202201,1호선,도봉산,70073,48077,118150
202201,1호선,도원,15192,15737,30929
202201,1호선,도화,23890,22682,46572
202201,1호선,독산,65964,65623,131587
202201,1호선,동대문,85174,83054,168228
202201,1호선,동두천,11959,14449,26408
202201,1호선,동두천중앙,20047,19663,39710
202201,1호선,동묘앞,100008,102089,202097
202201,1호선,동암,93659,95741,189400
202201,1호선,동인천,90587,88455,179042
202201,1호선,두정,38466,39766,78232
202201,1호선,망월사,43176,44729,87905
202201,1호선,명학,34648,33904,68552
202201,1호선,방학,57319,55652,112971
202201,1호선,배방,7123,7472,14595
202201,1호선,백운,38483,38630,77113
202201,1호선,병점,90389,93524,183913
202201,1호선,보산,9663,9839,19502
202201,1호선,봉명,5246,4939,10185
202201,1호선,부개,47783,45117,92900
202201,1호선,부천,222280,224363,446643
202201,1호선,부평,227595,239918,467513
202201,1호선,서동탄,7167,7488,14655
202201,1호선,서빙고,11797,12141,23938
202201,1호선,서울,291866,245182,537048
202201,1호선,서정리,45420,48943,94363
202201,1호선,석계,50335,53611,103946
202201,1호선,석수,49975,48106,98081
202201,1호선,성균관대,75794,77550,153344
202201,1호선,성환,20886,21701,42587
202201,1호선,세류,18513,19178,37691
202201,1호선,세마,16173,15220,31393
202201,1호선,소사,51968,50361,102329
202201,1호선,소요산,25905,22705,48610
202201,1호선,송내,130031,128856,258887
202201,1호선,송탄,32867,33703,66570
202201,1호선,수원,300781,308554,609335
202201,1호선,시청,73207,71994,145201
202201,1호선,신길,44864,38600,83464
202201,1호선,신도림,22656,21136,43792
202201,1호선,신설동,74746,71440,146186
202201,1호선,신이문,46768,43655,90423
202201,1호선,신창,7133,7629,14762
202201,1호선,쌍용,11204,10682,21886
202201,1호선,아산,23418,19543,42961
202201,1호선,안양,132549,131479,264028
202201,1호선,양주,46849,45494,92343
202201,1호선,역곡,149071,147758,296829
202201,1호선,영등포,312659,313104,625763
202201,1호선,오류동,69810,64589,134399
202201,1호선,오산,72848,73629,146477
202201,1호선,오산대,20204,18808,39012
202201,1호선,옥수,372,225,597
202201,1호선,온수,35495,33448,68943
202201,1호선,온양온천,31115,32132,63247
202201,1호선,왕십리,94581,105168,199749
202201,1호선,외대앞,47136,45649,92785
202201,1호선,용산,274974,271820,546794
202201,1호선,월계,36676,34330,71006
202201,1호선,응봉,10055,9118,19173
202201,1호선,의왕,42986,43048,86034
202201,1호선,의정부,136770,141050,277820
202201,1호선,이촌,20857,16431,37288
202201,1호선,인천,31412,25823,57235
202201,1호선,제기동,120402,125433,245835
202201,1호선,제물포,55074,53516,108590
202201,1호선,종각,129877,117803,247680
202201,1호선,종로3가,151933,137781,289714
202201,1호선,종로5가,115979,114980,230959
202201,1호선,주안,117010,104017,221027
202201,1호선,중동,49892,47362,97254
202201,1호선,지행,40814,40853,81667
202201,1호선,직산,4915,5020,9935
202201,1호선,진위,7743,7127,14870
202201,1호선,창동,4,0,4
202201,1호선,천안,48294,50125,98419
202201,1호선,청량리,266563,267422,533985
202201,1호선,탕정,2984,2920,5904
202201,1호선,평택,99757,100213,199970
202201,1호선,평택지제,21940,21217,43157
202201,1호선,한남,19944,19342,39286
202201,1호선,화서,39208,39318,78526
202201,1호선,회룡,72857,72749,145606
202202,1호선,가능,30383,29213,59596
202202,1호선,가산디지털단지,36596,49128,85724
202202,1호선,간석,25036,24348,49384
202202,1호선,개봉,94582,93714,188296
202202,1호선,관악,35291,33103,68394
202202,1호선,광명,16768,14078,30846
202202,1호선,광운대,32393,32531,64924
202202,1호선,구로,75554,76898,152452
202202,1호선,구일,25468,24975,50443
202202,1호선,군포,25034,23643,48677
202202,1호선,금정,108279,110540,218819
202202,1호선,금천구청,49106,48649,97755
202202,1호선,남영,34559,36659,71218
202202,1호선,노량진,45219,43344,88563
202202,1호선,녹양,20537,19721,40258
202202,1호선,녹천,20114,17162,37276
202202,1호선,당정,23418,22746,46164
202202,1호선,대방,46280,47971,94251
202202,1호선,덕계,13743,12968,26711
202202,1호선,덕정,24640,24271,48911
202202,1호선,도봉,27359,26190,53549
202202,1호선,도봉산,56062,39552,95614
202202,1호선,도원,14690,14989,29679
202202,1호선,도화,18490,17504,35994
202202,1호선,독산,51665,51800,103465
202202,1호선,동대문,64636,63082,127718
202202,1호선,동두천,9376,11031,20407
202202,1호선,동두천중앙,15196,14901,30097
202202,1호선,동묘앞,77116,78750,155866
202202,1호선,동암,72643,73973,146616
202202,1호선,동인천,69875,68448,138323
202202,1호선,두정,29519,30636,60155
202202,1호선,망월사,34529,35934,70463
202202,1호선,명학,29110,28340,57450
202202,1호선,방학,46482,45048,91530
202202,1호선,배방,5752,5861,11613
202202,1호선,백운,30191,30182,60373
202202,1호선,병점,69259,72088,141347
202202,1호선,보산,8794,8532,17326
202202,1호선,봉명,4487,4237,8724
202202,1호선,부개,37300,35464,72764
202202,1호선,부천,171194,172506,343700
202202,1호선,부평,172103,180437,352540
202202,1호선,서동탄,5556,5678,11234
202202,1호선,서빙고,9419,9604,19023
202202,1호선,서울,224211,183597,407808
202202,1호선,서정리,36757,39400,76157
202202,1호선,석계,39206,41643,80849
202202,1호선,석수,39639,38391,78030
202202,1호선,성균관대,60566,62757,123323
202202,1호선,성환,16071,16543,32614
202202,1호선,세류,14247,14647,28894
202202,1호선,세마,12633,11776,24409
202202,1호선,소사,42643,40961,83604
202202,1호선,소요산,20970,18441,39411
202202,1호선,송내,103030,102088,205118
202202,1호선,송탄,27304,27582,54886
202202,1호선,수원,224679,229288,453967
202202,1호선,시청,61115,61856,122971
202202,1호선,신길,36519,31122,67641
202202,1호선,신도림,18751,17672,36423
202202,1호선,신설동,60299,58469,118768
202202,1호선,신이문,36870,34405,71275
202202,1호선,신창,5937,6491,12428
202202,1호선,쌍용,8698,8099,16797
202202,1호선,아산,18001,15082,33083
202202,1호선,안양,102958,101687,204645
202202,1호선,양주,36712,35327,72039
202202,1호선,역곡,115422,115313,230735
202202,1호선,영등포,241997,240776,482773
202202,1호선,오류동,55135,51141,106276
202202,1호선,오산,53899,54180,108079
202202,1호선,오산대,15374,14250,29624
202202,1호선,옥수,274,227,501
202202,1호선,온수,28130,26612,54742
202202,1호선,온양온천,22180,22838,45018
202202,1호선,왕십리,73046,83097,156143
202202,1호선,외대앞,36787,36233,73020
202202,1호선,용산,205409,200595,406004
202202,1호선,월계,29149,27338,56487
202202,1호선,응봉,8245,7200,15445
202202,1호선,의왕,33614,33286,66900
202202,1호선,의정부,107335,109599,216934
202202,1호선,이촌,16614,12842,29456
202202,1호선,인천,23511,19627,43138
202202,1호선,제기동,85140,87579,172719
202202,1호선,제물포,43473,42420,85893
202202,1호선,종각,102634,95145,197779
202202,1호선,종로3가,120645,111880,232525
202202,1호선,종로5가,93741,92590,186331
202202,1호선,주안,92359,81872,174231
202202,1호선,중동,39201,36854,76055
202202,1호선,지행,31524,31376,62900
202202,1호선,직산,3740,3851,7591
202202,1호선,진위,5965,5449,11414
202202,1호선,창동,1,0,1
202202,1호선,천안,35835,36775,72610
202202,1호선,청량리,201933,202162,404095
202202,1호선,탕정,2913,2859,5772
202202,1호선,평택,75583,75745,151328
202202,1호선,평택지제,18355,17408,35763
202202,1호선,한남,15820,15186,31006
202202,1호선,화서,30274,30466,60740
202202,1호선,회룡,58230,58176,116406
202203,1호선,가능,30861,29205,60066
202203,1호선,가산디지털단지,36427,48989,85416
202203,1호선,간석,25147,24028,49175
202203,1호선,개봉,90821,89819,180640
202203,1호선,관악,34319,32247,66566
202203,1호선,광명,16610,13552,30162
202203,1호선,광운대,36161,37253,73414
202203,1호선,구로,74627,77231,151858
202203,1호선,구일,24866,24365,49231
202203,1호선,군포,25372,23835,49207
202203,1호선,금정,108219,110378,218597
202203,1호선,금천구청,47017,46857,93874
202203,1호선,남영,33413,35330,68743
202203,1호선,노량진,44075,40957,85032
202203,1호선,녹양,20801,19988,40789
202203,1호선,녹천,19888,16896,36784
202203,1호선,당정,23267,22412,45679
202203,1호선,대방,46136,47763,93899
202203,1호선,덕계,13641,12773,26414
202203,1호선,덕정,26064,25707,51771
202203,1호선,도봉,26829,25238,52067
202203,1호선,도봉산,55267,38454,93721
202203,1호선,도원,13431,13356,26787
202203,1호선,도화,18702,17382,36084
202203,1호선,독산,50326,49992,100318
202203,1호선,동대문,64951,63896,128847
202203,1호선,동두천,9994,12265,22259
202203,1호선,동두천중앙,15588,15103,30691
202203,1호선,동묘앞,73392,76380,149772
202203,1호선,동암,71970,72350,144320
202203,1호선,동인천,69408,67972,137380
202203,1호선,두정,32770,37102,69872
202203,1호선,망월사,34237,35253,69490
202203,1호선,명학,28733,27754,56487
202203,1호선,방학,45304,44050,89354
202203,1호선,배방,5991,6437,12428
202203,1호선,백운,30212,30070,60282
202203,1호선,병점,70547,72425,142972
202203,1호선,보산,9700,9633,19333
202203,1호선,봉명,4363,4191,8554
202203,1호선,부개,36462,34354,70816
202203,1호선,부천,169770,170158,339928
202203,1호선,부평,172811,182161,354972
202203,1호선,서동탄,5356,5569,10925
202203,1호선,서빙고,9347,9518,18865
202203,1호선,서울,220079,183117,403196
202203,1호선,서정리,38554,40577,79131
202203,1호선,석계,38898,41391,80289
202203,1호선,석수,38230,36242,74472
202203,1호선,성균관대,61334,63257,124591
202203,1호선,성환,17932,19592,37524
202203,1호선,세류,14238,14261,28499
202203,1호선,세마,12668,11582,24250
202203,1호선,소사,42193,40603,82796
202203,1호선,소요산,21033,17959,38992
202203,1호선,송내,102041,99355,201396
202203,1호선,송탄,28533,28887,57420
202203,1호선,수원,229876,237493,467369
202203,1호선,시청,62252,61836,124088
202203,1호선,신길,35808,30710,66518
202203,1호선,신도림,18326,17360,35686
202203,1호선,신설동,58770,56512,115282
202203,1호선,신이문,36173,33765,69938
202203,1호선,신창,7963,11544,19507
202203,1호선,쌍용,9717,9578,19295
202203,1호선,아산,21541,17204,38745
202203,1호선,안양,101135,99449,200584
202203,1호선,양주,36961,35821,72782
202203,1호선,역곡,115241,113873,229114
202203,1호선,영등포,238565,239261,477826
202203,1호선,오류동,54248,50312,104560
202203,1호선,오산,55777,55393,111170
202203,1호선,오산대,15845,14607,30452
202203,1호선,옥수,273,171,444
202203,1호선,온수,27897,26233,54130
202203,1호선,온양온천,23136,23462,46598
202203,1호선,왕십리,73792,82402,156194
202203,1호선,외대앞,39599,38988,78587
202203,1호선,용산,205377,202689,408066
202203,1호선,월계,28299,26290,54589
202203,1호선,응봉,8591,7912,16503
202203,1호선,의왕,33701,33374,67075
202203,1호선,의정부,107205,109763,216968
202203,1호선,이촌,16747,12738,29485
202203,1호선,인천,23375,19493,42868
202203,1호선,제기동,83102,85700,168802
202203,1호선,제물포,43219,41836,85055
202203,1호선,종각,105757,96584,202341
202203,1호선,종로3가,118714,109111,227825
202203,1호선,종로5가,91907,92587,184494
202203,1호선,주안,93582,82641,176223
202203,1호선,중동,38696,36324,75020
202203,1호선,지행,32724,32510,65234
202203,1호선,직산,3900,4064,7964
202203,1호선,진위,6319,5851,12170
202203,1호선,창동,1,0,1
202203,1호선,천안,39461,40818,80279
202203,1호선,청량리,196784,198206,394990
202203,1호선,탕정,3478,3604,7082
202203,1호선,평택,80815,81988,162803
202203,1호선,평택지제,19504,17873,37377
202203,1호선,한남,15655,15140,30795
202203,1호선,화서,30492,29800,60292
202203,1호선,회룡,56414,56145,112559
202204,1호선,가능,43154,40792,83946
202204,1호선,가산디지털단지,52601,69692,122293
202204,1호선,간석,35358,32312,67670
202204,1호선,개봉,127908,124420,252328
202204,1호선,관악,51221,47564,98785
202204,1호선,광명,25428,20488,45916
202204,1호선,광운대,46705,47590,94295
202204,1호선,구로,102519,105717,208236
202204,1호선,구일,54477,55195,109672
202204,1호선,군포,34723,31771,66494
202204,1호선,금정,157701,158392,316093
202204,1호선,금천구청,69211,69273,138484
202204,1호선,남영,45477,48572,94049
202204,1호선,노량진,67439,62984,130423
202204,1호선,녹양,30366,28785,59151
202204,1호선,녹천,27261,23316,50577
202204,1호선,당정,33675,31957,65632
202204,1호선,대방,67018,67847,134865
202204,1호선,덕계,20467,19227,39694
202204,1호선,덕정,38601,37028,75629
202204,1호선,도봉,37188,34802,71990
202204,1호선,도봉산,86936,61733,148669
202204,1호선,도원,19325,19502,38827
202204,1호선,도화,26337,24497,50834
202204,1호선,독산,71969,70693,142662
202204,1호선,동대문,96094,95164,191258
202204,1호선,동두천,14639,19393,34032
202204,1호선,동두천중앙,22851,21940,44791
202204,1호선,동묘앞,110860,114110,224970
202204,1호선,동암,100434,100603,201037
202204,1호선,동인천,101010,98534,199544
202204,1호선,두정,45951,50270,96221
202204,1호선,망월사,49338,50562,99900
202204,1호선,명학,39322,37834,77156
202204,1호선,방학,62672,60231,122903
202204,1호선,배방,9063,9326,18389
202204,1호선,백운,43881,43430,87311
202204,1호선,병점,101355,103231,204586
202204,1호선,보산,17063,16539,33602
202204,1호선,봉명,6358,5982,12340
202204,1호선,부개,51879,48913,100792
202204,1호선,부천,232387,235915,468302
202204,1호선,부평,235721,253201,488922
202204,1호선,서동탄,8095,8400,16495
202204,1호선,서빙고,14631,15377,30008
202204,1호선,서울,348322,287279,635601
202204,1호선,서정리,54492,55305,109797
202204,1호선,석계,54542,58047,112589
202204,1호선,석수,56606,53786,110392
202204,1호선,성균관대,86508,87640,174148
202204,1호선,성환,26573,27934,54507
202204,1호선,세류,21121,20797,41918
202204,1호선,세마,18291,16667,34958
202204,1호선,소사,62209,59770,121979
202204,1호선,소요산,40885,35033,75918
202204,1호선,송내,147168,143703,290871
202204,1호선,송탄,40687,40622,81309
202204,1호선,수원,326945,343098,670043
202204,1호선,시청,100272,100862,201134
202204,1호선,신길,51981,44912,96893
202204,1호선,신도림,25250,26363,51613
202204,1호선,신설동,81987,79005,160992
202204,1호선,신이문,49809,45878,95687
202204,1호선,신창,11258,14185,25443
202204,1호선,쌍용,13754,13656,27410
202204,1호선,아산,31756,25657,57413
202204,1호선,안양,145970,143168,289138
202204,1호선,양주,55044,52725,107769
202204,1호선,역곡,162407,158433,320840
202204,1호선,영등포,329617,330084,659701
202204,1호선,오류동,74263,68298,142561
202204,1호선,오산,80019,77677,157696
202204,1호선,오산대,25087,23240,48327
202204,1호선,옥수,423,266,689
202204,1호선,온수,40310,37479,77789
202204,1호선,온양온천,36010,36064,72074
202204,1호선,왕십리,99900,113699,213599
202204,1호선,외대앞,51132,49686,100818
202204,1호선,용산,295987,294931,590918
202204,1호선,월계,39609,36246,75855
202204,1호선,응봉,16756,18377,35133
202204,1호선,의왕,49988,48962,98950
202204,1호선,의정부,148810,154596,303406
202204,1호선,이촌,26576,18616,45192
202204,1호선,인천,46012,39719,85731
202204,1호선,제기동,118688,122957,241645
202204,1호선,제물포,60867,57784,118651
202204,1호선,종각,162656,139428,302084
202204,1호선,종로3가,185325,164344,349669
202204,1호선,종로5가,142970,141943,284913
202204,1호선,주안,129351,113680,243031
202204,1호선,중동,54336,50708,105044
202204,1호선,지행,48317,47761,96078
202204,1호선,직산,6130,6082,12212
202204,1호선,진위,9510,8591,18101
202204,1호선,창동,3,0,3
202204,1호선,천안,57330,58736,116066
202204,1호선,청량리,279714,283385,563099
202204,1호선,탕정,5336,5207,10543
202204,1호선,평택,116843,116767,233610
202204,1호선,평택지제,27040,24917,51957
202204,1호선,한남,21679,21247,42926
202204,1호선,화서,46925,46372,93297
202204,1호선,회룡,81677,81298,162975
202205,1호선,가능,45778,42540,88318
202205,1호선,가산디지털단지,54092,72845,126937
202205,1호선,간석,37249,35179,72428
202205,1호선,개봉,137124,133354,270478
202205,1호선,관악,56257,53161,109418
202205,1호선,광명,29533,23085,52618
202205,1호선,광운대,48754,50051,98805
202205,1호선,구로,111821,115776,227597
202205,1호선,구일,49438,49155,98593
202205,1호선,군포,36145,33389,69534
202205,1호선,금정,166165,166917,333082
202205,1호선,금천구청,72994,72455,145449
202205,1호선,남영,51128,53488,104616
202205,1호선,노량진,70268,65819,136087
202205,1호선,녹양,31814,30147,61961
202205,1호선,녹천,28380,24266,52646
202205,1호선,당정,35695,34232,69927
202205,1호선,대방,69573,71825,141398
202205,1호선,덕계,22386,20491,42877
202205,1호선,덕정,40205,39185,79390
202205,1호선,도봉,38988,36576,75564
202205,1호선,도봉산,88816,63675,152491
202205,1호선,도원,21930,22176,44106
202205,1호선,도화,27432,25545,52977
202205,1호선,독산,74265,72953,147218
202205,1호선,동대문,99260,100625,199885
202205,1호선,동두천,15120,19639,34759
202205,1호선,동두천중앙,24432,23498,47930
202205,1호선,동묘앞,116337,118390,234727
202205,1호선,동암,108390,107804,216194
202205,1호선,동인천,106577,103990,210567
202205,1호선,두정,50949,58209,109158
202205,1호선,망월사,51853,52893,104746
202205,1호선,명학,42204,41044,83248
202205,1호선,방학,66306,63646,129952
202205,1호선,배방,9982,10806,20788
202205,1호선,백운,46578,45654,92232
202205,1호선,병점,110111,113137,223248
202205,1호선,보산,16054,15922,31976
202205,1호선,봉명,7009,6885,13894
202205,1호선,부개,55017,51201,106218
202205,1호선,부천,247033,250104,497137
202205,1호선,부평,250284,266807,517091
202205,1호선,서동탄,9172,9362,18534
202205,1호선,서빙고,17213,17473,34686
202205,1호선,서울,419744,339500,759244
202205,1호선,서정리,56633,63372,120005
202205,1호선,석계,57745,61822,119567
202205,1호선,석수,59991,56782,116773
202205,1호선,성균관대,91199,93716,184915
202205,1호선,성환,28790,32029,60819
202205,1호선,세류,23067,22762,45829
202205,1호선,세마,20306,18565,38871
202205,1호선,소사,65588,62351,127939
202205,1호선,소요산,42137,35898,78035
202205,1호선,송내,154757,151330,306087
202205,1호선,송탄,41874,44096,85970
202205,1호선,수원,370601,378002,748603
202205,1호선,시청,107797,107952,215749
202205,1호선,신길,52817,46049,98866
202205,1호선,신도림,25853,27848,53701
202205,1호선,신설동,84269,81029,165298
202205,1호선,신이문,53398,49075,102473
202205,1호선,신창,12606,17263,29869
202205,1호선,쌍용,15434,15645,31079
202205,1호선,아산,38977,29438,68415
202205,1호선,안양,157576,154777,312353
202205,1호선,양주,59050,56725,115775
202205,1호선,역곡,171478,168570,340048
202205,1호선,영등포,358018,361497,719515
202205,1호선,오류동,78316,71860,150176
202205,1호선,오산,87153,86369,173522
202205,1호선,오산대,28187,26285,54472
202205,1호선,옥수,480,357,837
202205,1호선,온수,43551,40180,83731
202205,1호선,온양온천,40706,40880,81586
202205,1호선,왕십리,109743,123802,233545
202205,1호선,외대앞,55185,53203,108388
202205,1호선,용산,364631,359876,724507
202205,1호선,월계,42280,38728,81008
202205,1호선,응봉,13207,11801,25008
202205,1호선,의왕,52250,51570,103820
202205,1호선,의정부,158739,165517,324256
202205,1호선,이촌,29791,20962,50753
202205,1호선,인천,48922,41161,90083
202205,1호선,제기동,116664,120962,237626
202205,1호선,제물포,63818,61119,124937
202205,1호선,종각,180016,159827,339843
202205,1호선,종로3가,192089,169352,361441
202205,1호선,종로5가,142164,140734,282898
202205,1호선,주안,139604,123683,263287
202205,1호선,중동,57536,53693,111229
202205,1호선,지행,52672,52590,105262
202205,1호선,직산,6632,6771,13403
202205,1호선,진위,9975,9223,19198
202205,1호선,창동,14,0,14
202205,1호선,천안,68738,69412,138150
202205,1호선,청량리,305753,303855,609608
202205,1호선,탕정,6276,6264,12540
202205,1호선,평택,128735,130951,259686
202205,1호선,평택지제,28929,27120,56049
202205,1호선,한남,23898,23619,47517
202205,1호선,화서,51331,50883,102214
202205,1호선,회룡,86705,85700,172405
202206,1호선,가능,39902,37430,77332
202206,1호선,가산디지털단지,48535,63625,112160
202206,1호선,간석,33210,31179,64389
202206,1호선,개봉,123036,118750,241786
202206,1호선,관악,49287,46556,95843
202206,1호선,광명,25555,20812,46367
202206,1호선,광운대,40438,40041,80479
202206,1호선,구로,101351,105063,206414
202206,1호선,구일,57051,65829,122880
202206,1호선,군포,32025,29440,61465
202206,1호선,금정,149599,148592,298191
202206,1호선,금천구청,64928,63659,128587
202206,1호선,남영,46928,47812,94740
202206,1호선,노량진,61016,55309,116325
202206,1호선,녹양,27615,26089,53704
202206,1호선,녹천,25279,21381,46660
202206,1호선,당정,31611,30152,61763
202206,1호선,대방,54323,58600,112923
202206,1호선,덕계,19625,18222,37847
202206,1호선,덕정,35273,33853,69126
202206,1호선,도봉,34521,32396,66917
202206,1호선,도봉산,74367,52805,127172
202206,1호선,도원,17044,16995,34039
202206,1호선,도화,24387,22605,46992
202206,1호선,독산,66308,64382,130690
202206,1호선,동대문,85244,87611,172855
202206,1호선,동두천,13421,16944,30365
202206,1호선,동두천중앙,21373,20962,42335
202206,1호선,동묘앞,94578,97103,191681
202206,1호선,동암,98867,98201,197068
202206,1호선,동인천,93053,91072,184125
202206,1호선,두정,44572,47150,91722
202206,1호선,망월사,44416,45119,89535
202206,1호선,명학,34854,32778,67632
202206,1호선,방학,58605,56730,115335
202206,1호선,배방,8729,9046,17775
202206,1호선,백운,40835,40078,80913
202206,1호선,병점,96401,97304,193705
202206,1호선,보산,13810,13756,27566
202206,1호선,봉명,6272,5983,12255
202206,1호선,부개,50006,46162,96168
202206,1호선,부천,215658,219455,435113
202206,1호선,부평,216578,232902,449480
202206,1호선,서동탄,7873,8317,16190
202206,1호선,서빙고,14625,14549,29174
202206,1호선,서울,363804,301484,665288
202206,1호선,서정리,51449,52932,104381
202206,1호선,석계,51434,53969,105403
202206,1호선,석수,53832,49334,103166
202206,1호선,성균관대,81150,80584,161734
202206,1호선,성환,24995,25573,50568
202206,1호선,세류,20968,20700,41668
202206,1호선,세마,17561,16139,33700
202206,1호선,소사,57328,54903,112231
202206,1호선,소요산,37787,33113,70900
202206,1호선,송내,139704,135980,275684
202206,1호선,송탄,37149,37099,74248
202206,1호선,수원,310354,324301,634655
202206,1호선,시청,94232,94512,188744
202206,1호선,신길,45885,39574,85459
202206,1호선,신도림,25024,26105,51129
202206,1호선,신설동,72968,68506,141474
202206,1호선,신이문,46954,42848,89802
202206,1호선,신창,9868,10210,20078
202206,1호선,쌍용,13740,13091,26831
202206,1호선,아산,29539,24772,54311
202206,1호선,안양,138678,136998,275676
202206,1호선,양주,50880,48380,99260
202206,1호선,역곡,149713,145802,295515
202206,1호선,영등포,326089,334568,660657
202206,1호선,오류동,69721,63298,133019
202206,1호선,오산,76342,74681,151023
202206,1호선,오산대,23856,21714,45570
202206,1호선,옥수,367,238,605
202206,1호선,온수,38255,34788,73043
202206,1호선,온양온천,35594,35684,71278
202206,1호선,왕십리,98556,109485,208041
202206,1호선,외대앞,45765,43595,89360
202206,1호선,용산,317450,320979,638429
202206,1호선,월계,36212,32854,69066
202206,1호선,응봉,11439,9832,21271
202206,1호선,의왕,45539,44328,89867
202206,1호선,의정부,137602,144185,281787
202206,1호선,이촌,24881,18185,43066
202206,1호선,인천,42009,35337,77346
202206,1호선,제기동,107929,110908,218837
202206,1호선,제물포,57050,53749,110799
202206,1호선,종각,148017,136926,284943
202206,1호선,종로3가,175459,157966,333425
202206,1호선,종로5가,129585,131902,261487
202206,1호선,주안,121420,107187,228607
202206,1호선,중동,50950,47113,98063
202206,1호선,지행,45704,45343,91047
202206,1호선,직산,5807,5842,11649
202206,1호선,진위,8622,8066,16688
202206,1호선,창동,5,0,5
202206,1호선,천안,57531,58605,116136
202206,1호선,청량리,269710,270286,539996
202206,1호선,탕정,5851,5564,11415
202206,1호선,평택,111295,112799,224094
202206,1호선,평택지제,26552,24282,50834
202206,1호선,한남,20757,20300,41057
202206,1호선,화서,45593,44397,89990
202206,1호선,회룡,76290,74592,150882
202207,1호선,가능,46583,43666,90249
202207,1호선,가산디지털단지,54079,73573,127652
202207,1호선,간석,38162,36096,74258
202207,1호선,개봉,141256,137315,278571
202207,1호선,관악,55168,51793,106961
202207,1호선,광명,28883,23040,51923
202207,1호선,광운대,47774,47977,95751
202207,1호선,구로,115367,119648,235015
202207,1호선,구일,55945,54826,110771
202207,1호선,군포,36535,33835,70370
202207,1호선,금정,174050,175641,349691
202207,1호선,금천구청,70959,71079,142038
202207,1호선,남영,57960,57909,115869
202207,1호선,노량진,65415,58977,124392
202207,1호선,녹양,31730,30115,61845
202207,1호선,녹천,29292,24838,54130
202207,1호선,당정,35822,34447,70269
202207,1호선,대방,61153,66789,127942
202207,1호선,덕계,22992,21185,44177
202207,1호선,덕정,40288,38826,79114
202207,1호선,도봉,40399,37623,78022
202207,1호선,도봉산,81222,56771,137993
202207,1호선,도원,19445,19439,38884
202207,1호선,도화,28629,26628,55257
202207,1호선,독산,76140,73911,150051
202207,1호선,동대문,98000,99069,197069
202207,1호선,동두천,15777,19665,35442
202207,1호선,동두천중앙,24557,24049,48606
202207,1호선,동묘앞,105012,106552,211564
202207,1호선,동암,114967,114790,229757
202207,1호선,동인천,106918,105175,212093
202207,1호선,두정,51673,54061,105734
202207,1호선,망월사,52524,53193,105717
202207,1호선,명학,39456,37446,76902
202207,1호선,방학,68096,65632,133728
202207,1호선,배방,9888,10162,20050
202207,1호선,백운,47550,46775,94325
202207,1호선,병점,111056,114035,225091
202207,1호선,보산,16351,16731,33082
202207,1호선,봉명,6970,6693,13663
202207,1호선,부개,57490,53294,110784
202207,1호선,부천,254342,256512,510854
202207,1호선,부평,262052,278875,540927
202207,1호선,서동탄,9333,9704,19037
202207,1호선,서빙고,16740,16315,33055
202207,1호선,서울,434089,352495,786584
202207,1호선,서정리,61330,65137,126467
202207,1호선,석계,57356,60555,117911
202207,1호선,석수,58863,54322,113185
202207,1호선,성균관대,92141,94114,186255
202207,1호선,성환,28631,28912,57543
202207,1호선,세류,24266,24129,48395
202207,1호선,세마,21407,19784,41191
202207,1호선,소사,60348,58978,119326
202207,1호선,소요산,46262,40725,86987
202207,1호선,송내,159440,155965,315405
202207,1호선,송탄,44478,45915,90393
202207,1호선,수원,375285,391509,766794
202207,1호선,시청,121582,126395,247977
202207,1호선,신길,52283,44679,96962
202207,1호선,신도림,24871,27246,52117
202207,1호선,신설동,86314,83602,169916
202207,1호선,신이문,54294,49973,104267
202207,1호선,신창,10135,10427,20562
202207,1호선,쌍용,14881,13938,28819
202207,1호선,아산,33727,27353,61080
202207,1호선,안양,160007,157867,317874
202207,1호선,양주,58601,56129,114730
202207,1호선,역곡,172556,170099,342655
202207,1호선,영등포,395571,401820,797391
202207,1호선,오류동,80293,73387,153680
202207,1호선,오산,90118,88889,179007
202207,1호선,오산대,26107,24406,50513
202207,1호선,옥수,463,251,714
202207,1호선,온수,43900,40295,84195
202207,1호선,온양온천,39056,39195,78251
202207,1호선,왕십리,119740,136212,255952
202207,1호선,외대앞,54266,52434,106700
202207,1호선,용산,397128,396811,793939
202207,1호선,월계,41679,38175,79854
202207,1호선,응봉,12589,11131,23720
202207,1호선,의왕,50222,49308,99530
202207,1호선,의정부,163826,169934,333760
202207,1호선,이촌,28519,20877,49396
202207,1호선,인천,43056,35653,78709
202207,1호선,제기동,124919,128389,253308
202207,1호선,제물포,65128,61715,126843
202207,1호선,종각,175906,164251,340157
202207,1호선,종로3가,188503,174865,363368
202207,1호선,종로5가,146445,145041,291486
202207,1호선,주안,139863,123305,263168
202207,1호선,중동,58417,54211,112628
202207,1호선,지행,53636,52924,106560
202207,1호선,직산,6568,6632,13200
202207,1호선,진위,10350,9384,19734
202207,1호선,창동,2,0,2
202207,1호선,천안,65758,65950,131708
202207,1호선,청량리,319496,319685,639181
202207,1호선,탕정,6825,6515,13340
202207,1호선,평택,132370,132750,265120
202207,1호선,평택지제,32281,30495,62776
202207,1호선,한남,23215,22497,45712
202207,1호선,화서,49945,48792,98737
202207,1호선,회룡,86095,85433,171528
202208,1호선,가능,36402,34180,70582
202208,1호선,가산디지털단지,42093,55790,97883
202208,1호선,간석,29810,28098,57908
202208,1호선,개봉,109725,106141,215866
202208,1호선,관악,42371,40130,82501
202208,1호선,광명,22823,18180,41003
202208,1호선,광운대,37502,37109,74611
202208,1호선,구로,87837,90361,178198
202208,1호선,구일,42300,41626,83926
202208,1호선,군포,28341,26383,54724
202208,1호선,금정,136840,138208,275048
202208,1호선,금천구청,54970,54463,109433
202208,1호선,남영,44290,45034,89324
202208,1호선,노량진,53550,48117,101667
202208,1호선,녹양,24615,23315,47930
202208,1호선,녹천,22901,19301,42202
202208,1호선,당정,27697,26725,54422
202208,1호선,대방,46393,50321,96714
202208,1호선,덕계,17976,16624,34600
202208,1호선,덕정,31176,30047,61223
202208,1호선,도봉,31346,29287,60633
202208,1호선,도봉산,63338,44827,108165
202208,1호선,도원,19236,19339,38575
202208,1호선,도화,22294,20530,42824
202208,1호선,독산,59196,57157,116353
202208,1호선,동대문,74472,73572,148044
202208,1호선,동두천,12420,15470,27890
202208,1호선,동두천중앙,19079,18801,37880
202208,1호선,동묘앞,87491,88547,176038
202208,1호선,동암,91382,91330,182712
202208,1호선,동인천,84801,83246,168047
202208,1호선,두정,39828,42248,82076
202208,1호선,망월사,41166,41557,82723
202208,1호선,명학,30550,28720,59270
202208,1호선,방학,53260,51218,104478
202208,1호선,배방,7198,7562,14760
202208,1호선,백운,38652,37484,76136
202208,1호선,병점,85809,87239,173048
202208,1호선,보산,12231,12415,24646
202208,1호선,봉명,5311,5137,10448
202208,1호선,부개,44885,41388,86273
202208,1호선,부천,198862,199689,398551
202208,1호선,부평,199691,214677,414368
202208,1호선,서동탄,7019,7147,14166
202208,1호선,서빙고,14099,13548,27647
202208,1호선,서울,331651,274464,606115
202208,1호선,서정리,48646,49790,98436
202208,1호선,석계,45705,47796,93501
202208,1호선,석수,45117,42258,87375
202208,1호선,성균관대,71753,72865,144618
202208,1호선,성환,22112,22691,44803
202208,1호선,세류,18073,18066,36139
202208,1호선,세마,15997,14581,30578
202208,1호선,소사,47713,46905,94618
202208,1호선,소요산,36893,32661,69554
202208,1호선,송내,125351,122109,247460
202208,1호선,송탄,34453,34922,69375
202208,1호선,수원,283784,297411,581195
202208,1호선,시청,93028,94062,187090
202208,1호선,신길,41320,34812,76132
202208,1호선,신도림,19726,21245,40971
202208,1호선,신설동,66405,64787,131192
202208,1호선,신이문,43241,38970,82211
202208,1호선,신창,8099,8825,16924
202208,1호선,쌍용,11240,10486,21726
202208,1호선,아산,25389,20541,45930
202208,1호선,안양,123112,121381,244493
202208,1호선,양주,45628,43639,89267
202208,1호선,역곡,134519,132643,267162
202208,1호선,영등포,298702,306266,604968
202208,1호선,오류동,62572,56892,119464
202208,1호선,오산,68231,67306,135537
202208,1호선,오산대,19605,18391,37996
202208,1호선,옥수,354,258,612
202208,1호선,온수,34795,31534,66329
202208,1호선,온양온천,28992,29426,58418
202208,1호선,왕십리,91146,104003,195149
202208,1호선,외대앞,43220,41516,84736
202208,1호선,용산,302412,306150,608562
202208,1호선,월계,32652,29710,62362
202208,1호선,응봉,10187,8880,19067
202208,1호선,의왕,39292,38704,77996
202208,1호선,의정부,124967,130704,255671
202208,1호선,이촌,22807,16654,39461
202208,1호선,인천,37135,32150,69285
202208,1호선,제기동,101996,105786,207782
202208,1호선,제물포,50856,48173,99029
202208,1호선,종각,139514,128881,268395
202208,1호선,종로3가,150412,138911,289323
202208,1호선,종로5가,114763,114559,229322
202208,1호선,주안,109827,97485,207312
202208,1호선,중동,45432,42568,88000
202208,1호선,지행,41288,40604,81892
202208,1호선,직산,5214,5173,10387
202208,1호선,진위,8147,7377,15524
202208,1호선,천안,50520,51369,101889
202208,1호선,청량리,253905,255899,509804
202208,1호선,탕정,5465,5015,10480
202208,1호선,평택,99540,100372,199912
202208,1호선,평택지제,25650,23832,49482
202208,1호선,한남,18414,18228,36642
202208,1호선,화서,38276,37580,75856
202208,1호선,회룡,68178,67349,135527
202209,1호선,가능,37862,35208,73070
202209,1호선,가산디지털단지,44995,61196,106191
202209,1호선,간석,30705,28556,59261
202209,1호선,개봉,112069,107947,220016
202209,1호선,관악,42769,40028,82797
202209,1호선,광명,24239,18790,43029
202209,1호선,광운대,39543,40138,79681
202209,1호선,구로,91970,94896,186866
202209,1호선,구일,48349,49390,97739
202209,1호선,군포,29308,27130,56438
202209,1호선,금정,140812,141475,282287
202209,1호선,금천구청,58410,57879,116289
202209,1호선,남영,44441,45693,90134
202209,1호선,노량진,59549,56036,115585
202209,1호선,녹양,25755,24330,50085
202209,1호선,녹천,23610,20175,43785
202209,1호선,당정,28763,27626,56389
202209,1호선,대방,48299,53507,101806
202209,1호선,덕계,18402,16853,35255
202209,1호선,덕정,33896,32328,66224
202209,1호선,도봉,32122,29923,62045
202209,1호선,도봉산,66139,45960,112099
202209,1호선,도원,15585,15486,31071
202209,1호선,도화,22405,20570,42975
202209,1호선,독산,61160,59844,121004
202209,1호선,동대문,84965,85068,170033
202209,1호선,동두천,12954,16198,29152
202209,1호선,동두천중앙,20378,19515,39893
202209,1호선,동묘앞,88308,90939,179247
202209,1호선,동암,93308,92247,185555
202209,1호선,동인천,85664,83265,168929
202209,1호선,두정,43508,48844,92352
202209,1호선,망월사,41544,41614,83158
202209,1호선,명학,31297,29417,60714
202209,1호선,방학,54180,52140,106320
202209,1호선,배방,8168,8150,16318
202209,1호선,백운,38715,37932,76647
202209,1호선,병점,89067,90121,179188
202209,1호선,보산,13310,12968,26278
202209,1호선,봉명,5620,5427,11047
202209,1호선,부개,46571,42656,89227
202209,1호선,부천,201226,203096,404322
202209,1호선,부평,204522,218163,422685
202209,1호선,서동탄,7290,7270,14560
202209,1호선,서빙고,15434,15239,30673
202209,1호선,서울,362487,288505,650992
202209,1호선,서정리,49505,50986,100491
202209,1호선,석계,46892,50164,97056
202209,1호선,석수,47448,44238,91686
202209,1호선,성균관대,76285,77197,153482
202209,1호선,성환,26370,27185,53555
202209,1호선,세류,19869,19288,39157
202209,1호선,세마,16782,15075,31857
202209,1호선,소사,51766,51228,102994
202209,1호선,소요산,38793,33620,72413
202209,1호선,송내,126945,122883,249828
202209,1호선,송탄,35552,35792,71344
202209,1호선,수원,306096,315100,621196
202209,1호선,시청,100970,99522,200492
202209,1호선,신길,42132,36723,78855
202209,1호선,신도림,20987,22955,43942
202209,1호선,신설동,68147,65595,133742
202209,1호선,신이문,44113,40489,84602
202209,1호선,신창,11056,13780,24836
202209,1호선,쌍용,13046,12613,25659
202209,1호선,아산,30310,24062,54372
202209,1호선,안양,126313,123858,250171
202209,1호선,양주,51537,49356,100893
202209,1호선,역곡,138656,136487,275143
202209,1호선,영등포,301316,306504,607820
202209,1호선,오류동,64552,58788,123340
202209,1호선,오산,73089,71490,144579
202209,1호선,오산대,21441,19732,41173
202209,1호선,옥수,418,242,660
202209,1호선,온수,36044,32655,68699
202209,1호선,온양온천,35864,34836,70700
202209,1호선,왕십리,90546,104678,195224
202209,1호선,외대앞,47538,46151,93689
202209,1호선,용산,303914,295360,599274
202209,1호선,월계,34602,32018,66620
202209,1호선,응봉,10834,9627,20461
202209,1호선,의왕,40494,39615,80109
202209,1호선,의정부,129981,136123,266104
202209,1호선,이촌,23659,16844,40503
202209,1호선,인천,42250,36055,78305
202209,1호선,제기동,98258,101899,200157
202209,1호선,제물포,51661,49395,101056
202209,1호선,종각,145436,130580,276016
202209,1호선,종로3가,161918,145111,307029
202209,1호선,종로5가,118452,118227,236679
202209,1호선,주안,113993,101309,215302
202209,1호선,중동,47874,44227,92101
202209,1호선,지행,43063,42194,85257
202209,1호선,직산,5686,5727,11413
202209,1호선,진위,8510,7659,16169
202209,1호선,창동,2,0,2
202209,1호선,천안,57759,58436,116195
202209,1호선,청량리,251277,250380,501657
202209,1호선,탕정,5984,5778,11762
202209,1호선,평택,109378,108846,218224
202209,1호선,평택지제,25951,23995,49946
202209,1호선,한남,18833,18379,37212
202209,1호선,화서,40771,40002,80773
202209,1호선,회룡,69816,68526,138342
202210,1호선,가능,51345,48716,100061
202210,1호선,가산디지털단지,64968,86646,151614
202210,1호선,간석,42728,40110,82838
202210,1호선,개봉,160557,155012,315569
202210,1호선,관악,62132,59078,121210
202210,1호선,광명,33384,27606,60990
202210,1호선,광운대,53619,53173,106792
202210,1호선,구로,132054,136134,268188
202210,1호선,구일,56133,55972,112105
202210,1호선,군포,40993,37338,78331
202210,1호선,금정,197817,197839,395656
202210,1호선,금천구청,84521,83412,167933
202210,1호선,남영,69494,65012,134506
202210,1호선,노량진,102433,97912,200345
202210,1호선,녹양,37130,35142,72272
202210,1호선,녹천,32652,27408,60060
202210,1호선,당정,41401,39098,80499
202210,1호선,대방,81270,81660,162930
202210,1호선,덕계,26659,24322,50981
202210,1호선,덕정,47294,45216,92510
202210,1호선,도봉,44725,41992,86717
202210,1호선,도봉산,101898,71901,173799
202210,1호선,도원,26586,26847,53433
202210,1호선,도화,31806,29190,60996
202210,1호선,독산,89441,86006,175447
202210,1호선,동대문,111220,113849,225069
202210,1호선,동두천,17827,22982,40809
202210,1호선,동두천중앙,27431,27047,54478
202210,1호선,동묘앞,126615,131392,258007
202210,1호선,동암,130581,129895,260476
202210,1호선,동인천,124494,121680,246174
202210,1호선,두정,61416,66628,128044
202210,1호선,망월사,62364,63267,125631
202210,1호선,명학,46015,42672,88687
202210,1호선,방학,75867,72754,148621
202210,1호선,배방,11180,11507,22687
202210,1호선,백운,52944,51912,104856
202210,1호선,병점,126335,127319,253654
202210,1호선,보산,18195,18650,36845
202210,1호선,봉명,7797,7759,15556
202210,1호선,부개,63947,58365,122312
202210,1호선,부천,278832,282077,560909
202210,1호선,부평,283997,303154,587151
202210,1호선,서동탄,10580,10904,21484
202210,1호선,서빙고,24639,24661,49300
202210,1호선,서울,540461,449782,990243
202210,1호선,서정리,74747,73915,148662
202210,1호선,석계,67014,70891,137905
202210,1호선,석수,68254,63301,131555
202210,1호선,성균관대,106681,108075,214756
202210,1호선,성환,35487,36300,71787
202210,1호선,세류,27587,27122,54709
202210,1호선,세마,23538,21159,44697
202210,1호선,소사,76077,73711,149788
202210,1호선,소요산,67206,60486,127692
202210,1호선,송내,183902,178951,362853
202210,1호선,송탄,50428,50259,100687
202210,1호선,수원,413848,432755,846603
202210,1호선,시청,184727,197803,382530
202210,1호선,신길,68193,54684,122877
202210,1호선,신도림,30921,34487,65408
202210,1호선,신설동,99181,94564,193745
202210,1호선,신이문,61351,56062,117413
202210,1호선,신창,13835,16838,30673
202210,1호선,쌍용,18576,17535,36111
202210,1호선,아산,41874,35071,76945
202210,1호선,안양,181596,177746,359342
202210,1호선,양주,69216,66659,135875
202210,1호선,역곡,197123,192831,389954
202210,1호선,영등포,420263,425888,846151
202210,1호선,오류동,92108,82699,174807
202210,1호선,오산,100705,97842,198547
202210,1호선,오산대,32146,29587,61733
202210,1호선,옥수,426,334,760
202210,1호선,온수,50858,45961,96819
202210,1호선,온양온천,48141,47983,96124
202210,1호선,왕십리,126382,143705,270087
202210,1호선,외대앞,64951,61621,126572
202210,1호선,용산,442850,443412,886262
202210,1호선,월계,47908,43634,91542
202210,1호선,응봉,15959,14046,30005
202210,1호선,의왕,58251,56752,115003
202210,1호선,의정부,179898,188262,368160
202210,1호선,이촌,41824,31304,73128
202210,1호선,인천,54637,46177,100814
202210,1호선,제기동,140789,143211,284000
202210,1호선,제물포,72632,69024,141656
202210,1호선,종각,221866,198262,420128
202210,1호선,종로3가,238132,213354,451486
202210,1호선,종로5가,183085,183243,366328
202210,1호선,주안,160462,141434,301896
202210,1호선,중동,66275,61180,127455
202210,1호선,지행,59294,58077,117371
202210,1호선,직산,7754,7968,15722
202210,1호선,진위,12153,10901,23054
202210,1호선,창동,2,0,2
202210,1호선,천안,76937,79880,156817
202210,1호선,청량리,352134,354247,706381
202210,1호선,탕정,8865,8333,17198
202210,1호선,평택,149292,150322,299614
202210,1호선,평택지제,38779,35655,74434
202210,1호선,한남,27787,26541,54328
202210,1호선,화서,60573,59303,119876
202210,1호선,회룡,98922,97922,196844
202211,1호선,가능,38943,36763,75706
202211,1호선,가산디지털단지,50463,68800,119263
202211,1호선,간석,32958,30883,63841
202211,1호선,개봉,123558,119595,243153
202211,1호선,관악,48814,46206,95020
202211,1호선,광명,27231,22043,49274
202211,1호선,광운대,45880,45416,91296
202211,1호선,구로,104668,109363,214031
202211,1호선,구일,49591,51356,100947
202211,1호선,군포,31565,28954,60519
202211,1호선,금정,154097,154188,308285
202211,1호선,금천구청,63389,62423,125812
202211,1호선,남영,51993,53167,105160
202211,1호선,노량진,67614,66570,134184
202211,1호선,녹양,27948,26025,53973
202211,1호선,녹천,24765,20954,45719
202211,1호선,당정,31415,29828,61243
202211,1호선,대방,55556,62663,118219
202211,1호선,덕계,20280,18426,38706
202211,1호선,덕정,35864,34589,70453
202211,1호선,도봉,33966,31939,65905
202211,1호선,도봉산,73356,51987,125343
202211,1호선,도원,17029,17002,34031
202211,1호선,도화,22956,21355,44311
202211,1호선,독산,67926,65662,133588
202211,1호선,동대문,86742,87707,174449
202211,1호선,동두천,13218,16768,29986
202211,1호선,동두천중앙,20586,19950,40536
202211,1호선,동묘앞,100458,104496,204954
202211,1호선,동암,100591,99376,199967
202211,1호선,동인천,89949,88082,178031
202211,1호선,두정,48695,56288,104983
202211,1호선,망월사,45725,46734,92459
202211,1호선,명학,34928,32399,67327
202211,1호선,방학,57440,54944,112384
202211,1호선,배방,8746,8999,17745
202211,1호선,백운,40856,39898,80754
202211,1호선,병점,98830,99759,198589
202211,1호선,보산,13217,13695,26912
202211,1호선,봉명,5731,5758,11489
202211,1호선,부개,49120,45362,94482
202211,1호선,부천,214466,216129,430595
202211,1호선,부평,214591,227756,442347
202211,1호선,서동탄,8136,8275,16411
202211,1호선,서빙고,15699,16423,32122
202211,1호선,서울,437698,362231,799929
202211,1호선,서정리,58626,60696,119322
202211,1호선,석계,51764,54965,106729
202211,1호선,석수,52257,48376,100633
202211,1호선,성균관대,83302,84963,168265
202211,1호선,성환,27369,29374,56743
202211,1호선,세류,21323,21026,42349
202211,1호선,세마,17902,16233,34135
202211,1호선,소사,58016,56571,114587
202211,1호선,소요산,37716,33152,70868
202211,1호선,송내,141466,137086,278552
202211,1호선,송탄,38809,39807,78616
202211,1호선,수원,323146,333269,656415
202211,1호선,시청,144935,147797,292732
202211,1호선,신길,47618,41706,89324
202211,1호선,신도림,23586,27002,50588
202211,1호선,신설동,78458,75407,153865
202211,1호선,신이문,48612,44057,92669
202211,1호선,신창,11088,15234,26322
202211,1호선,쌍용,14012,13716,27728
202211,1호선,아산,35275,28079,63354
202211,1호선,안양,139047,136426,275473
202211,1호선,양주,49869,47808,97677
202211,1호선,역곡,150904,148375,299279
202211,1호선,영등포,337705,343410,681115
202211,1호선,오류동,70985,64425,135410
202211,1호선,오산,78096,76241,154337
202211,1호선,오산대,24190,22352,46542
202211,1호선,옥수,401,301,702
202211,1호선,온수,38128,34706,72834
202211,1호선,온양온천,38367,38282,76649
202211,1호선,왕십리,106703,115040,221743
202211,1호선,외대앞,60392,56846,117238
202211,1호선,용산,341312,335280,676592
202211,1호선,월계,38392,34858,73250
202211,1호선,응봉,11422,10020,21442
202211,1호선,의왕,43282,42279,85561
202211,1호선,의정부,140511,145392,285903
202211,1호선,이촌,24483,18470,42953
202211,1호선,인천,35023,29459,64482
202211,1호선,제기동,107381,110458,217839
202211,1호선,제물포,55264,52256,107520
202211,1호선,종각,172799,158183,330982
202211,1호선,종로3가,182891,165905,348796
202211,1호선,종로5가,139612,136969,276581
202211,1호선,주안,123950,109040,232990
202211,1호선,중동,50637,46909,97546
202211,1호선,지행,44726,44571,89297
202211,1호선,직산,6130,6171,12301
202211,1호선,진위,9124,8523,17647
202211,1호선,창동,3,0,3
202211,1호선,천안,61721,64055,125776
202211,1호선,청량리,271476,272221,543697
202211,1호선,탕정,7169,7142,14311
202211,1호선,평택,116574,120645,237219
202211,1호선,평택지제,31372,29468,60840
202211,1호선,한남,19614,19260,38874
202211,1호선,화서,45972,44541,90513
202211,1호선,회룡,74502,73140,147642
202212,1호선,가능,41374,38878,80252
202212,1호선,가산디지털단지,52205,71624,123829
202212,1호선,간석,36505,34577,71082
202212,1호선,개봉,138390,133092,271482
202212,1호선,관악,49626,47752,97378
202212,1호선,광명,28889,23322,52211
202212,1호선,광운대,44186,44412,88598
202212,1호선,구로,112755,116514,229269
202212,1호선,구일,66337,71850,138187
202212,1호선,군포,34394,31142,65536
202212,1호선,금정,167685,167906,335591
202212,1호선,금천구청,68108,67412,135520
202212,1호선,남영,55537,58049,113586
202212,1호선,노량진,78473,81096,159569
202212,1호선,녹양,29522,27863,57385
202212,1호선,녹천,25409,21624,47033
202212,1호선,당정,33601,32205,65806
202212,1호선,대방,57678,63559,121237
202212,1호선,덕계,20536,18452,38988
202212,1호선,덕정,37341,35464,72805
202212,1호선,도봉,35244,33027,68271
202212,1호선,도봉산,64816,43703,108519
202212,1호선,도원,17688,17573,35261
202212,1호선,도화,25702,23662,49364
202212,1호선,독산,72866,70889,143755
202212,1호선,동대문,97151,98486,195637
202212,1호선,동두천,13524,16072,29596
202212,1호선,동두천중앙,21171,20662,41833
202212,1호선,동묘앞,98651,101302,199953
202212,1호선,동암,110517,109427,219944
202212,1호선,동인천,98574,96733,195307
202212,1호선,두정,52710,56744,109454
202212,1호선,망월사,48005,48099,96104
202212,1호선,명학,36544,34335,70879
202212,1호선,방학,62058,59680,121738
202212,1호선,배방,9393,9209,18602
202212,1호선,백운,43280,42407,85687
202212,1호선,병점,106867,108452,215319
202212,1호선,보산,14898,14617,29515
202212,1호선,봉명,6691,6598,13289
202212,1호선,부개,53476,49692,103168
202212,1호선,부천,240147,244810,484957
202212,1호선,부평,245504,263417,508921
202212,1호선,서동탄,8155,8404,16559
202212,1호선,서빙고,14266,14743,29009
202212,1호선,서울,452296,381630,833926
202212,1호선,서정리,63803,64941,128744
202212,1호선,석계,54359,58379,112738
202212,1호선,석수,54724,50479,105203
202212,1호선,성균관대,91267,91218,182485
202212,1호선,성환,28183,28690,56873
202212,1호선,세류,22634,22510,45144
202212,1호선,세마,19882,18175,38057
202212,1호선,소사,58271,56347,114618
202212,1호선,소요산,24793,21154,45947
202212,1호선,송내,151812,147844,299656
202212,1호선,송탄,42889,43026,85915
202212,1호선,수원,361833,376941,738774
202212,1호선,시청,152338,143513,295851
202212,1호선,신길,50805,43720,94525
202212,1호선,신도림,23266,24983,48249
202212,1호선,신설동,82825,78990,161815
202212,1호선,신이문,51401,46460,97861
202212,1호선,신창,9520,9902,19422
202212,1호선,쌍용,15542,14974,30516
202212,1호선,아산,35383,29017,64400
202212,1호선,안양,151321,148778,300099
202212,1호선,양주,52269,49872,102141
202212,1호선,역곡,165358,161933,327291
202212,1호선,영등포,405933,412051,817984
202212,1호선,오류동,77462,69858,147320
202212,1호선,오산,84027,82879,166906
202212,1호선,오산대,23596,21679,45275
202212,1호선,옥수,392,260,652
202212,1호선,온수,40718,37315,78033
202212,1호선,온양온천,40734,40847,81581
202212,1호선,왕십리,116121,125696,241817
202212,1호선,외대앞,55815,53610,109425
202212,1호선,용산,377827,377182,755009
202212,1호선,월계,39117,35333,74450
202212,1호선,응봉,10844,9312,20156
202212,1호선,의왕,46963,45754,92717
202212,1호선,의정부,157644,163891,321535
202212,1호선,이촌,24378,19090,43468
202212,1호선,인천,30868,25760,56628
202212,1호선,제기동,116322,119859,236181
202212,1호선,제물포,60113,57170,117283
202212,1호선,종각,193202,184384,377586
202212,1호선,종로3가,200576,185542,386118
202212,1호선,종로5가,160882,156141,317023
202212,1호선,주안,136700,119377,256077
202212,1호선,중동,55288,51205,106493
202212,1호선,지행,48971,48508,97479
202212,1호선,직산,6195,6261,12456
202212,1호선,진위,9427,8440,17867
202212,1호선,창동,5,0,5
202212,1호선,천안,62475,63780,126255
202212,1호선,청량리,292292,293690,585982
202212,1호선,탕정,8164,7678,15842
202212,1호선,평택,126439,127125,253564
202212,1호선,평택지제,33675,30847,64522
202212,1호선,한남,20786,20966,41752
202212,1호선,화서,47446,46592,94038
202212,1호선,회룡,79193,78514,157707
202201,2호선,강남,416915,403726,820641
202201,2호선,강변,194263,202613,396876
202201,2호선,건대입구,268042,280163,548205
202201,2호선,교대,113163,126061,239224
202201,2호선,구로디지털단지,248312,243607,491919
202201,2호선,구의,120172,119280,239452
202201,2호선,낙성대,156236,151059,307295
202201,2호선,당산,86229,94475,180704
202201,2호선,대림,139833,146601,286434
202201,2호선,도림천,5327,5593,10920
202201,2호선,동대문역사문화공원,76378,86046,162424
202201,2호선,뚝섬,98775,99197,197972
202201,2호선,문래,81965,85523,167488
202201,2호선,방배,68789,72274,141063
202201,2호선,봉천,127363,120456,247819
202201,2호선,사당,215943,236267,452210
202201,2호선,삼성,215641,210848,426489
202201,2호선,상왕십리,72041,70107,142148
202201,2호선,서울대입구,277718,272805,550523
202201,2호선,서초,92814,82481,175295
202201,2호선,선릉,151523,131568,283091
202201,2호선,성수,142202,154880,297082
202201,2호선,시청,57819,48296,106115
202201,2호선,신답,7595,8094,15689
202201,2호선,신당,82590,87141,169731
202201,2호선,신대방,151511,146720,298231
202201,2호선,신도림,277936,281517,559453
202201,2호선,신림,382702,369116,751818
202201,2호선,신설동,28428,29475,57903
202201,2호선,신정네거리,54465,54995,109460
202201,2호선,신촌,217941,213427,431368
202201,2호선,아현,53037,51932,104969
202201,2호선,양천구청,32925,34088,67013
202201,2호선,역삼,130127,141273,271400
202201,2호선,영등포구청,86700,90094,176794
202201,2호선,왕십리,95669,83369,179038
202201,2호선,용답,16741,16756,33497
202201,2호선,용두,13211,13263,26474
202201,2호선,을지로3가,78977,76033,155010
202201,2호선,을지로4가,44386,43709,88095
202201,2호선,을지로입구,159246,152196,311442
202201,2호선,이대,69344,73247,142591
202201,2호선,잠실,482585,457666,940251
202201,2호선,잠실나루,52714,52688,105402
202201,2호선,잠실새내,119115,122866,241981
202201,2호선,종합운동장,42023,45621,87644
202201,2호선,충정로,39119,41311,80430
202201,2호선,한양대,27257,27726,54983
202201,2호선,합정,208152,219312,427464
202201,2호선,홍대입구,490242,495631,985873
202202,2호선,강남,341673,329926,671599
202202,2호선,강변,149926,148029,297955
202202,2호선,건대입구,205410,213778,419188
202202,2호선,교대,95847,106853,202700
202202,2호선,구로디지털단지,201467,198403,399870
202202,2호선,구의,97794,97762,195556
202202,2호선,낙성대,128000,125699,253699
202202,2호선,당산,70831,77543,148374
202202,2호선,대림,109222,114155,223377
202202,2호선,도림천,4607,4695,9302
202202,2호선,동대문역사문화공원,59238,67165,126403
202202,2호선,뚝섬,80468,82342,162810
202202,2호선,문래,70436,73458,143894
202202,2호선,방배,56069,58896,114965
202202,2호선,봉천,103574,99375,202949
202202,2호선,사당,177107,193636,370743
202202,2호선,삼성,183625,179212,362837
202202,2호선,상왕십리,58276,57157,115433
202202,2호선,서울대입구,229525,227641,457166
202202,2호선,서초,76602,68562,145164
202202,2호선,선릉,131083,115501,246584
202202,2호선,성수,118469,128745,247214
202202,2호선,시청,51048,44001,95049
202202,2호선,신답,6102,6439,12541
202202,2호선,신당,66658,70533,137191
202202,2호선,신대방,121964,119842,241806
202202,2호선,신도림,233475,236430,469905
202202,2호선,신림,310682,303941,614623
202202,2호선,신설동,22825,22538,45363
202202,2호선,신정네거리,42833,43697,86530
202202,2호선,신촌,179476,176395,355871
202202,2호선,아현,42997,42281,85278
202202,2호선,양천구청,26436,27241,53677
202202,2호선,역삼,112264,122677,234941
202202,2호선,영등포구청,74213,76259,150472
202202,2호선,왕십리,77790,67689,145479
202202,2호선,용답,12912,12988,25900
202202,2호선,용두,9520,9631,19151
202202,2호선,을지로3가,62305,59894,122199
202202,2호선,을지로4가,36168,35897,72065
202202,2호선,을지로입구,120669,116499,237168
202202,2호선,이대,57812,61963,119775
202202,2호선,잠실,365483,345753,711236
202202,2호선,잠실나루,42228,42450,84678
202202,2호선,잠실새내,95412,98669,194081
202202,2호선,종합운동장,33669,35946,69615
202202,2호선,충정로,32770,35107,67877
202202,2호선,한양대,22054,23116,45170
202202,2호선,합정,168516,178374,346890
202202,2호선,홍대입구,383617,388193,771810
202203,2호선,강남,332841,326861,659702
202203,2호선,강변,149055,148236,297291
202203,2호선,건대입구,214548,223397,437945
202203,2호선,교대,95877,105596,201473
202203,2호선,구로디지털단지,194412,190896,385308
202203,2호선,구의,95672,94531,190203
202203,2호선,낙성대,128672,125604,254276
202203,2호선,당산,69542,75539,145081
202203,2호선,대림,106368,111336,217704
202203,2호선,도림천,4510,4506,9016
202203,2호선,동대문역사문화공원,62775,72627,135402
202203,2호선,뚝섬,80756,82306,163062
202203,2호선,문래,71798,75898,147696
202203,2호선,방배,57575,60348,117923
202203,2호선,봉천,100920,94833,195753
202203,2호선,사당,172350,190686,363036
202203,2호선,삼성,179993,177385,357378
202203,2호선,상왕십리,57277,55837,113114
202203,2호선,서울대입구,224655,224951,449606
202203,2호선,서초,76145,66446,142591
202203,2호선,선릉,130422,114058,244480
202203,2호선,성수,116728,129833,246561
202203,2호선,시청,47124,39839,86963
202203,2호선,신답,6172,6660,12832
202203,2호선,신당,64091,66869,130960
202203,2호선,신대방,120072,116971,237043
202203,2호선,신도림,226759,233075,459834
202203,2호선,신림,306527,297226,603753
202203,2호선,신설동,22445,23482,45927
202203,2호선,신정네거리,41523,41752,83275
202203,2호선,신촌,183889,178844,362733
202203,2호선,아현,43063,41713,84776
202203,2호선,양천구청,25786,26090,51876
202203,2호선,역삼,103196,112699,215895
202203,2호선,영등포구청,71048,74297,145345
202203,2호선,왕십리,78803,69780,148583
202203,2호선,용답,14177,14437,28614
202203,2호선,용두,9946,9808,19754
202203,2호선,을지로3가,63161,61192,124353
202203,2호선,을지로4가,35751,36169,71920
202203,2호선,을지로입구,118986,116220,235206
202203,2호선,이대,60679,64786,125465
202203,2호선,잠실,371394,352984,724378
202203,2호선,잠실나루,41477,41514,82991
202203,2호선,잠실새내,94918,97573,192491
202203,2호선,종합운동장,66870,70787,137657
202203,2호선,충정로,31457,34041,65498
202203,2호선,한양대,26446,28268,54714
202203,2호선,합정,167630,179110,346740
202203,2호선,홍대입구,385703,398023,783726
202204,2호선,강남,433138,439339,872477
202204,2호선,강변,222249,220099,442348
202204,2호선,건대입구,300968,316094,617062
202204,2호선,교대,128730,142281,271011
202204,2호선,구로디지털단지,265168,258555,523723
202204,2호선,구의,129654,126169,255823
202204,2호선,낙성대,173988,166204,340192
202204,2호선,당산,107587,113936,221523
202204,2호선,대림,147730,153635,301365
202204,2호선,도림천,7399,8099,15498
202204,2호선,동대문역사문화공원,84387,95860,180247
202204,2호선,뚝섬,149929,146280,296209
202204,2호선,문래,98927,104382,203309
202204,2호선,방배,76650,79615,156265
202204,2호선,봉천,136187,125285,261472
202204,2호선,사당,244030,275372,519402
202204,2호선,삼성,219547,216864,436411
202204,2호선,상왕십리,77512,73569,151081
202204,2호선,서울대입구,301262,298355,599617
202204,2호선,서초,103940,87873,191813
202204,2호선,선릉,172084,151296,323380
202204,2호선,성수,169391,189664,359055
202204,2호선,시청,74008,64778,138786
202204,2호선,신답,8850,9231,18081
202204,2호선,신당,91011,96100,187111
202204,2호선,신대방,168265,162281,330546
202204,2호선,신도림,314276,320926,635202
202204,2호선,신림,407554,390522,798076
202204,2호선,신설동,31399,21269,52668
202204,2호선,신정네거리,59623,59108,118731
202204,2호선,신촌,236317,233860,470177
202204,2호선,아현,58506,55831,114337
202204,2호선,양천구청,37617,37210,74827
202204,2호선,역삼,131951,145025,276976
202204,2호선,영등포구청,96322,100922,197244
202204,2호선,왕십리,107612,93910,201522
202204,2호선,용답,18682,18323,37005
202204,2호선,용두,13431,13207,26638
202204,2호선,을지로3가,96545,94671,191216
202204,2호선,을지로4가,52288,53842,106130
202204,2호선,을지로입구,173470,167326,340796
202204,2호선,이대,81515,85615,167130
202204,2호선,잠실,683006,650013,1333019
202204,2호선,잠실나루,61219,60649,121868
202204,2호선,잠실새내,139007,141427,280434
202204,2호선,종합운동장,105972,117290,223262
202204,2호선,충정로,42773,46041,88814
202204,2호선,한양대,36303,39423,75726
202204,2호선,합정,227606,254041,481647
202204,2호선,홍대입구,509710,545297,1055007
202205,2호선,강남,440512,441833,882345
202205,2호선,강변,260438,254005,514443
202205,2호선,건대입구,310282,328451,638733
202205,2호선,교대,134524,151372,285896
202205,2호선,구로디지털단지,273508,267766,541274
202205,2호선,구의,131780,128587,260367
202205,2호선,낙성대,179516,175504,355020
202205,2호선,당산,107813,116881,224694
202205,2호선,대림,160645,166637,327282
202205,2호선,도림천,5829,5931,11760
202205,2호선,동대문역사문화공원,89445,105836,195281
202205,2호선,뚝섬,130862,132328,263190
202205,2호선,문래,97920,104829,202749
202205,2호선,방배,80636,83556,164192
202205,2호선,봉천,139273,129607,268880
202205,2호선,사당,264679,297333,562012
202205,2호선,삼성,249479,243066,492545
202205,2호선,상왕십리,80201,76849,157050
202205,2호선,서울대입구,306358,306131,612489
202205,2호선,서초,113600,100316,213916
202205,2호선,선릉,175871,152834,328705
202205,2호선,성수,170887,194995,365882
202205,2호선,시청,79695,68063,147758
202205,2호선,신답,9066,9236,18302
202205,2호선,신당,92487,98970,191457
202205,2호선,신대방,172949,166041,338990
202205,2호선,신도림,325271,332474,657745
202205,2호선,신림,417762,404635,822397
202205,2호선,신설동,32108,31912,64020
202205,2호선,신정네거리,62000,62023,124023
202205,2호선,신촌,256493,255401,511894
202205,2호선,아현,61572,58442,120014
202205,2호선,양천구청,38541,38614,77155
202205,2호선,역삼,137186,150959,288145
202205,2호선,영등포구청,96826,101609,198435
202205,2호선,왕십리,112958,98716,211674
202205,2호선,용답,19095,18309,37404
202205,2호선,용두,13086,12811,25897
202205,2호선,을지로3가,103290,102223,205513
202205,2호선,을지로4가,52443,53799,106242
202205,2호선,을지로입구,187114,181604,368718
202205,2호선,이대,84800,90013,174813
202205,2호선,잠실,570340,536620,1106960
202205,2호선,잠실나루,63018,62446,125464
202205,2호선,잠실새내,142376,144914,287290
202205,2호선,종합운동장,145049,161299,306348
202205,2호선,충정로,44638,48052,92690
202205,2호선,한양대,37549,40693,78242
202205,2호선,합정,241608,269751,511359
202205,2호선,홍대입구,570067,601112,1171179
202206,2호선,강남,385756,384822,770578
202206,2호선,강변,223762,221713,445475
202206,2호선,건대입구,251297,274622,525919
202206,2호선,교대,119958,134017,253975
202206,2호선,구로디지털단지,249675,242963,492638
202206,2호선,구의,118057,113664,231721
202206,2호선,낙성대,158172,148729,306901
202206,2호선,당산,92444,99129,191573
202206,2호선,대림,145562,149695,295257
202206,2호선,도림천,5524,5461,10985
202206,2호선,동대문역사문화공원,81388,95738,177126
202206,2호선,뚝섬,115100,117945,233045
202206,2호선,문래,89831,96160,185991
202206,2호선,방배,72936,75041,147977
202206,2호선,봉천,127419,116197,243616
202206,2호선,사당,246037,271691,517728
202206,2호선,삼성,233455,231589,465044
202206,2호선,상왕십리,71447,67413,138860
202206,2호선,서울대입구,264825,260478,525303
202206,2호선,서초,100490,88668,189158
202206,2호선,선릉,161868,141084,302952
202206,2호선,성수,147856,169665,317521
202206,2호선,시청,70009,59520,129529
202206,2호선,신답,7895,8225,16120
202206,2호선,신당,81904,86393,168297
202206,2호선,신대방,151019,142399,293418
202206,2호선,신도림,296130,302998,599128
202206,2호선,신림,356074,342042,698116
202206,2호선,신설동,27286,26749,54035
202206,2호선,신정네거리,56202,55098,111300
202206,2호선,신촌,222096,223256,445352
202206,2호선,아현,54958,51154,106112
202206,2호선,양천구청,35508,34754,70262
202206,2호선,역삼,126106,138792,264898
202206,2호선,영등포구청,87632,92109,179741
202206,2호선,왕십리,96195,85562,181757
202206,2호선,용답,16072,15216,31288
202206,2호선,용두,12052,11581,23633
202206,2호선,을지로3가,89480,90928,180408
202206,2호선,을지로4가,49518,51386,100904
202206,2호선,을지로입구,163931,161784,325715
202206,2호선,이대,73689,77144,150833
202206,2호선,잠실,495256,466895,962151
202206,2호선,잠실나루,56117,54806,110923
202206,2호선,잠실새내,124928,129863,254791
202206,2호선,종합운동장,151668,164520,316188
202206,2호선,충정로,39959,42424,82383
202206,2호선,한양대,32161,34678,66839
202206,2호선,합정,207567,232033,439600
202206,2호선,홍대입구,484440,525737,1010177
202207,2호선,강남,480534,472053,952587
202207,2호선,강변,269081,260988,530069
202207,2호선,건대입구,299334,329101,628435
202207,2호선,교대,143325,160836,304161
202207,2호선,구로디지털단지,294440,288297,582737
202207,2호선,구의,139184,135985,275169
202207,2호선,낙성대,187409,179763,367172
202207,2호선,당산,101531,110044,211575
202207,2호선,대림,168087,174795,342882
202207,2호선,도림천,6343,6202,12545
202207,2호선,동대문역사문화공원,98597,115607,214204
202207,2호선,뚝섬,120076,123151,243227
202207,2호선,문래,101763,108355,210118
202207,2호선,방배,82399,86633,169032
202207,2호선,봉천,152382,140876,293258
202207,2호선,사당,279403,309932,589335
202207,2호선,삼성,338520,328892,667412
202207,2호선,상왕십리,84660,80702,165362
202207,2호선,서울대입구,317082,313453,630535
202207,2호선,서초,121294,106164,227458
202207,2호선,선릉,191396,168129,359525
202207,2호선,성수,188113,212247,400360
202207,2호선,시청,99134,87099,186233
202207,2호선,신답,9219,9688,18907
202207,2호선,신당,95564,99902,195466
202207,2호선,신대방,175307,167784,343091
202207,2호선,신도림,331133,336445,667578
202207,2호선,신림,422455,406943,829398
202207,2호선,신설동,32812,32033,64845
202207,2호선,신정네거리,65854,65307,131161
202207,2호선,신촌,282158,281496,563654
202207,2호선,아현,65836,62148,127984
202207,2호선,양천구청,38419,38620,77039
202207,2호선,역삼,146568,160243,306811
202207,2호선,영등포구청,96302,100198,196500
202207,2호선,왕십리,114086,100969,215055
202207,2호선,용답,19236,17959,37195
202207,2호선,용두,14377,13874,28251
202207,2호선,을지로3가,107425,105291,212716
202207,2호선,을지로4가,58313,58836,117149
202207,2호선,을지로입구,212240,206293,418533
202207,2호선,이대,89230,94449,183679
202207,2호선,잠실,622377,592602,1214979
202207,2호선,잠실나루,65437,64843,130280
202207,2호선,잠실새내,151895,160276,312171
202207,2호선,종합운동장,163194,182950,346144
202207,2호선,충정로,46959,48368,95327
202207,2호선,한양대,32540,34369,66909
202207,2호선,합정,249064,279514,528578
202207,2호선,홍대입구,625582,668312,1293894
202208,2호선,강남,358015,355051,713066
202208,2호선,강변,207301,207045,414346
202208,2호선,건대입구,232039,254604,486643
202208,2호선,교대,109108,122888,231996
202208,2호선,구로디지털단지,229567,223576,453143
202208,2호선,구의,108479,105463,213942
202208,2호선,낙성대,145015,137175,282190
202208,2호선,당산,80885,87595,168480
202208,2호선,대림,130884,135809,266693
202208,2호선,도림천,4912,4919,9831
202208,2호선,동대문역사문화공원,76079,89336,165415
202208,2호선,뚝섬,98228,100419,198647
202208,2호선,문래,80356,86055,166411
202208,2호선,방배,64706,67029,131735
202208,2호선,봉천,118878,109128,228006
202208,2호선,사당,210140,233578,443718
202208,2호선,삼성,231956,225888,457844
202208,2호선,상왕십리,66191,62907,129098
202208,2호선,서울대입구,246317,239926,486243
202208,2호선,서초,92488,83163,175651
202208,2호선,선릉,147971,128352,276323
202208,2호선,성수,145042,166421,311463
202208,2호선,시청,70452,61805,132257
202208,2호선,신답,7134,7458,14592
202208,2호선,신당,75350,79337,154687
202208,2호선,신대방,136464,129323,265787
202208,2호선,신도림,259602,263506,523108
202208,2호선,신림,325869,311525,637394
202208,2호선,신설동,25217,23087,48304
202208,2호선,신정네거리,50134,49841,99975
202208,2호선,신촌,213382,213338,426720
202208,2호선,아현,50952,48121,99073
202208,2호선,양천구청,30830,30635,61465
202208,2호선,역삼,110453,121736,232189
202208,2호선,영등포구청,77385,80836,158221
202208,2호선,왕십리,87911,76917,164828
202208,2호선,용답,15398,14240,29638
202208,2호선,용두,11602,11287,22889
202208,2호선,을지로3가,80147,80056,160203
202208,2호선,을지로4가,47136,47678,94814
202208,2호선,을지로입구,161611,159896,321507
202208,2호선,이대,70474,73265,143739
202208,2호선,잠실,473147,451445,924592
202208,2호선,잠실나루,51547,50862,102409
202208,2호선,잠실새내,116304,122232,238536
202208,2호선,종합운동장,107033,127191,234224
202208,2호선,충정로,35912,37883,73795
202208,2호선,한양대,26539,27790,54329
202208,2호선,합정,198356,223399,421755
202208,2호선,홍대입구,485106,523356,1008462
202209,2호선,강남,340428,338112,678540
202209,2호선,강변,213008,201117,414125
202209,2호선,건대입구,236843,257958,494801
202209,2호선,교대,106394,119626,226020
202209,2호선,구로디지털단지,230341,226114,456455
202209,2호선,구의,108861,106581,215442
202209,2호선,낙성대,146876,142237,289113
202209,2호선,당산,85891,93445,179336
202209,2호선,대림,133800,138872,272672
202209,2호선,도림천,5491,5760,11251
202209,2호선,동대문역사문화공원,75958,90639,166597
202209,2호선,뚝섬,102623,104329,206952
202209,2호선,문래,80029,86356,166385
202209,2호선,방배,65157,67053,132210
202209,2호선,봉천,114776,107592,222368
202209,2호선,사당,214715,240417,455132
202209,2호선,삼성,224056,216545,440601
202209,2호선,상왕십리,65747,62726,128473
202209,2호선,서울대입구,237945,238804,476749
202209,2호선,서초,93908,83920,177828
202209,2호선,선릉,143659,125834,269493
202209,2호선,성수,137553,161167,298720
202209,2호선,시청,75667,63863,139530
202209,2호선,신답,7148,7464,14612
202209,2호선,신당,75402,80639,156041
202209,2호선,신대방,136393,131682,268075
202209,2호선,신도림,262845,269346,532191
202209,2호선,신림,313743,305219,618962
202209,2호선,신설동,24659,24129,48788
202209,2호선,신정네거리,49795,49659,99454
202209,2호선,신촌,218222,222254,440476
202209,2호선,아현,51151,48552,99703
202209,2호선,양천구청,31465,31397,62862
202209,2호선,역삼,109532,120667,230199
202209,2호선,영등포구청,80746,84602,165348
202209,2호선,왕십리,88703,78052,166755
202209,2호선,용답,16136,15345,31481
202209,2호선,용두,11280,11103,22383
202209,2호선,을지로3가,85337,84910,170247
202209,2호선,을지로4가,47804,48167,95971
202209,2호선,을지로입구,171202,164535,335737
202209,2호선,이대,74764,79034,153798
202209,2호선,잠실,471910,445511,917421
202209,2호선,잠실나루,51854,51539,103393
202209,2호선,잠실새내,117914,122123,240037
202209,2호선,종합운동장,181051,207773,388824
202209,2호선,충정로,38253,40123,78376
202209,2호선,한양대,28748,30669,59417
202209,2호선,합정,197511,222744,420255
202209,2호선,홍대입구,471963,514824,986787
202210,2호선,강남,479371,477685,957056
202210,2호선,강변,297574,297657,595231
202210,2호선,건대입구,323311,349171,672482
202210,2호선,교대,155518,175709,331227
202210,2호선,구로디지털단지,337588,328001,665589
202210,2호선,구의,155735,149635,305370
202210,2호선,낙성대,209962,198516,408478
202210,2호선,당산,127614,140522,268136
202210,2호선,대림,189546,195986,385532
202210,2호선,도림천,7107,7390,14497
202210,2호선,동대문역사문화공원,120626,142684,263310
202210,2호선,뚝섬,152738,152838,305576
202210,2호선,문래,118653,127487,246140
202210,2호선,방배,92409,94388,186797
202210,2호선,봉천,164578,151222,315800
202210,2호선,사당,317043,354835,671878
202210,2호선,삼성,299979,294980,594959
202210,2호선,상왕십리,93286,88080,181366
202210,2호선,서울대입구,345336,337005,682341
202210,2호선,서초,133110,116611,249721
202210,2호선,선릉,212087,185309,397396
202210,2호선,성수,211889,241031,452920
202210,2호선,시청,135743,120139,255882
202210,2호선,신답,10240,10605,20845
202210,2호선,신당,109177,115423,224600
202210,2호선,신대방,193882,183632,377514
202210,2호선,신도림,399079,406469,805548
202210,2호선,신림,447402,425618,873020
202210,2호선,신설동,36707,34943,71650
202210,2호선,신정네거리,71667,70903,142570
202210,2호선,신촌,325552,326520,652072
202210,2호선,아현,74143,69031,143174
202210,2호선,양천구청,45965,45722,91687
202210,2호선,역삼,155731,171766,327497
202210,2호선,영등포구청,118938,125145,244083
202210,2호선,왕십리,127788,112209,239997
202210,2호선,용답,21502,20167,41669
202210,2호선,용두,15800,15470,31270
202210,2호선,을지로3가,132398,126176,258574
202210,2호선,을지로4가,73866,76037,149903
202210,2호선,을지로입구,268619,254752,523371
202210,2호선,이대,109319,114567,223886
202210,2호선,잠실,751218,710429,1461647
202210,2호선,잠실나루,75725,73810,149535
202210,2호선,잠실새내,163568,168636,332204
202210,2호선,종합운동장,145531,159938,305469
202210,2호선,충정로,56906,59952,116858
202210,2호선,한양대,46787,49914,96701
202210,2호선,합정,287110,321102,608212
202210,2호선,홍대입구,691082,752227,1443309
202211,2호선,강남,383973,379735,763708
202211,2호선,강변,233485,231496,464981
202211,2호선,건대입구,265740,283988,549728
202211,2호선,교대,123261,139551,262812
202211,2호선,구로디지털단지,261556,255846,517402
202211,2호선,구의,121996,119169,241165
202211,2호선,낙성대,162361,157474,319835
202211,2호선,당산,95642,105433,201075
202211,2호선,대림,147741,152811,300552
202211,2호선,도림천,5317,5650,10967
202211,2호선,동대문역사문화공원,89466,105293,194759
202211,2호선,뚝섬,121143,119833,240976
202211,2호선,문래,94489,101913,196402
202211,2호선,방배,74704,77046,151750
202211,2호선,봉천,127619,118997,246616
202211,2호선,사당,250898,283036,533934
202211,2호선,삼성,255426,249094,504520
202211,2호선,상왕십리,72767,69853,142620
202211,2호선,서울대입구,269790,265594,535384
202211,2호선,서초,108995,94832,203827
202211,2호선,선릉,172367,150204,322571
202211,2호선,성수,180330,201920,382250
202211,2호선,시청,107413,90071,197484
202211,2호선,신답,7935,8290,16225
202211,2호선,신당,84279,90346,174625
202211,2호선,신대방,149707,143222,292929
202211,2호선,신도림,317648,322638,640286
202211,2호선,신림,348625,336104,684729
202211,2호선,신설동,29593,28634,58227
202211,2호선,신정네거리,55352,55200,110552
202211,2호선,신촌,251580,253901,505481
202211,2호선,아현,58521,55242,113763
202211,2호선,양천구청,35562,35769,71331
202211,2호선,역삼,128286,140053,268339
202211,2호선,영등포구청,95384,99232,194616
202211,2호선,왕십리,104224,95413,199637
202211,2호선,용답,17082,16577,33659
202211,2호선,용두,12985,12430,25415
202211,2호선,을지로3가,104593,100763,205356
202211,2호선,을지로4가,58224,59790,118014
202211,2호선,을지로입구,224307,210878,435185
202211,2호선,이대,92670,99186,191856
202211,2호선,잠실,534861,511564,1046425
202211,2호선,잠실나루,59445,59145,118590
202211,2호선,잠실새내,130839,131974,262813
202211,2호선,종합운동장,83280,90780,174060
202211,2호선,충정로,47595,49574,97169
202211,2호선,한양대,54595,59225,113820
202211,2호선,합정,227805,254233,482038
202211,2호선,홍대입구,540537,581477,1122014
202212,2호선,강남,433168,428721,861889
202212,2호선,강변,246882,244365,491247
202212,2호선,건대입구,290417,319530,609947
202212,2호선,교대,132610,152020,284630
202212,2호선,구로디지털단지,291839,287363,579202
202212,2호선,구의,138032,134302,272334
202212,2호선,낙성대,175444,166643,342087
202212,2호선,당산,101361,110842,212203
202212,2호선,대림,157888,163973,321861
202212,2호선,도림천,6004,6260,12264
202212,2호선,동대문역사문화공원,105471,125039,230510
202212,2호선,뚝섬,127470,128090,255560
202212,2호선,문래,101258,108198,209456
202212,2호선,방배,82319,85933,168252
202212,2호선,봉천,144162,132931,277093
202212,2호선,사당,284317,311705,596022
202212,2호선,삼성,333885,323158,657043
202212,2호선,상왕십리,80909,77210,158119
202212,2호선,서울대입구,299413,292183,591596
202212,2호선,서초,122111,107655,229766
202212,2호선,선릉,184617,159971,344588
202212,2호선,성수,202864,224354,427218
202212,2호선,시청,118472,84960,203432
202212,2호선,신답,8679,8789,17468
202212,2호선,신당,93096,99671,192767
202212,2호선,신대방,165639,156838,322477
202212,2호선,신도림,339039,345219,684258
202212,2호선,신림,396528,380530,777058
202212,2호선,신설동,30678,30476,61154
202212,2호선,신정네거리,60564,61210,121774
202212,2호선,신촌,275342,276807,552149
202212,2호선,아현,62787,59627,122414
202212,2호선,양천구청,37613,37470,75083
202212,2호선,역삼,144723,156616,301339
202212,2호선,영등포구청,102105,107112,209217
202212,2호선,왕십리,111851,103813,215664
202212,2호선,용답,18697,17809,36506
202212,2호선,용두,13982,13614,27596
202212,2호선,을지로3가,116631,114786,231417
202212,2호선,을지로4가,65392,69568,134960
202212,2호선,을지로입구,309500,287032,596532
202212,2호선,이대,95595,100130,195725
202212,2호선,잠실,670080,644810,1314890
202212,2호선,잠실나루,62263,60869,123132
202212,2호선,잠실새내,146555,152576,299131
202212,2호선,종합운동장,79199,88596,167795
202212,2호선,충정로,48085,49882,97967
202212,2호선,한양대,34203,36687,70890
202212,2호선,합정,248907,276599,525506
202212,2호선,홍대입구,637855,691698,1329553
202201,3호선,가락시장,42935,42727,85662
202201,3호선,경복궁,107980,110597,218577
202201,3호선,경찰병원,28484,28532,57016
202201,3호선,고속터미널,364118,384526,748644
202201,3호선,교대,44470,27282,71752
202201,3호선,구파발,111210,111640,222850
202201,3호선,금호,43281,40483,83764
202201,3호선,남부터미널,141228,150161,291389
202201,3호선,녹번,75731,67256,142987
202201,3호선,대곡,9400,7828,17228
202201,3호선,대청,43974,41572,85546
202201,3호선,대치,68477,61442,129919
202201,3호선,대화,61721,56550,118271
202201,3호선,도곡,21970,22146,44116
202201,3호선,독립문,40488,43275,83763
202201,3호선,동대입구,47661,52508,100169
202201,3호선,마두,35172,35650,70822
202201,3호선,매봉,42994,41858,84852
202201,3호선,무악재,19375,20402,39777
202201,3호선,백석,56316,56695,113011
202201,3호선,불광,97330,109409,206739
202201,3호선,삼송,110241,107834,218075
202201,3호선,수서,98290,98463,196753
202201,3호선,신사,172874,174235,347109
202201,3호선,안국,102842,112261,215103
202201,3호선,압구정,166393,172743,339136
202201,3호선,약수,67326,63653,130979
202201,3호선,양재,144770,157557,302327
202201,3호선,연신내,219912,208564,428476
202201,3호선,오금,27137,25893,53030
202201,3호선,옥수,48478,50720,99198
202201,3호선,원당,61300,59763,121063
202201,3호선,원흥,54128,52064,106192
202201,3호선,을지로3가,34577,34089,68666
202201,3호선,일원,37132,37136,74268
202201,3호선,잠원,22927,22860,45787
202201,3호선,정발산,51063,50920,101983
202201,3호선,종로3가,41517,55420,96937
202201,3호선,주엽,46299,46697,92996
202201,3호선,지축,21649,21047,42696
202201,3호선,충무로,6,0,6
202201,3호선,학여울,10966,10559,21525
202201,3호선,홍제,95389,90459,185848
202201,3호선,화정,96314,99491,195805
202202,3호선,가락시장,33239,32695,65934
202202,3호선,경복궁,90098,91346,181444
202202,3호선,경찰병원,23055,23147,46202
202202,3호선,고속터미널,282307,272969,555276
202202,3호선,교대,38217,23468,61685
202202,3호선,구파발,87508,88251,175759
202202,3호선,금호,34708,33038,67746
202202,3호선,남부터미널,117840,119479,237319
202202,3호선,녹번,60463,54271,114734
202202,3호선,대곡,7693,6596,14289
202202,3호선,대청,35583,33693,69276
202202,3호선,대치,55619,49793,105412
202202,3호선,대화,48922,44784,93706
202202,3호선,도곡,17980,18828,36808
202202,3호선,독립문,34344,36298,70642
202202,3호선,동대입구,39722,43131,82853
202202,3호선,마두,28507,28941,57448
202202,3호선,매봉,36009,35022,71031
202202,3호선,무악재,15139,16716,31855
202202,3호선,백석,44219,44265,88484
202202,3호선,불광,77922,88244,166166
202202,3호선,삼송,86234,85281,171515
202202,3호선,수서,81220,80701,161921
202202,3호선,신사,142798,144495,287293
202202,3호선,안국,82559,88795,171354
202202,3호선,압구정,141183,145988,287171
202202,3호선,약수,54771,51816,106587
202202,3호선,양재,120986,132157,253143
202202,3호선,연신내,174883,165590,340473
202202,3호선,오금,22212,21491,43703
202202,3호선,옥수,39272,41052,80324
202202,3호선,원당,48135,46671,94806
202202,3호선,원흥,42898,41064,83962
202202,3호선,을지로3가,28088,27871,55959
202202,3호선,일원,29934,30329,60263
202202,3호선,잠원,18841,18754,37595
202202,3호선,정발산,40332,40684,81016
202202,3호선,종로3가,33900,43412,77312
202202,3호선,주엽,37256,37466,74722
202202,3호선,지축,17745,16837,34582
202202,3호선,충무로,6,0,6
202202,3호선,학여울,13413,14127,27540
202202,3호선,홍제,77540,74595,152135
202202,3호선,화정,76314,79249,155563
202203,3호선,가락시장,32142,31835,63977
202203,3호선,경복궁,89008,92028,181036
202203,3호선,경찰병원,22348,22257,44605
202203,3호선,고속터미널,280735,275206,555941
202203,3호선,교대,38224,23892,62116
202203,3호선,구파발,86890,88023,174913
202203,3호선,금호,33105,31618,64723
202203,3호선,남부터미널,115831,119412,235243
202203,3호선,녹번,59321,52902,112223
202203,3호선,대곡,7829,6835,14664
202203,3호선,대청,34243,32313,66556
202203,3호선,대치,54510,48651,103161
202203,3호선,대화,51067,47044,98111
202203,3호선,도곡,17459,18377,35836
202203,3호선,독립문,33817,36620,70437
202203,3호선,동대입구,36871,40079,76950
202203,3호선,마두,28167,28351,56518
202203,3호선,매봉,33877,33093,66970
202203,3호선,무악재,14851,15821,30672
202203,3호선,백석,43557,43212,86769
202203,3호선,불광,74965,84684,159649
202203,3호선,삼송,84627,82231,166858
202203,3호선,수서,78680,78154,156834
202203,3호선,신사,141572,144943,286515
202203,3호선,안국,84497,92985,177482
202203,3호선,압구정,130637,136809,267446
202203,3호선,약수,52543,50814,103357
202203,3호선,양재,113309,126461,239770
202203,3호선,연신내,170734,162510,333244
202203,3호선,오금,21034,20450,41484
202203,3호선,옥수,38534,39999,78533
202203,3호선,원당,48389,46117,94506
202203,3호선,원흥,41809,40513,82322
202203,3호선,을지로3가,27572,27510,55082
202203,3호선,일원,27779,27994,55773
202203,3호선,잠원,18775,18406,37181
202203,3호선,정발산,42131,42873,85004
202203,3호선,종로3가,33227,42942,76169
202203,3호선,주엽,36453,36091,72544
202203,3호선,지축,18095,17011,35106
202203,3호선,충무로,7,0,7
202203,3호선,학여울,17150,19097,36247
202203,3호선,홍제,74386,70952,145338
202203,3호선,화정,74303,76474,150777
202204,3호선,가락시장,45345,44807,90152
202204,3호선,경복궁,159913,167149,327062
202204,3호선,경찰병원,30778,30346,61124
202204,3호선,고속터미널,414865,402530,817395
202204,3호선,교대,52581,32010,84591
202204,3호선,구파발,122139,124421,246560
202204,3호선,금호,46729,42999,89728
202204,3호선,남부터미널,160450,162769,323219
202204,3호선,녹번,81210,71399,152609
202204,3호선,대곡,12283,10344,22627
202204,3호선,대청,46831,43837,90668
202204,3호선,대치,64024,58469,122493
202204,3호선,대화,68474,61466,129940
202204,3호선,도곡,26403,28697,55100
202204,3호선,독립문,50244,57844,108088
202204,3호선,동대입구,62177,73111,135288
202204,3호선,마두,39984,39983,79967
202204,3호선,매봉,52018,50250,102268
202204,3호선,무악재,21557,23155,44712
202204,3호선,백석,58299,57916,116215
202204,3호선,불광,104024,116787,220811
202204,3호선,삼송,118168,113385,231553
202204,3호선,수서,109874,108807,218681
202204,3호선,신사,182324,190887,373211
202204,3호선,안국,150121,166941,317062
202204,3호선,압구정,173868,184939,358807
202204,3호선,약수,73519,70409,143928
202204,3호선,양재,159576,177697,337273
202204,3호선,연신내,234297,221138,455435
202204,3호선,오금,30314,29450,59764
202204,3호선,옥수,57287,58009,115296
202204,3호선,원당,68893,65338,134231
202204,3호선,원흥,60979,57662,118641
202204,3호선,을지로3가,41916,43325,85241
202204,3호선,일원,38861,39290,78151
202204,3호선,잠원,28007,26940,54947
202204,3호선,정발산,64730,66992,131722
202204,3호선,종로3가,47258,64468,111726
202204,3호선,주엽,52148,50697,102845
202204,3호선,지축,27580,25047,52627
202204,3호선,충무로,11,0,11
202204,3호선,학여울,15479,16178,31657
202204,3호선,홍제,105636,99967,205603
202204,3호선,화정,104099,106212,210311
202205,3호선,가락시장,46776,46631,93407
202205,3호선,경복궁,203766,219985,423751
202205,3호선,경찰병원,32051,31815,63866
202205,3호선,고속터미널,484962,462998,947960
202205,3호선,교대,57324,35432,92756
202205,3호선,구파발,135323,138677,274000
202205,3호선,금호,48241,44663,92904
202205,3호선,남부터미널,177408,181192,358600
202205,3호선,녹번,86367,76083,162450
202205,3호선,대곡,12643,10885,23528
202205,3호선,대청,48785,46076,94861
202205,3호선,대치,74450,66503,140953
202205,3호선,대화,83812,75625,159437
202205,3호선,도곡,26493,28105,54598
202205,3호선,독립문,53514,59677,113191
202205,3호선,동대입구,58744,66994,125738
202205,3호선,마두,41877,41646,83523
202205,3호선,매봉,51030,50430,101460
202205,3호선,무악재,22674,24606,47280
202205,3호선,백석,63785,62585,126370
202205,3호선,불광,109201,124278,233479
202205,3호선,삼송,127087,122304,249391
202205,3호선,수서,117744,116168,233912
202205,3호선,신사,184303,190924,375227
202205,3호선,안국,167449,177188,344637
202205,3호선,압구정,178523,190244,368767
202205,3호선,약수,77246,74074,151320
202205,3호선,양재,168989,190787,359776
202205,3호선,연신내,243392,229326,472718
202205,3호선,오금,31739,30778,62517
202205,3호선,옥수,59770,60788,120558
202205,3호선,원당,73254,69178,142432
202205,3호선,원흥,64773,61670,126443
202205,3호선,을지로3가,45474,46450,91924
202205,3호선,일원,40903,41620,82523
202205,3호선,잠원,28856,27640,56496
202205,3호선,정발산,64456,66623,131079
202205,3호선,종로3가,50964,69849,120813
202205,3호선,주엽,55797,54963,110760
202205,3호선,지축,29735,26947,56682
202205,3호선,충무로,10,0,10
202205,3호선,학여울,35443,37306,72749
202205,3호선,홍제,111667,105751,217418
202205,3호선,화정,110729,113384,224113
202206,3호선,가락시장,42606,42003,84609
202206,3호선,경복궁,169481,194920,364401
202206,3호선,경찰병원,28974,28106,57080
202206,3호선,고속터미널,397646,396912,794558
202206,3호선,교대,50463,30778,81241
202206,3호선,구파발,117633,119980,237613
202206,3호선,금호,43000,39061,82061
202206,3호선,남부터미널,153159,155414,308573
202206,3호선,녹번,76940,66124,143064
202206,3호선,대곡,11276,9608,20884
202206,3호선,대청,44055,41050,85105
202206,3호선,대치,63240,57059,120299
202206,3호선,대화,68144,60589,128733
202206,3호선,도곡,23478,23949,47427
202206,3호선,독립문,45822,49571,95393
202206,3호선,동대입구,56442,64695,121137
202206,3호선,마두,36912,36788,73700
202206,3호선,매봉,45726,44897,90623
202206,3호선,무악재,19853,20586,40439
202206,3호선,백석,55252,54799,110051
202206,3호선,불광,96365,108182,204547
202206,3호선,삼송,110265,105251,215516
202206,3호선,수서,103912,103461,207373
202206,3호선,신사,155053,163354,318407
202206,3호선,안국,137155,143598,280753
202206,3호선,압구정,164599,174392,338991
202206,3호선,약수,68102,64913,133015
202206,3호선,양재,146860,161378,308238
202206,3호선,연신내,212639,199352,411991
202206,3호선,오금,28150,26532,54682
202206,3호선,옥수,52354,52617,104971
202206,3호선,원당,62655,58801,121456
202206,3호선,원흥,59253,55609,114862
202206,3호선,을지로3가,39900,41257,81157
202206,3호선,일원,37543,36864,74407
202206,3호선,잠원,24728,23483,48211
202206,3호선,정발산,51807,54110,105917
202206,3호선,종로3가,44096,63830,107926
202206,3호선,주엽,50086,48789,98875
202206,3호선,지축,26651,24360,51011
202206,3호선,충무로,10,0,10
202206,3호선,학여울,14758,15445,30203
202206,3호선,홍제,98315,91109,189424
202206,3호선,화정,94991,96637,191628
202207,3호선,가락시장,48838,47942,96780
202207,3호선,경복궁,162933,177733,340666
202207,3호선,경찰병원,34046,33513,67559
202207,3호선,고속터미널,494748,481230,975978
202207,3호선,교대,59430,36833,96263
202207,3호선,구파발,143336,146935,290271
202207,3호선,금호,50212,46107,96319
202207,3호선,남부터미널,185714,186212,371926
202207,3호선,녹번,90019,78190,168209
202207,3호선,대곡,12794,11103,23897
202207,3호선,대청,50080,47494,97574
202207,3호선,대치,85602,75526,161128
202207,3호선,대화,92608,81398,174006
202207,3호선,도곡,25396,25802,51198
202207,3호선,독립문,49918,50518,100436
202207,3호선,동대입구,60455,66438,126893
202207,3호선,마두,43140,42908,86048
202207,3호선,매봉,52684,51909,104593
202207,3호선,무악재,23017,23525,46542
202207,3호선,백석,66288,65415,131703
202207,3호선,불광,112156,126640,238796
202207,3호선,삼송,131531,127255,258786
202207,3호선,수서,121748,121920,243668
202207,3호선,신사,184037,192624,376661
202207,3호선,안국,148261,151826,300087
202207,3호선,압구정,199805,211398,411203
202207,3호선,약수,79663,75858,155521
202207,3호선,양재,161610,181706,343316
202207,3호선,연신내,253440,237041,490481
202207,3호선,오금,32319,31148,63467
202207,3호선,옥수,59044,59943,118987
202207,3호선,원당,72084,68419,140503
202207,3호선,원흥,66908,63113,130021
202207,3호선,을지로3가,46643,46058,92701
202207,3호선,일원,43617,43510,87127
202207,3호선,잠원,28474,27802,56276
202207,3호선,정발산,62558,64949,127507
202207,3호선,종로3가,52559,72630,125189
202207,3호선,주엽,60713,59641,120354
202207,3호선,지축,31102,28585,59687
202207,3호선,충무로,7,0,7
202207,3호선,학여울,19723,20426,40149
202207,3호선,홍제,112426,105566,217992
202207,3호선,화정,112225,115107,227332
202208,3호선,가락시장,38517,37789,76306
202208,3호선,경복궁,118310,133196,251506
202208,3호선,경찰병원,26842,26379,53221
202208,3호선,고속터미널,381402,370363,751765
202208,3호선,교대,45972,28350,74322
202208,3호선,구파발,109313,113164,222477
202208,3호선,금호,39209,35643,74852
202208,3호선,남부터미널,142386,143086,285472
202208,3호선,녹번,69569,60412,129981
202208,3호선,대곡,9998,8798,18796
202208,3호선,대청,39431,37329,76760
202208,3호선,대치,73586,63363,136949
202208,3호선,대화,68434,62797,131231
202208,3호선,도곡,19948,20426,40374
202208,3호선,독립문,40637,41864,82501
202208,3호선,동대입구,57712,64144,121856
202208,3호선,마두,34076,33622,67698
202208,3호선,매봉,39403,38574,77977
202208,3호선,무악재,18250,18250,36500
202208,3호선,백석,51027,51262,102289
202208,3호선,불광,86912,97327,184239
202208,3호선,삼송,102332,98266,200598
202208,3호선,수서,95737,95854,191591
202208,3호선,신사,140960,148834,289794
202208,3호선,안국,112827,120661,233488
202208,3호선,압구정,154375,163990,318365
202208,3호선,약수,62947,59794,122741
202208,3호선,양재,125445,139940,265385
202208,3호선,연신내,198595,185344,383939
202208,3호선,오금,25184,24168,49352
202208,3호선,옥수,46001,46788,92789
202208,3호선,원당,56076,53118,109194
202208,3호선,원흥,52349,49535,101884
202208,3호선,을지로3가,34879,34893,69772
202208,3호선,일원,35048,34528,69576
202208,3호선,잠원,22549,21636,44185
202208,3호선,정발산,48919,51248,100167
202208,3호선,종로3가,40514,56643,97157
202208,3호선,주엽,47109,46256,93365
202208,3호선,지축,25025,23122,48147
202208,3호선,충무로,8,0,8
202208,3호선,학여울,20074,21744,41818
202208,3호선,홍제,86958,82119,169077
202208,3호선,화정,87328,89258,176586
202209,3호선,가락시장,39368,39126,78494
202209,3호선,경복궁,159460,182798,342258
202209,3호선,경찰병원,26611,26330,52941
202209,3호선,고속터미널,404562,366430,770992
202209,3호선,교대,45537,28002,73539
202209,3호선,구파발,109952,114061,224013
202209,3호선,금호,39554,36580,76134
202209,3호선,남부터미널,141124,138449,279573
202209,3호선,녹번,70748,62045,132793
202209,3호선,대곡,10341,8780,19121
202209,3호선,대청,39724,37855,77579
202209,3호선,대치,71339,61021,132360
202209,3호선,대화,62635,55784,118419
202209,3호선,도곡,19503,21361,40864
202209,3호선,독립문,42792,46552,89344
202209,3호선,동대입구,59306,66724,126030
202209,3호선,마두,33973,33704,67677
202209,3호선,매봉,39169,38221,77390
202209,3호선,무악재,18568,19458,38026
202209,3호선,백석,52315,51436,103751
202209,3호선,불광,87905,99624,187529
202209,3호선,삼송,105416,100184,205600
202209,3호선,수서,99304,96920,196224
202209,3호선,신사,137567,145844,283411
202209,3호선,안국,137239,143801,281040
202209,3호선,압구정,145512,155502,301014
202209,3호선,약수,61630,59684,121314
202209,3호선,양재,131321,147209,278530
202209,3호선,연신내,195767,183472,379239
202209,3호선,오금,25548,25207,50755
202209,3호선,옥수,48991,49429,98420
202209,3호선,원당,58048,54293,112341
202209,3호선,원흥,52937,50431,103368
202209,3호선,을지로3가,36812,36366,73178
202209,3호선,일원,35686,35440,71126
202209,3호선,잠원,23043,22424,45467
202209,3호선,정발산,49886,51930,101816
202209,3호선,종로3가,41628,58977,100605
202209,3호선,주엽,46307,44962,91269
202209,3호선,지축,25834,23598,49432
202209,3호선,충무로,9,0,9
202209,3호선,학여울,14216,14756,28972
202209,3호선,홍제,89854,84280,174134
202209,3호선,화정,86404,88362,174766
202210,3호선,가락시장,56832,56543,113375
202210,3호선,경복궁,258840,285989,544829
202210,3호선,경찰병원,38639,37981,76620
202210,3호선,고속터미널,536796,531929,1068725
202210,3호선,교대,69243,41394,110637
202210,3호선,구파발,154994,160054,315048
202210,3호선,금호,59709,55646,115355
202210,3호선,남부터미널,208603,212712,421315
202210,3호선,녹번,100879,87731,188610
202210,3호선,대곡,14878,12936,27814
202210,3호선,대청,58731,55104,113835
202210,3호선,대치,95647,82995,178642
202210,3호선,대화,104473,92181,196654
202210,3호선,도곡,30081,31653,61734
202210,3호선,독립문,63913,70528,134441
202210,3호선,동대입구,91353,105875,197228
202210,3호선,마두,49093,49047,98140
202210,3호선,매봉,56192,54353,110545
202210,3호선,무악재,26681,27639,54320
202210,3호선,백석,73289,72804,146093
202210,3호선,불광,125144,141839,266983
202210,3호선,삼송,142642,136776,279418
202210,3호선,수서,141033,141567,282600
202210,3호선,신사,209116,221425,430541
202210,3호선,안국,245881,263369,509250
202210,3호선,압구정,220499,235453,455952
202210,3호선,약수,91949,88663,180612
202210,3호선,양재,199782,219604,419386
202210,3호선,연신내,277579,259046,536625
202210,3호선,오금,37210,36131,73341
202210,3호선,옥수,69491,69335,138826
202210,3호선,원당,81339,76919,158258
202210,3호선,원흥,76613,71300,147913
202210,3호선,을지로3가,59655,58483,118138
202210,3호선,일원,52168,51407,103575
202210,3호선,잠원,33462,31896,65358
202210,3호선,정발산,76884,79853,156737
202210,3호선,종로3가,62078,85935,148013
202210,3호선,주엽,66621,65094,131715
202210,3호선,지축,39422,35942,75364
202210,3호선,충무로,14,0,14
202210,3호선,학여울,26396,27290,53686
202210,3호선,홍제,128945,121192,250137
202210,3호선,화정,126075,128006,254081
202211,3호선,가락시장,45805,45486,91291
202211,3호선,경복궁,181274,196105,377379
202211,3호선,경찰병원,31014,30746,61760
202211,3호선,고속터미널,428973,417530,846503
202211,3호선,교대,54857,33178,88035
202211,3호선,구파발,117533,121178,238711
202211,3호선,금호,44180,40346,84526
202211,3호선,남부터미널,167661,171659,339320
202211,3호선,녹번,79598,69981,149579
202211,3호선,대곡,10999,9234,20233
202211,3호선,대청,44878,42716,87594
202211,3호선,대치,65371,60060,125431
202211,3호선,대화,73557,65746,139303
202211,3호선,도곡,24456,25409,49865
202211,3호선,독립문,46812,51037,97849
202211,3호선,동대입구,72818,82832,155650
202211,3호선,마두,37327,37414,74741
202211,3호선,매봉,45531,44392,89923
202211,3호선,무악재,22260,22699,44959
202211,3호선,백석,56302,55884,112186
202211,3호선,불광,96686,108130,204816
202211,3호선,삼송,109464,105876,215340
202211,3호선,수서,111672,111904,223576
202211,3호선,신사,163825,171286,335111
202211,3호선,안국,188202,202187,390389
202211,3호선,압구정,176920,188236,365156
202211,3호선,약수,70596,67662,138258
202211,3호선,양재,156487,173518,330005
202211,3호선,연신내,211804,199887,411691
202211,3호선,오금,29503,28536,58039
202211,3호선,옥수,52234,52806,105040
202211,3호선,원당,61931,58599,120530
202211,3호선,원흥,59115,55632,114747
202211,3호선,을지로3가,45664,44783,90447
202211,3호선,일원,39551,39432,78983
202211,3호선,잠원,25773,24446,50219
202211,3호선,정발산,51405,53415,104820
202211,3호선,종로3가,47327,63962,111289
202211,3호선,주엽,49902,49054,98956
202211,3호선,지축,30432,28384,58816
202211,3호선,충무로,11,0,11
202211,3호선,학여울,14004,14286,28290
202211,3호선,홍제,101203,96023,197226
202211,3호선,화정,95024,97788,192812
202212,3호선,가락시장,50760,49903,100663
202212,3호선,경복궁,150006,157442,307448
202212,3호선,경찰병원,33481,33325,66806
202212,3호선,고속터미널,474031,461680,935711
202212,3호선,교대,57817,35087,92904
202212,3호선,구파발,125485,128374,253859
202212,3호선,금호,47582,43389,90971
202212,3호선,남부터미널,181806,184692,366498
202212,3호선,녹번,86244,75560,161804
202212,3호선,대곡,10643,9068,19711
202212,3호선,대청,48434,46216,94650
202212,3호선,대치,65787,60924,126711
202212,3호선,대화,86097,76063,162160
202212,3호선,도곡,24994,26137,51131
202212,3호선,독립문,45694,47401,93095
202212,3호선,동대입구,69469,77789,147258
202212,3호선,마두,39829,40063,79892
202212,3호선,매봉,49525,48156,97681
202212,3호선,무악재,23594,23908,47502
202212,3호선,백석,63908,63418,127326
202212,3호선,불광,105811,117350,223161
202212,3호선,삼송,123428,117823,241251
202212,3호선,수서,120356,120863,241219
202212,3호선,신사,181868,191273,373141
202212,3호선,안국,166991,178728,345719
202212,3호선,압구정,199349,213073,412422
202212,3호선,약수,78074,73873,151947
202212,3호선,양재,164721,181261,345982
202212,3호선,연신내,231700,220350,452050
202212,3호선,오금,30755,29361,60116
202212,3호선,옥수,53802,54959,108761
202212,3호선,원당,66954,62831,129785
202212,3호선,원흥,66559,61606,128165
202212,3호선,을지로3가,50707,48871,99578
202212,3호선,일원,42618,41648,84266
202212,3호선,잠원,25462,24797,50259
202212,3호선,정발산,57679,60221,117900
202212,3호선,종로3가,50740,73117,123857
202212,3호선,주엽,54729,54545,109274
202212,3호선,지축,32966,31083,64049
202212,3호선,충무로,11,0,11
202212,3호선,학여울,20090,20943,41033
202212,3호선,홍제,109664,103314,212978
202212,3호선,화정,106460,108483,214943
202201,4호선,경마공원,65265,65431,130696
202201,4호선,고잔,44401,42787,87188
202201,4호선,과천,34048,32238,66286
202201,4호선,길음,104929,101920,206849
202201,4호선,남태령,6870,4929,11799
202201,4호선,노원,122700,132763,255463
202201,4호선,당고개,75913,72858,148771
202201,4호선,대공원,30827,32363,63190
202201,4호선,대야미,28296,25201,53497
202201,4호선,동대문,77375,79592,156967
202201,4호선,동대문역사문화공원,88005,77792,165797
202201,4호선,동작,8430,9311,17741
202201,4호선,명동,114607,121656,236263
202201,4호선,미아,80505,76811,157316
202201,4호선,미아사거리,164048,157359,321407
202201,4호선,반월,24886,24105,48991
202201,4호선,범계,150765,144300,295065
202201,4호선,사당,150454,133777,284231
202201,4호선,산본,90816,94177,184993
202201,4호선,삼각지,25279,31862,57141
202201,4호선,상계,104614,99042,203656
202201,4호선,상록수,91628,92158,183786
202201,4호선,서울,40786,92130,132916
202201,4호선,선바위,36852,33192,70044
202201,4호선,성신여대입구,125898,119623,245521
202201,4호선,수리산,20708,19591,40299
202201,4호선,수유,202507,197950,400457
202201,4호선,숙대입구,67721,65235,132956
202201,4호선,신길온천,10477,10079,20556
202201,4호선,신용산,78460,82962,161422
202201,4호선,쌍문,159792,146098,305890
202201,4호선,안산,82998,83204,166202
202201,4호선,오이도,54659,55691,110350
202201,4호선,이촌,47931,52672,100603
202201,4호선,인덕원,115765,116919,232684
202201,4호선,정부과천청사,43811,44089,87900
202201,4호선,정왕,49664,51602,101266
202201,4호선,중앙,118223,119822,238045
202201,4호선,창동,154959,162984,317943
202201,4호선,초지,23857,24139,47996
202201,4호선,총신대입구,105786,114654,220440
202201,4호선,충무로,83578,84379,167957
202201,4호선,평촌,65094,63310,128404
202201,4호선,한대앞,52514,52312,104826
202201,4호선,한성대입구,75521,73209,148730
202201,4호선,혜화,219067,222101,441168
202201,4호선,회현,113826,121287,235113
202202,4호선,경마공원,49937,50187,100124
202202,4호선,고잔,35597,34972,70569
202202,4호선,과천,27109,25971,53080
202202,4호선,길음,85176,83467,168643
202202,4호선,남태령,5470,3957,9427
202202,4호선,노원,96541,104050,200591
202202,4호선,당고개,59844,57253,117097
202202,4호선,대공원,25257,26530,51787
202202,4호선,대야미,22297,20193,42490
202202,4호선,동대문,64002,67120,131122
202202,4호선,동대문역사문화공원,67298,60988,128286
202202,4호선,동작,9070,9621,18691
202202,4호선,명동,78012,83142,161154
202202,4호선,미아,66082,63629,129711
202202,4호선,미아사거리,132297,126798,259095
202202,4호선,반월,19360,18598,37958
202202,4호선,범계,118181,114520,232701
202202,4호선,사당,120590,107779,228369
202202,4호선,산본,71722,76473,148195
202202,4호선,삼각지,20298,25812,46110
202202,4호선,상계,83721,79350,163071
202202,4호선,상록수,71561,72085,143646
202202,4호선,서울,32292,69655,101947
202202,4호선,선바위,29489,26723,56212
202202,4호선,성신여대입구,100463,96796,197259
202202,4호선,수리산,16589,15358,31947
202202,4호선,수유,162684,158940,321624
202202,4호선,숙대입구,57224,54767,111991
202202,4호선,신길온천,7959,7671,15630
202202,4호선,신용산,60922,64906,125828
202202,4호선,쌍문,129148,118202,247350
202202,4호선,안산,59062,57287,116349
202202,4호선,오이도,41840,42568,84408
202202,4호선,이촌,38905,42399,81304
202202,4호선,인덕원,93269,93947,187216
202202,4호선,정부과천청사,35680,36237,71917
202202,4호선,정왕,37042,38532,75574
202202,4호선,중앙,89492,90779,180271
202202,4호선,창동,124607,130301,254908
202202,4호선,초지,18391,18490,36881
202202,4호선,총신대입구,83710,90969,174679
202202,4호선,충무로,69026,70818,139844
202202,4호선,평촌,52185,50939,103124
202202,4호선,한대앞,40743,40485,81228
202202,4호선,한성대입구,62362,61279,123641
202202,4호선,혜화,168974,172013,340987
202202,4호선,회현,86854,91796,178650
202203,4호선,경마공원,67812,68727,136539
202203,4호선,고잔,35741,34878,70619
202203,4호선,과천,26749,24865,51614
202203,4호선,길음,83446,81164,164610
202203,4호선,남태령,5609,3979,9588
202203,4호선,노원,97471,106530,204001
202203,4호선,당고개,53733,51857,105590
202203,4호선,대공원,25987,27026,53013
202203,4호선,대야미,22679,20487,43166
202203,4호선,동대문,66656,69933,136589
202203,4호선,동대문역사문화공원,70536,64598,135134
202203,4호선,동작,8832,9875,18707
202203,4호선,명동,80250,85783,166033
202203,4호선,미아,64118,61318,125436
202203,4호선,미아사거리,129438,123440,252878
202203,4호선,반월,19638,18865,38503
202203,4호선,범계,117786,113950,231736
202203,4호선,사당,119036,105890,224926
202203,4호선,산본,71121,75667,146788
202203,4호선,삼각지,20466,26862,47328
202203,4호선,상계,83603,78398,162001
202203,4호선,상록수,71898,72207,144105
202203,4호선,서울,32231,68492,100723
202203,4호선,선바위,30576,27742,58318
202203,4호선,성신여대입구,100549,96005,196554
202203,4호선,수리산,16846,15021,31867
202203,4호선,수유,162269,157662,319931
202203,4호선,숙대입구,56951,55096,112047
202203,4호선,신길온천,8447,8107,16554
202203,4호선,신용산,59933,62928,122861
202203,4호선,쌍문,126097,113945,240042
202203,4호선,안산,62324,60709,123033
202203,4호선,오이도,41644,41859,83503
202203,4호선,이촌,36414,40228,76642
202203,4호선,인덕원,92085,92466,184551
202203,4호선,정부과천청사,35141,34776,69917
202203,4호선,정왕,39974,42190,82164
202203,4호선,중앙,91661,92620,184281
202203,4호선,창동,125369,129992,255361
202203,4호선,초지,18347,18199,36546
202203,4호선,총신대입구,81563,89160,170723
202203,4호선,충무로,73124,75386,148510
202203,4호선,평촌,51817,49924,101741
202203,4호선,한대앞,42686,42243,84929
202203,4호선,한성대입구,61645,61775,123420
202203,4호선,혜화,164310,168368,332678
202203,4호선,회현,83947,90259,174206
202204,4호선,경마공원,108713,110529,219242
202204,4호선,고잔,56014,55258,111272
202204,4호선,과천,40621,37381,78002
202204,4호선,길음,117358,111857,229215
202204,4호선,남태령,9079,5691,14770
202204,4호선,노원,127244,140134,267378
202204,4호선,당고개,61344,57939,119283
202204,4호선,대공원,102206,105233,207439
202204,4호선,대야미,35903,31236,67139
202204,4호선,동대문,102955,105338,208293
202204,4호선,동대문역사문화공원,94859,84818,179677
202204,4호선,동작,16913,19198,36111
202204,4호선,명동,126514,138763,265277
202204,4호선,미아,86538,81239,167777
202204,4호선,미아사거리,176688,168508,345196
202204,4호선,반월,28215,26700,54915
202204,4호선,범계,166311,162717,329028
202204,4호선,사당,176470,154387,330857
202204,4호선,산본,104025,109230,213255
202204,4호선,삼각지,29624,39732,69356
202204,4호선,상계,119201,111586,230787
202204,4호선,상록수,102361,100899,203260
202204,4호선,서울,47557,111681,159238
202204,4호선,선바위,48203,43015,91218
202204,4호선,성신여대입구,133580,126847,260427
202204,4호선,수리산,31247,32202,63449
202204,4호선,수유,216080,209956,426036
202204,4호선,숙대입구,77463,74413,151876
202204,4호선,신길온천,12603,12038,24641
202204,4호선,신용산,83905,89195,173100
202204,4호선,쌍문,173989,154442,328431
202204,4호선,안산,87896,86532,174428
202204,4호선,오이도,63868,63906,127774
202204,4호선,이촌,56442,63299,119741
202204,4호선,인덕원,139241,137355,276596
202204,4호선,정부과천청사,53126,52176,105302
202204,4호선,정왕,56598,57820,114418
202204,4호선,중앙,129973,133512,263485
202204,4호선,창동,160731,164383,325114
202204,4호선,초지,27929,28055,55984
202204,4호선,총신대입구,114271,123403,237674
202204,4호선,충무로,111094,115591,226685
202204,4호선,평촌,73853,71273,145126
202204,4호선,한대앞,60899,59824,120723
202204,4호선,한성대입구,86422,86021,172443
202204,4호선,혜화,227302,236872,464174
202204,4호선,회현,130720,141353,272073
202205,4호선,경마공원,133761,136770,270531
202205,4호선,고잔,58816,58204,117020
202205,4호선,과천,43322,39586,82908
202205,4호선,길음,126465,121384,247849
202205,4호선,남태령,10468,6586,17054
202205,4호선,노원,136088,150222,286310
202205,4호선,당고개,65970,62397,128367
202205,4호선,대공원,78032,79903,157935
202205,4호선,대야미,36644,32404,69048
202205,4호선,동대문,101208,104726,205934
202205,4호선,동대문역사문화공원,101742,89680,191422
202205,4호선,동작,15221,16825,32046
202205,4호선,명동,137219,147379,284598
202205,4호선,미아,91270,84782,176052
202205,4호선,미아사거리,184909,175474,360383
202205,4호선,반월,30312,28874,59186
202205,4호선,범계,175915,173420,349335
202205,4호선,사당,187581,168491,356072
202205,4호선,산본,107951,114505,222456
202205,4호선,삼각지,34221,45580,79801
202205,4호선,상계,124014,114824,238838
202205,4호선,상록수,109388,107863,217251
202205,4호선,서울,52087,134301,186388
202205,4호선,선바위,49742,43638,93380
202205,4호선,성신여대입구,143571,136519,280090
202205,4호선,수리산,27780,27280,55060
202205,4호선,수유,226470,221626,448096
202205,4호선,숙대입구,85786,83108,168894
202205,4호선,신길온천,13967,13018,26985
202205,4호선,신용산,101114,106137,207251
202205,4호선,쌍문,181702,161973,343675
202205,4호선,안산,97737,94502,192239
202205,4호선,오이도,70392,68945,139337
202205,4호선,이촌,72623,80593,153216
202205,4호선,인덕원,148613,146392,295005
202205,4호선,정부과천청사,54459,53914,108373
202205,4호선,정왕,61183,63989,125172
202205,4호선,중앙,142074,145524,287598
202205,4호선,창동,169263,176675,345938
202205,4호선,초지,30448,29698,60146
202205,4호선,총신대입구,119855,129379,249234
202205,4호선,충무로,108362,117813,226175
202205,4호선,평촌,77118,74621,151739
202205,4호선,한대앞,64485,64152,128637
202205,4호선,한성대입구,93898,93548,187446
202205,4호선,혜화,253118,264650,517768
202205,4호선,회현,134152,138305,272457
202206,4호선,경마공원,119023,122577,241600
202206,4호선,고잔,49599,49041,98640
202206,4호선,과천,37493,34455,71948
202206,4호선,길음,110785,103351,214136
202206,4호선,남태령,8798,5825,14623
202206,4호선,노원,117481,130617,248098
202206,4호선,당고개,55455,51485,106940
202206,4호선,대공원,53159,54868,108027
202206,4호선,대야미,31182,27922,59104
202206,4호선,동대문,90962,93995,184957
202206,4호선,동대문역사문화공원,91571,81904,173475
202206,4호선,동작,12364,13227,25591
202206,4호선,명동,125449,138819,264268
202206,4호선,미아,81972,75570,157542
202206,4호선,미아사거리,160874,151710,312584
202206,4호선,반월,26744,25356,52100
202206,4호선,범계,154759,152371,307130
202206,4호선,사당,167027,151633,318660
202206,4호선,산본,93920,100343,194263
202206,4호선,삼각지,32935,43792,76727
202206,4호선,상계,104481,96179,200660
202206,4호선,상록수,95147,92927,188074
202206,4호선,서울,46249,117935,164184
202206,4호선,선바위,43333,37423,80756
202206,4호선,성신여대입구,122125,115063,237188
202206,4호선,수리산,22403,20670,43073
202206,4호선,수유,198186,191611,389797
202206,4호선,숙대입구,75999,73231,149230
202206,4호선,신길온천,12236,11375,23611
202206,4호선,신용산,89786,96796,186582
202206,4호선,쌍문,159894,141350,301244
202206,4호선,안산,86098,84218,170316
202206,4호선,오이도,60357,60778,121135
202206,4호선,이촌,66592,70735,137327
202206,4호선,인덕원,129787,128010,257797
202206,4호선,정부과천청사,47303,45742,93045
202206,4호선,정왕,54068,55073,109141
202206,4호선,중앙,120244,122026,242270
202206,4호선,창동,149040,154805,303845
202206,4호선,초지,26741,25927,52668
202206,4호선,총신대입구,106719,115141,221860
202206,4호선,충무로,95939,107649,203588
202206,4호선,평촌,69947,67862,137809
202206,4호선,한대앞,55927,54844,110771
202206,4호선,한성대입구,79572,77401,156973
202206,4호선,혜화,219587,230775,450362
202206,4호선,회현,118768,123824,242592
202207,4호선,경마공원,146634,149632,296266
202207,4호선,고잔,55316,53502,108818
202207,4호선,과천,45307,42396,87703
202207,4호선,길음,128524,122030,250554
202207,4호선,남태령,10015,6552,16567
202207,4호선,노원,138773,153395,292168
202207,4호선,당고개,67045,62895,129940
202207,4호선,대공원,52255,56414,108669
202207,4호선,대야미,34576,31278,65854
202207,4호선,동대문,103881,109786,213667
202207,4호선,동대문역사문화공원,110344,97063,207407
202207,4호선,동작,10267,10859,21126
202207,4호선,명동,149990,160331,310321
202207,4호선,미아,94539,87873,182412
202207,4호선,미아사거리,192159,182294,374453
202207,4호선,반월,30229,29169,59398
202207,4호선,범계,183578,180717,364295
202207,4호선,사당,193425,173317,366742
202207,4호선,산본,109963,117413,227376
202207,4호선,삼각지,34802,45272,80074
202207,4호선,상계,119766,110564,230330
202207,4호선,상록수,110312,108354,218666
202207,4호선,서울,57319,139229,196548
202207,4호선,선바위,47968,42502,90470
202207,4호선,성신여대입구,145695,139491,285186
202207,4호선,수리산,25650,22447,48097
202207,4호선,수유,232986,227884,460870
202207,4호선,숙대입구,92396,88135,180531
202207,4호선,신길온천,13616,13009,26625
202207,4호선,신용산,109619,116742,226361
202207,4호선,쌍문,186049,166286,352335
202207,4호선,안산,101691,100581,202272
202207,4호선,오이도,69151,69186,138337
202207,4호선,이촌,77119,82722,159841
202207,4호선,인덕원,147272,147824,295096
202207,4호선,정부과천청사,58321,57452,115773
202207,4호선,정왕,62684,64581,127265
202207,4호선,중앙,140101,144614,284715
202207,4호선,창동,173537,181901,355438
202207,4호선,초지,30937,29494,60431
202207,4호선,총신대입구,124512,134458,258970
202207,4호선,충무로,102586,112597,215183
202207,4호선,평촌,80327,77834,158161
202207,4호선,한대앞,62748,61781,124529
202207,4호선,한성대입구,89861,87181,177042
202207,4호선,혜화,273940,286269,560209
202207,4호선,회현,145228,144478,289706
202208,4호선,경마공원,110986,113265,224251
202208,4호선,고잔,42644,41347,83991
202208,4호선,과천,34843,31984,66827
202208,4호선,길음,100369,94523,194892
202208,4호선,남태령,8260,5459,13719
202208,4호선,노원,107725,119768,227493
202208,4호선,당고개,51483,48023,99506
202208,4호선,대공원,41940,44134,86074
202208,4호선,대야미,27050,24359,51409
202208,4호선,동대문,79625,78920,158545
202208,4호선,동대문역사문화공원,86924,76179,163103
202208,4호선,동작,9357,9689,19046
202208,4호선,명동,117176,129098,246274
202208,4호선,미아,75284,69308,144592
202208,4호선,미아사거리,148296,139808,288104
202208,4호선,반월,23876,22986,46862
202208,4호선,범계,141389,138579,279968
202208,4호선,사당,146323,131740,278063
202208,4호선,산본,86082,92141,178223
202208,4호선,삼각지,28281,37441,65722
202208,4호선,상계,94484,86686,181170
202208,4호선,상록수,84949,83728,168677
202208,4호선,서울,43061,108713,151774
202208,4호선,선바위,36191,32462,68653
202208,4호선,성신여대입구,113805,108559,222364
202208,4호선,수리산,19995,17269,37264
202208,4호선,수유,182538,177602,360140
202208,4호선,숙대입구,70538,68120,138658
202208,4호선,신길온천,10910,10178,21088
202208,4호선,신용산,84188,91041,175229
202208,4호선,쌍문,146125,129509,275634
202208,4호선,안산,78173,76967,155140
202208,4호선,오이도,54007,54642,108649
202208,4호선,이촌,70016,74304,144320
202208,4호선,인덕원,112833,112390,225223
202208,4호선,정부과천청사,44578,43947,88525
202208,4호선,정왕,48132,49836,97968
202208,4호선,중앙,108358,112344,220702
202208,4호선,창동,137203,143642,280845
202208,4호선,초지,23747,22989,46736
202208,4호선,총신대입구,96188,103701,199889
202208,4호선,충무로,80098,89902,170000
202208,4호선,평촌,62620,60373,122993
202208,4호선,한대앞,49385,48209,97594
202208,4호선,한성대입구,69843,68081,137924
202208,4호선,혜화,215223,227457,442680
202208,4호선,회현,101959,105013,206972
202209,4호선,경마공원,89012,90936,179948
202209,4호선,고잔,50290,49049,99339
202209,4호선,과천,34882,31714,66596
202209,4호선,길음,104234,100194,204428
202209,4호선,남태령,8337,5171,13508
202209,4호선,노원,106886,119503,226389
202209,4호선,당고개,52554,48109,100663
202209,4호선,대공원,69341,72537,141878
202209,4호선,대야미,28256,24786,53042
202209,4호선,동대문,80114,82713,162827
202209,4호선,동대문역사문화공원,90742,79702,170444
202209,4호선,동작,12189,12998,25187
202209,4호선,명동,137697,151422,289119
202209,4호선,미아,76834,71957,148791
202209,4호선,미아사거리,148183,141164,289347
202209,4호선,반월,24636,23170,47806
202209,4호선,범계,139215,136626,275841
202209,4호선,사당,150949,135873,286822
202209,4호선,산본,85543,90182,175725
202209,4호선,삼각지,28426,40316,68742
202209,4호선,상계,96966,89798,186764
202209,4호선,상록수,88560,86687,175247
202209,4호선,서울,46592,111816,158408
202209,4호선,선바위,38636,33468,72104
202209,4호선,성신여대입구,115255,110671,225926
202209,4호선,수리산,20483,18607,39090
202209,4호선,수유,185706,181811,367517
202209,4호선,숙대입구,71785,68767,140552
202209,4호선,신길온천,11500,10607,22107
202209,4호선,신용산,83199,85803,169002
202209,4호선,쌍문,148282,132866,281148
202209,4호선,안산,89872,87742,177614
202209,4호선,오이도,57079,57042,114121
202209,4호선,이촌,52580,57956,110536
202209,4호선,인덕원,116244,114617,230861
202209,4호선,정부과천청사,44882,44928,89810
202209,4호선,정왕,52627,55098,107725
202209,4호선,중앙,114527,117873,232400
202209,4호선,창동,136384,142455,278839
202209,4호선,초지,25458,24665,50123
202209,4호선,총신대입구,96218,105065,201283
202209,4호선,충무로,98527,113280,211807
202209,4호선,평촌,64687,62797,127484
202209,4호선,한대앞,53591,53122,106713
202209,4호선,한성대입구,81291,81082,162373
202209,4호선,혜화,219016,229368,448384
202209,4호선,회현,102065,104584,206649
202210,4호선,경마공원,148137,149804,297941
202210,4호선,고잔,71844,71801,143645
202210,4호선,과천,50772,46447,97219
202210,4호선,길음,148239,142243,290482
202210,4호선,남태령,12270,7340,19610
202210,4호선,노원,153612,170672,324284
202210,4호선,당고개,71249,66461,137710
202210,4호선,대공원,91668,94945,186613
202210,4호선,대야미,40280,35675,75955
202210,4호선,동대문,123882,129417,253299
202210,4호선,동대문역사문화공원,141207,123300,264507
202210,4호선,동작,20123,19533,39656
202210,4호선,명동,225102,251635,476737
202210,4호선,미아,106844,98337,205181
202210,4호선,미아사거리,211526,201021,412547
202210,4호선,반월,34311,32440,66751
202210,4호선,범계,201753,198176,399929
202210,4호선,사당,223760,201970,425730
202210,4호선,산본,124681,131751,256432
202210,4호선,삼각지,48434,66191,114625
202210,4호선,상계,137306,126347,263653
202210,4호선,상록수,124196,122531,246727
202210,4호선,서울,72358,178680,251038
202210,4호선,선바위,57000,48571,105571
202210,4호선,성신여대입구,167425,150080,317505
202210,4호선,수리산,28952,26663,55615
202210,4호선,수유,259114,251135,510249
202210,4호선,숙대입구,115745,101435,217180
202210,4호선,신길온천,16709,15642,32351
202210,4호선,신용산,129937,136529,266466
202210,4호선,쌍문,209515,185240,394755
202210,4호선,안산,113641,111818,225459
202210,4호선,오이도,79491,80149,159640
202210,4호선,이촌,98771,114650,213421
202210,4호선,인덕원,170506,167308,337814
202210,4호선,정부과천청사,61937,61114,123051
202210,4호선,정왕,72405,73245,145650
202210,4호선,중앙,161808,165177,326985
202210,4호선,창동,193159,200122,393281
202210,4호선,초지,36312,34786,71098
202210,4호선,총신대입구,138242,150565,288807
202210,4호선,충무로,137872,155263,293135
202210,4호선,평촌,94122,90557,184679
202210,4호선,한대앞,74387,74211,148598
202210,4호선,한성대입구,111014,109451,220465
202210,4호선,혜화,313503,327150,640653
202210,4호선,회현,174304,175785,350089
202211,4호선,경마공원,113526,114740,228266
202211,4호선,고잔,53721,52980,106701
202211,4호선,과천,38620,35626,74246
202211,4호선,길음,116373,112512,228885
202211,4호선,남태령,9346,5706,15052
202211,4호선,노원,118247,131783,250030
202211,4호선,당고개,55825,52258,108083
202211,4호선,대공원,52106,54080,106186
202211,4호선,대야미,30499,26712,57211
202211,4호선,동대문,94236,98061,192297
202211,4호선,동대문역사문화공원,106855,91565,198420
202211,4호선,동작,9867,10127,19994
202211,4호선,명동,186810,204124,390934
202211,4호선,미아,83842,77791,161633
202211,4호선,미아사거리,164259,157166,321425
202211,4호선,반월,25761,24683,50444
202211,4호선,범계,155375,152742,308117
202211,4호선,사당,177941,160831,338772
202211,4호선,산본,94652,99636,194288
202211,4호선,삼각지,40552,50341,90893
202211,4호선,상계,106496,98164,204660
202211,4호선,상록수,95971,95326,191297
202211,4호선,서울,57542,147211,204753
202211,4호선,선바위,43397,36648,80045
202211,4호선,성신여대입구,129821,124461,254282
202211,4호선,수리산,21690,19813,41503
202211,4호선,수유,201521,198228,399749
202211,4호선,숙대입구,88137,82942,171079
202211,4호선,신길온천,12303,11687,23990
202211,4호선,신용산,99738,101998,201736
202211,4호선,쌍문,163452,146074,309526
202211,4호선,안산,88414,86035,174449
202211,4호선,오이도,57704,56827,114531
202211,4호선,이촌,72473,76897,149370
202211,4호선,인덕원,132573,131181,263754
202211,4호선,정부과천청사,51495,51136,102631
202211,4호선,정왕,55419,57622,113041
202211,4호선,중앙,123405,123926,247331
202211,4호선,창동,149617,155392,305009
202211,4호선,초지,27547,26141,53688
202211,4호선,총신대입구,106918,117678,224596
202211,4호선,충무로,111382,121214,232596
202211,4호선,평촌,74397,72387,146784
202211,4호선,한대앞,57308,56964,114272
202211,4호선,한성대입구,84767,84041,168808
202211,4호선,혜화,271567,280368,551935
202211,4호선,회현,142065,142878,284943
202212,4호선,경마공원,106833,107629,214462
202212,4호선,고잔,54608,53929,108537
202212,4호선,과천,40575,37436,78011
202212,4호선,길음,125065,118459,243524
202212,4호선,남태령,9218,5862,15080
202212,4호선,노원,135258,151252,286510
202212,4호선,당고개,60786,57149,117935
202212,4호선,대공원,27330,28853,56183
202212,4호선,대야미,31311,27491,58802
202212,4호선,동대문,103929,110822,214751
202212,4호선,동대문역사문화공원,129846,111716,241562
202212,4호선,동작,7248,8009,15257
202212,4호선,명동,273322,317897,591219
202212,4호선,미아,93780,87223,181003
202212,4호선,미아사거리,185090,177649,362739
202212,4호선,반월,27872,26369,54241
202212,4호선,범계,174905,172162,347067
202212,4호선,사당,194137,179801,373938
202212,4호선,산본,105935,112817,218752
202212,4호선,삼각지,39451,51392,90843
202212,4호선,상계,114233,105323,219556
202212,4호선,상록수,103884,102071,205955
202212,4호선,서울,59669,153868,213537
202212,4호선,선바위,43938,38066,82004
202212,4호선,성신여대입구,144525,139520,284045
202212,4호선,수리산,22980,19606,42586
202212,4호선,수유,228342,224644,452986
202212,4호선,숙대입구,91259,86979,178238
202212,4호선,신길온천,12955,12045,25000
202212,4호선,신용산,110269,115839,226108
202212,4호선,쌍문,182167,162101,344268
202212,4호선,안산,94326,92344,186670
202212,4호선,오이도,60638,61269,121907
202212,4호선,이촌,69478,73466,142944
202212,4호선,인덕원,142155,141688,283843
202212,4호선,정부과천청사,52603,52931,105534
202212,4호선,정왕,58716,60097,118813
202212,4호선,중앙,137462,143273,280735
202212,4호선,창동,162707,169083,331790
202212,4호선,초지,29518,28443,57961
202212,4호선,총신대입구,116740,127609,244349
202212,4호선,충무로,117480,128691,246171
202212,4호선,평촌,78714,76568,155282
202212,4호선,한대앞,61478,60819,122297
202212,4호선,한성대입구,92575,91167,183742
202212,4호선,혜화,282975,292790,575765
202212,4호선,회현,185716,187269,372985
202201,5호선,강동,91330,88331,179661
202201,5호선,강일,20628,19915,40543
202201,5호선,개롱,30171,32828,62999
202201,5호선,개화산,27793,27813,55606
202201,5호선,거여,43701,42128,85829
202201,5호선,고덕,45951,45385,91336
202201,5호선,공덕,48426,49207,97633
202201,5호선,광나루,72831,70857,143688
202201,5호선,광화문,109270,108861,218131
202201,5호선,군자,63094,68892,131986
202201,5호선,굽은다리,54608,51336,105944
202201,5호선,길동,44608,46697,91305
202201,5호선,김포공항,65573,66174,131747
202201,5호선,까치산,160655,156241,316896
202201,5호선,답십리,76484,71372,147856
202201,5호선,동대문역사문화공원,7947,9773,17720
202201,5호선,둔촌동,46677,46812,93489
202201,5호선,마곡,39472,39751,79223
202201,5호선,마장,31691,31051,62742
202201,5호선,마천,36028,38246,74274
202201,5호선,마포,51860,52510,104370
202201,5호선,명일,46920,47921,94841
202201,5호선,목동,80662,82788,163450
202201,5호선,미사,89435,88919,178354
202201,5호선,발산,94930,98749,193679
202201,5호선,방이,39142,38607,77749
202201,5호선,방화,35750,35325,71075
202201,5호선,상일동,69571,66424,135995
202201,5호선,서대문,51646,50114,101760
202201,5호선,송정,38180,37028,75208
202201,5호선,신금호,30707,32359,63066
202201,5호선,신길,18518,20172,38690
202201,5호선,신정,66162,59076,125238
202201,5호선,아차산,100944,97935,198879
202201,5호선,애오개,26972,26791,53763
202201,5호선,양평,27376,27154,54530
202201,5호선,여의나루,48630,57823,106453
202201,5호선,여의도,82378,84887,167265
202201,5호선,영등포구청,14651,13917,28568
202201,5호선,영등포시장,55219,57569,112788
202201,5호선,오금,15400,15046,30446
202201,5호선,오목교,117316,120840,238156
202201,5호선,올림픽공원,22010,19888,41898
202201,5호선,왕십리,26007,30963,56970
202201,5호선,우장산,72033,73340,145373
202201,5호선,을지로4가,20092,22266,42358
202201,5호선,장한평,80682,80474,161156
202201,5호선,종로3가,90204,85428,175632
202201,5호선,천호,128387,120382,248769
202201,5호선,청구,19075,17422,36497
202201,5호선,충정로,14194,13759,27953
202201,5호선,하남검단산,42385,42006,84391
202201,5호선,하남시청,40235,39146,79381
202201,5호선,하남풍산,21011,22051,43062
202201,5호선,행당,39625,35619,75244
202201,5호선,화곡,149385,139225,288610
202202,5호선,강동,77342,74893,152235
202202,5호선,강일,16776,15861,32637
202202,5호선,개롱,24876,26606,51482
202202,5호선,개화산,22559,22691,45250
202202,5호선,거여,36332,35136,71468
202202,5호선,고덕,36529,36214,72743
202202,5호선,공덕,39667,40684,80351
202202,5호선,광나루,61237,59253,120490
202202,5호선,광화문,86224,86178,172402
202202,5호선,군자,50891,55645,106536
202202,5호선,굽은다리,42787,40401,83188
202202,5호선,길동,35953,37450,73403
202202,5호선,김포공항,51546,50228,101774
202202,5호선,까치산,128611,126143,254754
202202,5호선,답십리,61508,57746,119254
202202,5호선,동대문역사문화공원,6231,7681,13912
202202,5호선,둔촌동,37450,38098,75548
202202,5호선,마곡,32939,33332,66271
202202,5호선,마장,23193,22348,45541
202202,5호선,마천,29394,31025,60419
202202,5호선,마포,42575,43358,85933
202202,5호선,명일,37868,38244,76112
202202,5호선,목동,66319,67755,134074
202202,5호선,미사,70489,69987,140476
202202,5호선,발산,79184,82038,161222
202202,5호선,방이,31950,31559,63509
202202,5호선,방화,28508,28262,56770
202202,5호선,상일동,54060,52470,106530
202202,5호선,서대문,42544,41189,83733
202202,5호선,송정,29988,29943,59931
202202,5호선,신금호,24936,26623,51559
202202,5호선,신길,15634,17215,32849
202202,5호선,신정,53648,47624,101272
202202,5호선,아차산,78218,76384,154602
202202,5호선,애오개,21656,22001,43657
202202,5호선,양평,22038,21976,44014
202202,5호선,여의나루,43203,53204,96407
202202,5호선,여의도,69977,70346,140323
202202,5호선,영등포구청,11580,11212,22792
202202,5호선,영등포시장,46987,49077,96064
202202,5호선,오금,12915,12529,25444
202202,5호선,오목교,98298,100130,198428
202202,5호선,올림픽공원,17550,15605,33155
202202,5호선,왕십리,21376,24988,46364
202202,5호선,우장산,57740,58209,115949
202202,5호선,을지로4가,16460,18224,34684
202202,5호선,장한평,66418,67041,133459
202202,5호선,종로3가,68361,65813,134174
202202,5호선,천호,102763,95807,198570
202202,5호선,청구,15513,14104,29617
202202,5호선,충정로,11560,11352,22912
202202,5호선,하남검단산,32950,33345,66295
202202,5호선,하남시청,31607,30945,62552
202202,5호선,하남풍산,16619,16925,33544
202202,5호선,행당,32252,28979,61231
202202,5호선,화곡,119125,112606,231731
202203,5호선,강동,74324,72357,146681
202203,5호선,강일,16196,15421,31617
202203,5호선,개롱,23912,25639,49551
202203,5호선,개화산,22190,21983,44173
202203,5호선,거여,36698,35533,72231
202203,5호선,고덕,36819,36218,73037
202203,5호선,공덕,38496,39131,77627
202203,5호선,광나루,58856,56421,115277
202203,5호선,광화문,90183,91486,181669
202203,5호선,군자,49426,55115,104541
202203,5호선,굽은다리,41569,38872,80441
202203,5호선,길동,35003,36203,71206
202203,5호선,김포공항,48360,48296,96656
202203,5호선,까치산,124481,120798,245279
202203,5호선,답십리,60211,55772,115983
202203,5호선,동대문역사문화공원,6113,7631,13744
202203,5호선,둔촌동,36587,36201,72788
202203,5호선,마곡,31197,32037,63234
202203,5호선,마장,22767,21788,44555
202203,5호선,마천,27999,29293,57292
202203,5호선,마포,41472,41516,82988
202203,5호선,명일,36319,36058,72377
202203,5호선,목동,63233,63911,127144
202203,5호선,미사,69402,68641,138043
202203,5호선,발산,79628,82702,162330
202203,5호선,방이,31560,30569,62129
202203,5호선,방화,27573,26795,54368
202203,5호선,상일동,52092,49593,101685
202203,5호선,서대문,41331,39696,81027
202203,5호선,송정,29437,28834,58271
202203,5호선,신금호,23873,24808,48681
202203,5호선,신길,15443,16662,32105
202203,5호선,신정,52447,46135,98582
202203,5호선,아차산,80177,78843,159020
202203,5호선,애오개,21423,21566,42989
202203,5호선,양평,21587,21266,42853
202203,5호선,여의나루,61143,72502,133645
202203,5호선,여의도,72288,73005,145293
202203,5호선,영등포구청,11348,11179,22527
202203,5호선,영등포시장,45943,48386,94329
202203,5호선,오금,12489,11955,24444
202203,5호선,오목교,95825,97151,192976
202203,5호선,올림픽공원,16755,15477,32232
202203,5호선,왕십리,20485,24072,44557
202203,5호선,우장산,55718,56019,111737
202203,5호선,을지로4가,16282,17833,34115
202203,5호선,장한평,64236,63496,127732
202203,5호선,종로3가,69761,67490,137251
202203,5호선,천호,100722,93622,194344
202203,5호선,청구,14922,13650,28572
202203,5호선,충정로,11468,10857,22325
202203,5호선,하남검단산,31305,31168,62473
202203,5호선,하남시청,31129,30468,61597
202203,5호선,하남풍산,16277,16424,32701
202203,5호선,행당,30571,27562,58133
202203,5호선,화곡,116519,109081,225600
202204,5호선,강동,103043,99071,202114
202204,5호선,강일,23787,22238,46025
202204,5호선,개롱,33259,35260,68519
202204,5호선,개화산,30410,30235,60645
202204,5호선,거여,51221,48864,100085
202204,5호선,고덕,49452,48327,97779
202204,5호선,공덕,56728,58808,115536
202204,5호선,광나루,85630,81887,167517
202204,5호선,광화문,134309,134404,268713
202204,5호선,군자,67914,74594,142508
202204,5호선,굽은다리,57784,52791,110575
202204,5호선,길동,46178,47191,93369
202204,5호선,김포공항,64816,64769,129585
202204,5호선,까치산,171758,162785,334543
202204,5호선,답십리,81994,74269,156263
202204,5호선,동대문역사문화공원,7871,10013,17884
202204,5호선,둔촌동,49216,48390,97606
202204,5호선,마곡,42523,43515,86038
202204,5호선,마장,31786,29869,61655
202204,5호선,마천,38811,40356,79167
202204,5호선,마포,60310,59965,120275
202204,5호선,명일,51481,51119,102600
202204,5호선,목동,88175,88746,176921
202204,5호선,미사,99368,98961,198329
202204,5호선,발산,106175,113912,220087
202204,5호선,방이,42874,40691,83565
202204,5호선,방화,38296,36860,75156
202204,5호선,상일동,73916,68952,142868
202204,5호선,서대문,60408,57725,118133
202204,5호선,송정,40798,38705,79503
202204,5호선,신금호,33032,34737,67769
202204,5호선,신길,22253,23851,46104
202204,5호선,신정,72954,63326,136280
202204,5호선,아차산,125079,123264,248343
202204,5호선,애오개,29917,29658,59575
202204,5호선,양평,31265,30259,61524
202204,5호선,여의나루,234561,270880,505441
202204,5호선,여의도,119900,123972,243872
202204,5호선,영등포구청,16045,15590,31635
202204,5호선,영등포시장,63947,66969,130916
202204,5호선,오금,18018,16742,34760
202204,5호선,오목교,129544,133036,262580
202204,5호선,올림픽공원,28512,26793,55305
202204,5호선,왕십리,28112,34018,62130
202204,5호선,우장산,77436,76321,153757
202204,5호선,을지로4가,25250,27325,52575
202204,5호선,장한평,88358,86860,175218
202204,5호선,종로3가,103834,102675,206509
202204,5호선,천호,135944,129359,265303
202204,5호선,청구,20662,18457,39119
202204,5호선,충정로,16743,15249,31992
202204,5호선,하남검단산,46450,45780,92230
202204,5호선,하남시청,45464,42928,88392
202204,5호선,하남풍산,23318,22917,46235
202204,5호선,행당,43332,38050,81382
202204,5호선,화곡,162429,149460,311889
202205,5호선,강동,104965,100716,205681
202205,5호선,강일,25814,24180,49994
202205,5호선,개롱,34239,36426,70665
202205,5호선,개화산,31101,30489,61590
202205,5호선,거여,54576,51831,106407
202205,5호선,고덕,51889,51432,103321
202205,5호선,공덕,56666,57626,114292
202205,5호선,광나루,88408,84313,172721
202205,5호선,광화문,145453,146648,292101
202205,5호선,군자,69843,78188,148031
202205,5호선,굽은다리,61102,57911,119013
202205,5호선,길동,48054,48386,96440
202205,5호선,김포공항,70289,71720,142009
202205,5호선,까치산,176814,167613,344427
202205,5호선,답십리,83857,76042,159899
202205,5호선,동대문역사문화공원,7774,9973,17747
202205,5호선,둔촌동,51236,50785,102021
202205,5호선,마곡,43607,44862,88469
202205,5호선,마장,32754,30605,63359
202205,5호선,마천,41407,42809,84216
202205,5호선,마포,59442,59940,119382
202205,5호선,명일,54361,54260,108621
202205,5호선,목동,91937,92937,184874
202205,5호선,미사,102577,103149,205726
202205,5호선,발산,110815,118837,229652
202205,5호선,방이,45261,43830,89091
202205,5호선,방화,40931,39905,80836
202205,5호선,상일동,77190,71944,149134
202205,5호선,서대문,63234,61842,125076
202205,5호선,송정,42061,40279,82340
202205,5호선,신금호,34324,35764,70088
202205,5호선,신길,21620,22854,44474
202205,5호선,신정,74284,64556,138840
202205,5호선,아차산,118853,114281,233134
202205,5호선,애오개,30189,30693,60882
202205,5호선,양평,30613,29596,60209
202205,5호선,여의나루,170414,185753,356167
202205,5호선,여의도,97366,103721,201087
202205,5호선,영등포구청,16137,15550,31687
202205,5호선,영등포시장,64874,68443,133317
202205,5호선,오금,18824,17991,36815
202205,5호선,오목교,131433,136987,268420
202205,5호선,올림픽공원,33519,32950,66469
202205,5호선,왕십리,28656,35302,63958
202205,5호선,우장산,80704,79971,160675
202205,5호선,을지로4가,24695,26925,51620
202205,5호선,장한평,90738,87956,178694
202205,5호선,종로3가,112407,107241,219648
202205,5호선,천호,144569,137291,281860
202205,5호선,청구,21243,19132,40375
202205,5호선,충정로,16356,15715,32071
202205,5호선,하남검단산,49303,48296,97599
202205,5호선,하남시청,48264,46100,94364
202205,5호선,하남풍산,24562,24061,48623
202205,5호선,행당,45663,40298,85961
202205,5호선,화곡,166226,153235,319461
202206,5호선,강동,93561,89651,183212
202206,5호선,강일,23820,21795,45615
202206,5호선,개롱,31014,32562,63576
202206,5호선,개화산,28058,27134,55192
202206,5호선,거여,48097,45479,93576
202206,5호선,고덕,45443,44475,89918
202206,5호선,공덕,50634,52483,103117
202206,5호선,광나루,80918,76141,157059
202206,5호선,광화문,123818,131853,255671
202206,5호선,군자,62060,69195,131255
202206,5호선,굽은다리,53701,50311,104012
202206,5호선,길동,43530,43687,87217
202206,5호선,김포공항,61762,63196,124958
202206,5호선,까치산,157499,147505,305004
202206,5호선,답십리,75141,67390,142531
202206,5호선,동대문역사문화공원,7221,9159,16380
202206,5호선,둔촌동,44591,44325,88916
202206,5호선,마곡,39050,39997,79047
202206,5호선,마장,28450,26792,55242
202206,5호선,마천,36692,37621,74313
202206,5호선,마포,52579,53144,105723
202206,5호선,명일,47755,47175,94930
202206,5호선,목동,84214,83773,167987
202206,5호선,미사,90767,91826,182593
202206,5호선,발산,97144,105676,202820
202206,5호선,방이,40557,38566,79123
202206,5호선,방화,35625,34178,69803
202206,5호선,상일동,69065,63909,132974
202206,5호선,서대문,56722,55400,112122
202206,5호선,송정,37432,35749,73181
202206,5호선,신금호,30377,31514,61891
202206,5호선,신길,20102,20601,40703
202206,5호선,신정,66422,56350,122772
202206,5호선,아차산,96049,90668,186717
202206,5호선,애오개,27233,26776,54009
202206,5호선,양평,27446,25858,53304
202206,5호선,여의나루,99537,110810,210347
202206,5호선,여의도,81478,89002,170480
202206,5호선,영등포구청,14720,13985,28705
202206,5호선,영등포시장,60424,63310,123734
202206,5호선,오금,15563,14913,30476
202206,5호선,오목교,115305,119908,235213
202206,5호선,올림픽공원,30287,30205,60492
202206,5호선,왕십리,25286,31520,56806
202206,5호선,우장산,71920,70555,142475
202206,5호선,을지로4가,22468,25429,47897
202206,5호선,장한평,81916,79529,161445
202206,5호선,종로3가,97270,96118,193388
202206,5호선,천호,125946,119958,245904
202206,5호선,청구,18385,16674,35059
202206,5호선,충정로,14599,13848,28447
202206,5호선,하남검단산,43877,42888,86765
202206,5호선,하남시청,43963,41356,85319
202206,5호선,하남풍산,21708,21653,43361
202206,5호선,행당,40998,35647,76645
202206,5호선,화곡,147831,134892,282723
202207,5호선,강동,109345,104868,214213
202207,5호선,강일,27342,25472,52814
202207,5호선,개롱,35779,37976,73755
202207,5호선,개화산,32341,31547,63888
202207,5호선,거여,55927,52872,108799
202207,5호선,고덕,53938,53366,107304
202207,5호선,공덕,58567,59967,118534
202207,5호선,광나루,91446,86376,177822
202207,5호선,광화문,145066,149414,294480
202207,5호선,군자,71366,80460,151826
202207,5호선,굽은다리,66051,62486,128537
202207,5호선,길동,51541,52200,103741
202207,5호선,김포공항,78964,78786,157750
202207,5호선,까치산,183296,173331,356627
202207,5호선,답십리,89287,81375,170662
202207,5호선,동대문역사문화공원,10247,12051,22298
202207,5호선,둔촌동,51365,51236,102601
202207,5호선,마곡,45904,47715,93619
202207,5호선,마장,33013,30969,63982
202207,5호선,마천,41246,42912,84158
202207,5호선,마포,61795,62172,123967
202207,5호선,명일,55555,55380,110935
202207,5호선,목동,94338,95020,189358
202207,5호선,미사,106090,107479,213569
202207,5호선,발산,108486,117872,226358
202207,5호선,방이,45359,44122,89481
202207,5호선,방화,42050,40563,82613
202207,5호선,상일동,80513,76135,156648
202207,5호선,서대문,63596,60099,123695
202207,5호선,송정,43467,41846,85313
202207,5호선,신금호,35095,36900,71995
202207,5호선,신길,24107,24960,49067
202207,5호선,신정,77536,66598,144134
202207,5호선,아차산,103862,99918,203780
202207,5호선,애오개,33008,32625,65633
202207,5호선,양평,32030,31033,63063
202207,5호선,여의나루,105464,125308,230772
202207,5호선,여의도,103630,109630,213260
202207,5호선,영등포구청,16502,15618,32120
202207,5호선,영등포시장,67597,70064,137661
202207,5호선,오금,18048,16793,34841
202207,5호선,오목교,139109,144067,283176
202207,5호선,올림픽공원,29928,25273,55201
202207,5호선,왕십리,29268,36894,66162
202207,5호선,우장산,84478,83988,168466
202207,5호선,을지로4가,24728,27004,51732
202207,5호선,장한평,96575,95200,191775
202207,5호선,종로3가,109787,105481,215268
202207,5호선,천호,148998,141028,290026
202207,5호선,청구,21462,19836,41298
202207,5호선,충정로,17732,16701,34433
202207,5호선,하남검단산,51081,50112,101193
202207,5호선,하남시청,49438,46949,96387
202207,5호선,하남풍산,25959,25842,51801
202207,5호선,행당,47554,41836,89390
202207,5호선,화곡,172225,158171,330396
202208,5호선,강동,86564,83183,169747
202208,5호선,강일,22129,20368,42497
202208,5호선,개롱,28179,29899,58078
202208,5호선,개화산,25301,24621,49922
202208,5호선,거여,43250,40837,84087
202208,5호선,고덕,42404,41632,84036
202208,5호선,공덕,46543,47982,94525
202208,5호선,광나루,76066,72863,148929
202208,5호선,광화문,146666,149729,296395
202208,5호선,군자,56703,62779,119482
202208,5호선,굽은다리,50463,47455,97918
202208,5호선,길동,39786,40388,80174
202208,5호선,김포공항,59251,59149,118400
202208,5호선,까치산,144067,135564,279631
202208,5호선,답십리,72504,65349,137853
202208,5호선,동대문역사문화공원,8385,10585,18970
202208,5호선,둔촌동,40844,40409,81253
202208,5호선,마곡,36285,37610,73895
202208,5호선,마장,26327,24466,50793
202208,5호선,마천,32554,33252,65806
202208,5호선,마포,48397,48861,97258
202208,5호선,명일,43464,43163,86627
202208,5호선,목동,74942,75161,150103
202208,5호선,미사,84038,84778,168816
202208,5호선,발산,83743,91641,175384
202208,5호선,방이,36518,35160,71678
202208,5호선,방화,32651,31400,64051
202208,5호선,상일동,62544,58863,121407
202208,5호선,서대문,50445,49516,99961
202208,5호선,송정,33962,32124,66086
202208,5호선,신금호,27405,28755,56160
202208,5호선,신길,18931,19448,38379
202208,5호선,신정,60376,51679,112055
202208,5호선,아차산,82834,79397,162231
202208,5호선,애오개,24803,24124,48927
202208,5호선,양평,25344,23983,49327
202208,5호선,여의나루,97248,109900,207148
202208,5호선,여의도,83489,88509,171998
202208,5호선,영등포구청,13882,13094,26976
202208,5호선,영등포시장,54042,56008,110050
202208,5호선,오금,14476,13615,28091
202208,5호선,오목교,111194,114366,225560
202208,5호선,올림픽공원,33674,32745,66419
202208,5호선,왕십리,22658,28468,51126
202208,5호선,우장산,66410,65516,131926
202208,5호선,을지로4가,20555,22964,43519
202208,5호선,장한평,76943,74938,151881
202208,5호선,종로3가,86230,85657,171887
202208,5호선,천호,117345,112127,229472
202208,5호선,청구,17038,15877,32915
202208,5호선,충정로,13551,12561,26112
202208,5호선,하남검단산,40223,39310,79533
202208,5호선,하남시청,38742,36481,75223
202208,5호선,하남풍산,20334,20098,40432
202208,5호선,행당,37580,32487,70067
202208,5호선,화곡,136112,124285,260397
202209,5호선,강동,85196,82981,168177
202209,5호선,강일,22866,20690,43556
202209,5호선,개롱,28485,30224,58709
202209,5호선,개화산,25103,24860,49963
202209,5호선,거여,43030,40804,83834
202209,5호선,고덕,41344,40499,81843
202209,5호선,공덕,47557,49139,96696
202209,5호선,광나루,74182,70867,145049
202209,5호선,광화문,151095,148529,299624
202209,5호선,군자,56950,63086,120036
202209,5호선,굽은다리,48914,46294,95208
202209,5호선,길동,39268,40018,79286
202209,5호선,김포공항,58525,56790,115315
202209,5호선,까치산,143057,135744,278801
202209,5호선,답십리,72240,65699,137939
202209,5호선,동대문역사문화공원,8866,10418,19284
202209,5호선,둔촌동,41091,40490,81581
202209,5호선,마곡,35331,36837,72168
202209,5호선,마장,26772,25011,51783
202209,5호선,마천,33845,34610,68455
202209,5호선,마포,48528,48925,97453
202209,5호선,명일,43407,42789,86196
202209,5호선,목동,75544,75332,150876
202209,5호선,미사,83415,84424,167839
202209,5호선,발산,87589,95945,183534
202209,5호선,방이,37392,35405,72797
202209,5호선,방화,32510,31409,63919
202209,5호선,상일동,61803,57919,119722
202209,5호선,서대문,54140,53315,107455
202209,5호선,송정,34426,32478,66904
202209,5호선,신금호,27717,29000,56717
202209,5호선,신길,18760,19677,38437
202209,5호선,신정,61308,53649,114957
202209,5호선,아차산,92819,89015,181834
202209,5호선,애오개,25132,24653,49785
202209,5호선,양평,25469,24288,49757
202209,5호선,여의나루,130611,141645,272256
202209,5호선,여의도,80869,88784,169653
202209,5호선,영등포구청,13459,13057,26516
202209,5호선,영등포시장,56374,60040,116414
202209,5호선,오금,14001,13323,27324
202209,5호선,오목교,106663,109841,216504
202209,5호선,올림픽공원,34573,36357,70930
202209,5호선,왕십리,23255,28437,51692
202209,5호선,우장산,65545,64952,130497
202209,5호선,을지로4가,21622,23779,45401
202209,5호선,장한평,76886,75552,152438
202209,5호선,종로3가,94217,93550,187767
202209,5호선,천호,112588,108708,221296
202209,5호선,청구,16958,16029,32987
202209,5호선,충정로,13494,12977,26471
202209,5호선,하남검단산,41324,40208,81532
202209,5호선,하남시청,40040,37302,77342
202209,5호선,하남풍산,19662,19219,38881
202209,5호선,행당,37856,33357,71213
202209,5호선,화곡,135944,125046,260990
202210,5호선,강동,125781,121135,246916
202210,5호선,강일,34473,30620,65093
202210,5호선,개롱,41221,42836,84057
202210,5호선,개화산,35693,34659,70352
202210,5호선,거여,63798,59638,123436
202210,5호선,고덕,61100,59646,120746
202210,5호선,공덕,74093,74862,148955
202210,5호선,광나루,108430,102314,210744
202210,5호선,광화문,225977,225883,451860
202210,5호선,군자,83978,91631,175609
202210,5호선,굽은다리,69541,64561,134102
202210,5호선,길동,56511,56702,113213
202210,5호선,김포공항,76596,76660,153256
202210,5호선,까치산,203643,190350,393993
202210,5호선,답십리,102069,91382,193451
202210,5호선,동대문역사문화공원,13063,15581,28644
202210,5호선,둔촌동,59625,58653,118278
202210,5호선,마곡,51621,52680,104301
202210,5호선,마장,38525,36231,74756
202210,5호선,마천,48313,49778,98091
202210,5호선,마포,87153,84180,171333
202210,5호선,명일,62589,61696,124285
202210,5호선,목동,108663,108347,217010
202210,5호선,미사,120591,120991,241582
202210,5호선,발산,130623,141631,272254
202210,5호선,방이,52838,50856,103694
202210,5호선,방화,45473,43582,89055
202210,5호선,상일동,89063,84022,173085
202210,5호선,서대문,81344,78712,160056
202210,5호선,송정,47693,45484,93177
202210,5호선,신금호,39958,41878,81836
202210,5호선,신길,31123,30358,61481
202210,5호선,신정,86530,73723,160253
202210,5호선,아차산,135063,130273,265336
202210,5호선,애오개,36908,35343,72251
202210,5호선,양평,37099,34174,71273
202210,5호선,여의나루,170203,264733,434936
202210,5호선,여의도,153495,152881,306376
202210,5호선,영등포구청,20506,19402,39908
202210,5호선,영등포시장,85187,88159,173346
202210,5호선,오금,20968,19368,40336
202210,5호선,오목교,151658,155019,306677
202210,5호선,올림픽공원,52981,52661,105642
202210,5호선,왕십리,32808,40299,73107
202210,5호선,우장산,93105,91580,184685
202210,5호선,을지로4가,33761,37098,70859
202210,5호선,장한평,113665,110302,223967
202210,5호선,종로3가,143919,139778,283697
202210,5호선,천호,162431,154743,317174
202210,5호선,청구,23990,23218,47208
202210,5호선,충정로,20108,18650,38758
202210,5호선,하남검단산,56193,54803,110996
202210,5호선,하남시청,55815,52594,108409
202210,5호선,하남풍산,28245,27338,55583
202210,5호선,행당,54384,47257,101641
202210,5호선,화곡,194652,176582,371234
202211,5호선,강동,97554,94146,191700
202211,5호선,강일,26270,23388,49658
202211,5호선,개롱,32223,34036,66259
202211,5호선,개화산,27245,26459,53704
202211,5호선,거여,48321,45619,93940
202211,5호선,고덕,47672,46818,94490
202211,5호선,공덕,56141,57959,114100
202211,5호선,광나루,86075,82437,168512
202211,5호선,광화문,156479,159346,315825
202211,5호선,군자,64723,72011,136734
202211,5호선,굽은다리,53583,50402,103985
202211,5호선,길동,43044,43582,86626
202211,5호선,김포공항,56628,56385,113013
202211,5호선,까치산,157103,149141,306244
202211,5호선,답십리,79113,71891,151004
202211,5호선,동대문역사문화공원,10018,12118,22136
202211,5호선,둔촌동,47050,47277,94327
202211,5호선,마곡,40110,41263,81373
202211,5호선,마장,30254,28703,58957
202211,5호선,마천,36878,38348,75226
202211,5호선,마포,58161,58678,116839
202211,5호선,명일,48162,47608,95770
202211,5호선,목동,82301,83471,165772
202211,5호선,미사,91785,92668,184453
202211,5호선,발산,104235,112620,216855
202211,5호선,방이,41954,40098,82052
202211,5호선,방화,35046,33954,69000
202211,5호선,상일동,67586,64953,132539
202211,5호선,서대문,64406,62915,127321
202211,5호선,송정,36135,34947,71082
202211,5호선,신금호,30735,32485,63220
202211,5호선,신길,21910,22453,44363
202211,5호선,신정,65693,57065,122758
202211,5호선,아차산,98844,95404,194248
202211,5호선,애오개,28461,27844,56305
202211,5호선,양평,27746,26514,54260
202211,5호선,여의나루,100736,126618,227354
202211,5호선,여의도,109977,106023,216000
202211,5호선,영등포구청,15375,14886,30261
202211,5호선,영등포시장,65717,69472,135189
202211,5호선,오금,16753,15376,32129
202211,5호선,오목교,121072,125357,246429
202211,5호선,올림픽공원,33263,30472,63735
202211,5호선,왕십리,26025,31506,57531
202211,5호선,우장산,71920,71377,143297
202211,5호선,을지로4가,25293,28119,53412
202211,5호선,장한평,86457,84069,170526
202211,5호선,종로3가,111149,105351,216500
202211,5호선,천호,128128,122039,250167
202211,5호선,청구,18367,17587,35954
202211,5호선,충정로,15447,14438,29885
202211,5호선,하남검단산,42845,42281,85126
202211,5호선,하남시청,42538,40593,83131
202211,5호선,하남풍산,21781,21590,43371
202211,5호선,행당,41703,36687,78390
202211,5호선,화곡,148747,137076,285823
202212,5호선,강동,105871,101140,207011
202212,5호선,강일,28618,25258,53876
202212,5호선,개롱,33242,35258,68500
202212,5호선,개화산,30745,29846,60591
202212,5호선,거여,52614,49548,102162
202212,5호선,고덕,52023,50199,102222
202212,5호선,공덕,60674,62878,123552
202212,5호선,광나루,84347,79719,164066
202212,5호선,광화문,186442,184874,371316
202212,5호선,군자,71836,80732,152568
202212,5호선,굽은다리,62963,59520,122483
202212,5호선,길동,50112,51262,101374
202212,5호선,김포공항,67432,67837,135269
202212,5호선,까치산,175747,166037,341784
202212,5호선,답십리,88454,80980,169434
202212,5호선,동대문역사문화공원,12105,14621,26726
202212,5호선,둔촌동,53208,53901,107109
202212,5호선,마곡,45582,46690,92272
202212,5호선,마장,35279,34348,69627
202212,5호선,마천,39582,40581,80163
202212,5호선,마포,66179,67898,134077
202212,5호선,명일,52773,51848,104621
202212,5호선,목동,90167,91322,181489
202212,5호선,미사,102690,103408,206098
202212,5호선,발산,119349,129670,249019
202212,5호선,방이,44007,42807,86814
202212,5호선,방화,38294,37236,75530
202212,5호선,상일동,74594,72161,146755
202212,5호선,서대문,64102,61739,125841
202212,5호선,송정,41401,39627,81028
202212,5호선,신금호,34325,35816,70141
202212,5호선,신길,23490,24892,48382
202212,5호선,신정,73644,63764,137408
202212,5호선,아차산,99084,95627,194711
202212,5호선,애오개,30273,29912,60185
202212,5호선,양평,31138,29830,60968
202212,5호선,여의나루,84324,120626,204950
202212,5호선,여의도,124926,122171,247097
202212,5호선,영등포구청,17636,16128,33764
202212,5호선,영등포시장,73487,77110,150597
202212,5호선,오금,16900,15944,32844
202212,5호선,오목교,132677,137287,269964
202212,5호선,올림픽공원,37914,34452,72366
202212,5호선,왕십리,29395,36397,65792
202212,5호선,우장산,80239,79402,159641
202212,5호선,을지로4가,26783,30660,57443
202212,5호선,장한평,97656,95917,193573
202212,5호선,종로3가,122435,117470,239905
202212,5호선,천호,144569,136233,280802
202212,5호선,청구,20315,19315,39630
202212,5호선,충정로,16864,16105,32969
202212,5호선,하남검단산,48266,46879,95145
202212,5호선,하남시청,48749,45897,94646
202212,5호선,하남풍산,25846,26243,52089
202212,5호선,행당,45580,40045,85625
202212,5호선,화곡,168892,154335,323227
202201,6호선,고려대,38628,37187,75815
202201,6호선,공덕,72234,67828,140062
202201,6호선,광흥창,40487,39088,79575
202201,6호선,구산,39895,30236,70131
202201,6호선,녹사평,35847,36744,72591
202201,6호선,대흥,38595,39245,77840
202201,6호선,독바위,14984,17808,32792
202201,6호선,돌곶이,48087,44697,92784
202201,6호선,동묘앞,57904,55424,113328
202201,6호선,디지털미디어시티,51774,53995,105769
202201,6호선,마포구청,70913,64564,135477
202201,6호선,망원,101989,110383,212372
202201,6호선,버티고개,10308,11386,21694
202201,6호선,보문,39061,35784,74845
202201,6호선,봉화산,39824,39523,79347
202201,6호선,불광,29218,26051,55269
202201,6호선,삼각지,36026,29098,65124
202201,6호선,상수,62306,70915,133221
202201,6호선,상월곡,31417,28093,59510
202201,6호선,새절,65586,63815,129401
202201,6호선,석계,65188,66817,132005
202201,6호선,신내,1,0,1
202201,6호선,신당,46183,43085,89268
202201,6호선,안암,44370,43825,88195
202201,6호선,약수,17675,18294,35969
202201,6호선,역촌,20286,23617,43903
202201,6호선,연신내,5,0,5
202201,6호선,월곡,56174,55192,111366
202201,6호선,월드컵경기장,28764,28917,57681
202201,6호선,응암,95595,95687,191282
202201,6호선,이태원,92445,91064,183509
202201,6호선,증산,55448,56566,112014
202201,6호선,창신,16365,14606,30971
202201,6호선,청구,17663,17474,35137
202201,6호선,태릉입구,30897,32551,63448
202201,6호선,한강진,70319,80201,150520
202201,6호선,합정,95040,84854,179894
202201,6호선,화랑대,52382,44402,96784
202201,6호선,효창공원앞,34198,30493,64691
202202,6호선,고려대,33789,33815,67604
202202,6호선,공덕,58457,54999,113456
202202,6호선,광흥창,32482,31887,64369
202202,6호선,구산,32492,24934,57426
202202,6호선,녹사평,27482,28642,56124
202202,6호선,대흥,32515,32857,65372
202202,6호선,독바위,11872,14158,26030
202202,6호선,돌곶이,39034,36771,75805
202202,6호선,동묘앞,46839,44214,91053
202202,6호선,디지털미디어시티,42411,44154,86565
202202,6호선,마포구청,58161,53239,111400
202202,6호선,망원,79789,85431,165220
202202,6호선,버티고개,8308,9017,17325
202202,6호선,보문,31833,29608,61441
202202,6호선,봉화산,31538,31144,62682
202202,6호선,불광,23343,20679,44022
202202,6호선,삼각지,28663,23123,51786
202202,6호선,상수,51773,58684,110457
202202,6호선,상월곡,25347,22700,48047
202202,6호선,새절,51758,50304,102062
202202,6호선,석계,52411,54116,106527
202202,6호선,신당,37623,36078,73701
202202,6호선,안암,39612,39955,79567
202202,6호선,약수,14912,14943,29855
202202,6호선,역촌,16625,19545,36170
202202,6호선,연신내,7,0,7
202202,6호선,월곡,44596,44244,88840
202202,6호선,월드컵경기장,22986,23378,46364
202202,6호선,응암,76422,76867,153289
202202,6호선,이태원,71693,70651,142344
202202,6호선,증산,44399,45327,89726
202202,6호선,창신,13301,11551,24852
202202,6호선,청구,14352,14447,28799
202202,6호선,태릉입구,25079,26295,51374
202202,6호선,한강진,49394,57163,106557
202202,6호선,합정,76963,68533,145496
202202,6호선,화랑대,41766,35612,77378
202202,6호선,효창공원앞,27980,25741,53721
202203,6호선,고려대,32829,32741,65570
202203,6호선,공덕,56319,52959,109278
202203,6호선,광흥창,31915,30467,62382
202203,6호선,구산,31201,23846,55047
202203,6호선,녹사평,29079,30722,59801
202203,6호선,대흥,32885,33474,66359
202203,6호선,독바위,11864,14387,26251
202203,6호선,돌곶이,39064,36371,75435
202203,6호선,동묘앞,44856,43595,88451
202203,6호선,디지털미디어시티,40320,42046,82366
202203,6호선,마포구청,55576,50592,106168
202203,6호선,망원,76310,82687,158997
202203,6호선,버티고개,8290,8897,17187
202203,6호선,보문,31255,29394,60649
202203,6호선,봉화산,30248,30003,60251
202203,6호선,불광,22835,20483,43318
202203,6호선,삼각지,30360,24281,54641
202203,6호선,상수,52764,60276,113040
202203,6호선,상월곡,25906,23008,48914
202203,6호선,새절,51191,48957,100148
202203,6호선,석계,52375,53070,105445
202203,6호선,신내,4,0,4
202203,6호선,신당,30816,30737,61553
202203,6호선,안암,45019,45836,90855
202203,6호선,약수,14401,14369,28770
202203,6호선,역촌,16044,18713,34757
202203,6호선,연신내,3,0,3
202203,6호선,월곡,44362,43711,88073
202203,6호선,월드컵경기장,27190,27308,54498
202203,6호선,응암,74685,74575,149260
202203,6호선,이태원,81307,81203,162510
202203,6호선,증산,43639,43822,87461
202203,6호선,창신,12867,11345,24212
202203,6호선,청구,14015,13991,28006
202203,6호선,태릉입구,24823,26128,50951
202203,6호선,한강진,48573,57963,106536
202203,6호선,합정,74701,68641,143342
202203,6호선,화랑대,40193,34125,74318
202203,6호선,효창공원앞,26742,24217,50959
202204,6호선,고려대,44731,43999,88730
202204,6호선,공덕,79947,74741,154688
202204,6호선,광흥창,44022,40351,84373
202204,6호선,구산,43747,31886,75633
202204,6호선,녹사평,44701,47197,91898
202204,6호선,대흥,44588,45508,90096
202204,6호선,독바위,16943,19662,36605
202204,6호선,돌곶이,52493,48772,101265
202204,6호선,동묘앞,64925,62614,127539
202204,6호선,디지털미디어시티,58660,59628,118288
202204,6호선,마포구청,75913,66263,142176
202204,6호선,망원,107682,117938,225620
202204,6호선,버티고개,11831,12597,24428
202204,6호선,보문,42643,39115,81758
202204,6호선,봉화산,42968,41778,84746
202204,6호선,불광,31503,29104,60607
202204,6호선,삼각지,46751,35759,82510
202204,6호선,상수,67680,80842,148522
202204,6호선,상월곡,34267,30366,64633
202204,6호선,새절,73411,69379,142790
202204,6호선,석계,70203,71362,141565
202204,6호선,신내,2,0,2
202204,6호선,신당,50620,49078,99698
202204,6호선,안암,57271,57952,115223
202204,6호선,약수,19639,19678,39317
202204,6호선,역촌,21019,24065,45084
202204,6호선,연신내,4,0,4
202204,6호선,월곡,59661,58104,117765
202204,6호선,월드컵경기장,44876,45514,90390
202204,6호선,응암,107063,107338,214401
202204,6호선,이태원,118055,130631,248686
202204,6호선,증산,61844,61427,123271
202204,6호선,창신,17565,14926,32491
202204,6호선,청구,18973,18889,37862
202204,6호선,태릉입구,34115,36552,70667
202204,6호선,한강진,67229,84090,151319
202204,6호선,합정,103628,96431,200059
202204,6호선,화랑대,58105,48446,106551
202204,6호선,효창공원앞,38599,34089,72688
202205,6호선,고려대,48529,46911,95440
202205,6호선,공덕,82768,78247,161015
202205,6호선,광흥창,46261,43418,89679
202205,6호선,구산,44825,32989,77814
202205,6호선,녹사평,48857,51710,100567
202205,6호선,대흥,46734,47453,94187
202205,6호선,독바위,16948,19530,36478
202205,6호선,돌곶이,57150,52914,110064
202205,6호선,동묘앞,68302,66897,135199
202205,6호선,디지털미디어시티,63027,64976,128003
202205,6호선,마포구청,80452,69941,150393
202205,6호선,망원,109397,119525,228922
202205,6호선,버티고개,12481,13177,25658
202205,6호선,보문,46423,42411,88834
202205,6호선,봉화산,45451,44750,90201
202205,6호선,불광,33324,30141,63465
202205,6호선,삼각지,54910,41546,96456
202205,6호선,상수,71402,83585,154987
202205,6호선,상월곡,36308,32359,68667
202205,6호선,새절,73330,70035,143365
202205,6호선,석계,73549,75128,148677
202205,6호선,신내,2,0,2
202205,6호선,신당,52525,52366,104891
202205,6호선,안암,61643,61475,123118
202205,6호선,약수,20316,20788,41104
202205,6호선,역촌,21821,25175,46996
202205,6호선,연신내,7,0,7
202205,6호선,월곡,63048,60845,123893
202205,6호선,월드컵경기장,66308,70632,136940
202205,6호선,응암,106248,104802,211050
202205,6호선,이태원,135745,142295,278040
202205,6호선,증산,62145,61130,123275
202205,6호선,창신,18385,15823,34208
202205,6호선,청구,19317,18847,38164
202205,6호선,태릉입구,48577,56404,104981
202205,6호선,한강진,76600,93436,170036
202205,6호선,합정,109819,103249,213068
202205,6호선,화랑대,60731,51969,112700
202205,6호선,효창공원앞,40914,36461,77375
202206,6호선,고려대,39791,37884,77675
202206,6호선,공덕,73157,68426,141583
202206,6호선,광흥창,40107,37278,77385
202206,6호선,구산,40322,29494,69816
202206,6호선,녹사평,40393,42960,83353
202206,6호선,대흥,41340,41677,83017
202206,6호선,독바위,15228,17207,32435
202206,6호선,돌곶이,49790,45372,95162
202206,6호선,동묘앞,57346,55873,113219
202206,6호선,디지털미디어시티,55928,57013,112941
202206,6호선,마포구청,69774,60573,130347
202206,6호선,망원,90956,99925,190881
202206,6호선,버티고개,11155,11612,22767
202206,6호선,보문,38866,34954,73820
202206,6호선,봉화산,40150,38820,78970
202206,6호선,불광,28859,26013,54872
202206,6호선,삼각지,50019,37789,87808
202206,6호선,상수,62212,76602,138814
202206,6호선,상월곡,31623,27217,58840
202206,6호선,새절,65526,61297,126823
202206,6호선,석계,64346,64919,129265
202206,6호선,신내,1,0,1
202206,6호선,신당,43522,43875,87397
202206,6호선,안암,47183,47224,94407
202206,6호선,약수,18177,18500,36677
202206,6호선,역촌,19700,22412,42112
202206,6호선,연신내,12,0,12
202206,6호선,월곡,54233,51487,105720
202206,6호선,월드컵경기장,39484,40818,80302
202206,6호선,응암,93771,91006,184777
202206,6호선,이태원,115299,128354,243653
202206,6호선,증산,54871,53037,107908
202206,6호선,창신,15931,13481,29412
202206,6호선,청구,16758,16190,32948
202206,6호선,태릉입구,32555,34367,66922
202206,6호선,한강진,65236,80400,145636
202206,6호선,합정,93248,88582,181830
202206,6호선,화랑대,51712,42711,94423
202206,6호선,효창공원앞,35601,31231,66832
202207,6호선,고려대,47086,45095,92181
202207,6호선,공덕,85966,80977,166943
202207,6호선,광흥창,47657,44701,92358
202207,6호선,구산,47328,36399,83727
202207,6호선,녹사평,46250,49664,95914
202207,6호선,대흥,48667,49944,98611
202207,6호선,독바위,18081,20350,38431
202207,6호선,돌곶이,58523,54354,112877
202207,6호선,동묘앞,64403,63124,127527
202207,6호선,디지털미디어시티,64977,67145,132122
202207,6호선,마포구청,81497,72255,153752
202207,6호선,망원,106970,116598,223568
202207,6호선,버티고개,12898,13584,26482
202207,6호선,보문,45902,41863,87765
202207,6호선,봉화산,47072,46073,93145
202207,6호선,불광,35363,31734,67097
202207,6호선,삼각지,54797,38376,93173
202207,6호선,상수,78131,94833,172964
202207,6호선,상월곡,36784,32309,69093
202207,6호선,새절,75960,71592,147552
202207,6호선,석계,74734,75646,150380
202207,6호선,신내,4,0,4
202207,6호선,신당,48220,49599,97819
202207,6호선,안암,57085,56665,113750
202207,6호선,약수,21493,21369,42862
202207,6호선,역촌,24189,26132,50321
202207,6호선,연신내,4,0,4
202207,6호선,월곡,63516,61658,125174
202207,6호선,월드컵경기장,42852,44294,87146
202207,6호선,응암,109749,108665,218414
202207,6호선,이태원,138431,151472,289903
202207,6호선,증산,64433,63098,127531
202207,6호선,창신,18934,16550,35484
202207,6호선,청구,20261,19678,39939
202207,6호선,태릉입구,36851,38677,75528
202207,6호선,한강진,82309,96749,179058
202207,6호선,합정,113308,105805,219113
202207,6호선,화랑대,58555,48906,107461
202207,6호선,효창공원앞,40758,35632,76390
202208,6호선,고려대,37052,34944,71996
202208,6호선,공덕,66944,63642,130586
202208,6호선,광흥창,38291,35577,73868
202208,6호선,구산,37212,28199,65411
202208,6호선,녹사평,35863,39594,75457
202208,6호선,대흥,37933,38356,76289
202208,6호선,독바위,13938,15654,29592
202208,6호선,돌곶이,47058,43168,90226
202208,6호선,동묘앞,51650,49963,101613
202208,6호선,디지털미디어시티,52179,53714,105893
202208,6호선,마포구청,66392,58264,124656
202208,6호선,망원,89226,97491,186717
202208,6호선,버티고개,10123,10868,20991
202208,6호선,보문,36075,32185,68260
202208,6호선,봉화산,36680,35621,72301
202208,6호선,불광,27336,24772,52108
202208,6호선,삼각지,41852,29630,71482
202208,6호선,상수,62150,76477,138627
202208,6호선,상월곡,29177,25582,54759
202208,6호선,새절,59149,55121,114270
202208,6호선,석계,59117,60037,119154
202208,6호선,신내,2,0,2
202208,6호선,신당,41724,40808,82532
202208,6호선,안암,44354,43877,88231
202208,6호선,약수,16838,16918,33756
202208,6호선,역촌,19422,21095,40517
202208,6호선,연신내,6,0,6
202208,6호선,월곡,50452,48341,98793
202208,6호선,월드컵경기장,39395,40171,79566
202208,6호선,응암,85120,83584,168704
202208,6호선,이태원,107514,121337,228851
202208,6호선,증산,49815,48917,98732
202208,6호선,창신,14829,12755,27584
202208,6호선,청구,16420,15728,32148
202208,6호선,태릉입구,29611,30514,60125
202208,6호선,한강진,57818,71346,129164
202208,6호선,합정,88497,83790,172287
202208,6호선,화랑대,46616,38471,85087
202208,6호선,효창공원앞,32149,28146,60295
202209,6호선,고려대,41256,39798,81054
202209,6호선,공덕,68219,64885,133104
202209,6호선,광흥창,37018,34445,71463
202209,6호선,구산,37980,28199,66179
202209,6호선,녹사평,39855,44288,84143
202209,6호선,대흥,38575,39031,77606
202209,6호선,독바위,14475,16535,31010
202209,6호선,돌곶이,47264,43468,90732
202209,6호선,동묘앞,55243,54432,109675
202209,6호선,디지털미디어시티,53317,59408,112725
202209,6호선,마포구청,67144,58827,125971
202209,6호선,망원,88740,98580,187320
202209,6호선,버티고개,10436,11013,21449
202209,6호선,보문,36880,34344,71224
202209,6호선,봉화산,37459,36389,73848
202209,6호선,불광,26188,24096,50284
202209,6호선,삼각지,44241,31497,75738
202209,6호선,상수,60423,73079,133502
202209,6호선,상월곡,29606,26119,55725
202209,6호선,새절,59327,56417,115744
202209,6호선,석계,59623,61268,120891
202209,6호선,신내,2,0,2
202209,6호선,신당,42479,42145,84624
202209,6호선,안암,49113,50304,99417
202209,6호선,약수,16228,16239,32467
202209,6호선,역촌,18439,21305,39744
202209,6호선,연신내,5,0,5
202209,6호선,월곡,51167,49286,100453
202209,6호선,월드컵경기장,57350,58491,115841
202209,6호선,응암,86144,84520,170664
202209,6호선,이태원,117645,132222,249867
202209,6호선,증산,50489,49668,100157
202209,6호선,창신,15077,13089,28166
202209,6호선,청구,17078,16207,33285
202209,6호선,태릉입구,29735,30951,60686
202209,6호선,한강진,67788,82826,150614
202209,6호선,합정,88415,84403,172818
202209,6호선,화랑대,50765,42848,93613
202209,6호선,효창공원앞,32698,28698,61396
202210,6호선,고려대,59668,56239,115907
202210,6호선,공덕,107752,102029,209781
202210,6호선,광흥창,55597,50811,106408
202210,6호선,구산,52891,39331,92222
202210,6호선,녹사평,75324,69645,144969
202210,6호선,대흥,57281,58159,115440
202210,6호선,독바위,19798,22759,42557
202210,6호선,돌곶이,66635,60777,127412
202210,6호선,동묘앞,79488,77649,157137
202210,6호선,디지털미디어시티,77069,79581,156650
202210,6호선,마포구청,101961,86014,187975
202210,6호선,망원,128737,138408,267145
202210,6호선,버티고개,15597,15897,31494
202210,6호선,보문,52791,47917,100708
202210,6호선,봉화산,53083,51606,104689
202210,6호선,불광,37087,34233,71320
202210,6호선,삼각지,76704,52426,129130
202210,6호선,상수,90744,108388,199132
202210,6호선,상월곡,41849,35930,77779
202210,6호선,새절,85613,80615,166228
202210,6호선,석계,84022,86230,170252
202210,6호선,신내,6,0,6
202210,6호선,신당,59674,60330,120004
202210,6호선,안암,73548,77490,151038
202210,6호선,약수,24594,25240,49834
202210,6호선,역촌,25675,29854,55529
202210,6호선,연신내,5,0,5
202210,6호선,월곡,74936,70552,145488
202210,6호선,월드컵경기장,111820,119402,231222
202210,6호선,응암,123991,121953,245944
202210,6호선,이태원,220409,268180,488589
202210,6호선,증산,72362,71073,143435
202210,6호선,창신,21304,18252,39556
202210,6호선,청구,24307,21945,46252
202210,6호선,태릉입구,42820,44608,87428
202210,6호선,한강진,113393,129820,243213
202210,6호선,합정,129901,126093,255994
202210,6호선,화랑대,73384,60371,133755
202210,6호선,효창공원앞,54510,48531,103041
202211,6호선,고려대,47525,45809,93334
202211,6호선,공덕,78318,74366,152684
202211,6호선,광흥창,40910,38370,79280
202211,6호선,구산,40753,30532,71285
202211,6호선,녹사평,34381,33796,68177
202211,6호선,대흥,45506,47241,92747
202211,6호선,독바위,14717,17026,31743
202211,6호선,돌곶이,53989,49350,103339
202211,6호선,동묘앞,62042,60247,122289
202211,6호선,디지털미디어시티,58130,61152,119282
202211,6호선,마포구청,73154,65174,138328
202211,6호선,망원,96503,104541,201044
202211,6호선,버티고개,10819,11758,22577
202211,6호선,보문,40346,37394,77740
202211,6호선,봉화산,40224,39275,79499
202211,6호선,불광,28473,25544,54017
202211,6호선,삼각지,53178,38975,92153
202211,6호선,상수,67944,81470,149414
202211,6호선,상월곡,32128,28342,60470
202211,6호선,새절,64345,60862,125207
202211,6호선,석계,64979,66832,131811
202211,6호선,신내,1,0,1
202211,6호선,신당,44846,45261,90107
202211,6호선,안암,60407,61356,121763
202211,6호선,약수,18280,18700,36980
202211,6호선,역촌,20052,23273,43325
202211,6호선,연신내,6,0,6
202211,6호선,월곡,55839,54240,110079
202211,6호선,월드컵경기장,46876,58843,105719
202211,6호선,응암,94238,93067,187305
202211,6호선,이태원,76797,77618,154415
202211,6호선,증산,54843,54020,108863
202211,6호선,창신,16292,14381,30673
202211,6호선,청구,18092,16831,34923
202211,6호선,태릉입구,32599,34734,67333
202211,6호선,한강진,64816,73965,138781
202211,6호선,합정,96237,90547,186784
202211,6호선,화랑대,56199,46630,102829
202211,6호선,효창공원앞,37084,32912,69996
202212,6호선,고려대,46013,43822,89835
202212,6호선,공덕,83961,80650,164611
202212,6호선,광흥창,44074,42188,86262
202212,6호선,구산,44898,33968,78866
202212,6호선,녹사평,37717,40385,78102
202212,6호선,대흥,46098,46847,92945
202212,6호선,독바위,15809,17507,33316
202212,6호선,돌곶이,58365,53825,112190
202212,6호선,동묘앞,64824,62717,127541
202212,6호선,디지털미디어시티,62693,65282,127975
202212,6호선,마포구청,77735,68593,146328
202212,6호선,망원,107308,116021,223329
202212,6호선,버티고개,12012,12714,24726
202212,6호선,보문,44208,39893,84101
202212,6호선,봉화산,43984,42698,86682
202212,6호선,불광,32277,28345,60622
202212,6호선,삼각지,47069,38840,85909
202212,6호선,상수,80303,96092,176395
202212,6호선,상월곡,35188,30221,65409
202212,6호선,새절,71372,67409,138781
202212,6호선,석계,71527,73152,144679
202212,6호선,신내,4,0,4
202212,6호선,신당,51330,50660,101990
202212,6호선,안암,55639,55457,111096
202212,6호선,약수,20046,20763,40809
202212,6호선,역촌,22565,25625,48190
202212,6호선,연신내,7,0,7
202212,6호선,월곡,60827,59346,120173
202212,6호선,월드컵경기장,37445,38997,76442
202212,6호선,응암,105114,103010,208124
202212,6호선,이태원,90561,94854,185415
202212,6호선,증산,61283,59550,120833
202212,6호선,창신,17680,15439,33119
202212,6호선,청구,19724,18538,38262
202212,6호선,태릉입구,35235,36682,71917
202212,6호선,한강진,71098,81681,152779
202212,6호선,합정,105697,100888,206585
202212,6호선,화랑대,58531,48190,106721
202212,6호선,효창공원앞,38283,34313,72596
202201,7호선,가산디지털단지,106971,96583,203554
202201,7호선,강남구청,63680,68123,131803
202201,7호선,건대입구,81318,81314,162632
202201,7호선,고속터미널,105909,81375,187284
202201,7호선,공릉,64939,65067,130006
202201,7호선,광명사거리,131022,130167,261189
202201,7호선,군자,79985,61854,141839
202201,7호선,굴포천,7,0,7
202201,7호선,까치울,5,0,5
202201,7호선,남구로,65546,65895,131441
202201,7호선,남성,55918,53390,109308
202201,7호선,내방,55486,55970,111456
202201,7호선,노원,118267,118723,236990
202201,7호선,논현,74092,79358,153450
202201,7호선,대림,63345,63891,127236
202201,7호선,도봉산,47865,67670,115535
202201,7호선,뚝섬유원지,46262,43801,90063
202201,7호선,마들,64886,61514,126400
202201,7호선,먹골,58411,56708,115119
202201,7호선,면목,84102,82510,166612
202201,7호선,반포,30436,29404,59840
202201,7호선,보라매,43663,42427,86090
202201,7호선,부천시청,3,0,3
202201,7호선,부천종합운동장,1,0,1
202201,7호선,부평구청,2,0,2
202201,7호선,사가정,91465,89447,180912
202201,7호선,상도,55708,53205,108913
202201,7호선,상동,3,0,3
202201,7호선,상봉,98549,93346,191895
202201,7호선,수락산,77273,75262,152535
202201,7호선,숭실대입구,57500,58957,116457
202201,7호선,신대방삼거리,83724,80282,164006
202201,7호선,신중동,6,0,6
202201,7호선,신풍,60129,56970,117099
202201,7호선,어린이대공원,71110,68582,139692
202201,7호선,온수,40702,40879,81581
202201,7호선,용마산,32587,34901,67488
202201,7호선,이수,88437,82479,170916
202201,7호선,장승배기,48792,47280,96072
202201,7호선,장암,10759,7338,18097
202201,7호선,중계,67817,62066,129883
202201,7호선,중곡,53330,51130,104460
202201,7호선,중화,56747,55634,112381
202201,7호선,천왕,51344,49532,100876
202201,7호선,철산,109654,110555,220209
202201,7호선,청담,71962,76817,148779
202201,7호선,춘의,2,0,2
202201,7호선,태릉입구,48264,44717,92981
202201,7호선,하계,90573,85800,176373
202201,7호선,학동,67307,70109,137416
202202,7호선,가산디지털단지,84107,76867,160974
202202,7호선,강남구청,55749,60576,116325
202202,7호선,건대입구,63695,64291,127986
202202,7호선,고속터미널,83644,61769,145413
202202,7호선,공릉,52926,53700,106626
202202,7호선,광명사거리,100788,100891,201679
202202,7호선,군자,64400,50670,115070
202202,7호선,굴포천,2,0,2
202202,7호선,까치울,2,0,2
202202,7호선,남구로,51068,51939,103007
202202,7호선,남성,45455,43905,89360
202202,7호선,내방,45715,46311,92026
202202,7호선,노원,95459,94490,189949
202202,7호선,논현,61306,66364,127670
202202,7호선,대림,44780,45011,89791
202202,7호선,도봉산,39329,54902,94231
202202,7호선,뚝섬유원지,38423,37197,75620
202202,7호선,마들,51358,49410,100768
202202,7호선,먹골,47210,46657,93867
202202,7호선,면목,67659,66374,134033
202202,7호선,반포,24922,24048,48970
202202,7호선,보라매,35911,34817,70728
202202,7호선,부평구청,3,0,3
202202,7호선,사가정,73741,72609,146350
202202,7호선,삼산체육관,3,0,3
202202,7호선,상도,43617,42278,85895
202202,7호선,상동,7,0,7
202202,7호선,상봉,78868,74461,153329
202202,7호선,수락산,62132,60520,122652
202202,7호선,숭실대입구,46721,49044,95765
202202,7호선,신대방삼거리,68121,65550,133671
202202,7호선,신중동,3,0,3
202202,7호선,신풍,48220,46054,94274
202202,7호선,어린이대공원,59306,59042,118348
202202,7호선,온수,32770,32359,65129
202202,7호선,용마산,26866,28864,55730
202202,7호선,이수,71520,66303,137823
202202,7호선,장승배기,39167,37981,77148
202202,7호선,장암,9330,6326,15656
202202,7호선,중계,54276,49892,104168
202202,7호선,중곡,43182,41913,85095
202202,7호선,중화,46681,45733,92414
202202,7호선,천왕,40392,39173,79565
202202,7호선,철산,86330,87024,173354
202202,7호선,청담,62807,67801,130608
202202,7호선,춘의,1,0,1
202202,7호선,태릉입구,39102,36591,75693
202202,7호선,하계,72512,68794,141306
202202,7호선,학동,59633,62953,122586
202203,7호선,가산디지털단지,84421,77590,162011
202203,7호선,강남구청,53965,58833,112798
202203,7호선,건대입구,63634,66619,130253
202203,7호선,고속터미널,83854,60789,144643
202203,7호선,공릉,53872,53946,107818
202203,7호선,광명사거리,99269,98525,197794
202203,7호선,군자,62722,48741,111463
202203,7호선,까치울,1,0,1
202203,7호선,남구로,49866,49957,99823
202203,7호선,남성,44166,42202,86368
202203,7호선,내방,44572,45319,89891
202203,7호선,노원,95473,95034,190507
202203,7호선,논현,59210,64149,123359
202203,7호선,대림,44395,44559,88954
202203,7호선,도봉산,37801,53199,91000
202203,7호선,뚝섬유원지,47575,45622,93197
202203,7호선,마들,50850,47723,98573
202203,7호선,먹골,48208,47295,95503
202203,7호선,면목,65713,63828,129541
202203,7호선,반포,24497,23797,48294
202203,7호선,보라매,36910,35780,72690
202203,7호선,부천시청,1,0,1
202203,7호선,부천종합운동장,1,0,1
202203,7호선,부평구청,2,0,2
202203,7호선,사가정,71059,69691,140750
202203,7호선,상도,44767,43184,87951
202203,7호선,상동,2,0,2
202203,7호선,상봉,75848,71356,147204
202203,7호선,수락산,60291,58706,118997
202203,7호선,숭실대입구,48239,49827,98066
202203,7호선,신대방삼거리,66539,63618,130157
202203,7호선,신중동,1,0,1
202203,7호선,신풍,47028,45065,92093
202203,7호선,어린이대공원,60942,60654,121596
202203,7호선,온수,31568,31859,63427
202203,7호선,용마산,25580,26979,52559
202203,7호선,이수,69306,64453,133759
202203,7호선,장승배기,37689,36684,74373
202203,7호선,장암,8874,5970,14844
202203,7호선,중계,53054,48386,101440
202203,7호선,중곡,41412,39818,81230
202203,7호선,중화,45474,44013,89487
202203,7호선,천왕,39698,37721,77419
202203,7호선,철산,83294,83745,167039
202203,7호선,청담,61655,66269,127924
202203,7호선,춘의,1,0,1
202203,7호선,태릉입구,38567,36094,74661
202203,7호선,하계,72833,68736,141569
202203,7호선,학동,58833,62014,120847
202204,7호선,가산디지털단지,117779,107374,225153
202204,7호선,강남구청,71663,79678,151341
202204,7호선,건대입구,87305,93660,180965
202204,7호선,고속터미널,125649,89157,214806
202204,7호선,공릉,73435,72057,145492
202204,7호선,광명사거리,135915,133868,269783
202204,7호선,군자,87353,65708,153061
202204,7호선,굴포천,1,0,1
202204,7호선,까치울,1,0,1
202204,7호선,남구로,66227,66809,133036
202204,7호선,남성,60662,56399,117061
202204,7호선,내방,58603,59187,117790
202204,7호선,노원,121730,125283,247013
202204,7호선,논현,78598,85273,163871
202204,7호선,대림,60741,61878,122619
202204,7호선,도봉산,58067,80622,138689
202204,7호선,뚝섬유원지,128874,125934,254808
202204,7호선,마들,70231,64474,134705
202204,7호선,먹골,60636,57435,118071
202204,7호선,면목,88771,84810,173581
202204,7호선,반포,33943,33199,67142
202204,7호선,보라매,53556,52308,105864
202204,7호선,부천시청,1,0,1
202204,7호선,사가정,98335,94761,193096
202204,7호선,삼산체육관,1,0,1
202204,7호선,상도,59653,56870,116523
202204,7호선,상동,2,0,2
202204,7호선,상봉,104794,99238,204032
202204,7호선,수락산,85719,83364,169083
202204,7호선,숭실대입구,69106,68940,138046
202204,7호선,신대방삼거리,90697,85723,176420
202204,7호선,신풍,64629,61061,125690
202204,7호선,어린이대공원,106735,110876,217611
202204,7호선,온수,44763,44822,89585
202204,7호선,용마산,37062,39560,76622
202204,7호선,이수,94122,88096,182218
202204,7호선,장승배기,50036,47990,98026
202204,7호선,장암,14797,10152,24949
202204,7호선,중계,74917,67209,142126
202204,7호선,중곡,56970,53513,110483
202204,7호선,중화,62292,59206,121498
202204,7호선,천왕,55090,52031,107121
202204,7호선,철산,117300,118300,235600
202204,7호선,청담,82293,89723,172016
202204,7호선,태릉입구,53948,50471,104419
202204,7호선,하계,101650,94198,195848
202204,7호선,학동,77406,81903,159309
202205,7호선,가산디지털단지,119984,110086,230070
202205,7호선,강남구청,72192,80400,152592
202205,7호선,건대입구,91720,101566,193286
202205,7호선,고속터미널,152040,99120,251160
202205,7호선,공릉,74912,74332,149244
202205,7호선,광명사거리,140252,138483,278735
202205,7호선,군자,91039,68834,159873
202205,7호선,굴포천,1,0,1
202205,7호선,까치울,1,0,1
202205,7호선,남구로,71231,71298,142529
202205,7호선,남성,62896,59607,122503
202205,7호선,내방,61502,62849,124351
202205,7호선,노원,129207,135346,264553
202205,7호선,논현,77630,84376,162006
202205,7호선,대림,72743,71790,144533
202205,7호선,도봉산,61154,83403,144557
202205,7호선,뚝섬유원지,125697,120970,246667
202205,7호선,마들,72898,67365,140263
202205,7호선,먹골,67096,61943,129039
202205,7호선,면목,90825,86697,177522
202205,7호선,반포,36222,35288,71510
202205,7호선,보라매,51509,50891,102400
202205,7호선,사가정,102421,98579,201000
202205,7호선,상도,63600,61286,124886
202205,7호선,상동,1,0,1
202205,7호선,상봉,111766,104403,216169
202205,7호선,수락산,90339,87180,177519
202205,7호선,숭실대입구,71343,72917,144260
202205,7호선,신대방삼거리,92512,88436,180948
202205,7호선,신중동,1,0,1
202205,7호선,신풍,68754,65579,134333
202205,7호선,어린이대공원,93498,94661,188159
202205,7호선,온수,45608,46227,91835
202205,7호선,용마산,38844,40715,79559
202205,7호선,이수,98655,93991,192646
202205,7호선,장승배기,53169,51068,104237
202205,7호선,장암,15987,10695,26682
202205,7호선,중계,78159,70990,149149
202205,7호선,중곡,59338,55460,114798
202205,7호선,중화,68998,64210,133208
202205,7호선,천왕,57487,54836,112323
202205,7호선,철산,124054,124823,248877
202205,7호선,청담,84643,91401,176044
202205,7호선,태릉입구,75905,75370,151275
202205,7호선,하계,105863,98774,204637
202205,7호선,학동,79641,84237,163878
202206,7호선,가산디지털단지,105888,96383,202271
202206,7호선,강남구청,65401,73173,138574
202206,7호선,건대입구,79880,85060,164940
202206,7호선,고속터미널,124612,89024,213636
202206,7호선,공릉,64073,62500,126573
202206,7호선,광명사거리,126520,124979,251499
202206,7호선,군자,79806,60255,140061
202206,7호선,남구로,63560,63717,127277
202206,7호선,남성,56670,52332,109002
202206,7호선,내방,55151,55489,110640
202206,7호선,노원,112866,117288,230154
202206,7호선,논현,66106,70426,136532
202206,7호선,대림,65284,65764,131048
202206,7호선,도봉산,51482,70366,121848
202206,7호선,뚝섬유원지,75438,70612,146050
202206,7호선,마들,64491,59288,123779
202206,7호선,먹골,54996,51918,106914
202206,7호선,면목,80462,75786,156248
202206,7호선,반포,32048,31011,63059
202206,7호선,보라매,40509,39485,79994
202206,7호선,사가정,89517,85984,175501
202206,7호선,상도,56327,52954,109281
202206,7호선,상봉,97610,91200,188810
202206,7호선,수락산,78010,76032,154042
202206,7호선,숭실대입구,61967,61867,123834
202206,7호선,신대방삼거리,79334,74397,153731
202206,7호선,신풍,62042,59038,121080
202206,7호선,어린이대공원,79048,78345,157393
202206,7호선,온수,41519,41210,82729
202206,7호선,용마산,32113,32912,65025
202206,7호선,이수,90626,85377,176003
202206,7호선,장승배기,47656,45547,93203
202206,7호선,장암,13552,9024,22576
202206,7호선,중계,68097,60815,128912
202206,7호선,중곡,52216,48295,100511
202206,7호선,중화,55212,52512,107724
202206,7호선,천왕,51685,48661,100346
202206,7호선,철산,111132,111582,222714
202206,7호선,청담,76196,83192,159388
202206,7호선,태릉입구,50592,46459,97051
202206,7호선,하계,90689,83687,174376
202206,7호선,학동,72753,77124,149877
202207,7호선,가산디지털단지,123341,111604,234945
202207,7호선,강남구청,72027,80196,152223
202207,7호선,건대입구,96999,101040,198039
202207,7호선,고속터미널,148264,101193,249457
202207,7호선,공릉,73433,72318,145751
202207,7호선,광명사거리,146157,145641,291798
202207,7호선,군자,94767,72356,167123
202207,7호선,남구로,76309,77511,153820
202207,7호선,남성,67106,62794,129900
202207,7호선,내방,66290,67532,133822
202207,7호선,노원,139954,144221,284175
202207,7호선,논현,77385,83520,160905
202207,7호선,대림,78035,79095,157130
202207,7호선,도봉산,58527,79461,137988
202207,7호선,뚝섬유원지,76702,71466,148168
202207,7호선,마들,75859,70366,146225
202207,7호선,먹골,65935,62867,128802
202207,7호선,면목,93112,88916,182028
202207,7호선,반포,38097,37562,75659
202207,7호선,보라매,45620,45056,90676
202207,7호선,사가정,103443,99832,203275
202207,7호선,상도,66841,62970,129811
202207,7호선,상봉,115342,108861,224203
202207,7호선,수락산,95033,94047,189080
202207,7호선,숭실대입구,69608,71047,140655
202207,7호선,신대방삼거리,92593,87482,180075
202207,7호선,신풍,73516,70000,143516
202207,7호선,어린이대공원,84609,81815,166424
202207,7호선,온수,48189,48058,96247
202207,7호선,용마산,37971,37974,75945
202207,7호선,이수,106387,101957,208344
202207,7호선,장승배기,56482,54309,110791
202207,7호선,장암,17725,12569,30294
202207,7호선,중계,79902,71990,151892
202207,7호선,중곡,60799,57064,117863
202207,7호선,중화,65695,62772,128467
202207,7호선,천왕,59759,57160,116919
202207,7호선,철산,130297,131078,261375
202207,7호선,청담,87826,96987,184813
202207,7호선,태릉입구,58410,53558,111968
202207,7호선,하계,108140,100550,208690
202207,7호선,학동,82072,86291,168363
202208,7호선,가산디지털단지,92512,83313,175825
202208,7호선,강남구청,59035,65709,124744
202208,7호선,건대입구,74453,78293,152746
202208,7호선,고속터미널,111760,78468,190228
202208,7호선,공릉,57444,56037,113481
202208,7호선,광명사거리,114644,114165,228809
202208,7호선,군자,73647,55940,129587
202208,7호선,까치울,1,0,1
202208,7호선,남구로,59926,60708,120634
202208,7호선,남성,52228,48693,100921
202208,7호선,내방,51018,51705,102723
202208,7호선,노원,107314,111308,218622
202208,7호선,논현,60810,65227,126037
202208,7호선,대림,59219,60025,119244
202208,7호선,도봉산,45050,61275,106325
202208,7호선,뚝섬유원지,71218,65964,137182
202208,7호선,마들,60966,55764,116730
202208,7호선,먹골,51039,48842,99881
202208,7호선,면목,73963,70196,144159
202208,7호선,반포,29916,29699,59615
202208,7호선,보라매,35964,34809,70773
202208,7호선,부평구청,1,0,1
202208,7호선,사가정,81265,77924,159189
202208,7호선,상도,52277,48724,101001
202208,7호선,상동,1,0,1
202208,7호선,상봉,89666,84647,174313
202208,7호선,수락산,73951,72524,146475
202208,7호선,숭실대입구,53889,54298,108187
202208,7호선,신대방삼거리,71930,67735,139665
202208,7호선,신풍,56024,53106,109130
202208,7호선,어린이대공원,76304,74689,150993
202208,7호선,온수,37645,37313,74958
202208,7호선,용마산,29753,30178,59931
202208,7호선,이수,78788,74498,153286
202208,7호선,장승배기,44170,42501,86671
202208,7호선,장암,13265,9590,22855
202208,7호선,중계,62677,56172,118849
202208,7호선,중곡,47681,44608,92289
202208,7호선,중화,51270,48849,100119
202208,7호선,천왕,46490,44220,90710
202208,7호선,철산,102023,102409,204432
202208,7호선,청담,70200,76243,146443
202208,7호선,태릉입구,45338,42194,87532
202208,7호선,하계,84027,77850,161877
202208,7호선,학동,65657,69152,134809
202209,7호선,가산디지털단지,96842,87321,184163
202209,7호선,강남구청,58681,65388,124069
202209,7호선,건대입구,73790,80276,154066
202209,7호선,고속터미널,120994,78688,199682
202209,7호선,공릉,58573,58529,117102
202209,7호선,광명사거리,113204,111904,225108
202209,7호선,군자,73267,55769,129036
202209,7호선,굴포천,1,0,1
202209,7호선,까치울,1,0,1
202209,7호선,남구로,61353,62003,123356
202209,7호선,남성,51649,49048,100697
202209,7호선,내방,49488,49469,98957
202209,7호선,노원,103161,107002,210163
202209,7호선,논현,58128,62347,120475
202209,7호선,대림,64560,65018,129578
202209,7호선,도봉산,47789,64169,111958
202209,7호선,뚝섬유원지,89979,85782,175761
202209,7호선,마들,59877,55409,115286
202209,7호선,먹골,50896,48525,99421
202209,7호선,면목,73559,70786,144345
202209,7호선,반포,28930,29533,58463
202209,7호선,보라매,35124,35143,70267
202209,7호선,사가정,81656,78562,160218
202209,7호선,상도,53846,51587,105433
202209,7호선,상봉,89019,84877,173896
202209,7호선,수락산,71519,69577,141096
202209,7호선,숭실대입구,58276,59182,117458
202209,7호선,신대방삼거리,69661,66991,136652
202209,7호선,신중동,1,0,1
202209,7호선,신풍,56671,53231,109902
202209,7호선,어린이대공원,82886,84032,166918
202209,7호선,온수,36953,37282,74235
202209,7호선,용마산,30334,32013,62347
202209,7호선,이수,78294,72985,151279
202209,7호선,장승배기,42886,41652,84538
202209,7호선,장암,12734,8383,21117
202209,7호선,중계,63733,57583,121316
202209,7호선,중곡,48437,45597,94034
202209,7호선,중화,50857,48685,99542
202209,7호선,천왕,47280,44796,92076
202209,7호선,철산,102125,103104,205229
202209,7호선,청담,69699,74980,144679
202209,7호선,태릉입구,46119,43334,89453
202209,7호선,하계,84954,78476,163430
202209,7호선,학동,65585,69634,135219
202210,7호선,가산디지털단지,144092,129923,274015
202210,7호선,강남구청,89624,100864,190488
202210,7호선,건대입구,101072,107376,208448
202210,7호선,고속터미널,166773,115748,282521
202210,7호선,공릉,83895,82077,165972
202210,7호선,광명사거리,157660,155247,312907
202210,7호선,군자,103506,77323,180829
202210,7호선,까치울,1,0,1
202210,7호선,남구로,81919,83112,165031
202210,7호선,남성,73876,68568,142444
202210,7호선,내방,70242,70185,140427
202210,7호선,노원,147950,152301,300251
202210,7호선,논현,84417,89779,174196
202210,7호선,대림,84689,84855,169544
202210,7호선,도봉산,70307,96450,166757
202210,7호선,뚝섬유원지,98234,93107,191341
202210,7호선,마들,84151,76628,160779
202210,7호선,먹골,71090,67826,138916
202210,7호선,면목,105075,99076,204151
202210,7호선,반포,42049,41062,83111
202210,7호선,보라매,51865,50908,102773
202210,7호선,사가정,115385,110234,225619
202210,7호선,상도,77236,71044,148280
202210,7호선,상봉,126222,119358,245580
202210,7호선,수락산,99387,96743,196130
202210,7호선,숭실대입구,84714,82848,167562
202210,7호선,신대방삼거리,100910,94601,195511
202210,7호선,신풍,80212,75827,156039
202210,7호선,어린이대공원,114492,113439,227931
202210,7호선,온수,53046,52635,105681
202210,7호선,용마산,43095,45557,88652
202210,7호선,이수,112120,103153,215273
202210,7호선,장승배기,61163,58276,119439
202210,7호선,장암,17012,11858,28870
202210,7호선,중계,91283,81700,172983
202210,7호선,중곡,68276,62720,130996
202210,7호선,중화,72520,68170,140690
202210,7호선,천왕,66582,62773,129355
202210,7호선,철산,146346,147301,293647
202210,7호선,청담,102854,111043,213897
202210,7호선,태릉입구,65197,60323,125520
202210,7호선,하계,125388,116649,242037
202210,7호선,학동,99540,105459,204999
202211,7호선,가산디지털단지,113985,102922,216907
202211,7호선,강남구청,70575,78782,149357
202211,7호선,건대입구,88680,94662,183342
202211,7호선,고속터미널,139376,94758,234134
202211,7호선,공릉,67081,66107,133188
202211,7호선,광명사거리,121708,120929,242637
202211,7호선,군자,82445,61313,143758
202211,7호선,남구로,64376,65667,130043
202211,7호선,남성,57051,54126,111177
202211,7호선,내방,56494,56702,113196
202211,7호선,노원,113067,115483,228550
202211,7호선,논현,66674,70389,137063
202211,7호선,대림,66883,67180,134063
202211,7호선,도봉산,52306,70466,122772
202211,7호선,뚝섬유원지,56799,53133,109932
202211,7호선,마들,64593,59037,123630
202211,7호선,먹골,55174,52945,108119
202211,7호선,면목,80401,76963,157364
202211,7호선,반포,33570,32659,66229
202211,7호선,보라매,40469,40792,81261
202211,7호선,사가정,89789,86484,176273
202211,7호선,상도,64687,61992,126679
202211,7호선,상봉,98143,92830,190973
202211,7호선,수락산,76709,75067,151776
202211,7호선,숭실대입구,68964,68381,137345
202211,7호선,신대방삼거리,78357,74596,152953
202211,7호선,신풍,62339,58692,121031
202211,7호선,어린이대공원,91968,89732,181700
202211,7호선,온수,41238,41406,82644
202211,7호선,용마산,33055,34769,67824
202211,7호선,이수,90665,84529,175194
202211,7호선,장승배기,47995,46881,94876
202211,7호선,장암,12969,8692,21661
202211,7호선,중계,71723,63980,135703
202211,7호선,중곡,52548,49320,101868
202211,7호선,중화,57661,55561,113222
202211,7호선,천왕,52356,49876,102232
202211,7호선,철산,113917,113831,227748
202211,7호선,청담,81913,89786,171699
202211,7호선,태릉입구,52107,48110,100217
202211,7호선,하계,93785,87985,181770
202211,7호선,학동,80454,85273,165727
202212,7호선,가산디지털단지,123942,110569,234511
202212,7호선,강남구청,73930,81755,155685
202212,7호선,건대입구,94749,100134,194883
202212,7호선,고속터미널,139959,99934,239893
202212,7호선,공릉,71626,70455,142081
202212,7호선,광명사거리,135998,134442,270440
202212,7호선,군자,91679,69072,160751
202212,7호선,남구로,71405,71729,143134
202212,7호선,남성,63336,58945,122281
202212,7호선,내방,61581,62619,124200
202212,7호선,노원,133007,136204,269211
202212,7호선,논현,71151,75566,146717
202212,7호선,대림,76092,76961,153053
202212,7호선,도봉산,50171,66685,116856
202212,7호선,뚝섬유원지,50552,48837,99389
202212,7호선,마들,72223,65351,137574
202212,7호선,먹골,62756,60012,122768
202212,7호선,면목,88727,84482,173209
202212,7호선,반포,35763,34885,70648
202212,7호선,보라매,41640,41594,83234
202212,7호선,사가정,99549,96725,196274
202212,7호선,상도,64038,60555,124593
202212,7호선,상봉,111447,105646,217093
202212,7호선,수락산,82439,79985,162424
202212,7호선,숭실대입구,69401,68147,137548
202212,7호선,신대방삼거리,85984,80837,166821
202212,7호선,신풍,67644,63930,131574
202212,7호선,어린이대공원,85451,82353,167804
202212,7호선,온수,44865,43865,88730
202212,7호선,용마산,34110,34063,68173
202212,7호선,이수,102084,94391,196475
202212,7호선,장승배기,52272,50418,102690
202212,7호선,장암,12827,8222,21049
202212,7호선,중계,76039,67959,143998
202212,7호선,중곡,58245,54910,113155
202212,7호선,중화,62550,59456,122006
202212,7호선,천왕,56442,53066,109508
202212,7호선,철산,127457,129012,256469
202212,7호선,청담,84039,93114,177153
202212,7호선,태릉입구,55762,51646,107408
202212,7호선,하계,102829,95373,198202
202212,7호선,학동,82032,87508,169540
202201,8호선,가락시장,39165,43404,82569
202201,8호선,강동구청,46701,48028,94729
202201,8호선,남위례,19929,21667,41596
202201,8호선,남한산성입구,69483,63796,133279
202201,8호선,단대오거리,57475,55375,112850
202201,8호선,모란,31902,26770,58672
202201,8호선,몽촌토성,32013,31583,63596
202201,8호선,문정,57260,58864,116124
202201,8호선,복정,45764,40589,86353
202201,8호선,산성,30932,31250,62182
202201,8호선,석촌,44274,54016,98290
202201,8호선,송파,36707,38276,74983
202201,8호선,수진,32363,29495,61858
202201,8호선,신흥,27283,29583,56866
202201,8호선,암사,93367,87592,180959
202201,8호선,잠실,103246,116026,219272
202201,8호선,장지,92279,90393,182672
202201,8호선,천호,91907,106244,198151
202202,8호선,가락시장,29878,32774,62652
202202,8호선,강동구청,37513,38433,75946
202202,8호선,남위례,16892,17836,34728
202202,8호선,남한산성입구,55143,50577,105720
202202,8호선,단대오거리,45795,44613,90408
202202,8호선,모란,23741,20014,43755
202202,8호선,몽촌토성,26477,26002,52479
202202,8호선,문정,50158,51963,102121
202202,8호선,복정,37727,33222,70949
202202,8호선,산성,24465,24897,49362
202202,8호선,석촌,35151,42545,77696
202202,8호선,송파,29534,30827,60361
202202,8호선,수진,25760,23616,49376
202202,8호선,신흥,21623,23466,45089
202202,8호선,암사,73790,69409,143199
202202,8호선,잠실,76434,86263,162697
202202,8호선,장지,73293,72076,145369
202202,8호선,천호,73432,85306,158738
202203,8호선,가락시장,29130,32430,61560
202203,8호선,강동구청,36050,36801,72851
202203,8호선,남위례,17269,18412,35681
202203,8호선,남한산성입구,53923,49229,103152
202203,8호선,단대오거리,44399,43056,87455
202203,8호선,모란,22010,18762,40772
202203,8호선,몽촌토성,26159,25578,51737
202203,8호선,문정,49382,50231,99613
202203,8호선,복정,36314,32237,68551
202203,8호선,산성,23617,23927,47544
202203,8호선,석촌,34941,42530,77471
202203,8호선,송파,28897,29760,58657
202203,8호선,수진,24937,22564,47501
202203,8호선,신흥,20590,22124,42714
202203,8호선,암사,71596,66625,138221
202203,8호선,잠실,76305,86062,162367
202203,8호선,장지,72187,70737,142924
202203,8호선,천호,71390,83377,154767
202204,8호선,가락시장,40378,44957,85335
202204,8호선,강동구청,49188,49123,98311
202204,8호선,남위례,26865,27940,54805
202204,8호선,남한산성입구,76311,68112,144423
202204,8호선,단대오거리,63145,59203,122348
202204,8호선,모란,35636,31331,66967
202204,8호선,몽촌토성,42459,41181,83640
202204,8호선,문정,67521,68797,136318
202204,8호선,복정,51451,44935,96386
202204,8호선,산성,34860,35432,70292
202204,8호선,석촌,54908,74399,129307
202204,8호선,송파,44382,43615,87997
202204,8호선,수진,34146,30363,64509
202204,8호선,신흥,28221,29932,58153
202204,8호선,암사,99294,91155,190449
202204,8호선,잠실,127832,145263,273095
202204,8호선,장지,98045,93539,191584
202204,8호선,천호,96374,112368,208742
202205,8호선,가락시장,39421,44246,83667
202205,8호선,강동구청,50754,50842,101596
202205,8호선,남위례,29330,30051,59381
202205,8호선,남한산성입구,77914,71141,149055
202205,8호선,단대오거리,64411,61134,125545
202205,8호선,모란,35020,30482,65502
202205,8호선,몽촌토성,40264,40168,80432
202205,8호선,문정,66155,67969,134124
202205,8호선,복정,54240,48040,102280
202205,8호선,산성,36196,36562,72758
202205,8호선,석촌,47337,58956,106293
202205,8호선,송파,47255,46157,93412
202205,8호선,수진,34362,30885,65247
202205,8호선,신흥,29563,31711,61274
202205,8호선,암사,102295,94084,196379
202205,8호선,잠실,108321,127502,235823
202205,8호선,장지,100864,96260,197124
202205,8호선,천호,97667,114738,212405
202206,8호선,가락시장,35286,39586,74872
202206,8호선,강동구청,45163,44996,90159
202206,8호선,남위례,26668,27721,54389
202206,8호선,남한산성입구,69262,61425,130687
202206,8호선,단대오거리,56671,53009,109680
202206,8호선,모란,31335,27067,58402
202206,8호선,몽촌토성,33302,34371,67673
202206,8호선,문정,59962,61352,121314
202206,8호선,복정,48644,41640,90284
202206,8호선,산성,31584,31921,63505
202206,8호선,석촌,40976,50874,91850
202206,8호선,송파,41809,40287,82096
202206,8호선,수진,31423,28381,59804
202206,8호선,신흥,25925,27908,53833
202206,8호선,암사,90234,81471,171705
202206,8호선,잠실,97420,113858,211278
202206,8호선,장지,87726,83697,171423
202206,8호선,천호,87047,100986,188033
202207,8호선,가락시장,41485,46491,87976
202207,8호선,강동구청,53837,54640,108477
202207,8호선,남위례,30067,30947,61014
202207,8호선,남한산성입구,79980,71508,151488
202207,8호선,단대오거리,65027,62412,127439
202207,8호선,모란,34998,30442,65440
202207,8호선,몽촌토성,36767,36959,73726
202207,8호선,문정,67979,68689,136668
202207,8호선,복정,54710,47764,102474
202207,8호선,산성,35442,35938,71380
202207,8호선,석촌,49640,60058,109698
202207,8호선,송파,53255,52441,105696
202207,8호선,수진,37328,33489,70817
202207,8호선,신흥,32220,34562,66782
202207,8호선,암사,107041,98516,205557
202207,8호선,잠실,128579,147152,275731
202207,8호선,장지,108381,104648,213029
202207,8호선,천호,103312,120199,223511
202208,8호선,가락시장,31904,36119,68023
202208,8호선,강동구청,41611,42004,83615
202208,8호선,남위례,24665,25224,49889
202208,8호선,남한산성입구,62007,55066,117073
202208,8호선,단대오거리,51457,48776,100233
202208,8호선,모란,26711,23218,49929
202208,8호선,몽촌토성,30377,29875,60252
202208,8호선,문정,52855,53462,106317
202208,8호선,복정,42234,37235,79469
202208,8호선,산성,27484,27712,55196
202208,8호선,석촌,38127,46972,85099
202208,8호선,송파,41692,40403,82095
202208,8호선,수진,29379,25888,55267
202208,8호선,신흥,25149,26912,52061
202208,8호선,암사,84358,76879,161237
202208,8호선,잠실,97371,112140,209511
202208,8호선,장지,82284,78683,160967
202208,8호선,천호,80443,93411,173854
202209,8호선,가락시장,32441,36611,69052
202209,8호선,강동구청,40925,40898,81823
202209,8호선,남위례,26354,26840,53194
202209,8호선,남한산성입구,63128,56317,119445
202209,8호선,단대오거리,51173,48707,99880
202209,8호선,모란,28156,24983,53139
202209,8호선,몽촌토성,38707,39354,78061
202209,8호선,문정,54181,55378,109559
202209,8호선,복정,43152,37253,80405
202209,8호선,산성,28212,28389,56601
202209,8호선,석촌,36487,46215,82702
202209,8호선,송파,38777,37905,76682
202209,8호선,수진,27896,25015,52911
202209,8호선,신흥,24088,25507,49595
202209,8호선,암사,83601,77050,160651
202209,8호선,잠실,91316,106729,198045
202209,8호선,장지,80842,76951,157793
202209,8호선,천호,77374,89458,166832
202210,8호선,가락시장,49165,55187,104352
202210,8호선,강동구청,59376,59126,118502
202210,8호선,남위례,39792,40860,80652
202210,8호선,남한산성입구,89833,79159,168992
202210,8호선,단대오거리,73695,68956,142651
202210,8호선,모란,37842,33732,71574
202210,8호선,몽촌토성,59876,61907,121783
202210,8호선,문정,82191,83025,165216
202210,8호선,복정,62967,54162,117129
202210,8호선,산성,41929,42045,83974
202210,8호선,석촌,54838,71140,125978
202210,8호선,송파,56232,54991,111223
202210,8호선,수진,39545,35390,74935
202210,8호선,신흥,35154,36843,71997
202210,8호선,암사,121184,111879,233063
202210,8호선,잠실,140982,163042,304024
202210,8호선,장지,117751,110601,228352
202210,8호선,천호,112004,129239,241243
202211,8호선,가락시장,39003,43674,82677
202211,8호선,강동구청,45755,45523,91278
202211,8호선,남위례,30794,31459,62253
202211,8호선,남한산성입구,68597,61189,129786
202211,8호선,단대오거리,55211,52234,107445
202211,8호선,모란,28622,24775,53397
202211,8호선,몽촌토성,37339,38417,75756
202211,8호선,문정,63554,65354,128908
202211,8호선,복정,47933,41714,89647
202211,8호선,산성,31501,32067,63568
202211,8호선,석촌,42710,53655,96365
202211,8호선,송파,45050,43899,88949
202211,8호선,수진,31025,28329,59354
202211,8호선,신흥,29001,30192,59193
202211,8호선,암사,91110,83660,174770
202211,8호선,잠실,106696,121950,228646
202211,8호선,장지,93108,87594,180702
202211,8호선,천호,88724,102082,190806
202212,8호선,가락시장,46742,52089,98831
202212,8호선,강동구청,52542,52859,105401
202212,8호선,남위례,32942,33716,66658
202212,8호선,남한산성입구,74310,65497,139807
202212,8호선,단대오거리,66101,62484,128585
202212,8호선,모란,33316,28441,61757
202212,8호선,몽촌토성,38410,39365,77775
202212,8호선,문정,67176,68050,135226
202212,8호선,복정,50858,43667,94525
202212,8호선,산성,32206,31614,63820
202212,8호선,석촌,49851,61834,111685
202212,8호선,송파,51508,50680,102188
202212,8호선,수진,35746,32132,67878
202212,8호선,신흥,34572,36421,70993
202212,8호선,암사,102256,93443,195699
202212,8호선,잠실,143536,161057,304593
202212,8호선,장지,105686,100436,206122
202212,8호선,천호,100431,117939,218370
202201,9호선,가양,102928,99277,202205
202201,9호선,개화,9785,8873,18658
202201,9호선,고속터미널,88338,135238,223576
202201,9호선,공항시장,17910,19206,37116
202201,9호선,구반포,6668,6768,13436
202201,9호선,국회의사당,38288,36871,75159
202201,9호선,김포공항,68163,108585,176748
202201,9호선,노들,24635,21289,45924
202201,9호선,노량진,157074,158072,315146
202201,9호선,당산,91098,86794,177892
202201,9호선,동작,12157,9692,21849
202201,9호선,둔촌오륜,4554,4665,9219
202201,9호선,등촌,54603,54211,108814
202201,9호선,마곡나루,56370,55072,111442
202201,9호선,봉은사,79736,82425,162161
202201,9호선,사평,16238,16056,32294
202201,9호선,삼성중앙,20781,21579,42360
202201,9호선,삼전,37496,35591,73087
202201,9호선,샛강,17332,17606,34938
202201,9호선,석촌,48129,40862,88991
202201,9호선,석촌고분,31771,31116,62887
202201,9호선,선유도,27893,26992,54885
202201,9호선,선정릉,31034,33948,64982
202201,9호선,송파나루,32227,34495,66722
202201,9호선,신논현,181118,174025,355143
202201,9호선,신목동,16987,14917,31904
202201,9호선,신반포,17117,16711,33828
202201,9호선,신방화,35292,34435,69727
202201,9호선,양천향교,42688,42798,85486
202201,9호선,언주,40560,40480,81040
202201,9호선,여의도,88148,81044,169192
202201,9호선,염창,86136,82453,168589
202201,9호선,올림픽공원,43845,43095,86940
202201,9호선,종합운동장,22169,20580,42749
202201,9호선,중앙보훈병원,32983,31767,64750
202201,9호선,증미,30600,30419,61019
202201,9호선,한성백제,13061,11446,24507
202201,9호선,흑석,41536,41787,83323
202202,9호선,가양,82160,79596,161756
202202,9호선,개화,7666,7126,14792
202202,9호선,고속터미널,68912,97728,166640
202202,9호선,공항시장,14389,15514,29903
202202,9호선,구반포,5516,5851,11367
202202,9호선,국회의사당,33648,33458,67106
202202,9호선,김포공항,52516,83132,135648
202202,9호선,노들,19752,17424,37176
202202,9호선,노량진,123347,125003,248350
202202,9호선,당산,75205,72380,147585
202202,9호선,동작,12895,9593,22488
202202,9호선,둔촌오륜,3590,3698,7288
202202,9호선,등촌,43546,43467,87013
202202,9호선,마곡나루,48483,47592,96075
202202,9호선,봉은사,69812,72661,142473
202202,9호선,사평,13266,13231,26497
202202,9호선,삼성중앙,17746,18770,36516
202202,9호선,삼전,30819,29587,60406
202202,9호선,샛강,14027,14345,28372
202202,9호선,석촌,38995,33836,72831
202202,9호선,석촌고분,26029,25776,51805
202202,9호선,선유도,22884,22524,45408
202202,9호선,선정릉,26012,29087,55099
202202,9호선,송파나루,26154,27547,53701
202202,9호선,신논현,145946,141846,287792
202202,9호선,신목동,13456,11944,25400
202202,9호선,신반포,14456,14417,28873
202202,9호선,신방화,28313,27938,56251
202202,9호선,양천향교,34384,35029,69413
202202,9호선,언주,35724,35893,71617
202202,9호선,여의도,74465,67930,142395
202202,9호선,염창,69417,67091,136508
202202,9호선,올림픽공원,33285,32880,66165
202202,9호선,종합운동장,18075,16565,34640
202202,9호선,중앙보훈병원,27585,26195,53780
202202,9호선,증미,23796,23596,47392
202202,9호선,한성백제,11090,9773,20863
202202,9호선,흑석,31839,32799,64638
202203,9호선,가양,80070,77081,157151
202203,9호선,개화,8028,7493,15521
202203,9호선,고속터미널,71392,100395,171787
202203,9호선,공항시장,14022,14731,28753
202203,9호선,구반포,5301,5240,10541
202203,9호선,국회의사당,30436,30145,60581
202203,9호선,김포공항,49991,77050,127041
202203,9호선,노들,19764,17058,36822
202203,9호선,노량진,120910,120484,241394
202203,9호선,당산,73540,69645,143185
202203,9호선,동작,12522,9706,22228
202203,9호선,둔촌오륜,3777,3916,7693
202203,9호선,등촌,42032,40972,83004
202203,9호선,마곡나루,47469,46294,93763
202203,9호선,봉은사,67114,70173,137287
202203,9호선,사평,12597,12362,24959
202203,9호선,삼성중앙,17293,17970,35263
202203,9호선,삼전,29591,28201,57792
202203,9호선,샛강,14171,14190,28361
202203,9호선,석촌,38454,32798,71252
202203,9호선,석촌고분,25058,24204,49262
202203,9호선,선유도,22459,21315,43774
202203,9호선,선정릉,25995,29266,55261
202203,9호선,송파나루,25530,27438,52968
202203,9호선,신논현,142092,138405,280497
202203,9호선,신목동,13190,11572,24762
202203,9호선,신반포,14684,14739,29423
202203,9호선,신방화,27483,26643,54126
202203,9호선,양천향교,34242,34162,68404
202203,9호선,언주,33322,33556,66878
202203,9호선,여의도,77020,70604,147624
202203,9호선,염창,68087,65261,133348
202203,9호선,올림픽공원,34049,33743,67792
202203,9호선,종합운동장,18748,17173,35921
202203,9호선,중앙보훈병원,26150,24743,50893
202203,9호선,증미,22924,22576,45500
202203,9호선,한성백제,10566,9386,19952
202203,9호선,흑석,33870,34622,68492
202204,9호선,가양,114275,108267,222542
202204,9호선,개화,12345,10997,23342
202204,9호선,고속터미널,115391,158731,274122
202204,9호선,공항시장,19155,20106,39261
202204,9호선,구반포,8472,8674,17146
202204,9호선,국회의사당,94519,89857,184376
202204,9호선,김포공항,68250,105586,173836
202204,9호선,노들,29470,25203,54673
202204,9호선,노량진,171234,171102,342336
202204,9호선,당산,107576,100548,208124
202204,9호선,동작,21420,17491,38911
202204,9호선,둔촌오륜,5753,5959,11712
202204,9호선,등촌,58058,56041,114099
202204,9호선,마곡나루,67230,66286,133516
202204,9호선,봉은사,84675,88230,172905
202204,9호선,사평,18116,17131,35247
202204,9호선,삼성중앙,23287,23939,47226
202204,9호선,삼전,39738,36599,76337
202204,9호선,샛강,23796,22789,46585
202204,9호선,석촌,63178,57395,120573
202204,9호선,석촌고분,36056,34719,70775
202204,9호선,선유도,37028,36211,73239
202204,9호선,선정릉,36109,40699,76808
202204,9호선,송파나루,41280,41464,82744
202204,9호선,신논현,195909,190920,386829
202204,9호선,신목동,20938,18148,39086
202204,9호선,신반포,24162,24802,48964
202204,9호선,신방화,37655,35810,73465
202204,9호선,양천향교,47246,45917,93163
202204,9호선,언주,45770,45862,91632
202204,9호선,여의도,127318,119396,246714
202204,9호선,염창,98111,91197,189308
202204,9호선,올림픽공원,56093,58646,114739
202204,9호선,종합운동장,30443,27504,57947
202204,9호선,중앙보훈병원,37926,35707,73633
202204,9호선,증미,31685,30213,61898
202204,9호선,한성백제,17524,14546,32070
202204,9호선,흑석,47067,46951,94018
202205,9호선,가양,119295,115096,234391
202205,9호선,개화,12798,11318,24116
202205,9호선,고속터미널,135452,187833,323285
202205,9호선,공항시장,18873,20315,39188
202205,9호선,구반포,7392,8141,15533
202205,9호선,국회의사당,48876,46679,95555
202205,9호선,김포공항,74217,111480,185697
202205,9호선,노들,31153,27074,58227
202205,9호선,노량진,172966,172734,345700
202205,9호선,당산,110062,108011,218073
202205,9호선,동작,17415,14532,31947
202205,9호선,둔촌오륜,5719,5700,11419
202205,9호선,등촌,58185,56869,115054
202205,9호선,마곡나루,67984,67643,135627
202205,9호선,봉은사,108154,112874,221028
202205,9호선,사평,19262,18362,37624
202205,9호선,삼성중앙,24196,24857,49053
202205,9호선,삼전,40141,37895,78036
202205,9호선,샛강,23124,21591,44715
202205,9호선,석촌,57292,48463,105755
202205,9호선,석촌고분,36083,34550,70633
202205,9호선,선유도,35842,34741,70583
202205,9호선,선정릉,37381,41636,79017
202205,9호선,송파나루,34796,37651,72447
202205,9호선,신논현,200104,193955,394059
202205,9호선,신목동,21258,18313,39571
202205,9호선,신반포,26748,28538,55286
202205,9호선,신방화,38732,36862,75594
202205,9호선,양천향교,48157,47632,95789
202205,9호선,언주,47226,47343,94569
202205,9호선,여의도,109312,102891,212203
202205,9호선,염창,99343,94093,193436
202205,9호선,올림픽공원,75434,74600,150034
202205,9호선,종합운동장,34705,30581,65286
202205,9호선,중앙보훈병원,41778,39291,81069
202205,9호선,증미,31929,30713,62642
202205,9호선,한성백제,17780,15672,33452
202205,9호선,흑석,49450,49572,99022
202206,9호선,가양,107574,102393,209967
202206,9호선,개화,10906,9494,20400
202206,9호선,고속터미널,111599,159422,271021
202206,9호선,공항시장,17163,18022,35185
202206,9호선,구반포,6351,6578,12929
202206,9호선,국회의사당,41502,41179,82681
202206,9호선,김포공항,65454,97680,163134
202206,9호선,노들,27447,23427,50874
202206,9호선,노량진,149575,150608,300183
202206,9호선,당산,96458,91257,187715
202206,9호선,동작,18317,16754,35071
202206,9호선,둔촌오륜,4997,5051,10048
202206,9호선,등촌,53112,50718,103830
202206,9호선,마곡나루,59967,60266,120233
202206,9호선,봉은사,98591,105188,203779
202206,9호선,사평,17696,16579,34275
202206,9호선,삼성중앙,22388,23002,45390
202206,9호선,삼전,36590,33934,70524
202206,9호선,샛강,21151,19559,40710
202206,9호선,석촌,51251,42488,93739
202206,9호선,석촌고분,32332,30241,62573
202206,9호선,선유도,30052,28103,58155
202206,9호선,선정릉,33556,37863,71419
202206,9호선,송파나루,30406,33855,64261
202206,9호선,신논현,171058,170208,341266
202206,9호선,신목동,19067,15945,35012
202206,9호선,신반포,22071,22569,44640
202206,9호선,신방화,35119,33245,68364
202206,9호선,양천향교,43090,41295,84385
202206,9호선,언주,43388,43483,86871
202206,9호선,여의도,95386,89228,184614
202206,9호선,염창,90431,84275,174706
202206,9호선,올림픽공원,71802,69196,140998
202206,9호선,종합운동장,27361,26162,53523
202206,9호선,중앙보훈병원,38089,35787,73876
202206,9호선,증미,28878,27409,56287
202206,9호선,한성백제,15788,14792,30580
202206,9호선,흑석,42281,42592,84873
202207,9호선,가양,128978,123094,252072
202207,9호선,개화,12229,10745,22974
202207,9호선,고속터미널,133719,192773,326492
202207,9호선,공항시장,20748,22055,42803
202207,9호선,구반포,6428,6616,13044
202207,9호선,국회의사당,47095,46099,93194
202207,9호선,김포공항,81805,118422,200227
202207,9호선,노들,31091,26212,57303
202207,9호선,노량진,177847,179815,357662
202207,9호선,당산,113971,109664,223635
202207,9호선,동작,14145,12274,26419
202207,9호선,둔촌오륜,6152,6158,12310
202207,9호선,등촌,62794,61391,124185
202207,9호선,마곡나루,66544,66816,133360
202207,9호선,봉은사,146651,156104,302755
202207,9호선,사평,21655,21200,42855
202207,9호선,삼성중앙,28153,28989,57142
202207,9호선,삼전,44646,42260,86906
202207,9호선,샛강,24016,23102,47118
202207,9호선,석촌,59230,49410,108640
202207,9호선,석촌고분,39177,38013,77190
202207,9호선,선유도,33727,32110,65837
202207,9호선,선정릉,38265,43129,81394
202207,9호선,송파나루,38576,42285,80861
202207,9호선,신논현,211921,210393,422314
202207,9호선,신목동,21638,18614,40252
202207,9호선,신반포,24819,25291,50110
202207,9호선,신방화,42642,40994,83636
202207,9호선,양천향교,51290,50745,102035
202207,9호선,언주,51294,50787,102081
202207,9호선,여의도,118677,109834,228511
202207,9호선,염창,104532,99015,203547
202207,9호선,올림픽공원,60207,61530,121737
202207,9호선,종합운동장,37049,34352,71401
202207,9호선,중앙보훈병원,44496,41719,86215
202207,9호선,증미,35315,34256,69571
202207,9호선,한성백제,17024,14950,31974
202207,9호선,흑석,49914,50463,100377
202208,9호선,가양,101128,97040,198168
202208,9호선,개화,9839,8655,18494
202208,9호선,고속터미널,107666,151041,258707
202208,9호선,공항시장,16112,17246,33358
202208,9호선,구반포,5048,5123,10171
202208,9호선,국회의사당,36570,36021,72591
202208,9호선,김포공항,60763,90934,151697
202208,9호선,노들,25398,21508,46906
202208,9호선,노량진,139869,141128,280997
202208,9호선,당산,91396,88138,179534
202208,9호선,동작,10588,8972,19560
202208,9호선,둔촌오륜,4714,4793,9507
202208,9호선,등촌,49252,47850,97102
202208,9호선,마곡나루,53576,53184,106760
202208,9호선,봉은사,99005,103272,202277
202208,9호선,사평,17030,16145,33175
202208,9호선,삼성중앙,21508,22244,43752
202208,9호선,삼전,34533,32061,66594
202208,9호선,샛강,18878,18287,37165
202208,9호선,석촌,47140,38987,86127
202208,9호선,석촌고분,30634,29443,60077
202208,9호선,선유도,26557,24761,51318
202208,9호선,선정릉,30262,34044,64306
202208,9호선,송파나루,29121,32506,61627
202208,9호선,신논현,159278,157755,317033
202208,9호선,신목동,16956,14423,31379
202208,9호선,신반포,24051,26786,50837
202208,9호선,신방화,32954,31779,64733
202208,9호선,양천향교,39488,38853,78341
202208,9호선,언주,39429,39293,78722
202208,9호선,여의도,94211,86580,180791
202208,9호선,염창,81754,76199,157953
202208,9호선,올림픽공원,70829,70128,140957
202208,9호선,종합운동장,38002,24958,62960
202208,9호선,중앙보훈병원,34728,32589,67317
202208,9호선,증미,27394,26385,53779
202208,9호선,한성백제,13955,12328,26283
202208,9호선,흑석,38420,38462,76882
202209,9호선,가양,100320,97354,197674
202209,9호선,개화,10343,9066,19409
202209,9호선,고속터미널,118871,161824,280695
202209,9호선,공항시장,15622,16695,32317
202209,9호선,구반포,5647,5855,11502
202209,9호선,국회의사당,41218,40513,81731
202209,9호선,김포공항,59154,83984,143138
202209,9호선,노들,26777,23172,49949
202209,9호선,노량진,142668,147283,289951
202209,9호선,당산,94646,93119,187765
202209,9호선,동작,14129,11965,26094
202209,9호선,둔촌오륜,4873,4900,9773
202209,9호선,등촌,47788,46435,94223
202209,9호선,마곡나루,53935,54282,108217
202209,9호선,봉은사,94761,100092,194853
202209,9호선,사평,16173,15546,31719
202209,9호선,삼성중앙,20769,21255,42024
202209,9호선,삼전,33848,31680,65528
202209,9호선,샛강,19183,18130,37313
202209,9호선,석촌,48161,40442,88603
202209,9호선,석촌고분,30110,29048,59158
202209,9호선,선유도,27489,26625,54114
202209,9호선,선정릉,30853,34802,65655
202209,9호선,송파나루,28549,31610,60159
202209,9호선,신논현,159319,157859,317178
202209,9호선,신목동,17620,15117,32737
202209,9호선,신반포,25043,29600,54643
202209,9호선,신방화,32576,31203,63779
202209,9호선,양천향교,38657,38146,76803
202209,9호선,언주,39552,39871,79423
202209,9호선,여의도,89836,83847,173683
202209,9호선,염창,82316,78248,160564
202209,9호선,올림픽공원,81423,85190,166613
202209,9호선,종합운동장,28731,24713,53444
202209,9호선,중앙보훈병원,35482,33509,68991
202209,9호선,증미,26500,25506,52006
202209,9호선,한성백제,18160,15789,33949
202209,9호선,흑석,41205,40902,82107
202210,9호선,가양,147623,141019,288642
202210,9호선,개화,16652,14325,30977
202210,9호선,고속터미널,152850,225470,378320
202210,9호선,공항시장,21896,22981,44877
202210,9호선,구반포,9679,9824,19503
202210,9호선,국회의사당,71198,63952,135150
202210,9호선,김포공항,78849,117881,196730
202210,9호선,노들,46904,43161,90065
202210,9호선,노량진,213789,218990,432779
202210,9호선,당산,133205,126685,259890
202210,9호선,동작,16293,13713,30006
202210,9호선,둔촌오륜,8297,8270,16567
202210,9호선,등촌,68389,64984,133373
202210,9호선,마곡나루,81716,80023,161739
202210,9호선,봉은사,126084,132212,258296
202210,9호선,사평,23294,21977,45271
202210,9호선,삼성중앙,30726,31255,61981
202210,9호선,삼전,48443,44656,93099
202210,9호선,샛강,43886,33493,77379
202210,9호선,석촌,72908,62692,135600
202210,9호선,석촌고분,43334,41638,84972
202210,9호선,선유도,42317,40848,83165
202210,9호선,선정릉,45849,51845,97694
202210,9호선,송파나루,42284,45624,87908
202210,9호선,신논현,226624,223653,450277
202210,9호선,신목동,25365,21671,47036
202210,9호선,신반포,32214,33497,65711
202210,9호선,신방화,45211,43342,88553
202210,9호선,양천향교,55854,53790,109644
202210,9호선,언주,58252,58205,116457
202210,9호선,여의도,148265,133766,282031
202210,9호선,염창,119057,111638,230695
202210,9호선,올림픽공원,116658,122888,239546
202210,9호선,종합운동장,36445,32996,69441
202210,9호선,중앙보훈병원,50293,47498,97791
202210,9호선,증미,33292,30816,64108
202210,9호선,한성백제,28000,24221,52221
202210,9호선,흑석,59720,59242,118962
202211,9호선,가양,113390,108917,222307
202211,9호선,개화,11313,9474,20787
202211,9호선,고속터미널,115666,170964,286630
202211,9호선,공항시장,16562,17759,34321
202211,9호선,구반포,7605,7811,15416
202211,9호선,국회의사당,51122,49657,100779
202211,9호선,김포공항,58867,83671,142538
202211,9호선,노들,27646,23482,51128
202211,9호선,노량진,159371,162714,322085
202211,9호선,당산,102916,97771,200687
202211,9호선,동작,11727,9914,21641
202211,9호선,둔촌오륜,5925,5772,11697
202211,9호선,등촌,53333,51428,104761
202211,9호선,마곡나루,62798,61721,124519
202211,9호선,봉은사,105083,111258,216341
202211,9호선,사평,18400,17626,36026
202211,9호선,삼성중앙,24263,24554,48817
202211,9호선,삼전,38398,35590,73988
202211,9호선,샛강,22483,19912,42395
202211,9호선,석촌,54404,45969,100373
202211,9호선,석촌고분,34572,33204,67776
202211,9호선,선유도,29143,28144,57287
202211,9호선,선정릉,35309,40251,75560
202211,9호선,송파나루,32137,35126,67263
202211,9호선,신논현,177459,174860,352319
202211,9호선,신목동,19475,16796,36271
202211,9호선,신반포,22867,23021,45888
202211,9호선,신방화,34692,33531,68223
202211,9호선,양천향교,42831,42392,85223
202211,9호선,언주,46226,46538,92764
202211,9호선,여의도,123416,106340,229756
202211,9호선,염창,91882,86471,178353
202211,9호선,올림픽공원,66773,68854,135627
202211,9호선,종합운동장,29274,24958,54232
202211,9호선,중앙보훈병원,38857,36230,75087
202211,9호선,증미,25614,23863,49477
202211,9호선,한성백제,17056,14864,31920
202211,9호선,흑석,53147,51465,104612
202212,9호선,가양,121801,116281,238082
202212,9호선,개화,11079,9368,20447
202212,9호선,고속터미널,123174,184491,307665
202212,9호선,공항시장,18680,19579,38259
202212,9호선,구반포,6723,6913,13636
202212,9호선,국회의사당,53001,51704,104705
202212,9호선,김포공항,66487,93664,160151
202212,9호선,노들,28412,24205,52617
202212,9호선,노량진,183789,181763,365552
202212,9호선,당산,112312,106294,218606
202212,9호선,동작,10653,8802,19455
202212,9호선,둔촌오륜,6249,6187,12436
202212,9호선,등촌,58075,56821,114896
202212,9호선,마곡나루,66731,65278,132009
202212,9호선,봉은사,140763,152577,293340
202212,9호선,사평,20150,19146,39296
202212,9호선,삼성중앙,27805,28459,56264
202212,9호선,삼전,42392,40035,82427
202212,9호선,샛강,23801,22161,45962
202212,9호선,석촌,60282,51213,111495
202212,9호선,석촌고분,38286,37183,75469
202212,9호선,선유도,32536,31012,63548
202212,9호선,선정릉,36725,41011,77736
202212,9호선,송파나루,40455,44840,85295
202212,9호선,신논현,201054,197980,399034
202212,9호선,신목동,19925,17258,37183
202212,9호선,신반포,22988,22952,45940
202212,9호선,신방화,39280,37864,77144
202212,9호선,양천향교,47174,46367,93541
202212,9호선,언주,50586,50282,100868
202212,9호선,여의도,139642,120886,260528
202212,9호선,염창,100200,93380,193580
202212,9호선,올림픽공원,94500,94537,189037
202212,9호선,종합운동장,36827,31541,68368
202212,9호선,중앙보훈병원,42123,38440,80563
202212,9호선,증미,28384,26714,55098
202212,9호선,한성백제,17148,14911,32059
202212,9호선,흑석,46914,47477,94391
202201,수인분당선,가천대,35673,41127,76800
202201,수인분당선,강남구청,36950,43658,80608
202201,수인분당선,개포동,18672,18796,37468
202201,수인분당선,고색,18774,19142,37916
202201,수인분당선,구룡,8026,8112,16138
202201,수인분당선,구성,24669,25993,50662
202201,수인분당선,기흥,50046,48234,98280
202201,수인분당선,남동인더스파크,6673,6443,13116
202201,수인분당선,달월,406,402,808
202201,수인분당선,대모산입구,22319,20936,43255
202201,수인분당선,도곡,30060,28389,58449
202201,수인분당선,망포,67935,66754,134689
202201,수인분당선,매교,15003,15346,30349
202201,수인분당선,매탄권선,25707,25173,50880
202201,수인분당선,모란,131329,134678,266007
202201,수인분당선,미금,79898,83159,163057
202201,수인분당선,보정,11717,11262,22979
202201,수인분당선,복정,3,0,3
202201,수인분당선,사리,25796,22465,48261
202201,수인분당선,상갈,28412,29082,57494
202201,수인분당선,서울숲,53125,54973,108098
202201,수인분당선,서현,153463,140159,293622
202201,수인분당선,선릉,32537,49418,81955
202201,수인분당선,선정릉,21652,22065,43717
202201,수인분당선,소래포구,40390,39912,80302
202201,수인분당선,송도,15262,15165,30427
202201,수인분당선,수내,64583,61469,126052
202201,수인분당선,수서,78374,79963,158337
202201,수인분당선,수원,58228,47713,105941
202201,수인분당선,수원시청,80615,82660,163275
202201,수인분당선,숭의,20367,18897,39264
202201,수인분당선,신갈,19972,20048,40020
202201,수인분당선,신포,11407,11426,22833
202201,수인분당선,압구정로데오,127662,137466,265128
202201,수인분당선,야목,1860,1556,3416
202201,수인분당선,야탑,133853,139922,273775
202201,수인분당선,어천,4896,5046,9942
202201,수인분당선,연수,30813,31143,61956
202201,수인분당선,영통,50502,49538,100040
202201,수인분당선,오리,57891,49145,107036
202201,수인분당선,오목천,15612,14406,30018
202201,수인분당선,원인재,28597,29925,58522
202201,수인분당선,월곶,16273,15568,31841
202201,수인분당선,이매,31157,31861,63018
202201,수인분당선,인천,9993,15278,25271
202201,수인분당선,인천논현,31576,33159,64735
202201,수인분당선,인하대,32674,30620,63294
202201,수인분당선,정자,79224,81086,160310
202201,수인분당선,죽전,76983,86310,163293
202201,수인분당선,청명,19662,19849,39511
202201,수인분당선,태평,84066,80286,164352
202201,수인분당선,한티,91916,88574,180490
202201,수인분당선,호구포,19567,19063,38630
202202,수인분당선,가천대,29536,34107,63643
202202,수인분당선,강남구청,31716,38507,70223
202202,수인분당선,개포동,15682,15923,31605
202202,수인분당선,고색,16082,16173,32255
202202,수인분당선,구룡,6761,6677,13438
202202,수인분당선,구성,19010,20474,39484
202202,수인분당선,기흥,39288,37740,77028
202202,수인분당선,남동인더스파크,5684,5594,11278
202202,수인분당선,달월,337,315,652
202202,수인분당선,대모산입구,18157,17096,35253
202202,수인분당선,도곡,25018,23684,48702
202202,수인분당선,망포,53158,52307,105465
202202,수인분당선,매교,11680,11884,23564
202202,수인분당선,매탄권선,20098,19828,39926
202202,수인분당선,모란,100001,102054,202055
202202,수인분당선,미금,62985,66069,129054
202202,수인분당선,보정,8992,8637,17629
202202,수인분당선,복정,3,0,3
202202,수인분당선,사리,19955,17187,37142
202202,수인분당선,상갈,21855,22246,44101
202202,수인분당선,서울숲,43360,44331,87691
202202,수인분당선,서현,122206,121238,243444
202202,수인분당선,선릉,27443,42656,70099
202202,수인분당선,선정릉,19305,19862,39167
202202,수인분당선,소래포구,28959,28610,57569
202202,수인분당선,송도,12136,11843,23979
202202,수인분당선,수내,51743,49627,101370
202202,수인분당선,수서,65246,64444,129690
202202,수인분당선,수원,43796,36460,80256
202202,수인분당선,수원시청,64001,65956,129957
202202,수인분당선,숭의,16344,14981,31325
202202,수인분당선,신갈,15641,16072,31713
202202,수인분당선,신포,8356,8565,16921
202202,수인분당선,압구정로데오,110137,118613,228750
202202,수인분당선,야목,1479,1238,2717
202202,수인분당선,야탑,107089,111019,218108
202202,수인분당선,어천,3757,3854,7611
202202,수인분당선,연수,23759,23686,47445
202202,수인분당선,영통,39063,38502,77565
202202,수인분당선,오리,44634,37690,82324
202202,수인분당선,오목천,11982,11047,23029
202202,수인분당선,원인재,22212,22957,45169
202202,수인분당선,월곶,12810,12167,24977
202202,수인분당선,이매,24877,25078,49955
202202,수인분당선,인천,7388,10974,18362
202202,수인분당선,인천논현,24781,26154,50935
202202,수인분당선,인하대,25336,24248,49584
202202,수인분당선,정자,63802,65387,129189
202202,수인분당선,죽전,60351,68235,128586
202202,수인분당선,청명,15629,15880,31509
202202,수인분당선,태평,66120,63028,129148
202202,수인분당선,한티,75044,72916,147960
202202,수인분당선,호구포,15041,14970,30011
202203,수인분당선,가천대,32182,36840,69022
202203,수인분당선,강남구청,30558,37094,67652
202203,수인분당선,개포동,15371,15444,30815
202203,수인분당선,고색,18026,18273,36299
202203,수인분당선,구룡,7642,7507,15149
202203,수인분당선,구성,18675,19449,38124
202203,수인분당선,기흥,38851,36893,75744
202203,수인분당선,남동인더스파크,5981,5726,11707
202203,수인분당선,달월,359,375,734
202203,수인분당선,대모산입구,17093,16028,33121
202203,수인분당선,도곡,24860,23254,48114
202203,수인분당선,망포,52858,51123,103981
202203,수인분당선,매교,11399,11826,23225
202203,수인분당선,매탄권선,20175,19398,39573
202203,수인분당선,모란,96459,99008,195467
202203,수인분당선,미금,61189,64006,125195
202203,수인분당선,보정,8823,8218,17041
202203,수인분당선,복정,4,0,4
202203,수인분당선,사리,20361,17421,37782
202203,수인분당선,상갈,21741,21878,43619
202203,수인분당선,서울숲,46708,48559,95267
202203,수인분당선,서현,118700,118293,236993
202203,수인분당선,선릉,27492,42470,69962
202203,수인분당선,선정릉,19201,19592,38793
202203,수인분당선,소래포구,29786,29323,59109
202203,수인분당선,송도,11827,11421,23248
202203,수인분당선,수내,51006,48219,99225
202203,수인분당선,수서,63683,63332,127015
202203,수인분당선,수원,45448,37252,82700
202203,수인분당선,수원시청,64669,67255,131924
202203,수인분당선,숭의,16286,15028,31314
202203,수인분당선,신갈,15394,15736,31130
202203,수인분당선,신포,8654,8435,17089
202203,수인분당선,압구정로데오,105228,116812,222040
202203,수인분당선,야목,1555,1348,2903
202203,수인분당선,야탑,106457,110514,216971
202203,수인분당선,어천,3924,4131,8055
202203,수인분당선,연수,24899,24837,49736
202203,수인분당선,영통,41006,40432,81438
202203,수인분당선,오리,44184,37693,81877
202203,수인분당선,오목천,12262,11312,23574
202203,수인분당선,원인재,21880,23167,45047
202203,수인분당선,월곶,12737,12043,24780
202203,수인분당선,이매,24354,24439,48793
202203,수인분당선,인천,6857,10792,17649
202203,수인분당선,인천논현,24890,25984,50874
202203,수인분당선,인하대,27206,25949,53155
202203,수인분당선,정자,62108,63431,125539
202203,수인분당선,죽전,59836,67684,127520
202203,수인분당선,청명,15384,15818,31202
202203,수인분당선,태평,65127,61984,127111
202203,수인분당선,한티,73222,70303,143525
202203,수인분당선,호구포,15802,15618,31420
202204,수인분당선,가천대,44422,49587,94009
202204,수인분당선,강남구청,41285,50880,92165
202204,수인분당선,개포동,21819,21709,43528
202204,수인분당선,고색,21534,21619,43153
202204,수인분당선,구룡,10898,10419,21317
202204,수인분당선,구성,27164,27984,55148
202204,수인분당선,기흥,53697,50472,104169
202204,수인분당선,남동인더스파크,7245,7089,14334
202204,수인분당선,달월,599,624,1223
202204,수인분당선,대모산입구,23614,22145,45759
202204,수인분당선,도곡,37016,34280,71296
202204,수인분당선,망포,72029,68034,140063
202204,수인분당선,매교,16764,17167,33931
202204,수인분당선,매탄권선,28456,26919,55375
202204,수인분당선,모란,142759,147942,290701
202204,수인분당선,미금,82791,86860,169651
202204,수인분당선,보정,12651,11709,24360
202204,수인분당선,복정,4,0,4
202204,수인분당선,사리,29768,25006,54774
202204,수인분당선,상갈,30786,30620,61406
202204,수인분당선,서울숲,122340,137710,260050
202204,수인분당선,서현,152224,152503,304727
202204,수인분당선,선릉,36834,57276,94110
202204,수인분당선,선정릉,25861,26501,52362
202204,수인분당선,소래포구,55169,54920,110089
202204,수인분당선,송도,16752,16026,32778
202204,수인분당선,수내,68543,64320,132863
202204,수인분당선,수서,87090,86842,173932
202204,수인분당선,수원,64129,51704,115833
202204,수인분당선,수원시청,84340,91672,176012
202204,수인분당선,숭의,23142,20759,43901
202204,수인분당선,신갈,21952,22278,44230
202204,수인분당선,신포,12962,12597,25559
202204,수인분당선,압구정로데오,137600,159908,297508
202204,수인분당선,야목,2355,1971,4326
202204,수인분당선,야탑,145690,150838,296528
202204,수인분당선,어천,6106,6229,12335
202204,수인분당선,연수,34318,33763,68081
202204,수인분당선,영통,53439,49894,103333
202204,수인분당선,오리,60610,50727,111337
202204,수인분당선,오목천,18151,15937,34088
202204,수인분당선,원인재,31435,33050,64485
202204,수인분당선,월곶,18111,16837,34948
202204,수인분당선,이매,34651,34157,68808
202204,수인분당선,인천,11824,19960,31784
202204,수인분당선,인천논현,33750,35217,68967
202204,수인분당선,인하대,37141,35156,72297
202204,수인분당선,정자,82599,85439,168038
202204,수인분당선,죽전,82761,92119,174880
202204,수인분당선,청명,21670,21917,43587
202204,수인분당선,태평,87810,82180,169990
202204,수인분당선,한티,87931,85933,173864
202204,수인분당선,호구포,21986,21539,43525
202205,수인분당선,가천대,46899,52731,99630
202205,수인분당선,강남구청,40766,49426,90192
202205,수인분당선,개포동,22705,22503,45208
202205,수인분당선,고색,22041,22494,44535
202205,수인분당선,구룡,10833,10629,21462
202205,수인분당선,구성,29149,30323,59472
202205,수인분당선,기흥,60034,56255,116289
202205,수인분당선,남동인더스파크,7200,7046,14246
202205,수인분당선,달월,602,598,1200
202205,수인분당선,대모산입구,25589,24016,49605
202205,수인분당선,도곡,36873,33626,70499
202205,수인분당선,망포,76671,73758,150429
202205,수인분당선,매교,17029,17223,34252
202205,수인분당선,매탄권선,30376,28736,59112
202205,수인분당선,모란,145233,149921,295154
202205,수인분당선,미금,86835,91657,178492
202205,수인분당선,보정,13945,12921,26866
202205,수인분당선,복정,6,0,6
202205,수인분당선,사리,32074,26743,58817
202205,수인분당선,상갈,32865,33161,66026
202205,수인분당선,서울숲,93495,98212,191707
202205,수인분당선,서현,161673,163441,325114
202205,수인분당선,선릉,37807,57666,95473
202205,수인분당선,선정릉,26161,26777,52938
202205,수인분당선,소래포구,59186,58280,117466
202205,수인분당선,송도,18060,17823,35883
202205,수인분당선,수내,71964,68093,140057
202205,수인분당선,수서,92976,92025,185001
202205,수인분당선,수원,67967,55533,123500
202205,수인분당선,수원시청,89595,97228,186823
202205,수인분당선,숭의,23605,21326,44931
202205,수인분당선,신갈,24064,24072,48136
202205,수인분당선,신포,12911,12957,25868
202205,수인분당선,압구정로데오,131996,153367,285363
202205,수인분당선,야목,2478,2067,4545
202205,수인분당선,야탑,157320,162324,319644
202205,수인분당선,어천,6836,6879,13715
202205,수인분당선,연수,36077,36081,72158
202205,수인분당선,영통,57602,57223,114825
202205,수인분당선,오리,63836,54121,117957
202205,수인분당선,오목천,19045,17369,36414
202205,수인분당선,원인재,32328,33355,65683
202205,수인분당선,월곶,18928,17683,36611
202205,수인분당선,이매,37241,37231,74472
202205,수인분당선,인천,12695,20060,32755
202205,수인분당선,인천논현,35302,36691,71993
202205,수인분당선,인하대,38275,36662,74937
202205,수인분당선,정자,89085,92852,181937
202205,수인분당선,죽전,88258,99078,187336
202205,수인분당선,청명,23740,23978,47718
202205,수인분당선,태평,91248,85819,177067
202205,수인분당선,한티,96568,93709,190277
202205,수인분당선,호구포,22487,22274,44761
202206,수인분당선,가천대,39954,44120,84074
202206,수인분당선,강남구청,34643,41696,76339
202206,수인분당선,개포동,20105,19843,39948
202206,수인분당선,고색,18923,18716,37639
202206,수인분당선,구룡,9675,9346,19021
202206,수인분당선,구성,25915,26739,52654
202206,수인분당선,기흥,51056,47726,98782
202206,수인분당선,남동인더스파크,6460,6141,12601
202206,수인분당선,달월,549,559,1108
202206,수인분당선,대모산입구,21677,19873,41550
202206,수인분당선,도곡,32648,29973,62621
202206,수인분당선,망포,68425,64219,132644
202206,수인분당선,매교,15709,15773,31482
202206,수인분당선,매탄권선,27229,25167,52396
202206,수인분당선,모란,130480,134501,264981
202206,수인분당선,미금,77760,81765,159525
202206,수인분당선,보정,12475,11443,23918
202206,수인분당선,복정,7,0,7
202206,수인분당선,사리,27542,23175,50717
202206,수인분당선,상갈,28927,29048,57975
202206,수인분당선,서울숲,71333,74493,145826
202206,수인분당선,서현,139920,140926,280846
202206,수인분당선,선릉,34306,52870,87176
202206,수인분당선,선정릉,22319,22382,44701
202206,수인분당선,소래포구,52675,51628,104303
202206,수인분당선,송도,15317,15020,30337
202206,수인분당선,수내,66053,60170,126223
202206,수인분당선,수서,81537,83160,164697
202206,수인분당선,수원,57421,49027,106448
202206,수인분당선,수원시청,79831,87544,167375
202206,수인분당선,숭의,20910,18996,39906
202206,수인분당선,신갈,21018,21147,42165
202206,수인분당선,신포,11627,11682,23309
202206,수인분당선,압구정로데오,116909,139318,256227
202206,수인분당선,야목,2284,1784,4068
202206,수인분당선,야탑,138746,144116,282862
202206,수인분당선,어천,6226,6167,12393
202206,수인분당선,연수,31671,31815,63486
202206,수인분당선,영통,49344,48638,97982
202206,수인분당선,오리,56913,47622,104535
202206,수인분당선,오목천,17551,15777,33328
202206,수인분당선,원인재,28069,28927,56996
202206,수인분당선,월곶,17214,16762,33976
202206,수인분당선,이매,33925,33334,67259
202206,수인분당선,인천,10309,16910,27219
202206,수인분당선,인천논현,31534,32797,64331
202206,수인분당선,인하대,32611,30625,63236
202206,수인분당선,정자,79629,72839,152468
202206,수인분당선,죽전,76442,84721,161163
202206,수인분당선,청명,21115,21020,42135
202206,수인분당선,태평,81188,75286,156474
202206,수인분당선,한티,84006,81692,165698
202206,수인분당선,호구포,20971,20054,41025
202207,수인분당선,가천대,42957,48311,91268
202207,수인분당선,강남구청,38934,45881,84815
202207,수인분당선,개포동,24914,24585,49499
202207,수인분당선,고색,22786,22820,45606
202207,수인분당선,구룡,12214,11560,23774
202207,수인분당선,구성,29554,31377,60931
202207,수인분당선,기흥,62603,59360,121963
202207,수인분당선,남동인더스파크,8058,7686,15744
202207,수인분당선,달월,623,602,1225
202207,수인분당선,대모산입구,27079,25296,52375
202207,수인분당선,도곡,37833,35361,73194
202207,수인분당선,망포,81723,78638,160361
202207,수인분당선,매교,18339,18427,36766
202207,수인분당선,매탄권선,32120,29863,61983
202207,수인분당선,모란,147997,153307,301304
202207,수인분당선,미금,92203,97068,189271
202207,수인분당선,보정,14734,13457,28191
202207,수인분당선,복정,5,0,5
202207,수인분당선,사리,32091,26773,58864
202207,수인분당선,상갈,34016,34580,68596
202207,수인분당선,서울숲,73214,75070,148284
202207,수인분당선,서현,175588,176563,352151
202207,수인분당선,선릉,40794,61374,102168
202207,수인분당선,선정릉,25598,25918,51516
202207,수인분당선,소래포구,45338,44009,89347
202207,수인분당선,송도,16889,16500,33389
202207,수인분당선,수내,77671,73991,151662
202207,수인분당선,수서,96422,97729,194151
202207,수인분당선,수원,69608,57613,127221
202207,수인분당선,수원시청,93588,102383,195971
202207,수인분당선,숭의,23495,21475,44970
202207,수인분당선,신갈,24888,25199,50087
202207,수인분당선,신포,12884,12969,25853
202207,수인분당선,압구정로데오,143934,166309,310243
202207,수인분당선,야목,2537,2100,4637
202207,수인분당선,야탑,158945,165416,324361
202207,수인분당선,어천,7175,7147,14322
202207,수인분당선,연수,37333,37656,74989
202207,수인분당선,영통,60857,60300,121157
202207,수인분당선,오리,67719,56511,124230
202207,수인분당선,오목천,20094,17925,38019
202207,수인분당선,원인재,31932,32835,64767
202207,수인분당선,월곶,20185,19468,39653
202207,수인분당선,이매,38215,37832,76047
202207,수인분당선,인천,11391,17882,29273
202207,수인분당선,인천논현,37299,38709,76008
202207,수인분당선,인하대,36744,34684,71428
202207,수인분당선,정자,95445,98242,193687
202207,수인분당선,죽전,88194,100718,188912
202207,수인분당선,청명,24832,24818,49650
202207,수인분당선,태평,96306,89884,186190
202207,수인분당선,한티,116511,110847,227358
202207,수인분당선,호구포,24278,23653,47931
202208,수인분당선,가천대,33827,37499,71326
202208,수인분당선,강남구청,31754,37997,69751
202208,수인분당선,개포동,18742,18802,37544
202208,수인분당선,고색,17451,17060,34511
202208,수인분당선,구룡,9182,8792,17974
202208,수인분당선,구성,22756,23753,46509
202208,수인분당선,기흥,48111,45534,93645
202208,수인분당선,남동인더스파크,6549,6130,12679
202208,수인분당선,달월,453,463,916
202208,수인분당선,대모산입구,21354,19728,41082
202208,수인분당선,도곡,30202,27708,57910
202208,수인분당선,망포,62904,59982,122886
202208,수인분당선,매교,15965,15952,31917
202208,수인분당선,매탄권선,24839,22721,47560
202208,수인분당선,모란,111717,115822,227539
202208,수인분당선,미금,71022,74805,145827
202208,수인분당선,보정,11282,10427,21709
202208,수인분당선,복정,1,0,1
202208,수인분당선,사리,25101,20882,45983
202208,수인분당선,상갈,26843,27341,54184
202208,수인분당선,서울숲,61206,63014,124220
202208,수인분당선,서현,136397,138551,274948
202208,수인분당선,선릉,31902,47837,79739
202208,수인분당선,선정릉,20534,20563,41097
202208,수인분당선,소래포구,39438,38649,78087
202208,수인분당선,송도,13476,13061,26537
202208,수인분당선,수내,62019,58232,120251
202208,수인분당선,수서,75924,76968,152892
202208,수인분당선,수원,53976,44715,98691
202208,수인분당선,수원시청,71862,80004,151866
202208,수인분당선,숭의,19227,17524,36751
202208,수인분당선,신갈,19144,19291,38435
202208,수인분당선,신포,10305,10430,20735
202208,수인분당선,압구정로데오,111550,130699,242249
202208,수인분당선,야목,1971,1516,3487
202208,수인분당선,야탑,123659,128837,252496
202208,수인분당선,어천,5457,5503,10960
202208,수인분당선,연수,29550,29544,59094
202208,수인분당선,영통,47583,46732,94315
202208,수인분당선,오리,50242,41601,91843
202208,수인분당선,오목천,15900,14079,29979
202208,수인분당선,원인재,25432,26907,52339
202208,수인분당선,월곶,16014,15434,31448
202208,수인분당선,이매,30503,30013,60516
202208,수인분당선,인천,10076,14788,24864
202208,수인분당선,인천논현,29409,30391,59800
202208,수인분당선,인하대,30353,28920,59273
202208,수인분당선,정자,73726,76171,149897
202208,수인분당선,죽전,67710,76668,144378
202208,수인분당선,청명,19140,19247,38387
202208,수인분당선,태평,75161,69965,145126
202208,수인분당선,한티,96029,90676,186705
202208,수인분당선,호구포,19686,19202,38888
202209,수인분당선,가천대,38689,42333,81022
202209,수인분당선,강남구청,29733,37374,67107
202209,수인분당선,개포동,18930,18801,37731
202209,수인분당선,고색,17884,17737,35621
202209,수인분당선,구룡,9071,8830,17901
202209,수인분당선,구성,22947,24055,47002
202209,수인분당선,기흥,48673,45265,93938
202209,수인분당선,남동인더스파크,6370,6044,12414
202209,수인분당선,달월,521,532,1053
202209,수인분당선,대모산입구,20679,19493,40172
202209,수인분당선,도곡,30720,27490,58210
202209,수인분당선,망포,61712,58728,120440
202209,수인분당선,매교,18530,18525,37055
202209,수인분당선,매탄권선,25144,23446,48590
202209,수인분당선,모란,117320,122943,240263
202209,수인분당선,미금,68792,71880,140672
202209,수인분당선,보정,11500,10612,22112
202209,수인분당선,복정,2,0,2
202209,수인분당선,사리,26815,21785,48600
202209,수인분당선,상갈,27040,27034,54074
202209,수인분당선,서울숲,73149,77343,150492
202209,수인분당선,서현,126951,128442,255393
202209,수인분당선,선릉,30628,46299,76927
202209,수인분당선,선정릉,20071,20360,40431
202209,수인분당선,소래포구,53142,55181,108323
202209,수인분당선,송도,14408,13884,28292
202209,수인분당선,수내,57503,54789,112292
202209,수인분당선,수서,78757,76421,155178
202209,수인분당선,수원,55562,45573,101135
202209,수인분당선,수원시청,72086,81487,153573
202209,수인분당선,숭의,19200,17445,36645
202209,수인분당선,신갈,19345,19686,39031
202209,수인분당선,신포,10752,10635,21387
202209,수인분당선,압구정로데오,104998,124849,229847
202209,수인분당선,야목,2214,1752,3966
202209,수인분당선,야탑,125811,128927,254738
202209,수인분당선,어천,6484,6344,12828
202209,수인분당선,연수,28913,28647,57560
202209,수인분당선,영통,46318,46653,92971
202209,수인분당선,오리,50287,42027,92314
202209,수인분당선,오목천,16781,14858,31639
202209,수인분당선,원인재,26440,27284,53724
202209,수인분당선,월곶,16570,15252,31822
202209,수인분당선,이매,30129,29683,59812
202209,수인분당선,인천,10564,16577,27141
202209,수인분당선,인천논현,28805,29549,58354
202209,수인분당선,인하대,31688,30435,62123
202209,수인분당선,정자,71820,74428,146248
202209,수인분당선,죽전,68997,77912,146909
202209,수인분당선,청명,19554,19557,39111
202209,수인분당선,태평,75235,70549,145784
202209,수인분당선,한티,90390,85686,176076
202209,수인분당선,호구포,19587,19123,38710
202210,수인분당선,가천대,59164,62563,121727
202210,수인분당선,강남구청,46751,56973,103724
202210,수인분당선,개포동,27785,27289,55074
202210,수인분당선,고색,24711,24422,49133
202210,수인분당선,구룡,13797,13256,27053
202210,수인분당선,구성,32954,34293,67247
202210,수인분당선,기흥,68914,64240,133154
202210,수인분당선,남동인더스파크,9117,8647,17764
202210,수인분당선,달월,772,861,1633
202210,수인분당선,대모산입구,29801,27833,57634
202210,수인분당선,도곡,46571,41987,88558
202210,수인분당선,망포,90475,83900,174375
202210,수인분당선,매교,28701,28772,57473
202210,수인분당선,매탄권선,35787,33287,69074
202210,수인분당선,모란,157685,161362,319047
202210,수인분당선,미금,96308,100884,197192
202210,수인분당선,보정,16272,14587,30859
202210,수인분당선,복정,10,0,10
202210,수인분당선,사리,36794,30313,67107
202210,수인분당선,상갈,39249,39299,78548
202210,수인분당선,서울숲,110141,117005,227146
202210,수인분당선,서현,176048,177752,353800
202210,수인분당선,선릉,44742,69253,113995
202210,수인분당선,선정릉,29960,30145,60105
202210,수인분당선,소래포구,91998,95274,187272
202210,수인분당선,송도,20547,19560,40107
202210,수인분당선,수내,81932,77486,159418
202210,수인분당선,수서,105894,108936,214830
202210,수인분당선,수원,75791,65535,141326
202210,수인분당선,수원시청,107117,120483,227600
202210,수인분당선,숭의,27654,25243,52897
202210,수인분당선,신갈,27418,27633,55051
202210,수인분당선,신포,15259,15189,30448
202210,수인분당선,압구정로데오,156049,185849,341898
202210,수인분당선,야목,2804,2366,5170
202210,수인분당선,야탑,177399,184993,362392
202210,수인분당선,어천,9237,8700,17937
202210,수인분당선,연수,41697,41124,82821
202210,수인분당선,영통,65966,65056,131022
202210,수인분당선,오리,71411,58763,130174
202210,수인분당선,오목천,24216,20956,45172
202210,수인분당선,원인재,36905,37875,74780
202210,수인분당선,월곶,29197,27007,56204
202210,수인분당선,이매,42613,42392,85005
202210,수인분당선,인천,13981,22942,36923
202210,수인분당선,인천논현,41651,43056,84707
202210,수인분당선,인하대,44797,42100,86897
202210,수인분당선,정자,101716,105259,206975
202210,수인분당선,죽전,101681,111765,213446
202210,수인분당선,청명,28107,27723,55830
202210,수인분당선,태평,103708,96553,200261
202210,수인분당선,한티,124618,118961,243579
202210,수인분당선,호구포,27892,26801,54693
202211,수인분당선,가천대,44247,48358,92605
202211,수인분당선,강남구청,37236,45070,82306
202211,수인분당선,개포동,21518,21126,42644
202211,수인분당선,고색,19146,19000,38146
202211,수인분당선,구룡,11538,11193,22731
202211,수인분당선,구성,25586,26794,52380
202211,수인분당선,기흥,52961,49808,102769
202211,수인분당선,남동인더스파크,6582,6420,13002
202211,수인분당선,달월,485,544,1029
202211,수인분당선,대모산입구,23897,22549,46446
202211,수인분당선,도곡,36291,33930,70221
202211,수인분당선,망포,70057,67278,137335
202211,수인분당선,매교,21898,21644,43542
202211,수인분당선,매탄권선,27459,25775,53234
202211,수인분당선,모란,120647,124482,245129
202211,수인분당선,미금,75198,79579,154777
202211,수인분당선,보정,12673,11822,24495
202211,수인분당선,복정,4,0,4
202211,수인분당선,사리,28432,23428,51860
202211,수인분당선,상갈,28907,29419,58326
202211,수인분당선,서울숲,80372,86283,166655
202211,수인분당선,서현,139476,140379,279855
202211,수인분당선,선릉,35862,55854,91716
202211,수인분당선,선정릉,24273,24125,48398
202211,수인분당선,소래포구,44921,44378,89299
202211,수인분당선,송도,15261,14511,29772
202211,수인분당선,수내,64116,60784,124900
202211,수인분당선,수서,86700,87218,173918
202211,수인분당선,수원,58820,50470,109290
202211,수인분당선,수원시청,83938,93241,177179
202211,수인분당선,숭의,20074,18164,38238
202211,수인분당선,신갈,21728,21839,43567
202211,수인분당선,신포,11586,11511,23097
202211,수인분당선,압구정로데오,124836,145784,270620
202211,수인분당선,야목,2021,1645,3666
202211,수인분당선,야탑,139718,146180,285898
202211,수인분당선,어천,6894,6832,13726
202211,수인분당선,연수,31374,31244,62618
202211,수인분당선,영통,52308,52148,104456
202211,수인분당선,오리,55813,46862,102675
202211,수인분당선,오목천,18556,16399,34955
202211,수인분당선,원인재,27921,28454,56375
202211,수인분당선,월곶,17072,15733,32805
202211,수인분당선,이매,33123,33713,66836
202211,수인분당선,인천,9270,14816,24086
202211,수인분당선,인천논현,31537,32336,63873
202211,수인분당선,인하대,34181,32644,66825
202211,수인분당선,정자,78866,82264,161130
202211,수인분당선,죽전,79221,87210,166431
202211,수인분당선,청명,21544,21867,43411
202211,수인분당선,태평,81200,76239,157439
202211,수인분당선,한티,89031,88120,177151
202211,수인분당선,호구포,20236,19887,40123
202212,수인분당선,가천대,44210,47929,92139
202212,수인분당선,강남구청,38499,46261,84760
202212,수인분당선,개포동,22646,22296,44942
202212,수인분당선,고색,22028,21728,43756
202212,수인분당선,구룡,11144,10769,21913
202212,수인분당선,구성,27374,28759,56133
202212,수인분당선,기흥,58602,54736,113338
202212,수인분당선,남동인더스파크,7075,6776,13851
202212,수인분당선,달월,559,584,1143
202212,수인분당선,대모산입구,25125,23530,48655
202212,수인분당선,도곡,36896,34447,71343
202212,수인분당선,망포,79514,76938,156452
202212,수인분당선,매교,24539,24105,48644
202212,수인분당선,매탄권선,30689,28745,59434
202212,수인분당선,모란,135992,142451,278443
202212,수인분당선,미금,86256,90437,176693
202212,수인분당선,보정,13685,12826,26511
202212,수인분당선,복정,8,0,8
202212,수인분당선,사리,30916,25473,56389
202212,수인분당선,상갈,31852,31859,63711
202212,수인분당선,서울숲,68831,71956,140787
202212,수인분당선,서현,168007,168034,336041
202212,수인분당선,선릉,38536,58544,97080
202212,수인분당선,선정릉,24934,24855,49789
202212,수인분당선,소래포구,40319,39980,80299
202212,수인분당선,송도,16271,15481,31752
202212,수인분당선,수내,71568,67771,139339
202212,수인분당선,수서,90616,92899,183515
202212,수인분당선,수원,66642,55734,122376
202212,수인분당선,수원시청,94648,105884,200532
202212,수인분당선,숭의,22046,19923,41969
202212,수인분당선,신갈,23811,23558,47369
202212,수인분당선,신포,12007,12565,24572
202212,수인분당선,압구정로데오,143126,168534,311660
202212,수인분당선,야목,2150,1774,3924
202212,수인분당선,야탑,157366,164052,321418
202212,수인분당선,어천,7370,7005,14375
202212,수인분당선,연수,35223,35360,70583
202212,수인분당선,영통,60822,59657,120479
202212,수인분당선,오리,61333,50593,111926
202212,수인분당선,오목천,20855,18156,39011
202212,수인분당선,원인재,30102,30692,60794
202212,수인분당선,월곶,18592,17643,36235
202212,수인분당선,이매,34112,34721,68833
202212,수인분당선,인천,8741,14100,22841
202212,수인분당선,인천논현,35126,36543,71669
202212,수인분당선,인하대,38560,35039,73599
202212,수인분당선,정자,87792,91387,179179
202212,수인분당선,죽전,86690,97182,183872
202212,수인분당선,청명,23689,23280,46969
202212,수인분당선,태평,91894,86176,178070
202212,수인분당선,한티,90353,88004,178357
202212,수인분당선,호구포,22234,21688,43922
202201,경의중앙선,가좌,28227,27513,55740
202201,경의중앙선,강매,15017,14139,29156
202201,경의중앙선,곡산,2910,2831,5741
202201,경의중앙선,공덕,18708,14343,33051
202201,경의중앙선,구리,75356,78345,153701
202201,경의중앙선,국수,4456,4617,9073
202201,경의중앙선,금릉,28197,28011,56208
202201,경의중앙선,금촌,41604,42072,83676
202201,경의중앙선,김포공항,1,0,1
202201,경의중앙선,능곡,20668,20225,40893
202201,경의중앙선,덕소,32701,33461,66162
202201,경의중앙선,도농,50609,49862,100471
202201,경의중앙선,도심,11329,9946,21275
202201,경의중앙선,디지털미디어시티,13622,12435,26057
202201,경의중앙선,망우,47947,47618,95565
202201,경의중앙선,문산,34202,34693,68895
202201,경의중앙선,백마,33096,31782,64878
202201,경의중앙선,상봉,37196,36965,74161
202201,경의중앙선,서강대,12368,11695,24063
202201,경의중앙선,서울,9145,9662,18807
202201,경의중앙선,수색,9477,9740,19217
202201,경의중앙선,신원,1676,1368,3044
202201,경의중앙선,신촌,2428,2661,5089
202201,경의중앙선,아신,3774,3859,7633
202201,경의중앙선,야당,46993,45882,92875
202201,경의중앙선,양수,12981,13004,25985
202201,경의중앙선,양원,10020,10319,20339
202201,경의중앙선,양정,3588,3025,6613
202201,경의중앙선,양평,19614,20536,40150
202201,경의중앙선,오빈,1843,1815,3658
202201,경의중앙선,용문,15600,15997,31597
202201,경의중앙선,운길산,7169,6813,13982
202201,경의중앙선,운정,36342,35456,71798
202201,경의중앙선,원덕,2511,2466,4977
202201,경의중앙선,월롱,10509,13520,24029
202201,경의중앙선,일산,48429,47246,95675
202201,경의중앙선,임진강,554,554,1108
202201,경의중앙선,중랑,33526,32147,65673
202201,경의중앙선,지평,379,419,798
202201,경의중앙선,탄현,40840,39473,80313
202201,경의중앙선,파주,6002,4726,10728
202201,경의중앙선,팔당,9385,9729,19114
202201,경의중앙선,풍산,33462,32416,65878
202201,경의중앙선,행신,40461,39519,79980
202201,경의중앙선,홍대입구,15349,17611,32960
202201,경의중앙선,화전,7093,6755,13848
202201,경의중앙선,회기,145281,139473,284754
202201,경의중앙선,효창공원앞,12804,14301,27105
202202,경의중앙선,가좌,22263,22131,44394
202202,경의중앙선,강매,11669,10825,22494
202202,경의중앙선,곡산,2304,2282,4586
202202,경의중앙선,공덕,15736,11661,27397
202202,경의중앙선,구리,58794,61017,119811
202202,경의중앙선,국수,3571,3580,7151
202202,경의중앙선,금릉,21278,20821,42099
202202,경의중앙선,금촌,31206,31796,63002
202202,경의중앙선,능곡,16626,16199,32825
202202,경의중앙선,덕소,25595,26045,51640
202202,경의중앙선,도농,40184,39187,79371
202202,경의중앙선,도심,8780,7798,16578
202202,경의중앙선,디지털미디어시티,10747,9923,20670
202202,경의중앙선,망우,38144,37984,76128
202202,경의중앙선,문산,25096,25188,50284
202202,경의중앙선,백마,26272,25584,51856
202202,경의중앙선,상봉,28987,29204,58191
202202,경의중앙선,서강대,9880,9665,19545
202202,경의중앙선,서울,7001,7472,14473
202202,경의중앙선,수색,8074,8401,16475
202202,경의중앙선,신원,1457,1212,2669
202202,경의중앙선,신촌,2063,2253,4316
202202,경의중앙선,아신,2901,2929,5830
202202,경의중앙선,야당,35809,35029,70838
202202,경의중앙선,양수,10551,10350,20901
202202,경의중앙선,양원,9244,9270,18514
202202,경의중앙선,양정,3150,2674,5824
202202,경의중앙선,양평,14830,14800,29630
202202,경의중앙선,오빈,1319,1312,2631
202202,경의중앙선,용문,12545,12310,24855
202202,경의중앙선,운길산,6303,5769,12072
202202,경의중앙선,운정,27784,27042,54826
202202,경의중앙선,원덕,2042,1945,3987
202202,경의중앙선,월롱,8722,11386,20108
202202,경의중앙선,일산,36932,35266,72198
202202,경의중앙선,임진강,238,177,415
202202,경의중앙선,중랑,26323,25900,52223
202202,경의중앙선,지평,323,323,646
202202,경의중앙선,탄현,31860,30908,62768
202202,경의중앙선,파주,4752,3757,8509
202202,경의중앙선,팔당,7947,8380,16327
202202,경의중앙선,풍산,26127,25365,51492
202202,경의중앙선,행신,31102,30655,61757
202202,경의중앙선,홍대입구,11185,13969,25154
202202,경의중앙선,화전,5802,5553,11355
202202,경의중앙선,회기,118622,116593,235215
202202,경의중앙선,효창공원앞,10542,11910,22452
202203,경의중앙선,가좌,21958,21483,43441
202203,경의중앙선,강매,11492,10584,22076
202203,경의중앙선,검암,1,0,1
202203,경의중앙선,계양,1,0,1
202203,경의중앙선,곡산,2423,2491,4914
202203,경의중앙선,공덕,14662,11114,25776
202203,경의중앙선,구리,57488,59462,116950
202203,경의중앙선,국수,3650,3703,7353
202203,경의중앙선,금릉,21279,20733,42012
202203,경의중앙선,금촌,31731,31978,63709
202203,경의중앙선,능곡,16485,16231,32716
202203,경의중앙선,덕소,24874,25069,49943
202203,경의중앙선,도농,38582,37411,75993
202203,경의중앙선,도심,8740,7569,16309
202203,경의중앙선,디지털미디어시티,10624,9728,20352
202203,경의중앙선,망우,37548,36610,74158
202203,경의중앙선,문산,25274,25492,50766
202203,경의중앙선,백마,25607,24294,49901
202203,경의중앙선,상봉,27516,27629,55145
202203,경의중앙선,서강대,10044,9900,19944
202203,경의중앙선,서울,7305,7447,14752
202203,경의중앙선,수색,7968,8026,15994
202203,경의중앙선,신원,1663,1276,2939
202203,경의중앙선,신촌,2102,2153,4255
202203,경의중앙선,아신,3297,3234,6531
202203,경의중앙선,야당,36007,34656,70663
202203,경의중앙선,양수,11577,10834,22411
202203,경의중앙선,양원,10043,9924,19967
202203,경의중앙선,양정,3197,2667,5864
202203,경의중앙선,양평,14724,14602,29326
202203,경의중앙선,오빈,1525,1397,2922
202203,경의중앙선,용문,13240,13048,26288
202203,경의중앙선,운길산,6941,6462,13403
202203,경의중앙선,운정,28179,26524,54703
202203,경의중앙선,원덕,2409,2314,4723
202203,경의중앙선,월롱,9643,12308,21951
202203,경의중앙선,일산,36239,34263,70502
202203,경의중앙선,임진강,269,217,486
202203,경의중앙선,중랑,26150,25593,51743
202203,경의중앙선,지평,323,347,670
202203,경의중앙선,탄현,31279,29689,60968
202203,경의중앙선,파주,4903,4030,8933
202203,경의중앙선,팔당,8020,8345,16365
202203,경의중앙선,풍산,25362,23815,49177
202203,경의중앙선,행신,31435,30980,62415
202203,경의중앙선,홍대입구,11567,13850,25417
202203,경의중앙선,화전,6855,6876,13731
202203,경의중앙선,회기,123063,120588,243651
202203,경의중앙선,효창공원앞,10303,11414,21717
202204,경의중앙선,가좌,31211,30100,61311
202204,경의중앙선,강매,17009,15648,32657
202204,경의중앙선,계양,2,0,2
202204,경의중앙선,곡산,3836,3919,7755
202204,경의중앙선,공덕,21077,16424,37501
202204,경의중앙선,구리,84958,86923,171881
202204,경의중앙선,국수,6953,6524,13477
202204,경의중앙선,금릉,32125,31110,63235
202204,경의중앙선,금촌,46314,45586,91900
202204,경의중앙선,김포공항,2,0,2
202204,경의중앙선,능곡,24084,23833,47917
202204,경의중앙선,덕소,37345,37495,74840
202204,경의중앙선,도농,57995,55704,113699
202204,경의중앙선,도심,13713,11824,25537
202204,경의중앙선,디지털미디어시티,16073,14441,30514
202204,경의중앙선,망우,54447,53090,107537
202204,경의중앙선,문산,39094,38633,77727
202204,경의중앙선,백마,37208,34827,72035
202204,경의중앙선,상봉,41297,41130,82427
202204,경의중앙선,서강대,14308,14065,28373
202204,경의중앙선,서울,11470,11606,23076
202204,경의중앙선,수색,11222,11374,22596
202204,경의중앙선,신원,3578,2540,6118
202204,경의중앙선,신촌,2784,3111,5895
202204,경의중앙선,아신,6074,5986,12060
202204,경의중앙선,야당,51470,50849,102319
202204,경의중앙선,양수,20786,20488,41274
202204,경의중앙선,양원,16039,15787,31826
202204,경의중앙선,양정,5601,4769,10370
202204,경의중앙선,양평,28778,28509,57287
202204,경의중앙선,오빈,2781,2827,5608
202204,경의중앙선,용문,26081,25369,51450
202204,경의중앙선,운길산,15041,14367,29408
202204,경의중앙선,운정,41019,38211,79230
202204,경의중앙선,원덕,5483,5097,10580
202204,경의중앙선,월롱,14413,17118,31531
202204,경의중앙선,일산,54392,51432,105824
202204,경의중앙선,임진강,709,627,1336
202204,경의중앙선,중랑,37387,36042,73429
202204,경의중앙선,지평,592,734,1326
202204,경의중앙선,탄현,45018,42013,87031
202204,경의중앙선,파주,7658,6270,13928
202204,경의중앙선,팔당,14608,15939,30547
202204,경의중앙선,풍산,36507,34726,71233
202204,경의중앙선,행신,45887,44407,90294
202204,경의중앙선,홍대입구,16265,20025,36290
202204,경의중앙선,화전,9970,9737,19707
202204,경의중앙선,회기,171409,166842,338251
202204,경의중앙선,효창공원앞,14147,15677,29824
202205,경의중앙선,가좌,33471,32287,65758
202205,경의중앙선,강매,18123,17187,35310
202205,경의중앙선,계양,4,0,4
202205,경의중앙선,곡산,3890,3718,7608
202205,경의중앙선,공덕,22671,18033,40704
202205,경의중앙선,구리,90139,92412,182551
202205,경의중앙선,국수,6820,6569,13389
202205,경의중앙선,금릉,35113,33925,69038
202205,경의중앙선,금촌,50470,50896,101366
202205,경의중앙선,능곡,25807,24908,50715
202205,경의중앙선,덕소,40222,40420,80642
202205,경의중앙선,도농,63765,60896,124661
202205,경의중앙선,도심,14287,12567,26854
202205,경의중앙선,디지털미디어시티,17672,16098,33770
202205,경의중앙선,망우,57233,57150,114383
202205,경의중앙선,문산,43677,43002,86679
202205,경의중앙선,백마,40090,37807,77897
202205,경의중앙선,상봉,43857,44485,88342
202205,경의중앙선,서강대,15071,15304,30375
202205,경의중앙선,서울,13703,13395,27098
202205,경의중앙선,수색,12166,12166,24332
202205,경의중앙선,신원,3308,2357,5665
202205,경의중앙선,신촌,3159,3482,6641
202205,경의중앙선,아신,6625,5967,12592
202205,경의중앙선,야당,56094,56550,112644
202205,경의중앙선,양수,22633,21396,44029
202205,경의중앙선,양원,16565,16174,32739
202205,경의중앙선,양정,5735,4649,10384
202205,경의중앙선,양평,30204,29135,59339
202205,경의중앙선,오빈,3039,2825,5864
202205,경의중앙선,용문,27428,25581,53009
202205,경의중앙선,운길산,13946,13349,27295
202205,경의중앙선,운정,43848,40720,84568
202205,경의중앙선,원덕,4562,4256,8818
202205,경의중앙선,월롱,14138,18801,32939
202205,경의중앙선,일산,57164,54348,111512
202205,경의중앙선,임진강,949,809,1758
202205,경의중앙선,중랑,39896,38291,78187
202205,경의중앙선,지평,663,670,1333
202205,경의중앙선,탄현,48321,44600,92921
202205,경의중앙선,파주,7985,6708,14693
202205,경의중앙선,팔당,14686,15623,30309
202205,경의중앙선,풍산,39550,37269,76819
202205,경의중앙선,행신,50935,49115,100050
202205,경의중앙선,홍대입구,18553,23664,42217
202205,경의중앙선,화전,10755,10730,21485
202205,경의중앙선,회기,180030,175144,355174
202205,경의중앙선,효창공원앞,15547,17311,32858
202206,경의중앙선,가좌,30428,28810,59238
202206,경의중앙선,강매,15656,14268,29924
202206,경의중앙선,검암,1,0,1
202206,경의중앙선,계양,2,0,2
202206,경의중앙선,곡산,3383,3433,6816
202206,경의중앙선,공덕,20168,16075,36243
202206,경의중앙선,구리,78124,79641,157765
202206,경의중앙선,국수,5678,5626,11304
202206,경의중앙선,금릉,29803,28773,58576
202206,경의중앙선,금촌,44179,43955,88134
202206,경의중앙선,능곡,22074,21847,43921
202206,경의중앙선,덕소,34305,34158,68463
202206,경의중앙선,도농,56158,53608,109766
202206,경의중앙선,도심,12764,11145,23909
202206,경의중앙선,디지털미디어시티,15900,14108,30008
202206,경의중앙선,망우,50965,49409,100374
202206,경의중앙선,문산,39687,38893,78580
202206,경의중앙선,백마,34765,32687,67452
202206,경의중앙선,상봉,38024,38252,76276
202206,경의중앙선,서강대,13444,13059,26503
202206,경의중앙선,서울,11782,12033,23815
202206,경의중앙선,수색,11031,10749,21780
202206,경의중앙선,신원,2358,1947,4305
202206,경의중앙선,신촌,2855,3150,6005
202206,경의중앙선,아신,5297,5283,10580
202206,경의중앙선,야당,49393,50047,99440
202206,경의중앙선,양수,19811,19100,38911
202206,경의중앙선,양원,14863,14457,29320
202206,경의중앙선,양정,4772,4023,8795
202206,경의중앙선,양평,24781,25111,49892
202206,경의중앙선,오빈,2586,2564,5150
202206,경의중앙선,용문,24393,24611,49004
202206,경의중앙선,운길산,11866,11753,23619
202206,경의중앙선,운정,37937,34870,72807
202206,경의중앙선,원덕,3788,3842,7630
202206,경의중앙선,월롱,12662,14864,27526
202206,경의중앙선,일산,49909,46497,96406
202206,경의중앙선,임진강,762,563,1325
202206,경의중앙선,중랑,34243,32470,66713
202206,경의중앙선,지평,578,620,1198
202206,경의중앙선,탄현,42042,38754,80796
202206,경의중앙선,파주,7022,5576,12598
202206,경의중앙선,팔당,11586,12143,23729
202206,경의중앙선,풍산,34806,32709,67515
202206,경의중앙선,행신,44055,43269,87324
202206,경의중앙선,홍대입구,15870,19779,35649
202206,경의중앙선,화전,9128,8633,17761
202206,경의중앙선,회기,154693,146837,301530
202206,경의중앙선,효창공원앞,13574,14843,28417
202207,경의중앙선,가좌,35490,34621,70111
202207,경의중앙선,강매,17736,16527,34263
202207,경의중앙선,검암,1,0,1
202207,경의중앙선,계양,1,0,1
202207,경의중앙선,곡산,3814,3664,7478
202207,경의중앙선,공덕,24231,18528,42759
202207,경의중앙선,구리,90185,92811,182996
202207,경의중앙선,국수,6153,5923,12076
202207,경의중앙선,금릉,34205,33458,67663
202207,경의중앙선,금촌,50773,50668,101441
202207,경의중앙선,능곡,25122,24740,49862
202207,경의중앙선,덕소,40597,40830,81427
202207,경의중앙선,도농,64098,61540,125638
202207,경의중앙선,도심,14576,12464,27040
202207,경의중앙선,디지털미디어시티,18285,16086,34371
202207,경의중앙선,망우,59098,58591,117689
202207,경의중앙선,문산,46307,45663,91970
202207,경의중앙선,백마,40675,38667,79342
202207,경의중앙선,상봉,42954,43495,86449
202207,경의중앙선,서강대,15736,15490,31226
202207,경의중앙선,서울,14058,13641,27699
202207,경의중앙선,수색,12779,12781,25560
202207,경의중앙선,신원,2051,1646,3697
202207,경의중앙선,신촌,3616,4049,7665
202207,경의중앙선,아신,6382,5949,12331
202207,경의중앙선,야당,58323,58523,116846
202207,경의중앙선,양수,25598,25113,50711
202207,경의중앙선,양원,16516,16047,32563
202207,경의중앙선,양정,5185,4282,9467
202207,경의중앙선,양평,28793,29179,57972
202207,경의중앙선,오빈,2843,2772,5615
202207,경의중앙선,용문,28508,28682,57190
202207,경의중앙선,운길산,9871,9585,19456
202207,경의중앙선,운정,44192,41138,85330
202207,경의중앙선,원덕,4261,3908,8169
202207,경의중앙선,월롱,14905,18756,33661
202207,경의중앙선,일산,57473,54928,112401
202207,경의중앙선,임진강,753,569,1322
202207,경의중앙선,중랑,40688,38737,79425
202207,경의중앙선,지평,747,681,1428
202207,경의중앙선,탄현,49227,46232,95459
202207,경의중앙선,파주,7847,6228,14075
202207,경의중앙선,팔당,12901,13035,25936
202207,경의중앙선,풍산,40630,38608,79238
202207,경의중앙선,행신,52810,51049,103859
202207,경의중앙선,홍대입구,19642,25219,44861
202207,경의중앙선,화전,9478,9189,18667
202207,경의중앙선,회기,179049,171484,350533
202207,경의중앙선,효창공원앞,16024,17682,33706
202208,경의중앙선,가좌,28349,27299,55648
202208,경의중앙선,강매,13857,12723,26580
202208,경의중앙선,검암,1,0,1
202208,경의중앙선,곡산,3103,3067,6170
202208,경의중앙선,공덕,19010,14791,33801
202208,경의중앙선,구리,70234,71766,142000
202208,경의중앙선,국수,4802,4528,9330
202208,경의중앙선,금릉,27152,26268,53420
202208,경의중앙선,금촌,40361,40098,80459
202208,경의중앙선,능곡,19975,19680,39655
202208,경의중앙선,덕소,31623,31543,63166
202208,경의중앙선,도농,51321,48876,100197
202208,경의중앙선,도심,11602,9916,21518
202208,경의중앙선,디지털미디어시티,14495,12621,27116
202208,경의중앙선,망우,46282,45686,91968
202208,경의중앙선,문산,35795,35272,71067
202208,경의중앙선,백마,31839,30176,62015
202208,경의중앙선,상봉,33759,33944,67703
202208,경의중앙선,서강대,12368,12016,24384
202208,경의중앙선,서울,10463,10822,21285
202208,경의중앙선,수색,10107,10093,20200
202208,경의중앙선,신원,1734,1412,3146
202208,경의중앙선,신촌,2689,2961,5650
202208,경의중앙선,아신,4743,4698,9441
202208,경의중앙선,야당,46236,46582,92818
202208,경의중앙선,양수,16469,16503,32972
202208,경의중앙선,양원,13250,12655,25905
202208,경의중앙선,양정,4206,3499,7705
202208,경의중앙선,양평,23797,23647,47444
202208,경의중앙선,오빈,2274,2281,4555
202208,경의중앙선,용문,21201,21069,42270
202208,경의중앙선,운길산,7686,7436,15122
202208,경의중앙선,운정,34294,31474,65768
202208,경의중앙선,원덕,2966,2834,5800
202208,경의중앙선,월롱,12034,14140,26174
202208,경의중앙선,일산,45953,43541,89494
202208,경의중앙선,임진강,687,573,1260
202208,경의중앙선,중랑,31794,30077,61871
202208,경의중앙선,지평,533,537,1070
202208,경의중앙선,탄현,38830,36214,75044
202208,경의중앙선,파주,6199,4952,11151
202208,경의중앙선,팔당,9834,10190,20024
202208,경의중앙선,풍산,31544,29924,61468
202208,경의중앙선,행신,41332,39932,81264
202208,경의중앙선,홍대입구,15666,20297,35963
202208,경의중앙선,화전,7654,7442,15096
202208,경의중앙선,회기,141762,134884,276646
202208,경의중앙선,효창공원앞,12615,14124,26739
202209,경의중앙선,가좌,28387,27968,56355
202209,경의중앙선,강매,14052,13210,27262
202209,경의중앙선,검암,1,0,1
202209,경의중앙선,계양,1,0,1
202209,경의중앙선,곡산,3090,3030,6120
202209,경의중앙선,공덕,20086,15140,35226
202209,경의중앙선,구리,72269,73843,146112
202209,경의중앙선,국수,5728,5271,10999
202209,경의중앙선,금릉,28371,26690,55061
202209,경의중앙선,금촌,42013,41561,83574
202209,경의중앙선,능곡,20628,19922,40550
202209,경의중앙선,덕소,32340,32354,64694
202209,경의중앙선,도농,52524,49781,102305
202209,경의중앙선,도심,11999,10350,22349
202209,경의중앙선,디지털미디어시티,14887,13110,27997
202209,경의중앙선,망우,47233,46013,93246
202209,경의중앙선,문산,38025,36762,74787
202209,경의중앙선,백마,32837,30714,63551
202209,경의중앙선,상봉,35228,35087,70315
202209,경의중앙선,서강대,12870,12734,25604
202209,경의중앙선,서울,11212,11164,22376
202209,경의중앙선,수색,10085,9925,20010
202209,경의중앙선,신원,2493,1935,4428
202209,경의중앙선,신촌,2753,3028,5781
202209,경의중앙선,아신,5076,4852,9928
202209,경의중앙선,야당,46380,46619,92999
202209,경의중앙선,양수,17991,17000,34991
202209,경의중앙선,양원,13792,13721,27513
202209,경의중앙선,양정,4125,3551,7676
202209,경의중앙선,양평,26576,25416,51992
202209,경의중앙선,오빈,2325,2284,4609
202209,경의중앙선,용문,21686,20445,42131
202209,경의중앙선,운길산,10349,10249,20598
202209,경의중앙선,운정,35547,32658,68205
202209,경의중앙선,원덕,3719,3157,6876
202209,경의중앙선,월롱,11451,14064,25515
202209,경의중앙선,일산,47287,44585,91872
202209,경의중앙선,임진강,798,708,1506
202209,경의중앙선,중랑,32483,31492,63975
202209,경의중앙선,지평,521,501,1022
202209,경의중앙선,탄현,39095,35807,74902
202209,경의중앙선,파주,7028,5489,12517
202209,경의중앙선,팔당,10995,11618,22613
202209,경의중앙선,풍산,32078,30039,62117
202209,경의중앙선,행신,42258,40554,82812
202209,경의중앙선,홍대입구,14894,19778,34672
202209,경의중앙선,화전,8838,8570,17408
202209,경의중앙선,회기,153487,150252,303739
202209,경의중앙선,효창공원앞,13028,14540,27568
202210,경의중앙선,가좌,41791,39970,81761
202210,경의중앙선,강매,20975,19360,40335
202210,경의중앙선,검암,1,0,1
202210,경의중앙선,계양,1,0,1
202210,경의중앙선,곡산,4468,4379,8847
202210,경의중앙선,공덕,30893,22640,53533
202210,경의중앙선,구리,103495,105465,208960
202210,경의중앙선,국수,7931,7560,15491
202210,경의중앙선,금릉,39994,38266,78260
202210,경의중앙선,금촌,58265,57648,115913
202210,경의중앙선,능곡,28818,27811,56629
202210,경의중앙선,덕소,45179,45195,90374
202210,경의중앙선,도농,76979,72810,149789
202210,경의중앙선,도심,16478,14335,30813
202210,경의중앙선,디지털미디어시티,21306,19087,40393
202210,경의중앙선,망우,66265,64958,131223
202210,경의중앙선,문산,55088,54240,109328
202210,경의중앙선,백마,46093,43262,89355
202210,경의중앙선,상봉,49420,48745,98165
202210,경의중앙선,서강대,18177,18004,36181
202210,경의중앙선,서울,17173,17199,34372
202210,경의중앙선,수색,14982,14489,29471
202210,경의중앙선,신원,3286,2411,5697
202210,경의중앙선,신촌,4457,5005,9462
202210,경의중앙선,아신,6800,6717,13517
202210,경의중앙선,야당,66055,66219,132274
202210,경의중앙선,양수,24617,23706,48323
202210,경의중앙선,양원,19723,18875,38598
202210,경의중앙선,양정,6012,5354,11366
202210,경의중앙선,양평,34803,35657,70460
202210,경의중앙선,오빈,3263,3280,6543
202210,경의중앙선,용문,33995,34397,68392
202210,경의중앙선,운길산,15619,15444,31063
202210,경의중앙선,운정,51987,47877,99864
202210,경의중앙선,원덕,5273,4981,10254
202210,경의중앙선,월롱,16581,18373,34954
202210,경의중앙선,일산,65957,62044,128001
202210,경의중앙선,임진강,1192,1039,2231
202210,경의중앙선,중랑,45731,43177,88908
202210,경의중앙선,지평,650,720,1370
202210,경의중앙선,탄현,55458,51371,106829
202210,경의중앙선,파주,9457,7677,17134
202210,경의중앙선,팔당,15005,16688,31693
202210,경의중앙선,풍산,44822,42196,87018
202210,경의중앙선,행신,59310,58159,117469
202210,경의중앙선,홍대입구,22326,29366,51692
202210,경의중앙선,화전,12231,12115,24346
202210,경의중앙선,회기,215282,206173,421455
202210,경의중앙선,효창공원앞,19238,21071,40309
202211,경의중앙선,가좌,31603,30711,62314
202211,경의중앙선,강매,15732,14279,30011
202211,경의중앙선,곡산,3139,3209,6348
202211,경의중앙선,공덕,23127,17016,40143
202211,경의중앙선,구리,76398,78260,154658
202211,경의중앙선,국수,5189,5139,10328
202211,경의중앙선,금릉,30416,29075,59491
202211,경의중앙선,금촌,45027,44723,89750
202211,경의중앙선,능곡,21732,20707,42439
202211,경의중앙선,덕소,33411,33269,66680
202211,경의중앙선,도농,58394,55342,113736
202211,경의중앙선,도심,12165,10356,22521
202211,경의중앙선,디지털미디어시티,16468,14841,31309
202211,경의중앙선,망우,49260,48276,97536
202211,경의중앙선,문산,42288,41268,83556
202211,경의중앙선,백마,35414,32927,68341
202211,경의중앙선,상봉,37140,37187,74327
202211,경의중앙선,서강대,14520,14728,29248
202211,경의중앙선,서울,13339,13180,26519
202211,경의중앙선,수색,10842,10566,21408
202211,경의중앙선,신원,2022,1439,3461
202211,경의중앙선,신촌,3392,3627,7019
202211,경의중앙선,아신,4771,4845,9616
202211,경의중앙선,야당,51501,51428,102929
202211,경의중앙선,양수,16103,15546,31649
202211,경의중앙선,양원,14861,14308,29169
202211,경의중앙선,양정,4036,3355,7391
202211,경의중앙선,양평,22745,22606,45351
202211,경의중앙선,오빈,2105,2123,4228
202211,경의중앙선,용문,21826,21569,43395
202211,경의중앙선,운길산,8668,8446,17114
202211,경의중앙선,운정,39009,36112,75121
202211,경의중앙선,원덕,3112,3115,6227
202211,경의중앙선,월롱,11856,14648,26504
202211,경의중앙선,일산,50040,47222,97262
202211,경의중앙선,임진강,474,443,917
202211,경의중앙선,중랑,34463,33296,67759
202211,경의중앙선,지평,455,457,912
202211,경의중앙선,탄현,42392,39309,81701
202211,경의중앙선,파주,7397,6205,13602
202211,경의중앙선,팔당,9476,10353,19829
202211,경의중앙선,풍산,34264,32223,66487
202211,경의중앙선,행신,45237,44348,89585
202211,경의중앙선,홍대입구,16241,20808,37049
202211,경의중앙선,화전,10842,10400,21242
202211,경의중앙선,회기,182302,176054,358356
202211,경의중앙선,효창공원앞,14192,15734,29926
202212,경의중앙선,가좌,33196,32125,65321
202212,경의중앙선,강매,15882,14492,30374
202212,경의중앙선,계양,1,0,1
202212,경의중앙선,곡산,2950,2922,5872
202212,경의중앙선,공덕,25162,17878,43040
202212,경의중앙선,구리,84127,86295,170422
202212,경의중앙선,국수,4994,4861,9855
202212,경의중앙선,금릉,32859,31281,64140
202212,경의중앙선,금촌,47389,46628,94017
202212,경의중앙선,김포공항,1,0,1
202212,경의중앙선,능곡,22401,21418,43819
202212,경의중앙선,덕소,35447,35480,70927
202212,경의중앙선,도농,60411,57499,117910
202212,경의중앙선,도심,12566,10688,23254
202212,경의중앙선,디지털미디어시티,17017,14713,31730
202212,경의중앙선,망우,51980,50821,102801
202212,경의중앙선,문산,38619,37940,76559
202212,경의중앙선,백마,36602,34293,70895
202212,경의중앙선,상봉,38276,38301,76577
202212,경의중앙선,서강대,13724,13513,27237
202212,경의중앙선,서울,12416,12543,24959
202212,경의중앙선,수색,10695,10756,21451
202212,경의중앙선,신원,1402,1230,2632
202212,경의중앙선,신촌,3192,3592,6784
202212,경의중앙선,아신,4061,4198,8259
202212,경의중앙선,야당,55475,56871,112346
202212,경의중앙선,양수,13727,13555,27282
202212,경의중앙선,양원,14989,14203,29192
202212,경의중앙선,양정,3537,2834,6371
202212,경의중앙선,양평,22467,22909,45376
202212,경의중앙선,오빈,2150,2140,4290
202212,경의중앙선,용문,16364,16772,33136
202212,경의중앙선,운길산,5787,5736,11523
202212,경의중앙선,운정,40282,36856,77138
202212,경의중앙선,운천,209,154,363
202212,경의중앙선,원덕,2962,2884,5846
202212,경의중앙선,월롱,11920,14152,26072
202212,경의중앙선,일산,52279,49626,101905
202212,경의중앙선,임진강,215,182,397
202212,경의중앙선,중랑,37194,35045,72239
202212,경의중앙선,지평,418,336,754
202212,경의중앙선,탄현,45920,42401,88321
202212,경의중앙선,파주,7528,6097,13625
202212,경의중앙선,팔당,8102,8694,16796
202212,경의중앙선,풍산,36756,35209,71965
202212,경의중앙선,행신,48530,47132,95662
202212,경의중앙선,홍대입구,17603,23187,40790
202212,경의중앙선,화전,10247,9413,19660
202212,경의중앙선,회기,182843,174568,357411
202212,경의중앙선,효창공원앞,14956,16357,31313
202201,우이신설선,4.19민주묘지,19279,16751,36030
202201,우이신설선,가오리,23597,22618,46215
202201,우이신설선,보문,9349,8995,18344
202201,우이신설선,북한산보국문,37289,33563,70852
202201,우이신설선,북한산우이,25308,25765,51073
202201,우이신설선,삼양,12412,13005,25417
202201,우이신설선,삼양사거리,15182,15008,30190
202201,우이신설선,성신여대입구,22812,25885,48697
202201,우이신설선,솔밭공원,14278,13553,27831
202201,우이신설선,솔샘,29407,27135,56542
202201,우이신설선,신설동,11504,11272,22776
202201,우이신설선,정릉,27420,23128,50548
202201,우이신설선,화계,20440,19077,39517
202202,우이신설선,4.19민주묘지,14558,12771,27329
202202,우이신설선,가오리,18735,17825,36560
202202,우이신설선,보문,7383,7487,14870
202202,우이신설선,북한산보국문,30370,27739,58109
202202,우이신설선,북한산우이,19190,19758,38948
202202,우이신설선,삼양,9825,10260,20085
202202,우이신설선,삼양사거리,12358,12020,24378
202202,우이신설선,성신여대입구,17813,20272,38085
202202,우이신설선,솔밭공원,11139,10600,21739
202202,우이신설선,솔샘,23195,21719,44914
202202,우이신설선,신설동,9549,9346,18895
202202,우이신설선,정릉,22287,19092,41379
202202,우이신설선,화계,16200,15421,31621
202203,우이신설선,4.19민주묘지,15115,13404,28519
202203,우이신설선,가오리,18216,17231,35447
202203,우이신설선,보문,7101,7044,14145
202203,우이신설선,북한산보국문,29899,26894,56793
202203,우이신설선,북한산우이,19821,20348,40169
202203,우이신설선,삼양,9546,9769,19315
202203,우이신설선,삼양사거리,11810,11732,23542
202203,우이신설선,성신여대입구,18148,20435,38583
202203,우이신설선,솔밭공원,10883,10429,21312
202203,우이신설선,솔샘,22510,20657,43167
202203,우이신설선,신설동,9124,8899,18023
202203,우이신설선,정릉,21604,17957,39561
202203,우이신설선,화계,15900,14606,30506
202204,우이신설선,4.19민주묘지,22146,19326,41472
202204,우이신설선,가오리,24742,23120,47862
202204,우이신설선,보문,9873,9649,19522
202204,우이신설선,북한산보국문,40410,35761,76171
202204,우이신설선,북한산우이,33029,35167,68196
202204,우이신설선,삼양,12661,13018,25679
202204,우이신설선,삼양사거리,15918,15426,31344
202204,우이신설선,성신여대입구,22182,25826,48008
202204,우이신설선,솔밭공원,15035,14482,29517
202204,우이신설선,솔샘,31705,28640,60345
202204,우이신설선,신설동,12080,12011,24091
202204,우이신설선,정릉,30476,25004,55480
202204,우이신설선,화계,21289,19428,40717
202205,우이신설선,4.19민주묘지,22477,19678,42155
202205,우이신설선,가오리,26576,25239,51815
202205,우이신설선,보문,10794,10731,21525
202205,우이신설선,북한산보국문,43561,38212,81773
202205,우이신설선,북한산우이,39872,39895,79767
202205,우이신설선,삼양,13192,13275,26467
202205,우이신설선,삼양사거리,17165,16398,33563
202205,우이신설선,성신여대입구,24015,28809,52824
202205,우이신설선,솔밭공원,16255,15357,31612
202205,우이신설선,솔샘,33202,30074,63276
202205,우이신설선,신설동,12731,12473,25204
202205,우이신설선,정릉,33080,26794,59874
202205,우이신설선,화계,24366,22476,46842
202206,우이신설선,4.19민주묘지,19073,16404,35477
202206,우이신설선,가오리,23039,21192,44231
202206,우이신설선,보문,9027,8749,17776
202206,우이신설선,북한산보국문,36803,32207,69010
202206,우이신설선,북한산우이,29456,30786,60242
202206,우이신설선,삼양,11481,11673,23154
202206,우이신설선,삼양사거리,14752,13913,28665
202206,우이신설선,성신여대입구,20455,24107,44562
202206,우이신설선,솔밭공원,14106,13333,27439
202206,우이신설선,솔샘,29021,25722,54743
202206,우이신설선,신설동,10947,11026,21973
202206,우이신설선,정릉,28371,22764,51135
202206,우이신설선,화계,19938,17946,37884
202207,우이신설선,4.19민주묘지,21285,18659,39944
202207,우이신설선,가오리,27371,26162,53533
202207,우이신설선,보문,10902,10783,21685
202207,우이신설선,북한산보국문,42990,37841,80831
202207,우이신설선,북한산우이,34253,36324,70577
202207,우이신설선,삼양,13704,13759,27463
202207,우이신설선,삼양사거리,17659,17155,34814
202207,우이신설선,성신여대입구,25642,29631,55273
202207,우이신설선,솔밭공원,16283,15679,31962
202207,우이신설선,솔샘,34231,30763,64994
202207,우이신설선,신설동,12822,12826,25648
202207,우이신설선,정릉,32246,26504,58750
202207,우이신설선,화계,23203,21485,44688
202208,우이신설선,4.19민주묘지,16943,14746,31689
202208,우이신설선,가오리,21503,20537,42040
202208,우이신설선,보문,8411,8235,16646
202208,우이신설선,북한산보국문,32928,28223,61151
202208,우이신설선,북한산우이,27079,28599,55678
202208,우이신설선,삼양,10965,10911,21876
202208,우이신설선,삼양사거리,13703,13257,26960
202208,우이신설선,성신여대입구,19652,22385,42037
202208,우이신설선,솔밭공원,12957,12227,25184
202208,우이신설선,솔샘,26449,23968,50417
202208,우이신설선,신설동,10162,9857,20019
202208,우이신설선,정릉,25293,20403,45696
202208,우이신설선,화계,18352,16874,35226
202209,우이신설선,4.19민주묘지,17979,15365,33344
202209,우이신설선,가오리,21839,20617,42456
202209,우이신설선,보문,8491,8318,16809
202209,우이신설선,북한산보국문,35731,31673,67404
202209,우이신설선,북한산우이,28542,29426,57968
202209,우이신설선,삼양,11064,11279,22343
202209,우이신설선,삼양사거리,13935,13495,27430
202209,우이신설선,성신여대입구,19269,22612,41881
202209,우이신설선,솔밭공원,13598,12818,26416
202209,우이신설선,솔샘,27228,24614,51842
202209,우이신설선,신설동,10221,9942,20163
202209,우이신설선,정릉,26152,21461,47613
202209,우이신설선,화계,18842,17199,36041
202210,우이신설선,4.19민주묘지,25632,22524,48156
202210,우이신설선,가오리,30255,27830,58085
202210,우이신설선,보문,11807,11733,23540
202210,우이신설선,북한산보국문,50662,43962,94624
202210,우이신설선,북한산우이,45482,45228,90710
202210,우이신설선,삼양,14832,15082,29914
202210,우이신설선,삼양사거리,19457,18649,38106
202210,우이신설선,성신여대입구,26875,31990,58865
202210,우이신설선,솔밭공원,18449,17184,35633
202210,우이신설선,솔샘,38605,34925,73530
202210,우이신설선,신설동,14730,14368,29098
202210,우이신설선,정릉,38408,30822,69230
202210,우이신설선,화계,25906,23779,49685
202211,우이신설선,4.19민주묘지,20777,18223,39000
202211,우이신설선,가오리,23266,21850,45116
202211,우이신설선,보문,9474,9493,18967
202211,우이신설선,북한산보국문,39006,34345,73351
202211,우이신설선,북한산우이,31919,32138,64057
202211,우이신설선,삼양,11287,11543,22830
202211,우이신설선,삼양사거리,14618,14613,29231
202211,우이신설선,성신여대입구,21374,24852,46226
202211,우이신설선,솔밭공원,14805,13756,28561
202211,우이신설선,솔샘,29490,26526,56016
202211,우이신설선,신설동,11606,11396,23002
202211,우이신설선,정릉,29024,24164,53188
202211,우이신설선,화계,19955,18516,38471
202212,우이신설선,4.19민주묘지,18609,16945,35554
202212,우이신설선,가오리,25229,23505,48734
202212,우이신설선,보문,10401,10292,20693
202212,우이신설선,북한산보국문,41992,36136,78128
202212,우이신설선,북한산우이,26254,26355,52609
202212,우이신설선,삼양,12234,12517,24751
202212,우이신설선,삼양사거리,15752,15550,31302
202212,우이신설선,성신여대입구,23694,27777,51471
202212,우이신설선,솔밭공원,15301,13728,29029
202212,우이신설선,솔샘,32790,29101,61891
202212,우이신설선,신설동,12126,11921,24047
202212,우이신설선,정릉,30993,25848,56841
202212,우이신설선,화계,21512,19633,41145
202201,경춘선,가평,12443,12333,24776
202201,경춘선,갈매,14381,12502,26883
202201,경춘선,강촌,4145,4052,8197
202201,경춘선,굴봉산,1438,1688,3126
202201,경춘선,금곡,8373,7848,16221
202201,경춘선,김유정,3058,3213,6271
202201,경춘선,남춘천,20415,21434,41849
202201,경춘선,대성리,3811,3180,6991
202201,경춘선,마석,23418,23221,46639
202201,경춘선,백양리,3470,2846,6316
202201,경춘선,별내,18008,17205,35213
202201,경춘선,사릉,16097,15761,31858
202201,경춘선,상천,2327,1939,4266
202201,경춘선,신내,8579,8477,17056
202201,경춘선,천마산,10305,10236,20541
202201,경춘선,청평,11763,11646,23409
202201,경춘선,춘천,11324,10642,21966
202201,경춘선,퇴계원,19519,17983,37502
202201,경춘선,평내호평,33586,32012,65598
202202,경춘선,가평,10146,10108,20254
202202,경춘선,갈매,11447,10165,21612
202202,경춘선,강촌,3420,3314,6734
202202,경춘선,굴봉산,1259,1414,2673
202202,경춘선,금곡,6691,6470,13161
202202,경춘선,김유정,2860,2847,5707
202202,경춘선,남춘천,16362,16457,32819
202202,경춘선,대성리,3351,2923,6274
202202,경춘선,마석,18046,17607,35653
202202,경춘선,백양리,2568,2171,4739
202202,경춘선,별내,14203,13421,27624
202202,경춘선,사릉,12833,12711,25544
202202,경춘선,상천,1868,1646,3514
202202,경춘선,신내,7411,7174,14585
202202,경춘선,천마산,8033,8112,16145
202202,경춘선,청평,9225,9140,18365
202202,경춘선,춘천,8579,7755,16334
202202,경춘선,퇴계원,15246,14304,29550
202202,경춘선,평내호평,26201,25086,51287
202203,경춘선,가평,9102,8738,17840
202203,경춘선,갈매,11391,9829,21220
202203,경춘선,강촌,3218,3136,6354
202203,경춘선,굴봉산,1038,994,2032
202203,경춘선,금곡,6481,6144,12625
202203,경춘선,김유정,2557,2648,5205
202203,경춘선,남춘천,16084,18214,34298
202203,경춘선,대성리,3622,3029,6651
202203,경춘선,마석,17702,17278,34980
202203,경춘선,백양리,868,835,1703
202203,경춘선,별내,14006,12982,26988
202203,경춘선,사릉,11556,11275,22831
202203,경춘선,상천,2112,1739,3851
202203,경춘선,신내,7377,6938,14315
202203,경춘선,천마산,7904,7775,15679
202203,경춘선,청평,8896,8578,17474
202203,경춘선,춘천,8908,8631,17539
202203,경춘선,퇴계원,14791,13425,28216
202203,경춘선,평내호평,25784,24610,50394
202204,경춘선,가평,19105,18698,37803
202204,경춘선,갈매,16427,14139,30566
202204,경춘선,강촌,7477,7189,14666
202204,경춘선,굴봉산,2597,2651,5248
202204,경춘선,금곡,9942,9306,19248
202204,경춘선,김유정,5072,5697,10769
202204,경춘선,남춘천,25460,27964,53424
202204,경춘선,대성리,10158,10221,20379
202204,경춘선,마석,29632,28741,58373
202204,경춘선,백양리,1350,1292,2642
202204,경춘선,별내,19531,17973,37504
202204,경춘선,사릉,15000,14644,29644
202204,경춘선,상천,5103,4454,9557
202204,경춘선,신내,10951,10682,21633
202204,경춘선,천마산,12158,12051,24209
202204,경춘선,청평,17269,16298,33567
202204,경춘선,춘천,18719,15934,34653
202204,경춘선,퇴계원,22046,19849,41895
202204,경춘선,평내호평,38804,37410,76214
202205,경춘선,가평,26359,23260,49619
202205,경춘선,갈매,17346,14998,32344
202205,경춘선,강촌,9806,8165,17971
202205,경춘선,굴봉산,2549,2382,4931
202205,경춘선,금곡,10506,10040,20546
202205,경춘선,김유정,5808,6350,12158
202205,경춘선,남춘천,30359,34936,65295
202205,경춘선,대성리,26395,16712,43107
202205,경춘선,마석,32295,31200,63495
202205,경춘선,백양리,1697,1533,3230
202205,경춘선,별내,20836,19317,40153
202205,경춘선,사릉,16072,15496,31568
202205,경춘선,상천,5843,4513,10356
202205,경춘선,신내,11673,11578,23251
202205,경춘선,천마산,12723,12512,25235
202205,경춘선,청평,22891,19383,42274
202205,경춘선,춘천,22885,19012,41897
202205,경춘선,퇴계원,23662,21368,45030
202205,경춘선,평내호평,42035,40403,82438
202206,경춘선,가평,22942,23331,46273
202206,경춘선,갈매,15070,12999,28069
202206,경춘선,강촌,7040,6411,13451
202206,경춘선,굴봉산,3033,2796,5829
202206,경춘선,금곡,9342,8777,18119
202206,경춘선,김유정,4633,5477,10110
202206,경춘선,남춘천,25131,27564,52695
202206,경춘선,대성리,13618,11271,24889
202206,경춘선,마석,26301,25771,52072
202206,경춘선,백양리,1153,1080,2233
202206,경춘선,별내,18163,17055,35218
202206,경춘선,사릉,13548,13244,26792
202206,경춘선,상천,4425,3559,7984
202206,경춘선,신내,10302,9759,20061
202206,경춘선,천마산,11177,10649,21826
202206,경춘선,청평,18800,17847,36647
202206,경춘선,춘천,19135,15552,34687
202206,경춘선,퇴계원,20124,18290,38414
202206,경춘선,평내호평,35488,34366,69854
202207,경춘선,가평,32418,32075,64493
202207,경춘선,갈매,17183,14683,31866
202207,경춘선,강촌,8335,6837,15172
202207,경춘선,굴봉산,2313,1867,4180
202207,경춘선,금곡,10265,9497,19762
202207,경춘선,김유정,4352,4710,9062
202207,경춘선,남춘천,29290,30534,59824
202207,경춘선,대성리,16148,12202,28350
202207,경춘선,마석,31209,30326,61535
202207,경춘선,백양리,1582,1399,2981
202207,경춘선,별내,20741,19458,40199
202207,경춘선,사릉,14899,14780,29679
202207,경춘선,상천,4317,3778,8095
202207,경춘선,신내,11782,11784,23566
202207,경춘선,천마산,12421,11765,24186
202207,경춘선,청평,22917,21111,44028
202207,경춘선,춘천,19637,16213,35850
202207,경춘선,퇴계원,23174,21489,44663
202207,경춘선,평내호평,40847,39712,80559
202208,경춘선,가평,28088,29792,57880
202208,경춘선,갈매,13442,11620,25062
202208,경춘선,강촌,6388,5485,11873
202208,경춘선,굴봉산,1889,1546,3435
202208,경춘선,금곡,8355,7772,16127
202208,경춘선,김유정,3666,3869,7535
202208,경춘선,남춘천,23374,24545,47919
202208,경춘선,대성리,10374,8810,19184
202208,경춘선,마석,24602,24361,48963
202208,경춘선,백양리,1338,1045,2383
202208,경춘선,별내,16265,15201,31466
202208,경춘선,사릉,11966,11615,23581
202208,경춘선,상천,3643,3232,6875
202208,경춘선,신내,9469,9105,18574
202208,경춘선,천마산,9605,9205,18810
202208,경춘선,청평,18001,17224,35225
202208,경춘선,춘천,15882,13590,29472
202208,경춘선,퇴계원,18163,16404,34567
202208,경춘선,평내호평,32743,31653,64396
202209,경춘선,가평,22281,22472,44753
202209,경춘선,갈매,13719,11937,25656
202209,경춘선,강촌,6700,5740,12440
202209,경춘선,굴봉산,1838,1670,3508
202209,경춘선,금곡,8592,7973,16565
202209,경춘선,김유정,4089,4752,8841
202209,경춘선,남춘천,24778,27461,52239
202209,경춘선,대성리,14505,9979,24484
202209,경춘선,마석,25755,25052,50807
202209,경춘선,백양리,1822,1731,3553
202209,경춘선,별내,16243,15006,31249
202209,경춘선,사릉,12762,12372,25134
202209,경춘선,상천,4297,3699,7996
202209,경춘선,신내,9603,9048,18651
202209,경춘선,천마산,10308,9815,20123
202209,경춘선,청평,16826,15372,32198
202209,경춘선,춘천,17705,15407,33112
202209,경춘선,퇴계원,18788,16752,35540
202209,경춘선,평내호평,32702,31426,64128
202210,경춘선,가평,34729,35212,69941
202210,경춘선,갈매,19773,16927,36700
202210,경춘선,강촌,9121,8577,17698
202210,경춘선,굴봉산,2524,2293,4817
202210,경춘선,금곡,11752,10952,22704
202210,경춘선,김유정,7056,8173,15229
202210,경춘선,남춘천,36095,40660,76755
202210,경춘선,대성리,13892,12318,26210
202210,경춘선,마석,36611,34635,71246
202210,경춘선,백양리,1401,1437,2838
202210,경춘선,별내,22890,21194,44084
202210,경춘선,사릉,17904,17326,35230
202210,경춘선,상천,5908,5145,11053
202210,경춘선,신내,13417,12914,26331
202210,경춘선,천마산,14230,13767,27997
202210,경춘선,청평,21924,20942,42866
202210,경춘선,춘천,28413,24490,52903
202210,경춘선,퇴계원,26814,24083,50897
202210,경춘선,평내호평,47016,44643,91659
202211,경춘선,가평,19845,18852,38697
202211,경춘선,갈매,14598,12508,27106
202211,경춘선,강촌,5683,5007,10690
202211,경춘선,굴봉산,1512,1384,2896
202211,경춘선,금곡,8317,7690,16007
202211,경춘선,김유정,4084,4828,8912
202211,경춘선,남춘천,24825,28722,53547
202211,경춘선,대성리,11686,9253,20939
202211,경춘선,마석,25607,23909,49516
202211,경춘선,백양리,848,797,1645
202211,경춘선,별내,17138,15783,32921
202211,경춘선,사릉,12657,12284,24941
202211,경춘선,상천,3598,3099,6697
202211,경춘선,신내,9866,9475,19341
202211,경춘선,천마산,10258,9761,20019
202211,경춘선,청평,15788,14524,30312
202211,경춘선,춘천,16184,14740,30924
202211,경춘선,퇴계원,19933,18069,38002
202211,경춘선,평내호평,34216,32261,66477
202212,경춘선,가평,14581,14587,29168
202212,경춘선,갈매,15737,13208,28945
202212,경춘선,강촌,3667,3305,6972
202212,경춘선,굴봉산,1199,1344,2543
202212,경춘선,금곡,8480,7837,16317
202212,경춘선,김유정,3080,3219,6299
202212,경춘선,남춘천,23947,25508,49455
202212,경춘선,대성리,5364,4258,9622
202212,경춘선,마석,25772,24222,49994
202212,경춘선,백양리,2547,2098,4645
202212,경춘선,별내,17557,16299,33856
202212,경춘선,사릉,12790,12225,25015
202212,경춘선,상천,2059,1970,4029
202212,경춘선,신내,9743,9285,19028
202212,경춘선,천마산,10594,9753,20347
202212,경춘선,청평,13427,12717,26144
202212,경춘선,춘천,12971,11940,24911
202212,경춘선,퇴계원,20630,18523,39153
202212,경춘선,평내호평,35634,34075,69709
