사용일자,호선명,지하철역,승차총승객수,하차총승객수,승하차총승객수
20211002,경춘선,남춘천,3258,3625,6883
20211002,경의선,신촌,848,771,1619
20211002,경의선,효창공원앞,1621,1798,3419
20211002,경의선,공덕,2333,1828,4161
20211002,경의선,서강대,1694,1508,3202
20211002,경의선,홍대입구,1703,1898,3601
20211002,경의선,가좌,3766,3545,7311
20211002,경의선,서울역,1438,1726,3164
20211002,경의선,디지털미디어시티,1820,1611,3431
20211002,경의선,화전,1034,976,2010
20211002,경의선,강매,1842,1771,3613
20211002,경의선,행신,4882,5007,9889
20211002,경의선,능곡,2745,2640,5385
20211002,경의선,곡산,435,453,888
20211002,경의선,백마,4260,4020,8280
20211002,경의선,수색,1269,1285,2554
20211002,경원선,소요산,4316,3629,7945
20211002,경원선,동두천,1574,2254,3828
20211002,경원선,보산,1657,1535,3192
20211002,경원선,월계,4345,4042,8387
20211002,경원선,녹천,3252,2660,5912
20211002,경원선,방학,7064,6861,13925
20211002,경원선,도봉,4271,3990,8261
20211002,경원선,도봉산,9050,6481,15531
20211002,경원선,망월사,5302,5539,10841
20211002,경원선,회룡,9197,9152,18349
20211002,경원선,의정부,15451,16188,31639
20211002,경원선,가능,4835,4615,9450
20211002,경원선,녹양,3376,3324,6700
20211002,경원선,양주,6614,6477,13091
20211002,경원선,덕계,2304,2040,4344
20211002,경원선,덕정,4118,3906,8024
20211002,경원선,지행,5241,5151,10392
20211002,경원선,동두천중앙,2427,2440,4867
20211002,경의선,풍산,4135,3962,8097
20211002,경의선,일산,5958,5546,11504
20211002,경의선,탄현,5077,4969,10046
20211002,경의선,야당,5358,5235,10593
20211002,경인선,구일,4093,3867,7960
20211002,경인선,소사,6568,6595,13163
20211002,경인선,부개,6018,5590,11608
20211002,경인선,간석,3995,3959,7954
20211002,경인선,도원,1922,2034,3956
20211002,경인선,온수,4666,4245,8911
20211002,경인선,중동,6378,6053,12431
20211002,경인선,도화,3078,2785,5863
20211002,경춘선,신내,1165,1113,2278
20211002,경춘선,갈매,1875,1626,3501
20211002,경춘선,별내,2355,2313,4668
20211002,경춘선,퇴계원,2627,2436,5063
20211002,경춘선,사릉,2157,2193,4350
20211002,경춘선,금곡,1133,1115,2248
20211002,경춘선,평내호평,4500,4272,8772
20211002,경인선,인천,4709,4037,8746
20211002,경원선,광운대,5336,5124,10460
20211002,경인선,동인천,11094,11089,22183
20211002,경인선,주안,14096,12542,26638
20211002,경의선,운정,4555,4174,8729
20211002,경의선,금릉,3424,3344,6768
20211002,경의선,금촌,5142,5071,10213
20211002,경의선,월롱,1504,1361,2865
20211002,경의선,파주,861,650,1511
20211002,경의선,문산,4469,4392,8861
20211002,경의선,임진강,92,78,170
20211002,경인선,개봉,15637,15166,30803
20211002,경인선,오류동,8668,7851,16519
20211002,경인선,역곡,18832,18537,37369
20211002,경인선,부천,26490,26909,53399
20211002,경인선,송내,16613,16422,33035
20211002,경인선,부평,26083,28445,54528
20211002,경인선,백운,5190,5079,10269
20211002,경인선,동암,11314,11673,22987
20211002,경인선,제물포,6733,6573,13306
20211002,경원선,석계,6534,6889,13423
20211002,경원선,신이문,5794,5249,11043
20211002,경원선,외대앞,5784,5502,11286
20211002,경강선,초월,2004,1894,3898
20211002,경강선,곤지암,1729,1947,3676
20211002,경강선,신둔도예촌,1089,1088,2177
20211002,경강선,이천,2472,2703,5175
20211002,경강선,부발,1733,1544,3277
20211002,경강선,세종대왕릉,331,399,730
20211002,경강선,여주,2120,2499,4619
20211002,경부선,서울역,5621,1758,7379
20211002,경부선,남영,5073,5693,10766
20211002,경부선,용산,27946,31991,59937
20211002,경부선,노량진,8208,7533,15741
20211002,경부선,대방,7472,7388,14860
20211002,경부선,영등포,33486,35194,68680
20211002,경부선,신도림,2852,2867,5719
20211002,경부선,신길,5910,5065,10975
20211002,경강선,경기광주,4682,4637,9319
20211002,경부선,구로,12052,12347,24399
20211002,경강선,삼동,1376,1290,2666
20211002,경강선,판교,2722,2562,5284
20211002,9호선,사평,2025,1852,3877
20211002,9호선,신논현,22811,22032,44843
20211002,9호선2~3단계,언주,5401,5516,10917
20211002,9호선2~3단계,선정릉,4519,4988,9507
20211002,9호선2~3단계,삼성중앙,2730,2664,5394
20211002,9호선2~3단계,봉은사,8765,9180,17945
20211002,9호선2~3단계,종합운동장,2911,2621,5532
20211002,9호선2~3단계,삼전,4566,4178,8744
20211002,9호선2~3단계,석촌고분,3731,3617,7348
20211002,9호선2~3단계,석촌,6251,5260,11511
20211002,9호선2~3단계,송파나루,3558,3860,7418
20211002,9호선2~3단계,한성백제,2077,1705,3782
20211002,9호선2~3단계,올림픽공원,5912,6444,12356
20211002,9호선2~3단계,둔촌오륜,620,626,1246
20211002,9호선2~3단계,중앙보훈병원,4133,3891,8024
20211002,경강선,이매,901,647,1548
20211002,경춘선,마석,3076,3218,6294
20211002,경부선,가산디지털단지,5765,7902,13667
20211002,경부선,석수,6740,6193,12933
20211002,경부선,평택,12511,12038,24549
20211002,경부선,성환,2982,2775,5757
20211002,경부선,직산,639,617,1256
20211002,경부선,두정,5509,5541,11050
20211002,경부선,천안,6172,6666,12838
20211002,경부선,당정,3864,3650,7514
20211002,경부선,서동탄,930,1035,1965
20211002,경부선,광명,2469,2365,4834
20211002,경원선,이촌,3084,2076,5160
20211002,경원선,서빙고,1381,1314,2695
20211002,경원선,한남,2754,2574,5328
20211002,경원선,옥수,33,26,59
20211002,경원선,응봉,1382,1134,2516
20211002,경원선,왕십리,11082,12613,23695
20211002,경원선,청량리,14352,16014,30366
20211002,경부선,평택지제,2843,2647,5490
20211002,경부선,금천구청,7895,7817,15712
20211002,경부선,서정리,6138,5259,11397
20211002,경부선,진위,992,868,1860
20211002,경부선,관악,5425,5167,10592
20211002,경부선,안양,16185,16295,32480
20211002,경부선,명학,4825,4580,9405
20211002,경부선,금정,17222,17287,34509
20211002,경부선,군포,4070,3688,7758
20211002,경부선,의왕,5811,5529,11340
20211002,경부선,성균관대,9456,9494,18950
20211002,경부선,화서,5098,5118,10216
20211002,경부선,수원,33270,36149,69419
20211002,경부선,독산,8456,8183,16639
20211002,경부선,세류,2349,2342,4691
20211002,경부선,병점,11408,11022,22430
20211002,경부선,세마,2000,1743,3743
20211002,경부선,오산대,2663,2447,5110
20211002,경부선,오산,8477,8083,16560
20211002,경부선,송탄,4267,3879,8146
20211002,9호선,고속터미널,11669,16708,28377
20211002,경춘선,대성리,681,768,1449
20211002,경춘선,상천,473,432,905
20211002,장항선,배방,966,952,1918
20211002,장항선,온양온천,3446,3516,6962
20211002,장항선,신창,1352,1270,2622
20211002,중앙선,회기,18141,16839,34980
20211002,중앙선,중랑,4412,4131,8543
20211002,중앙선,상봉,5085,4916,10001
20211002,장항선,아산,2924,2965,5889
20211002,중앙선,망우,5915,5790,11705
20211002,중앙선,구리,9850,9901,19751
20211002,중앙선,도농,6321,6109,12430
20211002,중앙선,양정,717,640,1357
20211002,중앙선,덕소,4422,4503,8925
20211002,중앙선,도심,1602,1389,2991
20211002,중앙선,팔당,1569,1825,3394
20211002,중앙선,양원,1305,1323,2628
20211002,장항선,쌍용,1441,1277,2718
20211002,장항선,봉명,648,615,1263
20211002,일산선,대화,8442,7583,16025
20211002,수인선,송도,2000,1930,3930
20211002,수인선,인하대,3980,3701,7681
20211002,수인선,숭의,2813,2531,5344
20211002,수인선,신포,1364,1418,2782
20211002,수인선,인천,1251,2019,3270
20211002,안산선,산본,11689,12169,23858
20211002,안산선,대야미,3876,3468,7344
20211002,안산선,반월,3319,3121,6440
20211002,안산선,상록수,11213,11315,22528
20211002,일산선,화정,11847,12310,24157
20211002,일산선,대곡,1371,1219,2590
20211002,일산선,백석,6859,6854,13713
20211002,일산선,마두,4954,4980,9934
20211002,일산선,정발산,6168,6480,12648
20211002,일산선,주엽,6393,6245,12638
20211002,중앙선,운길산,1614,1738,3352
20211002,중앙선,양수,2367,2395,4762
20211002,중앙선,신원,384,291,675
20211002,중앙선,국수,657,745,1402
20211002,우이신설선,북한산우이,3232,3385,6617
20211002,안산선,수리산,2749,2590,5339
20211002,안산선,오이도,7631,7970,15601
20211002,안산선,정왕,5808,5937,11745
20211002,안산선,신길온천,1327,1284,2611
20211002,안산선,안산,8606,8893,17499
20211002,안산선,초지,3036,3042,6078
20211002,안산선,고잔,5711,5635,11346
20211002,안산선,중앙,13932,14541,28473
20211002,안산선,한대앞,6906,6715,13621
20211002,일산선,원당,7928,7565,15493
20211002,일산선,삼송,12742,12368,25110
20211002,일산선,지축,1,0,1
20211002,5호선,방화,4302,3989,8291
20211002,2호선,을지로3가,9389,9235,18624
20211002,우이신설선,솔밭공원,1818,1677,3495
20211002,수인선,연수,3513,3390,6903
20211002,우이신설선,4.19민주묘지,2264,2060,4324
20211002,우이신설선,화계,2358,2150,4508
20211002,중앙선,아신,657,704,1361
20211002,중앙선,오빈,325,348,673
20211002,중앙선,양평,2621,3100,5721
20211002,중앙선,원덕,405,478,883
20211002,중앙선,용문,2324,2763,5087
20211002,중앙선,지평,60,86,146
20211002,일산선,원흥,6767,6304,13071
20211002,우이신설선,신설동,1275,1227,2502
20211002,우이신설선,보문,1049,1019,2068
20211002,우이신설선,성신여대입구,2558,2944,5502
20211002,우이신설선,정릉,3586,2842,6428
20211002,우이신설선,북한산보국문,4755,4227,8982
20211002,우이신설선,솔샘,3516,3184,6700
20211002,우이신설선,삼양사거리,1810,1735,3545
20211002,우이신설선,삼양,1477,1513,2990
20211002,우이신설선,가오리,2807,2635,5442
20211002,수인선,원인재,3444,3565,7009
20211002,수인선,남동인더스파크,979,898,1877
20211002,수인선,호구포,2371,2314,4685
20211002,공항철도 1호선,영종,2742,2936,5678
20211002,과천선,선바위,4787,4342,9129
20211002,과천선,경마공원,1160,1131,2291
20211002,과천선,대공원,6385,6823,13208
20211002,과천선,과천,4054,3578,7632
20211002,과천선,정부과천청사,5575,5585,11160
20211002,과천선,인덕원,14167,13948,28115
20211002,과천선,평촌,8501,8257,16758
20211002,과천선,범계,18182,17817,35999
20211002,분당선,선릉,4658,7110,11768
20211002,분당선,한티,11396,11357,22753
20211002,분당선,도곡,4596,4042,8638
20211002,분당선,구룡,1250,1072,2322
20211002,분당선,개포동,2566,2500,5066
20211002,분당선,대모산입구,3010,2714,5724
20211002,공항철도 1호선,인천공항2터미널,1915,1722,3637
20211002,분당선,수서,9382,9979,19361
20211002,공항철도 1호선,인천공항1터미널,3387,3383,6770
20211002,공항철도 1호선,운서,5814,5868,11682
20211002,경춘선,가평,2454,2869,5323
20211002,경춘선,굴봉산,246,254,500
20211002,경춘선,백양리,135,145,280
20211002,경춘선,강촌,793,911,1704
20211002,경춘선,김유정,646,762,1408
20211002,경춘선,춘천,2124,1973,4097
20211002,공항철도 1호선,서울역,6331,7155,13486
20211002,공항철도 1호선,공덕,1419,2016,3435
20211002,공항철도 1호선,홍대입구,10582,10208,20790
20211002,공항철도 1호선,디지털미디어시티,4820,4402,9222
20211002,공항철도 1호선,마곡나루,3070,3228,6298
20211002,공항철도 1호선,김포공항,10971,6300,17271
20211002,공항철도 1호선,계양,6595,5986,12581
20211002,공항철도 1호선,검암,4326,4512,8838
20211002,공항철도 1호선,청라국제도시,3874,3791,7665
20211002,공항철도 1호선,공항화물청사,1361,1357,2718
20211002,경춘선,청평,1750,1966,3716
20211002,분당선,복정,2,0,2
20211002,분당선,서울숲,8950,9156,18106
20211002,분당선,청명,2526,2460,4986
20211002,분당선,영통,6123,5995,12118
20211002,분당선,망포,8445,7635,16080
20211002,분당선,매탄권선,3149,2928,6077
20211002,분당선,수원시청,9461,10270,19731
20211002,분당선,매교,2005,2028,4033
20211002,수인선,고색,2250,2255,4505
20211002,수인선,오목천,1840,1637,3477
20211002,수인선,어천,710,649,1359
20211002,수인선,야목,231,222,453
20211002,수인선,사리,3132,2721,5853
20211002,수인선,달월,74,73,147
20211002,수인선,월곶,1965,1946,3911
20211002,수인선,소래포구,7565,7870,15435
20211002,수인선,인천논현,4219,4288,8507
20211002,분당선,상갈,3726,3674,7400
20211002,분당선,수원,6551,5743,12294
20211002,분당선,기흥,6216,5922,12138
20211002,분당선,구성,3059,3142,6201
20211002,분당선,압구정로데오,16508,18763,35271
20211002,분당선,강남구청,4811,6094,10905
20211002,분당선,선정릉,3203,3320,6523
20211002,분당선,가천대,4851,5215,10066
20211002,분당선,태평,10145,9367,19512
20211002,분당선,모란,14693,14772,29465
20211002,분당선,야탑,15827,16687,32514
20211002,분당선,서현,16267,16236,32503
20211002,분당선,수내,8077,7647,15724
20211002,분당선,정자,9771,10004,19775
20211002,분당선,미금,9991,10526,20517
20211002,분당선,오리,7207,6035,13242
20211002,분당선,이매,4009,3908,7917
20211002,분당선,보정,1431,1333,2764
20211002,분당선,죽전,9783,10715,20498
20211002,분당선,신갈,2701,2670,5371
20211002,9호선,신반포,2437,2338,4775
20211002,경춘선,천마산,1335,1425,2760
20211002,9호선,동작,1464,1216,2680
20211002,3호선,남부터미널,17580,18712,36292
20211002,3호선,교대,6290,3723,10013
20211002,3호선,고속터미널,41480,43984,85464
20211002,3호선,잠원,3620,3398,7018
20211002,3호선,신사,22615,23825,46440
20211002,3호선,압구정,22787,23713,46500
20211002,3호선,양재,18935,20872,39807
20211002,3호선,옥수,6866,6923,13789
20211002,1호선,동묘앞,10868,11022,21890
20211002,1호선,종각,15950,14612,30562
20211002,1호선,종로3가,21164,19652,40816
20211002,1호선,종로5가,16986,16811,33797
20211002,1호선,동대문,9894,9300,19194
20211002,1호선,신설동,8994,8457,17451
20211002,1호선,서울역,27912,30215,58127
20211002,3호선,매봉,5655,5311,10966
20211002,3호선,도곡,3350,3443,6793
20211002,3호선,대치,8629,7760,16389
20211002,4호선,동대문,13526,13602,27128
20211002,4호선,혜화,23328,24139,47467
20211002,4호선,한성대입구,9852,9373,19225
20211002,4호선,성신여대입구,15958,14667,30625
20211002,4호선,길음,13639,13036,26675
20211002,4호선,미아사거리,20372,18987,39359
20211002,4호선,미아,10512,9762,20274
20211002,4호선,수유,24153,23436,47589
20211002,3호선,오금,3344,3111,6455
20211002,3호선,경찰병원,3640,3479,7119
20211002,3호선,가락시장,5279,4924,10203
20211002,3호선,수서,11735,12137,23872
20211002,3호선,일원,4470,4436,8906
20211002,3호선,대청,5269,4913,10182
20211002,3호선,학여울,3166,3271,6437
20211002,1호선,제기동,13916,14155,28071
20211002,1호선,청량리,16432,16590,33022
20211002,2호선,시청,7812,6978,14790
20211002,2호선,을지로입구,18022,18359,36381
20211002,2호선,교대,15617,17476,33093
20211002,2호선,서초,9207,8137,17344
20211002,2호선,방배,9073,9164,18237
20211002,2호선,사당,26401,29341,55742
20211002,2호선,낙성대,19877,18103,37980
20211002,2호선,서울대입구,35053,33356,68409
20211002,2호선,봉천,15681,14162,29843
20211002,2호선,신림,45477,43500,88977
20211002,2호선,신대방,18334,17507,35841
20211002,2호선,구로디지털단지,30413,29820,60233
20211002,2호선,대림,16630,17460,34090
20211002,2호선,신도림,35293,35479,70772
20211002,2호선,문래,11147,11563,22710
20211002,2호선,영등포구청,11926,12283,24209
20211002,2호선,당산,11925,12799,24724
20211002,2호선,강남,52868,52299,105167
20211002,4호선,동대문역사문화공원,9809,8596,18405
20211002,2호선,역삼,16342,18020,34362
20211002,2호선,삼성,24033,24203,48236
20211002,2호선,을지로4가,6460,6804,13264
20211002,2호선,동대문역사문화공원,9000,9676,18676
20211002,2호선,신당,9886,10173,20059
20211002,2호선,상왕십리,9038,8355,17393
20211002,2호선,왕십리,12143,10102,22245
20211002,2호선,한양대,3596,3643,7239
20211002,2호선,뚝섬,13181,13457,26638
20211002,2호선,성수,16352,19083,35435
20211002,2호선,건대입구,29741,31568,61309
20211002,2호선,구의,14679,14313,28992
20211002,2호선,강변,23646,25858,49504
20211002,2호선,잠실나루,7779,7590,15369
20211002,2호선,잠실,55475,52828,108303
20211002,2호선,잠실새내,14971,15438,30409
20211002,2호선,종합운동장,4486,4839,9325
20211002,2호선,선릉,21747,19225,40972
20211002,4호선,충무로,12101,12503,24604
20211002,4호선,명동,11900,13780,25680
20211002,4호선,회현,16119,17475,33594
20211002,5호선,길동,5441,5588,11029
20211002,5호선,강동,11835,11294,23129
20211002,5호선,천호,15082,14379,29461
20211002,5호선,광나루,9259,8726,17985
20211002,5호선,아차산,12160,11607,23767
20211002,5호선,군자,7912,8539,16451
20211002,5호선,장한평,10513,10194,20707
20211002,5호선,답십리,9403,8462,17865
20211002,5호선,마장,3564,3371,6935
20211002,5호선,왕십리,3120,3702,6822
20211002,5호선,행당,5668,4871,10539
20211002,5호선,신금호,3712,3926,7638
20211002,5호선,청구,2309,2216,4525
20211002,5호선,동대문역사문화공원,873,1134,2007
20211002,5호선,을지로4가,3128,3388,6516
20211002,5호선,굽은다리,6467,6138,12605
20211002,5호선,종로3가,10801,11367,22168
20211002,5호선,명일,5627,5656,11283
20211002,5호선,상일동,8985,8324,17309
20211002,9호선,구반포,1553,1633,3186
20211002,6호선,역촌,2549,2971,5520
20211002,6호선,응암,11766,11451,23217
20211002,5호선,하남검단산,4772,4779,9551
20211002,5호선,하남시청,4426,4219,8645
20211002,5호선,하남풍산,2489,2533,5022
20211002,5호선,미사,10847,10773,21620
20211002,5호선,강일,2381,2236,4617
20211002,5호선,마천,4329,4336,8665
20211002,5호선,거여,5618,5262,10880
20211002,5호선,개롱,4089,4268,8357
20211002,5호선,오금,2029,1940,3969
20211002,5호선,방이,4677,4633,9310
20211002,5호선,올림픽공원,3377,3210,6587
20211002,5호선,둔촌동,5901,5827,11728
20211002,5호선,고덕,6078,5957,12035
20211002,2호선,합정,24937,27274,52211
20211002,5호선,광화문,11884,12761,24645
20211002,5호선,충정로,1912,1736,3648
20211002,5호선,개화산,3594,3442,7036
20211002,4호선,쌍문,20250,18067,38317
20211002,4호선,창동,17511,18161,35672
20211002,4호선,노원,14858,15864,30722
20211002,4호선,상계,13307,12483,25790
20211002,4호선,당고개,9052,8670,17722
20211002,4호선,남태령,1068,801,1869
20211002,4호선,사당,18403,15835,34238
20211002,4호선,총신대입구,13573,14547,28120
20211002,4호선,동작,1888,1935,3823
20211002,4호선,이촌,5910,6729,12639
20211002,4호선,신용산,8557,9514,18071
20211002,4호선,삼각지,3001,3958,6959
20211002,4호선,숙대입구,8401,8000,16401
20211002,4호선,서울역,4898,11312,16210
20211002,5호선,김포공항,6656,7005,13661
20211002,5호선,서대문,6594,6276,12870
20211002,5호선,송정,4950,4752,9702
20211002,5호선,발산,12434,13237,25671
20211002,5호선,애오개,3349,3069,6418
20211002,5호선,공덕,6537,6597,13134
20211002,5호선,마포,6496,6620,13116
20211002,5호선,여의나루,14030,15139,29169
20211002,5호선,여의도,9574,10484,20058
20211002,5호선,신길,2421,2533,4954
20211002,5호선,영등포시장,6659,6884,13543
20211002,5호선,영등포구청,1882,1805,3687
20211002,5호선,양평,3433,3175,6608
20211002,5호선,오목교,15061,15563,30624
20211002,5호선,목동,10536,10440,20976
20211002,5호선,신정,8281,7042,15323
20211002,5호선,까치산,19736,18888,38624
20211002,5호선,화곡,18762,17113,35875
20211002,5호선,우장산,9005,8977,17982
20211002,5호선,마곡,4755,4815,9570
20211002,2호선,홍대입구,52207,55757,107964
20211002,6호선,불광,3431,3132,6563
20211002,2호선,이대,9963,9748,19711
20211002,6호선,새절,8203,7624,15827
20211002,6호선,구산,5217,3748,8965
20211002,6호선,연신내,1,0,1
20211002,6호선,독바위,1999,2255,4254
20211002,7호선,철산,13609,13664,27273
20211002,7호선,광명사거리,15425,15227,30652
20211002,7호선,천왕,6296,5908,12204
20211002,7호선,온수,5229,4954,10183
20211002,7호선,까치울,5376,5352,10728
20211002,7호선,부천종합운동장,3022,2745,5767
20211002,7호선,춘의,4866,4539,9405
20211002,7호선,신중동,8950,8808,17758
20211002,7호선,부천시청,9004,8798,17802
20211002,7호선,상동,9686,10139,19825
20211002,7호선,삼산체육관,3471,3158,6629
20211002,6호선,증산,6806,6686,13492
20211002,7호선,굴포천,6001,6303,12304
20211002,6호선,디지털미디어시티,6551,6659,13210
20211002,6호선,마포구청,9005,7616,16621
20211002,6호선,신당,5696,4834,10530
20211002,6호선,청구,2346,2252,4598
20211002,6호선,약수,2286,2155,4441
20211002,6호선,버티고개,1165,1349,2514
20211002,6호선,한강진,7032,8469,15501
20211002,6호선,이태원,10700,11483,22183
20211002,6호선,녹사평,4890,5186,10076
20211002,6호선,삼각지,4835,3773,8608
20211002,6호선,효창공원앞,4283,3655,7938
20211002,6호선,공덕,9111,8642,17753
20211002,6호선,대흥,5226,5091,10317
20211002,6호선,광흥창,4816,4480,9296
20211002,6호선,상수,6955,8258,15213
20211002,6호선,합정,11291,10707,21998
20211002,6호선,망원,11700,12856,24556
20211002,6호선,월드컵경기장,6012,6488,12500
20211002,6호선,동묘앞,7391,7057,14448
20211002,7호선,부평구청,4656,4111,8767
20211002,8호선,천호,10806,12534,23340
20211002,9호선,마곡나루,7284,7135,14419
20211002,9호선,양천향교,5442,5204,10646
20211002,9호선,가양,13112,12218,25330
20211002,9호선,증미,3775,3552,7327
20211002,9호선,등촌,7015,6734,13749
20211002,9호선,염창,10885,9975,20860
20211002,9호선,신목동,2220,1844,4064
20211002,9호선,선유도,3923,3725,7648
20211002,9호선,당산,11790,10985,22775
20211002,9호선,국회의사당,3597,3750,7347
20211002,9호선,여의도,10475,10030,20505
20211002,9호선,샛강,2247,2356,4603
20211002,9호선,노량진,20274,19652,39926
20211002,9호선,노들,3334,2837,6171
20211002,2호선,신촌,38019,36582,74601
20211002,9호선,신방화,4300,4109,8409
20211002,8호선,암사,11529,10544,22073
20211002,9호선,공항시장,2139,2264,4403
20211002,9호선,개화,1462,1198,2660
20211002,8호선,강동구청,5628,5653,11281
20211002,8호선,몽촌토성,4414,4485,8899
20211002,8호선,잠실,10859,12627,23486
20211002,8호선,석촌,5379,6520,11899
20211002,8호선,송파,4583,4742,9325
20211002,8호선,가락시장,4364,4374,8738
20211002,8호선,문정,7524,7531,15055
20211002,8호선,장지,11458,10552,22010
20211002,8호선,복정,6620,5832,12452
20211002,8호선,산성,4162,4217,8379
20211002,8호선,남한산성입구,8514,7572,16086
20211002,8호선,단대오거리,6953,6374,13327
20211002,8호선,신흥,3479,3619,7098
20211002,8호선,수진,3880,3420,7300
20211002,8호선,모란,3250,2854,6104
20211002,9호선,김포공항,6845,12880,19725
20211002,6호선,창신,2053,1640,3693
20211002,9호선,흑석,5108,5110,10218
20211002,6호선,안암,6119,5742,11861
20211002,3호선,종로3가,5182,7418,12600
20211002,3호선,을지로3가,4567,4997,9564
20211002,3호선,동대입구,6102,6697,12799
20211002,3호선,약수,8506,7962,16468
20211002,3호선,금호,5553,5029,10582
20211002,7호선,가산디지털단지,13508,12152,25660
20211002,3호선,경복궁,15290,16547,31837
20211002,7호선,남구로,7496,7809,15305
20211002,7호선,신풍,7495,7057,14552
20211002,7호선,보라매,5518,5209,10727
20211002,7호선,신대방삼거리,10329,9511,19840
20211002,7호선,장승배기,6381,6003,12384
20211002,7호선,상도,6861,6330,13191
20211002,7호선,숭실대입구,8112,8013,16125
20211002,7호선,대림,6307,6591,12898
20211002,3호선,독립문,5385,5735,11120
20211002,3호선,무악재,2546,2617,5163
20211002,3호선,홍제,12142,11113,23255
20211002,6호선,보문,4710,4167,8877
20211002,2호선,아현,7177,6549,13726
20211002,2호선,충정로,5192,5483,10675
20211002,2호선,용답,1993,1891,3884
20211002,2호선,신답,937,958,1895
20211002,2호선,신설동,2861,2699,5560
20211002,2호선,도림천,742,689,1431
20211002,2호선,양천구청,4785,4795,9580
20211002,2호선,신정네거리,6867,6769,13636
20211002,2호선,용두,1556,1479,3035
20211002,3호선,지축,2914,2817,5731
20211002,3호선,구파발,14312,14272,28584
20211002,3호선,연신내,27011,25256,52267
20211002,3호선,불광,12358,13797,26155
20211002,3호선,녹번,9609,8446,18055
20211002,7호선,남성,7193,6549,13742
20211002,7호선,이수,11022,10350,21372
20211002,3호선,안국,13093,14887,27980
20211002,7호선,고속터미널,12018,10069,22087
20211002,7호선,하계,12005,10952,22957
20211002,7호선,중계,8747,7772,16519
20211002,7호선,노원,14487,15227,29714
20211002,7호선,마들,8438,7854,16292
20211002,7호선,수락산,9592,9332,18924
20211002,7호선,장암,1630,1125,2755
20211002,6호선,봉화산,4902,4719,9621
20211002,6호선,화랑대,6921,5700,12621
20211002,6호선,태릉입구,4020,4224,8244
20211002,6호선,석계,8222,8127,16349
20211002,6호선,돌곶이,5662,5193,10855
20211002,6호선,상월곡,3876,3379,7255
20211002,6호선,월곡,7132,6757,13889
20211002,6호선,고려대,4948,4616,9564
20211002,7호선,내방,7265,7084,14349
20211002,7호선,공릉,8269,8069,16338
20211002,7호선,태릉입구,6453,6012,12465
20211002,7호선,도봉산,6632,8968,15600
20211002,1호선,시청,9264,9301,18565
20211002,7호선,먹골,7499,7289,14788
20211002,7호선,논현,10390,11192,21582
20211002,7호선,학동,9188,9596,18784
20211002,7호선,강남구청,9337,10209,19546
20211002,7호선,청담,9840,10647,20487
20211002,7호선,뚝섬유원지,11238,10456,21694
20211002,7호선,건대입구,9466,9772,19238
20211002,7호선,어린이대공원,10287,10305,20592
20211002,7호선,반포,4061,3891,7952
20211002,7호선,중곡,6969,6637,13606
20211002,7호선,용마산,4032,4161,8193
20211002,7호선,사가정,11732,11018,22750
20211002,7호선,면목,10405,10049,20454
20211002,7호선,상봉,12224,11559,23783
20211002,7호선,중화,7320,6863,14183
20211002,7호선,군자,9777,7456,17233
20211003,8호선,천호,8048,9366,17414
20211003,8호선,강동구청,4003,4081,8084
20211003,8호선,몽촌토성,3765,3599,7364
20211003,8호선,잠실,8887,10023,18910
20211003,8호선,석촌,3688,4751,8439
20211003,8호선,송파,3187,3273,6460
20211003,8호선,가락시장,2585,3325,5910
20211003,8호선,복정,4535,4156,8691
20211003,8호선,장지,8366,8076,16442
20211003,8호선,산성,3380,3423,6803
20211003,8호선,남한산성입구,6458,6007,12465
20211003,8호선,단대오거리,5214,4909,10123
20211003,8호선,신흥,2410,2517,4927
20211003,8호선,암사,8153,7637,15790
20211003,8호선,문정,5091,5339,10430
20211003,7호선,부평구청,3517,3062,6579
20211003,7호선,신풍,5524,5245,10769
20211003,7호선,굴포천,4421,4623,9044
20211003,8호선,수진,2679,2341,5020
20211003,7호선,대림,5898,5574,11472
20211003,7호선,남구로,6021,5806,11827
20211003,7호선,가산디지털단지,9839,8969,18808
20211003,7호선,철산,9684,9706,19390
20211003,7호선,광명사거리,11455,11166,22621
20211003,7호선,천왕,4714,4413,9127
20211003,7호선,온수,3618,3666,7284
20211003,7호선,까치울,4107,4146,8253
20211003,7호선,부천종합운동장,2376,2107,4483
20211003,7호선,춘의,3281,3074,6355
20211003,7호선,신중동,6281,6329,12610
20211003,7호선,부천시청,6664,6508,13172
20211003,7호선,상동,6693,6686,13379
20211003,7호선,삼산체육관,2494,2284,4778
20211003,중앙선,지평,46,63,109
20211003,8호선,모란,2442,2065,4507
20211003,9호선2~3단계,올림픽공원,4021,4703,8724
20211003,9호선,김포공항,6479,10464,16943
20211003,9호선,신반포,1554,1603,3157
20211003,9호선,고속터미널,8869,12115,20984
20211003,9호선,사평,1277,1283,2560
20211003,9호선,신논현,14338,13618,27956
20211003,9호선2~3단계,언주,3361,3461,6822
20211003,9호선2~3단계,선정릉,2819,3181,6000
20211003,9호선2~3단계,삼성중앙,1791,1836,3627
20211003,9호선2~3단계,봉은사,6754,6805,13559
20211003,9호선2~3단계,종합운동장,1857,1659,3516
20211003,9호선2~3단계,삼전,3287,3000,6287
20211003,9호선2~3단계,석촌고분,2783,2739,5522
20211003,9호선2~3단계,석촌,4355,3694,8049
20211003,9호선2~3단계,송파나루,2787,3091,5878
20211003,9호선2~3단계,한성백제,1688,1406,3094
20211003,경의선,강매,1451,1382,2833
20211003,9호선,구반포,1056,1184,2240
20211003,9호선,개화,1152,1090,2242
20211003,9호선,동작,1183,964,2147
20211003,9호선,노들,2675,2350,5025
20211003,9호선,공항시장,1651,1741,3392
20211003,9호선,신방화,3293,3147,6440
20211003,9호선,마곡나루,5616,5664,11280
20211003,9호선,양천향교,3927,4024,7951
20211003,9호선,가양,9324,9122,18446
20211003,9호선,증미,2836,2772,5608
20211003,9호선,등촌,5072,4956,10028
20211003,9호선,염창,7931,7666,15597
20211003,9호선,신목동,1605,1441,3046
20211003,9호선,선유도,2961,2913,5874
20211003,9호선,당산,8364,7903,16267
20211003,9호선,국회의사당,3575,3550,7125
20211003,9호선,여의도,8145,7656,15801
20211003,9호선,샛강,1558,1528,3086
20211003,9호선,노량진,14314,14684,28998
20211003,9호선,흑석,3652,3714,7366
20211003,7호선,보라매,4437,4412,8849
20211003,6호선,태릉입구,2808,3154,5962
20211003,7호선,장승배기,4589,4416,9005
20211003,6호선,공덕,6475,6036,12511
20211003,6호선,효창공원앞,3106,2738,5844
20211003,6호선,삼각지,3653,2799,6452
20211003,6호선,녹사평,4133,4183,8316
20211003,6호선,이태원,9203,9224,18427
20211003,6호선,한강진,5828,7054,12882
20211003,6호선,버티고개,893,1030,1923
20211003,6호선,약수,1580,1504,3084
20211003,6호선,청구,1638,1496,3134
20211003,6호선,신당,4073,4827,8900
20211003,6호선,동묘앞,6168,6152,12320
20211003,6호선,창신,1521,1275,2796
20211003,6호선,보문,3710,3327,7037
20211003,6호선,안암,4686,4779,9465
20211003,6호선,고려대,3904,3673,7577
20211003,6호선,대흥,3627,3547,7174
20211003,6호선,월곡,5058,4930,9988
20211003,6호선,광흥창,3617,3328,6945
20211003,6호선,합정,8972,8210,17182
20211003,9호선2~3단계,둔촌오륜,369,408,777
20211003,경의선,화전,808,811,1619
20211003,공항철도 1호선,서울역,6003,5368,11371
20211003,공항철도 1호선,공덕,1141,1499,2640
20211003,공항철도 1호선,홍대입구,9092,8909,18001
20211003,공항철도 1호선,디지털미디어시티,3430,3426,6856
20211003,공항철도 1호선,마곡나루,2348,2548,4896
20211003,공항철도 1호선,김포공항,10176,5344,15520
20211003,공항철도 1호선,계양,4898,4761,9659
20211003,6호선,새절,6217,6012,12229
20211003,6호선,증산,5389,5390,10779
20211003,6호선,디지털미디어시티,4822,5010,9832
20211003,6호선,월드컵경기장,6238,6563,12801
20211003,6호선,마포구청,6919,6016,12935
20211003,6호선,망원,9424,10367,19791
20211003,6호선,상수,5462,6514,11976
20211003,7호선,신대방삼거리,7311,6989,14300
20211003,6호선,상월곡,3020,2711,5731
20211003,6호선,석계,6183,6347,12530
20211003,7호선,군자,7244,5598,12842
20211003,7호선,어린이대공원,8276,8237,16513
20211003,7호선,건대입구,7256,7374,14630
20211003,7호선,뚝섬유원지,10482,9509,19991
20211003,7호선,청담,6134,6396,12530
20211003,7호선,강남구청,5449,6037,11486
20211003,7호선,학동,4970,5259,10229
20211003,7호선,논현,5927,6343,12270
20211003,7호선,반포,2688,2725,5413
20211003,7호선,고속터미널,9160,6490,15650
20211003,7호선,내방,4712,4753,9465
20211003,7호선,이수,7730,7452,15182
20211003,7호선,남성,5097,4811,9908
20211003,7호선,숭실대입구,5290,5562,10852
20211003,7호선,상도,4933,4655,9588
20211003,7호선,중곡,4817,4503,9320
20211003,6호선,돌곶이,4251,3882,8133
20211003,7호선,용마산,3040,3442,6482
20211003,7호선,면목,7661,7588,15249
20211003,6호선,화랑대,5075,4328,9403
20211003,6호선,봉화산,3738,3777,7515
20211003,6호선,신내,1,0,1
20211003,7호선,장암,1497,1186,2683
20211003,7호선,도봉산,5752,8467,14219
20211003,7호선,수락산,8392,8365,16757
20211003,7호선,마들,5669,5235,10904
20211003,7호선,노원,10151,10456,20607
20211003,7호선,중계,6449,5911,12360
20211003,7호선,하계,8498,7810,16308
20211003,7호선,공릉,6113,6296,12409
20211003,7호선,태릉입구,4770,4484,9254
20211003,7호선,먹골,5168,5031,10199
20211003,7호선,중화,5370,5147,10517
20211003,7호선,상봉,8917,8551,17468
20211003,7호선,사가정,8799,8485,17284
20211003,9호선2~3단계,중앙보훈병원,3084,2964,6048
20211003,경원선,덕정,3152,3242,6394
20211003,경강선,이매,694,511,1205
20211003,장항선,배방,806,857,1663
20211003,장항선,아산,2425,1997,4422
20211003,장항선,쌍용,984,994,1978
20211003,장항선,봉명,479,510,989
20211003,일산선,대화,6294,5910,12204
20211003,일산선,주엽,4336,4344,8680
20211003,장항선,온양온천,2923,2858,5781
20211003,일산선,정발산,5250,5382,10632
20211003,일산선,백석,5120,4952,10072
20211003,일산선,대곡,1019,862,1881
20211003,일산선,화정,8914,9044,17958
20211003,일산선,원당,5884,5734,11618
20211003,일산선,삼송,10006,9789,19795
20211003,일산선,원흥,5137,4926,10063
20211003,일산선,마두,3246,3208,6454
20211003,장항선,신창,1046,1207,2253
20211003,중앙선,회기,14145,13896,28041
20211003,중앙선,중랑,3324,3266,6590
20211003,중앙선,오빈,277,281,558
20211003,중앙선,아신,607,577,1184
20211003,중앙선,국수,700,686,1386
20211003,중앙선,신원,479,347,826
20211003,중앙선,양수,2339,2264,4603
20211003,중앙선,운길산,2053,1940,3993
20211003,중앙선,팔당,1776,1958,3734
20211003,중앙선,도심,1241,1195,2436
20211003,중앙선,덕소,3642,3603,7245
20211003,중앙선,양정,594,529,1123
20211003,중앙선,도농,5054,4999,10053
20211003,중앙선,구리,7530,7753,15283
20211003,중앙선,양원,990,1010,2000
20211003,중앙선,망우,4733,4759,9492
20211003,중앙선,상봉,4134,4036,8170
20211003,우이신설선,신설동,1106,1116,2222
20211003,우이신설선,보문,835,826,1661
20211003,우이신설선,성신여대입구,2033,2446,4479
20211003,우이신설선,정릉,2544,2174,4718
20211003,안산선,반월,2374,2433,4807
20211003,안산선,대야미,2986,2704,5690
20211003,안산선,산본,8195,8850,17045
20211003,수인선,인천,1260,1900,3160
20211003,수인선,신포,1257,1231,2488
20211003,수인선,숭의,2025,1931,3956
20211003,수인선,인하대,3177,3043,6220
20211003,수인선,송도,1543,1480,3023
20211003,수인선,연수,2795,2872,5667
20211003,수인선,원인재,2907,2931,5838
20211003,수인선,남동인더스파크,588,533,1121
20211003,수인선,호구포,1903,1837,3740
20211003,수인선,인천논현,3002,3094,6096
20211003,수인선,소래포구,7909,7831,15740
20211003,경의선,행신,4064,3868,7932
20211003,안산선,상록수,8682,8416,17098
20211003,중앙선,양평,4501,4188,8689
20211003,안산선,한대앞,5269,5222,10491
20211003,안산선,고잔,4308,4170,8478
20211003,우이신설선,북한산보국문,3588,3323,6911
20211003,우이신설선,솔샘,2593,2347,4940
20211003,우이신설선,삼양사거리,1551,1417,2968
20211003,우이신설선,삼양,1171,1209,2380
20211003,우이신설선,화계,1831,1757,3588
20211003,우이신설선,가오리,2270,2054,4324
20211003,우이신설선,4.19민주묘지,1985,1689,3674
20211003,우이신설선,솔밭공원,1397,1301,2698
20211003,우이신설선,북한산우이,3674,3779,7453
20211003,안산선,수리산,2150,2195,4345
20211003,안산선,오이도,6711,6762,13473
20211003,안산선,정왕,4810,4879,9689
20211003,안산선,신길온천,1086,1101,2187
20211003,안산선,안산,8679,8127,16806
20211003,안산선,초지,2248,2217,4465
20211003,안산선,중앙,10789,10945,21734
20211003,중앙선,원덕,448,409,857
20211003,중앙선,용문,2578,2316,4894
20211003,경원선,동두천중앙,1971,1886,3857
20211003,경부선,금천구청,6066,5851,11917
20211003,경부선,석수,5235,4909,10144
20211003,경부선,관악,4670,4248,8918
20211003,경부선,안양,12699,12372,25071
20211003,경부선,명학,3226,3206,6432
20211003,경부선,금정,13098,13231,26329
20211003,경부선,군포,2697,2574,5271
20211003,경부선,의왕,4115,4102,8217
20211003,경부선,성균관대,7056,7482,14538
20211003,경부선,화서,3786,3756,7542
20211003,경부선,수원,29372,29407,58779
20211003,경부선,독산,6103,5933,12036
20211003,경부선,세류,1918,1963,3881
20211003,경부선,병점,8705,8970,17675
20211003,경부선,세마,1655,1498,3153
20211003,경부선,가산디지털단지,4458,6039,10497
20211003,경부선,오산대,2171,2054,4225
20211003,경부선,구로,8614,8697,17311
20211003,경부선,신도림,2122,2262,4384
20211003,경강선,삼동,968,937,1905
20211003,경강선,경기광주,3537,3548,7085
20211003,경강선,초월,1547,1455,3002
20211003,경강선,곤지암,1460,1674,3134
20211003,경강선,신둔도예촌,820,809,1629
20211003,경강선,이천,1914,2073,3987
20211003,경강선,부발,1145,1352,2497
20211003,경강선,세종대왕릉,364,352,716
20211003,경강선,여주,2002,1988,3990
20211003,경부선,서울역,4954,1210,6164
20211003,경부선,남영,3768,4033,7801
20211003,경부선,용산,25239,23511,48750
20211003,경부선,노량진,5865,5665,11530
20211003,경부선,대방,5248,5437,10685
20211003,경부선,영등포,27222,26897,54119
20211003,경부선,신길,4616,3962,8578
20211003,경강선,판교,2250,2112,4362
20211003,경부선,오산,7307,7508,14815
20211003,경부선,송탄,3367,3552,6919
20211003,경원선,석계,4907,5205,10112
20211003,경원선,광운대,4117,4101,8218
20211003,경원선,월계,3644,3440,7084
20211003,경원선,녹천,2444,2053,4497
20211003,경원선,방학,5669,5363,11032
20211003,경원선,도봉,3457,3276,6733
20211003,경원선,망월사,4243,4432,8675
20211003,경원선,회룡,7059,7058,14117
20211003,경원선,의정부,12921,13311,26232
20211003,경원선,가능,3908,3722,7630
20211003,경원선,녹양,2561,2474,5035
20211003,경원선,양주,5638,5581,11219
20211003,공항철도 1호선,운서,4875,5193,10068
20211003,경원선,덕계,1634,1572,3206
20211003,경원선,지행,3932,4036,7968
20211003,경원선,신이문,4408,4170,8578
20211003,경부선,진위,711,699,1410
20211003,경원선,외대앞,4473,4408,8881
20211003,경원선,왕십리,8397,9632,18029
20211003,경부선,서정리,3903,4921,8824
20211003,경부선,평택지제,2042,1966,4008
20211003,경부선,평택,9914,10541,20455
20211003,경부선,성환,2201,2399,4600
20211003,경부선,직산,506,538,1044
20211003,경부선,두정,4555,4824,9379
20211003,경부선,천안,5736,5592,11328
20211003,경부선,당정,2897,2783,5680
20211003,경부선,서동탄,794,809,1603
20211003,경부선,광명,1922,1548,3470
20211003,경원선,이촌,2438,1699,4137
20211003,경원선,서빙고,1131,1132,2263
20211003,경원선,한남,1964,1967,3931
20211003,경원선,옥수,50,35,85
20211003,경원선,응봉,1134,960,2094
20211003,경원선,청량리,12832,12650,25482
20211003,경의선,능곡,2143,2159,4302
20211003,3호선,고속터미널,33212,31115,64327
20211003,경의선,백마,3403,3220,6623
20211003,2호선,잠실,43771,41039,84810
20211003,2호선,잠실새내,10011,10379,20390
20211003,2호선,종합운동장,3331,3547,6878
20211003,2호선,삼성,17700,17790,35490
20211003,2호선,선릉,11844,10180,22024
20211003,2호선,역삼,9751,10616,20367
20211003,2호선,잠실나루,4769,4808,9577
20211003,2호선,강남,31137,30519,61656
20211003,2호선,서초,8566,7832,16398
20211003,2호선,방배,6151,6346,12497
20211003,2호선,사당,19747,21945,41692
20211003,2호선,낙성대,14970,14264,29234
20211003,2호선,서울대입구,25883,26117,52000
20211003,2호선,봉천,11259,10700,21959
20211003,2호선,교대,9242,10128,19370
20211003,2호선,강변,18561,18093,36654
20211003,2호선,구의,10541,10360,20901
20211003,2호선,건대입구,24060,25448,49508
20211003,1호선,동대문,8421,9063,17484
20211003,1호선,신설동,6810,6701,13511
20211003,1호선,제기동,8933,9104,18037
20211003,1호선,청량리,12328,12248,24576
20211003,2호선,시청,5607,4850,10457
20211003,2호선,을지로입구,13897,13430,27327
20211003,2호선,을지로3가,7250,6839,14089
20211003,2호선,을지로4가,3042,3069,6111
20211003,2호선,동대문역사문화공원,6763,8455,15218
20211003,2호선,신당,7664,8213,15877
20211003,2호선,상왕십리,6438,6235,12673
20211003,2호선,왕십리,8582,7411,15993
20211003,2호선,한양대,3021,3253,6274
20211003,2호선,뚝섬,10729,11125,21854
20211003,2호선,성수,12465,14438,26903
20211003,2호선,신림,34598,33214,67812
20211003,2호선,신대방,13985,13749,27734
20211003,2호선,구로디지털단지,21505,20876,42381
20211003,2호선,대림,13244,13400,26644
20211003,3호선,연신내,20557,19189,39746
20211003,3호선,불광,9579,11413,20992
20211003,3호선,녹번,6888,6118,13006
20211003,3호선,홍제,8693,8111,16804
20211003,3호선,무악재,1794,1939,3733
20211003,3호선,독립문,4079,4631,8710
20211003,3호선,경복궁,12662,14291,26953
20211003,3호선,안국,10123,11667,21790
20211003,3호선,종로3가,3632,5387,9019
20211003,3호선,을지로3가,2879,3037,5916
20211003,3호선,동대입구,4914,5549,10463
20211003,3호선,약수,6105,5884,11989
20211003,3호선,금호,3969,3735,7704
20211003,3호선,옥수,4931,5048,9979
20211003,3호선,압구정,12187,12738,24925
20211003,3호선,구파발,11375,11463,22838
20211003,1호선,종로5가,8165,8441,16606
20211003,3호선,지축,2077,1972,4049
20211003,2호선,신정네거리,4760,4826,9586
20211003,2호선,신도림,26085,25984,52069
20211003,2호선,문래,7581,8179,15760
20211003,2호선,영등포구청,7931,8149,16080
20211003,2호선,당산,8645,9450,18095
20211003,2호선,합정,19629,20971,40600
20211003,2호선,홍대입구,43475,44586,88061
20211003,2호선,신촌,21345,21139,42484
20211003,2호선,이대,6324,6792,13116
20211003,2호선,아현,4877,4701,9578
20211003,2호선,충정로,3476,3581,7057
20211003,2호선,용답,1568,1537,3105
20211003,2호선,신답,715,745,1460
20211003,2호선,신설동,2636,2710,5346
20211003,2호선,도림천,417,429,846
20211003,2호선,양천구청,3326,3375,6701
20211003,2호선,용두,1084,1021,2105
20211003,3호선,신사,12370,13099,25469
20211003,1호선,종로3가,14455,12486,26941
20211003,1호선,시청,7295,7213,14508
20211003,경의선,서울역,925,941,1866
20211003,경의선,신촌,261,285,546
20211003,경의선,효창공원앞,1233,1343,2576
20211003,경의선,공덕,1664,1367,3031
20211003,경의선,서강대,1254,1171,2425
20211003,경의선,홍대입구,1454,1694,3148
20211003,경원선,소요산,4857,4187,9044
20211003,경의선,가좌,2859,2792,5651
20211003,경의선,수색,933,941,1874
20211003,분당선,구성,2266,2446,4712
20211003,분당선,죽전,7666,8420,16086
20211003,분당선,보정,1001,956,1957
20211003,분당선,이매,2893,2921,5814
20211003,분당선,오리,4941,4241,9182
20211003,경의선,디지털미디어시티,1368,1227,2595
20211003,경원선,동두천,1419,1811,3230
20211003,경원선,보산,1163,1299,2462
20211003,분당선,신갈,1811,1884,3695
20211003,경의선,곡산,336,341,677
20211003,수인선,달월,47,55,102
20211003,수인선,사리,2518,2117,4635
20211003,수인선,야목,164,169,333
20211003,수인선,어천,508,575,1083
20211003,수인선,오목천,1502,1386,2888
20211003,수인선,고색,1599,1577,3176
20211003,분당선,매교,1299,1375,2674
20211003,분당선,수원시청,6760,7020,13780
20211003,분당선,매탄권선,2385,2373,4758
20211003,분당선,망포,5959,5684,11643
20211003,분당선,영통,4433,4401,8834
20211003,분당선,청명,1899,1837,3736
20211003,분당선,상갈,2836,2854,5690
20211003,분당선,기흥,4685,4580,9265
20211003,분당선,미금,6467,6830,13297
20211003,분당선,정자,6987,7202,14189
20211003,분당선,수내,5334,5174,10508
20211003,분당선,서현,11765,11958,23723
20211003,과천선,범계,13715,13061,26776
20211003,과천선,평촌,6018,5730,11748
20211003,과천선,인덕원,10686,10552,21238
20211003,과천선,정부과천청사,4116,4325,8441
20211003,과천선,과천,3168,2895,6063
20211003,과천선,대공원,6992,7187,14179
20211003,과천선,경마공원,974,943,1917
20211003,과천선,선바위,3654,3279,6933
20211003,공항철도 1호선,영종,2378,2411,4789
20211003,공항철도 1호선,인천공항2터미널,1676,1688,3364
20211003,경원선,도봉산,9810,7204,17014
20211003,공항철도 1호선,인천공항1터미널,3655,3622,7277
20211003,공항철도 1호선,공항화물청사,1055,1121,2176
20211003,1호선,서울역,22579,20775,43354
20211003,1호선,동묘앞,12249,12387,24636
20211003,분당선,선릉,2506,3755,6261
20211003,1호선,종각,11484,10121,21605
20211003,분당선,한티,7766,7374,15140
20211003,분당선,구룡,697,668,1365
20211003,5호선,오금,1510,1376,2886
20211003,공항철도 1호선,검암,3507,3639,7146
20211003,공항철도 1호선,청라국제도시,3087,2918,6005
20211003,분당선,야탑,11458,11832,23290
20211003,분당선,모란,10310,10506,20816
20211003,분당선,태평,7586,6774,14360
20211003,분당선,가천대,3575,4104,7679
20211003,분당선,선정릉,2020,2082,4102
20211003,분당선,강남구청,2936,3649,6585
20211003,분당선,압구정로데오,10204,11678,21882
20211003,분당선,서울숲,7649,8228,15877
20211003,분당선,수원,5361,4637,9998
20211003,분당선,수서,7085,6989,14074
20211003,분당선,대모산입구,1875,1795,3670
20211003,분당선,개포동,1562,1594,3156
20211003,분당선,도곡,2364,2211,4575
20211003,3호선,잠원,2191,2034,4225
20211003,수인선,월곶,1893,1706,3599
20211003,경의선,풍산,3290,3222,6512
20211003,6호선,불광,2741,2591,5332
20211003,6호선,독바위,1617,2104,3721
20211003,6호선,구산,3727,2761,6488
20211003,경인선,부천,20644,20787,41431
20211003,경인선,역곡,13738,13507,27245
20211003,경인선,오류동,6611,6125,12736
20211003,6호선,역촌,1913,2252,4165
20211003,경인선,개봉,11225,11105,22330
20211003,경인선,송내,12740,12351,25091
20211003,경인선,부평,21055,22161,43216
20211003,경인선,백운,3807,3795,7602
20211003,경인선,동암,9104,8995,18099
20211003,경인선,주안,10807,9805,20612
20211003,경인선,제물포,5372,5156,10528
20211003,경의선,임진강,93,72,165
20211003,6호선,응암,8940,8777,17717
20211003,5호선,하남검단산,4432,4472,8904
20211003,5호선,하남시청,3429,3203,6632
20211003,5호선,강동,8172,7878,16050
20211003,5호선,길동,3897,4007,7904
20211003,5호선,굽은다리,4780,4367,9147
20211003,5호선,명일,4126,4184,8310
20211003,5호선,고덕,4159,4138,8297
20211003,5호선,상일동,6656,6217,12873
20211003,5호선,둔촌동,4068,4181,8249
20211003,5호선,올림픽공원,2523,2628,5151
20211003,5호선,방이,3428,3492,6920
20211003,5호선,개롱,2802,2934,5736
20211003,5호선,거여,3866,3589,7455
20211003,5호선,마천,3282,3423,6705
20211003,5호선,강일,1799,1762,3561
20211003,5호선,미사,8227,8357,16584
20211003,5호선,하남풍산,1958,1940,3898
20211003,3호선,교대,3792,2325,6117
20211003,경인선,인천,4726,4035,8761
20211003,경인선,구일,3254,3107,6361
20211003,경인선,소사,5101,5120,10221
20211003,경춘선,굴봉산,281,247,528
20211003,경춘선,백양리,188,124,312
20211003,경춘선,강촌,1058,991,2049
20211003,경춘선,김유정,794,850,1644
20211003,경춘선,남춘천,2426,2409,4835
20211003,경춘선,춘천,2083,1791,3874
20211003,경의선,문산,3496,3525,7021
20211003,경의선,파주,698,595,1293
20211003,경의선,월롱,915,1223,2138
20211003,경의선,금촌,3944,4073,8017
20211003,경의선,금릉,2739,2630,5369
20211003,경의선,운정,3364,3317,6681
20211003,경의선,야당,4242,4224,8466
20211003,경의선,탄현,3979,3802,7781
20211003,경의선,일산,5269,5145,10414
20211003,경춘선,가평,2801,2612,5413
20211003,5호선,천호,11516,10972,22488
20211003,경춘선,상천,522,419,941
20211003,경춘선,대성리,692,647,1339
20211003,경인선,부개,4585,4271,8856
20211003,경인선,간석,2983,2880,5863
20211003,경인선,도원,1531,1560,3091
20211003,경인선,온수,3544,3321,6865
20211003,경인선,중동,4742,4536,9278
20211003,경인선,도화,2228,2117,4345
20211003,경춘선,신내,961,911,1872
20211003,경춘선,갈매,1487,1268,2755
20211003,경춘선,별내,1906,1779,3685
20211003,경춘선,퇴계원,2136,1999,4135
20211003,경춘선,사릉,1813,1795,3608
20211003,경춘선,금곡,978,939,1917
20211003,경춘선,평내호평,3611,3413,7024
20211003,경춘선,천마산,1171,1228,2399
20211003,경춘선,마석,2858,2971,5829
20211003,경춘선,청평,1837,1657,3494
20211003,5호선,광나루,7574,7618,15192
20211003,경인선,동인천,9208,8887,18095
20211003,5호선,군자,5712,6304,12016
20211003,4호선,동대문,6613,7154,13767
20211003,4호선,동대문역사문화공원,8030,7944,15974
20211003,4호선,충무로,8191,8250,16441
20211003,4호선,명동,9901,10897,20798
20211003,4호선,회현,7618,8449,16067
20211003,4호선,서울역,3764,7793,11557
20211003,4호선,숙대입구,5979,5670,11649
20211003,4호선,삼각지,2223,2960,5183
20211003,4호선,신용산,6571,6841,13412
20211003,4호선,이촌,4206,4829,9035
20211003,4호선,동작,1598,1596,3194
20211003,4호선,총신대입구,9745,10557,20302
20211003,4호선,사당,13677,12501,26178
20211003,4호선,남태령,637,474,1111
20211003,4호선,당고개,7361,6972,14333
20211003,4호선,한성대입구,7426,7428,14854
20211003,4호선,상계,9822,9267,19089
20211003,4호선,성신여대입구,13632,12826,26458
20211003,4호선,미아사거리,14656,13571,28227
20211003,5호선,아차산,11101,10801,21902
20211003,3호선,남부터미널,11429,11784,23213
20211003,3호선,양재,12269,13506,25775
20211003,3호선,매봉,3787,3780,7567
20211003,3호선,도곡,1804,1897,3701
20211003,3호선,대치,5397,4622,10019
20211003,3호선,학여울,2774,2847,5621
20211003,3호선,대청,3887,3621,7508
20211003,3호선,일원,2846,2897,5743
20211003,3호선,수서,8771,8678,17449
20211003,3호선,가락시장,3386,3539,6925
20211003,3호선,경찰병원,2485,2495,4980
20211003,3호선,오금,2415,2247,4662
20211003,4호선,수유,18803,17779,36582
20211003,4호선,미아,7725,7437,15162
20211003,4호선,길음,9339,8990,18329
20211003,4호선,노원,10927,11890,22817
20211003,4호선,혜화,19178,20019,39197
20211003,4호선,쌍문,14720,13146,27866
20211003,5호선,공덕,4176,4213,8389
20211003,5호선,애오개,2436,2322,4758
20211003,5호선,충정로,1332,1356,2688
20211003,5호선,서대문,4710,4617,9327
20211003,5호선,광화문,10579,10354,20933
20211003,5호선,종로3가,8908,8460,17368
20211003,5호선,을지로4가,1500,1593,3093
20211003,5호선,동대문역사문화공원,601,791,1392
20211003,5호선,청구,1717,1616,3333
20211003,5호선,신금호,2752,3009,5761
20211003,5호선,행당,3640,3214,6854
20211003,5호선,왕십리,2426,2804,5230
20211003,5호선,마장,2673,2581,5254
20211003,5호선,답십리,6939,6299,13238
20211003,4호선,창동,13354,14074,27428
20211003,5호선,마포,4453,4567,9020
20211003,5호선,여의나루,13702,14646,28348
20211003,5호선,장한평,7179,7033,14212
20211003,5호선,신길,1854,1914,3768
20211003,5호선,여의도,7298,7849,15147
20211003,5호선,개화산,2684,2787,5471
20211003,5호선,김포공항,6028,5911,11939
20211003,5호선,송정,3433,3434,6867
20211003,5호선,마곡,3252,3300,6552
20211003,5호선,발산,8262,8992,17254
20211003,5호선,우장산,6158,6221,12379
20211003,5호선,화곡,13498,12550,26048
20211003,5호선,방화,3415,3373,6788
20211003,5호선,신정,6063,5316,11379
20211003,5호선,목동,7226,7253,14479
20211003,5호선,오목교,10537,10976,21513
20211003,5호선,양평,2527,2380,4907
20211003,5호선,영등포구청,1275,1259,2534
20211003,5호선,영등포시장,4270,4408,8678
20211003,5호선,까치산,14616,14270,28886
20211009,경원선,동두천중앙,2226,2246,4472
20211009,경원선,보산,1825,1577,3402
20211009,경원선,소요산,4054,3632,7686
20211009,경의선,서울역,1232,1500,2732
20211009,경의선,신촌,313,322,635
20211009,경의선,강매,1809,1672,3481
20211009,경의선,효창공원앞,1547,1710,3257
20211009,경의선,홍대입구,1858,2155,4013
20211009,경의선,서강대,1602,1483,3085
20211009,경의선,가좌,3639,3195,6834
20211009,경의선,디지털미디어시티,1870,1603,3473
20211009,경의선,수색,1272,1233,2505
20211009,경의선,화전,1074,972,2046
20211009,경원선,지행,4741,4906,9647
20211009,경의선,공덕,2453,1869,4322
20211009,경원선,덕정,3833,3652,7485
20211009,경원선,도봉,4205,3860,8065
20211009,경원선,양주,6301,6066,12367
20211009,경의선,행신,4973,4961,9934
20211009,경원선,청량리,14988,16421,31409
20211009,경원선,외대앞,5075,4826,9901
20211009,경원선,신이문,5662,5083,10745
20211009,경원선,석계,6191,6448,12639
20211009,경원선,광운대,5063,4809,9872
20211009,경원선,월계,4159,3844,8003
20211009,경원선,녹천,3002,2522,5524
20211009,경원선,방학,6641,6385,13026
20211009,경원선,도봉산,8515,6023,14538
20211009,경원선,망월사,4894,5087,9981
20211009,경원선,회룡,8692,8552,17244
20211009,경원선,의정부,15251,16000,31251
20211009,경원선,가능,4609,4428,9037
20211009,경원선,녹양,3128,3077,6205
20211009,경원선,덕계,2203,2066,4269
20211009,경의선,능곡,2737,2501,5238
20211009,경춘선,퇴계원,2505,2261,4766
20211009,경의선,백마,4076,3798,7874
20211009,경인선,주안,13830,12397,26227
20211009,경인선,제물포,6568,6367,12935
20211009,경인선,동인천,10755,10706,21461
20211009,경인선,인천,4822,4210,9032
20211009,경인선,구일,3894,3535,7429
20211009,경인선,소사,6754,6645,13399
20211009,경인선,부개,5819,5476,11295
20211009,경인선,간석,3781,3631,7412
20211009,경인선,도원,1737,1800,3537
20211009,경인선,온수,4463,3998,8461
20211009,경인선,중동,5984,5525,11509
20211009,경인선,도화,2763,2528,5291
20211009,경춘선,신내,1117,1089,2206
20211009,경춘선,갈매,1808,1596,3404
20211009,경춘선,별내,2229,2171,4400
20211009,경인선,동암,11279,11587,22866
20211009,경의선,곡산,426,423,849
20211009,경인선,백운,4971,4887,9858
20211009,경인선,송내,16086,15670,31756
20211009,경의선,풍산,4055,3902,7957
20211009,경의선,일산,5762,5349,11111
20211009,경의선,탄현,4921,4618,9539
20211009,경의선,야당,5284,5298,10582
20211009,경의선,운정,4632,4304,8936
20211009,경의선,금릉,3315,3190,6505
20211009,경의선,금촌,5031,4863,9894
20211009,경의선,월롱,1385,1292,2677
20211009,경의선,파주,840,668,1508
20211009,경의선,문산,4563,4488,9051
20211009,경의선,임진강,78,64,142
20211009,경인선,개봉,14901,14392,29293
20211009,경인선,오류동,8004,7057,15061
20211009,경인선,역곡,17751,17298,35049
20211009,경인선,부천,25208,25784,50992
20211009,경인선,부평,25593,27805,53398
20211009,경원선,왕십리,10773,12324,23097
20211009,9호선,동작,1348,1165,2513
20211009,경원선,옥수,49,41,90
20211009,경강선,판교,2710,2639,5349
20211009,경강선,이매,886,611,1497
20211009,경강선,삼동,1437,1259,2696
20211009,경강선,경기광주,4681,4677,9358
20211009,경강선,초월,2013,1911,3924
20211009,경강선,곤지암,1876,2027,3903
20211009,경강선,신둔도예촌,1044,1071,2115
20211009,경강선,이천,2451,2525,4976
20211009,경강선,부발,1689,1518,3207
20211009,경강선,세종대왕릉,354,483,837
20211009,경강선,여주,2350,2699,5049
20211009,경부선,서울역,6291,2052,8343
20211009,경부선,남영,4966,5034,10000
20211009,경부선,용산,29688,33515,63203
20211009,경부선,노량진,8402,7454,15856
20211009,9호선2~3단계,중앙보훈병원,3921,3710,7631
20211009,경부선,대방,7287,7071,14358
20211009,9호선2~3단계,둔촌오륜,581,573,1154
20211009,9호선2~3단계,한성백제,1979,1707,3686
20211009,경춘선,금곡,1095,1044,2139
20211009,9호선,구반포,1640,1790,3430
20211009,9호선,신반포,2005,1923,3928
20211009,9호선,고속터미널,11202,17452,28654
20211009,9호선,사평,1723,1593,3316
20211009,9호선,신논현,19896,19049,38945
20211009,9호선2~3단계,언주,4776,5002,9778
20211009,9호선2~3단계,선정릉,4056,4590,8646
20211009,9호선2~3단계,삼성중앙,2474,2520,4994
20211009,9호선2~3단계,봉은사,8685,9214,17899
20211009,9호선2~3단계,종합운동장,2948,2539,5487
20211009,9호선2~3단계,삼전,4246,3874,8120
20211009,9호선2~3단계,석촌고분,3506,3383,6889
20211009,9호선2~3단계,석촌,5832,4849,10681
20211009,9호선2~3단계,송파나루,3573,3955,7528
20211009,9호선2~3단계,올림픽공원,5816,6259,12075
20211009,경원선,응봉,1472,1122,2594
20211009,경부선,영등포,33235,34507,67742
20211009,경부선,신길,5622,4620,10242
20211009,경부선,진위,948,861,1809
20211009,경부선,송탄,4535,3837,8372
20211009,경부선,서정리,5916,5154,11070
20211009,경부선,평택지제,2830,2747,5577
20211009,경부선,평택,12948,12359,25307
20211009,경부선,성환,2852,2680,5532
20211009,경부선,직산,649,628,1277
20211009,경부선,두정,5506,5642,11148
20211009,경부선,천안,6569,7167,13736
20211009,경부선,당정,3646,3490,7136
20211009,경부선,서동탄,1073,1074,2147
20211009,경부선,광명,2621,2629,5250
20211009,경원선,이촌,2723,1924,4647
20211009,경원선,서빙고,1349,1196,2545
20211009,경원선,한남,2557,2289,4846
20211009,경부선,오산,8619,8063,16682
20211009,경부선,신도림,2890,3020,5910
20211009,경부선,오산대,2739,2507,5246
20211009,경부선,병점,11335,11092,22427
20211009,경부선,구로,11494,11889,23383
20211009,경부선,가산디지털단지,5934,7668,13602
20211009,경부선,금천구청,7539,7289,14828
20211009,경부선,석수,6440,5906,12346
20211009,경부선,관악,5460,5116,10576
20211009,경부선,안양,16988,16843,33831
20211009,경부선,명학,5213,4909,10122
20211009,경부선,금정,16656,16404,33060
20211009,경부선,군포,3975,3596,7571
20211009,경부선,의왕,5513,5304,10817
20211009,경부선,성균관대,9321,9239,18560
20211009,경부선,화서,5018,4991,10009
20211009,경부선,수원,34064,37159,71223
20211009,경부선,독산,8162,7840,16002
20211009,경부선,세류,2457,2457,4914
20211009,경부선,세마,2031,1793,3824
20211009,경춘선,평내호평,4288,4050,8338
20211009,수인선,월곶,1923,1893,3816
20211009,경춘선,마석,2997,2911,5908
20211009,안산선,오이도,7620,8040,15660
20211009,안산선,수리산,2685,2366,5051
20211009,우이신설선,북한산우이,3354,3317,6671
20211009,우이신설선,솔밭공원,1710,1556,3266
20211009,우이신설선,4.19민주묘지,2657,2243,4900
20211009,우이신설선,가오리,2727,2570,5297
20211009,안산선,정왕,5698,5723,11421
20211009,우이신설선,화계,2333,2149,4482
20211009,우이신설선,삼양사거리,1773,1684,3457
20211009,우이신설선,솔샘,3242,2877,6119
20211009,우이신설선,북한산보국문,4213,3749,7962
20211009,우이신설선,정릉,3158,2553,5711
20211009,우이신설선,성신여대입구,2295,2680,4975
20211009,우이신설선,보문,965,884,1849
20211009,우이신설선,삼양,1376,1477,2853
20211009,안산선,신길온천,1252,1248,2500
20211009,안산선,안산,8692,9066,17758
20211009,안산선,초지,2970,3036,6006
20211009,수인선,남동인더스파크,940,876,1816
20211009,수인선,원인재,3469,3615,7084
20211009,수인선,연수,3340,3372,6712
20211009,수인선,송도,1762,1803,3565
20211009,수인선,인하대,3836,3603,7439
20211009,수인선,숭의,2471,2268,4739
20211009,수인선,신포,1373,1409,2782
20211009,수인선,인천,1329,2298,3627
20211009,안산선,산본,10714,11350,22064
20211009,안산선,대야미,3544,3184,6728
20211009,안산선,반월,3094,2921,6015
20211009,안산선,상록수,11111,10960,22071
20211009,안산선,한대앞,6518,6403,12921
20211009,안산선,중앙,13531,14146,27677
20211009,안산선,고잔,5576,5627,11203
20211009,우이신설선,신설동,1284,1199,2483
20211009,일산선,원흥,6337,6079,12416
20211009,일산선,삼송,12551,12110,24661
20211009,일산선,원당,7578,7205,14783
20211009,중앙선,도농,6281,6080,12361
20211009,중앙선,양정,716,612,1328
20211009,중앙선,덕소,4211,4346,8557
20211009,중앙선,도심,1453,1316,2769
20211009,중앙선,팔당,1582,1651,3233
20211009,중앙선,운길산,1635,1603,3238
20211009,중앙선,양수,2374,2621,4995
20211009,중앙선,신원,367,242,609
20211009,중앙선,국수,709,748,1457
20211009,중앙선,아신,669,670,1339
20211009,중앙선,오빈,300,348,648
20211009,중앙선,양평,2572,3125,5697
20211009,중앙선,원덕,410,447,857
20211009,중앙선,용문,2307,2905,5212
20211009,중앙선,지평,65,92,157
20211009,중앙선,구리,9639,9574,19213
20211009,수인선,호구포,2192,2139,4331
20211009,중앙선,양원,1231,1154,2385
20211009,중앙선,상봉,4823,4526,9349
20211009,일산선,화정,11338,11720,23058
20211009,일산선,대곡,1336,1103,2439
20211009,일산선,백석,6482,6625,13107
20211009,일산선,마두,4412,4447,8859
20211009,일산선,정발산,5952,6050,12002
20211009,일산선,주엽,5802,5546,11348
20211009,일산선,대화,8217,7516,15733
20211009,장항선,봉명,630,624,1254
20211009,장항선,쌍용,1586,1436,3022
20211009,장항선,아산,2893,3067,5960
20211009,장항선,배방,998,1017,2015
20211009,장항선,온양온천,5071,5284,10355
20211009,장항선,신창,1236,1198,2434
20211009,중앙선,회기,17999,17092,35091
20211009,중앙선,중랑,4101,3796,7897
20211009,중앙선,망우,5715,5570,11285
20211009,경춘선,천마산,1322,1363,2685
20211009,수인선,인천논현,3652,3691,7343
20211009,수인선,달월,73,70,143
20211009,공항철도 1호선,운서,5590,5834,11424
20211009,공항철도 1호선,공항화물청사,1326,1347,2673
20211009,공항철도 1호선,인천공항1터미널,3454,3498,6952
20211009,공항철도 1호선,인천공항2터미널,1850,1638,3488
20211009,공항철도 1호선,영종,2841,2939,5780
20211009,과천선,선바위,4590,3991,8581
20211009,공항철도 1호선,청라국제도시,3889,3699,7588
20211009,과천선,경마공원,1055,1068,2123
20211009,과천선,과천,3778,3382,7160
20211009,과천선,정부과천청사,5200,5332,10532
20211009,과천선,인덕원,13783,13535,27318
20211009,과천선,평촌,7815,7568,15383
20211009,과천선,범계,17172,16667,33839
20211009,분당선,선릉,4131,6362,10493
20211009,과천선,대공원,7037,7475,14512
20211009,공항철도 1호선,검암,4410,4385,8795
20211009,공항철도 1호선,계양,6355,5712,12067
20211009,공항철도 1호선,김포공항,12069,6257,18326
20211009,경춘선,대성리,693,694,1387
20211009,경춘선,청평,1688,1978,3666
20211009,경춘선,상천,375,343,718
20211009,경춘선,가평,2692,3270,5962
20211009,경춘선,굴봉산,226,191,417
20211009,경춘선,백양리,132,131,263
20211009,경춘선,강촌,847,921,1768
20211009,경춘선,김유정,687,869,1556
20211009,경춘선,남춘천,2772,3311,6083
20211009,경춘선,춘천,2125,2147,4272
20211009,공항철도 1호선,서울역,6880,7954,14834
20211009,공항철도 1호선,공덕,1433,2064,3497
20211009,공항철도 1호선,홍대입구,10884,10688,21572
20211009,공항철도 1호선,디지털미디어시티,5007,4722,9729
20211009,공항철도 1호선,마곡나루,3044,3197,6241
20211009,분당선,한티,10076,9558,19634
20211009,분당선,도곡,3639,3252,6891
20211009,분당선,구룡,1241,1129,2370
20211009,분당선,개포동,2427,2307,4734
20211009,분당선,구성,3009,3192,6201
20211009,분당선,신갈,2495,2539,5034
20211009,분당선,기흥,6044,5735,11779
20211009,분당선,상갈,3641,3678,7319
20211009,분당선,청명,2506,2395,4901
20211009,분당선,영통,5490,5392,10882
20211009,분당선,망포,8251,7392,15643
20211009,분당선,매탄권선,3091,2904,5995
20211009,분당선,수원시청,8795,9709,18504
20211009,분당선,매교,1788,1868,3656
20211009,수인선,고색,2255,2248,4503
20211009,수인선,오목천,1957,1724,3681
20211009,수인선,어천,666,573,1239
20211009,수인선,야목,231,191,422
20211009,수인선,사리,3075,2593,5668
20211009,분당선,죽전,9586,10374,19960
20211009,수인선,소래포구,8372,8785,17157
20211009,분당선,보정,1471,1276,2747
20211009,분당선,오리,7119,5843,12962
20211009,분당선,대모산입구,2881,2684,5565
20211009,분당선,수서,9149,9683,18832
20211009,분당선,수원,6714,5773,12487
20211009,분당선,서울숲,8290,8397,16687
20211009,분당선,압구정로데오,15223,17554,32777
20211009,분당선,강남구청,4413,5363,9776
20211009,분당선,선정릉,2868,2971,5839
20211009,분당선,가천대,5121,5365,10486
20211009,분당선,태평,9621,8892,18513
20211009,분당선,모란,19583,19917,39500
20211009,분당선,야탑,15155,16113,31268
20211009,분당선,서현,15393,14848,30241
20211009,분당선,수내,7473,7006,14479
20211009,분당선,정자,9128,9329,18457
20211009,분당선,미금,9246,9461,18707
20211009,분당선,이매,3750,3648,7398
20211009,9호선,흑석,4506,4437,8943
20211009,경춘선,사릉,2139,2051,4190
20211009,9호선,노량진,19222,18703,37925
20211009,4호선,미아,9158,8438,17596
20211009,4호선,미아사거리,18614,17487,36101
20211009,4호선,길음,12373,11388,23761
20211009,4호선,성신여대입구,15102,13974,29076
20211009,4호선,한성대입구,9444,8977,18421
20211009,4호선,혜화,23283,24010,47293
20211009,4호선,수유,22786,21532,44318
20211009,4호선,동대문,13462,13803,27265
20211009,4호선,충무로,11185,11853,23038
20211009,4호선,명동,12129,14087,26216
20211009,4호선,회현,15829,17417,33246
20211009,4호선,서울역,4840,12149,16989
20211009,4호선,숙대입구,7362,7053,14415
20211009,4호선,삼각지,2983,3958,6941
20211009,4호선,동대문역사문화공원,9619,8350,17969
20211009,3호선,오금,3217,3066,6283
20211009,3호선,경찰병원,3211,3197,6408
20211009,3호선,가락시장,5163,4805,9968
20211009,3호선,금호,5150,4552,9702
20211009,3호선,옥수,6214,6313,12527
20211009,3호선,압구정,17565,18525,36090
20211009,3호선,신사,19418,20482,39900
20211009,3호선,잠원,3342,3210,6552
20211009,3호선,고속터미널,41222,46100,87322
20211009,3호선,교대,5577,3312,8889
20211009,3호선,남부터미널,18098,19548,37646
20211009,3호선,양재,17838,19447,37285
20211009,3호선,매봉,5193,4924,10117
20211009,3호선,도곡,2837,2855,5692
20211009,3호선,학여울,1803,2008,3811
20211009,3호선,대청,5150,4628,9778
20211009,3호선,일원,4607,4472,9079
20211009,3호선,수서,11522,11904,23426
20211009,4호선,신용산,8420,9456,17876
20211009,4호선,이촌,5665,6301,11966
20211009,4호선,동작,1784,1818,3602
20211009,4호선,총신대입구,13301,14319,27620
20211009,5호선,양평,3154,2987,6141
20211009,5호선,영등포구청,1744,1658,3402
20211009,5호선,영등포시장,6160,6338,12498
20211009,5호선,신길,2256,2231,4487
20211009,5호선,여의도,9408,10551,19959
20211009,5호선,여의나루,13366,14433,27799
20211009,5호선,마포,6202,6238,12440
20211009,5호선,공덕,5673,5906,11579
20211009,5호선,애오개,3064,2832,5896
20211009,5호선,충정로,1661,1543,3204
20211009,5호선,서대문,5725,5579,11304
20211009,5호선,광화문,12116,12489,24605
20211009,5호선,종로3가,10999,11417,22416
20211009,5호선,을지로4가,2949,3142,6091
20211009,5호선,동대문역사문화공원,830,1093,1923
20211009,5호선,오목교,13742,14240,27982
20211009,3호선,약수,7512,7079,14591
20211009,5호선,목동,9402,9367,18769
20211009,5호선,까치산,18665,17523,36188
20211009,4호선,사당,17542,15119,32661
20211009,4호선,남태령,928,661,1589
20211009,4호선,당고개,8823,8484,17307
20211009,4호선,상계,12131,11152,23283
20211009,4호선,노원,13596,14622,28218
20211009,4호선,창동,16652,17201,33853
20211009,4호선,쌍문,18503,16477,34980
20211009,5호선,방화,4025,3759,7784
20211009,5호선,개화산,3286,3269,6555
20211009,5호선,김포공항,7226,7281,14507
20211009,5호선,송정,4536,4325,8861
20211009,5호선,마곡,4577,4557,9134
20211009,5호선,발산,11538,12101,23639
20211009,5호선,우장산,8057,7953,16010
20211009,5호선,화곡,17245,15523,32768
20211009,5호선,신정,7627,6500,14127
20211009,3호선,동대입구,5599,6082,11681
20211009,3호선,을지로3가,4275,4603,8878
20211009,3호선,종로3가,5230,7591,12821
20211009,2호선,왕십리,11468,9510,20978
20211009,2호선,한양대,3866,3915,7781
20211009,2호선,뚝섬,12366,12916,25282
20211009,2호선,성수,15748,18121,33869
20211009,2호선,건대입구,30016,31386,61402
20211009,2호선,구의,13814,13324,27138
20211009,2호선,강변,23398,26230,49628
20211009,2호선,잠실나루,6906,6734,13640
20211009,2호선,잠실,56248,53641,109889
20211009,2호선,잠실새내,13685,14134,27819
20211009,2호선,종합운동장,4116,4558,8674
20211009,2호선,삼성,23002,23408,46410
20211009,2호선,선릉,19295,16911,36206
20211009,2호선,역삼,14701,16366,31067
20211009,2호선,강남,45442,45107,90549
20211009,2호선,상왕십리,8426,7827,16253
20211009,2호선,교대,13548,15471,29019
20211009,2호선,신당,9855,10160,20015
20211009,2호선,을지로4가,6031,6369,12400
20211009,경원선,동두천,1480,1943,3423
20211009,3호선,대치,7807,6830,14637
20211009,1호선,서울역,29541,32178,61719
20211009,1호선,동묘앞,10903,11375,22278
20211009,1호선,시청,9707,10111,19818
20211009,1호선,종각,15451,14224,29675
20211009,1호선,종로3가,20835,19163,39998
20211009,1호선,종로5가,16603,17132,33735
20211009,1호선,동대문,9819,9278,19097
20211009,1호선,신설동,8232,7724,15956
20211009,1호선,제기동,13835,14130,27965
20211009,1호선,청량리,17068,16888,33956
20211009,2호선,시청,7803,6913,14716
20211009,2호선,을지로입구,17363,17184,34547
20211009,2호선,을지로3가,8791,8921,17712
20211009,2호선,동대문역사문화공원,9011,9808,18819
20211009,5호선,청구,2098,2008,4106
20211009,2호선,서초,8368,6949,15317
20211009,2호선,사당,24756,27383,52139
20211009,2호선,신설동,2698,2632,5330
20211009,2호선,도림천,671,679,1350
20211009,2호선,양천구청,4138,4055,8193
20211009,2호선,신정네거리,6280,6179,12459
20211009,2호선,용두,1475,1495,2970
20211009,3호선,지축,2720,2634,5354
20211009,3호선,구파발,14783,14494,29277
20211009,3호선,연신내,25692,23745,49437
20211009,3호선,불광,11522,12909,24431
20211009,3호선,녹번,9022,7726,16748
20211009,3호선,홍제,11550,10696,22246
20211009,3호선,무악재,2419,2508,4927
20211009,3호선,독립문,4906,5333,10239
20211009,3호선,경복궁,14789,16441,31230
20211009,3호선,안국,13295,15260,28555
20211009,2호선,신답,881,933,1814
20211009,2호선,방배,8000,8216,16216
20211009,2호선,용답,1988,1828,3816
20211009,2호선,아현,6416,5977,12393
20211009,2호선,낙성대,18625,16866,35491
20211009,2호선,서울대입구,32361,30871,63232
20211009,2호선,봉천,15037,13521,28558
20211009,2호선,신림,43711,41075,84786
20211009,2호선,신대방,18145,17143,35288
20211009,2호선,구로디지털단지,28904,28013,56917
20211009,2호선,대림,15580,16481,32061
20211009,2호선,신도림,35502,35873,71375
20211009,2호선,문래,10159,10723,20882
20211009,2호선,영등포구청,11134,11786,22920
20211009,2호선,당산,11304,12090,23394
20211009,2호선,합정,24398,26547,50945
20211009,2호선,홍대입구,55233,58820,114053
20211009,2호선,신촌,23483,23588,47071
20211009,2호선,이대,8356,8496,16852
20211009,2호선,충정로,4584,4855,9439
20211009,5호선,신금호,3539,3571,7110
20211009,경원선,창동,1,0,1
20211009,9호선,노들,3140,2601,5741
20211009,7호선,신대방삼거리,9572,8764,18336
20211009,7호선,보라매,5330,4999,10329
20211009,7호선,신풍,7077,6570,13647
20211009,7호선,대림,6226,6558,12784
20211009,7호선,남구로,7207,7292,14499
20211009,7호선,가산디지털단지,13239,11949,25188
20211009,7호선,장승배기,5591,5323,10914
20211009,7호선,철산,12615,12741,25356
20211009,7호선,천왕,5808,5455,11263
20211009,7호선,온수,4728,4616,9344
20211009,7호선,까치울,4971,5030,10001
20211009,7호선,부천종합운동장,2822,2578,5400
20211009,7호선,춘의,4382,4150,8532
20211009,7호선,신중동,8225,7922,16147
20211009,7호선,광명사거리,14639,14245,28884
20211009,7호선,상도,6184,5733,11917
20211009,7호선,숭실대입구,7408,7225,14633
20211009,7호선,남성,6526,5797,12323
20211009,7호선,사가정,10636,10144,20780
20211009,7호선,용마산,3813,3895,7708
20211009,7호선,중곡,5991,5537,11528
20211009,7호선,군자,8988,6809,15797
20211009,7호선,어린이대공원,8702,8312,17014
20211009,7호선,건대입구,9159,9593,18752
20211009,7호선,뚝섬유원지,9707,8988,18695
20211009,7호선,청담,9185,9736,18921
20211009,7호선,강남구청,8423,9362,17785
20211009,7호선,학동,8078,8559,16637
20211009,7호선,논현,8594,9211,17805
20211009,7호선,반포,3623,3428,7051
20211009,7호선,고속터미널,11955,10292,22247
20211009,7호선,내방,6531,6410,12941
20211009,7호선,이수,10469,9622,20091
20211009,5호선,행당,5286,4592,9878
20211009,7호선,상동,8911,9215,18126
20211009,7호선,삼산체육관,3263,2969,6232
20211009,7호선,굴포천,5809,5921,11730
20211009,9호선,김포공항,7541,13036,20577
20211009,9호선,공항시장,2040,2075,4115
20211009,9호선,신방화,4132,3837,7969
20211009,9호선,마곡나루,7341,7381,14722
20211009,9호선,양천향교,5156,4861,10017
20211009,9호선,가양,12000,11132,23132
20211009,9호선,증미,3560,3399,6959
20211009,9호선,등촌,6319,5969,12288
20211009,9호선,염창,10503,9322,19825
20211009,9호선,신목동,2282,1915,4197
20211009,9호선,선유도,3604,3423,7027
20211009,9호선,당산,10963,10222,21185
20211009,9호선,국회의사당,3528,3725,7253
20211009,9호선,여의도,10359,10143,20502
20211009,9호선,샛강,2113,2239,4352
20211009,9호선,개화,1484,1253,2737
20211009,7호선,면목,9841,9257,19098
20211009,8호선,모란,4561,4026,8587
20211009,8호선,신흥,3154,3366,6520
20211009,7호선,부평구청,4337,3767,8104
20211009,8호선,암사,11082,9989,21071
20211009,8호선,천호,10178,11726,21904
20211009,8호선,강동구청,5159,5254,10413
20211009,8호선,몽촌토성,4384,4262,8646
20211009,8호선,잠실,10833,12741,23574
20211009,8호선,석촌,4891,5964,10855
20211009,8호선,송파,4581,4492,9073
20211009,8호선,가락시장,4344,4385,8729
20211009,8호선,문정,7746,7693,15439
20211009,8호선,장지,10755,10010,20765
20211009,8호선,복정,6528,5631,12159
20211009,8호선,산성,4204,4120,8324
20211009,8호선,남한산성입구,8043,7090,15133
20211009,8호선,단대오거리,6806,6123,12929
20211009,8호선,수진,3507,3058,6565
20211009,7호선,상봉,11350,10827,22177
20211009,7호선,부천시청,8181,8037,16218
20211009,7호선,먹골,6967,6719,13686
20211009,5호선,거여,5109,4901,10010
20211009,5호선,마천,4113,4109,8222
20211009,5호선,강일,2338,2087,4425
20211009,5호선,미사,10426,10475,20901
20211009,5호선,하남풍산,2385,2504,4889
20211009,5호선,하남시청,4750,4544,9294
20211009,5호선,하남검단산,4877,4933,9810
20211009,6호선,응암,11169,10830,21999
20211009,6호선,역촌,2359,2752,5111
20211009,6호선,불광,3298,3124,6422
20211009,6호선,독바위,1753,2094,3847
20211009,6호선,구산,5053,3705,8758
20211009,6호선,새절,8241,7695,15936
20211009,6호선,증산,6624,6489,13113
20211009,6호선,디지털미디어시티,6506,6383,12889
20211009,5호선,개롱,3645,3847,7492
20211009,6호선,월드컵경기장,5800,6095,11895
20211009,5호선,오금,1892,1746,3638
20211009,5호선,올림픽공원,3008,3045,6053
20211009,7호선,중화,6735,6208,12943
20211009,5호선,마장,3288,3087,6375
20211009,5호선,답십리,8877,7771,16648
20211009,5호선,장한평,9659,9362,19021
20211009,5호선,군자,7430,7922,15352
20211009,5호선,아차산,11397,10967,22364
20211009,5호선,광나루,9510,9040,18550
20211009,5호선,천호,14338,13736,28074
20211009,5호선,강동,10801,10296,21097
20211009,5호선,길동,4879,5008,9887
20211009,5호선,굽은다리,6131,5527,11658
20211009,5호선,명일,5368,5274,10642
20211009,5호선,고덕,5735,5556,11291
20211009,5호선,상일동,8333,7641,15974
20211009,5호선,둔촌동,5400,5343,10743
20211009,5호선,방이,4372,4246,8618
20211009,6호선,마포구청,8178,7231,15409
20211009,5호선,왕십리,3045,3610,6655
20211009,6호선,합정,11297,10211,21508
20211009,6호선,상월곡,3587,3089,6676
20211009,6호선,돌곶이,5268,4769,10037
20211009,6호선,석계,7618,7520,15138
20211009,6호선,태릉입구,3751,3964,7715
20211009,6호선,화랑대,6157,5097,11254
20211009,6호선,망원,11621,12595,24216
20211009,7호선,장암,1467,1113,2580
20211009,7호선,도봉산,6037,8437,14474
20211009,7호선,수락산,9086,8722,17808
20211009,7호선,마들,7964,7379,15343
20211009,7호선,노원,12661,13129,25790
20211009,7호선,중계,8022,7064,15086
20211009,7호선,하계,10443,9464,19907
20211009,7호선,공릉,7574,7303,14877
20211009,7호선,태릉입구,5619,5130,10749
20211009,6호선,월곡,6404,6222,12626
20211009,6호선,고려대,4783,4388,9171
20211009,6호선,봉화산,4659,4553,9212
20211009,6호선,보문,4415,3785,8200
20211009,6호선,안암,5777,5452,11229
20211009,6호선,상수,7491,8768,16259
20211009,6호선,광흥창,4564,3977,8541
20211009,6호선,대흥,4455,4425,8880
20211009,6호선,공덕,8537,8024,16561
20211009,6호선,삼각지,4611,3674,8285
20211009,6호선,녹사평,4918,5096,10014
20211009,6호선,효창공원앞,3847,3285,7132
20211009,6호선,한강진,8251,10026,18277
20211009,6호선,버티고개,1140,1233,2373
20211009,6호선,약수,1917,1857,3774
20211009,6호선,청구,2076,1992,4068
20211009,6호선,신당,5437,4619,10056
20211009,6호선,동묘앞,7398,6914,14312
20211009,6호선,창신,1887,1538,3425
20211009,6호선,이태원,11452,12131,23583
20211010,6호선,청구,1570,1479,3049
20211010,6호선,안암,4334,4497,8831
20211010,6호선,보문,3445,3109,6554
20211010,6호선,창신,1374,1300,2674
20211010,6호선,동묘앞,4850,4622,9472
20211010,6호선,신당,3868,4417,8285
20211010,6호선,약수,1439,1467,2906
20211010,6호선,대흥,3235,3313,6548
20211010,6호선,한강진,5442,6447,11889
20211010,6호선,이태원,8795,8572,17367
20211010,6호선,녹사평,3538,3667,7205
20211010,6호선,삼각지,3371,2651,6022
20211010,6호선,효창공원앞,2859,2570,5429
20211010,6호선,공덕,6007,5602,11609
20211010,6호선,버티고개,775,917,1692
20211010,6호선,고려대,3517,3361,6878
20211010,7호선,먹골,4943,4873,9816
20211010,6호선,상월곡,2742,2508,5250
20211010,6호선,광흥창,3501,3364,6865
20211010,7호선,태릉입구,4226,3891,8117
20211010,7호선,공릉,5452,5625,11077
20211010,7호선,하계,7717,7305,15022
20211010,7호선,중계,5610,5341,10951
20211010,7호선,노원,9496,9603,19099
20211010,7호선,마들,5109,4839,9948
20211010,7호선,수락산,6852,6849,13701
20211010,7호선,도봉산,4400,6217,10617
20211010,7호선,장암,1123,757,1880
20211010,6호선,봉화산,3333,3340,6673
20211010,6호선,화랑대,4529,3873,8402
20211010,6호선,태릉입구,2752,2894,5646
20211010,6호선,석계,5647,5768,11415
20211010,6호선,돌곶이,3905,3730,7635
20211010,6호선,월곡,4638,4458,9096
20211010,6호선,상수,6653,7117,13770
20211010,5호선,마천,2921,3131,6052
20211010,6호선,망원,8319,9142,17461
20211010,5호선,올림픽공원,2136,2021,4157
20211010,5호선,둔촌동,3825,3979,7804
20211010,5호선,상일동,5935,5806,11741
20211010,5호선,고덕,3647,3565,7212
20211010,5호선,명일,3832,3964,7796
20211010,5호선,굽은다리,4220,3988,8208
20211010,5호선,방이,3311,3187,6498
20211010,5호선,강동,7901,7799,15700
20211010,5호선,광나루,6413,6143,12556
20211010,5호선,아차산,8337,8129,16466
20211010,5호선,군자,5426,6117,11543
20211010,5호선,장한평,6555,6554,13109
20211010,5호선,답십리,6308,6038,12346
20211010,5호선,마장,2593,2362,4955
20211010,5호선,천호,10721,9922,20643
20211010,5호선,오금,1428,1321,2749
20211010,5호선,개롱,2594,2950,5544
20211010,5호선,거여,3694,3457,7151
20211010,6호선,마포구청,6292,5581,11873
20211010,6호선,월드컵경기장,2848,2988,5836
20211010,6호선,디지털미디어시티,4347,4546,8893
20211010,6호선,증산,4708,4849,9557
20211010,6호선,새절,5510,5348,10858
20211010,6호선,구산,3282,2591,5873
20211010,6호선,독바위,1302,1518,2820
20211010,6호선,불광,2458,2211,4669
20211010,6호선,역촌,1823,2031,3854
20211010,6호선,응암,7841,7708,15549
20211010,5호선,하남검단산,3730,3772,7502
20211010,5호선,하남시청,3188,3065,6253
20211010,5호선,하남풍산,1809,1856,3665
20211010,5호선,미사,7340,7510,14850
20211010,5호선,강일,1657,1550,3207
20211010,6호선,합정,8477,7720,16197
20211010,7호선,중화,4903,4757,9660
20211010,9호선,노들,2151,1892,4043
20211010,7호선,면목,6878,6952,13830
20211010,8호선,수진,2657,2396,5053
20211010,8호선,신흥,2426,2620,5046
20211010,8호선,단대오거리,4692,4488,9180
20211010,8호선,남한산성입구,5897,5424,11321
20211010,8호선,산성,2978,2966,5944
20211010,8호선,복정,4407,3970,8377
20211010,8호선,장지,7942,7761,15703
20211010,8호선,가락시장,2610,3207,5817
20211010,8호선,송파,2987,3207,6194
20211010,8호선,석촌,3613,4506,8119
20211010,8호선,잠실,9166,10251,19417
20211010,8호선,몽촌토성,2950,3002,5952
20211010,8호선,강동구청,3825,3952,7777
20211010,8호선,천호,7756,9082,16838
20211010,8호선,암사,7808,7332,15140
20211010,8호선,모란,2228,1865,4093
20211010,7호선,부평구청,3080,2798,5878
20211010,9호선,개화,1091,968,2059
20211010,9호선,공항시장,1522,1693,3215
20211010,5호선,왕십리,2156,2507,4663
20211010,9호선,노량진,13260,13764,27024
20211010,9호선,샛강,1448,1554,3002
20211010,9호선,여의도,9163,7722,16885
20211010,9호선,국회의사당,3376,3530,6906
20211010,9호선,당산,7854,7614,15468
20211010,9호선,선유도,2548,2562,5110
20211010,9호선,신목동,1497,1352,2849
20211010,9호선,염창,7508,7319,14827
20211010,9호선,등촌,4585,4634,9219
20211010,9호선,증미,2221,2259,4480
20211010,9호선,가양,8551,8262,16813
20211010,9호선,양천향교,3795,3754,7549
20211010,9호선,마곡나루,5217,5141,10358
20211010,9호선,신방화,2918,2968,5886
20211010,9호선,김포공항,6773,11495,18268
20211010,7호선,상봉,7914,7301,15215
20211010,7호선,굴포천,4001,4064,8065
20211010,7호선,상동,6221,6075,12296
20211010,7호선,이수,7376,7015,14391
20211010,7호선,내방,4430,4519,8949
20211010,7호선,고속터미널,10241,6853,17094
20211010,7호선,반포,2359,2300,4659
20211010,7호선,논현,5497,5951,11448
20211010,7호선,학동,5184,5506,10690
20211010,7호선,강남구청,5168,5842,11010
20211010,7호선,청담,5913,6360,12273
20211010,7호선,뚝섬유원지,4406,4206,8612
20211010,7호선,건대입구,6707,6785,13492
20211010,7호선,어린이대공원,6976,6683,13659
20211010,7호선,군자,6754,5281,12035
20211010,7호선,중곡,4403,4303,8706
20211010,7호선,용마산,2702,2912,5614
20211010,7호선,사가정,7695,7569,15264
20211010,7호선,남성,4588,4537,9125
20211010,7호선,삼산체육관,2127,2063,4190
20211010,7호선,숭실대입구,4829,5135,9964
20211010,7호선,장승배기,4122,4140,8262
20211010,7호선,부천시청,5925,5743,11668
20211010,7호선,신중동,5983,5977,11960
20211010,7호선,춘의,3197,3031,6228
20211010,7호선,부천종합운동장,2072,1823,3895
20211010,7호선,까치울,3615,3666,7281
20211010,7호선,온수,3354,3401,6755
20211010,7호선,천왕,4233,4088,8321
20211010,7호선,광명사거리,10593,10373,20966
20211010,7호선,철산,8989,8964,17953
20211010,7호선,가산디지털단지,9378,8273,17651
20211010,7호선,남구로,5734,5752,11486
20211010,7호선,대림,6181,5759,11940
20211010,7호선,신풍,5429,5245,10674
20211010,7호선,보라매,4187,4009,8196
20211010,7호선,신대방삼거리,7193,6995,14188
20211010,7호선,상도,4680,4536,9216
20211010,5호선,행당,3455,3187,6642
20211010,3호선,동대입구,4180,4618,8798
20211010,5호선,청구,1497,1433,2930
20211010,2호선,홍대입구,44911,44858,89769
20211010,2호선,합정,18649,19738,38387
20211010,2호선,당산,7549,8272,15821
20211010,2호선,영등포구청,7487,7561,15048
20211010,2호선,문래,6887,7153,14040
20211010,2호선,신도림,25825,25778,51603
20211010,2호선,신촌,18770,18527,37297
20211010,2호선,대림,12577,12822,25399
20211010,2호선,신대방,13249,13089,26338
20211010,2호선,신림,32283,31869,64152
20211010,2호선,봉천,10750,10161,20911
20211010,2호선,서울대입구,23688,23828,47516
20211010,2호선,낙성대,13788,13493,27281
20211010,2호선,사당,18608,20351,38959
20211010,2호선,구로디지털단지,20318,19674,39992
20211010,2호선,이대,6011,6521,12532
20211010,2호선,아현,4532,4565,9097
20211010,2호선,충정로,3340,3673,7013
20211010,3호선,독립문,3570,3968,7538
20211010,3호선,무악재,1716,1794,3510
20211010,3호선,홍제,7727,7359,15086
20211010,3호선,녹번,6334,5632,11966
20211010,3호선,불광,8154,9207,17361
20211010,3호선,연신내,18396,17635,36031
20211010,3호선,구파발,9480,9704,19184
20211010,3호선,지축,1692,1719,3411
20211010,2호선,용두,846,869,1715
20211010,2호선,신정네거리,4478,4616,9094
20211010,2호선,양천구청,2631,2850,5481
20211010,2호선,도림천,409,386,795
20211010,2호선,신설동,2331,1875,4206
20211010,2호선,신답,587,679,1266
20211010,2호선,용답,1411,1328,2739
20211010,2호선,방배,5727,6017,11744
20211010,2호선,서초,8445,7588,16033
20211010,2호선,교대,9103,10002,19105
20211010,2호선,강남,31152,30307,61459
20211010,2호선,을지로입구,13495,13031,26526
20211010,2호선,시청,5471,4603,10074
20211010,1호선,청량리,11065,11186,22251
20211010,1호선,제기동,7522,7654,15176
20211010,1호선,신설동,5705,5889,11594
20211010,1호선,동대문,7177,7697,14874
20211010,1호선,종로5가,8214,8388,16602
20211010,1호선,종로3가,12461,11467,23928
20211010,1호선,종각,11034,9947,20981
20211010,1호선,동묘앞,7693,7815,15508
20211010,1호선,서울역,23858,21579,45437
20211010,8호선,문정,5146,5423,10569
20211010,4호선,길음,8624,8559,17183
20211010,1호선,시청,7214,6993,14207
20211010,9호선,흑석,3342,3487,6829
20211010,2호선,을지로3가,6763,6474,13237
20211010,3호선,경복궁,10461,10962,21423
20211010,2호선,을지로4가,3077,2955,6032
20211010,2호선,신당,6801,7541,14342
20211010,2호선,역삼,9854,10774,20628
20211010,2호선,선릉,11457,10209,21666
20211010,2호선,삼성,20131,19645,39776
20211010,2호선,종합운동장,3188,3464,6652
20211010,2호선,잠실새내,10135,10530,20665
20211010,2호선,잠실,43430,40189,83619
20211010,2호선,잠실나루,4765,4798,9563
20211010,2호선,강변,18949,17926,36875
20211010,2호선,구의,10014,9914,19928
20211010,2호선,건대입구,23680,24720,48400
20211010,2호선,성수,11332,12383,23715
20211010,2호선,뚝섬,8557,8747,17304
20211010,2호선,한양대,2770,2802,5572
20211010,2호선,왕십리,8432,7303,15735
20211010,2호선,상왕십리,6222,6066,12288
20211010,2호선,동대문역사문화공원,6434,8002,14436
20211010,3호선,안국,9422,10023,19445
20211010,3호선,종로3가,3682,4948,8630
20211010,3호선,을지로3가,2932,2732,5664
20211010,5호선,화곡,11990,11415,23405
20211010,5호선,우장산,5815,5900,11715
20211010,5호선,발산,8357,8939,17296
20211010,5호선,마곡,3016,3084,6100
20211010,5호선,송정,3211,3261,6472
20211010,5호선,김포공항,6179,5775,11954
20211010,5호선,개화산,2449,2406,4855
20211010,5호선,방화,3146,2998,6144
20211010,4호선,쌍문,13458,12396,25854
20211010,4호선,창동,12088,12724,24812
20211010,4호선,노원,10317,10958,21275
20211010,4호선,상계,8908,8375,17283
20211010,4호선,당고개,6470,6378,12848
20211010,4호선,남태령,569,469,1038
20211010,4호선,사당,13501,11776,25277
20211010,5호선,까치산,13502,13315,26817
20211010,4호선,총신대입구,9757,10468,20225
20211010,5호선,신정,5334,4932,10266
20211010,5호선,오목교,10043,9974,20017
20211010,5호선,동대문역사문화공원,611,785,1396
20211010,5호선,을지로4가,1203,1416,2619
20211010,5호선,종로3가,8381,8104,16485
20211010,5호선,광화문,9660,9396,19056
20211010,5호선,서대문,4267,4248,8515
20211010,5호선,충정로,1249,1229,2478
20211010,5호선,애오개,2301,2246,4547
20211010,5호선,공덕,4173,4290,8463
20211010,5호선,마포,4209,4271,8480
20211010,5호선,여의나루,5247,7285,12532
20211010,5호선,여의도,8355,8043,16398
20211010,5호선,신길,1669,1813,3482
20211010,5호선,영등포시장,4026,4189,8215
20211010,5호선,영등포구청,1144,1122,2266
20211010,5호선,양평,2234,2347,4581
20211010,5호선,목동,6619,6744,13363
20211010,5호선,신금호,2527,2735,5262
20211010,4호선,동작,933,963,1896
20211010,4호선,신용산,6497,6620,13117
20211010,3호선,대청,3427,3330,6757
20211010,3호선,학여울,1325,1444,2769
20211010,3호선,대치,5168,4512,9680
20211010,3호선,도곡,1517,1597,3114
20211010,3호선,매봉,3601,3478,7079
20211010,3호선,양재,12307,13521,25828
20211010,3호선,남부터미널,12862,12976,25838
20211010,3호선,교대,3813,2295,6108
20211010,3호선,고속터미널,34621,32085,66706
20211010,3호선,잠원,1841,1803,3644
20211010,3호선,신사,12559,13305,25864
20211010,3호선,압구정,11613,12065,23678
20211010,3호선,옥수,4122,4424,8546
20211010,3호선,금호,3685,3467,7152
20211010,3호선,약수,5588,5467,11055
20211010,3호선,일원,2570,2811,5381
20211010,4호선,이촌,3972,4311,8283
20211010,3호선,수서,9003,8692,17695
20211010,3호선,경찰병원,2427,2517,4944
20211010,4호선,삼각지,2111,2819,4930
20211010,4호선,숙대입구,6048,5867,11915
20211010,4호선,서울역,3692,8485,12177
20211010,4호선,회현,7609,7783,15392
20211010,4호선,명동,9211,9749,18960
20211010,4호선,충무로,7186,7335,14521
20211010,4호선,동대문역사문화공원,7717,7362,15079
20211010,4호선,동대문,5477,6064,11541
20211010,4호선,혜화,19057,19583,38640
20211010,4호선,한성대입구,6780,6860,13640
20211010,4호선,성신여대입구,11553,10705,22258
20211010,4호선,미아사거리,13931,13382,27313
20211010,4호선,미아,6698,6443,13141
20211010,4호선,수유,16957,16376,33333
20211010,3호선,오금,2296,2226,4522
20211010,3호선,가락시장,2999,3316,6315
20211010,9호선,동작,944,800,1744
20211010,9호선,구반포,930,985,1915
20211010,9호선,신반포,1327,1355,2682
20211010,분당선,오리,4755,4044,8799
20211010,분당선,미금,6319,6540,12859
20211010,분당선,정자,6622,6771,13393
20211010,분당선,수내,5376,5234,10610
20211010,분당선,서현,11735,10528,22263
20211010,분당선,야탑,11251,11611,22862
20211010,분당선,이매,2747,2825,5572
20211010,분당선,모란,9647,9975,19622
20211010,분당선,가천대,3527,4023,7550
20211010,분당선,선정릉,1952,2048,4000
20211010,분당선,강남구청,2880,3514,6394
20211010,분당선,압구정로데오,9804,10816,20620
20211010,분당선,서울숲,4963,5131,10094
20211010,분당선,수원,4959,4262,9221
20211010,분당선,태평,7171,6581,13752
20211010,분당선,보정,1013,944,1957
20211010,분당선,죽전,7135,7873,15008
20211010,분당선,구성,2176,2294,4470
20211010,수인선,달월,28,41,69
20211010,수인선,사리,2301,2020,4321
20211010,수인선,야목,183,161,344
20211010,수인선,어천,521,593,1114
20211010,수인선,오목천,1360,1250,2610
20211010,수인선,고색,1601,1630,3231
20211010,분당선,매교,1200,1266,2466
20211010,분당선,수원시청,6476,6824,13300
20211010,분당선,매탄권선,2324,2213,4537
20211010,분당선,망포,5549,5558,11107
20211010,분당선,영통,4045,4046,8091
20211010,분당선,청명,1689,1640,3329
20211010,분당선,상갈,2616,2702,5318
20211010,분당선,기흥,4531,4164,8695
20211010,분당선,신갈,1714,1790,3504
20211010,분당선,수서,7271,7047,14318
20211010,분당선,대모산입구,1849,1761,3610
20211010,분당선,개포동,1753,1789,3542
20211010,분당선,구룡,652,595,1247
20211010,공항철도 1호선,김포공항,11102,5763,16865
20211010,공항철도 1호선,마곡나루,1943,2151,4094
20211010,공항철도 1호선,디지털미디어시티,3202,3198,6400
20211010,공항철도 1호선,홍대입구,8735,8440,17175
20211010,공항철도 1호선,공덕,992,1488,2480
20211010,공항철도 1호선,서울역,6476,5742,12218
20211010,경춘선,춘천,1880,1482,3362
20211010,경춘선,남춘천,2359,2499,4858
20211010,경춘선,김유정,600,674,1274
20211010,경춘선,강촌,764,650,1414
20211010,경춘선,백양리,127,80,207
20211010,경춘선,굴봉산,200,178,378
20211010,경춘선,가평,2084,1761,3845
20211010,경춘선,상천,329,254,583
20211010,경춘선,청평,1468,1333,2801
20211010,공항철도 1호선,계양,4494,4406,8900
20211010,수인선,소래포구,6362,6495,12857
20211010,공항철도 1호선,검암,3165,3177,6342
20211010,공항철도 1호선,운서,4467,4725,9192
20211010,분당선,도곡,2112,2012,4124
20211010,분당선,한티,7666,7373,15039
20211010,분당선,선릉,2568,3765,6333
20211010,과천선,범계,13025,12649,25674
20211010,과천선,평촌,5703,5578,11281
20211010,과천선,인덕원,10010,10073,20083
20211010,과천선,정부과천청사,3558,3713,7271
20211010,과천선,과천,2767,2622,5389
20211010,과천선,대공원,3927,3986,7913
20211010,과천선,경마공원,828,786,1614
20211010,과천선,선바위,3106,2796,5902
20211010,공항철도 1호선,영종,2197,2251,4448
20211010,공항철도 1호선,인천공항2터미널,1625,1522,3147
20211010,공항철도 1호선,인천공항1터미널,3283,3234,6517
20211010,공항철도 1호선,공항화물청사,953,1002,1955
20211010,공항철도 1호선,청라국제도시,2742,2748,5490
20211010,경춘선,대성리,574,497,1071
20211010,수인선,인천논현,2572,2678,5250
20211010,수인선,남동인더스파크,593,556,1149
20211010,중앙선,상봉,3688,3699,7387
20211010,중앙선,중랑,3116,2988,6104
20211010,중앙선,회기,13493,13568,27061
20211010,장항선,신창,916,1081,1997
20211010,장항선,온양온천,2920,2791,5711
20211010,장항선,배방,775,733,1508
20211010,중앙선,망우,4070,3987,8057
20211010,장항선,아산,2558,1941,4499
20211010,장항선,봉명,479,485,964
20211010,일산선,대화,6003,5549,11552
20211010,일산선,주엽,3912,3936,7848
20211010,일산선,정발산,3968,4122,8090
20211010,일산선,마두,2936,2920,5856
20211010,일산선,백석,4867,4813,9680
20211010,장항선,쌍용,995,1032,2027
20211010,중앙선,양원,746,830,1576
20211010,중앙선,구리,6773,7161,13934
20211010,중앙선,도농,4476,4484,8960
20211010,5호선,길동,3560,3729,7289
20211010,중앙선,지평,45,55,100
20211010,중앙선,용문,4201,3901,8102
20211010,중앙선,원덕,374,338,712
20211010,중앙선,양평,2231,1970,4201
20211010,중앙선,오빈,242,204,446
20211010,중앙선,아신,525,554,1079
20211010,중앙선,국수,551,499,1050
20211010,중앙선,신원,291,215,506
20211010,중앙선,양수,1889,1748,3637
20211010,중앙선,운길산,1322,1243,2565
20211010,중앙선,팔당,1284,1311,2595
20211010,중앙선,도심,1174,1134,2308
20211010,중앙선,덕소,3081,3174,6255
20211010,중앙선,양정,544,464,1008
20211010,일산선,대곡,908,759,1667
20211010,일산선,화정,8087,8369,16456
20211010,일산선,원당,5274,4771,10045
20211010,일산선,삼송,9094,8998,18092
20211010,안산선,초지,2111,2114,4225
20211010,안산선,고잔,4276,4405,8681
20211010,안산선,중앙,10080,10236,20316
20211010,안산선,한대앞,4818,4823,9641
20211010,안산선,상록수,8336,8332,16668
20211010,안산선,반월,2291,2366,4657
20211010,안산선,대야미,2560,2381,4941
20211010,안산선,산본,7528,7997,15525
20211010,수인선,인천,944,1560,2504
20211010,수인선,신포,1005,956,1961
20211010,수인선,숭의,1780,1623,3403
20211010,수인선,인하대,2756,2664,5420
20211010,수인선,송도,1367,1264,2631
20211010,수인선,연수,2521,2455,4976
20211010,수인선,원인재,2555,2669,5224
20211010,안산선,안산,8192,7431,15623
20211010,수인선,호구포,1734,1723,3457
20211010,안산선,신길온천,940,920,1860
20211010,안산선,오이도,5668,5633,11301
20211010,일산선,원흥,4568,4408,8976
20211010,우이신설선,신설동,872,805,1677
20211010,우이신설선,보문,753,733,1486
20211010,우이신설선,성신여대입구,1854,2106,3960
20211010,우이신설선,정릉,2188,1923,4111
20211010,우이신설선,북한산보국문,3068,2823,5891
20211010,우이신설선,솔샘,2317,2195,4512
20211010,우이신설선,삼양사거리,1318,1248,2566
20211010,우이신설선,삼양,958,987,1945
20211010,우이신설선,화계,1629,1543,3172
20211010,우이신설선,가오리,2030,1915,3945
20211010,우이신설선,4.19민주묘지,1666,1459,3125
20211010,우이신설선,솔밭공원,1170,1128,2298
20211010,우이신설선,북한산우이,2353,2481,4834
20211010,안산선,수리산,1945,1861,3806
20211010,안산선,정왕,4467,4707,9174
20211010,경춘선,마석,2410,2380,4790
20211010,수인선,월곶,1483,1488,2971
20211010,경춘선,평내호평,2937,2905,5842
20211010,경부선,오산대,1941,1847,3788
20211010,경부선,세마,1454,1366,2820
20211010,경부선,병점,8366,8702,17068
20211010,경부선,세류,1815,1838,3653
20211010,경부선,독산,5640,5592,11232
20211010,경부선,수원,29184,28768,57952
20211010,경부선,화서,3601,3622,7223
20211010,경부선,성균관대,6714,6845,13559
20211010,경부선,의왕,3812,3799,7611
20211010,경부선,군포,2667,2422,5089
20211010,경부선,금정,12338,12630,24968
20211010,경부선,명학,3188,3170,6358
20211010,경부선,안양,13082,12836,25918
20211010,경부선,관악,4012,3812,7824
20211010,경부선,석수,4639,4336,8975
20211010,경부선,오산,6722,7048,13770
20211010,경부선,금천구청,5476,5393,10869
20211010,경부선,진위,683,656,1339
20211010,경부선,서정리,3954,4810,8764
20211010,경원선,왕십리,7801,9002,16803
20211010,경원선,응봉,880,830,1710
20211010,경원선,옥수,65,42,107
20211010,경원선,한남,1660,1683,3343
20211010,경원선,서빙고,921,914,1835
20211010,경원선,이촌,1788,1483,3271
20211010,경부선,광명,2163,1674,3837
20211010,경부선,서동탄,646,719,1365
20211010,경부선,당정,2662,2671,5333
20211010,경부선,천안,5589,5414,11003
20211010,경부선,두정,4561,4589,9150
20211010,경부선,직산,545,525,1070
20211010,경부선,성환,2089,2363,4452
20211010,경부선,평택,10187,10348,20535
20211010,경부선,평택지제,2039,1924,3963
20211010,경부선,송탄,3284,3549,6833
20211010,경원선,청량리,12514,12065,24579
20211010,경부선,가산디지털단지,4095,5746,9841
20211010,경부선,신길,4375,3716,8091
20211010,9호선2~3단계,둔촌오륜,396,397,793
20211010,9호선2~3단계,올림픽공원,5319,5491,10810
20211010,9호선2~3단계,한성백제,1383,1200,2583
20211010,9호선2~3단계,송파나루,2863,2966,5829
20211010,9호선2~3단계,석촌,4108,3464,7572
20211010,9호선2~3단계,석촌고분,2583,2645,5228
20211010,9호선2~3단계,삼전,3057,3068,6125
20211010,9호선2~3단계,종합운동장,1856,1668,3524
20211010,9호선2~3단계,봉은사,7555,7674,15229
20211010,9호선2~3단계,삼성중앙,1763,1906,3669
20211010,9호선2~3단계,선정릉,2760,3201,5961
20211010,9호선2~3단계,언주,3551,3609,7160
20211010,9호선,신논현,13958,13330,27288
20211010,9호선,사평,1271,1247,2518
20211010,경춘선,천마산,970,903,1873
20211010,9호선2~3단계,중앙보훈병원,2920,2942,5862
20211010,경부선,구로,8744,8690,17434
20211010,경강선,판교,2250,2125,4375
20211010,경강선,삼동,955,874,1829
20211010,경부선,신도림,1857,2011,3868
20211010,경부선,영등포,27887,27309,55196
20211010,경부선,대방,4892,5141,10033
20211010,경부선,노량진,5346,5170,10516
20211010,경부선,용산,27501,24761,52262
20211010,경부선,남영,4062,4210,8272
20211010,경부선,서울역,5905,1329,7234
20211010,경강선,여주,2050,2040,4090
20211010,경강선,세종대왕릉,259,288,547
20211010,경강선,부발,1179,1338,2517
20211010,경강선,이천,1890,2087,3977
20211010,경강선,신둔도예촌,818,829,1647
20211010,경강선,곤지암,1451,1634,3085
20211010,경강선,초월,1356,1361,2717
20211010,경강선,경기광주,3369,3296,6665
20211010,경강선,이매,638,434,1072
20211010,경원선,외대앞,4045,4044,8089
20211010,9호선,고속터미널,8321,11633,19954
20211010,경인선,동암,8399,8553,16952
20211010,경인선,백운,3484,3478,6962
20211010,경인선,부평,19973,20589,40562
20211010,경인선,송내,11470,11220,22690
20211010,경인선,부천,18652,18362,37014
20211010,경인선,역곡,12568,12458,25026
20211010,경인선,오류동,6042,5739,11781
20211010,경원선,신이문,4039,3796,7835
20211010,경인선,개봉,10160,10390,20550
20211010,경의선,문산,2967,2984,5951
20211010,경의선,월롱,718,992,1710
20211010,경의선,금촌,3406,3753,7159
20211010,경의선,금릉,2282,2280,4562
20211010,경의선,운정,3011,2963,5974
20211010,경의선,야당,3679,3631,7310
20211010,경의선,임진강,51,49,100
20211010,경인선,주안,10360,9329,19689
20211010,경인선,제물포,4710,4702,9412
20211010,경인선,동인천,8226,8018,16244
20211010,경춘선,금곡,781,785,1566
20211010,경춘선,사릉,1560,1558,3118
20211010,경춘선,퇴계원,1733,1596,3329
20211010,경춘선,별내,1725,1640,3365
20211010,경춘선,갈매,1293,1139,2432
20211010,경춘선,신내,804,842,1646
20211010,경인선,도화,2082,1982,4064
20211010,경인선,중동,4224,4066,8290
20211010,경인선,온수,3183,3001,6184
20211010,경인선,도원,1336,1378,2714
20211010,경인선,간석,2757,2742,5499
20211010,경인선,부개,4043,3943,7986
20211010,경인선,소사,4906,4767,9673
20211010,경인선,구일,2674,2682,5356
20211010,경인선,인천,3288,2586,5874
20211010,경의선,탄현,3545,3494,7039
20211010,경의선,일산,4003,3770,7773
20211010,경의선,파주,528,459,987
20211010,경의선,백마,2838,2833,5671
20211010,경원선,덕정,2733,2826,5559
20211010,경원선,덕계,1450,1410,2860
20211010,경원선,양주,4662,4616,9278
20211010,경원선,녹양,2244,2240,4484
20211010,경원선,가능,3560,3379,6939
20211010,경의선,풍산,3047,2878,5925
20211010,경원선,회룡,6169,6204,12373
20211010,경원선,망월사,3806,3918,7724
20211010,경원선,도봉산,6491,4628,11119
20211010,경원선,도봉,3065,2881,5946
20211010,경원선,방학,4925,4889,9814
20211010,경원선,녹천,2159,1885,4044
20211010,경원선,월계,2979,2670,5649
20211010,경원선,광운대,3566,3636,7202
20211010,경원선,석계,4348,4595,8943
20211010,경원선,지행,3538,3462,7000
20211010,경원선,동두천중앙,1833,1830,3663
20211010,경원선,의정부,11568,12043,23611
20211010,경원선,동두천,1155,1430,2585
20211010,경원선,보산,1232,1221,2453
20211010,경의선,능곡,1874,1880,3754
20211010,경의선,행신,3898,3581,7479
20211010,경의선,강매,1226,1192,2418
20211010,경의선,화전,716,764,1480
20211010,경의선,수색,730,787,1517
20211010,경의선,디지털미디어시티,1210,1187,2397
20211010,경의선,곡산,267,265,532
20211010,경의선,홍대입구,1469,1712,3181
20211010,경의선,서강대,1019,1010,2029
20211010,경의선,공덕,1688,1384,3072
20211010,경의선,효창공원앞,1178,1335,2513
20211010,경의선,신촌,242,228,470
20211010,경의선,서울역,919,932,1851
20211010,경원선,소요산,3258,2802,6060
20211010,경의선,가좌,2432,2422,4854
20211016,경원선,신이문,6055,5568,11623
20211016,경원선,석계,6540,7012,13552
20211016,경원선,광운대,5291,5174,10465
20211016,경원선,월계,4603,4204,8807
20211016,경원선,녹천,3355,2758,6113
20211016,경원선,방학,7315,7110,14425
20211016,경원선,도봉,4470,4284,8754
20211016,경원선,의정부,17023,17916,34939
20211016,경원선,망월사,6858,6913,13771
20211016,경원선,회룡,9613,9456,19069
20211016,경원선,가능,5234,4907,10141
20211016,경원선,녹양,3552,3473,7025
20211016,경원선,양주,6709,6476,13185
20211016,경원선,덕계,2413,2173,4586
20211016,경원선,외대앞,5569,5526,11095
20211016,경원선,도봉산,9719,6726,16445
20211016,경원선,청량리,15199,16505,31704
20211016,경인선,송내,17114,16851,33965
20211016,경원선,응봉,1367,1212,2579
20211016,경부선,진위,986,905,1891
20211016,경부선,송탄,4811,4177,8988
20211016,경부선,서정리,6467,5411,11878
20211016,경부선,평택지제,2977,2755,5732
20211016,경부선,평택,13192,12419,25611
20211016,경부선,성환,2886,2764,5650
20211016,경부선,직산,633,606,1239
20211016,경부선,두정,5475,5408,10883
20211016,경부선,당정,3815,3619,7434
20211016,경부선,서동탄,992,1003,1995
20211016,경부선,광명,2522,2242,4764
20211016,경원선,이촌,2819,2236,5055
20211016,경원선,서빙고,1402,1591,2993
20211016,경원선,한남,2668,2495,5163
20211016,경원선,옥수,26,31,57
20211016,경원선,왕십리,12001,13489,25490
20211016,경원선,덕정,4410,4061,8471
20211016,경인선,부천,27125,27739,54864
20211016,경원선,동두천중앙,2544,2621,5165
20211016,경의선,일산,5926,5542,11468
20211016,경의선,탄현,5220,5012,10232
20211016,경의선,야당,5588,5491,11079
20211016,경의선,운정,4818,4571,9389
20211016,경의선,금릉,3609,3566,7175
20211016,경의선,금촌,5736,5568,11304
20211016,경의선,월롱,1530,1512,3042
20211016,경의선,파주,863,698,1561
20211016,경의선,문산,4629,4635,9264
20211016,경의선,임진강,69,71,140
20211016,경의선,서울역,36,3,39
20211016,경인선,개봉,15703,15653,31356
20211016,경인선,오류동,8598,7806,16404
20211016,경인선,역곡,19117,18818,37935
20211016,경부선,오산,9079,8563,17642
20211016,경의선,풍산,4047,3908,7955
20211016,경원선,지행,5471,5308,10779
20211016,경의선,백마,4159,4015,8174
20211016,경의선,능곡,2747,2633,5380
20211016,경원선,보산,2010,1874,3884
20211016,경원선,동두천,1583,2206,3789
20211016,경원선,소요산,4224,3803,8027
20211016,경의선,서울역,1161,1432,2593
20211016,경의선,신촌,345,369,714
20211016,경의선,효창공원앞,1725,1925,3650
20211016,경의선,공덕,2467,1997,4464
20211016,경의선,서강대,1617,1566,3183
20211016,경의선,홍대입구,1704,2061,3765
20211016,경의선,가좌,3802,3670,7472
20211016,경의선,디지털미디어시티,1870,1711,3581
20211016,경의선,수색,1425,1399,2824
20211016,경의선,화전,1106,1020,2126
20211016,경의선,강매,1873,1778,3651
20211016,경의선,행신,5000,5081,10081
20211016,경의선,곡산,479,505,984
20211016,경부선,오산대,2761,2504,5265
20211016,9호선2~3단계,중앙보훈병원,4337,4156,8493
20211016,경부선,병점,11581,11684,23265
20211016,9호선,동작,1346,1141,2487
20211016,9호선,구반포,1676,1765,3441
20211016,9호선,신반포,2433,2508,4941
20211016,9호선,고속터미널,11424,16684,28108
20211016,9호선,사평,2382,2322,4704
20211016,9호선,신논현,24152,23216,47368
20211016,9호선,흑석,5109,5135,10244
20211016,9호선2~3단계,언주,5901,5960,11861
20211016,9호선2~3단계,삼성중앙,3024,3095,6119
20211016,9호선2~3단계,봉은사,11950,12374,24324
20211016,9호선2~3단계,종합운동장,3142,2644,5786
20211016,9호선2~3단계,삼전,4937,4736,9673
20211016,9호선2~3단계,석촌고분,3966,3802,7768
20211016,9호선2~3단계,석촌,6295,5254,11549
20211016,9호선2~3단계,선정릉,4751,5544,10295
20211016,9호선,노들,3159,2844,6003
20211016,9호선,노량진,20898,20087,40985
20211016,9호선,샛강,2379,2574,4953
20211016,9호선,개화,1505,1336,2841
20211016,9호선,김포공항,7660,12387,20047
20211016,9호선,공항시장,2230,2327,4557
20211016,9호선,신방화,4596,4333,8929
20211016,9호선,마곡나루,7720,7573,15293
20211016,9호선,양천향교,5746,5592,11338
20211016,9호선,가양,13562,12868,26430
20211016,9호선,증미,3977,3899,7876
20211016,9호선,등촌,7082,6948,14030
20211016,9호선,염창,11019,10298,21317
20211016,9호선,신목동,2240,1960,4200
20211016,9호선,선유도,3796,3755,7551
20211016,9호선,당산,12360,11589,23949
20211016,9호선,국회의사당,3965,4303,8268
20211016,9호선,여의도,11848,10474,22322
20211016,9호선2~3단계,송파나루,4103,4129,8232
20211016,9호선2~3단계,한성백제,2307,1909,4216
20211016,9호선2~3단계,올림픽공원,5448,5979,11427
20211016,9호선2~3단계,둔촌오륜,616,628,1244
20211016,경부선,구로,12884,13167,26051
20211016,경부선,가산디지털단지,5992,8446,14438
20211016,경부선,금천구청,8219,8152,16371
20211016,경부선,석수,6883,6299,13182
20211016,경부선,관악,5780,5432,11212
20211016,경부선,안양,18320,18163,36483
20211016,경부선,명학,5042,4887,9929
20211016,경부선,금정,17889,17884,35773
20211016,경부선,군포,4193,3890,8083
20211016,경부선,의왕,5935,5795,11730
20211016,경부선,성균관대,9608,9715,19323
20211016,경부선,화서,5280,5344,10624
20211016,경부선,수원,35415,37724,73139
20211016,경부선,독산,8644,8526,17170
20211016,경부선,세류,2465,2525,4990
20211016,경부선,신길,5933,4922,10855
20211016,경부선,세마,1982,1781,3763
20211016,경부선,신도림,2663,2962,5625
20211016,경부선,대방,7824,7927,15751
20211016,경강선,판교,2955,2763,5718
20211016,경강선,이매,827,651,1478
20211016,경강선,삼동,1420,1288,2708
20211016,경강선,경기광주,5007,4741,9748
20211016,경강선,초월,2151,1986,4137
20211016,경강선,곤지암,1853,2095,3948
20211016,경강선,신둔도예촌,1160,1150,2310
20211016,경강선,이천,2564,2817,5381
20211016,경강선,부발,1916,1677,3593
20211016,경강선,세종대왕릉,317,412,729
20211016,경강선,여주,2335,2640,4975
20211016,경부선,서울역,5584,1706,7290
20211016,경부선,남영,5608,5869,11477
20211016,경부선,용산,31310,33538,64848
20211016,경부선,노량진,8348,7655,16003
20211016,경부선,영등포,36553,37527,74080
20211016,경인선,부평,27733,29914,57647
20211016,중앙선,양정,748,699,1447
20211016,경인선,동암,11581,12047,23628
20211016,수인선,인천논현,4293,4357,8650
20211016,수인선,호구포,2496,2371,4867
20211016,수인선,남동인더스파크,1051,922,1973
20211016,수인선,원인재,3591,3762,7353
20211016,수인선,연수,3535,3470,7005
20211016,수인선,송도,1936,1890,3826
20211016,수인선,소래포구,7001,7154,14155
20211016,수인선,인하대,4317,3961,8278
20211016,수인선,신포,1332,1433,2765
20211016,안산선,초지,3099,3169,6268
20211016,안산선,안산,9129,9491,18620
20211016,안산선,신길온천,1408,1351,2759
20211016,안산선,정왕,6016,6262,12278
20211016,안산선,오이도,7223,7608,14831
20211016,수인선,숭의,2686,2564,5250
20211016,수인선,월곶,1966,1943,3909
20211016,수인선,달월,66,61,127
20211016,수인선,사리,3252,2787,6039
20211016,분당선,죽전,9733,10869,20602
20211016,분당선,구성,3227,3320,6547
20211016,분당선,신갈,2675,2656,5331
20211016,분당선,기흥,6497,6172,12669
20211016,분당선,상갈,3785,3740,7525
20211016,분당선,청명,2645,2592,5237
20211016,분당선,영통,6181,6069,12250
20211016,분당선,망포,8784,8089,16873
20211016,분당선,매탄권선,3381,3306,6687
20211016,분당선,수원시청,10108,10745,20853
20211016,분당선,매교,1941,1965,3906
20211016,수인선,고색,2674,2572,5246
20211016,수인선,오목천,1914,1746,3660
20211016,수인선,어천,703,600,1303
20211016,수인선,야목,228,221,449
20211016,안산선,수리산,2885,2558,5443
20211016,우이신설선,북한산우이,3656,3540,7196
20211016,우이신설선,솔밭공원,1722,1713,3435
20211016,우이신설선,4.19민주묘지,2258,1991,4249
20211016,일산선,대화,8866,7999,16865
20211016,장항선,봉명,673,636,1309
20211016,장항선,쌍용,1481,1341,2822
20211016,장항선,아산,2719,2613,5332
20211016,장항선,배방,984,985,1969
20211016,장항선,온양온천,3573,3659,7232
20211016,장항선,신창,1191,1147,2338
20211016,중앙선,회기,18879,17784,36663
20211016,중앙선,중랑,4435,4218,8653
20211016,중앙선,상봉,4962,4730,9692
20211016,중앙선,망우,6408,6206,12614
20211016,중앙선,양원,1362,1355,2717
20211016,중앙선,구리,9982,10268,20250
20211016,중앙선,도농,6611,6454,13065
20211016,8호선,모란,3557,3042,6599
20211016,일산선,주엽,6463,6353,12816
20211016,분당선,보정,1590,1420,3010
20211016,일산선,정발산,6130,6361,12491
20211016,일산선,백석,7371,7565,14936
20211016,우이신설선,가오리,2836,2739,5575
20211016,우이신설선,화계,2471,2325,4796
20211016,우이신설선,삼양,1429,1558,2987
20211016,우이신설선,삼양사거리,1887,1836,3723
20211016,우이신설선,솔샘,3664,3387,7051
20211016,우이신설선,북한산보국문,4416,3962,8378
20211016,우이신설선,정릉,3451,2924,6375
20211016,우이신설선,성신여대입구,2638,2959,5597
20211016,우이신설선,보문,1099,1069,2168
20211016,우이신설선,신설동,1352,1256,2608
20211016,일산선,원흥,7008,6760,13768
20211016,일산선,삼송,13398,13174,26572
20211016,일산선,원당,8122,7827,15949
20211016,일산선,화정,12419,12870,25289
20211016,일산선,대곡,1430,1189,2619
20211016,일산선,마두,5113,5356,10469
20211016,분당선,이매,3896,3980,7876
20211016,분당선,오리,7657,6410,14067
20211016,분당선,미금,10404,10703,21107
20211016,경춘선,천마산,1295,1344,2639
20211016,경춘선,마석,3267,3227,6494
20211016,경춘선,대성리,612,579,1191
20211016,경춘선,청평,1674,1735,3409
20211016,경춘선,상천,471,415,886
20211016,경춘선,가평,2245,2361,4606
20211016,경춘선,굴봉산,216,217,433
20211016,경춘선,백양리,113,159,272
20211016,경춘선,강촌,695,824,1519
20211016,경춘선,김유정,576,697,1273
20211016,경춘선,남춘천,2628,2936,5564
20211016,경춘선,춘천,1822,1820,3642
20211016,공항철도 1호선,서울역,6533,6888,13421
20211016,공항철도 1호선,공덕,1407,2098,3505
20211016,공항철도 1호선,홍대입구,10330,10303,20633
20211016,경춘선,평내호평,4493,4281,8774
20211016,공항철도 1호선,디지털미디어시티,5497,5216,10713
20211016,경춘선,금곡,1123,1051,2174
20211016,경춘선,퇴계원,2643,2424,5067
20211016,경인선,주안,15039,13278,28317
20211016,경인선,제물포,7052,6923,13975
20211016,경인선,동인천,11072,10973,22045
20211016,경인선,인천,3822,3276,7098
20211016,경인선,구일,4509,4214,8723
20211016,경인선,소사,7315,7155,14470
20211016,경인선,부개,6265,5919,12184
20211016,경인선,간석,4027,4002,8029
20211016,경인선,도원,1873,2017,3890
20211016,경인선,온수,4761,4375,9136
20211016,경인선,중동,6679,6452,13131
20211016,경인선,도화,2980,2780,5760
20211016,경춘선,신내,1190,1161,2351
20211016,경춘선,갈매,1949,1625,3574
20211016,경춘선,별내,2308,2234,4542
20211016,경춘선,사릉,2259,2302,4561
20211016,경인선,백운,5385,5226,10611
20211016,공항철도 1호선,마곡나루,2935,3165,6100
20211016,공항철도 1호선,계양,6679,6233,12912
20211016,분당선,개포동,2754,2677,5431
20211016,분당선,대모산입구,3121,2965,6086
20211016,분당선,수서,9828,10167,19995
20211016,분당선,수원,6868,5949,12817
20211016,분당선,서울숲,7993,8693,16686
20211016,분당선,압구정로데오,17442,19488,36930
20211016,분당선,강남구청,5514,6626,12140
20211016,분당선,선정릉,3501,3587,7088
20211016,분당선,가천대,5134,5509,10643
20211016,분당선,태평,10310,9739,20049
20211016,분당선,모란,15378,15715,31093
20211016,분당선,야탑,16761,17515,34276
20211016,분당선,서현,17671,17518,35189
20211016,분당선,수내,8603,8190,16793
20211016,분당선,정자,10262,10724,20986
20211016,분당선,구룡,1263,1157,2420
20211016,공항철도 1호선,김포공항,11117,5881,16998
20211016,분당선,도곡,4184,3938,8122
20211016,분당선,선릉,4821,7569,12390
20211016,공항철도 1호선,검암,4273,4364,8637
20211016,공항철도 1호선,청라국제도시,3838,3784,7622
20211016,공항철도 1호선,운서,5402,5535,10937
20211016,공항철도 1호선,공항화물청사,1263,1313,2576
20211016,공항철도 1호선,인천공항1터미널,3208,3211,6419
20211016,공항철도 1호선,인천공항2터미널,1880,1578,3458
20211016,공항철도 1호선,영종,2778,2766,5544
20211016,과천선,선바위,4855,4369,9224
20211016,과천선,경마공원,1181,1109,2290
20211016,과천선,대공원,5685,6192,11877
20211016,과천선,과천,4102,3725,7827
20211016,과천선,정부과천청사,5912,5847,11759
20211016,과천선,인덕원,15025,14815,29840
20211016,과천선,평촌,9045,8972,18017
20211016,과천선,범계,19490,18772,38262
20211016,분당선,한티,12013,11478,23491
20211016,8호선,수진,4156,3743,7899
20211016,경부선,천안,6182,6353,12535
20211016,8호선,단대오거리,7341,6783,14124
20211016,3호선,을지로3가,4751,5143,9894
20211016,3호선,동대입구,5903,6686,12589
20211016,3호선,약수,8815,8278,17093
20211016,3호선,금호,5578,5242,10820
20211016,3호선,옥수,6817,7004,13821
20211016,3호선,압구정,23392,24499,47891
20211016,3호선,종로3가,5738,7757,13495
20211016,3호선,신사,24369,24669,49038
20211016,3호선,고속터미널,44333,44554,88887
20211016,3호선,교대,6528,3915,10443
20211016,3호선,남부터미널,20000,20274,40274
20211016,3호선,양재,19799,21341,41140
20211016,3호선,매봉,5997,5717,11714
20211016,3호선,도곡,3183,3206,6389
20211016,3호선,잠원,3419,3339,6758
20211016,3호선,안국,14527,15591,30118
20211016,3호선,경복궁,15607,16682,32289
20211016,3호선,독립문,5778,6184,11962
20211016,2호선,충정로,5365,5644,11009
20211016,2호선,용답,2153,2045,4198
20211016,2호선,신답,938,989,1927
20211016,2호선,신설동,3111,1478,4589
20211016,2호선,도림천,821,828,1649
20211016,2호선,양천구청,4339,4425,8764
20211016,2호선,신정네거리,7246,7285,14531
20211016,2호선,용두,1576,1700,3276
20211016,3호선,지축,2865,2805,5670
20211016,3호선,구파발,15251,15215,30466
20211016,3호선,연신내,28814,26941,55755
20211016,3호선,불광,12679,14409,27088
20211016,3호선,녹번,9931,8576,18507
20211016,3호선,홍제,12370,11789,24159
20211016,3호선,무악재,2660,2836,5496
20211016,3호선,대치,8863,7990,16853
20211016,3호선,학여울,1486,1584,3070
20211016,3호선,대청,5792,5381,11173
20211016,3호선,일원,4577,4546,9123
20211016,4호선,신용산,9657,10323,19980
20211016,4호선,이촌,5745,6381,12126
20211016,4호선,동작,1377,1584,2961
20211016,4호선,총신대입구,14520,15504,30024
20211016,4호선,사당,19522,16968,36490
20211016,4호선,남태령,964,742,1706
20211016,4호선,당고개,9524,9249,18773
20211016,4호선,상계,13658,12768,26426
20211016,4호선,노원,15539,16570,32109
20211016,4호선,창동,18440,19512,37952
20211016,4호선,쌍문,20525,18717,39242
20211016,5호선,방화,4600,4430,9030
20211016,5호선,개화산,3679,3583,7262
20211016,5호선,김포공항,7302,7363,14665
20211016,5호선,송정,5034,4798,9832
20211016,4호선,삼각지,3304,4220,7524
20211016,2호선,이대,9239,9701,18940
20211016,4호선,숙대입구,8534,8138,16672
20211016,4호선,회현,16497,17792,34289
20211016,3호선,수서,12557,12621,25178
20211016,3호선,가락시장,5930,5511,11441
20211016,3호선,경찰병원,3913,3818,7731
20211016,3호선,오금,3737,3480,7217
20211016,4호선,수유,25406,24500,49906
20211016,4호선,미아,10398,9916,20314
20211016,4호선,미아사거리,21719,21039,42758
20211016,4호선,길음,13143,12846,25989
20211016,4호선,성신여대입구,16265,15160,31425
20211016,4호선,한성대입구,10425,10117,20542
20211016,4호선,혜화,23790,24288,48078
20211016,4호선,동대문,13934,13889,27823
20211016,4호선,동대문역사문화공원,10345,8969,19314
20211016,4호선,충무로,12313,12702,25015
20211016,4호선,명동,12795,14480,27275
20211016,4호선,서울역,5133,11514,16647
20211016,5호선,마곡,5348,5308,10656
20211016,2호선,신촌,27138,26751,53889
20211016,2호선,합정,26025,27503,53528
20211016,안산선,반월,3219,3065,6284
20211016,안산선,상록수,11844,11844,23688
20211016,안산선,한대앞,7040,6746,13786
20211016,안산선,중앙,15947,16184,32131
20211016,안산선,고잔,6455,6483,12938
20211016,1호선,신설동,9232,8885,18117
20211016,안산선,대야미,3877,3505,7382
20211016,6호선,구산,5357,4157,9514
20211016,1호선,동묘앞,11113,11496,22609
20211016,1호선,시청,10127,10793,20920
20211016,1호선,종각,17400,16078,33478
20211016,1호선,종로3가,21077,20260,41337
20211016,1호선,종로5가,18633,18048,36681
20211016,1호선,동대문,10521,9715,20236
20211016,1호선,서울역,29661,30451,60112
20211016,안산선,산본,11643,12449,24092
20211016,수인선,인천,1220,1870,3090
20211016,2호선,서초,9947,8295,18242
20211016,8호선,신흥,3413,3668,7081
20211016,5호선,강동,12494,11955,24449
20211016,중앙선,덕소,4494,4515,9009
20211016,중앙선,도심,1541,1395,2936
20211016,중앙선,팔당,1471,1604,3075
20211016,중앙선,운길산,1446,1438,2884
20211016,중앙선,양수,2393,2432,4825
20211016,중앙선,신원,333,268,601
20211016,중앙선,국수,705,728,1433
20211016,중앙선,아신,656,646,1302
20211016,중앙선,오빈,264,297,561
20211016,중앙선,양평,2730,2902,5632
20211016,중앙선,원덕,464,489,953
20211016,중앙선,용문,2303,2612,4915
20211016,중앙선,지평,49,81,130
20211016,1호선,제기동,14738,15329,30067
20211016,1호선,청량리,17506,17725,35231
20211016,2호선,시청,8559,7129,15688
20211016,2호선,을지로입구,18446,18457,36903
20211016,2호선,강남,56982,56416,113398
20211016,2호선,교대,16700,18722,35422
20211016,2호선,방배,9765,10047,19812
20211016,2호선,사당,28286,31252,59538
20211016,2호선,낙성대,20165,18975,39140
20211016,2호선,서울대입구,35980,34738,70718
20211016,2호선,봉천,16610,15338,31948
20211016,2호선,신림,47798,46126,93924
20211016,2호선,신대방,19046,18599,37645
20211016,2호선,구로디지털단지,32156,31707,63863
20211016,2호선,대림,16652,17864,34516
20211016,2호선,신도림,39613,39667,79280
20211016,2호선,문래,11664,12044,23708
20211016,2호선,영등포구청,12319,12830,25149
20211016,2호선,당산,11534,12840,24374
20211016,2호선,역삼,17834,18878,36712
20211016,2호선,홍대입구,56503,58125,114628
20211016,2호선,선릉,23185,20209,43394
20211016,2호선,종합운동장,4691,5619,10310
20211016,2호선,을지로3가,9987,9682,19669
20211016,2호선,을지로4가,6578,6524,13102
20211016,2호선,동대문역사문화공원,9276,10037,19313
20211016,2호선,신당,10283,10847,21130
20211016,2호선,상왕십리,9449,9064,18513
20211016,2호선,왕십리,12870,10781,23651
20211016,2호선,한양대,3937,3868,7805
20211016,2호선,뚝섬,13126,13358,26484
20211016,2호선,성수,17539,19132,36671
20211016,2호선,건대입구,30832,32419,63251
20211016,2호선,구의,15376,15110,30486
20211016,2호선,강변,24639,25408,50047
20211016,2호선,잠실나루,7100,7055,14155
20211016,2호선,잠실,59481,56888,116369
20211016,2호선,잠실새내,16070,16240,32310
20211016,2호선,삼성,30924,30527,61451
20211016,5호선,발산,13579,14212,27791
20211016,2호선,아현,7082,6801,13883
20211016,5호선,화곡,19335,17797,37132
20211016,7호선,상봉,12882,12329,25211
20211016,7호선,면목,10885,10807,21692
20211016,7호선,사가정,12068,11487,23555
20211016,7호선,용마산,4186,4464,8650
20211016,7호선,중곡,7154,6738,13892
20211016,7호선,군자,10289,7971,18260
20211016,7호선,어린이대공원,9117,9078,18195
20211016,7호선,건대입구,10554,10750,21304
20211016,7호선,뚝섬유원지,7239,7066,14305
20211016,7호선,청담,10908,11791,22699
20211016,7호선,강남구청,9733,10885,20618
20211016,7호선,학동,10184,10694,20878
20211016,7호선,논현,10572,11619,22191
20211016,7호선,반포,4322,4153,8475
20211016,7호선,내방,7724,7552,15276
20211016,7호선,중화,7825,7551,15376
20211016,7호선,이수,11566,10832,22398
20211016,7호선,먹골,7978,7784,15762
20211016,7호선,공릉,8481,8353,16834
20211016,6호선,고려대,4991,4910,9901
20211016,6호선,월곡,7423,7249,14672
20211016,6호선,상월곡,4478,4063,8541
20211016,6호선,돌곶이,5897,5508,11405
20211016,6호선,석계,8431,8606,17037
20211016,6호선,태릉입구,4039,4374,8413
20211016,6호선,화랑대,7465,6152,13617
20211016,6호선,봉화산,5124,4979,10103
20211016,7호선,장암,1569,1155,2724
20211016,7호선,도봉산,6734,9144,15878
20211016,7호선,수락산,9902,9866,19768
20211016,7호선,마들,9167,8606,17773
20211016,7호선,노원,15618,15563,31181
20211016,7호선,중계,9031,8311,17342
20211016,7호선,하계,11687,11101,22788
20211016,7호선,태릉입구,6264,5807,12071
20211016,6호선,안암,5720,5411,11131
20211016,7호선,남성,7175,6757,13932
20211016,7호선,상도,7074,6612,13686
20211016,7호선,부평구청,4922,4365,9287
20211016,8호선,암사,11966,10952,22918
20211016,8호선,천호,11571,13643,25214
20211016,8호선,강동구청,5903,5984,11887
20211016,8호선,몽촌토성,5044,4824,9868
20211016,8호선,잠실,12641,14317,26958
20211016,8호선,석촌,5668,6794,12462
20211016,8호선,송파,5184,5337,10521
20211016,8호선,가락시장,5157,5234,10391
20211016,8호선,문정,8434,8673,17107
20211016,8호선,장지,11993,10940,22933
20211016,8호선,복정,7164,6156,13320
20211016,8호선,산성,4443,4475,8918
20211016,5호선,우장산,9446,9501,18947
20211016,8호선,남한산성입구,8907,8019,16926
20211016,7호선,굴포천,6623,6798,13421
20211016,7호선,숭실대입구,7889,7751,15640
20211016,7호선,삼산체육관,3682,3588,7270
20211016,7호선,부천시청,9718,9524,19242
20211016,7호선,장승배기,6371,6097,12468
20211016,7호선,신대방삼거리,10816,10089,20905
20211016,7호선,보라매,6346,6124,12470
20211016,7호선,신풍,7829,7603,15432
20211016,7호선,대림,6971,7231,14202
20211016,7호선,남구로,7824,8223,16047
20211016,7호선,가산디지털단지,15145,13542,28687
20211016,7호선,철산,14196,14386,28582
20211016,7호선,광명사거리,16117,16024,32141
20211016,7호선,천왕,6438,6137,12575
20211016,7호선,온수,5508,5450,10958
20211016,7호선,까치울,5523,5473,10996
20211016,7호선,부천종합운동장,3141,2766,5907
20211016,7호선,춘의,5052,4853,9905
20211016,7호선,신중동,9503,9495,18998
20211016,7호선,상동,10930,10868,21798
20211016,6호선,보문,4852,4359,9211
20211016,7호선,고속터미널,12843,10434,23277
20211016,5호선,신정,8344,7450,15794
20211016,5호선,청구,2451,2322,4773
20211016,5호선,행당,5400,4786,10186
20211016,5호선,왕십리,3450,4035,7485
20211016,5호선,마장,3741,3644,7385
20211016,5호선,답십리,9570,8855,18425
20211016,5호선,장한평,10738,10522,21260
20211016,5호선,군자,8119,8896,17015
20211016,5호선,아차산,12272,11959,24231
20211016,5호선,광나루,9812,9431,19243
20211016,5호선,천호,16196,15242,31438
20211016,5호선,길동,5785,5965,11750
20211016,5호선,굽은다리,6812,6475,13287
20211016,5호선,명일,5924,5909,11833
20211016,5호선,고덕,6724,6489,13213
20211016,5호선,상일동,9163,8718,17881
20211016,5호선,동대문역사문화공원,925,1205,2130
20211016,5호선,둔촌동,5936,5939,11875
20211016,5호선,을지로4가,2926,3354,6280
20211016,5호선,광화문,14187,14627,28814
20211016,5호선,까치산,20397,19569,39966
20211016,6호선,창신,2029,1729,3758
20211016,5호선,목동,10618,10814,21432
20211016,5호선,오목교,15623,16199,31822
20211016,5호선,양평,3601,3482,7083
20211016,5호선,영등포구청,1771,1776,3547
20211016,5호선,영등포시장,6805,7262,14067
20211016,5호선,신길,2493,2643,5136
20211016,5호선,여의도,11616,11340,22956
20211016,5호선,여의나루,8624,11067,19691
20211016,5호선,마포,6988,7037,14025
20211016,5호선,공덕,6620,6860,13480
20211016,5호선,애오개,3477,3513,6990
20211016,5호선,충정로,1871,1837,3708
20211016,5호선,서대문,7024,6850,13874
20211016,5호선,종로3가,12174,11825,23999
20211016,5호선,올림픽공원,3156,3109,6265
20211016,5호선,신금호,4219,4250,8469
20211016,5호선,오금,2444,2339,4783
20211016,6호선,합정,12012,11200,23212
20211016,6호선,상수,7481,8076,15557
20211016,6호선,광흥창,5032,4679,9711
20211016,6호선,대흥,5176,5159,10335
20211016,6호선,공덕,9551,9097,18648
20211016,6호선,효창공원앞,4100,3783,7883
20211016,6호선,삼각지,5052,4116,9168
20211016,6호선,녹사평,4655,5099,9754
20211016,6호선,이태원,12010,12378,24388
20211016,6호선,한강진,7803,9329,17132
20211016,6호선,버티고개,1135,1097,2232
20211016,6호선,약수,2342,2488,4830
20211016,6호선,청구,2365,2458,4823
20211016,5호선,방이,5248,5156,10404
20211016,6호선,동묘앞,7909,7441,15350
20211016,6호선,망원,12426,13108,25534
20211016,6호선,마포구청,9346,8339,17685
20211016,6호선,신당,5876,4767,10643
20211016,6호선,디지털미디어시티,6861,7149,14010
20211016,6호선,월드컵경기장,6386,6862,13248
20211016,5호선,거여,5619,5393,11012
20211016,5호선,마천,4477,4662,9139
20211016,5호선,강일,2613,2442,5055
20211016,5호선,미사,11149,11311,22460
20211016,5호선,하남풍산,2597,2660,5257
20211016,5호선,하남시청,4897,4735,9632
20211016,5호선,개롱,4171,4392,8563
20211016,6호선,응암,12101,12122,24223
20211016,6호선,역촌,2622,3104,5726
20211016,6호선,불광,3911,3697,7608
20211016,6호선,독바위,2006,2318,4324
20211016,6호선,새절,8511,8114,16625
20211016,6호선,증산,7230,7192,14422
20211016,5호선,하남검단산,4760,4830,9590
20211017,경춘선,상천,382,318,700
20211017,경춘선,가평,1960,1653,3613
20211017,경춘선,굴봉산,171,175,346
20211017,경춘선,백양리,103,119,222
20211017,경춘선,강촌,769,606,1375
20211017,경춘선,김유정,485,474,959
20211017,공항철도 1호선,서울역,6556,5878,12434
20211017,경춘선,춘천,1790,1374,3164
20211017,공항철도 1호선,공덕,1087,1585,2672
20211017,공항철도 1호선,홍대입구,8319,7413,15732
20211017,공항철도 1호선,디지털미디어시티,3458,3397,6855
20211017,공항철도 1호선,마곡나루,2001,2193,4194
20211017,경춘선,청평,1524,1330,2854
20211017,공항철도 1호선,김포공항,10670,6285,16955
20211017,경춘선,남춘천,2973,2965,5938
20211017,경춘선,대성리,593,446,1039
20211017,경춘선,갈매,1328,1184,2512
20211017,경춘선,천마산,1024,1019,2043
20211017,공항철도 1호선,계양,4719,4637,9356
20211017,경인선,구일,2739,2742,5481
20211017,경인선,소사,5182,5050,10232
20211017,경인선,부개,4299,4063,8362
20211017,경인선,간석,2928,2830,5758
20211017,경인선,도원,1398,1413,2811
20211017,경인선,온수,3256,3129,6385
20211017,경인선,중동,4397,4116,8513
20211017,경인선,도화,2087,2074,4161
20211017,경춘선,신내,814,858,1672
20211017,경춘선,별내,1668,1545,3213
20211017,경춘선,퇴계원,1959,1766,3725
20211017,경춘선,사릉,1605,1584,3189
20211017,경춘선,금곡,872,830,1702
20211017,경춘선,평내호평,3212,3023,6235
20211017,경춘선,마석,2354,2355,4709
20211017,공항철도 1호선,검암,3314,3290,6604
20211017,분당선,이매,2803,2878,5681
20211017,공항철도 1호선,운서,4356,4851,9207
20211017,분당선,수원,5249,4420,9669
20211017,분당선,서울숲,5707,5969,11676
20211017,분당선,압구정로데오,9964,10585,20549
20211017,분당선,강남구청,3064,3770,6834
20211017,분당선,선정릉,2080,2174,4254
20211017,분당선,가천대,3574,4238,7812
20211017,분당선,태평,7346,6926,14272
20211017,분당선,모란,10202,10232,20434
20211017,분당선,야탑,11636,11977,23613
20211017,분당선,서현,11696,11779,23475
20211017,분당선,수내,5202,5194,10396
20211017,분당선,정자,6474,6872,13346
20211017,분당선,미금,6240,6600,12840
20211017,분당선,오리,4950,4269,9219
20211017,경인선,인천,3180,2525,5705
20211017,분당선,수서,7629,7322,14951
20211017,공항철도 1호선,청라국제도시,2718,2651,5369
20211017,분당선,대모산입구,1987,1932,3919
20211017,분당선,구룡,650,787,1437
20211017,공항철도 1호선,공항화물청사,935,1031,1966
20211017,공항철도 1호선,인천공항1터미널,3006,2871,5877
20211017,공항철도 1호선,인천공항2터미널,1611,1563,3174
20211017,공항철도 1호선,영종,2085,2061,4146
20211017,과천선,선바위,3333,3034,6367
20211017,과천선,경마공원,801,745,1546
20211017,과천선,대공원,4026,4151,8177
20211017,과천선,과천,2834,2701,5535
20211017,과천선,정부과천청사,3638,3880,7518
20211017,과천선,인덕원,9880,10136,20016
20211017,과천선,평촌,5485,5465,10950
20211017,과천선,범계,13238,12496,25734
20211017,분당선,선릉,2682,3833,6515
20211017,분당선,한티,7970,7753,15723
20211017,분당선,도곡,2306,2204,4510
20211017,분당선,개포동,1681,1711,3392
20211017,경인선,동인천,8184,7987,16171
20211017,경부선,평택지제,2153,2161,4314
20211017,경인선,주안,10730,9128,19858
20211017,경원선,광운대,3772,3800,7572
20211017,경원선,월계,3256,3154,6410
20211017,경원선,녹천,2214,1971,4185
20211017,경원선,방학,5375,5213,10588
20211017,경원선,도봉,3252,3075,6327
20211017,경원선,도봉산,8436,6002,14438
20211017,경원선,망월사,5193,5118,10311
20211017,경원선,회룡,6673,6674,13347
20211017,경원선,의정부,12768,13077,25845
20211017,경원선,가능,3716,3584,7300
20211017,경원선,녹양,2554,2390,4944
20211017,경원선,양주,4962,4815,9777
20211017,경원선,덕계,1557,1550,3107
20211017,경원선,덕정,3139,3391,6530
20211017,경원선,지행,3947,3992,7939
20211017,경원선,석계,4569,5018,9587
20211017,경원선,동두천중앙,1889,1849,3738
20211017,경원선,신이문,4343,4056,8399
20211017,경원선,청량리,13068,12132,25200
20211017,분당선,보정,1026,962,1988
20211017,경부선,평택,10716,11444,22160
20211017,경부선,성환,2295,2764,5059
20211017,경부선,직산,538,621,1159
20211017,경부선,두정,4473,4796,9269
20211017,경부선,천안,5859,5598,11457
20211017,경부선,당정,2705,2600,5305
20211017,경부선,서동탄,693,742,1435
20211017,경부선,광명,2379,1798,4177
20211017,경원선,이촌,1818,1524,3342
20211017,경원선,서빙고,989,1107,2096
20211017,경원선,한남,1783,1744,3527
20211017,경원선,옥수,45,21,66
20211017,경원선,응봉,971,885,1856
20211017,경원선,왕십리,8548,9604,18152
20211017,경원선,외대앞,4238,4138,8376
20211017,경인선,제물포,4958,4702,9660
20211017,경원선,보산,1315,1511,2826
20211017,경원선,소요산,3808,3266,7074
20211017,경의선,운정,3223,3082,6305
20211017,경의선,금릉,2547,2557,5104
20211017,경의선,금촌,3723,4075,7798
20211017,경의선,월롱,819,1583,2402
20211017,경의선,파주,654,597,1251
20211017,경의선,문산,3145,3230,6375
20211017,경의선,임진강,44,47,91
20211017,경인선,개봉,10353,10566,20919
20211017,경인선,오류동,6212,5854,12066
20211017,경인선,역곡,12887,12702,25589
20211017,경인선,부천,20249,19674,39923
20211017,경인선,송내,11897,11515,23412
20211017,경인선,부평,20622,21181,41803
20211017,경인선,백운,3476,3544,7020
20211017,경인선,동암,8689,8585,17274
20211017,경의선,야당,3938,3821,7759
20211017,경원선,동두천,1255,1568,2823
20211017,경의선,탄현,3774,3596,7370
20211017,경의선,풍산,3122,2926,6048
20211017,경의선,서울역,1015,977,1992
20211017,경의선,신촌,258,267,525
20211017,경의선,효창공원앞,1207,1331,2538
20211017,경의선,공덕,1692,1444,3136
20211017,경의선,서강대,1012,1073,2085
20211017,경의선,홍대입구,1365,1596,2961
20211017,경의선,가좌,2577,2677,5254
20211017,경의선,디지털미디어시티,1268,1246,2514
20211017,경의선,수색,821,848,1669
20211017,경의선,화전,759,802,1561
20211017,경의선,강매,1361,1288,2649
20211017,경의선,행신,3989,3698,7687
20211017,경의선,능곡,2049,1976,4025
20211017,경의선,곡산,344,335,679
20211017,경의선,백마,3065,2887,5952
20211017,경의선,일산,4183,3937,8120
20211017,분당선,죽전,7388,8138,15526
20211017,2호선,잠실새내,9555,9736,19291
20211017,분당선,신갈,1811,1897,3708
20211017,3호선,독립문,3760,4084,7844
20211017,3호선,경복궁,10709,11398,22107
20211017,3호선,안국,9390,10128,19518
20211017,3호선,종로3가,3447,4459,7906
20211017,3호선,을지로3가,2681,2627,5308
20211017,3호선,충무로,3,0,3
20211017,3호선,무악재,1658,1840,3498
20211017,3호선,동대입구,4122,4715,8837
20211017,3호선,금호,3751,3613,7364
20211017,3호선,옥수,4460,4756,9216
20211017,3호선,압구정,11940,12111,24051
20211017,3호선,신사,12456,12484,24940
20211017,3호선,잠원,1896,1894,3790
20211017,3호선,고속터미널,35206,32974,68180
20211017,3호선,약수,5641,5583,11224
20211017,3호선,홍제,8059,7693,15752
20211017,3호선,녹번,6502,5990,12492
20211017,3호선,불광,8952,10394,19346
20211017,2호선,홍대입구,40576,40377,80953
20211017,2호선,신촌,19030,18293,37323
20211017,2호선,이대,6022,6331,12353
20211017,2호선,아현,4656,4751,9407
20211017,2호선,충정로,3423,3544,6967
20211017,2호선,용답,1616,1654,3270
20211017,2호선,신답,648,720,1368
20211017,2호선,신설동,2545,1327,3872
20211017,2호선,도림천,447,458,905
20211017,2호선,양천구청,2818,2932,5750
20211017,2호선,신정네거리,4689,4686,9375
20211017,2호선,용두,1096,1145,2241
20211017,3호선,지축,1760,1820,3580
20211017,3호선,구파발,10594,10859,21453
20211017,3호선,연신내,19654,18425,38079
20211017,1호선,시청,6944,6625,13569
20211017,3호선,교대,3765,2264,6029
20211017,3호선,가락시장,3321,3524,6845
20211017,3호선,남부터미널,12939,13590,26529
20211017,2호선,한양대,2557,2662,5219
20211017,2호선,뚝섬,8814,8947,17761
20211017,1호선,서울역,25130,22780,47910
20211017,1호선,동묘앞,11641,11967,23608
20211017,1호선,종각,11095,9753,20848
20211017,1호선,종로3가,12433,11082,23515
20211017,1호선,종로5가,7956,7883,15839
20211017,1호선,동대문,8531,9048,17579
20211017,2호선,성수,11867,12883,24750
20211017,2호선,건대입구,22912,23731,46643
20211017,2호선,구의,10468,10318,20786
20211017,2호선,강변,19268,18826,38094
20211017,2호선,잠실나루,4933,5037,9970
20211017,2호선,잠실,44553,41612,86165
20211017,경부선,서정리,4302,5773,10075
20211017,2호선,왕십리,8455,7443,15898
20211017,2호선,합정,18201,19260,37461
20211017,2호선,상왕십리,6192,6131,12323
20211017,2호선,동대문역사문화공원,6325,7849,14174
20211017,3호선,양재,12028,14037,26065
20211017,1호선,신설동,6801,6696,13497
20211017,3호선,매봉,3924,3867,7791
20211017,3호선,도곡,1699,1795,3494
20211017,3호선,대치,5185,4546,9731
20211017,3호선,학여울,1120,1155,2275
20211017,3호선,대청,3630,3578,7208
20211017,3호선,일원,2834,2984,5818
20211017,3호선,수서,9316,9348,18664
20211017,1호선,제기동,8639,8994,17633
20211017,1호선,청량리,11512,11836,23348
20211017,2호선,시청,5324,4342,9666
20211017,2호선,을지로입구,13184,12595,25779
20211017,2호선,을지로3가,6564,6007,12571
20211017,2호선,을지로4가,2798,2727,5525
20211017,2호선,신당,7414,7750,15164
20211017,2호선,당산,7746,8479,16225
20211017,2호선,영등포구청,7780,7947,15727
20211017,2호선,문래,7231,7570,14801
20211017,수인선,원인재,2614,2748,5362
20211017,수인선,연수,2762,2635,5397
20211017,수인선,송도,1461,1417,2878
20211017,수인선,인하대,3165,2926,6091
20211017,수인선,숭의,1828,1674,3502
20211017,수인선,신포,1013,1030,2043
20211017,수인선,인천,971,1389,2360
20211017,안산선,산본,7734,8482,16216
20211017,안산선,대야미,2766,2524,5290
20211017,우이신설선,정릉,2366,2082,4448
20211017,우이신설선,성신여대입구,1994,2168,4162
20211017,우이신설선,보문,815,829,1644
20211017,우이신설선,신설동,1143,1138,2281
20211017,일산선,원흥,4756,4585,9341
20211017,일산선,삼송,9777,9421,19198
20211017,수인선,남동인더스파크,542,528,1070
20211017,일산선,원당,5537,5386,10923
20211017,수인선,호구포,1762,1804,3566
20211017,수인선,소래포구,5460,5407,10867
20211017,분당선,기흥,4646,4385,9031
20211017,분당선,상갈,2628,2804,5432
20211017,분당선,청명,1798,1810,3608
20211017,분당선,영통,4243,4272,8515
20211017,분당선,망포,5662,6016,11678
20211017,분당선,매탄권선,2188,2210,4398
20211017,분당선,수원시청,6656,6588,13244
20211017,분당선,매교,1355,1359,2714
20211017,수인선,고색,1457,1530,2987
20211017,수인선,오목천,1452,1378,2830
20211017,수인선,어천,512,619,1131
20211017,수인선,야목,150,144,294
20211017,수인선,사리,2253,1949,4202
20211017,수인선,달월,51,64,115
20211017,수인선,월곶,1505,1435,2940
20211017,수인선,인천논현,2681,2862,5543
20211017,분당선,구성,2093,2341,4434
20211017,일산선,화정,8466,8607,17073
20211017,일산선,백석,5017,5042,10059
20211017,중앙선,도심,1185,1129,2314
20211017,중앙선,팔당,1344,1332,2676
20211017,중앙선,운길산,1242,1134,2376
20211017,중앙선,양수,1715,1660,3375
20211017,중앙선,신원,251,162,413
20211017,중앙선,지평,53,65,118
20211017,중앙선,용문,2341,1818,4159
20211017,중앙선,원덕,362,279,641
20211017,중앙선,양평,2060,1890,3950
20211017,중앙선,오빈,231,200,431
20211017,중앙선,아신,551,491,1042
20211017,중앙선,국수,535,460,995
20211017,2호선,구로디지털단지,21091,20810,41901
20211017,2호선,대림,13151,13504,26655
20211017,2호선,신도림,25865,26181,52046
20211017,중앙선,덕소,3057,3214,6271
20211017,일산선,대곡,931,832,1763
20211017,중앙선,양정,538,495,1033
20211017,중앙선,구리,7065,7225,14290
20211017,일산선,마두,3192,3165,6357
20211017,일산선,정발산,4311,4237,8548
20211017,일산선,주엽,4081,3947,8028
20211017,일산선,대화,5797,5472,11269
20211017,장항선,봉명,448,483,931
20211017,장항선,쌍용,1016,1143,2159
20211017,장항선,아산,2954,1987,4941
20211017,장항선,배방,819,873,1692
20211017,장항선,온양온천,3032,2916,5948
20211017,장항선,신창,913,1245,2158
20211017,중앙선,회기,13703,13897,27600
20211017,중앙선,중랑,3151,2983,6134
20211017,중앙선,상봉,3958,3779,7737
20211017,중앙선,망우,4474,4431,8905
20211017,중앙선,양원,952,997,1949
20211017,중앙선,도농,4496,4495,8991
20211017,경부선,송탄,3430,3928,7358
20211017,안산선,반월,2197,2202,4399
20211017,경부선,오산,6957,7573,14530
20211017,5호선,답십리,6588,6158,12746
20211017,5호선,장한평,6858,6921,13779
20211017,5호선,군자,5692,6053,11745
20211017,5호선,아차산,9102,9049,18151
20211017,5호선,광나루,6759,6690,13449
20211017,5호선,천호,11447,10769,22216
20211017,5호선,마장,2690,2451,5141
20211017,5호선,강동,8010,8056,16066
20211017,5호선,굽은다리,4747,4535,9282
20211017,5호선,명일,3950,3985,7935
20211017,5호선,고덕,4192,4092,8284
20211017,5호선,상일동,6074,5954,12028
20211017,5호선,둔촌동,3985,4143,8128
20211017,5호선,올림픽공원,2260,2249,4509
20211017,5호선,길동,3889,3921,7810
20211017,5호선,왕십리,2250,2656,4906
20211017,5호선,행당,3550,3233,6783
20211017,5호선,신금호,2676,2998,5674
20211017,5호선,영등포구청,1256,1234,2490
20211017,5호선,영등포시장,4450,4647,9097
20211017,5호선,신길,1730,1877,3607
20211017,5호선,여의도,7454,7314,14768
20211017,5호선,여의나루,6888,8035,14923
20211017,5호선,마포,4333,4378,8711
20211017,5호선,공덕,4099,4239,8338
20211017,5호선,애오개,2321,2318,4639
20211017,5호선,충정로,1283,1353,2636
20211017,5호선,서대문,5141,5263,10404
20211017,5호선,광화문,10147,10329,20476
20211017,5호선,종로3가,8020,6918,14938
20211017,5호선,을지로4가,1280,1333,2613
20211017,5호선,동대문역사문화공원,643,768,1411
20211017,5호선,청구,1657,1570,3227
20211017,5호선,방이,3815,3671,7486
20211017,5호선,오금,1425,1320,2745
20211017,5호선,개롱,2643,2828,5471
20211017,5호선,거여,3589,3525,7114
20211017,6호선,광흥창,3560,3418,6978
20211017,6호선,대흥,3351,3406,6757
20211017,6호선,공덕,6302,5780,12082
20211017,6호선,효창공원앞,2914,2636,5550
20211017,6호선,삼각지,3176,2552,5728
20211017,6호선,녹사평,3395,3264,6659
20211017,6호선,이태원,7990,7638,15628
20211017,6호선,한강진,6064,6864,12928
20211017,6호선,버티고개,897,794,1691
20211017,6호선,약수,1495,1471,2966
20211017,6호선,청구,1573,1490,3063
20211017,6호선,신당,3509,4170,7679
20211017,6호선,동묘앞,5697,5384,11081
20211017,6호선,창신,1474,1319,2793
20211017,6호선,보문,3477,3195,6672
20211017,6호선,상수,4864,5497,10361
20211017,5호선,오목교,10687,10954,21641
20211017,6호선,합정,8379,7763,16142
20211017,6호선,마포구청,6519,5865,12384
20211017,5호선,마천,3144,3373,6517
20211017,5호선,강일,1714,1621,3335
20211017,5호선,미사,7830,7776,15606
20211017,5호선,하남풍산,1798,1821,3619
20211017,5호선,하남시청,3365,3211,6576
20211017,5호선,하남검단산,3898,3917,7815
20211017,6호선,응암,8501,8480,16981
20211017,6호선,역촌,1792,2112,3904
20211017,6호선,불광,2844,2517,5361
20211017,6호선,독바위,1399,1706,3105
20211017,6호선,구산,3505,2643,6148
20211017,6호선,새절,5712,5638,11350
20211017,6호선,증산,4926,5147,10073
20211017,6호선,디지털미디어시티,4453,4762,9215
20211017,6호선,월드컵경기장,5068,5505,10573
20211017,6호선,망원,8484,8891,17375
20211017,6호선,안암,4308,4537,8845
20211017,5호선,목동,6895,7115,14010
20211017,5호선,까치산,14326,13844,28170
20211017,우이신설선,삼양사거리,1436,1391,2827
20211017,우이신설선,솔샘,2472,2286,4758
20211017,우이신설선,북한산보국문,3325,3145,6470
20211017,2호선,종합운동장,3446,3666,7112
20211017,2호선,삼성,20838,20796,41634
20211017,2호선,선릉,11911,10268,22179
20211017,우이신설선,삼양,1135,1176,2311
20211017,2호선,역삼,10212,11073,21285
20211017,2호선,교대,9323,10221,19544
20211017,2호선,서초,8849,8211,17060
20211017,2호선,방배,6075,6473,12548
20211017,2호선,사당,19577,21298,40875
20211017,2호선,낙성대,13902,14531,28433
20211017,2호선,서울대입구,24514,24888,49402
20211017,2호선,강남,31812,30617,62429
20211017,우이신설선,화계,1808,1700,3508
20211017,우이신설선,가오리,2186,2037,4223
20211017,우이신설선,4.19민주묘지,1662,1512,3174
20211017,4호선,상계,9182,8731,17913
20211017,9호선,당산,8131,7982,16113
20211017,경부선,진위,726,700,1426
20211017,안산선,상록수,8462,8263,16725
20211017,안산선,한대앞,4996,4970,9966
20211017,안산선,중앙,11233,10957,22190
20211017,안산선,고잔,4302,4350,8652
20211017,안산선,초지,2139,2111,4250
20211017,안산선,안산,9143,8618,17761
20211017,안산선,신길온천,1028,992,2020
20211017,안산선,정왕,4831,5195,10026
20211017,안산선,오이도,5437,5215,10652
20211017,안산선,수리산,1931,1856,3787
20211017,우이신설선,북한산우이,3128,3104,6232
20211017,우이신설선,솔밭공원,1297,1192,2489
20211017,2호선,봉천,10986,10786,21772
20211017,2호선,신림,33963,32885,66848
20211017,2호선,신대방,14139,13897,28036
20211017,3호선,경찰병원,2545,2579,5124
20211017,4호선,총신대입구,9684,10594,20278
20211017,4호선,사당,13631,12587,26218
20211017,4호선,남태령,602,476,1078
20211017,4호선,당고개,6832,6462,13294
20211017,4호선,노원,10772,11443,22215
20211017,4호선,창동,12692,13557,26249
20211017,4호선,쌍문,14271,12779,27050
20211017,5호선,방화,3159,3216,6375
20211017,5호선,개화산,2377,2437,4814
20211017,5호선,김포공항,6767,6263,13030
20211017,5호선,송정,3464,3568,7032
20211017,5호선,마곡,3110,3222,6332
20211017,5호선,발산,8471,8916,17387
20211017,5호선,우장산,5909,6174,12083
20211017,5호선,화곡,12859,12272,25131
20211017,4호선,동작,1086,1167,2253
20211017,5호선,신정,5693,5233,10926
20211017,4호선,이촌,3799,4150,7949
20211017,4호선,삼각지,2135,2793,4928
20211017,3호선,오금,2478,2504,4982
20211017,4호선,수유,17566,16818,34384
20211017,4호선,미아,7287,6889,14176
20211017,4호선,미아사거리,14995,14228,29223
20211017,4호선,길음,9108,8895,18003
20211017,4호선,성신여대입구,11286,10852,22138
20211017,4호선,한성대입구,7542,7355,14897
20211017,4호선,혜화,18590,19256,37846
20211017,4호선,동대문,6290,6942,13232
20211017,4호선,동대문역사문화공원,7586,7363,14949
20211017,4호선,충무로,7468,7573,15041
20211017,4호선,명동,9969,10154,20123
20211017,4호선,회현,7315,7719,15034
20211017,4호선,서울역,3665,8574,12239
20211017,4호선,숙대입구,5839,5723,11562
20211017,4호선,신용산,7116,7214,14330
20211017,6호선,고려대,3572,3617,7189
20211017,5호선,양평,2424,2601,5025
20211017,6호선,상월곡,3005,2843,5848
20211017,9호선,고속터미널,8870,11823,20693
20211017,9호선,사평,1308,1382,2690
20211017,9호선,신논현,13358,12949,26307
20211017,9호선2~3단계,언주,3584,3594,7178
20211017,9호선2~3단계,선정릉,2929,3382,6311
20211017,9호선2~3단계,삼성중앙,1783,1871,3654
20211017,9호선2~3단계,봉은사,8174,8423,16597
20211017,9호선2~3단계,종합운동장,1908,1693,3601
20211017,9호선2~3단계,삼전,3200,3159,6359
20211017,9호선2~3단계,석촌고분,2738,2692,5430
20211017,9호선2~3단계,석촌,4313,3634,7947
20211017,9호선2~3단계,송파나루,2953,2965,5918
20211017,9호선2~3단계,한성백제,1551,1312,2863
20211017,9호선2~3단계,올림픽공원,4250,4668,8918
20211017,9호선2~3단계,둔촌오륜,426,451,877
20211017,9호선,신반포,1425,1466,2891
20211017,9호선2~3단계,중앙보훈병원,3099,3129,6228
20211017,9호선,구반포,818,882,1700
20211017,9호선,흑석,3331,3432,6763
20211017,9호선,공항시장,1558,1672,3230
20211017,9호선,신방화,3078,3056,6134
20211017,9호선,마곡나루,5126,5195,10321
20211017,9호선,양천향교,3949,4089,8038
20211017,9호선,가양,8918,8690,17608
20211017,9호선,증미,2502,2553,5055
20211017,9호선,등촌,4602,4760,9362
20211017,9호선,염창,7556,7349,14905
20211017,9호선,신목동,1527,1409,2936
20211017,9호선,선유도,2613,2574,5187
20211017,9호선,국회의사당,3790,3707,7497
20211017,9호선,여의도,8066,7168,15234
20211017,9호선,샛강,1591,1566,3157
20211017,9호선,노량진,13439,14118,27557
20211017,9호선,노들,2340,2027,4367
20211017,9호선,동작,1050,854,1904
20211017,9호선,김포공항,6912,10749,17661
20211017,경강선,판교,2280,2116,4396
20211017,경강선,삼동,976,903,1879
20211017,경부선,석수,4805,4611,9416
20211017,경부선,관악,4374,3913,8287
20211017,경부선,안양,13409,12885,26294
20211017,경부선,명학,3227,3131,6358
20211017,경부선,금정,12529,12829,25358
20211017,경부선,군포,2758,2729,5487
20211017,경부선,의왕,3932,4113,8045
20211017,경부선,성균관대,6629,6724,13353
20211017,경부선,화서,3585,3555,7140
20211017,경부선,수원,30351,29561,59912
20211017,경부선,독산,5716,5729,11445
20211017,경부선,세류,1869,1851,3720
20211017,경부선,병점,8497,9182,17679
20211017,경부선,세마,1567,1467,3034
20211017,6호선,월곡,4985,4914,9899
20211017,경부선,금천구청,5677,5637,11314
20211017,경강선,이매,644,453,1097
20211017,경부선,가산디지털단지,4525,6585,11110
20211017,경부선,신길,4821,4289,9110
20211017,경강선,경기광주,3410,3474,6884
20211017,경강선,초월,1482,1406,2888
20211017,경강선,곤지암,1518,1685,3203
20211017,경강선,신둔도예촌,858,838,1696
20211017,경강선,이천,1969,2225,4194
20211017,경강선,부발,1185,1886,3071
20211017,경강선,세종대왕릉,281,235,516
20211017,경강선,여주,1984,2065,4049
20211017,경부선,서울역,5999,1419,7418
20211017,경부선,남영,3824,3923,7747
20211017,경부선,용산,28100,25536,53636
20211017,경부선,노량진,5589,5236,10825
20211017,경부선,대방,5017,5376,10393
20211017,경부선,영등포,29039,28175,57214
20211017,경부선,신도림,1935,2059,3994
20211017,경부선,구로,8868,8823,17691
20211017,9호선,개화,1071,987,2058
20211017,경부선,오산대,1913,1905,3818
20211017,7호선,사가정,8408,8168,16576
20211017,7호선,용마산,3088,3443,6531
20211017,7호선,중곡,4677,4679,9356
20211017,7호선,군자,7034,5560,12594
20211017,7호선,어린이대공원,6357,6386,12743
20211017,7호선,건대입구,7100,7103,14203
20211017,7호선,뚝섬유원지,5423,5113,10536
20211017,8호선,모란,2351,2005,4356
20211017,7호선,청담,5996,6436,12432
20211017,7호선,학동,5520,5849,11369
20211017,7호선,반포,2552,2566,5118
20211017,7호선,고속터미널,10476,7026,17502
20211017,7호선,내방,4530,4633,9163
20211017,7호선,이수,7642,7358,15000
20211017,7호선,남성,4817,4692,9509
20211017,7호선,강남구청,5388,5901,11289
20211017,7호선,면목,7441,7289,14730
20211017,7호선,상봉,8703,8269,16972
20211017,7호선,중화,5191,5016,10207
20211017,6호선,돌곶이,4095,3926,8021
20211017,6호선,석계,6005,6131,12136
20211017,6호선,태릉입구,2905,3086,5991
20211017,6호선,화랑대,4616,4035,8651
20211017,6호선,봉화산,3562,3525,7087
20211017,7호선,장암,1261,969,2230
20211017,7호선,도봉산,5178,7323,12501
20211017,7호선,수락산,7609,7376,14985
20211017,7호선,마들,5400,5024,10424
20211017,7호선,노원,9985,9902,19887
20211017,7호선,중계,5888,5475,11363
20211017,7호선,하계,8194,7898,16092
20211017,7호선,공릉,5782,5756,11538
20211017,7호선,태릉입구,4593,4252,8845
20211017,7호선,먹골,5113,5028,10141
20211017,7호선,숭실대입구,5135,5520,10655
20211017,7호선,상도,4624,4544,9168
20211017,7호선,논현,5657,6145,11802
20211017,7호선,신대방삼거리,6992,6934,13926
20211017,8호선,천호,8016,9265,17281
20211017,8호선,강동구청,3964,4076,8040
20211017,8호선,몽촌토성,3256,3178,6434
20211017,8호선,잠실,9566,10775,20341
20211017,8호선,석촌,3745,4670,8415
20211017,7호선,장승배기,4353,4402,8755
20211017,8호선,가락시장,2731,3454,6185
20211017,8호선,문정,5235,5450,10685
20211017,8호선,장지,8305,8531,16836
20211017,8호선,복정,4635,4296,8931
20211017,8호선,산성,2958,3056,6014
20211017,8호선,남한산성입구,5919,5508,11427
20211017,8호선,단대오거리,4915,4875,9790
20211017,8호선,신흥,2413,2609,5022
20211017,8호선,수진,2734,2425,5159
20211017,8호선,암사,8077,7662,15739
20211017,7호선,부평구청,3319,2950,6269
20211017,8호선,송파,3038,3255,6293
20211017,7호선,삼산체육관,2266,2264,4530
20211017,7호선,굴포천,4356,4399,8755
20211017,7호선,신풍,5568,5253,10821
20211017,7호선,대림,6586,6074,12660
20211017,7호선,남구로,5962,5845,11807
20211017,7호선,가산디지털단지,11609,10556,22165
20211017,7호선,철산,8993,8804,17797
20211017,7호선,광명사거리,10985,10953,21938
20211017,7호선,보라매,4088,3960,8048
20211017,7호선,온수,3609,3729,7338
20211017,7호선,까치울,3744,3763,7507
20211017,7호선,부천종합운동장,2110,1857,3967
20211017,7호선,춘의,3172,3060,6232
20211017,7호선,신중동,6317,6156,12473
20211017,7호선,부천시청,6332,6252,12584
20211017,7호선,상동,6907,6719,13626
20211017,7호선,천왕,4321,4226,8547
20211023,2호선,당산,12968,13894,26862
20211023,2호선,영등포구청,12797,13263,26060
20211023,2호선,문래,12246,12634,24880
20211023,2호선,신도림,40268,40546,80814
20211023,2호선,대림,17394,18582,35976
20211023,2호선,구로디지털단지,33158,32466,65624
20211023,2호선,신대방,19577,18781,38358
20211023,2호선,낙성대,21172,19569,40741
20211023,2호선,봉천,16504,15392,31896
20211023,2호선,서울대입구,37590,36381,73971
20211023,2호선,사당,29594,33149,62743
20211023,2호선,방배,9723,10203,19926
20211023,2호선,서초,10167,8477,18644
20211023,2호선,교대,17063,19234,36297
20211023,2호선,합정,26786,29126,55912
20211023,2호선,신림,48909,46702,95611
20211023,2호선,홍대입구,60260,64158,124418
20211023,일산선,마두,5191,5238,10429
20211023,2호선,이대,9787,10279,20066
20211023,3호선,홍제,12978,12255,25233
20211023,3호선,녹번,9991,8931,18922
20211023,3호선,불광,12941,14852,27793
20211023,3호선,연신내,29744,27854,57598
20211023,3호선,구파발,16098,16085,32183
20211023,3호선,지축,3075,2865,5940
20211023,2호선,용두,1638,1640,3278
20211023,2호선,신정네거리,7559,7611,15170
20211023,2호선,양천구청,4885,4826,9711
20211023,2호선,도림천,746,735,1481
20211023,2호선,신설동,3057,3105,6162
20211023,2호선,신답,948,1044,1992
20211023,2호선,용답,2104,1981,4085
20211023,2호선,충정로,5624,5971,11595
20211023,2호선,아현,7422,6968,14390
20211023,2호선,신촌,27825,28178,56003
20211023,2호선,강남,57308,57246,114554
20211023,일산선,정발산,6305,6531,12836
20211023,2호선,선릉,23859,20972,44831
20211023,1호선,청량리,18390,18557,36947
20211023,1호선,제기동,15448,15893,31341
20211023,1호선,신설동,9326,8898,18224
20211023,1호선,동대문,10697,10207,20904
20211023,1호선,종로5가,18293,18518,36811
20211023,1호선,종로3가,23230,21555,44785
20211023,1호선,시청,10925,11168,22093
20211023,1호선,동묘앞,11985,12393,24378
20211023,1호선,서울역,31208,31936,63144
20211023,5호선,하남검단산,5117,5146,10263
20211023,1호선,종각,18820,16799,35619
20211023,장항선,봉명,736,678,1414
20211023,일산선,대화,8571,7668,16239
20211023,일산선,주엽,6494,6426,12920
20211023,3호선,무악재,2703,2860,5563
20211023,2호선,시청,9181,8091,17272
20211023,2호선,역삼,17735,19281,37016
20211023,2호선,을지로입구,19413,19083,38496
20211023,2호선,을지로4가,7341,7487,14828
20211023,2호선,삼성,27743,28348,56091
20211023,2호선,종합운동장,6781,7272,14053
20211023,2호선,잠실새내,16137,16682,32819
20211023,2호선,잠실,64989,61557,126546
20211023,2호선,잠실나루,7401,7267,14668
20211023,2호선,강변,26733,27531,54264
20211023,2호선,구의,15976,15217,31193
20211023,2호선,건대입구,33038,35149,68187
20211023,2호선,성수,19166,21052,40218
20211023,2호선,뚝섬,13910,14019,27929
20211023,2호선,한양대,3893,4110,8003
20211023,2호선,왕십리,13516,11399,24915
20211023,2호선,상왕십리,9427,8846,18273
20211023,2호선,신당,10680,10980,21660
20211023,2호선,동대문역사문화공원,9566,11064,20630
20211023,2호선,을지로3가,10651,10265,20916
20211023,3호선,독립문,5811,6261,12072
20211023,4호선,명동,14278,16210,30488
20211023,3호선,안국,16089,18156,34245
20211023,5호선,김포공항,7539,7479,15018
20211023,5호선,개화산,3695,3593,7288
20211023,5호선,방화,4670,4473,9143
20211023,4호선,쌍문,21203,19073,40276
20211023,4호선,창동,18821,19775,38596
20211023,4호선,노원,15917,17147,33064
20211023,5호선,송정,5115,4902,10017
20211023,4호선,상계,13910,12958,26868
20211023,4호선,남태령,1103,807,1910
20211023,4호선,사당,20548,17627,38175
20211023,4호선,총신대입구,14852,15977,30829
20211023,4호선,동작,1724,1753,3477
20211023,4호선,이촌,6663,7308,13971
20211023,4호선,신용산,9797,10611,20408
20211023,4호선,당고개,9715,9273,18988
20211023,5호선,마곡,5193,5294,10487
20211023,5호선,발산,13850,14725,28575
20211023,5호선,우장산,9576,9515,19091
20211023,5호선,충정로,1884,1747,3631
20211023,5호선,애오개,3754,3476,7230
20211023,5호선,공덕,7004,7341,14345
20211023,5호선,마포,7177,7118,14295
20211023,5호선,여의나루,12449,13604,26053
20211023,5호선,여의도,10634,11475,22109
20211023,5호선,신길,2509,2686,5195
20211023,5호선,영등포시장,7404,7790,15194
20211023,5호선,영등포구청,1885,1851,3736
20211023,5호선,양평,3730,3456,7186
20211023,5호선,오목교,16380,16861,33241
20211023,5호선,목동,11310,11326,22636
20211023,5호선,신정,8755,7686,16441
20211023,5호선,까치산,20946,19992,40938
20211023,5호선,화곡,20095,18465,38560
20211023,4호선,삼각지,3508,4664,8172
20211023,4호선,숙대입구,8519,8009,16528
20211023,4호선,서울역,5313,12179,17492
20211023,4호선,회현,17795,19219,37014
20211023,3호선,매봉,5974,5679,11653
20211023,3호선,양재,20681,22591,43272
20211023,3호선,남부터미널,20299,20677,40976
20211023,3호선,교대,6858,4056,10914
20211023,3호선,고속터미널,45283,46730,92013
20211023,3호선,잠원,3507,3273,6780
20211023,3호선,신사,24316,25218,49534
20211023,3호선,압구정,24216,25239,49455
20211023,3호선,옥수,7092,7282,14374
20211023,3호선,금호,5795,5305,11100
20211023,3호선,약수,8872,8487,17359
20211023,3호선,동대입구,6326,7211,13537
20211023,3호선,충무로,6,0,6
20211023,3호선,을지로3가,5147,5561,10708
20211023,3호선,종로3가,5882,8448,14330
20211023,3호선,도곡,3391,3448,6839
20211023,3호선,경복궁,18209,19958,38167
20211023,3호선,대치,9155,8140,17295
20211023,3호선,대청,5853,5266,11119
20211023,4호선,충무로,13318,13885,27203
20211023,4호선,동대문역사문화공원,10697,9367,20064
20211023,4호선,동대문,13854,13739,27593
20211023,4호선,혜화,26650,26980,53630
20211023,4호선,한성대입구,11462,10874,22336
20211023,4호선,성신여대입구,16119,15225,31344
20211023,4호선,길음,13901,13131,27032
20211023,4호선,미아사거리,21975,20965,42940
20211023,4호선,미아,10540,9996,20536
20211023,4호선,수유,25802,24983,50785
20211023,3호선,오금,3609,3445,7054
20211023,3호선,경찰병원,3951,3821,7772
20211023,3호선,가락시장,5884,5663,11547
20211023,3호선,수서,13182,13520,26702
20211023,3호선,일원,4742,4684,9426
20211023,3호선,학여울,1283,1288,2571
20211023,일산선,백석,7475,7655,15130
20211023,경춘선,갈매,2064,1725,3789
20211023,일산선,화정,13061,13464,26525
20211023,장항선,배방,1117,1071,2188
20211023,장항선,온양온천,3963,4113,8076
20211023,장항선,신창,1470,1266,2736
20211023,중앙선,회기,19463,18448,37911
20211023,공항철도 1호선,운서,5986,5810,11796
20211023,공항철도 1호선,청라국제도시,4182,4108,8290
20211023,장항선,아산,3106,2948,6054
20211023,공항철도 1호선,검암,4757,4712,9469
20211023,공항철도 1호선,김포공항,11692,6115,17807
20211023,공항철도 1호선,마곡나루,3473,3575,7048
20211023,공항철도 1호선,디지털미디어시티,5393,5122,10515
20211023,공항철도 1호선,홍대입구,11556,11031,22587
20211023,공항철도 1호선,공덕,1459,2319,3778
20211023,공항철도 1호선,서울역,7378,7629,15007
20211023,공항철도 1호선,계양,7019,6529,13548
20211023,장항선,쌍용,1922,1703,3625
20211023,공항철도 1호선,공항화물청사,1286,1363,2649
20211023,공항철도 1호선,인천공항1터미널,3404,3373,6777
20211023,분당선,개포동,2720,2688,5408
20211023,분당선,구룡,1460,1392,2852
20211023,분당선,도곡,4737,4065,8802
20211023,분당선,한티,11964,11448,23412
20211023,분당선,선릉,5058,7990,13048
20211023,과천선,범계,20110,19563,39673
20211023,과천선,평촌,9569,9238,18807
20211023,과천선,인덕원,15943,15516,31459
20211023,과천선,정부과천청사,5927,6019,11946
20211023,과천선,과천,4356,3848,8204
20211023,과천선,대공원,7626,8101,15727
20211023,과천선,경마공원,1373,1308,2681
20211023,과천선,선바위,5209,4710,9919
20211023,공항철도 1호선,영종,2918,3013,5931
20211023,공항철도 1호선,인천공항2터미널,1847,1675,3522
20211023,경춘선,춘천,2395,2170,4565
20211023,경춘선,남춘천,2886,3316,6202
20211023,경춘선,김유정,621,824,1445
20211023,경춘선,강촌,881,944,1825
20211023,중앙선,덕소,4840,5016,9856
20211023,중앙선,도심,1695,1500,3195
20211023,중앙선,팔당,1558,1711,3269
20211023,중앙선,운길산,1504,1416,2920
20211023,중앙선,양수,2382,2456,4838
20211023,중앙선,신원,305,247,552
20211023,중앙선,국수,798,800,1598
20211023,중앙선,아신,747,734,1481
20211023,중앙선,오빈,321,374,695
20211023,중앙선,양평,4855,4996,9851
20211023,중앙선,원덕,453,469,922
20211023,중앙선,용문,2660,3081,5741
20211023,중앙선,지평,36,62,98
20211023,경춘선,별내,2547,2411,4958
20211023,5호선,서대문,7190,7080,14270
20211023,중앙선,양정,838,799,1637
20211023,분당선,대모산입구,3021,2856,5877
20211023,중앙선,도농,7072,6840,13912
20211023,중앙선,양원,1418,1401,2819
20211023,경춘선,백양리,132,216,348
20211023,경춘선,굴봉산,214,202,416
20211023,경춘선,가평,2769,3084,5853
20211023,경춘선,상천,464,363,827
20211023,경춘선,청평,1749,1869,3618
20211023,경춘선,대성리,721,726,1447
20211023,경춘선,마석,3621,3714,7335
20211023,경춘선,천마산,1400,1403,2803
20211023,경춘선,평내호평,4931,4731,9662
20211023,경춘선,금곡,1184,1117,2301
20211023,경춘선,사릉,2357,2312,4669
20211023,경춘선,퇴계원,2845,2611,5456
20211023,중앙선,중랑,4516,4313,8829
20211023,중앙선,상봉,5306,5145,10451
20211023,중앙선,망우,6582,6339,12921
20211023,중앙선,구리,10816,11082,21898
20211023,분당선,수서,10455,11011,21466
20211023,분당선,수원,7518,6675,14193
20211023,분당선,서울숲,9323,8289,17612
20211023,안산선,신길온천,1489,1399,2888
20211023,안산선,안산,9477,9915,19392
20211023,안산선,초지,3330,3365,6695
20211023,안산선,고잔,6568,6691,13259
20211023,안산선,중앙,16451,16898,33349
20211023,안산선,한대앞,7342,7304,14646
20211023,안산선,상록수,12528,12291,24819
20211023,안산선,반월,3507,3262,6769
20211023,안산선,대야미,4052,3534,7586
20211023,안산선,산본,12417,13184,25601
20211023,수인선,인천,1351,2128,3479
20211023,수인선,신포,1457,1525,2982
20211023,수인선,숭의,2850,2693,5543
20211023,수인선,인하대,4260,3969,8229
20211023,수인선,송도,2153,2057,4210
20211023,안산선,정왕,6361,6450,12811
20211023,수인선,연수,3823,3804,7627
20211023,안산선,오이도,8217,8390,16607
20211023,우이신설선,북한산우이,4208,4138,8346
20211023,일산선,원당,8735,8279,17014
20211023,일산선,삼송,14032,13514,27546
20211023,일산선,원흥,7265,7007,14272
20211023,우이신설선,신설동,1372,1313,2685
20211023,우이신설선,보문,1140,1104,2244
20211023,우이신설선,성신여대입구,2681,3081,5762
20211023,우이신설선,정릉,3584,2849,6433
20211023,우이신설선,북한산보국문,4608,4157,8765
20211023,우이신설선,솔샘,3826,3541,7367
20211023,우이신설선,삼양사거리,1886,1863,3749
20211023,우이신설선,삼양,1556,1669,3225
20211023,우이신설선,화계,2622,2369,4991
20211023,우이신설선,가오리,2984,2900,5884
20211023,우이신설선,4.19민주묘지,2507,2150,4657
20211023,우이신설선,솔밭공원,1854,1730,3584
20211023,안산선,수리산,2926,2812,5738
20211023,일산선,대곡,1399,1263,2662
20211023,수인선,원인재,3813,3951,7764
20211023,수인선,호구포,2514,2437,4951
20211023,분당선,죽전,10601,11669,22270
20211023,분당선,보정,1629,1475,3104
20211023,분당선,이매,4481,4546,9027
20211023,분당선,오리,8071,6567,14638
20211023,분당선,미금,10899,11323,22222
20211023,분당선,정자,10649,10831,21480
20211023,분당선,수내,8417,8016,16433
20211023,분당선,서현,18370,18275,36645
20211023,분당선,야탑,17844,18566,36410
20211023,분당선,모란,21411,20948,42359
20211023,분당선,태평,10961,10130,21091
20211023,분당선,가천대,6169,6506,12675
20211023,분당선,선정릉,3606,3703,7309
20211023,분당선,강남구청,5248,6581,11829
20211023,분당선,압구정로데오,18271,20536,38807
20211023,분당선,구성,3340,3517,6857
20211023,수인선,남동인더스파크,1091,986,2077
20211023,분당선,신갈,2819,2878,5697
20211023,분당선,상갈,4180,4198,8378
20211023,수인선,인천논현,4408,4516,8924
20211023,수인선,소래포구,8397,8711,17108
20211023,수인선,월곶,2222,2108,4330
20211023,수인선,달월,70,71,141
20211023,수인선,사리,3516,3046,6562
20211023,수인선,야목,237,214,451
20211023,수인선,어천,807,692,1499
20211023,수인선,오목천,2063,1858,3921
20211023,수인선,고색,2341,2375,4716
20211023,분당선,매교,2090,2070,4160
20211023,분당선,수원시청,11199,11804,23003
20211023,분당선,매탄권선,3524,3269,6793
20211023,분당선,망포,9368,8585,17953
20211023,분당선,영통,6656,6414,13070
20211023,분당선,청명,2802,2751,5553
20211023,분당선,기흥,6799,6353,13152
20211023,5호선,광화문,15028,15179,30207
20211023,5호선,종로3가,12837,12884,25721
20211023,5호선,을지로4가,3445,3929,7374
20211023,경부선,화서,5689,5620,11309
20211023,경부선,성균관대,10849,10559,21408
20211023,경부선,의왕,6372,6245,12617
20211023,경부선,군포,4406,4034,8440
20211023,경부선,금정,18848,18797,37645
20211023,경부선,명학,5379,5144,10523
20211023,경부선,수원,38641,41568,80209
20211023,경부선,안양,18188,18248,36436
20211023,경부선,석수,6930,6564,13494
20211023,경부선,금천구청,8638,8465,17103
20211023,경부선,가산디지털단지,6638,8851,15489
20211023,경부선,구로,13595,13782,27377
20211023,경부선,신길,6433,5438,11871
20211023,경부선,신도림,3176,3260,6436
20211023,경부선,관악,6108,5840,11948
20211023,경부선,독산,9061,9017,18078
20211023,경부선,세류,2579,2603,5182
20211023,경부선,병점,12994,12782,25776
20211023,경부선,광명,2929,2719,5648
20211023,경부선,서동탄,1055,1129,2184
20211023,경부선,당정,4094,3966,8060
20211023,경부선,천안,6733,6895,13628
20211023,경부선,두정,5755,5937,11692
20211023,경부선,직산,678,665,1343
20211023,경부선,성환,3084,2892,5976
20211023,경부선,평택,14330,13391,27721
20211023,경부선,평택지제,3161,3047,6208
20211023,경부선,서정리,6651,5666,12317
20211023,경부선,송탄,5033,4394,9427
20211023,경부선,진위,1119,961,2080
20211023,경부선,오산,10071,9458,19529
20211023,경부선,오산대,3130,2873,6003
20211023,경부선,세마,2290,2079,4369
20211023,경부선,영등포,37282,38755,76037
20211023,경부선,대방,8095,8133,16228
20211023,경부선,노량진,8842,8320,17162
20211023,경부선,용산,32674,35227,67901
20211023,9호선2~3단계,삼전,4829,4471,9300
20211023,9호선2~3단계,종합운동장,3015,2663,5678
20211023,9호선2~3단계,봉은사,10583,11286,21869
20211023,9호선2~3단계,삼성중앙,2994,2950,5944
20211023,9호선2~3단계,선정릉,4927,5635,10562
20211023,9호선2~3단계,언주,5979,6179,12158
20211023,9호선,신논현,25082,24415,49497
20211023,9호선,사평,2201,2046,4247
20211023,9호선,고속터미널,12117,17484,29601
20211023,9호선,신반포,2701,2519,5220
20211023,9호선,구반포,1659,1757,3416
20211023,9호선,동작,1492,1259,2751
20211023,9호선,흑석,5625,5490,11115
20211023,9호선,노들,3311,2830,6141
20211023,9호선,노량진,21292,20717,42009
20211023,9호선2~3단계,석촌고분,4233,3970,8203
20211023,경원선,이촌,3116,2246,5362
20211023,9호선2~3단계,송파나루,3943,4289,8232
20211023,9호선2~3단계,올림픽공원,7289,7646,14935
20211023,경부선,남영,5869,5839,11708
20211023,경부선,서울역,6455,1688,8143
20211023,경강선,여주,2481,2837,5318
20211023,경강선,세종대왕릉,273,372,645
20211023,경강선,부발,1917,1780,3697
20211023,경강선,이천,2805,3052,5857
20211023,경강선,신둔도예촌,1150,1191,2341
20211023,경강선,곤지암,1997,2123,4120
20211023,경강선,초월,2320,2058,4378
20211023,경강선,경기광주,5176,4868,10044
20211023,경강선,삼동,1430,1341,2771
20211023,경강선,이매,977,707,1684
20211023,경강선,판교,3027,2884,5911
20211023,9호선2~3단계,중앙보훈병원,4711,4553,9264
20211023,9호선2~3단계,둔촌오륜,597,627,1224
20211023,9호선2~3단계,한성백제,2260,1931,4191
20211023,경원선,서빙고,1950,2489,4439
20211023,경원선,한남,2711,2674,5385
20211023,경원선,옥수,50,38,88
20211023,경인선,오류동,9034,8255,17289
20211023,경인선,개봉,16763,16530,33293
20211023,경의선,임진강,112,87,199
20211023,경의선,문산,4614,4647,9261
20211023,경의선,파주,900,660,1560
20211023,경의선,월롱,1589,1500,3089
20211023,경의선,금촌,5634,5613,11247
20211023,경의선,금릉,3791,3670,7461
20211023,경의선,운정,5192,4902,10094
20211023,경의선,야당,5953,5872,11825
20211023,경의선,탄현,5539,5319,10858
20211023,경의선,일산,7380,7220,14600
20211023,경의선,풍산,4369,4202,8571
20211023,경의선,백마,4629,4491,9120
20211023,경의선,곡산,479,494,973
20211023,경인선,역곡,20180,19905,40085
20211023,경의선,능곡,3011,2824,5835
20211023,경인선,부천,28873,29677,58550
20211023,경인선,부평,29186,31821,61007
20211023,경춘선,신내,1235,1258,2493
20211023,경인선,도화,3228,2943,6171
20211023,경인선,중동,6829,6447,13276
20211023,경인선,온수,4836,4457,9293
20211023,경인선,도원,2092,2109,4201
20211023,경인선,간석,4279,4115,8394
20211023,경인선,부개,6258,5935,12193
20211023,경인선,소사,7689,7562,15251
20211023,경인선,구일,4405,4186,8591
20211023,경인선,인천,4823,4022,8845
20211023,경인선,동인천,12070,11961,24031
20211023,경인선,제물포,7489,7273,14762
20211023,경인선,주안,15716,14044,29760
20211023,경인선,동암,12323,12608,24931
20211023,경인선,백운,5670,5535,11205
20211023,경인선,송내,18051,17958,36009
20211023,9호선,샛강,2444,2520,4964
20211023,경의선,행신,5314,5373,10687
20211023,경의선,화전,1132,1032,2164
20211023,경원선,의정부,17978,18783,36761
20211023,경원선,회룡,10064,10182,20246
20211023,경원선,망월사,6704,6860,13564
20211023,경원선,도봉산,10572,7193,17765
20211023,경원선,도봉,4598,4397,8995
20211023,경원선,방학,7742,7373,15115
20211023,경원선,녹천,3371,2781,6152
20211023,경원선,월계,4822,4451,9273
20211023,경원선,광운대,5687,5501,11188
20211023,경원선,석계,6813,7277,14090
20211023,경원선,신이문,6123,5609,11732
20211023,경원선,외대앞,6188,5786,11974
20211023,경원선,청량리,16382,17740,34122
20211023,경원선,왕십리,12319,13956,26275
20211023,경원선,응봉,1456,1253,2709
20211023,경원선,가능,5322,5111,10433
20211023,경의선,강매,2041,1868,3909
20211023,경원선,녹양,3540,3471,7011
20211023,경원선,덕계,2487,2296,4783
20211023,경의선,수색,1510,1419,2929
20211023,경의선,디지털미디어시티,1857,1680,3537
20211023,경의선,가좌,4021,3811,7832
20211023,경의선,홍대입구,1816,2223,4039
20211023,경의선,서강대,1764,1611,3375
20211023,경의선,공덕,2641,2103,4744
20211023,경의선,효창공원앞,1814,1981,3795
20211023,경의선,신촌,331,365,696
20211023,경의선,서울역,1392,1446,2838
20211023,경원선,소요산,5474,4865,10339
20211023,경원선,동두천,1584,2190,3774
20211023,경원선,보산,1988,1937,3925
20211023,경원선,동두천중앙,2634,2633,5267
20211023,경원선,지행,5735,5734,11469
20211023,경원선,덕정,4387,4189,8576
20211023,경원선,양주,6776,6448,13224
20211023,9호선,여의도,11535,11238,22773
20211023,9호선2~3단계,석촌,6613,5447,12060
20211023,9호선,당산,12588,12032,24620
20211023,6호선,버티고개,1149,973,2122
20211023,6호선,한강진,8187,10001,18188
20211023,6호선,이태원,12729,13568,26297
20211023,6호선,녹사평,5161,5418,10579
20211023,6호선,삼각지,5334,4126,9460
20211023,6호선,효창공원앞,4530,3968,8498
20211023,6호선,약수,2407,2496,4903
20211023,6호선,공덕,10001,9408,19409
20211023,6호선,광흥창,5079,4656,9735
20211023,6호선,상수,7526,8619,16145
20211023,6호선,합정,12433,11313,23746
20211023,6호선,망원,12687,13964,26651
20211023,6호선,마포구청,9797,8283,18080
20211023,6호선,월드컵경기장,7284,8014,15298
20211023,6호선,대흥,5235,5215,10450
20211023,6호선,청구,2396,2365,4761
20211023,6호선,신당,5843,4976,10819
20211023,6호선,동묘앞,8033,7659,15692
20211023,7호선,마들,8995,8461,17456
20211023,7호선,수락산,10351,10073,20424
20211023,7호선,도봉산,7157,9984,17141
20211023,7호선,장암,1755,1166,2921
20211023,6호선,봉화산,5319,5243,10562
20211023,6호선,화랑대,7236,5994,13230
20211023,6호선,태릉입구,4189,4475,8664
20211023,6호선,석계,8827,8710,17537
20211023,6호선,돌곶이,5898,5528,11426
20211023,6호선,상월곡,4000,3481,7481
20211023,6호선,월곡,7253,7041,14294
20211023,6호선,고려대,5381,5114,10495
20211023,6호선,안암,6507,6362,12869
20211023,6호선,보문,5024,4602,9626
20211023,6호선,창신,2148,1744,3892
20211023,9호선,국회의사당,3932,4156,8088
20211023,6호선,증산,7398,7285,14683
20211023,6호선,새절,8996,8432,17428
20211023,6호선,구산,5422,4039,9461
20211023,5호선,굽은다리,7109,6794,13903
20211023,5호선,길동,5720,5844,11564
20211023,5호선,강동,12580,11928,24508
20211023,5호선,천호,16580,15628,32208
20211023,5호선,광나루,10769,10174,20943
20211023,5호선,아차산,12789,12220,25009
20211023,5호선,군자,8473,9105,17578
20211023,5호선,장한평,11043,10744,21787
20211023,5호선,답십리,10055,9227,19282
20211023,5호선,마장,3851,3669,7520
20211023,5호선,왕십리,3619,4247,7866
20211023,5호선,행당,5820,4992,10812
20211023,5호선,신금호,4066,4227,8293
20211023,5호선,청구,2470,2388,4858
20211023,5호선,동대문역사문화공원,989,1273,2262
20211023,5호선,명일,6126,6055,12181
20211023,7호선,노원,15197,15825,31022
20211023,5호선,고덕,6276,6121,12397
20211023,5호선,둔촌동,6313,6230,12543
20211023,6호선,연신내,3,0,3
20211023,6호선,독바위,2058,2427,4485
20211023,6호선,불광,3817,3651,7468
20211023,6호선,역촌,2725,3100,5825
20211023,6호선,응암,12697,12311,25008
20211023,5호선,하남시청,5112,4912,10024
20211023,5호선,하남풍산,2520,2578,5098
20211023,5호선,미사,11724,11723,23447
20211023,5호선,강일,2627,2463,5090
20211023,5호선,마천,4756,4834,9590
20211023,5호선,거여,5896,5628,11524
20211023,5호선,개롱,4323,4575,8898
20211023,5호선,오금,2108,2033,4141
20211023,5호선,방이,5019,4980,9999
20211023,5호선,올림픽공원,3520,3590,7110
20211023,5호선,상일동,9625,8911,18536
20211023,7호선,중계,9509,8567,18076
20211023,6호선,디지털미디어시티,7182,7264,14446
20211023,7호선,공릉,8835,8495,17330
20211023,8호선,장지,12447,11621,24068
20211023,8호선,문정,8765,9035,17800
20211023,8호선,가락시장,5028,5184,10212
20211023,8호선,송파,5548,5538,11086
20211023,8호선,석촌,5948,7130,13078
20211023,8호선,잠실,12105,14539,26644
20211023,8호선,몽촌토성,5101,5019,10120
20211023,8호선,강동구청,6033,6025,12058
20211023,8호선,천호,11825,13962,25787
20211023,8호선,암사,12210,11298,23508
20211023,7호선,부평구청,4886,4478,9364
20211023,7호선,굴포천,6622,6968,13590
20211023,7호선,삼산체육관,3936,3680,7616
20211023,7호선,상동,11129,11478,22607
20211023,7호선,부천시청,10129,9822,19951
20211023,8호선,복정,7743,6657,14400
20211023,7호선,신중동,9805,9762,19567
20211023,8호선,산성,4763,4840,9603
20211023,8호선,단대오거리,7438,6986,14424
20211023,7호선,하계,12284,11407,23691
20211023,9호선,신목동,2372,2057,4429
20211023,9호선,염창,11705,10780,22485
20211023,9호선,등촌,7280,7045,14325
20211023,9호선,증미,3999,3870,7869
20211023,9호선,가양,14236,13453,27689
20211023,9호선,양천향교,5846,5668,11514
20211023,9호선,마곡나루,7979,7992,15971
20211023,9호선,신방화,4673,4504,9177
20211023,9호선,공항시장,2121,2286,4407
20211023,9호선,김포공항,7935,12714,20649
20211023,9호선,개화,1586,1340,2926
20211023,8호선,모란,5771,4713,10484
20211023,8호선,수진,4044,3618,7662
20211023,8호선,신흥,3533,3702,7235
20211023,8호선,남한산성입구,9227,8180,17407
20211023,7호선,춘의,5153,5026,10179
20211023,9호선,선유도,4003,3788,7791
20211023,7호선,까치울,5599,5621,11220
20211023,7호선,학동,11041,11604,22645
20211023,7호선,강남구청,9723,10762,20485
20211023,7호선,청담,11422,12313,23735
20211023,7호선,뚝섬유원지,9025,8581,17606
20211023,7호선,건대입구,10477,10693,21170
20211023,7호선,부천종합운동장,3403,3028,6431
20211023,7호선,군자,10542,8027,18569
20211023,7호선,중곡,6947,6541,13488
20211023,7호선,용마산,4562,4699,9261
20211023,7호선,사가정,12475,12134,24609
20211023,7호선,면목,11498,11085,22583
20211023,7호선,상봉,13080,12444,25524
20211023,7호선,중화,7736,7304,15040
20211023,7호선,먹골,8152,7884,16036
20211023,7호선,태릉입구,6516,5934,12450
20211023,7호선,논현,11098,11871,22969
20211023,7호선,반포,4204,4076,8280
20211023,7호선,어린이대공원,9829,9631,19460
20211023,7호선,내방,7571,7441,15012
20211023,7호선,고속터미널,13756,10688,24444
20211023,7호선,온수,5663,5553,11216
20211023,7호선,천왕,6881,6523,13404
20211023,7호선,광명사거리,16674,16661,33335
20211023,7호선,철산,14911,14901,29812
20211023,7호선,남구로,8026,8333,16359
20211023,7호선,대림,6773,7171,13944
20211023,7호선,가산디지털단지,16000,14578,30578
20211023,7호선,보라매,5812,5739,11551
20211023,7호선,신대방삼거리,11084,10267,21351
20211023,7호선,장승배기,6370,6173,12543
20211023,7호선,상도,7355,6785,14140
20211023,7호선,숭실대입구,8727,8538,17265
20211023,7호선,남성,7300,6633,13933
20211023,7호선,이수,11824,11062,22886
20211023,7호선,신풍,8007,7550,15557
20211024,5호선,강일,1998,1838,3836
20211024,5호선,방이,3729,3502,7231
20211024,5호선,오금,1558,1474,3032
20211024,5호선,개롱,2773,3190,5963
20211024,5호선,거여,3963,3872,7835
20211024,5호선,마천,3495,3792,7287
20211024,5호선,미사,8634,8746,17380
20211024,경원선,광운대,4039,4215,8254
20211024,5호선,하남시청,3913,3667,7580
20211024,5호선,하남검단산,4453,4528,8981
20211024,6호선,응암,9062,8950,18012
20211024,6호선,역촌,1873,2295,4168
20211024,6호선,불광,3021,2876,5897
20211024,6호선,독바위,1562,1905,3467
20211024,5호선,하남풍산,1971,2052,4023
20211024,5호선,올림픽공원,2684,2821,5505
20211024,5호선,신금호,2943,3226,6169
20211024,5호선,상일동,6646,6434,13080
20211024,6호선,구산,3715,2812,6527
20211024,5호선,행당,4000,3643,7643
20211024,5호선,왕십리,2342,2842,5184
20211024,5호선,마장,2753,2611,5364
20211024,5호선,답십리,7157,6695,13852
20211024,5호선,장한평,7216,7200,14416
20211024,5호선,군자,5832,6350,12182
20211024,5호선,아차산,10835,10724,21559
20211024,5호선,광나루,7516,7280,14796
20211024,5호선,천호,11972,11217,23189
20211024,5호선,강동,8719,8639,17358
20211024,5호선,길동,3987,4186,8173
20211024,5호선,굽은다리,5030,4726,9756
20211024,5호선,명일,4476,4439,8915
20211024,5호선,고덕,4053,4065,8118
20211024,5호선,둔촌동,4265,4408,8673
20211024,6호선,증산,5374,5392,10766
20211024,우이신설선,화계,1946,1791,3737
20211024,6호선,월드컵경기장,6289,6973,13262
20211024,우이신설선,정릉,2596,2238,4834
20211024,우이신설선,성신여대입구,2072,2344,4416
20211024,우이신설선,보문,872,867,1739
20211024,우이신설선,신설동,1132,1159,2291
20211024,일산선,원흥,5291,5105,10396
20211024,일산선,삼송,10678,10468,21146
20211024,우이신설선,북한산보국문,3649,3331,6980
20211024,일산선,원당,6192,6081,12273
20211024,안산선,대야미,3078,2760,5838
20211024,안산선,산본,8515,8933,17448
20211024,수인선,인천,1258,1870,3128
20211024,수인선,신포,1143,1156,2299
20211024,수인선,숭의,2117,1880,3997
20211024,수인선,인하대,3188,3136,6324
20211024,일산선,화정,9345,9508,18853
20211024,우이신설선,솔샘,2829,2600,5429
20211024,우이신설선,삼양사거리,1378,1408,2786
20211024,우이신설선,삼양,1179,1209,2388
20211024,6호선,마포구청,7175,6274,13449
20211024,6호선,망원,9364,9932,19296
20211024,6호선,합정,9007,8002,17009
20211024,6호선,상수,5287,6141,11428
20211024,6호선,광흥창,3899,3757,7656
20211024,6호선,대흥,3534,3612,7146
20211024,6호선,공덕,6653,6002,12655
20211024,6호선,효창공원앞,3237,2867,6104
20211024,안산선,정왕,5090,5493,10583
20211024,안산선,오이도,6447,6452,12899
20211024,안산선,수리산,2136,2128,4264
20211024,우이신설선,북한산우이,3962,3872,7834
20211024,우이신설선,솔밭공원,1374,1408,2782
20211024,우이신설선,4.19민주묘지,2094,1695,3789
20211024,우이신설선,가오리,2347,2219,4566
20211024,6호선,디지털미디어시티,4906,5227,10133
20211024,5호선,청구,1692,1707,3399
20211024,3호선,동대입구,6851,7080,13931
20211024,5호선,을지로4가,1564,1686,3250
20211024,3호선,경찰병원,2583,2652,5235
20211024,3호선,오금,2614,2547,5161
20211024,4호선,수유,19003,18220,37223
20211024,4호선,미아,7541,7270,14811
20211024,4호선,미아사거리,15798,15112,30910
20211024,4호선,길음,9855,9655,19510
20211024,4호선,성신여대입구,11718,11130,22848
20211024,4호선,한성대입구,7359,7404,14763
20211024,4호선,혜화,20327,21194,41521
20211024,4호선,동대문,7195,7536,14731
20211024,4호선,동대문역사문화공원,8261,7864,16125
20211024,4호선,충무로,8869,8892,17761
20211024,4호선,명동,11042,11195,22237
20211024,4호선,회현,8217,8747,16964
20211024,4호선,서울역,3946,9276,13222
20211024,3호선,가락시장,3471,3695,7166
20211024,4호선,숙대입구,6035,5978,12013
20211024,3호선,수서,9813,9731,19544
20211024,3호선,대청,3914,3847,7761
20211024,수인선,송도,1596,1554,3150
20211024,3호선,약수,6136,6141,12277
20211024,3호선,금호,4178,4078,8256
20211024,3호선,옥수,4816,5157,9973
20211024,3호선,압구정,12854,13185,26039
20211024,3호선,신사,13492,13543,27035
20211024,3호선,잠원,2146,2151,4297
20211024,3호선,고속터미널,37868,35168,73036
20211024,3호선,교대,4251,2528,6779
20211024,3호선,남부터미널,14248,15050,29298
20211024,3호선,양재,12957,14851,27808
20211024,3호선,매봉,3946,3948,7894
20211024,3호선,도곡,1751,1842,3593
20211024,3호선,대치,5666,4981,10647
20211024,3호선,학여울,1039,1069,2108
20211024,3호선,일원,3023,3256,6279
20211024,5호선,동대문역사문화공원,635,796,1431
20211024,4호선,삼각지,2431,3215,5646
20211024,4호선,이촌,4574,5021,9595
20211024,5호선,목동,7406,7744,15150
20211024,5호선,오목교,11321,11611,22932
20211024,5호선,양평,2515,2562,5077
20211024,5호선,영등포구청,1248,1292,2540
20211024,5호선,영등포시장,4704,4839,9543
20211024,5호선,신길,1717,1929,3646
20211024,5호선,여의도,7429,7704,15133
20211024,5호선,여의나루,10962,11209,22171
20211024,5호선,마포,4651,4595,9246
20211024,5호선,공덕,4501,4442,8943
20211024,5호선,애오개,2468,2430,4898
20211024,5호선,충정로,1410,1389,2799
20211024,5호선,서대문,5384,5454,10838
20211024,5호선,광화문,11180,10944,22124
20211024,5호선,종로3가,8855,8069,16924
20211024,5호선,신정,6147,5589,11736
20211024,4호선,신용산,7437,7375,14812
20211024,5호선,까치산,15214,14884,30098
20211024,5호선,우장산,6557,6707,13264
20211024,4호선,동작,1375,1371,2746
20211024,4호선,총신대입구,10464,11351,21815
20211024,4호선,사당,14496,13615,28111
20211024,4호선,남태령,744,510,1254
20211024,4호선,당고개,7473,7030,14503
20211024,4호선,상계,10116,9385,19501
20211024,4호선,노원,11194,12226,23420
20211024,4호선,창동,13546,14213,27759
20211024,4호선,쌍문,15162,13719,28881
20211024,5호선,방화,3538,3457,6995
20211024,5호선,개화산,2688,2727,5415
20211024,5호선,김포공항,6786,6591,13377
20211024,5호선,송정,3590,3557,7147
20211024,5호선,마곡,3349,3411,6760
20211024,5호선,발산,9167,9696,18863
20211024,5호선,화곡,13738,13105,26843
20211024,수인선,연수,2931,2824,5755
20211024,분당선,망포,6195,6624,12819
20211024,수인선,남동인더스파크,562,559,1121
20211024,분당선,서울숲,7326,7651,14977
20211024,분당선,수원,5750,4924,10674
20211024,분당선,수서,8471,8267,16738
20211024,분당선,대모산입구,2217,2148,4365
20211024,분당선,개포동,2016,2037,4053
20211024,분당선,구룡,742,830,1572
20211024,분당선,압구정로데오,10411,11587,21998
20211024,분당선,도곡,2407,2342,4749
20211024,분당선,선릉,2836,4158,6994
20211024,과천선,범계,14532,13966,28498
20211024,과천선,평촌,6172,6120,12292
20211024,과천선,인덕원,11001,11322,22323
20211024,과천선,정부과천청사,4306,4354,8660
20211024,과천선,과천,3064,2983,6047
20211024,분당선,한티,8237,7883,16120
20211024,분당선,강남구청,3281,3860,7141
20211024,분당선,선정릉,2098,2297,4395
20211024,분당선,가천대,3922,4652,8574
20211024,분당선,상갈,2967,3062,6029
20211024,분당선,기흥,5114,4884,9998
20211024,분당선,신갈,1947,2017,3964
20211024,분당선,구성,2488,2527,5015
20211024,분당선,죽전,7948,8763,16711
20211024,분당선,보정,1146,1039,2185
20211024,분당선,이매,3332,3421,6753
20211024,분당선,오리,5576,4797,10373
20211024,분당선,미금,7013,7644,14657
20211024,분당선,정자,7245,7499,14744
20211024,분당선,수내,5983,5784,11767
20211024,분당선,서현,13199,13150,26349
20211024,분당선,야탑,13398,13458,26856
20211024,분당선,모란,18458,19323,37781
20211024,분당선,태평,8286,7821,16107
20211024,과천선,대공원,6675,6802,13477
20211024,과천선,경마공원,989,994,1983
20211024,과천선,선바위,3722,3413,7135
20211024,공항철도 1호선,영종,2414,2405,4819
20211024,경춘선,가평,2708,2255,4963
20211024,경춘선,상천,402,303,705
20211024,경춘선,청평,1790,1460,3250
20211024,경춘선,대성리,794,687,1481
20211024,경춘선,마석,2584,2488,5072
20211024,경춘선,천마산,1147,1144,2291
20211024,경춘선,평내호평,3568,3405,6973
20211024,경춘선,금곡,887,865,1752
20211024,경춘선,사릉,1794,1780,3574
20211024,경춘선,퇴계원,2236,1927,4163
20211024,경춘선,별내,1846,1779,3625
20211024,경춘선,갈매,1496,1364,2860
20211024,경춘선,신내,861,919,1780
20211024,경인선,도화,2344,2228,4572
20211024,3호선,을지로3가,3116,2985,6101
20211024,경춘선,굴봉산,252,227,479
20211024,분당선,청명,1965,1915,3880
20211024,경춘선,백양리,163,147,310
20211024,경춘선,김유정,611,670,1281
20211024,공항철도 1호선,인천공항2터미널,1678,1663,3341
20211024,공항철도 1호선,인천공항1터미널,3319,3197,6516
20211024,공항철도 1호선,공항화물청사,980,1080,2060
20211024,공항철도 1호선,운서,4586,5272,9858
20211024,공항철도 1호선,청라국제도시,3137,3003,6140
20211024,공항철도 1호선,검암,3651,3756,7407
20211024,공항철도 1호선,계양,5411,5073,10484
20211024,공항철도 1호선,김포공항,12081,5755,17836
20211024,공항철도 1호선,마곡나루,2348,2567,4915
20211024,공항철도 1호선,디지털미디어시티,3904,3866,7770
20211024,공항철도 1호선,홍대입구,9243,8509,17752
20211024,공항철도 1호선,공덕,1190,1625,2815
20211024,공항철도 1호선,서울역,7297,6341,13638
20211024,경춘선,춘천,2484,1762,4246
20211024,경춘선,남춘천,2849,2742,5591
20211024,경춘선,강촌,1036,811,1847
20211024,분당선,영통,4434,4519,8953
20211024,7호선,중화,5362,5364,10726
20211024,7호선,먹골,5497,5392,10889
20211024,6호선,신당,3843,4420,8263
20211024,6호선,동묘앞,6504,6224,12728
20211024,6호선,창신,1581,1386,2967
20211024,6호선,보문,3674,3489,7163
20211024,6호선,안암,4318,4705,9023
20211024,6호선,고려대,3728,3584,7312
20211024,6호선,월곡,5024,4946,9970
20211024,6호선,상월곡,3154,2928,6082
20211024,6호선,돌곶이,4373,4046,8419
20211024,6호선,석계,6311,6521,12832
20211024,6호선,태릉입구,3027,3175,6202
20211024,6호선,화랑대,4990,4467,9457
20211024,9호선,구반포,947,981,1928
20211024,6호선,봉화산,3874,3712,7586
20211024,7호선,장암,1440,1048,2488
20211024,6호선,청구,1694,1587,3281
20211024,7호선,도봉산,6054,8743,14797
20211024,6호선,약수,1607,1656,3263
20211024,6호선,한강진,5867,6852,12719
20211024,수인선,호구포,1822,1896,3718
20211024,경인선,중동,4968,4597,9565
20211024,수인선,소래포구,7102,6929,14031
20211024,수인선,월곶,1775,1595,3370
20211024,수인선,달월,61,70,131
20211024,수인선,사리,2619,2292,4911
20211024,수인선,야목,190,158,348
20211024,수인선,어천,569,709,1278
20211024,수인선,오목천,1557,1486,3043
20211024,수인선,고색,1683,1882,3565
20211024,일산선,대곡,1136,921,2057
20211024,6호선,삼각지,3587,2873,6460
20211024,일산선,백석,5461,5403,10864
20211024,6호선,녹사평,3723,3692,7415
20211024,6호선,이태원,9104,8512,17616
20211024,6호선,버티고개,819,750,1569
20211024,수인선,원인재,2804,2966,5770
20211024,7호선,수락산,8283,8278,16561
20211024,7호선,노원,10532,10517,21049
20211024,중앙선,구리,7912,8079,15991
20211024,중앙선,도농,4876,5024,9900
20211024,중앙선,양정,635,571,1206
20211024,중앙선,덕소,3492,3579,7071
20211024,중앙선,도심,1265,1084,2349
20211024,중앙선,팔당,1610,1696,3306
20211024,중앙선,운길산,1643,1458,3101
20211024,중앙선,양수,2076,1916,3992
20211024,중앙선,신원,347,187,534
20211024,중앙선,국수,655,570,1225
20211024,중앙선,아신,621,525,1146
20211024,중앙선,오빈,270,255,525
20211024,분당선,매교,1404,1459,2863
20211024,분당선,수원시청,7297,7391,14688
20211024,분당선,매탄권선,2573,2486,5059
20211024,중앙선,양원,955,993,1948
20211024,7호선,마들,5815,5509,11324
20211024,중앙선,망우,4829,4784,9613
20211024,중앙선,중랑,3321,3238,6559
20211024,7호선,중계,6614,6190,12804
20211024,7호선,하계,8592,8273,16865
20211024,7호선,공릉,5812,5881,11693
20211024,7호선,태릉입구,4843,4422,9265
20211024,일산선,마두,3556,3600,7156
20211024,일산선,정발산,4785,4853,9638
20211024,일산선,주엽,4531,4424,8955
20211024,일산선,대화,6043,5508,11551
20211024,장항선,봉명,594,605,1199
20211024,장항선,쌍용,1346,1406,2752
20211024,장항선,아산,3574,2397,5971
20211024,장항선,배방,890,1026,1916
20211024,장항선,온양온천,5503,5354,10857
20211024,장항선,신창,1052,1691,2743
20211024,중앙선,회기,14536,14609,29145
20211024,중앙선,상봉,4207,4225,8432
20211024,3호선,종로3가,3830,4874,8704
20211024,수인선,인천논현,2875,2939,5814
20211024,3호선,경복궁,13792,15004,28796
20211024,9호선,당산,8548,8561,17109
20211024,9호선,국회의사당,4050,3974,8024
20211024,9호선,여의도,8537,7824,16361
20211024,9호선,샛강,1603,1642,3245
20211024,9호선,노량진,14200,15247,29447
20211024,9호선,노들,2450,2244,4694
20211024,9호선,선유도,2920,2842,5762
20211024,9호선,흑석,3529,3637,7166
20211024,9호선,신반포,1543,1668,3211
20211024,9호선,고속터미널,9919,13239,23158
20211024,9호선,사평,1399,1436,2835
20211024,9호선,신논현,14608,13624,28232
20211024,9호선2~3단계,언주,3609,3694,7303
20211024,9호선2~3단계,선정릉,2968,3391,6359
20211024,9호선,동작,1122,1003,2125
20211024,9호선,신목동,1672,1529,3201
20211024,9호선,염창,8188,8178,16366
20211024,9호선,등촌,4994,5001,9995
20211024,8호선,복정,5115,4774,9889
20211024,8호선,산성,3648,3630,7278
20211024,8호선,남한산성입구,6899,6439,13338
20211024,8호선,단대오거리,5653,5521,11174
20211024,8호선,신흥,2702,2921,5623
20211024,8호선,수진,2895,2581,5476
20211024,8호선,모란,4802,4091,8893
20211024,9호선,개화,1229,1122,2351
20211024,9호선,김포공항,7248,11702,18950
20211024,9호선,공항시장,1675,1913,3588
20211024,9호선,신방화,3296,3182,6478
20211024,9호선,마곡나루,5639,5786,11425
20211024,9호선,양천향교,4191,4358,8549
20211024,9호선,가양,9792,9897,19689
20211024,9호선,증미,2360,2336,4696
20211024,9호선2~3단계,삼성중앙,1886,1965,3851
20211024,9호선2~3단계,봉은사,6905,7025,13930
20211024,9호선2~3단계,종합운동장,2010,1820,3830
20211024,9호선2~3단계,삼전,3374,3289,6663
20211024,경의선,곡산,342,361,703
20211024,경의선,능곡,2222,2189,4411
20211024,경의선,행신,4312,4134,8446
20211024,경의선,강매,1528,1405,2933
20211024,경의선,화전,885,924,1809
20211024,경의선,수색,1008,1024,2032
20211024,경의선,디지털미디어시티,1347,1253,2600
20211024,경강선,이천,2116,2345,4461
20211024,경강선,부발,1391,1935,3326
20211024,경강선,세종대왕릉,344,285,629
20211024,경강선,여주,2186,2265,4451
20211024,경부선,서울역,6931,1571,8502
20211024,경부선,남영,4052,4380,8432
20211024,경부선,용산,29989,27067,57056
20211024,경부선,노량진,6134,5820,11954
20211024,경의선,백마,3310,3313,6623
20211024,3호선,안국,11907,12702,24609
20211024,경의선,풍산,3355,3215,6570
20211024,경의선,탄현,4225,3916,8141
20211024,9호선2~3단계,석촌고분,2932,2849,5781
20211024,9호선2~3단계,석촌,4598,3972,8570
20211024,9호선2~3단계,송파나루,2824,3114,5938
20211024,9호선2~3단계,한성백제,1851,1515,3366
20211024,9호선2~3단계,올림픽공원,6098,6567,12665
20211024,9호선2~3단계,둔촌오륜,443,440,883
20211024,9호선2~3단계,중앙보훈병원,3103,3169,6272
20211024,경강선,판교,2330,2187,4517
20211024,경강선,이매,720,460,1180
20211024,경강선,삼동,1049,1017,2066
20211024,경강선,경기광주,3797,3793,7590
20211024,경강선,초월,1767,1651,3418
20211024,경강선,곤지암,1629,1769,3398
20211024,경강선,신둔도예촌,1005,919,1924
20211024,경의선,야당,4447,4280,8727
20211024,경의선,일산,4716,4428,9144
20211024,경부선,대방,5711,6013,11724
20211024,8호선,문정,5619,5974,11593
20211024,8호선,송파,3353,3504,6857
20211024,경의선,문산,4099,4184,8283
20211024,경의선,파주,669,593,1262
20211024,경의선,월롱,924,1730,2654
20211024,경의선,금촌,4175,4394,8569
20211024,경의선,금릉,2814,2878,5692
20211024,경의선,운정,3657,3513,7170
20211024,경의선,임진강,74,56,130
20211024,7호선,상봉,8871,8364,17235
20211024,7호선,사가정,8908,8635,17543
20211024,7호선,용마산,3182,3461,6643
20211024,7호선,중곡,5024,4893,9917
20211024,7호선,군자,7308,5771,13079
20211024,7호선,어린이대공원,7342,7608,14950
20211024,7호선,건대입구,6983,7415,14398
20211024,7호선,면목,7711,7784,15495
20211024,경인선,개봉,11599,11531,23130
20211024,경인선,오류동,6944,6503,13447
20211024,경인선,역곡,14034,13868,27902
20211024,경인선,온수,3714,3559,7273
20211024,경인선,도원,1553,1601,3154
20211024,경인선,간석,3146,2965,6111
20211024,경인선,부개,4702,4450,9152
20211024,경인선,소사,6024,5718,11742
20211024,경인선,구일,3111,3089,6200
20211024,경인선,인천,4433,3770,8203
20211024,경인선,동인천,9476,9167,18643
20211024,경인선,제물포,5505,5358,10863
20211024,경인선,주안,11405,10042,21447
20211024,경인선,동암,9590,9586,19176
20211024,경인선,백운,3923,3799,7722
20211024,경인선,부평,22112,22793,44905
20211024,경인선,송내,13159,12867,26026
20211024,경인선,부천,21559,21085,42644
20211024,7호선,뚝섬유원지,7568,7040,14608
20211024,7호선,청담,6702,7074,13776
20211024,7호선,강남구청,5851,6375,12226
20211024,7호선,학동,6162,6497,12659
20211024,7호선,까치울,4218,4226,8444
20211024,7호선,부천종합운동장,2400,2218,4618
20211024,7호선,춘의,3525,3252,6777
20211024,7호선,신중동,6650,6506,13156
20211024,7호선,부천시청,7067,6818,13885
20211024,7호선,상동,7460,7351,14811
20211024,7호선,삼산체육관,2802,2642,5444
20211024,7호선,굴포천,4615,4601,9216
20211024,7호선,부평구청,3589,3274,6863
20211024,8호선,암사,8554,8249,16803
20211024,8호선,천호,8532,9793,18325
20211024,8호선,강동구청,4261,4378,8639
20211024,8호선,몽촌토성,4030,3999,8029
20211024,8호선,잠실,9457,10850,20307
20211024,8호선,석촌,4038,5027,9065
20211024,7호선,온수,3984,4046,8030
20211024,8호선,가락시장,3007,3587,6594
20211024,7호선,천왕,4758,4596,9354
20211024,7호선,철산,10102,10026,20128
20211024,7호선,논현,6051,6433,12484
20211024,7호선,반포,2597,2655,5252
20211024,7호선,고속터미널,11919,7654,19573
20211024,7호선,내방,4912,5017,9929
20211024,7호선,이수,7894,7700,15594
20211024,7호선,남성,5065,5051,10116
20211024,7호선,숭실대입구,5418,5793,11211
20211024,7호선,상도,5026,4942,9968
20211024,7호선,장승배기,4562,4477,9039
20211024,7호선,신대방삼거리,7524,7464,14988
20211024,7호선,보라매,4071,4129,8200
20211024,7호선,신풍,6119,5818,11937
20211024,7호선,대림,6887,6594,13481
20211024,7호선,남구로,6386,6205,12591
20211024,7호선,가산디지털단지,11975,10889,22864
20211024,7호선,광명사거리,11950,11906,23856
20211024,경부선,영등포,29756,28794,58550
20211024,8호선,장지,8772,9030,17802
20211024,경부선,신길,4896,4265,9161
20211024,2호선,잠실새내,10320,10732,21052
20211024,2호선,종합운동장,6427,6614,13041
20211024,2호선,삼성,19067,18657,37724
20211024,2호선,선릉,12921,11224,24145
20211024,2호선,역삼,9850,10844,20694
20211024,경원선,월계,3565,3333,6898
20211024,2호선,잠실,48901,45286,94187
20211024,안산선,신길온천,1167,1090,2257
20211024,안산선,초지,2366,2256,4622
20211024,안산선,고잔,4820,4646,9466
20211024,안산선,중앙,11667,11589,23256
20211024,안산선,한대앞,5175,5183,10358
20211024,안산선,상록수,9000,8935,17935
20211024,안산선,반월,2494,2488,4982
20211024,안산선,안산,9362,8742,18104
20211024,2호선,잠실나루,5045,5185,10230
20211024,2호선,강변,22151,20990,43141
20211024,2호선,구의,10985,10990,21975
20211024,1호선,신설동,7351,7372,14723
20211024,1호선,제기동,9856,10339,20195
20211024,1호선,청량리,12880,13105,25985
20211024,2호선,시청,5954,5126,11080
20211024,2호선,을지로입구,14474,13428,27902
20211024,2호선,을지로3가,7225,6916,14141
20211024,2호선,을지로4가,3249,3262,6511
20211024,2호선,동대문역사문화공원,7312,9181,16493
20211024,2호선,신당,7919,8336,16255
20211024,2호선,상왕십리,6572,6550,13122
20211024,2호선,왕십리,8916,7746,16662
20211024,2호선,한양대,2175,2490,4665
20211024,2호선,뚝섬,10108,10270,20378
20211024,2호선,성수,12838,14168,27006
20211024,2호선,건대입구,24926,25678,50604
20211024,2호선,교대,10112,11088,21200
20211024,2호선,서초,9548,8778,18326
20211024,2호선,방배,6401,6754,13155
20211024,2호선,사당,21032,23407,44439
20211024,2호선,신설동,2883,2911,5794
20211024,2호선,도림천,464,552,1016
20211024,2호선,양천구청,3687,3856,7543
20211024,2호선,신정네거리,5218,5215,10433
20211024,2호선,용두,1070,1018,2088
20211024,3호선,지축,2074,2005,4079
20211024,3호선,구파발,11946,12356,24302
20211024,3호선,연신내,21047,19650,40697
20211024,경원선,석계,4866,5360,10226
20211024,3호선,불광,9888,11548,21436
20211024,3호선,녹번,7008,6431,13439
20211024,3호선,홍제,9032,8674,17706
20211024,3호선,무악재,1852,2009,3861
20211024,3호선,독립문,4315,4849,9164
20211024,경부선,신도림,2265,2431,4696
20211024,2호선,신답,753,747,1500
20211024,1호선,동대문,9513,10138,19651
20211024,2호선,용답,1574,1577,3151
20211024,2호선,아현,4904,4963,9867
20211024,2호선,낙성대,15093,15397,30490
20211024,2호선,서울대입구,26187,27373,53560
20211024,2호선,봉천,11808,11591,23399
20211024,2호선,신림,35397,35047,70444
20211024,2호선,신대방,14667,14623,29290
20211024,2호선,구로디지털단지,22551,22283,44834
20211024,2호선,대림,14551,14903,29454
20211024,2호선,신도림,28408,28787,57195
20211024,2호선,문래,7616,8122,15738
20211024,2호선,영등포구청,8315,8575,16890
20211024,2호선,당산,8812,9523,18335
20211024,2호선,합정,19226,20600,39826
20211024,2호선,홍대입구,44831,44711,89542
20211024,2호선,신촌,19646,18990,38636
20211024,2호선,이대,6748,7214,13962
20211024,2호선,충정로,3754,3987,7741
20211024,1호선,종로5가,8873,8917,17790
20211024,2호선,강남,33739,32249,65988
20211024,1호선,종각,12329,10701,23030
20211024,경부선,진위,863,810,1673
20211024,중앙선,지평,58,45,103
20211024,중앙선,용문,2867,2300,5167
20211024,중앙선,원덕,474,365,839
20211024,중앙선,양평,2441,2194,4635
20211024,경의선,가좌,2889,2917,5806
20211024,경의선,홍대입구,1603,1803,3406
20211024,경의선,서강대,1158,1198,2356
20211024,경의선,공덕,1785,1490,3275
20211024,경의선,효창공원앞,1285,1464,2749
20211024,경의선,신촌,250,263,513
20211024,경의선,서울역,1118,982,2100
20211024,경원선,소요산,5848,5159,11007
20211024,경원선,동두천,1406,1772,3178
20211024,경원선,보산,1416,1564,2980
20211024,경부선,오산,7509,8024,15533
20211024,경원선,동두천중앙,2180,2020,4200
20211024,경부선,오산대,2489,2337,4826
20211024,경부선,병점,9394,10233,19627
20211024,1호선,종로3가,14155,12196,26351
20211024,경부선,가산디지털단지,5008,7066,12074
20211024,경부선,금천구청,6468,6346,12814
20211024,경부선,석수,5451,5113,10564
20211024,경부선,관악,5068,4443,9511
20211024,경부선,안양,13656,13554,27210
20211024,경부선,명학,3559,3498,7057
20211024,경부선,금정,13707,14186,27893
20211024,경부선,군포,3087,2929,6016
20211024,경부선,의왕,4450,4613,9063
20211024,경부선,성균관대,7468,7940,15408
20211024,경부선,화서,4316,4135,8451
20211024,경부선,수원,34743,33467,68210
20211024,경부선,독산,6175,6175,12350
20211024,경부선,세류,2103,2103,4206
20211024,경부선,세마,1771,1692,3463
20211024,경원선,지행,4401,4357,8758
20211024,경부선,구로,10007,10211,20218
20211024,경원선,덕계,1737,1710,3447
20211024,경부선,서동탄,786,780,1566
20211024,경부선,광명,2824,2017,4841
20211024,경원선,이촌,2173,1651,3824
20211024,경원선,서빙고,1179,1279,2458
20211024,경원선,한남,1861,1857,3718
20211024,경원선,옥수,47,25,72
20211024,경원선,응봉,1082,994,2076
20211024,경원선,왕십리,8480,9775,18255
20211024,경원선,청량리,13895,13148,27043
20211024,경원선,외대앞,4396,4255,8651
20211024,경원선,신이문,4612,4401,9013
20211024,6호선,새절,6268,6038,12306
20211024,1호선,서울역,26214,23809,50023
20211024,1호선,동묘앞,13042,13347,26389
20211024,경원선,덕정,3366,3400,6766
20211024,경부선,당정,3142,3123,6265
20211024,경부선,천안,6883,6615,13498
20211024,1호선,시청,8144,7899,16043
20211024,경부선,직산,596,635,1231
20211024,경원선,양주,5258,5116,10374
20211024,경원선,녹양,2758,2696,5454
20211024,경원선,가능,4181,3806,7987
20211024,경원선,의정부,13686,13920,27606
20211024,경부선,두정,4985,5471,10456
20211024,경원선,망월사,5224,5369,10593
20211024,경원선,도봉산,10540,7733,18273
20211024,경원선,회룡,7450,7506,14956
20211024,경원선,방학,5710,5492,11202
20211024,경원선,녹천,2565,2185,4750
20211024,경부선,송탄,3609,4156,7765
20211024,경부선,서정리,4509,6190,10699
20211024,경부선,평택지제,2429,2317,4746
20211024,경부선,평택,11808,12656,24464
20211024,경부선,성환,2360,2779,5139
20211024,경원선,도봉,3558,3304,6862
20211030,5호선,신길,2626,2786,5412
20211030,5호선,영등포시장,7159,7465,14624
20211030,5호선,영등포구청,1990,1947,3937
20211030,5호선,양평,3844,3660,7504
20211030,5호선,오목교,16156,16782,32938
20211030,5호선,목동,11328,11337,22665
20211030,5호선,김포공항,7362,7388,14750
20211030,5호선,까치산,21221,20280,41501
20211030,5호선,화곡,20460,18949,39409
20211030,5호선,우장산,10083,9732,19815
20211030,5호선,발산,13817,14969,28786
20211030,5호선,마곡,5387,5257,10644
20211030,5호선,송정,5178,4978,10156
20211030,5호선,군자,8405,9126,17531
20211030,5호선,신정,8911,7724,16635
20211030,5호선,여의도,10886,11658,22544
20211030,5호선,을지로4가,3487,3749,7236
20211030,5호선,마포,7308,7377,14685
20211030,5호선,개화산,3752,3716,7468
20211030,5호선,장한평,11138,10859,21997
20211030,5호선,답십리,10286,9214,19500
20211030,5호선,마장,3969,3725,7694
20211030,5호선,왕십리,3667,4341,8008
20211030,5호선,행당,5701,4939,10640
20211030,5호선,신금호,4346,4479,8825
20211030,5호선,청구,2539,2475,5014
20211030,5호선,동대문역사문화공원,968,1289,2257
20211030,5호선,종로3가,13606,13835,27441
20211030,5호선,광화문,16447,16672,33119
20211030,5호선,서대문,7379,7101,14480
20211030,5호선,충정로,1905,1708,3613
20211030,5호선,애오개,3647,3361,7008
20211030,5호선,공덕,7161,7356,14517
20211030,5호선,여의나루,12980,14206,27186
20211030,5호선,방화,4830,4599,9429
20211030,4호선,동대문역사문화공원,10984,9804,20788
20211030,4호선,창동,19599,20453,40052
20211030,4호선,길음,14346,13567,27913
20211030,4호선,미아사거리,22603,21454,44057
20211030,4호선,미아,10699,10174,20873
20211030,4호선,수유,26445,25518,51963
20211030,3호선,오금,3914,3687,7601
20211030,3호선,경찰병원,3893,3785,7678
20211030,3호선,가락시장,6248,5906,12154
20211030,3호선,수서,13774,13633,27407
20211030,3호선,일원,4687,4576,9263
20211030,3호선,대청,6161,5661,11822
20211030,3호선,학여울,2197,2256,4453
20211030,3호선,대치,9306,8360,17666
20211030,3호선,도곡,3610,3610,7220
20211030,3호선,매봉,5959,5747,11706
20211030,5호선,아차산,13395,13211,26606
20211030,4호선,성신여대입구,16531,15571,32102
20211030,4호선,쌍문,21937,19503,41440
20211030,4호선,한성대입구,11038,10713,21751
20211030,4호선,동대문,13821,13704,27525
20211030,4호선,노원,16046,17413,33459
20211030,4호선,상계,14499,13318,27817
20211030,4호선,당고개,10149,9498,19647
20211030,4호선,남태령,1241,939,2180
20211030,4호선,사당,21122,18631,39753
20211030,4호선,총신대입구,14989,16378,31367
20211030,4호선,동작,1659,1788,3447
20211030,4호선,이촌,6433,7216,13649
20211030,4호선,신용산,10365,11046,21411
20211030,4호선,삼각지,3797,5422,9219
20211030,4호선,숙대입구,9089,8662,17751
20211030,4호선,서울역,5704,13266,18970
20211030,4호선,회현,17727,19429,37156
20211030,4호선,명동,15558,17715,33273
20211030,4호선,충무로,14948,15819,30767
20211030,4호선,혜화,28407,29624,58031
20211030,5호선,광나루,11220,10671,21891
20211030,7호선,뚝섬유원지,9613,9012,18625
20211030,5호선,강동,12891,12184,25075
20211030,6호선,봉화산,5552,5286,10838
20211030,6호선,화랑대,8477,6882,15359
20211030,6호선,태릉입구,4526,4897,9423
20211030,중앙선,원덕,516,573,1089
20211030,6호선,상월곡,4268,3706,7974
20211030,6호선,월곡,8060,7645,15705
20211030,6호선,고려대,5691,5311,11002
20211030,6호선,안암,6951,6740,13691
20211030,6호선,보문,5308,4625,9933
20211030,6호선,창신,2190,1825,4015
20211030,6호선,동묘앞,7830,7368,15198
20211030,6호선,신당,6253,5651,11904
20211030,6호선,청구,2574,2458,5032
20211030,6호선,약수,2548,2956,5504
20211030,6호선,버티고개,1273,1102,2375
20211030,7호선,장암,1722,1191,2913
20211030,6호선,한강진,9189,10580,19769
20211030,7호선,도봉산,7605,10606,18211
20211030,7호선,마들,9744,9042,18786
20211030,7호선,건대입구,10732,11051,21783
20211030,7호선,어린이대공원,9805,9436,19241
20211030,7호선,군자,10705,8225,18930
20211030,7호선,중곡,7161,6723,13884
20211030,7호선,용마산,4648,4855,9503
20211030,7호선,사가정,12482,11971,24453
20211030,7호선,면목,11257,10833,22090
20211030,7호선,상봉,13246,12695,25941
20211030,7호선,중화,7651,7400,15051
20211030,7호선,먹골,8305,7909,16214
20211030,7호선,태릉입구,6952,6432,13384
20211030,7호선,공릉,9669,9262,18931
20211030,7호선,하계,12796,11580,24376
20211030,7호선,중계,9886,8841,18727
20211030,7호선,노원,15839,16420,32259
20211030,7호선,수락산,10498,10318,20816
20211030,5호선,천호,17464,16263,33727
20211030,6호선,이태원,27566,31654,59220
20211030,6호선,삼각지,6648,4933,11581
20211030,5호선,하남풍산,2803,2809,5612
20211030,5호선,미사,12301,12071,24372
20211030,5호선,강일,2906,2619,5525
20211030,5호선,마천,4641,4751,9392
20211030,5호선,거여,5848,5554,11402
20211030,5호선,개롱,4551,4728,9279
20211030,5호선,오금,2408,2185,4593
20211030,5호선,방이,5447,5214,10661
20211030,5호선,올림픽공원,4042,3889,7931
20211030,5호선,둔촌동,6453,6428,12881
20211030,5호선,상일동,9861,9058,18919
20211030,5호선,고덕,6766,6657,13423
20211030,5호선,명일,6368,6281,12649
20211030,5호선,굽은다리,7473,6922,14395
20211030,5호선,길동,5910,6171,12081
20211030,5호선,하남시청,5030,4943,9973
20211030,6호선,녹사평,8470,6978,15448
20211030,5호선,하남검단산,5441,5551,10992
20211030,6호선,역촌,2592,3098,5690
20211030,6호선,효창공원앞,4757,4268,9025
20211030,6호선,공덕,10799,10320,21119
20211030,6호선,대흥,5618,5629,11247
20211030,6호선,광흥창,5497,5079,10576
20211030,6호선,상수,8670,10025,18695
20211030,6호선,합정,13649,12608,26257
20211030,6호선,망원,13080,14627,27707
20211030,6호선,마포구청,10116,8676,18792
20211030,6호선,월드컵경기장,6739,7460,14199
20211030,6호선,디지털미디어시티,7487,7443,14930
20211030,6호선,증산,7635,7392,15027
20211030,6호선,새절,9210,8502,17712
20211030,6호선,구산,5602,4127,9729
20211030,6호선,독바위,2166,2446,4612
20211030,6호선,불광,3779,3648,7427
20211030,6호선,응암,12896,12798,25694
20211030,3호선,양재,21048,22942,43990
20211030,중앙선,오빈,322,366,688
20211030,3호선,고속터미널,46367,47957,94324
20211030,수인선,인천,1262,2194,3456
20211030,안산선,산본,13094,13663,26757
20211030,안산선,대야미,4157,3674,7831
20211030,안산선,반월,3416,3324,6740
20211030,안산선,상록수,12462,12443,24905
20211030,안산선,한대앞,7616,7467,15083
20211030,수인선,신포,1518,1507,3025
20211030,안산선,중앙,16297,16651,32948
20211030,안산선,초지,3540,3539,7079
20211030,안산선,안산,9590,9790,19380
20211030,안산선,신길온천,1521,1393,2914
20211030,안산선,정왕,6490,6565,13055
20211030,안산선,오이도,7924,8201,16125
20211030,안산선,수리산,3036,2897,5933
20211030,안산선,고잔,6666,6669,13335
20211030,수인선,숭의,2778,2587,5365
20211030,수인선,인하대,4584,4249,8833
20211030,일산선,정발산,6512,6788,13300
20211030,1호선,종각,19327,17398,36725
20211030,1호선,시청,12330,12974,25304
20211030,1호선,동묘앞,11568,11989,23557
20211030,1호선,서울역,32921,33877,66798
20211030,6호선,석계,9291,9308,18599
20211030,경원선,덕정,4579,4302,8881
20211030,우이신설선,보문,1092,1132,2224
20211030,우이신설선,신설동,1379,1353,2732
20211030,일산선,원흥,7589,7225,14814
20211030,일산선,삼송,14298,14147,28445
20211030,일산선,원당,8577,8236,16813
20211030,일산선,화정,13430,13685,27115
20211030,일산선,대곡,1443,1277,2720
20211030,일산선,백석,7654,7710,15364
20211030,일산선,마두,5168,5254,10422
20211030,우이신설선,북한산우이,4532,4468,9000
20211030,우이신설선,솔밭공원,1754,1692,3446
20211030,우이신설선,4.19민주묘지,2598,2174,4772
20211030,우이신설선,가오리,2988,2775,5763
20211030,중앙선,망우,6618,6466,13084
20211030,중앙선,양원,1394,1409,2803
20211030,중앙선,구리,10935,11088,22023
20211030,중앙선,도농,7564,7262,14826
20211030,중앙선,양정,732,700,1432
20211030,중앙선,덕소,4960,4962,9922
20211030,중앙선,도심,1669,1450,3119
20211030,중앙선,팔당,1669,1881,3550
20211030,중앙선,운길산,1566,1511,3077
20211030,중앙선,양수,2517,2505,5022
20211030,중앙선,신원,270,252,522
20211030,중앙선,국수,776,842,1618
20211030,중앙선,아신,739,770,1509
20211030,7호선,청담,11347,12196,23543
20211030,중앙선,양평,2982,3421,6403
20211030,중앙선,상봉,5409,5275,10684
20211030,1호선,종로3가,23632,21596,45228
20211030,중앙선,중랑,4544,4267,8811
20211030,장항선,신창,1382,1252,2634
20211030,우이신설선,화계,2547,2257,4804
20211030,우이신설선,삼양,1543,1586,3129
20211030,우이신설선,삼양사거리,1929,1920,3849
20211030,우이신설선,솔샘,4001,3543,7544
20211030,우이신설선,북한산보국문,4758,4257,9015
20211030,우이신설선,정릉,3660,2976,6636
20211030,우이신설선,성신여대입구,2862,3243,6105
20211030,일산선,주엽,6951,6746,13697
20211030,일산선,대화,9722,8740,18462
20211030,장항선,봉명,763,681,1444
20211030,장항선,쌍용,1665,1490,3155
20211030,장항선,아산,3320,3106,6426
20211030,장항선,탕정,600,613,1213
20211030,장항선,배방,1196,1085,2281
20211030,장항선,온양온천,4209,4245,8454
20211030,중앙선,회기,20583,19393,39976
20211030,1호선,종로5가,18610,18802,37412
20211030,1호선,동대문,10856,10139,20995
20211030,1호선,신설동,9538,9187,18725
20211030,3호선,지축,3193,2933,6126
20211030,2호선,용두,1709,1687,3396
20211030,2호선,신정네거리,7912,7843,15755
20211030,2호선,양천구청,4876,4991,9867
20211030,2호선,도림천,802,850,1652
20211030,2호선,신설동,3154,3076,6230
20211030,2호선,신답,1058,1037,2095
20211030,2호선,용답,2234,2113,4347
20211030,2호선,충정로,5580,5976,11556
20211030,2호선,아현,7585,7005,14590
20211030,2호선,이대,10835,11249,22084
20211030,2호선,신촌,29423,30064,59487
20211030,2호선,홍대입구,64173,69749,133922
20211030,2호선,합정,28921,30678,59599
20211030,2호선,당산,13345,14683,28028
20211030,3호선,구파발,17095,16790,33885
20211030,2호선,영등포구청,12872,13259,26131
20211030,3호선,연신내,30930,28649,59579
20211030,3호선,녹번,10495,9011,19506
20211030,3호선,잠원,3665,3599,7264
20211030,3호선,신사,24821,25986,50807
20211030,3호선,압구정,24389,25661,50050
20211030,3호선,옥수,7231,7409,14640
20211030,3호선,금호,5966,5373,11339
20211030,3호선,약수,9303,8734,18037
20211030,3호선,동대입구,7463,8393,15856
20211030,3호선,충무로,1,0,1
20211030,3호선,을지로3가,5560,5946,11506
20211030,3호선,종로3가,5963,8551,14514
20211030,3호선,안국,16886,19632,36518
20211030,3호선,경복궁,19781,21545,41326
20211030,3호선,독립문,6042,6741,12783
20211030,3호선,무악재,2730,2910,5640
20211030,3호선,홍제,13287,12402,25689
20211030,3호선,불광,13350,15374,28724
20211030,3호선,남부터미널,20823,20720,41543
20211030,2호선,문래,12229,12832,25061
20211030,2호선,대림,18124,19240,37364
20211030,2호선,구의,16157,15609,31766
20211030,2호선,건대입구,35191,37688,72879
20211030,2호선,성수,19963,22146,42109
20211030,2호선,뚝섬,15416,15385,30801
20211030,2호선,한양대,4305,4374,8679
20211030,2호선,왕십리,13323,11717,25040
20211030,2호선,상왕십리,10168,9617,19785
20211030,2호선,신당,10865,11274,22139
20211030,2호선,동대문역사문화공원,9975,11320,21295
20211030,2호선,을지로4가,7271,7616,14887
20211030,2호선,을지로3가,11308,11035,22343
20211030,2호선,을지로입구,19848,19738,39586
20211030,2호선,시청,9595,8924,18519
20211030,1호선,청량리,18195,18692,36887
20211030,1호선,제기동,15069,15480,30549
20211030,2호선,강변,27869,28422,56291
20211030,2호선,신도림,41644,42476,84120
20211030,2호선,잠실나루,7924,7775,15699
20211030,2호선,잠실새내,16710,17027,33737
20211030,2호선,구로디지털단지,34238,33771,68009
20211030,2호선,신대방,20181,19150,39331
20211030,2호선,신림,50615,47831,98446
20211030,2호선,봉천,17015,15610,32625
20211030,2호선,서울대입구,38219,37105,75324
20211030,2호선,낙성대,22126,20194,42320
20211030,2호선,사당,30865,34375,65240
20211030,2호선,방배,9827,10201,20028
20211030,2호선,서초,10500,8917,19417
20211030,2호선,교대,16670,18591,35261
20211030,2호선,강남,60381,60378,120759
20211030,2호선,역삼,18240,19980,38220
20211030,2호선,선릉,24150,21361,45511
20211030,2호선,삼성,27052,27617,54669
20211030,2호선,종합운동장,5083,5528,10611
20211030,2호선,잠실,69975,66688,136663
20211030,7호선,강남구청,9767,10892,20659
20211030,3호선,교대,6883,4039,10922
20211030,7호선,논현,11263,11958,23221
20211030,경인선,온수,5219,4691,9910
20211030,경인선,도원,2725,2814,5539
20211030,경인선,간석,4432,4241,8673
20211030,경인선,부개,6666,6170,12836
20211030,경인선,소사,7861,7691,15552
20211030,경인선,구일,4812,4499,9311
20211030,경인선,중동,7031,6655,13686
20211030,경인선,인천,4897,4181,9078
20211030,경인선,제물포,7773,7495,15268
20211030,경인선,주안,16021,14135,30156
20211030,경인선,동암,12299,12687,24986
20211030,경인선,백운,5750,5509,11259
20211030,경인선,부평,29361,32026,61387
20211030,경인선,송내,18901,18462,37363
20211030,경인선,동인천,11945,11760,23705
20211030,경인선,도화,3097,2793,5890
20211030,경춘선,신내,1277,1310,2587
20211030,경춘선,갈매,2101,1805,3906
20211030,경춘선,김유정,674,821,1495
20211030,경춘선,강촌,923,944,1867
20211030,경춘선,백양리,137,164,301
20211030,경춘선,굴봉산,200,211,411
20211030,경춘선,가평,3735,4067,7802
20211030,경춘선,상천,487,433,920
20211030,경춘선,청평,1959,2134,4093
20211030,경춘선,대성리,749,721,1470
20211030,경춘선,마석,3482,3506,6988
20211030,경춘선,천마산,1392,1435,2827
20211030,경춘선,평내호평,5145,4891,10036
20211030,경춘선,금곡,1261,1152,2413
20211030,경춘선,사릉,2440,2340,4780
20211030,경춘선,퇴계원,2832,2539,5371
20211030,경춘선,별내,2548,2474,5022
20211030,경인선,부천,29098,29844,58942
20211030,경인선,역곡,20809,20245,41054
20211030,경인선,오류동,9331,8520,17851
20211030,경인선,개봉,16970,16149,33119
20211030,경의선,가좌,4116,3901,8017
20211030,경의선,홍대입구,2015,2557,4572
20211030,경의선,서강대,1707,1634,3341
20211030,경의선,공덕,2737,2112,4849
20211030,경의선,효창공원앞,1789,1969,3758
20211030,경의선,신촌,416,449,865
20211030,경의선,서울역,1387,1704,3091
20211030,경원선,소요산,6410,5978,12388
20211030,경원선,동두천,1817,2294,4111
20211030,경원선,보산,2103,1889,3992
20211030,경원선,동두천중앙,3036,3028,6064
20211030,경원선,지행,5773,5670,11443
20211030,경원선,덕계,2502,2264,4766
20211030,경원선,양주,6757,6582,13339
20211030,경원선,녹양,3627,3423,7050
20211030,경의선,디지털미디어시티,2023,1828,3851
20211030,경춘선,춘천,2643,2374,5017
20211030,경의선,수색,1465,1451,2916
20211030,경의선,강매,2048,1866,3914
20211030,경의선,임진강,96,67,163
20211030,경의선,문산,4773,4565,9338
20211030,경의선,파주,949,694,1643
20211030,경의선,월롱,1493,1465,2958
20211030,경의선,금촌,5687,5370,11057
20211030,경의선,금릉,3978,3818,7796
20211030,경의선,운정,5198,4817,10015
20211030,경의선,야당,5882,5850,11732
20211030,경의선,탄현,5568,5339,10907
20211030,경의선,일산,6510,6105,12615
20211030,경의선,풍산,4603,4394,8997
20211030,경의선,백마,4678,4368,9046
20211030,경의선,곡산,435,458,893
20211030,경의선,능곡,2956,2727,5683
20211030,경의선,행신,5481,5509,10990
20211030,경의선,화전,1212,1060,2272
20211030,공항철도 1호선,서울역,7824,8187,16011
20211030,공항철도 1호선,공덕,1615,2361,3976
20211030,공항철도 1호선,홍대입구,12484,12328,24812
20211030,분당선,수원시청,11431,12459,23890
20211030,분당선,매탄권선,3587,3309,6896
20211030,분당선,망포,9416,8548,17964
20211030,분당선,영통,6518,6496,13014
20211030,분당선,청명,2820,2573,5393
20211030,분당선,상갈,4073,4116,8189
20211030,분당선,기흥,6956,6714,13670
20211030,분당선,신갈,2840,2777,5617
20211030,분당선,구성,3465,3541,7006
20211030,분당선,죽전,11057,12348,23405
20211030,분당선,보정,1740,1602,3342
20211030,분당선,이매,4136,4088,8224
20211030,분당선,오리,7898,6559,14457
20211030,분당선,미금,10917,11273,22190
20211030,분당선,정자,10786,11172,21958
20211030,분당선,매교,2112,2092,4204
20211030,분당선,수내,8744,8236,16980
20211030,수인선,고색,2557,2514,5071
20211030,수인선,어천,758,649,1407
20211030,7호선,학동,10978,11799,22777
20211030,6호선,돌곶이,6150,5618,11768
20211030,중앙선,용문,5425,5753,11178
20211030,중앙선,지평,61,96,157
20211030,수인선,송도,2016,1954,3970
20211030,수인선,연수,3765,3738,7503
20211030,수인선,원인재,3879,4025,7904
20211030,수인선,남동인더스파크,927,840,1767
20211030,수인선,호구포,2553,2427,4980
20211030,수인선,인천논현,4382,4554,8936
20211030,수인선,소래포구,7842,8026,15868
20211030,수인선,월곶,2118,2095,4213
20211030,수인선,달월,72,84,156
20211030,수인선,사리,3586,3029,6615
20211030,수인선,야목,281,248,529
20211030,수인선,오목천,2108,1882,3990
20211030,경원선,가능,5233,5001,10234
20211030,분당선,서현,18271,18350,36621
20211030,분당선,모란,16039,16220,32259
20211030,과천선,과천,4510,4024,8534
20211030,과천선,대공원,9508,9925,19433
20211030,과천선,경마공원,1417,1352,2769
20211030,과천선,선바위,5407,4788,10195
20211030,공항철도 1호선,영종,3154,3185,6339
20211030,공항철도 1호선,인천공항2터미널,1915,1702,3617
20211030,공항철도 1호선,인천공항1터미널,3601,3485,7086
20211030,공항철도 1호선,공항화물청사,1276,1331,2607
20211030,공항철도 1호선,운서,6090,6195,12285
20211030,공항철도 1호선,청라국제도시,4426,4177,8603
20211030,공항철도 1호선,검암,4731,4847,9578
20211030,공항철도 1호선,계양,7356,6736,14092
20211030,공항철도 1호선,김포공항,11940,6210,18150
20211030,공항철도 1호선,마곡나루,3534,3840,7374
20211030,공항철도 1호선,디지털미디어시티,5625,5345,10970
20211030,과천선,정부과천청사,6310,6372,12682
20211030,분당선,야탑,17714,18540,36254
20211030,과천선,인덕원,16324,16079,32403
20211030,과천선,범계,20543,19708,40251
20211030,분당선,태평,10633,9961,20594
20211030,분당선,가천대,6359,6642,13001
20211030,분당선,선정릉,3651,3881,7532
20211030,분당선,강남구청,5315,6699,12014
20211030,분당선,압구정로데오,19042,21799,40841
20211030,분당선,서울숲,10229,11127,21356
20211030,분당선,수원,7562,5533,13095
20211030,분당선,복정,2,0,2
20211030,분당선,수서,10620,10747,21367
20211030,분당선,대모산입구,3036,2874,5910
20211030,분당선,개포동,2612,2601,5213
20211030,분당선,구룡,1901,1714,3615
20211030,분당선,도곡,4631,4062,8693
20211030,분당선,한티,11983,11599,23582
20211030,분당선,선릉,5113,8159,13272
20211030,과천선,평촌,9655,9625,19280
20211030,경원선,의정부,17409,18581,35990
20211030,경춘선,남춘천,3036,3496,6532
20211030,경원선,망월사,6009,6212,12221
20211030,9호선,염창,12233,10977,23210
20211030,9호선,등촌,7522,7161,14683
20211030,9호선,증미,4343,4260,8603
20211030,9호선,가양,14087,13286,27373
20211030,9호선,양천향교,5823,5630,11453
20211030,9호선,마곡나루,8562,8301,16863
20211030,9호선,신방화,4726,4424,9150
20211030,9호선,공항시장,2317,2465,4782
20211030,9호선,김포공항,7899,12421,20320
20211030,9호선,개화,1571,1327,2898
20211030,8호선,모란,3571,3172,6743
20211030,8호선,수진,4209,3690,7899
20211030,8호선,신흥,3486,3559,7045
20211030,8호선,단대오거리,7503,6933,14436
20211030,8호선,남한산성입구,9450,8372,17822
20211030,9호선,신목동,2633,2211,4844
20211030,8호선,복정,7584,6555,14139
20211030,9호선,선유도,4028,4092,8120
20211030,9호선,국회의사당,4216,4403,8619
20211030,9호선2~3단계,봉은사,9723,10346,20069
20211030,9호선2~3단계,삼성중앙,3010,2997,6007
20211030,9호선2~3단계,선정릉,5149,5956,11105
20211030,9호선2~3단계,언주,6454,6481,12935
20211030,9호선,신논현,25609,25052,50661
20211030,9호선,사평,2217,2067,4284
20211030,9호선,고속터미널,12396,17855,30251
20211030,9호선,신반포,2511,2557,5068
20211030,9호선,구반포,1719,1782,3501
20211030,9호선,동작,1645,1327,2972
20211030,9호선,흑석,5557,5564,11121
20211030,9호선,노들,3383,2888,6271
20211030,9호선,노량진,21559,21312,42871
20211030,9호선,샛강,2516,2565,5081
20211030,9호선,여의도,11503,10924,22427
20211030,9호선,당산,12812,12135,24947
20211030,9호선2~3단계,종합운동장,3072,2682,5754
20211030,8호선,장지,12323,11402,23725
20211030,8호선,가락시장,5408,5619,11027
20211030,7호선,철산,15102,15119,30221
20211030,7호선,가산디지털단지,15033,13819,28852
20211030,7호선,남구로,8190,8496,16686
20211030,7호선,대림,6858,7411,14269
20211030,7호선,신풍,8320,7959,16279
20211030,7호선,보라매,6711,6367,13078
20211030,7호선,신대방삼거리,11111,10375,21486
20211030,7호선,장승배기,6732,6470,13202
20211030,7호선,상도,7477,6940,14417
20211030,7호선,숭실대입구,8667,8349,17016
20211030,7호선,남성,7590,7058,14648
20211030,7호선,이수,12285,11246,23531
20211030,7호선,내방,7778,7694,15472
20211030,7호선,고속터미널,14412,11138,25550
20211030,경원선,회룡,10107,10227,20334
20211030,7호선,광명사거리,16820,16564,33384
20211030,8호선,문정,8777,8947,17724
20211030,7호선,천왕,6842,6458,13300
20211030,7호선,까치울,5752,5838,11590
20211030,8호선,송파,5364,5390,10754
20211030,8호선,석촌,5853,7195,13048
20211030,8호선,잠실,12728,15464,28192
20211030,8호선,몽촌토성,6110,6103,12213
20211030,8호선,강동구청,6187,6148,12335
20211030,8호선,천호,12252,14449,26701
20211030,8호선,암사,12501,11398,23899
20211030,7호선,부평구청,4988,4481,9469
20211030,7호선,굴포천,6723,6767,13490
20211030,7호선,삼산체육관,3885,3557,7442
20211030,7호선,상동,11094,11390,22484
20211030,7호선,부천시청,10001,9743,19744
20211030,7호선,신중동,9724,9643,19367
20211030,7호선,춘의,5135,4883,10018
20211030,7호선,부천종합운동장,3210,2924,6134
20211030,7호선,온수,5756,5708,11464
20211030,9호선2~3단계,삼전,4801,4551,9352
20211030,8호선,산성,5012,5069,10081
20211030,7호선,반포,4313,4179,8492
20211030,경부선,천안,6997,7292,14289
20211030,경부선,두정,5860,6151,12011
20211030,경부선,직산,711,689,1400
20211030,경부선,성환,3254,2958,6212
20211030,경부선,평택,14942,13933,28875
20211030,경부선,평택지제,3224,2987,6211
20211030,경부선,서정리,6863,5666,12529
20211030,경부선,송탄,5015,4454,9469
20211030,경부선,진위,1083,955,2038
20211030,경부선,오산,9589,9035,18624
20211030,경부선,오산대,3099,2852,5951
20211030,경부선,세마,2189,1914,4103
20211030,경부선,병점,13036,13004,26040
20211030,경부선,세류,2598,2527,5125
20211030,경부선,독산,9399,9234,18633
20211030,경부선,당정,4529,4219,8748
20211030,경부선,수원,38382,42331,80713
20211030,경부선,서동탄,1026,1012,2038
20211030,경원선,이촌,3126,2300,5426
20211030,9호선2~3단계,석촌고분,4268,3909,8177
20211030,경원선,도봉,4704,4431,9135
20211030,경원선,방학,7693,7409,15102
20211030,경원선,녹천,3312,2771,6083
20211030,경원선,월계,5317,4736,10053
20211030,경원선,광운대,5776,5654,11430
20211030,경원선,석계,7011,7440,14451
20211030,경원선,신이문,6148,5623,11771
20211030,경원선,외대앞,6125,5871,11996
20211030,경원선,청량리,16839,17593,34432
20211030,경원선,왕십리,13274,14632,27906
20211030,경원선,응봉,1572,1347,2919
20211030,경원선,옥수,36,32,68
20211030,경원선,한남,2888,2667,5555
20211030,경원선,서빙고,1960,2495,4455
20211030,경부선,광명,3026,2824,5850
20211030,경부선,화서,5828,5824,11652
20211030,경원선,도봉산,10944,7658,18602
20211030,경부선,의왕,6136,6066,12202
20211030,경강선,부발,1853,1727,3580
20211030,경강선,이천,2767,2915,5682
20211030,경강선,신둔도예촌,1181,1175,2356
20211030,경강선,곤지암,2125,2329,4454
20211030,경강선,초월,2253,2090,4343
20211030,경강선,경기광주,5441,5208,10649
20211030,경강선,삼동,1533,1429,2962
20211030,경강선,이매,859,646,1505
20211030,경강선,판교,3092,2889,5981
20211030,9호선2~3단계,중앙보훈병원,4704,4476,9180
20211030,9호선2~3단계,둔촌오륜,655,621,1276
20211030,9호선2~3단계,올림픽공원,7289,7825,15114
20211030,9호선2~3단계,한성백제,2563,2142,4705
20211030,9호선2~3단계,송파나루,4114,4416,8530
20211030,경부선,성균관대,10899,10799,21698
20211030,경강선,세종대왕릉,339,442,781
20211030,경강선,여주,2574,2912,5486
20211030,9호선2~3단계,석촌,6962,5719,12681
20211030,경부선,남영,5923,6125,12048
20211030,경부선,군포,4425,4089,8514
20211030,경부선,금정,19149,18815,37964
20211030,경부선,명학,5194,5025,10219
20211030,경부선,안양,18094,18088,36182
20211030,경부선,서울역,6910,1903,8813
20211030,경부선,석수,7209,6679,13888
20211030,경부선,금천구청,8907,8696,17603
20211030,경부선,관악,6302,5915,12217
20211030,경부선,구로,13675,14101,27776
20211030,경부선,신길,6580,5549,12129
20211030,경부선,신도림,3178,3363,6541
20211030,경부선,영등포,37477,39348,76825
20211030,경부선,대방,8064,8279,16343
20211030,경부선,노량진,9098,8426,17524
20211030,경부선,용산,35179,37587,72766
20211030,경부선,가산디지털단지,6588,8763,15351
20211031,5호선,왕십리,2652,3043,5695
20211031,5호선,행당,3946,3543,7489
20211031,5호선,신금호,2972,3253,6225
20211031,5호선,청구,1746,1711,3457
20211031,5호선,동대문역사문화공원,685,787,1472
20211031,5호선,을지로4가,1533,1634,3167
20211031,5호선,여의나루,11375,11863,23238
20211031,5호선,광화문,12635,12240,24875
20211031,5호선,서대문,5188,5261,10449
20211031,5호선,충정로,1428,1453,2881
20211031,5호선,애오개,2541,2583,5124
20211031,5호선,공덕,4747,4798,9545
20211031,5호선,마포,4610,4579,9189
20211031,5호선,거여,4143,4053,8196
20211031,5호선,종로3가,9749,8706,18455
20211031,5호선,마장,2866,2737,5603
20211031,5호선,굽은다리,5417,5253,10670
20211031,5호선,장한평,7743,7711,15454
20211031,5호선,여의도,7826,7917,15743
20211031,5호선,개롱,3084,3348,6432
20211031,5호선,오금,1602,1555,3157
20211031,5호선,방이,3982,3899,7881
20211031,5호선,올림픽공원,3256,3301,6557
20211031,5호선,둔촌동,4437,4463,8900
20211031,5호선,상일동,6793,6679,13472
20211031,5호선,고덕,4629,4484,9113
20211031,5호선,명일,4951,4913,9864
20211031,5호선,길동,4105,4271,8376
20211031,5호선,강동,8878,8879,17757
20211031,5호선,천호,12944,11914,24858
20211031,5호선,광나루,8560,8615,17175
20211031,5호선,아차산,11118,10944,22062
20211031,5호선,군자,6168,6804,12972
20211031,5호선,답십리,7269,6779,14048
20211031,5호선,신길,1819,2058,3877
20211031,4호선,노원,11576,12282,23858
20211031,5호선,영등포구청,1428,1380,2808
20211031,4호선,총신대입구,10798,11719,22517
20211031,4호선,동작,1388,1450,2838
20211031,4호선,이촌,4590,5232,9822
20211031,4호선,신용산,8221,8442,16663
20211031,4호선,삼각지,2578,3618,6196
20211031,4호선,숙대입구,7144,6908,14052
20211031,4호선,서울역,4204,10185,14389
20211031,4호선,회현,8602,8998,17600
20211031,4호선,명동,12228,12097,24325
20211031,4호선,충무로,10028,10150,20178
20211031,4호선,동대문역사문화공원,8380,8208,16588
20211031,4호선,동대문,6850,7394,14244
20211031,4호선,혜화,23267,23987,47254
20211031,4호선,한성대입구,7847,8107,15954
20211031,5호선,마천,3570,3921,7491
20211031,4호선,사당,15219,14181,29400
20211031,5호선,영등포시장,4669,4940,9609
20211031,4호선,남태령,713,559,1272
20211031,4호선,상계,10363,9668,20031
20211031,5호선,양평,2619,2619,5238
20211031,5호선,오목교,11451,11805,23256
20211031,5호선,목동,7573,7789,15362
20211031,5호선,신정,6216,5726,11942
20211031,5호선,까치산,15339,14945,30284
20211031,5호선,화곡,14240,13560,27800
20211031,5호선,우장산,6656,6961,13617
20211031,5호선,발산,9196,9560,18756
20211031,5호선,마곡,3471,3505,6976
20211031,5호선,송정,3579,3663,7242
20211031,5호선,김포공항,6891,6565,13456
20211031,5호선,개화산,2762,2898,5660
20211031,5호선,방화,3595,3572,7167
20211031,4호선,쌍문,15804,14100,29904
20211031,4호선,창동,14362,15276,29638
20211031,4호선,당고개,7563,7095,14658
20211031,5호선,강일,2104,1939,4043
20211031,7호선,장승배기,4597,4518,9115
20211031,5호선,하남풍산,2273,2247,4520
20211031,7호선,면목,8062,7879,15941
20211031,7호선,상봉,9691,9105,18796
20211031,7호선,중화,5492,5394,10886
20211031,7호선,먹골,5691,5600,11291
20211031,7호선,태릉입구,5007,4762,9769
20211031,7호선,공릉,6433,6548,12981
20211031,7호선,하계,9215,8879,18094
20211031,7호선,중계,6974,6480,13454
20211031,7호선,노원,10759,11002,21761
20211031,7호선,마들,6157,5753,11910
20211031,7호선,수락산,8430,8456,16886
20211031,7호선,도봉산,6809,9957,16766
20211031,7호선,장암,1489,1115,2604
20211031,6호선,봉화산,4048,3979,8027
20211031,6호선,화랑대,5442,4530,9972
20211031,7호선,사가정,9321,9094,18415
20211031,6호선,태릉입구,3308,3468,6776
20211031,7호선,용마산,3265,3632,6897
20211031,7호선,군자,7655,6124,13779
20211031,4호선,성신여대입구,12392,11712,24104
20211031,7호선,상도,5168,5181,10349
20211031,7호선,숭실대입구,5605,6024,11629
20211031,7호선,남성,5263,5155,10418
20211031,7호선,이수,8352,8054,16406
20211031,7호선,내방,4971,5118,10089
20211031,7호선,고속터미널,13183,8152,21335
20211031,7호선,반포,2799,2730,5529
20211031,7호선,논현,5863,6143,12006
20211031,7호선,학동,6117,6504,12621
20211031,7호선,강남구청,5918,6350,12268
20211031,7호선,청담,6657,7218,13875
20211031,7호선,뚝섬유원지,7928,7129,15057
20211031,7호선,건대입구,8021,8377,16398
20211031,7호선,어린이대공원,8520,8597,17117
20211031,7호선,중곡,5204,4971,10175
20211031,5호선,미사,8748,8584,17332
20211031,6호선,석계,6594,6768,13362
20211031,6호선,상월곡,3254,3047,6301
20211031,6호선,합정,9738,8880,18618
20211031,6호선,망원,9598,10226,19824
20211031,6호선,마포구청,7481,6594,14075
20211031,6호선,월드컵경기장,6280,6984,13264
20211031,6호선,디지털미디어시티,5253,5427,10680
20211031,6호선,증산,5509,5640,11149
20211031,6호선,새절,6491,6324,12815
20211031,6호선,구산,3856,2917,6773
20211031,6호선,연신내,1,0,1
20211031,6호선,독바위,1673,2049,3722
20211031,6호선,불광,2937,2812,5749
20211031,6호선,역촌,1993,2324,4317
20211031,6호선,응암,9636,9644,19280
20211031,5호선,하남검단산,4327,4437,8764
20211031,5호선,하남시청,3783,3580,7363
20211031,6호선,상수,6345,7198,13543
20211031,6호선,돌곶이,4457,4313,8770
20211031,6호선,광흥창,4115,3994,8109
20211031,6호선,공덕,7165,7056,14221
20211031,6호선,월곡,5897,5677,11574
20211031,6호선,고려대,3966,4059,8025
20211031,6호선,안암,4985,5393,10378
20211031,6호선,보문,3961,3839,7800
20211031,6호선,창신,1705,1584,3289
20211031,6호선,동묘앞,6403,6088,12491
20211031,6호선,신당,4340,4968,9308
20211031,6호선,청구,1696,1617,3313
20211031,6호선,약수,1790,1985,3775
20211031,6호선,버티고개,933,806,1739
20211031,6호선,한강진,6178,7241,13419
20211031,6호선,이태원,22451,22685,45136
20211031,6호선,녹사평,5252,4477,9729
20211031,6호선,삼각지,4245,3140,7385
20211031,6호선,효창공원앞,3308,2995,6303
20211031,6호선,대흥,3906,3936,7842
20211031,4호선,길음,10103,10031,20134
20211031,1호선,청량리,13011,13412,26423
20211031,4호선,미아,7721,7372,15093
20211031,분당선,수서,8388,7908,16296
20211031,분당선,수원,5837,4403,10240
20211031,분당선,서울숲,8394,8924,17318
20211031,분당선,압구정로데오,10974,11980,22954
20211031,분당선,강남구청,3232,3941,7173
20211031,분당선,선정릉,2270,2352,4622
20211031,분당선,가천대,3921,4642,8563
20211031,분당선,태평,7964,7434,15398
20211031,분당선,모란,10958,11107,22065
20211031,분당선,야탑,12894,13280,26174
20211031,분당선,서현,13489,13528,27017
20211031,분당선,수내,5790,5661,11451
20211031,분당선,정자,7351,7812,15163
20211031,분당선,미금,7126,7460,14586
20211031,분당선,오리,5123,4523,9646
20211031,분당선,대모산입구,1946,1930,3876
20211031,분당선,이매,2991,3194,6185
20211031,분당선,개포동,1762,1866,3628
20211031,분당선,도곡,2843,2579,5422
20211031,2호선,한양대,2299,2640,4939
20211031,2호선,왕십리,9452,8680,18132
20211031,2호선,상왕십리,6873,6874,13747
20211031,2호선,신당,8429,8960,17389
20211031,2호선,동대문역사문화공원,7468,9054,16522
20211031,2호선,을지로4가,3449,3257,6706
20211031,2호선,을지로3가,8148,7614,15762
20211031,2호선,을지로입구,15156,13873,29029
20211031,과천선,과천,3425,3083,6508
20211031,과천선,정부과천청사,4521,4807,9328
20211031,과천선,인덕원,11776,11736,23512
20211031,과천선,평촌,6761,6685,13446
20211031,과천선,범계,14847,14433,29280
20211031,분당선,선릉,2837,4303,7140
20211031,분당선,한티,8240,7975,16215
20211031,분당선,구룡,720,811,1531
20211031,2호선,뚝섬,11258,11119,22377
20211031,분당선,보정,1238,1221,2459
20211031,분당선,구성,2495,2573,5068
20211031,수인선,호구포,1905,1981,3886
20211031,수인선,남동인더스파크,574,571,1145
20211031,수인선,원인재,3001,3121,6122
20211031,수인선,연수,2978,2903,5881
20211031,수인선,송도,1624,1606,3230
20211031,수인선,인하대,3392,3171,6563
20211031,수인선,숭의,2039,1928,3967
20211031,수인선,신포,1226,1181,2407
20211031,수인선,인천,1388,2029,3417
20211031,안산선,산본,9300,9653,18953
20211031,안산선,대야미,3152,2806,5958
20211031,우이신설선,신설동,1256,1233,2489
20211031,일산선,원흥,5341,5168,10509
20211031,일산선,삼송,11019,10617,21636
20211031,7호선,신대방삼거리,7565,7620,15185
20211031,수인선,인천논현,2990,3048,6038
20211031,분당선,죽전,8746,9726,18472
20211031,수인선,소래포구,6878,6790,13668
20211031,수인선,달월,49,51,100
20211031,분당선,신갈,1942,2062,4004
20211031,분당선,기흥,5242,4811,10053
20211031,분당선,상갈,3164,3137,6301
20211031,분당선,청명,2002,2064,4066
20211031,분당선,영통,4559,4573,9132
20211031,분당선,망포,6491,6697,13188
20211031,분당선,매탄권선,2535,2508,5043
20211031,분당선,수원시청,7642,7614,15256
20211031,분당선,매교,1416,1562,2978
20211031,수인선,고색,1636,1753,3389
20211031,2호선,시청,6953,6038,12991
20211031,수인선,오목천,1533,1512,3045
20211031,수인선,어천,570,670,1240
20211031,수인선,야목,199,185,384
20211031,수인선,사리,2632,2195,4827
20211031,수인선,월곶,1720,1663,3383
20211031,4호선,미아사거리,16061,15496,31557
20211031,2호선,성수,14153,15759,29912
20211031,2호선,구의,11326,11423,22749
20211031,3호선,금호,4195,3981,8176
20211031,3호선,약수,6561,6349,12910
20211031,3호선,동대입구,5381,6384,11765
20211031,3호선,충무로,1,0,1
20211031,3호선,을지로3가,3416,3219,6635
20211031,3호선,종로3가,4169,5425,9594
20211031,3호선,안국,12768,14138,26906
20211031,3호선,경복궁,15230,16434,31664
20211031,3호선,독립문,4459,5162,9621
20211031,3호선,무악재,1910,2085,3995
20211031,3호선,홍제,9304,8887,18191
20211031,3호선,녹번,7266,6691,13957
20211031,3호선,불광,10071,11930,22001
20211031,3호선,연신내,22091,20906,42997
20211031,3호선,구파발,12713,13040,25753
20211031,3호선,옥수,5160,5307,10467
20211031,3호선,지축,2228,2090,4318
20211031,3호선,압구정,12838,13288,26126
20211031,3호선,잠원,2268,2258,4526
20211031,4호선,수유,19552,18746,38298
20211031,3호선,오금,2682,2651,5333
20211031,3호선,경찰병원,2678,2759,5437
20211031,3호선,가락시장,3898,4056,7954
20211031,3호선,수서,10298,10313,20611
20211031,3호선,일원,3127,3297,6424
20211031,3호선,대청,4053,3945,7998
20211031,3호선,학여울,1692,1843,3535
20211031,3호선,대치,5782,5105,10887
20211031,3호선,도곡,1975,2152,4127
20211031,3호선,매봉,4259,4214,8473
20211031,3호선,양재,13500,15626,29126
20211031,3호선,남부터미널,14842,15468,30310
20211031,3호선,교대,4189,2519,6708
20211031,3호선,고속터미널,39882,36836,76718
20211031,3호선,신사,13961,14075,28036
20211031,2호선,건대입구,27632,28507,56139
20211031,2호선,용두,1121,1137,2258
20211031,2호선,양천구청,3414,3488,6902
20211031,2호선,서울대입구,27414,28535,55949
20211031,2호선,낙성대,15638,16186,31824
20211031,2호선,사당,21870,24310,46180
20211031,2호선,방배,6501,6957,13458
20211031,2호선,서초,9922,9291,19213
20211031,2호선,교대,10300,11338,21638
20211031,2호선,강남,35888,34675,70563
20211031,2호선,역삼,10909,12147,23056
20211031,2호선,선릉,13499,11539,25038
20211031,2호선,삼성,19838,19529,39367
20211031,2호선,종합운동장,3706,3838,7544
20211031,2호선,잠실새내,10734,10969,21703
20211031,2호선,잠실,54985,50559,105544
20211031,2호선,잠실나루,5481,5764,11245
20211031,2호선,강변,23076,21854,44930
20211031,2호선,봉천,11985,11684,23669
20211031,2호선,신정네거리,5182,5336,10518
20211031,2호선,신림,36634,36238,72872
20211031,2호선,구로디지털단지,23613,23126,46739
20211031,2호선,도림천,435,459,894
20211031,2호선,신설동,2948,3028,5976
20211031,2호선,신답,745,801,1546
20211031,2호선,용답,1704,1790,3494
20211031,2호선,충정로,3796,4097,7893
20211031,2호선,아현,5125,5290,10415
20211031,2호선,이대,7190,7806,14996
20211031,2호선,신촌,21883,21438,43321
20211031,2호선,홍대입구,51690,51428,103118
20211031,2호선,합정,20553,21506,42059
20211031,2호선,당산,9163,9788,18951
20211031,2호선,영등포구청,8538,8961,17499
20211031,2호선,문래,8408,8728,17136
20211031,2호선,신도림,28880,29664,58544
20211031,2호선,대림,14736,15019,29755
20211031,2호선,신대방,14973,14883,29856
20211031,7호선,보라매,4169,4184,8353
20211031,경원선,소요산,7960,7218,15178
20211031,7호선,대림,6994,6470,13464
20211031,경춘선,대성리,741,544,1285
20211031,경춘선,마석,2745,2653,5398
20211031,경춘선,천마산,1150,1180,2330
20211031,경춘선,평내호평,3787,3500,7287
20211031,경춘선,금곡,926,895,1821
20211031,경춘선,사릉,1873,1841,3714
20211031,경춘선,청평,2096,1525,3621
20211031,경춘선,퇴계원,2283,2059,4342
20211031,경춘선,갈매,1548,1418,2966
20211031,경춘선,신내,988,1034,2022
20211031,경인선,도화,2450,2344,4794
20211031,경인선,중동,5258,4927,10185
20211031,경인선,온수,3750,3671,7421
20211031,경인선,도원,1626,1681,3307
20211031,경춘선,별내,1995,1834,3829
20211031,경춘선,상천,514,346,860
20211031,경춘선,가평,5243,3934,9177
20211031,경춘선,굴봉산,235,192,427
20211031,공항철도 1호선,운서,5087,5325,10412
20211031,공항철도 1호선,청라국제도시,3338,3190,6528
20211031,공항철도 1호선,검암,3693,3878,7571
20211031,공항철도 1호선,계양,5388,5260,10648
20211031,공항철도 1호선,김포공항,11999,5999,17998
20211031,공항철도 1호선,마곡나루,2361,2809,5170
20211031,공항철도 1호선,디지털미디어시티,3802,3749,7551
20211031,공항철도 1호선,홍대입구,10460,9590,20050
20211031,공항철도 1호선,공덕,1232,1659,2891
20211031,공항철도 1호선,서울역,7894,7085,14979
20211031,경춘선,춘천,2637,1931,4568
20211031,경춘선,남춘천,2868,2948,5816
20211031,경춘선,김유정,573,648,1221
20211031,경춘선,강촌,1052,786,1838
20211031,경춘선,백양리,180,144,324
20211031,경인선,간석,3249,3096,6345
20211031,경인선,부개,4712,4382,9094
20211031,경인선,소사,5819,5758,11577
20211031,경인선,구일,3278,3259,6537
20211031,경의선,운정,3792,3740,7532
20211031,경의선,야당,4610,4369,8979
20211031,경의선,탄현,4376,4039,8415
20211031,경의선,일산,4879,4595,9474
20211031,경의선,풍산,3684,3467,7151
20211031,경의선,백마,3580,3348,6928
20211031,경의선,곡산,335,337,672
20211031,경의선,능곡,2296,2182,4478
20211031,경의선,행신,4450,4318,8768
20211031,경의선,강매,1455,1345,2800
20211031,경의선,화전,843,846,1689
20211031,경의선,수색,921,965,1886
20211031,경의선,디지털미디어시티,1381,1357,2738
20211031,경의선,가좌,2854,2948,5802
20211031,경의선,홍대입구,1724,1980,3704
20211031,경의선,금릉,2895,2898,5793
20211031,공항철도 1호선,공항화물청사,976,1077,2053
20211031,경의선,금촌,4254,4348,8602
20211031,경의선,파주,669,586,1255
20211031,경인선,인천,4459,3657,8116
20211031,경인선,동인천,9615,9077,18692
20211031,경인선,제물포,5536,5407,10943
20211031,경인선,주안,11799,10449,22248
20211031,경인선,동암,9824,9565,19389
20211031,경인선,백운,3967,3953,7920
20211031,경인선,부평,22992,23626,46618
20211031,경인선,송내,13551,13375,26926
20211031,경인선,부천,22838,22420,45258
20211031,경인선,역곡,14706,14568,29274
20211031,경인선,오류동,7165,6858,14023
20211031,경인선,개봉,12004,12052,24056
20211031,경의선,김포공항,1,0,1
20211031,경의선,임진강,94,65,159
20211031,경의선,문산,3576,3508,7084
20211031,경의선,월롱,930,1847,2777
20211031,공항철도 1호선,인천공항1터미널,3489,3403,6892
20211031,공항철도 1호선,인천공항2터미널,1730,1648,3378
20211031,공항철도 1호선,영종,2552,2513,5065
20211031,장항선,탕정,466,415,881
20211031,장항선,배방,849,961,1810
20211031,장항선,온양온천,3645,3644,7289
20211031,장항선,신창,1068,1667,2735
20211031,중앙선,회기,15741,15698,31439
20211031,중앙선,중랑,3554,3457,7011
20211031,중앙선,상봉,4414,4545,8959
20211031,중앙선,망우,5075,5076,10151
20211031,중앙선,양원,1029,1046,2075
20211031,중앙선,구리,7941,8213,16154
20211031,중앙선,도농,5256,5135,10391
20211031,중앙선,양정,562,462,1024
20211031,중앙선,덕소,3539,3461,7000
20211031,중앙선,도심,1235,1148,2383
20211031,중앙선,팔당,1436,1528,2964
20211031,장항선,아산,3778,2392,6170
20211031,중앙선,운길산,1473,1366,2839
20211031,장항선,쌍용,1221,1334,2555
20211031,일산선,대화,6665,6178,12843
20211031,1호선,제기동,9959,10367,20326
20211031,1호선,동대문,9483,10138,19621
20211031,1호선,종로5가,9155,9140,18295
20211031,1호선,종로3가,15499,13106,28605
20211031,1호선,종각,13598,11352,24950
20211031,1호선,시청,9057,9095,18152
20211031,1호선,동묘앞,13055,13513,26568
20211031,1호선,서울역,29039,26889,55928
20211031,일산선,원당,6341,6239,12580
20211031,일산선,화정,10004,10077,20081
20211031,일산선,대곡,1103,889,1992
20211031,일산선,백석,5648,5526,11174
20211031,일산선,마두,3628,3652,7280
20211031,일산선,정발산,5395,5331,10726
20211031,일산선,주엽,4773,4637,9410
20211031,장항선,봉명,542,534,1076
20211031,경의선,서강대,1281,1375,2656
20211031,중앙선,양수,2336,2037,4373
20211031,중앙선,국수,655,526,1181
20211031,우이신설선,삼양,1256,1299,2555
20211031,우이신설선,삼양사거리,1555,1503,3058
20211031,우이신설선,솔샘,2826,2650,5476
20211031,우이신설선,북한산보국문,3879,3462,7341
20211031,우이신설선,정릉,2742,2408,5150
20211031,우이신설선,성신여대입구,2374,2682,5056
20211031,우이신설선,보문,950,937,1887
20211031,중앙선,오빈,274,219,493
20211031,중앙선,양평,2639,2153,4792
20211031,중앙선,원덕,375,329,704
20211031,중앙선,용문,3386,2750,6136
20211031,중앙선,지평,69,49,118
20211031,과천선,대공원,9155,9276,18431
20211031,과천선,경마공원,1235,1196,2431
20211031,과천선,선바위,4022,3708,7730
20211031,우이신설선,화계,2049,2055,4104
20211031,중앙선,신원,275,152,427
20211031,우이신설선,가오리,2472,2275,4747
20211031,우이신설선,솔밭공원,1472,1387,2859
20211031,중앙선,아신,657,570,1227
20211031,9호선,증미,3295,3367,6662
20211031,분당선,복정,1,0,1
20211031,안산선,반월,2629,2578,5207
20211031,안산선,상록수,9297,9093,18390
20211031,안산선,한대앞,5316,5485,10801
20211031,안산선,중앙,11969,11788,23757
20211031,안산선,고잔,4789,4589,9378
20211031,안산선,초지,2473,2425,4898
20211031,안산선,안산,9417,8731,18148
20211031,안산선,신길온천,1135,1130,2265
20211031,안산선,정왕,5186,5756,10942
20211031,안산선,오이도,6435,6254,12689
20211031,안산선,수리산,2155,2225,4380
20211031,우이신설선,북한산우이,4689,4716,9405
20211031,우이신설선,4.19민주묘지,2321,1888,4209
20211031,경의선,공덕,1947,1575,3522
20211031,경의선,효창공원앞,1367,1506,2873
20211031,경의선,신촌,304,301,605
20211031,9호선,신반포,1783,1810,3593
20211031,9호선,구반포,815,841,1656
20211031,9호선,동작,1235,1025,2260
20211031,9호선,흑석,3895,4083,7978
20211031,9호선,노들,2636,2308,4944
20211031,9호선,노량진,14525,15405,29930
20211031,9호선,샛강,1826,1809,3635
20211031,9호선,여의도,8341,7886,16227
20211031,9호선,국회의사당,4818,4550,9368
20211031,9호선,당산,9003,8881,17884
20211031,9호선,선유도,3021,2955,5976
20211031,9호선,신목동,1815,1641,3456
20211031,9호선,염창,8511,8464,16975
20211031,9호선,등촌,5157,5280,10437
20211031,9호선,가양,10149,9943,20092
20211031,9호선,고속터미널,10200,13597,23797
20211031,9호선,양천향교,4235,4517,8752
20211031,9호선,사평,1431,1518,2949
20211031,9호선2~3단계,언주,3788,3745,7533
20211031,경강선,삼동,1074,1049,2123
20211031,경강선,이매,688,472,1160
20211031,경강선,판교,2456,2269,4725
20211031,9호선2~3단계,중앙보훈병원,3411,3345,6756
20211031,9호선2~3단계,둔촌오륜,437,490,927
20211031,9호선2~3단계,올림픽공원,6184,6615,12799
20211031,9호선2~3단계,한성백제,2024,1656,3680
20211031,9호선2~3단계,송파나루,3102,3330,6432
20211031,9호선2~3단계,석촌,4794,4075,8869
20211031,9호선2~3단계,석촌고분,2936,2874,5810
20211031,9호선2~3단계,삼전,3610,3530,7140
20211031,9호선2~3단계,종합운동장,1983,1791,3774
20211031,9호선2~3단계,봉은사,7225,7210,14435
20211031,9호선2~3단계,삼성중앙,1876,1986,3862
20211031,9호선2~3단계,선정릉,3082,3668,6750
20211031,9호선,신논현,15830,15007,30837
20211031,경강선,경기광주,3990,3802,7792
20211031,9호선,마곡나루,6173,5975,12148
20211031,9호선,공항시장,1823,1945,3768
20211031,7호선,부평구청,3528,3142,6670
20211031,7호선,굴포천,4830,4929,9759
20211031,7호선,삼산체육관,2694,2541,5235
20211031,7호선,상동,7462,7298,14760
20211031,7호선,부천시청,7201,6938,14139
20211031,7호선,신중동,6700,6652,13352
20211031,7호선,춘의,3475,3328,6803
20211031,7호선,부천종합운동장,2445,2246,4691
20211031,7호선,까치울,4355,4321,8676
20211031,7호선,온수,3925,4049,7974
20211031,7호선,천왕,4811,4701,9512
20211031,7호선,광명사거리,12323,12063,24386
20211031,7호선,철산,10396,10234,20630
20211031,7호선,가산디지털단지,11129,10498,21627
20211031,7호선,남구로,6451,6264,12715
20211031,8호선,암사,8971,8461,17432
20211031,9호선,신방화,3521,3369,6890
20211031,8호선,천호,8837,10270,19107
20211031,8호선,몽촌토성,4587,4622,9209
20211031,9호선,김포공항,7164,11649,18813
20211031,9호선,개화,1175,1094,2269
20211031,8호선,모란,2583,2273,4856
20211031,8호선,수진,2910,2584,5494
20211031,8호선,신흥,2588,2776,5364
20211031,8호선,단대오거리,5430,5423,10853
20211031,8호선,남한산성입구,6966,6548,13514
20211031,8호선,산성,3610,3709,7319
20211031,8호선,복정,5188,4930,10118
20211031,8호선,장지,9062,9298,18360
20211031,8호선,문정,5708,6079,11787
20211031,8호선,가락시장,3057,3837,6894
20211031,8호선,송파,3437,3691,7128
20211031,8호선,석촌,4200,5395,9595
20211031,8호선,잠실,10266,11791,22057
20211031,8호선,강동구청,4305,4595,8900
20211031,7호선,신풍,5949,5759,11708
20211031,경강선,초월,1641,1595,3236
20211031,경강선,신둔도예촌,968,982,1950
20211031,경원선,석계,5175,5582,10757
20211031,경원선,신이문,4774,4611,9385
20211031,경원선,외대앞,5271,5112,10383
20211031,경원선,청량리,14564,14104,28668
20211031,경원선,왕십리,10046,11404,21450
20211031,경원선,응봉,1092,1025,2117
20211031,경원선,옥수,52,22,74
20211031,경원선,한남,1867,1973,3840
20211031,경원선,서빙고,1216,1272,2488
20211031,경원선,이촌,2217,1747,3964
20211031,경부선,광명,2792,2090,4882
20211031,경부선,서동탄,807,849,1656
20211031,경부선,당정,3072,3106,6178
20211031,경부선,천안,6782,6364,13146
20211031,경부선,두정,4916,5421,10337
20211031,경원선,광운대,4394,4482,8876
20211031,경부선,직산,577,633,1210
20211031,경원선,월계,3869,3673,7542
20211031,경원선,방학,5982,5832,11814
20211031,경의선,서울역,1163,1121,2284
20211031,경원선,동두천,1375,1724,3099
20211031,경원선,보산,1531,1714,3245
20211031,경원선,동두천중앙,2190,2121,4311
20211031,경원선,지행,4609,4528,9137
20211031,경원선,덕정,3519,3584,7103
20211031,경원선,덕계,1907,1806,3713
20211031,경원선,양주,5477,5373,10850
20211031,경원선,녹양,2742,2660,5402
20211031,경원선,가능,4160,3979,8139
20211031,경원선,의정부,14446,14461,28907
20211031,경원선,회룡,7775,7875,15650
20211031,경원선,망월사,4771,5118,9889
20211031,경원선,도봉산,11472,8230,19702
20211031,경원선,도봉,3849,3592,7441
20211031,경원선,녹천,2709,2261,4970
20211031,경강선,곤지암,1884,2002,3886
20211031,경부선,성환,2419,2916,5335
20211031,경부선,평택지제,2435,2345,4780
20211031,경부선,금천구청,6397,6372,12769
20211031,경부선,가산디지털단지,4943,6770,11713
20211031,경부선,구로,9746,9905,19651
20211031,경부선,신길,4775,4349,9124
20211031,경부선,신도림,2291,2456,4747
20211031,경부선,영등포,30739,29207,59946
20211031,경부선,대방,5756,6387,12143
20211031,경부선,노량진,6093,5818,11911
20211031,경부선,용산,32816,29923,62739
20211031,경부선,남영,4188,4455,8643
20211031,경부선,서울역,7461,1651,9112
20211031,경강선,여주,2405,2364,4769
20211031,경강선,세종대왕릉,289,312,601
20211031,경강선,부발,1255,1967,3222
20211031,경강선,이천,2104,2305,4409
20211031,경부선,석수,5481,5338,10819
20211031,경부선,평택,11787,12560,24347
20211031,경부선,관악,5093,4478,9571
20211031,경부선,명학,3299,3197,6496
20211031,경부선,서정리,4437,5995,10432
20211031,경부선,송탄,3790,4239,8029
20211031,경부선,진위,887,817,1704
20211031,경부선,오산,7676,8220,15896
20211031,경부선,오산대,2433,2389,4822
20211031,경부선,세마,1792,1656,3448
20211031,경부선,병점,9361,10189,19550
20211031,경부선,세류,2040,2050,4090
20211031,경부선,독산,6282,6493,12775
20211031,경부선,수원,34338,33918,68256
20211031,경부선,화서,4279,4091,8370
20211031,경부선,성균관대,7780,8333,16113
20211031,경부선,의왕,4508,4665,9173
20211031,경부선,군포,2996,2834,5830
20211031,경부선,금정,14047,14533,28580
20211031,경부선,안양,13630,13233,26863
20211031,1호선,신설동,7677,7353,15030
