사용일자,호선명,지하철역,승차총승객수,하차총승객수,승하차총승객수
20210102,9호선,노들,1719,1527,3246
20210102,우이신설선,삼양사거리,1112,1102,2214
20210102,우이신설선,삼양,917,1019,1936
20210102,우이신설선,화계,1470,1315,2785
20210102,우이신설선,가오리,1653,1625,3278
20210102,우이신설선,4.19민주묘지,1299,1122,2421
20210102,우이신설선,솔밭공원,1039,1024,2063
20210102,우이신설선,북한산우이,2003,1969,3972
20210102,안산선,수리산,1670,1570,3240
20210102,중앙선,중랑,2505,2473,4978
20210102,중앙선,회기,9073,9143,18216
20210102,장항선,신창,425,447,872
20210102,장항선,온양온천,2035,2011,4046
20210102,장항선,배방,408,407,815
20210102,장항선,아산,1344,1102,2446
20210102,장항선,쌍용,773,703,1476
20210102,장항선,봉명,411,375,786
20210102,일산선,대화,4616,4245,8861
20210102,일산선,주엽,3317,3324,6641
20210102,일산선,정발산,3419,3487,6906
20210102,일산선,마두,2883,2841,5724
20210102,일산선,백석,4388,4521,8909
20210102,일산선,대곡,644,478,1122
20210102,일산선,화정,7146,7424,14570
20210102,일산선,원당,4470,4325,8795
20210102,일산선,삼송,7405,7365,14770
20210102,일산선,원흥,3623,3453,7076
20210102,우이신설선,신설동,854,844,1698
20210102,우이신설선,보문,671,706,1377
20210102,우이신설선,성신여대입구,1565,1789,3354
20210102,우이신설선,정릉,1976,1701,3677
20210102,우이신설선,북한산보국문,2442,2264,4706
20210102,우이신설선,솔샘,2031,1881,3912
20210102,경인선,인천,1879,1538,3417
20210102,경인선,동인천,6559,6479,13038
20210102,경인선,제물포,3870,3784,7654
20210102,중앙선,지평,20,20,40
20210102,중앙선,용문,963,922,1885
20210102,중앙선,원덕,152,108,260
20210102,중앙선,양평,1172,1117,2289
20210102,중앙선,오빈,124,117,241
20210102,중앙선,아신,249,236,485
20210102,중앙선,국수,339,374,713
20210102,중앙선,신원,154,137,291
20210102,중앙선,양수,918,894,1812
20210102,중앙선,운길산,628,577,1205
20210102,중앙선,팔당,807,828,1635
20210102,중앙선,도심,877,785,1662
20210102,중앙선,덕소,2374,2411,4785
20210102,중앙선,양정,290,245,535
20210102,중앙선,도농,3341,3191,6532
20210102,중앙선,구리,5370,5621,10991
20210102,중앙선,양원,555,550,1105
20210102,중앙선,망우,3348,3418,6766
20210102,중앙선,상봉,2789,2620,5409
20210102,안산선,오이도,4031,4040,8071
20210102,안산선,정왕,3168,3394,6562
20210102,안산선,신길온천,719,710,1429
20210102,안산선,안산,6299,6274,12573
20210102,안산선,초지,1548,1589,3137
20210102,안산선,고잔,2905,2686,5591
20210102,안산선,중앙,7328,7575,14903
20210102,안산선,한대앞,3554,3474,7028
20210102,안산선,상록수,6973,6779,13752
20210102,안산선,반월,1901,1811,3712
20210102,안산선,대야미,2139,1896,4035
20210102,안산선,산본,6411,6840,13251
20210102,수인선,인천,634,986,1620
20210102,수인선,신포,797,823,1620
20210102,수인선,숭의,1542,1442,2984
20210102,수인선,인하대,2208,2125,4333
20210102,수인선,송도,1187,1125,2312
20210102,수인선,연수,2123,2095,4218
20210102,수인선,원인재,2108,2232,4340
20210102,수인선,남동인더스파크,507,508,1015
20210102,수인선,호구포,1277,1341,2618
20210102,수인선,인천논현,2535,2554,5089
20210102,수인선,소래포구,2892,2907,5799
20210102,수인선,월곶,1194,1130,2324
20210102,수인선,달월,39,39,78
20210102,수인선,사리,1559,1353,2912
20210102,수인선,야목,80,82,162
20210102,수인선,어천,254,254,508
20210102,수인선,오목천,875,806,1681
20210102,수인선,고색,1078,1109,2187
20210102,분당선,매교,978,1008,1986
20210102,분당선,수원시청,5164,5641,10805
20210102,분당선,매탄권선,1732,1726,3458
20210102,분당선,망포,4315,4211,8526
20210102,분당선,영통,3215,3246,6461
20210102,분당선,청명,1336,1300,2636
20210102,분당선,상갈,2044,2044,4088
20210102,분당선,기흥,3519,3313,6832
20210102,분당선,신갈,1379,1417,2796
20210102,분당선,구성,1684,1720,3404
20210102,분당선,죽전,5628,6418,12046
20210102,분당선,보정,787,752,1539
20210102,분당선,이매,1869,1869,3738
20210102,분당선,오리,4351,3739,8090
20210102,분당선,미금,6304,6358,12662
20210102,분당선,정자,5544,5690,11234
20210102,분당선,수내,4893,4807,9700
20210102,분당선,서현,10585,10503,21088
20210102,분당선,야탑,9169,9617,18786
20210102,분당선,모란,9165,9408,18573
20210102,분당선,태평,6241,6236,12477
20210102,분당선,가천대,2402,2867,5269
20210102,분당선,선정릉,1559,1619,3178
20210102,분당선,강남구청,2394,2759,5153
20210102,분당선,압구정로데오,8455,8885,17340
20210102,분당선,서울숲,2422,2457,4879
20210102,분당선,수원,4042,3301,7343
20210102,분당선,수서,4770,4354,9124
20210102,분당선,대모산입구,1120,1041,2161
20210102,분당선,개포동,1181,1203,2384
20210102,분당선,구룡,470,434,904
20210102,분당선,도곡,2193,2136,4329
20210102,분당선,한티,5624,5672,11296
20210102,분당선,선릉,2467,3453,5920
20210102,과천선,범계,10408,9875,20283
20210102,과천선,평촌,4615,4557,9172
20210102,과천선,인덕원,7595,7536,15131
20210102,과천선,정부과천청사,2590,2651,5241
20210102,과천선,과천,1995,1789,3784
20210102,과천선,대공원,1691,1777,3468
20210102,과천선,경마공원,598,594,1192
20210102,과천선,선바위,2460,2269,4729
20210102,공항철도 1호선,영종,1351,1383,2734
20210102,공항철도 1호선,인천공항2터미널,1362,1267,2629
20210102,공항철도 1호선,인천공항1터미널,2500,2491,4991
20210102,공항철도 1호선,공항화물청사,1000,1059,2059
20210102,공항철도 1호선,운서,3250,3399,6649
20210102,공항철도 1호선,청라국제도시,1850,1693,3543
20210102,공항철도 1호선,검암,2453,2469,4922
20210102,공항철도 1호선,계양,3031,3034,6065
20210102,공항철도 1호선,김포공항,5590,2573,8163
20210102,공항철도 1호선,마곡나루,1084,1149,2233
20210102,공항철도 1호선,디지털미디어시티,2435,2360,4795
20210102,공항철도 1호선,홍대입구,3907,3896,7803
20210102,공항철도 1호선,공덕,669,968,1637
20210102,공항철도 1호선,서울역,3039,2472,5511
20210102,경춘선,춘천,612,589,1201
20210102,경춘선,남춘천,1207,1300,2507
20210102,경춘선,김유정,158,160,318
20210102,경춘선,강촌,283,281,564
20210102,경춘선,백양리,44,77,121
20210102,경춘선,굴봉산,73,60,133
20210102,경춘선,가평,725,640,1365
20210102,경춘선,상천,208,176,384
20210102,경춘선,청평,719,691,1410
20210102,경춘선,대성리,282,226,508
20210102,경춘선,마석,1623,1606,3229
20210102,경춘선,천마산,753,717,1470
20210102,경춘선,평내호평,2305,2225,4530
20210102,경춘선,금곡,586,540,1126
20210102,경춘선,사릉,1261,1277,2538
20210102,경춘선,퇴계원,1445,1351,2796
20210102,경춘선,별내,1066,1034,2100
20210102,경춘선,갈매,1089,981,2070
20210102,경춘선,신내,496,503,999
20210102,경인선,도화,1807,1638,3445
20210102,경인선,중동,3629,3505,7134
20210102,경인선,온수,2639,2513,5152
20210102,경인선,도원,1205,1281,2486
20210102,경인선,간석,2425,2241,4666
20210102,경인선,부개,3487,3347,6834
20210102,경인선,주안,8530,7736,16266
20210102,경인선,동암,7320,7422,14742
20210102,경인선,백운,3149,3086,6235
20210102,경인선,부평,16218,17379,33597
20210102,경인선,송내,9715,9377,19092
20210102,경인선,부천,16718,16978,33696
20210102,경인선,역곡,10963,11069,22032
20210102,경인선,오류동,5052,4797,9849
20210102,경인선,개봉,8901,8849,17750
20210102,경의선,임진강,19,19,38
20210102,경의선,문산,2261,2272,4533
20210102,경의선,파주,399,312,711
20210102,경의선,월롱,539,577,1116
20210102,경의선,금촌,2766,2843,5609
20210102,경의선,금릉,1825,1756,3581
20210102,경의선,운정,2095,2049,4144
20210102,경의선,야당,2450,2321,4771
20210102,경의선,탄현,2721,2646,5367
20210102,경의선,일산,2999,2925,5924
20210102,경의선,풍산,2121,2013,4134
20210102,경의선,백마,2035,1927,3962
20210102,경의선,곡산,200,203,403
20210102,경의선,능곡,1423,1400,2823
20210102,경의선,행신,2479,2467,4946
20210102,경의선,강매,997,898,1895
20210102,경의선,화전,449,454,903
20210102,경의선,수색,642,673,1315
20210102,경의선,디지털미디어시티,885,803,1688
20210102,경의선,가좌,1938,1928,3866
20210102,경의선,홍대입구,708,793,1501
20210102,경의선,서강대,859,822,1681
20210102,경의선,공덕,1140,925,2065
20210102,경의선,효창공원앞,935,1040,1975
20210102,경의선,신촌,163,150,313
20210102,경의선,서울역,477,514,991
20210102,경원선,소요산,2090,1770,3860
20210102,경원선,동두천,762,937,1699
20210102,경원선,보산,934,900,1834
20210102,경원선,동두천중앙,1499,1503,3002
20210102,경원선,지행,2975,2905,5880
20210102,경원선,덕정,2270,2205,4475
20210102,경원선,덕계,1132,1034,2166
20210102,경원선,양주,3320,3111,6431
20210102,경원선,녹양,1952,1956,3908
20210102,경원선,가능,3054,2896,5950
20210102,경원선,의정부,9693,10142,19835
20210102,경원선,회룡,5137,5195,10332
20210102,경원선,망월사,3158,3235,6393
20210102,경원선,도봉산,5859,3861,9720
20210102,경원선,도봉,2726,2563,5289
20210102,경원선,방학,4326,4290,8616
20210102,경원선,녹천,2035,1729,3764
20210102,경원선,월계,2761,2708,5469
20210102,경원선,광운대,3172,3125,6297
20210102,경원선,석계,3556,3848,7404
20210102,경원선,신이문,3548,3314,6862
20210102,경원선,외대앞,3161,3161,6322
20210102,경원선,청량리,7630,7828,15458
20210102,경원선,왕십리,5792,7150,12942
20210102,경원선,응봉,703,638,1341
20210102,경원선,옥수,29,12,41
20210102,경원선,한남,1500,1417,2917
20210102,경원선,서빙고,707,611,1318
20210102,경원선,이촌,1571,1210,2781
20210102,경부선,광명,1109,840,1949
20210102,경부선,서동탄,491,480,971
20210102,경부선,당정,2110,2008,4118
20210102,경부선,천안,2932,2870,5802
20210102,경부선,두정,2363,2571,4934
20210102,경부선,직산,357,310,667
20210102,경부선,성환,1498,1565,3063
20210102,경부선,평택,6604,6489,13093
20210102,경부선,지제,1110,966,2076
20210102,경부선,서정리,2572,2788,5360
20210102,경부선,송탄,2187,2166,4353
20210102,경부선,진위,531,448,979
20210102,경부선,오산,4655,4751,9406
20210102,경부선,오산대,1253,1121,2374
20210102,경부선,세마,1006,966,1972
20210102,경부선,병점,5402,5754,11156
20210102,경부선,세류,1187,1246,2433
20210102,경부선,독산,4358,4480,8838
20210102,경부선,수원,18845,19061,37906
20210102,경부선,화서,2418,2374,4792
20210102,경부선,성균관대,4958,5081,10039
20210102,경부선,의왕,3203,3144,6347
20210102,경부선,군포,2314,2305,4619
20210102,경부선,금정,9649,9671,19320
20210102,경부선,명학,2458,2389,4847
20210102,경부선,안양,9055,9027,18082
20210102,경부선,관악,3139,2932,6071
20210102,경부선,석수,3594,3550,7144
20210102,경부선,금천구청,4336,4334,8670
20210102,경부선,가산디지털단지,2882,4278,7160
20210102,경부선,구로,6720,6934,13654
20210102,경부선,신길,3240,2848,6088
20210102,경부선,신도림,1292,1375,2667
20210102,경부선,영등포,21565,21970,43535
20210102,경부선,대방,3911,3934,7845
20210102,경부선,노량진,4195,4115,8310
20210102,경부선,용산,15207,13779,28986
20210102,경부선,남영,2809,3091,5900
20210102,경부선,서울역,2092,513,2605
20210102,경강선,여주,891,853,1744
20210102,경강선,세종대왕릉,135,136,271
20210102,경강선,부발,766,769,1535
20210102,경강선,이천,1235,1239,2474
20210102,경강선,신둔도예촌,458,441,899
20210102,경강선,곤지암,873,831,1704
20210102,경강선,초월,1065,1021,2086
20210102,경강선,경기광주,2452,2465,4917
20210102,경강선,삼동,798,747,1545
20210102,경강선,이매,385,291,676
20210102,경강선,판교,1587,1563,3150
20210102,9호선2~3단계,중앙보훈병원,2199,1996,4195
20210102,9호선2~3단계,둔촌오륜,278,274,552
20210102,9호선2~3단계,올림픽공원,1915,1910,3825
20210102,9호선2~3단계,한성백제,857,777,1634
20210102,9호선2~3단계,송파나루,1811,1899,3710
20210102,9호선2~3단계,석촌,2824,2523,5347
20210102,9호선2~3단계,석촌고분,2227,2271,4498
20210102,9호선2~3단계,삼전,2702,2621,5323
20210102,9호선2~3단계,종합운동장,1446,1400,2846
20210102,9호선2~3단계,봉은사,4492,4367,8859
20210102,9호선2~3단계,삼성중앙,1575,1595,3170
20210102,9호선2~3단계,선정릉,2062,2321,4383
20210102,9호선2~3단계,언주,2723,2665,5388
20210102,9호선,신논현,12272,12017,24289
20210102,9호선,사평,926,893,1819
20210102,9호선,고속터미널,5633,6792,12425
20210102,9호선,신반포,1006,935,1941
20210102,9호선,구반포,866,957,1823
20210102,9호선,동작,655,494,1149
20210102,9호선,흑석,2712,2935,5647
20210102,9호선,노량진,9732,10192,19924
20210102,9호선,샛강,1307,1368,2675
20210102,9호선,여의도,3503,3367,6870
20210102,9호선,국회의사당,1723,1754,3477
20210102,9호선,당산,5978,5867,11845
20210102,9호선,선유도,1721,1743,3464
20210102,9호선,신목동,1115,953,2068
20210102,9호선,염창,5939,5855,11794
20210102,9호선,등촌,3824,3931,7755
20210102,9호선,증미,2420,2522,4942
20210102,9호선,가양,7249,7409,14658
20210102,9호선,양천향교,2870,3083,5953
20210102,9호선,마곡나루,3267,3279,6546
20210102,9호선,신방화,2576,2459,5035
20210102,9호선,공항시장,1333,1466,2799
20210102,9호선,김포공항,4344,5124,9468
20210102,9호선,개화,736,642,1378
20210102,8호선,모란,2272,1866,4138
20210102,8호선,수진,2431,2353,4784
20210102,8호선,신흥,2345,2484,4829
20210102,8호선,단대오거리,4357,4072,8429
20210102,8호선,남한산성입구,5355,4898,10253
20210102,8호선,산성,3040,3079,6119
20210102,8호선,복정,3468,3109,6577
20210102,8호선,장지,7082,7066,14148
20210102,8호선,문정,3805,3996,7801
20210102,8호선,가락시장,2949,3163,6112
20210102,8호선,송파,2827,3062,5889
20210102,8호선,석촌,3256,3788,7044
20210102,8호선,잠실,7427,7584,15011
20210102,8호선,몽촌토성,2290,2362,4652
20210102,8호선,강동구청,3438,3653,7091
20210102,8호선,천호,7273,8424,15697
20210102,8호선,암사,7253,6852,14105
20210102,7호선,부평구청,3822,3404,7226
20210102,7호선,굴포천,3511,3533,7044
20210102,7호선,삼산체육관,1567,1481,3048
20210102,7호선,상동,5086,4998,10084
20210102,7호선,부천시청,5311,5251,10562
20210102,7호선,신중동,5267,5123,10390
20210102,7호선,춘의,2884,2800,5684
20210102,7호선,부천종합운동장,1716,1539,3255
20210102,7호선,까치울,2779,2797,5576
20210102,7호선,온수,3449,3291,6740
20210102,7호선,천왕,3655,3538,7193
20210102,7호선,광명사거리,10002,10003,20005
20210102,7호선,철산,8164,8106,16270
20210102,7호선,가산디지털단지,8348,7926,16274
20210102,7호선,남구로,5356,5433,10789
20210102,7호선,대림,4185,4099,8284
20210102,7호선,신풍,4738,4554,9292
20210102,7호선,보라매,3049,3043,6092
20210102,7호선,신대방삼거리,6370,6505,12875
20210102,7호선,장승배기,4047,3956,8003
20210102,7호선,상도,3819,3807,7626
20210102,7호선,숭실대입구,4311,4546,8857
20210102,7호선,남성,4508,4489,8997
20210102,7호선,이수,6211,5946,12157
20210102,7호선,내방,4439,4451,8890
20210102,7호선,고속터미널,6786,4984,11770
20210102,7호선,반포,2547,2372,4919
20210102,7호선,논현,6241,6719,12960
20210102,7호선,학동,4812,5038,9850
20210102,7호선,강남구청,4752,5195,9947
20210102,7호선,청담,5865,6086,11951
20210102,7호선,뚝섬유원지,3051,2951,6002
20210102,7호선,건대입구,6048,6063,12111
20210102,7호선,어린이대공원,6519,6429,12948
20210102,7호선,군자,6023,4865,10888
20210102,7호선,중곡,4064,3952,8016
20210102,7호선,용마산,2652,2712,5364
20210102,7호선,사가정,7520,7373,14893
20210102,7호선,면목,6737,6775,13512
20210102,7호선,상봉,7765,7612,15377
20210102,7호선,중화,4660,4605,9265
20210102,7호선,먹골,4375,4358,8733
20210102,7호선,태릉입구,3525,3119,6644
20210102,7호선,공릉,4733,4965,9698
20210102,7호선,하계,6884,6546,13430
20210102,7호선,중계,5312,4819,10131
20210102,7호선,노원,9538,9526,19064
20210102,7호선,마들,5241,5133,10374
20210102,7호선,수락산,6122,6047,12169
20210102,7호선,도봉산,3799,5554,9353
20210102,7호선,장암,776,491,1267
20210102,6호선,봉화산,2929,2925,5854
20210102,6호선,화랑대,3205,2773,5978
20210102,6호선,태릉입구,2119,2244,4363
20210102,6호선,석계,4978,4970,9948
20210102,6호선,돌곶이,3203,2976,6179
20210102,6호선,상월곡,2337,2102,4439
20210102,6호선,월곡,4055,4212,8267
20210102,6호선,고려대,2765,2782,5547
20210102,6호선,안암,2937,3010,5947
20210102,6호선,보문,2631,2540,5171
20210102,6호선,창신,1173,1076,2249
20210102,6호선,동묘앞,4197,3848,8045
20210102,6호선,신당,2159,2096,4255
20210102,6호선,청구,1321,1337,2658
20210102,6호선,약수,1404,1415,2819
20210102,6호선,버티고개,905,947,1852
20210102,6호선,한강진,2785,3105,5890
20210102,6호선,이태원,4820,4933,9753
20210102,6호선,녹사평,2023,2063,4086
20210102,6호선,삼각지,1770,1527,3297
20210102,6호선,효창공원앞,2369,2208,4577
20210102,6호선,공덕,5009,4848,9857
20210102,6호선,대흥,2695,2695,5390
20210102,6호선,광흥창,2661,2588,5249
20210102,6호선,상수,3050,3520,6570
20210102,6호선,합정,5557,5119,10676
20210102,6호선,망원,6396,6986,13382
20210102,6호선,마포구청,5111,4742,9853
20210102,6호선,월드컵경기장,2531,2537,5068
20210102,6호선,디지털미디어시티,3805,3985,7790
20210102,6호선,증산,4492,4488,8980
20210102,6호선,새절,4973,4774,9747
20210102,6호선,구산,2942,2350,5292
20210102,6호선,연신내,1,0,1
20210102,6호선,독바위,1246,1495,2741
20210102,6호선,불광,2248,2057,4305
20210102,6호선,역촌,1571,1817,3388
20210102,6호선,응암,7321,7429,14750
20210102,5호선,하남풍산,1961,2075,4036
20210102,5호선,미사,5132,5025,10157
20210102,5호선,마천,2697,2727,5424
20210102,5호선,거여,2728,2694,5422
20210102,5호선,개롱,2164,2332,4496
20210102,5호선,오금,1137,1075,2212
20210102,5호선,방이,2556,2556,5112
20210102,5호선,올림픽공원,1467,1400,2867
20210102,5호선,둔촌동,3209,3303,6512
20210102,5호선,상일동,5309,4957,10266
20210102,5호선,고덕,3056,3041,6097
20210102,5호선,명일,3062,3233,6295
20210102,5호선,굽은다리,3964,3793,7757
20210102,5호선,길동,3472,3703,7175
20210102,5호선,강동,6910,6645,13555
20210102,5호선,천호,9660,9100,18760
20210102,5호선,광나루,5249,5256,10505
20210102,5호선,아차산,7252,7315,14567
20210102,5호선,군자,4480,5024,9504
20210102,5호선,장한평,5681,5816,11497
20210102,5호선,답십리,5586,5168,10754
20210102,5호선,마장,2155,2068,4223
20210102,5호선,왕십리,1921,2160,4081
20210102,5호선,행당,2995,2679,5674
20210102,5호선,신금호,2310,2486,4796
20210102,5호선,청구,1361,1234,2595
20210102,5호선,동대문역사문화공원,539,685,1224
20210102,5호선,을지로4가,1453,1517,2970
20210102,5호선,종로3가,4181,4145,8326
20210102,5호선,광화문,6381,6228,12609
20210102,5호선,서대문,3620,3560,7180
20210102,5호선,충정로,982,1008,1990
20210102,5호선,애오개,2004,2046,4050
20210102,5호선,공덕,3398,3437,6835
20210102,5호선,마포,3624,3728,7352
20210102,5호선,여의나루,2112,2044,4156
20210102,5호선,여의도,3804,4079,7883
20210102,5호선,신길,1197,1468,2665
20210102,5호선,영등포시장,3497,3779,7276
20210102,5호선,영등포구청,971,1029,2000
20210102,5호선,양평,1891,1984,3875
20210102,5호선,오목교,8760,9030,17790
20210102,5호선,목동,5949,6108,12057
20210102,5호선,신정,4974,4269,9243
20210102,5호선,까치산,12160,12147,24307
20210102,5호선,화곡,10906,10210,21116
20210102,5호선,우장산,5247,5401,10648
20210102,5호선,발산,6102,6281,12383
20210102,5호선,마곡,2427,2461,4888
20210102,5호선,송정,2807,2883,5690
20210102,5호선,김포공항,4315,3887,8202
20210102,5호선,개화산,2149,2192,4341
20210102,5호선,방화,2726,2626,5352
20210102,4호선,쌍문,12277,11291,23568
20210102,4호선,창동,11236,11911,23147
20210102,4호선,노원,8913,9767,18680
20210102,4호선,상계,8140,7761,15901
20210102,4호선,당고개,5707,5451,11158
20210102,4호선,남태령,383,378,761
20210102,4호선,사당,8752,8333,17085
20210102,4호선,총신대입구,7734,8434,16168
20210102,4호선,동작,1100,1077,2177
20210102,4호선,이촌,2406,2716,5122
20210102,4호선,신용산,4667,4752,9419
20210102,4호선,삼각지,1274,1548,2822
20210102,4호선,숙대입구,4219,4101,8320
20210102,4호선,서울역,2425,4003,6428
20210102,4호선,회현,6789,7060,13849
20210102,4호선,명동,6217,6604,12821
20210102,4호선,충무로,5573,5809,11382
20210102,4호선,동대문역사문화공원,4987,4512,9499
20210102,4호선,동대문,5508,5612,11120
20210102,4호선,혜화,10234,10444,20678
20210102,4호선,한성대입구,5327,5242,10569
20210102,4호선,성신여대입구,8838,8684,17522
20210102,4호선,길음,7056,6948,14004
20210102,4호선,미아사거리,12866,12528,25394
20210102,4호선,미아,6345,6191,12536
20210102,4호선,수유,15531,15112,30643
20210102,3호선,오금,1902,1808,3710
20210102,3호선,경찰병원,2064,2069,4133
20210102,3호선,가락시장,3162,3202,6364
20210102,3호선,수서,6183,5716,11899
20210102,3호선,일원,2316,2331,4647
20210102,3호선,대청,2996,2847,5843
20210102,3호선,학여울,572,540,1112
20210102,3호선,대치,4091,3847,7938
20210102,3호선,도곡,1718,1670,3388
20210102,3호선,매봉,3152,3082,6234
20210102,3호선,양재,8731,9797,18528
20210102,3호선,남부터미널,9634,9188,18822
20210102,3호선,교대,2723,1843,4566
20210102,3호선,고속터미널,23856,21535,45391
20210102,3호선,잠원,1565,1568,3133
20210102,3호선,신사,12035,12344,24379
20210102,3호선,압구정,13628,13960,27588
20210102,3호선,옥수,3599,3680,7279
20210102,3호선,금호,3345,3257,6602
20210102,3호선,약수,4961,4890,9851
20210102,3호선,동대입구,2828,3273,6101
20210102,3호선,충무로,2,0,2
20210102,3호선,을지로3가,2082,2103,4185
20210102,3호선,종로3가,2200,3036,5236
20210102,3호선,안국,4235,4545,8780
20210102,3호선,경복궁,5520,5715,11235
20210102,3호선,독립문,2958,3232,6190
20210102,3호선,무악재,1414,1489,2903
20210102,3호선,홍제,7206,7060,14266
20210102,3호선,녹번,5162,4780,9942
20210102,3호선,불광,7531,8485,16016
20210102,3호선,연신내,17233,16303,33536
20210102,3호선,구파발,8041,8127,16168
20210102,3호선,지축,1184,1177,2361
20210102,2호선,용두,901,988,1889
20210102,2호선,신정네거리,3761,3983,7744
20210102,2호선,양천구청,2197,2320,4517
20210102,2호선,도림천,507,483,990
20210102,2호선,신설동,1796,1811,3607
20210102,2호선,신답,488,533,1021
20210102,2호선,용답,1173,1123,2296
20210102,2호선,충정로,2610,2624,5234
20210102,2호선,아현,3866,3895,7761
20210102,2호선,이대,4202,4544,8746
20210102,2호선,신촌,14068,14358,28426
20210102,2호선,홍대입구,22086,23077,45163
20210102,2호선,합정,11062,11761,22823
20210102,2호선,당산,6059,6629,12688
20210102,2호선,영등포구청,6282,6530,12812
20210102,2호선,문래,5148,5313,10461
20210102,2호선,신도림,19930,19642,39572
20210102,2호선,대림,10276,10898,21174
20210102,2호선,구로디지털단지,18136,18446,36582
20210102,2호선,신대방,11219,11226,22445
20210102,2호선,신림,27580,27810,55390
20210102,2호선,봉천,9611,9380,18991
20210102,2호선,서울대입구,18722,19228,37950
20210102,2호선,낙성대,10747,11155,21902
20210102,2호선,사당,14117,15073,29190
20210102,2호선,방배,4810,4931,9741
20210102,2호선,서초,4473,4038,8511
20210102,2호선,교대,8040,8768,16808
20210102,2호선,강남,26955,26265,53220
20210102,2호선,역삼,8861,9540,18401
20210102,2호선,선릉,10750,9807,20557
20210102,2호선,삼성,13175,12988,26163
20210102,2호선,종합운동장,2158,2216,4374
20210102,2호선,잠실새내,8364,8828,17192
20210102,2호선,잠실,28358,26540,54898
20210102,2호선,잠실나루,3707,3690,7397
20210102,2호선,강변,12457,11820,24277
20210102,2호선,구의,8669,8867,17536
20210102,2호선,건대입구,15666,17068,32734
20210102,2호선,성수,6548,7352,13900
20210102,2호선,뚝섬,4932,5257,10189
20210102,2호선,한양대,1475,1506,2981
20210102,2호선,왕십리,6261,5295,11556
20210102,2호선,상왕십리,4956,4992,9948
20210102,2호선,신당,5940,6298,12238
20210102,2호선,동대문역사문화공원,4256,4473,8729
20210102,2호선,을지로4가,3295,3308,6603
20210102,2호선,을지로3가,3833,3671,7504
20210102,2호선,을지로입구,11279,10899,22178
20210102,2호선,시청,2943,2279,5222
20210102,1호선,청량리,10534,10514,21048
20210102,1호선,제기동,8727,9173,17900
20210102,1호선,신설동,5013,4977,9990
20210102,1호선,동대문,5624,5478,11102
20210102,1호선,종로5가,7837,7863,15700
20210102,1호선,종로3가,9509,8927,18436
20210102,1호선,종각,7837,7398,15235
20210102,1호선,시청,4165,3871,8036
20210102,1호선,동묘앞,7075,7283,14358
20210102,1호선,서울역,13135,11056,24191
20210102,경인선,소사,4045,3650,7695
20210102,경인선,구일,2172,2235,4407
20210103,6호선,돌곶이,2456,2372,4828
20210103,6호선,석계,3910,3969,7879
20210103,6호선,태릉입구,1597,1718,3315
20210103,6호선,화랑대,2615,2377,4992
20210103,6호선,봉화산,2224,2207,4431
20210103,7호선,장암,736,463,1199
20210103,7호선,도봉산,3116,4609,7725
20210103,7호선,수락산,5125,5092,10217
20210103,7호선,마들,3443,3202,6645
20210103,7호선,노원,6282,6206,12488
20210103,7호선,중계,4017,3650,7667
20210103,7호선,하계,5029,4779,9808
20210103,7호선,공릉,3606,3817,7423
20210103,7호선,태릉입구,2571,2432,5003
20210103,7호선,먹골,3266,3297,6563
20210103,7호선,중화,3426,3413,6839
20210103,7호선,상봉,5733,5488,11221
20210103,7호선,면목,5107,5158,10265
20210103,7호선,사가정,5658,5555,11213
20210103,7호선,용마산,1988,2179,4167
20210103,7호선,중곡,3093,3012,6105
20210103,7호선,군자,4405,3813,8218
20210103,7호선,어린이대공원,5852,5920,11772
20210103,7호선,건대입구,4661,4680,9341
20210103,7호선,뚝섬유원지,2431,2347,4778
20210103,7호선,청담,3667,3926,7593
20210103,7호선,강남구청,2934,3211,6145
20210103,7호선,학동,2952,3215,6167
20210103,7호선,논현,3759,4060,7819
20210103,7호선,반포,1715,1744,3459
20210103,7호선,고속터미널,9182,4369,13551
20210103,7호선,내방,3025,3092,6117
20210103,7호선,이수,4398,4335,8733
20210103,7호선,남성,3178,3373,6551
20210103,7호선,숭실대입구,3129,3493,6622
20210103,7호선,상도,2822,2988,5810
20210103,7호선,장승배기,2935,2962,5897
20210103,7호선,신대방삼거리,4688,4888,9576
20210103,7호선,보라매,2316,2426,4742
20210103,7호선,신풍,3515,3355,6870
20210103,7호선,대림,3747,3475,7222
20210103,7호선,남구로,4494,4218,8712
20210103,7호선,가산디지털단지,6325,6146,12471
20210103,7호선,광명사거리,7651,7501,15152
20210103,7호선,천왕,2730,2604,5334
20210103,7호선,온수,2394,2399,4793
20210103,7호선,까치울,2189,2083,4272
20210103,7호선,부천종합운동장,1417,1268,2685
20210103,7호선,춘의,2135,1949,4084
20210103,7호선,신중동,3971,3743,7714
20210103,7호선,부천시청,3893,3769,7662
20210103,7호선,상동,3690,3573,7263
20210103,7호선,삼산체육관,1220,1179,2399
20210103,7호선,굴포천,2758,2571,5329
20210103,7호선,부평구청,2980,2611,5591
20210103,8호선,암사,5372,5112,10484
20210103,8호선,천호,5569,6409,11978
20210103,8호선,강동구청,2605,2786,5391
20210103,8호선,몽촌토성,1714,1808,3522
20210103,8호선,잠실,5760,5870,11630
20210103,8호선,석촌,2340,2807,5147
20210103,8호선,송파,2130,2242,4372
20210103,8호선,가락시장,2068,2828,4896
20210103,8호선,문정,2882,3151,6033
20210103,8호선,장지,5696,6230,11926
20210103,8호선,복정,2560,2477,5037
20210103,8호선,산성,2277,2354,4631
20210103,8호선,남한산성입구,4152,4010,8162
20210103,8호선,단대오거리,3193,3249,6442
20210103,8호선,신흥,1771,1937,3708
20210103,8호선,수진,1855,1761,3616
20210103,8호선,모란,1612,1252,2864
20210103,9호선,개화,617,571,1188
20210103,9호선,김포공항,4806,5401,10207
20210103,9호선,공항시장,968,1163,2131
20210103,9호선,신방화,2003,2008,4011
20210103,9호선,마곡나루,2542,2807,5349
20210103,9호선,양천향교,2180,2521,4701
20210103,9호선,가양,5431,5568,10999
20210103,9호선,증미,1836,1963,3799
20210103,9호선,등촌,2789,3038,5827
20210103,9호선,염창,4531,4779,9310
20210103,9호선,신목동,904,831,1735
20210103,9호선,선유도,1310,1480,2790
20210103,경인선,중동,2876,2585,5461
20210103,경인선,온수,1955,1839,3794
20210103,경인선,도원,876,869,1745
20210103,경인선,간석,1945,1751,3696
20210103,경인선,부개,2683,2525,5208
20210103,경인선,소사,3384,2852,6236
20210103,경인선,구일,1734,1737,3471
20210103,경인선,인천,1556,1280,2836
20210103,경인선,동인천,5224,4852,10076
20210103,경인선,제물포,3071,2905,5976
20210103,경인선,주안,6707,5902,12609
20210103,경인선,동암,5814,5503,11317
20210103,경인선,백운,2416,2295,4711
20210103,경인선,부평,12578,12499,25077
20210103,경인선,송내,7596,7167,14763
20210103,경인선,부천,13282,12648,25930
20210103,경인선,역곡,8357,8193,16550
20210103,경인선,오류동,3814,3766,7580
20210103,경인선,개봉,6825,6652,13477
20210103,경의선,임진강,15,18,33
20210103,경의선,문산,1890,1822,3712
20210103,경의선,파주,348,310,658
20210103,경의선,월롱,413,824,1237
20210103,경의선,금촌,2225,2352,4577
20210103,경의선,금릉,1363,1344,2707
20210103,경의선,운정,1765,1657,3422
20210103,경의선,야당,1945,1830,3775
20210103,경의선,탄현,2226,2087,4313
20210103,경의선,일산,2683,2424,5107
20210103,경의선,풍산,1773,1619,3392
20210103,경의선,백마,1687,1632,3319
20210103,경의선,곡산,143,131,274
20210103,경의선,능곡,1233,1142,2375
20210103,경의선,행신,2178,2149,4327
20210103,경의선,강매,741,712,1453
20210103,경의선,화전,384,373,757
20210103,경의선,수색,473,519,992
20210103,경의선,디지털미디어시티,709,686,1395
20210103,경의선,가좌,1483,1505,2988
20210103,경의선,홍대입구,579,635,1214
20210103,경의선,서강대,616,670,1286
20210103,경의선,공덕,837,682,1519
20210103,경의선,효창공원앞,685,867,1552
20210103,경의선,신촌,103,116,219
20210103,경의선,서울역,493,453,946
20210103,경원선,소요산,2089,1735,3824
20210103,경원선,동두천,756,861,1617
20210103,경원선,보산,820,669,1489
20210103,경원선,동두천중앙,1250,1168,2418
20210103,6호선,버티고개,611,676,1287
20210103,경원선,지행,2319,2125,4444
20210103,경원선,덕정,1792,1873,3665
20210103,경원선,덕계,884,827,1711
20210103,경원선,양주,2710,2568,5278
20210103,경원선,녹양,1588,1469,3057
20210103,경원선,가능,2399,2192,4591
20210103,경원선,의정부,7790,7638,15428
20210103,경원선,회룡,3957,3828,7785
20210103,경원선,망월사,2491,2541,5032
20210103,경원선,도봉산,5493,3708,9201
20210103,경원선,도봉,2152,1985,4137
20210103,경원선,방학,3454,3274,6728
20210103,경원선,녹천,1540,1383,2923
20210103,경원선,월계,2244,2141,4385
20210103,경원선,광운대,2489,2600,5089
20210103,경원선,석계,2888,3139,6027
20210103,경원선,신이문,2759,2591,5350
20210103,경원선,외대앞,2584,2647,5231
20210103,경원선,청량리,6894,6628,13522
20210103,경원선,왕십리,4555,5779,10334
20210103,경원선,응봉,554,496,1050
20210103,경원선,옥수,37,12,49
20210103,경원선,한남,1130,1110,2240
20210103,경원선,서빙고,476,514,990
20210103,경원선,이촌,1077,858,1935
20210103,경부선,광명,1535,856,2391
20210103,경부선,서동탄,458,386,844
20210103,경부선,당정,1673,1697,3370
20210103,경부선,천안,3425,3195,6620
20210103,경부선,두정,2318,2535,4853
20210103,경부선,직산,309,387,696
20210103,경부선,성환,1369,1719,3088
20210103,경부선,평택,6328,6970,13298
20210103,경부선,지제,1309,1253,2562
20210103,경부선,서정리,2143,4158,6301
20210103,경부선,송탄,2016,2450,4466
20210103,경부선,진위,440,448,888
20210103,경부선,오산,4553,5137,9690
20210103,경부선,오산대,1108,1078,2186
20210103,경부선,세마,903,853,1756
20210103,경부선,병점,4795,5551,10346
20210103,경부선,세류,1268,1205,2473
20210103,경부선,독산,3344,3638,6982
20210103,경부선,수원,17961,17314,35275
20210103,경부선,화서,2062,1990,4052
20210103,경부선,성균관대,4207,4630,8837
20210103,경부선,의왕,2446,2468,4914
20210103,경부선,군포,1958,1900,3858
20210103,공항철도 1호선,운서,2822,3256,6078
20210103,공항철도 1호선,공항화물청사,738,827,1565
20210103,공항철도 1호선,인천공항1터미널,2393,2370,4763
20210103,공항철도 1호선,인천공항2터미널,1351,1286,2637
20210103,공항철도 1호선,영종,1131,1107,2238
20210103,과천선,선바위,1852,1778,3630
20210103,과천선,경마공원,490,460,950
20210103,과천선,대공원,1495,1593,3088
20210103,과천선,과천,1560,1448,3008
20210103,과천선,정부과천청사,2001,2141,4142
20210103,과천선,인덕원,5628,5627,11255
20210103,과천선,평촌,3406,3353,6759
20210103,과천선,범계,7540,7147,14687
20210103,분당선,선릉,1530,2294,3824
20210103,분당선,한티,3937,4139,8076
20210103,분당선,도곡,1430,1393,2823
20210103,분당선,구룡,314,377,691
20210103,분당선,개포동,887,925,1812
20210103,분당선,대모산입구,830,792,1622
20210103,분당선,수서,4605,4022,8627
20210103,분당선,수원,3277,2678,5955
20210103,분당선,서울숲,1937,1943,3880
20210103,분당선,압구정로데오,5047,5418,10465
20210103,분당선,강남구청,1557,1746,3303
20210103,분당선,선정릉,1047,1158,2205
20210103,분당선,가천대,1933,2469,4402
20210103,분당선,태평,4935,4748,9683
20210103,분당선,모란,6322,6744,13066
20210103,분당선,야탑,7491,7235,14726
20210103,분당선,서현,7656,7713,15369
20210103,분당선,수내,3671,3530,7201
20210103,분당선,정자,3917,4110,8027
20210103,분당선,미금,4098,4425,8523
20210103,분당선,오리,3110,2852,5962
20210103,분당선,이매,1418,1470,2888
20210103,분당선,보정,542,530,1072
20210103,분당선,죽전,4527,5173,9700
20210103,분당선,구성,1285,1280,2565
20210103,분당선,신갈,1031,1065,2096
20210103,분당선,기흥,2895,2745,5640
20210103,분당선,상갈,1601,1700,3301
20210103,분당선,청명,1023,1057,2080
20210103,분당선,영통,2483,2554,5037
20210103,분당선,망포,3415,3812,7227
20210103,분당선,매탄권선,1373,1326,2699
20210103,분당선,수원시청,4007,3946,7953
20210103,분당선,매교,754,807,1561
20210103,수인선,고색,889,948,1837
20210103,수인선,오목천,698,711,1409
20210103,수인선,어천,215,337,552
20210103,9호선2~3단계,삼성중앙,1152,1214,2366
20210103,9호선2~3단계,봉은사,3390,3331,6721
20210103,9호선2~3단계,종합운동장,1050,1101,2151
20210103,9호선2~3단계,삼전,2021,2132,4153
20210103,9호선2~3단계,석촌고분,1767,1890,3657
20210103,9호선2~3단계,석촌,2172,2041,4213
20210103,9호선2~3단계,송파나루,1332,1521,2853
20210103,수인선,야목,87,75,162
20210103,수인선,사리,1197,1004,2201
20210103,수인선,달월,37,30,67
20210103,수인선,월곶,959,909,1868
20210103,수인선,소래포구,2379,2288,4667
20210103,수인선,인천논현,1784,1852,3636
20210103,수인선,호구포,1124,1191,2315
20210103,수인선,남동인더스파크,328,422,750
20210103,수인선,원인재,1633,1658,3291
20210103,수인선,연수,1616,1597,3213
20210103,수인선,송도,905,858,1763
20210103,수인선,인하대,1801,1697,3498
20210103,수인선,숭의,1148,1061,2209
20210103,수인선,신포,654,606,1260
20210103,수인선,인천,509,806,1315
20210103,안산선,산본,4818,5052,9870
20210103,안산선,대야미,1621,1523,3144
20210103,안산선,반월,1410,1438,2848
20210103,안산선,상록수,5530,5287,10817
20210103,안산선,한대앞,2776,2744,5520
20210103,안산선,중앙,5838,5598,11436
20210103,9호선2~3단계,한성백제,628,663,1291
20210103,9호선2~3단계,올림픽공원,1463,1473,2936
20210103,9호선2~3단계,둔촌오륜,227,232,459
20210103,9호선2~3단계,중앙보훈병원,1723,1642,3365
20210103,경강선,판교,1325,1230,2555
20210103,경강선,이매,308,223,531
20210103,경강선,삼동,559,535,1094
20210103,경강선,경기광주,1926,1964,3890
20210103,경강선,초월,878,953,1831
20210103,경강선,곤지암,724,875,1599
20210103,경강선,신둔도예촌,446,373,819
20210103,경강선,이천,1060,1169,2229
20210103,경강선,부발,633,1354,1987
20210103,경강선,세종대왕릉,143,126,269
20210103,경강선,여주,1052,788,1840
20210103,경부선,서울역,3889,580,4469
20210103,경부선,남영,2100,2404,4504
20210103,경부선,용산,16227,12871,29098
20210103,경부선,노량진,3046,3141,6187
20210103,경부선,대방,3183,3578,6761
20210103,경부선,영등포,18497,17774,36271
20210103,경부선,신도림,1090,1096,2186
20210103,경부선,신길,2724,2559,5283
20210103,경부선,구로,5546,5575,11121
20210103,경부선,가산디지털단지,2505,3653,6158
20210103,경부선,금천구청,3585,3504,7089
20210103,경부선,석수,3066,2988,6054
20210103,경부선,관악,2646,2436,5082
20210103,경부선,안양,7605,7249,14854
20210103,경부선,명학,1921,1979,3900
20210103,경부선,금정,7531,7871,15402
20210103,우이신설선,화계,1221,1108,2329
20210103,우이신설선,삼양,749,783,1532
20210103,우이신설선,삼양사거리,913,903,1816
20210103,우이신설선,솔샘,1564,1415,2979
20210103,우이신설선,북한산보국문,2036,1983,4019
20210103,우이신설선,정릉,1452,1285,2737
20210103,우이신설선,성신여대입구,1082,1288,2370
20210103,우이신설선,보문,548,570,1118
20210103,우이신설선,신설동,656,625,1281
20210103,일산선,원흥,2701,2665,5366
20210103,일산선,삼송,5645,5626,11271
20210103,일산선,원당,3545,3321,6866
20210103,일산선,화정,5239,5319,10558
20210103,일산선,대곡,518,463,981
20210103,일산선,백석,3377,3349,6726
20210103,일산선,마두,1843,1849,3692
20210103,일산선,정발산,2631,2559,5190
20210103,일산선,주엽,2373,949,3322
20210103,일산선,대화,3603,3297,6900
20210103,장항선,봉명,342,328,670
20210103,장항선,쌍용,694,321,1015
20210103,장항선,아산,1990,1231,3221
20210103,장항선,배방,357,475,832
20210103,장항선,온양온천,2108,2025,4133
20210103,장항선,신창,484,584,1068
20210103,중앙선,회기,7810,8289,16099
20210103,중앙선,중랑,1973,1918,3891
20210103,중앙선,상봉,2268,2161,4429
20210103,중앙선,망우,2607,2558,5165
20210103,중앙선,양원,440,445,885
20210103,중앙선,구리,3943,4141,8084
20210103,중앙선,도농,2611,2585,5196
20210103,안산선,고잔,2318,2176,4494
20210103,안산선,초지,1168,1115,2283
20210103,안산선,안산,6229,5181,11410
20210103,안산선,신길온천,683,567,1250
20210103,안산선,정왕,2844,3227,6071
20210103,안산선,오이도,3068,3014,6082
20210103,안산선,수리산,1190,1164,2354
20210103,우이신설선,북한산우이,1530,1718,3248
20210103,우이신설선,솔밭공원,792,770,1562
20210103,우이신설선,4.19민주묘지,1062,928,1990
20210103,우이신설선,가오리,1367,1211,2578
20210103,중앙선,양정,250,234,484
20210103,중앙선,덕소,1903,1856,3759
20210103,중앙선,도심,706,596,1302
20210103,중앙선,팔당,736,762,1498
20210103,중앙선,운길산,550,487,1037
20210103,중앙선,양수,748,687,1435
20210103,중앙선,지평,33,14,47
20210103,중앙선,용문,933,699,1632
20210103,중앙선,원덕,193,127,320
20210103,중앙선,양평,1267,1047,2314
20210103,중앙선,오빈,101,89,190
20210103,중앙선,아신,217,237,454
20210103,3호선,약수,3523,3512,7035
20210103,6호선,약수,936,930,1866
20210103,6호선,청구,1001,983,1984
20210103,6호선,신당,1749,2576,4325
20210103,6호선,동묘앞,3593,3482,7075
20210103,6호선,창신,936,835,1771
20210103,6호선,보문,2167,2177,4344
20210103,6호선,안암,2361,2721,5082
20210103,6호선,고려대,2171,2259,4430
20210103,6호선,월곡,3166,3289,6455
20210103,경인선,도화,1350,1290,2640
20210103,경춘선,신내,460,441,901
20210103,경춘선,갈매,849,682,1531
20210103,경춘선,별내,847,852,1699
20210103,경춘선,퇴계원,1208,1123,2331
20210103,경춘선,사릉,969,968,1937
20210103,경춘선,금곡,534,457,991
20210103,경춘선,평내호평,1796,1666,3462
20210103,경춘선,천마산,592,557,1149
20210103,경춘선,마석,1372,1345,2717
20210103,경춘선,대성리,248,186,434
20210103,경춘선,청평,684,615,1299
20210103,경춘선,상천,190,173,363
20210103,경춘선,가평,629,554,1183
20210103,경춘선,굴봉산,72,76,148
20210103,경춘선,백양리,45,72,117
20210103,경춘선,강촌,271,231,502
20210103,경춘선,김유정,165,133,298
20210103,경춘선,남춘천,1151,1208,2359
20210103,경춘선,춘천,669,555,1224
20210103,공항철도 1호선,서울역,3898,2847,6745
20210103,공항철도 1호선,공덕,590,856,1446
20210103,공항철도 1호선,홍대입구,3208,3285,6493
20210103,공항철도 1호선,디지털미디어시티,1916,2039,3955
20210103,공항철도 1호선,마곡나루,934,1067,2001
20210103,공항철도 1호선,김포공항,7307,3153,10460
20210103,공항철도 1호선,계양,2634,2492,5126
20210103,공항철도 1호선,검암,2081,2077,4158
20210103,공항철도 1호선,청라국제도시,1616,1433,3049
20210103,9호선,당산,4584,4884,9468
20210103,9호선,국회의사당,1733,1607,3340
20210103,9호선,여의도,2833,2816,5649
20210103,9호선,샛강,915,1042,1957
20210103,9호선,노량진,7457,8261,15718
20210103,9호선,노들,1344,1174,2518
20210103,9호선,흑석,2023,2241,4264
20210103,9호선,동작,510,427,937
20210103,9호선,구반포,599,686,1285
20210103,9호선,신반포,676,670,1346
20210103,9호선,고속터미널,5713,5953,11666
20210103,9호선,사평,644,735,1379
20210103,9호선,신논현,7388,7228,14616
20210103,9호선2~3단계,언주,1704,1822,3526
20210103,9호선2~3단계,선정릉,1527,1737,3264
20210103,6호선,한강진,2158,2441,4599
20210103,6호선,이태원,4028,3868,7896
20210103,6호선,녹사평,1599,1506,3105
20210103,6호선,삼각지,1378,1132,2510
20210103,6호선,효창공원앞,1793,1622,3415
20210103,6호선,공덕,3632,3458,7090
20210103,6호선,대흥,1942,2148,4090
20210103,6호선,광흥창,1906,1957,3863
20210103,6호선,상수,2347,2807,5154
20210103,6호선,합정,4382,3944,8326
20210103,6호선,망원,4645,5136,9781
20210103,6호선,마포구청,4006,3837,7843
20210103,6호선,월드컵경기장,2159,2008,4167
20210103,6호선,디지털미디어시티,3022,3288,6310
20210103,6호선,증산,3276,3493,6769
20210103,6호선,새절,3938,3810,7748
20210103,6호선,구산,2105,1643,3748
20210103,6호선,독바위,957,1222,2179
20210103,6호선,불광,1699,1608,3307
20210103,6호선,역촌,1128,1228,2356
20210103,6호선,응암,5520,5632,11152
20210103,5호선,하남풍산,1445,1568,3013
20210103,5호선,미사,3878,4022,7900
20210103,5호선,마천,1953,2173,4126
20210103,5호선,거여,2030,1971,4001
20210103,5호선,개롱,1628,1760,3388
20210103,5호선,오금,839,812,1651
20210103,5호선,방이,1858,1890,3748
20210103,5호선,올림픽공원,1133,1006,2139
20210103,5호선,둔촌동,2341,2404,4745
20210103,5호선,상일동,3911,3736,7647
20210103,5호선,고덕,2272,2273,4545
20210103,5호선,명일,2173,2198,4371
20210103,5호선,굽은다리,3075,2846,5921
20210103,5호선,길동,2377,2599,4976
20210103,5호선,강동,5301,5306,10607
20210103,5호선,천호,7152,6685,13837
20210103,5호선,광나루,4423,4415,8838
20210103,5호선,아차산,5998,6060,12058
20210103,5호선,군자,3403,3885,7288
20210103,5호선,장한평,4016,4184,8200
20210103,5호선,답십리,4217,4055,8272
20210103,5호선,마장,1545,1543,3088
20210103,5호선,왕십리,1439,1604,3043
20210103,5호선,행당,2267,2019,4286
20210103,5호선,신금호,1715,1884,3599
20210103,5호선,청구,979,927,1906
20210103,5호선,동대문역사문화공원,412,458,870
20210103,5호선,을지로4가,699,701,1400
20210103,5호선,종로3가,2957,2903,5860
20210103,5호선,광화문,5189,5285,10474
20210103,5호선,서대문,2561,2567,5128
20210103,5호선,충정로,810,842,1652
20210103,5호선,애오개,1510,1638,3148
20210103,5호선,공덕,2283,2466,4749
20210103,5호선,마포,2501,2615,5116
20210103,5호선,여의나루,1788,1825,3613
20210103,5호선,여의도,2917,3053,5970
20210103,5호선,신길,989,1256,2245
20210103,5호선,영등포시장,2347,2523,4870
20210103,5호선,영등포구청,732,787,1519
20210103,5호선,양평,1433,1618,3051
20210103,5호선,오목교,6415,6801,13216
20210103,5호선,목동,4298,4382,8680
20210103,5호선,신정,3676,3329,7005
20210103,5호선,까치산,9147,9325,18472
20210103,5호선,화곡,8121,7819,15940
20210103,5호선,우장산,3503,3673,7176
20210103,5호선,발산,4377,4545,8922
20210103,5호선,마곡,1694,1750,3444
20210103,5호선,송정,2161,2235,4396
20210103,5호선,김포공항,4661,3779,8440
20210103,5호선,개화산,1609,1698,3307
20210103,5호선,방화,2112,2108,4220
20210103,4호선,쌍문,9272,8337,17609
20210103,4호선,창동,8467,8836,17303
20210103,4호선,노원,6418,6921,13339
20210103,4호선,상계,6098,5675,11773
20210103,4호선,당고개,4684,4278,8962
20210103,4호선,남태령,306,303,609
20210103,4호선,사당,7229,7514,14743
20210103,4호선,총신대입구,5490,6075,11565
20210103,4호선,동작,881,929,1810
20210103,4호선,이촌,1714,1974,3688
20210103,4호선,신용산,3802,3663,7465
20210103,4호선,삼각지,897,1152,2049
20210103,4호선,숙대입구,3158,3088,6246
20210103,4호선,서울역,2091,3664,5755
20210103,4호선,회현,4778,4785,9563
20210103,4호선,명동,4513,4772,9285
20210103,4호선,충무로,3715,3934,7649
20210103,4호선,동대문역사문화공원,4408,4630,9038
20210103,4호선,동대문,3477,3958,7435
20210103,4호선,혜화,8355,8621,16976
20210103,4호선,한성대입구,4111,4241,8352
20210103,4호선,성신여대입구,6559,6653,13212
20210103,4호선,길음,5246,5261,10507
20210103,4호선,미아사거리,9586,9211,18797
20210103,4호선,미아,4754,4626,9380
20210103,4호선,수유,11878,11498,23376
20210103,3호선,오금,1379,1337,2716
20210103,3호선,경찰병원,1536,1612,3148
20210103,3호선,가락시장,2291,2498,4789
20210103,3호선,수서,5413,4996,10409
20210103,3호선,일원,1784,1952,3736
20210103,3호선,대청,2254,2244,4498
20210103,3호선,학여울,436,428,864
20210103,3호선,대치,2667,2514,5181
20210103,3호선,도곡,1076,1196,2272
20210103,3호선,매봉,2197,2267,4464
20210103,3호선,양재,6236,7731,13967
20210103,3호선,남부터미널,8597,7712,16309
20210103,3호선,교대,1797,1278,3075
20210103,3호선,고속터미널,25617,19273,44890
20210103,3호선,잠원,1115,1183,2298
20210103,3호선,신사,6411,6654,13065
20210103,3호선,압구정,6934,7381,14315
20210103,3호선,옥수,2645,2925,5570
20210103,3호선,금호,2494,2377,4871
20210103,3호선,동대입구,2374,2817,5191
20210103,3호선,을지로3가,1195,1163,2358
20210103,3호선,종로3가,1459,1887,3346
20210103,3호선,안국,3288,3496,6784
20210103,3호선,경복궁,4169,4406,8575
20210103,3호선,독립문,2196,2446,4642
20210103,3호선,무악재,1070,1122,2192
20210103,3호선,홍제,5102,4978,10080
20210103,3호선,녹번,3859,3599,7458
20210103,3호선,불광,5886,6639,12525
20210103,3호선,연신내,12780,12211,24991
20210103,3호선,구파발,6026,6407,12433
20210103,3호선,지축,853,872,1725
20210103,2호선,용두,681,748,1429
20210103,2호선,신정네거리,2808,2686,5494
20210103,2호선,양천구청,1736,1750,3486
20210103,2호선,도림천,278,291,569
20210103,2호선,신설동,1742,1890,3632
20210103,2호선,신답,370,425,795
20210103,2호선,용답,950,1029,1979
20210103,2호선,충정로,2018,2117,4135
20210103,2호선,아현,2899,3009,5908
20210103,2호선,이대,3050,3484,6534
20210103,2호선,신촌,10446,10634,21080
20210103,2호선,홍대입구,17297,17265,34562
20210103,2호선,합정,8798,9002,17800
20210103,2호선,당산,4490,4848,9338
20210103,2호선,영등포구청,4462,4879,9341
20210103,2호선,문래,3675,3942,7617
20210103,2호선,신도림,14572,14507,29079
20210103,2호선,대림,8910,8812,17722
20210103,2호선,구로디지털단지,13608,13914,27522
20210103,2호선,신대방,8972,9058,18030
20210103,2호선,신림,21370,22647,44017
20210103,2호선,봉천,7086,7396,14482
20210103,2호선,서울대입구,14441,15858,30299
20210103,2호선,낙성대,8457,9615,18072
20210103,2호선,사당,10723,11707,22430
20210103,2호선,방배,3381,3670,7051
20210103,2호선,서초,3492,3270,6762
20210103,2호선,교대,5078,5658,10736
20210103,2호선,강남,15585,14888,30473
20210103,2호선,역삼,6076,6918,12994
20210103,2호선,선릉,6908,6282,13190
20210103,2호선,삼성,9945,9651,19596
20210103,2호선,종합운동장,1635,1846,3481
20210103,2호선,잠실새내,5613,5982,11595
20210103,2호선,잠실,22484,21105,43589
20210103,2호선,잠실나루,2637,2785,5422
20210103,2호선,강변,12926,10948,23874
20210103,2호선,구의,6602,6820,13422
20210103,2호선,건대입구,12637,13651,26288
20210103,2호선,성수,4985,5691,10676
20210103,2호선,뚝섬,3684,3942,7626
20210103,2호선,한양대,1171,1361,2532
20210103,2호선,왕십리,4662,4086,8748
20210103,2호선,상왕십리,3770,3939,7709
20210103,2호선,신당,4685,5114,9799
20210103,2호선,동대문역사문화공원,3603,4537,8140
20210103,2호선,을지로4가,1508,1444,2952
20210103,2호선,을지로3가,2683,2471,5154
20210103,2호선,을지로입구,8792,8473,17265
20210103,2호선,시청,2120,1741,3861
20210103,1호선,청량리,7920,7810,15730
20210103,1호선,제기동,5641,6088,11729
20210103,1호선,신설동,4245,4413,8658
20210103,1호선,동대문,5211,5605,10816
20210103,1호선,종로5가,3881,4125,8006
20210103,1호선,종로3가,6507,5928,12435
20210103,1호선,종각,5717,5337,11054
20210103,1호선,시청,3296,3144,6440
20210103,1호선,동묘앞,7806,7925,15731
20210103,1호선,서울역,14459,11444,25903
20210103,7호선,철산,5680,5817,11497
20210103,중앙선,신원,149,97,246
20210103,중앙선,국수,315,269,584
20210103,6호선,상월곡,1829,1720,3549
20210109,분당선,오리,5248,4483,9731
20210109,분당선,미금,7974,7943,15917
20210109,분당선,정자,7504,7683,15187
20210109,분당선,수내,6546,6242,12788
20210109,분당선,서현,13426,13329,26755
20210109,분당선,야탑,11646,12516,24162
20210109,분당선,모란,12226,12401,24627
20210109,분당선,태평,7961,7737,15698
20210109,분당선,가천대,3144,3643,6787
20210109,분당선,선정릉,2305,2419,4724
20210109,분당선,강남구청,3529,4042,7571
20210109,분당선,압구정로데오,11461,12019,23480
20210109,분당선,서울숲,3261,3280,6541
20210109,분당선,수원,4786,3994,8780
20210109,분당선,수서,5948,6146,12094
20210109,분당선,대모산입구,1803,1655,3458
20210109,분당선,개포동,1647,1666,3313
20210109,분당선,구룡,865,776,1641
20210109,분당선,도곡,2836,2728,5564
20210109,분당선,한티,7722,7553,15275
20210109,분당선,선릉,3524,5138,8662
20210109,과천선,범계,12881,12522,25403
20210109,과천선,평촌,6096,6114,12210
20210109,과천선,인덕원,9401,9318,18719
20210109,과천선,정부과천청사,3029,3175,6204
20210109,과천선,과천,2512,2087,4599
20210109,중앙선,지평,19,10,29
20210109,과천선,대공원,1151,1270,2421
20210109,과천선,경마공원,699,707,1406
20210109,중앙선,양원,617,587,1204
20210109,중앙선,망우,3638,3604,7242
20210109,중앙선,상봉,2913,3068,5981
20210109,중앙선,중랑,2883,2814,5697
20210109,중앙선,회기,11556,11076,22632
20210109,장항선,신창,519,484,1003
20210109,장항선,온양온천,2363,2407,4770
20210109,장항선,배방,552,491,1043
20210109,장항선,아산,1469,1473,2942
20210109,장항선,쌍용,971,836,1807
20210109,장항선,봉명,509,515,1024
20210109,일산선,대화,5316,5010,10326
20210109,일산선,주엽,3653,3607,7260
20210109,일산선,정발산,3609,3695,7304
20210109,일산선,마두,3078,3113,6191
20210109,일산선,백석,4916,5132,10048
20210109,일산선,대곡,681,581,1262
20210109,일산선,화정,7879,8243,16122
20210109,일산선,원당,5024,4830,9854
20210109,일산선,삼송,8452,8427,16879
20210109,일산선,원흥,4077,3907,7984
20210109,우이신설선,신설동,910,849,1759
20210109,우이신설선,보문,791,782,1573
20210109,우이신설선,성신여대입구,1772,2065,3837
20210109,우이신설선,정릉,2190,1960,4150
20210109,우이신설선,북한산보국문,2789,2655,5444
20210109,우이신설선,솔샘,2386,2163,4549
20210109,우이신설선,삼양사거리,1269,1278,2547
20210109,우이신설선,삼양,1049,1173,2222
20210109,우이신설선,화계,1687,1522,3209
20210109,우이신설선,가오리,1864,1810,3674
20210109,우이신설선,4.19민주묘지,1314,1228,2542
20210109,우이신설선,솔밭공원,1157,1100,2257
20210109,우이신설선,북한산우이,1345,1337,2682
20210109,안산선,수리산,1861,1655,3516
20210109,안산선,오이도,4153,4243,8396
20210109,안산선,정왕,3975,3985,7960
20210109,안산선,신길온천,799,771,1570
20210109,안산선,안산,6399,6416,12815
20210109,안산선,초지,1975,2020,3995
20210109,안산선,고잔,3717,3666,7383
20210109,안산선,중앙,8893,9288,18181
20210109,안산선,한대앞,4305,4433,8738
20210109,안산선,상록수,8076,8160,16236
20210109,안산선,반월,2205,2070,4275
20210109,안산선,대야미,2363,2085,4448
20210109,안산선,산본,7640,6908,14548
20210109,수인선,인천,598,977,1575
20210109,중앙선,원덕,143,139,282
20210109,중앙선,용문,857,978,1835
20210109,수인선,신포,856,886,1742
20210109,수인선,숭의,1739,1671,3410
20210109,수인선,인하대,3622,3227,6849
20210109,수인선,송도,1266,1187,2453
20210109,수인선,연수,2457,2508,4965
20210109,수인선,야목,123,102,225
20210109,수인선,어천,304,285,589
20210109,수인선,오목천,1196,1091,2287
20210109,수인선,고색,1630,1665,3295
20210109,분당선,매교,1268,1360,2628
20210109,수인선,원인재,2426,2594,5020
20210109,5호선,청구,1786,1615,3401
20210109,수인선,남동인더스파크,782,800,1582
20210109,수인선,호구포,1812,1748,3560
20210109,수인선,인천논현,2952,2984,5936
20210109,수인선,소래포구,2745,2925,5670
20210109,수인선,월곶,1326,1323,2649
20210109,수인선,달월,35,31,66
20210109,수인선,사리,1772,1542,3314
20210109,분당선,수원시청,7335,7815,15150
20210109,분당선,매탄권선,2389,2323,4712
20210109,분당선,망포,6451,6025,12476
20210109,분당선,영통,4498,4454,8952
20210109,분당선,청명,1876,1854,3730
20210109,분당선,상갈,2548,2540,5088
20210109,과천선,선바위,2948,2720,5668
20210109,공항철도 1호선,영종,1433,1514,2947
20210109,공항철도 1호선,인천공항2터미널,1533,1403,2936
20210109,공항철도 1호선,인천공항1터미널,2344,2493,4837
20210109,공항철도 1호선,공항화물청사,1153,1206,2359
20210109,공항철도 1호선,운서,3579,3675,7254
20210109,공항철도 1호선,청라국제도시,2272,2130,4402
20210109,공항철도 1호선,검암,2791,2798,5589
20210109,공항철도 1호선,계양,3483,3551,7034
20210109,공항철도 1호선,김포공항,5658,3140,8798
20210109,공항철도 1호선,마곡나루,1416,1386,2802
20210109,공항철도 1호선,디지털미디어시티,3125,3062,6187
20210109,공항철도 1호선,홍대입구,4761,4800,9561
20210109,공항철도 1호선,공덕,914,1378,2292
20210109,공항철도 1호선,서울역,3444,3378,6822
20210109,경춘선,춘천,605,584,1189
20210109,경춘선,남춘천,1199,1249,2448
20210109,경춘선,김유정,113,120,233
20210109,경춘선,강촌,189,212,401
20210109,경춘선,백양리,119,108,227
20210109,경춘선,굴봉산,37,39,76
20210109,경춘선,가평,687,681,1368
20210109,경춘선,상천,121,120,241
20210109,경춘선,청평,618,710,1328
20210109,경춘선,대성리,236,207,443
20210109,경춘선,마석,1610,1620,3230
20210109,경춘선,천마산,778,738,1516
20210109,경춘선,평내호평,2510,2517,5027
20210109,경춘선,금곡,618,567,1185
20210109,경춘선,사릉,1326,1301,2627
20210109,경춘선,퇴계원,1505,1441,2946
20210109,경춘선,별내,1244,1245,2489
20210109,경춘선,갈매,1128,1044,2172
20210109,경춘선,신내,573,579,1152
20210109,경인선,도화,1930,1817,3747
20210109,경인선,중동,4155,3939,8094
20210109,경인선,온수,2975,2753,5728
20210109,경인선,도원,1375,1368,2743
20210109,경인선,간석,2662,2549,5211
20210109,경인선,부개,3990,3764,7754
20210109,경인선,소사,4839,4529,9368
20210109,경인선,구일,2575,2490,5065
20210109,경인선,인천,1685,1360,3045
20210109,경인선,동인천,6874,6742,13616
20210109,경인선,제물포,4633,4527,9160
20210109,경인선,주안,10239,9370,19609
20210109,경인선,동암,8019,8354,16373
20210109,경인선,백운,3419,3424,6843
20210109,경인선,부평,18550,20233,38783
20210109,경인선,송내,11456,11568,23024
20210109,경인선,부천,18706,19707,38413
20210109,경인선,역곡,12928,12990,25918
20210109,경인선,오류동,5740,5583,11323
20210109,경인선,개봉,10423,10438,20861
20210109,경의선,임진강,6,11,17
20210109,경의선,문산,2372,2431,4803
20210109,경의선,파주,447,326,773
20210109,경의선,월롱,829,718,1547
20210109,경의선,금촌,3008,2923,5931
20210109,경의선,금릉,1952,1948,3900
20210109,경의선,운정,2337,2306,4643
20210109,경의선,야당,2778,2679,5457
20210109,경의선,탄현,3098,3159,6257
20210109,경의선,일산,3441,3458,6899
20210109,경의선,풍산,2248,2266,4514
20210109,경의선,백마,2358,2286,4644
20210109,경의선,곡산,188,201,389
20210109,경의선,능곡,1503,1552,3055
20210109,경의선,행신,2876,2924,5800
20210109,경의선,강매,1112,963,2075
20210109,경의선,화전,1611,1461,3072
20210109,경의선,수색,744,732,1476
20210109,경의선,디지털미디어시티,1037,970,2007
20210109,경의선,가좌,2283,2237,4520
20210109,경의선,홍대입구,820,931,1751
20210109,경의선,서강대,981,929,1910
20210109,경의선,공덕,1554,1105,2659
20210109,경의선,효창공원앞,1104,1270,2374
20210109,경의선,신촌,201,205,406
20210109,경의선,서울역,589,664,1253
20210109,경원선,소요산,1382,1191,2573
20210109,경원선,동두천,883,1019,1902
20210109,경원선,보산,906,919,1825
20210109,경원선,동두천중앙,1381,1459,2840
20210109,경원선,지행,3031,2995,6026
20210109,경원선,덕정,2420,2359,4779
20210109,경원선,덕계,1143,1131,2274
20210109,경원선,양주,3273,3296,6569
20210109,경원선,녹양,2107,2009,4116
20210109,경원선,가능,3157,3127,6284
20210109,경원선,의정부,10443,10907,21350
20210109,경원선,회룡,5363,5504,10867
20210109,경원선,망월사,3393,3437,6830
20210109,경원선,도봉산,4422,2728,7150
20210109,경원선,도봉,2834,2691,5525
20210109,경원선,방학,4597,4534,9131
20210109,경원선,녹천,2206,1970,4176
20210109,경원선,월계,2953,2718,5671
20210109,경원선,광운대,3589,3604,7193
20210109,경원선,석계,4123,4338,8461
20210109,경원선,신이문,4135,3902,8037
20210109,경원선,외대앞,3832,3852,7684
20210109,경원선,청량리,8046,9094,17140
20210109,경원선,왕십리,7411,8676,16087
20210109,경원선,응봉,815,668,1483
20210109,경원선,옥수,20,17,37
20210109,경원선,한남,1828,1696,3524
20210109,경원선,서빙고,762,721,1483
20210109,경원선,이촌,1786,1334,3120
20210109,경부선,광명,1323,1188,2511
20210109,경부선,서동탄,527,551,1078
20210109,경부선,당정,2609,2482,5091
20210109,경부선,천안,3040,3225,6265
20210109,경부선,두정,3008,2973,5981
20210109,경부선,직산,359,320,679
20210109,경부선,성환,1643,1587,3230
20210109,경부선,평택,7496,7175,14671
20210109,경부선,지제,1738,1557,3295
20210109,경부선,서정리,4046,3229,7275
20210109,경부선,송탄,2731,2457,5188
20210109,경부선,진위,647,544,1191
20210109,경부선,오산,5555,5390,10945
20210109,경부선,오산대,1560,1430,2990
20210109,경부선,세마,1248,1111,2359
20210109,경부선,병점,7141,7061,14202
20210109,경부선,세류,1461,1544,3005
20210109,경부선,독산,5757,5767,11524
20210109,경부선,수원,21380,23025,44405
20210109,경부선,화서,2886,2927,5813
20210109,경부선,성균관대,6211,6181,12392
20210109,경부선,의왕,3720,3693,7413
20210109,경부선,군포,3119,2919,6038
20210109,경부선,금정,11706,11807,23513
20210109,경부선,명학,3368,3224,6592
20210109,경부선,안양,11003,11050,22053
20210109,경부선,관악,3329,3253,6582
20210109,경부선,석수,4137,3937,8074
20210109,경부선,금천구청,5092,5225,10317
20210109,경부선,가산디지털단지,3829,5300,9129
20210109,경부선,구로,8388,8635,17023
20210109,경부선,신길,4159,3431,7590
20210109,경부선,신도림,1529,1551,3080
20210109,경부선,영등포,25182,25854,51036
20210109,경부선,대방,4890,4863,9753
20210109,경부선,노량진,4793,4605,9398
20210109,경부선,용산,16928,17657,34585
20210109,경부선,남영,3501,3701,7202
20210109,경부선,서울역,2336,775,3111
20210109,경강선,여주,994,1003,1997
20210109,경강선,세종대왕릉,127,136,263
20210109,경강선,부발,1171,876,2047
20210109,경강선,이천,1470,1538,3008
20210109,경강선,신둔도예촌,546,531,1077
20210109,경강선,곤지암,1116,1017,2133
20210109,경강선,초월,1452,1351,2803
20210109,경강선,경기광주,3167,3145,6312
20210109,경강선,삼동,958,941,1899
20210109,경강선,이매,474,387,861
20210109,경강선,판교,1981,1903,3884
20210109,9호선2~3단계,중앙보훈병원,2537,2287,4824
20210109,9호선2~3단계,둔촌오륜,449,411,860
20210109,9호선2~3단계,올림픽공원,2156,2116,4272
20210109,9호선2~3단계,한성백제,1228,1082,2310
20210109,9호선2~3단계,송파나루,2526,2616,5142
20210109,9호선2~3단계,석촌,3769,3175,6944
20210109,9호선2~3단계,석촌고분,3049,2978,6027
20210109,9호선2~3단계,삼전,3534,3466,7000
20210109,9호선2~3단계,종합운동장,1933,1811,3744
20210109,9호선2~3단계,봉은사,5856,5914,11770
20210109,9호선2~3단계,삼성중앙,2156,2122,4278
20210109,9호선2~3단계,선정릉,2998,3159,6157
20210109,9호선2~3단계,언주,4213,4098,8311
20210109,9호선,신논현,15833,15431,31264
20210109,9호선,사평,1292,1292,2584
20210109,9호선,고속터미널,6598,8880,15478
20210109,9호선,신반포,1425,1354,2779
20210109,9호선,구반포,1335,1394,2729
20210109,9호선,동작,706,509,1215
20210109,9호선,흑석,3588,3669,7257
20210109,9호선,노들,2001,1783,3784
20210109,9호선,노량진,11948,11933,23881
20210109,9호선,샛강,1702,1711,3413
20210109,9호선,여의도,4943,4681,9624
20210109,9호선,국회의사당,2489,2518,5007
20210109,9호선,당산,7724,7302,15026
20210109,9호선,선유도,2257,2333,4590
20210109,9호선,신목동,1270,1141,2411
20210109,9호선,염창,7233,6992,14225
20210109,9호선,등촌,4816,4808,9624
20210109,9호선,증미,3068,3087,6155
20210109,9호선,가양,9215,8906,18121
20210109,9호선,양천향교,3759,3791,7550
20210109,9호선,마곡나루,4506,4459,8965
20210109,9호선,신방화,3134,3114,6248
20210109,9호선,공항시장,1559,1695,3254
20210109,9호선,김포공항,4569,6287,10856
20210109,9호선,개화,799,685,1484
20210109,8호선,모란,2977,2367,5344
20210109,8호선,수진,3330,3108,6438
20210109,8호선,신흥,2901,3177,6078
20210109,8호선,단대오거리,5614,5273,10887
20210109,8호선,남한산성입구,6745,6122,12867
20210109,8호선,산성,3675,3704,7379
20210109,8호선,복정,4489,4002,8491
20210109,8호선,장지,9216,9025,18241
20210109,8호선,문정,6061,6066,12127
20210109,8호선,가락시장,4134,4099,8233
20210109,8호선,송파,3798,3855,7653
20210109,8호선,석촌,4155,4795,8950
20210109,8호선,잠실,9048,9634,18682
20210109,8호선,몽촌토성,2852,2854,5706
20210109,8호선,강동구청,4572,4655,9227
20210109,8호선,천호,9164,10522,19686
20210109,8호선,암사,8812,8351,17163
20210109,7호선,부평구청,4677,4280,8957
20210109,7호선,굴포천,4390,4559,8949
20210109,7호선,삼산체육관,1975,1874,3849
20210109,7호선,상동,6299,6436,12735
20210109,7호선,부천시청,6387,6480,12867
20210109,7호선,신중동,6451,6444,12895
20210109,7호선,춘의,3879,3836,7715
20210109,7호선,부천종합운동장,1938,1745,3683
20210109,7호선,까치울,3334,3440,6774
20210109,7호선,온수,4078,3979,8057
20210109,7호선,천왕,4646,4412,9058
20210109,7호선,광명사거리,11838,11963,23801
20210109,7호선,철산,10200,10223,20423
20210109,7호선,가산디지털단지,11121,10329,21450
20210109,7호선,남구로,6310,6580,12890
20210109,7호선,대림,4836,4972,9808
20210109,7호선,신풍,5733,5563,11296
20210109,7호선,보라매,4035,4038,8073
20210109,7호선,신대방삼거리,8109,7749,15858
20210109,7호선,장승배기,4942,4738,9680
20210109,7호선,상도,5006,4721,9727
20210109,7호선,숭실대입구,5518,5527,11045
20210109,7호선,남성,5697,5276,10973
20210109,7호선,이수,7955,7516,15471
20210109,7호선,내방,5808,5620,11428
20210109,7호선,고속터미널,7516,6647,14163
20210109,7호선,반포,3027,2806,5833
20210109,7호선,논현,8041,8832,16873
20210109,7호선,학동,7609,7835,15444
20210109,7호선,강남구청,6596,6899,13495
20210109,7호선,청담,7938,8252,16190
20210109,7호선,뚝섬유원지,3235,3247,6482
20210109,7호선,건대입구,7865,7517,15382
20210109,7호선,어린이대공원,5485,5262,10747
20210109,7호선,군자,7269,5854,13123
20210109,7호선,중곡,4755,4603,9358
20210109,7호선,용마산,2918,2835,5753
20210109,7호선,사가정,8519,8519,17038
20210109,7호선,면목,7942,7894,15836
20210109,7호선,상봉,9194,8877,18071
20210109,7호선,중화,5531,5433,10964
20210109,7호선,먹골,5188,5274,10462
20210109,7호선,태릉입구,4115,3738,7853
20210109,7호선,공릉,5719,5817,11536
20210109,7호선,하계,7929,7624,15553
20210109,7호선,중계,6184,5597,11781
20210109,7호선,노원,10695,10804,21499
20210109,7호선,마들,6194,5988,12182
20210109,7호선,수락산,6334,6420,12754
20210109,7호선,도봉산,3657,5147,8804
20210109,7호선,장암,779,486,1265
20210109,6호선,봉화산,3476,3324,6800
20210109,6호선,화랑대,4165,3356,7521
20210109,6호선,태릉입구,2493,2684,5177
20210109,6호선,석계,5872,5725,11597
20210109,6호선,돌곶이,3887,3740,7627
20210109,6호선,상월곡,2779,2440,5219
20210109,6호선,월곡,4893,4958,9851
20210109,6호선,고려대,3434,3327,6761
20210109,6호선,안암,3973,3915,7888
20210109,6호선,보문,3340,3079,6419
20210109,6호선,창신,1563,1242,2805
20210109,6호선,동묘앞,4761,4401,9162
20210109,6호선,신당,3672,2964,6636
20210109,6호선,청구,1648,1701,3349
20210109,6호선,약수,1567,1667,3234
20210109,6호선,버티고개,1016,1005,2021
20210109,6호선,한강진,2830,3359,6189
20210109,6호선,이태원,5244,5554,10798
20210109,6호선,녹사평,2326,2493,4819
20210109,6호선,삼각지,2287,2008,4295
20210109,6호선,효창공원앞,2998,2769,5767
20210109,6호선,공덕,6449,6241,12690
20210109,6호선,대흥,3356,3271,6627
20210109,6호선,광흥창,3345,3146,6491
20210109,6호선,상수,4230,4757,8987
20210109,6호선,합정,6773,6383,13156
20210109,6호선,망원,7604,8317,15921
20210109,6호선,마포구청,6307,5672,11979
20210109,6호선,월드컵경기장,2413,2488,4901
20210109,6호선,디지털미디어시티,4534,4720,9254
20210109,6호선,증산,5086,5032,10118
20210109,6호선,새절,5864,5620,11484
20210109,6호선,구산,3457,2816,6273
20210109,6호선,독바위,1358,1477,2835
20210109,6호선,불광,2425,2202,4627
20210109,6호선,역촌,1832,2062,3894
20210109,6호선,응암,8381,8460,16841
20210109,5호선,하남풍산,2159,2493,4652
20210109,5호선,미사,6433,6434,12867
20210109,5호선,마천,3016,3010,6026
20210109,5호선,거여,3480,3485,6965
20210109,5호선,개롱,2847,2980,5827
20210109,5호선,오금,1460,1375,2835
20210109,5호선,방이,3369,3298,6667
20210109,5호선,올림픽공원,1756,1584,3340
20210109,5호선,둔촌동,4235,4199,8434
20210109,5호선,상일동,6664,6308,12972
20210109,5호선,고덕,3819,3732,7551
20210109,5호선,명일,3784,3836,7620
20210109,5호선,굽은다리,4880,4629,9509
20210109,5호선,길동,4279,4499,8778
20210109,5호선,강동,9153,8577,17730
20210109,5호선,천호,11652,10961,22613
20210109,5호선,광나루,5639,5281,10920
20210109,5호선,아차산,7439,7501,14940
20210109,5호선,군자,5619,6053,11672
20210109,5호선,장한평,7245,7346,14591
20210109,5호선,답십리,7080,6647,13727
20210109,5호선,마장,2719,2581,5300
20210109,5호선,왕십리,2311,2749,5060
20210109,5호선,행당,3869,3403,7272
20210109,5호선,신금호,2782,2844,5626
20210109,5호선,동대문역사문화공원,777,953,1730
20210109,5호선,을지로4가,2132,2356,4488
20210109,5호선,종로3가,5267,5296,10563
20210109,5호선,광화문,7795,7786,15581
20210109,5호선,서대문,4395,4189,8584
20210109,5호선,충정로,1292,1179,2471
20210109,5호선,애오개,2476,2385,4861
20210109,5호선,공덕,4294,4731,9025
20210109,5호선,마포,4755,4785,9540
20210109,5호선,여의나루,2200,2195,4395
20210109,5호선,여의도,5389,5592,10981
20210109,5호선,신길,1704,1796,3500
20210109,5호선,영등포시장,4595,4634,9229
20210109,5호선,영등포구청,1284,1262,2546
20210109,5호선,양평,2501,2536,5037
20210109,5호선,오목교,10533,10848,21381
20210109,5호선,목동,7359,7556,14915
20210109,5호선,신정,6201,5282,11483
20210109,5호선,까치산,14392,14053,28445
20210109,5호선,화곡,13019,12245,25264
20210109,5호선,우장산,6129,6289,12418
20210109,5호선,발산,7784,8029,15813
20210109,5호선,마곡,2972,2826,5798
20210109,5호선,송정,3417,3385,6802
20210109,5호선,김포공항,4624,4711,9335
20210109,5호선,개화산,2343,2295,4638
20210109,5호선,방화,3246,3116,6362
20210109,4호선,쌍문,14322,13332,27654
20210109,4호선,창동,12544,13572,26116
20210109,4호선,노원,10321,11183,21504
20210109,4호선,상계,9202,8710,17912
20210109,4호선,당고개,5948,5849,11797
20210109,4호선,남태령,482,421,903
20210109,4호선,사당,11590,9885,21475
20210109,4호선,총신대입구,9375,10055,19430
20210109,4호선,동작,995,1004,1999
20210109,4호선,이촌,2861,3135,5996
20210109,4호선,신용산,5405,5855,11260
20210109,4호선,삼각지,1641,1869,3510
20210109,4호선,숙대입구,5503,5278,10781
20210109,4호선,서울역,3078,5493,8571
20210109,4호선,회현,9654,10130,19784
20210109,4호선,명동,6812,7686,14498
20210109,4호선,충무로,7511,7806,15317
20210109,4호선,동대문역사문화공원,6687,5580,12267
20210109,4호선,동대문,8469,8403,16872
20210109,4호선,혜화,12723,12776,25499
20210109,4호선,한성대입구,6493,6218,12711
20210109,4호선,성신여대입구,10530,10214,20744
20210109,4호선,길음,8498,8356,16854
20210109,4호선,미아사거리,14866,14815,29681
20210109,4호선,미아,7527,7309,14836
20210109,4호선,수유,18027,17865,35892
20210109,3호선,오금,2397,2252,4649
20210109,3호선,경찰병원,2814,2717,5531
20210109,3호선,가락시장,4385,4016,8401
20210109,3호선,수서,7502,7631,15133
20210109,3호선,일원,3653,3565,7218
20210109,3호선,대청,3860,3568,7428
20210109,3호선,학여울,809,788,1597
20210109,3호선,대치,5580,5200,10780
20210109,3호선,도곡,2264,2234,4498
20210109,3호선,매봉,4000,3851,7851
20210109,3호선,양재,12243,13151,25394
20210109,3호선,남부터미널,12584,12628,25212
20210109,3호선,교대,3958,2464,6422
20210109,3호선,고속터미널,28566,28244,56810
20210109,3호선,잠원,2187,2012,4199
20210109,3호선,신사,16581,16975,33556
20210109,3호선,압구정,17258,17460,34718
20210109,3호선,옥수,4153,4337,8490
20210109,3호선,금호,3977,3722,7699
20210109,3호선,약수,6102,5720,11822
20210109,3호선,동대입구,2935,3145,6080
20210109,3호선,을지로3가,2947,3198,6145
20210109,3호선,종로3가,2791,3670,6461
20210109,3호선,안국,5362,5784,11146
20210109,3호선,경복궁,6056,5991,12047
20210109,3호선,독립문,3189,3245,6434
20210109,3호선,무악재,1758,1781,3539
20210109,3호선,홍제,8332,8123,16455
20210109,3호선,녹번,6500,5730,12230
20210109,3호선,불광,8082,9168,17250
20210109,3호선,연신내,19367,18600,37967
20210109,3호선,구파발,9151,9183,18334
20210109,3호선,지축,1290,1321,2611
20210109,2호선,용두,1131,1106,2237
20210109,2호선,신정네거리,4491,4718,9209
20210109,2호선,양천구청,2765,2959,5724
20210109,2호선,도림천,686,656,1342
20210109,2호선,신설동,2119,1956,4075
20210109,2호선,신답,603,668,1271
20210109,2호선,용답,1395,1308,2703
20210109,2호선,충정로,3544,3646,7190
20210109,2호선,아현,4843,4757,9600
20210109,2호선,이대,5859,5923,11782
20210109,2호선,신촌,18366,18536,36902
20210109,2호선,홍대입구,28225,29239,57464
20210109,2호선,합정,14700,15157,29857
20210109,2호선,당산,7268,8070,15338
20210109,2호선,영등포구청,8367,8590,16957
20210109,2호선,문래,7311,7493,14804
20210109,2호선,신도림,25220,25470,50690
20210109,2호선,대림,12001,12852,24853
20210109,2호선,구로디지털단지,23215,23597,46812
20210109,2호선,신대방,13475,13401,26876
20210109,2호선,신림,35077,34224,69301
20210109,2호선,봉천,12101,11561,23662
20210109,2호선,서울대입구,24782,23907,48689
20210109,2호선,낙성대,14298,13590,27888
20210109,2호선,사당,17801,18888,36689
20210109,2호선,방배,6461,6640,13101
20210109,2호선,서초,6089,5511,11600
20210109,2호선,교대,11005,12060,23065
20210109,2호선,강남,36597,35527,72124
20210109,2호선,역삼,13663,14337,28000
20210109,2호선,선릉,15665,14007,29672
20210109,2호선,삼성,18302,18113,36415
20210109,2호선,종합운동장,2604,2778,5382
20210109,2호선,잠실새내,10943,11288,22231
20210109,2호선,잠실,35370,34201,69571
20210109,2호선,잠실나루,4631,4478,9109
20210109,2호선,강변,14590,14675,29265
20210109,2호선,구의,11171,11265,22436
20210109,2호선,건대입구,19175,20984,40159
20210109,2호선,성수,9338,10213,19551
20210109,2호선,뚝섬,6554,6738,13292
20210109,2호선,한양대,2734,2725,5459
20210109,2호선,왕십리,8790,7365,16155
20210109,2호선,상왕십리,6368,6105,12473
20210109,2호선,신당,7195,7357,14552
20210109,2호선,동대문역사문화공원,5569,5751,11320
20210109,2호선,을지로4가,4848,4813,9661
20210109,2호선,을지로3가,5270,5208,10478
20210109,2호선,을지로입구,13031,13002,26033
20210109,2호선,시청,3740,3266,7006
20210109,1호선,청량리,11244,10953,22197
20210109,1호선,제기동,8808,9038,17846
20210109,1호선,신설동,5946,5950,11896
20210109,1호선,동대문,6780,6012,12792
20210109,1호선,종로5가,10212,10244,20456
20210109,1호선,종로3가,11016,10443,21459
20210109,1호선,종각,9390,8893,18283
20210109,1호선,시청,4859,4737,9596
20210109,1호선,동묘앞,6238,6212,12450
20210109,1호선,서울역,15359,14965,30324
20210109,분당선,기흥,4592,4346,8938
20210109,분당선,신갈,1933,1912,3845
20210109,분당선,구성,2060,2173,4233
20210109,분당선,죽전,7036,7903,14939
20210109,분당선,보정,971,871,1842
20210109,분당선,이매,2540,2497,5037
20210109,중앙선,구리,6151,6512,12663
20210109,중앙선,양평,1245,1222,2467
20210109,중앙선,오빈,132,139,271
20210109,중앙선,아신,248,240,488
20210109,중앙선,국수,292,322,614
20210109,중앙선,신원,81,98,179
20210109,중앙선,양수,843,865,1708
20210109,중앙선,운길산,389,431,820
20210109,중앙선,팔당,601,639,1240
20210109,중앙선,도심,936,828,1764
20210109,중앙선,덕소,2619,2611,5230
20210109,중앙선,양정,294,259,553
20210109,중앙선,도농,3852,3836,7688
20210110,2호선,건대입구,14025,14833,28858
20210110,5호선,서대문,3088,2994,6082
20210110,2호선,삼성,12179,11868,24047
20210110,2호선,선릉,8310,7174,15484
20210110,2호선,역삼,7045,7794,14839
20210110,2호선,강남,17351,16793,34144
20210110,2호선,교대,5905,6568,12473
20210110,2호선,서초,3591,3318,6909
20210110,2호선,방배,3907,4211,8118
20210110,2호선,사당,11467,12736,24203
20210110,2호선,낙성대,9578,9799,19377
20210110,2호선,서울대입구,16483,16693,33176
20210110,2호선,봉천,7943,7841,15784
20210110,2호선,신림,23886,23482,47368
20210110,2호선,신대방,9748,9337,19085
20210110,2호선,구로디지털단지,14857,14606,29463
20210110,2호선,대림,9403,9330,18733
20210110,2호선,신도림,16492,16363,32855
20210110,2호선,문래,3870,4086,7956
20210110,2호선,영등포구청,4910,4903,9813
20210110,2호선,당산,4915,5302,10217
20210110,2호선,합정,10019,10182,20201
20210110,2호선,홍대입구,20726,20287,41013
20210110,2호선,신촌,12334,11965,24299
20210110,2호선,이대,3650,3871,7521
20210110,2호선,아현,3033,3090,6123
20210110,2호선,충정로,2316,2393,4709
20210110,2호선,용답,1042,1104,2146
20210110,2호선,신답,383,421,804
20210110,2호선,신설동,1737,1768,3505
20210110,2호선,도림천,314,304,618
20210110,2호선,양천구청,1770,1854,3624
20210110,2호선,신정네거리,2847,2896,5743
20210110,2호선,용두,679,664,1343
20210110,3호선,지축,926,906,1832
20210110,3호선,구파발,6049,6270,12319
20210110,3호선,연신내,13286,12627,25913
20210110,3호선,불광,5814,6551,12365
20210110,3호선,녹번,4077,3753,7830
20210110,3호선,무악재,1112,1162,2274
20210110,중앙선,용문,1079,936,2015
20210110,중앙선,원덕,145,105,250
20210110,중앙선,양평,973,946,1919
20210110,중앙선,오빈,91,89,180
20210110,중앙선,아신,193,185,378
20210110,중앙선,국수,250,258,508
20210110,중앙선,신원,126,74,200
20210110,중앙선,양수,730,713,1443
20210110,중앙선,운길산,566,502,1068
20210110,중앙선,팔당,700,730,1430
20210110,중앙선,도심,693,658,1351
20210110,중앙선,덕소,1941,1953,3894
20210110,중앙선,양정,212,187,399
20210110,중앙선,도농,2610,2643,5253
20210110,중앙선,구리,4328,4598,8926
20210110,중앙선,양원,425,495,920
20210110,중앙선,망우,2528,2482,5010
20210110,중앙선,상봉,2228,2131,4359
20210110,중앙선,중랑,2044,1957,4001
20210110,중앙선,회기,8376,8366,16742
20210110,장항선,신창,459,488,947
20210110,장항선,온양온천,1867,1958,3825
20210110,장항선,배방,381,471,852
20210110,장항선,아산,1500,1151,2651
20210110,장항선,쌍용,687,695,1382
20210110,장항선,봉명,367,343,710
20210110,일산선,대화,3783,3549,7332
20210110,일산선,주엽,2429,2394,4823
20210110,일산선,정발산,2723,2664,5387
20210110,일산선,마두,1903,1905,3808
20210110,일산선,백석,3586,3509,7095
20210110,일산선,대곡,528,395,923
20210110,일산선,화정,5534,5747,11281
20210110,일산선,원당,3622,3568,7190
20210110,일산선,삼송,6259,6203,12462
20210110,일산선,원흥,2809,2714,5523
20210110,우이신설선,신설동,676,647,1323
20210110,우이신설선,보문,533,564,1097
20210110,우이신설선,성신여대입구,1224,1411,2635
20210110,우이신설선,정릉,1517,1344,2861
20210110,우이신설선,북한산보국문,2033,1946,3979
20210110,우이신설선,솔샘,1567,1417,2984
20210110,우이신설선,삼양사거리,907,913,1820
20210110,우이신설선,삼양,715,749,1464
20210110,우이신설선,화계,1212,1126,2338
20210110,우이신설선,가오리,1404,1340,2744
20210110,우이신설선,4.19민주묘지,1158,968,2126
20210110,우이신설선,솔밭공원,831,833,1664
20210110,우이신설선,북한산우이,1435,1454,2889
20210110,안산선,수리산,1258,1184,2442
20210110,안산선,오이도,3103,3024,6127
20210110,안산선,정왕,2969,3182,6151
20210110,안산선,신길온천,604,560,1164
20210110,안산선,안산,6123,5547,11670
20210110,안산선,초지,1309,1271,2580
20210110,안산선,고잔,2439,2333,4772
20210110,안산선,중앙,6295,6171,12466
20210110,안산선,한대앞,3024,2981,6005
20210110,안산선,상록수,5626,5510,11136
20210110,안산선,반월,1424,1504,2928
20210110,안산선,대야미,1680,1524,3204
20210110,안산선,산본,4923,4359,9282
20210110,수인선,인천,489,759,1248
20210110,수인선,신포,627,558,1185
20210110,수인선,숭의,1216,1115,2331
20210110,수인선,인하대,1910,1805,3715
20210110,수인선,송도,890,905,1795
20210110,수인선,연수,1758,1723,3481
20210110,수인선,원인재,1752,1763,3515
20210110,수인선,남동인더스파크,370,400,770
20210110,수인선,호구포,1168,1204,2372
20210110,수인선,인천논현,1793,1862,3655
20210110,수인선,소래포구,2473,2419,4892
20210110,수인선,월곶,962,928,1890
20210110,수인선,달월,32,29,61
20210110,수인선,사리,1266,1120,2386
20210110,수인선,야목,81,74,155
20210110,수인선,어천,211,293,504
20210110,수인선,오목천,786,752,1538
20210110,수인선,고색,969,942,1911
20210110,분당선,매교,822,840,1662
20210110,분당선,수원시청,4634,4490,9124
20210110,분당선,매탄권선,1503,1489,2992
20210110,분당선,망포,3974,4203,8177
20210110,분당선,영통,2761,2629,5390
20210110,분당선,청명,1157,1150,2307
20210110,분당선,상갈,1721,1708,3429
20210110,분당선,기흥,3009,2960,5969
20210110,분당선,신갈,1153,1236,2389
20210110,분당선,구성,1307,1384,2691
20210110,분당선,죽전,4589,5145,9734
20210110,분당선,보정,615,572,1187
20210110,분당선,이매,1579,1619,3198
20210110,분당선,오리,3411,3058,6469
20210110,분당선,미금,4424,4289,8713
20210110,분당선,정자,4678,4848,9526
20210110,분당선,수내,4074,3991,8065
20210110,분당선,서현,8923,8905,17828
20210110,분당선,야탑,7717,7977,15694
20210110,분당선,모란,6923,7069,13992
20210110,분당선,태평,5380,5044,10424
20210110,분당선,가천대,2156,2651,4807
20210110,분당선,선정릉,1379,1464,2843
20210110,분당선,강남구청,1904,2310,4214
20210110,분당선,압구정로데오,5921,6288,12209
20210110,분당선,서울숲,2193,2215,4408
20210110,분당선,수원,3428,2951,6379
20210110,분당선,수서,4379,4461,8840
20210110,분당선,대모산입구,911,827,1738
20210110,분당선,개포동,1038,1034,2072
20210110,분당선,구룡,340,379,719
20210110,분당선,도곡,1431,1427,2858
20210110,분당선,한티,4615,4645,9260
20210110,분당선,선릉,1847,2532,4379
20210110,과천선,범계,8451,8084,16535
20210110,과천선,평촌,3806,3700,7506
20210110,과천선,인덕원,6125,6231,12356
20210110,과천선,정부과천청사,2140,2134,4274
20210110,과천선,과천,1649,1422,3071
20210110,과천선,대공원,1362,1488,2850
20210110,과천선,경마공원,534,514,1048
20210110,과천선,선바위,1855,1895,3750
20210110,공항철도 1호선,영종,1211,1154,2365
20210110,공항철도 1호선,인천공항2터미널,1415,1392,2807
20210110,공항철도 1호선,인천공항1터미널,2340,2434,4774
20210110,공항철도 1호선,공항화물청사,858,899,1757
20210110,공항철도 1호선,운서,2917,3110,6027
20210110,공항철도 1호선,청라국제도시,1624,1509,3133
20210110,공항철도 1호선,검암,2146,2124,4270
20210110,공항철도 1호선,계양,2567,2517,5084
20210110,공항철도 1호선,김포공항,5375,2999,8374
20210110,공항철도 1호선,마곡나루,981,1044,2025
20210110,공항철도 1호선,디지털미디어시티,2061,2048,4109
20210110,공항철도 1호선,홍대입구,3779,3464,7243
20210110,공항철도 1호선,공덕,597,794,1391
20210110,공항철도 1호선,서울역,3342,2723,6065
20210110,경춘선,춘천,578,559,1137
20210110,경춘선,남춘천,1149,1141,2290
20210110,경춘선,김유정,199,187,386
20210110,경춘선,강촌,278,250,528
20210110,경춘선,백양리,110,112,222
20210110,경춘선,굴봉산,68,79,147
20210110,경춘선,가평,585,551,1136
20210110,경춘선,상천,136,122,258
20210110,경춘선,청평,643,539,1182
20210110,경춘선,대성리,220,166,386
20210110,경춘선,마석,1209,1210,2419
20210110,경춘선,천마산,596,591,1187
20210110,경춘선,평내호평,1835,1715,3550
20210110,경춘선,금곡,465,437,902
20210110,경춘선,사릉,896,982,1878
20210110,경춘선,퇴계원,1125,1055,2180
20210110,경춘선,별내,921,888,1809
20210110,경춘선,갈매,803,701,1504
20210110,경춘선,신내,400,441,841
20210110,경인선,도화,1393,1328,2721
20210110,경인선,중동,2889,2656,5545
20210110,경인선,온수,1941,1913,3854
20210110,경인선,도원,900,918,1818
20210110,경인선,간석,1940,1820,3760
20210110,경인선,부개,2729,2589,5318
20210110,경인선,소사,3515,3382,6897
20210110,경인선,구일,1766,1737,3503
20210110,경인선,인천,1444,1169,2613
20210110,경인선,동인천,5237,5054,10291
20210110,경인선,제물포,3327,3233,6560
20210110,경인선,주안,7157,6316,13473
20210110,경인선,동암,5900,5771,11671
20210110,경인선,백운,2359,2289,4648
20210110,경인선,부평,13550,13867,27417
20210110,경인선,송내,7609,7504,15113
20210110,경인선,부천,13245,12799,26044
20210110,경인선,역곡,9003,8738,17741
20210110,경인선,오류동,3984,3772,7756
20210110,경인선,개봉,7134,7042,14176
20210110,경의선,임진강,11,10,21
20210110,경의선,문산,1779,1764,3543
20210110,경의선,파주,324,277,601
20210110,경의선,월롱,453,860,1313
20210110,경의선,금촌,2240,2478,4718
20210110,경의선,금릉,1430,1393,2823
20210110,경의선,운정,1772,1680,3452
20210110,경의선,야당,2038,1875,3913
20210110,경의선,탄현,2125,2097,4222
20210110,경의선,일산,2423,2316,4739
20210110,경의선,풍산,1792,1591,3383
20210110,경의선,백마,1661,1688,3349
20210110,경의선,곡산,139,145,284
20210110,경의선,능곡,1198,1154,2352
20210110,경의선,행신,2156,2170,4326
20210110,경의선,강매,728,728,1456
20210110,경의선,화전,426,404,830
20210110,경의선,수색,497,513,1010
20210110,경의선,디지털미디어시티,686,644,1330
20210110,경의선,가좌,1486,1514,3000
20210110,경의선,홍대입구,683,683,1366
20210110,경의선,서강대,626,660,1286
20210110,경의선,공덕,953,740,1693
20210110,경의선,효창공원앞,744,873,1617
20210110,경의선,신촌,126,140,266
20210110,경의선,서울역,450,450,900
20210110,경원선,소요산,1705,1482,3187
20210110,경원선,동두천,712,814,1526
20210110,경원선,보산,774,697,1471
20210110,경원선,동두천중앙,1187,1169,2356
20210110,경원선,지행,2421,2287,4708
20210110,경원선,덕정,1886,1910,3796
20210110,경원선,덕계,876,768,1644
20210110,경원선,양주,2451,2476,4927
20210110,경원선,녹양,1515,1476,2991
20210110,경원선,가능,2298,2182,4480
20210110,경원선,의정부,8148,8021,16169
20210110,경원선,회룡,3845,3783,7628
20210110,경원선,망월사,2491,2495,4986
20210110,경원선,도봉산,4527,3068,7595
20210110,경원선,도봉,2048,1886,3934
20210110,경원선,방학,3248,3175,6423
20210110,경원선,녹천,1562,1300,2862
20210110,경원선,월계,2066,1919,3985
20210110,경원선,광운대,2580,2585,5165
20210110,경원선,석계,2860,3063,5923
20210110,경원선,신이문,2935,2670,5605
20210110,경원선,외대앞,2840,2704,5544
20210110,경원선,청량리,6799,6746,13545
20210110,경원선,왕십리,5011,5648,10659
20210110,경원선,응봉,568,530,1098
20210110,경원선,옥수,35,17,52
20210110,경원선,한남,1192,1185,2377
20210110,경원선,서빙고,501,510,1011
20210110,경원선,이촌,1093,938,2031
20210110,경부선,광명,1170,926,2096
20210110,경부선,서동탄,444,397,841
20210110,경부선,당정,1785,1762,3547
20210110,경부선,천안,3057,2966,6023
20210110,경부선,두정,2291,2557,4848
20210110,경부선,직산,281,333,614
20210110,경부선,성환,1365,1568,2933
20210110,경부선,평택,6295,6716,13011
20210110,경부선,지제,1170,1214,2384
20210110,경부선,서정리,2359,3572,5931
20210110,경부선,송탄,2141,2343,4484
20210110,경부선,진위,406,436,842
20210110,경부선,오산,4387,4786,9173
20210110,경부선,오산대,1189,1122,2311
20210110,경부선,세마,871,831,1702
20210110,경부선,병점,5095,5691,10786
20210110,경부선,세류,1128,1181,2309
20210110,경부선,독산,3516,3575,7091
20210110,경부선,수원,18411,18242,36653
20210110,경부선,화서,2037,2017,4054
20210110,경부선,성균관대,4366,4591,8957
20210110,경부선,의왕,2481,2596,5077
20210110,경부선,군포,2104,2182,4286
20210110,경부선,금정,7977,8537,16514
20210110,경부선,명학,2138,2083,4221
20210110,경부선,안양,8110,7804,15914
20210110,경부선,관악,2601,2431,5032
20210110,경부선,석수,3021,2943,5964
20210110,경부선,금천구청,3597,3575,7172
20210110,경부선,가산디지털단지,2720,3668,6388
20210110,경부선,구로,5944,5923,11867
20210110,경부선,신길,2956,2468,5424
20210110,경부선,신도림,1083,1106,2189
20210110,경부선,영등포,19529,18997,38526
20210110,경부선,대방,3304,3676,6980
20210110,경부선,노량진,3418,3293,6711
20210110,경부선,용산,14700,13261,27961
20210110,경부선,남영,2260,2499,4759
20210110,경부선,서울역,2766,678,3444
20210110,경강선,여주,842,758,1600
20210110,경강선,세종대왕릉,111,112,223
20210110,경강선,부발,692,1259,1951
20210110,경강선,이천,1056,1194,2250
20210110,경강선,신둔도예촌,408,418,826
20210110,경강선,곤지암,747,885,1632
20210110,경강선,초월,870,924,1794
20210110,경강선,경기광주,2155,2168,4323
20210110,경강선,삼동,567,582,1149
20210110,경강선,이매,341,236,577
20210110,경강선,판교,1529,1399,2928
20210110,9호선2~3단계,중앙보훈병원,1782,1737,3519
20210110,9호선2~3단계,둔촌오륜,281,261,542
20210110,9호선2~3단계,올림픽공원,1546,1547,3093
20210110,9호선2~3단계,한성백제,799,693,1492
20210110,9호선2~3단계,송파나루,1675,1758,3433
20210110,9호선2~3단계,석촌,2588,2192,4780
20210110,9호선2~3단계,석촌고분,2028,2046,4074
20210110,9호선2~3단계,삼전,2402,2399,4801
20210110,9호선2~3단계,종합운동장,1178,1128,2306
20210110,9호선2~3단계,봉은사,4184,4049,8233
20210110,9호선2~3단계,삼성중앙,1234,1325,2559
20210110,9호선2~3단계,선정릉,1871,2078,3949
20210110,9호선2~3단계,언주,2280,2272,4552
20210110,9호선,신논현,8298,8100,16398
20210110,9호선,사평,743,823,1566
20210110,9호선,고속터미널,5219,6506,11725
20210110,9호선,신반포,728,766,1494
20210110,9호선,구반포,734,739,1473
20210110,9호선,동작,513,431,944
20210110,9호선,흑석,4422,3844,8266
20210110,9호선,노들,1498,1312,2810
20210110,9호선,노량진,8147,9035,17182
20210110,9호선,샛강,1003,1043,2046
20210110,9호선,여의도,3277,3022,6299
20210110,9호선,국회의사당,1833,1815,3648
20210110,9호선,당산,4977,4886,9863
20210110,9호선,선유도,1448,1465,2913
20210110,9호선,신목동,921,831,1752
20210110,9호선,염창,4888,4930,9818
20210110,9호선,등촌,2980,3060,6040
20210110,9호선,증미,1564,1591,3155
20210110,9호선,가양,5874,5885,11759
20210110,9호선,양천향교,2482,2569,5051
20210110,9호선,마곡나루,2885,2950,5835
20210110,9호선,신방화,2060,1976,4036
20210110,9호선,공항시장,984,1130,2114
20210110,9호선,김포공항,4012,5420,9432
20210110,9호선,개화,600,535,1135
20210110,8호선,모란,1736,1424,3160
20210110,8호선,수진,2107,1852,3959
20210110,8호선,신흥,1992,2060,4052
20210110,8호선,단대오거리,3404,3548,6952
20210110,8호선,남한산성입구,4306,4021,8327
20210110,8호선,산성,2528,2574,5102
20210110,8호선,복정,2668,2706,5374
20210110,8호선,장지,6121,6781,12902
20210110,8호선,문정,3461,3637,7098
20210110,8호선,가락시장,1872,2609,4481
20210110,8호선,송파,2338,2469,4807
20210110,8호선,석촌,2562,3018,5580
20210110,8호선,잠실,6210,6409,12619
20210110,8호선,몽촌토성,1893,1913,3806
20210110,8호선,강동구청,2761,2994,5755
20210110,8호선,천호,5905,6642,12547
20210110,8호선,암사,5736,5314,11050
20210110,7호선,부평구청,3087,2653,5740
20210110,7호선,굴포천,2728,2746,5474
20210110,7호선,삼산체육관,1247,1186,2433
20210110,7호선,상동,3884,3649,7533
20210110,7호선,부천시청,4025,3939,7964
20210110,7호선,신중동,4078,3996,8074
20210110,7호선,춘의,2131,2052,4183
20210110,7호선,부천종합운동장,1264,1209,2473
20210110,7호선,까치울,2223,2192,4415
20210110,7호선,온수,2448,2372,4820
20210110,7호선,천왕,2930,2887,5817
20210110,7호선,광명사거리,7910,7893,15803
20210110,7호선,철산,6309,6322,12631
20210110,7호선,가산디지털단지,7230,6687,13917
20210110,7호선,남구로,4590,4403,8993
20210110,7호선,대림,4006,3731,7737
20210110,7호선,신풍,3745,3511,7256
20210110,7호선,보라매,2741,2642,5383
20210110,7호선,신대방삼거리,5408,5345,10753
20210110,7호선,장승배기,3341,3186,6527
20210110,7호선,상도,4984,4704,9688
20210110,7호선,숭실대입구,3479,3605,7084
20210110,7호선,남성,3497,3592,7089
20210110,7호선,이수,4851,4583,9434
20210110,7호선,내방,3445,3490,6935
20210110,7호선,고속터미널,6412,4717,11129
20210110,7호선,반포,1693,1766,3459
20210110,7호선,논현,4205,4444,8649
20210110,7호선,학동,3786,3999,7785
20210110,7호선,강남구청,3622,3856,7478
20210110,7호선,청담,4082,4272,8354
20210110,7호선,뚝섬유원지,2344,2263,4607
20210110,7호선,건대입구,4941,4676,9617
20210110,7호선,어린이대공원,4161,4021,8182
20210110,7호선,군자,4695,3741,8436
20210110,7호선,중곡,3169,3165,6334
20210110,7호선,용마산,1962,2120,4082
20210110,7호선,사가정,5693,5685,11378
20210110,7호선,면목,5095,5205,10300
20210110,7호선,상봉,5681,5280,10961
20210110,7호선,중화,3552,3575,7127
20210110,7호선,먹골,3324,3351,6675
20210110,7호선,태릉입구,2740,2507,5247
20210110,7호선,공릉,3927,4041,7968
20210110,7호선,하계,5201,4987,10188
20210110,7호선,중계,4054,3786,7840
20210110,7호선,노원,7082,6798,13880
20210110,7호선,마들,3538,3330,6868
20210110,7호선,수락산,4700,4767,9467
20210110,7호선,도봉산,2863,4286,7149
20210110,7호선,장암,578,329,907
20210110,6호선,봉화산,2240,2204,4444
20210110,6호선,화랑대,2675,2334,5009
20210110,6호선,태릉입구,1760,1865,3625
20210110,6호선,석계,3941,4074,8015
20210110,6호선,돌곶이,2643,2480,5123
20210110,6호선,상월곡,1884,1673,3557
20210110,6호선,월곡,3192,3182,6374
20210110,6호선,고려대,2345,2317,4662
20210110,6호선,안암,2864,2841,5705
20210110,6호선,보문,2400,2265,4665
20210110,6호선,창신,965,854,1819
20210110,6호선,동묘앞,3551,3461,7012
20210110,6호선,신당,1965,2802,4767
20210110,6호선,청구,1093,1013,2106
20210110,6호선,약수,1026,1008,2034
20210110,6호선,버티고개,677,705,1382
20210110,6호선,한강진,2177,2365,4542
20210110,6호선,이태원,4226,4052,8278
20210110,6호선,녹사평,1773,1718,3491
20210110,6호선,삼각지,1639,1352,2991
20210110,6호선,효창공원앞,1990,1817,3807
20210110,6호선,공덕,3702,3498,7200
20210110,6호선,대흥,2199,2202,4401
20210110,6호선,광흥창,2270,2174,4444
20210110,6호선,합정,4718,4226,8944
20210110,6호선,망원,5204,5578,10782
20210110,6호선,마포구청,4388,4003,8391
20210110,6호선,월드컵경기장,1621,1562,3183
20210110,6호선,디지털미디어시티,3076,3244,6320
20210110,6호선,증산,3395,3461,6856
20210110,6호선,새절,3962,3891,7853
20210110,6호선,구산,2342,1796,4138
20210110,6호선,연신내,1,0,1
20210110,6호선,독바위,893,1075,1968
20210110,6호선,불광,1820,1690,3510
20210110,6호선,역촌,1137,1366,2503
20210110,6호선,응암,5360,5487,10847
20210110,5호선,하남풍산,1676,1811,3487
20210110,5호선,미사,4277,4231,8508
20210110,5호선,마천,1928,2054,3982
20210110,5호선,거여,2195,2112,4307
20210110,5호선,개롱,1767,1917,3684
20210110,5호선,오금,961,953,1914
20210110,5호선,방이,2207,2154,4361
20210110,5호선,올림픽공원,1132,1005,2137
20210110,5호선,둔촌동,2691,2787,5478
20210110,5호선,상일동,4186,4092,8278
20210110,5호선,고덕,2289,2214,4503
20210110,5호선,명일,2363,2419,4782
20210110,5호선,굽은다리,3039,2986,6025
20210110,5호선,길동,2613,2805,5418
20210110,5호선,강동,5650,5537,11187
20210110,5호선,천호,7777,7267,15044
20210110,5호선,광나루,4117,3936,8053
20210110,5호선,아차산,5599,5679,11278
20210110,5호선,군자,3650,4031,7681
20210110,5호선,장한평,4473,4464,8937
20210110,5호선,답십리,4308,4115,8423
20210110,5호선,마장,1811,1785,3596
20210110,5호선,왕십리,1445,1599,3044
20210110,5호선,행당,2312,2156,4468
20210110,5호선,신금호,1831,1951,3782
20210110,5호선,청구,1058,1040,2098
20210110,5호선,동대문역사문화공원,494,586,1080
20210110,5호선,을지로4가,731,765,1496
20210110,5호선,종로3가,3553,3172,6725
20210110,5호선,광화문,5596,5671,11267
20210110,5호선,충정로,907,911,1818
20210110,5호선,애오개,1617,1699,3316
20210110,5호선,공덕,2587,2628,5215
20210110,5호선,마포,2955,2942,5897
20210110,5호선,여의나루,1620,1627,3247
20210110,5호선,여의도,3404,3799,7203
20210110,5호선,신길,1139,1346,2485
20210110,5호선,영등포시장,2667,2836,5503
20210110,5호선,영등포구청,746,767,1513
20210110,5호선,양평,1607,1606,3213
20210110,5호선,오목교,7074,7306,14380
20210110,5호선,목동,4596,4796,9392
20210110,5호선,신정,3883,3484,7367
20210110,5호선,까치산,9640,9480,19120
20210110,5호선,화곡,8524,8161,16685
20210110,5호선,우장산,3782,3954,7736
20210110,5호선,발산,4795,4871,9666
20210110,3호선,홍제,5427,5306,10733
20210110,5호선,마곡,1838,1860,3698
20210110,5호선,송정,2230,2248,4478
20210110,5호선,김포공항,4021,3775,7796
20210110,5호선,개화산,1631,1727,3358
20210110,5호선,방화,2144,2138,4282
20210110,4호선,쌍문,9606,8783,18389
20210110,4호선,창동,8650,9191,17841
20210110,4호선,노원,7098,7767,14865
20210110,4호선,상계,6204,5880,12084
20210110,4호선,당고개,4619,4510,9129
20210110,4호선,남태령,336,284,620
20210110,4호선,사당,7774,7898,15672
20210110,4호선,총신대입구,5930,6419,12349
20210110,4호선,동작,843,898,1741
20210110,4호선,이촌,1831,2123,3954
20210110,4호선,신용산,3719,3828,7547
20210110,4호선,삼각지,1040,1216,2256
20210110,4호선,숙대입구,3417,3332,6749
20210110,4호선,서울역,2268,4107,6375
20210110,4호선,회현,5037,5111,10148
20210110,4호선,명동,5013,4977,9990
20210110,4호선,충무로,5269,5230,10499
20210110,4호선,동대문역사문화공원,5097,5062,10159
20210110,4호선,동대문,3549,4145,7694
20210110,4호선,혜화,9476,9784,19260
20210110,4호선,한성대입구,4368,4367,8735
20210110,4호선,성신여대입구,7482,7193,14675
20210110,4호선,길음,5802,5729,11531
20210110,4호선,미아사거리,9877,9444,19321
20210110,4호선,미아,4947,4730,9677
20210110,4호선,수유,12588,11992,24580
20210110,3호선,오금,1679,1636,3315
20210110,3호선,경찰병원,1673,1680,3353
20210110,3호선,가락시장,2193,2416,4609
20210110,3호선,수서,5559,5521,11080
20210110,3호선,일원,2092,2275,4367
20210110,3호선,대청,2542,2400,4942
20210110,3호선,학여울,529,530,1059
20210110,3호선,대치,3146,2984,6130
20210110,3호선,도곡,1169,1233,2402
20210110,3호선,매봉,2539,2571,5110
20210110,3호선,양재,7309,8558,15867
20210110,3호선,남부터미널,8132,8433,16565
20210110,3호선,교대,2153,1502,3655
20210110,3호선,고속터미널,22270,21035,43305
20210110,3호선,잠원,1189,1231,2420
20210110,3호선,신사,7995,8190,16185
20210110,3호선,압구정,7621,7828,15449
20210110,3호선,옥수,2819,3098,5917
20210110,3호선,금호,2673,2619,5292
20210110,3호선,약수,3774,3689,7463
20210110,3호선,동대입구,5938,5922,11860
20210110,3호선,을지로3가,1423,1390,2813
20210110,3호선,종로3가,1715,2168,3883
20210110,3호선,안국,3727,3854,7581
20210110,3호선,경복궁,4190,4281,8471
20210110,3호선,독립문,2146,2278,4424
20210110,6호선,상수,2846,3187,6033
20210110,1호선,서울역,12915,11442,24357
20210110,1호선,동묘앞,7170,7380,14550
20210110,1호선,시청,3543,3372,6915
20210110,1호선,종각,6303,6017,12320
20210110,1호선,종로3가,7088,6445,13533
20210110,1호선,종로5가,4146,4306,8452
20210110,1호선,동대문,5239,5553,10792
20210110,1호선,신설동,4365,4328,8693
20210110,1호선,제기동,5566,5871,11437
20210110,중앙선,지평,20,14,34
20210110,2호선,성수,5572,6036,11608
20210110,2호선,뚝섬,4407,4478,8885
20210110,2호선,한양대,4616,4035,8651
20210110,2호선,왕십리,5598,4955,10553
20210110,2호선,상왕십리,4128,4090,8218
20210110,2호선,신당,5072,5279,10351
20210110,2호선,동대문역사문화공원,4167,5171,9338
20210110,1호선,청량리,8164,7965,16129
20210110,2호선,시청,2474,1960,4434
20210110,2호선,을지로입구,9868,9566,19434
20210110,2호선,을지로3가,3377,2991,6368
20210110,2호선,을지로4가,1759,1664,3423
20210110,2호선,종합운동장,1713,1821,3534
20210110,2호선,잠실새내,6410,6788,13198
20210110,2호선,잠실,24208,23250,47458
20210110,2호선,잠실나루,2868,2999,5867
20210110,2호선,강변,11181,11111,22292
20210110,2호선,구의,7214,7361,14575
20210116,분당선,수내,6627,6287,12914
20210116,3호선,잠원,2232,2123,4355
20210116,경원선,양주,4236,4081,8317
20210116,1호선,서울역,18125,17851,35976
20210116,1호선,동묘앞,8746,9028,17774
20210116,1호선,시청,6143,6108,12251
20210116,1호선,종각,11176,10574,21750
20210116,1호선,종로3가,14145,13348,27493
20210116,1호선,종로5가,13292,13110,26402
20210116,1호선,동대문,8287,7502,15789
20210116,1호선,신설동,7252,7007,14259
20210116,1호선,제기동,13126,13672,26798
20210116,1호선,청량리,15013,15017,30030
20210116,2호선,시청,5338,4594,9932
20210116,2호선,을지로입구,14577,14347,28924
20210116,2호선,을지로3가,6165,6093,12258
20210116,2호선,을지로4가,6196,6297,12493
20210116,2호선,동대문역사문화공원,6746,7112,13858
20210116,2호선,신당,8298,8521,16819
20210116,2호선,상왕십리,7105,6846,13951
20210116,2호선,왕십리,9363,7932,17295
20210116,2호선,한양대,2566,2436,5002
20210116,2호선,뚝섬,7326,7811,15137
20210116,2호선,성수,10701,11559,22260
20210116,2호선,건대입구,22665,24503,47168
20210116,2호선,구의,12330,12306,24636
20210116,2호선,강변,16861,17274,34135
20210116,2호선,잠실나루,5149,4976,10125
20210116,2호선,잠실,39752,37982,77734
20210116,2호선,잠실새내,11731,12214,23945
20210116,2호선,종합운동장,2875,3015,5890
20210116,2호선,삼성,19054,18846,37900
20210116,2호선,선릉,17347,15251,32598
20210116,2호선,역삼,14263,15158,29421
20210116,2호선,강남,40353,39736,80089
20210116,2호선,교대,12072,13097,25169
20210116,2호선,서초,6781,6095,12876
20210116,2호선,방배,7435,7674,15109
20210116,2호선,사당,19741,21643,41384
20210116,2호선,낙성대,16066,15383,31449
20210116,2호선,서울대입구,27892,27010,54902
20210116,2호선,봉천,13240,12487,25727
20210116,2호선,신림,38116,37059,75175
20210116,2호선,신대방,14915,14833,29748
20210116,2호선,구로디지털단지,26077,26266,52343
20210116,2호선,대림,13932,15010,28942
20210116,2호선,신도림,28644,28212,56856
20210116,2호선,문래,8076,8332,16408
20210116,2호선,영등포구청,9231,9314,18545
20210116,2호선,당산,8790,9540,18330
20210116,2호선,합정,17269,18041,35310
20210116,2호선,홍대입구,34850,36369,71219
20210116,2호선,신촌,21658,21195,42853
20210116,2호선,이대,6820,6931,13751
20210116,2호선,아현,5495,5409,10904
20210116,2호선,충정로,4081,4149,8230
20210116,2호선,용답,1562,1496,3058
20210116,2호선,신답,643,755,1398
20210116,2호선,신설동,2548,2443,4991
20210116,2호선,도림천,686,681,1367
20210116,2호선,양천구청,3053,3259,6312
20210116,2호선,신정네거리,5130,5433,10563
20210116,2호선,용두,1417,1435,2852
20210116,3호선,지축,1660,1645,3305
20210116,3호선,구파발,10653,10639,21292
20210116,3호선,연신내,22721,21735,44456
20210116,3호선,불광,9721,11117,20838
20210116,3호선,녹번,7364,6580,13944
20210116,3호선,홍제,9566,9267,18833
20210116,3호선,무악재,2021,2101,4122
20210116,3호선,독립문,3808,4088,7896
20210116,3호선,경복궁,7648,7681,15329
20210116,3호선,안국,6727,7309,14036
20210116,3호선,종로3가,3258,4511,7769
20210116,3호선,을지로3가,3258,3556,6814
20210116,3호선,충무로,2,0,2
20210116,3호선,동대입구,3586,4033,7619
20210116,3호선,약수,6968,6551,13519
20210116,3호선,금호,4418,4223,8641
20210116,3호선,옥수,4846,5058,9904
20210116,3호선,압구정,18539,19027,37566
20210116,3호선,신사,18234,18623,36857
20210116,3호선,고속터미널,31694,32232,63926
20210116,3호선,교대,4462,2730,7192
20210116,3호선,남부터미널,14420,14490,28910
20210116,3호선,양재,13424,14409,27833
20210116,3호선,매봉,4263,4281,8544
20210116,3호선,도곡,2346,2307,4653
20210116,3호선,대치,5718,5307,11025
20210116,3호선,학여울,856,806,1662
20210116,3호선,대청,4214,3802,8016
20210116,3호선,일원,3417,3466,6883
20210116,3호선,수서,8154,8149,16303
20210116,3호선,가락시장,4780,4485,9265
20210116,3호선,경찰병원,2915,2889,5804
20210116,3호선,오금,2637,2436,5073
20210116,4호선,수유,20067,19922,39989
20210116,4호선,미아,8447,8267,16714
20210116,4호선,미아사거리,16819,16637,33456
20210116,4호선,길음,9998,9635,19633
20210116,4호선,성신여대입구,12060,11468,23528
20210116,4호선,한성대입구,7453,7151,14604
20210116,4호선,혜화,15347,15441,30788
20210116,4호선,동대문,10050,10023,20073
20210116,4호선,동대문역사문화공원,7806,6535,14341
20210116,4호선,충무로,8607,8554,17161
20210116,4호선,명동,8463,9587,18050
20210116,4호선,회현,12046,12522,24568
20210116,4호선,서울역,3586,6546,10132
20210116,4호선,숙대입구,6093,5903,11996
20210116,4호선,삼각지,1833,2219,4052
20210116,4호선,신용산,6195,6555,12750
20210116,4호선,이촌,3319,3592,6911
20210116,4호선,동작,1333,1376,2709
20210116,4호선,총신대입구,10817,11656,22473
20210116,4호선,사당,13540,11448,24988
20210116,4호선,남태령,506,427,933
20210116,4호선,당고개,7425,6956,14381
20210116,4호선,상계,10576,10037,20613
20210116,4호선,노원,11663,12680,24343
20210116,4호선,창동,14588,15853,30441
20210116,4호선,쌍문,16155,15148,31303
20210116,5호선,방화,3626,3502,7128
20210116,5호선,개화산,2717,2739,5456
20210116,5호선,김포공항,4983,5039,10022
20210116,5호선,송정,3774,3713,7487
20210116,5호선,마곡,3475,3376,6851
20210116,5호선,발산,8549,8806,17355
20210116,5호선,우장산,6933,7061,13994
20210116,5호선,화곡,14822,14161,28983
20210116,5호선,까치산,15939,15734,31673
20210116,5호선,신정,6636,5843,12479
20210116,5호선,목동,8275,8597,16872
20210116,5호선,오목교,12128,12561,24689
20210116,5호선,양평,2835,2758,5593
20210116,5호선,영등포구청,1459,1386,2845
20210116,5호선,영등포시장,5126,5320,10446
20210116,5호선,신길,1766,2008,3774
20210116,5호선,여의도,6041,6365,12406
20210116,5호선,여의나루,2713,2684,5397
20210116,5호선,마포,5269,5313,10582
20210116,5호선,공덕,4833,5035,9868
20210116,5호선,애오개,2783,2635,5418
20210116,5호선,충정로,1427,1373,2800
20210116,5호선,서대문,5018,4851,9869
20210116,5호선,광화문,9472,9126,18598
20210116,5호선,종로3가,6679,6566,13245
20210116,5호선,을지로4가,2445,2526,4971
20210116,5호선,동대문역사문화공원,855,1023,1878
20210116,5호선,청구,2010,1846,3856
20210116,5호선,신금호,3120,3202,6322
20210116,5호선,행당,4086,3624,7710
20210116,5호선,왕십리,2638,2943,5581
20210116,5호선,마장,3131,3050,6181
20210116,5호선,답십리,7887,7301,15188
20210116,5호선,장한평,8213,8149,16362
20210116,5호선,군자,6319,6810,13129
20210116,5호선,아차산,8981,9079,18060
20210116,5호선,광나루,6752,6306,13058
20210116,5호선,천호,12860,12290,25150
20210116,5호선,강동,9916,9291,19207
20210116,5호선,길동,4674,4840,9514
20210116,5호선,굽은다리,5149,4976,10125
20210116,5호선,명일,4265,4360,8625
20210116,5호선,고덕,4803,4616,9419
20210116,5호선,상일동,7462,6943,14405
20210116,5호선,둔촌동,4885,4836,9721
20210116,5호선,올림픽공원,2150,1831,3981
20210116,5호선,방이,3540,3525,7065
20210116,5호선,오금,1501,1468,2969
20210116,5호선,개롱,3156,3295,6451
20210116,5호선,거여,3967,3802,7769
20210116,5호선,마천,3317,3460,6777
20210116,5호선,미사,7198,7008,14206
20210116,5호선,하남풍산,2558,2875,5433
20210116,6호선,응암,9866,9913,19779
20210116,6호선,역촌,1948,2284,4232
20210116,6호선,불광,3041,2752,5793
20210116,6호선,독바위,1514,1764,3278
20210116,6호선,구산,3977,3138,7115
20210116,6호선,새절,6918,6585,13503
20210116,6호선,증산,5850,5881,11731
20210116,6호선,디지털미디어시티,5202,5487,10689
20210116,6호선,월드컵경기장,2980,2988,5968
20210116,6호선,마포구청,7059,6301,13360
20210116,6호선,망원,9047,9752,18799
20210116,6호선,합정,7911,7424,15335
20210116,6호선,상수,4820,5457,10277
20210116,6호선,광흥창,3850,3633,7483
20210116,6호선,대흥,4530,4556,9086
20210116,6호선,공덕,7176,6718,13894
20210116,6호선,효창공원앞,3450,3108,6558
20210116,6호선,삼각지,2717,2249,4966
20210116,6호선,녹사평,2745,2949,5694
20210116,6호선,이태원,6346,6578,12924
20210116,6호선,한강진,3513,4241,7754
20210116,6호선,버티고개,1159,1135,2294
20210116,6호선,약수,1832,1918,3750
20210116,6호선,청구,1918,1951,3869
20210116,6호선,신당,4071,3227,7298
20210116,6호선,동묘앞,5881,5323,11204
20210116,6호선,창신,1686,1449,3135
20210116,6호선,보문,3774,3400,7174
20210116,6호선,안암,4404,4151,8555
20210116,6호선,고려대,3845,3749,7594
20210116,6호선,월곡,5945,5913,11858
20210116,6호선,상월곡,3225,2845,6070
20210116,6호선,돌곶이,4344,4121,8465
20210116,6호선,석계,6760,6674,13434
20210116,6호선,태릉입구,2966,3107,6073
20210116,6호선,화랑대,4615,3978,8593
20210116,6호선,봉화산,3896,3776,7672
20210116,6호선,신내,1,0,1
20210116,7호선,장암,985,666,1651
20210116,7호선,도봉산,4586,6681,11267
20210116,7호선,수락산,7444,7389,14833
20210116,7호선,마들,6820,6643,13463
20210116,7호선,노원,11713,11930,23643
20210116,7호선,중계,7001,6288,13289
20210116,7호선,하계,8958,8639,17597
20210116,7호선,공릉,6590,6407,12997
20210116,7호선,태릉입구,4499,4206,8705
20210116,7호선,먹골,5910,5772,11682
20210116,7호선,중화,6060,5988,12048
20210116,7호선,상봉,10198,9841,20039
20210116,7호선,면목,8683,8677,17360
20210116,7호선,사가정,9596,9556,19152
20210116,7호선,용마산,3429,3368,6797
20210116,7호선,중곡,5383,5278,10661
20210116,7호선,군자,8155,6316,14471
20210116,7호선,어린이대공원,6281,6083,12364
20210116,7호선,건대입구,8377,7878,16255
20210116,7호선,뚝섬유원지,3975,3984,7959
20210116,7호선,청담,8404,8780,17184
20210116,7호선,강남구청,7182,7721,14903
20210116,7호선,학동,7798,8230,16028
20210116,7호선,논현,8764,9363,18127
20210116,7호선,반포,3242,3008,6250
20210116,7호선,고속터미널,8770,7230,16000
20210116,7호선,내방,6247,6172,12419
20210116,7호선,이수,9021,8303,17324
20210116,7호선,남성,6102,5749,11851
20210116,7호선,숭실대입구,5985,5919,11904
20210116,7호선,상도,5492,5254,10746
20210116,7호선,장승배기,5255,5264,10519
20210116,7호선,신대방삼거리,9288,8747,18035
20210116,7호선,보라매,4957,4701,9658
20210116,7호선,신풍,6270,6107,12377
20210116,7호선,대림,5359,5652,11011
20210116,7호선,남구로,6953,7507,14460
20210116,7호선,가산디지털단지,11878,10773,22651
20210116,7호선,철산,11056,11472,22528
20210116,7호선,광명사거리,13457,13504,26961
20210116,7호선,천왕,5147,4920,10067
20210116,7호선,온수,4453,4386,8839
20210116,7호선,까치울,3725,3794,7519
20210116,7호선,부천종합운동장,2278,2004,4282
20210116,7호선,춘의,4270,4159,8429
20210116,7호선,신중동,7231,7158,14389
20210116,7호선,부천시청,7196,7032,14228
20210116,7호선,상동,6948,7128,14076
20210116,7호선,삼산체육관,2252,2107,4359
20210116,7호선,굴포천,4721,5019,9740
20210116,7호선,부평구청,5247,4661,9908
20210116,8호선,암사,9666,9122,18788
20210116,8호선,천호,9795,11019,20814
20210116,8호선,강동구청,4696,4919,9615
20210116,8호선,몽촌토성,3044,3063,6107
20210116,8호선,잠실,9550,10100,19650
20210116,8호선,석촌,4431,5178,9609
20210116,8호선,송파,4093,4228,8321
20210116,8호선,가락시장,4621,4555,9176
20210116,8호선,문정,6349,6480,12829
20210116,8호선,장지,9573,9372,18945
20210116,8호선,복정,4758,4137,8895
20210116,8호선,산성,3943,3964,7907
20210116,8호선,남한산성입구,7189,6500,13689
20210116,8호선,단대오거리,5860,5532,11392
20210116,8호선,신흥,3107,3369,6476
20210116,8호선,수진,3184,3015,6199
20210116,8호선,모란,2943,2357,5300
20210116,9호선,개화,974,803,1777
20210116,9호선,김포공항,5215,7517,12732
20210116,9호선,공항시장,1717,1906,3623
20210116,9호선,신방화,3481,3428,6909
20210116,9호선,마곡나루,5122,5086,10208
20210116,9호선,양천향교,4212,4160,8372
20210116,9호선,가양,10175,10019,20194
20210116,9호선,증미,3367,3315,6682
20210116,9호선,등촌,5506,5396,10902
20210116,9호선,염창,8223,7876,16099
20210116,9호선,신목동,1488,1360,2848
20210116,9호선,선유도,2573,2491,5064
20210116,9호선,당산,8802,8360,17162
20210116,9호선,국회의사당,2609,2802,5411
20210116,9호선,여의도,5577,5434,11011
20210116,9호선,샛강,1807,1795,3602
20210116,9호선,노량진,13803,13749,27552
20210116,9호선,노들,2288,2055,4343
20210116,9호선,흑석,3980,4011,7991
20210116,9호선,동작,850,665,1515
20210116,9호선,구반포,1447,1508,2955
20210116,9호선,신반포,1556,1463,3019
20210116,9호선,고속터미널,7737,10089,17826
20210116,9호선,사평,1493,1434,2927
20210116,9호선,신논현,17809,17142,34951
20210116,9호선2~3단계,언주,4444,4382,8826
20210116,9호선2~3단계,선정릉,3288,3625,6913
20210116,9호선2~3단계,삼성중앙,2302,2269,4571
20210116,9호선2~3단계,봉은사,6458,6577,13035
20210116,9호선2~3단계,종합운동장,2037,1911,3948
20210116,9호선2~3단계,삼전,3799,3445,7244
20210116,9호선2~3단계,석촌고분,3225,3117,6342
20210116,9호선2~3단계,석촌,4242,3675,7917
20210116,9호선2~3단계,송파나루,2664,2773,5437
20210116,9호선2~3단계,한성백제,1243,1121,2364
20210116,9호선2~3단계,올림픽공원,2650,2516,5166
20210116,9호선2~3단계,둔촌오륜,489,437,926
20210116,9호선2~3단계,중앙보훈병원,2913,2690,5603
20210116,경강선,판교,2038,1990,4028
20210116,경강선,이매,545,373,918
20210116,경강선,삼동,1025,1031,2056
20210116,경강선,경기광주,3570,3449,7019
20210116,경강선,초월,1505,1381,2886
20210116,경강선,곤지암,1298,1248,2546
20210116,경강선,신둔도예촌,678,645,1323
20210116,경강선,이천,1683,1717,3400
20210116,경강선,부발,1341,1022,2363
20210116,경강선,세종대왕릉,172,177,349
20210116,경강선,여주,1199,1212,2411
20210116,경부선,서울역,2830,881,3711
20210116,경부선,남영,4078,4222,8300
20210116,경부선,용산,19603,20461,40064
20210116,경부선,노량진,5819,5634,11453
20210116,경부선,대방,5688,5693,11381
20210116,경부선,영등포,28288,29528,57816
20210116,경부선,신도림,1845,1982,3827
20210116,경부선,신길,4736,3850,8586
20210116,경부선,구로,9707,10014,19721
20210116,경부선,가산디지털단지,4399,6058,10457
20210116,경부선,금천구청,6039,6139,12178
20210116,경부선,석수,5082,4777,9859
20210116,경부선,관악,4371,4083,8454
20210116,경부선,안양,12522,12784,25306
20210116,경부선,명학,3886,3700,7586
20210116,경부선,금정,13352,13458,26810
20210116,경부선,군포,3716,3478,7194
20210116,경부선,의왕,4187,4184,8371
20210116,경부선,성균관대,6948,7015,13963
20210116,경부선,화서,3538,3439,6977
20210116,경부선,수원,24421,26746,51167
20210116,경부선,독산,6359,6491,12850
20210116,경부선,세류,1691,1791,3482
20210116,경부선,병점,8206,8165,16371
20210116,경부선,세마,1443,1247,2690
20210116,경부선,오산대,1835,1652,3487
20210116,경부선,오산,6358,5991,12349
20210116,경부선,진위,781,665,1446
20210116,경부선,송탄,3202,2866,6068
20210116,경부선,서정리,4603,3661,8264
20210116,경부선,지제,2063,1719,3782
20210116,경부선,평택,8942,8472,17414
20210116,경부선,성환,2113,1926,4039
20210116,경부선,직산,496,475,971
20210116,경부선,두정,3288,3371,6659
20210116,경부선,천안,3916,4128,8044
20210116,경부선,당정,2831,2736,5567
20210116,경부선,서동탄,656,661,1317
20210116,경부선,광명,1510,1399,2909
20210116,경원선,이촌,2035,1579,3614
20210116,경원선,서빙고,815,735,1550
20210116,경원선,한남,2089,1956,4045
20210116,경원선,옥수,24,16,40
20210116,경원선,응봉,1024,879,1903
20210116,경원선,왕십리,8455,9745,18200
20210116,경원선,청량리,10338,11534,21872
20210116,경원선,외대앞,7964,7669,15633
20210116,경원선,신이문,4792,4463,9255
20210116,경원선,석계,5064,5396,10460
20210116,경원선,광운대,4234,4174,8408
20210116,경원선,월계,3502,3426,6928
20210116,경원선,녹천,2671,2388,5059
20210116,경원선,방학,5589,5615,11204
20210116,경원선,도봉,3400,3418,6818
20210116,경원선,도봉산,6547,4196,10743
20210116,경원선,망월사,4301,4486,8787
20210116,경원선,회룡,6904,6934,13838
20210116,경원선,의정부,12176,12648,24824
20210116,경원선,가능,3803,3749,7552
20210116,경원선,녹양,2477,2406,4883
20210116,경원선,덕계,1507,1415,2922
20210116,경원선,덕정,3054,2864,5918
20210116,경원선,지행,3586,3625,7211
20210116,경원선,동두천중앙,1789,1932,3721
20210116,경원선,보산,1046,1102,2148
20210116,경원선,동두천,995,1236,2231
20210116,경원선,소요산,2183,1977,4160
20210116,경의선,서울역,747,805,1552
20210116,경의선,신촌,251,226,477
20210116,경의선,효창공원앞,1321,1456,2777
20210116,경의선,공덕,1658,1301,2959
20210116,경의선,서강대,1538,1449,2987
20210116,경의선,홍대입구,1029,1196,2225
20210116,경의선,가좌,2725,2650,5375
20210116,경의선,디지털미디어시티,1294,1189,2483
20210116,경의선,수색,878,887,1765
20210116,경의선,화전,686,642,1328
20210116,경의선,강매,1407,1288,2695
20210116,경의선,행신,3329,3498,6827
20210116,경의선,능곡,1910,1893,3803
20210116,경의선,곡산,215,232,447
20210116,경의선,백마,2789,2692,5481
20210116,경의선,풍산,2762,2730,5492
20210116,경의선,일산,4109,4151,8260
20210116,경의선,탄현,3531,3421,6952
20210116,경의선,야당,3138,3135,6273
20210116,경의선,운정,2836,2715,5551
20210116,경의선,금릉,2379,2296,4675
20210116,경의선,금촌,3835,3839,7674
20210116,경의선,월롱,862,847,1709
20210116,경의선,파주,514,407,921
20210116,경의선,문산,2867,2840,5707
20210116,경의선,임진강,13,9,22
20210116,경인선,개봉,12260,12373,24633
20210116,경인선,오류동,6749,6383,13132
20210116,경인선,역곡,14828,14847,29675
20210116,경인선,부천,21615,22581,44196
20210116,경인선,송내,13004,12997,26001
20210116,경인선,부평,21229,23249,44478
20210116,경인선,백운,4026,3985,8011
20210116,경인선,동암,9380,9624,19004
20210116,경인선,주안,11169,10190,21359
20210116,경인선,제물포,5380,5231,10611
20210116,경인선,동인천,8281,8103,16384
20210116,경인선,인천,2236,1879,4115
20210116,경인선,구일,3204,2994,6198
20210116,경인선,소사,5646,5501,11147
20210116,경인선,부개,4753,4686,9439
20210116,경인선,간석,3123,3002,6125
20210116,경인선,도원,1516,1587,3103
20210116,경인선,온수,3394,3340,6734
20210116,경인선,중동,4892,4796,9688
20210116,경인선,도화,2319,2100,4419
20210116,경춘선,신내,724,738,1462
20210116,경춘선,갈매,1406,1256,2662
20210116,경춘선,별내,1551,1508,3059
20210116,경춘선,퇴계원,1804,1704,3508
20210116,경춘선,사릉,1623,1632,3255
20210116,경춘선,금곡,759,704,1463
20210116,경춘선,평내호평,3081,3018,6099
20210116,경춘선,천마산,913,948,1861
20210116,경춘선,마석,2093,2101,4194
20210116,경춘선,대성리,332,280,612
20210116,경춘선,청평,832,927,1759
20210116,경춘선,상천,271,183,454
20210116,경춘선,가평,800,850,1650
20210116,경춘선,굴봉산,81,106,187
20210116,경춘선,백양리,154,144,298
20210116,경춘선,강촌,319,375,694
20210116,경춘선,김유정,221,226,447
20210116,경춘선,남춘천,1513,1593,3106
20210116,경춘선,춘천,791,783,1574
20210116,공항철도 1호선,서울역,3907,3856,7763
20210116,공항철도 1호선,공덕,956,1437,2393
20210116,공항철도 1호선,홍대입구,5975,5830,11805
20210116,공항철도 1호선,디지털미디어시티,3434,3253,6687
20210116,공항철도 1호선,마곡나루,1724,1769,3493
20210116,공항철도 1호선,김포공항,6300,3720,10020
20210116,공항철도 1호선,계양,4178,4131,8309
20210116,공항철도 1호선,검암,3151,3144,6295
20210116,공항철도 1호선,청라국제도시,2514,2453,4967
20210116,공항철도 1호선,운서,4063,4092,8155
20210116,공항철도 1호선,공항화물청사,1215,1184,2399
20210116,공항철도 1호선,인천공항1터미널,2629,2858,5487
20210116,공항철도 1호선,인천공항2터미널,1556,1376,2932
20210116,공항철도 1호선,영종,1718,1839,3557
20210116,과천선,선바위,3305,3096,6401
20210116,과천선,경마공원,717,688,1405
20210116,과천선,대공원,2085,2291,4376
20210116,과천선,과천,3006,2710,5716
20210116,과천선,정부과천청사,3675,3740,7415
20210116,과천선,인덕원,10706,10473,21179
20210116,과천선,평촌,6509,6577,13086
20210116,과천선,범계,14097,13762,27859
20210116,분당선,선릉,3910,5549,9459
20210116,분당선,한티,7657,7468,15125
20210116,분당선,도곡,3070,2799,5869
20210116,분당선,구룡,807,766,1573
20210116,분당선,개포동,1809,1835,3644
20210116,분당선,대모산입구,1811,1625,3436
20210116,분당선,수서,6202,6418,12620
20210116,분당선,수원,5112,4061,9173
20210116,분당선,서울숲,3745,3727,7472
20210116,분당선,압구정로데오,12815,13354,26169
20210116,분당선,강남구청,3649,4405,8054
20210116,분당선,선정릉,2634,2615,5249
20210116,분당선,가천대,3420,3879,7299
20210116,분당선,태평,8311,8151,16462
20210116,분당선,모란,12361,12566,24927
20210116,분당선,야탑,12302,13079,25381
20210116,분당선,서현,13912,13881,27793
20210116,분당선,정자,7945,8002,15947
20210116,분당선,미금,8137,8472,16609
20210116,분당선,오리,5678,4781,10459
20210116,분당선,이매,2681,2641,5322
20210116,분당선,보정,1078,1010,2088
20210116,분당선,죽전,7344,8154,15498
20210116,분당선,구성,2218,2342,4560
20210116,분당선,신갈,1945,1975,3920
20210116,분당선,기흥,4859,4558,9417
20210116,분당선,상갈,2679,2698,5377
20210116,분당선,청명,1946,1878,3824
20210116,분당선,영통,4692,4711,9403
20210116,분당선,망포,6693,6181,12874
20210116,분당선,매탄권선,2435,2288,4723
20210116,분당선,수원시청,7624,8157,15781
20210116,분당선,매교,1499,1570,3069
20210116,수인선,고색,1690,1726,3416
20210116,수인선,오목천,1344,1223,2567
20210116,수인선,어천,358,310,668
20210116,수인선,야목,125,119,244
20210116,수인선,사리,2057,1740,3797
20210116,수인선,달월,40,37,77
20210116,수인선,월곶,1558,1462,3020
20210116,수인선,소래포구,3577,3751,7328
20210116,수인선,인천논현,3288,3374,6662
20210116,수인선,호구포,1900,1807,3707
20210116,수인선,남동인더스파크,932,884,1816
20210116,수인선,원인재,2661,2829,5490
20210116,수인선,연수,2717,2723,5440
20210116,수인선,송도,1477,1434,2911
20210116,수인선,인하대,3076,2805,5881
20210116,수인선,숭의,2018,1935,3953
20210116,수인선,신포,933,1007,1940
20210116,수인선,인천,774,1229,2003
20210116,안산선,산본,8549,9301,17850
20210116,안산선,대야미,2842,2455,5297
20210116,안산선,반월,2564,2300,4864
20210116,안산선,상록수,9119,9472,18591
20210116,안산선,한대앞,4840,4840,9680
20210116,안산선,중앙,10054,10617,20671
20210116,안산선,고잔,4098,4038,8136
20210116,안산선,초지,2130,2182,4312
20210116,안산선,안산,7713,8062,15775
20210116,안산선,신길온천,995,980,1975
20210116,안산선,정왕,4333,4524,8857
20210116,안산선,오이도,5058,5266,10324
20210116,안산선,수리산,2149,1890,4039
20210116,우이신설선,북한산우이,1980,1921,3901
20210116,우이신설선,솔밭공원,1341,1284,2625
20210116,우이신설선,4.19민주묘지,1613,1506,3119
20210116,우이신설선,가오리,2196,2192,4388
20210116,우이신설선,화계,1813,1723,3536
20210116,우이신설선,삼양,1213,1359,2572
20210116,우이신설선,삼양사거리,1488,1468,2956
20210116,우이신설선,솔샘,2827,2528,5355
20210116,우이신설선,북한산보국문,3338,3205,6543
20210116,우이신설선,정릉,2640,2380,5020
20210116,우이신설선,성신여대입구,1979,2334,4313
20210116,우이신설선,보문,878,913,1791
20210116,우이신설선,신설동,1156,1053,2209
20210116,일산선,원흥,4738,4465,9203
20210116,일산선,삼송,9997,9824,19821
20210116,일산선,원당,5918,5902,11820
20210116,일산선,화정,9258,9710,18968
20210116,일산선,대곡,815,637,1452
20210116,일산선,백석,5677,5902,11579
20210116,일산선,마두,3695,3795,7490
20210116,일산선,정발산,4440,4459,8899
20210116,일산선,주엽,4412,4532,8944
20210116,일산선,대화,6259,5649,11908
20210116,장항선,봉명,582,552,1134
20210116,장항선,쌍용,1038,908,1946
20210116,장항선,아산,1696,1667,3363
20210116,장항선,배방,628,596,1224
20210116,장항선,온양온천,2605,2578,5183
20210116,장항선,신창,664,539,1203
20210116,중앙선,회기,13589,12826,26415
20210116,중앙선,중랑,3349,3174,6523
20210116,중앙선,상봉,3593,3523,7116
20210116,중앙선,망우,4358,4414,8772
20210116,중앙선,양원,760,742,1502
20210116,중앙선,구리,7339,7632,14971
20210116,중앙선,도농,4636,4547,9183
20210116,중앙선,양정,405,366,771
20210116,중앙선,덕소,3200,3203,6403
20210116,중앙선,도심,1180,1040,2220
20210116,중앙선,팔당,883,992,1875
20210116,중앙선,운길산,687,630,1317
20210116,중앙선,양수,1159,1167,2326
20210116,중앙선,신원,161,155,316
20210116,중앙선,국수,429,503,932
20210116,중앙선,아신,305,336,641
20210116,중앙선,오빈,171,175,346
20210116,중앙선,양평,1504,1595,3099
20210116,중앙선,원덕,193,185,378
20210116,중앙선,용문,1135,1242,2377
20210116,중앙선,지평,22,19,41
20210117,경부선,금천구청,4139,4147,8286
20210117,경부선,구로,6430,6391,12821
20210117,경부선,신길,3205,2857,6062
20210117,경부선,신도림,1260,1209,2469
20210117,경부선,영등포,21754,20890,42644
20210117,경부선,대방,3592,4004,7596
20210117,경부선,노량진,3834,3842,7676
20210117,경부선,용산,17668,15715,33383
20210117,경부선,남영,2586,2930,5516
20210117,9호선2~3단계,봉은사,4496,4361,8857
20210117,9호선2~3단계,삼성중앙,1333,1394,2727
20210117,9호선2~3단계,선정릉,2110,2310,4420
20210117,9호선2~3단계,언주,2524,2494,5018
20210117,9호선,신논현,9569,8948,18517
20210117,9호선,사평,791,901,1692
20210117,9호선,고속터미널,6045,7190,13235
20210117,9호선,신반포,799,861,1660
20210117,9호선,구반포,784,851,1635
20210117,9호선,동작,616,433,1049
20210117,9호선,흑석,2574,2683,5257
20210117,9호선,노들,1528,1423,2951
20210117,9호선,노량진,8995,9680,18675
20210117,9호선,샛강,1072,1154,2226
20210117,9호선,여의도,3588,3312,6900
20210117,9호선,국회의사당,2119,1860,3979
20210117,9호선,당산,5590,5535,11125
20210117,9호선,선유도,1730,1766,3496
20210117,9호선,신목동,1026,902,1928
20210117,9호선,염창,5397,5580,10977
20210117,9호선,등촌,3309,3522,6831
20210117,9호선,증미,2269,2282,4551
20210117,9호선,가양,6669,6746,13415
20210117,9호선,양천향교,2658,2849,5507
20210117,9호선,마곡나루,3243,3264,6507
20210117,9호선,신방화,2347,2333,4680
20210117,9호선,공항시장,1162,1295,2457
20210117,9호선,김포공항,4832,6822,11654
20210117,9호선,개화,689,619,1308
20210117,8호선,모란,1855,1529,3384
20210117,8호선,수진,2253,2104,4357
20210117,8호선,신흥,2134,2239,4373
20210117,8호선,단대오거리,3842,3860,7702
20210117,8호선,남한산성입구,4827,4781,9608
20210117,8호선,산성,2678,2768,5446
20210117,8호선,복정,2953,2906,5859
20210117,8호선,장지,6698,7097,13795
20210117,8호선,문정,4032,4187,8219
20210117,8호선,가락시장,2453,3385,5838
20210117,8호선,송파,2503,2654,5157
20210117,8호선,석촌,2798,3435,6233
20210117,8호선,잠실,7159,6982,14141
20210117,8호선,몽촌토성,1975,2054,4029
20210117,8호선,강동구청,3102,3220,6322
20210117,8호선,천호,6489,7297,13786
20210117,8호선,암사,6310,6087,12397
20210117,7호선,부평구청,3514,3077,6591
20210117,7호선,굴포천,3124,3251,6375
20210117,7호선,삼산체육관,1497,1489,2986
20210117,7호선,상동,4674,4378,9052
20210117,7호선,부천시청,4686,4471,9157
20210117,7호선,신중동,4714,4489,9203
20210117,7호선,춘의,2517,2307,4824
20210117,7호선,부천종합운동장,1499,1389,2888
20210117,7호선,까치울,2532,2589,5121
20210117,7호선,온수,2729,2647,5376
20210117,7호선,천왕,3240,3186,6426
20210117,7호선,철산,6988,6998,13986
20210117,7호선,가산디지털단지,7977,7260,15237
20210117,7호선,남구로,4980,4906,9886
20210117,7호선,대림,4541,4336,8877
20210117,7호선,신풍,4136,3944,8080
20210117,7호선,보라매,2793,2900,5693
20210117,7호선,신대방삼거리,5544,5621,11165
20210117,7호선,장승배기,3405,3427,6832
20210117,7호선,상도,3633,3567,7200
20210117,7호선,숭실대입구,3869,4217,8086
20210117,7호선,남성,3782,4047,7829
20210117,7호선,이수,5348,5087,10435
20210117,7호선,내방,3761,3752,7513
20210117,9호선2~3단계,종합운동장,1340,1239,2579
20210117,9호선2~3단계,삼전,2496,2537,5033
20210117,9호선2~3단계,석촌고분,2122,2222,4344
20210117,9호선2~3단계,석촌,2780,2408,5188
20210117,9호선2~3단계,송파나루,1784,1942,3726
20210117,9호선2~3단계,한성백제,794,783,1577
20210117,9호선2~3단계,올림픽공원,1751,1759,3510
20210117,9호선2~3단계,둔촌오륜,274,280,554
20210117,9호선2~3단계,중앙보훈병원,1904,1850,3754
20210117,경강선,판교,1722,1511,3233
20210117,경강선,이매,413,287,700
20210117,경강선,삼동,717,758,1475
20210117,경강선,경기광주,2392,2500,4892
20210117,경강선,초월,1090,1162,2252
20210117,경강선,곤지암,914,1049,1963
20210117,경강선,신둔도예촌,498,456,954
20210117,경강선,이천,1310,1439,2749
20210117,7호선,마들,3971,3921,7892
20210117,7호선,노원,7441,7286,14727
20210117,7호선,중계,4505,4215,8720
20210117,7호선,하계,5855,5618,11473
20210117,7호선,공릉,4297,4421,8718
20210117,7호선,태릉입구,3192,2758,5950
20210117,7호선,먹골,3839,3949,7788
20210117,7호선,중화,3961,3919,7880
20210117,7호선,상봉,6737,6327,13064
20210117,7호선,면목,5682,5752,11434
20210117,7호선,사가정,6476,6523,12999
20210117,7호선,용마산,2199,2435,4634
20210117,7호선,중곡,3444,3421,6865
20210117,7호선,군자,5143,4216,9359
20210117,7호선,어린이대공원,4464,4430,8894
20210117,7호선,건대입구,5789,5562,11351
20210117,7호선,뚝섬유원지,2730,2753,5483
20210117,7호선,청담,4654,4924,9578
20210117,7호선,강남구청,3863,4204,8067
20210117,7호선,학동,4267,4439,8706
20210117,7호선,논현,4542,4920,9462
20210117,7호선,반포,2051,2046,4097
20210117,4호선,명동,5899,5841,11740
20210117,중앙선,아신,262,264,526
20210117,중앙선,국수,337,342,679
20210117,중앙선,신원,141,87,228
20210117,중앙선,양수,877,841,1718
20210117,중앙선,운길산,686,567,1253
20210117,중앙선,팔당,783,824,1607
20210117,중앙선,도심,767,702,1469
20210117,중앙선,덕소,2229,2338,4567
20210117,중앙선,양정,264,204,468
20210117,중앙선,도농,3131,3027,6158
20210117,중앙선,구리,4793,5175,9968
20210117,중앙선,양원,514,522,1036
20210117,중앙선,망우,3125,3147,6272
20210117,중앙선,상봉,2566,2595,5161
20210117,중앙선,중랑,2257,2204,4461
20210117,중앙선,회기,9814,9913,19727
20210117,7호선,고속터미널,8020,5229,13249
20210117,장항선,신창,535,621,1156
20210117,장항선,온양온천,2299,2247,4546
20210117,장항선,배방,502,544,1046
20210117,장항선,아산,1893,1391,3284
20210117,장항선,쌍용,737,761,1498
20210117,장항선,봉명,377,368,745
20210117,일산선,대화,4243,4002,8245
20210117,일산선,주엽,2857,2812,5669
20210117,일산선,정발산,3140,3027,6167
20210117,일산선,마두,2214,2162,4376
20210117,일산선,백석,3977,3865,7842
20210117,일산선,대곡,600,458,1058
20210117,일산선,화정,6355,6441,12796
20210117,일산선,원당,4088,3967,8055
20210117,일산선,삼송,6859,6631,13490
20210117,일산선,원흥,3196,3126,6322
20210117,우이신설선,신설동,775,767,1542
20210117,우이신설선,보문,679,641,1320
20210117,우이신설선,성신여대입구,1491,1646,3137
20210117,우이신설선,정릉,1825,1597,3422
20210117,우이신설선,북한산보국문,2375,2325,4700
20210117,우이신설선,솔샘,1808,1711,3519
20210117,우이신설선,삼양사거리,978,1029,2007
20210117,우이신설선,삼양,886,875,1761
20210117,우이신설선,화계,1306,1234,2540
20210117,우이신설선,가오리,1548,1499,3047
20210117,우이신설선,4.19민주묘지,2082,1862,3944
20210117,우이신설선,솔밭공원,1023,1005,2028
20210117,우이신설선,북한산우이,1741,1718,3459
20210117,안산선,수리산,1373,1372,2745
20210117,안산선,오이도,3786,3589,7375
20210117,안산선,정왕,3423,3749,7172
20210117,안산선,신길온천,721,636,1357
20210117,안산선,안산,7113,6451,13564
20210117,안산선,초지,1439,1354,2793
20210117,안산선,고잔,2776,2654,5430
20210117,안산선,중앙,7267,6990,14257
20210117,안산선,한대앞,3448,3368,6816
20210117,안산선,상록수,6249,6255,12504
20210117,안산선,반월,1637,1694,3331
20210117,안산선,대야미,1915,1817,3732
20210117,안산선,산본,5826,6282,12108
20210117,수인선,인천,670,997,1667
20210117,수인선,신포,684,711,1395
20210117,수인선,숭의,1397,1355,2752
20210117,수인선,인하대,2148,2083,4231
20210117,수인선,송도,1143,1078,2221
20210117,수인선,연수,2023,1899,3922
20210117,수인선,원인재,1951,1983,3934
20210117,수인선,남동인더스파크,552,596,1148
20210117,수인선,오목천,850,847,1697
20210117,수인선,고색,1054,1035,2089
20210117,분당선,매교,909,989,1898
20210117,분당선,수원시청,5210,4941,10151
20210117,분당선,매탄권선,1598,1591,3189
20210117,분당선,망포,4286,4625,8911
20210117,분당선,영통,3094,3218,6312
20210117,분당선,청명,1368,1305,2673
20210117,분당선,상갈,1981,2055,4036
20210117,분당선,기흥,3592,3314,6906
20210117,분당선,신갈,1299,1402,2701
20210117,분당선,구성,1516,1648,3164
20210117,분당선,죽전,5462,6192,11654
20210117,분당선,보정,730,686,1416
20210117,분당선,이매,1869,1956,3825
20210117,분당선,오리,3972,3453,7425
20210117,분당선,미금,5028,5308,10336
20210117,분당선,정자,5144,5289,10433
20210117,분당선,수내,4452,4207,8659
20210117,분당선,서현,9915,9596,19511
20210117,분당선,야탑,8924,8521,17445
20210117,분당선,모란,7814,8002,15816
20210117,분당선,태평,5708,5575,11283
20210117,분당선,가천대,2385,2954,5339
20210117,4호선,혜화,11111,11198,22309
20210117,분당선,선정릉,1489,1557,3046
20210117,분당선,강남구청,2130,2489,4619
20210117,분당선,압구정로데오,6935,7028,13963
20210117,분당선,서울숲,2458,2482,4940
20210117,분당선,수원,3917,3222,7139
20210117,분당선,복정,1,0,1
20210117,분당선,수서,4877,4947,9824
20210117,분당선,대모산입구,978,953,1931
20210117,분당선,개포동,1114,1128,2242
20210117,분당선,구룡,410,413,823
20210117,분당선,도곡,1770,1753,3523
20210117,분당선,한티,5039,5016,10055
20210117,분당선,선릉,2008,2852,4860
20210117,과천선,범계,9477,8914,18391
20210117,과천선,평촌,4288,4029,8317
20210117,과천선,인덕원,6896,6828,13724
20210117,과천선,정부과천청사,2435,2433,4868
20210117,과천선,과천,1879,1873,3752
20210117,과천선,대공원,1578,1716,3294
20210117,과천선,경마공원,518,505,1023
20210117,과천선,선바위,2203,2110,4313
20210117,공항철도 1호선,영종,1349,1305,2654
20210117,공항철도 1호선,인천공항2터미널,1490,1389,2879
20210117,공항철도 1호선,인천공항1터미널,2530,2600,5130
20210117,공항철도 1호선,공항화물청사,830,945,1775
20210117,공항철도 1호선,운서,3251,3468,6719
20210117,공항철도 1호선,청라국제도시,1882,1686,3568
20210117,공항철도 1호선,검암,2299,2392,4691
20210117,공항철도 1호선,계양,2883,2791,5674
20210117,공항철도 1호선,김포공항,6833,3784,10617
20210117,공항철도 1호선,마곡나루,1159,1203,2362
20210117,공항철도 1호선,디지털미디어시티,2477,2397,4874
20210117,공항철도 1호선,홍대입구,4647,4094,8741
20210117,공항철도 1호선,공덕,795,1019,1814
20210117,공항철도 1호선,서울역,3989,3450,7439
20210117,경춘선,춘천,751,661,1412
20210117,경춘선,남춘천,1589,1594,3183
20210117,경춘선,김유정,227,209,436
20210117,경춘선,강촌,404,336,740
20210117,경춘선,백양리,148,133,281
20210117,경춘선,굴봉산,83,78,161
20210117,경춘선,가평,776,700,1476
20210117,경춘선,상천,203,169,372
20210117,경춘선,청평,733,639,1372
20210117,경춘선,대성리,297,229,526
20210117,경춘선,마석,1557,1567,3124
20210117,경춘선,천마산,787,712,1499
20210117,경춘선,평내호평,2183,2077,4260
20210117,경춘선,금곡,574,553,1127
20210117,경춘선,사릉,1142,1132,2274
20210117,경춘선,퇴계원,1332,1233,2565
20210117,경춘선,별내,1100,1064,2164
20210117,경춘선,갈매,1011,851,1862
20210117,경춘선,신내,556,540,1096
20210117,경인선,도화,1548,1497,3045
20210117,경인선,중동,3285,3025,6310
20210117,경인선,온수,2193,2136,4329
20210117,경인선,도원,1066,1055,2121
20210117,경인선,간석,2162,2068,4230
20210117,경인선,부개,3195,2993,6188
20210117,경인선,소사,3927,3605,7532
20210117,경인선,구일,2059,2017,4076
20210117,경인선,인천,1782,1476,3258
20210117,경인선,동인천,6093,5709,11802
20210117,경인선,제물포,3748,3662,7410
20210117,경인선,주안,7954,6947,14901
20210117,경인선,동암,6563,6471,13034
20210117,경인선,백운,2714,2690,5404
20210117,경인선,부평,15666,15989,31655
20210117,경인선,송내,8877,8555,17432
20210117,경인선,부천,15639,15171,30810
20210117,경인선,역곡,9638,9611,19249
20210117,경인선,오류동,4517,4371,8888
20210117,경인선,개봉,7872,8056,15928
20210117,경의선,임진강,12,12,24
20210117,경의선,문산,2055,2028,4083
20210117,경의선,파주,383,327,710
20210117,경의선,월롱,495,957,1452
20210117,경의선,금촌,2512,2709,5221
20210117,경의선,금릉,1618,1601,3219
20210117,경의선,운정,1983,1887,3870
20210117,경의선,야당,2245,2216,4461
20210117,경의선,탄현,2555,2466,5021
20210117,경의선,일산,2871,2609,5480
20210117,경의선,풍산,2017,1891,3908
20210117,경의선,백마,2024,1897,3921
20210117,경의선,곡산,169,167,336
20210117,경의선,능곡,1427,1336,2763
20210117,경의선,행신,2492,2494,4986
20210117,경의선,강매,849,836,1685
20210117,경의선,화전,426,450,876
20210117,경의선,수색,630,699,1329
20210117,경의선,디지털미디어시티,806,755,1561
20210117,경의선,가좌,1785,1810,3595
20210117,경의선,홍대입구,832,925,1757
20210117,경의선,서강대,794,749,1543
20210117,경의선,공덕,1117,866,1983
20210117,경의선,효창공원앞,828,987,1815
20210117,경의선,신촌,137,155,292
20210117,경의선,서울역,559,554,1113
20210117,경원선,소요산,2066,1792,3858
20210117,경원선,동두천,787,895,1682
20210117,경원선,보산,860,773,1633
20210117,경원선,동두천중앙,1417,1310,2727
20210117,경원선,지행,2630,2534,5164
20210117,경강선,부발,834,1499,2333
20210117,경강선,세종대왕릉,139,131,270
20210117,경강선,여주,1120,1006,2126
20210117,수인선,호구포,1347,1410,2757
20210117,수인선,인천논현,2239,2293,4532
20210117,수인선,소래포구,3005,2921,5926
20210117,수인선,월곶,1195,1138,2333
20210117,수인선,달월,36,35,71
20210117,수인선,사리,1526,1359,2885
20210117,수인선,야목,71,61,132
20210117,수인선,어천,270,339,609
20210117,7호선,광명사거리,8891,8664,17555
20210117,중앙선,지평,25,21,46
20210117,중앙선,용문,1142,895,2037
20210117,중앙선,원덕,204,134,338
20210117,경원선,양주,3037,2964,6001
20210117,중앙선,양평,1194,1143,2337
20210117,중앙선,오빈,118,118,236
20210117,1호선,서울역,15198,13900,29098
20210117,1호선,동묘앞,8497,8690,17187
20210117,1호선,시청,4129,3984,8113
20210117,1호선,종각,7096,6561,13657
20210117,1호선,종로3가,8250,7474,15724
20210117,1호선,종로5가,5013,5150,10163
20210117,1호선,동대문,5925,6306,12231
20210117,1호선,신설동,4969,5022,9991
20210117,1호선,제기동,6858,7299,14157
20210117,1호선,청량리,9072,8925,17997
20210117,2호선,시청,3246,2677,5923
20210117,2호선,을지로입구,10337,9751,20088
20210117,2호선,을지로3가,3731,3253,6984
20210117,2호선,을지로4가,2056,2014,4070
20210117,2호선,동대문역사문화공원,4521,5578,10099
20210117,2호선,신당,5450,5890,11340
20210117,2호선,상왕십리,4489,4568,9057
20210117,2호선,왕십리,6222,5326,11548
20210117,2호선,한양대,1583,1703,3286
20210117,2호선,뚝섬,4782,4934,9716
20210117,2호선,성수,6638,7147,13785
20210117,2호선,건대입구,16249,17196,33445
20210117,2호선,구의,7769,8083,15852
20210117,2호선,강변,13763,12873,26636
20210117,2호선,잠실나루,3196,3390,6586
20210117,2호선,잠실,27903,26484,54387
20210117,2호선,잠실새내,6951,7290,14241
20210117,2호선,종합운동장,1832,2030,3862
20210117,2호선,삼성,13196,12554,25750
20210117,2호선,선릉,8964,7776,16740
20210117,2호선,역삼,7683,8437,16120
20210117,2호선,강남,20856,19654,40510
20210117,2호선,교대,6669,7248,13917
20210117,2호선,서초,4260,3848,8108
20210117,2호선,방배,4220,4623,8843
20210117,2호선,사당,13388,14539,27927
20210117,2호선,낙성대,10526,10918,21444
20210117,2호선,서울대입구,18229,18908,37137
20210117,2호선,봉천,8494,8435,16929
20210117,2호선,신림,25732,26180,51912
20210117,2호선,신대방,10445,10397,20842
20210117,2호선,구로디지털단지,16481,16494,32975
20210117,2호선,대림,10065,10316,20381
20210117,2호선,신도림,18015,17801,35816
20210117,2호선,문래,4709,4872,9581
20210117,2호선,영등포구청,5513,5895,11408
20210117,2호선,당산,5616,5954,11570
20210117,2호선,합정,11281,11633,22914
20210117,2호선,홍대입구,24361,23774,48135
20210117,2호선,신촌,13397,13419,26816
20210117,2호선,이대,4026,4303,8329
20210117,2호선,아현,3512,3589,7101
20210117,2호선,충정로,2581,2585,5166
20210117,2호선,용답,1136,1142,2278
20210117,2호선,신답,431,515,946
20210117,2호선,신설동,1995,2018,4013
20210117,2호선,도림천,324,346,670
20210117,2호선,양천구청,2090,2124,4214
20210117,2호선,신정네거리,3334,3371,6705
20210117,2호선,용두,807,816,1623
20210117,3호선,지축,1119,1066,2185
20210117,3호선,구파발,7396,7603,14999
20210117,3호선,연신내,14894,14154,29048
20210117,3호선,불광,6574,7557,14131
20210117,3호선,녹번,4561,4177,8738
20210117,3호선,홍제,5943,5903,11846
20210117,3호선,무악재,1171,1293,2464
20210117,3호선,독립문,2494,2720,5214
20210117,3호선,경복궁,5170,5189,10359
20210117,3호선,안국,4396,4743,9139
20210117,3호선,종로3가,1834,2473,4307
20210117,3호선,을지로3가,1559,1590,3149
20210117,3호선,동대입구,2585,3025,5610
20210117,3호선,약수,4120,4027,8147
20210117,3호선,금호,2886,2920,5806
20210117,3호선,옥수,3106,3453,6559
20210117,3호선,압구정,8611,8840,17451
20210117,3호선,신사,9224,9188,18412
20210117,3호선,잠원,1335,1406,2741
20210117,3호선,고속터미널,25846,23623,49469
20210117,3호선,교대,2493,1581,4074
20210117,3호선,남부터미널,9242,9421,18663
20210117,3호선,양재,8053,9482,17535
20210117,3호선,매봉,2600,2608,5208
20210117,3호선,도곡,1356,1425,2781
20210117,3호선,대치,3333,3187,6520
20210117,3호선,학여울,575,601,1176
20210117,3호선,대청,2637,2577,5214
20210117,3호선,일원,2153,2422,4575
20210117,3호선,수서,6090,5908,11998
20210117,3호선,가락시장,2743,2907,5650
20210117,3호선,경찰병원,1868,1945,3813
20210117,3호선,오금,1696,1687,3383
20210117,4호선,수유,13851,13207,27058
20210117,4호선,미아,5359,5160,10519
20210117,4호선,미아사거리,11176,10689,21865
20210117,4호선,길음,6576,6558,13134
20210117,4호선,성신여대입구,8145,8010,16155
20210117,4호선,한성대입구,4852,4911,9763
20210117,4호선,동대문,4101,4663,8764
20210117,4호선,동대문역사문화공원,5518,5636,11154
20210117,4호선,충무로,4564,4731,9295
20210117,4호선,회현,5604,5670,11274
20210117,4호선,서울역,2475,4866,7341
20210117,4호선,숙대입구,3744,3724,7468
20210117,4호선,삼각지,1170,1394,2564
20210117,4호선,신용산,4409,4433,8842
20210117,4호선,이촌,2031,2419,4450
20210117,4호선,동작,929,973,1902
20210117,4호선,총신대입구,6664,7326,13990
20210117,4호선,사당,9083,8714,17797
20210117,4호선,남태령,379,346,725
20210117,4호선,당고개,5272,5000,10272
20210117,4호선,상계,7120,6802,13922
20210117,경부선,서울역,3498,774,4272
20210117,4호선,노원,7652,8315,15967
20210117,4호선,창동,9719,10312,20031
20210117,4호선,쌍문,10686,9844,20530
20210117,5호선,방화,2414,2485,4899
20210117,5호선,개화산,1809,1946,3755
20210117,5호선,김포공항,4961,4471,9432
20210117,5호선,송정,2500,2567,5067
20210117,5호선,마곡,2264,2260,4524
20210117,5호선,발산,5356,5385,10741
20210117,5호선,우장산,4231,4380,8611
20210117,5호선,화곡,9449,9065,18514
20210117,5호선,까치산,10613,10557,21170
20210117,5호선,신정,4251,3879,8130
20210117,5호선,목동,5153,5311,10464
20210117,5호선,오목교,7864,8066,15930
20210117,5호선,양평,1843,1982,3825
20210117,5호선,영등포구청,986,958,1944
20210117,5호선,영등포시장,2907,3105,6012
20210117,5호선,신길,1256,1485,2741
20210117,5호선,여의도,3684,3789,7473
20210117,5호선,여의나루,1839,1834,3673
20210117,5호선,마포,3115,3142,6257
20210117,5호선,공덕,2960,3104,6064
20210117,5호선,애오개,1741,1910,3651
20210117,5호선,충정로,896,1029,1925
20210117,5호선,서대문,3242,3090,6332
20210117,5호선,광화문,6232,6008,12240
20210117,5호선,종로3가,4307,3718,8025
20210117,5호선,을지로4가,861,801,1662
20210117,5호선,동대문역사문화공원,491,592,1083
20210117,5호선,청구,1241,1139,2380
20210117,5호선,신금호,1985,2122,4107
20210117,5호선,행당,2607,2382,4989
20210117,5호선,왕십리,1695,1925,3620
20210117,5호선,마장,1828,1845,3673
20210117,5호선,답십리,4909,4717,9626
20210117,5호선,장한평,4919,4951,9870
20210117,5호선,군자,3991,4353,8344
20210117,5호선,아차산,6589,6583,13172
20210117,5호선,광나루,4791,4837,9628
20210117,5호선,천호,8631,8274,16905
20210117,5호선,강동,6215,6228,12443
20210117,5호선,길동,2901,3144,6045
20210117,5호선,굽은다리,3505,3371,6876
20210117,5호선,명일,2576,2675,5251
20210117,5호선,고덕,2714,2760,5474
20210117,5호선,상일동,4820,4580,9400
20210117,5호선,둔촌동,3023,3059,6082
20210117,5호선,올림픽공원,1267,1173,2440
20210117,5호선,방이,2333,2278,4611
20210117,5호선,오금,1006,960,1966
20210117,5호선,개롱,1948,2127,4075
20210117,5호선,거여,2442,2446,4888
20210117,5호선,마천,2230,2446,4676
20210117,5호선,미사,4920,4883,9803
20210117,5호선,하남풍산,1989,2049,4038
20210117,6호선,응암,6354,6442,12796
20210117,6호선,역촌,1304,1509,2813
20210117,6호선,불광,1942,1730,3672
20210117,6호선,독바위,1035,1331,2366
20210117,6호선,구산,2477,1897,4374
20210117,6호선,새절,4369,4408,8777
20210117,6호선,증산,3841,3925,7766
20210117,6호선,디지털미디어시티,3501,3763,7264
20210117,6호선,월드컵경기장,2357,2246,4603
20210117,6호선,마포구청,4918,4545,9463
20210117,6호선,망원,5848,6244,12092
20210117,6호선,합정,5369,4746,10115
20210117,6호선,상수,3331,3716,7047
20210117,6호선,광흥창,2376,2317,4693
20210117,6호선,대흥,2299,2432,4731
20210117,6호선,공덕,4426,4254,8680
20210117,6호선,효창공원앞,2245,1998,4243
20210117,6호선,삼각지,1812,1497,3309
20210117,6호선,녹사평,2151,2005,4156
20210117,6호선,이태원,5071,4745,9816
20210117,6호선,한강진,2630,2858,5488
20210117,6호선,버티고개,758,824,1582
20210117,6호선,약수,1062,1122,2184
20210117,6호선,청구,1122,1169,2291
20210117,6호선,신당,2150,3026,5176
20210117,6호선,동묘앞,4030,3931,7961
20210117,6호선,창신,1066,1045,2111
20210117,6호선,보문,2552,2496,5048
20210117,6호선,안암,3029,3105,6134
20210117,6호선,고려대,2660,2602,5262
20210117,6호선,월곡,3702,3723,7425
20210117,6호선,상월곡,2129,1886,4015
20210117,6호선,돌곶이,2971,2889,5860
20210117,6호선,석계,4501,4543,9044
20210117,6호선,태릉입구,1974,2058,4032
20210117,6호선,화랑대,3055,2702,5757
20210117,6호선,봉화산,2632,2614,5246
20210117,7호선,장암,770,469,1239
20210117,7호선,도봉산,3370,5088,8458
20210117,7호선,수락산,5643,5702,11345
20210117,경원선,덕정,2169,2232,4401
20210117,경원선,덕계,1042,963,2005
20210117,경원선,녹양,1724,1613,3337
20210117,경원선,가능,2701,2580,5281
20210117,경원선,의정부,9354,9243,18597
20210117,경원선,회룡,4564,4533,9097
20210117,경원선,망월사,2887,2931,5818
20210117,경원선,도봉산,5579,3762,9341
20210117,경원선,도봉,2398,2231,4629
20210117,경원선,방학,3867,3768,7635
20210117,경원선,녹천,1712,1479,3191
20210117,경원선,월계,2465,2434,4899
20210117,경원선,광운대,2924,2988,5912
20210117,경원선,석계,3235,3543,6778
20210117,경원선,신이문,3232,3054,6286
20210117,경원선,외대앞,3254,3109,6363
20210117,경원선,청량리,8410,7992,16402
20210117,경원선,왕십리,5685,6748,12433
20210117,경원선,응봉,676,624,1300
20210117,경원선,옥수,37,12,49
20210117,경원선,한남,1347,1362,2709
20210117,경원선,서빙고,564,583,1147
20210117,경원선,이촌,1272,1048,2320
20210117,경부선,광명,1499,1026,2525
20210117,경부선,서동탄,475,433,908
20210117,경부선,당정,2029,2042,4071
20210117,경부선,천안,3795,3581,7376
20210117,경부선,두정,2647,2832,5479
20210117,경부선,직산,323,378,701
20210117,경부선,성환,1572,1826,3398
20210117,경부선,평택,7571,8044,15615
20210117,경부선,지제,1424,1455,2879
20210117,경부선,서정리,2770,4298,7068
20210117,경부선,송탄,2510,2699,5209
20210117,경부선,진위,515,495,1010
20210117,경부선,오산,5116,5576,10692
20210117,경부선,오산대,1276,1175,2451
20210117,경부선,세마,1033,963,1996
20210117,경부선,병점,5911,6585,12496
20210117,경부선,세류,1345,1401,2746
20210117,경부선,독산,4001,4074,8075
20210117,경부선,수원,21659,21081,42740
20210117,경부선,화서,2479,2407,4886
20210117,경부선,성균관대,4947,5262,10209
20210117,경부선,의왕,2781,2836,5617
20210117,경부선,군포,2380,2243,4623
20210117,경부선,금정,9024,9473,18497
20210117,경부선,명학,2439,2381,4820
20210117,경부선,안양,8948,8594,17542
20210117,경부선,관악,3031,2910,5941
20210117,경부선,석수,3479,3433,6912
20210117,경부선,가산디지털단지,3067,4188,7255
20210123,6호선,고려대,4143,3790,7933
20210123,중앙선,지평,35,49,84
20210123,중앙선,용문,1196,1369,2565
20210123,중앙선,양평,2206,2310,4516
20210123,1호선,서울역,19819,19572,39391
20210123,1호선,동묘앞,9622,10043,19665
20210123,1호선,시청,6974,6981,13955
20210123,1호선,종각,13291,12283,25574
20210123,1호선,종로3가,16598,15552,32150
20210123,1호선,종로5가,13883,13930,27813
20210123,1호선,동대문,8571,7655,16226
20210123,1호선,신설동,8025,7669,15694
20210123,1호선,제기동,14311,14915,29226
20210123,1호선,청량리,16038,16146,32184
20210123,2호선,시청,6002,5227,11229
20210123,2호선,을지로입구,16201,15836,32037
20210123,2호선,을지로3가,6989,6941,13930
20210123,2호선,을지로4가,6786,6911,13697
20210123,2호선,동대문역사문화공원,7596,8092,15688
20210123,2호선,신당,8861,9176,18037
20210123,2호선,상왕십리,7768,7441,15209
20210123,2호선,왕십리,10163,8868,19031
20210123,2호선,한양대,2923,2719,5642
20210123,2호선,뚝섬,9508,9755,19263
20210123,2호선,성수,13204,14556,27760
20210123,2호선,건대입구,25886,27953,53839
20210123,2호선,구의,13240,13359,26599
20210123,2호선,강변,18559,19568,38127
20210123,2호선,잠실나루,5782,5602,11384
20210123,2호선,잠실,44166,42434,86600
20210123,2호선,잠실새내,12609,13072,25681
20210123,2호선,종합운동장,3145,3310,6455
20210123,2호선,삼성,20783,20874,41657
20210123,2호선,선릉,19097,16908,36005
20210123,2호선,역삼,14833,16201,31034
20210123,2호선,강남,46935,45811,92746
20210123,2호선,교대,13612,14905,28517
20210123,2호선,서초,8057,7197,15254
20210123,2호선,방배,8143,8376,16519
20210123,2호선,사당,22582,24395,46977
20210123,2호선,낙성대,17366,16266,33632
20210123,5호선,마곡,3760,3655,7415
20210123,2호선,서울대입구,30941,30090,61031
20210123,2호선,봉천,14372,13455,27827
20210123,2호선,신림,41656,40024,81680
20210123,2호선,신대방,16250,15901,32151
20210123,2호선,구로디지털단지,28129,28501,56630
20210123,2호선,대림,14850,15870,30720
20210123,2호선,신도림,31237,30847,62084
20210123,2호선,문래,9012,9405,18417
20210123,2호선,영등포구청,10076,10439,20515
20210123,2호선,당산,10120,10860,20980
20210123,2호선,합정,20246,21329,41575
20210123,2호선,홍대입구,41910,44057,85967
20210123,2호선,신촌,22163,22469,44632
20210123,2호선,이대,7064,7499,14563
20210123,2호선,아현,6268,6071,12339
20210123,2호선,충정로,4247,4403,8650
20210123,2호선,용답,1760,1632,3392
20210123,2호선,신답,799,844,1643
20210123,2호선,신설동,2622,2601,5223
20210123,2호선,도림천,715,712,1427
20210123,2호선,양천구청,3425,3517,6942
20210123,2호선,신정네거리,5641,5782,11423
20210123,2호선,용두,1571,1572,3143
20210123,3호선,지축,1912,1817,3729
20210123,3호선,구파발,11657,11686,23343
20210123,3호선,연신내,24696,23233,47929
20210123,3호선,불광,10436,11839,22275
20210123,3호선,녹번,7923,6997,14920
20210123,3호선,홍제,10459,9847,20306
20210123,3호선,무악재,2151,2214,4365
20210123,3호선,독립문,4394,4562,8956
20210123,3호선,경복궁,9980,10203,20183
20210123,3호선,안국,8627,9939,18566
20210123,3호선,종로3가,3756,5651,9407
20210123,3호선,을지로3가,3656,4085,7741
20210123,3호선,충무로,1,0,1
20210123,3호선,동대입구,4063,4656,8719
20210123,3호선,약수,7556,7176,14732
20210123,3호선,금호,5052,4628,9680
20210123,3호선,옥수,5637,5751,11388
20210123,3호선,압구정,20544,21095,41639
20210123,3호선,신사,21044,21455,42499
20210123,3호선,잠원,2594,2460,5054
20210123,3호선,고속터미널,33398,34387,67785
20210123,3호선,교대,4939,2989,7928
20210123,3호선,남부터미널,15383,15529,30912
20210123,3호선,양재,15216,16542,31758
20210123,3호선,매봉,4710,4588,9298
20210123,3호선,도곡,2668,2607,5275
20210123,3호선,대치,7037,6227,13264
20210123,3호선,학여울,884,828,1712
20210123,3호선,대청,4558,4241,8799
20210123,3호선,일원,3906,3861,7767
20210123,3호선,수서,8618,8752,17370
20210123,3호선,가락시장,5110,4938,10048
20210123,3호선,경찰병원,3098,3011,6109
20210123,3호선,오금,2801,2832,5633
20210123,4호선,수유,21797,21441,43238
20210123,4호선,미아,9114,9015,18129
20210123,4호선,미아사거리,17862,17605,35467
20210123,4호선,길음,11165,10743,21908
20210123,4호선,성신여대입구,13155,12533,25688
20210123,4호선,한성대입구,8324,7970,16294
20210123,4호선,혜화,17769,18099,35868
20210123,4호선,동대문,10712,10764,21476
20210123,4호선,동대문역사문화공원,8677,7411,16088
20210123,4호선,충무로,9483,9893,19376
20210123,4호선,명동,9068,10324,19392
20210123,4호선,회현,13064,13846,26910
20210123,4호선,서울역,3831,7331,11162
20210123,4호선,숙대입구,6868,6582,13450
20210123,4호선,삼각지,2116,2641,4757
20210123,4호선,신용산,6822,7242,14064
20210123,4호선,이촌,4388,4841,9229
20210123,4호선,동작,1614,1682,3296
20210123,4호선,총신대입구,11794,12693,24487
20210123,4호선,사당,14793,13026,27819
20210123,4호선,남태령,656,505,1161
20210123,4호선,당고개,7922,7775,15697
20210123,4호선,상계,11514,10886,22400
20210123,4호선,노원,13209,14389,27598
20210123,4호선,창동,16683,17563,34246
20210123,4호선,쌍문,17520,16098,33618
20210123,5호선,방화,3859,3701,7560
20210123,5호선,개화산,3000,3001,6001
20210123,5호선,김포공항,5320,5548,10868
20210123,5호선,송정,4147,3862,8009
20210123,5호선,발산,9319,10128,19447
20210123,5호선,우장산,7727,7812,15539
20210123,5호선,화곡,16342,15263,31605
20210123,5호선,까치산,17347,17033,34380
20210123,5호선,신정,7291,6197,13488
20210123,5호선,목동,8969,9341,18310
20210123,5호선,오목교,13816,14312,28128
20210123,5호선,양평,3028,2934,5962
20210123,5호선,영등포구청,1741,1625,3366
20210123,5호선,영등포시장,5675,5986,11661
20210123,5호선,신길,2030,2160,4190
20210123,5호선,여의도,6395,6902,13297
20210123,5호선,여의나루,3654,3621,7275
20210123,5호선,마포,5773,5848,11621
20210123,5호선,공덕,5659,5727,11386
20210123,5호선,애오개,3120,2927,6047
20210123,5호선,충정로,1612,1505,3117
20210123,5호선,서대문,5444,5410,10854
20210123,5호선,광화문,10463,10272,20735
20210123,5호선,종로3가,7774,8186,15960
20210123,5호선,을지로4가,2579,2803,5382
20210123,5호선,동대문역사문화공원,795,995,1790
20210123,5호선,청구,2084,1972,4056
20210123,5호선,신금호,3427,3408,6835
20210123,5호선,행당,4462,3932,8394
20210123,5호선,왕십리,2753,3222,5975
20210123,5호선,마장,3410,3295,6705
20210123,5호선,답십리,8326,7819,16145
20210123,5호선,장한평,8854,8817,17671
20210123,5호선,군자,6637,7382,14019
20210123,5호선,아차산,9869,9899,19768
20210123,5호선,광나루,7417,6953,14370
20210123,5호선,천호,13415,12899,26314
20210123,5호선,강동,10902,10262,21164
20210123,5호선,길동,4903,5051,9954
20210123,5호선,굽은다리,5557,5259,10816
20210123,5호선,명일,4723,4742,9465
20210123,5호선,고덕,4789,4644,9433
20210123,5호선,상일동,8235,7654,15889
20210123,5호선,둔촌동,5210,5080,10290
20210123,5호선,올림픽공원,2253,2000,4253
20210123,5호선,방이,4066,3993,8059
20210123,5호선,오금,1929,1802,3731
20210123,5호선,개롱,3480,3659,7139
20210123,5호선,거여,4250,4102,8352
20210123,5호선,마천,3631,3751,7382
20210123,5호선,미사,7918,7870,15788
20210123,5호선,하남풍산,2795,3106,5901
20210123,6호선,응암,10493,10606,21099
20210123,6호선,역촌,2122,2445,4567
20210123,6호선,불광,2991,2803,5794
20210123,6호선,독바위,1708,1986,3694
20210123,6호선,구산,4431,3446,7877
20210123,6호선,새절,7347,7069,14416
20210123,6호선,증산,6267,6276,12543
20210123,6호선,디지털미디어시티,5877,6137,12014
20210123,6호선,월드컵경기장,3754,3691,7445
20210123,6호선,마포구청,7785,6802,14587
20210123,6호선,망원,10751,11818,22569
20210123,6호선,합정,9529,8560,18089
20210123,6호선,상수,5342,6201,11543
20210123,6호선,광흥창,4036,3829,7865
20210123,6호선,대흥,4135,4117,8252
20210123,6호선,공덕,7953,7835,15788
20210123,6호선,효창공원앞,3718,3189,6907
20210123,6호선,삼각지,3152,2533,5685
20210123,6호선,녹사평,3393,3474,6867
20210123,6호선,이태원,7512,7720,15232
20210123,6호선,한강진,4642,5605,10247
20210123,6호선,버티고개,1256,1299,2555
20210123,6호선,약수,2074,2088,4162
20210123,6호선,청구,2064,2088,4152
20210123,6호선,신당,4318,3522,7840
20210123,6호선,동묘앞,6343,5911,12254
20210123,6호선,창신,1831,1500,3331
20210123,6호선,보문,4015,3679,7694
20210123,6호선,안암,4629,4369,8998
20210123,6호선,월곡,6122,6181,12303
20210123,6호선,상월곡,3431,2992,6423
20210123,6호선,돌곶이,4596,4373,8969
20210123,6호선,석계,7145,7237,14382
20210123,6호선,태릉입구,3231,3368,6599
20210123,6호선,화랑대,5734,4756,10490
20210123,6호선,봉화산,4263,4103,8366
20210123,7호선,장암,1203,788,1991
20210123,7호선,도봉산,5105,7160,12265
20210123,7호선,수락산,8111,8198,16309
20210123,7호선,마들,7151,6895,14046
20210123,7호선,노원,12712,13370,26082
20210123,7호선,중계,7515,6797,14312
20210123,7호선,하계,9709,9127,18836
20210123,7호선,공릉,7299,7140,14439
20210123,7호선,태릉입구,5346,4753,10099
20210123,7호선,먹골,6360,6244,12604
20210123,7호선,중화,6479,6320,12799
20210123,7호선,상봉,11018,10722,21740
20210123,7호선,면목,9411,9260,18671
20210123,7호선,사가정,10262,10279,20541
20210123,7호선,용마산,3532,3647,7179
20210123,7호선,중곡,5662,5424,11086
20210123,7호선,군자,8967,6929,15896
20210123,7호선,어린이대공원,6934,6438,13372
20210123,7호선,건대입구,8803,8482,17285
20210123,7호선,뚝섬유원지,5140,4921,10061
20210123,7호선,청담,9416,9914,19330
20210123,7호선,강남구청,8012,8598,16610
20210123,7호선,학동,8506,8921,17427
20210123,7호선,논현,9827,10622,20449
20210123,7호선,반포,3562,3224,6786
20210123,7호선,고속터미널,9807,7864,17671
20210123,7호선,내방,6888,6656,13544
20210123,7호선,이수,9719,9061,18780
20210123,7호선,남성,6553,6095,12648
20210123,7호선,숭실대입구,6417,6359,12776
20210123,7호선,상도,6025,5643,11668
20210123,7호선,장승배기,5780,5667,11447
20210123,7호선,신대방삼거리,9649,9198,18847
20210123,7호선,보라매,4850,4825,9675
20210123,7호선,신풍,6817,6533,13350
20210123,7호선,대림,5517,5900,11417
20210123,7호선,남구로,7221,7741,14962
20210123,7호선,가산디지털단지,12427,11519,23946
20210123,7호선,철산,12150,12243,24393
20210123,7호선,광명사거리,14407,14516,28923
20210123,7호선,천왕,5436,5204,10640
20210123,7호선,온수,4830,4717,9547
20210123,7호선,까치울,4249,4140,8389
20210123,7호선,부천종합운동장,2438,2214,4652
20210123,7호선,춘의,4454,4247,8701
20210123,7호선,신중동,7586,7585,15171
20210123,7호선,부천시청,7663,7547,15210
20210123,7호선,상동,7652,7899,15551
20210123,7호선,삼산체육관,2433,2336,4769
20210123,7호선,굴포천,5115,5302,10417
20210123,7호선,부평구청,5800,5057,10857
20210123,8호선,암사,10255,9544,19799
20210123,8호선,천호,10291,11810,22101
20210123,8호선,강동구청,5105,5260,10365
20210123,8호선,몽촌토성,3201,3230,6431
20210123,8호선,잠실,9899,10697,20596
20210123,8호선,석촌,4843,5644,10487
20210123,8호선,송파,4257,4277,8534
20210123,8호선,가락시장,4856,5051,9907
20210123,8호선,문정,6822,7011,13833
20210123,8호선,장지,9963,9662,19625
20210123,8호선,복정,5437,4787,10224
20210123,8호선,산성,4208,4208,8416
20210123,8호선,남한산성입구,7681,6891,14572
20210123,8호선,단대오거리,6142,5912,12054
20210123,8호선,신흥,3203,3359,6562
20210123,8호선,수진,3579,3348,6927
20210123,8호선,모란,3068,2449,5517
20210123,9호선,개화,1017,867,1884
20210123,9호선,김포공항,5441,8060,13501
20210123,9호선,공항시장,1836,1965,3801
20210123,9호선,신방화,3627,3603,7230
20210123,9호선,마곡나루,5832,5711,11543
20210123,9호선,양천향교,4599,4537,9136
20210123,9호선,가양,11304,10771,22075
20210123,9호선,증미,3500,3522,7022
20210123,9호선,등촌,5942,5750,11692
20210123,9호선,염창,9138,8723,17861
20210123,9호선,신목동,1747,1571,3318
20210123,9호선,선유도,2821,2811,5632
20210123,9호선,당산,9889,9428,19317
20210123,9호선,국회의사당,2953,3012,5965
20210123,9호선,여의도,6203,5977,12180
20210123,9호선,샛강,2014,2112,4126
20210123,9호선,노량진,16271,16227,32498
20210123,9호선,노들,2522,2152,4674
20210123,9호선,흑석,4540,4414,8954
20210123,9호선,동작,1058,816,1874
20210123,9호선,구반포,1659,1825,3484
20210123,9호선,신반포,1787,1575,3362
20210123,9호선,고속터미널,8408,11355,19763
20210123,9호선,사평,1561,1473,3034
20210123,9호선,신논현,19731,19451,39182
20210123,9호선2~3단계,언주,4857,4879,9736
20210123,9호선2~3단계,선정릉,3833,4164,7997
20210123,9호선2~3단계,삼성중앙,2424,2398,4822
20210123,9호선2~3단계,봉은사,7412,7372,14784
20210123,9호선2~3단계,종합운동장,2251,2093,4344
20210123,9호선2~3단계,삼전,3947,3718,7665
20210123,9호선2~3단계,석촌고분,3383,3268,6651
20210123,9호선2~3단계,석촌,4919,4200,9119
20210123,9호선2~3단계,송파나루,2940,3106,6046
20210123,9호선2~3단계,한성백제,1397,1184,2581
20210123,9호선2~3단계,올림픽공원,3029,3074,6103
20210123,9호선2~3단계,둔촌오륜,569,506,1075
20210123,9호선2~3단계,중앙보훈병원,3229,3013,6242
20210123,경강선,판교,2219,2069,4288
20210123,경강선,이매,591,449,1040
20210123,경강선,삼동,1188,1156,2344
20210123,경강선,경기광주,3672,3681,7353
20210123,경강선,초월,1644,1523,3167
20210123,경강선,곤지암,1334,1276,2610
20210123,경강선,신둔도예촌,701,691,1392
20210123,경강선,이천,1919,1980,3899
20210123,경강선,부발,1474,1165,2639
20210123,경강선,세종대왕릉,203,209,412
20210123,경강선,여주,1415,1557,2972
20210123,경부선,서울역,3149,960,4109
20210123,경부선,남영,4441,4767,9208
20210123,경부선,용산,20933,21985,42918
20210123,경부선,노량진,6995,6587,13582
20210123,경부선,대방,6296,6121,12417
20210123,경부선,영등포,29349,30772,60121
20210123,경부선,신도림,2243,2227,4470
20210123,경부선,신길,5134,4314,9448
20210123,경부선,구로,10575,11058,21633
20210123,경부선,가산디지털단지,4968,6607,11575
20210123,경부선,금천구청,6630,6709,13339
20210123,경부선,석수,5602,5332,10934
20210123,경부선,관악,4716,4498,9214
20210123,경부선,안양,13970,14060,28030
20210123,경부선,명학,4146,3959,8105
20210123,경부선,금정,14683,14705,29388
20210123,경부선,군포,3794,3528,7322
20210123,경부선,의왕,4678,4601,9279
20210123,경부선,성균관대,7759,7787,15546
20210123,경부선,화서,3918,3953,7871
20210123,경부선,수원,27275,29600,56875
20210123,경부선,독산,7109,7137,14246
20210123,경부선,세류,1897,1854,3751
20210123,경부선,병점,9086,8808,17894
20210123,경부선,세마,1627,1422,3049
20210123,경부선,오산대,1947,1858,3805
20210123,경부선,오산,7232,6791,14023
20210123,경부선,진위,874,723,1597
20210123,경부선,송탄,3367,2981,6348
20210123,경부선,서정리,4863,3922,8785
20210123,경부선,지제,2074,1848,3922
20210123,경부선,평택,9761,9210,18971
20210123,경부선,성환,2200,2137,4337
20210123,경부선,직산,470,434,904
20210123,경부선,두정,3464,3532,6996
20210123,경부선,천안,4194,4342,8536
20210123,경부선,당정,3101,3018,6119
20210123,경부선,서동탄,804,808,1612
20210123,경부선,광명,1791,1666,3457
20210123,경원선,이촌,2322,1774,4096
20210123,경원선,서빙고,1015,902,1917
20210123,경원선,한남,2401,2166,4567
20210123,경원선,옥수,24,25,49
20210123,경원선,응봉,1108,978,2086
20210123,경원선,왕십리,9164,10259,19423
20210123,경원선,청량리,11026,12204,23230
20210123,경원선,외대앞,4863,4705,9568
20210123,경원선,신이문,5087,4628,9715
20210123,경원선,석계,5607,5794,11401
20210123,경원선,광운대,4777,4632,9409
20210123,경원선,월계,4111,3756,7867
20210123,경원선,녹천,2825,2448,5273
20210123,경원선,방학,6083,5986,12069
20210123,경원선,도봉,3595,3441,7036
20210123,경원선,도봉산,7504,4991,12495
20210123,경원선,망월사,4293,4490,8783
20210123,경원선,회룡,7698,7743,15441
20210123,경원선,의정부,13347,14021,27368
20210123,경원선,가능,4104,3930,8034
20210123,경원선,녹양,2687,2699,5386
20210123,경원선,양주,4491,4401,8892
20210123,경원선,덕계,1708,1506,3214
20210123,경원선,덕정,3207,3133,6340
20210123,경원선,지행,4005,3971,7976
20210123,경원선,동두천중앙,1940,2019,3959
20210123,경원선,보산,1120,1172,2292
20210123,경원선,동두천,1185,1432,2617
20210123,경원선,소요산,2732,2423,5155
20210123,경의선,서울역,874,905,1779
20210123,경의선,신촌,290,265,555
20210123,경의선,효창공원앞,1354,1521,2875
20210123,경의선,공덕,1882,1443,3325
20210123,경의선,서강대,1209,1103,2312
20210123,경의선,홍대입구,1320,1374,2694
20210123,경의선,가좌,2937,2827,5764
20210123,경의선,디지털미디어시티,1422,1329,2751
20210123,경의선,수색,1022,1005,2027
20210123,경의선,화전,712,687,1399
20210123,경의선,강매,1491,1363,2854
20210123,경의선,행신,3788,3908,7696
20210123,경의선,능곡,2166,2092,4258
20210123,경의선,곡산,309,337,646
20210123,경의선,백마,3317,3173,6490
20210123,경의선,풍산,3295,3274,6569
20210123,경의선,일산,5060,5020,10080
20210123,경의선,탄현,4124,4056,8180
20210123,경의선,야당,3761,3640,7401
20210123,경의선,운정,3229,3144,6373
20210123,경의선,금릉,2742,2723,5465
20210123,경의선,금촌,4077,4060,8137
20210123,경의선,월롱,975,936,1911
20210123,경의선,파주,608,478,1086
20210123,경의선,문산,3220,3213,6433
20210123,경의선,임진강,38,30,68
20210123,경인선,개봉,13375,13414,26789
20210123,경인선,오류동,7389,7028,14417
20210123,경인선,역곡,16319,16158,32477
20210123,경인선,부천,23802,24704,48506
20210123,경인선,송내,14425,14326,28751
20210123,경인선,부평,22937,25328,48265
20210123,경인선,백운,4446,4384,8830
20210123,경인선,동암,10460,10695,21155
20210123,경인선,주안,12292,11187,23479
20210123,경인선,제물포,5893,5814,11707
20210123,경인선,동인천,9314,9156,18470
20210123,경인선,인천,2953,2392,5345
20210123,경인선,구일,3449,3304,6753
20210123,경인선,소사,6237,6053,12290
20210123,경인선,부개,5006,4833,9839
20210123,경인선,간석,3465,3299,6764
20210123,경인선,도원,1671,1712,3383
20210123,경인선,온수,3845,3629,7474
20210123,경인선,중동,5212,5009,10221
20210123,경인선,도화,2485,2318,4803
20210123,경춘선,신내,791,836,1627
20210123,경춘선,갈매,1500,1314,2814
20210123,경춘선,별내,1665,1634,3299
20210123,경춘선,퇴계원,2132,1988,4120
20210123,경춘선,사릉,1811,1726,3537
20210123,경춘선,금곡,879,825,1704
20210123,경춘선,평내호평,3520,3399,6919
20210123,경춘선,천마산,1001,1081,2082
20210123,경춘선,마석,2374,2464,4838
20210123,경춘선,대성리,354,336,690
20210123,경춘선,청평,940,1028,1968
20210123,경춘선,상천,246,206,452
20210123,경춘선,가평,936,1020,1956
20210123,경춘선,굴봉산,79,96,175
20210123,경춘선,백양리,159,157,316
20210123,경춘선,강촌,323,381,704
20210123,경춘선,김유정,274,279,553
20210123,경춘선,남춘천,1604,1733,3337
20210123,경춘선,춘천,949,925,1874
20210123,공항철도 1호선,서울역,4466,4274,8740
20210123,공항철도 1호선,공덕,1112,1685,2797
20210123,공항철도 1호선,홍대입구,7364,7226,14590
20210123,공항철도 1호선,디지털미디어시티,4193,3829,8022
20210123,공항철도 1호선,마곡나루,2122,2280,4402
20210123,공항철도 1호선,김포공항,6862,3886,10748
20210123,공항철도 1호선,계양,4705,4370,9075
20210123,공항철도 1호선,검암,3566,3688,7254
20210123,공항철도 1호선,청라국제도시,3027,2884,5911
20210123,공항철도 1호선,운서,4414,4457,8871
20210123,공항철도 1호선,공항화물청사,1237,1240,2477
20210123,공항철도 1호선,인천공항1터미널,2642,2793,5435
20210123,공항철도 1호선,인천공항2터미널,1543,1393,2936
20210123,공항철도 1호선,영종,1961,2047,4008
20210123,과천선,선바위,3849,3435,7284
20210123,과천선,경마공원,866,841,1707
20210123,과천선,대공원,2527,2711,5238
20210123,과천선,과천,3085,2892,5977
20210123,과천선,정부과천청사,3875,3912,7787
20210123,과천선,인덕원,12096,11705,23801
20210123,과천선,평촌,7090,7145,14235
20210123,과천선,범계,15385,15031,30416
20210123,분당선,선릉,4250,6375,10625
20210123,분당선,한티,8814,8516,17330
20210123,분당선,도곡,3264,3015,6279
20210123,분당선,구룡,891,810,1701
20210123,분당선,개포동,1997,1974,3971
20210123,분당선,대모산입구,2016,1815,3831
20210123,분당선,수서,6857,6950,13807
20210123,분당선,수원,5969,4851,10820
20210123,분당선,서울숲,5016,4999,10015
20210123,분당선,압구정로데오,14171,15143,29314
20210123,분당선,강남구청,4151,5004,9155
20210123,분당선,선정릉,2776,2938,5714
20210123,분당선,가천대,3847,4309,8156
20210123,분당선,태평,8852,8614,17466
20210123,분당선,모란,12876,12842,25718
20210123,분당선,야탑,13763,14348,28111
20210123,분당선,서현,14968,15240,30208
20210123,분당선,수내,7161,6704,13865
20210123,분당선,정자,8892,8986,17878
20210123,분당선,미금,8802,9090,17892
20210123,분당선,오리,6220,5166,11386
20210123,분당선,이매,2894,2767,5661
20210123,분당선,보정,1265,1218,2483
20210123,분당선,죽전,7873,8912,16785
20210123,분당선,구성,2477,2625,5102
20210123,분당선,신갈,2105,2126,4231
20210123,분당선,기흥,5251,4962,10213
20210123,분당선,상갈,3035,3079,6114
20210123,분당선,청명,2060,2006,4066
20210123,분당선,영통,5685,5429,11114
20210123,분당선,망포,7352,6831,14183
20210123,분당선,매탄권선,2636,2436,5072
20210123,분당선,수원시청,8210,8994,17204
20210123,분당선,매교,1619,1680,3299
20210123,수인선,고색,1878,1887,3765
20210123,수인선,오목천,1361,1227,2588
20210123,수인선,어천,401,389,790
20210123,수인선,야목,163,149,312
20210123,수인선,사리,2283,2013,4296
20210123,수인선,달월,47,40,87
20210123,수인선,월곶,1639,1656,3295
20210123,수인선,소래포구,4518,4671,9189
20210123,수인선,인천논현,3677,3752,7429
20210123,수인선,호구포,2130,2097,4227
20210123,수인선,남동인더스파크,992,950,1942
20210123,수인선,원인재,2909,2993,5902
20210123,수인선,연수,3084,3198,6282
20210123,수인선,송도,1698,1576,3274
20210123,수인선,인하대,3332,3072,6404
20210123,수인선,숭의,2324,2170,4494
20210123,수인선,신포,1109,1179,2288
20210123,수인선,인천,878,1498,2376
20210123,안산선,산본,9610,10334,19944
20210123,안산선,대야미,3063,2665,5728
20210123,안산선,반월,2643,2562,5205
20210123,안산선,상록수,9974,9951,19925
20210123,안산선,한대앞,5359,5451,10810
20210123,안산선,중앙,12526,12895,25421
20210123,안산선,고잔,4779,4611,9390
20210123,안산선,초지,2405,2437,4842
20210123,안산선,안산,8134,8291,16425
20210123,안산선,신길온천,1083,1061,2144
20210123,안산선,정왕,4864,4816,9680
20210123,안산선,오이도,5600,5880,11480
20210123,안산선,수리산,2273,2131,4404
20210123,우이신설선,북한산우이,2159,2252,4411
20210123,우이신설선,솔밭공원,1488,1407,2895
20210123,우이신설선,4.19민주묘지,1864,1613,3477
20210123,우이신설선,가오리,2407,2269,4676
20210123,우이신설선,화계,2019,1898,3917
20210123,우이신설선,삼양,1304,1353,2657
20210123,우이신설선,삼양사거리,1589,1580,3169
20210123,우이신설선,솔샘,2940,2672,5612
20210123,우이신설선,북한산보국문,3741,3411,7152
20210123,우이신설선,정릉,2812,2406,5218
20210123,우이신설선,성신여대입구,2196,2602,4798
20210123,우이신설선,보문,945,924,1869
20210123,우이신설선,신설동,1378,1251,2629
20210123,일산선,원흥,5136,5083,10219
20210123,일산선,삼송,10913,10742,21655
20210123,일산선,원당,6629,6344,12973
20210123,일산선,화정,10223,10701,20924
20210123,일산선,대곡,916,779,1695
20210123,일산선,백석,6270,6398,12668
20210123,일산선,마두,3983,4058,8041
20210123,일산선,정발산,4879,4854,9733
20210123,일산선,주엽,5036,5071,10107
20210123,일산선,대화,6647,6214,12861
20210123,장항선,봉명,557,550,1107
20210123,장항선,쌍용,1099,1034,2133
20210123,장항선,아산,1928,1981,3909
20210123,장항선,배방,658,652,1310
20210123,장항선,온양온천,2840,2784,5624
20210123,장항선,신창,700,647,1347
20210123,중앙선,회기,15740,14595,30335
20210123,중앙선,중랑,3590,3419,7009
20210123,중앙선,상봉,3886,3865,7751
20210123,중앙선,망우,4896,4951,9847
20210123,중앙선,양원,892,841,1733
20210123,중앙선,구리,8006,8348,16354
20210123,중앙선,도농,5302,5021,10323
20210123,중앙선,양정,393,359,752
20210123,중앙선,덕소,3515,3542,7057
20210123,중앙선,도심,1271,1116,2387
20210123,중앙선,팔당,1018,1139,2157
20210123,중앙선,운길산,858,755,1613
20210123,중앙선,양수,1365,1452,2817
20210123,중앙선,신원,264,162,426
20210123,중앙선,국수,478,533,1011
20210123,중앙선,아신,311,378,689
20210123,중앙선,오빈,195,201,396
20210123,중앙선,원덕,264,250,514
20210124,9호선,동작,815,675,1490
20210124,중앙선,용문,1275,1023,2298
20210124,7호선,중곡,4118,4007,8125
20210124,1호선,시청,5073,4913,9986
20210124,1호선,서울역,16049,14725,30774
20210124,1호선,동묘앞,10510,10859,21369
20210124,1호선,종각,8840,7709,16549
20210124,1호선,종로3가,10098,9047,19145
20210124,1호선,종로5가,6012,6056,12068
20210124,1호선,동대문,7072,7786,14858
20210124,1호선,신설동,5880,5919,11799
20210124,1호선,제기동,8491,8979,17470
20210124,1호선,청량리,10637,10563,21200
20210124,2호선,시청,4135,3321,7456
20210124,2호선,을지로입구,11433,10901,22334
20210124,2호선,을지로3가,4680,4180,8860
20210124,2호선,을지로4가,2418,2502,4920
20210124,2호선,동대문역사문화공원,5295,6437,11732
20210124,2호선,신당,6345,6767,13112
20210124,2호선,상왕십리,5310,5407,10717
20210124,2호선,왕십리,6940,6127,13067
20210124,2호선,한양대,1709,1775,3484
20210124,2호선,뚝섬,6639,6874,13513
20210124,2호선,성수,8857,9687,18544
20210124,2호선,건대입구,19334,20291,39625
20210124,2호선,구의,8909,9058,17967
20210124,2호선,강변,14918,14353,29271
20210124,2호선,잠실나루,3821,3869,7690
20210124,2호선,잠실,31371,29238,60609
20210124,2호선,잠실새내,7792,8209,16001
20210124,2호선,종합운동장,2255,2523,4778
20210124,2호선,삼성,14102,13815,27917
20210124,2호선,선릉,9637,8228,17865
20210124,2호선,역삼,8476,9453,17929
20210124,2호선,강남,24876,23930,48806
20210124,2호선,교대,7574,8416,15990
20210124,2호선,서초,6054,5659,11713
20210124,2호선,방배,4978,5293,10271
20210124,2호선,사당,15326,17155,32481
20210124,2호선,낙성대,11928,12349,24277
20210124,2호선,서울대입구,20766,21423,42189
20210124,2호선,봉천,9323,9281,18604
20210124,2호선,신림,29027,28694,57721
20210124,2호선,신대방,11720,11681,23401
20210124,2호선,구로디지털단지,18036,17917,35953
20210124,2호선,대림,11293,11478,22771
20210124,2호선,신도림,20419,20200,40619
20210124,2호선,문래,5422,5630,11052
20210124,2호선,영등포구청,5829,6112,11941
20210124,2호선,당산,6881,7193,14074
20210124,2호선,합정,14156,14570,28726
20210124,2호선,홍대입구,31486,31258,62744
20210124,2호선,신촌,15243,14945,30188
20210124,2호선,이대,4488,4842,9330
20210124,2호선,아현,3995,3870,7865
20210124,2호선,충정로,2934,3035,5969
20210124,2호선,용답,1323,1370,2693
20210124,2호선,신답,576,602,1178
20210124,2호선,신설동,2347,2411,4758
20210124,2호선,도림천,347,369,716
20210124,2호선,양천구청,2417,2442,4859
20210124,2호선,신정네거리,3656,3735,7391
20210124,2호선,용두,894,918,1812
20210124,3호선,지축,1273,1196,2469
20210124,3호선,구파발,8295,8334,16629
20210124,3호선,연신내,17441,16321,33762
20210124,3호선,불광,7635,9019,16654
20210124,3호선,녹번,5168,4677,9845
20210124,3호선,홍제,6919,6655,13574
20210124,3호선,무악재,1429,1528,2957
20210124,3호선,독립문,3102,3475,6577
20210124,3호선,경복궁,7286,7653,14939
20210124,3호선,안국,6439,7079,13518
20210124,3호선,종로3가,2247,3270,5517
20210124,3호선,을지로3가,1900,1915,3815
20210124,3호선,동대입구,3430,4038,7468
20210124,3호선,약수,5089,4812,9901
20210124,3호선,금호,3377,3349,6726
20210124,3호선,옥수,4069,4253,8322
20210124,3호선,압구정,10073,10382,20455
20210124,3호선,신사,10927,11078,22005
20210124,3호선,잠원,1852,1846,3698
20210124,3호선,고속터미널,28080,25914,53994
20210124,3호선,교대,2892,1822,4714
20210124,3호선,남부터미널,10322,10667,20989
20210124,3호선,양재,9336,10978,20314
20210124,3호선,매봉,3283,3253,6536
20210124,3호선,도곡,1477,1444,2921
20210124,3호선,대치,4378,3920,8298
20210124,3호선,학여울,590,560,1150
20210124,3호선,대청,3028,2922,5950
20210124,3호선,일원,2695,2760,5455
20210124,3호선,수서,6465,6497,12962
20210124,3호선,가락시장,2868,3113,5981
20210124,3호선,경찰병원,2002,2154,4156
20210124,3호선,오금,2134,2109,4243
20210124,4호선,수유,15410,14713,30123
20210124,4호선,미아,6334,6077,12411
20210124,4호선,미아사거리,12385,11814,24199
20210124,4호선,길음,7425,7284,14709
20210124,4호선,성신여대입구,9117,8934,18051
20210124,4호선,한성대입구,5782,5659,11441
20210124,4호선,혜화,13862,14090,27952
20210124,4호선,동대문,4926,5494,10420
20210124,4호선,동대문역사문화공원,6601,6639,13240
20210124,4호선,충무로,5479,5512,10991
20210124,4호선,명동,7064,7294,14358
20210124,4호선,회현,6541,6609,13150
20210124,4호선,서울역,2831,5452,8283
20210124,4호선,숙대입구,4624,4571,9195
20210124,4호선,삼각지,1340,1712,3052
20210124,4호선,신용산,4933,4871,9804
20210124,4호선,이촌,3186,3748,6934
20210124,4호선,동작,1460,1454,2914
20210124,4호선,총신대입구,7621,8367,15988
20210124,4호선,사당,10169,9987,20156
20210124,4호선,남태령,377,352,729
20210124,4호선,당고개,6180,5958,12138
20210124,4호선,상계,8095,7687,15782
20210124,4호선,노원,8957,9626,18583
20210124,4호선,창동,12012,12576,24588
20210124,4호선,쌍문,12098,11044,23142
20210124,5호선,방화,2902,2762,5664
20210124,5호선,개화산,2039,2139,4178
20210124,5호선,김포공항,4881,4601,9482
20210124,5호선,송정,2676,2775,5451
20210124,5호선,마곡,2407,2430,4837
20210124,5호선,발산,6045,6234,12279
20210124,5호선,우장산,4836,4976,9812
20210124,5호선,화곡,10432,9929,20361
20210124,5호선,까치산,11913,11742,23655
20210124,5호선,신정,4837,4381,9218
20210124,5호선,목동,5756,6021,11777
20210124,5호선,오목교,8782,9101,17883
20210124,5호선,양평,1895,1976,3871
20210124,5호선,영등포구청,1039,1056,2095
20210124,5호선,영등포시장,3376,3497,6873
20210124,5호선,신길,1366,1599,2965
20210124,5호선,여의도,4120,4427,8547
20210124,5호선,여의나루,3759,3697,7456
20210124,5호선,마포,3536,3610,7146
20210124,5호선,공덕,3175,3298,6473
20210124,5호선,애오개,2024,2190,4214
20210124,5호선,충정로,1052,1142,2194
20210124,5호선,서대문,3675,3717,7392
20210124,5호선,광화문,7769,7574,15343
20210124,5호선,종로3가,5822,5183,11005
20210124,5호선,을지로4가,1060,1039,2099
20210124,5호선,동대문역사문화공원,547,665,1212
20210124,5호선,청구,1390,1263,2653
20210124,5호선,신금호,2217,2463,4680
20210124,5호선,행당,3108,2863,5971
20210124,5호선,왕십리,1799,2024,3823
20210124,5호선,마장,2331,2317,4648
20210124,5호선,답십리,5658,5217,10875
20210124,5호선,장한평,5552,5460,11012
20210124,5호선,군자,4533,4936,9469
20210124,5호선,아차산,8245,8272,16517
20210124,5호선,광나루,5685,5626,11311
20210124,5호선,천호,9209,8633,17842
20210124,5호선,강동,7185,7075,14260
20210124,5호선,길동,3201,3357,6558
20210124,5호선,굽은다리,3756,3512,7268
20210124,5호선,명일,3171,3245,6416
20210124,5호선,고덕,2870,2878,5748
20210124,5호선,상일동,5397,5304,10701
20210124,5호선,둔촌동,3345,3399,6744
20210124,5호선,올림픽공원,1582,1346,2928
20210124,5호선,방이,3000,2882,5882
20210124,5호선,오금,1306,1170,2476
20210124,5호선,개롱,2278,2413,4691
20210124,5호선,거여,2769,2816,5585
20210124,5호선,마천,2585,2823,5408
20210124,5호선,미사,5402,5379,10781
20210124,5호선,하남풍산,2085,2226,4311
20210124,6호선,응암,7135,7313,14448
20210124,6호선,역촌,1482,1796,3278
20210124,6호선,불광,2306,2172,4478
20210124,6호선,독바위,1297,1643,2940
20210124,6호선,구산,2849,2243,5092
20210124,6호선,새절,5120,5088,10208
20210124,6호선,증산,4364,4495,8859
20210124,6호선,디지털미디어시티,4045,4255,8300
20210124,6호선,월드컵경기장,2701,2648,5349
20210124,6호선,마포구청,5677,5035,10712
20210124,6호선,망원,7470,8171,15641
20210124,6호선,합정,6730,6035,12765
20210124,6호선,상수,3930,4432,8362
20210124,6호선,광흥창,3159,3045,6204
20210124,6호선,대흥,2659,2751,5410
20210124,6호선,공덕,5186,4821,10007
20210124,6호선,효창공원앞,2505,2288,4793
20210124,6호선,삼각지,2206,1711,3917
20210124,6호선,녹사평,2728,2620,5348
20210124,6호선,이태원,6003,5667,11670
20210124,6호선,한강진,3670,4232,7902
20210124,6호선,버티고개,842,907,1749
20210124,6호선,약수,1328,1351,2679
20210124,6호선,청구,1327,1305,2632
20210124,6호선,신당,2480,3206,5686
20210124,6호선,동묘앞,4776,4467,9243
20210124,6호선,창신,1304,1189,2493
20210124,6호선,보문,2918,2754,5672
20210124,6호선,안암,3345,3565,6910
20210124,6호선,고려대,2956,2863,5819
20210124,6호선,월곡,4181,4175,8356
20210124,6호선,상월곡,2420,2219,4639
20210124,6호선,돌곶이,3408,3227,6635
20210124,6호선,석계,4949,4935,9884
20210124,6호선,태릉입구,2363,2402,4765
20210124,6호선,화랑대,3682,3190,6872
20210124,6호선,봉화산,2924,2863,5787
20210124,7호선,장암,1029,697,1726
20210124,7호선,도봉산,4180,6367,10547
20210124,7호선,수락산,6615,6746,13361
20210124,7호선,마들,4706,4381,9087
20210124,7호선,노원,8375,8302,16677
20210124,7호선,중계,5133,4744,9877
20210124,7호선,하계,6983,6671,13654
20210124,7호선,공릉,4925,5110,10035
20210124,7호선,태릉입구,3571,3389,6960
20210124,7호선,먹골,4316,4201,8517
20210124,7호선,중화,4591,4506,9097
20210124,7호선,상봉,7268,6847,14115
20210124,7호선,면목,6320,6375,12695
20210124,7호선,사가정,7424,7201,14625
20210124,7호선,용마산,2588,2810,5398
20210124,7호선,군자,5868,4764,10632
20210124,7호선,어린이대공원,5205,5129,10334
20210124,7호선,건대입구,5783,5670,11453
20210124,7호선,뚝섬유원지,4704,4359,9063
20210124,7호선,청담,4866,5114,9980
20210124,7호선,강남구청,4368,4682,9050
20210124,7호선,학동,4584,4813,9397
20210124,7호선,논현,5310,5533,10843
20210124,7호선,반포,2009,2058,4067
20210124,7호선,고속터미널,8795,5992,14787
20210124,7호선,내방,4064,4282,8346
20210124,7호선,이수,6069,5693,11762
20210124,7호선,남성,4155,4262,8417
20210124,7호선,숭실대입구,4380,4644,9024
20210124,7호선,상도,3949,4052,8001
20210124,7호선,장승배기,4131,3948,8079
20210124,7호선,신대방삼거리,6492,6352,12844
20210124,7호선,보라매,3332,3364,6696
20210124,7호선,신풍,4761,4525,9286
20210124,7호선,대림,4733,4462,9195
20210124,7호선,남구로,5517,5243,10760
20210124,7호선,가산디지털단지,8483,7953,16436
20210124,7호선,철산,7941,8062,16003
20210124,7호선,광명사거리,9742,9576,19318
20210124,7호선,천왕,3897,3762,7659
20210124,7호선,온수,2994,3140,6134
20210124,7호선,까치울,2903,2875,5778
20210124,7호선,부천종합운동장,1792,1684,3476
20210124,7호선,춘의,2720,2611,5331
20210124,7호선,신중동,5173,4947,10120
20210124,7호선,부천시청,4922,4759,9681
20210124,7호선,상동,4836,4819,9655
20210124,7호선,삼산체육관,1724,1661,3385
20210124,7호선,굴포천,3475,3373,6848
20210124,7호선,부평구청,3890,3316,7206
20210124,8호선,암사,7079,6695,13774
20210124,8호선,천호,6943,7876,14819
20210124,8호선,강동구청,3414,3598,7012
20210124,8호선,몽촌토성,2490,2433,4923
20210124,8호선,잠실,7184,7545,14729
20210124,8호선,석촌,3221,3857,7078
20210124,8호선,송파,2768,2988,5756
20210124,8호선,가락시장,2649,3422,6071
20210124,8호선,문정,4205,4363,8568
20210124,8호선,장지,7237,7481,14718
20210124,8호선,복정,3667,3506,7173
20210124,8호선,산성,3125,3186,6311
20210124,8호선,남한산성입구,5601,5154,10755
20210124,8호선,단대오거리,4269,4273,8542
20210124,8호선,신흥,2255,2352,4607
20210124,8호선,수진,2460,2268,4728
20210124,8호선,모란,2811,2318,5129
20210124,9호선,개화,862,679,1541
20210124,9호선,김포공항,5005,7258,12263
20210124,9호선,공항시장,1273,1367,2640
20210124,9호선,신방화,2527,2499,5026
20210124,9호선,마곡나루,3858,3962,7820
20210124,9호선,양천향교,3016,3234,6250
20210124,9호선,가양,7455,7593,15048
20210124,9호선,증미,1886,1888,3774
20210124,9호선,등촌,3847,4019,7866
20210124,9호선,염창,6205,6143,12348
20210124,9호선,신목동,1230,1065,2295
20210124,9호선,선유도,1920,1970,3890
20210124,9호선,당산,6399,6233,12632
20210124,9호선,국회의사당,3058,2822,5880
20210124,9호선,여의도,4296,3922,8218
20210124,9호선,샛강,1216,1229,2445
20210124,9호선,노량진,10375,11066,21441
20210124,9호선,노들,1870,1644,3514
20210124,9호선,흑석,3046,3153,6199
20210124,9호선,구반포,867,869,1736
20210124,9호선,신반포,1056,1122,2178
20210124,9호선,고속터미널,6668,8174,14842
20210124,9호선,사평,905,1001,1906
20210124,9호선,신논현,11202,10650,21852
20210124,9호선2~3단계,언주,2729,2722,5451
20210124,9호선2~3단계,선정릉,2363,2514,4877
20210124,9호선2~3단계,삼성중앙,1416,1513,2929
20210124,9호선2~3단계,봉은사,4877,4683,9560
20210124,9호선2~3단계,종합운동장,1363,1335,2698
20210124,9호선2~3단계,삼전,2697,2667,5364
20210124,9호선2~3단계,석촌고분,2339,2328,4667
20210124,9호선2~3단계,석촌,3242,2948,6190
20210124,9호선2~3단계,송파나루,2035,2228,4263
20210124,9호선2~3단계,한성백제,1047,912,1959
20210124,9호선2~3단계,올림픽공원,2241,2214,4455
20210124,9호선2~3단계,둔촌오륜,317,329,646
20210124,9호선2~3단계,중앙보훈병원,2334,2288,4622
20210124,경강선,판교,1738,1579,3317
20210124,경강선,이매,463,346,809
20210124,경강선,삼동,737,768,1505
20210124,경강선,경기광주,2708,2788,5496
20210124,경강선,초월,1125,1193,2318
20210124,경강선,곤지암,1062,1119,2181
20210124,경강선,신둔도예촌,555,513,1068
20210124,경강선,이천,1512,1565,3077
20210124,경강선,부발,916,1569,2485
20210124,경강선,세종대왕릉,162,158,320
20210124,경강선,여주,1297,1183,2480
20210124,경부선,서울역,3484,790,4274
20210124,경부선,남영,3095,3472,6567
20210124,경부선,용산,18319,16708,35027
20210124,경부선,노량진,4677,4567,9244
20210124,경부선,대방,4393,4680,9073
20210124,경부선,영등포,22525,21801,44326
20210124,경부선,신도림,1589,1575,3164
20210124,경부선,신길,3740,3261,7001
20210124,경부선,구로,7388,7373,14761
20210124,경부선,가산디지털단지,3439,4734,8173
20210124,경부선,금천구청,4810,4689,9499
20210124,경부선,석수,4076,4188,8264
20210124,경부선,관악,3770,3393,7163
20210124,경부선,안양,10164,9852,20016
20210124,경부선,명학,2667,2629,5296
20210124,경부선,금정,10232,10705,20937
20210124,경부선,군포,2568,2474,5042
20210124,경부선,의왕,3309,3279,6588
20210124,경부선,성균관대,5801,6097,11898
20210124,경부선,화서,2838,2784,5622
20210124,경부선,수원,23385,23091,46476
20210124,경부선,독산,4576,4634,9210
20210124,경부선,세류,1506,1543,3049
20210124,경부선,병점,6472,7239,13711
20210124,경부선,세마,1167,1092,2259
20210124,경부선,오산대,1465,1377,2842
20210124,경부선,오산,5389,5908,11297
20210124,경부선,진위,547,583,1130
20210124,경부선,송탄,2577,2851,5428
20210124,경부선,서정리,3034,4399,7433
20210124,경부선,지제,1407,1443,2850
20210124,경부선,평택,8099,8720,16819
20210124,경부선,성환,1763,1970,3733
20210124,경부선,직산,369,409,778
20210124,경부선,두정,2921,3166,6087
20210124,경부선,천안,4223,4057,8280
20210124,경부선,당정,2238,2301,4539
20210124,경부선,서동탄,632,578,1210
20210124,경부선,광명,1561,1123,2684
20210124,경원선,이촌,1675,1287,2962
20210124,경원선,서빙고,826,819,1645
20210124,경원선,한남,1568,1545,3113
20210124,경원선,옥수,47,10,57
20210124,경원선,응봉,820,732,1552
20210124,경원선,왕십리,6139,6875,13014
20210124,경원선,청량리,8884,8911,17795
20210124,경원선,외대앞,3554,3407,6961
20210124,경원선,신이문,3700,3479,7179
20210124,경원선,석계,3792,4058,7850
20210124,경원선,광운대,3263,3312,6575
20210124,경원선,월계,2916,2645,5561
20210124,경원선,녹천,2186,1916,4102
20210124,경원선,방학,4507,4382,8889
20210124,경원선,도봉,2765,2605,5370
20210124,경원선,도봉산,7352,5244,12596
20210124,경원선,망월사,3091,3275,6366
20210124,경원선,회룡,5649,5552,11201
20210124,경원선,의정부,10224,10127,20351
20210124,경원선,가능,3158,2919,6077
20210124,경원선,녹양,1977,1896,3873
20210124,경원선,양주,3514,3335,6849
20210124,경원선,덕계,1178,1083,2261
20210124,경원선,덕정,2336,2433,4769
20210124,경원선,지행,3032,2923,5955
20210124,경원선,동두천중앙,1543,1434,2977
20210124,경원선,보산,951,906,1857
20210124,경원선,동두천,929,1100,2029
20210124,경원선,소요산,2985,2603,5588
20210124,경의선,서울역,622,612,1234
20210124,경의선,신촌,203,220,423
20210124,경의선,효창공원앞,995,1134,2129
20210124,경의선,공덕,1274,1019,2293
20210124,경의선,서강대,820,795,1615
20210124,경의선,홍대입구,1015,1056,2071
20210124,경의선,가좌,2126,2156,4282
20210124,경의선,디지털미디어시티,1042,860,1902
20210124,경의선,수색,687,711,1398
20210124,경의선,화전,521,519,1040
20210124,경의선,강매,1085,997,2082
20210124,경의선,행신,3033,2972,6005
20210124,경의선,능곡,1613,1512,3125
20210124,경의선,곡산,190,201,391
20210124,경의선,백마,2254,2192,4446
20210124,경의선,풍산,2456,2389,4845
20210124,경의선,일산,3299,3265,6564
20210124,경의선,탄현,3015,2913,5928
20210124,경의선,야당,2616,2558,5174
20210124,경의선,운정,2329,2186,4515
20210124,경의선,금릉,1946,1824,3770
20210124,경의선,금촌,2898,3101,5999
20210124,경의선,월롱,533,927,1460
20210124,경의선,파주,450,397,847
20210124,경의선,문산,2583,2607,5190
20210124,경의선,임진강,44,34,78
20210124,경인선,개봉,8851,9050,17901
20210124,경인선,오류동,5210,4862,10072
20210124,경인선,역곡,10765,10503,21268
20210124,경인선,부천,16644,15901,32545
20210124,경인선,송내,9942,9770,19712
20210124,경인선,부평,17352,17540,34892
20210124,경인선,백운,3001,2911,5912
20210124,경인선,동암,7481,7370,14851
20210124,경인선,주안,8977,7937,16914
20210124,경인선,제물포,4377,4242,8619
20210124,경인선,동인천,7161,6924,14085
20210124,경인선,인천,2829,2292,5121
20210124,경인선,구일,2450,2411,4861
20210124,경인선,소사,4374,4163,8537
20210124,경인선,부개,3439,3303,6742
20210124,경인선,간석,2466,2291,4757
20210124,경인선,도원,1308,1325,2633
20210124,경인선,온수,2675,2645,5320
20210124,경인선,중동,3736,3455,7191
20210124,경인선,도화,1782,1710,3492
20210124,경춘선,신내,575,595,1170
20210124,경춘선,갈매,1103,961,2064
20210124,경춘선,별내,1264,1240,2504
20210124,경춘선,퇴계원,1502,1384,2886
20210124,경춘선,사릉,1269,1241,2510
20210124,경춘선,금곡,646,632,1278
20210124,경춘선,평내호평,2445,2353,4798
20210124,경춘선,천마산,888,808,1696
20210124,경춘선,마석,1692,1702,3394
20210124,경춘선,대성리,414,291,705
20210124,경춘선,청평,913,842,1755
20210124,경춘선,상천,311,234,545
20210124,경춘선,가평,1004,868,1872
20210124,경춘선,굴봉산,108,133,241
20210124,경춘선,백양리,205,151,356
20210124,경춘선,강촌,474,375,849
20210124,경춘선,김유정,281,314,595
20210124,경춘선,남춘천,1532,1619,3151
20210124,경춘선,춘천,1020,809,1829
20210124,공항철도 1호선,서울역,4265,3662,7927
20210124,공항철도 1호선,공덕,849,1195,2044
20210124,공항철도 1호선,홍대입구,6020,5465,11485
20210124,공항철도 1호선,디지털미디어시티,2712,2613,5325
20210124,공항철도 1호선,마곡나루,1544,1598,3142
20210124,공항철도 1호선,김포공항,7233,4081,11314
20210124,공항철도 1호선,계양,3353,3246,6599
20210124,공항철도 1호선,검암,2666,2800,5466
20210124,공항철도 1호선,청라국제도시,2158,2067,4225
20210124,공항철도 1호선,운서,3525,3732,7257
20210124,공항철도 1호선,공항화물청사,822,924,1746
20210124,공항철도 1호선,인천공항1터미널,2761,2688,5449
20210124,공항철도 1호선,인천공항2터미널,1393,1248,2641
20210124,공항철도 1호선,영종,1567,1569,3136
20210124,과천선,선바위,2550,2488,5038
20210124,과천선,경마공원,567,569,1136
20210124,과천선,대공원,2814,2942,5756
20210124,과천선,과천,2250,2004,4254
20210124,과천선,정부과천청사,2767,2929,5696
20210124,과천선,인덕원,8203,8032,16235
20210124,과천선,평촌,4597,4492,9089
20210124,과천선,범계,10510,10310,20820
20210124,분당선,선릉,2156,2916,5072
20210124,분당선,한티,6329,6057,12386
20210124,분당선,도곡,1859,1924,3783
20210124,분당선,구룡,481,499,980
20210124,분당선,개포동,1254,1321,2575
20210124,분당선,대모산입구,1378,1321,2699
20210124,분당선,수서,5460,5487,10947
20210124,분당선,수원,4423,3490,7913
20210124,분당선,서울숲,3680,3796,7476
20210124,분당선,압구정로데오,7582,8102,15684
20210124,분당선,강남구청,2313,2757,5070
20210124,분당선,선정릉,1541,1795,3336
20210124,분당선,가천대,2531,3034,5565
20210124,분당선,태평,6181,5927,12108
20210124,분당선,모란,11036,11405,22441
20210124,분당선,야탑,9719,9968,19687
20210124,분당선,서현,10569,10428,20997
20210124,분당선,수내,4669,4602,9271
20210124,분당선,정자,5816,5808,11624
20210124,분당선,미금,5361,5851,11212
20210124,분당선,오리,4329,3794,8123
20210124,분당선,이매,2073,2149,4222
20210124,분당선,보정,810,773,1583
20210124,분당선,죽전,5923,6641,12564
20210124,분당선,구성,1710,1802,3512
20210124,분당선,신갈,1466,1538,3004
20210124,분당선,기흥,3841,3613,7454
20210124,분당선,상갈,2146,2222,4368
20210124,분당선,청명,1492,1444,2936
20210124,분당선,영통,3520,3471,6991
20210124,분당선,망포,4571,4872,9443
20210124,분당선,매탄권선,1784,1819,3603
20210124,분당선,수원시청,5419,5263,10682
20210124,분당선,매교,1081,1107,2188
20210124,수인선,고색,1249,1260,2509
20210124,수인선,오목천,957,989,1946
20210124,수인선,어천,326,399,725
20210124,수인선,야목,120,112,232
20210124,수인선,사리,1686,1484,3170
20210124,수인선,달월,27,28,55
20210124,수인선,월곶,1265,1181,2446
20210124,수인선,소래포구,4091,3897,7988
20210124,수인선,인천논현,2395,2460,4855
20210124,수인선,호구포,1602,1640,3242
20210124,수인선,남동인더스파크,501,568,1069
20210124,수인선,원인재,2254,2242,4496
20210124,수인선,연수,2258,2192,4450
20210124,수인선,송도,1348,1222,2570
20210124,수인선,인하대,2385,2201,4586
20210124,수인선,숭의,1506,1428,2934
20210124,수인선,신포,862,863,1725
20210124,수인선,인천,788,1236,2024
20210124,안산선,산본,6508,6865,13373
20210124,안산선,대야미,2309,2116,4425
20210124,안산선,반월,1945,1910,3855
20210124,안산선,상록수,7067,6953,14020
20210124,안산선,한대앞,3835,3707,7542
20210124,안산선,중앙,8869,8521,17390
20210124,안산선,고잔,3141,2977,6118
20210124,안산선,초지,1597,1617,3214
20210124,안산선,안산,7820,7038,14858
20210124,안산선,신길온천,816,758,1574
20210124,안산선,정왕,3656,3829,7485
20210124,안산선,오이도,4409,4458,8867
20210124,안산선,수리산,1604,1686,3290
20210124,우이신설선,북한산우이,2218,2461,4679
20210124,우이신설선,솔밭공원,1054,1076,2130
20210124,우이신설선,4.19민주묘지,1538,1298,2836
20210124,우이신설선,가오리,1854,1755,3609
20210124,우이신설선,화계,1595,1491,3086
20210124,우이신설선,삼양,969,956,1925
20210124,우이신설선,삼양사거리,1195,1179,2374
20210124,우이신설선,솔샘,2014,1901,3915
20210124,우이신설선,북한산보국문,2775,2461,5236
20210124,우이신설선,정릉,2055,1822,3877
20210124,우이신설선,성신여대입구,1602,1805,3407
20210124,우이신설선,보문,693,742,1435
20210124,우이신설선,신설동,908,915,1823
20210124,일산선,원흥,3734,3555,7289
20210124,일산선,삼송,7985,7872,15857
20210124,일산선,원당,4777,4625,9402
20210124,일산선,화정,6998,7269,14267
20210124,일산선,대곡,691,579,1270
20210124,일산선,백석,4466,4356,8822
20210124,일산선,마두,2544,2540,5084
20210124,일산선,정발산,3772,3711,7483
20210124,일산선,주엽,3279,3207,6486
20210124,일산선,대화,4555,4260,8815
20210124,장항선,봉명,469,454,923
20210124,장항선,쌍용,967,948,1915
20210124,장항선,아산,2061,1511,3572
20210124,장항선,배방,603,689,1292
20210124,장항선,온양온천,3241,3300,6541
20210124,장항선,신창,718,723,1441
20210124,중앙선,회기,10808,10767,21575
20210124,중앙선,중랑,2601,2527,5128
20210124,중앙선,상봉,3120,3071,6191
20210124,중앙선,망우,3386,3455,6841
20210124,중앙선,양원,621,688,1309
20210124,중앙선,구리,5764,5919,11683
20210124,중앙선,도농,3652,3709,7361
20210124,중앙선,양정,322,266,588
20210124,중앙선,덕소,2639,2662,5301
20210124,중앙선,도심,921,830,1751
20210124,중앙선,팔당,1215,1216,2431
20210124,중앙선,운길산,869,766,1635
20210124,중앙선,양수,1261,1155,2416
20210124,중앙선,신원,223,158,381
20210124,중앙선,국수,480,447,927
20210124,중앙선,아신,321,286,607
20210124,중앙선,오빈,123,117,240
20210124,중앙선,양평,1499,1328,2827
20210124,중앙선,원덕,215,183,398
20210124,중앙선,지평,44,30,74
20210130,수인선,사리,2343,1981,4324
20210130,6호선,공덕,8143,7816,15959
20210130,경원선,동두천,1149,1375,2524
20210130,1호선,서울역,19916,19323,39239
20210130,1호선,동묘앞,8969,9312,18281
20210130,1호선,시청,7080,7002,14082
20210130,1호선,종각,13267,12430,25697
20210130,1호선,종로3가,16478,15372,31850
20210130,1호선,종로5가,13906,13999,27905
20210130,1호선,동대문,8543,7806,16349
20210130,1호선,신설동,7878,7479,15357
20210130,1호선,제기동,14031,14657,28688
20210130,1호선,청량리,16512,16349,32861
20210130,2호선,시청,6026,5353,11379
20210130,2호선,을지로입구,16216,15864,32080
20210130,2호선,을지로3가,7401,7192,14593
20210130,2호선,을지로4가,6358,6543,12901
20210130,2호선,동대문역사문화공원,7031,7593,14624
20210130,2호선,신당,9135,9370,18505
20210130,2호선,상왕십리,7934,7499,15433
20210130,2호선,왕십리,10308,9056,19364
20210130,2호선,한양대,2484,2363,4847
20210130,2호선,뚝섬,9709,10000,19709
20210130,2호선,성수,13495,14968,28463
20210130,2호선,건대입구,26762,28794,55556
20210130,2호선,구의,13508,13364,26872
20210130,2호선,강변,18697,19503,38200
20210130,2호선,잠실나루,5730,5521,11251
20210130,2호선,잠실,45980,44184,90164
20210130,2호선,잠실새내,13385,13839,27224
20210130,2호선,종합운동장,3291,3640,6931
20210130,2호선,삼성,21860,21986,43846
20210130,2호선,선릉,19292,17171,36463
20210130,2호선,역삼,14826,16028,30854
20210130,2호선,강남,48890,48134,97024
20210130,2호선,교대,13501,15052,28553
20210130,2호선,서초,7557,6662,14219
20210130,2호선,방배,8000,8170,16170
20210130,2호선,사당,22676,24606,47282
20210130,2호선,낙성대,17099,16195,33294
20210130,2호선,서울대입구,31084,30123,61207
20210130,2호선,봉천,14416,13501,27917
20210130,2호선,신림,41411,40059,81470
20210130,2호선,신대방,16217,15966,32183
20210130,2호선,구로디지털단지,28651,28766,57417
20210130,2호선,대림,14812,15805,30617
20210130,2호선,신도림,31746,31558,63304
20210130,2호선,문래,9429,9810,19239
20210130,2호선,영등포구청,9980,10157,20137
20210130,2호선,당산,9879,10770,20649
20210130,2호선,합정,20632,21993,42625
20210130,2호선,홍대입구,44160,46513,90673
20210130,2호선,신촌,22925,23295,46220
20210130,2호선,이대,7282,7589,14871
20210130,2호선,아현,6151,5950,12101
20210130,2호선,충정로,4490,4585,9075
20210130,2호선,용답,1590,1612,3202
20210130,2호선,신답,850,872,1722
20210130,2호선,신설동,2576,2623,5199
20210130,2호선,도림천,753,707,1460
20210130,2호선,양천구청,3439,3493,6932
20210130,2호선,신정네거리,5661,5879,11540
20210130,2호선,용두,1498,1515,3013
20210130,3호선,지축,2024,1892,3916
20210130,3호선,구파발,11906,11853,23759
20210130,3호선,연신내,24939,23784,48723
20210130,3호선,불광,10663,11960,22623
20210130,3호선,녹번,7878,7113,14991
20210130,3호선,홍제,10583,10081,20664
20210130,3호선,무악재,2238,2212,4450
20210130,3호선,독립문,4380,4564,8944
20210130,3호선,경복궁,9838,9996,19834
20210130,3호선,안국,8994,10222,19216
20210130,3호선,종로3가,4092,5632,9724
20210130,3호선,을지로3가,3675,4129,7804
20210130,3호선,충무로,2,0,2
20210130,3호선,동대입구,3913,4316,8229
20210130,3호선,약수,7529,7133,14662
20210130,3호선,금호,5106,4738,9844
20210130,3호선,옥수,5771,5825,11596
20210130,3호선,압구정,21194,21791,42985
20210130,3호선,신사,21771,22059,43830
20210130,3호선,잠원,2570,2583,5153
20210130,3호선,고속터미널,35084,35475,70559
20210130,3호선,교대,5039,3047,8086
20210130,3호선,남부터미널,15367,15497,30864
20210130,3호선,양재,14876,16317,31193
20210130,3호선,매봉,4785,4673,9458
20210130,3호선,도곡,2538,2520,5058
20210130,3호선,대치,7352,6461,13813
20210130,3호선,학여울,877,843,1720
20210130,3호선,대청,4533,4161,8694
20210130,3호선,일원,3734,3699,7433
20210130,3호선,수서,8872,9036,17908
20210130,3호선,가락시장,5467,5195,10662
20210130,3호선,경찰병원,3222,3134,6356
20210130,3호선,오금,2909,2705,5614
20210130,4호선,수유,21978,21740,43718
20210130,4호선,미아,9298,8967,18265
20210130,4호선,미아사거리,18168,17899,36067
20210130,4호선,길음,11158,10717,21875
20210130,4호선,성신여대입구,13678,13142,26820
20210130,4호선,한성대입구,8406,7925,16331
20210130,4호선,혜화,18151,18382,36533
20210130,4호선,동대문,10646,10908,21554
20210130,4호선,동대문역사문화공원,8896,7744,16640
20210130,4호선,충무로,9606,9790,19396
20210130,4호선,명동,9130,10183,19313
20210130,4호선,회현,12903,13989,26892
20210130,4호선,서울역,3937,7388,11325
20210130,4호선,숙대입구,6857,6612,13469
20210130,4호선,삼각지,2137,2550,4687
20210130,4호선,신용산,7020,7439,14459
20210130,4호선,이촌,4401,4816,9217
20210130,4호선,동작,1506,1479,2985
20210130,4호선,총신대입구,11778,12747,24525
20210130,4호선,사당,14985,13060,28045
20210130,4호선,남태령,587,470,1057
20210130,4호선,당고개,8059,7621,15680
20210130,4호선,상계,11434,10850,22284
20210130,4호선,노원,13191,14558,27749
20210130,4호선,창동,17130,18224,35354
20210130,4호선,쌍문,17851,16468,34319
20210130,5호선,방화,3814,3619,7433
20210130,5호선,개화산,2978,2984,5962
20210130,5호선,김포공항,5604,5798,11402
20210130,5호선,송정,4096,4117,8213
20210130,5호선,마곡,3934,3813,7747
20210130,5호선,발산,9529,10167,19696
20210130,5호선,우장산,7982,8007,15989
20210130,5호선,화곡,16318,15360,31678
20210130,5호선,까치산,17582,16973,34555
20210130,5호선,신정,7421,6490,13911
20210130,5호선,목동,9181,9489,18670
20210130,5호선,오목교,13989,14331,28320
20210130,5호선,양평,2970,2904,5874
20210130,5호선,영등포구청,1604,1611,3215
20210130,5호선,영등포시장,5592,5746,11338
20210130,5호선,신길,1937,2256,4193
20210130,5호선,여의도,6369,6811,13180
20210130,5호선,여의나루,3187,3165,6352
20210130,5호선,마포,5809,5964,11773
20210130,5호선,공덕,5702,5893,11595
20210130,5호선,애오개,3125,3019,6144
20210130,5호선,충정로,1511,1395,2906
20210130,5호선,서대문,5355,5348,10703
20210130,5호선,광화문,10969,10624,21593
20210130,5호선,종로3가,8158,8147,16305
20210130,5호선,을지로4가,2878,3149,6027
20210130,5호선,동대문역사문화공원,848,1140,1988
20210130,5호선,청구,2098,1988,4086
20210130,5호선,신금호,3389,3306,6695
20210130,5호선,행당,4677,4075,8752
20210130,5호선,왕십리,2792,3188,5980
20210130,5호선,마장,3605,3567,7172
20210130,5호선,답십리,8672,7970,16642
20210130,5호선,장한평,9018,9014,18032
20210130,5호선,군자,7003,7745,14748
20210130,5호선,아차산,9477,9485,18962
20210130,5호선,광나루,7184,6690,13874
20210130,5호선,천호,13549,12943,26492
20210130,5호선,강동,10814,10196,21010
20210130,5호선,길동,4973,5153,10126
20210130,5호선,굽은다리,5763,5386,11149
20210130,5호선,명일,4867,4778,9645
20210130,5호선,고덕,4875,4654,9529
20210130,5호선,상일동,8540,7823,16363
20210130,5호선,둔촌동,5091,5021,10112
20210130,5호선,올림픽공원,2256,2037,4293
20210130,5호선,방이,4111,4045,8156
20210130,5호선,오금,1778,1600,3378
20210130,5호선,개롱,3460,3572,7032
20210130,5호선,거여,4338,4249,8587
20210130,5호선,마천,3558,3595,7153
20210130,5호선,미사,8050,8091,16141
20210130,5호선,하남풍산,2816,3042,5858
20210130,6호선,응암,10440,10485,20925
20210130,6호선,역촌,2194,2490,4684
20210130,6호선,불광,3113,2866,5979
20210130,6호선,독바위,1639,1825,3464
20210130,6호선,구산,4359,3415,7774
20210130,6호선,새절,7322,6948,14270
20210130,6호선,증산,6447,6346,12793
20210130,6호선,디지털미디어시티,5680,5935,11615
20210130,6호선,월드컵경기장,3807,3830,7637
20210130,6호선,마포구청,7717,6857,14574
20210130,6호선,망원,10934,11791,22725
20210130,6호선,합정,9380,8680,18060
20210130,6호선,상수,5706,6654,12360
20210130,6호선,광흥창,4167,3995,8162
20210130,6호선,대흥,4181,4129,8310
20210130,6호선,효창공원앞,3743,3393,7136
20210130,6호선,삼각지,3137,2626,5763
20210130,6호선,녹사평,3575,3679,7254
20210130,6호선,이태원,7669,7928,15597
20210130,6호선,한강진,5025,5802,10827
20210130,6호선,버티고개,1265,1268,2533
20210130,6호선,약수,2075,2102,4177
20210130,6호선,청구,2131,2014,4145
20210130,6호선,신당,4644,3797,8441
20210130,6호선,동묘앞,6260,5672,11932
20210130,6호선,창신,1818,1520,3338
20210130,6호선,보문,4077,3716,7793
20210130,6호선,안암,4825,4681,9506
20210130,6호선,고려대,4244,4059,8303
20210130,6호선,월곡,6447,6329,12776
20210130,6호선,상월곡,3417,3092,6509
20210130,6호선,돌곶이,4814,4544,9358
20210130,6호선,석계,7112,7019,14131
20210130,6호선,태릉입구,3271,3419,6690
20210130,6호선,화랑대,5165,4335,9500
20210130,6호선,봉화산,4299,4169,8468
20210130,7호선,장암,1111,791,1902
20210130,7호선,도봉산,4796,6728,11524
20210130,7호선,수락산,8051,7950,16001
20210130,7호선,마들,7374,6956,14330
20210130,7호선,노원,12895,13343,26238
20210130,7호선,중계,7532,6798,14330
20210130,7호선,하계,9823,9180,19003
20210130,7호선,공릉,7276,7191,14467
20210130,7호선,태릉입구,5100,4697,9797
20210130,7호선,먹골,6295,6294,12589
20210130,7호선,중화,6549,6338,12887
20210130,7호선,상봉,11137,10716,21853
20210130,7호선,면목,9259,9069,18328
20210130,7호선,사가정,10340,10283,20623
20210130,7호선,용마산,3637,3597,7234
20210130,7호선,중곡,5828,5568,11396
20210130,7호선,군자,8886,6908,15794
20210130,7호선,어린이대공원,6738,6441,13179
20210130,7호선,건대입구,8951,8808,17759
20210130,7호선,뚝섬유원지,4630,4419,9049
20210130,7호선,청담,9272,9641,18913
20210130,7호선,강남구청,8033,8792,16825
20210130,7호선,학동,8681,9099,17780
20210130,7호선,논현,9864,10533,20397
20210130,7호선,반포,3540,3295,6835
20210130,7호선,고속터미널,10040,8301,18341
20210130,7호선,내방,6773,6652,13425
20210130,7호선,이수,10136,9424,19560
20210130,7호선,남성,6476,6112,12588
20210130,7호선,숭실대입구,7003,6880,13883
20210130,7호선,상도,5944,5658,11602
20210130,7호선,장승배기,5915,5630,11545
20210130,7호선,신대방삼거리,9502,9041,18543
20210130,7호선,보라매,5026,4949,9975
20210130,7호선,신풍,6925,6610,13535
20210130,7호선,대림,5617,6045,11662
20210130,7호선,남구로,7228,7629,14857
20210130,7호선,가산디지털단지,12447,11568,24015
20210130,7호선,철산,12339,12512,24851
20210130,7호선,광명사거리,14413,14542,28955
20210130,7호선,천왕,5811,5588,11399
20210130,7호선,온수,4839,4704,9543
20210130,7호선,까치울,4142,4166,8308
20210130,7호선,부천종합운동장,2337,2273,4610
20210130,7호선,춘의,4265,4216,8481
20210130,7호선,신중동,7861,7913,15774
20210130,7호선,부천시청,7745,7720,15465
20210130,7호선,상동,7823,7925,15748
20210130,7호선,삼산체육관,2551,2405,4956
20210130,7호선,굴포천,5108,5283,10391
20210130,7호선,부평구청,5708,5068,10776
20210130,8호선,암사,10551,9975,20526
20210130,8호선,천호,10351,12120,22471
20210130,8호선,강동구청,5139,5186,10325
20210130,8호선,몽촌토성,3341,3250,6591
20210130,8호선,잠실,10371,11280,21651
20210130,8호선,석촌,4917,5795,10712
20210130,8호선,송파,4417,4501,8918
20210130,8호선,가락시장,5086,5089,10175
20210130,8호선,문정,6796,6852,13648
20210130,8호선,장지,10271,10032,20303
20210130,8호선,복정,5459,4699,10158
20210130,8호선,산성,4072,4143,8215
20210130,8호선,남한산성입구,7658,6887,14545
20210130,8호선,단대오거리,6211,5879,12090
20210130,8호선,신흥,3083,3303,6386
20210130,8호선,수진,3454,3180,6634
20210130,8호선,모란,3135,2458,5593
20210130,9호선,개화,994,851,1845
20210130,9호선,김포공항,5829,8601,14430
20210130,9호선,공항시장,1868,1962,3830
20210130,9호선,신방화,3824,3680,7504
20210130,9호선,마곡나루,5699,5719,11418
20210130,9호선,양천향교,4712,4603,9315
20210130,9호선,가양,11252,10849,22101
20210130,9호선,증미,3367,3496,6863
20210130,9호선,등촌,6020,5799,11819
20210130,9호선,염창,9168,8750,17918
20210130,9호선,신목동,1694,1497,3191
20210130,9호선,선유도,2795,2841,5636
20210130,9호선,당산,9963,9290,19253
20210130,9호선,국회의사당,3010,3098,6108
20210130,9호선,여의도,6072,5748,11820
20210130,9호선,샛강,2088,2204,4292
20210130,9호선,노량진,15932,16201,32133
20210130,9호선,노들,2521,2228,4749
20210130,9호선,흑석,4286,4370,8656
20210130,9호선,동작,1021,770,1791
20210130,9호선,구반포,1646,1755,3401
20210130,9호선,신반포,1914,1833,3747
20210130,9호선,고속터미널,8713,11653,20366
20210130,9호선,사평,1627,1514,3141
20210130,9호선,신논현,20266,19934,40200
20210130,9호선2~3단계,언주,4816,4712,9528
20210130,9호선2~3단계,선정릉,3765,4198,7963
20210130,9호선2~3단계,삼성중앙,2523,2551,5074
20210130,9호선2~3단계,봉은사,7705,7790,15495
20210130,9호선2~3단계,종합운동장,2447,2139,4586
20210130,9호선2~3단계,삼전,4044,3795,7839
20210130,9호선2~3단계,석촌고분,3465,3335,6800
20210130,9호선2~3단계,석촌,4983,4178,9161
20210130,9호선2~3단계,송파나루,3031,3276,6307
20210130,9호선2~3단계,한성백제,1462,1249,2711
20210130,9호선2~3단계,올림픽공원,2907,3055,5962
20210130,9호선2~3단계,둔촌오륜,556,502,1058
20210130,9호선2~3단계,중앙보훈병원,3267,2996,6263
20210130,경강선,판교,2175,2121,4296
20210130,경강선,이매,551,435,986
20210130,경강선,삼동,1149,1073,2222
20210130,경강선,경기광주,3826,3666,7492
20210130,경강선,초월,1694,1592,3286
20210130,경강선,곤지암,1378,1349,2727
20210130,경강선,신둔도예촌,717,697,1414
20210130,경강선,이천,1841,1937,3778
20210130,경강선,부발,1450,1163,2613
20210130,경강선,세종대왕릉,178,207,385
20210130,경강선,여주,1330,1399,2729
20210130,경부선,서울역,3154,878,4032
20210130,경부선,남영,4805,4992,9797
20210130,경부선,용산,21473,22570,44043
20210130,경부선,노량진,6741,6445,13186
20210130,경부선,대방,6136,6091,12227
20210130,경부선,영등포,30010,31202,61212
20210130,경부선,신도림,2103,2204,4307
20210130,경부선,신길,5117,4181,9298
20210130,경부선,구로,10646,10817,21463
20210130,경부선,가산디지털단지,4865,6525,11390
20210130,경부선,금천구청,6569,6401,12970
20210130,경부선,석수,5409,5093,10502
20210130,경부선,관악,4565,4429,8994
20210130,경부선,안양,14072,14160,28232
20210130,경부선,명학,4212,3978,8190
20210130,경부선,금정,14620,14888,29508
20210130,경부선,군포,3598,3472,7070
20210130,경부선,의왕,4625,4655,9280
20210130,경부선,성균관대,7891,7834,15725
20210130,경부선,화서,3844,3830,7674
20210130,경부선,수원,27006,29176,56182
20210130,경부선,독산,7057,7125,14182
20210130,경부선,세류,1931,1977,3908
20210130,경부선,병점,8986,8838,17824
20210130,경부선,세마,1608,1374,2982
20210130,경부선,오산대,1916,1741,3657
20210130,경부선,오산,6950,6500,13450
20210130,경부선,진위,868,770,1638
20210130,경부선,송탄,3288,2961,6249
20210130,경부선,서정리,4785,3870,8655
20210130,경부선,지제,2070,1837,3907
20210130,경부선,평택,9814,9156,18970
20210130,경부선,성환,2102,1918,4020
20210130,경부선,직산,528,497,1025
20210130,경부선,두정,3511,3562,7073
20210130,경부선,천안,4192,4388,8580
20210130,경부선,당정,3140,3143,6283
20210130,경부선,서동탄,834,833,1667
20210130,경부선,광명,1729,1447,3176
20210130,경원선,이촌,2366,1739,4105
20210130,경원선,서빙고,977,925,1902
20210130,경원선,한남,2287,2183,4470
20210130,경원선,옥수,27,25,52
20210130,경원선,응봉,1112,911,2023
20210130,경원선,왕십리,9117,10297,19414
20210130,경원선,청량리,11138,12364,23502
20210130,경원선,외대앞,4722,4515,9237
20210130,경원선,신이문,5145,4620,9765
20210130,경원선,석계,5362,5820,11182
20210130,경원선,광운대,4443,4469,8912
20210130,경원선,월계,3833,3623,7456
20210130,경원선,녹천,2648,2269,4917
20210130,경원선,방학,6001,5901,11902
20210130,경원선,도봉,3662,3525,7187
20210130,경원선,도봉산,6413,4190,10603
20210130,경원선,망월사,4276,4526,8802
20210130,경원선,회룡,7528,7458,14986
20210130,경원선,의정부,13499,14248,27747
20210130,경원선,가능,4028,3933,7961
20210130,경원선,녹양,2715,2647,5362
20210130,경원선,양주,4678,4529,9207
20210130,경원선,덕계,1562,1502,3064
20210130,경원선,덕정,3203,3046,6249
20210130,경원선,지행,4060,4029,8089
20210130,경원선,동두천중앙,2062,2153,4215
20210130,경원선,보산,1063,1083,2146
20210130,경원선,소요산,2191,1902,4093
20210130,경의선,서울역,850,1008,1858
20210130,경의선,신촌,329,308,637
20210130,경의선,효창공원앞,1453,1621,3074
20210130,경의선,공덕,1975,1520,3495
20210130,경의선,서강대,1256,1179,2435
20210130,경의선,홍대입구,1266,1401,2667
20210130,경의선,가좌,2970,2959,5929
20210130,경의선,디지털미디어시티,1376,1266,2642
20210130,경의선,수색,992,1010,2002
20210130,경의선,화전,747,682,1429
20210130,경의선,강매,1497,1383,2880
20210130,경의선,행신,3876,3997,7873
20210130,경의선,능곡,2108,1951,4059
20210130,경의선,곡산,279,281,560
20210130,경의선,백마,3235,3190,6425
20210130,경의선,풍산,3161,3090,6251
20210130,경의선,일산,4595,4538,9133
20210130,경의선,탄현,4029,3970,7999
20210130,경의선,야당,3790,3665,7455
20210130,경의선,운정,3219,3218,6437
20210130,경의선,금릉,2681,2677,5358
20210130,경의선,금촌,4157,4096,8253
20210130,경의선,월롱,988,929,1917
20210130,경의선,파주,602,418,1020
20210130,경의선,문산,3175,3197,6372
20210130,경의선,임진강,23,22,45
20210130,경인선,개봉,13331,13498,26829
20210130,경인선,오류동,7589,7093,14682
20210130,경인선,역곡,16574,16345,32919
20210130,경인선,부천,24400,24942,49342
20210130,경인선,송내,14586,14806,29392
20210130,경인선,부평,23570,25795,49365
20210130,경인선,백운,4336,4429,8765
20210130,경인선,동암,10570,10902,21472
20210130,경인선,주안,12267,11058,23325
20210130,경인선,제물포,5895,5808,11703
20210130,경인선,동인천,9253,9151,18404
20210130,경인선,인천,2749,2358,5107
20210130,경인선,구일,3370,3225,6595
20210130,경인선,소사,6196,6134,12330
20210130,경인선,부개,5230,4969,10199
20210130,경인선,간석,3389,3343,6732
20210130,경인선,도원,1685,1705,3390
20210130,경인선,온수,3813,3682,7495
20210130,경인선,중동,5250,4968,10218
20210130,경인선,도화,2520,2298,4818
20210130,경춘선,신내,797,783,1580
20210130,경춘선,갈매,1452,1359,2811
20210130,경춘선,별내,1704,1652,3356
20210130,경춘선,퇴계원,2021,1893,3914
20210130,경춘선,사릉,1751,1746,3497
20210130,경춘선,금곡,808,727,1535
20210130,경춘선,평내호평,3413,3254,6667
20210130,경춘선,천마산,1039,1014,2053
20210130,경춘선,마석,2274,2270,4544
20210130,경춘선,대성리,336,299,635
20210130,경춘선,청평,920,988,1908
20210130,경춘선,상천,200,190,390
20210130,경춘선,가평,949,1021,1970
20210130,경춘선,굴봉산,85,83,168
20210130,경춘선,백양리,168,178,346
20210130,경춘선,강촌,297,344,641
20210130,경춘선,김유정,262,243,505
20210130,경춘선,남춘천,1639,1727,3366
20210130,경춘선,춘천,832,861,1693
20210130,공항철도 1호선,서울역,4394,4250,8644
20210130,공항철도 1호선,공덕,1124,1665,2789
20210130,공항철도 1호선,홍대입구,8013,7493,15506
20210130,공항철도 1호선,디지털미디어시티,3811,3475,7286
20210130,공항철도 1호선,마곡나루,2086,2234,4320
20210130,공항철도 1호선,김포공항,7512,4143,11655
20210130,공항철도 1호선,계양,4681,4414,9095
20210130,공항철도 1호선,검암,3528,3510,7038
20210130,공항철도 1호선,청라국제도시,2949,2839,5788
20210130,공항철도 1호선,운서,4360,4342,8702
20210130,공항철도 1호선,공항화물청사,1192,1203,2395
20210130,공항철도 1호선,인천공항1터미널,2586,2789,5375
20210130,공항철도 1호선,인천공항2터미널,1565,1423,2988
20210130,공항철도 1호선,영종,1986,2133,4119
20210130,과천선,선바위,3584,3386,6970
20210130,과천선,경마공원,809,805,1614
20210130,과천선,대공원,2176,2399,4575
20210130,과천선,과천,3140,2911,6051
20210130,과천선,정부과천청사,4032,4137,8169
20210130,과천선,인덕원,12095,11873,23968
20210130,과천선,평촌,7402,7383,14785
20210130,과천선,범계,15812,15304,31116
20210130,분당선,선릉,4241,6194,10435
20210130,분당선,한티,9324,9025,18349
20210130,분당선,도곡,3559,3152,6711
20210130,분당선,구룡,981,947,1928
20210130,분당선,개포동,2023,1951,3974
20210130,분당선,대모산입구,1849,1614,3463
20210130,분당선,수서,6719,6887,13606
20210130,분당선,복정,2,0,2
20210130,분당선,수원,5725,4623,10348
20210130,분당선,서울숲,4869,5125,9994
20210130,분당선,압구정로데오,14570,15594,30164
20210130,분당선,강남구청,4277,5076,9353
20210130,분당선,선정릉,2888,2900,5788
20210130,분당선,가천대,3722,4226,7948
20210130,분당선,태평,8894,8554,17448
20210130,분당선,모란,13227,13284,26511
20210130,분당선,야탑,13758,14728,28486
20210130,분당선,서현,15747,15735,31482
20210130,분당선,수내,7298,6979,14277
20210130,분당선,정자,9013,9152,18165
20210130,분당선,미금,8951,9331,18282
20210130,분당선,오리,6276,5292,11568
20210130,분당선,이매,3048,2875,5923
20210130,분당선,보정,1287,1150,2437
20210130,분당선,죽전,8092,9075,17167
20210130,분당선,구성,2517,2676,5193
20210130,분당선,신갈,2247,2261,4508
20210130,분당선,기흥,5374,5148,10522
20210130,분당선,상갈,3059,3020,6079
20210130,분당선,청명,2128,2037,4165
20210130,분당선,영통,5424,5453,10877
20210130,분당선,망포,7271,6829,14100
20210130,분당선,매탄권선,2687,2581,5268
20210130,분당선,수원시청,8246,8984,17230
20210130,분당선,매교,1624,1651,3275
20210130,수인선,고색,1863,1799,3662
20210130,수인선,오목천,1380,1245,2625
20210130,수인선,어천,424,407,831
20210130,수인선,야목,133,109,242
20210130,수인선,달월,55,41,96
20210130,수인선,월곶,1650,1707,3357
20210130,수인선,소래포구,4054,4209,8263
20210130,수인선,인천논현,3839,3901,7740
20210130,수인선,호구포,2026,1944,3970
20210130,수인선,남동인더스파크,959,927,1886
20210130,수인선,원인재,3055,3110,6165
20210130,수인선,연수,3080,3147,6227
20210130,수인선,송도,1701,1568,3269
20210130,수인선,인하대,3387,3155,6542
20210130,수인선,숭의,2326,2137,4463
20210130,수인선,신포,1137,1190,2327
20210130,수인선,인천,804,1361,2165
20210130,안산선,산본,9758,10396,20154
20210130,안산선,대야미,3129,2664,5793
20210130,안산선,반월,2769,2500,5269
20210130,안산선,상록수,9997,10039,20036
20210130,안산선,한대앞,5383,5393,10776
20210130,안산선,중앙,11874,12467,24341
20210130,안산선,고잔,4641,4606,9247
20210130,안산선,초지,2517,2506,5023
20210130,안산선,안산,8090,8526,16616
20210130,안산선,신길온천,1091,1060,2151
20210130,안산선,정왕,4719,4903,9622
20210130,안산선,오이도,5599,5720,11319
20210130,안산선,수리산,2266,2011,4277
20210130,우이신설선,북한산우이,1980,2029,4009
20210130,우이신설선,솔밭공원,1488,1390,2878
20210130,우이신설선,4.19민주묘지,1788,1578,3366
20210130,우이신설선,가오리,2398,2277,4675
20210130,우이신설선,화계,2017,1910,3927
20210130,우이신설선,삼양,1298,1434,2732
20210130,우이신설선,삼양사거리,1564,1550,3114
20210130,우이신설선,솔샘,3020,2764,5784
20210130,우이신설선,북한산보국문,3792,3525,7317
20210130,우이신설선,정릉,2837,2347,5184
20210130,우이신설선,성신여대입구,2255,2603,4858
20210130,우이신설선,보문,936,946,1882
20210130,우이신설선,신설동,1243,1185,2428
20210130,일산선,원흥,5174,5010,10184
20210130,일산선,삼송,11080,11068,22148
20210130,일산선,원당,6545,6405,12950
20210130,일산선,화정,10364,10870,21234
20210130,일산선,대곡,982,743,1725
20210130,일산선,백석,6337,6290,12627
20210130,일산선,마두,4067,4128,8195
20210130,일산선,정발산,4892,5068,9960
20210130,일산선,주엽,5098,5072,10170
20210130,일산선,대화,6636,6020,12656
20210130,장항선,봉명,566,561,1127
20210130,장항선,쌍용,1125,1030,2155
20210130,장항선,아산,1797,1788,3585
20210130,장항선,배방,687,666,1353
20210130,장항선,온양온천,2692,2719,5411
20210130,장항선,신창,727,683,1410
20210130,중앙선,회기,14676,13931,28607
20210130,중앙선,중랑,3531,3441,6972
20210130,중앙선,상봉,3942,3963,7905
20210130,중앙선,망우,4847,4813,9660
20210130,중앙선,양원,838,851,1689
20210130,중앙선,구리,8033,8393,16426
20210130,중앙선,도농,5337,5077,10414
20210130,중앙선,양정,412,379,791
20210130,중앙선,덕소,3572,3598,7170
20210130,중앙선,도심,1334,1159,2493
20210130,중앙선,팔당,919,1017,1936
20210130,중앙선,운길산,657,660,1317
20210130,중앙선,양수,1170,1186,2356
20210130,중앙선,신원,170,135,305
20210130,중앙선,국수,442,499,941
20210130,중앙선,아신,314,386,700
20210130,중앙선,오빈,167,181,348
20210130,중앙선,양평,1748,1881,3629
20210130,중앙선,원덕,268,289,557
20210130,중앙선,용문,1824,1890,3714
20210130,중앙선,지평,37,32,69
20210130,경원선,창동,1,0,1
20210131,중앙선,아신,336,291,627
20210131,9호선,염창,6509,6436,12945
20210131,2호선,잠실나루,3973,3980,7953
20210131,중앙선,오빈,129,121,250
20210131,1호선,서울역,16353,15029,31382
20210131,1호선,동묘앞,10108,10458,20566
20210131,중앙선,양평,1466,1331,2797
20210131,1호선,시청,5006,4721,9727
20210131,1호선,종각,8605,7698,16303
20210131,1호선,종로3가,10411,9334,19745
20210131,1호선,종로5가,6215,6310,12525
20210131,1호선,동대문,6979,7469,14448
20210131,1호선,신설동,5926,5826,11752
20210131,1호선,제기동,9605,10195,19800
20210131,1호선,청량리,11452,11341,22793
20210131,2호선,시청,4167,3470,7637
20210131,2호선,을지로입구,11760,11342,23102
20210131,2호선,을지로3가,4905,4542,9447
20210131,2호선,을지로4가,2506,2537,5043
20210131,2호선,동대문역사문화공원,5416,6480,11896
20210131,2호선,신당,6625,7043,13668
20210131,2호선,상왕십리,5171,5265,10436
20210131,2호선,왕십리,7106,6352,13458
20210131,2호선,한양대,1586,1684,3270
20210131,2호선,뚝섬,6724,6994,13718
20210131,2호선,성수,9249,10116,19365
20210131,2호선,건대입구,20125,21050,41175
20210131,2호선,구의,9035,9021,18056
20210131,2호선,강변,15446,14811,30257
20210131,2호선,잠실,32832,31151,63983
20210131,2호선,잠실새내,8151,8397,16548
20210131,2호선,종합운동장,2455,2674,5129
20210131,2호선,삼성,15281,15070,30351
20210131,2호선,선릉,9673,8596,18269
20210131,2호선,역삼,8794,9750,18544
20210131,2호선,강남,26240,25201,51441
20210131,2호선,교대,7552,8563,16115
20210131,2호선,서초,6574,6130,12704
20210131,2호선,방배,5066,5413,10479
20210131,2호선,사당,15543,17251,32794
20210131,2호선,낙성대,12214,12515,24729
20210131,2호선,서울대입구,21272,21927,43199
20210131,2호선,봉천,9664,9486,19150
20210131,2호선,신림,29480,29176,58656
20210131,2호선,신대방,11855,11467,23322
20210131,2호선,구로디지털단지,18969,18970,37939
20210131,2호선,대림,11617,11675,23292
20210131,2호선,신도림,21259,21040,42299
20210131,2호선,문래,5632,5952,11584
20210131,2호선,영등포구청,6074,6434,12508
20210131,2호선,당산,6786,7280,14066
20210131,2호선,합정,14490,15358,29848
20210131,2호선,홍대입구,32732,32794,65526
20210131,2호선,신촌,16085,15516,31601
20210131,2호선,이대,4715,4989,9704
20210131,2호선,아현,3975,4058,8033
20210131,2호선,충정로,2829,2876,5705
20210131,2호선,용답,1297,1228,2525
20210131,2호선,신답,578,586,1164
20210131,2호선,신설동,2272,2459,4731
20210131,2호선,도림천,383,386,769
20210131,2호선,양천구청,2532,2585,5117
20210131,2호선,신정네거리,3931,3957,7888
20210131,2호선,용두,1067,1048,2115
20210131,3호선,지축,1264,1239,2503
20210131,3호선,구파발,8543,8819,17362
20210131,3호선,연신내,17581,16698,34279
20210131,3호선,불광,7784,8959,16743
20210131,3호선,녹번,5335,4887,10222
20210131,3호선,홍제,6972,6697,13669
20210131,3호선,무악재,1406,1517,2923
20210131,3호선,독립문,3067,3268,6335
20210131,3호선,경복궁,7176,7422,14598
20210131,3호선,안국,6309,7041,13350
20210131,3호선,종로3가,2430,3294,5724
20210131,3호선,을지로3가,2061,1991,4052
20210131,3호선,동대입구,3051,3482,6533
20210131,3호선,약수,5049,4928,9977
20210131,3호선,금호,3329,3243,6572
20210131,3호선,옥수,3761,4187,7948
20210131,3호선,압구정,10793,11037,21830
20210131,3호선,신사,11326,11384,22710
20210131,3호선,잠원,1617,1661,3278
20210131,3호선,고속터미널,28289,26155,54444
20210131,3호선,교대,2973,1904,4877
20210131,3호선,남부터미널,10469,10867,21336
20210131,3호선,양재,9296,11113,20409
20210131,3호선,매봉,3273,3247,6520
20210131,3호선,도곡,1445,1581,3026
20210131,3호선,대치,4367,3908,8275
20210131,3호선,학여울,603,624,1227
20210131,3호선,대청,3031,2918,5949
20210131,3호선,일원,2520,2728,5248
20210131,3호선,수서,6779,6764,13543
20210131,3호선,가락시장,3039,3283,6322
20210131,3호선,경찰병원,2169,2163,4332
20210131,3호선,오금,1958,1943,3901
20210131,4호선,수유,15871,15022,30893
20210131,4호선,미아,6584,6310,12894
20210131,4호선,미아사거리,12933,12249,25182
20210131,4호선,길음,7702,7501,15203
20210131,4호선,성신여대입구,9520,9032,18552
20210131,4호선,한성대입구,5660,5806,11466
20210131,4호선,혜화,13961,14574,28535
20210131,4호선,동대문,4827,5391,10218
20210131,4호선,동대문역사문화공원,6376,6469,12845
20210131,4호선,충무로,5355,5421,10776
20210131,4호선,명동,7177,7299,14476
20210131,4호선,회현,6259,6476,12735
20210131,4호선,서울역,2914,5509,8423
20210131,4호선,숙대입구,4796,4690,9486
20210131,4호선,삼각지,1358,1697,3055
20210131,4호선,신용산,5111,5252,10363
20210131,4호선,이촌,3040,3522,6562
20210131,4호선,동작,1334,1322,2656
20210131,4호선,총신대입구,7911,8631,16542
20210131,4호선,사당,10449,10214,20663
20210131,4호선,남태령,397,337,734
20210131,4호선,당고개,6075,5771,11846
20210131,4호선,상계,8236,7817,16053
20210131,4호선,노원,9021,9783,18804
20210131,4호선,창동,12534,13135,25669
20210131,4호선,쌍문,12618,11373,23991
20210131,5호선,방화,2755,2745,5500
20210131,5호선,개화산,2146,2255,4401
20210131,5호선,김포공항,5250,4893,10143
20210131,5호선,송정,2924,2921,5845
20210131,5호선,마곡,2511,2595,5106
20210131,5호선,발산,6214,6414,12628
20210131,5호선,우장산,4991,5058,10049
20210131,5호선,화곡,11013,10504,21517
20210131,5호선,까치산,11984,11938,23922
20210131,5호선,신정,4994,4388,9382
20210131,5호선,목동,5764,6041,11805
20210131,5호선,오목교,9421,9750,19171
20210131,5호선,양평,2042,2074,4116
20210131,5호선,영등포구청,1125,1125,2250
20210131,5호선,영등포시장,3459,3649,7108
20210131,5호선,신길,1415,1495,2910
20210131,5호선,여의도,4229,4462,8691
20210131,5호선,여의나루,3328,3303,6631
20210131,5호선,마포,3592,3645,7237
20210131,5호선,공덕,3422,3513,6935
20210131,5호선,애오개,2108,2245,4353
20210131,5호선,충정로,1128,1202,2330
20210131,5호선,서대문,3547,3558,7105
20210131,5호선,광화문,7821,7871,15692
20210131,5호선,종로3가,5819,5083,10902
20210131,5호선,을지로4가,1073,1140,2213
20210131,5호선,동대문역사문화공원,557,617,1174
20210131,5호선,청구,1436,1336,2772
20210131,5호선,신금호,2359,2440,4799
20210131,5호선,행당,3019,2782,5801
20210131,5호선,왕십리,1904,2185,4089
20210131,5호선,마장,2306,2302,4608
20210131,5호선,답십리,5718,5415,11133
20210131,5호선,장한평,5522,5526,11048
20210131,5호선,군자,4587,5122,9709
20210131,5호선,아차산,7683,8034,15717
20210131,5호선,광나루,5747,5735,11482
20210131,5호선,천호,9688,9062,18750
20210131,5호선,강동,7162,6924,14086
20210131,5호선,길동,3248,3418,6666
20210131,5호선,굽은다리,3996,3902,7898
20210131,5호선,명일,3272,3295,6567
20210131,5호선,고덕,3202,3177,6379
20210131,5호선,상일동,5625,5349,10974
20210131,5호선,둔촌동,3293,3523,6816
20210131,5호선,올림픽공원,1593,1468,3061
20210131,5호선,방이,2999,2828,5827
20210131,5호선,오금,1094,1104,2198
20210131,5호선,개롱,2482,2685,5167
20210131,5호선,거여,2896,2804,5700
20210131,5호선,마천,2606,2791,5397
20210131,5호선,미사,5555,5494,11049
20210131,5호선,하남풍산,2107,2297,4404
20210131,6호선,응암,7392,7552,14944
20210131,6호선,역촌,1611,1781,3392
20210131,6호선,불광,2288,2167,4455
20210131,6호선,독바위,1247,1580,2827
20210131,6호선,연신내,1,0,1
20210131,6호선,구산,2913,2291,5204
20210131,6호선,새절,5336,5046,10382
20210131,6호선,증산,4480,4600,9080
20210131,6호선,디지털미디어시티,3945,4204,8149
20210131,6호선,월드컵경기장,3254,3101,6355
20210131,6호선,마포구청,5549,5092,10641
20210131,6호선,망원,7384,8004,15388
20210131,6호선,합정,6931,6061,12992
20210131,6호선,상수,4213,4693,8906
20210131,6호선,광흥창,3098,3087,6185
20210131,6호선,대흥,2829,2878,5707
20210131,6호선,공덕,5348,5096,10444
20210131,6호선,효창공원앞,2611,2297,4908
20210131,6호선,삼각지,2215,1750,3965
20210131,6호선,녹사평,2827,2760,5587
20210131,6호선,이태원,6297,5934,12231
20210131,6호선,한강진,3641,4374,8015
20210131,6호선,버티고개,839,899,1738
20210131,6호선,약수,1280,1314,2594
20210131,6호선,청구,1373,1345,2718
20210131,6호선,신당,2744,3414,6158
20210131,6호선,동묘앞,5043,4804,9847
20210131,6호선,창신,1302,1200,2502
20210131,6호선,보문,2990,2881,5871
20210131,6호선,안암,3437,3543,6980
20210131,6호선,고려대,3179,3001,6180
20210131,6호선,월곡,4400,4338,8738
20210131,6호선,상월곡,2569,2347,4916
20210131,6호선,돌곶이,3470,3279,6749
20210131,6호선,석계,5053,5233,10286
20210131,6호선,태릉입구,2293,2539,4832
20210131,6호선,화랑대,3603,3166,6769
20210131,6호선,봉화산,3056,2962,6018
20210131,7호선,장암,886,623,1509
20210131,7호선,도봉산,4108,6182,10290
20210131,7호선,수락산,6778,6657,13435
20210131,7호선,마들,4706,4320,9026
20210131,7호선,노원,8354,8529,16883
20210131,7호선,중계,5267,4767,10034
20210131,7호선,하계,6889,6534,13423
20210131,7호선,공릉,5059,5227,10286
20210131,7호선,태릉입구,3667,3254,6921
20210131,7호선,먹골,4282,4225,8507
20210131,7호선,중화,4653,4609,9262
20210131,7호선,상봉,7746,7247,14993
20210131,7호선,면목,6524,6522,13046
20210131,7호선,사가정,7466,7219,14685
20210131,7호선,용마산,2677,2871,5548
20210131,7호선,중곡,4168,4063,8231
20210131,7호선,군자,6010,4863,10873
20210131,7호선,어린이대공원,5134,4918,10052
20210131,7호선,건대입구,6551,6595,13146
20210131,7호선,뚝섬유원지,4352,4077,8429
20210131,7호선,청담,5661,5915,11576
20210131,7호선,강남구청,4422,4941,9363
20210131,7호선,학동,4423,4807,9230
20210131,7호선,논현,5178,5492,10670
20210131,7호선,반포,2277,2379,4656
20210131,7호선,고속터미널,8552,5677,14229
20210131,7호선,내방,4056,4223,8279
20210131,7호선,이수,6552,6176,12728
20210131,7호선,남성,4243,4281,8524
20210131,7호선,숭실대입구,4538,4784,9322
20210131,7호선,상도,4093,4037,8130
20210131,7호선,장승배기,3936,3838,7774
20210131,7호선,신대방삼거리,6221,6140,12361
20210131,7호선,보라매,3396,3491,6887
20210131,7호선,신풍,4682,4574,9256
20210131,7호선,대림,5008,4604,9612
20210131,7호선,남구로,5416,5305,10721
20210131,7호선,가산디지털단지,8336,7703,16039
20210131,7호선,철산,8107,8055,16162
20210131,7호선,광명사거리,9971,9809,19780
20210131,7호선,천왕,3893,3702,7595
20210131,7호선,온수,3044,3060,6104
20210131,7호선,까치울,3003,2955,5958
20210131,7호선,부천종합운동장,1765,1603,3368
20210131,7호선,춘의,2684,2500,5184
20210131,7호선,신중동,5147,5119,10266
20210131,7호선,부천시청,5237,5085,10322
20210131,7호선,상동,5150,5053,10203
20210131,7호선,삼산체육관,1760,1619,3379
20210131,7호선,굴포천,3545,3597,7142
20210131,7호선,부평구청,4019,3398,7417
20210131,8호선,암사,7262,6814,14076
20210131,8호선,천호,7276,8317,15593
20210131,8호선,강동구청,3434,3642,7076
20210131,8호선,몽촌토성,2315,2359,4674
20210131,8호선,잠실,7744,8172,15916
20210131,8호선,석촌,3270,4007,7277
20210131,8호선,송파,2894,3056,5950
20210131,8호선,가락시장,2848,3583,6431
20210131,8호선,문정,4424,4770,9194
20210131,8호선,장지,7309,7816,15125
20210131,8호선,복정,3547,3486,7033
20210131,8호선,산성,3073,3116,6189
20210131,8호선,남한산성입구,5505,5183,10688
20210131,8호선,단대오거리,4265,4143,8408
20210131,8호선,신흥,2240,2398,4638
20210131,8호선,수진,2398,2237,4635
20210131,8호선,모란,2043,1719,3762
20210131,9호선,개화,796,675,1471
20210131,9호선,김포공항,5363,7539,12902
20210131,9호선,공항시장,1338,1484,2822
20210131,9호선,신방화,2670,2641,5311
20210131,9호선,마곡나루,3905,3986,7891
20210131,9호선,양천향교,3086,3264,6350
20210131,9호선,가양,7898,7754,15652
20210131,9호선,증미,2369,2384,4753
20210131,9호선,등촌,3952,4119,8071
20210131,9호선,신목동,1270,1169,2439
20210131,9호선,선유도,2085,2065,4150
20210131,9호선,당산,6523,6400,12923
20210131,9호선,국회의사당,3055,2806,5861
20210131,9호선,여의도,4262,4054,8316
20210131,9호선,샛강,1312,1310,2622
20210131,9호선,노량진,10913,11534,22447
20210131,9호선,노들,1786,1636,3422
20210131,9호선,흑석,2855,3049,5904
20210131,중앙선,지평,43,19,62
20210131,9호선,동작,857,688,1545
20210131,9호선,구반포,885,969,1854
20210131,9호선,신반포,1007,1095,2102
20210131,중앙선,용문,1315,1076,2391
20210131,9호선,고속터미널,6962,8609,15571
20210131,9호선,사평,1139,1167,2306
20210131,9호선,신논현,11605,10726,22331
20210131,9호선2~3단계,언주,2703,2800,5503
20210131,9호선2~3단계,선정릉,2348,2590,4938
20210131,9호선2~3단계,삼성중앙,1533,1627,3160
20210131,9호선2~3단계,봉은사,5303,5173,10476
20210131,9호선2~3단계,종합운동장,1501,1391,2892
20210131,9호선2~3단계,삼전,2831,2902,5733
20210131,9호선2~3단계,석촌고분,2373,2368,4741
20210131,9호선2~3단계,석촌,3393,2882,6275
20210131,9호선2~3단계,송파나루,1994,2320,4314
20210131,9호선2~3단계,한성백제,1001,896,1897
20210131,9호선2~3단계,올림픽공원,2283,2282,4565
20210131,9호선2~3단계,둔촌오륜,363,342,705
20210131,9호선2~3단계,중앙보훈병원,2148,2096,4244
20210131,경강선,판교,1807,1615,3422
20210131,경강선,이매,409,306,715
20210131,경강선,삼동,722,728,1450
20210131,경강선,경기광주,2771,2757,5528
20210131,경강선,초월,1172,1194,2366
20210131,경강선,곤지암,1062,1109,2171
20210131,경강선,신둔도예촌,570,539,1109
20210131,경강선,이천,1433,1627,3060
20210131,경강선,부발,886,1525,2411
20210131,경강선,세종대왕릉,168,133,301
20210131,경강선,여주,1323,1158,2481
20210131,경부선,서울역,3488,757,4245
20210131,경부선,남영,3106,3392,6498
20210131,경부선,용산,19026,17347,36373
20210131,경부선,노량진,4738,4558,9296
20210131,경부선,대방,4413,4666,9079
20210131,경부선,영등포,23209,22845,46054
20210131,경부선,신도림,1494,1559,3053
20210131,경부선,신길,3931,3462,7393
20210131,경부선,구로,7348,7259,14607
20210131,경부선,가산디지털단지,3451,4883,8334
20210131,경부선,금천구청,4786,4724,9510
20210131,경부선,석수,4064,4096,8160
20210131,경부선,관악,3831,3488,7319
20210131,경부선,안양,10365,10075,20440
20210131,경부선,명학,2631,2603,5234
20210131,경부선,금정,10177,10637,20814
20210131,경부선,군포,2471,2365,4836
20210131,경부선,의왕,3305,3261,6566
20210131,경부선,성균관대,5611,5867,11478
20210131,경부선,화서,2705,2755,5460
20210131,경부선,수원,23629,23507,47136
20210131,경부선,독산,4562,4766,9328
20210131,경부선,세류,1453,1496,2949
20210131,경부선,병점,6656,7311,13967
20210131,경부선,세마,1104,1053,2157
20210131,경부선,오산대,1474,1364,2838
20210131,경부선,오산,5618,6098,11716
20210131,경부선,진위,554,552,1106
20210131,경부선,송탄,2609,2817,5426
20210131,경부선,서정리,3054,4271,7325
20210131,경부선,지제,1445,1450,2895
20210131,경부선,평택,8340,8537,16877
20210131,경부선,성환,1758,1992,3750
20210131,경부선,직산,384,440,824
20210131,경부선,두정,2864,3195,6059
20210131,경부선,천안,3946,3821,7767
20210131,경부선,당정,2401,2319,4720
20210131,경부선,서동탄,560,596,1156
20210131,경부선,광명,1576,1156,2732
20210131,경원선,이촌,1644,1310,2954
20210131,경원선,서빙고,820,848,1668
20210131,경원선,한남,1683,1690,3373
20210131,경원선,옥수,33,16,49
20210131,경원선,응봉,862,764,1626
20210131,경원선,왕십리,6675,7386,14061
20210131,경원선,청량리,9574,9386,18960
20210131,경원선,외대앞,3620,3609,7229
20210131,경원선,신이문,3780,3597,7377
20210131,경원선,석계,3833,4204,8037
20210131,경원선,광운대,3441,3418,6859
20210131,경원선,월계,2969,2748,5717
20210131,경원선,녹천,2216,1904,4120
20210131,경원선,창동,1,0,1
20210131,경원선,방학,4636,4459,9095
20210131,경원선,도봉,2775,2625,5400
20210131,경원선,도봉산,7121,4890,12011
20210131,경원선,망월사,3201,3324,6525
20210131,경원선,회룡,5640,5578,11218
20210131,경원선,의정부,10322,10274,20596
20210131,경원선,가능,3067,2846,5913
20210131,경원선,녹양,2091,1939,4030
20210131,경원선,양주,3640,3472,7112
20210131,경원선,덕계,1195,1119,2314
20210131,경원선,덕정,2396,2397,4793
20210131,경원선,지행,3076,2917,5993
20210131,경원선,동두천중앙,1610,1480,3090
20210131,경원선,보산,956,885,1841
20210131,경원선,동두천,910,1092,2002
20210131,경원선,소요산,2711,2394,5105
20210131,경의선,서울역,679,582,1261
20210131,경의선,신촌,213,200,413
20210131,경의선,효창공원앞,1006,1125,2131
20210131,경의선,공덕,1228,964,2192
20210131,경의선,서강대,943,863,1806
20210131,경의선,홍대입구,1055,1116,2171
20210131,경의선,가좌,2040,1987,4027
20210131,경의선,디지털미디어시티,989,878,1867
20210131,경의선,수색,723,761,1484
20210131,경의선,화전,503,500,1003
20210131,경의선,강매,1059,1034,2093
20210131,경의선,행신,2912,2856,5768
20210131,경의선,능곡,1680,1648,3328
20210131,경의선,곡산,231,195,426
20210131,경의선,백마,2415,2311,4726
20210131,경의선,풍산,2466,2394,4860
20210131,경의선,일산,3372,3156,6528
20210131,경의선,탄현,2940,2788,5728
20210131,경의선,야당,2711,2609,5320
20210131,경의선,운정,2367,2362,4729
20210131,경의선,금릉,1953,1892,3845
20210131,경의선,금촌,3072,3255,6327
20210131,경의선,월롱,624,1030,1654
20210131,경의선,파주,469,354,823
20210131,경의선,문산,2387,2414,4801
20210131,경의선,임진강,39,23,62
20210131,경인선,개봉,9222,9093,18315
20210131,경인선,오류동,5443,4922,10365
20210131,경인선,역곡,11114,11124,22238
20210131,경인선,부천,18114,17555,35669
20210131,경인선,송내,10147,9809,19956
20210131,경인선,부평,17812,18142,35954
20210131,경인선,백운,3157,3126,6283
20210131,경인선,동암,7505,7119,14624
20210131,경인선,주안,8952,7988,16940
20210131,경인선,제물포,4403,4213,8616
20210131,경인선,동인천,7009,6784,13793
20210131,경인선,인천,2505,2033,4538
20210131,경인선,구일,2664,2632,5296
20210131,경인선,소사,4575,4299,8874
20210131,경인선,부개,3530,3376,6906
20210131,경인선,간석,2428,2363,4791
20210131,경인선,도원,1286,1328,2614
20210131,경인선,온수,2693,2625,5318
20210131,경인선,중동,3819,3512,7331
20210131,경인선,도화,1908,1765,3673
20210131,경춘선,신내,597,608,1205
20210131,경춘선,갈매,1099,990,2089
20210131,경춘선,별내,1262,1222,2484
20210131,경춘선,퇴계원,1448,1359,2807
20210131,경춘선,사릉,1284,1282,2566
20210131,경춘선,금곡,685,637,1322
20210131,경춘선,평내호평,2612,2367,4979
20210131,경춘선,천마산,846,870,1716
20210131,경춘선,마석,1872,1819,3691
20210131,경춘선,대성리,318,265,583
20210131,경춘선,청평,917,810,1727
20210131,경춘선,상천,272,226,498
20210131,경춘선,가평,878,789,1667
20210131,경춘선,굴봉산,102,106,208
20210131,경춘선,백양리,193,163,356
20210131,경춘선,강촌,363,326,689
20210131,경춘선,김유정,223,216,439
20210131,경춘선,남춘천,1515,1446,2961
20210131,경춘선,춘천,943,787,1730
20210131,공항철도 1호선,서울역,4296,3711,8007
20210131,공항철도 1호선,공덕,860,1169,2029
20210131,공항철도 1호선,홍대입구,6195,5711,11906
20210131,공항철도 1호선,디지털미디어시티,2701,2718,5419
20210131,공항철도 1호선,마곡나루,1582,1692,3274
20210131,공항철도 1호선,김포공항,7986,4279,12265
20210131,공항철도 1호선,계양,3343,3321,6664
20210131,공항철도 1호선,검암,2740,2790,5530
20210131,공항철도 1호선,청라국제도시,2215,2066,4281
20210131,공항철도 1호선,운서,3661,3883,7544
20210131,공항철도 1호선,공항화물청사,885,943,1828
20210131,공항철도 1호선,인천공항1터미널,2781,2889,5670
20210131,공항철도 1호선,인천공항2터미널,1454,1428,2882
20210131,공항철도 1호선,영종,1632,1538,3170
20210131,과천선,선바위,2465,2338,4803
20210131,과천선,경마공원,601,550,1151
20210131,과천선,대공원,2522,2748,5270
20210131,과천선,과천,2410,2134,4544
20210131,과천선,정부과천청사,2884,2952,5836
20210131,과천선,인덕원,8022,8027,16049
20210131,과천선,평촌,4738,4503,9241
20210131,과천선,범계,10506,10342,20848
20210131,분당선,선릉,2210,3229,5439
20210131,분당선,한티,6091,5877,11968
20210131,분당선,도곡,1995,1972,3967
20210131,분당선,구룡,507,543,1050
20210131,분당선,개포동,1339,1332,2671
20210131,분당선,대모산입구,1227,1122,2349
20210131,분당선,수서,5369,5235,10604
20210131,분당선,수원,4404,3486,7890
20210131,분당선,서울숲,3493,3532,7025
20210131,분당선,압구정로데오,7863,8335,16198
20210131,분당선,강남구청,2489,2897,5386
20210131,분당선,선정릉,1723,1717,3440
20210131,분당선,가천대,2481,3043,5524
20210131,분당선,태평,6374,5890,12264
20210131,분당선,모란,8694,8956,17650
20210131,분당선,야탑,10042,10385,20427
20210131,분당선,서현,11288,11120,22408
20210131,분당선,수내,4810,4686,9496
20210131,분당선,정자,5757,6044,11801
20210131,분당선,미금,5715,6110,11825
20210131,분당선,오리,4491,4052,8543
20210131,분당선,이매,2145,2154,4299
20210131,분당선,보정,836,823,1659
20210131,분당선,죽전,6194,6925,13119
20210131,분당선,구성,1794,1867,3661
20210131,분당선,신갈,1479,1562,3041
20210131,분당선,기흥,3842,3625,7467
20210131,분당선,상갈,2247,2382,4629
20210131,분당선,청명,1337,1380,2717
20210131,분당선,영통,3612,3660,7272
20210131,분당선,망포,4827,5133,9960
20210131,분당선,매탄권선,1856,1877,3733
20210131,분당선,수원시청,5890,5693,11583
20210131,분당선,매교,1159,1129,2288
20210131,수인선,고색,1061,1187,2248
20210131,중앙선,원덕,226,211,437
20210131,수인선,오목천,993,966,1959
20210131,수인선,어천,331,366,697
20210131,수인선,야목,113,96,209
20210131,수인선,사리,1775,1495,3270
20210131,수인선,달월,35,42,77
20210131,수인선,월곶,1300,1188,2488
20210131,수인선,소래포구,3726,3662,7388
20210131,수인선,인천논현,2572,2605,5177
20210131,수인선,호구포,1533,1530,3063
20210131,수인선,남동인더스파크,585,559,1144
20210131,수인선,원인재,2153,2232,4385
20210131,수인선,연수,2322,2262,4584
20210131,수인선,송도,1351,1253,2604
20210131,수인선,인하대,2496,2361,4857
20210131,수인선,숭의,1572,1506,3078
20210131,수인선,신포,893,875,1768
20210131,수인선,인천,829,1270,2099
20210131,안산선,산본,6767,7197,13964
20210131,안산선,대야미,2363,2109,4472
20210131,안산선,반월,1831,1852,3683
20210131,안산선,상록수,7246,7166,14412
20210131,안산선,한대앞,3852,3652,7504
20210131,안산선,중앙,8679,8532,17211
20210131,안산선,고잔,3159,3006,6165
20210131,안산선,초지,1730,1663,3393
20210131,안산선,안산,7607,6960,14567
20210131,안산선,신길온천,888,791,1679
20210131,안산선,정왕,3607,3867,7474
20210131,안산선,오이도,4297,4240,8537
20210131,안산선,수리산,1598,1613,3211
20210131,우이신설선,북한산우이,2002,2181,4183
20210131,우이신설선,솔밭공원,1108,1114,2222
20210131,우이신설선,4.19민주묘지,1524,1321,2845
20210131,우이신설선,가오리,1849,1768,3617
20210131,우이신설선,화계,1553,1504,3057
20210131,우이신설선,삼양,1002,1029,2031
20210131,우이신설선,삼양사거리,1227,1146,2373
20210131,우이신설선,솔샘,2149,1995,4144
20210131,우이신설선,북한산보국문,2728,2560,5288
20210131,우이신설선,정릉,2073,1762,3835
20210131,우이신설선,성신여대입구,1634,1877,3511
20210131,우이신설선,보문,756,717,1473
20210131,우이신설선,신설동,966,977,1943
20210131,일산선,원흥,3715,3641,7356
20210131,일산선,삼송,8242,7953,16195
20210131,일산선,원당,4686,4544,9230
20210131,일산선,화정,7233,7538,14771
20210131,일산선,대곡,717,529,1246
20210131,일산선,백석,4550,4341,8891
20210131,일산선,마두,2580,2607,5187
20210131,일산선,정발산,3740,3744,7484
20210131,일산선,주엽,3353,3416,6769
20210131,일산선,대화,4750,4256,9006
20210131,장항선,봉명,392,411,803
20210131,장항선,쌍용,853,890,1743
20210131,장항선,아산,1966,1523,3489
20210131,장항선,배방,529,567,1096
20210131,장항선,온양온천,2485,2429,4914
20210131,장항선,신창,635,695,1330
20210131,중앙선,회기,11116,11214,22330
20210131,중앙선,중랑,2662,2596,5258
20210131,중앙선,상봉,3037,3052,6089
20210131,중앙선,망우,3583,3619,7202
20210131,중앙선,양원,634,633,1267
20210131,중앙선,구리,5701,5912,11613
20210131,중앙선,도농,3693,3732,7425
20210131,중앙선,양정,353,285,638
20210131,중앙선,덕소,2588,2644,5232
20210131,중앙선,도심,928,877,1805
20210131,중앙선,팔당,1039,1089,2128
20210131,중앙선,운길산,866,797,1663
20210131,중앙선,양수,1207,1122,2329
20210131,중앙선,신원,249,160,409
20210131,중앙선,국수,420,384,804
