사용일자,호선명,지하철역,승차총승객수,하차총승객수,승하차총승객수
20210403,우이신설선,가오리,2300,2251,4551
20210403,7호선,건대입구,9620,9789,19409
20210403,7호선,뚝섬유원지,4273,4292,8565
20210403,7호선,청담,10427,10937,21364
20210403,7호선,강남구청,8492,9325,17817
20210403,7호선,학동,9214,9588,18802
20210403,7호선,논현,9741,10584,20325
20210403,7호선,어린이대공원,8791,8374,17165
20210403,7호선,반포,3932,3649,7581
20210403,7호선,내방,6724,6554,13278
20210403,7호선,이수,10209,9793,20002
20210403,7호선,남성,6698,6205,12903
20210403,7호선,숭실대입구,7062,6936,13998
20210403,7호선,상도,6121,5788,11909
20210403,7호선,장승배기,5862,5622,11484
20210403,7호선,고속터미널,11820,9412,21232
20210403,7호선,군자,8974,6970,15944
20210403,7호선,중곡,5524,5352,10876
20210403,7호선,용마산,3646,3529,7175
20210403,1호선,종로3가,16463,16029,32492
20210403,1호선,종로5가,14522,14420,28942
20210403,1호선,동대문,8380,7536,15916
20210403,7호선,마들,8058,7602,15660
20210403,7호선,노원,13959,14093,28052
20210403,7호선,중계,7527,6917,14444
20210403,7호선,하계,10359,9753,20112
20210403,2호선,잠실새내,15008,15207,30215
20210403,7호선,공릉,7751,7483,15234
20210403,7호선,태릉입구,5508,4822,10330
20210403,7호선,먹골,6536,6413,12949
20210403,7호선,중화,6662,6505,13167
20210403,7호선,상봉,11067,10514,21581
20210403,7호선,면목,9278,9107,18385
20210403,7호선,사가정,10338,10241,20579
20210403,7호선,신대방삼거리,9451,8987,18438
20210403,7호선,보라매,5109,4913,10022
20210403,7호선,신풍,6923,6722,13645
20210403,7호선,대림,6161,6444,12605
20210403,8호선,잠실,11807,13595,25402
20210403,8호선,석촌,5386,6188,11574
20210403,8호선,송파,4517,4744,9261
20210403,8호선,가락시장,4956,4987,9943
20210403,8호선,문정,7687,7879,15566
20210403,8호선,장지,10903,10090,20993
20210403,8호선,복정,5747,5050,10797
20210403,8호선,산성,3988,3975,7963
20210403,8호선,남한산성입구,7505,6835,14340
20210403,8호선,단대오거리,6415,6102,12517
20210403,8호선,신흥,3468,3614,7082
20210403,8호선,수진,4104,3587,7691
20210403,8호선,모란,3147,2641,5788
20210403,9호선,개화,1062,940,2002
20210403,9호선,김포공항,6953,11375,18328
20210403,8호선,몽촌토성,3582,3563,7145
20210403,1호선,종각,14818,13694,28512
20210403,8호선,강동구청,5272,5317,10589
20210403,8호선,암사,10601,10039,20640
20210403,7호선,남구로,7474,7960,15434
20210403,7호선,가산디지털단지,12478,11204,23682
20210403,7호선,철산,12589,12813,25402
20210403,7호선,광명사거리,14010,14157,28167
20210403,7호선,천왕,5887,5416,11303
20210403,7호선,온수,4836,4856,9692
20210403,7호선,까치울,4215,4261,8476
20210403,7호선,부천종합운동장,2512,2237,4749
20210403,7호선,춘의,4482,4278,8760
20210403,7호선,신중동,8359,8271,16630
20210403,7호선,부천시청,8132,7966,16098
20210403,7호선,상동,8722,8867,17589
20210403,7호선,삼산체육관,2794,2625,5419
20210403,7호선,굴포천,5470,5884,11354
20210403,7호선,부평구청,5769,5119,10888
20210403,8호선,천호,10706,12345,23051
20210403,9호선,공항시장,1927,2092,4019
20210403,1호선,동묘앞,4741,5048,9789
20210403,분당선,서현,15786,15736,31522
20210403,7호선,장암,1059,707,1766
20210403,7호선,도봉산,4574,6022,10596
20210403,7호선,수락산,8265,8000,16265
20210403,우이신설선,북한산우이,1781,1912,3693
20210403,안산선,수리산,2159,1857,4016
20210403,안산선,오이도,5544,5782,11326
20210403,6호선,봉화산,4454,4332,8786
20210403,안산선,정왕,5097,5201,10298
20210403,안산선,안산,7452,7770,15222
20210403,안산선,초지,2533,2626,5159
20210403,안산선,고잔,5042,4975,10017
20210403,안산선,중앙,12468,12832,25300
20210403,안산선,한대앞,5525,5486,11011
20210403,안산선,상록수,9862,9986,19848
20210403,안산선,신길온천,1009,978,1987
20210403,6호선,화랑대,5840,4867,10707
20210403,6호선,태릉입구,3352,3391,6743
20210403,6호선,석계,7737,7726,15463
20210403,6호선,녹사평,3556,3776,7332
20210403,6호선,이태원,8979,9171,18150
20210403,6호선,한강진,5977,7017,12994
20210403,6호선,버티고개,1252,1301,2553
20210403,6호선,약수,2027,2020,4047
20210403,6호선,청구,2211,2188,4399
20210403,6호선,신당,5599,4530,10129
20210403,6호선,동묘앞,5442,4966,10408
20210403,6호선,창신,1921,1627,3548
20210403,6호선,보문,4228,3936,8164
20210403,6호선,안암,6228,5809,12037
20210403,6호선,고려대,4387,4236,8623
20210403,6호선,월곡,6195,6089,12284
20210403,6호선,상월곡,3641,3298,6939
20210403,6호선,돌곶이,5017,4716,9733
20210403,안산선,반월,2559,2421,4980
20210403,안산선,대야미,2900,2591,5491
20210403,안산선,산본,9638,10329,19967
20210403,수인선,인천,718,1157,1875
20210403,분당선,매탄권선,2755,2789,5544
20210403,분당선,망포,7740,7319,15059
20210403,분당선,영통,5574,5555,11129
20210403,분당선,청명,2376,2238,4614
20210403,분당선,상갈,3117,3219,6336
20210403,분당선,기흥,5746,5596,11342
20210403,분당선,신갈,2391,2436,4827
20210403,분당선,구성,2634,2795,5429
20210403,분당선,죽전,8431,9418,17849
20210403,분당선,보정,1334,1239,2573
20210403,분당선,이매,3504,3278,6782
20210403,분당선,오리,6491,5393,11884
20210403,분당선,미금,9315,9470,18785
20210403,분당선,정자,9583,9703,19286
20210403,분당선,수내,7818,7421,15239
20210403,분당선,수원시청,9710,10276,19986
20210403,1호선,서울역,24119,23971,48090
20210403,분당선,매교,1630,1613,3243
20210403,수인선,오목천,1501,1362,2863
20210403,수인선,신포,992,1080,2072
20210403,수인선,숭의,2033,1938,3971
20210403,수인선,인하대,3380,3206,6586
20210403,수인선,송도,1432,1439,2871
20210403,수인선,연수,3014,3021,6035
20210403,수인선,원인재,2810,3045,5855
20210403,수인선,남동인더스파크,902,823,1725
20210403,수인선,호구포,2033,2008,4041
20210403,수인선,인천논현,3815,3803,7618
20210403,수인선,소래포구,3599,3696,7295
20210403,수인선,월곶,1589,1560,3149
20210403,수인선,달월,41,38,79
20210403,수인선,사리,2467,2216,4683
20210403,수인선,야목,145,143,288
20210403,수인선,어천,487,409,896
20210403,수인선,고색,1767,1795,3562
20210403,6호선,삼각지,3842,3035,6877
20210403,9호선,마곡나루,6478,6403,12881
20210403,9호선,가양,11237,10792,22029
20210403,경원선,석계,5421,5924,11345
20210403,경원선,광운대,4819,4774,9593
20210403,중앙선,덕소,3614,3560,7174
20210403,중앙선,도심,1299,1119,2418
20210403,경원선,월계,3756,3477,7233
20210403,중앙선,팔당,770,797,1567
20210403,경원선,신이문,4992,4828,9820
20210403,중앙선,운길산,653,637,1290
20210403,중앙선,신원,136,131,267
20210403,중앙선,국수,439,468,907
20210403,중앙선,아신,408,435,843
20210403,중앙선,오빈,186,199,385
20210403,경원선,녹천,2610,2305,4915
20210403,경원선,방학,5853,5821,11674
20210403,중앙선,양수,1198,1295,2493
20210403,경원선,외대앞,5094,5026,10120
20210403,경원선,청량리,12586,13702,26288
20210403,우이신설선,4.19민주묘지,1747,1610,3357
20210403,경부선,성환,2403,2195,4598
20210403,경부선,직산,514,509,1023
20210403,2호선,잠실,51663,49800,101463
20210403,경부선,두정,4425,4492,8917
20210403,경부선,천안,4993,4985,9978
20210403,경부선,당정,3291,3139,6430
20210403,경부선,서동탄,884,939,1823
20210403,경부선,광명,2092,1921,4013
20210403,경원선,이촌,2369,1759,4128
20210403,경원선,서빙고,1071,986,2057
20210403,경원선,한남,2191,2149,4340
20210403,경원선,옥수,34,43,77
20210403,경원선,응봉,1380,1268,2648
20210403,경원선,왕십리,10558,11984,22542
20210403,우이신설선,솔밭공원,1419,1396,2815
20210403,경원선,도봉,3633,3467,7100
20210403,2호선,이대,8102,8245,16347
20210403,2호선,신촌,25854,25894,51748
20210403,2호선,홍대입구,45310,47709,93019
20210403,2호선,한양대,3345,3326,6671
20210403,2호선,왕십리,11775,9832,21607
20210403,2호선,상왕십리,8422,7964,16386
20210403,2호선,신당,8747,9285,18032
20210403,2호선,동대문역사문화공원,7641,8111,15752
20210403,2호선,영등포구청,10420,10440,20860
20210403,2호선,신도림,34779,34918,69697
20210403,2호선,대림,14806,16023,30829
20210403,2호선,구로디지털단지,28844,28847,57691
20210403,2호선,신대방,16424,16275,32699
20210403,2호선,신림,41559,40081,81640
20210403,2호선,봉천,14438,13656,28094
20210403,2호선,서울대입구,31435,30109,61544
20210403,2호선,낙성대,18006,16911,34917
20210403,2호선,사당,24081,26316,50397
20210403,2호선,뚝섬,10160,10334,20494
20210403,경부선,평택,10551,10041,20592
20210403,2호선,성수,13829,15073,28902
20210403,2호선,구의,13570,13444,27014
20210403,2호선,합정,21774,23246,45020
20210403,2호선,당산,9672,10880,20552
20210403,2호선,잠실나루,6563,6444,13007
20210403,2호선,강변,21401,21484,42885
20210403,2호선,을지로4가,5798,5776,11574
20210403,2호선,을지로3가,7992,8054,16046
20210403,2호선,을지로입구,16449,16466,32915
20210403,2호선,시청,6380,5530,11910
20210403,1호선,청량리,13604,13741,27345
20210403,1호선,제기동,10607,10701,21308
20210403,1호선,신설동,7238,7012,14250
20210403,중앙선,양평,2105,2328,4433
20210403,중앙선,원덕,321,391,712
20210403,중앙선,용문,1254,1442,2696
20210403,중앙선,지평,32,38,70
20210403,2호선,건대입구,27298,28678,55976
20210403,9호선,양천향교,5041,5048,10089
20210403,경부선,지제,2373,2066,4439
20210403,2호선,용답,1685,1611,3296
20210403,9호선2~3단계,선정릉,4209,4619,8828
20210403,9호선2~3단계,삼성중앙,2840,2873,5713
20210403,9호선2~3단계,봉은사,9401,9698,19099
20210403,9호선2~3단계,종합운동장,3041,2508,5549
20210403,9호선2~3단계,삼전,4214,3975,8189
20210403,9호선2~3단계,석촌고분,3667,3519,7186
20210403,9호선2~3단계,언주,5670,5416,11086
20210403,9호선2~3단계,석촌,5363,4319,9682
20210403,9호선2~3단계,한성백제,1450,1305,2755
20210403,9호선2~3단계,올림픽공원,2973,2964,5937
20210403,9호선2~3단계,둔촌오륜,521,525,1046
20210403,9호선2~3단계,중앙보훈병원,3355,3026,6381
20210403,경강선,판교,2404,2302,4706
20210403,경강선,이매,598,541,1139
20210403,9호선2~3단계,송파나루,3545,3624,7169
20210403,9호선,신논현,22297,21774,44071
20210403,9호선,사평,1877,1816,3693
20210403,9호선,고속터미널,9810,14377,24187
20210403,9호선,증미,3593,3592,7185
20210403,9호선,등촌,6256,6172,12428
20210403,9호선,염창,9652,9108,18760
20210403,9호선,신목동,1799,1577,3376
20210403,9호선,선유도,3083,2998,6081
20210403,9호선,당산,10780,9839,20619
20210403,9호선,국회의사당,4238,4099,8337
20210403,9호선,여의도,11781,10376,22157
20210403,9호선,샛강,2456,2171,4627
20210403,9호선,노량진,18021,17590,35611
20210403,9호선,노들,2451,2238,4689
20210403,9호선,흑석,4502,4538,9040
20210403,9호선,동작,1087,925,2012
20210403,9호선,구반포,1783,1907,3690
20210403,9호선,신반포,2059,1972,4031
20210403,경강선,삼동,1198,1113,2311
20210403,경강선,경기광주,3938,3828,7766
20210403,경강선,초월,1689,1541,3230
20210403,경강선,곤지암,1412,1513,2925
20210403,경부선,명학,4215,4048,8263
20210403,경부선,금정,14939,15026,29965
20210403,경부선,군포,3646,3398,7044
20210403,경부선,의왕,4609,4585,9194
20210403,경부선,성균관대,8493,8231,16724
20210403,경부선,화서,4101,4125,8226
20210403,경부선,수원,31442,33164,64606
20210403,경부선,독산,6944,7017,13961
20210403,경부선,세류,1955,2004,3959
20210403,경부선,병점,9599,9410,19009
20210403,경부선,세마,1692,1564,3256
20210403,경부선,오산대,2128,1976,4104
20210403,경부선,오산,7879,7289,15168
20210403,경부선,진위,886,774,1660
20210403,경부선,송탄,3669,3397,7066
20210403,경부선,안양,14272,14588,28860
20210403,경부선,서정리,5331,4447,9778
20210403,경부선,관악,4284,4164,8448
20210403,경부선,금천구청,6460,6484,12944
20210403,경강선,신둔도예촌,841,810,1651
20210403,경강선,이천,1984,2076,4060
20210403,경강선,부발,1400,1196,2596
20210403,경강선,세종대왕릉,203,242,445
20210403,경강선,여주,1510,1699,3209
20210403,경부선,서울역,4780,1503,6283
20210403,경부선,남영,5061,5078,10139
20210403,경부선,용산,26783,28340,55123
20210403,경부선,노량진,6286,6039,12325
20210403,경부선,대방,6934,6908,13842
20210403,경부선,영등포,34610,35790,70400
20210403,경부선,신도림,2107,2250,4357
20210403,경부선,신길,5171,4306,9477
20210403,경부선,구로,10811,10983,21794
20210403,경부선,가산디지털단지,4798,6669,11467
20210403,경부선,석수,5407,4940,10347
20210403,6호선,효창공원앞,3661,3290,6951
20210403,9호선,신방화,4040,3914,7954
20210403,6호선,대흥,4402,4562,8964
20210403,공항철도 1호선,홍대입구,8283,8082,16365
20210403,공항철도 1호선,공덕,1260,1929,3189
20210403,공항철도 1호선,서울역,5636,5805,11441
20210403,경춘선,춘천,1107,947,2054
20210403,경춘선,남춘천,1878,1819,3697
20210403,경춘선,김유정,205,253,458
20210403,공항철도 1호선,디지털미디어시티,4210,4009,8219
20210403,경춘선,강촌,276,294,570
20210403,경춘선,굴봉산,85,88,173
20210403,경춘선,가평,988,1103,2091
20210403,경춘선,상천,171,145,316
20210403,경춘선,청평,1023,1105,2128
20210403,경춘선,대성리,400,379,779
20210403,경춘선,마석,2347,2370,4717
20210403,경춘선,백양리,59,66,125
20210403,분당선,야탑,14743,15448,30191
20210403,분당선,모란,13402,13353,26755
20210403,분당선,태평,9010,8680,17690
20210403,과천선,평촌,7492,7261,14753
20210403,과천선,범계,16377,16039,32416
20210403,분당선,선릉,4551,6900,11451
20210403,분당선,한티,10986,10392,21378
20210403,분당선,도곡,3955,3680,7635
20210403,분당선,구룡,982,988,1970
20210403,분당선,개포동,2333,2265,4598
20210403,분당선,대모산입구,1995,1816,3811
20210403,분당선,수서,8724,9315,18039
20210403,분당선,수원,6224,5372,11596
20210403,분당선,서울숲,5061,5211,10272
20210403,분당선,압구정로데오,15790,17378,33168
20210403,분당선,강남구청,4591,5566,10157
20210403,분당선,선정릉,3355,3446,6801
20210403,분당선,가천대,4426,4979,9405
20210403,경춘선,천마산,976,959,1935
20210403,경춘선,평내호평,3346,3257,6603
20210403,경춘선,금곡,796,740,1536
20210403,경춘선,사릉,1715,1694,3409
20210403,3호선,매봉,5322,5033,10355
20210403,3호선,도곡,2925,2900,5825
20210403,3호선,대치,8242,7405,15647
20210403,3호선,학여울,1499,1547,3046
20210403,3호선,대청,4944,4560,9504
20210403,3호선,일원,3797,3895,7692
20210403,3호선,수서,11225,11695,22920
20210403,3호선,가락시장,5418,5096,10514
20210403,경인선,부개,5114,4900,10014
20210403,3호선,경찰병원,3665,3517,7182
20210403,경인선,소사,6225,6150,12375
20210403,3호선,오금,3307,3174,6481
20210403,4호선,수유,22366,22108,44474
20210403,4호선,미아,9184,8773,17957
20210403,4호선,미아사거리,18074,17812,35886
20210403,3호선,양재,17196,18623,35819
20210403,과천선,정부과천청사,4579,4662,9241
20210403,3호선,남부터미널,17108,17165,34273
20210403,3호선,고속터미널,42696,42705,85401
20210403,경춘선,퇴계원,2022,1842,3864
20210403,경춘선,별내,1567,1524,3091
20210403,경춘선,갈매,1551,1305,2856
20210403,경춘선,신내,742,802,1544
20210403,경인선,도화,2348,2218,4566
20210403,경인선,중동,5247,5075,10322
20210403,경인선,온수,3974,3798,7772
20210403,경인선,도원,1609,1615,3224
20210403,경인선,간석,3513,3477,6990
20210403,3호선,약수,7715,7234,14949
20210403,3호선,금호,5040,4671,9711
20210403,3호선,옥수,5584,5701,11285
20210403,3호선,압구정,21591,22240,43831
20210403,3호선,신사,20240,20749,40989
20210403,3호선,잠원,3210,3172,6382
20210403,3호선,교대,5724,3416,9140
20210403,과천선,과천,3499,3372,6871
20210403,과천선,대공원,2106,2184,4290
20210403,과천선,경마공원,952,960,1912
20210403,일산선,정발산,5499,5691,11190
20210403,일산선,주엽,5004,5157,10161
20210403,일산선,대화,7035,6301,13336
20210403,장항선,봉명,648,616,1264
20210403,장항선,쌍용,1244,1146,2390
20210403,장항선,아산,2193,2126,4319
20210403,장항선,배방,774,747,1521
20210403,장항선,온양온천,2882,2848,5730
20210403,장항선,신창,1032,849,1881
20210403,중앙선,회기,16528,15858,32386
20210403,중앙선,중랑,3692,3586,7278
20210403,중앙선,상봉,3815,3877,7692
20210403,중앙선,망우,4846,4789,9635
20210403,중앙선,양원,921,924,1845
20210403,중앙선,구리,8287,8686,16973
20210403,일산선,마두,4214,4169,8383
20210403,중앙선,도농,5308,5205,10513
20210403,일산선,백석,6163,6264,12427
20210403,일산선,화정,10208,10601,20809
20210403,6호선,공덕,8557,8181,16738
20210403,우이신설선,화계,1971,1909,3880
20210403,우이신설선,삼양,1250,1378,2628
20210403,우이신설선,삼양사거리,1544,1498,3042
20210403,우이신설선,솔샘,3080,2772,5852
20210403,우이신설선,북한산보국문,3795,3436,7231
20210403,우이신설선,정릉,2749,2431,5180
20210403,우이신설선,성신여대입구,2343,2708,5051
20210403,우이신설선,보문,971,1006,1977
20210403,우이신설선,신설동,1028,1025,2053
20210403,일산선,원흥,5695,5521,11216
20210403,일산선,삼송,10888,10937,21825
20210403,2호선,아현,6159,5975,12134
20210403,2호선,충정로,4808,5041,9849
20210403,일산선,원당,6505,6312,12817
20210403,일산선,대곡,958,759,1717
20210403,4호선,길음,11611,11225,22836
20210403,중앙선,양정,481,427,908
20210403,2호선,서초,8918,7646,16564
20210403,3호선,경복궁,9644,9263,18907
20210403,3호선,안국,9871,10759,20630
20210403,3호선,종로3가,4702,6401,11103
20210403,3호선,을지로3가,4128,4490,8618
20210403,3호선,동대입구,5036,5255,10291
20210403,공항철도 1호선,김포공항,9525,5486,15011
20210403,공항철도 1호선,계양,5172,4717,9889
20210403,공항철도 1호선,검암,3601,3576,7177
20210403,공항철도 1호선,청라국제도시,3121,3045,6166
20210403,공항철도 1호선,운서,4322,4282,8604
20210403,공항철도 1호선,공항화물청사,1151,1204,2355
20210403,공항철도 1호선,인천공항1터미널,2276,2534,4810
20210403,공항철도 1호선,인천공항2터미널,1501,1412,2913
20210403,공항철도 1호선,영종,2166,2083,4249
20210403,과천선,선바위,4042,3554,7596
20210403,3호선,독립문,4427,4502,8929
20210403,2호선,방배,8290,8531,16821
20210403,3호선,무악재,2222,2344,4566
20210403,3호선,녹번,8242,7284,15526
20210403,2호선,교대,14999,16695,31694
20210403,2호선,강남,53882,53109,106991
20210403,2호선,역삼,17137,18146,35283
20210403,2호선,선릉,20764,18606,39370
20210403,2호선,삼성,27311,27421,54732
20210403,2호선,신답,748,864,1612
20210403,2호선,신설동,2379,2266,4645
20210403,2호선,도림천,779,765,1544
20210403,2호선,양천구청,3508,3707,7215
20210403,2호선,신정네거리,6066,6332,12398
20210403,2호선,용두,1387,1328,2715
20210403,3호선,지축,2039,2025,4064
20210403,3호선,구파발,11699,11523,23222
20210403,3호선,연신내,23995,22878,46873
20210403,3호선,불광,10295,11014,21309
20210403,3호선,홍제,10529,10145,20674
20210403,4호선,성신여대입구,13902,13177,27079
20210403,과천선,인덕원,12278,12200,24478
20210403,4호선,한성대입구,8506,8305,16811
20210403,5호선,충정로,1775,1687,3462
20210403,5호선,서대문,5706,5330,11036
20210403,5호선,광화문,11074,11310,22384
20210403,5호선,종로3가,9431,9263,18694
20210403,공항철도 1호선,마곡나루,2104,2359,4463
20210403,2호선,문래,9826,10259,20085
20210403,5호선,애오개,3256,3200,6456
20210403,1호선,시청,7511,7688,15199
20210403,5호선,을지로4가,2566,2742,5308
20210403,5호선,동대문역사문화공원,824,1073,1897
20210403,5호선,청구,2227,2075,4302
20210403,5호선,신금호,3459,3508,6967
20210403,5호선,행당,5068,4510,9578
20210403,5호선,왕십리,3104,3532,6636
20210403,2호선,종합운동장,3889,4531,8420
20210403,5호선,공덕,6322,6635,12957
20210403,5호선,마포,6419,6367,12786
20210403,5호선,여의나루,5524,8114,13638
20210403,5호선,김포공항,6559,6819,13378
20210403,5호선,송정,4300,4221,8521
20210403,5호선,마곡,4252,4210,8462
20210403,5호선,발산,11152,11472,22624
20210403,5호선,우장산,8103,8167,16270
20210403,5호선,화곡,16519,15618,32137
20210403,5호선,까치산,17539,17103,34642
20210403,5호선,신정,7672,6732,14404
20210403,5호선,목동,9585,9816,19401
20210403,5호선,오목교,14233,14508,28741
20210403,5호선,양평,3230,3051,6281
20210403,5호선,영등포구청,1585,1575,3160
20210403,5호선,영등포시장,5983,6159,12142
20210403,5호선,신길,2172,2308,4480
20210403,5호선,여의도,12645,11954,24599
20210403,5호선,마장,3330,3225,6555
20210403,5호선,답십리,8723,8185,16908
20210403,5호선,장한평,9161,9200,18361
20210403,5호선,군자,7111,7910,15021
20210403,5호선,하남시청,3498,3534,7032
20210403,5호선,하남검단산,3615,3727,7342
20210403,6호선,응암,10544,10745,21289
20210403,6호선,역촌,2163,2594,4757
20210403,6호선,불광,3264,2893,6157
20210403,6호선,독바위,1631,1748,3379
20210403,6호선,구산,4418,3537,7955
20210403,6호선,새절,7912,7755,15667
20210403,6호선,증산,6201,6285,12486
20210403,6호선,디지털미디어시티,5819,5997,11816
20210403,6호선,월드컵경기장,4279,4392,8671
20210403,6호선,마포구청,7880,7175,15055
20210403,6호선,망원,10129,10814,20943
20210403,6호선,합정,10071,9276,19347
20210403,6호선,상수,6831,7573,14404
20210403,5호선,하남풍산,2407,2435,4842
20210403,5호선,개화산,2974,2940,5914
20210403,5호선,미사,9052,8909,17961
20210403,5호선,마천,3563,3708,7271
20210403,5호선,아차산,9800,9704,19504
20210403,5호선,광나루,7496,6893,14389
20210403,5호선,천호,14054,12990,27044
20210403,5호선,강동,11262,10645,21907
20210403,5호선,길동,5397,5576,10973
20210403,5호선,굽은다리,5987,5812,11799
20210403,5호선,명일,5147,5261,10408
20210403,5호선,고덕,5114,5006,10120
20210403,5호선,상일동,8232,7930,16162
20210403,5호선,둔촌동,5281,5233,10514
20210403,5호선,올림픽공원,2167,1964,4131
20210403,5호선,방이,4315,4122,8437
20210403,5호선,오금,2115,1918,4033
20210403,5호선,개롱,4037,4252,8289
20210403,5호선,거여,4578,4508,9086
20210403,5호선,강일,1695,1695,3390
20210403,5호선,방화,3781,3632,7413
20210403,6호선,광흥창,4645,4392,9037
20210403,4호선,창동,16007,17062,33069
20210403,경의선,금릉,2772,2745,5517
20210403,경의선,운정,3568,3509,7077
20210403,경의선,야당,4165,3952,8117
20210403,경의선,탄현,4208,4134,8342
20210403,경의선,일산,5098,5117,10215
20210403,경의선,풍산,3246,3121,6367
20210403,경의선,백마,3468,3356,6824
20210403,경의선,곡산,306,275,581
20210403,경의선,능곡,2126,2034,4160
20210403,경의선,행신,4225,4280,8505
20210403,경의선,강매,1470,1422,2892
20210403,경의선,화전,854,762,1616
20210403,경의선,수색,1102,1116,2218
20210403,경의선,디지털미디어시티,1524,1380,2904
20210403,경의선,가좌,3066,2926,5992
20210403,경의선,금촌,4024,4090,8114
20210403,경의선,홍대입구,1236,1541,2777
20210403,경의선,월롱,1032,980,2012
20210403,경의선,문산,3313,3241,6554
20210403,4호선,쌍문,17915,16612,34527
20210403,경인선,구일,4582,4562,9144
20210403,경인선,인천,2038,1586,3624
20210403,경인선,동인천,8462,8367,16829
20210403,경인선,제물포,5763,5667,11430
20210403,경인선,주안,12822,11431,24253
20210403,경인선,동암,10153,10413,20566
20210403,경인선,백운,4299,4319,8618
20210403,경인선,부평,24350,26097,50447
20210403,경인선,송내,14789,14776,29565
20210403,경인선,부천,23682,24480,48162
20210403,경인선,역곡,16234,16186,32420
20210403,경인선,오류동,7475,7110,14585
20210403,경인선,개봉,13250,13243,26493
20210403,경의선,임진강,11,11,22
20210403,경의선,파주,672,481,1153
20210403,경의선,서강대,1369,1284,2653
20210403,4호선,혜화,20419,20845,41264
20210403,경의선,효창공원앞,1397,1540,2937
20210403,4호선,명동,8993,10057,19050
20210403,4호선,회현,13618,13968,27586
20210403,4호선,서울역,4199,9203,13402
20210403,4호선,숙대입구,7663,7500,15163
20210403,4호선,삼각지,2457,3164,5621
20210403,4호선,이촌,4971,5538,10509
20210403,4호선,충무로,11062,11271,22333
20210403,4호선,동작,1222,1338,2560
20210403,4호선,사당,16584,14114,30698
20210403,4호선,남태령,851,569,1420
20210403,4호선,당고개,7686,7428,15114
20210403,4호선,상계,11449,10954,22403
20210403,4호선,노원,13641,14418,28059
20210403,경의선,공덕,2388,1701,4089
20210403,4호선,총신대입구,11539,12229,23768
20210403,4호선,동대문역사문화공원,8749,7531,16280
20210403,4호선,신용산,7450,8187,15637
20210403,경원선,도봉산,4994,3222,8216
20210403,4호선,동대문,11170,11013,22183
20210403,경의선,서울역,887,1086,1973
20210403,경원선,소요산,1946,1646,3592
20210403,경원선,동두천,1193,1433,2626
20210403,경원선,보산,1287,1329,2616
20210403,경원선,지행,4137,4026,8163
20210403,경원선,덕정,3317,3189,6506
20210403,경원선,동두천중앙,1924,1987,3911
20210403,경의선,신촌,289,296,585
20210403,경원선,양주,4837,4539,9376
20210403,경원선,녹양,2738,2592,5330
20210403,경원선,가능,4150,4012,8162
20210403,경원선,의정부,13541,14514,28055
20210403,경원선,회룡,7689,7579,15268
20210403,경원선,망월사,4376,4545,8921
20210403,경원선,덕계,1711,1600,3311
20210404,5호선,김포공항,6707,6335,13042
20210404,4호선,창동,14088,14765,28853
20210404,4호선,쌍문,14937,13768,28705
20210404,5호선,방화,3354,3263,6617
20210404,5호선,개화산,2623,2685,5308
20210404,5호선,송정,3521,3538,7059
20210404,5호선,오목교,10967,11484,22451
20210404,5호선,발산,8114,8512,16626
20210404,5호선,우장산,6133,6417,12550
20210404,5호선,화곡,12976,12251,25227
20210404,5호선,까치산,14740,14569,29309
20210404,5호선,신정,5873,5212,11085
20210404,5호선,목동,7150,7295,14445
20210404,4호선,노원,11285,12016,23301
20210404,5호선,마곡,3264,3336,6600
20210404,4호선,상계,9307,8866,18173
20210404,4호선,한성대입구,6856,6935,13791
20210404,4호선,남태령,629,502,1131
20210404,5호선,거여,3367,3390,6757
20210404,4호선,혜화,18548,19072,37620
20210404,4호선,동대문,6699,7211,13910
20210404,4호선,동대문역사문화공원,7796,7832,15628
20210404,4호선,충무로,8386,8361,16747
20210404,4호선,명동,9633,9907,19540
20210404,4호선,회현,7848,7960,15808
20210404,4호선,서울역,3690,7334,11024
20210404,4호선,숙대입구,6075,5980,12055
20210404,4호선,삼각지,1855,2367,4222
20210404,4호선,신용산,6362,6422,12784
20210404,4호선,이촌,4430,5059,9489
20210404,4호선,동작,2003,2070,4073
20210404,4호선,총신대입구,9522,10452,19974
20210404,4호선,사당,13217,12287,25504
20210404,4호선,당고개,7117,6901,14018
20210404,5호선,양평,2450,2550,5000
20210404,5호선,왕십리,2416,2629,5045
20210404,5호선,영등포시장,4312,4699,9011
20210404,5호선,아차산,10632,10655,21287
20210404,5호선,광나루,7019,6967,13986
20210404,5호선,천호,11702,10900,22602
20210404,5호선,강동,7952,8116,16068
20210404,5호선,길동,3886,3966,7852
20210404,5호선,굽은다리,4879,4696,9575
20210404,5호선,명일,4635,4651,9286
20210404,5호선,고덕,4045,4038,8083
20210404,5호선,상일동,6424,6308,12732
20210404,5호선,둔촌동,4245,4374,8619
20210404,5호선,올림픽공원,2182,2133,4315
20210404,5호선,방이,3473,3392,6865
20210404,5호선,오금,1520,1383,2903
20210404,5호선,개롱,2829,2999,5828
20210404,4호선,성신여대입구,11509,11059,22568
20210404,5호선,군자,5480,5972,11452
20210404,5호선,영등포구청,1355,1321,2676
20210404,5호선,장한평,6721,6874,13595
20210404,5호선,마장,2635,2628,5263
20210404,5호선,신길,1711,1891,3602
20210404,5호선,여의도,9337,9076,18413
20210404,5호선,여의나루,14424,14920,29344
20210404,5호선,마포,4664,4542,9206
20210404,5호선,공덕,4364,4403,8767
20210404,5호선,애오개,2507,2655,5162
20210404,5호선,충정로,1388,1417,2805
20210404,5호선,서대문,4275,4115,8390
20210404,5호선,광화문,9348,9069,18417
20210404,5호선,종로3가,7810,7106,14916
20210404,5호선,을지로4가,1369,1415,2784
20210404,5호선,동대문역사문화공원,612,754,1366
20210404,5호선,청구,1692,1507,3199
20210404,5호선,신금호,2754,2972,5726
20210404,5호선,행당,3579,3300,6879
20210404,5호선,답십리,6649,6209,12858
20210404,4호선,길음,9368,9044,18412
20210404,2호선,용두,1323,1242,2565
20210404,4호선,미아,7449,7109,14558
20210404,2호선,신대방,14275,14336,28611
20210404,2호선,구로디지털단지,22197,21999,44196
20210404,2호선,대림,13920,13996,27916
20210404,2호선,신도림,26488,26403,52891
20210404,2호선,문래,6837,7087,13924
20210404,2호선,영등포구청,7304,7655,14959
20210404,2호선,당산,8455,9057,17512
20210404,2호선,합정,18195,18825,37020
20210404,2호선,홍대입구,42167,41757,83924
20210404,2호선,신촌,19928,19835,39763
20210404,2호선,이대,6172,6553,12725
20210404,2호선,아현,4732,4785,9517
20210404,2호선,충정로,3434,3709,7143
20210404,2호선,용답,1613,1616,3229
20210404,2호선,신답,676,704,1380
20210404,2호선,신림,33981,33471,67452
20210404,2호선,신설동,2760,2857,5617
20210404,2호선,봉천,11384,11229,22613
20210404,2호선,낙성대,14905,15624,30529
20210404,5호선,마천,3168,3425,6593
20210404,2호선,구의,10469,10456,20925
20210404,2호선,강변,18360,18722,37082
20210404,2호선,잠실나루,4945,5148,10093
20210404,2호선,잠실,42672,39566,82238
20210404,2호선,잠실새내,10252,10410,20662
20210404,2호선,종합운동장,5061,5651,10712
20210404,2호선,삼성,17502,17144,34646
20210404,2호선,선릉,11447,10088,21535
20210404,2호선,역삼,9914,10699,20613
20210404,2호선,강남,31950,31095,63045
20210404,2호선,교대,9447,10549,19996
20210404,2호선,서초,9894,9099,18993
20210404,2호선,방배,6496,6866,13362
20210404,2호선,사당,18647,20667,39314
20210404,2호선,서울대입구,25240,26085,51325
20210404,4호선,미아사거리,15019,14549,29568
20210404,2호선,도림천,494,578,1072
20210404,2호선,신정네거리,4722,4844,9566
20210404,3호선,고속터미널,36416,33645,70061
20210404,3호선,교대,3750,2326,6076
20210404,3호선,남부터미널,11943,12713,24656
20210404,3호선,양재,12009,13951,25960
20210404,3호선,매봉,4128,4116,8244
20210404,3호선,도곡,1866,2052,3918
20210404,3호선,대치,5405,4864,10269
20210404,3호선,학여울,1207,1332,2539
20210404,3호선,대청,3748,3694,7442
20210404,3호선,일원,3065,3308,6373
20210404,3호선,수서,9320,9228,18548
20210404,3호선,가락시장,3590,3803,7393
20210404,3호선,경찰병원,2465,2637,5102
20210404,3호선,오금,2458,2422,4880
20210404,4호선,수유,18791,17828,36619
20210404,3호선,잠원,2295,2238,4533
20210404,2호선,양천구청,2932,3032,5964
20210404,3호선,신사,12054,11902,23956
20210404,3호선,옥수,4956,5254,10210
20210404,3호선,지축,1763,1731,3494
20210404,3호선,구파발,10271,10418,20689
20210404,3호선,연신내,20155,19191,39346
20210404,3호선,불광,8864,10147,19011
20210404,3호선,녹번,6180,5670,11850
20210404,3호선,홍제,8587,8329,16916
20210404,3호선,무악재,1677,1789,3466
20210404,3호선,독립문,3980,4458,8438
20210404,3호선,경복궁,9686,9817,19503
20210404,3호선,안국,9005,10065,19070
20210404,3호선,종로3가,3193,4402,7595
20210404,3호선,을지로3가,2655,2589,5244
20210404,3호선,동대입구,5497,6425,11922
20210404,3호선,약수,6083,6026,12109
20210404,3호선,금호,4201,4103,8304
20210404,3호선,압구정,12995,13466,26461
20210404,5호선,강일,1782,1729,3511
20210404,경강선,판교,2042,1831,3873
20210404,5호선,하남풍산,2194,2123,4317
20210404,8호선,잠실,9408,10098,19506
20210404,8호선,석촌,3996,4946,8942
20210404,8호선,송파,3371,3514,6885
20210404,8호선,가락시장,3124,3898,7022
20210404,8호선,문정,5057,5424,10481
20210404,8호선,장지,8612,8770,17382
20210404,8호선,몽촌토성,3394,3398,6792
20210404,8호선,복정,4710,4324,9034
20210404,8호선,남한산성입구,6518,5933,12451
20210404,8호선,단대오거리,5289,5375,10664
20210404,8호선,신흥,2726,2932,5658
20210404,8호선,수진,2927,2598,5525
20210404,8호선,모란,4383,3690,8073
20210404,9호선,개화,985,894,1879
20210404,8호선,산성,3394,3549,6943
20210404,8호선,강동구청,4222,4373,8595
20210404,8호선,천호,8343,9678,18021
20210404,8호선,암사,8549,7997,16546
20210404,7호선,남구로,6304,6111,12415
20210404,7호선,가산디지털단지,10793,9878,20671
20210404,7호선,철산,9615,9751,19366
20210404,7호선,광명사거리,11574,11104,22678
20210404,7호선,천왕,4504,4361,8865
20210404,7호선,온수,3821,3837,7658
20210404,7호선,까치울,3872,3780,7652
20210404,7호선,부천종합운동장,2524,2277,4801
20210404,7호선,춘의,3154,3021,6175
20210404,7호선,신중동,6420,6225,12645
20210404,7호선,부천시청,6408,6088,12496
20210404,7호선,상동,6337,6097,12434
20210404,7호선,삼산체육관,2327,2234,4561
20210404,7호선,굴포천,4218,4284,8502
20210404,7호선,부평구청,4659,4068,8727
20210404,9호선,김포공항,7061,10391,17452
20210404,9호선,공항시장,1624,1782,3406
20210404,9호선,신방화,3189,3149,6338
20210404,9호선,마곡나루,5144,5171,10315
20210404,9호선,신논현,13821,13337,27158
20210404,9호선2~3단계,언주,3186,3053,6239
20210404,9호선2~3단계,선정릉,2780,3040,5820
20210404,9호선2~3단계,삼성중앙,1636,1734,3370
20210404,9호선2~3단계,봉은사,5839,5557,11396
20210404,9호선2~3단계,종합운동장,2061,1832,3893
20210404,9호선2~3단계,삼전,3107,3193,6300
20210404,9호선2~3단계,석촌고분,2742,2785,5527
20210404,9호선2~3단계,석촌,4099,3675,7774
20210404,9호선2~3단계,송파나루,2660,2892,5552
20210404,9호선2~3단계,한성백제,1485,1305,2790
20210404,9호선2~3단계,올림픽공원,3206,3217,6423
20210404,9호선2~3단계,둔촌오륜,337,339,676
20210404,9호선2~3단계,중앙보훈병원,2874,2661,5535
20210404,2호선,건대입구,24271,24547,48818
20210404,9호선,사평,1188,1284,2472
20210404,7호선,대림,6241,5859,12100
20210404,9호선,고속터미널,9115,12014,21129
20210404,9호선,구반포,1083,1188,2271
20210404,9호선,양천향교,3802,4049,7851
20210404,9호선,가양,9270,9502,18772
20210404,9호선,증미,2995,3110,6105
20210404,9호선,등촌,4822,4928,9750
20210404,9호선,염창,7605,7774,15379
20210404,9호선,신목동,1511,1396,2907
20210404,9호선,선유도,2843,2909,5752
20210404,9호선,당산,8240,8047,16287
20210404,9호선,국회의사당,5506,4693,10199
20210404,9호선,여의도,10081,8577,18658
20210404,9호선,샛강,1922,1778,3700
20210404,9호선,노량진,13663,14458,28121
20210404,9호선,노들,2494,2189,4683
20210404,9호선,흑석,3568,3943,7511
20210404,9호선,동작,1158,1045,2203
20210404,9호선,신반포,1562,1639,3201
20210404,7호선,신풍,5476,5239,10715
20210404,7호선,보라매,3787,3845,7632
20210404,7호선,신대방삼거리,7193,7191,14384
20210404,6호선,효창공원앞,3086,2883,5969
20210404,6호선,삼각지,3004,2267,5271
20210404,6호선,녹사평,3648,3443,7091
20210404,6호선,이태원,8246,7986,16232
20210404,6호선,한강진,5817,6730,12547
20210404,6호선,버티고개,1055,1120,2175
20210404,6호선,약수,1476,1507,2983
20210404,6호선,청구,1577,1545,3122
20210404,6호선,신당,3444,4030,7474
20210404,6호선,동묘앞,6088,5680,11768
20210404,6호선,창신,1589,1498,3087
20210404,6호선,보문,3883,3534,7417
20210404,6호선,안암,4830,5297,10127
20210404,6호선,고려대,3756,3581,7337
20210404,6호선,월곡,5082,5078,10160
20210404,6호선,공덕,6166,5796,11962
20210404,6호선,상월곡,2951,2761,5712
20210404,6호선,대흥,3302,3387,6689
20210404,6호선,상수,4880,5794,10674
20210404,5호선,하남시청,3421,3302,6723
20210404,5호선,하남검단산,4847,4952,9799
20210404,6호선,응암,9128,9577,18705
20210404,6호선,역촌,1771,2184,3955
20210404,6호선,불광,2985,2660,5645
20210404,6호선,독바위,1452,1653,3105
20210404,6호선,연신내,1,0,1
20210404,6호선,구산,3595,2725,6320
20210404,6호선,새절,6512,6404,12916
20210404,6호선,증산,5477,5644,11121
20210404,6호선,디지털미디어시티,4764,4987,9751
20210404,6호선,월드컵경기장,4093,3820,7913
20210404,6호선,마포구청,6415,5911,12326
20210404,6호선,망원,8992,9675,18667
20210404,6호선,합정,8385,7594,15979
20210404,6호선,광흥창,4021,3772,7793
20210404,5호선,미사,7591,7552,15143
20210404,6호선,돌곶이,4445,4099,8544
20210404,6호선,태릉입구,2770,3085,5855
20210404,7호선,어린이대공원,8082,8344,16426
20210404,7호선,건대입구,7398,7480,14878
20210404,7호선,뚝섬유원지,8020,7598,15618
20210404,7호선,청담,5741,6296,12037
20210404,7호선,강남구청,4809,5393,10202
20210404,7호선,학동,5023,5362,10385
20210404,7호선,논현,5857,6253,12110
20210404,7호선,반포,2632,2742,5374
20210404,7호선,고속터미널,10892,7023,17915
20210404,7호선,내방,4716,4868,9584
20210404,7호선,이수,7549,7079,14628
20210404,7호선,남성,5063,5198,10261
20210404,7호선,숭실대입구,5476,5952,11428
20210404,7호선,상도,4922,4853,9775
20210404,7호선,장승배기,4867,4700,9567
20210404,7호선,군자,7255,5699,12954
20210404,6호선,석계,5911,6020,11931
20210404,7호선,중곡,4677,4597,9274
20210404,7호선,사가정,8507,8406,16913
20210404,6호선,화랑대,4509,3867,8376
20210404,6호선,봉화산,3703,3586,7289
20210404,7호선,장암,1263,814,2077
20210404,7호선,도봉산,4991,7022,12013
20210404,7호선,수락산,7539,7401,14940
20210404,7호선,마들,5615,5189,10804
20210404,7호선,노원,10494,10432,20926
20210404,7호선,중계,6188,5757,11945
20210404,7호선,하계,8446,7983,16429
20210404,7호선,공릉,6045,6312,12357
20210404,7호선,태릉입구,4450,4021,8471
20210404,7호선,먹골,4830,4830,9660
20210404,7호선,중화,5434,5233,10667
20210404,7호선,상봉,8891,8281,17172
20210404,7호선,면목,7192,7197,14389
20210404,7호선,용마산,3097,3343,6440
20210404,2호선,성수,11724,12720,24444
20210404,경춘선,갈매,1372,1188,2560
20210404,2호선,한양대,2229,2488,4717
20210404,분당선,야탑,11994,12386,24380
20210404,분당선,모란,16429,17228,33657
20210404,분당선,태평,7597,7264,14861
20210404,분당선,가천대,3392,4145,7537
20210404,분당선,선정릉,1947,2028,3975
20210404,분당선,강남구청,2875,3403,6278
20210404,분당선,서현,12675,12551,25226
20210404,분당선,압구정로데오,9322,10339,19661
20210404,분당선,수원,5581,4527,10108
20210404,분당선,수서,7947,7245,15192
20210404,분당선,대모산입구,1545,1512,3057
20210404,분당선,개포동,1949,1934,3883
20210404,분당선,구룡,729,817,1546
20210404,분당선,도곡,2509,2423,4932
20210404,분당선,서울숲,7616,8422,16038
20210404,분당선,수내,5740,5476,11216
20210404,분당선,정자,7032,7269,14301
20210404,분당선,미금,6692,7149,13841
20210404,수인선,고색,1354,1430,2784
20210404,분당선,매교,1259,1336,2595
20210404,분당선,수원시청,6720,6505,13225
20210404,분당선,매탄권선,2259,2194,4453
20210404,분당선,망포,5384,5716,11100
20210404,분당선,영통,4320,4340,8660
20210404,분당선,청명,1736,1767,3503
20210404,분당선,상갈,2641,2779,5420
20210404,분당선,기흥,4421,4298,8719
20210404,분당선,신갈,1879,1963,3842
20210404,분당선,구성,2170,2258,4428
20210404,분당선,죽전,7421,8635,16056
20210404,분당선,보정,986,948,1934
20210404,분당선,이매,2973,2981,5954
20210404,분당선,오리,5057,4432,9489
20210404,분당선,한티,7415,7330,14745
20210404,분당선,선릉,2605,3803,6408
20210404,과천선,범계,13335,12766,26101
20210404,과천선,평촌,5600,5448,11048
20210404,공항철도 1호선,서울역,5999,5276,11275
20210404,경춘선,춘천,1148,1289,2437
20210404,경춘선,남춘천,1681,2092,3773
20210404,경춘선,김유정,332,327,659
20210404,경춘선,강촌,534,502,1036
20210404,경춘선,백양리,96,90,186
20210404,경춘선,굴봉산,177,167,344
20210404,경춘선,가평,1238,1030,2268
20210404,경춘선,상천,427,367,794
20210404,경춘선,청평,1365,1192,2557
20210404,경춘선,대성리,1056,897,1953
20210404,경춘선,마석,2340,2230,4570
20210404,경춘선,천마산,1072,1036,2108
20210404,경춘선,평내호평,3226,3168,6394
20210404,경춘선,금곡,908,797,1705
20210404,공항철도 1호선,공덕,957,1387,2344
20210404,수인선,소래포구,4502,4449,8951
20210404,공항철도 1호선,홍대입구,8378,7548,15926
20210404,공항철도 1호선,마곡나루,2015,2273,4288
20210404,과천선,인덕원,10190,10002,20192
20210404,과천선,정부과천청사,3788,3937,7725
20210404,과천선,과천,2772,2640,5412
20210404,과천선,대공원,7213,7457,14670
20210404,과천선,경마공원,1065,995,2060
20210404,과천선,선바위,3531,3261,6792
20210404,공항철도 1호선,영종,1945,1961,3906
20210404,공항철도 1호선,인천공항2터미널,1367,1353,2720
20210404,공항철도 1호선,인천공항1터미널,2556,2536,5092
20210404,공항철도 1호선,공항화물청사,898,989,1887
20210404,공항철도 1호선,운서,4325,4599,8924
20210404,공항철도 1호선,청라국제도시,2745,2632,5377
20210404,공항철도 1호선,검암,3366,3638,7004
20210404,공항철도 1호선,계양,4332,4047,8379
20210404,공항철도 1호선,김포공항,10554,5519,16073
20210404,공항철도 1호선,디지털미디어시티,3116,3124,6240
20210404,수인선,인천논현,2909,3102,6011
20210404,수인선,호구포,2045,2093,4138
20210404,수인선,남동인더스파크,649,658,1307
20210404,중앙선,망우,4389,4483,8872
20210404,중앙선,상봉,3780,3759,7539
20210404,중앙선,중랑,3252,3228,6480
20210404,중앙선,회기,14317,14556,28873
20210404,장항선,신창,885,1268,2153
20210404,장항선,온양온천,3705,3761,7466
20210404,장항선,배방,706,840,1546
20210404,장항선,아산,2799,1904,4703
20210404,장항선,쌍용,1194,1311,2505
20210404,장항선,봉명,504,547,1051
20210404,일산선,대화,5724,5259,10983
20210404,일산선,주엽,4058,3971,8029
20210404,일산선,정발산,5238,5202,10440
20210404,일산선,마두,3224,3199,6423
20210404,일산선,백석,5154,5051,10205
20210404,중앙선,양원,760,880,1640
20210404,일산선,대곡,986,773,1759
20210404,중앙선,구리,6992,7157,14149
20210404,중앙선,양정,524,431,955
20210404,2호선,뚝섬,10154,9995,20149
20210404,경부선,금천구청,5862,5865,11727
20210404,중앙선,지평,43,56,99
20210404,중앙선,용문,1663,1373,3036
20210404,중앙선,원덕,502,411,913
20210404,중앙선,양평,1958,1863,3821
20210404,중앙선,오빈,218,210,428
20210404,중앙선,아신,450,473,923
20210404,중앙선,국수,552,492,1044
20210404,중앙선,신원,339,229,568
20210404,중앙선,양수,1610,1520,3130
20210404,중앙선,운길산,1360,1203,2563
20210404,중앙선,팔당,1300,1381,2681
20210404,중앙선,도심,1155,1050,2205
20210404,중앙선,덕소,3205,3290,6495
20210404,중앙선,도농,4490,4477,8967
20210404,경춘선,사릉,1641,1611,3252
20210404,일산선,화정,8697,8902,17599
20210404,일산선,삼송,9626,9444,19070
20210404,안산선,초지,2081,2098,4179
20210404,안산선,고잔,4033,3779,7812
20210404,안산선,중앙,10966,10909,21875
20210404,안산선,한대앞,4873,4793,9666
20210404,안산선,상록수,8539,8393,16932
20210404,안산선,반월,2438,2418,4856
20210404,안산선,대야미,2947,2703,5650
20210404,안산선,산본,7987,8664,16651
20210404,수인선,인천,998,1511,2509
20210404,수인선,신포,1174,1054,2228
20210404,수인선,숭의,1886,1702,3588
20210404,수인선,인하대,3087,3075,6162
20210404,수인선,송도,1540,1488,3028
20210404,수인선,연수,2789,2651,5440
20210404,수인선,원인재,2943,3072,6015
20210404,안산선,안산,9311,8583,17894
20210404,일산선,원당,5868,5744,11612
20210404,안산선,신길온천,994,917,1911
20210404,안산선,오이도,5267,5138,10405
20210404,일산선,원흥,4761,4600,9361
20210404,우이신설선,신설동,1122,1167,2289
20210404,우이신설선,보문,862,912,1774
20210404,우이신설선,성신여대입구,2062,2364,4426
20210404,우이신설선,정릉,2531,2172,4703
20210404,우이신설선,북한산보국문,3457,3196,6653
20210404,우이신설선,솔샘,2551,2332,4883
20210404,우이신설선,삼양사거리,1395,1370,2765
20210404,우이신설선,삼양,1177,1222,2399
20210404,우이신설선,화계,1964,1768,3732
20210404,우이신설선,가오리,2328,2104,4432
20210404,우이신설선,4.19민주묘지,1897,1772,3669
20210404,우이신설선,솔밭공원,1321,1301,2622
20210404,우이신설선,북한산우이,2631,2846,5477
20210404,안산선,수리산,1884,1768,3652
20210404,안산선,정왕,4836,5552,10388
20210404,경춘선,퇴계원,1843,1665,3508
20210404,수인선,월곶,1539,1434,2973
20210404,2호선,왕십리,8770,7455,16225
20210404,경의선,서강대,1172,1133,2305
20210404,경의선,홍대입구,1413,1638,3051
20210404,경의선,가좌,2589,2652,5241
20210404,경의선,디지털미디어시티,1322,1188,2510
20210404,경의선,수색,866,980,1846
20210404,경의선,화전,795,820,1615
20210404,경의선,공덕,1452,1181,2633
20210404,경의선,강매,1384,1341,2725
20210404,경의선,능곡,2021,1999,4020
20210404,경의선,곡산,331,341,672
20210404,경의선,백마,3045,2947,5992
20210404,경의선,풍산,3194,3015,6209
20210404,경의선,일산,4393,4089,8482
20210404,경의선,탄현,3716,3598,7314
20210404,경의선,행신,3900,3657,7557
20210404,경의선,효창공원앞,1246,1407,2653
20210404,경의선,신촌,280,287,567
20210404,경의선,서울역,934,873,1807
20210404,경원선,도봉,3215,2979,6194
20210404,경원선,도봉산,8087,5781,13868
20210404,경원선,망월사,4062,4204,8266
20210404,경원선,회룡,6957,6941,13898
20210404,경원선,의정부,12656,12886,25542
20210404,경원선,가능,3708,3504,7212
20210404,경원선,녹양,2511,2456,4967
20210404,경원선,양주,4592,4541,9133
20210404,경원선,덕계,1482,1434,2916
20210404,경원선,덕정,3159,3204,6363
20210404,경원선,지행,4033,4102,8135
20210404,경원선,동두천중앙,2009,1854,3863
20210404,경원선,보산,1303,1420,2723
20210404,경원선,동두천,1273,1603,2876
20210404,경원선,소요산,3845,3325,7170
20210404,경의선,운정,3076,3016,6092
20210404,경의선,금릉,2653,2595,5248
20210404,경의선,금촌,3970,4135,8105
20210404,경의선,월롱,816,1328,2144
20210404,1호선,종각,10820,9214,20034
20210404,1호선,종로3가,13292,11834,25126
20210404,1호선,종로5가,8174,8531,16705
20210404,1호선,동대문,9026,9555,18581
20210404,1호선,신설동,6957,6929,13886
20210404,1호선,제기동,9935,10484,20419
20210404,1호선,청량리,12676,12597,25273
20210404,2호선,시청,5240,4336,9576
20210404,2호선,을지로입구,14241,13145,27386
20210404,2호선,을지로3가,6613,5905,12518
20210404,2호선,을지로4가,2713,2674,5387
20210404,2호선,동대문역사문화공원,6347,7779,14126
20210404,2호선,신당,7327,7931,15258
20210404,2호선,상왕십리,6296,6316,12612
20210404,경춘선,별내,1506,1471,2977
20210404,1호선,시청,6446,6517,12963
20210404,경원선,방학,5588,5366,10954
20210404,1호선,동묘앞,12138,12799,24937
20210404,수인선,오목천,1218,1229,2447
20210404,경의선,파주,632,587,1219
20210404,경의선,문산,3528,3571,7099
20210404,경의선,임진강,48,38,86
20210404,경인선,개봉,10854,10803,21657
20210404,경인선,오류동,6714,6331,13045
20210404,경인선,역곡,13544,13424,26968
20210404,경인선,부천,21206,20666,41872
20210404,경인선,송내,12217,11803,24020
20210404,경인선,부평,21939,22181,44120
20210404,경인선,백운,3670,3620,7290
20210404,경인선,동암,9170,9031,18201
20210404,수인선,달월,41,60,101
20210404,수인선,사리,2284,1901,4185
20210404,수인선,야목,165,142,307
20210404,수인선,어천,472,528,1000
20210404,1호선,서울역,23042,20211,43253
20210404,경원선,녹천,2466,2200,4666
20210404,경의선,야당,3781,3560,7341
20210404,경원선,광운대,3973,4204,8177
20210404,경강선,이천,1697,1847,3544
20210404,경강선,부발,1060,1607,2667
20210404,경강선,세종대왕릉,279,263,542
20210404,경강선,여주,1618,1623,3241
20210404,경부선,서울역,5588,1176,6764
20210404,경부선,남영,3808,4063,7871
20210404,경부선,용산,25556,22980,48536
20210404,경부선,노량진,5509,5318,10827
20210404,경부선,대방,5608,5986,11594
20210404,경부선,영등포,29714,28623,58337
20210404,경부선,신도림,2194,2136,4330
20210404,경부선,신길,4450,4043,8493
20210404,경부선,구로,8659,8810,17469
20210404,경부선,가산디지털단지,4450,6152,10602
20210404,경부선,석수,4756,4616,9372
20210404,경강선,신둔도예촌,728,791,1519
20210404,경부선,관악,4261,3942,8203
20210404,경강선,곤지암,1295,1517,2812
20210404,경강선,경기광주,3383,3332,6715
20210404,경춘선,신내,781,765,1546
20210404,경원선,월계,3498,3324,6822
20210404,경인선,중동,4536,4248,8784
20210404,경인선,온수,3533,3392,6925
20210404,경인선,도원,1660,1672,3332
20210404,경인선,간석,2952,2849,5801
20210404,경인선,부개,4486,4209,8695
20210404,경인선,소사,5341,4958,10299
20210404,경인선,구일,4252,4357,8609
20210404,경인선,인천,3460,2936,6396
20210404,경인선,동인천,8600,8265,16865
20210404,경인선,제물포,5130,5067,10197
20210404,경인선,주안,10960,9550,20510
20210404,경강선,이매,602,527,1129
20210404,경강선,삼동,943,908,1851
20210404,경강선,초월,1423,1412,2835
20210404,경부선,안양,12278,12089,24367
20210404,경인선,도화,2261,2082,4343
20210404,경부선,금정,12370,12657,25027
20210404,경부선,두정,3970,4505,8475
20210404,경부선,천안,5384,5051,10435
20210404,경부선,당정,2725,2757,5482
20210404,경부선,서동탄,743,725,1468
20210404,경부선,광명,2095,1422,3517
20210404,경원선,이촌,2330,1702,4032
20210404,경원선,서빙고,1245,1259,2504
20210404,경원선,한남,1854,1770,3624
20210404,경원선,옥수,45,27,72
20210404,경원선,응봉,1172,1188,2360
20210404,경원선,왕십리,8255,9662,17917
20210404,경원선,청량리,11736,11627,23363
20210404,경원선,외대앞,4409,4410,8819
20210404,경원선,신이문,4411,4096,8507
20210404,경부선,명학,3219,3125,6344
20210404,경부선,직산,495,533,1028
20210404,경부선,성환,2213,2853,5066
20210404,경원선,석계,4659,5026,9685
20210404,경부선,지제,1987,1756,3743
20210404,경부선,평택,9968,10704,20672
20210404,경부선,군포,2775,2584,5359
20210404,경부선,의왕,3928,4074,8002
20210404,경부선,성균관대,6844,7273,14117
20210404,경부선,화서,3622,3504,7126
20210404,경부선,독산,5425,5675,11100
20210404,경부선,세류,1741,1873,3614
20210404,경부선,수원,30832,29356,60188
20210404,경부선,세마,1536,1436,2972
20210404,경부선,오산대,1976,1873,3849
20210404,경부선,오산,6828,7466,14294
20210404,경부선,진위,707,714,1421
20210404,경부선,송탄,3132,3562,6694
20210404,경부선,서정리,3699,5177,8876
20210404,경부선,병점,8021,8892,16913
20210410,6호선,창신,2171,1829,4000
20210410,6호선,월곡,7293,7137,14430
20210410,6호선,고려대,5401,5104,10505
20210410,6호선,안암,6631,6162,12793
20210410,6호선,보문,4986,4379,9365
20210410,6호선,동묘앞,7868,7269,15137
20210410,6호선,삼각지,4674,3538,8212
20210410,6호선,청구,2401,2439,4840
20210410,6호선,약수,2320,2323,4643
20210410,6호선,버티고개,1476,1581,3057
20210410,6호선,한강진,7764,9494,17258
20210410,6호선,이태원,11773,12035,23808
20210410,6호선,녹사평,5366,5490,10856
20210410,7호선,상봉,13412,12577,25989
20210410,6호선,신당,5796,4759,10555
20210410,6호선,상월곡,4224,3666,7890
20210410,7호선,도봉산,6995,9686,16681
20210410,6호선,석계,8583,8550,17133
20210410,6호선,효창공원앞,4591,4026,8617
20210410,7호선,중화,7859,7542,15401
20210410,7호선,먹골,7557,7387,14944
20210410,7호선,태릉입구,6773,6211,12984
20210410,7호선,공릉,8483,8319,16802
20210410,7호선,하계,12048,11179,23227
20210410,7호선,중계,9310,8160,17470
20210410,7호선,노원,15581,16195,31776
20210410,7호선,마들,8546,8035,16581
20210410,7호선,수락산,10380,10225,20605
20210410,7호선,장암,1596,1264,2860
20210410,6호선,신내,1,0,1
20210410,6호선,봉화산,5183,5232,10415
20210410,6호선,화랑대,7549,6241,13790
20210410,6호선,태릉입구,4000,4261,8261
20210410,6호선,돌곶이,5777,5315,11092
20210410,6호선,공덕,9796,9282,19078
20210410,5호선,하남풍산,2738,2706,5444
20210410,6호선,광흥창,5213,4769,9982
20210410,5호선,개롱,4451,4678,9129
20210410,5호선,오금,2188,2008,4196
20210410,5호선,방이,5006,4874,9880
20210410,5호선,올림픽공원,3115,2945,6060
20210410,5호선,둔촌동,6124,6009,12133
20210410,5호선,상일동,9430,8740,18170
20210410,5호선,고덕,5980,5806,11786
20210410,5호선,명일,6182,6105,12287
20210410,5호선,굽은다리,6743,6325,13068
20210410,5호선,길동,5941,6067,12008
20210410,5호선,강동,12865,12445,25310
20210410,5호선,천호,16332,15390,31722
20210410,5호선,광나루,9874,9415,19289
20210410,5호선,아차산,14168,14169,28337
20210410,7호선,면목,11199,10776,21975
20210410,5호선,거여,5345,5234,10579
20210410,6호선,대흥,5127,5274,10401
20210410,5호선,마천,4472,4482,8954
20210410,5호선,미사,10796,10710,21506
20210410,6호선,상수,7277,8566,15843
20210410,6호선,합정,12125,11359,23484
20210410,6호선,망원,12978,14381,27359
20210410,6호선,마포구청,9122,8177,17299
20210410,6호선,월드컵경기장,7156,7331,14487
20210410,6호선,디지털미디어시티,6987,7037,14024
20210410,6호선,증산,7238,7202,14440
20210410,6호선,새절,8865,8310,17175
20210410,6호선,구산,5266,3930,9196
20210410,6호선,독바위,1963,2369,4332
20210410,6호선,불광,3855,3639,7494
20210410,6호선,역촌,2468,2738,5206
20210410,6호선,응암,12276,12342,24618
20210410,5호선,하남검단산,5851,6026,11877
20210410,5호선,하남시청,4480,4254,8734
20210410,5호선,강일,2296,2141,4437
20210410,7호선,사가정,12471,11976,24447
20210410,9호선,동작,1327,1154,2481
20210410,7호선,중곡,6636,6234,12870
20210410,9호선,개화,1444,1236,2680
20210410,8호선,모란,3438,3073,6511
20210410,8호선,수진,4042,3600,7642
20210410,8호선,신흥,3536,3750,7286
20210410,8호선,단대오거리,7618,6945,14563
20210410,8호선,남한산성입구,9093,8197,17290
20210410,8호선,산성,5065,4997,10062
20210410,8호선,복정,7086,6229,13315
20210410,8호선,장지,12119,11107,23226
20210410,8호선,문정,8434,8584,17018
20210410,8호선,가락시장,5517,5659,11176
20210410,8호선,송파,4991,4973,9964
20210410,8호선,석촌,5639,6811,12450
20210410,8호선,잠실,11835,13382,25217
20210410,8호선,몽촌토성,4526,4607,9133
20210410,9호선,김포공항,8027,11946,19973
20210410,8호선,강동구청,5769,5904,11673
20210410,9호선,공항시장,2162,2302,4464
20210410,9호선,마곡나루,8229,8120,16349
20210410,5호선,군자,8560,9113,17673
20210410,9호선,흑석,5549,5512,11061
20210410,9호선,노들,3287,2852,6139
20210410,9호선,노량진,19977,19829,39806
20210410,9호선,샛강,2577,2374,4951
20210410,9호선,여의도,12565,11670,24235
20210410,9호선,국회의사당,3976,4070,8046
20210410,9호선,당산,12048,11073,23121
20210410,9호선,선유도,3899,4100,7999
20210410,9호선,신목동,2254,1974,4228
20210410,9호선,염창,11166,10498,21664
20210410,9호선,등촌,6983,6782,13765
20210410,9호선,증미,3959,3928,7887
20210410,9호선,가양,13411,12755,26166
20210410,9호선,양천향교,5667,5416,11083
20210410,9호선,신방화,4412,4155,8567
20210410,7호선,용마산,4595,4854,9449
20210410,8호선,천호,11623,13633,25256
20210410,7호선,부평구청,6859,6073,12932
20210410,7호선,상도,7110,6695,13805
20210410,7호선,숭실대입구,7936,7925,15861
20210410,7호선,남성,7593,7061,14654
20210410,7호선,이수,11423,10736,22159
20210410,7호선,내방,7594,7494,15088
20210410,7호선,고속터미널,12773,10443,23216
20210410,7호선,반포,4400,4174,8574
20210410,7호선,논현,11622,12195,23817
20210410,7호선,학동,10270,10849,21119
20210410,7호선,강남구청,9746,10602,20348
20210410,7호선,청담,11768,12762,24530
20210410,7호선,뚝섬유원지,13195,13298,26493
20210410,7호선,건대입구,10420,10787,21207
20210410,7호선,어린이대공원,11551,11478,23029
20210410,7호선,군자,10784,8179,18963
20210410,7호선,장승배기,6710,6436,13146
20210410,8호선,암사,12390,11264,23654
20210410,7호선,신대방삼거리,11133,10455,21588
20210410,7호선,신풍,8279,7867,16146
20210410,7호선,굴포천,6214,6356,12570
20210410,7호선,삼산체육관,3411,3324,6735
20210410,7호선,상동,10064,10258,20322
20210410,7호선,부천시청,9222,8939,18161
20210410,7호선,신중동,9463,9415,18878
20210410,7호선,춘의,5005,4749,9754
20210410,7호선,부천종합운동장,3247,2955,6202
20210410,7호선,까치울,5620,5575,11195
20210410,7호선,온수,5678,5646,11324
20210410,7호선,천왕,6780,6425,13205
20210410,7호선,광명사거리,16577,16270,32847
20210410,7호선,철산,14802,15131,29933
20210410,7호선,가산디지털단지,15133,13831,28964
20210410,7호선,남구로,8186,8805,16991
20210410,7호선,대림,6670,6976,13646
20210410,7호선,보라매,6883,6652,13535
20210410,5호선,장한평,10625,10371,20996
20210410,4호선,길음,14156,13757,27913
20210410,5호선,마장,3828,3629,7457
20210410,2호선,신답,1056,1080,2136
20210410,2호선,신설동,3191,3162,6353
20210410,2호선,도림천,804,829,1633
20210410,2호선,양천구청,4287,4378,8665
20210410,2호선,신정네거리,7009,7085,14094
20210410,2호선,용두,1681,1638,3319
20210410,3호선,지축,2695,2650,5345
20210410,3호선,구파발,14726,14596,29322
20210410,3호선,연신내,29209,27359,56568
20210410,3호선,불광,12552,14573,27125
20210410,3호선,녹번,9569,8442,18011
20210410,3호선,홍제,12842,12249,25091
20210410,3호선,무악재,2725,2815,5540
20210410,3호선,독립문,5970,6746,12716
20210410,경인선,제물포,7178,6892,14070
20210410,2호선,용답,2003,1913,3916
20210410,1호선,서울역,28324,28916,57240
20210410,2호선,충정로,5428,5753,11181
20210410,2호선,이대,8976,9113,18089
20210410,2호선,낙성대,20886,19454,40340
20210410,2호선,서울대입구,36491,35314,71805
20210410,2호선,봉천,16771,15296,32067
20210410,2호선,신림,48507,45796,94303
20210410,2호선,신대방,19621,19013,38634
20210410,2호선,구로디지털단지,33728,33076,66804
20210410,2호선,대림,17957,19417,37374
20210410,2호선,신도림,39154,39691,78845
20210410,분당선,복정,1,0,1
20210410,2호선,문래,11620,12251,23871
20210410,2호선,영등포구청,12118,12556,24674
20210410,2호선,당산,12832,13854,26686
20210410,2호선,합정,26525,28155,54680
20210410,2호선,홍대입구,55504,59588,115092
20210410,2호선,신촌,27338,27597,54935
20210410,2호선,아현,7211,7010,14221
20210410,2호선,사당,28086,31192,59278
20210410,1호선,동묘앞,11859,12320,24179
20210410,1호선,종각,17173,15213,32386
20210410,3호선,양재,20198,22008,42206
20210410,3호선,매봉,5855,5644,11499
20210410,3호선,도곡,3522,3548,7070
20210410,3호선,대치,8387,7653,16040
20210410,3호선,학여울,1163,1128,2291
20210410,3호선,대청,5419,5087,10506
20210410,3호선,일원,4509,4455,8964
20210410,3호선,수서,12261,12724,24985
20210410,3호선,가락시장,6076,5877,11953
20210410,3호선,경찰병원,4069,3941,8010
20210410,3호선,오금,3625,3379,7004
20210410,4호선,수유,25735,25128,50863
20210410,4호선,미아,10704,10138,20842
20210410,4호선,미아사거리,21492,20543,42035
20210410,9호선,구반포,1974,2116,4090
20210410,3호선,남부터미널,19106,19531,38637
20210410,1호선,시청,10255,10847,21102
20210410,3호선,교대,6356,3827,10183
20210410,3호선,잠원,3724,3671,7395
20210410,1호선,종로3가,21610,20229,41839
20210410,1호선,종로5가,17249,17214,34463
20210410,1호선,동대문,10780,10153,20933
20210410,1호선,신설동,9264,8702,17966
20210410,1호선,제기동,15822,16390,32212
20210410,3호선,안국,13073,15050,28123
20210410,3호선,종로3가,5499,7700,13199
20210410,3호선,을지로3가,4548,5057,9605
20210410,3호선,충무로,1,0,1
20210410,3호선,동대입구,6414,7616,14030
20210410,3호선,약수,8767,8322,17089
20210410,3호선,금호,5852,5465,11317
20210410,3호선,옥수,7138,7330,14468
20210410,3호선,압구정,23643,24586,48229
20210410,3호선,신사,24477,25010,49487
20210410,3호선,고속터미널,46911,47160,94071
20210410,5호선,답십리,10005,9217,19222
20210410,2호선,방배,9508,9953,19461
20210410,2호선,교대,16479,18456,34935
20210410,5호선,오목교,16360,16966,33326
20210410,5호선,목동,11188,11378,22566
20210410,5호선,신정,8877,7604,16481
20210410,5호선,까치산,21007,20215,41222
20210410,5호선,화곡,19709,18186,37895
20210410,5호선,우장산,9404,9385,18789
20210410,5호선,발산,12719,13302,26021
20210410,5호선,마곡,4930,4878,9808
20210410,5호선,송정,5013,4955,9968
20210410,5호선,김포공항,7028,7538,14566
20210410,5호선,개화산,3642,3615,7257
20210410,5호선,방화,4545,4322,8867
20210410,4호선,쌍문,20878,18768,39646
20210410,4호선,창동,19106,20037,39143
20210410,4호선,노원,15395,16667,32062
20210410,5호선,양평,3518,3385,6903
20210410,4호선,상계,13534,12509,26043
20210410,5호선,영등포구청,1976,1881,3857
20210410,5호선,신길,2470,2750,5220
20210410,5호선,왕십리,3477,3836,7313
20210410,5호선,행당,5553,4834,10387
20210410,5호선,신금호,4036,3997,8033
20210410,5호선,청구,2521,2269,4790
20210410,5호선,동대문역사문화공원,911,1245,2156
20210410,5호선,을지로4가,3295,3610,6905
20210410,5호선,종로3가,11538,12031,23569
20210410,5호선,광화문,13947,13909,27856
20210410,5호선,서대문,6782,6645,13427
20210410,5호선,충정로,1943,1845,3788
20210410,5호선,애오개,3810,3581,7391
20210410,5호선,공덕,6991,7351,14342
20210410,5호선,마포,7065,7220,14285
20210410,5호선,여의나루,18518,21278,39796
20210410,5호선,여의도,12294,12552,24846
20210410,5호선,영등포시장,7144,7482,14626
20210410,2호선,서초,10760,9337,20097
20210410,4호선,당고개,9747,9209,18956
20210410,4호선,사당,19600,16643,36243
20210410,2호선,한양대,3840,3858,7698
20210410,2호선,뚝섬,16287,16144,32431
20210410,2호선,성수,17260,19061,36321
20210410,2호선,건대입구,33946,34755,68701
20210410,2호선,구의,15654,15059,30713
20210410,2호선,강변,24786,25902,50688
20210410,2호선,잠실나루,7560,7517,15077
20210410,2호선,잠실,59567,56683,116250
20210410,2호선,잠실새내,15834,16444,32278
20210410,2호선,종합운동장,5896,6583,12479
20210410,3호선,경복궁,15612,16304,31916
20210410,2호선,삼성,27101,27455,54556
20210410,2호선,선릉,22748,20343,43091
20210410,2호선,역삼,18211,19559,37770
20210410,2호선,강남,57271,57591,114862
20210410,2호선,왕십리,12903,10596,23499
20210410,4호선,남태령,1000,711,1711
20210410,2호선,상왕십리,9114,8576,17690
20210410,2호선,동대문역사문화공원,9297,9957,19254
20210410,4호선,총신대입구,14219,15086,29305
20210410,4호선,동작,2520,2548,5068
20210410,4호선,이촌,6198,7138,13336
20210410,4호선,신용산,8494,9073,17567
20210410,4호선,삼각지,2955,3726,6681
20210410,4호선,숙대입구,8619,8281,16900
20210410,4호선,서울역,5177,11335,16512
20210410,4호선,회현,17042,18232,35274
20210410,4호선,명동,12680,14673,27353
20210410,4호선,충무로,12699,13340,26039
20210410,4호선,동대문역사문화공원,10439,8928,19367
20210410,4호선,동대문,14112,14034,28146
20210410,2호선,을지로입구,19616,18927,38543
20210410,2호선,을지로3가,9339,9305,18644
20210410,2호선,을지로4가,6872,7032,13904
20210410,2호선,신당,10490,10788,21278
20210410,9호선,신반포,2606,2637,5243
20210410,경춘선,청평,1898,2006,3904
20210410,9호선,사평,1929,1788,3717
20210410,분당선,죽전,9775,10854,20629
20210410,분당선,보정,1517,1403,2920
20210410,분당선,이매,3995,3919,7914
20210410,분당선,오리,7372,6217,13589
20210410,분당선,미금,10371,10678,21049
20210410,분당선,정자,10609,10755,21364
20210410,분당선,구성,2995,3168,6163
20210410,분당선,수내,8378,7827,16205
20210410,분당선,야탑,16721,17399,34120
20210410,분당선,모란,15766,15358,31124
20210410,분당선,태평,10429,9789,20218
20210410,분당선,가천대,4811,5321,10132
20210410,분당선,선정릉,3654,3778,7432
20210410,분당선,강남구청,5305,6309,11614
20210410,분당선,서현,17020,17068,34088
20210410,분당선,신갈,2672,2700,5372
20210410,분당선,기흥,6367,6054,12421
20210410,분당선,상갈,3780,3806,7586
20210410,수인선,인천논현,4316,4417,8733
20210410,수인선,소래포구,6230,6272,12502
20210410,수인선,월곶,2110,2088,4198
20210410,수인선,달월,81,90,171
20210410,수인선,사리,3061,2750,5811
20210410,수인선,야목,199,195,394
20210410,수인선,어천,639,592,1231
20210410,수인선,오목천,1814,1542,3356
20210410,수인선,고색,2099,2194,4293
20210410,분당선,매교,1979,2096,4075
20210410,분당선,수원시청,10743,11417,22160
20210410,분당선,매탄권선,3406,3202,6608
20210410,분당선,망포,8843,8046,16889
20210410,분당선,영통,6195,6017,12212
20210410,분당선,청명,2627,2520,5147
20210410,분당선,압구정로데오,17268,20106,37374
20210410,분당선,서울숲,12194,14155,26349
20210410,분당선,수원,7503,6252,13755
20210410,분당선,수서,9521,10303,19824
20210410,공항철도 1호선,청라국제도시,3817,3737,7554
20210410,공항철도 1호선,검암,4828,4946,9774
20210410,공항철도 1호선,계양,6508,5917,12425
20210410,공항철도 1호선,김포공항,10843,6717,17560
20210410,공항철도 1호선,마곡나루,3179,3547,6726
20210410,공항철도 1호선,디지털미디어시티,4763,4535,9298
20210410,공항철도 1호선,홍대입구,10325,10101,20426
20210410,공항철도 1호선,공덕,1402,2061,3463
20210410,공항철도 1호선,서울역,6442,6555,12997
20210410,경춘선,춘천,2050,1715,3765
20210410,경춘선,남춘천,2355,2694,5049
20210410,경춘선,김유정,586,683,1269
20210410,경춘선,강촌,885,894,1779
20210410,경춘선,백양리,178,194,372
20210410,경춘선,굴봉산,367,410,777
20210410,공항철도 1호선,운서,5691,5821,11512
20210410,수인선,호구포,2505,2408,4913
20210410,공항철도 1호선,공항화물청사,1294,1366,2660
20210410,공항철도 1호선,인천공항2터미널,1557,1455,3012
20210410,분당선,대모산입구,2206,2022,4228
20210410,분당선,개포동,2576,2446,5022
20210410,분당선,구룡,1188,1161,2349
20210410,분당선,도곡,4493,4017,8510
20210410,분당선,한티,10755,10647,21402
20210410,분당선,선릉,4993,7500,12493
20210410,과천선,범계,19310,18787,38097
20210410,과천선,평촌,8923,8932,17855
20210410,과천선,인덕원,15461,14894,30355
20210410,과천선,정부과천청사,5873,5913,11786
20210410,과천선,과천,4199,3788,7987
20210410,과천선,대공원,9713,10195,19908
20210410,과천선,경마공원,1252,1261,2513
20210410,과천선,선바위,5538,4761,10299
20210410,공항철도 1호선,영종,2766,2829,5595
20210410,공항철도 1호선,인천공항1터미널,2812,2978,5790
20210410,수인선,남동인더스파크,997,922,1919
20210410,수인선,원인재,3395,3721,7116
20210410,수인선,연수,3673,3652,7325
20210410,중앙선,구리,11050,13180,24230
20210410,중앙선,양원,1321,1315,2636
20210410,중앙선,망우,6502,6327,12829
20210410,중앙선,상봉,5310,5059,10369
20210410,중앙선,중랑,4433,4166,8599
20210410,중앙선,회기,18908,17953,36861
20210410,장항선,신창,1053,1049,2102
20210410,장항선,온양온천,3605,3653,7258
20210410,장항선,배방,972,970,1942
20210410,장항선,아산,2771,2651,5422
20210410,장항선,쌍용,1452,1249,2701
20210410,장항선,봉명,690,631,1321
20210410,일산선,대화,8104,7180,15284
20210410,일산선,주엽,6001,6072,12073
20210410,일산선,정발산,6673,6854,13527
20210410,중앙선,도농,5405,3328,8733
20210410,일산선,마두,5025,5001,10026
20210410,중앙선,양정,853,946,1799
20210410,중앙선,도심,1655,1460,3115
20210410,4호선,한성대입구,10437,10049,20486
20210410,4호선,혜화,23566,24544,48110
20210410,1호선,청량리,18416,18144,36560
20210410,2호선,시청,8666,7581,16247
20210410,중앙선,지평,67,102,169
20210410,중앙선,용문,4565,4846,9411
20210410,중앙선,원덕,856,723,1579
20210410,중앙선,양평,3063,3254,6317
20210410,중앙선,오빈,357,379,736
20210410,중앙선,아신,758,814,1572
20210410,중앙선,국수,901,922,1823
20210410,중앙선,신원,570,357,927
20210410,중앙선,양수,2837,3021,5858
20210410,중앙선,운길산,2064,1992,4056
20210410,중앙선,팔당,2017,2446,4463
20210410,중앙선,덕소,4819,4846,9665
20210410,경춘선,가평,2005,2292,4297
20210410,일산선,백석,7324,7314,14638
20210410,일산선,화정,12555,13000,25555
20210410,안산선,신길온천,1401,1411,2812
20210410,안산선,안산,10157,10221,20378
20210410,안산선,초지,3346,3383,6729
20210410,안산선,고잔,6396,6501,12897
20210410,안산선,중앙,15579,16074,31653
20210410,안산선,한대앞,6941,6998,13939
20210410,안산선,상록수,12364,12245,24609
20210410,안산선,반월,3396,3131,6527
20210410,안산선,대야미,4211,3697,7908
20210410,안산선,산본,11888,12675,24563
20210410,수인선,인천,1318,2217,3535
20210410,수인선,신포,1469,1465,2934
20210410,수인선,숭의,2654,2495,5149
20210410,수인선,인하대,4277,3867,8144
20210410,수인선,송도,1994,1948,3942
20210410,안산선,정왕,6382,6520,12902
20210410,일산선,대곡,1331,1123,2454
20210410,안산선,오이도,7870,8296,16166
20210410,우이신설선,북한산우이,3815,3915,7730
20210410,일산선,원당,8311,7961,16272
20210410,일산선,삼송,13112,12733,25845
20210410,일산선,원흥,6812,6557,13369
20210410,우이신설선,신설동,1370,1353,2723
20210410,우이신설선,보문,1060,1035,2095
20210410,우이신설선,성신여대입구,2660,3167,5827
20210410,우이신설선,정릉,3506,2877,6383
20210410,우이신설선,북한산보국문,5223,4533,9756
20210410,우이신설선,솔샘,3627,3376,7003
20210410,우이신설선,삼양사거리,1851,1784,3635
20210410,우이신설선,삼양,1539,1638,3177
20210410,우이신설선,화계,2449,2289,4738
20210410,우이신설선,가오리,2807,2678,5485
20210410,우이신설선,4.19민주묘지,2410,2131,4541
20210410,우이신설선,솔밭공원,1708,1608,3316
20210410,안산선,수리산,3041,2817,5858
20210410,경춘선,상천,652,536,1188
20210410,4호선,성신여대입구,17291,15950,33241
20210410,경춘선,대성리,1133,1114,2247
20210410,경부선,오산,8990,8295,17285
20210410,경부선,오산대,2966,2621,5587
20210410,경부선,세마,2068,1830,3898
20210410,경부선,병점,11426,11374,22800
20210410,경부선,세류,2434,2505,4939
20210410,경부선,독산,8346,8324,16670
20210410,경부선,진위,1096,914,2010
20210410,경부선,수원,36307,39034,75341
20210410,경부선,성균관대,9979,9802,19781
20210410,경부선,의왕,5907,5805,11712
20210410,경부선,군포,4363,4002,8365
20210410,경부선,금정,17920,17858,35778
20210410,경부선,명학,5085,4921,10006
20210410,경부선,안양,17579,17390,34969
20210410,경부선,화서,5152,5180,10332
20210410,경부선,송탄,4536,4159,8695
20210410,경부선,서정리,5810,4987,10797
20210410,경부선,지제,2546,2388,4934
20210410,경원선,청량리,14765,16679,31444
20210410,경원선,왕십리,11359,13080,24439
20210410,경원선,응봉,1704,1524,3228
20210410,경원선,옥수,54,38,92
20210410,경원선,한남,2846,2668,5514
20210410,경원선,서빙고,1423,1276,2699
20210410,경원선,이촌,3353,2296,5649
20210410,경부선,광명,2387,2269,4656
20210410,경부선,서동탄,1074,1108,2182
20210410,경부선,당정,4129,3849,7978
20210410,경부선,천안,5956,6127,12083
20210410,경부선,두정,5040,5381,10421
20210410,경부선,직산,667,632,1299
20210410,경부선,성환,2933,2791,5724
20210410,경부선,평택,13011,12287,25298
20210410,경부선,관악,6111,5619,11730
20210410,경부선,석수,6907,6662,13569
20210410,경부선,금천구청,8321,8263,16584
20210410,경부선,가산디지털단지,6278,8393,14671
20210410,경강선,판교,2753,2572,5325
20210410,9호선2~3단계,중앙보훈병원,4214,3962,8176
20210410,9호선2~3단계,둔촌오륜,645,601,1246
20210410,9호선2~3단계,올림픽공원,4383,4515,8898
20210410,9호선2~3단계,한성백제,1875,1533,3408
20210410,9호선2~3단계,송파나루,3652,3910,7562
20210410,9호선2~3단계,석촌,6403,5466,11869
20210410,9호선2~3단계,석촌고분,3980,3794,7774
20210410,9호선2~3단계,삼전,4796,4433,9229
20210410,9호선2~3단계,종합운동장,3439,2829,6268
20210410,9호선2~3단계,봉은사,10050,10455,20505
20210410,9호선2~3단계,삼성중앙,2918,2917,5835
20210410,9호선2~3단계,선정릉,4562,5393,9955
20210410,9호선2~3단계,언주,5564,5536,11100
20210410,9호선,신논현,24802,24113,48915
20210410,경강선,이매,872,823,1695
20210410,경원선,외대앞,6045,5824,11869
20210410,경강선,삼동,1510,1363,2873
20210410,경강선,초월,2151,1969,4120
20210410,경부선,구로,13197,13475,26672
20210410,경부선,신길,6222,5251,11473
20210410,경부선,신도림,2991,3039,6030
20210410,경부선,영등포,36288,37613,73901
20210410,경부선,대방,7943,7743,15686
20210410,경부선,노량진,8387,7650,16037
20210410,경부선,용산,28542,30697,59239
20210410,경부선,남영,5248,5371,10619
20210410,경부선,서울역,5585,1569,7154
20210410,경강선,여주,2394,2591,4985
20210410,경강선,세종대왕릉,321,411,732
20210410,경강선,부발,1717,1527,3244
20210410,경강선,이천,2467,2565,5032
20210410,경강선,신둔도예촌,1013,1041,2054
20210410,경강선,곤지암,1829,2010,3839
20210410,경강선,경기광주,4951,4450,9401
20210410,경원선,신이문,6172,5681,11853
20210410,9호선,고속터미널,12148,17048,29196
20210410,경원선,광운대,5469,5402,10871
20210410,경인선,주안,15318,13612,28930
20210410,경인선,동암,12277,12439,24716
20210410,경인선,백운,5322,5399,10721
20210410,경인선,부평,28585,30904,59489
20210410,경인선,송내,17564,17460,35024
20210410,경인선,부천,28172,29040,57212
20210410,경인선,역곡,19712,19376,39088
20210410,경인선,오류동,8933,8409,17342
20210410,경인선,개봉,16060,15857,31917
20210410,경의선,임진강,114,110,224
20210410,경의선,문산,4447,4446,8893
20210410,경의선,파주,868,718,1586
20210410,경의선,월롱,1309,1307,2616
20210410,경의선,금촌,5388,5210,10598
20210410,경의선,금릉,3673,3506,7179
20210410,경인선,동인천,11641,11629,23270
20210410,경의선,운정,4550,4280,8830
20210410,경인선,인천,4703,3972,8675
20210410,경인선,소사,7644,7248,14892
20210410,경원선,석계,6573,7053,13626
20210410,경춘선,천마산,1399,1431,2830
20210410,경춘선,평내호평,4739,4728,9467
20210410,경춘선,금곡,1114,1062,2176
20210410,경춘선,사릉,2377,2271,4648
20210410,경춘선,퇴계원,2740,2461,5201
20210410,경춘선,별내,2085,2050,4135
20210410,경춘선,갈매,1968,1738,3706
20210410,경춘선,신내,1095,1098,2193
20210410,경인선,도화,3032,2843,5875
20210410,경인선,중동,6400,6098,12498
20210410,경인선,온수,4724,4519,9243
20210410,경인선,도원,2154,2206,4360
20210410,경인선,간석,4365,4138,8503
20210410,경인선,부개,6197,5821,12018
20210410,경인선,구일,4646,4368,9014
20210410,경의선,야당,4969,4888,9857
20210410,경춘선,마석,3438,3484,6922
20210410,경의선,일산,6129,5972,12101
20210410,경원선,동두천중앙,2847,2817,5664
20210410,경원선,지행,5357,5408,10765
20210410,경원선,덕정,4387,4098,8485
20210410,경원선,덕계,2150,1993,4143
20210410,경원선,양주,6416,6121,12537
20210410,경의선,탄현,5007,4797,9804
20210410,경원선,가능,5093,4908,10001
20210410,경원선,의정부,17018,17723,34741
20210410,경원선,회룡,9665,9780,19445
20210410,경원선,망월사,5569,5745,11314
20210410,경원선,도봉산,10303,7237,17540
20210410,경원선,도봉,4403,4184,8587
20210410,경원선,방학,7418,7278,14696
20210410,경원선,녹천,3434,2830,6264
20210410,경원선,월계,4624,4253,8877
20210410,경원선,보산,1808,1705,3513
20210410,경원선,동두천,1657,2248,3905
20210410,경원선,녹양,3563,3350,6913
20210410,경의선,서울역,1226,1389,2615
20210410,경원선,소요산,4929,4216,9145
20210410,경의선,백마,4291,3992,8283
20210410,경의선,곡산,446,439,885
20210410,경의선,능곡,2832,2702,5534
20210410,경의선,행신,5022,4970,9992
20210410,경의선,강매,1875,1746,3621
20210410,경의선,화전,1120,1106,2226
20210410,경의선,풍산,4041,3899,7940
20210410,경의선,디지털미디어시티,1886,1631,3517
20210410,경의선,가좌,3692,3605,7297
20210410,경의선,홍대입구,1669,1878,3547
20210410,경의선,서강대,1608,1549,3157
20210410,경의선,공덕,2405,1839,4244
20210410,경의선,효창공원앞,1701,1941,3642
20210410,경의선,신촌,362,356,718
20210410,경의선,수색,1288,1265,2553
20210411,4호선,삼각지,1885,2489,4374
20210411,4호선,숙대입구,6275,6121,12396
20210411,4호선,서울역,3792,7806,11598
20210411,4호선,회현,7795,8084,15879
20210411,4호선,명동,10071,10515,20586
20210411,4호선,충무로,7903,8149,16052
20210411,4호선,한성대입구,7345,7510,14855
20210411,4호선,동대문,6872,7510,14382
20210411,4호선,혜화,17812,18525,36337
20210411,4호선,성신여대입구,11276,11065,22341
20210411,4호선,길음,9625,9458,19083
20210411,4호선,미아사거리,15223,14599,29822
20210411,4호선,미아,7678,7393,15071
20210411,4호선,동대문역사문화공원,7964,7737,15701
20210411,4호선,신용산,6283,6167,12450
20210411,5호선,화곡,13654,12926,26580
20210411,4호선,동작,1913,1995,3908
20210411,5호선,까치산,15016,15103,30119
20210411,4호선,수유,18849,18075,36924
20210411,5호선,우장산,6251,6483,12734
20210411,5호선,마곡,3429,3588,7017
20210411,5호선,송정,3681,3729,7410
20210411,5호선,김포공항,6654,5915,12569
20210411,5호선,개화산,2642,2842,5484
20210411,4호선,이촌,4252,5072,9324
20210411,5호선,방화,3259,3247,6506
20210411,4호선,창동,13796,14570,28366
20210411,4호선,노원,11112,11865,22977
20210411,4호선,상계,9773,9306,19079
20210411,4호선,당고개,7727,7310,15037
20210411,4호선,남태령,725,657,1382
20210411,4호선,사당,13382,12690,26072
20210411,4호선,총신대입구,9526,10460,19986
20210411,4호선,쌍문,14702,13349,28051
20210411,3호선,오금,2518,2562,5080
20210411,3호선,옥수,5052,5309,10361
20210411,3호선,가락시장,3464,3737,7201
20210411,3호선,안국,8814,9654,18468
20210411,3호선,경복궁,10601,11423,22024
20210411,3호선,독립문,4236,4889,9125
20210411,3호선,무악재,1813,1954,3767
20210411,3호선,홍제,8774,8485,17259
20210411,3호선,녹번,6492,5891,12383
20210411,3호선,종로3가,3445,4448,7893
20210411,3호선,불광,9283,11183,20466
20210411,3호선,구파발,10999,10986,21985
20210411,3호선,지축,1800,1769,3569
20210411,2호선,용두,1076,1034,2110
20210411,2호선,신정네거리,4766,4849,9615
20210411,2호선,양천구청,3182,3285,6467
20210411,5호선,신정,6249,5538,11787
20210411,3호선,연신내,21227,19775,41002
20210411,3호선,을지로3가,2723,2571,5294
20210411,3호선,동대입구,5289,6113,11402
20210411,3호선,약수,6222,5887,12109
20210411,3호선,수서,9530,9289,18819
20210411,3호선,일원,3156,3479,6635
20210411,3호선,대청,3701,3663,7364
20210411,3호선,학여울,713,694,1407
20210411,3호선,대치,5466,4864,10330
20210411,3호선,도곡,1828,1968,3796
20210411,3호선,매봉,4094,4120,8214
20210411,3호선,양재,12105,14197,26302
20210411,3호선,남부터미널,13191,13593,26784
20210411,3호선,교대,3791,2410,6201
20210411,3호선,고속터미널,37507,33795,71302
20210411,3호선,잠원,2253,2262,4515
20210411,3호선,신사,13098,13062,26160
20210411,3호선,압구정,12757,13109,25866
20210411,3호선,금호,4169,4017,8186
20210411,3호선,경찰병원,2497,2562,5059
20210411,5호선,목동,7151,7464,14615
20210411,5호선,오금,1597,1489,3086
20210411,5호선,양평,2433,2442,4875
20210411,6호선,마포구청,6817,6225,13042
20210411,6호선,월드컵경기장,3637,3709,7346
20210411,6호선,디지털미디어시티,4899,5006,9905
20210411,6호선,증산,5291,5488,10779
20210411,6호선,새절,6332,6237,12569
20210411,6호선,구산,3646,2802,6448
20210411,6호선,독바위,1592,1946,3538
20210411,6호선,불광,3164,2863,6027
20210411,6호선,역촌,1733,1987,3720
20210411,6호선,응암,8739,8863,17602
20210411,5호선,하남검단산,5183,5259,10442
20210411,5호선,하남시청,3117,2959,6076
20210411,5호선,하남풍산,2141,2132,4273
20210411,5호선,미사,7776,7826,15602
20210411,5호선,강일,1817,1774,3591
20210411,6호선,망원,8999,10053,19052
20210411,5호선,마천,3272,3578,6850
20210411,6호선,합정,8520,7618,16138
20210411,6호선,광흥창,3838,3705,7543
20210411,6호선,안암,4551,5040,9591
20210411,6호선,보문,3643,3439,7082
20210411,6호선,창신,1538,1462,3000
20210411,6호선,동묘앞,6207,5868,12075
20210411,6호선,신당,3254,4216,7470
20210411,6호선,청구,1544,1653,3197
20210411,6호선,약수,1498,1549,3047
20210411,6호선,버티고개,1075,1195,2270
20210411,6호선,한강진,5754,6624,12378
20210411,6호선,이태원,8567,8272,16839
20210411,6호선,녹사평,3894,3828,7722
20210411,6호선,삼각지,3259,2448,5707
20210411,6호선,효창공원앞,3279,3058,6337
20210411,6호선,공덕,6158,5789,11947
20210411,6호선,대흥,3529,3726,7255
20210411,6호선,상수,4832,5671,10503
20210411,5호선,오목교,10878,11251,22129
20210411,5호선,거여,3451,3389,6840
20210411,2호선,도림천,501,515,1016
20210411,5호선,청구,1732,1465,3197
20210411,5호선,동대문역사문화공원,649,824,1473
20210411,5호선,을지로4가,1450,1430,2880
20210411,5호선,종로3가,7606,7220,14826
20210411,5호선,광화문,10028,9906,19934
20210411,5호선,서대문,4795,4610,9405
20210411,5호선,충정로,1428,1466,2894
20210411,5호선,애오개,2471,2591,5062
20210411,5호선,공덕,4409,4350,8759
20210411,5호선,마포,4333,4287,8620
20210411,5호선,여의나루,15575,16911,32486
20210411,5호선,여의도,8318,8341,16659
20210411,5호선,신길,1838,2020,3858
20210411,5호선,영등포시장,4370,4633,9003
20210411,5호선,영등포구청,1262,1254,2516
20210411,5호선,신금호,3034,3197,6231
20210411,5호선,개롱,2876,3128,6004
20210411,5호선,행당,3805,3540,7345
20210411,5호선,마장,2695,2576,5271
20210411,5호선,방이,3654,3508,7162
20210411,5호선,올림픽공원,2190,2108,4298
20210411,5호선,둔촌동,4404,4472,8876
20210411,5호선,상일동,6422,6300,12722
20210411,5호선,고덕,3888,3812,7700
20210411,5호선,명일,4639,4692,9331
20210411,5호선,굽은다리,4922,4580,9502
20210411,5호선,길동,3920,4162,8082
20210411,5호선,강동,8350,8503,16853
20210411,5호선,천호,11731,11002,22733
20210411,5호선,광나루,7524,7486,15010
20210411,5호선,아차산,11604,11547,23151
20210411,5호선,군자,5729,6318,12047
20210411,5호선,장한평,6761,6761,13522
20210411,5호선,답십리,6863,6526,13389
20210411,5호선,왕십리,2236,2527,4763
20210411,2호선,신설동,2944,3008,5952
20210411,2호선,한양대,2439,2720,5159
20210411,2호선,용답,1559,1544,3103
20210411,일산선,정발산,5057,4989,10046
20210411,일산선,주엽,4241,4098,8339
20210411,일산선,대화,5888,5232,11120
20210411,장항선,봉명,492,574,1066
20210411,장항선,쌍용,1156,1251,2407
20210411,장항선,아산,3070,2042,5112
20210411,일산선,마두,3255,3309,6564
20210411,장항선,배방,772,881,1653
20210411,장항선,신창,1056,1347,2403
20210411,중앙선,회기,14990,14891,29881
20210411,중앙선,중랑,3401,3312,6713
20210411,중앙선,상봉,4073,4029,8102
20210411,중앙선,망우,4622,4724,9346
20210411,중앙선,양원,923,954,1877
20210411,장항선,온양온천,3155,3080,6235
20210411,일산선,백석,5229,5191,10420
20210411,일산선,대곡,1082,822,1904
20210411,일산선,화정,8910,9157,18067
20210411,수인선,연수,2855,2741,5596
20210411,수인선,송도,1663,1524,3187
20210411,수인선,인하대,3107,2981,6088
20210411,우이신설선,화계,1948,1852,3800
20210411,우이신설선,삼양,1158,1166,2324
20210411,우이신설선,삼양사거리,1475,1461,2936
20210411,우이신설선,솔샘,2603,2418,5021
20210411,우이신설선,북한산보국문,3543,3350,6893
20210411,우이신설선,정릉,2467,2152,4619
20210411,우이신설선,성신여대입구,1972,2199,4171
20210411,우이신설선,보문,866,936,1802
20210411,우이신설선,신설동,1159,1153,2312
20210411,일산선,원흥,4833,4712,9545
20210411,일산선,삼송,9746,9609,19355
20210411,일산선,원당,6172,5883,12055
20210411,중앙선,구리,7462,7523,14985
20210411,중앙선,도농,4442,4571,9013
20210411,중앙선,양정,643,505,1148
20210411,중앙선,덕소,3477,3523,7000
20210411,안산선,한대앞,5204,5039,10243
20210411,안산선,중앙,11542,11472,23014
20210411,안산선,고잔,4484,4376,8860
20210411,안산선,초지,2341,2310,4651
20210411,안산선,안산,10180,9396,19576
20210411,안산선,신길온천,1239,1146,2385
20210411,안산선,정왕,5432,6005,11437
20210411,안산선,오이도,6260,6009,12269
20210411,안산선,수리산,2400,2547,4947
20210411,우이신설선,북한산우이,3423,3686,7109
20210411,우이신설선,솔밭공원,1346,1328,2674
20210411,우이신설선,4.19민주묘지,2086,1791,3877
20210411,우이신설선,가오리,2300,2095,4395
20210411,9호선,등촌,4856,4979,9835
20210411,6호선,고려대,3947,3855,7802
20210411,안산선,상록수,8904,8878,17782
20210411,수인선,원인재,2635,2739,5374
20210411,안산선,반월,2522,2557,5079
20210411,안산선,산본,8269,8790,17059
20210411,중앙선,도심,1291,1193,2484
20210411,중앙선,팔당,1955,2107,4062
20210411,중앙선,운길산,1943,1843,3786
20210411,중앙선,양수,2490,2256,4746
20210411,중앙선,신원,577,361,938
20210411,중앙선,국수,848,759,1607
20210411,중앙선,아신,713,525,1238
20210411,중앙선,오빈,278,264,542
20210411,중앙선,양평,2606,2292,4898
20210411,중앙선,원덕,603,452,1055
20210411,중앙선,용문,2525,2030,4555
20210411,중앙선,지평,69,94,163
20210411,수인선,숭의,1925,1842,3767
20210411,수인선,신포,1107,1156,2263
20210411,수인선,인천,1221,1714,2935
20210411,안산선,대야미,3267,2959,6226
20210411,수인선,남동인더스파크,649,661,1310
20210411,수인선,호구포,1960,1995,3955
20210411,수인선,인천논현,2917,2961,5878
20210411,2호선,서초,9677,9050,18727
20210411,2호선,교대,9696,10649,20345
20210411,2호선,강남,31961,31210,63171
20210411,2호선,역삼,10392,11157,21549
20210411,2호선,선릉,12248,10610,22858
20210411,2호선,삼성,18146,17763,35909
20210411,2호선,종합운동장,4382,4902,9284
20210411,2호선,잠실새내,9770,10212,19982
20210411,2호선,잠실,42232,39230,81462
20210411,2호선,잠실나루,4783,4907,9690
20210411,2호선,강변,20252,19350,39602
20210411,2호선,구의,10728,10795,21523
20210411,2호선,건대입구,24692,24787,49479
20210411,2호선,성수,11590,12808,24398
20210411,2호선,뚝섬,11611,11698,23309
20210411,2호선,방배,6261,6733,12994
20210411,2호선,왕십리,8553,7329,15882
20210411,2호선,사당,19479,21981,41460
20210411,2호선,서울대입구,25590,26628,52218
20210411,2호선,충정로,3775,4115,7890
20210411,2호선,아현,4825,4947,9772
20210411,2호선,이대,6084,6500,12584
20210411,2호선,신촌,19344,19007,38351
20210411,2호선,홍대입구,40473,40225,80698
20210411,2호선,합정,18132,18928,37060
20210411,2호선,당산,8868,9497,18365
20210411,2호선,영등포구청,7294,7574,14868
20210411,2호선,문래,7017,7242,14259
20210411,2호선,신도림,26705,26683,53388
20210411,2호선,대림,14165,14471,28636
20210411,2호선,구로디지털단지,22588,22461,45049
20210411,2호선,신대방,14664,14361,29025
20210411,2호선,신림,34350,34202,68552
20210411,2호선,봉천,11547,11383,22930
20210411,2호선,낙성대,14725,15330,30055
20210411,2호선,신답,659,716,1375
20210411,2호선,상왕십리,6486,6342,12828
20210411,2호선,동대문역사문화공원,7246,8714,15960
20210411,분당선,상갈,2669,2784,5453
20210411,분당선,청명,1837,1937,3774
20210411,분당선,영통,4173,4217,8390
20210411,분당선,망포,5669,5921,11590
20210411,분당선,매탄권선,2245,2233,4478
20210411,분당선,수원시청,6881,6779,13660
20210411,분당선,매교,1584,1667,3251
20210411,수인선,고색,1451,1551,3002
20210411,수인선,오목천,1353,1269,2622
20210411,수인선,어천,528,612,1140
20210411,수인선,야목,173,164,337
20210411,수인선,사리,2416,2066,4482
20210411,수인선,달월,61,80,141
20210411,수인선,월곶,1671,1519,3190
20210411,1호선,시청,6741,6717,13458
20210411,분당선,기흥,4557,4501,9058
20210411,2호선,신당,7684,8056,15740
20210411,분당선,신갈,1850,1949,3799
20210411,분당선,죽전,7242,8196,15438
20210411,2호선,을지로4가,3094,2886,5980
20210411,2호선,을지로3가,6603,5864,12467
20210411,2호선,을지로입구,13969,13138,27107
20210411,2호선,시청,5200,4286,9486
20210411,1호선,청량리,13387,12877,26264
20210411,1호선,제기동,10297,10752,21049
20210411,1호선,동대문,9323,9844,19167
20210411,1호선,종로5가,8363,8533,16896
20210411,1호선,종로3가,13756,12123,25879
20210411,1호선,종각,10815,9518,20333
20210411,1호선,동묘앞,12795,13158,25953
20210411,1호선,서울역,24053,20521,44574
20210411,8호선,석촌,3816,4696,8512
20210411,1호선,신설동,7099,6909,14008
20210411,분당선,보정,954,904,1858
20210411,분당선,구성,2189,2377,4566
20210411,수인선,소래포구,5684,5515,11199
20210411,6호선,월곡,4951,4977,9928
20210411,6호선,돌곶이,4499,4169,8668
20210411,경의선,풍산,3257,3167,6424
20210411,경의선,백마,3067,2963,6030
20210411,경의선,곡산,373,368,741
20210411,경의선,능곡,2192,2226,4418
20210411,경의선,행신,4127,3779,7906
20210411,경의선,강매,1463,1434,2897
20210411,경의선,일산,4446,4214,8660
20210411,경의선,화전,855,888,1743
20210411,경의선,디지털미디어시티,1229,1192,2421
20210411,경의선,가좌,2702,2822,5524
20210411,경의선,홍대입구,1392,1540,2932
20210411,경의선,서강대,1158,1151,2309
20210411,경의선,공덕,1477,1234,2711
20210411,경의선,효창공원앞,1171,1420,2591
20210411,경의선,수색,839,929,1768
20210411,경의선,탄현,3817,3586,7403
20210411,경의선,야당,3865,3798,7663
20210411,경의선,운정,3424,3285,6709
20210411,경인선,주안,11063,9839,20902
20210411,경인선,동암,9332,9106,18438
20210411,경인선,백운,3810,3766,7576
20210411,경인선,부평,22127,22569,44696
20210411,경인선,송내,12358,12170,24528
20210411,경인선,부천,20623,20260,40883
20210411,경인선,역곡,13670,13660,27330
20210411,경인선,오류동,6791,6511,13302
20210411,경인선,개봉,11101,11095,22196
20210411,경의선,임진강,94,75,169
20210411,경의선,문산,3711,3652,7363
20210411,경의선,파주,743,658,1401
20210411,경의선,월롱,828,1415,2243
20210411,경의선,금촌,4409,4737,9146
20210411,경의선,금릉,2823,2671,5494
20210411,경의선,신촌,246,245,491
20210411,경의선,서울역,978,864,1842
20210411,경원선,소요산,4868,4307,9175
20210411,경원선,동두천,1447,1888,3335
20210411,경원선,외대앞,4609,4602,9211
20210411,경원선,청량리,12409,11968,24377
20210411,경원선,왕십리,7898,9145,17043
20210411,경원선,응봉,1276,1246,2522
20210411,경원선,옥수,71,30,101
20210411,경원선,한남,1856,1883,3739
20210411,경원선,서빙고,1233,1258,2491
20210411,경원선,이촌,2419,1797,4216
20210411,경부선,광명,2189,1468,3657
20210411,경부선,서동탄,744,720,1464
20210411,경부선,당정,2861,2947,5808
20210411,경부선,천안,5972,5377,11349
20210411,경부선,두정,4230,4583,8813
20210411,경부선,직산,550,616,1166
20210411,경부선,성환,2692,3126,5818
20210411,경원선,신이문,4599,4334,8933
20210411,경인선,동인천,9203,8668,17871
20210411,경원선,석계,4668,5260,9928
20210411,경원선,월계,3565,3327,6892
20210411,경원선,보산,1613,1739,3352
20210411,경원선,동두천중앙,2125,2026,4151
20210411,경원선,지행,4177,4126,8303
20210411,경원선,덕정,3395,3438,6833
20210411,경원선,덕계,1586,1533,3119
20210411,경원선,양주,5165,5069,10234
20210411,경원선,녹양,2677,2591,5268
20210411,경원선,가능,3884,3688,7572
20210411,경원선,의정부,13454,13545,26999
20210411,경원선,회룡,7240,7263,14503
20210411,경원선,망월사,4821,5024,9845
20210411,경원선,도봉산,9782,7127,16909
20210411,경원선,도봉,3529,3218,6747
20210411,경원선,방학,5816,5511,11327
20210411,경원선,녹천,2585,2225,4810
20210411,경원선,광운대,4035,4228,8263
20210411,경부선,평택,11076,11916,22992
20210411,경인선,인천,4153,3420,7573
20210411,경인선,소사,5681,5440,11121
20210411,분당선,개포동,1729,1699,3428
20210411,분당선,구룡,727,823,1550
20210411,분당선,도곡,2377,2330,4707
20210411,분당선,한티,7065,7060,14125
20210411,분당선,선릉,2775,4167,6942
20210411,과천선,범계,13414,12764,26178
20210411,분당선,대모산입구,1650,1550,3200
20210411,과천선,평촌,5712,5617,11329
20210411,과천선,정부과천청사,4081,4217,8298
20210411,과천선,과천,2943,2725,5668
20210411,과천선,대공원,7528,7659,15187
20210411,과천선,경마공원,949,953,1902
20210411,과천선,선바위,3644,3414,7058
20210411,공항철도 1호선,영종,2198,2098,4296
20210411,과천선,인덕원,10596,10352,20948
20210411,분당선,수서,7989,7545,15534
20210411,분당선,수원,5736,4743,10479
20210411,분당선,서울숲,9571,10792,20363
20210411,6호선,상월곡,3049,2771,5820
20210411,5호선,발산,8576,8926,17502
20210411,분당선,이매,2936,2892,5828
20210411,분당선,오리,5042,4460,9502
20210411,분당선,미금,6873,7305,14178
20210411,분당선,정자,6863,7116,13979
20210411,분당선,수내,5883,5587,11470
20210411,분당선,서현,11957,11990,23947
20210411,분당선,야탑,11914,12181,24095
20210411,분당선,모란,10669,10722,21391
20210411,분당선,태평,7549,7165,14714
20210411,분당선,가천대,3575,4452,8027
20210411,분당선,선정릉,2147,2134,4281
20210411,분당선,강남구청,3091,3728,6819
20210411,분당선,압구정로데오,9913,11073,20986
20210411,공항철도 1호선,인천공항2터미널,1449,1375,2824
20210411,공항철도 1호선,인천공항1터미널,2906,2859,5765
20210411,공항철도 1호선,공항화물청사,1015,1085,2100
20210411,공항철도 1호선,운서,4718,4993,9711
20210411,경춘선,마석,2754,2641,5395
20210411,경춘선,천마산,1259,1295,2554
20210411,경춘선,평내호평,3448,3435,6883
20210411,경춘선,금곡,989,909,1898
20210411,경춘선,사릉,1839,1806,3645
20210411,경춘선,퇴계원,2003,1895,3898
20210411,경춘선,별내,1698,1600,3298
20210411,경춘선,갈매,1489,1332,2821
20210411,경춘선,신내,853,851,1704
20210411,경인선,도화,2224,2078,4302
20210411,경인선,중동,4613,4263,8876
20210411,경인선,온수,3460,3414,6874
20210411,경인선,도원,1624,1637,3261
20210411,경인선,간석,2993,2864,5857
20210411,경인선,부개,4464,4182,8646
20210411,경춘선,대성리,1045,900,1945
20210411,경인선,구일,3179,3180,6359
20210411,경춘선,청평,1946,1628,3574
20210411,경춘선,가평,1949,1643,3592
20210411,공항철도 1호선,청라국제도시,2958,2883,5841
20210411,공항철도 1호선,검암,3538,3803,7341
20210411,공항철도 1호선,계양,4646,4550,9196
20210411,공항철도 1호선,김포공항,11157,5925,17082
20210411,공항철도 1호선,마곡나루,2213,2530,4743
20210411,공항철도 1호선,디지털미디어시티,3374,3540,6914
20210411,공항철도 1호선,홍대입구,8327,7700,16027
20210411,공항철도 1호선,공덕,978,1305,2283
20210411,공항철도 1호선,서울역,6434,5542,11976
20210411,경춘선,춘천,1905,1539,3444
20210411,경춘선,남춘천,2201,2376,4577
20210411,경춘선,김유정,552,599,1151
20210411,경춘선,강촌,978,842,1820
20210411,경춘선,백양리,185,177,362
20210411,경춘선,굴봉산,367,334,701
20210411,경춘선,상천,663,573,1236
20210411,경부선,지제,2101,1858,3959
20210411,경인선,제물포,5403,5211,10614
20210411,경부선,송탄,3589,3962,7551
20210411,7호선,삼산체육관,2336,2158,4494
20210411,7호선,상동,6612,6205,12817
20210411,7호선,부천시청,6015,5979,11994
20210411,7호선,신중동,6232,6220,12452
20210411,7호선,춘의,3269,3130,6399
20210411,7호선,부천종합운동장,2503,2327,4830
20210411,7호선,까치울,4170,4120,8290
20210411,7호선,온수,3774,3949,7723
20210411,7호선,천왕,4731,4540,9271
20210411,7호선,광명사거리,11728,11635,23363
20210411,7호선,철산,10073,10028,20101
20210411,7호선,가산디지털단지,10908,10206,21114
20210411,7호선,남구로,6444,6254,12698
20210411,7호선,대림,6346,5881,12227
20210411,7호선,보라매,4224,4260,8484
20210411,7호선,굴포천,4170,4253,8423
20210411,7호선,신대방삼거리,7440,7411,14851
20210411,7호선,부평구청,4809,4177,8986
20210411,8호선,천호,8243,9422,17665
20210411,9호선,개화,1054,929,1983
20210411,8호선,모란,2587,2238,4825
20210411,8호선,수진,2867,2533,5400
20210411,8호선,신흥,2618,2757,5375
20210411,8호선,단대오거리,5139,5262,10401
20210411,8호선,남한산성입구,6618,6344,12962
20210411,8호선,산성,3706,3753,7459
20210411,8호선,복정,4972,4655,9627
20210411,8호선,장지,8785,8653,17438
20210411,8호선,문정,5149,5528,10677
20210411,8호선,가락시장,2962,3610,6572
20210411,8호선,송파,3502,3616,7118
20210411,8호선,잠실,8325,9094,17419
20210411,8호선,몽촌토성,3279,3263,6542
20210411,8호선,강동구청,3971,4038,8009
20210411,8호선,암사,8505,8148,16653
20210411,9호선,김포공항,7194,9899,17093
20210411,7호선,장승배기,4765,4567,9332
20210411,7호선,숭실대입구,5625,6114,11739
20210411,7호선,먹골,5555,5300,10855
20210411,7호선,태릉입구,4633,4455,9088
20210411,7호선,공릉,6336,6418,12754
20210411,7호선,하계,8753,8205,16958
20210411,7호선,중계,6418,5981,12399
20210411,7호선,노원,10208,10490,20698
20210411,7호선,마들,5585,5247,10832
20210411,7호선,수락산,8371,8393,16764
20210411,7호선,도봉산,5766,8651,14417
20210411,7호선,장암,1474,1105,2579
20210411,6호선,봉화산,3712,3586,7298
20210411,6호선,화랑대,4938,4141,9079
20210411,6호선,태릉입구,2880,3004,5884
20210411,경부선,서정리,4070,5445,9515
20210411,6호선,석계,6263,6446,12709
20210411,7호선,중화,5742,5764,11506
20210411,7호선,상도,4943,4976,9919
20210411,7호선,상봉,8912,8245,17157
20210411,7호선,사가정,8866,8681,17547
20210411,7호선,남성,5137,5177,10314
20210411,7호선,이수,7480,7172,14652
20210411,7호선,내방,4777,4891,9668
20210411,7호선,고속터미널,11559,7243,18802
20210411,7호선,반포,2638,2634,5272
20210411,7호선,논현,6055,6392,12447
20210411,7호선,학동,5522,5943,11465
20210411,7호선,강남구청,5612,6047,11659
20210411,7호선,청담,6312,6822,13134
20210411,7호선,뚝섬유원지,10930,10446,21376
20210411,7호선,건대입구,7269,7413,14682
20210411,7호선,어린이대공원,8053,8468,16521
20210411,7호선,군자,7488,5718,13206
20210411,7호선,중곡,4948,4749,9697
20210411,7호선,용마산,3338,3861,7199
20210411,7호선,면목,7883,7921,15804
20210411,9호선,공항시장,1602,1703,3305
20210411,7호선,신풍,5777,5562,11339
20210411,경부선,오산,7363,7960,15323
20210411,경부선,구로,9437,9852,19289
20210411,경부선,신도림,2298,2293,4591
20210411,경부선,영등포,28652,27722,56374
20210411,경부선,대방,5535,5946,11481
20210411,경부선,노량진,5638,5503,11141
20210411,경부선,용산,26391,23096,49487
20210411,경부선,남영,3829,4161,7990
20210411,경부선,서울역,6116,1238,7354
20210411,경강선,여주,2034,1887,3921
20210411,경강선,세종대왕릉,316,300,616
20210411,경강선,부발,1169,1782,2951
20210411,경강선,이천,1946,2082,4028
20210411,경강선,신둔도예촌,839,849,1688
20210411,경강선,곤지암,1433,1678,3111
20210411,경강선,초월,1481,1428,2909
20210411,경부선,가산디지털단지,4488,6251,10739
20210411,경강선,경기광주,3412,3586,6998
20210411,경부선,금천구청,6090,6030,12120
20210411,경부선,관악,5066,4489,9555
20210411,경부선,진위,826,851,1677
20210411,9호선,신방화,3100,3124,6224
20210411,경부선,오산대,2278,2191,4469
20210411,경부선,세마,1570,1460,3030
20210411,경부선,병점,8441,9423,17864
20210411,경부선,세류,2004,1999,4003
20210411,경부선,독산,5741,5845,11586
20210411,경부선,수원,31899,30718,62617
20210411,경부선,화서,3778,3688,7466
20210411,경부선,성균관대,6945,7315,14260
20210411,경부선,의왕,4087,4273,8360
20210411,경부선,군포,2983,2825,5808
20210411,경부선,금정,13187,13389,26576
20210411,경부선,명학,3459,3483,6942
20210411,경부선,안양,13288,12947,26235
20210411,경부선,석수,5305,5201,10506
20210411,경강선,삼동,1013,971,1984
20210411,경부선,신길,4786,4310,9096
20210411,경강선,판교,2080,1821,3901
20210411,9호선,동작,1068,881,1949
20210411,9호선,흑석,3604,3732,7336
20210411,9호선,노들,2464,2208,4672
20210411,9호선,노량진,13540,14714,28254
20210411,9호선,샛강,1652,1605,3257
20210411,9호선,여의도,8813,8135,16948
20210411,9호선,국회의사당,4111,3894,8005
20210411,9호선,당산,8163,7978,16141
20210411,9호선,선유도,2879,3016,5895
20210411,9호선,신목동,1548,1390,2938
20210411,9호선,염창,7876,7831,15707
20210411,9호선,증미,2346,2408,4754
20210411,9호선,가양,9393,9330,18723
20210411,경강선,이매,683,614,1297
20210411,9호선,마곡나루,5573,5670,11243
20210411,9호선,구반포,1242,1339,2581
20210411,9호선,신반포,1628,1804,3432
20210411,9호선,양천향교,3868,4062,7930
20210411,9호선,사평,1173,1228,2401
20210411,9호선,고속터미널,9464,12389,21853
20210411,9호선2~3단계,둔촌오륜,341,345,686
20210411,9호선2~3단계,올림픽공원,3086,3275,6361
20210411,9호선2~3단계,한성백제,1394,1249,2643
20210411,9호선2~3단계,송파나루,2603,2783,5386
20210411,9호선2~3단계,석촌,4230,3819,8049
20210411,9호선2~3단계,석촌고분,2687,2678,5365
20210411,9호선2~3단계,중앙보훈병원,3362,3161,6523
20210411,9호선2~3단계,종합운동장,1934,1786,3720
20210411,9호선2~3단계,봉은사,6915,7005,13920
20210411,9호선2~3단계,삼성중앙,1667,1781,3448
20210411,9호선2~3단계,선정릉,2930,3338,6268
20210411,9호선2~3단계,언주,3597,3608,7205
20210411,9호선,신논현,14181,13474,27655
20210411,9호선2~3단계,삼전,3337,3348,6685
20210417,3호선,금호,5598,5180,10778
20210417,3호선,약수,8478,7890,16368
20210417,3호선,동대입구,5567,6360,11927
20210417,3호선,충무로,1,0,1
20210417,3호선,을지로3가,4251,4812,9063
20210417,3호선,종로3가,5272,7205,12477
20210417,3호선,독립문,5511,5889,11400
20210417,3호선,경복궁,12859,13115,25974
20210417,3호선,무악재,2449,2558,5007
20210417,3호선,홍제,12320,11759,24079
20210417,3호선,녹번,9063,7871,16934
20210417,3호선,불광,11817,13158,24975
20210417,3호선,옥수,6379,6412,12791
20210417,3호선,연신내,27593,25983,53576
20210417,3호선,안국,11449,12856,24305
20210417,3호선,압구정,23301,24175,47476
20210417,3호선,도곡,3232,3238,6470
20210417,3호선,잠원,3254,3131,6385
20210417,3호선,구파발,13735,13827,27562
20210417,4호선,수유,24549,24141,48690
20210417,3호선,오금,3592,3479,7071
20210417,3호선,경찰병원,3820,3770,7590
20210417,3호선,가락시장,5660,5436,11096
20210417,3호선,수서,11829,12134,23963
20210417,3호선,일원,4506,4508,9014
20210417,3호선,대청,5272,4962,10234
20210417,3호선,학여울,1736,1649,3385
20210417,3호선,대치,7592,6875,14467
20210417,3호선,매봉,5673,5597,11270
20210417,3호선,양재,18811,20507,39318
20210417,3호선,남부터미널,18029,18350,36379
20210417,3호선,교대,6073,3664,9737
20210417,3호선,고속터미널,42377,43468,85845
20210417,3호선,신사,22251,22675,44926
20210417,3호선,지축,2368,2369,4737
20210417,2호선,잠실나루,6677,6552,13229
20210417,2호선,신정네거리,6896,7023,13919
20210417,2호선,봉천,16243,15104,31347
20210417,2호선,서울대입구,35036,33525,68561
20210417,2호선,낙성대,19940,18720,38660
20210417,2호선,사당,26866,29315,56181
20210417,2호선,방배,9128,9436,18564
20210417,2호선,서초,10987,8669,19656
20210417,2호선,교대,15786,17517,33303
20210417,2호선,강남,54726,54513,109239
20210417,2호선,역삼,18339,19606,37945
20210417,2호선,선릉,22185,19828,42013
20210417,2호선,삼성,24423,24519,48942
20210417,2호선,종합운동장,5149,5769,10918
20210417,2호선,잠실새내,15473,16084,31557
20210417,2호선,잠실,54019,51925,105944
20210417,4호선,미아,10208,9635,19843
20210417,2호선,신림,46824,44792,91616
20210417,2호선,용두,1609,1565,3174
20210417,2호선,신대방,18958,18485,37443
20210417,2호선,대림,17704,18873,36577
20210417,2호선,양천구청,4082,4263,8345
20210417,2호선,도림천,828,829,1657
20210417,2호선,신설동,3023,2854,5877
20210417,2호선,신답,858,989,1847
20210417,2호선,용답,1891,1719,3610
20210417,2호선,충정로,5660,5979,11639
20210417,2호선,아현,6849,6596,13445
20210417,2호선,이대,8718,8948,17666
20210417,2호선,신촌,25967,26158,52125
20210417,2호선,홍대입구,51111,54201,105312
20210417,2호선,합정,24360,25797,50157
20210417,2호선,당산,11568,12980,24548
20210417,2호선,영등포구청,11884,12091,23975
20210417,2호선,문래,11251,11872,23123
20210417,2호선,신도림,38373,38727,77100
20210417,2호선,구로디지털단지,32114,31304,63418
20210417,4호선,미아사거리,20631,20037,40668
20210417,5호선,마천,4241,4378,8619
20210417,4호선,성신여대입구,14858,14042,28900
20210417,5호선,마장,3990,3841,7831
20210417,5호선,왕십리,3342,3738,7080
20210417,5호선,행당,5571,4911,10482
20210417,5호선,신금호,3762,3800,7562
20210417,5호선,청구,2381,2199,4580
20210417,5호선,동대문역사문화공원,844,1055,1899
20210417,5호선,을지로4가,3049,3333,6382
20210417,5호선,종로3가,10582,10756,21338
20210417,5호선,광화문,11643,12031,23674
20210417,5호선,서대문,6905,6415,13320
20210417,5호선,충정로,1920,1692,3612
20210417,5호선,애오개,3523,3460,6983
20210417,5호선,공덕,6547,6784,13331
20210417,5호선,마포,6689,6772,13461
20210417,5호선,여의나루,9118,11291,20409
20210417,5호선,답십리,9578,8963,18541
20210417,5호선,여의도,11780,11691,23471
20210417,5호선,장한평,10089,9958,20047
20210417,5호선,아차산,12053,11911,23964
20210417,2호선,강변,22726,23794,46520
20210417,5호선,거여,5325,4990,10315
20210417,5호선,개롱,4259,4538,8797
20210417,5호선,오금,2557,2382,4939
20210417,5호선,방이,4944,4862,9806
20210417,5호선,올림픽공원,2694,2262,4956
20210417,5호선,둔촌동,5897,5874,11771
20210417,5호선,상일동,9058,8572,17630
20210417,5호선,고덕,5728,5558,11286
20210417,5호선,명일,5984,5922,11906
20210417,5호선,굽은다리,6814,6442,13256
20210417,5호선,길동,5568,5799,11367
20210417,5호선,강동,11972,11309,23281
20210417,5호선,천호,15422,14401,29823
20210417,5호선,광나루,8617,8245,16862
20210417,5호선,군자,8091,8799,16890
20210417,4호선,길음,12833,12383,25216
20210417,5호선,신길,2390,2570,4960
20210417,5호선,영등포구청,1910,1823,3733
20210417,4호선,사당,18056,15560,33616
20210417,4호선,총신대입구,12992,14197,27189
20210417,4호선,동작,1814,1985,3799
20210417,4호선,이촌,5481,6153,11634
20210417,4호선,신용산,8185,8778,16963
20210417,4호선,삼각지,2878,3653,6531
20210417,4호선,숙대입구,8356,8106,16462
20210417,4호선,서울역,4846,10155,15001
20210417,4호선,회현,15366,16182,31548
20210417,4호선,명동,11113,12706,23819
20210417,4호선,충무로,11098,11679,22777
20210417,4호선,동대문역사문화공원,9739,8361,18100
20210417,4호선,동대문,13206,13204,26410
20210417,4호선,혜화,21917,22450,44367
20210417,4호선,한성대입구,9845,9667,19512
20210417,4호선,남태령,870,658,1528
20210417,5호선,영등포시장,6533,6886,13419
20210417,4호선,당고개,9166,8558,17724
20210417,4호선,노원,14562,15649,30211
20210417,5호선,양평,3357,3197,6554
20210417,5호선,오목교,15302,15584,30886
20210417,5호선,목동,10642,10808,21450
20210417,5호선,신정,8417,7167,15584
20210417,5호선,까치산,19809,19004,38813
20210417,5호선,화곡,18943,17592,36535
20210417,5호선,우장산,8958,8999,17957
20210417,5호선,발산,12364,12948,25312
20210417,5호선,마곡,4744,4726,9470
20210417,5호선,송정,4811,4704,9515
20210417,5호선,김포공항,6944,7261,14205
20210417,5호선,개화산,3419,3425,6844
20210417,5호선,방화,4462,4181,8643
20210417,4호선,쌍문,19663,17873,37536
20210417,4호선,창동,17682,18800,36482
20210417,4호선,상계,12912,12286,25198
20210417,2호선,구의,14998,14732,29730
20210417,1호선,시청,8996,9416,18412
20210417,2호선,성수,16168,17659,33827
20210417,우이신설선,솔밭공원,1596,1533,3129
20210417,우이신설선,4.19민주묘지,2152,1950,4102
20210417,우이신설선,가오리,2713,2607,5320
20210417,우이신설선,화계,2306,2179,4485
20210417,우이신설선,삼양,1401,1496,2897
20210417,우이신설선,삼양사거리,1740,1686,3426
20210417,우이신설선,북한산우이,2730,2744,5474
20210417,우이신설선,솔샘,3459,3248,6707
20210417,우이신설선,정릉,3204,2783,5987
20210417,우이신설선,성신여대입구,2439,2719,5158
20210417,우이신설선,보문,1041,1055,2096
20210417,2호선,한양대,3646,3713,7359
20210417,우이신설선,신설동,1280,1254,2534
20210417,일산선,원흥,6293,6116,12409
20210417,우이신설선,북한산보국문,4356,3860,8216
20210417,안산선,수리산,2944,2776,5720
20210417,안산선,오이도,7128,7343,14471
20210417,안산선,정왕,6065,6245,12310
20210417,수인선,송도,1901,1860,3761
20210417,수인선,인하대,3833,3681,7514
20210417,수인선,숭의,2563,2451,5014
20210417,수인선,신포,1302,1329,2631
20210417,수인선,인천,993,1785,2778
20210417,안산선,산본,11366,11976,23342
20210417,안산선,대야미,3817,3404,7221
20210417,안산선,반월,3115,2923,6038
20210417,안산선,상록수,11433,11455,22888
20210417,안산선,한대앞,6689,6578,13267
20210417,안산선,중앙,14732,15000,29732
20210417,안산선,고잔,5872,5961,11833
20210417,안산선,초지,3018,3150,6168
20210417,안산선,안산,9407,9857,19264
20210417,안산선,신길온천,1353,1305,2658
20210417,일산선,삼송,12320,11984,24304
20210417,일산선,원당,7662,7366,15028
20210417,일산선,화정,11522,11898,23420
20210417,일산선,대곡,1199,1057,2256
20210417,중앙선,덕소,4305,4328,8633
20210417,중앙선,도심,1592,1373,2965
20210417,중앙선,팔당,1465,1578,3043
20210417,중앙선,운길산,1495,1388,2883
20210417,중앙선,양수,2105,2169,4274
20210417,중앙선,신원,388,318,706
20210417,중앙선,국수,710,737,1447
20210417,중앙선,아신,659,659,1318
20210417,중앙선,오빈,324,311,635
20210417,중앙선,양평,2395,2594,4989
20210417,중앙선,원덕,546,521,1067
20210417,중앙선,용문,1993,2396,4389
20210417,중앙선,지평,46,67,113
20210417,7호선,내방,7388,7197,14585
20210417,5호선,강일,2164,2020,4184
20210417,중앙선,양정,674,556,1230
20210417,수인선,연수,3560,3493,7053
20210417,중앙선,도농,6021,5747,11768
20210417,중앙선,양원,1075,1134,2209
20210417,일산선,백석,6943,7065,14008
20210417,일산선,마두,4638,4644,9282
20210417,일산선,정발산,5552,5741,11293
20210417,일산선,주엽,5706,5765,11471
20210417,일산선,대화,7504,6822,14326
20210417,장항선,봉명,643,635,1278
20210417,장항선,쌍용,1340,1227,2567
20210417,장항선,아산,2615,2562,5177
20210417,장항선,배방,937,842,1779
20210417,장항선,온양온천,3436,3416,6852
20210417,장항선,신창,1034,909,1943
20210417,중앙선,회기,17258,16399,33657
20210417,중앙선,중랑,4063,3945,8008
20210417,중앙선,상봉,4850,4689,9539
20210417,중앙선,망우,6165,6166,12331
20210417,중앙선,구리,9413,9611,19024
20210417,수인선,원인재,3456,3658,7114
20210417,수인선,남동인더스파크,1043,954,1997
20210417,수인선,호구포,2358,2230,4588
20210417,공항철도 1호선,인천공항2터미널,1475,1439,2914
20210417,공항철도 1호선,영종,2578,2755,5333
20210417,과천선,선바위,4680,4223,8903
20210417,과천선,경마공원,988,1001,1989
20210417,과천선,대공원,4526,4714,9240
20210417,과천선,과천,3815,3412,7227
20210417,과천선,정부과천청사,5292,5306,10598
20210417,과천선,인덕원,14141,13691,27832
20210417,과천선,평촌,8539,8268,16807
20210417,과천선,범계,18302,17888,36190
20210417,분당선,선릉,4961,7458,12419
20210417,분당선,한티,10106,9939,20045
20210417,분당선,도곡,4204,3823,8027
20210417,분당선,구룡,1118,1041,2159
20210417,분당선,개포동,2510,2449,4959
20210417,공항철도 1호선,인천공항1터미널,2749,2768,5517
20210417,분당선,대모산입구,2455,2239,4694
20210417,1호선,서울역,26161,26600,52761
20210417,1호선,종각,16102,14981,31083
20210417,2호선,뚝섬,13636,13696,27332
20210417,2호선,왕십리,12436,10514,22950
20210417,2호선,상왕십리,9039,8607,17646
20210417,2호선,신당,10191,10502,20693
20210417,2호선,동대문역사문화공원,8654,9239,17893
20210417,2호선,을지로4가,6718,6678,13396
20210417,2호선,을지로3가,8853,9049,17902
20210417,2호선,을지로입구,18386,17956,36342
20210417,2호선,시청,7526,6433,13959
20210417,1호선,청량리,17188,17177,34365
20210417,1호선,제기동,14438,14864,29302
20210417,1호선,신설동,8440,8160,16600
20210417,1호선,동대문,10009,9011,19020
20210417,1호선,종로5가,16150,16370,32520
20210417,1호선,종로3가,19564,18567,38131
20210417,1호선,동묘앞,10307,10800,21107
20210417,2호선,건대입구,29756,31436,61192
20210417,분당선,수서,9333,9859,19192
20210417,분당선,서울숲,9897,10593,20490
20210417,분당선,청명,2484,2491,4975
20210417,분당선,영통,5640,5656,11296
20210417,분당선,망포,8315,7706,16021
20210417,분당선,매탄권선,3092,2974,6066
20210417,분당선,수원시청,9788,10545,20333
20210417,분당선,매교,1899,1917,3816
20210417,수인선,고색,2013,2097,4110
20210417,수인선,오목천,1795,1556,3351
20210417,수인선,어천,583,527,1110
20210417,수인선,야목,190,194,384
20210417,수인선,사리,3037,2568,5605
20210417,수인선,달월,73,82,155
20210417,수인선,월곶,2035,1883,3918
20210417,수인선,소래포구,5209,5370,10579
20210417,수인선,인천논현,4396,4475,8871
20210417,분당선,상갈,3489,3525,7014
20210417,분당선,수원,7176,5888,13064
20210417,분당선,기흥,6136,5945,12081
20210417,분당선,구성,2846,3007,5853
20210417,분당선,압구정로데오,16857,19215,36072
20210417,분당선,강남구청,4857,5838,10695
20210417,분당선,선정릉,3347,3474,6821
20210417,분당선,가천대,4581,5169,9750
20210417,분당선,태평,9831,9363,19194
20210417,분당선,모란,15023,14861,29884
20210417,분당선,야탑,15828,16730,32558
20210417,분당선,서현,16234,16439,32673
20210417,분당선,수내,7997,7462,15459
20210417,분당선,정자,10064,10229,20293
20210417,분당선,미금,9932,10209,20141
20210417,분당선,오리,7183,5918,13101
20210417,분당선,이매,4104,4015,8119
20210417,분당선,보정,1431,1341,2772
20210417,분당선,죽전,9050,10137,19187
20210417,분당선,신갈,2536,2584,5120
20210417,5호선,미사,10503,10349,20852
20210417,7호선,남성,7370,6766,14136
20210417,5호선,하남시청,4090,4005,8095
20210417,경부선,신도림,2714,2790,5504
20210417,경부선,신길,6064,5063,11127
20210417,경부선,구로,12587,12779,25366
20210417,경부선,가산디지털단지,5702,7740,13442
20210417,경부선,금천구청,7890,7814,15704
20210417,경부선,석수,6463,6073,12536
20210417,경부선,영등포,34828,36167,70995
20210417,경부선,관악,5612,5279,10891
20210417,경부선,명학,4971,4856,9827
20210417,경부선,금정,17522,17348,34870
20210417,경부선,군포,4174,3917,8091
20210417,경부선,의왕,5711,5624,11335
20210417,경부선,성균관대,9553,9313,18866
20210417,경부선,화서,5005,4985,9990
20210417,경부선,안양,16405,16607,33012
20210417,경부선,대방,7390,7468,14858
20210417,경부선,노량진,8213,7463,15676
20210417,경부선,용산,27420,29927,57347
20210417,9호선2~3단계,둔촌오륜,576,554,1130
20210417,9호선2~3단계,중앙보훈병원,3961,3705,7666
20210417,경강선,판교,2736,2507,5243
20210417,경강선,이매,825,677,1502
20210417,경강선,삼동,1420,1333,2753
20210417,경강선,경기광주,4517,4314,8831
20210417,경강선,초월,2004,1830,3834
20210417,경강선,곤지암,1692,1801,3493
20210417,경강선,신둔도예촌,945,992,1937
20210417,경강선,이천,2276,2463,4739
20210417,경강선,부발,1551,1399,2950
20210417,경강선,세종대왕릉,290,371,661
20210417,경강선,여주,1969,2174,4143
20210417,경부선,서울역,4889,1494,6383
20210417,경부선,남영,5626,5771,11397
20210417,경부선,수원,33601,36433,70034
20210417,경부선,독산,8019,8093,16112
20210417,경부선,세류,2273,2321,4594
20210417,경부선,병점,11183,11077,22260
20210417,경원선,응봉,1417,1350,2767
20210417,경원선,왕십리,10861,12512,23373
20210417,경원선,청량리,13897,15575,29472
20210417,경원선,외대앞,5242,5231,10473
20210417,경원선,신이문,5905,5367,11272
20210417,경원선,석계,6260,6730,12990
20210417,경원선,광운대,5265,5063,10328
20210417,경원선,월계,4202,3887,8089
20210417,경원선,녹천,3102,2698,5800
20210417,경원선,방학,6897,6840,13737
20210417,경원선,도봉,4230,3969,8199
20210417,경원선,도봉산,8176,5563,13739
20210417,경원선,망월사,5120,5234,10354
20210417,경원선,회룡,8940,7947,16887
20210417,경원선,의정부,15853,16580,32433
20210417,경원선,옥수,34,30,64
20210417,9호선2~3단계,올림픽공원,3652,3647,7299
20210417,경원선,한남,2642,2448,5090
20210417,경원선,이촌,2792,2100,4892
20210417,경부선,세마,1948,1753,3701
20210417,경부선,오산대,2502,2287,4789
20210417,경부선,오산,8751,8011,16762
20210417,경부선,진위,954,816,1770
20210417,경부선,송탄,4864,4294,9158
20210417,경부선,서정리,5704,4952,10656
20210417,경부선,지제,2446,2392,4838
20210417,경부선,평택,12779,11895,24674
20210417,경부선,성환,2769,2581,5350
20210417,경부선,직산,643,631,1274
20210417,경부선,두정,4727,5059,9786
20210417,경부선,천안,5467,5660,11127
20210417,경부선,당정,3677,3594,7271
20210417,경부선,서동탄,975,1062,2037
20210417,경부선,광명,2160,1990,4150
20210417,경원선,서빙고,1225,1070,2295
20210417,9호선2~3단계,한성백제,1656,1410,3066
20210417,9호선2~3단계,송파나루,3537,3660,7197
20210417,9호선2~3단계,석촌,5969,4963,10932
20210417,7호선,상동,9315,9322,18637
20210417,7호선,삼산체육관,3283,3120,6403
20210417,7호선,굴포천,5821,6060,11881
20210417,7호선,부평구청,6614,5961,12575
20210417,8호선,암사,11825,11087,22912
20210417,8호선,천호,11252,13341,24593
20210417,8호선,강동구청,5535,5635,11170
20210417,8호선,몽촌토성,3791,3846,7637
20210417,8호선,잠실,10893,12420,23313
20210417,8호선,석촌,5411,6553,11964
20210417,8호선,송파,5227,5212,10439
20210417,8호선,가락시장,5277,5380,10657
20210417,8호선,문정,8281,8557,16838
20210417,8호선,장지,11419,10727,22146
20210417,8호선,복정,6511,5683,12194
20210417,7호선,부천시청,8861,8596,17457
20210417,8호선,산성,4614,4432,9046
20210417,7호선,신중동,9036,9002,18038
20210417,7호선,부천종합운동장,2990,2756,5746
20210417,7호선,천왕,6312,5985,12297
20210417,5호선,하남풍산,2582,2634,5216
20210417,7호선,숭실대입구,7778,7907,15685
20210417,7호선,상도,6984,6535,13519
20210417,7호선,장승배기,6633,6340,12973
20210417,7호선,신대방삼거리,10853,10093,20946
20210417,7호선,보라매,6122,5859,11981
20210417,7호선,신풍,7916,7611,15527
20210417,7호선,대림,6611,6993,13604
20210417,7호선,남구로,7909,8366,16275
20210417,7호선,가산디지털단지,14009,12709,26718
20210417,7호선,철산,14124,14421,28545
20210417,7호선,광명사거리,15706,15701,31407
20210417,7호선,온수,5245,5285,10530
20210417,7호선,까치울,5023,4994,10017
20210417,7호선,춘의,4898,4610,9508
20210417,경원선,가능,4600,4597,9197
20210417,8호선,남한산성입구,8259,7565,15824
20210417,8호선,신흥,3396,3767,7163
20210417,9호선,노들,2867,2452,5319
20210417,9호선,흑석,4854,4878,9732
20210417,9호선,동작,1300,1031,2331
20210417,9호선,구반포,2007,2161,4168
20210417,9호선,신반포,2365,2288,4653
20210417,9호선,고속터미널,10795,14903,25698
20210417,9호선,사평,2069,2000,4069
20210417,9호선,신논현,23335,22867,46202
20210417,9호선2~3단계,언주,5324,5295,10619
20210417,9호선2~3단계,선정릉,4429,4914,9343
20210417,9호선2~3단계,삼성중앙,2831,2833,5664
20210417,9호선2~3단계,봉은사,9082,9435,18517
20210417,9호선2~3단계,종합운동장,3149,2648,5797
20210417,9호선2~3단계,삼전,4454,4190,8644
20210417,9호선2~3단계,석촌고분,3824,3629,7453
20210417,9호선,노량진,20274,20091,40365
20210417,8호선,단대오거리,7096,6628,13724
20210417,9호선,샛강,2554,2392,4946
20210417,9호선,국회의사당,3779,4014,7793
20210417,8호선,수진,4066,3532,7598
20210417,8호선,모란,3256,2701,5957
20210417,9호선,개화,1317,1087,2404
20210417,9호선,김포공항,7386,11983,19369
20210417,9호선,공항시장,1956,2140,4096
20210417,9호선,신방화,4321,4138,8459
20210417,9호선,마곡나루,7335,7234,14569
20210417,9호선,양천향교,5681,5502,11183
20210417,9호선,가양,13046,12307,25353
20210417,9호선,증미,3784,3838,7622
20210417,9호선,등촌,6770,6415,13185
20210417,9호선,염창,10958,10402,21360
20210417,9호선,신목동,2191,1939,4130
20210417,9호선,선유도,3692,3659,7351
20210417,9호선,당산,12002,10989,22991
20210417,9호선,여의도,11867,11081,22948
20210417,경원선,녹양,3235,3100,6335
20210417,7호선,이수,11262,10598,21860
20210417,경원선,덕계,2099,1939,4038
20210417,7호선,면목,10488,10259,20747
20210417,7호선,상봉,12662,11934,24596
20210417,7호선,중화,7723,7445,15168
20210417,7호선,먹골,7473,7359,14832
20210417,7호선,태릉입구,6035,5420,11455
20210417,7호선,공릉,8419,8295,16714
20210417,7호선,사가정,11757,11548,23305
20210417,7호선,하계,11278,10506,21784
20210417,7호선,노원,14678,14961,29639
20210417,7호선,마들,8277,7827,16104
20210417,7호선,수락산,9474,9413,18887
20210417,7호선,도봉산,5954,8328,14282
20210417,7호선,장암,1414,1064,2478
20210417,6호선,봉화산,4820,4673,9493
20210417,7호선,중계,8675,7825,16500
20210417,7호선,용마산,4138,4260,8398
20210417,7호선,중곡,6739,6284,13023
20210417,7호선,군자,9864,7506,17370
20210417,공항철도 1호선,김포공항,10432,5833,16265
20210417,공항철도 1호선,계양,5818,5366,11184
20210417,공항철도 1호선,검암,4179,4321,8500
20210417,공항철도 1호선,청라국제도시,3551,3472,7023
20210417,공항철도 1호선,운서,5345,5290,10635
20210417,공항철도 1호선,공항화물청사,1267,1326,2593
20210417,7호선,고속터미널,12721,10035,22756
20210417,7호선,반포,4170,4073,8243
20210417,7호선,논현,10549,11486,22035
20210417,7호선,학동,10060,10636,20696
20210417,7호선,강남구청,9374,10287,19661
20210417,7호선,청담,10779,11378,22157
20210417,7호선,뚝섬유원지,6302,6119,12421
20210417,7호선,건대입구,9741,9758,19499
20210417,7호선,어린이대공원,8251,7853,16104
20210417,6호선,태릉입구,3827,3966,7793
20210417,6호선,석계,8345,8390,16735
20210417,6호선,돌곶이,5415,5202,10617
20210417,6호선,상월곡,3835,3376,7211
20210417,6호선,합정,11070,10422,21492
20210417,6호선,망원,11287,12512,23799
20210417,6호선,마포구청,8662,7681,16343
20210417,6호선,월드컵경기장,5094,5267,10361
20210417,6호선,디지털미디어시티,6663,6858,13521
20210417,6호선,증산,6842,6804,13646
20210417,6호선,새절,9012,8634,17646
20210417,6호선,구산,5115,3951,9066
20210417,6호선,연신내,1,0,1
20210417,6호선,독바위,1897,2143,4040
20210417,6호선,불광,3735,3437,7172
20210417,6호선,역촌,2363,2719,5082
20210417,6호선,응암,11552,11446,22998
20210417,5호선,하남검단산,4589,4767,9356
20210417,경원선,양주,5776,5565,11341
20210417,6호선,상수,6577,7610,14187
20210417,공항철도 1호선,마곡나루,2755,3109,5864
20210417,6호선,광흥창,4928,4613,9541
20210417,6호선,공덕,9179,8616,17795
20210417,6호선,월곡,6688,6637,13325
20210417,6호선,고려대,5000,4765,9765
20210417,6호선,안암,5627,5431,11058
20210417,6호선,보문,4799,4271,9070
20210417,6호선,창신,2235,1902,4137
20210417,6호선,동묘앞,7403,6795,14198
20210417,6호선,신당,5832,4903,10735
20210417,6호선,청구,2361,2398,4759
20210417,6호선,약수,2263,2317,4580
20210417,6호선,버티고개,1444,1523,2967
20210417,6호선,한강진,7230,8386,15616
20210417,6호선,이태원,10519,11093,21612
20210417,6호선,녹사평,4763,4729,9492
20210417,6호선,삼각지,4298,3354,7652
20210417,6호선,효창공원앞,4274,3737,8011
20210417,6호선,대흥,5150,4988,10138
20210417,공항철도 1호선,디지털미디어시티,4883,4657,9540
20210417,6호선,화랑대,6859,5836,12695
20210417,공항철도 1호선,공덕,1295,1870,3165
20210417,경의선,백마,3881,3787,7668
20210417,경의선,풍산,3908,3701,7609
20210417,경의선,일산,5442,5264,10706
20210417,경의선,탄현,4636,4555,9191
20210417,경의선,야당,4750,4650,9400
20210417,경의선,운정,4120,4002,8122
20210417,경의선,금릉,3429,3308,6737
20210417,경의선,금촌,5047,4868,9915
20210417,경의선,월롱,1254,1160,2414
20210417,경의선,파주,824,671,1495
20210417,경의선,문산,4090,4069,8159
20210417,경의선,임진강,30,41,71
20210417,경인선,개봉,15126,14997,30123
20210417,경인선,오류동,8554,7739,16293
20210417,경인선,역곡,19088,18629,37717
20210417,경의선,능곡,2486,2471,4957
20210417,경인선,부천,26941,27758,54699
20210417,경의선,행신,4683,4673,9356
20210417,경의선,화전,1022,976,1998
20210417,공항철도 1호선,홍대입구,9493,9242,18735
20210417,경원선,지행,4878,4842,9720
20210417,경원선,동두천중앙,2364,2388,4752
20210417,경원선,보산,2097,1833,3930
20210417,경원선,동두천,1534,2136,3670
20210417,경원선,소요산,3531,2941,6472
20210417,경의선,서울역,1113,1241,2354
20210417,경의선,신촌,303,304,607
20210417,경의선,효창공원앞,1560,1807,3367
20210417,경의선,공덕,2056,1684,3740
20210417,경의선,서강대,1530,1440,2970
20210417,경의선,홍대입구,1501,1759,3260
20210417,경의선,가좌,3576,3405,6981
20210417,경의선,디지털미디어시티,1755,1583,3338
20210417,경의선,수색,1328,1319,2647
20210417,경의선,강매,1756,1658,3414
20210417,경인선,송내,16977,16799,33776
20210417,경의선,곡산,383,378,761
20210417,경원선,덕정,4005,3875,7880
20210417,경춘선,금곡,1047,969,2016
20210417,경춘선,평내호평,4141,4002,8143
20210417,경춘선,천마산,1282,1290,2572
20210417,경춘선,마석,2895,2916,5811
20210417,경춘선,대성리,564,635,1199
20210417,경춘선,청평,1544,1658,3202
20210417,경춘선,상천,563,495,1058
20210417,경춘선,가평,1502,1671,3173
20210417,경춘선,굴봉산,287,334,621
20210417,경춘선,백양리,196,155,351
20210417,경춘선,강촌,723,734,1457
20210417,경춘선,김유정,452,550,1002
20210417,경춘선,남춘천,2795,2905,5700
20210417,경춘선,춘천,1279,1228,2507
20210417,경인선,부평,27770,29933,57703
20210417,경춘선,사릉,2171,2100,4271
20210417,경춘선,퇴계원,2371,2227,4598
20210417,공항철도 1호선,서울역,5839,6265,12104
20210417,경춘선,갈매,1736,1517,3253
20210417,경춘선,별내,1936,1873,3809
20210417,경인선,동암,11762,11822,23584
20210417,경인선,주안,14622,13074,27696
20210417,경인선,제물포,7033,6780,13813
20210417,경인선,동인천,10751,10648,21399
20210417,경인선,인천,3723,3093,6816
20210417,경인선,구일,4435,4276,8711
20210417,경인선,소사,7332,7058,14390
20210417,경인선,백운,5174,5056,10230
20210417,경인선,간석,4113,3959,8072
20210417,경인선,도원,2437,2439,4876
20210417,경인선,온수,4665,4352,9017
20210417,경인선,중동,6143,5843,11986
20210417,경인선,도화,2870,2650,5520
20210417,경춘선,신내,1046,1014,2060
20210417,경인선,부개,6101,5701,11802
20210418,6호선,마포구청,6452,6106,12558
20210418,6호선,월드컵경기장,4179,4142,8321
20210418,6호선,디지털미디어시티,4791,5062,9853
20210418,6호선,증산,5319,5465,10784
20210418,6호선,새절,6053,5964,12017
20210418,5호선,미사,7764,7742,15506
20210418,6호선,구산,3524,2722,6246
20210418,6호선,역촌,1753,2157,3910
20210418,6호선,불광,2869,2544,5413
20210418,6호선,응암,8538,9059,17597
20210418,5호선,하남검단산,4911,4895,9806
20210418,5호선,하남시청,3104,2999,6103
20210418,5호선,하남풍산,2035,2083,4118
20210418,6호선,망원,9096,9751,18847
20210418,6호선,독바위,1578,2008,3586
20210418,6호선,합정,8321,7400,15721
20210418,6호선,한강진,5643,6315,11958
20210418,6호선,광흥창,3806,3779,7585
20210418,5호선,강일,1691,1593,3284
20210418,6호선,안암,4062,4401,8463
20210418,6호선,보문,3590,3494,7084
20210418,6호선,창신,1530,1370,2900
20210418,6호선,동묘앞,6046,5873,11919
20210418,6호선,신당,3155,4000,7155
20210418,6호선,청구,1641,1653,3294
20210418,6호선,약수,1545,1539,3084
20210418,6호선,버티고개,1057,1233,2290
20210418,6호선,이태원,8135,7810,15945
20210418,6호선,녹사평,3786,3623,7409
20210418,6호선,삼각지,3029,2179,5208
20210418,6호선,효창공원앞,3051,2880,5931
20210418,6호선,공덕,6267,5866,12133
20210418,6호선,대흥,3328,3480,6808
20210418,6호선,상수,4824,5480,10304
20210418,5호선,마천,3235,3561,6796
20210418,5호선,신길,1771,1998,3769
20210418,5호선,개롱,2840,3126,5966
20210418,5호선,행당,3693,3256,6949
20210418,5호선,신금호,2648,2881,5529
20210418,5호선,청구,1671,1547,3218
20210418,5호선,동대문역사문화공원,588,754,1342
20210418,5호선,을지로4가,1421,1470,2891
20210418,5호선,종로3가,7231,6745,13976
20210418,5호선,광화문,9609,9364,18973
20210418,5호선,서대문,4363,4267,8630
20210418,5호선,충정로,1328,1410,2738
20210418,5호선,애오개,2503,2621,5124
20210418,5호선,공덕,4199,4220,8419
20210418,5호선,마포,4470,4446,8916
20210418,5호선,여의나루,10904,12481,23385
20210418,5호선,여의도,8016,7648,15664
20210418,6호선,고려대,3519,3468,6987
20210418,5호선,왕십리,2379,2535,4914
20210418,5호선,거여,3462,3442,6904
20210418,5호선,마장,2648,2570,5218
20210418,5호선,장한평,6683,6677,13360
20210418,5호선,오금,1503,1353,2856
20210418,5호선,방이,3575,3525,7100
20210418,5호선,올림픽공원,2182,1904,4086
20210418,5호선,둔촌동,4199,4383,8582
20210418,5호선,상일동,6486,6221,12707
20210418,5호선,고덕,4038,4052,8090
20210418,5호선,명일,4364,4409,8773
20210418,5호선,굽은다리,4991,4650,9641
20210418,5호선,길동,3872,4077,7949
20210418,5호선,강동,8370,8385,16755
20210418,분당선,선정릉,2146,2255,4401
20210418,5호선,천호,11624,10718,22342
20210418,5호선,광나루,7250,7068,14318
20210418,5호선,아차산,11209,11395,22604
20210418,5호선,군자,5527,6223,11750
20210418,5호선,답십리,6769,6440,13209
20210418,6호선,월곡,5089,5009,10098
20210418,8호선,모란,2382,2047,4429
20210418,6호선,돌곶이,4348,4369,8717
20210418,7호선,삼산체육관,2242,2190,4432
20210418,7호선,상동,6330,6065,12395
20210418,7호선,부천시청,6055,6097,12152
20210418,7호선,신중동,6373,6151,12524
20210418,7호선,춘의,3267,3106,6373
20210418,7호선,부천종합운동장,2304,2140,4444
20210418,7호선,까치울,3926,3882,7808
20210418,7호선,온수,3648,3730,7378
20210418,7호선,천왕,4611,4466,9077
20210418,7호선,광명사거리,11466,11277,22743
20210418,7호선,철산,9465,9531,18996
20210418,7호선,가산디지털단지,10272,9413,19685
20210418,7호선,남구로,6312,6173,12485
20210418,7호선,대림,6193,5825,12018
20210418,7호선,신풍,5574,5272,10846
20210418,7호선,굴포천,4221,4164,8385
20210418,7호선,보라매,4600,4848,9448
20210418,7호선,부평구청,4658,4016,8674
20210418,8호선,천호,8069,9203,17272
20210418,5호선,영등포시장,4275,4585,8860
20210418,8호선,수진,2718,2483,5201
20210418,8호선,신흥,2657,2730,5387
20210418,8호선,단대오거리,4988,5141,10129
20210418,8호선,남한산성입구,6310,5894,12204
20210418,8호선,산성,3678,3708,7386
20210418,8호선,복정,4655,4464,9119
20210418,8호선,장지,8182,8433,16615
20210418,8호선,문정,5146,5518,10664
20210418,8호선,가락시장,2997,3824,6821
20210418,8호선,송파,3108,3322,6430
20210418,8호선,석촌,3751,4562,8313
20210418,8호선,잠실,8409,8979,17388
20210418,8호선,몽촌토성,3148,3120,6268
20210418,8호선,강동구청,3979,4199,8178
20210418,8호선,암사,8471,8055,16526
20210418,6호선,상월곡,2962,2745,5707
20210418,7호선,신대방삼거리,7304,7276,14580
20210418,7호선,상도,4751,4838,9589
20210418,7호선,중화,5551,5416,10967
20210418,7호선,먹골,5072,4970,10042
20210418,7호선,태릉입구,4643,4184,8827
20210418,7호선,공릉,5853,6089,11942
20210418,7호선,하계,8327,8016,16343
20210418,7호선,중계,6284,5761,12045
20210418,7호선,노원,9889,10053,19942
20210418,7호선,마들,5463,5047,10510
20210418,7호선,수락산,8341,8355,16696
20210418,7호선,도봉산,5587,8287,13874
20210418,7호선,장암,1408,1068,2476
20210418,6호선,봉화산,3665,3611,7276
20210418,6호선,화랑대,4560,3972,8532
20210418,6호선,태릉입구,2806,3069,5875
20210418,6호선,석계,5962,6237,12199
20210418,7호선,상봉,9026,8660,17686
20210418,7호선,장승배기,4904,4933,9837
20210418,7호선,면목,7565,7552,15117
20210418,7호선,용마산,3187,3743,6930
20210418,7호선,숭실대입구,5189,5601,10790
20210418,7호선,남성,5016,5074,10090
20210418,7호선,이수,7520,7133,14653
20210418,7호선,내방,4709,4769,9478
20210418,7호선,고속터미널,10919,6838,17757
20210418,7호선,반포,2672,2659,5331
20210418,7호선,논현,5783,6256,12039
20210418,7호선,학동,5177,5575,10752
20210418,7호선,강남구청,4985,5409,10394
20210418,7호선,청담,6396,6643,13039
20210418,7호선,뚝섬유원지,7845,7878,15723
20210418,7호선,건대입구,7200,6908,14108
20210418,7호선,어린이대공원,7308,7630,14938
20210418,7호선,군자,7107,5622,12729
20210418,7호선,중곡,4865,4601,9466
20210418,7호선,사가정,8824,8522,17346
20210418,5호선,영등포구청,1246,1246,2492
20210418,2호선,용두,1144,1129,2273
20210418,5호선,오목교,10532,10884,21416
20210418,2호선,방배,6128,6525,12653
20210418,2호선,서초,9565,9035,18600
20210418,2호선,교대,9415,10396,19811
20210418,2호선,강남,30176,28916,59092
20210418,2호선,역삼,10342,11247,21589
20210418,2호선,선릉,11856,10425,22281
20210418,2호선,사당,18773,20976,39749
20210418,2호선,삼성,16773,16345,33118
20210418,2호선,잠실새내,9739,9932,19671
20210418,2호선,잠실,39482,37061,76543
20210418,2호선,잠실나루,4656,4722,9378
20210418,2호선,강변,18803,18379,37182
20210418,2호선,구의,10604,10656,21260
20210418,2호선,건대입구,22948,23224,46172
20210418,2호선,종합운동장,4100,4649,8749
20210418,2호선,낙성대,14374,14883,29257
20210418,2호선,서울대입구,25088,25835,50923
20210418,2호선,봉천,11491,11196,22687
20210418,2호선,용답,1461,1487,2948
20210418,2호선,충정로,3554,3795,7349
20210418,2호선,아현,4872,4859,9731
20210418,2호선,이대,5802,6269,12071
20210418,2호선,신촌,18239,17605,35844
20210418,2호선,홍대입구,37447,36959,74406
20210418,2호선,합정,17821,18461,36282
20210418,2호선,당산,8255,9052,17307
20210418,2호선,영등포구청,7663,7898,15561
20210418,2호선,문래,7077,7435,14512
20210418,2호선,신도림,26473,26497,52970
20210418,2호선,대림,13774,14081,27855
20210418,2호선,구로디지털단지,21532,21268,42800
20210418,2호선,신대방,14669,14665,29334
20210418,2호선,신림,34142,33519,67661
20210418,2호선,성수,12200,12860,25060
20210418,2호선,뚝섬,11871,11324,23195
20210418,2호선,한양대,2030,2373,4403
20210418,2호선,왕십리,8373,7030,15403
20210418,분당선,수원,5511,4250,9761
20210418,분당선,복정,1,0,1
20210418,분당선,수서,7806,7341,15147
20210418,분당선,대모산입구,1441,1388,2829
20210418,분당선,개포동,1800,1793,3593
20210418,분당선,구룡,634,714,1348
20210418,분당선,도곡,2378,2229,4607
20210418,분당선,한티,6443,6467,12910
20210418,분당선,선릉,2640,3920,6560
20210418,과천선,범계,12665,12229,24894
20210418,과천선,평촌,5548,5414,10962
20210418,과천선,인덕원,10182,10018,20200
20210418,과천선,정부과천청사,3813,4152,7965
20210418,과천선,과천,2907,2623,5530
20210418,9호선,개화,1055,975,2030
20210418,분당선,서울숲,10472,12207,22679
20210418,2호선,신답,711,781,1492
20210418,분당선,압구정로데오,9343,10209,19552
20210418,1호선,서울역,23488,19721,43209
20210418,2호선,상왕십리,6324,6345,12669
20210418,2호선,신당,7390,8055,15445
20210418,2호선,동대문역사문화공원,6394,7714,14108
20210418,2호선,을지로4가,2818,2766,5584
20210418,2호선,을지로3가,6486,5687,12173
20210418,2호선,을지로입구,13761,12845,26606
20210418,2호선,시청,5169,4064,9233
20210418,1호선,청량리,12719,12568,25287
20210418,1호선,신설동,6952,6884,13836
20210418,1호선,동대문,9000,9583,18583
20210418,1호선,종로5가,8127,8258,16385
20210418,1호선,종로3가,12927,11380,24307
20210418,1호선,종각,10912,9427,20339
20210418,1호선,시청,6575,6472,13047
20210418,1호선,동묘앞,12894,13358,26252
20210418,1호선,제기동,9351,9849,19200
20210418,2호선,신설동,2861,2957,5818
20210418,2호선,도림천,478,499,977
20210418,2호선,양천구청,2918,3013,5931
20210418,4호선,총신대입구,9337,10308,19645
20210418,4호선,동작,1841,1870,3711
20210418,4호선,이촌,4338,4967,9305
20210418,4호선,신용산,6484,6227,12711
20210418,4호선,삼각지,1908,2404,4312
20210418,4호선,숙대입구,6016,5872,11888
20210418,4호선,서울역,3638,7409,11047
20210418,4호선,회현,7481,7869,15350
20210418,4호선,명동,9327,9653,18980
20210418,4호선,충무로,7427,7640,15067
20210418,4호선,동대문역사문화공원,7666,7420,15086
20210418,4호선,동대문,6786,7227,14013
20210418,4호선,혜화,17510,18109,35619
20210418,4호선,한성대입구,6980,7092,14072
20210418,4호선,성신여대입구,10987,10487,21474
20210418,4호선,사당,12980,12237,25217
20210418,4호선,길음,9275,9007,18282
20210418,4호선,남태령,569,510,1079
20210418,4호선,상계,9825,9356,19181
20210418,5호선,목동,7024,7288,14312
20210418,5호선,신정,5833,5299,11132
20210418,5호선,까치산,14782,14634,29416
20210418,5호선,화곡,13256,12424,25680
20210418,5호선,우장산,6118,6383,12501
20210418,5호선,발산,7822,8272,16094
20210418,5호선,마곡,3208,3350,6558
20210418,5호선,송정,3555,3604,7159
20210418,5호선,김포공항,6738,6122,12860
20210418,분당선,강남구청,2765,3396,6161
20210418,5호선,개화산,2557,2694,5251
20210418,5호선,방화,3304,3283,6587
20210418,4호선,쌍문,14412,13284,27696
20210418,4호선,창동,13558,14250,27808
20210418,4호선,노원,10608,11195,21803
20210418,4호선,당고개,7308,6861,14169
20210418,5호선,양평,2465,2611,5076
20210418,4호선,미아사거리,15012,14584,29596
20210418,4호선,수유,18411,17572,35983
20210418,3호선,약수,6162,6034,12196
20210418,3호선,동대입구,4728,5420,10148
20210418,3호선,을지로3가,2739,2639,5378
20210418,3호선,종로3가,3343,4269,7612
20210418,3호선,안국,8885,9579,18464
20210418,3호선,경복궁,10340,10892,21232
20210418,3호선,독립문,4136,4976,9112
20210418,3호선,무악재,1807,1971,3778
20210418,3호선,홍제,8492,8237,16729
20210418,3호선,녹번,6529,5794,12323
20210418,3호선,불광,9325,11114,20439
20210418,3호선,연신내,20497,19278,39775
20210418,3호선,구파발,10657,11098,21755
20210418,3호선,지축,1787,1710,3497
20210418,2호선,신정네거리,4699,4871,9570
20210418,3호선,금호,4175,4004,8179
20210418,4호선,미아,7617,7198,14815
20210418,3호선,옥수,5050,5348,10398
20210418,3호선,신사,12444,12133,24577
20210418,3호선,오금,2515,2504,5019
20210418,3호선,경찰병원,2515,2681,5196
20210418,3호선,가락시장,3482,3741,7223
20210418,3호선,수서,9619,9461,19080
20210418,3호선,일원,2962,3119,6081
20210418,3호선,대청,3589,3586,7175
20210418,3호선,학여울,1279,1429,2708
20210418,3호선,대치,4757,4328,9085
20210418,3호선,도곡,1783,1942,3725
20210418,3호선,매봉,3780,3918,7698
20210418,3호선,양재,12331,14238,26569
20210418,3호선,남부터미널,12205,12938,25143
20210418,3호선,교대,3588,2213,5801
20210418,3호선,고속터미널,35600,32425,68025
20210418,3호선,잠원,2115,2230,4345
20210418,3호선,압구정,12887,13321,26208
20210418,9호선,김포공항,7248,10175,17423
20210418,9호선,공항시장,1522,1642,3164
20210418,9호선,신방화,3073,3100,6173
20210418,장항선,봉명,434,487,921
20210418,일산선,대화,5563,5081,10644
20210418,일산선,주엽,4119,3935,8054
20210418,일산선,정발산,4786,4554,9340
20210418,일산선,마두,3093,3154,6247
20210418,일산선,백석,5079,5026,10105
20210418,장항선,쌍용,1027,1101,2128
20210418,일산선,대곡,1006,844,1850
20210418,일산선,삼송,9351,9018,18369
20210418,일산선,원흥,4758,4600,9358
20210418,우이신설선,신설동,1161,1144,2305
20210418,우이신설선,보문,907,910,1817
20210418,우이신설선,성신여대입구,1931,2116,4047
20210418,우이신설선,정릉,2547,2214,4761
20210418,일산선,원당,5902,5747,11649
20210418,장항선,아산,2629,1788,4417
20210418,장항선,배방,650,812,1462
20210418,장항선,온양온천,2869,2767,5636
20210418,중앙선,신원,494,335,829
20210418,중앙선,양수,2139,2027,4166
20210418,중앙선,운길산,1895,1650,3545
20210418,중앙선,팔당,1875,2049,3924
20210418,중앙선,도심,1263,1178,2441
20210418,중앙선,덕소,3499,3575,7074
20210418,중앙선,양정,595,515,1110
20210418,중앙선,도농,4575,4557,9132
20210418,중앙선,구리,7211,7445,14656
20210418,중앙선,양원,907,1039,1946
20210418,중앙선,망우,4612,4709,9321
20210418,중앙선,상봉,4060,3836,7896
20210418,중앙선,중랑,3311,3251,6562
20210418,중앙선,회기,13035,13267,26302
20210418,장항선,신창,879,1084,1963
20210418,우이신설선,북한산보국문,3399,3195,6594
20210418,우이신설선,솔샘,2469,2369,4838
20210418,우이신설선,삼양사거리,1420,1407,2827
20210418,우이신설선,삼양,1180,1203,2383
20210418,수인선,신포,1074,1066,2140
20210418,수인선,숭의,1908,1787,3695
20210418,수인선,인하대,2775,2745,5520
20210418,수인선,야목,160,160,320
20210418,수인선,어천,460,529,989
20210418,수인선,오목천,1187,1193,2380
20210418,수인선,고색,1322,1485,2807
20210418,분당선,매교,1354,1415,2769
20210418,분당선,수원시청,6442,6362,12804
20210418,분당선,매탄권선,2139,2156,4295
20210418,분당선,망포,5494,5894,11388
20210418,분당선,영통,4055,4012,8067
20210418,분당선,청명,1735,1774,3509
20210418,분당선,상갈,2726,2712,5438
20210418,분당선,기흥,4328,4198,8526
20210418,수인선,인천,1132,1577,2709
20210418,중앙선,국수,847,721,1568
20210418,안산선,산본,8110,8556,16666
20210418,안산선,반월,2387,2353,4740
20210418,우이신설선,화계,1998,1878,3876
20210418,우이신설선,가오리,2237,2135,4372
20210418,우이신설선,4.19민주묘지,2027,1777,3804
20210418,우이신설선,솔밭공원,1352,1332,2684
20210418,우이신설선,북한산우이,3351,3494,6845
20210418,안산선,수리산,2427,2913,5340
20210418,안산선,오이도,5417,5451,10868
20210418,안산선,정왕,4687,5175,9862
20210418,안산선,신길온천,1131,1018,2149
20210418,안산선,안산,9430,8753,18183
20210418,안산선,초지,2247,2197,4444
20210418,안산선,고잔,4138,4121,8259
20210418,안산선,중앙,10381,10263,20644
20210418,안산선,한대앞,4783,4772,9555
20210418,안산선,상록수,8539,8369,16908
20210418,안산선,대야미,3283,2740,6023
20210418,중앙선,오빈,308,276,584
20210418,중앙선,양평,4366,3912,8278
20210418,중앙선,원덕,612,506,1118
20210418,경춘선,남춘천,1999,2183,4182
20210418,경춘선,김유정,511,533,1044
20210418,경춘선,강촌,1032,913,1945
20210418,경춘선,백양리,202,207,409
20210418,경춘선,굴봉산,417,429,846
20210418,경춘선,가평,1802,1538,3340
20210418,경춘선,상천,764,577,1341
20210418,경춘선,청평,1956,1627,3583
20210418,경춘선,대성리,824,692,1516
20210418,경춘선,마석,3133,3234,6367
20210418,경춘선,천마산,1145,1180,2325
20210418,경춘선,평내호평,3457,3386,6843
20210418,경춘선,금곡,902,869,1771
20210418,경춘선,사릉,1680,1699,3379
20210418,경춘선,퇴계원,2147,1943,4090
20210418,경춘선,춘천,1648,1388,3036
20210418,경춘선,별내,1667,1537,3204
20210418,공항철도 1호선,서울역,6236,5339,11575
20210418,공항철도 1호선,홍대입구,8032,7007,15039
20210418,일산선,화정,8535,8853,17388
20210418,과천선,대공원,6346,6560,12906
20210418,과천선,경마공원,940,919,1859
20210418,과천선,선바위,3476,3237,6713
20210418,공항철도 1호선,영종,2186,2145,4331
20210418,공항철도 1호선,인천공항2터미널,1439,1433,2872
20210418,공항철도 1호선,인천공항1터미널,2767,2786,5553
20210418,공항철도 1호선,공항화물청사,968,1057,2025
20210418,공항철도 1호선,운서,4453,4793,9246
20210418,공항철도 1호선,청라국제도시,2663,2601,5264
20210418,공항철도 1호선,검암,3378,3644,7022
20210418,공항철도 1호선,계양,4361,4210,8571
20210418,공항철도 1호선,김포공항,10901,5555,16456
20210418,공항철도 1호선,마곡나루,2378,2553,4931
20210418,공항철도 1호선,디지털미디어시티,3235,3280,6515
20210418,공항철도 1호선,공덕,1025,1295,2320
20210418,분당선,신갈,1755,1814,3569
20210418,경춘선,갈매,1405,1185,2590
20210418,경인선,도화,2234,2008,4242
20210418,경의선,임진강,74,56,130
20210418,경의선,문산,3217,3297,6514
20210418,경의선,파주,688,625,1313
20210418,경의선,월롱,841,1341,2182
20210418,경의선,금촌,3768,3958,7726
20210418,경의선,금릉,2621,2614,5235
20210418,경의선,운정,3331,3185,6516
20210418,경의선,야당,3931,3734,7665
20210418,경의선,탄현,3604,3411,7015
20210418,경의선,일산,5347,5126,10473
20210418,경의선,풍산,3239,3155,6394
20210418,경의선,백마,2973,2996,5969
20210418,경의선,곡산,347,323,670
20210418,중앙선,지평,72,85,157
20210418,중앙선,용문,2637,2160,4797
20210418,경인선,개봉,10802,10771,21573
20210418,경춘선,신내,855,867,1722
20210418,경인선,오류동,6626,6388,13014
20210418,경인선,부천,20928,20307,41235
20210418,경인선,중동,4512,4315,8827
20210418,경인선,온수,3453,3265,6718
20210418,경인선,도원,1584,1623,3207
20210418,경인선,간석,2937,2830,5767
20210418,경인선,부개,4370,4142,8512
20210418,경인선,소사,5411,5086,10497
20210418,경인선,구일,3115,3182,6297
20210418,경인선,인천,3811,3092,6903
20210418,경인선,동인천,8747,8365,17112
20210418,경인선,제물포,5178,5118,10296
20210418,경인선,주안,10618,9360,19978
20210418,경인선,동암,8951,8997,17948
20210418,경인선,백운,3711,3721,7432
20210418,경인선,부평,20863,21158,42021
20210418,경인선,송내,12016,11794,23810
20210418,경인선,역곡,13223,13180,26403
20210418,분당선,구성,2091,2270,4361
20210418,중앙선,아신,693,655,1348
20210418,분당선,보정,949,912,1861
20210418,경부선,신길,4496,3965,8461
20210418,경부선,신도림,2134,2175,4309
20210418,경부선,영등포,27761,26648,54409
20210418,경부선,대방,5369,5784,11153
20210418,경부선,노량진,5504,5411,10915
20210418,경부선,용산,25814,22638,48452
20210418,경부선,남영,3775,4002,7777
20210418,경부선,서울역,5733,1145,6878
20210418,경강선,여주,1952,1825,3777
20210418,경강선,세종대왕릉,289,258,547
20210418,경강선,부발,1086,1736,2822
20210418,경강선,이천,1695,1939,3634
20210418,경강선,신둔도예촌,826,776,1602
20210418,경강선,곤지암,1407,1604,3011
20210418,경강선,초월,1430,1415,2845
20210418,경부선,구로,8899,8869,17768
20210418,경강선,경기광주,3386,3313,6699
20210418,경부선,가산디지털단지,4371,5965,10336
20210418,경부선,석수,5150,4930,10080
20210418,경부선,오산,7346,7980,15326
20210418,경부선,오산대,2024,1958,3982
20210418,경부선,세마,1543,1435,2978
20210418,경부선,병점,8083,8917,17000
20210418,경부선,세류,1754,1853,3607
20210418,경부선,독산,5534,5656,11190
20210418,경부선,수원,29670,28319,57989
20210418,경부선,화서,3541,3503,7044
20210418,경부선,성균관대,6750,7236,13986
20210418,경부선,의왕,4026,4036,8062
20210418,경부선,군포,2888,2748,5636
20210418,경부선,금정,12599,12867,25466
20210418,경부선,명학,3256,3201,6457
20210418,경부선,안양,12460,12119,24579
20210418,경부선,관악,4649,4314,8963
20210418,경부선,금천구청,5922,5906,11828
20210418,경부선,진위,774,810,1584
20210418,경강선,삼동,883,915,1798
20210418,경강선,판교,2043,1846,3889
20210418,9호선,흑석,3384,3642,7026
20210418,9호선,노들,2357,2200,4557
20210418,9호선,노량진,13547,14601,28148
20210418,9호선,샛강,1564,1487,3051
20210418,9호선,여의도,8370,7397,15767
20210418,9호선,국회의사당,4059,3780,7839
20210418,9호선,당산,7970,7851,15821
20210418,9호선,선유도,2782,2752,5534
20210418,9호선,신목동,1548,1365,2913
20210418,9호선,염창,7606,7590,15196
20210418,9호선,등촌,4844,4992,9836
20210418,9호선,증미,2783,2876,5659
20210418,9호선,가양,9171,9148,18319
20210418,9호선,양천향교,3836,4127,7963
20210418,분당선,죽전,7008,7941,14949
20210418,9호선,동작,1072,888,1960
20210418,경강선,이매,595,550,1145
20210418,9호선,구반포,1067,1199,2266
20210418,9호선,고속터미널,8931,11722,20653
20210418,9호선2~3단계,중앙보훈병원,2906,2759,5665
20210418,9호선2~3단계,둔촌오륜,399,424,823
20210418,9호선2~3단계,올림픽공원,3081,3126,6207
20210418,9호선2~3단계,한성백제,1316,1199,2515
20210418,9호선2~3단계,송파나루,2494,2791,5285
20210418,9호선2~3단계,석촌,4061,3620,7681
20210418,9호선2~3단계,석촌고분,2730,2710,5440
20210418,9호선2~3단계,삼전,3229,3153,6382
20210418,9호선2~3단계,종합운동장,1929,1692,3621
20210418,9호선2~3단계,봉은사,6325,6265,12590
20210418,9호선2~3단계,삼성중앙,1731,1797,3528
20210418,9호선2~3단계,선정릉,2956,3298,6254
20210418,9호선2~3단계,언주,2872,2939,5811
20210418,9호선,신논현,13421,12741,26162
20210418,9호선,사평,1149,1232,2381
20210418,9호선,신반포,1450,1535,2985
20210418,경부선,송탄,3358,4052,7410
20210418,9호선,마곡나루,5485,5500,10985
20210418,수인선,원인재,2530,2651,5181
20210418,수인선,연수,2675,2667,5342
20210418,수인선,송도,1478,1405,2883
20210418,경의선,능곡,2028,2007,4035
20210418,경의선,행신,3893,3718,7611
20210418,경의선,강매,1302,1275,2577
20210418,경의선,화전,771,765,1536
20210418,경부선,서정리,3707,5239,8946
20210418,경의선,수색,864,916,1780
20210418,경의선,가좌,2673,2695,5368
20210418,경의선,서강대,1142,1105,2247
20210418,경의선,공덕,1487,1173,2660
20210418,경의선,효창공원앞,1201,1328,2529
20210418,경의선,신촌,218,214,432
20210418,경의선,서울역,922,875,1797
20210418,경의선,디지털미디어시티,1265,1226,2491
20210418,수인선,남동인더스파크,623,595,1218
20210418,수인선,호구포,1744,1871,3615
20210418,수인선,인천논현,2756,2823,5579
20210418,분당선,이매,2742,2809,5551
20210418,분당선,오리,4754,4174,8928
20210418,분당선,미금,6159,6798,12957
20210418,분당선,정자,6554,6872,13426
20210418,분당선,수내,5283,4983,10266
20210418,분당선,서현,11516,11460,22976
20210418,분당선,야탑,11436,11538,22974
20210418,분당선,모란,10465,10492,20957
20210418,분당선,태평,7361,7019,14380
20210418,분당선,가천대,3057,3836,6893
20210418,경원선,창동,1,0,1
20210418,수인선,사리,2166,1900,4066
20210418,수인선,달월,93,100,193
20210418,수인선,월곶,1604,1496,3100
20210418,수인선,소래포구,5082,4945,10027
20210418,경원선,소요산,4886,4124,9010
20210418,경원선,동두천,1374,2016,3390
20210418,경의선,홍대입구,1314,1489,2803
20210418,경원선,동두천중앙,1970,1873,3843
20210418,경원선,왕십리,7973,9324,17297
20210418,경원선,응봉,1184,1256,2440
20210418,경원선,옥수,64,25,89
20210418,경원선,한남,1962,1973,3935
20210418,경원선,서빙고,1200,1187,2387
20210418,경원선,보산,1326,1592,2918
20210418,경부선,광명,2137,1424,3561
20210418,경부선,서동탄,759,785,1544
20210418,경부선,당정,2706,2778,5484
20210418,경부선,천안,5409,4923,10332
20210418,경부선,두정,4061,4337,8398
20210418,경부선,직산,522,573,1095
20210418,경부선,성환,2178,2469,4647
20210418,경부선,평택,10043,10782,20825
20210418,경부선,지제,2101,1866,3967
20210418,경원선,청량리,12765,12085,24850
20210418,경원선,외대앞,4000,3901,7901
20210418,경원선,이촌,2268,1724,3992
20210418,경원선,석계,4637,5114,9751
20210418,경원선,신이문,4577,4303,8880
20210418,경원선,덕정,3203,3338,6541
20210418,경원선,덕계,1613,1496,3109
20210418,경원선,양주,4844,4827,9671
20210418,경원선,녹양,2543,2484,5027
20210418,경원선,가능,3821,3720,7541
20210418,경원선,의정부,12850,12873,25723
20210418,경원선,지행,4009,4079,8088
20210418,경원선,망월사,4126,4422,8548
20210418,경원선,도봉산,9931,7158,17089
20210418,경원선,도봉,3367,3277,6644
20210418,경원선,방학,5683,5464,11147
20210418,경원선,녹천,2444,2124,4568
20210418,경원선,월계,3537,3390,6927
20210418,경원선,광운대,3895,4096,7991
20210418,경원선,회룡,6865,5924,12789
20210424,분당선,강남구청,5093,6217,11310
20210424,분당선,압구정로데오,17175,19892,37067
20210424,분당선,서울숲,11287,13071,24358
20210424,분당선,수원,7195,6097,13292
20210424,분당선,수서,9785,10023,19808
20210424,분당선,대모산입구,2605,2397,5002
20210424,분당선,개포동,2598,2439,5037
20210424,분당선,선릉,4745,7337,12082
20210424,분당선,도곡,4141,3818,7959
20210424,분당선,한티,9879,9819,19698
20210424,과천선,범계,18879,18295,37174
20210424,과천선,평촌,8783,8592,17375
20210424,과천선,인덕원,14541,14050,28591
20210424,과천선,정부과천청사,5382,5512,10894
20210424,분당선,선정릉,3540,3641,7181
20210424,분당선,구룡,1385,1274,2659
20210424,분당선,가천대,4979,5379,10358
20210424,5호선,화곡,19466,17791,37257
20210424,분당선,모란,22017,22519,44536
20210424,분당선,영통,6029,5890,11919
20210424,분당선,청명,2568,2423,4991
20210424,분당선,상갈,3731,3837,7568
20210424,분당선,기흥,6213,6003,12216
20210424,분당선,신갈,2637,2702,5339
20210424,분당선,구성,2978,3195,6173
20210424,분당선,죽전,9610,10828,20438
20210424,분당선,보정,1594,1416,3010
20210424,분당선,이매,4011,3773,7784
20210424,분당선,오리,7435,6069,13504
20210424,분당선,미금,10701,10932,21633
20210424,분당선,정자,9906,10144,20050
20210424,분당선,수내,8206,7679,15885
20210424,분당선,서현,16806,16837,33643
20210424,분당선,야탑,16226,17154,33380
20210424,분당선,태평,10511,9878,20389
20210424,과천선,과천,4142,3622,7764
20210424,8호선,가락시장,5305,5398,10703
20210424,과천선,경마공원,1022,1078,2100
20210424,9호선,마곡나루,7586,7573,15159
20210424,9호선,신방화,4328,4148,8476
20210424,9호선,공항시장,2231,2302,4533
20210424,9호선,김포공항,7522,12225,19747
20210424,9호선,개화,1425,1237,2662
20210424,8호선,모란,5556,4744,10300
20210424,8호선,수진,4224,3761,7985
20210424,8호선,신흥,3622,3910,7532
20210424,8호선,단대오거리,7612,7059,14671
20210424,8호선,남한산성입구,9107,8156,17263
20210424,8호선,산성,5004,5024,10028
20210424,8호선,복정,6801,5825,12626
20210424,8호선,장지,11791,10814,22605
20210424,8호선,문정,8266,8501,16767
20210424,분당선,망포,8737,7908,16645
20210424,9호선,양천향교,5571,5395,10966
20210424,과천선,대공원,6765,7079,13844
20210424,9호선,가양,13256,12418,25674
20210424,경춘선,춘천,1910,1729,3639
20210424,과천선,선바위,4990,4272,9262
20210424,공항철도 1호선,영종,2604,2678,5282
20210424,공항철도 1호선,인천공항2터미널,1521,1352,2873
20210424,공항철도 1호선,인천공항1터미널,2675,3005,5680
20210424,공항철도 1호선,공항화물청사,1342,1367,2709
20210424,공항철도 1호선,운서,5509,5633,11142
20210424,공항철도 1호선,청라국제도시,3761,3654,7415
20210424,공항철도 1호선,검암,4576,4640,9216
20210424,공항철도 1호선,계양,6271,5638,11909
20210424,공항철도 1호선,김포공항,10402,5751,16153
20210424,공항철도 1호선,마곡나루,3263,3480,6743
20210424,공항철도 1호선,디지털미디어시티,4918,4712,9630
20210424,공항철도 1호선,홍대입구,10380,9991,20371
20210424,공항철도 1호선,공덕,1296,1939,3235
20210424,공항철도 1호선,서울역,6552,6530,13082
20210424,9호선,증미,3997,3956,7953
20210424,분당선,매탄권선,3262,3110,6372
20210424,경부선,서정리,5896,4920,10816
20210424,분당선,매교,1960,2105,4065
20210424,경원선,신이문,6028,5499,11527
20210424,경원선,외대앞,5538,5218,10756
20210424,경원선,청량리,14493,16508,31001
20210424,경원선,왕십리,11142,12795,23937
20210424,경원선,응봉,1658,1572,3230
20210424,경원선,옥수,52,40,92
20210424,경원선,석계,6524,6883,13407
20210424,경원선,한남,2919,2718,5637
20210424,경원선,이촌,3254,2312,5566
20210424,경부선,광명,2207,2125,4332
20210424,경부선,서동탄,973,1068,2041
20210424,경부선,당정,3844,3671,7515
20210424,경부선,천안,5835,6098,11933
20210424,경부선,두정,5068,5357,10425
20210424,경원선,서빙고,1310,1142,2452
20210424,경원선,광운대,5537,5386,10923
20210424,경원선,월계,4602,4262,8864
20210424,경원선,녹천,3218,2815,6033
20210424,경원선,동두천,1583,2414,3997
20210424,경원선,보산,1723,1580,3303
20210424,경원선,동두천중앙,2461,2548,5009
20210424,경원선,지행,5229,5126,10355
20210424,경원선,덕정,4207,3971,8178
20210424,경원선,덕계,2134,1959,4093
20210424,경원선,양주,6207,6050,12257
20210424,경원선,녹양,3324,3172,6496
20210424,경원선,가능,5012,4776,9788
20210424,경원선,의정부,16337,17449,33786
20210424,경원선,회룡,9522,9400,18922
20210424,경원선,망월사,5384,5563,10947
20210424,경원선,도봉산,9611,6704,16315
20210424,경원선,도봉,4327,4210,8537
20210424,경원선,방학,7389,7127,14516
20210424,경부선,직산,645,678,1323
20210424,경부선,성환,2773,2630,5403
20210424,경부선,평택,12648,12031,24679
20210424,경부선,지제,2529,2512,5041
20210424,수인선,인하대,4307,3928,8235
20210424,수인선,송도,1912,1909,3821
20210424,수인선,연수,3577,3632,7209
20210424,수인선,원인재,3555,3630,7185
20210424,수인선,남동인더스파크,1108,972,2080
20210424,수인선,호구포,2504,2507,5011
20210424,수인선,인천논현,4220,4324,8544
20210424,수인선,소래포구,5871,6045,11916
20210424,수인선,월곶,2114,2010,4124
20210424,수인선,달월,75,79,154
20210424,수인선,사리,3061,2661,5722
20210424,수인선,야목,194,202,396
20210424,수인선,어천,632,545,1177
20210424,수인선,오목천,1895,1558,3453
20210424,수인선,고색,2193,2246,4439
20210424,수인선,숭의,2678,2529,5207
20210424,분당선,수원시청,10410,11274,21684
20210424,수인선,신포,1334,1408,2742
20210424,안산선,산본,11544,12328,23872
20210424,경부선,송탄,4594,4114,8708
20210424,경부선,진위,1005,911,1916
20210424,경부선,오산,8868,8098,16966
20210424,경부선,오산대,2783,2480,5263
20210424,경부선,세마,2054,1878,3932
20210424,경부선,병점,11341,11220,22561
20210424,경부선,세류,2348,2407,4755
20210424,경부선,독산,8334,8131,16465
20210424,경부선,수원,34740,37242,71982
20210424,경부선,화서,4986,4907,9893
20210424,경부선,성균관대,9775,9615,19390
20210424,안산선,한대앞,6950,6781,13731
20210424,안산선,상록수,11914,11846,23760
20210424,안산선,반월,3316,3087,6403
20210424,안산선,대야미,4165,3563,7728
20210424,수인선,인천,1181,2106,3287
20210424,8호선,송파,4808,4849,9657
20210424,5호선,우장산,9257,9164,18421
20210424,8호선,잠실,10666,12234,22900
20210424,3호선,약수,8617,8011,16628
20210424,3호선,금호,5972,5356,11328
20210424,3호선,옥수,7109,7109,14218
20210424,3호선,압구정,22979,24026,47005
20210424,3호선,신사,23453,24261,47714
20210424,3호선,잠원,3730,3562,7292
20210424,3호선,고속터미널,44123,44870,88993
20210424,3호선,교대,6185,3685,9870
20210424,3호선,남부터미널,18051,18630,36681
20210424,3호선,양재,19411,20919,40330
20210424,3호선,매봉,5875,5595,11470
20210424,3호선,도곡,3726,3684,7410
20210424,3호선,대치,7557,6981,14538
20210424,3호선,학여울,3155,3536,6691
20210424,3호선,대청,5443,4908,10351
20210424,3호선,동대입구,5871,6595,12466
20210424,3호선,일원,4530,4421,8951
20210424,3호선,충무로,1,0,1
20210424,3호선,종로3가,5187,7283,12470
20210424,2호선,신설동,3096,3009,6105
20210424,2호선,도림천,797,777,1574
20210424,2호선,양천구청,4386,4380,8766
20210424,2호선,신정네거리,6956,6945,13901
20210424,2호선,용두,1650,1619,3269
20210424,3호선,지축,2478,2463,4941
20210424,3호선,구파발,14317,14531,28848
20210424,3호선,연신내,28498,26414,54912
20210424,3호선,불광,12264,14147,26411
20210424,3호선,녹번,9476,8288,17764
20210424,3호선,홍제,12533,11658,24191
20210424,3호선,무악재,2587,2554,5141
20210424,3호선,독립문,5514,6139,11653
20210424,3호선,경복궁,13573,14921,28494
20210424,3호선,안국,12207,14007,26214
20210424,3호선,을지로3가,4682,5294,9976
20210424,2호선,신답,983,1027,2010
20210424,3호선,수서,12305,12497,24802
20210424,3호선,경찰병원,3893,3777,7670
20210424,4호선,총신대입구,13557,14795,28352
20210424,4호선,사당,18477,16067,34544
20210424,4호선,남태령,1119,880,1999
20210424,4호선,당고개,9480,9035,18515
20210424,4호선,상계,13709,13010,26719
20210424,4호선,노원,15074,16398,31472
20210424,4호선,창동,18279,19246,37525
20210424,4호선,쌍문,20370,18461,38831
20210424,5호선,방화,4795,4570,9365
20210424,5호선,개화산,3622,3582,7204
20210424,5호선,김포공항,6914,7406,14320
20210424,5호선,송정,4949,4744,9693
20210424,5호선,마곡,4823,4864,9687
20210424,5호선,발산,13308,13971,27279
20210424,경원선,소요산,4526,3707,8233
20210424,4호선,동작,2344,2367,4711
20210424,3호선,가락시장,5919,5626,11545
20210424,4호선,이촌,5851,6848,12699
20210424,4호선,삼각지,2689,3548,6237
20210424,3호선,오금,3687,3542,7229
20210424,4호선,수유,24987,24075,49062
20210424,4호선,미아,10429,9725,20154
20210424,4호선,미아사거리,20831,19853,40684
20210424,4호선,길음,13346,12820,26166
20210424,4호선,성신여대입구,15839,14812,30651
20210424,4호선,한성대입구,10158,9859,20017
20210424,4호선,혜화,23005,23625,46630
20210424,4호선,동대문,13777,13672,27449
20210424,4호선,동대문역사문화공원,10393,8831,19224
20210424,4호선,충무로,12488,12934,25422
20210424,4호선,명동,12113,13741,25854
20210424,4호선,회현,16484,17953,34437
20210424,4호선,서울역,5046,10867,15913
20210424,4호선,숙대입구,8059,7969,16028
20210424,4호선,신용산,8221,9168,17389
20210424,8호선,석촌,5573,6605,12178
20210424,2호선,용답,1968,1876,3844
20210424,2호선,아현,6993,6624,13617
20210424,7호선,대림,6396,6842,13238
20210424,7호선,신풍,7996,7400,15396
20210424,7호선,보라매,5993,5943,11936
20210424,7호선,신대방삼거리,10962,10008,20970
20210424,1호선,서울역,27220,28071,55291
20210424,1호선,동묘앞,11582,12003,23585
20210424,1호선,종각,16382,15226,31608
20210424,1호선,종로3가,21135,19712,40847
20210424,1호선,종로5가,16991,17235,34226
20210424,1호선,동대문,10584,9907,20491
20210424,1호선,신설동,8908,8391,17299
20210424,1호선,제기동,14568,14899,29467
20210424,1호선,청량리,17702,17682,35384
20210424,2호선,시청,7768,6578,14346
20210424,2호선,을지로입구,18888,18649,37537
20210424,7호선,남구로,8221,8666,16887
20210424,2호선,을지로3가,9728,9855,19583
20210424,7호선,가산디지털단지,14322,13162,27484
20210424,7호선,광명사거리,15959,15838,31797
20210424,8호선,몽촌토성,4096,4165,8261
20210424,8호선,강동구청,5630,5631,11261
20210424,8호선,천호,11442,13576,25018
20210424,8호선,암사,11936,10908,22844
20210424,7호선,부평구청,6929,5925,12854
20210424,7호선,굴포천,5980,6233,12213
20210424,7호선,삼산체육관,3466,3167,6633
20210424,7호선,상동,9443,9607,19050
20210424,7호선,부천시청,8890,8532,17422
20210424,7호선,신중동,9133,8996,18129
20210424,7호선,춘의,4837,4677,9514
20210424,7호선,부천종합운동장,3057,2819,5876
20210424,7호선,까치울,5425,5392,10817
20210424,7호선,온수,5518,5545,11063
20210424,7호선,천왕,6879,6451,13330
20210424,7호선,철산,14380,14743,29123
20210424,2호선,충정로,5566,5880,11446
20210424,2호선,을지로4가,6714,7003,13717
20210424,2호선,신당,10431,10676,21107
20210424,2호선,낙성대,20651,18892,39543
20210424,2호선,서울대입구,36176,34845,71021
20210424,2호선,봉천,16448,15019,31467
20210424,2호선,신림,47518,45042,92560
20210424,2호선,신대방,19366,18749,38115
20210424,2호선,구로디지털단지,32268,31508,63776
20210424,2호선,대림,17849,18923,36772
20210424,2호선,신도림,39284,39477,78761
20210424,2호선,문래,11582,12253,23835
20210424,2호선,영등포구청,11968,12251,24219
20210424,2호선,당산,12754,13550,26304
20210424,2호선,합정,25233,27279,52512
20210424,2호선,홍대입구,53290,57772,111062
20210424,2호선,신촌,26368,26835,53203
20210424,2호선,이대,9065,9252,18317
20210424,2호선,사당,26945,29929,56874
20210424,2호선,동대문역사문화공원,9149,9714,18863
20210424,2호선,방배,8995,9292,18287
20210424,2호선,교대,15930,17663,33593
20210424,2호선,상왕십리,9159,8375,17534
20210424,2호선,왕십리,12566,10338,22904
20210424,2호선,한양대,4001,3978,7979
20210424,2호선,성수,16320,18689,35009
20210424,2호선,건대입구,31532,33334,64866
20210424,2호선,구의,14941,14456,29397
20210424,2호선,강변,24560,25474,50034
20210424,2호선,잠실나루,7153,7092,14245
20210424,2호선,잠실,54554,51944,106498
20210424,2호선,잠실새내,14876,15509,30385
20210424,2호선,종합운동장,5421,5896,11317
20210424,2호선,삼성,23389,23510,46899
20210424,2호선,선릉,22019,19593,41612
20210424,2호선,역삼,17700,18999,36699
20210424,2호선,강남,54441,54637,109078
20210424,2호선,서초,9812,8489,18301
20210424,경의선,서울역,1254,1430,2684
20210424,9호선2~3단계,송파나루,3413,3720,7133
20210424,경의선,효창공원앞,1630,1853,3483
20210424,7호선,태릉입구,6277,5762,12039
20210424,7호선,먹골,7655,7423,15078
20210424,7호선,중화,7681,7207,14888
20210424,7호선,상봉,12892,12295,25187
20210424,7호선,면목,10955,10400,21355
20210424,7호선,사가정,12255,11790,24045
20210424,7호선,공릉,8880,8707,17587
20210424,7호선,용마산,4751,4776,9527
20210424,7호선,군자,10245,7581,17826
20210424,7호선,어린이대공원,9426,9494,18920
20210424,7호선,건대입구,10045,10222,20267
20210424,7호선,뚝섬유원지,12486,11974,24460
20210424,7호선,청담,11086,11764,22850
20210424,7호선,강남구청,9457,10428,19885
20210424,7호선,중곡,6453,5868,12321
20210424,7호선,하계,12004,11110,23114
20210424,7호선,중계,9118,8115,17233
20210424,7호선,노원,14798,15254,30052
20210424,6호선,창신,2107,1676,3783
20210424,6호선,보문,4970,4442,9412
20210424,6호선,안암,6542,6076,12618
20210424,6호선,고려대,5189,4938,10127
20210424,6호선,월곡,7024,6898,13922
20210424,6호선,상월곡,3989,3395,7384
20210424,6호선,돌곶이,5895,5439,11334
20210424,6호선,석계,8584,8574,17158
20210424,6호선,태릉입구,3886,4226,8112
20210424,6호선,화랑대,6584,5405,11989
20210424,6호선,봉화산,5156,4980,10136
20210424,7호선,장암,1638,1232,2870
20210424,7호선,도봉산,6560,9159,15719
20210424,7호선,수락산,10298,9935,20233
20210424,7호선,마들,8524,8024,16548
20210424,7호선,학동,9786,10455,20241
20210424,7호선,논현,10925,11900,22825
20210424,7호선,반포,4428,4249,8677
20210424,7호선,고속터미널,12844,10251,23095
20210424,경부선,용산,28293,30761,59054
20210424,경부선,남영,5385,5481,10866
20210424,경부선,서울역,5245,1490,6735
20210424,경강선,여주,2050,2374,4424
20210424,경강선,세종대왕릉,318,360,678
20210424,경강선,부발,1621,1449,3070
20210424,경강선,이천,2368,2518,4886
20210424,경강선,신둔도예촌,982,948,1930
20210424,경강선,곤지암,1726,1873,3599
20210424,경강선,초월,2050,1864,3914
20210424,경강선,경기광주,4739,4517,9256
20210424,경강선,삼동,1425,1307,2732
20210424,분당선,복정,1,0,1
20210424,경강선,이매,808,790,1598
20210424,경강선,판교,2746,2539,5285
20210424,경부선,노량진,8506,7605,16111
20210424,경의선,신촌,388,396,784
20210424,경부선,대방,7538,7478,15016
20210424,경부선,신도림,3120,3252,6372
20210424,7호선,내방,7438,7327,14765
20210424,7호선,이수,11328,10691,22019
20210424,7호선,남성,7469,6905,14374
20210424,7호선,숭실대입구,8174,8073,16247
20210424,7호선,상도,7090,6710,13800
20210424,경부선,군포,4178,3776,7954
20210424,경부선,금정,17591,17655,35246
20210424,경부선,명학,5174,5060,10234
20210424,경부선,안양,17101,17173,34274
20210424,경부선,관악,5978,5495,11473
20210424,경부선,석수,6982,6376,13358
20210424,경부선,금천구청,7997,7971,15968
20210424,경부선,가산디지털단지,5985,8046,14031
20210424,경부선,구로,12822,13225,26047
20210424,경부선,신길,6173,5235,11408
20210424,경부선,영등포,34925,36282,71207
20210424,6호선,신당,5771,4776,10547
20210424,6호선,청구,2349,2319,4668
20210424,6호선,약수,2271,2339,4610
20210424,5호선,동대문역사문화공원,919,1183,2102
20210424,5호선,청구,2396,2175,4571
20210424,5호선,신금호,3864,3904,7768
20210424,5호선,행당,5497,4645,10142
20210424,5호선,왕십리,3239,3805,7044
20210424,5호선,마장,3729,3543,7272
20210424,5호선,답십리,9650,8872,18522
20210424,5호선,장한평,10686,10221,20907
20210424,5호선,군자,8009,8495,16504
20210424,5호선,아차산,12887,12901,25788
20210424,5호선,광나루,9842,9209,19051
20210424,5호선,천호,16002,15261,31263
20210424,5호선,강동,11826,11234,23060
20210424,5호선,길동,5775,5828,11603
20210424,5호선,굽은다리,6724,6224,12948
20210424,5호선,을지로4가,3165,3531,6696
20210424,5호선,명일,5866,5792,11658
20210424,5호선,종로3가,10903,11399,22302
20210424,5호선,서대문,6647,6554,13201
20210424,경부선,의왕,5809,5612,11421
20210424,5호선,까치산,20738,19737,40475
20210424,5호선,신정,8716,7270,15986
20210424,5호선,목동,10695,10914,21609
20210424,5호선,오목교,16083,16784,32867
20210424,5호선,양평,3645,3511,7156
20210424,5호선,영등포구청,1980,1920,3900
20210424,5호선,영등포시장,6686,7040,13726
20210424,5호선,신길,2539,2564,5103
20210424,5호선,여의도,10828,11473,22301
20210424,5호선,여의나루,15983,17906,33889
20210424,5호선,마포,6882,6921,13803
20210424,5호선,공덕,6730,6981,13711
20210424,5호선,애오개,3486,3367,6853
20210424,5호선,충정로,1966,1737,3703
20210424,5호선,광화문,13010,13128,26138
20210424,9호선2~3단계,중앙보훈병원,4162,3818,7980
20210424,5호선,고덕,5893,5768,11661
20210424,5호선,둔촌동,5847,5850,11697
20210424,6호선,디지털미디어시티,6856,7114,13970
20210424,6호선,월드컵경기장,4852,5015,9867
20210424,6호선,마포구청,8972,7801,16773
20210424,6호선,망원,12486,13882,26368
20210424,6호선,합정,11617,10691,22308
20210424,6호선,상수,6738,7929,14667
20210424,6호선,광흥창,4806,4344,9150
20210424,6호선,대흥,5011,4926,9937
20210424,6호선,공덕,9413,8869,18282
20210424,6호선,효창공원앞,4517,3899,8416
20210424,6호선,삼각지,4654,3508,8162
20210424,6호선,녹사평,5313,5236,10549
20210424,6호선,이태원,10955,11581,22536
20210424,6호선,한강진,8484,10188,18672
20210424,6호선,버티고개,1551,1592,3143
20210424,6호선,증산,7193,7100,14293
20210424,5호선,상일동,9364,8654,18018
20210424,6호선,새절,8805,8320,17125
20210424,6호선,연신내,2,0,2
20210424,5호선,올림픽공원,2893,2485,5378
20210424,5호선,방이,4903,4733,9636
20210424,5호선,오금,2231,2009,4240
20210424,5호선,개롱,4153,4347,8500
20210424,5호선,거여,5297,5055,10352
20210424,5호선,마천,4417,4489,8906
20210424,5호선,강일,2229,2081,4310
20210424,5호선,미사,10658,10726,21384
20210424,5호선,하남풍산,2664,2605,5269
20210424,5호선,하남시청,4485,4428,8913
20210424,5호선,하남검단산,5190,5300,10490
20210424,6호선,응암,11971,11842,23813
20210424,6호선,역촌,2355,2798,5153
20210424,6호선,불광,3931,3598,7529
20210424,6호선,독바위,1956,2368,4324
20210424,6호선,구산,5202,3869,9071
20210424,9호선2~3단계,둔촌오륜,594,544,1138
20210424,6호선,동묘앞,8130,7701,15831
20210424,9호선2~3단계,한성백제,1720,1454,3174
20210424,2호선,뚝섬,15137,15382,30519
20210424,1호선,시청,9575,9907,19482
20210424,7호선,장승배기,6641,6332,12973
20210424,경인선,부천,27414,28167,55581
20210424,경인선,송내,17563,17225,34788
20210424,경인선,부평,28151,30604,58755
20210424,경춘선,남춘천,2295,2461,4756
20210424,경인선,백운,5366,5414,10780
20210424,경인선,주안,15096,13151,28247
20210424,경인선,제물포,7322,6995,14317
20210424,경인선,동인천,11368,11180,22548
20210424,경인선,인천,4442,3730,8172
20210424,경인선,구일,5361,5195,10556
20210424,경인선,소사,7640,7426,15066
20210424,경인선,동암,12256,12341,24597
20210424,경춘선,김유정,550,674,1224
20210424,경춘선,강촌,853,886,1739
20210424,경춘선,백양리,228,261,489
20210424,안산선,오이도,7528,7724,15252
20210424,안산선,정왕,6319,6456,12775
20210424,안산선,신길온천,1414,1348,2762
20210424,안산선,안산,9464,9806,19270
20210424,안산선,초지,3120,3135,6255
20210424,안산선,고잔,6229,6229,12458
20210424,안산선,중앙,14511,14983,29494
20210424,경춘선,평내호평,4416,4437,8853
20210424,경춘선,천마산,1394,1452,2846
20210424,경춘선,마석,3212,3258,6470
20210424,경춘선,대성리,799,827,1626
20210424,경춘선,청평,1793,1898,3691
20210424,경춘선,상천,630,522,1152
20210424,경춘선,가평,1820,2017,3837
20210424,경춘선,굴봉산,317,354,671
20210424,경인선,간석,4233,4065,8298
20210424,경인선,도원,2045,2072,4117
20210424,경인선,온수,4889,4497,9386
20210424,경인선,중동,6337,5971,12308
20210424,경의선,일산,5896,5755,11651
20210424,경의선,풍산,4006,3953,7959
20210424,경의선,백마,4081,3929,8010
20210424,경의선,곡산,428,408,836
20210424,경의선,능곡,2706,2699,5405
20210424,경의선,행신,4887,4820,9707
20210424,경의선,강매,1851,1658,3509
20210424,경의선,화전,1055,1040,2095
20210424,경의선,수색,1297,1293,2590
20210424,경의선,디지털미디어시티,1899,1592,3491
20210424,경의선,가좌,3645,3403,7048
20210424,경의선,홍대입구,1669,1901,3570
20210424,경의선,서강대,1646,1515,3161
20210424,경의선,공덕,2210,1709,3919
20210424,9호선2~3단계,올림픽공원,3882,3960,7842
20210424,경의선,탄현,4906,4743,9649
20210424,안산선,수리산,3267,3373,6640
20210424,경의선,야당,5073,4911,9984
20210424,경의선,금릉,3569,3295,6864
20210424,경인선,도화,3103,2900,6003
20210424,경춘선,신내,1092,1104,2196
20210424,경춘선,갈매,1846,1689,3535
20210424,경춘선,별내,2209,2043,4252
20210424,경춘선,퇴계원,2690,2389,5079
20210424,경춘선,사릉,2295,2237,4532
20210424,경춘선,금곡,1101,1059,2160
20210424,경인선,역곡,19375,18902,38277
20210424,경인선,오류동,8871,8187,17058
20210424,경인선,개봉,15875,15632,31507
20210424,경의선,임진강,68,73,141
20210424,경의선,문산,4832,4734,9566
20210424,경의선,파주,836,700,1536
20210424,경의선,월롱,1376,1329,2705
20210424,경의선,금촌,5240,4954,10194
20210424,경의선,운정,4416,4229,8645
20210424,우이신설선,북한산우이,3388,3441,6829
20210424,경인선,부개,6180,5749,11929
20210424,우이신설선,4.19민주묘지,2332,1918,4250
20210424,9호선,국회의사당,3937,4035,7972
20210424,9호선,당산,12038,11278,23316
20210424,9호선,선유도,3834,3829,7663
20210424,9호선,신목동,2314,1932,4246
20210424,9호선,염창,10989,10230,21219
20210424,9호선,등촌,6891,6738,13629
20210424,중앙선,지평,44,94,138
20210424,중앙선,용문,2326,2554,4880
20210424,중앙선,원덕,523,498,1021
20210424,중앙선,양평,2633,2801,5434
20210424,중앙선,오빈,297,327,624
20210424,중앙선,아신,686,700,1386
20210424,중앙선,국수,868,863,1731
20210424,중앙선,신원,476,337,813
20210424,중앙선,양수,2408,2486,4894
20210424,9호선,여의도,11395,11123,22518
20210424,중앙선,운길산,1813,1775,3588
20210424,9호선,샛강,2410,2373,4783
20210424,9호선,노들,3096,2708,5804
20210424,우이신설선,솔밭공원,1678,1722,3400
20210424,9호선2~3단계,석촌고분,3911,3609,7520
20210424,9호선2~3단계,삼전,4564,4163,8727
20210424,9호선2~3단계,종합운동장,2797,2543,5340
20210424,9호선2~3단계,봉은사,8735,9055,17790
20210424,9호선2~3단계,삼성중앙,2708,2775,5483
20210424,9호선2~3단계,선정릉,4693,5204,9897
20210424,9호선2~3단계,언주,5501,5390,10891
20210424,9호선,신논현,23810,23559,47369
20210424,9호선,사평,2291,2086,4377
20210424,9호선,고속터미널,11841,16793,28634
20210424,9호선,신반포,2541,2501,5042
20210424,9호선,구반포,2072,2231,4303
20210424,9호선,동작,1422,1194,2616
20210424,9호선,흑석,5278,5334,10612
20210424,9호선,노량진,19971,20089,40060
20210424,중앙선,팔당,1727,2019,3746
20210424,9호선2~3단계,석촌,6039,4985,11024
20210424,중앙선,덕소,4512,4574,9086
20210424,일산선,대곡,1399,1203,2602
20210424,일산선,화정,12108,12440,24548
20210424,일산선,원당,8083,7802,15885
20210424,일산선,삼송,12641,12360,25001
20210424,일산선,원흥,6545,6340,12885
20210424,우이신설선,신설동,1392,1346,2738
20210424,우이신설선,보문,1054,1061,2115
20210424,우이신설선,성신여대입구,2552,2941,5493
20210424,우이신설선,정릉,3266,2794,6060
20210424,우이신설선,북한산보국문,4481,4131,8612
20210424,우이신설선,솔샘,3451,3118,6569
20210424,우이신설선,삼양사거리,1774,1806,3580
20210424,우이신설선,삼양,1439,1568,3007
20210424,우이신설선,화계,2355,2153,4508
20210424,중앙선,도심,1649,1482,3131
20210424,일산선,백석,7177,7366,14543
20210424,일산선,마두,4864,4893,9757
20210424,우이신설선,가오리,2714,2626,5340
20210424,일산선,주엽,5936,5909,11845
20210424,중앙선,양정,693,627,1320
20210424,중앙선,도농,6475,6151,12626
20210424,중앙선,구리,9987,10316,20303
20210424,중앙선,양원,1182,1207,2389
20210424,일산선,정발산,6425,6563,12988
20210424,중앙선,상봉,5210,5010,10220
20210424,중앙선,중랑,4337,4280,8617
20210424,중앙선,망우,6238,6019,12257
20210424,장항선,신창,1147,1020,2167
20210424,장항선,온양온천,4939,4897,9836
20210424,장항선,배방,935,913,1848
20210424,장항선,아산,2674,2540,5214
20210424,장항선,쌍용,1647,1418,3065
20210424,장항선,봉명,745,747,1492
20210424,일산선,대화,7733,6875,14608
20210424,중앙선,회기,18707,17494,36201
20210425,6호선,보문,3698,3585,7283
20210425,6호선,창신,1532,1409,2941
20210425,6호선,동묘앞,6226,5966,12192
20210425,6호선,신당,3677,4334,8011
20210425,6호선,청구,1613,1577,3190
20210425,6호선,약수,1453,1519,2972
20210425,6호선,대흥,3450,3605,7055
20210425,6호선,한강진,5871,6649,12520
20210425,6호선,이태원,8245,8026,16271
20210425,6호선,녹사평,3915,3745,7660
20210425,6호선,삼각지,3275,2381,5656
20210425,6호선,효창공원앞,3173,2862,6035
20210425,6호선,공덕,6144,5666,11810
20210425,7호선,먹골,5249,5193,10442
20210425,6호선,버티고개,1074,1144,2218
20210425,6호선,안암,4203,4476,8679
20210425,7호선,장암,1561,1222,2783
20210425,6호선,월곡,4985,4898,9883
20210425,6호선,광흥창,3713,3559,7272
20210425,7호선,태릉입구,4602,4312,8914
20210425,7호선,공릉,5994,6186,12180
20210425,7호선,하계,8297,7905,16202
20210425,7호선,중계,6334,5913,12247
20210425,7호선,노원,10090,10249,20339
20210425,7호선,마들,5697,5196,10893
20210425,7호선,수락산,8191,8242,16433
20210425,7호선,도봉산,5701,8460,14161
20210425,6호선,봉화산,3750,3587,7337
20210425,6호선,화랑대,4734,4174,8908
20210425,6호선,태릉입구,2802,3059,5861
20210425,6호선,석계,6005,6287,12292
20210425,6호선,돌곶이,4429,4152,8581
20210425,6호선,상월곡,2993,2830,5823
20210425,6호선,고려대,3833,3750,7583
20210425,6호선,상수,4793,5560,10353
20210425,5호선,강일,1628,1690,3318
20210425,6호선,망원,9522,10399,19921
20210425,5호선,방이,3769,3568,7337
20210425,5호선,올림픽공원,2060,2028,4088
20210425,5호선,둔촌동,4185,4196,8381
20210425,5호선,상일동,6445,6216,12661
20210425,5호선,고덕,3967,3897,7864
20210425,5호선,명일,4441,4489,8930
20210425,5호선,굽은다리,4673,4434,9107
20210425,5호선,길동,3951,4011,7962
20210425,5호선,강동,8318,8376,16694
20210425,5호선,천호,11294,10475,21769
20210425,5호선,광나루,7374,7440,14814
20210425,5호선,아차산,11425,11643,23068
20210425,5호선,군자,5692,6071,11763
20210425,5호선,장한평,6687,6695,13382
20210425,7호선,중화,6083,5743,11826
20210425,5호선,오금,1596,1464,3060
20210425,6호선,합정,8481,7499,15980
20210425,5호선,개롱,2845,3148,5993
20210425,5호선,마천,3240,3608,6848
20210425,6호선,마포구청,6642,6113,12755
20210425,6호선,월드컵경기장,3839,3786,7625
20210425,6호선,디지털미디어시티,4802,5089,9891
20210425,6호선,증산,5273,5382,10655
20210425,6호선,새절,6096,6055,12151
20210425,6호선,구산,3646,2722,6368
20210425,6호선,연신내,1,0,1
20210425,6호선,독바위,1587,2027,3614
20210425,6호선,불광,3248,2971,6219
20210425,6호선,역촌,1835,2206,4041
20210425,6호선,응암,8783,8707,17490
20210425,5호선,하남검단산,4732,4768,9500
20210425,5호선,하남시청,3214,2904,6118
20210425,5호선,하남풍산,2127,2145,4272
20210425,5호선,미사,7681,7795,15476
20210425,5호선,거여,3722,3668,7390
20210425,7호선,상봉,8935,8204,17139
20210425,9호선,흑석,3515,3727,7242
20210425,7호선,사가정,8754,8503,17257
20210425,8호선,수진,2857,2540,5397
20210425,8호선,신흥,2550,2784,5334
20210425,8호선,단대오거리,5143,5107,10250
20210425,8호선,남한산성입구,6304,6035,12339
20210425,8호선,산성,3416,3468,6884
20210425,8호선,복정,4816,4456,9272
20210425,8호선,모란,2244,1998,4242
20210425,8호선,장지,8448,8533,16981
20210425,8호선,송파,3395,3645,7040
20210425,8호선,석촌,3795,4794,8589
20210425,8호선,잠실,8169,8964,17133
20210425,8호선,몽촌토성,3076,3100,6176
20210425,8호선,강동구청,3985,4026,8011
20210425,8호선,천호,7985,9098,17083
20210425,8호선,가락시장,2881,3600,6481
20210425,9호선,개화,1054,967,2021
20210425,9호선,김포공항,7142,10418,17560
20210425,9호선,공항시장,1591,1855,3446
20210425,9호선,노들,2498,2205,4703
20210425,9호선,노량진,13705,14865,28570
20210425,9호선,샛강,1519,1594,3113
20210425,9호선,여의도,8384,7719,16103
20210425,9호선,국회의사당,4000,3717,7717
20210425,9호선,당산,8300,8186,16486
20210425,9호선,선유도,2985,3040,6025
20210425,9호선,신목동,1596,1447,3043
20210425,9호선,염창,7924,7860,15784
20210425,9호선,등촌,4724,4970,9694
20210425,9호선,증미,2400,2429,4829
20210425,9호선,가양,9066,8914,17980
20210425,9호선,양천향교,3952,4206,8158
20210425,9호선,마곡나루,5750,5656,11406
20210425,9호선,신방화,3091,3023,6114
20210425,8호선,암사,8301,7889,16190
20210425,7호선,부평구청,4821,4177,8998
20210425,7호선,굴포천,4240,4164,8404
20210425,7호선,삼산체육관,2689,2482,5171
20210425,7호선,남성,5004,5025,10029
20210425,7호선,이수,7482,7011,14493
20210425,7호선,내방,4697,4754,9451
20210425,7호선,고속터미널,11400,7564,18964
20210425,7호선,반포,2673,2689,5362
20210425,7호선,논현,5973,6318,12291
20210425,7호선,학동,5469,5875,11344
20210425,7호선,강남구청,5369,5911,11280
20210425,7호선,청담,6022,6408,12430
20210425,7호선,뚝섬유원지,11519,10746,22265
20210425,7호선,건대입구,6834,6892,13726
20210425,7호선,어린이대공원,7901,7987,15888
20210425,7호선,군자,7219,5638,12857
20210425,7호선,중곡,4892,4694,9586
20210425,7호선,용마산,3426,3841,7267
20210425,7호선,숭실대입구,5385,5843,11228
20210425,7호선,면목,7748,7758,15506
20210425,7호선,상도,4939,4985,9924
20210425,7호선,신대방삼거리,7280,7195,14475
20210425,7호선,상동,6157,5989,12146
20210425,7호선,부천시청,5994,5886,11880
20210425,7호선,신중동,6339,6229,12568
20210425,7호선,춘의,3429,3296,6725
20210425,7호선,부천종합운동장,2320,2202,4522
20210425,7호선,까치울,4209,4094,8303
20210425,7호선,온수,3889,3995,7884
20210425,7호선,천왕,4749,4667,9416
20210425,7호선,광명사거리,11542,11410,22952
20210425,7호선,철산,9927,9863,19790
20210425,7호선,가산디지털단지,10776,9873,20649
20210425,7호선,남구로,6417,6320,12737
20210425,7호선,대림,6009,5767,11776
20210425,7호선,신풍,5577,5322,10899
20210425,7호선,보라매,4455,4524,8979
20210425,7호선,장승배기,4651,4591,9242
20210425,5호선,답십리,6789,6406,13195
20210425,1호선,동묘앞,12744,13162,25906
20210425,5호선,왕십리,2259,2514,4773
20210425,2호선,용답,1522,1515,3037
20210425,2호선,충정로,3378,3661,7039
20210425,2호선,아현,4796,4825,9621
20210425,2호선,이대,6044,6531,12575
20210425,2호선,신촌,18604,18478,37082
20210425,2호선,홍대입구,38718,38931,77649
20210425,2호선,합정,17265,18341,35606
20210425,2호선,당산,8887,9384,18271
20210425,2호선,영등포구청,7095,7476,14571
20210425,2호선,문래,6872,7300,14172
20210425,2호선,신도림,26059,26075,52134
20210425,2호선,대림,14241,14280,28521
20210425,2호선,구로디지털단지,21148,20937,42085
20210425,2호선,신대방,14463,14312,28775
20210425,2호선,신림,34319,33452,67771
20210425,2호선,신답,655,723,1378
20210425,2호선,봉천,11708,11503,23211
20210425,2호선,신설동,2931,2908,5839
20210425,2호선,양천구청,3027,3120,6147
20210425,3호선,충무로,1,0,1
20210425,3호선,을지로3가,2745,2593,5338
20210425,3호선,종로3가,3439,4544,7983
20210425,3호선,안국,8750,9840,18590
20210425,3호선,경복궁,10404,11069,21473
20210425,3호선,독립문,4051,4601,8652
20210425,3호선,무악재,1750,1850,3600
20210425,3호선,홍제,8738,8444,17182
20210425,3호선,녹번,6263,5899,12162
20210425,3호선,불광,9336,10997,20333
20210425,3호선,연신내,20780,19133,39913
20210425,3호선,구파발,11098,11382,22480
20210425,3호선,지축,1746,1739,3485
20210425,2호선,용두,1054,1028,2082
20210425,2호선,신정네거리,4836,4840,9676
20210425,2호선,도림천,440,480,920
20210425,3호선,동대입구,4881,5644,10525
20210425,2호선,서울대입구,25630,26477,52107
20210425,2호선,사당,18753,21291,40044
20210425,2호선,신당,7914,8397,16311
20210425,2호선,동대문역사문화공원,7318,8673,15991
20210425,2호선,을지로4가,3072,2947,6019
20210425,2호선,을지로3가,6673,6122,12795
20210425,2호선,을지로입구,13986,12977,26963
20210425,2호선,시청,5120,4119,9239
20210425,1호선,청량리,12998,12521,25519
20210425,1호선,제기동,9196,9829,19025
20210425,1호선,신설동,6799,6945,13744
20210425,1호선,동대문,9207,9803,19010
20210425,1호선,종로5가,8510,8634,17144
20210425,1호선,종로3가,13422,11586,25008
20210425,1호선,종각,10941,9462,20403
20210425,1호선,시청,6552,6487,13039
20210425,9호선,동작,1150,968,2118
20210425,2호선,상왕십리,6581,6424,13005
20210425,2호선,낙성대,14702,15240,29942
20210425,2호선,왕십리,8453,7259,15712
20210425,2호선,뚝섬,11619,11331,22950
20210425,2호선,방배,6044,6434,12478
20210425,2호선,서초,9674,9237,18911
20210425,2호선,교대,9493,10316,19809
20210425,2호선,강남,30091,29319,59410
20210425,2호선,역삼,10259,11358,21617
20210425,2호선,선릉,11810,10417,22227
20210425,2호선,삼성,16561,16139,32700
20210425,2호선,종합운동장,4561,5059,9620
20210425,2호선,잠실새내,10002,10184,20186
20210425,2호선,잠실,40132,37095,77227
20210425,2호선,잠실나루,4728,4846,9574
20210425,2호선,강변,19338,18796,38134
20210425,2호선,구의,10337,10572,20909
20210425,2호선,건대입구,23726,24037,47763
20210425,2호선,성수,11507,12886,24393
20210425,2호선,한양대,2501,2715,5216
20210425,5호선,마장,2767,2522,5289
20210425,3호선,약수,6140,6073,12213
20210425,3호선,옥수,4906,5233,10139
20210425,5호선,목동,7268,7509,14777
20210425,5호선,신정,6023,5356,11379
20210425,5호선,까치산,14741,14543,29284
20210425,5호선,화곡,13434,12792,26226
20210425,5호선,우장산,6108,6225,12333
20210425,5호선,발산,8531,8830,17361
20210425,5호선,마곡,3337,3491,6828
20210425,5호선,송정,3612,3654,7266
20210425,5호선,김포공항,6739,6151,12890
20210425,5호선,개화산,2585,2842,5427
20210425,5호선,방화,3662,3605,7267
20210425,4호선,쌍문,14761,13230,27991
20210425,4호선,창동,13527,14196,27723
20210425,4호선,상계,10097,9459,19556
20210425,4호선,당고개,7330,7071,14401
20210425,5호선,오목교,11011,11282,22293
20210425,4호선,남태령,559,470,1029
20210425,5호선,양평,2505,2457,4962
20210425,5호선,영등포시장,4001,4141,8142
20210425,5호선,행당,3814,3478,7292
20210425,5호선,신금호,2781,2968,5749
20210425,5호선,청구,1712,1523,3235
20210425,5호선,동대문역사문화공원,655,852,1507
20210425,5호선,을지로4가,1434,1558,2992
20210425,5호선,종로3가,7390,7027,14417
20210425,5호선,광화문,9617,9551,19168
20210425,5호선,서대문,4345,4342,8687
20210425,5호선,충정로,1403,1419,2822
20210425,5호선,애오개,2564,2614,5178
20210425,5호선,공덕,4382,4407,8789
20210425,5호선,마포,4480,4552,9032
20210425,5호선,여의나루,15442,16356,31798
20210425,5호선,여의도,7311,7754,15065
20210425,5호선,신길,1817,1948,3765
20210425,5호선,영등포구청,1301,1271,2572
20210425,3호선,금호,4167,3993,8160
20210425,4호선,사당,13172,12394,25566
20210425,4호선,동작,2039,2079,4118
20210425,3호선,가락시장,3306,3576,6882
20210425,3호선,수서,9466,9255,18721
20210425,3호선,일원,3231,3416,6647
20210425,3호선,대청,3703,3663,7366
20210425,3호선,학여울,2441,2860,5301
20210425,3호선,대치,4581,4176,8757
20210425,3호선,도곡,1997,2104,4101
20210425,3호선,매봉,3962,3983,7945
20210425,3호선,양재,12081,14205,26286
20210425,3호선,남부터미널,12067,12767,24834
20210425,3호선,교대,3849,2406,6255
20210425,3호선,고속터미널,36816,33367,70183
20210425,3호선,잠원,2199,2238,4437
20210425,3호선,신사,12252,12454,24706
20210425,3호선,압구정,12508,12899,25407
20210425,3호선,경찰병원,2670,2782,5452
20210425,4호선,총신대입구,9497,10342,19839
20210425,3호선,오금,2844,2759,5603
20210425,4호선,미아,7411,7063,14474
20210425,4호선,이촌,4683,5300,9983
20210425,4호선,신용산,6263,6418,12681
20210425,4호선,삼각지,1915,2482,4397
20210425,4호선,숙대입구,6091,5856,11947
20210425,4호선,서울역,3700,7607,11307
20210425,4호선,회현,7541,8046,15587
20210425,4호선,명동,9461,9784,19245
20210425,4호선,충무로,7441,7719,15160
20210425,4호선,동대문역사문화공원,7892,7709,15601
20210425,4호선,동대문,6769,7368,14137
20210425,4호선,혜화,17634,18412,36046
20210425,4호선,한성대입구,7293,7255,14548
20210425,4호선,성신여대입구,10943,10542,21485
20210425,4호선,길음,9372,9097,18469
20210425,4호선,미아사거리,14914,14312,29226
20210425,4호선,수유,18248,17502,35750
20210425,9호선,구반포,1206,1300,2506
20210425,경의선,금촌,3880,4063,7943
20210425,9호선,고속터미널,9557,12314,21871
20210425,공항철도 1호선,인천공항2터미널,1451,1411,2862
20210425,공항철도 1호선,인천공항1터미널,2984,2921,5905
20210425,공항철도 1호선,공항화물청사,1031,1095,2126
20210425,공항철도 1호선,운서,4764,4957,9721
20210425,공항철도 1호선,청라국제도시,2890,2805,5695
20210425,공항철도 1호선,검암,3536,3675,7211
20210425,공항철도 1호선,영종,2174,2088,4262
20210425,공항철도 1호선,계양,4549,4364,8913
20210425,공항철도 1호선,마곡나루,2377,2657,5034
20210425,공항철도 1호선,디지털미디어시티,3127,3203,6330
20210425,공항철도 1호선,홍대입구,8386,7602,15988
20210425,공항철도 1호선,공덕,1016,1311,2327
20210425,공항철도 1호선,서울역,6273,5497,11770
20210425,경춘선,춘천,1652,1565,3217
20210425,공항철도 1호선,김포공항,10844,5500,16344
20210425,과천선,선바위,3424,3296,6720
20210425,과천선,경마공원,879,877,1756
20210425,과천선,대공원,6332,6436,12768
20210425,분당선,압구정로데오,9506,10773,20279
20210425,분당선,서울숲,9326,10960,20286
20210425,분당선,수원,5598,4617,10215
20210425,분당선,수서,7812,7492,15304
20210425,분당선,대모산입구,1639,1605,3244
20210425,분당선,개포동,1811,1786,3597
20210425,분당선,구룡,660,763,1423
20210425,분당선,도곡,2145,2087,4232
20210425,분당선,한티,6306,6367,12673
20210425,분당선,선릉,2735,3899,6634
20210425,과천선,범계,13277,12752,26029
20210425,과천선,평촌,5903,5664,11567
20210425,과천선,인덕원,10243,10143,20386
20210425,과천선,정부과천청사,3875,4043,7918
20210425,과천선,과천,3053,2828,5881
20210425,경춘선,남춘천,2142,2313,4455
20210425,경춘선,김유정,641,669,1310
20210425,경춘선,강촌,954,821,1775
20210425,경춘선,백양리,173,184,357
20210425,경인선,부개,4627,4225,8852
20210425,경인선,소사,5492,5238,10730
20210425,경인선,구일,3947,4073,8020
20210425,경인선,인천,4357,3812,8169
20210425,경인선,동인천,9131,8735,17866
20210425,경인선,제물포,5432,5425,10857
20210425,경인선,주안,11352,9849,21201
20210425,경인선,동암,9144,9061,18205
20210425,경인선,백운,3935,3830,7765
20210425,경인선,부평,21375,21605,42980
20210425,경인선,송내,12587,12179,24766
20210425,경인선,부천,19974,19508,39482
20210425,경인선,역곡,13405,13327,26732
20210425,경인선,오류동,6423,5999,12422
20210425,경인선,개봉,10965,10917,21882
20210425,경인선,간석,3013,2901,5914
20210425,분당선,강남구청,2913,3590,6503
20210425,경인선,도원,2201,2228,4429
20210425,경인선,중동,4384,4231,8615
20210425,경춘선,굴봉산,413,434,847
20210425,경춘선,가평,1969,1634,3603
20210425,경춘선,상천,680,569,1249
20210425,경춘선,청평,1726,1487,3213
20210425,경춘선,대성리,817,577,1394
20210425,경춘선,마석,2687,2627,5314
20210425,경춘선,천마산,1124,1090,2214
20210425,경춘선,평내호평,3366,3389,6755
20210425,경춘선,금곡,920,848,1768
20210425,경춘선,사릉,1718,1693,3411
20210425,경춘선,퇴계원,2115,1913,4028
20210425,경춘선,별내,1729,1599,3328
20210425,경춘선,갈매,1491,1373,2864
20210425,경춘선,신내,904,852,1756
20210425,경인선,도화,2409,2248,4657
20210425,경인선,온수,3534,3360,6894
20210425,분당선,선정릉,2117,2309,4426
20210425,분당선,가천대,3422,4094,7516
20210425,분당선,태평,7363,7007,14370
20210425,중앙선,망우,4539,4685,9224
20210425,중앙선,상봉,4160,3994,8154
20210425,중앙선,중랑,3337,3270,6607
20210425,중앙선,회기,13754,14065,27819
20210425,장항선,신창,968,1242,2210
20210425,장항선,온양온천,3100,2980,6080
20210425,장항선,배방,768,829,1597
20210425,안산선,초지,2403,2375,4778
20210425,안산선,고잔,4339,4172,8511
20210425,안산선,중앙,10812,10336,21148
20210425,안산선,한대앞,5148,5069,10217
20210425,안산선,상록수,8766,8647,17413
20210425,안산선,반월,2402,2367,4769
20210425,안산선,대야미,3311,2963,6274
20210425,안산선,산본,8161,8634,16795
20210425,중앙선,양원,920,986,1906
20210425,수인선,인천,1172,1625,2797
20210425,중앙선,구리,7402,7579,14981
20210425,중앙선,양정,614,520,1134
20210425,1호선,서울역,23478,20137,43615
20210425,4호선,노원,10540,11359,21899
20210425,중앙선,지평,75,79,154
20210425,중앙선,용문,5325,4681,10006
20210425,중앙선,원덕,475,418,893
20210425,중앙선,양평,2554,2289,4843
20210425,중앙선,오빈,275,256,531
20210425,중앙선,아신,705,585,1290
20210425,중앙선,국수,839,726,1565
20210425,중앙선,신원,440,267,707
20210425,중앙선,양수,2117,1986,4103
20210425,중앙선,운길산,1858,1689,3547
20210425,중앙선,팔당,1905,1972,3877
20210425,중앙선,도심,1294,1238,2532
20210425,중앙선,덕소,3559,3614,7173
20210425,중앙선,도농,4771,4768,9539
20210425,경의선,임진강,89,65,154
20210425,수인선,신포,1138,1069,2207
20210425,수인선,인하대,3061,2957,6018
20210425,분당선,청명,1755,1795,3550
20210425,분당선,상갈,2693,2755,5448
20210425,분당선,기흥,4630,4422,9052
20210425,분당선,신갈,1873,1874,3747
20210425,분당선,구성,2178,2355,4533
20210425,분당선,죽전,7016,8005,15021
20210425,분당선,보정,941,976,1917
20210425,분당선,이매,2829,2790,5619
20210425,분당선,오리,4919,4116,9035
20210425,분당선,미금,6417,6891,13308
20210425,분당선,정자,6744,7098,13842
20210425,분당선,수내,5630,5301,10931
20210425,분당선,서현,11983,11911,23894
20210425,분당선,야탑,12196,12634,24830
20210425,분당선,모란,10598,10534,21132
20210425,분당선,영통,4213,4191,8404
20210425,수인선,숭의,2026,1897,3923
20210425,분당선,망포,5742,6106,11848
20210425,분당선,수원시청,6615,6586,13201
20210425,수인선,송도,1560,1486,3046
20210425,수인선,연수,2789,2702,5491
20210425,수인선,원인재,2634,2890,5524
20210425,수인선,남동인더스파크,572,596,1168
20210425,수인선,호구포,1919,1924,3843
20210425,수인선,인천논현,2913,3000,5913
20210425,수인선,소래포구,5569,5468,11037
20210425,수인선,월곶,1601,1521,3122
20210425,수인선,달월,48,54,102
20210425,수인선,사리,2258,2097,4355
20210425,수인선,야목,179,152,331
20210425,수인선,어천,501,595,1096
20210425,수인선,오목천,1257,1213,2470
20210425,수인선,고색,1636,1834,3470
20210425,분당선,매교,1289,1379,2668
20210425,분당선,매탄권선,2219,2196,4415
20210425,9호선,신반포,1490,1612,3102
20210425,경의선,문산,3340,3295,6635
20210425,경의선,월롱,878,1407,2285
20210425,경부선,오산대,2258,2094,4352
20210425,경부선,세마,1480,1395,2875
20210425,경부선,병점,8296,9261,17557
20210425,경부선,세류,1943,1953,3896
20210425,경부선,독산,5514,5604,11118
20210425,경부선,수원,31009,29551,60560
20210425,경부선,오산,7108,7552,14660
20210425,경부선,화서,3736,3735,7471
20210425,경부선,의왕,4114,4216,8330
20210425,경부선,군포,3105,2932,6037
20210425,경부선,금정,13143,13303,26446
20210425,경부선,명학,3254,3310,6564
20210425,경부선,안양,12845,12601,25446
20210425,경부선,관악,4819,4248,9067
20210425,경부선,성균관대,7263,7652,14915
20210425,경부선,진위,783,798,1581
20210425,경부선,송탄,3258,3877,7135
20210425,경부선,서정리,3716,5251,8967
20210425,우이신설선,솔밭공원,1381,1339,2720
20210425,우이신설선,4.19민주묘지,1962,1731,3693
20210425,우이신설선,가오리,2301,2056,4357
20210425,우이신설선,화계,1954,1854,3808
20210425,우이신설선,삼양,1178,1181,2359
20210425,우이신설선,삼양사거리,1456,1369,2825
20210425,우이신설선,솔샘,2472,2479,4951
20210425,경부선,서동탄,692,735,1427
20210425,경부선,당정,2979,2880,5859
20210425,경부선,천안,5758,5286,11044
20210425,경부선,두정,4276,4576,8852
20210425,경부선,직산,521,598,1119
20210425,경부선,성환,2180,2632,4812
20210425,경부선,평택,10571,11504,22075
20210425,경부선,지제,2095,1863,3958
20210425,경부선,석수,4955,5107,10062
20210425,경부선,금천구청,6051,5904,11955
20210425,경부선,가산디지털단지,4368,6186,10554
20210425,경부선,구로,9419,9676,19095
20210425,9호선2~3단계,중앙보훈병원,3131,2999,6130
20210425,9호선2~3단계,둔촌오륜,357,389,746
20210425,9호선2~3단계,올림픽공원,3091,3239,6330
20210425,9호선2~3단계,한성백제,1379,1227,2606
20210425,9호선2~3단계,송파나루,2543,2697,5240
20210425,9호선2~3단계,석촌,4250,3700,7950
20210425,9호선2~3단계,석촌고분,2723,2702,5425
20210425,9호선2~3단계,삼전,3205,3192,6397
20210425,9호선2~3단계,종합운동장,1932,1762,3694
20210425,9호선2~3단계,봉은사,6108,6069,12177
20210425,9호선2~3단계,삼성중앙,1756,1789,3545
20210425,9호선2~3단계,선정릉,2964,3317,6281
20210425,9호선2~3단계,언주,3055,3203,6258
20210425,9호선,신논현,13555,12884,26439
20210425,9호선,사평,1231,1289,2520
20210425,경강선,판교,2078,1803,3881
20210425,우이신설선,북한산우이,3340,3456,6796
20210425,경강선,이매,611,539,1150
20210425,경강선,경기광주,3316,3368,6684
20210425,경부선,신길,4708,4204,8912
20210425,경부선,신도림,2286,2277,4563
20210425,경부선,영등포,27648,26879,54527
20210425,경부선,대방,5447,5860,11307
20210425,경부선,노량진,5838,5574,11412
20210425,경부선,용산,26092,23342,49434
20210425,경부선,남영,3907,4266,8173
20210425,경부선,서울역,6035,1281,7316
20210425,경강선,여주,2025,1981,4006
20210425,경강선,세종대왕릉,293,264,557
20210425,경강선,부발,1150,1721,2871
20210425,경강선,이천,1813,2002,3815
20210425,경강선,신둔도예촌,786,762,1548
20210425,경강선,곤지암,1409,1554,2963
20210425,경강선,초월,1493,1491,2984
20210425,경강선,삼동,901,912,1813
20210425,안산선,수리산,2606,2973,5579
20210425,안산선,오이도,5823,5726,11549
20210425,안산선,정왕,4945,5500,10445
20210425,경의선,신촌,216,250,466
20210425,경의선,서울역,915,875,1790
20210425,경원선,소요산,4946,4153,9099
20210425,경원선,동두천,1390,1893,3283
20210425,경원선,보산,1266,1413,2679
20210425,경원선,동두천중앙,2124,2208,4332
20210425,경원선,지행,4033,4030,8063
20210425,경원선,덕정,3237,3243,6480
20210425,경원선,덕계,1644,1560,3204
20210425,경원선,양주,4935,4804,9739
20210425,경원선,녹양,2538,2505,5043
20210425,경원선,가능,3933,3734,7667
20210425,경원선,의정부,12580,12636,25216
20210425,경원선,회룡,6975,7131,14106
20210425,경원선,망월사,4589,4787,9376
20210425,경의선,효창공원앞,1197,1404,2601
20210425,경원선,도봉산,9837,7120,16957
20210425,경의선,공덕,1540,1376,2916
20210425,경의선,홍대입구,1356,1589,2945
20210425,경의선,금릉,2624,2545,5169
20210425,경의선,운정,3157,2987,6144
20210425,경의선,야당,3660,3602,7262
20210425,경의선,탄현,3875,3625,7500
20210425,경의선,일산,4408,4171,8579
20210425,경의선,풍산,3221,3017,6238
20210425,경의선,백마,3056,3009,6065
20210425,경의선,곡산,297,313,610
20210425,경의선,능곡,2140,2216,4356
20210425,경의선,행신,4040,3781,7821
20210425,경의선,강매,1371,1306,2677
20210425,경의선,화전,837,859,1696
20210425,경의선,수색,910,976,1886
20210425,경의선,디지털미디어시티,1322,1186,2508
20210425,경의선,가좌,2749,2760,5509
20210425,경의선,서강대,1125,1114,2239
20210425,경의선,파주,677,626,1303
20210425,경원선,도봉,3497,3279,6776
20210425,경원선,녹천,2713,2341,5054
20210425,일산선,원흥,4824,4553,9377
20210425,일산선,삼송,9421,9321,18742
20210425,일산선,원당,5836,5726,11562
20210425,일산선,화정,8681,8782,17463
20210425,일산선,대곡,1081,865,1946
20210425,일산선,백석,5185,5153,10338
20210425,일산선,마두,3133,3165,6298
20210425,일산선,정발산,5152,5144,10296
20210425,일산선,주엽,4103,4033,8136
20210425,일산선,대화,5764,5231,10995
20210425,장항선,봉명,538,561,1099
20210425,장항선,쌍용,1054,1173,2227
20210425,장항선,아산,2876,1968,4844
20210425,안산선,안산,9618,8937,18555
20210425,안산선,신길온천,1131,1030,2161
20210425,우이신설선,신설동,1086,1086,2172
20210425,경원선,방학,5420,5327,10747
20210425,우이신설선,보문,891,808,1699
20210425,우이신설선,정릉,2487,2158,4645
20210425,경원선,월계,3873,3545,7418
20210425,경원선,광운대,3954,4072,8026
20210425,경원선,석계,4605,5028,9633
20210425,경원선,신이문,4451,4354,8805
20210425,경원선,외대앞,4167,4132,8299
20210425,경원선,청량리,12550,11832,24382
20210425,경원선,왕십리,7576,8574,16150
20210425,경원선,응봉,1157,1146,2303
20210425,경원선,옥수,52,24,76
20210425,경원선,한남,1993,1969,3962
20210425,경원선,서빙고,1333,1305,2638
20210425,경원선,이촌,2583,1824,4407
20210425,경부선,광명,2187,1501,3688
20210425,경원선,창동,1,0,1
20210425,우이신설선,북한산보국문,3529,3212,6741
20210425,우이신설선,성신여대입구,1880,2066,3946
20210425,8호선,문정,5297,5699,10996
