사용일자,호선명,지하철역,승차총승객수,하차총승객수,승하차총승객수
20210703,경의선,임진강,63,46,109
20210703,4호선,미아사거리,19737,19277,39014
20210703,4호선,미아,9775,9375,19150
20210703,4호선,수유,23476,23136,46612
20210703,3호선,오금,3311,3014,6325
20210703,3호선,경찰병원,3699,3594,7293
20210703,3호선,가락시장,5521,5239,10760
20210703,4호선,길음,12352,12050,24402
20210703,3호선,수서,11900,12263,24163
20210703,3호선,학여울,1751,1733,3484
20210703,3호선,대치,7491,6930,14421
20210703,3호선,도곡,3227,3193,6420
20210703,3호선,매봉,5691,5471,11162
20210703,3호선,양재,19498,20584,40082
20210703,3호선,남부터미널,18164,18480,36644
20210703,3호선,일원,4297,4399,8696
20210703,4호선,성신여대입구,14686,14202,28888
20210703,4호선,한성대입구,9435,9194,18629
20210703,4호선,혜화,24036,24220,48256
20210703,4호선,당고개,9038,8613,17651
20210703,4호선,남태령,1003,685,1688
20210703,4호선,사당,18344,15313,33657
20210703,4호선,총신대입구,13055,14072,27127
20210703,4호선,동작,1443,1506,2949
20210703,4호선,이촌,5935,6434,12369
20210703,4호선,신용산,8521,9482,18003
20210703,4호선,삼각지,2859,3640,6499
20210703,4호선,숙대입구,7842,7620,15462
20210703,4호선,서울역,4692,10254,14946
20210703,4호선,회현,16357,16422,32779
20210703,4호선,명동,10773,12428,23201
20210703,4호선,충무로,11350,11604,22954
20210703,4호선,동대문역사문화공원,10278,8803,19081
20210703,4호선,동대문,13055,12730,25785
20210703,3호선,교대,6235,3739,9974
20210703,3호선,고속터미널,44159,45040,89199
20210703,3호선,잠원,2988,2993,5981
20210703,3호선,신사,22009,22038,44047
20210703,2호선,양천구청,4001,4161,8162
20210703,2호선,도림천,776,841,1617
20210703,2호선,신설동,2799,2584,5383
20210703,2호선,신답,891,951,1842
20210703,2호선,용답,1843,1891,3734
20210703,2호선,충정로,5377,5761,11138
20210703,2호선,아현,6876,6749,13625
20210703,2호선,이대,8985,9687,18672
20210703,2호선,신촌,27477,27650,55127
20210703,2호선,홍대입구,45187,45330,90517
20210703,2호선,합정,23263,24901,48164
20210703,2호선,당산,11041,12051,23092
20210703,2호선,영등포구청,11411,11851,23262
20210703,2호선,문래,10878,11533,22411
20210703,2호선,신도림,36956,36789,73745
20210703,2호선,신정네거리,6572,6771,13343
20210703,4호선,상계,12400,11756,24156
20210703,2호선,용두,1617,1621,3238
20210703,3호선,구파발,13396,13515,26911
20210703,3호선,압구정,24090,24681,48771
20210703,3호선,옥수,6282,6538,12820
20210703,3호선,금호,5330,4940,10270
20210703,3호선,약수,8361,8035,16396
20210703,3호선,동대입구,4763,5107,9870
20210703,3호선,을지로3가,6030,6088,12118
20210703,3호선,종로3가,4775,7246,12021
20210703,3호선,안국,12556,12904,25460
20210703,3호선,경복궁,13491,13114,26605
20210703,3호선,독립문,4880,5267,10147
20210703,3호선,무악재,2387,2431,4818
20210703,3호선,홍제,11899,11430,23329
20210703,3호선,녹번,9259,8310,17569
20210703,3호선,불광,11765,13207,24972
20210703,3호선,연신내,26811,24925,51736
20210703,3호선,지축,2527,2401,4928
20210703,2호선,대림,16211,17306,33517
20210703,4호선,노원,14767,15595,30362
20210703,4호선,쌍문,19013,17438,36451
20210703,5호선,강일,2072,1958,4030
20210703,5호선,마천,4137,4224,8361
20210703,5호선,거여,4916,4768,9684
20210703,5호선,개롱,3986,4124,8110
20210703,5호선,오금,1991,1893,3884
20210703,5호선,방이,4454,4505,8959
20210703,5호선,미사,9866,9846,19712
20210703,5호선,올림픽공원,4512,4080,8592
20210703,5호선,상일동,8783,8544,17327
20210703,5호선,고덕,5661,5557,11218
20210703,5호선,명일,5490,5411,10901
20210703,5호선,굽은다리,6571,6262,12833
20210703,5호선,길동,5592,5733,11325
20210703,5호선,강동,11245,10823,22068
20210703,5호선,둔촌동,5841,5792,11633
20210703,5호선,하남풍산,2494,2565,5059
20210703,5호선,하남시청,4024,3918,7942
20210703,5호선,하남검단산,4066,4221,8287
20210703,6호선,광흥창,4989,4512,9501
20210703,6호선,상수,6631,7558,14189
20210703,6호선,합정,10557,9500,20057
20210703,6호선,망원,11428,12033,23461
20210703,6호선,마포구청,8460,7790,16250
20210703,6호선,월드컵경기장,3665,3738,7403
20210703,6호선,디지털미디어시티,6273,6572,12845
20210703,6호선,증산,6639,6656,13295
20210703,6호선,새절,7862,7773,15635
20210703,6호선,구산,4619,3803,8422
20210703,6호선,연신내,1,0,1
20210703,6호선,독바위,1870,2204,4074
20210703,6호선,불광,3895,3237,7132
20210703,6호선,역촌,2512,2909,5421
20210703,6호선,응암,11203,11262,22465
20210703,5호선,천호,14934,13898,28832
20210703,5호선,광나루,8547,8384,16931
20210703,5호선,아차산,10588,10213,20801
20210703,5호선,군자,7722,8502,16224
20210703,5호선,영등포시장,6741,6726,13467
20210703,5호선,영등포구청,1951,1794,3745
20210703,5호선,양평,3451,3306,6757
20210703,5호선,오목교,14932,15209,30141
20210703,5호선,목동,10210,10410,20620
20210703,5호선,신정,8133,7302,15435
20210703,5호선,까치산,18924,18455,37379
20210703,5호선,화곡,17964,16659,34623
20210703,5호선,우장산,8371,8611,16982
20210703,5호선,발산,12137,12670,24807
20210703,5호선,마곡,4705,4760,9465
20210703,5호선,송정,4568,4516,9084
20210703,5호선,김포공항,7285,7218,14503
20210703,5호선,개화산,3337,3259,6596
20210703,5호선,방화,4182,4011,8193
20210703,5호선,신길,2563,2550,5113
20210703,4호선,창동,17045,18277,35322
20210703,5호선,여의도,14019,12739,26758
20210703,5호선,마포,7573,7100,14673
20210703,5호선,장한평,10095,10034,20129
20210703,5호선,답십리,9409,8739,18148
20210703,5호선,마장,3534,3478,7012
20210703,5호선,왕십리,3234,3640,6874
20210703,5호선,행당,5016,4437,9453
20210703,5호선,신금호,3542,3745,7287
20210703,5호선,청구,2292,2246,4538
20210703,5호선,동대문역사문화공원,933,1163,2096
20210703,5호선,을지로4가,3587,3955,7542
20210703,5호선,종로3가,9371,9355,18726
20210703,5호선,광화문,13099,13885,26984
20210703,5호선,서대문,6734,6467,13201
20210703,5호선,충정로,2061,1912,3973
20210703,5호선,애오개,3622,3554,7176
20210703,5호선,공덕,7308,7366,14674
20210703,5호선,여의나루,5190,8390,13580
20210703,2호선,구로디지털단지,30190,30140,60330
20210703,2호선,신림,44788,43185,87973
20210703,2호선,봉천,15326,14389,29715
20210703,경의선,서강대,1418,1441,2859
20210703,경의선,공덕,2358,1841,4199
20210703,경의선,효창공원앞,1523,1785,3308
20210703,경의선,신촌,305,348,653
20210703,안산선,중앙,13621,14116,27737
20210703,경의선,서울역,1007,787,1794
20210703,경의선,홍대입구,1248,1556,2804
20210703,경원선,소요산,3148,2848,5996
20210703,경원선,보산,1285,1337,2622
20210703,경원선,동두천중앙,2296,2315,4611
20210703,경원선,지행,4750,4705,9455
20210703,경원선,덕정,3673,3430,7103
20210703,경원선,덕계,2060,1896,3956
20210703,경원선,양주,5329,5130,10459
20210703,경원선,동두천,1381,1740,3121
20210703,경의선,가좌,3423,3409,6832
20210703,경의선,디지털미디어시티,1762,1655,3417
20210703,경의선,수색,1330,1286,2616
20210703,공항철도 1호선,공덕,1275,1924,3199
20210703,공항철도 1호선,서울역,6113,6343,12456
20210703,경춘선,춘천,1472,1323,2795
20210703,경춘선,남춘천,2123,2214,4337
20210703,경춘선,김유정,404,494,898
20210703,경춘선,강촌,529,630,1159
20210703,경춘선,백양리,106,104,210
20210703,경춘선,굴봉산,169,191,360
20210703,중앙선,용문,1859,2087,3946
20210703,중앙선,지평,52,61,113
20210703,3호선,대청,5212,4862,10074
20210703,경의선,능곡,2533,2453,4986
20210703,경의선,행신,4660,4702,9362
20210703,경의선,강매,1766,1697,3463
20210703,경의선,화전,894,868,1762
20210703,경원선,녹양,3124,3068,6192
20210703,경원선,가능,4582,4487,9069
20210703,경원선,의정부,15350,15858,31208
20210703,경원선,회룡,8546,8462,17008
20210703,안산선,오이도,6484,6530,13014
20210703,안산선,수리산,2534,2247,4781
20210703,우이신설선,북한산우이,2718,2827,5545
20210703,우이신설선,솔밭공원,1684,1606,3290
20210703,우이신설선,4.19민주묘지,1972,1903,3875
20210703,우이신설선,가오리,2682,2556,5238
20210703,우이신설선,화계,2271,2165,4436
20210703,우이신설선,삼양,1388,1424,2812
20210703,우이신설선,삼양사거리,1724,1753,3477
20210703,우이신설선,솔샘,3318,3007,6325
20210703,우이신설선,북한산보국문,4107,3839,7946
20210703,우이신설선,정릉,3129,2736,5865
20210703,경의선,월롱,1132,1070,2202
20210703,경의선,파주,761,612,1373
20210703,경의선,문산,3873,3778,7651
20210703,안산선,정왕,5366,5670,11036
20210703,공항철도 1호선,홍대입구,8291,8404,16695
20210703,안산선,신길온천,1202,1139,2341
20210703,중앙선,아신,497,557,1054
20210703,경원선,망월사,5073,5263,10336
20210703,경원선,도봉산,7650,5164,12814
20210703,경원선,도봉,4003,3857,7860
20210703,경원선,방학,6586,6526,13112
20210703,경원선,녹천,3130,2727,5857
20210703,경원선,월계,3973,3840,7813
20210703,안산선,고잔,5579,5553,11132
20210703,중앙선,덕소,4135,4180,8315
20210703,중앙선,도심,1488,1374,2862
20210703,중앙선,팔당,1233,1290,2523
20210703,중앙선,운길산,1100,1003,2103
20210703,중앙선,양수,2104,2260,4364
20210703,중앙선,신원,230,176,406
20210703,안산선,초지,2778,2773,5551
20210703,중앙선,국수,630,654,1284
20210703,안산선,안산,8321,8983,17304
20210703,중앙선,원덕,384,424,808
20210703,중앙선,양평,3284,3442,6726
20210703,중앙선,오빈,259,266,525
20210703,2호선,한양대,3732,3754,7486
20210703,2호선,왕십리,12064,10221,22285
20210703,2호선,상왕십리,8716,8413,17129
20210703,2호선,신당,9586,10286,19872
20210703,2호선,동대문역사문화공원,9090,9893,18983
20210703,2호선,을지로4가,6881,6436,13317
20210703,2호선,을지로3가,10914,10338,21252
20210703,2호선,을지로입구,18841,18362,37203
20210703,2호선,시청,7643,6711,14354
20210703,1호선,청량리,16378,16707,33085
20210703,1호선,제기동,13458,13922,27380
20210703,1호선,신설동,8496,8155,16651
20210703,1호선,동대문,10108,9211,19319
20210703,1호선,종로5가,20945,17892,38837
20210703,1호선,종로3가,17048,17680,34728
20210703,2호선,뚝섬,11250,11605,22855
20210703,1호선,종각,18584,18138,36722
20210703,2호선,성수,16274,17469,33743
20210703,2호선,구의,14649,14572,29221
20210703,2호선,서울대입구,34603,32914,67517
20210703,2호선,낙성대,19118,17917,37035
20210703,2호선,사당,25634,28121,53755
20210703,2호선,방배,8614,8954,17568
20210703,2호선,서초,9028,7448,16476
20210703,2호선,교대,15555,17585,33140
20210703,2호선,강남,55661,54163,109824
20210703,2호선,역삼,16790,17932,34722
20210703,2호선,선릉,22319,19997,42316
20210703,2호선,삼성,32266,31844,64110
20210703,2호선,종합운동장,4706,5350,10056
20210703,2호선,잠실새내,15776,16214,31990
20210703,2호선,잠실,55559,52978,108537
20210703,2호선,잠실나루,6579,6550,13129
20210703,2호선,강변,23487,23930,47417
20210703,2호선,건대입구,29728,30857,60585
20210703,6호선,대흥,5034,5046,10080
20210703,1호선,시청,8587,8957,17544
20210703,경강선,판교,2776,2539,5315
20210703,일산선,대화,7899,7375,15274
20210703,장항선,봉명,660,597,1257
20210703,장항선,쌍용,1292,1145,2437
20210703,장항선,아산,2300,2283,4583
20210703,장항선,배방,802,777,1579
20210703,장항선,온양온천,2890,3016,5906
20210703,장항선,신창,859,852,1711
20210703,중앙선,회기,17045,16360,33405
20210703,중앙선,중랑,4090,4037,8127
20210703,중앙선,상봉,4665,4556,9221
20210703,중앙선,망우,5635,5569,11204
20210703,중앙선,양원,1013,1039,2052
20210703,중앙선,구리,9566,9714,19280
20210703,중앙선,도농,6000,5854,11854
20210703,중앙선,양정,616,560,1176
20210703,일산선,주엽,5881,5763,11644
20210703,1호선,동묘앞,8612,8737,17349
20210703,일산선,정발산,5657,5586,11243
20210703,일산선,백석,6773,6985,13758
20210703,1호선,서울역,26929,27300,54229
20210703,경의선,일산,5996,6016,12012
20210703,경의선,탄현,4897,4723,9620
20210703,경의선,야당,4769,4712,9481
20210703,경의선,운정,4328,4180,8508
20210703,경의선,금릉,3256,3048,6304
20210703,경의선,금촌,4713,4606,9319
20210703,우이신설선,성신여대입구,2467,2757,5224
20210703,우이신설선,보문,1091,1153,2244
20210703,우이신설선,신설동,1169,1195,2364
20210703,일산선,원흥,6376,6048,12424
20210703,일산선,삼송,12059,11884,23943
20210703,일산선,원당,7319,7113,14432
20210703,일산선,화정,11432,11807,23239
20210703,일산선,대곡,1321,1102,2423
20210703,일산선,마두,4551,4579,9130
20210703,6호선,공덕,8869,8630,17499
20210703,2호선,신대방,17904,17745,35649
20210703,6호선,삼각지,4535,3573,8108
20210703,경춘선,대성리,570,594,1164
20210703,경춘선,마석,3103,3086,6189
20210703,경춘선,천마산,1257,1226,2483
20210703,경춘선,평내호평,3999,3944,7943
20210703,경춘선,금곡,1038,1023,2061
20210703,경춘선,사릉,2090,2097,4187
20210703,경춘선,청평,1614,1752,3366
20210703,경춘선,퇴계원,2450,2304,4754
20210703,경춘선,갈매,1754,1507,3261
20210703,경춘선,신내,1003,966,1969
20210703,경인선,도화,2835,2661,5496
20210703,경인선,중동,5756,5623,11379
20210703,경인선,온수,4432,4190,8622
20210703,경인선,도원,1814,1893,3707
20210703,경춘선,별내,2022,2018,4040
20210703,경춘선,상천,311,281,592
20210703,경춘선,가평,2052,2621,4673
20210703,공항철도 1호선,디지털미디어시티,4727,4514,9241
20210703,과천선,정부과천청사,5147,5188,10335
20210703,과천선,과천,3904,3764,7668
20210703,과천선,대공원,3430,3563,6993
20210703,과천선,경마공원,1020,1010,2030
20210703,과천선,선바위,4741,4027,8768
20210703,공항철도 1호선,영종,2497,2552,5049
20210703,공항철도 1호선,인천공항2터미널,1579,1595,3174
20210703,공항철도 1호선,인천공항1터미널,2748,2946,5694
20210703,공항철도 1호선,공항화물청사,1204,1266,2470
20210703,공항철도 1호선,운서,4908,4946,9854
20210703,공항철도 1호선,청라국제도시,3471,3434,6905
20210703,공항철도 1호선,검암,3967,3867,7834
20210703,공항철도 1호선,계양,5720,5224,10944
20210703,공항철도 1호선,김포공항,10725,5686,16411
20210703,공항철도 1호선,마곡나루,2413,2620,5033
20210703,경인선,간석,3905,3912,7817
20210703,경인선,부개,5661,5513,11174
20210703,경인선,소사,6681,6838,13519
20210703,경원선,광운대,5140,4988,10128
20210703,경부선,서정리,5083,4471,9554
20210703,경부선,송탄,4117,3666,7783
20210703,경부선,진위,944,899,1843
20210703,경부선,오산,8468,8074,16542
20210703,경부선,오산대,2450,2225,4675
20210703,경부선,세마,1914,1771,3685
20210703,경부선,병점,10646,10512,21158
20210703,경부선,세류,2257,2258,4515
20210703,경부선,독산,7707,7743,15450
20210703,경부선,수원,33601,35621,69222
20210703,경부선,화서,4601,4509,9110
20210703,경부선,성균관대,9054,9090,18144
20210703,경부선,의왕,5117,5049,10166
20210703,경부선,군포,3892,3567,7459
20210703,경부선,금정,16446,16474,32920
20210703,경부선,평택지제,2482,2333,4815
20210703,과천선,평촌,8289,8259,16548
20210703,경부선,평택,11423,11335,22758
20210703,경부선,직산,558,549,1107
20210703,경원선,석계,6009,6350,12359
20210703,경원선,신이문,5553,5239,10792
20210703,경원선,외대앞,5327,5186,10513
20210703,경원선,청량리,14466,16028,30494
20210703,경원선,왕십리,10935,12689,23624
20210703,경원선,응봉,1155,1017,2172
20210703,경원선,옥수,46,39,85
20210703,경원선,한남,2511,2445,4956
20210703,경원선,서빙고,1157,1128,2285
20210703,경원선,이촌,2748,2101,4849
20210703,경부선,광명,2278,2092,4370
20210703,경부선,서동탄,918,978,1896
20210703,경부선,당정,3604,3462,7066
20210703,경부선,천안,5489,6066,11555
20210703,경부선,두정,5116,5439,10555
20210703,경부선,성환,2431,2279,4710
20210703,과천선,범계,18017,17589,35606
20210703,분당선,선릉,4943,7773,12716
20210703,분당선,한티,9999,9833,19832
20210703,안산선,반월,3034,2809,5843
20210703,안산선,대야미,3485,3134,6619
20210703,안산선,산본,10770,11516,22286
20210703,수인선,인천,949,1478,2427
20210703,수인선,신포,1058,1119,2177
20210703,수인선,숭의,2370,2163,4533
20210703,수인선,인하대,3594,3361,6955
20210703,수인선,송도,1686,1636,3322
20210703,수인선,연수,3171,3210,6381
20210703,수인선,원인재,3154,3358,6512
20210703,수인선,남동인더스파크,900,843,1743
20210703,수인선,호구포,2279,2169,4448
20210703,수인선,인천논현,3778,3956,7734
20210703,수인선,소래포구,4231,4262,8493
20210703,수인선,월곶,1798,1772,3570
20210703,안산선,상록수,10557,10792,21349
20210703,수인선,달월,51,50,101
20210703,안산선,한대앞,6153,6109,12262
20210703,경의선,백마,3924,3767,7691
20210703,6호선,효창공원앞,4154,3790,7944
20210703,경인선,개봉,14543,14812,29355
20210703,경인선,오류동,8107,7739,15846
20210703,경인선,역곡,17806,17509,35315
20210703,경인선,부천,25558,26253,51811
20210703,경인선,송내,16145,16401,32546
20210703,경인선,부평,26955,28777,55732
20210703,경인선,백운,4857,4907,9764
20210703,경인선,동암,10985,11307,22292
20210703,경인선,주안,13698,11977,25675
20210703,경인선,제물포,6339,6240,12579
20210703,경인선,동인천,9908,9788,19696
20210703,경인선,인천,3101,2530,5631
20210703,경인선,구일,3819,3626,7445
20210703,경의선,곡산,400,422,822
20210703,경의선,풍산,3800,3748,7548
20210703,경부선,명학,4399,4224,8623
20210703,수인선,사리,2813,2496,5309
20210703,수인선,어천,596,533,1129
20210703,분당선,서현,16858,17165,34023
20210703,분당선,야탑,15657,16365,32022
20210703,분당선,모란,14592,14573,29165
20210703,분당선,태평,9857,9446,19303
20210703,분당선,가천대,4266,4859,9125
20210703,분당선,선정릉,3689,3691,7380
20210703,분당선,강남구청,5026,6067,11093
20210703,분당선,압구정로데오,17327,18557,35884
20210703,분당선,서울숲,6035,6134,12169
20210703,분당선,수원,6403,5347,11750
20210703,분당선,수서,9399,9968,19367
20210703,분당선,대모산입구,2097,1885,3982
20210703,분당선,개포동,2459,2395,4854
20210703,분당선,구룡,1463,1335,2798
20210703,분당선,도곡,4461,4065,8526
20210703,분당선,수내,7854,7678,15532
20210703,수인선,야목,167,148,315
20210703,분당선,정자,9808,10112,19920
20210703,분당선,오리,6956,5726,12682
20210703,수인선,오목천,1790,1494,3284
20210703,수인선,고색,2007,1840,3847
20210703,분당선,매교,1819,1829,3648
20210703,분당선,수원시청,10123,10940,21063
20210703,분당선,매탄권선,2993,2844,5837
20210703,분당선,망포,8395,7740,16135
20210703,분당선,영통,5601,5755,11356
20210703,분당선,청명,2520,2462,4982
20210703,분당선,상갈,3479,3478,6957
20210703,분당선,기흥,6204,6008,12212
20210703,분당선,신갈,2638,2590,5228
20210703,분당선,구성,2890,3080,5970
20210703,분당선,죽전,9249,10568,19817
20210703,분당선,보정,1491,1366,2857
20210703,분당선,이매,3722,3712,7434
20210703,분당선,미금,10008,10275,20283
20210703,경부선,안양,15997,16094,32091
20210703,과천선,인덕원,13637,12490,26127
20210703,경부선,관악,5227,4988,10215
20210703,7호선,보라매,5942,5136,11078
20210703,7호선,신대방삼거리,10339,9679,20018
20210703,7호선,장승배기,6172,5994,12166
20210703,7호선,상도,6741,6405,13146
20210703,7호선,숭실대입구,7043,7014,14057
20210703,7호선,남성,7032,6714,13746
20210703,7호선,신풍,7460,7413,14873
20210703,7호선,이수,10858,10295,21153
20210703,7호선,고속터미널,13134,10206,23340
20210703,7호선,반포,4020,3767,7787
20210703,7호선,논현,10096,11224,21320
20210703,7호선,학동,9588,10112,19700
20210703,7호선,강남구청,8996,10080,19076
20210703,7호선,청담,10671,11682,22353
20210703,7호선,내방,7036,6980,14016
20210703,7호선,대림,6477,6936,13413
20210703,7호선,남구로,8015,8730,16745
20210703,7호선,가산디지털단지,13406,12116,25522
20210703,8호선,천호,10686,12537,23223
20210703,8호선,암사,11198,10740,21938
20210703,7호선,부평구청,4488,4000,8488
20210703,7호선,굴포천,6294,6564,12858
20210703,7호선,삼산체육관,3158,3091,6249
20210703,7호선,상동,9543,9555,19098
20210703,7호선,부천시청,9219,8950,18169
20210703,7호선,신중동,8963,8907,17870
20210703,7호선,춘의,4602,4511,9113
20210703,7호선,부천종합운동장,2914,2563,5477
20210703,7호선,까치울,4880,4919,9799
20210703,7호선,온수,5059,5012,10071
20210703,7호선,천왕,6040,5723,11763
20210703,7호선,광명사거리,15437,15468,30905
20210703,7호선,철산,13649,14114,27763
20210703,7호선,뚝섬유원지,5182,5178,10360
20210703,7호선,건대입구,9694,9620,19314
20210703,7호선,어린이대공원,7962,7625,15587
20210703,7호선,군자,9724,7620,17344
20210703,6호선,석계,8017,8098,16115
20210703,6호선,돌곶이,5495,5096,10591
20210703,6호선,상월곡,3722,3313,7035
20210703,6호선,월곡,6743,6694,13437
20210703,6호선,고려대,4680,4365,9045
20210703,6호선,안암,5535,5302,10837
20210703,6호선,보문,4644,4278,8922
20210703,6호선,창신,2029,1727,3756
20210703,6호선,동묘앞,6557,6261,12818
20210703,6호선,신당,5923,4547,10470
20210703,6호선,청구,2304,2238,4542
20210703,6호선,약수,2404,2258,4662
20210703,6호선,버티고개,1249,1344,2593
20210703,6호선,한강진,6847,7852,14699
20210703,6호선,이태원,9275,9872,19147
20210703,6호선,태릉입구,3762,3875,7637
20210703,8호선,강동구청,5578,5774,11352
20210703,6호선,화랑대,6076,5106,11182
20210703,7호선,장암,1423,1041,2464
20210703,7호선,중곡,5933,5721,11654
20210703,7호선,용마산,3874,3997,7871
20210703,7호선,사가정,11232,10886,22118
20210703,7호선,면목,10180,10059,20239
20210703,7호선,상봉,11860,11165,23025
20210703,7호선,중화,7088,6812,13900
20210703,7호선,먹골,7118,6964,14082
20210703,7호선,태릉입구,5986,5506,11492
20210703,7호선,공릉,7706,7623,15329
20210703,7호선,하계,10776,10406,21182
20210703,7호선,중계,8319,7594,15913
20210703,7호선,노원,14647,14847,29494
20210703,7호선,마들,7907,7722,15629
20210703,7호선,수락산,9429,9304,18733
20210703,7호선,도봉산,5616,7911,13527
20210703,6호선,봉화산,4831,4755,9586
20210703,8호선,몽촌토성,3706,3691,7397
20210703,6호선,녹사평,3932,4161,8093
20210703,8호선,석촌,5321,6450,11771
20210703,경강선,경기광주,4473,4342,8815
20210703,경강선,삼동,1338,1219,2557
20210703,경강선,이매,752,537,1289
20210703,9호선2~3단계,중앙보훈병원,4075,3786,7861
20210703,9호선2~3단계,둔촌오륜,557,602,1159
20210703,9호선2~3단계,올림픽공원,8847,8652,17499
20210703,9호선2~3단계,한성백제,1681,1543,3224
20210703,9호선2~3단계,송파나루,3968,4284,8252
20210703,9호선2~3단계,석촌,5643,4748,10391
20210703,9호선2~3단계,석촌고분,3814,3849,7663
20210703,9호선2~3단계,삼전,4620,4388,9008
20210703,9호선2~3단계,종합운동장,3279,2813,6092
20210703,9호선2~3단계,봉은사,12877,13542,26419
20210703,9호선2~3단계,삼성중앙,2981,3064,6045
20210703,9호선2~3단계,선정릉,4724,5437,10161
20210703,경강선,초월,1909,1778,3687
20210703,9호선2~3단계,언주,5962,5937,11899
20210703,경강선,곤지암,1632,1723,3355
20210703,경강선,이천,2231,2263,4494
20210703,8호선,잠실,12519,13681,26200
20210703,경부선,금천구청,7461,7541,15002
20210703,경부선,가산디지털단지,5386,7407,12793
20210703,경부선,구로,12244,12516,24760
20210703,경부선,신길,6363,4899,11262
20210703,경부선,신도림,2499,2757,5256
20210703,경부선,영등포,38445,37530,75975
20210703,경부선,대방,7570,7559,15129
20210703,경부선,노량진,7323,6628,13951
20210703,경부선,용산,31056,31827,62883
20210703,경부선,남영,5160,5333,10493
20210703,경부선,서울역,5229,1477,6706
20210703,경강선,여주,1862,2089,3951
20210703,경강선,세종대왕릉,256,280,536
20210703,경강선,부발,1612,1404,3016
20210703,경강선,신둔도예촌,910,944,1854
20210703,9호선,신논현,23908,23609,47517
20210703,경부선,석수,6243,5889,12132
20210703,9호선,고속터미널,10833,15908,26741
20210703,9호선,공항시장,2077,2238,4315
20210703,9호선,김포공항,8208,11990,20198
20210703,9호선,개화,1405,1127,2532
20210703,8호선,모란,3428,2902,6330
20210703,8호선,수진,3818,3535,7353
20210703,8호선,단대오거리,6850,6507,13357
20210703,9호선,신방화,4261,4224,8485
20210703,8호선,남한산성입구,8299,7457,15756
20210703,8호선,복정,6563,5496,12059
20210703,8호선,장지,11242,10192,21434
20210703,8호선,문정,7793,7979,15772
20210703,8호선,가락시장,5082,5078,10160
20210703,8호선,송파,4567,4841,9408
20210703,9호선,사평,2138,2024,4162
20210703,8호선,산성,4064,4177,8241
20210703,9호선,마곡나루,7270,6666,13936
20210703,8호선,신흥,3443,3634,7077
20210703,9호선,가양,12477,12048,24525
20210703,9호선,양천향교,5273,5191,10464
20210703,9호선,구반포,1895,2039,3934
20210703,9호선,동작,1294,1089,2383
20210703,9호선,흑석,5044,5113,10157
20210703,9호선,노들,2821,2554,5375
20210703,9호선,샛강,2842,2685,5527
20210703,9호선,여의도,12483,10585,23068
20210703,9호선,노량진,19143,18674,37817
20210703,9호선,신반포,2083,2170,4253
20210703,9호선,당산,12378,11136,23514
20210703,9호선,선유도,3599,3532,7131
20210703,9호선,신목동,2171,1872,4043
20210703,9호선,염창,10377,9654,20031
20210703,9호선,등촌,6674,6870,13544
20210703,9호선,증미,3877,3928,7805
20210703,9호선,국회의사당,4583,4836,9419
20210704,경인선,온수,3130,2934,6064
20210704,경인선,소사,4576,4407,8983
20210704,경인선,부개,3899,3676,7575
20210704,경인선,간석,2530,2457,4987
20210704,경인선,도원,1390,1437,2827
20210704,경인선,중동,4088,3808,7896
20210704,경춘선,평내호평,2688,2568,5256
20210704,경춘선,신내,612,651,1263
20210704,경춘선,갈매,1125,1032,2157
20210704,경춘선,별내,1431,1360,2791
20210704,경춘선,퇴계원,1716,1659,3375
20210704,경춘선,사릉,1311,1444,2755
20210704,경춘선,금곡,673,631,1304
20210704,경인선,구일,2561,2531,5092
20210704,경인선,도화,1949,1779,3728
20210704,경인선,인천,2350,1737,4087
20210704,경의선,금릉,2055,2133,4188
20210704,경인선,제물포,4476,4409,8885
20210704,분당선,구룡,588,586,1174
20210704,경의선,금촌,3224,3417,6641
20210704,경의선,월롱,609,1382,1991
20210704,경의선,파주,483,481,964
20210704,경의선,문산,2726,2828,5554
20210704,경의선,임진강,20,28,48
20210704,경인선,개봉,9533,9619,19152
20210704,경인선,오류동,6044,5710,11754
20210704,경인선,역곡,11655,11713,23368
20210704,경인선,부천,18541,18087,36628
20210704,경인선,송내,10852,10483,21335
20210704,경인선,부평,19159,19501,38660
20210704,경인선,백운,3273,3254,6527
20210704,경인선,동암,7943,7964,15907
20210704,경인선,주안,9390,8254,17644
20210704,경인선,동인천,7257,7013,14270
20210704,경춘선,천마산,863,745,1608
20210704,공항철도 1호선,계양,3844,3774,7618
20210704,경춘선,대성리,428,321,749
20210704,공항철도 1호선,인천공항1터미널,2521,2592,5113
20210704,공항철도 1호선,인천공항2터미널,1580,1445,3025
20210704,공항철도 1호선,영종,1854,1748,3602
20210704,과천선,선바위,2870,2723,5593
20210704,과천선,경마공원,734,706,1440
20210704,과천선,대공원,1771,1798,3569
20210704,과천선,과천,2394,2287,4681
20210704,과천선,정부과천청사,3112,3229,6341
20210704,과천선,인덕원,8651,8071,16722
20210704,과천선,평촌,5065,4986,10051
20210704,과천선,범계,12036,11670,23706
20210704,분당선,선릉,2394,3501,5895
20210704,분당선,한티,6353,6324,12677
20210704,분당선,도곡,2333,2274,4607
20210704,경의선,운정,2711,2727,5438
20210704,공항철도 1호선,공항화물청사,914,954,1868
20210704,경춘선,마석,1912,1837,3749
20210704,공항철도 1호선,운서,3894,4184,8078
20210704,공항철도 1호선,검암,2786,2862,5648
20210704,경춘선,청평,1355,981,2336
20210704,경춘선,상천,199,180,379
20210704,경춘선,가평,1871,1205,3076
20210704,경춘선,굴봉산,124,87,211
20210704,경춘선,백양리,110,88,198
20210704,경춘선,강촌,497,314,811
20210704,경춘선,김유정,242,224,466
20210704,경춘선,남춘천,1758,1781,3539
20210704,경춘선,춘천,1062,881,1943
20210704,공항철도 1호선,서울역,6227,5207,11434
20210704,공항철도 1호선,공덕,902,1281,2183
20210704,공항철도 1호선,홍대입구,6370,6097,12467
20210704,공항철도 1호선,디지털미디어시티,2915,3046,5961
20210704,공항철도 1호선,마곡나루,1671,1851,3522
20210704,공항철도 1호선,김포공항,10638,5377,16015
20210704,공항철도 1호선,청라국제도시,2528,2468,4996
20210704,경의선,야당,3279,3173,6452
20210704,경원선,광운대,3470,3604,7074
20210704,경의선,일산,3674,3484,7158
20210704,경부선,평택지제,1852,1752,3604
20210704,경부선,평택,9592,9770,19362
20210704,경부선,성환,2034,2292,4326
20210704,경부선,직산,439,507,946
20210704,경부선,두정,4437,4477,8914
20210704,경부선,천안,5472,4998,10470
20210704,경부선,당정,2460,2527,4987
20210704,경부선,서동탄,696,742,1438
20210704,경부선,광명,2061,1431,3492
20210704,경원선,이촌,1785,1415,3200
20210704,경원선,서빙고,1131,1081,2212
20210704,경원선,한남,1545,1605,3150
20210704,경원선,옥수,47,22,69
20210704,경원선,응봉,981,868,1849
20210704,경원선,왕십리,7526,8530,16056
20210704,경부선,서정리,3368,4742,8110
20210704,경원선,청량리,11997,10451,22448
20210704,경부선,송탄,3085,3453,6538
20210704,경부선,오산,6429,6995,13424
20210704,분당선,개포동,1629,1718,3347
20210704,경부선,관악,3410,3198,6608
20210704,경부선,안양,10871,10727,21598
20210704,경부선,명학,2632,2566,5198
20210704,경부선,금정,10983,11477,22460
20210704,경부선,군포,2549,2418,4967
20210704,경부선,의왕,3446,3542,6988
20210704,경부선,성균관대,6212,6719,12931
20210704,경부선,화서,3185,3225,6410
20210704,경부선,수원,27794,26758,54552
20210704,경부선,독산,4911,5159,10070
20210704,경부선,세류,1703,1743,3446
20210704,경부선,병점,7469,8398,15867
20210704,경부선,세마,1425,1344,2769
20210704,경부선,오산대,1649,1605,3254
20210704,경부선,진위,725,786,1511
20210704,경의선,탄현,3456,3132,6588
20210704,경원선,외대앞,3692,3657,7349
20210704,경원선,석계,3800,4228,8028
20210704,경의선,신촌,195,224,419
20210704,경의선,효창공원앞,978,1156,2134
20210704,경의선,공덕,1355,1085,2440
20210704,경의선,서강대,997,1028,2025
20210704,경의선,홍대입구,1126,1153,2279
20210704,경의선,가좌,2215,2219,4434
20210704,경의선,디지털미디어시티,1106,1051,2157
20210704,경의선,수색,750,872,1622
20210704,경의선,화전,587,597,1184
20210704,경의선,강매,1097,1043,2140
20210704,경의선,행신,3460,3222,6682
20210704,경의선,능곡,1685,1673,3358
20210704,경의선,곡산,253,230,483
20210704,경의선,백마,2519,2479,4998
20210704,경의선,풍산,2762,2600,5362
20210704,경의선,서울역,890,749,1639
20210704,경원선,신이문,3762,3575,7337
20210704,경원선,소요산,2406,1945,4351
20210704,경원선,보산,1057,1023,2080
20210704,경원선,월계,3192,2929,6121
20210704,경원선,녹천,2045,1806,3851
20210704,경원선,방학,4678,4580,9258
20210704,경원선,도봉,2783,2579,5362
20210704,경원선,도봉산,4489,3059,7548
20210704,경원선,망월사,3430,3510,6940
20210704,경원선,회룡,5641,5614,11255
20210704,경원선,의정부,10668,10782,21450
20210704,경원선,가능,3181,3005,6186
20210704,경원선,녹양,2178,2125,4303
20210704,경원선,양주,3597,3668,7265
20210704,경원선,덕계,1292,1235,2527
20210704,경원선,덕정,2500,2617,5117
20210704,경원선,지행,3406,3431,6837
20210704,경원선,동두천중앙,1685,1597,3282
20210704,경원선,동두천,1183,1279,2462
20210704,분당선,대모산입구,1444,1399,2843
20210704,2호선,신림,31258,30908,62166
20210704,분당선,복정,1,0,1
20210704,중앙선,덕소,2695,2763,5458
20210704,중앙선,도심,947,863,1810
20210704,중앙선,팔당,805,754,1559
20210704,중앙선,운길산,734,641,1375
20210704,중앙선,양수,1321,1230,2551
20210704,중앙선,신원,113,96,209
20210704,중앙선,국수,422,350,772
20210704,중앙선,아신,415,362,777
20210704,중앙선,오빈,133,123,256
20210704,중앙선,양평,1700,1528,3228
20210704,중앙선,원덕,263,200,463
20210704,중앙선,용문,1587,1198,2785
20210704,중앙선,지평,51,28,79
20210704,1호선,서울역,22868,19664,42532
20210704,1호선,동묘앞,5605,5775,11380
20210704,중앙선,양정,382,321,703
20210704,1호선,시청,5671,5415,11086
20210704,중앙선,도농,3679,3724,7403
20210704,중앙선,양원,563,596,1159
20210704,일산선,백석,4618,4554,9172
20210704,일산선,마두,2762,2733,5495
20210704,일산선,정발산,3857,3822,7679
20210704,일산선,주엽,3517,3548,7065
20210704,일산선,대화,5222,4698,9920
20210704,장항선,봉명,531,507,1038
20210704,장항선,쌍용,1076,1125,2201
20210704,장항선,아산,2516,1742,4258
20210704,장항선,배방,697,767,1464
20210704,장항선,온양온천,3460,3457,6917
20210704,장항선,신창,718,844,1562
20210704,중앙선,회기,12132,12334,24466
20210704,중앙선,중랑,2888,2788,5676
20210704,중앙선,상봉,3376,3340,6716
20210704,중앙선,망우,3967,3958,7925
20210704,중앙선,구리,5880,6280,12160
20210704,일산선,대곡,784,684,1468
20210704,1호선,종각,9596,8868,18464
20210704,1호선,종로5가,6812,7067,13879
20210704,2호선,잠실,37241,35203,72444
20210704,2호선,잠실새내,9502,9759,19261
20210704,2호선,종합운동장,4320,4622,8942
20210704,2호선,삼성,19801,19908,39709
20210704,2호선,선릉,10624,9251,19875
20210704,2호선,역삼,9526,10441,19967
20210704,2호선,강남,30583,29829,60412
20210704,2호선,교대,9391,10113,19504
20210704,2호선,서초,9752,9126,18878
20210704,2호선,방배,5636,5987,11623
20210704,2호선,사당,16832,18447,35279
20210704,2호선,낙성대,12811,13344,26155
20210704,2호선,서울대입구,22487,23407,45894
20210704,2호선,봉천,10308,10064,20372
20210704,경부선,석수,4066,3697,7763
20210704,2호선,잠실나루,4152,4245,8397
20210704,1호선,종로3가,10938,9895,20833
20210704,2호선,강변,18132,17286,35418
20210704,2호선,건대입구,20381,21865,42246
20210704,1호선,동대문,6446,6688,13134
20210704,1호선,신설동,5114,5165,10279
20210704,1호선,제기동,6494,6688,13182
20210704,1호선,청량리,9871,9977,19848
20210704,2호선,시청,4364,3638,8002
20210704,2호선,을지로입구,12577,12022,24599
20210704,2호선,을지로3가,6399,5993,12392
20210704,2호선,을지로4가,2488,2316,4804
20210704,2호선,동대문역사문화공원,5703,6689,12392
20210704,2호선,신당,6085,6558,12643
20210704,2호선,상왕십리,5628,5541,11169
20210704,2호선,왕십리,7689,6754,14443
20210704,2호선,한양대,1961,2094,4055
20210704,2호선,뚝섬,7253,7499,14752
20210704,2호선,성수,10044,11053,21097
20210704,2호선,구의,9565,9563,19128
20210704,분당선,수서,7533,6952,14485
20210704,일산선,화정,7392,7552,14944
20210704,일산선,삼송,8317,8281,16598
20210704,분당선,기흥,4211,4063,8274
20210704,분당선,상갈,2362,2382,4744
20210704,분당선,청명,1661,1756,3417
20210704,분당선,영통,3976,4068,8044
20210704,분당선,망포,5385,5713,11098
20210704,분당선,매탄권선,2056,2040,4096
20210704,분당선,수원시청,6246,6247,12493
20210704,분당선,매교,1172,1202,2374
20210704,수인선,고색,1338,1363,2701
20210704,수인선,오목천,1120,1131,2251
20210704,수인선,어천,442,569,1011
20210704,수인선,야목,138,106,244
20210704,수인선,사리,1973,1777,3750
20210704,수인선,달월,33,35,68
20210704,수인선,월곶,1397,1321,2718
20210704,분당선,신갈,1706,1733,3439
20210704,수인선,소래포구,3212,3093,6305
20210704,분당선,구성,1945,2101,4046
20210704,분당선,보정,922,850,1772
20210704,분당선,수원,4869,3907,8776
20210704,분당선,서울숲,3876,4028,7904
20210704,분당선,압구정로데오,8467,9326,17793
20210704,분당선,강남구청,2676,3107,5783
20210704,분당선,선정릉,1886,1995,3881
20210704,분당선,가천대,3004,3610,6614
20210704,분당선,태평,7147,6653,13800
20210704,분당선,모란,12619,13146,25765
20210704,분당선,야탑,11106,11285,22391
20210704,분당선,서현,11759,11846,23605
20210704,분당선,수내,5097,4912,10009
20210704,분당선,정자,6066,6490,12556
20210704,분당선,미금,6219,6488,12707
20210704,분당선,오리,4662,4067,8729
20210704,분당선,이매,2632,2744,5376
20210704,분당선,죽전,6791,7966,14757
20210704,일산선,원당,4830,4649,9479
20210704,수인선,인천논현,2443,2645,5088
20210704,수인선,남동인더스파크,471,480,951
20210704,안산선,수리산,1679,1487,3166
20210704,우이신설선,북한산우이,1670,1703,3373
20210704,우이신설선,솔밭공원,1116,1082,2198
20210704,우이신설선,4.19민주묘지,1384,1245,2629
20210704,우이신설선,가오리,1917,1799,3716
20210704,우이신설선,화계,1723,1618,3341
20210704,우이신설선,삼양,1002,917,1919
20210704,우이신설선,삼양사거리,1160,1160,2320
20210704,우이신설선,솔샘,2147,1964,4111
20210704,우이신설선,북한산보국문,2924,2659,5583
20210704,우이신설선,정릉,2103,1850,3953
20210704,우이신설선,성신여대입구,1562,1926,3488
20210704,우이신설선,보문,759,789,1548
20210704,우이신설선,신설동,784,728,1512
20210704,일산선,원흥,4245,4132,8377
20210704,안산선,오이도,4596,4608,9204
20210704,수인선,호구포,1584,1653,3237
20210704,안산선,정왕,4222,4507,8729
20210704,안산선,안산,8017,7311,15328
20210704,수인선,원인재,2311,2349,4660
20210704,수인선,연수,2309,2274,4583
20210704,수인선,송도,1163,1108,2271
20210704,수인선,인하대,2526,2419,4945
20210704,수인선,숭의,1551,1458,3009
20210704,수인선,신포,930,841,1771
20210704,수인선,인천,792,1201,1993
20210704,안산선,산본,7128,7730,14858
20210704,안산선,대야미,2272,2154,4426
20210704,안산선,반월,2027,2026,4053
20210704,안산선,상록수,7639,7426,15065
20210704,안산선,한대앞,4327,4154,8481
20210704,안산선,중앙,9549,9461,19010
20210704,안산선,고잔,3599,3417,7016
20210704,안산선,초지,1850,1844,3694
20210704,안산선,신길온천,895,852,1747
20210704,경부선,금천구청,4959,5040,9999
20210704,6호선,대흥,3017,3113,6130
20210704,경부선,구로,8039,8044,16083
20210704,5호선,신길,1559,1758,3317
20210704,5호선,여의도,6837,6824,13661
20210704,5호선,여의나루,4830,6035,10865
20210704,5호선,마포,3990,3941,7931
20210704,5호선,공덕,3658,3696,7354
20210704,5호선,애오개,2258,2358,4616
20210704,5호선,영등포시장,3714,3950,7664
20210704,5호선,충정로,1206,1185,2391
20210704,5호선,광화문,8109,8265,16374
20210704,5호선,종로3가,6434,5779,12213
20210704,5호선,을지로4가,1151,1234,2385
20210704,5호선,동대문역사문화공원,620,640,1260
20210704,5호선,청구,1376,1338,2714
20210704,5호선,신금호,2419,2601,5020
20210704,5호선,서대문,4055,4087,8142
20210704,5호선,영등포구청,1142,1113,2255
20210704,5호선,양평,2252,2355,4607
20210704,5호선,오목교,9684,10230,19914
20210704,4호선,상계,8043,7612,15655
20210704,4호선,노원,9629,10483,20112
20210704,4호선,창동,11444,11975,23419
20210704,4호선,쌍문,12652,11534,24186
20210704,5호선,방화,2842,2865,5707
20210704,5호선,개화산,2256,2287,4543
20210704,5호선,김포공항,6380,5984,12364
20210704,5호선,송정,3039,3109,6148
20210704,5호선,마곡,2814,3028,5842
20210704,5호선,발산,6921,7344,14265
20210704,5호선,우장산,5392,5386,10778
20210704,5호선,화곡,11623,11188,22811
20210704,5호선,까치산,13031,12760,25791
20210704,5호선,신정,5405,4849,10254
20210704,5호선,목동,6371,6343,12714
20210704,5호선,행당,3328,3011,6339
20210704,5호선,왕십리,2036,2309,4345
20210704,5호선,마장,2504,2362,4866
20210704,5호선,답십리,6087,5712,11799
20210704,5호선,미사,6639,6705,13344
20210704,5호선,하남풍산,1692,1737,3429
20210704,5호선,하남시청,2802,2743,5545
20210704,5호선,하남검단산,2939,2944,5883
20210704,6호선,응암,7551,7661,15212
20210704,6호선,역촌,1650,1883,3533
20210704,6호선,불광,2469,2132,4601
20210704,6호선,독바위,1181,1325,2506
20210704,6호선,연신내,1,0,1
20210704,6호선,구산,3193,2464,5657
20210704,6호선,새절,5338,5312,10650
20210704,6호선,증산,4566,4678,9244
20210704,6호선,디지털미디어시티,4069,4279,8348
20210704,6호선,월드컵경기장,2472,2592,5064
20210704,6호선,마포구청,5833,5425,11258
20210704,5호선,강일,1326,1332,2658
20210704,4호선,남태령,515,417,932
20210704,5호선,마천,2660,2878,5538
20210704,5호선,개롱,2584,2794,5378
20210704,5호선,장한평,6224,6102,12326
20210704,5호선,군자,5130,5827,10957
20210704,5호선,아차산,6854,6783,13637
20210704,5호선,광나루,5818,5447,11265
20210704,5호선,천호,10132,9602,19734
20210704,5호선,강동,7409,7480,14889
20210704,5호선,길동,3444,3545,6989
20210704,5호선,굽은다리,4574,4322,8896
20210704,5호선,명일,3951,3970,7921
20210704,5호선,고덕,3436,3458,6894
20210704,5호선,상일동,5730,5645,11375
20210704,5호선,둔촌동,3766,3813,7579
20210704,5호선,올림픽공원,3687,3145,6832
20210704,5호선,방이,3326,3140,6466
20210704,5호선,오금,1370,1307,2677
20210704,5호선,거여,3216,3137,6353
20210704,4호선,사당,11353,10791,22144
20210704,4호선,총신대입구,8433,9178,17611
20210704,4호선,동작,1018,1046,2064
20210704,2호선,신정네거리,4132,4214,8346
20210704,2호선,용두,944,921,1865
20210704,3호선,지축,1495,1406,2901
20210704,3호선,구파발,8621,8887,17508
20210704,3호선,연신내,17106,16499,33605
20210704,3호선,불광,7526,8388,15914
20210704,3호선,녹번,5751,5369,11120
20210704,3호선,홍제,7537,7185,14722
20210704,3호선,무악재,1492,1556,3048
20210704,3호선,독립문,2987,3003,5990
20210704,3호선,경복궁,7723,7877,15600
20210704,3호선,안국,6419,6966,13385
20210704,3호선,종로3가,2761,3637,6398
20210704,3호선,을지로3가,2691,2378,5069
20210704,3호선,충무로,1,0,1
20210704,2호선,양천구청,2615,2692,5307
20210704,3호선,동대입구,3518,3699,7217
20210704,2호선,도림천,347,394,741
20210704,2호선,신답,578,640,1218
20210704,경부선,가산디지털단지,3824,5283,9107
20210704,2호선,신대방,12861,12706,25567
20210704,2호선,구로디지털단지,19456,19449,38905
20210704,2호선,대림,12689,12792,25481
20210704,2호선,신도림,24109,23946,48055
20210704,2호선,문래,6202,6592,12794
20210704,2호선,영등포구청,6633,6881,13514
20210704,2호선,당산,6699,7546,14245
20210704,2호선,합정,15481,16251,31732
20210704,2호선,홍대입구,30461,30337,60798
20210704,2호선,신촌,17814,17851,35665
20210704,2호선,이대,5665,6089,11754
20210704,2호선,아현,4294,4280,8574
20210704,2호선,충정로,3182,3313,6495
20210704,2호선,용답,1318,1314,2632
20210704,2호선,신설동,1569,1638,3207
20210704,6호선,망원,7055,7756,14811
20210704,3호선,약수,5592,5392,10984
20210704,3호선,옥수,4013,4341,8354
20210704,4호선,미아사거리,12986,12443,25429
20210704,4호선,길음,7864,7611,15475
20210704,4호선,성신여대입구,10023,9763,19786
20210704,4호선,한성대입구,6280,6211,12491
20210704,4호선,혜화,16629,17427,34056
20210704,4호선,동대문,4310,4910,9220
20210704,4호선,동대문역사문화공원,6678,6388,13066
20210704,4호선,충무로,6443,6507,12950
20210704,4호선,명동,8089,8148,16237
20210704,4호선,회현,6417,6462,12879
20210704,4호선,서울역,3249,7140,10389
20210704,4호선,숙대입구,5944,5852,11796
20210704,4호선,삼각지,1791,2278,4069
20210704,4호선,신용산,6508,6555,13063
20210704,4호선,이촌,4051,4488,8539
20210704,4호선,미아,6425,6259,12684
20210704,3호선,금호,3554,3448,7002
20210704,4호선,수유,16112,15801,31913
20210704,3호선,경찰병원,2376,2401,4777
20210704,3호선,압구정,11931,12495,24426
20210704,3호선,신사,10251,10582,20833
20210704,3호선,잠원,2021,1982,4003
20210704,3호선,고속터미널,34209,31554,65763
20210704,3호선,교대,3699,2252,5951
20210704,3호선,남부터미널,12308,12484,24792
20210704,3호선,양재,10600,12496,23096
20210704,3호선,매봉,3564,3683,7247
20210704,3호선,도곡,1710,1822,3532
20210704,3호선,대치,4226,4027,8253
20210704,3호선,학여울,760,764,1524
20210704,3호선,대청,3362,3407,6769
20210704,3호선,일원,2949,3203,6152
20210704,3호선,수서,8892,8416,17308
20210704,3호선,가락시장,3145,3383,6528
20210704,3호선,오금,2329,2261,4590
20210704,6호선,합정,7134,6550,13684
20210704,4호선,당고개,6146,5847,11993
20210704,6호선,광흥창,3328,3217,6545
20210704,9호선,마곡나루,4514,4532,9046
20210704,9호선,양천향교,3373,3735,7108
20210704,9호선,가양,8330,8529,16859
20210704,9호선,증미,2541,2703,5244
20210704,9호선,등촌,4288,4288,8576
20210704,9호선,염창,6986,6981,13967
20210704,9호선,신목동,1346,1247,2593
20210704,9호선,선유도,2326,2217,4543
20210704,9호선,당산,7387,7334,14721
20210704,9호선,국회의사당,4027,3542,7569
20210704,9호선,여의도,7545,6603,14148
20210704,9호선,샛강,1488,1525,3013
20210704,9호선,노량진,12458,12981,25439
20210704,9호선,노들,2099,1840,3939
20210704,9호선,흑석,3176,3364,6540
20210704,9호선,신방화,2969,2968,5937
20210704,9호선,동작,887,736,1623
20210704,9호선,공항시장,1487,1635,3122
20210704,9호선,개화,785,791,1576
20210704,8호선,강동구청,3738,3870,7608
20210704,8호선,몽촌토성,2601,2728,5329
20210704,8호선,잠실,8222,9343,17565
20210704,8호선,석촌,3442,4256,7698
20210704,8호선,송파,3133,3230,6363
20210704,8호선,가락시장,2731,3433,6164
20210704,8호선,문정,4696,4959,9655
20210704,8호선,장지,7743,8057,15800
20210704,8호선,복정,4324,4132,8456
20210704,8호선,산성,2601,2609,5210
20210704,8호선,남한산성입구,5558,5280,10838
20210704,8호선,단대오거리,4653,4637,9290
20210704,8호선,신흥,2445,2600,5045
20210704,8호선,수진,2618,2354,4972
20210704,8호선,모란,3141,2757,5898
20210704,9호선,김포공항,7279,10397,17676
20210704,8호선,천호,7473,8517,15990
20210704,9호선,구반포,923,976,1899
20210704,9호선,고속터미널,8578,11127,19705
20210704,경강선,초월,1366,1308,2674
20210704,경강선,곤지암,1168,1280,2448
20210704,경강선,신둔도예촌,742,663,1405
20210704,경강선,이천,1643,1790,3433
20210704,경강선,부발,1042,1696,2738
20210704,경강선,세종대왕릉,204,196,400
20210704,경강선,여주,1515,1646,3161
20210704,경부선,서울역,6213,1339,7552
20210704,경부선,남영,3728,3918,7646
20210704,경부선,용산,27155,23956,51111
20210704,경부선,노량진,4571,4524,9095
20210704,경부선,대방,4904,5298,10202
20210704,경부선,영등포,27096,26338,53434
20210704,경부선,신도림,1718,1936,3654
20210704,6호선,상수,4250,4999,9249
20210704,경강선,경기광주,2962,3023,5985
20210704,9호선,신반포,1338,1360,2698
20210704,경강선,삼동,862,814,1676
20210704,경강선,판교,1982,1864,3846
20210704,9호선,사평,1352,1333,2685
20210704,9호선,신논현,13603,13172,26775
20210704,9호선2~3단계,언주,3232,3166,6398
20210704,9호선2~3단계,선정릉,2744,2969,5713
20210704,9호선2~3단계,삼성중앙,1722,1749,3471
20210704,9호선2~3단계,봉은사,7741,8030,15771
20210704,9호선2~3단계,종합운동장,2068,1776,3844
20210704,9호선2~3단계,삼전,2988,2944,5932
20210704,9호선2~3단계,석촌고분,2550,2644,5194
20210704,9호선2~3단계,석촌,3851,3348,7199
20210704,9호선2~3단계,송파나루,2431,2667,5098
20210704,9호선2~3단계,한성백제,1195,1100,2295
20210704,9호선2~3단계,올림픽공원,6872,7096,13968
20210704,9호선2~3단계,둔촌오륜,387,388,775
20210704,9호선2~3단계,중앙보훈병원,2897,2755,5652
20210704,경강선,이매,567,410,977
20210704,8호선,암사,7297,7042,14339
20210704,경부선,신길,4203,3715,7918
20210704,7호선,굴포천,4018,4016,8034
20210704,6호선,석계,5259,5320,10579
20210704,6호선,화랑대,4162,3509,7671
20210704,6호선,봉화산,3168,3175,6343
20210704,7호선,장암,926,563,1489
20210704,7호선,도봉산,3493,4763,8256
20210704,7호선,수락산,6007,5925,11932
20210704,7호선,마들,4899,4527,9426
20210704,7호선,노원,8901,9287,18188
20210704,7호선,중계,5399,4977,10376
20210704,7호선,하계,7255,6850,14105
20210704,7호선,공릉,5123,5219,10342
20210704,7호선,태릉입구,3827,3594,7421
20210704,7호선,먹골,4559,4520,9079
20210704,7호선,중화,4793,4723,9516
20210704,7호선,상봉,8061,7634,15695
20210704,6호선,돌곶이,3920,3707,7627
20210704,7호선,면목,6547,6600,13147
20210704,6호선,상월곡,2577,2365,4942
20210704,6호선,고려대,3338,3145,6483
20210704,7호선,부평구청,2955,2717,5672
20210704,6호선,공덕,5557,5243,10800
20210704,6호선,효창공원앞,2708,2378,5086
20210704,6호선,삼각지,2923,2222,5145
20210704,6호선,녹사평,2961,2792,5753
20210704,6호선,이태원,6505,6354,12859
20210704,6호선,한강진,4832,5491,10323
20210704,6호선,버티고개,765,817,1582
20210704,6호선,약수,1420,1452,2872
20210704,6호선,청구,1415,1381,2796
20210704,6호선,신당,3449,4142,7591
20210704,6호선,동묘앞,3707,3842,7549
20210704,6호선,창신,1395,1220,2615
20210704,6호선,보문,3219,3035,6254
20210704,6호선,안암,3973,4314,8287
20210704,6호선,월곡,4508,4562,9070
20210704,7호선,사가정,7414,7302,14716
20210704,6호선,태릉입구,2436,2615,5051
20210704,7호선,중곡,4315,4170,8485
20210704,7호선,신풍,5236,5003,10239
20210704,7호선,대림,5993,5616,11609
20210704,7호선,남구로,6113,5822,11935
20210704,7호선,가산디지털단지,8626,8029,16655
20210704,7호선,철산,8719,8807,17526
20210704,7호선,광명사거리,10486,10332,20818
20210704,7호선,천왕,4212,3992,8204
20210704,7호선,온수,3146,3312,6458
20210704,7호선,까치울,3243,3378,6621
20210704,7호선,부천종합운동장,1973,1733,3706
20210704,7호선,춘의,2929,2682,5611
20210704,7호선,신중동,5668,5688,11356
20210704,7호선,부천시청,5676,5761,11437
20210704,7호선,상동,6037,5831,11868
20210704,7호선,용마산,2778,2782,5560
20210704,7호선,보라매,3749,3767,7516
20210704,7호선,신대방삼거리,6820,6822,13642
20210704,7호선,삼산체육관,2132,1976,4108
20210704,7호선,상도,4488,4441,8929
20210704,7호선,장승배기,4161,4148,8309
20210704,7호선,어린이대공원,6037,5562,11599
20210704,7호선,건대입구,6430,6588,13018
20210704,7호선,뚝섬유원지,4050,3876,7926
20210704,7호선,청담,5734,6167,11901
20210704,7호선,강남구청,4768,5072,9840
20210704,7호선,학동,4687,5065,9752
20210704,7호선,군자,6214,4936,11150
20210704,7호선,반포,2628,2681,5309
20210704,7호선,고속터미널,10650,6713,17363
20210704,7호선,내방,4343,4597,8940
20210704,7호선,이수,7038,6767,13805
20210704,7호선,남성,4452,4395,8847
20210704,7호선,숭실대입구,4483,4994,9477
20210704,7호선,논현,5410,5748,11158
20210710,5호선,거여,4887,4618,9505
20210710,5호선,마천,3686,3770,7456
20210710,5호선,강일,1845,1717,3562
20210710,5호선,미사,9189,9192,18381
20210710,5호선,행당,4689,4054,8743
20210710,5호선,하남풍산,2201,2371,4572
20210710,5호선,하남시청,3642,3634,7276
20210710,6호선,역촌,2486,2705,5191
20210710,6호선,응암,10779,10577,21356
20210710,6호선,불광,3318,3073,6391
20210710,6호선,독바위,1775,1982,3757
20210710,6호선,연신내,1,0,1
20210710,6호선,구산,4505,3535,8040
20210710,5호선,개롱,3981,4191,8172
20210710,5호선,하남검단산,3575,3562,7137
20210710,5호선,오금,2036,1908,3944
20210710,5호선,길동,5093,5192,10285
20210710,5호선,올림픽공원,2390,2109,4499
20210710,6호선,새절,7837,7483,15320
20210710,5호선,왕십리,2774,3187,5961
20210710,5호선,마장,3122,2905,6027
20210710,5호선,답십리,8660,7791,16451
20210710,5호선,장한평,9354,8994,18348
20210710,5호선,군자,6930,7642,14572
20210710,5호선,아차산,9769,9417,19186
20210710,5호선,광나루,7965,7523,15488
20210710,5호선,천호,13423,12793,26216
20210710,5호선,강동,10208,9788,19996
20210710,5호선,굽은다리,6567,6231,12798
20210710,5호선,명일,5027,5043,10070
20210710,5호선,고덕,5079,4924,10003
20210710,5호선,상일동,7996,7309,15305
20210710,5호선,둔촌동,6300,6205,12505
20210710,5호선,방이,4335,4340,8675
20210710,6호선,증산,6422,6322,12744
20210710,7호선,노원,13224,13903,27127
20210710,6호선,월드컵경기장,3764,3878,7642
20210710,6호선,고려대,4322,3966,8288
20210710,6호선,월곡,6338,6303,12641
20210710,6호선,상월곡,3566,3101,6667
20210710,6호선,돌곶이,5135,4663,9798
20210710,6호선,석계,7566,7476,15042
20210710,6호선,태릉입구,3220,3388,6608
20210710,6호선,화랑대,5586,4744,10330
20210710,6호선,봉화산,4438,4307,8745
20210710,6호선,신내,1,0,1
20210710,7호선,장암,1232,877,2109
20210710,7호선,도봉산,5248,7197,12445
20210710,7호선,수락산,8637,8568,17205
20210710,7호선,마들,7553,7192,14745
20210710,5호선,신금호,3496,3541,7037
20210710,7호선,중계,8104,7230,15334
20210710,6호선,안암,4689,4443,9132
20210710,6호선,보문,4217,3773,7990
20210710,6호선,창신,1822,1514,3336
20210710,6호선,동묘앞,6247,5802,12049
20210710,6호선,마포구청,7940,7203,15143
20210710,6호선,망원,9504,10315,19819
20210710,6호선,합정,8769,8168,16937
20210710,6호선,상수,5233,5951,11184
20210710,6호선,광흥창,4255,3796,8051
20210710,6호선,대흥,4337,4294,8631
20210710,6호선,공덕,7675,7218,14893
20210710,6호선,디지털미디어시티,5999,5991,11990
20210710,6호선,효창공원앞,3779,3218,6997
20210710,6호선,녹사평,3176,3156,6332
20210710,6호선,이태원,7004,7667,14671
20210710,6호선,한강진,5204,6126,11330
20210710,6호선,버티고개,1075,1152,2227
20210710,6호선,약수,2050,2053,4103
20210710,6호선,청구,2018,1951,3969
20210710,6호선,신당,4725,3987,8712
20210710,6호선,삼각지,3460,2764,6224
20210710,5호선,청구,2172,1853,4025
20210710,4호선,동작,1525,1557,3082
20210710,5호선,을지로4가,2504,2742,5246
20210710,3호선,가락시장,4973,4642,9615
20210710,3호선,경찰병원,3386,3296,6682
20210710,3호선,오금,3192,2958,6150
20210710,4호선,수유,22213,21335,43548
20210710,4호선,미아,9064,8661,17725
20210710,4호선,미아사거리,18091,17392,35483
20210710,4호선,길음,11336,10467,21803
20210710,4호선,성신여대입구,13187,12476,25663
20210710,4호선,한성대입구,8503,8256,16759
20210710,4호선,혜화,18074,18617,36691
20210710,4호선,동대문,11038,10821,21859
20210710,4호선,동대문역사문화공원,8152,7010,15162
20210710,4호선,충무로,9498,9892,19390
20210710,4호선,명동,8925,10223,19148
20210710,4호선,회현,12523,13290,25813
20210710,3호선,수서,10005,10574,20579
20210710,4호선,서울역,4074,8169,12243
20210710,3호선,일원,4279,4153,8432
20210710,3호선,학여울,1777,1964,3741
20210710,7호선,하계,10313,9603,19916
20210710,3호선,동대입구,4701,4953,9654
20210710,3호선,약수,7494,7233,14727
20210710,3호선,금호,4823,4355,9178
20210710,3호선,옥수,5586,5744,11330
20210710,3호선,압구정,19880,20642,40522
20210710,3호선,신사,18104,18977,37081
20210710,3호선,잠원,2859,2728,5587
20210710,3호선,고속터미널,31672,34146,65818
20210710,3호선,교대,5431,3211,8642
20210710,3호선,남부터미널,15295,16113,31408
20210710,3호선,양재,15944,17183,33127
20210710,3호선,매봉,5188,5014,10202
20210710,3호선,도곡,2918,2837,5755
20210710,3호선,대치,7590,6944,14534
20210710,3호선,대청,4636,4307,8943
20210710,5호선,동대문역사문화공원,762,994,1756
20210710,4호선,숙대입구,6907,6540,13447
20210710,4호선,신용산,7586,8466,16052
20210710,5호선,목동,9447,9535,18982
20210710,5호선,오목교,13677,14212,27889
20210710,5호선,양평,2921,2840,5761
20210710,5호선,영등포구청,1693,1626,3319
20210710,5호선,영등포시장,5559,5603,11162
20210710,5호선,신길,2087,2092,4179
20210710,5호선,여의도,7218,7834,15052
20210710,5호선,여의나루,5833,6386,12219
20210710,5호선,마포,5764,5814,11578
20210710,5호선,공덕,5245,5454,10699
20210710,5호선,애오개,3166,2918,6084
20210710,5호선,충정로,1573,1474,3047
20210710,5호선,서대문,5485,5342,10827
20210710,5호선,광화문,10062,10638,20700
20210710,5호선,종로3가,7611,7883,15494
20210710,5호선,신정,7421,6305,13726
20210710,4호선,삼각지,2383,2927,5310
20210710,5호선,까치산,17905,17133,35038
20210710,5호선,우장산,8119,7943,16062
20210710,4호선,이촌,4657,5183,9840
20210710,4호선,총신대입구,11603,12384,23987
20210710,4호선,사당,14439,12295,26734
20210710,4호선,남태령,783,664,1447
20210710,4호선,당고개,8653,8266,16919
20210710,4호선,상계,11681,10948,22629
20210710,4호선,노원,12994,14277,27271
20210710,4호선,창동,16195,16968,33163
20210710,4호선,쌍문,17843,16302,34145
20210710,5호선,방화,4199,4100,8299
20210710,5호선,개화산,3122,2999,6121
20210710,5호선,김포공항,6147,6687,12834
20210710,5호선,송정,4357,4281,8638
20210710,5호선,마곡,4495,4529,9024
20210710,5호선,발산,10562,11386,21948
20210710,5호선,화곡,16620,15302,31922
20210710,7호선,공릉,7289,7128,14417
20210710,경원선,응봉,1116,909,2025
20210710,7호선,먹골,6594,6359,12953
20210710,9호선2~3단계,중앙보훈병원,3716,3369,7085
20210710,경강선,판교,2357,2200,4557
20210710,경강선,이매,655,523,1178
20210710,경강선,삼동,1270,1213,2483
20210710,경강선,경기광주,4064,4058,8122
20210710,경강선,초월,1743,1649,3392
20210710,경강선,곤지암,1594,1810,3404
20210710,경강선,신둔도예촌,850,901,1751
20210710,경강선,이천,1953,2139,4092
20210710,경강선,부발,1390,1297,2687
20210710,경강선,세종대왕릉,214,250,464
20210710,경강선,여주,1640,1985,3625
20210710,경부선,서울역,3864,1354,5218
20210710,경부선,남영,4783,4837,9620
20210710,경부선,용산,24079,27204,51283
20210710,9호선2~3단계,둔촌오륜,606,586,1192
20210710,경부선,노량진,6409,5703,12112
20210710,9호선2~3단계,올림픽공원,3491,3499,6990
20210710,9호선2~3단계,송파나루,3096,3281,6377
20210710,9호선,흑석,4404,4353,8757
20210710,9호선,동작,1149,878,2027
20210710,9호선,구반포,1524,1622,3146
20210710,9호선,신반포,1968,1959,3927
20210710,9호선,고속터미널,8547,12117,20664
20210710,9호선,사평,1746,1626,3372
20210710,9호선,신논현,18947,18981,37928
20210710,9호선2~3단계,언주,4722,4643,9365
20210710,9호선2~3단계,선정릉,3630,3938,7568
20210710,9호선2~3단계,삼성중앙,2390,2414,4804
20210710,9호선2~3단계,봉은사,7656,7627,15283
20210710,9호선2~3단계,종합운동장,2632,2361,4993
20210710,9호선2~3단계,삼전,3977,3771,7748
20210710,9호선2~3단계,석촌고분,3400,3219,6619
20210710,9호선2~3단계,석촌,5058,4131,9189
20210710,9호선2~3단계,한성백제,1430,1263,2693
20210710,9호선,노들,2699,2242,4941
20210710,경부선,대방,6348,6365,12713
20210710,경부선,신도림,2401,2410,4811
20210710,경부선,오산,7709,7309,15018
20210710,경부선,진위,870,787,1657
20210710,경부선,송탄,3767,3471,7238
20210710,경부선,서정리,5080,4286,9366
20210710,경부선,평택지제,2253,2107,4360
20210710,경부선,평택,10771,10422,21193
20210710,경부선,성환,2517,2403,4920
20210710,경부선,당정,3357,3255,6612
20210710,경부선,서동탄,758,800,1558
20210710,경부선,광명,1856,1806,3662
20210710,경원선,이촌,2449,1839,4288
20210710,경원선,서빙고,1079,957,2036
20210710,경원선,한남,2414,2184,4598
20210710,경원선,옥수,37,27,64
20210710,3호선,충무로,1,0,1
20210710,경부선,오산대,2293,2058,4351
20210710,경부선,영등포,28436,29905,58341
20210710,경부선,세마,1815,1615,3430
20210710,경부선,세류,2132,2217,4349
20210710,경부선,신길,5396,4329,9725
20210710,경부선,구로,10860,11111,21971
20210710,경부선,가산디지털단지,5196,6635,11831
20210710,경부선,금천구청,6808,6752,13560
20210710,경부선,석수,5299,4863,10162
20210710,경부선,관악,4768,4671,9439
20210710,경부선,안양,14038,14153,28191
20210710,경부선,명학,4011,3893,7904
20210710,경부선,금정,14897,15035,29932
20210710,경부선,군포,3696,3430,7126
20210710,경부선,의왕,4959,4737,9696
20210710,경부선,성균관대,8395,8259,16654
20210710,경부선,화서,4159,4218,8377
20210710,경부선,수원,29020,31532,60552
20210710,경부선,독산,7059,7058,14117
20210710,경부선,병점,9718,9489,19207
20210710,7호선,태릉입구,5443,5125,10568
20210710,9호선,노량진,16970,16497,33467
20210710,9호선,여의도,7373,6916,14289
20210710,7호선,숭실대입구,6637,6566,13203
20210710,7호선,상도,6304,5746,12050
20210710,7호선,장승배기,5862,5505,11367
20210710,7호선,신대방삼거리,9719,9063,18782
20210710,7호선,보라매,5567,5288,10855
20210710,7호선,신풍,6965,6742,13707
20210710,7호선,대림,6122,6256,12378
20210710,7호선,남구로,7637,7900,15537
20210710,7호선,가산디지털단지,12122,11109,23231
20210710,7호선,철산,12339,12614,24953
20210710,7호선,광명사거리,14390,14539,28929
20210710,7호선,천왕,5898,5617,11515
20210710,7호선,온수,5112,4834,9946
20210710,7호선,까치울,4653,4717,9370
20210710,7호선,부천종합운동장,2863,2566,5429
20210710,7호선,남성,6712,6327,13039
20210710,7호선,춘의,4399,4261,8660
20210710,7호선,이수,9709,8991,18700
20210710,7호선,고속터미널,9448,8011,17459
20210710,7호선,중화,7161,6844,14005
20210710,7호선,상봉,11177,10813,21990
20210710,7호선,면목,9719,9468,19187
20210710,7호선,사가정,10641,10352,20993
20210710,7호선,용마산,3940,3935,7875
20210710,7호선,중곡,6002,5527,11529
20210710,7호선,군자,9212,7117,16329
20210710,7호선,어린이대공원,7953,7416,15369
20210710,7호선,건대입구,8398,8013,16411
20210710,7호선,뚝섬유원지,6002,5802,11804
20210710,7호선,청담,9435,9825,19260
20210710,7호선,강남구청,7887,8701,16588
20210710,7호선,학동,8943,9330,18273
20210710,7호선,논현,9588,10296,19884
20210710,7호선,반포,3535,3424,6959
20210710,7호선,내방,6558,6485,13043
20210710,9호선,샛강,1992,1976,3968
20210710,7호선,신중동,8200,8180,16380
20210710,7호선,상동,8676,8876,17552
20210710,8호선,모란,3011,2715,5726
20210710,9호선,개화,1130,1037,2167
20210710,9호선,김포공항,6416,11168,17584
20210710,9호선,공항시장,2013,2108,4121
20210710,9호선,신방화,3953,3713,7666
20210710,9호선,마곡나루,6214,6147,12361
20210710,9호선,양천향교,4930,4864,9794
20210710,9호선,가양,11422,10900,22322
20210710,9호선,증미,3533,3513,7046
20210710,9호선,등촌,6373,6144,12517
20210710,9호선,염창,9643,8775,18418
20210710,9호선,신목동,1920,1677,3597
20210710,9호선,선유도,3195,3059,6254
20210710,9호선,당산,9875,9295,19170
20210710,9호선,국회의사당,3064,3197,6261
20210710,8호선,수진,3628,3182,6810
20210710,7호선,부천시청,8443,8408,16851
20210710,8호선,신흥,3289,3405,6694
20210710,8호선,남한산성입구,7375,6752,14127
20210710,7호선,삼산체육관,3093,2798,5891
20210710,7호선,굴포천,5568,5785,11353
20210710,7호선,부평구청,4290,3831,8121
20210710,8호선,암사,10387,9655,20042
20210710,8호선,천호,9636,11338,20974
20210710,8호선,강동구청,5171,5081,10252
20210710,8호선,몽촌토성,3434,3331,6765
20210710,8호선,잠실,9214,10797,20011
20210710,8호선,석촌,4828,5660,10488
20210710,8호선,송파,4648,4509,9157
20210710,8호선,가락시장,4469,4566,9035
20210710,8호선,문정,6675,6665,13340
20210710,8호선,장지,10186,9588,19774
20210710,8호선,복정,5733,5061,10794
20210710,8호선,산성,3709,3608,7317
20210710,8호선,단대오거리,6331,5998,12329
20210710,3호선,을지로3가,3598,3939,7537
20210710,과천선,경마공원,982,951,1933
20210710,3호선,안국,8448,9360,17808
20210710,수인선,송도,1750,1735,3485
20210710,수인선,연수,3122,3207,6329
20210710,수인선,원인재,3061,3128,6189
20210710,수인선,남동인더스파크,887,855,1742
20210710,수인선,호구포,2308,2202,4510
20210710,수인선,인천논현,3838,3984,7822
20210710,수인선,인하대,3698,3409,7107
20210710,수인선,소래포구,4102,4231,8333
20210710,수인선,달월,47,43,90
20210710,수인선,사리,2646,2214,4860
20210710,수인선,야목,151,142,293
20210710,수인선,어천,610,520,1130
20210710,수인선,오목천,1662,1486,3148
20210710,수인선,고색,2200,2112,4312
20210710,수인선,월곶,1762,1800,3562
20210710,수인선,숭의,2367,2213,4580
20210710,수인선,신포,1205,1284,2489
20210710,수인선,인천,901,1497,2398
20210710,장항선,신창,876,842,1718
20210710,장항선,온양온천,2936,3056,5992
20210710,장항선,배방,818,845,1663
20210710,장항선,아산,2200,2208,4408
20210710,장항선,쌍용,1259,1144,2403
20210710,장항선,봉명,700,619,1319
20210710,일산선,대화,6880,6208,13088
20210710,일산선,주엽,5266,5304,10570
20210710,일산선,정발산,5002,5260,10262
20210710,안산선,중앙,12097,12690,24787
20210710,안산선,한대앞,5730,5837,11567
20210710,안산선,상록수,10227,10215,20442
20210710,안산선,반월,2771,2605,5376
20210710,안산선,대야미,3407,3013,6420
20210710,안산선,산본,10234,10852,21086
20210710,분당선,매교,1697,1690,3387
20210710,분당선,수원시청,8938,9545,18483
20210710,분당선,매탄권선,2834,2757,5591
20210710,분당선,망포,7451,6888,14339
20210710,분당선,강남구청,4356,5042,9398
20210710,분당선,압구정로데오,13936,15800,29736
20210710,분당선,서울숲,5626,5575,11201
20210710,분당선,수원,5966,5153,11119
20210710,분당선,수서,7760,8453,16213
20210710,분당선,대모산입구,2153,1967,4120
20210710,분당선,개포동,2291,2199,4490
20210710,분당선,구룡,1672,1546,3218
20210710,분당선,도곡,3715,3283,6998
20210710,분당선,한티,10151,9778,19929
20210710,분당선,선릉,4264,6386,10650
20210710,과천선,범계,15754,15612,31366
20210710,과천선,평촌,7357,7333,14690
20210710,과천선,인덕원,11965,11891,23856
20210710,과천선,정부과천청사,4517,4564,9081
20210710,분당선,선정릉,2841,2839,5680
20210710,중앙선,회기,15380,14316,29696
20210710,분당선,가천대,4312,4725,9037
20210710,분당선,모란,13235,13324,26559
20210710,분당선,영통,5519,5372,10891
20210710,분당선,청명,2164,2124,4288
20210710,분당선,상갈,3162,3164,6326
20210710,분당선,기흥,5510,5220,10730
20210710,분당선,신갈,2296,2292,4588
20210710,분당선,구성,2522,2677,5199
20210710,분당선,죽전,8307,9349,17656
20210710,분당선,보정,1300,1218,2518
20210710,분당선,이매,3344,3046,6390
20210710,분당선,오리,6393,5336,11729
20210710,분당선,미금,9182,9346,18528
20210710,분당선,정자,8871,8959,17830
20210710,분당선,수내,7282,6883,14165
20210710,분당선,서현,14731,15211,29942
20210710,분당선,야탑,13981,14697,28678
20210710,분당선,태평,9279,8579,17858
20210710,중앙선,중랑,3992,3778,7770
20210710,일산선,대곡,1120,955,2075
20210710,일산선,백석,6103,6232,12335
20210710,중앙선,도심,1306,1163,2469
20210710,경원선,방학,6344,6161,12505
20210710,경원선,도봉,3894,3631,7525
20210710,경원선,도봉산,7129,4815,11944
20210710,경원선,망월사,4750,4776,9526
20210710,중앙선,덕소,3660,3711,7371
20210710,중앙선,양정,598,503,1101
20210710,중앙선,도농,5464,5194,10658
20210710,중앙선,구리,8479,8726,17205
20210710,중앙선,양원,1024,1007,2031
20210710,중앙선,망우,5320,5198,10518
20210710,경원선,회룡,7797,7836,15633
20210710,경원선,의정부,13801,14741,28542
20210710,경원선,가능,4527,4266,8793
20210710,경원선,녹양,2943,2881,5824
20210710,중앙선,팔당,1135,1118,2253
20210710,경원선,양주,4913,4715,9628
20210710,중앙선,운길산,976,913,1889
20210710,중앙선,신원,170,136,306
20210710,경원선,청량리,11997,14026,26023
20210710,경원선,외대앞,4897,4778,9675
20210710,경원선,신이문,5325,4797,10122
20210710,경원선,석계,5350,5667,11017
20210710,중앙선,상봉,4356,4300,8656
20210710,경원선,광운대,4747,4575,9322
20210710,경원선,월계,4163,3817,7980
20210710,경원선,녹천,2930,2464,5394
20210710,중앙선,지평,48,72,120
20210710,중앙선,용문,2626,2966,5592
20210710,중앙선,원덕,263,338,601
20210710,중앙선,양평,2051,2343,4394
20210710,중앙선,오빈,213,252,465
20210710,중앙선,아신,449,448,897
20210710,중앙선,국수,540,574,1114
20210710,중앙선,양수,2007,2176,4183
20210710,과천선,과천,3216,3077,6293
20210710,경원선,덕계,1901,1813,3714
20210710,경원선,지행,4378,4288,8666
20210710,우이신설선,삼양,1372,1432,2804
20210710,우이신설선,화계,2218,2055,4273
20210710,우이신설선,가오리,2541,2447,4988
20210710,우이신설선,4.19민주묘지,1949,1732,3681
20210710,우이신설선,솔밭공원,1523,1542,3065
20210710,우이신설선,북한산우이,2763,2829,5592
20210710,안산선,수리산,2537,2156,4693
20210710,안산선,오이도,6034,6302,12336
20210710,안산선,정왕,5558,5660,11218
20210710,안산선,신길온천,1202,1189,2391
20210710,안산선,안산,8251,8858,17109
20210710,안산선,초지,2524,2606,5130
20210710,안산선,고잔,4833,4713,9546
20210710,경의선,화전,785,778,1563
20210710,일산선,마두,4171,4139,8310
20210710,우이신설선,삼양사거리,1768,1697,3465
20210710,경원선,덕정,3476,3413,6889
20210710,우이신설선,솔샘,3003,2802,5805
20210710,우이신설선,정릉,2838,2459,5297
20210710,경원선,동두천중앙,2275,2349,4624
20210710,경원선,보산,1146,1188,2334
20210710,경원선,동두천,1357,1731,3088
20210710,경원선,소요산,3252,2904,6156
20210710,경의선,서울역,937,1096,2033
20210710,경의선,신촌,249,247,496
20210710,경의선,효창공원앞,1368,1604,2972
20210710,경의선,공덕,1853,1585,3438
20210710,경의선,서강대,1445,1305,2750
20210710,경의선,홍대입구,1280,1355,2635
20210710,경의선,가좌,3189,2980,6169
20210710,경의선,디지털미디어시티,1502,1417,2919
20210710,경의선,수색,1276,1251,2527
20210710,우이신설선,보문,994,984,1978
20210710,우이신설선,성신여대입구,2278,2582,4860
20210710,우이신설선,북한산보국문,3883,3479,7362
20210710,과천선,대공원,2806,2841,5647
20210710,경원선,왕십리,9780,11309,21089
20210710,과천선,선바위,3916,3637,7553
20210710,2호선,상왕십리,7797,7324,15121
20210710,2호선,왕십리,10024,8387,18411
20210710,2호선,한양대,3559,3538,7097
20210710,2호선,뚝섬,9857,10227,20084
20210710,2호선,성수,13198,15001,28199
20210710,2호선,건대입구,23893,25665,49558
20210710,2호선,구의,13391,12822,26213
20210710,2호선,강변,18906,20470,39376
20210710,2호선,잠실나루,5978,5869,11847
20210710,2호선,잠실,42242,40518,82760
20210710,2호선,잠실새내,13642,13949,27591
20210710,2호선,종합운동장,3664,4063,7727
20210710,2호선,삼성,16920,17316,34236
20210710,2호선,선릉,19349,17014,36363
20210710,2호선,역삼,14045,15301,29346
20210710,2호선,신당,8844,9016,17860
20210710,2호선,강남,45658,44727,90385
20210710,2호선,동대문역사문화공원,7467,7885,15352
20210710,2호선,을지로3가,7238,7373,14611
20210710,경인선,부개,5579,5203,10782
20210710,경인선,소사,5758,5801,11559
20210710,경춘선,신내,902,915,1817
20210710,1호선,서울역,20637,22061,42698
20210710,1호선,동묘앞,8761,8998,17759
20210710,1호선,시청,7348,7357,14705
20210710,1호선,종각,13128,12573,25701
20210710,1호선,종로3가,16366,15707,32073
20210710,1호선,종로5가,13441,13566,27007
20210710,1호선,동대문,8863,8072,16935
20210710,1호선,신설동,7672,7110,14782
20210710,1호선,제기동,13044,13400,26444
20210710,1호선,청량리,15193,15556,30749
20210710,2호선,시청,6115,5447,11562
20210710,2호선,을지로입구,14958,15262,30220
20210710,2호선,을지로4가,5379,5337,10716
20210710,경인선,간석,3774,3646,7420
20210710,2호선,교대,13921,15547,29468
20210710,2호선,방배,7929,8189,16118
20210710,2호선,신답,812,839,1651
20210710,2호선,신설동,2369,2415,4784
20210710,2호선,도림천,737,685,1422
20210710,2호선,양천구청,3524,3610,7134
20210710,2호선,신정네거리,6023,6116,12139
20210710,2호선,용두,1504,1437,2941
20210710,3호선,지축,2266,2183,4449
20210710,3호선,구파발,12539,12521,25060
20210710,3호선,연신내,24988,23182,48170
20210710,3호선,불광,10562,11818,22380
20210710,3호선,녹번,8465,7435,15900
20210710,3호선,홍제,10701,10057,20758
20210710,3호선,무악재,2139,2171,4310
20210710,3호선,독립문,4617,4655,9272
20210710,3호선,경복궁,9993,10077,20070
20210710,2호선,용답,1807,1734,3541
20210710,2호선,서초,8236,7153,15389
20210710,2호선,충정로,4385,4544,8929
20210710,2호선,이대,7764,7979,15743
20210710,2호선,사당,21481,23301,44782
20210710,2호선,낙성대,17524,16201,33725
20210710,2호선,서울대입구,30505,29406,59911
20210710,2호선,봉천,14777,13329,28106
20210710,2호선,신림,41139,39165,80304
20210710,2호선,신대방,16731,15932,32663
20210710,2호선,구로디지털단지,27616,27289,54905
20210710,2호선,대림,15587,16574,32161
20210710,2호선,신도림,30709,30600,61309
20210710,2호선,문래,9316,9644,18960
20210710,2호선,영등포구청,10128,10258,20386
20210710,2호선,당산,9726,10701,20427
20210710,2호선,합정,19081,20296,39377
20210710,2호선,홍대입구,36362,37574,73936
20210710,2호선,신촌,21855,22076,43931
20210710,2호선,아현,6360,5975,12335
20210710,경인선,구일,4032,3826,7858
20210710,3호선,종로3가,4366,5763,10129
20210710,경인선,온수,4154,3918,8072
20210710,경춘선,굴봉산,135,164,299
20210710,일산선,화정,10335,10710,21045
20210710,일산선,원당,6878,6688,13566
20210710,일산선,삼송,10928,10774,21702
20210710,일산선,지축,1,0,1
20210710,일산선,원흥,5931,5811,11742
20210710,우이신설선,신설동,1206,1111,2317
20210710,경의선,강매,1543,1439,2982
20210710,경의선,행신,4131,4211,8342
20210710,경의선,능곡,2263,2192,4455
20210710,경의선,곡산,324,331,655
20210710,경의선,백마,3400,3314,6714
20210710,경의선,풍산,3356,3238,6594
20210710,경의선,일산,4806,4637,9443
20210710,경의선,탄현,4325,4218,8543
20210710,경인선,도원,1777,1878,3655
20210710,경의선,야당,4340,4379,8719
20210710,경춘선,강촌,416,509,925
20210710,경춘선,남춘천,1924,1907,3831
20210710,공항철도 1호선,영종,2203,2356,4559
20210710,공항철도 1호선,인천공항2터미널,1733,1547,3280
20210710,공항철도 1호선,인천공항1터미널,2811,2939,5750
20210710,공항철도 1호선,공항화물청사,1217,1217,2434
20210710,공항철도 1호선,운서,4844,4832,9676
20210710,공항철도 1호선,청라국제도시,3036,3018,6054
20210710,공항철도 1호선,검암,3637,3774,7411
20210710,공항철도 1호선,계양,4938,4687,9625
20210710,공항철도 1호선,김포공항,9302,5464,14766
20210710,공항철도 1호선,마곡나루,2384,2499,4883
20210710,공항철도 1호선,디지털미디어시티,4014,3757,7771
20210710,공항철도 1호선,홍대입구,7263,6693,13956
20210710,공항철도 1호선,공덕,1113,1615,2728
20210710,공항철도 1호선,서울역,4816,5217,10033
20210710,경춘선,춘천,1052,1033,2085
20210710,경춘선,김유정,252,348,600
20210710,경의선,운정,3914,3820,7734
20210710,경춘선,백양리,100,108,208
20210710,경의선,금촌,4650,4486,9136
20210710,경춘선,가평,1646,2070,3716
20210710,경부선,천안,5166,5467,10633
20210710,경춘선,상천,245,261,506
20210710,경춘선,청평,1395,1572,2967
20210710,경춘선,대성리,532,462,994
20210710,경춘선,천마산,1138,1150,2288
20210710,경춘선,평내호평,3711,3632,7343
20210710,경춘선,금곡,971,933,1904
20210710,경춘선,사릉,1808,1899,3707
20210710,경춘선,퇴계원,2222,2065,4287
20210710,경춘선,별내,1952,1870,3822
20210710,경춘선,갈매,1653,1483,3136
20210710,경인선,도화,2672,2465,5137
20210710,경인선,중동,5502,5202,10704
20210710,경의선,금릉,2989,2907,5896
20210710,경부선,두정,4905,5341,10246
20210710,경부선,직산,507,502,1009
20210710,경춘선,마석,2589,2684,5273
20210710,경인선,동인천,9424,9361,18785
20210710,경인선,인천,3221,2750,5971
20210710,경의선,파주,813,624,1437
20210710,경의선,문산,3658,3613,7271
20210710,경의선,임진강,35,40,75
20210710,경의선,공덕,8,11,19
20210710,경인선,개봉,13520,13315,26835
20210710,경인선,오류동,7797,7152,14949
20210710,경인선,역곡,16327,16191,32518
20210710,경의선,월롱,1228,1120,2348
20210710,경인선,송내,14534,14516,29050
20210710,경인선,부평,23956,26158,50114
20210710,경인선,백운,4570,4580,9150
20210710,경인선,동암,10579,10811,21390
20210710,경인선,주안,12917,11395,24312
20210710,경인선,제물포,6187,5964,12151
20210710,경인선,부천,23716,24467,48183
20210711,경인선,제물포,4233,4105,8338
20210711,경인선,동인천,6887,6716,13603
20210711,경인선,인천,2583,2015,4598
20210711,경인선,구일,2447,2460,4907
20210711,경인선,소사,4116,3942,8058
20210711,경인선,부개,3661,3487,7148
20210711,경인선,간석,2499,2368,4867
20210711,경인선,중동,3838,3567,7405
20210711,경인선,온수,2761,2607,5368
20210711,경인선,도화,1869,1686,3555
20210711,경춘선,신내,660,669,1329
20210711,경춘선,갈매,1107,978,2085
20210711,경춘선,별내,1454,1337,2791
20210711,경인선,주안,8986,8039,17025
20210711,경인선,도원,1241,1303,2544
20210711,경인선,동암,7568,7483,15051
20210711,경의선,풍산,2692,2629,5321
20210711,경인선,부평,17447,17673,35120
20210711,경의선,일산,3427,3253,6680
20210711,경의선,탄현,3227,2972,6199
20210711,경의선,야당,3285,3275,6560
20210711,경의선,운정,2742,2660,5402
20210711,경의선,금릉,2205,2145,4350
20210711,경의선,금촌,3622,3810,7432
20210711,경의선,월롱,669,1393,2062
20210711,경의선,파주,504,431,935
20210711,경의선,문산,2766,2778,5544
20210711,경의선,임진강,43,46,89
20210711,경인선,개봉,9101,8983,18084
20210711,경인선,오류동,5507,5135,10642
20210711,경인선,역곡,10751,10730,21481
20210711,경인선,부천,16755,16277,33032
20210711,경인선,송내,10277,10053,20330
20210711,경인선,백운,3117,3120,6237
20210711,경춘선,퇴계원,1593,1549,3142
20210711,과천선,평촌,4699,4550,9249
20210711,경춘선,금곡,746,690,1436
20210711,공항철도 1호선,계양,3660,3616,7276
20210711,공항철도 1호선,검암,2703,2713,5416
20210711,공항철도 1호선,청라국제도시,2325,2215,4540
20210711,공항철도 1호선,운서,3829,4124,7953
20210711,공항철도 1호선,공항화물청사,902,986,1888
20210711,공항철도 1호선,인천공항1터미널,2803,2761,5564
20210711,공항철도 1호선,인천공항2터미널,1549,1459,3008
20210711,공항철도 1호선,영종,1740,1760,3500
20210711,과천선,선바위,2557,2463,5020
20210711,과천선,경마공원,710,691,1401
20210711,과천선,대공원,2199,2322,4521
20210711,과천선,과천,2198,2109,4307
20210711,과천선,정부과천청사,3081,3198,6279
20210711,과천선,인덕원,8138,8129,16267
20210711,경의선,백마,2425,2446,4871
20210711,공항철도 1호선,김포공항,10119,5058,15177
20210711,경춘선,사릉,1313,1422,2735
20210711,공항철도 1호선,마곡나루,1553,1695,3248
20210711,공항철도 1호선,홍대입구,5258,5048,10306
20210711,경춘선,평내호평,2552,2527,5079
20210711,경춘선,천마산,907,859,1766
20210711,경춘선,마석,1946,1866,3812
20210711,경춘선,대성리,566,427,993
20210711,경춘선,청평,1334,1088,2422
20210711,경춘선,상천,290,236,526
20210711,경춘선,가평,1832,1382,3214
20210711,경춘선,굴봉산,193,148,341
20210711,경춘선,백양리,135,92,227
20210711,경춘선,강촌,607,452,1059
20210711,경춘선,김유정,281,264,545
20210711,경춘선,남춘천,1690,1724,3414
20210711,경춘선,춘천,1046,918,1964
20210711,공항철도 1호선,서울역,5281,4179,9460
20210711,공항철도 1호선,공덕,810,1081,1891
20210711,공항철도 1호선,디지털미디어시티,2681,2655,5336
20210711,경의선,곡산,226,227,453
20210711,경원선,청량리,10747,9431,20178
20210711,경의선,행신,3236,3190,6426
20210711,경부선,오산,5988,6505,12493
20210711,경부선,진위,704,716,1420
20210711,경부선,송탄,2786,3086,5872
20210711,경부선,서정리,3403,4671,8074
20210711,경부선,평택지제,1815,1622,3437
20210711,경부선,평택,9024,9396,18420
20210711,경부선,성환,2141,2434,4575
20210711,경부선,직산,437,520,957
20210711,경부선,두정,4274,4361,8635
20210711,경부선,천안,5161,4753,9914
20210711,경부선,당정,2295,2327,4622
20210711,경부선,서동탄,588,586,1174
20210711,경부선,광명,1789,1218,3007
20210711,경원선,이촌,1646,1385,3031
20210711,경원선,서빙고,953,995,1948
20210711,경부선,오산대,1638,1640,3278
20210711,경원선,한남,1472,1516,2988
20210711,경부선,세마,1329,1286,2615
20210711,경부선,세류,1565,1630,3195
20210711,경부선,신길,3812,3366,7178
20210711,경부선,구로,7365,7657,15022
20210711,경부선,가산디지털단지,3536,4795,8331
20210711,경부선,금천구청,4781,4825,9606
20210711,경부선,석수,3863,3715,7578
20210711,경부선,관악,3510,3214,6724
20210711,경부선,안양,10219,9934,20153
20210711,경부선,명학,2633,2610,5243
20210711,경부선,금정,10409,10836,21245
20210711,경부선,군포,2426,2311,4737
20210711,경부선,의왕,3312,3348,6660
20210711,경부선,성균관대,5888,6232,12120
20210711,경부선,화서,3132,2949,6081
20210711,경부선,수원,25250,24388,49638
20210711,경부선,독산,4499,4748,9247
20210711,경부선,병점,6870,7673,14543
20210711,경의선,능곡,1678,1687,3365
20210711,경원선,옥수,55,24,79
20210711,경원선,왕십리,6535,7676,14211
20210711,경원선,동두천중앙,1676,1608,3284
20210711,경원선,보산,987,864,1851
20210711,경원선,동두천,1066,1290,2356
20210711,경원선,소요산,3283,2750,6033
20210711,경의선,서울역,785,715,1500
20210711,경의선,신촌,175,175,350
20210711,경의선,효창공원앞,938,1075,2013
20210711,경의선,공덕,1259,1094,2353
20210711,경의선,서강대,942,955,1897
20210711,경의선,홍대입구,967,1094,2061
20210711,경의선,가좌,2004,2122,4126
20210711,경의선,디지털미디어시티,1011,935,1946
20210711,경의선,수색,701,802,1503
20210711,경의선,화전,625,627,1252
20210711,경의선,강매,1105,1019,2124
20210711,경원선,지행,3301,3240,6541
20210711,경원선,응봉,792,725,1517
20210711,경원선,덕정,2583,2731,5314
20210711,경원선,양주,3674,3570,7244
20210711,과천선,범계,10596,10256,20852
20210711,경원선,외대앞,3772,3701,7473
20210711,경원선,신이문,3639,3454,7093
20210711,경원선,석계,3616,3953,7569
20210711,경원선,광운대,3184,3243,6427
20210711,경원선,월계,2853,2629,5482
20210711,경원선,녹천,2077,1799,3876
20210711,경원선,방학,4552,4388,8940
20210711,경원선,도봉,2688,2515,5203
20210711,경원선,도봉산,5820,4161,9981
20210711,경원선,망월사,3707,3617,7324
20210711,경원선,회룡,5326,5416,10742
20210711,경원선,의정부,10373,10575,20948
20210711,경원선,가능,3178,3025,6203
20210711,경원선,녹양,2092,2088,4180
20210711,경원선,덕계,1362,1253,2615
20210711,분당선,선릉,2189,3173,5362
20210711,수인선,야목,123,97,220
20210711,분당선,도곡,1928,1814,3742
20210711,2호선,교대,8237,8966,17203
20210711,2호선,시청,3963,3319,7282
20210711,2호선,서초,8127,7649,15776
20210711,1호선,청량리,9881,9982,19863
20210711,1호선,제기동,7336,7685,15021
20210711,1호선,신설동,5228,5175,10403
20210711,2호선,강남,24776,23822,48598
20210711,1호선,동대문,6591,7164,13755
20210711,1호선,종로3가,9748,8909,18657
20210711,1호선,종각,8286,7681,15967
20210711,5호선,방화,2645,2724,5369
20210711,수인선,월곶,1290,1223,2513
20210711,수인선,소래포구,3278,3182,6460
20210711,수인선,인천논현,2287,2475,4762
20210711,1호선,종로5가,5782,5967,11749
20210711,2호선,역삼,8158,9216,17374
20210711,2호선,선릉,9741,8410,18151
20210711,2호선,삼성,10771,10708,21479
20210711,중앙선,도심,922,837,1759
20210711,중앙선,팔당,972,930,1902
20210711,중앙선,운길산,849,812,1661
20210711,2호선,상왕십리,5332,5231,10563
20210711,2호선,왕십리,7006,6030,13036
20210711,2호선,한양대,1802,1880,3682
20210711,2호선,뚝섬,6709,6929,13638
20210711,2호선,성수,8669,9670,18339
20210711,2호선,건대입구,17579,18872,36451
20210711,2호선,구의,8739,8940,17679
20210711,2호선,강변,15644,14589,30233
20210711,2호선,잠실나루,4018,4076,8094
20210711,2호선,잠실,30082,28364,58446
20210711,2호선,잠실새내,8096,8538,16634
20210711,2호선,종합운동장,2724,2893,5617
20210711,수인선,호구포,1616,1682,3298
20210711,수인선,남동인더스파크,536,564,1100
20210711,수인선,원인재,2248,2311,4559
20210711,수인선,연수,2419,2308,4727
20210711,우이신설선,솔밭공원,1169,1119,2288
20210711,우이신설선,4.19민주묘지,1568,1434,3002
20210711,중앙선,양수,1659,1571,3230
20210711,중앙선,신원,188,123,311
20210711,중앙선,국수,466,399,865
20210711,중앙선,아신,388,378,766
20210711,중앙선,오빈,177,136,313
20210711,중앙선,양평,1710,1476,3186
20210711,중앙선,원덕,243,202,445
20210711,중앙선,용문,1640,1311,2951
20210711,중앙선,지평,56,55,111
20210711,1호선,시청,5024,4787,9811
20210711,1호선,동묘앞,7941,7994,15935
20210711,1호선,서울역,18432,15850,34282
20210711,경부선,신도림,1717,1693,3410
20210711,우이신설선,북한산우이,2266,2403,4669
20210711,중앙선,덕소,2572,2602,5174
20210711,안산선,수리산,1636,1532,3168
20210711,안산선,정왕,4140,4607,8747
20210711,수인선,송도,1265,1242,2507
20210711,수인선,인하대,2590,2511,5101
20210711,수인선,숭의,1606,1524,3130
20210711,수인선,신포,860,862,1722
20210711,수인선,인천,725,1090,1815
20210711,안산선,산본,6377,6913,13290
20210711,안산선,대야미,2282,2116,4398
20210711,안산선,반월,1948,1972,3920
20210711,안산선,상록수,6943,6994,13937
20210711,안산선,한대앞,4078,4098,8176
20210711,안산선,중앙,8855,8564,17419
20210711,안산선,고잔,3336,3184,6520
20210711,안산선,초지,1724,1556,3280
20210711,안산선,안산,7821,7034,14855
20210711,안산선,신길온천,932,861,1793
20210711,안산선,오이도,4543,4367,8910
20210711,중앙선,양정,396,340,736
20210711,중앙선,도농,3578,3612,7190
20210711,중앙선,구리,5711,6100,11811
20210711,분당선,보정,834,790,1624
20210711,분당선,죽전,5768,6697,12465
20210711,분당선,구성,1691,1848,3539
20210711,분당선,신갈,1465,1496,2961
20210711,분당선,기흥,3923,3759,7682
20210711,분당선,상갈,2229,2263,4492
20210711,분당선,청명,1406,1495,2901
20210711,분당선,영통,3653,3657,7310
20210711,분당선,망포,4844,5161,10005
20210711,분당선,매탄권선,1912,1895,3807
20210711,분당선,수원시청,5893,5920,11813
20210711,2호선,사당,14354,16067,30421
20210711,수인선,고색,1239,1353,2592
20210711,수인선,오목천,1178,1179,2357
20210711,수인선,어천,397,509,906
20210711,분당선,이매,2281,2384,4665
20210711,수인선,사리,1983,1645,3628
20210711,분당선,오리,4260,3732,7992
20210711,분당선,정자,5853,6030,11883
20210711,분당선,구룡,522,600,1122
20210711,분당선,개포동,1379,1395,2774
20210711,분당선,대모산입구,1250,1193,2443
20210711,분당선,수서,6537,5774,12311
20210711,분당선,수원,4545,3755,8300
20210711,분당선,서울숲,3448,3394,6842
20210711,분당선,압구정로데오,7369,8189,15558
20210711,분당선,강남구청,2563,3016,5579
20210711,분당선,선정릉,1608,1666,3274
20210711,분당선,가천대,2886,3462,6348
20210711,분당선,태평,6548,6026,12574
20210711,분당선,모란,8675,8844,17519
20210711,분당선,야탑,9749,10008,19757
20210711,분당선,서현,10478,10650,21128
20210711,분당선,수내,4986,4875,9861
20210711,분당선,미금,5512,6081,11593
20210711,분당선,한티,6710,6476,13186
20210711,수인선,달월,44,45,89
20210711,2호선,동대문역사문화공원,5180,6182,11362
20210711,일산선,마두,2593,2495,5088
20210711,일산선,정발산,3757,3682,7439
20210711,일산선,주엽,3274,3206,6480
20210711,일산선,대화,4661,4361,9022
20210711,장항선,봉명,450,451,901
20210711,장항선,쌍용,911,903,1814
20210711,장항선,아산,2388,1634,4022
20210711,장항선,배방,596,660,1256
20210711,장항선,온양온천,2575,2507,5082
20210711,장항선,신창,769,865,1634
20210711,중앙선,회기,11735,11674,23409
20210711,중앙선,중랑,2625,2637,5262
20210711,중앙선,상봉,3194,3186,6380
20210711,중앙선,망우,3668,3654,7322
20210711,2호선,방배,5078,5417,10495
20210711,일산선,백석,4312,4245,8557
20210711,2호선,신당,5859,6216,12075
20210711,일산선,대곡,841,740,1581
20210711,일산선,원당,4819,4704,9523
20210711,2호선,을지로4가,2376,2103,4479
20210711,2호선,을지로3가,5359,5010,10369
20210711,2호선,을지로입구,11167,10658,21825
20210711,우이신설선,가오리,1844,1807,3651
20210711,우이신설선,화계,1644,1559,3203
20210711,우이신설선,삼양,915,949,1864
20210711,우이신설선,삼양사거리,1192,1181,2373
20210711,우이신설선,솔샘,1967,1870,3837
20210711,우이신설선,북한산보국문,2671,2547,5218
20210711,우이신설선,정릉,1949,1720,3669
20210711,우이신설선,성신여대입구,1616,1833,3449
20210711,우이신설선,보문,791,782,1573
20210711,우이신설선,신설동,881,842,1723
20210711,일산선,원흥,4201,4069,8270
20210711,일산선,삼송,7740,7718,15458
20210711,일산선,화정,7178,7370,14548
20210711,중앙선,양원,640,696,1336
20210711,경부선,영등포,22375,21463,43838
20210711,경부선,노량진,4150,3922,8072
20210711,5호선,오목교,8855,9279,18134
20210711,5호선,양평,1980,2014,3994
20210711,5호선,영등포구청,992,960,1952
20210711,5호선,영등포시장,3291,3534,6825
20210711,5호선,신길,1459,1576,3035
20210711,5호선,여의도,4543,4991,9534
20210711,5호선,목동,5867,6000,11867
20210711,5호선,여의나루,4313,4545,8858
20210711,5호선,공덕,3317,3297,6614
20210711,5호선,애오개,1919,1948,3867
20210711,5호선,충정로,1156,1145,2301
20210711,5호선,서대문,3752,3685,7437
20210711,5호선,광화문,7687,8116,15803
20210711,5호선,종로3가,5172,4906,10078
20210711,5호선,마포,3368,3374,6742
20210711,5호선,신정,5010,4592,9602
20210711,5호선,까치산,12429,12473,24902
20210711,5호선,화곡,10843,10137,20980
20210711,4호선,동작,1102,1105,2207
20210711,4호선,총신대입구,7711,8365,16076
20210711,4호선,사당,10060,9443,19503
20210711,4호선,남태령,444,423,867
20210711,4호선,당고개,6240,6156,12396
20210711,4호선,상계,7856,7356,15212
20210711,4호선,노원,9028,9755,18783
20210711,4호선,창동,10623,11281,21904
20210711,4호선,쌍문,12287,11094,23381
20210711,5호선,개화산,2043,2139,4182
20210711,5호선,김포공항,5639,5366,11005
20210711,5호선,송정,2908,2986,5894
20210711,5호선,마곡,2740,2852,5592
20210711,5호선,발산,6561,6823,13384
20210711,5호선,우장산,4884,5128,10012
20210711,5호선,을지로4가,982,1070,2052
20210711,5호선,동대문역사문화공원,562,580,1142
20210711,5호선,청구,1333,1206,2539
20210711,5호선,신금호,2163,2376,4539
20210711,5호선,개롱,2295,2478,4773
20210711,5호선,거여,2910,2863,5773
20210711,5호선,마천,2648,2788,5436
20210711,5호선,강일,1237,1211,2448
20210711,5호선,미사,6157,6261,12418
20210711,5호선,하남풍산,1593,1639,3232
20210711,5호선,하남시청,2489,2433,4922
20210711,5호선,하남검단산,2738,2799,5537
20210711,6호선,응암,7075,7052,14127
20210711,6호선,역촌,1561,1844,3405
20210711,6호선,불광,2399,2113,4512
20210711,6호선,독바위,1209,1448,2657
20210711,6호선,구산,3053,2303,5356
20210711,6호선,새절,5169,5028,10197
20210711,6호선,증산,4290,4324,8614
20210711,5호선,오금,1215,1132,2347
20210711,4호선,신용산,5813,5896,11709
20210711,5호선,방이,3021,2934,5955
20210711,5호선,둔촌동,3446,3527,6973
20210711,5호선,행당,2858,2664,5522
20210711,5호선,왕십리,1854,2013,3867
20210711,5호선,마장,2126,2040,4166
20210711,5호선,답십리,5557,5163,10720
20210711,5호선,장한평,5585,5810,11395
20210711,5호선,군자,4529,5020,9549
20210711,5호선,아차산,6958,6882,13840
20210711,5호선,광나루,5358,5128,10486
20210711,5호선,천호,8874,8480,17354
20210711,5호선,강동,6493,6565,13058
20210711,5호선,길동,3329,3422,6751
20210711,5호선,굽은다리,4158,3932,8090
20210711,5호선,명일,3278,3432,6710
20210711,5호선,고덕,3115,3067,6182
20210711,5호선,상일동,5258,5009,10267
20210711,5호선,올림픽공원,1552,1305,2857
20210711,6호선,디지털미디어시티,3710,4025,7735
20210711,4호선,삼각지,1602,2156,3758
20210711,4호선,서울역,2851,5825,8676
20210711,2호선,용답,1316,1292,2608
20210711,2호선,신답,548,618,1166
20210711,2호선,신설동,1798,1908,3706
20210711,2호선,도림천,404,426,830
20210711,2호선,양천구청,2549,2690,5239
20210711,2호선,신정네거리,3853,3899,7752
20210711,2호선,충정로,2679,2782,5461
20210711,2호선,용두,803,879,1682
20210711,3호선,구파발,8563,8811,17374
20210711,3호선,연신내,16532,15870,32402
20210711,3호선,불광,7251,8433,15684
20210711,3호선,녹번,5498,4930,10428
20210711,3호선,홍제,6734,6528,13262
20210711,3호선,무악재,1460,1442,2902
20210711,3호선,지축,1502,1432,2934
20210711,2호선,아현,3947,3973,7920
20210711,2호선,이대,5182,5595,10777
20210711,2호선,신촌,15452,15281,30733
20210711,경부선,대방,4302,4787,9089
20210711,분당선,매교,1204,1142,2346
20210711,2호선,낙성대,12045,12520,24565
20210711,2호선,서울대입구,20979,21671,42650
20210711,2호선,봉천,9584,9420,19004
20210711,2호선,신림,28441,28777,57218
20210711,2호선,신대방,11895,11691,23586
20210711,2호선,구로디지털단지,17776,17502,35278
20210711,2호선,대림,11324,11453,22777
20210711,2호선,신도림,20640,20851,41491
20210711,2호선,문래,5442,5803,11245
20210711,2호선,영등포구청,5895,6050,11945
20210711,2호선,당산,6201,6736,12937
20210711,2호선,합정,13201,13699,26900
20210711,2호선,홍대입구,26005,25978,51983
20210711,3호선,독립문,2941,2937,5878
20210711,3호선,경복궁,6998,7428,14426
20210711,3호선,안국,5794,6118,11912
20210711,3호선,종로3가,2678,3369,6047
20210711,3호선,가락시장,2657,2947,5604
20210711,3호선,경찰병원,2046,2098,4144
20210711,3호선,오금,2014,1994,4008
20210711,4호선,수유,15235,14899,30134
20210711,4호선,미아,6170,5891,12061
20210711,4호선,미아사거리,11922,11550,23472
20210711,4호선,길음,7321,7199,14520
20210711,4호선,성신여대입구,9434,9023,18457
20210711,4호선,한성대입구,5819,5869,11688
20210711,4호선,혜화,14085,14786,28871
20210711,4호선,동대문,4375,5073,9448
20210711,4호선,동대문역사문화공원,6115,5977,12092
20210711,4호선,충무로,5442,5665,11107
20210711,4호선,명동,6575,6685,13260
20210711,4호선,회현,5834,5869,11703
20210711,3호선,수서,7856,7520,15376
20210711,4호선,숙대입구,4830,4685,9515
20210711,3호선,일원,2373,2555,4928
20210711,3호선,학여울,568,595,1163
20210711,3호선,을지로3가,2220,2055,4275
20210711,3호선,동대입구,4120,4427,8547
20210711,3호선,약수,4970,4760,9730
20210711,3호선,금호,3248,3113,6361
20210711,3호선,옥수,3747,4032,7779
20210711,3호선,압구정,10376,10787,21163
20210711,3호선,신사,9087,9271,18358
20210711,3호선,잠원,1481,1585,3066
20210711,3호선,고속터미널,26981,24466,51447
20210711,3호선,교대,3297,2088,5385
20210711,3호선,남부터미널,10611,10878,21489
20210711,3호선,양재,9541,11080,20621
20210711,3호선,매봉,3478,3487,6965
20210711,3호선,도곡,1563,1550,3113
20210711,3호선,대치,4548,4004,8552
20210711,3호선,대청,3007,3027,6034
20210711,6호선,월드컵경기장,2434,2516,4950
20210711,4호선,이촌,3287,3603,6890
20210711,6호선,망원,6347,7012,13359
20210711,8호선,모란,2015,1774,3789
20210711,9호선,개화,813,789,1602
20210711,9호선,김포공항,6141,9418,15559
20210711,9호선,공항시장,1340,1548,2888
20210711,9호선,신방화,2533,2623,5156
20210711,9호선,마곡나루,4032,4153,8185
20210711,9호선,양천향교,3120,3354,6474
20210711,9호선,가양,7674,7735,15409
20210711,9호선,증미,1942,1988,3930
20210711,9호선,등촌,4070,4152,8222
20210711,9호선,염창,6227,6150,12377
20210711,9호선,신목동,1284,1179,2463
20210711,9호선,선유도,2082,2108,4190
20210711,9호선,당산,6292,6306,12598
20210711,9호선,여의도,4916,4596,9512
20210711,8호선,수진,2330,2059,4389
20210711,9호선,샛강,1206,1250,2456
20210711,8호선,신흥,2225,2314,4539
20210711,8호선,남한산성입구,5087,4779,9866
20210711,7호선,삼산체육관,1974,1791,3765
20210711,7호선,굴포천,3678,3747,7425
20210711,7호선,부평구청,2832,2585,5417
20210711,8호선,암사,6913,6483,13396
20210711,8호선,천호,6630,7720,14350
20210711,8호선,강동구청,3343,3570,6913
20210711,8호선,몽촌토성,2364,2365,4729
20210711,8호선,잠실,6574,7209,13783
20210711,8호선,석촌,3258,3937,7195
20210711,8호선,송파,2658,2769,5427
20210711,8호선,가락시장,2321,3079,5400
20210711,8호선,문정,3947,4180,8127
20210711,8호선,장지,6973,7289,14262
20210711,8호선,복정,3706,3413,7119
20210711,8호선,산성,2519,2637,5156
20210711,8호선,단대오거리,4219,4219,8438
20210711,7호선,상동,5436,5343,10779
20210711,9호선,노량진,11051,11760,22811
20210711,9호선,흑석,2883,3040,5923
20210711,경강선,판교,1896,1668,3564
20210711,경강선,이매,521,374,895
20210711,경강선,삼동,803,771,1574
20210711,경강선,경기광주,2711,2707,5418
20210711,경강선,초월,1250,1208,2458
20210711,경강선,곤지암,1184,1358,2542
20210711,경강선,신둔도예촌,631,581,1212
20210711,경강선,이천,1477,1676,3153
20210711,경강선,부발,906,1488,2394
20210711,경강선,세종대왕릉,177,181,358
20210711,경강선,여주,1450,1382,2832
20210711,경부선,서울역,5154,1045,6199
20210711,경부선,남영,3186,3409,6595
20210711,6호선,마포구청,5649,5324,10973
20210711,경부선,용산,22908,19894,42802
20210711,9호선2~3단계,중앙보훈병원,2426,2370,4796
20210711,9호선,노들,1937,1651,3588
20210711,9호선2~3단계,둔촌오륜,338,384,722
20210711,9호선2~3단계,한성백제,998,907,1905
20210711,9호선,동작,859,677,1536
20210711,9호선,구반포,806,875,1681
20210711,9호선,신반포,1153,1194,2347
20210711,9호선,고속터미널,7002,8439,15441
20210711,9호선,사평,999,1072,2071
20210711,9호선,신논현,10914,10609,21523
20210711,9호선2~3단계,언주,2677,2750,5427
20210711,9호선2~3단계,선정릉,2242,2571,4813
20210711,9호선2~3단계,삼성중앙,1417,1444,2861
20210711,9호선2~3단계,봉은사,4635,4541,9176
20210711,9호선2~3단계,종합운동장,1697,1563,3260
20210711,9호선2~3단계,삼전,2718,2788,5506
20210711,9호선2~3단계,석촌고분,2349,2397,4746
20210711,9호선2~3단계,석촌,3413,2937,6350
20210711,9호선2~3단계,송파나루,2150,2328,4478
20210711,9호선2~3단계,올림픽공원,2149,2208,4357
20210711,7호선,부천시청,5515,5337,10852
20210711,9호선,국회의사당,3268,3073,6341
20210711,6호선,상수,3702,4243,7945
20210711,6호선,월곡,4041,4117,8158
20210711,6호선,돌곶이,3798,3731,7529
20210711,6호선,석계,5034,5071,10105
20210711,6호선,태릉입구,2290,2416,4706
20210711,6호선,화랑대,3766,3309,7075
20210711,6호선,봉화산,2948,2944,5892
20210711,6호선,신내,1,0,1
20210711,7호선,장암,1065,813,1878
20210711,7호선,도봉산,3870,5385,9255
20210711,7호선,수락산,6097,6147,12244
20210711,7호선,마들,4494,4251,8745
20210711,7호선,노원,8397,8540,16937
20210711,7호선,중계,5134,4742,9876
20210711,7호선,하계,6566,6328,12894
20210711,7호선,공릉,4818,4948,9766
20210711,6호선,고려대,3112,2924,6036
20210711,7호선,태릉입구,3725,3382,7107
20210711,6호선,안암,3497,3720,7217
20210711,6호선,창신,1284,1144,2428
20210711,6호선,합정,6249,5675,11924
20210711,7호선,신중동,5157,5058,10215
20210711,6호선,광흥창,3103,3006,6109
20210711,6호선,대흥,2979,3035,6014
20210711,6호선,공덕,4910,4563,9473
20210711,6호선,효창공원앞,2487,2243,4730
20210711,6호선,삼각지,2469,1960,4429
20210711,6호선,녹사평,2293,2290,4583
20210711,6호선,이태원,5485,5441,10926
20210711,6호선,한강진,4730,5252,9982
20210711,6호선,버티고개,730,882,1612
20210711,6호선,약수,1422,1372,2794
20210711,6호선,청구,1269,1229,2498
20210711,6호선,신당,2743,3416,6159
20210711,6호선,동묘앞,4196,4164,8360
20210711,6호선,보문,3104,2788,5892
20210711,7호선,먹골,4195,4182,8377
20210711,6호선,상월곡,2474,2189,4663
20210711,7호선,상봉,7036,6549,13585
20210711,7호선,상도,3913,3980,7893
20210711,7호선,장승배기,3809,3859,7668
20210711,7호선,신대방삼거리,6293,6229,12522
20210711,7호선,보라매,3364,3417,6781
20210711,7호선,신풍,4762,4603,9365
20210711,7호선,대림,5151,4833,9984
20210711,7호선,남구로,5518,5492,11010
20210711,7호선,가산디지털단지,8102,7555,15657
20210711,7호선,철산,8035,8130,16165
20210711,7호선,광명사거리,9670,9506,19176
20210711,7호선,천왕,3878,3689,7567
20210711,7호선,온수,3059,3078,6137
20210711,7호선,까치울,3242,3227,6469
20210711,7호선,중화,4655,4513,9168
20210711,7호선,춘의,2749,2641,5390
20210711,7호선,숭실대입구,4517,4751,9268
20210711,7호선,남성,4146,4245,8391
20210711,7호선,부천종합운동장,1948,1759,3707
20210711,7호선,내방,3975,4076,8051
20210711,7호선,이수,6200,6076,12276
20210711,7호선,사가정,7083,7011,14094
20210711,7호선,용마산,2663,2772,5435
20210711,7호선,중곡,3792,3797,7589
20210711,7호선,군자,5958,4819,10777
20210711,7호선,어린이대공원,5280,5305,10585
20210711,7호선,건대입구,5289,5182,10471
20210711,7호선,면목,6261,6258,12519
20210711,7호선,청담,5265,5398,10663
20210711,7호선,강남구청,4238,4633,8871
20210711,7호선,학동,4453,4829,9282
20210711,7호선,논현,4951,5297,10248
20210711,7호선,반포,2108,2148,4256
20210711,7호선,고속터미널,8712,5454,14166
20210711,7호선,뚝섬유원지,4193,3964,8157
20210717,공항철도 1호선,검암,3150,3251,6401
20210717,공항철도 1호선,계양,4691,4450,9141
20210717,공항철도 1호선,김포공항,8932,5149,14081
20210717,공항철도 1호선,마곡나루,2050,2137,4187
20210717,공항철도 1호선,서울역,4492,4841,9333
20210717,경춘선,춘천,1362,1324,2686
20210717,경춘선,강촌,652,664,1316
20210717,경춘선,김유정,353,434,787
20210717,경인선,송내,12986,13064,26050
20210717,경인선,부천,21635,22321,43956
20210717,경인선,역곡,14889,14905,29794
20210717,경인선,오류동,6986,6481,13467
20210717,공항철도 1호선,청라국제도시,2879,2817,5696
20210717,경인선,개봉,12395,12045,24440
20210717,경춘선,남춘천,2441,2591,5032
20210717,공항철도 1호선,운서,4482,4483,8965
20210717,중앙선,오빈,210,225,435
20210717,공항철도 1호선,인천공항1터미널,2942,3033,5975
20210717,경의선,임진강,52,34,86
20210717,장항선,봉명,617,567,1184
20210717,장항선,쌍용,1094,1008,2102
20210717,장항선,아산,2033,1997,4030
20210717,장항선,배방,739,703,1442
20210717,중앙선,지평,32,65,97
20210717,중앙선,양수,1973,1977,3950
20210717,중앙선,신원,177,160,337
20210717,중앙선,국수,513,518,1031
20210717,중앙선,아신,459,485,944
20210717,중앙선,양평,1904,1991,3895
20210717,중앙선,원덕,268,321,589
20210717,중앙선,용문,2000,2193,4193
20210717,공항철도 1호선,영종,1940,2019,3959
20210717,공항철도 1호선,인천공항2터미널,1799,1693,3492
20210717,공항철도 1호선,공항화물청사,1219,1319,2538
20210717,경의선,문산,3515,3431,6946
20210717,경원선,동두천중앙,1958,1991,3949
20210717,경의선,월롱,1151,1078,2229
20210717,경의선,강매,1392,1340,2732
20210717,경의선,화전,723,733,1456
20210717,경의선,수색,1094,1007,2101
20210717,경의선,디지털미디어시티,1424,1342,2766
20210717,경의선,가좌,2905,2662,5567
20210717,경의선,홍대입구,1129,1221,2350
20210717,경의선,서강대,1222,1122,2344
20210717,경의선,공덕,1545,1308,2853
20210717,경의선,효창공원앞,1275,1483,2758
20210717,경의선,신촌,270,277,547
20210717,경의선,서울역,839,911,1750
20210717,경원선,소요산,3947,3573,7520
20210717,경원선,동두천,1280,1661,2941
20210717,경원선,보산,993,985,1978
20210717,일산선,대화,6411,5794,12205
20210717,경의선,행신,3541,3799,7340
20210717,경의선,파주,657,542,1199
20210717,경의선,능곡,2079,2055,4134
20210717,경의선,백마,3107,3016,6123
20210717,7호선,숭실대입구,5854,5903,11757
20210717,7호선,상도,5479,5101,10580
20210717,7호선,장승배기,5299,5106,10405
20210717,7호선,신대방삼거리,9184,8630,17814
20210717,7호선,보라매,4609,4474,9083
20210717,7호선,신풍,6387,6095,12482
20210717,7호선,도봉산,5279,7369,12648
20210717,7호선,수락산,8633,8658,17291
20210717,경의선,금촌,4052,4047,8099
20210717,경의선,금릉,2676,2621,5297
20210717,경의선,운정,3398,3219,6617
20210717,경의선,야당,3802,3813,7615
20210717,경의선,탄현,3878,3808,7686
20210717,경의선,일산,4275,4271,8546
20210717,경의선,풍산,3036,3008,6044
20210717,경의선,곡산,322,308,630
20210717,일산선,주엽,4944,4880,9824
20210717,7호선,논현,8929,9512,18441
20210717,일산선,마두,4058,4033,8091
20210717,분당선,수원,5296,4445,9741
20210717,분당선,서울숲,4874,4948,9822
20210717,분당선,압구정로데오,12502,13718,26220
20210717,분당선,강남구청,3723,4410,8133
20210717,분당선,선정릉,2521,2568,5089
20210717,분당선,가천대,3463,3906,7369
20210717,분당선,태평,8596,8026,16622
20210717,분당선,모란,12318,12345,24663
20210717,분당선,야탑,12534,13302,25836
20210717,분당선,서현,14229,14354,28583
20210717,분당선,수내,6900,6630,13530
20210717,과천선,선바위,3592,3350,6942
20210717,분당선,정자,8361,8581,16942
20210717,분당선,미금,8446,8696,17142
20210717,분당선,오리,5796,4920,10716
20210717,분당선,수서,6434,7374,13808
20210717,분당선,이매,3275,3184,6459
20210717,분당선,대모산입구,2022,1834,3856
20210717,분당선,구룡,1328,1189,2517
20210717,경원선,지행,3949,4041,7990
20210717,7호선,반포,3472,3297,6769
20210717,7호선,고속터미널,8080,6782,14862
20210717,7호선,내방,6072,6025,12097
20210717,7호선,이수,8972,8423,17395
20210717,과천선,경마공원,839,863,1702
20210717,과천선,대공원,2566,2750,5316
20210717,과천선,과천,3069,2900,5969
20210717,과천선,정부과천청사,4268,4320,8588
20210717,과천선,인덕원,10861,10704,21565
20210717,과천선,평촌,6480,6294,12774
20210717,과천선,범계,14318,13900,28218
20210717,분당선,선릉,3807,5544,9351
20210717,분당선,한티,9920,9537,19457
20210717,분당선,도곡,3053,2874,5927
20210717,분당선,개포동,2084,2051,4135
20210717,일산선,정발산,4756,4843,9599
20210717,분당선,보정,1268,1166,2434
20210717,분당선,구성,2346,2517,4863
20210717,수인선,남동인더스파크,944,927,1871
20210717,수인선,원인재,2804,2888,5692
20210717,수인선,연수,2908,2913,5821
20210717,수인선,송도,1421,1480,2901
20210717,수인선,인하대,3089,2864,5953
20210717,수인선,숭의,2116,1939,4055
20210717,수인선,신포,1148,1130,2278
20210717,수인선,인천,964,1439,2403
20210717,중앙선,운길산,972,894,1866
20210717,7호선,남성,6126,5724,11850
20210717,안산선,산본,8916,9641,18557
20210717,안산선,대야미,2929,2638,5567
20210717,안산선,반월,2462,2409,4871
20210717,일산선,대곡,997,904,1901
20210717,일산선,백석,5724,5768,11492
20210717,수인선,호구포,2211,2125,4336
20210717,분당선,죽전,7562,8594,16156
20210717,수인선,인천논현,3375,3468,6843
20210717,수인선,월곶,1568,1514,3082
20210717,분당선,신갈,2068,2117,4185
20210717,분당선,기흥,5139,4938,10077
20210717,분당선,상갈,2898,2935,5833
20210717,분당선,청명,2039,2008,4047
20210717,분당선,영통,5095,5040,10135
20210717,분당선,망포,6719,6278,12997
20210717,분당선,매탄권선,2521,2443,4964
20210717,분당선,수원시청,7617,7846,15463
20210717,분당선,매교,1590,1544,3134
20210717,수인선,고색,1853,1804,3657
20210717,수인선,오목천,1447,1323,2770
20210717,수인선,어천,540,472,1012
20210717,수인선,야목,149,148,297
20210717,수인선,사리,2406,2079,4485
20210717,수인선,달월,53,51,104
20210717,수인선,소래포구,3635,3729,7364
20210717,경원선,덕정,3294,3106,6400
20210717,7호선,까치울,4172,4144,8316
20210717,경원선,양주,4682,4482,9164
20210717,9호선,국회의사당,2328,2382,4710
20210717,9호선,당산,9022,8440,17462
20210717,9호선,선유도,2861,2707,5568
20210717,9호선,신목동,1757,1495,3252
20210717,9호선,염창,8403,7723,16126
20210717,9호선,등촌,5737,5616,11353
20210717,9호선,여의도,6396,6075,12471
20210717,9호선,증미,3310,3228,6538
20210717,9호선,양천향교,4481,4397,8878
20210717,9호선,마곡나루,5229,5102,10331
20210717,9호선,신방화,3624,3519,7143
20210717,9호선,공항시장,1822,1925,3747
20210717,9호선,김포공항,6155,10006,16161
20210717,9호선,개화,1082,1007,2089
20210717,9호선,가양,10512,10106,20618
20210717,9호선,샛강,1798,1806,3604
20210717,9호선,노량진,16091,15511,31602
20210717,9호선,노들,2445,2078,4523
20210717,9호선2~3단계,석촌,4673,4014,8687
20210717,9호선2~3단계,석촌고분,3261,3065,6326
20210717,9호선2~3단계,삼전,3788,3556,7344
20210717,9호선2~3단계,종합운동장,2554,2313,4867
20210717,9호선2~3단계,봉은사,6202,6387,12589
20210717,9호선2~3단계,삼성중앙,2350,2335,4685
20210717,9호선2~3단계,선정릉,3311,3526,6837
20210717,9호선2~3단계,언주,4124,3982,8106
20210717,9호선,신논현,17272,17185,34457
20210717,9호선,사평,1673,1567,3240
20210717,9호선,고속터미널,7913,11061,18974
20210717,9호선,신반포,1773,1682,3455
20210717,9호선,구반포,1344,1335,2679
20210717,9호선,동작,1064,860,1924
20210717,9호선,흑석,4028,4007,8035
20210717,8호선,모란,2722,2347,5069
20210717,8호선,수진,3297,2983,6280
20210717,8호선,신흥,3103,3344,6447
20210717,8호선,단대오거리,5958,5557,11515
20210717,7호선,중계,7145,6444,13589
20210717,7호선,하계,9077,8532,17609
20210717,7호선,공릉,6577,6498,13075
20210717,7호선,태릉입구,4980,4652,9632
20210717,7호선,먹골,6030,5863,11893
20210717,7호선,중화,6181,5913,12094
20210717,경춘선,마석,2448,2526,4974
20210717,경춘선,천마산,1121,1119,2240
20210717,경춘선,평내호평,3419,3474,6893
20210717,경춘선,금곡,914,836,1750
20210717,7호선,부천시청,7623,7660,15283
20210717,7호선,신중동,7511,7318,14829
20210717,7호선,춘의,4324,4172,8496
20210717,7호선,부천종합운동장,2734,2401,5135
20210717,7호선,학동,7254,7502,14756
20210717,7호선,노원,12252,12748,25000
20210717,9호선2~3단계,송파나루,2944,3112,6056
20210717,7호선,마들,6886,6476,13362
20210717,7호선,삼산체육관,2510,2324,4834
20210717,8호선,남한산성입구,7338,6618,13956
20210717,8호선,산성,3423,3583,7006
20210717,8호선,복정,5195,4490,9685
20210717,8호선,장지,9216,8852,18068
20210717,8호선,문정,5831,5913,11744
20210717,8호선,가락시장,4122,3984,8106
20210717,8호선,송파,3793,3838,7631
20210717,8호선,석촌,4491,5242,9733
20210717,8호선,잠실,8532,9723,18255
20210717,8호선,몽촌토성,3190,3127,6317
20210717,8호선,강동구청,4648,4776,9424
20210717,8호선,천호,8990,10682,19672
20210717,8호선,암사,9598,8976,18574
20210717,7호선,부평구청,3823,3423,7246
20210717,7호선,굴포천,5071,5293,10364
20210717,7호선,상동,7567,7740,15307
20210717,9호선2~3단계,한성백제,1340,1216,2556
20210717,9호선2~3단계,올림픽공원,3180,3156,6336
20210717,9호선2~3단계,둔촌오륜,475,480,955
20210717,경원선,서빙고,1011,839,1850
20210717,경원선,이촌,2147,1679,3826
20210717,경부선,광명,1687,1596,3283
20210717,경부선,서동탄,727,731,1458
20210717,경부선,당정,2800,2691,5491
20210717,경부선,천안,4673,5084,9757
20210717,경부선,두정,4021,4286,8307
20210717,경부선,직산,514,558,1072
20210717,경부선,성환,2240,2074,4314
20210717,경부선,평택,9465,9338,18803
20210717,경부선,평택지제,2094,1925,4019
20210717,경부선,서정리,4729,4051,8780
20210717,경부선,송탄,3410,3007,6417
20210717,경부선,진위,790,746,1536
20210717,경부선,오산,7227,6760,13987
20210717,경원선,한남,2222,1956,4178
20210717,경부선,오산대,1924,1803,3727
20210717,경원선,옥수,31,29,60
20210717,경원선,왕십리,8756,10185,18941
20210717,경원선,녹양,2612,2574,5186
20210717,경원선,가능,4050,3900,7950
20210717,경원선,의정부,12760,13288,26048
20210717,경원선,회룡,7271,7371,14642
20210717,경원선,망월사,4280,4504,8784
20210717,경원선,도봉산,7559,5068,12627
20210717,경원선,도봉,3569,3431,7000
20210717,경원선,방학,5946,5768,11714
20210717,경원선,녹천,2731,2273,5004
20210717,경원선,월계,3558,3412,6970
20210717,경원선,광운대,4299,4153,8452
20210717,경원선,석계,4894,5169,10063
20210717,경원선,신이문,4863,4568,9431
20210717,경원선,외대앞,4468,4284,8752
20210717,경원선,청량리,11431,13175,24606
20210717,경원선,응봉,1302,1170,2472
20210717,경원선,덕계,1876,1712,3588
20210717,경부선,세마,1545,1365,2910
20210717,경부선,세류,1916,2002,3918
20210717,경부선,용산,21294,23961,45255
20210717,경부선,남영,3951,4010,7961
20210717,경부선,서울역,3148,1169,4317
20210717,경강선,여주,1552,1843,3395
20210717,경강선,세종대왕릉,209,244,453
20210717,경강선,부발,1264,1085,2349
20210717,경강선,이천,1860,1982,3842
20210717,경강선,신둔도예촌,730,764,1494
20210717,경강선,곤지암,1408,1492,2900
20210717,경강선,초월,1642,1580,3222
20210717,경강선,경기광주,3769,3641,7410
20210717,경강선,삼동,1190,1142,2332
20210717,경강선,이매,598,537,1135
20210717,경강선,판교,2314,2099,4413
20210717,9호선2~3단계,중앙보훈병원,3201,3039,6240
20210717,경부선,노량진,5788,5093,10881
20210717,경부선,병점,8561,8597,17158
20210717,경부선,대방,5806,5734,11540
20210717,경부선,신도림,2094,2103,4197
20210717,경부선,독산,6459,6570,13029
20210717,경부선,수원,25930,28092,54022
20210717,경부선,화서,3618,3624,7242
20210717,경부선,성균관대,7212,7154,14366
20210717,경부선,의왕,4418,4337,8755
20210717,경부선,군포,3456,3274,6730
20210717,경부선,금정,13568,13509,27077
20210717,경부선,명학,3794,3658,7452
20210717,경부선,안양,12997,12989,25986
20210717,경부선,관악,4308,4048,8356
20210717,경부선,석수,5094,4763,9857
20210717,경부선,금천구청,6032,6137,12169
20210717,경부선,가산디지털단지,4538,6171,10709
20210717,경부선,구로,9759,9885,19644
20210717,경부선,신길,4718,3833,8551
20210717,경부선,영등포,25594,26924,52518
20210717,7호선,강남구청,7078,7563,14641
20210717,7호선,뚝섬유원지,5426,5129,10555
20210717,7호선,청담,8001,8417,16418
20210717,2호선,서초,6843,6126,12969
20210717,2호선,교대,12775,14199,26974
20210717,2호선,강남,41697,40497,82194
20210717,2호선,역삼,13071,14182,27253
20210717,2호선,선릉,17217,15260,32477
20210717,2호선,삼성,15637,15570,31207
20210717,2호선,방배,6933,7323,14256
20210717,2호선,종합운동장,3389,3841,7230
20210717,2호선,잠실,39211,37600,76811
20210717,2호선,잠실나루,5397,5282,10679
20210717,2호선,강변,17064,18659,35723
20210717,2호선,구의,12339,12026,24365
20210717,2호선,건대입구,21888,23623,45511
20210717,2호선,성수,12200,13695,25895
20210717,2호선,잠실새내,12273,12624,24897
20210717,2호선,사당,19765,21074,40839
20210717,2호선,낙성대,16018,14850,30868
20210717,2호선,서울대입구,29057,27496,56553
20210717,2호선,충정로,3810,3790,7600
20210717,2호선,아현,5709,5415,11124
20210717,2호선,이대,7043,7271,14314
20210717,2호선,신촌,19778,19756,39534
20210717,2호선,홍대입구,33792,34612,68404
20210717,2호선,합정,17413,18318,35731
20210717,2호선,당산,8668,9552,18220
20210717,2호선,영등포구청,8744,9019,17763
20210717,2호선,문래,8066,8270,16336
20210717,2호선,신도림,27392,26983,54375
20210717,2호선,대림,13678,14717,28395
20210717,2호선,구로디지털단지,25261,24906,50167
20210717,2호선,신대방,15662,15357,31019
20210717,2호선,신림,37639,36329,73968
20210717,2호선,봉천,13565,12466,26031
20210717,2호선,뚝섬,8731,9057,17788
20210717,2호선,한양대,2954,2787,5741
20210717,2호선,왕십리,9442,7648,17090
20210717,2호선,상왕십리,7461,7010,14471
20210717,중앙선,구리,7874,8070,15944
20210717,중앙선,도농,4971,4752,9723
20210717,중앙선,양정,515,483,998
20210717,중앙선,덕소,3475,3538,7013
20210717,중앙선,도심,1166,1026,2192
20210717,4호선,신용산,6870,7646,14516
20210717,4호선,이촌,4335,4692,9027
20210717,중앙선,팔당,1148,1189,2337
20210717,4호선,동작,1450,1437,2887
20210717,4호선,총신대입구,10872,11843,22715
20210717,4호선,사당,13443,11495,24938
20210717,4호선,남태령,581,497,1078
20210717,4호선,당고개,7884,7548,15432
20210717,4호선,상계,10787,10265,21052
20210717,4호선,노원,11711,12825,24536
20210717,중앙선,양원,913,943,1856
20210717,2호선,용답,1640,1523,3163
20210717,중앙선,망우,4856,4780,9636
20210717,중앙선,중랑,3496,3396,6892
20210717,2호선,신당,8032,8166,16198
20210717,2호선,동대문역사문화공원,6706,7049,13755
20210717,2호선,을지로4가,5185,5007,10192
20210717,2호선,을지로3가,6719,6625,13344
20210717,경원선,창동,1,0,1
20210717,2호선,을지로입구,13293,13564,26857
20210717,경춘선,백양리,139,140,279
20210717,경춘선,굴봉산,182,223,405
20210717,경춘선,가평,1659,1987,3646
20210717,경춘선,상천,336,298,634
20210717,경춘선,청평,1403,1468,2871
20210717,경춘선,대성리,518,536,1054
20210717,장항선,온양온천,2690,2772,5462
20210717,장항선,신창,825,754,1579
20210717,중앙선,회기,13734,12790,26524
20210717,중앙선,상봉,4098,4072,8170
20210717,2호선,신답,783,859,1642
20210717,2호선,신설동,2481,2434,4915
20210717,2호선,도림천,630,640,1270
20210717,경인선,소사,5047,5040,10087
20210717,경인선,구일,3198,3080,6278
20210717,4호선,삼각지,2106,2457,4563
20210717,4호선,숙대입구,6053,5806,11859
20210717,4호선,서울역,3575,6851,10426
20210717,4호선,회현,12212,12784,24996
20210717,4호선,명동,7599,8588,16187
20210717,4호선,충무로,8357,8686,17043
20210717,4호선,동대문역사문화공원,7695,6710,14405
20210717,4호선,동대문,10647,10411,21058
20210717,4호선,혜화,16373,16854,33227
20210717,4호선,한성대입구,7603,7194,14797
20210717,4호선,성신여대입구,12278,11509,23787
20210717,4호선,길음,10096,9544,19640
20210717,4호선,미아사거리,16621,16060,32681
20210717,경인선,부개,4950,4737,9687
20210717,4호선,미아,8648,8266,16914
20210717,경인선,간석,3268,3190,6458
20210717,경인선,온수,3681,3326,7007
20210717,7호선,천왕,5105,4794,9899
20210717,7호선,광명사거리,13142,13302,26444
20210717,7호선,철산,11264,11375,22639
20210717,7호선,가산디지털단지,11473,10498,21971
20210717,7호선,남구로,6889,7294,14183
20210717,일산선,화정,9541,9871,19412
20210717,일산선,원당,6145,6020,12165
20210717,일산선,삼송,10055,9994,20049
20210717,경춘선,사릉,1854,1817,3671
20210717,경춘선,퇴계원,2143,1947,4090
20210717,경춘선,별내,1816,1776,3592
20210717,경춘선,갈매,1453,1301,2754
20210717,경춘선,신내,898,855,1753
20210717,경인선,도화,2402,2247,4649
20210717,경인선,중동,4811,4669,9480
20210717,경인선,도원,1609,1597,3206
20210717,4호선,창동,14836,15771,30607
20210717,4호선,수유,20414,19917,40331
20210717,3호선,경찰병원,3023,2977,6000
20210717,3호선,을지로3가,3432,3516,6948
20210717,3호선,종로3가,3773,5046,8819
20210717,3호선,안국,7323,8195,15518
20210717,3호선,경복궁,8783,8868,17651
20210717,3호선,독립문,3914,3826,7740
20210717,3호선,무악재,1965,2002,3967
20210717,3호선,홍제,9676,9108,18784
20210717,3호선,녹번,7640,6809,14449
20210717,3호선,불광,9655,11037,20692
20210717,3호선,연신내,22915,21426,44341
20210717,3호선,구파발,11965,12176,24141
20210717,3호선,지축,2117,2095,4212
20210717,2호선,용두,1426,1399,2825
20210717,2호선,신정네거리,5457,5419,10876
20210717,2호선,양천구청,3491,3664,7155
20210717,3호선,동대입구,4061,4303,8364
20210717,3호선,오금,2646,2555,5201
20210717,3호선,약수,6856,6501,13357
20210717,3호선,옥수,5291,5271,10562
20210717,3호선,가락시장,4644,4219,8863
20210717,3호선,수서,8289,9065,17354
20210717,3호선,일원,3850,3908,7758
20210717,3호선,대청,4800,4398,9198
20210717,3호선,학여울,806,755,1561
20210717,3호선,대치,7574,6854,14428
20210717,3호선,도곡,2358,2271,4629
20210717,3호선,매봉,4537,4391,8928
20210717,3호선,양재,14104,15193,29297
20210717,3호선,남부터미널,13735,14479,28214
20210717,3호선,교대,4925,2980,7905
20210717,3호선,고속터미널,28704,30498,59202
20210717,3호선,잠원,2512,2403,4915
20210717,3호선,신사,16149,16716,32865
20210717,3호선,압구정,18557,19121,37678
20210717,3호선,금호,4455,4144,8599
20210717,4호선,쌍문,16326,14948,31274
20210717,7호선,온수,4517,4383,8900
20210717,5호선,개화산,2885,2839,5724
20210717,우이신설선,보문,1005,909,1914
20210717,우이신설선,성신여대입구,2181,2494,4675
20210717,우이신설선,정릉,2568,2223,4791
20210717,우이신설선,북한산보국문,3456,3182,6638
20210717,우이신설선,솔샘,2863,2571,5434
20210717,우이신설선,삼양사거리,1597,1563,3160
20210717,우이신설선,신설동,1117,1069,2186
20210717,우이신설선,삼양,1188,1319,2507
20210717,우이신설선,가오리,2496,2379,4875
20210717,우이신설선,4.19민주묘지,1898,1680,3578
20210717,우이신설선,솔밭공원,1541,1438,2979
20210717,우이신설선,북한산우이,2608,2719,5327
20210717,안산선,수리산,2283,2070,4353
20210717,안산선,오이도,5784,5970,11754
20210717,우이신설선,화계,1962,1867,3829
20210717,일산선,원흥,5408,5276,10684
20210717,7호선,장암,1358,1032,2390
20210717,6호선,봉화산,4012,4020,8032
20210717,6호선,버티고개,1017,1102,2119
20210717,6호선,약수,1938,1862,3800
20210717,6호선,청구,1871,1786,3657
20210717,6호선,신당,4300,3550,7850
20210717,6호선,동묘앞,5947,5614,11561
20210717,6호선,창신,1771,1379,3150
20210717,6호선,보문,3863,3375,7238
20210717,6호선,안암,4441,4121,8562
20210717,6호선,고려대,3999,3691,7690
20210717,6호선,월곡,5762,5797,11559
20210717,6호선,상월곡,3272,2930,6202
20210717,6호선,돌곶이,4594,4429,9023
20210717,6호선,석계,6735,6761,13496
20210717,6호선,태릉입구,3073,3350,6423
20210717,6호선,화랑대,4958,4268,9226
20210717,안산선,신길온천,1027,1041,2068
20210717,안산선,안산,7582,8187,15769
20210717,안산선,초지,2144,2246,4390
20210717,안산선,고잔,4166,4106,8272
20210717,1호선,동대문,8369,7520,15889
20210717,1호선,종로5가,12549,12634,25183
20210717,1호선,종로3가,14925,14442,29367
20210717,1호선,종각,11152,10772,21924
20210717,1호선,시청,6325,6322,12647
20210717,1호선,동묘앞,8423,8395,16818
20210717,1호선,서울역,18534,19380,37914
20210717,7호선,면목,8970,8752,17722
20210717,7호선,사가정,9707,9459,19166
20210717,7호선,용마산,3309,3452,6761
20210717,7호선,중곡,5298,5076,10374
20210717,7호선,군자,8251,6529,14780
20210717,7호선,어린이대공원,6472,6185,12657
20210717,7호선,건대입구,8101,7714,15815
20210717,5호선,방화,3707,3565,7272
20210717,1호선,신설동,7186,6937,14123
20210717,6호선,한강진,4913,5674,10587
20210717,1호선,제기동,11410,11731,23141
20210717,경인선,인천,2914,2363,5277
20210717,안산선,중앙,10772,11189,21961
20210717,안산선,한대앞,5099,5163,10262
20210717,안산선,상록수,8995,9019,18014
20210717,7호선,대림,5547,5888,11435
20210717,공항철도 1호선,공덕,1047,1309,2356
20210717,공항철도 1호선,홍대입구,6670,6278,12948
20210717,공항철도 1호선,디지털미디어시티,3677,3435,7112
20210717,7호선,상봉,10255,9754,20009
20210717,2호선,시청,5440,5024,10464
20210717,경인선,부평,21610,23228,44838
20210717,경인선,백운,3958,3939,7897
20210717,경인선,동암,9399,9644,19043
20210717,경인선,주안,11437,10154,21591
20210717,경인선,제물포,5249,5246,10495
20210717,경인선,동인천,8736,8505,17241
20210717,1호선,청량리,13745,14084,27829
20210717,6호선,이태원,6311,6755,13066
20210717,안산선,정왕,4941,5093,10034
20210717,6호선,삼각지,3167,2568,5735
20210717,5호선,서대문,4772,4651,9423
20210717,5호선,광화문,9143,9385,18528
20210717,5호선,종로3가,7025,7236,14261
20210717,5호선,을지로4가,2399,2635,5034
20210717,5호선,동대문역사문화공원,771,906,1677
20210717,5호선,청구,2032,1702,3734
20210717,5호선,신금호,3001,3077,6078
20210717,5호선,행당,4247,3629,7876
20210717,5호선,왕십리,2638,3023,5661
20210717,5호선,마장,2840,2600,5440
20210717,5호선,답십리,8007,7255,15262
20210717,5호선,장한평,8458,8378,16836
20210717,5호선,군자,6248,6780,13028
20210717,5호선,아차산,8986,8712,17698
20210717,5호선,광나루,7482,7192,14674
20210717,5호선,애오개,2888,2724,5612
20210717,5호선,천호,12441,11786,24227
20210717,5호선,공덕,4835,4928,9763
20210717,5호선,여의나루,4787,5089,9876
20210717,6호선,녹사평,2918,2951,5869
20210717,5호선,송정,3810,3733,7543
20210717,5호선,마곡,4178,4151,8329
20210717,5호선,발산,9424,9687,19111
20210717,5호선,우장산,7147,7302,14449
20210717,5호선,화곡,15143,14199,29342
20210717,5호선,까치산,16179,15679,31858
20210717,5호선,신정,6693,5863,12556
20210717,5호선,목동,8543,8546,17089
20210717,5호선,오목교,12296,12628,24924
20210717,5호선,양평,2685,2542,5227
20210717,5호선,영등포구청,1541,1431,2972
20210717,5호선,영등포시장,4905,5007,9912
20210717,5호선,신길,1802,1976,3778
20210717,5호선,여의도,6298,6829,13127
20210717,5호선,마포,5182,5112,10294
20210717,5호선,강동,9428,8951,18379
20210717,5호선,충정로,1407,1292,2699
20210717,5호선,김포공항,5889,6036,11925
20210717,6호선,독바위,1686,1953,3639
20210717,6호선,연신내,3,0,3
20210717,6호선,구산,4129,3246,7375
20210717,6호선,새절,6929,6553,13482
20210717,6호선,증산,5771,5685,11456
20210717,6호선,디지털미디어시티,5394,5528,10922
20210717,6호선,월드컵경기장,3598,3746,7344
20210717,6호선,마포구청,7540,6700,14240
20210717,6호선,망원,9015,9818,18833
20210717,6호선,합정,8234,7564,15798
20210717,6호선,상수,4934,5718,10652
20210717,6호선,광흥창,3977,3723,7700
20210717,6호선,대흥,4087,3986,8073
20210717,6호선,공덕,7016,6685,13701
20210717,5호선,길동,4898,5022,9920
20210717,6호선,불광,2936,2605,5541
20210717,6호선,역촌,2287,2538,4825
20210717,6호선,효창공원앞,3441,3017,6458
20210717,5호선,하남검단산,3707,3725,7432
20210717,6호선,응암,9635,9667,19302
20210717,5호선,명일,4467,4457,8924
20210717,5호선,고덕,4731,4617,9348
20210717,5호선,상일동,7336,6736,14072
20210717,5호선,둔촌동,4768,4740,9508
20210717,5호선,올림픽공원,2193,1841,4034
20210717,5호선,방이,4008,3967,7975
20210717,5호선,오금,1661,1509,3170
20210717,5호선,굽은다리,5727,5494,11221
20210717,5호선,거여,4300,4083,8383
20210717,5호선,마천,3448,3564,7012
20210717,5호선,강일,1743,1695,3438
20210717,5호선,미사,8364,8332,16696
20210717,5호선,하남풍산,2026,2159,4185
20210717,5호선,하남시청,3358,3291,6649
20210717,5호선,개롱,3450,3645,7095
20210718,7호선,면목,6019,6126,12145
20210718,7호선,상봉,6961,6542,13503
20210718,7호선,중화,4088,4056,8144
20210718,경부선,서울역,4340,872,5212
20210718,경부선,남영,2739,3009,5748
20210718,7호선,공릉,4507,4635,9142
20210718,경부선,용산,22322,18834,41156
20210718,경부선,영등포,21894,20625,42519
20210718,경부선,대방,3732,4170,7902
20210718,경부선,신도림,1460,1549,3009
20210718,경부선,신길,3519,3026,6545
20210718,7호선,먹골,4006,3978,7984
20210718,7호선,태릉입구,3531,3311,6842
20210718,7호선,사가정,6753,6672,13425
20210718,경부선,노량진,3858,3796,7654
20210718,7호선,용마산,2356,2573,4929
20210718,7호선,논현,4665,5012,9677
20210718,7호선,군자,5586,4620,10206
20210718,7호선,하계,6322,6034,12356
20210718,7호선,광명사거리,8899,8905,17804
20210718,7호선,철산,7296,7248,14544
20210718,7호선,가산디지털단지,7837,7366,15203
20210718,7호선,남구로,5155,5147,10302
20210718,7호선,대림,4932,4624,9556
20210718,7호선,신풍,4406,4166,8572
20210718,7호선,고속터미널,8110,4876,12986
20210718,7호선,반포,2208,2230,4438
20210718,7호선,학동,3777,4090,7867
20210718,7호선,강남구청,4000,4287,8287
20210718,7호선,청담,4505,4793,9298
20210718,7호선,뚝섬유원지,4498,4086,8584
20210718,7호선,건대입구,5729,5391,11120
20210718,7호선,어린이대공원,5278,4951,10229
20210718,7호선,중곡,3579,3530,7109
20210718,7호선,중계,4950,4519,9469
20210718,6호선,증산,4097,4240,8337
20210718,7호선,마들,4259,4003,8262
20210718,6호선,한강진,3920,4394,8314
20210718,6호선,이태원,5138,5137,10275
20210718,6호선,녹사평,2282,2136,4418
20210718,6호선,삼각지,2313,1724,4037
20210718,6호선,효창공원앞,2328,2130,4458
20210718,6호선,공덕,4594,4353,8947
20210718,6호선,대흥,2845,2900,5745
20210718,6호선,광흥창,2663,2560,5223
20210718,6호선,상수,3625,4312,7937
20210718,6호선,합정,6050,5611,11661
20210718,6호선,망원,6478,6985,13463
20210718,6호선,마포구청,5148,4830,9978
20210718,6호선,월드컵경기장,3079,2984,6063
20210718,6호선,디지털미디어시티,3545,3727,7272
20210718,7호선,천왕,3417,3272,6689
20210718,6호선,버티고개,776,814,1590
20210718,7호선,노원,7973,8058,16031
20210718,6호선,약수,1225,1218,2443
20210718,6호선,신당,2687,3472,6159
20210718,7호선,수락산,6801,6783,13584
20210718,7호선,도봉산,4263,6342,10605
20210718,7호선,장암,1332,1028,2360
20210718,6호선,봉화산,2920,2854,5774
20210718,6호선,화랑대,3387,2988,6375
20210718,6호선,태릉입구,2151,2377,4528
20210718,6호선,석계,4754,4830,9584
20210718,6호선,돌곶이,3806,3589,7395
20210718,6호선,상월곡,2280,2018,4298
20210718,6호선,월곡,3964,4027,7991
20210718,6호선,고려대,2972,2853,5825
20210718,6호선,안암,3236,3401,6637
20210718,6호선,보문,2824,2621,5445
20210718,6호선,창신,1178,1063,2241
20210718,6호선,동묘앞,4337,4450,8787
20210718,6호선,청구,1214,1260,2474
20210718,7호선,온수,2795,2826,5621
20210718,경강선,세종대왕릉,206,181,387
20210718,7호선,부천종합운동장,1940,1776,3716
20210718,9호선2~3단계,봉은사,4340,4514,8854
20210718,9호선2~3단계,삼성중앙,1463,1502,2965
20210718,9호선2~3단계,선정릉,2232,2405,4637
20210718,9호선2~3단계,언주,2357,2476,4833
20210718,9호선,신논현,10029,9891,19920
20210718,9호선,사평,1054,1119,2173
20210718,9호선,고속터미널,6860,7785,14645
20210718,9호선,신반포,959,1012,1971
20210718,9호선,구반포,795,847,1642
20210718,9호선,동작,862,722,1584
20210718,9호선,흑석,2625,2823,5448
20210718,9호선,노들,1707,1530,3237
20210718,9호선,노량진,10454,11375,21829
20210718,9호선,샛강,1212,1264,2476
20210718,9호선,여의도,4558,4431,8989
20210718,9호선2~3단계,종합운동장,1591,1504,3095
20210718,9호선,국회의사당,1879,1919,3798
20210718,9호선2~3단계,삼전,2559,2575,5134
20210718,9호선2~3단계,석촌,3214,2780,5994
20210718,6호선,새절,4630,4644,9274
20210718,경강선,부발,902,1428,2330
20210718,경강선,이천,1449,1587,3036
20210718,경강선,신둔도예촌,631,551,1182
20210718,경강선,곤지암,1070,1286,2356
20210718,경강선,초월,1172,1119,2291
20210718,경강선,경기광주,2612,2644,5256
20210718,경강선,삼동,780,791,1571
20210718,경강선,이매,470,371,841
20210718,경강선,판교,1721,1570,3291
20210718,9호선2~3단계,중앙보훈병원,2324,2258,4582
20210718,9호선2~3단계,둔촌오륜,284,298,582
20210718,9호선2~3단계,올림픽공원,1989,2057,4046
20210718,9호선2~3단계,한성백제,1007,894,1901
20210718,9호선2~3단계,송파나루,2139,2457,4596
20210718,9호선2~3단계,석촌고분,2192,2284,4476
20210718,7호선,까치울,2995,2939,5934
20210718,9호선,당산,5776,5797,11573
20210718,9호선,신목동,1187,1064,2251
20210718,8호선,가락시장,2262,2947,5209
20210718,8호선,송파,2468,2544,5012
20210718,8호선,석촌,2983,3606,6589
20210718,8호선,잠실,6877,7416,14293
20210718,8호선,몽촌토성,2280,2272,4552
20210718,8호선,강동구청,3185,3276,6461
20210718,8호선,천호,6455,7428,13883
20210718,8호선,암사,6564,6292,12856
20210718,7호선,부평구청,2716,2425,5141
20210718,7호선,굴포천,3602,3611,7213
20210718,7호선,삼산체육관,1825,1684,3509
20210718,7호선,상동,5207,5297,10504
20210718,7호선,부천시청,5258,5168,10426
20210718,7호선,신중동,5022,4879,9901
20210718,7호선,춘의,2609,2499,5108
20210718,8호선,문정,3556,3776,7332
20210718,9호선,선유도,1942,1982,3924
20210718,8호선,장지,6682,7033,13715
20210718,8호선,산성,2446,2491,4937
20210718,9호선,염창,5856,5824,11680
20210718,9호선,등촌,3722,4002,7724
20210718,9호선,증미,2133,2306,4439
20210718,9호선,가양,6985,7168,14153
20210718,9호선,양천향교,2996,3163,6159
20210718,9호선,마곡나루,3630,3812,7442
20210718,9호선,신방화,2492,2456,4948
20210718,9호선,공항시장,1285,1415,2700
20210718,9호선,김포공항,6158,8530,14688
20210718,9호선,개화,819,810,1629
20210718,8호선,모란,1870,1587,3457
20210718,8호선,수진,2234,2010,4244
20210718,8호선,신흥,2183,2348,4531
20210718,8호선,단대오거리,3953,3974,7927
20210718,8호선,남한산성입구,4906,4572,9478
20210718,8호선,복정,3387,3108,6495
20210718,6호선,구산,2710,2203,4913
20210718,4호선,충무로,5099,5251,10350
20210718,6호선,불광,1974,1776,3750
20210718,3호선,신사,8221,8290,16511
20210718,3호선,압구정,8908,9446,18354
20210718,3호선,옥수,3575,3832,7407
20210718,3호선,금호,2960,2887,5847
20210718,3호선,약수,4521,4458,8979
20210718,3호선,지축,1410,1351,2761
20210718,3호선,잠원,1461,1414,2875
20210718,2호선,용두,924,919,1843
20210718,2호선,양천구청,2147,2318,4465
20210718,2호선,도림천,332,346,678
20210718,2호선,신설동,2097,2211,4308
20210718,2호선,신답,493,566,1059
20210718,2호선,용답,1279,1242,2521
20210718,2호선,충정로,2431,2538,4969
20210718,2호선,신정네거리,3671,3744,7415
20210718,3호선,고속터미널,25789,22121,47910
20210718,3호선,교대,2747,1791,4538
20210718,3호선,남부터미널,9903,9975,19878
20210718,4호선,길음,6876,6744,13620
20210718,4호선,미아사거리,11575,11025,22600
20210718,4호선,미아,5655,5468,11123
20210718,4호선,수유,14379,13843,28222
20210718,3호선,오금,1790,1805,3595
20210718,3호선,경찰병원,1922,2028,3950
20210718,3호선,가락시장,2504,2802,5306
20210718,3호선,수서,7320,6756,14076
20210718,3호선,일원,2206,2341,4547
20210718,3호선,대청,2846,2808,5654
20210718,3호선,학여울,506,508,1014
20210718,3호선,대치,4644,4130,8774
20210718,3호선,도곡,1316,1425,2741
20210718,3호선,매봉,2808,2893,5701
20210718,3호선,양재,8181,9768,17949
20210718,2호선,아현,3650,3648,7298
20210718,2호선,사당,13292,14803,28095
20210718,2호선,방배,4476,4823,9299
20210718,2호선,서초,4504,4010,8514
20210718,2호선,을지로4가,2257,1971,4228
20210718,2호선,을지로3가,4096,3870,7966
20210718,2호선,을지로입구,10216,9901,20117
20210718,2호선,시청,3730,3290,7020
20210718,1호선,청량리,9683,9911,19594
20210718,1호선,제기동,6770,7164,13934
20210718,1호선,신설동,5292,5342,10634
20210718,1호선,동대문,6426,7027,13453
20210718,1호선,종로5가,5401,5703,11104
20210718,1호선,종로3가,9246,8494,17740
20210718,1호선,종각,7638,7222,14860
20210718,1호선,시청,4502,4310,8812
20210718,1호선,동묘앞,9224,9032,18256
20210718,1호선,서울역,17507,14388,31895
20210718,경강선,여주,1496,1391,2887
20210718,2호선,동대문역사문화공원,5076,6225,11301
20210718,4호선,성신여대입구,8630,8547,17177
20210718,2호선,신당,5619,6015,11634
20210718,2호선,왕십리,6377,5586,11963
20210718,2호선,교대,7343,8226,15569
20210718,2호선,강남,22663,21855,44518
20210718,2호선,역삼,7036,8113,15149
20210718,2호선,선릉,9219,8014,17233
20210718,2호선,삼성,10780,10566,21346
20210718,2호선,종합운동장,2330,2498,4828
20210718,2호선,잠실새내,7591,7960,15551
20210718,2호선,잠실,28528,27156,55684
20210718,2호선,잠실나루,3521,3668,7189
20210718,2호선,강변,14769,13181,27950
20210718,2호선,구의,8250,8231,16481
20210718,2호선,건대입구,16624,17922,34546
20210718,2호선,성수,8224,9504,17728
20210718,2호선,뚝섬,6024,6401,12425
20210718,2호선,한양대,1710,1947,3657
20210718,2호선,상왕십리,4850,4773,9623
20210718,4호선,한성대입구,5431,5493,10924
20210718,4호선,혜화,12988,13530,26518
20210718,4호선,동대문,4403,5012,9415
20210718,5호선,아차산,6716,6627,13343
20210718,5호선,군자,4221,4712,8933
20210718,5호선,장한평,5211,5346,10557
20210718,5호선,답십리,5064,4687,9751
20210718,5호선,마장,1983,1797,3780
20210718,5호선,왕십리,1838,2077,3915
20210718,5호선,행당,2732,2405,5137
20210718,5호선,신금호,2100,2311,4411
20210718,5호선,청구,1247,1143,2390
20210718,5호선,동대문역사문화공원,463,589,1052
20210718,5호선,을지로4가,985,1021,2006
20210718,5호선,종로3가,4913,4618,9531
20210718,5호선,광화문,7215,7355,14570
20210718,5호선,서대문,3116,3138,6254
20210718,5호선,충정로,921,972,1893
20210718,5호선,광나루,5422,5283,10705
20210718,5호선,애오개,1758,1847,3605
20210718,5호선,길동,3162,3256,6418
20210718,5호선,명일,2907,2992,5899
20210718,6호선,역촌,1453,1670,3123
20210718,6호선,응암,6780,6957,13737
20210718,5호선,하남검단산,3091,3087,6178
20210718,5호선,하남시청,2281,2283,4564
20210718,5호선,하남풍산,1464,1549,3013
20210718,5호선,미사,5655,5688,11343
20210718,5호선,강일,1165,1130,2295
20210718,5호선,마천,2524,2650,5174
20210718,5호선,거여,2798,2742,5540
20210718,5호선,개롱,2235,2424,4659
20210718,5호선,오금,1057,1039,2096
20210718,5호선,방이,2595,2580,5175
20210718,5호선,올림픽공원,1517,1241,2758
20210718,5호선,둔촌동,2973,3052,6025
20210718,5호선,고덕,3003,3110,6113
20210718,5호선,굽은다리,3928,3818,7746
20210718,6호선,독바위,1210,1462,2672
20210718,5호선,공덕,2969,3097,6066
20210718,5호선,여의나루,4083,4182,8265
20210718,4호선,노원,8055,8754,16809
20210718,4호선,상계,7450,7029,14479
20210718,4호선,당고개,6196,6010,12206
20210718,4호선,남태령,406,380,786
20210718,4호선,사당,9403,8959,18362
20210718,4호선,총신대입구,7026,7678,14704
20210718,4호선,동작,1161,1199,2360
20210718,4호선,이촌,2858,3296,6154
20210718,4호선,신용산,5318,5524,10842
20210718,4호선,삼각지,1384,1700,3084
20210718,4호선,숙대입구,4195,4177,8372
20210718,4호선,서울역,2705,5082,7787
20210718,4호선,회현,5791,5911,11702
20210718,4호선,명동,6032,6041,12073
20210718,4호선,동대문역사문화공원,5908,6084,11992
20210718,4호선,창동,10346,10939,21285
20210718,5호선,마포,3153,3218,6371
20210718,4호선,쌍문,11217,10041,21258
20210718,5호선,개화산,2101,2136,4237
20210718,5호선,여의도,4333,4726,9059
20210718,5호선,신길,1289,1428,2717
20210718,5호선,영등포시장,3073,3140,6213
20210718,5호선,영등포구청,925,952,1877
20210718,5호선,양평,1718,1858,3576
20210718,5호선,오목교,8544,8856,17400
20210718,5호선,목동,5334,5575,10909
20210718,5호선,신정,4535,4123,8658
20210718,5호선,까치산,11326,11330,22656
20210718,5호선,화곡,10067,9541,19608
20210718,5호선,우장산,4492,4604,9096
20210718,5호선,발산,6142,6476,12618
20210718,5호선,마곡,2492,2546,5038
20210718,5호선,송정,2774,2796,5570
20210718,5호선,김포공항,5981,5255,11236
20210718,5호선,방화,2616,2632,5248
20210718,경부선,구로,6732,6701,13433
20210718,경부선,가산디지털단지,3334,4579,7913
20210718,경부선,금천구청,4389,4331,8720
20210718,안산선,중앙,7965,7667,15632
20210718,안산선,한대앞,3746,3810,7556
20210718,안산선,상록수,6482,6347,12829
20210718,안산선,반월,1715,1789,3504
20210718,안산선,대야미,2135,2041,4176
20210718,안산선,산본,6125,6473,12598
20210718,안산선,고잔,3077,2877,5954
20210718,수인선,인천,819,1202,2021
20210718,수인선,숭의,1423,1344,2767
20210718,수인선,인하대,2345,2242,4587
20210718,수인선,송도,1148,1100,2248
20210718,수인선,연수,2197,2164,4361
20210718,수인선,원인재,2031,2160,4191
20210718,수인선,남동인더스파크,562,576,1138
20210718,수인선,신포,824,803,1627
20210718,안산선,초지,1580,1526,3106
20210718,안산선,안산,7525,6757,14282
20210718,안산선,신길온천,858,774,1632
20210718,우이신설선,보문,693,692,1385
20210718,우이신설선,성신여대입구,1510,1817,3327
20210718,우이신설선,정릉,1825,1474,3299
20210718,우이신설선,북한산보국문,2582,2382,4964
20210718,우이신설선,솔샘,1867,1721,3588
20210718,우이신설선,삼양사거리,1112,1197,2309
20210718,우이신설선,삼양,899,932,1831
20210718,우이신설선,화계,1472,1353,2825
20210718,우이신설선,가오리,1761,1705,3466
20210718,우이신설선,4.19민주묘지,1594,1316,2910
20210718,우이신설선,솔밭공원,1044,1080,2124
20210718,우이신설선,북한산우이,2586,2749,5335
20210718,안산선,수리산,1537,1492,3029
20210718,안산선,오이도,4556,4702,9258
20210718,안산선,정왕,3864,4202,8066
20210718,수인선,호구포,1497,1509,3006
20210718,수인선,인천논현,2251,2238,4489
20210718,수인선,소래포구,3315,3255,6570
20210718,수인선,월곶,1245,1191,2436
20210718,분당선,오리,3936,3529,7465
20210718,분당선,미금,5042,5359,10401
20210718,분당선,정자,5430,5640,11070
20210718,분당선,수내,4485,4408,8893
20210718,분당선,서현,9726,9858,19584
20210718,분당선,야탑,9024,9257,18281
20210718,분당선,모란,8043,8208,16251
20210718,분당선,태평,6086,5669,11755
20210718,분당선,가천대,2442,3094,5536
20210718,분당선,선정릉,1482,1546,3028
20210718,분당선,강남구청,2223,2681,4904
20210718,분당선,압구정로데오,7064,7750,14814
20210718,분당선,서울숲,3560,3581,7141
20210718,분당선,수원,4167,3367,7534
20210718,분당선,수서,6093,5163,11256
20210718,분당선,이매,2097,2090,4187
20210718,일산선,원흥,3756,3524,7280
20210718,분당선,보정,768,737,1505
20210718,분당선,구성,1605,1769,3374
20210718,수인선,달월,38,40,78
20210718,수인선,사리,1763,1524,3287
20210718,수인선,야목,131,110,241
20210718,수인선,어천,421,501,922
20210718,수인선,오목천,955,1003,1958
20210718,수인선,고색,1202,1247,2449
20210718,분당선,매교,963,1026,1989
20210718,분당선,수원시청,5072,5148,10220
20210718,분당선,매탄권선,1756,1719,3475
20210718,분당선,망포,4396,4750,9146
20210718,분당선,영통,3459,3426,6885
20210718,분당선,청명,1309,1309,2618
20210718,분당선,상갈,2085,2096,4181
20210718,분당선,기흥,3711,3550,7261
20210718,분당선,신갈,1351,1432,2783
20210718,분당선,죽전,5655,6484,12139
20210718,분당선,대모산입구,1049,984,2033
20210718,일산선,삼송,7347,7122,14469
20210718,일산선,화정,6780,6998,13778
20210718,3호선,종로3가,2435,3072,5507
20210718,3호선,을지로3가,1746,1644,3390
20210718,3호선,동대입구,3668,3769,7437
20210718,3호선,구파발,8386,8816,17202
20210718,3호선,연신내,15799,14818,30617
20210718,3호선,불광,6611,7735,14346
20210718,3호선,안국,5405,5939,11344
20210718,3호선,녹번,5026,4539,9565
20210718,3호선,무악재,1278,1380,2658
20210718,5호선,천호,8864,8257,17121
20210718,5호선,강동,6221,6119,12340
20210718,7호선,내방,3718,3864,7582
20210718,7호선,이수,5733,5619,11352
20210718,7호선,남성,3900,3913,7813
20210718,3호선,홍제,6317,6083,12400
20210718,3호선,경복궁,6457,6757,13214
20210718,3호선,독립문,2515,2671,5186
20210718,2호선,이대,4673,5287,9960
20210718,5호선,상일동,4806,4763,9569
20210718,2호선,낙성대,10851,11442,22293
20210718,2호선,서울대입구,19484,20276,39760
20210718,2호선,봉천,8796,8757,17553
20210718,2호선,신림,26402,26360,52762
20210718,2호선,신대방,11253,11084,22337
20210718,2호선,구로디지털단지,16500,16620,33120
20210718,2호선,대림,10304,10670,20974
20210718,2호선,신도림,19019,19216,38235
20210718,2호선,문래,5219,5513,10732
20210718,2호선,영등포구청,5417,5684,11101
20210718,2호선,당산,5921,6250,12171
20210718,2호선,합정,12786,13101,25887
20210718,2호선,홍대입구,25835,25553,51388
20210718,2호선,신촌,14047,13884,27931
20210718,7호선,숭실대입구,3916,4210,8126
20210718,7호선,상도,3727,3770,7497
20210718,7호선,장승배기,3528,3481,7009
20210718,7호선,신대방삼거리,5758,5622,11380
20210718,중앙선,상봉,2994,3032,6026
20210718,중앙선,중랑,2570,2454,5024
20210718,중앙선,회기,10350,10590,20940
20210718,장항선,신창,759,826,1585
20210718,장항선,온양온천,2478,2524,5002
20210718,장항선,배방,540,598,1138
20210718,장항선,아산,2152,1480,3632
20210718,장항선,쌍용,824,826,1650
20210718,장항선,봉명,431,432,863
20210718,일산선,대화,4521,4234,8755
20210718,일산선,주엽,3127,3057,6184
20210718,일산선,정발산,3545,3586,7131
20210718,일산선,마두,2622,2592,5214
20210718,일산선,백석,4256,4082,8338
20210718,일산선,대곡,753,640,1393
20210718,중앙선,망우,3612,3797,7409
20210718,일산선,원당,4304,4248,8552
20210718,중앙선,양원,632,648,1280
20210718,중앙선,도농,3404,3347,6751
20210718,7호선,보라매,2973,3080,6053
20210718,중앙선,지평,62,33,95
20210718,중앙선,용문,2246,1939,4185
20210718,중앙선,원덕,291,233,524
20210718,중앙선,양평,2319,2079,4398
20210718,중앙선,오빈,192,157,349
20210718,중앙선,아신,463,348,811
20210718,중앙선,국수,452,399,851
20210718,중앙선,신원,187,125,312
20210718,중앙선,양수,1679,1580,3259
20210718,중앙선,운길산,989,906,1895
20210718,중앙선,팔당,1154,1132,2286
20210718,중앙선,도심,884,820,1704
20210718,중앙선,덕소,2551,2589,5140
20210718,중앙선,양정,373,319,692
20210718,중앙선,구리,5356,5766,11122
20210718,분당선,개포동,1186,1223,2409
20210718,우이신설선,신설동,854,806,1660
20210718,분당선,도곡,1895,1804,3699
20210718,경원선,덕정,2339,2465,4804
20210718,경원선,덕계,1144,1125,2269
20210718,경원선,양주,3485,3496,6981
20210718,경원선,녹양,1860,1894,3754
20210718,경원선,가능,2944,2772,5716
20210718,경원선,의정부,9942,10043,19985
20210718,경원선,회룡,5065,5150,10215
20210718,경원선,망월사,3270,3387,6657
20210718,경원선,도봉산,6986,4927,11913
20210718,경원선,도봉,2631,2453,5084
20210718,경원선,방학,4189,4136,8325
20210718,경원선,창동,1,0,1
20210718,경원선,녹천,1936,1607,3543
20210718,경원선,월계,2669,2537,5206
20210718,경원선,광운대,3092,3179,6271
20210718,경원선,지행,3039,2940,5979
20210718,경원선,석계,3449,3883,7332
20210718,경원선,동두천중앙,1651,1475,3126
20210718,경원선,동두천,1066,1273,2339
20210718,경의선,곡산,224,245,469
20210718,경의선,능곡,1503,1574,3077
20210718,경의선,행신,3081,2783,5864
20210718,경의선,강매,984,938,1922
20210718,경의선,화전,545,572,1117
20210718,경의선,수색,624,702,1326
20210718,경의선,디지털미디어시티,987,975,1962
20210718,경의선,가좌,1972,2102,4074
20210718,경의선,홍대입구,916,1020,1936
20210718,경의선,서강대,819,868,1687
20210718,경의선,공덕,1089,934,2023
20210718,경의선,효창공원앞,945,1053,1998
20210718,경의선,신촌,175,190,365
20210718,경의선,서울역,688,649,1337
20210718,경원선,소요산,4159,3643,7802
20210718,경원선,보산,880,818,1698
20210718,경의선,백마,2293,2136,4429
20210718,경원선,신이문,3580,3264,6844
20210718,경원선,청량리,10871,9226,20097
20210718,경부선,오산대,1529,1578,3107
20210718,경부선,세마,1198,1177,2375
20210718,경부선,병점,6402,6981,13383
20210718,경부선,세류,1503,1563,3066
20210718,경부선,독산,4237,4387,8624
20210718,경부선,수원,23322,22104,45426
20210718,경부선,화서,2599,2580,5179
20210718,경부선,성균관대,5270,5558,10828
20210718,경부선,의왕,2947,3074,6021
20210718,경부선,군포,2226,2128,4354
20210718,경부선,금정,9496,10005,19501
20210718,경부선,명학,2345,2455,4800
20210718,경부선,안양,9423,9197,18620
20210718,경부선,관악,3397,3060,6457
20210718,분당선,구룡,441,479,920
20210718,경부선,오산,5856,6338,12194
20210718,경원선,외대앞,3146,3214,6360
20210718,경부선,진위,513,550,1063
20210718,경부선,서정리,3071,4261,7332
20210718,경원선,왕십리,6538,7813,14351
20210718,경원선,응봉,771,724,1495
20210718,경원선,옥수,50,11,61
20210718,경원선,한남,1446,1484,2930
20210718,경원선,서빙고,691,676,1367
20210718,경원선,이촌,1415,1129,2544
20210718,경부선,광명,1680,1143,2823
20210718,경부선,서동탄,515,559,1074
20210718,경부선,당정,2021,2088,4109
20210718,경부선,천안,4924,4533,9457
20210718,경부선,두정,3568,3686,7254
20210718,경부선,직산,416,470,886
20210718,경부선,성환,1809,1991,3800
20210718,경부선,평택,8194,8417,16611
20210718,경부선,평택지제,1757,1562,3319
20210718,경부선,송탄,2596,2882,5478
20210718,경의선,풍산,2436,2391,4827
20210718,경부선,석수,3500,3461,6961
20210718,경의선,일산,3621,3491,7112
20210718,공항철도 1호선,디지털미디어시티,2492,2553,5045
20210718,공항철도 1호선,홍대입구,5385,5329,10714
20210718,공항철도 1호선,공덕,757,1023,1780
20210718,공항철도 1호선,서울역,4972,3666,8638
20210718,경춘선,춘천,1409,1125,2534
20210718,경춘선,남춘천,1886,1772,3658
20210718,공항철도 1호선,마곡나루,1398,1617,3015
20210718,경춘선,김유정,310,318,628
20210718,경춘선,백양리,165,133,298
20210718,경춘선,굴봉산,237,176,413
20210718,경춘선,가평,1803,1393,3196
20210718,경춘선,상천,385,306,691
20210718,경춘선,청평,1291,1084,2375
20210718,경춘선,대성리,533,398,931
20210718,경춘선,강촌,657,601,1258
20210718,공항철도 1호선,김포공항,10038,4853,14891
20210718,공항철도 1호선,계양,3324,3327,6651
20210718,공항철도 1호선,검암,2477,2574,5051
20210718,분당선,선릉,2036,3009,5045
20210718,과천선,범계,9828,9602,19430
20210718,과천선,평촌,4123,4116,8239
20210718,과천선,인덕원,7215,7237,14452
20210718,과천선,정부과천청사,3053,3205,6258
20210718,과천선,과천,2158,2080,4238
20210718,과천선,대공원,2253,2327,4580
20210718,과천선,경마공원,676,654,1330
20210718,과천선,선바위,2287,2260,4547
20210718,공항철도 1호선,영종,1634,1624,3258
20210718,공항철도 1호선,인천공항2터미널,1791,1720,3511
20210718,공항철도 1호선,인천공항1터미널,2919,2968,5887
20210718,공항철도 1호선,공항화물청사,974,1003,1977
20210718,공항철도 1호선,운서,3795,4082,7877
20210718,공항철도 1호선,청라국제도시,2236,2086,4322
20210718,경춘선,마석,2035,2039,4074
20210718,경춘선,천마산,849,825,1674
20210718,분당선,한티,6792,6555,13347
20210718,경춘선,금곡,721,676,1397
20210718,경인선,부평,16789,16990,33779
20210718,경인선,송내,9180,9115,18295
20210718,경인선,부천,16333,16017,32350
20210718,경인선,역곡,10012,10121,20133
20210718,경인선,오류동,4680,4577,9257
20210718,경의선,임진강,54,42,96
20210718,경의선,문산,2745,2768,5513
20210718,경의선,파주,520,446,966
20210718,경의선,월롱,626,1210,1836
20210718,경의선,금촌,3021,3211,6232
20210718,경의선,금릉,1942,1947,3889
20210718,경의선,운정,2380,2422,4802
20210718,경의선,야당,3026,2816,5842
20210718,경의선,탄현,2883,2721,5604
20210718,경춘선,평내호평,2505,2562,5067
20210718,경인선,백운,2853,2833,5686
20210718,경인선,동암,6979,6890,13869
20210718,경인선,개봉,8131,8220,16351
20210718,경인선,제물포,3849,3823,7672
20210718,경인선,주안,8452,7289,15741
20210718,경춘선,퇴계원,1504,1515,3019
20210718,경춘선,별내,1328,1290,2618
20210718,경춘선,갈매,1056,958,2014
20210718,경춘선,신내,627,616,1243
20210718,경인선,중동,3386,3206,6592
20210718,경인선,온수,2460,2390,4850
20210718,경인선,도화,1755,1580,3335
20210718,경인선,간석,2307,2216,4523
20210718,경춘선,사릉,1170,1270,2440
20210718,경인선,부개,3462,3259,6721
20210718,경인선,소사,3758,3586,7344
20210718,경인선,구일,2194,2210,4404
20210718,경인선,인천,2674,2190,4864
20210718,경인선,동인천,6529,6297,12826
20210718,경인선,도원,1110,1183,2293
20210724,경부선,대방,5552,5810,11362
20210724,경부선,서울역,3172,1025,4197
20210724,경부선,남영,3858,3720,7578
20210724,경부선,용산,21101,24380,45481
20210724,경부선,노량진,5823,5468,11291
20210724,경부선,영등포,26401,27568,53969
20210724,경부선,안양,12739,13263,26002
20210724,경부선,신길,4637,3854,8491
20210724,경부선,구로,9629,10257,19886
20210724,경부선,가산디지털단지,4572,6226,10798
20210724,경부선,금천구청,5745,6285,12030
20210724,경부선,석수,5154,4816,9970
20210724,경부선,관악,4130,4059,8189
20210724,경강선,여주,1588,1809,3397
20210724,경부선,신도림,1951,1929,3880
20210724,경강선,세종대왕릉,221,251,472
20210724,9호선2~3단계,삼전,3812,3565,7377
20210724,경강선,이천,1858,2019,3877
20210724,경부선,명학,4048,3898,7946
20210724,9호선2~3단계,석촌고분,3212,3167,6379
20210724,9호선2~3단계,석촌,4677,3916,8593
20210724,9호선2~3단계,송파나루,2975,3283,6258
20210724,9호선2~3단계,한성백제,1281,1208,2489
20210724,9호선2~3단계,올림픽공원,2683,2731,5414
20210724,9호선2~3단계,둔촌오륜,483,496,979
20210724,9호선2~3단계,중앙보훈병원,3392,3247,6639
20210724,경강선,판교,2229,2179,4408
20210724,경강선,이매,608,459,1067
20210724,경강선,삼동,1217,1137,2354
20210724,경강선,경기광주,3762,3597,7359
20210724,경강선,초월,1601,1510,3111
20210724,경강선,곤지암,1361,1536,2897
20210724,경강선,신둔도예촌,750,786,1536
20210724,경강선,부발,1326,1201,2527
20210724,경부선,금정,13376,13733,27109
20210724,경부선,직산,507,477,984
20210724,경부선,의왕,4315,4324,8639
20210724,경부선,광명,1586,1629,3215
20210724,경원선,이촌,2107,1618,3725
20210724,경원선,서빙고,956,822,1778
20210724,경원선,한남,2107,1945,4052
20210724,경원선,옥수,37,34,71
20210724,경원선,응봉,1002,808,1810
20210724,경원선,왕십리,8762,10298,19060
20210724,경원선,청량리,11208,12820,24028
20210724,경원선,외대앞,4090,4048,8138
20210724,경원선,신이문,4774,4251,9025
20210724,경원선,석계,4858,5037,9895
20210724,경원선,광운대,4226,4045,8271
20210724,경원선,월계,3689,3371,7060
20210724,경원선,녹천,2515,2100,4615
20210724,9호선2~3단계,종합운동장,2322,2187,4509
20210724,경부선,서동탄,761,803,1564
20210724,경부선,군포,3377,3048,6425
20210724,경부선,당정,2889,2740,5629
20210724,경부선,두정,4156,4366,8522
20210724,경부선,성균관대,7254,7281,14535
20210724,경부선,화서,3548,3608,7156
20210724,경부선,수원,26049,27781,53830
20210724,경부선,독산,6282,6518,12800
20210724,경부선,세류,1997,1990,3987
20210724,경부선,병점,8817,8667,17484
20210724,경부선,세마,1508,1377,2885
20210724,경부선,오산대,1917,1799,3716
20210724,경부선,오산,6834,6574,13408
20210724,경부선,진위,775,674,1449
20210724,경부선,송탄,3430,3226,6656
20210724,경부선,서정리,4591,3843,8434
20210724,경부선,평택지제,2094,1976,4070
20210724,경부선,평택,9654,9384,19038
20210724,경부선,성환,2159,2057,4216
20210724,경부선,천안,4939,5222,10161
20210724,9호선2~3단계,봉은사,6733,6887,13620
20210724,8호선,단대오거리,5718,5446,11164
20210724,9호선2~3단계,선정릉,3213,3512,6725
20210724,분당선,모란,14529,14734,29263
20210724,분당선,야탑,12409,13299,25708
20210724,분당선,서현,14147,14388,28535
20210724,분당선,수내,6986,6643,13629
20210724,분당선,정자,8195,8353,16548
20210724,분당선,미금,8684,8862,17546
20210724,분당선,태평,8710,8077,16787
20210724,분당선,오리,5864,4883,10747
20210724,분당선,보정,1159,1011,2170
20210724,분당선,죽전,7451,8502,15953
20210724,분당선,구성,2285,2477,4762
20210724,분당선,신갈,1994,2086,4080
20210724,분당선,기흥,5245,5039,10284
20210724,분당선,상갈,2934,2989,5923
20210724,분당선,이매,3144,3018,6162
20210724,분당선,가천대,3282,3844,7126
20210724,분당선,선정릉,2475,2493,4968
20210724,분당선,강남구청,3694,4188,7882
20210724,8호선,신흥,3184,3425,6609
20210724,8호선,수진,3529,3143,6672
20210724,8호선,모란,3311,2920,6231
20210724,9호선,김포공항,6283,9817,16100
20210724,분당선,한티,10020,9468,19488
20210724,분당선,도곡,3124,2885,6009
20210724,분당선,구룡,956,856,1812
20210724,분당선,개포동,2051,1945,3996
20210724,분당선,대모산입구,1808,1662,3470
20210724,분당선,수서,6566,7269,13835
20210724,분당선,복정,1,0,1
20210724,분당선,수원,5460,4575,10035
20210724,분당선,서울숲,4555,4507,9062
20210724,분당선,압구정로데오,12244,13475,25719
20210724,중앙선,지평,47,74,121
20210724,분당선,청명,1915,1899,3814
20210724,분당선,영통,4933,4728,9661
20210724,분당선,망포,6622,6162,12784
20210724,분당선,매탄권선,2552,2394,4946
20210724,9호선,선유도,2792,2663,5455
20210724,9호선,당산,8941,8466,17407
20210724,9호선,국회의사당,2293,2345,4638
20210724,9호선,여의도,7212,6497,13709
20210724,9호선,샛강,1876,1847,3723
20210724,9호선,노량진,16194,15800,31994
20210724,9호선,노들,2400,2029,4429
20210724,9호선,흑석,3866,3902,7768
20210724,9호선,동작,964,792,1756
20210724,9호선,구반포,1352,1379,2731
20210724,9호선,신반포,1779,1707,3486
20210724,9호선,고속터미널,8036,11262,19298
20210724,9호선,사평,1559,1505,3064
20210724,9호선,신논현,17759,17379,35138
20210724,9호선2~3단계,언주,3994,3955,7949
20210724,9호선,신목동,1661,1418,3079
20210724,9호선2~3단계,삼성중앙,2312,2384,4696
20210724,9호선,염창,8417,7892,16309
20210724,9호선,증미,3384,3354,6738
20210724,경원선,방학,5814,5583,11397
20210724,분당선,매교,1474,1497,2971
20210724,수인선,고색,1885,1887,3772
20210724,수인선,오목천,1606,1428,3034
20210724,수인선,어천,532,444,976
20210724,수인선,야목,149,134,283
20210724,수인선,사리,2337,2019,4356
20210724,수인선,달월,39,47,86
20210724,수인선,월곶,1548,1529,3077
20210724,수인선,소래포구,3726,3768,7494
20210724,9호선,공항시장,1775,2054,3829
20210724,9호선,신방화,3623,3542,7165
20210724,9호선,마곡나루,5250,5161,10411
20210724,9호선,양천향교,4450,4362,8812
20210724,9호선,가양,10306,9924,20230
20210724,9호선,등촌,5877,5727,11604
20210724,분당선,수원시청,7362,7804,15166
20210724,경원선,도봉,3421,3217,6638
20210724,경원선,망월사,4409,4398,8807
20210724,안산선,대야미,2880,2643,5523
20210724,안산선,산본,8745,9469,18214
20210724,수인선,인천,1168,1706,2874
20210724,수인선,신포,1045,1075,2120
20210724,수인선,숭의,2072,1954,4026
20210724,수인선,인하대,3061,2831,5892
20210724,9호선,개화,1066,985,2051
20210724,경의선,탄현,3800,3854,7654
20210724,경의선,야당,3887,3838,7725
20210724,경의선,운정,3322,3239,6561
20210724,경의선,금릉,2699,2654,5353
20210724,경의선,금촌,4004,3990,7994
20210724,경의선,월롱,1069,1045,2114
20210724,경의선,파주,693,536,1229
20210724,경의선,문산,3723,3758,7481
20210724,안산선,반월,2568,2396,4964
20210724,경의선,임진강,40,42,82
20210724,안산선,상록수,9003,8873,17876
20210724,안산선,중앙,10699,11217,21916
20210724,중앙선,아신,519,521,1040
20210724,중앙선,오빈,210,237,447
20210724,중앙선,양평,2015,2054,4069
20210724,중앙선,원덕,281,331,612
20210724,중앙선,용문,2627,2981,5608
20210724,우이신설선,가오리,2312,2221,4533
20210724,우이신설선,솔밭공원,1412,1364,2776
20210724,우이신설선,북한산우이,2419,2628,5047
20210724,안산선,수리산,2217,1931,4148
20210724,안산선,오이도,5860,5983,11843
20210724,안산선,정왕,4730,4939,9669
20210724,안산선,신길온천,992,1047,2039
20210724,안산선,안산,7527,7843,15370
20210724,안산선,초지,2220,2298,4518
20210724,안산선,고잔,4062,4019,8081
20210724,안산선,한대앞,5137,5253,10390
20210724,중앙선,국수,482,493,975
20210724,경인선,개봉,12109,12145,24254
20210724,경인선,역곡,14384,14587,28971
20210724,경춘선,별내,1676,1635,3311
20210724,경춘선,퇴계원,2014,1891,3905
20210724,경춘선,사릉,1677,1723,3400
20210724,경춘선,금곡,825,772,1597
20210724,경춘선,평내호평,3295,3327,6622
20210724,경춘선,천마산,1036,1053,2089
20210724,경춘선,마석,2397,2537,4934
20210724,경춘선,대성리,457,460,917
20210724,경춘선,청평,1298,1373,2671
20210724,경춘선,상천,334,284,618
20210724,경춘선,가평,1768,1990,3758
20210724,경춘선,굴봉산,182,182,364
20210724,경춘선,백양리,182,203,385
20210724,경춘선,김유정,350,435,785
20210724,8호선,남한산성입구,7103,6429,13532
20210724,경춘선,갈매,1438,1327,2765
20210724,경인선,오류동,7051,6379,13430
20210724,경춘선,신내,876,812,1688
20210724,경인선,중동,4780,4603,9383
20210724,경인선,부천,21786,22367,44153
20210724,경인선,송내,12967,12948,25915
20210724,경인선,부평,21622,23323,44945
20210724,경인선,백운,4065,3968,8033
20210724,경인선,동암,9233,9527,18760
20210724,경인선,주안,11261,10020,21281
20210724,경인선,제물포,5196,5233,10429
20210724,경인선,동인천,8841,8656,17497
20210724,경인선,인천,3046,2516,5562
20210724,경인선,구일,3282,3096,6378
20210724,경인선,소사,4980,4910,9890
20210724,경인선,부개,4718,4446,9164
20210724,경인선,간석,3230,3106,6336
20210724,경인선,도원,1453,1517,2970
20210724,경인선,온수,3633,3261,6894
20210724,경인선,도화,2469,2337,4806
20210724,경원선,도봉산,6213,4722,10935
20210724,중앙선,신원,207,159,366
20210724,중앙선,운길산,887,869,1756
20210724,경의선,디지털미디어시티,1374,1239,2613
20210724,경의선,수색,1021,963,1984
20210724,경의선,화전,682,635,1317
20210724,경의선,강매,1343,1275,2618
20210724,경의선,행신,3617,3741,7358
20210724,경의선,능곡,2106,2051,4157
20210724,경의선,곡산,286,323,609
20210724,경의선,백마,3046,2983,6029
20210724,수인선,인천논현,3390,3535,6925
20210724,수인선,호구포,2058,1981,4039
20210724,수인선,남동인더스파크,875,814,1689
20210724,수인선,원인재,2679,2843,5522
20210724,수인선,연수,2765,2817,5582
20210724,수인선,송도,1417,1370,2787
20210724,우이신설선,4.19민주묘지,1766,1541,3307
20210724,경의선,가좌,3067,2907,5974
20210724,우이신설선,화계,1873,1787,3660
20210724,경의선,홍대입구,1106,1225,2331
20210724,경의선,공덕,1576,1321,2897
20210724,경원선,회룡,6880,7073,13953
20210724,경원선,의정부,12790,13405,26195
20210724,경원선,가능,3914,3708,7622
20210724,경원선,녹양,2555,2435,4990
20210724,경원선,양주,4695,4522,9217
20210724,경원선,덕계,1670,1516,3186
20210724,경원선,덕정,3292,3110,6402
20210724,경원선,지행,3908,4016,7924
20210724,경원선,동두천중앙,1912,1978,3890
20210724,경원선,보산,1034,1064,2098
20210724,경원선,동두천,1391,1695,3086
20210724,경원선,소요산,4061,3680,7741
20210724,경의선,서울역,773,980,1753
20210724,경의선,신촌,253,241,494
20210724,경의선,효창공원앞,1270,1424,2694
20210724,경의선,서강대,1287,1115,2402
20210724,중앙선,양수,1606,1742,3348
20210724,우이신설선,삼양,1208,1282,2490
20210724,우이신설선,솔샘,2731,2515,5246
20210724,장항선,배방,718,659,1377
20210724,경의선,풍산,3005,2900,5905
20210724,장항선,온양온천,3546,3629,7175
20210724,장항선,신창,884,838,1722
20210724,중앙선,회기,13238,12380,25618
20210724,중앙선,중랑,3488,3282,6770
20210724,중앙선,상봉,3895,3806,7701
20210724,중앙선,망우,4674,4605,9279
20210724,중앙선,양원,927,885,1812
20210724,중앙선,구리,7576,7739,15315
20210724,중앙선,도농,4627,4536,9163
20210724,중앙선,양정,485,460,945
20210724,중앙선,덕소,3482,3533,7015
20210724,중앙선,도심,1194,976,2170
20210724,중앙선,팔당,1127,1146,2273
20210724,장항선,아산,1960,1908,3868
20210724,우이신설선,삼양사거리,1564,1576,3140
20210724,장항선,쌍용,1127,1037,2164
20210724,일산선,대화,6348,5861,12209
20210724,우이신설선,북한산보국문,3432,3143,6575
20210724,우이신설선,정릉,2493,2132,4625
20210724,경의선,일산,4272,4162,8434
20210724,우이신설선,성신여대입구,2118,2360,4478
20210724,우이신설선,보문,885,847,1732
20210724,우이신설선,신설동,1075,1000,2075
20210724,일산선,원흥,5302,5165,10467
20210724,일산선,삼송,9844,9898,19742
20210724,일산선,원당,5933,5738,11671
20210724,일산선,화정,9280,9593,18873
20210724,일산선,대곡,943,839,1782
20210724,일산선,백석,5642,5605,11247
20210724,일산선,마두,3913,3978,7891
20210724,일산선,정발산,4809,4865,9674
20210724,일산선,주엽,4863,4902,9765
20210724,장항선,봉명,585,527,1112
20210724,8호선,산성,3427,3455,6882
20210724,8호선,복정,5188,4566,9754
20210724,8호선,장지,9246,8740,17986
20210724,3호선,매봉,4372,4286,8658
20210724,3호선,도곡,2341,2248,4589
20210724,3호선,대치,7616,6778,14394
20210724,3호선,학여울,744,689,1433
20210724,3호선,대청,4361,3981,8342
20210724,3호선,일원,3362,3401,6763
20210724,3호선,양재,13542,14656,28198
20210724,3호선,수서,8461,9185,17646
20210724,3호선,경찰병원,2958,2992,5950
20210724,3호선,오금,2944,2859,5803
20210724,4호선,수유,20405,20109,40514
20210724,4호선,미아,8435,8044,16479
20210724,4호선,미아사거리,16844,16232,33076
20210724,4호선,길음,10105,9617,19722
20210724,3호선,가락시장,4582,4255,8837
20210724,3호선,남부터미널,13691,14671,28362
20210724,3호선,교대,4716,2802,7518
20210724,3호선,고속터미널,30227,31777,62004
20210724,3호선,녹번,7628,6654,14282
20210724,3호선,홍제,9662,9082,18744
20210724,3호선,무악재,1975,2029,4004
20210724,3호선,독립문,3744,3589,7333
20210724,3호선,경복궁,8775,8938,17713
20210724,3호선,안국,7311,8027,15338
20210724,3호선,종로3가,3855,4950,8805
20210724,3호선,을지로3가,3428,3622,7050
20210724,3호선,동대입구,3881,3919,7800
20210724,3호선,약수,6883,6437,13320
20210724,3호선,금호,4415,4039,8454
20210724,3호선,옥수,5143,5283,10426
20210724,3호선,압구정,18833,19475,38308
20210724,3호선,신사,16665,17013,33678
20210724,3호선,잠원,2524,2431,4955
20210724,4호선,성신여대입구,12370,11617,23987
20210724,4호선,한성대입구,7372,7013,14385
20210724,4호선,혜화,16744,17030,33774
20210724,4호선,동대문,10375,10122,20497
20210724,5호선,개화산,2847,2809,5656
20210724,5호선,김포공항,6162,6065,12227
20210724,5호선,송정,3978,3742,7720
20210724,5호선,마곡,4093,4159,8252
20210724,5호선,발산,9168,9699,18867
20210724,5호선,우장산,7227,7238,14465
20210724,5호선,화곡,15246,14194,29440
20210724,5호선,까치산,16096,15544,31640
20210724,5호선,신정,6764,5908,12672
20210724,5호선,목동,8451,8548,16999
20210724,5호선,오목교,12511,12876,25387
20210724,5호선,양평,2718,2595,5313
20210724,5호선,영등포구청,1433,1407,2840
20210724,5호선,영등포시장,4772,4826,9598
20210724,5호선,신길,1891,1923,3814
20210724,5호선,방화,3723,3612,7335
20210724,3호선,불광,9732,10918,20650
20210724,4호선,쌍문,16613,15385,31998
20210724,4호선,노원,12106,13063,25169
20210724,4호선,동대문역사문화공원,7479,6585,14064
20210724,4호선,충무로,8518,8834,17352
20210724,4호선,명동,7407,8352,15759
20210724,4호선,회현,12217,12695,24912
20210724,4호선,서울역,3682,7030,10712
20210724,4호선,숙대입구,6208,5932,12140
20210724,4호선,삼각지,2079,2482,4561
20210724,4호선,신용산,6923,7321,14244
20210724,4호선,이촌,4431,4843,9274
20210724,4호선,동작,1228,1258,2486
20210724,4호선,총신대입구,10675,11533,22208
20210724,4호선,사당,13406,11269,24675
20210724,4호선,남태령,724,585,1309
20210724,4호선,당고개,7856,7575,15431
20210724,4호선,상계,10836,10139,20975
20210724,4호선,창동,14641,15662,30303
20210724,3호선,연신내,23075,21396,44471
20210724,3호선,구파발,11839,11960,23799
20210724,3호선,지축,2041,1990,4031
20210724,1호선,신설동,7044,6553,13597
20210724,1호선,제기동,10643,10602,21245
20210724,1호선,청량리,13340,13495,26835
20210724,2호선,시청,5656,5256,10912
20210724,2호선,을지로입구,13466,13611,27077
20210724,2호선,을지로3가,6556,6481,13037
20210724,2호선,을지로4가,4988,5042,10030
20210724,2호선,동대문역사문화공원,6915,7269,14184
20210724,2호선,신당,7987,8172,16159
20210724,2호선,상왕십리,7493,7164,14657
20210724,2호선,왕십리,8997,7336,16333
20210724,2호선,한양대,2510,2424,4934
20210724,2호선,뚝섬,8550,8944,17494
20210724,2호선,성수,12232,13723,25955
20210724,2호선,건대입구,21729,23279,45008
20210724,1호선,동대문,8020,7331,15351
20210724,2호선,구의,12296,11987,24283
20210724,1호선,종로5가,12106,12087,24193
20210724,1호선,종각,11376,10998,22374
20210724,경춘선,남춘천,2206,2199,4405
20210724,경춘선,춘천,1332,1306,2638
20210724,공항철도 1호선,서울역,4270,4651,8921
20210724,공항철도 1호선,공덕,1053,1371,2424
20210724,공항철도 1호선,홍대입구,6766,6454,13220
20210724,공항철도 1호선,디지털미디어시티,3402,3189,6591
20210724,공항철도 1호선,마곡나루,2000,2175,4175
20210724,공항철도 1호선,김포공항,8780,4893,13673
20210724,공항철도 1호선,계양,4724,4481,9205
20210724,공항철도 1호선,검암,3249,3320,6569
20210724,공항철도 1호선,청라국제도시,2814,2674,5488
20210724,공항철도 1호선,운서,4471,4584,9055
20210724,1호선,서울역,18055,18400,36455
20210724,1호선,동묘앞,7698,7735,15433
20210724,1호선,시청,6466,6176,12642
20210724,1호선,종로3가,14941,14142,29083
20210724,5호선,여의도,7099,7586,14685
20210724,2호선,강변,16842,17798,34640
20210724,2호선,잠실,39735,38475,78210
20210724,2호선,영등포구청,8858,8857,17715
20210724,2호선,당산,8303,9148,17451
20210724,2호선,합정,17232,17959,35191
20210724,2호선,홍대입구,34196,35340,69536
20210724,2호선,신촌,20259,20026,40285
20210724,2호선,이대,7011,7170,14181
20210724,2호선,아현,5588,5433,11021
20210724,2호선,충정로,3605,3646,7251
20210724,2호선,용답,1657,1585,3242
20210724,2호선,신답,701,729,1430
20210724,2호선,신설동,2290,2224,4514
20210724,2호선,도림천,674,684,1358
20210724,2호선,양천구청,3501,3522,7023
20210724,2호선,신정네거리,5629,5806,11435
20210724,2호선,용두,1396,1392,2788
20210724,2호선,문래,7950,8274,16224
20210724,2호선,잠실나루,5543,5444,10987
20210724,2호선,신도림,26918,26611,53529
20210724,2호선,구로디지털단지,25287,24704,49991
20210724,2호선,잠실새내,12245,12568,24813
20210724,2호선,종합운동장,3210,3541,6751
20210724,2호선,삼성,17511,17258,34769
20210724,2호선,선릉,17225,15176,32401
20210724,2호선,역삼,13011,14155,27166
20210724,2호선,강남,42937,41636,84573
20210724,2호선,교대,12462,13985,26447
20210724,2호선,서초,6837,5899,12736
20210724,2호선,방배,6880,7240,14120
20210724,2호선,사당,19558,21213,40771
20210724,2호선,낙성대,15918,14823,30741
20210724,2호선,서울대입구,28244,27393,55637
20210724,2호선,봉천,13469,12391,25860
20210724,2호선,신림,38330,36632,74962
20210724,2호선,신대방,15247,14855,30102
20210724,2호선,대림,13672,14586,28258
20210724,5호선,여의나루,4519,5102,9621
20210724,경춘선,강촌,574,667,1241
20210724,5호선,공덕,4847,4978,9825
20210724,7호선,태릉입구,4894,4543,9437
20210724,7호선,먹골,5998,6019,12017
20210724,7호선,중화,6260,6000,12260
20210724,7호선,상봉,9907,9408,19315
20210724,7호선,면목,8701,8559,17260
20210724,7호선,사가정,9641,9437,19078
20210724,7호선,공릉,6587,6467,13054
20210724,7호선,용마산,3552,3554,7106
20210724,7호선,군자,8430,6500,14930
20210724,7호선,어린이대공원,6333,5991,12324
20210724,7호선,건대입구,7883,7516,15399
20210724,7호선,뚝섬유원지,5070,4883,9953
20210724,7호선,청담,8166,8517,16683
20210724,7호선,강남구청,6765,7362,14127
20210724,7호선,중곡,5292,5086,10378
20210724,7호선,하계,9200,8756,17956
20210724,7호선,중계,7032,6329,13361
20210724,7호선,노원,12179,12816,24995
20210724,분당선,선릉,3716,5425,9141
20210724,6호선,보문,3762,3335,7097
20210724,6호선,안암,4093,3904,7997
20210724,6호선,고려대,3900,3631,7531
20210724,6호선,월곡,5617,5633,11250
20210724,6호선,상월곡,3113,2807,5920
20210724,6호선,돌곶이,4560,4243,8803
20210724,6호선,석계,6609,6805,13414
20210724,6호선,태릉입구,2994,3176,6170
20210724,6호선,화랑대,5171,4397,9568
20210724,6호선,봉화산,4101,4111,8212
20210724,7호선,장암,1347,1044,2391
20210724,7호선,도봉산,5867,7338,13205
20210724,7호선,수락산,8198,8055,16253
20210724,7호선,마들,7096,6653,13749
20210724,7호선,논현,8699,9535,18234
20210724,7호선,반포,3464,3204,6668
20210724,7호선,고속터미널,8460,6889,15349
20210724,7호선,내방,6130,6080,12210
20210724,7호선,부천시청,7452,7557,15009
20210724,7호선,상동,7506,7641,15147
20210724,7호선,삼산체육관,2565,2420,4985
20210724,7호선,굴포천,5022,5282,10304
20210724,7호선,부평구청,3975,3478,7453
20210724,8호선,암사,9768,9028,18796
20210724,8호선,천호,9080,10781,19861
20210724,8호선,강동구청,4623,4727,9350
20210724,8호선,몽촌토성,3257,3061,6318
20210724,8호선,잠실,8715,9743,18458
20210724,8호선,석촌,4652,5426,10078
20210724,8호선,송파,3762,3769,7531
20210724,8호선,가락시장,4108,3958,8066
20210724,8호선,문정,5763,5755,11518
20210724,5호선,마포,5200,5280,10480
20210724,7호선,신중동,7567,7405,14972
20210724,과천선,범계,14389,14075,28464
20210724,7호선,춘의,4441,4250,8691
20210724,7호선,까치울,4152,4096,8248
20210724,7호선,이수,8747,8373,17120
20210724,7호선,남성,5830,5463,11293
20210724,7호선,숭실대입구,5695,5729,11424
20210724,7호선,상도,5629,5231,10860
20210724,7호선,장승배기,5584,5263,10847
20210724,7호선,신대방삼거리,8826,8429,17255
20210724,7호선,보라매,4832,4528,9360
20210724,7호선,신풍,6371,6054,12425
20210724,7호선,대림,5710,6045,11755
20210724,7호선,남구로,6804,7155,13959
20210724,7호선,가산디지털단지,11583,10553,22136
20210724,7호선,철산,11438,11384,22822
20210724,7호선,광명사거리,13060,13346,26406
20210724,7호선,천왕,5130,4880,10010
20210724,7호선,온수,4503,4392,8895
20210724,7호선,부천종합운동장,2524,2256,4780
20210724,과천선,평촌,6553,6422,12975
20210724,7호선,학동,7263,7681,14944
20210724,과천선,정부과천청사,4357,4432,8789
20210724,5호선,굽은다리,5772,5475,11247
20210724,5호선,명일,4423,4472,8895
20210724,5호선,고덕,4769,4726,9495
20210724,5호선,상일동,7226,6760,13986
20210724,5호선,둔촌동,4936,4939,9875
20210724,5호선,올림픽공원,2107,1737,3844
20210724,5호선,방이,4098,3943,8041
20210724,5호선,오금,1973,1857,3830
20210724,5호선,개롱,3127,3353,6480
20210724,5호선,거여,4456,4356,8812
20210724,5호선,마천,3433,3445,6878
20210724,5호선,강일,1628,1598,3226
20210724,5호선,미사,8188,8143,16331
20210724,5호선,하남풍산,1962,2108,4070
20210724,5호선,하남시청,3395,3283,6678
20210724,5호선,강동,9161,8739,17900
20210724,5호선,하남검단산,3663,3639,7302
20210724,5호선,천호,12414,11858,24272
20210724,5호선,아차산,8884,8513,17397
20210724,과천선,인덕원,10830,10625,21455
20210724,5호선,충정로,1471,1422,2893
20210724,5호선,서대문,4888,4743,9631
20210724,5호선,광화문,9530,9770,19300
20210724,5호선,종로3가,7275,7391,14666
20210724,5호선,을지로4가,2316,2474,4790
20210724,5호선,동대문역사문화공원,778,936,1714
20210724,5호선,청구,2071,1754,3825
20210724,5호선,신금호,3155,3251,6406
20210724,5호선,행당,4095,3607,7702
20210724,5호선,왕십리,2652,2944,5596
20210724,5호선,마장,2971,2747,5718
20210724,5호선,답십리,7788,7203,14991
20210724,5호선,장한평,8371,8257,16628
20210724,5호선,군자,6132,6892,13024
20210724,5호선,광나루,7240,6767,14007
20210724,6호선,응암,9696,9707,19403
20210724,5호선,길동,4824,5038,9862
20210724,5호선,애오개,2674,2519,5193
20210724,6호선,한강진,4720,5486,10206
20210724,6호선,버티고개,945,1179,2124
20210724,6호선,약수,1975,1750,3725
20210724,6호선,청구,1793,1874,3667
20210724,6호선,신당,4187,3537,7724
20210724,6호선,동묘앞,5760,5497,11257
20210724,6호선,창신,1726,1413,3139
20210724,공항철도 1호선,공항화물청사,1246,1241,2487
20210724,공항철도 1호선,인천공항1터미널,3410,3354,6764
20210724,공항철도 1호선,인천공항2터미널,2269,2120,4389
20210724,공항철도 1호선,영종,2023,2156,4179
20210724,과천선,선바위,3431,3128,6559
20210724,과천선,경마공원,826,769,1595
20210724,과천선,대공원,2198,2319,4517
20210724,6호선,역촌,2307,2495,4802
20210724,6호선,이태원,6313,6733,13046
20210724,6호선,녹사평,2913,2926,5839
20210724,과천선,과천,3081,2826,5907
20210724,6호선,효창공원앞,3330,2936,6266
20210724,6호선,삼각지,3224,2376,5600
20210724,6호선,독바위,1637,1841,3478
20210724,6호선,연신내,1,0,1
20210724,6호선,구산,4216,3299,7515
20210724,6호선,새절,7011,6836,13847
20210724,6호선,증산,5781,5702,11483
20210724,6호선,디지털미디어시티,5225,5385,10610
20210724,6호선,월드컵경기장,3344,3403,6747
20210724,6호선,불광,2856,2754,5610
20210724,6호선,망원,8971,9817,18788
20210724,6호선,합정,8042,7519,15561
20210724,6호선,상수,4936,5602,10538
20210724,6호선,광흥창,3776,3556,7332
20210724,6호선,대흥,4054,4152,8206
20210724,6호선,공덕,6973,6620,13593
20210724,6호선,마포구청,7363,6629,13992
20210725,경원선,광운대,2977,2891,5868
20210725,경원선,월계,2437,2328,4765
20210725,경원선,녹천,2012,1682,3694
20210725,경원선,방학,3905,3783,7688
20210725,경원선,도봉,2492,2338,4830
20210725,경원선,덕정,2337,2354,4691
20210725,경원선,도봉산,5773,4539,10312
20210725,경원선,의정부,9609,9546,19155
20210725,경원선,회룡,4963,5003,9966
20210725,경원선,가능,2861,2763,5624
20210725,경원선,녹양,1803,1824,3627
20210725,경원선,양주,3414,3387,6801
20210725,경원선,덕계,1174,1105,2279
20210725,경원선,석계,3277,3708,6985
20210725,경원선,망월사,3166,3221,6387
20210725,경원선,신이문,3353,3254,6607
20210725,경부선,광명,1721,1130,2851
20210725,경원선,청량리,10425,9085,19510
20210725,경원선,지행,2919,2887,5806
20210725,경부선,평택지제,1643,1454,3097
20210725,경부선,평택,8094,8410,16504
20210725,경부선,성환,1672,1973,3645
20210725,경부선,직산,382,424,806
20210725,경부선,두정,3724,3716,7440
20210725,경부선,천안,4947,4591,9538
20210725,경부선,당정,1895,1943,3838
20210725,경부선,서동탄,493,503,996
20210725,경원선,이촌,1394,1185,2579
20210725,경원선,서빙고,691,652,1343
20210725,경원선,한남,1450,1454,2904
20210725,경원선,옥수,52,17,69
20210725,경원선,응봉,725,703,1428
20210725,경원선,왕십리,6031,7179,13210
20210725,경원선,외대앞,3125,3177,6302
20210725,경원선,동두천중앙,1699,1603,3302
20210725,경인선,백운,2586,2580,5166
20210725,경원선,동두천,1148,1321,2469
20210725,경의선,야당,2789,2678,5467
20210725,경의선,운정,2361,2395,4756
20210725,경의선,금릉,1886,1837,3723
20210725,경의선,금촌,2838,3029,5867
20210725,경의선,월롱,686,1307,1993
20210725,경의선,파주,489,443,932
20210725,경의선,문산,2989,2903,5892
20210725,경의선,임진강,66,76,142
20210725,경인선,개봉,7828,7992,15820
20210725,경인선,오류동,4528,4340,8868
20210725,경인선,역곡,9555,9538,19093
20210725,경인선,부천,15066,14787,29853
20210725,경인선,송내,8890,8761,17651
20210725,경인선,부평,16180,16484,32664
20210725,경부선,서정리,2921,4092,7013
20210725,경의선,탄현,2866,2757,5623
20210725,경원선,보산,921,846,1767
20210725,경의선,일산,3060,2973,6033
20210725,경의선,백마,2170,2112,4282
20210725,경원선,소요산,4292,3812,8104
20210725,경의선,서울역,675,571,1246
20210725,경의선,신촌,204,192,396
20210725,경의선,효창공원앞,879,1047,1926
20210725,경의선,공덕,1140,993,2133
20210725,경의선,서강대,851,829,1680
20210725,경의선,홍대입구,864,1039,1903
20210725,경의선,가좌,2099,2122,4221
20210725,경의선,디지털미디어시티,946,872,1818
20210725,경의선,수색,598,651,1249
20210725,경의선,화전,493,530,1023
20210725,경의선,강매,963,913,1876
20210725,경의선,행신,2923,2783,5706
20210725,경의선,능곡,1528,1540,3068
20210725,경의선,곡산,187,191,378
20210725,경의선,풍산,2323,2204,4527
20210725,경부선,송탄,2574,2877,5451
20210725,9호선,신방화,2483,2445,4928
20210725,경부선,오산,5486,5855,11341
20210725,9호선,고속터미널,6645,8078,14723
20210725,9호선,사평,1096,1117,2213
20210725,9호선,신논현,10297,9941,20238
20210725,9호선2~3단계,언주,2245,2383,4628
20210725,9호선2~3단계,선정릉,2023,2297,4320
20210725,9호선2~3단계,삼성중앙,1439,1513,2952
20210725,9호선2~3단계,봉은사,4710,4675,9385
20210725,9호선2~3단계,종합운동장,1701,1484,3185
20210725,9호선2~3단계,삼전,2508,2660,5168
20210725,9호선2~3단계,석촌고분,2245,2255,4500
20210725,9호선2~3단계,석촌,3037,2645,5682
20210725,9호선2~3단계,송파나루,2201,2345,4546
20210725,9호선2~3단계,한성백제,928,894,1822
20210725,9호선2~3단계,올림픽공원,2035,1925,3960
20210725,9호선2~3단계,둔촌오륜,322,347,669
20210725,9호선,신반포,922,930,1852
20210725,9호선2~3단계,중앙보훈병원,2281,2306,4587
20210725,9호선,구반포,745,819,1564
20210725,9호선,흑석,2541,2716,5257
20210725,경인선,동암,6650,6641,13291
20210725,9호선,마곡나루,3534,3739,7273
20210725,9호선,양천향교,2925,3230,6155
20210725,9호선,가양,6747,6899,13646
20210725,9호선,증미,1820,1866,3686
20210725,9호선,등촌,3774,3995,7769
20210725,9호선,염창,5854,5778,11632
20210725,9호선,신목동,1119,1060,2179
20210725,9호선,선유도,1923,1939,3862
20210725,9호선,당산,5840,5868,11708
20210725,9호선,국회의사당,2024,2023,4047
20210725,9호선,여의도,5340,4906,10246
20210725,9호선,샛강,1148,1174,2322
20210725,9호선,노량진,10496,11145,21641
20210725,9호선,노들,1665,1492,3157
20210725,9호선,동작,736,605,1341
20210725,경부선,진위,542,584,1126
20210725,경강선,판교,1784,1629,3413
20210725,경강선,삼동,758,806,1564
20210725,경부선,석수,3421,3279,6700
20210725,경부선,관악,3162,3038,6200
20210725,경부선,안양,9454,9283,18737
20210725,경부선,명학,2348,2314,4662
20210725,경부선,금정,9355,9779,19134
20210725,경부선,군포,2206,2105,4311
20210725,경부선,의왕,2817,2884,5701
20210725,경부선,성균관대,5113,5501,10614
20210725,경부선,화서,2507,2420,4927
20210725,경부선,수원,23067,21794,44861
20210725,경부선,독산,3973,4174,8147
20210725,경부선,세류,1461,1542,3003
20210725,경부선,병점,6276,6934,13210
20210725,경부선,세마,1130,1069,2199
20210725,경부선,오산대,1479,1487,2966
20210725,경부선,금천구청,4220,4169,8389
20210725,경강선,이매,461,353,814
20210725,경부선,가산디지털단지,3074,4482,7556
20210725,경부선,신길,3367,2934,6301
20210725,경강선,경기광주,2572,2586,5158
20210725,경강선,초월,1158,1147,2305
20210725,경강선,곤지암,1012,1186,2198
20210725,경강선,신둔도예촌,621,558,1179
20210725,경강선,이천,1418,1530,2948
20210725,경강선,부발,866,1400,2266
20210725,경강선,세종대왕릉,182,151,333
20210725,경강선,여주,1513,1390,2903
20210725,경부선,서울역,4262,931,5193
20210725,경부선,남영,2664,3005,5669
20210725,경부선,용산,21124,17773,38897
20210725,경부선,노량진,3875,3626,7501
20210725,경부선,대방,3796,4109,7905
20210725,경부선,영등포,21861,20681,42542
20210725,경부선,신도림,1335,1475,2810
20210725,경부선,구로,6560,6604,13164
20210725,경인선,주안,8100,7243,15343
20210725,분당선,이매,2226,2236,4462
20210725,경인선,동인천,6561,6363,12924
20210725,수인선,연수,2039,1994,4033
20210725,수인선,송도,1075,1043,2118
20210725,수인선,인하대,2151,2017,4168
20210725,수인선,숭의,1359,1311,2670
20210725,수인선,신포,719,759,1478
20210725,수인선,인천,919,1325,2244
20210725,수인선,원인재,1992,2056,4048
20210725,안산선,산본,5917,6324,12241
20210725,안산선,반월,1672,1681,3353
20210725,안산선,상록수,6353,6390,12743
20210725,안산선,한대앞,3667,3681,7348
20210725,안산선,중앙,7924,7645,15569
20210725,안산선,고잔,2868,2772,5640
20210725,안산선,초지,1569,1529,3098
20210725,안산선,대야미,2060,1921,3981
20210725,수인선,남동인더스파크,562,577,1139
20210725,수인선,호구포,1390,1487,2877
20210725,수인선,인천논현,2135,2199,4334
20210725,분당선,상갈,1949,2035,3984
20210725,분당선,청명,1501,1428,2929
20210725,분당선,영통,3218,3219,6437
20210725,분당선,망포,4154,4626,8780
20210725,분당선,매탄권선,1710,1721,3431
20210725,분당선,수원시청,5075,5119,10194
20210725,분당선,매교,941,990,1931
20210725,수인선,고색,1282,1317,2599
20210725,수인선,오목천,982,985,1967
20210725,수인선,어천,362,486,848
20210725,수인선,야목,115,97,212
20210725,수인선,사리,1698,1506,3204
20210725,수인선,달월,31,34,65
20210725,수인선,월곶,1194,1177,2371
20210725,수인선,소래포구,3338,3251,6589
20210725,안산선,안산,7096,6434,13530
20210725,안산선,신길온천,772,749,1521
20210725,안산선,정왕,3603,3984,7587
20210725,안산선,오이도,4681,4580,9261
20210725,일산선,백석,3983,3982,7965
20210725,일산선,마두,2509,2496,5005
20210725,일산선,정발산,3534,3464,6998
20210725,일산선,주엽,3289,3210,6499
20210725,중앙선,운길산,842,758,1600
20210725,중앙선,양수,1446,1293,2739
20210725,중앙선,신원,209,123,332
20210725,중앙선,국수,423,348,771
20210725,중앙선,아신,476,352,828
20210725,중앙선,오빈,199,166,365
20210725,중앙선,양평,1797,1581,3378
20210725,중앙선,원덕,279,201,480
20210725,중앙선,용문,4040,3664,7704
20210725,중앙선,지평,69,46,115
20210725,9호선,공항시장,1319,1456,2775
20210725,일산선,대곡,703,620,1323
20210725,분당선,기흥,3566,3504,7070
20210725,일산선,화정,6656,6876,13532
20210725,일산선,삼송,7396,7281,14677
20210725,안산선,수리산,1487,1416,2903
20210725,우이신설선,북한산우이,2646,2725,5371
20210725,우이신설선,솔밭공원,1072,1055,2127
20210725,우이신설선,4.19민주묘지,1455,1343,2798
20210725,우이신설선,화계,1454,1385,2839
20210725,우이신설선,삼양,897,868,1765
20210725,우이신설선,삼양사거리,1110,1116,2226
20210725,우이신설선,솔샘,1846,1791,3637
20210725,우이신설선,북한산보국문,2421,2293,4714
20210725,우이신설선,정릉,1730,1469,3199
20210725,우이신설선,성신여대입구,1553,1792,3345
20210725,우이신설선,보문,692,646,1338
20210725,우이신설선,신설동,742,767,1509
20210725,일산선,원흥,3723,3573,7296
20210725,일산선,지축,1,0,1
20210725,일산선,원당,4176,4220,8396
20210725,분당선,신갈,1271,1346,2617
20210725,분당선,구성,1553,1751,3304
20210725,분당선,죽전,5143,6146,11289
20210725,경춘선,청평,1196,989,2185
20210725,경춘선,상천,372,330,702
20210725,경춘선,가평,1881,1563,3444
20210725,경춘선,굴봉산,269,230,499
20210725,경춘선,백양리,220,202,422
20210725,경춘선,강촌,634,527,1161
20210725,경춘선,김유정,341,317,658
20210725,경춘선,남춘천,2035,2050,4085
20210725,경춘선,춘천,1514,1174,2688
20210725,공항철도 1호선,서울역,4924,3703,8627
20210725,공항철도 1호선,공덕,798,1059,1857
20210725,공항철도 1호선,홍대입구,5193,5113,10306
20210725,공항철도 1호선,디지털미디어시티,2396,2580,4976
20210725,공항철도 1호선,마곡나루,1361,1491,2852
20210725,공항철도 1호선,김포공항,10291,4705,14996
20210725,경춘선,대성리,479,354,833
20210725,공항철도 1호선,계양,3297,3298,6595
20210725,경춘선,마석,1924,1859,3783
20210725,경춘선,평내호평,2501,2443,4944
20210725,경인선,인천,2718,2143,4861
20210725,경인선,구일,2106,2120,4226
20210725,경인선,소사,3555,3458,7013
20210725,경인선,부개,3289,3113,6402
20210725,경인선,간석,2267,2170,4437
20210725,경인선,도원,1010,1054,2064
20210725,경인선,온수,2333,2227,4560
20210725,경인선,중동,3305,3080,6385
20210725,경인선,도화,1641,1553,3194
20210725,경춘선,신내,659,649,1308
20210725,경춘선,갈매,1009,876,1885
20210725,경춘선,별내,1255,1138,2393
20210725,경춘선,퇴계원,1439,1457,2896
20210725,경춘선,사릉,1146,1187,2333
20210725,경춘선,금곡,652,653,1305
20210725,경춘선,천마산,769,769,1538
20210725,경인선,제물포,3851,3622,7473
20210725,공항철도 1호선,검암,2446,2541,4987
20210725,공항철도 1호선,운서,3683,4021,7704
20210725,분당선,수원,4329,3439,7768
20210725,분당선,서울숲,3232,3273,6505
20210725,분당선,압구정로데오,7036,7581,14617
20210725,분당선,강남구청,2198,2599,4797
20210725,분당선,선정릉,1398,1534,2932
20210725,분당선,가천대,2369,2998,5367
20210725,분당선,태평,6111,5590,11701
20210725,분당선,모란,7915,8171,16086
20210725,분당선,야탑,8937,9203,18140
20210725,분당선,서현,9999,9975,19974
20210725,분당선,수내,4596,4494,9090
20210725,분당선,정자,5320,5563,10883
20210725,분당선,미금,4872,5320,10192
20210725,분당선,오리,3902,3485,7387
20210725,분당선,보정,732,669,1401
20210725,분당선,수서,6135,5260,11395
20210725,공항철도 1호선,청라국제도시,2209,2105,4314
20210725,분당선,대모산입구,1207,1074,2281
20210725,분당선,구룡,476,482,958
20210725,공항철도 1호선,공항화물청사,941,980,1921
20210725,공항철도 1호선,인천공항1터미널,3296,3297,6593
20210725,공항철도 1호선,인천공항2터미널,2274,2145,4419
20210725,공항철도 1호선,영종,1600,1696,3296
20210725,과천선,선바위,2346,2227,4573
20210725,과천선,경마공원,627,626,1253
20210725,과천선,대공원,2047,2114,4161
20210725,과천선,과천,2156,2051,4207
20210725,과천선,정부과천청사,2936,3117,6053
20210725,과천선,인덕원,7185,7362,14547
20210725,과천선,평촌,4181,4038,8219
20210725,과천선,범계,10087,9676,19763
20210725,분당선,선릉,1888,2899,4787
20210725,분당선,한티,7053,6622,13675
20210725,분당선,도곡,1593,1655,3248
20210725,분당선,개포동,1166,1187,2353
20210725,9호선,김포공항,6369,8514,14883
20210725,9호선,개화,775,788,1563
20210725,8호선,모란,1944,1656,3600
20210725,3호선,압구정,9573,10027,19600
20210725,3호선,신사,8395,8540,16935
20210725,3호선,잠원,1385,1386,2771
20210725,3호선,고속터미널,26540,23297,49837
20210725,3호선,교대,2779,1783,4562
20210725,3호선,남부터미널,10008,10000,20008
20210725,3호선,옥수,3408,3701,7109
20210725,3호선,양재,8147,9566,17713
20210725,3호선,도곡,1221,1309,2530
20210725,3호선,대치,4605,3912,8517
20210725,3호선,학여울,510,524,1034
20210725,3호선,대청,2759,2585,5344
20210725,3호선,일원,2203,2349,4552
20210725,3호선,수서,7139,6628,13767
20210725,3호선,매봉,2839,2930,5769
20210725,3호선,금호,2954,2802,5756
20210725,3호선,약수,4309,4229,8538
20210725,3호선,동대입구,3118,3315,6433
20210725,2호선,양천구청,2052,2210,4262
20210725,2호선,신정네거리,3571,3713,7284
20210725,2호선,용두,802,804,1606
20210725,3호선,지축,1347,1280,2627
20210725,3호선,구파발,8484,8686,17170
20210725,3호선,연신내,15678,14886,30564
20210725,3호선,불광,6845,7834,14679
20210725,3호선,녹번,4860,4439,9299
20210725,3호선,홍제,6369,6163,12532
20210725,3호선,무악재,1249,1321,2570
20210725,3호선,독립문,2610,2518,5128
20210725,3호선,경복궁,6176,6487,12663
20210725,3호선,안국,5273,5765,11038
20210725,3호선,종로3가,2449,3135,5584
20210725,3호선,을지로3가,1767,1806,3573
20210725,3호선,가락시장,2348,2634,4982
20210725,3호선,경찰병원,1928,1988,3916
20210725,3호선,오금,1867,1903,3770
20210725,4호선,수유,14061,13963,28024
20210725,4호선,남태령,406,370,776
20210725,4호선,당고개,5963,5756,11719
20210725,4호선,상계,7400,6895,14295
20210725,4호선,노원,8271,8895,17166
20210725,4호선,창동,9657,10243,19900
20210725,4호선,쌍문,11044,10292,21336
20210725,5호선,방화,2678,2705,5383
20210725,5호선,개화산,1974,2041,4015
20210725,5호선,김포공항,6156,5195,11351
20210725,5호선,송정,2611,2729,5340
20210725,5호선,마곡,2506,2614,5120
20210725,5호선,발산,6017,6308,12325
20210725,5호선,우장산,4508,4771,9279
20210725,5호선,화곡,9817,9445,19262
20210725,5호선,까치산,11010,10952,21962
20210725,4호선,사당,9315,8780,18095
20210725,2호선,도림천,345,373,718
20210725,4호선,총신대입구,6814,7565,14379
20210725,4호선,이촌,3246,3540,6786
20210725,4호선,미아,5617,5308,10925
20210725,4호선,미아사거리,11356,10838,22194
20210725,4호선,길음,6769,6667,13436
20210725,4호선,성신여대입구,8717,8493,17210
20210725,4호선,한성대입구,5415,5438,10853
20210725,4호선,혜화,13076,13656,26732
20210725,4호선,동대문,4121,4812,8933
20210725,4호선,동대문역사문화공원,5814,5846,11660
20210725,4호선,충무로,4957,5152,10109
20210725,4호선,명동,5875,5895,11770
20210725,4호선,회현,5808,5980,11788
20210725,4호선,서울역,2715,4980,7695
20210725,4호선,숙대입구,4406,4136,8542
20210725,4호선,삼각지,1456,1709,3165
20210725,4호선,신용산,5049,5210,10259
20210725,4호선,동작,1003,994,1997
20210725,2호선,신설동,1877,2066,3943
20210725,2호선,신답,458,544,1002
20210725,2호선,용답,1235,1237,2472
20210725,1호선,서울역,16271,13807,30078
20210725,1호선,동묘앞,8210,7968,16178
20210725,1호선,시청,4563,4450,9013
20210725,1호선,종각,7803,7279,15082
20210725,1호선,종로3가,9222,8528,17750
20210725,1호선,종로5가,5403,5566,10969
20210725,1호선,동대문,6082,6636,12718
20210725,1호선,신설동,4908,4933,9841
20210725,1호선,제기동,6541,6813,13354
20210725,1호선,청량리,9575,9732,19307
20210725,2호선,시청,3614,3149,6763
20210725,2호선,을지로입구,10098,9635,19733
20210725,2호선,을지로3가,4348,3965,8313
20210725,2호선,을지로4가,2164,2101,4265
20210725,2호선,동대문역사문화공원,5147,6090,11237
20210725,경원선,창동,1,0,1
20210725,2호선,신당,5503,5898,11401
20210725,일산선,대화,4753,4350,9103
20210725,중앙선,도심,953,820,1773
20210725,장항선,봉명,437,426,863
20210725,장항선,쌍용,838,831,1669
20210725,장항선,아산,2030,1481,3511
20210725,장항선,배방,570,618,1188
20210725,장항선,온양온천,2392,2465,4857
20210725,장항선,신창,820,902,1722
20210725,중앙선,회기,10247,10518,20765
20210725,중앙선,중랑,2485,2473,4958
20210725,중앙선,상봉,3017,2975,5992
20210725,중앙선,망우,3182,3413,6595
20210725,중앙선,양원,576,599,1175
20210725,중앙선,구리,5366,5639,11005
20210725,중앙선,도농,3328,3338,6666
20210725,중앙선,양정,380,338,718
20210725,중앙선,덕소,2570,2584,5154
20210725,중앙선,팔당,1103,1091,2194
20210725,5호선,신정,4403,4034,8437
20210725,2호선,상왕십리,4874,4815,9689
20210725,2호선,한양대,1921,1861,3782
20210725,2호선,봉천,8600,8587,17187
20210725,2호선,신림,26504,26509,53013
20210725,2호선,신대방,10761,10741,21502
20210725,2호선,구로디지털단지,15981,15940,31921
20210725,2호선,대림,10027,10179,20206
20210725,2호선,신도림,17664,17981,35645
20210725,2호선,문래,4773,4965,9738
20210725,2호선,영등포구청,5113,5187,10300
20210725,2호선,당산,5601,6026,11627
20210725,2호선,합정,12360,12803,25163
20210725,2호선,홍대입구,25789,25701,51490
20210725,2호선,신촌,14001,13863,27864
20210725,2호선,이대,4599,5005,9604
20210725,2호선,아현,3683,3727,7410
20210725,2호선,충정로,2624,2684,5308
20210725,2호선,서울대입구,19091,20017,39108
20210725,2호선,왕십리,6253,5384,11637
20210725,2호선,낙성대,10686,11152,21838
20210725,2호선,방배,4283,4731,9014
20210725,2호선,뚝섬,5553,5929,11482
20210725,2호선,성수,7837,8671,16508
20210725,2호선,건대입구,16175,17061,33236
20210725,2호선,구의,8018,8194,16212
20210725,2호선,강변,14220,12988,27208
20210725,2호선,잠실나루,3721,3817,7538
20210725,2호선,잠실,29102,27573,56675
20210725,2호선,잠실새내,7469,7739,15208
20210725,2호선,종합운동장,2161,2316,4477
20210725,2호선,삼성,12061,11701,23762
20210725,2호선,선릉,8750,7575,16325
20210725,2호선,역삼,7023,7848,14871
20210725,2호선,강남,23092,21811,44903
20210725,2호선,교대,6985,7884,14869
20210725,2호선,서초,4248,3762,8010
20210725,2호선,사당,13011,14481,27492
20210725,5호선,목동,5214,5351,10565
20210725,우이신설선,가오리,1716,1647,3363
20210725,5호선,양평,1776,1769,3545
20210725,7호선,중곡,3428,3419,6847
20210725,7호선,군자,5417,4389,9806
20210725,7호선,어린이대공원,4286,4400,8686
20210725,7호선,건대입구,5174,5251,10425
20210725,7호선,뚝섬유원지,3863,3651,7514
20210725,7호선,청담,4666,4754,9420
20210725,7호선,용마산,2240,2592,4832
20210725,7호선,강남구청,3748,4102,7850
20210725,7호선,논현,4594,4961,9555
20210725,7호선,반포,1997,2027,4024
20210725,7호선,고속터미널,8207,4936,13143
20210725,7호선,내방,3682,3866,7548
20210725,7호선,이수,5517,5459,10976
20210725,7호선,남성,3882,3985,7867
20210725,7호선,학동,3693,3968,7661
20210725,7호선,사가정,6662,6487,13149
20210725,7호선,면목,5852,5938,11790
20210725,7호선,상봉,6496,6030,12526
20210725,6호선,석계,4466,4588,9054
20210725,6호선,태릉입구,2036,2276,4312
20210725,6호선,화랑대,3403,2968,6371
20210725,6호선,봉화산,2888,2834,5722
20210725,7호선,장암,1158,915,2073
20210725,7호선,도봉산,4989,5991,10980
20210725,7호선,수락산,6459,6444,12903
20210725,7호선,마들,4236,3948,8184
20210725,7호선,노원,8213,8283,16496
20210725,7호선,중계,4693,4368,9061
20210725,7호선,하계,6243,5940,12183
20210725,7호선,공릉,4515,4596,9111
20210725,7호선,태릉입구,3439,3212,6651
20210725,7호선,먹골,3957,3812,7769
20210725,7호선,중화,4231,4217,8448
20210725,7호선,상도,3636,3747,7383
20210725,7호선,장승배기,3501,3622,7123
20210725,7호선,신대방삼거리,5679,5700,11379
20210725,7호선,보라매,3165,3190,6355
20210725,8호선,강동구청,3076,3317,6393
20210725,8호선,몽촌토성,2299,2229,4528
20210725,8호선,잠실,6861,7445,14306
20210725,8호선,석촌,2949,3495,6444
20210725,8호선,송파,2609,2681,5290
20210725,8호선,가락시장,2183,2776,4959
20210725,8호선,문정,3427,3739,7166
20210725,8호선,장지,6587,7031,13618
20210725,8호선,복정,3255,3061,6316
20210725,8호선,산성,2402,2443,4845
20210725,8호선,남한산성입구,4777,4480,9257
20210725,8호선,단대오거리,3761,3923,7684
20210725,8호선,신흥,2079,2240,4319
20210725,8호선,수진,2272,2018,4290
20210725,5호선,오목교,8289,8588,16877
20210725,8호선,천호,6258,7147,13405
20210725,6호선,돌곶이,3733,3534,7267
20210725,8호선,암사,6416,6176,12592
20210725,7호선,굴포천,3334,3328,6662
20210725,7호선,신풍,4372,4164,8536
20210725,7호선,대림,5011,4683,9694
20210725,7호선,남구로,4937,4955,9892
20210725,7호선,가산디지털단지,7706,7066,14772
20210725,7호선,철산,7225,7276,14501
20210725,7호선,광명사거리,8658,8651,17309
20210725,7호선,천왕,3342,3263,6605
20210725,7호선,온수,2782,2703,5485
20210725,7호선,까치울,2802,2930,5732
20210725,7호선,부천종합운동장,1783,1527,3310
20210725,7호선,춘의,2731,2576,5307
20210725,7호선,신중동,4806,4695,9501
20210725,7호선,부천시청,4761,4740,9501
20210725,7호선,상동,5073,4911,9984
20210725,7호선,삼산체육관,1735,1611,3346
20210725,7호선,부평구청,2583,2355,4938
20210725,6호선,상월곡,2202,1998,4200
20210725,7호선,숭실대입구,3768,4059,7827
20210725,6호선,고려대,2826,2849,5675
20210725,5호선,장한평,5289,5297,10586
20210725,5호선,군자,4124,4709,8833
20210725,5호선,아차산,6402,6294,12696
20210725,5호선,광나루,5299,5017,10316
20210725,5호선,천호,8551,8068,16619
20210725,5호선,강동,5879,6022,11901
20210725,5호선,길동,3004,3230,6234
20210725,5호선,굽은다리,3726,3396,7122
20210725,5호선,명일,2844,2918,5762
20210725,5호선,고덕,2931,2963,5894
20210725,5호선,상일동,4525,4432,8957
20210725,5호선,둔촌동,3126,3197,6323
20210725,5호선,올림픽공원,1318,1136,2454
20210725,5호선,방이,2505,2483,4988
20210725,5호선,오금,1313,1148,2461
20210725,5호선,마장,1993,1918,3911
20210725,5호선,개롱,2204,2375,4579
20210725,5호선,왕십리,1635,1833,3468
20210725,5호선,신금호,2025,2209,4234
20210725,6호선,월곡,3727,3751,7478
20210725,5호선,영등포시장,2995,3040,6035
20210725,5호선,신길,1336,1529,2865
20210725,5호선,여의도,4913,5172,10085
20210725,5호선,여의나루,4283,4758,9041
20210725,5호선,마포,3202,3227,6429
20210725,5호선,공덕,2891,3013,5904
20210725,5호선,애오개,1789,1824,3613
20210725,5호선,충정로,968,1011,1979
20210725,5호선,서대문,3077,3029,6106
20210725,5호선,광화문,7090,7350,14440
20210725,5호선,종로3가,5128,4736,9864
20210725,5호선,을지로4가,1026,1053,2079
20210725,5호선,동대문역사문화공원,501,567,1068
20210725,5호선,청구,1216,1115,2331
20210725,5호선,행당,2802,2576,5378
20210725,5호선,거여,2607,2596,5203
20210725,5호선,답십리,4994,4656,9650
20210725,5호선,영등포구청,885,863,1748
20210725,6호선,대흥,2857,3008,5865
20210725,6호선,공덕,4399,4174,8573
20210725,6호선,효창공원앞,2252,2037,4289
20210725,6호선,삼각지,2227,1847,4074
20210725,6호선,녹사평,2158,2119,4277
20210725,6호선,이태원,5043,5006,10049
20210725,6호선,한강진,4331,4671,9002
20210725,6호선,버티고개,698,798,1496
20210725,6호선,약수,1223,1139,2362
20210725,6호선,청구,1177,1232,2409
20210725,6호선,신당,2760,3571,6331
20210725,6호선,동묘앞,4059,4168,8227
20210725,6호선,창신,1175,1100,2275
20210725,6호선,보문,2539,2484,5023
20210725,5호선,마천,2413,2622,5035
20210725,6호선,광흥창,2881,2754,5635
20210725,6호선,상수,3506,4237,7743
20210725,6호선,안암,3356,3586,6942
20210725,6호선,망원,6278,6933,13211
20210725,6호선,합정,5909,5343,11252
20210725,5호선,미사,5476,5596,11072
20210725,5호선,하남풍산,1495,1601,3096
20210725,5호선,하남시청,2216,2175,4391
20210725,5호선,하남검단산,3116,3005,6121
20210725,6호선,응암,6348,6500,12848
20210725,6호선,역촌,1410,1635,3045
20210725,6호선,불광,2132,1968,4100
20210725,5호선,강일,1140,1119,2259
20210725,6호선,구산,2637,2168,4805
20210725,6호선,새절,4564,4572,9136
20210725,6호선,증산,3909,4003,7912
20210725,6호선,디지털미디어시티,3478,3667,7145
20210725,6호선,월드컵경기장,2200,2181,4381
20210725,6호선,마포구청,5261,4954,10215
20210725,6호선,독바위,1258,1393,2651
20210731,경의선,운정,3366,3246,6612
20210731,경의선,야당,3768,3738,7506
20210731,경의선,탄현,3897,3826,7723
20210731,경의선,일산,4251,4182,8433
20210731,경의선,풍산,2956,2930,5886
20210731,경의선,가좌,2808,2718,5526
20210731,경의선,백마,3186,3032,6218
20210731,경의선,행신,3604,3796,7400
20210731,경의선,능곡,2099,1955,4054
20210731,경의선,강매,1341,1318,2659
20210731,경의선,화전,781,734,1515
20210731,경의선,수색,1040,1001,2041
20210731,경의선,디지털미디어시티,1322,1232,2554
20210731,경의선,금릉,2562,2470,5032
20210731,경의선,곡산,294,299,593
20210731,경의선,금촌,4251,4185,8436
20210731,경인선,송내,12490,12518,25008
20210731,경의선,파주,648,477,1125
20210731,경의선,홍대입구,1165,1274,2439
20210731,경인선,구일,2998,2876,5874
20210731,경인선,인천,3196,2729,5925
20210731,경인선,동인천,8775,8778,17553
20210731,경인선,제물포,5163,5119,10282
20210731,경인선,주안,10990,9875,20865
20210731,경인선,동암,9064,9333,18397
20210731,경인선,백운,3958,4018,7976
20210731,경인선,부평,21769,23652,45421
20210731,경인선,부천,21677,22039,43716
20210731,경인선,역곡,14440,14386,28826
20210731,경인선,오류동,6827,6320,13147
20210731,경인선,개봉,12071,11928,23999
20210731,경의선,임진강,54,44,98
20210731,경의선,문산,3502,3518,7020
20210731,경의선,월롱,1051,994,2045
20210731,경의선,서강대,1286,1191,2477
20210731,안산선,대야미,2712,2413,5125
20210731,경의선,효창공원앞,1299,1454,2753
20210731,5호선,올림픽공원,1909,1594,3503
20210731,5호선,둔촌동,4610,4636,9246
20210731,5호선,상일동,7046,6553,13599
20210731,5호선,고덕,4441,4469,8910
20210731,5호선,명일,4173,4317,8490
20210731,5호선,굽은다리,5581,5111,10692
20210731,5호선,길동,4634,4704,9338
20210731,경부선,평택,9885,9687,19572
20210731,경부선,성환,2238,2131,4369
20210731,경부선,직산,493,478,971
20210731,경부선,두정,3831,3829,7660
20210731,경부선,천안,4873,5275,10148
20210731,수인선,인천,1090,1630,2720
20210731,안산선,산본,8701,9503,18204
20210731,경인선,소사,4828,4950,9778
20210731,5호선,방이,3583,3512,7095
20210731,경의선,공덕,1559,1293,2852
20210731,경부선,평택지제,2049,2023,4072
20210731,경부선,송탄,3394,3104,6498
20210731,경의선,신촌,261,243,504
20210731,경춘선,금곡,905,807,1712
20210731,경춘선,사릉,1706,1676,3382
20210731,경춘선,퇴계원,2084,1924,4008
20210731,경춘선,별내,1722,1633,3355
20210731,경춘선,갈매,1348,1168,2516
20210731,수인선,인하대,2998,2751,5749
20210731,수인선,숭의,1978,1829,3807
20210731,수인선,신포,1023,1062,2085
20210731,경부선,세류,1802,1895,3697
20210731,경부선,병점,8439,8525,16964
20210731,경부선,세마,1482,1352,2834
20210731,경부선,오산대,1795,1697,3492
20210731,경부선,오산,7206,6573,13779
20210731,경부선,진위,731,663,1394
20210731,경부선,서정리,4557,3880,8437
20210731,경인선,부개,4642,4336,8978
20210731,과천선,범계,13802,13650,27452
20210731,경인선,도원,1506,1506,3012
20210731,공항철도 1호선,홍대입구,7347,6874,14221
20210731,공항철도 1호선,공덕,1019,1389,2408
20210731,공항철도 1호선,서울역,4660,5106,9766
20210731,경춘선,춘천,1387,1324,2711
20210731,경춘선,남춘천,1984,2219,4203
20210731,경춘선,김유정,328,387,715
20210731,경춘선,강촌,645,686,1331
20210731,경춘선,백양리,160,156,316
20210731,경춘선,굴봉산,178,194,372
20210731,경원선,망월사,4203,4204,8407
20210731,2호선,강남,41805,40653,82458
20210731,2호선,역삼,12785,13843,26628
20210731,2호선,선릉,16978,14866,31844
20210731,2호선,삼성,18310,18140,36450
20210731,2호선,종합운동장,3199,3530,6729
20210731,공항철도 1호선,디지털미디어시티,3373,3248,6621
20210731,2호선,잠실새내,11860,12172,24032
20210731,공항철도 1호선,마곡나루,2005,2125,4130
20210731,공항철도 1호선,계양,4779,4425,9204
20210731,5호선,강동,8888,8484,17372
20210731,과천선,평촌,6262,6085,12347
20210731,과천선,인덕원,10284,10191,20475
20210731,과천선,정부과천청사,4054,4176,8230
20210731,과천선,과천,3064,2819,5883
20210731,과천선,대공원,2318,2437,4755
20210731,과천선,경마공원,762,741,1503
20210731,과천선,선바위,3433,3163,6596
20210731,공항철도 1호선,영종,2113,2124,4237
20210731,공항철도 1호선,인천공항2터미널,2473,2274,4747
20210731,공항철도 1호선,인천공항1터미널,3830,3917,7747
20210731,공항철도 1호선,공항화물청사,1180,1231,2411
20210731,공항철도 1호선,운서,4477,4662,9139
20210731,공항철도 1호선,청라국제도시,2860,2784,5644
20210731,공항철도 1호선,검암,3244,3310,6554
20210731,공항철도 1호선,김포공항,9019,5161,14180
20210731,경인선,간석,3201,3058,6259
20210731,2호선,잠실,40874,39139,80013
20210731,2호선,강변,17348,18797,36145
20210731,1호선,종각,11641,11197,22838
20210731,1호선,시청,6485,6295,12780
20210731,1호선,동묘앞,8406,8450,16856
20210731,1호선,서울역,19227,20630,39857
20210731,경춘선,가평,1958,2236,4194
20210731,경춘선,상천,263,259,522
20210731,경춘선,청평,1268,1437,2705
20210731,경춘선,대성리,477,455,932
20210731,경춘선,마석,2395,2464,4859
20210731,경춘선,천마산,993,1007,2000
20210731,경춘선,평내호평,3293,3299,6592
20210731,경춘선,신내,900,838,1738
20210731,경인선,도화,2299,2135,4434
20210731,경인선,중동,4758,4519,9277
20210731,경인선,온수,3565,3245,6810
20210731,1호선,종로3가,14374,13432,27806
20210731,2호선,잠실나루,5174,5213,10387
20210731,1호선,종로5가,12038,11951,23989
20210731,1호선,신설동,6924,6511,13435
20210731,2호선,구의,12046,11872,23918
20210731,2호선,건대입구,21975,23515,45490
20210731,2호선,성수,12226,13843,26069
20210731,2호선,뚝섬,8632,8849,17481
20210731,2호선,한양대,2443,2275,4718
20210731,2호선,왕십리,8841,7545,16386
20210731,2호선,상왕십리,7226,6964,14190
20210731,2호선,신당,8055,8232,16287
20210731,2호선,동대문역사문화공원,6622,7133,13755
20210731,2호선,을지로4가,4755,4782,9537
20210731,2호선,을지로3가,6490,6366,12856
20210731,2호선,을지로입구,13596,13636,27232
20210731,2호선,시청,5645,5137,10782
20210731,1호선,청량리,13754,14000,27754
20210731,1호선,제기동,10915,11221,22136
20210731,1호선,동대문,8281,7525,15806
20210731,5호선,천호,12185,11516,23701
20210731,4호선,이촌,4370,4870,9240
20210731,5호선,아차산,8696,8401,17097
20210731,3호선,도곡,2194,2117,4311
20210731,3호선,매봉,4311,4207,8518
20210731,3호선,양재,12950,14039,26989
20210731,3호선,남부터미널,13203,14274,27477
20210731,3호선,교대,4459,2655,7114
20210731,3호선,고속터미널,30643,33184,63827
20210731,3호선,대치,7191,6359,13550
20210731,3호선,잠원,2609,2395,5004
20210731,3호선,압구정,18007,18655,36662
20210731,3호선,옥수,5043,5178,10221
20210731,3호선,금호,4413,4075,8488
20210731,3호선,약수,6743,6288,13031
20210731,3호선,동대입구,4004,4100,8104
20210731,3호선,충무로,1,0,1
20210731,3호선,신사,16201,16821,33022
20210731,3호선,학여울,824,784,1608
20210731,3호선,대청,4205,3753,7958
20210731,3호선,일원,3566,3566,7132
20210731,4호선,명동,7714,8850,16564
20210731,4호선,충무로,8250,8291,16541
20210731,4호선,동대문역사문화공원,7593,6672,14265
20210731,4호선,동대문,10242,10085,20327
20210731,4호선,혜화,16485,17182,33667
20210731,4호선,한성대입구,7352,6974,14326
20210731,4호선,성신여대입구,12152,11384,23536
20210731,4호선,길음,9635,9190,18825
20210731,4호선,미아사거리,16308,15562,31870
20210731,4호선,미아,8307,7829,16136
20210731,4호선,수유,19768,19165,38933
20210731,3호선,오금,2564,2472,5036
20210731,3호선,경찰병원,2850,2818,5668
20210731,3호선,가락시장,4409,4043,8452
20210731,3호선,수서,8451,9316,17767
20210731,3호선,을지로3가,3241,3448,6689
20210731,3호선,종로3가,3502,4670,8172
20210731,우이신설선,4.19민주묘지,1733,1530,3263
20210731,3호선,안국,7442,8207,15649
20210731,일산선,원흥,5381,5182,10563
20210731,일산선,지축,1,0,1
20210731,일산선,삼송,10164,10151,20315
20210731,일산선,원당,5947,5721,11668
20210731,일산선,화정,9324,9666,18990
20210731,일산선,대곡,1001,824,1825
20210731,일산선,백석,5482,5605,11087
20210731,일산선,마두,3877,3923,7800
20210731,일산선,정발산,4646,4681,9327
20210731,일산선,주엽,4863,4828,9691
20210731,경원선,왕십리,8678,9916,18594
20210731,경원선,청량리,11320,13138,24458
20210731,경원선,외대앞,4261,4279,8540
20210731,경원선,신이문,4666,4313,8979
20210731,분당선,선릉,3718,5308,9026
20210731,우이신설선,신설동,1073,1019,2092
20210731,4호선,회현,12413,13193,25606
20210731,우이신설선,보문,936,898,1834
20210731,우이신설선,정릉,2601,2212,4813
20210731,3호선,경복궁,8771,9101,17872
20210731,3호선,독립문,3836,3690,7526
20210731,3호선,무악재,1983,1991,3974
20210731,3호선,홍제,9449,9003,18452
20210731,3호선,녹번,7369,6479,13848
20210731,3호선,불광,9492,10584,20076
20210731,3호선,연신내,22444,20713,43157
20210731,3호선,구파발,11147,11190,22337
20210731,3호선,지축,2070,2045,4115
20210731,우이신설선,가오리,2297,2200,4497
20210731,우이신설선,화계,1929,1796,3725
20210731,우이신설선,삼양,1197,1272,2469
20210731,우이신설선,삼양사거리,1555,1512,3067
20210731,우이신설선,솔샘,2718,2498,5216
20210731,우이신설선,북한산보국문,3331,3088,6419
20210731,우이신설선,성신여대입구,2192,2343,4535
20210731,4호선,서울역,3642,7363,11005
20210731,4호선,숙대입구,6168,5933,12101
20210731,4호선,삼각지,2091,2434,4525
20210731,경원선,서빙고,972,824,1796
20210731,경원선,한남,2127,2033,4160
20210731,경원선,옥수,39,26,65
20210731,경원선,응봉,944,789,1733
20210731,안산선,초지,2183,2174,4357
20210731,안산선,안산,7684,7959,15643
20210731,안산선,신길온천,1003,954,1957
20210731,안산선,정왕,4801,4864,9665
20210731,안산선,오이도,5862,6020,11882
20210731,안산선,수리산,2101,1814,3915
20210731,우이신설선,북한산우이,2393,2550,4943
20210731,우이신설선,솔밭공원,1440,1441,2881
20210731,5호선,왕십리,2599,2963,5562
20210731,5호선,행당,4055,3474,7529
20210731,5호선,신금호,2974,3091,6065
20210731,경원선,이촌,2175,1649,3824
20210731,5호선,청구,1950,1677,3627
20210731,경부선,광명,1615,1730,3345
20210731,경부선,당정,2832,2622,5454
20210731,5호선,군자,5940,6524,12464
20210731,5호선,장한평,7977,7983,15960
20210731,5호선,답십리,7521,6816,14337
20210731,5호선,마장,2845,2629,5474
20210731,안산선,반월,2481,2317,4798
20210731,안산선,상록수,8544,8723,17267
20210731,안산선,한대앞,4853,4981,9834
20210731,안산선,중앙,10372,10868,21240
20210731,안산선,고잔,3867,3792,7659
20210731,일산선,대화,6375,5809,12184
20210731,장항선,봉명,544,486,1030
20210731,장항선,쌍용,1051,885,1936
20210731,장항선,아산,1882,1963,3845
20210731,장항선,배방,675,651,1326
20210731,장항선,온양온천,2776,2895,5671
20210731,경부선,서동탄,676,664,1340
20210731,5호선,광나루,6882,6399,13281
20210731,5호선,동대문역사문화공원,728,921,1649
20210731,5호선,종로3가,7312,7611,14923
20210731,5호선,마곡,3785,3790,7575
20210731,5호선,송정,3701,3683,7384
20210731,5호선,김포공항,6163,6366,12529
20210731,5호선,개화산,2891,2857,5748
20210731,5호선,방화,3571,3573,7144
20210731,4호선,쌍문,16102,14533,30635
20210731,4호선,창동,14269,15257,29526
20210731,4호선,노원,11652,12719,24371
20210731,4호선,상계,10243,9739,19982
20210731,4호선,당고개,7549,7108,14657
20210731,4호선,남태령,588,505,1093
20210731,4호선,사당,13318,11339,24657
20210731,4호선,총신대입구,10529,11375,21904
20210731,4호선,동작,1207,1255,2462
20210731,4호선,신용산,6620,7501,14121
20210731,5호선,발산,8734,9084,17818
20210731,5호선,을지로4가,2158,2309,4467
20210731,5호선,우장산,7024,7054,14078
20210731,5호선,까치산,15848,15452,31300
20210731,5호선,광화문,9516,10007,19523
20210731,5호선,서대문,5028,4867,9895
20210731,5호선,충정로,1419,1321,2740
20210731,5호선,애오개,2777,2677,5454
20210731,5호선,공덕,4620,4604,9224
20210731,5호선,마포,5032,5054,10086
20210731,5호선,여의나루,4710,5406,10116
20210731,5호선,여의도,7041,7373,14414
20210731,5호선,신길,1782,1870,3652
20210731,5호선,영등포시장,4832,4807,9639
20210731,5호선,영등포구청,1417,1372,2789
20210731,5호선,양평,2605,2451,5056
20210731,5호선,오목교,11996,12496,24492
20210731,5호선,목동,8316,8363,16679
20210731,5호선,신정,6513,5727,12240
20210731,5호선,화곡,14717,13726,28443
20210731,분당선,한티,9475,9070,18545
20210731,2호선,용두,1292,1364,2656
20210731,분당선,구룡,916,799,1715
20210731,9호선2~3단계,한성백제,1278,1099,2377
20210731,9호선2~3단계,송파나루,3002,3246,6248
20210731,9호선2~3단계,석촌,4628,3873,8501
20210731,9호선2~3단계,석촌고분,3152,3148,6300
20210731,9호선2~3단계,삼전,3755,3515,7270
20210731,9호선2~3단계,종합운동장,2251,2149,4400
20210731,9호선2~3단계,올림픽공원,2637,2635,5272
20210731,9호선2~3단계,봉은사,6873,7053,13926
20210731,9호선2~3단계,선정릉,3234,3530,6764
20210731,9호선2~3단계,언주,4007,3985,7992
20210731,9호선,신논현,17617,17226,34843
20210731,9호선,사평,1571,1527,3098
20210731,9호선,고속터미널,8054,11373,19427
20210731,9호선,신반포,1617,1588,3205
20210731,9호선2~3단계,삼성중앙,2240,2245,4485
20210731,9호선2~3단계,둔촌오륜,492,496,988
20210731,9호선2~3단계,중앙보훈병원,3393,3174,6567
20210731,경강선,판교,2338,2105,4443
20210731,중앙선,오빈,188,251,439
20210731,중앙선,양평,2017,2142,4159
20210731,중앙선,원덕,282,300,582
20210731,중앙선,용문,2361,2715,5076
20210731,경부선,서울역,3294,1161,4455
20210731,경강선,여주,1614,1878,3492
20210731,경강선,세종대왕릉,232,233,465
20210731,경강선,부발,1325,1100,2425
20210731,경강선,이천,1950,2077,4027
20210731,경강선,신둔도예촌,774,800,1574
20210731,경강선,곤지암,1492,1573,3065
20210731,경강선,초월,1559,1423,2982
20210731,경강선,경기광주,3600,3551,7151
20210731,경강선,삼동,1100,1045,2145
20210731,경강선,이매,618,464,1082
20210731,9호선,구반포,1306,1337,2643
20210731,9호선,동작,978,804,1782
20210731,9호선,흑석,3689,3787,7476
20210731,9호선,노들,2428,2074,4502
20210731,8호선,신흥,2839,3115,5954
20210731,8호선,단대오거리,5702,5360,11062
20210731,8호선,남한산성입구,6775,6076,12851
20210731,8호선,산성,3156,3273,6429
20210731,8호선,복정,4957,4293,9250
20210731,8호선,장지,9013,8572,17585
20210731,8호선,문정,5523,5542,11065
20210731,8호선,가락시장,3886,3763,7649
20210731,8호선,송파,4121,4066,8187
20210731,8호선,석촌,4487,5186,9673
20210731,8호선,잠실,8905,10141,19046
20210731,8호선,몽촌토성,3104,3046,6150
20210731,8호선,강동구청,4458,4407,8865
20210731,8호선,천호,8891,10438,19329
20210731,8호선,암사,9308,8687,17995
20210731,8호선,수진,3204,2876,6080
20210731,중앙선,아신,439,504,943
20210731,8호선,모란,2664,2296,4960
20210731,9호선,김포공항,6220,10228,16448
20210731,9호선,노량진,15703,14969,30672
20210731,9호선,샛강,1716,1720,3436
20210731,9호선,여의도,7254,6755,14009
20210731,9호선,국회의사당,2254,2296,4550
20210731,9호선,당산,8960,8360,17320
20210731,9호선,선유도,2753,2727,5480
20210731,9호선,신목동,1626,1451,3077
20210731,9호선,염창,8250,7711,15961
20210731,9호선,등촌,5631,5492,11123
20210731,9호선,증미,3288,3251,6539
20210731,9호선,가양,10074,9747,19821
20210731,9호선,양천향교,4413,4279,8692
20210731,9호선,마곡나루,5001,4964,9965
20210731,9호선,신방화,3637,3536,7173
20210731,9호선,공항시장,1821,1917,3738
20210731,9호선,개화,1087,888,1975
20210731,중앙선,국수,438,459,897
20210731,중앙선,신원,179,137,316
20210731,중앙선,양수,1711,1733,3444
20210731,2호선,봉천,13265,12105,25370
20210731,2호선,서울대입구,28016,26840,54856
20210731,2호선,낙성대,15547,14355,29902
20210731,2호선,사당,19268,21010,40278
20210731,2호선,방배,6785,7087,13872
20210731,2호선,서초,6614,5751,12365
20210731,2호선,교대,11996,13313,25309
20210731,경원선,석계,4819,5280,10099
20210731,경원선,광운대,4080,4004,8084
20210731,경원선,월계,3432,3226,6658
20210731,경원선,녹천,2718,2172,4890
20210731,경원선,방학,5657,5479,11136
20210731,경원선,도봉산,6530,4442,10972
20210731,경원선,도봉,3401,3289,6690
20210731,경의선,서울역,856,916,1772
20210731,2호선,신림,37748,35749,73497
20210731,경원선,소요산,3635,3317,6952
20210731,2호선,신대방,15127,14625,29752
20210731,2호선,대림,13277,14365,27642
20210731,2호선,양천구청,3070,3141,6211
20210731,2호선,도림천,477,474,951
20210731,2호선,신설동,2255,2292,4547
20210731,2호선,신답,687,745,1432
20210731,2호선,용답,1613,1510,3123
20210731,2호선,충정로,3488,3556,7044
20210731,2호선,아현,5579,5323,10902
20210731,2호선,이대,7170,7463,14633
20210731,2호선,신촌,20467,20269,40736
20210731,2호선,홍대입구,36540,37316,73856
20210731,2호선,합정,17503,18751,36254
20210731,2호선,당산,8535,9431,17966
20210731,2호선,영등포구청,8605,8706,17311
20210731,2호선,문래,7756,7994,15750
20210731,2호선,신도림,26312,25987,52299
20210731,2호선,구로디지털단지,24995,24528,49523
20210731,7호선,부평구청,3742,3383,7125
20210731,경원선,동두천,1302,1584,2886
20210731,경원선,동두천중앙,1962,2067,4029
20210731,경부선,용산,22193,25368,47561
20210731,경부선,남영,4111,4147,8258
20210731,장항선,신창,928,798,1726
20210731,중앙선,회기,13250,12520,25770
20210731,중앙선,중랑,3416,3267,6683
20210731,중앙선,상봉,3907,3831,7738
20210731,중앙선,망우,4576,4490,9066
20210731,중앙선,양원,828,883,1711
20210731,중앙선,구리,7450,7535,14985
20210731,중앙선,도농,4536,4546,9082
20210731,중앙선,양정,465,397,862
20210731,중앙선,덕소,3428,3506,6934
20210731,중앙선,도심,1188,1022,2210
20210731,중앙선,팔당,1101,1038,2139
20210731,중앙선,운길산,813,773,1586
20210731,경부선,노량진,5581,5040,10621
20210731,경원선,보산,1010,1079,2089
20210731,경부선,대방,5475,5455,10930
20210731,경부선,신도림,1859,1936,3795
20210731,경부선,독산,6260,6400,12660
20210731,경부선,수원,26469,28685,55154
20210731,경부선,화서,3370,3328,6698
20210731,경부선,성균관대,6834,6795,13629
20210731,경부선,의왕,4030,3997,8027
20210731,경부선,군포,3162,2820,5982
20210731,경부선,금정,13239,13047,26286
20210731,경부선,명학,3595,3304,6899
20210731,경부선,안양,12497,12796,25293
20210731,경부선,관악,4090,3864,7954
20210731,경부선,석수,4777,4445,9222
20210731,경부선,금천구청,5691,5656,11347
20210731,경부선,가산디지털단지,4431,5929,10360
20210731,경부선,구로,9372,9357,18729
20210731,경부선,신길,4456,3670,8126
20210731,경부선,영등포,26525,28231,54756
20210731,분당선,도곡,3108,2841,5949
20210731,7호선,굴포천,4841,5070,9911
20210731,7호선,상동,7193,7417,14610
20210731,경원선,덕정,3329,3073,6402
20210731,경원선,덕계,1649,1518,3167
20210731,경원선,양주,4636,4491,9127
20210731,경원선,녹양,2556,2498,5054
20210731,경원선,가능,3838,3761,7599
20210731,경원선,의정부,12677,13148,25825
20210731,경원선,지행,3828,3810,7638
20210731,경원선,회룡,6891,6963,13854
20210731,수인선,연수,2678,2737,5415
20210731,수인선,원인재,2729,2813,5542
20210731,수인선,남동인더스파크,757,636,1393
20210731,수인선,호구포,1982,1869,3851
20210731,수인선,인천논현,3211,3333,6544
20210731,수인선,소래포구,3804,3920,7724
20210731,수인선,송도,1409,1338,2747
20210731,5호선,오금,1580,1414,2994
20210731,5호선,개롱,3180,3349,6529
20210731,5호선,거여,4171,4032,8203
20210731,6호선,월드컵경기장,3379,3451,6830
20210731,6호선,디지털미디어시티,5279,5153,10432
20210731,6호선,증산,5560,5429,10989
20210731,6호선,새절,6698,6322,13020
20210731,6호선,구산,4034,3268,7302
20210731,6호선,독바위,1547,1701,3248
20210731,6호선,불광,2831,2658,5489
20210731,6호선,역촌,2159,2406,4565
20210731,6호선,응암,9590,9483,19073
20210731,5호선,하남검단산,3577,3469,7046
20210731,5호선,하남시청,3199,3137,6336
20210731,5호선,하남풍산,1972,2064,4036
20210731,5호선,미사,8060,8007,16067
20210731,5호선,강일,1656,1641,3297
20210731,5호선,마천,3380,3366,6746
20210731,수인선,월곶,1559,1536,3095
20210731,수인선,달월,43,47,90
20210731,수인선,사리,2332,2059,4391
20210731,수인선,야목,160,169,329
20210731,분당선,수내,6538,6259,12797
20210731,분당선,서현,13348,13427,26775
20210731,분당선,야탑,12197,12850,25047
20210731,분당선,모란,12133,11990,24123
20210731,분당선,태평,8406,7873,16279
20210731,분당선,가천대,3221,3598,6819
20210731,분당선,선정릉,2501,2464,4965
20210731,분당선,강남구청,3681,4311,7992
20210731,분당선,압구정로데오,12411,13628,26039
20210731,분당선,서울숲,4701,4653,9354
20210731,분당선,수원,5431,4755,10186
20210731,분당선,복정,2,0,2
20210731,분당선,수서,6540,7593,14133
20210731,분당선,대모산입구,1650,1501,3151
20210731,분당선,개포동,1941,1908,3849
20210731,분당선,정자,7983,8104,16087
20210731,6호선,마포구청,7060,6301,13361
20210731,분당선,미금,8180,8422,16602
20210731,분당선,이매,3005,2941,5946
20210731,수인선,어천,580,482,1062
20210731,수인선,오목천,1376,1303,2679
20210731,수인선,고색,1768,1632,3400
20210731,분당선,매교,1423,1471,2894
20210731,분당선,수원시청,7118,7614,14732
20210731,분당선,매탄권선,2425,2306,4731
20210731,분당선,망포,6486,6017,12503
20210731,분당선,영통,4778,4697,9475
20210731,분당선,청명,1876,1790,3666
20210731,분당선,상갈,2839,2736,5575
20210731,분당선,기흥,5082,4887,9969
20210731,분당선,신갈,1996,1979,3975
20210731,분당선,구성,2190,2455,4645
20210731,분당선,죽전,7246,8264,15510
20210731,분당선,보정,1181,1063,2244
20210731,분당선,오리,5504,4663,10167
20210731,6호선,망원,9213,10136,19349
20210731,6호선,합정,8286,7712,15998
20210731,6호선,상수,5047,5812,10859
20210731,7호선,남성,5832,5407,11239
20210731,7호선,이수,8655,7980,16635
20210731,7호선,내방,5858,5749,11607
20210731,7호선,고속터미널,8538,7107,15645
20210731,7호선,반포,3481,3237,6718
20210731,7호선,논현,8278,8966,17244
20210731,7호선,학동,6857,7083,13940
20210731,7호선,강남구청,6832,7339,14171
20210731,7호선,청담,7771,8061,15832
20210731,7호선,뚝섬유원지,4957,4713,9670
20210731,7호선,건대입구,7539,7323,14862
20210731,7호선,어린이대공원,6053,5719,11772
20210731,7호선,군자,8197,6407,14604
20210731,7호선,중곡,5036,4769,9805
20210731,7호선,용마산,3224,3309,6533
20210731,7호선,숭실대입구,5727,5703,11430
20210731,7호선,사가정,9438,9117,18555
20210731,7호선,상도,5367,5075,10442
20210731,7호선,신대방삼거리,8736,8177,16913
20210731,7호선,부천시청,7379,7365,14744
20210731,7호선,신중동,7289,7299,14588
20210731,7호선,춘의,4100,3871,7971
20210731,7호선,부천종합운동장,2435,2148,4583
20210731,7호선,까치울,4059,4054,8113
20210731,7호선,온수,4226,4123,8349
20210731,7호선,천왕,5394,5073,10467
20210731,7호선,광명사거리,12698,12907,25605
20210731,7호선,철산,10907,10991,21898
20210731,중앙선,지평,29,64,93
20210731,7호선,가산디지털단지,11187,10215,21402
20210731,7호선,남구로,6714,7060,13774
20210731,7호선,대림,5695,6156,11851
20210731,7호선,신풍,6107,5835,11942
20210731,7호선,보라매,4603,4264,8867
20210731,7호선,장승배기,5134,4943,10077
20210731,7호선,삼산체육관,2532,2435,4967
20210731,7호선,면목,8462,8410,16872
20210731,7호선,중화,5990,5749,11739
20210731,6호선,보문,3720,3245,6965
20210731,6호선,창신,1676,1395,3071
20210731,6호선,동묘앞,5634,5379,11013
20210731,6호선,신당,4995,4178,9173
20210731,6호선,청구,1883,1888,3771
20210731,6호선,약수,1912,1826,3738
20210731,6호선,버티고개,981,1143,2124
20210731,6호선,한강진,5123,5968,11091
20210731,6호선,이태원,6593,7109,13702
20210731,6호선,녹사평,2997,3133,6130
20210731,6호선,삼각지,3176,2569,5745
20210731,6호선,효창공원앞,3313,2828,6141
20210731,6호선,공덕,6981,6445,13426
20210731,6호선,대흥,3940,3826,7766
20210731,6호선,광흥창,3836,3539,7375
20210731,6호선,안암,4370,4071,8441
20210731,7호선,상봉,9620,9117,18737
20210731,6호선,고려대,3864,3585,7449
20210731,6호선,상월곡,3154,2760,5914
20210731,7호선,먹골,5782,5545,11327
20210731,7호선,태릉입구,4792,4385,9177
20210731,7호선,공릉,6369,6425,12794
20210731,7호선,하계,9014,8430,17444
20210731,7호선,중계,6975,6185,13160
20210731,7호선,노원,12051,12230,24281
20210731,7호선,마들,6784,6519,13303
20210731,7호선,수락산,7806,7887,15693
20210731,7호선,도봉산,4848,6692,11540
20210731,7호선,장암,1196,860,2056
20210731,6호선,봉화산,3957,3923,7880
20210731,6호선,화랑대,5096,4044,9140
20210731,6호선,태릉입구,3073,3199,6272
20210731,6호선,석계,6522,6322,12844
20210731,6호선,돌곶이,4585,4340,8925
20210731,6호선,월곡,5340,5464,10804
20210731,2호선,신정네거리,5350,5383,10733
