,사용일자,호선명,지하철역,승차총승객수,하차총승객수,승하차총승객수
0,20200101,5호선,마천,2513,2886,5399
1,20200101,5호선,거여,3236,3339,6575
2,20200101,5호선,개롱,2618,2800,5418
3,20200101,5호선,오금,1239,1267,2506
4,20200101,5호선,방이,3212,3249,6461
5,20200101,5호선,올림픽공원,1723,1529,3252
6,20200101,5호선,둔촌동,3690,3919,7609
7,20200101,5호선,상일동,5804,5654,11458
8,20200101,5호선,고덕,3733,3855,7588
9,20200101,5호선,명일,3509,3773,7282
10,20200101,5호선,굽은다리,4720,4732,9452
11,20200101,5호선,길동,3548,3645,7193
12,20200101,5호선,강동,9082,8585,17667
13,20200101,5호선,천호,10564,10446,21010
14,20200101,5호선,광나루,6639,6603,13242
15,20200101,5호선,아차산,11000,10740,21740
16,20200101,5호선,군자,5306,5967,11273
17,20200101,5호선,장한평,7977,7927,15904
18,20200101,5호선,답십리,6768,6415,13183
19,20200101,5호선,마장,2818,2894,5712
20,20200101,5호선,왕십리,2563,3023,5586
21,20200101,5호선,행당,3526,3245,6771
22,20200101,5호선,신금호,2763,2995,5758
23,20200101,5호선,청구,1683,1629,3312
24,20200101,5호선,동대문역사문화공원,913,960,1873
25,20200101,5호선,을지로4가,1467,1521,2988
26,20200101,5호선,종로3가,11043,9303,20346
27,20200101,5호선,광화문,14455,14112,28567
28,20200101,5호선,서대문,5058,4839,9897
29,20200101,5호선,충정로,1129,1203,2332
30,20200101,5호선,애오개,2467,2610,5077
31,20200101,5호선,공덕,4067,4350,8417
32,20200101,5호선,마포,4568,4518,9086
33,20200101,5호선,여의나루,3468,3538,7006
34,20200101,5호선,여의도,4652,4914,9566
35,20200101,5호선,신길,1473,1623,3096
36,20200101,5호선,영등포시장,4405,4613,9018
37,20200101,5호선,영등포구청,1138,1093,2231
38,20200101,5호선,양평,2100,2272,4372
39,20200101,5호선,오목교,10151,10853,21004
40,20200101,5호선,목동,7142,7638,14780
41,20200101,5호선,신정,5624,5205,10829
42,20200101,5호선,까치산,14837,14783,29620
43,20200101,5호선,화곡,12863,12898,25761
44,20200101,5호선,우장산,6199,6459,12658
45,20200101,5호선,발산,7915,8357,16272
46,20200101,5호선,마곡,2189,2216,4405
47,20200101,5호선,송정,3726,3710,7436
48,20200101,5호선,김포공항,7254,7138,14392
49,20200101,5호선,개화산,2805,2978,5783
50,20200101,5호선,방화,3953,3966,7919
51,20200102,5호선,방화,7690,7286,14976
52,20200102,5호선,개화산,6272,5936,12208
53,20200102,5호선,김포공항,8515,8178,16693
54,20200102,5호선,송정,7806,7161,14967
55,20200102,5호선,마곡,7983,7485,15468
56,20200102,5호선,발산,21120,21393,42513
57,20200102,5호선,우장산,16576,16352,32928
58,20200102,5호선,화곡,32168,29814,61982
59,20200102,5호선,까치산,32357,30881,63238
60,20200102,5호선,신정,15241,11711,26952
61,20200102,5호선,목동,19773,21525,41298
62,20200102,5호선,오목교,26539,28743,55282
63,20200102,5호선,양평,7950,7876,15826
64,20200102,5호선,영등포구청,4228,4265,8493
65,20200102,5호선,영등포시장,10803,11289,22092
66,20200102,5호선,신길,3911,4384,8295
67,20200102,5호선,여의도,29489,30935,60424
68,20200102,5호선,여의나루,8145,8751,16896
69,20200102,5호선,마포,15972,16337,32309
70,20200102,5호선,공덕,15677,16832,32509
71,20200102,5호선,애오개,8256,8250,16506
72,20200102,5호선,충정로,4998,5057,10055
73,20200102,5호선,서대문,20906,21616,42522
74,20200102,5호선,광화문,38226,40379,78605
75,20200102,5호선,종로3가,17306,16601,33907
76,20200102,5호선,을지로4가,6568,6814,13382
77,20200102,5호선,동대문역사문화공원,3524,4151,7675
78,20200102,5호선,청구,4485,4007,8492
79,20200102,5호선,신금호,7015,7051,14066
80,20200102,5호선,행당,9197,8248,17445
81,20200102,5호선,왕십리,5036,5745,10781
82,20200102,5호선,마장,6308,6003,12311
83,20200102,5호선,답십리,17807,16339,34146
84,20200102,5호선,장한평,20581,20571,41152
85,20200102,5호선,군자,11784,12826,24610
86,20200102,5호선,아차산,14863,14392,29255
87,20200102,5호선,광나루,14691,13291,27982
88,20200102,5호선,천호,20832,21750,42582
89,20200102,5호선,강동,22470,19427,41897
90,20200102,5호선,길동,8013,8609,16622
91,20200102,5호선,굽은다리,10127,9590,19717
92,20200102,5호선,명일,9333,9585,18918
93,20200102,5호선,고덕,10677,10649,21326
94,20200102,5호선,상일동,16880,14354,31234
95,20200102,5호선,둔촌동,9265,9410,18675
96,20200102,5호선,올림픽공원,4422,3922,8344
97,20200102,5호선,방이,8089,8304,16393
98,20200102,5호선,오금,3904,3897,7801
99,20200102,5호선,개롱,7523,7760,15283
100,20200102,5호선,거여,8822,8140,16962
101,20200102,5호선,마천,5480,5637,11117
102,20200103,5호선,방화,8164,7566,15730
103,20200103,5호선,개화산,6450,6148,12598
104,20200103,5호선,김포공항,9042,8275,17317
105,20200103,5호선,송정,8268,7542,15810
106,20200103,5호선,마곡,8433,7723,16156
107,20200103,5호선,발산,22416,22878,45294
108,20200103,5호선,우장산,17271,16996,34267
109,20200103,5호선,화곡,33888,31072,64960
110,20200103,5호선,까치산,33898,31942,65840
111,20200103,5호선,신정,15931,11807,27738
112,20200103,5호선,목동,20691,22418,43109
113,20200103,5호선,오목교,28019,30554,58573
114,20200103,5호선,양평,8274,7929,16203
115,20200103,5호선,영등포구청,4404,4464,8868
116,20200103,5호선,영등포시장,11701,12117,23818
117,20200103,5호선,신길,4012,4487,8499
118,20200103,5호선,여의도,30396,31914,62310
119,20200103,5호선,여의나루,8881,8997,17878
120,20200103,5호선,마포,16862,17413,34275
121,20200103,5호선,공덕,16709,18147,34856
122,20200103,5호선,애오개,8513,8367,16880
123,20200103,5호선,충정로,5219,5274,10493
124,20200103,5호선,서대문,21637,22384,44021
125,20200103,5호선,광화문,43498,46209,89707
126,20200103,5호선,종로3가,19465,18960,38425
127,20200103,5호선,을지로4가,6915,7189,14104
128,20200103,5호선,동대문역사문화공원,3536,4255,7791
129,20200103,5호선,청구,4638,4201,8839
130,20200103,5호선,신금호,7326,7242,14568
131,20200103,5호선,행당,9538,8229,17767
132,20200103,5호선,왕십리,5451,6428,11879
133,20200103,5호선,마장,6610,6413,13023
134,20200103,5호선,답십리,18455,16726,35181
135,20200103,5호선,장한평,21828,21727,43555
136,20200103,5호선,군자,12588,13789,26377
137,20200103,5호선,아차산,15555,15102,30657
138,20200103,5호선,광나루,15384,13716,29100
139,20200103,5호선,천호,22890,23831,46721
140,20200103,5호선,강동,23193,19940,43133
141,20200103,5호선,길동,8493,9105,17598
142,20200103,5호선,굽은다리,10596,9868,20464
143,20200103,5호선,명일,9845,10128,19973
144,20200103,5호선,고덕,10859,10715,21574
145,20200103,5호선,상일동,17345,14581,31926
146,20200103,5호선,둔촌동,9918,10064,19982
147,20200103,5호선,올림픽공원,4790,4133,8923
148,20200103,5호선,방이,8464,8720,17184
149,20200103,5호선,오금,4051,3987,8038
150,20200103,5호선,개롱,7670,7795,15465
151,20200103,5호선,거여,9101,8406,17507
152,20200103,5호선,마천,5855,5638,11493
153,20200104,5호선,방화,5465,5124,10589
154,20200104,5호선,개화산,4393,4197,8590
155,20200104,5호선,김포공항,8056,8076,16132
156,20200104,5호선,송정,6276,5915,12191
157,20200104,5호선,마곡,4173,3912,8085
158,20200104,5호선,발산,14599,15588,30187
159,20200104,5호선,우장산,11887,11661,23548
160,20200104,5호선,화곡,23575,21458,45033
161,20200104,5호선,까치산,24526,22900,47426
162,20200104,5호선,신정,10209,8275,18484
163,20200104,5호선,목동,13626,14081,27707
164,20200104,5호선,오목교,20220,20904,41124
165,20200104,5호선,양평,3897,3680,7577
166,20200104,5호선,영등포구청,2106,2019,4125
167,20200104,5호선,영등포시장,8941,9457,18398
168,20200104,5호선,신길,2496,2701,5197
169,20200104,5호선,여의도,9402,10508,19910
170,20200104,5호선,여의나루,4803,4786,9589
171,20200104,5호선,마포,8558,8787,17345
172,20200104,5호선,공덕,8724,9141,17865
173,20200104,5호선,애오개,4418,4294,8712
174,20200104,5호선,충정로,2232,2130,4362
175,20200104,5호선,서대문,9693,9342,19035
176,20200104,5호선,광화문,31915,33740,65655
177,20200104,5호선,종로3가,17845,17435,35280
178,20200104,5호선,을지로4가,4220,4572,8792
179,20200104,5호선,동대문역사문화공원,1293,1656,2949
180,20200104,5호선,청구,3000,2664,5664
181,20200104,5호선,신금호,4848,4916,9764
182,20200104,5호선,행당,6667,5764,12431
183,20200104,5호선,왕십리,4152,5095,9247
184,20200104,5호선,마장,4617,4624,9241
185,20200104,5호선,답십리,12244,11186,23430
186,20200104,5호선,장한평,13592,13809,27401
187,20200104,5호선,군자,9303,10235,19538
188,20200104,5호선,아차산,12957,12417,25374
189,20200104,5호선,광나루,12001,11361,23362
190,20200104,5호선,천호,19375,19587,38962
191,20200104,5호선,강동,17269,14909,32178
192,20200104,5호선,길동,6205,6588,12793
193,20200104,5호선,굽은다리,8113,7390,15503
194,20200104,5호선,명일,6722,6605,13327
195,20200104,5호선,고덕,6972,6559,13531
196,20200104,5호선,상일동,10987,9659,20646
197,20200104,5호선,둔촌동,7197,7112,14309
198,20200104,5호선,올림픽공원,3728,3670,7398
199,20200104,5호선,방이,6276,6109,12385
200,20200104,5호선,오금,2327,2290,4617
201,20200104,5호선,개롱,5128,5208,10336
202,20200104,5호선,거여,6077,5700,11777
203,20200104,5호선,마천,4414,4531,8945
204,20200105,5호선,방화,4438,4286,8724
205,20200105,5호선,개화산,3200,3297,6497
206,20200105,5호선,김포공항,7358,7074,14432
207,20200105,5호선,송정,4460,4589,9049
208,20200105,5호선,마곡,2653,2727,5380
209,20200105,5호선,발산,9410,10013,19423
210,20200105,5호선,우장산,8056,8312,16368
211,20200105,5호선,화곡,16516,15800,32316
212,20200105,5호선,까치산,18271,17747,36018
213,20200105,5호선,신정,7304,6231,13535
214,20200105,5호선,목동,9629,9840,19469
215,20200105,5호선,오목교,13732,14734,28466
216,20200105,5호선,양평,2754,2871,5625
217,20200105,5호선,영등포구청,1465,1439,2904
218,20200105,5호선,영등포시장,6136,6356,12492
219,20200105,5호선,신길,1677,1856,3533
220,20200105,5호선,여의도,6210,6722,12932
221,20200105,5호선,여의나루,4064,4133,8197
222,20200105,5호선,마포,5610,5644,11254
223,20200105,5호선,공덕,5149,5138,10287
224,20200105,5호선,애오개,3137,3229,6366
225,20200105,5호선,충정로,1500,1435,2935
226,20200105,5호선,서대문,6181,6117,12298
227,20200105,5호선,광화문,16950,16875,33825
228,20200105,5호선,종로3가,11672,10162,21834
229,20200105,5호선,을지로4가,1718,1942,3660
230,20200105,5호선,동대문역사문화공원,858,1050,1908
231,20200105,5호선,청구,2180,1833,4013
232,20200105,5호선,신금호,3488,3607,7095
233,20200105,5호선,행당,4549,4154,8703
234,20200105,5호선,왕십리,2893,3492,6385
235,20200105,5호선,마장,3491,3374,6865
236,20200105,5호선,답십리,8897,8321,17218
237,20200105,5호선,장한평,9540,9593,19133
238,20200105,5호선,군자,6822,7575,14397
239,20200105,5호선,아차산,10905,10841,21746
240,20200105,5호선,광나루,9171,8814,17985
241,20200105,5호선,천호,14707,14520,29227
242,20200105,5호선,강동,11576,10588,22164
243,20200105,5호선,길동,4338,4420,8758
244,20200105,5호선,굽은다리,6115,5795,11910
245,20200105,5호선,명일,5264,5248,10512
246,20200105,5호선,고덕,4422,4641,9063
247,20200105,5호선,상일동,7087,6899,13986
248,20200105,5호선,둔촌동,6143,6179,12322
249,20200105,5호선,올림픽공원,2528,2525,5053
250,20200105,5호선,방이,4610,4413,9023
251,20200105,5호선,오금,1712,1667,3379
252,20200105,5호선,개롱,3684,4056,7740
253,20200105,5호선,거여,4302,4234,8536
254,20200105,5호선,마천,3477,3740,7217
255,20200106,5호선,방화,7745,7442,15187
256,20200106,5호선,개화산,6391,6152,12543
257,20200106,5호선,김포공항,8559,8088,16647
258,20200106,5호선,송정,8116,7415,15531
259,20200106,5호선,마곡,8486,7822,16308
260,20200106,5호선,발산,22171,22078,44249
261,20200106,5호선,우장산,16776,16714,33490
262,20200106,5호선,화곡,33022,30841,63863
263,20200106,5호선,까치산,33226,31764,64990
264,20200106,5호선,신정,15470,12219,27689
265,20200106,5호선,목동,20327,22402,42729
266,20200106,5호선,오목교,26863,28825,55688
267,20200106,5호선,양평,8226,8163,16389
268,20200106,5호선,영등포구청,4313,4374,8687
269,20200106,5호선,영등포시장,10751,11293,22044
270,20200106,5호선,신길,4060,4638,8698
271,20200106,5호선,여의도,31085,32213,63298
272,20200106,5호선,여의나루,7888,8356,16244
273,20200106,5호선,마포,17296,17623,34919
274,20200106,5호선,공덕,16269,17631,33900
275,20200106,5호선,애오개,8465,8686,17151
276,20200106,5호선,충정로,5358,5461,10819
277,20200106,5호선,서대문,22051,22477,44528
278,20200106,5호선,광화문,39257,39980,79237
279,20200106,5호선,종로3가,16805,16250,33055
280,20200106,5호선,을지로4가,6647,6963,13610
281,20200106,5호선,동대문역사문화공원,3622,4059,7681
282,20200106,5호선,청구,4628,4146,8774
283,20200106,5호선,신금호,7137,7258,14395
284,20200106,5호선,행당,9445,8501,17946
285,20200106,5호선,왕십리,5182,5743,10925
286,20200106,5호선,마장,6588,6345,12933
287,20200106,5호선,답십리,18087,16785,34872
288,20200106,5호선,장한평,20657,20812,41469
289,20200106,5호선,군자,11899,13140,25039
290,20200106,5호선,아차산,14954,14825,29779
291,20200106,5호선,광나루,14947,13394,28341
292,20200106,5호선,천호,20185,21113,41298
293,20200106,5호선,강동,22940,20198,43138
294,20200106,5호선,길동,8422,9064,17486
295,20200106,5호선,굽은다리,10242,9834,20076
296,20200106,5호선,명일,9705,10251,19956
297,20200106,5호선,고덕,10778,10842,21620
298,20200106,5호선,상일동,17225,14696,31921
299,20200106,5호선,둔촌동,9858,10139,19997
300,20200106,5호선,올림픽공원,4660,4145,8805
301,20200106,5호선,방이,8162,8497,16659
302,20200106,5호선,오금,4101,4088,8189
303,20200106,5호선,개롱,7736,7954,15690
304,20200106,5호선,거여,9115,8513,17628
305,20200106,5호선,마천,5698,5702,11400
306,20200107,5호선,방화,7525,7234,14759
307,20200107,5호선,개화산,6199,5800,11999
308,20200107,5호선,김포공항,8283,7785,16068
309,20200107,5호선,송정,7629,6976,14605
310,20200107,5호선,마곡,8311,7674,15985
311,20200107,5호선,발산,21375,21470,42845
312,20200107,5호선,우장산,16416,16391,32807
313,20200107,5호선,화곡,31495,29286,60781
314,20200107,5호선,까치산,32095,30770,62865
315,20200107,5호선,신정,15229,11739,26968
316,20200107,5호선,목동,19826,21918,41744
317,20200107,5호선,오목교,26933,29069,56002
318,20200107,5호선,양평,8011,8093,16104
319,20200107,5호선,영등포구청,4222,4328,8550
320,20200107,5호선,영등포시장,10422,10868,21290
321,20200107,5호선,신길,3951,4538,8489
322,20200107,5호선,여의도,31466,32806,64272
323,20200107,5호선,여의나루,7898,8113,16011
324,20200107,5호선,마포,16929,17388,34317
325,20200107,5호선,공덕,16331,17836,34167
326,20200107,5호선,애오개,8290,8487,16777
327,20200107,5호선,충정로,5456,5662,11118
328,20200107,5호선,서대문,22265,22475,44740
329,20200107,5호선,광화문,39458,40731,80189
330,20200107,5호선,종로3가,15853,15282,31135
331,20200107,5호선,을지로4가,6467,6547,13014
332,20200107,5호선,동대문역사문화공원,3593,4120,7713
333,20200107,5호선,청구,4591,4199,8790
334,20200107,5호선,신금호,7060,7211,14271
335,20200107,5호선,행당,9397,8465,17862
336,20200107,5호선,왕십리,5204,5885,11089
337,20200107,5호선,마장,6581,6292,12873
338,20200107,5호선,답십리,17755,16442,34197
339,20200107,5호선,장한평,20175,20133,40308
340,20200107,5호선,군자,11920,13015,24935
341,20200107,5호선,아차산,14728,14428,29156
342,20200107,5호선,광나루,14711,13298,28009
343,20200107,5호선,천호,19887,20739,40626
344,20200107,5호선,강동,22737,20189,42926
345,20200107,5호선,길동,8160,8680,16840
346,20200107,5호선,굽은다리,10177,9973,20150
347,20200107,5호선,명일,9442,10008,19450
348,20200107,5호선,고덕,10791,10680,21471
349,20200107,5호선,상일동,16707,14338,31045
350,20200107,5호선,둔촌동,9652,9870,19522
351,20200107,5호선,올림픽공원,4438,3928,8366
352,20200107,5호선,방이,8250,8556,16806
353,20200107,5호선,오금,4004,3952,7956
354,20200107,5호선,개롱,7582,7863,15445
355,20200107,5호선,거여,8568,8051,16619
356,20200107,5호선,마천,5355,5357,10712
357,20200108,5호선,방화,7989,7514,15503
358,20200108,5호선,개화산,6564,6131,12695
359,20200108,5호선,김포공항,8942,8541,17483
360,20200108,5호선,송정,8260,7474,15734
361,20200108,5호선,마곡,8481,7976,16457
362,20200108,5호선,발산,22721,23112,45833
363,20200108,5호선,우장산,17225,17168,34393
364,20200108,5호선,화곡,33420,31114,64534
365,20200108,5호선,까치산,33322,31879,65201
366,20200108,5호선,신정,15893,12316,28209
367,20200108,5호선,목동,20896,22490,43386
368,20200108,5호선,오목교,27595,29878,57473
369,20200108,5호선,양평,8191,8009,16200
370,20200108,5호선,영등포구청,4454,4506,8960
371,20200108,5호선,영등포시장,11360,11910,23270
372,20200108,5호선,신길,4096,4576,8672
373,20200108,5호선,여의도,31271,32961,64232
374,20200108,5호선,여의나루,8288,8657,16945
375,20200108,5호선,마포,17248,17501,34749
376,20200108,5호선,공덕,16580,17688,34268
377,20200108,5호선,애오개,8497,8573,17070
378,20200108,5호선,충정로,5556,5650,11206
379,20200108,5호선,서대문,21973,22634,44607
380,20200108,5호선,광화문,39937,42556,82493
381,20200108,5호선,종로3가,17616,16920,34536
382,20200108,5호선,을지로4가,6898,7016,13914
383,20200108,5호선,동대문역사문화공원,3516,4192,7708
384,20200108,5호선,청구,4809,4417,9226
385,20200108,5호선,신금호,7307,7398,14705
386,20200108,5호선,행당,9988,8849,18837
387,20200108,5호선,왕십리,5412,6244,11656
388,20200108,5호선,마장,6849,6370,13219
389,20200108,5호선,답십리,18614,16895,35509
390,20200108,5호선,장한평,21542,21531,43073
391,20200108,5호선,군자,12692,13614,26306
392,20200108,5호선,아차산,15532,15158,30690
393,20200108,5호선,광나루,15571,13917,29488
394,20200108,5호선,천호,21288,22057,43345
395,20200108,5호선,강동,23060,20300,43360
396,20200108,5호선,길동,8528,9184,17712
397,20200108,5호선,굽은다리,10648,10214,20862
398,20200108,5호선,명일,9982,10411,20393
399,20200108,5호선,고덕,11263,11058,22321
400,20200108,5호선,상일동,17689,14902,32591
401,20200108,5호선,둔촌동,10005,10392,20397
402,20200108,5호선,올림픽공원,4880,4202,9082
403,20200108,5호선,방이,8571,8981,17552
404,20200108,5호선,오금,4061,4067,8128
405,20200108,5호선,개롱,7970,8145,16115
406,20200108,5호선,거여,9020,8409,17429
407,20200108,5호선,마천,5727,5642,11369
408,20200109,5호선,방화,8039,7677,15716
409,20200109,5호선,개화산,6585,6178,12763
410,20200109,5호선,김포공항,8901,8697,17598
411,20200109,5호선,송정,8280,7665,15945
412,20200109,5호선,마곡,8619,8090,16709
413,20200109,5호선,발산,22797,22874,45671
414,20200109,5호선,우장산,17112,16862,33974
415,20200109,5호선,화곡,33815,31383,65198
416,20200109,5호선,까치산,33710,32270,65980
417,20200109,5호선,신정,15867,12351,28218
418,20200109,5호선,목동,20975,22686,43661
419,20200109,5호선,오목교,27714,29835,57549
420,20200109,5호선,양평,8256,8172,16428
421,20200109,5호선,영등포구청,4346,4568,8914
422,20200109,5호선,영등포시장,11257,11652,22909
423,20200109,5호선,신길,4011,4562,8573
424,20200109,5호선,여의도,31251,33186,64437
425,20200109,5호선,여의나루,8100,8675,16775
426,20200109,5호선,마포,17356,17840,35196
427,20200109,5호선,공덕,16925,18163,35088
428,20200109,5호선,애오개,8533,8565,17098
429,20200109,5호선,충정로,5500,5732,11232
430,20200109,5호선,서대문,21785,22616,44401
431,20200109,5호선,광화문,40484,42765,83249
432,20200109,5호선,종로3가,18461,17424,35885
433,20200109,5호선,을지로4가,7084,7145,14229
434,20200109,5호선,동대문역사문화공원,3471,4199,7670
435,20200109,5호선,청구,4797,4337,9134
436,20200109,5호선,신금호,7273,7262,14535
437,20200109,5호선,행당,9939,8837,18776
438,20200109,5호선,왕십리,5501,6200,11701
439,20200109,5호선,마장,6824,6481,13305
440,20200109,5호선,답십리,18563,16869,35432
441,20200109,5호선,장한평,21702,21587,43289
442,20200109,5호선,군자,12429,13665,26094
443,20200109,5호선,아차산,15726,15277,31003
444,20200109,5호선,광나루,15582,13973,29555
445,20200109,5호선,천호,21594,22790,44384
446,20200109,5호선,강동,23339,20499,43838
447,20200109,5호선,길동,8716,9177,17893
448,20200109,5호선,굽은다리,10913,10341,21254
449,20200109,5호선,명일,9892,10419,20311
450,20200109,5호선,고덕,11064,11022,22086
451,20200109,5호선,상일동,17902,15203,33105
452,20200109,5호선,둔촌동,10366,10186,20552
453,20200109,5호선,올림픽공원,5037,4188,9225
454,20200109,5호선,방이,8895,9238,18133
455,20200109,5호선,오금,4196,4163,8359
456,20200109,5호선,개롱,7954,8028,15982
457,20200109,5호선,거여,8939,8324,17263
458,20200109,5호선,마천,5751,5815,11566
459,20200110,5호선,방화,8466,7838,16304
460,20200110,5호선,개화산,6643,6222,12865
461,20200110,5호선,김포공항,9665,8902,18567
462,20200110,5호선,송정,8540,7822,16362
463,20200110,5호선,마곡,8810,8095,16905
464,20200110,5호선,발산,22970,23719,46689
465,20200110,5호선,우장산,17477,17084,34561
466,20200110,5호선,화곡,34389,31589,65978
467,20200110,5호선,까치산,34840,32695,67535
468,20200110,5호선,신정,16020,11996,28016
469,20200110,5호선,목동,21575,23431,45006
470,20200110,5호선,오목교,28771,31151,59922
471,20200110,5호선,양평,8420,8220,16640
472,20200110,5호선,영등포구청,4456,4576,9032
473,20200110,5호선,영등포시장,12015,12258,24273
474,20200110,5호선,신길,4222,4695,8917
475,20200110,5호선,여의도,31353,33542,64895
476,20200110,5호선,여의나루,8832,8933,17765
477,20200110,5호선,마포,17815,18397,36212
478,20200110,5호선,공덕,17257,18742,35999
479,20200110,5호선,애오개,8679,8663,17342
480,20200110,5호선,충정로,5463,5505,10968
481,20200110,5호선,서대문,21942,22742,44684
482,20200110,5호선,광화문,41489,44117,85606
483,20200110,5호선,종로3가,19222,19230,38452
484,20200110,5호선,을지로4가,7024,7313,14337
485,20200110,5호선,동대문역사문화공원,3442,4152,7594
486,20200110,5호선,청구,4928,4550,9478
487,20200110,5호선,신금호,7513,7353,14866
488,20200110,5호선,행당,10088,8812,18900
489,20200110,5호선,왕십리,5600,6476,12076
490,20200110,5호선,마장,7239,6826,14065
491,20200110,5호선,답십리,18871,17022,35893
492,20200110,5호선,장한평,22384,22216,44600
493,20200110,5호선,군자,13059,14511,27570
494,20200110,5호선,아차산,16334,15614,31948
495,20200110,5호선,광나루,16420,14702,31122
496,20200110,5호선,천호,22945,23989,46934
497,20200110,5호선,강동,23829,20628,44457
498,20200110,5호선,길동,8931,9478,18409
499,20200110,5호선,굽은다리,10804,10149,20953
500,20200110,5호선,명일,10492,10639,21131
501,20200110,5호선,고덕,11337,11035,22372
502,20200110,5호선,상일동,18066,14948,33014
503,20200110,5호선,둔촌동,10054,10264,20318
504,20200110,5호선,올림픽공원,5100,4267,9367
505,20200110,5호선,방이,9033,9456,18489
506,20200110,5호선,오금,4188,4143,8331
507,20200110,5호선,개롱,8180,8223,16403
508,20200110,5호선,거여,9255,8589,17844
509,20200110,5호선,마천,5987,5879,11866
510,20200111,5호선,방화,5759,5481,11240
511,20200111,5호선,개화산,4632,4354,8986
512,20200111,5호선,김포공항,8613,8713,17326
513,20200111,5호선,송정,6567,6157,12724
514,20200111,5호선,마곡,4443,4162,8605
515,20200111,5호선,발산,15786,16602,32388
516,20200111,5호선,우장산,12693,12405,25098
517,20200111,5호선,화곡,24661,22687,47348
518,20200111,5호선,까치산,25998,24629,50627
519,20200111,5호선,신정,10932,8855,19787
520,20200111,5호선,목동,14581,14879,29460
521,20200111,5호선,오목교,22043,23223,45266
522,20200111,5호선,양평,4350,4041,8391
523,20200111,5호선,영등포구청,2236,2248,4484
524,20200111,5호선,영등포시장,9743,10374,20117
525,20200111,5호선,신길,2664,2947,5611
526,20200111,5호선,여의도,10420,11741,22161
527,20200111,5호선,여의나루,4751,4815,9566
528,20200111,5호선,마포,9355,9470,18825
529,20200111,5호선,공덕,9097,9620,18717
530,20200111,5호선,애오개,4721,4481,9202
531,20200111,5호선,충정로,2574,2302,4876
532,20200111,5호선,서대문,10915,10558,21473
533,20200111,5호선,광화문,41381,40584,81965
534,20200111,5호선,종로3가,19129,18754,37883
535,20200111,5호선,을지로4가,4470,5135,9605
536,20200111,5호선,동대문역사문화공원,1444,1834,3278
537,20200111,5호선,청구,3234,2860,6094
538,20200111,5호선,신금호,5305,5254,10559
539,20200111,5호선,행당,6929,5969,12898
540,20200111,5호선,왕십리,4134,5392,9526
541,20200111,5호선,마장,5235,5226,10461
542,20200111,5호선,답십리,12637,11457,24094
543,20200111,5호선,장한평,14529,14452,28981
544,20200111,5호선,군자,9733,10892,20625
545,20200111,5호선,아차산,13828,12972,26800
546,20200111,5호선,광나루,11632,10740,22372
547,20200111,5호선,천호,20727,20892,41619
548,20200111,5호선,강동,18416,15609,34025
549,20200111,5호선,길동,6584,6857,13441
550,20200111,5호선,굽은다리,8605,8104,16709
551,20200111,5호선,명일,7299,7098,14397
552,20200111,5호선,고덕,8124,7811,15935
553,20200111,5호선,상일동,12517,11119,23636
554,20200111,5호선,둔촌동,7308,7675,14983
555,20200111,5호선,올림픽공원,3735,3249,6984
556,20200111,5호선,방이,6443,6411,12854
557,20200111,5호선,오금,2804,2626,5430
558,20200111,5호선,개롱,5551,5757,11308
559,20200111,5호선,거여,6528,5943,12471
560,20200111,5호선,마천,4724,4754,9478
561,20200112,5호선,방화,4370,4299,8669
562,20200112,5호선,개화산,3274,3381,6655
563,20200112,5호선,김포공항,7210,7102,14312
564,20200112,5호선,송정,4775,4748,9523
565,20200112,5호선,마곡,2793,2760,5553
566,20200112,5호선,발산,9752,10187,19939
567,20200112,5호선,우장산,8365,8615,16980
568,20200112,5호선,화곡,17054,16323,33377
569,20200112,5호선,까치산,18850,18161,37011
570,20200112,5호선,신정,7456,6635,14091
571,20200112,5호선,목동,9526,9865,19391
572,20200112,5호선,오목교,14935,15458,30393
573,20200112,5호선,양평,2780,2777,5557
574,20200112,5호선,영등포구청,1453,1430,2883
575,20200112,5호선,영등포시장,6493,6761,13254
576,20200112,5호선,신길,1817,1871,3688
577,20200112,5호선,여의도,6524,6856,13380
578,20200112,5호선,여의나루,4258,4260,8518
579,20200112,5호선,마포,5785,6057,11842
580,20200112,5호선,공덕,5497,5541,11038
581,20200112,5호선,애오개,3299,3342,6641
582,20200112,5호선,충정로,1648,1688,3336
583,20200112,5호선,서대문,6793,6724,13517
584,20200112,5호선,광화문,18014,18430,36444
585,20200112,5호선,종로3가,12921,11039,23960
586,20200112,5호선,을지로4가,1882,2130,4012
587,20200112,5호선,동대문역사문화공원,927,1138,2065
588,20200112,5호선,청구,2074,1908,3982
589,20200112,5호선,신금호,3627,3781,7408
590,20200112,5호선,행당,4885,4475,9360
591,20200112,5호선,왕십리,2959,3396,6355
592,20200112,5호선,마장,3797,3824,7621
593,20200112,5호선,답십리,9016,8331,17347
594,20200112,5호선,장한평,9937,9940,19877
595,20200112,5호선,군자,6894,7825,14719
596,20200112,5호선,아차산,10998,11013,22011
597,20200112,5호선,광나루,9212,8957,18169
598,20200112,5호선,천호,15236,14906,30142
599,20200112,5호선,강동,12771,11820,24591
600,20200112,5호선,길동,4706,4749,9455
601,20200112,5호선,굽은다리,6122,5783,11905
602,20200112,5호선,명일,5506,5538,11044
603,20200112,5호선,고덕,4616,4609,9225
604,20200112,5호선,상일동,8299,8017,16316
605,20200112,5호선,둔촌동,6121,6248,12369
606,20200112,5호선,올림픽공원,2251,2087,4338
607,20200112,5호선,방이,4734,4605,9339
608,20200112,5호선,오금,1787,1766,3553
609,20200112,5호선,개롱,3688,4028,7716
610,20200112,5호선,거여,4347,4226,8573
611,20200112,5호선,마천,3537,3924,7461
612,20200113,5호선,방화,7803,7379,15182
613,20200113,5호선,개화산,6490,6177,12667
614,20200113,5호선,김포공항,8645,8371,17016
615,20200113,5호선,송정,8256,7501,15757
616,20200113,5호선,마곡,8500,8082,16582
617,20200113,5호선,발산,21973,22138,44111
618,20200113,5호선,우장산,17014,16903,33917
619,20200113,5호선,화곡,33494,31097,64591
620,20200113,5호선,까치산,33264,31960,65224
621,20200113,5호선,신정,15735,11974,27709
622,20200113,5호선,목동,20485,22621,43106
623,20200113,5호선,오목교,27115,29092,56207
624,20200113,5호선,양평,8255,8211,16466
625,20200113,5호선,영등포구청,4546,4566,9112
626,20200113,5호선,영등포시장,11124,11477,22601
627,20200113,5호선,신길,4062,4570,8632
628,20200113,5호선,여의도,30895,32564,63459
629,20200113,5호선,여의나루,8060,8679,16739
630,20200113,5호선,마포,16972,17558,34530
631,20200113,5호선,공덕,16435,17653,34088
632,20200113,5호선,애오개,8365,8513,16878
633,20200113,5호선,충정로,5507,5662,11169
634,20200113,5호선,서대문,21708,22397,44105
635,20200113,5호선,광화문,39397,41147,80544
636,20200113,5호선,종로3가,17433,16612,34045
637,20200113,5호선,을지로4가,6934,7080,14014
638,20200113,5호선,동대문역사문화공원,3661,4142,7803
639,20200113,5호선,청구,4740,4356,9096
640,20200113,5호선,신금호,7117,7177,14294
641,20200113,5호선,행당,9455,8499,17954
642,20200113,5호선,왕십리,5344,6079,11423
643,20200113,5호선,마장,7083,6766,13849
644,20200113,5호선,답십리,18382,16774,35156
645,20200113,5호선,장한평,20581,20711,41292
646,20200113,5호선,군자,12173,13297,25470
647,20200113,5호선,아차산,15070,14974,30044
648,20200113,5호선,광나루,15048,13411,28459
649,20200113,5호선,천호,20833,22047,42880
650,20200113,5호선,강동,23202,20399,43601
651,20200113,5호선,길동,8595,9235,17830
652,20200113,5호선,굽은다리,10510,10043,20553
653,20200113,5호선,명일,9738,10321,20059
654,20200113,5호선,고덕,10737,10849,21586
655,20200113,5호선,상일동,18073,15333,33406
656,20200113,5호선,둔촌동,9538,9824,19362
657,20200113,5호선,올림픽공원,4706,4120,8826
658,20200113,5호선,방이,8328,8483,16811
659,20200113,5호선,오금,4047,4042,8089
660,20200113,5호선,개롱,7679,7910,15589
661,20200113,5호선,거여,8687,8066,16753
662,20200113,5호선,마천,5817,5875,11692
663,20200114,5호선,마천,5917,5871,11788
664,20200114,5호선,거여,8931,8349,17280
665,20200114,5호선,개롱,7852,7991,15843
666,20200114,5호선,오금,4049,4037,8086
667,20200114,5호선,방이,8365,8718,17083
668,20200114,5호선,올림픽공원,4650,4137,8787
669,20200114,5호선,둔촌동,9847,10072,19919
670,20200114,5호선,상일동,17712,14963,32675
671,20200114,5호선,고덕,10964,10996,21960
672,20200114,5호선,명일,9966,10311,20277
673,20200114,5호선,굽은다리,10735,10332,21067
674,20200114,5호선,길동,8411,9003,17414
675,20200114,5호선,강동,23767,20648,44415
676,20200114,5호선,천호,21190,22135,43325
677,20200114,5호선,광나루,15258,13653,28911
678,20200114,5호선,아차산,15911,15425,31336
679,20200114,5호선,군자,12413,13516,25929
680,20200114,5호선,장한평,20957,20980,41937
681,20200114,5호선,답십리,18656,17111,35767
682,20200114,5호선,마장,7133,6823,13956
683,20200114,5호선,왕십리,5379,6104,11483
684,20200114,5호선,행당,9564,8589,18153
685,20200114,5호선,신금호,7278,7275,14553
686,20200114,5호선,청구,4843,4457,9300
687,20200114,5호선,동대문역사문화공원,3654,4278,7932
688,20200114,5호선,을지로4가,7046,7307,14353
689,20200114,5호선,종로3가,17930,16955,34885
690,20200114,5호선,광화문,41413,43610,85023
691,20200114,5호선,서대문,21895,22754,44649
692,20200114,5호선,충정로,5631,5802,11433
693,20200114,5호선,애오개,8568,8593,17161
694,20200114,5호선,공덕,16934,18077,35011
695,20200114,5호선,마포,17578,18105,35683
696,20200114,5호선,여의나루,8435,8729,17164
697,20200114,5호선,여의도,31223,33028,64251
698,20200114,5호선,신길,3951,4504,8455
699,20200114,5호선,영등포시장,11311,11784,23095
700,20200114,5호선,영등포구청,4533,4597,9130
701,20200114,5호선,양평,8377,8332,16709
702,20200114,5호선,오목교,27752,29853,57605
703,20200114,5호선,목동,20935,22495,43430
704,20200114,5호선,신정,15759,12039,27798
705,20200114,5호선,까치산,33658,32061,65719
706,20200114,5호선,화곡,33445,31160,64605
707,20200114,5호선,우장산,17293,17179,34472
708,20200114,5호선,발산,22432,22631,45063
709,20200114,5호선,마곡,8515,8041,16556
710,20200114,5호선,송정,8314,7623,15937
711,20200114,5호선,김포공항,8755,8330,17085
712,20200114,5호선,개화산,6544,6161,12705
713,20200114,5호선,방화,8080,7741,15821
714,20200115,5호선,방화,7982,7528,15510
715,20200115,5호선,개화산,6610,6309,12919
716,20200115,5호선,김포공항,8933,8556,17489
717,20200115,5호선,송정,8419,7648,16067
718,20200115,5호선,마곡,8797,8243,17040
719,20200115,5호선,발산,22680,22999,45679
720,20200115,5호선,우장산,17319,17027,34346
721,20200115,5호선,화곡,33848,31609,65457
722,20200115,5호선,까치산,34096,32490,66586
723,20200115,5호선,신정,15847,12199,28046
724,20200115,5호선,목동,20893,23035,43928
725,20200115,5호선,오목교,27735,29949,57684
726,20200115,5호선,양평,8320,8286,16606
727,20200115,5호선,영등포구청,4480,4531,9011
728,20200115,5호선,영등포시장,11348,11813,23161
729,20200115,5호선,신길,4166,4669,8835
730,20200115,5호선,여의도,32077,33483,65560
731,20200115,5호선,여의나루,8547,8831,17378
732,20200115,5호선,마포,17695,18314,36009
733,20200115,5호선,공덕,17140,18211,35351
734,20200115,5호선,애오개,8612,8826,17438
735,20200115,5호선,충정로,5753,5920,11673
736,20200115,5호선,서대문,22359,22735,45094
737,20200115,5호선,광화문,41438,43686,85124
738,20200115,5호선,종로3가,18195,17570,35765
739,20200115,5호선,을지로4가,7017,7252,14269
740,20200115,5호선,동대문역사문화공원,3519,4254,7773
741,20200115,5호선,청구,4894,4504,9398
742,20200115,5호선,신금호,7398,7325,14723
743,20200115,5호선,행당,9826,8629,18455
744,20200115,5호선,왕십리,5593,6207,11800
745,20200115,5호선,마장,7280,7034,14314
746,20200115,5호선,답십리,18755,17210,35965
747,20200115,5호선,장한평,21780,21638,43418
748,20200115,5호선,군자,12683,13949,26632
749,20200115,5호선,아차산,15767,15411,31178
750,20200115,5호선,광나루,15687,13769,29456
751,20200115,5호선,천호,21434,22434,43868
752,20200115,5호선,강동,23239,20460,43699
753,20200115,5호선,길동,8822,9379,18201
754,20200115,5호선,굽은다리,10693,10236,20929
755,20200115,5호선,명일,10041,10613,20654
756,20200115,5호선,고덕,11230,11190,22420
757,20200115,5호선,상일동,18031,15307,33338
758,20200115,5호선,둔촌동,10017,10326,20343
759,20200115,5호선,올림픽공원,4775,4175,8950
760,20200115,5호선,방이,8657,8983,17640
761,20200115,5호선,오금,4222,4091,8313
762,20200115,5호선,개롱,7889,8072,15961
763,20200115,5호선,거여,8960,8327,17287
764,20200115,5호선,마천,5884,5853,11737
765,20200116,5호선,마천,5771,5813,11584
766,20200116,5호선,거여,9060,8438,17498
767,20200116,5호선,개롱,7874,8078,15952
768,20200116,5호선,오금,4105,4205,8310
769,20200116,5호선,방이,8821,8908,17729
770,20200116,5호선,올림픽공원,4748,4080,8828
771,20200116,5호선,둔촌동,9727,9908,19635
772,20200116,5호선,상일동,17994,15273,33267
773,20200116,5호선,고덕,10945,10918,21863
774,20200116,5호선,명일,9945,10272,20217
775,20200116,5호선,굽은다리,10778,10300,21078
776,20200116,5호선,길동,8657,9189,17846
777,20200116,5호선,강동,23570,20983,44553
778,20200116,5호선,천호,21809,22693,44502
779,20200116,5호선,광나루,15504,13769,29273
780,20200116,5호선,아차산,15847,15344,31191
781,20200116,5호선,군자,12574,13724,26298
782,20200116,5호선,장한평,21595,21444,43039
783,20200116,5호선,답십리,18495,16950,35445
784,20200116,5호선,마장,7279,6979,14258
785,20200116,5호선,왕십리,5460,6050,11510
786,20200116,5호선,행당,9593,8557,18150
787,20200116,5호선,신금호,7273,7318,14591
788,20200116,5호선,청구,4837,4483,9320
789,20200116,5호선,동대문역사문화공원,3643,4344,7987
790,20200116,5호선,을지로4가,7065,7424,14489
791,20200116,5호선,종로3가,18528,17750,36278
792,20200116,5호선,광화문,40526,42927,83453
793,20200116,5호선,서대문,21586,22442,44028
794,20200116,5호선,충정로,5616,5833,11449
795,20200116,5호선,애오개,8763,8960,17723
796,20200116,5호선,공덕,17076,18481,35557
797,20200116,5호선,마포,17433,17934,35367
798,20200116,5호선,여의나루,8401,8725,17126
799,20200116,5호선,여의도,31896,33709,65605
800,20200116,5호선,신길,4091,4565,8656
801,20200116,5호선,영등포시장,11459,12030,23489
802,20200116,5호선,영등포구청,4474,4612,9086
803,20200116,5호선,양평,8266,8221,16487
804,20200116,5호선,오목교,28575,30739,59314
805,20200116,5호선,목동,21198,22780,43978
806,20200116,5호선,신정,15893,12121,28014
807,20200116,5호선,까치산,34035,32337,66372
808,20200116,5호선,화곡,33978,31372,65350
809,20200116,5호선,우장산,17422,17204,34626
810,20200116,5호선,발산,22913,23243,46156
811,20200116,5호선,마곡,8751,8197,16948
812,20200116,5호선,송정,8411,7693,16104
813,20200116,5호선,김포공항,8951,8407,17358
814,20200116,5호선,개화산,6519,6095,12614
815,20200116,5호선,방화,8003,7607,15610
816,20200117,5호선,방화,8180,7626,15806
817,20200117,5호선,개화산,6784,6363,13147
818,20200117,5호선,김포공항,9390,8534,17924
819,20200117,5호선,송정,8494,7791,16285
820,20200117,5호선,마곡,8951,8294,17245
821,20200117,5호선,발산,22847,23752,46599
822,20200117,5호선,우장산,17712,17218,34930
823,20200117,5호선,화곡,34452,31420,65872
824,20200117,5호선,까치산,34714,32766,67480
825,20200117,5호선,신정,16037,12085,28122
826,20200117,5호선,목동,21698,23515,45213
827,20200117,5호선,오목교,28714,31222,59936
828,20200117,5호선,양평,8497,8169,16666
829,20200117,5호선,영등포구청,4652,4621,9273
830,20200117,5호선,영등포시장,11984,12496,24480
831,20200117,5호선,신길,4157,4534,8691
832,20200117,5호선,여의도,31482,33600,65082
833,20200117,5호선,여의나루,8766,8835,17601
834,20200117,5호선,마포,17772,18507,36279
835,20200117,5호선,공덕,17538,19055,36593
836,20200117,5호선,애오개,8741,8717,17458
837,20200117,5호선,충정로,5541,5511,11052
838,20200117,5호선,서대문,21710,22215,43925
839,20200117,5호선,광화문,40897,43651,84548
840,20200117,5호선,종로3가,19588,19477,39065
841,20200117,5호선,을지로4가,7010,7396,14406
842,20200117,5호선,동대문역사문화공원,3559,4424,7983
843,20200117,5호선,청구,4923,4524,9447
844,20200117,5호선,신금호,7695,7569,15264
845,20200117,5호선,행당,9806,8537,18343
846,20200117,5호선,왕십리,5522,6519,12041
847,20200117,5호선,마장,7533,7299,14832
848,20200117,5호선,답십리,18938,17213,36151
849,20200117,5호선,장한평,22346,22277,44623
850,20200117,5호선,군자,12916,14129,27045
851,20200117,5호선,아차산,16147,15468,31615
852,20200117,5호선,광나루,15913,13934,29847
853,20200117,5호선,천호,22790,24064,46854
854,20200117,5호선,강동,23884,20545,44429
855,20200117,5호선,길동,9133,9736,18869
856,20200117,5호선,굽은다리,10921,10347,21268
857,20200117,5호선,명일,10178,10433,20611
858,20200117,5호선,고덕,11302,10832,22134
859,20200117,5호선,상일동,18106,14965,33071
860,20200117,5호선,둔촌동,10281,10416,20697
861,20200117,5호선,올림픽공원,5384,4953,10337
862,20200117,5호선,방이,8784,9098,17882
863,20200117,5호선,오금,4101,4067,8168
864,20200117,5호선,개롱,8057,8114,16171
865,20200117,5호선,거여,9356,8462,17818
866,20200117,5호선,마천,5993,5849,11842
867,20200118,5호선,방화,5832,5542,11374
868,20200118,5호선,개화산,4551,4331,8882
869,20200118,5호선,김포공항,8201,8178,16379
870,20200118,5호선,송정,6530,5969,12499
871,20200118,5호선,마곡,4359,4133,8492
872,20200118,5호선,발산,14887,15825,30712
873,20200118,5호선,우장산,12581,12206,24787
874,20200118,5호선,화곡,24754,22659,47413
875,20200118,5호선,까치산,25808,24538,50346
876,20200118,5호선,신정,10847,8786,19633
877,20200118,5호선,목동,14512,14978,29490
878,20200118,5호선,오목교,21174,22061,43235
879,20200118,5호선,양평,4187,4016,8203
880,20200118,5호선,영등포구청,2359,2291,4650
881,20200118,5호선,영등포시장,9685,10163,19848
882,20200118,5호선,신길,2615,2838,5453
883,20200118,5호선,여의도,10419,11583,22002
884,20200118,5호선,여의나루,4908,4867,9775
885,20200118,5호선,마포,9336,9459,18795
886,20200118,5호선,공덕,9261,9799,19060
887,20200118,5호선,애오개,4769,4650,9419
888,20200118,5호선,충정로,2419,2197,4616
889,20200118,5호선,서대문,10577,10539,21116
890,20200118,5호선,광화문,31673,32961,64634
891,20200118,5호선,종로3가,18850,18477,37327
892,20200118,5호선,을지로4가,4396,5043,9439
893,20200118,5호선,동대문역사문화공원,1437,2030,3467
894,20200118,5호선,청구,3206,2878,6084
895,20200118,5호선,신금호,5119,5105,10224
896,20200118,5호선,행당,6681,5633,12314
897,20200118,5호선,왕십리,4163,5164,9327
898,20200118,5호선,마장,5627,5524,11151
899,20200118,5호선,답십리,12627,11564,24191
900,20200118,5호선,장한평,14158,13997,28155
901,20200118,5호선,군자,9904,11001,20905
902,20200118,5호선,아차산,13424,13016,26440
903,20200118,5호선,광나루,12484,11146,23630
904,20200118,5호선,천호,20075,20179,40254
905,20200118,5호선,강동,17408,15256,32664
906,20200118,5호선,길동,6836,6999,13835
907,20200118,5호선,굽은다리,8375,7673,16048
908,20200118,5호선,명일,7010,6942,13952
909,20200118,5호선,고덕,7194,6833,14027
910,20200118,5호선,상일동,11636,10113,21749
911,20200118,5호선,둔촌동,7772,7789,15561
912,20200118,5호선,올림픽공원,4843,5534,10377
913,20200118,5호선,방이,6773,6459,13232
914,20200118,5호선,오금,2623,2528,5151
915,20200118,5호선,개롱,5478,5724,11202
916,20200118,5호선,거여,6428,5876,12304
917,20200118,5호선,마천,4985,4853,9838
918,20200119,5호선,방화,4342,4229,8571
919,20200119,5호선,개화산,3232,3330,6562
920,20200119,5호선,김포공항,7055,7103,14158
921,20200119,5호선,송정,4556,4531,9087
922,20200119,5호선,마곡,2782,2747,5529
923,20200119,5호선,발산,9008,9431,18439
924,20200119,5호선,우장산,8191,8315,16506
925,20200119,5호선,화곡,16970,15803,32773
926,20200119,5호선,까치산,18891,17955,36846
927,20200119,5호선,신정,7403,6417,13820
928,20200119,5호선,목동,9433,9773,19206
929,20200119,5호선,오목교,14323,15134,29457
930,20200119,5호선,양평,3018,2930,5948
931,20200119,5호선,영등포구청,1478,1436,2914
932,20200119,5호선,영등포시장,6230,6382,12612
933,20200119,5호선,신길,1798,1899,3697
934,20200119,5호선,여의도,6460,6910,13370
935,20200119,5호선,여의나루,3809,3787,7596
936,20200119,5호선,마포,5649,5614,11263
937,20200119,5호선,공덕,5408,5555,10963
938,20200119,5호선,애오개,3266,3354,6620
939,20200119,5호선,충정로,1754,1644,3398
940,20200119,5호선,서대문,6356,6081,12437
941,20200119,5호선,광화문,16170,16168,32338
942,20200119,5호선,종로3가,12097,10381,22478
943,20200119,5호선,을지로4가,1840,2093,3933
944,20200119,5호선,동대문역사문화공원,960,1150,2110
945,20200119,5호선,청구,2310,2062,4372
946,20200119,5호선,신금호,3524,3751,7275
947,20200119,5호선,행당,4693,4189,8882
948,20200119,5호선,왕십리,3004,3684,6688
949,20200119,5호선,마장,3998,3855,7853
950,20200119,5호선,답십리,8990,8365,17355
951,20200119,5호선,장한평,10063,9797,19860
952,20200119,5호선,군자,7106,8030,15136
953,20200119,5호선,아차산,10542,10100,20642
954,20200119,5호선,광나루,9996,9712,19708
955,20200119,5호선,천호,15059,14771,29830
956,20200119,5호선,강동,12032,11175,23207
957,20200119,5호선,길동,4523,4859,9382
958,20200119,5호선,굽은다리,6303,5951,12254
959,20200119,5호선,명일,5378,5374,10752
960,20200119,5호선,고덕,4572,4562,9134
961,20200119,5호선,상일동,7578,7169,14747
962,20200119,5호선,둔촌동,6417,6421,12838
963,20200119,5호선,올림픽공원,2741,2570,5311
964,20200119,5호선,방이,4712,4589,9301
965,20200119,5호선,오금,1844,1759,3603
966,20200119,5호선,개롱,3734,3988,7722
967,20200119,5호선,거여,4279,4230,8509
968,20200119,5호선,마천,3460,3726,7186
969,20200120,5호선,마천,5834,5769,11603
970,20200120,5호선,거여,8792,8267,17059
971,20200120,5호선,개롱,7685,8039,15724
972,20200120,5호선,오금,4080,4145,8225
973,20200120,5호선,방이,8611,8633,17244
974,20200120,5호선,올림픽공원,4811,4243,9054
975,20200120,5호선,둔촌동,9533,9862,19395
976,20200120,5호선,상일동,17872,15069,32941
977,20200120,5호선,고덕,10757,10727,21484
978,20200120,5호선,명일,9902,10344,20246
979,20200120,5호선,굽은다리,10614,10048,20662
980,20200120,5호선,길동,8851,9463,18314
981,20200120,5호선,강동,23284,20361,43645
982,20200120,5호선,천호,21146,22051,43197
983,20200120,5호선,광나루,15458,13741,29199
984,20200120,5호선,아차산,15301,14859,30160
985,20200120,5호선,군자,12347,13485,25832
986,20200120,5호선,장한평,20878,20793,41671
987,20200120,5호선,답십리,18622,17018,35640
988,20200120,5호선,마장,7391,7206,14597
989,20200120,5호선,왕십리,5430,5931,11361
990,20200120,5호선,행당,9407,8541,17948
991,20200120,5호선,신금호,7282,7270,14552
992,20200120,5호선,청구,4780,4441,9221
993,20200120,5호선,동대문역사문화공원,3539,4213,7752
994,20200120,5호선,을지로4가,7061,7306,14367
995,20200120,5호선,종로3가,17907,16939,34846
996,20200120,5호선,광화문,39496,41465,80961
997,20200120,5호선,서대문,21471,22102,43573
998,20200120,5호선,충정로,5673,5764,11437
999,20200120,5호선,애오개,8518,8631,17149
1000,20200120,5호선,공덕,16926,18023,34949
1001,20200120,5호선,마포,17174,17632,34806
1002,20200120,5호선,여의나루,8480,8997,17477
1003,20200120,5호선,여의도,31351,33026,64377
1004,20200120,5호선,신길,3941,4489,8430
1005,20200120,5호선,영등포시장,11495,11841,23336
1006,20200120,5호선,영등포구청,4519,4589,9108
1007,20200120,5호선,양평,8339,8358,16697
1008,20200120,5호선,오목교,27553,29718,57271
1009,20200120,5호선,목동,21018,22799,43817
1010,20200120,5호선,신정,15799,12185,27984
1011,20200120,5호선,까치산,33978,32230,66208
1012,20200120,5호선,화곡,33921,31731,65652
1013,20200120,5호선,우장산,17411,17222,34633
1014,20200120,5호선,발산,22468,22695,45163
1015,20200120,5호선,마곡,8695,8105,16800
1016,20200120,5호선,송정,8612,7673,16285
1017,20200120,5호선,김포공항,8705,8119,16824
1018,20200120,5호선,개화산,6558,6207,12765
1019,20200120,5호선,방화,7992,7567,15559
1020,20200121,5호선,방화,8043,7615,15658
1021,20200121,5호선,개화산,6621,6273,12894
1022,20200121,5호선,김포공항,8693,8122,16815
1023,20200121,5호선,송정,8241,7677,15918
1024,20200121,5호선,마곡,8693,8187,16880
1025,20200121,5호선,발산,22603,22695,45298
1026,20200121,5호선,우장산,17640,17542,35182
1027,20200121,5호선,화곡,33987,31443,65430
1028,20200121,5호선,까치산,33921,32327,66248
1029,20200121,5호선,신정,15775,12085,27860
1030,20200121,5호선,목동,21214,22636,43850
1031,20200121,5호선,오목교,28014,30234,58248
1032,20200121,5호선,양평,8370,8293,16663
1033,20200121,5호선,영등포구청,4521,4555,9076
1034,20200121,5호선,영등포시장,11304,11906,23210
1035,20200121,5호선,신길,3958,4514,8472
1036,20200121,5호선,여의도,31679,33170,64849
1037,20200121,5호선,여의나루,8420,8783,17203
1038,20200121,5호선,마포,17270,17976,35246
1039,20200121,5호선,공덕,17078,18387,35465
1040,20200121,5호선,애오개,8568,8611,17179
1041,20200121,5호선,충정로,5395,5635,11030
1042,20200121,5호선,서대문,22071,22658,44729
1043,20200121,5호선,광화문,40610,42853,83463
1044,20200121,5호선,종로3가,17599,17102,34701
1045,20200121,5호선,을지로4가,7013,7107,14120
1046,20200121,5호선,동대문역사문화공원,3521,4196,7717
1047,20200121,5호선,청구,4885,4380,9265
1048,20200121,5호선,신금호,7306,7346,14652
1049,20200121,5호선,행당,9688,8597,18285
1050,20200121,5호선,왕십리,5521,6257,11778
1051,20200121,5호선,마장,7484,7174,14658
1052,20200121,5호선,답십리,18806,17061,35867
1053,20200121,5호선,장한평,20929,20752,41681
1054,20200121,5호선,군자,12453,13575,26028
1055,20200121,5호선,아차산,15682,15365,31047
1056,20200121,5호선,광나루,15409,13613,29022
1057,20200121,5호선,천호,21595,22441,44036
1058,20200121,5호선,강동,23324,20686,44010
1059,20200121,5호선,길동,8687,9345,18032
1060,20200121,5호선,굽은다리,10756,10247,21003
1061,20200121,5호선,명일,10128,10462,20590
1062,20200121,5호선,고덕,10924,10960,21884
1063,20200121,5호선,상일동,18130,15132,33262
1064,20200121,5호선,둔촌동,9848,9984,19832
1065,20200121,5호선,올림픽공원,4875,4312,9187
1066,20200121,5호선,방이,8559,8833,17392
1067,20200121,5호선,오금,4149,4154,8303
1068,20200121,5호선,개롱,7908,8059,15967
1069,20200121,5호선,거여,8859,8220,17079
1070,20200121,5호선,마천,5777,5687,11464
1071,20200122,5호선,방화,8013,7534,15547
1072,20200122,5호선,개화산,6496,6261,12757
1073,20200122,5호선,김포공항,8913,8667,17580
1074,20200122,5호선,송정,8325,7375,15700
1075,20200122,5호선,마곡,8533,7980,16513
1076,20200122,5호선,발산,22444,22742,45186
1077,20200122,5호선,우장산,17487,17326,34813
1078,20200122,5호선,화곡,33797,31238,65035
1079,20200122,5호선,까치산,34477,32374,66851
1080,20200122,5호선,신정,15926,12190,28116
1081,20200122,5호선,목동,21085,22659,43744
1082,20200122,5호선,오목교,28005,30346,58351
1083,20200122,5호선,양평,8354,8209,16563
1084,20200122,5호선,영등포구청,4589,4541,9130
1085,20200122,5호선,영등포시장,11358,11885,23243
1086,20200122,5호선,신길,4086,4472,8558
1087,20200122,5호선,여의도,31251,32947,64198
1088,20200122,5호선,여의나루,8729,8942,17671
1089,20200122,5호선,마포,17345,17641,34986
1090,20200122,5호선,공덕,16950,18178,35128
1091,20200122,5호선,애오개,8645,8664,17309
1092,20200122,5호선,충정로,5506,5681,11187
1093,20200122,5호선,서대문,21479,21971,43450
1094,20200122,5호선,광화문,39802,42052,81854
1095,20200122,5호선,종로3가,17061,16553,33614
1096,20200122,5호선,을지로4가,6869,7025,13894
1097,20200122,5호선,동대문역사문화공원,3408,4027,7435
1098,20200122,5호선,청구,4786,4399,9185
1099,20200122,5호선,신금호,7428,7364,14792
1100,20200122,5호선,행당,9802,8575,18377
1101,20200122,5호선,왕십리,5617,6381,11998
1102,20200122,5호선,마장,7691,7413,15104
1103,20200122,5호선,답십리,18904,16928,35832
1104,20200122,5호선,장한평,21721,21686,43407
1105,20200122,5호선,군자,12893,14085,26978
1106,20200122,5호선,아차산,15860,15264,31124
1107,20200122,5호선,광나루,15698,13849,29547
1108,20200122,5호선,천호,21467,22244,43711
1109,20200122,5호선,강동,23055,20035,43090
1110,20200122,5호선,길동,8885,9377,18262
1111,20200122,5호선,굽은다리,10924,10123,21047
1112,20200122,5호선,명일,9920,10244,20164
1113,20200122,5호선,고덕,10945,10827,21772
1114,20200122,5호선,상일동,18303,15111,33414
1115,20200122,5호선,둔촌동,9862,10199,20061
1116,20200122,5호선,올림픽공원,4828,4171,8999
1117,20200122,5호선,방이,8668,8777,17445
1118,20200122,5호선,오금,4235,4199,8434
1119,20200122,5호선,개롱,8217,8227,16444
1120,20200122,5호선,거여,8849,8206,17055
1121,20200122,5호선,마천,5912,5728,11640
1122,20200123,5호선,오목교,26709,29518,56227
1123,20200123,5호선,방화,7643,7027,14670
1124,20200123,5호선,개화산,6329,5882,12211
1125,20200123,5호선,김포공항,9024,9010,18034
1126,20200123,5호선,송정,8072,7028,15100
1127,20200123,5호선,마곡,7973,7055,15028
1128,20200123,5호선,발산,21137,21248,42385
1129,20200123,5호선,우장산,16786,16450,33236
1130,20200123,5호선,화곡,32952,29115,62067
1131,20200123,5호선,까치산,33360,30559,63919
1132,20200123,5호선,신정,15290,11192,26482
1133,20200123,5호선,목동,19693,20866,40559
1134,20200123,5호선,양평,7753,7135,14888
1135,20200123,5호선,영등포구청,4188,4136,8324
1136,20200123,5호선,영등포시장,10843,10894,21737
1137,20200123,5호선,신길,3744,3828,7572
1138,20200123,5호선,여의도,27596,29043,56639
1139,20200123,5호선,여의나루,7895,7556,15451
1140,20200123,5호선,마포,15078,15194,30272
1141,20200123,5호선,공덕,14789,15811,30600
1142,20200123,5호선,애오개,7848,7447,15295
1143,20200123,5호선,충정로,4586,4569,9155
1144,20200123,5호선,서대문,19220,19540,38760
1145,20200123,5호선,광화문,34056,35709,69765
1146,20200123,5호선,종로3가,15424,15670,31094
1147,20200123,5호선,을지로4가,6123,6520,12643
1148,20200123,5호선,동대문역사문화공원,3067,3765,6832
1149,20200123,5호선,청구,4273,3993,8266
1150,20200123,5호선,신금호,6867,6589,13456
1151,20200123,5호선,행당,9252,7623,16875
1152,20200123,5호선,왕십리,5141,6209,11350
1153,20200123,5호선,마장,7380,7137,14517
1154,20200123,5호선,답십리,17552,15354,32906
1155,20200123,5호선,장한평,20106,19454,39560
1156,20200123,5호선,군자,11816,12350,24166
1157,20200123,5호선,아차산,14778,13848,28626
1158,20200123,5호선,광나루,14124,12376,26500
1159,20200123,5호선,천호,21393,22329,43722
1160,20200123,5호선,강동,22095,18521,40616
1161,20200123,5호선,길동,8293,8738,17031
1162,20200123,5호선,굽은다리,10270,9557,19827
1163,20200123,5호선,명일,9223,9492,18715
1164,20200123,5호선,고덕,10302,10126,20428
1165,20200123,5호선,상일동,16833,13674,30507
1166,20200123,5호선,둔촌동,9159,9093,18252
1167,20200123,5호선,올림픽공원,4322,3753,8075
1168,20200123,5호선,방이,7857,8211,16068
1169,20200123,5호선,오금,3576,3663,7239
1170,20200123,5호선,개롱,7151,7077,14228
1171,20200123,5호선,거여,8195,7486,15681
1172,20200123,5호선,마천,5251,5124,10375
1173,20200124,5호선,마천,2531,2694,5225
1174,20200124,5호선,거여,3036,2918,5954
1175,20200124,5호선,개롱,2533,2602,5135
1176,20200124,5호선,오금,1185,1088,2273
1177,20200124,5호선,방이,2527,2410,4937
1178,20200124,5호선,올림픽공원,1507,1316,2823
1179,20200124,5호선,둔촌동,3655,3550,7205
1180,20200124,5호선,상일동,5673,5340,11013
1181,20200124,5호선,고덕,3303,3115,6418
1182,20200124,5호선,명일,3254,3253,6507
1183,20200124,5호선,굽은다리,4368,4004,8372
1184,20200124,5호선,길동,3362,3436,6798
1185,20200124,5호선,강동,8505,7421,15926
1186,20200124,5호선,천호,10583,10243,20826
1187,20200124,5호선,광나루,5437,4848,10285
1188,20200124,5호선,아차산,6989,6355,13344
1189,20200124,5호선,군자,4925,4860,9785
1190,20200124,5호선,장한평,7425,6920,14345
1191,20200124,5호선,답십리,6622,5587,12209
1192,20200124,5호선,마장,2951,2961,5912
1193,20200124,5호선,왕십리,1968,2494,4462
1194,20200124,5호선,행당,3343,2814,6157
1195,20200124,5호선,신금호,2634,2566,5200
1196,20200124,5호선,청구,1718,1356,3074
1197,20200124,5호선,동대문역사문화공원,702,949,1651
1198,20200124,5호선,을지로4가,1438,1639,3077
1199,20200124,5호선,종로3가,8555,7919,16474
1200,20200124,5호선,광화문,9837,9859,19696
1201,20200124,5호선,서대문,4193,3926,8119
1202,20200124,5호선,충정로,974,883,1857
1203,20200124,5호선,애오개,2440,2176,4616
1204,20200124,5호선,공덕,3830,3804,7634
1205,20200124,5호선,마포,4049,3766,7815
1206,20200124,5호선,여의나루,2787,2886,5673
1207,20200124,5호선,여의도,3867,4230,8097
1208,20200124,5호선,신길,1239,1134,2373
1209,20200124,5호선,영등포시장,3863,3649,7512
1210,20200124,5호선,영등포구청,1103,963,2066
1211,20200124,5호선,양평,2272,1832,4104
1212,20200124,5호선,오목교,10590,10781,21371
1213,20200124,5호선,목동,7029,6555,13584
1214,20200124,5호선,신정,6038,4680,10718
1215,20200124,5호선,까치산,15699,13267,28966
1216,20200124,5호선,화곡,13393,11277,24670
1217,20200124,5호선,우장산,6548,6306,12854
1218,20200124,5호선,발산,6678,6649,13327
1219,20200124,5호선,마곡,2106,1919,4025
1220,20200124,5호선,송정,4134,3971,8105
1221,20200124,5호선,김포공항,6517,7277,13794
1222,20200124,5호선,개화산,2662,2598,5260
1223,20200124,5호선,방화,3351,3065,6416
1224,20200125,5호선,방화,3051,2882,5933
1225,20200125,5호선,개화산,2626,2465,5091
1226,20200125,5호선,김포공항,5808,5430,11238
1227,20200125,5호선,송정,3850,3670,7520
1228,20200125,5호선,마곡,1565,1566,3131
1229,20200125,5호선,발산,4423,4602,9025
1230,20200125,5호선,우장산,4754,4828,9582
1231,20200125,5호선,화곡,11710,11448,23158
1232,20200125,5호선,까치산,12829,13151,25980
1233,20200125,5호선,신정,5152,4823,9975
1234,20200125,5호선,목동,5913,6373,12286
1235,20200125,5호선,오목교,6075,6506,12581
1236,20200125,5호선,양평,1646,1574,3220
1237,20200125,5호선,영등포구청,772,704,1476
1238,20200125,5호선,영등포시장,2675,2962,5637
1239,20200125,5호선,신길,921,1065,1986
1240,20200125,5호선,여의도,3100,3446,6546
1241,20200125,5호선,여의나루,3250,3079,6329
1242,20200125,5호선,마포,3315,3346,6661
1243,20200125,5호선,공덕,2972,3099,6071
1244,20200125,5호선,애오개,1873,1931,3804
1245,20200125,5호선,충정로,938,896,1834
1246,20200125,5호선,서대문,3738,3714,7452
1247,20200125,5호선,광화문,14111,13986,28097
1248,20200125,5호선,종로3가,7369,6872,14241
1249,20200125,5호선,을지로4가,954,1064,2018
1250,20200125,5호선,동대문역사문화공원,772,968,1740
1251,20200125,5호선,청구,1449,1463,2912
1252,20200125,5호선,신금호,2498,2706,5204
1253,20200125,5호선,행당,3108,2719,5827
1254,20200125,5호선,왕십리,1751,2144,3895
1255,20200125,5호선,마장,2268,2116,4384
1256,20200125,5호선,답십리,5771,5685,11456
1257,20200125,5호선,장한평,5403,5419,10822
1258,20200125,5호선,군자,4006,4634,8640
1259,20200125,5호선,아차산,6298,6132,12430
1260,20200125,5호선,광나루,6217,4947,11164
1261,20200125,5호선,천호,7215,7423,14638
1262,20200125,5호선,강동,7404,7060,14464
1263,20200125,5호선,길동,2691,2801,5492
1264,20200125,5호선,굽은다리,3714,3445,7159
1265,20200125,5호선,명일,2679,2740,5419
1266,20200125,5호선,고덕,2371,2377,4748
1267,20200125,5호선,상일동,4521,4334,8855
1268,20200125,5호선,둔촌동,2589,2688,5277
1269,20200125,5호선,올림픽공원,1179,1013,2192
1270,20200125,5호선,방이,1979,1995,3974
1271,20200125,5호선,오금,930,1004,1934
1272,20200125,5호선,개롱,2174,2239,4413
1273,20200125,5호선,거여,2731,2764,5495
1274,20200125,5호선,마천,2201,2379,4580
1275,20200126,5호선,방화,3638,3577,7215
1276,20200126,5호선,개화산,2845,2865,5710
1277,20200126,5호선,김포공항,7439,6782,14221
1278,20200126,5호선,송정,4136,4233,8369
1279,20200126,5호선,마곡,2057,2135,4192
1280,20200126,5호선,발산,7335,8160,15495
1281,20200126,5호선,우장산,6361,6630,12991
1282,20200126,5호선,화곡,14344,14110,28454
1283,20200126,5호선,까치산,15415,15930,31345
1284,20200126,5호선,신정,6174,5357,11531
1285,20200126,5호선,목동,7467,8043,15510
1286,20200126,5호선,오목교,9587,10286,19873
1287,20200126,5호선,양평,1985,2157,4142
1288,20200126,5호선,영등포구청,1135,1055,2190
1289,20200126,5호선,영등포시장,4214,4825,9039
1290,20200126,5호선,신길,1148,1400,2548
1291,20200126,5호선,여의도,4598,5071,9669
1292,20200126,5호선,여의나루,4590,4406,8996
1293,20200126,5호선,마포,4196,4343,8539
1294,20200126,5호선,공덕,3869,4053,7922
1295,20200126,5호선,애오개,2479,2546,5025
1296,20200126,5호선,충정로,1170,1130,2300
1297,20200126,5호선,서대문,4522,4631,9153
1298,20200126,5호선,광화문,16844,17201,34045
1299,20200126,5호선,종로3가,10786,10385,21171
1300,20200126,5호선,을지로4가,1343,1361,2704
1301,20200126,5호선,동대문역사문화공원,809,966,1775
1302,20200126,5호선,청구,1795,1695,3490
1303,20200126,5호선,신금호,2837,2887,5724
1304,20200126,5호선,행당,3866,3542,7408
1305,20200126,5호선,왕십리,2226,2724,4950
1306,20200126,5호선,마장,2871,2789,5660
1307,20200126,5호선,답십리,7117,6921,14038
1308,20200126,5호선,장한평,8101,8510,16611
1309,20200126,5호선,군자,5278,6316,11594
1310,20200126,5호선,아차산,8854,8891,17745
1311,20200126,5호선,광나루,6690,6323,13013
1312,20200126,5호선,천호,10362,10974,21336
1313,20200126,5호선,강동,9356,8920,18276
1314,20200126,5호선,길동,3486,3680,7166
1315,20200126,5호선,굽은다리,5289,4909,10198
1316,20200126,5호선,명일,4250,4220,8470
1317,20200126,5호선,고덕,3577,3499,7076
1318,20200126,5호선,상일동,6043,5540,11583
1319,20200126,5호선,둔촌동,4385,4666,9051
1320,20200126,5호선,올림픽공원,1808,1604,3412
1321,20200126,5호선,방이,3095,3074,6169
1322,20200126,5호선,오금,1299,1347,2646
1323,20200126,5호선,개롱,2713,2905,5618
1324,20200126,5호선,거여,3506,3351,6857
1325,20200126,5호선,마천,2955,3104,6059
1326,20200127,5호선,방화,3566,3674,7240
1327,20200127,5호선,개화산,3010,3066,6076
1328,20200127,5호선,김포공항,7678,6766,14444
1329,20200127,5호선,송정,3980,4112,8092
1330,20200127,5호선,마곡,2434,2464,4898
1331,20200127,5호선,발산,8112,8606,16718
1332,20200127,5호선,우장산,7113,7320,14433
1333,20200127,5호선,화곡,14863,14503,29366
1334,20200127,5호선,까치산,15827,16607,32434
1335,20200127,5호선,신정,6444,5765,12209
1336,20200127,5호선,목동,7974,8607,16581
1337,20200127,5호선,오목교,13031,13680,26711
1338,20200127,5호선,양평,2329,2670,4999
1339,20200127,5호선,영등포구청,1219,1305,2524
1340,20200127,5호선,영등포시장,4990,5529,10519
1341,20200127,5호선,신길,1244,1725,2969
1342,20200127,5호선,여의도,4969,5693,10662
1343,20200127,5호선,여의나루,2243,2345,4588
1344,20200127,5호선,마포,4929,5018,9947
1345,20200127,5호선,공덕,4485,4776,9261
1346,20200127,5호선,애오개,2583,2994,5577
1347,20200127,5호선,충정로,1190,1235,2425
1348,20200127,5호선,서대문,5080,5073,10153
1349,20200127,5호선,광화문,13472,12578,26050
1350,20200127,5호선,종로3가,11267,10080,21347
1351,20200127,5호선,을지로4가,1544,1714,3258
1352,20200127,5호선,동대문역사문화공원,832,955,1787
1353,20200127,5호선,청구,1867,1690,3557
1354,20200127,5호선,신금호,2809,2963,5772
1355,20200127,5호선,행당,3854,3456,7310
1356,20200127,5호선,왕십리,2489,3157,5646
1357,20200127,5호선,마장,2798,2783,5581
1358,20200127,5호선,답십리,7449,7419,14868
1359,20200127,5호선,장한평,8923,9287,18210
1360,20200127,5호선,군자,5585,6856,12441
1361,20200127,5호선,아차산,8860,8573,17433
1362,20200127,5호선,광나루,6506,6591,13097
1363,20200127,5호선,천호,12776,12919,25695
1364,20200127,5호선,강동,9964,9466,19430
1365,20200127,5호선,길동,3883,4061,7944
1366,20200127,5호선,굽은다리,5300,5072,10372
1367,20200127,5호선,명일,3842,3860,7702
1368,20200127,5호선,고덕,4069,4044,8113
1369,20200127,5호선,상일동,6366,5915,12281
1370,20200127,5호선,둔촌동,4099,4252,8351
1371,20200127,5호선,올림픽공원,1901,1704,3605
1372,20200127,5호선,방이,3339,3257,6596
1373,20200127,5호선,오금,1397,1430,2827
1374,20200127,5호선,개롱,2977,3257,6234
1375,20200127,5호선,거여,3556,3501,7057
1376,20200127,5호선,마천,3039,3263,6302
1377,20200128,5호선,방화,7224,6974,14198
1378,20200128,5호선,개화산,5943,5648,11591
1379,20200128,5호선,김포공항,7636,6934,14570
1380,20200128,5호선,송정,7503,6946,14449
1381,20200128,5호선,마곡,7779,7284,15063
1382,20200128,5호선,발산,19809,20207,40016
1383,20200128,5호선,우장산,15381,15420,30801
1384,20200128,5호선,화곡,30951,29208,60159
1385,20200128,5호선,까치산,31090,30268,61358
1386,20200128,5호선,신정,14468,11121,25589
1387,20200128,5호선,목동,18840,20674,39514
1388,20200128,5호선,오목교,24967,26995,51962
1389,20200128,5호선,양평,7597,7636,15233
1390,20200128,5호선,영등포구청,4133,4280,8413
1391,20200128,5호선,영등포시장,10391,10941,21332
1392,20200128,5호선,신길,3522,4085,7607
1393,20200128,5호선,여의도,27861,29103,56964
1394,20200128,5호선,여의나루,7343,7740,15083
1395,20200128,5호선,마포,15113,15501,30614
1396,20200128,5호선,공덕,14388,15350,29738
1397,20200128,5호선,애오개,7511,7779,15290
1398,20200128,5호선,충정로,4624,4778,9402
1399,20200128,5호선,서대문,19798,20223,40021
1400,20200128,5호선,광화문,34253,35715,69968
1401,20200128,5호선,종로3가,14619,14171,28790
1402,20200128,5호선,을지로4가,5793,5955,11748
1403,20200128,5호선,동대문역사문화공원,3340,3746,7086
1404,20200128,5호선,청구,4235,3968,8203
1405,20200128,5호선,신금호,6451,6668,13119
1406,20200128,5호선,행당,8628,7862,16490
1407,20200128,5호선,왕십리,5011,5371,10382
1408,20200128,5호선,마장,6360,6001,12361
1409,20200128,5호선,답십리,16750,15595,32345
1410,20200128,5호선,장한평,19025,18966,37991
1411,20200128,5호선,군자,11145,12558,23703
1412,20200128,5호선,아차산,13889,13744,27633
1413,20200128,5호선,광나루,13496,12162,25658
1414,20200128,5호선,천호,19180,19994,39174
1415,20200128,5호선,강동,20720,18527,39247
1416,20200128,5호선,길동,7862,8537,16399
1417,20200128,5호선,굽은다리,9628,9245,18873
1418,20200128,5호선,명일,8894,9217,18111
1419,20200128,5호선,고덕,9769,9923,19692
1420,20200128,5호선,상일동,15851,13556,29407
1421,20200128,5호선,둔촌동,8795,9000,17795
1422,20200128,5호선,올림픽공원,4302,3790,8092
1423,20200128,5호선,방이,7715,7940,15655
1424,20200128,5호선,오금,3737,3761,7498
1425,20200128,5호선,개롱,6869,7200,14069
1426,20200128,5호선,거여,7923,7567,15490
1427,20200128,5호선,마천,5224,5327,10551
1428,20200129,5호선,방화,7509,7139,14648
1429,20200129,5호선,개화산,6084,5899,11983
1430,20200129,5호선,김포공항,7776,6863,14639
1431,20200129,5호선,송정,7783,7097,14880
1432,20200129,5호선,마곡,8382,7741,16123
1433,20200129,5호선,발산,21557,21870,43427
1434,20200129,5호선,우장산,15933,15747,31680
1435,20200129,5호선,화곡,32504,30563,63067
1436,20200129,5호선,까치산,32522,30977,63499
1437,20200129,5호선,신정,15201,11551,26752
1438,20200129,5호선,목동,19585,21512,41097
1439,20200129,5호선,오목교,25997,28003,54000
1440,20200129,5호선,양평,8030,8051,16081
1441,20200129,5호선,영등포구청,4281,4373,8654
1442,20200129,5호선,영등포시장,10832,11255,22087
1443,20200129,5호선,신길,3917,4416,8333
1444,20200129,5호선,여의도,29809,31291,61100
1445,20200129,5호선,여의나루,8317,8692,17009
1446,20200129,5호선,마포,16264,16748,33012
1447,20200129,5호선,공덕,15701,16765,32466
1448,20200129,5호선,애오개,8134,8177,16311
1449,20200129,5호선,충정로,5376,5514,10890
1450,20200129,5호선,서대문,20611,21019,41630
1451,20200129,5호선,광화문,38244,40266,78510
1452,20200129,5호선,종로3가,15619,15276,30895
1453,20200129,5호선,을지로4가,6458,6565,13023
1454,20200129,5호선,동대문역사문화공원,3360,3918,7278
1455,20200129,5호선,청구,4693,4262,8955
1456,20200129,5호선,신금호,6903,7078,13981
1457,20200129,5호선,행당,9178,8160,17338
1458,20200129,5호선,왕십리,5271,6016,11287
1459,20200129,5호선,마장,6697,6235,12932
1460,20200129,5호선,답십리,18155,16554,34709
1461,20200129,5호선,장한평,20897,20931,41828
1462,20200129,5호선,군자,12062,13326,25388
1463,20200129,5호선,아차산,14956,14778,29734
1464,20200129,5호선,광나루,14894,13199,28093
1465,20200129,5호선,천호,20073,21214,41287
1466,20200129,5호선,강동,22101,19471,41572
1467,20200129,5호선,길동,8260,8756,17016
1468,20200129,5호선,굽은다리,10183,9880,20063
1469,20200129,5호선,명일,9514,10052,19566
1470,20200129,5호선,고덕,10208,10129,20337
1471,20200129,5호선,상일동,17311,14743,32054
1472,20200129,5호선,둔촌동,9251,9598,18849
1473,20200129,5호선,올림픽공원,4570,4044,8614
1474,20200129,5호선,방이,8130,8498,16628
1475,20200129,5호선,오금,4021,4023,8044
1476,20200129,5호선,개롱,7403,7551,14954
1477,20200129,5호선,거여,8483,8029,16512
1478,20200129,5호선,마천,5586,5544,11130
1479,20200130,5호선,마천,5641,5580,11221
1480,20200130,5호선,거여,8561,8073,16634
1481,20200130,5호선,개롱,7439,7781,15220
1482,20200130,5호선,오금,4067,4176,8243
1483,20200130,5호선,방이,8301,8602,16903
1484,20200130,5호선,올림픽공원,4687,4149,8836
1485,20200130,5호선,둔촌동,9396,9504,18900
1486,20200130,5호선,상일동,17292,14620,31912
1487,20200130,5호선,고덕,10313,10328,20641
1488,20200130,5호선,명일,9550,9804,19354
1489,20200130,5호선,굽은다리,9981,9521,19502
1490,20200130,5호선,길동,8158,8668,16826
1491,20200130,5호선,강동,21988,19382,41370
1492,20200130,5호선,천호,20328,21134,41462
1493,20200130,5호선,광나루,14597,13109,27706
1494,20200130,5호선,아차산,14932,14656,29588
1495,20200130,5호선,군자,12208,13221,25429
1496,20200130,5호선,장한평,20766,20582,41348
1497,20200130,5호선,답십리,18038,16425,34463
1498,20200130,5호선,마장,6781,6397,13178
1499,20200130,5호선,왕십리,5222,5809,11031
1500,20200130,5호선,행당,9110,8194,17304
1501,20200130,5호선,신금호,6912,6984,13896
1502,20200130,5호선,청구,4674,4159,8833
1503,20200130,5호선,동대문역사문화공원,3484,4060,7544
1504,20200130,5호선,을지로4가,6526,6721,13247
1505,20200130,5호선,종로3가,16003,15507,31510
1506,20200130,5호선,광화문,37572,40173,77745
1507,20200130,5호선,서대문,20875,21766,42641
1508,20200130,5호선,충정로,5193,5507,10700
1509,20200130,5호선,애오개,8393,8353,16746
1510,20200130,5호선,공덕,16195,17131,33326
1511,20200130,5호선,마포,16306,16887,33193
1512,20200130,5호선,여의나루,8537,8873,17410
1513,20200130,5호선,여의도,30156,31897,62053
1514,20200130,5호선,신길,3904,4323,8227
1515,20200130,5호선,영등포시장,10770,11301,22071
1516,20200130,5호선,영등포구청,4413,4497,8910
1517,20200130,5호선,양평,7946,7851,15797
1518,20200130,5호선,오목교,26361,28390,54751
1519,20200130,5호선,목동,20024,21638,41662
1520,20200130,5호선,신정,15257,11794,27051
1521,20200130,5호선,까치산,32505,30962,63467
1522,20200130,5호선,화곡,32424,29968,62392
1523,20200130,5호선,우장산,16074,15849,31923
1524,20200130,5호선,발산,21645,21873,43518
1525,20200130,5호선,마곡,8331,7827,16158
1526,20200130,5호선,송정,7926,7281,15207
1527,20200130,5호선,김포공항,7682,6756,14438
1528,20200130,5호선,개화산,6279,5982,12261
1529,20200130,5호선,방화,7490,7071,14561
1530,20200131,5호선,방화,7515,7094,14609
1531,20200131,5호선,개화산,6306,5832,12138
1532,20200131,5호선,김포공항,7412,6448,13860
1533,20200131,5호선,송정,7954,7180,15134
1534,20200131,5호선,마곡,8418,7815,16233
1535,20200131,5호선,발산,21229,21953,43182
1536,20200131,5호선,우장산,16108,15800,31908
1537,20200131,5호선,화곡,32736,29981,62717
1538,20200131,5호선,까치산,32817,31025,63842
1539,20200131,5호선,신정,15394,11487,26881
1540,20200131,5호선,목동,20000,21746,41746
1541,20200131,5호선,오목교,26416,28795,55211
1542,20200131,5호선,양평,8172,7995,16167
1543,20200131,5호선,영등포구청,4349,4516,8865
1544,20200131,5호선,영등포시장,10916,11175,22091
1545,20200131,5호선,신길,3945,4373,8318
1546,20200131,5호선,여의도,29721,31499,61220
1547,20200131,5호선,여의나루,8388,8561,16949
1548,20200131,5호선,마포,16071,16815,32886
1549,20200131,5호선,공덕,16391,18019,34410
1550,20200131,5호선,애오개,8313,8278,16591
1551,20200131,5호선,충정로,5217,5262,10479
1552,20200131,5호선,서대문,20730,21202,41932
1553,20200131,5호선,광화문,37259,40257,77516
1554,20200131,5호선,종로3가,15985,16114,32099
1555,20200131,5호선,을지로4가,6340,6630,12970
1556,20200131,5호선,동대문역사문화공원,3398,3989,7387
1557,20200131,5호선,청구,4663,4297,8960
1558,20200131,5호선,신금호,7041,6936,13977
1559,20200131,5호선,행당,9184,7978,17162
1560,20200131,5호선,왕십리,5291,6205,11496
1561,20200131,5호선,마장,6665,6374,13039
1562,20200131,5호선,답십리,18157,16496,34653
1563,20200131,5호선,장한평,20954,20928,41882
1564,20200131,5호선,군자,12328,13542,25870
1565,20200131,5호선,아차산,15018,14523,29541
1566,20200131,5호선,광나루,14627,12904,27531
1567,20200131,5호선,천호,20950,21931,42881
1568,20200131,5호선,강동,22435,19372,41807
1569,20200131,5호선,길동,8256,8804,17060
1570,20200131,5호선,굽은다리,10095,9587,19682
1571,20200131,5호선,명일,9671,9719,19390
1572,20200131,5호선,고덕,10237,10307,20544
1573,20200131,5호선,상일동,17519,14536,32055
1574,20200131,5호선,둔촌동,9425,9456,18881
1575,20200131,5호선,올림픽공원,4682,4033,8715
1576,20200131,5호선,방이,8099,8427,16526
1577,20200131,5호선,오금,4057,4014,8071
1578,20200131,5호선,개롱,7469,7771,15240
1579,20200131,5호선,거여,8691,8046,16737
1580,20200131,5호선,마천,5546,5521,11067
1581,20200201,5호선,방화,4782,4529,9311
1582,20200201,5호선,개화산,3791,3640,7431
1583,20200201,5호선,김포공항,5825,5728,11553
1584,20200201,5호선,송정,5349,5120,10469
1585,20200201,5호선,마곡,3663,3460,7123
1586,20200201,5호선,발산,12720,13365,26085
1587,20200201,5호선,우장산,9953,9888,19841
1588,20200201,5호선,화곡,20643,19237,39880
1589,20200201,5호선,까치산,21652,20557,42209
1590,20200201,5호선,신정,9098,7517,16615
1591,20200201,5호선,목동,11926,12271,24197
1592,20200201,5호선,오목교,17313,18116,35429
1593,20200201,5호선,양평,3607,3510,7117
1594,20200201,5호선,영등포구청,1934,1950,3884
1595,20200201,5호선,영등포시장,7397,7798,15195
1596,20200201,5호선,신길,2077,2301,4378
1597,20200201,5호선,여의도,8376,8997,17373
1598,20200201,5호선,여의나루,3802,3760,7562
1599,20200201,5호선,마포,7448,7424,14872
1600,20200201,5호선,공덕,7435,7765,15200
1601,20200201,5호선,애오개,3841,3657,7498
1602,20200201,5호선,충정로,2096,1927,4023
1603,20200201,5호선,서대문,7862,7477,15339
1604,20200201,5호선,광화문,19033,20312,39345
1605,20200201,5호선,종로3가,12798,12776,25574
1606,20200201,5호선,을지로4가,3277,3598,6875
1607,20200201,5호선,동대문역사문화공원,1170,1411,2581
1608,20200201,5호선,청구,2758,2404,5162
1609,20200201,5호선,신금호,4260,4353,8613
1610,20200201,5호선,행당,5526,4803,10329
1611,20200201,5호선,왕십리,3598,4473,8071
1612,20200201,5호선,마장,4271,4111,8382
1613,20200201,5호선,답십리,10657,9815,20472
1614,20200201,5호선,장한평,11865,11926,23791
1615,20200201,5호선,군자,8328,9433,17761
1616,20200201,5호선,아차산,11375,10816,22191
1617,20200201,5호선,광나루,10541,9689,20230
1618,20200201,5호선,천호,17036,17062,34098
1619,20200201,5호선,강동,14365,12942,27307
1620,20200201,5호선,길동,5374,5714,11088
1621,20200201,5호선,굽은다리,7050,6343,13393
1622,20200201,5호선,명일,5619,5572,11191
1623,20200201,5호선,고덕,5703,5623,11326
1624,20200201,5호선,상일동,9204,8318,17522
1625,20200201,5호선,둔촌동,6244,6244,12488
1626,20200201,5호선,올림픽공원,2752,2632,5384
1627,20200201,5호선,방이,5372,5210,10582
1628,20200201,5호선,오금,2102,2113,4215
1629,20200201,5호선,개롱,4568,4759,9327
1630,20200201,5호선,거여,5214,4954,10168
1631,20200201,5호선,마천,3915,3904,7819
1632,20200202,5호선,방화,3533,3513,7046
1633,20200202,5호선,개화산,2682,2852,5534
1634,20200202,5호선,김포공항,4939,4679,9618
1635,20200202,5호선,송정,3884,3850,7734
1636,20200202,5호선,마곡,2294,2340,4634
1637,20200202,5호선,발산,7584,7962,15546
1638,20200202,5호선,우장산,6469,6602,13071
1639,20200202,5호선,화곡,14504,13655,28159
1640,20200202,5호선,까치산,15825,15314,31139
1641,20200202,5호선,신정,6199,5400,11599
1642,20200202,5호선,목동,7914,8324,16238
1643,20200202,5호선,오목교,11828,12393,24221
1644,20200202,5호선,양평,2445,2445,4890
1645,20200202,5호선,영등포구청,1250,1204,2454
1646,20200202,5호선,영등포시장,4910,5014,9924
1647,20200202,5호선,신길,1387,1595,2982
1648,20200202,5호선,여의도,5270,5758,11028
1649,20200202,5호선,여의나루,3395,3455,6850
1650,20200202,5호선,마포,4586,4657,9243
1651,20200202,5호선,공덕,4357,4532,8889
1652,20200202,5호선,애오개,2750,2875,5625
1653,20200202,5호선,충정로,1310,1370,2680
1654,20200202,5호선,서대문,5047,4831,9878
1655,20200202,5호선,광화문,13429,12839,26268
1656,20200202,5호선,종로3가,8047,7166,15213
1657,20200202,5호선,을지로4가,1294,1422,2716
1658,20200202,5호선,동대문역사문화공원,730,823,1553
1659,20200202,5호선,청구,1839,1630,3469
1660,20200202,5호선,신금호,2814,3043,5857
1661,20200202,5호선,행당,3678,3408,7086
1662,20200202,5호선,왕십리,2495,2960,5455
1663,20200202,5호선,마장,2994,2836,5830
1664,20200202,5호선,답십리,7327,6877,14204
1665,20200202,5호선,장한평,8182,7993,16175
1666,20200202,5호선,군자,6023,6688,12711
1667,20200202,5호선,아차산,8861,8703,17564
1668,20200202,5호선,광나루,7802,7540,15342
1669,20200202,5호선,천호,12630,12073,24703
1670,20200202,5호선,강동,9833,9235,19068
1671,20200202,5호선,길동,3881,4043,7924
1672,20200202,5호선,굽은다리,5289,4945,10234
1673,20200202,5호선,명일,4455,4453,8908
1674,20200202,5호선,고덕,3648,3799,7447
1675,20200202,5호선,상일동,6199,5965,12164
1676,20200202,5호선,둔촌동,5229,5331,10560
1677,20200202,5호선,올림픽공원,1997,2047,4044
1678,20200202,5호선,방이,4116,4030,8146
1679,20200202,5호선,오금,1461,1456,2917
1680,20200202,5호선,개롱,3207,3443,6650
1681,20200202,5호선,거여,3572,3620,7192
1682,20200202,5호선,마천,3050,3250,6300
1683,20200203,5호선,방화,7213,6889,14102
1684,20200203,5호선,개화산,5978,5692,11670
1685,20200203,5호선,김포공항,6784,6050,12834
1686,20200203,5호선,송정,7507,6864,14371
1687,20200203,5호선,마곡,8176,7779,15955
1688,20200203,5호선,발산,19770,19810,39580
1689,20200203,5호선,우장산,15368,15366,30734
1690,20200203,5호선,화곡,31168,29174,60342
1691,20200203,5호선,까치산,31176,30015,61191
1692,20200203,5호선,신정,14435,11250,25685
1693,20200203,5호선,목동,18965,20898,39863
1694,20200203,5호선,오목교,24101,25918,50019
1695,20200203,5호선,양평,7947,7842,15789
1696,20200203,5호선,영등포구청,4263,4221,8484
1697,20200203,5호선,영등포시장,10018,10425,20443
1698,20200203,5호선,신길,3856,4248,8104
1699,20200203,5호선,여의도,28956,30545,59501
1700,20200203,5호선,여의나루,7834,8139,15973
1701,20200203,5호선,마포,15403,15856,31259
1702,20200203,5호선,공덕,15546,16688,32234
1703,20200203,5호선,애오개,7688,7923,15611
1704,20200203,5호선,충정로,5086,5289,10375
1705,20200203,5호선,서대문,19971,20528,40499
1706,20200203,5호선,광화문,34909,36548,71457
1707,20200203,5호선,종로3가,14146,13644,27790
1708,20200203,5호선,을지로4가,6255,6347,12602
1709,20200203,5호선,동대문역사문화공원,3434,3930,7364
1710,20200203,5호선,청구,4458,4016,8474
1711,20200203,5호선,신금호,6498,6690,13188
1712,20200203,5호선,행당,8717,7800,16517
1713,20200203,5호선,왕십리,4829,5398,10227
1714,20200203,5호선,마장,6109,5901,12010
1715,20200203,5호선,답십리,17456,16200,33656
1716,20200203,5호선,장한평,19395,19158,38553
1717,20200203,5호선,군자,11319,12361,23680
1718,20200203,5호선,아차산,14810,14227,29037
1719,20200203,5호선,광나루,13780,12650,26430
1720,20200203,5호선,천호,18677,19608,38285
1721,20200203,5호선,강동,21124,18535,39659
1722,20200203,5호선,길동,7878,8444,16322
1723,20200203,5호선,굽은다리,9668,9264,18932
1724,20200203,5호선,명일,8940,9477,18417
1725,20200203,5호선,고덕,9767,9734,19501
1726,20200203,5호선,상일동,16713,14261,30974
1727,20200203,5호선,둔촌동,8896,9043,17939
1728,20200203,5호선,올림픽공원,4350,3918,8268
1729,20200203,5호선,방이,7683,7933,15616
1730,20200203,5호선,오금,3976,4113,8089
1731,20200203,5호선,개롱,6993,7290,14283
1732,20200203,5호선,거여,8125,7558,15683
1733,20200203,5호선,마천,5486,5420,10906
1734,20200204,5호선,방화,7340,7089,14429
1735,20200204,5호선,개화산,6059,5752,11811
1736,20200204,5호선,김포공항,6715,5983,12698
1737,20200204,5호선,송정,7400,6808,14208
1738,20200204,5호선,마곡,8288,7758,16046
1739,20200204,5호선,발산,20302,20456,40758
1740,20200204,5호선,우장산,15712,15647,31359
1741,20200204,5호선,화곡,31013,29323,60336
1742,20200204,5호선,까치산,31287,30056,61343
1743,20200204,5호선,신정,14703,11442,26145
1744,20200204,5호선,목동,18687,20700,39387
1745,20200204,5호선,오목교,24880,26483,51363
1746,20200204,5호선,양평,8047,7966,16013
1747,20200204,5호선,영등포구청,4164,4252,8416
1748,20200204,5호선,영등포시장,9997,10270,20267
1749,20200204,5호선,신길,3824,4362,8186
1750,20200204,5호선,여의도,29774,30657,60431
1751,20200204,5호선,여의나루,8036,8337,16373
1752,20200204,5호선,마포,15806,16189,31995
1753,20200204,5호선,공덕,15964,16974,32938
1754,20200204,5호선,애오개,8013,8093,16106
1755,20200204,5호선,충정로,5201,5425,10626
1756,20200204,5호선,서대문,20507,20802,41309
1757,20200204,5호선,광화문,36969,38339,75308
1758,20200204,5호선,종로3가,14250,13771,28021
1759,20200204,5호선,을지로4가,6342,6413,12755
1760,20200204,5호선,동대문역사문화공원,3596,3956,7552
1761,20200204,5호선,청구,4493,4125,8618
1762,20200204,5호선,신금호,6935,7151,14086
1763,20200204,5호선,행당,8944,8057,17001
1764,20200204,5호선,왕십리,4978,5414,10392
1765,20200204,5호선,마장,6292,6163,12455
1766,20200204,5호선,답십리,17472,16047,33519
1767,20200204,5호선,장한평,19444,19529,38973
1768,20200204,5호선,군자,11633,12578,24211
1769,20200204,5호선,아차산,15268,14907,30175
1770,20200204,5호선,광나루,13914,12517,26431
1771,20200204,5호선,천호,18807,19528,38335
1772,20200204,5호선,강동,21314,18916,40230
1773,20200204,5호선,길동,7769,8407,16176
1774,20200204,5호선,굽은다리,9580,9196,18776
1775,20200204,5호선,명일,9017,9461,18478
1776,20200204,5호선,고덕,9680,9820,19500
1777,20200204,5호선,상일동,16634,14220,30854
1778,20200204,5호선,둔촌동,9044,9234,18278
1779,20200204,5호선,올림픽공원,4534,3970,8504
1780,20200204,5호선,방이,7711,8074,15785
1781,20200204,5호선,오금,3974,4055,8029
1782,20200204,5호선,개롱,7439,7628,15067
1783,20200204,5호선,거여,8200,7695,15895
1784,20200204,5호선,마천,5421,5508,10929
1785,20200205,5호선,방화,7191,6837,14028
1786,20200205,5호선,개화산,5780,5534,11314
1787,20200205,5호선,김포공항,6427,5850,12277
1788,20200205,5호선,송정,7178,6525,13703
1789,20200205,5호선,마곡,8024,7576,15600
1790,20200205,5호선,발산,19939,20115,40054
1791,20200205,5호선,우장산,15250,15101,30351
1792,20200205,5호선,화곡,30743,28889,59632
1793,20200205,5호선,까치산,30395,29236,59631
1794,20200205,5호선,신정,14398,11211,25609
1795,20200205,5호선,목동,18400,20144,38544
1796,20200205,5호선,오목교,24424,26183,50607
1797,20200205,5호선,양평,7658,7690,15348
1798,20200205,5호선,영등포구청,3971,4025,7996
1799,20200205,5호선,영등포시장,9464,9874,19338
1800,20200205,5호선,신길,3820,4268,8088
1801,20200205,5호선,여의도,29182,30286,59468
1802,20200205,5호선,여의나루,7635,7846,15481
1803,20200205,5호선,마포,15237,15656,30893
1804,20200205,5호선,공덕,15419,16591,32010
1805,20200205,5호선,애오개,7825,8019,15844
1806,20200205,5호선,충정로,5155,5320,10475
1807,20200205,5호선,서대문,20116,20651,40767
1808,20200205,5호선,광화문,36065,38007,74072
1809,20200205,5호선,종로3가,13936,13241,27177
1810,20200205,5호선,을지로4가,5906,6123,12029
1811,20200205,5호선,동대문역사문화공원,3451,3916,7367
1812,20200205,5호선,청구,4407,4055,8462
1813,20200205,5호선,신금호,6908,6957,13865
1814,20200205,5호선,행당,8732,7859,16591
1815,20200205,5호선,왕십리,4877,5400,10277
1816,20200205,5호선,마장,6103,5732,11835
1817,20200205,5호선,답십리,17193,15673,32866
1818,20200205,5호선,장한평,19819,19797,39616
1819,20200205,5호선,군자,11290,12400,23690
1820,20200205,5호선,아차산,14293,13805,28098
1821,20200205,5호선,광나루,13331,11762,25093
1822,20200205,5호선,천호,18277,18951,37228
1823,20200205,5호선,강동,20575,18303,38878
1824,20200205,5호선,길동,7592,8052,15644
1825,20200205,5호선,굽은다리,9531,9081,18612
1826,20200205,5호선,명일,8610,9176,17786
1827,20200205,5호선,고덕,9568,9433,19001
1828,20200205,5호선,상일동,16305,13831,30136
1829,20200205,5호선,둔촌동,8754,9040,17794
1830,20200205,5호선,올림픽공원,4377,3806,8183
1831,20200205,5호선,방이,7546,7820,15366
1832,20200205,5호선,오금,3854,3871,7725
1833,20200205,5호선,개롱,7059,7267,14326
1834,20200205,5호선,거여,7995,7540,15535
1835,20200205,5호선,마천,5150,5119,10269
1836,20200206,5호선,방화,7254,6955,14209
1837,20200206,5호선,개화산,5825,5537,11362
1838,20200206,5호선,김포공항,6705,5807,12512
1839,20200206,5호선,송정,7269,6568,13837
1840,20200206,5호선,마곡,7921,7473,15394
1841,20200206,5호선,발산,20073,20187,40260
1842,20200206,5호선,우장산,15075,15049,30124
1843,20200206,5호선,화곡,30146,28020,58166
1844,20200206,5호선,까치산,30302,28793,59095
1845,20200206,5호선,신정,14337,10995,25332
1846,20200206,5호선,목동,18146,20038,38184
1847,20200206,5호선,오목교,24639,26625,51264
1848,20200206,5호선,양평,7658,7531,15189
1849,20200206,5호선,영등포구청,3985,4134,8119
1850,20200206,5호선,영등포시장,9637,9892,19529
1851,20200206,5호선,신길,3840,4332,8172
1852,20200206,5호선,여의도,28796,30062,58858
1853,20200206,5호선,여의나루,7546,8000,15546
1854,20200206,5호선,마포,15222,15629,30851
1855,20200206,5호선,공덕,15403,16659,32062
1856,20200206,5호선,애오개,7717,7806,15523
1857,20200206,5호선,충정로,5033,5269,10302
1858,20200206,5호선,서대문,19645,20259,39904
1859,20200206,5호선,광화문,35093,37479,72572
1860,20200206,5호선,종로3가,13700,13315,27015
1861,20200206,5호선,을지로4가,6021,6090,12111
1862,20200206,5호선,동대문역사문화공원,3430,3984,7414
1863,20200206,5호선,청구,4401,3994,8395
1864,20200206,5호선,신금호,6659,6768,13427
1865,20200206,5호선,행당,8538,7587,16125
1866,20200206,5호선,왕십리,4713,5305,10018
1867,20200206,5호선,마장,5811,5646,11457
1868,20200206,5호선,답십리,16846,15567,32413
1869,20200206,5호선,장한평,19358,19405,38763
1870,20200206,5호선,군자,11288,12160,23448
1871,20200206,5호선,아차산,14169,13846,28015
1872,20200206,5호선,광나루,12790,11149,23939
1873,20200206,5호선,천호,18087,19122,37209
1874,20200206,5호선,강동,20528,18227,38755
1875,20200206,5호선,길동,7182,7782,14964
1876,20200206,5호선,굽은다리,9215,8793,18008
1877,20200206,5호선,명일,8458,8804,17262
1878,20200206,5호선,고덕,9345,9282,18627
1879,20200206,5호선,상일동,16072,13549,29621
1880,20200206,5호선,둔촌동,8575,8734,17309
1881,20200206,5호선,올림픽공원,4246,3959,8205
1882,20200206,5호선,방이,7277,7524,14801
1883,20200206,5호선,오금,3816,3855,7671
1884,20200206,5호선,개롱,6971,7103,14074
1885,20200206,5호선,거여,7748,7279,15027
1886,20200206,5호선,마천,5019,5000,10019
1887,20200207,5호선,방화,7520,7062,14582
1888,20200207,5호선,개화산,5887,5585,11472
1889,20200207,5호선,김포공항,6985,6301,13286
1890,20200207,5호선,송정,7489,6912,14401
1891,20200207,5호선,마곡,8325,7771,16096
1892,20200207,5호선,발산,20935,21480,42415
1893,20200207,5호선,우장산,16043,15682,31725
1894,20200207,5호선,화곡,31566,28963,60529
1895,20200207,5호선,까치산,31733,30054,61787
1896,20200207,5호선,신정,14913,11132,26045
1897,20200207,5호선,목동,19086,20868,39954
1898,20200207,5호선,오목교,27726,29466,57192
1899,20200207,5호선,양평,7664,7454,15118
1900,20200207,5호선,영등포구청,4051,4047,8098
1901,20200207,5호선,영등포시장,10046,10325,20371
1902,20200207,5호선,신길,4176,4511,8687
1903,20200207,5호선,여의도,28940,30472,59412
1904,20200207,5호선,여의나루,7989,8118,16107
1905,20200207,5호선,마포,15482,16148,31630
1906,20200207,5호선,공덕,15661,17215,32876
1907,20200207,5호선,애오개,7880,7837,15717
1908,20200207,5호선,충정로,4945,5130,10075
1909,20200207,5호선,서대문,19880,20224,40104
1910,20200207,5호선,광화문,36018,38255,74273
1911,20200207,5호선,종로3가,14738,14818,29556
1912,20200207,5호선,을지로4가,6051,6278,12329
1913,20200207,5호선,동대문역사문화공원,3359,3915,7274
1914,20200207,5호선,청구,4475,4010,8485
1915,20200207,5호선,신금호,6958,6936,13894
1916,20200207,5호선,행당,8775,7725,16500
1917,20200207,5호선,왕십리,5004,5874,10878
1918,20200207,5호선,마장,6145,5863,12008
1919,20200207,5호선,답십리,17446,15769,33215
1920,20200207,5호선,장한평,19876,19794,39670
1921,20200207,5호선,군자,11752,12907,24659
1922,20200207,5호선,아차산,14835,14145,28980
1923,20200207,5호선,광나루,13394,11868,25262
1924,20200207,5호선,천호,19620,20509,40129
1925,20200207,5호선,강동,21063,18295,39358
1926,20200207,5호선,길동,7785,8347,16132
1927,20200207,5호선,굽은다리,9971,9557,19528
1928,20200207,5호선,명일,8767,9202,17969
1929,20200207,5호선,고덕,9725,9549,19274
1930,20200207,5호선,상일동,16480,13696,30176
1931,20200207,5호선,둔촌동,9103,9126,18229
1932,20200207,5호선,올림픽공원,4780,4757,9537
1933,20200207,5호선,방이,7402,7637,15039
1934,20200207,5호선,오금,3853,4002,7855
1935,20200207,5호선,개롱,7136,7026,14162
1936,20200207,5호선,거여,8025,7440,15465
1937,20200207,5호선,마천,5141,5076,10217
1938,20200208,5호선,방화,4675,4373,9048
1939,20200208,5호선,개화산,3600,3585,7185
1940,20200208,5호선,김포공항,5539,5559,11098
1941,20200208,5호선,송정,5272,4962,10234
1942,20200208,5호선,마곡,3674,3498,7172
1943,20200208,5호선,발산,12924,13605,26529
1944,20200208,5호선,우장산,9789,9606,19395
1945,20200208,5호선,화곡,19982,18489,38471
1946,20200208,5호선,까치산,20842,19923,40765
1947,20200208,5호선,신정,8816,7024,15840
1948,20200208,5호선,목동,11329,11784,23113
1949,20200208,5호선,오목교,18941,19577,38518
1950,20200208,5호선,양평,3435,3304,6739
1951,20200208,5호선,영등포구청,1805,1708,3513
1952,20200208,5호선,영등포시장,7298,7662,14960
1953,20200208,5호선,신길,2252,2502,4754
1954,20200208,5호선,여의도,8355,9213,17568
1955,20200208,5호선,여의나루,3698,3593,7291
1956,20200208,5호선,마포,6873,7092,13965
1957,20200208,5호선,공덕,6784,6994,13778
1958,20200208,5호선,애오개,3766,3644,7410
1959,20200208,5호선,충정로,1992,1799,3791
1960,20200208,5호선,서대문,7269,7159,14428
1961,20200208,5호선,광화문,19015,18692,37707
1962,20200208,5호선,종로3가,11514,11656,23170
1963,20200208,5호선,을지로4가,2984,3266,6250
1964,20200208,5호선,동대문역사문화공원,1094,1398,2492
1965,20200208,5호선,청구,2553,2251,4804
1966,20200208,5호선,신금호,4210,4223,8433
1967,20200208,5호선,행당,5112,4466,9578
1968,20200208,5호선,왕십리,3478,4245,7723
1969,20200208,5호선,마장,3942,3824,7766
1970,20200208,5호선,답십리,10354,9515,19869
1971,20200208,5호선,장한평,11186,11251,22437
1972,20200208,5호선,군자,7871,8967,16838
1973,20200208,5호선,아차산,10963,10701,21664
1974,20200208,5호선,광나루,10314,9470,19784
1975,20200208,5호선,천호,16462,16256,32718
1976,20200208,5호선,강동,14026,12526,26552
1977,20200208,5호선,길동,5392,5470,10862
1978,20200208,5호선,굽은다리,6508,5988,12496
1979,20200208,5호선,명일,5151,5310,10461
1980,20200208,5호선,고덕,5285,5175,10460
1981,20200208,5호선,상일동,8852,7974,16826
1982,20200208,5호선,둔촌동,5841,5729,11570
1983,20200208,5호선,올림픽공원,2823,2958,5781
1984,20200208,5호선,방이,4797,4651,9448
1985,20200208,5호선,오금,1856,1872,3728
1986,20200208,5호선,개롱,4210,4289,8499
1987,20200208,5호선,거여,4915,4587,9502
1988,20200208,5호선,마천,3819,3728,7547
1989,20200209,5호선,방화,3491,3544,7035
1990,20200209,5호선,개화산,2773,2742,5515
1991,20200209,5호선,김포공항,5120,4634,9754
1992,20200209,5호선,송정,3800,3774,7574
1993,20200209,5호선,마곡,2290,2336,4626
1994,20200209,5호선,발산,7916,8437,16353
1995,20200209,5호선,우장산,6404,6582,12986
1996,20200209,5호선,화곡,13818,13137,26955
1997,20200209,5호선,까치산,15161,14698,29859
1998,20200209,5호선,신정,6084,5189,11273
1999,20200209,5호선,목동,7630,7933,15563
2000,20200209,5호선,오목교,14447,14685,29132
2001,20200209,5호선,양평,2421,2409,4830
2002,20200209,5호선,영등포구청,1201,1205,2406
2003,20200209,5호선,영등포시장,4828,5196,10024
2004,20200209,5호선,신길,1648,1795,3443
2005,20200209,5호선,여의도,5018,5253,10271
2006,20200209,5호선,여의나루,3153,3191,6344
2007,20200209,5호선,마포,4477,4592,9069
2008,20200209,5호선,공덕,4256,4228,8484
2009,20200209,5호선,애오개,2661,2793,5454
2010,20200209,5호선,충정로,1251,1237,2488
2011,20200209,5호선,서대문,4913,4818,9731
2012,20200209,5호선,광화문,11987,12166,24153
2013,20200209,5호선,종로3가,8206,7333,15539
2014,20200209,5호선,을지로4가,1203,1346,2549
2015,20200209,5호선,동대문역사문화공원,740,845,1585
2016,20200209,5호선,청구,1741,1547,3288
2017,20200209,5호선,신금호,2802,3048,5850
2018,20200209,5호선,행당,3886,3619,7505
2019,20200209,5호선,왕십리,2470,2910,5380
2020,20200209,5호선,마장,2899,2822,5721
2021,20200209,5호선,답십리,7241,6812,14053
2022,20200209,5호선,장한평,7887,7882,15769
2023,20200209,5호선,군자,5874,6703,12577
2024,20200209,5호선,아차산,9308,9186,18494
2025,20200209,5호선,광나루,8043,7859,15902
2026,20200209,5호선,천호,11949,11621,23570
2027,20200209,5호선,강동,9627,8895,18522
2028,20200209,5호선,길동,3797,3983,7780
2029,20200209,5호선,굽은다리,4960,4572,9532
2030,20200209,5호선,명일,4234,4249,8483
2031,20200209,5호선,고덕,3464,3500,6964
2032,20200209,5호선,상일동,6075,5899,11974
2033,20200209,5호선,둔촌동,5051,5067,10118
2034,20200209,5호선,올림픽공원,2240,2403,4643
2035,20200209,5호선,방이,3911,3831,7742
2036,20200209,5호선,오금,1445,1389,2834
2037,20200209,5호선,개롱,2808,3098,5906
2038,20200209,5호선,거여,3429,3360,6789
2039,20200209,5호선,마천,2964,3248,6212
2040,20200210,5호선,방화,7371,6981,14352
2041,20200210,5호선,개화산,6026,5819,11845
2042,20200210,5호선,김포공항,6436,6161,12597
2043,20200210,5호선,송정,7449,6748,14197
2044,20200210,5호선,마곡,8204,7794,15998
2045,20200210,5호선,발산,20459,20666,41125
2046,20200210,5호선,우장산,15375,15237,30612
2047,20200210,5호선,화곡,30855,28689,59544
2048,20200210,5호선,까치산,30661,29456,60117
2049,20200210,5호선,신정,14395,10944,25339
2050,20200210,5호선,목동,18628,20494,39122
2051,20200210,5호선,오목교,22597,24407,47004
2052,20200210,5호선,양평,7819,7782,15601
2053,20200210,5호선,영등포구청,4255,4288,8543
2054,20200210,5호선,영등포시장,9806,10142,19948
2055,20200210,5호선,신길,3991,4278,8269
2056,20200210,5호선,여의도,29054,30628,59682
2057,20200210,5호선,여의나루,7989,8378,16367
2058,20200210,5호선,마포,15116,15513,30629
2059,20200210,5호선,공덕,14837,16204,31041
2060,20200210,5호선,애오개,7468,7626,15094
2061,20200210,5호선,충정로,5130,5303,10433
2062,20200210,5호선,서대문,19631,20249,39880
2063,20200210,5호선,광화문,35252,36916,72168
2064,20200210,5호선,종로3가,14321,14000,28321
2065,20200210,5호선,을지로4가,6268,6461,12729
2066,20200210,5호선,동대문역사문화공원,3431,3853,7284
2067,20200210,5호선,청구,4343,3964,8307
2068,20200210,5호선,신금호,6432,6599,13031
2069,20200210,5호선,행당,8685,7781,16466
2070,20200210,5호선,왕십리,4905,5266,10171
2071,20200210,5호선,마장,5738,5442,11180
2072,20200210,5호선,답십리,17179,15664,32843
2073,20200210,5호선,장한평,19376,19159,38535
2074,20200210,5호선,군자,11343,12374,23717
2075,20200210,5호선,아차산,13905,13574,27479
2076,20200210,5호선,광나루,13632,12244,25876
2077,20200210,5호선,천호,17498,18495,35993
2078,20200210,5호선,강동,20875,18303,39178
2079,20200210,5호선,길동,7842,8433,16275
2080,20200210,5호선,굽은다리,9361,8830,18191
2081,20200210,5호선,명일,8680,9171,17851
2082,20200210,5호선,고덕,9333,9446,18779
2083,20200210,5호선,상일동,16664,14082,30746
2084,20200210,5호선,둔촌동,8530,8781,17311
2085,20200210,5호선,올림픽공원,4268,3699,7967
2086,20200210,5호선,방이,7513,7666,15179
2087,20200210,5호선,오금,3791,3821,7612
2088,20200210,5호선,개롱,6616,6872,13488
2089,20200210,5호선,거여,7734,7245,14979
2090,20200210,5호선,마천,5193,5212,10405
2091,20200211,5호선,방화,7654,7185,14839
2092,20200211,5호선,개화산,6223,5809,12032
2093,20200211,5호선,김포공항,6823,6282,13105
2094,20200211,5호선,송정,7503,6939,14442
2095,20200211,5호선,마곡,8386,7799,16185
2096,20200211,5호선,발산,20534,20736,41270
2097,20200211,5호선,우장산,15776,15633,31409
2098,20200211,5호선,화곡,31679,29577,61256
2099,20200211,5호선,까치산,31637,30148,61785
2100,20200211,5호선,신정,14838,11371,26209
2101,20200211,5호선,목동,19214,21141,40355
2102,20200211,5호선,오목교,25496,27528,53024
2103,20200211,5호선,양평,7884,7865,15749
2104,20200211,5호선,영등포구청,4286,4326,8612
2105,20200211,5호선,영등포시장,10076,10360,20436
2106,20200211,5호선,신길,3861,4298,8159
2107,20200211,5호선,여의도,29328,31226,60554
2108,20200211,5호선,여의나루,8988,9153,18141
2109,20200211,5호선,마포,15536,16031,31567
2110,20200211,5호선,공덕,15450,16747,32197
2111,20200211,5호선,애오개,7669,7738,15407
2112,20200211,5호선,충정로,5090,5382,10472
2113,20200211,5호선,서대문,20097,20778,40875
2114,20200211,5호선,광화문,36482,38716,75198
2115,20200211,5호선,종로3가,14826,14528,29354
2116,20200211,5호선,을지로4가,6547,6645,13192
2117,20200211,5호선,동대문역사문화공원,3426,3937,7363
2118,20200211,5호선,청구,4440,3996,8436
2119,20200211,5호선,신금호,6751,6810,13561
2120,20200211,5호선,행당,8835,7880,16715
2121,20200211,5호선,왕십리,4970,5510,10480
2122,20200211,5호선,마장,5868,5559,11427
2123,20200211,5호선,답십리,17565,15866,33431
2124,20200211,5호선,장한평,19743,19572,39315
2125,20200211,5호선,군자,11756,12768,24524
2126,20200211,5호선,아차산,14731,14458,29189
2127,20200211,5호선,광나루,13881,12449,26330
2128,20200211,5호선,천호,19295,20209,39504
2129,20200211,5호선,강동,21478,18949,40427
2130,20200211,5호선,길동,7717,8243,15960
2131,20200211,5호선,굽은다리,9522,9023,18545
2132,20200211,5호선,명일,9054,9343,18397
2133,20200211,5호선,고덕,9365,9507,18872
2134,20200211,5호선,상일동,17054,14449,31503
2135,20200211,5호선,둔촌동,8982,9181,18163
2136,20200211,5호선,올림픽공원,4258,3824,8082
2137,20200211,5호선,방이,7634,7912,15546
2138,20200211,5호선,오금,3813,3782,7595
2139,20200211,5호선,개롱,6992,7068,14060
2140,20200211,5호선,거여,8065,7549,15614
2141,20200211,5호선,마천,5337,5261,10598
2142,20200212,5호선,방화,7012,6655,13667
2143,20200212,5호선,개화산,5916,5602,11518
2144,20200212,5호선,김포공항,6747,6052,12799
2145,20200212,5호선,송정,7209,6574,13783
2146,20200212,5호선,마곡,8109,7601,15710
2147,20200212,5호선,발산,20795,21195,41990
2148,20200212,5호선,우장산,15403,15261,30664
2149,20200212,5호선,화곡,30755,28876,59631
2150,20200212,5호선,까치산,30626,29208,59834
2151,20200212,5호선,신정,14471,11067,25538
2152,20200212,5호선,목동,18605,20404,39009
2153,20200212,5호선,오목교,25125,26961,52086
2154,20200212,5호선,양평,7937,7861,15798
2155,20200212,5호선,영등포구청,4063,4188,8251
2156,20200212,5호선,영등포시장,9698,10117,19815
2157,20200212,5호선,신길,3802,4242,8044
2158,20200212,5호선,여의도,29084,30428,59512
2159,20200212,5호선,여의나루,7453,7767,15220
2160,20200212,5호선,마포,15469,16003,31472
2161,20200212,5호선,공덕,15086,16526,31612
2162,20200212,5호선,애오개,7742,7869,15611
2163,20200212,5호선,충정로,5098,5333,10431
2164,20200212,5호선,서대문,19931,20473,40404
2165,20200212,5호선,광화문,36231,38125,74356
2166,20200212,5호선,종로3가,14219,13640,27859
2167,20200212,5호선,을지로4가,5918,6366,12284
2168,20200212,5호선,동대문역사문화공원,3407,3953,7360
2169,20200212,5호선,청구,4402,3968,8370
2170,20200212,5호선,신금호,6455,6614,13069
2171,20200212,5호선,행당,8750,7646,16396
2172,20200212,5호선,왕십리,4952,5618,10570
2173,20200212,5호선,마장,5780,5470,11250
2174,20200212,5호선,답십리,17198,15611,32809
2175,20200212,5호선,장한평,19838,19910,39748
2176,20200212,5호선,군자,11389,12514,23903
2177,20200212,5호선,아차산,13903,13665,27568
2178,20200212,5호선,광나루,13278,11611,24889
2179,20200212,5호선,천호,18763,19272,38035
2180,20200212,5호선,강동,21032,18555,39587
2181,20200212,5호선,길동,7831,8374,16205
2182,20200212,5호선,굽은다리,9503,9270,18773
2183,20200212,5호선,명일,8626,9235,17861
2184,20200212,5호선,고덕,9161,9217,18378
2185,20200212,5호선,상일동,16502,13924,30426
2186,20200212,5호선,둔촌동,8839,9171,18010
2187,20200212,5호선,올림픽공원,4116,3583,7699
2188,20200212,5호선,방이,7612,7872,15484
2189,20200212,5호선,오금,3724,3702,7426
2190,20200212,5호선,개롱,6753,7064,13817
2191,20200212,5호선,거여,7800,7358,15158
2192,20200212,5호선,마천,5081,5055,10136
2193,20200213,5호선,방화,7429,7049,14478
2194,20200213,5호선,개화산,6097,5767,11864
2195,20200213,5호선,김포공항,7016,6683,13699
2196,20200213,5호선,송정,7601,6984,14585
2197,20200213,5호선,마곡,8296,7797,16093
2198,20200213,5호선,발산,20972,21304,42276
2199,20200213,5호선,우장산,15800,15646,31446
2200,20200213,5호선,화곡,31790,29482,61272
2201,20200213,5호선,까치산,31889,30012,61901
2202,20200213,5호선,신정,14756,11266,26022
2203,20200213,5호선,목동,19105,20830,39935
2204,20200213,5호선,오목교,26227,28315,54542
2205,20200213,5호선,양평,7982,7824,15806
2206,20200213,5호선,영등포구청,4229,4233,8462
2207,20200213,5호선,영등포시장,10285,10616,20901
2208,20200213,5호선,신길,3824,4218,8042
2209,20200213,5호선,여의도,29702,31405,61107
2210,20200213,5호선,여의나루,8245,8741,16986
2211,20200213,5호선,마포,15645,16319,31964
2212,20200213,5호선,공덕,15511,16785,32296
2213,20200213,5호선,애오개,7761,7991,15752
2214,20200213,5호선,충정로,4924,5111,10035
2215,20200213,5호선,서대문,19777,20887,40664
2216,20200213,5호선,광화문,36892,39200,76092
2217,20200213,5호선,종로3가,15327,14997,30324
2218,20200213,5호선,을지로4가,6364,6667,13031
2219,20200213,5호선,동대문역사문화공원,3391,3852,7243
2220,20200213,5호선,청구,4491,3984,8475
2221,20200213,5호선,신금호,6739,6700,13439
2222,20200213,5호선,행당,8917,7927,16844
2223,20200213,5호선,왕십리,5102,5659,10761
2224,20200213,5호선,마장,5993,5542,11535
2225,20200213,5호선,답십리,17622,15967,33589
2226,20200213,5호선,장한평,20684,20432,41116
2227,20200213,5호선,군자,11781,12776,24557
2228,20200213,5호선,아차산,14766,14397,29163
2229,20200213,5호선,광나루,13927,12336,26263
2230,20200213,5호선,천호,20030,20722,40752
2231,20200213,5호선,강동,21621,18963,40584
2232,20200213,5호선,길동,7847,8402,16249
2233,20200213,5호선,굽은다리,9831,9179,19010
2234,20200213,5호선,명일,9010,9279,18289
2235,20200213,5호선,고덕,9477,9557,19034
2236,20200213,5호선,상일동,17287,14520,31807
2237,20200213,5호선,둔촌동,9193,9325,18518
2238,20200213,5호선,올림픽공원,4348,3685,8033
2239,20200213,5호선,방이,7856,8164,16020
2240,20200213,5호선,오금,3781,3916,7697
2241,20200213,5호선,개롱,7014,7098,14112
2242,20200213,5호선,거여,8001,7471,15472
2243,20200213,5호선,마천,5303,5229,10532
2244,20200214,5호선,방화,7650,6966,14616
2245,20200214,5호선,개화산,6291,5941,12232
2246,20200214,5호선,김포공항,7514,7264,14778
2247,20200214,5호선,송정,7880,7075,14955
2248,20200214,5호선,마곡,8417,7867,16284
2249,20200214,5호선,발산,21567,22446,44013
2250,20200214,5호선,우장산,16461,15927,32388
2251,20200214,5호선,화곡,32954,29947,62901
2252,20200214,5호선,까치산,33074,31127,64201
2253,20200214,5호선,신정,15230,11319,26549
2254,20200214,5호선,목동,19930,21299,41229
2255,20200214,5호선,오목교,27111,29817,56928
2256,20200214,5호선,양평,8060,7685,15745
2257,20200214,5호선,영등포구청,4446,4415,8861
2258,20200214,5호선,영등포시장,10833,11153,21986
2259,20200214,5호선,신길,4041,4266,8307
2260,20200214,5호선,여의도,29793,31617,61410
2261,20200214,5호선,여의나루,9728,9562,19290
2262,20200214,5호선,마포,15846,16651,32497
2263,20200214,5호선,공덕,16083,17397,33480
2264,20200214,5호선,애오개,8150,8086,16236
2265,20200214,5호선,충정로,5013,5114,10127
2266,20200214,5호선,서대문,19866,20654,40520
2267,20200214,5호선,광화문,37601,40160,77761
2268,20200214,5호선,종로3가,16050,16762,32812
2269,20200214,5호선,을지로4가,6492,6744,13236
2270,20200214,5호선,동대문역사문화공원,3255,3847,7102
2271,20200214,5호선,청구,4497,4139,8636
2272,20200214,5호선,신금호,6989,6847,13836
2273,20200214,5호선,행당,9033,7873,16906
2274,20200214,5호선,왕십리,5290,6316,11606
2275,20200214,5호선,마장,6198,5736,11934
2276,20200214,5호선,답십리,17954,16325,34279
2277,20200214,5호선,장한평,20891,20738,41629
2278,20200214,5호선,군자,12334,13437,25771
2279,20200214,5호선,아차산,15305,14890,30195
2280,20200214,5호선,광나루,14468,12767,27235
2281,20200214,5호선,천호,21656,22804,44460
2282,20200214,5호선,강동,22148,19124,41272
2283,20200214,5호선,길동,8367,8915,17282
2284,20200214,5호선,굽은다리,10036,9302,19338
2285,20200214,5호선,명일,9486,9552,19038
2286,20200214,5호선,고덕,9940,9854,19794
2287,20200214,5호선,상일동,17666,14464,32130
2288,20200214,5호선,둔촌동,9398,9544,18942
2289,20200214,5호선,올림픽공원,4526,3834,8360
2290,20200214,5호선,방이,7908,8002,15910
2291,20200214,5호선,오금,3889,3905,7794
2292,20200214,5호선,개롱,7054,7040,14094
2293,20200214,5호선,거여,8391,7735,16126
2294,20200214,5호선,마천,5413,5267,10680
2295,20200215,5호선,방화,5155,4833,9988
2296,20200215,5호선,개화산,4087,3924,8011
2297,20200215,5호선,김포공항,6447,6595,13042
2298,20200215,5호선,송정,5519,5274,10793
2299,20200215,5호선,마곡,3956,3638,7594
2300,20200215,5호선,발산,14699,15575,30274
2301,20200215,5호선,우장산,10524,10342,20866
2302,20200215,5호선,화곡,21956,20135,42091
2303,20200215,5호선,까치산,22619,21335,43954
2304,20200215,5호선,신정,9397,7670,17067
2305,20200215,5호선,목동,12396,12590,24986
2306,20200215,5호선,오목교,18688,19467,38155
2307,20200215,5호선,양평,3748,3445,7193
2308,20200215,5호선,영등포구청,1987,1988,3975
2309,20200215,5호선,영등포시장,8332,8803,17135
2310,20200215,5호선,신길,2272,2440,4712
2311,20200215,5호선,여의도,9062,9851,18913
2312,20200215,5호선,여의나루,4814,4911,9725
2313,20200215,5호선,마포,7709,7886,15595
2314,20200215,5호선,공덕,7766,8357,16123
2315,20200215,5호선,애오개,4044,3848,7892
2316,20200215,5호선,충정로,2109,1904,4013
2317,20200215,5호선,서대문,7878,7726,15604
2318,20200215,5호선,광화문,22324,22370,44694
2319,20200215,5호선,종로3가,13759,13332,27091
2320,20200215,5호선,을지로4가,3364,3847,7211
2321,20200215,5호선,동대문역사문화공원,1086,1384,2470
2322,20200215,5호선,청구,2803,2485,5288
2323,20200215,5호선,신금호,4328,4293,8621
2324,20200215,5호선,행당,6126,5303,11429
2325,20200215,5호선,왕십리,3746,4788,8534
2326,20200215,5호선,마장,4014,3936,7950
2327,20200215,5호선,답십리,11144,10339,21483
2328,20200215,5호선,장한평,12332,12249,24581
2329,20200215,5호선,군자,8740,9865,18605
2330,20200215,5호선,아차산,12249,11603,23852
2331,20200215,5호선,광나루,11127,10709,21836
2332,20200215,5호선,천호,18127,17901,36028
2333,20200215,5호선,강동,15549,13978,29527
2334,20200215,5호선,길동,5795,5957,11752
2335,20200215,5호선,굽은다리,7607,6973,14580
2336,20200215,5호선,명일,6025,5779,11804
2337,20200215,5호선,고덕,5973,5804,11777
2338,20200215,5호선,상일동,10366,9142,19508
2339,20200215,5호선,둔촌동,6473,6371,12844
2340,20200215,5호선,올림픽공원,2868,2680,5548
2341,20200215,5호선,방이,5414,5372,10786
2342,20200215,5호선,오금,2445,2286,4731
2343,20200215,5호선,개롱,4873,4916,9789
2344,20200215,5호선,거여,5332,5147,10479
2345,20200215,5호선,마천,4231,4226,8457
2346,20200216,5호선,방화,3706,3647,7353
2347,20200216,5호선,개화산,2829,2819,5648
2348,20200216,5호선,김포공항,5952,5879,11831
2349,20200216,5호선,송정,3868,3944,7812
2350,20200216,5호선,마곡,2261,2382,4643
2351,20200216,5호선,발산,8666,9077,17743
2352,20200216,5호선,우장산,6889,7016,13905
2353,20200216,5호선,화곡,14940,13912,28852
2354,20200216,5호선,까치산,15911,15470,31381
2355,20200216,5호선,신정,6415,5623,12038
2356,20200216,5호선,목동,7931,8240,16171
2357,20200216,5호선,오목교,12978,13539,26517
2358,20200216,5호선,양평,2447,2501,4948
2359,20200216,5호선,영등포구청,1253,1269,2522
2360,20200216,5호선,영등포시장,5168,5485,10653
2361,20200216,5호선,신길,1393,1667,3060
2362,20200216,5호선,여의도,5730,6195,11925
2363,20200216,5호선,여의나루,2794,3036,5830
2364,20200216,5호선,마포,4667,4869,9536
2365,20200216,5호선,공덕,4656,4589,9245
2366,20200216,5호선,애오개,2765,3002,5767
2367,20200216,5호선,충정로,1405,1374,2779
2368,20200216,5호선,서대문,4961,4767,9728
2369,20200216,5호선,광화문,13468,13422,26890
2370,20200216,5호선,종로3가,8921,7408,16329
2371,20200216,5호선,을지로4가,1190,1400,2590
2372,20200216,5호선,동대문역사문화공원,694,851,1545
2373,20200216,5호선,청구,1835,1522,3357
2374,20200216,5호선,신금호,2915,3081,5996
2375,20200216,5호선,행당,3894,3630,7524
2376,20200216,5호선,왕십리,2725,3181,5906
2377,20200216,5호선,마장,3066,3060,6126
2378,20200216,5호선,답십리,7634,7031,14665
2379,20200216,5호선,장한평,8198,8150,16348
2380,20200216,5호선,군자,6000,6874,12874
2381,20200216,5호선,아차산,8812,8526,17338
2382,20200216,5호선,광나루,9757,9237,18994
2383,20200216,5호선,천호,12989,12682,25671
2384,20200216,5호선,강동,10451,9689,20140
2385,20200216,5호선,길동,4104,4146,8250
2386,20200216,5호선,굽은다리,5509,5169,10678
2387,20200216,5호선,명일,4589,4498,9087
2388,20200216,5호선,고덕,3907,3880,7787
2389,20200216,5호선,상일동,6627,6284,12911
2390,20200216,5호선,둔촌동,5240,5295,10535
2391,20200216,5호선,올림픽공원,2103,2085,4188
2392,20200216,5호선,방이,3950,3890,7840
2393,20200216,5호선,오금,1585,1556,3141
2394,20200216,5호선,개롱,3095,3326,6421
2395,20200216,5호선,거여,3657,3593,7250
2396,20200216,5호선,마천,2912,3204,6116
2397,20200217,5호선,방화,7261,6918,14179
2398,20200217,5호선,개화산,6042,5743,11785
2399,20200217,5호선,김포공항,7012,6729,13741
2400,20200217,5호선,송정,7273,6707,13980
2401,20200217,5호선,마곡,8255,7754,16009
2402,20200217,5호선,발산,20731,21107,41838
2403,20200217,5호선,우장산,15342,15213,30555
2404,20200217,5호선,화곡,31104,28956,60060
2405,20200217,5호선,까치산,30931,29489,60420
2406,20200217,5호선,신정,14658,11348,26006
2407,20200217,5호선,목동,18702,20694,39396
2408,20200217,5호선,오목교,25537,27357,52894
2409,20200217,5호선,양평,8069,8143,16212
2410,20200217,5호선,영등포구청,4165,4207,8372
2411,20200217,5호선,영등포시장,9780,10242,20022
2412,20200217,5호선,신길,3890,4285,8175
2413,20200217,5호선,여의도,29691,31540,61231
2414,20200217,5호선,여의나루,7414,7993,15407
2415,20200217,5호선,마포,15953,16256,32209
2416,20200217,5호선,공덕,15633,16623,32256
2417,20200217,5호선,애오개,7887,8023,15910
2418,20200217,5호선,충정로,5064,5278,10342
2419,20200217,5호선,서대문,19893,20624,40517
2420,20200217,5호선,광화문,36309,38114,74423
2421,20200217,5호선,종로3가,14181,13698,27879
2422,20200217,5호선,을지로4가,6163,6282,12445
2423,20200217,5호선,동대문역사문화공원,3580,4066,7646
2424,20200217,5호선,청구,4441,4140,8581
2425,20200217,5호선,신금호,6595,6610,13205
2426,20200217,5호선,행당,9088,8016,17104
2427,20200217,5호선,왕십리,4949,5522,10471
2428,20200217,5호선,마장,6001,5832,11833
2429,20200217,5호선,답십리,17361,16220,33581
2430,20200217,5호선,장한평,19456,19515,38971
2431,20200217,5호선,군자,11794,12722,24516
2432,20200217,5호선,아차산,14259,13744,28003
2433,20200217,5호선,광나루,13902,12344,26246
2434,20200217,5호선,천호,18608,19493,38101
2435,20200217,5호선,강동,21698,19188,40886
2436,20200217,5호선,길동,8013,8603,16616
2437,20200217,5호선,굽은다리,9784,9393,19177
2438,20200217,5호선,명일,9173,9521,18694
2439,20200217,5호선,고덕,9807,9837,19644
2440,20200217,5호선,상일동,17458,14797,32255
2441,20200217,5호선,둔촌동,8950,9110,18060
2442,20200217,5호선,올림픽공원,4493,3898,8391
2443,20200217,5호선,방이,8102,8311,16413
2444,20200217,5호선,오금,3952,3813,7765
2445,20200217,5호선,개롱,7217,7294,14511
2446,20200217,5호선,거여,8437,7803,16240
2447,20200217,5호선,마천,5383,5217,10600
2448,20200218,5호선,방화,7295,6869,14164
2449,20200218,5호선,개화산,6062,5718,11780
2450,20200218,5호선,김포공항,7149,6810,13959
2451,20200218,5호선,송정,7476,6807,14283
2452,20200218,5호선,마곡,8151,7747,15898
2453,20200218,5호선,발산,20651,20872,41523
2454,20200218,5호선,우장산,15586,15403,30989
2455,20200218,5호선,화곡,31196,28898,60094
2456,20200218,5호선,까치산,31171,29814,60985
2457,20200218,5호선,신정,14674,11240,25914
2458,20200218,5호선,목동,19023,20660,39683
2459,20200218,5호선,오목교,25723,27681,53404
2460,20200218,5호선,양평,7968,7850,15818
2461,20200218,5호선,영등포구청,4212,4158,8370
2462,20200218,5호선,영등포시장,10113,10383,20496
2463,20200218,5호선,신길,3893,4317,8210
2464,20200218,5호선,여의도,29491,31102,60593
2465,20200218,5호선,여의나루,7714,8147,15861
2466,20200218,5호선,마포,15771,16205,31976
2467,20200218,5호선,공덕,15564,16792,32356
2468,20200218,5호선,애오개,7816,7920,15736
2469,20200218,5호선,충정로,4927,5135,10062
2470,20200218,5호선,서대문,19696,20397,40093
2471,20200218,5호선,광화문,37346,39338,76684
2472,20200218,5호선,종로3가,14258,13620,27878
2473,20200218,5호선,을지로4가,6211,6317,12528
2474,20200218,5호선,동대문역사문화공원,3473,3979,7452
2475,20200218,5호선,청구,4417,4130,8547
2476,20200218,5호선,신금호,6558,6713,13271
2477,20200218,5호선,행당,8802,7918,16720
2478,20200218,5호선,왕십리,4971,5519,10490
2479,20200218,5호선,마장,5926,5729,11655
2480,20200218,5호선,답십리,17634,16018,33652
2481,20200218,5호선,장한평,19670,19661,39331
2482,20200218,5호선,군자,11696,12768,24464
2483,20200218,5호선,아차산,14238,13883,28121
2484,20200218,5호선,광나루,13998,12343,26341
2485,20200218,5호선,천호,19136,20003,39139
2486,20200218,5호선,강동,21178,18822,40000
2487,20200218,5호선,길동,7822,8404,16226
2488,20200218,5호선,굽은다리,9608,9238,18846
2489,20200218,5호선,명일,9060,9365,18425
2490,20200218,5호선,고덕,9440,9603,19043
2491,20200218,5호선,상일동,17177,14715,31892
2492,20200218,5호선,둔촌동,8951,9147,18098
2493,20200218,5호선,올림픽공원,4153,3717,7870
2494,20200218,5호선,방이,7960,8182,16142
2495,20200218,5호선,오금,3792,3874,7666
2496,20200218,5호선,개롱,7465,7506,14971
2497,20200218,5호선,거여,7932,7506,15438
2498,20200218,5호선,마천,5266,5208,10474
2499,20200219,5호선,방화,7377,6897,14274
2500,20200219,5호선,개화산,6051,5827,11878
2501,20200219,5호선,김포공항,7092,6629,13721
2502,20200219,5호선,송정,7529,6953,14482
2503,20200219,5호선,마곡,8338,7839,16177
2504,20200219,5호선,발산,21346,21772,43118
2505,20200219,5호선,우장산,15700,15402,31102
2506,20200219,5호선,화곡,31546,29221,60767
2507,20200219,5호선,까치산,31745,30161,61906
2508,20200219,5호선,신정,14759,11411,26170
2509,20200219,5호선,목동,19232,20978,40210
2510,20200219,5호선,오목교,26315,27987,54302
2511,20200219,5호선,양평,8036,7917,15953
2512,20200219,5호선,영등포구청,4249,4323,8572
2513,20200219,5호선,영등포시장,10187,10532,20719
2514,20200219,5호선,신길,3848,4251,8099
2515,20200219,5호선,여의도,29390,31234,60624
2516,20200219,5호선,여의나루,8245,8498,16743
2517,20200219,5호선,마포,15683,16265,31948
2518,20200219,5호선,공덕,15874,17044,32918
2519,20200219,5호선,애오개,7986,8068,16054
2520,20200219,5호선,충정로,5293,5587,10880
2521,20200219,5호선,서대문,19773,20534,40307
2522,20200219,5호선,광화문,38244,40425,78669
2523,20200219,5호선,종로3가,14440,13910,28350
2524,20200219,5호선,을지로4가,6284,6550,12834
2525,20200219,5호선,동대문역사문화공원,3492,4001,7493
2526,20200219,5호선,청구,4588,4135,8723
2527,20200219,5호선,신금호,6394,6555,12949
2528,20200219,5호선,행당,8870,7833,16703
2529,20200219,5호선,왕십리,4819,5179,9998
2530,20200219,5호선,마장,5896,5558,11454
2531,20200219,5호선,답십리,17710,16210,33920
2532,20200219,5호선,장한평,20420,20360,40780
2533,20200219,5호선,군자,11800,13055,24855
2534,20200219,5호선,아차산,14643,14287,28930
2535,20200219,5호선,광나루,14282,12521,26803
2536,20200219,5호선,천호,19232,20055,39287
2537,20200219,5호선,강동,21814,19045,40859
2538,20200219,5호선,길동,7848,8429,16277
2539,20200219,5호선,굽은다리,9912,9594,19506
2540,20200219,5호선,명일,9009,9647,18656
2541,20200219,5호선,고덕,9768,9903,19671
2542,20200219,5호선,상일동,17574,14766,32340
2543,20200219,5호선,둔촌동,8898,8948,17846
2544,20200219,5호선,올림픽공원,4165,3717,7882
2545,20200219,5호선,방이,7901,8306,16207
2546,20200219,5호선,오금,3750,3894,7644
2547,20200219,5호선,개롱,7481,7654,15135
2548,20200219,5호선,거여,8301,7722,16023
2549,20200219,5호선,마천,5348,5292,10640
2550,20200220,5호선,방화,7314,6830,14144
2551,20200220,5호선,개화산,5973,5695,11668
2552,20200220,5호선,김포공항,7252,6609,13861
2553,20200220,5호선,송정,7416,6756,14172
2554,20200220,5호선,마곡,8218,7826,16044
2555,20200220,5호선,발산,20833,20953,41786
2556,20200220,5호선,우장산,15246,15088,30334
2557,20200220,5호선,화곡,31185,28830,60015
2558,20200220,5호선,까치산,31155,29657,60812
2559,20200220,5호선,신정,14575,10977,25552
2560,20200220,5호선,목동,19008,20766,39774
2561,20200220,5호선,오목교,25273,27143,52416
2562,20200220,5호선,양평,7881,7777,15658
2563,20200220,5호선,영등포구청,4177,4305,8482
2564,20200220,5호선,영등포시장,10060,10389,20449
2565,20200220,5호선,신길,3807,4179,7986
2566,20200220,5호선,여의도,29144,31102,60246
2567,20200220,5호선,여의나루,8461,8996,17457
2568,20200220,5호선,마포,15810,16183,31993
2569,20200220,5호선,공덕,15483,16720,32203
2570,20200220,5호선,애오개,7877,7877,15754
2571,20200220,5호선,충정로,5069,5269,10338
2572,20200220,5호선,서대문,19405,20194,39599
2573,20200220,5호선,광화문,35969,38020,73989
2574,20200220,5호선,종로3가,13737,13282,27019
2575,20200220,5호선,을지로4가,6292,6355,12647
2576,20200220,5호선,동대문역사문화공원,3357,3941,7298
2577,20200220,5호선,청구,4383,4070,8453
2578,20200220,5호선,신금호,6168,6212,12380
2579,20200220,5호선,행당,8468,7486,15954
2580,20200220,5호선,왕십리,4510,4981,9491
2581,20200220,5호선,마장,5675,5373,11048
2582,20200220,5호선,답십리,17068,15640,32708
2583,20200220,5호선,장한평,20017,20079,40096
2584,20200220,5호선,군자,11566,12766,24332
2585,20200220,5호선,아차산,14307,14115,28422
2586,20200220,5호선,광나루,13916,12365,26281
2587,20200220,5호선,천호,19081,19901,38982
2588,20200220,5호선,강동,21255,18634,39889
2589,20200220,5호선,길동,7528,8033,15561
2590,20200220,5호선,굽은다리,9611,9172,18783
2591,20200220,5호선,명일,8849,9152,18001
2592,20200220,5호선,고덕,9143,9199,18342
2593,20200220,5호선,상일동,17308,14618,31926
2594,20200220,5호선,둔촌동,8820,8668,17488
2595,20200220,5호선,올림픽공원,4036,3706,7742
2596,20200220,5호선,방이,7855,8014,15869
2597,20200220,5호선,오금,3820,3877,7697
2598,20200220,5호선,개롱,6893,7110,14003
2599,20200220,5호선,거여,8129,7665,15794
2600,20200220,5호선,마천,5277,5259,10536
2601,20200221,5호선,방화,7082,6627,13709
2602,20200221,5호선,개화산,5862,5574,11436
2603,20200221,5호선,김포공항,7024,6311,13335
2604,20200221,5호선,송정,7239,6654,13893
2605,20200221,5호선,마곡,8186,7584,15770
2606,20200221,5호선,발산,19893,20576,40469
2607,20200221,5호선,우장산,14768,14447,29215
2608,20200221,5호선,화곡,30669,28125,58794
2609,20200221,5호선,까치산,30833,28839,59672
2610,20200221,5호선,신정,14419,10922,25341
2611,20200221,5호선,목동,18260,20104,38364
2612,20200221,5호선,오목교,25085,27279,52364
2613,20200221,5호선,양평,7745,7722,15467
2614,20200221,5호선,영등포구청,4017,4055,8072
2615,20200221,5호선,영등포시장,9916,10341,20257
2616,20200221,5호선,신길,3822,4117,7939
2617,20200221,5호선,여의도,28169,29643,57812
2618,20200221,5호선,여의나루,8070,8065,16135
2619,20200221,5호선,마포,15418,15926,31344
2620,20200221,5호선,공덕,14927,16560,31487
2621,20200221,5호선,애오개,7518,7569,15087
2622,20200221,5호선,충정로,4951,4977,9928
2623,20200221,5호선,서대문,18639,19142,37781
2624,20200221,5호선,광화문,34530,36097,70627
2625,20200221,5호선,종로3가,12716,12713,25429
2626,20200221,5호선,을지로4가,5884,6180,12064
2627,20200221,5호선,동대문역사문화공원,3334,3850,7184
2628,20200221,5호선,청구,4298,3880,8178
2629,20200221,5호선,신금호,6100,6092,12192
2630,20200221,5호선,행당,8245,7207,15452
2631,20200221,5호선,왕십리,4530,5247,9777
2632,20200221,5호선,마장,5657,5386,11043
2633,20200221,5호선,답십리,16897,15148,32045
2634,20200221,5호선,장한평,19668,19745,39413
2635,20200221,5호선,군자,11594,12587,24181
2636,20200221,5호선,아차산,13959,13473,27432
2637,20200221,5호선,광나루,14211,12163,26374
2638,20200221,5호선,천호,18888,19939,38827
2639,20200221,5호선,강동,20681,17936,38617
2640,20200221,5호선,길동,7642,8242,15884
2641,20200221,5호선,굽은다리,9518,8830,18348
2642,20200221,5호선,명일,8586,8984,17570
2643,20200221,5호선,고덕,9046,9032,18078
2644,20200221,5호선,상일동,16833,13966,30799
2645,20200221,5호선,둔촌동,8559,8693,17252
2646,20200221,5호선,올림픽공원,3974,3426,7400
2647,20200221,5호선,방이,7650,7820,15470
2648,20200221,5호선,오금,3566,3556,7122
2649,20200221,5호선,개롱,6681,6876,13557
2650,20200221,5호선,거여,7915,7333,15248
2651,20200221,5호선,마천,5267,5211,10478
2652,20200222,5호선,방화,3965,3708,7673
2653,20200222,5호선,개화산,3336,3212,6548
2654,20200222,5호선,김포공항,5151,5011,10162
2655,20200222,5호선,송정,4513,4423,8936
2656,20200222,5호선,마곡,3230,3059,6289
2657,20200222,5호선,발산,11995,12856,24851
2658,20200222,5호선,우장산,8207,8163,16370
2659,20200222,5호선,화곡,17905,16389,34294
2660,20200222,5호선,까치산,18902,18064,36966
2661,20200222,5호선,신정,7923,6339,14262
2662,20200222,5호선,목동,10071,10501,20572
2663,20200222,5호선,오목교,15418,16140,31558
2664,20200222,5호선,양평,3148,2912,6060
2665,20200222,5호선,영등포구청,1642,1694,3336
2666,20200222,5호선,영등포시장,6954,7286,14240
2667,20200222,5호선,신길,2045,2185,4230
2668,20200222,5호선,여의도,7286,8027,15313
2669,20200222,5호선,여의나루,4250,4373,8623
2670,20200222,5호선,마포,6331,6326,12657
2671,20200222,5호선,공덕,6639,7005,13644
2672,20200222,5호선,애오개,3244,3139,6383
2673,20200222,5호선,충정로,1691,1584,3275
2674,20200222,5호선,서대문,6234,6050,12284
2675,20200222,5호선,광화문,13899,14295,28194
2676,20200222,5호선,종로3가,7767,7948,15715
2677,20200222,5호선,을지로4가,2617,2955,5572
2678,20200222,5호선,동대문역사문화공원,981,1177,2158
2679,20200222,5호선,청구,2347,1971,4318
2680,20200222,5호선,신금호,3432,3460,6892
2681,20200222,5호선,행당,4657,4066,8723
2682,20200222,5호선,왕십리,2848,3447,6295
2683,20200222,5호선,마장,3382,3219,6601
2684,20200222,5호선,답십리,9271,8692,17963
2685,20200222,5호선,장한평,10268,10075,20343
2686,20200222,5호선,군자,7345,8064,15409
2687,20200222,5호선,아차산,9369,9005,18374
2688,20200222,5호선,광나루,8659,7973,16632
2689,20200222,5호선,천호,14603,14521,29124
2690,20200222,5호선,강동,12899,11549,24448
2691,20200222,5호선,길동,4783,5004,9787
2692,20200222,5호선,굽은다리,6013,5652,11665
2693,20200222,5호선,명일,4693,4623,9316
2694,20200222,5호선,고덕,4660,4677,9337
2695,20200222,5호선,상일동,8080,7274,15354
2696,20200222,5호선,둔촌동,5204,5127,10331
2697,20200222,5호선,올림픽공원,2048,1843,3891
2698,20200222,5호선,방이,4598,4367,8965
2699,20200222,5호선,오금,2104,2006,4110
2700,20200222,5호선,개롱,3977,4103,8080
2701,20200222,5호선,거여,4578,4294,8872
2702,20200222,5호선,마천,3545,3503,7048
2703,20200223,5호선,방화,2770,2734,5504
2704,20200223,5호선,개화산,2269,2276,4545
2705,20200223,5호선,김포공항,4327,3824,8151
2706,20200223,5호선,송정,3049,2984,6033
2707,20200223,5호선,마곡,2022,1976,3998
2708,20200223,5호선,발산,6845,7273,14118
2709,20200223,5호선,우장산,5374,5410,10784
2710,20200223,5호선,화곡,11553,10935,22488
2711,20200223,5호선,까치산,13004,12506,25510
2712,20200223,5호선,신정,4965,4467,9432
2713,20200223,5호선,목동,6397,6658,13055
2714,20200223,5호선,오목교,9871,10167,20038
2715,20200223,5호선,양평,2011,2061,4072
2716,20200223,5호선,영등포구청,1088,1015,2103
2717,20200223,5호선,영등포시장,3532,3801,7333
2718,20200223,5호선,신길,1224,1432,2656
2719,20200223,5호선,여의도,4634,4976,9610
2720,20200223,5호선,여의나루,3048,3135,6183
2721,20200223,5호선,마포,3731,3743,7474
2722,20200223,5호선,공덕,3582,3700,7282
2723,20200223,5호선,애오개,2276,2360,4636
2724,20200223,5호선,충정로,1054,1105,2159
2725,20200223,5호선,서대문,3884,3791,7675
2726,20200223,5호선,광화문,9266,9720,18986
2727,20200223,5호선,종로3가,5336,4856,10192
2728,20200223,5호선,을지로4가,1016,1087,2103
2729,20200223,5호선,동대문역사문화공원,614,733,1347
2730,20200223,5호선,청구,1508,1324,2832
2731,20200223,5호선,신금호,2255,2385,4640
2732,20200223,5호선,행당,3191,2976,6167
2733,20200223,5호선,왕십리,1940,2214,4154
2734,20200223,5호선,마장,2253,2245,4498
2735,20200223,5호선,답십리,5959,5548,11507
2736,20200223,5호선,장한평,6156,6098,12254
2737,20200223,5호선,군자,4717,5286,10003
2738,20200223,5호선,아차산,7511,7396,14907
2739,20200223,5호선,광나루,6657,6622,13279
2740,20200223,5호선,천호,9599,9237,18836
2741,20200223,5호선,강동,8193,7677,15870
2742,20200223,5호선,길동,3171,3214,6385
2743,20200223,5호선,굽은다리,3921,3745,7666
2744,20200223,5호선,명일,3065,3181,6246
2745,20200223,5호선,고덕,2950,2974,5924
2746,20200223,5호선,상일동,5097,4832,9929
2747,20200223,5호선,둔촌동,3663,3701,7364
2748,20200223,5호선,올림픽공원,1376,1319,2695
2749,20200223,5호선,방이,3153,3030,6183
2750,20200223,5호선,오금,1202,1231,2433
2751,20200223,5호선,개롱,2360,2596,4956
2752,20200223,5호선,거여,2925,2818,5743
2753,20200223,5호선,마천,2470,2761,5231
2754,20200224,5호선,방화,6071,5638,11709
2755,20200224,5호선,개화산,5314,5086,10400
2756,20200224,5호선,김포공항,5532,4912,10444
2757,20200224,5호선,송정,6307,5700,12007
2758,20200224,5호선,마곡,7256,6733,13989
2759,20200224,5호선,발산,17024,17365,34389
2760,20200224,5호선,우장산,12546,12434,24980
2761,20200224,5호선,화곡,27155,25196,52351
2762,20200224,5호선,까치산,27727,26474,54201
2763,20200224,5호선,신정,12876,9715,22591
2764,20200224,5호선,목동,15950,17866,33816
2765,20200224,5호선,오목교,20738,22566,43304
2766,20200224,5호선,양평,7207,7181,14388
2767,20200224,5호선,영등포구청,3802,3860,7662
2768,20200224,5호선,영등포시장,8461,8692,17153
2769,20200224,5호선,신길,3592,3901,7493
2770,20200224,5호선,여의도,25929,27147,53076
2771,20200224,5호선,여의나루,7362,7668,15030
2772,20200224,5호선,마포,13282,13602,26884
2773,20200224,5호선,공덕,13369,14367,27736
2774,20200224,5호선,애오개,6609,6708,13317
2775,20200224,5호선,충정로,4457,4644,9101
2776,20200224,5호선,서대문,17110,17485,34595
2777,20200224,5호선,광화문,30201,31831,62032
2778,20200224,5호선,종로3가,10299,10247,20546
2779,20200224,5호선,을지로4가,5531,5619,11150
2780,20200224,5호선,동대문역사문화공원,3129,3527,6656
2781,20200224,5호선,청구,3908,3445,7353
2782,20200224,5호선,신금호,5297,5567,10864
2783,20200224,5호선,행당,7443,6691,14134
2784,20200224,5호선,왕십리,3954,4202,8156
2785,20200224,5호선,마장,4945,4667,9612
2786,20200224,5호선,답십리,15434,14036,29470
2787,20200224,5호선,장한평,16997,16797,33794
2788,20200224,5호선,군자,9776,10577,20353
2789,20200224,5호선,아차산,12109,11913,24022
2790,20200224,5호선,광나루,11340,10243,21583
2791,20200224,5호선,천호,14934,15885,30819
2792,20200224,5호선,강동,17979,15804,33783
2793,20200224,5호선,길동,6392,6867,13259
2794,20200224,5호선,굽은다리,7923,7666,15589
2795,20200224,5호선,명일,7069,7504,14573
2796,20200224,5호선,고덕,7413,7707,15120
2797,20200224,5호선,상일동,14911,12665,27576
2798,20200224,5호선,둔촌동,7161,7258,14419
2799,20200224,5호선,올림픽공원,3191,2836,6027
2800,20200224,5호선,방이,6054,6249,12303
2801,20200224,5호선,오금,3295,3228,6523
2802,20200224,5호선,개롱,5508,5766,11274
2803,20200224,5호선,거여,6742,6371,13113
2804,20200224,5호선,마천,4552,4609,9161
2805,20200225,5호선,방화,5526,5301,10827
2806,20200225,5호선,개화산,4836,4663,9499
2807,20200225,5호선,김포공항,5030,4519,9549
2808,20200225,5호선,송정,5871,5276,11147
2809,20200225,5호선,마곡,6675,6346,13021
2810,20200225,5호선,발산,15808,16015,31823
2811,20200225,5호선,우장산,11213,11242,22455
2812,20200225,5호선,화곡,25079,23309,48388
2813,20200225,5호선,까치산,25740,24613,50353
2814,20200225,5호선,신정,12089,9166,21255
2815,20200225,5호선,목동,14766,16399,31165
2816,20200225,5호선,오목교,18965,20487,39452
2817,20200225,5호선,양평,6898,6900,13798
2818,20200225,5호선,영등포구청,3622,3616,7238
2819,20200225,5호선,영등포시장,7769,8020,15789
2820,20200225,5호선,신길,3397,3718,7115
2821,20200225,5호선,여의도,24703,25967,50670
2822,20200225,5호선,여의나루,6423,6792,13215
2823,20200225,5호선,마포,12582,12965,25547
2824,20200225,5호선,공덕,12485,13500,25985
2825,20200225,5호선,애오개,6412,6429,12841
2826,20200225,5호선,충정로,4245,4332,8577
2827,20200225,5호선,서대문,16520,17161,33681
2828,20200225,5호선,광화문,29541,31513,61054
2829,20200225,5호선,종로3가,9455,9255,18710
2830,20200225,5호선,을지로4가,5269,5395,10664
2831,20200225,5호선,동대문역사문화공원,3119,3512,6631
2832,20200225,5호선,청구,3684,3311,6995
2833,20200225,5호선,신금호,5165,5317,10482
2834,20200225,5호선,행당,6883,6133,13016
2835,20200225,5호선,왕십리,3694,4066,7760
2836,20200225,5호선,마장,4710,4467,9177
2837,20200225,5호선,답십리,14108,12996,27104
2838,20200225,5호선,장한평,15979,15898,31877
2839,20200225,5호선,군자,9238,9835,19073
2840,20200225,5호선,아차산,10749,10777,21526
2841,20200225,5호선,광나루,10797,9506,20303
2842,20200225,5호선,천호,13697,14379,28076
2843,20200225,5호선,강동,16553,14544,31097
2844,20200225,5호선,길동,5807,6251,12058
2845,20200225,5호선,굽은다리,7046,6751,13797
2846,20200225,5호선,명일,6460,6632,13092
2847,20200225,5호선,고덕,6449,6687,13136
2848,20200225,5호선,상일동,13713,11743,25456
2849,20200225,5호선,둔촌동,6526,6517,13043
2850,20200225,5호선,올림픽공원,2696,2366,5062
2851,20200225,5호선,방이,5474,5673,11147
2852,20200225,5호선,오금,3020,3053,6073
2853,20200225,5호선,개롱,5110,5308,10418
2854,20200225,5호선,거여,6199,5927,12126
2855,20200225,5호선,마천,4061,4068,8129
2856,20200226,5호선,방화,5664,5305,10969
2857,20200226,5호선,개화산,4967,4788,9755
2858,20200226,5호선,김포공항,4924,4398,9322
2859,20200226,5호선,송정,5895,5205,11100
2860,20200226,5호선,마곡,6709,6256,12965
2861,20200226,5호선,발산,15779,16177,31956
2862,20200226,5호선,우장산,11219,11006,22225
2863,20200226,5호선,화곡,25039,23442,48481
2864,20200226,5호선,까치산,26121,24829,50950
2865,20200226,5호선,신정,12188,9213,21401
2866,20200226,5호선,목동,14485,16362,30847
2867,20200226,5호선,오목교,18623,20252,38875
2868,20200226,5호선,양평,6704,6709,13413
2869,20200226,5호선,영등포구청,3504,3685,7189
2870,20200226,5호선,영등포시장,7921,8132,16053
2871,20200226,5호선,신길,3307,3639,6946
2872,20200226,5호선,여의도,24440,25405,49845
2873,20200226,5호선,여의나루,6841,7048,13889
2874,20200226,5호선,마포,12236,12708,24944
2875,20200226,5호선,공덕,12336,13074,25410
2876,20200226,5호선,애오개,6321,6440,12761
2877,20200226,5호선,충정로,4160,4336,8496
2878,20200226,5호선,서대문,16058,16668,32726
2879,20200226,5호선,광화문,28509,30060,58569
2880,20200226,5호선,종로3가,9718,9628,19346
2881,20200226,5호선,을지로4가,5403,5451,10854
2882,20200226,5호선,동대문역사문화공원,3068,3401,6469
2883,20200226,5호선,청구,3651,3330,6981
2884,20200226,5호선,신금호,5115,5244,10359
2885,20200226,5호선,행당,6770,6005,12775
2886,20200226,5호선,왕십리,3700,4046,7746
2887,20200226,5호선,마장,4546,4342,8888
2888,20200226,5호선,답십리,14165,12887,27052
2889,20200226,5호선,장한평,15945,15928,31873
2890,20200226,5호선,군자,9433,9964,19397
2891,20200226,5호선,아차산,11304,11221,22525
2892,20200226,5호선,광나루,10392,9204,19596
2893,20200226,5호선,천호,13987,14859,28846
2894,20200226,5호선,강동,16327,14379,30706
2895,20200226,5호선,길동,5756,6242,11998
2896,20200226,5호선,굽은다리,6806,6478,13284
2897,20200226,5호선,명일,5919,6123,12042
2898,20200226,5호선,고덕,6196,6433,12629
2899,20200226,5호선,상일동,13492,11538,25030
2900,20200226,5호선,둔촌동,6388,6492,12880
2901,20200226,5호선,올림픽공원,2687,2282,4969
2902,20200226,5호선,방이,5166,5365,10531
2903,20200226,5호선,오금,2973,2967,5940
2904,20200226,5호선,개롱,5007,5256,10263
2905,20200226,5호선,거여,6068,5683,11751
2906,20200226,5호선,마천,4117,4178,8295
2907,20200227,5호선,방화,5574,5310,10884
2908,20200227,5호선,개화산,4799,4677,9476
2909,20200227,5호선,김포공항,4731,4236,8967
2910,20200227,5호선,송정,5743,5302,11045
2911,20200227,5호선,마곡,6615,6303,12918
2912,20200227,5호선,발산,15209,15509,30718
2913,20200227,5호선,우장산,10697,10676,21373
2914,20200227,5호선,화곡,24568,22594,47162
2915,20200227,5호선,까치산,25379,24298,49677
2916,20200227,5호선,신정,11877,8931,20808
2917,20200227,5호선,목동,14134,15722,29856
2918,20200227,5호선,오목교,17940,19430,37370
2919,20200227,5호선,양평,6549,6579,13128
2920,20200227,5호선,영등포구청,3479,3548,7027
2921,20200227,5호선,영등포시장,7670,8021,15691
2922,20200227,5호선,신길,3216,3579,6795
2923,20200227,5호선,여의도,23022,24343,47365
2924,20200227,5호선,여의나루,6791,6902,13693
2925,20200227,5호선,마포,12049,12349,24398
2926,20200227,5호선,공덕,11978,12876,24854
2927,20200227,5호선,애오개,6208,6190,12398
2928,20200227,5호선,충정로,4026,4124,8150
2929,20200227,5호선,서대문,15594,16112,31706
2930,20200227,5호선,광화문,27106,28586,55692
2931,20200227,5호선,종로3가,9262,9130,18392
2932,20200227,5호선,을지로4가,5313,5419,10732
2933,20200227,5호선,동대문역사문화공원,2936,3235,6171
2934,20200227,5호선,청구,3628,3293,6921
2935,20200227,5호선,신금호,4986,5118,10104
2936,20200227,5호선,행당,6690,5984,12674
2937,20200227,5호선,왕십리,3622,4004,7626
2938,20200227,5호선,마장,4553,4299,8852
2939,20200227,5호선,답십리,13849,12545,26394
2940,20200227,5호선,장한평,15843,15646,31489
2941,20200227,5호선,군자,9101,9733,18834
2942,20200227,5호선,아차산,11243,11164,22407
2943,20200227,5호선,광나루,10338,9212,19550
2944,20200227,5호선,천호,13584,14543,28127
2945,20200227,5호선,강동,16041,14021,30062
2946,20200227,5호선,길동,5670,5960,11630
2947,20200227,5호선,굽은다리,6705,6383,13088
2948,20200227,5호선,명일,5814,5964,11778
2949,20200227,5호선,고덕,6114,6262,12376
2950,20200227,5호선,상일동,13330,11298,24628
2951,20200227,5호선,둔촌동,6279,6394,12673
2952,20200227,5호선,올림픽공원,2670,2286,4956
2953,20200227,5호선,방이,5102,5274,10376
2954,20200227,5호선,오금,2927,2964,5891
2955,20200227,5호선,개롱,4819,5010,9829
2956,20200227,5호선,거여,5964,5641,11605
2957,20200227,5호선,마천,4130,4165,8295
2958,20200228,5호선,방화,5277,4967,10244
2959,20200228,5호선,개화산,4620,4366,8986
2960,20200228,5호선,김포공항,4658,4320,8978
2961,20200228,5호선,송정,5561,5189,10750
2962,20200228,5호선,마곡,6315,5741,12056
2963,20200228,5호선,발산,14226,14937,29163
2964,20200228,5호선,우장산,10444,10275,20719
2965,20200228,5호선,화곡,23643,21583,45226
2966,20200228,5호선,까치산,24584,23367,47951
2967,20200228,5호선,신정,11563,8666,20229
2968,20200228,5호선,목동,13630,15167,28797
2969,20200228,5호선,오목교,18412,19738,38150
2970,20200228,5호선,양평,6343,6375,12718
2971,20200228,5호선,영등포구청,3243,3319,6562
2972,20200228,5호선,영등포시장,7428,7573,15001
2973,20200228,5호선,신길,3069,3383,6452
2974,20200228,5호선,여의도,21062,22485,43547
2975,20200228,5호선,여의나루,3869,4183,8052
2976,20200228,5호선,마포,11757,12111,23868
2977,20200228,5호선,공덕,11558,12644,24202
2978,20200228,5호선,애오개,5882,5993,11875
2979,20200228,5호선,충정로,3710,3838,7548
2980,20200228,5호선,서대문,15039,15325,30364
2981,20200228,5호선,광화문,24993,26116,51109
2982,20200228,5호선,종로3가,8777,8985,17762
2983,20200228,5호선,을지로4가,4980,5134,10114
2984,20200228,5호선,동대문역사문화공원,2575,2899,5474
2985,20200228,5호선,청구,3486,3093,6579
2986,20200228,5호선,신금호,4853,4939,9792
2987,20200228,5호선,행당,6479,5721,12200
2988,20200228,5호선,왕십리,3366,3794,7160
2989,20200228,5호선,마장,4430,4164,8594
2990,20200228,5호선,답십리,13265,12164,25429
2991,20200228,5호선,장한평,15177,15139,30316
2992,20200228,5호선,군자,8966,9679,18645
2993,20200228,5호선,아차산,10553,10283,20836
2994,20200228,5호선,광나루,9735,8523,18258
2995,20200228,5호선,천호,13255,14194,27449
2996,20200228,5호선,강동,15558,13534,29092
2997,20200228,5호선,길동,5601,6024,11625
2998,20200228,5호선,굽은다리,6572,6379,12951
2999,20200228,5호선,명일,5656,5813,11469
3000,20200228,5호선,고덕,5933,6034,11967
3001,20200228,5호선,상일동,12926,10987,23913
3002,20200228,5호선,둔촌동,6228,6252,12480
3003,20200228,5호선,올림픽공원,2502,2092,4594
3004,20200228,5호선,방이,5020,5256,10276
3005,20200228,5호선,오금,2903,2851,5754
3006,20200228,5호선,개롱,4815,4894,9709
3007,20200228,5호선,거여,5790,5414,11204
3008,20200228,5호선,마천,4015,3936,7951
3009,20200229,5호선,장한평,7175,7127,14302
3010,20200229,5호선,군자,5307,5906,11213
3011,20200229,5호선,아차산,7185,6993,14178
3012,20200229,5호선,광나루,5780,5355,11135
3013,20200229,5호선,천호,9944,9919,19863
3014,20200229,5호선,강동,8475,7570,16045
3015,20200229,5호선,길동,3406,3536,6942
3016,20200229,5호선,굽은다리,4024,3613,7637
3017,20200229,5호선,명일,2778,2723,5501
3018,20200229,5호선,고덕,2973,2954,5927
3019,20200229,5호선,상일동,6104,5397,11501
3020,20200229,5호선,둔촌동,3559,3526,7085
3021,20200229,5호선,올림픽공원,1424,1309,2733
3022,20200229,5호선,방이,2618,2672,5290
3023,20200229,5호선,오금,1234,1246,2480
3024,20200229,5호선,개롱,2475,2612,5087
3025,20200229,5호선,거여,3220,3122,6342
3026,20200229,5호선,마천,2704,2644,5348
3027,20200229,5호선,방화,3036,2924,5960
3028,20200229,5호선,개화산,2666,2664,5330
3029,20200229,5호선,김포공항,3561,3464,7025
3030,20200229,5호선,송정,3651,3560,7211
3031,20200229,5호선,마곡,2533,2424,4957
3032,20200229,5호선,발산,7800,8285,16085
3033,20200229,5호선,우장산,5864,5835,11699
3034,20200229,5호선,화곡,13600,12332,25932
3035,20200229,5호선,까치산,14829,14112,28941
3036,20200229,5호선,신정,5984,4846,10830
3037,20200229,5호선,목동,7087,7544,14631
3038,20200229,5호선,오목교,11232,11866,23098
3039,20200229,5호선,양평,2248,2250,4498
3040,20200229,5호선,영등포구청,1222,1235,2457
3041,20200229,5호선,영등포시장,4238,4430,8668
3042,20200229,5호선,신길,1537,1600,3137
3043,20200229,5호선,여의도,4538,4903,9441
3044,20200229,5호선,여의나루,2872,2829,5701
3045,20200229,5호선,마포,4500,4491,8991
3046,20200229,5호선,공덕,4425,4802,9227
3047,20200229,5호선,애오개,2414,2346,4760
3048,20200229,5호선,충정로,1200,1118,2318
3049,20200229,5호선,서대문,4437,4331,8768
3050,20200229,5호선,광화문,7102,7273,14375
3051,20200229,5호선,종로3가,5133,5487,10620
3052,20200229,5호선,을지로4가,1987,2182,4169
3053,20200229,5호선,동대문역사문화공원,678,821,1499
3054,20200229,5호선,청구,1831,1571,3402
3055,20200229,5호선,신금호,2661,2615,5276
3056,20200229,5호선,행당,3217,2744,5961
3057,20200229,5호선,왕십리,2175,2623,4798
3058,20200229,5호선,마장,2531,2415,4946
3059,20200229,5호선,답십리,6961,6437,13398
3060,20200301,5호선,방화,2149,2068,4217
3061,20200301,5호선,개화산,1808,1891,3699
3062,20200301,5호선,김포공항,3127,2941,6068
3063,20200301,5호선,송정,2303,2322,4625
3064,20200301,5호선,마곡,1450,1418,2868
3065,20200301,5호선,발산,4784,4942,9726
3066,20200301,5호선,우장산,3633,3628,7261
3067,20200301,5호선,화곡,8530,7914,16444
3068,20200301,5호선,까치산,9938,9605,19543
3069,20200301,5호선,신정,3770,3218,6988
3070,20200301,5호선,목동,4311,4453,8764
3071,20200301,5호선,오목교,7824,8258,16082
3072,20200301,5호선,양평,1440,1487,2927
3073,20200301,5호선,영등포구청,803,793,1596
3074,20200301,5호선,영등포시장,2525,2721,5246
3075,20200301,5호선,신길,920,1054,1974
3076,20200301,5호선,여의도,2908,3058,5966
3077,20200301,5호선,여의나루,1591,1683,3274
3078,20200301,5호선,마포,2613,2639,5252
3079,20200301,5호선,공덕,2451,2495,4946
3080,20200301,5호선,애오개,1579,1595,3174
3081,20200301,5호선,충정로,793,825,1618
3082,20200301,5호선,서대문,2978,2836,5814
3083,20200301,5호선,광화문,4787,4719,9506
3084,20200301,5호선,종로3가,3487,3365,6852
3085,20200301,5호선,을지로4가,654,733,1387
3086,20200301,5호선,동대문역사문화공원,402,485,887
3087,20200301,5호선,청구,1058,979,2037
3088,20200301,5호선,신금호,1692,1775,3467
3089,20200301,5호선,행당,2060,1887,3947
3090,20200301,5호선,왕십리,1358,1588,2946
3091,20200301,5호선,마장,1602,1571,3173
3092,20200301,5호선,답십리,4359,4056,8415
3093,20200301,5호선,장한평,4377,4261,8638
3094,20200301,5호선,군자,3557,3704,7261
3095,20200301,5호선,아차산,5554,5518,11072
3096,20200301,5호선,광나루,4114,4077,8191
3097,20200301,5호선,천호,6827,6636,13463
3098,20200301,5호선,강동,5494,5131,10625
3099,20200301,5호선,길동,2222,2334,4556
3100,20200301,5호선,굽은다리,2589,2500,5089
3101,20200301,5호선,명일,1721,1741,3462
3102,20200301,5호선,고덕,1938,1896,3834
3103,20200301,5호선,상일동,3727,3585,7312
3104,20200301,5호선,둔촌동,2237,2314,4551
3105,20200301,5호선,올림픽공원,895,819,1714
3106,20200301,5호선,방이,1751,1731,3482
3107,20200301,5호선,오금,810,776,1586
3108,20200301,5호선,개롱,1569,1740,3309
3109,20200301,5호선,거여,2019,1948,3967
3110,20200301,5호선,마천,1793,2091,3884
3111,20200302,5호선,방화,5459,5201,10660
3112,20200302,5호선,개화산,4546,4324,8870
3113,20200302,5호선,김포공항,4394,4309,8703
3114,20200302,5호선,송정,5673,5228,10901
3115,20200302,5호선,마곡,6451,6056,12507
3116,20200302,5호선,발산,14367,14608,28975
3117,20200302,5호선,우장산,10752,10820,21572
3118,20200302,5호선,화곡,24156,22359,46515
3119,20200302,5호선,까치산,24673,23739,48412
3120,20200302,5호선,신정,11376,8745,20121
3121,20200302,5호선,목동,13712,15347,29059
3122,20200302,5호선,오목교,19286,20380,39666
3123,20200302,5호선,양평,6282,6360,12642
3124,20200302,5호선,영등포구청,3406,3367,6773
3125,20200302,5호선,영등포시장,7483,7710,15193
3126,20200302,5호선,신길,3036,3424,6460
3127,20200302,5호선,여의도,21415,22342,43757
3128,20200302,5호선,여의나루,5392,5589,10981
3129,20200302,5호선,마포,11529,11946,23475
3130,20200302,5호선,공덕,11346,12153,23499
3131,20200302,5호선,애오개,5810,5881,11691
3132,20200302,5호선,충정로,3813,3897,7710
3133,20200302,5호선,서대문,14754,15009,29763
3134,20200302,5호선,광화문,24380,25606,49986
3135,20200302,5호선,종로3가,8210,8142,16352
3136,20200302,5호선,을지로4가,5050,5162,10212
3137,20200302,5호선,동대문역사문화공원,2429,2732,5161
3138,20200302,5호선,청구,3495,3040,6535
3139,20200302,5호선,신금호,4783,5002,9785
3140,20200302,5호선,행당,6321,5679,12000
3141,20200302,5호선,왕십리,3559,3864,7423
3142,20200302,5호선,마장,4487,4248,8735
3143,20200302,5호선,답십리,13341,12242,25583
3144,20200302,5호선,장한평,14873,14855,29728
3145,20200302,5호선,군자,8842,9562,18404
3146,20200302,5호선,아차산,10826,10540,21366
3147,20200302,5호선,광나루,9895,8797,18692
3148,20200302,5호선,천호,13090,13893,26983
3149,20200302,5호선,강동,15587,13619,29206
3150,20200302,5호선,길동,5650,5996,11646
3151,20200302,5호선,굽은다리,6696,6370,13066
3152,20200302,5호선,명일,5742,6038,11780
3153,20200302,5호선,고덕,6122,6424,12546
3154,20200302,5호선,상일동,13152,11338,24490
3155,20200302,5호선,둔촌동,6259,6355,12614
3156,20200302,5호선,올림픽공원,2629,2281,4910
3157,20200302,5호선,방이,5128,5342,10470
3158,20200302,5호선,오금,2975,3037,6012
3159,20200302,5호선,개롱,4813,5000,9813
3160,20200302,5호선,거여,5885,5636,11521
3161,20200302,5호선,마천,4091,4030,8121
3162,20200303,5호선,방화,5457,5111,10568
3163,20200303,5호선,개화산,4638,4474,9112
3164,20200303,5호선,김포공항,4372,4183,8555
3165,20200303,5호선,송정,5536,5184,10720
3166,20200303,5호선,마곡,6382,6075,12457
3167,20200303,5호선,발산,14288,14707,28995
3168,20200303,5호선,우장산,10676,10648,21324
3169,20200303,5호선,화곡,23858,22224,46082
3170,20200303,5호선,까치산,24618,23502,48120
3171,20200303,5호선,신정,11202,8760,19962
3172,20200303,5호선,목동,13751,15302,29053
3173,20200303,5호선,오목교,19341,20586,39927
3174,20200303,5호선,양평,6304,6310,12614
3175,20200303,5호선,영등포구청,3374,3385,6759
3176,20200303,5호선,영등포시장,7287,7510,14797
3177,20200303,5호선,신길,3070,3459,6529
3178,20200303,5호선,여의도,21120,22318,43438
3179,20200303,5호선,여의나루,5421,5760,11181
3180,20200303,5호선,마포,11647,12053,23700
3181,20200303,5호선,공덕,11568,12387,23955
3182,20200303,5호선,애오개,5864,5924,11788
3183,20200303,5호선,충정로,3736,3886,7622
3184,20200303,5호선,서대문,14640,15018,29658
3185,20200303,5호선,광화문,25104,26154,51258
3186,20200303,5호선,종로3가,8062,8126,16188
3187,20200303,5호선,을지로4가,5065,5192,10257
3188,20200303,5호선,동대문역사문화공원,2396,2709,5105
3189,20200303,5호선,청구,3319,3003,6322
3190,20200303,5호선,신금호,4848,4992,9840
3191,20200303,5호선,행당,6344,5675,12019
3192,20200303,5호선,왕십리,3479,3873,7352
3193,20200303,5호선,마장,4442,4223,8665
3194,20200303,5호선,답십리,13304,12238,25542
3195,20200303,5호선,장한평,14932,14884,29816
3196,20200303,5호선,군자,9087,9750,18837
3197,20200303,5호선,아차산,10823,10684,21507
3198,20200303,5호선,광나루,9998,9036,19034
3199,20200303,5호선,천호,13421,14092,27513
3200,20200303,5호선,강동,15591,13770,29361
3201,20200303,5호선,길동,5624,6002,11626
3202,20200303,5호선,굽은다리,6699,6405,13104
3203,20200303,5호선,명일,5766,6038,11804
3204,20200303,5호선,고덕,6189,6395,12584
3205,20200303,5호선,상일동,13229,11474,24703
3206,20200303,5호선,둔촌동,6236,6286,12522
3207,20200303,5호선,올림픽공원,2701,2356,5057
3208,20200303,5호선,방이,5216,5374,10590
3209,20200303,5호선,오금,2919,2932,5851
3210,20200303,5호선,개롱,4812,5009,9821
3211,20200303,5호선,거여,5953,5673,11626
3212,20200303,5호선,마천,4215,4138,8353
3213,20200304,5호선,방화,5355,5128,10483
3214,20200304,5호선,개화산,4586,4427,9013
3215,20200304,5호선,김포공항,4374,4162,8536
3216,20200304,5호선,송정,5509,5029,10538
3217,20200304,5호선,마곡,6316,5976,12292
3218,20200304,5호선,발산,14545,14913,29458
3219,20200304,5호선,우장산,10516,10482,20998
3220,20200304,5호선,화곡,23711,22078,45789
3221,20200304,5호선,까치산,24573,23526,48099
3222,20200304,5호선,신정,11236,8770,20006
3223,20200304,5호선,목동,13666,15311,28977
3224,20200304,5호선,오목교,17513,18677,36190
3225,20200304,5호선,양평,6247,6391,12638
3226,20200304,5호선,영등포구청,3363,3457,6820
3227,20200304,5호선,영등포시장,7245,7406,14651
3228,20200304,5호선,신길,3016,3415,6431
3229,20200304,5호선,여의도,21570,22216,43786
3230,20200304,5호선,여의나루,4985,5260,10245
3231,20200304,5호선,마포,11628,12073,23701
3232,20200304,5호선,공덕,11562,12228,23790
3233,20200304,5호선,애오개,5786,5895,11681
3234,20200304,5호선,충정로,3805,3938,7743
3235,20200304,5호선,서대문,14685,15087,29772
3236,20200304,5호선,광화문,25017,26061,51078
3237,20200304,5호선,종로3가,8283,8162,16445
3238,20200304,5호선,을지로4가,4971,5157,10128
3239,20200304,5호선,동대문역사문화공원,2444,2729,5173
3240,20200304,5호선,청구,3374,3028,6402
3241,20200304,5호선,신금호,4701,4950,9651
3242,20200304,5호선,행당,6241,5740,11981
3243,20200304,5호선,왕십리,3452,3616,7068
3244,20200304,5호선,마장,4359,4193,8552
3245,20200304,5호선,답십리,13168,12017,25185
3246,20200304,5호선,장한평,14745,14785,29530
3247,20200304,5호선,군자,8882,9602,18484
3248,20200304,5호선,아차산,10658,10556,21214
3249,20200304,5호선,광나루,9781,8668,18449
3250,20200304,5호선,천호,13069,13845,26914
3251,20200304,5호선,강동,15652,13841,29493
3252,20200304,5호선,길동,5668,6114,11782
3253,20200304,5호선,굽은다리,6812,6452,13264
3254,20200304,5호선,명일,5761,6058,11819
3255,20200304,5호선,고덕,6096,6378,12474
3256,20200304,5호선,상일동,13272,11358,24630
3257,20200304,5호선,둔촌동,6215,6305,12520
3258,20200304,5호선,올림픽공원,2686,2257,4943
3259,20200304,5호선,방이,5155,5379,10534
3260,20200304,5호선,오금,2759,2844,5603
3261,20200304,5호선,개롱,4789,5058,9847
3262,20200304,5호선,거여,5878,5573,11451
3263,20200304,5호선,마천,4028,4094,8122
3264,20200305,5호선,방화,5379,5105,10484
3265,20200305,5호선,개화산,4666,4447,9113
3266,20200305,5호선,김포공항,4631,4225,8856
3267,20200305,5호선,송정,5638,5177,10815
3268,20200305,5호선,마곡,6402,5999,12401
3269,20200305,5호선,발산,14518,15060,29578
3270,20200305,5호선,우장산,10580,10595,21175
3271,20200305,5호선,화곡,23941,22234,46175
3272,20200305,5호선,까치산,24661,23634,48295
3273,20200305,5호선,신정,11351,8618,19969
3274,20200305,5호선,목동,13675,15371,29046
3275,20200305,5호선,오목교,17737,18912,36649
3276,20200305,5호선,양평,6182,6254,12436
3277,20200305,5호선,영등포구청,3254,3356,6610
3278,20200305,5호선,영등포시장,7265,7462,14727
3279,20200305,5호선,신길,3054,3386,6440
3280,20200305,5호선,여의도,21459,22519,43978
3281,20200305,5호선,여의나루,5211,5482,10693
3282,20200305,5호선,마포,11546,11960,23506
3283,20200305,5호선,공덕,11306,12096,23402
3284,20200305,5호선,애오개,5714,5694,11408
3285,20200305,5호선,충정로,3664,3731,7395
3286,20200305,5호선,서대문,14538,14772,29310
3287,20200305,5호선,광화문,24845,26200,51045
3288,20200305,5호선,종로3가,8265,8303,16568
3289,20200305,5호선,을지로4가,4853,5039,9892
3290,20200305,5호선,동대문역사문화공원,2433,2688,5121
3291,20200305,5호선,청구,3346,3062,6408
3292,20200305,5호선,신금호,4821,4908,9729
3293,20200305,5호선,행당,6244,5541,11785
3294,20200305,5호선,왕십리,3432,3801,7233
3295,20200305,5호선,마장,4286,4087,8373
3296,20200305,5호선,답십리,13066,11990,25056
3297,20200305,5호선,장한평,14865,14792,29657
3298,20200305,5호선,군자,8863,9615,18478
3299,20200305,5호선,아차산,10899,10751,21650
3300,20200305,5호선,광나루,10003,8926,18929
3301,20200305,5호선,천호,13292,14091,27383
3302,20200305,5호선,강동,15629,13863,29492
3303,20200305,5호선,길동,5700,5964,11664
3304,20200305,5호선,굽은다리,6803,6542,13345
3305,20200305,5호선,명일,5836,6002,11838
3306,20200305,5호선,고덕,6263,6460,12723
3307,20200305,5호선,상일동,13385,11306,24691
3308,20200305,5호선,둔촌동,6237,6374,12611
3309,20200305,5호선,올림픽공원,2743,2348,5091
3310,20200305,5호선,방이,5359,5371,10730
3311,20200305,5호선,오금,2960,2936,5896
3312,20200305,5호선,개롱,4765,4969,9734
3313,20200305,5호선,거여,5922,5541,11463
3314,20200305,5호선,마천,4140,4156,8296
3315,20200306,5호선,방화,5547,5126,10673
3316,20200306,5호선,개화산,4628,4493,9121
3317,20200306,5호선,김포공항,4877,4603,9480
3318,20200306,5호선,송정,5904,5332,11236
3319,20200306,5호선,마곡,6563,6089,12652
3320,20200306,5호선,발산,14500,15371,29871
3321,20200306,5호선,우장산,10868,10734,21602
3322,20200306,5호선,화곡,24597,22348,46945
3323,20200306,5호선,까치산,25245,23823,49068
3324,20200306,5호선,신정,11694,8712,20406
3325,20200306,5호선,목동,14047,15589,29636
3326,20200306,5호선,오목교,18428,19878,38306
3327,20200306,5호선,양평,6397,6271,12668
3328,20200306,5호선,영등포구청,3319,3364,6683
3329,20200306,5호선,영등포시장,7471,7743,15214
3330,20200306,5호선,신길,3106,3318,6424
3331,20200306,5호선,여의도,21146,22389,43535
3332,20200306,5호선,여의나루,5688,5712,11400
3333,20200306,5호선,마포,11646,12181,23827
3334,20200306,5호선,공덕,11593,12691,24284
3335,20200306,5호선,애오개,5920,5855,11775
3336,20200306,5호선,충정로,3630,3665,7295
3337,20200306,5호선,서대문,14389,14921,29310
3338,20200306,5호선,광화문,24579,26015,50594
3339,20200306,5호선,종로3가,8541,8980,17521
3340,20200306,5호선,을지로4가,4933,5117,10050
3341,20200306,5호선,동대문역사문화공원,2353,2690,5043
3342,20200306,5호선,청구,3483,3104,6587
3343,20200306,5호선,신금호,4895,4857,9752
3344,20200306,5호선,행당,6454,5693,12147
3345,20200306,5호선,왕십리,3707,4161,7868
3346,20200306,5호선,마장,4527,4304,8831
3347,20200306,5호선,답십리,13381,12262,25643
3348,20200306,5호선,장한평,15158,15211,30369
3349,20200306,5호선,군자,9406,10254,19660
3350,20200306,5호선,아차산,11160,10966,22126
3351,20200306,5호선,광나루,10336,9031,19367
3352,20200306,5호선,천호,14322,15360,29682
3353,20200306,5호선,강동,15898,13905,29803
3354,20200306,5호선,길동,5880,6356,12236
3355,20200306,5호선,굽은다리,7144,6476,13620
3356,20200306,5호선,명일,6017,6184,12201
3357,20200306,5호선,고덕,6484,6503,12987
3358,20200306,5호선,상일동,13786,11670,25456
3359,20200306,5호선,둔촌동,6376,6494,12870
3360,20200306,5호선,올림픽공원,2907,2449,5356
3361,20200306,5호선,방이,5344,5519,10863
3362,20200306,5호선,오금,2928,2879,5807
3363,20200306,5호선,개롱,4958,5144,10102
3364,20200306,5호선,거여,6058,5695,11753
3365,20200306,5호선,마천,4255,4144,8399
3366,20200307,5호선,방화,3159,3006,6165
3367,20200307,5호선,개화산,2752,2742,5494
3368,20200307,5호선,김포공항,3742,3666,7408
3369,20200307,5호선,송정,3748,3605,7353
3370,20200307,5호선,마곡,2692,2678,5370
3371,20200307,5호선,발산,8300,8883,17183
3372,20200307,5호선,우장산,6268,6264,12532
3373,20200307,5호선,화곡,14299,13083,27382
3374,20200307,5호선,까치산,15539,14731,30270
3375,20200307,5호선,신정,6112,5063,11175
3376,20200307,5호선,목동,7794,8026,15820
3377,20200307,5호선,오목교,10370,11101,21471
3378,20200307,5호선,양평,2584,2366,4950
3379,20200307,5호선,영등포구청,1373,1209,2582
3380,20200307,5호선,영등포시장,4459,4601,9060
3381,20200307,5호선,신길,1588,1685,3273
3382,20200307,5호선,여의도,5345,5830,11175
3383,20200307,5호선,여의나루,3043,3062,6105
3384,20200307,5호선,마포,4650,4654,9304
3385,20200307,5호선,공덕,4449,4829,9278
3386,20200307,5호선,애오개,2576,2418,4994
3387,20200307,5호선,충정로,1256,1216,2472
3388,20200307,5호선,서대문,4701,4580,9281
3389,20200307,5호선,광화문,7508,7647,15155
3390,20200307,5호선,종로3가,5734,6148,11882
3391,20200307,5호선,을지로4가,2186,2345,4531
3392,20200307,5호선,동대문역사문화공원,639,794,1433
3393,20200307,5호선,청구,1915,1640,3555
3394,20200307,5호선,신금호,2788,2859,5647
3395,20200307,5호선,행당,3490,3074,6564
3396,20200307,5호선,왕십리,2337,2841,5178
3397,20200307,5호선,마장,2720,2578,5298
3398,20200307,5호선,답십리,7212,6633,13845
3399,20200307,5호선,장한평,7440,7481,14921
3400,20200307,5호선,군자,5867,6498,12365
3401,20200307,5호선,아차산,8183,7982,16165
3402,20200307,5호선,광나루,6364,6088,12452
3403,20200307,5호선,천호,11169,10929,22098
3404,20200307,5호선,강동,9336,8216,17552
3405,20200307,5호선,길동,3882,4015,7897
3406,20200307,5호선,굽은다리,4506,4128,8634
3407,20200307,5호선,명일,3334,3275,6609
3408,20200307,5호선,고덕,3510,3362,6872
3409,20200307,5호선,상일동,6815,6012,12827
3410,20200307,5호선,둔촌동,3829,3814,7643
3411,20200307,5호선,올림픽공원,1703,1430,3133
3412,20200307,5호선,방이,3030,3013,6043
3413,20200307,5호선,오금,1345,1287,2632
3414,20200307,5호선,개롱,2757,2814,5571
3415,20200307,5호선,거여,3486,3265,6751
3416,20200307,5호선,마천,2882,2881,5763
3417,20200308,5호선,방화,2400,2306,4706
3418,20200308,5호선,개화산,2086,2040,4126
3419,20200308,5호선,김포공항,3264,3152,6416
3420,20200308,5호선,송정,2534,2541,5075
3421,20200308,5호선,마곡,1604,1670,3274
3422,20200308,5호선,발산,5348,5708,11056
3423,20200308,5호선,우장산,4145,4070,8215
3424,20200308,5호선,화곡,9513,8953,18466
3425,20200308,5호선,까치산,10682,10447,21129
3426,20200308,5호선,신정,3961,3441,7402
3427,20200308,5호선,목동,4893,5047,9940
3428,20200308,5호선,오목교,7173,7363,14536
3429,20200308,5호선,양평,1577,1659,3236
3430,20200308,5호선,영등포구청,853,844,1697
3431,20200308,5호선,영등포시장,2788,2885,5673
3432,20200308,5호선,신길,1067,1306,2373
3433,20200308,5호선,여의도,3842,3908,7750
3434,20200308,5호선,여의나루,6250,6667,12917
3435,20200308,5호선,마포,3063,2979,6042
3436,20200308,5호선,공덕,2764,2821,5585
3437,20200308,5호선,애오개,1853,1873,3726
3438,20200308,5호선,충정로,856,873,1729
3439,20200308,5호선,서대문,3133,3047,6180
3440,20200308,5호선,광화문,5540,5580,11120
3441,20200308,5호선,종로3가,4144,3897,8041
3442,20200308,5호선,을지로4가,783,890,1673
3443,20200308,5호선,동대문역사문화공원,373,486,859
3444,20200308,5호선,청구,1168,1027,2195
3445,20200308,5호선,신금호,1865,1981,3846
3446,20200308,5호선,행당,2371,2214,4585
3447,20200308,5호선,왕십리,1451,1727,3178
3448,20200308,5호선,마장,1808,1761,3569
3449,20200308,5호선,답십리,4737,4418,9155
3450,20200308,5호선,장한평,4762,4669,9431
3451,20200308,5호선,군자,3993,4394,8387
3452,20200308,5호선,아차산,6850,6864,13714
3453,20200308,5호선,광나루,5029,5011,10040
3454,20200308,5호선,천호,7830,7463,15293
3455,20200308,5호선,강동,6257,5838,12095
3456,20200308,5호선,길동,2458,2503,4961
3457,20200308,5호선,굽은다리,2929,2792,5721
3458,20200308,5호선,명일,2172,2123,4295
3459,20200308,5호선,고덕,2247,2275,4522
3460,20200308,5호선,상일동,4382,4120,8502
3461,20200308,5호선,둔촌동,2562,2623,5185
3462,20200308,5호선,올림픽공원,1208,1097,2305
3463,20200308,5호선,방이,2179,2180,4359
3464,20200308,5호선,오금,904,928,1832
3465,20200308,5호선,개롱,1838,2012,3850
3466,20200308,5호선,거여,2223,2263,4486
3467,20200308,5호선,마천,2050,2286,4336
3468,20200309,5호선,방화,5552,5247,10799
3469,20200309,5호선,개화산,4755,4580,9335
3470,20200309,5호선,김포공항,4596,4227,8823
3471,20200309,5호선,송정,5965,5433,11398
3472,20200309,5호선,마곡,6715,6308,13023
3473,20200309,5호선,발산,15123,15667,30790
3474,20200309,5호선,우장산,11183,11035,22218
3475,20200309,5호선,화곡,24958,23209,48167
3476,20200309,5호선,까치산,25484,24372,49856
3477,20200309,5호선,신정,11694,8870,20564
3478,20200309,5호선,목동,14022,15837,29859
3479,20200309,5호선,오목교,18202,19641,37843
3480,20200309,5호선,양평,6494,6516,13010
3481,20200309,5호선,영등포구청,3514,3537,7051
3482,20200309,5호선,영등포시장,7629,7850,15479
3483,20200309,5호선,신길,3197,3534,6731
3484,20200309,5호선,여의도,22773,23670,46443
3485,20200309,5호선,여의나루,8317,8680,16997
3486,20200309,5호선,마포,11895,12334,24229
3487,20200309,5호선,공덕,11854,12769,24623
3488,20200309,5호선,애오개,5795,5927,11722
3489,20200309,5호선,충정로,3833,3829,7662
3490,20200309,5호선,서대문,15352,15798,31150
3491,20200309,5호선,광화문,25710,26849,52559
3492,20200309,5호선,종로3가,9111,9196,18307
3493,20200309,5호선,을지로4가,5221,5312,10533
3494,20200309,5호선,동대문역사문화공원,2529,2866,5395
3495,20200309,5호선,청구,3463,3096,6559
3496,20200309,5호선,신금호,4956,5115,10071
3497,20200309,5호선,행당,6704,5981,12685
3498,20200309,5호선,왕십리,3602,3920,7522
3499,20200309,5호선,마장,4654,4424,9078
3500,20200309,5호선,답십리,13793,12522,26315
3501,20200309,5호선,장한평,15409,15379,30788
3502,20200309,5호선,군자,9199,9998,19197
3503,20200309,5호선,아차산,11259,11049,22308
3504,20200309,5호선,광나루,10394,9455,19849
3505,20200309,5호선,천호,13691,14700,28391
3506,20200309,5호선,강동,16476,14416,30892
3507,20200309,5호선,길동,5997,6422,12419
3508,20200309,5호선,굽은다리,7293,7000,14293
3509,20200309,5호선,명일,6336,6644,12980
3510,20200309,5호선,고덕,6974,7248,14222
3511,20200309,5호선,상일동,14413,12279,26692
3512,20200309,5호선,둔촌동,6600,6600,13200
3513,20200309,5호선,올림픽공원,2941,2541,5482
3514,20200309,5호선,방이,5596,5827,11423
3515,20200309,5호선,오금,3092,3113,6205
3516,20200309,5호선,개롱,5035,5304,10339
3517,20200309,5호선,거여,6182,5826,12008
3518,20200309,5호선,마천,4375,4283,8658
3519,20200310,5호선,방화,5208,5008,10216
3520,20200310,5호선,개화산,4526,4273,8799
3521,20200310,5호선,김포공항,4789,4250,9039
3522,20200310,5호선,송정,5615,5109,10724
3523,20200310,5호선,마곡,6456,6204,12660
3524,20200310,5호선,발산,14545,15004,29549
3525,20200310,5호선,우장산,10567,10521,21088
3526,20200310,5호선,화곡,23595,21898,45493
3527,20200310,5호선,까치산,24355,23159,47514
3528,20200310,5호선,신정,11313,8649,19962
3529,20200310,5호선,목동,13649,15090,28739
3530,20200310,5호선,오목교,17557,18874,36431
3531,20200310,5호선,양평,6296,6378,12674
3532,20200310,5호선,영등포구청,3273,3255,6528
3533,20200310,5호선,영등포시장,7317,7531,14848
3534,20200310,5호선,신길,3173,3472,6645
3535,20200310,5호선,여의도,22534,23533,46067
3536,20200310,5호선,여의나루,5672,5932,11604
3537,20200310,5호선,마포,11811,12243,24054
3538,20200310,5호선,공덕,11466,12566,24032
3539,20200310,5호선,애오개,5786,5843,11629
3540,20200310,5호선,충정로,3736,3901,7637
3541,20200310,5호선,서대문,15142,15541,30683
3542,20200310,5호선,광화문,25425,26532,51957
3543,20200310,5호선,종로3가,8618,8612,17230
3544,20200310,5호선,을지로4가,5056,5101,10157
3545,20200310,5호선,동대문역사문화공원,2531,2808,5339
3546,20200310,5호선,청구,3358,3027,6385
3547,20200310,5호선,신금호,4795,4914,9709
3548,20200310,5호선,행당,6404,5834,12238
3549,20200310,5호선,왕십리,3504,3857,7361
3550,20200310,5호선,마장,4473,4228,8701
3551,20200310,5호선,답십리,13305,12175,25480
3552,20200310,5호선,장한평,14957,15054,30011
3553,20200310,5호선,군자,8843,9715,18558
3554,20200310,5호선,아차산,10561,10379,20940
3555,20200310,5호선,광나루,9966,8752,18718
3556,20200310,5호선,천호,13187,13889,27076
3557,20200310,5호선,강동,16098,14275,30373
3558,20200310,5호선,길동,5740,6129,11869
3559,20200310,5호선,굽은다리,6988,6566,13554
3560,20200310,5호선,명일,6089,6281,12370
3561,20200310,5호선,고덕,6399,6514,12913
3562,20200310,5호선,상일동,13762,11898,25660
3563,20200310,5호선,둔촌동,6391,6542,12933
3564,20200310,5호선,올림픽공원,2806,2375,5181
3565,20200310,5호선,방이,5426,5649,11075
3566,20200310,5호선,오금,2948,3017,5965
3567,20200310,5호선,개롱,4918,5144,10062
3568,20200310,5호선,거여,5960,5606,11566
3569,20200310,5호선,마천,4015,4003,8018
3570,20200311,5호선,방화,5498,5181,10679
3571,20200311,5호선,개화산,4733,4632,9365
3572,20200311,5호선,김포공항,4366,4269,8635
3573,20200311,5호선,송정,5697,5324,11021
3574,20200311,5호선,마곡,6586,6270,12856
3575,20200311,5호선,발산,14880,15165,30045
3576,20200311,5호선,우장산,10714,10611,21325
3577,20200311,5호선,화곡,24151,22322,46473
3578,20200311,5호선,까치산,24662,23526,48188
3579,20200311,5호선,신정,11509,8622,20131
3580,20200311,5호선,목동,14035,15857,29892
3581,20200311,5호선,오목교,17977,19289,37266
3582,20200311,5호선,양평,6268,6307,12575
3583,20200311,5호선,영등포구청,3403,3452,6855
3584,20200311,5호선,영등포시장,7413,7632,15045
3585,20200311,5호선,신길,3171,3513,6684
3586,20200311,5호선,여의도,22424,23237,45661
3587,20200311,5호선,여의나루,7172,7539,14711
3588,20200311,5호선,마포,11944,12291,24235
3589,20200311,5호선,공덕,11387,12506,23893
3590,20200311,5호선,애오개,5866,5862,11728
3591,20200311,5호선,충정로,3767,3802,7569
3592,20200311,5호선,서대문,15039,15705,30744
3593,20200311,5호선,광화문,25631,26601,52232
3594,20200311,5호선,종로3가,9477,9182,18659
3595,20200311,5호선,을지로4가,5183,5308,10491
3596,20200311,5호선,동대문역사문화공원,2436,2748,5184
3597,20200311,5호선,청구,3546,3104,6650
3598,20200311,5호선,신금호,5015,5117,10132
3599,20200311,5호선,행당,6440,5799,12239
3600,20200311,5호선,왕십리,3566,4035,7601
3601,20200311,5호선,마장,4498,4277,8775
3602,20200311,5호선,답십리,13622,12429,26051
3603,20200311,5호선,장한평,15359,15376,30735
3604,20200311,5호선,군자,9302,10126,19428
3605,20200311,5호선,아차산,11442,11306,22748
3606,20200311,5호선,광나루,10512,9327,19839
3607,20200311,5호선,천호,14252,15209,29461
3608,20200311,5호선,강동,16355,14523,30878
3609,20200311,5호선,길동,5997,6304,12301
3610,20200311,5호선,굽은다리,7281,6890,14171
3611,20200311,5호선,명일,6238,6584,12822
3612,20200311,5호선,고덕,6646,6825,13471
3613,20200311,5호선,상일동,14328,12221,26549
3614,20200311,5호선,둔촌동,6647,6654,13301
3615,20200311,5호선,올림픽공원,3008,2574,5582
3616,20200311,5호선,방이,5612,5778,11390
3617,20200311,5호선,오금,2972,3093,6065
3618,20200311,5호선,개롱,5083,5313,10396
3619,20200311,5호선,거여,6192,5833,12025
3620,20200311,5호선,마천,4258,4271,8529
3621,20200312,5호선,방화,5337,5091,10428
3622,20200312,5호선,개화산,4663,4532,9195
3623,20200312,5호선,김포공항,4383,4136,8519
3624,20200312,5호선,송정,5668,5249,10917
3625,20200312,5호선,마곡,6343,6036,12379
3626,20200312,5호선,발산,14306,14878,29184
3627,20200312,5호선,우장산,10328,10382,20710
3628,20200312,5호선,화곡,23809,21983,45792
3629,20200312,5호선,까치산,24253,22987,47240
3630,20200312,5호선,신정,11315,8569,19884
3631,20200312,5호선,목동,13750,15287,29037
3632,20200312,5호선,오목교,17463,18891,36354
3633,20200312,5호선,양평,6198,6268,12466
3634,20200312,5호선,영등포구청,3258,3327,6585
3635,20200312,5호선,영등포시장,7241,7303,14544
3636,20200312,5호선,신길,3096,3443,6539
3637,20200312,5호선,여의도,22100,23164,45264
3638,20200312,5호선,여의나루,7698,7988,15686
3639,20200312,5호선,마포,11477,11874,23351
3640,20200312,5호선,공덕,11414,12396,23810
3641,20200312,5호선,애오개,5692,5711,11403
3642,20200312,5호선,충정로,3587,3714,7301
3643,20200312,5호선,서대문,14597,15153,29750
3644,20200312,5호선,광화문,24817,26049,50866
3645,20200312,5호선,종로3가,8986,8944,17930
3646,20200312,5호선,을지로4가,5122,5185,10307
3647,20200312,5호선,동대문역사문화공원,2465,2793,5258
3648,20200312,5호선,청구,3442,2981,6423
3649,20200312,5호선,신금호,4853,4955,9808
3650,20200312,5호선,행당,6417,5694,12111
3651,20200312,5호선,왕십리,3518,3879,7397
3652,20200312,5호선,마장,4443,4144,8587
3653,20200312,5호선,답십리,13471,12318,25789
3654,20200312,5호선,장한평,15204,14932,30136
3655,20200312,5호선,군자,9117,9977,19094
3656,20200312,5호선,아차산,11336,11114,22450
3657,20200312,5호선,광나루,10270,9370,19640
3658,20200312,5호선,천호,13814,14634,28448
3659,20200312,5호선,강동,16146,14152,30298
3660,20200312,5호선,길동,5789,6136,11925
3661,20200312,5호선,굽은다리,7155,6778,13933
3662,20200312,5호선,명일,6053,6221,12274
3663,20200312,5호선,고덕,6423,6730,13153
3664,20200312,5호선,상일동,13974,11995,25969
3665,20200312,5호선,둔촌동,6358,6300,12658
3666,20200312,5호선,올림픽공원,2921,2521,5442
3667,20200312,5호선,방이,5489,5638,11127
3668,20200312,5호선,오금,2961,3066,6027
3669,20200312,5호선,개롱,4810,5103,9913
3670,20200312,5호선,거여,6052,5621,11673
3671,20200312,5호선,마천,4197,4251,8448
3672,20200313,5호선,방화,5412,5125,10537
3673,20200313,5호선,개화산,4711,4440,9151
3674,20200313,5호선,김포공항,4570,4282,8852
3675,20200313,5호선,송정,5784,5184,10968
3676,20200313,5호선,마곡,6662,6169,12831
3677,20200313,5호선,발산,14643,15370,30013
3678,20200313,5호선,우장산,10426,10374,20800
3679,20200313,5호선,화곡,24377,22381,46758
3680,20200313,5호선,까치산,24539,23008,47547
3681,20200313,5호선,신정,11374,8524,19898
3682,20200313,5호선,목동,13818,15517,29335
3683,20200313,5호선,오목교,18111,19582,37693
3684,20200313,5호선,양평,6048,6079,12127
3685,20200313,5호선,영등포구청,3311,3367,6678
3686,20200313,5호선,영등포시장,7490,7563,15053
3687,20200313,5호선,신길,3087,3308,6395
3688,20200313,5호선,여의도,21826,22694,44520
3689,20200313,5호선,여의나루,6612,6815,13427
3690,20200313,5호선,마포,11658,12293,23951
3691,20200313,5호선,공덕,11353,12395,23748
3692,20200313,5호선,애오개,5777,5829,11606
3693,20200313,5호선,충정로,3546,3519,7065
3694,20200313,5호선,서대문,14570,15090,29660
3695,20200313,5호선,광화문,24443,25506,49949
3696,20200313,5호선,종로3가,9110,9256,18366
3697,20200313,5호선,을지로4가,5167,5306,10473
3698,20200313,5호선,동대문역사문화공원,2321,2651,4972
3699,20200313,5호선,청구,3427,2958,6385
3700,20200313,5호선,신금호,4907,4989,9896
3701,20200313,5호선,행당,6486,5758,12244
3702,20200313,5호선,왕십리,3615,4167,7782
3703,20200313,5호선,마장,4649,4438,9087
3704,20200313,5호선,답십리,13504,12290,25794
3705,20200313,5호선,장한평,15250,15179,30429
3706,20200313,5호선,군자,9409,10217,19626
3707,20200313,5호선,아차산,11531,11122,22653
3708,20200313,5호선,광나루,10425,9276,19701
3709,20200313,5호선,천호,14673,15427,30100
3710,20200313,5호선,강동,16361,14421,30782
3711,20200313,5호선,길동,5996,6415,12411
3712,20200313,5호선,굽은다리,7215,6623,13838
3713,20200313,5호선,명일,6267,6374,12641
3714,20200313,5호선,고덕,6591,6653,13244
3715,20200313,5호선,상일동,14235,12004,26239
3716,20200313,5호선,둔촌동,6650,6592,13242
3717,20200313,5호선,올림픽공원,2958,2589,5547
3718,20200313,5호선,방이,5431,5655,11086
3719,20200313,5호선,오금,2967,2994,5961
3720,20200313,5호선,개롱,5062,5079,10141
3721,20200313,5호선,거여,6138,5737,11875
3722,20200313,5호선,마천,4138,4116,8254
3723,20200314,5호선,방화,3251,3105,6356
3724,20200314,5호선,개화산,2809,2782,5591
3725,20200314,5호선,김포공항,3745,3668,7413
3726,20200314,5호선,송정,3953,3703,7656
3727,20200314,5호선,마곡,2784,2627,5411
3728,20200314,5호선,발산,8386,9024,17410
3729,20200314,5호선,우장산,6209,6198,12407
3730,20200314,5호선,화곡,14446,13245,27691
3731,20200314,5호선,까치산,15311,14664,29975
3732,20200314,5호선,신정,6215,5198,11413
3733,20200314,5호선,목동,7694,8163,15857
3734,20200314,5호선,오목교,10999,11542,22541
3735,20200314,5호선,양평,2449,2245,4694
3736,20200314,5호선,영등포구청,1405,1346,2751
3737,20200314,5호선,영등포시장,4533,4626,9159
3738,20200314,5호선,신길,1597,1738,3335
3739,20200314,5호선,여의도,5981,6252,12233
3740,20200314,5호선,여의나루,4273,4635,8908
3741,20200314,5호선,마포,4710,4799,9509
3742,20200314,5호선,공덕,4651,4887,9538
3743,20200314,5호선,애오개,2480,2339,4819
3744,20200314,5호선,충정로,1349,1227,2576
3745,20200314,5호선,서대문,4874,4758,9632
3746,20200314,5호선,광화문,8082,8166,16248
3747,20200314,5호선,종로3가,6437,6484,12921
3748,20200314,5호선,을지로4가,2100,2310,4410
3749,20200314,5호선,동대문역사문화공원,607,862,1469
3750,20200314,5호선,청구,1914,1684,3598
3751,20200314,5호선,신금호,2889,2948,5837
3752,20200314,5호선,행당,3822,3278,7100
3753,20200314,5호선,왕십리,2416,2833,5249
3754,20200314,5호선,마장,2800,2650,5450
3755,20200314,5호선,답십리,7320,6761,14081
3756,20200314,5호선,장한평,7636,7708,15344
3757,20200314,5호선,군자,6083,6532,12615
3758,20200314,5호선,아차산,8589,8469,17058
3759,20200314,5호선,광나루,6597,6385,12982
3760,20200314,5호선,천호,11536,11449,22985
3761,20200314,5호선,강동,9816,8755,18571
3762,20200314,5호선,길동,4004,4180,8184
3763,20200314,5호선,굽은다리,4737,4382,9119
3764,20200314,5호선,명일,3588,3467,7055
3765,20200314,5호선,고덕,3778,3584,7362
3766,20200314,5호선,상일동,6998,6236,13234
3767,20200314,5호선,둔촌동,4097,4084,8181
3768,20200314,5호선,올림픽공원,1796,1537,3333
3769,20200314,5호선,방이,3314,3254,6568
3770,20200314,5호선,오금,1402,1395,2797
3771,20200314,5호선,개롱,2886,2978,5864
3772,20200314,5호선,거여,3624,3397,7021
3773,20200314,5호선,마천,2955,3003,5958
3774,20200315,5호선,방화,2370,2299,4669
3775,20200315,5호선,개화산,1907,1968,3875
3776,20200315,5호선,김포공항,3296,3097,6393
3777,20200315,5호선,송정,2403,2524,4927
3778,20200315,5호선,마곡,1714,1682,3396
3779,20200315,5호선,발산,5148,5385,10533
3780,20200315,5호선,우장산,4094,4108,8202
3781,20200315,5호선,화곡,9249,8618,17867
3782,20200315,5호선,까치산,10248,9875,20123
3783,20200315,5호선,신정,3983,3347,7330
3784,20200315,5호선,목동,4794,5045,9839
3785,20200315,5호선,오목교,7345,7604,14949
3786,20200315,5호선,양평,1570,1637,3207
3787,20200315,5호선,영등포구청,875,842,1717
3788,20200315,5호선,영등포시장,2494,2632,5126
3789,20200315,5호선,신길,1106,1224,2330
3790,20200315,5호선,여의도,3448,3493,6941
3791,20200315,5호선,여의나루,2741,2885,5626
3792,20200315,5호선,마포,2996,2914,5910
3793,20200315,5호선,공덕,2852,2913,5765
3794,20200315,5호선,애오개,1727,1783,3510
3795,20200315,5호선,충정로,813,883,1696
3796,20200315,5호선,서대문,3181,3006,6187
3797,20200315,5호선,광화문,5779,5728,11507
3798,20200315,5호선,종로3가,4278,3920,8198
3799,20200315,5호선,을지로4가,775,804,1579
3800,20200315,5호선,동대문역사문화공원,352,446,798
3801,20200315,5호선,청구,1141,1031,2172
3802,20200315,5호선,신금호,1860,1995,3855
3803,20200315,5호선,행당,2393,2087,4480
3804,20200315,5호선,왕십리,1597,1890,3487
3805,20200315,5호선,마장,1770,1645,3415
3806,20200315,5호선,답십리,4625,4272,8897
3807,20200315,5호선,장한평,4602,4501,9103
3808,20200315,5호선,군자,3938,4465,8403
3809,20200315,5호선,아차산,6725,6716,13441
3810,20200315,5호선,광나루,4889,4892,9781
3811,20200315,5호선,천호,7880,7749,15629
3812,20200315,5호선,강동,6311,5898,12209
3813,20200315,5호선,길동,2515,2669,5184
3814,20200315,5호선,굽은다리,3092,2847,5939
3815,20200315,5호선,명일,2247,2212,4459
3816,20200315,5호선,고덕,2415,2353,4768
3817,20200315,5호선,상일동,4294,4036,8330
3818,20200315,5호선,둔촌동,2683,2627,5310
3819,20200315,5호선,올림픽공원,1070,951,2021
3820,20200315,5호선,방이,2293,2256,4549
3821,20200315,5호선,오금,897,922,1819
3822,20200315,5호선,개롱,1761,1978,3739
3823,20200315,5호선,거여,2310,2238,4548
3824,20200315,5호선,마천,2018,2288,4306
3825,20200316,5호선,방화,5466,5097,10563
3826,20200316,5호선,개화산,4629,4522,9151
3827,20200316,5호선,김포공항,4352,3927,8279
3828,20200316,5호선,송정,5767,5466,11233
3829,20200316,5호선,마곡,7023,6651,13674
3830,20200316,5호선,발산,14837,15109,29946
3831,20200316,5호선,우장산,10747,10666,21413
3832,20200316,5호선,화곡,24265,22590,46855
3833,20200316,5호선,까치산,24534,23495,48029
3834,20200316,5호선,신정,11367,8758,20125
3835,20200316,5호선,목동,14142,15835,29977
3836,20200316,5호선,오목교,16567,17762,34329
3837,20200316,5호선,양평,6393,6466,12859
3838,20200316,5호선,영등포구청,3410,3495,6905
3839,20200316,5호선,영등포시장,7540,7579,15119
3840,20200316,5호선,신길,3129,3519,6648
3841,20200316,5호선,여의도,22270,23244,45514
3842,20200316,5호선,여의나루,6682,6806,13488
3843,20200316,5호선,마포,11972,12198,24170
3844,20200316,5호선,공덕,11580,12508,24088
3845,20200316,5호선,애오개,5700,5815,11515
3846,20200316,5호선,충정로,3642,3750,7392
3847,20200316,5호선,서대문,15164,15558,30722
3848,20200316,5호선,광화문,25561,26431,51992
3849,20200316,5호선,종로3가,8833,9080,17913
3850,20200316,5호선,을지로4가,5181,5164,10345
3851,20200316,5호선,동대문역사문화공원,2475,2788,5263
3852,20200316,5호선,청구,3469,3136,6605
3853,20200316,5호선,신금호,4907,5064,9971
3854,20200316,5호선,행당,6654,5955,12609
3855,20200316,5호선,왕십리,3614,3935,7549
3856,20200316,5호선,마장,4544,4309,8853
3857,20200316,5호선,답십리,13717,12427,26144
3858,20200316,5호선,장한평,15085,15085,30170
3859,20200316,5호선,군자,9034,9781,18815
3860,20200316,5호선,아차산,11153,11070,22223
3861,20200316,5호선,광나루,10273,9375,19648
3862,20200316,5호선,천호,12968,13891,26859
3863,20200316,5호선,강동,16599,14636,31235
3864,20200316,5호선,길동,5967,6301,12268
3865,20200316,5호선,굽은다리,7283,6862,14145
3866,20200316,5호선,명일,6283,6598,12881
3867,20200316,5호선,고덕,6708,7035,13743
3868,20200316,5호선,상일동,14371,12408,26779
3869,20200316,5호선,둔촌동,6579,6577,13156
3870,20200316,5호선,올림픽공원,2944,2613,5557
3871,20200316,5호선,방이,5554,5766,11320
3872,20200316,5호선,오금,3015,3067,6082
3873,20200316,5호선,개롱,4890,5190,10080
3874,20200316,5호선,거여,6119,5822,11941
3875,20200316,5호선,마천,4202,4246,8448
3876,20200317,5호선,방화,5339,5097,10436
3877,20200317,5호선,개화산,4578,4421,8999
3878,20200317,5호선,김포공항,4191,3970,8161
3879,20200317,5호선,송정,5662,5156,10818
3880,20200317,5호선,마곡,7044,6673,13717
3881,20200317,5호선,발산,14590,15088,29678
3882,20200317,5호선,우장산,10817,10766,21583
3883,20200317,5호선,화곡,24070,22450,46520
3884,20200317,5호선,까치산,24646,23388,48034
3885,20200317,5호선,신정,11526,8679,20205
3886,20200317,5호선,목동,13953,15675,29628
3887,20200317,5호선,오목교,17874,19169,37043
3888,20200317,5호선,양평,6358,6340,12698
3889,20200317,5호선,영등포구청,3447,3493,6940
3890,20200317,5호선,영등포시장,7307,7485,14792
3891,20200317,5호선,신길,3139,3506,6645
3892,20200317,5호선,여의도,22235,23377,45612
3893,20200317,5호선,여의나루,6764,7056,13820
3894,20200317,5호선,마포,11845,12254,24099
3895,20200317,5호선,공덕,11554,12493,24047
3896,20200317,5호선,애오개,5779,5775,11554
3897,20200317,5호선,충정로,3651,3726,7377
3898,20200317,5호선,서대문,14803,15499,30302
3899,20200317,5호선,광화문,25222,26746,51968
3900,20200317,5호선,종로3가,8925,9045,17970
3901,20200317,5호선,을지로4가,5104,5194,10298
3902,20200317,5호선,동대문역사문화공원,2382,2697,5079
3903,20200317,5호선,청구,3459,3070,6529
3904,20200317,5호선,신금호,4882,5036,9918
3905,20200317,5호선,행당,6547,5834,12381
3906,20200317,5호선,왕십리,3626,3908,7534
3907,20200317,5호선,마장,4459,4278,8737
3908,20200317,5호선,답십리,13528,12291,25819
3909,20200317,5호선,장한평,15136,15039,30175
3910,20200317,5호선,군자,9264,9947,19211
3911,20200317,5호선,아차산,11145,11035,22180
3912,20200317,5호선,광나루,10303,9196,19499
3913,20200317,5호선,천호,13813,14837,28650
3914,20200317,5호선,강동,16501,14558,31059
3915,20200317,5호선,길동,5935,6282,12217
3916,20200317,5호선,굽은다리,7107,6730,13837
3917,20200317,5호선,명일,6125,6447,12572
3918,20200317,5호선,고덕,6600,6777,13377
3919,20200317,5호선,상일동,14457,12269,26726
3920,20200317,5호선,둔촌동,6624,6584,13208
3921,20200317,5호선,올림픽공원,2917,2504,5421
3922,20200317,5호선,방이,5449,5800,11249
3923,20200317,5호선,오금,2967,3050,6017
3924,20200317,5호선,개롱,4971,5088,10059
3925,20200317,5호선,거여,6135,5711,11846
3926,20200317,5호선,마천,4137,4159,8296
3927,20200318,5호선,방화,5603,5280,10883
3928,20200318,5호선,개화산,4746,4549,9295
3929,20200318,5호선,김포공항,4383,4121,8504
3930,20200318,5호선,송정,5836,5417,11253
3931,20200318,5호선,마곡,7066,6631,13697
3932,20200318,5호선,발산,15200,15538,30738
3933,20200318,5호선,우장산,10966,10907,21873
3934,20200318,5호선,화곡,24616,22809,47425
3935,20200318,5호선,까치산,25162,23966,49128
3936,20200318,5호선,신정,11728,8922,20650
3937,20200318,5호선,목동,14311,15991,30302
3938,20200318,5호선,오목교,18005,19498,37503
3939,20200318,5호선,양평,6385,6424,12809
3940,20200318,5호선,영등포구청,3487,3460,6947
3941,20200318,5호선,영등포시장,7472,7650,15122
3942,20200318,5호선,신길,3192,3535,6727
3943,20200318,5호선,여의도,22493,23790,46283
3944,20200318,5호선,여의나루,10058,10346,20404
3945,20200318,5호선,마포,11796,12259,24055
3946,20200318,5호선,공덕,11499,12478,23977
3947,20200318,5호선,애오개,5955,5890,11845
3948,20200318,5호선,충정로,3706,3825,7531
3949,20200318,5호선,서대문,15145,15578,30723
3950,20200318,5호선,광화문,25756,26968,52724
3951,20200318,5호선,종로3가,9446,9510,18956
3952,20200318,5호선,을지로4가,5286,5231,10517
3953,20200318,5호선,동대문역사문화공원,2373,2708,5081
3954,20200318,5호선,청구,3586,3159,6745
3955,20200318,5호선,신금호,5015,5177,10192
3956,20200318,5호선,행당,6717,6004,12721
3957,20200318,5호선,왕십리,3662,4051,7713
3958,20200318,5호선,마장,4676,4345,9021
3959,20200318,5호선,답십리,13840,12612,26452
3960,20200318,5호선,장한평,15433,15453,30886
3961,20200318,5호선,군자,9410,10333,19743
3962,20200318,5호선,아차산,11762,11542,23304
3963,20200318,5호선,광나루,10646,9494,20140
3964,20200318,5호선,천호,14423,15269,29692
3965,20200318,5호선,강동,16855,14944,31799
3966,20200318,5호선,길동,6079,6421,12500
3967,20200318,5호선,굽은다리,7355,6993,14348
3968,20200318,5호선,명일,6404,6558,12962
3969,20200318,5호선,고덕,6689,6872,13561
3970,20200318,5호선,상일동,14721,12637,27358
3971,20200318,5호선,둔촌동,6702,6648,13350
3972,20200318,5호선,올림픽공원,3111,2672,5783
3973,20200318,5호선,방이,5663,5866,11529
3974,20200318,5호선,오금,2993,3024,6017
3975,20200318,5호선,개롱,5091,5275,10366
3976,20200318,5호선,거여,6275,5939,12214
3977,20200318,5호선,마천,4302,4280,8582
3978,20200319,5호선,방화,5198,4884,10082
3979,20200319,5호선,개화산,4542,4336,8878
3980,20200319,5호선,김포공항,4158,3917,8075
3981,20200319,5호선,송정,5524,5175,10699
3982,20200319,5호선,마곡,6795,6494,13289
3983,20200319,5호선,발산,14657,14985,29642
3984,20200319,5호선,우장산,10444,10369,20813
3985,20200319,5호선,화곡,23596,21887,45483
3986,20200319,5호선,까치산,23903,23109,47012
3987,20200319,5호선,신정,11218,8638,19856
3988,20200319,5호선,목동,13687,15270,28957
3989,20200319,5호선,오목교,17417,18609,36026
3990,20200319,5호선,양평,6265,6318,12583
3991,20200319,5호선,영등포구청,3338,3392,6730
3992,20200319,5호선,영등포시장,7051,7297,14348
3993,20200319,5호선,신길,3169,3469,6638
3994,20200319,5호선,여의도,22332,23332,45664
3995,20200319,5호선,여의나루,6019,6222,12241
3996,20200319,5호선,마포,11460,11896,23356
3997,20200319,5호선,공덕,11222,12251,23473
3998,20200319,5호선,애오개,5780,5774,11554
3999,20200319,5호선,충정로,3650,3826,7476
4000,20200319,5호선,서대문,14810,15130,29940
4001,20200319,5호선,광화문,24678,26034,50712
4002,20200319,5호선,종로3가,8587,8600,17187
4003,20200319,5호선,을지로4가,5053,4936,9989
4004,20200319,5호선,동대문역사문화공원,2380,2638,5018
4005,20200319,5호선,청구,3354,3061,6415
4006,20200319,5호선,신금호,4776,4922,9698
4007,20200319,5호선,행당,6426,5801,12227
4008,20200319,5호선,왕십리,3545,3974,7519
4009,20200319,5호선,마장,4325,4244,8569
4010,20200319,5호선,답십리,13188,12112,25300
4011,20200319,5호선,장한평,14800,14832,29632
4012,20200319,5호선,군자,9000,9616,18616
4013,20200319,5호선,아차산,10779,10548,21327
4014,20200319,5호선,광나루,9893,8672,18565
4015,20200319,5호선,천호,13504,14183,27687
4016,20200319,5호선,강동,16250,14289,30539
4017,20200319,5호선,길동,5657,6112,11769
4018,20200319,5호선,굽은다리,6961,6640,13601
4019,20200319,5호선,명일,5966,6297,12263
4020,20200319,5호선,고덕,6467,6511,12978
4021,20200319,5호선,상일동,13875,12056,25931
4022,20200319,5호선,둔촌동,6518,6520,13038
4023,20200319,5호선,올림픽공원,2771,2387,5158
4024,20200319,5호선,방이,5437,5702,11139
4025,20200319,5호선,오금,2916,2972,5888
4026,20200319,5호선,개롱,4793,5045,9838
4027,20200319,5호선,거여,5900,5519,11419
4028,20200319,5호선,마천,4010,4078,8088
4029,20200320,5호선,방화,5688,5304,10992
4030,20200320,5호선,개화산,4721,4587,9308
4031,20200320,5호선,김포공항,4710,4349,9059
4032,20200320,5호선,송정,6065,5502,11567
4033,20200320,5호선,마곡,7069,6689,13758
4034,20200320,5호선,발산,14963,15833,30796
4035,20200320,5호선,우장산,11400,11241,22641
4036,20200320,5호선,화곡,25474,23095,48569
4037,20200320,5호선,까치산,25841,24316,50157
4038,20200320,5호선,신정,11986,8960,20946
4039,20200320,5호선,목동,14800,16236,31036
4040,20200320,5호선,오목교,18839,20393,39232
4041,20200320,5호선,양평,6382,6330,12712
4042,20200320,5호선,영등포구청,3520,3536,7056
4043,20200320,5호선,영등포시장,7679,7858,15537
4044,20200320,5호선,신길,3276,3547,6823
4045,20200320,5호선,여의도,22316,23531,45847
4046,20200320,5호선,여의나루,9179,9281,18460
4047,20200320,5호선,마포,12086,12455,24541
4048,20200320,5호선,공덕,11632,12873,24505
4049,20200320,5호선,애오개,6017,5844,11861
4050,20200320,5호선,충정로,3799,3857,7656
4051,20200320,5호선,서대문,14952,15552,30504
4052,20200320,5호선,광화문,25133,26747,51880
4053,20200320,5호선,종로3가,9767,10126,19893
4054,20200320,5호선,을지로4가,5142,5359,10501
4055,20200320,5호선,동대문역사문화공원,2334,2666,5000
4056,20200320,5호선,청구,3525,3179,6704
4057,20200320,5호선,신금호,5105,5111,10216
4058,20200320,5호선,행당,6825,5950,12775
4059,20200320,5호선,왕십리,3955,4517,8472
4060,20200320,5호선,마장,4773,4448,9221
4061,20200320,5호선,답십리,14052,12641,26693
4062,20200320,5호선,장한평,15684,15549,31233
4063,20200320,5호선,군자,9735,10537,20272
4064,20200320,5호선,아차산,11894,11737,23631
4065,20200320,5호선,광나루,11194,9892,21086
4066,20200320,5호선,천호,15528,16590,32118
4067,20200320,5호선,강동,17297,15038,32335
4068,20200320,5호선,길동,6454,6761,13215
4069,20200320,5호선,굽은다리,7622,7003,14625
4070,20200320,5호선,명일,6495,6790,13285
4071,20200320,5호선,고덕,6940,7054,13994
4072,20200320,5호선,상일동,15019,12705,27724
4073,20200320,5호선,둔촌동,6935,7018,13953
4074,20200320,5호선,올림픽공원,3124,2686,5810
4075,20200320,5호선,방이,5815,5994,11809
4076,20200320,5호선,오금,3095,3075,6170
4077,20200320,5호선,개롱,5150,5290,10440
4078,20200320,5호선,거여,6392,5986,12378
4079,20200320,5호선,마천,4326,4220,8546
4080,20200321,5호선,방화,3429,3178,6607
4081,20200321,5호선,개화산,2882,2864,5746
4082,20200321,5호선,김포공항,3598,3564,7162
4083,20200321,5호선,송정,3941,3697,7638
4084,20200321,5호선,마곡,2847,2782,5629
4085,20200321,5호선,발산,8564,9103,17667
4086,20200321,5호선,우장산,6795,6602,13397
4087,20200321,5호선,화곡,15155,13711,28866
4088,20200321,5호선,까치산,15912,15083,30995
4089,20200321,5호선,신정,6521,5269,11790
4090,20200321,5호선,목동,8248,8439,16687
4091,20200321,5호선,오목교,11156,11711,22867
4092,20200321,5호선,양평,2593,2501,5094
4093,20200321,5호선,영등포구청,1430,1370,2800
4094,20200321,5호선,영등포시장,4800,5048,9848
4095,20200321,5호선,신길,1748,1774,3522
4096,20200321,5호선,여의도,6331,6764,13095
4097,20200321,5호선,여의나루,8935,9887,18822
4098,20200321,5호선,마포,5004,5137,10141
4099,20200321,5호선,공덕,4977,5255,10232
4100,20200321,5호선,애오개,2677,2533,5210
4101,20200321,5호선,충정로,1316,1227,2543
4102,20200321,5호선,서대문,4928,4872,9800
4103,20200321,5호선,광화문,8425,8528,16953
4104,20200321,5호선,종로3가,6594,7094,13688
4105,20200321,5호선,을지로4가,2259,2460,4719
4106,20200321,5호선,동대문역사문화공원,646,809,1455
4107,20200321,5호선,청구,1992,1743,3735
4108,20200321,5호선,신금호,2997,3048,6045
4109,20200321,5호선,행당,3796,3243,7039
4110,20200321,5호선,왕십리,2460,2977,5437
4111,20200321,5호선,마장,2813,2834,5647
4112,20200321,5호선,답십리,7763,7010,14773
4113,20200321,5호선,장한평,8180,7953,16133
4114,20200321,5호선,군자,6172,6756,12928
4115,20200321,5호선,아차산,9363,9068,18431
4116,20200321,5호선,광나루,6961,6802,13763
4117,20200321,5호선,천호,11672,11757,23429
4118,20200321,5호선,강동,10191,8747,18938
4119,20200321,5호선,길동,4026,4237,8263
4120,20200321,5호선,굽은다리,4798,4363,9161
4121,20200321,5호선,명일,3699,3683,7382
4122,20200321,5호선,고덕,3733,3569,7302
4123,20200321,5호선,상일동,7450,6619,14069
4124,20200321,5호선,둔촌동,4235,4060,8295
4125,20200321,5호선,올림픽공원,1903,1725,3628
4126,20200321,5호선,방이,3388,3359,6747
4127,20200321,5호선,오금,1553,1478,3031
4128,20200321,5호선,개롱,2972,3097,6069
4129,20200321,5호선,거여,3642,3423,7065
4130,20200321,5호선,마천,3058,3077,6135
4131,20200322,5호선,방화,2431,2347,4778
4132,20200322,5호선,개화산,1978,2074,4052
4133,20200322,5호선,김포공항,3274,2941,6215
4134,20200322,5호선,송정,2699,2724,5423
4135,20200322,5호선,마곡,1764,1833,3597
4136,20200322,5호선,발산,5778,6103,11881
4137,20200322,5호선,우장산,4323,4392,8715
4138,20200322,5호선,화곡,10035,9257,19292
4139,20200322,5호선,까치산,11086,10775,21861
4140,20200322,5호선,신정,4342,3836,8178
4141,20200322,5호선,목동,5312,5428,10740
4142,20200322,5호선,오목교,7920,8204,16124
4143,20200322,5호선,양평,1682,1777,3459
4144,20200322,5호선,영등포구청,912,880,1792
4145,20200322,5호선,영등포시장,2788,2965,5753
4146,20200322,5호선,신길,1149,1342,2491
4147,20200322,5호선,여의도,4779,4643,9422
4148,20200322,5호선,여의나루,11330,12439,23769
4149,20200322,5호선,마포,3335,3320,6655
4150,20200322,5호선,공덕,3146,3216,6362
4151,20200322,5호선,애오개,1905,1922,3827
4152,20200322,5호선,충정로,911,928,1839
4153,20200322,5호선,서대문,3322,3304,6626
4154,20200322,5호선,광화문,6208,6091,12299
4155,20200322,5호선,종로3가,4709,4291,9000
4156,20200322,5호선,을지로4가,832,881,1713
4157,20200322,5호선,동대문역사문화공원,438,538,976
4158,20200322,5호선,청구,1204,1107,2311
4159,20200322,5호선,신금호,1971,2091,4062
4160,20200322,5호선,행당,2505,2326,4831
4161,20200322,5호선,왕십리,1591,1886,3477
4162,20200322,5호선,마장,1932,1913,3845
4163,20200322,5호선,답십리,5042,4646,9688
4164,20200322,5호선,장한평,5100,4921,10021
4165,20200322,5호선,군자,4168,4547,8715
4166,20200322,5호선,아차산,7822,7828,15650
4167,20200322,5호선,광나루,5471,5628,11099
4168,20200322,5호선,천호,8469,8108,16577
4169,20200322,5호선,강동,6535,6248,12783
4170,20200322,5호선,길동,2684,2689,5373
4171,20200322,5호선,굽은다리,3118,2851,5969
4172,20200322,5호선,명일,2476,2375,4851
4173,20200322,5호선,고덕,2496,2392,4888
4174,20200322,5호선,상일동,4651,4506,9157
4175,20200322,5호선,둔촌동,2856,2856,5712
4176,20200322,5호선,올림픽공원,1342,1274,2616
4177,20200322,5호선,방이,2426,2313,4739
4178,20200322,5호선,오금,1025,950,1975
4179,20200322,5호선,개롱,1938,2146,4084
4180,20200322,5호선,거여,2355,2342,4697
4181,20200322,5호선,마천,2240,2451,4691
4182,20200323,5호선,방화,5466,5122,10588
4183,20200323,5호선,개화산,4673,4547,9220
4184,20200323,5호선,김포공항,4427,3986,8413
4185,20200323,5호선,송정,5750,5341,11091
4186,20200323,5호선,마곡,7004,6773,13777
4187,20200323,5호선,발산,15120,15410,30530
4188,20200323,5호선,우장산,11222,11196,22418
4189,20200323,5호선,화곡,24668,23004,47672
4190,20200323,5호선,까치산,25142,24008,49150
4191,20200323,5호선,신정,11733,8880,20613
4192,20200323,5호선,목동,14411,16136,30547
4193,20200323,5호선,오목교,17974,19436,37410
4194,20200323,5호선,양평,6494,6471,12965
4195,20200323,5호선,영등포구청,3548,3516,7064
4196,20200323,5호선,영등포시장,7473,7694,15167
4197,20200323,5호선,신길,3176,3592,6768
4198,20200323,5호선,여의도,22846,23854,46700
4199,20200323,5호선,여의나루,10919,11361,22280
4200,20200323,5호선,마포,11898,12330,24228
4201,20200323,5호선,공덕,11715,12502,24217
4202,20200323,5호선,애오개,5770,5973,11743
4203,20200323,5호선,충정로,3776,3921,7697
4204,20200323,5호선,서대문,15240,15688,30928
4205,20200323,5호선,광화문,25727,26904,52631
4206,20200323,5호선,종로3가,8920,9102,18022
4207,20200323,5호선,을지로4가,5128,5209,10337
4208,20200323,5호선,동대문역사문화공원,2498,2762,5260
4209,20200323,5호선,청구,3516,3138,6654
4210,20200323,5호선,신금호,4963,5132,10095
4211,20200323,5호선,행당,6650,5944,12594
4212,20200323,5호선,왕십리,3527,3942,7469
4213,20200323,5호선,마장,4561,4247,8808
4214,20200323,5호선,답십리,13802,12724,26526
4215,20200323,5호선,장한평,15491,15372,30863
4216,20200323,5호선,군자,9293,9997,19290
4217,20200323,5호선,아차산,11440,11311,22751
4218,20200323,5호선,광나루,10552,9563,20115
4219,20200323,5호선,천호,14351,15019,29370
4220,20200323,5호선,강동,16770,14826,31596
4221,20200323,5호선,길동,5980,6389,12369
4222,20200323,5호선,굽은다리,7317,6948,14265
4223,20200323,5호선,명일,6271,6637,12908
4224,20200323,5호선,고덕,6780,7000,13780
4225,20200323,5호선,상일동,14774,12869,27643
4226,20200323,5호선,둔촌동,6706,6704,13410
4227,20200323,5호선,올림픽공원,3020,2699,5719
4228,20200323,5호선,방이,5549,5727,11276
4229,20200323,5호선,오금,3123,3087,6210
4230,20200323,5호선,개롱,5082,5263,10345
4231,20200323,5호선,거여,6124,5811,11935
4232,20200323,5호선,마천,4279,4278,8557
4233,20200324,5호선,방화,5596,5256,10852
4234,20200324,5호선,개화산,4753,4619,9372
4235,20200324,5호선,김포공항,4371,3911,8282
4236,20200324,5호선,송정,5792,5389,11181
4237,20200324,5호선,마곡,7086,6617,13703
4238,20200324,5호선,발산,15259,15597,30856
4239,20200324,5호선,우장산,11163,11167,22330
4240,20200324,5호선,화곡,24874,23074,47948
4241,20200324,5호선,까치산,25138,23984,49122
4242,20200324,5호선,신정,11839,9054,20893
4243,20200324,5호선,목동,14552,16191,30743
4244,20200324,5호선,오목교,18407,19853,38260
4245,20200324,5호선,양평,6552,6459,13011
4246,20200324,5호선,영등포구청,3486,3569,7055
4247,20200324,5호선,영등포시장,7592,7683,15275
4248,20200324,5호선,신길,3179,3491,6670
4249,20200324,5호선,여의도,23037,24037,47074
4250,20200324,5호선,여의나루,12210,12804,25014
4251,20200324,5호선,마포,11896,12333,24229
4252,20200324,5호선,공덕,11907,12771,24678
4253,20200324,5호선,애오개,6026,5925,11951
4254,20200324,5호선,충정로,3688,3848,7536
4255,20200324,5호선,서대문,15350,15960,31310
4256,20200324,5호선,광화문,25866,27164,53030
4257,20200324,5호선,종로3가,9423,9276,18699
4258,20200324,5호선,을지로4가,5172,5193,10365
4259,20200324,5호선,동대문역사문화공원,2467,2829,5296
4260,20200324,5호선,청구,3474,3160,6634
4261,20200324,5호선,신금호,5017,5068,10085
4262,20200324,5호선,행당,6724,5877,12601
4263,20200324,5호선,왕십리,3742,4047,7789
4264,20200324,5호선,마장,4560,4289,8849
4265,20200324,5호선,답십리,13822,12691,26513
4266,20200324,5호선,장한평,15610,15503,31113
4267,20200324,5호선,군자,9220,9950,19170
4268,20200324,5호선,아차산,11676,11489,23165
4269,20200324,5호선,광나루,10553,9494,20047
4270,20200324,5호선,천호,14280,14937,29217
4271,20200324,5호선,강동,16872,14987,31859
4272,20200324,5호선,길동,5832,6194,12026
4273,20200324,5호선,굽은다리,7307,6948,14255
4274,20200324,5호선,명일,6301,6567,12868
4275,20200324,5호선,고덕,6615,6836,13451
4276,20200324,5호선,상일동,14701,12777,27478
4277,20200324,5호선,둔촌동,6631,6777,13408
4278,20200324,5호선,올림픽공원,3135,2780,5915
4279,20200324,5호선,방이,5533,5712,11245
4280,20200324,5호선,오금,3065,3113,6178
4281,20200324,5호선,개롱,5119,5259,10378
4282,20200324,5호선,거여,6241,5863,12104
4283,20200324,5호선,마천,4288,4366,8654
4284,20200325,5호선,방화,5590,5219,10809
4285,20200325,5호선,개화산,4703,4584,9287
4286,20200325,5호선,김포공항,4423,4029,8452
4287,20200325,5호선,송정,6015,5582,11597
4288,20200325,5호선,마곡,7112,6800,13912
4289,20200325,5호선,발산,15470,15921,31391
4290,20200325,5호선,우장산,11271,11195,22466
4291,20200325,5호선,화곡,25024,23184,48208
4292,20200325,5호선,까치산,25541,24258,49799
4293,20200325,5호선,신정,11918,9076,20994
4294,20200325,5호선,목동,14604,16243,30847
4295,20200325,5호선,오목교,18505,20006,38511
4296,20200325,5호선,양평,6623,6485,13108
4297,20200325,5호선,영등포구청,3494,3501,6995
4298,20200325,5호선,영등포시장,7638,7838,15476
4299,20200325,5호선,신길,3179,3576,6755
4300,20200325,5호선,여의도,23147,24531,47678
4301,20200325,5호선,여의나루,13340,14197,27537
4302,20200325,5호선,마포,12148,12646,24794
4303,20200325,5호선,공덕,11940,12714,24654
4304,20200325,5호선,애오개,6072,6075,12147
4305,20200325,5호선,충정로,3855,3848,7703
4306,20200325,5호선,서대문,15453,15957,31410
4307,20200325,5호선,광화문,25882,27225,53107
4308,20200325,5호선,종로3가,9701,9756,19457
4309,20200325,5호선,을지로4가,5124,5322,10446
4310,20200325,5호선,동대문역사문화공원,2445,2775,5220
4311,20200325,5호선,청구,3496,3177,6673
4312,20200325,5호선,신금호,5114,5132,10246
4313,20200325,5호선,행당,6780,5965,12745
4314,20200325,5호선,왕십리,3844,4188,8032
4315,20200325,5호선,마장,4589,4367,8956
4316,20200325,5호선,답십리,13707,12449,26156
4317,20200325,5호선,장한평,15605,15569,31174
4318,20200325,5호선,군자,9546,10419,19965
4319,20200325,5호선,아차산,11965,11646,23611
4320,20200325,5호선,광나루,10639,9709,20348
4321,20200325,5호선,천호,14509,15470,29979
4322,20200325,5호선,강동,16663,14855,31518
4323,20200325,5호선,길동,6152,6425,12577
4324,20200325,5호선,굽은다리,7492,7097,14589
4325,20200325,5호선,명일,6518,6772,13290
4326,20200325,5호선,고덕,6772,6906,13678
4327,20200325,5호선,상일동,14916,12842,27758
4328,20200325,5호선,둔촌동,6918,6778,13696
4329,20200325,5호선,올림픽공원,3268,2821,6089
4330,20200325,5호선,방이,5617,5897,11514
4331,20200325,5호선,오금,3054,3146,6200
4332,20200325,5호선,개롱,5303,5402,10705
4333,20200325,5호선,거여,6234,5900,12134
4334,20200325,5호선,마천,4366,4436,8802
4335,20200326,5호선,방화,5536,5274,10810
4336,20200326,5호선,개화산,4710,4481,9191
4337,20200326,5호선,김포공항,4202,3805,8007
4338,20200326,5호선,송정,5806,5210,11016
4339,20200326,5호선,마곡,6969,6657,13626
4340,20200326,5호선,발산,15270,15678,30948
4341,20200326,5호선,우장산,11031,10947,21978
4342,20200326,5호선,화곡,24324,22594,46918
4343,20200326,5호선,까치산,24965,23911,48876
4344,20200326,5호선,신정,11728,9006,20734
4345,20200326,5호선,목동,14221,15759,29980
4346,20200326,5호선,오목교,17895,19380,37275
4347,20200326,5호선,양평,6473,6545,13018
4348,20200326,5호선,영등포구청,3393,3404,6797
4349,20200326,5호선,영등포시장,7445,7689,15134
4350,20200326,5호선,신길,3160,3566,6726
4351,20200326,5호선,여의도,22668,23778,46446
4352,20200326,5호선,여의나루,7247,7461,14708
4353,20200326,5호선,마포,11846,12344,24190
4354,20200326,5호선,공덕,11721,12610,24331
4355,20200326,5호선,애오개,5858,6055,11913
4356,20200326,5호선,충정로,3678,3837,7515
4357,20200326,5호선,서대문,15372,15782,31154
4358,20200326,5호선,광화문,25588,26732,52320
4359,20200326,5호선,종로3가,9266,9368,18634
4360,20200326,5호선,을지로4가,5094,5235,10329
4361,20200326,5호선,동대문역사문화공원,2488,2747,5235
4362,20200326,5호선,청구,3459,3152,6611
4363,20200326,5호선,신금호,4934,5116,10050
4364,20200326,5호선,행당,6624,5965,12589
4365,20200326,5호선,왕십리,3758,4151,7909
4366,20200326,5호선,마장,4493,4352,8845
4367,20200326,5호선,답십리,13533,12477,26010
4368,20200326,5호선,장한평,15499,15414,30913
4369,20200326,5호선,군자,9357,10004,19361
4370,20200326,5호선,아차산,11264,11271,22535
4371,20200326,5호선,광나루,10382,9199,19581
4372,20200326,5호선,천호,14082,14736,28818
4373,20200326,5호선,강동,16529,14813,31342
4374,20200326,5호선,길동,5819,6256,12075
4375,20200326,5호선,굽은다리,7367,6898,14265
4376,20200326,5호선,명일,6248,6633,12881
4377,20200326,5호선,고덕,6656,6846,13502
4378,20200326,5호선,상일동,14800,12717,27517
4379,20200326,5호선,둔촌동,6555,6620,13175
4380,20200326,5호선,올림픽공원,3005,2583,5588
4381,20200326,5호선,방이,5561,5875,11436
4382,20200326,5호선,오금,3109,3066,6175
4383,20200326,5호선,개롱,5001,5265,10266
4384,20200326,5호선,거여,6142,5709,11851
4385,20200326,5호선,마천,4231,4283,8514
4386,20200327,5호선,방화,5646,5254,10900
4387,20200327,5호선,개화산,4778,4476,9254
4388,20200327,5호선,김포공항,4481,4312,8793
4389,20200327,5호선,송정,6025,5512,11537
4390,20200327,5호선,마곡,7174,6756,13930
4391,20200327,5호선,발산,15315,16141,31456
4392,20200327,5호선,우장산,11494,11282,22776
4393,20200327,5호선,화곡,25565,23131,48696
4394,20200327,5호선,까치산,25893,24204,50097
4395,20200327,5호선,신정,11915,8930,20845
4396,20200327,5호선,목동,14807,16308,31115
4397,20200327,5호선,오목교,19034,20576,39610
4398,20200327,5호선,양평,6634,6399,13033
4399,20200327,5호선,영등포구청,3354,3450,6804
4400,20200327,5호선,영등포시장,7701,8021,15722
4401,20200327,5호선,신길,3264,3489,6753
4402,20200327,5호선,여의도,22761,23972,46733
4403,20200327,5호선,여의나루,10784,11038,21822
4404,20200327,5호선,마포,12067,12501,24568
4405,20200327,5호선,공덕,11927,13073,25000
4406,20200327,5호선,애오개,5991,6042,12033
4407,20200327,5호선,충정로,3682,3743,7425
4408,20200327,5호선,서대문,15096,15589,30685
4409,20200327,5호선,광화문,24835,26425,51260
4410,20200327,5호선,종로3가,9722,10204,19926
4411,20200327,5호선,을지로4가,5047,5307,10354
4412,20200327,5호선,동대문역사문화공원,2357,2792,5149
4413,20200327,5호선,청구,3432,3147,6579
4414,20200327,5호선,신금호,5138,5214,10352
4415,20200327,5호선,행당,6859,5890,12749
4416,20200327,5호선,왕십리,3910,4395,8305
4417,20200327,5호선,마장,4801,4567,9368
4418,20200327,5호선,답십리,13930,12591,26521
4419,20200327,5호선,장한평,15692,15599,31291
4420,20200327,5호선,군자,9721,10468,20189
4421,20200327,5호선,아차산,11716,11344,23060
4422,20200327,5호선,광나루,10576,9344,19920
4423,20200327,5호선,천호,15119,16079,31198
4424,20200327,5호선,강동,16928,14681,31609
4425,20200327,5호선,길동,6230,6478,12708
4426,20200327,5호선,굽은다리,7582,6996,14578
4427,20200327,5호선,명일,6492,6694,13186
4428,20200327,5호선,고덕,6813,6954,13767
4429,20200327,5호선,상일동,14871,12591,27462
4430,20200327,5호선,둔촌동,6819,6845,13664
4431,20200327,5호선,올림픽공원,3140,2687,5827
4432,20200327,5호선,방이,5682,5883,11565
4433,20200327,5호선,오금,3054,3126,6180
4434,20200327,5호선,개롱,5205,5255,10460
4435,20200327,5호선,거여,6402,5941,12343
4436,20200327,5호선,마천,4273,4186,8459
4437,20200328,5호선,방화,3537,3348,6885
4438,20200328,5호선,개화산,2860,2825,5685
4439,20200328,5호선,김포공항,3629,3663,7292
4440,20200328,5호선,송정,3964,3913,7877
4441,20200328,5호선,마곡,2965,2760,5725
4442,20200328,5호선,발산,8436,9125,17561
4443,20200328,5호선,우장산,7073,6947,14020
4444,20200328,5호선,화곡,15538,14052,29590
4445,20200328,5호선,까치산,16549,15707,32256
4446,20200328,5호선,신정,6697,5529,12226
4447,20200328,5호선,목동,8438,8569,17007
4448,20200328,5호선,오목교,11630,12048,23678
4449,20200328,5호선,양평,2781,2672,5453
4450,20200328,5호선,영등포구청,1477,1427,2904
4451,20200328,5호선,영등포시장,4790,4855,9645
4452,20200328,5호선,신길,1778,1903,3681
4453,20200328,5호선,여의도,7338,7642,14980
4454,20200328,5호선,여의나루,11348,12493,23841
4455,20200328,5호선,마포,5124,5156,10280
4456,20200328,5호선,공덕,5046,5271,10317
4457,20200328,5호선,애오개,2689,2649,5338
4458,20200328,5호선,충정로,1347,1302,2649
4459,20200328,5호선,서대문,5081,4988,10069
4460,20200328,5호선,광화문,8586,8634,17220
4461,20200328,5호선,종로3가,7019,7323,14342
4462,20200328,5호선,을지로4가,2345,2654,4999
4463,20200328,5호선,동대문역사문화공원,681,801,1482
4464,20200328,5호선,청구,2001,1664,3665
4465,20200328,5호선,신금호,3138,3159,6297
4466,20200328,5호선,행당,3887,3420,7307
4467,20200328,5호선,왕십리,2548,3139,5687
4468,20200328,5호선,마장,2888,2754,5642
4469,20200328,5호선,답십리,7779,6828,14607
4470,20200328,5호선,장한평,8135,8115,16250
4471,20200328,5호선,군자,6309,6878,13187
4472,20200328,5호선,아차산,9585,9504,19089
4473,20200328,5호선,광나루,7105,6905,14010
4474,20200328,5호선,천호,11984,12022,24006
4475,20200328,5호선,강동,10247,9065,19312
4476,20200328,5호선,길동,4068,4210,8278
4477,20200328,5호선,굽은다리,4942,4598,9540
4478,20200328,5호선,명일,3791,3679,7470
4479,20200328,5호선,고덕,3942,3798,7740
4480,20200328,5호선,상일동,7504,6641,14145
4481,20200328,5호선,둔촌동,4415,4261,8676
4482,20200328,5호선,올림픽공원,1979,1879,3858
4483,20200328,5호선,방이,3575,3365,6940
4484,20200328,5호선,오금,1510,1486,2996
4485,20200328,5호선,개롱,2990,3156,6146
4486,20200328,5호선,거여,3699,3516,7215
4487,20200328,5호선,마천,3171,3154,6325
4488,20200329,5호선,방화,2590,2548,5138
4489,20200329,5호선,개화산,2075,2165,4240
4490,20200329,5호선,김포공항,3348,3096,6444
4491,20200329,5호선,송정,2706,2840,5546
4492,20200329,5호선,마곡,1806,1866,3672
4493,20200329,5호선,발산,5496,5709,11205
4494,20200329,5호선,우장산,4555,4560,9115
4495,20200329,5호선,화곡,10113,9420,19533
4496,20200329,5호선,까치산,11383,10986,22369
4497,20200329,5호선,신정,4457,3802,8259
4498,20200329,5호선,목동,5291,5536,10827
4499,20200329,5호선,오목교,8262,8698,16960
4500,20200329,5호선,양평,1812,1905,3717
4501,20200329,5호선,영등포구청,982,949,1931
4502,20200329,5호선,영등포시장,2862,3002,5864
4503,20200329,5호선,신길,1173,1332,2505
4504,20200329,5호선,여의도,4680,4824,9504
4505,20200329,5호선,여의나루,12545,13724,26269
4506,20200329,5호선,마포,3322,3245,6567
4507,20200329,5호선,공덕,3231,3291,6522
4508,20200329,5호선,애오개,1822,1857,3679
4509,20200329,5호선,충정로,930,904,1834
4510,20200329,5호선,서대문,3255,3184,6439
4511,20200329,5호선,광화문,6077,5973,12050
4512,20200329,5호선,종로3가,4650,4283,8933
4513,20200329,5호선,을지로4가,886,955,1841
4514,20200329,5호선,동대문역사문화공원,367,484,851
4515,20200329,5호선,청구,1254,1141,2395
4516,20200329,5호선,신금호,2051,2199,4250
4517,20200329,5호선,행당,2577,2374,4951
4518,20200329,5호선,왕십리,1687,2088,3775
4519,20200329,5호선,마장,1937,1839,3776
4520,20200329,5호선,답십리,5194,4691,9885
4521,20200329,5호선,장한평,5100,5004,10104
4522,20200329,5호선,군자,4186,4539,8725
4523,20200329,5호선,아차산,7784,8021,15805
4524,20200329,5호선,광나루,5405,5570,10975
4525,20200329,5호선,천호,8529,8351,16880
4526,20200329,5호선,강동,6683,6191,12874
4527,20200329,5호선,길동,2722,2752,5474
4528,20200329,5호선,굽은다리,3406,3169,6575
4529,20200329,5호선,명일,2555,2544,5099
4530,20200329,5호선,고덕,2543,2601,5144
4531,20200329,5호선,상일동,4955,4662,9617
4532,20200329,5호선,둔촌동,2816,2814,5630
4533,20200329,5호선,올림픽공원,1489,1465,2954
4534,20200329,5호선,방이,2505,2413,4918
4535,20200329,5호선,오금,963,957,1920
4536,20200329,5호선,개롱,1995,2318,4313
4537,20200329,5호선,거여,2383,2359,4742
4538,20200329,5호선,마천,2272,2540,4812
4539,20200330,5호선,방화,5661,5342,11003
4540,20200330,5호선,개화산,4865,4705,9570
4541,20200330,5호선,김포공항,4246,3841,8087
4542,20200330,5호선,송정,5998,5514,11512
4543,20200330,5호선,마곡,7285,6872,14157
4544,20200330,5호선,발산,15994,16324,32318
4545,20200330,5호선,우장산,11270,11279,22549
4546,20200330,5호선,화곡,25135,23432,48567
4547,20200330,5호선,까치산,25604,24481,50085
4548,20200330,5호선,신정,11846,9094,20940
4549,20200330,5호선,목동,14523,16219,30742
4550,20200330,5호선,오목교,18262,19676,37938
4551,20200330,5호선,양평,6624,6634,13258
4552,20200330,5호선,영등포구청,3534,3541,7075
4553,20200330,5호선,영등포시장,7758,7937,15695
4554,20200330,5호선,신길,3169,3571,6740
4555,20200330,5호선,여의도,23224,24486,47710
4556,20200330,5호선,여의나루,12125,12742,24867
4557,20200330,5호선,마포,12108,12460,24568
4558,20200330,5호선,공덕,11833,12834,24667
4559,20200330,5호선,애오개,5976,6025,12001
4560,20200330,5호선,충정로,4065,4152,8217
4561,20200330,5호선,서대문,15372,15992,31364
4562,20200330,5호선,광화문,26052,26951,53003
4563,20200330,5호선,종로3가,9320,9219,18539
4564,20200330,5호선,을지로4가,5178,5259,10437
4565,20200330,5호선,동대문역사문화공원,2507,2854,5361
4566,20200330,5호선,청구,3534,3145,6679
4567,20200330,5호선,신금호,4971,5206,10177
4568,20200330,5호선,행당,6809,6040,12849
4569,20200330,5호선,왕십리,3684,4089,7773
4570,20200330,5호선,마장,4699,4372,9071
4571,20200330,5호선,답십리,13924,12755,26679
4572,20200330,5호선,장한평,15686,15566,31252
4573,20200330,5호선,군자,9272,9829,19101
4574,20200330,5호선,아차산,11579,11600,23179
4575,20200330,5호선,광나루,10563,9579,20142
4576,20200330,5호선,천호,14487,14996,29483
4577,20200330,5호선,강동,16937,15051,31988
4578,20200330,5호선,길동,6184,6552,12736
4579,20200330,5호선,굽은다리,7335,7033,14368
4580,20200330,5호선,명일,6594,6799,13393
4581,20200330,5호선,고덕,6849,7069,13918
4582,20200330,5호선,상일동,15218,13148,28366
4583,20200330,5호선,둔촌동,6661,6692,13353
4584,20200330,5호선,올림픽공원,3067,2803,5870
4585,20200330,5호선,방이,5656,5858,11514
4586,20200330,5호선,오금,3042,3075,6117
4587,20200330,5호선,개롱,5216,5423,10639
4588,20200330,5호선,거여,6300,5875,12175
4589,20200330,5호선,마천,4301,4309,8610
4590,20200331,5호선,방화,5640,5338,10978
4591,20200331,5호선,개화산,4870,4662,9532
4592,20200331,5호선,김포공항,4396,3946,8342
4593,20200331,5호선,송정,6024,5491,11515
4594,20200331,5호선,마곡,7189,6882,14071
4595,20200331,5호선,발산,15971,16201,32172
4596,20200331,5호선,우장산,11312,11356,22668
4597,20200331,5호선,화곡,25066,23252,48318
4598,20200331,5호선,까치산,25613,24256,49869
4599,20200331,5호선,신정,11970,9137,21107
4600,20200331,5호선,목동,14747,16315,31062
4601,20200331,5호선,오목교,18772,20331,39103
4602,20200331,5호선,양평,6596,6609,13205
4603,20200331,5호선,영등포구청,3475,3546,7021
4604,20200331,5호선,영등포시장,7660,7908,15568
4605,20200331,5호선,신길,3377,3608,6985
4606,20200331,5호선,여의도,23283,24720,48003
4607,20200331,5호선,여의나루,12654,13449,26103
4608,20200331,5호선,마포,12180,12760,24940
4609,20200331,5호선,공덕,12244,13175,25419
4610,20200331,5호선,애오개,6005,6073,12078
4611,20200331,5호선,충정로,3938,4042,7980
4612,20200331,5호선,서대문,15567,16193,31760
4613,20200331,5호선,광화문,26152,27440,53592
4614,20200331,5호선,종로3가,9257,9384,18641
4615,20200331,5호선,을지로4가,5185,5412,10597
4616,20200331,5호선,동대문역사문화공원,2458,2838,5296
4617,20200331,5호선,청구,3455,3168,6623
4618,20200331,5호선,신금호,5126,5176,10302
4619,20200331,5호선,행당,6916,6109,13025
4620,20200331,5호선,왕십리,3739,4168,7907
4621,20200331,5호선,마장,4618,4378,8996
4622,20200331,5호선,답십리,13912,12782,26694
4623,20200331,5호선,장한평,15802,15762,31564
4624,20200331,5호선,군자,9279,10156,19435
4625,20200331,5호선,아차산,12016,11835,23851
4626,20200331,5호선,광나루,10639,9637,20276
4627,20200331,5호선,천호,14583,15359,29942
4628,20200331,5호선,강동,16926,15102,32028
4629,20200331,5호선,길동,6087,6358,12445
4630,20200331,5호선,굽은다리,7491,7010,14501
4631,20200331,5호선,명일,6503,6694,13197
4632,20200331,5호선,고덕,6766,7005,13771
4633,20200331,5호선,상일동,15335,13000,28335
4634,20200331,5호선,둔촌동,6744,6800,13544
4635,20200331,5호선,올림픽공원,3083,2797,5880
4636,20200331,5호선,방이,5703,6007,11710
4637,20200331,5호선,오금,3015,3085,6100
4638,20200331,5호선,개롱,5259,5407,10666
4639,20200331,5호선,거여,6368,5979,12347
4640,20200331,5호선,마천,4329,4423,8752
4641,20200401,5호선,방화,5607,5359,10966
4642,20200401,5호선,개화산,4815,4612,9427
4643,20200401,5호선,김포공항,4269,4024,8293
4644,20200401,5호선,송정,5930,5395,11325
4645,20200401,5호선,마곡,7310,6889,14199
4646,20200401,5호선,발산,16042,16301,32343
4647,20200401,5호선,우장산,11324,11230,22554
4648,20200401,5호선,화곡,25159,23217,48376
4649,20200401,5호선,까치산,25605,24284,49889
4650,20200401,5호선,신정,12076,9183,21259
4651,20200401,5호선,목동,14670,16250,30920
4652,20200401,5호선,오목교,18745,20134,38879
4653,20200401,5호선,양평,6731,6757,13488
4654,20200401,5호선,영등포구청,3434,3541,6975
4655,20200401,5호선,영등포시장,7674,7974,15648
4656,20200401,5호선,신길,3234,3627,6861
4657,20200401,5호선,여의도,23655,24829,48484
4658,20200401,5호선,여의나루,11510,12394,23904
4659,20200401,5호선,마포,12331,12832,25163
4660,20200401,5호선,공덕,12191,13016,25207
4661,20200401,5호선,애오개,6010,6077,12087
4662,20200401,5호선,충정로,3918,4025,7943
4663,20200401,5호선,서대문,15565,15950,31515
4664,20200401,5호선,광화문,26495,27659,54154
4665,20200401,5호선,종로3가,9751,9507,19258
4666,20200401,5호선,을지로4가,5132,5277,10409
4667,20200401,5호선,동대문역사문화공원,2513,2854,5367
4668,20200401,5호선,청구,3479,3216,6695
4669,20200401,5호선,신금호,5149,5297,10446
4670,20200401,5호선,행당,6820,6006,12826
4671,20200401,5호선,왕십리,3907,4339,8246
4672,20200401,5호선,마장,4675,4413,9088
4673,20200401,5호선,답십리,13829,12582,26411
4674,20200401,5호선,장한평,15788,15733,31521
4675,20200401,5호선,군자,9484,10536,20020
4676,20200401,5호선,아차산,11889,11859,23748
4677,20200401,5호선,광나루,10823,9696,20519
4678,20200401,5호선,천호,14605,15249,29854
4679,20200401,5호선,강동,16826,14887,31713
4680,20200401,5호선,길동,6197,6476,12673
4681,20200401,5호선,굽은다리,7467,6965,14432
4682,20200401,5호선,명일,6526,6813,13339
4683,20200401,5호선,고덕,6746,6893,13639
4684,20200401,5호선,상일동,15116,13042,28158
4685,20200401,5호선,둔촌동,6719,6775,13494
4686,20200401,5호선,올림픽공원,3177,2754,5931
4687,20200401,5호선,방이,5728,5895,11623
4688,20200401,5호선,오금,3041,3090,6131
4689,20200401,5호선,개롱,5093,5302,10395
4690,20200401,5호선,거여,6435,5997,12432
4691,20200401,5호선,마천,4311,4274,8585
4692,20200402,5호선,방화,5704,5323,11027
4693,20200402,5호선,개화산,4790,4634,9424
4694,20200402,5호선,김포공항,4148,4078,8226
4695,20200402,5호선,송정,5939,5389,11328
4696,20200402,5호선,마곡,7260,6876,14136
4697,20200402,5호선,발산,16249,16585,32834
4698,20200402,5호선,우장산,11315,11309,22624
4699,20200402,5호선,화곡,24920,23181,48101
4700,20200402,5호선,까치산,25542,24276,49818
4701,20200402,5호선,신정,11996,9099,21095
4702,20200402,5호선,목동,14761,16338,31099
4703,20200402,5호선,오목교,18731,20240,38971
4704,20200402,5호선,양평,6789,6708,13497
4705,20200402,5호선,영등포구청,3483,3496,6979
4706,20200402,5호선,영등포시장,7589,7676,15265
4707,20200402,5호선,신길,3202,3592,6794
4708,20200402,5호선,여의도,23154,24641,47795
4709,20200402,5호선,여의나루,10808,11341,22149
4710,20200402,5호선,마포,12114,12472,24586
4711,20200402,5호선,공덕,12060,13015,25075
4712,20200402,5호선,애오개,6112,6114,12226
4713,20200402,5호선,충정로,3886,3954,7840
4714,20200402,5호선,서대문,15378,15935,31313
4715,20200402,5호선,광화문,26256,27566,53822
4716,20200402,5호선,종로3가,9377,9422,18799
4717,20200402,5호선,을지로4가,5140,5346,10486
4718,20200402,5호선,동대문역사문화공원,2473,2829,5302
4719,20200402,5호선,청구,3546,3210,6756
4720,20200402,5호선,신금호,5144,5252,10396
4721,20200402,5호선,행당,6832,6130,12962
4722,20200402,5호선,왕십리,3843,4291,8134
4723,20200402,5호선,마장,4678,4449,9127
4724,20200402,5호선,답십리,13816,12613,26429
4725,20200402,5호선,장한평,15722,15843,31565
4726,20200402,5호선,군자,9564,10189,19753
4727,20200402,5호선,아차산,12092,12045,24137
4728,20200402,5호선,광나루,10954,9723,20677
4729,20200402,5호선,천호,14549,15268,29817
4730,20200402,5호선,강동,17073,14999,32072
4731,20200402,5호선,길동,5973,6363,12336
4732,20200402,5호선,굽은다리,7389,6918,14307
4733,20200402,5호선,명일,6476,6802,13278
4734,20200402,5호선,고덕,6756,6986,13742
4735,20200402,5호선,상일동,15134,13055,28189
4736,20200402,5호선,둔촌동,6701,6689,13390
4737,20200402,5호선,올림픽공원,3119,2849,5968
4738,20200402,5호선,방이,5696,5891,11587
4739,20200402,5호선,오금,3111,3160,6271
4740,20200402,5호선,개롱,5103,5235,10338
4741,20200402,5호선,거여,6184,5806,11990
4742,20200402,5호선,마천,4282,4358,8640
4743,20200403,5호선,방화,5916,5466,11382
4744,20200403,5호선,개화산,4913,4611,9524
4745,20200403,5호선,김포공항,4598,4411,9009
4746,20200403,5호선,송정,6103,5590,11693
4747,20200403,5호선,마곡,7551,6930,14481
4748,20200403,5호선,발산,16155,16852,33007
4749,20200403,5호선,우장산,11708,11502,23210
4750,20200403,5호선,화곡,25929,23548,49477
4751,20200403,5호선,까치산,26376,24614,50990
4752,20200403,5호선,신정,12184,9104,21288
4753,20200403,5호선,목동,15153,16657,31810
4754,20200403,5호선,오목교,19694,21178,40872
4755,20200403,5호선,양평,6658,6482,13140
4756,20200403,5호선,영등포구청,3610,3575,7185
4757,20200403,5호선,영등포시장,7856,7938,15794
4758,20200403,5호선,신길,3226,3530,6756
4759,20200403,5호선,여의도,23144,24536,47680
4760,20200403,5호선,여의나루,11988,12051,24039
4761,20200403,5호선,마포,12280,12751,25031
4762,20200403,5호선,공덕,12192,13385,25577
4763,20200403,5호선,애오개,6187,6202,12389
4764,20200403,5호선,충정로,3872,3937,7809
4765,20200403,5호선,서대문,15328,15883,31211
4766,20200403,5호선,광화문,25966,27356,53322
4767,20200403,5호선,종로3가,9731,10268,19999
4768,20200403,5호선,을지로4가,5079,5324,10403
4769,20200403,5호선,동대문역사문화공원,2354,2732,5086
4770,20200403,5호선,청구,3527,3258,6785
4771,20200403,5호선,신금호,5296,5302,10598
4772,20200403,5호선,행당,7007,6096,13103
4773,20200403,5호선,왕십리,3879,4646,8525
4774,20200403,5호선,마장,4676,4438,9114
4775,20200403,5호선,답십리,14132,12680,26812
4776,20200403,5호선,장한평,15903,15921,31824
4777,20200403,5호선,군자,9719,10781,20500
4778,20200403,5호선,아차산,12170,11877,24047
4779,20200403,5호선,광나루,11089,9689,20778
4780,20200403,5호선,천호,15347,16292,31639
4781,20200403,5호선,강동,17472,14966,32438
4782,20200403,5호선,길동,6311,6664,12975
4783,20200403,5호선,굽은다리,7593,6963,14556
4784,20200403,5호선,명일,6727,6861,13588
4785,20200403,5호선,고덕,6944,7008,13952
4786,20200403,5호선,상일동,15564,13163,28727
4787,20200403,5호선,둔촌동,6836,6850,13686
4788,20200403,5호선,올림픽공원,3211,2730,5941
4789,20200403,5호선,방이,5928,6053,11981
4790,20200403,5호선,오금,3122,3106,6228
4791,20200403,5호선,개롱,5352,5324,10676
4792,20200403,5호선,거여,6390,5942,12332
4793,20200403,5호선,마천,4466,4351,8817
4794,20200404,5호선,방화,3578,3381,6959
4795,20200404,5호선,개화산,2999,3016,6015
4796,20200404,5호선,김포공항,3744,3855,7599
4797,20200404,5호선,송정,3982,3802,7784
4798,20200404,5호선,마곡,2969,2854,5823
4799,20200404,5호선,발산,8767,9197,17964
4800,20200404,5호선,우장산,7026,7011,14037
4801,20200404,5호선,화곡,15484,14035,29519
4802,20200404,5호선,까치산,16626,15823,32449
4803,20200404,5호선,신정,6731,5517,12248
4804,20200404,5호선,목동,8538,8880,17418
4805,20200404,5호선,오목교,11804,12392,24196
4806,20200404,5호선,양평,2721,2643,5364
4807,20200404,5호선,영등포구청,1357,1327,2684
4808,20200404,5호선,영등포시장,4702,4894,9596
4809,20200404,5호선,신길,1667,1852,3519
4810,20200404,5호선,여의도,6802,6939,13741
4811,20200404,5호선,여의나루,10469,10345,20814
4812,20200404,5호선,마포,5335,5201,10536
4813,20200404,5호선,공덕,4938,5348,10286
4814,20200404,5호선,애오개,2862,2724,5586
4815,20200404,5호선,충정로,1420,1330,2750
4816,20200404,5호선,서대문,5128,4833,9961
4817,20200404,5호선,광화문,8754,8559,17313
4818,20200404,5호선,종로3가,7011,7113,14124
4819,20200404,5호선,을지로4가,2287,2664,4951
4820,20200404,5호선,동대문역사문화공원,715,828,1543
4821,20200404,5호선,청구,2021,1776,3797
4822,20200404,5호선,신금호,3212,3215,6427
4823,20200404,5호선,행당,4004,3480,7484
4824,20200404,5호선,왕십리,2619,3042,5661
4825,20200404,5호선,마장,2960,2888,5848
4826,20200404,5호선,답십리,7762,7112,14874
4827,20200404,5호선,장한평,8364,8208,16572
4828,20200404,5호선,군자,6160,6909,13069
4829,20200404,5호선,아차산,9689,9703,19392
4830,20200404,5호선,광나루,7358,7232,14590
4831,20200404,5호선,천호,12210,12165,24375
4832,20200404,5호선,강동,10143,9273,19416
4833,20200404,5호선,길동,4124,4320,8444
4834,20200404,5호선,굽은다리,4910,4462,9372
4835,20200404,5호선,명일,3983,3893,7876
4836,20200404,5호선,고덕,4019,3901,7920
4837,20200404,5호선,상일동,7896,6996,14892
4838,20200404,5호선,둔촌동,4217,4270,8487
4839,20200404,5호선,올림픽공원,2049,1900,3949
4840,20200404,5호선,방이,3598,3568,7166
4841,20200404,5호선,오금,1473,1498,2971
4842,20200404,5호선,개롱,3044,3144,6188
4843,20200404,5호선,거여,3755,3625,7380
4844,20200404,5호선,마천,3130,3153,6283
4845,20200405,5호선,방화,2634,2539,5173
4846,20200405,5호선,개화산,2017,2129,4146
4847,20200405,5호선,김포공항,3639,2998,6637
4848,20200405,5호선,송정,2828,2864,5692
4849,20200405,5호선,마곡,1802,1888,3690
4850,20200405,5호선,발산,5519,5796,11315
4851,20200405,5호선,우장산,4597,4728,9325
4852,20200405,5호선,화곡,10164,9407,19571
4853,20200405,5호선,까치산,11381,11145,22526
4854,20200405,5호선,신정,4436,3793,8229
4855,20200405,5호선,목동,5341,5521,10862
4856,20200405,5호선,오목교,8293,8724,17017
4857,20200405,5호선,양평,1767,1875,3642
4858,20200405,5호선,영등포구청,869,913,1782
4859,20200405,5호선,영등포시장,2757,2899,5656
4860,20200405,5호선,신길,1187,1331,2518
4861,20200405,5호선,여의도,4143,4229,8372
4862,20200405,5호선,여의나루,8374,8149,16523
4863,20200405,5호선,마포,3232,3218,6450
4864,20200405,5호선,공덕,2979,3152,6131
4865,20200405,5호선,애오개,1858,1922,3780
4866,20200405,5호선,충정로,919,983,1902
4867,20200405,5호선,서대문,3150,3109,6259
4868,20200405,5호선,광화문,6089,5994,12083
4869,20200405,5호선,종로3가,4633,4255,8888
4870,20200405,5호선,을지로4가,836,950,1786
4871,20200405,5호선,동대문역사문화공원,347,476,823
4872,20200405,5호선,청구,1234,1138,2372
4873,20200405,5호선,신금호,1994,2145,4139
4874,20200405,5호선,행당,2579,2344,4923
4875,20200405,5호선,왕십리,1735,2024,3759
4876,20200405,5호선,마장,1980,1885,3865
4877,20200405,5호선,답십리,5063,4632,9695
4878,20200405,5호선,장한평,5220,5155,10375
4879,20200405,5호선,군자,4218,4631,8849
4880,20200405,5호선,아차산,7677,8049,15726
4881,20200405,5호선,광나루,5360,5309,10669
4882,20200405,5호선,천호,8645,8325,16970
4883,20200405,5호선,강동,6744,6247,12991
4884,20200405,5호선,길동,2697,2716,5413
4885,20200405,5호선,굽은다리,3332,3094,6426
4886,20200405,5호선,명일,2607,2631,5238
4887,20200405,5호선,고덕,2609,2562,5171
4888,20200405,5호선,상일동,5012,4758,9770
4889,20200405,5호선,둔촌동,2837,2921,5758
4890,20200405,5호선,올림픽공원,1454,1351,2805
4891,20200405,5호선,방이,2461,2367,4828
4892,20200405,5호선,오금,1025,1010,2035
4893,20200405,5호선,개롱,2054,2203,4257
4894,20200405,5호선,거여,2377,2383,4760
4895,20200405,5호선,마천,2121,2415,4536
4896,20200406,5호선,방화,5899,5625,11524
4897,20200406,5호선,개화산,4866,4669,9535
4898,20200406,5호선,김포공항,4551,4006,8557
4899,20200406,5호선,송정,6157,5634,11791
4900,20200406,5호선,마곡,7663,7224,14887
4901,20200406,5호선,발산,16190,16328,32518
4902,20200406,5호선,우장산,11763,11835,23598
4903,20200406,5호선,화곡,25592,23971,49563
4904,20200406,5호선,까치산,26035,24904,50939
4905,20200406,5호선,신정,12153,9350,21503
4906,20200406,5호선,목동,15054,16750,31804
4907,20200406,5호선,오목교,18918,20313,39231
4908,20200406,5호선,양평,6732,6775,13507
4909,20200406,5호선,영등포구청,3604,3569,7173
4910,20200406,5호선,영등포시장,7860,7999,15859
4911,20200406,5호선,신길,3234,3615,6849
4912,20200406,5호선,여의도,23817,24823,48640
4913,20200406,5호선,여의나루,9388,9625,19013
4914,20200406,5호선,마포,12437,12828,25265
4915,20200406,5호선,공덕,12305,13182,25487
4916,20200406,5호선,애오개,6184,6284,12468
4917,20200406,5호선,충정로,4074,4189,8263
4918,20200406,5호선,서대문,16031,16464,32495
4919,20200406,5호선,광화문,27063,28265,55328
4920,20200406,5호선,종로3가,9097,9156,18253
4921,20200406,5호선,을지로4가,5415,5614,11029
4922,20200406,5호선,동대문역사문화공원,2525,2904,5429
4923,20200406,5호선,청구,3571,3234,6805
4924,20200406,5호선,신금호,5230,5395,10625
4925,20200406,5호선,행당,7139,6327,13466
4926,20200406,5호선,왕십리,3788,4149,7937
4927,20200406,5호선,마장,4738,4465,9203
4928,20200406,5호선,답십리,13977,13041,27018
4929,20200406,5호선,장한평,16085,16048,32133
4930,20200406,5호선,군자,9544,10430,19974
4931,20200406,5호선,아차산,11945,11825,23770
4932,20200406,5호선,광나루,10871,9697,20568
4933,20200406,5호선,천호,14467,15168,29635
4934,20200406,5호선,강동,17299,15469,32768
4935,20200406,5호선,길동,6117,6540,12657
4936,20200406,5호선,굽은다리,7420,7111,14531
4937,20200406,5호선,명일,6818,7018,13836
4938,20200406,5호선,고덕,7119,7370,14489
4939,20200406,5호선,상일동,15916,13704,29620
4940,20200406,5호선,둔촌동,6889,6963,13852
4941,20200406,5호선,올림픽공원,3119,2798,5917
4942,20200406,5호선,방이,5861,6037,11898
4943,20200406,5호선,오금,3092,3083,6175
4944,20200406,5호선,개롱,5295,5570,10865
4945,20200406,5호선,거여,6525,6171,12696
4946,20200406,5호선,마천,4439,4424,8863
4947,20200407,5호선,방화,5844,5553,11397
4948,20200407,5호선,개화산,4876,4651,9527
4949,20200407,5호선,김포공항,4250,3974,8224
4950,20200407,5호선,송정,6266,5647,11913
4951,20200407,5호선,마곡,7610,7189,14799
4952,20200407,5호선,발산,16334,16748,33082
4953,20200407,5호선,우장산,11742,11622,23364
4954,20200407,5호선,화곡,26064,24057,50121
4955,20200407,5호선,까치산,26205,24989,51194
4956,20200407,5호선,신정,12246,9336,21582
4957,20200407,5호선,목동,15195,16910,32105
4958,20200407,5호선,오목교,19238,20584,39822
4959,20200407,5호선,양평,6860,6788,13648
4960,20200407,5호선,영등포구청,3604,3644,7248
4961,20200407,5호선,영등포시장,7938,8060,15998
4962,20200407,5호선,신길,3298,3645,6943
4963,20200407,5호선,여의도,23804,24986,48790
4964,20200407,5호선,여의나루,9118,9327,18445
4965,20200407,5호선,마포,12650,13106,25756
4966,20200407,5호선,공덕,12441,13406,25847
4967,20200407,5호선,애오개,6251,6267,12518
4968,20200407,5호선,충정로,3935,4063,7998
4969,20200407,5호선,서대문,16058,16787,32845
4970,20200407,5호선,광화문,26691,28303,54994
4971,20200407,5호선,종로3가,9653,9644,19297
4972,20200407,5호선,을지로4가,5411,5610,11021
4973,20200407,5호선,동대문역사문화공원,2500,2873,5373
4974,20200407,5호선,청구,3660,3207,6867
4975,20200407,5호선,신금호,5468,5591,11059
4976,20200407,5호선,행당,7036,6311,13347
4977,20200407,5호선,왕십리,3863,4218,8081
4978,20200407,5호선,마장,4692,4475,9167
4979,20200407,5호선,답십리,14275,13032,27307
4980,20200407,5호선,장한평,16200,16083,32283
4981,20200407,5호선,군자,9788,10570,20358
4982,20200407,5호선,아차산,12397,12325,24722
4983,20200407,5호선,광나루,11279,10014,21293
4984,20200407,5호선,천호,15053,15742,30795
4985,20200407,5호선,강동,17363,15475,32838
4986,20200407,5호선,길동,6211,6527,12738
4987,20200407,5호선,굽은다리,7520,7094,14614
4988,20200407,5호선,명일,6722,6924,13646
4989,20200407,5호선,고덕,7118,7326,14444
4990,20200407,5호선,상일동,16024,13805,29829
4991,20200407,5호선,둔촌동,6935,6964,13899
4992,20200407,5호선,올림픽공원,3074,2668,5742
4993,20200407,5호선,방이,5918,6107,12025
4994,20200407,5호선,오금,3134,3143,6277
4995,20200407,5호선,개롱,5396,5569,10965
4996,20200407,5호선,거여,6640,6195,12835
4997,20200407,5호선,마천,4415,4512,8927
4998,20200408,5호선,방화,5957,5650,11607
4999,20200408,5호선,개화산,4868,4764,9632
5000,20200408,5호선,김포공항,4391,4034,8425
5001,20200408,5호선,송정,6063,5651,11714
5002,20200408,5호선,마곡,7556,7102,14658
5003,20200408,5호선,발산,16849,17346,34195
5004,20200408,5호선,우장산,11864,11796,23660
5005,20200408,5호선,화곡,25781,23862,49643
5006,20200408,5호선,까치산,26439,25263,51702
5007,20200408,5호선,신정,12199,9364,21563
5008,20200408,5호선,목동,15132,16839,31971
5009,20200408,5호선,오목교,19460,20839,40299
5010,20200408,5호선,양평,6804,6711,13515
5011,20200408,5호선,영등포구청,3632,3648,7280
5012,20200408,5호선,영등포시장,7830,8168,15998
5013,20200408,5호선,신길,3376,3717,7093
5014,20200408,5호선,여의도,23841,25025,48866
5015,20200408,5호선,여의나루,8713,8940,17653
5016,20200408,5호선,마포,12654,12979,25633
5017,20200408,5호선,공덕,12565,13638,26203
5018,20200408,5호선,애오개,6252,6331,12583
5019,20200408,5호선,충정로,4116,4171,8287
5020,20200408,5호선,서대문,16090,16632,32722
5021,20200408,5호선,광화문,27464,28840,56304
5022,20200408,5호선,종로3가,9674,9516,19190
5023,20200408,5호선,을지로4가,5415,5523,10938
5024,20200408,5호선,동대문역사문화공원,2453,2853,5306
5025,20200408,5호선,청구,3615,3195,6810
5026,20200408,5호선,신금호,5302,5387,10689
5027,20200408,5호선,행당,7193,6388,13581
5028,20200408,5호선,왕십리,3874,4316,8190
5029,20200408,5호선,마장,4763,4519,9282
5030,20200408,5호선,답십리,14287,13083,27370
5031,20200408,5호선,장한평,16390,16219,32609
5032,20200408,5호선,군자,9621,10589,20210
5033,20200408,5호선,아차산,12333,12231,24564
5034,20200408,5호선,광나루,11037,9887,20924
5035,20200408,5호선,천호,14874,15652,30526
5036,20200408,5호선,강동,17440,15394,32834
5037,20200408,5호선,길동,6242,6579,12821
5038,20200408,5호선,굽은다리,7604,7228,14832
5039,20200408,5호선,명일,6859,7077,13936
5040,20200408,5호선,고덕,7166,7397,14563
5041,20200408,5호선,상일동,15941,13840,29781
5042,20200408,5호선,둔촌동,6961,7028,13989
5043,20200408,5호선,올림픽공원,3270,2794,6064
5044,20200408,5호선,방이,5885,6159,12044
5045,20200408,5호선,오금,3115,3164,6279
5046,20200408,5호선,개롱,5368,5530,10898
5047,20200408,5호선,거여,6589,6135,12724
5048,20200408,5호선,마천,4511,4505,9016
5049,20200409,5호선,방화,5848,5506,11354
5050,20200409,5호선,개화산,4947,4688,9635
5051,20200409,5호선,김포공항,4402,4197,8599
5052,20200409,5호선,송정,6175,5744,11919
5053,20200409,5호선,마곡,7449,7004,14453
5054,20200409,5호선,발산,16703,16866,33569
5055,20200409,5호선,우장산,11753,11691,23444
5056,20200409,5호선,화곡,25820,23774,49594
5057,20200409,5호선,까치산,26213,24880,51093
5058,20200409,5호선,신정,12260,9380,21640
5059,20200409,5호선,목동,15274,16779,32053
5060,20200409,5호선,오목교,19582,20856,40438
5061,20200409,5호선,양평,6751,6695,13446
5062,20200409,5호선,영등포구청,3673,3693,7366
5063,20200409,5호선,영등포시장,7928,8126,16054
5064,20200409,5호선,신길,3331,3724,7055
5065,20200409,5호선,여의도,23738,25143,48881
5066,20200409,5호선,여의나루,8505,8762,17267
5067,20200409,5호선,마포,12421,12887,25308
5068,20200409,5호선,공덕,12370,13527,25897
5069,20200409,5호선,애오개,6310,6325,12635
5070,20200409,5호선,충정로,4044,4152,8196
5071,20200409,5호선,서대문,16035,16572,32607
5072,20200409,5호선,광화문,27210,28664,55874
5073,20200409,5호선,종로3가,9563,9596,19159
5074,20200409,5호선,을지로4가,5444,5639,11083
5075,20200409,5호선,동대문역사문화공원,2521,2889,5410
5076,20200409,5호선,청구,3651,3285,6936
5077,20200409,5호선,신금호,5321,5477,10798
5078,20200409,5호선,행당,7082,6296,13378
5079,20200409,5호선,왕십리,3831,4335,8166
5080,20200409,5호선,마장,4884,4588,9472
5081,20200409,5호선,답십리,14321,13076,27397
5082,20200409,5호선,장한평,16247,16095,32342
5083,20200409,5호선,군자,9669,10625,20294
5084,20200409,5호선,아차산,12252,12044,24296
5085,20200409,5호선,광나루,11087,9837,20924
5086,20200409,5호선,천호,14834,15514,30348
5087,20200409,5호선,강동,17452,15505,32957
5088,20200409,5호선,길동,6178,6502,12680
5089,20200409,5호선,굽은다리,7511,7140,14651
5090,20200409,5호선,명일,6677,6965,13642
5091,20200409,5호선,고덕,7161,7305,14466
5092,20200409,5호선,상일동,16068,13753,29821
5093,20200409,5호선,둔촌동,6978,6923,13901
5094,20200409,5호선,올림픽공원,3180,2770,5950
5095,20200409,5호선,방이,5915,6145,12060
5096,20200409,5호선,오금,3148,3145,6293
5097,20200409,5호선,개롱,5276,5480,10756
5098,20200409,5호선,거여,6613,6072,12685
5099,20200409,5호선,마천,4536,4520,9056
5100,20200410,5호선,방화,5929,5428,11357
5101,20200410,5호선,개화산,5000,4628,9628
5102,20200410,5호선,김포공항,4647,4483,9130
5103,20200410,5호선,송정,6593,6017,12610
5104,20200410,5호선,마곡,6819,6414,13233
5105,20200410,5호선,발산,15183,16157,31340
5106,20200410,5호선,우장산,12038,11872,23910
5107,20200410,5호선,화곡,26336,23995,50331
5108,20200410,5호선,까치산,26650,24984,51634
5109,20200410,5호선,신정,12371,9254,21625
5110,20200410,5호선,목동,15509,17033,32542
5111,20200410,5호선,오목교,20068,21808,41876
5112,20200410,5호선,양평,6745,6574,13319
5113,20200410,5호선,영등포구청,3550,3529,7079
5114,20200410,5호선,영등포시장,8004,8217,16221
5115,20200410,5호선,신길,3303,3532,6835
5116,20200410,5호선,여의도,23351,24866,48217
5117,20200410,5호선,여의나루,7058,7531,14589
5118,20200410,5호선,마포,12553,13212,25765
5119,20200410,5호선,공덕,12448,13588,26036
5120,20200410,5호선,애오개,6240,6214,12454
5121,20200410,5호선,충정로,3949,3941,7890
5122,20200410,5호선,서대문,15487,16170,31657
5123,20200410,5호선,광화문,26596,28238,54834
5124,20200410,5호선,종로3가,10084,10497,20581
5125,20200410,5호선,을지로4가,5401,5519,10920
5126,20200410,5호선,동대문역사문화공원,2464,2830,5294
5127,20200410,5호선,청구,3595,3299,6894
5128,20200410,5호선,신금호,5525,5451,10976
5129,20200410,5호선,행당,7256,6250,13506
5130,20200410,5호선,왕십리,3928,4531,8459
5131,20200410,5호선,마장,4906,4643,9549
5132,20200410,5호선,답십리,14494,13093,27587
5133,20200410,5호선,장한평,16330,16275,32605
5134,20200410,5호선,군자,10149,11117,21266
5135,20200410,5호선,아차산,12443,12001,24444
5136,20200410,5호선,광나루,11438,9950,21388
5137,20200410,5호선,천호,15854,16955,32809
5138,20200410,5호선,강동,17798,15381,33179
5139,20200410,5호선,길동,6444,6838,13282
5140,20200410,5호선,굽은다리,7774,7213,14987
5141,20200410,5호선,명일,6982,7181,14163
5142,20200410,5호선,고덕,7232,7265,14497
5143,20200410,5호선,상일동,16214,13785,29999
5144,20200410,5호선,둔촌동,7142,7081,14223
5145,20200410,5호선,올림픽공원,3255,2728,5983
5146,20200410,5호선,방이,5834,6148,11982
5147,20200410,5호선,오금,3280,3260,6540
5148,20200410,5호선,개롱,5404,5570,10974
5149,20200410,5호선,거여,6679,6161,12840
5150,20200410,5호선,마천,4530,4467,8997
5151,20200411,5호선,방화,3785,3515,7300
5152,20200411,5호선,개화산,3027,3112,6139
5153,20200411,5호선,김포공항,3759,4013,7772
5154,20200411,5호선,송정,4227,3974,8201
5155,20200411,5호선,마곡,2956,2924,5880
5156,20200411,5호선,발산,9387,10075,19462
5157,20200411,5호선,우장산,7211,7059,14270
5158,20200411,5호선,화곡,16204,14876,31080
5159,20200411,5호선,까치산,17307,16354,33661
5160,20200411,5호선,신정,7068,5727,12795
5161,20200411,5호선,목동,8750,9034,17784
5162,20200411,5호선,오목교,12553,12952,25505
5163,20200411,5호선,양평,2822,2670,5492
5164,20200411,5호선,영등포구청,1513,1478,2991
5165,20200411,5호선,영등포시장,5008,5292,10300
5166,20200411,5호선,신길,1741,1913,3654
5167,20200411,5호선,여의도,6336,6583,12919
5168,20200411,5호선,여의나루,7595,7546,15141
5169,20200411,5호선,마포,5393,5286,10679
5170,20200411,5호선,공덕,5342,5687,11029
5171,20200411,5호선,애오개,2888,2693,5581
5172,20200411,5호선,충정로,1399,1345,2744
5173,20200411,5호선,서대문,5229,4908,10137
5174,20200411,5호선,광화문,9280,9125,18405
5175,20200411,5호선,종로3가,7315,7604,14919
5176,20200411,5호선,을지로4가,2313,2705,5018
5177,20200411,5호선,동대문역사문화공원,957,1177,2134
5178,20200411,5호선,청구,1993,1770,3763
5179,20200411,5호선,신금호,3322,3366,6688
5180,20200411,5호선,행당,4133,3549,7682
5181,20200411,5호선,왕십리,2674,3259,5933
5182,20200411,5호선,마장,3106,2965,6071
5183,20200411,5호선,답십리,8275,7439,15714
5184,20200411,5호선,장한평,8526,8290,16816
5185,20200411,5호선,군자,6609,7206,13815
5186,20200411,5호선,아차산,9935,9943,19878
5187,20200411,5호선,광나루,7803,7399,15202
5188,20200411,5호선,천호,12932,12842,25774
5189,20200411,5호선,강동,10625,9514,20139
5190,20200411,5호선,길동,4300,4425,8725
5191,20200411,5호선,굽은다리,5081,4653,9734
5192,20200411,5호선,명일,4130,4087,8217
5193,20200411,5호선,고덕,4109,4035,8144
5194,20200411,5호선,상일동,8302,7469,15771
5195,20200411,5호선,둔촌동,4447,4411,8858
5196,20200411,5호선,올림픽공원,2037,1886,3923
5197,20200411,5호선,방이,3829,3735,7564
5198,20200411,5호선,오금,1677,1663,3340
5199,20200411,5호선,개롱,3180,3302,6482
5200,20200411,5호선,거여,3944,3775,7719
5201,20200411,5호선,마천,3319,3316,6635
5202,20200412,5호선,방화,2583,2490,5073
5203,20200412,5호선,개화산,2158,2132,4290
5204,20200412,5호선,김포공항,3443,3204,6647
5205,20200412,5호선,송정,2986,2989,5975
5206,20200412,5호선,마곡,1856,1958,3814
5207,20200412,5호선,발산,6061,6479,12540
5208,20200412,5호선,우장산,4660,4801,9461
5209,20200412,5호선,화곡,10583,9868,20451
5210,20200412,5호선,까치산,11768,11472,23240
5211,20200412,5호선,신정,4525,4025,8550
5212,20200412,5호선,목동,5535,5759,11294
5213,20200412,5호선,오목교,8224,8438,16662
5214,20200412,5호선,양평,1832,1893,3725
5215,20200412,5호선,영등포구청,916,905,1821
5216,20200412,5호선,영등포시장,2979,3089,6068
5217,20200412,5호선,신길,1111,1329,2440
5218,20200412,5호선,여의도,4069,4185,8254
5219,20200412,5호선,여의나루,5306,5075,10381
5220,20200412,5호선,마포,3526,3471,6997
5221,20200412,5호선,공덕,3155,3247,6402
5222,20200412,5호선,애오개,1934,2044,3978
5223,20200412,5호선,충정로,940,1001,1941
5224,20200412,5호선,서대문,3246,3260,6506
5225,20200412,5호선,광화문,6377,6451,12828
5226,20200412,5호선,종로3가,4797,4452,9249
5227,20200412,5호선,을지로4가,902,973,1875
5228,20200412,5호선,동대문역사문화공원,601,749,1350
5229,20200412,5호선,청구,1241,1236,2477
5230,20200412,5호선,신금호,2200,2316,4516
5231,20200412,5호선,행당,2770,2493,5263
5232,20200412,5호선,왕십리,1689,1930,3619
5233,20200412,5호선,마장,1997,1935,3932
5234,20200412,5호선,답십리,5289,4974,10263
5235,20200412,5호선,장한평,5251,5122,10373
5236,20200412,5호선,군자,4484,4733,9217
5237,20200412,5호선,아차산,7860,8317,16177
5238,20200412,5호선,광나루,5557,5605,11162
5239,20200412,5호선,천호,8772,8449,17221
5240,20200412,5호선,강동,6980,6508,13488
5241,20200412,5호선,길동,2799,2907,5706
5242,20200412,5호선,굽은다리,3348,3214,6562
5243,20200412,5호선,명일,2770,2735,5505
5244,20200412,5호선,고덕,2568,2579,5147
5245,20200412,5호선,상일동,5159,4886,10045
5246,20200412,5호선,둔촌동,3044,3018,6062
5247,20200412,5호선,올림픽공원,1283,1248,2531
5248,20200412,5호선,방이,2687,2567,5254
5249,20200412,5호선,오금,999,1056,2055
5250,20200412,5호선,개롱,2078,2266,4344
5251,20200412,5호선,거여,2557,2517,5074
5252,20200412,5호선,마천,2261,2539,4800
5253,20200413,5호선,방화,5831,5522,11353
5254,20200413,5호선,개화산,4996,4707,9703
5255,20200413,5호선,김포공항,4594,4208,8802
5256,20200413,5호선,송정,6283,5768,12051
5257,20200413,5호선,마곡,7350,6986,14336
5258,20200413,5호선,발산,16723,17076,33799
5259,20200413,5호선,우장산,11983,11829,23812
5260,20200413,5호선,화곡,26132,24297,50429
5261,20200413,5호선,까치산,26421,25136,51557
5262,20200413,5호선,신정,12265,9348,21613
5263,20200413,5호선,목동,15242,16905,32147
5264,20200413,5호선,오목교,19117,20537,39654
5265,20200413,5호선,양평,6821,6759,13580
5266,20200413,5호선,영등포구청,3797,3694,7491
5267,20200413,5호선,영등포시장,7981,8081,16062
5268,20200413,5호선,신길,3302,3674,6976
5269,20200413,5호선,여의도,23668,25091,48759
5270,20200413,5호선,여의나루,8273,8493,16766
5271,20200413,5호선,마포,12669,13078,25747
5272,20200413,5호선,공덕,12488,13601,26089
5273,20200413,5호선,애오개,6188,6202,12390
5274,20200413,5호선,충정로,4460,4535,8995
5275,20200413,5호선,서대문,16018,16918,32936
5276,20200413,5호선,광화문,27442,28687,56129
5277,20200413,5호선,종로3가,9828,9802,19630
5278,20200413,5호선,을지로4가,5603,5683,11286
5279,20200413,5호선,동대문역사문화공원,2511,2895,5406
5280,20200413,5호선,청구,3632,3302,6934
5281,20200413,5호선,신금호,5308,5470,10778
5282,20200413,5호선,행당,7241,6399,13640
5283,20200413,5호선,왕십리,3822,4313,8135
5284,20200413,5호선,마장,4767,4600,9367
5285,20200413,5호선,답십리,14361,13212,27573
5286,20200413,5호선,장한평,16270,16131,32401
5287,20200413,5호선,군자,9692,10485,20177
5288,20200413,5호선,아차산,12063,11966,24029
5289,20200413,5호선,광나루,11166,9910,21076
5290,20200413,5호선,천호,15194,15997,31191
5291,20200413,5호선,강동,17767,15663,33430
5292,20200413,5호선,길동,6378,6711,13089
5293,20200413,5호선,굽은다리,7622,7176,14798
5294,20200413,5호선,명일,6919,7198,14117
5295,20200413,5호선,고덕,7406,7575,14981
5296,20200413,5호선,상일동,16425,14119,30544
5297,20200413,5호선,둔촌동,6965,6991,13956
5298,20200413,5호선,올림픽공원,3253,2896,6149
5299,20200413,5호선,방이,5912,6142,12054
5300,20200413,5호선,오금,3288,3243,6531
5301,20200413,5호선,개롱,5440,5585,11025
5302,20200413,5호선,거여,6711,6273,12984
5303,20200413,5호선,마천,4579,4592,9171
5304,20200414,5호선,방화,6091,5658,11749
5305,20200414,5호선,개화산,5018,4721,9739
5306,20200414,5호선,김포공항,4810,4478,9288
5307,20200414,5호선,송정,6614,5897,12511
5308,20200414,5호선,마곡,7594,7027,14621
5309,20200414,5호선,발산,17096,17931,35027
5310,20200414,5호선,우장산,12429,12216,24645
5311,20200414,5호선,화곡,26829,24501,51330
5312,20200414,5호선,까치산,27238,25439,52677
5313,20200414,5호선,신정,12673,9379,22052
5314,20200414,5호선,목동,15961,17193,33154
5315,20200414,5호선,오목교,20110,21299,41409
5316,20200414,5호선,양평,6915,6720,13635
5317,20200414,5호선,영등포구청,3792,3753,7545
5318,20200414,5호선,영등포시장,8325,8739,17064
5319,20200414,5호선,신길,3604,4060,7664
5320,20200414,5호선,여의도,23978,25838,49816
5321,20200414,5호선,여의나루,8588,9019,17607
5322,20200414,5호선,마포,12932,13417,26349
5323,20200414,5호선,공덕,13135,14305,27440
5324,20200414,5호선,애오개,6480,6377,12857
5325,20200414,5호선,충정로,4577,4548,9125
5326,20200414,5호선,서대문,16339,16893,33232
5327,20200414,5호선,광화문,28698,31865,60563
5328,20200414,5호선,종로3가,10410,11498,21908
5329,20200414,5호선,을지로4가,5644,5978,11622
5330,20200414,5호선,동대문역사문화공원,2485,2948,5433
5331,20200414,5호선,청구,3649,3378,7027
5332,20200414,5호선,신금호,5610,5544,11154
5333,20200414,5호선,행당,7564,6456,14020
5334,20200414,5호선,왕십리,4057,4799,8856
5335,20200414,5호선,마장,4985,4761,9746
5336,20200414,5호선,답십리,14930,13213,28143
5337,20200414,5호선,장한평,16807,16570,33377
5338,20200414,5호선,군자,10251,11262,21513
5339,20200414,5호선,아차산,12604,12212,24816
5340,20200414,5호선,광나루,11721,10235,21956
5341,20200414,5호선,천호,16100,17179,33279
5342,20200414,5호선,강동,18244,16105,34349
5343,20200414,5호선,길동,6558,6902,13460
5344,20200414,5호선,굽은다리,7847,7301,15148
5345,20200414,5호선,명일,7166,7262,14428
5346,20200414,5호선,고덕,7615,7563,15178
5347,20200414,5호선,상일동,16930,14016,30946
5348,20200414,5호선,둔촌동,7213,7100,14313
5349,20200414,5호선,올림픽공원,3369,2965,6334
5350,20200414,5호선,방이,5942,6152,12094
5351,20200414,5호선,오금,3320,3300,6620
5352,20200414,5호선,개롱,5597,5732,11329
5353,20200414,5호선,거여,6879,6419,13298
5354,20200414,5호선,마천,4767,4653,9420
5355,20200415,5호선,방화,3438,3261,6699
5356,20200415,5호선,개화산,2769,2876,5645
5357,20200415,5호선,김포공항,3899,3682,7581
5358,20200415,5호선,송정,3712,3738,7450
5359,20200415,5호선,마곡,2733,2760,5493
5360,20200415,5호선,발산,7878,8282,16160
5361,20200415,5호선,우장산,6415,6351,12766
5362,20200415,5호선,화곡,14644,13456,28100
5363,20200415,5호선,까치산,15717,15176,30893
5364,20200415,5호선,신정,6233,5348,11581
5365,20200415,5호선,목동,7625,7907,15532
5366,20200415,5호선,오목교,10326,10922,21248
5367,20200415,5호선,양평,2381,2367,4748
5368,20200415,5호선,영등포구청,1412,1320,2732
5369,20200415,5호선,영등포시장,4102,4194,8296
5370,20200415,5호선,신길,1561,1663,3224
5371,20200415,5호선,여의도,5229,5585,10814
5372,20200415,5호선,여의나루,6619,7235,13854
5373,20200415,5호선,마포,4932,4839,9771
5374,20200415,5호선,공덕,4371,4525,8896
5375,20200415,5호선,애오개,2717,2631,5348
5376,20200415,5호선,충정로,1567,1463,3030
5377,20200415,5호선,서대문,4402,4287,8689
5378,20200415,5호선,광화문,8325,8322,16647
5379,20200415,5호선,종로3가,7309,7190,14499
5380,20200415,5호선,을지로4가,2457,2644,5101
5381,20200415,5호선,동대문역사문화공원,652,807,1459
5382,20200415,5호선,청구,2044,1864,3908
5383,20200415,5호선,신금호,3031,3061,6092
5384,20200415,5호선,행당,3595,3367,6962
5385,20200415,5호선,왕십리,2422,2741,5163
5386,20200415,5호선,마장,2801,2687,5488
5387,20200415,5호선,답십리,7600,7001,14601
5388,20200415,5호선,장한평,7850,7918,15768
5389,20200415,5호선,군자,5856,6424,12280
5390,20200415,5호선,아차산,9274,9452,18726
5391,20200415,5호선,광나루,6667,6292,12959
5392,20200415,5호선,천호,11239,10926,22165
5393,20200415,5호선,강동,9255,8257,17512
5394,20200415,5호선,길동,3924,4018,7942
5395,20200415,5호선,굽은다리,4591,4297,8888
5396,20200415,5호선,명일,3661,3580,7241
5397,20200415,5호선,고덕,3511,3578,7089
5398,20200415,5호선,상일동,7383,6717,14100
5399,20200415,5호선,둔촌동,3879,3884,7763
5400,20200415,5호선,올림픽공원,1925,1761,3686
5401,20200415,5호선,방이,3198,3298,6496
5402,20200415,5호선,오금,1462,1426,2888
5403,20200415,5호선,개롱,2897,3118,6015
5404,20200415,5호선,거여,3537,3435,6972
5405,20200415,5호선,마천,2915,3105,6020
5406,20200416,5호선,방화,5962,5622,11584
5407,20200416,5호선,개화산,4883,4665,9548
5408,20200416,5호선,김포공항,4523,4190,8713
5409,20200416,5호선,송정,6435,6083,12518
5410,20200416,5호선,마곡,7612,7172,14784
5411,20200416,5호선,발산,17170,17540,34710
5412,20200416,5호선,우장산,12105,11897,24002
5413,20200416,5호선,화곡,26577,24650,51227
5414,20200416,5호선,까치산,26970,25475,52445
5415,20200416,5호선,신정,12411,9444,21855
5416,20200416,5호선,목동,15560,17203,32763
5417,20200416,5호선,오목교,19832,21433,41265
5418,20200416,5호선,양평,6790,6750,13540
5419,20200416,5호선,영등포구청,3702,3572,7274
5420,20200416,5호선,영등포시장,8030,8243,16273
5421,20200416,5호선,신길,3355,3706,7061
5422,20200416,5호선,여의도,23714,25517,49231
5423,20200416,5호선,여의나루,8789,9208,17997
5424,20200416,5호선,마포,12689,13218,25907
5425,20200416,5호선,공덕,12895,13924,26819
5426,20200416,5호선,애오개,6435,6459,12894
5427,20200416,5호선,충정로,4383,4493,8876
5428,20200416,5호선,서대문,16158,16835,32993
5429,20200416,5호선,광화문,27594,29317,56911
5430,20200416,5호선,종로3가,10063,10266,20329
5431,20200416,5호선,을지로4가,5624,5778,11402
5432,20200416,5호선,동대문역사문화공원,2542,2842,5384
5433,20200416,5호선,청구,3645,3368,7013
5434,20200416,5호선,신금호,5493,5558,11051
5435,20200416,5호선,행당,7396,6474,13870
5436,20200416,5호선,왕십리,3878,4338,8216
5437,20200416,5호선,마장,4957,4636,9593
5438,20200416,5호선,답십리,14537,13235,27772
5439,20200416,5호선,장한평,16343,16161,32504
5440,20200416,5호선,군자,9700,10728,20428
5441,20200416,5호선,아차산,12505,12184,24689
5442,20200416,5호선,광나루,11357,10203,21560
5443,20200416,5호선,천호,15347,16252,31599
5444,20200416,5호선,강동,18018,15914,33932
5445,20200416,5호선,길동,6378,6787,13165
5446,20200416,5호선,굽은다리,7768,7310,15078
5447,20200416,5호선,명일,6963,7241,14204
5448,20200416,5호선,고덕,7421,7526,14947
5449,20200416,5호선,상일동,16548,14136,30684
5450,20200416,5호선,둔촌동,7124,7069,14193
5451,20200416,5호선,올림픽공원,3466,3029,6495
5452,20200416,5호선,방이,5906,6125,12031
5453,20200416,5호선,오금,3423,3307,6730
5454,20200416,5호선,개롱,5394,5644,11038
5455,20200416,5호선,거여,6694,6140,12834
5456,20200416,5호선,마천,4597,4650,9247
5457,20200417,5호선,방화,5779,5385,11164
5458,20200417,5호선,개화산,4725,4514,9239
5459,20200417,5호선,김포공항,4605,4386,8991
5460,20200417,5호선,송정,6295,5692,11987
5461,20200417,5호선,마곡,7620,7087,14707
5462,20200417,5호선,발산,16618,17334,33952
5463,20200417,5호선,우장산,11950,11630,23580
5464,20200417,5호선,화곡,25878,23770,49648
5465,20200417,5호선,까치산,26614,24676,51290
5466,20200417,5호선,신정,12331,9201,21532
5467,20200417,5호선,목동,15361,16749,32110
5468,20200417,5호선,오목교,19876,21571,41447
5469,20200417,5호선,양평,6866,6706,13572
5470,20200417,5호선,영등포구청,3664,3627,7291
5471,20200417,5호선,영등포시장,7858,8054,15912
5472,20200417,5호선,신길,3373,3586,6959
5473,20200417,5호선,여의도,23544,25093,48637
5474,20200417,5호선,여의나루,6650,6584,13234
5475,20200417,5호선,마포,12923,13453,26376
5476,20200417,5호선,공덕,12734,14200,26934
5477,20200417,5호선,애오개,6362,6228,12590
5478,20200417,5호선,충정로,4318,4382,8700
5479,20200417,5호선,서대문,16057,16728,32785
5480,20200417,5호선,광화문,27120,29113,56233
5481,20200417,5호선,종로3가,9711,10264,19975
5482,20200417,5호선,을지로4가,5317,5599,10916
5483,20200417,5호선,동대문역사문화공원,2414,2752,5166
5484,20200417,5호선,청구,3595,3353,6948
5485,20200417,5호선,신금호,5527,5501,11028
5486,20200417,5호선,행당,7192,6262,13454
5487,20200417,5호선,왕십리,3849,4506,8355
5488,20200417,5호선,마장,4961,4742,9703
5489,20200417,5호선,답십리,14549,13049,27598
5490,20200417,5호선,장한평,16182,16003,32185
5491,20200417,5호선,군자,9919,11107,21026
5492,20200417,5호선,아차산,11784,11626,23410
5493,20200417,5호선,광나루,11032,9497,20529
5494,20200417,5호선,천호,15922,16385,32307
5495,20200417,5호선,강동,18486,15664,34150
5496,20200417,5호선,길동,6556,6983,13539
5497,20200417,5호선,굽은다리,7848,7286,15134
5498,20200417,5호선,명일,6864,7121,13985
5499,20200417,5호선,고덕,7300,7325,14625
5500,20200417,5호선,상일동,16371,13914,30285
5501,20200417,5호선,둔촌동,7076,7133,14209
5502,20200417,5호선,올림픽공원,3305,2873,6178
5503,20200417,5호선,방이,5900,6191,12091
5504,20200417,5호선,오금,3287,3233,6520
5505,20200417,5호선,개롱,5499,5583,11082
5506,20200417,5호선,거여,6653,6129,12782
5507,20200417,5호선,마천,4386,4404,8790
5508,20200418,5호선,방화,4083,3777,7860
5509,20200418,5호선,개화산,3359,3215,6574
5510,20200418,5호선,김포공항,4140,4096,8236
5511,20200418,5호선,송정,4674,4487,9161
5512,20200418,5호선,마곡,3270,3173,6443
5513,20200418,5호선,발산,10040,10795,20835
5514,20200418,5호선,우장산,8091,7829,15920
5515,20200418,5호선,화곡,17130,15520,32650
5516,20200418,5호선,까치산,18411,17220,35631
5517,20200418,5호선,신정,7258,5932,13190
5518,20200418,5호선,목동,9566,9720,19286
5519,20200418,5호선,오목교,13194,13893,27087
5520,20200418,5호선,양평,3161,3018,6179
5521,20200418,5호선,영등포구청,1647,1581,3228
5522,20200418,5호선,영등포시장,5133,5382,10515
5523,20200418,5호선,신길,1827,1899,3726
5524,20200418,5호선,여의도,6716,7305,14021
5525,20200418,5호선,여의나루,9038,9495,18533
5526,20200418,5호선,마포,5872,5933,11805
5527,20200418,5호선,공덕,5678,5946,11624
5528,20200418,5호선,애오개,3103,3017,6120
5529,20200418,5호선,충정로,1545,1412,2957
5530,20200418,5호선,서대문,5553,5526,11079
5531,20200418,5호선,광화문,10213,10341,20554
5532,20200418,5호선,종로3가,8545,9460,18005
5533,20200418,5호선,을지로4가,2670,3046,5716
5534,20200418,5호선,동대문역사문화공원,883,1214,2097
5535,20200418,5호선,청구,2141,1872,4013
5536,20200418,5호선,신금호,3640,3588,7228
5537,20200418,5호선,행당,4419,3853,8272
5538,20200418,5호선,왕십리,2834,3317,6151
5539,20200418,5호선,마장,3297,3183,6480
5540,20200418,5호선,답십리,8655,7962,16617
5541,20200418,5호선,장한평,8989,8841,17830
5542,20200418,5호선,군자,6924,7563,14487
5543,20200418,5호선,아차산,10891,10933,21824
5544,20200418,5호선,광나루,8293,7849,16142
5545,20200418,5호선,천호,14001,13631,27632
5546,20200418,5호선,강동,11816,10582,22398
5547,20200418,5호선,길동,4661,4799,9460
5548,20200418,5호선,굽은다리,5547,5145,10692
5549,20200418,5호선,명일,4485,4424,8909
5550,20200418,5호선,고덕,4658,4514,9172
5551,20200418,5호선,상일동,9185,8157,17342
5552,20200418,5호선,둔촌동,4849,4711,9560
5553,20200418,5호선,올림픽공원,2378,2127,4505
5554,20200418,5호선,방이,4043,3943,7986
5555,20200418,5호선,오금,1734,1565,3299
5556,20200418,5호선,개롱,3504,3739,7243
5557,20200418,5호선,거여,4244,3962,8206
5558,20200418,5호선,마천,3638,3572,7210
5559,20200419,5호선,방화,2639,2622,5261
5560,20200419,5호선,개화산,2074,2153,4227
5561,20200419,5호선,김포공항,3679,3299,6978
5562,20200419,5호선,송정,2941,3090,6031
5563,20200419,5호선,마곡,1928,1928,3856
5564,20200419,5호선,발산,5918,6271,12189
5565,20200419,5호선,우장산,4888,4902,9790
5566,20200419,5호선,화곡,10403,9711,20114
5567,20200419,5호선,까치산,11779,11430,23209
5568,20200419,5호선,신정,4558,4043,8601
5569,20200419,5호선,목동,5547,5839,11386
5570,20200419,5호선,오목교,8515,8754,17269
5571,20200419,5호선,양평,1799,1976,3775
5572,20200419,5호선,영등포구청,911,884,1795
5573,20200419,5호선,영등포시장,2850,3013,5863
5574,20200419,5호선,신길,1127,1319,2446
5575,20200419,5호선,여의도,3722,3901,7623
5576,20200419,5호선,여의나루,2130,2263,4393
5577,20200419,5호선,마포,3383,3353,6736
5578,20200419,5호선,공덕,3190,3241,6431
5579,20200419,5호선,애오개,1986,2071,4057
5580,20200419,5호선,충정로,998,1065,2063
5581,20200419,5호선,서대문,3296,3190,6486
5582,20200419,5호선,광화문,6655,6266,12921
5583,20200419,5호선,종로3가,5191,4823,10014
5584,20200419,5호선,을지로4가,893,1006,1899
5585,20200419,5호선,동대문역사문화공원,731,837,1568
5586,20200419,5호선,청구,1311,1186,2497
5587,20200419,5호선,신금호,2195,2295,4490
5588,20200419,5호선,행당,2767,2530,5297
5589,20200419,5호선,왕십리,1860,2101,3961
5590,20200419,5호선,마장,2020,1963,3983
5591,20200419,5호선,답십리,5312,5015,10327
5592,20200419,5호선,장한평,5260,5197,10457
5593,20200419,5호선,군자,4349,4642,8991
5594,20200419,5호선,아차산,7606,7586,15192
5595,20200419,5호선,광나루,5388,5708,11096
5596,20200419,5호선,천호,9270,8745,18015
5597,20200419,5호선,강동,7194,6809,14003
5598,20200419,5호선,길동,2935,3020,5955
5599,20200419,5호선,굽은다리,3629,3515,7144
5600,20200419,5호선,명일,2827,2896,5723
5601,20200419,5호선,고덕,2818,2789,5607
5602,20200419,5호선,상일동,5450,5110,10560
5603,20200419,5호선,둔촌동,2990,3122,6112
5604,20200419,5호선,올림픽공원,1381,1198,2579
5605,20200419,5호선,방이,2759,2632,5391
5606,20200419,5호선,오금,1094,1032,2126
5607,20200419,5호선,개롱,2101,2264,4365
5608,20200419,5호선,거여,2510,2549,5059
5609,20200419,5호선,마천,2279,2538,4817
5610,20200420,5호선,방화,6032,5682,11714
5611,20200420,5호선,개화산,4866,4698,9564
5612,20200420,5호선,김포공항,4633,4407,9040
5613,20200420,5호선,송정,6585,6058,12643
5614,20200420,5호선,마곡,7860,7324,15184
5615,20200420,5호선,발산,17468,17739,35207
5616,20200420,5호선,우장산,12436,12191,24627
5617,20200420,5호선,화곡,26450,24688,51138
5618,20200420,5호선,까치산,27163,25921,53084
5619,20200420,5호선,신정,12645,9669,22314
5620,20200420,5호선,목동,15584,17277,32861
5621,20200420,5호선,오목교,19591,20997,40588
5622,20200420,5호선,양평,6888,6901,13789
5623,20200420,5호선,영등포구청,3802,3806,7608
5624,20200420,5호선,영등포시장,8257,8471,16728
5625,20200420,5호선,신길,3400,3853,7253
5626,20200420,5호선,여의도,24484,25951,50435
5627,20200420,5호선,여의나루,6802,7161,13963
5628,20200420,5호선,마포,12981,13251,26232
5629,20200420,5호선,공덕,12983,14019,27002
5630,20200420,5호선,애오개,6416,6540,12956
5631,20200420,5호선,충정로,4655,4721,9376
5632,20200420,5호선,서대문,16606,17123,33729
5633,20200420,5호선,광화문,28862,30269,59131
5634,20200420,5호선,종로3가,9986,9983,19969
5635,20200420,5호선,을지로4가,5627,5765,11392
5636,20200420,5호선,동대문역사문화공원,2783,3191,5974
5637,20200420,5호선,청구,3688,3314,7002
5638,20200420,5호선,신금호,5502,5629,11131
5639,20200420,5호선,행당,7511,6712,14223
5640,20200420,5호선,왕십리,3952,4373,8325
5641,20200420,5호선,마장,4993,4783,9776
5642,20200420,5호선,답십리,14926,13784,28710
5643,20200420,5호선,장한평,16791,16773,33564
5644,20200420,5호선,군자,9874,10759,20633
5645,20200420,5호선,아차산,12147,12076,24223
5646,20200420,5호선,광나루,11361,10325,21686
5647,20200420,5호선,천호,15730,16413,32143
5648,20200420,5호선,강동,18798,16737,35535
5649,20200420,5호선,길동,6750,6975,13725
5650,20200420,5호선,굽은다리,7896,7540,15436
5651,20200420,5호선,명일,7266,7679,14945
5652,20200420,5호선,고덕,7502,7827,15329
5653,20200420,5호선,상일동,17024,14504,31528
5654,20200420,5호선,둔촌동,7237,7236,14473
5655,20200420,5호선,올림픽공원,3326,2856,6182
5656,20200420,5호선,방이,5999,6236,12235
5657,20200420,5호선,오금,3412,3372,6784
5658,20200420,5호선,개롱,5450,5717,11167
5659,20200420,5호선,거여,6703,6295,12998
5660,20200420,5호선,마천,4612,4661,9273
5661,20200421,5호선,방화,6099,5782,11881
5662,20200421,5호선,개화산,5002,4807,9809
5663,20200421,5호선,김포공항,4718,4475,9193
5664,20200421,5호선,송정,6590,6162,12752
5665,20200421,5호선,마곡,7996,7439,15435
5666,20200421,5호선,발산,17855,18178,36033
5667,20200421,5호선,우장산,12376,12451,24827
5668,20200421,5호선,화곡,26769,24869,51638
5669,20200421,5호선,까치산,27432,26047,53479
5670,20200421,5호선,신정,12863,9970,22833
5671,20200421,5호선,목동,15927,17527,33454
5672,20200421,5호선,오목교,20472,21714,42186
5673,20200421,5호선,양평,7179,7147,14326
5674,20200421,5호선,영등포구청,3645,3663,7308
5675,20200421,5호선,영등포시장,8296,8581,16877
5676,20200421,5호선,신길,3405,3919,7324
5677,20200421,5호선,여의도,25237,26342,51579
5678,20200421,5호선,여의나루,7365,7489,14854
5679,20200421,5호선,마포,13311,13799,27110
5680,20200421,5호선,공덕,13416,14452,27868
5681,20200421,5호선,애오개,6637,6857,13494
5682,20200421,5호선,충정로,4754,4785,9539
5683,20200421,5호선,서대문,16881,17358,34239
5684,20200421,5호선,광화문,29785,31205,60990
5685,20200421,5호선,종로3가,10647,10450,21097
5686,20200421,5호선,을지로4가,5716,5981,11697
5687,20200421,5호선,동대문역사문화공원,2826,3171,5997
5688,20200421,5호선,청구,3807,3400,7207
5689,20200421,5호선,신금호,5710,5867,11577
5690,20200421,5호선,행당,7574,6817,14391
5691,20200421,5호선,왕십리,4050,4492,8542
5692,20200421,5호선,마장,5084,4858,9942
5693,20200421,5호선,답십리,15163,13911,29074
5694,20200421,5호선,장한평,17166,16995,34161
5695,20200421,5호선,군자,10249,11232,21481
5696,20200421,5호선,아차산,12732,12515,25247
5697,20200421,5호선,광나루,11887,10851,22738
5698,20200421,5호선,천호,16601,17053,33654
5699,20200421,5호선,강동,19454,16989,36443
5700,20200421,5호선,길동,6790,7245,14035
5701,20200421,5호선,굽은다리,8206,7787,15993
5702,20200421,5호선,명일,7442,7853,15295
5703,20200421,5호선,고덕,7773,7980,15753
5704,20200421,5호선,상일동,17294,14887,32181
5705,20200421,5호선,둔촌동,7400,7304,14704
5706,20200421,5호선,올림픽공원,3513,3016,6529
5707,20200421,5호선,방이,6207,6382,12589
5708,20200421,5호선,오금,3508,3389,6897
5709,20200421,5호선,개롱,5668,5873,11541
5710,20200421,5호선,거여,6900,6502,13402
5711,20200421,5호선,마천,4778,4780,9558
5712,20200422,5호선,방화,6159,5852,12011
5713,20200422,5호선,개화산,4954,4740,9694
5714,20200422,5호선,김포공항,4730,4570,9300
5715,20200422,5호선,송정,6413,5976,12389
5716,20200422,5호선,마곡,7960,7383,15343
5717,20200422,5호선,발산,19262,19807,39069
5718,20200422,5호선,우장산,12558,12381,24939
5719,20200422,5호선,화곡,26565,24735,51300
5720,20200422,5호선,까치산,27578,26188,53766
5721,20200422,5호선,신정,12815,9886,22701
5722,20200422,5호선,목동,15898,17696,33594
5723,20200422,5호선,오목교,20236,21458,41694
5724,20200422,5호선,양평,7040,7015,14055
5725,20200422,5호선,영등포구청,3634,3727,7361
5726,20200422,5호선,영등포시장,8300,8491,16791
5727,20200422,5호선,신길,3432,3867,7299
5728,20200422,5호선,여의도,25079,26483,51562
5729,20200422,5호선,여의나루,6854,7082,13936
5730,20200422,5호선,마포,13433,13811,27244
5731,20200422,5호선,공덕,13256,14336,27592
5732,20200422,5호선,애오개,6595,6734,13329
5733,20200422,5호선,충정로,4708,4734,9442
5734,20200422,5호선,서대문,16751,17251,34002
5735,20200422,5호선,광화문,29781,31146,60927
5736,20200422,5호선,종로3가,10982,10812,21794
5737,20200422,5호선,을지로4가,5721,5784,11505
5738,20200422,5호선,동대문역사문화공원,2881,3199,6080
5739,20200422,5호선,청구,3773,3356,7129
5740,20200422,5호선,신금호,5634,5785,11419
5741,20200422,5호선,행당,7407,6650,14057
5742,20200422,5호선,왕십리,4046,4391,8437
5743,20200422,5호선,마장,5074,4732,9806
5744,20200422,5호선,답십리,15004,13939,28943
5745,20200422,5호선,장한평,16894,16796,33690
5746,20200422,5호선,군자,10226,11153,21379
5747,20200422,5호선,아차산,12737,12588,25325
5748,20200422,5호선,광나루,11676,10539,22215
5749,20200422,5호선,천호,16366,16970,33336
5750,20200422,5호선,강동,19722,16821,36543
5751,20200422,5호선,길동,6809,7173,13982
5752,20200422,5호선,굽은다리,8069,7761,15830
5753,20200422,5호선,명일,7421,7769,15190
5754,20200422,5호선,고덕,7642,7779,15421
5755,20200422,5호선,상일동,17197,14700,31897
5756,20200422,5호선,둔촌동,7412,7297,14709
5757,20200422,5호선,올림픽공원,3407,2864,6271
5758,20200422,5호선,방이,6212,6426,12638
5759,20200422,5호선,오금,3424,3317,6741
5760,20200422,5호선,개롱,5531,5792,11323
5761,20200422,5호선,거여,6850,6363,13213
5762,20200422,5호선,마천,4588,4752,9340
5763,20200423,5호선,방화,6205,5853,12058
5764,20200423,5호선,개화산,5061,4799,9860
5765,20200423,5호선,김포공항,5000,4595,9595
5766,20200423,5호선,송정,6531,6123,12654
5767,20200423,5호선,마곡,7947,7506,15453
5768,20200423,5호선,발산,18461,18973,37434
5769,20200423,5호선,우장산,12518,12370,24888
5770,20200423,5호선,화곡,27049,24864,51913
5771,20200423,5호선,까치산,27547,26228,53775
5772,20200423,5호선,신정,12819,9835,22654
5773,20200423,5호선,목동,16335,17936,34271
5774,20200423,5호선,오목교,20597,21880,42477
5775,20200423,5호선,양평,7040,7087,14127
5776,20200423,5호선,영등포구청,3797,3754,7551
5777,20200423,5호선,영등포시장,8379,8591,16970
5778,20200423,5호선,신길,3468,3854,7322
5779,20200423,5호선,여의도,25086,26652,51738
5780,20200423,5호선,여의나루,7409,7638,15047
5781,20200423,5호선,마포,13412,14030,27442
5782,20200423,5호선,공덕,13476,14773,28249
5783,20200423,5호선,애오개,6769,6765,13534
5784,20200423,5호선,충정로,4722,4866,9588
5785,20200423,5호선,서대문,16828,17552,34380
5786,20200423,5호선,광화문,29321,31158,60479
5787,20200423,5호선,종로3가,10917,10970,21887
5788,20200423,5호선,을지로4가,5680,5978,11658
5789,20200423,5호선,동대문역사문화공원,2816,3262,6078
5790,20200423,5호선,청구,3756,3419,7175
5791,20200423,5호선,신금호,5716,5868,11584
5792,20200423,5호선,행당,7636,6756,14392
5793,20200423,5호선,왕십리,4049,4513,8562
5794,20200423,5호선,마장,5217,4888,10105
5795,20200423,5호선,답십리,14936,13758,28694
5796,20200423,5호선,장한평,17187,17041,34228
5797,20200423,5호선,군자,10369,11328,21697
5798,20200423,5호선,아차산,12911,12779,25690
5799,20200423,5호선,광나루,12078,10908,22986
5800,20200423,5호선,천호,16448,17228,33676
5801,20200423,5호선,강동,19872,16944,36816
5802,20200423,5호선,길동,6805,7105,13910
5803,20200423,5호선,굽은다리,8184,7682,15866
5804,20200423,5호선,명일,7516,7801,15317
5805,20200423,5호선,고덕,7763,7876,15639
5806,20200423,5호선,상일동,17483,14846,32329
5807,20200423,5호선,둔촌동,7609,7695,15304
5808,20200423,5호선,올림픽공원,3499,3040,6539
5809,20200423,5호선,방이,6225,6559,12784
5810,20200423,5호선,오금,3430,3371,6801
5811,20200423,5호선,개롱,5680,5807,11487
5812,20200423,5호선,거여,6916,6422,13338
5813,20200423,5호선,마천,4703,4754,9457
5814,20200424,5호선,방화,6328,5779,12107
5815,20200424,5호선,개화산,5120,4793,9913
5816,20200424,5호선,김포공항,5136,5091,10227
5817,20200424,5호선,송정,6820,6339,13159
5818,20200424,5호선,마곡,8166,7628,15794
5819,20200424,5호선,발산,18869,19626,38495
5820,20200424,5호선,우장산,13430,13058,26488
5821,20200424,5호선,화곡,27963,25380,53343
5822,20200424,5호선,까치산,28932,27025,55957
5823,20200424,5호선,신정,13120,9776,22896
5824,20200424,5호선,목동,16970,18397,35367
5825,20200424,5호선,오목교,21531,23476,45007
5826,20200424,5호선,양평,7174,6960,14134
5827,20200424,5호선,영등포구청,3794,3833,7627
5828,20200424,5호선,영등포시장,8648,8801,17449
5829,20200424,5호선,신길,3554,3856,7410
5830,20200424,5호선,여의도,25051,26746,51797
5831,20200424,5호선,여의나루,8650,8586,17236
5832,20200424,5호선,마포,13686,14218,27904
5833,20200424,5호선,공덕,13777,15111,28888
5834,20200424,5호선,애오개,6841,6693,13534
5835,20200424,5호선,충정로,4768,4708,9476
5836,20200424,5호선,서대문,16724,17421,34145
5837,20200424,5호선,광화문,29801,31718,61519
5838,20200424,5호선,종로3가,11409,11956,23365
5839,20200424,5호선,을지로4가,5804,5962,11766
5840,20200424,5호선,동대문역사문화공원,2722,3185,5907
5841,20200424,5호선,청구,3901,3400,7301
5842,20200424,5호선,신금호,5909,5815,11724
5843,20200424,5호선,행당,7837,6889,14726
5844,20200424,5호선,왕십리,4202,4929,9131
5845,20200424,5호선,마장,5272,4928,10200
5846,20200424,5호선,답십리,15497,14079,29576
5847,20200424,5호선,장한평,17563,17457,35020
5848,20200424,5호선,군자,10689,11892,22581
5849,20200424,5호선,아차산,13511,13221,26732
5850,20200424,5호선,광나루,12569,11204,23773
5851,20200424,5호선,천호,17791,19104,36895
5852,20200424,5호선,강동,20469,17157,37626
5853,20200424,5호선,길동,7325,7698,15023
5854,20200424,5호선,굽은다리,8602,7886,16488
5855,20200424,5호선,명일,7929,8167,16096
5856,20200424,5호선,고덕,8021,8077,16098
5857,20200424,5호선,상일동,18271,15156,33427
5858,20200424,5호선,둔촌동,7957,7882,15839
5859,20200424,5호선,올림픽공원,3754,3102,6856
5860,20200424,5호선,방이,6405,6586,12991
5861,20200424,5호선,오금,3594,3556,7150
5862,20200424,5호선,개롱,5909,6041,11950
5863,20200424,5호선,거여,7225,6674,13899
5864,20200424,5호선,마천,4883,4866,9749
5865,20200425,5호선,방화,4239,3948,8187
5866,20200425,5호선,개화산,3231,3179,6410
5867,20200425,5호선,김포공항,4647,4742,9389
5868,20200425,5호선,송정,4575,4483,9058
5869,20200425,5호선,마곡,3412,3355,6767
5870,20200425,5호선,발산,10962,12005,22967
5871,20200425,5호선,우장산,8441,8213,16654
5872,20200425,5호선,화곡,18031,16393,34424
5873,20200425,5호선,까치산,19253,17950,37203
5874,20200425,5호선,신정,7671,6307,13978
5875,20200425,5호선,목동,10050,10179,20229
5876,20200425,5호선,오목교,13899,14591,28490
5877,20200425,5호선,양평,3196,3019,6215
5878,20200425,5호선,영등포구청,1752,1631,3383
5879,20200425,5호선,영등포시장,6022,6088,12110
5880,20200425,5호선,신길,1889,1995,3884
5881,20200425,5호선,여의도,7349,8031,15380
5882,20200425,5호선,여의나루,6911,7058,13969
5883,20200425,5호선,마포,6112,6108,12220
5884,20200425,5호선,공덕,6157,6457,12614
5885,20200425,5호선,애오개,3254,3093,6347
5886,20200425,5호선,충정로,1767,1627,3394
5887,20200425,5호선,서대문,5754,5631,11385
5888,20200425,5호선,광화문,11666,11907,23573
5889,20200425,5호선,종로3가,9620,10161,19781
5890,20200425,5호선,을지로4가,2898,3237,6135
5891,20200425,5호선,동대문역사문화공원,729,970,1699
5892,20200425,5호선,청구,2299,1908,4207
5893,20200425,5호선,신금호,3658,3666,7324
5894,20200425,5호선,행당,4665,3952,8617
5895,20200425,5호선,왕십리,2961,3483,6444
5896,20200425,5호선,마장,3505,3383,6888
5897,20200425,5호선,답십리,8943,8179,17122
5898,20200425,5호선,장한평,9570,9381,18951
5899,20200425,5호선,군자,7277,7801,15078
5900,20200425,5호선,아차산,11033,10904,21937
5901,20200425,5호선,광나루,8387,7942,16329
5902,20200425,5호선,천호,14451,14485,28936
5903,20200425,5호선,강동,12583,11026,23609
5904,20200425,5호선,길동,5018,5092,10110
5905,20200425,5호선,굽은다리,5767,5232,10999
5906,20200425,5호선,명일,4683,4524,9207
5907,20200425,5호선,고덕,4696,4673,9369
5908,20200425,5호선,상일동,9685,8726,18411
5909,20200425,5호선,둔촌동,5159,5099,10258
5910,20200425,5호선,올림픽공원,2289,2017,4306
5911,20200425,5호선,방이,4402,4291,8693
5912,20200425,5호선,오금,1894,1748,3642
5913,20200425,5호선,개롱,3642,3782,7424
5914,20200425,5호선,거여,4288,4059,8347
5915,20200425,5호선,마천,3723,3742,7465
5916,20200426,5호선,방화,3185,3119,6304
5917,20200426,5호선,개화산,2527,2553,5080
5918,20200426,5호선,김포공항,4131,3887,8018
5919,20200426,5호선,송정,3298,3403,6701
5920,20200426,5호선,마곡,2260,2269,4529
5921,20200426,5호선,발산,7395,7754,15149
5922,20200426,5호선,우장산,5570,5696,11266
5923,20200426,5호선,화곡,12160,11379,23539
5924,20200426,5호선,까치산,13457,13133,26590
5925,20200426,5호선,신정,5247,4618,9865
5926,20200426,5호선,목동,6512,6609,13121
5927,20200426,5호선,오목교,9518,9897,19415
5928,20200426,5호선,양평,2069,2105,4174
5929,20200426,5호선,영등포구청,1025,994,2019
5930,20200426,5호선,영등포시장,3441,3660,7101
5931,20200426,5호선,신길,1311,1490,2801
5932,20200426,5호선,여의도,4851,4959,9810
5933,20200426,5호선,여의나루,7648,7794,15442
5934,20200426,5호선,마포,3930,3978,7908
5935,20200426,5호선,공덕,3870,3947,7817
5936,20200426,5호선,애오개,2292,2291,4583
5937,20200426,5호선,충정로,1141,1141,2282
5938,20200426,5호선,서대문,3764,3648,7412
5939,20200426,5호선,광화문,8134,7804,15938
5940,20200426,5호선,종로3가,6457,6079,12536
5941,20200426,5호선,을지로4가,1074,1242,2316
5942,20200426,5호선,동대문역사문화공원,429,531,960
5943,20200426,5호선,청구,1481,1272,2753
5944,20200426,5호선,신금호,2482,2696,5178
5945,20200426,5호선,행당,3440,3083,6523
5946,20200426,5호선,왕십리,1947,2254,4201
5947,20200426,5호선,마장,2693,2541,5234
5948,20200426,5호선,답십리,6293,5897,12190
5949,20200426,5호선,장한평,6197,6013,12210
5950,20200426,5호선,군자,5023,5514,10537
5951,20200426,5호선,아차산,9492,9546,19038
5952,20200426,5호선,광나루,6592,6809,13401
5953,20200426,5호선,천호,10378,9982,20360
5954,20200426,5호선,강동,8370,7751,16121
5955,20200426,5호선,길동,3277,3361,6638
5956,20200426,5호선,굽은다리,4021,3753,7774
5957,20200426,5호선,명일,3318,3364,6682
5958,20200426,5호선,고덕,3065,3076,6141
5959,20200426,5호선,상일동,6331,5939,12270
5960,20200426,5호선,둔촌동,3689,3592,7281
5961,20200426,5호선,올림픽공원,1769,1571,3340
5962,20200426,5호선,방이,3240,3072,6312
5963,20200426,5호선,오금,1271,1272,2543
5964,20200426,5호선,개롱,2621,2865,5486
5965,20200426,5호선,거여,2996,2959,5955
5966,20200426,5호선,마천,2787,3158,5945
5967,20200427,5호선,방화,6386,5986,12372
5968,20200427,5호선,개화산,5187,4977,10164
5969,20200427,5호선,김포공항,5135,4905,10040
5970,20200427,5호선,송정,6843,6356,13199
5971,20200427,5호선,마곡,8151,7604,15755
5972,20200427,5호선,발산,18226,18667,36893
5973,20200427,5호선,우장산,12972,12788,25760
5974,20200427,5호선,화곡,27844,25722,53566
5975,20200427,5호선,까치산,28261,26812,55073
5976,20200427,5호선,신정,13158,9884,23042
5977,20200427,5호선,목동,16159,17762,33921
5978,20200427,5호선,오목교,20677,22195,42872
5979,20200427,5호선,양평,7142,7185,14327
5980,20200427,5호선,영등포구청,3876,3875,7751
5981,20200427,5호선,영등포시장,8753,8926,17679
5982,20200427,5호선,신길,3475,3850,7325
5983,20200427,5호선,여의도,25354,27027,52381
5984,20200427,5호선,여의나루,8477,8801,17278
5985,20200427,5호선,마포,13462,14083,27545
5986,20200427,5호선,공덕,13736,14980,28716
5987,20200427,5호선,애오개,6726,6808,13534
5988,20200427,5호선,충정로,4834,5034,9868
5989,20200427,5호선,서대문,17033,17773,34806
5990,20200427,5호선,광화문,29812,31550,61362
5991,20200427,5호선,종로3가,10731,10891,21622
5992,20200427,5호선,을지로4가,5926,6070,11996
5993,20200427,5호선,동대문역사문화공원,2834,3233,6067
5994,20200427,5호선,청구,4007,3509,7516
5995,20200427,5호선,신금호,5751,5970,11721
5996,20200427,5호선,행당,7712,6852,14564
5997,20200427,5호선,왕십리,4019,4593,8612
5998,20200427,5호선,마장,5230,4933,10163
5999,20200427,5호선,답십리,15467,14095,29562
6000,20200427,5호선,장한평,17369,17222,34591
6001,20200427,5호선,군자,10311,11268,21579
6002,20200427,5호선,아차산,13254,12941,26195
6003,20200427,5호선,광나루,12472,11211,23683
6004,20200427,5호선,천호,16696,17549,34245
6005,20200427,5호선,강동,20008,17070,37078
6006,20200427,5호선,길동,7159,7472,14631
6007,20200427,5호선,굽은다리,8293,7745,16038
6008,20200427,5호선,명일,7777,7993,15770
6009,20200427,5호선,고덕,7856,8026,15882
6010,20200427,5호선,상일동,17933,15368,33301
6011,20200427,5호선,둔촌동,7588,7619,15207
6012,20200427,5호선,올림픽공원,3642,3231,6873
6013,20200427,5호선,방이,6441,6576,13017
6014,20200427,5호선,오금,3566,3536,7102
6015,20200427,5호선,개롱,5779,6037,11816
6016,20200427,5호선,거여,7009,6593,13602
6017,20200427,5호선,마천,4850,4793,9643
6018,20200428,5호선,방화,6435,6050,12485
6019,20200428,5호선,개화산,5216,4957,10173
6020,20200428,5호선,김포공항,5147,5221,10368
6021,20200428,5호선,송정,6776,6287,13063
6022,20200428,5호선,마곡,8292,7798,16090
6023,20200428,5호선,발산,18792,19254,38046
6024,20200428,5호선,우장산,13005,12780,25785
6025,20200428,5호선,화곡,28003,25728,53731
6026,20200428,5호선,까치산,28614,26928,55542
6027,20200428,5호선,신정,13248,10027,23275
6028,20200428,5호선,목동,16773,18450,35223
6029,20200428,5호선,오목교,21198,22672,43870
6030,20200428,5호선,양평,7308,7216,14524
6031,20200428,5호선,영등포구청,3968,3872,7840
6032,20200428,5호선,영등포시장,8740,9021,17761
6033,20200428,5호선,신길,3521,3934,7455
6034,20200428,5호선,여의도,25626,27420,53046
6035,20200428,5호선,여의나루,9090,9545,18635
6036,20200428,5호선,마포,13879,14431,28310
6037,20200428,5호선,공덕,13945,15229,29174
6038,20200428,5호선,애오개,6813,6829,13642
6039,20200428,5호선,충정로,5023,5069,10092
6040,20200428,5호선,서대문,17185,17909,35094
6041,20200428,5호선,광화문,30386,32444,62830
6042,20200428,5호선,종로3가,11494,11207,22701
6043,20200428,5호선,을지로4가,6074,6297,12371
6044,20200428,5호선,동대문역사문화공원,2923,3356,6279
6045,20200428,5호선,청구,4045,3663,7708
6046,20200428,5호선,신금호,6074,6072,12146
6047,20200428,5호선,행당,7918,6957,14875
6048,20200428,5호선,왕십리,4329,4825,9154
6049,20200428,5호선,마장,5300,5087,10387
6050,20200428,5호선,답십리,15432,13991,29423
6051,20200428,5호선,장한평,17742,17594,35336
6052,20200428,5호선,군자,10526,11398,21924
6053,20200428,5호선,아차산,13591,13298,26889
6054,20200428,5호선,광나루,12697,11421,24118
6055,20200428,5호선,천호,17114,18293,35407
6056,20200428,5호선,강동,20635,17481,38116
6057,20200428,5호선,길동,7029,7330,14359
6058,20200428,5호선,굽은다리,8475,7956,16431
6059,20200428,5호선,명일,7818,8071,15889
6060,20200428,5호선,고덕,8126,8285,16411
6061,20200428,5호선,상일동,18317,15371,33688
6062,20200428,5호선,둔촌동,7757,7710,15467
6063,20200428,5호선,올림픽공원,3753,3315,7068
6064,20200428,5호선,방이,6413,6691,13104
6065,20200428,5호선,오금,3516,3411,6927
6066,20200428,5호선,개롱,5900,6036,11936
6067,20200428,5호선,거여,7214,6642,13856
6068,20200428,5호선,마천,4937,4975,9912
6069,20200429,5호선,방화,6696,6129,12825
6070,20200429,5호선,개화산,5238,4961,10199
6071,20200429,5호선,김포공항,5773,6033,11806
6072,20200429,5호선,송정,6998,6330,13328
6073,20200429,5호선,마곡,8449,7864,16313
6074,20200429,5호선,발산,19332,20158,39490
6075,20200429,5호선,우장산,13657,13359,27016
6076,20200429,5호선,화곡,28859,25974,54833
6077,20200429,5호선,까치산,29664,27232,56896
6078,20200429,5호선,신정,13579,10172,23751
6079,20200429,5호선,목동,17494,18650,36144
6080,20200429,5호선,오목교,21948,23868,45816
6081,20200429,5호선,양평,7319,7121,14440
6082,20200429,5호선,영등포구청,4090,4001,8091
6083,20200429,5호선,영등포시장,9000,9285,18285
6084,20200429,5호선,신길,3651,3861,7512
6085,20200429,5호선,여의도,25672,27624,53296
6086,20200429,5호선,여의나루,10321,10276,20597
6087,20200429,5호선,마포,14250,15011,29261
6088,20200429,5호선,공덕,14298,15683,29981
6089,20200429,5호선,애오개,7066,6869,13935
6090,20200429,5호선,충정로,4967,5062,10029
6091,20200429,5호선,서대문,17441,17961,35402
6092,20200429,5호선,광화문,30660,33058,63718
6093,20200429,5호선,종로3가,12324,13068,25392
6094,20200429,5호선,을지로4가,5968,6329,12297
6095,20200429,5호선,동대문역사문화공원,2824,3322,6146
6096,20200429,5호선,청구,4029,3513,7542
6097,20200429,5호선,신금호,6138,6120,12258
6098,20200429,5호선,행당,8159,6921,15080
6099,20200429,5호선,왕십리,4316,5144,9460
6100,20200429,5호선,마장,5419,4976,10395
6101,20200429,5호선,답십리,16238,14328,30566
6102,20200429,5호선,장한평,17701,17700,35401
6103,20200429,5호선,군자,11031,12110,23141
6104,20200429,5호선,아차산,14050,13582,27632
6105,20200429,5호선,광나루,13018,11482,24500
6106,20200429,5호선,천호,18059,19208,37267
6107,20200429,5호선,강동,21496,17698,39194
6108,20200429,5호선,길동,7392,7622,15014
6109,20200429,5호선,굽은다리,8947,8205,17152
6110,20200429,5호선,명일,8073,8308,16381
6111,20200429,5호선,고덕,8355,8355,16710
6112,20200429,5호선,상일동,18846,15415,34261
6113,20200429,5호선,둔촌동,8015,7916,15931
6114,20200429,5호선,올림픽공원,3901,3300,7201
6115,20200429,5호선,방이,6626,6789,13415
6116,20200429,5호선,오금,3616,3597,7213
6117,20200429,5호선,개롱,6088,6137,12225
6118,20200429,5호선,거여,7465,6734,14199
6119,20200429,5호선,마천,5123,5140,10263
6120,20200430,5호선,방화,4159,3956,8115
6121,20200430,5호선,개화산,3172,3129,6301
6122,20200430,5호선,김포공항,4775,5797,10572
6123,20200430,5호선,송정,4283,4098,8381
6124,20200430,5호선,마곡,3050,2962,6012
6125,20200430,5호선,발산,8788,9016,17804
6126,20200430,5호선,우장산,7339,7143,14482
6127,20200430,5호선,화곡,16410,14519,30929
6128,20200430,5호선,까치산,17832,16200,34032
6129,20200430,5호선,신정,7092,5485,12577
6130,20200430,5호선,목동,8251,8339,16590
6131,20200430,5호선,오목교,11439,12204,23643
6132,20200430,5호선,양평,2774,2501,5275
6133,20200430,5호선,영등포구청,1521,1372,2893
6134,20200430,5호선,영등포시장,4776,4646,9422
6135,20200430,5호선,신길,1782,1816,3598
6136,20200430,5호선,여의도,5951,6679,12630
6137,20200430,5호선,여의나루,11206,11785,22991
6138,20200430,5호선,마포,5328,5273,10601
6139,20200430,5호선,공덕,5036,5260,10296
6140,20200430,5호선,애오개,2936,2765,5701
6141,20200430,5호선,충정로,1643,1475,3118
6142,20200430,5호선,서대문,5071,4993,10064
6143,20200430,5호선,광화문,11665,11835,23500
6144,20200430,5호선,종로3가,9433,9638,19071
6145,20200430,5호선,을지로4가,2679,3030,5709
6146,20200430,5호선,동대문역사문화공원,689,875,1564
6147,20200430,5호선,청구,2243,1881,4124
6148,20200430,5호선,신금호,3462,3395,6857
6149,20200430,5호선,행당,4156,3461,7617
6150,20200430,5호선,왕십리,2505,2916,5421
6151,20200430,5호선,마장,3255,3055,6310
6152,20200430,5호선,답십리,8073,7180,15253
6153,20200430,5호선,장한평,8667,8304,16971
6154,20200430,5호선,군자,6493,6803,13296
6155,20200430,5호선,아차산,11566,11324,22890
6156,20200430,5호선,광나루,8276,7802,16078
6157,20200430,5호선,천호,13442,13410,26852
6158,20200430,5호선,강동,11193,9282,20475
6159,20200430,5호선,길동,4342,4326,8668
6160,20200430,5호선,굽은다리,5418,4830,10248
6161,20200430,5호선,명일,4144,4083,8227
6162,20200430,5호선,고덕,4257,4158,8415
6163,20200430,5호선,상일동,9216,8043,17259
6164,20200430,5호선,둔촌동,4668,4466,9134
6165,20200430,5호선,올림픽공원,2328,2001,4329
6166,20200430,5호선,방이,3587,3493,7080
6167,20200430,5호선,오금,1646,1585,3231
6168,20200430,5호선,개롱,3137,3257,6394
6169,20200430,5호선,거여,3852,3571,7423
6170,20200430,5호선,마천,3646,3574,7220
6171,20200501,5호선,마천,3538,3559,7097
6172,20200501,5호선,거여,4413,4106,8519
6173,20200501,5호선,개롱,3680,3770,7450
6174,20200501,5호선,오금,1964,1779,3743
6175,20200501,5호선,방이,4072,4091,8163
6176,20200501,5호선,올림픽공원,2610,2302,4912
6177,20200501,5호선,둔촌동,5183,5220,10403
6178,20200501,5호선,상일동,9809,8709,18518
6179,20200501,5호선,고덕,4750,4756,9506
6180,20200501,5호선,명일,4928,4853,9781
6181,20200501,5호선,굽은다리,5982,5386,11368
6182,20200501,5호선,길동,5218,5205,10423
6183,20200501,5호선,강동,11643,10160,21803
6184,20200501,5호선,천호,14153,14123,28276
6185,20200501,5호선,광나루,8312,7735,16047
6186,20200501,5호선,아차산,11122,10790,21912
6187,20200501,5호선,군자,6881,7573,14454
6188,20200501,5호선,장한평,9647,9632,19279
6189,20200501,5호선,답십리,9437,8423,17860
6190,20200501,5호선,마장,3638,3426,7064
6191,20200501,5호선,왕십리,2852,3494,6346
6192,20200501,5호선,행당,4869,4185,9054
6193,20200501,5호선,신금호,3811,3870,7681
6194,20200501,5호선,청구,2556,2198,4754
6195,20200501,5호선,동대문역사문화공원,893,1119,2012
6196,20200501,5호선,을지로4가,3555,3948,7503
6197,20200501,5호선,종로3가,9875,10160,20035
6198,20200501,5호선,광화문,13084,13442,26526
6199,20200501,5호선,서대문,6195,6021,12216
6200,20200501,5호선,충정로,1781,1656,3437
6201,20200501,5호선,애오개,3515,3434,6949
6202,20200501,5호선,마포,6263,6129,12392
6203,20200501,5호선,여의나루,10237,10804,21041
6204,20200501,5호선,여의도,6453,7149,13602
6205,20200501,5호선,신길,1824,1931,3755
6206,20200501,5호선,영등포시장,5431,5641,11072
6207,20200501,5호선,영등포구청,1844,1748,3592
6208,20200501,5호선,양평,3020,2882,5902
6209,20200501,5호선,오목교,13705,14702,28407
6210,20200501,5호선,목동,10586,10799,21385
6211,20200501,5호선,신정,7795,6331,14126
6212,20200501,5호선,까치산,19124,17618,36742
6213,20200501,5호선,화곡,17876,15930,33806
6214,20200501,5호선,우장산,8560,8463,17023
6215,20200501,5호선,발산,9620,10267,19887
6216,20200501,5호선,마곡,4138,3835,7973
6217,20200501,5호선,송정,4940,4685,9625
6218,20200501,5호선,김포공항,4999,5408,10407
6219,20200501,5호선,개화산,3341,3238,6579
6220,20200501,5호선,방화,4276,3991,8267
6221,20200501,5호선,공덕,5698,5878,11576
6222,20200502,5호선,방화,3861,3751,7612
6223,20200502,5호선,개화산,3067,2991,6058
6224,20200502,5호선,김포공항,4851,4716,9567
6225,20200502,5호선,송정,4430,4171,8601
6226,20200502,5호선,마곡,3042,2931,5973
6227,20200502,5호선,발산,9564,10177,19741
6228,20200502,5호선,우장산,7861,7769,15630
6229,20200502,5호선,화곡,16494,15115,31609
6230,20200502,5호선,까치산,17590,16611,34201
6231,20200502,5호선,신정,7292,5861,13153
6232,20200502,5호선,목동,9284,9512,18796
6233,20200502,5호선,오목교,12561,13148,25709
6234,20200502,5호선,양평,2650,2578,5228
6235,20200502,5호선,영등포구청,1441,1408,2849
6236,20200502,5호선,영등포시장,5034,5362,10396
6237,20200502,5호선,신길,1653,1730,3383
6238,20200502,5호선,여의도,5889,6663,12552
6239,20200502,5호선,여의나루,10148,10569,20717
6240,20200502,5호선,마포,5334,5322,10656
6241,20200502,5호선,공덕,5249,5373,10622
6242,20200502,5호선,애오개,2885,2732,5617
6243,20200502,5호선,충정로,1478,1348,2826
6244,20200502,5호선,서대문,5166,5051,10217
6245,20200502,5호선,광화문,10701,10717,21418
6246,20200502,5호선,종로3가,8938,9641,18579
6247,20200502,5호선,을지로4가,2635,2990,5625
6248,20200502,5호선,동대문역사문화공원,657,811,1468
6249,20200502,5호선,청구,2128,1810,3938
6250,20200502,5호선,신금호,3346,3405,6751
6251,20200502,5호선,행당,4920,4307,9227
6252,20200502,5호선,왕십리,2722,3211,5933
6253,20200502,5호선,마장,3257,3211,6468
6254,20200502,5호선,답십리,8489,7796,16285
6255,20200502,5호선,장한평,8520,8444,16964
6256,20200502,5호선,군자,6331,6928,13259
6257,20200502,5호선,아차산,10464,10257,20721
6258,20200502,5호선,광나루,7868,7501,15369
6259,20200502,5호선,천호,13741,13953,27694
6260,20200502,5호선,강동,11516,10214,21730
6261,20200502,5호선,길동,4581,4633,9214
6262,20200502,5호선,굽은다리,5373,4991,10364
6263,20200502,5호선,명일,4485,4325,8810
6264,20200502,5호선,고덕,4644,4589,9233
6265,20200502,5호선,상일동,9000,8003,17003
6266,20200502,5호선,둔촌동,4771,4608,9379
6267,20200502,5호선,올림픽공원,2240,1905,4145
6268,20200502,5호선,방이,4104,4038,8142
6269,20200502,5호선,오금,1617,1554,3171
6270,20200502,5호선,개롱,3280,3520,6800
6271,20200502,5호선,거여,3955,3749,7704
6272,20200502,5호선,마천,3333,3388,6721
6273,20200503,5호선,마천,2597,2890,5487
6274,20200503,5호선,거여,3074,3043,6117
6275,20200503,5호선,개롱,2640,2846,5486
6276,20200503,5호선,오금,1482,1395,2877
6277,20200503,5호선,방이,3305,3167,6472
6278,20200503,5호선,올림픽공원,1698,1438,3136
6279,20200503,5호선,둔촌동,3733,3725,7458
6280,20200503,5호선,상일동,6462,6195,12657
6281,20200503,5호선,고덕,3246,3268,6514
6282,20200503,5호선,명일,3391,3383,6774
6283,20200503,5호선,굽은다리,4051,3857,7908
6284,20200503,5호선,길동,3306,3350,6656
6285,20200503,5호선,강동,8633,7858,16491
6286,20200503,5호선,천호,10712,10412,21124
6287,20200503,5호선,광나루,6193,6044,12237
6288,20200503,5호선,아차산,8671,8905,17576
6289,20200503,5호선,군자,4746,5502,10248
6290,20200503,5호선,장한평,6037,6075,12112
6291,20200503,5호선,답십리,6279,5747,12026
6292,20200503,5호선,마장,2491,2500,4991
6293,20200503,5호선,왕십리,2021,2408,4429
6294,20200503,5호선,행당,3372,3019,6391
6295,20200503,5호선,신금호,2453,2648,5101
6296,20200503,5호선,청구,1494,1304,2798
6297,20200503,5호선,동대문역사문화공원,423,583,1006
6298,20200503,5호선,을지로4가,1146,1241,2387
6299,20200503,5호선,종로3가,6621,6486,13107
6300,20200503,5호선,광화문,8140,8185,16325
6301,20200503,5호선,서대문,3598,3672,7270
6302,20200503,5호선,충정로,1171,1202,2373
6303,20200503,5호선,애오개,2269,2342,4611
6304,20200503,5호선,공덕,3578,3776,7354
6305,20200503,5호선,마포,3798,3882,7680
6306,20200503,5호선,여의나루,8785,8822,17607
6307,20200503,5호선,여의도,4234,4981,9215
6308,20200503,5호선,신길,1269,1420,2689
6309,20200503,5호선,영등포시장,3556,3829,7385
6310,20200503,5호선,영등포구청,1083,1135,2218
6311,20200503,5호선,양평,2031,2157,4188
6312,20200503,5호선,오목교,9535,10048,19583
6313,20200503,5호선,목동,6674,6910,13584
6314,20200503,5호선,신정,5187,4666,9853
6315,20200503,5호선,까치산,13704,13394,27098
6316,20200503,5호선,화곡,12448,11869,24317
6317,20200503,5호선,우장산,5765,5788,11553
6318,20200503,5호선,발산,6989,7563,14552
6319,20200503,5호선,마곡,2129,2217,4346
6320,20200503,5호선,송정,3354,3441,6795
6321,20200503,5호선,김포공항,5396,4372,9768
6322,20200503,5호선,개화산,2321,2415,4736
6323,20200503,5호선,방화,3330,3225,6555
6324,20200504,5호선,마천,4537,4390,8927
6325,20200504,5호선,거여,6443,5916,12359
6326,20200504,5호선,개롱,5277,5351,10628
6327,20200504,5호선,오금,2993,2898,5891
6328,20200504,5호선,방이,5552,5549,11101
6329,20200504,5호선,올림픽공원,3416,2974,6390
6330,20200504,5호선,둔촌동,6878,6835,13713
6331,20200504,5호선,상일동,15140,12789,27929
6332,20200504,5호선,고덕,6969,7083,14052
6333,20200504,5호선,명일,6907,6865,13772
6334,20200504,5호선,굽은다리,7891,7210,15101
6335,20200504,5호선,길동,6899,7104,14003
6336,20200504,5호선,강동,17816,15279,33095
6337,20200504,5호선,천호,16934,17681,34615
6338,20200504,5호선,광나루,11138,9928,21066
6339,20200504,5호선,아차산,12806,12629,25435
6340,20200504,5호선,군자,9392,10543,19935
6341,20200504,5호선,장한평,15259,15031,30290
6342,20200504,5호선,답십리,13678,12636,26314
6343,20200504,5호선,마장,4790,4466,9256
6344,20200504,5호선,왕십리,3987,4579,8566
6345,20200504,5호선,행당,7073,6126,13199
6346,20200504,5호선,신금호,5369,5367,10736
6347,20200504,5호선,청구,3612,3084,6696
6348,20200504,5호선,동대문역사문화공원,1918,2231,4149
6349,20200504,5호선,을지로4가,5017,5252,10269
6350,20200504,5호선,종로3가,11319,12031,23350
6351,20200504,5호선,광화문,23157,24462,47619
6352,20200504,5호선,서대문,13976,14493,28469
6353,20200504,5호선,충정로,3770,3772,7542
6354,20200504,5호선,애오개,5621,5576,11197
6355,20200504,5호선,공덕,10633,11368,22001
6356,20200504,5호선,마포,11225,11770,22995
6357,20200504,5호선,여의나루,10492,11161,21653
6358,20200504,5호선,여의도,20048,21258,41306
6359,20200504,5호선,신길,2864,3220,6084
6360,20200504,5호선,영등포시장,7732,8072,15804
6361,20200504,5호선,영등포구청,3343,3204,6547
6362,20200504,5호선,양평,5712,5565,11277
6363,20200504,5호선,오목교,18618,20263,38881
6364,20200504,5호선,목동,14615,15753,30368
6365,20200504,5호선,신정,11553,8750,20303
6366,20200504,5호선,까치산,25952,24614,50566
6367,20200504,5호선,화곡,25300,22894,48194
6368,20200504,5호선,우장산,11960,11578,23538
6369,20200504,5호선,발산,15645,16559,32204
6370,20200504,5호선,마곡,6789,6430,13219
6371,20200504,5호선,송정,6348,5960,12308
6372,20200504,5호선,김포공항,5762,4919,10681
6373,20200504,5호선,개화산,4571,4351,8922
6374,20200504,5호선,방화,5879,5480,11359
6375,20200505,5호선,방화,3551,3461,7012
6376,20200505,5호선,개화산,2706,2757,5463
6377,20200505,5호선,김포공항,5554,4725,10279
6378,20200505,5호선,송정,3726,3692,7418
6379,20200505,5호선,마곡,2816,2851,5667
6380,20200505,5호선,발산,8216,8790,17006
6381,20200505,5호선,우장산,6314,6515,12829
6382,20200505,5호선,화곡,14128,13164,27292
6383,20200505,5호선,까치산,15639,15024,30663
6384,20200505,5호선,신정,6099,5408,11507
6385,20200505,5호선,목동,7474,7748,15222
6386,20200505,5호선,오목교,10454,11182,21636
6387,20200505,5호선,양평,2389,2370,4759
6388,20200505,5호선,영등포구청,1252,1224,2476
6389,20200505,5호선,영등포시장,4298,4425,8723
6390,20200505,5호선,신길,1538,1794,3332
6391,20200505,5호선,여의도,5064,5568,10632
6392,20200505,5호선,여의나루,9263,9279,18542
6393,20200505,5호선,마포,4543,4617,9160
6394,20200505,5호선,공덕,4099,4355,8454
6395,20200505,5호선,애오개,2496,2504,5000
6396,20200505,5호선,충정로,1501,1448,2949
6397,20200505,5호선,서대문,4240,4296,8536
6398,20200505,5호선,광화문,9373,9432,18805
6399,20200505,5호선,종로3가,8352,8127,16479
6400,20200505,5호선,을지로4가,2426,2569,4995
6401,20200505,5호선,동대문역사문화공원,626,754,1380
6402,20200505,5호선,청구,2003,1707,3710
6403,20200505,5호선,신금호,2878,3012,5890
6404,20200505,5호선,행당,3815,3345,7160
6405,20200505,5호선,왕십리,2345,2811,5156
6406,20200505,5호선,마장,2785,2699,5484
6407,20200505,5호선,답십리,7259,6758,14017
6408,20200505,5호선,장한평,7749,7689,15438
6409,20200505,5호선,군자,5635,6225,11860
6410,20200505,5호선,아차산,10783,10355,21138
6411,20200505,5호선,광나루,6879,6842,13721
6412,20200505,5호선,천호,12288,11930,24218
6413,20200505,5호선,강동,9665,8876,18541
6414,20200505,5호선,길동,3855,3945,7800
6415,20200505,5호선,굽은다리,4760,4442,9202
6416,20200505,5호선,명일,3664,3567,7231
6417,20200505,5호선,고덕,3696,3682,7378
6418,20200505,5호선,상일동,7730,7066,14796
6419,20200505,5호선,둔촌동,4155,4148,8303
6420,20200505,5호선,올림픽공원,1981,1800,3781
6421,20200505,5호선,방이,3149,3235,6384
6422,20200505,5호선,오금,1413,1266,2679
6423,20200505,5호선,개롱,2807,3045,5852
6424,20200505,5호선,거여,3581,3412,6993
6425,20200505,5호선,마천,3045,3134,6179
6426,20200506,5호선,상일동,19009,16077,35086
6427,20200506,5호선,고덕,8287,8499,16786
6428,20200506,5호선,명일,8313,8820,17133
6429,20200506,5호선,굽은다리,8780,8191,16971
6430,20200506,5호선,길동,7641,7961,15602
6431,20200506,5호선,강동,21530,18301,39831
6432,20200506,5호선,천호,17955,18966,36921
6433,20200506,5호선,광나루,12956,11582,24538
6434,20200506,5호선,아차산,13988,13675,27663
6435,20200506,5호선,군자,10794,11925,22719
6436,20200506,5호선,장한평,18233,18076,36309
6437,20200506,5호선,답십리,16097,14952,31049
6438,20200506,5호선,마장,5353,5034,10387
6439,20200506,5호선,왕십리,4347,4783,9130
6440,20200506,5호선,행당,8177,7271,15448
6441,20200506,5호선,신금호,6235,6299,12534
6442,20200506,5호선,청구,4101,3678,7779
6443,20200506,5호선,동대문역사문화공원,2843,3369,6212
6444,20200506,5호선,을지로4가,6078,6341,12419
6445,20200506,5호선,종로3가,12017,12238,24255
6446,20200506,5호선,광화문,31300,33121,64421
6447,20200506,5호선,서대문,17715,18259,35974
6448,20200506,5호선,충정로,5273,5280,10553
6449,20200506,5호선,애오개,7023,7048,14071
6450,20200506,5호선,공덕,13742,14834,28576
6451,20200506,5호선,마포,14204,14624,28828
6452,20200506,5호선,여의나루,11700,12080,23780
6453,20200506,5호선,여의도,26419,28310,54729
6454,20200506,5호선,신길,3648,3939,7587
6455,20200506,5호선,영등포시장,9041,9301,18342
6456,20200506,5호선,영등포구청,4170,4088,8258
6457,20200506,5호선,양평,7589,7497,15086
6458,20200506,5호선,오목교,21903,23646,45549
6459,20200506,5호선,목동,17363,19026,36389
6460,20200506,5호선,신정,13758,10425,24183
6461,20200506,5호선,까치산,29567,28102,57669
6462,20200506,5호선,화곡,28880,26785,55665
6463,20200506,5호선,우장산,14025,13893,27918
6464,20200506,5호선,발산,19479,19974,39453
6465,20200506,5호선,마곡,8780,8374,17154
6466,20200506,5호선,송정,6971,6378,13349
6467,20200506,5호선,김포공항,5769,5063,10832
6468,20200506,5호선,개화산,5331,5130,10461
6469,20200506,5호선,방화,6756,6339,13095
6470,20200506,5호선,둔촌동,8130,8006,16136
6471,20200506,5호선,올림픽공원,3942,3396,7338
6472,20200506,5호선,방이,6810,7042,13852
6473,20200506,5호선,오금,3748,3642,7390
6474,20200506,5호선,개롱,6102,6293,12395
6475,20200506,5호선,거여,7567,7011,14578
6476,20200506,5호선,마천,5134,5191,10325
6477,20200507,5호선,방화,6774,6390,13164
6478,20200507,5호선,개화산,5346,5086,10432
6479,20200507,5호선,김포공항,5756,5379,11135
6480,20200507,5호선,송정,7009,6523,13532
6481,20200507,5호선,마곡,8868,8359,17227
6482,20200507,5호선,발산,19826,20430,40256
6483,20200507,5호선,우장산,14182,14044,28226
6484,20200507,5호선,화곡,29287,27112,56399
6485,20200507,5호선,까치산,29767,28213,57980
6486,20200507,5호선,신정,13875,10541,24416
6487,20200507,5호선,목동,17824,19317,37141
6488,20200507,5호선,오목교,22611,24413,47024
6489,20200507,5호선,양평,7408,7365,14773
6490,20200507,5호선,영등포구청,4129,4162,8291
6491,20200507,5호선,영등포시장,8940,9149,18089
6492,20200507,5호선,신길,3700,3968,7668
6493,20200507,5호선,여의도,26584,28682,55266
6494,20200507,5호선,여의나루,11320,11837,23157
6495,20200507,5호선,마포,14460,15044,29504
6496,20200507,5호선,공덕,14561,15620,30181
6497,20200507,5호선,애오개,7300,7296,14596
6498,20200507,5호선,충정로,5260,5402,10662
6499,20200507,5호선,서대문,17990,18773,36763
6500,20200507,5호선,광화문,31891,34080,65971
6501,20200507,5호선,종로3가,11996,12144,24140
6502,20200507,5호선,을지로4가,6188,6314,12502
6503,20200507,5호선,동대문역사문화공원,2969,3472,6441
6504,20200507,5호선,청구,4083,3631,7714
6505,20200507,5호선,신금호,6321,6376,12697
6506,20200507,5호선,행당,8224,7212,15436
6507,20200507,5호선,왕십리,4410,4875,9285
6508,20200507,5호선,마장,5465,5074,10539
6509,20200507,5호선,답십리,16199,14733,30932
6510,20200507,5호선,장한평,18574,18429,37003
6511,20200507,5호선,군자,10914,11943,22857
6512,20200507,5호선,아차산,14268,13977,28245
6513,20200507,5호선,광나루,13243,11806,25049
6514,20200507,5호선,천호,18009,19048,37057
6515,20200507,5호선,강동,21648,18401,40049
6516,20200507,5호선,길동,7612,7920,15532
6517,20200507,5호선,굽은다리,8949,8318,17267
6518,20200507,5호선,명일,8381,8540,16921
6519,20200507,5호선,고덕,8541,8636,17177
6520,20200507,5호선,상일동,19405,16319,35724
6521,20200507,5호선,둔촌동,8237,8164,16401
6522,20200507,5호선,올림픽공원,3936,3421,7357
6523,20200507,5호선,방이,6893,7132,14025
6524,20200507,5호선,오금,3733,3634,7367
6525,20200507,5호선,개롱,6166,6352,12518
6526,20200507,5호선,거여,7526,6985,14511
6527,20200507,5호선,마천,5089,5159,10248
6528,20200508,5호선,방화,6882,6349,13231
6529,20200508,5호선,개화산,5233,5139,10372
6530,20200508,5호선,김포공항,6028,5843,11871
6531,20200508,5호선,송정,7295,6682,13977
6532,20200508,5호선,마곡,9036,8358,17394
6533,20200508,5호선,발산,20177,21084,41261
6534,20200508,5호선,우장산,14335,14486,28821
6535,20200508,5호선,화곡,29770,27816,57586
6536,20200508,5호선,까치산,30344,28819,59163
6537,20200508,5호선,신정,14079,11076,25155
6538,20200508,5호선,목동,18122,19780,37902
6539,20200508,5호선,오목교,23717,26267,49984
6540,20200508,5호선,양평,7776,7478,15254
6541,20200508,5호선,영등포구청,4126,4057,8183
6542,20200508,5호선,영등포시장,9390,9495,18885
6543,20200508,5호선,신길,3739,4026,7765
6544,20200508,5호선,여의도,28333,28207,56540
6545,20200508,5호선,여의나루,10291,9743,20034
6546,20200508,5호선,마포,14705,15476,30181
6547,20200508,5호선,공덕,14721,16169,30890
6548,20200508,5호선,애오개,7442,7521,14963
6549,20200508,5호선,충정로,5297,5334,10631
6550,20200508,5호선,서대문,18428,18223,36651
6551,20200508,5호선,광화문,32792,33351,66143
6552,20200508,5호선,종로3가,11542,11589,23131
6553,20200508,5호선,을지로4가,6027,6103,12130
6554,20200508,5호선,동대문역사문화공원,3033,3396,6429
6555,20200508,5호선,청구,4046,3717,7763
6556,20200508,5호선,신금호,6421,6551,12972
6557,20200508,5호선,행당,8426,7425,15851
6558,20200508,5호선,왕십리,4535,5025,9560
6559,20200508,5호선,마장,5637,5378,11015
6560,20200508,5호선,답십리,16599,15426,32025
6561,20200508,5호선,장한평,18431,18641,37072
6562,20200508,5호선,군자,10945,11978,22923
6563,20200508,5호선,아차산,14355,14227,28582
6564,20200508,5호선,광나루,13547,12188,25735
6565,20200508,5호선,천호,18982,20147,39129
6566,20200508,5호선,강동,22086,18590,40676
6567,20200508,5호선,길동,7890,8356,16246
6568,20200508,5호선,굽은다리,9143,8695,17838
6569,20200508,5호선,명일,8421,8902,17323
6570,20200508,5호선,고덕,8478,8642,17120
6571,20200508,5호선,상일동,19285,16615,35900
6572,20200508,5호선,둔촌동,8222,8456,16678
6573,20200508,5호선,올림픽공원,3955,3523,7478
6574,20200508,5호선,방이,7007,7391,14398
6575,20200508,5호선,오금,3725,3694,7419
6576,20200508,5호선,개롱,6296,6550,12846
6577,20200508,5호선,거여,7699,7192,14891
6578,20200508,5호선,마천,5165,5143,10308
6579,20200509,5호선,방화,3805,3614,7419
6580,20200509,5호선,개화산,2994,2894,5888
6581,20200509,5호선,김포공항,4536,4611,9147
6582,20200509,5호선,송정,4374,4270,8644
6583,20200509,5호선,마곡,3359,3164,6523
6584,20200509,5호선,발산,11113,12134,23247
6585,20200509,5호선,우장산,8018,7751,15769
6586,20200509,5호선,화곡,16999,15547,32546
6587,20200509,5호선,까치산,17845,16814,34659
6588,20200509,5호선,신정,7517,6093,13610
6589,20200509,5호선,목동,9712,9731,19443
6590,20200509,5호선,오목교,13711,14340,28051
6591,20200509,5호선,양평,2915,2748,5663
6592,20200509,5호선,영등포구청,1471,1466,2937
6593,20200509,5호선,영등포시장,5352,5644,10996
6594,20200509,5호선,신길,1744,1933,3677
6595,20200509,5호선,여의도,6761,7284,14045
6596,20200509,5호선,여의나루,2645,2581,5226
6597,20200509,5호선,마포,5858,5908,11766
6598,20200509,5호선,공덕,5666,6301,11967
6599,20200509,5호선,애오개,3213,3046,6259
6600,20200509,5호선,충정로,1793,1618,3411
6601,20200509,5호선,서대문,5659,5575,11234
6602,20200509,5호선,광화문,9476,9935,19411
6603,20200509,5호선,종로3가,7775,7865,15640
6604,20200509,5호선,을지로4가,2548,2787,5335
6605,20200509,5호선,동대문역사문화공원,743,915,1658
6606,20200509,5호선,청구,2209,1778,3987
6607,20200509,5호선,신금호,3396,3333,6729
6608,20200509,5호선,행당,4671,3950,8621
6609,20200509,5호선,왕십리,2662,3315,5977
6610,20200509,5호선,마장,3285,3207,6492
6611,20200509,5호선,답십리,8497,7898,16395
6612,20200509,5호선,장한평,8786,8861,17647
6613,20200509,5호선,군자,6512,7362,13874
6614,20200509,5호선,아차산,8653,8545,17198
6615,20200509,5호선,광나루,7306,6600,13906
6616,20200509,5호선,천호,13706,13590,27296
6617,20200509,5호선,강동,12689,11195,23884
6618,20200509,5호선,길동,4765,4857,9622
6619,20200509,5호선,굽은다리,5719,5209,10928
6620,20200509,5호선,명일,4437,4350,8787
6621,20200509,5호선,고덕,4626,4574,9200
6622,20200509,5호선,상일동,9018,8068,17086
6623,20200509,5호선,둔촌동,4818,4848,9666
6624,20200509,5호선,올림픽공원,2044,1633,3677
6625,20200509,5호선,방이,4343,4143,8486
6626,20200509,5호선,오금,1915,1723,3638
6627,20200509,5호선,개롱,3786,3878,7664
6628,20200509,5호선,거여,4475,4166,8641
6629,20200509,5호선,마천,3260,3202,6462
6630,20200510,5호선,방화,3228,3167,6395
6631,20200510,5호선,개화산,2416,2454,4870
6632,20200510,5호선,김포공항,4261,4334,8595
6633,20200510,5호선,송정,3469,3557,7026
6634,20200510,5호선,마곡,2342,2456,4798
6635,20200510,5호선,발산,7479,8046,15525
6636,20200510,5호선,우장산,5890,5917,11807
6637,20200510,5호선,화곡,12650,11996,24646
6638,20200510,5호선,까치산,14399,13858,28257
6639,20200510,5호선,신정,5649,4806,10455
6640,20200510,5호선,목동,7014,7321,14335
6641,20200510,5호선,오목교,10353,10807,21160
6642,20200510,5호선,양평,2149,2238,4387
6643,20200510,5호선,영등포구청,1057,1063,2120
6644,20200510,5호선,영등포시장,3564,3712,7276
6645,20200510,5호선,신길,1343,1506,2849
6646,20200510,5호선,여의도,4621,5044,9665
6647,20200510,5호선,여의나루,7021,6968,13989
6648,20200510,5호선,마포,4072,4121,8193
6649,20200510,5호선,공덕,3874,3990,7864
6650,20200510,5호선,애오개,2440,2486,4926
6651,20200510,5호선,충정로,1292,1322,2614
6652,20200510,5호선,서대문,4078,3988,8066
6653,20200510,5호선,광화문,8179,8175,16354
6654,20200510,5호선,종로3가,6191,5925,12116
6655,20200510,5호선,을지로4가,1127,1242,2369
6656,20200510,5호선,동대문역사문화공원,448,585,1033
6657,20200510,5호선,청구,1587,1357,2944
6658,20200510,5호선,신금호,2514,2750,5264
6659,20200510,5호선,행당,3535,3165,6700
6660,20200510,5호선,왕십리,2069,2348,4417
6661,20200510,5호선,마장,2714,2671,5385
6662,20200510,5호선,답십리,6581,6130,12711
6663,20200510,5호선,장한평,6452,6395,12847
6664,20200510,5호선,군자,5224,5863,11087
6665,20200510,5호선,아차산,8739,8695,17434
6666,20200510,5호선,광나루,6264,6280,12544
6667,20200510,5호선,천호,10947,10704,21651
6668,20200510,5호선,강동,9042,8489,17531
6669,20200510,5호선,길동,3462,3605,7067
6670,20200510,5호선,굽은다리,4226,3938,8164
6671,20200510,5호선,명일,3662,3617,7279
6672,20200510,5호선,고덕,3267,3303,6570
6673,20200510,5호선,상일동,6728,6345,13073
6674,20200510,5호선,둔촌동,4104,4037,8141
6675,20200510,5호선,올림픽공원,1685,1539,3224
6676,20200510,5호선,방이,3503,3349,6852
6677,20200510,5호선,오금,1381,1302,2683
6678,20200510,5호선,개롱,2636,2857,5493
6679,20200510,5호선,거여,3249,3234,6483
6680,20200510,5호선,마천,2737,3063,5800
6681,20200511,5호선,마천,5098,5083,10181
6682,20200511,5호선,거여,7363,6912,14275
6683,20200511,5호선,개롱,6115,6391,12506
6684,20200511,5호선,오금,3701,3578,7279
6685,20200511,5호선,방이,6594,6885,13479
6686,20200511,5호선,올림픽공원,3962,3487,7449
6687,20200511,5호선,둔촌동,7818,7890,15708
6688,20200511,5호선,상일동,19012,16203,35215
6689,20200511,5호선,고덕,8237,8464,16701
6690,20200511,5호선,명일,8128,8384,16512
6691,20200511,5호선,굽은다리,8693,8115,16808
6692,20200511,5호선,길동,7687,7780,15467
6693,20200511,5호선,강동,21464,18138,39602
6694,20200511,5호선,천호,17001,18127,35128
6695,20200511,5호선,광나루,12612,11298,23910
6696,20200511,5호선,아차산,13532,13429,26961
6697,20200511,5호선,군자,10595,11659,22254
6698,20200511,5호선,장한평,18004,17937,35941
6699,20200511,5호선,답십리,15959,14663,30622
6700,20200511,5호선,마장,5440,5034,10474
6701,20200511,5호선,왕십리,4296,4728,9024
6702,20200511,5호선,행당,8105,7241,15346
6703,20200511,5호선,신금호,6010,6212,12222
6704,20200511,5호선,청구,4077,3569,7646
6705,20200511,5호선,동대문역사문화공원,3024,3380,6404
6706,20200511,5호선,을지로4가,6085,6156,12241
6707,20200511,5호선,종로3가,10907,11028,21935
6708,20200511,5호선,광화문,31333,32540,63873
6709,20200511,5호선,서대문,18082,18652,36734
6710,20200511,5호선,충정로,5222,5320,10542
6711,20200511,5호선,애오개,6951,7070,14021
6712,20200511,5호선,공덕,14250,15409,29659
6713,20200511,5호선,마포,14123,14548,28671
6714,20200511,5호선,여의나루,9256,9638,18894
6715,20200511,5호선,여의도,26453,27876,54329
6716,20200511,5호선,신길,3630,4143,7773
6717,20200511,5호선,영등포시장,8641,8922,17563
6718,20200511,5호선,영등포구청,4027,4038,8065
6719,20200511,5호선,양평,7412,7410,14822
6720,20200511,5호선,오목교,21633,23284,44917
6721,20200511,5호선,목동,17150,18945,36095
6722,20200511,5호선,신정,13546,10463,24009
6723,20200511,5호선,까치산,29340,27805,57145
6724,20200511,5호선,화곡,28438,26689,55127
6725,20200511,5호선,우장산,13840,13744,27584
6726,20200511,5호선,발산,19014,19398,38412
6727,20200511,5호선,마곡,8692,8219,16911
6728,20200511,5호선,송정,6890,6401,13291
6729,20200511,5호선,김포공항,5274,5170,10444
6730,20200511,5호선,개화산,5184,4911,10095
6731,20200511,5호선,방화,6553,6281,12834
6732,20200512,5호선,청구,3942,3620,7562
6733,20200512,5호선,신길,3702,3996,7698
6734,20200512,5호선,방화,6522,6131,12653
6735,20200512,5호선,개화산,5141,4879,10020
6736,20200512,5호선,김포공항,5399,5169,10568
6737,20200512,5호선,송정,6687,6226,12913
6738,20200512,5호선,마곡,8775,8243,17018
6739,20200512,5호선,발산,18977,19471,38448
6740,20200512,5호선,우장산,13721,13577,27298
6741,20200512,5호선,화곡,28175,26442,54617
6742,20200512,5호선,까치산,28718,27403,56121
6743,20200512,5호선,신정,13595,10391,23986
6744,20200512,5호선,목동,17230,18929,36159
6745,20200512,5호선,오목교,21721,23356,45077
6746,20200512,5호선,양평,7460,7300,14760
6747,20200512,5호선,영등포구청,4052,4053,8105
6748,20200512,5호선,영등포시장,8759,8952,17711
6749,20200512,5호선,여의도,26462,27685,54147
6750,20200512,5호선,여의나루,9162,9474,18636
6751,20200512,5호선,마포,14305,14747,29052
6752,20200512,5호선,공덕,14493,15485,29978
6753,20200512,5호선,애오개,7038,7136,14174
6754,20200512,5호선,충정로,5441,5491,10932
6755,20200512,5호선,서대문,18053,18707,36760
6756,20200512,5호선,광화문,31006,32860,63866
6757,20200512,5호선,종로3가,11079,11119,22198
6758,20200512,5호선,을지로4가,6000,6184,12184
6759,20200512,5호선,동대문역사문화공원,2980,3332,6312
6760,20200512,5호선,신금호,6061,6100,12161
6761,20200512,5호선,행당,8030,7062,15092
6762,20200512,5호선,왕십리,4258,4618,8876
6763,20200512,5호선,마장,5367,5036,10403
6764,20200512,5호선,답십리,15763,14483,30246
6765,20200512,5호선,장한평,17802,17752,35554
6766,20200512,5호선,군자,10721,11709,22430
6767,20200512,5호선,아차산,13448,13438,26886
6768,20200512,5호선,광나루,12736,11247,23983
6769,20200512,5호선,천호,17270,18438,35708
6770,20200512,5호선,강동,21394,18163,39557
6771,20200512,5호선,길동,7295,7720,15015
6772,20200512,5호선,굽은다리,8646,8079,16725
6773,20200512,5호선,명일,8181,8441,16622
6774,20200512,5호선,고덕,8280,8537,16817
6775,20200512,5호선,상일동,18623,15888,34511
6776,20200512,5호선,둔촌동,7949,7985,15934
6777,20200512,5호선,올림픽공원,3839,3422,7261
6778,20200512,5호선,방이,6674,6793,13467
6779,20200512,5호선,오금,3684,3528,7212
6780,20200512,5호선,개롱,6109,6329,12438
6781,20200512,5호선,거여,7305,6865,14170
6782,20200512,5호선,마천,4999,5047,10046
6783,20200513,5호선,마천,5118,5156,10274
6784,20200513,5호선,거여,7559,6997,14556
6785,20200513,5호선,개롱,6141,6313,12454
6786,20200513,5호선,오금,3646,3565,7211
6787,20200513,5호선,방이,6681,6896,13577
6788,20200513,5호선,올림픽공원,3918,3485,7403
6789,20200513,5호선,둔촌동,8077,8027,16104
6790,20200513,5호선,상일동,18764,15863,34627
6791,20200513,5호선,고덕,8183,8369,16552
6792,20200513,5호선,명일,8144,8461,16605
6793,20200513,5호선,굽은다리,8684,8077,16761
6794,20200513,5호선,길동,7454,7776,15230
6795,20200513,5호선,강동,21458,18281,39739
6796,20200513,5호선,천호,17471,18705,36176
6797,20200513,5호선,방화,6678,6220,12898
6798,20200513,5호선,개화산,5236,4988,10224
6799,20200513,5호선,김포공항,5490,5108,10598
6800,20200513,5호선,송정,6789,6317,13106
6801,20200513,5호선,마곡,8596,8214,16810
6802,20200513,5호선,발산,19029,19426,38455
6803,20200513,5호선,우장산,13644,13645,27289
6804,20200513,5호선,화곡,28418,26457,54875
6805,20200513,5호선,까치산,28960,27791,56751
6806,20200513,5호선,신정,13628,10472,24100
6807,20200513,5호선,목동,17406,19157,36563
6808,20200513,5호선,오목교,21756,23648,45404
6809,20200513,5호선,양평,7388,7332,14720
6810,20200513,5호선,영등포구청,4107,4047,8154
6811,20200513,5호선,영등포시장,8835,9068,17903
6812,20200513,5호선,신길,3701,4053,7754
6813,20200513,5호선,여의도,26823,28345,55168
6814,20200513,5호선,여의나루,10468,10727,21195
6815,20200513,5호선,마포,14522,14845,29367
6816,20200513,5호선,공덕,14338,15609,29947
6817,20200513,5호선,애오개,7124,7122,14246
6818,20200513,5호선,충정로,5206,5362,10568
6819,20200513,5호선,서대문,17948,18645,36593
6820,20200513,5호선,광화문,31693,33328,65021
6821,20200513,5호선,종로3가,11286,11337,22623
6822,20200513,5호선,을지로4가,6100,6214,12314
6823,20200513,5호선,동대문역사문화공원,2899,3388,6287
6824,20200513,5호선,청구,4083,3596,7679
6825,20200513,5호선,신금호,6198,6194,12392
6826,20200513,5호선,행당,8005,7103,15108
6827,20200513,5호선,왕십리,4354,4882,9236
6828,20200513,5호선,마장,5426,4984,10410
6829,20200513,5호선,답십리,15827,14506,30333
6830,20200513,5호선,장한평,17944,17977,35921
6831,20200513,5호선,군자,10714,11860,22574
6832,20200513,5호선,아차산,13804,13650,27454
6833,20200513,5호선,광나루,12869,11490,24359
6834,20200514,5호선,마천,5036,5118,10154
6835,20200514,5호선,거여,7384,6818,14202
6836,20200514,5호선,개롱,5973,6243,12216
6837,20200514,5호선,오금,3647,3517,7164
6838,20200514,5호선,방이,6558,6724,13282
6839,20200514,5호선,올림픽공원,3762,3284,7046
6840,20200514,5호선,둔촌동,7884,8003,15887
6841,20200514,5호선,상일동,18804,15842,34646
6842,20200514,5호선,고덕,8193,8283,16476
6843,20200514,5호선,명일,7999,8373,16372
6844,20200514,5호선,굽은다리,8633,8081,16714
6845,20200514,5호선,길동,7322,7622,14944
6846,20200514,5호선,강동,21149,17854,39003
6847,20200514,5호선,천호,17073,18304,35377
6848,20200514,5호선,광나루,12736,11470,24206
6849,20200514,5호선,아차산,13643,13328,26971
6850,20200514,5호선,군자,10638,11891,22529
6851,20200514,5호선,장한평,17904,17794,35698
6852,20200514,5호선,답십리,15774,14441,30215
6853,20200514,5호선,마장,5418,5068,10486
6854,20200514,5호선,왕십리,4326,4932,9258
6855,20200514,5호선,행당,7885,6950,14835
6856,20200514,5호선,신금호,6006,6038,12044
6857,20200514,5호선,청구,3939,3591,7530
6858,20200514,5호선,동대문역사문화공원,2941,3281,6222
6859,20200514,5호선,을지로4가,6083,6166,12249
6860,20200514,5호선,종로3가,10749,10748,21497
6861,20200514,5호선,광화문,30940,32698,63638
6862,20200514,5호선,서대문,17634,18224,35858
6863,20200514,5호선,충정로,5242,5371,10613
6864,20200514,5호선,애오개,7017,7096,14113
6865,20200514,5호선,공덕,14137,15278,29415
6866,20200514,5호선,마포,13957,14633,28590
6867,20200514,5호선,여의나루,9642,10316,19958
6868,20200514,5호선,여의도,26147,27827,53974
6869,20200514,5호선,영등포시장,8740,9023,17763
6870,20200514,5호선,영등포구청,4092,4009,8101
6871,20200514,5호선,양평,7225,7106,14331
6872,20200514,5호선,오목교,21217,23124,44341
6873,20200514,5호선,목동,17090,18858,35948
6874,20200514,5호선,신정,13514,10363,23877
6875,20200514,5호선,까치산,28625,27484,56109
6876,20200514,5호선,화곡,27928,25982,53910
6877,20200514,5호선,우장산,13553,13381,26934
6878,20200514,5호선,발산,18860,19163,38023
6879,20200514,5호선,마곡,8506,8097,16603
6880,20200514,5호선,송정,6687,6188,12875
6881,20200514,5호선,김포공항,5479,5138,10617
6882,20200514,5호선,개화산,5234,4864,10098
6883,20200514,5호선,방화,6530,6130,12660
6884,20200514,5호선,신길,3632,3911,7543
6885,20200515,5호선,신길,3647,3870,7517
6886,20200515,5호선,여의도,26298,27386,53684
6887,20200515,5호선,여의나루,6621,6580,13201
6888,20200515,5호선,마포,14157,14676,28833
6889,20200515,5호선,공덕,14121,15603,29724
6890,20200515,5호선,애오개,6994,7061,14055
6891,20200515,5호선,충정로,5200,5170,10370
6892,20200515,5호선,서대문,17416,17702,35118
6893,20200515,5호선,광화문,31165,32665,63830
6894,20200515,5호선,종로3가,10184,10508,20692
6895,20200515,5호선,을지로4가,5643,5798,11441
6896,20200515,5호선,마천,4882,4850,9732
6897,20200515,5호선,거여,7111,6690,13801
6898,20200515,5호선,개롱,6035,6188,12223
6899,20200515,5호선,오금,3671,3538,7209
6900,20200515,5호선,방이,6668,6936,13604
6901,20200515,5호선,올림픽공원,3712,3025,6737
6902,20200515,5호선,둔촌동,7988,8184,16172
6903,20200515,5호선,상일동,18112,15345,33457
6904,20200515,5호선,고덕,7921,8087,16008
6905,20200515,5호선,명일,7813,8235,16048
6906,20200515,5호선,굽은다리,8498,7994,16492
6907,20200515,5호선,길동,7323,7592,14915
6908,20200515,5호선,강동,20942,17678,38620
6909,20200515,5호선,천호,16753,17905,34658
6910,20200515,5호선,광나루,12391,10759,23150
6911,20200515,5호선,아차산,12743,12446,25189
6912,20200515,5호선,군자,10602,12039,22641
6913,20200515,5호선,장한평,17347,17514,34861
6914,20200515,5호선,답십리,15580,14380,29960
6915,20200515,5호선,마장,5372,5018,10390
6916,20200515,5호선,왕십리,4336,4964,9300
6917,20200515,5호선,행당,7849,6931,14780
6918,20200515,5호선,신금호,5999,5803,11802
6919,20200515,5호선,청구,3943,3547,7490
6920,20200515,5호선,동대문역사문화공원,2963,3302,6265
6921,20200515,5호선,목동,17053,18613,35666
6922,20200515,5호선,방화,6273,6001,12274
6923,20200515,5호선,개화산,4848,4593,9441
6924,20200515,5호선,김포공항,5881,5439,11320
6925,20200515,5호선,송정,6647,6115,12762
6926,20200515,5호선,마곡,8784,8113,16897
6927,20200515,5호선,발산,18166,19041,37207
6928,20200515,5호선,우장산,13559,13402,26961
6929,20200515,5호선,화곡,27572,25630,53202
6930,20200515,5호선,까치산,28329,26653,54982
6931,20200515,5호선,신정,13402,10165,23567
6932,20200515,5호선,오목교,21748,23783,45531
6933,20200515,5호선,양평,7235,7182,14417
6934,20200515,5호선,영등포구청,3713,3782,7495
6935,20200515,5호선,영등포시장,8502,8818,17320
6936,20200516,5호선,마포,6326,6405,12731
6937,20200516,5호선,공덕,6192,6837,13029
6938,20200516,5호선,애오개,3499,3191,6690
6939,20200516,5호선,충정로,1776,1599,3375
6940,20200516,5호선,서대문,6156,5836,11992
6941,20200516,5호선,광화문,11074,11724,22798
6942,20200516,5호선,종로3가,8330,8508,16838
6943,20200516,5호선,을지로4가,2963,3324,6287
6944,20200516,5호선,동대문역사문화공원,753,961,1714
6945,20200516,5호선,청구,2373,1984,4357
6946,20200516,5호선,신금호,3730,3735,7465
6947,20200516,5호선,행당,5094,4267,9361
6948,20200516,5호선,왕십리,3049,3575,6624
6949,20200516,5호선,마장,3444,3454,6898
6950,20200516,5호선,답십리,9092,8404,17496
6951,20200516,5호선,장한평,9684,9736,19420
6952,20200516,5호선,군자,7145,8124,15269
6953,20200516,5호선,아차산,10136,10004,20140
6954,20200516,5호선,광나루,8402,7831,16233
6955,20200516,5호선,천호,14540,14295,28835
6956,20200516,5호선,강동,13270,11794,25064
6957,20200516,5호선,길동,4982,5094,10076
6958,20200516,5호선,굽은다리,5864,5299,11163
6959,20200516,5호선,명일,4805,4721,9526
6960,20200516,5호선,고덕,4959,4811,9770
6961,20200516,5호선,상일동,9805,8704,18509
6962,20200516,5호선,둔촌동,5450,5420,10870
6963,20200516,5호선,올림픽공원,2484,2046,4530
6964,20200516,5호선,방이,4606,4451,9057
6965,20200516,5호선,오금,2199,1985,4184
6966,20200516,5호선,개롱,4107,4110,8217
6967,20200516,5호선,거여,4505,4256,8761
6968,20200516,5호선,마천,3488,3683,7171
6969,20200516,5호선,신길,1975,2147,4122
6970,20200516,5호선,여의도,7734,8502,16236
6971,20200516,5호선,여의나루,5580,5732,11312
6972,20200516,5호선,방화,4373,4114,8487
6973,20200516,5호선,개화산,3187,3095,6282
6974,20200516,5호선,김포공항,4917,5116,10033
6975,20200516,5호선,송정,4896,4699,9595
6976,20200516,5호선,마곡,3628,3433,7061
6977,20200516,5호선,발산,11762,12732,24494
6978,20200516,5호선,우장산,8521,8323,16844
6979,20200516,5호선,화곡,17892,16296,34188
6980,20200516,5호선,까치산,19340,18347,37687
6981,20200516,5호선,신정,7887,6386,14273
6982,20200516,5호선,목동,10360,10749,21109
6983,20200516,5호선,오목교,14866,15586,30452
6984,20200516,5호선,양평,3203,3019,6222
6985,20200516,5호선,영등포구청,1715,1662,3377
6986,20200516,5호선,영등포시장,5964,6315,12279
6987,20200517,5호선,마천,2948,3240,6188
6988,20200517,5호선,거여,3295,3176,6471
6989,20200517,5호선,개롱,3000,3179,6179
6990,20200517,5호선,오금,1591,1485,3076
6991,20200517,5호선,방이,3605,3402,7007
6992,20200517,5호선,올림픽공원,1936,1662,3598
6993,20200517,5호선,둔촌동,4011,4053,8064
6994,20200517,5호선,상일동,6766,6396,13162
6995,20200517,5호선,고덕,3353,3418,6771
6996,20200517,5호선,명일,3577,3581,7158
6997,20200517,5호선,굽은다리,4264,4047,8311
6998,20200517,5호선,길동,3398,3477,6875
6999,20200517,5호선,강동,9240,8543,17783
7000,20200517,5호선,천호,10973,10549,21522
7001,20200517,5호선,광나루,6821,6782,13603
7002,20200517,5호선,아차산,9396,9792,19188
7003,20200517,5호선,군자,5276,5707,10983
7004,20200517,5호선,장한평,6268,6122,12390
7005,20200517,5호선,답십리,6613,6093,12706
7006,20200517,5호선,마장,2756,2636,5392
7007,20200517,5호선,왕십리,2256,2568,4824
7008,20200517,5호선,행당,3702,3365,7067
7009,20200517,5호선,신금호,2569,2800,5369
7010,20200517,5호선,청구,1678,1318,2996
7011,20200517,5호선,동대문역사문화공원,452,593,1045
7012,20200517,5호선,을지로4가,1214,1251,2465
7013,20200517,5호선,종로3가,5898,5548,11446
7014,20200517,5호선,광화문,8605,8987,17592
7015,20200517,5호선,서대문,4392,4322,8714
7016,20200517,5호선,충정로,1295,1304,2599
7017,20200517,5호선,애오개,2373,2392,4765
7018,20200517,5호선,공덕,4201,4339,8540
7019,20200517,5호선,마포,4154,4159,8313
7020,20200517,5호선,여의나루,7471,7376,14847
7021,20200517,5호선,여의도,5288,5869,11157
7022,20200517,5호선,신길,1413,1526,2939
7023,20200517,5호선,영등포시장,3596,3717,7313
7024,20200517,5호선,영등포구청,1241,1157,2398
7025,20200517,5호선,양평,2229,2277,4506
7026,20200517,5호선,오목교,10375,10910,21285
7027,20200517,5호선,목동,7240,7315,14555
7028,20200517,5호선,신정,5657,4938,10595
7029,20200517,5호선,까치산,14330,13612,27942
7030,20200517,5호선,화곡,13078,12226,25304
7031,20200517,5호선,우장산,5864,5964,11828
7032,20200517,5호선,발산,7337,7896,15233
7033,20200517,5호선,마곡,2249,2359,4608
7034,20200517,5호선,송정,3590,3676,7266
7035,20200517,5호선,김포공항,4562,4524,9086
7036,20200517,5호선,개화산,2487,2492,4979
7037,20200517,5호선,방화,3275,3222,6497
7038,20200518,5호선,마천,4776,4919,9695
7039,20200518,5호선,거여,7115,6824,13939
7040,20200518,5호선,개롱,5935,6332,12267
7041,20200518,5호선,오금,3611,3542,7153
7042,20200518,5호선,방이,6434,6691,13125
7043,20200518,5호선,올림픽공원,3811,3164,6975
7044,20200518,5호선,둔촌동,7655,7747,15402
7045,20200518,5호선,상일동,17924,15960,33884
7046,20200518,5호선,고덕,7873,8050,15923
7047,20200518,5호선,명일,7903,8348,16251
7048,20200518,5호선,굽은다리,8319,8071,16390
7049,20200518,5호선,길동,7219,7541,14760
7050,20200518,5호선,강동,21021,18036,39057
7051,20200518,5호선,천호,16047,17030,33077
7052,20200518,5호선,광나루,12065,10778,22843
7053,20200518,5호선,아차산,12718,12802,25520
7054,20200518,5호선,군자,10127,11057,21184
7055,20200518,5호선,장한평,17338,17341,34679
7056,20200518,5호선,답십리,15209,14270,29479
7057,20200518,5호선,마장,5177,4874,10051
7058,20200518,5호선,왕십리,4128,4430,8558
7059,20200518,5호선,행당,7843,7213,15056
7060,20200518,5호선,신금호,5810,5979,11789
7061,20200518,5호선,청구,3954,3550,7504
7062,20200518,5호선,동대문역사문화공원,3150,3292,6442
7063,20200518,5호선,을지로4가,5894,5991,11885
7064,20200518,5호선,종로3가,10342,10294,20636
7065,20200518,5호선,광화문,32222,32372,64594
7066,20200518,5호선,서대문,17832,17873,35705
7067,20200518,5호선,충정로,4994,5108,10102
7068,20200518,5호선,애오개,6715,7079,13794
7069,20200518,5호선,공덕,13566,14605,28171
7070,20200518,5호선,마포,13767,14233,28000
7071,20200518,5호선,여의나루,7331,7448,14779
7072,20200518,5호선,여의도,26846,27061,53907
7073,20200518,5호선,신길,3514,4002,7516
7074,20200518,5호선,영등포시장,8428,8779,17207
7075,20200518,5호선,영등포구청,3792,3937,7729
7076,20200518,5호선,양평,7407,7297,14704
7077,20200518,5호선,오목교,20656,22252,42908
7078,20200518,5호선,목동,16322,18328,34650
7079,20200518,5호선,신정,13275,10412,23687
7080,20200518,5호선,까치산,27654,26824,54478
7081,20200518,5호선,화곡,27640,25655,53295
7082,20200518,5호선,우장산,13295,13302,26597
7083,20200518,5호선,발산,18120,18341,36461
7084,20200518,5호선,마곡,8700,8208,16908
7085,20200518,5호선,송정,6591,6211,12802
7086,20200518,5호선,김포공항,5288,4903,10191
7087,20200518,5호선,개화산,4950,4702,9652
7088,20200518,5호선,방화,6403,6162,12565
7089,20200519,5호선,마천,4797,4788,9585
7090,20200519,5호선,거여,7135,6712,13847
7091,20200519,5호선,개롱,6033,6206,12239
7092,20200519,5호선,오금,3671,3547,7218
7093,20200519,5호선,방이,6599,6656,13255
7094,20200519,5호선,올림픽공원,3684,3171,6855
7095,20200519,5호선,둔촌동,7769,7787,15556
7096,20200519,5호선,상일동,18178,15458,33636
7097,20200519,5호선,고덕,7991,8173,16164
7098,20200519,5호선,명일,7845,8238,16083
7099,20200519,5호선,굽은다리,8560,7905,16465
7100,20200519,5호선,길동,7249,7663,14912
7101,20200519,5호선,강동,20518,17505,38023
7102,20200519,5호선,천호,16532,17481,34013
7103,20200519,5호선,광나루,12087,10865,22952
7104,20200519,5호선,아차산,12829,12733,25562
7105,20200519,5호선,군자,10348,11479,21827
7106,20200519,5호선,장한평,17433,17432,34865
7107,20200519,5호선,답십리,15462,14165,29627
7108,20200519,5호선,마장,5320,4968,10288
7109,20200519,5호선,왕십리,4233,4682,8915
7110,20200519,5호선,행당,7933,6996,14929
7111,20200519,5호선,신금호,5938,6006,11944
7112,20200519,5호선,청구,3986,3560,7546
7113,20200519,5호선,동대문역사문화공원,2881,3424,6305
7114,20200519,5호선,을지로4가,5893,6000,11893
7115,20200519,5호선,종로3가,10750,10730,21480
7116,20200519,5호선,광화문,31156,33305,64461
7117,20200519,5호선,서대문,17282,18200,35482
7118,20200519,5호선,충정로,4969,5011,9980
7119,20200519,5호선,애오개,6994,7023,14017
7120,20200519,5호선,공덕,13961,15082,29043
7121,20200519,5호선,마포,14048,14608,28656
7122,20200519,5호선,여의나루,7525,7903,15428
7123,20200519,5호선,여의도,26042,27759,53801
7124,20200519,5호선,신길,3640,3930,7570
7125,20200519,5호선,영등포시장,8585,8776,17361
7126,20200519,5호선,영등포구청,3934,3895,7829
7127,20200519,5호선,오목교,21091,22946,44037
7128,20200519,5호선,목동,16733,18368,35101
7129,20200519,5호선,신정,13319,10224,23543
7130,20200519,5호선,까치산,28245,26751,54996
7131,20200519,5호선,화곡,27456,25569,53025
7132,20200519,5호선,우장산,13665,13421,27086
7133,20200519,5호선,발산,18411,19079,37490
7134,20200519,5호선,마곡,8751,8282,17033
7135,20200519,5호선,송정,6589,6071,12660
7136,20200519,5호선,김포공항,5332,5210,10542
7137,20200519,5호선,개화산,5007,4727,9734
7138,20200519,5호선,방화,6423,6118,12541
7139,20200519,5호선,양평,7244,7218,14462
7140,20200520,5호선,애오개,7334,7380,14714
7141,20200520,5호선,마천,5347,5368,10715
7142,20200520,5호선,거여,7632,7075,14707
7143,20200520,5호선,개롱,6401,6581,12982
7144,20200520,5호선,오금,3692,3689,7381
7145,20200520,5호선,방이,6875,7138,14013
7146,20200520,5호선,올림픽공원,4248,3623,7871
7147,20200520,5호선,둔촌동,8270,8142,16412
7148,20200520,5호선,상일동,19172,16382,35554
7149,20200520,5호선,고덕,8570,8697,17267
7150,20200520,5호선,명일,8306,8813,17119
7151,20200520,5호선,굽은다리,8954,8452,17406
7152,20200520,5호선,길동,7557,7838,15395
7153,20200520,5호선,강동,21761,18664,40425
7154,20200520,5호선,천호,17603,18885,36488
7155,20200520,5호선,광나루,13296,11931,25227
7156,20200520,5호선,아차산,14473,14304,28777
7157,20200520,5호선,군자,11098,12217,23315
7158,20200520,5호선,장한평,18349,18188,36537
7159,20200520,5호선,답십리,16225,14954,31179
7160,20200520,5호선,마장,5616,5256,10872
7161,20200520,5호선,왕십리,4511,4963,9474
7162,20200520,5호선,행당,8358,7382,15740
7163,20200520,5호선,신금호,6308,6528,12836
7164,20200520,5호선,청구,4146,3765,7911
7165,20200520,5호선,동대문역사문화공원,3025,3425,6450
7166,20200520,5호선,을지로4가,6351,6457,12808
7167,20200520,5호선,종로3가,11972,12018,23990
7168,20200520,5호선,광화문,32859,34696,67555
7169,20200520,5호선,서대문,18307,18828,37135
7170,20200520,5호선,충정로,5083,5166,10249
7171,20200520,5호선,공덕,14584,15882,30466
7172,20200520,5호선,마포,14664,15360,30024
7173,20200520,5호선,여의나루,9769,10101,19870
7174,20200520,5호선,여의도,26719,28311,55030
7175,20200520,5호선,신길,3746,4051,7797
7176,20200520,5호선,영등포시장,9036,9275,18311
7177,20200520,5호선,영등포구청,4169,4187,8356
7178,20200520,5호선,양평,7568,7445,15013
7179,20200520,5호선,오목교,21833,23783,45616
7180,20200520,5호선,목동,17569,19378,36947
7181,20200520,5호선,신정,13862,10708,24570
7182,20200520,5호선,까치산,29847,28297,58144
7183,20200520,5호선,화곡,29079,27132,56211
7184,20200520,5호선,우장산,14481,14195,28676
7185,20200520,5호선,발산,19419,19813,39232
7186,20200520,5호선,마곡,8999,8609,17608
7187,20200520,5호선,송정,6972,6517,13489
7188,20200520,5호선,김포공항,5602,5497,11099
7189,20200520,5호선,개화산,5240,5004,10244
7190,20200520,5호선,방화,6869,6426,13295
7191,20200521,5호선,마천,5261,5280,10541
7192,20200521,5호선,거여,7514,7179,14693
7193,20200521,5호선,개롱,6275,6446,12721
7194,20200521,5호선,오금,3839,3746,7585
7195,20200521,5호선,방이,6707,6998,13705
7196,20200521,5호선,올림픽공원,4104,3661,7765
7197,20200521,5호선,둔촌동,8183,8222,16405
7198,20200521,5호선,상일동,19361,16214,35575
7199,20200521,5호선,고덕,8529,8657,17186
7200,20200521,5호선,명일,8328,8595,16923
7201,20200521,5호선,굽은다리,8832,8218,17050
7202,20200521,5호선,길동,7525,7759,15284
7203,20200521,5호선,강동,21295,18251,39546
7204,20200521,5호선,천호,17351,18379,35730
7205,20200521,5호선,광나루,13284,12088,25372
7206,20200521,5호선,아차산,14282,13996,28278
7207,20200521,5호선,군자,10918,12155,23073
7208,20200521,5호선,장한평,18146,17932,36078
7209,20200521,5호선,답십리,16139,14739,30878
7210,20200521,5호선,마장,5571,5242,10813
7211,20200521,5호선,왕십리,4403,4977,9380
7212,20200521,5호선,행당,8291,7297,15588
7213,20200521,5호선,신금호,6265,6384,12649
7214,20200521,5호선,청구,4115,3537,7652
7215,20200521,5호선,동대문역사문화공원,2904,3379,6283
7216,20200521,5호선,을지로4가,6314,6393,12707
7217,20200521,5호선,종로3가,11819,11886,23705
7218,20200521,5호선,광화문,32068,34076,66144
7219,20200521,5호선,서대문,17894,18689,36583
7220,20200521,5호선,충정로,5262,5280,10542
7221,20200521,5호선,애오개,7197,7162,14359
7222,20200521,5호선,공덕,14510,16088,30598
7223,20200521,5호선,마포,14761,15207,29968
7224,20200521,5호선,여의나루,10423,10816,21239
7225,20200521,5호선,여의도,26615,28897,55512
7226,20200521,5호선,신길,3779,4072,7851
7227,20200521,5호선,영등포시장,9008,9139,18147
7228,20200521,5호선,영등포구청,4222,4150,8372
7229,20200521,5호선,양평,7504,7444,14948
7230,20200521,5호선,오목교,21964,23803,45767
7231,20200521,5호선,목동,17704,19313,37017
7232,20200521,5호선,신정,13881,10638,24519
7233,20200521,5호선,까치산,29444,27932,57376
7234,20200521,5호선,화곡,28939,26688,55627
7235,20200521,5호선,우장산,14340,14022,28362
7236,20200521,5호선,발산,19491,20101,39592
7237,20200521,5호선,마곡,8938,8443,17381
7238,20200521,5호선,송정,6848,6314,13162
7239,20200521,5호선,김포공항,5825,5564,11389
7240,20200521,5호선,개화산,5292,4996,10288
7241,20200521,5호선,방화,6950,6531,13481
7242,20200522,5호선,방화,6886,6438,13324
7243,20200522,5호선,개화산,5239,4859,10098
7244,20200522,5호선,김포공항,5753,5824,11577
7245,20200522,5호선,송정,7290,6478,13768
7246,20200522,5호선,마곡,9088,8525,17613
7247,20200522,5호선,발산,19250,20229,39479
7248,20200522,5호선,우장산,14646,14238,28884
7249,20200522,5호선,화곡,29202,26721,55923
7250,20200522,5호선,까치산,29952,28181,58133
7251,20200522,5호선,신정,13858,10558,24416
7252,20200522,5호선,목동,17855,19285,37140
7253,20200522,5호선,오목교,22681,24884,47565
7254,20200522,5호선,양평,7471,7309,14780
7255,20200522,5호선,영등포구청,4141,4047,8188
7256,20200522,5호선,영등포시장,9075,9427,18502
7257,20200522,5호선,신길,3785,3980,7765
7258,20200522,5호선,여의도,26819,28324,55143
7259,20200522,5호선,여의나루,9667,9623,19290
7260,20200522,5호선,마포,14565,15319,29884
7261,20200522,5호선,공덕,14705,15973,30678
7262,20200522,5호선,애오개,7295,7171,14466
7263,20200522,5호선,충정로,4907,4886,9793
7264,20200522,5호선,서대문,17843,18111,35954
7265,20200522,5호선,광화문,31871,33856,65727
7266,20200522,5호선,종로3가,12264,12573,24837
7267,20200522,5호선,을지로4가,6192,6508,12700
7268,20200522,5호선,동대문역사문화공원,2932,3412,6344
7269,20200522,5호선,청구,4218,3718,7936
7270,20200522,5호선,신금호,6385,6394,12779
7271,20200522,5호선,행당,8369,7253,15622
7272,20200522,5호선,왕십리,4529,5247,9776
7273,20200522,5호선,마장,5622,5345,10967
7274,20200522,5호선,답십리,16211,14686,30897
7275,20200522,5호선,장한평,18422,18216,36638
7276,20200522,5호선,군자,11255,12551,23806
7277,20200522,5호선,아차산,14331,14009,28340
7278,20200522,5호선,광나루,13347,11940,25287
7279,20200522,5호선,천호,17974,19374,37348
7280,20200522,5호선,강동,21709,18222,39931
7281,20200522,5호선,길동,7700,8001,15701
7282,20200522,5호선,굽은다리,9041,8399,17440
7283,20200522,5호선,명일,8354,8577,16931
7284,20200522,5호선,고덕,8601,8628,17229
7285,20200522,5호선,상일동,19374,16262,35636
7286,20200522,5호선,둔촌동,8396,8228,16624
7287,20200522,5호선,올림픽공원,4197,3658,7855
7288,20200522,5호선,방이,6812,7038,13850
7289,20200522,5호선,오금,3896,3790,7686
7290,20200522,5호선,개롱,6499,6615,13114
7291,20200522,5호선,거여,7840,7212,15052
7292,20200522,5호선,마천,5294,5174,10468
7293,20200523,5호선,방화,5032,4687,9719
7294,20200523,5호선,개화산,3473,3444,6917
7295,20200523,5호선,김포공항,5315,5402,10717
7296,20200523,5호선,송정,5146,4901,10047
7297,20200523,5호선,마곡,4014,3897,7911
7298,20200523,5호선,발산,12251,13151,25402
7299,20200523,5호선,우장산,9210,9114,18324
7300,20200523,5호선,화곡,19508,17698,37206
7301,20200523,5호선,까치산,20631,19342,39973
7302,20200523,5호선,신정,8377,6865,15242
7303,20200523,5호선,목동,10988,11262,22250
7304,20200523,5호선,오목교,16163,16797,32960
7305,20200523,5호선,양평,3461,3276,6737
7306,20200523,5호선,영등포구청,1962,1839,3801
7307,20200523,5호선,영등포시장,6181,6611,12792
7308,20200523,5호선,신길,2081,2261,4342
7309,20200523,5호선,여의도,8662,9867,18529
7310,20200523,5호선,여의나루,11365,11936,23301
7311,20200523,5호선,마포,7118,7257,14375
7312,20200523,5호선,공덕,6739,7374,14113
7313,20200523,5호선,애오개,3535,3400,6935
7314,20200523,5호선,충정로,1951,1839,3790
7315,20200523,5호선,서대문,7013,6745,13758
7316,20200523,5호선,광화문,12953,13384,26337
7317,20200523,5호선,종로3가,10180,10643,20823
7318,20200523,5호선,을지로4가,3335,3687,7022
7319,20200523,5호선,동대문역사문화공원,842,1122,1964
7320,20200523,5호선,청구,2494,2077,4571
7321,20200523,5호선,신금호,4092,4033,8125
7322,20200523,5호선,행당,5572,4830,10402
7323,20200523,5호선,왕십리,3385,3935,7320
7324,20200523,5호선,마장,4039,3923,7962
7325,20200523,5호선,답십리,9712,8943,18655
7326,20200523,5호선,장한평,10299,10109,20408
7327,20200523,5호선,군자,7767,8877,16644
7328,20200523,5호선,아차산,12604,12315,24919
7329,20200523,5호선,광나루,9927,9589,19516
7330,20200523,5호선,천호,15462,15758,31220
7331,20200523,5호선,강동,14329,12502,26831
7332,20200523,5호선,길동,5405,5493,10898
7333,20200523,5호선,굽은다리,6314,5852,12166
7334,20200523,5호선,명일,5311,5086,10397
7335,20200523,5호선,고덕,5266,5184,10450
7336,20200523,5호선,상일동,10844,9623,20467
7337,20200523,5호선,둔촌동,5812,5684,11496
7338,20200523,5호선,올림픽공원,2874,2591,5465
7339,20200523,5호선,방이,4852,4799,9651
7340,20200523,5호선,오금,2398,2219,4617
7341,20200523,5호선,개롱,4637,4686,9323
7342,20200523,5호선,거여,4888,4560,9448
7343,20200523,5호선,마천,3987,4099,8086
7344,20200524,5호선,마천,2559,2793,5352
7345,20200524,5호선,거여,3355,3332,6687
7346,20200524,5호선,개롱,2601,2816,5417
7347,20200524,5호선,오금,1613,1468,3081
7348,20200524,5호선,방이,3742,3438,7180
7349,20200524,5호선,올림픽공원,1746,1580,3326
7350,20200524,5호선,둔촌동,3850,4053,7903
7351,20200524,5호선,상일동,6371,6135,12506
7352,20200524,5호선,고덕,3239,3283,6522
7353,20200524,5호선,명일,3530,3548,7078
7354,20200524,5호선,굽은다리,4082,3841,7923
7355,20200524,5호선,길동,3415,3462,6877
7356,20200524,5호선,강동,8648,8044,16692
7357,20200524,5호선,천호,10204,9864,20068
7358,20200524,5호선,광나루,5956,5834,11790
7359,20200524,5호선,아차산,8174,8221,16395
7360,20200524,5호선,군자,5141,5644,10785
7361,20200524,5호선,장한평,6172,6039,12211
7362,20200524,5호선,답십리,6287,5743,12030
7363,20200524,5호선,마장,2702,2582,5284
7364,20200524,5호선,왕십리,1846,2225,4071
7365,20200524,5호선,행당,3246,3025,6271
7366,20200524,5호선,신금호,2515,2642,5157
7367,20200524,5호선,청구,1531,1359,2890
7368,20200524,5호선,동대문역사문화공원,480,614,1094
7369,20200524,5호선,을지로4가,1199,1296,2495
7370,20200524,5호선,종로3가,6411,6057,12468
7371,20200524,5호선,광화문,8332,8437,16769
7372,20200524,5호선,서대문,4397,4146,8543
7373,20200524,5호선,충정로,1226,1273,2499
7374,20200524,5호선,애오개,2319,2388,4707
7375,20200524,5호선,공덕,3895,4060,7955
7376,20200524,5호선,마포,4104,3996,8100
7377,20200524,5호선,여의나루,6003,5708,11711
7378,20200524,5호선,여의도,4641,4977,9618
7379,20200524,5호선,신길,1330,1520,2850
7380,20200524,5호선,영등포시장,3453,3565,7018
7381,20200524,5호선,영등포구청,1068,988,2056
7382,20200524,5호선,양평,2144,2185,4329
7383,20200524,5호선,오목교,9722,9693,19415
7384,20200524,5호선,목동,6606,6778,13384
7385,20200524,5호선,신정,5210,4610,9820
7386,20200524,5호선,까치산,13773,13131,26904
7387,20200524,5호선,화곡,13307,14993,28300
7388,20200524,5호선,우장산,2906,4176,7082
7389,20200524,5호선,발산,5155,4490,9645
7390,20200524,5호선,마곡,1284,1500,2784
7391,20200524,5호선,송정,1818,2246,4064
7392,20200524,5호선,김포공항,3657,2989,6646
7393,20200524,5호선,개화산,1157,1479,2636
7394,20200524,5호선,방화,1595,2116,3711
7395,20200525,5호선,마천,5204,5222,10426
7396,20200525,5호선,거여,7504,7043,14547
7397,20200525,5호선,개롱,6354,6567,12921
7398,20200525,5호선,오금,3804,3793,7597
7399,20200525,5호선,방이,6766,6929,13695
7400,20200525,5호선,올림픽공원,4128,3663,7791
7401,20200525,5호선,둔촌동,8126,8102,16228
7402,20200525,5호선,상일동,19327,16412,35739
7403,20200525,5호선,고덕,8639,8845,17484
7404,20200525,5호선,명일,8254,8583,16837
7405,20200525,5호선,굽은다리,8777,8142,16919
7406,20200525,5호선,길동,7679,7933,15612
7407,20200525,5호선,강동,21027,18106,39133
7408,20200525,5호선,천호,17038,18217,35255
7409,20200525,5호선,광나루,12956,11592,24548
7410,20200525,5호선,아차산,13835,13641,27476
7411,20200525,5호선,군자,10658,11600,22258
7412,20200525,5호선,장한평,18014,17882,35896
7413,20200525,5호선,답십리,16078,14649,30727
7414,20200525,5호선,마장,5448,5120,10568
7415,20200525,5호선,왕십리,4426,4969,9395
7416,20200525,5호선,행당,8138,7189,15327
7417,20200525,5호선,신금호,6188,6317,12505
7418,20200525,5호선,청구,4163,3616,7779
7419,20200525,5호선,동대문역사문화공원,2892,3297,6189
7420,20200525,5호선,을지로4가,6327,6460,12787
7421,20200525,5호선,종로3가,11426,11507,22933
7422,20200525,5호선,광화문,31353,32871,64224
7423,20200525,5호선,서대문,17898,18423,36321
7424,20200525,5호선,충정로,5213,5253,10466
7425,20200525,5호선,애오개,6883,6983,13866
7426,20200525,5호선,공덕,14362,15452,29814
7427,20200525,5호선,마포,14219,14743,28962
7428,20200525,5호선,여의나루,9452,9744,19196
7429,20200525,5호선,여의도,26285,27897,54182
7430,20200525,5호선,신길,3663,4076,7739
7431,20200525,5호선,영등포시장,8824,9101,17925
7432,20200525,5호선,영등포구청,4154,4093,8247
7433,20200525,5호선,양평,7568,7382,14950
7434,20200525,5호선,오목교,21354,23379,44733
7435,20200525,5호선,목동,17209,19130,36339
7436,20200525,5호선,신정,13622,10413,24035
7437,20200525,5호선,까치산,29262,27866,57128
7438,20200525,5호선,화곡,28799,26629,55428
7439,20200525,5호선,우장산,14063,13926,27989
7440,20200525,5호선,발산,18622,19144,37766
7441,20200525,5호선,마곡,8501,7958,16459
7442,20200525,5호선,송정,7075,6591,13666
7443,20200525,5호선,김포공항,5463,5161,10624
7444,20200525,5호선,개화산,5068,4766,9834
7445,20200525,5호선,방화,6691,6328,13019
7446,20200526,5호선,마천,5221,5271,10492
7447,20200526,5호선,거여,7740,7239,14979
7448,20200526,5호선,개롱,6321,6603,12924
7449,20200526,5호선,오금,3831,3718,7549
7450,20200526,5호선,방이,6888,7226,14114
7451,20200526,5호선,올림픽공원,4132,3650,7782
7452,20200526,5호선,둔촌동,8237,8289,16526
7453,20200526,5호선,상일동,19233,16496,35729
7454,20200526,5호선,고덕,8485,8681,17166
7455,20200526,5호선,명일,8259,8607,16866
7456,20200526,5호선,굽은다리,8782,8386,17168
7457,20200526,5호선,길동,7493,7799,15292
7458,20200526,5호선,강동,21579,18634,40213
7459,20200526,5호선,천호,16875,18241,35116
7460,20200526,5호선,광나루,12852,11573,24425
7461,20200526,5호선,아차산,13882,13834,27716
7462,20200526,5호선,군자,10730,11934,22664
7463,20200526,5호선,장한평,18172,17962,36134
7464,20200526,5호선,답십리,16087,14602,30689
7465,20200526,5호선,마장,5552,5241,10793
7466,20200526,5호선,왕십리,4237,4686,8923
7467,20200526,5호선,행당,8142,7335,15477
7468,20200526,5호선,신금호,6105,6248,12353
7469,20200526,5호선,청구,4063,3723,7786
7470,20200526,5호선,동대문역사문화공원,3073,3467,6540
7471,20200526,5호선,을지로4가,6182,6295,12477
7472,20200526,5호선,종로3가,11711,11561,23272
7473,20200526,5호선,광화문,32619,33820,66439
7474,20200526,5호선,서대문,18243,18492,36735
7475,20200526,5호선,충정로,5430,5457,10887
7476,20200526,5호선,애오개,7210,7380,14590
7477,20200526,5호선,공덕,14702,15885,30587
7478,20200526,5호선,마포,14645,15154,29799
7479,20200526,5호선,여의나루,8065,8296,16361
7480,20200526,5호선,여의도,26952,28270,55222
7481,20200526,5호선,신길,3758,4131,7889
7482,20200526,5호선,영등포시장,8803,8995,17798
7483,20200526,5호선,영등포구청,4008,4071,8079
7484,20200526,5호선,양평,7579,7490,15069
7485,20200526,5호선,오목교,21876,23571,45447
7486,20200526,5호선,목동,17338,19205,36543
7487,20200526,5호선,신정,13672,10657,24329
7488,20200526,5호선,까치산,28953,27757,56710
7489,20200526,5호선,화곡,28527,26520,55047
7490,20200526,5호선,우장산,14171,13850,28021
7491,20200526,5호선,발산,18957,19357,38314
7492,20200526,5호선,마곡,8578,7912,16490
7493,20200526,5호선,송정,6904,6453,13357
7494,20200526,5호선,김포공항,5623,5302,10925
7495,20200526,5호선,개화산,5162,4901,10063
7496,20200526,5호선,방화,6722,6368,13090
7497,20200527,5호선,마천,5350,5409,10759
7498,20200527,5호선,거여,7995,7385,15380
7499,20200527,5호선,개롱,6650,6741,13391
7500,20200527,5호선,오금,3794,3814,7608
7501,20200527,5호선,방이,6974,7341,14315
7502,20200527,5호선,올림픽공원,4367,3912,8279
7503,20200527,5호선,둔촌동,8374,8230,16604
7504,20200527,5호선,상일동,19495,16703,36198
7505,20200527,5호선,고덕,8850,9002,17852
7506,20200527,5호선,명일,8445,8819,17264
7507,20200527,5호선,굽은다리,8880,8256,17136
7508,20200527,5호선,길동,7694,8020,15714
7509,20200527,5호선,강동,21608,18346,39954
7510,20200527,5호선,천호,17799,19003,36802
7511,20200527,5호선,광나루,13418,12156,25574
7512,20200527,5호선,아차산,14833,14488,29321
7513,20200527,5호선,군자,10981,12191,23172
7514,20200527,5호선,장한평,18053,18106,36159
7515,20200527,5호선,답십리,16297,14931,31228
7516,20200527,5호선,마장,5553,5047,10600
7517,20200527,5호선,왕십리,4363,4891,9254
7518,20200527,5호선,행당,8187,7243,15430
7519,20200527,5호선,신금호,6313,6363,12676
7520,20200527,5호선,청구,4226,3695,7921
7521,20200527,5호선,동대문역사문화공원,2945,3416,6361
7522,20200527,5호선,을지로4가,6313,6397,12710
7523,20200527,5호선,종로3가,12188,12224,24412
7524,20200527,5호선,광화문,32601,34611,67212
7525,20200527,5호선,서대문,18247,18689,36936
7526,20200527,5호선,충정로,5177,5370,10547
7527,20200527,5호선,애오개,7407,7469,14876
7528,20200527,5호선,공덕,14758,16013,30771
7529,20200527,5호선,마포,14897,15314,30211
7530,20200527,5호선,여의나루,11043,11270,22313
7531,20200527,5호선,여의도,27142,28725,55867
7532,20200527,5호선,신길,3786,4080,7866
7533,20200527,5호선,영등포시장,9032,9268,18300
7534,20200527,5호선,영등포구청,4149,4130,8279
7535,20200527,5호선,양평,7566,7485,15051
7536,20200527,5호선,오목교,22291,24467,46758
7537,20200527,5호선,목동,17677,19228,36905
7538,20200527,5호선,신정,13892,10743,24635
7539,20200527,5호선,까치산,29697,28134,57831
7540,20200527,5호선,화곡,28884,26781,55665
7541,20200527,5호선,우장산,14724,14314,29038
7542,20200527,5호선,발산,19366,20055,39421
7543,20200527,5호선,마곡,8702,8139,16841
7544,20200527,5호선,송정,6963,6453,13416
7545,20200527,5호선,김포공항,5571,5158,10729
7546,20200527,5호선,개화산,5115,4895,10010
7547,20200527,5호선,방화,6966,6553,13519
7548,20200528,5호선,상일동,19428,16339,35767
7549,20200528,5호선,마천,5271,5338,10609
7550,20200528,5호선,거여,7645,7028,14673
7551,20200528,5호선,개롱,6488,6724,13212
7552,20200528,5호선,오금,3709,3699,7408
7553,20200528,5호선,방이,6856,7197,14053
7554,20200528,5호선,올림픽공원,4260,3704,7964
7555,20200528,5호선,둔촌동,8221,8192,16413
7556,20200528,5호선,고덕,8567,8581,17148
7557,20200528,5호선,명일,8253,8456,16709
7558,20200528,5호선,굽은다리,8708,8166,16874
7559,20200528,5호선,길동,7401,7612,15013
7560,20200528,5호선,강동,21130,18144,39274
7561,20200528,5호선,천호,16926,18539,35465
7562,20200528,5호선,광나루,12943,11851,24794
7563,20200528,5호선,아차산,14301,13934,28235
7564,20200528,5호선,군자,10845,11852,22697
7565,20200528,5호선,장한평,17867,17782,35649
7566,20200528,5호선,답십리,16196,14692,30888
7567,20200528,5호선,마장,5420,5094,10514
7568,20200528,5호선,왕십리,4244,4621,8865
7569,20200528,5호선,행당,8041,7103,15144
7570,20200528,5호선,신금호,6039,6107,12146
7571,20200528,5호선,청구,4033,3700,7733
7572,20200528,5호선,동대문역사문화공원,2916,3353,6269
7573,20200528,5호선,을지로4가,6264,6458,12722
7574,20200528,5호선,종로3가,11837,12031,23868
7575,20200528,5호선,광화문,32574,34518,67092
7576,20200528,5호선,서대문,18423,18973,37396
7577,20200528,5호선,충정로,5203,5309,10512
7578,20200528,5호선,애오개,7244,7287,14531
7579,20200528,5호선,공덕,14649,15849,30498
7580,20200528,5호선,마포,14321,14971,29292
7581,20200528,5호선,여의나루,10139,10561,20700
7582,20200528,5호선,여의도,26585,28478,55063
7583,20200528,5호선,신길,3686,3978,7664
7584,20200528,5호선,영등포시장,8860,9160,18020
7585,20200528,5호선,영등포구청,4027,4020,8047
7586,20200528,5호선,양평,7456,7365,14821
7587,20200528,5호선,오목교,21815,23567,45382
7588,20200528,5호선,목동,17413,19077,36490
7589,20200528,5호선,신정,13850,10619,24469
7590,20200528,5호선,까치산,28982,27590,56572
7591,20200528,5호선,화곡,28432,26211,54643
7592,20200528,5호선,우장산,14411,14076,28487
7593,20200528,5호선,발산,18763,19412,38175
7594,20200528,5호선,마곡,8721,8260,16981
7595,20200528,5호선,송정,7021,6490,13511
7596,20200528,5호선,김포공항,5466,5402,10868
7597,20200528,5호선,개화산,5175,4837,10012
7598,20200528,5호선,방화,6663,6330,12993
7599,20200529,5호선,방화,6860,6367,13227
7600,20200529,5호선,개화산,5184,4826,10010
7601,20200529,5호선,김포공항,6142,5838,11980
7602,20200529,5호선,송정,7053,6404,13457
7603,20200529,5호선,마곡,8681,8127,16808
7604,20200529,5호선,발산,18870,19738,38608
7605,20200529,5호선,우장산,14661,14309,28970
7606,20200529,5호선,화곡,29020,26370,55390
7607,20200529,5호선,까치산,29727,27619,57346
7608,20200529,5호선,신정,13968,10692,24660
7609,20200529,5호선,목동,17837,19324,37161
7610,20200529,5호선,오목교,21925,24250,46175
7611,20200529,5호선,양평,7464,7227,14691
7612,20200529,5호선,영등포구청,4083,4056,8139
7613,20200529,5호선,영등포시장,8851,9111,17962
7614,20200529,5호선,신길,3765,3886,7651
7615,20200529,5호선,여의도,25472,27476,52948
7616,20200529,5호선,여의나루,11219,11537,22756
7617,20200529,5호선,마포,14390,15184,29574
7618,20200529,5호선,공덕,14212,15852,30064
7619,20200529,5호선,애오개,7374,7157,14531
7620,20200529,5호선,충정로,5084,5082,10166
7621,20200529,5호선,서대문,17104,17463,34567
7622,20200529,5호선,광화문,31774,34021,65795
7623,20200529,5호선,종로3가,12155,12515,24670
7624,20200529,5호선,을지로4가,5982,6323,12305
7625,20200529,5호선,동대문역사문화공원,2821,3349,6170
7626,20200529,5호선,청구,4150,3580,7730
7627,20200529,5호선,신금호,6104,6060,12164
7628,20200529,5호선,행당,8032,7000,15032
7629,20200529,5호선,왕십리,4231,5012,9243
7630,20200529,5호선,마장,5634,5342,10976
7631,20200529,5호선,답십리,16256,14688,30944
7632,20200529,5호선,장한평,18126,18045,36171
7633,20200529,5호선,군자,11001,12473,23474
7634,20200529,5호선,아차산,14543,13891,28434
7635,20200529,5호선,광나루,13439,11895,25334
7636,20200529,5호선,천호,18456,19520,37976
7637,20200529,5호선,강동,21451,18091,39542
7638,20200529,5호선,길동,7819,8166,15985
7639,20200529,5호선,굽은다리,8872,8198,17070
7640,20200529,5호선,명일,8374,8676,17050
7641,20200529,5호선,고덕,8783,8612,17395
7642,20200529,5호선,상일동,19509,16415,35924
7643,20200529,5호선,둔촌동,8283,8558,16841
7644,20200529,5호선,올림픽공원,4370,3735,8105
7645,20200529,5호선,방이,7001,7251,14252
7646,20200529,5호선,오금,3803,3795,7598
7647,20200529,5호선,개롱,6543,6586,13129
7648,20200529,5호선,거여,7950,7256,15206
7649,20200529,5호선,마천,5381,5347,10728
7650,20200530,5호선,방화,4752,4365,9117
7651,20200530,5호선,개화산,3447,3298,6745
7652,20200530,5호선,김포공항,4992,5251,10243
7653,20200530,5호선,송정,4824,4486,9310
7654,20200530,5호선,마곡,3669,3433,7102
7655,20200530,5호선,발산,11268,11901,23169
7656,20200530,5호선,우장산,8870,9006,17876
7657,20200530,5호선,화곡,18274,16732,35006
7658,20200530,5호선,까치산,19760,18671,38431
7659,20200530,5호선,신정,8265,6686,14951
7660,20200530,5호선,목동,10292,10792,21084
7661,20200530,5호선,오목교,14670,15349,30019
7662,20200530,5호선,양평,3273,2996,6269
7663,20200530,5호선,영등포구청,1826,1772,3598
7664,20200530,5호선,영등포시장,5916,6424,12340
7665,20200530,5호선,신길,2081,2203,4284
7666,20200530,5호선,여의도,7710,8802,16512
7667,20200530,5호선,여의나루,11274,11847,23121
7668,20200530,5호선,마포,6681,6718,13399
7669,20200530,5호선,공덕,6325,6795,13120
7670,20200530,5호선,애오개,3404,3196,6600
7671,20200530,5호선,충정로,1811,1688,3499
7672,20200530,5호선,서대문,6354,6328,12682
7673,20200530,5호선,광화문,12055,12598,24653
7674,20200530,5호선,종로3가,9596,10072,19668
7675,20200530,5호선,을지로4가,3141,3476,6617
7676,20200530,5호선,동대문역사문화공원,782,1029,1811
7677,20200530,5호선,청구,2475,2018,4493
7678,20200530,5호선,신금호,3601,3556,7157
7679,20200530,5호선,행당,5230,4497,9727
7680,20200530,5호선,왕십리,3026,3602,6628
7681,20200530,5호선,마장,3614,3503,7117
7682,20200530,5호선,답십리,9288,8534,17822
7683,20200530,5호선,장한평,10129,9847,19976
7684,20200530,5호선,군자,7556,8245,15801
7685,20200530,5호선,아차산,11797,11490,23287
7686,20200530,5호선,광나루,9212,8666,17878
7687,20200530,5호선,천호,15436,15394,30830
7688,20200530,5호선,강동,13439,11762,25201
7689,20200530,5호선,길동,5235,5337,10572
7690,20200530,5호선,굽은다리,6155,5716,11871
7691,20200530,5호선,명일,5273,5035,10308
7692,20200530,5호선,고덕,4853,4836,9689
7693,20200530,5호선,상일동,10391,9308,19699
7694,20200530,5호선,둔촌동,5545,5641,11186
7695,20200530,5호선,올림픽공원,2746,2355,5101
7696,20200530,5호선,방이,4536,4451,8987
7697,20200530,5호선,오금,2127,1968,4095
7698,20200530,5호선,개롱,3870,4013,7883
7699,20200530,5호선,거여,5008,4826,9834
7700,20200530,5호선,마천,4030,4071,8101
7701,20200531,5호선,마천,2931,3217,6148
7702,20200531,5호선,거여,3284,3231,6515
7703,20200531,5호선,개롱,2612,2766,5378
7704,20200531,5호선,오금,1453,1371,2824
7705,20200531,5호선,방이,3522,3387,6909
7706,20200531,5호선,올림픽공원,1856,1639,3495
7707,20200531,5호선,둔촌동,4045,4110,8155
7708,20200531,5호선,상일동,6610,6174,12784
7709,20200531,5호선,고덕,3172,3346,6518
7710,20200531,5호선,명일,3573,3490,7063
7711,20200531,5호선,굽은다리,4425,4101,8526
7712,20200531,5호선,길동,3268,3380,6648
7713,20200531,5호선,강동,8913,8266,17179
7714,20200531,5호선,천호,10924,10540,21464
7715,20200531,5호선,광나루,6569,6528,13097
7716,20200531,5호선,아차산,9160,9478,18638
7717,20200531,5호선,군자,5196,5604,10800
7718,20200531,5호선,장한평,6387,6127,12514
7719,20200531,5호선,답십리,6488,5877,12365
7720,20200531,5호선,마장,2688,2540,5228
7721,20200531,5호선,왕십리,2078,2373,4451
7722,20200531,5호선,행당,3383,3055,6438
7723,20200531,5호선,신금호,2388,2507,4895
7724,20200531,5호선,청구,1584,1336,2920
7725,20200531,5호선,동대문역사문화공원,496,669,1165
7726,20200531,5호선,을지로4가,1141,1322,2463
7727,20200531,5호선,종로3가,6424,5991,12415
7728,20200531,5호선,광화문,8429,8577,17006
7729,20200531,5호선,서대문,4093,4084,8177
7730,20200531,5호선,충정로,1232,1167,2399
7731,20200531,5호선,애오개,2255,2278,4533
7732,20200531,5호선,공덕,3920,4056,7976
7733,20200531,5호선,마포,3870,3935,7805
7734,20200531,5호선,여의나루,7353,7566,14919
7735,20200531,5호선,여의도,4729,5143,9872
7736,20200531,5호선,신길,1316,1548,2864
7737,20200531,5호선,영등포시장,3294,3532,6826
7738,20200531,5호선,영등포구청,1177,1143,2320
7739,20200531,5호선,양평,2081,2168,4249
7740,20200531,5호선,오목교,9476,9917,19393
7741,20200531,5호선,목동,6564,6784,13348
7742,20200531,5호선,신정,5346,4705,10051
7743,20200531,5호선,까치산,13708,13179,26887
7744,20200531,5호선,화곡,12150,11259,23409
7745,20200531,5호선,우장산,5435,5509,10944
7746,20200531,5호선,발산,6888,7217,14105
7747,20200531,5호선,마곡,2228,2265,4493
7748,20200531,5호선,송정,3463,3447,6910
7749,20200531,5호선,김포공항,4586,4373,8959
7750,20200531,5호선,개화산,2302,2398,4700
7751,20200531,5호선,방화,3165,3188,6353
7752,20200601,5호선,개화산,5145,4899,10044
7753,20200601,5호선,방화,6737,6419,13156
7754,20200601,5호선,마천,5135,5171,10306
7755,20200601,5호선,거여,7736,7322,15058
7756,20200601,5호선,개롱,6166,6375,12541
7757,20200601,5호선,오금,3914,3830,7744
7758,20200601,5호선,방이,6625,6815,13440
7759,20200601,5호선,올림픽공원,4088,3608,7696
7760,20200601,5호선,둔촌동,7860,7856,15716
7761,20200601,5호선,상일동,18863,16117,34980
7762,20200601,5호선,고덕,8393,8579,16972
7763,20200601,5호선,명일,8142,8551,16693
7764,20200601,5호선,굽은다리,8716,8199,16915
7765,20200601,5호선,길동,7483,7722,15205
7766,20200601,5호선,강동,20726,17735,38461
7767,20200601,5호선,천호,17039,18076,35115
7768,20200601,5호선,광나루,12605,11444,24049
7769,20200601,5호선,아차산,13863,13462,27325
7770,20200601,5호선,군자,10354,11447,21801
7771,20200601,5호선,장한평,17861,17768,35629
7772,20200601,5호선,답십리,15781,14423,30204
7773,20200601,5호선,마장,5360,4936,10296
7774,20200601,5호선,왕십리,4074,4610,8684
7775,20200601,5호선,행당,7975,7057,15032
7776,20200601,5호선,신금호,6055,6157,12212
7777,20200601,5호선,청구,4056,3488,7544
7778,20200601,5호선,동대문역사문화공원,2900,3373,6273
7779,20200601,5호선,을지로4가,5946,6085,12031
7780,20200601,5호선,종로3가,11230,11673,22903
7781,20200601,5호선,광화문,29166,30729,59895
7782,20200601,5호선,서대문,17588,17873,35461
7783,20200601,5호선,충정로,4991,5056,10047
7784,20200601,5호선,애오개,6920,6923,13843
7785,20200601,5호선,공덕,13923,15017,28940
7786,20200601,5호선,마포,13818,14455,28273
7787,20200601,5호선,여의나루,9816,9970,19786
7788,20200601,5호선,여의도,25488,26700,52188
7789,20200601,5호선,신길,3614,3938,7552
7790,20200601,5호선,영등포시장,8592,8953,17545
7791,20200601,5호선,영등포구청,4097,4108,8205
7792,20200601,5호선,양평,7325,7353,14678
7793,20200601,5호선,오목교,20741,22737,43478
7794,20200601,5호선,목동,16996,18652,35648
7795,20200601,5호선,신정,13590,10484,24074
7796,20200601,5호선,까치산,28561,27344,55905
7797,20200601,5호선,화곡,28262,26295,54557
7798,20200601,5호선,우장산,14250,14018,28268
7799,20200601,5호선,발산,18578,18880,37458
7800,20200601,5호선,마곡,8636,8113,16749
7801,20200601,5호선,송정,6765,6265,13030
7802,20200601,5호선,김포공항,5727,5303,11030
7803,20200602,5호선,마천,4942,4919,9861
7804,20200602,5호선,거여,7480,7077,14557
7805,20200602,5호선,개롱,6166,6215,12381
7806,20200602,5호선,오금,3736,3772,7508
7807,20200602,5호선,방이,6629,6898,13527
7808,20200602,5호선,올림픽공원,3938,3406,7344
7809,20200602,5호선,둔촌동,7948,8022,15970
7810,20200602,5호선,상일동,18716,15953,34669
7811,20200602,5호선,고덕,8387,8511,16898
7812,20200602,5호선,명일,8122,8331,16453
7813,20200602,5호선,굽은다리,8559,8012,16571
7814,20200602,5호선,길동,7248,7489,14737
7815,20200602,5호선,강동,20728,17836,38564
7816,20200602,5호선,천호,16226,17626,33852
7817,20200602,5호선,광나루,12418,11253,23671
7818,20200602,5호선,아차산,13612,13294,26906
7819,20200602,5호선,군자,10428,11591,22019
7820,20200602,5호선,장한평,17668,17614,35282
7821,20200602,5호선,답십리,15575,14174,29749
7822,20200602,5호선,마장,5411,5058,10469
7823,20200602,5호선,왕십리,4131,4537,8668
7824,20200602,5호선,행당,7780,6899,14679
7825,20200602,5호선,신금호,5976,6094,12070
7826,20200602,5호선,청구,4025,3593,7618
7827,20200602,5호선,동대문역사문화공원,2922,3315,6237
7828,20200602,5호선,을지로4가,5876,5978,11854
7829,20200602,5호선,종로3가,10672,10667,21339
7830,20200602,5호선,광화문,30855,32753,63608
7831,20200602,5호선,서대문,17801,18117,35918
7832,20200602,5호선,충정로,5028,5066,10094
7833,20200602,5호선,애오개,7055,7128,14183
7834,20200602,5호선,공덕,14076,15167,29243
7835,20200602,5호선,마포,13969,14520,28489
7836,20200602,5호선,여의나루,7170,7360,14530
7837,20200602,5호선,여의도,25281,26574,51855
7838,20200602,5호선,신길,3581,3969,7550
7839,20200602,5호선,영등포시장,8414,8719,17133
7840,20200602,5호선,영등포구청,3991,3948,7939
7841,20200602,5호선,양평,7447,7319,14766
7842,20200602,5호선,오목교,20755,22545,43300
7843,20200602,5호선,목동,16737,18467,35204
7844,20200602,5호선,신정,13528,10440,23968
7845,20200602,5호선,까치산,28317,27003,55320
7846,20200602,5호선,화곡,27491,25446,52937
7847,20200602,5호선,우장산,13925,13676,27601
7848,20200602,5호선,발산,18385,19002,37387
7849,20200602,5호선,마곡,8367,7849,16216
7850,20200602,5호선,송정,6458,5996,12454
7851,20200602,5호선,김포공항,5166,5004,10170
7852,20200602,5호선,개화산,4903,4760,9663
7853,20200602,5호선,방화,6513,6191,12704
7854,20200603,5호선,방화,6872,6498,13370
7855,20200603,5호선,개화산,5162,4814,9976
7856,20200603,5호선,김포공항,5451,5257,10708
7857,20200603,5호선,송정,6754,6229,12983
7858,20200603,5호선,마곡,8615,8044,16659
7859,20200603,5호선,발산,19006,19559,38565
7860,20200603,5호선,우장산,14404,14072,28476
7861,20200603,5호선,화곡,28669,26372,55041
7862,20200603,5호선,충정로,5028,5052,10080
7863,20200603,5호선,까치산,29130,27825,56955
7864,20200603,5호선,신정,13846,10591,24437
7865,20200603,5호선,목동,17194,19008,36202
7866,20200603,5호선,오목교,21430,23176,44606
7867,20200603,5호선,양평,7408,7318,14726
7868,20200603,5호선,영등포구청,4134,4197,8331
7869,20200603,5호선,영등포시장,8740,9074,17814
7870,20200603,5호선,신길,3637,3959,7596
7871,20200603,5호선,여의도,25777,27374,53151
7872,20200603,5호선,여의나루,9859,10169,20028
7873,20200603,5호선,마포,14319,14992,29311
7874,20200603,5호선,공덕,14441,15542,29983
7875,20200603,5호선,서대문,18001,18401,36402
7876,20200603,5호선,광화문,32045,33885,65930
7877,20200603,5호선,종로3가,12022,12012,24034
7878,20200603,5호선,을지로4가,6073,6240,12313
7879,20200603,5호선,동대문역사문화공원,2833,3379,6212
7880,20200603,5호선,청구,4174,3672,7846
7881,20200603,5호선,신금호,6311,6405,12716
7882,20200603,5호선,행당,8154,7307,15461
7883,20200603,5호선,왕십리,4267,4835,9102
7884,20200603,5호선,마장,5521,5153,10674
7885,20200603,5호선,답십리,16003,14610,30613
7886,20200603,5호선,장한평,18111,17896,36007
7887,20200603,5호선,군자,10849,11793,22642
7888,20200603,5호선,아차산,14333,14097,28430
7889,20200603,5호선,광나루,13280,11979,25259
7890,20200603,5호선,천호,17268,18447,35715
7891,20200603,5호선,강동,21257,18232,39489
7892,20200603,5호선,길동,7511,7871,15382
7893,20200603,5호선,애오개,7099,7085,14184
7894,20200603,5호선,굽은다리,8809,8313,17122
7895,20200603,5호선,명일,8414,8669,17083
7896,20200603,5호선,고덕,8716,8761,17477
7897,20200603,5호선,상일동,19232,16400,35632
7898,20200603,5호선,둔촌동,8203,8273,16476
7899,20200603,5호선,올림픽공원,4209,3611,7820
7900,20200603,5호선,방이,6808,7142,13950
7901,20200603,5호선,오금,3840,3691,7531
7902,20200603,5호선,마천,5287,5290,10577
7903,20200603,5호선,거여,7715,7329,15044
7904,20200603,5호선,개롱,6286,6456,12742
7905,20200604,5호선,방화,6785,6381,13166
7906,20200604,5호선,개화산,5126,4849,9975
7907,20200604,5호선,김포공항,5668,5710,11378
7908,20200604,5호선,송정,6741,6313,13054
7909,20200604,5호선,마곡,8456,8014,16470
7910,20200604,5호선,발산,18790,19311,38101
7911,20200604,5호선,우장산,14348,14061,28409
7912,20200604,5호선,화곡,28088,25975,54063
7913,20200604,5호선,까치산,29015,27347,56362
7914,20200604,5호선,신정,13753,10560,24313
7915,20200604,5호선,목동,17049,18669,35718
7916,20200604,5호선,오목교,21181,23043,44224
7917,20200604,5호선,양평,7323,7193,14516
7918,20200604,5호선,영등포구청,3984,3913,7897
7919,20200604,5호선,영등포시장,8513,8705,17218
7920,20200604,5호선,신길,3685,3951,7636
7921,20200604,5호선,여의도,25726,27360,53086
7922,20200604,5호선,여의나루,9463,9590,19053
7923,20200604,5호선,마포,14133,14768,28901
7924,20200604,5호선,공덕,14365,15559,29924
7925,20200604,5호선,애오개,7205,7286,14491
7926,20200604,5호선,충정로,4994,5032,10026
7927,20200604,5호선,서대문,17915,18511,36426
7928,20200604,5호선,광화문,31745,33770,65515
7929,20200604,5호선,종로3가,11679,11768,23447
7930,20200604,5호선,을지로4가,6134,6245,12379
7931,20200604,5호선,동대문역사문화공원,2758,3235,5993
7932,20200604,5호선,청구,4135,3589,7724
7933,20200604,5호선,신금호,6135,6191,12326
7934,20200604,5호선,행당,8098,7084,15182
7935,20200604,5호선,왕십리,4256,4655,8911
7936,20200604,5호선,마장,5443,5141,10584
7937,20200604,5호선,답십리,15977,14510,30487
7938,20200604,5호선,장한평,17847,17817,35664
7939,20200604,5호선,군자,10742,11747,22489
7940,20200604,5호선,아차산,14384,13887,28271
7941,20200604,5호선,광나루,13165,11806,24971
7942,20200604,5호선,천호,16961,18218,35179
7943,20200604,5호선,강동,21103,18171,39274
7944,20200604,5호선,길동,7356,7657,15013
7945,20200604,5호선,굽은다리,8857,8221,17078
7946,20200604,5호선,명일,8289,8495,16784
7947,20200604,5호선,고덕,8477,8519,16996
7948,20200604,5호선,상일동,19282,16324,35606
7949,20200604,5호선,둔촌동,8071,8113,16184
7950,20200604,5호선,올림픽공원,4133,3499,7632
7951,20200604,5호선,방이,6797,7118,13915
7952,20200604,5호선,오금,3807,3769,7576
7953,20200604,5호선,개롱,6170,6294,12464
7954,20200604,5호선,거여,7675,7193,14868
7955,20200604,5호선,마천,5186,5229,10415
7956,20200605,5호선,방이,6982,7223,14205
7957,20200605,5호선,마천,5372,5189,10561
7958,20200605,5호선,거여,7962,7322,15284
7959,20200605,5호선,개롱,6417,6383,12800
7960,20200605,5호선,오금,3926,3706,7632
7961,20200605,5호선,올림픽공원,4306,3680,7986
7962,20200605,5호선,둔촌동,8507,8409,16916
7963,20200605,5호선,상일동,19326,16002,35328
7964,20200605,5호선,고덕,8950,8706,17656
7965,20200605,5호선,명일,8429,8741,17170
7966,20200605,5호선,굽은다리,9091,8402,17493
7967,20200605,5호선,길동,7627,7880,15507
7968,20200605,5호선,강동,21687,18229,39916
7969,20200605,5호선,천호,18204,19808,38012
7970,20200605,5호선,광나루,13268,11850,25118
7971,20200605,5호선,아차산,14714,14181,28895
7972,20200605,5호선,군자,11163,12466,23629
7973,20200605,5호선,장한평,18211,17889,36100
7974,20200605,5호선,답십리,16327,14668,30995
7975,20200605,5호선,마장,5611,5306,10917
7976,20200605,5호선,왕십리,4394,5155,9549
7977,20200605,5호선,행당,8300,7080,15380
7978,20200605,5호선,신금호,6225,6224,12449
7979,20200605,5호선,청구,4142,3675,7817
7980,20200605,5호선,동대문역사문화공원,2793,3278,6071
7981,20200605,5호선,을지로4가,5676,5998,11674
7982,20200605,5호선,종로3가,11981,12836,24817
7983,20200605,5호선,광화문,30807,32789,63596
7984,20200605,5호선,서대문,17565,17986,35551
7985,20200605,5호선,충정로,4914,4928,9842
7986,20200605,5호선,애오개,7154,7100,14254
7987,20200605,5호선,공덕,14192,15514,29706
7988,20200605,5호선,마포,14210,15103,29313
7989,20200605,5호선,여의나루,11178,11500,22678
7990,20200605,5호선,여의도,25599,27048,52647
7991,20200605,5호선,신길,3796,3885,7681
7992,20200605,5호선,영등포시장,8668,8963,17631
7993,20200605,5호선,영등포구청,4060,4159,8219
7994,20200605,5호선,양평,7339,7067,14406
7995,20200605,5호선,오목교,22480,24449,46929
7996,20200605,5호선,목동,17499,18991,36490
7997,20200605,5호선,신정,14065,10547,24612
7998,20200605,5호선,까치산,29574,27504,57078
7999,20200605,5호선,화곡,28781,26093,54874
8000,20200605,5호선,우장산,14595,14141,28736
8001,20200605,5호선,발산,18447,19292,37739
8002,20200605,5호선,마곡,8838,8171,17009
8003,20200605,5호선,송정,6939,6331,13270
8004,20200605,5호선,김포공항,6050,5925,11975
8005,20200605,5호선,개화산,5212,4838,10050
8006,20200605,5호선,방화,6820,6305,13125
8007,20200606,5호선,마천,3569,3645,7214
8008,20200606,5호선,거여,4188,3943,8131
8009,20200606,5호선,개롱,3687,3848,7535
8010,20200606,5호선,오금,2063,1879,3942
8011,20200606,5호선,방이,4194,3994,8188
8012,20200606,5호선,올림픽공원,2370,2083,4453
8013,20200606,5호선,둔촌동,4924,4871,9795
8014,20200606,5호선,상일동,9698,8608,18306
8015,20200606,5호선,고덕,4763,4617,9380
8016,20200606,5호선,명일,4541,4448,8989
8017,20200606,5호선,굽은다리,5758,5153,10911
8018,20200606,5호선,길동,4549,4595,9144
8019,20200606,5호선,강동,12535,10920,23455
8020,20200606,5호선,천호,13915,13901,27816
8021,20200606,5호선,광나루,8375,7950,16325
8022,20200606,5호선,아차산,10838,10548,21386
8023,20200606,5호선,군자,6868,7640,14508
8024,20200606,5호선,장한평,9042,8731,17773
8025,20200606,5호선,답십리,8577,7590,16167
8026,20200606,5호선,마장,3125,3086,6211
8027,20200606,5호선,왕십리,2907,3365,6272
8028,20200606,5호선,행당,4334,3632,7966
8029,20200606,5호선,신금호,3205,3133,6338
8030,20200606,5호선,청구,2227,1865,4092
8031,20200606,5호선,동대문역사문화공원,672,943,1615
8032,20200606,5호선,을지로4가,2691,3041,5732
8033,20200606,5호선,종로3가,9353,9834,19187
8034,20200606,5호선,광화문,10755,10973,21728
8035,20200606,5호선,서대문,5573,5498,11071
8036,20200606,5호선,충정로,1560,1432,2992
8037,20200606,5호선,애오개,3075,3007,6082
8038,20200606,5호선,공덕,5405,5895,11300
8039,20200606,5호선,마포,5770,5796,11566
8040,20200606,5호선,여의나루,10671,10919,21590
8041,20200606,5호선,여의도,7170,8088,15258
8042,20200606,5호선,신길,1908,1975,3883
8043,20200606,5호선,영등포시장,5017,5367,10384
8044,20200606,5호선,영등포구청,1605,1415,3020
8045,20200606,5호선,양평,2910,2650,5560
8046,20200606,5호선,오목교,13367,13939,27306
8047,20200606,5호선,목동,8946,9208,18154
8048,20200606,5호선,신정,7155,5886,13041
8049,20200606,5호선,까치산,17873,16604,34477
8050,20200606,5호선,화곡,16524,14900,31424
8051,20200606,5호선,우장산,7592,7421,15013
8052,20200606,5호선,발산,9498,10319,19817
8053,20200606,5호선,마곡,3168,3132,6300
8054,20200606,5호선,송정,4384,4203,8587
8055,20200606,5호선,김포공항,5295,5488,10783
8056,20200606,5호선,개화산,3064,3056,6120
8057,20200606,5호선,방화,4295,4017,8312
8058,20200607,5호선,마천,2782,3184,5966
8059,20200607,5호선,거여,3231,3193,6424
8060,20200607,5호선,개롱,2779,2995,5774
8061,20200607,5호선,오금,1518,1446,2964
8062,20200607,5호선,방이,3452,3336,6788
8063,20200607,5호선,올림픽공원,1930,1620,3550
8064,20200607,5호선,둔촌동,4197,4223,8420
8065,20200607,5호선,상일동,6632,6310,12942
8066,20200607,5호선,고덕,3200,3365,6565
8067,20200607,5호선,명일,3215,3133,6348
8068,20200607,5호선,굽은다리,4157,3969,8126
8069,20200607,5호선,길동,3269,3414,6683
8070,20200607,5호선,강동,8880,8202,17082
8071,20200607,5호선,천호,11146,10700,21846
8072,20200607,5호선,광나루,6830,6686,13516
8073,20200607,5호선,아차산,9096,9175,18271
8074,20200607,5호선,군자,5015,5564,10579
8075,20200607,5호선,장한평,6372,6162,12534
8076,20200607,5호선,답십리,6303,5829,12132
8077,20200607,5호선,마장,2589,2492,5081
8078,20200607,5호선,왕십리,2154,2455,4609
8079,20200607,5호선,행당,3377,3042,6419
8080,20200607,5호선,신금호,2385,2607,4992
8081,20200607,5호선,청구,1528,1312,2840
8082,20200607,5호선,동대문역사문화공원,486,650,1136
8083,20200607,5호선,을지로4가,1201,1220,2421
8084,20200607,5호선,종로3가,6373,6043,12416
8085,20200607,5호선,광화문,8054,8344,16398
8086,20200607,5호선,서대문,4459,4492,8951
8087,20200607,5호선,충정로,1285,1306,2591
8088,20200607,5호선,애오개,2381,2476,4857
8089,20200607,5호선,공덕,3858,3938,7796
8090,20200607,5호선,마포,4060,3950,8010
8091,20200607,5호선,여의나루,8152,8191,16343
8092,20200607,5호선,여의도,4940,5469,10409
8093,20200607,5호선,영등포시장,3374,3548,6922
8094,20200607,5호선,영등포구청,1170,1126,2296
8095,20200607,5호선,양평,2061,2238,4299
8096,20200607,5호선,오목교,9538,9860,19398
8097,20200607,5호선,목동,6545,6735,13280
8098,20200607,5호선,신정,5317,4580,9897
8099,20200607,5호선,까치산,13648,13395,27043
8100,20200607,5호선,화곡,12116,11443,23559
8101,20200607,5호선,우장산,5425,5584,11009
8102,20200607,5호선,발산,6667,6911,13578
8103,20200607,5호선,마곡,2207,2306,4513
8104,20200607,5호선,송정,3270,3350,6620
8105,20200607,5호선,김포공항,4879,4714,9593
8106,20200607,5호선,개화산,2262,2338,4600
8107,20200607,5호선,방화,3414,3313,6727
8108,20200607,5호선,신길,1322,1504,2826
8109,20200608,5호선,방화,6640,6302,12942
8110,20200608,5호선,개화산,5061,4816,9877
8111,20200608,5호선,김포공항,5579,5221,10800
8112,20200608,5호선,송정,6665,6223,12888
8113,20200608,5호선,마곡,8642,8223,16865
8114,20200608,5호선,발산,18169,18558,36727
8115,20200608,5호선,우장산,14022,13842,27864
8116,20200608,5호선,화곡,28230,25967,54197
8117,20200608,5호선,까치산,28606,27269,55875
8118,20200608,5호선,신정,13480,10544,24024
8119,20200608,5호선,목동,16664,18332,34996
8120,20200608,5호선,오목교,20836,22838,43674
8121,20200608,5호선,양평,7434,7424,14858
8122,20200608,5호선,영등포구청,4029,4050,8079
8123,20200608,5호선,영등포시장,8384,8796,17180
8124,20200608,5호선,신길,3539,3934,7473
8125,20200608,5호선,여의도,25643,27227,52870
8126,20200608,5호선,여의나루,9221,9376,18597
8127,20200608,5호선,마포,13635,14195,27830
8128,20200608,5호선,공덕,13784,14779,28563
8129,20200608,5호선,애오개,6846,6880,13726
8130,20200608,5호선,충정로,5043,5085,10128
8131,20200608,5호선,서대문,17804,18216,36020
8132,20200608,5호선,광화문,30712,32376,63088
8133,20200608,5호선,종로3가,11034,10961,21995
8134,20200608,5호선,을지로4가,5993,6064,12057
8135,20200608,5호선,동대문역사문화공원,2795,3230,6025
8136,20200608,5호선,청구,3944,3640,7584
8137,20200608,5호선,신금호,6035,6144,12179
8138,20200608,5호선,행당,8058,7207,15265
8139,20200608,5호선,왕십리,4103,4560,8663
8140,20200608,5호선,마장,5290,4853,10143
8141,20200608,5호선,답십리,15795,14479,30274
8142,20200608,5호선,장한평,17679,17543,35222
8143,20200608,5호선,군자,10414,11273,21687
8144,20200608,5호선,아차산,13907,13666,27573
8145,20200608,5호선,광나루,12688,11521,24209
8146,20200608,5호선,천호,16940,18190,35130
8147,20200608,5호선,강동,20986,18363,39349
8148,20200608,5호선,길동,7341,7649,14990
8149,20200608,5호선,굽은다리,8714,8232,16946
8150,20200608,5호선,명일,8042,8426,16468
8151,20200608,5호선,고덕,8472,8603,17075
8152,20200608,5호선,상일동,18962,16218,35180
8153,20200608,5호선,둔촌동,8001,8149,16150
8154,20200608,5호선,올림픽공원,4096,3497,7593
8155,20200608,5호선,방이,6631,6901,13532
8156,20200608,5호선,오금,3848,3836,7684
8157,20200608,5호선,개롱,6121,6385,12506
8158,20200608,5호선,거여,7502,7183,14685
8159,20200608,5호선,마천,5132,5166,10298
8160,20200609,5호선,마천,5192,5270,10462
8161,20200609,5호선,거여,7579,7251,14830
8162,20200609,5호선,개롱,6239,6471,12710
8163,20200609,5호선,오금,3807,3773,7580
8164,20200609,5호선,방이,6752,7050,13802
8165,20200609,5호선,올림픽공원,4020,3524,7544
8166,20200609,5호선,둔촌동,7927,7912,15839
8167,20200609,5호선,상일동,19024,16194,35218
8168,20200609,5호선,고덕,8636,8794,17430
8169,20200609,5호선,명일,8139,8405,16544
8170,20200609,5호선,굽은다리,8754,8347,17101
8171,20200609,5호선,길동,7312,7550,14862
8172,20200609,5호선,강동,21505,18493,39998
8173,20200609,5호선,천호,17067,18419,35486
8174,20200609,5호선,광나루,12900,11648,24548
8175,20200609,5호선,아차산,13997,13727,27724
8176,20200609,5호선,군자,10546,11668,22214
8177,20200609,5호선,장한평,17834,17785,35619
8178,20200609,5호선,답십리,15841,14469,30310
8179,20200609,5호선,마장,5455,5057,10512
8180,20200609,5호선,왕십리,4257,4745,9002
8181,20200609,5호선,행당,8129,7248,15377
8182,20200609,5호선,신금호,6196,6296,12492
8183,20200609,5호선,청구,3982,3648,7630
8184,20200609,5호선,동대문역사문화공원,2844,3244,6088
8185,20200609,5호선,을지로4가,5997,6125,12122
8186,20200609,5호선,종로3가,11280,11328,22608
8187,20200609,5호선,광화문,31583,33250,64833
8188,20200609,5호선,서대문,17999,18527,36526
8189,20200609,5호선,충정로,5227,5246,10473
8190,20200609,5호선,애오개,7031,7078,14109
8191,20200609,5호선,공덕,14074,15191,29265
8192,20200609,5호선,마포,14213,14687,28900
8193,20200609,5호선,여의나루,9431,9585,19016
8194,20200609,5호선,여의도,26097,27786,53883
8195,20200609,5호선,신길,3631,3919,7550
8196,20200609,5호선,영등포시장,8375,8719,17094
8197,20200609,5호선,영등포구청,3977,4080,8057
8198,20200609,5호선,양평,7428,7392,14820
8199,20200609,5호선,오목교,21277,23127,44404
8200,20200609,5호선,목동,17106,18631,35737
8201,20200609,5호선,신정,13625,10425,24050
8202,20200609,5호선,까치산,28507,27089,55596
8203,20200609,5호선,화곡,27923,26000,53923
8204,20200609,5호선,우장산,14345,14210,28555
8205,20200609,5호선,발산,18492,18880,37372
8206,20200609,5호선,마곡,8626,8192,16818
8207,20200609,5호선,송정,6637,6135,12772
8208,20200609,5호선,김포공항,5696,5255,10951
8209,20200609,5호선,개화산,5062,4804,9866
8210,20200609,5호선,방화,6713,6368,13081
8211,20200610,5호선,마천,5169,5285,10454
8212,20200610,5호선,거여,7735,7377,15112
8213,20200610,5호선,개롱,6314,6546,12860
8214,20200610,5호선,오금,3810,3810,7620
8215,20200610,5호선,방이,6977,7203,14180
8216,20200610,5호선,올림픽공원,4148,3505,7653
8217,20200610,5호선,둔촌동,8125,8187,16312
8218,20200610,5호선,상일동,18968,16411,35379
8219,20200610,5호선,고덕,8613,8617,17230
8220,20200610,5호선,명일,8138,8696,16834
8221,20200610,5호선,굽은다리,8968,8477,17445
8222,20200610,5호선,길동,7428,7833,15261
8223,20200610,5호선,강동,21407,18708,40115
8224,20200610,5호선,천호,17223,18175,35398
8225,20200610,5호선,광나루,13023,11906,24929
8226,20200610,5호선,아차산,14096,13863,27959
8227,20200610,5호선,군자,10635,11740,22375
8228,20200610,5호선,장한평,17779,17970,35749
8229,20200610,5호선,답십리,15840,14621,30461
8230,20200610,5호선,마장,5505,5219,10724
8231,20200610,5호선,왕십리,4304,4756,9060
8232,20200610,5호선,행당,8208,7434,15642
8233,20200610,5호선,신금호,6299,6453,12752
8234,20200610,5호선,청구,4125,3738,7863
8235,20200610,5호선,동대문역사문화공원,2985,3282,6267
8236,20200610,5호선,을지로4가,5836,5951,11787
8237,20200610,5호선,종로3가,12048,11846,23894
8238,20200610,5호선,광화문,32682,33560,66242
8239,20200610,5호선,서대문,18289,18440,36729
8240,20200610,5호선,충정로,5088,5214,10302
8241,20200610,5호선,애오개,7102,7324,14426
8242,20200610,5호선,공덕,14516,15544,30060
8243,20200610,5호선,마포,14608,15087,29695
8244,20200610,5호선,여의나루,8508,8403,16911
8245,20200610,5호선,여의도,27589,28178,55767
8246,20200610,5호선,신길,3675,4101,7776
8247,20200610,5호선,영등포시장,8458,8915,17373
8248,20200610,5호선,영등포구청,3955,4097,8052
8249,20200610,5호선,양평,7548,7561,15109
8250,20200610,5호선,오목교,21441,23246,44687
8251,20200610,5호선,목동,16922,18869,35791
8252,20200610,5호선,신정,13702,10731,24433
8253,20200610,5호선,까치산,28761,27341,56102
8254,20200610,5호선,화곡,27922,26042,53964
8255,20200610,5호선,우장산,14219,14197,28416
8256,20200610,5호선,발산,18538,18750,37288
8257,20200610,5호선,마곡,8704,8226,16930
8258,20200610,5호선,송정,6592,6276,12868
8259,20200610,5호선,김포공항,5827,5358,11185
8260,20200610,5호선,개화산,5006,4850,9856
8261,20200610,5호선,방화,6739,6486,13225
8262,20200611,5호선,화곡,28009,25702,53711
8263,20200611,5호선,마천,5139,5221,10360
8264,20200611,5호선,거여,7570,7156,14726
8265,20200611,5호선,개롱,6307,6440,12747
8266,20200611,5호선,오금,3739,3728,7467
8267,20200611,5호선,올림픽공원,3964,3462,7426
8268,20200611,5호선,둔촌동,8069,8090,16159
8269,20200611,5호선,상일동,19228,16176,35404
8270,20200611,5호선,고덕,8637,8580,17217
8271,20200611,5호선,명일,8202,8336,16538
8272,20200611,5호선,굽은다리,8882,8309,17191
8273,20200611,5호선,길동,7298,7459,14757
8274,20200611,5호선,강동,21188,18248,39436
8275,20200611,5호선,천호,17206,18493,35699
8276,20200611,5호선,광나루,13022,11837,24859
8277,20200611,5호선,아차산,14208,13610,27818
8278,20200611,5호선,군자,10533,11733,22266
8279,20200611,5호선,장한평,17913,17723,35636
8280,20200611,5호선,답십리,15891,14438,30329
8281,20200611,5호선,마장,5392,4975,10367
8282,20200611,5호선,왕십리,4367,4811,9178
8283,20200611,5호선,행당,8124,7123,15247
8284,20200611,5호선,신금호,6217,6251,12468
8285,20200611,5호선,청구,3991,3665,7656
8286,20200611,5호선,동대문역사문화공원,2879,3292,6171
8287,20200611,5호선,을지로4가,5937,6154,12091
8288,20200611,5호선,종로3가,11661,11663,23324
8289,20200611,5호선,광화문,31404,33201,64605
8290,20200611,5호선,서대문,17972,18456,36428
8291,20200611,5호선,충정로,5126,5189,10315
8292,20200611,5호선,애오개,7162,7178,14340
8293,20200611,5호선,공덕,13995,15289,29284
8294,20200611,5호선,마포,14016,14715,28731
8295,20200611,5호선,여의나루,9499,9564,19063
8296,20200611,5호선,여의도,25893,27906,53799
8297,20200611,5호선,신길,3669,3862,7531
8298,20200611,5호선,영등포시장,8472,8735,17207
8299,20200611,5호선,영등포구청,4065,4036,8101
8300,20200611,5호선,양평,7370,7207,14577
8301,20200611,5호선,오목교,21467,23350,44817
8302,20200611,5호선,목동,16920,18519,35439
8303,20200611,5호선,신정,13726,10492,24218
8304,20200611,5호선,까치산,28727,27174,55901
8305,20200611,5호선,우장산,14243,14001,28244
8306,20200611,5호선,발산,18751,19043,37794
8307,20200611,5호선,마곡,8478,8176,16654
8308,20200611,5호선,송정,6686,6219,12905
8309,20200611,5호선,김포공항,5804,5624,11428
8310,20200611,5호선,개화산,5076,4782,9858
8311,20200611,5호선,방화,6830,6377,13207
8312,20200611,5호선,방이,6932,7229,14161
8313,20200612,5호선,마천,5368,5300,10668
8314,20200612,5호선,거여,7693,7188,14881
8315,20200612,5호선,개롱,6406,6501,12907
8316,20200612,5호선,오금,3915,3714,7629
8317,20200612,5호선,방이,6856,7131,13987
8318,20200612,5호선,올림픽공원,4242,3555,7797
8319,20200612,5호선,둔촌동,8253,8258,16511
8320,20200612,5호선,상일동,19267,16155,35422
8321,20200612,5호선,고덕,8265,8096,16361
8322,20200612,5호선,명일,8345,8561,16906
8323,20200612,5호선,굽은다리,9058,8296,17354
8324,20200612,5호선,길동,7644,7941,15585
8325,20200612,5호선,강동,21324,18241,39565
8326,20200612,5호선,천호,18249,19834,38083
8327,20200612,5호선,광나루,13335,11824,25159
8328,20200612,5호선,아차산,14290,13795,28085
8329,20200612,5호선,군자,10989,12280,23269
8330,20200612,5호선,장한평,18044,18019,36063
8331,20200612,5호선,답십리,16080,14543,30623
8332,20200612,5호선,마장,5532,5144,10676
8333,20200612,5호선,왕십리,4381,5137,9518
8334,20200612,5호선,행당,8154,7094,15248
8335,20200612,5호선,신금호,6361,6315,12676
8336,20200612,5호선,청구,4087,3740,7827
8337,20200612,5호선,동대문역사문화공원,2767,3261,6028
8338,20200612,5호선,을지로4가,5923,6246,12169
8339,20200612,5호선,종로3가,12235,12961,25196
8340,20200612,5호선,광화문,31011,33141,64152
8341,20200612,5호선,서대문,17419,17836,35255
8342,20200612,5호선,충정로,5003,4963,9966
8343,20200612,5호선,애오개,7146,7097,14243
8344,20200612,5호선,공덕,14263,15611,29874
8345,20200612,5호선,마포,14166,14740,28906
8346,20200612,5호선,여의나루,10565,10577,21142
8347,20200612,5호선,여의도,25269,27277,52546
8348,20200612,5호선,신길,3674,3902,7576
8349,20200612,5호선,영등포시장,8763,8992,17755
8350,20200612,5호선,영등포구청,4029,4067,8096
8351,20200612,5호선,양평,7351,7190,14541
8352,20200612,5호선,오목교,22105,24308,46413
8353,20200612,5호선,목동,17317,18880,36197
8354,20200612,5호선,신정,13914,10345,24259
8355,20200612,5호선,까치산,29472,27264,56736
8356,20200612,5호선,화곡,28638,25818,54456
8357,20200612,5호선,우장산,14616,14216,28832
8358,20200612,5호선,발산,18394,19245,37639
8359,20200612,5호선,마곡,8734,8103,16837
8360,20200612,5호선,송정,7007,6510,13517
8361,20200612,5호선,김포공항,6261,6193,12454
8362,20200612,5호선,개화산,5171,4922,10093
8363,20200612,5호선,방화,6831,6310,13141
8364,20200613,5호선,방화,4584,4282,8866
8365,20200613,5호선,개화산,3288,3146,6434
8366,20200613,5호선,김포공항,5703,5912,11615
8367,20200613,5호선,송정,4801,4569,9370
8368,20200613,5호선,마곡,3621,3482,7103
8369,20200613,5호선,발산,11333,12139,23472
8370,20200613,5호선,우장산,8808,8737,17545
8371,20200613,5호선,화곡,18196,16461,34657
8372,20200613,5호선,까치산,19123,17972,37095
8373,20200613,5호선,신정,8200,6662,14862
8374,20200613,5호선,목동,10135,10390,20525
8375,20200613,5호선,오목교,14643,15451,30094
8376,20200613,5호선,양평,3336,3194,6530
8377,20200613,5호선,영등포구청,1816,1716,3532
8378,20200613,5호선,영등포시장,6055,6497,12552
8379,20200613,5호선,신길,2100,2127,4227
8380,20200613,5호선,여의도,8113,9080,17193
8381,20200613,5호선,여의나루,7191,6880,14071
8382,20200613,5호선,마포,6553,6722,13275
8383,20200613,5호선,공덕,6332,6785,13117
8384,20200613,5호선,애오개,3399,3198,6597
8385,20200613,5호선,충정로,1915,1685,3600
8386,20200613,5호선,서대문,6415,6122,12537
8387,20200613,5호선,광화문,11361,11994,23355
8388,20200613,5호선,종로3가,9641,10224,19865
8389,20200613,5호선,을지로4가,2800,3132,5932
8390,20200613,5호선,동대문역사문화공원,815,1024,1839
8391,20200613,5호선,청구,2336,2111,4447
8392,20200613,5호선,신금호,3735,3650,7385
8393,20200613,5호선,행당,5265,4563,9828
8394,20200613,5호선,왕십리,3176,3673,6849
8395,20200613,5호선,마장,3720,3530,7250
8396,20200613,5호선,답십리,9413,8533,17946
8397,20200613,5호선,장한평,9916,9703,19619
8398,20200613,5호선,군자,7618,8533,16151
8399,20200613,5호선,아차산,10829,10433,21262
8400,20200613,5호선,광나루,9149,8322,17471
8401,20200613,5호선,천호,15208,15259,30467
8402,20200613,5호선,강동,13568,12085,25653
8403,20200613,5호선,길동,5261,5217,10478
8404,20200613,5호선,굽은다리,6384,5927,12311
8405,20200613,5호선,명일,5142,5023,10165
8406,20200613,5호선,고덕,5199,5030,10229
8407,20200613,5호선,상일동,10339,9368,19707
8408,20200613,5호선,둔촌동,5477,5515,10992
8409,20200613,5호선,올림픽공원,2445,2128,4573
8410,20200613,5호선,방이,4579,4516,9095
8411,20200613,5호선,오금,2135,1902,4037
8412,20200613,5호선,개롱,4339,4397,8736
8413,20200613,5호선,거여,4744,4531,9275
8414,20200613,5호선,마천,3871,3954,7825
8415,20200614,5호선,마천,2731,3037,5768
8416,20200614,5호선,거여,3346,3162,6508
8417,20200614,5호선,개롱,2736,2909,5645
8418,20200614,5호선,오금,1525,1436,2961
8419,20200614,5호선,방이,3389,3267,6656
8420,20200614,5호선,올림픽공원,1771,1526,3297
8421,20200614,5호선,둔촌동,4230,4139,8369
8422,20200614,5호선,상일동,6790,6382,13172
8423,20200614,5호선,고덕,3070,3104,6174
8424,20200614,5호선,명일,3559,3654,7213
8425,20200614,5호선,굽은다리,4094,3866,7960
8426,20200614,5호선,길동,3518,3418,6936
8427,20200614,5호선,강동,8771,8343,17114
8428,20200614,5호선,천호,10941,10470,21411
8429,20200614,5호선,광나루,6980,6845,13825
8430,20200614,5호선,아차산,8708,8711,17419
8431,20200614,5호선,군자,5093,5805,10898
8432,20200614,5호선,장한평,6296,6161,12457
8433,20200614,5호선,답십리,6347,5826,12173
8434,20200614,5호선,마장,2628,2591,5219
8435,20200614,5호선,왕십리,1953,2280,4233
8436,20200614,5호선,행당,3515,3206,6721
8437,20200614,5호선,신금호,2428,2599,5027
8438,20200614,5호선,청구,1611,1355,2966
8439,20200614,5호선,동대문역사문화공원,477,686,1163
8440,20200614,5호선,을지로4가,1149,1237,2386
8441,20200614,5호선,종로3가,6519,6211,12730
8442,20200614,5호선,광화문,8280,8558,16838
8443,20200614,5호선,서대문,6525,6703,13228
8444,20200614,5호선,충정로,1404,1369,2773
8445,20200614,5호선,애오개,2418,2518,4936
8446,20200614,5호선,공덕,3870,3904,7774
8447,20200614,5호선,마포,3912,3869,7781
8448,20200614,5호선,여의나루,7149,6897,14046
8449,20200614,5호선,여의도,4777,5202,9979
8450,20200614,5호선,신길,1366,1466,2832
8451,20200614,5호선,영등포시장,3431,3538,6969
8452,20200614,5호선,영등포구청,1121,1069,2190
8453,20200614,5호선,양평,2183,2250,4433
8454,20200614,5호선,오목교,9649,10073,19722
8455,20200614,5호선,목동,6625,6877,13502
8456,20200614,5호선,신정,5341,4835,10176
8457,20200614,5호선,까치산,13785,13218,27003
8458,20200614,5호선,화곡,12286,11528,23814
8459,20200614,5호선,우장산,5477,5660,11137
8460,20200614,5호선,발산,6912,7314,14226
8461,20200614,5호선,마곡,2239,2310,4549
8462,20200614,5호선,송정,3411,3319,6730
8463,20200614,5호선,김포공항,4836,4755,9591
8464,20200614,5호선,개화산,2319,2375,4694
8465,20200614,5호선,방화,3400,3262,6662
8466,20200615,5호선,마천,5143,5180,10323
8467,20200615,5호선,거여,7612,7309,14921
8468,20200615,5호선,개롱,6190,6509,12699
8469,20200615,5호선,오금,3850,3702,7552
8470,20200615,5호선,방이,6821,7014,13835
8471,20200615,5호선,올림픽공원,4063,3485,7548
8472,20200615,5호선,둔촌동,7798,7862,15660
8473,20200615,5호선,상일동,19194,16441,35635
8474,20200615,5호선,고덕,8519,8585,17104
8475,20200615,5호선,명일,8232,8523,16755
8476,20200615,5호선,굽은다리,8749,8286,17035
8477,20200615,5호선,길동,7298,7853,15151
8478,20200615,5호선,강동,21067,18176,39243
8479,20200615,5호선,천호,16691,17940,34631
8480,20200615,5호선,광나루,12899,11552,24451
8481,20200615,5호선,아차산,13915,13743,27658
8482,20200615,5호선,군자,10563,11451,22014
8483,20200615,5호선,장한평,17972,17817,35789
8484,20200615,5호선,답십리,15861,14443,30304
8485,20200615,5호선,마장,5324,4903,10227
8486,20200615,5호선,왕십리,4316,4673,8989
8487,20200615,5호선,행당,8166,7307,15473
8488,20200615,5호선,신금호,6171,6300,12471
8489,20200615,5호선,청구,3971,3760,7731
8490,20200615,5호선,동대문역사문화공원,2922,3224,6146
8491,20200615,5호선,을지로4가,6014,6087,12101
8492,20200615,5호선,종로3가,11303,11322,22625
8493,20200615,5호선,광화문,31257,33154,64411
8494,20200615,5호선,서대문,17761,18115,35876
8495,20200615,5호선,충정로,5042,5152,10194
8496,20200615,5호선,애오개,6883,7015,13898
8497,20200615,5호선,공덕,13868,15153,29021
8498,20200615,5호선,마포,13877,14267,28144
8499,20200615,5호선,여의나루,9651,9950,19601
8500,20200615,5호선,여의도,25771,27502,53273
8501,20200615,5호선,신길,3657,3854,7511
8502,20200615,5호선,영등포시장,8644,8944,17588
8503,20200615,5호선,영등포구청,4001,4142,8143
8504,20200615,5호선,양평,7448,7450,14898
8505,20200615,5호선,오목교,21110,23124,44234
8506,20200615,5호선,목동,16938,18740,35678
8507,20200615,5호선,신정,13871,10752,24623
8508,20200615,5호선,까치산,28722,27163,55885
8509,20200615,5호선,화곡,28278,26106,54384
8510,20200615,5호선,우장산,14454,14167,28621
8511,20200615,5호선,발산,18321,18788,37109
8512,20200615,5호선,마곡,8675,8263,16938
8513,20200615,5호선,송정,6875,6283,13158
8514,20200615,5호선,김포공항,5861,5414,11275
8515,20200615,5호선,개화산,5166,4913,10079
8516,20200615,5호선,방화,6834,6452,13286
8517,20200616,5호선,방화,6932,6624,13556
8518,20200616,5호선,개화산,5122,4858,9980
8519,20200616,5호선,김포공항,5775,5279,11054
8520,20200616,5호선,송정,6732,6294,13026
8521,20200616,5호선,마곡,8584,8151,16735
8522,20200616,5호선,발산,18655,18996,37651
8523,20200616,5호선,우장산,14440,14232,28672
8524,20200616,5호선,화곡,28315,26272,54587
8525,20200616,5호선,까치산,28877,27263,56140
8526,20200616,5호선,신정,13909,10680,24589
8527,20200616,5호선,목동,17221,18811,36032
8528,20200616,5호선,오목교,21454,23496,44950
8529,20200616,5호선,양평,7573,7480,15053
8530,20200616,5호선,영등포구청,3992,3993,7985
8531,20200616,5호선,영등포시장,8502,8775,17277
8532,20200616,5호선,신길,3658,4032,7690
8533,20200616,5호선,여의도,26089,27765,53854
8534,20200616,5호선,여의나루,9647,9672,19319
8535,20200616,5호선,마포,14473,14938,29411
8536,20200616,5호선,공덕,14179,15281,29460
8537,20200616,5호선,애오개,7095,7147,14242
8538,20200616,5호선,충정로,5107,5243,10350
8539,20200616,5호선,서대문,17946,18477,36423
8540,20200616,5호선,광화문,33167,35281,68448
8541,20200616,5호선,종로3가,11471,11556,23027
8542,20200616,5호선,을지로4가,6107,6246,12353
8543,20200616,5호선,동대문역사문화공원,2929,3394,6323
8544,20200616,5호선,청구,4063,3683,7746
8545,20200616,5호선,신금호,6339,6480,12819
8546,20200616,5호선,행당,8154,7281,15435
8547,20200616,5호선,왕십리,4287,4640,8927
8548,20200616,5호선,마장,5322,5012,10334
8549,20200616,5호선,답십리,16050,14607,30657
8550,20200616,5호선,장한평,18069,18095,36164
8551,20200616,5호선,군자,10674,11753,22427
8552,20200616,5호선,아차산,14360,13931,28291
8553,20200616,5호선,광나루,13071,11751,24822
8554,20200616,5호선,천호,17212,18546,35758
8555,20200616,5호선,강동,21448,18339,39787
8556,20200616,5호선,길동,7263,7649,14912
8557,20200616,5호선,굽은다리,8926,8376,17302
8558,20200616,5호선,명일,8125,8430,16555
8559,20200616,5호선,고덕,8591,8524,17115
8560,20200616,5호선,상일동,19118,16544,35662
8561,20200616,5호선,둔촌동,8177,8247,16424
8562,20200616,5호선,올림픽공원,4165,3551,7716
8563,20200616,5호선,방이,6811,7092,13903
8564,20200616,5호선,오금,3874,3763,7637
8565,20200616,5호선,개롱,6336,6447,12783
8566,20200616,5호선,거여,7714,7309,15023
8567,20200616,5호선,마천,5205,5177,10382
8568,20200617,5호선,마천,5135,5164,10299
8569,20200617,5호선,거여,7857,7263,15120
8570,20200617,5호선,개롱,6345,6540,12885
8571,20200617,5호선,오금,3771,3747,7518
8572,20200617,5호선,방이,6863,6958,13821
8573,20200617,5호선,올림픽공원,4148,3567,7715
8574,20200617,5호선,둔촌동,8125,8080,16205
8575,20200617,5호선,상일동,19353,16383,35736
8576,20200617,5호선,고덕,8590,8624,17214
8577,20200617,5호선,명일,8142,8547,16689
8578,20200617,5호선,굽은다리,8778,8454,17232
8579,20200617,5호선,길동,7412,7692,15104
8580,20200617,5호선,강동,21355,18259,39614
8581,20200617,5호선,천호,17344,18781,36125
8582,20200617,5호선,광나루,13451,12240,25691
8583,20200617,5호선,아차산,14554,14021,28575
8584,20200617,5호선,군자,10844,11754,22598
8585,20200617,5호선,장한평,18198,18181,36379
8586,20200617,5호선,답십리,16136,14721,30857
8587,20200617,5호선,마장,5495,5060,10555
8588,20200617,5호선,왕십리,4467,4890,9357
8589,20200617,5호선,행당,8419,7371,15790
8590,20200617,5호선,신금호,6324,6441,12765
8591,20200617,5호선,청구,3996,3724,7720
8592,20200617,5호선,동대문역사문화공원,2922,3336,6258
8593,20200617,5호선,을지로4가,6043,6188,12231
8594,20200617,5호선,종로3가,11842,12003,23845
8595,20200617,5호선,광화문,33969,36487,70456
8596,20200617,5호선,서대문,17845,18318,36163
8597,20200617,5호선,충정로,5121,5352,10473
8598,20200617,5호선,애오개,7144,7189,14333
8599,20200617,5호선,공덕,14301,15511,29812
8600,20200617,5호선,마포,14414,14926,29340
8601,20200617,5호선,여의나루,10457,10669,21126
8602,20200617,5호선,여의도,26146,28142,54288
8603,20200617,5호선,신길,3724,4059,7783
8604,20200617,5호선,영등포시장,8541,9027,17568
8605,20200617,5호선,영등포구청,4086,4117,8203
8606,20200617,5호선,양평,7565,7424,14989
8607,20200617,5호선,오목교,21718,23698,45416
8608,20200617,5호선,목동,17270,18850,36120
8609,20200617,5호선,신정,13955,10768,24723
8610,20200617,5호선,까치산,29105,27484,56589
8611,20200617,5호선,화곡,28585,26303,54888
8612,20200617,5호선,우장산,14611,14295,28906
8613,20200617,5호선,발산,19658,20338,39996
8614,20200617,5호선,마곡,8638,8221,16859
8615,20200617,5호선,송정,6736,6348,13084
8616,20200617,5호선,김포공항,5827,5474,11301
8617,20200617,5호선,개화산,5210,4893,10103
8618,20200617,5호선,방화,6860,6502,13362
8619,20200618,5호선,방화,6747,6446,13193
8620,20200618,5호선,개화산,5222,4946,10168
8621,20200618,5호선,김포공항,6082,5977,12059
8622,20200618,5호선,송정,6782,6212,12994
8623,20200618,5호선,오목교,21979,23826,45805
8624,20200618,5호선,양평,7331,7280,14611
8625,20200618,5호선,영등포구청,4017,4064,8081
8626,20200618,5호선,마곡,8671,8164,16835
8627,20200618,5호선,발산,19001,19596,38597
8628,20200618,5호선,우장산,14272,13928,28200
8629,20200618,5호선,화곡,28239,26034,54273
8630,20200618,5호선,까치산,28844,27248,56092
8631,20200618,5호선,신정,13924,10699,24623
8632,20200618,5호선,목동,17187,18818,36005
8633,20200618,5호선,영등포시장,8549,8776,17325
8634,20200618,5호선,신길,3667,3978,7645
8635,20200618,5호선,여의도,26158,28191,54349
8636,20200618,5호선,여의나루,9893,10119,20012
8637,20200618,5호선,마포,14354,14959,29313
8638,20200618,5호선,공덕,14106,15406,29512
8639,20200618,5호선,애오개,7079,7165,14244
8640,20200618,5호선,충정로,5053,5215,10268
8641,20200618,5호선,서대문,17862,18429,36291
8642,20200618,5호선,광화문,32855,35231,68086
8643,20200618,5호선,종로3가,11610,11744,23354
8644,20200618,5호선,을지로4가,6025,6083,12108
8645,20200618,5호선,동대문역사문화공원,2833,3303,6136
8646,20200618,5호선,청구,3984,3688,7672
8647,20200618,5호선,신금호,6293,6299,12592
8648,20200618,5호선,행당,8119,7153,15272
8649,20200618,5호선,왕십리,4327,4794,9121
8650,20200618,5호선,마장,5523,5165,10688
8651,20200618,5호선,답십리,16089,14616,30705
8652,20200618,5호선,장한평,18198,17907,36105
8653,20200618,5호선,군자,10680,11865,22545
8654,20200618,5호선,아차산,14312,13859,28171
8655,20200618,5호선,광나루,13133,11968,25101
8656,20200618,5호선,천호,17139,18327,35466
8657,20200618,5호선,강동,21266,18144,39410
8658,20200618,5호선,길동,7287,7533,14820
8659,20200618,5호선,굽은다리,8970,8292,17262
8660,20200618,5호선,명일,8072,8288,16360
8661,20200618,5호선,고덕,8346,8430,16776
8662,20200618,5호선,상일동,19412,16457,35869
8663,20200618,5호선,둔촌동,8206,8149,16355
8664,20200618,5호선,올림픽공원,4243,3549,7792
8665,20200618,5호선,방이,6770,7065,13835
8666,20200618,5호선,오금,3867,3784,7651
8667,20200618,5호선,개롱,6266,6406,12672
8668,20200618,5호선,거여,7596,7245,14841
8669,20200618,5호선,마천,5122,5108,10230
8670,20200619,5호선,방화,7044,6510,13554
8671,20200619,5호선,개화산,5326,4897,10223
8672,20200619,5호선,김포공항,6794,6850,13644
8673,20200619,5호선,송정,6880,6325,13205
8674,20200619,5호선,마곡,8764,8302,17066
8675,20200619,5호선,발산,19080,19971,39051
8676,20200619,5호선,우장산,14779,14330,29109
8677,20200619,5호선,화곡,29021,26324,55345
8678,20200619,5호선,까치산,29614,27500,57114
8679,20200619,5호선,신정,14192,10664,24856
8680,20200619,5호선,목동,17534,18912,36446
8681,20200619,5호선,오목교,22850,24980,47830
8682,20200619,5호선,양평,7487,7285,14772
8683,20200619,5호선,영등포구청,4095,4107,8202
8684,20200619,5호선,영등포시장,8967,9020,17987
8685,20200619,5호선,신길,3776,3972,7748
8686,20200619,5호선,여의도,25878,27884,53762
8687,20200619,5호선,여의나루,11487,11744,23231
8688,20200619,5호선,마포,14318,15068,29386
8689,20200619,5호선,공덕,14323,15676,29999
8690,20200619,5호선,애오개,7180,7058,14238
8691,20200619,5호선,충정로,5068,5010,10078
8692,20200619,5호선,서대문,17522,17938,35460
8693,20200619,5호선,광화문,32555,35080,67635
8694,20200619,5호선,종로3가,12083,12848,24931
8695,20200619,5호선,을지로4가,6164,6306,12470
8696,20200619,5호선,동대문역사문화공원,2756,3321,6077
8697,20200619,5호선,청구,4081,3690,7771
8698,20200619,5호선,신금호,6422,6469,12891
8699,20200619,5호선,행당,8382,7181,15563
8700,20200619,5호선,왕십리,4460,5112,9572
8701,20200619,5호선,마장,5613,5224,10837
8702,20200619,5호선,답십리,16293,14792,31085
8703,20200619,5호선,장한평,18369,18076,36445
8704,20200619,5호선,군자,11094,12363,23457
8705,20200619,5호선,아차산,14513,13997,28510
8706,20200619,5호선,광나루,13408,11927,25335
8707,20200619,5호선,천호,18379,19813,38192
8708,20200619,5호선,강동,21712,18286,39998
8709,20200619,5호선,길동,7599,8078,15677
8710,20200619,5호선,굽은다리,9046,8343,17389
8711,20200619,5호선,명일,8335,8543,16878
8712,20200619,5호선,고덕,8478,8477,16955
8713,20200619,5호선,상일동,19406,16094,35500
8714,20200619,5호선,둔촌동,8454,8365,16819
8715,20200619,5호선,올림픽공원,4222,3537,7759
8716,20200619,5호선,방이,6883,7289,14172
8717,20200619,5호선,오금,4013,3802,7815
8718,20200619,5호선,개롱,6444,6610,13054
8719,20200619,5호선,거여,7972,7333,15305
8720,20200619,5호선,마천,5297,5247,10544
8721,20200620,5호선,방화,4628,4327,8955
8722,20200620,5호선,개화산,3369,3275,6644
8723,20200620,5호선,김포공항,5871,6381,12252
8724,20200620,5호선,송정,4830,4666,9496
8725,20200620,5호선,마곡,3716,3476,7192
8726,20200620,5호선,발산,11763,12720,24483
8727,20200620,5호선,우장산,8949,8701,17650
8728,20200620,5호선,화곡,18671,16666,35337
8729,20200620,5호선,까치산,20032,18461,38493
8730,20200620,5호선,신정,8277,6759,15036
8731,20200620,5호선,목동,10442,10786,21228
8732,20200620,5호선,오목교,15166,15894,31060
8733,20200620,5호선,양평,3366,3202,6568
8734,20200620,5호선,영등포구청,1869,1713,3582
8735,20200620,5호선,영등포시장,5957,6396,12353
8736,20200620,5호선,신길,2091,2221,4312
8737,20200620,5호선,여의도,8226,9320,17546
8738,20200620,5호선,여의나루,11571,11740,23311
8739,20200620,5호선,마포,6622,6755,13377
8740,20200620,5호선,공덕,6480,6790,13270
8741,20200620,5호선,애오개,3452,3260,6712
8742,20200620,5호선,충정로,1769,1636,3405
8743,20200620,5호선,서대문,6507,6466,12973
8744,20200620,5호선,광화문,12735,13605,26340
8745,20200620,5호선,종로3가,10004,10556,20560
8746,20200620,5호선,을지로4가,2949,3304,6253
8747,20200620,5호선,동대문역사문화공원,825,1050,1875
8748,20200620,5호선,청구,2320,2108,4428
8749,20200620,5호선,신금호,3748,3665,7413
8750,20200620,5호선,행당,5509,4788,10297
8751,20200620,5호선,왕십리,3198,3761,6959
8752,20200620,5호선,마장,3826,3628,7454
8753,20200620,5호선,답십리,9620,8711,18331
8754,20200620,5호선,장한평,10104,9893,19997
8755,20200620,5호선,군자,7600,8474,16074
8756,20200620,5호선,아차산,11528,10982,22510
8757,20200620,5호선,광나루,9122,8382,17504
8758,20200620,5호선,천호,15392,15431,30823
8759,20200620,5호선,강동,14206,12385,26591
8760,20200620,5호선,길동,5140,5190,10330
8761,20200620,5호선,굽은다리,6341,5828,12169
8762,20200620,5호선,명일,5161,5073,10234
8763,20200620,5호선,고덕,5083,4994,10077
8764,20200620,5호선,상일동,10503,9486,19989
8765,20200620,5호선,둔촌동,5513,5560,11073
8766,20200620,5호선,올림픽공원,2685,2146,4831
8767,20200620,5호선,방이,4725,4651,9376
8768,20200620,5호선,오금,2053,1917,3970
8769,20200620,5호선,개롱,4015,4010,8025
8770,20200620,5호선,거여,5039,4756,9795
8771,20200620,5호선,마천,3784,3896,7680
8772,20200621,5호선,김포공항,5505,5424,10929
8773,20200621,5호선,송정,3472,3519,6991
8774,20200621,5호선,마곡,2333,2422,4755
8775,20200621,5호선,발산,7319,7739,15058
8776,20200621,5호선,우장산,5801,5919,11720
8777,20200621,5호선,화곡,12660,11707,24367
8778,20200621,5호선,까치산,14019,13688,27707
8779,20200621,5호선,신정,5691,4959,10650
8780,20200621,5호선,목동,7090,7354,14444
8781,20200621,5호선,오목교,10388,10767,21155
8782,20200621,5호선,양평,2322,2377,4699
8783,20200621,5호선,영등포구청,1185,1194,2379
8784,20200621,5호선,영등포시장,3502,3719,7221
8785,20200621,5호선,신길,1388,1547,2935
8786,20200621,5호선,여의도,5244,5773,11017
8787,20200621,5호선,여의나루,8631,8508,17139
8788,20200621,5호선,마포,4106,4173,8279
8789,20200621,5호선,공덕,3966,4055,8021
8790,20200621,5호선,애오개,2390,2482,4872
8791,20200621,5호선,충정로,1381,1399,2780
8792,20200621,5호선,서대문,5401,5172,10573
8793,20200621,5호선,광화문,8860,9301,18161
8794,20200621,5호선,종로3가,6811,6237,13048
8795,20200621,5호선,을지로4가,1128,1207,2335
8796,20200621,5호선,동대문역사문화공원,520,694,1214
8797,20200621,5호선,청구,1576,1415,2991
8798,20200621,5호선,신금호,2600,2763,5363
8799,20200621,5호선,행당,3445,3045,6490
8800,20200621,5호선,왕십리,2158,2434,4592
8801,20200621,5호선,마장,2567,2429,4996
8802,20200621,5호선,답십리,6476,6121,12597
8803,20200621,5호선,장한평,6457,6367,12824
8804,20200621,5호선,군자,5136,5747,10883
8805,20200621,5호선,아차산,9107,9046,18153
8806,20200621,5호선,광나루,6914,6853,13767
8807,20200621,5호선,천호,11129,10738,21867
8808,20200621,5호선,강동,9325,8557,17882
8809,20200621,5호선,길동,3530,3522,7052
8810,20200621,5호선,굽은다리,4486,4323,8809
8811,20200621,5호선,명일,3762,3772,7534
8812,20200621,5호선,고덕,3182,3320,6502
8813,20200621,5호선,상일동,6790,6513,13303
8814,20200621,5호선,둔촌동,4169,4193,8362
8815,20200621,5호선,올림픽공원,1757,1511,3268
8816,20200621,5호선,방이,3639,3475,7114
8817,20200621,5호선,오금,1551,1386,2937
8818,20200621,5호선,개롱,2718,3040,5758
8819,20200621,5호선,거여,3242,3265,6507
8820,20200621,5호선,마천,2973,3251,6224
8821,20200621,5호선,방화,3343,3285,6628
8822,20200621,5호선,개화산,2389,2418,4807
8823,20200622,5호선,마천,5171,5183,10354
8824,20200622,5호선,거여,7546,7145,14691
8825,20200622,5호선,개롱,6131,6389,12520
8826,20200622,5호선,오금,3822,3758,7580
8827,20200622,5호선,방이,6662,6903,13565
8828,20200622,5호선,올림픽공원,4000,3399,7399
8829,20200622,5호선,둔촌동,7820,7993,15813
8830,20200622,5호선,상일동,19248,16452,35700
8831,20200622,5호선,고덕,8412,8629,17041
8832,20200622,5호선,명일,8125,8450,16575
8833,20200622,5호선,굽은다리,8700,8244,16944
8834,20200622,5호선,길동,7408,7667,15075
8835,20200622,5호선,강동,21182,18181,39363
8836,20200622,5호선,천호,16531,17785,34316
8837,20200622,5호선,광나루,12598,11367,23965
8838,20200622,5호선,아차산,13571,13359,26930
8839,20200622,5호선,군자,10201,11216,21417
8840,20200622,5호선,장한평,17743,17578,35321
8841,20200622,5호선,답십리,15755,14351,30106
8842,20200622,5호선,마장,5310,4879,10189
8843,20200622,5호선,왕십리,4200,4711,8911
8844,20200622,5호선,행당,8127,7345,15472
8845,20200622,5호선,신금호,6138,6300,12438
8846,20200622,5호선,청구,3942,3693,7635
8847,20200622,5호선,동대문역사문화공원,2758,3195,5953
8848,20200622,5호선,을지로4가,5873,5836,11709
8849,20200622,5호선,종로3가,11026,10875,21901
8850,20200622,5호선,광화문,31241,32958,64199
8851,20200622,5호선,서대문,17867,18451,36318
8852,20200622,5호선,충정로,5066,5180,10246
8853,20200622,5호선,애오개,6816,6904,13720
8854,20200622,5호선,공덕,13726,14872,28598
8855,20200622,5호선,마포,13800,14332,28132
8856,20200622,5호선,여의나루,8939,9148,18087
8857,20200622,5호선,여의도,25923,27397,53320
8858,20200622,5호선,신길,3607,3978,7585
8859,20200622,5호선,영등포시장,8421,8680,17101
8860,20200622,5호선,영등포구청,3964,4016,7980
8861,20200622,5호선,양평,7412,7363,14775
8862,20200622,5호선,오목교,21326,23250,44576
8863,20200622,5호선,목동,16702,18591,35293
8864,20200622,5호선,신정,13702,10599,24301
8865,20200622,5호선,까치산,28362,27058,55420
8866,20200622,5호선,화곡,27941,26005,53946
8867,20200622,5호선,우장산,14477,14010,28487
8868,20200622,5호선,발산,18578,19101,37679
8869,20200622,5호선,마곡,8700,8184,16884
8870,20200622,5호선,송정,6722,6263,12985
8871,20200622,5호선,김포공항,6394,5880,12274
8872,20200622,5호선,개화산,5155,4891,10046
8873,20200622,5호선,방화,6760,6463,13223
8874,20200623,5호선,마천,5206,5305,10511
8875,20200623,5호선,거여,7745,7280,15025
8876,20200623,5호선,개롱,6364,6548,12912
8877,20200623,5호선,오금,3970,3818,7788
8878,20200623,5호선,방이,6787,7229,14016
8879,20200623,5호선,올림픽공원,4060,3537,7597
8880,20200623,5호선,둔촌동,8077,8098,16175
8881,20200623,5호선,상일동,19479,16435,35914
8882,20200623,5호선,고덕,8689,8704,17393
8883,20200623,5호선,명일,8247,8573,16820
8884,20200623,5호선,굽은다리,8723,8270,16993
8885,20200623,5호선,길동,7385,7743,15128
8886,20200623,5호선,강동,21536,18583,40119
8887,20200623,5호선,천호,16986,18467,35453
8888,20200623,5호선,광나루,13028,11797,24825
8889,20200623,5호선,아차산,14196,13746,27942
8890,20200623,5호선,군자,10563,11618,22181
8891,20200623,5호선,장한평,18174,18101,36275
8892,20200623,5호선,답십리,16022,14634,30656
8893,20200623,5호선,마장,5418,5149,10567
8894,20200623,5호선,왕십리,4342,4789,9131
8895,20200623,5호선,행당,8156,7255,15411
8896,20200623,5호선,신금호,6286,6469,12755
8897,20200623,5호선,청구,4044,3760,7804
8898,20200623,5호선,동대문역사문화공원,2788,3218,6006
8899,20200623,5호선,을지로4가,6053,6152,12205
8900,20200623,5호선,종로3가,11508,11452,22960
8901,20200623,5호선,광화문,32492,34750,67242
8902,20200623,5호선,서대문,18122,18537,36659
8903,20200623,5호선,충정로,5272,5274,10546
8904,20200623,5호선,애오개,6952,7045,13997
8905,20200623,5호선,공덕,14417,15507,29924
8906,20200623,5호선,마포,14188,14797,28985
8907,20200623,5호선,여의나루,9524,9580,19104
8908,20200623,5호선,여의도,26929,28444,55373
8909,20200623,5호선,신길,3629,3815,7444
8910,20200623,5호선,영등포시장,8472,8745,17217
8911,20200623,5호선,영등포구청,4106,4076,8182
8912,20200623,5호선,양평,7523,7417,14940
8913,20200623,5호선,오목교,21472,23509,44981
8914,20200623,5호선,목동,17346,18924,36270
8915,20200623,5호선,신정,13940,10716,24656
8916,20200623,5호선,까치산,29010,27561,56571
8917,20200623,5호선,화곡,28349,26208,54557
8918,20200623,5호선,우장산,14633,14384,29017
8919,20200623,5호선,발산,19157,19695,38852
8920,20200623,5호선,마곡,8688,8280,16968
8921,20200623,5호선,송정,6800,6284,13084
8922,20200623,5호선,김포공항,5980,5587,11567
8923,20200623,5호선,개화산,5119,4824,9943
8924,20200623,5호선,방화,6690,6397,13087
8925,20200624,5호선,마천,4968,5007,9975
8926,20200624,5호선,거여,7591,7182,14773
8927,20200624,5호선,개롱,6156,6339,12495
8928,20200624,5호선,오금,3841,3727,7568
8929,20200624,5호선,방이,6819,7118,13937
8930,20200624,5호선,올림픽공원,3780,3143,6923
8931,20200624,5호선,둔촌동,7830,7863,15693
8932,20200624,5호선,상일동,18669,15974,34643
8933,20200624,5호선,고덕,8206,8280,16486
8934,20200624,5호선,명일,8031,8412,16443
8935,20200624,5호선,굽은다리,8665,8413,17078
8936,20200624,5호선,길동,7222,7479,14701
8937,20200624,5호선,강동,20920,18234,39154
8938,20200624,5호선,천호,16038,17208,33246
8939,20200624,5호선,광나루,12143,10927,23070
8940,20200624,5호선,아차산,13218,13076,26294
8941,20200624,5호선,군자,10321,11561,21882
8942,20200624,5호선,장한평,17538,17447,34985
8943,20200624,5호선,답십리,15527,14663,30190
8944,20200624,5호선,마장,5304,5288,10592
8945,20200624,5호선,왕십리,4219,4899,9118
8946,20200624,5호선,행당,8005,7141,15146
8947,20200624,5호선,신금호,6118,6140,12258
8948,20200624,5호선,청구,3842,3585,7427
8949,20200624,5호선,동대문역사문화공원,2897,3200,6097
8950,20200624,5호선,을지로4가,5700,5821,11521
8951,20200624,5호선,종로3가,10994,10851,21845
8952,20200624,5호선,광화문,33790,35119,68909
8953,20200624,5호선,서대문,17951,18242,36193
8954,20200624,5호선,충정로,5303,5422,10725
8955,20200624,5호선,애오개,7121,7237,14358
8956,20200624,5호선,공덕,14005,15274,29279
8957,20200624,5호선,마포,14319,14581,28900
8958,20200624,5호선,여의나루,7020,7127,14147
8959,20200624,5호선,여의도,26809,27790,54599
8960,20200624,5호선,신길,3627,3922,7549
8961,20200624,5호선,영등포시장,8170,8486,16656
8962,20200624,5호선,영등포구청,3804,3968,7772
8963,20200624,5호선,양평,7408,7225,14633
8964,20200624,5호선,오목교,21151,22938,44089
8965,20200624,5호선,목동,16597,18092,34689
8966,20200624,5호선,신정,13710,10510,24220
8967,20200624,5호선,까치산,28038,26665,54703
8968,20200624,5호선,화곡,27177,25010,52187
8969,20200624,5호선,우장산,14181,13780,27961
8970,20200624,5호선,발산,18640,19001,37641
8971,20200624,5호선,마곡,8469,7973,16442
8972,20200624,5호선,송정,6494,5994,12488
8973,20200624,5호선,김포공항,5747,5265,11012
8974,20200624,5호선,개화산,4899,4570,9469
8975,20200624,5호선,방화,6456,6136,12592
8976,20200625,5호선,마천,5176,5234,10410
8977,20200625,5호선,거여,7689,7224,14913
8978,20200625,5호선,개롱,6332,6492,12824
8979,20200625,5호선,오금,3902,3830,7732
8980,20200625,5호선,방이,6888,7137,14025
8981,20200625,5호선,올림픽공원,4014,3355,7369
8982,20200625,5호선,둔촌동,8142,8172,16314
8983,20200625,5호선,상일동,19310,16185,35495
8984,20200625,5호선,고덕,8450,8472,16922
8985,20200625,5호선,명일,8209,8328,16537
8986,20200625,5호선,굽은다리,8864,8310,17174
8987,20200625,5호선,길동,7120,7567,14687
8988,20200625,5호선,강동,20894,18183,39077
8989,20200625,5호선,천호,17151,18468,35619
8990,20200625,5호선,광나루,12733,11489,24222
8991,20200625,5호선,아차산,13710,13284,26994
8992,20200625,5호선,군자,10575,11609,22184
8993,20200625,5호선,장한평,17946,17849,35795
8994,20200625,5호선,답십리,15966,14605,30571
8995,20200625,5호선,마장,5606,5168,10774
8996,20200625,5호선,왕십리,4379,4928,9307
8997,20200625,5호선,행당,8151,7213,15364
8998,20200625,5호선,신금호,6363,6405,12768
8999,20200625,5호선,청구,3977,3688,7665
9000,20200625,5호선,동대문역사문화공원,2819,3167,5986
9001,20200625,5호선,을지로4가,5926,6139,12065
9002,20200625,5호선,종로3가,11732,11770,23502
9003,20200625,5호선,광화문,32694,34911,67605
9004,20200625,5호선,서대문,18094,18542,36636
9005,20200625,5호선,충정로,5174,5234,10408
9006,20200625,5호선,애오개,7091,7228,14319
9007,20200625,5호선,공덕,14510,15667,30177
9008,20200625,5호선,마포,14422,14946,29368
9009,20200625,5호선,여의나루,7216,7468,14684
9010,20200625,5호선,여의도,26372,28027,54399
9011,20200625,5호선,신길,3667,3956,7623
9012,20200625,5호선,영등포시장,8563,8932,17495
9013,20200625,5호선,영등포구청,3987,4048,8035
9014,20200625,5호선,양평,7445,7415,14860
9015,20200625,5호선,오목교,21925,23780,45705
9016,20200625,5호선,목동,17136,18772,35908
9017,20200625,5호선,신정,13774,10673,24447
9018,20200625,5호선,까치산,28891,27195,56086
9019,20200625,5호선,화곡,28031,25752,53783
9020,20200625,5호선,우장산,14632,14362,28994
9021,20200625,5호선,발산,19150,19492,38642
9022,20200625,5호선,마곡,8583,8255,16838
9023,20200625,5호선,송정,6760,6259,13019
9024,20200625,5호선,김포공항,5893,5814,11707
9025,20200625,5호선,개화산,5189,4823,10012
9026,20200625,5호선,방화,6687,6415,13102
9027,20200626,5호선,마천,5387,5335,10722
9028,20200626,5호선,거여,8027,7464,15491
9029,20200626,5호선,개롱,6497,6367,12864
9030,20200626,5호선,오금,3966,3825,7791
9031,20200626,5호선,방이,7135,7401,14536
9032,20200626,5호선,올림픽공원,4327,3510,7837
9033,20200626,5호선,둔촌동,8432,8509,16941
9034,20200626,5호선,상일동,20041,16563,36604
9035,20200626,5호선,고덕,9054,8789,17843
9036,20200626,5호선,명일,8619,8987,17606
9037,20200626,5호선,굽은다리,9333,8554,17887
9038,20200626,5호선,길동,7705,8072,15777
9039,20200626,5호선,강동,21637,18425,40062
9040,20200626,5호선,천호,18991,20318,39309
9041,20200626,5호선,광나루,13494,12008,25502
9042,20200626,5호선,아차산,14487,13824,28311
9043,20200626,5호선,군자,11143,12315,23458
9044,20200626,5호선,장한평,18746,18266,37012
9045,20200626,5호선,답십리,16607,14780,31387
9046,20200626,5호선,마장,5740,5299,11039
9047,20200626,5호선,왕십리,4510,5241,9751
9048,20200626,5호선,행당,8533,7327,15860
9049,20200626,5호선,신금호,6475,6355,12830
9050,20200626,5호선,동대문역사문화공원,2661,3273,5934
9051,20200626,5호선,을지로4가,6116,6396,12512
9052,20200626,5호선,종로3가,12546,13311,25857
9053,20200626,5호선,광화문,32837,35382,68219
9054,20200626,5호선,서대문,17796,18272,36068
9055,20200626,5호선,충정로,4984,5095,10079
9056,20200626,5호선,애오개,7311,7239,14550
9057,20200626,5호선,공덕,14513,16050,30563
9058,20200626,5호선,마포,14471,15229,29700
9059,20200626,5호선,여의나루,10025,10031,20056
9060,20200626,5호선,여의도,25911,28084,53995
9061,20200626,5호선,신길,3648,3840,7488
9062,20200626,5호선,영등포시장,8965,9102,18067
9063,20200626,5호선,영등포구청,4167,4074,8241
9064,20200626,5호선,양평,7517,7222,14739
9065,20200626,5호선,오목교,23425,25628,49053
9066,20200626,5호선,목동,18126,19356,37482
9067,20200626,5호선,신정,14315,10748,25063
9068,20200626,5호선,까치산,29988,27985,57973
9069,20200626,5호선,화곡,29465,26629,56094
9070,20200626,5호선,우장산,15106,14505,29611
9071,20200626,5호선,발산,19284,20174,39458
9072,20200626,5호선,마곡,8831,8307,17138
9073,20200626,5호선,송정,7106,6464,13570
9074,20200626,5호선,김포공항,7031,6893,13924
9075,20200626,5호선,개화산,5273,4850,10123
9076,20200626,5호선,방화,6933,6490,13423
9077,20200626,5호선,청구,4034,3752,7786
9078,20200627,5호선,길동,5264,5357,10621
9079,20200627,5호선,방화,4845,4524,9369
9080,20200627,5호선,개화산,3401,3357,6758
9081,20200627,5호선,김포공항,6117,6425,12542
9082,20200627,5호선,송정,5085,4895,9980
9083,20200627,5호선,마곡,3746,3688,7434
9084,20200627,5호선,발산,11969,12711,24680
9085,20200627,5호선,우장산,9495,9150,18645
9086,20200627,5호선,화곡,19167,17148,36315
9087,20200627,5호선,까치산,20439,19014,39453
9088,20200627,5호선,신정,8756,6946,15702
9089,20200627,5호선,목동,11027,11332,22359
9090,20200627,5호선,오목교,16344,17321,33665
9091,20200627,5호선,양평,3381,3167,6548
9092,20200627,5호선,영등포구청,1791,1782,3573
9093,20200627,5호선,영등포시장,6439,6859,13298
9094,20200627,5호선,신길,2123,2113,4236
9095,20200627,5호선,여의도,8561,9982,18543
9096,20200627,5호선,여의나루,10912,11027,21939
9097,20200627,5호선,마포,7013,7073,14086
9098,20200627,5호선,공덕,6586,7190,13776
9099,20200627,5호선,애오개,3687,3468,7155
9100,20200627,5호선,충정로,1917,1711,3628
9101,20200627,5호선,서대문,6517,6397,12914
9102,20200627,5호선,광화문,13653,14327,27980
9103,20200627,5호선,종로3가,10632,11316,21948
9104,20200627,5호선,을지로4가,2971,3335,6306
9105,20200627,5호선,동대문역사문화공원,808,1079,1887
9106,20200627,5호선,청구,2488,2137,4625
9107,20200627,5호선,신금호,3870,3725,7595
9108,20200627,5호선,행당,5533,4630,10163
9109,20200627,5호선,왕십리,3275,3820,7095
9110,20200627,5호선,마장,3609,3438,7047
9111,20200627,5호선,답십리,9651,8739,18390
9112,20200627,5호선,장한평,10351,10077,20428
9113,20200627,5호선,군자,7696,8581,16277
9114,20200627,5호선,아차산,11321,10829,22150
9115,20200627,5호선,광나루,9271,8700,17971
9116,20200627,5호선,천호,16172,16033,32205
9117,20200627,5호선,강동,14619,12744,27363
9118,20200627,5호선,굽은다리,6646,6091,12737
9119,20200627,5호선,명일,5481,5266,10747
9120,20200627,5호선,고덕,5345,5381,10726
9121,20200627,5호선,상일동,11052,9905,20957
9122,20200627,5호선,둔촌동,5671,5762,11433
9123,20200627,5호선,올림픽공원,2767,2293,5060
9124,20200627,5호선,방이,5016,4839,9855
9125,20200627,5호선,오금,2447,2213,4660
9126,20200627,5호선,개롱,4226,4315,8541
9127,20200627,5호선,거여,4994,4622,9616
9128,20200627,5호선,마천,3788,3919,7707
9129,20200628,5호선,마천,2948,3213,6161
9130,20200628,5호선,거여,3339,3319,6658
9131,20200628,5호선,개롱,2959,3134,6093
9132,20200628,5호선,오금,1505,1350,2855
9133,20200628,5호선,방이,3839,3724,7563
9134,20200628,5호선,올림픽공원,1858,1555,3413
9135,20200628,5호선,둔촌동,4237,4215,8452
9136,20200628,5호선,상일동,7164,6773,13937
9137,20200628,5호선,고덕,3317,3400,6717
9138,20200628,5호선,명일,3745,3785,7530
9139,20200628,5호선,굽은다리,4528,4300,8828
9140,20200628,5호선,길동,3444,3561,7005
9141,20200628,5호선,강동,9647,9095,18742
9142,20200628,5호선,천호,11483,10964,22447
9143,20200628,5호선,광나루,6754,6420,13174
9144,20200628,5호선,아차산,8952,9146,18098
9145,20200628,5호선,군자,5301,6041,11342
9146,20200628,5호선,장한평,6450,6438,12888
9147,20200628,5호선,답십리,6881,6291,13172
9148,20200628,5호선,마장,2662,2625,5287
9149,20200628,5호선,왕십리,2143,2632,4775
9150,20200628,5호선,행당,3661,3276,6937
9151,20200628,5호선,신금호,2600,2788,5388
9152,20200628,5호선,청구,1645,1525,3170
9153,20200628,5호선,동대문역사문화공원,546,645,1191
9154,20200628,5호선,을지로4가,1197,1303,2500
9155,20200628,5호선,종로3가,7312,6713,14025
9156,20200628,5호선,광화문,9798,10269,20067
9157,20200628,5호선,서대문,4599,4505,9104
9158,20200628,5호선,충정로,1384,1396,2780
9159,20200628,5호선,애오개,2447,2613,5060
9160,20200628,5호선,공덕,3998,4105,8103
9161,20200628,5호선,마포,4251,4301,8552
9162,20200628,5호선,여의나루,8895,8871,17766
9163,20200628,5호선,여의도,5203,5700,10903
9164,20200628,5호선,신길,1430,1601,3031
9165,20200628,5호선,영등포시장,3934,4070,8004
9166,20200628,5호선,영등포구청,1235,1082,2317
9167,20200628,5호선,양평,2318,2383,4701
9168,20200628,5호선,오목교,10995,11552,22547
9169,20200628,5호선,목동,7311,7416,14727
9170,20200628,5호선,신정,5729,5186,10915
9171,20200628,5호선,까치산,14399,13995,28394
9172,20200628,5호선,화곡,12733,12065,24798
9173,20200628,5호선,우장산,5946,6220,12166
9174,20200628,5호선,발산,8060,8470,16530
9175,20200628,5호선,마곡,2456,2483,4939
9176,20200628,5호선,송정,3534,3502,7036
9177,20200628,5호선,김포공항,5734,5510,11244
9178,20200628,5호선,개화산,2489,2563,5052
9179,20200628,5호선,방화,3536,3530,7066
9180,20200629,5호선,왕십리,4301,4716,9017
9181,20200629,5호선,방화,6836,6562,13398
9182,20200629,5호선,개화산,5271,4965,10236
9183,20200629,5호선,김포공항,6170,5682,11852
9184,20200629,5호선,송정,6713,6349,13062
9185,20200629,5호선,마곡,8772,8396,17168
9186,20200629,5호선,발산,19111,19442,38553
9187,20200629,5호선,우장산,14674,14548,29222
9188,20200629,5호선,화곡,28409,26329,54738
9189,20200629,5호선,까치산,28996,27677,56673
9190,20200629,5호선,신정,13896,10863,24759
9191,20200629,5호선,목동,16897,18820,35717
9192,20200629,5호선,오목교,21621,23718,45339
9193,20200629,5호선,양평,7555,7569,15124
9194,20200629,5호선,영등포구청,3985,3991,7976
9195,20200629,5호선,영등포시장,8658,9090,17748
9196,20200629,5호선,신길,3659,4036,7695
9197,20200629,5호선,여의도,26566,27738,54304
9198,20200629,5호선,여의나루,7656,7963,15619
9199,20200629,5호선,마포,14373,14715,29088
9200,20200629,5호선,공덕,14205,15052,29257
9201,20200629,5호선,애오개,6991,7208,14199
9202,20200629,5호선,충정로,5058,5140,10198
9203,20200629,5호선,서대문,18137,18443,36580
9204,20200629,5호선,광화문,31754,33099,64853
9205,20200629,5호선,종로3가,11550,11171,22721
9206,20200629,5호선,을지로4가,6041,6045,12086
9207,20200629,5호선,동대문역사문화공원,2858,3155,6013
9208,20200629,5호선,청구,3933,3650,7583
9209,20200629,5호선,신금호,6196,6333,12529
9210,20200629,5호선,행당,8145,7456,15601
9211,20200629,5호선,마장,5411,5086,10497
9212,20200629,5호선,답십리,15880,14674,30554
9213,20200629,5호선,장한평,18088,18072,36160
9214,20200629,5호선,군자,10419,11369,21788
9215,20200629,5호선,아차산,13754,13604,27358
9216,20200629,5호선,광나루,12690,11615,24305
9217,20200629,5호선,천호,17283,18320,35603
9218,20200629,5호선,강동,21197,18523,39720
9219,20200629,5호선,길동,7453,7921,15374
9220,20200629,5호선,굽은다리,8931,8513,17444
9221,20200629,5호선,명일,8364,8717,17081
9222,20200629,5호선,고덕,8706,8749,17455
9223,20200629,5호선,상일동,19483,16632,36115
9224,20200629,5호선,둔촌동,7939,7999,15938
9225,20200629,5호선,올림픽공원,4096,3466,7562
9226,20200629,5호선,방이,6905,7175,14080
9227,20200629,5호선,오금,3979,3876,7855
9228,20200629,5호선,개롱,6271,6515,12786
9229,20200629,5호선,거여,7940,7597,15537
9230,20200629,5호선,마천,5205,5296,10501
9231,20200630,5호선,방화,6835,6485,13320
9232,20200630,5호선,개화산,5111,4766,9877
9233,20200630,5호선,김포공항,6222,5936,12158
9234,20200630,5호선,송정,6532,6062,12594
9235,20200630,5호선,마곡,8629,8262,16891
9236,20200630,5호선,발산,18885,19319,38204
9237,20200630,5호선,우장산,14369,14160,28529
9238,20200630,5호선,화곡,27872,25629,53501
9239,20200630,5호선,까치산,28898,27139,56037
9240,20200630,5호선,신정,13956,10839,24795
9241,20200630,5호선,목동,16899,18701,35600
9242,20200630,5호선,오목교,22087,23888,45975
9243,20200630,5호선,양평,7596,7649,15245
9244,20200630,5호선,영등포구청,3937,4026,7963
9245,20200630,5호선,영등포시장,8532,8952,17484
9246,20200630,5호선,신길,3681,3863,7544
9247,20200630,5호선,여의도,26171,28010,54181
9248,20200630,5호선,여의나루,7325,7629,14954
9249,20200630,5호선,마포,14282,14711,28993
9250,20200630,5호선,공덕,14184,15479,29663
9251,20200630,5호선,애오개,7036,7105,14141
9252,20200630,5호선,충정로,5205,5246,10451
9253,20200630,5호선,서대문,17535,18430,35965
9254,20200630,5호선,광화문,32481,34660,67141
9255,20200630,5호선,종로3가,11411,11214,22625
9256,20200630,5호선,을지로4가,5805,5991,11796
9257,20200630,5호선,동대문역사문화공원,2760,3303,6063
9258,20200630,5호선,청구,3955,3639,7594
9259,20200630,5호선,신금호,6230,6294,12524
9260,20200630,5호선,행당,8183,7271,15454
9261,20200630,5호선,왕십리,4348,4799,9147
9262,20200630,5호선,마장,5472,5065,10537
9263,20200630,5호선,답십리,15834,14348,30182
9264,20200630,5호선,장한평,18128,18001,36129
9265,20200630,5호선,군자,10579,11517,22096
9266,20200630,5호선,아차산,13752,13287,27039
9267,20200630,5호선,광나루,12786,11626,24412
9268,20200630,5호선,천호,17000,18143,35143
9269,20200630,5호선,강동,20995,18127,39122
9270,20200630,5호선,길동,7382,7650,15032
9271,20200630,5호선,굽은다리,8875,8350,17225
9272,20200630,5호선,명일,8376,8557,16933
9273,20200630,5호선,고덕,8634,8614,17248
9274,20200630,5호선,상일동,19075,16256,35331
9275,20200630,5호선,둔촌동,7988,8054,16042
9276,20200630,5호선,올림픽공원,4079,3550,7629
9277,20200630,5호선,방이,6982,7167,14149
9278,20200630,5호선,오금,3867,3761,7628
9279,20200630,5호선,개롱,6270,6466,12736
9280,20200630,5호선,거여,7762,7279,15041
9281,20200630,5호선,마천,5071,5123,10194
9282,20200701,5호선,방화,6940,6625,13565
9283,20200701,5호선,개화산,5326,4988,10314
9284,20200701,5호선,김포공항,5992,6018,12010
9285,20200701,5호선,송정,6734,6289,13023
9286,20200701,5호선,마곡,8879,8478,17357
9287,20200701,5호선,발산,19205,19556,38761
9288,20200701,5호선,우장산,14905,14514,29419
9289,20200701,5호선,화곡,28785,26420,55205
9290,20200701,5호선,까치산,29646,28051,57697
9291,20200701,5호선,신정,14144,10936,25080
9292,20200701,5호선,목동,17337,18995,36332
9293,20200701,5호선,오목교,22186,24167,46353
9294,20200701,5호선,양평,7706,7589,15295
9295,20200701,5호선,영등포구청,4149,4071,8220
9296,20200701,5호선,영등포시장,9037,9276,18313
9297,20200701,5호선,신길,3669,3916,7585
9298,20200701,5호선,여의도,26676,28480,55156
9299,20200701,5호선,여의나루,9873,9996,19869
9300,20200701,5호선,마포,14483,15099,29582
9301,20200701,5호선,공덕,14454,15748,30202
9302,20200701,5호선,애오개,7131,7188,14319
9303,20200701,5호선,충정로,5148,5299,10447
9304,20200701,5호선,서대문,17865,18584,36449
9305,20200701,5호선,광화문,33580,35816,69396
9306,20200701,5호선,종로3가,12587,12330,24917
9307,20200701,5호선,을지로4가,6062,6305,12367
9308,20200701,5호선,동대문역사문화공원,2778,3193,5971
9309,20200701,5호선,청구,4163,3690,7853
9310,20200701,5호선,신금호,6546,6709,13255
9311,20200701,5호선,행당,8501,7413,15914
9312,20200701,5호선,왕십리,4433,4996,9429
9313,20200701,5호선,마장,5581,5168,10749
9314,20200701,5호선,답십리,16422,14904,31326
9315,20200701,5호선,장한평,18399,18211,36610
9316,20200701,5호선,군자,11055,12124,23179
9317,20200701,5호선,아차산,14424,13945,28369
9318,20200701,5호선,광나루,13184,11946,25130
9319,20200701,5호선,천호,17593,18696,36289
9320,20200701,5호선,강동,21696,18734,40430
9321,20200701,5호선,길동,7386,7695,15081
9322,20200701,5호선,굽은다리,9090,8657,17747
9323,20200701,5호선,명일,8342,8688,17030
9324,20200701,5호선,고덕,8733,8777,17510
9325,20200701,5호선,상일동,19749,16696,36445
9326,20200701,5호선,둔촌동,8280,8302,16582
9327,20200701,5호선,올림픽공원,4353,3673,8026
9328,20200701,5호선,방이,6941,7239,14180
9329,20200701,5호선,오금,3864,3879,7743
9330,20200701,5호선,개롱,6522,6692,13214
9331,20200701,5호선,거여,7953,7554,15507
9332,20200701,5호선,마천,5373,5289,10662
9333,20200702,5호선,마천,5355,5350,10705
9334,20200702,5호선,거여,7814,7412,15226
9335,20200702,5호선,개롱,6333,6472,12805
9336,20200702,5호선,오금,3958,3751,7709
9337,20200702,5호선,방이,6957,7347,14304
9338,20200702,5호선,올림픽공원,4232,3560,7792
9339,20200702,5호선,둔촌동,8232,8121,16353
9340,20200702,5호선,상일동,19642,16648,36290
9341,20200702,5호선,고덕,8899,8779,17678
9342,20200702,5호선,명일,8307,8518,16825
9343,20200702,5호선,굽은다리,9125,8525,17650
9344,20200702,5호선,길동,7486,7859,15345
9345,20200702,5호선,강동,21515,18542,40057
9346,20200702,5호선,천호,17644,18785,36429
9347,20200702,5호선,광나루,13333,11945,25278
9348,20200702,5호선,아차산,14300,13920,28220
9349,20200702,5호선,군자,10912,12073,22985
9350,20200702,5호선,장한평,18282,18247,36529
9351,20200702,5호선,답십리,16290,14578,30868
9352,20200702,5호선,마장,5508,5126,10634
9353,20200702,5호선,왕십리,4447,4892,9339
9354,20200702,5호선,행당,8416,7236,15652
9355,20200702,5호선,신금호,6352,6470,12822
9356,20200702,5호선,청구,4034,3777,7811
9357,20200702,5호선,동대문역사문화공원,2809,3261,6070
9358,20200702,5호선,을지로4가,6090,6276,12366
9359,20200702,5호선,종로3가,12499,12310,24809
9360,20200702,5호선,광화문,32315,35159,67474
9361,20200702,5호선,서대문,17924,18591,36515
9362,20200702,5호선,충정로,5204,5245,10449
9363,20200702,5호선,애오개,7220,7189,14409
9364,20200702,5호선,공덕,14580,15900,30480
9365,20200702,5호선,마포,14458,14995,29453
9366,20200702,5호선,여의나루,10310,10680,20990
9367,20200702,5호선,여의도,26548,28491,55039
9368,20200702,5호선,신길,3721,4027,7748
9369,20200702,5호선,영등포시장,8831,9050,17881
9370,20200702,5호선,영등포구청,4120,4125,8245
9371,20200702,5호선,양평,7557,7375,14932
9372,20200702,5호선,오목교,22212,24217,46429
9373,20200702,5호선,목동,17531,18893,36424
9374,20200702,5호선,신정,14029,10855,24884
9375,20200702,5호선,까치산,29431,27763,57194
9376,20200702,5호선,화곡,28796,26519,55315
9377,20200702,5호선,우장산,14857,14441,29298
9378,20200702,5호선,발산,19215,19586,38801
9379,20200702,5호선,마곡,9045,8510,17555
9380,20200702,5호선,송정,6830,6298,13128
9381,20200702,5호선,김포공항,6251,6216,12467
9382,20200702,5호선,개화산,5397,5073,10470
9383,20200702,5호선,방화,7015,6711,13726
9384,20200703,5호선,마천,5447,5372,10819
9385,20200703,5호선,거여,7956,7398,15354
9386,20200703,5호선,개롱,6615,6601,13216
9387,20200703,5호선,오금,3852,3822,7674
9388,20200703,5호선,방이,7053,7364,14417
9389,20200703,5호선,올림픽공원,4410,3614,8024
9390,20200703,5호선,둔촌동,8428,8447,16875
9391,20200703,5호선,상일동,19826,16702,36528
9392,20200703,5호선,고덕,9031,8932,17963
9393,20200703,5호선,명일,8420,8713,17133
9394,20200703,5호선,굽은다리,9320,8483,17803
9395,20200703,5호선,길동,7716,7939,15655
9396,20200703,5호선,강동,21747,18550,40297
9397,20200703,5호선,천호,18553,20023,38576
9398,20200703,5호선,광나루,13550,12010,25560
9399,20200703,5호선,아차산,14575,14032,28607
9400,20200703,5호선,군자,11161,12455,23616
9401,20200703,5호선,장한평,18629,18377,37006
9402,20200703,5호선,답십리,16586,14798,31384
9403,20200703,5호선,마장,5641,5273,10914
9404,20200703,5호선,왕십리,4568,5328,9896
9405,20200703,5호선,행당,8484,7276,15760
9406,20200703,5호선,신금호,6554,6612,13166
9407,20200703,5호선,청구,4033,3716,7749
9408,20200703,5호선,동대문역사문화공원,2729,3241,5970
9409,20200703,5호선,을지로4가,6138,6422,12560
9410,20200703,5호선,종로3가,12960,13372,26332
9411,20200703,5호선,광화문,31357,33588,64945
9412,20200703,5호선,서대문,17903,18378,36281
9413,20200703,5호선,충정로,4982,5034,10016
9414,20200703,5호선,애오개,7211,7154,14365
9415,20200703,5호선,공덕,14891,16176,31067
9416,20200703,5호선,마포,14739,15199,29938
9417,20200703,5호선,여의나루,12514,12154,24668
9418,20200703,5호선,여의도,26832,28657,55489
9419,20200703,5호선,신길,3773,3928,7701
9420,20200703,5호선,영등포시장,9004,9191,18195
9421,20200703,5호선,영등포구청,4104,4124,8228
9422,20200703,5호선,양평,7590,7360,14950
9423,20200703,5호선,오목교,23271,25567,48838
9424,20200703,5호선,목동,17936,19468,37404
9425,20200703,5호선,신정,14497,10785,25282
9426,20200703,5호선,까치산,30089,27799,57888
9427,20200703,5호선,화곡,29579,26875,56454
9428,20200703,5호선,우장산,15278,14732,30010
9429,20200703,5호선,발산,19260,20383,39643
9430,20200703,5호선,마곡,9040,8409,17449
9431,20200703,5호선,송정,7071,6367,13438
9432,20200703,5호선,김포공항,7148,6716,13864
9433,20200703,5호선,개화산,5375,4934,10309
9434,20200703,5호선,방화,7223,6693,13916
9435,20200704,5호선,방화,4886,4573,9459
9436,20200704,5호선,마천,3946,3972,7918
9437,20200704,5호선,거여,5037,4874,9911
9438,20200704,5호선,개롱,4110,4246,8356
9439,20200704,5호선,오금,2191,2039,4230
9440,20200704,5호선,방이,4953,4737,9690
9441,20200704,5호선,올림픽공원,2609,2252,4861
9442,20200704,5호선,둔촌동,5882,5692,11574
9443,20200704,5호선,상일동,10938,9815,20753
9444,20200704,5호선,고덕,5366,5162,10528
9445,20200704,5호선,명일,5163,5058,10221
9446,20200704,5호선,굽은다리,6597,5927,12524
9447,20200704,5호선,길동,5332,5256,10588
9448,20200704,5호선,강동,14186,12361,26547
9449,20200704,5호선,천호,15919,16038,31957
9450,20200704,5호선,광나루,9093,8551,17644
9451,20200704,5호선,아차산,11218,10669,21887
9452,20200704,5호선,군자,7623,8346,15969
9453,20200704,5호선,장한평,10158,9937,20095
9454,20200704,5호선,답십리,9697,8643,18340
9455,20200704,5호선,마장,3624,3375,6999
9456,20200704,5호선,왕십리,3229,3867,7096
9457,20200704,5호선,행당,5515,4716,10231
9458,20200704,5호선,신금호,3880,3801,7681
9459,20200704,5호선,청구,2405,2120,4525
9460,20200704,5호선,동대문역사문화공원,890,1218,2108
9461,20200704,5호선,을지로4가,3166,3481,6647
9462,20200704,5호선,종로3가,11083,11894,22977
9463,20200704,5호선,광화문,14202,15052,29254
9464,20200704,5호선,서대문,6830,6537,13367
9465,20200704,5호선,충정로,1946,1684,3630
9466,20200704,5호선,애오개,3632,3433,7065
9467,20200704,5호선,공덕,6773,7125,13898
9468,20200704,5호선,마포,6604,6730,13334
9469,20200704,5호선,여의나루,12240,12224,24464
9470,20200704,5호선,여의도,8142,9606,17748
9471,20200704,5호선,신길,2061,2133,4194
9472,20200704,5호선,영등포시장,6175,6457,12632
9473,20200704,5호선,영등포구청,1921,1735,3656
9474,20200704,5호선,양평,3524,3186,6710
9475,20200704,5호선,오목교,15685,16466,32151
9476,20200704,5호선,목동,10737,11001,21738
9477,20200704,5호선,신정,8727,7140,15867
9478,20200704,5호선,까치산,20452,19027,39479
9479,20200704,5호선,화곡,19121,17108,36229
9480,20200704,5호선,우장산,9206,9173,18379
9481,20200704,5호선,발산,12156,13037,25193
9482,20200704,5호선,마곡,3791,3653,7444
9483,20200704,5호선,송정,5019,4650,9669
9484,20200704,5호선,김포공항,6086,6345,12431
9485,20200704,5호선,개화산,3560,3431,6991
9486,20200705,5호선,방화,3480,3357,6837
9487,20200705,5호선,개화산,2421,2627,5048
9488,20200705,5호선,김포공항,5721,5544,11265
9489,20200705,5호선,송정,3442,3474,6916
9490,20200705,5호선,마곡,2445,2398,4843
9491,20200705,5호선,발산,7249,7762,15011
9492,20200705,5호선,우장산,6097,6255,12352
9493,20200705,5호선,화곡,12864,12060,24924
9494,20200705,5호선,까치산,14278,13880,28158
9495,20200705,5호선,신정,5844,5047,10891
9496,20200705,5호선,목동,7157,7375,14532
9497,20200705,5호선,오목교,10461,11156,21617
9498,20200705,5호선,양평,2351,2479,4830
9499,20200705,5호선,영등포구청,1210,1169,2379
9500,20200705,5호선,영등포시장,3648,3941,7589
9501,20200705,5호선,신길,1434,1548,2982
9502,20200705,5호선,여의도,4937,5454,10391
9503,20200705,5호선,여의나루,9091,9022,18113
9504,20200705,5호선,마포,4155,4043,8198
9505,20200705,5호선,공덕,4137,4216,8353
9506,20200705,5호선,애오개,2428,2568,4996
9507,20200705,5호선,충정로,1271,1300,2571
9508,20200705,5호선,서대문,4071,3955,8026
9509,20200705,5호선,광화문,9316,9758,19074
9510,20200705,5호선,종로3가,7674,6999,14673
9511,20200705,5호선,을지로4가,1144,1209,2353
9512,20200705,5호선,동대문역사문화공원,525,701,1226
9513,20200705,5호선,청구,1616,1474,3090
9514,20200705,5호선,신금호,2599,2716,5315
9515,20200705,5호선,행당,3543,3218,6761
9516,20200705,5호선,왕십리,2200,2627,4827
9517,20200705,5호선,마장,2600,2527,5127
9518,20200705,5호선,답십리,6499,6115,12614
9519,20200705,5호선,장한평,6625,6414,13039
9520,20200705,5호선,군자,5171,5723,10894
9521,20200705,5호선,아차산,8940,8873,17813
9522,20200705,5호선,광나루,6738,6459,13197
9523,20200705,5호선,천호,11415,11094,22509
9524,20200705,5호선,길동,3453,3530,6983
9525,20200705,5호선,굽은다리,4597,4415,9012
9526,20200705,5호선,명일,3844,3803,7647
9527,20200705,5호선,고덕,3456,3564,7020
9528,20200705,5호선,상일동,7005,6703,13708
9529,20200705,5호선,둔촌동,4072,4150,8222
9530,20200705,5호선,올림픽공원,1791,1533,3324
9531,20200705,5호선,방이,3839,3633,7472
9532,20200705,5호선,오금,1572,1482,3054
9533,20200705,5호선,개롱,2701,3003,5704
9534,20200705,5호선,거여,3346,3257,6603
9535,20200705,5호선,마천,2825,3206,6031
9536,20200705,5호선,강동,9233,8703,17936
9537,20200706,5호선,방화,6872,6506,13378
9538,20200706,5호선,개화산,5270,4946,10216
9539,20200706,5호선,김포공항,6034,5715,11749
9540,20200706,5호선,송정,6856,6287,13143
9541,20200706,5호선,마곡,9026,8550,17576
9542,20200706,5호선,발산,18593,19006,37599
9543,20200706,5호선,우장산,14844,14458,29302
9544,20200706,5호선,화곡,28690,26665,55355
9545,20200706,5호선,까치산,29247,27807,57054
9546,20200706,5호선,신정,13990,10855,24845
9547,20200706,5호선,목동,17143,19010,36153
9548,20200706,5호선,오목교,22209,24215,46424
9549,20200706,5호선,양평,7573,7563,15136
9550,20200706,5호선,영등포구청,4275,4190,8465
9551,20200706,5호선,영등포시장,8714,9106,17820
9552,20200706,5호선,신길,3661,4054,7715
9553,20200706,5호선,여의도,26332,28154,54486
9554,20200706,5호선,여의나루,10506,10578,21084
9555,20200706,5호선,마포,14231,14702,28933
9556,20200706,5호선,공덕,14344,15242,29586
9557,20200706,5호선,애오개,6952,6973,13925
9558,20200706,5호선,충정로,4827,4988,9815
9559,20200706,5호선,서대문,17998,18565,36563
9560,20200706,5호선,광화문,30006,31558,61564
9561,20200706,5호선,종로3가,12690,12511,25201
9562,20200706,5호선,을지로4가,6004,6065,12069
9563,20200706,5호선,동대문역사문화공원,2746,3204,5950
9564,20200706,5호선,청구,4037,3719,7756
9565,20200706,5호선,신금호,6313,6494,12807
9566,20200706,5호선,행당,8227,7300,15527
9567,20200706,5호선,왕십리,4311,4729,9040
9568,20200706,5호선,마장,5483,5072,10555
9569,20200706,5호선,답십리,15998,14568,30566
9570,20200706,5호선,장한평,18001,17957,35958
9571,20200706,5호선,군자,10497,11550,22047
9572,20200706,5호선,아차산,13641,13424,27065
9573,20200706,5호선,광나루,13070,11793,24863
9574,20200706,5호선,천호,17216,18626,35842
9575,20200706,5호선,강동,21200,18504,39704
9576,20200706,5호선,길동,7502,7770,15272
9577,20200706,5호선,굽은다리,8844,8278,17122
9578,20200706,5호선,명일,8345,8703,17048
9579,20200706,5호선,고덕,8775,8901,17676
9580,20200706,5호선,상일동,19699,16659,36358
9581,20200706,5호선,둔촌동,8088,8167,16255
9582,20200706,5호선,올림픽공원,4133,3543,7676
9583,20200706,5호선,방이,6783,7090,13873
9584,20200706,5호선,오금,3837,3788,7625
9585,20200706,5호선,개롱,6378,6487,12865
9586,20200706,5호선,거여,7880,7390,15270
9587,20200706,5호선,마천,5262,5259,10521
9588,20200707,5호선,방화,6952,6696,13648
9589,20200707,5호선,개화산,5247,4931,10178
9590,20200707,5호선,김포공항,6049,5791,11840
9591,20200707,5호선,송정,6797,6315,13112
9592,20200707,5호선,마곡,9007,8572,17579
9593,20200707,5호선,발산,18817,19252,38069
9594,20200707,5호선,우장산,14906,14556,29462
9595,20200707,5호선,화곡,28791,26686,55477
9596,20200707,5호선,까치산,29459,27907,57366
9597,20200707,5호선,신정,14314,10981,25295
9598,20200707,5호선,목동,17503,19090,36593
9599,20200707,5호선,오목교,22412,24376,46788
9600,20200707,5호선,양평,7794,7647,15441
9601,20200707,5호선,영등포구청,4285,4171,8456
9602,20200707,5호선,영등포시장,8917,9062,17979
9603,20200707,5호선,신길,3733,3947,7680
9604,20200707,5호선,여의도,26475,28504,54979
9605,20200707,5호선,여의나루,10080,10191,20271
9606,20200707,5호선,마포,14623,15160,29783
9607,20200707,5호선,공덕,14801,15917,30718
9608,20200707,5호선,애오개,7026,7086,14112
9609,20200707,5호선,충정로,4931,4939,9870
9610,20200707,5호선,서대문,18056,18854,36910
9611,20200707,5호선,광화문,32726,34869,67595
9612,20200707,5호선,종로3가,12768,12776,25544
9613,20200707,5호선,을지로4가,6206,6242,12448
9614,20200707,5호선,동대문역사문화공원,2846,3264,6110
9615,20200707,5호선,청구,4076,3770,7846
9616,20200707,5호선,신금호,6386,6603,12989
9617,20200707,5호선,행당,8276,7320,15596
9618,20200707,5호선,왕십리,4416,4783,9199
9619,20200707,5호선,마장,5481,5100,10581
9620,20200707,5호선,장한평,18260,18153,36413
9621,20200707,5호선,군자,10789,11834,22623
9622,20200707,5호선,아차산,14226,13836,28062
9623,20200707,5호선,광나루,13135,11969,25104
9624,20200707,5호선,천호,17640,18794,36434
9625,20200707,5호선,강동,21564,18852,40416
9626,20200707,5호선,길동,7530,7814,15344
9627,20200707,5호선,굽은다리,9167,8471,17638
9628,20200707,5호선,명일,8475,8735,17210
9629,20200707,5호선,고덕,8864,8961,17825
9630,20200707,5호선,상일동,19757,16708,36465
9631,20200707,5호선,둔촌동,8204,8218,16422
9632,20200707,5호선,올림픽공원,4302,3607,7909
9633,20200707,5호선,방이,6755,7113,13868
9634,20200707,5호선,오금,3951,3824,7775
9635,20200707,5호선,개롱,6406,6641,13047
9636,20200707,5호선,거여,7953,7274,15227
9637,20200707,5호선,마천,5285,5297,10582
9638,20200707,5호선,답십리,16089,14615,30704
9639,20200708,5호선,마천,5343,5405,10748
9640,20200708,5호선,거여,7979,7574,15553
9641,20200708,5호선,개롱,6484,6652,13136
9642,20200708,5호선,오금,3966,3869,7835
9643,20200708,5호선,방이,7021,7309,14330
9644,20200708,5호선,올림픽공원,4355,3609,7964
9645,20200708,5호선,둔촌동,8304,8273,16577
9646,20200708,5호선,상일동,19828,16715,36543
9647,20200708,5호선,고덕,8940,9022,17962
9648,20200708,5호선,명일,8518,8834,17352
9649,20200708,5호선,굽은다리,9209,8685,17894
9650,20200708,5호선,길동,7579,7977,15556
9651,20200708,5호선,강동,21850,18833,40683
9652,20200708,5호선,천호,17785,18941,36726
9653,20200708,5호선,광나루,13424,12016,25440
9654,20200708,5호선,아차산,14601,14030,28631
9655,20200708,5호선,군자,11015,12024,23039
9656,20200708,5호선,장한평,18374,18368,36742
9657,20200708,5호선,답십리,16434,14749,31183
9658,20200708,5호선,마장,5580,5211,10791
9659,20200708,5호선,왕십리,4461,4926,9387
9660,20200708,5호선,행당,8519,7434,15953
9661,20200708,5호선,신금호,6442,6569,13011
9662,20200708,5호선,청구,4078,3706,7784
9663,20200708,5호선,동대문역사문화공원,2800,3201,6001
9664,20200708,5호선,을지로4가,6088,6287,12375
9665,20200708,5호선,종로3가,13362,13259,26621
9666,20200708,5호선,광화문,33598,35761,69359
9667,20200708,5호선,서대문,18287,18556,36843
9668,20200708,5호선,충정로,5019,5070,10089
9669,20200708,5호선,애오개,7321,7330,14651
9670,20200708,5호선,공덕,14553,15637,30190
9671,20200708,5호선,마포,14652,15252,29904
9672,20200708,5호선,여의나루,11144,11291,22435
9673,20200708,5호선,여의도,26960,29013,55973
9674,20200708,5호선,신길,3694,4070,7764
9675,20200708,5호선,영등포시장,8991,9337,18328
9676,20200708,5호선,영등포구청,4258,4202,8460
9677,20200708,5호선,양평,8022,7818,15840
9678,20200708,5호선,오목교,22641,24635,47276
9679,20200708,5호선,목동,17761,19589,37350
9680,20200708,5호선,신정,14397,11142,25539
9681,20200708,5호선,까치산,29656,27959,57615
9682,20200708,5호선,화곡,29068,26619,55687
9683,20200708,5호선,우장산,14982,14524,29506
9684,20200708,5호선,발산,19399,20050,39449
9685,20200708,5호선,마곡,8950,8588,17538
9686,20200708,5호선,송정,6864,6319,13183
9687,20200708,5호선,김포공항,6273,6005,12278
9688,20200708,5호선,개화산,5252,5051,10303
9689,20200708,5호선,방화,7187,6821,14008
9690,20200709,5호선,마천,5284,5369,10653
9691,20200709,5호선,거여,7853,7282,15135
9692,20200709,5호선,개롱,6432,6477,12909
9693,20200709,5호선,오금,3685,3663,7348
9694,20200709,5호선,방이,6909,7205,14114
9695,20200709,5호선,올림픽공원,4247,3476,7723
9696,20200709,5호선,둔촌동,8227,8401,16628
9697,20200709,5호선,상일동,19940,16926,36866
9698,20200709,5호선,고덕,8962,8914,17876
9699,20200709,5호선,명일,8385,8721,17106
9700,20200709,5호선,굽은다리,9162,8501,17663
9701,20200709,5호선,길동,7569,7966,15535
9702,20200709,5호선,강동,21645,18597,40242
9703,20200709,5호선,천호,17630,18969,36599
9704,20200709,5호선,광나루,13350,12075,25425
9705,20200709,5호선,아차산,14139,13761,27900
9706,20200709,5호선,군자,10846,11728,22574
9707,20200709,5호선,장한평,18327,18231,36558
9708,20200709,5호선,답십리,16268,14697,30965
9709,20200709,5호선,마장,5545,5155,10700
9710,20200709,5호선,왕십리,4606,5031,9637
9711,20200709,5호선,행당,8210,7247,15457
9712,20200709,5호선,신금호,6409,6461,12870
9713,20200709,5호선,청구,3946,3676,7622
9714,20200709,5호선,동대문역사문화공원,2747,3233,5980
9715,20200709,5호선,을지로4가,6010,6260,12270
9716,20200709,5호선,종로3가,13013,12605,25618
9717,20200709,5호선,광화문,32986,34999,67985
9718,20200709,5호선,서대문,17937,18777,36714
9719,20200709,5호선,충정로,4961,5002,9963
9720,20200709,5호선,애오개,7339,7411,14750
9721,20200709,5호선,공덕,14678,15652,30330
9722,20200709,5호선,마포,14784,15255,30039
9723,20200709,5호선,여의나루,10293,10682,20975
9724,20200709,5호선,여의도,26673,28768,55441
9725,20200709,5호선,신길,3756,3957,7713
9726,20200709,5호선,영등포시장,8827,8995,17822
9727,20200709,5호선,영등포구청,4142,4259,8401
9728,20200709,5호선,양평,7629,7514,15143
9729,20200709,5호선,오목교,22408,24527,46935
9730,20200709,5호선,목동,17991,19482,37473
9731,20200709,5호선,신정,14147,10944,25091
9732,20200709,5호선,까치산,29418,27683,57101
9733,20200709,5호선,화곡,28638,26463,55101
9734,20200709,5호선,우장산,14762,14301,29063
9735,20200709,5호선,발산,19119,19690,38809
9736,20200709,5호선,마곡,8946,8428,17374
9737,20200709,5호선,송정,6789,6225,13014
9738,20200709,5호선,김포공항,6387,6076,12463
9739,20200709,5호선,개화산,5306,5001,10307
9740,20200709,5호선,방화,6999,6567,13566
9741,20200710,5호선,답십리,16472,14622,31094
9742,20200710,5호선,마천,5363,5214,10577
9743,20200710,5호선,거여,7746,7141,14887
9744,20200710,5호선,개롱,6447,6562,13009
9745,20200710,5호선,오금,3767,3726,7493
9746,20200710,5호선,방이,6909,7157,14066
9747,20200710,5호선,올림픽공원,4176,3410,7586
9748,20200710,5호선,둔촌동,8299,8258,16557
9749,20200710,5호선,상일동,19754,16414,36168
9750,20200710,5호선,고덕,8871,8796,17667
9751,20200710,5호선,명일,8560,8577,17137
9752,20200710,5호선,굽은다리,9142,8452,17594
9753,20200710,5호선,길동,7530,7904,15434
9754,20200710,5호선,강동,21665,18493,40158
9755,20200710,5호선,천호,18250,19637,37887
9756,20200710,5호선,광나루,13223,11738,24961
9757,20200710,5호선,아차산,14089,13463,27552
9758,20200710,5호선,군자,11061,12402,23463
9759,20200710,5호선,장한평,18362,18051,36413
9760,20200710,5호선,마장,5619,5296,10915
9761,20200710,5호선,왕십리,4472,5234,9706
9762,20200710,5호선,행당,8321,7274,15595
9763,20200710,5호선,신금호,6567,6459,13026
9764,20200710,5호선,청구,3957,3716,7673
9765,20200710,5호선,동대문역사문화공원,2634,3174,5808
9766,20200710,5호선,을지로4가,5869,6164,12033
9767,20200710,5호선,광화문,32549,35104,67653
9768,20200710,5호선,서대문,17669,18107,35776
9769,20200710,5호선,충정로,4876,4823,9699
9770,20200710,5호선,애오개,7217,7076,14293
9771,20200710,5호선,공덕,14605,15859,30464
9772,20200710,5호선,마포,14341,15158,29499
9773,20200710,5호선,여의나루,9816,9561,19377
9774,20200710,5호선,여의도,26164,28255,54419
9775,20200710,5호선,신길,3714,3888,7602
9776,20200710,5호선,영등포시장,9037,9247,18284
9777,20200710,5호선,영등포구청,4150,4070,8220
9778,20200710,5호선,양평,7462,7172,14634
9779,20200710,5호선,오목교,22912,25164,48076
9780,20200710,5호선,목동,17911,19430,37341
9781,20200710,5호선,신정,14395,10679,25074
9782,20200710,5호선,까치산,29789,27391,57180
9783,20200710,5호선,화곡,28988,26127,55115
9784,20200710,5호선,우장산,14742,14237,28979
9785,20200710,5호선,발산,18742,19788,38530
9786,20200710,5호선,마곡,8883,8469,17352
9787,20200710,5호선,송정,6905,6250,13155
9788,20200710,5호선,김포공항,6662,6430,13092
9789,20200710,5호선,개화산,5145,4857,10002
9790,20200710,5호선,방화,6984,6341,13325
9791,20200710,5호선,종로3가,13173,13909,27082
9792,20200711,5호선,방화,4844,4451,9295
9793,20200711,5호선,개화산,3593,3408,7001
9794,20200711,5호선,김포공항,5962,6166,12128
9795,20200711,5호선,송정,4947,4635,9582
9796,20200711,5호선,마곡,3827,3583,7410
9797,20200711,5호선,발산,11460,12201,23661
9798,20200711,5호선,우장산,9587,9013,18600
9799,20200711,5호선,화곡,19058,16813,35871
9800,20200711,5호선,까치산,20304,18708,39012
9801,20200711,5호선,신정,8590,6803,15393
9802,20200711,5호선,목동,11081,11065,22146
9803,20200711,5호선,오목교,15683,16123,31806
9804,20200711,5호선,양평,3351,2950,6301
9805,20200711,5호선,영등포구청,1810,1714,3524
9806,20200711,5호선,영등포시장,6298,6487,12785
9807,20200711,5호선,신길,2208,2113,4321
9808,20200711,5호선,여의도,8274,9291,17565
9809,20200711,5호선,여의나루,11470,11203,22673
9810,20200711,5호선,마포,7031,6742,13773
9811,20200711,5호선,공덕,6386,6821,13207
9812,20200711,5호선,애오개,3664,3479,7143
9813,20200711,5호선,충정로,1790,1511,3301
9814,20200711,5호선,서대문,6342,6233,12575
9815,20200711,5호선,광화문,14240,14182,28422
9816,20200711,5호선,종로3가,11232,11658,22890
9817,20200711,5호선,을지로4가,3059,3287,6346
9818,20200711,5호선,동대문역사문화공원,878,1148,2026
9819,20200711,5호선,청구,2434,2108,4542
9820,20200711,5호선,신금호,3897,3755,7652
9821,20200711,5호선,행당,5618,4650,10268
9822,20200711,5호선,왕십리,3042,3706,6748
9823,20200711,5호선,마장,3825,3518,7343
9824,20200711,5호선,답십리,9663,8360,18023
9825,20200711,5호선,장한평,10092,9587,19679
9826,20200711,5호선,군자,7886,8633,16519
9827,20200711,5호선,아차산,11472,10582,22054
9828,20200711,5호선,광나루,9426,8539,17965
9829,20200711,5호선,천호,15657,15427,31084
9830,20200711,5호선,강동,14539,12415,26954
9831,20200711,5호선,길동,5345,5258,10603
9832,20200711,5호선,굽은다리,6859,6145,13004
9833,20200711,5호선,명일,5496,5290,10786
9834,20200711,5호선,고덕,5409,5131,10540
9835,20200711,5호선,상일동,11013,9871,20884
9836,20200711,5호선,둔촌동,5931,5658,11589
9837,20200711,5호선,올림픽공원,2758,2240,4998
9838,20200711,5호선,방이,5067,4877,9944
9839,20200711,5호선,오금,2585,2197,4782
9840,20200711,5호선,개롱,4369,4359,8728
9841,20200711,5호선,거여,5127,4673,9800
9842,20200711,5호선,마천,3983,4026,8009
9843,20200712,5호선,마천,3040,3272,6312
9844,20200712,5호선,거여,3460,3383,6843
9845,20200712,5호선,개롱,2767,2969,5736
9846,20200712,5호선,오금,1544,1393,2937
9847,20200712,5호선,방이,3717,3537,7254
9848,20200712,5호선,올림픽공원,1752,1562,3314
9849,20200712,5호선,둔촌동,4258,4297,8555
9850,20200712,5호선,상일동,7086,6734,13820
9851,20200712,5호선,고덕,3263,3293,6556
9852,20200712,5호선,명일,3668,3702,7370
9853,20200712,5호선,굽은다리,4480,4299,8779
9854,20200712,5호선,길동,3413,3491,6904
9855,20200712,5호선,강동,9176,8752,17928
9856,20200712,5호선,천호,11019,10748,21767
9857,20200712,5호선,광나루,6783,6545,13328
9858,20200712,5호선,아차산,8701,8873,17574
9859,20200712,5호선,군자,5220,5818,11038
9860,20200712,5호선,장한평,6428,6368,12796
9861,20200712,5호선,답십리,6505,6149,12654
9862,20200712,5호선,마장,2605,2656,5261
9863,20200712,5호선,왕십리,2006,2285,4291
9864,20200712,5호선,행당,3710,3381,7091
9865,20200712,5호선,신금호,2551,2707,5258
9866,20200712,5호선,청구,1572,1462,3034
9867,20200712,5호선,동대문역사문화공원,575,706,1281
9868,20200712,5호선,을지로4가,1163,1397,2560
9869,20200712,5호선,종로3가,8218,6995,15213
9870,20200712,5호선,광화문,11854,11839,23693
9871,20200712,5호선,서대문,4162,4142,8304
9872,20200712,5호선,충정로,1266,1270,2536
9873,20200712,5호선,애오개,2546,2635,5181
9874,20200712,5호선,공덕,3873,3907,7780
9875,20200712,5호선,마포,4200,4195,8395
9876,20200712,5호선,여의나루,4838,4905,9743
9877,20200712,5호선,여의도,5072,5259,10331
9878,20200712,5호선,신길,1320,1491,2811
9879,20200712,5호선,영등포시장,3656,4030,7686
9880,20200712,5호선,영등포구청,1094,1023,2117
9881,20200712,5호선,양평,2267,2395,4662
9882,20200712,5호선,오목교,10243,10662,20905
9883,20200712,5호선,목동,7168,7469,14637
9884,20200712,5호선,신정,5560,5076,10636
9885,20200712,5호선,까치산,14034,13619,27653
9886,20200712,5호선,화곡,12686,11908,24594
9887,20200712,5호선,우장산,5880,6077,11957
9888,20200712,5호선,발산,7347,7611,14958
9889,20200712,5호선,마곡,2413,2489,4902
9890,20200712,5호선,송정,3477,3493,6970
9891,20200712,5호선,김포공항,5194,5086,10280
9892,20200712,5호선,개화산,2366,2465,4831
9893,20200712,5호선,방화,3445,3303,6748
9894,20200713,5호선,마천,4929,4909,9838
9895,20200713,5호선,거여,7469,6913,14382
9896,20200713,5호선,개롱,6131,6502,12633
9897,20200713,5호선,오금,3766,3650,7416
9898,20200713,5호선,방이,6764,7058,13822
9899,20200713,5호선,올림픽공원,3924,2971,6895
9900,20200713,5호선,둔촌동,7613,7771,15384
9901,20200713,5호선,상일동,18835,16014,34849
9902,20200713,5호선,고덕,8401,8549,16950
9903,20200713,5호선,명일,8071,8499,16570
9904,20200713,5호선,굽은다리,8644,8383,17027
9905,20200713,5호선,길동,7309,7728,15037
9906,20200713,5호선,강동,20747,18297,39044
9907,20200713,5호선,천호,15052,16230,31282
9908,20200713,5호선,광나루,12021,10824,22845
9909,20200713,5호선,아차산,12909,12627,25536
9910,20200713,5호선,군자,10149,11209,21358
9911,20200713,5호선,장한평,17418,16660,34078
9912,20200713,5호선,답십리,15354,14132,29486
9913,20200713,5호선,마장,5276,5007,10283
9914,20200713,5호선,왕십리,4238,4707,8945
9915,20200713,5호선,행당,8094,7315,15409
9916,20200713,5호선,신금호,6192,6273,12465
9917,20200713,5호선,청구,3911,3726,7637
9918,20200713,5호선,동대문역사문화공원,2801,3086,5887
9919,20200713,5호선,을지로4가,5618,5686,11304
9920,20200713,5호선,종로3가,11593,11368,22961
9921,20200713,5호선,광화문,35572,36544,72116
9922,20200713,5호선,서대문,18103,18422,36525
9923,20200713,5호선,충정로,4809,4945,9754
9924,20200713,5호선,애오개,6955,7099,14054
9925,20200713,5호선,공덕,14062,15075,29137
9926,20200713,5호선,마포,14296,14682,28978
9927,20200713,5호선,여의나루,6885,7035,13920
9928,20200713,5호선,여의도,26824,27717,54541
9929,20200713,5호선,신길,3538,3956,7494
9930,20200713,5호선,영등포시장,8580,8919,17499
9931,20200713,5호선,영등포구청,3883,3907,7790
9932,20200713,5호선,양평,7461,7551,15012
9933,20200713,5호선,오목교,20593,22228,42821
9934,20200713,5호선,목동,16543,18453,34996
9935,20200713,5호선,신정,13633,10649,24282
9936,20200713,5호선,까치산,27669,26529,54198
9937,20200713,5호선,화곡,27100,25213,52313
9938,20200713,5호선,우장산,13853,13626,27479
9939,20200713,5호선,발산,17875,18222,36097
9940,20200713,5호선,마곡,8593,8134,16727
9941,20200713,5호선,송정,6402,5994,12396
9942,20200713,5호선,김포공항,5696,5600,11296
9943,20200713,5호선,개화산,4910,4564,9474
9944,20200713,5호선,방화,6371,6154,12525
9945,20200714,5호선,방화,6871,6521,13392
9946,20200714,5호선,개화산,5198,4950,10148
9947,20200714,5호선,김포공항,6236,6170,12406
9948,20200714,5호선,송정,6760,6277,13037
9949,20200714,5호선,마곡,8827,8401,17228
9950,20200714,5호선,발산,18743,19384,38127
9951,20200714,5호선,우장산,14722,14366,29088
9952,20200714,5호선,화곡,28814,26564,55378
9953,20200714,5호선,까치산,29407,27782,57189
9954,20200714,5호선,신정,14358,10946,25304
9955,20200714,5호선,목동,17619,19297,36916
9956,20200714,5호선,오목교,22607,24631,47238
9957,20200714,5호선,양평,7597,7509,15106
9958,20200714,5호선,영등포구청,4255,4294,8549
9959,20200714,5호선,영등포시장,8993,9298,18291
9960,20200714,5호선,신길,3679,4060,7739
9961,20200714,5호선,여의도,26961,28390,55351
9962,20200714,5호선,여의나루,8710,8857,17567
9963,20200714,5호선,마포,14677,15247,29924
9964,20200714,5호선,공덕,14920,15903,30823
9965,20200714,5호선,애오개,7221,7370,14591
9966,20200714,5호선,충정로,4900,4991,9891
9967,20200714,5호선,서대문,18048,18861,36909
9968,20200714,5호선,광화문,37295,39890,77185
9969,20200714,5호선,종로3가,13089,13091,26180
9970,20200714,5호선,을지로4가,6082,6355,12437
9971,20200714,5호선,동대문역사문화공원,2779,3245,6024
9972,20200714,5호선,청구,4096,3752,7848
9973,20200714,5호선,신금호,6485,6574,13059
9974,20200714,5호선,행당,8404,7345,15749
9975,20200714,5호선,왕십리,4487,4920,9407
9976,20200714,5호선,마장,5471,5163,10634
9977,20200714,5호선,답십리,16408,14623,31031
9978,20200714,5호선,장한평,18314,18089,36403
9979,20200714,5호선,군자,10769,11978,22747
9980,20200714,5호선,아차산,14216,13734,27950
9981,20200714,5호선,광나루,13050,11837,24887
9982,20200714,5호선,천호,17760,18842,36602
9983,20200714,5호선,강동,21496,18590,40086
9984,20200714,5호선,길동,7532,7832,15364
9985,20200714,5호선,굽은다리,9105,8491,17596
9986,20200714,5호선,명일,8521,8798,17319
9987,20200714,5호선,고덕,8853,9009,17862
9988,20200714,5호선,상일동,19840,16678,36518
9989,20200714,5호선,둔촌동,8005,8166,16171
9990,20200714,5호선,올림픽공원,4211,3573,7784
9991,20200714,5호선,방이,6920,7253,14173
9992,20200714,5호선,오금,3888,3842,7730
9993,20200714,5호선,개롱,6476,6576,13052
9994,20200714,5호선,거여,7981,7546,15527
9995,20200714,5호선,마천,5275,5283,10558
9996,20200715,5호선,방화,7152,6745,13897
9997,20200715,5호선,개화산,5425,5127,10552
9998,20200715,5호선,김포공항,6465,6320,12785
9999,20200715,5호선,송정,6877,6387,13264
10000,20200715,5호선,마곡,8976,8581,17557
10001,20200715,5호선,발산,19465,20042,39507
10002,20200715,5호선,우장산,15252,14657,29909
10003,20200715,5호선,화곡,29582,27276,56858
10004,20200715,5호선,까치산,30376,28752,59128
10005,20200715,5호선,신정,14662,11156,25818
10006,20200715,5호선,목동,18124,19746,37870
10007,20200715,5호선,오목교,23298,25417,48715
10008,20200715,5호선,양평,7645,7545,15190
10009,20200715,5호선,영등포구청,4345,4268,8613
10010,20200715,5호선,영등포시장,9221,9645,18866
10011,20200715,5호선,신길,3756,4105,7861
10012,20200715,5호선,여의도,27439,29328,56767
10013,20200715,5호선,여의나루,12336,12232,24568
10014,20200715,5호선,마포,15062,15410,30472
10015,20200715,5호선,공덕,14976,15959,30935
10016,20200715,5호선,애오개,7333,7422,14755
10017,20200715,5호선,충정로,4973,5143,10116
10018,20200715,5호선,서대문,18357,18877,37234
10019,20200715,5호선,광화문,34705,36688,71393
10020,20200715,5호선,종로3가,13811,13703,27514
10021,20200715,5호선,을지로4가,6176,6428,12604
10022,20200715,5호선,동대문역사문화공원,2836,3297,6133
10023,20200715,5호선,청구,4129,3805,7934
10024,20200715,5호선,신금호,6622,6728,13350
10025,20200715,5호선,행당,8713,7572,16285
10026,20200715,5호선,왕십리,4724,5298,10022
10027,20200715,5호선,마장,5740,5236,10976
10028,20200715,5호선,답십리,16842,15024,31866
10029,20200715,5호선,장한평,18700,18595,37295
10030,20200715,5호선,군자,11211,12149,23360
10031,20200715,5호선,아차산,14619,14162,28781
10032,20200715,5호선,광나루,13536,12147,25683
10033,20200715,5호선,천호,18404,19369,37773
10034,20200715,5호선,강동,21836,19174,41010
10035,20200715,5호선,길동,7628,7974,15602
10036,20200715,5호선,굽은다리,9537,9070,18607
10037,20200715,5호선,명일,8662,8933,17595
10038,20200715,5호선,고덕,9055,9095,18150
10039,20200715,5호선,상일동,19978,16813,36791
10040,20200715,5호선,둔촌동,8462,8394,16856
10041,20200715,5호선,올림픽공원,4309,3648,7957
10042,20200715,5호선,방이,7104,7412,14516
10043,20200715,5호선,오금,3936,3800,7736
10044,20200715,5호선,개롱,6551,6760,13311
10045,20200715,5호선,거여,8053,7634,15687
10046,20200715,5호선,마천,5585,5525,11110
10047,20200716,5호선,행당,8425,7384,15809
10048,20200716,5호선,왕십리,4566,5079,9645
10049,20200716,5호선,마장,5621,5224,10845
10050,20200716,5호선,답십리,16449,14883,31332
10051,20200716,5호선,장한평,18374,18121,36495
10052,20200716,5호선,군자,11147,12240,23387
10053,20200716,5호선,아차산,14387,13980,28367
10054,20200716,5호선,광나루,13459,12116,25575
10055,20200716,5호선,천호,18038,19038,37076
10056,20200716,5호선,강동,21744,18831,40575
10057,20200716,5호선,길동,7542,7922,15464
10058,20200716,5호선,굽은다리,9258,8779,18037
10059,20200716,5호선,명일,8573,8737,17310
10060,20200716,5호선,고덕,8858,8940,17798
10061,20200716,5호선,상일동,19950,16840,36790
10062,20200716,5호선,둔촌동,8362,8313,16675
10063,20200716,5호선,올림픽공원,4260,3620,7880
10064,20200716,5호선,방이,7190,7343,14533
10065,20200716,5호선,오금,3891,3794,7685
10066,20200716,5호선,개롱,6551,6754,13305
10067,20200716,5호선,거여,7991,7477,15468
10068,20200716,5호선,마천,5517,5453,10970
10069,20200716,5호선,방화,7188,6712,13900
10070,20200716,5호선,개화산,5304,5054,10358
10071,20200716,5호선,김포공항,6733,6511,13244
10072,20200716,5호선,송정,6882,6227,13109
10073,20200716,5호선,마곡,8779,8487,17266
10074,20200716,5호선,발산,19645,20107,39752
10075,20200716,5호선,우장산,14849,14447,29296
10076,20200716,5호선,화곡,29234,26935,56169
10077,20200716,5호선,까치산,29802,28066,57868
10078,20200716,5호선,신정,14510,11217,25727
10079,20200716,5호선,목동,18046,19535,37581
10080,20200716,5호선,오목교,23055,25017,48072
10081,20200716,5호선,양평,7546,7475,15021
10082,20200716,5호선,영등포구청,4243,4197,8440
10083,20200716,5호선,영등포시장,8953,9157,18110
10084,20200716,5호선,신길,3794,4071,7865
10085,20200716,5호선,여의도,26883,29018,55901
10086,20200716,5호선,여의나루,11519,11518,23037
10087,20200716,5호선,마포,14995,15447,30442
10088,20200716,5호선,공덕,14780,15836,30616
10089,20200716,5호선,애오개,7512,7281,14793
10090,20200716,5호선,충정로,4965,4982,9947
10091,20200716,5호선,서대문,18247,18558,36805
10092,20200716,5호선,광화문,33418,35637,69055
10093,20200716,5호선,종로3가,13533,13459,26992
10094,20200716,5호선,을지로4가,5976,6191,12167
10095,20200716,5호선,동대문역사문화공원,2841,3267,6108
10096,20200716,5호선,청구,4018,3773,7791
10097,20200716,5호선,신금호,6605,6637,13242
10098,20200717,5호선,마천,5637,5506,11143
10099,20200717,5호선,거여,8091,7527,15618
10100,20200717,5호선,개롱,6544,6564,13108
10101,20200717,5호선,오금,3894,3822,7716
10102,20200717,5호선,방이,7127,7404,14531
10103,20200717,5호선,올림픽공원,4292,3458,7750
10104,20200717,5호선,둔촌동,8549,8512,17061
10105,20200717,5호선,상일동,19902,16690,36592
10106,20200717,5호선,고덕,9165,9059,18224
10107,20200717,5호선,명일,8715,8824,17539
10108,20200717,5호선,굽은다리,9392,8883,18275
10109,20200717,5호선,길동,7894,8063,15957
10110,20200717,5호선,강동,21809,18663,40472
10111,20200717,5호선,천호,18462,19919,38381
10112,20200717,5호선,광나루,13650,12072,25722
10113,20200717,5호선,아차산,14581,13909,28490
10114,20200717,5호선,군자,11145,12418,23563
10115,20200717,5호선,장한평,18549,18159,36708
10116,20200717,5호선,답십리,16481,14603,31084
10117,20200717,5호선,마장,5746,5226,10972
10118,20200717,5호선,왕십리,4581,5504,10085
10119,20200717,5호선,행당,8450,7151,15601
10120,20200717,5호선,신금호,6768,6557,13325
10121,20200717,5호선,청구,4101,3900,8001
10122,20200717,5호선,동대문역사문화공원,2751,3212,5963
10123,20200717,5호선,을지로4가,6013,6365,12378
10124,20200717,5호선,종로3가,13851,14629,28480
10125,20200717,5호선,광화문,33850,35989,69839
10126,20200717,5호선,서대문,17749,18139,35888
10127,20200717,5호선,충정로,4710,4744,9454
10128,20200717,5호선,애오개,7291,7125,14416
10129,20200717,5호선,공덕,14773,15982,30755
10130,20200717,5호선,마포,14715,15294,30009
10131,20200717,5호선,여의나루,10977,11154,22131
10132,20200717,5호선,여의도,26674,28519,55193
10133,20200717,5호선,신길,3823,4006,7829
10134,20200717,5호선,영등포시장,9128,9272,18400
10135,20200717,5호선,영등포구청,4378,4291,8669
10136,20200717,5호선,양평,7460,7303,14763
10137,20200717,5호선,오목교,23597,26024,49621
10138,20200717,5호선,목동,17900,19362,37262
10139,20200717,5호선,신정,14493,10896,25389
10140,20200717,5호선,까치산,30160,27799,57959
10141,20200717,5호선,화곡,29718,26905,56623
10142,20200717,5호선,우장산,15219,14434,29653
10143,20200717,5호선,발산,19051,20049,39100
10144,20200717,5호선,마곡,8886,8416,17302
10145,20200717,5호선,송정,7021,6421,13442
10146,20200717,5호선,김포공항,7154,6744,13898
10147,20200717,5호선,개화산,5351,4994,10345
10148,20200717,5호선,방화,7108,6639,13747
10149,20200718,5호선,방화,4745,4389,9134
10150,20200718,5호선,개화산,3567,3540,7107
10151,20200718,5호선,김포공항,6265,6519,12784
10152,20200718,5호선,송정,5133,4720,9853
10153,20200718,5호선,마곡,3836,3700,7536
10154,20200718,5호선,발산,11497,12485,23982
10155,20200718,5호선,우장산,9519,9240,18759
10156,20200718,5호선,화곡,19177,17554,36731
10157,20200718,5호선,까치산,20442,18750,39192
10158,20200718,5호선,신정,8456,6854,15310
10159,20200718,5호선,목동,10853,11116,21969
10160,20200718,5호선,오목교,15532,16309,31841
10161,20200718,5호선,양평,3408,3151,6559
10162,20200718,5호선,영등포구청,1847,1761,3608
10163,20200718,5호선,영등포시장,5880,6056,11936
10164,20200718,5호선,신길,2077,2195,4272
10165,20200718,5호선,여의도,8165,9623,17788
10166,20200718,5호선,여의나루,11244,11347,22591
10167,20200718,5호선,마포,6703,6670,13373
10168,20200718,5호선,공덕,6676,7074,13750
10169,20200718,5호선,애오개,3521,3433,6954
10170,20200718,5호선,충정로,1820,1652,3472
10171,20200718,5호선,서대문,6674,6567,13241
10172,20200718,5호선,광화문,14180,14715,28895
10173,20200718,5호선,종로3가,11145,11870,23015
10174,20200718,5호선,을지로4가,3004,3325,6329
10175,20200718,5호선,동대문역사문화공원,909,1211,2120
10176,20200718,5호선,청구,2414,2100,4514
10177,20200718,5호선,신금호,3845,3789,7634
10178,20200718,5호선,행당,5410,4528,9938
10179,20200718,5호선,왕십리,3159,3907,7066
10180,20200718,5호선,마장,3719,3582,7301
10181,20200718,5호선,답십리,9735,8587,18322
10182,20200718,5호선,장한평,10285,9903,20188
10183,20200718,5호선,군자,7580,8615,16195
10184,20200718,5호선,아차산,11450,11038,22488
10185,20200718,5호선,광나루,9255,8651,17906
10186,20200718,5호선,천호,15302,15372,30674
10187,20200718,5호선,강동,14298,12665,26963
10188,20200718,5호선,길동,5335,5451,10786
10189,20200718,5호선,굽은다리,6625,6126,12751
10190,20200718,5호선,명일,5316,5259,10575
10191,20200718,5호선,고덕,5322,5190,10512
10192,20200718,5호선,상일동,11053,9838,20891
10193,20200718,5호선,둔촌동,5627,5712,11339
10194,20200718,5호선,올림픽공원,2629,2247,4876
10195,20200718,5호선,방이,4835,4612,9447
10196,20200718,5호선,오금,2186,1933,4119
10197,20200718,5호선,개롱,4337,4327,8664
10198,20200718,5호선,거여,5149,4821,9970
10199,20200718,5호선,마천,4145,4061,8206
10200,20200719,5호선,마천,2349,2515,4864
10201,20200719,5호선,거여,2985,3077,6062
10202,20200719,5호선,개롱,2697,2896,5593
10203,20200719,5호선,오금,1487,1310,2797
10204,20200719,5호선,방이,3503,3154,6657
10205,20200719,5호선,올림픽공원,1628,1264,2892
10206,20200719,5호선,둔촌동,3867,3800,7667
10207,20200719,5호선,상일동,6179,5913,12092
10208,20200719,5호선,고덕,2964,3152,6116
10209,20200719,5호선,명일,3277,3254,6531
10210,20200719,5호선,굽은다리,4147,4018,8165
10211,20200719,5호선,길동,3193,3207,6400
10212,20200719,5호선,강동,8340,8003,16343
10213,20200719,5호선,천호,9651,9469,19120
10214,20200719,5호선,광나루,5278,4824,10102
10215,20200719,5호선,아차산,6430,6457,12887
10216,20200719,5호선,군자,4831,5398,10229
10217,20200719,5호선,장한평,5650,5616,11266
10218,20200719,5호선,답십리,6011,5621,11632
10219,20200719,5호선,마장,2296,2183,4479
10220,20200719,5호선,왕십리,1959,2385,4344
10221,20200719,5호선,행당,3079,2793,5872
10222,20200719,5호선,신금호,2277,2382,4659
10223,20200719,5호선,청구,1444,1335,2779
10224,20200719,5호선,동대문역사문화공원,594,655,1249
10225,20200719,5호선,을지로4가,983,1061,2044
10226,20200719,5호선,종로3가,6380,5807,12187
10227,20200719,5호선,광화문,8055,8374,16429
10228,20200719,5호선,서대문,3832,3835,7667
10229,20200719,5호선,충정로,1210,1164,2374
10230,20200719,5호선,애오개,2204,2308,4512
10231,20200719,5호선,공덕,3489,3529,7018
10232,20200719,5호선,마포,3702,3918,7620
10233,20200719,5호선,여의나루,3229,3036,6265
10234,20200719,5호선,여의도,4402,4861,9263
10235,20200719,5호선,신길,1194,1379,2573
10236,20200719,5호선,영등포시장,3398,3698,7096
10237,20200719,5호선,영등포구청,1077,1048,2125
10238,20200719,5호선,양평,2115,2172,4287
10239,20200719,5호선,오목교,9546,10069,19615
10240,20200719,5호선,목동,6297,6481,12778
10241,20200719,5호선,신정,5224,4602,9826
10242,20200719,5호선,까치산,12771,12633,25404
10243,20200719,5호선,화곡,11485,10784,22269
10244,20200719,5호선,우장산,5277,5547,10824
10245,20200719,5호선,발산,6627,6980,13607
10246,20200719,5호선,마곡,2193,2250,4443
10247,20200719,5호선,송정,3101,3165,6266
10248,20200719,5호선,김포공항,5354,5089,10443
10249,20200719,5호선,개화산,2097,2115,4212
10250,20200719,5호선,방화,3073,2979,6052
10251,20200720,5호선,방화,6740,6340,13080
10252,20200720,5호선,개화산,4984,4712,9696
10253,20200720,5호선,김포공항,6258,5943,12201
10254,20200720,5호선,송정,6686,6109,12795
10255,20200720,5호선,마곡,8760,8463,17223
10256,20200720,5호선,발산,18018,18602,36620
10257,20200720,5호선,우장산,14245,13953,28198
10258,20200720,5호선,화곡,28140,25912,54052
10259,20200720,5호선,까치산,28866,27168,56034
10260,20200720,5호선,신정,13838,10743,24581
10261,20200720,5호선,목동,16818,18388,35206
10262,20200720,5호선,오목교,21596,23767,45363
10263,20200720,5호선,양평,7453,7397,14850
10264,20200720,5호선,영등포구청,4193,4145,8338
10265,20200720,5호선,영등포시장,8969,9106,18075
10266,20200720,5호선,신길,3651,3890,7541
10267,20200720,5호선,여의도,25867,27947,53814
10268,20200720,5호선,여의나루,8024,8356,16380
10269,20200720,5호선,마포,14046,14456,28502
10270,20200720,5호선,공덕,13911,15064,28975
10271,20200720,5호선,애오개,6868,6888,13756
10272,20200720,5호선,충정로,4866,4994,9860
10273,20200720,5호선,서대문,17593,18233,35826
10274,20200720,5호선,광화문,30555,32430,62985
10275,20200720,5호선,종로3가,12147,12047,24194
10276,20200720,5호선,을지로4가,5784,5949,11733
10277,20200720,5호선,동대문역사문화공원,2756,3118,5874
10278,20200720,5호선,청구,3974,3524,7498
10279,20200720,5호선,신금호,6136,6211,12347
10280,20200720,5호선,행당,8123,7207,15330
10281,20200720,5호선,왕십리,4346,4868,9214
10282,20200720,5호선,마장,5416,4929,10345
10283,20200720,5호선,답십리,15815,14385,30200
10284,20200720,5호선,장한평,17566,17455,35021
10285,20200720,5호선,군자,10447,11353,21800
10286,20200720,5호선,아차산,13196,12942,26138
10287,20200720,5호선,광나루,12375,11090,23465
10288,20200720,5호선,천호,16548,17666,34214
10289,20200720,5호선,강동,20659,18219,38878
10290,20200720,5호선,길동,7266,7605,14871
10291,20200720,5호선,굽은다리,8745,8221,16966
10292,20200720,5호선,명일,8215,8430,16645
10293,20200720,5호선,고덕,8631,8640,17271
10294,20200720,5호선,상일동,19174,16387,35561
10295,20200720,5호선,둔촌동,7762,7812,15574
10296,20200720,5호선,올림픽공원,3928,3392,7320
10297,20200720,5호선,방이,6821,7053,13874
10298,20200720,5호선,오금,3709,3698,7407
10299,20200720,5호선,개롱,6329,6475,12804
10300,20200720,5호선,거여,7721,7307,15028
10301,20200720,5호선,마천,5141,5139,10280
10302,20200721,5호선,방화,7140,6803,13943
10303,20200721,5호선,개화산,5312,4997,10309
10304,20200721,5호선,김포공항,6252,6132,12384
10305,20200721,5호선,송정,6876,6459,13335
10306,20200721,5호선,마곡,8902,8525,17427
10307,20200721,5호선,발산,19010,19644,38654
10308,20200721,5호선,우장산,14877,14531,29408
10309,20200721,5호선,화곡,29087,26876,55963
10310,20200721,5호선,까치산,29672,27978,57650
10311,20200721,5호선,신정,14338,11033,25371
10312,20200721,5호선,목동,17858,19407,37265
10313,20200721,5호선,오목교,22675,24767,47442
10314,20200721,5호선,양평,7461,7435,14896
10315,20200721,5호선,영등포구청,4225,4324,8549
10316,20200721,5호선,영등포시장,9129,9454,18583
10317,20200721,5호선,신길,3772,4103,7875
10318,20200721,5호선,여의도,26951,28883,55834
10319,20200721,5호선,여의나루,10311,10500,20811
10320,20200721,5호선,마포,14617,15117,29734
10321,20200721,5호선,공덕,14992,16002,30994
10322,20200721,5호선,애오개,7330,7340,14670
10323,20200721,5호선,충정로,5002,5139,10141
10324,20200721,5호선,서대문,18578,19109,37687
10325,20200721,5호선,광화문,33755,35486,69241
10326,20200721,5호선,종로3가,13322,13278,26600
10327,20200721,5호선,을지로4가,6183,6381,12564
10328,20200721,5호선,동대문역사문화공원,2773,3273,6046
10329,20200721,5호선,청구,3978,3823,7801
10330,20200721,5호선,신금호,6469,6628,13097
10331,20200721,5호선,행당,8377,7413,15790
10332,20200721,5호선,왕십리,4543,5040,9583
10333,20200721,5호선,마장,5612,5260,10872
10334,20200721,5호선,답십리,16571,14942,31513
10335,20200721,5호선,장한평,18439,18279,36718
10336,20200721,5호선,군자,11042,12032,23074
10337,20200721,5호선,아차산,14558,14143,28701
10338,20200721,5호선,광나루,13222,11973,25195
10339,20200721,5호선,천호,17847,19099,36946
10340,20200721,5호선,강동,21854,19142,40996
10341,20200721,5호선,길동,7678,7990,15668
10342,20200721,5호선,굽은다리,9121,8580,17701
10343,20200721,5호선,명일,8634,8794,17428
10344,20200721,5호선,고덕,9043,9059,18102
10345,20200721,5호선,상일동,19960,17039,36999
10346,20200721,5호선,둔촌동,8221,8259,16480
10347,20200721,5호선,올림픽공원,4308,3640,7948
10348,20200721,5호선,방이,7070,7282,14352
10349,20200721,5호선,오금,3880,3882,7762
10350,20200721,5호선,개롱,6580,6774,13354
10351,20200721,5호선,거여,8032,7539,15571
10352,20200721,5호선,마천,5579,5516,11095
10353,20200722,5호선,방화,6737,6536,13273
10354,20200722,5호선,개화산,5039,4725,9764
10355,20200722,5호선,김포공항,6336,6065,12401
10356,20200722,5호선,송정,6590,6097,12687
10357,20200722,5호선,마곡,8682,8342,17024
10358,20200722,5호선,발산,18904,19388,38292
10359,20200722,5호선,우장산,14398,14041,28439
10360,20200722,5호선,화곡,28276,26062,54338
10361,20200722,5호선,까치산,29273,27516,56789
10362,20200722,5호선,신정,14263,11039,25302
10363,20200722,5호선,목동,17367,18861,36228
10364,20200722,5호선,오목교,22210,24310,46520
10365,20200722,5호선,양평,7511,7552,15063
10366,20200722,5호선,영등포구청,4053,4007,8060
10367,20200722,5호선,영등포시장,8948,9016,17964
10368,20200722,5호선,신길,3778,4020,7798
10369,20200722,5호선,여의도,26840,28848,55688
10370,20200722,5호선,여의나루,7602,7825,15427
10371,20200722,5호선,마포,14677,15181,29858
10372,20200722,5호선,공덕,14758,15848,30606
10373,20200722,5호선,애오개,7433,7407,14840
10374,20200722,5호선,충정로,4968,5169,10137
10375,20200722,5호선,서대문,18114,18778,36892
10376,20200722,5호선,광화문,34132,36349,70481
10377,20200722,5호선,종로3가,12839,12837,25676
10378,20200722,5호선,을지로4가,5734,6042,11776
10379,20200722,5호선,동대문역사문화공원,2765,3188,5953
10380,20200722,5호선,청구,3968,3787,7755
10381,20200722,5호선,신금호,6440,6458,12898
10382,20200722,5호선,행당,8469,7438,15907
10383,20200722,5호선,왕십리,4499,4909,9408
10384,20200722,5호선,마장,5512,5221,10733
10385,20200722,5호선,답십리,16214,14603,30817
10386,20200722,5호선,장한평,18261,18095,36356
10387,20200722,5호선,군자,10868,11855,22723
10388,20200722,5호선,아차산,13765,13409,27174
10389,20200722,5호선,광나루,12864,11427,24291
10390,20200722,5호선,천호,17434,18493,35927
10391,20200722,5호선,강동,21531,18693,40224
10392,20200722,5호선,길동,7433,7785,15218
10393,20200722,5호선,굽은다리,9065,8537,17602
10394,20200722,5호선,명일,8542,8882,17424
10395,20200722,5호선,고덕,8773,8764,17537
10396,20200722,5호선,상일동,19708,16598,36306
10397,20200722,5호선,둔촌동,7876,7953,15829
10398,20200722,5호선,올림픽공원,4137,3417,7554
10399,20200722,5호선,방이,7126,7358,14484
10400,20200722,5호선,오금,3861,3742,7603
10401,20200722,5호선,개롱,6610,6757,13367
10402,20200722,5호선,거여,7932,7486,15418
10403,20200722,5호선,마천,5230,5270,10500
10404,20200723,5호선,방화,6667,6391,13058
10405,20200723,5호선,개화산,4919,4710,9629
10406,20200723,5호선,김포공항,6630,5981,12611
10407,20200723,5호선,송정,6279,5947,12226
10408,20200723,5호선,마곡,8836,8389,17225
10409,20200723,5호선,발산,18711,18963,37674
10410,20200723,5호선,우장산,14315,14178,28493
10411,20200723,5호선,화곡,27675,25495,53170
10412,20200723,5호선,까치산,28202,26998,55200
10413,20200723,5호선,신정,13885,11004,24889
10414,20200723,5호선,목동,17170,18941,36111
10415,20200723,5호선,오목교,22269,24026,46295
10416,20200723,5호선,양평,7433,7584,15017
10417,20200723,5호선,영등포구청,3753,3925,7678
10418,20200723,5호선,영등포시장,8495,8924,17419
10419,20200723,5호선,신길,3622,4152,7774
10420,20200723,5호선,여의도,28836,28401,57237
10421,20200723,5호선,여의나루,7094,7125,14219
10422,20200723,5호선,마포,15074,15666,30740
10423,20200723,5호선,공덕,15085,16064,31149
10424,20200723,5호선,애오개,7465,7760,15225
10425,20200723,5호선,충정로,5309,5270,10579
10426,20200723,5호선,서대문,19536,18794,38330
10427,20200723,5호선,광화문,35842,35575,71417
10428,20200723,5호선,종로3가,12866,12352,25218
10429,20200723,5호선,을지로4가,5704,5763,11467
10430,20200723,5호선,동대문역사문화공원,3113,3184,6297
10431,20200723,5호선,청구,3944,3822,7766
10432,20200723,5호선,신금호,6178,6435,12613
10433,20200723,5호선,행당,8133,7515,15648
10434,20200723,5호선,왕십리,4463,4887,9350
10435,20200723,5호선,마장,5577,5434,11011
10436,20200723,5호선,답십리,15952,14734,30686
10437,20200723,5호선,장한평,17809,17914,35723
10438,20200723,5호선,군자,10460,11579,22039
10439,20200723,5호선,아차산,13513,13210,26723
10440,20200723,5호선,광나루,12596,11221,23817
10441,20200723,5호선,천호,16596,17812,34408
10442,20200723,5호선,강동,21475,19036,40511
10443,20200723,5호선,길동,7332,7720,15052
10444,20200723,5호선,굽은다리,8913,8653,17566
10445,20200723,5호선,명일,8285,8656,16941
10446,20200723,5호선,고덕,8747,8722,17469
10447,20200723,5호선,상일동,19304,16624,35928
10448,20200723,5호선,둔촌동,7917,8049,15966
10449,20200723,5호선,올림픽공원,4172,3477,7649
10450,20200723,5호선,방이,6931,7421,14352
10451,20200723,5호선,오금,3862,3734,7596
10452,20200723,5호선,개롱,6412,6721,13133
10453,20200723,5호선,거여,7670,7303,14973
10454,20200723,5호선,마천,5055,5089,10144
10455,20200724,5호선,마천,5563,5286,10849
10456,20200724,5호선,거여,8052,7427,15479
10457,20200724,5호선,개롱,6522,6665,13187
10458,20200724,5호선,오금,3965,3791,7756
10459,20200724,5호선,방이,7073,7458,14531
10460,20200724,5호선,올림픽공원,4401,3596,7997
10461,20200724,5호선,둔촌동,8302,8350,16652
10462,20200724,5호선,상일동,19821,16487,36308
10463,20200724,5호선,청구,4009,3740,7749
10464,20200724,5호선,여의나루,8577,8489,17066
10465,20200724,5호선,여의도,25962,28145,54107
10466,20200724,5호선,신길,3802,3967,7769
10467,20200724,5호선,영등포시장,9134,9357,18491
10468,20200724,5호선,영등포구청,4088,4085,8173
10469,20200724,5호선,양평,7444,7308,14752
10470,20200724,5호선,오목교,23600,25875,49475
10471,20200724,5호선,목동,18035,19411,37446
10472,20200724,5호선,신정,14311,10692,25003
10473,20200724,5호선,까치산,30100,27811,57911
10474,20200724,5호선,화곡,29149,26261,55410
10475,20200724,5호선,우장산,15093,14448,29541
10476,20200724,5호선,발산,18877,19953,38830
10477,20200724,5호선,마곡,8922,8516,17438
10478,20200724,5호선,송정,6893,6320,13213
10479,20200724,5호선,김포공항,6782,6589,13371
10480,20200724,5호선,개화산,5255,4858,10113
10481,20200724,5호선,동대문역사문화공원,2650,3142,5792
10482,20200724,5호선,을지로4가,5857,6163,12020
10483,20200724,5호선,종로3가,12961,14199,27160
10484,20200724,5호선,광화문,32146,34626,66772
10485,20200724,5호선,서대문,17940,18415,36355
10486,20200724,5호선,충정로,4850,4903,9753
10487,20200724,5호선,애오개,7240,7156,14396
10488,20200724,5호선,공덕,14874,15980,30854
10489,20200724,5호선,마포,14387,14926,29313
10490,20200724,5호선,고덕,9169,8996,18165
10491,20200724,5호선,명일,8610,8831,17441
10492,20200724,5호선,굽은다리,9242,8506,17748
10493,20200724,5호선,길동,7591,8080,15671
10494,20200724,5호선,강동,21771,18353,40124
10495,20200724,5호선,천호,18222,19489,37711
10496,20200724,5호선,광나루,13090,11717,24807
10497,20200724,5호선,아차산,14352,13374,27726
10498,20200724,5호선,군자,11142,12518,23660
10499,20200724,5호선,장한평,18392,18022,36414
10500,20200724,5호선,답십리,16428,14547,30975
10501,20200724,5호선,마장,5789,5416,11205
10502,20200724,5호선,왕십리,4547,5347,9894
10503,20200724,5호선,행당,8502,7210,15712
10504,20200724,5호선,신금호,6519,6274,12793
10505,20200724,5호선,방화,6963,6432,13395
10506,20200725,5호선,마장,3667,3523,7190
10507,20200725,5호선,왕십리,3196,3856,7052
10508,20200725,5호선,행당,5448,4705,10153
10509,20200725,5호선,신금호,3866,3851,7717
10510,20200725,5호선,청구,2443,2138,4581
10511,20200725,5호선,동대문역사문화공원,903,1188,2091
10512,20200725,5호선,을지로4가,3112,3477,6589
10513,20200725,5호선,종로3가,11615,12422,24037
10514,20200725,5호선,광화문,14550,15620,30170
10515,20200725,5호선,서대문,6661,6451,13112
10516,20200725,5호선,충정로,1961,1773,3734
10517,20200725,5호선,애오개,3698,3395,7093
10518,20200725,5호선,공덕,6748,7267,14015
10519,20200725,5호선,마포,6808,6910,13718
10520,20200725,5호선,여의나루,10460,10175,20635
10521,20200725,5호선,여의도,8179,9478,17657
10522,20200725,5호선,신길,2094,2140,4234
10523,20200725,5호선,영등포시장,5803,6025,11828
10524,20200725,5호선,영등포구청,1843,1815,3658
10525,20200725,5호선,양평,3519,3229,6748
10526,20200725,5호선,오목교,15214,15967,31181
10527,20200725,5호선,목동,11081,11129,22210
10528,20200725,5호선,신정,8731,7010,15741
10529,20200725,5호선,까치산,20526,18863,39389
10530,20200725,5호선,화곡,19151,17367,36518
10531,20200725,5호선,우장산,9453,9071,18524
10532,20200725,5호선,발산,11160,12000,23160
10533,20200725,5호선,마곡,3863,3739,7602
10534,20200725,5호선,송정,5051,4802,9853
10535,20200725,5호선,김포공항,5842,6254,12096
10536,20200725,5호선,개화산,3451,3381,6832
10537,20200725,5호선,방화,5200,4744,9944
10538,20200725,5호선,마천,3923,3977,7900
10539,20200725,5호선,거여,5276,5064,10340
10540,20200725,5호선,개롱,4297,4401,8698
10541,20200725,5호선,오금,2301,2005,4306
10542,20200725,5호선,방이,4745,4649,9394
10543,20200725,5호선,올림픽공원,2950,2451,5401
10544,20200725,5호선,둔촌동,5713,5681,11394
10545,20200725,5호선,상일동,11076,9894,20970
10546,20200725,5호선,고덕,5391,5258,10649
10547,20200725,5호선,명일,5271,5154,10425
10548,20200725,5호선,굽은다리,6457,5976,12433
10549,20200725,5호선,길동,5200,5303,10503
10550,20200725,5호선,강동,13509,11709,25218
10551,20200725,5호선,천호,15195,15361,30556
10552,20200725,5호선,광나루,9332,8676,18008
10553,20200725,5호선,아차산,11106,10443,21549
10554,20200725,5호선,군자,7728,8490,16218
10555,20200725,5호선,장한평,10373,10022,20395
10556,20200725,5호선,답십리,9773,8804,18577
10557,20200726,5호선,마천,3054,3232,6286
10558,20200726,5호선,거여,3488,3486,6974
10559,20200726,5호선,개롱,2722,3010,5732
10560,20200726,5호선,오금,1567,1380,2947
10561,20200726,5호선,방이,3631,3527,7158
10562,20200726,5호선,올림픽공원,1907,1694,3601
10563,20200726,5호선,둔촌동,4284,4258,8542
10564,20200726,5호선,상일동,7352,6939,14291
10565,20200726,5호선,고덕,3529,3575,7104
10566,20200726,5호선,명일,3908,3943,7851
10567,20200726,5호선,굽은다리,4529,4238,8767
10568,20200726,5호선,길동,3599,3735,7334
10569,20200726,5호선,강동,9247,8628,17875
10570,20200726,5호선,천호,10874,10779,21653
10571,20200726,5호선,광나루,7189,7043,14232
10572,20200726,5호선,아차산,8951,8794,17745
10573,20200726,5호선,군자,5553,6260,11813
10574,20200726,5호선,장한평,6596,6468,13064
10575,20200726,5호선,답십리,6754,6300,13054
10576,20200726,5호선,마장,2844,2824,5668
10577,20200726,5호선,왕십리,2117,2495,4612
10578,20200726,5호선,행당,3776,3434,7210
10579,20200726,5호선,신금호,2658,2893,5551
10580,20200726,5호선,청구,1729,1501,3230
10581,20200726,5호선,동대문역사문화공원,578,702,1280
10582,20200726,5호선,을지로4가,1181,1299,2480
10583,20200726,5호선,종로3가,7872,7480,15352
10584,20200726,5호선,광화문,10075,10126,20201
10585,20200726,5호선,서대문,4297,4346,8643
10586,20200726,5호선,충정로,1339,1361,2700
10587,20200726,5호선,애오개,2654,2749,5403
10588,20200726,5호선,공덕,3973,3962,7935
10589,20200726,5호선,마포,4294,4245,8539
10590,20200726,5호선,여의나루,7955,7532,15487
10591,20200726,5호선,여의도,4821,5474,10295
10592,20200726,5호선,신길,1411,1537,2948
10593,20200726,5호선,영등포시장,3677,3979,7656
10594,20200726,5호선,영등포구청,1121,1111,2232
10595,20200726,5호선,양평,2220,2302,4522
10596,20200726,5호선,오목교,10425,10828,21253
10597,20200726,5호선,목동,7411,7674,15085
10598,20200726,5호선,신정,5854,5173,11027
10599,20200726,5호선,까치산,14674,14240,28914
10600,20200726,5호선,화곡,13108,12431,25539
10601,20200726,5호선,우장산,6048,6290,12338
10602,20200726,5호선,발산,7232,7612,14844
10603,20200726,5호선,마곡,2504,2525,5029
10604,20200726,5호선,송정,3578,3535,7113
10605,20200726,5호선,김포공항,5393,5077,10470
10606,20200726,5호선,개화산,2381,2549,4930
10607,20200726,5호선,방화,3794,3669,7463
10608,20200727,5호선,방화,6738,6387,13125
10609,20200727,5호선,개화산,4976,4796,9772
10610,20200727,5호선,김포공항,5988,5619,11607
10611,20200727,5호선,송정,6723,6185,12908
10612,20200727,5호선,마곡,8623,8318,16941
10613,20200727,5호선,발산,18133,18623,36756
10614,20200727,5호선,우장산,14355,14133,28488
10615,20200727,5호선,화곡,27909,25682,53591
10616,20200727,5호선,까치산,28501,27194,55695
10617,20200727,5호선,신정,13984,10779,24763
10618,20200727,5호선,목동,16829,18676,35505
10619,20200727,5호선,오목교,21965,23945,45910
10620,20200727,5호선,양평,7278,7336,14614
10621,20200727,5호선,영등포구청,4017,3978,7995
10622,20200727,5호선,영등포시장,8781,8981,17762
10623,20200727,5호선,신길,3623,3904,7527
10624,20200727,5호선,여의도,26071,27891,53962
10625,20200727,5호선,여의나루,7391,7543,14934
10626,20200727,5호선,마포,13963,14431,28394
10627,20200727,5호선,공덕,14065,15262,29327
10628,20200727,5호선,애오개,6936,6962,13898
10629,20200727,5호선,충정로,4873,4935,9808
10630,20200727,5호선,서대문,17825,18178,36003
10631,20200727,5호선,광화문,31129,32820,63949
10632,20200727,5호선,종로3가,12341,12363,24704
10633,20200727,5호선,을지로4가,5807,6048,11855
10634,20200727,5호선,동대문역사문화공원,2855,3156,6011
10635,20200727,5호선,청구,3991,3765,7756
10636,20200727,5호선,신금호,5994,6164,12158
10637,20200727,5호선,행당,8005,7070,15075
10638,20200727,5호선,왕십리,4458,4755,9213
10639,20200727,5호선,마장,5351,5009,10360
10640,20200727,5호선,답십리,15776,14402,30178
10641,20200727,5호선,장한평,17714,17605,35319
10642,20200727,5호선,군자,10459,11408,21867
10643,20200727,5호선,아차산,13469,13151,26620
10644,20200727,5호선,광나루,12432,11218,23650
10645,20200727,5호선,천호,17078,18118,35196
10646,20200727,5호선,강동,20845,18434,39279
10647,20200727,5호선,길동,7344,7849,15193
10648,20200727,5호선,굽은다리,8847,8425,17272
10649,20200727,5호선,명일,8270,8555,16825
10650,20200727,5호선,고덕,8656,8608,17264
10651,20200727,5호선,상일동,19207,16385,35592
10652,20200727,5호선,둔촌동,7839,7841,15680
10653,20200727,5호선,올림픽공원,4209,3579,7788
10654,20200727,5호선,방이,7078,7275,14353
10655,20200727,5호선,오금,3787,3751,7538
10656,20200727,5호선,개롱,6509,6629,13138
10657,20200727,5호선,거여,7769,7387,15156
10658,20200727,5호선,마천,5230,5254,10484
10659,20200728,5호선,마천,5439,5409,10848
10660,20200728,5호선,거여,8088,7668,15756
10661,20200728,5호선,개롱,6581,6821,13402
10662,20200728,5호선,오금,3901,3810,7711
10663,20200728,5호선,방이,7117,7475,14592
10664,20200728,5호선,올림픽공원,4287,3625,7912
10665,20200728,5호선,둔촌동,7985,8104,16089
10666,20200728,5호선,상일동,19535,16600,36135
10667,20200728,5호선,고덕,8896,8876,17772
10668,20200728,5호선,명일,8490,8750,17240
10669,20200728,5호선,굽은다리,8908,8348,17256
10670,20200728,5호선,길동,7467,7916,15383
10671,20200728,5호선,강동,21326,18717,40043
10672,20200728,5호선,천호,17668,18752,36420
10673,20200728,5호선,광나루,12880,11695,24575
10674,20200728,5호선,아차산,14730,14135,28865
10675,20200728,5호선,군자,10816,11708,22524
10676,20200728,5호선,장한평,18118,17898,36016
10677,20200728,5호선,답십리,15885,14494,30379
10678,20200728,5호선,마장,5504,5234,10738
10679,20200728,5호선,왕십리,4458,4975,9433
10680,20200728,5호선,행당,8253,7338,15591
10681,20200728,5호선,신금호,6258,6349,12607
10682,20200728,5호선,청구,4100,3845,7945
10683,20200728,5호선,동대문역사문화공원,2755,3194,5949
10684,20200728,5호선,을지로4가,6222,6299,12521
10685,20200728,5호선,종로3가,13155,13080,26235
10686,20200728,5호선,광화문,32979,34701,67680
10687,20200728,5호선,서대문,18297,18519,36816
10688,20200728,5호선,충정로,4894,4980,9874
10689,20200728,5호선,애오개,7131,7199,14330
10690,20200728,5호선,공덕,14654,15839,30493
10691,20200728,5호선,마포,14455,14924,29379
10692,20200728,5호선,여의나루,7806,7955,15761
10693,20200728,5호선,여의도,26775,28280,55055
10694,20200728,5호선,신길,3681,4020,7701
10695,20200728,5호선,영등포시장,8887,9025,17912
10696,20200728,5호선,영등포구청,4042,4076,8118
10697,20200728,5호선,양평,7481,7402,14883
10698,20200728,5호선,오목교,22428,24472,46900
10699,20200728,5호선,목동,17127,18658,35785
10700,20200728,5호선,신정,14226,11133,25359
10701,20200728,5호선,까치산,29229,27630,56859
10702,20200728,5호선,화곡,28144,26076,54220
10703,20200728,5호선,우장산,14451,14243,28694
10704,20200728,5호선,발산,18450,19031,37481
10705,20200728,5호선,마곡,8817,8397,17214
10706,20200728,5호선,송정,6665,6110,12775
10707,20200728,5호선,김포공항,6027,5766,11793
10708,20200728,5호선,개화산,5279,4946,10225
10709,20200728,5호선,방화,6921,6566,13487
10710,20200729,5호선,길동,7177,7516,14693
10711,20200729,5호선,굽은다리,8718,8402,17120
10712,20200729,5호선,명일,8324,8557,16881
10713,20200729,5호선,고덕,8838,8796,17634
10714,20200729,5호선,상일동,19190,16298,35488
10715,20200729,5호선,둔촌동,7801,7774,15575
10716,20200729,5호선,올림픽공원,4167,3420,7587
10717,20200729,5호선,방이,7141,7271,14412
10718,20200729,5호선,오금,3790,3648,7438
10719,20200729,5호선,개롱,6469,6709,13178
10720,20200729,5호선,거여,7822,7456,15278
10721,20200729,5호선,마천,5212,5163,10375
10722,20200729,5호선,방화,6810,6392,13202
10723,20200729,5호선,개화산,5048,4717,9765
10724,20200729,5호선,김포공항,6155,6111,12266
10725,20200729,5호선,송정,6525,5957,12482
10726,20200729,5호선,마곡,8623,8341,16964
10727,20200729,5호선,발산,18284,18920,37204
10728,20200729,5호선,우장산,14159,13881,28040
10729,20200729,5호선,화곡,27817,25491,53308
10730,20200729,5호선,까치산,28564,26952,55516
10731,20200729,5호선,신정,14070,10724,24794
10732,20200729,5호선,목동,16561,18133,34694
10733,20200729,5호선,오목교,21925,24149,46074
10734,20200729,5호선,양평,7262,7375,14637
10735,20200729,5호선,영등포구청,3930,4027,7957
10736,20200729,5호선,영등포시장,8763,9019,17782
10737,20200729,5호선,신길,3696,4041,7737
10738,20200729,5호선,여의도,26191,27836,54027
10739,20200729,5호선,여의나루,7273,7408,14681
10740,20200729,5호선,마포,14038,14537,28575
10741,20200729,5호선,공덕,14087,15293,29380
10742,20200729,5호선,애오개,7058,7087,14145
10743,20200729,5호선,충정로,4750,4873,9623
10744,20200729,5호선,서대문,17809,18355,36164
10745,20200729,5호선,광화문,33213,35125,68338
10746,20200729,5호선,종로3가,12795,12747,25542
10747,20200729,5호선,을지로4가,5782,5881,11663
10748,20200729,5호선,동대문역사문화공원,2693,3165,5858
10749,20200729,5호선,청구,3948,3623,7571
10750,20200729,5호선,신금호,6094,6051,12145
10751,20200729,5호선,행당,8020,7074,15094
10752,20200729,5호선,왕십리,4384,4978,9362
10753,20200729,5호선,마장,5456,5025,10481
10754,20200729,5호선,답십리,15617,14155,29772
10755,20200729,5호선,장한평,17822,17761,35583
10756,20200729,5호선,군자,10591,11557,22148
10757,20200729,5호선,아차산,13657,13200,26857
10758,20200729,5호선,광나루,12499,11069,23568
10759,20200729,5호선,천호,16633,17717,34350
10760,20200729,5호선,강동,20980,18441,39421
10761,20200730,5호선,송정,6705,6171,12876
10762,20200730,5호선,마천,5425,5343,10768
10763,20200730,5호선,거여,7910,7422,15332
10764,20200730,5호선,개롱,6473,6624,13097
10765,20200730,5호선,오금,3842,3744,7586
10766,20200730,5호선,방이,6870,7028,13898
10767,20200730,5호선,올림픽공원,4177,3599,7776
10768,20200730,5호선,둔촌동,7817,7819,15636
10769,20200730,5호선,상일동,19295,16228,35523
10770,20200730,5호선,고덕,9133,8867,18000
10771,20200730,5호선,명일,8269,8475,16744
10772,20200730,5호선,굽은다리,8952,8259,17211
10773,20200730,5호선,길동,7271,7636,14907
10774,20200730,5호선,강동,21152,18350,39502
10775,20200730,5호선,천호,17820,18870,36690
10776,20200730,5호선,광나루,12768,11699,24467
10777,20200730,5호선,아차산,13880,13326,27206
10778,20200730,5호선,군자,10720,11713,22433
10779,20200730,5호선,장한평,17871,17561,35432
10780,20200730,5호선,답십리,15726,14063,29789
10781,20200730,5호선,마장,5478,5103,10581
10782,20200730,5호선,왕십리,4419,4985,9404
10783,20200730,5호선,행당,8060,6984,15044
10784,20200730,5호선,신금호,5990,6033,12023
10785,20200730,5호선,청구,3903,3591,7494
10786,20200730,5호선,동대문역사문화공원,2679,3264,5943
10787,20200730,5호선,을지로4가,5974,6195,12169
10788,20200730,5호선,종로3가,13162,13462,26624
10789,20200730,5호선,광화문,33029,34855,67884
10790,20200730,5호선,서대문,17652,18443,36095
10791,20200730,5호선,충정로,4784,4911,9695
10792,20200730,5호선,애오개,7030,6964,13994
10793,20200730,5호선,공덕,14313,15674,29987
10794,20200730,5호선,마포,14209,14692,28901
10795,20200730,5호선,여의나루,9323,9467,18790
10796,20200730,5호선,여의도,25979,28201,54180
10797,20200730,5호선,신길,3702,3991,7693
10798,20200730,5호선,영등포시장,8887,8913,17800
10799,20200730,5호선,영등포구청,4103,4098,8201
10800,20200730,5호선,양평,7355,7207,14562
10801,20200730,5호선,오목교,22606,24805,47411
10802,20200730,5호선,신정,13971,10777,24748
10803,20200730,5호선,까치산,28891,27155,56046
10804,20200730,5호선,화곡,28257,25598,53855
10805,20200730,5호선,우장산,14371,13946,28317
10806,20200730,5호선,발산,18452,19224,37676
10807,20200730,5호선,마곡,8667,8361,17028
10808,20200730,5호선,김포공항,6516,6702,13218
10809,20200730,5호선,개화산,5199,4848,10047
10810,20200730,5호선,방화,6910,6546,13456
10811,20200730,5호선,목동,17184,18471,35655
10812,20200731,5호선,방화,6972,6444,13416
10813,20200731,5호선,개화산,5284,4785,10069
10814,20200731,5호선,김포공항,7118,7537,14655
10815,20200731,5호선,송정,6972,6332,13304
10816,20200731,5호선,마곡,8789,8208,16997
10817,20200731,5호선,발산,18527,19626,38153
10818,20200731,5호선,우장산,14722,14099,28821
10819,20200731,5호선,화곡,29199,25913,55112
10820,20200731,5호선,까치산,29571,27000,56571
10821,20200731,5호선,신정,14126,10497,24623
10822,20200731,5호선,목동,17496,18588,36084
10823,20200731,5호선,오목교,23419,25814,49233
10824,20200731,5호선,양평,7437,7154,14591
10825,20200731,5호선,영등포구청,4102,3972,8074
10826,20200731,5호선,영등포시장,9123,9410,18533
10827,20200731,5호선,신길,3743,3826,7569
10828,20200731,5호선,여의도,26030,27881,53911
10829,20200731,5호선,여의나루,10862,10762,21624
10830,20200731,5호선,마포,14261,14936,29197
10831,20200731,5호선,공덕,14315,15648,29963
10832,20200731,5호선,애오개,7163,7117,14280
10833,20200731,5호선,충정로,4743,4707,9450
10834,20200731,5호선,서대문,17612,17878,35490
10835,20200731,5호선,광화문,33073,35309,68382
10836,20200731,5호선,종로3가,13980,14529,28509
10837,20200731,5호선,을지로4가,5861,6161,12022
10838,20200731,5호선,동대문역사문화공원,2362,2908,5270
10839,20200731,5호선,청구,3905,3862,7767
10840,20200731,5호선,신금호,6042,6012,12054
10841,20200731,5호선,행당,8249,7089,15338
10842,20200731,5호선,왕십리,4516,5346,9862
10843,20200731,5호선,마장,5650,5276,10926
10844,20200731,5호선,답십리,15831,14197,30028
10845,20200731,5호선,장한평,18035,17662,35697
10846,20200731,5호선,군자,10915,12098,23013
10847,20200731,5호선,아차산,14203,13494,27697
10848,20200731,5호선,광나루,13013,11628,24641
10849,20200731,5호선,천호,18339,19446,37785
10850,20200731,5호선,강동,21119,18282,39401
10851,20200731,5호선,길동,7537,7963,15500
10852,20200731,5호선,굽은다리,9085,8431,17516
10853,20200731,5호선,명일,8461,8542,17003
10854,20200731,5호선,고덕,9113,8840,17953
10855,20200731,5호선,상일동,19398,16052,35450
10856,20200731,5호선,둔촌동,7996,8032,16028
10857,20200731,5호선,올림픽공원,4201,3497,7698
10858,20200731,5호선,방이,6779,7022,13801
10859,20200731,5호선,오금,3730,3653,7383
10860,20200731,5호선,개롱,6402,6408,12810
10861,20200731,5호선,거여,7845,7297,15142
10862,20200731,5호선,마천,5502,5259,10761
10863,20200801,5호선,마천,3492,3489,6981
10864,20200801,5호선,거여,4326,4013,8339
10865,20200801,5호선,개롱,3926,4009,7935
10866,20200801,5호선,오금,2096,1793,3889
10867,20200801,5호선,방이,4035,3996,8031
10868,20200801,5호선,올림픽공원,2199,1771,3970
10869,20200801,5호선,둔촌동,4712,4795,9507
10870,20200801,5호선,상일동,9107,8186,17293
10871,20200801,5호선,고덕,4445,4262,8707
10872,20200801,5호선,명일,4475,4345,8820
10873,20200801,5호선,굽은다리,5635,5164,10799
10874,20200801,5호선,길동,4790,4809,9599
10875,20200801,5호선,강동,11930,10588,22518
10876,20200801,5호선,천호,12945,13154,26099
10877,20200801,5호선,광나루,7355,6569,13924
10878,20200801,5호선,아차산,8730,8109,16839
10879,20200801,5호선,군자,6652,7272,13924
10880,20200801,5호선,장한평,8728,8436,17164
10881,20200801,5호선,답십리,8360,7486,15846
10882,20200801,5호선,마장,3173,3016,6189
10883,20200801,5호선,왕십리,2655,3342,5997
10884,20200801,5호선,행당,4640,4037,8677
10885,20200801,5호선,신금호,3268,3149,6417
10886,20200801,5호선,청구,2061,1811,3872
10887,20200801,5호선,동대문역사문화공원,842,1125,1967
10888,20200801,5호선,을지로4가,2234,2535,4769
10889,20200801,5호선,종로3가,9566,9653,19219
10890,20200801,5호선,광화문,12331,13150,25481
10891,20200801,5호선,서대문,5359,5111,10470
10892,20200801,5호선,충정로,1762,1448,3210
10893,20200801,5호선,애오개,3212,3134,6346
10894,20200801,5호선,공덕,5551,5766,11317
10895,20200801,5호선,마포,5791,5961,11752
10896,20200801,5호선,여의나루,4092,4301,8393
10897,20200801,5호선,여의도,6710,7457,14167
10898,20200801,5호선,신길,1881,1837,3718
10899,20200801,5호선,영등포시장,5088,5164,10252
10900,20200801,5호선,영등포구청,1652,1505,3157
10901,20200801,5호선,양평,2907,2744,5651
10902,20200801,5호선,오목교,13268,13928,27196
10903,20200801,5호선,목동,9545,9538,19083
10904,20200801,5호선,신정,7394,6023,13417
10905,20200801,5호선,까치산,17834,16676,34510
10906,20200801,5호선,화곡,16496,14799,31295
10907,20200801,5호선,우장산,7952,7770,15722
10908,20200801,5호선,발산,9209,9791,19000
10909,20200801,5호선,마곡,3277,3167,6444
10910,20200801,5호선,송정,4386,4095,8481
10911,20200801,5호선,김포공항,5953,6507,12460
10912,20200801,5호선,개화산,2902,2781,5683
10913,20200801,5호선,방화,3946,3711,7657
10914,20200802,5호선,방화,2703,2743,5446
10915,20200802,5호선,개화산,2057,2039,4096
10916,20200802,5호선,김포공항,5721,5726,11447
10917,20200802,5호선,송정,3020,2995,6015
10918,20200802,5호선,마곡,2091,2127,4218
10919,20200802,5호선,발산,5980,6275,12255
10920,20200802,5호선,우장산,5003,5213,10216
10921,20200802,5호선,화곡,10627,10047,20674
10922,20200802,5호선,까치산,12143,11720,23863
10923,20200802,5호선,신정,4961,4304,9265
10924,20200802,5호선,목동,5750,6027,11777
10925,20200802,5호선,오목교,8700,9273,17973
10926,20200802,5호선,양평,2049,2077,4126
10927,20200802,5호선,영등포구청,967,913,1880
10928,20200802,5호선,영등포시장,3052,3303,6355
10929,20200802,5호선,신길,1186,1347,2533
10930,20200802,5호선,여의도,4086,4467,8553
10931,20200802,5호선,여의나루,2390,2353,4743
10932,20200802,5호선,마포,3430,3555,6985
10933,20200802,5호선,공덕,3274,3366,6640
10934,20200802,5호선,애오개,2190,2286,4476
10935,20200802,5호선,충정로,1155,1179,2334
10936,20200802,5호선,서대문,3787,3704,7491
10937,20200802,5호선,광화문,8533,8618,17151
10938,20200802,5호선,종로3가,6029,5422,11451
10939,20200802,5호선,을지로4가,839,900,1739
10940,20200802,5호선,동대문역사문화공원,622,763,1385
10941,20200802,5호선,청구,1338,1258,2596
10942,20200802,5호선,신금호,2149,2257,4406
10943,20200802,5호선,행당,3036,2759,5795
10944,20200802,5호선,왕십리,1917,2202,4119
10945,20200802,5호선,마장,2178,2232,4410
10946,20200802,5호선,답십리,5627,5331,10958
10947,20200802,5호선,장한평,5527,5433,10960
10948,20200802,5호선,군자,4321,4913,9234
10949,20200802,5호선,아차산,6158,6102,12260
10950,20200802,5호선,광나루,4979,4642,9621
10951,20200802,5호선,천호,9206,9035,18241
10952,20200802,5호선,강동,7876,7434,15310
10953,20200802,5호선,길동,2956,3151,6107
10954,20200802,5호선,굽은다리,3929,3775,7704
10955,20200802,5호선,명일,3206,3335,6541
10956,20200802,5호선,고덕,2754,2911,5665
10957,20200802,5호선,상일동,5921,5776,11697
10958,20200802,5호선,둔촌동,3414,3634,7048
10959,20200802,5호선,올림픽공원,1488,1243,2731
10960,20200802,5호선,방이,2925,2772,5697
10961,20200802,5호선,오금,1163,1102,2265
10962,20200802,5호선,개롱,2320,2552,4872
10963,20200802,5호선,거여,2890,2864,5754
10964,20200802,5호선,마천,2208,2391,4599
10965,20200803,5호선,마천,4660,4654,9314
10966,20200803,5호선,거여,7044,6707,13751
10967,20200803,5호선,개롱,5811,6182,11993
10968,20200803,5호선,오금,3439,3326,6765
10969,20200803,5호선,방이,6158,6413,12571
10970,20200803,5호선,올림픽공원,3744,3161,6905
10971,20200803,5호선,둔촌동,6976,7035,14011
10972,20200803,5호선,상일동,17197,14647,31844
10973,20200803,5호선,고덕,7813,7872,15685
10974,20200803,5호선,명일,7393,7681,15074
10975,20200803,5호선,굽은다리,7997,7598,15595
10976,20200803,5호선,길동,6728,7091,13819
10977,20200803,5호선,강동,18909,16909,35818
10978,20200803,5호선,천호,15409,15986,31395
10979,20200803,5호선,광나루,10875,9909,20784
10980,20200803,5호선,아차산,11699,11488,23187
10981,20200803,5호선,군자,9393,10140,19533
10982,20200803,5호선,장한평,15885,15801,31686
10983,20200803,5호선,답십리,14165,12906,27071
10984,20200803,5호선,마장,5028,4704,9732
10985,20200803,5호선,왕십리,4051,4492,8543
10986,20200803,5호선,행당,7418,6641,14059
10987,20200803,5호선,신금호,5429,5501,10930
10988,20200803,5호선,청구,3420,3258,6678
10989,20200803,5호선,동대문역사문화공원,2543,2823,5366
10990,20200803,5호선,을지로4가,3912,3988,7900
10991,20200803,5호선,종로3가,9509,9424,18933
10992,20200803,5호선,광화문,29835,31164,60999
10993,20200803,5호선,서대문,16713,17170,33883
10994,20200803,5호선,충정로,4395,4467,8862
10995,20200803,5호선,애오개,6503,6489,12992
10996,20200803,5호선,공덕,12940,13910,26850
10997,20200803,5호선,마포,12887,13491,26378
10998,20200803,5호선,여의나루,6746,6890,13636
10999,20200803,5호선,여의도,25484,26406,51890
11000,20200803,5호선,신길,3447,3764,7211
11001,20200803,5호선,영등포시장,7841,8180,16021
11002,20200803,5호선,영등포구청,3512,3482,6994
11003,20200803,5호선,양평,6740,6697,13437
11004,20200803,5호선,오목교,19980,22024,42004
11005,20200803,5호선,목동,15173,16685,31858
11006,20200803,5호선,신정,12384,9711,22095
11007,20200803,5호선,까치산,25577,24524,50101
11008,20200803,5호선,화곡,24607,23076,47683
11009,20200803,5호선,우장산,12636,12425,25061
11010,20200803,5호선,발산,16653,16940,33593
11011,20200803,5호선,마곡,7775,7498,15273
11012,20200803,5호선,송정,5799,5542,11341
11013,20200803,5호선,김포공항,6320,6254,12574
11014,20200803,5호선,개화산,4526,4321,8847
11015,20200803,5호선,방화,5829,5653,11482
11016,20200804,5호선,마천,4994,4935,9929
11017,20200804,5호선,거여,7400,7006,14406
11018,20200804,5호선,개롱,6044,6270,12314
11019,20200804,5호선,오금,3644,3622,7266
11020,20200804,5호선,방이,6338,6663,13001
11021,20200804,5호선,올림픽공원,4046,3395,7441
11022,20200804,5호선,둔촌동,7534,7473,15007
11023,20200804,5호선,상일동,17937,15351,33288
11024,20200804,5호선,고덕,8379,8472,16851
11025,20200804,5호선,명일,7693,7982,15675
11026,20200804,5호선,굽은다리,8431,7930,16361
11027,20200804,5호선,길동,7084,7575,14659
11028,20200804,5호선,강동,19877,17725,37602
11029,20200804,5호선,천호,16627,17457,34084
11030,20200804,5호선,광나루,11602,10389,21991
11031,20200804,5호선,아차산,12479,12293,24772
11032,20200804,5호선,군자,9967,10953,20920
11033,20200804,5호선,장한평,16534,16339,32873
11034,20200804,5호선,답십리,14574,13285,27859
11035,20200804,5호선,마장,5240,4963,10203
11036,20200804,5호선,왕십리,4342,4769,9111
11037,20200804,5호선,행당,7673,6823,14496
11038,20200804,5호선,신금호,5761,5832,11593
11039,20200804,5호선,신정,12982,10119,23101
11040,20200804,5호선,까치산,26892,25604,52496
11041,20200804,5호선,화곡,25884,24280,50164
11042,20200804,5호선,우장산,13449,13042,26491
11043,20200804,5호선,발산,17296,17893,35189
11044,20200804,5호선,마곡,7948,7712,15660
11045,20200804,5호선,송정,6101,5746,11847
11046,20200804,5호선,김포공항,6687,6546,13233
11047,20200804,5호선,개화산,4805,4472,9277
11048,20200804,5호선,방화,6209,6010,12219
11049,20200804,5호선,청구,3604,3400,7004
11050,20200804,5호선,동대문역사문화공원,2474,2853,5327
11051,20200804,5호선,을지로4가,4486,4537,9023
11052,20200804,5호선,종로3가,10767,10746,21513
11053,20200804,5호선,광화문,31913,33797,65710
11054,20200804,5호선,서대문,16968,17361,34329
11055,20200804,5호선,충정로,4624,4769,9393
11056,20200804,5호선,애오개,6656,6615,13271
11057,20200804,5호선,공덕,13548,14652,28200
11058,20200804,5호선,마포,13440,14042,27482
11059,20200804,5호선,여의나루,6807,7070,13877
11060,20200804,5호선,여의도,25487,27086,52573
11061,20200804,5호선,신길,3498,3699,7197
11062,20200804,5호선,영등포시장,8347,8593,16940
11063,20200804,5호선,영등포구청,3766,3813,7579
11064,20200804,5호선,양평,6824,6773,13597
11065,20200804,5호선,오목교,20884,22803,43687
11066,20200804,5호선,목동,15952,17283,33235
11067,20200805,5호선,동대문역사문화공원,2584,3054,5638
11068,20200805,5호선,방화,6335,5970,12305
11069,20200805,5호선,개화산,4794,4526,9320
11070,20200805,5호선,김포공항,7111,6835,13946
11071,20200805,5호선,송정,6150,5814,11964
11072,20200805,5호선,마곡,8248,7905,16153
11073,20200805,5호선,발산,17887,18313,36200
11074,20200805,5호선,우장산,13778,13266,27044
11075,20200805,5호선,화곡,26460,24339,50799
11076,20200805,5호선,까치산,27338,25975,53313
11077,20200805,5호선,신정,13214,10123,23337
11078,20200805,5호선,목동,16012,17560,33572
11079,20200805,5호선,오목교,21353,23390,44743
11080,20200805,5호선,양평,6954,6965,13919
11081,20200805,5호선,영등포구청,3691,3670,7361
11082,20200805,5호선,영등포시장,8524,8882,17406
11083,20200805,5호선,신길,3505,3828,7333
11084,20200805,5호선,여의도,26117,27790,53907
11085,20200805,5호선,여의나루,6841,7019,13860
11086,20200805,5호선,마포,13669,14214,27883
11087,20200805,5호선,공덕,13617,14433,28050
11088,20200805,5호선,애오개,6747,6679,13426
11089,20200805,5호선,충정로,4600,4757,9357
11090,20200805,5호선,서대문,17191,17794,34985
11091,20200805,5호선,광화문,33345,35861,69206
11092,20200805,5호선,종로3가,11681,11802,23483
11093,20200805,5호선,을지로4가,4513,4687,9200
11094,20200805,5호선,청구,3615,3419,7034
11095,20200805,5호선,신금호,5858,5824,11682
11096,20200805,5호선,행당,7876,6934,14810
11097,20200805,5호선,왕십리,4214,4887,9101
11098,20200805,5호선,마장,5252,4929,10181
11099,20200805,5호선,답십리,15081,13456,28537
11100,20200805,5호선,장한평,16720,16654,33374
11101,20200805,5호선,군자,10021,10857,20878
11102,20200805,5호선,아차산,12428,12222,24650
11103,20200805,5호선,광나루,11660,10568,22228
11104,20200805,5호선,천호,16414,17171,33585
11105,20200805,5호선,강동,19810,17557,37367
11106,20200805,5호선,길동,7101,7235,14336
11107,20200805,5호선,굽은다리,8444,8093,16537
11108,20200805,5호선,명일,7685,7933,15618
11109,20200805,5호선,고덕,8096,8158,16254
11110,20200805,5호선,상일동,18005,15363,33368
11111,20200805,5호선,둔촌동,7413,7428,14841
11112,20200805,5호선,올림픽공원,3954,3350,7304
11113,20200805,5호선,방이,6412,6680,13092
11114,20200805,5호선,오금,3653,3496,7149
11115,20200805,5호선,개롱,6023,6260,12283
11116,20200805,5호선,거여,7319,6979,14298
11117,20200805,5호선,마천,4930,4902,9832
11118,20200806,5호선,방화,6783,6527,13310
11119,20200806,5호선,개화산,5102,4818,9920
11120,20200806,5호선,김포공항,7016,6979,13995
11121,20200806,5호선,송정,6492,6033,12525
11122,20200806,5호선,마곡,8523,8182,16705
11123,20200806,5호선,발산,18897,19752,38649
11124,20200806,5호선,우장산,14173,13922,28095
11125,20200806,5호선,화곡,27676,25429,53105
11126,20200806,5호선,까치산,28467,26815,55282
11127,20200806,5호선,신정,14090,10688,24778
11128,20200806,5호선,목동,17411,18577,35988
11129,20200806,5호선,오목교,23648,25565,49213
11130,20200806,5호선,양평,7383,7352,14735
11131,20200806,5호선,영등포구청,4041,4068,8109
11132,20200806,5호선,영등포시장,9195,9463,18658
11133,20200806,5호선,신길,3742,3955,7697
11134,20200806,5호선,여의도,27784,30638,58422
11135,20200806,5호선,여의나루,7908,8172,16080
11136,20200806,5호선,마포,16106,15945,32051
11137,20200806,5호선,공덕,15091,16014,31105
11138,20200806,5호선,애오개,7344,7317,14661
11139,20200806,5호선,충정로,4922,5005,9927
11140,20200806,5호선,서대문,17464,18431,35895
11141,20200806,5호선,광화문,32985,36400,69385
11142,20200806,5호선,종로3가,12881,13157,26038
11143,20200806,5호선,을지로4가,5723,5979,11702
11144,20200806,5호선,동대문역사문화공원,2724,3256,5980
11145,20200806,5호선,청구,3813,3501,7314
11146,20200806,5호선,신금호,6184,6201,12385
11147,20200806,5호선,행당,8122,6990,15112
11148,20200806,5호선,왕십리,4553,5071,9624
11149,20200806,5호선,마장,5711,5263,10974
11150,20200806,5호선,답십리,16078,14304,30382
11151,20200806,5호선,장한평,18211,17797,36008
11152,20200806,5호선,군자,10647,11720,22367
11153,20200806,5호선,아차산,13250,12728,25978
11154,20200806,5호선,광나루,12396,11081,23477
11155,20200806,5호선,천호,17008,18243,35251
11156,20200806,5호선,강동,20613,17996,38609
11157,20200806,5호선,길동,7304,7599,14903
11158,20200806,5호선,굽은다리,8640,8142,16782
11159,20200806,5호선,명일,7993,8051,16044
11160,20200806,5호선,고덕,8702,8635,17337
11161,20200806,5호선,상일동,18932,15913,34845
11162,20200806,5호선,둔촌동,7665,7672,15337
11163,20200806,5호선,올림픽공원,3973,3359,7332
11164,20200806,5호선,방이,6700,6918,13618
11165,20200806,5호선,오금,3657,3652,7309
11166,20200806,5호선,개롱,6351,6534,12885
11167,20200806,5호선,거여,7509,7058,14567
11168,20200806,5호선,마천,5124,5081,10205
11169,20200807,5호선,마천,5408,5301,10709
11170,20200807,5호선,거여,7919,7352,15271
11171,20200807,5호선,개롱,6760,6650,13410
11172,20200807,5호선,오금,3847,3790,7637
11173,20200807,5호선,방이,6981,7321,14302
11174,20200807,5호선,올림픽공원,5264,4477,9741
11175,20200807,5호선,둔촌동,8277,8244,16521
11176,20200807,5호선,상일동,19588,16300,35888
11177,20200807,5호선,고덕,9081,8847,17928
11178,20200807,5호선,명일,8455,8531,16986
11179,20200807,5호선,굽은다리,9276,8572,17848
11180,20200807,5호선,길동,7668,7979,15647
11181,20200807,5호선,강동,21380,18550,39930
11182,20200807,5호선,천호,18712,20001,38713
11183,20200807,5호선,광나루,13017,11467,24484
11184,20200807,5호선,아차산,14234,13517,27751
11185,20200807,5호선,군자,10951,12202,23153
11186,20200807,5호선,장한평,18412,17981,36393
11187,20200807,5호선,답십리,16521,14681,31202
11188,20200807,5호선,마장,5754,5283,11037
11189,20200807,5호선,왕십리,4656,5632,10288
11190,20200807,5호선,행당,8417,7154,15571
11191,20200807,5호선,신금호,6484,6215,12699
11192,20200807,5호선,청구,3980,3696,7676
11193,20200807,5호선,동대문역사문화공원,2683,3230,5913
11194,20200807,5호선,을지로4가,5963,6335,12298
11195,20200807,5호선,종로3가,14274,14919,29193
11196,20200807,5호선,광화문,33516,36637,70153
11197,20200807,5호선,서대문,17331,18031,35362
11198,20200807,5호선,충정로,4674,4672,9346
11199,20200807,5호선,애오개,7328,7187,14515
11200,20200807,5호선,공덕,14956,16214,31170
11201,20200807,5호선,마포,15540,16031,31571
11202,20200807,5호선,여의나루,8358,8271,16629
11203,20200807,5호선,여의도,28411,32245,60656
11204,20200807,5호선,신길,3827,3904,7731
11205,20200807,5호선,영등포시장,9572,9856,19428
11206,20200807,5호선,영등포구청,4063,4092,8155
11207,20200807,5호선,양평,7418,7247,14665
11208,20200807,5호선,오목교,24445,26897,51342
11209,20200807,5호선,목동,18087,19164,37251
11210,20200807,5호선,신정,14638,10800,25438
11211,20200807,5호선,까치산,30034,27521,57555
11212,20200807,5호선,화곡,29411,26527,55938
11213,20200807,5호선,우장산,15283,14522,29805
11214,20200807,5호선,발산,19440,20670,40110
11215,20200807,5호선,마곡,8782,8399,17181
11216,20200807,5호선,송정,7065,6334,13399
11217,20200807,5호선,김포공항,7721,8015,15736
11218,20200807,5호선,개화산,5387,4928,10315
11219,20200807,5호선,방화,7027,6604,13631
11220,20200808,5호선,방화,4520,4275,8795
11221,20200808,5호선,개화산,3347,3213,6560
11222,20200808,5호선,김포공항,6825,7063,13888
11223,20200808,5호선,송정,4966,4749,9715
11224,20200808,5호선,마곡,3817,3717,7534
11225,20200808,5호선,발산,11135,11811,22946
11226,20200808,5호선,우장산,9253,8947,18200
11227,20200808,5호선,화곡,18342,16693,35035
11228,20200808,5호선,까치산,19590,18173,37763
11229,20200808,5호선,신정,8327,6772,15099
11230,20200808,5호선,목동,10714,10957,21671
11231,20200808,5호선,오목교,15228,16060,31288
11232,20200808,5호선,양평,3332,3156,6488
11233,20200808,5호선,영등포구청,1808,1691,3499
11234,20200808,5호선,영등포시장,6273,6533,12806
11235,20200808,5호선,신길,2103,2134,4237
11236,20200808,5호선,여의도,7482,8481,15963
11237,20200808,5호선,여의나루,2968,3313,6281
11238,20200808,5호선,마포,7008,6939,13947
11239,20200808,5호선,공덕,6333,6588,12921
11240,20200808,5호선,애오개,3427,3454,6881
11241,20200808,5호선,충정로,1683,1606,3289
11242,20200808,5호선,서대문,6478,6290,12768
11243,20200808,5호선,광화문,14861,15554,30415
11244,20200808,5호선,종로3가,11363,11498,22861
11245,20200808,5호선,을지로4가,2944,3310,6254
11246,20200808,5호선,동대문역사문화공원,857,1143,2000
11247,20200808,5호선,청구,2224,2072,4296
11248,20200808,5호선,신금호,3797,3782,7579
11249,20200808,5호선,행당,4975,4341,9316
11250,20200808,5호선,왕십리,3171,3784,6955
11251,20200808,5호선,마장,3604,3572,7176
11252,20200808,5호선,답십리,9616,8899,18515
11253,20200808,5호선,장한평,10209,9944,20153
11254,20200808,5호선,군자,7659,8364,16023
11255,20200808,5호선,아차산,10381,10096,20477
11256,20200808,5호선,광나루,8573,7810,16383
11257,20200808,5호선,천호,16297,16110,32407
11258,20200808,5호선,강동,12532,11187,23719
11259,20200808,5호선,길동,5447,5537,10984
11260,20200808,5호선,굽은다리,6680,6359,13039
11261,20200808,5호선,명일,5406,5323,10729
11262,20200808,5호선,고덕,5690,5328,11018
11263,20200808,5호선,상일동,9703,8613,18316
11264,20200808,5호선,둔촌동,5696,5587,11283
11265,20200808,5호선,올림픽공원,4696,3702,8398
11266,20200808,5호선,방이,4511,4582,9093
11267,20200808,5호선,오금,1884,1919,3803
11268,20200808,5호선,개롱,3941,4160,8101
11269,20200808,5호선,거여,5108,4731,9839
11270,20200808,5호선,마천,3690,3732,7422
11271,20200808,5호선,미사,10805,10544,21349
11272,20200808,5호선,하남풍산,5470,5937,11407
11273,20200809,5호선,방화,2601,2594,5195
11274,20200809,5호선,개화산,1959,1972,3931
11275,20200809,5호선,김포공항,5890,5328,11218
11276,20200809,5호선,송정,2793,2963,5756
11277,20200809,5호선,마곡,2005,2089,4094
11278,20200809,5호선,발산,6137,6464,12601
11279,20200809,5호선,우장산,5139,5332,10471
11280,20200809,5호선,화곡,10637,10117,20754
11281,20200809,5호선,까치산,11709,11732,23441
11282,20200809,5호선,신정,4982,4539,9521
11283,20200809,5호선,목동,6186,6508,12694
11284,20200809,5호선,오목교,9250,9634,18884
11285,20200809,5호선,양평,2002,2032,4034
11286,20200809,5호선,영등포구청,972,969,1941
11287,20200809,5호선,영등포시장,3269,3317,6586
11288,20200809,5호선,신길,1230,1397,2627
11289,20200809,5호선,여의도,4239,4653,8892
11290,20200809,5호선,여의나루,1755,1983,3738
11291,20200809,5호선,마포,3816,3807,7623
11292,20200809,5호선,공덕,3364,3368,6732
11293,20200809,5호선,애오개,2175,2365,4540
11294,20200809,5호선,충정로,1099,1160,2259
11295,20200809,5호선,서대문,3821,3649,7470
11296,20200809,5호선,광화문,8431,8841,17272
11297,20200809,5호선,종로3가,5978,5179,11157
11298,20200809,5호선,을지로4가,993,1036,2029
11299,20200809,5호선,동대문역사문화공원,526,625,1151
11300,20200809,5호선,청구,1347,1169,2516
11301,20200809,5호선,신금호,2178,2292,4470
11302,20200809,5호선,행당,2965,2659,5624
11303,20200809,5호선,왕십리,1807,2294,4101
11304,20200809,5호선,마장,2227,2095,4322
11305,20200809,5호선,답십리,5747,5425,11172
11306,20200809,5호선,장한평,5847,5947,11794
11307,20200809,5호선,군자,4568,5128,9696
11308,20200809,5호선,아차산,5989,6079,12068
11309,20200809,5호선,광나루,5021,4632,9653
11310,20200809,5호선,천호,9493,9301,18794
11311,20200809,5호선,강동,7390,7145,14535
11312,20200809,5호선,길동,3203,3185,6388
11313,20200809,5호선,굽은다리,4053,3829,7882
11314,20200809,5호선,명일,3412,3433,6845
11315,20200809,5호선,고덕,2876,2985,5861
11316,20200809,5호선,상일동,5373,5136,10509
11317,20200809,5호선,둔촌동,3654,3651,7305
11318,20200809,5호선,올림픽공원,3104,2648,5752
11319,20200809,5호선,방이,3132,2940,6072
11320,20200809,5호선,오금,1325,1259,2584
11321,20200809,5호선,개롱,2473,2680,5153
11322,20200809,5호선,거여,2799,2816,5615
11323,20200809,5호선,마천,2240,2329,4569
11324,20200809,5호선,미사,5081,5200,10281
11325,20200809,5호선,하남풍산,2462,2642,5104
11326,20200810,5호선,하남풍산,4158,4521,8679
11327,20200810,5호선,미사,10642,10656,21298
11328,20200810,5호선,마천,5213,5322,10535
11329,20200810,5호선,거여,7831,7336,15167
11330,20200810,5호선,개롱,6386,6839,13225
11331,20200810,5호선,오금,3837,3932,7769
11332,20200810,5호선,방이,6970,7309,14279
11333,20200810,5호선,올림픽공원,4228,3631,7859
11334,20200810,5호선,둔촌동,7873,7897,15770
11335,20200810,5호선,상일동,15945,13875,29820
11336,20200810,5호선,고덕,8768,8388,17156
11337,20200810,5호선,명일,8446,8985,17431
11338,20200810,5호선,굽은다리,9205,8887,18092
11339,20200810,5호선,길동,7656,7996,15652
11340,20200810,5호선,강동,19704,17720,37424
11341,20200810,5호선,천호,16338,17003,33341
11342,20200810,5호선,광나루,12168,11034,23202
11343,20200810,5호선,아차산,12954,12717,25671
11344,20200810,5호선,군자,10135,11238,21373
11345,20200810,5호선,장한평,17376,17517,34893
11346,20200810,5호선,답십리,15798,14564,30362
11347,20200810,5호선,마장,5503,5110,10613
11348,20200810,5호선,왕십리,4425,4823,9248
11349,20200810,5호선,행당,7982,7290,15272
11350,20200810,5호선,신금호,5793,5861,11654
11351,20200810,5호선,청구,3533,3356,6889
11352,20200810,5호선,동대문역사문화공원,2978,3317,6295
11353,20200810,5호선,을지로4가,5824,5957,11781
11354,20200810,5호선,종로3가,12674,12438,25112
11355,20200810,5호선,광화문,32300,33543,65843
11356,20200810,5호선,서대문,17735,18302,36037
11357,20200810,5호선,충정로,4939,5038,9977
11358,20200810,5호선,애오개,6966,7162,14128
11359,20200810,5호선,공덕,14013,15263,29276
11360,20200810,5호선,마포,14675,15074,29749
11361,20200810,5호선,여의나루,6806,7393,14199
11362,20200810,5호선,여의도,27075,28711,55786
11363,20200810,5호선,신길,3739,4127,7866
11364,20200810,5호선,영등포시장,8878,9175,18053
11365,20200810,5호선,영등포구청,4088,4073,8161
11366,20200810,5호선,양평,7484,7523,15007
11367,20200810,5호선,오목교,21444,23551,44995
11368,20200810,5호선,목동,17069,18582,35651
11369,20200810,5호선,신정,13835,10745,24580
11370,20200810,5호선,까치산,28331,26990,55321
11371,20200810,5호선,화곡,27774,25848,53622
11372,20200810,5호선,우장산,14054,13677,27731
11373,20200810,5호선,발산,18917,19348,38265
11374,20200810,5호선,마곡,8824,8432,17256
11375,20200810,5호선,송정,6721,6124,12845
11376,20200810,5호선,김포공항,6644,6226,12870
11377,20200810,5호선,개화산,4966,4629,9595
11378,20200810,5호선,방화,6649,6274,12923
11379,20200811,5호선,하남풍산,4137,4198,8335
11380,20200811,5호선,미사,10378,10378,20756
11381,20200811,5호선,마천,5214,5155,10369
11382,20200811,5호선,거여,7797,7265,15062
11383,20200811,5호선,개롱,6339,6541,12880
11384,20200811,5호선,오금,3913,3729,7642
11385,20200811,5호선,방이,6899,7191,14090
11386,20200811,5호선,올림픽공원,4167,3484,7651
11387,20200811,5호선,둔촌동,7846,7854,15700
11388,20200811,5호선,상일동,15957,13577,29534
11389,20200811,5호선,고덕,8758,8467,17225
11390,20200811,5호선,명일,8514,8712,17226
11391,20200811,5호선,굽은다리,9082,8462,17544
11392,20200811,5호선,길동,7568,7920,15488
11393,20200811,5호선,강동,19402,17371,36773
11394,20200811,5호선,천호,17579,18109,35688
11395,20200811,5호선,광나루,12269,10921,23190
11396,20200811,5호선,아차산,13318,12910,26228
11397,20200811,5호선,군자,10439,11601,22040
11398,20200811,5호선,장한평,17835,17598,35433
11399,20200811,5호선,답십리,15959,14317,30276
11400,20200811,5호선,마장,5434,5050,10484
11401,20200811,5호선,왕십리,4544,5011,9555
11402,20200811,5호선,행당,8200,7083,15283
11403,20200811,5호선,신금호,6060,6078,12138
11404,20200811,5호선,청구,3569,3302,6871
11405,20200811,5호선,동대문역사문화공원,2781,3359,6140
11406,20200811,5호선,을지로4가,5886,6075,11961
11407,20200811,5호선,종로3가,12789,12553,25342
11408,20200811,5호선,광화문,32962,35699,68661
11409,20200811,5호선,서대문,17330,18463,35793
11410,20200811,5호선,충정로,4945,5135,10080
11411,20200811,5호선,애오개,7224,7037,14261
11412,20200811,5호선,공덕,14347,15461,29808
11413,20200811,5호선,마포,14621,15147,29768
11414,20200811,5호선,여의나루,6839,7548,14387
11415,20200811,5호선,여의도,26658,29242,55900
11416,20200811,5호선,신길,3862,4000,7862
11417,20200811,5호선,영등포시장,9053,9161,18214
11418,20200811,5호선,영등포구청,4056,3958,8014
11419,20200811,5호선,양평,7354,7371,14725
11420,20200811,5호선,오목교,23178,25264,48442
11421,20200811,5호선,목동,17435,18849,36284
11422,20200811,5호선,신정,13968,10722,24690
11423,20200811,5호선,까치산,28813,27222,56035
11424,20200811,5호선,화곡,27938,25768,53706
11425,20200811,5호선,우장산,14054,13728,27782
11426,20200811,5호선,발산,19183,19662,38845
11427,20200811,5호선,마곡,8722,8459,17181
11428,20200811,5호선,송정,6603,6028,12631
11429,20200811,5호선,김포공항,6638,6482,13120
11430,20200811,5호선,개화산,5005,4666,9671
11431,20200811,5호선,방화,6618,6273,12891
11432,20200812,5호선,동대문역사문화공원,2901,3393,6294
11433,20200812,5호선,을지로4가,6170,6357,12527
11434,20200812,5호선,종로3가,14348,14221,28569
11435,20200812,5호선,광화문,34731,37214,71945
11436,20200812,5호선,서대문,17722,18321,36043
11437,20200812,5호선,충정로,4979,5139,10118
11438,20200812,5호선,애오개,7150,7219,14369
11439,20200812,5호선,공덕,14589,15615,30204
11440,20200812,5호선,마포,14932,15424,30356
11441,20200812,5호선,여의나루,7353,7661,15014
11442,20200812,5호선,여의도,26758,28626,55384
11443,20200812,5호선,신길,3746,4061,7807
11444,20200812,5호선,영등포시장,9365,9548,18913
11445,20200812,5호선,영등포구청,4127,4130,8257
11446,20200812,5호선,양평,7396,7285,14681
11447,20200812,5호선,오목교,23515,25601,49116
11448,20200812,5호선,목동,17838,19361,37199
11449,20200812,5호선,신정,14215,11000,25215
11450,20200812,5호선,까치산,29522,27762,57284
11451,20200812,5호선,화곡,29039,26774,55813
11452,20200812,5호선,우장산,14572,14349,28921
11453,20200812,5호선,발산,19829,20571,40400
11454,20200812,5호선,마곡,8975,8579,17554
11455,20200812,5호선,송정,7016,6274,13290
11456,20200812,5호선,김포공항,7254,7069,14323
11457,20200812,5호선,개화산,5265,4914,10179
11458,20200812,5호선,방화,7061,6571,13632
11459,20200812,5호선,하남풍산,4232,4328,8560
11460,20200812,5호선,미사,10830,10660,21490
11461,20200812,5호선,마천,5512,5466,10978
11462,20200812,5호선,거여,7958,7509,15467
11463,20200812,5호선,개롱,6697,7001,13698
11464,20200812,5호선,오금,3976,3883,7859
11465,20200812,5호선,방이,7257,7369,14626
11466,20200812,5호선,올림픽공원,4527,3750,8277
11467,20200812,5호선,둔촌동,8083,8074,16157
11468,20200812,5호선,상일동,16381,14028,30409
11469,20200812,5호선,고덕,9280,9113,18393
11470,20200812,5호선,명일,8755,9111,17866
11471,20200812,5호선,굽은다리,9471,9090,18561
11472,20200812,5호선,길동,7821,8135,15956
11473,20200812,5호선,강동,19992,17952,37944
11474,20200812,5호선,천호,18970,19316,38286
11475,20200812,5호선,광나루,13146,11798,24944
11476,20200812,5호선,아차산,14057,13843,27900
11477,20200812,5호선,군자,11004,11896,22900
11478,20200812,5호선,장한평,18458,18168,36626
11479,20200812,5호선,답십리,16277,14752,31029
11480,20200812,5호선,마장,5675,5231,10906
11481,20200812,5호선,왕십리,4753,5297,10050
11482,20200812,5호선,행당,8337,7234,15571
11483,20200812,5호선,신금호,6174,6257,12431
11484,20200812,5호선,청구,3890,3599,7489
11485,20200813,5호선,방화,6845,6497,13342
11486,20200813,5호선,개화산,5079,4834,9913
11487,20200813,5호선,김포공항,7142,7113,14255
11488,20200813,5호선,송정,6625,6279,12904
11489,20200813,5호선,마곡,8840,8475,17315
11490,20200813,5호선,발산,19206,19686,38892
11491,20200813,5호선,우장산,14129,13660,27789
11492,20200813,5호선,화곡,28470,26035,54505
11493,20200813,5호선,까치산,28908,27112,56020
11494,20200813,5호선,신정,14109,10869,24978
11495,20200813,5호선,목동,17636,18855,36491
11496,20200813,5호선,오목교,23371,25514,48885
11497,20200813,5호선,양평,7249,7105,14354
11498,20200813,5호선,영등포구청,3965,3959,7924
11499,20200813,5호선,영등포시장,9117,9369,18486
11500,20200813,5호선,신길,3662,3903,7565
11501,20200813,5호선,여의도,26173,27996,54169
11502,20200813,5호선,여의나루,7149,7413,14562
11503,20200813,5호선,마포,14527,15223,29750
11504,20200813,5호선,공덕,14472,15675,30147
11505,20200813,5호선,애오개,7052,7022,14074
11506,20200813,5호선,충정로,4946,5002,9948
11507,20200813,5호선,서대문,17639,18470,36109
11508,20200813,5호선,광화문,33340,35796,69136
11509,20200813,5호선,종로3가,13712,13569,27281
11510,20200813,5호선,을지로4가,5928,6090,12018
11511,20200813,5호선,동대문역사문화공원,2781,3187,5968
11512,20200813,5호선,청구,3830,3471,7301
11513,20200813,5호선,신금호,6171,6195,12366
11514,20200813,5호선,행당,8104,7138,15242
11515,20200813,5호선,왕십리,4547,5270,9817
11516,20200813,5호선,마장,5528,5171,10699
11517,20200813,5호선,답십리,15799,14307,30106
11518,20200813,5호선,장한평,18050,17677,35727
11519,20200813,5호선,군자,10470,11189,21659
11520,20200813,5호선,아차산,13615,13108,26723
11521,20200813,5호선,광나루,12491,11273,23764
11522,20200813,5호선,천호,18456,18809,37265
11523,20200813,5호선,강동,19899,17791,37690
11524,20200813,5호선,길동,7640,7987,15627
11525,20200813,5호선,굽은다리,9356,8760,18116
11526,20200813,5호선,명일,8511,8752,17263
11527,20200813,5호선,고덕,8890,8634,17524
11528,20200813,5호선,상일동,16111,13859,29970
11529,20200813,5호선,둔촌동,7862,7903,15765
11530,20200813,5호선,올림픽공원,4439,3725,8164
11531,20200813,5호선,방이,7069,7243,14312
11532,20200813,5호선,오금,3874,3829,7703
11533,20200813,5호선,개롱,6505,6658,13163
11534,20200813,5호선,거여,7599,7183,14782
11535,20200813,5호선,마천,5357,5322,10679
11536,20200813,5호선,미사,10493,10477,20970
11537,20200813,5호선,하남풍산,4311,4373,8684
11538,20200814,5호선,방화,6797,6219,13016
11539,20200814,5호선,개화산,5089,4659,9748
11540,20200814,5호선,김포공항,7824,7976,15800
11541,20200814,5호선,송정,6896,6238,13134
11542,20200814,5호선,마곡,8612,8169,16781
11543,20200814,5호선,발산,18431,19814,38245
11544,20200814,5호선,우장산,14339,13716,28055
11545,20200814,5호선,화곡,28314,25436,53750
11546,20200814,5호선,까치산,28938,26698,55636
11547,20200814,5호선,신정,13906,10389,24295
11548,20200814,5호선,목동,17171,18155,35326
11549,20200814,5호선,오목교,23126,25558,48684
11550,20200814,5호선,양평,7031,6801,13832
11551,20200814,5호선,영등포구청,3892,3855,7747
11552,20200814,5호선,영등포시장,8970,9198,18168
11553,20200814,5호선,신길,3662,3792,7454
11554,20200814,5호선,여의도,26299,28389,54688
11555,20200814,5호선,여의나루,8492,7970,16462
11556,20200814,5호선,마포,13725,14371,28096
11557,20200814,5호선,공덕,13668,14809,28477
11558,20200814,5호선,애오개,6753,6694,13447
11559,20200814,5호선,충정로,4433,4589,9022
11560,20200814,5호선,서대문,16769,17147,33916
11561,20200814,5호선,광화문,30549,33189,63738
11562,20200814,5호선,종로3가,13230,13751,26981
11563,20200814,5호선,을지로4가,5642,6001,11643
11564,20200814,5호선,동대문역사문화공원,2602,3194,5796
11565,20200814,5호선,청구,3750,3504,7254
11566,20200814,5호선,신금호,6033,5823,11856
11567,20200814,5호선,행당,7957,6742,14699
11568,20200814,5호선,왕십리,4566,5398,9964
11569,20200814,5호선,마장,5554,5079,10633
11570,20200814,5호선,답십리,15625,13836,29461
11571,20200814,5호선,장한평,17505,17175,34680
11572,20200814,5호선,군자,10470,11245,21715
11573,20200814,5호선,아차산,13403,12640,26043
11574,20200814,5호선,광나루,12385,10848,23233
11575,20200814,5호선,천호,18421,19141,37562
11576,20200814,5호선,강동,19510,17283,36793
11577,20200814,5호선,길동,7668,7930,15598
11578,20200814,5호선,굽은다리,9213,8624,17837
11579,20200814,5호선,명일,8244,8456,16700
11580,20200814,5호선,고덕,8800,8301,17101
11581,20200814,5호선,상일동,15621,13125,28746
11582,20200814,5호선,둔촌동,7898,7890,15788
11583,20200814,5호선,올림픽공원,5066,4255,9321
11584,20200814,5호선,방이,6890,7024,13914
11585,20200814,5호선,오금,3778,3765,7543
11586,20200814,5호선,개롱,6236,6372,12608
11587,20200814,5호선,거여,7505,6930,14435
11588,20200814,5호선,마천,5398,5048,10446
11589,20200814,5호선,미사,10428,10346,20774
11590,20200814,5호선,하남풍산,4264,4275,8539
11591,20200815,5호선,하남풍산,2987,3274,6261
11592,20200815,5호선,미사,6950,6719,13669
11593,20200815,5호선,마천,3090,2996,6086
11594,20200815,5호선,거여,4019,3669,7688
11595,20200815,5호선,개롱,3430,3432,6862
11596,20200815,5호선,오금,1694,1530,3224
11597,20200815,5호선,방이,3744,3764,7508
11598,20200815,5호선,올림픽공원,4137,3237,7374
11599,20200815,5호선,둔촌동,4573,4417,8990
11600,20200815,5호선,상일동,7567,6493,14060
11601,20200815,5호선,고덕,4116,3984,8100
11602,20200815,5호선,명일,4444,4367,8811
11603,20200815,5호선,굽은다리,5560,5099,10659
11604,20200815,5호선,길동,4365,4337,8702
11605,20200815,5호선,강동,10610,9337,19947
11606,20200815,5호선,천호,12920,12773,25693
11607,20200815,5호선,광나루,6796,6035,12831
11608,20200815,5호선,아차산,8169,7836,16005
11609,20200815,5호선,군자,6143,6837,12980
11610,20200815,5호선,장한평,8298,8223,16521
11611,20200815,5호선,답십리,7845,7146,14991
11612,20200815,5호선,마장,3194,3074,6268
11613,20200815,5호선,왕십리,2733,3418,6151
11614,20200815,5호선,행당,4226,3547,7773
11615,20200815,5호선,신금호,3178,2994,6172
11616,20200815,5호선,청구,1905,1753,3658
11617,20200815,5호선,동대문역사문화공원,746,985,1731
11618,20200815,5호선,을지로4가,2555,2673,5228
11619,20200815,5호선,종로3가,10943,11282,22225
11620,20200815,5호선,광화문,39181,39792,78973
11621,20200815,5호선,서대문,7532,5643,13175
11622,20200815,5호선,충정로,1933,1459,3392
11623,20200815,5호선,애오개,2827,2783,5610
11624,20200815,5호선,공덕,5309,5650,10959
11625,20200815,5호선,마포,5475,5655,11130
11626,20200815,5호선,여의나루,2304,2301,4605
11627,20200815,5호선,여의도,6021,6727,12748
11628,20200815,5호선,신길,1759,1838,3597
11629,20200815,5호선,영등포시장,4931,4820,9751
11630,20200815,5호선,영등포구청,1503,1454,2957
11631,20200815,5호선,양평,2616,2394,5010
11632,20200815,5호선,오목교,12851,13436,26287
11633,20200815,5호선,목동,8729,8787,17516
11634,20200815,5호선,신정,7058,5693,12751
11635,20200815,5호선,까치산,16563,15355,31918
11636,20200815,5호선,화곡,15412,13769,29181
11637,20200815,5호선,우장산,7179,6857,14036
11638,20200815,5호선,발산,9269,10132,19401
11639,20200815,5호선,마곡,3018,2931,5949
11640,20200815,5호선,송정,4217,3902,8119
11641,20200815,5호선,김포공항,6579,6917,13496
11642,20200815,5호선,개화산,2662,2542,5204
11643,20200815,5호선,방화,3771,3510,7281
11644,20200816,5호선,하남풍산,2534,2781,5315
11645,20200816,5호선,미사,5288,5339,10627
11646,20200816,5호선,마천,2758,2993,5751
11647,20200816,5호선,거여,3357,3291,6648
11648,20200816,5호선,개롱,2849,3051,5900
11649,20200816,5호선,오금,1426,1336,2762
11650,20200816,5호선,방이,3337,3205,6542
11651,20200816,5호선,올림픽공원,3372,2843,6215
11652,20200816,5호선,둔촌동,4138,3963,8101
11653,20200816,5호선,상일동,5827,5368,11195
11654,20200816,5호선,고덕,3358,3365,6723
11655,20200816,5호선,명일,3760,3769,7529
11656,20200816,5호선,굽은다리,4661,4484,9145
11657,20200816,5호선,길동,3532,3621,7153
11658,20200816,5호선,강동,8115,7667,15782
11659,20200816,5호선,천호,10976,10693,21669
11660,20200816,5호선,광나루,5983,5716,11699
11661,20200816,5호선,아차산,7898,7729,15627
11662,20200816,5호선,군자,5032,5530,10562
11663,20200816,5호선,장한평,6223,6215,12438
11664,20200816,5호선,답십리,6195,5760,11955
11665,20200816,5호선,마장,2516,2408,4924
11666,20200816,5호선,왕십리,2117,2621,4738
11667,20200816,5호선,행당,3270,2899,6169
11668,20200816,5호선,신금호,2395,2408,4803
11669,20200816,5호선,청구,1591,1408,2999
11670,20200816,5호선,동대문역사문화공원,587,703,1290
11671,20200816,5호선,을지로4가,1108,1194,2302
11672,20200816,5호선,종로3가,7421,7213,14634
11673,20200816,5호선,광화문,8763,9050,17813
11674,20200816,5호선,서대문,5535,5495,11030
11675,20200816,5호선,충정로,1301,1274,2575
11676,20200816,5호선,애오개,2404,2387,4791
11677,20200816,5호선,공덕,3735,3918,7653
11678,20200816,5호선,마포,4035,4021,8056
11679,20200816,5호선,여의나루,4138,3874,8012
11680,20200816,5호선,여의도,4530,5094,9624
11681,20200816,5호선,신길,1428,1441,2869
11682,20200816,5호선,영등포시장,3783,3884,7667
11683,20200816,5호선,영등포구청,1160,1138,2298
11684,20200816,5호선,양평,2222,2123,4345
11685,20200816,5호선,오목교,10179,10807,20986
11686,20200816,5호선,목동,6905,7039,13944
11687,20200816,5호선,신정,5555,4782,10337
11688,20200816,5호선,까치산,14046,13369,27415
11689,20200816,5호선,화곡,12393,11591,23984
11690,20200816,5호선,우장산,5718,5830,11548
11691,20200816,5호선,발산,7434,8055,15489
11692,20200816,5호선,마곡,2267,2372,4639
11693,20200816,5호선,송정,3399,3351,6750
11694,20200816,5호선,김포공항,6299,6164,12463
11695,20200816,5호선,개화산,2337,2470,4807
11696,20200816,5호선,방화,3412,3155,6567
11697,20200817,5호선,방화,3850,3827,7677
11698,20200817,5호선,개화산,3183,3130,6313
11699,20200817,5호선,김포공항,6404,6336,12740
11700,20200817,5호선,송정,4243,4040,8283
11701,20200817,5호선,마곡,3538,3534,7072
11702,20200817,5호선,발산,9575,10329,19904
11703,20200817,5호선,우장산,7869,7838,15707
11704,20200817,5호선,화곡,16651,15637,32288
11705,20200817,5호선,까치산,17592,17192,34784
11706,20200817,5호선,신정,7368,6408,13776
11707,20200817,5호선,목동,9058,9553,18611
11708,20200817,5호선,오목교,12259,13137,25396
11709,20200817,5호선,양평,2908,3008,5916
11710,20200817,5호선,영등포구청,1662,1636,3298
11711,20200817,5호선,영등포시장,4932,5085,10017
11712,20200817,5호선,신길,1763,1986,3749
11713,20200817,5호선,여의도,6241,6983,13224
11714,20200817,5호선,여의나루,3537,3512,7049
11715,20200817,5호선,마포,5821,5994,11815
11716,20200817,5호선,공덕,4963,5087,10050
11717,20200817,5호선,애오개,2849,2876,5725
11718,20200817,5호선,충정로,1440,1500,2940
11719,20200817,5호선,서대문,5831,5713,11544
11720,20200817,5호선,광화문,9225,9462,18687
11721,20200817,5호선,종로3가,9077,8850,17927
11722,20200817,5호선,을지로4가,3002,3203,6205
11723,20200817,5호선,동대문역사문화공원,1016,1177,2193
11724,20200817,5호선,청구,2335,2076,4411
11725,20200817,5호선,신금호,3074,3274,6348
11726,20200817,5호선,행당,4277,3851,8128
11727,20200817,5호선,왕십리,2727,3150,5877
11728,20200817,5호선,마장,3121,2952,6073
11729,20200817,5호선,답십리,8746,8356,17102
11730,20200817,5호선,장한평,9511,9513,19024
11731,20200817,5호선,군자,6312,7106,13418
11732,20200817,5호선,아차산,9097,8917,18014
11733,20200817,5호선,광나루,6810,6266,13076
11734,20200817,5호선,천호,13292,13070,26362
11735,20200817,5호선,강동,10643,9966,20609
11736,20200817,5호선,길동,4809,5053,9862
11737,20200817,5호선,굽은다리,5630,5497,11127
11738,20200817,5호선,명일,4405,4454,8859
11739,20200817,5호선,고덕,4491,4505,8996
11740,20200817,5호선,상일동,7631,6963,14594
11741,20200817,5호선,둔촌동,4588,4693,9281
11742,20200817,5호선,올림픽공원,2299,1985,4284
11743,20200817,5호선,방이,3907,3814,7721
11744,20200817,5호선,오금,1703,1682,3385
11745,20200817,5호선,개롱,3256,3483,6739
11746,20200817,5호선,거여,4335,4192,8527
11747,20200817,5호선,마천,3349,3550,6899
11748,20200817,5호선,미사,6187,6095,12282
11749,20200817,5호선,하남풍산,2672,2854,5526
11750,20200818,5호선,하남풍산,3694,3666,7360
11751,20200818,5호선,미사,9127,9170,18297
11752,20200818,5호선,마천,5075,5108,10183
11753,20200818,5호선,거여,7121,6702,13823
11754,20200818,5호선,개롱,5838,6160,11998
11755,20200818,5호선,오금,3604,3423,7027
11756,20200818,5호선,방이,6357,6619,12976
11757,20200818,5호선,올림픽공원,3519,2994,6513
11758,20200818,5호선,둔촌동,7462,7546,15008
11759,20200818,5호선,상일동,14517,12853,27370
11760,20200818,5호선,고덕,7989,7984,15973
11761,20200818,5호선,명일,7805,8122,15927
11762,20200818,5호선,굽은다리,8474,8143,16617
11763,20200818,5호선,길동,7175,7435,14610
11764,20200818,5호선,강동,18568,16888,35456
11765,20200818,5호선,천호,16485,17011,33496
11766,20200818,5호선,광나루,11202,10163,21365
11767,20200818,5호선,아차산,12877,12672,25549
11768,20200818,5호선,군자,9962,10774,20736
11769,20200818,5호선,장한평,16826,16677,33503
11770,20200818,5호선,답십리,14901,13718,28619
11771,20200818,5호선,마장,5031,4646,9677
11772,20200818,5호선,왕십리,4139,4558,8697
11773,20200818,5호선,행당,7490,6749,14239
11774,20200818,5호선,신금호,5655,5812,11467
11775,20200818,5호선,청구,3685,3440,7125
11776,20200818,5호선,동대문역사문화공원,2852,3131,5983
11777,20200818,5호선,을지로4가,5414,5480,10894
11778,20200818,5호선,종로3가,10649,10557,21206
11779,20200818,5호선,광화문,28232,29615,57847
11780,20200818,5호선,서대문,15987,16227,32214
11781,20200818,5호선,충정로,4485,4551,9036
11782,20200818,5호선,애오개,6491,6575,13066
11783,20200818,5호선,공덕,12855,13737,26592
11784,20200818,5호선,마포,12924,13540,26464
11785,20200818,5호선,여의나루,7240,7423,14663
11786,20200818,5호선,여의도,24241,25416,49657
11787,20200818,5호선,신길,3492,3753,7245
11788,20200818,5호선,영등포시장,8180,8476,16656
11789,20200818,5호선,영등포구청,3734,3809,7543
11790,20200818,5호선,양평,6891,6965,13856
11791,20200818,5호선,오목교,20914,22953,43867
11792,20200818,5호선,목동,16306,18093,34399
11793,20200818,5호선,신정,13275,10214,23489
11794,20200818,5호선,까치산,27509,26498,54007
11795,20200818,5호선,화곡,26855,25049,51904
11796,20200818,5호선,우장산,13591,13283,26874
11797,20200818,5호선,발산,17462,17792,35254
11798,20200818,5호선,마곡,8365,8184,16549
11799,20200818,5호선,송정,6383,5822,12205
11800,20200818,5호선,김포공항,6574,6202,12776
11801,20200818,5호선,개화산,4799,4574,9373
11802,20200818,5호선,방화,6511,6230,12741
11803,20200819,5호선,송정,6173,5556,11729
11804,20200819,5호선,김포공항,6321,6238,12559
11805,20200819,5호선,개화산,4694,4486,9180
11806,20200819,5호선,방화,6226,5978,12204
11807,20200819,5호선,양평,6566,6562,13128
11808,20200819,5호선,하남풍산,3446,3650,7096
11809,20200819,5호선,미사,8935,9026,17961
11810,20200819,5호선,마천,5067,5070,10137
11811,20200819,5호선,거여,6943,6569,13512
11812,20200819,5호선,개롱,5637,5898,11535
11813,20200819,5호선,오금,3388,3263,6651
11814,20200819,5호선,방이,6150,6309,12459
11815,20200819,5호선,올림픽공원,3345,2749,6094
11816,20200819,5호선,둔촌동,7213,7271,14484
11817,20200819,5호선,상일동,13871,12256,26127
11818,20200819,5호선,고덕,7750,7573,15323
11819,20200819,5호선,명일,7254,7636,14890
11820,20200819,5호선,굽은다리,8298,7875,16173
11821,20200819,5호선,길동,6810,7067,13877
11822,20200819,5호선,강동,17854,16182,34036
11823,20200819,5호선,천호,15634,16366,32000
11824,20200819,5호선,광나루,11035,9806,20841
11825,20200819,5호선,아차산,12413,12126,24539
11826,20200819,5호선,군자,9768,10591,20359
11827,20200819,5호선,장한평,16699,16291,32990
11828,20200819,5호선,답십리,14425,13046,27471
11829,20200819,5호선,마장,4788,4377,9165
11830,20200819,5호선,왕십리,3967,4369,8336
11831,20200819,5호선,행당,7283,6527,13810
11832,20200819,5호선,신금호,5376,5559,10935
11833,20200819,5호선,청구,3668,3371,7039
11834,20200819,5호선,동대문역사문화공원,2599,2890,5489
11835,20200819,5호선,을지로4가,5153,5231,10384
11836,20200819,5호선,종로3가,9503,9368,18871
11837,20200819,5호선,광화문,26317,27650,53967
11838,20200819,5호선,서대문,15573,15856,31429
11839,20200819,5호선,충정로,4333,4369,8702
11840,20200819,5호선,애오개,6212,6280,12492
11841,20200819,5호선,공덕,12404,13073,25477
11842,20200819,5호선,마포,12650,12882,25532
11843,20200819,5호선,여의나루,7001,6960,13961
11844,20200819,5호선,여의도,23497,24881,48378
11845,20200819,5호선,신길,3356,3716,7072
11846,20200819,5호선,영등포시장,8093,8202,16295
11847,20200819,5호선,영등포구청,3626,3663,7289
11848,20200819,5호선,오목교,19544,21475,41019
11849,20200819,5호선,목동,15847,17455,33302
11850,20200819,5호선,신정,12918,10040,22958
11851,20200819,5호선,까치산,26917,25523,52440
11852,20200819,5호선,화곡,25928,24250,50178
11853,20200819,5호선,우장산,12763,12657,25420
11854,20200819,5호선,발산,16453,16932,33385
11855,20200819,5호선,마곡,7908,7677,15585
11856,20200820,5호선,방화,6080,5830,11910
11857,20200820,5호선,개화산,4629,4446,9075
11858,20200820,5호선,김포공항,5970,5724,11694
11859,20200820,5호선,송정,6017,5497,11514
11860,20200820,5호선,마곡,7842,7641,15483
11861,20200820,5호선,발산,15532,16091,31623
11862,20200820,5호선,우장산,12182,12146,24328
11863,20200820,5호선,화곡,25724,23752,49476
11864,20200820,5호선,까치산,26482,25315,51797
11865,20200820,5호선,신정,12672,9774,22446
11866,20200820,5호선,목동,15471,16954,32425
11867,20200820,5호선,오목교,19195,20838,40033
11868,20200820,5호선,양평,6570,6595,13165
11869,20200820,5호선,영등포구청,3572,3544,7116
11870,20200820,5호선,영등포시장,7795,8010,15805
11871,20200820,5호선,신길,3331,3605,6936
11872,20200820,5호선,여의도,23221,24530,47751
11873,20200820,5호선,여의나루,6700,6763,13463
11874,20200820,5호선,마포,12351,12768,25119
11875,20200820,5호선,공덕,11791,12682,24473
11876,20200820,5호선,애오개,6197,6243,12440
11877,20200820,5호선,충정로,4252,4220,8472
11878,20200820,5호선,서대문,15137,15559,30696
11879,20200820,5호선,광화문,24989,26453,51442
11880,20200820,5호선,종로3가,9229,9096,18325
11881,20200820,5호선,을지로4가,5091,5167,10258
11882,20200820,5호선,동대문역사문화공원,2540,2879,5419
11883,20200820,5호선,청구,3663,3357,7020
11884,20200820,5호선,신금호,5260,5393,10653
11885,20200820,5호선,행당,7122,6380,13502
11886,20200820,5호선,왕십리,3932,4396,8328
11887,20200820,5호선,마장,4709,4473,9182
11888,20200820,5호선,답십리,14127,12836,26963
11889,20200820,5호선,장한평,16180,15957,32137
11890,20200820,5호선,군자,9494,10306,19800
11891,20200820,5호선,아차산,12151,12033,24184
11892,20200820,5호선,광나루,10990,9842,20832
11893,20200820,5호선,천호,15660,15743,31403
11894,20200820,5호선,강동,17433,15723,33156
11895,20200820,5호선,길동,6749,7028,13777
11896,20200820,5호선,굽은다리,7995,7599,15594
11897,20200820,5호선,명일,7102,7331,14433
11898,20200820,5호선,고덕,7429,7386,14815
11899,20200820,5호선,상일동,13524,12034,25558
11900,20200820,5호선,둔촌동,7092,7132,14224
11901,20200820,5호선,올림픽공원,3275,2693,5968
11902,20200820,5호선,방이,6003,6197,12200
11903,20200820,5호선,오금,3337,3316,6653
11904,20200820,5호선,개롱,5467,5755,11222
11905,20200820,5호선,거여,6687,6280,12967
11906,20200820,5호선,마천,4919,4890,9809
11907,20200820,5호선,미사,8713,8790,17503
11908,20200820,5호선,하남풍산,3448,3602,7050
11909,20200821,5호선,하남풍산,3381,3542,6923
11910,20200821,5호선,미사,8630,8757,17387
11911,20200821,5호선,마천,4848,4727,9575
11912,20200821,5호선,거여,6740,6400,13140
11913,20200821,5호선,개롱,5533,5713,11246
11914,20200821,5호선,오금,3285,3185,6470
11915,20200821,5호선,방이,5979,6219,12198
11916,20200821,5호선,올림픽공원,3266,2632,5898
11917,20200821,5호선,둔촌동,6910,6968,13878
11918,20200821,5호선,상일동,13471,11452,24923
11919,20200821,5호선,고덕,7212,7109,14321
11920,20200821,5호선,명일,7086,7319,14405
11921,20200821,5호선,굽은다리,8012,7506,15518
11922,20200821,5호선,강동,17146,15517,32663
11923,20200821,5호선,천호,15725,15973,31698
11924,20200821,5호선,광나루,10644,9523,20167
11925,20200821,5호선,아차산,12171,11891,24062
11926,20200821,5호선,군자,9572,10540,20112
11927,20200821,5호선,장한평,15944,15864,31808
11928,20200821,5호선,답십리,14040,12763,26803
11929,20200821,5호선,마장,4901,4461,9362
11930,20200821,5호선,왕십리,3854,4249,8103
11931,20200821,5호선,행당,7069,6138,13207
11932,20200821,5호선,신금호,5285,5312,10597
11933,20200821,5호선,청구,3619,3339,6958
11934,20200821,5호선,동대문역사문화공원,2455,2849,5304
11935,20200821,5호선,을지로4가,4956,5038,9994
11936,20200821,5호선,종로3가,8851,8969,17820
11937,20200821,5호선,광화문,23088,24448,47536
11938,20200821,5호선,서대문,15092,15316,30408
11939,20200821,5호선,충정로,4074,4080,8154
11940,20200821,5호선,애오개,6062,6107,12169
11941,20200821,5호선,공덕,12000,12883,24883
11942,20200821,5호선,마포,12125,12483,24608
11943,20200821,5호선,여의나루,6535,6328,12863
11944,20200821,5호선,여의도,22375,23284,45659
11945,20200821,5호선,신길,3346,3523,6869
11946,20200821,5호선,영등포시장,7814,7980,15794
11947,20200821,5호선,영등포구청,3545,3545,7090
11948,20200821,5호선,양평,6384,6382,12766
11949,20200821,5호선,오목교,19299,21283,40582
11950,20200821,5호선,목동,15409,16695,32104
11951,20200821,5호선,신정,12618,9665,22283
11952,20200821,5호선,까치산,26008,24659,50667
11953,20200821,5호선,화곡,25539,23584,49123
11954,20200821,5호선,우장산,12224,12059,24283
11955,20200821,5호선,발산,15280,15998,31278
11956,20200821,5호선,마곡,7691,7407,15098
11957,20200821,5호선,송정,6012,5475,11487
11958,20200821,5호선,김포공항,6340,6185,12525
11959,20200821,5호선,개화산,4526,4313,8839
11960,20200821,5호선,방화,6030,5707,11737
11961,20200821,5호선,길동,6767,7011,13778
11962,20200822,5호선,하남풍산,1982,2213,4195
11963,20200822,5호선,미사,5144,5066,10210
11964,20200822,5호선,마천,3039,3059,6098
11965,20200822,5호선,거여,3776,3725,7501
11966,20200822,5호선,개롱,2896,3046,5942
11967,20200822,5호선,오금,1481,1378,2859
11968,20200822,5호선,방이,3309,3258,6567
11969,20200822,5호선,올림픽공원,1714,1369,3083
11970,20200822,5호선,둔촌동,4127,4158,8285
11971,20200822,5호선,상일동,6125,5665,11790
11972,20200822,5호선,고덕,3725,3709,7434
11973,20200822,5호선,명일,3635,3592,7227
11974,20200822,5호선,굽은다리,4785,4506,9291
11975,20200822,5호선,길동,3985,4104,8089
11976,20200822,5호선,강동,9059,8475,17534
11977,20200822,5호선,천호,10796,10357,21153
11978,20200822,5호선,광나루,5915,5363,11278
11979,20200822,5호선,아차산,7488,7326,14814
11980,20200822,5호선,군자,5522,6011,11533
11981,20200822,5호선,장한평,7617,7560,15177
11982,20200822,5호선,답십리,7110,6652,13762
11983,20200822,5호선,마장,2593,2471,5064
11984,20200822,5호선,왕십리,2292,2628,4920
11985,20200822,5호선,행당,3568,3053,6621
11986,20200822,5호선,신금호,2815,2786,5601
11987,20200822,5호선,청구,1828,1644,3472
11988,20200822,5호선,동대문역사문화공원,705,852,1557
11989,20200822,5호선,을지로4가,2098,2292,4390
11990,20200822,5호선,종로3가,5342,5504,10846
11991,20200822,5호선,광화문,6103,6129,12232
11992,20200822,5호선,서대문,4555,4346,8901
11993,20200822,5호선,충정로,1389,1269,2658
11994,20200822,5호선,애오개,2546,2419,4965
11995,20200822,5호선,공덕,4329,4602,8931
11996,20200822,5호선,마포,4823,4821,9644
11997,20200822,5호선,여의나루,2322,2181,4503
11998,20200822,5호선,여의도,5350,5770,11120
11999,20200822,5호선,신길,1544,1662,3206
12000,20200822,5호선,영등포시장,4263,4461,8724
12001,20200822,5호선,영등포구청,1310,1258,2568
12002,20200822,5호선,양평,2573,2489,5062
12003,20200822,5호선,오목교,10722,11203,21925
12004,20200822,5호선,목동,7841,8197,16038
12005,20200822,5호선,신정,6304,5273,11577
12006,20200822,5호선,까치산,15203,14532,29735
12007,20200822,5호선,화곡,14186,12781,26967
12008,20200822,5호선,우장산,6580,6479,13059
12009,20200822,5호선,발산,7910,8531,16441
12010,20200822,5호선,마곡,2868,2826,5694
12011,20200822,5호선,송정,3756,3648,7404
12012,20200822,5호선,김포공항,4649,4925,9574
12013,20200822,5호선,개화산,2660,2524,5184
12014,20200822,5호선,방화,3604,3429,7033
12015,20200823,5호선,방화,2588,2563,5151
12016,20200823,5호선,개화산,1773,1844,3617
12017,20200823,5호선,김포공항,4697,4075,8772
12018,20200823,5호선,송정,2493,2567,5060
12019,20200823,5호선,마곡,1734,1810,3544
12020,20200823,5호선,발산,5135,5476,10611
12021,20200823,5호선,우장산,4245,4263,8508
12022,20200823,5호선,화곡,9353,8712,18065
12023,20200823,5호선,까치산,10392,10191,20583
12024,20200823,5호선,신정,4090,3684,7774
12025,20200823,5호선,목동,4906,5086,9992
12026,20200823,5호선,오목교,7265,7678,14943
12027,20200823,5호선,양평,1636,1695,3331
12028,20200823,5호선,영등포구청,932,851,1783
12029,20200823,5호선,영등포시장,2471,2566,5037
12030,20200823,5호선,신길,1056,1291,2347
12031,20200823,5호선,여의도,3293,3764,7057
12032,20200823,5호선,여의나루,3531,3372,6903
12033,20200823,5호선,마포,2988,2964,5952
12034,20200823,5호선,공덕,2575,2616,5191
12035,20200823,5호선,애오개,1671,1759,3430
12036,20200823,5호선,충정로,848,872,1720
12037,20200823,5호선,서대문,3315,3242,6557
12038,20200823,5호선,광화문,4526,4549,9075
12039,20200823,5호선,종로3가,3703,3677,7380
12040,20200823,5호선,을지로4가,830,884,1714
12041,20200823,5호선,동대문역사문화공원,472,552,1024
12042,20200823,5호선,청구,1181,1058,2239
12043,20200823,5호선,신금호,1823,1972,3795
12044,20200823,5호선,행당,2491,2283,4774
12045,20200823,5호선,왕십리,1442,1664,3106
12046,20200823,5호선,마장,1902,1836,3738
12047,20200823,5호선,답십리,4747,4367,9114
12048,20200823,5호선,장한평,4776,4723,9499
12049,20200823,5호선,군자,3854,4183,8037
12050,20200823,5호선,아차산,6341,6285,12626
12051,20200823,5호선,광나루,4576,4449,9025
12052,20200823,5호선,천호,7832,7606,15438
12053,20200823,5호선,강동,6130,5836,11966
12054,20200823,5호선,길동,2649,2721,5370
12055,20200823,5호선,굽은다리,3155,2997,6152
12056,20200823,5호선,명일,2428,2378,4806
12057,20200823,5호선,고덕,2407,2395,4802
12058,20200823,5호선,상일동,4075,3735,7810
12059,20200823,5호선,둔촌동,2692,2873,5565
12060,20200823,5호선,올림픽공원,1185,952,2137
12061,20200823,5호선,방이,2250,2262,4512
12062,20200823,5호선,오금,991,922,1913
12063,20200823,5호선,개롱,2098,2292,4390
12064,20200823,5호선,거여,2371,2304,4675
12065,20200823,5호선,마천,2141,2387,4528
12066,20200823,5호선,미사,3736,3708,7444
12067,20200823,5호선,하남풍산,1663,1842,3505
12068,20200824,5호선,방화,5855,5616,11471
12069,20200824,5호선,개화산,4502,4405,8907
12070,20200824,5호선,김포공항,5522,5055,10577
12071,20200824,5호선,송정,5916,5355,11271
12072,20200824,5호선,마곡,7761,7496,15257
12073,20200824,5호선,발산,14872,15194,30066
12074,20200824,5호선,우장산,12053,11993,24046
12075,20200824,5호선,화곡,24871,23163,48034
12076,20200824,5호선,까치산,25391,24452,49843
12077,20200824,5호선,신정,12200,9543,21743
12078,20200824,5호선,목동,14422,16182,30604
12079,20200824,5호선,오목교,18183,20038,38221
12080,20200824,5호선,양평,6393,6497,12890
12081,20200824,5호선,영등포구청,3409,3493,6902
12082,20200824,5호선,영등포시장,7615,7713,15328
12083,20200824,5호선,신길,3249,3569,6818
12084,20200824,5호선,여의도,21947,23039,44986
12085,20200824,5호선,여의나루,6648,6671,13319
12086,20200824,5호선,마포,11923,12387,24310
12087,20200824,5호선,공덕,11461,12081,23542
12088,20200824,5호선,애오개,5896,5996,11892
12089,20200824,5호선,충정로,4061,4185,8246
12090,20200824,5호선,서대문,15248,15372,30620
12091,20200824,5호선,광화문,23318,24324,47642
12092,20200824,5호선,종로3가,8338,8364,16702
12093,20200824,5호선,을지로4가,5004,5132,10136
12094,20200824,5호선,동대문역사문화공원,2523,2811,5334
12095,20200824,5호선,청구,3581,3273,6854
12096,20200824,5호선,신금호,5265,5474,10739
12097,20200824,5호선,행당,6791,6036,12827
12098,20200824,5호선,왕십리,3747,4072,7819
12099,20200824,5호선,마장,4691,4371,9062
12100,20200824,5호선,답십리,13627,12475,26102
12101,20200824,5호선,장한평,15657,15581,31238
12102,20200824,5호선,군자,9241,9855,19096
12103,20200824,5호선,아차산,11846,11669,23515
12104,20200824,5호선,광나루,10503,9584,20087
12105,20200824,5호선,천호,14706,15045,29751
12106,20200824,5호선,강동,16550,14974,31524
12107,20200824,5호선,길동,6579,6865,13444
12108,20200824,5호선,굽은다리,7726,7432,15158
12109,20200824,5호선,명일,6863,7172,14035
12110,20200824,5호선,고덕,7292,7426,14718
12111,20200824,5호선,상일동,12988,11482,24470
12112,20200824,5호선,둔촌동,6675,6788,13463
12113,20200824,5호선,올림픽공원,3188,2678,5866
12114,20200824,5호선,방이,5761,5915,11676
12115,20200824,5호선,오금,3266,3166,6432
12116,20200824,5호선,개롱,5381,5757,11138
12117,20200824,5호선,거여,6587,6242,12829
12118,20200824,5호선,마천,4805,4836,9641
12119,20200824,5호선,미사,8456,8515,16971
12120,20200824,5호선,하남풍산,3204,3250,6454
12121,20200825,5호선,하남풍산,3341,3495,6836
12122,20200825,5호선,미사,8526,8672,17198
12123,20200825,5호선,마천,4833,4865,9698
12124,20200825,5호선,거여,6776,6347,13123
12125,20200825,5호선,개롱,5357,5603,10960
12126,20200825,5호선,오금,3262,3165,6427
12127,20200825,5호선,방이,5828,6048,11876
12128,20200825,5호선,올림픽공원,3204,2722,5926
12129,20200825,5호선,둔촌동,6798,6891,13689
12130,20200825,5호선,상일동,13122,11536,24658
12131,20200825,5호선,고덕,7268,7406,14674
12132,20200825,5호선,명일,6820,7180,14000
12133,20200825,5호선,굽은다리,7778,7341,15119
12134,20200825,5호선,길동,6538,6864,13402
12135,20200825,5호선,강동,16876,15377,32253
12136,20200825,5호선,천호,14894,15317,30211
12137,20200825,5호선,광나루,10448,9517,19965
12138,20200825,5호선,아차산,11980,11851,23831
12139,20200825,5호선,군자,9327,10056,19383
12140,20200825,5호선,장한평,15895,15664,31559
12141,20200825,5호선,답십리,13886,12905,26791
12142,20200825,5호선,마장,4735,4384,9119
12143,20200825,5호선,왕십리,3879,4177,8056
12144,20200825,5호선,행당,6830,6245,13075
12145,20200825,5호선,신금호,5407,5586,10993
12146,20200825,5호선,청구,3591,3295,6886
12147,20200825,5호선,동대문역사문화공원,2519,2852,5371
12148,20200825,5호선,을지로4가,5154,5202,10356
12149,20200825,5호선,종로3가,8585,8563,17148
12150,20200825,5호선,광화문,22880,23939,46819
12151,20200825,5호선,서대문,15476,15553,31029
12152,20200825,5호선,충정로,3994,4119,8113
12153,20200825,5호선,애오개,5949,5965,11914
12154,20200825,5호선,공덕,11555,12417,23972
12155,20200825,5호선,마포,12263,12573,24836
12156,20200825,5호선,여의나루,6599,6641,13240
12157,20200825,5호선,여의도,21830,22775,44605
12158,20200825,5호선,신길,3255,3516,6771
12159,20200825,5호선,영등포시장,7599,7831,15430
12160,20200825,5호선,영등포구청,3520,3508,7028
12161,20200825,5호선,양평,6357,6417,12774
12162,20200825,5호선,오목교,18357,20035,38392
12163,20200825,5호선,목동,14565,16441,31006
12164,20200825,5호선,신정,12329,9577,21906
12165,20200825,5호선,까치산,25927,24830,50757
12166,20200825,5호선,화곡,24757,23282,48039
12167,20200825,5호선,우장산,12067,11999,24066
12168,20200825,5호선,발산,15706,16034,31740
12169,20200825,5호선,마곡,7633,7474,15107
12170,20200825,5호선,송정,5956,5374,11330
12171,20200825,5호선,김포공항,5863,5132,10995
12172,20200825,5호선,개화산,4656,4444,9100
12173,20200825,5호선,방화,5964,5718,11682
12174,20200826,5호선,방화,5730,5513,11243
12175,20200826,5호선,개화산,4488,4261,8749
12176,20200826,5호선,김포공항,3842,3529,7371
12177,20200826,5호선,송정,5568,5280,10848
12178,20200826,5호선,마곡,7604,7259,14863
12179,20200826,5호선,발산,15527,15725,31252
12180,20200826,5호선,우장산,11574,11511,23085
12181,20200826,5호선,화곡,24225,22614,46839
12182,20200826,5호선,까치산,24845,24184,49029
12183,20200826,5호선,신정,12155,9659,21814
12184,20200826,5호선,목동,14008,15868,29876
12185,20200826,5호선,오목교,17830,19356,37186
12186,20200826,5호선,양평,6290,6305,12595
12187,20200826,5호선,영등포구청,3376,3387,6763
12188,20200826,5호선,영등포시장,7404,7568,14972
12189,20200826,5호선,신길,3180,3497,6677
12190,20200826,5호선,여의도,21924,22506,44430
12191,20200826,5호선,여의나루,5733,5884,11617
12192,20200826,5호선,마포,11909,12210,24119
12193,20200826,5호선,공덕,11221,11950,23171
12194,20200826,5호선,애오개,5828,5977,11805
12195,20200826,5호선,충정로,4029,4079,8108
12196,20200826,5호선,서대문,14852,14942,29794
12197,20200826,5호선,광화문,22889,23584,46473
12198,20200826,5호선,종로3가,8574,8359,16933
12199,20200826,5호선,을지로4가,5095,5161,10256
12200,20200826,5호선,동대문역사문화공원,2517,2755,5272
12201,20200826,5호선,청구,3461,3266,6727
12202,20200826,5호선,신금호,5174,5345,10519
12203,20200826,5호선,행당,6725,6054,12779
12204,20200826,5호선,왕십리,3733,4019,7752
12205,20200826,5호선,마장,4663,4358,9021
12206,20200826,5호선,답십리,13510,12555,26065
12207,20200826,5호선,장한평,15459,15569,31028
12208,20200826,5호선,군자,9226,9797,19023
12209,20200826,5호선,아차산,11404,11494,22898
12210,20200826,5호선,광나루,10264,9320,19584
12211,20200826,5호선,천호,14390,14720,29110
12212,20200826,5호선,강동,16478,15056,31534
12213,20200826,5호선,길동,6400,6604,13004
12214,20200826,5호선,굽은다리,7831,7702,15533
12215,20200826,5호선,명일,6735,7112,13847
12216,20200826,5호선,고덕,7136,7143,14279
12217,20200826,5호선,상일동,12759,11418,24177
12218,20200826,5호선,둔촌동,6680,6885,13565
12219,20200826,5호선,올림픽공원,3177,2584,5761
12220,20200826,5호선,방이,5737,5903,11640
12221,20200826,5호선,오금,3228,3132,6360
12222,20200826,5호선,개롱,5292,5580,10872
12223,20200826,5호선,거여,6615,6236,12851
12224,20200826,5호선,마천,4677,4818,9495
12225,20200826,5호선,미사,8299,8555,16854
12226,20200826,5호선,하남풍산,3149,3239,6388
12227,20200827,5호선,방화,5239,5016,10255
12228,20200827,5호선,개화산,3977,3764,7741
12229,20200827,5호선,김포공항,4899,4691,9590
12230,20200827,5호선,송정,5338,4866,10204
12231,20200827,5호선,마곡,7158,7001,14159
12232,20200827,5호선,발산,13992,14411,28403
12233,20200827,5호선,우장산,10532,10601,21133
12234,20200827,5호선,화곡,22588,21039,43627
12235,20200827,5호선,까치산,23468,22552,46020
12236,20200827,5호선,신정,11392,8709,20101
12237,20200827,5호선,목동,13119,14755,27874
12238,20200827,5호선,오목교,16616,18121,34737
12239,20200827,5호선,양평,6041,6053,12094
12240,20200827,5호선,영등포구청,3276,3251,6527
12241,20200827,5호선,영등포시장,6986,7014,14000
12242,20200827,5호선,신길,3052,3276,6328
12243,20200827,5호선,여의도,20701,21633,42334
12244,20200827,5호선,여의나루,5219,5218,10437
12245,20200827,5호선,마포,11005,11464,22469
12246,20200827,5호선,공덕,10427,11331,21758
12247,20200827,5호선,애오개,5376,5499,10875
12248,20200827,5호선,충정로,3715,3844,7559
12249,20200827,5호선,서대문,13931,14198,28129
12250,20200827,5호선,광화문,21423,22527,43950
12251,20200827,5호선,종로3가,7891,7675,15566
12252,20200827,5호선,을지로4가,4762,4898,9660
12253,20200827,5호선,동대문역사문화공원,2320,2699,5019
12254,20200827,5호선,청구,3377,3032,6409
12255,20200827,5호선,신금호,4834,5018,9852
12256,20200827,5호선,행당,6295,5670,11965
12257,20200827,5호선,왕십리,3514,3734,7248
12258,20200827,5호선,마장,4409,4071,8480
12259,20200827,5호선,답십리,12912,11800,24712
12260,20200827,5호선,장한평,14782,14793,29575
12261,20200827,5호선,군자,8685,9155,17840
12262,20200827,5호선,아차산,10483,10439,20922
12263,20200827,5호선,광나루,9481,8588,18069
12264,20200827,5호선,천호,13292,13575,26867
12265,20200827,5호선,강동,15459,14015,29474
12266,20200827,5호선,길동,5955,6282,12237
12267,20200827,5호선,굽은다리,7278,7015,14293
12268,20200827,5호선,명일,6197,6582,12779
12269,20200827,5호선,고덕,6601,6486,13087
12270,20200827,5호선,상일동,12065,10687,22752
12271,20200827,5호선,둔촌동,6205,6331,12536
12272,20200827,5호선,올림픽공원,2898,2405,5303
12273,20200827,5호선,방이,5330,5566,10896
12274,20200827,5호선,오금,2999,2933,5932
12275,20200827,5호선,개롱,4852,5167,10019
12276,20200827,5호선,거여,6055,5684,11739
12277,20200827,5호선,마천,4375,4394,8769
12278,20200827,5호선,미사,7861,8049,15910
12279,20200827,5호선,하남풍산,3106,3157,6263
12280,20200828,5호선,방화,5648,5340,10988
12281,20200828,5호선,개화산,4244,3969,8213
12282,20200828,5호선,김포공항,5532,5402,10934
12283,20200828,5호선,송정,5718,5298,11016
12284,20200828,5호선,마곡,7511,7171,14682
12285,20200828,5호선,발산,14441,15253,29694
12286,20200828,5호선,우장산,11462,11434,22896
12287,20200828,5호선,화곡,24194,22118,46312
12288,20200828,5호선,까치산,25162,23998,49160
12289,20200828,5호선,신정,12068,9151,21219
12290,20200828,5호선,목동,14124,15646,29770
12291,20200828,5호선,오목교,17999,19732,37731
12292,20200828,5호선,양평,6352,6295,12647
12293,20200828,5호선,영등포구청,3350,3434,6784
12294,20200828,5호선,영등포시장,7480,7617,15097
12295,20200828,5호선,신길,3219,3432,6651
12296,20200828,5호선,여의도,20785,22007,42792
12297,20200828,5호선,여의나루,5492,5419,10911
12298,20200828,5호선,마포,11492,11968,23460
12299,20200828,5호선,공덕,11237,11995,23232
12300,20200828,5호선,애오개,5779,5807,11586
12301,20200828,5호선,충정로,4015,4040,8055
12302,20200828,5호선,서대문,14275,14439,28714
12303,20200828,5호선,광화문,21914,22687,44601
12304,20200828,5호선,종로3가,8360,8682,17042
12305,20200828,5호선,을지로4가,4946,5156,10102
12306,20200828,5호선,동대문역사문화공원,2369,2684,5053
12307,20200828,5호선,청구,3437,3195,6632
12308,20200828,5호선,신금호,5146,5302,10448
12309,20200828,5호선,행당,6698,5901,12599
12310,20200828,5호선,왕십리,3823,4109,7932
12311,20200828,5호선,마장,4813,4511,9324
12312,20200828,5호선,답십리,13504,12388,25892
12313,20200828,5호선,장한평,15511,15362,30873
12314,20200828,5호선,군자,9132,9908,19040
12315,20200828,5호선,아차산,11385,11171,22556
12316,20200828,5호선,광나루,10467,9323,19790
12317,20200828,5호선,천호,14937,15218,30155
12318,20200828,5호선,강동,16233,14815,31048
12319,20200828,5호선,길동,6453,6791,13244
12320,20200828,5호선,굽은다리,7763,7426,15189
12321,20200828,5호선,명일,6638,6874,13512
12322,20200828,5호선,고덕,6808,6778,13586
12323,20200828,5호선,상일동,12715,10947,23662
12324,20200828,5호선,둔촌동,6629,6651,13280
12325,20200828,5호선,올림픽공원,3207,2621,5828
12326,20200828,5호선,방이,5637,5843,11480
12327,20200828,5호선,오금,3167,3085,6252
12328,20200828,5호선,개롱,5160,5467,10627
12329,20200828,5호선,거여,6559,6182,12741
12330,20200828,5호선,마천,4658,4670,9328
12331,20200828,5호선,미사,8481,8737,17218
12332,20200828,5호선,하남풍산,3277,3385,6662
12333,20200829,5호선,하남풍산,1857,2087,3944
12334,20200829,5호선,미사,4711,4762,9473
12335,20200829,5호선,마천,2814,2923,5737
12336,20200829,5호선,거여,3463,3365,6828
12337,20200829,5호선,개롱,2801,2961,5762
12338,20200829,5호선,오금,1350,1291,2641
12339,20200829,5호선,방이,3085,3062,6147
12340,20200829,5호선,올림픽공원,1602,1336,2938
12341,20200829,5호선,둔촌동,3707,3816,7523
12342,20200829,5호선,상일동,5701,5209,10910
12343,20200829,5호선,고덕,3426,3387,6813
12344,20200829,5호선,명일,3451,3517,6968
12345,20200829,5호선,굽은다리,4570,4321,8891
12346,20200829,5호선,길동,3834,3983,7817
12347,20200829,5호선,강동,8453,7900,16353
12348,20200829,5호선,천호,10206,9995,20201
12349,20200829,5호선,광나루,5713,5193,10906
12350,20200829,5호선,아차산,7103,7031,14134
12351,20200829,5호선,군자,5231,5544,10775
12352,20200829,5호선,장한평,7235,7141,14376
12353,20200829,5호선,답십리,6778,6203,12981
12354,20200829,5호선,마장,2623,2401,5024
12355,20200829,5호선,왕십리,2198,2482,4680
12356,20200829,5호선,행당,3528,3117,6645
12357,20200829,5호선,신금호,2636,2689,5325
12358,20200829,5호선,청구,1719,1547,3266
12359,20200829,5호선,동대문역사문화공원,690,831,1521
12360,20200829,5호선,을지로4가,1986,2121,4107
12361,20200829,5호선,종로3가,4928,5036,9964
12362,20200829,5호선,광화문,5825,5811,11636
12363,20200829,5호선,서대문,4013,3845,7858
12364,20200829,5호선,충정로,1149,1054,2203
12365,20200829,5호선,애오개,2282,2233,4515
12366,20200829,5호선,공덕,3849,4110,7959
12367,20200829,5호선,마포,4404,4387,8791
12368,20200829,5호선,여의나루,1911,1915,3826
12369,20200829,5호선,여의도,4783,5127,9910
12370,20200829,5호선,신길,1469,1609,3078
12371,20200829,5호선,영등포시장,3909,3977,7886
12372,20200829,5호선,영등포구청,1192,1211,2403
12373,20200829,5호선,양평,2206,2158,4364
12374,20200829,5호선,오목교,9596,10068,19664
12375,20200829,5호선,목동,7005,7270,14275
12376,20200829,5호선,신정,5854,5005,10859
12377,20200829,5호선,까치산,14167,13629,27796
12378,20200829,5호선,화곡,12959,12059,25018
12379,20200829,5호선,우장산,6139,6178,12317
12380,20200829,5호선,발산,7319,7635,14954
12381,20200829,5호선,마곡,2588,2540,5128
12382,20200829,5호선,송정,3466,3412,6878
12383,20200829,5호선,김포공항,3978,4035,8013
12384,20200829,5호선,개화산,2368,2308,4676
12385,20200829,5호선,방화,3127,2948,6075
12386,20200830,5호선,방화,2248,2135,4383
12387,20200830,5호선,개화산,1574,1640,3214
12388,20200830,5호선,김포공항,4000,3567,7567
12389,20200830,5호선,송정,2190,2256,4446
12390,20200830,5호선,마곡,1551,1602,3153
12391,20200830,5호선,발산,4386,4439,8825
12392,20200830,5호선,우장산,3540,3705,7245
12393,20200830,5호선,화곡,8092,7649,15741
12394,20200830,5호선,까치산,9349,9314,18663
12395,20200830,5호선,신정,3689,3341,7030
12396,20200830,5호선,목동,4328,4315,8643
12397,20200830,5호선,오목교,6405,6685,13090
12398,20200830,5호선,양평,1439,1501,2940
12399,20200830,5호선,영등포구청,767,766,1533
12400,20200830,5호선,영등포시장,2220,2349,4569
12401,20200830,5호선,신길,958,1118,2076
12402,20200830,5호선,여의도,2855,3181,6036
12403,20200830,5호선,여의나루,2266,2169,4435
12404,20200830,5호선,마포,2489,2565,5054
12405,20200830,5호선,공덕,2318,2367,4685
12406,20200830,5호선,애오개,1503,1578,3081
12407,20200830,5호선,충정로,764,866,1630
12408,20200830,5호선,서대문,2613,2538,5151
12409,20200830,5호선,광화문,3914,3907,7821
12410,20200830,5호선,종로3가,3163,3128,6291
12411,20200830,5호선,을지로4가,711,774,1485
12412,20200830,5호선,동대문역사문화공원,472,525,997
12413,20200830,5호선,청구,1025,899,1924
12414,20200830,5호선,신금호,1589,1723,3312
12415,20200830,5호선,행당,2152,1988,4140
12416,20200830,5호선,왕십리,1446,1660,3106
12417,20200830,5호선,마장,1647,1618,3265
12418,20200830,5호선,답십리,4058,3946,8004
12419,20200830,5호선,장한평,4198,4088,8286
12420,20200830,5호선,군자,3310,3720,7030
12421,20200830,5호선,아차산,5276,5186,10462
12422,20200830,5호선,광나루,4009,3858,7867
12423,20200830,5호선,천호,7061,6650,13711
12424,20200830,5호선,강동,5411,5285,10696
12425,20200830,5호선,길동,2326,2446,4772
12426,20200830,5호선,굽은다리,2967,2981,5948
12427,20200830,5호선,명일,2119,2127,4246
12428,20200830,5호선,고덕,2095,2137,4232
12429,20200830,5호선,상일동,3459,3340,6799
12430,20200830,5호선,둔촌동,2460,2498,4958
12431,20200830,5호선,올림픽공원,1102,933,2035
12432,20200830,5호선,방이,2030,1997,4027
12433,20200830,5호선,오금,848,812,1660
12434,20200830,5호선,개롱,1690,1962,3652
12435,20200830,5호선,거여,2096,2106,4202
12436,20200830,5호선,마천,1866,2014,3880
12437,20200830,5호선,미사,3167,3152,6319
12438,20200830,5호선,하남풍산,1379,1577,2956
12439,20200831,5호선,방화,5273,5178,10451
12440,20200831,5호선,개화산,4283,4065,8348
12441,20200831,5호선,김포공항,5065,4547,9612
12442,20200831,5호선,송정,5568,5252,10820
12443,20200831,5호선,마곡,7146,6906,14052
12444,20200831,5호선,발산,13750,13980,27730
12445,20200831,5호선,우장산,10630,10602,21232
12446,20200831,5호선,화곡,23164,21771,44935
12447,20200831,5호선,까치산,24141,23350,47491
12448,20200831,5호선,신정,11594,9107,20701
12449,20200831,5호선,목동,13009,14669,27678
12450,20200831,5호선,오목교,16457,17969,34426
12451,20200831,5호선,양평,6174,6212,12386
12452,20200831,5호선,영등포구청,3378,3393,6771
12453,20200831,5호선,영등포시장,7051,7213,14264
12454,20200831,5호선,신길,3018,3400,6418
12455,20200831,5호선,여의도,21004,21657,42661
12456,20200831,5호선,여의나루,6372,6392,12764
12457,20200831,5호선,마포,11124,11414,22538
12458,20200831,5호선,공덕,11021,11565,22586
12459,20200831,5호선,애오개,5408,5529,10937
12460,20200831,5호선,충정로,3884,4049,7933
12461,20200831,5호선,서대문,14095,14324,28419
12462,20200831,5호선,광화문,22183,22928,45111
12463,20200831,5호선,종로3가,7503,7548,15051
12464,20200831,5호선,을지로4가,4982,5028,10010
12465,20200831,5호선,동대문역사문화공원,2442,2646,5088
12466,20200831,5호선,청구,3403,3115,6518
12467,20200831,5호선,신금호,4924,5127,10051
12468,20200831,5호선,행당,6400,5790,12190
12469,20200831,5호선,왕십리,3482,3724,7206
12470,20200831,5호선,마장,4401,4160,8561
12471,20200831,5호선,답십리,13008,12011,25019
12472,20200831,5호선,장한평,14852,14862,29714
12473,20200831,5호선,군자,8651,9139,17790
12474,20200831,5호선,아차산,10832,10884,21716
12475,20200831,5호선,광나루,9936,9037,18973
12476,20200831,5호선,천호,13525,13876,27401
12477,20200831,5호선,강동,15463,14230,29693
12478,20200831,5호선,길동,6002,6387,12389
12479,20200831,5호선,굽은다리,7220,6909,14129
12480,20200831,5호선,명일,6337,6602,12939
12481,20200831,5호선,고덕,6715,6722,13437
12482,20200831,5호선,상일동,12225,10965,23190
12483,20200831,5호선,둔촌동,6176,6271,12447
12484,20200831,5호선,올림픽공원,3142,2752,5894
12485,20200831,5호선,방이,5239,5368,10607
12486,20200831,5호선,오금,3043,3002,6045
12487,20200831,5호선,개롱,4879,5217,10096
12488,20200831,5호선,거여,6306,5985,12291
12489,20200831,5호선,마천,4632,4651,9283
12490,20200831,5호선,미사,8070,8264,16334
12491,20200831,5호선,하남풍산,3156,3167,6323
12492,20200901,5호선,방화,5244,5042,10286
12493,20200901,5호선,개화산,4234,4059,8293
12494,20200901,5호선,김포공항,4664,4281,8945
12495,20200901,5호선,송정,5320,4947,10267
12496,20200901,5호선,마곡,7005,6888,13893
12497,20200901,5호선,발산,13649,13715,27364
12498,20200901,5호선,우장산,10665,10629,21294
12499,20200901,5호선,화곡,22651,21196,43847
12500,20200901,5호선,까치산,23660,23081,46741
12501,20200901,5호선,신정,11344,8975,20319
12502,20200901,5호선,목동,12850,14368,27218
12503,20200901,5호선,오목교,16095,17430,33525
12504,20200901,5호선,양평,5975,6017,11992
12505,20200901,5호선,영등포구청,3343,3318,6661
12506,20200901,5호선,영등포시장,6932,7154,14086
12507,20200901,5호선,신길,2924,3221,6145
12508,20200901,5호선,여의도,20722,21460,42182
12509,20200901,5호선,여의나루,6240,6278,12518
12510,20200901,5호선,마포,10972,11269,22241
12511,20200901,5호선,공덕,10767,11411,22178
12512,20200901,5호선,애오개,5330,5348,10678
12513,20200901,5호선,충정로,3774,3833,7607
12514,20200901,5호선,서대문,13936,14174,28110
12515,20200901,5호선,광화문,21556,22484,44040
12516,20200901,5호선,종로3가,7422,7402,14824
12517,20200901,5호선,을지로4가,5046,5042,10088
12518,20200901,5호선,동대문역사문화공원,2370,2711,5081
12519,20200901,5호선,청구,3327,3031,6358
12520,20200901,5호선,신금호,4821,5059,9880
12521,20200901,5호선,행당,6145,5626,11771
12522,20200901,5호선,왕십리,3319,3586,6905
12523,20200901,5호선,마장,4420,4112,8532
12524,20200901,5호선,답십리,12852,11828,24680
12525,20200901,5호선,장한평,14710,14731,29441
12526,20200901,5호선,군자,8600,9039,17639
12527,20200901,5호선,아차산,10849,10950,21799
12528,20200901,5호선,광나루,9771,9040,18811
12529,20200901,5호선,천호,13314,13542,26856
12530,20200901,5호선,강동,15531,14062,29593
12531,20200901,5호선,길동,5868,6184,12052
12532,20200901,5호선,굽은다리,7122,6796,13918
12533,20200901,5호선,명일,6169,6456,12625
12534,20200901,5호선,고덕,6498,6490,12988
12535,20200901,5호선,상일동,11903,10790,22693
12536,20200901,5호선,둔촌동,6197,6296,12493
12537,20200901,5호선,올림픽공원,3086,2622,5708
12538,20200901,5호선,방이,5198,5331,10529
12539,20200901,5호선,오금,3108,3046,6154
12540,20200901,5호선,개롱,4692,5093,9785
12541,20200901,5호선,거여,6155,5913,12068
12542,20200901,5호선,마천,4600,4651,9251
12543,20200901,5호선,미사,7979,8234,16213
12544,20200901,5호선,하남풍산,3172,3257,6429
12545,20200902,5호선,방화,4998,4847,9845
12546,20200902,5호선,개화산,3914,3791,7705
12547,20200902,5호선,김포공항,3318,2881,6199
12548,20200902,5호선,송정,4986,4774,9760
12549,20200902,5호선,마곡,6935,6661,13596
12550,20200902,5호선,발산,13547,13559,27106
12551,20200902,5호선,우장산,10097,10303,20400
12552,20200902,5호선,화곡,21872,20389,42261
12553,20200902,5호선,까치산,22796,22494,45290
12554,20200902,5호선,신정,11172,8867,20039
12555,20200902,5호선,목동,12393,14080,26473
12556,20200902,5호선,오목교,15806,17002,32808
12557,20200902,5호선,양평,5919,6058,11977
12558,20200902,5호선,영등포구청,3074,3201,6275
12559,20200902,5호선,영등포시장,6758,6934,13692
12560,20200902,5호선,신길,2927,3227,6154
12561,20200902,5호선,여의도,21099,21034,42133
12562,20200902,5호선,여의나루,5003,5052,10055
12563,20200902,5호선,마포,10873,11093,21966
12564,20200902,5호선,공덕,10551,11191,21742
12565,20200902,5호선,애오개,5216,5408,10624
12566,20200902,5호선,충정로,3805,3975,7780
12567,20200902,5호선,서대문,14060,13938,27998
12568,20200902,5호선,광화문,22174,22245,44419
12569,20200902,5호선,종로3가,7212,7123,14335
12570,20200902,5호선,을지로4가,4782,4787,9569
12571,20200902,5호선,동대문역사문화공원,2489,2613,5102
12572,20200902,5호선,청구,3184,3052,6236
12573,20200902,5호선,신금호,4639,4913,9552
12574,20200902,5호선,행당,6066,5668,11734
12575,20200902,5호선,왕십리,3295,3400,6695
12576,20200902,5호선,마장,4369,4145,8514
12577,20200902,5호선,답십리,12418,11471,23889
12578,20200902,5호선,장한평,14487,14382,28869
12579,20200902,5호선,군자,8165,8836,17001
12580,20200902,5호선,아차산,10150,10258,20408
12581,20200902,5호선,광나루,9104,8242,17346
12582,20200902,5호선,천호,12450,12697,25147
12583,20200902,5호선,강동,14936,13799,28735
12584,20200902,5호선,길동,5687,5900,11587
12585,20200902,5호선,굽은다리,6684,6591,13275
12586,20200902,5호선,명일,5909,6330,12239
12587,20200902,5호선,고덕,6192,6198,12390
12588,20200902,5호선,상일동,11455,10430,21885
12589,20200902,5호선,둔촌동,5783,5948,11731
12590,20200902,5호선,올림픽공원,2895,2414,5309
12591,20200902,5호선,방이,4917,5065,9982
12592,20200902,5호선,오금,3007,2962,5969
12593,20200902,5호선,개롱,4647,4920,9567
12594,20200902,5호선,거여,6131,5842,11973
12595,20200902,5호선,마천,4304,4430,8734
12596,20200902,5호선,미사,7541,7697,15238
12597,20200902,5호선,하남풍산,2923,3102,6025
12598,20200903,5호선,하남풍산,3086,3074,6160
12599,20200903,5호선,미사,7805,8038,15843
12600,20200903,5호선,마천,4260,4373,8633
12601,20200903,5호선,거여,6088,5692,11780
12602,20200903,5호선,개롱,4553,4868,9421
12603,20200903,5호선,오금,2905,2933,5838
12604,20200903,5호선,방이,4960,5013,9973
12605,20200903,5호선,올림픽공원,3087,2516,5603
12606,20200903,5호선,둔촌동,5824,5952,11776
12607,20200903,5호선,상일동,11369,10109,21478
12608,20200903,5호선,고덕,6255,6150,12405
12609,20200903,5호선,명일,5833,6096,11929
12610,20200903,5호선,굽은다리,6819,6435,13254
12611,20200903,5호선,길동,5652,5969,11621
12612,20200903,5호선,강동,14813,13582,28395
12613,20200903,5호선,천호,12731,13016,25747
12614,20200903,5호선,광나루,9235,8337,17572
12615,20200903,5호선,아차산,10326,10334,20660
12616,20200903,5호선,군자,8261,8710,16971
12617,20200903,5호선,장한평,14215,14164,28379
12618,20200903,5호선,답십리,12460,11397,23857
12619,20200903,5호선,마장,4353,4038,8391
12620,20200903,5호선,왕십리,3254,3472,6726
12621,20200903,5호선,행당,6003,5389,11392
12622,20200903,5호선,신금호,4669,4872,9541
12623,20200903,5호선,청구,3187,2859,6046
12624,20200903,5호선,동대문역사문화공원,2337,2706,5043
12625,20200903,5호선,을지로4가,4821,4849,9670
12626,20200903,5호선,종로3가,7405,7168,14573
12627,20200903,5호선,광화문,21158,22163,43321
12628,20200903,5호선,서대문,13478,13801,27279
12629,20200903,5호선,충정로,3562,3701,7263
12630,20200903,5호선,애오개,5192,5280,10472
12631,20200903,5호선,공덕,10310,11052,21362
12632,20200903,5호선,마포,10604,10928,21532
12633,20200903,5호선,여의나루,6494,6372,12866
12634,20200903,5호선,여의도,19924,21160,41084
12635,20200903,5호선,신길,3022,3144,6166
12636,20200903,5호선,영등포시장,6709,6969,13678
12637,20200903,5호선,영등포구청,3177,3158,6335
12638,20200903,5호선,양평,5899,5955,11854
12639,20200903,5호선,오목교,15508,16828,32336
12640,20200903,5호선,목동,12339,13810,26149
12641,20200903,5호선,신정,10955,8470,19425
12642,20200903,5호선,까치산,22929,21972,44901
12643,20200903,5호선,화곡,21771,20354,42125
12644,20200903,5호선,우장산,10136,10135,20271
12645,20200903,5호선,발산,13326,13535,26861
12646,20200903,5호선,마곡,6871,6616,13487
12647,20200903,5호선,송정,5040,4726,9766
12648,20200903,5호선,김포공항,4119,4211,8330
12649,20200903,5호선,개화산,3975,3766,7741
12650,20200903,5호선,방화,4975,4763,9738
12651,20200904,5호선,방화,5545,5175,10720
12652,20200904,5호선,개화산,4209,4117,8326
12653,20200904,5호선,김포공항,4906,5079,9985
12654,20200904,5호선,송정,5507,5139,10646
12655,20200904,5호선,마곡,7241,7024,14265
12656,20200904,5호선,발산,14018,14491,28509
12657,20200904,5호선,우장산,11048,10943,21991
12658,20200904,5호선,화곡,23580,21787,45367
12659,20200904,5호선,까치산,24637,23697,48334
12660,20200904,5호선,신정,11704,9132,20836
12661,20200904,5호선,목동,13541,14784,28325
12662,20200904,5호선,오목교,17143,18756,35899
12663,20200904,5호선,양평,5929,6056,11985
12664,20200904,5호선,영등포구청,3365,3355,6720
12665,20200904,5호선,영등포시장,7254,7418,14672
12666,20200904,5호선,신길,3018,3220,6238
12667,20200904,5호선,여의도,20533,21679,42212
12668,20200904,5호선,여의나루,9198,9864,19062
12669,20200904,5호선,마포,11361,11581,22942
12670,20200904,5호선,공덕,11095,11707,22802
12671,20200904,5호선,애오개,5499,5526,11025
12672,20200904,5호선,충정로,3827,3868,7695
12673,20200904,5호선,서대문,13892,14124,28016
12674,20200904,5호선,광화문,22244,22899,45143
12675,20200904,5호선,종로3가,7950,8133,16083
12676,20200904,5호선,을지로4가,5143,5189,10332
12677,20200904,5호선,동대문역사문화공원,2263,2654,4917
12678,20200904,5호선,청구,3278,3097,6375
12679,20200904,5호선,신금호,5045,5238,10283
12680,20200904,5호선,행당,6507,5828,12335
12681,20200904,5호선,왕십리,3671,4087,7758
12682,20200904,5호선,마장,4678,4291,8969
12683,20200904,5호선,답십리,13404,12138,25542
12684,20200904,5호선,장한평,15016,14949,29965
12685,20200904,5호선,군자,9009,9680,18689
12686,20200904,5호선,아차산,11684,11595,23279
12687,20200904,5호선,광나루,10581,9660,20241
12688,20200904,5호선,천호,14457,14731,29188
12689,20200904,5호선,강동,15645,14106,29751
12690,20200904,5호선,길동,6297,6540,12837
12691,20200904,5호선,굽은다리,7417,6953,14370
12692,20200904,5호선,명일,6430,6643,13073
12693,20200904,5호선,고덕,6738,6702,13440
12694,20200904,5호선,상일동,12408,10772,23180
12695,20200904,5호선,둔촌동,6508,6523,13031
12696,20200904,5호선,올림픽공원,3280,2837,6117
12697,20200904,5호선,방이,5192,5356,10548
12698,20200904,5호선,오금,3105,3080,6185
12699,20200904,5호선,개롱,4968,5229,10197
12700,20200904,5호선,거여,6413,6077,12490
12701,20200904,5호선,마천,4803,4798,9601
12702,20200904,5호선,미사,8451,8896,17347
12703,20200904,5호선,하남풍산,3383,3490,6873
12704,20200905,5호선,방화,3316,3104,6420
12705,20200905,5호선,개화산,2532,2579,5111
12706,20200905,5호선,김포공항,4065,4130,8195
12707,20200905,5호선,송정,3620,3428,7048
12708,20200905,5호선,마곡,2826,2711,5537
12709,20200905,5호선,발산,7439,7721,15160
12710,20200905,5호선,우장산,6156,6284,12440
12711,20200905,5호선,화곡,13611,12702,26313
12712,20200905,5호선,까치산,14923,14518,29441
12713,20200905,5호선,신정,6111,5199,11310
12714,20200905,5호선,목동,7162,7384,14546
12715,20200905,5호선,오목교,9615,10184,19799
12716,20200905,5호선,양평,2358,2396,4754
12717,20200905,5호선,영등포구청,1369,1319,2688
12718,20200905,5호선,영등포시장,4122,4364,8486
12719,20200905,5호선,신길,1584,1671,3255
12720,20200905,5호선,여의도,5210,5738,10948
12721,20200905,5호선,여의나루,6851,7557,14408
12722,20200905,5호선,마포,4585,4599,9184
12723,20200905,5호선,공덕,4062,4340,8402
12724,20200905,5호선,애오개,2513,2386,4899
12725,20200905,5호선,충정로,1212,1103,2315
12726,20200905,5호선,서대문,4323,4085,8408
12727,20200905,5호선,광화문,6680,6560,13240
12728,20200905,5호선,종로3가,5148,5352,10500
12729,20200905,5호선,을지로4가,2180,2332,4512
12730,20200905,5호선,동대문역사문화공원,696,883,1579
12731,20200905,5호선,청구,1869,1562,3431
12732,20200905,5호선,신금호,2830,2929,5759
12733,20200905,5호선,행당,3820,3244,7064
12734,20200905,5호선,왕십리,2359,2599,4958
12735,20200905,5호선,마장,2687,2510,5197
12736,20200905,5호선,답십리,7046,6521,13567
12737,20200905,5호선,장한평,7360,7318,14678
12738,20200905,5호선,군자,5558,5908,11466
12739,20200905,5호선,아차산,8435,8427,16862
12740,20200905,5호선,광나루,6409,6049,12458
12741,20200905,5호선,천호,10481,10531,21012
12742,20200905,5호선,강동,8595,8083,16678
12743,20200905,5호선,길동,3854,3955,7809
12744,20200905,5호선,굽은다리,4479,4309,8788
12745,20200905,5호선,명일,3621,3648,7269
12746,20200905,5호선,고덕,3451,3426,6877
12747,20200905,5호선,상일동,6122,5556,11678
12748,20200905,5호선,둔촌동,3920,4035,7955
12749,20200905,5호선,올림픽공원,1906,1683,3589
12750,20200905,5호선,방이,2827,2887,5714
12751,20200905,5호선,오금,1466,1387,2853
12752,20200905,5호선,개롱,2617,2864,5481
12753,20200905,5호선,거여,3604,3480,7084
12754,20200905,5호선,마천,3274,3342,6616
12755,20200905,5호선,미사,5345,5370,10715
12756,20200905,5호선,하남풍산,2096,2319,4415
12757,20200906,5호선,화곡,8633,8089,16722
12758,20200906,5호선,양평,1514,1568,3082
12759,20200906,5호선,영등포구청,830,772,1602
12760,20200906,5호선,영등포시장,2361,2540,4901
12761,20200906,5호선,신길,1022,1218,2240
12762,20200906,5호선,여의도,3056,3256,6312
12763,20200906,5호선,여의나루,2404,2319,4723
12764,20200906,5호선,마포,2723,2719,5442
12765,20200906,5호선,공덕,2681,2723,5404
12766,20200906,5호선,애오개,1542,1706,3248
12767,20200906,5호선,충정로,824,856,1680
12768,20200906,5호선,서대문,2659,2567,5226
12769,20200906,5호선,광화문,4495,4539,9034
12770,20200906,5호선,종로3가,3588,3471,7059
12771,20200906,5호선,을지로4가,813,903,1716
12772,20200906,5호선,동대문역사문화공원,467,522,989
12773,20200906,5호선,청구,1049,968,2017
12774,20200906,5호선,신금호,1720,1850,3570
12775,20200906,5호선,행당,2280,2050,4330
12776,20200906,5호선,왕십리,1508,1718,3226
12777,20200906,5호선,까치산,9765,9769,19534
12778,20200906,5호선,마장,1749,1742,3491
12779,20200906,5호선,답십리,4458,4239,8697
12780,20200906,5호선,장한평,4485,4320,8805
12781,20200906,5호선,군자,3636,3962,7598
12782,20200906,5호선,아차산,5877,6032,11909
12783,20200906,5호선,광나루,4350,4291,8641
12784,20200906,5호선,천호,7379,7030,14409
12785,20200906,5호선,강동,5625,5660,11285
12786,20200906,5호선,길동,2376,2445,4821
12787,20200906,5호선,굽은다리,3031,2928,5959
12788,20200906,5호선,명일,2235,2277,4512
12789,20200906,5호선,고덕,2170,2182,4352
12790,20200906,5호선,상일동,3755,3498,7253
12791,20200906,5호선,둔촌동,2362,2466,4828
12792,20200906,5호선,올림픽공원,1225,1025,2250
12793,20200906,5호선,방이,1807,1818,3625
12794,20200906,5호선,오금,934,863,1797
12795,20200906,5호선,개롱,1744,1849,3593
12796,20200906,5호선,거여,2104,2083,4187
12797,20200906,5호선,마천,2015,2213,4228
12798,20200906,5호선,미사,3491,3402,6893
12799,20200906,5호선,하남풍산,1446,1613,3059
12800,20200906,5호선,신정,3805,3440,7245
12801,20200906,5호선,목동,4419,4619,9038
12802,20200906,5호선,오목교,6509,6717,13226
12803,20200906,5호선,방화,2197,2153,4350
12804,20200906,5호선,개화산,1654,1703,3357
12805,20200906,5호선,김포공항,3935,3226,7161
12806,20200906,5호선,송정,2278,2370,4648
12807,20200906,5호선,마곡,1655,1744,3399
12808,20200906,5호선,발산,4645,4790,9435
12809,20200906,5호선,우장산,3736,3795,7531
12810,20200907,5호선,답십리,12393,11542,23935
12811,20200907,5호선,하남풍산,2973,3065,6038
12812,20200907,5호선,미사,7863,7984,15847
12813,20200907,5호선,마천,4159,4223,8382
12814,20200907,5호선,거여,6088,5867,11955
12815,20200907,5호선,개롱,4665,4990,9655
12816,20200907,5호선,오금,2959,2921,5880
12817,20200907,5호선,방이,5043,5133,10176
12818,20200907,5호선,올림픽공원,2927,2534,5461
12819,20200907,5호선,둔촌동,5930,6106,12036
12820,20200907,5호선,상일동,11710,10608,22318
12821,20200907,5호선,고덕,6213,6211,12424
12822,20200907,5호선,명일,5926,6280,12206
12823,20200907,5호선,굽은다리,6800,6731,13531
12824,20200907,5호선,길동,5797,6054,11851
12825,20200907,5호선,강동,14949,14022,28971
12826,20200907,5호선,천호,12335,12247,24582
12827,20200907,5호선,광나루,9173,8282,17455
12828,20200907,5호선,아차산,9940,10067,20007
12829,20200907,5호선,군자,8138,8663,16801
12830,20200907,5호선,장한평,14203,14242,28445
12831,20200907,5호선,마장,4388,4121,8509
12832,20200907,5호선,왕십리,3257,3532,6789
12833,20200907,5호선,행당,6230,5699,11929
12834,20200907,5호선,신금호,4731,5016,9747
12835,20200907,5호선,청구,3298,3042,6340
12836,20200907,5호선,동대문역사문화공원,2463,2789,5252
12837,20200907,5호선,을지로4가,4750,4767,9517
12838,20200907,5호선,종로3가,7141,7027,14168
12839,20200907,5호선,광화문,22210,22878,45088
12840,20200907,5호선,서대문,14183,14255,28438
12841,20200907,5호선,충정로,3840,3953,7793
12842,20200907,5호선,애오개,5253,5393,10646
12843,20200907,5호선,공덕,10715,11276,21991
12844,20200907,5호선,마포,11080,11263,22343
12845,20200907,5호선,여의나루,5079,5223,10302
12846,20200907,5호선,여의도,21248,21402,42650
12847,20200907,5호선,신길,2895,3334,6229
12848,20200907,5호선,영등포시장,6767,7014,13781
12849,20200907,5호선,영등포구청,3046,3104,6150
12850,20200907,5호선,양평,6077,6175,12252
12851,20200907,5호선,오목교,15748,16927,32675
12852,20200907,5호선,목동,12299,13956,26255
12853,20200907,5호선,신정,10997,8697,19694
12854,20200907,5호선,까치산,22248,21722,43970
12855,20200907,5호선,화곡,21318,19973,41291
12856,20200907,5호선,우장산,10053,10124,20177
12857,20200907,5호선,발산,13375,13406,26781
12858,20200907,5호선,마곡,6850,6589,13439
12859,20200907,5호선,송정,4851,4553,9404
12860,20200907,5호선,김포공항,3461,3262,6723
12861,20200907,5호선,개화산,3834,3710,7544
12862,20200907,5호선,방화,4867,4715,9582
12863,20200908,5호선,하남풍산,3386,3499,6885
12864,20200908,5호선,미사,8811,8897,17708
12865,20200908,5호선,마천,4751,4767,9518
12866,20200908,5호선,거여,6613,6187,12800
12867,20200908,5호선,개롱,5106,5326,10432
12868,20200908,5호선,오금,3198,3110,6308
12869,20200908,5호선,방이,5283,5466,10749
12870,20200908,5호선,올림픽공원,3344,2854,6198
12871,20200908,5호선,둔촌동,6428,6670,13098
12872,20200908,5호선,상일동,12603,11170,23773
12873,20200908,5호선,고덕,7044,7016,14060
12874,20200908,5호선,명일,6547,6826,13373
12875,20200908,5호선,굽은다리,7441,7013,14454
12876,20200908,5호선,길동,6226,6495,12721
12877,20200908,5호선,강동,16244,14929,31173
12878,20200908,5호선,천호,14147,14354,28501
12879,20200908,5호선,광나루,10408,9479,19887
12880,20200908,5호선,아차산,11623,11588,23211
12881,20200908,5호선,군자,9115,9537,18652
12882,20200908,5호선,장한평,15365,15301,30666
12883,20200908,5호선,답십리,13459,12445,25904
12884,20200908,5호선,마장,4778,4404,9182
12885,20200908,5호선,왕십리,3582,3786,7368
12886,20200908,5호선,행당,6632,5939,12571
12887,20200908,5호선,신금호,5097,5269,10366
12888,20200908,5호선,청구,3485,3193,6678
12889,20200908,5호선,동대문역사문화공원,2445,2754,5199
12890,20200908,5호선,을지로4가,5362,5597,10959
12891,20200908,5호선,종로3가,8551,8544,17095
12892,20200908,5호선,광화문,23320,24344,47664
12893,20200908,5호선,서대문,14724,15076,29800
12894,20200908,5호선,충정로,4006,4070,8076
12895,20200908,5호선,애오개,5737,5765,11502
12896,20200908,5호선,공덕,11238,12014,23252
12897,20200908,5호선,마포,11921,12245,24166
12898,20200908,5호선,여의나루,6334,6522,12856
12899,20200908,5호선,여의도,21242,22371,43613
12900,20200908,5호선,신길,3136,3382,6518
12901,20200908,5호선,영등포시장,7517,7642,15159
12902,20200908,5호선,영등포구청,3618,3529,7147
12903,20200908,5호선,양평,6221,6258,12479
12904,20200908,5호선,오목교,17203,18583,35786
12905,20200908,5호선,목동,14095,15474,29569
12906,20200908,5호선,신정,11920,9349,21269
12907,20200908,5호선,까치산,24906,24003,48909
12908,20200908,5호선,화곡,23535,21849,45384
12909,20200908,5호선,우장산,11242,11264,22506
12910,20200908,5호선,발산,14577,14843,29420
12911,20200908,5호선,마곡,7327,7201,14528
12912,20200908,5호선,송정,5496,5152,10648
12913,20200908,5호선,김포공항,4561,4490,9051
12914,20200908,5호선,개화산,4308,4168,8476
12915,20200908,5호선,방화,5463,5197,10660
12916,20200909,5호선,하남풍산,3317,3367,6684
12917,20200909,5호선,미사,8486,8758,17244
12918,20200909,5호선,마천,4612,4661,9273
12919,20200909,5호선,거여,6507,6107,12614
12920,20200909,5호선,개롱,4929,5275,10204
12921,20200909,5호선,오금,3116,3074,6190
12922,20200909,5호선,방이,5193,5358,10551
12923,20200909,5호선,올림픽공원,3191,2794,5985
12924,20200909,5호선,둔촌동,6419,6483,12902
12925,20200909,5호선,상일동,12385,11221,23606
12926,20200909,5호선,고덕,6720,6608,13328
12927,20200909,5호선,명일,6425,6725,13150
12928,20200909,5호선,굽은다리,7166,6979,14145
12929,20200909,5호선,길동,6047,6279,12326
12930,20200909,5호선,강동,15639,14611,30250
12931,20200909,5호선,천호,13799,14142,27941
12932,20200909,5호선,광나루,10190,9192,19382
12933,20200909,5호선,아차산,11353,11224,22577
12934,20200909,5호선,군자,8930,9462,18392
12935,20200909,5호선,장한평,15348,15211,30559
12936,20200909,5호선,답십리,13281,12214,25495
12937,20200909,5호선,마장,4611,4234,8845
12938,20200909,5호선,왕십리,3514,3830,7344
12939,20200909,5호선,행당,6541,5870,12411
12940,20200909,5호선,신금호,4986,5233,10219
12941,20200909,5호선,청구,3457,3158,6615
12942,20200909,5호선,동대문역사문화공원,2430,2714,5144
12943,20200909,5호선,을지로4가,5192,5410,10602
12944,20200909,5호선,종로3가,8100,8123,16223
12945,20200909,5호선,광화문,23389,24104,47493
12946,20200909,5호선,서대문,14595,14639,29234
12947,20200909,5호선,충정로,3913,4026,7939
12948,20200909,5호선,애오개,5685,5677,11362
12949,20200909,5호선,공덕,11212,11928,23140
12950,20200909,5호선,마포,11879,12257,24136
12951,20200909,5호선,여의나루,5387,5508,10895
12952,20200909,5호선,여의도,21335,22000,43335
12953,20200909,5호선,신길,3082,3387,6469
12954,20200909,5호선,영등포시장,7340,7469,14809
12955,20200909,5호선,영등포구청,3439,3493,6932
12956,20200909,5호선,양평,6289,6260,12549
12957,20200909,5호선,오목교,17070,18308,35378
12958,20200909,5호선,목동,13663,15078,28741
12959,20200909,5호선,신정,11589,9276,20865
12960,20200909,5호선,까치산,24443,23699,48142
12961,20200909,5호선,화곡,23190,21683,44873
12962,20200909,5호선,우장산,10955,10951,21906
12963,20200909,5호선,발산,14375,14634,29009
12964,20200909,5호선,마곡,7343,7089,14432
12965,20200909,5호선,송정,5319,4946,10265
12966,20200909,5호선,김포공항,4639,4735,9374
12967,20200909,5호선,개화산,4255,4049,8304
12968,20200909,5호선,방화,5256,5062,10318
12969,20200910,5호선,방화,5520,5210,10730
12970,20200910,5호선,개화산,4358,4276,8634
12971,20200910,5호선,김포공항,4788,5013,9801
12972,20200910,5호선,송정,5564,5123,10687
12973,20200910,5호선,마곡,7174,7146,14320
12974,20200910,5호선,발산,14641,14963,29604
12975,20200910,5호선,우장산,11267,11177,22444
12976,20200910,5호선,화곡,23539,21941,45480
12977,20200910,5호선,까치산,24801,23990,48791
12978,20200910,5호선,신정,11841,9374,21215
12979,20200910,5호선,목동,13931,15377,29308
12980,20200910,5호선,오목교,17402,18738,36140
12981,20200910,5호선,양평,6285,6238,12523
12982,20200910,5호선,영등포구청,3472,3524,6996
12983,20200910,5호선,영등포시장,7226,7445,14671
12984,20200910,5호선,신길,3120,3437,6557
12985,20200910,5호선,여의도,21330,22350,43680
12986,20200910,5호선,여의나루,5975,5965,11940
12987,20200910,5호선,마포,11794,12110,23904
12988,20200910,5호선,공덕,11415,12266,23681
12989,20200910,5호선,애오개,5676,5748,11424
12990,20200910,5호선,충정로,3976,4052,8028
12991,20200910,5호선,서대문,14702,14996,29698
12992,20200910,5호선,광화문,23408,24400,47808
12993,20200910,5호선,종로3가,8585,8602,17187
12994,20200910,5호선,을지로4가,5316,5416,10732
12995,20200910,5호선,동대문역사문화공원,2430,2738,5168
12996,20200910,5호선,청구,3492,3251,6743
12997,20200910,5호선,신금호,5031,5259,10290
12998,20200910,5호선,행당,6696,6048,12744
12999,20200910,5호선,왕십리,3594,3930,7524
13000,20200910,5호선,마장,4669,4454,9123
13001,20200910,5호선,답십리,13367,12294,25661
13002,20200910,5호선,장한평,15309,15169,30478
13003,20200910,5호선,군자,9214,9735,18949
13004,20200910,5호선,아차산,11735,11530,23265
13005,20200910,5호선,광나루,10480,9517,19997
13006,20200910,5호선,천호,14389,14242,28631
13007,20200910,5호선,강동,16018,14925,30943
13008,20200910,5호선,길동,6271,6593,12864
13009,20200910,5호선,굽은다리,7583,7153,14736
13010,20200910,5호선,명일,6579,6750,13329
13011,20200910,5호선,고덕,7038,6867,13905
13012,20200910,5호선,상일동,12670,11285,23955
13013,20200910,5호선,둔촌동,6658,6662,13320
13014,20200910,5호선,올림픽공원,3372,2987,6359
13015,20200910,5호선,방이,5532,5589,11121
13016,20200910,5호선,오금,3155,3134,6289
13017,20200910,5호선,개롱,5112,5238,10350
13018,20200910,5호선,거여,6595,6179,12774
13019,20200910,5호선,마천,4847,4854,9701
13020,20200910,5호선,미사,8914,9101,18015
13021,20200910,5호선,하남풍산,3453,3537,6990
13022,20200911,5호선,하남풍산,3610,3815,7425
13023,20200911,5호선,미사,9028,9477,18505
13024,20200911,5호선,마천,4899,4967,9866
13025,20200911,5호선,거여,6691,6368,13059
13026,20200911,5호선,개롱,5152,5451,10603
13027,20200911,5호선,오금,3296,3229,6525
13028,20200911,5호선,방이,5405,5519,10924
13029,20200911,5호선,올림픽공원,3509,2913,6422
13030,20200911,5호선,둔촌동,6672,6858,13530
13031,20200911,5호선,상일동,12830,11386,24216
13032,20200911,5호선,고덕,6997,6934,13931
13033,20200911,5호선,명일,6836,7120,13956
13034,20200911,5호선,굽은다리,7666,7307,14973
13035,20200911,5호선,길동,6353,6849,13202
13036,20200911,5호선,강동,16298,15170,31468
13037,20200911,5호선,천호,15181,15265,30446
13038,20200911,5호선,광나루,10669,9757,20426
13039,20200911,5호선,아차산,11973,11810,23783
13040,20200911,5호선,군자,9271,10084,19355
13041,20200911,5호선,장한평,15650,15394,31044
13042,20200911,5호선,답십리,13541,12633,26174
13043,20200911,5호선,마장,4787,4480,9267
13044,20200911,5호선,왕십리,3730,4115,7845
13045,20200911,5호선,행당,6726,6027,12753
13046,20200911,5호선,신금호,5144,5346,10490
13047,20200911,5호선,청구,3536,3282,6818
13048,20200911,5호선,동대문역사문화공원,2451,2776,5227
13049,20200911,5호선,을지로4가,5219,5377,10596
13050,20200911,5호선,종로3가,8654,8748,17402
13051,20200911,5호선,광화문,23742,24233,47975
13052,20200911,5호선,서대문,14548,14718,29266
13053,20200911,5호선,충정로,3945,4013,7958
13054,20200911,5호선,애오개,5800,5862,11662
13055,20200911,5호선,공덕,11433,12448,23881
13056,20200911,5호선,마포,12043,12315,24358
13057,20200911,5호선,여의나루,5707,5478,11185
13058,20200911,5호선,여의도,21395,21891,43286
13059,20200911,5호선,신길,3109,3447,6556
13060,20200911,5호선,영등포시장,7357,7471,14828
13061,20200911,5호선,영등포구청,3402,3513,6915
13062,20200911,5호선,양평,6236,6290,12526
13063,20200911,5호선,오목교,18144,19878,38022
13064,20200911,5호선,목동,14132,15660,29792
13065,20200911,5호선,신정,11985,9438,21423
13066,20200911,5호선,까치산,25337,24533,49870
13067,20200911,5호선,화곡,24112,22336,46448
13068,20200911,5호선,우장산,11436,11394,22830
13069,20200911,5호선,발산,14594,14879,29473
13070,20200911,5호선,마곡,7482,7136,14618
13071,20200911,5호선,송정,5623,5415,11038
13072,20200911,5호선,김포공항,5334,5529,10863
13073,20200911,5호선,개화산,4332,4238,8570
13074,20200911,5호선,방화,5577,5254,10831
13075,20200912,5호선,하남풍산,2169,2396,4565
13076,20200912,5호선,미사,5712,5666,11378
13077,20200912,5호선,마천,3091,3054,6145
13078,20200912,5호선,거여,3699,3577,7276
13079,20200912,5호선,개롱,2905,2966,5871
13080,20200912,5호선,오금,1628,1443,3071
13081,20200912,5호선,방이,2889,2947,5836
13082,20200912,5호선,올림픽공원,1824,1650,3474
13083,20200912,5호선,둔촌동,4065,4105,8170
13084,20200912,5호선,상일동,6182,5760,11942
13085,20200912,5호선,고덕,3624,3635,7259
13086,20200912,5호선,명일,3765,3782,7547
13087,20200912,5호선,굽은다리,4636,4502,9138
13088,20200912,5호선,길동,4006,4092,8098
13089,20200912,5호선,강동,9642,8940,18582
13090,20200912,5호선,천호,11506,11137,22643
13091,20200912,5호선,광나루,6340,5877,12217
13092,20200912,5호선,아차산,7807,7871,15678
13093,20200912,5호선,군자,5728,6161,11889
13094,20200912,5호선,장한평,7608,7526,15134
13095,20200912,5호선,답십리,7202,6582,13784
13096,20200912,5호선,마장,2804,2702,5506
13097,20200912,5호선,왕십리,2277,2607,4884
13098,20200912,5호선,행당,3830,3355,7185
13099,20200912,5호선,신금호,2910,2923,5833
13100,20200912,5호선,청구,1925,1686,3611
13101,20200912,5호선,동대문역사문화공원,757,964,1721
13102,20200912,5호선,을지로4가,2449,2575,5024
13103,20200912,5호선,종로3가,5968,6131,12099
13104,20200912,5호선,광화문,7621,7412,15033
13105,20200912,5호선,서대문,4558,4494,9052
13106,20200912,5호선,충정로,1313,1221,2534
13107,20200912,5호선,애오개,2665,2589,5254
13108,20200912,5호선,공덕,4477,4560,9037
13109,20200912,5호선,마포,4844,4807,9651
13110,20200912,5호선,여의나루,2351,2248,4599
13111,20200912,5호선,여의도,5440,5953,11393
13112,20200912,5호선,신길,1639,1739,3378
13113,20200912,5호선,영등포시장,4290,4399,8689
13114,20200912,5호선,영등포구청,1417,1388,2805
13115,20200912,5호선,양평,2532,2484,5016
13116,20200912,5호선,오목교,9990,10512,20502
13117,20200912,5호선,목동,7391,7544,14935
13118,20200912,5호선,신정,6254,5394,11648
13119,20200912,5호선,까치산,15379,14936,30315
13120,20200912,5호선,화곡,14044,12946,26990
13121,20200912,5호선,우장산,6522,6519,13041
13122,20200912,5호선,발산,7858,8214,16072
13123,20200912,5호선,마곡,2906,2826,5732
13124,20200912,5호선,송정,3867,3714,7581
13125,20200912,5호선,김포공항,4661,4955,9616
13126,20200912,5호선,개화산,2637,2604,5241
13127,20200912,5호선,방화,3182,3157,6339
13128,20200913,5호선,강동,6499,6318,12817
13129,20200913,5호선,개롱,1963,2222,4185
13130,20200913,5호선,개화산,1885,1962,3847
13131,20200913,5호선,거여,2513,2449,4962
13132,20200913,5호선,고덕,2426,2443,4869
13133,20200913,5호선,공덕,2938,2936,5874
13134,20200913,5호선,광나루,5579,5593,11172
13135,20200913,5호선,광화문,5894,5673,11567
13136,20200913,5호선,군자,3943,4428,8371
13137,20200913,5호선,굽은다리,3223,3101,6324
13138,20200913,5호선,길동,2670,2743,5413
13139,20200913,5호선,김포공항,4493,4159,8652
13140,20200913,5호선,까치산,11260,10965,22225
13141,20200913,5호선,답십리,5008,4591,9599
13142,20200913,5호선,동대문역사문화공원,482,531,1013
13143,20200913,5호선,둔촌동,2942,3034,5976
13144,20200913,5호선,마곡,1840,1953,3793
13145,20200913,5호선,마장,2022,1946,3968
13146,20200913,5호선,마천,2474,2750,5224
13147,20200913,5호선,마포,3143,3124,6267
13148,20200913,5호선,명일,2563,2604,5167
13149,20200913,5호선,목동,4973,5141,10114
13150,20200913,5호선,미사,4312,4257,8569
13151,20200913,5호선,발산,5385,5559,10944
13152,20200913,5호선,방이,2118,2182,4300
13153,20200913,5호선,방화,2546,2571,5117
13154,20200913,5호선,상일동,4309,4134,8443
13155,20200913,5호선,서대문,3023,3032,6055
13156,20200913,5호선,송정,2559,2577,5136
13157,20200913,5호선,신금호,1866,2144,4010
13158,20200913,5호선,신길,1179,1335,2514
13159,20200913,5호선,신정,4262,3825,8087
13160,20200913,5호선,아차산,7619,7504,15123
13161,20200913,5호선,애오개,1778,1844,3622
13162,20200913,5호선,양평,1812,1768,3580
13163,20200913,5호선,여의나루,3008,2801,5809
13164,20200913,5호선,여의도,3404,3759,7163
13165,20200913,5호선,영등포구청,939,873,1812
13166,20200913,5호선,영등포시장,2687,2950,5637
13167,20200913,5호선,오금,1032,1011,2043
13168,20200913,5호선,오목교,7218,7593,14811
13169,20200913,5호선,올림픽공원,1541,1535,3076
13170,20200913,5호선,왕십리,1618,1717,3335
13171,20200913,5호선,우장산,4201,4411,8612
13172,20200913,5호선,을지로4가,916,1048,1964
13173,20200913,5호선,장한평,5080,5016,10096
13174,20200913,5호선,종로3가,4421,4285,8706
13175,20200913,5호선,천호,8223,7889,16112
13176,20200913,5호선,청구,1235,1191,2426
13177,20200913,5호선,충정로,941,892,1833
13178,20200913,5호선,하남풍산,1851,1956,3807
13179,20200913,5호선,행당,2840,2574,5414
13180,20200913,5호선,화곡,9584,9018,18602
13181,20200914,5호선,하남풍산,3564,3655,7219
13182,20200914,5호선,미사,9586,9571,19157
13183,20200914,5호선,마천,5093,5024,10117
13184,20200914,5호선,거여,7031,6639,13670
13185,20200914,5호선,개롱,5411,5726,11137
13186,20200914,5호선,오금,3392,3333,6725
13187,20200914,5호선,방이,5917,6063,11980
13188,20200914,5호선,올림픽공원,3480,3063,6543
13189,20200914,5호선,둔촌동,7053,7052,14105
13190,20200914,5호선,상일동,13763,12099,25862
13191,20200914,5호선,고덕,7497,7453,14950
13192,20200914,5호선,명일,7191,7376,14567
13193,20200914,5호선,굽은다리,8121,7597,15718
13194,20200914,5호선,길동,6678,6999,13677
13195,20200914,5호선,강동,16991,15639,32630
13196,20200914,5호선,천호,15147,15620,30767
13197,20200914,5호선,광나루,11086,9987,21073
13198,20200914,5호선,아차산,12214,12018,24232
13199,20200914,5호선,군자,9436,10133,19569
13200,20200914,5호선,장한평,16173,16059,32232
13201,20200914,5호선,답십리,14161,13031,27192
13202,20200914,5호선,마장,4994,4696,9690
13203,20200914,5호선,왕십리,3890,4134,8024
13204,20200914,5호선,행당,7032,6273,13305
13205,20200914,5호선,신금호,5349,5518,10867
13206,20200914,5호선,청구,3573,3414,6987
13207,20200914,5호선,동대문역사문화공원,2527,2850,5377
13208,20200914,5호선,을지로4가,5593,5734,11327
13209,20200914,5호선,종로3가,8939,9020,17959
13210,20200914,5호선,광화문,24596,25872,50468
13211,20200914,5호선,서대문,15262,15758,31020
13212,20200914,5호선,충정로,4111,4263,8374
13213,20200914,5호선,애오개,5835,5945,11780
13214,20200914,5호선,공덕,11936,12774,24710
13215,20200914,5호선,마포,12443,12882,25325
13216,20200914,5호선,여의나루,6438,6596,13034
13217,20200914,5호선,여의도,22668,23949,46617
13218,20200914,5호선,신길,3256,3571,6827
13219,20200914,5호선,영등포시장,7766,8026,15792
13220,20200914,5호선,영등포구청,3669,3734,7403
13221,20200914,5호선,양평,6468,6486,12954
13222,20200914,5호선,오목교,18588,20285,38873
13223,20200914,5호선,목동,15012,16565,31577
13224,20200914,5호선,신정,12465,9912,22377
13225,20200914,5호선,까치산,26377,25218,51595
13226,20200914,5호선,화곡,25564,23747,49311
13227,20200914,5호선,우장산,12160,12077,24237
13228,20200914,5호선,발산,16147,16682,32829
13229,20200914,5호선,마곡,7796,7604,15400
13230,20200914,5호선,송정,6126,5652,11778
13231,20200914,5호선,김포공항,5139,4780,9919
13232,20200914,5호선,개화산,4656,4335,8991
13233,20200914,5호선,방화,5871,5565,11436
13234,20200915,5호선,방화,6079,5656,11735
13235,20200915,5호선,개화산,4675,4467,9142
13236,20200915,5호선,김포공항,5014,4814,9828
13237,20200915,5호선,송정,6057,5644,11701
13238,20200915,5호선,마곡,7866,7622,15488
13239,20200915,5호선,발산,16405,16947,33352
13240,20200915,5호선,우장산,12393,12312,24705
13241,20200915,5호선,화곡,25510,23811,49321
13242,20200915,5호선,까치산,26698,25544,52242
13243,20200915,5호선,신정,12780,10031,22811
13244,20200915,5호선,목동,15593,17199,32792
13245,20200915,5호선,오목교,19102,20759,39861
13246,20200915,5호선,양평,6624,6638,13262
13247,20200915,5호선,영등포구청,3674,3729,7403
13248,20200915,5호선,영등포시장,7872,8187,16059
13249,20200915,5호선,신길,3374,3627,7001
13250,20200915,5호선,여의도,23423,24829,48252
13251,20200915,5호선,여의나루,6503,6756,13259
13252,20200915,5호선,마포,12736,13123,25859
13253,20200915,5호선,공덕,12364,13405,25769
13254,20200915,5호선,애오개,6190,6223,12413
13255,20200915,5호선,충정로,4214,4370,8584
13256,20200915,5호선,서대문,15942,16321,32263
13257,20200915,5호선,광화문,25522,26972,52494
13258,20200915,5호선,종로3가,9354,9571,18925
13259,20200915,5호선,을지로4가,5354,5686,11040
13260,20200915,5호선,동대문역사문화공원,2560,2911,5471
13261,20200915,5호선,청구,3744,3410,7154
13262,20200915,5호선,신금호,5499,5633,11132
13263,20200915,5호선,행당,7347,6553,13900
13264,20200915,5호선,왕십리,3957,4273,8230
13265,20200915,5호선,마장,5079,4700,9779
13266,20200915,5호선,답십리,14272,13212,27484
13267,20200915,5호선,장한평,16454,16322,32776
13268,20200915,5호선,군자,9749,10469,20218
13269,20200915,5호선,아차산,12414,12454,24868
13270,20200915,5호선,광나루,11313,10194,21507
13271,20200915,5호선,천호,15900,16221,32121
13272,20200915,5호선,강동,17447,15980,33427
13273,20200915,5호선,길동,6776,7015,13791
13274,20200915,5호선,굽은다리,8295,7726,16021
13275,20200915,5호선,명일,7313,7553,14866
13276,20200915,5호선,고덕,7949,7883,15832
13277,20200915,5호선,상일동,13853,12194,26047
13278,20200915,5호선,둔촌동,7349,7320,14669
13279,20200915,5호선,올림픽공원,3756,3140,6896
13280,20200915,5호선,방이,5980,6345,12325
13281,20200915,5호선,오금,3542,3432,6974
13282,20200915,5호선,개롱,5549,5770,11319
13283,20200915,5호선,거여,7146,6728,13874
13284,20200915,5호선,마천,5141,5151,10292
13285,20200915,5호선,미사,9759,9924,19683
13286,20200915,5호선,하남풍산,3672,3766,7438
13287,20200916,5호선,방화,5775,5519,11294
13288,20200916,5호선,개화산,4593,4336,8929
13289,20200916,5호선,김포공항,5083,4916,9999
13290,20200916,5호선,송정,5880,5474,11354
13291,20200916,5호선,마곡,7859,7701,15560
13292,20200916,5호선,발산,16634,17280,33914
13293,20200916,5호선,우장산,12500,12387,24887
13294,20200916,5호선,화곡,25345,23412,48757
13295,20200916,5호선,까치산,26210,24969,51179
13296,20200916,5호선,신정,12799,9986,22785
13297,20200916,5호선,목동,15434,16819,32253
13298,20200916,5호선,오목교,19292,20875,40167
13299,20200916,5호선,양평,6515,6606,13121
13300,20200916,5호선,영등포구청,3695,3765,7460
13301,20200916,5호선,영등포시장,7852,8101,15953
13302,20200916,5호선,신길,3444,3664,7108
13303,20200916,5호선,여의도,23201,24373,47574
13304,20200916,5호선,여의나루,6129,6243,12372
13305,20200916,5호선,마포,12778,13373,26151
13306,20200916,5호선,공덕,12468,13354,25822
13307,20200916,5호선,애오개,6160,6214,12374
13308,20200916,5호선,충정로,4264,4357,8621
13309,20200916,5호선,서대문,15780,16086,31866
13310,20200916,5호선,광화문,25411,26643,52054
13311,20200916,5호선,종로3가,9319,9531,18850
13312,20200916,5호선,을지로4가,5161,5426,10587
13313,20200916,5호선,동대문역사문화공원,2507,2936,5443
13314,20200916,5호선,청구,3735,3420,7155
13315,20200916,5호선,신금호,5492,5573,11065
13316,20200916,5호선,행당,7146,6352,13498
13317,20200916,5호선,왕십리,3927,4251,8178
13318,20200916,5호선,마장,4969,4615,9584
13319,20200916,5호선,답십리,14323,13020,27343
13320,20200916,5호선,장한평,16385,16204,32589
13321,20200916,5호선,군자,9716,10637,20353
13322,20200916,5호선,아차산,11851,11724,23575
13323,20200916,5호선,광나루,11144,9887,21031
13324,20200916,5호선,천호,15415,15783,31198
13325,20200916,5호선,강동,17143,15697,32840
13326,20200916,5호선,길동,6617,6914,13531
13327,20200916,5호선,굽은다리,8080,7594,15674
13328,20200916,5호선,명일,7186,7453,14639
13329,20200916,5호선,고덕,7597,7460,15057
13330,20200916,5호선,상일동,13781,12083,25864
13331,20200916,5호선,둔촌동,7162,7219,14381
13332,20200916,5호선,올림픽공원,3576,3016,6592
13333,20200916,5호선,방이,5896,6156,12052
13334,20200916,5호선,오금,3424,3333,6757
13335,20200916,5호선,개롱,5561,5744,11305
13336,20200916,5호선,거여,7101,6716,13817
13337,20200916,5호선,마천,4965,4964,9929
13338,20200916,5호선,미사,9672,9657,19329
13339,20200916,5호선,하남풍산,3621,3656,7277
13340,20200917,5호선,하남풍산,3808,3781,7589
13341,20200917,5호선,미사,9788,9958,19746
13342,20200917,5호선,마천,5119,5130,10249
13343,20200917,5호선,거여,7156,6705,13861
13344,20200917,5호선,개롱,5584,5790,11374
13345,20200917,5호선,오금,3442,3478,6920
13346,20200917,5호선,방이,6107,6262,12369
13347,20200917,5호선,올림픽공원,3648,3095,6743
13348,20200917,5호선,둔촌동,7272,7343,14615
13349,20200917,5호선,상일동,14141,12266,26407
13350,20200917,5호선,고덕,7819,7851,15670
13351,20200917,5호선,명일,7374,7502,14876
13352,20200917,5호선,굽은다리,8241,7717,15958
13353,20200917,5호선,길동,6715,7034,13749
13354,20200917,5호선,강동,17398,15926,33324
13355,20200917,5호선,천호,15888,16221,32109
13356,20200917,5호선,광나루,11376,10220,21596
13357,20200917,5호선,아차산,12615,12474,25089
13358,20200917,5호선,군자,9789,10671,20460
13359,20200917,5호선,장한평,16411,16282,32693
13360,20200917,5호선,답십리,14561,13233,27794
13361,20200917,5호선,마장,5208,4924,10132
13362,20200917,5호선,왕십리,4044,4415,8459
13363,20200917,5호선,행당,7275,6417,13692
13364,20200917,5호선,신금호,5579,5676,11255
13365,20200917,5호선,청구,3777,3588,7365
13366,20200917,5호선,동대문역사문화공원,2498,2908,5406
13367,20200917,5호선,을지로4가,5615,5826,11441
13368,20200917,5호선,종로3가,9663,9897,19560
13369,20200917,5호선,광화문,25872,27354,53226
13370,20200917,5호선,서대문,15862,16141,32003
13371,20200917,5호선,충정로,4328,4430,8758
13372,20200917,5호선,애오개,6387,6316,12703
13373,20200917,5호선,공덕,12536,13610,26146
13374,20200917,5호선,마포,12777,13278,26055
13375,20200917,5호선,여의나루,6516,6705,13221
13376,20200917,5호선,여의도,22869,24483,47352
13377,20200917,5호선,신길,3456,3718,7174
13378,20200917,5호선,영등포시장,7947,8140,16087
13379,20200917,5호선,영등포구청,3842,3859,7701
13380,20200917,5호선,양평,6646,6596,13242
13381,20200917,5호선,오목교,19478,21179,40657
13382,20200917,5호선,목동,15567,16957,32524
13383,20200917,5호선,신정,12833,9935,22768
13384,20200917,5호선,까치산,26778,25454,52232
13385,20200917,5호선,화곡,25831,23872,49703
13386,20200917,5호선,우장산,12544,12356,24900
13387,20200917,5호선,발산,16627,17227,33854
13388,20200917,5호선,마곡,7831,7629,15460
13389,20200917,5호선,송정,6081,5595,11676
13390,20200917,5호선,김포공항,5249,5193,10442
13391,20200917,5호선,개화산,4717,4466,9183
13392,20200917,5호선,방화,5966,5530,11496
13393,20200918,5호선,송정,6336,5876,12212
13394,20200918,5호선,하남풍산,4012,3960,7972
13395,20200918,5호선,미사,10428,10546,20974
13396,20200918,5호선,마천,5350,5231,10581
13397,20200918,5호선,거여,7188,6809,13997
13398,20200918,5호선,개롱,5931,5952,11883
13399,20200918,5호선,오금,3512,3388,6900
13400,20200918,5호선,방이,6251,6445,12696
13401,20200918,5호선,올림픽공원,3797,3256,7053
13402,20200918,5호선,둔촌동,7598,7588,15186
13403,20200918,5호선,상일동,14592,12424,27016
13404,20200918,5호선,고덕,8159,8006,16165
13405,20200918,5호선,명일,7673,7958,15631
13406,20200918,5호선,굽은다리,8613,7994,16607
13407,20200918,5호선,길동,7111,7583,14694
13408,20200918,5호선,강동,17823,16074,33897
13409,20200918,5호선,천호,16818,17436,34254
13410,20200918,5호선,광나루,12075,10788,22863
13411,20200918,5호선,아차산,13307,12823,26130
13412,20200918,5호선,군자,10298,11405,21703
13413,20200918,5호선,장한평,17090,16660,33750
13414,20200918,5호선,답십리,14988,13579,28567
13415,20200918,5호선,마장,5346,4894,10240
13416,20200918,5호선,왕십리,4235,4755,8990
13417,20200918,5호선,행당,7446,6648,14094
13418,20200918,5호선,신금호,5810,5748,11558
13419,20200918,5호선,청구,3776,3530,7306
13420,20200918,5호선,동대문역사문화공원,2574,2940,5514
13421,20200918,5호선,을지로4가,5612,5971,11583
13422,20200918,5호선,종로3가,10016,10671,20687
13423,20200918,5호선,광화문,26154,27657,53811
13424,20200918,5호선,서대문,15784,16140,31924
13425,20200918,5호선,충정로,4253,4294,8547
13426,20200918,5호선,애오개,6364,6267,12631
13427,20200918,5호선,공덕,12751,13672,26423
13428,20200918,5호선,마포,13002,13626,26628
13429,20200918,5호선,여의나루,7754,7557,15311
13430,20200918,5호선,여의도,22888,24486,47374
13431,20200918,5호선,신길,3464,3760,7224
13432,20200918,5호선,영등포시장,8258,8438,16696
13433,20200918,5호선,영등포구청,3887,3921,7808
13434,20200918,5호선,양평,6800,6622,13422
13435,20200918,5호선,오목교,20588,22780,43368
13436,20200918,5호선,목동,16135,17485,33620
13437,20200918,5호선,신정,13123,10123,23246
13438,20200918,5호선,까치산,27574,26026,53600
13439,20200918,5호선,화곡,26797,24354,51151
13440,20200918,5호선,우장산,13043,12523,25566
13441,20200918,5호선,발산,16805,17598,34403
13442,20200918,5호선,마곡,8189,7960,16149
13443,20200918,5호선,김포공항,5983,6068,12051
13444,20200918,5호선,개화산,4756,4529,9285
13445,20200918,5호선,방화,6123,5790,11913
13446,20200919,5호선,방화,4227,3843,8070
13447,20200919,5호선,개화산,3131,3119,6250
13448,20200919,5호선,김포공항,5130,5653,10783
13449,20200919,5호선,송정,4381,4304,8685
13450,20200919,5호선,마곡,3600,3630,7230
13451,20200919,5호선,발산,9818,10406,20224
13452,20200919,5호선,우장산,8029,7915,15944
13453,20200919,5호선,화곡,16815,15226,32041
13454,20200919,5호선,까치산,18384,17240,35624
13455,20200919,5호선,신정,7557,6336,13893
13456,20200919,5호선,목동,9330,9551,18881
13457,20200919,5호선,오목교,13630,14055,27685
13458,20200919,5호선,양평,3060,2886,5946
13459,20200919,5호선,영등포구청,1722,1655,3377
13460,20200919,5호선,영등포시장,5186,5369,10555
13461,20200919,5호선,신길,1990,2124,4114
13462,20200919,5호선,여의도,6789,7474,14263
13463,20200919,5호선,여의나루,5220,5048,10268
13464,20200919,5호선,마포,5939,6032,11971
13465,20200919,5호선,공덕,5481,5839,11320
13466,20200919,5호선,애오개,3117,3127,6244
13467,20200919,5호선,충정로,1576,1465,3041
13468,20200919,5호선,서대문,5566,5456,11022
13469,20200919,5호선,광화문,10317,10309,20626
13470,20200919,5호선,종로3가,7915,8618,16533
13471,20200919,5호선,을지로4가,2786,3065,5851
13472,20200919,5호선,동대문역사문화공원,835,1082,1917
13473,20200919,5호선,청구,2337,2110,4447
13474,20200919,5호선,신금호,3623,3498,7121
13475,20200919,5호선,행당,4988,4366,9354
13476,20200919,5호선,왕십리,2859,3459,6318
13477,20200919,5호선,마장,3482,3354,6836
13478,20200919,5호선,답십리,8710,7926,16636
13479,20200919,5호선,장한평,9023,8914,17937
13480,20200919,5호선,군자,7113,7761,14874
13481,20200919,5호선,아차산,10269,10232,20501
13482,20200919,5호선,광나루,8279,7784,16063
13483,20200919,5호선,천호,13676,13584,27260
13484,20200919,5호선,강동,11020,9915,20935
13485,20200919,5호선,길동,4874,4955,9829
13486,20200919,5호선,굽은다리,5695,5267,10962
13487,20200919,5호선,명일,4704,4715,9419
13488,20200919,5호선,고덕,5040,4850,9890
13489,20200919,5호선,상일동,8024,7137,15161
13490,20200919,5호선,둔촌동,5213,5177,10390
13491,20200919,5호선,올림픽공원,2605,2330,4935
13492,20200919,5호선,방이,4530,4398,8928
13493,20200919,5호선,오금,2265,2076,4341
13494,20200919,5호선,개롱,3778,3835,7613
13495,20200919,5호선,거여,4665,4332,8997
13496,20200919,5호선,마천,3907,3881,7788
13497,20200919,5호선,미사,7101,7015,14116
13498,20200919,5호선,하남풍산,2781,2950,5731
13499,20200920,5호선,방화,2914,2864,5778
13500,20200920,5호선,개화산,2141,2273,4414
13501,20200920,5호선,김포공항,4898,4710,9608
13502,20200920,5호선,송정,3048,3114,6162
13503,20200920,5호선,마곡,2229,2387,4616
13504,20200920,5호선,발산,6148,6463,12611
13505,20200920,5호선,우장산,5234,5329,10563
13506,20200920,5호선,화곡,11053,10376,21429
13507,20200920,5호선,까치산,12446,12158,24604
13508,20200920,5호선,신정,4891,4352,9243
13509,20200920,5호선,목동,6058,6232,12290
13510,20200920,5호선,오목교,9085,9401,18486
13511,20200920,5호선,양평,2060,2164,4224
13512,20200920,5호선,영등포구청,1016,1076,2092
13513,20200920,5호선,영등포시장,3156,3351,6507
13514,20200920,5호선,신길,1258,1540,2798
13515,20200920,5호선,여의도,4071,4578,8649
13516,20200920,5호선,여의나루,4324,4202,8526
13517,20200920,5호선,마포,3586,3529,7115
13518,20200920,5호선,공덕,3403,3336,6739
13519,20200920,5호선,애오개,1966,2024,3990
13520,20200920,5호선,충정로,1096,1142,2238
13521,20200920,5호선,서대문,3956,3972,7928
13522,20200920,5호선,광화문,7220,7095,14315
13523,20200920,5호선,종로3가,5950,5489,11439
13524,20200920,5호선,을지로4가,1059,1150,2209
13525,20200920,5호선,동대문역사문화공원,470,644,1114
13526,20200920,5호선,청구,1376,1332,2708
13527,20200920,5호선,신금호,2180,2355,4535
13528,20200920,5호선,행당,3075,2870,5945
13529,20200920,5호선,왕십리,1976,2201,4177
13530,20200920,5호선,마장,2277,2175,4452
13531,20200920,5호선,답십리,5565,5162,10727
13532,20200920,5호선,장한평,5678,5504,11182
13533,20200920,5호선,군자,4733,5026,9759
13534,20200920,5호선,아차산,8416,8223,16639
13535,20200920,5호선,광나루,6071,6273,12344
13536,20200920,5호선,천호,9749,9389,19138
13537,20200920,5호선,강동,7351,7117,14468
13538,20200920,5호선,길동,3048,3172,6220
13539,20200920,5호선,굽은다리,3990,3674,7664
13540,20200920,5호선,명일,3010,3046,6056
13541,20200920,5호선,고덕,3150,3190,6340
13542,20200920,5호선,상일동,5154,4714,9868
13543,20200920,5호선,둔촌동,3297,3319,6616
13544,20200920,5호선,올림픽공원,1762,1628,3390
13545,20200920,5호선,방이,2963,2691,5654
13546,20200920,5호선,오금,1344,1213,2557
13547,20200920,5호선,개롱,2529,2666,5195
13548,20200920,5호선,거여,2842,2825,5667
13549,20200920,5호선,마천,2761,2945,5706
13550,20200920,5호선,미사,4870,4749,9619
13551,20200920,5호선,하남풍산,2052,2212,4264
13552,20200921,5호선,방화,6275,5958,12233
13553,20200921,5호선,개화산,4881,4581,9462
13554,20200921,5호선,김포공항,5669,5356,11025
13555,20200921,5호선,송정,6399,5888,12287
13556,20200921,5호선,마곡,8299,8096,16395
13557,20200921,5호선,발산,17420,17789,35209
13558,20200921,5호선,우장산,13362,13197,26559
13559,20200921,5호선,화곡,26783,24866,51649
13560,20200921,5호선,까치산,27529,26197,53726
13561,20200921,5호선,신정,13206,10390,23596
13562,20200921,5호선,목동,16026,17536,33562
13563,20200921,5호선,오목교,20033,22138,42171
13564,20200921,5호선,양평,6929,6869,13798
13565,20200921,5호선,영등포구청,3794,3997,7791
13566,20200921,5호선,영등포시장,8135,8556,16691
13567,20200921,5호선,신길,3560,3856,7416
13568,20200921,5호선,여의도,23948,25451,49399
13569,20200921,5호선,여의나루,7367,7520,14887
13570,20200921,5호선,마포,13052,13597,26649
13571,20200921,5호선,공덕,13039,13873,26912
13572,20200921,5호선,애오개,6303,6359,12662
13573,20200921,5호선,충정로,4634,4729,9363
13574,20200921,5호선,서대문,16403,16904,33307
13575,20200921,5호선,광화문,26696,28352,55048
13576,20200921,5호선,종로3가,9723,9704,19427
13577,20200921,5호선,을지로4가,5786,5915,11701
13578,20200921,5호선,동대문역사문화공원,2846,3220,6066
13579,20200921,5호선,청구,3888,3663,7551
13580,20200921,5호선,신금호,5936,6028,11964
13581,20200921,5호선,행당,7646,6848,14494
13582,20200921,5호선,왕십리,4158,4521,8679
13583,20200921,5호선,마장,5422,4995,10417
13584,20200921,5호선,답십리,15061,13764,28825
13585,20200921,5호선,장한평,17038,16841,33879
13586,20200921,5호선,군자,10076,10796,20872
13587,20200921,5호선,아차산,12937,12793,25730
13588,20200921,5호선,광나루,11941,10929,22870
13589,20200921,5호선,천호,15818,16341,32159
13590,20200921,5호선,강동,17787,16586,34373
13591,20200921,5호선,길동,7139,7539,14678
13592,20200921,5호선,굽은다리,8459,7905,16364
13593,20200921,5호선,명일,7849,8204,16053
13594,20200921,5호선,고덕,8273,8072,16345
13595,20200921,5호선,상일동,14869,12886,27755
13596,20200921,5호선,둔촌동,7644,7451,15095
13597,20200921,5호선,올림픽공원,3836,3431,7267
13598,20200921,5호선,방이,6263,6549,12812
13599,20200921,5호선,오금,3594,3556,7150
13600,20200921,5호선,개롱,5898,6176,12074
13601,20200921,5호선,거여,7457,7019,14476
13602,20200921,5호선,마천,5413,5401,10814
13603,20200921,5호선,미사,10325,10390,20715
13604,20200921,5호선,하남풍산,3905,3972,7877
13605,20200922,5호선,하남풍산,4033,4002,8035
13606,20200922,5호선,미사,10581,10625,21206
13607,20200922,5호선,마천,5439,5464,10903
13608,20200922,5호선,거여,7668,7188,14856
13609,20200922,5호선,개롱,5972,6164,12136
13610,20200922,5호선,오금,3760,3706,7466
13611,20200922,5호선,방이,6358,6678,13036
13612,20200922,5호선,올림픽공원,4143,3504,7647
13613,20200922,5호선,둔촌동,7641,7622,15263
13614,20200922,5호선,상일동,15118,13025,28143
13615,20200922,5호선,고덕,8419,8243,16662
13616,20200922,5호선,명일,7910,8272,16182
13617,20200922,5호선,굽은다리,8736,8169,16905
13618,20200922,5호선,길동,7126,7464,14590
13619,20200922,5호선,강동,18211,16878,35089
13620,20200922,5호선,천호,16641,16839,33480
13621,20200922,5호선,광나루,12191,11107,23298
13622,20200922,5호선,아차산,13395,13247,26642
13623,20200922,5호선,군자,10288,11110,21398
13624,20200922,5호선,장한평,17143,16908,34051
13625,20200922,5호선,답십리,15096,13711,28807
13626,20200922,5호선,마장,5425,5196,10621
13627,20200922,5호선,왕십리,4069,4407,8476
13628,20200922,5호선,행당,7733,6822,14555
13629,20200922,5호선,신금호,6052,6128,12180
13630,20200922,5호선,청구,3937,3603,7540
13631,20200922,5호선,동대문역사문화공원,2800,3283,6083
13632,20200922,5호선,을지로4가,5823,5929,11752
13633,20200922,5호선,종로3가,10239,10250,20489
13634,20200922,5호선,광화문,27707,29170,56877
13635,20200922,5호선,서대문,16715,17084,33799
13636,20200922,5호선,충정로,4722,4756,9478
13637,20200922,5호선,애오개,6611,6650,13261
13638,20200922,5호선,공덕,13265,14491,27756
13639,20200922,5호선,마포,13393,13889,27282
13640,20200922,5호선,여의나루,7356,7488,14844
13641,20200922,5호선,여의도,24299,25974,50273
13642,20200922,5호선,신길,3566,3899,7465
13643,20200922,5호선,영등포시장,8345,8500,16845
13644,20200922,5호선,영등포구청,3896,4044,7940
13645,20200922,5호선,양평,6926,6832,13758
13646,20200922,5호선,오목교,20683,22561,43244
13647,20200922,5호선,목동,16513,18051,34564
13648,20200922,5호선,신정,13449,10492,23941
13649,20200922,5호선,까치산,27916,26630,54546
13650,20200922,5호선,화곡,26803,24908,51711
13651,20200922,5호선,우장산,13546,13380,26926
13652,20200922,5호선,발산,17601,17879,35480
13653,20200922,5호선,마곡,8378,8145,16523
13654,20200922,5호선,송정,6472,5999,12471
13655,20200922,5호선,김포공항,5675,5281,10956
13656,20200922,5호선,개화산,4921,4713,9634
13657,20200922,5호선,방화,6488,6155,12643
13658,20200923,5호선,방화,6493,6142,12635
13659,20200923,5호선,개화산,4960,4693,9653
13660,20200923,5호선,김포공항,5602,5483,11085
13661,20200923,5호선,송정,6445,6013,12458
13662,20200923,5호선,마곡,8411,8146,16557
13663,20200923,5호선,발산,18156,18712,36868
13664,20200923,5호선,우장산,13691,13468,27159
13665,20200923,5호선,화곡,26977,24964,51941
13666,20200923,5호선,까치산,28117,26535,54652
13667,20200923,5호선,신정,13728,10741,24469
13668,20200923,5호선,목동,16454,17991,34445
13669,20200923,5호선,오목교,20563,22355,42918
13670,20200923,5호선,양평,7054,7006,14060
13671,20200923,5호선,영등포구청,3999,4119,8118
13672,20200923,5호선,영등포시장,8481,8759,17240
13673,20200923,5호선,신길,3626,3830,7456
13674,20200923,5호선,여의도,24337,26003,50340
13675,20200923,5호선,여의나루,7238,7356,14594
13676,20200923,5호선,마포,13639,14213,27852
13677,20200923,5호선,공덕,13451,14483,27934
13678,20200923,5호선,애오개,6727,6685,13412
13679,20200923,5호선,충정로,4655,4737,9392
13680,20200923,5호선,서대문,16865,17112,33977
13681,20200923,5호선,광화문,28094,29646,57740
13682,20200923,5호선,종로3가,10715,10595,21310
13683,20200923,5호선,을지로4가,5754,5979,11733
13684,20200923,5호선,동대문역사문화공원,2742,3237,5979
13685,20200923,5호선,청구,3984,3761,7745
13686,20200923,5호선,신금호,5998,6085,12083
13687,20200923,5호선,행당,7828,6993,14821
13688,20200923,5호선,왕십리,4231,4519,8750
13689,20200923,5호선,마장,5602,5316,10918
13690,20200923,5호선,답십리,15300,14090,29390
13691,20200923,5호선,장한평,17328,17068,34396
13692,20200923,5호선,군자,10390,11255,21645
13693,20200923,5호선,아차산,13665,13292,26957
13694,20200923,5호선,광나루,12264,11071,23335
13695,20200923,5호선,천호,16665,17028,33693
13696,20200923,5호선,강동,18257,16864,35121
13697,20200923,5호선,길동,7127,7429,14556
13698,20200923,5호선,굽은다리,8639,8171,16810
13699,20200923,5호선,명일,7991,8235,16226
13700,20200923,5호선,고덕,8386,8240,16626
13701,20200923,5호선,상일동,15091,13162,28253
13702,20200923,5호선,둔촌동,7759,7806,15565
13703,20200923,5호선,올림픽공원,4055,3519,7574
13704,20200923,5호선,방이,6393,6621,13014
13705,20200923,5호선,오금,3625,3640,7265
13706,20200923,5호선,개롱,6098,6205,12303
13707,20200923,5호선,거여,7597,7171,14768
13708,20200923,5호선,마천,5515,5450,10965
13709,20200923,5호선,미사,10813,10694,21507
13710,20200923,5호선,하남풍산,3958,3922,7880
13711,20200924,5호선,하남풍산,4153,4078,8231
13712,20200924,5호선,미사,10987,10677,21664
13713,20200924,5호선,마천,5503,5486,10989
13714,20200924,5호선,거여,7726,7201,14927
13715,20200924,5호선,개롱,6049,6058,12107
13716,20200924,5호선,오금,3691,3694,7385
13717,20200924,5호선,방이,6528,6748,13276
13718,20200924,5호선,올림픽공원,3931,3437,7368
13719,20200924,5호선,둔촌동,7767,7766,15533
13720,20200924,5호선,상일동,15151,13134,28285
13721,20200924,5호선,고덕,8543,8251,16794
13722,20200924,5호선,명일,7790,8106,15896
13723,20200924,5호선,굽은다리,8714,8086,16800
13724,20200924,5호선,길동,7238,7496,14734
13725,20200924,5호선,강동,18306,16898,35204
13726,20200924,5호선,천호,16473,16913,33386
13727,20200924,5호선,광나루,12256,11149,23405
13728,20200924,5호선,아차산,13621,13390,27011
13729,20200924,5호선,군자,10434,11147,21581
13730,20200924,5호선,장한평,17327,16989,34316
13731,20200924,5호선,답십리,15486,14044,29530
13732,20200924,5호선,마장,5616,5287,10903
13733,20200924,5호선,왕십리,4208,4733,8941
13734,20200924,5호선,행당,7917,6792,14709
13735,20200924,5호선,신금호,6168,6222,12390
13736,20200924,5호선,청구,3957,3702,7659
13737,20200924,5호선,동대문역사문화공원,2799,3218,6017
13738,20200924,5호선,을지로4가,5676,6019,11695
13739,20200924,5호선,종로3가,10630,10849,21479
13740,20200924,5호선,광화문,28184,30030,58214
13741,20200924,5호선,서대문,16977,17404,34381
13742,20200924,5호선,충정로,4631,4811,9442
13743,20200924,5호선,애오개,6731,6768,13499
13744,20200924,5호선,공덕,13544,14405,27949
13745,20200924,5호선,마포,13628,14201,27829
13746,20200924,5호선,여의나루,6604,6789,13393
13747,20200924,5호선,여의도,24625,26374,50999
13748,20200924,5호선,신길,3635,3914,7549
13749,20200924,5호선,영등포시장,8373,8625,16998
13750,20200924,5호선,영등포구청,3964,4019,7983
13751,20200924,5호선,양평,7219,7176,14395
13752,20200924,5호선,오목교,20964,23016,43980
13753,20200924,5호선,목동,16625,18118,34743
13754,20200924,5호선,신정,13553,10512,24065
13755,20200924,5호선,까치산,28068,26580,54648
13756,20200924,5호선,화곡,27106,24860,51966
13757,20200924,5호선,우장산,13588,13202,26790
13758,20200924,5호선,발산,17742,18401,36143
13759,20200924,5호선,마곡,8518,8320,16838
13760,20200924,5호선,송정,6643,6124,12767
13761,20200924,5호선,김포공항,5730,5902,11632
13762,20200924,5호선,개화산,4959,4650,9609
13763,20200924,5호선,방화,6422,6145,12567
13764,20200925,5호선,하남풍산,4296,4323,8619
13765,20200925,5호선,미사,11342,11132,22474
13766,20200925,5호선,마천,5720,5462,11182
13767,20200925,5호선,거여,7872,7344,15216
13768,20200925,5호선,개롱,6282,6355,12637
13769,20200925,5호선,오금,3702,3590,7292
13770,20200925,5호선,방이,6698,6965,13663
13771,20200925,5호선,올림픽공원,4218,3492,7710
13772,20200925,5호선,둔촌동,8136,8084,16220
13773,20200925,5호선,상일동,15699,13359,29058
13774,20200925,5호선,고덕,8785,8403,17188
13775,20200925,5호선,명일,8267,8484,16751
13776,20200925,5호선,굽은다리,9100,8495,17595
13777,20200925,5호선,길동,7539,7944,15483
13778,20200925,5호선,강동,18761,16925,35686
13779,20200925,5호선,천호,17638,18264,35902
13780,20200925,5호선,광나루,12852,11340,24192
13781,20200925,5호선,아차산,14106,13534,27640
13782,20200925,5호선,군자,10786,11851,22637
13783,20200925,5호선,장한평,17716,17271,34987
13784,20200925,5호선,답십리,15815,14288,30103
13785,20200925,5호선,마장,5862,5442,11304
13786,20200925,5호선,왕십리,4338,5016,9354
13787,20200925,5호선,행당,7947,6816,14763
13788,20200925,5호선,신금호,6311,6243,12554
13789,20200925,5호선,청구,4059,3786,7845
13790,20200925,5호선,동대문역사문화공원,2754,3224,5978
13791,20200925,5호선,을지로4가,5865,6121,11986
13792,20200925,5호선,종로3가,11296,11726,23022
13793,20200925,5호선,광화문,28221,29944,58165
13794,20200925,5호선,서대문,17079,17208,34287
13795,20200925,5호선,충정로,4781,4663,9444
13796,20200925,5호선,애오개,6924,6819,13743
13797,20200925,5호선,공덕,13895,15068,28963
13798,20200925,5호선,마포,13661,14584,28245
13799,20200925,5호선,여의나루,7045,7367,14412
13800,20200925,5호선,여의도,24260,25825,50085
13801,20200925,5호선,신길,3690,3921,7611
13802,20200925,5호선,영등포시장,8644,8907,17551
13803,20200925,5호선,영등포구청,4021,4048,8069
13804,20200925,5호선,양평,7144,7049,14193
13805,20200925,5호선,오목교,21755,23885,45640
13806,20200925,5호선,목동,16959,18504,35463
13807,20200925,5호선,신정,14005,10509,24514
13808,20200925,5호선,까치산,28817,27086,55903
13809,20200925,5호선,화곡,27785,25462,53247
13810,20200925,5호선,우장산,14218,13696,27914
13811,20200925,5호선,발산,17451,18541,35992
13812,20200925,5호선,마곡,8770,8354,17124
13813,20200925,5호선,송정,6867,6329,13196
13814,20200925,5호선,김포공항,6272,6496,12768
13815,20200925,5호선,개화산,5183,4788,9971
13816,20200925,5호선,방화,6681,6237,12918
13817,20200926,5호선,방화,4786,4351,9137
13818,20200926,5호선,개화산,3342,3260,6602
13819,20200926,5호선,김포공항,5481,5862,11343
13820,20200926,5호선,송정,4536,4348,8884
13821,20200926,5호선,마곡,3804,3789,7593
13822,20200926,5호선,발산,10289,11096,21385
13823,20200926,5호선,우장산,8435,8398,16833
13824,20200926,5호선,화곡,17673,15984,33657
13825,20200926,5호선,까치산,19354,17932,37286
13826,20200926,5호선,신정,8010,6589,14599
13827,20200926,5호선,목동,9777,10267,20044
13828,20200926,5호선,오목교,14698,15298,29996
13829,20200926,5호선,양평,3229,3046,6275
13830,20200926,5호선,영등포구청,1773,1713,3486
13831,20200926,5호선,영등포시장,5610,5874,11484
13832,20200926,5호선,신길,2059,2169,4228
13833,20200926,5호선,여의도,7151,7825,14976
13834,20200926,5호선,여의나루,6269,6188,12457
13835,20200926,5호선,마포,6255,6356,12611
13836,20200926,5호선,공덕,6110,6523,12633
13837,20200926,5호선,애오개,3438,3237,6675
13838,20200926,5호선,충정로,1770,1603,3373
13839,20200926,5호선,서대문,5686,5602,11288
13840,20200926,5호선,광화문,11040,11185,22225
13841,20200926,5호선,종로3가,9097,10142,19239
13842,20200926,5호선,을지로4가,3000,3360,6360
13843,20200926,5호선,동대문역사문화공원,839,1123,1962
13844,20200926,5호선,청구,2238,2137,4375
13845,20200926,5호선,신금호,3699,3631,7330
13846,20200926,5호선,행당,5366,4626,9992
13847,20200926,5호선,왕십리,3101,3596,6697
13848,20200926,5호선,마장,4099,3912,8011
13849,20200926,5호선,답십리,9100,8222,17322
13850,20200926,5호선,장한평,9731,9389,19120
13851,20200926,5호선,군자,7579,7970,15549
13852,20200926,5호선,아차산,10753,10568,21321
13853,20200926,5호선,광나루,8618,8227,16845
13854,20200926,5호선,천호,14728,14433,29161
13855,20200926,5호선,강동,11619,10545,22164
13856,20200926,5호선,길동,5193,5258,10451
13857,20200926,5호선,굽은다리,6533,5891,12424
13858,20200926,5호선,명일,5190,5004,10194
13859,20200926,5호선,고덕,5103,4948,10051
13860,20200926,5호선,상일동,8846,7677,16523
13861,20200926,5호선,둔촌동,5505,5383,10888
13862,20200926,5호선,올림픽공원,2712,2383,5095
13863,20200926,5호선,방이,4377,4282,8659
13864,20200926,5호선,오금,2051,1849,3900
13865,20200926,5호선,개롱,3806,3836,7642
13866,20200926,5호선,거여,4822,4658,9480
13867,20200926,5호선,마천,4005,3982,7987
13868,20200926,5호선,미사,7807,7640,15447
13869,20200926,5호선,하남풍산,2978,3214,6192
13870,20200927,5호선,하남풍산,2222,2429,4651
13871,20200927,5호선,미사,5251,5231,10482
13872,20200927,5호선,마천,2812,2982,5794
13873,20200927,5호선,거여,2982,2962,5944
13874,20200927,5호선,개롱,2582,2847,5429
13875,20200927,5호선,오금,1414,1245,2659
13876,20200927,5호선,방이,3168,3011,6179
13877,20200927,5호선,올림픽공원,1747,1672,3419
13878,20200927,5호선,둔촌동,3723,3813,7536
13879,20200927,5호선,상일동,5586,5196,10782
13880,20200927,5호선,고덕,3412,3364,6776
13881,20200927,5호선,명일,3415,3388,6803
13882,20200927,5호선,굽은다리,4029,3776,7805
13883,20200927,5호선,길동,3360,3519,6879
13884,20200927,5호선,강동,7643,7181,14824
13885,20200927,5호선,천호,10352,9954,20306
13886,20200927,5호선,광나루,6420,6166,12586
13887,20200927,5호선,아차산,8460,8598,17058
13888,20200927,5호선,군자,4946,5340,10286
13889,20200927,5호선,장한평,5908,5704,11612
13890,20200927,5호선,답십리,6075,5408,11483
13891,20200927,5호선,마장,2934,2930,5864
13892,20200927,5호선,왕십리,1983,2193,4176
13893,20200927,5호선,행당,3446,3096,6542
13894,20200927,5호선,신금호,2336,2620,4956
13895,20200927,5호선,청구,1546,1391,2937
13896,20200927,5호선,동대문역사문화공원,544,680,1224
13897,20200927,5호선,을지로4가,1246,1298,2544
13898,20200927,5호선,종로3가,6347,5954,12301
13899,20200927,5호선,광화문,8028,7884,15912
13900,20200927,5호선,서대문,3743,3739,7482
13901,20200927,5호선,충정로,1118,1143,2261
13902,20200927,5호선,애오개,2188,2163,4351
13903,20200927,5호선,공덕,3405,3537,6942
13904,20200927,5호선,마포,3902,3727,7629
13905,20200927,5호선,여의나루,5390,5394,10784
13906,20200927,5호선,여의도,4378,4760,9138
13907,20200927,5호선,신길,1375,1514,2889
13908,20200927,5호선,영등포시장,3325,3404,6729
13909,20200927,5호선,영등포구청,1116,1083,2199
13910,20200927,5호선,양평,2139,1963,4102
13911,20200927,5호선,오목교,10024,10392,20416
13912,20200927,5호선,목동,6369,6447,12816
13913,20200927,5호선,신정,5220,4733,9953
13914,20200927,5호선,까치산,13202,12764,25966
13915,20200927,5호선,화곡,11649,10856,22505
13916,20200927,5호선,우장산,5555,5608,11163
13917,20200927,5호선,발산,6917,7006,13923
13918,20200927,5호선,마곡,2301,2383,4684
13919,20200927,5호선,송정,3165,3146,6311
13920,20200927,5호선,김포공항,5131,5178,10309
13921,20200927,5호선,개화산,2245,2330,4575
13922,20200927,5호선,방화,3244,3167,6411
13923,20200928,5호선,방화,6466,6191,12657
13924,20200928,5호선,개화산,5006,4685,9691
13925,20200928,5호선,김포공항,5883,6283,12166
13926,20200928,5호선,송정,6690,6165,12855
13927,20200928,5호선,마곡,8540,8221,16761
13928,20200928,5호선,발산,17160,17790,34950
13929,20200928,5호선,우장산,14042,13783,27825
13930,20200928,5호선,화곡,27580,25204,52784
13931,20200928,5호선,까치산,28434,26714,55148
13932,20200928,5호선,신정,13607,10558,24165
13933,20200928,5호선,목동,16501,18057,34558
13934,20200928,5호선,오목교,21114,23084,44198
13935,20200928,5호선,양평,6904,6988,13892
13936,20200928,5호선,영등포구청,4111,4094,8205
13937,20200928,5호선,영등포시장,8489,8677,17166
13938,20200928,5호선,신길,3585,3785,7370
13939,20200928,5호선,여의도,24430,26043,50473
13940,20200928,5호선,여의나루,6958,7288,14246
13941,20200928,5호선,마포,13458,13997,27455
13942,20200928,5호선,공덕,13536,14468,28004
13943,20200928,5호선,애오개,6603,6554,13157
13944,20200928,5호선,충정로,4625,4788,9413
13945,20200928,5호선,서대문,16839,17149,33988
13946,20200928,5호선,광화문,27936,29384,57320
13947,20200928,5호선,종로3가,10311,10535,20846
13948,20200928,5호선,을지로4가,5586,5883,11469
13949,20200928,5호선,동대문역사문화공원,2601,3058,5659
13950,20200928,5호선,청구,4012,3667,7679
13951,20200928,5호선,신금호,6176,6170,12346
13952,20200928,5호선,행당,7721,6816,14537
13953,20200928,5호선,왕십리,4432,4937,9369
13954,20200928,5호선,마장,5975,5578,11553
13955,20200928,5호선,답십리,15361,13895,29256
13956,20200928,5호선,장한평,17173,16965,34138
13957,20200928,5호선,군자,10395,11101,21496
13958,20200928,5호선,아차산,13439,13039,26478
13959,20200928,5호선,광나루,12273,11060,23333
13960,20200928,5호선,천호,17092,17585,34677
13961,20200928,5호선,강동,18197,16730,34927
13962,20200928,5호선,길동,7522,7634,15156
13963,20200928,5호선,굽은다리,8967,8445,17412
13964,20200928,5호선,명일,8058,8275,16333
13965,20200928,5호선,고덕,8581,8316,16897
13966,20200928,5호선,상일동,15222,12942,28164
13967,20200928,5호선,둔촌동,7782,7839,15621
13968,20200928,5호선,올림픽공원,4131,3587,7718
13969,20200928,5호선,방이,6363,6744,13107
13970,20200928,5호선,오금,3574,3608,7182
13971,20200928,5호선,개롱,5987,6168,12155
13972,20200928,5호선,거여,7717,7309,15026
13973,20200928,5호선,마천,5483,5315,10798
13974,20200928,5호선,미사,10807,10544,21351
13975,20200928,5호선,하남풍산,4228,4126,8354
13976,20200929,5호선,방화,6346,5875,12221
13977,20200929,5호선,개화산,4756,4404,9160
13978,20200929,5호선,김포공항,6354,7565,13919
13979,20200929,5호선,송정,6574,5942,12516
13980,20200929,5호선,마곡,7882,7562,15444
13981,20200929,5호선,발산,16634,17205,33839
13982,20200929,5호선,우장산,13847,13663,27510
13983,20200929,5호선,화곡,26872,23945,50817
13984,20200929,5호선,까치산,27791,25690,53481
13985,20200929,5호선,신정,13382,10045,23427
13986,20200929,5호선,목동,15935,17120,33055
13987,20200929,5호선,오목교,20969,23773,44742
13988,20200929,5호선,양평,6601,6306,12907
13989,20200929,5호선,영등포구청,3882,3741,7623
13990,20200929,5호선,영등포시장,8238,8299,16537
13991,20200929,5호선,신길,3495,3464,6959
13992,20200929,5호선,여의도,22939,24140,47079
13993,20200929,5호선,여의나루,6657,6629,13286
13994,20200929,5호선,마포,12681,13017,25698
13995,20200929,5호선,공덕,12707,13798,26505
13996,20200929,5호선,애오개,6154,6052,12206
13997,20200929,5호선,충정로,4474,4433,8907
13998,20200929,5호선,서대문,16232,16372,32604
13999,20200929,5호선,광화문,26194,27390,53584
14000,20200929,5호선,종로3가,10093,10877,20970
14001,20200929,5호선,을지로4가,5128,5431,10559
14002,20200929,5호선,동대문역사문화공원,2454,2824,5278
14003,20200929,5호선,청구,3697,3423,7120
14004,20200929,5호선,신금호,5831,5808,11639
14005,20200929,5호선,행당,7561,6402,13963
14006,20200929,5호선,왕십리,4238,4918,9156
14007,20200929,5호선,마장,5858,5483,11341
14008,20200929,5호선,답십리,14806,13170,27976
14009,20200929,5호선,장한평,16337,15948,32285
14010,20200929,5호선,군자,10272,10759,21031
14011,20200929,5호선,아차산,13418,12489,25907
14012,20200929,5호선,광나루,11783,10646,22429
14013,20200929,5호선,천호,17360,17926,35286
14014,20200929,5호선,강동,17449,15639,33088
14015,20200929,5호선,길동,7377,7795,15172
14016,20200929,5호선,굽은다리,8796,8156,16952
14017,20200929,5호선,명일,7661,7872,15533
14018,20200929,5호선,고덕,8489,8216,16705
14019,20200929,5호선,상일동,14334,12313,26647
14020,20200929,5호선,둔촌동,7633,7635,15268
14021,20200929,5호선,올림픽공원,3901,3395,7296
14022,20200929,5호선,방이,6222,6457,12679
14023,20200929,5호선,오금,3436,3444,6880
14024,20200929,5호선,개롱,5849,5949,11798
14025,20200929,5호선,거여,7323,6907,14230
14026,20200929,5호선,마천,5292,5175,10467
14027,20200929,5호선,미사,10524,10117,20641
14028,20200929,5호선,하남풍산,4010,4065,8075
14029,20200930,5호선,하남풍산,1904,2128,4032
14030,20200930,5호선,미사,4579,4034,8613
14031,20200930,5호선,마천,2313,2532,4845
14032,20200930,5호선,거여,2577,2500,5077
14033,20200930,5호선,개롱,2143,2309,4452
14034,20200930,5호선,오금,1075,1007,2082
14035,20200930,5호선,방이,2409,2329,4738
14036,20200930,5호선,올림픽공원,1621,1465,3086
14037,20200930,5호선,둔촌동,3164,3196,6360
14038,20200930,5호선,상일동,4780,4474,9254
14039,20200930,5호선,고덕,2837,2866,5703
14040,20200930,5호선,명일,2784,2834,5618
14041,20200930,5호선,굽은다리,3832,3442,7274
14042,20200930,5호선,길동,3204,3207,6411
14043,20200930,5호선,강동,6560,5807,12367
14044,20200930,5호선,천호,7916,7580,15496
14045,20200930,5호선,광나루,4740,4585,9325
14046,20200930,5호선,아차산,6612,6295,12907
14047,20200930,5호선,군자,4245,4277,8522
14048,20200930,5호선,장한평,5338,4746,10084
14049,20200930,5호선,답십리,5341,4565,9906
14050,20200930,5호선,마장,2505,2515,5020
14051,20200930,5호선,왕십리,1791,2058,3849
14052,20200930,5호선,행당,2896,2433,5329
14053,20200930,5호선,신금호,2187,2146,4333
14054,20200930,5호선,청구,1410,1234,2644
14055,20200930,5호선,동대문역사문화공원,456,535,991
14056,20200930,5호선,을지로4가,1007,1115,2122
14057,20200930,5호선,종로3가,5358,5175,10533
14058,20200930,5호선,광화문,6912,6674,13586
14059,20200930,5호선,서대문,3222,2920,6142
14060,20200930,5호선,충정로,1000,905,1905
14061,20200930,5호선,애오개,1928,1751,3679
14062,20200930,5호선,공덕,3166,3140,6306
14063,20200930,5호선,마포,3247,3171,6418
14064,20200930,5호선,여의나루,2816,2773,5589
14065,20200930,5호선,여의도,3431,3685,7116
14066,20200930,5호선,신길,1131,989,2120
14067,20200930,5호선,영등포시장,2876,2604,5480
14068,20200930,5호선,영등포구청,1011,864,1875
14069,20200930,5호선,양평,2003,1589,3592
14070,20200930,5호선,오목교,7129,7510,14639
14071,20200930,5호선,목동,5664,5636,11300
14072,20200930,5호선,신정,4736,3963,8699
14073,20200930,5호선,까치산,12531,10888,23419
14074,20200930,5호선,화곡,10661,9163,19824
14075,20200930,5호선,우장산,5220,5220,10440
14076,20200930,5호선,발산,5404,5528,10932
14077,20200930,5호선,마곡,2146,2045,4191
14078,20200930,5호선,송정,3063,2864,5927
14079,20200930,5호선,김포공항,4726,6121,10847
14080,20200930,5호선,개화산,2025,1992,4017
14081,20200930,5호선,방화,2694,2557,5251
14082,20201001,5호선,방화,2101,1955,4056
14083,20201001,5호선,개화산,1781,1627,3408
14084,20201001,5호선,김포공항,3636,4320,7956
14085,20201001,5호선,송정,2430,2293,4723
14086,20201001,5호선,마곡,1361,1279,2640
14087,20201001,5호선,발산,3236,3417,6653
14088,20201001,5호선,우장산,3165,3221,6386
14089,20201001,5호선,화곡,7733,7239,14972
14090,20201001,5호선,까치산,8994,8779,17773
14091,20201001,5호선,신정,3542,3149,6691
14092,20201001,5호선,목동,4218,4233,8451
14093,20201001,5호선,오목교,4067,4441,8508
14094,20201001,5호선,양평,1206,1148,2354
14095,20201001,5호선,영등포구청,689,588,1277
14096,20201001,5호선,영등포시장,1713,1747,3460
14097,20201001,5호선,신길,785,887,1672
14098,20201001,5호선,여의도,2390,2613,5003
14099,20201001,5호선,여의나루,4136,4049,8185
14100,20201001,5호선,마포,2215,2276,4491
14101,20201001,5호선,공덕,2037,2027,4064
14102,20201001,5호선,애오개,1314,1305,2619
14103,20201001,5호선,충정로,722,695,1417
14104,20201001,5호선,서대문,2398,2235,4633
14105,20201001,5호선,광화문,4479,4293,8772
14106,20201001,5호선,종로3가,3443,3726,7169
14107,20201001,5호선,을지로4가,408,398,806
14108,20201001,5호선,동대문역사문화공원,314,395,709
14109,20201001,5호선,청구,1038,983,2021
14110,20201001,5호선,신금호,1707,1805,3512
14111,20201001,5호선,행당,2187,1869,4056
14112,20201001,5호선,왕십리,1289,1471,2760
14113,20201001,5호선,마장,1489,1417,2906
14114,20201001,5호선,답십리,3902,3699,7601
14115,20201001,5호선,장한평,3710,3584,7294
14116,20201001,5호선,군자,3130,3417,6547
14117,20201001,5호선,아차산,5200,5019,10219
14118,20201001,5호선,광나루,3706,3437,7143
14119,20201001,5호선,천호,4993,5137,10130
14120,20201001,5호선,강동,4947,4632,9579
14121,20201001,5호선,길동,2036,2040,4076
14122,20201001,5호선,굽은다리,2566,2511,5077
14123,20201001,5호선,명일,1881,1909,3790
14124,20201001,5호선,고덕,1846,1752,3598
14125,20201001,5호선,상일동,3499,3289,6788
14126,20201001,5호선,둔촌동,1897,1857,3754
14127,20201001,5호선,올림픽공원,1116,1106,2222
14128,20201001,5호선,방이,1470,1477,2947
14129,20201001,5호선,오금,750,733,1483
14130,20201001,5호선,개롱,1495,1594,3089
14131,20201001,5호선,거여,1953,1924,3877
14132,20201001,5호선,마천,1739,1812,3551
14133,20201001,5호선,미사,3344,3304,6648
14134,20201001,5호선,하남풍산,1492,1558,3050
14135,20201002,5호선,하남풍산,2130,2204,4334
14136,20201002,5호선,미사,4396,4498,8894
14137,20201002,5호선,마천,2319,2406,4725
14138,20201002,5호선,거여,2504,2305,4809
14139,20201002,5호선,개롱,2113,2152,4265
14140,20201002,5호선,오금,1008,946,1954
14141,20201002,5호선,방이,2265,2266,4531
14142,20201002,5호선,올림픽공원,1585,1414,2999
14143,20201002,5호선,둔촌동,2639,2799,5438
14144,20201002,5호선,상일동,5135,4173,9308
14145,20201002,5호선,고덕,2788,2646,5434
14146,20201002,5호선,명일,2709,2672,5381
14147,20201002,5호선,굽은다리,3680,3412,7092
14148,20201002,5호선,길동,2621,2786,5407
14149,20201002,5호선,강동,6197,5849,12046
14150,20201002,5호선,천호,8866,8889,17755
14151,20201002,5호선,광나루,5379,5171,10550
14152,20201002,5호선,아차산,7005,7041,14046
14153,20201002,5호선,군자,3916,4455,8371
14154,20201002,5호선,장한평,4728,4656,9384
14155,20201002,5호선,답십리,4976,4543,9519
14156,20201002,5호선,마장,1843,1767,3610
14157,20201002,5호선,왕십리,1576,2031,3607
14158,20201002,5호선,행당,2754,2260,5014
14159,20201002,5호선,신금호,2137,2153,4290
14160,20201002,5호선,청구,1227,1171,2398
14161,20201002,5호선,동대문역사문화공원,411,573,984
14162,20201002,5호선,을지로4가,803,888,1691
14163,20201002,5호선,종로3가,5889,6551,12440
14164,20201002,5호선,광화문,7641,7481,15122
14165,20201002,5호선,서대문,2890,2937,5827
14166,20201002,5호선,충정로,856,870,1726
14167,20201002,5호선,애오개,1744,1694,3438
14168,20201002,5호선,공덕,2881,3130,6011
14169,20201002,5호선,마포,3116,3299,6415
14170,20201002,5호선,여의나루,3371,3327,6698
14171,20201002,5호선,여의도,3205,3645,6850
14172,20201002,5호선,신길,945,1141,2086
14173,20201002,5호선,영등포시장,2444,2671,5115
14174,20201002,5호선,영등포구청,825,857,1682
14175,20201002,5호선,양평,1518,1642,3160
14176,20201002,5호선,오목교,8234,8735,16969
14177,20201002,5호선,목동,5385,5455,10840
14178,20201002,5호선,신정,4461,3757,8218
14179,20201002,5호선,까치산,11102,10691,21793
14180,20201002,5호선,화곡,10064,9373,19437
14181,20201002,5호선,우장산,4526,4343,8869
14182,20201002,5호선,발산,5201,5839,11040
14183,20201002,5호선,마곡,1909,1891,3800
14184,20201002,5호선,송정,2743,2789,5532
14185,20201002,5호선,김포공항,5363,4844,10207
14186,20201002,5호선,개화산,2048,2026,4074
14187,20201002,5호선,방화,2557,2423,4980
14188,20201003,5호선,하남풍산,2415,2477,4892
14189,20201003,5호선,미사,5496,5561,11057
14190,20201003,5호선,마천,2912,3040,5952
14191,20201003,5호선,거여,2934,2956,5890
14192,20201003,5호선,개롱,2655,2726,5381
14193,20201003,5호선,오금,1306,1182,2488
14194,20201003,5호선,방이,3153,3084,6237
14195,20201003,5호선,올림픽공원,2075,2033,4108
14196,20201003,5호선,둔촌동,3425,3472,6897
14197,20201003,5호선,상일동,6072,5190,11262
14198,20201003,5호선,고덕,3382,3136,6518
14199,20201003,5호선,명일,3358,3378,6736
14200,20201003,5호선,굽은다리,4460,4160,8620
14201,20201003,5호선,길동,3249,3455,6704
14202,20201003,5호선,강동,7431,7124,14555
14203,20201003,5호선,천호,10384,10480,20864
14204,20201003,5호선,광나루,6589,6410,12999
14205,20201003,5호선,아차산,8906,9075,17981
14206,20201003,5호선,군자,4913,5718,10631
14207,20201003,5호선,장한평,5870,5873,11743
14208,20201003,5호선,답십리,6062,5696,11758
14209,20201003,5호선,마장,2242,2191,4433
14210,20201003,5호선,왕십리,2169,2581,4750
14211,20201003,5호선,행당,3458,2892,6350
14212,20201003,5호선,신금호,2438,2478,4916
14213,20201003,5호선,청구,1532,1492,3024
14214,20201003,5호선,동대문역사문화공원,498,634,1132
14215,20201003,5호선,을지로4가,1422,1542,2964
14216,20201003,5호선,종로3가,7591,9158,16749
14217,20201003,5호선,광화문,2475,1837,4312
14218,20201003,5호선,서대문,6847,5300,12147
14219,20201003,5호선,충정로,1452,1162,2614
14220,20201003,5호선,애오개,2241,2216,4457
14221,20201003,5호선,공덕,3728,4079,7807
14222,20201003,5호선,마포,4162,4169,8331
14223,20201003,5호선,여의나루,5088,5353,10441
14224,20201003,5호선,여의도,4225,4766,8991
14225,20201003,5호선,신길,1194,1422,2616
14226,20201003,5호선,영등포시장,3145,3458,6603
14227,20201003,5호선,영등포구청,1111,1123,2234
14228,20201003,5호선,양평,1956,2050,4006
14229,20201003,5호선,오목교,9719,10320,20039
14230,20201003,5호선,목동,6546,6652,13198
14231,20201003,5호선,신정,5349,4523,9872
14232,20201003,5호선,까치산,13380,13158,26538
14233,20201003,5호선,화곡,11928,11261,23189
14234,20201003,5호선,우장산,5540,5539,11079
14235,20201003,5호선,발산,6488,7449,13937
14236,20201003,5호선,마곡,2368,2427,4795
14237,20201003,5호선,송정,3302,3369,6671
14238,20201003,5호선,김포공항,6358,4842,11200
14239,20201003,5호선,개화산,2403,2421,4824
14240,20201003,5호선,방화,3138,2989,6127
14241,20201004,5호선,방화,2794,2857,5651
14242,20201004,5호선,개화산,2164,2256,4420
14243,20201004,5호선,김포공항,6552,5130,11682
14244,20201004,5호선,송정,2935,3049,5984
14245,20201004,5호선,마곡,2127,2223,4350
14246,20201004,5호선,발산,5909,6384,12293
14247,20201004,5호선,우장산,4985,5267,10252
14248,20201004,5호선,화곡,10643,10104,20747
14249,20201004,5호선,까치산,11957,12006,23963
14250,20201004,5호선,신정,4764,4271,9035
14251,20201004,5호선,목동,5828,6110,11938
14252,20201004,5호선,오목교,8962,9172,18134
14253,20201004,5호선,양평,1831,2091,3922
14254,20201004,5호선,영등포구청,1088,1069,2157
14255,20201004,5호선,영등포시장,2808,3040,5848
14256,20201004,5호선,신길,1160,1477,2637
14257,20201004,5호선,여의도,3840,4060,7900
14258,20201004,5호선,여의나루,3819,4021,7840
14259,20201004,5호선,마포,3329,3460,6789
14260,20201004,5호선,공덕,3206,3263,6469
14261,20201004,5호선,애오개,1921,1999,3920
14262,20201004,5호선,충정로,1040,1133,2173
14263,20201004,5호선,서대문,3295,3381,6676
14264,20201004,5호선,광화문,7167,6845,14012
14265,20201004,5호선,종로3가,6026,5639,11665
14266,20201004,5호선,을지로4가,967,991,1958
14267,20201004,5호선,동대문역사문화공원,409,511,920
14268,20201004,5호선,청구,1335,1318,2653
14269,20201004,5호선,신금호,2143,2401,4544
14270,20201004,5호선,행당,2959,2748,5707
14271,20201004,5호선,왕십리,1897,2174,4071
14272,20201004,5호선,마장,2132,1967,4099
14273,20201004,5호선,답십리,5489,5264,10753
14274,20201004,5호선,장한평,5184,5284,10468
14275,20201004,5호선,군자,4413,4975,9388
14276,20201004,5호선,아차산,8242,8515,16757
14277,20201004,5호선,광나루,6074,5911,11985
14278,20201004,5호선,천호,9424,9157,18581
14279,20201004,5호선,강동,6839,6908,13747
14280,20201004,5호선,길동,2947,3055,6002
14281,20201004,5호선,굽은다리,3936,3681,7617
14282,20201004,5호선,명일,3089,2995,6084
14283,20201004,5호선,고덕,3028,3060,6088
14284,20201004,5호선,상일동,5008,4646,9654
14285,20201004,5호선,둔촌동,3217,3353,6570
14286,20201004,5호선,올림픽공원,1900,1995,3895
14287,20201004,5호선,방이,3043,2934,5977
14288,20201004,5호선,오금,1143,1116,2259
14289,20201004,5호선,개롱,2302,2473,4775
14290,20201004,5호선,거여,2859,2864,5723
14291,20201004,5호선,마천,2701,2970,5671
14292,20201004,5호선,미사,4621,4750,9371
14293,20201004,5호선,하남풍산,2009,2125,4134
14294,20201005,5호선,장한평,17006,16911,33917
14295,20201005,5호선,군자,10187,10857,21044
14296,20201005,5호선,아차산,13252,13126,26378
14297,20201005,5호선,광나루,12241,10980,23221
14298,20201005,5호선,천호,16423,16844,33267
14299,20201005,5호선,강동,18478,17008,35486
14300,20201005,5호선,길동,7372,7621,14993
14301,20201005,5호선,굽은다리,8609,8217,16826
14302,20201005,5호선,명일,7994,8404,16398
14303,20201005,5호선,고덕,8358,8202,16560
14304,20201005,5호선,상일동,14897,13249,28146
14305,20201005,5호선,둔촌동,7701,7722,15423
14306,20201005,5호선,올림픽공원,3990,3525,7515
14307,20201005,5호선,방이,6506,6727,13233
14308,20201005,5호선,오금,3603,3617,7220
14309,20201005,5호선,방화,6358,5997,12355
14310,20201005,5호선,개화산,5056,4756,9812
14311,20201005,5호선,김포공항,6323,5674,11997
14312,20201005,5호선,송정,6447,6157,12604
14313,20201005,5호선,마곡,8786,8478,17264
14314,20201005,5호선,발산,17999,18435,36434
14315,20201005,5호선,우장산,13637,13392,27029
14316,20201005,5호선,화곡,27153,25196,52349
14317,20201005,5호선,까치산,27793,26771,54564
14318,20201005,5호선,신정,13598,10601,24199
14319,20201005,5호선,목동,16302,17961,34263
14320,20201005,5호선,오목교,20793,22841,43634
14321,20201005,5호선,양평,6838,6962,13800
14322,20201005,5호선,영등포구청,3982,3986,7968
14323,20201005,5호선,영등포시장,8527,8722,17249
14324,20201005,5호선,신길,3535,3841,7376
14325,20201005,5호선,여의도,24750,25914,50664
14326,20201005,5호선,여의나루,7429,7739,15168
14327,20201005,5호선,마포,13136,13809,26945
14328,20201005,5호선,공덕,12399,13292,25691
14329,20201005,5호선,애오개,6321,6349,12670
14330,20201005,5호선,충정로,4575,4748,9323
14331,20201005,5호선,서대문,16835,17067,33902
14332,20201005,5호선,광화문,27234,28459,55693
14333,20201005,5호선,종로3가,10269,10166,20435
14334,20201005,5호선,을지로4가,5696,5871,11567
14335,20201005,5호선,동대문역사문화공원,2787,3166,5953
14336,20201005,5호선,청구,3899,3603,7502
14337,20201005,5호선,신금호,5984,6247,12231
14338,20201005,5호선,행당,7814,6906,14720
14339,20201005,5호선,왕십리,4115,4606,8721
14340,20201005,5호선,마장,5123,4696,9819
14341,20201005,5호선,답십리,15224,14074,29298
14342,20201005,5호선,개롱,6033,6343,12376
14343,20201005,5호선,거여,7553,7196,14749
14344,20201005,5호선,마천,5378,5238,10616
14345,20201005,5호선,미사,11002,10890,21892
14346,20201005,5호선,하남풍산,4083,4059,8142
14347,20201006,5호선,방화,6536,6273,12809
14348,20201006,5호선,개화산,5061,4726,9787
14349,20201006,5호선,김포공항,5811,5457,11268
14350,20201006,5호선,송정,6568,6079,12647
14351,20201006,5호선,마곡,8879,8484,17363
14352,20201006,5호선,발산,18347,18797,37144
14353,20201006,5호선,우장산,13831,13621,27452
14354,20201006,5호선,화곡,27560,25698,53258
14355,20201006,5호선,까치산,28567,27026,55593
14356,20201006,5호선,신정,13837,10767,24604
14357,20201006,5호선,목동,16773,18407,35180
14358,20201006,5호선,오목교,21271,23292,44563
14359,20201006,5호선,양평,7209,7031,14240
14360,20201006,5호선,영등포구청,4066,4079,8145
14361,20201006,5호선,영등포시장,8587,8747,17334
14362,20201006,5호선,신길,3733,3980,7713
14363,20201006,5호선,여의도,25403,26748,52151
14364,20201006,5호선,여의나루,7727,7819,15546
14365,20201006,5호선,마포,9852,12666,22518
14366,20201006,5호선,공덕,14919,15244,30163
14367,20201006,5호선,애오개,6727,6869,13596
14368,20201006,5호선,충정로,4900,4959,9859
14369,20201006,5호선,서대문,17143,17709,34852
14370,20201006,5호선,광화문,29032,30833,59865
14371,20201006,5호선,종로3가,10586,10609,21195
14372,20201006,5호선,을지로4가,5978,6033,12011
14373,20201006,5호선,동대문역사문화공원,2745,3271,6016
14374,20201006,5호선,청구,3925,3621,7546
14375,20201006,5호선,신금호,6146,6310,12456
14376,20201006,5호선,행당,8034,7038,15072
14377,20201006,5호선,왕십리,4136,4450,8586
14378,20201006,5호선,마장,5279,4850,10129
14379,20201006,5호선,답십리,15578,14343,29921
14380,20201006,5호선,장한평,17675,17414,35089
14381,20201006,5호선,군자,10440,11247,21687
14382,20201006,5호선,아차산,13878,13798,27676
14383,20201006,5호선,광나루,12580,11444,24024
14384,20201006,5호선,천호,17097,17558,34655
14385,20201006,5호선,강동,18799,17381,36180
14386,20201006,5호선,길동,7319,7635,14954
14387,20201006,5호선,굽은다리,8856,8403,17259
14388,20201006,5호선,명일,8085,8344,16429
14389,20201006,5호선,고덕,8795,8473,17268
14390,20201006,5호선,상일동,15533,13675,29208
14391,20201006,5호선,둔촌동,7764,7827,15591
14392,20201006,5호선,올림픽공원,4274,3670,7944
14393,20201006,5호선,방이,6802,7080,13882
14394,20201006,5호선,오금,3772,3692,7464
14395,20201006,5호선,개롱,6274,6432,12706
14396,20201006,5호선,거여,7762,7424,15186
14397,20201006,5호선,마천,5540,5484,11024
14398,20201006,5호선,미사,11127,11178,22305
14399,20201006,5호선,하남풍산,4292,4300,8592
14400,20201007,5호선,방화,6681,6279,12960
14401,20201007,5호선,개화산,5233,4848,10081
14402,20201007,5호선,김포공항,6056,6003,12059
14403,20201007,5호선,송정,6730,6188,12918
14404,20201007,5호선,마곡,8876,8624,17500
14405,20201007,5호선,발산,18554,19177,37731
14406,20201007,5호선,우장산,13889,13627,27516
14407,20201007,5호선,화곡,27911,25812,53723
14408,20201007,5호선,까치산,28797,27499,56296
14409,20201007,5호선,신정,14100,11004,25104
14410,20201007,5호선,목동,16977,18442,35419
14411,20201007,5호선,오목교,21602,23666,45268
14412,20201007,5호선,양평,7182,7114,14296
14413,20201007,5호선,영등포구청,4159,4328,8487
14414,20201007,5호선,영등포시장,8483,8872,17355
14415,20201007,5호선,신길,3777,4113,7890
14416,20201007,5호선,여의도,25382,27129,52511
14417,20201007,5호선,여의나루,7971,8207,16178
14418,20201007,5호선,마포,13509,14320,27829
14419,20201007,5호선,공덕,13830,14773,28603
14420,20201007,5호선,애오개,6782,6865,13647
14421,20201007,5호선,충정로,4786,5069,9855
14422,20201007,5호선,서대문,17334,17853,35187
14423,20201007,5호선,광화문,29443,30648,60091
14424,20201007,5호선,종로3가,11210,10919,22129
14425,20201007,5호선,을지로4가,5957,6004,11961
14426,20201007,5호선,동대문역사문화공원,2234,2398,4632
14427,20201007,5호선,청구,4023,3813,7836
14428,20201007,5호선,신금호,6185,6277,12462
14429,20201007,5호선,행당,8027,7335,15362
14430,20201007,5호선,왕십리,4365,4688,9053
14431,20201007,5호선,마장,5343,4988,10331
14432,20201007,5호선,답십리,15679,14246,29925
14433,20201007,5호선,장한평,17908,17709,35617
14434,20201007,5호선,군자,10649,11486,22135
14435,20201007,5호선,아차산,14043,13658,27701
14436,20201007,5호선,광나루,12530,11331,23861
14437,20201007,5호선,천호,17031,17546,34577
14438,20201007,5호선,강동,18831,17370,36201
14439,20201007,5호선,길동,7271,7567,14838
14440,20201007,5호선,굽은다리,8840,8240,17080
14441,20201007,5호선,명일,8292,8565,16857
14442,20201007,5호선,고덕,8675,8497,17172
14443,20201007,5호선,상일동,15561,13522,29083
14444,20201007,5호선,둔촌동,7916,7865,15781
14445,20201007,5호선,올림픽공원,4281,3693,7974
14446,20201007,5호선,방이,6684,6884,13568
14447,20201007,5호선,오금,3781,3744,7525
14448,20201007,5호선,개롱,6382,6553,12935
14449,20201007,5호선,거여,7946,7422,15368
14450,20201007,5호선,마천,5656,5552,11208
14451,20201007,5호선,미사,11343,11294,22637
14452,20201007,5호선,하남풍산,4240,4276,8516
14453,20201008,5호선,하남풍산,4402,4257,8659
14454,20201008,5호선,미사,11796,11596,23392
14455,20201008,5호선,마천,5658,5406,11064
14456,20201008,5호선,거여,7965,7491,15456
14457,20201008,5호선,개롱,6456,6540,12996
14458,20201008,5호선,오금,3795,3712,7507
14459,20201008,5호선,방이,6710,7070,13780
14460,20201008,5호선,올림픽공원,4387,3773,8160
14461,20201008,5호선,둔촌동,8214,8169,16383
14462,20201008,5호선,상일동,15899,13455,29354
14463,20201008,5호선,고덕,8951,8552,17503
14464,20201008,5호선,명일,8348,8545,16893
14465,20201008,5호선,굽은다리,9116,8365,17481
14466,20201008,5호선,길동,7493,7747,15240
14467,20201008,5호선,강동,19273,17605,36878
14468,20201008,5호선,천호,18031,18413,36444
14469,20201008,5호선,광나루,13036,11666,24702
14470,20201008,5호선,아차산,14647,13900,28547
14471,20201008,5호선,군자,10781,12090,22871
14472,20201008,5호선,장한평,18087,17725,35812
14473,20201008,5호선,답십리,16184,14403,30587
14474,20201008,5호선,마장,5490,5103,10593
14475,20201008,5호선,왕십리,4487,5124,9611
14476,20201008,5호선,행당,8145,7025,15170
14477,20201008,5호선,신금호,6308,6346,12654
14478,20201008,5호선,청구,4118,3843,7961
14479,20201008,5호선,동대문역사문화공원,2746,3293,6039
14480,20201008,5호선,을지로4가,5917,6204,12121
14481,20201008,5호선,종로3가,11699,12393,24092
14482,20201008,5호선,광화문,30071,32012,62083
14483,20201008,5호선,서대문,17470,17792,35262
14484,20201008,5호선,충정로,4772,4865,9637
14485,20201008,5호선,애오개,6904,6904,13808
14486,20201008,5호선,공덕,14278,15443,29721
14487,20201008,5호선,마포,13872,14594,28466
14488,20201008,5호선,여의나루,8345,8416,16761
14489,20201008,5호선,여의도,25477,27278,52755
14490,20201008,5호선,신길,3948,4054,8002
14491,20201008,5호선,영등포시장,8757,9086,17843
14492,20201008,5호선,영등포구청,4168,4196,8364
14493,20201008,5호선,양평,7233,7161,14394
14494,20201008,5호선,오목교,22304,24628,46932
14495,20201008,5호선,목동,17667,18859,36526
14496,20201008,5호선,신정,14315,10763,25078
14497,20201008,5호선,까치산,29460,27251,56711
14498,20201008,5호선,화곡,28479,25918,54397
14499,20201008,5호선,우장산,14484,13821,28305
14500,20201008,5호선,발산,19069,20026,39095
14501,20201008,5호선,마곡,9148,8804,17952
14502,20201008,5호선,송정,6943,6402,13345
14503,20201008,5호선,김포공항,6668,6730,13398
14504,20201008,5호선,개화산,5391,4982,10373
14505,20201008,5호선,방화,6800,6303,13103
14506,20201009,5호선,방화,4046,3731,7777
14507,20201009,5호선,개화산,3273,3018,6291
14508,20201009,5호선,김포공항,5813,6564,12377
14509,20201009,5호선,송정,4381,4112,8493
14510,20201009,5호선,마곡,3556,3432,6988
14511,20201009,5호선,발산,9688,10574,20262
14512,20201009,5호선,우장산,7746,7640,15386
14513,20201009,5호선,화곡,16581,14721,31302
14514,20201009,5호선,까치산,18136,16771,34907
14515,20201009,5호선,신정,7400,6046,13446
14516,20201009,5호선,목동,9108,8961,18069
14517,20201009,5호선,오목교,13367,13987,27354
14518,20201009,5호선,양평,2856,2712,5568
14519,20201009,5호선,영등포구청,1606,1579,3185
14520,20201009,5호선,영등포시장,4905,5101,10006
14521,20201009,5호선,신길,1999,1941,3940
14522,20201009,5호선,여의도,6809,7629,14438
14523,20201009,5호선,여의나루,6984,7244,14228
14524,20201009,5호선,마포,5566,5695,11261
14525,20201009,5호선,공덕,5270,5605,10875
14526,20201009,5호선,애오개,2979,2834,5813
14527,20201009,5호선,충정로,1761,1596,3357
14528,20201009,5호선,서대문,6105,5670,11775
14529,20201009,5호선,광화문,7525,7781,15306
14530,20201009,5호선,종로3가,9448,10137,19585
14531,20201009,5호선,을지로4가,2866,3262,6128
14532,20201009,5호선,동대문역사문화공원,706,1009,1715
14533,20201009,5호선,청구,2297,2024,4321
14534,20201009,5호선,신금호,3433,3507,6940
14535,20201009,5호선,행당,4503,3692,8195
14536,20201009,5호선,왕십리,2781,3310,6091
14537,20201009,5호선,마장,3315,3098,6413
14538,20201009,5호선,답십리,8720,7770,16490
14539,20201009,5호선,장한평,9229,8937,18166
14540,20201009,5호선,군자,7116,7700,14816
14541,20201009,5호선,아차산,11138,10968,22106
14542,20201009,5호선,광나루,8303,7846,16149
14543,20201009,5호선,천호,13641,13370,27011
14544,20201009,5호선,강동,10786,9694,20480
14545,20201009,5호선,길동,4591,4685,9276
14546,20201009,5호선,굽은다리,5823,5234,11057
14547,20201009,5호선,명일,4781,4504,9285
14548,20201009,5호선,고덕,4485,4439,8924
14549,20201009,5호선,상일동,8099,7019,15118
14550,20201009,5호선,둔촌동,4954,4976,9930
14551,20201009,5호선,올림픽공원,2981,2902,5883
14552,20201009,5호선,방이,4558,4446,9004
14553,20201009,5호선,오금,2062,1958,4020
14554,20201009,5호선,개롱,3609,3645,7254
14555,20201009,5호선,거여,4428,4005,8433
14556,20201009,5호선,마천,3585,3698,7283
14557,20201009,5호선,미사,7751,7421,15172
14558,20201009,5호선,하남풍산,2989,3308,6297
14559,20201010,5호선,길동,4899,5183,10082
14560,20201010,5호선,방화,4368,4058,8426
14561,20201010,5호선,개화산,3261,3203,6464
14562,20201010,5호선,김포공항,5919,5883,11802
14563,20201010,5호선,송정,4666,4523,9189
14564,20201010,5호선,마곡,3774,3635,7409
14565,20201010,5호선,발산,10823,11735,22558
14566,20201010,5호선,우장산,8393,8323,16716
14567,20201010,5호선,화곡,17235,15858,33093
14568,20201010,5호선,까치산,18522,17644,36166
14569,20201010,5호선,신정,7780,6473,14253
14570,20201010,5호선,목동,9675,10061,19736
14571,20201010,5호선,오목교,13960,14512,28472
14572,20201010,5호선,양평,3008,2867,5875
14573,20201010,5호선,영등포구청,1735,1636,3371
14574,20201010,5호선,영등포시장,5552,5794,11346
14575,20201010,5호선,신길,2020,2085,4105
14576,20201010,5호선,여의도,6699,7565,14264
14577,20201010,5호선,여의나루,6564,6632,13196
14578,20201010,5호선,마포,6078,6064,12142
14579,20201010,5호선,공덕,5805,6099,11904
14580,20201010,5호선,애오개,3200,3083,6283
14581,20201010,5호선,충정로,1639,1505,3144
14582,20201010,5호선,서대문,5841,5735,11576
14583,20201010,5호선,광화문,11125,10926,22051
14584,20201010,5호선,종로3가,9602,10188,19790
14585,20201010,5호선,을지로4가,2884,3172,6056
14586,20201010,5호선,동대문역사문화공원,722,993,1715
14587,20201010,5호선,청구,2330,2062,4392
14588,20201010,5호선,신금호,3497,3544,7041
14589,20201010,5호선,행당,4822,4221,9043
14590,20201010,5호선,왕십리,2977,3403,6380
14591,20201010,5호선,마장,3397,3192,6589
14592,20201010,5호선,답십리,8837,8141,16978
14593,20201010,5호선,장한평,9221,9010,18231
14594,20201010,5호선,군자,7154,7835,14989
14595,20201010,5호선,아차산,11088,10883,21971
14596,20201010,5호선,광나루,8671,8271,16942
14597,20201010,5호선,천호,14430,14250,28680
14598,20201010,5호선,강동,11394,10494,21888
14599,20201010,5호선,굽은다리,5881,5425,11306
14600,20201010,5호선,명일,4960,4862,9822
14601,20201010,5호선,고덕,4861,4678,9539
14602,20201010,5호선,상일동,8253,7467,15720
14603,20201010,5호선,둔촌동,5364,5293,10657
14604,20201010,5호선,올림픽공원,2914,2768,5682
14605,20201010,5호선,방이,4439,4482,8921
14606,20201010,5호선,오금,2277,2061,4338
14607,20201010,5호선,개롱,3842,4054,7896
14608,20201010,5호선,거여,4642,4501,9143
14609,20201010,5호선,마천,3808,3932,7740
14610,20201010,5호선,미사,7790,7547,15337
14611,20201010,5호선,하남풍산,3046,3145,6191
14612,20201011,5호선,방화,3054,2959,6013
14613,20201011,5호선,개화산,2299,2417,4716
14614,20201011,5호선,김포공항,5476,5202,10678
14615,20201011,5호선,송정,3166,3273,6439
14616,20201011,5호선,마곡,2468,2393,4861
14617,20201011,5호선,발산,6746,7090,13836
14618,20201011,5호선,우장산,5659,5901,11560
14619,20201011,5호선,화곡,11877,11012,22889
14620,20201011,5호선,까치산,13429,13088,26517
14621,20201011,5호선,신정,5367,4783,10150
14622,20201011,5호선,목동,6712,6854,13566
14623,20201011,5호선,오목교,9980,10396,20376
14624,20201011,5호선,양평,2287,2250,4537
14625,20201011,5호선,영등포구청,1182,1153,2335
14626,20201011,5호선,영등포시장,3364,3641,7005
14627,20201011,5호선,신길,1380,1522,2902
14628,20201011,5호선,여의도,4484,5021,9505
14629,20201011,5호선,여의나루,5379,5208,10587
14630,20201011,5호선,마포,3894,3906,7800
14631,20201011,5호선,공덕,3762,3721,7483
14632,20201011,5호선,애오개,2170,2287,4457
14633,20201011,5호선,충정로,1173,1152,2325
14634,20201011,5호선,서대문,3994,3912,7906
14635,20201011,5호선,광화문,8023,8089,16112
14636,20201011,5호선,종로3가,6834,6424,13258
14637,20201011,5호선,을지로4가,1155,1225,2380
14638,20201011,5호선,동대문역사문화공원,486,600,1086
14639,20201011,5호선,청구,1495,1464,2959
14640,20201011,5호선,신금호,2473,2615,5088
14641,20201011,5호선,행당,3354,3067,6421
14642,20201011,5호선,왕십리,2007,2131,4138
14643,20201011,5호선,마장,2531,2491,5022
14644,20201011,5호선,답십리,6249,5763,12012
14645,20201011,5호선,장한평,6218,6163,12381
14646,20201011,5호선,군자,5130,5575,10705
14647,20201011,5호선,아차산,9010,9412,18422
14648,20201011,5호선,광나루,6976,6815,13791
14649,20201011,5호선,천호,10579,10097,20676
14650,20201011,5호선,강동,7933,7620,15553
14651,20201011,5호선,길동,3422,3531,6953
14652,20201011,5호선,굽은다리,4294,3975,8269
14653,20201011,5호선,명일,3348,3386,6734
14654,20201011,5호선,고덕,3361,3345,6706
14655,20201011,5호선,상일동,5736,5362,11098
14656,20201011,5호선,둔촌동,3743,3861,7604
14657,20201011,5호선,올림픽공원,2018,2044,4062
14658,20201011,5호선,방이,3447,3367,6814
14659,20201011,5호선,오금,1655,1499,3154
14660,20201011,5호선,개롱,3194,3454,6648
14661,20201011,5호선,거여,3226,3189,6415
14662,20201011,5호선,마천,2993,3272,6265
14663,20201011,5호선,미사,5436,5535,10971
14664,20201011,5호선,하남풍산,2320,2511,4831
14665,20201012,5호선,방화,6803,6390,13193
14666,20201012,5호선,개화산,5204,4871,10075
14667,20201012,5호선,김포공항,6291,5881,12172
14668,20201012,5호선,송정,6777,6323,13100
14669,20201012,5호선,마곡,9129,8817,17946
14670,20201012,5호선,발산,18547,19211,37758
14671,20201012,5호선,우장산,14328,14289,28617
14672,20201012,5호선,화곡,28440,26365,54805
14673,20201012,5호선,까치산,29046,27747,56793
14674,20201012,5호선,신정,13984,10871,24855
14675,20201012,5호선,목동,17034,18663,35697
14676,20201012,5호선,오목교,21545,23579,45124
14677,20201012,5호선,양평,7344,7388,14732
14678,20201012,5호선,영등포구청,4134,4202,8336
14679,20201012,5호선,영등포시장,8950,9101,18051
14680,20201012,5호선,신길,3799,4103,7902
14681,20201012,5호선,여의도,25728,27324,53052
14682,20201012,5호선,여의나루,7788,8167,15955
14683,20201012,5호선,마포,13827,14472,28299
14684,20201012,5호선,공덕,14074,15000,29074
14685,20201012,5호선,애오개,6691,6654,13345
14686,20201012,5호선,충정로,4910,5144,10054
14687,20201012,5호선,서대문,17834,18224,36058
14688,20201012,5호선,광화문,29790,31319,61109
14689,20201012,5호선,종로3가,10656,10958,21614
14690,20201012,5호선,을지로4가,5918,6130,12048
14691,20201012,5호선,동대문역사문화공원,2890,3289,6179
14692,20201012,5호선,청구,4030,3659,7689
14693,20201012,5호선,신금호,6166,6318,12484
14694,20201012,5호선,행당,8126,7290,15416
14695,20201012,5호선,왕십리,4267,4684,8951
14696,20201012,5호선,마장,5454,5040,10494
14697,20201012,5호선,답십리,15832,14544,30376
14698,20201012,5호선,장한평,18042,17875,35917
14699,20201012,5호선,군자,10539,11672,22211
14700,20201012,5호선,아차산,13460,13425,26885
14701,20201012,5호선,광나루,12565,11622,24187
14702,20201012,5호선,천호,17009,17424,34433
14703,20201012,5호선,강동,18796,17422,36218
14704,20201012,5호선,길동,7565,7851,15416
14705,20201012,5호선,굽은다리,9006,8529,17535
14706,20201012,5호선,명일,8308,8587,16895
14707,20201012,5호선,고덕,8725,8545,17270
14708,20201012,5호선,상일동,15719,13724,29443
14709,20201012,5호선,둔촌동,8154,8081,16235
14710,20201012,5호선,올림픽공원,4307,3867,8174
14711,20201012,5호선,방이,6932,7140,14072
14712,20201012,5호선,오금,3875,3801,7676
14713,20201012,5호선,개롱,6602,6779,13381
14714,20201012,5호선,거여,7916,7519,15435
14715,20201012,5호선,마천,5700,5591,11291
14716,20201012,5호선,미사,11700,11580,23280
14717,20201012,5호선,하남풍산,4433,4342,8775
14718,20201013,5호선,하남풍산,4504,4489,8993
14719,20201013,5호선,미사,11937,11769,23706
14720,20201013,5호선,마천,5821,5708,11529
14721,20201013,5호선,거여,8048,7672,15720
14722,20201013,5호선,개롱,6557,6754,13311
14723,20201013,5호선,오금,3882,3871,7753
14724,20201013,5호선,방이,7023,7326,14349
14725,20201013,5호선,올림픽공원,4290,3805,8095
14726,20201013,5호선,둔촌동,8209,7984,16193
14727,20201013,5호선,상일동,16024,14111,30135
14728,20201013,5호선,고덕,9000,8738,17738
14729,20201013,5호선,명일,8574,8792,17366
14730,20201013,5호선,굽은다리,9193,8613,17806
14731,20201013,5호선,길동,7695,7802,15497
14732,20201013,5호선,강동,19280,17929,37209
14733,20201013,5호선,천호,17760,18068,35828
14734,20201013,5호선,광나루,12900,11763,24663
14735,20201013,5호선,아차산,14106,13898,28004
14736,20201013,5호선,군자,10982,11834,22816
14737,20201013,5호선,장한평,18457,18305,36762
14738,20201013,5호선,답십리,16082,14756,30838
14739,20201013,5호선,마장,5557,5097,10654
14740,20201013,5호선,왕십리,4326,4837,9163
14741,20201013,5호선,행당,8290,7241,15531
14742,20201013,5호선,신금호,6318,6566,12884
14743,20201013,5호선,청구,4012,3852,7864
14744,20201013,5호선,동대문역사문화공원,2940,3393,6333
14745,20201013,5호선,을지로4가,6202,6264,12466
14746,20201013,5호선,종로3가,11585,11623,23208
14747,20201013,5호선,광화문,31849,33752,65601
14748,20201013,5호선,서대문,18372,18737,37109
14749,20201013,5호선,충정로,4970,5051,10021
14750,20201013,5호선,애오개,6912,7072,13984
14751,20201013,5호선,공덕,14273,15185,29458
14752,20201013,5호선,마포,14164,14914,29078
14753,20201013,5호선,여의나루,8035,8382,16417
14754,20201013,5호선,여의도,26315,27984,54299
14755,20201013,5호선,신길,3874,4103,7977
14756,20201013,5호선,영등포시장,8981,9182,18163
14757,20201013,5호선,영등포구청,4248,4206,8454
14758,20201013,5호선,양평,7494,7488,14982
14759,20201013,5호선,오목교,22160,24281,46441
14760,20201013,5호선,목동,17736,19091,36827
14761,20201013,5호선,신정,14232,11105,25337
14762,20201013,5호선,까치산,29361,28130,57491
14763,20201013,5호선,화곡,28564,26431,54995
14764,20201013,5호선,우장산,14715,14490,29205
14765,20201013,5호선,발산,19131,19700,38831
14766,20201013,5호선,마곡,9128,8716,17844
14767,20201013,5호선,송정,6827,6398,13225
14768,20201013,5호선,김포공항,6339,6000,12339
14769,20201013,5호선,개화산,5212,4889,10101
14770,20201013,5호선,방화,6880,6511,13391
14771,20201014,5호선,하남풍산,4646,4376,9022
14772,20201014,5호선,미사,11912,11748,23660
14773,20201014,5호선,마천,5852,5801,11653
14774,20201014,5호선,거여,8012,7710,15722
14775,20201014,5호선,개롱,6587,6659,13246
14776,20201014,5호선,오금,3905,3784,7689
14777,20201014,5호선,방이,7075,7283,14358
14778,20201014,5호선,올림픽공원,4327,3773,8100
14779,20201014,5호선,둔촌동,8152,8258,16410
14780,20201014,5호선,상일동,15987,13983,29970
14781,20201014,5호선,고덕,8976,8675,17651
14782,20201014,5호선,명일,8639,8854,17493
14783,20201014,5호선,굽은다리,9139,8605,17744
14784,20201014,5호선,길동,7622,7803,15425
14785,20201014,5호선,강동,19244,17791,37035
14786,20201014,5호선,천호,17594,17942,35536
14787,20201014,5호선,광나루,13126,11857,24983
14788,20201014,5호선,아차산,14101,13923,28024
14789,20201014,5호선,군자,11024,12029,23053
14790,20201014,5호선,장한평,18386,18201,36587
14791,20201014,5호선,답십리,16177,14717,30894
14792,20201014,5호선,마장,5517,5162,10679
14793,20201014,5호선,왕십리,4575,5009,9584
14794,20201014,5호선,행당,8429,7464,15893
14795,20201014,5호선,신금호,6356,6469,12825
14796,20201014,5호선,청구,4142,3825,7967
14797,20201014,5호선,동대문역사문화공원,2906,3331,6237
14798,20201014,5호선,을지로4가,6154,6390,12544
14799,20201014,5호선,종로3가,11884,11829,23713
14800,20201014,5호선,광화문,31740,33514,65254
14801,20201014,5호선,서대문,18146,18607,36753
14802,20201014,5호선,충정로,5047,5209,10256
14803,20201014,5호선,애오개,7025,7048,14073
14804,20201014,5호선,공덕,14523,15629,30152
14805,20201014,5호선,마포,14440,15122,29562
14806,20201014,5호선,여의나루,8138,8505,16643
14807,20201014,5호선,여의도,26756,27865,54621
14808,20201014,5호선,신길,3958,4281,8239
14809,20201014,5호선,영등포시장,9135,9374,18509
14810,20201014,5호선,영등포구청,4192,4169,8361
14811,20201014,5호선,양평,7513,7462,14975
14812,20201014,5호선,오목교,22356,24473,46829
14813,20201014,5호선,목동,17465,19096,36561
14814,20201014,5호선,신정,14406,11275,25681
14815,20201014,5호선,까치산,29499,28007,57506
14816,20201014,5호선,화곡,28415,26416,54831
14817,20201014,5호선,우장산,14493,14303,28796
14818,20201014,5호선,발산,20259,20883,41142
14819,20201014,5호선,마곡,9211,8867,18078
14820,20201014,5호선,송정,6812,6296,13108
14821,20201014,5호선,김포공항,6388,6267,12655
14822,20201014,5호선,개화산,5170,4984,10154
14823,20201014,5호선,방화,6945,6646,13591
14824,20201015,5호선,방화,6975,6521,13496
14825,20201015,5호선,개화산,5347,5087,10434
14826,20201015,5호선,김포공항,6520,6515,13035
14827,20201015,5호선,송정,6885,6438,13323
14828,20201015,5호선,마곡,9160,8946,18106
14829,20201015,5호선,발산,19533,19940,39473
14830,20201015,5호선,우장산,14567,14148,28715
14831,20201015,5호선,화곡,28406,26235,54641
14832,20201015,5호선,까치산,29306,27818,57124
14833,20201015,5호선,신정,14373,11088,25461
14834,20201015,5호선,목동,17465,19077,36542
14835,20201015,5호선,오목교,22168,24227,46395
14836,20201015,5호선,양평,7502,7411,14913
14837,20201015,5호선,영등포구청,4141,4116,8257
14838,20201015,5호선,영등포시장,8906,9204,18110
14839,20201015,5호선,신길,3837,4106,7943
14840,20201015,5호선,여의도,26418,28124,54542
14841,20201015,5호선,여의나루,8154,8445,16599
14842,20201015,5호선,마포,14148,14805,28953
14843,20201015,5호선,공덕,14366,15452,29818
14844,20201015,5호선,애오개,7049,7126,14175
14845,20201015,5호선,충정로,4931,5036,9967
14846,20201015,5호선,서대문,17767,18536,36303
14847,20201015,5호선,광화문,31274,33312,64586
14848,20201015,5호선,종로3가,11768,11850,23618
14849,20201015,5호선,을지로4가,6040,6267,12307
14850,20201015,5호선,동대문역사문화공원,2793,3318,6111
14851,20201015,5호선,청구,4077,3800,7877
14852,20201015,5호선,신금호,6364,6496,12860
14853,20201015,5호선,행당,8235,7168,15403
14854,20201015,5호선,왕십리,4270,4857,9127
14855,20201015,5호선,마장,5566,5165,10731
14856,20201015,5호선,답십리,16157,14564,30721
14857,20201015,5호선,장한평,18293,18152,36445
14858,20201015,5호선,군자,10827,12027,22854
14859,20201015,5호선,아차산,14055,13626,27681
14860,20201015,5호선,광나루,13126,11822,24948
14861,20201015,5호선,천호,17637,18054,35691
14862,20201015,5호선,강동,19254,17980,37234
14863,20201015,5호선,길동,7634,7999,15633
14864,20201015,5호선,굽은다리,9195,8629,17824
14865,20201015,5호선,명일,8477,8677,17154
14866,20201015,5호선,고덕,8926,8651,17577
14867,20201015,5호선,상일동,15906,13883,29789
14868,20201015,5호선,둔촌동,8241,8088,16329
14869,20201015,5호선,올림픽공원,4317,3823,8140
14870,20201015,5호선,방이,7168,7271,14439
14871,20201015,5호선,오금,3819,3709,7528
14872,20201015,5호선,개롱,6608,6723,13331
14873,20201015,5호선,거여,8002,7622,15624
14874,20201015,5호선,마천,5873,5729,11602
14875,20201015,5호선,미사,11955,11527,23482
14876,20201015,5호선,하남풍산,4559,4477,9036
14877,20201016,5호선,방화,7030,6703,13733
14878,20201016,5호선,개화산,5223,4856,10079
14879,20201016,5호선,김포공항,7030,7085,14115
14880,20201016,5호선,송정,7142,6465,13607
14881,20201016,5호선,마곡,9229,8798,18027
14882,20201016,5호선,발산,19521,20561,40082
14883,20201016,5호선,우장산,14788,14221,29009
14884,20201016,5호선,화곡,29201,26413,55614
14885,20201016,5호선,까치산,30032,28039,58071
14886,20201016,5호선,신정,14700,11120,25820
14887,20201016,5호선,목동,17822,19232,37054
14888,20201016,5호선,오목교,23351,25602,48953
14889,20201016,5호선,양평,7406,7248,14654
14890,20201016,5호선,영등포구청,4173,4215,8388
14891,20201016,5호선,영등포시장,9162,9375,18537
14892,20201016,5호선,신길,3908,4139,8047
14893,20201016,5호선,여의도,26211,27876,54087
14894,20201016,5호선,여의나루,8551,8479,17030
14895,20201016,5호선,마포,14180,15037,29217
14896,20201016,5호선,공덕,14523,15828,30351
14897,20201016,5호선,애오개,7031,6960,13991
14898,20201016,5호선,충정로,4936,5005,9941
14899,20201016,5호선,서대문,17920,18193,36113
14900,20201016,5호선,광화문,31325,33382,64707
14901,20201016,5호선,종로3가,12337,13152,25489
14902,20201016,5호선,을지로4가,6070,6352,12422
14903,20201016,5호선,동대문역사문화공원,2839,3323,6162
14904,20201016,5호선,청구,4131,3843,7974
14905,20201016,5호선,신금호,6596,6357,12953
14906,20201016,5호선,행당,8393,7408,15801
14907,20201016,5호선,왕십리,4562,5222,9784
14908,20201016,5호선,마장,5677,5379,11056
14909,20201016,5호선,답십리,16447,14741,31188
14910,20201016,5호선,장한평,18533,18132,36665
14911,20201016,5호선,군자,11228,12332,23560
14912,20201016,5호선,아차산,14013,13717,27730
14913,20201016,5호선,광나루,13342,11896,25238
14914,20201016,5호선,천호,18527,18958,37485
14915,20201016,5호선,강동,19560,17741,37301
14916,20201016,5호선,길동,7846,8186,16032
14917,20201016,5호선,굽은다리,9509,8880,18389
14918,20201016,5호선,명일,8712,8722,17434
14919,20201016,5호선,고덕,9283,8934,18217
14920,20201016,5호선,상일동,16319,13849,30168
14921,20201016,5호선,둔촌동,8380,8317,16697
14922,20201016,5호선,올림픽공원,4393,3690,8083
14923,20201016,5호선,방이,6981,7239,14220
14924,20201016,5호선,오금,3739,3691,7430
14925,20201016,5호선,개롱,6500,6472,12972
14926,20201016,5호선,거여,8099,7681,15780
14927,20201016,5호선,마천,5954,5687,11641
14928,20201016,5호선,미사,12171,12035,24206
14929,20201016,5호선,하남풍산,4670,4597,9267
14930,20201017,5호선,충정로,1844,1652,3496
14931,20201017,5호선,하남풍산,3456,3660,7116
14932,20201017,5호선,미사,8886,8556,17442
14933,20201017,5호선,마천,4395,4365,8760
14934,20201017,5호선,거여,5150,4845,9995
14935,20201017,5호선,개롱,4914,4994,9908
14936,20201017,5호선,오금,2495,2211,4706
14937,20201017,5호선,방이,5046,4899,9945
14938,20201017,5호선,올림픽공원,3109,2981,6090
14939,20201017,5호선,둔촌동,5961,5903,11864
14940,20201017,5호선,상일동,9342,8256,17598
14941,20201017,5호선,고덕,5771,5471,11242
14942,20201017,5호선,명일,5701,5635,11336
14943,20201017,5호선,굽은다리,6580,6050,12630
14944,20201017,5호선,길동,5446,5581,11027
14945,20201017,5호선,강동,13275,12152,25427
14946,20201017,5호선,천호,15830,15696,31526
14947,20201017,5호선,광나루,9447,9066,18513
14948,20201017,5호선,아차산,12481,12065,24546
14949,20201017,5호선,군자,8141,8913,17054
14950,20201017,5호선,장한평,10694,10465,21159
14951,20201017,5호선,답십리,10093,8962,19055
14952,20201017,5호선,마장,3837,3595,7432
14953,20201017,5호선,왕십리,3257,3797,7054
14954,20201017,5호선,행당,5528,4704,10232
14955,20201017,5호선,신금호,4082,3949,8031
14956,20201017,5호선,청구,2538,2366,4904
14957,20201017,5호선,동대문역사문화공원,882,1102,1984
14958,20201017,5호선,을지로4가,3274,3569,6843
14959,20201017,5호선,종로3가,11275,11959,23234
14960,20201017,5호선,광화문,13605,14106,27711
14961,20201017,5호선,서대문,7424,7219,14643
14962,20201017,5호선,애오개,3649,3580,7229
14963,20201017,5호선,공덕,7019,7283,14302
14964,20201017,5호선,마포,7062,7227,14289
14965,20201017,5호선,여의나루,7112,7182,14294
14966,20201017,5호선,여의도,8048,8780,16828
14967,20201017,5호선,신길,2227,2347,4574
14968,20201017,5호선,영등포시장,6766,7024,13790
14969,20201017,5호선,영등포구청,1864,1830,3694
14970,20201017,5호선,양평,3490,3258,6748
14971,20201017,5호선,오목교,15885,16708,32593
14972,20201017,5호선,목동,11071,11325,22396
14973,20201017,5호선,신정,9001,7284,16285
14974,20201017,5호선,까치산,21042,19634,40676
14975,20201017,5호선,화곡,19543,17758,37301
14976,20201017,5호선,우장산,9327,9188,18515
14977,20201017,5호선,발산,12924,14052,26976
14978,20201017,5호선,마곡,4269,4076,8345
14979,20201017,5호선,송정,5142,4951,10093
14980,20201017,5호선,김포공항,6420,6921,13341
14981,20201017,5호선,방화,5099,4642,9741
14982,20201017,5호선,개화산,3520,3499,7019
14983,20201018,5호선,하남풍산,2389,2647,5036
14984,20201018,5호선,미사,5999,5870,11869
14985,20201018,5호선,마천,3037,3389,6426
14986,20201018,5호선,거여,3535,3442,6977
14987,20201018,5호선,개롱,2897,3180,6077
14988,20201018,5호선,오금,1651,1476,3127
14989,20201018,5호선,방이,3568,3482,7050
14990,20201018,5호선,올림픽공원,2205,2107,4312
14991,20201018,5호선,둔촌동,4182,4189,8371
14992,20201018,5호선,상일동,6120,5890,12010
14993,20201018,5호선,고덕,3814,3918,7732
14994,20201018,5호선,명일,4025,3952,7977
14995,20201018,5호선,굽은다리,4839,4611,9450
14996,20201018,5호선,길동,3590,3645,7235
14997,20201018,5호선,강동,9294,9062,18356
14998,20201018,5호선,천호,11472,10943,22415
14999,20201018,5호선,광나루,7105,6919,14024
15000,20201018,5호선,아차산,9856,10124,19980
15001,20201018,5호선,군자,5699,5964,11663
15002,20201018,5호선,장한평,6594,6569,13163
15003,20201018,5호선,답십리,6759,6223,12982
15004,20201018,5호선,마장,2935,2744,5679
15005,20201018,5호선,왕십리,2236,2610,4846
15006,20201018,5호선,행당,3914,3441,7355
15007,20201018,5호선,신금호,2681,2838,5519
15008,20201018,5호선,청구,1723,1530,3253
15009,20201018,5호선,동대문역사문화공원,542,708,1250
15010,20201018,5호선,을지로4가,1272,1351,2623
15011,20201018,5호선,종로3가,7262,6677,13939
15012,20201018,5호선,광화문,9620,9576,19196
15013,20201018,5호선,서대문,5046,5130,10176
15014,20201018,5호선,충정로,1411,1385,2796
15015,20201018,5호선,애오개,2448,2563,5011
15016,20201018,5호선,공덕,4203,4155,8358
15017,20201018,5호선,마포,4255,4267,8522
15018,20201018,5호선,여의나루,6148,6059,12207
15019,20201018,5호선,여의도,5258,5668,10926
15020,20201018,5호선,신길,1574,1717,3291
15021,20201018,5호선,영등포시장,4154,4497,8651
15022,20201018,5호선,영등포구청,1302,1280,2582
15023,20201018,5호선,양평,2571,2592,5163
15024,20201018,5호선,오목교,11054,11268,22322
15025,20201018,5호선,목동,7343,7559,14902
15026,20201018,5호선,신정,5872,5179,11051
15027,20201018,5호선,까치산,14958,14256,29214
15028,20201018,5호선,화곡,13033,12230,25263
15029,20201018,5호선,우장산,5949,6122,12071
15030,20201018,5호선,발산,7930,8418,16348
15031,20201018,5호선,마곡,2694,2660,5354
15032,20201018,5호선,송정,3542,3611,7153
15033,20201018,5호선,김포공항,5942,6024,11966
15034,20201018,5호선,개화산,2496,2509,5005
15035,20201018,5호선,방화,3724,3640,7364
15036,20201019,5호선,하남풍산,4613,4399,9012
15037,20201019,5호선,미사,11938,11709,23647
15038,20201019,5호선,마천,5846,5807,11653
15039,20201019,5호선,거여,8228,7782,16010
15040,20201019,5호선,개롱,6434,6692,13126
15041,20201019,5호선,오금,3902,3901,7803
15042,20201019,5호선,방이,6835,7091,13926
15043,20201019,5호선,올림픽공원,4342,3702,8044
15044,20201019,5호선,둔촌동,8156,8126,16282
15045,20201019,5호선,상일동,16117,14142,30259
15046,20201019,5호선,고덕,9003,8879,17882
15047,20201019,5호선,명일,8493,8749,17242
15048,20201019,5호선,굽은다리,9290,8686,17976
15049,20201019,5호선,길동,7674,7933,15607
15050,20201019,5호선,강동,19210,17827,37037
15051,20201019,5호선,천호,17222,17805,35027
15052,20201019,5호선,광나루,13015,11777,24792
15053,20201019,5호선,아차산,14210,13884,28094
15054,20201019,5호선,군자,10500,11551,22051
15055,20201019,5호선,장한평,18139,17890,36029
15056,20201019,5호선,답십리,15912,14548,30460
15057,20201019,5호선,마장,5602,5222,10824
15058,20201019,5호선,왕십리,4341,4779,9120
15059,20201019,5호선,행당,8277,7298,15575
15060,20201019,5호선,신금호,6338,6473,12811
15061,20201019,5호선,청구,4066,3799,7865
15062,20201019,5호선,동대문역사문화공원,2900,3368,6268
15063,20201019,5호선,을지로4가,5987,6234,12221
15064,20201019,5호선,종로3가,10915,11167,22082
15065,20201019,5호선,광화문,31369,32885,64254
15066,20201019,5호선,서대문,17844,18341,36185
15067,20201019,5호선,충정로,4988,5041,10029
15068,20201019,5호선,애오개,6910,7017,13927
15069,20201019,5호선,공덕,14460,15442,29902
15070,20201019,5호선,마포,14027,14797,28824
15071,20201019,5호선,여의나루,8134,8495,16629
15072,20201019,5호선,여의도,26266,27672,53938
15073,20201019,5호선,신길,3851,4095,7946
15074,20201019,5호선,영등포시장,8963,9057,18020
15075,20201019,5호선,영등포구청,4274,4239,8513
15076,20201019,5호선,양평,7528,7487,15015
15077,20201019,5호선,오목교,21804,23873,45677
15078,20201019,5호선,목동,17423,18939,36362
15079,20201019,5호선,신정,14336,11156,25492
15080,20201019,5호선,까치산,29396,28124,57520
15081,20201019,5호선,화곡,28565,26475,55040
15082,20201019,5호선,우장산,14751,14300,29051
15083,20201019,5호선,발산,18844,19342,38186
15084,20201019,5호선,마곡,9218,8840,18058
15085,20201019,5호선,송정,6841,6299,13140
15086,20201019,5호선,김포공항,6600,6385,12985
15087,20201019,5호선,개화산,5286,4931,10217
15088,20201019,5호선,방화,6783,6375,13158
15089,20201020,5호선,개화산,5407,5068,10475
15090,20201020,5호선,송정,7031,6499,13530
15091,20201020,5호선,마곡,9425,9080,18505
15092,20201020,5호선,발산,19857,20131,39988
15093,20201020,5호선,우장산,14809,14618,29427
15094,20201020,5호선,화곡,29032,26757,55789
15095,20201020,5호선,까치산,30030,28358,58388
15096,20201020,5호선,신정,14541,11396,25937
15097,20201020,5호선,목동,18046,19544,37590
15098,20201020,5호선,오목교,22476,24653,47129
15099,20201020,5호선,양평,7463,7376,14839
15100,20201020,5호선,영등포구청,4203,4311,8514
15101,20201020,5호선,영등포시장,9130,9280,18410
15102,20201020,5호선,신길,3899,4213,8112
15103,20201020,5호선,여의도,26988,28631,55619
15104,20201020,5호선,여의나루,8483,8810,17293
15105,20201020,5호선,마포,14521,15185,29706
15106,20201020,5호선,공덕,14790,15750,30540
15107,20201020,5호선,애오개,7118,7012,14130
15108,20201020,5호선,충정로,5128,5289,10417
15109,20201020,5호선,서대문,18487,19029,37516
15110,20201020,5호선,광화문,31705,33739,65444
15111,20201020,5호선,종로3가,11842,11659,23501
15112,20201020,5호선,을지로4가,6130,6353,12483
15113,20201020,5호선,동대문역사문화공원,2892,3440,6332
15114,20201020,5호선,청구,4201,3880,8081
15115,20201020,5호선,신금호,6499,6767,13266
15116,20201020,5호선,행당,8477,7623,16100
15117,20201020,5호선,왕십리,4521,4853,9374
15118,20201020,5호선,마장,5629,5311,10940
15119,20201020,5호선,답십리,16593,14973,31566
15120,20201020,5호선,장한평,18653,18407,37060
15121,20201020,5호선,군자,11068,12062,23130
15122,20201020,5호선,아차산,14717,14412,29129
15123,20201020,5호선,광나루,13234,12034,25268
15124,20201020,5호선,천호,18054,18418,36472
15125,20201020,5호선,강동,19703,18450,38153
15126,20201020,5호선,길동,7921,8182,16103
15127,20201020,5호선,굽은다리,9355,8820,18175
15128,20201020,5호선,명일,8772,8904,17676
15129,20201020,5호선,고덕,9286,9073,18359
15130,20201020,5호선,상일동,16663,14554,31217
15131,20201020,5호선,둔촌동,8388,8166,16554
15132,20201020,5호선,올림픽공원,4444,3821,8265
15133,20201020,5호선,방이,7103,7313,14416
15134,20201020,5호선,오금,4134,3953,8087
15135,20201020,5호선,개롱,6537,6876,13413
15136,20201020,5호선,거여,8399,7865,16264
15137,20201020,5호선,마천,6025,5928,11953
15138,20201020,5호선,미사,12354,12252,24606
15139,20201020,5호선,하남풍산,4704,4621,9325
15140,20201020,5호선,방화,7008,6581,13589
15141,20201020,5호선,김포공항,6377,6309,12686
15142,20201021,5호선,방화,6984,6583,13567
15143,20201021,5호선,개화산,5362,5109,10471
15144,20201021,5호선,김포공항,6293,6312,12605
15145,20201021,5호선,송정,6874,6269,13143
15146,20201021,5호선,마곡,9331,9136,18467
15147,20201021,5호선,발산,19859,20383,40242
15148,20201021,5호선,우장산,14606,14384,28990
15149,20201021,5호선,화곡,29082,26895,55977
15150,20201021,5호선,까치산,30034,28603,58637
15151,20201021,5호선,신정,14687,11302,25989
15152,20201021,5호선,목동,17673,19208,36881
15153,20201021,5호선,오목교,22588,24596,47184
15154,20201021,5호선,양평,7547,7417,14964
15155,20201021,5호선,영등포구청,4231,4305,8536
15156,20201021,5호선,영등포시장,9058,9324,18382
15157,20201021,5호선,신길,3975,4267,8242
15158,20201021,5호선,여의도,26841,28336,55177
15159,20201021,5호선,여의나루,8196,8425,16621
15160,20201021,5호선,마포,14430,15240,29670
15161,20201021,5호선,공덕,14841,15953,30794
15162,20201021,5호선,애오개,7248,7217,14465
15163,20201021,5호선,충정로,5117,5250,10367
15164,20201021,5호선,서대문,18410,18812,37222
15165,20201021,5호선,광화문,32301,34359,66660
15166,20201021,5호선,종로3가,12087,12035,24122
15167,20201021,5호선,을지로4가,6286,6379,12665
15168,20201021,5호선,동대문역사문화공원,2828,3310,6138
15169,20201021,5호선,청구,4150,3833,7983
15170,20201021,5호선,신금호,6398,6572,12970
15171,20201021,5호선,행당,8517,7494,16011
15172,20201021,5호선,왕십리,4409,4971,9380
15173,20201021,5호선,마장,5690,5293,10983
15174,20201021,5호선,답십리,16408,14851,31259
15175,20201021,5호선,장한평,18485,18444,36929
15176,20201021,5호선,군자,11118,12041,23159
15177,20201021,5호선,아차산,14396,14024,28420
15178,20201021,5호선,광나루,13224,11955,25179
15179,20201021,5호선,천호,17882,18242,36124
15180,20201021,5호선,강동,19645,18218,37863
15181,20201021,5호선,길동,7760,8030,15790
15182,20201021,5호선,굽은다리,9350,8898,18248
15183,20201021,5호선,명일,8617,8947,17564
15184,20201021,5호선,고덕,9241,8858,18099
15185,20201021,5호선,상일동,16484,14207,30691
15186,20201021,5호선,둔촌동,8170,8134,16304
15187,20201021,5호선,올림픽공원,4388,3749,8137
15188,20201021,5호선,방이,7022,7217,14239
15189,20201021,5호선,오금,4040,4006,8046
15190,20201021,5호선,개롱,6615,6711,13326
15191,20201021,5호선,거여,8168,7679,15847
15192,20201021,5호선,마천,5990,5805,11795
15193,20201021,5호선,미사,12257,12048,24305
15194,20201021,5호선,하남풍산,4709,4626,9335
15195,20201022,5호선,방화,6971,6625,13596
15196,20201022,5호선,개화산,5373,4955,10328
15197,20201022,5호선,김포공항,6964,6841,13805
15198,20201022,5호선,송정,6822,6339,13161
15199,20201022,5호선,마곡,9298,9153,18451
15200,20201022,5호선,발산,19669,20096,39765
15201,20201022,5호선,우장산,14975,14728,29703
15202,20201022,5호선,화곡,29070,26784,55854
15203,20201022,5호선,까치산,29951,28273,58224
15204,20201022,5호선,신정,14519,11380,25899
15205,20201022,5호선,목동,17856,19223,37079
15206,20201022,5호선,오목교,22473,24510,46983
15207,20201022,5호선,양평,7531,7371,14902
15208,20201022,5호선,영등포구청,4135,4274,8409
15209,20201022,5호선,영등포시장,9040,9270,18310
15210,20201022,5호선,신길,3969,4223,8192
15211,20201022,5호선,여의도,26897,28574,55471
15212,20201022,5호선,여의나루,8828,8842,17670
15213,20201022,5호선,마포,14589,15192,29781
15214,20201022,5호선,공덕,14890,16139,31029
15215,20201022,5호선,애오개,7055,7133,14188
15216,20201022,5호선,충정로,4972,5056,10028
15217,20201022,5호선,서대문,18156,18629,36785
15218,20201022,5호선,광화문,32003,33969,65972
15219,20201022,5호선,종로3가,12099,11898,23997
15220,20201022,5호선,을지로4가,6117,6345,12462
15221,20201022,5호선,동대문역사문화공원,2830,3412,6242
15222,20201022,5호선,청구,4242,3886,8128
15223,20201022,5호선,신금호,6389,6520,12909
15224,20201022,5호선,행당,8350,7343,15693
15225,20201022,5호선,왕십리,4521,4970,9491
15226,20201022,5호선,마장,5745,5359,11104
15227,20201022,5호선,답십리,16346,14914,31260
15228,20201022,5호선,장한평,18589,18276,36865
15229,20201022,5호선,군자,10861,12033,22894
15230,20201022,5호선,아차산,14442,14075,28517
15231,20201022,5호선,광나루,13431,11977,25408
15232,20201022,5호선,천호,17717,17957,35674
15233,20201022,5호선,강동,19765,18276,38041
15234,20201022,5호선,길동,7717,8068,15785
15235,20201022,5호선,굽은다리,9467,8817,18284
15236,20201022,5호선,명일,8551,8778,17329
15237,20201022,5호선,고덕,9255,8860,18115
15238,20201022,5호선,상일동,16461,14168,30629
15239,20201022,5호선,둔촌동,8356,8233,16589
15240,20201022,5호선,올림픽공원,4487,3756,8243
15241,20201022,5호선,방이,6943,7241,14184
15242,20201022,5호선,오금,4075,4004,8079
15243,20201022,5호선,개롱,6667,6777,13444
15244,20201022,5호선,거여,8296,7743,16039
15245,20201022,5호선,마천,5982,5851,11833
15246,20201022,5호선,미사,12243,11930,24173
15247,20201022,5호선,하남풍산,4700,4487,9187
15248,20201023,5호선,하남풍산,4932,4741,9673
15249,20201023,5호선,미사,12551,12450,25001
15250,20201023,5호선,마천,6105,5927,12032
15251,20201023,5호선,거여,8358,7701,16059
15252,20201023,5호선,개롱,6790,6877,13667
15253,20201023,5호선,오금,4038,3941,7979
15254,20201023,5호선,방이,7118,7452,14570
15255,20201023,5호선,올림픽공원,4636,4036,8672
15256,20201023,5호선,둔촌동,8586,8645,17231
15257,20201023,5호선,상일동,16876,14376,31252
15258,20201023,5호선,고덕,9476,9024,18500
15259,20201023,5호선,명일,9041,9211,18252
15260,20201023,5호선,굽은다리,9791,9025,18816
15261,20201023,5호선,길동,7932,8220,16152
15262,20201023,5호선,강동,20225,18438,38663
15263,20201023,5호선,천호,18999,19901,38900
15264,20201023,5호선,광나루,13627,12240,25867
15265,20201023,5호선,아차산,14772,14230,29002
15266,20201023,5호선,군자,11321,12634,23955
15267,20201023,5호선,장한평,18809,18470,37279
15268,20201023,5호선,답십리,16759,15119,31878
15269,20201023,5호선,마장,5893,5427,11320
15270,20201023,5호선,왕십리,4673,5437,10110
15271,20201023,5호선,행당,8671,7528,16199
15272,20201023,5호선,신금호,6653,6600,13253
15273,20201023,5호선,청구,4167,3944,8111
15274,20201023,5호선,동대문역사문화공원,2835,3388,6223
15275,20201023,5호선,을지로4가,6083,6461,12544
15276,20201023,5호선,종로3가,12861,13429,26290
15277,20201023,5호선,광화문,32429,34405,66834
15278,20201023,5호선,서대문,18473,18450,36923
15279,20201023,5호선,충정로,4947,4960,9907
15280,20201023,5호선,애오개,7203,7073,14276
15281,20201023,5호선,공덕,15173,16452,31625
15282,20201023,5호선,마포,14656,15350,30006
15283,20201023,5호선,여의나루,9024,9184,18208
15284,20201023,5호선,여의도,26820,28435,55255
15285,20201023,5호선,신길,4049,4273,8322
15286,20201023,5호선,영등포시장,9357,9701,19058
15287,20201023,5호선,영등포구청,4349,4348,8697
15288,20201023,5호선,양평,7612,7312,14924
15289,20201023,5호선,오목교,23688,25965,49653
15290,20201023,5호선,목동,18241,19620,37861
15291,20201023,5호선,신정,14736,11335,26071
15292,20201023,5호선,까치산,30846,28774,59620
15293,20201023,5호선,화곡,29772,27137,56909
15294,20201023,5호선,우장산,15357,14811,30168
15295,20201023,5호선,발산,19596,20353,39949
15296,20201023,5호선,마곡,9577,9242,18819
15297,20201023,5호선,송정,6995,6398,13393
15298,20201023,5호선,김포공항,7741,7537,15278
15299,20201023,5호선,개화산,5412,5055,10467
15300,20201023,5호선,방화,7203,6707,13910
15301,20201024,5호선,신길,2382,2479,4861
15302,20201024,5호선,여의도,8645,9501,18146
15303,20201024,5호선,여의나루,6557,6797,13354
15304,20201024,5호선,마포,7189,7273,14462
15305,20201024,5호선,공덕,7018,7311,14329
15306,20201024,5호선,애오개,3795,3626,7421
15307,20201024,5호선,충정로,1933,1731,3664
15308,20201024,5호선,서대문,7343,7384,14727
15309,20201024,5호선,광화문,15285,15135,30420
15310,20201024,5호선,종로3가,11815,11969,23784
15311,20201024,5호선,을지로4가,3159,3549,6708
15312,20201024,5호선,동대문역사문화공원,837,1117,1954
15313,20201024,5호선,청구,2527,2311,4838
15314,20201024,5호선,신금호,4202,4155,8357
15315,20201024,5호선,행당,5724,4908,10632
15316,20201024,5호선,왕십리,3387,4003,7390
15317,20201024,5호선,마장,3837,3624,7461
15318,20201024,5호선,답십리,10193,9058,19251
15319,20201024,5호선,장한평,10907,10508,21415
15320,20201024,5호선,군자,8299,8909,17208
15321,20201024,5호선,아차산,12441,12243,24684
15322,20201024,5호선,광나루,9921,9445,19366
15323,20201024,5호선,천호,16474,16322,32796
15324,20201024,5호선,강동,14292,13216,27508
15325,20201024,5호선,길동,5619,5729,11348
15326,20201024,5호선,굽은다리,6978,6280,13258
15327,20201024,5호선,명일,5860,5709,11569
15328,20201024,5호선,고덕,5834,5698,11532
15329,20201024,5호선,상일동,9707,8650,18357
15330,20201024,5호선,둔촌동,6058,5988,12046
15331,20201024,5호선,올림픽공원,3259,2999,6258
15332,20201024,5호선,오금,2144,1928,4072
15333,20201024,5호선,개롱,4537,4692,9229
15334,20201024,5호선,거여,5206,4912,10118
15335,20201024,5호선,마천,4277,4348,8625
15336,20201024,5호선,미사,8985,8792,17777
15337,20201024,5호선,하남풍산,3530,3553,7083
15338,20201024,5호선,방이,5040,4960,10000
15339,20201024,5호선,방화,4681,4446,9127
15340,20201024,5호선,개화산,3710,3497,7207
15341,20201024,5호선,김포공항,7021,7501,14522
15342,20201024,5호선,송정,5055,4788,9843
15343,20201024,5호선,마곡,4441,4341,8782
15344,20201024,5호선,발산,13278,14388,27666
15345,20201024,5호선,우장산,9693,9340,19033
15346,20201024,5호선,화곡,19945,18016,37961
15347,20201024,5호선,까치산,21389,19879,41268
15348,20201024,5호선,신정,9000,7236,16236
15349,20201024,5호선,목동,11619,11585,23204
15350,20201024,5호선,오목교,17487,17961,35448
15351,20201024,5호선,양평,3535,3335,6870
15352,20201024,5호선,영등포구청,1966,1933,3899
15353,20201024,5호선,영등포시장,7339,7703,15042
15354,20201025,5호선,방화,3654,3469,7123
15355,20201025,5호선,개화산,2527,2626,5153
15356,20201025,5호선,김포공항,6131,6075,12206
15357,20201025,5호선,송정,3593,3580,7173
15358,20201025,5호선,마곡,2798,2723,5521
15359,20201025,5호선,발산,8515,9034,17549
15360,20201025,5호선,우장산,6509,6723,13232
15361,20201025,5호선,화곡,13583,12734,26317
15362,20201025,5호선,까치산,15118,14902,30020
15363,20201025,5호선,신정,6134,5409,11543
15364,20201025,5호선,목동,7591,7861,15452
15365,20201025,5호선,오목교,11271,11740,23011
15366,20201025,5호선,양평,2433,2463,4896
15367,20201025,5호선,영등포구청,1251,1186,2437
15368,20201025,5호선,영등포시장,4393,4582,8975
15369,20201025,5호선,신길,1671,1756,3427
15370,20201025,5호선,여의도,5246,5718,10964
15371,20201025,5호선,여의나루,6392,6212,12604
15372,20201025,5호선,마포,4422,4546,8968
15373,20201025,5호선,공덕,4264,4290,8554
15374,20201025,5호선,애오개,2433,2515,4948
15375,20201025,5호선,충정로,1403,1364,2767
15376,20201025,5호선,서대문,5411,5652,11063
15377,20201025,5호선,광화문,11274,11062,22336
15378,20201025,5호선,종로3가,8095,6974,15069
15379,20201025,5호선,을지로4가,1347,1346,2693
15380,20201025,5호선,동대문역사문화공원,537,660,1197
15381,20201025,5호선,청구,1637,1503,3140
15382,20201025,5호선,신금호,2784,2967,5751
15383,20201025,5호선,행당,3767,3449,7216
15384,20201025,5호선,왕십리,2225,2533,4758
15385,20201025,5호선,마장,2791,2714,5505
15386,20201025,5호선,답십리,6896,6536,13432
15387,20201025,5호선,장한평,7037,6850,13887
15388,20201025,5호선,군자,5822,6309,12131
15389,20201025,5호선,아차산,9994,10302,20296
15390,20201025,5호선,광나루,7480,7180,14660
15391,20201025,5호선,천호,11983,11419,23402
15392,20201025,5호선,강동,9436,9243,18679
15393,20201025,5호선,길동,3771,3905,7676
15394,20201025,5호선,굽은다리,4833,4614,9447
15395,20201025,5호선,명일,4358,4414,8772
15396,20201025,5호선,고덕,3629,3651,7280
15397,20201025,5호선,상일동,6568,6303,12871
15398,20201025,5호선,둔촌동,4348,4422,8770
15399,20201025,5호선,올림픽공원,2291,2180,4471
15400,20201025,5호선,방이,3779,3783,7562
15401,20201025,5호선,오금,1620,1455,3075
15402,20201025,5호선,개롱,2943,3206,6149
15403,20201025,5호선,거여,3618,3522,7140
15404,20201025,5호선,마천,3091,3385,6476
15405,20201025,5호선,미사,6315,6292,12607
15406,20201025,5호선,하남풍산,2621,2716,5337
15407,20201026,5호선,방화,7021,6624,13645
15408,20201026,5호선,개화산,5369,5056,10425
15409,20201026,5호선,김포공항,6801,6424,13225
15410,20201026,5호선,송정,6954,6377,13331
15411,20201026,5호선,마곡,9381,9080,18461
15412,20201026,5호선,발산,19117,19621,38738
15413,20201026,5호선,우장산,14850,14694,29544
15414,20201026,5호선,화곡,28857,26751,55608
15415,20201026,5호선,까치산,29595,28024,57619
15416,20201026,5호선,신정,14277,11108,25385
15417,20201026,5호선,목동,17292,18916,36208
15418,20201026,5호선,오목교,22146,24381,46527
15419,20201026,5호선,양평,7456,7457,14913
15420,20201026,5호선,영등포구청,4263,4257,8520
15421,20201026,5호선,영등포시장,9104,9258,18362
15422,20201026,5호선,신길,3906,4251,8157
15423,20201026,5호선,여의도,26144,27773,53917
15424,20201026,5호선,여의나루,8549,8846,17395
15425,20201026,5호선,마포,14288,14818,29106
15426,20201026,5호선,공덕,14413,15498,29911
15427,20201026,5호선,애오개,6875,6871,13746
15428,20201026,5호선,충정로,4976,5113,10089
15429,20201026,5호선,서대문,18091,18494,36585
15430,20201026,5호선,광화문,32196,33699,65895
15431,20201026,5호선,종로3가,11537,11300,22837
15432,20201026,5호선,을지로4가,6157,6290,12447
15433,20201026,5호선,동대문역사문화공원,2888,3287,6175
15434,20201026,5호선,청구,4042,3695,7737
15435,20201026,5호선,신금호,6363,6608,12971
15436,20201026,5호선,행당,8404,7425,15829
15437,20201026,5호선,왕십리,4400,4783,9183
15438,20201026,5호선,마장,5792,5380,11172
15439,20201026,5호선,답십리,16475,14951,31426
15440,20201026,5호선,장한평,18424,18181,36605
15441,20201026,5호선,군자,10805,11690,22495
15442,20201026,5호선,아차산,14087,13871,27958
15443,20201026,5호선,광나루,13213,12058,25271
15444,20201026,5호선,천호,17727,18021,35748
15445,20201026,5호선,강동,19720,18156,37876
15446,20201026,5호선,길동,7718,8080,15798
15447,20201026,5호선,굽은다리,9358,8794,18152
15448,20201026,5호선,명일,8530,8592,17122
15449,20201026,5호선,고덕,9241,8983,18224
15450,20201026,5호선,상일동,16347,14351,30698
15451,20201026,5호선,둔촌동,8455,8411,16866
15452,20201026,5호선,올림픽공원,4446,3846,8292
15453,20201026,5호선,방이,6914,7165,14079
15454,20201026,5호선,오금,3942,3902,7844
15455,20201026,5호선,개롱,6627,6795,13422
15456,20201026,5호선,거여,8199,7755,15954
15457,20201026,5호선,마천,5912,5861,11773
15458,20201026,5호선,미사,12372,12153,24525
15459,20201026,5호선,하남풍산,4735,4512,9247
15460,20201027,5호선,하남풍산,4817,4683,9500
15461,20201027,5호선,미사,12529,12381,24910
15462,20201027,5호선,마천,6022,5851,11873
15463,20201027,5호선,거여,8327,7852,16179
15464,20201027,5호선,개롱,6472,6783,13255
15465,20201027,5호선,오금,3999,3904,7903
15466,20201027,5호선,방이,7105,7371,14476
15467,20201027,5호선,올림픽공원,4662,4000,8662
15468,20201027,5호선,둔촌동,8331,8300,16631
15469,20201027,5호선,상일동,16638,14413,31051
15470,20201027,5호선,고덕,9432,9187,18619
15471,20201027,5호선,명일,8795,8872,17667
15472,20201027,5호선,굽은다리,9475,8951,18426
15473,20201027,5호선,길동,7733,8088,15821
15474,20201027,5호선,강동,19886,18377,38263
15475,20201027,5호선,천호,17934,18407,36341
15476,20201027,5호선,광나루,13401,12207,25608
15477,20201027,5호선,아차산,14774,14359,29133
15478,20201027,5호선,군자,11079,12102,23181
15479,20201027,5호선,장한평,18936,18576,37512
15480,20201027,5호선,답십리,16677,15287,31964
15481,20201027,5호선,마장,5624,5231,10855
15482,20201027,5호선,왕십리,4574,5152,9726
15483,20201027,5호선,행당,8643,7577,16220
15484,20201027,5호선,신금호,6607,6712,13319
15485,20201027,5호선,청구,4283,3878,8161
15486,20201027,5호선,동대문역사문화공원,2892,3442,6334
15487,20201027,5호선,을지로4가,6259,6420,12679
15488,20201027,5호선,종로3가,12309,12047,24356
15489,20201027,5호선,광화문,32730,34919,67649
15490,20201027,5호선,서대문,18730,19121,37851
15491,20201027,5호선,충정로,5077,5125,10202
15492,20201027,5호선,애오개,7121,7179,14300
15493,20201027,5호선,공덕,15005,16159,31164
15494,20201027,5호선,마포,14562,15143,29705
15495,20201027,5호선,여의나루,8372,8709,17081
15496,20201027,5호선,여의도,27233,28649,55882
15497,20201027,5호선,신길,3995,4250,8245
15498,20201027,5호선,영등포시장,9260,9488,18748
15499,20201027,5호선,영등포구청,4179,4290,8469
15500,20201027,5호선,양평,7504,7425,14929
15501,20201027,5호선,오목교,22606,24750,47356
15502,20201027,5호선,목동,18101,19468,37569
15503,20201027,5호선,신정,14652,11268,25920
15504,20201027,5호선,까치산,29942,28491,58433
15505,20201027,5호선,화곡,29218,27071,56289
15506,20201027,5호선,우장산,14914,14774,29688
15507,20201027,5호선,발산,19709,20275,39984
15508,20201027,5호선,마곡,9502,9363,18865
15509,20201027,5호선,송정,7017,6408,13425
15510,20201027,5호선,김포공항,6496,6276,12772
15511,20201027,5호선,개화산,5386,5009,10395
15512,20201027,5호선,방화,6998,6624,13622
15513,20201028,5호선,하남풍산,4757,4681,9438
15514,20201028,5호선,미사,12631,12428,25059
15515,20201028,5호선,마천,6024,5958,11982
15516,20201028,5호선,거여,8443,7868,16311
15517,20201028,5호선,개롱,6769,6934,13703
15518,20201028,5호선,오금,4054,3889,7943
15519,20201028,5호선,방이,7075,7323,14398
15520,20201028,5호선,올림픽공원,4644,3904,8548
15521,20201028,5호선,둔촌동,8559,8542,17101
15522,20201028,5호선,상일동,16601,14486,31087
15523,20201028,5호선,고덕,9419,9152,18571
15524,20201028,5호선,명일,8821,8955,17776
15525,20201028,5호선,굽은다리,9545,9029,18574
15526,20201028,5호선,길동,7874,8096,15970
15527,20201028,5호선,강동,19988,18348,38336
15528,20201028,5호선,천호,18298,18655,36953
15529,20201028,5호선,광나루,13594,12427,26021
15530,20201028,5호선,아차산,14816,14381,29197
15531,20201028,5호선,군자,11098,12215,23313
15532,20201028,5호선,장한평,18881,18574,37455
15533,20201028,5호선,답십리,16656,15227,31883
15534,20201028,5호선,마장,5664,5296,10960
15535,20201028,5호선,왕십리,4617,5021,9638
15536,20201028,5호선,행당,8689,7560,16249
15537,20201028,5호선,신금호,6568,6755,13323
15538,20201028,5호선,청구,4164,3879,8043
15539,20201028,5호선,동대문역사문화공원,2854,3366,6220
15540,20201028,5호선,을지로4가,6262,6476,12738
15541,20201028,5호선,종로3가,12640,12331,24971
15542,20201028,5호선,광화문,34131,36035,70166
15543,20201028,5호선,충정로,5207,5308,10515
15544,20201028,5호선,애오개,7315,7371,14686
15545,20201028,5호선,공덕,15098,16207,31305
15546,20201028,5호선,마포,14872,15338,30210
15547,20201028,5호선,여의나루,8475,8809,17284
15548,20201028,5호선,여의도,27505,28981,56486
15549,20201028,5호선,신길,4046,4385,8431
15550,20201028,5호선,영등포시장,9273,9590,18863
15551,20201028,5호선,영등포구청,4243,4199,8442
15552,20201028,5호선,양평,7544,7514,15058
15553,20201028,5호선,오목교,22967,25020,47987
15554,20201028,5호선,목동,17862,19634,37496
15555,20201028,5호선,신정,14831,11557,26388
15556,20201028,5호선,까치산,30135,28456,58591
15557,20201028,5호선,화곡,29500,27196,56696
15558,20201028,5호선,우장산,15140,14961,30101
15559,20201028,5호선,발산,19804,20358,40162
15560,20201028,5호선,마곡,9641,9253,18894
15561,20201028,5호선,송정,7039,6603,13642
15562,20201028,5호선,김포공항,6475,6299,12774
15563,20201028,5호선,개화산,5372,5028,10400
15564,20201028,5호선,방화,7090,6773,13863
15565,20201028,5호선,서대문,18625,19016,37641
15566,20201029,5호선,하남풍산,4821,4792,9613
15567,20201029,5호선,미사,12637,12358,24995
15568,20201029,5호선,마천,6055,5891,11946
15569,20201029,5호선,거여,8234,7566,15800
15570,20201029,5호선,개롱,6598,6790,13388
15571,20201029,5호선,오금,3983,3945,7928
15572,20201029,5호선,방이,7088,7370,14458
15573,20201029,5호선,올림픽공원,4487,3862,8349
15574,20201029,5호선,둔촌동,8640,8471,17111
15575,20201029,5호선,상일동,16731,14633,31364
15576,20201029,5호선,고덕,9706,9249,18955
15577,20201029,5호선,명일,8838,9062,17900
15578,20201029,5호선,굽은다리,9537,9016,18553
15579,20201029,5호선,길동,7729,7996,15725
15580,20201029,5호선,강동,20039,18598,38637
15581,20201029,5호선,천호,18129,18534,36663
15582,20201029,5호선,광나루,13969,12439,26408
15583,20201029,5호선,아차산,14832,14466,29298
15584,20201029,5호선,군자,11228,12281,23509
15585,20201029,5호선,장한평,18654,18515,37169
15586,20201029,5호선,답십리,16686,15232,31918
15587,20201029,5호선,마장,5825,5566,11391
15588,20201029,5호선,왕십리,4449,5090,9539
15589,20201029,5호선,행당,8520,7424,15944
15590,20201029,5호선,신금호,6647,6717,13364
15591,20201029,5호선,청구,4292,3866,8158
15592,20201029,5호선,동대문역사문화공원,2831,3448,6279
15593,20201029,5호선,을지로4가,6290,6541,12831
15594,20201029,5호선,종로3가,12679,12187,24866
15595,20201029,5호선,광화문,33498,35365,68863
15596,20201029,5호선,서대문,18195,18936,37131
15597,20201029,5호선,충정로,5091,5238,10329
15598,20201029,5호선,애오개,7342,7354,14696
15599,20201029,5호선,공덕,15005,15985,30990
15600,20201029,5호선,마포,14769,15244,30013
15601,20201029,5호선,여의나루,8155,8621,16776
15602,20201029,5호선,여의도,27227,28859,56086
15603,20201029,5호선,신길,4002,4398,8400
15604,20201029,5호선,영등포시장,9168,9495,18663
15605,20201029,5호선,영등포구청,4174,4155,8329
15606,20201029,5호선,양평,7660,7518,15178
15607,20201029,5호선,오목교,22777,25094,47871
15608,20201029,5호선,목동,17835,19358,37193
15609,20201029,5호선,신정,14573,11290,25863
15610,20201029,5호선,까치산,29664,27961,57625
15611,20201029,5호선,화곡,29224,26954,56178
15612,20201029,5호선,우장산,14920,14553,29473
15613,20201029,5호선,발산,19403,19975,39378
15614,20201029,5호선,마곡,9574,9216,18790
15615,20201029,5호선,송정,7038,6493,13531
15616,20201029,5호선,김포공항,6623,6706,13329
15617,20201029,5호선,개화산,5314,5025,10339
15618,20201029,5호선,방화,6997,6617,13614
15619,20201030,5호선,청구,4197,3883,8080
15620,20201030,5호선,방화,7239,6770,14009
15621,20201030,5호선,개화산,5511,5128,10639
15622,20201030,5호선,김포공항,7515,7474,14989
15623,20201030,5호선,송정,7431,6631,14062
15624,20201030,5호선,마곡,9634,9120,18754
15625,20201030,5호선,발산,19525,20662,40187
15626,20201030,5호선,우장산,15310,14698,30008
15627,20201030,5호선,화곡,30186,27042,57228
15628,20201030,5호선,까치산,30619,28586,59205
15629,20201030,5호선,신정,14986,11190,26176
15630,20201030,5호선,목동,18231,19536,37767
15631,20201030,5호선,오목교,23629,26282,49911
15632,20201030,5호선,양평,7641,7537,15178
15633,20201030,5호선,영등포구청,4306,4309,8615
15634,20201030,5호선,영등포시장,9453,9679,19132
15635,20201030,5호선,신길,4152,4400,8552
15636,20201030,5호선,여의도,26467,28179,54646
15637,20201030,5호선,여의나루,9292,9171,18463
15638,20201030,5호선,마포,14764,15617,30381
15639,20201030,5호선,공덕,15084,16259,31343
15640,20201030,5호선,애오개,7521,7298,14819
15641,20201030,5호선,충정로,5128,4978,10106
15642,20201030,5호선,서대문,17984,18355,36339
15643,20201030,5호선,광화문,32858,35087,67945
15644,20201030,5호선,종로3가,13174,13917,27091
15645,20201030,5호선,을지로4가,6280,6614,12894
15646,20201030,5호선,동대문역사문화공원,2779,3416,6195
15647,20201030,5호선,신금호,6794,6763,13557
15648,20201030,5호선,행당,8737,7578,16315
15649,20201030,5호선,왕십리,4653,5417,10070
15650,20201030,5호선,마장,5889,5443,11332
15651,20201030,5호선,답십리,16956,15258,32214
15652,20201030,5호선,장한평,19054,18750,37804
15653,20201030,5호선,군자,11689,12843,24532
15654,20201030,5호선,아차산,15295,14493,29788
15655,20201030,5호선,광나루,14047,12600,26647
15656,20201030,5호선,천호,18937,19508,38445
15657,20201030,5호선,강동,20363,18552,38915
15658,20201030,5호선,길동,8028,8322,16350
15659,20201030,5호선,굽은다리,9781,8980,18761
15660,20201030,5호선,명일,8946,9080,18026
15661,20201030,5호선,고덕,9534,9105,18639
15662,20201030,5호선,상일동,16987,14412,31399
15663,20201030,5호선,둔촌동,8914,8868,17782
15664,20201030,5호선,올림픽공원,4555,3962,8517
15665,20201030,5호선,방이,7189,7472,14661
15666,20201030,5호선,오금,4005,3993,7998
15667,20201030,5호선,개롱,6841,6796,13637
15668,20201030,5호선,거여,8377,7719,16096
15669,20201030,5호선,마천,6094,5853,11947
15670,20201030,5호선,미사,13256,12892,26148
15671,20201030,5호선,하남풍산,4979,4827,9806
15672,20201031,5호선,발산,13075,14425,27500
15673,20201031,5호선,우장산,9947,9509,19456
15674,20201031,5호선,화곡,20591,18617,39208
15675,20201031,5호선,목동,11711,11763,23474
15676,20201031,5호선,신정,9349,7593,16942
15677,20201031,5호선,까치산,21666,20084,41750
15678,20201031,5호선,방화,5302,4780,10082
15679,20201031,5호선,하남풍산,3659,3925,7584
15680,20201031,5호선,미사,9643,9247,18890
15681,20201031,5호선,마천,4402,4508,8910
15682,20201031,5호선,거여,5514,5095,10609
15683,20201031,5호선,개롱,4591,4612,9203
15684,20201031,5호선,오금,2243,2053,4296
15685,20201031,5호선,방이,5268,5117,10385
15686,20201031,5호선,올림픽공원,3263,3118,6381
15687,20201031,5호선,둔촌동,6297,6217,12514
15688,20201031,5호선,상일동,10275,8825,19100
15689,20201031,5호선,고덕,6106,5927,12033
15690,20201031,5호선,명일,6101,5951,12052
15691,20201031,5호선,굽은다리,7158,6681,13839
15692,20201031,5호선,길동,5745,5871,11616
15693,20201031,5호선,강동,14615,13243,27858
15694,20201031,5호선,천호,17114,17006,34120
15695,20201031,5호선,광나루,10680,10130,20810
15696,20201031,5호선,아차산,12843,12595,25438
15697,20201031,5호선,군자,8534,9339,17873
15698,20201031,5호선,장한평,11253,10854,22107
15699,20201031,5호선,답십리,10660,9380,20040
15700,20201031,5호선,마장,3963,3683,7646
15701,20201031,5호선,왕십리,3499,4258,7757
15702,20201031,5호선,행당,5867,4979,10846
15703,20201031,5호선,신금호,4104,4038,8142
15704,20201031,5호선,청구,2638,2453,5091
15705,20201031,5호선,동대문역사문화공원,893,1138,2031
15706,20201031,5호선,을지로4가,3376,3751,7127
15707,20201031,5호선,종로3가,11891,12403,24294
15708,20201031,5호선,광화문,15961,16130,32091
15709,20201031,5호선,서대문,7574,7505,15079
15710,20201031,5호선,충정로,2018,1751,3769
15711,20201031,5호선,애오개,3851,3752,7603
15712,20201031,5호선,공덕,7400,7718,15118
15713,20201031,5호선,마포,7389,7479,14868
15714,20201031,5호선,여의나루,8120,8059,16179
15715,20201031,5호선,마곡,4486,4401,8887
15716,20201031,5호선,송정,5212,4972,10184
15717,20201031,5호선,김포공항,6970,7389,14359
15718,20201031,5호선,개화산,3640,3453,7093
15719,20201031,5호선,여의도,8340,9266,17606
15720,20201031,5호선,신길,2464,2653,5117
15721,20201031,5호선,영등포시장,6997,7307,14304
15722,20201031,5호선,영등포구청,1984,1911,3895
15723,20201031,5호선,양평,3501,3266,6767
15724,20201031,5호선,오목교,17238,18277,35515
15725,20201101,5호선,하남풍산,2272,2420,4692
15726,20201101,5호선,미사,5523,5678,11201
15727,20201101,5호선,마천,2857,2979,5836
15728,20201101,5호선,거여,3342,3253,6595
15729,20201101,5호선,개롱,2938,3149,6087
15730,20201101,5호선,오금,1370,1300,2670
15731,20201101,5호선,방이,3580,3330,6910
15732,20201101,5호선,올림픽공원,1668,1552,3220
15733,20201101,5호선,둔촌동,3972,4110,8082
15734,20201101,5호선,상일동,5974,5747,11721
15735,20201101,5호선,고덕,3531,3489,7020
15736,20201101,5호선,명일,3839,3797,7636
15737,20201101,5호선,굽은다리,4721,4548,9269
15738,20201101,5호선,길동,3412,3586,6998
15739,20201101,5호선,강동,8943,8614,17557
15740,20201101,5호선,천호,11210,10835,22045
15741,20201101,5호선,광나루,6080,5645,11725
15742,20201101,5호선,아차산,7441,7393,14834
15743,20201101,5호선,군자,5151,5631,10782
15744,20201101,5호선,장한평,6401,6283,12684
15745,20201101,5호선,답십리,6511,6059,12570
15746,20201101,5호선,마장,2478,2377,4855
15747,20201101,5호선,왕십리,2232,2676,4908
15748,20201101,5호선,행당,3363,3136,6499
15749,20201101,5호선,신금호,2512,2579,5091
15750,20201101,5호선,청구,1557,1495,3052
15751,20201101,5호선,동대문역사문화공원,615,690,1305
15752,20201101,5호선,을지로4가,1130,1200,2330
15753,20201101,5호선,종로3가,7119,6089,13208
15754,20201101,5호선,광화문,9248,9338,18586
15755,20201101,5호선,서대문,4201,4147,8348
15756,20201101,5호선,충정로,1317,1311,2628
15757,20201101,5호선,애오개,2473,2465,4938
15758,20201101,5호선,공덕,4153,4244,8397
15759,20201101,5호선,마포,4143,4110,8253
15760,20201101,5호선,여의나루,2718,2856,5574
15761,20201101,5호선,여의도,4634,5106,9740
15762,20201101,5호선,신길,1548,1598,3146
15763,20201101,5호선,영등포시장,4410,4592,9002
15764,20201101,5호선,영등포구청,1173,1156,2329
15765,20201101,5호선,양평,2234,2279,4513
15766,20201101,5호선,오목교,11122,11621,22743
15767,20201101,5호선,목동,6957,7391,14348
15768,20201101,5호선,신정,5728,5022,10750
15769,20201101,5호선,까치산,13853,13381,27234
15770,20201101,5호선,화곡,12307,11622,23929
15771,20201101,5호선,우장산,5790,5921,11711
15772,20201101,5호선,발산,7237,7633,14870
15773,20201101,5호선,마곡,2464,2586,5050
15774,20201101,5호선,송정,3290,3294,6584
15775,20201101,5호선,김포공항,6258,6013,12271
15776,20201101,5호선,개화산,2421,2352,4773
15777,20201101,5호선,방화,2975,2945,5920
15778,20201102,5호선,방화,7185,6722,13907
15779,20201102,5호선,개화산,5294,4965,10259
15780,20201102,5호선,김포공항,6937,6896,13833
15781,20201102,5호선,송정,7079,6545,13624
15782,20201102,5호선,마곡,9568,9205,18773
15783,20201102,5호선,발산,19432,19892,39324
15784,20201102,5호선,우장산,14960,14734,29694
15785,20201102,5호선,화곡,29396,27347,56743
15786,20201102,5호선,까치산,29499,28229,57728
15787,20201102,5호선,신정,14548,11371,25919
15788,20201102,5호선,목동,17360,18924,36284
15789,20201102,5호선,오목교,22476,24471,46947
15790,20201102,5호선,양평,7538,7461,14999
15791,20201102,5호선,영등포구청,4172,4330,8502
15792,20201102,5호선,영등포시장,9188,9635,18823
15793,20201102,5호선,신길,3939,4405,8344
15794,20201102,5호선,여의도,27027,28430,55457
15795,20201102,5호선,여의나루,8196,8545,16741
15796,20201102,5호선,마포,14415,14984,29399
15797,20201102,5호선,공덕,14609,15669,30278
15798,20201102,5호선,애오개,6800,6898,13698
15799,20201102,5호선,충정로,5086,5283,10369
15800,20201102,5호선,서대문,18099,18565,36664
15801,20201102,5호선,광화문,32638,34224,66862
15802,20201102,5호선,종로3가,11732,11316,23048
15803,20201102,5호선,을지로4가,6034,6298,12332
15804,20201102,5호선,동대문역사문화공원,2870,3351,6221
15805,20201102,5호선,청구,4187,3926,8113
15806,20201102,5호선,신금호,6372,6597,12969
15807,20201102,5호선,행당,8376,7473,15849
15808,20201102,5호선,왕십리,4456,4838,9294
15809,20201102,5호선,마장,5572,5269,10841
15810,20201102,5호선,답십리,16275,14883,31158
15811,20201102,5호선,장한평,18332,18332,36664
15812,20201102,5호선,군자,10624,11638,22262
15813,20201102,5호선,아차산,13834,13612,27446
15814,20201102,5호선,광나루,12958,11852,24810
15815,20201102,5호선,천호,17576,17862,35438
15816,20201102,5호선,강동,19762,18460,38222
15817,20201102,5호선,길동,7779,8122,15901
15818,20201102,5호선,굽은다리,9417,8961,18378
15819,20201102,5호선,명일,8719,8883,17602
15820,20201102,5호선,고덕,9262,9053,18315
15821,20201102,5호선,상일동,16681,14568,31249
15822,20201102,5호선,둔촌동,8245,8187,16432
15823,20201102,5호선,올림픽공원,4338,3833,8171
15824,20201102,5호선,방이,6979,7129,14108
15825,20201102,5호선,오금,3953,3885,7838
15826,20201102,5호선,개롱,6645,6924,13569
15827,20201102,5호선,거여,8337,7847,16184
15828,20201102,5호선,마천,5936,5830,11766
15829,20201102,5호선,미사,12700,12408,25108
15830,20201102,5호선,하남풍산,4819,4570,9389
15831,20201103,5호선,방화,7137,6852,13989
15832,20201103,5호선,개화산,5297,4887,10184
15833,20201103,5호선,김포공항,6530,6510,13040
15834,20201103,5호선,송정,6966,6520,13486
15835,20201103,5호선,마곡,9636,9268,18904
15836,20201103,5호선,발산,19820,20267,40087
15837,20201103,5호선,우장산,14780,14572,29352
15838,20201103,5호선,화곡,29341,27236,56577
15839,20201103,5호선,까치산,29811,28320,58131
15840,20201103,5호선,신정,14805,11525,26330
15841,20201103,5호선,목동,17718,19386,37104
15842,20201103,5호선,오목교,22921,24954,47875
15843,20201103,5호선,양평,7687,7711,15398
15844,20201103,5호선,영등포구청,4156,4237,8393
15845,20201103,5호선,영등포시장,9275,9574,18849
15846,20201103,5호선,신길,4029,4435,8464
15847,20201103,5호선,여의도,27840,29071,56911
15848,20201103,5호선,여의나루,7734,8011,15745
15849,20201103,5호선,마포,15004,15440,30444
15850,20201103,5호선,공덕,14656,15569,30225
15851,20201103,5호선,애오개,7185,7219,14404
15852,20201103,5호선,충정로,5475,5518,10993
15853,20201103,5호선,서대문,18449,18962,37411
15854,20201103,5호선,광화문,33609,35174,68783
15855,20201103,5호선,종로3가,12279,11631,23910
15856,20201103,5호선,을지로4가,5999,6396,12395
15857,20201103,5호선,동대문역사문화공원,3039,3496,6535
15858,20201103,5호선,청구,4083,3848,7931
15859,20201103,5호선,신금호,6555,6718,13273
15860,20201103,5호선,행당,8533,7587,16120
15861,20201103,5호선,왕십리,4469,4888,9357
15862,20201103,5호선,마장,5732,5471,11203
15863,20201103,5호선,답십리,16517,15066,31583
15864,20201103,5호선,장한평,18713,18583,37296
15865,20201103,5호선,군자,11023,12036,23059
15866,20201103,5호선,아차산,14021,13842,27863
15867,20201103,5호선,광나루,13306,12044,25350
15868,20201103,5호선,천호,18235,18387,36622
15869,20201103,5호선,강동,20175,18757,38932
15870,20201103,5호선,길동,7928,8317,16245
15871,20201103,5호선,굽은다리,9362,8938,18300
15872,20201103,5호선,명일,8822,8995,17817
15873,20201103,5호선,고덕,9317,9121,18438
15874,20201103,5호선,상일동,16570,14719,31289
15875,20201103,5호선,둔촌동,8415,8388,16803
15876,20201103,5호선,올림픽공원,4417,3862,8279
15877,20201103,5호선,방이,7263,7507,14770
15878,20201103,5호선,오금,4031,3868,7899
15879,20201103,5호선,개롱,6785,7021,13806
15880,20201103,5호선,거여,8340,7677,16017
15881,20201103,5호선,마천,5967,6026,11993
15882,20201103,5호선,미사,12702,12501,25203
15883,20201103,5호선,하남풍산,4847,4675,9522
15884,20201104,5호선,방화,7182,6828,14010
15885,20201104,5호선,개화산,5258,4943,10201
15886,20201104,5호선,김포공항,6682,6603,13285
15887,20201104,5호선,송정,7155,6634,13789
15888,20201104,5호선,마곡,9481,9162,18643
15889,20201104,5호선,발산,20701,21529,42230
15890,20201104,5호선,우장산,14730,14545,29275
15891,20201104,5호선,화곡,29748,27707,57455
15892,20201104,5호선,까치산,29966,28546,58512
15893,20201104,5호선,신정,14706,11467,26173
15894,20201104,5호선,목동,17680,19155,36835
15895,20201104,5호선,오목교,22870,24863,47733
15896,20201104,5호선,양평,7606,7595,15201
15897,20201104,5호선,영등포구청,4124,4263,8387
15898,20201104,5호선,영등포시장,9432,9711,19143
15899,20201104,5호선,신길,4099,4436,8535
15900,20201104,5호선,여의도,27359,29138,56497
15901,20201104,5호선,여의나루,7994,8172,16166
15902,20201104,5호선,마포,14804,15405,30209
15903,20201104,5호선,공덕,15070,16225,31295
15904,20201104,5호선,애오개,7286,7228,14514
15905,20201104,5호선,충정로,5406,5388,10794
15906,20201104,5호선,서대문,18661,18993,37654
15907,20201104,5호선,광화문,33821,35550,69371
15908,20201104,5호선,종로3가,12368,11958,24326
15909,20201104,5호선,을지로4가,6104,6320,12424
15910,20201104,5호선,동대문역사문화공원,2848,3358,6206
15911,20201104,5호선,청구,4190,3902,8092
15912,20201104,5호선,신금호,6533,6671,13204
15913,20201104,5호선,행당,8742,7658,16400
15914,20201104,5호선,왕십리,4529,5063,9592
15915,20201104,5호선,마장,5831,5441,11272
15916,20201104,5호선,답십리,16490,15020,31510
15917,20201104,5호선,장한평,18836,18743,37579
15918,20201104,5호선,군자,10982,12176,23158
15919,20201104,5호선,아차산,14208,13968,28176
15920,20201104,5호선,광나루,13379,12094,25473
15921,20201104,5호선,천호,18188,18487,36675
15922,20201104,5호선,강동,19931,18379,38310
15923,20201104,5호선,길동,7908,8318,16226
15924,20201104,5호선,굽은다리,9424,8920,18344
15925,20201104,5호선,명일,8781,9158,17939
15926,20201104,5호선,고덕,9406,9005,18411
15927,20201104,5호선,상일동,16699,14589,31288
15928,20201104,5호선,둔촌동,8541,8667,17208
15929,20201104,5호선,올림픽공원,4386,3777,8163
15930,20201104,5호선,방이,7080,7252,14332
15931,20201104,5호선,오금,3972,3839,7811
15932,20201104,5호선,개롱,6668,6865,13533
15933,20201104,5호선,거여,8381,7862,16243
15934,20201104,5호선,마천,5959,5811,11770
15935,20201104,5호선,미사,12797,12515,25312
15936,20201104,5호선,하남풍산,4786,4617,9403
15937,20201105,5호선,방화,7216,6868,14084
15938,20201105,5호선,개화산,5293,4888,10181
15939,20201105,5호선,김포공항,6755,6876,13631
15940,20201105,5호선,송정,6994,6464,13458
15941,20201105,5호선,마곡,9413,9103,18516
15942,20201105,5호선,발산,20259,20929,41188
15943,20201105,5호선,우장산,14813,14518,29331
15944,20201105,5호선,화곡,29495,27242,56737
15945,20201105,5호선,까치산,29953,28130,58083
15946,20201105,5호선,신정,14859,11359,26218
15947,20201105,5호선,목동,17831,19390,37221
15948,20201105,5호선,오목교,22982,25302,48284
15949,20201105,5호선,양평,7584,7561,15145
15950,20201105,5호선,영등포구청,4195,4335,8530
15951,20201105,5호선,영등포시장,9321,9575,18896
15952,20201105,5호선,신길,4113,4307,8420
15953,20201105,5호선,여의도,27383,29121,56504
15954,20201105,5호선,여의나루,8162,8482,16644
15955,20201105,5호선,마포,14958,15385,30343
15956,20201105,5호선,공덕,15005,16148,31153
15957,20201105,5호선,애오개,7211,7277,14488
15958,20201105,5호선,충정로,5255,5311,10566
15959,20201105,5호선,서대문,18244,18927,37171
15960,20201105,5호선,광화문,33384,35555,68939
15961,20201105,5호선,종로3가,12632,12198,24830
15962,20201105,5호선,을지로4가,6136,6374,12510
15963,20201105,5호선,동대문역사문화공원,2429,2900,5329
15964,20201105,5호선,청구,4169,3916,8085
15965,20201105,5호선,신금호,6553,6641,13194
15966,20201105,5호선,행당,8684,7492,16176
15967,20201105,5호선,왕십리,4512,5165,9677
15968,20201105,5호선,마장,5950,5631,11581
15969,20201105,5호선,답십리,16492,14749,31241
15970,20201105,5호선,장한평,18853,18611,37464
15971,20201105,5호선,군자,11179,12234,23413
15972,20201105,5호선,아차산,14403,14028,28431
15973,20201105,5호선,광나루,13687,12391,26078
15974,20201105,5호선,천호,18279,18641,36920
15975,20201105,5호선,강동,19785,18321,38106
15976,20201105,5호선,길동,7814,8042,15856
15977,20201105,5호선,굽은다리,9467,8813,18280
15978,20201105,5호선,명일,8763,8993,17756
15979,20201105,5호선,고덕,9425,8996,18421
15980,20201105,5호선,상일동,16546,14407,30953
15981,20201105,5호선,둔촌동,8547,8243,16790
15982,20201105,5호선,올림픽공원,4428,3707,8135
15983,20201105,5호선,방이,7070,7255,14325
15984,20201105,5호선,오금,3944,3926,7870
15985,20201105,5호선,개롱,6766,6914,13680
15986,20201105,5호선,거여,8368,7905,16273
15987,20201105,5호선,마천,6101,5984,12085
15988,20201105,5호선,미사,12859,12594,25453
15989,20201105,5호선,하남풍산,4881,4680,9561
15990,20201106,5호선,하남풍산,4950,4715,9665
15991,20201106,5호선,미사,13335,12978,26313
15992,20201106,5호선,마천,6139,5928,12067
15993,20201106,5호선,거여,8482,7768,16250
15994,20201106,5호선,개롱,6815,6803,13618
15995,20201106,5호선,오금,3990,3870,7860
15996,20201106,5호선,방이,7244,7398,14642
15997,20201106,5호선,올림픽공원,4284,3617,7901
15998,20201106,5호선,둔촌동,8496,8484,16980
15999,20201106,5호선,상일동,16989,14447,31436
16000,20201106,5호선,고덕,9435,9055,18490
16001,20201106,5호선,명일,8878,8997,17875
16002,20201106,5호선,굽은다리,9774,8972,18746
16003,20201106,5호선,길동,7954,8384,16338
16004,20201106,5호선,강동,20576,18505,39081
16005,20201106,5호선,천호,18690,19621,38311
16006,20201106,5호선,광나루,13739,12149,25888
16007,20201106,5호선,아차산,14277,13655,27932
16008,20201106,5호선,군자,11526,12682,24208
16009,20201106,5호선,장한평,18924,18472,37396
16010,20201106,5호선,답십리,16619,14817,31436
16011,20201106,5호선,마장,5948,5554,11502
16012,20201106,5호선,왕십리,4553,5332,9885
16013,20201106,5호선,행당,8644,7451,16095
16014,20201106,5호선,신금호,6606,6591,13197
16015,20201106,5호선,청구,4245,3924,8169
16016,20201106,5호선,동대문역사문화공원,2461,2946,5407
16017,20201106,5호선,을지로4가,6122,6480,12602
16018,20201106,5호선,종로3가,12912,13565,26477
16019,20201106,5호선,광화문,32217,34603,66820
16020,20201106,5호선,서대문,18237,18388,36625
16021,20201106,5호선,충정로,4953,5023,9976
16022,20201106,5호선,애오개,7230,7094,14324
16023,20201106,5호선,공덕,15223,16506,31729
16024,20201106,5호선,마포,14826,15676,30502
16025,20201106,5호선,여의나루,8722,8746,17468
16026,20201106,5호선,여의도,27031,28718,55749
16027,20201106,5호선,신길,4070,4246,8316
16028,20201106,5호선,영등포시장,9479,9776,19255
16029,20201106,5호선,영등포구청,4207,4232,8439
16030,20201106,5호선,양평,7590,7267,14857
16031,20201106,5호선,오목교,23662,26329,49991
16032,20201106,5호선,목동,18114,19438,37552
16033,20201106,5호선,신정,14849,11115,25964
16034,20201106,5호선,까치산,30379,28351,58730
16035,20201106,5호선,화곡,30218,27598,57816
16036,20201106,5호선,우장산,14994,14408,29402
16037,20201106,5호선,발산,20081,21099,41180
16038,20201106,5호선,마곡,9506,9209,18715
16039,20201106,5호선,송정,7160,6494,13654
16040,20201106,5호선,김포공항,7720,7664,15384
16041,20201106,5호선,개화산,5326,4946,10272
16042,20201106,5호선,방화,7164,6495,13659
16043,20201107,5호선,마포,7383,7665,15048
16044,20201107,5호선,방화,5123,4836,9959
16045,20201107,5호선,개화산,3626,3495,7121
16046,20201107,5호선,김포공항,6951,7609,14560
16047,20201107,5호선,송정,5235,5068,10303
16048,20201107,5호선,마곡,4359,4219,8578
16049,20201107,5호선,발산,14038,14984,29022
16050,20201107,5호선,우장산,9692,9355,19047
16051,20201107,5호선,화곡,20428,18353,38781
16052,20201107,5호선,까치산,21220,19561,40781
16053,20201107,5호선,신정,9190,7283,16473
16054,20201107,5호선,목동,11562,11778,23340
16055,20201107,5호선,오목교,18120,18851,36971
16056,20201107,5호선,양평,3527,3296,6823
16057,20201107,5호선,영등포구청,2012,1955,3967
16058,20201107,5호선,영등포시장,7426,7742,15168
16059,20201107,5호선,신길,2390,2421,4811
16060,20201107,5호선,여의도,8495,9583,18078
16061,20201107,5호선,여의나루,7009,6911,13920
16062,20201107,5호선,공덕,7418,7805,15223
16063,20201107,5호선,애오개,3912,3648,7560
16064,20201107,5호선,충정로,2080,1859,3939
16065,20201107,5호선,서대문,7617,7424,15041
16066,20201107,5호선,광화문,15830,15807,31637
16067,20201107,5호선,종로3가,12067,12283,24350
16068,20201107,5호선,을지로4가,3311,3627,6938
16069,20201107,5호선,동대문역사문화공원,955,1310,2265
16070,20201107,5호선,청구,2643,2311,4954
16071,20201107,5호선,신금호,4133,4140,8273
16072,20201107,5호선,행당,5790,4883,10673
16073,20201107,5호선,왕십리,3368,3999,7367
16074,20201107,5호선,마장,3928,3763,7691
16075,20201107,5호선,답십리,10489,9183,19672
16076,20201107,5호선,장한평,11017,10694,21711
16077,20201107,5호선,군자,8151,8873,17024
16078,20201107,5호선,아차산,12101,11864,23965
16079,20201107,5호선,광나루,10394,9884,20278
16080,20201107,5호선,천호,16968,16451,33419
16081,20201107,5호선,강동,14196,13185,27381
16082,20201107,5호선,길동,5689,5714,11403
16083,20201107,5호선,굽은다리,7089,6490,13579
16084,20201107,5호선,명일,6010,5804,11814
16085,20201107,5호선,고덕,6122,5760,11882
16086,20201107,5호선,상일동,9902,8715,18617
16087,20201107,5호선,둔촌동,5662,5881,11543
16088,20201107,5호선,올림픽공원,3181,2768,5949
16089,20201107,5호선,방이,5470,5308,10778
16090,20201107,5호선,오금,2773,2537,5310
16091,20201107,5호선,개롱,4376,4470,8846
16092,20201107,5호선,거여,5426,5098,10524
16093,20201107,5호선,마천,4365,4273,8638
16094,20201107,5호선,미사,9360,9024,18384
16095,20201107,5호선,하남풍산,3498,3648,7146
16096,20201108,5호선,방화,3618,3528,7146
16097,20201108,5호선,개화산,2550,2567,5117
16098,20201108,5호선,김포공항,6569,6462,13031
16099,20201108,5호선,송정,3642,3697,7339
16100,20201108,5호선,마곡,2964,3028,5992
16101,20201108,5호선,발산,9080,9560,18640
16102,20201108,5호선,우장산,6525,6770,13295
16103,20201108,5호선,화곡,13774,13219,26993
16104,20201108,5호선,까치산,14979,14781,29760
16105,20201108,5호선,신정,6235,5550,11785
16106,20201108,5호선,목동,7728,8096,15824
16107,20201108,5호선,오목교,11658,12234,23892
16108,20201108,5호선,양평,2582,2544,5126
16109,20201108,5호선,영등포구청,1229,1164,2393
16110,20201108,5호선,영등포시장,4494,4779,9273
16111,20201108,5호선,신길,1737,1831,3568
16112,20201108,5호선,여의도,5536,5982,11518
16113,20201108,5호선,여의나루,5126,5114,10240
16114,20201108,5호선,마포,4524,4534,9058
16115,20201108,5호선,공덕,4599,4550,9149
16116,20201108,5호선,애오개,2606,2703,5309
16117,20201108,5호선,충정로,1447,1424,2871
16118,20201108,5호선,서대문,5554,5600,11154
16119,20201108,5호선,광화문,12413,11680,24093
16120,20201108,5호선,종로3가,9117,7403,16520
16121,20201108,5호선,을지로4가,1263,1328,2591
16122,20201108,5호선,동대문역사문화공원,690,839,1529
16123,20201108,5호선,청구,1742,1578,3320
16124,20201108,5호선,신금호,2783,3038,5821
16125,20201108,5호선,행당,4036,3779,7815
16126,20201108,5호선,왕십리,2334,2591,4925
16127,20201108,5호선,마장,2917,2841,5758
16128,20201108,5호선,답십리,7006,6689,13695
16129,20201108,5호선,장한평,7089,7142,14231
16130,20201108,5호선,군자,5735,6332,12067
16131,20201108,5호선,아차산,10108,10164,20272
16132,20201108,5호선,광나루,7786,7809,15595
16133,20201108,5호선,천호,12213,11736,23949
16134,20201108,5호선,강동,9590,9410,19000
16135,20201108,5호선,길동,3984,4070,8054
16136,20201108,5호선,굽은다리,4981,4644,9625
16137,20201108,5호선,명일,4525,4440,8965
16138,20201108,5호선,고덕,3774,3876,7650
16139,20201108,5호선,상일동,6631,6452,13083
16140,20201108,5호선,둔촌동,4397,4337,8734
16141,20201108,5호선,올림픽공원,2250,2014,4264
16142,20201108,5호선,방이,3926,3727,7653
16143,20201108,5호선,오금,1622,1568,3190
16144,20201108,5호선,개롱,3084,3353,6437
16145,20201108,5호선,거여,3678,3614,7292
16146,20201108,5호선,마천,3200,3424,6624
16147,20201108,5호선,미사,6290,6223,12513
16148,20201108,5호선,하남풍산,2702,2833,5535
16149,20201109,5호선,방화,6893,6477,13370
16150,20201109,5호선,개화산,5229,4934,10163
16151,20201109,5호선,김포공항,6781,6638,13419
16152,20201109,5호선,송정,6907,6376,13283
16153,20201109,5호선,마곡,9473,9176,18649
16154,20201109,5호선,발산,19502,19888,39390
16155,20201109,5호선,우장산,14636,14384,29020
16156,20201109,5호선,화곡,28799,26873,55672
16157,20201109,5호선,까치산,29424,28053,57477
16158,20201109,5호선,신정,14509,11283,25792
16159,20201109,5호선,목동,17472,19100,36572
16160,20201109,5호선,오목교,21389,23631,45020
16161,20201109,5호선,양평,7682,7624,15306
16162,20201109,5호선,영등포구청,4178,4309,8487
16163,20201109,5호선,영등포시장,9028,9391,18419
16164,20201109,5호선,신길,3951,4288,8239
16165,20201109,5호선,여의도,26958,28490,55448
16166,20201109,5호선,여의나루,7747,7923,15670
16167,20201109,5호선,마포,14841,15371,30212
16168,20201109,5호선,공덕,14630,15703,30333
16169,20201109,5호선,애오개,6986,7077,14063
16170,20201109,5호선,충정로,5170,5264,10434
16171,20201109,5호선,서대문,18335,18686,37021
16172,20201109,5호선,광화문,32521,34174,66695
16173,20201109,5호선,종로3가,11701,11383,23084
16174,20201109,5호선,을지로4가,6253,6337,12590
16175,20201109,5호선,동대문역사문화공원,2916,3374,6290
16176,20201109,5호선,청구,4038,3830,7868
16177,20201109,5호선,신금호,6323,6562,12885
16178,20201109,5호선,행당,8423,7548,15971
16179,20201109,5호선,왕십리,4509,4901,9410
16180,20201109,5호선,마장,5662,5314,10976
16181,20201109,5호선,답십리,16309,14902,31211
16182,20201109,5호선,장한평,18759,18288,37047
16183,20201109,5호선,군자,10715,11638,22353
16184,20201109,5호선,아차산,13947,13878,27825
16185,20201109,5호선,광나루,13031,11992,25023
16186,20201109,5호선,천호,16548,17201,33749
16187,20201109,5호선,강동,19584,18322,37906
16188,20201109,5호선,길동,7977,8250,16227
16189,20201109,5호선,굽은다리,9304,8921,18225
16190,20201109,5호선,명일,8728,8960,17688
16191,20201109,5호선,고덕,9224,9159,18383
16192,20201109,5호선,상일동,16484,14442,30926
16193,20201109,5호선,둔촌동,8171,8234,16405
16194,20201109,5호선,올림픽공원,4322,3712,8034
16195,20201109,5호선,방이,6956,7199,14155
16196,20201109,5호선,오금,3951,3866,7817
16197,20201109,5호선,개롱,6682,6920,13602
16198,20201109,5호선,거여,8288,7795,16083
16199,20201109,5호선,마천,5917,5776,11693
16200,20201109,5호선,미사,12840,12411,25251
16201,20201109,5호선,하남풍산,4731,4563,9294
16202,20201110,5호선,하남풍산,4974,4801,9775
16203,20201110,5호선,미사,13506,12969,26475
16204,20201110,5호선,마천,6204,6111,12315
16205,20201110,5호선,거여,8462,7990,16452
16206,20201110,5호선,개롱,6722,6932,13654
16207,20201110,5호선,오금,3997,3986,7983
16208,20201110,5호선,방이,7133,7409,14542
16209,20201110,5호선,올림픽공원,4487,3809,8296
16210,20201110,5호선,둔촌동,8425,8384,16809
16211,20201110,5호선,상일동,16798,14774,31572
16212,20201110,5호선,고덕,9412,9263,18675
16213,20201110,5호선,명일,9117,9160,18277
16214,20201110,5호선,굽은다리,9664,9122,18786
16215,20201110,5호선,길동,8112,8361,16473
16216,20201110,5호선,강동,20307,18793,39100
16217,20201110,5호선,천호,18590,19077,37667
16218,20201110,5호선,광나루,13682,12353,26035
16219,20201110,5호선,아차산,14481,14285,28766
16220,20201110,5호선,군자,11239,12131,23370
16221,20201110,5호선,장한평,18956,18732,37688
16222,20201110,5호선,답십리,16588,15035,31623
16223,20201110,5호선,마장,5857,5439,11296
16224,20201110,5호선,왕십리,4496,4978,9474
16225,20201110,5호선,행당,8685,7617,16302
16226,20201110,5호선,신금호,6529,6653,13182
16227,20201110,5호선,청구,4325,3990,8315
16228,20201110,5호선,동대문역사문화공원,3031,3578,6609
16229,20201110,5호선,을지로4가,6223,6498,12721
16230,20201110,5호선,종로3가,12425,12217,24642
16231,20201110,5호선,광화문,33590,35601,69191
16232,20201110,5호선,서대문,18799,19284,38083
16233,20201110,5호선,충정로,5292,5449,10741
16234,20201110,5호선,애오개,7284,7439,14723
16235,20201110,5호선,공덕,15192,16322,31514
16236,20201110,5호선,마포,15055,15776,30831
16237,20201110,5호선,여의나루,8152,8357,16509
16238,20201110,5호선,여의도,27809,29227,57036
16239,20201110,5호선,신길,4060,4396,8456
16240,20201110,5호선,영등포시장,9503,9746,19249
16241,20201110,5호선,영등포구청,4219,4332,8551
16242,20201110,5호선,양평,7674,7608,15282
16243,20201110,5호선,오목교,23305,25445,48750
16244,20201110,5호선,목동,17994,19515,37509
16245,20201110,5호선,신정,14818,11435,26253
16246,20201110,5호선,까치산,30210,28553,58763
16247,20201110,5호선,화곡,29301,27320,56621
16248,20201110,5호선,우장산,15032,14673,29705
16249,20201110,5호선,발산,20222,20633,40855
16250,20201110,5호선,마곡,9638,9280,18918
16251,20201110,5호선,송정,6992,6514,13506
16252,20201110,5호선,김포공항,6845,6678,13523
16253,20201110,5호선,개화산,5345,5015,10360
16254,20201110,5호선,방화,7124,6759,13883
16255,20201111,5호선,방화,7081,6758,13839
16256,20201111,5호선,개화산,5382,5074,10456
16257,20201111,5호선,김포공항,7008,6891,13899
16258,20201111,5호선,송정,7144,6631,13775
16259,20201111,5호선,마곡,9713,9420,19133
16260,20201111,5호선,발산,20532,21157,41689
16261,20201111,5호선,우장산,15025,14771,29796
16262,20201111,5호선,화곡,29937,27848,57785
16263,20201111,5호선,까치산,30721,28896,59617
16264,20201111,5호선,신정,15094,11593,26687
16265,20201111,5호선,목동,18114,19749,37863
16266,20201111,5호선,오목교,23678,25965,49643
16267,20201111,5호선,양평,7730,7702,15432
16268,20201111,5호선,영등포구청,4294,4456,8750
16269,20201111,5호선,영등포시장,9570,9888,19458
16270,20201111,5호선,신길,4121,4447,8568
16271,20201111,5호선,여의도,27871,29665,57536
16272,20201111,5호선,여의나루,8607,8701,17308
16273,20201111,5호선,마포,15018,15723,30741
16274,20201111,5호선,공덕,15469,16506,31975
16275,20201111,5호선,애오개,7344,7453,14797
16276,20201111,5호선,충정로,5390,5512,10902
16277,20201111,5호선,서대문,18778,19494,38272
16278,20201111,5호선,광화문,34360,36434,70794
16279,20201111,5호선,종로3가,13209,12982,26191
16280,20201111,5호선,을지로4가,6257,6491,12748
16281,20201111,5호선,동대문역사문화공원,3023,3515,6538
16282,20201111,5호선,청구,4255,3986,8241
16283,20201111,5호선,신금호,6642,6772,13414
16284,20201111,5호선,행당,8850,7743,16593
16285,20201111,5호선,왕십리,4605,5287,9892
16286,20201111,5호선,마장,5900,5541,11441
16287,20201111,5호선,답십리,16779,15172,31951
16288,20201111,5호선,장한평,19087,18750,37837
16289,20201111,5호선,군자,11414,12560,23974
16290,20201111,5호선,아차산,15032,14622,29654
16291,20201111,5호선,광나루,13974,12467,26441
16292,20201111,5호선,천호,18747,19158,37905
16293,20201111,5호선,강동,20464,19145,39609
16294,20201111,5호선,길동,7935,8327,16262
16295,20201111,5호선,굽은다리,9772,9097,18869
16296,20201111,5호선,명일,9090,9386,18476
16297,20201111,5호선,고덕,9623,9121,18744
16298,20201111,5호선,상일동,17165,14936,32101
16299,20201111,5호선,둔촌동,8545,8581,17126
16300,20201111,5호선,올림픽공원,4523,3879,8402
16301,20201111,5호선,방이,7118,7501,14619
16302,20201111,5호선,오금,4012,4010,8022
16303,20201111,5호선,개롱,6899,7127,14026
16304,20201111,5호선,거여,8634,8015,16649
16305,20201111,5호선,마천,6177,6010,12187
16306,20201111,5호선,미사,13838,13348,27186
16307,20201111,5호선,하남풍산,5037,4741,9778
16308,20201112,5호선,하남풍산,5030,4762,9792
16309,20201112,5호선,미사,13439,13080,26519
16310,20201112,5호선,마천,6124,5946,12070
16311,20201112,5호선,거여,8315,7741,16056
16312,20201112,5호선,개롱,6836,7020,13856
16313,20201112,5호선,오금,3967,3974,7941
16314,20201112,5호선,방이,7101,7366,14467
16315,20201112,5호선,올림픽공원,4928,4493,9421
16316,20201112,5호선,둔촌동,8494,8489,16983
16317,20201112,5호선,상일동,16989,14863,31852
16318,20201112,5호선,고덕,9584,9206,18790
16319,20201112,5호선,명일,8912,9130,18042
16320,20201112,5호선,굽은다리,9713,9179,18892
16321,20201112,5호선,길동,7906,8169,16075
16322,20201112,5호선,강동,20288,18897,39185
16323,20201112,5호선,천호,18372,18791,37163
16324,20201112,5호선,광나루,14091,12644,26735
16325,20201112,5호선,아차산,15013,14389,29402
16326,20201112,5호선,군자,11259,12282,23541
16327,20201112,5호선,장한평,18973,18598,37571
16328,20201112,5호선,답십리,16535,15039,31574
16329,20201112,5호선,마장,5919,5549,11468
16330,20201112,5호선,왕십리,4523,5042,9565
16331,20201112,5호선,행당,8665,7631,16296
16332,20201112,5호선,신금호,6584,6670,13254
16333,20201112,5호선,청구,4153,3950,8103
16334,20201112,5호선,동대문역사문화공원,2917,3393,6310
16335,20201112,5호선,을지로4가,6246,6619,12865
16336,20201112,5호선,종로3가,13074,12683,25757
16337,20201112,5호선,광화문,33720,36148,69868
16338,20201112,5호선,서대문,18634,19207,37841
16339,20201112,5호선,충정로,5280,5320,10600
16340,20201112,5호선,애오개,7239,7272,14511
16341,20201112,5호선,공덕,15209,16560,31769
16342,20201112,5호선,마포,15404,15836,31240
16343,20201112,5호선,여의나루,8260,8511,16771
16344,20201112,5호선,여의도,27315,29252,56567
16345,20201112,5호선,신길,4029,4323,8352
16346,20201112,5호선,영등포시장,9424,9581,19005
16347,20201112,5호선,영등포구청,4241,4320,8561
16348,20201112,5호선,양평,7742,7582,15324
16349,20201112,5호선,오목교,23405,25569,48974
16350,20201112,5호선,목동,18038,19684,37722
16351,20201112,5호선,신정,14957,11430,26387
16352,20201112,5호선,까치산,30057,28677,58734
16353,20201112,5호선,화곡,29690,27363,57053
16354,20201112,5호선,우장산,14957,14486,29443
16355,20201112,5호선,발산,19884,20532,40416
16356,20201112,5호선,마곡,9633,9363,18996
16357,20201112,5호선,송정,7091,6516,13607
16358,20201112,5호선,김포공항,7121,7174,14295
16359,20201112,5호선,개화산,5362,4988,10350
16360,20201112,5호선,방화,7082,6727,13809
16361,20201113,5호선,방화,7335,6739,14074
16362,20201113,5호선,개화산,5420,4995,10415
16363,20201113,5호선,김포공항,8013,7830,15843
16364,20201113,5호선,송정,7339,6725,14064
16365,20201113,5호선,마곡,9575,9207,18782
16366,20201113,5호선,발산,20053,20796,40849
16367,20201113,5호선,우장산,15175,14638,29813
16368,20201113,5호선,화곡,30225,27212,57437
16369,20201113,5호선,까치산,30974,28679,59653
16370,20201113,5호선,신정,14891,11122,26013
16371,20201113,5호선,목동,18226,19873,38099
16372,20201113,5호선,오목교,23963,26214,50177
16373,20201113,5호선,양평,7696,7251,14947
16374,20201113,5호선,영등포구청,4324,4270,8594
16375,20201113,5호선,영등포시장,9681,9915,19596
16376,20201113,5호선,신길,4220,4451,8671
16377,20201113,5호선,여의도,27054,28630,55684
16378,20201113,5호선,여의나루,8621,8510,17131
16379,20201113,5호선,마포,14964,15584,30548
16380,20201113,5호선,공덕,15311,16605,31916
16381,20201113,5호선,애오개,7283,7083,14366
16382,20201113,5호선,충정로,5097,5014,10111
16383,20201113,5호선,서대문,18038,18487,36525
16384,20201113,5호선,광화문,33672,36328,70000
16385,20201113,5호선,종로3가,13376,14467,27843
16386,20201113,5호선,을지로4가,6287,6681,12968
16387,20201113,5호선,동대문역사문화공원,2934,3499,6433
16388,20201113,5호선,청구,4159,3909,8068
16389,20201113,5호선,신금호,6683,6500,13183
16390,20201113,5호선,행당,8845,7612,16457
16391,20201113,5호선,왕십리,4808,5510,10318
16392,20201113,5호선,마장,5792,5414,11206
16393,20201113,5호선,답십리,16895,15195,32090
16394,20201113,5호선,장한평,19325,18781,38106
16395,20201113,5호선,군자,11453,12896,24349
16396,20201113,5호선,아차산,14952,14334,29286
16397,20201113,5호선,광나루,13914,12541,26455
16398,20201113,5호선,천호,19425,19838,39263
16399,20201113,5호선,강동,20476,18712,39188
16400,20201113,5호선,길동,8243,8548,16791
16401,20201113,5호선,굽은다리,9841,9073,18914
16402,20201113,5호선,명일,9290,9390,18680
16403,20201113,5호선,고덕,9674,9206,18880
16404,20201113,5호선,상일동,17165,14623,31788
16405,20201113,5호선,둔촌동,8801,8809,17610
16406,20201113,5호선,올림픽공원,5022,4771,9793
16407,20201113,5호선,방이,7326,7639,14965
16408,20201113,5호선,오금,4079,3885,7964
16409,20201113,5호선,개롱,6996,6953,13949
16410,20201113,5호선,거여,8488,7801,16289
16411,20201113,5호선,마천,6125,5951,12076
16412,20201113,5호선,미사,13743,13362,27105
16413,20201113,5호선,하남풍산,5013,4879,9892
16414,20201114,5호선,하남풍산,3566,3647,7213
16415,20201114,5호선,미사,9522,8980,18502
16416,20201114,5호선,마천,4365,4275,8640
16417,20201114,5호선,거여,5440,5088,10528
16418,20201114,5호선,개롱,4471,4643,9114
16419,20201114,5호선,오금,2266,2057,4323
16420,20201114,5호선,방이,5272,5238,10510
16421,20201114,5호선,올림픽공원,3633,3351,6984
16422,20201114,5호선,둔촌동,5834,5759,11593
16423,20201114,5호선,상일동,10276,9203,19479
16424,20201114,5호선,고덕,5985,5706,11691
16425,20201114,5호선,명일,5912,5735,11647
16426,20201114,5호선,굽은다리,6854,6365,13219
16427,20201114,5호선,길동,5745,5766,11511
16428,20201114,5호선,강동,14387,13165,27552
16429,20201114,5호선,천호,16628,16039,32667
16430,20201114,5호선,광나루,9704,9141,18845
16431,20201114,5호선,아차산,11721,11614,23335
16432,20201114,5호선,군자,8380,9149,17529
16433,20201114,5호선,장한평,10664,10475,21139
16434,20201114,5호선,답십리,10193,9138,19331
16435,20201114,5호선,마장,3861,3693,7554
16436,20201114,5호선,왕십리,3337,4029,7366
16437,20201114,5호선,행당,5787,4935,10722
16438,20201114,5호선,신금호,3981,3963,7944
16439,20201114,5호선,청구,2519,2332,4851
16440,20201114,5호선,동대문역사문화공원,926,1262,2188
16441,20201114,5호선,을지로4가,3300,3496,6796
16442,20201114,5호선,종로3가,11332,12022,23354
16443,20201114,5호선,광화문,14865,15215,30080
16444,20201114,5호선,서대문,7167,7096,14263
16445,20201114,5호선,충정로,2004,1778,3782
16446,20201114,5호선,애오개,3772,3656,7428
16447,20201114,5호선,공덕,7231,7817,15048
16448,20201114,5호선,마포,7412,7401,14813
16449,20201114,5호선,여의나루,6814,6675,13489
16450,20201114,5호선,여의도,9173,10119,19292
16451,20201114,5호선,신길,2535,2473,5008
16452,20201114,5호선,영등포시장,7115,7658,14773
16453,20201114,5호선,영등포구청,2045,1980,4025
16454,20201114,5호선,양평,3513,3255,6768
16455,20201114,5호선,오목교,17138,18202,35340
16456,20201114,5호선,목동,11402,11639,23041
16457,20201114,5호선,신정,9159,7300,16459
16458,20201114,5호선,까치산,21412,19778,41190
16459,20201114,5호선,화곡,20060,18163,38223
16460,20201114,5호선,우장산,9767,9383,19150
16461,20201114,5호선,발산,13390,14715,28105
16462,20201114,5호선,마곡,4439,4244,8683
16463,20201114,5호선,송정,5146,4971,10117
16464,20201114,5호선,김포공항,7060,7476,14536
16465,20201114,5호선,개화산,3617,3452,7069
16466,20201114,5호선,방화,4851,4516,9367
16467,20201115,5호선,하남풍산,2612,2697,5309
16468,20201115,5호선,미사,6520,6363,12883
16469,20201115,5호선,마천,3167,3470,6637
16470,20201115,5호선,거여,3537,3398,6935
16471,20201115,5호선,개롱,2978,3234,6212
16472,20201115,5호선,오금,1595,1521,3116
16473,20201115,5호선,방이,3948,3805,7753
16474,20201115,5호선,올림픽공원,2567,2582,5149
16475,20201115,5호선,둔촌동,4264,4286,8550
16476,20201115,5호선,상일동,6674,6429,13103
16477,20201115,5호선,고덕,3927,4002,7929
16478,20201115,5호선,명일,4173,4323,8496
16479,20201115,5호선,굽은다리,5122,4834,9956
16480,20201115,5호선,길동,3704,3798,7502
16481,20201115,5호선,강동,9513,9378,18891
16482,20201115,5호선,천호,11700,11384,23084
16483,20201115,5호선,광나루,7244,6892,14136
16484,20201115,5호선,아차산,9412,9393,18805
16485,20201115,5호선,군자,5624,6254,11878
16486,20201115,5호선,장한평,7132,7000,14132
16487,20201115,5호선,답십리,7201,6530,13731
16488,20201115,5호선,마장,2678,2500,5178
16489,20201115,5호선,왕십리,2285,2621,4906
16490,20201115,5호선,행당,4038,3771,7809
16491,20201115,5호선,신금호,2854,3053,5907
16492,20201115,5호선,청구,1752,1627,3379
16493,20201115,5호선,동대문역사문화공원,517,705,1222
16494,20201115,5호선,을지로4가,1263,1315,2578
16495,20201115,5호선,종로3가,8243,6791,15034
16496,20201115,5호선,광화문,11155,11129,22284
16497,20201115,5호선,서대문,4990,4998,9988
16498,20201115,5호선,충정로,1476,1457,2933
16499,20201115,5호선,애오개,2531,2602,5133
16500,20201115,5호선,공덕,4449,4349,8798
16501,20201115,5호선,마포,4519,4472,8991
16502,20201115,5호선,여의나루,4914,4793,9707
16503,20201115,5호선,여의도,5258,5831,11089
16504,20201115,5호선,신길,1496,1737,3233
16505,20201115,5호선,영등포시장,4330,4586,8916
16506,20201115,5호선,영등포구청,1253,1220,2473
16507,20201115,5호선,양평,2545,2565,5110
16508,20201115,5호선,오목교,11157,11780,22937
16509,20201115,5호선,목동,7547,7847,15394
16510,20201115,5호선,신정,6249,5494,11743
16511,20201115,5호선,까치산,15102,14723,29825
16512,20201115,5호선,화곡,13688,12858,26546
16513,20201115,5호선,우장산,6195,6423,12618
16514,20201115,5호선,발산,8492,8886,17378
16515,20201115,5호선,마곡,2756,2869,5625
16516,20201115,5호선,송정,3588,3594,7182
16517,20201115,5호선,김포공항,6339,6180,12519
16518,20201115,5호선,개화산,2633,2652,5285
16519,20201115,5호선,방화,3640,3571,7211
16520,20201116,5호선,하남풍산,4881,4603,9484
16521,20201116,5호선,미사,13225,12875,26100
16522,20201116,5호선,마천,5956,5891,11847
16523,20201116,5호선,거여,8176,7766,15942
16524,20201116,5호선,개롱,6575,6961,13536
16525,20201116,5호선,오금,3930,3966,7896
16526,20201116,5호선,방이,6745,7060,13805
16527,20201116,5호선,올림픽공원,4318,3692,8010
16528,20201116,5호선,둔촌동,8194,8149,16343
16529,20201116,5호선,상일동,16324,14413,30737
16530,20201116,5호선,고덕,9203,8903,18106
16531,20201116,5호선,명일,8708,8998,17706
16532,20201116,5호선,굽은다리,9341,8795,18136
16533,20201116,5호선,길동,7804,8189,15993
16534,20201116,5호선,강동,20065,18673,38738
16535,20201116,5호선,천호,17192,17689,34881
16536,20201116,5호선,광나루,13334,12008,25342
16537,20201116,5호선,아차산,14248,13871,28119
16538,20201116,5호선,군자,10801,11886,22687
16539,20201116,5호선,장한평,18337,18193,36530
16540,20201116,5호선,답십리,16281,14668,30949
16541,20201116,5호선,마장,5631,5389,11020
16542,20201116,5호선,왕십리,4428,4852,9280
16543,20201116,5호선,행당,8411,7506,15917
16544,20201116,5호선,신금호,6419,6640,13059
16545,20201116,5호선,청구,4122,3829,7951
16546,20201116,5호선,동대문역사문화공원,2932,3417,6349
16547,20201116,5호선,을지로4가,6128,6330,12458
16548,20201116,5호선,종로3가,11786,11584,23370
16549,20201116,5호선,광화문,32206,34013,66219
16550,20201116,5호선,서대문,18356,18603,36959
16551,20201116,5호선,충정로,5150,5280,10430
16552,20201116,5호선,애오개,6955,6999,13954
16553,20201116,5호선,공덕,14532,15421,29953
16554,20201116,5호선,마포,14405,15065,29470
16555,20201116,5호선,여의나루,7969,8319,16288
16556,20201116,5호선,여의도,26691,28450,55141
16557,20201116,5호선,신길,3960,4237,8197
16558,20201116,5호선,영등포시장,9143,9436,18579
16559,20201116,5호선,영등포구청,4254,4293,8547
16560,20201116,5호선,양평,7636,7527,15163
16561,20201116,5호선,오목교,22077,24154,46231
16562,20201116,5호선,목동,17309,19204,36513
16563,20201116,5호선,신정,14482,11160,25642
16564,20201116,5호선,까치산,29290,27939,57229
16565,20201116,5호선,화곡,28757,26870,55627
16566,20201116,5호선,우장산,14568,14352,28920
16567,20201116,5호선,발산,19346,19885,39231
16568,20201116,5호선,마곡,9498,9129,18627
16569,20201116,5호선,송정,6741,6348,13089
16570,20201116,5호선,김포공항,6987,6689,13676
16571,20201116,5호선,개화산,5261,4952,10213
16572,20201116,5호선,방화,6982,6601,13583
16573,20201117,5호선,양평,7566,7507,15073
16574,20201117,5호선,하남풍산,4966,4841,9807
16575,20201117,5호선,미사,13357,12914,26271
16576,20201117,5호선,마천,6034,5943,11977
16577,20201117,5호선,거여,8308,7846,16154
16578,20201117,5호선,개롱,6699,6906,13605
16579,20201117,5호선,오금,4054,3978,8032
16580,20201117,5호선,방이,7004,7279,14283
16581,20201117,5호선,올림픽공원,4285,3772,8057
16582,20201117,5호선,둔촌동,8484,8364,16848
16583,20201117,5호선,상일동,16717,14581,31298
16584,20201117,5호선,고덕,9352,9125,18477
16585,20201117,5호선,명일,8997,9188,18185
16586,20201117,5호선,굽은다리,9400,8688,18088
16587,20201117,5호선,길동,7779,8059,15838
16588,20201117,5호선,강동,20031,18686,38717
16589,20201117,5호선,천호,17537,18028,35565
16590,20201117,5호선,광나루,13467,12287,25754
16591,20201117,5호선,아차산,14342,14074,28416
16592,20201117,5호선,군자,10925,12030,22955
16593,20201117,5호선,장한평,18702,18411,37113
16594,20201117,5호선,답십리,16339,15014,31353
16595,20201117,5호선,마장,5745,5524,11269
16596,20201117,5호선,왕십리,4438,4950,9388
16597,20201117,5호선,행당,8437,7516,15953
16598,20201117,5호선,신금호,6520,6656,13176
16599,20201117,5호선,청구,4136,3812,7948
16600,20201117,5호선,동대문역사문화공원,2994,3358,6352
16601,20201117,5호선,을지로4가,6169,6264,12433
16602,20201117,5호선,종로3가,11901,11681,23582
16603,20201117,5호선,광화문,32444,34433,66877
16604,20201117,5호선,서대문,18703,18970,37673
16605,20201117,5호선,충정로,5307,5444,10751
16606,20201117,5호선,애오개,7101,7137,14238
16607,20201117,5호선,공덕,15115,16137,31252
16608,20201117,5호선,마포,14757,15404,30161
16609,20201117,5호선,여의나루,7816,7969,15785
16610,20201117,5호선,여의도,27404,29283,56687
16611,20201117,5호선,신길,4077,4516,8593
16612,20201117,5호선,영등포시장,9269,9458,18727
16613,20201117,5호선,영등포구청,4186,4223,8409
16614,20201117,5호선,오목교,22501,24496,46997
16615,20201117,5호선,목동,17787,19595,37382
16616,20201117,5호선,신정,14660,11386,26046
16617,20201117,5호선,까치산,29653,28034,57687
16618,20201117,5호선,화곡,28933,26699,55632
16619,20201117,5호선,우장산,14692,14521,29213
16620,20201117,5호선,발산,19511,19982,39493
16621,20201117,5호선,마곡,9574,9266,18840
16622,20201117,5호선,송정,6813,6267,13080
16623,20201117,5호선,김포공항,6438,6168,12606
16624,20201117,5호선,개화산,5215,4906,10121
16625,20201117,5호선,방화,6940,6649,13589
16626,20201118,5호선,방화,6870,6529,13399
16627,20201118,5호선,개화산,5227,4940,10167
16628,20201118,5호선,김포공항,6466,6273,12739
16629,20201118,5호선,송정,6668,6285,12953
16630,20201118,5호선,마곡,9507,9400,18907
16631,20201118,5호선,발산,20054,20298,40352
16632,20201118,5호선,우장산,14373,14032,28405
16633,20201118,5호선,화곡,28416,26548,54964
16634,20201118,5호선,까치산,29154,27803,56957
16635,20201118,5호선,신정,14511,11244,25755
16636,20201118,5호선,목동,17434,19266,36700
16637,20201118,5호선,오목교,22189,24309,46498
16638,20201118,5호선,양평,7731,7608,15339
16639,20201118,5호선,영등포구청,4223,4218,8441
16640,20201118,5호선,영등포시장,9135,9468,18603
16641,20201118,5호선,신길,3934,4335,8269
16642,20201118,5호선,여의도,27369,28596,55965
16643,20201118,5호선,여의나루,7426,7695,15121
16644,20201118,5호선,마포,14655,15221,29876
16645,20201118,5호선,공덕,15135,16084,31219
16646,20201118,5호선,애오개,7088,7269,14357
16647,20201118,5호선,충정로,5172,5286,10458
16648,20201118,5호선,서대문,18717,18874,37591
16649,20201118,5호선,광화문,32641,34240,66881
16650,20201118,5호선,종로3가,11846,11621,23467
16651,20201118,5호선,을지로4가,6087,6222,12309
16652,20201118,5호선,동대문역사문화공원,2958,3428,6386
16653,20201118,5호선,청구,4132,3953,8085
16654,20201118,5호선,신금호,6586,6627,13213
16655,20201118,5호선,행당,8377,7494,15871
16656,20201118,5호선,왕십리,4426,4912,9338
16657,20201118,5호선,마장,5647,5347,10994
16658,20201118,5호선,답십리,16167,14767,30934
16659,20201118,5호선,장한평,18560,18443,37003
16660,20201118,5호선,군자,10984,12031,23015
16661,20201118,5호선,아차산,13971,13595,27566
16662,20201118,5호선,광나루,12940,11682,24622
16663,20201118,5호선,천호,17406,17697,35103
16664,20201118,5호선,강동,19756,18509,38265
16665,20201118,5호선,길동,7731,8118,15849
16666,20201118,5호선,굽은다리,9337,8882,18219
16667,20201118,5호선,명일,8731,9046,17777
16668,20201118,5호선,고덕,8998,8676,17674
16669,20201118,5호선,상일동,16471,14612,31083
16670,20201118,5호선,둔촌동,8148,8327,16475
16671,20201118,5호선,올림픽공원,4227,3562,7789
16672,20201118,5호선,방이,7084,7275,14359
16673,20201118,5호선,오금,3904,3761,7665
16674,20201118,5호선,개롱,6593,6870,13463
16675,20201118,5호선,거여,8228,7736,15964
16676,20201118,5호선,마천,5906,5855,11761
16677,20201118,5호선,미사,13200,12735,25935
16678,20201118,5호선,하남풍산,4973,4746,9719
16679,20201119,5호선,방화,6577,6272,12849
16680,20201119,5호선,개화산,4843,4594,9437
16681,20201119,5호선,김포공항,6085,6160,12245
16682,20201119,5호선,송정,6305,5631,11936
16683,20201119,5호선,마곡,8957,8878,17835
16684,20201119,5호선,발산,18309,18703,37012
16685,20201119,5호선,우장산,13538,13432,26970
16686,20201119,5호선,화곡,27060,25271,52331
16687,20201119,5호선,까치산,27893,26244,54137
16688,20201119,5호선,신정,13918,10753,24671
16689,20201119,5호선,목동,16647,18151,34798
16690,20201119,5호선,오목교,21555,23674,45229
16691,20201119,5호선,양평,7383,7267,14650
16692,20201119,5호선,영등포구청,3934,3946,7880
16693,20201119,5호선,영등포시장,8749,8986,17735
16694,20201119,5호선,신길,4071,4206,8277
16695,20201119,5호선,여의도,26348,28913,55261
16696,20201119,5호선,여의나루,6896,7140,14036
16697,20201119,5호선,마포,14313,14808,29121
16698,20201119,5호선,공덕,14663,15765,30428
16699,20201119,5호선,애오개,7082,7035,14117
16700,20201119,5호선,충정로,5064,5111,10175
16701,20201119,5호선,서대문,18126,18813,36939
16702,20201119,5호선,광화문,31072,33437,64509
16703,20201119,5호선,종로3가,10984,10539,21523
16704,20201119,5호선,을지로4가,5666,5864,11530
16705,20201119,5호선,동대문역사문화공원,2863,3444,6307
16706,20201119,5호선,청구,4011,3717,7728
16707,20201119,5호선,신금호,6346,6356,12702
16708,20201119,5호선,행당,8200,7142,15342
16709,20201119,5호선,왕십리,4340,4703,9043
16710,20201119,5호선,마장,5507,5234,10741
16711,20201119,5호선,답십리,15860,14252,30112
16712,20201119,5호선,장한평,17924,17587,35511
16713,20201119,5호선,군자,10624,11375,21999
16714,20201119,5호선,아차산,13342,12643,25985
16715,20201119,5호선,광나루,12335,11168,23503
16716,20201119,5호선,천호,16250,16682,32932
16717,20201119,5호선,강동,19343,17774,37117
16718,20201119,5호선,길동,7434,7636,15070
16719,20201119,5호선,굽은다리,9018,8458,17476
16720,20201119,5호선,명일,8168,8234,16402
16721,20201119,5호선,고덕,8705,8419,17124
16722,20201119,5호선,상일동,15737,13923,29660
16723,20201119,5호선,둔촌동,7805,7841,15646
16724,20201119,5호선,올림픽공원,4049,3414,7463
16725,20201119,5호선,방이,6899,7061,13960
16726,20201119,5호선,오금,3781,3674,7455
16727,20201119,5호선,개롱,6314,6581,12895
16728,20201119,5호선,거여,7800,7394,15194
16729,20201119,5호선,마천,5514,5451,10965
16730,20201119,5호선,미사,12704,12102,24806
16731,20201119,5호선,하남풍산,4699,4369,9068
16732,20201120,5호선,방화,6967,6507,13474
16733,20201120,5호선,개화산,5302,4949,10251
16734,20201120,5호선,김포공항,7491,7209,14700
16735,20201120,5호선,송정,6652,6126,12778
16736,20201120,5호선,마곡,9576,9186,18762
16737,20201120,5호선,발산,18517,19474,37991
16738,20201120,5호선,우장산,14549,14347,28896
16739,20201120,5호선,화곡,29218,26768,55986
16740,20201120,5호선,까치산,29658,27844,57502
16741,20201120,5호선,신정,14593,10996,25589
16742,20201120,5호선,목동,17504,18989,36493
16743,20201120,5호선,오목교,22928,25420,48348
16744,20201120,5호선,양평,7527,7365,14892
16745,20201120,5호선,영등포구청,4047,4047,8094
16746,20201120,5호선,영등포시장,9251,9323,18574
16747,20201120,5호선,신길,4042,4349,8391
16748,20201120,5호선,여의도,26673,27842,54515
16749,20201120,5호선,여의나루,7216,7366,14582
16750,20201120,5호선,마포,14575,15199,29774
16751,20201120,5호선,공덕,14562,16020,30582
16752,20201120,5호선,애오개,7080,6980,14060
16753,20201120,5호선,충정로,5005,5039,10044
16754,20201120,5호선,서대문,18394,18336,36730
16755,20201120,5호선,광화문,31599,33051,64650
16756,20201120,5호선,종로3가,12237,12426,24663
16757,20201120,5호선,을지로4가,5941,6178,12119
16758,20201120,5호선,동대문역사문화공원,2903,3386,6289
16759,20201120,5호선,청구,4158,3864,8022
16760,20201120,5호선,신금호,6614,6639,13253
16761,20201120,5호선,행당,8508,7294,15802
16762,20201120,5호선,왕십리,4648,5120,9768
16763,20201120,5호선,마장,5639,5375,11014
16764,20201120,5호선,답십리,16235,14759,30994
16765,20201120,5호선,장한평,18725,18517,37242
16766,20201120,5호선,군자,11141,12363,23504
16767,20201120,5호선,아차산,14434,13858,28292
16768,20201120,5호선,광나루,13382,12060,25442
16769,20201120,5호선,천호,18136,18578,36714
16770,20201120,5호선,강동,20121,18306,38427
16771,20201120,5호선,길동,8025,8495,16520
16772,20201120,5호선,굽은다리,9459,8977,18436
16773,20201120,5호선,명일,8641,8779,17420
16774,20201120,5호선,고덕,9270,8805,18075
16775,20201120,5호선,상일동,16182,14119,30301
16776,20201120,5호선,둔촌동,8565,8547,17112
16777,20201120,5호선,올림픽공원,4384,3648,8032
16778,20201120,5호선,방이,7125,7433,14558
16779,20201120,5호선,오금,3829,3747,7576
16780,20201120,5호선,개롱,6577,6730,13307
16781,20201120,5호선,거여,8240,7768,16008
16782,20201120,5호선,마천,6015,5872,11887
16783,20201120,5호선,미사,13299,12813,26112
16784,20201120,5호선,하남풍산,4924,4755,9679
16785,20201121,5호선,방화,4321,3983,8304
16786,20201121,5호선,개화산,3222,3152,6374
16787,20201121,5호선,김포공항,6179,6766,12945
16788,20201121,5호선,송정,4593,4522,9115
16789,20201121,5호선,마곡,4076,4031,8107
16790,20201121,5호선,발산,11860,12670,24530
16791,20201121,5호선,우장산,8654,8462,17116
16792,20201121,5호선,화곡,18324,16512,34836
16793,20201121,5호선,까치산,19244,17990,37234
16794,20201121,5호선,신정,8129,6843,14972
16795,20201121,5호선,목동,10265,10545,20810
16796,20201121,5호선,오목교,15742,16350,32092
16797,20201121,5호선,양평,3314,3117,6431
16798,20201121,5호선,영등포구청,1879,1815,3694
16799,20201121,5호선,영등포시장,6335,6725,13060
16800,20201121,5호선,신길,2230,2350,4580
16801,20201121,5호선,여의도,7627,8329,15956
16802,20201121,5호선,여의나루,4746,4690,9436
16803,20201121,5호선,마포,6497,6470,12967
16804,20201121,5호선,공덕,6831,7222,14053
16805,20201121,5호선,애오개,3496,3234,6730
16806,20201121,5호선,충정로,1876,1656,3532
16807,20201121,5호선,서대문,6866,6964,13830
16808,20201121,5호선,광화문,12887,13007,25894
16809,20201121,5호선,종로3가,9376,9430,18806
16810,20201121,5호선,을지로4가,2846,3110,5956
16811,20201121,5호선,동대문역사문화공원,844,1145,1989
16812,20201121,5호선,청구,2351,2147,4498
16813,20201121,5호선,신금호,3770,3706,7476
16814,20201121,5호선,행당,5392,4658,10050
16815,20201121,5호선,왕십리,3028,3559,6587
16816,20201121,5호선,마장,3496,3362,6858
16817,20201121,5호선,답십리,9362,8416,17778
16818,20201121,5호선,장한평,10028,9800,19828
16819,20201121,5호선,군자,7578,8255,15833
16820,20201121,5호선,아차산,10427,10128,20555
16821,20201121,5호선,광나루,9335,8500,17835
16822,20201121,5호선,천호,14606,14582,29188
16823,20201121,5호선,강동,12654,11644,24298
16824,20201121,5호선,길동,5284,5521,10805
16825,20201121,5호선,굽은다리,6316,5810,12126
16826,20201121,5호선,명일,5472,5269,10741
16827,20201121,5호선,고덕,5390,5076,10466
16828,20201121,5호선,상일동,8737,7858,16595
16829,20201121,5호선,둔촌동,5670,5591,11261
16830,20201121,5호선,올림픽공원,2536,2238,4774
16831,20201121,5호선,방이,4771,4656,9427
16832,20201121,5호선,오금,2230,2018,4248
16833,20201121,5호선,개롱,4295,4359,8654
16834,20201121,5호선,거여,5046,4731,9777
16835,20201121,5호선,마천,3945,3921,7866
16836,20201121,5호선,미사,8855,8469,17324
16837,20201121,5호선,하남풍산,3144,3334,6478
16838,20201122,5호선,방화,3007,2932,5939
16839,20201122,5호선,개화산,2173,2100,4273
16840,20201122,5호선,김포공항,5625,5406,11031
16841,20201122,5호선,송정,3165,3177,6342
16842,20201122,5호선,마곡,2577,2656,5233
16843,20201122,5호선,발산,7666,7956,15622
16844,20201122,5호선,우장산,5335,5528,10863
16845,20201122,5호선,화곡,11816,11187,23003
16846,20201122,5호선,까치산,13129,12817,25946
16847,20201122,5호선,신정,5361,4752,10113
16848,20201122,5호선,목동,6475,6636,13111
16849,20201122,5호선,오목교,10231,10503,20734
16850,20201122,5호선,양평,2140,2213,4353
16851,20201122,5호선,영등포구청,1051,1020,2071
16852,20201122,5호선,영등포시장,3593,3841,7434
16853,20201122,5호선,신길,1473,1620,3093
16854,20201122,5호선,여의도,4658,5080,9738
16855,20201122,5호선,여의나루,2628,2654,5282
16856,20201122,5호선,마포,3856,4017,7873
16857,20201122,5호선,공덕,3922,3877,7799
16858,20201122,5호선,애오개,2304,2477,4781
16859,20201122,5호선,충정로,1251,1347,2598
16860,20201122,5호선,서대문,4355,4328,8683
16861,20201122,5호선,광화문,8895,8859,17754
16862,20201122,5호선,종로3가,6434,5511,11945
16863,20201122,5호선,을지로4가,1122,1161,2283
16864,20201122,5호선,동대문역사문화공원,547,645,1192
16865,20201122,5호선,청구,1502,1416,2918
16866,20201122,5호선,신금호,2311,2532,4843
16867,20201122,5호선,행당,3181,2937,6118
16868,20201122,5호선,왕십리,1919,2195,4114
16869,20201122,5호선,마장,2314,2226,4540
16870,20201122,5호선,답십리,6010,5621,11631
16871,20201122,5호선,장한평,6219,6168,12387
16872,20201122,5호선,군자,5025,5390,10415
16873,20201122,5호선,아차산,7198,7130,14328
16874,20201122,5호선,광나루,5737,5581,11318
16875,20201122,5호선,천호,10110,9662,19772
16876,20201122,5호선,강동,8304,8098,16402
16877,20201122,5호선,길동,3364,3440,6804
16878,20201122,5호선,굽은다리,4146,3913,8059
16879,20201122,5호선,명일,3671,3644,7315
16880,20201122,5호선,고덕,3169,3144,6313
16881,20201122,5호선,상일동,5477,5272,10749
16882,20201122,5호선,둔촌동,3728,3853,7581
16883,20201122,5호선,올림픽공원,1558,1346,2904
16884,20201122,5호선,방이,3513,3389,6902
16885,20201122,5호선,오금,1386,1257,2643
16886,20201122,5호선,개롱,2499,2815,5314
16887,20201122,5호선,거여,3154,3010,6164
16888,20201122,5호선,마천,2637,2873,5510
16889,20201122,5호선,미사,5653,5598,11251
16890,20201122,5호선,하남풍산,2154,2236,4390
16891,20201123,5호선,하남풍산,4566,4395,8961
16892,20201123,5호선,미사,12766,12300,25066
16893,20201123,5호선,마천,5769,5682,11451
16894,20201123,5호선,거여,7865,7588,15453
16895,20201123,5호선,개롱,6362,6595,12957
16896,20201123,5호선,오금,3794,3656,7450
16897,20201123,5호선,방이,6624,6838,13462
16898,20201123,5호선,올림픽공원,4032,3383,7415
16899,20201123,5호선,둔촌동,7777,7830,15607
16900,20201123,5호선,상일동,15673,13978,29651
16901,20201123,5호선,고덕,8914,8627,17541
16902,20201123,5호선,명일,8301,8516,16817
16903,20201123,5호선,굽은다리,9014,8537,17551
16904,20201123,5호선,길동,7526,7892,15418
16905,20201123,5호선,강동,19144,18219,37363
16906,20201123,5호선,천호,16395,16805,33200
16907,20201123,5호선,광나루,12422,11362,23784
16908,20201123,5호선,아차산,13354,13096,26450
16909,20201123,5호선,군자,10286,11306,21592
16910,20201123,5호선,장한평,17835,17568,35403
16911,20201123,5호선,답십리,15429,14146,29575
16912,20201123,5호선,마장,5415,5130,10545
16913,20201123,5호선,왕십리,4312,4632,8944
16914,20201123,5호선,행당,8105,7174,15279
16915,20201123,5호선,신금호,6136,6376,12512
16916,20201123,5호선,청구,3950,3540,7490
16917,20201123,5호선,동대문역사문화공원,2870,3256,6126
16918,20201123,5호선,을지로4가,5747,6127,11874
16919,20201123,5호선,종로3가,10384,10466,20850
16920,20201123,5호선,광화문,30422,31541,61963
16921,20201123,5호선,서대문,17747,18190,35937
16922,20201123,5호선,충정로,4991,5036,10027
16923,20201123,5호선,애오개,6486,6567,13053
16924,20201123,5호선,공덕,14054,14965,29019
16925,20201123,5호선,마포,13829,14433,28262
16926,20201123,5호선,여의나루,6593,6886,13479
16927,20201123,5호선,여의도,26016,27325,53341
16928,20201123,5호선,신길,3794,4247,8041
16929,20201123,5호선,영등포시장,8851,9161,18012
16930,20201123,5호선,영등포구청,3988,4077,8065
16931,20201123,5호선,양평,7498,7412,14910
16932,20201123,5호선,오목교,21092,23024,44116
16933,20201123,5호선,목동,16476,18242,34718
16934,20201123,5호선,신정,13826,10824,24650
16935,20201123,5호선,까치산,28433,27041,55474
16936,20201123,5호선,화곡,27843,26181,54024
16937,20201123,5호선,우장산,13759,13722,27481
16938,20201123,5호선,발산,18327,18793,37120
16939,20201123,5호선,마곡,9282,8962,18244
16940,20201123,5호선,송정,6423,5994,12417
16941,20201123,5호선,김포공항,6479,6210,12689
16942,20201123,5호선,개화산,5097,4882,9979
16943,20201123,5호선,방화,6617,6320,12937
16944,20201124,5호선,하남풍산,4524,4448,8972
16945,20201124,5호선,미사,12357,12409,24766
16946,20201124,5호선,마천,5672,5715,11387
16947,20201124,5호선,거여,7833,7440,15273
16948,20201124,5호선,개롱,6090,6447,12537
16949,20201124,5호선,오금,3723,3631,7354
16950,20201124,5호선,방이,6547,6841,13388
16951,20201124,5호선,올림픽공원,3826,3321,7147
16952,20201124,5호선,둔촌동,7758,7780,15538
16953,20201124,5호선,상일동,15131,13733,28864
16954,20201124,5호선,고덕,8634,8619,17253
16955,20201124,5호선,명일,8083,8406,16489
16956,20201124,5호선,굽은다리,8711,8439,17150
16957,20201124,5호선,길동,7508,7812,15320
16958,20201124,5호선,강동,18800,17632,36432
16959,20201124,5호선,천호,16355,16458,32813
16960,20201124,5호선,광나루,12266,11276,23542
16961,20201124,5호선,아차산,13353,13180,26533
16962,20201124,5호선,군자,10329,11231,21560
16963,20201124,5호선,장한평,17783,17505,35288
16964,20201124,5호선,답십리,15475,14318,29793
16965,20201124,5호선,마장,5317,4960,10277
16966,20201124,5호선,왕십리,4144,4374,8518
16967,20201124,5호선,행당,7916,7135,15051
16968,20201124,5호선,신금호,5989,6245,12234
16969,20201124,5호선,청구,3852,3632,7484
16970,20201124,5호선,동대문역사문화공원,2831,3189,6020
16971,20201124,5호선,을지로4가,5997,6017,12014
16972,20201124,5호선,종로3가,9810,9600,19410
16973,20201124,5호선,광화문,29768,30759,60527
16974,20201124,5호선,서대문,17998,18184,36182
16975,20201124,5호선,충정로,4812,4988,9800
16976,20201124,5호선,애오개,6515,6660,13175
16977,20201124,5호선,공덕,13853,14681,28534
16978,20201124,5호선,마포,13552,13931,27483
16979,20201124,5호선,여의나루,6366,6555,12921
16980,20201124,5호선,여의도,25551,26365,51916
16981,20201124,5호선,신길,3778,4154,7932
16982,20201124,5호선,영등포시장,8635,9042,17677
16983,20201124,5호선,영등포구청,3995,4065,8060
16984,20201124,5호선,양평,7227,7276,14503
16985,20201124,5호선,오목교,20955,22789,43744
16986,20201124,5호선,목동,16411,18337,34748
16987,20201124,5호선,신정,13734,10833,24567
16988,20201124,5호선,까치산,27832,26991,54823
16989,20201124,5호선,화곡,26881,25569,52450
16990,20201124,5호선,우장산,13279,13375,26654
16991,20201124,5호선,발산,17956,18053,36009
16992,20201124,5호선,마곡,8907,8605,17512
16993,20201124,5호선,송정,6239,5760,11999
16994,20201124,5호선,김포공항,6058,5830,11888
16995,20201124,5호선,개화산,4939,4671,9610
16996,20201124,5호선,방화,6469,6242,12711
16997,20201125,5호선,굽은다리,8838,8382,17220
16998,20201125,5호선,길동,7361,7760,15121
16999,20201125,5호선,강동,18673,17375,36048
17000,20201125,5호선,천호,16317,16609,32926
17001,20201125,5호선,광나루,12403,11467,23870
17002,20201125,5호선,아차산,13383,13222,26605
17003,20201125,5호선,하남풍산,4525,4329,8854
17004,20201125,5호선,미사,12338,12437,24775
17005,20201125,5호선,마천,5748,5649,11397
17006,20201125,5호선,거여,7766,7369,15135
17007,20201125,5호선,개롱,6181,6544,12725
17008,20201125,5호선,오금,3595,3546,7141
17009,20201125,5호선,방이,6644,6823,13467
17010,20201125,5호선,올림픽공원,3947,3376,7323
17011,20201125,5호선,둔촌동,7845,7882,15727
17012,20201125,5호선,상일동,15251,13820,29071
17013,20201125,5호선,고덕,8695,8415,17110
17014,20201125,5호선,명일,8090,8434,16524
17015,20201125,5호선,방화,6569,6294,12863
17016,20201125,5호선,개화산,5092,4799,9891
17017,20201125,5호선,김포공항,5958,5945,11903
17018,20201125,5호선,송정,6245,5871,12116
17019,20201125,5호선,마곡,8992,8628,17620
17020,20201125,5호선,발산,18195,18206,36401
17021,20201125,5호선,우장산,13408,13463,26871
17022,20201125,5호선,화곡,27375,25934,53309
17023,20201125,5호선,까치산,28035,27173,55208
17024,20201125,5호선,신정,13815,10892,24707
17025,20201125,5호선,목동,16403,18307,34710
17026,20201125,5호선,오목교,21010,22898,43908
17027,20201125,5호선,양평,7231,7268,14499
17028,20201125,5호선,영등포구청,3979,4048,8027
17029,20201125,5호선,영등포시장,8692,8967,17659
17030,20201125,5호선,신길,3810,4152,7962
17031,20201125,5호선,여의도,25515,26254,51769
17032,20201125,5호선,여의나루,6674,6808,13482
17033,20201125,5호선,마포,13741,14085,27826
17034,20201125,5호선,공덕,13529,14341,27870
17035,20201125,5호선,애오개,6688,6586,13274
17036,20201125,5호선,충정로,4927,4940,9867
17037,20201125,5호선,서대문,18241,18278,36519
17038,20201125,5호선,광화문,29049,30196,59245
17039,20201125,5호선,종로3가,10399,10361,20760
17040,20201125,5호선,을지로4가,5960,5991,11951
17041,20201125,5호선,동대문역사문화공원,2833,3170,6003
17042,20201125,5호선,청구,3779,3685,7464
17043,20201125,5호선,신금호,6131,6356,12487
17044,20201125,5호선,행당,7934,7113,15047
17045,20201125,5호선,왕십리,4180,4378,8558
17046,20201125,5호선,마장,5429,5120,10549
17047,20201125,5호선,답십리,15368,14072,29440
17048,20201125,5호선,장한평,17676,17531,35207
17049,20201125,5호선,군자,10412,11218,21630
17050,20201126,5호선,송정,6031,5554,11585
17051,20201126,5호선,김포공항,5661,5649,11310
17052,20201126,5호선,개화산,4657,4493,9150
17053,20201126,5호선,방화,6051,5731,11782
17054,20201126,5호선,마곡,8688,8297,16985
17055,20201126,5호선,하남풍산,4482,4438,8920
17056,20201126,5호선,미사,12177,11980,24157
17057,20201126,5호선,마천,5516,5554,11070
17058,20201126,5호선,거여,7383,6968,14351
17059,20201126,5호선,개롱,6008,6333,12341
17060,20201126,5호선,오금,3429,3451,6880
17061,20201126,5호선,방이,6441,6718,13159
17062,20201126,5호선,올림픽공원,3634,3073,6707
17063,20201126,5호선,둔촌동,7653,7605,15258
17064,20201126,5호선,상일동,14778,13274,28052
17065,20201126,5호선,고덕,8161,8107,16268
17066,20201126,5호선,명일,7954,8194,16148
17067,20201126,5호선,굽은다리,8775,8396,17171
17068,20201126,5호선,길동,7194,7545,14739
17069,20201126,5호선,강동,18206,16937,35143
17070,20201126,5호선,천호,16217,16484,32701
17071,20201126,5호선,광나루,12083,10932,23015
17072,20201126,5호선,아차산,12936,12787,25723
17073,20201126,5호선,군자,10046,10921,20967
17074,20201126,5호선,장한평,17253,17239,34492
17075,20201126,5호선,답십리,15109,13907,29016
17076,20201126,5호선,마장,5181,4931,10112
17077,20201126,5호선,왕십리,4025,4303,8328
17078,20201126,5호선,행당,7693,6846,14539
17079,20201126,5호선,신금호,5679,6026,11705
17080,20201126,5호선,청구,3779,3433,7212
17081,20201126,5호선,동대문역사문화공원,2834,3182,6016
17082,20201126,5호선,을지로4가,5857,5931,11788
17083,20201126,5호선,종로3가,9886,9670,19556
17084,20201126,5호선,광화문,27646,28669,56315
17085,20201126,5호선,서대문,17291,17662,34953
17086,20201126,5호선,충정로,4619,4733,9352
17087,20201126,5호선,애오개,6311,6354,12665
17088,20201126,5호선,공덕,12992,13896,26888
17089,20201126,5호선,마포,13248,13605,26853
17090,20201126,5호선,여의나루,5865,6071,11936
17091,20201126,5호선,여의도,24668,25576,50244
17092,20201126,5호선,신길,3764,4092,7856
17093,20201126,5호선,영등포시장,8515,8710,17225
17094,20201126,5호선,영등포구청,3814,3957,7771
17095,20201126,5호선,양평,6969,7050,14019
17096,20201126,5호선,오목교,20182,21628,41810
17097,20201126,5호선,목동,15864,17684,33548
17098,20201126,5호선,신정,13235,10338,23573
17099,20201126,5호선,까치산,26224,25317,51541
17100,20201126,5호선,화곡,26048,24700,50748
17101,20201126,5호선,우장산,12229,12218,24447
17102,20201126,5호선,발산,16991,16900,33891
17103,20201127,5호선,하남풍산,4456,4395,8851
17104,20201127,5호선,미사,12085,12062,24147
17105,20201127,5호선,마천,5477,5391,10868
17106,20201127,5호선,거여,7304,6948,14252
17107,20201127,5호선,개롱,5802,6031,11833
17108,20201127,5호선,오금,3466,3358,6824
17109,20201127,5호선,방이,6228,6541,12769
17110,20201127,5호선,올림픽공원,3676,3129,6805
17111,20201127,5호선,둔촌동,7673,7757,15430
17112,20201127,5호선,상일동,14526,13088,27614
17113,20201127,5호선,고덕,7982,8070,16052
17114,20201127,5호선,명일,7810,8048,15858
17115,20201127,5호선,굽은다리,8768,8312,17080
17116,20201127,5호선,길동,7336,7852,15188
17117,20201127,5호선,강동,18190,16742,34932
17118,20201127,5호선,천호,16224,16405,32629
17119,20201127,5호선,광나루,11871,10680,22551
17120,20201127,5호선,아차산,12826,12631,25457
17121,20201127,5호선,군자,9888,10805,20693
17122,20201127,5호선,장한평,17170,16966,34136
17123,20201127,5호선,답십리,15100,13819,28919
17124,20201127,5호선,마장,5018,4653,9671
17125,20201127,5호선,왕십리,3975,4332,8307
17126,20201127,5호선,행당,7501,6715,14216
17127,20201127,5호선,신금호,5635,5826,11461
17128,20201127,5호선,청구,3757,3474,7231
17129,20201127,5호선,동대문역사문화공원,2660,3071,5731
17130,20201127,5호선,을지로4가,5544,5699,11243
17131,20201127,5호선,종로3가,9526,9521,19047
17132,20201127,5호선,광화문,26740,27237,53977
17133,20201127,5호선,서대문,16174,16502,32676
17134,20201127,5호선,충정로,4384,4355,8739
17135,20201127,5호선,애오개,6253,6201,12454
17136,20201127,5호선,공덕,12713,13701,26414
17137,20201127,5호선,마포,12986,13343,26329
17138,20201127,5호선,여의나루,5616,5607,11223
17139,20201127,5호선,여의도,24161,24757,48918
17140,20201127,5호선,신길,3507,3957,7464
17141,20201127,5호선,영등포시장,8288,8508,16796
17142,20201127,5호선,영등포구청,3709,3719,7428
17143,20201127,5호선,양평,6953,6956,13909
17144,20201127,5호선,오목교,20030,21956,41986
17145,20201127,5호선,목동,15556,17129,32685
17146,20201127,5호선,신정,12991,10201,23192
17147,20201127,5호선,까치산,25867,25005,50872
17148,20201127,5호선,화곡,25666,23985,49651
17149,20201127,5호선,우장산,12111,12232,24343
17150,20201127,5호선,발산,16177,16417,32594
17151,20201127,5호선,마곡,7860,7624,15484
17152,20201127,5호선,송정,5942,5550,11492
17153,20201127,5호선,김포공항,6425,6195,12620
17154,20201127,5호선,개화산,4725,4517,9242
17155,20201127,5호선,방화,5973,5722,11695
17156,20201128,5호선,하남풍산,2432,2673,5105
17157,20201128,5호선,미사,7105,6951,14056
17158,20201128,5호선,마천,3453,3587,7040
17159,20201128,5호선,거여,4323,4224,8547
17160,20201128,5호선,개롱,3586,3908,7494
17161,20201128,5호선,오금,1690,1492,3182
17162,20201128,5호선,방이,3973,3796,7769
17163,20201128,5호선,올림픽공원,2092,1826,3918
17164,20201128,5호선,둔촌동,4637,4644,9281
17165,20201128,5호선,상일동,7385,7009,14394
17166,20201128,5호선,고덕,4424,4382,8806
17167,20201128,5호선,명일,4575,4583,9158
17168,20201128,5호선,굽은다리,5406,5211,10617
17169,20201128,5호선,길동,4554,4774,9328
17170,20201128,5호선,강동,11125,10370,21495
17171,20201128,5호선,천호,12796,12125,24921
17172,20201128,5호선,광나루,7142,6758,13900
17173,20201128,5호선,아차산,8981,8842,17823
17174,20201128,5호선,군자,6378,6932,13310
17175,20201128,5호선,장한평,8427,8367,16794
17176,20201128,5호선,답십리,8029,7597,15626
17177,20201128,5호선,마장,2902,2800,5702
17178,20201128,5호선,왕십리,2653,2774,5427
17179,20201128,5호선,행당,4322,3844,8166
17180,20201128,5호선,신금호,3349,3394,6743
17181,20201128,5호선,청구,2062,1820,3882
17182,20201128,5호선,동대문역사문화공원,787,978,1765
17183,20201128,5호선,을지로4가,2480,2663,5143
17184,20201128,5호선,종로3가,6637,6575,13212
17185,20201128,5호선,광화문,9499,9301,18800
17186,20201128,5호선,서대문,5741,5576,11317
17187,20201128,5호선,충정로,1558,1408,2966
17188,20201128,5호선,애오개,2873,2854,5727
17189,20201128,5호선,공덕,5274,5488,10762
17190,20201128,5호선,마포,5393,5467,10860
17191,20201128,5호선,여의나루,2638,2699,5337
17192,20201128,5호선,여의도,6435,6952,13387
17193,20201128,5호선,신길,1869,2007,3876
17194,20201128,5호선,영등포시장,5371,5724,11095
17195,20201128,5호선,영등포구청,1511,1472,2983
17196,20201128,5호선,양평,2806,2746,5552
17197,20201128,5호선,오목교,12218,12762,24980
17198,20201128,5호선,목동,8570,8811,17381
17199,20201128,5호선,신정,7048,6072,13120
17200,20201128,5호선,까치산,15666,15280,30946
17201,20201128,5호선,화곡,15077,14046,29123
17202,20201128,5호선,우장산,6799,6960,13759
17203,20201128,5호선,발산,9686,10115,19801
17204,20201128,5호선,마곡,3419,3253,6672
17205,20201128,5호선,송정,3861,3751,7612
17206,20201128,5호선,김포공항,5106,5383,10489
17207,20201128,5호선,개화산,2798,2713,5511
17208,20201128,5호선,방화,3519,3373,6892
17209,20201129,5호선,하남풍산,1902,2001,3903
17210,20201129,5호선,미사,4820,4712,9532
17211,20201129,5호선,마천,2436,2699,5135
17212,20201129,5호선,거여,2814,2803,5617
17213,20201129,5호선,개롱,2138,2349,4487
17214,20201129,5호선,오금,1619,1510,3129
17215,20201129,5호선,방이,2921,2844,5765
17216,20201129,5호선,올림픽공원,1279,1092,2371
17217,20201129,5호선,둔촌동,3202,3344,6546
17218,20201129,5호선,상일동,4867,4842,9709
17219,20201129,5호선,고덕,2982,2962,5944
17220,20201129,5호선,명일,3303,3292,6595
17221,20201129,5호선,굽은다리,3910,3775,7685
17222,20201129,5호선,길동,3041,3165,6206
17223,20201129,5호선,강동,7111,7014,14125
17224,20201129,5호선,천호,8894,8577,17471
17225,20201129,5호선,광나루,5318,5312,10630
17226,20201129,5호선,아차산,6791,6858,13649
17227,20201129,5호선,군자,4370,4875,9245
17228,20201129,5호선,장한평,5368,5380,10748
17229,20201129,5호선,답십리,5383,5141,10524
17230,20201129,5호선,마장,2074,2005,4079
17231,20201129,5호선,왕십리,1885,2092,3977
17232,20201129,5호선,행당,2848,2607,5455
17233,20201129,5호선,신금호,2101,2262,4363
17234,20201129,5호선,청구,1198,1232,2430
17235,20201129,5호선,동대문역사문화공원,506,540,1046
17236,20201129,5호선,을지로4가,939,958,1897
17237,20201129,5호선,종로3가,4354,4068,8422
17238,20201129,5호선,광화문,6763,6540,13303
17239,20201129,5호선,서대문,3397,3449,6846
17240,20201129,5호선,충정로,1085,1085,2170
17241,20201129,5호선,애오개,1974,2098,4072
17242,20201129,5호선,공덕,3271,3280,6551
17243,20201129,5호선,마포,3328,3356,6684
17244,20201129,5호선,여의나루,1958,2022,3980
17245,20201129,5호선,여의도,3906,4052,7958
17246,20201129,5호선,신길,1272,1528,2800
17247,20201129,5호선,영등포시장,3142,3235,6377
17248,20201129,5호선,영등포구청,1055,961,2016
17249,20201129,5호선,양평,1962,2056,4018
17250,20201129,5호선,오목교,8284,8578,16862
17251,20201129,5호선,목동,5365,5653,11018
17252,20201129,5호선,신정,4565,4213,8778
17253,20201129,5호선,까치산,11107,11111,22218
17254,20201129,5호선,화곡,10026,9511,19537
17255,20201129,5호선,우장산,4427,4621,9048
17256,20201129,5호선,발산,5933,5937,11870
17257,20201129,5호선,마곡,2104,2145,4249
17258,20201129,5호선,송정,2703,2761,5464
17259,20201129,5호선,김포공항,5091,4497,9588
17260,20201129,5호선,개화산,1955,2008,3963
17261,20201129,5호선,방화,2730,2716,5446
17262,20201130,5호선,방화,5865,5635,11500
17263,20201130,5호선,개화산,4720,4426,9146
17264,20201130,5호선,김포공항,5865,5384,11249
17265,20201130,5호선,송정,5870,5502,11372
17266,20201130,5호선,마곡,8170,8019,16189
17267,20201130,5호선,발산,16152,16335,32487
17268,20201130,5호선,우장산,12147,12077,24224
17269,20201130,5호선,화곡,25410,24122,49532
17270,20201130,5호선,까치산,25524,24736,50260
17271,20201130,5호선,신정,12816,10127,22943
17272,20201130,5호선,목동,14982,16772,31754
17273,20201130,5호선,오목교,19254,21010,40264
17274,20201130,5호선,양평,6818,6852,13670
17275,20201130,5호선,영등포구청,3688,3796,7484
17276,20201130,5호선,영등포시장,8249,8611,16860
17277,20201130,5호선,신길,3520,3931,7451
17278,20201130,5호선,여의도,24248,25247,49495
17279,20201130,5호선,여의나루,5764,5962,11726
17280,20201130,5호선,마포,12748,13111,25859
17281,20201130,5호선,공덕,12723,13416,26139
17282,20201130,5호선,애오개,6013,6142,12155
17283,20201130,5호선,충정로,4469,4693,9162
17284,20201130,5호선,서대문,16606,16835,33441
17285,20201130,5호선,광화문,27337,28131,55468
17286,20201130,5호선,종로3가,9043,8965,18008
17287,20201130,5호선,을지로4가,5768,5752,11520
17288,20201130,5호선,동대문역사문화공원,2896,3179,6075
17289,20201130,5호선,청구,3669,3328,6997
17290,20201130,5호선,신금호,5514,5835,11349
17291,20201130,5호선,행당,7344,6648,13992
17292,20201130,5호선,왕십리,3912,4140,8052
17293,20201130,5호선,마장,5029,4821,9850
17294,20201130,5호선,답십리,14543,13721,28264
17295,20201130,5호선,장한평,16900,16779,33679
17296,20201130,5호선,군자,9556,10096,19652
17297,20201130,5호선,아차산,12246,12149,24395
17298,20201130,5호선,광나루,11343,10351,21694
17299,20201130,5호선,천호,15537,15906,31443
17300,20201130,5호선,강동,17676,16814,34490
17301,20201130,5호선,길동,7120,7506,14626
17302,20201130,5호선,굽은다리,8438,8095,16533
17303,20201130,5호선,명일,7542,7870,15412
17304,20201130,5호선,고덕,7744,7825,15569
17305,20201130,5호선,상일동,14552,13147,27699
17306,20201130,5호선,둔촌동,7285,7354,14639
17307,20201130,5호선,올림픽공원,3551,3050,6601
17308,20201130,5호선,방이,6171,6365,12536
17309,20201130,5호선,오금,3439,3307,6746
17310,20201130,5호선,개롱,5711,6090,11801
17311,20201130,5호선,거여,7221,6894,14115
17312,20201130,5호선,마천,5283,5225,10508
17313,20201130,5호선,미사,11765,11557,23322
17314,20201130,5호선,하남풍산,4382,4215,8597
17315,20201201,5호선,하남풍산,4246,4301,8547
17316,20201201,5호선,미사,11848,11796,23644
17317,20201201,5호선,마천,5354,5380,10734
17318,20201201,5호선,거여,7233,6840,14073
17319,20201201,5호선,개롱,5569,5899,11468
17320,20201201,5호선,오금,3393,3337,6730
17321,20201201,5호선,방이,6096,6380,12476
17322,20201201,5호선,올림픽공원,3551,3000,6551
17323,20201201,5호선,둔촌동,7441,7584,15025
17324,20201201,5호선,상일동,14459,13215,27674
17325,20201201,5호선,고덕,7839,7728,15567
17326,20201201,5호선,명일,7605,7865,15470
17327,20201201,5호선,굽은다리,8354,8012,16366
17328,20201201,5호선,길동,7040,7450,14490
17329,20201201,5호선,강동,17569,16418,33987
17330,20201201,5호선,천호,15532,15663,31195
17331,20201201,5호선,광나루,11395,10379,21774
17332,20201201,5호선,아차산,12291,12352,24643
17333,20201201,5호선,군자,9823,10556,20379
17334,20201201,5호선,장한평,16862,16854,33716
17335,20201201,5호선,답십리,14678,13536,28214
17336,20201201,5호선,마장,4975,4643,9618
17337,20201201,5호선,왕십리,3862,4225,8087
17338,20201201,5호선,행당,7418,6627,14045
17339,20201201,5호선,신금호,5349,5619,10968
17340,20201201,5호선,청구,3709,3444,7153
17341,20201201,5호선,동대문역사문화공원,2826,3147,5973
17342,20201201,5호선,을지로4가,5735,5857,11592
17343,20201201,5호선,종로3가,9245,9151,18396
17344,20201201,5호선,광화문,27490,28461,55951
17345,20201201,5호선,서대문,16701,17041,33742
17346,20201201,5호선,충정로,4619,4639,9258
17347,20201201,5호선,애오개,5896,6105,12001
17348,20201201,5호선,공덕,12887,13582,26469
17349,20201201,5호선,마포,12973,13291,26264
17350,20201201,5호선,여의나루,5684,5890,11574
17351,20201201,5호선,여의도,24486,25151,49637
17352,20201201,5호선,신길,3466,3941,7407
17353,20201201,5호선,영등포시장,8263,8627,16890
17354,20201201,5호선,영등포구청,3734,3807,7541
17355,20201201,5호선,양평,6775,6866,13641
17356,20201201,5호선,오목교,19283,20852,40135
17357,20201201,5호선,목동,15196,16945,32141
17358,20201201,5호선,신정,12928,10204,23132
17359,20201201,5호선,까치산,25706,24684,50390
17360,20201201,5호선,화곡,25392,23960,49352
17361,20201201,5호선,우장산,11894,12048,23942
17362,20201201,5호선,발산,16165,16409,32574
17363,20201201,5호선,마곡,8192,7983,16175
17364,20201201,5호선,송정,5830,5406,11236
17365,20201201,5호선,김포공항,5297,5038,10335
17366,20201201,5호선,개화산,4578,4419,8997
17367,20201201,5호선,방화,5930,5663,11593
17368,20201202,5호선,방화,5980,5741,11721
17369,20201202,5호선,개화산,4785,4496,9281
17370,20201202,5호선,김포공항,5436,5389,10825
17371,20201202,5호선,송정,5900,5566,11466
17372,20201202,5호선,마곡,8294,8070,16364
17373,20201202,5호선,발산,16678,16884,33562
17374,20201202,5호선,우장산,12694,12728,25422
17375,20201202,5호선,화곡,25821,24358,50179
17376,20201202,5호선,까치산,25783,25045,50828
17377,20201202,5호선,신정,13102,10388,23490
17378,20201202,5호선,목동,15436,17298,32734
17379,20201202,5호선,오목교,19409,21026,40435
17380,20201202,5호선,양평,6944,6990,13934
17381,20201202,5호선,영등포구청,3767,3806,7573
17382,20201202,5호선,영등포시장,8417,8639,17056
17383,20201202,5호선,신길,3570,3989,7559
17384,20201202,5호선,여의도,24680,25269,49949
17385,20201202,5호선,여의나루,6182,6366,12548
17386,20201202,5호선,마포,13097,13358,26455
17387,20201202,5호선,공덕,12780,13688,26468
17388,20201202,5호선,애오개,6268,6324,12592
17389,20201202,5호선,충정로,4581,4626,9207
17390,20201202,5호선,서대문,17126,17355,34481
17391,20201202,5호선,광화문,27455,28258,55713
17392,20201202,5호선,종로3가,9415,9506,18921
17393,20201202,5호선,을지로4가,5823,5839,11662
17394,20201202,5호선,동대문역사문화공원,2612,3066,5678
17395,20201202,5호선,청구,3822,3454,7276
17396,20201202,5호선,신금호,5559,5904,11463
17397,20201202,5호선,행당,7612,6886,14498
17398,20201202,5호선,왕십리,4042,4316,8358
17399,20201202,5호선,마장,4915,4667,9582
17400,20201202,5호선,답십리,14831,13649,28480
17401,20201202,5호선,장한평,16975,17024,33999
17402,20201202,5호선,군자,9996,10542,20538
17403,20201202,5호선,아차산,12622,12602,25224
17404,20201202,5호선,광나루,11586,10609,22195
17405,20201202,5호선,천호,15899,15987,31886
17406,20201202,5호선,강동,17658,16332,33990
17407,20201202,5호선,길동,7039,7454,14493
17408,20201202,5호선,굽은다리,8493,8156,16649
17409,20201202,5호선,명일,7695,8097,15792
17410,20201202,5호선,고덕,7905,8043,15948
17411,20201202,5호선,상일동,14445,13214,27659
17412,20201202,5호선,둔촌동,7435,7503,14938
17413,20201202,5호선,올림픽공원,3703,3155,6858
17414,20201202,5호선,방이,6358,6538,12896
17415,20201202,5호선,오금,3556,3440,6996
17416,20201202,5호선,개롱,5831,6164,11995
17417,20201202,5호선,거여,7249,6972,14221
17418,20201202,5호선,마천,5355,5416,10771
17419,20201202,5호선,미사,11882,11773,23655
17420,20201202,5호선,하남풍산,4431,4358,8789
17421,20201203,5호선,하남풍산,4249,4256,8505
17422,20201203,5호선,미사,11682,11639,23321
17423,20201203,5호선,마천,5336,5369,10705
17424,20201203,5호선,거여,6993,6643,13636
17425,20201203,5호선,개롱,5689,6087,11776
17426,20201203,5호선,오금,3495,3286,6781
17427,20201203,5호선,방이,6188,6322,12510
17428,20201203,5호선,올림픽공원,3623,3069,6692
17429,20201203,5호선,둔촌동,7274,7326,14600
17430,20201203,5호선,상일동,14322,12972,27294
17431,20201203,5호선,고덕,7890,7798,15688
17432,20201203,5호선,명일,7658,7857,15515
17433,20201203,5호선,굽은다리,8540,8183,16723
17434,20201203,5호선,길동,6962,7329,14291
17435,20201203,5호선,강동,17736,16754,34490
17436,20201203,5호선,천호,15588,15752,31340
17437,20201203,5호선,광나루,11714,10531,22245
17438,20201203,5호선,아차산,12418,12343,24761
17439,20201203,5호선,군자,9802,10454,20256
17440,20201203,5호선,장한평,16653,16609,33262
17441,20201203,5호선,답십리,14658,13426,28084
17442,20201203,5호선,마장,5003,4801,9804
17443,20201203,5호선,왕십리,3986,4358,8344
17444,20201203,5호선,행당,7490,6805,14295
17445,20201203,5호선,신금호,5517,5755,11272
17446,20201203,5호선,청구,3664,3423,7087
17447,20201203,5호선,동대문역사문화공원,2682,2984,5666
17448,20201203,5호선,을지로4가,5638,5746,11384
17449,20201203,5호선,종로3가,9234,9258,18492
17450,20201203,5호선,광화문,27216,28073,55289
17451,20201203,5호선,서대문,17002,17172,34174
17452,20201203,5호선,충정로,4495,4640,9135
17453,20201203,5호선,애오개,6038,6123,12161
17454,20201203,5호선,공덕,12785,13574,26359
17455,20201203,5호선,마포,12951,13283,26234
17456,20201203,5호선,여의나루,6486,6558,13044
17457,20201203,5호선,여의도,23996,24818,48814
17458,20201203,5호선,신길,3504,3901,7405
17459,20201203,5호선,영등포시장,8324,8627,16951
17460,20201203,5호선,영등포구청,3633,3761,7394
17461,20201203,5호선,양평,6892,6937,13829
17462,20201203,5호선,오목교,19355,21108,40463
17463,20201203,5호선,목동,15478,17146,32624
17464,20201203,5호선,신정,12859,10364,23223
17465,20201203,5호선,까치산,25859,24868,50727
17466,20201203,5호선,화곡,25284,23943,49227
17467,20201203,5호선,우장산,13245,13088,26333
17468,20201203,5호선,발산,16832,16729,33561
17469,20201203,5호선,마곡,8320,8141,16461
17470,20201203,5호선,송정,5963,5540,11503
17471,20201203,5호선,김포공항,5474,5438,10912
17472,20201203,5호선,개화산,4782,4535,9317
17473,20201203,5호선,방화,6030,5771,11801
17474,20201204,5호선,하남풍산,4414,4460,8874
17475,20201204,5호선,미사,11927,12068,23995
17476,20201204,5호선,마천,5363,5406,10769
17477,20201204,5호선,거여,7249,6862,14111
17478,20201204,5호선,개롱,5645,5960,11605
17479,20201204,5호선,오금,3348,3231,6579
17480,20201204,5호선,방이,6149,6297,12446
17481,20201204,5호선,올림픽공원,3585,2973,6558
17482,20201204,5호선,둔촌동,7568,7715,15283
17483,20201204,5호선,상일동,14330,12912,27242
17484,20201204,5호선,고덕,7685,7840,15525
17485,20201204,5호선,명일,7655,8003,15658
17486,20201204,5호선,굽은다리,8628,8214,16842
17487,20201204,5호선,길동,7152,7603,14755
17488,20201204,5호선,강동,17978,16410,34388
17489,20201204,5호선,천호,16132,16358,32490
17490,20201204,5호선,광나루,11587,10435,22022
17491,20201204,5호선,아차산,12427,12370,24797
17492,20201204,5호선,군자,9843,10778,20621
17493,20201204,5호선,장한평,16751,16680,33431
17494,20201204,5호선,답십리,14825,13676,28501
17495,20201204,5호선,마장,5088,4705,9793
17496,20201204,5호선,왕십리,4038,4312,8350
17497,20201204,5호선,행당,7503,6637,14140
17498,20201204,5호선,신금호,5487,5635,11122
17499,20201204,5호선,청구,3667,3424,7091
17500,20201204,5호선,동대문역사문화공원,2619,3052,5671
17501,20201204,5호선,을지로4가,5566,5777,11343
17502,20201204,5호선,종로3가,9080,9057,18137
17503,20201204,5호선,광화문,26937,27965,54902
17504,20201204,5호선,서대문,16607,17009,33616
17505,20201204,5호선,충정로,4470,4443,8913
17506,20201204,5호선,애오개,6003,6034,12037
17507,20201204,5호선,공덕,12754,13498,26252
17508,20201204,5호선,마포,13042,13530,26572
17509,20201204,5호선,여의나루,5995,6114,12109
17510,20201204,5호선,여의도,23962,24800,48762
17511,20201204,5호선,신길,3773,3968,7741
17512,20201204,5호선,영등포시장,8452,8598,17050
17513,20201204,5호선,영등포구청,3788,3759,7547
17514,20201204,5호선,양평,6803,6772,13575
17515,20201204,5호선,오목교,20072,21765,41837
17516,20201204,5호선,목동,15141,16682,31823
17517,20201204,5호선,신정,12825,10038,22863
17518,20201204,5호선,까치산,25813,25016,50829
17519,20201204,5호선,화곡,25789,24017,49806
17520,20201204,5호선,우장산,11878,12087,23965
17521,20201204,5호선,발산,15960,16286,32246
17522,20201204,5호선,마곡,8241,8124,16365
17523,20201204,5호선,송정,5980,5598,11578
17524,20201204,5호선,김포공항,6141,6005,12146
17525,20201204,5호선,개화산,4570,4365,8935
17526,20201204,5호선,방화,5869,5506,11375
17527,20201205,5호선,방화,3590,3393,6983
17528,20201205,5호선,개화산,2691,2696,5387
17529,20201205,5호선,김포공항,4968,5188,10156
17530,20201205,5호선,송정,3875,3774,7649
17531,20201205,5호선,마곡,3442,3271,6713
17532,20201205,5호선,발산,9365,9881,19246
17533,20201205,5호선,우장산,7004,7125,14129
17534,20201205,5호선,화곡,14922,14080,29002
17535,20201205,5호선,까치산,16397,15841,32238
17536,20201205,5호선,신정,7016,6058,13074
17537,20201205,5호선,목동,8441,8718,17159
17538,20201205,5호선,오목교,12314,13065,25379
17539,20201205,5호선,양평,2816,2720,5536
17540,20201205,5호선,영등포구청,1511,1487,2998
17541,20201205,5호선,영등포시장,5240,5650,10890
17542,20201205,5호선,신길,1915,2049,3964
17543,20201205,5호선,여의도,6531,6730,13261
17544,20201205,5호선,여의나루,2868,2837,5705
17545,20201205,5호선,마포,5267,5265,10532
17546,20201205,5호선,공덕,5093,5417,10510
17547,20201205,5호선,애오개,2763,2658,5421
17548,20201205,5호선,충정로,1541,1456,2997
17549,20201205,5호선,서대문,5290,5229,10519
17550,20201205,5호선,광화문,9370,9378,18748
17551,20201205,5호선,종로3가,5997,6090,12087
17552,20201205,5호선,을지로4가,2566,2775,5341
17553,20201205,5호선,동대문역사문화공원,770,971,1741
17554,20201205,5호선,청구,2015,1821,3836
17555,20201205,5호선,신금호,3037,3165,6202
17556,20201205,5호선,행당,4223,3749,7972
17557,20201205,5호선,왕십리,2643,2953,5596
17558,20201205,5호선,마장,2986,2964,5950
17559,20201205,5호선,답십리,8174,7562,15736
17560,20201205,5호선,장한평,8258,8191,16449
17561,20201205,5호선,군자,6136,6640,12776
17562,20201205,5호선,아차산,9005,8811,17816
17563,20201205,5호선,광나루,7096,6891,13987
17564,20201205,5호선,천호,12459,12160,24619
17565,20201205,5호선,강동,10559,9956,20515
17566,20201205,5호선,길동,4508,4774,9282
17567,20201205,5호선,굽은다리,5383,5012,10395
17568,20201205,5호선,명일,4402,4444,8846
17569,20201205,5호선,고덕,4348,4328,8676
17570,20201205,5호선,상일동,7058,6579,13637
17571,20201205,5호선,둔촌동,4743,4815,9558
17572,20201205,5호선,올림픽공원,2128,1810,3938
17573,20201205,5호선,방이,3886,3756,7642
17574,20201205,5호선,오금,1728,1605,3333
17575,20201205,5호선,개롱,3609,3646,7255
17576,20201205,5호선,거여,4236,4117,8353
17577,20201205,5호선,마천,3434,3504,6938
17578,20201205,5호선,미사,7038,6932,13970
17579,20201205,5호선,하남풍산,2519,2731,5250
17580,20201206,5호선,하남풍산,1868,2015,3883
17581,20201206,5호선,미사,4817,4781,9598
17582,20201206,5호선,마천,2349,2642,4991
17583,20201206,5호선,거여,2771,2728,5499
17584,20201206,5호선,개롱,2085,2319,4404
17585,20201206,5호선,오금,1212,1148,2360
17586,20201206,5호선,방이,2956,2834,5790
17587,20201206,5호선,올림픽공원,1442,1276,2718
17588,20201206,5호선,둔촌동,3224,3306,6530
17589,20201206,5호선,상일동,4609,4499,9108
17590,20201206,5호선,고덕,2824,2892,5716
17591,20201206,5호선,명일,3071,3169,6240
17592,20201206,5호선,굽은다리,3766,3597,7363
17593,20201206,5호선,길동,2947,3065,6012
17594,20201206,5호선,강동,7019,7021,14040
17595,20201206,5호선,천호,8738,8398,17136
17596,20201206,5호선,광나루,5289,5339,10628
17597,20201206,5호선,아차산,7204,7329,14533
17598,20201206,5호선,군자,4179,4672,8851
17599,20201206,5호선,장한평,5080,5187,10267
17600,20201206,5호선,답십리,5373,5037,10410
17601,20201206,5호선,마장,2113,2033,4146
17602,20201206,5호선,왕십리,1842,1928,3770
17603,20201206,5호선,행당,2842,2542,5384
17604,20201206,5호선,신금호,2125,2308,4433
17605,20201206,5호선,청구,1214,1114,2328
17606,20201206,5호선,동대문역사문화공원,505,604,1109
17607,20201206,5호선,을지로4가,952,994,1946
17608,20201206,5호선,종로3가,3852,3684,7536
17609,20201206,5호선,광화문,6487,6428,12915
17610,20201206,5호선,서대문,3557,3587,7144
17611,20201206,5호선,충정로,1079,1072,2151
17612,20201206,5호선,애오개,1884,1970,3854
17613,20201206,5호선,공덕,3139,3247,6386
17614,20201206,5호선,마포,3428,3444,6872
17615,20201206,5호선,여의나루,2399,2436,4835
17616,20201206,5호선,여의도,3906,4100,8006
17617,20201206,5호선,신길,1249,1365,2614
17618,20201206,5호선,영등포시장,3169,3409,6578
17619,20201206,5호선,영등포구청,1030,1005,2035
17620,20201206,5호선,양평,1933,2062,3995
17621,20201206,5호선,오목교,8209,8845,17054
17622,20201206,5호선,목동,5464,5575,11039
17623,20201206,5호선,신정,4684,4189,8873
17624,20201206,5호선,까치산,11353,11261,22614
17625,20201206,5호선,화곡,10003,9593,19596
17626,20201206,5호선,우장산,4585,4788,9373
17627,20201206,5호선,발산,5972,6176,12148
17628,20201206,5호선,마곡,2180,2183,4363
17629,20201206,5호선,송정,2603,2720,5323
17630,20201206,5호선,김포공항,4730,4363,9093
17631,20201206,5호선,개화산,1889,1913,3802
17632,20201206,5호선,방화,2559,2513,5072
17633,20201207,5호선,양평,6813,6892,13705
17634,20201207,5호선,방화,5863,5679,11542
17635,20201207,5호선,개화산,4527,4315,8842
17636,20201207,5호선,김포공항,5591,5131,10722
17637,20201207,5호선,송정,5776,5375,11151
17638,20201207,5호선,마곡,8235,7933,16168
17639,20201207,5호선,발산,16051,16342,32393
17640,20201207,5호선,우장산,12047,12266,24313
17641,20201207,5호선,화곡,25610,24096,49706
17642,20201207,5호선,까치산,25528,24985,50513
17643,20201207,5호선,신정,12620,10038,22658
17644,20201207,5호선,목동,15133,16847,31980
17645,20201207,5호선,오목교,18833,20388,39221
17646,20201207,5호선,영등포구청,3579,3722,7301
17647,20201207,5호선,영등포시장,8177,8399,16576
17648,20201207,5호선,신길,3509,3927,7436
17649,20201207,5호선,여의도,24107,24787,48894
17650,20201207,5호선,여의나루,6121,6326,12447
17651,20201207,5호선,마포,12595,12938,25533
17652,20201207,5호선,공덕,12419,13170,25589
17653,20201207,5호선,애오개,5885,5979,11864
17654,20201207,5호선,충정로,4679,4665,9344
17655,20201207,5호선,서대문,16884,17194,34078
17656,20201207,5호선,광화문,26251,26823,53074
17657,20201207,5호선,종로3가,8295,8327,16622
17658,20201207,5호선,을지로4가,5637,5594,11231
17659,20201207,5호선,동대문역사문화공원,2749,3038,5787
17660,20201207,5호선,청구,3617,3364,6981
17661,20201207,5호선,신금호,5257,5703,10960
17662,20201207,5호선,행당,7252,6629,13881
17663,20201207,5호선,왕십리,3795,4019,7814
17664,20201207,5호선,마장,4927,4662,9589
17665,20201207,5호선,답십리,14390,13245,27635
17666,20201207,5호선,장한평,16369,16266,32635
17667,20201207,5호선,군자,9411,10063,19474
17668,20201207,5호선,아차산,12034,12024,24058
17669,20201207,5호선,광나루,11095,10194,21289
17670,20201207,5호선,천호,14601,14910,29511
17671,20201207,5호선,강동,17378,16313,33691
17672,20201207,5호선,길동,6899,7280,14179
17673,20201207,5호선,굽은다리,8246,7941,16187
17674,20201207,5호선,명일,7488,7903,15391
17675,20201207,5호선,고덕,7742,7742,15484
17676,20201207,5호선,상일동,14214,13025,27239
17677,20201207,5호선,둔촌동,7326,7316,14642
17678,20201207,5호선,올림픽공원,3525,2997,6522
17679,20201207,5호선,방이,5994,6292,12286
17680,20201207,5호선,오금,3422,3374,6796
17681,20201207,5호선,개롱,5414,5802,11216
17682,20201207,5호선,거여,7125,6724,13849
17683,20201207,5호선,마천,5269,5274,10543
17684,20201207,5호선,미사,11616,11515,23131
17685,20201207,5호선,하남풍산,4414,4279,8693
17686,20201208,5호선,방화,5706,5464,11170
17687,20201208,5호선,개화산,4462,4225,8687
17688,20201208,5호선,김포공항,4993,4916,9909
17689,20201208,5호선,송정,5454,5153,10607
17690,20201208,5호선,마곡,8053,7782,15835
17691,20201208,5호선,발산,15873,15989,31862
17692,20201208,5호선,우장산,11561,11591,23152
17693,20201208,5호선,화곡,24392,23079,47471
17694,20201208,5호선,까치산,24799,24129,48928
17695,20201208,5호선,신정,12408,9899,22307
17696,20201208,5호선,목동,14527,16181,30708
17697,20201208,5호선,오목교,18182,19668,37850
17698,20201208,5호선,양평,6756,6854,13610
17699,20201208,5호선,영등포구청,3548,3592,7140
17700,20201208,5호선,영등포시장,7816,8091,15907
17701,20201208,5호선,신길,3367,3800,7167
17702,20201208,5호선,여의도,23016,23863,46879
17703,20201208,5호선,여의나루,5943,6122,12065
17704,20201208,5호선,마포,12144,12456,24600
17705,20201208,5호선,공덕,12002,12807,24809
17706,20201208,5호선,애오개,5745,5865,11610
17707,20201208,5호선,충정로,4314,4409,8723
17708,20201208,5호선,서대문,16363,16795,33158
17709,20201208,5호선,광화문,25628,26512,52140
17710,20201208,5호선,종로3가,8025,7864,15889
17711,20201208,5호선,을지로4가,5530,5598,11128
17712,20201208,5호선,동대문역사문화공원,2698,2926,5624
17713,20201208,5호선,청구,3503,3326,6829
17714,20201208,5호선,신금호,5252,5515,10767
17715,20201208,5호선,행당,7029,6316,13345
17716,20201208,5호선,왕십리,3670,3926,7596
17717,20201208,5호선,마장,4824,4678,9502
17718,20201208,5호선,답십리,13887,12841,26728
17719,20201208,5호선,장한평,16148,15937,32085
17720,20201208,5호선,군자,9298,9949,19247
17721,20201208,5호선,아차산,11945,11710,23655
17722,20201208,5호선,광나루,10899,9968,20867
17723,20201208,5호선,천호,14535,14785,29320
17724,20201208,5호선,강동,17130,16042,33172
17725,20201208,5호선,길동,6607,6910,13517
17726,20201208,5호선,굽은다리,7938,7598,15536
17727,20201208,5호선,명일,7035,7274,14309
17728,20201208,5호선,고덕,7120,7155,14275
17729,20201208,5호선,상일동,13603,12478,26081
17730,20201208,5호선,둔촌동,7208,7159,14367
17731,20201208,5호선,올림픽공원,3529,2937,6466
17732,20201208,5호선,방이,5657,5895,11552
17733,20201208,5호선,오금,3286,3176,6462
17734,20201208,5호선,개롱,5258,5595,10853
17735,20201208,5호선,거여,6880,6637,13517
17736,20201208,5호선,마천,5078,5207,10285
17737,20201208,5호선,미사,11183,11177,22360
17738,20201208,5호선,하남풍산,4235,4133,8368
17739,20201209,5호선,하남풍산,4122,4053,8175
17740,20201209,5호선,미사,11180,11144,22324
17741,20201209,5호선,마천,5165,5191,10356
17742,20201209,5호선,거여,6919,6624,13543
17743,20201209,5호선,개롱,5335,5595,10930
17744,20201209,5호선,오금,3255,3296,6551
17745,20201209,5호선,방이,5581,5727,11308
17746,20201209,5호선,올림픽공원,3420,2899,6319
17747,20201209,5호선,둔촌동,6987,7202,14189
17748,20201209,5호선,상일동,13527,12236,25763
17749,20201209,5호선,고덕,7498,7486,14984
17750,20201209,5호선,명일,6917,7322,14239
17751,20201209,5호선,굽은다리,7925,7585,15510
17752,20201209,5호선,길동,6640,6897,13537
17753,20201209,5호선,강동,16976,15952,32928
17754,20201209,5호선,천호,14699,14757,29456
17755,20201209,5호선,광나루,10942,9934,20876
17756,20201209,5호선,아차산,12141,12023,24164
17757,20201209,5호선,군자,9334,9938,19272
17758,20201209,5호선,장한평,16106,15936,32042
17759,20201209,5호선,답십리,13855,12681,26536
17760,20201209,5호선,마장,4798,4563,9361
17761,20201209,5호선,왕십리,3646,3925,7571
17762,20201209,5호선,행당,6986,6281,13267
17763,20201209,5호선,신금호,5205,5482,10687
17764,20201209,5호선,청구,3476,3194,6670
17765,20201209,5호선,동대문역사문화공원,2568,2861,5429
17766,20201209,5호선,을지로4가,5371,5431,10802
17767,20201209,5호선,종로3가,7974,7886,15860
17768,20201209,5호선,광화문,25361,26241,51602
17769,20201209,5호선,서대문,16480,16862,33342
17770,20201209,5호선,충정로,4297,4403,8700
17771,20201209,5호선,애오개,5753,5724,11477
17772,20201209,5호선,공덕,11803,12616,24419
17773,20201209,5호선,마포,12181,12441,24622
17774,20201209,5호선,여의나루,6003,6241,12244
17775,20201209,5호선,여의도,22410,23231,45641
17776,20201209,5호선,신길,3368,3778,7146
17777,20201209,5호선,영등포시장,7931,8233,16164
17778,20201209,5호선,영등포구청,3598,3626,7224
17779,20201209,5호선,양평,6767,6663,13430
17780,20201209,5호선,오목교,17843,19194,37037
17781,20201209,5호선,목동,14488,16036,30524
17782,20201209,5호선,신정,12440,9792,22232
17783,20201209,5호선,까치산,24766,24096,48862
17784,20201209,5호선,화곡,24469,22978,47447
17785,20201209,5호선,우장산,11713,11689,23402
17786,20201209,5호선,발산,15673,15896,31569
17787,20201209,5호선,마곡,7928,7720,15648
17788,20201209,5호선,송정,5628,5350,10978
17789,20201209,5호선,김포공항,5063,4976,10039
17790,20201209,5호선,개화산,4388,4318,8706
17791,20201209,5호선,방화,5661,5373,11034
17792,20201210,5호선,하남풍산,4142,4109,8251
17793,20201210,5호선,미사,11043,11082,22125
17794,20201210,5호선,마천,5152,5123,10275
17795,20201210,5호선,거여,6867,6582,13449
17796,20201210,5호선,개롱,5231,5575,10806
17797,20201210,5호선,오금,3278,3259,6537
17798,20201210,5호선,방이,5563,5848,11411
17799,20201210,5호선,올림픽공원,3352,2946,6298
17800,20201210,5호선,둔촌동,7074,7036,14110
17801,20201210,5호선,상일동,13926,12322,26248
17802,20201210,5호선,고덕,7404,7263,14667
17803,20201210,5호선,명일,7078,7292,14370
17804,20201210,5호선,굽은다리,8033,7668,15701
17805,20201210,5호선,길동,6576,6946,13522
17806,20201210,5호선,강동,16970,15859,32829
17807,20201210,5호선,천호,14807,14837,29644
17808,20201210,5호선,광나루,11046,9980,21026
17809,20201210,5호선,아차산,12180,12065,24245
17810,20201210,5호선,군자,9186,9981,19167
17811,20201210,5호선,장한평,16046,15803,31849
17812,20201210,5호선,답십리,13857,12764,26621
17813,20201210,5호선,마장,4786,4432,9218
17814,20201210,5호선,왕십리,3650,3951,7601
17815,20201210,5호선,행당,6889,6160,13049
17816,20201210,5호선,신금호,5111,5437,10548
17817,20201210,5호선,청구,3559,3209,6768
17818,20201210,5호선,동대문역사문화공원,2574,2899,5473
17819,20201210,5호선,을지로4가,5408,5461,10869
17820,20201210,5호선,종로3가,7886,7702,15588
17821,20201210,5호선,광화문,25482,26419,51901
17822,20201210,5호선,서대문,16495,16919,33414
17823,20201210,5호선,충정로,4165,4332,8497
17824,20201210,5호선,애오개,5722,5789,11511
17825,20201210,5호선,공덕,11833,12607,24440
17826,20201210,5호선,마포,11914,12316,24230
17827,20201210,5호선,여의나루,6066,6230,12296
17828,20201210,5호선,여의도,22231,23340,45571
17829,20201210,5호선,신길,3420,3714,7134
17830,20201210,5호선,영등포시장,7840,8124,15964
17831,20201210,5호선,영등포구청,3702,3647,7349
17832,20201210,5호선,양평,6586,6670,13256
17833,20201210,5호선,오목교,17852,19393,37245
17834,20201210,5호선,목동,14687,16191,30878
17835,20201210,5호선,신정,12353,9716,22069
17836,20201210,5호선,까치산,24937,24159,49096
17837,20201210,5호선,화곡,24654,23245,47899
17838,20201210,5호선,우장산,11695,11620,23315
17839,20201210,5호선,발산,15445,15671,31116
17840,20201210,5호선,마곡,7775,7654,15429
17841,20201210,5호선,송정,5676,5259,10935
17842,20201210,5호선,김포공항,5242,5177,10419
17843,20201210,5호선,개화산,4354,4263,8617
17844,20201210,5호선,방화,5951,5606,11557
17845,20201211,5호선,답십리,13965,12909,26874
17846,20201211,5호선,하남풍산,4188,4235,8423
17847,20201211,5호선,미사,11314,11456,22770
17848,20201211,5호선,마천,5182,5252,10434
17849,20201211,5호선,거여,6983,6659,13642
17850,20201211,5호선,개롱,5250,5388,10638
17851,20201211,5호선,오금,3254,3200,6454
17852,20201211,5호선,방이,5529,5789,11318
17853,20201211,5호선,올림픽공원,3394,2917,6311
17854,20201211,5호선,둔촌동,7229,7257,14486
17855,20201211,5호선,상일동,13422,12106,25528
17856,20201211,5호선,고덕,7367,7363,14730
17857,20201211,5호선,명일,7122,7264,14386
17858,20201211,5호선,굽은다리,7943,7509,15452
17859,20201211,5호선,길동,6896,7170,14066
17860,20201211,5호선,강동,16932,15911,32843
17861,20201211,5호선,천호,15388,15638,31026
17862,20201211,5호선,광나루,10900,9999,20899
17863,20201211,5호선,아차산,12149,12125,24274
17864,20201211,5호선,군자,9452,10155,19607
17865,20201211,5호선,장한평,15945,15824,31769
17866,20201211,5호선,마장,4938,4657,9595
17867,20201211,5호선,왕십리,3852,4161,8013
17868,20201211,5호선,행당,6982,6166,13148
17869,20201211,5호선,신금호,5247,5422,10669
17870,20201211,5호선,청구,3466,3228,6694
17871,20201211,5호선,동대문역사문화공원,2515,2914,5429
17872,20201211,5호선,을지로4가,5455,5563,11018
17873,20201211,5호선,종로3가,7957,7956,15913
17874,20201211,5호선,광화문,24461,25349,49810
17875,20201211,5호선,서대문,16012,16327,32339
17876,20201211,5호선,충정로,4082,4189,8271
17877,20201211,5호선,애오개,5678,5673,11351
17878,20201211,5호선,공덕,11729,12618,24347
17879,20201211,5호선,마포,11798,12301,24099
17880,20201211,5호선,여의나루,6037,6104,12141
17881,20201211,5호선,여의도,22342,23254,45596
17882,20201211,5호선,신길,3421,3758,7179
17883,20201211,5호선,영등포시장,7977,8188,16165
17884,20201211,5호선,영등포구청,3649,3642,7291
17885,20201211,5호선,양평,6487,6454,12941
17886,20201211,5호선,오목교,18652,20279,38931
17887,20201211,5호선,목동,14715,16069,30784
17888,20201211,5호선,신정,12281,9699,21980
17889,20201211,5호선,까치산,25161,24250,49411
17890,20201211,5호선,화곡,24915,23267,48182
17891,20201211,5호선,우장산,11719,11661,23380
17892,20201211,5호선,발산,15199,15627,30826
17893,20201211,5호선,마곡,7936,7609,15545
17894,20201211,5호선,송정,5800,5432,11232
17895,20201211,5호선,김포공항,5917,5952,11869
17896,20201211,5호선,개화산,4437,4309,8746
17897,20201211,5호선,방화,5720,5504,11224
17898,20201212,5호선,하남풍산,2351,2521,4872
17899,20201212,5호선,미사,6461,6423,12884
17900,20201212,5호선,마천,3369,3475,6844
17901,20201212,5호선,거여,3849,3772,7621
17902,20201212,5호선,개롱,2972,3098,6070
17903,20201212,5호선,오금,1502,1396,2898
17904,20201212,5호선,방이,3004,3091,6095
17905,20201212,5호선,올림픽공원,1920,1692,3612
17906,20201212,5호선,둔촌동,4285,4301,8586
17907,20201212,5호선,상일동,6476,5997,12473
17908,20201212,5호선,고덕,3924,3834,7758
17909,20201212,5호선,명일,3952,3987,7939
17910,20201212,5호선,굽은다리,4913,4644,9557
17911,20201212,5호선,길동,4062,4369,8431
17912,20201212,5호선,강동,9737,9179,18916
17913,20201212,5호선,천호,11525,11168,22693
17914,20201212,5호선,광나루,6622,6410,13032
17915,20201212,5호선,아차산,8751,8700,17451
17916,20201212,5호선,군자,5779,6327,12106
17917,20201212,5호선,장한평,7676,7648,15324
17918,20201212,5호선,답십리,7545,7053,14598
17919,20201212,5호선,마장,2797,2676,5473
17920,20201212,5호선,왕십리,2379,2675,5054
17921,20201212,5호선,행당,3775,3288,7063
17922,20201212,5호선,신금호,2928,3014,5942
17923,20201212,5호선,청구,1869,1680,3549
17924,20201212,5호선,동대문역사문화공원,709,898,1607
17925,20201212,5호선,을지로4가,2462,2620,5082
17926,20201212,5호선,종로3가,4840,5025,9865
17927,20201212,5호선,광화문,8112,8168,16280
17928,20201212,5호선,서대문,4825,4906,9731
17929,20201212,5호선,충정로,1449,1326,2775
17930,20201212,5호선,애오개,2596,2493,5089
17931,20201212,5호선,공덕,4638,4854,9492
17932,20201212,5호선,마포,4822,4801,9623
17933,20201212,5호선,여의나루,2798,2768,5566
17934,20201212,5호선,여의도,5545,5775,11320
17935,20201212,5호선,신길,1672,1843,3515
17936,20201212,5호선,영등포시장,4988,5199,10187
17937,20201212,5호선,영등포구청,1488,1382,2870
17938,20201212,5호선,양평,2687,2632,5319
17939,20201212,5호선,오목교,10508,11099,21607
17940,20201212,5호선,목동,7729,7970,15699
17941,20201212,5호선,신정,6398,5592,11990
17942,20201212,5호선,까치산,15041,14615,29656
17943,20201212,5호선,화곡,14003,13194,27197
17944,20201212,5호선,우장산,6699,6767,13466
17945,20201212,5호선,발산,8100,8467,16567
17946,20201212,5호선,마곡,3339,3145,6484
17947,20201212,5호선,송정,3676,3571,7247
17948,20201212,5호선,김포공항,4664,5032,9696
17949,20201212,5호선,개화산,2662,2706,5368
17950,20201212,5호선,방화,3480,3176,6656
17951,20201213,5호선,미사,4296,4125,8421
17952,20201213,5호선,방화,2133,2177,4310
17953,20201213,5호선,개화산,1623,1601,3224
17954,20201213,5호선,김포공항,4270,4083,8353
17955,20201213,5호선,송정,2335,2401,4736
17956,20201213,5호선,마곡,1861,1932,3793
17957,20201213,5호선,발산,4861,4950,9811
17958,20201213,5호선,우장산,3676,3848,7524
17959,20201213,5호선,화곡,8579,8112,16691
17960,20201213,5호선,까치산,9463,9409,18872
17961,20201213,5호선,신정,3990,3555,7545
17962,20201213,5호선,목동,4648,4845,9493
17963,20201213,5호선,오목교,6818,7202,14020
17964,20201213,5호선,양평,1589,1654,3243
17965,20201213,5호선,영등포구청,783,775,1558
17966,20201213,5호선,영등포시장,2591,2873,5464
17967,20201213,5호선,신길,1104,1339,2443
17968,20201213,5호선,여의도,3372,3559,6931
17969,20201213,5호선,여의나루,1895,1810,3705
17970,20201213,5호선,마포,2763,2801,5564
17971,20201213,5호선,공덕,2580,2749,5329
17972,20201213,5호선,애오개,1556,1640,3196
17973,20201213,5호선,충정로,875,930,1805
17974,20201213,5호선,서대문,3207,3155,6362
17975,20201213,5호선,광화문,5541,5467,11008
17976,20201213,5호선,종로3가,2926,2700,5626
17977,20201213,5호선,을지로4가,786,836,1622
17978,20201213,5호선,동대문역사문화공원,488,548,1036
17979,20201213,5호선,청구,1095,987,2082
17980,20201213,5호선,신금호,1792,1947,3739
17981,20201213,5호선,행당,2484,2310,4794
17982,20201213,5호선,왕십리,1386,1473,2859
17983,20201213,5호선,마장,1705,1662,3367
17984,20201213,5호선,답십리,4514,4371,8885
17985,20201213,5호선,장한평,4443,4514,8957
17986,20201213,5호선,군자,3691,4022,7713
17987,20201213,5호선,아차산,5573,5624,11197
17988,20201213,5호선,광나루,4273,4246,8519
17989,20201213,5호선,천호,7120,6889,14009
17990,20201213,5호선,강동,6067,6047,12114
17991,20201213,5호선,길동,2639,2689,5328
17992,20201213,5호선,굽은다리,3008,2829,5837
17993,20201213,5호선,명일,2505,2508,5013
17994,20201213,5호선,고덕,2139,2197,4336
17995,20201213,5호선,상일동,3998,3983,7981
17996,20201213,5호선,둔촌동,2713,2689,5402
17997,20201213,5호선,올림픽공원,1141,1024,2165
17998,20201213,5호선,방이,2097,1994,4091
17999,20201213,5호선,오금,965,889,1854
18000,20201213,5호선,개롱,2070,2099,4169
18001,20201213,5호선,거여,2235,2226,4461
18002,20201213,5호선,마천,2056,2197,4253
18003,20201213,5호선,하남풍산,1558,1649,3207
18004,20201214,5호선,방화,5514,5284,10798
18005,20201214,5호선,개화산,4078,3990,8068
18006,20201214,5호선,김포공항,5217,5002,10219
18007,20201214,5호선,송정,5178,4870,10048
18008,20201214,5호선,마곡,7858,7508,15366
18009,20201214,5호선,발산,14344,14385,28729
18010,20201214,5호선,우장산,10343,10577,20920
18011,20201214,5호선,화곡,23208,21916,45124
18012,20201214,5호선,까치산,23135,22555,45690
18013,20201214,5호선,신정,11569,9240,20809
18014,20201214,5호선,목동,13278,14889,28167
18015,20201214,5호선,오목교,16917,18229,35146
18016,20201214,5호선,양평,6255,6347,12602
18017,20201214,5호선,영등포구청,3335,3323,6658
18018,20201214,5호선,영등포시장,7327,7587,14914
18019,20201214,5호선,신길,3115,3648,6763
18020,20201214,5호선,여의도,22069,22540,44609
18021,20201214,5호선,여의나루,5621,5883,11504
18022,20201214,5호선,마포,11317,11725,23042
18023,20201214,5호선,공덕,11105,11964,23069
18024,20201214,5호선,애오개,5233,5353,10586
18025,20201214,5호선,충정로,4154,4308,8462
18026,20201214,5호선,서대문,15792,15974,31766
18027,20201214,5호선,광화문,23876,24327,48203
18028,20201214,5호선,종로3가,7038,6772,13810
18029,20201214,5호선,을지로4가,4964,4981,9945
18030,20201214,5호선,동대문역사문화공원,2653,2890,5543
18031,20201214,5호선,청구,3264,3032,6296
18032,20201214,5호선,신금호,4840,5066,9906
18033,20201214,5호선,행당,6446,5838,12284
18034,20201214,5호선,왕십리,3474,3674,7148
18035,20201214,5호선,마장,4406,4205,8611
18036,20201214,5호선,답십리,13176,12315,25491
18037,20201214,5호선,장한평,15042,14952,29994
18038,20201214,5호선,군자,8555,9212,17767
18039,20201214,5호선,아차산,10912,10957,21869
18040,20201214,5호선,광나루,9615,8814,18429
18041,20201214,5호선,천호,13336,13389,26725
18042,20201214,5호선,강동,16120,15236,31356
18043,20201214,5호선,길동,6156,6436,12592
18044,20201214,5호선,굽은다리,7469,7244,14713
18045,20201214,5호선,명일,6524,6769,13293
18046,20201214,5호선,고덕,6808,6762,13570
18047,20201214,5호선,상일동,12675,11710,24385
18048,20201214,5호선,둔촌동,6453,6570,13023
18049,20201214,5호선,올림픽공원,3261,2795,6056
18050,20201214,5호선,방이,5185,5398,10583
18051,20201214,5호선,오금,3082,3017,6099
18052,20201214,5호선,개롱,5072,5354,10426
18053,20201214,5호선,거여,6364,6203,12567
18054,20201214,5호선,마천,4729,4827,9556
18055,20201214,5호선,미사,10381,10491,20872
18056,20201214,5호선,하남풍산,3891,3840,7731
18057,20201215,5호선,거여,6206,6025,12231
18058,20201215,5호선,마천,4627,4714,9341
18059,20201215,5호선,미사,10279,10153,20432
18060,20201215,5호선,하남풍산,3778,3779,7557
18061,20201215,5호선,개롱,4910,5158,10068
18062,20201215,5호선,오금,3029,2989,6018
18063,20201215,5호선,방이,5269,5440,10709
18064,20201215,5호선,올림픽공원,3047,2636,5683
18065,20201215,5호선,둔촌동,6453,6553,13006
18066,20201215,5호선,상일동,12315,11313,23628
18067,20201215,5호선,고덕,6719,6683,13402
18068,20201215,5호선,명일,6350,6691,13041
18069,20201215,5호선,굽은다리,7280,7110,14390
18070,20201215,5호선,길동,6193,6540,12733
18071,20201215,5호선,강동,15870,14767,30637
18072,20201215,5호선,천호,13448,13522,26970
18073,20201215,5호선,광나루,9692,8803,18495
18074,20201215,5호선,아차산,10787,10761,21548
18075,20201215,5호선,군자,8571,9237,17808
18076,20201215,5호선,장한평,15219,15044,30263
18077,20201215,5호선,답십리,12881,11899,24780
18078,20201215,5호선,마장,4320,4159,8479
18079,20201215,5호선,왕십리,3398,3508,6906
18080,20201215,5호선,행당,6317,5809,12126
18081,20201215,5호선,신금호,4793,4988,9781
18082,20201215,5호선,청구,3267,3076,6343
18083,20201215,5호선,동대문역사문화공원,2503,2822,5325
18084,20201215,5호선,을지로4가,4864,4915,9779
18085,20201215,5호선,종로3가,7088,6847,13935
18086,20201215,5호선,광화문,23903,24681,48584
18087,20201215,5호선,서대문,15843,15931,31774
18088,20201215,5호선,충정로,4246,4251,8497
18089,20201215,5호선,애오개,5199,5347,10546
18090,20201215,5호선,공덕,11060,11841,22901
18091,20201215,5호선,마포,11255,11517,22772
18092,20201215,5호선,여의나루,5550,5632,11182
18093,20201215,5호선,여의도,21753,22423,44176
18094,20201215,5호선,신길,3211,3597,6808
18095,20201215,5호선,영등포시장,7274,7552,14826
18096,20201215,5호선,영등포구청,3259,3398,6657
18097,20201215,5호선,양평,6154,6375,12529
18098,20201215,5호선,오목교,16446,17723,34169
18099,20201215,5호선,목동,13392,14858,28250
18100,20201215,5호선,신정,11451,9143,20594
18101,20201215,5호선,까치산,22883,22132,45015
18102,20201215,5호선,화곡,22742,21704,44446
18103,20201215,5호선,우장산,10303,10488,20791
18104,20201215,5호선,발산,14074,14227,28301
18105,20201215,5호선,마곡,7488,7294,14782
18106,20201215,5호선,송정,5207,4847,10054
18107,20201215,5호선,김포공항,4919,4645,9564
18108,20201215,5호선,개화산,4114,3874,7988
18109,20201215,5호선,방화,5157,5043,10200
18110,20201216,5호선,청구,3256,3026,6282
18111,20201216,5호선,하남풍산,3726,3797,7523
18112,20201216,5호선,미사,10178,10292,20470
18113,20201216,5호선,마천,4634,4647,9281
18114,20201216,5호선,방화,5145,4853,9998
18115,20201216,5호선,개화산,4078,3932,8010
18116,20201216,5호선,김포공항,4769,4751,9520
18117,20201216,5호선,송정,5142,4867,10009
18118,20201216,5호선,마곡,7559,7322,14881
18119,20201216,5호선,발산,14096,14350,28446
18120,20201216,5호선,우장산,10442,10483,20925
18121,20201216,5호선,화곡,22644,21715,44359
18122,20201216,5호선,까치산,22803,22228,45031
18123,20201216,5호선,신정,11449,9159,20608
18124,20201216,5호선,목동,13122,14582,27704
18125,20201216,5호선,오목교,16640,17917,34557
18126,20201216,5호선,양평,6252,6309,12561
18127,20201216,5호선,영등포구청,3282,3211,6493
18128,20201216,5호선,영등포시장,7183,7465,14648
18129,20201216,5호선,신길,3116,3510,6626
18130,20201216,5호선,여의도,21470,22038,43508
18131,20201216,5호선,여의나루,5397,5537,10934
18132,20201216,5호선,마포,11080,11507,22587
18133,20201216,5호선,공덕,10818,11564,22382
18134,20201216,5호선,애오개,5288,5397,10685
18135,20201216,5호선,충정로,4060,4228,8288
18136,20201216,5호선,서대문,15356,15594,30950
18137,20201216,5호선,광화문,23626,24129,47755
18138,20201216,5호선,종로3가,7294,7072,14366
18139,20201216,5호선,을지로4가,4934,4980,9914
18140,20201216,5호선,동대문역사문화공원,2277,2478,4755
18141,20201216,5호선,신금호,4758,4949,9707
18142,20201216,5호선,행당,6324,5645,11969
18143,20201216,5호선,왕십리,3356,3631,6987
18144,20201216,5호선,마장,4322,4161,8483
18145,20201216,5호선,답십리,12844,11821,24665
18146,20201216,5호선,장한평,14955,14990,29945
18147,20201216,5호선,군자,8588,9259,17847
18148,20201216,5호선,아차산,10732,10745,21477
18149,20201216,5호선,광나루,9650,8776,18426
18150,20201216,5호선,천호,13381,13521,26902
18151,20201216,5호선,강동,15603,14586,30189
18152,20201216,5호선,길동,6034,6338,12372
18153,20201216,5호선,굽은다리,7119,6981,14100
18154,20201216,5호선,명일,6352,6621,12973
18155,20201216,5호선,고덕,6589,6604,13193
18156,20201216,5호선,상일동,12362,11260,23622
18157,20201216,5호선,둔촌동,6364,6437,12801
18158,20201216,5호선,올림픽공원,3150,2605,5755
18159,20201216,5호선,방이,5214,5408,10622
18160,20201216,5호선,오금,2939,2891,5830
18161,20201216,5호선,개롱,4875,5151,10026
18162,20201216,5호선,거여,6173,5950,12123
18163,20201217,5호선,하남풍산,3768,3794,7562
18164,20201217,5호선,미사,10166,10135,20301
18165,20201217,5호선,마천,4655,4707,9362
18166,20201217,5호선,거여,6153,5986,12139
18167,20201217,5호선,개롱,4905,5095,10000
18168,20201217,5호선,오금,2962,2930,5892
18169,20201217,5호선,방이,5134,5470,10604
18170,20201217,5호선,올림픽공원,3100,2715,5815
18171,20201217,5호선,둔촌동,6557,6638,13195
18172,20201217,5호선,상일동,12478,11347,23825
18173,20201217,5호선,고덕,6695,6556,13251
18174,20201217,5호선,명일,6333,6627,12960
18175,20201217,5호선,굽은다리,7379,6947,14326
18176,20201217,5호선,길동,6060,6464,12524
18177,20201217,5호선,강동,15718,14797,30515
18178,20201217,5호선,천호,13629,13727,27356
18179,20201217,5호선,광나루,9854,9047,18901
18180,20201217,5호선,아차산,10845,10848,21693
18181,20201217,5호선,군자,8654,9246,17900
18182,20201217,5호선,장한평,15045,14971,30016
18183,20201217,5호선,답십리,13196,12142,25338
18184,20201217,5호선,마장,4379,4182,8561
18185,20201217,5호선,왕십리,3449,3692,7141
18186,20201217,5호선,행당,6255,5668,11923
18187,20201217,5호선,신금호,4868,5058,9926
18188,20201217,5호선,청구,3340,3077,6417
18189,20201217,5호선,동대문역사문화공원,2421,2759,5180
18190,20201217,5호선,을지로4가,5028,5120,10148
18191,20201217,5호선,종로3가,7212,7052,14264
18192,20201217,5호선,광화문,23482,24397,47879
18193,20201217,5호선,서대문,14793,15155,29948
18194,20201217,5호선,충정로,4054,4089,8143
18195,20201217,5호선,애오개,5270,5249,10519
18196,20201217,5호선,공덕,10826,11681,22507
18197,20201217,5호선,마포,11090,11539,22629
18198,20201217,5호선,여의나루,5582,5797,11379
18199,20201217,5호선,여의도,21647,22227,43874
18200,20201217,5호선,신길,3119,3528,6647
18201,20201217,5호선,영등포시장,7360,7629,14989
18202,20201217,5호선,영등포구청,3282,3401,6683
18203,20201217,5호선,양평,6227,6317,12544
18204,20201217,5호선,오목교,16790,17955,34745
18205,20201217,5호선,목동,13178,14811,27989
18206,20201217,5호선,신정,11462,9188,20650
18207,20201217,5호선,까치산,23236,22429,45665
18208,20201217,5호선,화곡,22804,21618,44422
18209,20201217,5호선,우장산,10316,10371,20687
18210,20201217,5호선,발산,14240,14242,28482
18211,20201217,5호선,마곡,7409,7154,14563
18212,20201217,5호선,송정,5229,4930,10159
18213,20201217,5호선,김포공항,5090,5054,10144
18214,20201217,5호선,개화산,4160,3936,8096
18215,20201217,5호선,방화,5176,4988,10164
18216,20201218,5호선,하남풍산,3916,4022,7938
18217,20201218,5호선,미사,10840,10839,21679
18218,20201218,5호선,마천,5026,4967,9993
18219,20201218,5호선,거여,6481,6208,12689
18220,20201218,5호선,개롱,5204,5266,10470
18221,20201218,5호선,오금,3254,3171,6425
18222,20201218,5호선,방이,5424,5565,10989
18223,20201218,5호선,올림픽공원,3307,2923,6230
18224,20201218,5호선,둔촌동,6804,6940,13744
18225,20201218,5호선,상일동,12890,11764,24654
18226,20201218,5호선,고덕,7079,7021,14100
18227,20201218,5호선,명일,6783,6923,13706
18228,20201218,5호선,굽은다리,7601,7224,14825
18229,20201218,5호선,길동,6427,6900,13327
18230,20201218,5호선,강동,16075,14941,31016
18231,20201218,5호선,천호,14775,14792,29567
18232,20201218,5호선,광나루,10049,9479,19528
18233,20201218,5호선,아차산,11722,11668,23390
18234,20201218,5호선,군자,9046,9767,18813
18235,20201218,5호선,장한평,15183,15117,30300
18236,20201218,5호선,답십리,13185,12265,25450
18237,20201218,5호선,마장,4727,4453,9180
18238,20201218,5호선,왕십리,3684,3863,7547
18239,20201218,5호선,행당,6587,5860,12447
18240,20201218,5호선,신금호,5036,5175,10211
18241,20201218,5호선,청구,3333,3085,6418
18242,20201218,5호선,동대문역사문화공원,2460,2727,5187
18243,20201218,5호선,을지로4가,5135,5253,10388
18244,20201218,5호선,종로3가,7466,7530,14996
18245,20201218,5호선,광화문,23456,24185,47641
18246,20201218,5호선,서대문,14820,15280,30100
18247,20201218,5호선,충정로,3863,3957,7820
18248,20201218,5호선,애오개,5382,5533,10915
18249,20201218,5호선,공덕,11136,12014,23150
18250,20201218,5호선,마포,11527,11962,23489
18251,20201218,5호선,여의나루,5728,5793,11521
18252,20201218,5호선,여의도,21239,22054,43293
18253,20201218,5호선,신길,3251,3604,6855
18254,20201218,5호선,영등포시장,7777,8034,15811
18255,20201218,5호선,영등포구청,3386,3511,6897
18256,20201218,5호선,양평,6353,6313,12666
18257,20201218,5호선,오목교,17653,19123,36776
18258,20201218,5호선,목동,13876,15334,29210
18259,20201218,5호선,신정,11765,9256,21021
18260,20201218,5호선,까치산,24212,23499,47711
18261,20201218,5호선,화곡,23640,22448,46088
18262,20201218,5호선,우장산,10928,11218,22146
18263,20201218,5호선,발산,14256,14522,28778
18264,20201218,5호선,마곡,7559,7356,14915
18265,20201218,5호선,송정,5485,5159,10644
18266,20201218,5호선,김포공항,5519,5448,10967
18267,20201218,5호선,개화산,4302,4133,8435
18268,20201218,5호선,방화,5402,5221,10623
18269,20201219,5호선,방화,2979,2922,5901
18270,20201219,5호선,개화산,2427,2443,4870
18271,20201219,5호선,김포공항,4480,4622,9102
18272,20201219,5호선,송정,3473,3471,6944
18273,20201219,5호선,마곡,3023,3061,6084
18274,20201219,5호선,발산,7456,7705,15161
18275,20201219,5호선,우장산,5833,6008,11841
18276,20201219,5호선,화곡,13178,12517,25695
18277,20201219,5호선,까치산,14370,13932,28302
18278,20201219,5호선,신정,5980,5250,11230
18279,20201219,5호선,목동,6927,7238,14165
18280,20201219,5호선,오목교,10198,10566,20764
18281,20201219,5호선,양평,2454,2459,4913
18282,20201219,5호선,영등포구청,1246,1233,2479
18283,20201219,5호선,영등포시장,4560,4684,9244
18284,20201219,5호선,신길,1635,1762,3397
18285,20201219,5호선,여의도,5156,5416,10572
18286,20201219,5호선,여의나루,2412,2208,4620
18287,20201219,5호선,마포,4523,4528,9051
18288,20201219,5호선,공덕,4230,4510,8740
18289,20201219,5호선,애오개,2405,2295,4700
18290,20201219,5호선,충정로,1232,1157,2389
18291,20201219,5호선,서대문,4551,4483,9034
18292,20201219,5호선,광화문,7783,7695,15478
18293,20201219,5호선,종로3가,4427,4571,8998
18294,20201219,5호선,을지로4가,2197,2382,4579
18295,20201219,5호선,동대문역사문화공원,763,927,1690
18296,20201219,5호선,청구,1687,1559,3246
18297,20201219,5호선,신금호,2661,2793,5454
18298,20201219,5호선,행당,3467,3069,6536
18299,20201219,5호선,왕십리,2296,2543,4839
18300,20201219,5호선,마장,2596,2526,5122
18301,20201219,5호선,답십리,7013,6526,13539
18302,20201219,5호선,장한평,7333,7349,14682
18303,20201219,5호선,군자,5504,5844,11348
18304,20201219,5호선,아차산,7610,7645,15255
18305,20201219,5호선,광나루,6060,5762,11822
18306,20201219,5호선,천호,11000,10521,21521
18307,20201219,5호선,강동,9146,8415,17561
18308,20201219,5호선,길동,3988,4074,8062
18309,20201219,5호선,굽은다리,4522,4430,8952
18310,20201219,5호선,명일,3516,3717,7233
18311,20201219,5호선,고덕,3443,3427,6870
18312,20201219,5호선,상일동,6106,5766,11872
18313,20201219,5호선,둔촌동,3971,3934,7905
18314,20201219,5호선,올림픽공원,1695,1491,3186
18315,20201219,5호선,방이,2975,2954,5929
18316,20201219,5호선,오금,1371,1316,2687
18317,20201219,5호선,개롱,2913,2996,5909
18318,20201219,5호선,거여,3590,3493,7083
18319,20201219,5호선,마천,3072,3115,6187
18320,20201219,5호선,미사,5948,5961,11909
18321,20201219,5호선,하남풍산,2155,2322,4477
18322,20201220,5호선,하남풍산,1506,1644,3150
18323,20201220,5호선,미사,3850,3855,7705
18324,20201220,5호선,마천,2112,2275,4387
18325,20201220,5호선,거여,2137,2153,4290
18326,20201220,5호선,개롱,1656,1786,3442
18327,20201220,5호선,오금,922,884,1806
18328,20201220,5호선,방이,1854,1949,3803
18329,20201220,5호선,올림픽공원,1146,997,2143
18330,20201220,5호선,둔촌동,2647,2740,5387
18331,20201220,5호선,상일동,3839,3779,7618
18332,20201220,5호선,고덕,2183,2196,4379
18333,20201220,5호선,명일,2176,2218,4394
18334,20201220,5호선,굽은다리,3082,2893,5975
18335,20201220,5호선,길동,2482,2540,5022
18336,20201220,5호선,강동,5772,5613,11385
18337,20201220,5호선,천호,7352,6999,14351
18338,20201220,5호선,광나루,4270,4220,8490
18339,20201220,5호선,아차산,5996,6031,12027
18340,20201220,5호선,군자,3599,3969,7568
18341,20201220,5호선,장한평,4436,4488,8924
18342,20201220,5호선,답십리,4378,4181,8559
18343,20201220,5호선,마장,1669,1572,3241
18344,20201220,5호선,왕십리,1444,1610,3054
18345,20201220,5호선,행당,2313,2145,4458
18346,20201220,5호선,신금호,1745,1853,3598
18347,20201220,5호선,청구,1098,995,2093
18348,20201220,5호선,동대문역사문화공원,531,546,1077
18349,20201220,5호선,을지로4가,820,787,1607
18350,20201220,5호선,종로3가,2906,2789,5695
18351,20201220,5호선,광화문,5329,5133,10462
18352,20201220,5호선,서대문,2917,2801,5718
18353,20201220,5호선,충정로,872,952,1824
18354,20201220,5호선,애오개,1545,1638,3183
18355,20201220,5호선,공덕,2647,2703,5350
18356,20201220,5호선,마포,2725,2771,5496
18357,20201220,5호선,여의나루,1599,1608,3207
18358,20201220,5호선,여의도,3263,3346,6609
18359,20201220,5호선,신길,1082,1265,2347
18360,20201220,5호선,영등포시장,2742,2783,5525
18361,20201220,5호선,영등포구청,845,845,1690
18362,20201220,5호선,양평,1625,1692,3317
18363,20201220,5호선,오목교,6489,6968,13457
18364,20201220,5호선,목동,4371,4582,8953
18365,20201220,5호선,신정,3902,3578,7480
18366,20201220,5호선,까치산,9432,9486,18918
18367,20201220,5호선,화곡,8552,8015,16567
18368,20201220,5호선,우장산,3619,3727,7346
18369,20201220,5호선,발산,4776,4870,9646
18370,20201220,5호선,마곡,1819,1899,3718
18371,20201220,5호선,송정,2229,2310,4539
18372,20201220,5호선,김포공항,4233,3905,8138
18373,20201220,5호선,개화산,1684,1732,3416
18374,20201220,5호선,방화,2336,2246,4582
18375,20201221,5호선,을지로4가,5274,5300,10574
18376,20201221,5호선,청구,3318,3088,6406
18377,20201221,5호선,하남풍산,3835,3784,7619
18378,20201221,5호선,미사,10577,10491,21068
18379,20201221,5호선,마천,4838,4958,9796
18380,20201221,5호선,거여,6531,6315,12846
18381,20201221,5호선,개롱,4907,5238,10145
18382,20201221,5호선,오금,3118,2958,6076
18383,20201221,5호선,방이,5390,5569,10959
18384,20201221,5호선,올림픽공원,3385,2962,6347
18385,20201221,5호선,둔촌동,6711,6818,13529
18386,20201221,5호선,상일동,12996,11936,24932
18387,20201221,5호선,고덕,7210,7076,14286
18388,20201221,5호선,명일,6594,6762,13356
18389,20201221,5호선,굽은다리,7449,7201,14650
18390,20201221,5호선,길동,6358,6708,13066
18391,20201221,5호선,강동,16057,15080,31137
18392,20201221,5호선,천호,13994,14015,28009
18393,20201221,5호선,광나루,10159,9336,19495
18394,20201221,5호선,아차산,11251,11418,22669
18395,20201221,5호선,군자,8748,9274,18022
18396,20201221,5호선,장한평,15150,15208,30358
18397,20201221,5호선,답십리,13426,12372,25798
18398,20201221,5호선,마장,4596,4454,9050
18399,20201221,5호선,왕십리,3529,3687,7216
18400,20201221,5호선,행당,6737,5986,12723
18401,20201221,5호선,신금호,4836,5157,9993
18402,20201221,5호선,동대문역사문화공원,2520,2810,5330
18403,20201221,5호선,종로3가,7471,7345,14816
18404,20201221,5호선,광화문,24265,24982,49247
18405,20201221,5호선,서대문,15641,15882,31523
18406,20201221,5호선,충정로,4000,4093,8093
18407,20201221,5호선,애오개,5399,5545,10944
18408,20201221,5호선,공덕,11483,12101,23584
18409,20201221,5호선,마포,11491,11852,23343
18410,20201221,5호선,여의나루,5969,6138,12107
18411,20201221,5호선,여의도,21456,22214,43670
18412,20201221,5호선,신길,3203,3583,6786
18413,20201221,5호선,영등포시장,7598,7809,15407
18414,20201221,5호선,영등포구청,3435,3448,6883
18415,20201221,5호선,양평,6392,6450,12842
18416,20201221,5호선,오목교,17229,18497,35726
18417,20201221,5호선,목동,13470,15108,28578
18418,20201221,5호선,신정,11806,9325,21131
18419,20201221,5호선,까치산,24101,23402,47503
18420,20201221,5호선,화곡,23271,21949,45220
18421,20201221,5호선,우장산,11338,11322,22660
18422,20201221,5호선,발산,14573,14819,29392
18423,20201221,5호선,마곡,7654,7501,15155
18424,20201221,5호선,송정,5519,5907,11426
18425,20201221,5호선,김포공항,5235,6411,11646
18426,20201221,5호선,개화산,4327,4328,8655
18427,20201221,5호선,방화,5380,5227,10607
18428,20201222,5호선,하남풍산,3985,4067,8052
18429,20201222,5호선,미사,10724,10626,21350
18430,20201222,5호선,마천,4832,4847,9679
18431,20201222,5호선,거여,6557,6298,12855
18432,20201222,5호선,개롱,4864,5227,10091
18433,20201222,5호선,오금,3088,3059,6147
18434,20201222,5호선,방이,5386,5556,10942
18435,20201222,5호선,올림픽공원,3471,2936,6407
18436,20201222,5호선,둔촌동,6866,6720,13586
18437,20201222,5호선,상일동,13012,11815,24827
18438,20201222,5호선,고덕,7212,7102,14314
18439,20201222,5호선,명일,6612,6809,13421
18440,20201222,5호선,굽은다리,7563,7311,14874
18441,20201222,5호선,길동,6347,6625,12972
18442,20201222,5호선,강동,16187,15138,31325
18443,20201222,5호선,천호,14517,14584,29101
18444,20201222,5호선,광나루,10390,9484,19874
18445,20201222,5호선,아차산,11402,11383,22785
18446,20201222,5호선,군자,9090,9733,18823
18447,20201222,5호선,장한평,15329,15324,30653
18448,20201222,5호선,답십리,13326,12389,25715
18449,20201222,5호선,마장,4569,4382,8951
18450,20201222,5호선,왕십리,3573,3776,7349
18451,20201222,5호선,행당,6584,5989,12573
18452,20201222,5호선,신금호,4959,5223,10182
18453,20201222,5호선,청구,3295,3132,6427
18454,20201222,5호선,동대문역사문화공원,2491,2837,5328
18455,20201222,5호선,을지로4가,5386,5424,10810
18456,20201222,5호선,종로3가,7537,7535,15072
18457,20201222,5호선,광화문,24242,25171,49413
18458,20201222,5호선,서대문,15264,15761,31025
18459,20201222,5호선,충정로,4065,4182,8247
18460,20201222,5호선,애오개,5492,5680,11172
18461,20201222,5호선,공덕,11608,12245,23853
18462,20201222,5호선,마포,11595,12015,23610
18463,20201222,5호선,여의나루,5907,6053,11960
18464,20201222,5호선,여의도,21587,22309,43896
18465,20201222,5호선,신길,3234,3581,6815
18466,20201222,5호선,영등포시장,7529,7847,15376
18467,20201222,5호선,영등포구청,3483,3512,6995
18468,20201222,5호선,오목교,17444,18828,36272
18469,20201222,5호선,목동,13585,15101,28686
18470,20201222,5호선,신정,11754,9125,20879
18471,20201222,5호선,까치산,24249,23433,47682
18472,20201222,5호선,화곡,23433,22051,45484
18473,20201222,5호선,우장산,11241,11331,22572
18474,20201222,5호선,발산,14517,14804,29321
18475,20201222,5호선,마곡,7735,7507,15242
18476,20201222,5호선,송정,5479,5130,10609
18477,20201222,5호선,김포공항,4897,4687,9584
18478,20201222,5호선,개화산,4281,4143,8424
18479,20201222,5호선,방화,5294,5020,10314
18480,20201222,5호선,양평,6374,6483,12857
18481,20201223,5호선,하남풍산,3894,3845,7739
18482,20201223,5호선,미사,10727,10702,21429
18483,20201223,5호선,마천,4860,4883,9743
18484,20201223,5호선,거여,6367,6151,12518
18485,20201223,5호선,개롱,5046,5320,10366
18486,20201223,5호선,오금,3055,3013,6068
18487,20201223,5호선,방이,5443,5600,11043
18488,20201223,5호선,올림픽공원,3318,2835,6153
18489,20201223,5호선,둔촌동,6763,6906,13669
18490,20201223,5호선,상일동,13056,11911,24967
18491,20201223,5호선,고덕,7469,7251,14720
18492,20201223,5호선,명일,6603,6726,13329
18493,20201223,5호선,굽은다리,7607,7339,14946
18494,20201223,5호선,길동,6392,6630,13022
18495,20201223,5호선,강동,16051,15050,31101
18496,20201223,5호선,천호,14818,14798,29616
18497,20201223,5호선,광나루,10511,9527,20038
18498,20201223,5호선,아차산,11691,11658,23349
18499,20201223,5호선,군자,9031,9794,18825
18500,20201223,5호선,장한평,15400,15274,30674
18501,20201223,5호선,답십리,13479,12295,25774
18502,20201223,5호선,마장,4564,4294,8858
18503,20201223,5호선,왕십리,3647,3922,7569
18504,20201223,5호선,행당,6654,5952,12606
18505,20201223,5호선,신금호,4968,5187,10155
18506,20201223,5호선,청구,3352,3077,6429
18507,20201223,5호선,동대문역사문화공원,2486,2816,5302
18508,20201223,5호선,을지로4가,5361,5385,10746
18509,20201223,5호선,종로3가,7630,7685,15315
18510,20201223,5호선,광화문,24048,24837,48885
18511,20201223,5호선,서대문,15146,15446,30592
18512,20201223,5호선,충정로,4006,4062,8068
18513,20201223,5호선,애오개,5595,5649,11244
18514,20201223,5호선,공덕,11491,12529,24020
18515,20201223,5호선,마포,11507,11818,23325
18516,20201223,5호선,여의나루,6210,6258,12468
18517,20201223,5호선,여의도,21311,21999,43310
18518,20201223,5호선,신길,3286,3706,6992
18519,20201223,5호선,영등포시장,7668,7849,15517
18520,20201223,5호선,영등포구청,3439,3514,6953
18521,20201223,5호선,양평,6514,6460,12974
18522,20201223,5호선,오목교,17734,19072,36806
18523,20201223,5호선,목동,13598,15135,28733
18524,20201223,5호선,신정,11717,9401,21118
18525,20201223,5호선,까치산,24158,23525,47683
18526,20201223,5호선,화곡,23499,22217,45716
18527,20201223,5호선,우장산,11615,11548,23163
18528,20201223,5호선,발산,14780,15108,29888
18529,20201223,5호선,마곡,7756,7523,15279
18530,20201223,5호선,송정,5412,5157,10569
18531,20201223,5호선,김포공항,5239,5074,10313
18532,20201223,5호선,개화산,4246,4156,8402
18533,20201223,5호선,방화,5440,5252,10692
18534,20201224,5호선,하남풍산,4043,4071,8114
18535,20201224,5호선,미사,10515,10781,21296
18536,20201224,5호선,마천,4735,4713,9448
18537,20201224,5호선,거여,6275,6049,12324
18538,20201224,5호선,개롱,4746,5056,9802
18539,20201224,5호선,오금,2990,2949,5939
18540,20201224,5호선,방이,5292,5395,10687
18541,20201224,5호선,올림픽공원,3267,2688,5955
18542,20201224,5호선,둔촌동,6720,6788,13508
18543,20201224,5호선,상일동,12461,11462,23923
18544,20201224,5호선,고덕,6914,7031,13945
18545,20201224,5호선,명일,6453,6794,13247
18546,20201224,5호선,굽은다리,7708,7264,14972
18547,20201224,5호선,길동,6513,6828,13341
18548,20201224,5호선,강동,15907,14542,30449
18549,20201224,5호선,천호,15677,15520,31197
18550,20201224,5호선,광나루,10069,9019,19088
18551,20201224,5호선,아차산,11561,11403,22964
18552,20201224,5호선,군자,9001,9907,18908
18553,20201224,5호선,장한평,14879,14975,29854
18554,20201224,5호선,답십리,13198,12311,25509
18555,20201224,5호선,마장,4743,4384,9127
18556,20201224,5호선,왕십리,3763,4205,7968
18557,20201224,5호선,행당,6494,5823,12317
18558,20201224,5호선,신금호,4946,5133,10079
18559,20201224,5호선,청구,3275,3110,6385
18560,20201224,5호선,동대문역사문화공원,2411,2715,5126
18561,20201224,5호선,을지로4가,4902,5019,9921
18562,20201224,5호선,종로3가,7968,8120,16088
18563,20201224,5호선,광화문,23193,23427,46620
18564,20201224,5호선,서대문,14433,14398,28831
18565,20201224,5호선,충정로,3761,3771,7532
18566,20201224,5호선,애오개,5274,5265,10539
18567,20201224,5호선,공덕,11254,12048,23302
18568,20201224,5호선,마포,11152,11503,22655
18569,20201224,5호선,여의나루,6053,5925,11978
18570,20201224,5호선,여의도,21184,21169,42353
18571,20201224,5호선,신길,3194,3497,6691
18572,20201224,5호선,영등포시장,7821,8010,15831
18573,20201224,5호선,영등포구청,3406,3450,6856
18574,20201224,5호선,양평,6211,6279,12490
18575,20201224,5호선,오목교,18064,19974,38038
18576,20201224,5호선,목동,13508,14890,28398
18577,20201224,5호선,신정,11597,9146,20743
18578,20201224,5호선,까치산,24328,23834,48162
18579,20201224,5호선,화곡,23508,22079,45587
18580,20201224,5호선,우장산,11281,11324,22605
18581,20201224,5호선,발산,14768,15066,29834
18582,20201224,5호선,마곡,7641,7389,15030
18583,20201224,5호선,송정,5560,5230,10790
18584,20201224,5호선,김포공항,6089,6447,12536
18585,20201224,5호선,개화산,4334,4197,8531
18586,20201224,5호선,방화,5371,5083,10454
18587,20201225,5호선,하남풍산,1786,1972,3758
18588,20201225,5호선,미사,4764,4715,9479
18589,20201225,5호선,마천,2268,2395,4663
18590,20201225,5호선,거여,2585,2504,5089
18591,20201225,5호선,개롱,1925,2026,3951
18592,20201225,5호선,오금,952,927,1879
18593,20201225,5호선,방이,2094,2040,4134
18594,20201225,5호선,올림픽공원,1310,1134,2444
18595,20201225,5호선,둔촌동,2895,2976,5871
18596,20201225,5호선,상일동,4653,4382,9035
18597,20201225,5호선,고덕,2507,2584,5091
18598,20201225,5호선,명일,2647,2601,5248
18599,20201225,5호선,굽은다리,3670,3494,7164
18600,20201225,5호선,길동,3094,3129,6223
18601,20201225,5호선,강동,6355,5890,12245
18602,20201225,5호선,천호,8774,8173,16947
18603,20201225,5호선,광나루,4548,4368,8916
18604,20201225,5호선,아차산,6321,6336,12657
18605,20201225,5호선,군자,4473,4605,9078
18606,20201225,5호선,장한평,5649,5517,11166
18607,20201225,5호선,답십리,5587,5161,10748
18608,20201225,5호선,마장,2055,1969,4024
18609,20201225,5호선,왕십리,1751,1930,3681
18610,20201225,5호선,행당,2585,2263,4848
18611,20201225,5호선,신금호,2079,2160,4239
18612,20201225,5호선,청구,1441,1233,2674
18613,20201225,5호선,동대문역사문화공원,543,747,1290
18614,20201225,5호선,을지로4가,1639,1759,3398
18615,20201225,5호선,종로3가,4216,4107,8323
18616,20201225,5호선,광화문,6783,6442,13225
18617,20201225,5호선,서대문,3129,3124,6253
18618,20201225,5호선,충정로,1014,911,1925
18619,20201225,5호선,애오개,1657,1604,3261
18620,20201225,5호선,공덕,2886,3026,5912
18621,20201225,5호선,마포,3207,3238,6445
18622,20201225,5호선,여의나루,2700,2577,5277
18623,20201225,5호선,여의도,3744,4071,7815
18624,20201225,5호선,신길,1286,1350,2636
18625,20201225,5호선,영등포시장,3165,3247,6412
18626,20201225,5호선,영등포구청,967,913,1880
18627,20201225,5호선,양평,1770,1748,3518
18628,20201225,5호선,오목교,7511,7837,15348
18629,20201225,5호선,목동,5058,5112,10170
18630,20201225,5호선,신정,4600,4060,8660
18631,20201225,5호선,까치산,11520,11207,22727
18632,20201225,5호선,화곡,10384,9657,20041
18633,20201225,5호선,우장산,4408,4500,8908
18634,20201225,5호선,발산,5412,5630,11042
18635,20201225,5호선,마곡,2267,2195,4462
18636,20201225,5호선,송정,2729,2657,5386
18637,20201225,5호선,김포공항,4316,4671,8987
18638,20201225,5호선,개화산,2022,2069,4091
18639,20201225,5호선,방화,2425,2409,4834
18640,20201226,5호선,방화,2869,2685,5554
18641,20201226,5호선,명일,3233,3372,6605
18642,20201226,5호선,고덕,3293,3172,6465
18643,20201226,5호선,상일동,5478,5196,10674
18644,20201226,5호선,화곡,11963,11312,23275
18645,20201226,5호선,까치산,12877,12778,25655
18646,20201226,5호선,둔촌동,3645,3693,7338
18647,20201226,5호선,올림픽공원,1704,1506,3210
18648,20201226,5호선,방이,2668,2642,5310
18649,20201226,5호선,오금,1209,1171,2380
18650,20201226,5호선,개롱,2393,2585,4978
18651,20201226,5호선,거여,3038,3040,6078
18652,20201226,5호선,마천,2838,2953,5791
18653,20201226,5호선,미사,5552,5450,11002
18654,20201226,5호선,하남풍산,2063,2090,4153
18655,20201226,5호선,신정,5422,4777,10199
18656,20201226,5호선,목동,6196,6536,12732
18657,20201226,5호선,발산,6575,6727,13302
18658,20201226,5호선,마곡,2613,2591,5204
18659,20201226,5호선,송정,3133,3142,6275
18660,20201226,5호선,김포공항,4133,4102,8235
18661,20201226,5호선,개화산,2239,2319,4558
18662,20201226,5호선,오목교,8846,9317,18163
18663,20201226,5호선,양평,2129,2095,4224
18664,20201226,5호선,영등포구청,1178,1183,2361
18665,20201226,5호선,영등포시장,4024,4189,8213
18666,20201226,5호선,신길,1429,1616,3045
18667,20201226,5호선,여의도,4571,4696,9267
18668,20201226,5호선,여의나루,2534,2385,4919
18669,20201226,5호선,마포,3973,4050,8023
18670,20201226,5호선,공덕,3669,3823,7492
18671,20201226,5호선,애오개,2126,2127,4253
18672,20201226,5호선,충정로,1116,1080,2196
18673,20201226,5호선,서대문,3929,3826,7755
18674,20201226,5호선,광화문,6827,6437,13264
18675,20201226,5호선,종로3가,4280,4163,8443
18676,20201226,5호선,을지로4가,2062,2134,4196
18677,20201226,5호선,동대문역사문화공원,644,689,1333
18678,20201226,5호선,청구,1529,1385,2914
18679,20201226,5호선,신금호,2432,2602,5034
18680,20201226,5호선,행당,3152,2848,6000
18681,20201226,5호선,왕십리,1970,2193,4163
18682,20201226,5호선,마장,2453,2267,4720
18683,20201226,5호선,답십리,6273,6016,12289
18684,20201226,5호선,장한평,6473,6414,12887
18685,20201226,5호선,군자,4751,5216,9967
18686,20201226,5호선,아차산,7481,7531,15012
18687,20201226,5호선,광나루,5774,5677,11451
18688,20201226,5호선,천호,10087,9642,19729
18689,20201226,5호선,강동,7502,7215,14717
18690,20201226,5호선,길동,3561,3714,7275
18691,20201226,5호선,굽은다리,4213,4057,8270
18692,20201226,5호선,우장산,5454,5685,11139
18693,20201227,5호선,방화,2101,2139,4240
18694,20201227,5호선,개화산,1637,1680,3317
18695,20201227,5호선,김포공항,4008,3565,7573
18696,20201227,5호선,송정,2214,2252,4466
18697,20201227,5호선,마곡,1840,1861,3701
18698,20201227,5호선,발산,4281,4533,8814
18699,20201227,5호선,우장산,3494,3640,7134
18700,20201227,5호선,화곡,8240,7736,15976
18701,20201227,5호선,까치산,9314,9218,18532
18702,20201227,5호선,신정,3671,3378,7049
18703,20201227,5호선,목동,4289,4447,8736
18704,20201227,5호선,오목교,6238,6488,12726
18705,20201227,5호선,양평,1421,1498,2919
18706,20201227,5호선,영등포구청,718,719,1437
18707,20201227,5호선,영등포시장,2453,2605,5058
18708,20201227,5호선,신길,1019,1207,2226
18709,20201227,5호선,여의도,2923,3273,6196
18710,20201227,5호선,여의나루,2005,1976,3981
18711,20201227,5호선,마포,2741,2659,5400
18712,20201227,5호선,공덕,2311,2466,4777
18713,20201227,5호선,애오개,1521,1511,3032
18714,20201227,5호선,충정로,792,904,1696
18715,20201227,5호선,서대문,2686,2659,5345
18716,20201227,5호선,광화문,5185,5075,10260
18717,20201227,5호선,종로3가,2832,2743,5575
18718,20201227,5호선,을지로4가,733,790,1523
18719,20201227,5호선,동대문역사문화공원,420,446,866
18720,20201227,5호선,청구,981,926,1907
18721,20201227,5호선,신금호,1641,1851,3492
18722,20201227,5호선,행당,2242,2054,4296
18723,20201227,5호선,왕십리,1295,1401,2696
18724,20201227,5호선,마장,1674,1605,3279
18725,20201227,5호선,답십리,4347,4083,8430
18726,20201227,5호선,장한평,4119,4070,8189
18727,20201227,5호선,군자,3417,3688,7105
18728,20201227,5호선,아차산,5929,6131,12060
18729,20201227,5호선,광나루,4449,4535,8984
18730,20201227,5호선,천호,6781,6463,13244
18731,20201227,5호선,강동,5343,5221,10564
18732,20201227,5호선,길동,2490,2597,5087
18733,20201227,5호선,굽은다리,2922,2755,5677
18734,20201227,5호선,명일,2220,2171,4391
18735,20201227,5호선,고덕,2021,2073,4094
18736,20201227,5호선,상일동,3784,3681,7465
18737,20201227,5호선,둔촌동,2408,2539,4947
18738,20201227,5호선,올림픽공원,1164,1038,2202
18739,20201227,5호선,방이,1859,1828,3687
18740,20201227,5호선,오금,840,786,1626
18741,20201227,5호선,개롱,1591,1738,3329
18742,20201227,5호선,거여,2057,2059,4116
18743,20201227,5호선,마천,2061,2211,4272
18744,20201227,5호선,미사,3948,3805,7753
18745,20201227,5호선,하남풍산,1555,1705,3260
18746,20201228,5호선,하남풍산,3980,3936,7916
18747,20201228,5호선,미사,10476,10434,20910
18748,20201228,5호선,마천,4740,4729,9469
18749,20201228,5호선,거여,6051,5879,11930
18750,20201228,5호선,개롱,4742,5092,9834
18751,20201228,5호선,오금,3074,2877,5951
18752,20201228,5호선,방이,5279,5398,10677
18753,20201228,5호선,올림픽공원,3154,2718,5872
18754,20201228,5호선,둔촌동,6530,6603,13133
18755,20201228,5호선,상일동,12865,11629,24494
18756,20201228,5호선,고덕,6870,6867,13737
18757,20201228,5호선,명일,6540,6700,13240
18758,20201228,5호선,굽은다리,7287,6986,14273
18759,20201228,5호선,길동,6258,6474,12732
18760,20201228,5호선,강동,15169,14248,29417
18761,20201228,5호선,천호,13984,14251,28235
18762,20201228,5호선,광나루,9825,9074,18899
18763,20201228,5호선,아차산,11184,11071,22255
18764,20201228,5호선,군자,8615,9319,17934
18765,20201228,5호선,답십리,13156,12325,25481
18766,20201228,5호선,마장,4643,4438,9081
18767,20201228,5호선,왕십리,3421,3694,7115
18768,20201228,5호선,행당,6452,5758,12210
18769,20201228,5호선,장한평,15005,15070,30075
18770,20201228,5호선,신금호,4951,5235,10186
18771,20201228,5호선,청구,3223,3013,6236
18772,20201228,5호선,동대문역사문화공원,2378,2742,5120
18773,20201228,5호선,을지로4가,5327,5418,10745
18774,20201228,5호선,종로3가,7627,7576,15203
18775,20201228,5호선,광화문,22939,23528,46467
18776,20201228,5호선,서대문,13956,14277,28233
18777,20201228,5호선,충정로,3932,3914,7846
18778,20201228,5호선,애오개,5185,5276,10461
18779,20201228,5호선,공덕,10908,11629,22537
18780,20201228,5호선,마포,11192,11598,22790
18781,20201228,5호선,여의나루,5593,5647,11240
18782,20201228,5호선,여의도,20542,21367,41909
18783,20201228,5호선,신길,3079,3516,6595
18784,20201228,5호선,영등포시장,7615,7873,15488
18785,20201228,5호선,영등포구청,3407,3456,6863
18786,20201228,5호선,양평,6149,6251,12400
18787,20201228,5호선,오목교,16736,17993,34729
18788,20201228,5호선,목동,13455,14975,28430
18789,20201228,5호선,신정,11542,9151,20693
18790,20201228,5호선,까치산,23522,23066,46588
18791,20201228,5호선,화곡,23026,21813,44839
18792,20201228,5호선,우장산,11032,10998,22030
18793,20201228,5호선,발산,14028,14097,28125
18794,20201228,5호선,마곡,7575,7438,15013
18795,20201228,5호선,송정,5493,5217,10710
18796,20201228,5호선,김포공항,5125,4958,10083
18797,20201228,5호선,개화산,4283,4083,8366
18798,20201228,5호선,방화,5394,5083,10477
18799,20201229,5호선,여의도,21205,21578,42783
18800,20201229,5호선,신길,3116,3526,6642
18801,20201229,5호선,영등포시장,7541,7886,15427
18802,20201229,5호선,영등포구청,3325,3433,6758
18803,20201229,5호선,양평,6288,6412,12700
18804,20201229,5호선,오목교,17054,18245,35299
18805,20201229,5호선,목동,13331,14895,28226
18806,20201229,5호선,신정,11503,9290,20793
18807,20201229,5호선,까치산,23604,23003,46607
18808,20201229,5호선,화곡,23050,21773,44823
18809,20201229,5호선,우장산,10709,10787,21496
18810,20201229,5호선,발산,13934,14085,28019
18811,20201229,5호선,마곡,7441,7177,14618
18812,20201229,5호선,송정,5253,5040,10293
18813,20201229,5호선,김포공항,4928,4727,9655
18814,20201229,5호선,개화산,4214,4008,8222
18815,20201229,5호선,방화,5235,5124,10359
18816,20201229,5호선,하남풍산,3914,3895,7809
18817,20201229,5호선,미사,10411,10347,20758
18818,20201229,5호선,마천,4620,4685,9305
18819,20201229,5호선,거여,6309,6106,12415
18820,20201229,5호선,개롱,4809,5052,9861
18821,20201229,5호선,오금,3029,2932,5961
18822,20201229,5호선,방이,5301,5548,10849
18823,20201229,5호선,올림픽공원,3106,2680,5786
18824,20201229,5호선,둔촌동,6689,6871,13560
18825,20201229,5호선,상일동,12908,11568,24476
18826,20201229,5호선,고덕,6689,6652,13341
18827,20201229,5호선,명일,6453,6707,13160
18828,20201229,5호선,굽은다리,7458,7074,14532
18829,20201229,5호선,길동,6283,6593,12876
18830,20201229,5호선,강동,15516,14623,30139
18831,20201229,5호선,천호,14249,14277,28526
18832,20201229,5호선,광나루,10175,9198,19373
18833,20201229,5호선,아차산,11365,11429,22794
18834,20201229,5호선,군자,8925,9641,18566
18835,20201229,5호선,장한평,15161,15112,30273
18836,20201229,5호선,답십리,13135,12226,25361
18837,20201229,5호선,마장,4630,4475,9105
18838,20201229,5호선,왕십리,3564,3888,7452
18839,20201229,5호선,행당,6297,5751,12048
18840,20201229,5호선,신금호,4926,5113,10039
18841,20201229,5호선,청구,3318,3100,6418
18842,20201229,5호선,동대문역사문화공원,2462,2716,5178
18843,20201229,5호선,을지로4가,5264,5313,10577
18844,20201229,5호선,종로3가,7836,7751,15587
18845,20201229,5호선,광화문,23637,23926,47563
18846,20201229,5호선,서대문,14179,14431,28610
18847,20201229,5호선,충정로,3891,3955,7846
18848,20201229,5호선,애오개,5412,5566,10978
18849,20201229,5호선,공덕,11342,11891,23233
18850,20201229,5호선,마포,11472,11811,23283
18851,20201229,5호선,여의나루,4976,5108,10084
18852,20201230,5호선,방화,5083,4878,9961
18853,20201230,5호선,개화산,4038,3876,7914
18854,20201230,5호선,김포공항,4752,4907,9659
18855,20201230,5호선,송정,5127,4856,9983
18856,20201230,5호선,마곡,7154,6982,14136
18857,20201230,5호선,발산,13256,13465,26721
18858,20201230,5호선,우장산,10359,10455,20814
18859,20201230,5호선,화곡,22107,20706,42813
18860,20201230,5호선,까치산,22565,22156,44721
18861,20201230,5호선,신정,11106,8961,20067
18862,20201230,5호선,목동,12699,14015,26714
18863,20201230,5호선,오목교,16758,17704,34462
18864,20201230,5호선,양평,6004,6127,12131
18865,20201230,5호선,영등포구청,3142,3154,6296
18866,20201230,5호선,영등포시장,7123,7396,14519
18867,20201230,5호선,신길,3078,3445,6523
18868,20201230,5호선,여의도,20642,20976,41618
18869,20201230,5호선,여의나루,4621,4928,9549
18870,20201230,5호선,마포,11219,11487,22706
18871,20201230,5호선,공덕,10599,11215,21814
18872,20201230,5호선,애오개,5141,5291,10432
18873,20201230,5호선,충정로,3690,3798,7488
18874,20201230,5호선,서대문,13909,14157,28066
18875,20201230,5호선,광화문,22575,22981,45556
18876,20201230,5호선,종로3가,7291,7306,14597
18877,20201230,5호선,을지로4가,4828,4929,9757
18878,20201230,5호선,동대문역사문화공원,2361,2611,4972
18879,20201230,5호선,청구,3064,2957,6021
18880,20201230,5호선,신금호,4704,4895,9599
18881,20201230,5호선,행당,6209,5570,11779
18882,20201230,5호선,왕십리,3391,3642,7033
18883,20201230,5호선,마장,4302,4170,8472
18884,20201230,5호선,답십리,12587,11680,24267
18885,20201230,5호선,장한평,14396,14390,28786
18886,20201230,5호선,군자,8713,9236,17949
18887,20201230,5호선,아차산,10770,10745,21515
18888,20201230,5호선,광나루,9488,8466,17954
18889,20201230,5호선,천호,13740,13586,27326
18890,20201230,5호선,강동,14979,14047,29026
18891,20201230,5호선,길동,5979,6350,12329
18892,20201230,5호선,굽은다리,7235,6929,14164
18893,20201230,5호선,명일,6088,6501,12589
18894,20201230,5호선,고덕,6403,6349,12752
18895,20201230,5호선,상일동,11874,10888,22762
18896,20201230,5호선,둔촌동,6524,6537,13061
18897,20201230,5호선,올림픽공원,3111,2593,5704
18898,20201230,5호선,방이,5131,5383,10514
18899,20201230,5호선,오금,2903,2747,5650
18900,20201230,5호선,개롱,4713,4964,9677
18901,20201230,5호선,거여,5860,5531,11391
18902,20201230,5호선,마천,4456,4580,9036
18903,20201230,5호선,미사,9856,9699,19555
18904,20201230,5호선,하남풍산,3747,3712,7459
18905,20201231,5호선,하남풍산,3536,3683,7219
18906,20201231,5호선,미사,9412,9245,18657
18907,20201231,5호선,마천,4139,4139,8278
18908,20201231,5호선,거여,5446,5273,10719
18909,20201231,5호선,개롱,4273,4418,8691
18910,20201231,5호선,오금,2515,2403,4918
18911,20201231,5호선,방이,4624,4787,9411
18912,20201231,5호선,올림픽공원,2715,2294,5009
18913,20201231,5호선,둔촌동,5941,5985,11926
18914,20201231,5호선,상일동,11257,10289,21546
18915,20201231,5호선,고덕,6113,6331,12444
18916,20201231,5호선,명일,5849,6067,11916
18917,20201231,5호선,굽은다리,7026,6740,13766
18918,20201231,5호선,길동,5950,6354,12304
18919,20201231,5호선,강동,13987,12818,26805
18920,20201231,5호선,천호,14168,13726,27894
18921,20201231,5호선,광나루,9045,8109,17154
18922,20201231,5호선,아차산,10477,10457,20934
18923,20201231,5호선,군자,8174,8635,16809
18924,20201231,5호선,장한평,13548,13492,27040
18925,20201231,5호선,답십리,12164,11501,23665
18926,20201231,5호선,마장,4352,4037,8389
18927,20201231,5호선,왕십리,3346,3686,7032
18928,20201231,5호선,행당,5964,5245,11209
18929,20201231,5호선,신금호,4585,4640,9225
18930,20201231,5호선,청구,2941,2690,5631
18931,20201231,5호선,동대문역사문화공원,2123,2530,4653
18932,20201231,5호선,을지로4가,4571,4687,9258
18933,20201231,5호선,종로3가,7107,7203,14310
18934,20201231,5호선,광화문,20957,21321,42278
18935,20201231,5호선,서대문,12794,12974,25768
18936,20201231,5호선,충정로,3444,3314,6758
18937,20201231,5호선,애오개,4798,4818,9616
18938,20201231,5호선,공덕,9591,10276,19867
18939,20201231,5호선,마포,9872,10194,20066
18940,20201231,5호선,여의나루,4303,4425,8728
18941,20201231,5호선,여의도,18110,18584,36694
18942,20201231,5호선,신길,2840,3014,5854
18943,20201231,5호선,영등포시장,7077,7142,14219
18944,20201231,5호선,영등포구청,3063,2923,5986
18945,20201231,5호선,양평,5536,5424,10960
18946,20201231,5호선,오목교,15951,17549,33500
18947,20201231,5호선,목동,12084,13124,25208
18948,20201231,5호선,신정,10614,8398,19012
18949,20201231,5호선,까치산,22095,21505,43600
18950,20201231,5호선,화곡,21617,20082,41699
18951,20201231,5호선,우장산,9902,10149,20051
18952,20201231,5호선,발산,12035,12239,24274
18953,20201231,5호선,마곡,6598,6395,12993
18954,20201231,5호선,송정,5077,4753,9830
18955,20201231,5호선,김포공항,5496,5984,11480
18956,20201231,5호선,개화산,3892,3799,7691
18957,20201231,5호선,방화,4791,4619,9410
