,사용일자,노선명,역명,승차총승객수,하차총승객수,승하차총승객수
0,20200101,우이신설선,신설동,892,828,1720
1,20200101,우이신설선,보문,917,855,1772
2,20200101,우이신설선,성신여대입구(돈암),2010,2363,4373
3,20200101,우이신설선,정릉,2096,1989,4085
4,20200101,우이신설선,북한산보국문,2945,2849,5794
5,20200101,우이신설선,솔샘,2477,2272,4749
6,20200101,우이신설선,삼양사거리,1288,1316,2604
7,20200101,우이신설선,삼양,1113,1188,2301
8,20200101,우이신설선,화계,1789,1690,3479
9,20200101,우이신설선,가오리,2041,1974,4015
10,20200101,우이신설선,4.19민주묘지,1504,1352,2856
11,20200101,우이신설선,솔밭공원,1201,1209,2410
12,20200101,우이신설선,북한산우이,3048,2766,5814
13,20200102,우이신설선,북한산우이,2558,2282,4840
14,20200102,우이신설선,솔밭공원,2436,2375,4811
15,20200102,우이신설선,4.19민주묘지,2734,2560,5294
16,20200102,우이신설선,가오리,4228,4157,8385
17,20200102,우이신설선,화계,3420,3275,6695
18,20200102,우이신설선,삼양,2151,2234,4385
19,20200102,우이신설선,삼양사거리,2526,2638,5164
20,20200102,우이신설선,솔샘,6085,5705,11790
21,20200102,우이신설선,북한산보국문,5997,5731,11728
22,20200102,우이신설선,정릉,4494,4137,8631
23,20200102,우이신설선,성신여대입구(돈암),3632,4176,7808
24,20200102,우이신설선,보문,1597,1564,3161
25,20200102,우이신설선,신설동,2144,2148,4292
26,20200103,우이신설선,삼양,2188,2308,4496
27,20200103,우이신설선,삼양사거리,2643,2710,5353
28,20200103,우이신설선,솔샘,6338,5658,11996
29,20200103,우이신설선,북한산보국문,6470,5956,12426
30,20200103,우이신설선,신설동,2227,2259,4486
31,20200103,우이신설선,보문,1570,1587,3157
32,20200103,우이신설선,성신여대입구(돈암),3740,4298,8038
33,20200103,우이신설선,정릉,4819,4382,9201
34,20200103,우이신설선,북한산우이,2477,2140,4617
35,20200103,우이신설선,솔밭공원,2550,2489,5039
36,20200103,우이신설선,4.19민주묘지,2924,2752,5676
37,20200103,우이신설선,가오리,4409,4168,8577
38,20200103,우이신설선,화계,3557,3288,6845
39,20200104,우이신설선,북한산보국문,5117,4407,9524
40,20200104,우이신설선,북한산우이,3116,3178,6294
41,20200104,우이신설선,솔밭공원,1957,1789,3746
42,20200104,우이신설선,4.19민주묘지,2230,2064,4294
43,20200104,우이신설선,가오리,3227,2925,6152
44,20200104,우이신설선,화계,2663,2459,5122
45,20200104,우이신설선,삼양,1633,1636,3269
46,20200104,우이신설선,삼양사거리,1999,2026,4025
47,20200104,우이신설선,솔샘,4259,3730,7989
48,20200104,우이신설선,정릉,3913,3286,7199
49,20200104,우이신설선,성신여대입구(돈암),3181,3763,6944
50,20200104,우이신설선,보문,1339,1331,2670
51,20200104,우이신설선,신설동,1474,1488,2962
52,20200105,우이신설선,북한산우이,3140,3093,6233
53,20200105,우이신설선,솔밭공원,1551,1480,3031
54,20200105,우이신설선,4.19민주묘지,1974,1680,3654
55,20200105,우이신설선,가오리,2503,2370,4873
56,20200105,우이신설선,화계,2188,2071,4259
57,20200105,우이신설선,삼양,1361,1376,2737
58,20200105,우이신설선,삼양사거리,1648,1641,3289
59,20200105,우이신설선,솔샘,3178,2939,6117
60,20200105,우이신설선,북한산보국문,4257,3727,7984
61,20200105,우이신설선,정릉,2963,2506,5469
62,20200105,우이신설선,성신여대입구(돈암),2402,2790,5192
63,20200105,우이신설선,보문,1146,1136,2282
64,20200105,우이신설선,신설동,1305,1323,2628
65,20200106,우이신설선,북한산우이,2291,2044,4335
66,20200106,우이신설선,솔밭공원,2496,2438,4934
67,20200106,우이신설선,4.19민주묘지,2844,2726,5570
68,20200106,우이신설선,가오리,4416,4384,8800
69,20200106,우이신설선,화계,3657,3470,7127
70,20200106,우이신설선,삼양,2117,2334,4451
71,20200106,우이신설선,삼양사거리,2656,2802,5458
72,20200106,우이신설선,솔샘,6298,5940,12238
73,20200106,우이신설선,북한산보국문,6179,5963,12142
74,20200106,우이신설선,정릉,4738,4533,9271
75,20200106,우이신설선,성신여대입구(돈암),3775,4159,7934
76,20200106,우이신설선,보문,1669,1710,3379
77,20200106,우이신설선,신설동,2265,2269,4534
78,20200107,우이신설선,북한산우이,2104,1782,3886
79,20200107,우이신설선,솔밭공원,2438,2419,4857
80,20200107,우이신설선,4.19민주묘지,2662,2577,5239
81,20200107,우이신설선,가오리,4310,4340,8650
82,20200107,우이신설선,화계,3476,3339,6815
83,20200107,우이신설선,삼양,1965,2198,4163
84,20200107,우이신설선,삼양사거리,2465,2610,5075
85,20200107,우이신설선,솔샘,6235,5865,12100
86,20200107,우이신설선,북한산보국문,5968,5827,11795
87,20200107,우이신설선,정릉,4456,4409,8865
88,20200107,우이신설선,성신여대입구(돈암),3702,4069,7771
89,20200107,우이신설선,보문,1595,1683,3278
90,20200107,우이신설선,신설동,2069,2060,4129
91,20200108,우이신설선,정릉,4857,4541,9398
92,20200108,우이신설선,신설동,2244,2232,4476
93,20200108,우이신설선,보문,1680,1734,3414
94,20200108,우이신설선,북한산우이,2382,2041,4423
95,20200108,우이신설선,솔밭공원,2618,2485,5103
96,20200108,우이신설선,4.19민주묘지,2933,2810,5743
97,20200108,우이신설선,가오리,4414,4368,8782
98,20200108,우이신설선,화계,3715,3529,7244
99,20200108,우이신설선,삼양,2184,2399,4583
100,20200108,우이신설선,삼양사거리,2689,2792,5481
101,20200108,우이신설선,솔샘,6306,5872,12178
102,20200108,우이신설선,북한산보국문,6415,6091,12506
103,20200108,우이신설선,성신여대입구(돈암),3824,4257,8081
104,20200109,우이신설선,북한산우이,2756,2357,5113
105,20200109,우이신설선,솔밭공원,2606,2638,5244
106,20200109,우이신설선,4.19민주묘지,2923,2766,5689
107,20200109,우이신설선,가오리,4655,4526,9181
108,20200109,우이신설선,화계,3637,3444,7081
109,20200109,우이신설선,삼양,2118,2221,4339
110,20200109,우이신설선,삼양사거리,2726,2807,5533
111,20200109,우이신설선,솔샘,6450,5850,12300
112,20200109,우이신설선,북한산보국문,6410,6125,12535
113,20200109,우이신설선,정릉,4864,4517,9381
114,20200109,우이신설선,성신여대입구(돈암),3906,4326,8232
115,20200109,우이신설선,보문,1730,1754,3484
116,20200109,우이신설선,신설동,2262,2333,4595
117,20200110,우이신설선,북한산우이,2560,2232,4792
118,20200110,우이신설선,솔밭공원,2716,2549,5265
119,20200110,우이신설선,4.19민주묘지,3021,2838,5859
120,20200110,우이신설선,가오리,4558,4308,8866
121,20200110,우이신설선,화계,3697,3421,7118
122,20200110,우이신설선,삼양,2224,2371,4595
123,20200110,우이신설선,삼양사거리,2738,2781,5519
124,20200110,우이신설선,솔샘,6593,6020,12613
125,20200110,우이신설선,북한산보국문,6730,6115,12845
126,20200110,우이신설선,정릉,5137,4638,9775
127,20200110,우이신설선,성신여대입구(돈암),4102,4589,8691
128,20200110,우이신설선,보문,1778,1749,3527
129,20200110,우이신설선,신설동,2362,2318,4680
130,20200111,우이신설선,북한산우이,3112,3158,6270
131,20200111,우이신설선,솔밭공원,2133,1980,4113
132,20200111,우이신설선,4.19민주묘지,3581,3179,6760
133,20200111,우이신설선,가오리,3340,3083,6423
134,20200111,우이신설선,화계,2745,2489,5234
135,20200111,우이신설선,삼양,1731,1725,3456
136,20200111,우이신설선,삼양사거리,2083,2109,4192
137,20200111,우이신설선,솔샘,4551,3834,8385
138,20200111,우이신설선,북한산보국문,5200,4635,9835
139,20200111,우이신설선,정릉,4124,3429,7553
140,20200111,우이신설선,성신여대입구(돈암),3220,3866,7086
141,20200111,우이신설선,보문,1355,1358,2713
142,20200111,우이신설선,신설동,1649,1592,3241
143,20200112,우이신설선,북한산우이,2891,2818,5709
144,20200112,우이신설선,솔밭공원,1678,1528,3206
145,20200112,우이신설선,4.19민주묘지,2424,2102,4526
146,20200112,우이신설선,가오리,2645,2473,5118
147,20200112,우이신설선,화계,2305,2233,4538
148,20200112,우이신설선,삼양,1265,1336,2601
149,20200112,우이신설선,삼양사거리,1620,1620,3240
150,20200112,우이신설선,솔샘,3205,2989,6194
151,20200112,우이신설선,북한산보국문,4277,3725,8002
152,20200112,우이신설선,정릉,3098,2696,5794
153,20200112,우이신설선,성신여대입구(돈암),2635,3021,5656
154,20200112,우이신설선,보문,1137,1177,2314
155,20200112,우이신설선,신설동,1226,1272,2498
156,20200113,우이신설선,북한산우이,2309,2013,4322
157,20200113,우이신설선,솔밭공원,2617,2565,5182
158,20200113,우이신설선,4.19민주묘지,2877,2782,5659
159,20200113,우이신설선,가오리,4350,4332,8682
160,20200113,우이신설선,화계,3690,3592,7282
161,20200113,우이신설선,삼양,2234,2398,4632
162,20200113,우이신설선,삼양사거리,2676,2822,5498
163,20200113,우이신설선,솔샘,6378,5933,12311
164,20200113,우이신설선,북한산보국문,6243,6136,12379
165,20200113,우이신설선,정릉,4755,4443,9198
166,20200113,우이신설선,성신여대입구(돈암),3776,4264,8040
167,20200113,우이신설선,보문,1651,1618,3269
168,20200113,우이신설선,신설동,2239,2232,4471
169,20200114,우이신설선,성신여대입구(돈암),3828,4193,8021
170,20200114,우이신설선,정릉,4708,4467,9175
171,20200114,우이신설선,북한산보국문,6434,6067,12501
172,20200114,우이신설선,솔샘,6374,5963,12337
173,20200114,우이신설선,삼양사거리,2694,2762,5456
174,20200114,우이신설선,삼양,2133,2329,4462
175,20200114,우이신설선,화계,3899,3617,7516
176,20200114,우이신설선,가오리,4553,4541,9094
177,20200114,우이신설선,4.19민주묘지,2862,2852,5714
178,20200114,우이신설선,솔밭공원,2720,2625,5345
179,20200114,우이신설선,북한산우이,2497,2188,4685
180,20200114,우이신설선,보문,1680,1692,3372
181,20200114,우이신설선,신설동,2199,2247,4446
182,20200115,우이신설선,북한산우이,2479,2124,4603
183,20200115,우이신설선,솔밭공원,2613,2562,5175
184,20200115,우이신설선,4.19민주묘지,3054,2897,5951
185,20200115,우이신설선,가오리,4424,4362,8786
186,20200115,우이신설선,화계,3694,3604,7298
187,20200115,우이신설선,삼양,2239,2439,4678
188,20200115,우이신설선,삼양사거리,2753,2817,5570
189,20200115,우이신설선,솔샘,6427,6011,12438
190,20200115,우이신설선,북한산보국문,6521,6095,12616
191,20200115,우이신설선,정릉,4847,4586,9433
192,20200115,우이신설선,성신여대입구(돈암),3966,4365,8331
193,20200115,우이신설선,보문,1669,1720,3389
194,20200115,우이신설선,신설동,2304,2307,4611
195,20200116,우이신설선,신설동,2259,2274,4533
196,20200116,우이신설선,보문,1647,1717,3364
197,20200116,우이신설선,성신여대입구(돈암),3964,4179,8143
198,20200116,우이신설선,정릉,4805,4395,9200
199,20200116,우이신설선,북한산보국문,6408,6071,12479
200,20200116,우이신설선,솔샘,6386,5955,12341
201,20200116,우이신설선,삼양사거리,2745,2829,5574
202,20200116,우이신설선,삼양,2225,2389,4614
203,20200116,우이신설선,화계,3719,3539,7258
204,20200116,우이신설선,가오리,4637,4533,9170
205,20200116,우이신설선,4.19민주묘지,2934,2747,5681
206,20200116,우이신설선,솔밭공원,2746,2591,5337
207,20200116,우이신설선,북한산우이,2604,2268,4872
208,20200117,우이신설선,북한산우이,2517,2277,4794
209,20200117,우이신설선,솔밭공원,2789,2526,5315
210,20200117,우이신설선,4.19민주묘지,2987,2830,5817
211,20200117,우이신설선,가오리,4530,4432,8962
212,20200117,우이신설선,화계,3831,3491,7322
213,20200117,우이신설선,삼양,2382,2505,4887
214,20200117,우이신설선,삼양사거리,2765,2776,5541
215,20200117,우이신설선,솔샘,6420,5880,12300
216,20200117,우이신설선,북한산보국문,6730,6140,12870
217,20200117,우이신설선,정릉,4953,4449,9402
218,20200117,우이신설선,성신여대입구(돈암),4047,4520,8567
219,20200117,우이신설선,보문,1723,1761,3484
220,20200117,우이신설선,신설동,2264,2372,4636
221,20200118,우이신설선,신설동,1528,1574,3102
222,20200118,우이신설선,북한산우이,3024,3003,6027
223,20200118,우이신설선,솔밭공원,2155,1889,4044
224,20200118,우이신설선,4.19민주묘지,2453,2184,4637
225,20200118,우이신설선,가오리,3411,3222,6633
226,20200118,우이신설선,화계,2887,2657,5544
227,20200118,우이신설선,삼양,1792,1817,3609
228,20200118,우이신설선,삼양사거리,2157,2125,4282
229,20200118,우이신설선,솔샘,4429,3875,8304
230,20200118,우이신설선,북한산보국문,5452,4658,10110
231,20200118,우이신설선,정릉,4031,3226,7257
232,20200118,우이신설선,성신여대입구(돈암),3297,3803,7100
233,20200118,우이신설선,보문,1324,1331,2655
234,20200119,우이신설선,성신여대입구(돈암),2452,2829,5281
235,20200119,우이신설선,보문,1201,1195,2396
236,20200119,우이신설선,신설동,1119,1199,2318
237,20200119,우이신설선,북한산우이,2642,2641,5283
238,20200119,우이신설선,솔밭공원,1528,1468,2996
239,20200119,우이신설선,4.19민주묘지,1795,1584,3379
240,20200119,우이신설선,가오리,2599,2391,4990
241,20200119,우이신설선,화계,2195,2056,4251
242,20200119,우이신설선,삼양,1350,1335,2685
243,20200119,우이신설선,삼양사거리,1602,1542,3144
244,20200119,우이신설선,솔샘,3140,2842,5982
245,20200119,우이신설선,북한산보국문,4029,3580,7609
246,20200119,우이신설선,정릉,3043,2430,5473
247,20200120,우이신설선,보문,1710,1727,3437
248,20200120,우이신설선,성신여대입구(돈암),3793,4268,8061
249,20200120,우이신설선,정릉,4845,4458,9303
250,20200120,우이신설선,북한산보국문,6308,6068,12376
251,20200120,우이신설선,솔샘,6529,6029,12558
252,20200120,우이신설선,삼양사거리,2775,2785,5560
253,20200120,우이신설선,삼양,2294,2496,4790
254,20200120,우이신설선,화계,3757,3562,7319
255,20200120,우이신설선,가오리,4503,4531,9034
256,20200120,우이신설선,4.19민주묘지,2917,2785,5702
257,20200120,우이신설선,솔밭공원,2906,2847,5753
258,20200120,우이신설선,북한산우이,2396,2157,4553
259,20200120,우이신설선,신설동,2336,2341,4677
260,20200121,우이신설선,북한산우이,2438,2175,4613
261,20200121,우이신설선,솔밭공원,2777,2640,5417
262,20200121,우이신설선,4.19민주묘지,2931,2833,5764
263,20200121,우이신설선,가오리,4511,4499,9010
264,20200121,우이신설선,화계,3824,3643,7467
265,20200121,우이신설선,삼양,2253,2465,4718
266,20200121,우이신설선,삼양사거리,2745,2905,5650
267,20200121,우이신설선,솔샘,6490,6089,12579
268,20200121,우이신설선,북한산보국문,6299,5882,12181
269,20200121,우이신설선,정릉,4886,4459,9345
270,20200121,우이신설선,성신여대입구(돈암),3828,4240,8068
271,20200121,우이신설선,보문,1660,1709,3369
272,20200121,우이신설선,신설동,2315,2354,4669
273,20200122,우이신설선,북한산우이,2410,2093,4503
274,20200122,우이신설선,솔밭공원,2641,2522,5163
275,20200122,우이신설선,4.19민주묘지,2880,2767,5647
276,20200122,우이신설선,가오리,4548,4474,9022
277,20200122,우이신설선,화계,3822,3546,7368
278,20200122,우이신설선,삼양,2188,2365,4553
279,20200122,우이신설선,삼양사거리,2698,2802,5500
280,20200122,우이신설선,솔샘,6557,5929,12486
281,20200122,우이신설선,북한산보국문,6406,5905,12311
282,20200122,우이신설선,정릉,4828,4491,9319
283,20200122,우이신설선,성신여대입구(돈암),3783,4273,8056
284,20200122,우이신설선,보문,1714,1715,3429
285,20200122,우이신설선,신설동,2393,2350,4743
286,20200123,우이신설선,북한산우이,2279,1946,4225
287,20200123,우이신설선,솔밭공원,2571,2302,4873
288,20200123,우이신설선,4.19민주묘지,2751,2429,5180
289,20200123,우이신설선,가오리,4276,4178,8454
290,20200123,우이신설선,화계,3527,3148,6675
291,20200123,우이신설선,삼양,2092,2244,4336
292,20200123,우이신설선,삼양사거리,2525,2577,5102
293,20200123,우이신설선,솔샘,6152,5355,11507
294,20200123,우이신설선,북한산보국문,6129,5236,11365
295,20200123,우이신설선,정릉,4584,3976,8560
296,20200123,우이신설선,성신여대입구(돈암),3650,4179,7829
297,20200123,우이신설선,보문,1576,1578,3154
298,20200123,우이신설선,신설동,2107,2149,4256
299,20200124,우이신설선,신설동,739,840,1579
300,20200124,우이신설선,보문,813,769,1582
301,20200124,우이신설선,성신여대입구(돈암),1676,1978,3654
302,20200124,우이신설선,정릉,2175,1744,3919
303,20200124,우이신설선,북한산보국문,3103,2355,5458
304,20200124,우이신설선,솔샘,2420,1986,4406
305,20200124,우이신설선,삼양사거리,1195,1182,2377
306,20200124,우이신설선,삼양,1062,1093,2155
307,20200124,우이신설선,화계,1650,1459,3109
308,20200124,우이신설선,가오리,2102,1999,4101
309,20200124,우이신설선,4.19민주묘지,1334,1146,2480
310,20200124,우이신설선,솔밭공원,1275,1188,2463
311,20200124,우이신설선,북한산우이,1571,1625,3196
312,20200125,우이신설선,신설동,699,715,1414
313,20200125,우이신설선,북한산우이,2675,2598,5273
314,20200125,우이신설선,솔밭공원,1362,1360,2722
315,20200125,우이신설선,4.19민주묘지,1492,1358,2850
316,20200125,우이신설선,가오리,2292,2111,4403
317,20200125,우이신설선,화계,1963,1698,3661
318,20200125,우이신설선,삼양,1160,1242,2402
319,20200125,우이신설선,삼양사거리,1360,1351,2711
320,20200125,우이신설선,솔샘,2501,2292,4793
321,20200125,우이신설선,북한산보국문,3122,2801,5923
322,20200125,우이신설선,정릉,2273,1935,4208
323,20200125,우이신설선,성신여대입구(돈암),1311,1743,3054
324,20200125,우이신설선,보문,840,792,1632
325,20200126,우이신설선,북한산우이,2978,2904,5882
326,20200126,우이신설선,솔밭공원,1421,1325,2746
327,20200126,우이신설선,4.19민주묘지,1504,1324,2828
328,20200126,우이신설선,가오리,2354,2074,4428
329,20200126,우이신설선,화계,1833,1725,3558
330,20200126,우이신설선,삼양,1127,1133,2260
331,20200126,우이신설선,삼양사거리,1461,1443,2904
332,20200126,우이신설선,솔샘,2623,2392,5015
333,20200126,우이신설선,북한산보국문,3446,3082,6528
334,20200126,우이신설선,정릉,2500,2169,4669
335,20200126,우이신설선,성신여대입구(돈암),1897,2433,4330
336,20200126,우이신설선,보문,835,890,1725
337,20200126,우이신설선,신설동,1039,987,2026
338,20200127,우이신설선,북한산우이,3099,3006,6105
339,20200127,우이신설선,솔밭공원,1287,1271,2558
340,20200127,우이신설선,4.19민주묘지,1668,1515,3183
341,20200127,우이신설선,가오리,2412,2179,4591
342,20200127,우이신설선,화계,1842,1826,3668
343,20200127,우이신설선,삼양,1131,1194,2325
344,20200127,우이신설선,삼양사거리,1439,1381,2820
345,20200127,우이신설선,솔샘,2615,2401,5016
346,20200127,우이신설선,북한산보국문,3396,3075,6471
347,20200127,우이신설선,정릉,2401,2151,4552
348,20200127,우이신설선,성신여대입구(돈암),2381,2810,5191
349,20200127,우이신설선,보문,898,958,1856
350,20200127,우이신설선,신설동,1001,1024,2025
351,20200128,우이신설선,북한산우이,2380,2141,4521
352,20200128,우이신설선,솔밭공원,2338,2344,4682
353,20200128,우이신설선,4.19민주묘지,2676,2562,5238
354,20200128,우이신설선,가오리,4178,4091,8269
355,20200128,우이신설선,화계,3460,3271,6731
356,20200128,우이신설선,삼양,1967,2199,4166
357,20200128,우이신설선,삼양사거리,2528,2610,5138
358,20200128,우이신설선,솔샘,5743,5499,11242
359,20200128,우이신설선,북한산보국문,5775,5508,11283
360,20200128,우이신설선,정릉,4303,4186,8489
361,20200128,우이신설선,성신여대입구(돈암),3694,3968,7662
362,20200128,우이신설선,보문,1491,1472,2963
363,20200128,우이신설선,신설동,2157,2164,4321
364,20200129,우이신설선,북한산우이,2598,2380,4978
365,20200129,우이신설선,솔밭공원,2491,2436,4927
366,20200129,우이신설선,4.19민주묘지,2802,2729,5531
367,20200129,우이신설선,가오리,4350,4366,8716
368,20200129,우이신설선,화계,3482,3448,6930
369,20200129,우이신설선,삼양,2200,2395,4595
370,20200129,우이신설선,삼양사거리,2694,2707,5401
371,20200129,우이신설선,솔샘,6186,5834,12020
372,20200129,우이신설선,북한산보국문,6076,5801,11877
373,20200129,우이신설선,정릉,4601,4343,8944
374,20200129,우이신설선,성신여대입구(돈암),3566,4079,7645
375,20200129,우이신설선,보문,1623,1670,3293
376,20200129,우이신설선,신설동,2308,2309,4617
377,20200130,우이신설선,성신여대입구(돈암),3640,4055,7695
378,20200130,우이신설선,신설동,2312,2290,4602
379,20200130,우이신설선,삼양사거리,2622,2665,5287
380,20200130,우이신설선,삼양,2199,2350,4549
381,20200130,우이신설선,화계,3581,3430,7011
382,20200130,우이신설선,가오리,4427,4333,8760
383,20200130,우이신설선,4.19민주묘지,2865,2758,5623
384,20200130,우이신설선,솔밭공원,2554,2472,5026
385,20200130,우이신설선,북한산우이,2634,2342,4976
386,20200130,우이신설선,보문,1623,1648,3271
387,20200130,우이신설선,정릉,4564,4324,8888
388,20200130,우이신설선,북한산보국문,6070,5805,11875
389,20200130,우이신설선,솔샘,6169,5681,11850
390,20200131,우이신설선,북한산우이,2611,2267,4878
391,20200131,우이신설선,솔밭공원,2484,2326,4810
392,20200131,우이신설선,4.19민주묘지,2733,2656,5389
393,20200131,우이신설선,가오리,4232,4152,8384
394,20200131,우이신설선,화계,3576,3315,6891
395,20200131,우이신설선,삼양,2088,2278,4366
396,20200131,우이신설선,삼양사거리,2612,2645,5257
397,20200131,우이신설선,솔샘,6051,5477,11528
398,20200131,우이신설선,북한산보국문,6044,5677,11721
399,20200131,우이신설선,정릉,4447,4187,8634
400,20200131,우이신설선,성신여대입구(돈암),3129,3314,6443
401,20200131,우이신설선,보문,1564,1649,3213
402,20200131,우이신설선,신설동,2279,2293,4572
403,20200201,우이신설선,북한산우이,2578,2684,5262
404,20200201,우이신설선,솔밭공원,1652,1577,3229
405,20200201,우이신설선,4.19민주묘지,2026,1715,3741
406,20200201,우이신설선,가오리,2721,2580,5301
407,20200201,우이신설선,화계,2451,2276,4727
408,20200201,우이신설선,삼양,1393,1475,2868
409,20200201,우이신설선,삼양사거리,1733,1737,3470
410,20200201,우이신설선,솔샘,3385,3020,6405
411,20200201,우이신설선,북한산보국문,4241,3723,7964
412,20200201,우이신설선,정릉,3221,2672,5893
413,20200201,우이신설선,성신여대입구(돈암),2129,2350,4479
414,20200201,우이신설선,보문,1089,1120,2209
415,20200201,우이신설선,신설동,1405,1340,2745
416,20200202,우이신설선,북한산우이,2689,2457,5146
417,20200202,우이신설선,솔밭공원,1256,1225,2481
418,20200202,우이신설선,4.19민주묘지,1674,1397,3071
419,20200202,우이신설선,가오리,2091,2031,4122
420,20200202,우이신설선,화계,1905,1797,3702
421,20200202,우이신설선,삼양,1176,1189,2365
422,20200202,우이신설선,삼양사거리,1402,1369,2771
423,20200202,우이신설선,솔샘,2502,2247,4749
424,20200202,우이신설선,북한산보국문,3409,3034,6443
425,20200202,우이신설선,정릉,2359,2050,4409
426,20200202,우이신설선,성신여대입구(돈암),1687,1817,3504
427,20200202,우이신설선,보문,950,1023,1973
428,20200202,우이신설선,신설동,1064,1079,2143
429,20200203,우이신설선,북한산우이,2337,2039,4376
430,20200203,우이신설선,솔밭공원,2292,2303,4595
431,20200203,우이신설선,4.19민주묘지,2672,2592,5264
432,20200203,우이신설선,가오리,3982,4071,8053
433,20200203,우이신설선,화계,3363,3242,6605
434,20200203,우이신설선,삼양,1966,2178,4144
435,20200203,우이신설선,삼양사거리,2543,2537,5080
436,20200203,우이신설선,솔샘,5765,5572,11337
437,20200203,우이신설선,북한산보국문,5586,5483,11069
438,20200203,우이신설선,정릉,4180,4050,8230
439,20200203,우이신설선,성신여대입구(돈암),2970,3295,6265
440,20200203,우이신설선,보문,1442,1549,2991
441,20200203,우이신설선,신설동,2163,2151,4314
442,20200204,우이신설선,북한산우이,2832,2532,5364
443,20200204,우이신설선,솔밭공원,2357,2347,4704
444,20200204,우이신설선,4.19민주묘지,2636,2598,5234
445,20200204,우이신설선,가오리,4145,4231,8376
446,20200204,우이신설선,화계,3436,3378,6814
447,20200204,우이신설선,삼양,2002,2232,4234
448,20200204,우이신설선,삼양사거리,2484,2543,5027
449,20200204,우이신설선,솔샘,5764,5586,11350
450,20200204,우이신설선,북한산보국문,5798,5713,11511
451,20200204,우이신설선,정릉,4258,4091,8349
452,20200204,우이신설선,성신여대입구(돈암),3171,3291,6462
453,20200204,우이신설선,보문,1563,1637,3200
454,20200204,우이신설선,신설동,2184,2233,4417
455,20200205,우이신설선,북한산우이,2089,1796,3885
456,20200205,우이신설선,솔밭공원,2240,2172,4412
457,20200205,우이신설선,4.19민주묘지,2448,2407,4855
458,20200205,우이신설선,가오리,3959,4001,7960
459,20200205,우이신설선,화계,3168,3054,6222
460,20200205,우이신설선,삼양,1879,2116,3995
461,20200205,우이신설선,삼양사거리,2253,2400,4653
462,20200205,우이신설선,솔샘,5646,5336,10982
463,20200205,우이신설선,북한산보국문,5557,5458,11015
464,20200205,우이신설선,정릉,4123,3934,8057
465,20200205,우이신설선,성신여대입구(돈암),3026,3208,6234
466,20200205,우이신설선,보문,1444,1553,2997
467,20200205,우이신설선,신설동,2123,2144,4267
468,20200206,우이신설선,북한산우이,2094,1811,3905
469,20200206,우이신설선,솔밭공원,2294,2278,4572
470,20200206,우이신설선,4.19민주묘지,2350,2312,4662
471,20200206,우이신설선,가오리,3840,3827,7667
472,20200206,우이신설선,화계,3109,2962,6071
473,20200206,우이신설선,삼양,1873,2068,3941
474,20200206,우이신설선,삼양사거리,2198,2337,4535
475,20200206,우이신설선,솔샘,5643,5325,10968
476,20200206,우이신설선,북한산보국문,5536,5312,10848
477,20200206,우이신설선,정릉,3985,3850,7835
478,20200206,우이신설선,성신여대입구(돈암),2861,3122,5983
479,20200206,우이신설선,보문,1359,1463,2822
480,20200206,우이신설선,신설동,2159,2153,4312
481,20200207,우이신설선,성신여대입구(돈암),3046,3371,6417
482,20200207,우이신설선,북한산우이,2241,1945,4186
483,20200207,우이신설선,솔밭공원,2312,2337,4649
484,20200207,우이신설선,4.19민주묘지,2619,2531,5150
485,20200207,우이신설선,가오리,4078,4007,8085
486,20200207,우이신설선,화계,3249,2952,6201
487,20200207,우이신설선,삼양,1952,2132,4084
488,20200207,우이신설선,삼양사거리,2355,2373,4728
489,20200207,우이신설선,솔샘,5853,5377,11230
490,20200207,우이신설선,북한산보국문,6020,5538,11558
491,20200207,우이신설선,정릉,4174,3948,8122
492,20200207,우이신설선,보문,1510,1553,3063
493,20200207,우이신설선,신설동,2137,2256,4393
494,20200208,우이신설선,북한산우이,2714,2625,5339
495,20200208,우이신설선,솔밭공원,1608,1531,3139
496,20200208,우이신설선,4.19민주묘지,1958,1807,3765
497,20200208,우이신설선,가오리,2673,2499,5172
498,20200208,우이신설선,화계,2385,2198,4583
499,20200208,우이신설선,삼양,1477,1508,2985
500,20200208,우이신설선,삼양사거리,1739,1719,3458
501,20200208,우이신설선,솔샘,3423,2971,6394
502,20200208,우이신설선,북한산보국문,4143,3686,7829
503,20200208,우이신설선,정릉,3137,2613,5750
504,20200208,우이신설선,성신여대입구(돈암),2146,2595,4741
505,20200208,우이신설선,보문,1116,1146,2262
506,20200208,우이신설선,신설동,1288,1304,2592
507,20200209,우이신설선,북한산우이,2273,2199,4472
508,20200209,우이신설선,솔밭공원,1268,1139,2407
509,20200209,우이신설선,4.19민주묘지,1644,1517,3161
510,20200209,우이신설선,가오리,2142,2010,4152
511,20200209,우이신설선,화계,1829,1707,3536
512,20200209,우이신설선,삼양,1079,1052,2131
513,20200209,우이신설선,삼양사거리,1324,1329,2653
514,20200209,우이신설선,솔샘,2434,2297,4731
515,20200209,우이신설선,북한산보국문,3451,3137,6588
516,20200209,우이신설선,정릉,2436,2100,4536
517,20200209,우이신설선,성신여대입구(돈암),1786,1995,3781
518,20200209,우이신설선,보문,994,1017,2011
519,20200209,우이신설선,신설동,1036,1048,2084
520,20200210,우이신설선,북한산우이,2364,2124,4488
521,20200210,우이신설선,신설동,2223,2234,4457
522,20200210,우이신설선,보문,1514,1520,3034
523,20200210,우이신설선,성신여대입구(돈암),3059,3437,6496
524,20200210,우이신설선,정릉,4110,3938,8048
525,20200210,우이신설선,북한산보국문,5645,5488,11133
526,20200210,우이신설선,솔샘,5837,5494,11331
527,20200210,우이신설선,삼양사거리,2421,2464,4885
528,20200210,우이신설선,삼양,1983,2181,4164
529,20200210,우이신설선,화계,3253,3101,6354
530,20200210,우이신설선,가오리,3962,3909,7871
531,20200210,우이신설선,4.19민주묘지,2654,2630,5284
532,20200210,우이신설선,솔밭공원,2337,2293,4630
533,20200211,우이신설선,북한산우이,2552,2356,4908
534,20200211,우이신설선,솔밭공원,2392,2381,4773
535,20200211,우이신설선,4.19민주묘지,2755,2661,5416
536,20200211,우이신설선,가오리,4043,4009,8052
537,20200211,우이신설선,화계,3330,3145,6475
538,20200211,우이신설선,삼양,1980,2227,4207
539,20200211,우이신설선,삼양사거리,2433,2529,4962
540,20200211,우이신설선,솔샘,5910,5520,11430
541,20200211,우이신설선,북한산보국문,5846,5519,11365
542,20200211,우이신설선,정릉,4295,4129,8424
543,20200211,우이신설선,성신여대입구(돈암),3254,3475,6729
544,20200211,우이신설선,보문,1478,1511,2989
545,20200211,우이신설선,신설동,2272,2257,4529
546,20200212,우이신설선,신설동,2195,2265,4460
547,20200212,우이신설선,보문,1457,1469,2926
548,20200212,우이신설선,성신여대입구(돈암),2938,3407,6345
549,20200212,우이신설선,정릉,4222,3882,8104
550,20200212,우이신설선,북한산보국문,5659,5410,11069
551,20200212,우이신설선,솔샘,5814,5320,11134
552,20200212,우이신설선,삼양사거리,2348,2423,4771
553,20200212,우이신설선,삼양,1948,2131,4079
554,20200212,우이신설선,화계,3231,3028,6259
555,20200212,우이신설선,가오리,3942,4005,7947
556,20200212,우이신설선,4.19민주묘지,2468,2381,4849
557,20200212,우이신설선,솔밭공원,2279,2156,4435
558,20200212,우이신설선,북한산우이,2083,1781,3864
559,20200213,우이신설선,북한산우이,2451,2113,4564
560,20200213,우이신설선,솔밭공원,2422,2380,4802
561,20200213,우이신설선,4.19민주묘지,2757,2621,5378
562,20200213,우이신설선,가오리,4072,4009,8081
563,20200213,우이신설선,화계,3333,3054,6387
564,20200213,우이신설선,삼양,1988,2204,4192
565,20200213,우이신설선,삼양사거리,2448,2459,4907
566,20200213,우이신설선,솔샘,5846,5498,11344
567,20200213,우이신설선,북한산보국문,5863,5555,11418
568,20200213,우이신설선,정릉,4429,4227,8656
569,20200213,우이신설선,성신여대입구(돈암),3324,3782,7106
570,20200213,우이신설선,보문,1484,1568,3052
571,20200213,우이신설선,신설동,2181,2288,4469
572,20200214,우이신설선,북한산우이,2400,2137,4537
573,20200214,우이신설선,솔밭공원,2565,2339,4904
574,20200214,우이신설선,4.19민주묘지,2863,2697,5560
575,20200214,우이신설선,가오리,4156,3889,8045
576,20200214,우이신설선,화계,3488,3170,6658
577,20200214,우이신설선,삼양,2171,2356,4527
578,20200214,우이신설선,삼양사거리,2511,2554,5065
579,20200214,우이신설선,솔샘,6147,5545,11692
580,20200214,우이신설선,북한산보국문,6218,5707,11925
581,20200214,우이신설선,정릉,4625,4210,8835
582,20200214,우이신설선,성신여대입구(돈암),3457,3873,7330
583,20200214,우이신설선,보문,1609,1601,3210
584,20200214,우이신설선,신설동,2188,2300,4488
585,20200215,우이신설선,북한산우이,2804,2648,5452
586,20200215,우이신설선,솔밭공원,1805,1728,3533
587,20200215,우이신설선,4.19민주묘지,2166,1902,4068
588,20200215,우이신설선,가오리,2952,2766,5718
589,20200215,우이신설선,화계,2486,2321,4807
590,20200215,우이신설선,삼양,1480,1529,3009
591,20200215,우이신설선,삼양사거리,1858,1920,3778
592,20200215,우이신설선,솔샘,3748,3307,7055
593,20200215,우이신설선,북한산보국문,4441,3861,8302
594,20200215,우이신설선,정릉,3471,2878,6349
595,20200215,우이신설선,성신여대입구(돈암),2591,2960,5551
596,20200215,우이신설선,보문,1224,1295,2519
597,20200215,우이신설선,신설동,1534,1422,2956
598,20200216,우이신설선,북한산우이,2011,2045,4056
599,20200216,우이신설선,솔밭공원,1271,1238,2509
600,20200216,우이신설선,4.19민주묘지,1472,1301,2773
601,20200216,우이신설선,가오리,2153,2008,4161
602,20200216,우이신설선,화계,1897,1716,3613
603,20200216,우이신설선,삼양,1167,1193,2360
604,20200216,우이신설선,삼양사거리,1359,1363,2722
605,20200216,우이신설선,솔샘,2695,2502,5197
606,20200216,우이신설선,북한산보국문,3443,3007,6450
607,20200216,우이신설선,정릉,2474,2180,4654
608,20200216,우이신설선,성신여대입구(돈암),1939,2299,4238
609,20200216,우이신설선,보문,968,1011,1979
610,20200216,우이신설선,신설동,889,906,1795
611,20200217,우이신설선,북한산우이,2292,1928,4220
612,20200217,우이신설선,솔밭공원,2297,2295,4592
613,20200217,우이신설선,4.19민주묘지,2482,2443,4925
614,20200217,우이신설선,가오리,3963,3955,7918
615,20200217,우이신설선,화계,3242,3141,6383
616,20200217,우이신설선,삼양,1941,2154,4095
617,20200217,우이신설선,삼양사거리,2384,2453,4837
618,20200217,우이신설선,솔샘,5912,5481,11393
619,20200217,우이신설선,북한산보국문,5861,5537,11398
620,20200217,우이신설선,정릉,4229,4033,8262
621,20200217,우이신설선,성신여대입구(돈암),3211,3641,6852
622,20200217,우이신설선,보문,1457,1542,2999
623,20200217,우이신설선,신설동,2034,2018,4052
624,20200218,우이신설선,북한산우이,2370,2181,4551
625,20200218,우이신설선,솔밭공원,2552,2482,5034
626,20200218,우이신설선,4.19민주묘지,2580,2480,5060
627,20200218,우이신설선,가오리,3935,3979,7914
628,20200218,우이신설선,화계,3309,3070,6379
629,20200218,우이신설선,삼양,1943,2142,4085
630,20200218,우이신설선,삼양사거리,2372,2434,4806
631,20200218,우이신설선,솔샘,5742,5463,11205
632,20200218,우이신설선,북한산보국문,5835,5590,11425
633,20200218,우이신설선,정릉,4242,3956,8198
634,20200218,우이신설선,성신여대입구(돈암),3284,3747,7031
635,20200218,우이신설선,보문,1474,1516,2990
636,20200218,우이신설선,신설동,2049,2004,4053
637,20200219,우이신설선,북한산우이,2500,2151,4651
638,20200219,우이신설선,솔밭공원,2423,2331,4754
639,20200219,우이신설선,4.19민주묘지,2724,2684,5408
640,20200219,우이신설선,가오리,4037,4019,8056
641,20200219,우이신설선,화계,3234,3143,6377
642,20200219,우이신설선,삼양,1984,2282,4266
643,20200219,우이신설선,삼양사거리,2517,2610,5127
644,20200219,우이신설선,솔샘,5818,5562,11380
645,20200219,우이신설선,북한산보국문,5969,5801,11770
646,20200219,우이신설선,정릉,4320,4174,8494
647,20200219,우이신설선,성신여대입구(돈암),3336,3687,7023
648,20200219,우이신설선,보문,1448,1494,2942
649,20200219,우이신설선,신설동,2198,2130,4328
650,20200220,우이신설선,북한산우이,2368,2110,4478
651,20200220,우이신설선,솔밭공원,2291,2273,4564
652,20200220,우이신설선,4.19민주묘지,2736,2639,5375
653,20200220,우이신설선,가오리,3925,3860,7785
654,20200220,우이신설선,화계,3141,3038,6179
655,20200220,우이신설선,삼양,1908,2126,4034
656,20200220,우이신설선,삼양사거리,2410,2532,4942
657,20200220,우이신설선,솔샘,5764,5293,11057
658,20200220,우이신설선,북한산보국문,5652,5431,11083
659,20200220,우이신설선,정릉,4148,3848,7996
660,20200220,우이신설선,성신여대입구(돈암),3179,3560,6739
661,20200220,우이신설선,보문,1466,1574,3040
662,20200220,우이신설선,신설동,2114,2108,4222
663,20200221,우이신설선,북한산우이,2160,1911,4071
664,20200221,우이신설선,솔밭공원,2266,2149,4415
665,20200221,우이신설선,4.19민주묘지,2625,2507,5132
666,20200221,우이신설선,가오리,3803,3745,7548
667,20200221,우이신설선,화계,3115,2909,6024
668,20200221,우이신설선,삼양,1873,2094,3967
669,20200221,우이신설선,삼양사거리,2286,2370,4656
670,20200221,우이신설선,솔샘,5548,5044,10592
671,20200221,우이신설선,북한산보국문,5648,5316,10964
672,20200221,우이신설선,정릉,4120,3851,7971
673,20200221,우이신설선,성신여대입구(돈암),3211,3479,6690
674,20200221,우이신설선,보문,1485,1458,2943
675,20200221,우이신설선,신설동,1940,2032,3972
676,20200222,우이신설선,성신여대입구(돈암),2165,2446,4611
677,20200222,우이신설선,북한산우이,1891,1805,3696
678,20200222,우이신설선,솔밭공원,1445,1348,2793
679,20200222,우이신설선,4.19민주묘지,1644,1556,3200
680,20200222,우이신설선,가오리,2399,2275,4674
681,20200222,우이신설선,화계,2100,1896,3996
682,20200222,우이신설선,삼양,1232,1333,2565
683,20200222,우이신설선,삼양사거리,1529,1574,3103
684,20200222,우이신설선,솔샘,3030,2667,5697
685,20200222,우이신설선,북한산보국문,3751,3356,7107
686,20200222,우이신설선,정릉,2799,2328,5127
687,20200222,우이신설선,보문,1045,1103,2148
688,20200222,우이신설선,신설동,1166,1127,2293
689,20200223,우이신설선,북한산우이,2017,2030,4047
690,20200223,우이신설선,솔밭공원,1066,1036,2102
691,20200223,우이신설선,4.19민주묘지,1453,1301,2754
692,20200223,우이신설선,가오리,1770,1663,3433
693,20200223,우이신설선,화계,1471,1367,2838
694,20200223,우이신설선,삼양,930,943,1873
695,20200223,우이신설선,삼양사거리,1173,1122,2295
696,20200223,우이신설선,솔샘,2038,2007,4045
697,20200223,우이신설선,북한산보국문,2762,2541,5303
698,20200223,우이신설선,정릉,2033,1697,3730
699,20200223,우이신설선,성신여대입구(돈암),1630,1911,3541
700,20200223,우이신설선,보문,717,745,1462
701,20200223,우이신설선,신설동,823,825,1648
702,20200224,우이신설선,북한산우이,2267,1997,4264
703,20200224,우이신설선,솔밭공원,2013,1984,3997
704,20200224,우이신설선,4.19민주묘지,2270,2257,4527
705,20200224,우이신설선,가오리,3528,3541,7069
706,20200224,우이신설선,화계,2908,2728,5636
707,20200224,우이신설선,삼양,1690,1966,3656
708,20200224,우이신설선,삼양사거리,2108,2159,4267
709,20200224,우이신설선,솔샘,4958,4705,9663
710,20200224,우이신설선,북한산보국문,4893,4826,9719
711,20200224,우이신설선,정릉,3527,3380,6907
712,20200224,우이신설선,성신여대입구(돈암),2572,2952,5524
713,20200224,우이신설선,보문,1283,1313,2596
714,20200224,우이신설선,신설동,1811,1865,3676
715,20200225,우이신설선,북한산우이,1694,1400,3094
716,20200225,우이신설선,솔밭공원,1810,1747,3557
717,20200225,우이신설선,4.19민주묘지,1991,2033,4024
718,20200225,우이신설선,가오리,3100,3243,6343
719,20200225,우이신설선,화계,2591,2465,5056
720,20200225,우이신설선,삼양,1565,1753,3318
721,20200225,우이신설선,삼양사거리,1900,1999,3899
722,20200225,우이신설선,솔샘,4583,4332,8915
723,20200225,우이신설선,북한산보국문,4504,4425,8929
724,20200225,우이신설선,정릉,3237,3139,6376
725,20200225,우이신설선,성신여대입구(돈암),2372,2663,5035
726,20200225,우이신설선,보문,1187,1203,2390
727,20200225,우이신설선,신설동,1731,1723,3454
728,20200226,우이신설선,북한산우이,1976,1773,3749
729,20200226,우이신설선,솔밭공원,1887,1913,3800
730,20200226,우이신설선,4.19민주묘지,2110,2109,4219
731,20200226,우이신설선,가오리,3328,3362,6690
732,20200226,우이신설선,화계,2695,2528,5223
733,20200226,우이신설선,삼양,1586,1831,3417
734,20200226,우이신설선,삼양사거리,1972,1980,3952
735,20200226,우이신설선,솔샘,4604,4333,8937
736,20200226,우이신설선,북한산보국문,4557,4475,9032
737,20200226,우이신설선,정릉,3341,3138,6479
738,20200226,우이신설선,성신여대입구(돈암),2435,2729,5164
739,20200226,우이신설선,보문,1224,1230,2454
740,20200226,우이신설선,신설동,1713,1766,3479
741,20200227,우이신설선,신설동,1782,1777,3559
742,20200227,우이신설선,보문,1213,1228,2441
743,20200227,우이신설선,성신여대입구(돈암),2282,2604,4886
744,20200227,우이신설선,정릉,3313,3143,6456
745,20200227,우이신설선,북한산보국문,4426,4357,8783
746,20200227,우이신설선,솔샘,4484,4335,8819
747,20200227,우이신설선,삼양사거리,1921,2033,3954
748,20200227,우이신설선,삼양,1576,1747,3323
749,20200227,우이신설선,화계,2637,2528,5165
750,20200227,우이신설선,가오리,3216,3272,6488
751,20200227,우이신설선,4.19민주묘지,2073,1989,4062
752,20200227,우이신설선,솔밭공원,1889,1897,3786
753,20200227,우이신설선,북한산우이,1987,1838,3825
754,20200228,우이신설선,북한산우이,1665,1419,3084
755,20200228,우이신설선,솔밭공원,1750,1668,3418
756,20200228,우이신설선,4.19민주묘지,1902,1876,3778
757,20200228,우이신설선,가오리,3047,3014,6061
758,20200228,우이신설선,화계,2496,2313,4809
759,20200228,우이신설선,삼양,1503,1661,3164
760,20200228,우이신설선,삼양사거리,1805,1808,3613
761,20200228,우이신설선,솔샘,4359,4161,8520
762,20200228,우이신설선,북한산보국문,4321,4152,8473
763,20200228,우이신설선,정릉,3094,2998,6092
764,20200228,우이신설선,성신여대입구(돈암),2345,2691,5036
765,20200228,우이신설선,보문,1118,1240,2358
766,20200228,우이신설선,신설동,1630,1702,3332
767,20200229,우이신설선,신설동,994,996,1990
768,20200229,우이신설선,보문,825,840,1665
769,20200229,우이신설선,성신여대입구(돈암),1780,2031,3811
770,20200229,우이신설선,정릉,2191,1806,3997
771,20200229,우이신설선,북한산보국문,3006,2680,5686
772,20200229,우이신설선,솔샘,2288,2117,4405
773,20200229,우이신설선,삼양사거리,1249,1333,2582
774,20200229,우이신설선,삼양,1071,1107,2178
775,20200229,우이신설선,화계,1752,1542,3294
776,20200229,우이신설선,가오리,1970,1823,3793
777,20200229,우이신설선,4.19민주묘지,1606,1385,2991
778,20200229,우이신설선,솔밭공원,1226,1218,2444
779,20200229,우이신설선,북한산우이,1789,1805,3594
780,20200301,우이신설선,신설동,636,646,1282
781,20200301,우이신설선,보문,564,542,1106
782,20200301,우이신설선,성신여대입구(돈암),1170,1388,2558
783,20200301,우이신설선,정릉,1454,1253,2707
784,20200301,우이신설선,북한산보국문,2177,1932,4109
785,20200301,우이신설선,솔샘,1516,1342,2858
786,20200301,우이신설선,삼양사거리,903,896,1799
787,20200301,우이신설선,삼양,751,815,1566
788,20200301,우이신설선,화계,1180,1075,2255
789,20200301,우이신설선,가오리,1444,1300,2744
790,20200301,우이신설선,4.19민주묘지,1096,961,2057
791,20200301,우이신설선,솔밭공원,911,794,1705
792,20200301,우이신설선,북한산우이,1713,1750,3463
793,20200302,우이신설선,북한산우이,1850,1627,3477
794,20200302,우이신설선,솔밭공원,1750,1815,3565
795,20200302,우이신설선,4.19민주묘지,1944,1911,3855
796,20200302,우이신설선,가오리,3061,3143,6204
797,20200302,우이신설선,화계,2558,2447,5005
798,20200302,우이신설선,삼양,1616,1759,3375
799,20200302,우이신설선,삼양사거리,1830,1921,3751
800,20200302,우이신설선,솔샘,4472,4295,8767
801,20200302,우이신설선,북한산보국문,4268,4188,8456
802,20200302,우이신설선,정릉,3177,3074,6251
803,20200302,우이신설선,성신여대입구(돈암),2302,2538,4840
804,20200302,우이신설선,보문,1182,1213,2395
805,20200302,우이신설선,신설동,1796,1743,3539
806,20200303,우이신설선,북한산우이,1838,1704,3542
807,20200303,우이신설선,솔밭공원,1799,1796,3595
808,20200303,우이신설선,4.19민주묘지,1966,1950,3916
809,20200303,우이신설선,가오리,2992,3091,6083
810,20200303,우이신설선,화계,2518,2414,4932
811,20200303,우이신설선,삼양,1538,1668,3206
812,20200303,우이신설선,삼양사거리,1860,1847,3707
813,20200303,우이신설선,솔샘,4404,4268,8672
814,20200303,우이신설선,북한산보국문,4305,4238,8543
815,20200303,우이신설선,정릉,3172,3095,6267
816,20200303,우이신설선,성신여대입구(돈암),2232,2568,4800
817,20200303,우이신설선,보문,1188,1201,2389
818,20200303,우이신설선,신설동,1781,1790,3571
819,20200304,우이신설선,북한산우이,1661,1458,3119
820,20200304,우이신설선,솔밭공원,1736,1728,3464
821,20200304,우이신설선,4.19민주묘지,1966,1930,3896
822,20200304,우이신설선,가오리,3113,3144,6257
823,20200304,우이신설선,화계,2481,2366,4847
824,20200304,우이신설선,삼양,1588,1774,3362
825,20200304,우이신설선,삼양사거리,1855,1908,3763
826,20200304,우이신설선,솔샘,4365,4193,8558
827,20200304,우이신설선,북한산보국문,4208,4184,8392
828,20200304,우이신설선,정릉,3149,3045,6194
829,20200304,우이신설선,성신여대입구(돈암),2322,2625,4947
830,20200304,우이신설선,보문,1114,1189,2303
831,20200304,우이신설선,신설동,1682,1706,3388
832,20200305,우이신설선,북한산우이,1775,1563,3338
833,20200305,우이신설선,솔밭공원,1739,1775,3514
834,20200305,우이신설선,4.19민주묘지,1981,1896,3877
835,20200305,우이신설선,가오리,3061,3054,6115
836,20200305,우이신설선,화계,2453,2368,4821
837,20200305,우이신설선,삼양,1521,1700,3221
838,20200305,우이신설선,삼양사거리,1799,1804,3603
839,20200305,우이신설선,솔샘,4220,3977,8197
840,20200305,우이신설선,북한산보국문,4281,4184,8465
841,20200305,우이신설선,정릉,3143,3075,6218
842,20200305,우이신설선,성신여대입구(돈암),2251,2590,4841
843,20200305,우이신설선,보문,1077,1179,2256
844,20200305,우이신설선,신설동,1767,1706,3473
845,20200306,우이신설선,북한산우이,1783,1649,3432
846,20200306,우이신설선,솔밭공원,1811,1750,3561
847,20200306,우이신설선,4.19민주묘지,2050,1904,3954
848,20200306,우이신설선,가오리,3042,3035,6077
849,20200306,우이신설선,화계,2615,2422,5037
850,20200306,우이신설선,삼양,1546,1718,3264
851,20200306,우이신설선,삼양사거리,1791,1833,3624
852,20200306,우이신설선,솔샘,4240,3828,8068
853,20200306,우이신설선,북한산보국문,4481,4111,8592
854,20200306,우이신설선,정릉,3247,3082,6329
855,20200306,우이신설선,성신여대입구(돈암),2350,2766,5116
856,20200306,우이신설선,보문,1144,1165,2309
857,20200306,우이신설선,신설동,1694,1713,3407
858,20200307,우이신설선,북한산우이,1978,2053,4031
859,20200307,우이신설선,솔밭공원,1150,1135,2285
860,20200307,우이신설선,4.19민주묘지,1517,1295,2812
861,20200307,우이신설선,가오리,1868,1753,3621
862,20200307,우이신설선,화계,1660,1495,3155
863,20200307,우이신설선,삼양,1032,1146,2178
864,20200307,우이신설선,삼양사거리,1274,1370,2644
865,20200307,우이신설선,솔샘,2278,2014,4292
866,20200307,우이신설선,북한산보국문,3122,2744,5866
867,20200307,우이신설선,정릉,2253,1910,4163
868,20200307,우이신설선,성신여대입구(돈암),1731,2120,3851
869,20200307,우이신설선,보문,808,811,1619
870,20200307,우이신설선,신설동,1030,962,1992
871,20200308,우이신설선,북한산우이,2168,2281,4449
872,20200308,우이신설선,솔밭공원,892,848,1740
873,20200308,우이신설선,4.19민주묘지,1322,1054,2376
874,20200308,우이신설선,가오리,1451,1278,2729
875,20200308,우이신설선,화계,1274,1203,2477
876,20200308,우이신설선,삼양,781,801,1582
877,20200308,우이신설선,삼양사거리,972,970,1942
878,20200308,우이신설선,솔샘,1607,1408,3015
879,20200308,우이신설선,북한산보국문,2424,2117,4541
880,20200308,우이신설선,정릉,1715,1372,3087
881,20200308,우이신설선,성신여대입구(돈암),1295,1574,2869
882,20200308,우이신설선,보문,610,610,1220
883,20200308,우이신설선,신설동,741,762,1503
884,20200309,우이신설선,북한산우이,1884,1755,3639
885,20200309,우이신설선,솔밭공원,1874,1895,3769
886,20200309,우이신설선,4.19민주묘지,2085,2077,4162
887,20200309,우이신설선,가오리,3141,3162,6303
888,20200309,우이신설선,화계,2608,2457,5065
889,20200309,우이신설선,삼양,1676,1822,3498
890,20200309,우이신설선,삼양사거리,1914,1914,3828
891,20200309,우이신설선,솔샘,4429,4115,8544
892,20200309,우이신설선,북한산보국문,4373,4430,8803
893,20200309,우이신설선,정릉,3319,3212,6531
894,20200309,우이신설선,성신여대입구(돈암),2349,2632,4981
895,20200309,우이신설선,보문,1173,1236,2409
896,20200309,우이신설선,신설동,1821,1783,3604
897,20200310,우이신설선,북한산우이,1585,1319,2904
898,20200310,우이신설선,솔밭공원,1712,1693,3405
899,20200310,우이신설선,4.19민주묘지,1827,1815,3642
900,20200310,우이신설선,가오리,2977,3070,6047
901,20200310,우이신설선,화계,2437,2248,4685
902,20200310,우이신설선,삼양,1476,1602,3078
903,20200310,우이신설선,삼양사거리,1728,1783,3511
904,20200310,우이신설선,솔샘,4272,3949,8221
905,20200310,우이신설선,북한산보국문,4216,4139,8355
906,20200310,우이신설선,정릉,3195,3089,6284
907,20200310,우이신설선,성신여대입구(돈암),2293,2616,4909
908,20200310,우이신설선,보문,1146,1146,2292
909,20200310,우이신설선,신설동,1687,1685,3372
910,20200311,우이신설선,신설동,1813,1775,3588
911,20200311,우이신설선,보문,1164,1168,2332
912,20200311,우이신설선,성신여대입구(돈암),2349,2675,5024
913,20200311,우이신설선,정릉,3254,3143,6397
914,20200311,우이신설선,북한산보국문,4502,4308,8810
915,20200311,우이신설선,솔샘,4426,4142,8568
916,20200311,우이신설선,삼양사거리,1883,1847,3730
917,20200311,우이신설선,삼양,1619,1752,3371
918,20200311,우이신설선,북한산우이,1939,1836,3775
919,20200311,우이신설선,솔밭공원,1772,1778,3550
920,20200311,우이신설선,4.19민주묘지,2061,2008,4069
921,20200311,우이신설선,가오리,3069,3119,6188
922,20200311,우이신설선,화계,2547,2465,5012
923,20200312,우이신설선,북한산우이,1843,1667,3510
924,20200312,우이신설선,솔밭공원,1778,1782,3560
925,20200312,우이신설선,4.19민주묘지,1984,1908,3892
926,20200312,우이신설선,가오리,2948,2916,5864
927,20200312,우이신설선,화계,2524,2402,4926
928,20200312,우이신설선,삼양,1562,1712,3274
929,20200312,우이신설선,삼양사거리,1778,1869,3647
930,20200312,우이신설선,솔샘,4352,4072,8424
931,20200312,우이신설선,북한산보국문,4321,4225,8546
932,20200312,우이신설선,정릉,3284,3098,6382
933,20200312,우이신설선,성신여대입구(돈암),2164,2552,4716
934,20200312,우이신설선,보문,1105,1185,2290
935,20200312,우이신설선,신설동,1724,1702,3426
936,20200313,우이신설선,북한산우이,1835,1643,3478
937,20200313,우이신설선,솔밭공원,1774,1713,3487
938,20200313,우이신설선,4.19민주묘지,2096,2016,4112
939,20200313,우이신설선,가오리,2988,3031,6019
940,20200313,우이신설선,화계,2527,2328,4855
941,20200313,우이신설선,삼양,1602,1730,3332
942,20200313,우이신설선,삼양사거리,1824,1885,3709
943,20200313,우이신설선,솔샘,4455,3989,8444
944,20200313,우이신설선,북한산보국문,4533,4241,8774
945,20200313,우이신설선,정릉,3341,3147,6488
946,20200313,우이신설선,성신여대입구(돈암),2382,2737,5119
947,20200313,우이신설선,보문,1123,1196,2319
948,20200313,우이신설선,신설동,1736,1715,3451
949,20200314,우이신설선,북한산우이,2112,2095,4207
950,20200314,우이신설선,솔밭공원,1279,1206,2485
951,20200314,우이신설선,4.19민주묘지,1544,1379,2923
952,20200314,우이신설선,가오리,2023,1879,3902
953,20200314,우이신설선,화계,1784,1646,3430
954,20200314,우이신설선,삼양,1085,1171,2256
955,20200314,우이신설선,삼양사거리,1306,1317,2623
956,20200314,우이신설선,솔샘,2444,2185,4629
957,20200314,우이신설선,북한산보국문,3151,2820,5971
958,20200314,우이신설선,정릉,2352,1970,4322
959,20200314,우이신설선,성신여대입구(돈암),1822,2222,4044
960,20200314,우이신설선,보문,789,840,1629
961,20200314,우이신설선,신설동,1067,1020,2087
962,20200315,우이신설선,북한산우이,2012,2082,4094
963,20200315,우이신설선,솔밭공원,855,823,1678
964,20200315,우이신설선,4.19민주묘지,1254,1027,2281
965,20200315,우이신설선,가오리,1374,1282,2656
966,20200315,우이신설선,화계,1231,1145,2376
967,20200315,우이신설선,삼양,805,793,1598
968,20200315,우이신설선,삼양사거리,948,976,1924
969,20200315,우이신설선,솔샘,1680,1472,3152
970,20200315,우이신설선,북한산보국문,2316,2076,4392
971,20200315,우이신설선,정릉,1612,1344,2956
972,20200315,우이신설선,성신여대입구(돈암),1269,1555,2824
973,20200315,우이신설선,보문,596,684,1280
974,20200315,우이신설선,신설동,747,717,1464
975,20200316,우이신설선,북한산우이,1964,1763,3727
976,20200316,우이신설선,솔밭공원,1801,1742,3543
977,20200316,우이신설선,4.19민주묘지,2026,1944,3970
978,20200316,우이신설선,가오리,3098,3200,6298
979,20200316,우이신설선,화계,2588,2503,5091
980,20200316,우이신설선,삼양,1620,1741,3361
981,20200316,우이신설선,삼양사거리,1902,1889,3791
982,20200316,우이신설선,솔샘,4414,4135,8549
983,20200316,우이신설선,북한산보국문,4422,4216,8638
984,20200316,우이신설선,정릉,3230,3111,6341
985,20200316,우이신설선,성신여대입구(돈암),2299,2594,4893
986,20200316,우이신설선,보문,1131,1281,2412
987,20200316,우이신설선,신설동,1759,1928,3687
988,20200317,우이신설선,북한산우이,1792,1523,3315
989,20200317,우이신설선,솔밭공원,1839,1754,3593
990,20200317,우이신설선,4.19민주묘지,1975,1925,3900
991,20200317,우이신설선,가오리,3050,3086,6136
992,20200317,우이신설선,화계,2526,2368,4894
993,20200317,우이신설선,삼양,1545,1688,3233
994,20200317,우이신설선,삼양사거리,1806,1834,3640
995,20200317,우이신설선,솔샘,4437,4209,8646
996,20200317,우이신설선,북한산보국문,4361,4207,8568
997,20200317,우이신설선,정릉,3233,3110,6343
998,20200317,우이신설선,성신여대입구(돈암),2334,2642,4976
999,20200317,우이신설선,보문,1122,1170,2292
1000,20200317,우이신설선,신설동,1712,1705,3417
1001,20200318,우이신설선,북한산우이,2145,1928,4073
1002,20200318,우이신설선,솔밭공원,1881,1872,3753
1003,20200318,우이신설선,4.19민주묘지,2135,2073,4208
1004,20200318,우이신설선,가오리,3132,3186,6318
1005,20200318,우이신설선,화계,2559,2477,5036
1006,20200318,우이신설선,삼양,1595,1736,3331
1007,20200318,우이신설선,삼양사거리,1948,2026,3974
1008,20200318,우이신설선,솔샘,4558,4254,8812
1009,20200318,우이신설선,북한산보국문,4538,4273,8811
1010,20200318,우이신설선,정릉,3439,3257,6696
1011,20200318,우이신설선,성신여대입구(돈암),2366,2696,5062
1012,20200318,우이신설선,보문,1239,1220,2459
1013,20200318,우이신설선,신설동,1751,1781,3532
1014,20200319,우이신설선,신설동,1672,1689,3361
1015,20200319,우이신설선,보문,1118,1174,2292
1016,20200319,우이신설선,성신여대입구(돈암),2183,2477,4660
1017,20200319,우이신설선,정릉,3160,2980,6140
1018,20200319,우이신설선,북한산보국문,4168,4068,8236
1019,20200319,우이신설선,솔샘,4412,4189,8601
1020,20200319,우이신설선,삼양사거리,1726,1815,3541
1021,20200319,우이신설선,삼양,1496,1620,3116
1022,20200319,우이신설선,화계,2485,2364,4849
1023,20200319,우이신설선,가오리,2927,3002,5929
1024,20200319,우이신설선,4.19민주묘지,1913,1898,3811
1025,20200319,우이신설선,솔밭공원,1711,1722,3433
1026,20200319,우이신설선,북한산우이,1641,1437,3078
1027,20200320,우이신설선,북한산우이,2100,1868,3968
1028,20200320,우이신설선,솔밭공원,1904,1801,3705
1029,20200320,우이신설선,4.19민주묘지,2219,2108,4327
1030,20200320,우이신설선,가오리,3256,3178,6434
1031,20200320,우이신설선,화계,2751,2521,5272
1032,20200320,우이신설선,삼양,1702,1830,3532
1033,20200320,우이신설선,삼양사거리,1982,2036,4018
1034,20200320,우이신설선,솔샘,4611,4231,8842
1035,20200320,우이신설선,북한산보국문,4839,4477,9316
1036,20200320,우이신설선,정릉,3540,3330,6870
1037,20200320,우이신설선,성신여대입구(돈암),2548,2886,5434
1038,20200320,우이신설선,보문,1271,1294,2565
1039,20200320,우이신설선,신설동,1829,1748,3577
1040,20200321,우이신설선,북한산우이,2297,2367,4664
1041,20200321,우이신설선,솔밭공원,1294,1226,2520
1042,20200321,우이신설선,4.19민주묘지,1725,1514,3239
1043,20200321,우이신설선,가오리,2108,1940,4048
1044,20200321,우이신설선,화계,1903,1674,3577
1045,20200321,우이신설선,삼양,1184,1239,2423
1046,20200321,우이신설선,삼양사거리,1419,1412,2831
1047,20200321,우이신설선,솔샘,2522,2260,4782
1048,20200321,우이신설선,북한산보국문,3427,2912,6339
1049,20200321,우이신설선,정릉,2491,2129,4620
1050,20200321,우이신설선,성신여대입구(돈암),1823,2292,4115
1051,20200321,우이신설선,보문,870,857,1727
1052,20200321,우이신설선,신설동,1026,1047,2073
1053,20200322,우이신설선,북한산우이,2381,2467,4848
1054,20200322,우이신설선,솔밭공원,963,973,1936
1055,20200322,우이신설선,4.19민주묘지,1470,1190,2660
1056,20200322,우이신설선,가오리,1514,1415,2929
1057,20200322,우이신설선,화계,1406,1258,2664
1058,20200322,우이신설선,삼양,778,833,1611
1059,20200322,우이신설선,삼양사거리,1021,1033,2054
1060,20200322,우이신설선,솔샘,1770,1632,3402
1061,20200322,우이신설선,북한산보국문,2533,2319,4852
1062,20200322,우이신설선,정릉,1792,1535,3327
1063,20200322,우이신설선,성신여대입구(돈암),1427,1688,3115
1064,20200322,우이신설선,보문,699,685,1384
1065,20200322,우이신설선,신설동,757,825,1582
1066,20200323,우이신설선,신설동,1744,1750,3494
1067,20200323,우이신설선,보문,1203,1213,2416
1068,20200323,우이신설선,성신여대입구(돈암),2360,2624,4984
1069,20200323,우이신설선,정릉,3283,3208,6491
1070,20200323,우이신설선,북한산보국문,4509,4436,8945
1071,20200323,우이신설선,솔샘,4599,4373,8972
1072,20200323,우이신설선,삼양사거리,1956,2028,3984
1073,20200323,우이신설선,삼양,1662,1798,3460
1074,20200323,우이신설선,화계,2649,2488,5137
1075,20200323,우이신설선,가오리,3183,3170,6353
1076,20200323,우이신설선,4.19민주묘지,2078,2090,4168
1077,20200323,우이신설선,솔밭공원,1879,1885,3764
1078,20200323,우이신설선,북한산우이,2039,1887,3926
1079,20200324,우이신설선,북한산우이,2327,2199,4526
1080,20200324,우이신설선,솔밭공원,1881,1890,3771
1081,20200324,우이신설선,4.19민주묘지,2177,2055,4232
1082,20200324,우이신설선,가오리,3106,3190,6296
1083,20200324,우이신설선,화계,2658,2569,5227
1084,20200324,우이신설선,삼양,1607,1739,3346
1085,20200324,우이신설선,삼양사거리,1917,1953,3870
1086,20200324,우이신설선,솔샘,4583,4358,8941
1087,20200324,우이신설선,북한산보국문,4422,4294,8716
1088,20200324,우이신설선,정릉,3365,3311,6676
1089,20200324,우이신설선,성신여대입구(돈암),2327,2613,4940
1090,20200324,우이신설선,보문,1208,1237,2445
1091,20200324,우이신설선,신설동,1802,1752,3554
1092,20200325,우이신설선,북한산우이,2178,2047,4225
1093,20200325,우이신설선,솔밭공원,1900,1869,3769
1094,20200325,우이신설선,4.19민주묘지,2272,2223,4495
1095,20200325,우이신설선,가오리,3292,3233,6525
1096,20200325,우이신설선,화계,2721,2593,5314
1097,20200325,우이신설선,삼양,1637,1778,3415
1098,20200325,우이신설선,삼양사거리,1957,1996,3953
1099,20200325,우이신설선,솔샘,4687,4371,9058
1100,20200325,우이신설선,북한산보국문,4623,4449,9072
1101,20200325,우이신설선,정릉,3524,3342,6866
1102,20200325,우이신설선,성신여대입구(돈암),2442,2793,5235
1103,20200325,우이신설선,보문,1206,1222,2428
1104,20200325,우이신설선,신설동,1876,1862,3738
1105,20200326,우이신설선,정릉,3396,3183,6579
1106,20200326,우이신설선,성신여대입구(돈암),2354,2720,5074
1107,20200326,우이신설선,보문,1237,1299,2536
1108,20200326,우이신설선,신설동,1819,1761,3580
1109,20200326,우이신설선,북한산우이,2013,1867,3880
1110,20200326,우이신설선,솔밭공원,1901,1870,3771
1111,20200326,우이신설선,4.19민주묘지,2114,2117,4231
1112,20200326,우이신설선,가오리,3079,3191,6270
1113,20200326,우이신설선,화계,2641,2575,5216
1114,20200326,우이신설선,삼양,1631,1752,3383
1115,20200326,우이신설선,삼양사거리,1847,1950,3797
1116,20200326,우이신설선,솔샘,4602,4257,8859
1117,20200326,우이신설선,북한산보국문,4449,4426,8875
1118,20200327,우이신설선,북한산우이,1909,1709,3618
1119,20200327,우이신설선,솔밭공원,1944,1826,3770
1120,20200327,우이신설선,4.19민주묘지,2098,2096,4194
1121,20200327,우이신설선,가오리,3243,3204,6447
1122,20200327,우이신설선,화계,2699,2515,5214
1123,20200327,우이신설선,삼양,1595,1788,3383
1124,20200327,우이신설선,삼양사거리,1971,2016,3987
1125,20200327,우이신설선,솔샘,4690,4304,8994
1126,20200327,우이신설선,북한산보국문,4583,4295,8878
1127,20200327,우이신설선,정릉,3552,3227,6779
1128,20200327,우이신설선,성신여대입구(돈암),2524,2905,5429
1129,20200327,우이신설선,보문,1246,1273,2519
1130,20200327,우이신설선,신설동,1756,1744,3500
1131,20200328,우이신설선,북한산우이,2565,2665,5230
1132,20200328,우이신설선,솔밭공원,1359,1243,2602
1133,20200328,우이신설선,4.19민주묘지,1810,1509,3319
1134,20200328,우이신설선,가오리,2109,2055,4164
1135,20200328,우이신설선,화계,1904,1679,3583
1136,20200328,우이신설선,삼양,1202,1238,2440
1137,20200328,우이신설선,삼양사거리,1475,1472,2947
1138,20200328,우이신설선,솔샘,2677,2398,5075
1139,20200328,우이신설선,북한산보국문,3438,3187,6625
1140,20200328,우이신설선,정릉,2548,2155,4703
1141,20200328,우이신설선,성신여대입구(돈암),1941,2305,4246
1142,20200328,우이신설선,보문,914,920,1834
1143,20200328,우이신설선,신설동,1120,1056,2176
1144,20200329,우이신설선,북한산우이,2446,2555,5001
1145,20200329,우이신설선,솔밭공원,1005,921,1926
1146,20200329,우이신설선,4.19민주묘지,1526,1253,2779
1147,20200329,우이신설선,가오리,1648,1419,3067
1148,20200329,우이신설선,화계,1395,1267,2662
1149,20200329,우이신설선,삼양,808,864,1672
1150,20200329,우이신설선,삼양사거리,1046,1016,2062
1151,20200329,우이신설선,솔샘,1825,1703,3528
1152,20200329,우이신설선,북한산보국문,2615,2368,4983
1153,20200329,우이신설선,정릉,1800,1520,3320
1154,20200329,우이신설선,성신여대입구(돈암),1393,1694,3087
1155,20200329,우이신설선,보문,627,667,1294
1156,20200329,우이신설선,신설동,835,845,1680
1157,20200330,우이신설선,북한산우이,2090,1943,4033
1158,20200330,우이신설선,솔밭공원,1951,1895,3846
1159,20200330,우이신설선,4.19민주묘지,2233,2148,4381
1160,20200330,우이신설선,가오리,3174,3230,6404
1161,20200330,우이신설선,화계,2655,2566,5221
1162,20200330,우이신설선,삼양,1680,1809,3489
1163,20200330,우이신설선,삼양사거리,1938,2021,3959
1164,20200330,우이신설선,솔샘,4585,4426,9011
1165,20200330,우이신설선,북한산보국문,4557,4422,8979
1166,20200330,우이신설선,정릉,3448,3354,6802
1167,20200330,우이신설선,성신여대입구(돈암),2350,2642,4992
1168,20200330,우이신설선,보문,1196,1190,2386
1169,20200330,우이신설선,신설동,1818,1750,3568
1170,20200331,우이신설선,신설동,1816,1795,3611
1171,20200331,우이신설선,보문,1184,1218,2402
1172,20200331,우이신설선,성신여대입구(돈암),2485,2648,5133
1173,20200331,우이신설선,정릉,3514,3286,6800
1174,20200331,우이신설선,북한산보국문,4479,4363,8842
1175,20200331,우이신설선,솔샘,4628,4390,9018
1176,20200331,우이신설선,삼양사거리,1889,1985,3874
1177,20200331,우이신설선,삼양,1633,1699,3332
1178,20200331,우이신설선,화계,2676,2547,5223
1179,20200331,우이신설선,가오리,3296,3205,6501
1180,20200331,우이신설선,4.19민주묘지,2244,2186,4430
1181,20200331,우이신설선,솔밭공원,1848,1865,3713
1182,20200331,우이신설선,북한산우이,2192,2047,4239
1183,20200401,우이신설선,북한산우이,2137,1965,4102
1184,20200401,우이신설선,솔밭공원,1840,1811,3651
1185,20200401,우이신설선,4.19민주묘지,2279,2216,4495
1186,20200401,우이신설선,가오리,3312,3301,6613
1187,20200401,우이신설선,화계,2672,2539,5211
1188,20200401,우이신설선,삼양,1602,1738,3340
1189,20200401,우이신설선,삼양사거리,1916,1998,3914
1190,20200401,우이신설선,솔샘,4687,4391,9078
1191,20200401,우이신설선,북한산보국문,4630,4358,8988
1192,20200401,우이신설선,정릉,3540,3296,6836
1193,20200401,우이신설선,성신여대입구(돈암),2412,2718,5130
1194,20200401,우이신설선,보문,1234,1229,2463
1195,20200401,우이신설선,신설동,1808,1755,3563
1196,20200402,우이신설선,신설동,1776,1821,3597
1197,20200402,우이신설선,보문,1200,1252,2452
1198,20200402,우이신설선,성신여대입구(돈암),2374,2700,5074
1199,20200402,우이신설선,정릉,3487,3236,6723
1200,20200402,우이신설선,북한산보국문,4525,4360,8885
1201,20200402,우이신설선,솔샘,4677,4414,9091
1202,20200402,우이신설선,삼양사거리,1929,1985,3914
1203,20200402,우이신설선,삼양,1646,1779,3425
1204,20200402,우이신설선,화계,2623,2532,5155
1205,20200402,우이신설선,가오리,3249,3169,6418
1206,20200402,우이신설선,4.19민주묘지,2279,2186,4465
1207,20200402,우이신설선,솔밭공원,1922,1888,3810
1208,20200402,우이신설선,북한산우이,2134,2053,4187
1209,20200403,우이신설선,북한산우이,2163,1903,4066
1210,20200403,우이신설선,솔밭공원,1947,1854,3801
1211,20200403,우이신설선,4.19민주묘지,2266,2180,4446
1212,20200403,우이신설선,가오리,3297,3262,6559
1213,20200403,우이신설선,화계,2749,2514,5263
1214,20200403,우이신설선,삼양,1744,1811,3555
1215,20200403,우이신설선,삼양사거리,2035,2007,4042
1216,20200403,우이신설선,솔샘,4777,4322,9099
1217,20200403,우이신설선,북한산보국문,4786,4360,9146
1218,20200403,우이신설선,정릉,3626,3238,6864
1219,20200403,우이신설선,성신여대입구(돈암),2484,2896,5380
1220,20200403,우이신설선,보문,1268,1241,2509
1221,20200403,우이신설선,신설동,1834,1848,3682
1222,20200404,우이신설선,신설동,1057,1049,2106
1223,20200404,우이신설선,보문,923,971,1894
1224,20200404,우이신설선,성신여대입구(돈암),2048,2430,4478
1225,20200404,우이신설선,정릉,2555,2257,4812
1226,20200404,우이신설선,북한산보국문,3542,3184,6726
1227,20200404,우이신설선,솔샘,2711,2467,5178
1228,20200404,우이신설선,삼양사거리,1404,1408,2812
1229,20200404,우이신설선,삼양,1207,1288,2495
1230,20200404,우이신설선,화계,1863,1692,3555
1231,20200404,우이신설선,가오리,2262,2023,4285
1232,20200404,우이신설선,4.19민주묘지,1782,1587,3369
1233,20200404,우이신설선,솔밭공원,1365,1267,2632
1234,20200404,우이신설선,북한산우이,2788,3016,5804
1235,20200405,우이신설선,북한산우이,2405,2681,5086
1236,20200405,우이신설선,솔밭공원,985,978,1963
1237,20200405,우이신설선,4.19민주묘지,1486,1198,2684
1238,20200405,우이신설선,가오리,1680,1510,3190
1239,20200405,우이신설선,화계,1350,1228,2578
1240,20200405,우이신설선,삼양,872,906,1778
1241,20200405,우이신설선,삼양사거리,1143,1096,2239
1242,20200405,우이신설선,솔샘,1894,1735,3629
1243,20200405,우이신설선,북한산보국문,2588,2380,4968
1244,20200405,우이신설선,정릉,1800,1560,3360
1245,20200405,우이신설선,성신여대입구(돈암),1450,1667,3117
1246,20200405,우이신설선,보문,634,681,1315
1247,20200405,우이신설선,신설동,852,845,1697
1248,20200406,우이신설선,북한산우이,2048,1955,4003
1249,20200406,우이신설선,솔밭공원,1923,1939,3862
1250,20200406,우이신설선,4.19민주묘지,2269,2244,4513
1251,20200406,우이신설선,가오리,3372,3379,6751
1252,20200406,우이신설선,화계,2608,2552,5160
1253,20200406,우이신설선,삼양,1722,1873,3595
1254,20200406,우이신설선,삼양사거리,2028,2065,4093
1255,20200406,우이신설선,솔샘,4724,4496,9220
1256,20200406,우이신설선,북한산보국문,4604,4450,9054
1257,20200406,우이신설선,정릉,3546,3451,6997
1258,20200406,우이신설선,성신여대입구(돈암),2486,2779,5265
1259,20200406,우이신설선,보문,1270,1300,2570
1260,20200406,우이신설선,신설동,1786,1790,3576
1261,20200407,우이신설선,북한산우이,2256,2072,4328
1262,20200407,우이신설선,솔밭공원,1956,1870,3826
1263,20200407,우이신설선,4.19민주묘지,2343,2251,4594
1264,20200407,우이신설선,가오리,3362,3348,6710
1265,20200407,우이신설선,화계,2736,2640,5376
1266,20200407,우이신설선,삼양,1644,1847,3491
1267,20200407,우이신설선,삼양사거리,2000,2068,4068
1268,20200407,우이신설선,솔샘,4875,4568,9443
1269,20200407,우이신설선,북한산보국문,4639,4507,9146
1270,20200407,우이신설선,정릉,3638,3425,7063
1271,20200407,우이신설선,성신여대입구(돈암),2472,2844,5316
1272,20200407,우이신설선,보문,1233,1305,2538
1273,20200407,우이신설선,신설동,1863,1860,3723
1274,20200408,우이신설선,신설동,1825,1835,3660
1275,20200408,우이신설선,보문,1237,1261,2498
1276,20200408,우이신설선,성신여대입구(돈암),2499,2906,5405
1277,20200408,우이신설선,정릉,3639,3471,7110
1278,20200408,우이신설선,북한산보국문,4818,4586,9404
1279,20200408,우이신설선,솔샘,4805,4499,9304
1280,20200408,우이신설선,삼양사거리,2027,2033,4060
1281,20200408,우이신설선,삼양,1715,1936,3651
1282,20200408,우이신설선,화계,2791,2652,5443
1283,20200408,우이신설선,가오리,3378,3431,6809
1284,20200408,우이신설선,4.19민주묘지,2195,2185,4380
1285,20200408,우이신설선,솔밭공원,1938,1900,3838
1286,20200408,우이신설선,북한산우이,2283,2074,4357
1287,20200409,우이신설선,북한산우이,2224,2071,4295
1288,20200409,우이신설선,솔밭공원,1976,1886,3862
1289,20200409,우이신설선,4.19민주묘지,2258,2182,4440
1290,20200409,우이신설선,가오리,3276,3283,6559
1291,20200409,우이신설선,화계,2694,2563,5257
1292,20200409,우이신설선,삼양,1746,1907,3653
1293,20200409,우이신설선,삼양사거리,2059,2097,4156
1294,20200409,우이신설선,솔샘,4743,4444,9187
1295,20200409,우이신설선,북한산보국문,4649,4595,9244
1296,20200409,우이신설선,정릉,3558,3431,6989
1297,20200409,우이신설선,성신여대입구(돈암),2536,2754,5290
1298,20200409,우이신설선,보문,1230,1304,2534
1299,20200409,우이신설선,신설동,1804,1826,3630
1300,20200410,우이신설선,북한산우이,2225,1961,4186
1301,20200410,우이신설선,솔밭공원,1966,1901,3867
1302,20200410,우이신설선,4.19민주묘지,2442,2351,4793
1303,20200410,우이신설선,가오리,3422,3345,6767
1304,20200410,우이신설선,화계,2844,2660,5504
1305,20200410,우이신설선,삼양,1856,1966,3822
1306,20200410,우이신설선,삼양사거리,2031,2083,4114
1307,20200410,우이신설선,솔샘,4798,4342,9140
1308,20200410,우이신설선,북한산보국문,4916,4521,9437
1309,20200410,우이신설선,정릉,3834,3439,7273
1310,20200410,우이신설선,성신여대입구(돈암),2669,3040,5709
1311,20200410,우이신설선,보문,1309,1308,2617
1312,20200410,우이신설선,신설동,1757,1803,3560
1313,20200411,우이신설선,북한산우이,2747,3013,5760
1314,20200411,우이신설선,솔밭공원,1392,1278,2670
1315,20200411,우이신설선,4.19민주묘지,2026,1713,3739
1316,20200411,우이신설선,가오리,2349,2186,4535
1317,20200411,우이신설선,화계,1845,1806,3651
1318,20200411,우이신설선,삼양,1369,1408,2777
1319,20200411,우이신설선,삼양사거리,1464,1491,2955
1320,20200411,우이신설선,솔샘,2821,2532,5353
1321,20200411,우이신설선,북한산보국문,3669,3349,7018
1322,20200411,우이신설선,정릉,2777,2256,5033
1323,20200411,우이신설선,성신여대입구(돈암),2092,2467,4559
1324,20200411,우이신설선,보문,969,941,1910
1325,20200411,우이신설선,신설동,1125,1083,2208
1326,20200412,우이신설선,북한산우이,2384,2692,5076
1327,20200412,우이신설선,솔밭공원,1029,968,1997
1328,20200412,우이신설선,4.19민주묘지,1449,1219,2668
1329,20200412,우이신설선,가오리,1699,1486,3185
1330,20200412,우이신설선,화계,1443,1318,2761
1331,20200412,우이신설선,삼양,841,950,1791
1332,20200412,우이신설선,삼양사거리,1098,1077,2175
1333,20200412,우이신설선,솔샘,1986,1845,3831
1334,20200412,우이신설선,북한산보국문,2795,2477,5272
1335,20200412,우이신설선,정릉,1916,1603,3519
1336,20200412,우이신설선,성신여대입구(돈암),1512,1794,3306
1337,20200412,우이신설선,보문,665,716,1381
1338,20200412,우이신설선,신설동,843,801,1644
1339,20200413,우이신설선,북한산우이,2106,1995,4101
1340,20200413,우이신설선,솔밭공원,1957,1861,3818
1341,20200413,우이신설선,4.19민주묘지,2275,2145,4420
1342,20200413,우이신설선,가오리,3410,3455,6865
1343,20200413,우이신설선,화계,2775,2693,5468
1344,20200413,우이신설선,삼양,1773,1932,3705
1345,20200413,우이신설선,삼양사거리,2154,2167,4321
1346,20200413,우이신설선,솔샘,4829,4540,9369
1347,20200413,우이신설선,북한산보국문,4772,4628,9400
1348,20200413,우이신설선,정릉,3635,3395,7030
1349,20200413,우이신설선,성신여대입구(돈암),2501,2875,5376
1350,20200413,우이신설선,보문,1225,1223,2448
1351,20200413,우이신설선,신설동,1861,1842,3703
1352,20200414,우이신설선,신설동,1956,2175,4131
1353,20200414,우이신설선,보문,1306,1316,2622
1354,20200414,우이신설선,성신여대입구(돈암),2548,3030,5578
1355,20200414,우이신설선,정릉,3795,3407,7202
1356,20200414,우이신설선,북한산보국문,4984,4484,9468
1357,20200414,우이신설선,솔샘,4954,4420,9374
1358,20200414,우이신설선,삼양사거리,2036,2031,4067
1359,20200414,우이신설선,삼양,1713,1786,3499
1360,20200414,우이신설선,화계,2883,2639,5522
1361,20200414,우이신설선,가오리,3488,3356,6844
1362,20200414,우이신설선,4.19민주묘지,2349,2205,4554
1363,20200414,우이신설선,솔밭공원,1984,1907,3891
1364,20200414,우이신설선,북한산우이,2237,2026,4263
1365,20200415,우이신설선,보문,913,835,1748
1366,20200415,우이신설선,북한산우이,2489,2542,5031
1367,20200415,우이신설선,솔밭공원,1265,1235,2500
1368,20200415,우이신설선,4.19민주묘지,1787,1578,3365
1369,20200415,우이신설선,가오리,2202,2020,4222
1370,20200415,우이신설선,화계,1895,1796,3691
1371,20200415,우이신설선,삼양,1217,1274,2491
1372,20200415,우이신설선,삼양사거리,1539,1503,3042
1373,20200415,우이신설선,솔샘,2600,2392,4992
1374,20200415,우이신설선,북한산보국문,3287,3031,6318
1375,20200415,우이신설선,정릉,2556,2193,4749
1376,20200415,우이신설선,성신여대입구(돈암),1876,2338,4214
1377,20200415,우이신설선,신설동,1076,1076,2152
1378,20200416,우이신설선,북한산우이,2264,2151,4415
1379,20200416,우이신설선,솔밭공원,2051,1978,4029
1380,20200416,우이신설선,4.19민주묘지,2504,2419,4923
1381,20200416,우이신설선,가오리,3473,3358,6831
1382,20200416,우이신설선,화계,2851,2609,5460
1383,20200416,우이신설선,삼양,1758,1952,3710
1384,20200416,우이신설선,삼양사거리,2177,2195,4372
1385,20200416,우이신설선,솔샘,4936,4588,9524
1386,20200416,우이신설선,북한산보국문,4766,4726,9492
1387,20200416,우이신설선,정릉,3803,3497,7300
1388,20200416,우이신설선,성신여대입구(돈암),2536,2920,5456
1389,20200416,우이신설선,보문,1291,1276,2567
1390,20200416,우이신설선,신설동,1914,1908,3822
1391,20200417,우이신설선,북한산우이,1775,1491,3266
1392,20200417,우이신설선,솔밭공원,1842,1720,3562
1393,20200417,우이신설선,4.19민주묘지,2099,2067,4166
1394,20200417,우이신설선,가오리,3243,3164,6407
1395,20200417,우이신설선,화계,2726,2401,5127
1396,20200417,우이신설선,삼양,1683,1804,3487
1397,20200417,우이신설선,삼양사거리,1941,2029,3970
1398,20200417,우이신설선,솔샘,4802,4314,9116
1399,20200417,우이신설선,북한산보국문,4695,4334,9029
1400,20200417,우이신설선,정릉,3642,3315,6957
1401,20200417,우이신설선,성신여대입구(돈암),2416,2892,5308
1402,20200417,우이신설선,보문,1293,1283,2576
1403,20200417,우이신설선,신설동,1735,1778,3513
1404,20200418,우이신설선,북한산우이,3181,3209,6390
1405,20200418,우이신설선,솔밭공원,1431,1417,2848
1406,20200418,우이신설선,4.19민주묘지,2100,1896,3996
1407,20200418,우이신설선,가오리,2484,2216,4700
1408,20200418,우이신설선,화계,2096,1912,4008
1409,20200418,우이신설선,삼양,1305,1441,2746
1410,20200418,우이신설선,삼양사거리,1669,1644,3313
1411,20200418,우이신설선,솔샘,3038,2723,5761
1412,20200418,우이신설선,북한산보국문,3891,3458,7349
1413,20200418,우이신설선,정릉,3059,2483,5542
1414,20200418,우이신설선,성신여대입구(돈암),2184,2632,4816
1415,20200418,우이신설선,보문,1021,1022,2043
1416,20200418,우이신설선,신설동,1245,1204,2449
1417,20200419,우이신설선,북한산우이,2522,2679,5201
1418,20200419,우이신설선,솔밭공원,1069,976,2045
1419,20200419,우이신설선,4.19민주묘지,1613,1503,3116
1420,20200419,우이신설선,가오리,1723,1558,3281
1421,20200419,우이신설선,화계,1508,1316,2824
1422,20200419,우이신설선,삼양,905,954,1859
1423,20200419,우이신설선,삼양사거리,1179,1120,2299
1424,20200419,우이신설선,솔샘,1945,1787,3732
1425,20200419,우이신설선,북한산보국문,2582,2416,4998
1426,20200419,우이신설선,정릉,1798,1627,3425
1427,20200419,우이신설선,성신여대입구(돈암),1554,1723,3277
1428,20200419,우이신설선,보문,721,734,1455
1429,20200419,우이신설선,신설동,766,824,1590
1430,20200420,우이신설선,북한산우이,2018,1829,3847
1431,20200420,우이신설선,솔밭공원,1963,1952,3915
1432,20200420,우이신설선,4.19민주묘지,2337,2314,4651
1433,20200420,우이신설선,가오리,3414,3337,6751
1434,20200420,우이신설선,화계,2798,2674,5472
1435,20200420,우이신설선,삼양,1796,1980,3776
1436,20200420,우이신설선,삼양사거리,2143,2221,4364
1437,20200420,우이신설선,솔샘,4959,4667,9626
1438,20200420,우이신설선,북한산보국문,4798,4672,9470
1439,20200420,우이신설선,정릉,3628,3587,7215
1440,20200420,우이신설선,성신여대입구(돈암),2552,2832,5384
1441,20200420,우이신설선,보문,1291,1332,2623
1442,20200420,우이신설선,신설동,1879,1892,3771
1443,20200421,우이신설선,북한산우이,2346,2078,4424
1444,20200421,우이신설선,솔밭공원,2045,1986,4031
1445,20200421,우이신설선,4.19민주묘지,2402,2373,4775
1446,20200421,우이신설선,가오리,3569,3491,7060
1447,20200421,우이신설선,화계,2848,2742,5590
1448,20200421,우이신설선,삼양,1798,2063,3861
1449,20200421,우이신설선,삼양사거리,2139,2191,4330
1450,20200421,우이신설선,솔샘,5098,4799,9897
1451,20200421,우이신설선,북한산보국문,4941,4780,9721
1452,20200421,우이신설선,정릉,3780,3693,7473
1453,20200421,우이신설선,성신여대입구(돈암),2562,3036,5598
1454,20200421,우이신설선,보문,1276,1312,2588
1455,20200421,우이신설선,신설동,1973,1951,3924
1456,20200422,우이신설선,북한산우이,2084,1937,4021
1457,20200422,우이신설선,솔밭공원,1875,1831,3706
1458,20200422,우이신설선,4.19민주묘지,2253,2212,4465
1459,20200422,우이신설선,가오리,3450,3488,6938
1460,20200422,우이신설선,화계,2777,2606,5383
1461,20200422,우이신설선,삼양,1765,1951,3716
1462,20200422,우이신설선,삼양사거리,2057,2148,4205
1463,20200422,우이신설선,솔샘,4993,4613,9606
1464,20200422,우이신설선,북한산보국문,4818,4704,9522
1465,20200422,우이신설선,정릉,3751,3597,7348
1466,20200422,우이신설선,성신여대입구(돈암),2534,2883,5417
1467,20200422,우이신설선,보문,1316,1346,2662
1468,20200422,우이신설선,신설동,1824,1859,3683
1469,20200423,우이신설선,북한산우이,2768,2493,5261
1470,20200423,우이신설선,솔밭공원,2020,2012,4032
1471,20200423,우이신설선,4.19민주묘지,2441,2295,4736
1472,20200423,우이신설선,가오리,3516,3540,7056
1473,20200423,우이신설선,화계,2789,2655,5444
1474,20200423,우이신설선,삼양,1832,1974,3806
1475,20200423,우이신설선,삼양사거리,2057,2114,4171
1476,20200423,우이신설선,솔샘,5188,4703,9891
1477,20200423,우이신설선,북한산보국문,5062,4778,9840
1478,20200423,우이신설선,정릉,3826,3638,7464
1479,20200423,우이신설선,성신여대입구(돈암),2716,3111,5827
1480,20200423,우이신설선,보문,1374,1391,2765
1481,20200423,우이신설선,신설동,1941,1993,3934
1482,20200424,우이신설선,북한산우이,2464,2193,4657
1483,20200424,우이신설선,솔밭공원,2179,2037,4216
1484,20200424,우이신설선,4.19민주묘지,2494,2444,4938
1485,20200424,우이신설선,가오리,3617,3488,7105
1486,20200424,우이신설선,화계,3008,2751,5759
1487,20200424,우이신설선,삼양,1867,1927,3794
1488,20200424,우이신설선,삼양사거리,2241,2195,4436
1489,20200424,우이신설선,솔샘,5222,4672,9894
1490,20200424,우이신설선,북한산보국문,5303,4906,10209
1491,20200424,우이신설선,정릉,4069,3637,7706
1492,20200424,우이신설선,성신여대입구(돈암),2819,3330,6149
1493,20200424,우이신설선,보문,1305,1398,2703
1494,20200424,우이신설선,신설동,1968,1971,3939
1495,20200425,우이신설선,북한산우이,3400,3613,7013
1496,20200425,우이신설선,솔밭공원,1554,1385,2939
1497,20200425,우이신설선,4.19민주묘지,2010,1827,3837
1498,20200425,우이신설선,가오리,2463,2284,4747
1499,20200425,우이신설선,화계,2115,1962,4077
1500,20200425,우이신설선,삼양,1367,1426,2793
1501,20200425,우이신설선,삼양사거리,1688,1726,3414
1502,20200425,우이신설선,솔샘,3215,2800,6015
1503,20200425,우이신설선,북한산보국문,4050,3667,7717
1504,20200425,우이신설선,정릉,3082,2581,5663
1505,20200425,우이신설선,성신여대입구(돈암),2325,2852,5177
1506,20200425,우이신설선,보문,1021,1003,2024
1507,20200425,우이신설선,신설동,1291,1302,2593
1508,20200426,우이신설선,북한산우이,3318,3581,6899
1509,20200426,우이신설선,솔밭공원,1237,1232,2469
1510,20200426,우이신설선,4.19민주묘지,1799,1438,3237
1511,20200426,우이신설선,가오리,2010,1754,3764
1512,20200426,우이신설선,화계,1744,1566,3310
1513,20200426,우이신설선,삼양,1012,1083,2095
1514,20200426,우이신설선,삼양사거리,1404,1380,2784
1515,20200426,우이신설선,솔샘,2209,2069,4278
1516,20200426,우이신설선,북한산보국문,3091,2945,6036
1517,20200426,우이신설선,정릉,2196,1918,4114
1518,20200426,우이신설선,성신여대입구(돈암),1807,2086,3893
1519,20200426,우이신설선,보문,807,819,1626
1520,20200426,우이신설선,신설동,977,971,1948
1521,20200427,우이신설선,북한산우이,2461,2216,4677
1522,20200427,우이신설선,솔밭공원,2058,2024,4082
1523,20200427,우이신설선,4.19민주묘지,2491,2390,4881
1524,20200427,우이신설선,가오리,3672,3571,7243
1525,20200427,우이신설선,화계,2921,2720,5641
1526,20200427,우이신설선,삼양,1839,2032,3871
1527,20200427,우이신설선,삼양사거리,2243,2243,4486
1528,20200427,우이신설선,솔샘,5072,4772,9844
1529,20200427,우이신설선,북한산보국문,5056,4809,9865
1530,20200427,우이신설선,정릉,3900,3701,7601
1531,20200427,우이신설선,성신여대입구(돈암),2656,3081,5737
1532,20200427,우이신설선,보문,1389,1350,2739
1533,20200427,우이신설선,신설동,2000,1953,3953
1534,20200428,우이신설선,북한산우이,2583,2391,4974
1535,20200428,우이신설선,솔밭공원,2148,2070,4218
1536,20200428,우이신설선,4.19민주묘지,2457,2395,4852
1537,20200428,우이신설선,가오리,3609,3499,7108
1538,20200428,우이신설선,화계,2944,2743,5687
1539,20200428,우이신설선,삼양,1815,2049,3864
1540,20200428,우이신설선,삼양사거리,2235,2210,4445
1541,20200428,우이신설선,솔샘,5174,4837,10011
1542,20200428,우이신설선,북한산보국문,5093,4904,9997
1543,20200428,우이신설선,정릉,4036,3807,7843
1544,20200428,우이신설선,성신여대입구(돈암),2665,3121,5786
1545,20200428,우이신설선,보문,1316,1401,2717
1546,20200428,우이신설선,신설동,2027,1958,3985
1547,20200429,우이신설선,북한산우이,2778,2584,5362
1548,20200429,우이신설선,솔밭공원,2177,2079,4256
1549,20200429,우이신설선,4.19민주묘지,2639,2553,5192
1550,20200429,우이신설선,가오리,3747,3642,7389
1551,20200429,우이신설선,화계,3036,2821,5857
1552,20200429,우이신설선,삼양,2018,2143,4161
1553,20200429,우이신설선,삼양사거리,2338,2345,4683
1554,20200429,우이신설선,솔샘,5331,4903,10234
1555,20200429,우이신설선,북한산보국문,5326,4982,10308
1556,20200429,우이신설선,정릉,4181,3915,8096
1557,20200429,우이신설선,성신여대입구(돈암),2838,3337,6175
1558,20200429,우이신설선,보문,1430,1420,2850
1559,20200429,우이신설선,신설동,1994,2040,4034
1560,20200430,우이신설선,북한산우이,5032,5183,10215
1561,20200430,우이신설선,솔밭공원,1513,1425,2938
1562,20200430,우이신설선,4.19민주묘지,2310,1844,4154
1563,20200430,우이신설선,가오리,2532,2348,4880
1564,20200430,우이신설선,화계,2575,2199,4774
1565,20200430,우이신설선,삼양,1344,1360,2704
1566,20200430,우이신설선,삼양사거리,1660,1619,3279
1567,20200430,우이신설선,솔샘,2980,2590,5570
1568,20200430,우이신설선,북한산보국문,3798,3353,7151
1569,20200430,우이신설선,정릉,2855,2427,5282
1570,20200430,우이신설선,성신여대입구(돈암),2058,2391,4449
1571,20200430,우이신설선,보문,1019,981,2000
1572,20200430,우이신설선,신설동,1238,1212,2450
1573,20200501,우이신설선,신설동,1277,1297,2574
1574,20200501,우이신설선,보문,1069,1020,2089
1575,20200501,우이신설선,성신여대입구(돈암),2228,2700,4928
1576,20200501,우이신설선,정릉,3057,2537,5594
1577,20200501,우이신설선,북한산보국문,3981,3486,7467
1578,20200501,우이신설선,솔샘,3243,2885,6128
1579,20200501,우이신설선,삼양사거리,1743,1703,3446
1580,20200501,우이신설선,삼양,1459,1530,2989
1581,20200501,우이신설선,화계,2171,1922,4093
1582,20200501,우이신설선,가오리,2676,2441,5117
1583,20200501,우이신설선,4.19민주묘지,2067,1884,3951
1584,20200501,우이신설선,솔밭공원,1641,1459,3100
1585,20200501,우이신설선,북한산우이,2685,2606,5291
1586,20200502,우이신설선,북한산우이,2656,2828,5484
1587,20200502,우이신설선,솔밭공원,1456,1364,2820
1588,20200502,우이신설선,4.19민주묘지,1963,1744,3707
1589,20200502,우이신설선,가오리,2321,2122,4443
1590,20200502,우이신설선,화계,2074,1823,3897
1591,20200502,우이신설선,삼양,1233,1335,2568
1592,20200502,우이신설선,삼양사거리,1580,1531,3111
1593,20200502,우이신설선,솔샘,2988,2657,5645
1594,20200502,우이신설선,북한산보국문,3572,3211,6783
1595,20200502,우이신설선,정릉,2949,2407,5356
1596,20200502,우이신설선,성신여대입구(돈암),2194,2606,4800
1597,20200502,우이신설선,보문,949,944,1893
1598,20200502,우이신설선,신설동,1200,1169,2369
1599,20200503,우이신설선,신설동,987,961,1948
1600,20200503,우이신설선,보문,801,795,1596
1601,20200503,우이신설선,성신여대입구(돈암),1682,2057,3739
1602,20200503,우이신설선,정릉,2221,1951,4172
1603,20200503,우이신설선,북한산보국문,3134,2822,5956
1604,20200503,우이신설선,솔샘,2344,2095,4439
1605,20200503,우이신설선,삼양사거리,1315,1295,2610
1606,20200503,우이신설선,삼양,1086,1124,2210
1607,20200503,우이신설선,화계,1659,1536,3195
1608,20200503,우이신설선,가오리,2002,1885,3887
1609,20200503,우이신설선,4.19민주묘지,1702,1451,3153
1610,20200503,우이신설선,솔밭공원,1202,1169,2371
1611,20200503,우이신설선,북한산우이,2419,2437,4856
1612,20200504,우이신설선,신설동,1917,1840,3757
1613,20200504,우이신설선,보문,1328,1309,2637
1614,20200504,우이신설선,성신여대입구(돈암),2653,3135,5788
1615,20200504,우이신설선,정릉,3686,3423,7109
1616,20200504,우이신설선,북한산보국문,4796,4565,9361
1617,20200504,우이신설선,솔샘,4572,4141,8713
1618,20200504,우이신설선,삼양사거리,2161,2140,4301
1619,20200504,우이신설선,삼양,1764,1906,3670
1620,20200504,우이신설선,화계,2801,2582,5383
1621,20200504,우이신설선,가오리,3432,3322,6754
1622,20200504,우이신설선,4.19민주묘지,2493,2331,4824
1623,20200504,우이신설선,솔밭공원,2006,1885,3891
1624,20200504,우이신설선,북한산우이,2409,2281,4690
1625,20200505,우이신설선,신설동,1109,1035,2144
1626,20200505,우이신설선,보문,844,820,1664
1627,20200505,우이신설선,성신여대입구(돈암),1929,2300,4229
1628,20200505,우이신설선,정릉,2532,2121,4653
1629,20200505,우이신설선,북한산보국문,3285,2986,6271
1630,20200505,우이신설선,솔샘,2583,2356,4939
1631,20200505,우이신설선,삼양사거리,1466,1443,2909
1632,20200505,우이신설선,삼양,1195,1257,2452
1633,20200505,우이신설선,화계,1844,1761,3605
1634,20200505,우이신설선,가오리,2211,2053,4264
1635,20200505,우이신설선,4.19민주묘지,1734,1611,3345
1636,20200505,우이신설선,솔밭공원,1353,1277,2630
1637,20200505,우이신설선,북한산우이,2552,2583,5135
1638,20200506,우이신설선,북한산우이,2467,2287,4754
1639,20200506,우이신설선,솔밭공원,2204,2117,4321
1640,20200506,우이신설선,4.19민주묘지,2696,2600,5296
1641,20200506,우이신설선,가오리,3755,3731,7486
1642,20200506,우이신설선,화계,3104,2913,6017
1643,20200506,우이신설선,삼양,1975,2092,4067
1644,20200506,우이신설선,삼양사거리,2273,2363,4636
1645,20200506,우이신설선,솔샘,5415,5063,10478
1646,20200506,우이신설선,북한산보국문,5304,5161,10465
1647,20200506,우이신설선,정릉,4159,3844,8003
1648,20200506,우이신설선,성신여대입구(돈암),2837,3272,6109
1649,20200506,우이신설선,보문,1385,1443,2828
1650,20200506,우이신설선,신설동,2071,2045,4116
1651,20200507,우이신설선,북한산우이,2645,2406,5051
1652,20200507,우이신설선,솔밭공원,2285,2155,4440
1653,20200507,우이신설선,4.19민주묘지,2660,2626,5286
1654,20200507,우이신설선,가오리,3845,3803,7648
1655,20200507,우이신설선,화계,3041,2833,5874
1656,20200507,우이신설선,삼양,2120,2179,4299
1657,20200507,우이신설선,삼양사거리,2317,2326,4643
1658,20200507,우이신설선,솔샘,5510,5069,10579
1659,20200507,우이신설선,북한산보국문,5483,5115,10598
1660,20200507,우이신설선,정릉,4230,3986,8216
1661,20200507,우이신설선,성신여대입구(돈암),2846,3368,6214
1662,20200507,우이신설선,보문,1381,1460,2841
1663,20200507,우이신설선,신설동,2070,2077,4147
1664,20200508,우이신설선,북한산우이,2516,2258,4774
1665,20200508,우이신설선,솔밭공원,2302,2272,4574
1666,20200508,우이신설선,4.19민주묘지,2720,2693,5413
1667,20200508,우이신설선,가오리,3886,4008,7894
1668,20200508,우이신설선,화계,3184,2934,6118
1669,20200508,우이신설선,삼양,2141,2370,4511
1670,20200508,우이신설선,삼양사거리,2422,2480,4902
1671,20200508,우이신설선,솔샘,5506,5099,10605
1672,20200508,우이신설선,북한산보국문,5657,5489,11146
1673,20200508,우이신설선,정릉,4379,4113,8492
1674,20200508,우이신설선,성신여대입구(돈암),3057,3517,6574
1675,20200508,우이신설선,보문,1494,1429,2923
1676,20200508,우이신설선,신설동,2093,2069,4162
1677,20200509,우이신설선,북한산우이,1552,1583,3135
1678,20200509,우이신설선,솔밭공원,1308,1219,2527
1679,20200509,우이신설선,4.19민주묘지,1547,1514,3061
1680,20200509,우이신설선,가오리,2289,2132,4421
1681,20200509,우이신설선,화계,1884,1669,3553
1682,20200509,우이신설선,삼양,1365,1418,2783
1683,20200509,우이신설선,삼양사거리,1507,1447,2954
1684,20200509,우이신설선,솔샘,2940,2517,5457
1685,20200509,우이신설선,북한산보국문,3455,3111,6566
1686,20200509,우이신설선,정릉,2649,2225,4874
1687,20200509,우이신설선,성신여대입구(돈암),2007,2515,4522
1688,20200509,우이신설선,보문,952,895,1847
1689,20200509,우이신설선,신설동,991,932,1923
1690,20200510,우이신설선,북한산우이,2808,2869,5677
1691,20200510,우이신설선,솔밭공원,1307,1216,2523
1692,20200510,우이신설선,4.19민주묘지,1839,1629,3468
1693,20200510,우이신설선,가오리,2053,1974,4027
1694,20200510,우이신설선,화계,1806,1624,3430
1695,20200510,우이신설선,삼양,1095,1124,2219
1696,20200510,우이신설선,삼양사거리,1381,1381,2762
1697,20200510,우이신설선,솔샘,2360,2175,4535
1698,20200510,우이신설선,북한산보국문,3154,2864,6018
1699,20200510,우이신설선,정릉,2295,1975,4270
1700,20200510,우이신설선,성신여대입구(돈암),1796,2148,3944
1701,20200510,우이신설선,보문,816,862,1678
1702,20200510,우이신설선,신설동,959,1002,1961
1703,20200511,우이신설선,신설동,2064,2074,4138
1704,20200511,우이신설선,보문,1390,1399,2789
1705,20200511,우이신설선,성신여대입구(돈암),2702,3149,5851
1706,20200511,우이신설선,정릉,4134,3963,8097
1707,20200511,우이신설선,북한산보국문,5233,5025,10258
1708,20200511,우이신설선,솔샘,5433,5107,10540
1709,20200511,우이신설선,삼양사거리,2336,2395,4731
1710,20200511,우이신설선,삼양,2114,2212,4326
1711,20200511,우이신설선,화계,3020,2935,5955
1712,20200511,우이신설선,가오리,3793,3710,7503
1713,20200511,우이신설선,4.19민주묘지,2695,2657,5352
1714,20200511,우이신설선,솔밭공원,2182,2111,4293
1715,20200511,우이신설선,북한산우이,2339,2235,4574
1716,20200512,우이신설선,북한산우이,2345,2185,4530
1717,20200512,우이신설선,솔밭공원,2096,2069,4165
1718,20200512,우이신설선,4.19민주묘지,2711,2754,5465
1719,20200512,우이신설선,가오리,3714,3631,7345
1720,20200512,우이신설선,화계,2989,2830,5819
1721,20200512,우이신설선,삼양,2060,2196,4256
1722,20200512,우이신설선,삼양사거리,2207,2248,4455
1723,20200512,우이신설선,솔샘,5293,5065,10358
1724,20200512,우이신설선,북한산보국문,5215,5122,10337
1725,20200512,우이신설선,정릉,4065,3860,7925
1726,20200512,우이신설선,성신여대입구(돈암),2752,3210,5962
1727,20200512,우이신설선,보문,1358,1447,2805
1728,20200512,우이신설선,신설동,2015,2087,4102
1729,20200513,우이신설선,북한산우이,2550,2322,4872
1730,20200513,우이신설선,솔밭공원,2197,2084,4281
1731,20200513,우이신설선,4.19민주묘지,2640,2587,5227
1732,20200513,우이신설선,가오리,3780,3710,7490
1733,20200513,우이신설선,화계,3061,2820,5881
1734,20200513,우이신설선,삼양,2125,2275,4400
1735,20200513,우이신설선,삼양사거리,2250,2358,4608
1736,20200513,우이신설선,북한산보국문,5386,5162,10548
1737,20200513,우이신설선,정릉,4089,3920,8009
1738,20200513,우이신설선,성신여대입구(돈암),2761,3225,5986
1739,20200513,우이신설선,보문,1371,1407,2778
1740,20200513,우이신설선,신설동,2092,2064,4156
1741,20200513,우이신설선,솔샘,5356,4993,10349
1742,20200514,우이신설선,북한산우이,2479,2367,4846
1743,20200514,우이신설선,솔밭공원,2169,2089,4258
1744,20200514,우이신설선,4.19민주묘지,2601,2563,5164
1745,20200514,우이신설선,가오리,3745,3644,7389
1746,20200514,우이신설선,화계,2984,2810,5794
1747,20200514,우이신설선,삼양,2042,2154,4196
1748,20200514,우이신설선,삼양사거리,2269,2287,4556
1749,20200514,우이신설선,신설동,2066,2040,4106
1750,20200514,우이신설선,보문,1401,1378,2779
1751,20200514,우이신설선,성신여대입구(돈암),2819,3157,5976
1752,20200514,우이신설선,정릉,4087,3780,7867
1753,20200514,우이신설선,북한산보국문,5294,5196,10490
1754,20200514,우이신설선,솔샘,5415,5019,10434
1755,20200515,우이신설선,북한산우이,1884,1669,3553
1756,20200515,우이신설선,솔밭공원,2003,1921,3924
1757,20200515,우이신설선,4.19민주묘지,2368,2362,4730
1758,20200515,우이신설선,가오리,3529,3410,6939
1759,20200515,우이신설선,화계,2851,2698,5549
1760,20200515,우이신설선,삼양,1973,2109,4082
1761,20200515,우이신설선,삼양사거리,2049,2121,4170
1762,20200515,우이신설선,솔샘,5268,4761,10029
1763,20200515,우이신설선,북한산보국문,5236,4877,10113
1764,20200515,우이신설선,정릉,3997,3720,7717
1765,20200515,우이신설선,성신여대입구(돈암),2799,3267,6066
1766,20200515,우이신설선,보문,1371,1417,2788
1767,20200515,우이신설선,신설동,1912,1963,3875
1768,20200516,우이신설선,신설동,1027,1384,2411
1769,20200516,우이신설선,보문,957,1218,2175
1770,20200516,우이신설선,성신여대입구(돈암),1968,2517,4485
1771,20200516,우이신설선,정릉,2729,2482,5211
1772,20200516,우이신설선,북한산보국문,3847,3488,7335
1773,20200516,우이신설선,솔샘,2940,2428,5368
1774,20200516,우이신설선,삼양사거리,1584,1456,3040
1775,20200516,우이신설선,삼양,1481,1558,3039
1776,20200516,우이신설선,화계,1939,1653,3592
1777,20200516,우이신설선,가오리,2489,1990,4479
1778,20200516,우이신설선,4.19민주묘지,1903,1612,3515
1779,20200516,우이신설선,솔밭공원,1536,1295,2831
1780,20200516,우이신설선,북한산우이,2408,2637,5045
1781,20200517,우이신설선,신설동,1033,1031,2064
1782,20200517,우이신설선,보문,868,897,1765
1783,20200517,우이신설선,성신여대입구(돈암),1897,2182,4079
1784,20200517,우이신설선,정릉,2401,2038,4439
1785,20200517,우이신설선,북한산보국문,3164,2933,6097
1786,20200517,우이신설선,솔샘,2353,2240,4593
1787,20200517,우이신설선,삼양사거리,1347,1381,2728
1788,20200517,우이신설선,삼양,1113,1147,2260
1789,20200517,우이신설선,화계,1830,1623,3453
1790,20200517,우이신설선,가오리,2087,1844,3931
1791,20200517,우이신설선,4.19민주묘지,1700,1488,3188
1792,20200517,우이신설선,솔밭공원,1295,1243,2538
1793,20200517,우이신설선,북한산우이,3107,3342,6449
1794,20200518,우이신설선,북한산우이,2101,1949,4050
1795,20200518,우이신설선,솔밭공원,2112,2071,4183
1796,20200518,우이신설선,4.19민주묘지,2457,2466,4923
1797,20200518,우이신설선,가오리,3563,3658,7221
1798,20200518,우이신설선,화계,2858,2753,5611
1799,20200518,우이신설선,삼양,2086,2225,4311
1800,20200518,우이신설선,삼양사거리,2189,2296,4485
1801,20200518,우이신설선,솔샘,5146,4974,10120
1802,20200518,우이신설선,북한산보국문,4994,4980,9974
1803,20200518,우이신설선,정릉,3973,3826,7799
1804,20200518,우이신설선,성신여대입구(돈암),2734,3125,5859
1805,20200518,우이신설선,보문,1390,1417,2807
1806,20200518,우이신설선,신설동,1957,1996,3953
1807,20200519,우이신설선,북한산우이,2154,1914,4068
1808,20200519,우이신설선,솔밭공원,2117,2035,4152
1809,20200519,우이신설선,4.19민주묘지,2534,2558,5092
1810,20200519,우이신설선,가오리,3639,3559,7198
1811,20200519,우이신설선,화계,2898,2701,5599
1812,20200519,우이신설선,삼양,1970,2103,4073
1813,20200519,우이신설선,삼양사거리,2158,2226,4384
1814,20200519,우이신설선,솔샘,5173,4868,10041
1815,20200519,우이신설선,북한산보국문,4999,4896,9895
1816,20200519,우이신설선,정릉,3949,3715,7664
1817,20200519,우이신설선,성신여대입구(돈암),2728,3180,5908
1818,20200519,우이신설선,보문,1356,1380,2736
1819,20200519,우이신설선,신설동,1980,1947,3927
1820,20200520,우이신설선,신설동,2135,2109,4244
1821,20200520,우이신설선,보문,1437,1470,2907
1822,20200520,우이신설선,성신여대입구(돈암),2911,3399,6310
1823,20200520,우이신설선,정릉,4328,4004,8332
1824,20200520,우이신설선,북한산보국문,5610,5359,10969
1825,20200520,우이신설선,솔샘,5524,5116,10640
1826,20200520,우이신설선,삼양사거리,2423,2504,4927
1827,20200520,우이신설선,삼양,2076,2187,4263
1828,20200520,우이신설선,화계,3213,2965,6178
1829,20200520,우이신설선,가오리,3911,3920,7831
1830,20200520,우이신설선,4.19민주묘지,2821,2760,5581
1831,20200520,우이신설선,솔밭공원,2238,2141,4379
1832,20200520,우이신설선,북한산우이,2539,2360,4899
1833,20200521,우이신설선,신설동,2147,2087,4234
1834,20200521,우이신설선,보문,1430,1435,2865
1835,20200521,우이신설선,성신여대입구(돈암),2962,3483,6445
1836,20200521,우이신설선,정릉,4246,4025,8271
1837,20200521,우이신설선,북한산보국문,5526,5273,10799
1838,20200521,우이신설선,솔샘,5599,5052,10651
1839,20200521,우이신설선,삼양사거리,2351,2398,4749
1840,20200521,우이신설선,삼양,2068,2210,4278
1841,20200521,우이신설선,화계,3057,2894,5951
1842,20200521,우이신설선,가오리,3779,3763,7542
1843,20200521,우이신설선,4.19민주묘지,2862,2727,5589
1844,20200521,우이신설선,솔밭공원,2368,2226,4594
1845,20200521,우이신설선,북한산우이,2654,2473,5127
1846,20200522,우이신설선,북한산우이,2551,2368,4919
1847,20200522,우이신설선,솔밭공원,2241,2138,4379
1848,20200522,우이신설선,4.19민주묘지,2798,2705,5503
1849,20200522,우이신설선,가오리,3929,3674,7603
1850,20200522,우이신설선,화계,3128,2794,5922
1851,20200522,우이신설선,삼양,2056,2219,4275
1852,20200522,우이신설선,삼양사거리,2349,2305,4654
1853,20200522,우이신설선,솔샘,5565,5013,10578
1854,20200522,우이신설선,북한산보국문,5736,5316,11052
1855,20200522,우이신설선,정릉,4311,3985,8296
1856,20200522,우이신설선,성신여대입구(돈암),3056,3530,6586
1857,20200522,우이신설선,보문,1431,1442,2873
1858,20200522,우이신설선,신설동,2094,2121,4215
1859,20200523,우이신설선,북한산우이,3896,4012,7908
1860,20200523,우이신설선,솔밭공원,1699,1606,3305
1861,20200523,우이신설선,4.19민주묘지,2265,2140,4405
1862,20200523,우이신설선,가오리,2775,2560,5335
1863,20200523,우이신설선,화계,2312,2043,4355
1864,20200523,우이신설선,삼양,1623,1654,3277
1865,20200523,우이신설선,삼양사거리,1861,1815,3676
1866,20200523,우이신설선,솔샘,3579,3252,6831
1867,20200523,우이신설선,북한산보국문,4468,3976,8444
1868,20200523,우이신설선,정릉,3456,2868,6324
1869,20200523,우이신설선,성신여대입구(돈암),2540,2964,5504
1870,20200523,우이신설선,보문,1148,1093,2241
1871,20200523,우이신설선,신설동,1391,1429,2820
1872,20200524,우이신설선,신설동,933,890,1823
1873,20200524,우이신설선,보문,853,841,1694
1874,20200524,우이신설선,성신여대입구(돈암),1708,2086,3794
1875,20200524,우이신설선,정릉,2317,1851,4168
1876,20200524,우이신설선,북한산보국문,3199,2798,5997
1877,20200524,우이신설선,북한산우이,2290,2443,4733
1878,20200524,우이신설선,솔밭공원,1222,1153,2375
1879,20200524,우이신설선,4.19민주묘지,1582,1435,3017
1880,20200524,우이신설선,가오리,1894,1758,3652
1881,20200524,우이신설선,화계,1737,1554,3291
1882,20200524,우이신설선,삼양,1017,1050,2067
1883,20200524,우이신설선,삼양사거리,1297,1321,2618
1884,20200524,우이신설선,솔샘,2387,2262,4649
1885,20200525,우이신설선,신설동,2225,2211,4436
1886,20200525,우이신설선,보문,1441,1464,2905
1887,20200525,우이신설선,성신여대입구(돈암),2967,3311,6278
1888,20200525,우이신설선,정릉,4216,4020,8236
1889,20200525,우이신설선,북한산보국문,5438,5310,10748
1890,20200525,우이신설선,솔샘,5491,5143,10634
1891,20200525,우이신설선,삼양사거리,2375,2397,4772
1892,20200525,우이신설선,삼양,2079,2215,4294
1893,20200525,우이신설선,화계,3134,2972,6106
1894,20200525,우이신설선,가오리,3879,3795,7674
1895,20200525,우이신설선,4.19민주묘지,2781,2706,5487
1896,20200525,우이신설선,솔밭공원,2262,2190,4452
1897,20200525,우이신설선,북한산우이,2576,2380,4956
1898,20200526,우이신설선,신설동,2093,2051,4144
1899,20200526,우이신설선,보문,1405,1479,2884
1900,20200526,우이신설선,성신여대입구(돈암),2955,3270,6225
1901,20200526,우이신설선,정릉,4200,3977,8177
1902,20200526,우이신설선,북한산보국문,5410,5305,10715
1903,20200526,우이신설선,솔샘,5517,5156,10673
1904,20200526,우이신설선,삼양사거리,2342,2411,4753
1905,20200526,우이신설선,삼양,2048,2223,4271
1906,20200526,우이신설선,화계,3097,2911,6008
1907,20200526,우이신설선,가오리,3815,3939,7754
1908,20200526,우이신설선,4.19민주묘지,2787,2755,5542
1909,20200526,우이신설선,솔밭공원,2252,2256,4508
1910,20200526,우이신설선,북한산우이,2424,2184,4608
1911,20200527,우이신설선,삼양사거리,2400,2401,4801
1912,20200527,우이신설선,삼양,2136,2276,4412
1913,20200527,우이신설선,화계,3315,3031,6346
1914,20200527,우이신설선,가오리,3900,3895,7795
1915,20200527,우이신설선,4.19민주묘지,2889,2682,5571
1916,20200527,우이신설선,솔밭공원,2398,2371,4769
1917,20200527,우이신설선,북한산우이,2680,2531,5211
1918,20200527,우이신설선,신설동,2232,2270,4502
1919,20200527,우이신설선,보문,1442,1467,2909
1920,20200527,우이신설선,성신여대입구(돈암),2986,3389,6375
1921,20200527,우이신설선,정릉,4336,4049,8385
1922,20200527,우이신설선,북한산보국문,5636,5375,11011
1923,20200527,우이신설선,솔샘,5612,5227,10839
1924,20200528,우이신설선,신설동,2190,2173,4363
1925,20200528,우이신설선,보문,1482,1443,2925
1926,20200528,우이신설선,성신여대입구(돈암),2901,3379,6280
1927,20200528,우이신설선,정릉,4244,3968,8212
1928,20200528,우이신설선,북한산보국문,5611,5236,10847
1929,20200528,우이신설선,솔샘,5556,5238,10794
1930,20200528,우이신설선,삼양사거리,2299,2360,4659
1931,20200528,우이신설선,삼양,2165,2277,4442
1932,20200528,우이신설선,화계,3180,2934,6114
1933,20200528,우이신설선,가오리,3860,3791,7651
1934,20200528,우이신설선,4.19민주묘지,2817,2713,5530
1935,20200528,우이신설선,솔밭공원,2297,2201,4498
1936,20200528,우이신설선,북한산우이,2508,2252,4760
1937,20200529,우이신설선,북한산우이,2690,2462,5152
1938,20200529,우이신설선,솔밭공원,2345,2185,4530
1939,20200529,우이신설선,4.19민주묘지,2811,2673,5484
1940,20200529,우이신설선,가오리,3903,3741,7644
1941,20200529,우이신설선,화계,3227,2925,6152
1942,20200529,우이신설선,삼양,2123,2211,4334
1943,20200529,우이신설선,삼양사거리,2345,2384,4729
1944,20200529,우이신설선,솔샘,5555,4967,10522
1945,20200529,우이신설선,북한산보국문,5723,5430,11153
1946,20200529,우이신설선,정릉,4406,4031,8437
1947,20200529,우이신설선,성신여대입구(돈암),3066,3570,6636
1948,20200529,우이신설선,보문,1480,1485,2965
1949,20200529,우이신설선,신설동,2130,2199,4329
1950,20200530,우이신설선,북한산우이,4174,4280,8454
1951,20200530,우이신설선,솔밭공원,1639,1564,3203
1952,20200530,우이신설선,4.19민주묘지,2212,2045,4257
1953,20200530,우이신설선,가오리,2710,2370,5080
1954,20200530,우이신설선,화계,2465,2273,4738
1955,20200530,우이신설선,삼양,1536,1596,3132
1956,20200530,우이신설선,삼양사거리,1793,1763,3556
1957,20200530,우이신설선,솔샘,3392,3028,6420
1958,20200530,우이신설선,북한산보국문,4340,3902,8242
1959,20200530,우이신설선,정릉,3277,2775,6052
1960,20200530,우이신설선,성신여대입구(돈암),2396,2837,5233
1961,20200530,우이신설선,보문,1111,1155,2266
1962,20200530,우이신설선,신설동,1399,1298,2697
1963,20200531,우이신설선,신설동,1031,1037,2068
1964,20200531,우이신설선,보문,857,932,1789
1965,20200531,우이신설선,성신여대입구(돈암),1776,2231,4007
1966,20200531,우이신설선,정릉,2399,2043,4442
1967,20200531,우이신설선,북한산보국문,3323,2914,6237
1968,20200531,우이신설선,솔샘,2334,2209,4543
1969,20200531,우이신설선,삼양사거리,1321,1345,2666
1970,20200531,우이신설선,삼양,1115,1106,2221
1971,20200531,우이신설선,화계,1798,1655,3453
1972,20200531,우이신설선,가오리,1991,1847,3838
1973,20200531,우이신설선,4.19민주묘지,1861,1564,3425
1974,20200531,우이신설선,솔밭공원,1271,1170,2441
1975,20200531,우이신설선,북한산우이,3067,3234,6301
1976,20200601,우이신설선,신설동,2185,2154,4339
1977,20200601,우이신설선,보문,1451,1431,2882
1978,20200601,우이신설선,성신여대입구(돈암),2917,3257,6174
1979,20200601,우이신설선,정릉,4229,4026,8255
1980,20200601,우이신설선,북한산보국문,5439,5373,10812
1981,20200601,우이신설선,솔샘,5549,5251,10800
1982,20200601,우이신설선,삼양사거리,2358,2370,4728
1983,20200601,우이신설선,삼양,2023,2178,4201
1984,20200601,우이신설선,화계,3172,2948,6120
1985,20200601,우이신설선,가오리,3810,3777,7587
1986,20200601,우이신설선,4.19민주묘지,2658,2619,5277
1987,20200601,우이신설선,솔밭공원,2215,2200,4415
1988,20200601,우이신설선,북한산우이,2464,2202,4666
1989,20200602,우이신설선,신설동,2165,2123,4288
1990,20200602,우이신설선,보문,1383,1438,2821
1991,20200602,우이신설선,성신여대입구(돈암),2835,3120,5955
1992,20200602,우이신설선,정릉,4016,3795,7811
1993,20200602,우이신설선,북한산보국문,5316,5155,10471
1994,20200602,우이신설선,솔샘,5289,5039,10328
1995,20200602,우이신설선,삼양사거리,2233,2290,4523
1996,20200602,우이신설선,삼양,1930,2084,4014
1997,20200602,우이신설선,화계,2934,2832,5766
1998,20200602,우이신설선,가오리,3611,3660,7271
1999,20200602,우이신설선,4.19민주묘지,2548,2487,5035
2000,20200602,우이신설선,솔밭공원,2241,2179,4420
2001,20200602,우이신설선,북한산우이,2148,1983,4131
2002,20200603,우이신설선,신설동,2153,2167,4320
2003,20200603,우이신설선,성신여대입구(돈암),3034,3330,6364
2004,20200603,우이신설선,정릉,4234,4032,8266
2005,20200603,우이신설선,북한산보국문,5554,5396,10950
2006,20200603,우이신설선,솔샘,5650,5278,10928
2007,20200603,우이신설선,삼양사거리,2360,2328,4688
2008,20200603,우이신설선,삼양,1965,2074,4039
2009,20200603,우이신설선,화계,3210,3015,6225
2010,20200603,우이신설선,가오리,3824,3814,7638
2011,20200603,우이신설선,4.19민주묘지,2683,2684,5367
2012,20200603,우이신설선,솔밭공원,2291,2255,4546
2013,20200603,우이신설선,북한산우이,2471,2217,4688
2014,20200603,우이신설선,보문,1427,1449,2876
2015,20200604,우이신설선,북한산우이,2425,2306,4731
2016,20200604,우이신설선,솔밭공원,2356,2183,4539
2017,20200604,우이신설선,4.19민주묘지,2705,2583,5288
2018,20200604,우이신설선,가오리,3849,3832,7681
2019,20200604,우이신설선,화계,3099,2804,5903
2020,20200604,우이신설선,삼양,1989,2156,4145
2021,20200604,우이신설선,삼양사거리,2348,2357,4705
2022,20200604,우이신설선,솔샘,5522,5077,10599
2023,20200604,우이신설선,북한산보국문,5499,5207,10706
2024,20200604,우이신설선,정릉,4208,3958,8166
2025,20200604,우이신설선,성신여대입구(돈암),2907,3247,6154
2026,20200604,우이신설선,보문,1436,1469,2905
2027,20200604,우이신설선,신설동,2121,2161,4282
2028,20200605,우이신설선,삼양,2043,2168,4211
2029,20200605,우이신설선,화계,3051,2866,5917
2030,20200605,우이신설선,가오리,3914,3700,7614
2031,20200605,우이신설선,4.19민주묘지,2766,2597,5363
2032,20200605,우이신설선,솔밭공원,2293,2184,4477
2033,20200605,우이신설선,북한산우이,2534,2248,4782
2034,20200605,우이신설선,신설동,2122,2184,4306
2035,20200605,우이신설선,보문,1487,1537,3024
2036,20200605,우이신설선,성신여대입구(돈암),3053,3560,6613
2037,20200605,우이신설선,정릉,4270,3910,8180
2038,20200605,우이신설선,북한산보국문,5642,5267,10909
2039,20200605,우이신설선,솔샘,5674,5077,10751
2040,20200605,우이신설선,삼양사거리,2370,2236,4606
2041,20200606,우이신설선,신설동,1149,1139,2288
2042,20200606,우이신설선,보문,1013,963,1976
2043,20200606,우이신설선,성신여대입구(돈암),2167,2746,4913
2044,20200606,우이신설선,정릉,3073,2412,5485
2045,20200606,우이신설선,북한산보국문,3949,3466,7415
2046,20200606,우이신설선,솔샘,3113,2670,5783
2047,20200606,우이신설선,삼양사거리,1568,1592,3160
2048,20200606,우이신설선,삼양,1384,1428,2812
2049,20200606,우이신설선,화계,2172,1880,4052
2050,20200606,우이신설선,가오리,2482,2269,4751
2051,20200606,우이신설선,4.19민주묘지,2070,1826,3896
2052,20200606,우이신설선,솔밭공원,1536,1494,3030
2053,20200606,우이신설선,북한산우이,3394,3468,6862
2054,20200607,우이신설선,신설동,1009,1012,2021
2055,20200607,우이신설선,보문,877,923,1800
2056,20200607,우이신설선,성신여대입구(돈암),1786,2144,3930
2057,20200607,우이신설선,정릉,2376,2112,4488
2058,20200607,우이신설선,북한산보국문,4068,3491,7559
2059,20200607,우이신설선,솔샘,2401,2307,4708
2060,20200607,우이신설선,삼양사거리,1330,1290,2620
2061,20200607,우이신설선,삼양,1049,1102,2151
2062,20200607,우이신설선,화계,1747,1591,3338
2063,20200607,우이신설선,가오리,2026,1880,3906
2064,20200607,우이신설선,4.19민주묘지,1706,1536,3242
2065,20200607,우이신설선,솔밭공원,1308,1214,2522
2066,20200607,우이신설선,북한산우이,2798,2850,5648
2067,20200608,우이신설선,신설동,2180,2160,4340
2068,20200608,우이신설선,보문,1415,1400,2815
2069,20200608,우이신설선,성신여대입구(돈암),2772,3173,5945
2070,20200608,우이신설선,정릉,4096,3872,7968
2071,20200608,우이신설선,북한산보국문,5386,5248,10634
2072,20200608,우이신설선,솔샘,5486,5246,10732
2073,20200608,우이신설선,삼양사거리,2311,2387,4698
2074,20200608,우이신설선,삼양,1884,2015,3899
2075,20200608,우이신설선,화계,3184,2960,6144
2076,20200608,우이신설선,가오리,3883,3773,7656
2077,20200608,우이신설선,4.19민주묘지,2623,2622,5245
2078,20200608,우이신설선,솔밭공원,2280,2243,4523
2079,20200608,우이신설선,북한산우이,2408,2233,4641
2080,20200609,우이신설선,신설동,2120,2140,4260
2081,20200609,우이신설선,보문,1458,1542,3000
2082,20200609,우이신설선,성신여대입구(돈암),2795,3210,6005
2083,20200609,우이신설선,정릉,4158,3862,8020
2084,20200609,우이신설선,북한산보국문,5359,5174,10533
2085,20200609,우이신설선,솔샘,5501,5169,10670
2086,20200609,우이신설선,삼양사거리,2265,2300,4565
2087,20200609,우이신설선,삼양,1888,1963,3851
2088,20200609,우이신설선,화계,3143,2930,6073
2089,20200609,우이신설선,가오리,3810,3736,7546
2090,20200609,우이신설선,4.19민주묘지,2634,2669,5303
2091,20200609,우이신설선,솔밭공원,2273,2253,4526
2092,20200609,우이신설선,북한산우이,2542,2237,4779
2093,20200610,우이신설선,북한산우이,2468,2290,4758
2094,20200610,우이신설선,솔밭공원,2281,2293,4574
2095,20200610,우이신설선,4.19민주묘지,2611,2542,5153
2096,20200610,우이신설선,가오리,3911,3984,7895
2097,20200610,우이신설선,화계,3101,2927,6028
2098,20200610,우이신설선,삼양,1871,2040,3911
2099,20200610,우이신설선,삼양사거리,2262,2371,4633
2100,20200610,우이신설선,솔샘,5596,5251,10847
2101,20200610,우이신설선,북한산보국문,5453,5301,10754
2102,20200610,우이신설선,정릉,4058,3857,7915
2103,20200610,우이신설선,성신여대입구(돈암),2854,3186,6040
2104,20200610,우이신설선,보문,1504,1536,3040
2105,20200610,우이신설선,신설동,2128,2121,4249
2106,20200611,우이신설선,신설동,2201,2185,4386
2107,20200611,우이신설선,보문,1437,1468,2905
2108,20200611,우이신설선,성신여대입구(돈암),2921,3356,6277
2109,20200611,우이신설선,정릉,4119,3800,7919
2110,20200611,우이신설선,북한산보국문,5502,5233,10735
2111,20200611,우이신설선,솔샘,5515,5041,10556
2112,20200611,우이신설선,삼양사거리,2295,2326,4621
2113,20200611,우이신설선,삼양,1891,2023,3914
2114,20200611,우이신설선,화계,3086,2831,5917
2115,20200611,우이신설선,가오리,3866,3817,7683
2116,20200611,우이신설선,4.19민주묘지,2580,2508,5088
2117,20200611,우이신설선,솔밭공원,2201,2169,4370
2118,20200611,우이신설선,북한산우이,2433,2265,4698
2119,20200612,우이신설선,신설동,2152,2211,4363
2120,20200612,우이신설선,보문,1440,1508,2948
2121,20200612,우이신설선,성신여대입구(돈암),2980,3493,6473
2122,20200612,우이신설선,정릉,4250,3964,8214
2123,20200612,우이신설선,북한산보국문,5707,5228,10935
2124,20200612,우이신설선,솔샘,5573,5036,10609
2125,20200612,우이신설선,삼양사거리,2353,2338,4691
2126,20200612,우이신설선,삼양,1977,2050,4027
2127,20200612,우이신설선,화계,3169,2839,6008
2128,20200612,우이신설선,가오리,3953,3838,7791
2129,20200612,우이신설선,4.19민주묘지,2735,2492,5227
2130,20200612,우이신설선,솔밭공원,2290,2115,4405
2131,20200612,우이신설선,북한산우이,2551,2334,4885
2132,20200613,우이신설선,북한산우이,2866,2887,5753
2133,20200613,우이신설선,솔밭공원,1578,1560,3138
2134,20200613,우이신설선,4.19민주묘지,1944,1843,3787
2135,20200613,우이신설선,가오리,2579,2309,4888
2136,20200613,우이신설선,화계,2116,1937,4053
2137,20200613,우이신설선,삼양,1384,1384,2768
2138,20200613,우이신설선,삼양사거리,1723,1738,3461
2139,20200613,우이신설선,솔샘,3401,2980,6381
2140,20200613,우이신설선,북한산보국문,4056,3624,7680
2141,20200613,우이신설선,정릉,3062,2543,5605
2142,20200613,우이신설선,성신여대입구(돈암),2293,2777,5070
2143,20200613,우이신설선,보문,995,993,1988
2144,20200613,우이신설선,신설동,1218,1177,2395
2145,20200614,우이신설선,신설동,953,924,1877
2146,20200614,우이신설선,보문,901,901,1802
2147,20200614,우이신설선,성신여대입구(돈암),1800,2234,4034
2148,20200614,우이신설선,정릉,2452,2107,4559
2149,20200614,우이신설선,북한산보국문,4087,3674,7761
2150,20200614,우이신설선,솔샘,2437,2264,4701
2151,20200614,우이신설선,삼양사거리,1346,1308,2654
2152,20200614,우이신설선,삼양,1013,1041,2054
2153,20200614,우이신설선,화계,1680,1575,3255
2154,20200614,우이신설선,가오리,1943,1863,3806
2155,20200614,우이신설선,4.19민주묘지,1693,1425,3118
2156,20200614,우이신설선,솔밭공원,1259,1197,2456
2157,20200614,우이신설선,북한산우이,2814,3081,5895
2158,20200615,우이신설선,신설동,2208,2149,4357
2159,20200615,우이신설선,보문,1464,1454,2918
2160,20200615,우이신설선,성신여대입구(돈암),2850,3202,6052
2161,20200615,우이신설선,정릉,4148,3964,8112
2162,20200615,우이신설선,북한산보국문,5432,5303,10735
2163,20200615,우이신설선,솔샘,5581,5270,10851
2164,20200615,우이신설선,삼양사거리,2291,2301,4592
2165,20200615,우이신설선,삼양,1977,2122,4099
2166,20200615,우이신설선,화계,3028,2898,5926
2167,20200615,우이신설선,가오리,3897,3876,7773
2168,20200615,우이신설선,4.19민주묘지,2517,2506,5023
2169,20200615,우이신설선,솔밭공원,2273,2190,4463
2170,20200615,우이신설선,북한산우이,2565,2292,4857
2171,20200616,우이신설선,북한산우이,2470,2341,4811
2172,20200616,우이신설선,솔밭공원,2294,2237,4531
2173,20200616,우이신설선,4.19민주묘지,2737,2537,5274
2174,20200616,우이신설선,가오리,3890,3830,7720
2175,20200616,우이신설선,화계,3142,2929,6071
2176,20200616,우이신설선,삼양,1879,2030,3909
2177,20200616,우이신설선,삼양사거리,2335,2408,4743
2178,20200616,우이신설선,솔샘,5585,5229,10814
2179,20200616,우이신설선,북한산보국문,5456,5260,10716
2180,20200616,우이신설선,정릉,4172,3964,8136
2181,20200616,우이신설선,신설동,2156,2150,4306
2182,20200616,우이신설선,보문,1480,1451,2931
2183,20200616,우이신설선,성신여대입구(돈암),2911,3258,6169
2184,20200617,우이신설선,신설동,2191,2178,4369
2185,20200617,우이신설선,보문,1445,1447,2892
2186,20200617,우이신설선,성신여대입구(돈암),2907,3228,6135
2187,20200617,우이신설선,정릉,4205,3958,8163
2188,20200617,우이신설선,북한산보국문,5475,5184,10659
2189,20200617,우이신설선,솔샘,5661,5279,10940
2190,20200617,우이신설선,삼양사거리,2283,2340,4623
2191,20200617,우이신설선,삼양,1921,2029,3950
2192,20200617,우이신설선,화계,3181,2922,6103
2193,20200617,우이신설선,가오리,3854,3825,7679
2194,20200617,우이신설선,4.19민주묘지,2741,2563,5304
2195,20200617,우이신설선,솔밭공원,2251,2245,4496
2196,20200617,우이신설선,북한산우이,2483,2250,4733
2197,20200618,우이신설선,북한산우이,2500,2360,4860
2198,20200618,우이신설선,솔밭공원,2312,2293,4605
2199,20200618,우이신설선,4.19민주묘지,2679,2588,5267
2200,20200618,우이신설선,가오리,3909,3772,7681
2201,20200618,우이신설선,화계,3150,2887,6037
2202,20200618,우이신설선,삼양,1870,2014,3884
2203,20200618,우이신설선,삼양사거리,2337,2285,4622
2204,20200618,우이신설선,솔샘,5609,5105,10714
2205,20200618,우이신설선,북한산보국문,5478,5239,10717
2206,20200618,우이신설선,정릉,4186,4011,8197
2207,20200618,우이신설선,성신여대입구(돈암),2847,3229,6076
2208,20200618,우이신설선,보문,1417,1461,2878
2209,20200618,우이신설선,신설동,2187,2176,4363
2210,20200619,우이신설선,북한산우이,2519,2304,4823
2211,20200619,우이신설선,솔밭공원,2380,2323,4703
2212,20200619,우이신설선,4.19민주묘지,2760,2643,5403
2213,20200619,우이신설선,가오리,3974,3731,7705
2214,20200619,우이신설선,화계,3200,2881,6081
2215,20200619,우이신설선,삼양,1952,2058,4010
2216,20200619,우이신설선,삼양사거리,2432,2392,4824
2217,20200619,우이신설선,솔샘,5670,5144,10814
2218,20200619,우이신설선,북한산보국문,5625,5192,10817
2219,20200619,우이신설선,정릉,4331,3966,8297
2220,20200619,우이신설선,성신여대입구(돈암),2988,3467,6455
2221,20200619,우이신설선,보문,1453,1428,2881
2222,20200619,우이신설선,신설동,2195,2193,4388
2223,20200620,우이신설선,북한산우이,3225,3433,6658
2224,20200620,우이신설선,솔밭공원,1721,1583,3304
2225,20200620,우이신설선,4.19민주묘지,2121,1867,3988
2226,20200620,우이신설선,가오리,2692,2472,5164
2227,20200620,우이신설선,화계,2160,1974,4134
2228,20200620,우이신설선,삼양,1446,1510,2956
2229,20200620,우이신설선,삼양사거리,1744,1821,3565
2230,20200620,우이신설선,솔샘,3378,2977,6355
2231,20200620,우이신설선,북한산보국문,4158,3716,7874
2232,20200620,우이신설선,정릉,3082,2522,5604
2233,20200620,우이신설선,성신여대입구(돈암),2415,2922,5337
2234,20200620,우이신설선,보문,1073,954,2027
2235,20200620,우이신설선,신설동,1250,1181,2431
2236,20200621,우이신설선,신설동,1036,1009,2045
2237,20200621,우이신설선,북한산우이,3555,3803,7358
2238,20200621,우이신설선,솔밭공원,1218,1212,2430
2239,20200621,우이신설선,4.19민주묘지,1771,1500,3271
2240,20200621,우이신설선,가오리,2092,1872,3964
2241,20200621,우이신설선,화계,1658,1668,3326
2242,20200621,우이신설선,삼양,1085,1152,2237
2243,20200621,우이신설선,삼양사거리,1403,1336,2739
2244,20200621,우이신설선,솔샘,2507,2303,4810
2245,20200621,우이신설선,북한산보국문,3900,3360,7260
2246,20200621,우이신설선,정릉,2497,2048,4545
2247,20200621,우이신설선,성신여대입구(돈암),1811,2219,4030
2248,20200621,우이신설선,보문,869,886,1755
2249,20200622,우이신설선,신설동,2081,2103,4184
2250,20200622,우이신설선,보문,1433,1434,2867
2251,20200622,우이신설선,성신여대입구(돈암),2759,3017,5776
2252,20200622,우이신설선,정릉,4037,3861,7898
2253,20200622,우이신설선,북한산보국문,5269,5182,10451
2254,20200622,우이신설선,솔샘,5385,5184,10569
2255,20200622,우이신설선,삼양사거리,2341,2372,4713
2256,20200622,우이신설선,삼양,1917,2059,3976
2257,20200622,우이신설선,화계,3069,2845,5914
2258,20200622,우이신설선,가오리,3882,3863,7745
2259,20200622,우이신설선,4.19민주묘지,2582,2544,5126
2260,20200622,우이신설선,솔밭공원,2249,2151,4400
2261,20200622,우이신설선,북한산우이,2485,2285,4770
2262,20200623,우이신설선,신설동,2258,2159,4417
2263,20200623,우이신설선,보문,1370,1419,2789
2264,20200623,우이신설선,성신여대입구(돈암),2798,3135,5933
2265,20200623,우이신설선,정릉,4179,4020,8199
2266,20200623,우이신설선,북한산보국문,5340,5223,10563
2267,20200623,우이신설선,솔샘,5566,5264,10830
2268,20200623,우이신설선,삼양사거리,2335,2400,4735
2269,20200623,우이신설선,삼양,1891,2035,3926
2270,20200623,우이신설선,화계,3208,3009,6217
2271,20200623,우이신설선,가오리,3828,3899,7727
2272,20200623,우이신설선,4.19민주묘지,2802,2773,5575
2273,20200623,우이신설선,솔밭공원,2334,2335,4669
2274,20200623,우이신설선,북한산우이,2692,2493,5185
2275,20200624,우이신설선,북한산우이,2039,1728,3767
2276,20200624,우이신설선,솔밭공원,2032,1990,4022
2277,20200624,우이신설선,4.19민주묘지,2344,2325,4669
2278,20200624,우이신설선,가오리,3582,3686,7268
2279,20200624,우이신설선,화계,2910,2714,5624
2280,20200624,우이신설선,삼양,1752,1919,3671
2281,20200624,우이신설선,삼양사거리,2028,2186,4214
2282,20200624,우이신설선,솔샘,5398,5121,10519
2283,20200624,우이신설선,북한산보국문,5188,5165,10353
2284,20200624,우이신설선,정릉,3832,3726,7558
2285,20200624,우이신설선,성신여대입구(돈암),2718,3041,5759
2286,20200624,우이신설선,보문,1390,1436,2826
2287,20200624,우이신설선,신설동,2025,1999,4024
2288,20200625,우이신설선,신설동,2160,2100,4260
2289,20200625,우이신설선,보문,1441,1477,2918
2290,20200625,우이신설선,성신여대입구(돈암),2903,3258,6161
2291,20200625,우이신설선,정릉,4180,4009,8189
2292,20200625,우이신설선,북한산보국문,5365,5141,10506
2293,20200625,우이신설선,솔샘,5517,5008,10525
2294,20200625,우이신설선,삼양사거리,2190,2309,4499
2295,20200625,우이신설선,삼양,1885,2008,3893
2296,20200625,우이신설선,화계,3125,2828,5953
2297,20200625,우이신설선,가오리,3774,3723,7497
2298,20200625,우이신설선,4.19민주묘지,2577,2562,5139
2299,20200625,우이신설선,솔밭공원,2163,2107,4270
2300,20200625,우이신설선,북한산우이,2115,1843,3958
2301,20200626,우이신설선,신설동,2157,2218,4375
2302,20200626,우이신설선,보문,1462,1448,2910
2303,20200626,우이신설선,성신여대입구(돈암),3067,3665,6732
2304,20200626,우이신설선,정릉,4458,3977,8435
2305,20200626,우이신설선,북한산보국문,5877,5376,11253
2306,20200626,우이신설선,솔샘,5753,5126,10879
2307,20200626,우이신설선,삼양사거리,2387,2393,4780
2308,20200626,우이신설선,삼양,2017,2138,4155
2309,20200626,우이신설선,화계,3183,2945,6128
2310,20200626,우이신설선,가오리,4030,3781,7811
2311,20200626,우이신설선,4.19민주묘지,2906,2799,5705
2312,20200626,우이신설선,솔밭공원,2504,2327,4831
2313,20200626,우이신설선,북한산우이,2533,2268,4801
2314,20200627,우이신설선,북한산우이,3388,3635,7023
2315,20200627,우이신설선,솔밭공원,1788,1676,3464
2316,20200627,우이신설선,4.19민주묘지,2220,1918,4138
2317,20200627,우이신설선,가오리,2772,2574,5346
2318,20200627,우이신설선,화계,2330,2194,4524
2319,20200627,우이신설선,삼양,1500,1539,3039
2320,20200627,우이신설선,삼양사거리,1882,1792,3674
2321,20200627,우이신설선,솔샘,3541,3113,6654
2322,20200627,우이신설선,북한산보국문,4410,3764,8174
2323,20200627,우이신설선,정릉,3449,2653,6102
2324,20200627,우이신설선,성신여대입구(돈암),2407,3037,5444
2325,20200627,우이신설선,보문,1150,1116,2266
2326,20200627,우이신설선,신설동,1274,1222,2496
2327,20200628,우이신설선,신설동,946,1015,1961
2328,20200628,우이신설선,보문,930,936,1866
2329,20200628,우이신설선,성신여대입구(돈암),1973,2340,4313
2330,20200628,우이신설선,정릉,2438,2052,4490
2331,20200628,우이신설선,북한산보국문,3420,3010,6430
2332,20200628,우이신설선,솔샘,2417,2326,4743
2333,20200628,우이신설선,삼양사거리,1456,1426,2882
2334,20200628,우이신설선,삼양,1037,1081,2118
2335,20200628,우이신설선,화계,1810,1606,3416
2336,20200628,우이신설선,가오리,2116,1937,4053
2337,20200628,우이신설선,4.19민주묘지,1728,1539,3267
2338,20200628,우이신설선,솔밭공원,1275,1278,2553
2339,20200628,우이신설선,북한산우이,3104,3304,6408
2340,20200629,우이신설선,북한산우이,2387,2182,4569
2341,20200629,우이신설선,솔밭공원,2294,2271,4565
2342,20200629,우이신설선,4.19민주묘지,2598,2538,5136
2343,20200629,우이신설선,가오리,3786,3879,7665
2344,20200629,우이신설선,화계,3178,2909,6087
2345,20200629,우이신설선,삼양,1934,2148,4082
2346,20200629,우이신설선,삼양사거리,2344,2392,4736
2347,20200629,우이신설선,솔샘,5544,5292,10836
2348,20200629,우이신설선,북한산보국문,5450,5356,10806
2349,20200629,우이신설선,정릉,4127,4035,8162
2350,20200629,우이신설선,성신여대입구(돈암),2919,3210,6129
2351,20200629,우이신설선,보문,1401,1554,2955
2352,20200629,우이신설선,신설동,2170,2140,4310
2353,20200630,우이신설선,북한산우이,2044,1763,3807
2354,20200630,우이신설선,솔밭공원,2210,2132,4342
2355,20200630,우이신설선,4.19민주묘지,2579,2563,5142
2356,20200630,우이신설선,가오리,3794,3697,7491
2357,20200630,우이신설선,화계,3011,2681,5692
2358,20200630,우이신설선,삼양,1816,1994,3810
2359,20200630,우이신설선,삼양사거리,2287,2304,4591
2360,20200630,우이신설선,솔샘,5542,5127,10669
2361,20200630,우이신설선,북한산보국문,5493,5243,10736
2362,20200630,우이신설선,정릉,4082,3912,7994
2363,20200630,우이신설선,성신여대입구(돈암),2941,3337,6278
2364,20200630,우이신설선,보문,1387,1439,2826
2365,20200630,우이신설선,신설동,2150,2116,4266
2366,20200701,우이신설선,신설동,2269,2215,4484
2367,20200701,우이신설선,보문,1466,1474,2940
2368,20200701,우이신설선,성신여대입구(돈암),3093,3476,6569
2369,20200701,우이신설선,정릉,4289,4052,8341
2370,20200701,우이신설선,북한산보국문,5697,5423,11120
2371,20200701,우이신설선,솔샘,5714,5304,11018
2372,20200701,우이신설선,삼양사거리,2444,2415,4859
2373,20200701,우이신설선,삼양,1945,2154,4099
2374,20200701,우이신설선,화계,3296,3028,6324
2375,20200701,우이신설선,가오리,3868,3764,7632
2376,20200701,우이신설선,4.19민주묘지,2786,2663,5449
2377,20200701,우이신설선,솔밭공원,2369,2288,4657
2378,20200701,우이신설선,북한산우이,2579,2295,4874
2379,20200702,우이신설선,북한산우이,2620,2409,5029
2380,20200702,우이신설선,솔밭공원,2358,2294,4652
2381,20200702,우이신설선,4.19민주묘지,2760,2651,5411
2382,20200702,우이신설선,가오리,3929,3779,7708
2383,20200702,우이신설선,화계,3244,3005,6249
2384,20200702,우이신설선,삼양,1916,2102,4018
2385,20200702,우이신설선,삼양사거리,2347,2362,4709
2386,20200702,우이신설선,솔샘,5719,5185,10904
2387,20200702,우이신설선,북한산보국문,5706,5252,10958
2388,20200702,우이신설선,정릉,4320,4015,8335
2389,20200702,우이신설선,성신여대입구(돈암),3013,3472,6485
2390,20200702,우이신설선,보문,1473,1478,2951
2391,20200702,우이신설선,신설동,2246,2247,4493
2392,20200703,우이신설선,신설동,2229,2157,4386
2393,20200703,우이신설선,보문,1480,1503,2983
2394,20200703,우이신설선,성신여대입구(돈암),3036,3602,6638
2395,20200703,우이신설선,정릉,4436,3932,8368
2396,20200703,우이신설선,북한산보국문,5780,5347,11127
2397,20200703,우이신설선,솔샘,5736,5207,10943
2398,20200703,우이신설선,삼양사거리,2410,2430,4840
2399,20200703,우이신설선,삼양,2009,2093,4102
2400,20200703,우이신설선,화계,3399,3045,6444
2401,20200703,우이신설선,가오리,3896,3790,7686
2402,20200703,우이신설선,4.19민주묘지,2844,2631,5475
2403,20200703,우이신설선,솔밭공원,2323,2250,4573
2404,20200703,우이신설선,북한산우이,2640,2487,5127
2405,20200704,우이신설선,신설동,1282,1200,2482
2406,20200704,우이신설선,보문,1106,1051,2157
2407,20200704,우이신설선,성신여대입구(돈암),2429,2910,5339
2408,20200704,우이신설선,정릉,3358,2779,6137
2409,20200704,우이신설선,북한산보국문,4503,3821,8324
2410,20200704,우이신설선,솔샘,3584,3145,6729
2411,20200704,우이신설선,삼양사거리,1872,1818,3690
2412,20200704,우이신설선,삼양,1409,1450,2859
2413,20200704,우이신설선,화계,2283,2066,4349
2414,20200704,우이신설선,가오리,2723,2455,5178
2415,20200704,우이신설선,4.19민주묘지,2279,2007,4286
2416,20200704,우이신설선,솔밭공원,1719,1634,3353
2417,20200704,우이신설선,북한산우이,3488,3754,7242
2418,20200705,우이신설선,신설동,1147,1019,2166
2419,20200705,우이신설선,보문,905,915,1820
2420,20200705,우이신설선,성신여대입구(돈암),1809,2198,4007
2421,20200705,우이신설선,정릉,2474,2070,4544
2422,20200705,우이신설선,북한산보국문,3386,3151,6537
2423,20200705,우이신설선,솔샘,2559,2337,4896
2424,20200705,우이신설선,삼양사거리,1450,1358,2808
2425,20200705,우이신설선,삼양,1173,1197,2370
2426,20200705,우이신설선,화계,1798,1736,3534
2427,20200705,우이신설선,가오리,2090,1962,4052
2428,20200705,우이신설선,4.19민주묘지,1774,1609,3383
2429,20200705,우이신설선,솔밭공원,1218,1250,2468
2430,20200705,우이신설선,북한산우이,3010,3199,6209
2431,20200706,우이신설선,화계,3193,2946,6139
2432,20200706,우이신설선,삼양,1982,2135,4117
2433,20200706,우이신설선,삼양사거리,2401,2464,4865
2434,20200706,우이신설선,솔샘,5748,5455,11203
2435,20200706,우이신설선,북한산우이,2555,2376,4931
2436,20200706,우이신설선,솔밭공원,2393,2291,4684
2437,20200706,우이신설선,4.19민주묘지,2694,2628,5322
2438,20200706,우이신설선,가오리,3958,3814,7772
2439,20200706,우이신설선,북한산보국문,5574,5362,10936
2440,20200706,우이신설선,정릉,4324,4118,8442
2441,20200706,우이신설선,성신여대입구(돈암),2969,3352,6321
2442,20200706,우이신설선,보문,1447,1540,2987
2443,20200706,우이신설선,신설동,2191,2152,4343
2444,20200707,우이신설선,신설동,2235,2197,4432
2445,20200707,우이신설선,보문,1462,1485,2947
2446,20200707,우이신설선,성신여대입구(돈암),2953,3395,6348
2447,20200707,우이신설선,정릉,4277,4043,8320
2448,20200707,우이신설선,북한산보국문,5558,5327,10885
2449,20200707,우이신설선,솔샘,5705,5395,11100
2450,20200707,우이신설선,삼양사거리,2351,2408,4759
2451,20200707,우이신설선,삼양,1912,2062,3974
2452,20200707,우이신설선,화계,3267,2998,6265
2453,20200707,우이신설선,가오리,3959,3905,7864
2454,20200707,우이신설선,4.19민주묘지,2724,2665,5389
2455,20200707,우이신설선,솔밭공원,2381,2365,4746
2456,20200707,우이신설선,북한산우이,2526,2376,4902
2457,20200708,우이신설선,북한산우이,2706,2544,5250
2458,20200708,우이신설선,솔밭공원,2369,2243,4612
2459,20200708,우이신설선,4.19민주묘지,2762,2620,5382
2460,20200708,우이신설선,가오리,3972,3859,7831
2461,20200708,우이신설선,화계,3268,3004,6272
2462,20200708,우이신설선,삼양,1987,2111,4098
2463,20200708,우이신설선,삼양사거리,2358,2378,4736
2464,20200708,우이신설선,솔샘,5695,5261,10956
2465,20200708,우이신설선,북한산보국문,5792,5517,11309
2466,20200708,우이신설선,정릉,4294,3982,8276
2467,20200708,우이신설선,성신여대입구(돈암),3082,3360,6442
2468,20200708,우이신설선,보문,1454,1476,2930
2469,20200708,우이신설선,신설동,2213,2240,4453
2470,20200709,우이신설선,북한산우이,2612,2307,4919
2471,20200709,우이신설선,솔밭공원,2334,2336,4670
2472,20200709,우이신설선,4.19민주묘지,2699,2697,5396
2473,20200709,우이신설선,가오리,3977,3861,7838
2474,20200709,우이신설선,화계,3145,2871,6016
2475,20200709,우이신설선,삼양,1964,2094,4058
2476,20200709,우이신설선,삼양사거리,2400,2364,4764
2477,20200709,우이신설선,솔샘,5714,5276,10990
2478,20200709,우이신설선,북한산보국문,5627,5325,10952
2479,20200709,우이신설선,정릉,4230,3983,8213
2480,20200709,우이신설선,성신여대입구(돈암),3010,3316,6326
2481,20200709,우이신설선,보문,1426,1521,2947
2482,20200709,우이신설선,신설동,2253,2237,4490
2483,20200710,우이신설선,신설동,2134,2122,4256
2484,20200710,우이신설선,보문,1462,1457,2919
2485,20200710,우이신설선,성신여대입구(돈암),2999,3495,6494
2486,20200710,우이신설선,정릉,4357,3937,8294
2487,20200710,우이신설선,북한산보국문,5796,5348,11144
2488,20200710,우이신설선,솔샘,5642,5002,10644
2489,20200710,우이신설선,삼양사거리,2342,2401,4743
2490,20200710,우이신설선,삼양,1901,2014,3915
2491,20200710,우이신설선,화계,3192,2787,5979
2492,20200710,우이신설선,가오리,3932,3764,7696
2493,20200710,우이신설선,4.19민주묘지,2650,2464,5114
2494,20200710,우이신설선,솔밭공원,2342,2136,4478
2495,20200710,우이신설선,북한산우이,2274,2015,4289
2496,20200711,우이신설선,솔샘,3489,3043,6532
2497,20200711,우이신설선,북한산보국문,4444,3775,8219
2498,20200711,우이신설선,정릉,3278,2660,5938
2499,20200711,우이신설선,성신여대입구(돈암),2380,2892,5272
2500,20200711,우이신설선,보문,1067,1054,2121
2501,20200711,우이신설선,신설동,1251,1240,2491
2502,20200711,우이신설선,북한산우이,3343,3697,7040
2503,20200711,우이신설선,솔밭공원,1738,1703,3441
2504,20200711,우이신설선,4.19민주묘지,2260,1992,4252
2505,20200711,우이신설선,가오리,2716,2471,5187
2506,20200711,우이신설선,화계,2295,2055,4350
2507,20200711,우이신설선,삼양,1450,1491,2941
2508,20200711,우이신설선,삼양사거리,1843,1782,3625
2509,20200712,우이신설선,신설동,1026,1007,2033
2510,20200712,우이신설선,보문,880,940,1820
2511,20200712,우이신설선,성신여대입구(돈암),1880,2302,4182
2512,20200712,우이신설선,정릉,2393,2006,4399
2513,20200712,우이신설선,북한산보국문,3264,2966,6230
2514,20200712,우이신설선,솔샘,2522,2326,4848
2515,20200712,우이신설선,삼양사거리,1363,1301,2664
2516,20200712,우이신설선,삼양,1053,1049,2102
2517,20200712,우이신설선,화계,1801,1710,3511
2518,20200712,우이신설선,가오리,2004,1951,3955
2519,20200712,우이신설선,4.19민주묘지,1880,1678,3558
2520,20200712,우이신설선,솔밭공원,1235,1218,2453
2521,20200712,우이신설선,북한산우이,3115,3249,6364
2522,20200713,우이신설선,신설동,2050,2034,4084
2523,20200713,우이신설선,보문,1393,1428,2821
2524,20200713,우이신설선,성신여대입구(돈암),2816,3207,6023
2525,20200713,우이신설선,정릉,3951,3842,7793
2526,20200713,우이신설선,북한산보국문,5184,5112,10296
2527,20200713,우이신설선,솔샘,5412,5128,10540
2528,20200713,우이신설선,삼양사거리,2141,2194,4335
2529,20200713,우이신설선,삼양,1837,1976,3813
2530,20200713,우이신설선,화계,3010,2769,5779
2531,20200713,우이신설선,가오리,3615,3650,7265
2532,20200713,우이신설선,4.19민주묘지,2310,2360,4670
2533,20200713,우이신설선,솔밭공원,2091,1994,4085
2534,20200713,우이신설선,북한산우이,2002,1853,3855
2535,20200714,우이신설선,북한산우이,2592,2422,5014
2536,20200714,우이신설선,솔밭공원,2359,2254,4613
2537,20200714,우이신설선,4.19민주묘지,2704,2624,5328
2538,20200714,우이신설선,가오리,3915,3884,7799
2539,20200714,우이신설선,화계,3286,2951,6237
2540,20200714,우이신설선,삼양,1957,2114,4071
2541,20200714,우이신설선,삼양사거리,2436,2517,4953
2542,20200714,우이신설선,솔샘,5663,5197,10860
2543,20200714,우이신설선,북한산보국문,5607,5307,10914
2544,20200714,우이신설선,정릉,4340,3997,8337
2545,20200714,우이신설선,성신여대입구(돈암),3080,3458,6538
2546,20200714,우이신설선,보문,1484,1510,2994
2547,20200714,우이신설선,신설동,2197,2225,4422
2548,20200715,우이신설선,북한산우이,2843,2604,5447
2549,20200715,우이신설선,솔밭공원,2382,2350,4732
2550,20200715,우이신설선,4.19민주묘지,2878,2663,5541
2551,20200715,우이신설선,가오리,4054,3923,7977
2552,20200715,우이신설선,화계,3312,2997,6309
2553,20200715,우이신설선,삼양,2007,2165,4172
2554,20200715,우이신설선,삼양사거리,2421,2443,4864
2555,20200715,우이신설선,솔샘,5892,5364,11256
2556,20200715,우이신설선,북한산보국문,5739,5438,11177
2557,20200715,우이신설선,정릉,4503,4206,8709
2558,20200715,우이신설선,성신여대입구(돈암),3098,3573,6671
2559,20200715,우이신설선,보문,1500,1501,3001
2560,20200715,우이신설선,신설동,2294,2286,4580
2561,20200716,우이신설선,신설동,2294,2237,4531
2562,20200716,우이신설선,보문,1477,1489,2966
2563,20200716,우이신설선,성신여대입구(돈암),3173,3577,6750
2564,20200716,우이신설선,정릉,4368,4041,8409
2565,20200716,우이신설선,북한산보국문,5691,5417,11108
2566,20200716,우이신설선,솔샘,5750,5292,11042
2567,20200716,우이신설선,삼양사거리,2383,2449,4832
2568,20200716,우이신설선,삼양,2049,2133,4182
2569,20200716,우이신설선,화계,3315,3107,6422
2570,20200716,우이신설선,가오리,4013,3963,7976
2571,20200716,우이신설선,4.19민주묘지,2974,2761,5735
2572,20200716,우이신설선,솔밭공원,2429,2342,4771
2573,20200716,우이신설선,북한산우이,3046,2869,5915
2574,20200717,우이신설선,북한산우이,2716,2455,5171
2575,20200717,우이신설선,솔밭공원,2391,2211,4602
2576,20200717,우이신설선,4.19민주묘지,2829,2648,5477
2577,20200717,우이신설선,가오리,3990,3868,7858
2578,20200717,우이신설선,화계,3288,2899,6187
2579,20200717,우이신설선,삼양,1995,2115,4110
2580,20200717,우이신설선,삼양사거리,2368,2368,4736
2581,20200717,우이신설선,솔샘,5750,5065,10815
2582,20200717,우이신설선,북한산보국문,5805,5292,11097
2583,20200717,우이신설선,정릉,4361,3949,8310
2584,20200717,우이신설선,성신여대입구(돈암),3143,3674,6817
2585,20200717,우이신설선,보문,1543,1521,3064
2586,20200717,우이신설선,신설동,2191,2180,4371
2587,20200718,우이신설선,북한산우이,3480,4032,7512
2588,20200718,우이신설선,솔밭공원,1730,1605,3335
2589,20200718,우이신설선,4.19민주묘지,2285,1934,4219
2590,20200718,우이신설선,가오리,2742,2463,5205
2591,20200718,우이신설선,화계,2204,2014,4218
2592,20200718,우이신설선,삼양,1516,1557,3073
2593,20200718,우이신설선,삼양사거리,1812,1861,3673
2594,20200718,우이신설선,솔샘,3552,3018,6570
2595,20200718,우이신설선,북한산보국문,4321,3679,8000
2596,20200718,우이신설선,정릉,3304,2630,5934
2597,20200718,우이신설선,성신여대입구(돈암),2470,3005,5475
2598,20200718,우이신설선,보문,1089,1025,2114
2599,20200718,우이신설선,신설동,1362,1262,2624
2600,20200719,우이신설선,북한산우이,1767,1907,3674
2601,20200719,우이신설선,솔밭공원,1120,1053,2173
2602,20200719,우이신설선,4.19민주묘지,1421,1288,2709
2603,20200719,우이신설선,가오리,1745,1649,3394
2604,20200719,우이신설선,화계,1570,1424,2994
2605,20200719,우이신설선,삼양,974,974,1948
2606,20200719,우이신설선,삼양사거리,1188,1130,2318
2607,20200719,우이신설선,솔샘,2136,1977,4113
2608,20200719,우이신설선,북한산보국문,2721,2493,5214
2609,20200719,우이신설선,정릉,1973,1711,3684
2610,20200719,우이신설선,성신여대입구(돈암),1606,1952,3558
2611,20200719,우이신설선,보문,746,808,1554
2612,20200719,우이신설선,신설동,825,755,1580
2613,20200720,우이신설선,북한산우이,2206,1996,4202
2614,20200720,우이신설선,솔밭공원,2217,2166,4383
2615,20200720,우이신설선,4.19민주묘지,2512,2477,4989
2616,20200720,우이신설선,가오리,3898,3773,7671
2617,20200720,우이신설선,화계,3112,2931,6043
2618,20200720,우이신설선,삼양,1942,2069,4011
2619,20200720,우이신설선,삼양사거리,2258,2348,4606
2620,20200720,우이신설선,솔샘,5535,5159,10694
2621,20200720,우이신설선,북한산보국문,5335,5120,10455
2622,20200720,우이신설선,정릉,4151,3832,7983
2623,20200720,우이신설선,성신여대입구(돈암),2872,3210,6082
2624,20200720,우이신설선,보문,1411,1391,2802
2625,20200720,우이신설선,신설동,2147,2063,4210
2626,20200721,우이신설선,북한산우이,3271,3035,6306
2627,20200721,우이신설선,솔밭공원,2521,2486,5007
2628,20200721,우이신설선,4.19민주묘지,2842,2689,5531
2629,20200721,우이신설선,가오리,4029,3999,8028
2630,20200721,우이신설선,화계,3287,3092,6379
2631,20200721,우이신설선,삼양,1971,2104,4075
2632,20200721,우이신설선,삼양사거리,2440,2493,4933
2633,20200721,우이신설선,솔샘,5757,5289,11046
2634,20200721,우이신설선,북한산보국문,5710,5410,11120
2635,20200721,우이신설선,정릉,4423,4005,8428
2636,20200721,우이신설선,성신여대입구(돈암),3094,3425,6519
2637,20200721,우이신설선,보문,1486,1520,3006
2638,20200721,우이신설선,신설동,2341,2238,4579
2639,20200722,우이신설선,신설동,2222,2199,4421
2640,20200722,우이신설선,보문,1458,1509,2967
2641,20200722,우이신설선,성신여대입구(돈암),3015,3359,6374
2642,20200722,우이신설선,정릉,4331,4121,8452
2643,20200722,우이신설선,북한산보국문,5611,5333,10944
2644,20200722,우이신설선,솔샘,5781,5284,11065
2645,20200722,우이신설선,삼양사거리,2347,2387,4734
2646,20200722,우이신설선,삼양,1929,2071,4000
2647,20200722,우이신설선,화계,3302,2958,6260
2648,20200722,우이신설선,가오리,3987,3952,7939
2649,20200722,우이신설선,4.19민주묘지,2630,2581,5211
2650,20200722,우이신설선,솔밭공원,2339,2171,4510
2651,20200722,우이신설선,북한산우이,2845,2644,5489
2652,20200723,우이신설선,북한산우이,2272,2042,4314
2653,20200723,우이신설선,솔밭공원,2173,2188,4361
2654,20200723,우이신설선,4.19민주묘지,2353,2408,4761
2655,20200723,우이신설선,가오리,3693,3842,7535
2656,20200723,우이신설선,화계,3052,2853,5905
2657,20200723,우이신설선,삼양,1885,1990,3875
2658,20200723,우이신설선,삼양사거리,2232,2391,4623
2659,20200723,우이신설선,솔샘,5550,5201,10751
2660,20200723,우이신설선,북한산보국문,5383,5415,10798
2661,20200723,우이신설선,정릉,4162,4097,8259
2662,20200723,우이신설선,성신여대입구(돈암),2918,3231,6149
2663,20200723,우이신설선,보문,1422,1523,2945
2664,20200723,우이신설선,신설동,1972,2062,4034
2665,20200724,우이신설선,북한산우이,2335,2028,4363
2666,20200724,우이신설선,솔밭공원,2515,2298,4813
2667,20200724,우이신설선,4.19민주묘지,2711,2601,5312
2668,20200724,우이신설선,가오리,4037,3795,7832
2669,20200724,우이신설선,화계,3377,3048,6425
2670,20200724,우이신설선,삼양,2009,2085,4094
2671,20200724,우이신설선,삼양사거리,2453,2474,4927
2672,20200724,우이신설선,솔샘,5751,5177,10928
2673,20200724,우이신설선,북한산보국문,5758,5232,10990
2674,20200724,우이신설선,정릉,4459,3922,8381
2675,20200724,우이신설선,성신여대입구(돈암),3115,3684,6799
2676,20200724,우이신설선,보문,1475,1512,2987
2677,20200724,우이신설선,신설동,2174,2161,4335
2678,20200725,우이신설선,삼양사거리,1858,1808,3666
2679,20200725,우이신설선,신설동,1380,1279,2659
2680,20200725,우이신설선,보문,1119,1090,2209
2681,20200725,우이신설선,성신여대입구(돈암),2517,2877,5394
2682,20200725,우이신설선,정릉,3387,2742,6129
2683,20200725,우이신설선,북한산보국문,4375,3872,8247
2684,20200725,우이신설선,솔샘,3680,3210,6890
2685,20200725,우이신설선,북한산우이,3224,3757,6981
2686,20200725,우이신설선,솔밭공원,1725,1667,3392
2687,20200725,우이신설선,4.19민주묘지,2201,1903,4104
2688,20200725,우이신설선,가오리,2837,2529,5366
2689,20200725,우이신설선,화계,2362,2156,4518
2690,20200725,우이신설선,삼양,1481,1513,2994
2691,20200726,우이신설선,북한산우이,3458,3500,6958
2692,20200726,우이신설선,솔밭공원,1291,1310,2601
2693,20200726,우이신설선,4.19민주묘지,1879,1671,3550
2694,20200726,우이신설선,가오리,2241,2054,4295
2695,20200726,우이신설선,화계,1831,1747,3578
2696,20200726,우이신설선,삼양,1128,1096,2224
2697,20200726,우이신설선,삼양사거리,1482,1429,2911
2698,20200726,우이신설선,솔샘,2586,2328,4914
2699,20200726,우이신설선,북한산보국문,3377,3049,6426
2700,20200726,우이신설선,정릉,2405,2057,4462
2701,20200726,우이신설선,성신여대입구(돈암),1943,2299,4242
2702,20200726,우이신설선,보문,944,1004,1948
2703,20200726,우이신설선,신설동,1041,1004,2045
2704,20200727,우이신설선,북한산우이,2246,2079,4325
2705,20200727,우이신설선,솔밭공원,2218,2223,4441
2706,20200727,우이신설선,4.19민주묘지,2660,2596,5256
2707,20200727,우이신설선,가오리,3922,3807,7729
2708,20200727,우이신설선,화계,3282,3036,6318
2709,20200727,우이신설선,삼양,1948,2080,4028
2710,20200727,우이신설선,삼양사거리,2292,2374,4666
2711,20200727,우이신설선,솔샘,5598,5247,10845
2712,20200727,우이신설선,북한산보국문,5480,5270,10750
2713,20200727,우이신설선,신설동,2213,2112,4325
2714,20200727,우이신설선,보문,1473,1422,2895
2715,20200727,우이신설선,성신여대입구(돈암),2986,3276,6262
2716,20200727,우이신설선,정릉,4238,3943,8181
2717,20200728,우이신설선,신설동,2202,2119,4321
2718,20200728,우이신설선,보문,1457,1449,2906
2719,20200728,우이신설선,성신여대입구(돈암),3065,3522,6587
2720,20200728,우이신설선,정릉,4399,4121,8520
2721,20200728,우이신설선,북한산보국문,5548,5328,10876
2722,20200728,우이신설선,솔샘,5679,5259,10938
2723,20200728,우이신설선,삼양사거리,2356,2446,4802
2724,20200728,우이신설선,삼양,2000,2093,4093
2725,20200728,우이신설선,화계,3212,3022,6234
2726,20200728,우이신설선,가오리,4005,3856,7861
2727,20200728,우이신설선,4.19민주묘지,2640,2617,5257
2728,20200728,우이신설선,솔밭공원,2432,2329,4761
2729,20200728,우이신설선,북한산우이,2603,2399,5002
2730,20200729,우이신설선,신설동,2084,2028,4112
2731,20200729,우이신설선,보문,1401,1399,2800
2732,20200729,우이신설선,성신여대입구(돈암),2894,3277,6171
2733,20200729,우이신설선,정릉,4128,3880,8008
2734,20200729,우이신설선,북한산보국문,5420,5136,10556
2735,20200729,우이신설선,솔샘,5461,5049,10510
2736,20200729,우이신설선,삼양사거리,2130,2188,4318
2737,20200729,우이신설선,삼양,1793,1901,3694
2738,20200729,우이신설선,화계,3107,2812,5919
2739,20200729,우이신설선,가오리,3684,3751,7435
2740,20200729,우이신설선,4.19민주묘지,2477,2480,4957
2741,20200729,우이신설선,솔밭공원,2188,2145,4333
2742,20200729,우이신설선,북한산우이,2491,2199,4690
2743,20200730,우이신설선,신설동,2087,2135,4222
2744,20200730,우이신설선,보문,1430,1449,2879
2745,20200730,우이신설선,성신여대입구(돈암),3183,3467,6650
2746,20200730,우이신설선,정릉,4297,3888,8185
2747,20200730,우이신설선,북한산보국문,5598,5263,10861
2748,20200730,우이신설선,솔샘,5677,5092,10769
2749,20200730,우이신설선,삼양사거리,2346,2364,4710
2750,20200730,우이신설선,삼양,2002,2030,4032
2751,20200730,우이신설선,화계,3170,2903,6073
2752,20200730,우이신설선,가오리,4056,3889,7945
2753,20200730,우이신설선,4.19민주묘지,2695,2671,5366
2754,20200730,우이신설선,솔밭공원,2365,2252,4617
2755,20200730,우이신설선,북한산우이,2459,2203,4662
2756,20200731,우이신설선,신설동,2259,2179,4438
2757,20200731,우이신설선,보문,1496,1490,2986
2758,20200731,우이신설선,성신여대입구(돈암),3271,3673,6944
2759,20200731,우이신설선,정릉,4420,3920,8340
2760,20200731,우이신설선,북한산보국문,5665,5186,10851
2761,20200731,우이신설선,솔샘,5700,5175,10875
2762,20200731,우이신설선,삼양사거리,2373,2351,4724
2763,20200731,우이신설선,삼양,1939,1928,3867
2764,20200731,우이신설선,화계,3177,2851,6028
2765,20200731,우이신설선,가오리,4032,3726,7758
2766,20200731,우이신설선,4.19민주묘지,2746,2578,5324
2767,20200731,우이신설선,솔밭공원,2388,2275,4663
2768,20200731,우이신설선,북한산우이,2729,2543,5272
2769,20200801,우이신설선,삼양사거리,1500,1448,2948
2770,20200801,우이신설선,삼양,1123,1217,2340
2771,20200801,우이신설선,화계,1855,1745,3600
2772,20200801,우이신설선,가오리,2364,2122,4486
2773,20200801,우이신설선,4.19민주묘지,1673,1524,3197
2774,20200801,우이신설선,솔밭공원,1334,1246,2580
2775,20200801,우이신설선,북한산우이,1944,2220,4164
2776,20200801,우이신설선,솔샘,3037,2512,5549
2777,20200801,우이신설선,북한산보국문,3552,3001,6553
2778,20200801,우이신설선,정릉,2737,2191,4928
2779,20200801,우이신설선,성신여대입구(돈암),2158,2529,4687
2780,20200801,우이신설선,보문,1004,1028,2032
2781,20200801,우이신설선,신설동,1000,1002,2002
2782,20200802,우이신설선,보문,764,769,1533
2783,20200802,우이신설선,신설동,709,683,1392
2784,20200802,우이신설선,북한산우이,1488,1572,3060
2785,20200802,우이신설선,솔밭공원,1010,938,1948
2786,20200802,우이신설선,4.19민주묘지,1227,1173,2400
2787,20200802,우이신설선,가오리,1675,1634,3309
2788,20200802,우이신설선,화계,1427,1264,2691
2789,20200802,우이신설선,삼양,945,911,1856
2790,20200802,우이신설선,삼양사거리,1071,1065,2136
2791,20200802,우이신설선,솔샘,2043,1929,3972
2792,20200802,우이신설선,북한산보국문,2645,2415,5060
2793,20200802,우이신설선,정릉,1921,1648,3569
2794,20200802,우이신설선,성신여대입구(돈암),1517,1761,3278
2795,20200803,우이신설선,신설동,1718,1689,3407
2796,20200803,우이신설선,보문,1294,1280,2574
2797,20200803,우이신설선,성신여대입구(돈암),2628,2742,5370
2798,20200803,우이신설선,정릉,3525,3368,6893
2799,20200803,우이신설선,북한산보국문,4769,4669,9438
2800,20200803,우이신설선,솔샘,4815,4601,9416
2801,20200803,우이신설선,삼양사거리,1986,2042,4028
2802,20200803,우이신설선,삼양,1640,1745,3385
2803,20200803,우이신설선,화계,2754,2542,5296
2804,20200803,우이신설선,가오리,3356,3322,6678
2805,20200803,우이신설선,4.19민주묘지,2142,2116,4258
2806,20200803,우이신설선,솔밭공원,1918,1894,3812
2807,20200803,우이신설선,북한산우이,1790,1603,3393
2808,20200804,우이신설선,신설동,1889,1859,3748
2809,20200804,우이신설선,보문,1326,1326,2652
2810,20200804,우이신설선,성신여대입구(돈암),2759,3008,5767
2811,20200804,우이신설선,정릉,3789,3556,7345
2812,20200804,우이신설선,북한산보국문,5010,4810,9820
2813,20200804,우이신설선,솔샘,5091,4800,9891
2814,20200804,우이신설선,삼양사거리,2147,2258,4405
2815,20200804,우이신설선,삼양,1769,1833,3602
2816,20200804,우이신설선,화계,2898,2690,5588
2817,20200804,우이신설선,가오리,3476,3375,6851
2818,20200804,우이신설선,4.19민주묘지,2373,2349,4722
2819,20200804,우이신설선,솔밭공원,2194,2029,4223
2820,20200804,우이신설선,북한산우이,2114,1918,4032
2821,20200805,우이신설선,북한산보국문,5120,4850,9970
2822,20200805,우이신설선,정릉,3789,3509,7298
2823,20200805,우이신설선,성신여대입구(돈암),2771,3077,5848
2824,20200805,우이신설선,보문,1370,1375,2745
2825,20200805,우이신설선,신설동,1962,2214,4176
2826,20200805,우이신설선,북한산우이,2383,2128,4511
2827,20200805,우이신설선,솔밭공원,2124,2034,4158
2828,20200805,우이신설선,4.19민주묘지,2424,2353,4777
2829,20200805,우이신설선,가오리,3527,3508,7035
2830,20200805,우이신설선,화계,3011,2735,5746
2831,20200805,우이신설선,삼양,1728,1815,3543
2832,20200805,우이신설선,삼양사거리,2153,2141,4294
2833,20200805,우이신설선,솔샘,5071,4668,9739
2834,20200806,우이신설선,북한산우이,1996,1843,3839
2835,20200806,우이신설선,솔밭공원,2203,2100,4303
2836,20200806,우이신설선,4.19민주묘지,2540,2466,5006
2837,20200806,우이신설선,가오리,3790,3608,7398
2838,20200806,우이신설선,화계,3077,2802,5879
2839,20200806,우이신설선,삼양,1945,2014,3959
2840,20200806,우이신설선,삼양사거리,2284,2276,4560
2841,20200806,우이신설선,솔샘,5385,4997,10382
2842,20200806,우이신설선,북한산보국문,5337,4976,10313
2843,20200806,우이신설선,정릉,4107,3808,7915
2844,20200806,우이신설선,성신여대입구(돈암),2799,3132,5931
2845,20200806,우이신설선,보문,1390,1373,2763
2846,20200806,우이신설선,신설동,2106,1997,4103
2847,20200807,우이신설선,북한산우이,2419,2187,4606
2848,20200807,우이신설선,솔밭공원,2355,2106,4461
2849,20200807,우이신설선,4.19민주묘지,2661,2498,5159
2850,20200807,우이신설선,가오리,3889,3632,7521
2851,20200807,우이신설선,화계,3225,2870,6095
2852,20200807,우이신설선,삼양,1987,2068,4055
2853,20200807,우이신설선,삼양사거리,2475,2418,4893
2854,20200807,우이신설선,솔샘,5692,4884,10576
2855,20200807,우이신설선,북한산보국문,5767,5036,10803
2856,20200807,우이신설선,정릉,4491,3847,8338
2857,20200807,우이신설선,성신여대입구(돈암),3225,3721,6946
2858,20200807,우이신설선,보문,1456,1537,2993
2859,20200807,우이신설선,신설동,2076,2144,4220
2860,20200808,우이신설선,북한산우이,2326,2446,4772
2861,20200808,우이신설선,솔밭공원,1612,1535,3147
2862,20200808,우이신설선,4.19민주묘지,2032,1798,3830
2863,20200808,우이신설선,가오리,2674,2441,5115
2864,20200808,우이신설선,화계,2202,2023,4225
2865,20200808,우이신설선,삼양,1383,1393,2776
2866,20200808,우이신설선,삼양사거리,1697,1651,3348
2867,20200808,우이신설선,솔샘,3350,2998,6348
2868,20200808,우이신설선,북한산보국문,3977,3466,7443
2869,20200808,우이신설선,정릉,3024,2489,5513
2870,20200808,우이신설선,성신여대입구(돈암),2467,2845,5312
2871,20200808,우이신설선,보문,1055,1078,2133
2872,20200808,우이신설선,신설동,1217,1189,2406
2873,20200809,우이신설선,북한산우이,1361,1407,2768
2874,20200809,우이신설선,솔밭공원,987,914,1901
2875,20200809,우이신설선,4.19민주묘지,1119,1090,2209
2876,20200809,우이신설선,가오리,1636,1569,3205
2877,20200809,우이신설선,화계,1328,1302,2630
2878,20200809,우이신설선,삼양,766,761,1527
2879,20200809,우이신설선,삼양사거리,1070,1092,2162
2880,20200809,우이신설선,솔샘,2013,1783,3796
2881,20200809,우이신설선,북한산보국문,2381,2140,4521
2882,20200809,우이신설선,정릉,1797,1634,3431
2883,20200809,우이신설선,성신여대입구(돈암),1496,1793,3289
2884,20200809,우이신설선,보문,688,678,1366
2885,20200809,우이신설선,신설동,676,635,1311
2886,20200810,우이신설선,신설동,1967,1903,3870
2887,20200810,우이신설선,보문,1306,1370,2676
2888,20200810,우이신설선,성신여대입구(돈암),2938,3188,6126
2889,20200810,우이신설선,정릉,4014,3877,7891
2890,20200810,우이신설선,북한산보국문,5003,4989,9992
2891,20200810,우이신설선,솔샘,5388,5029,10417
2892,20200810,우이신설선,삼양사거리,2237,2326,4563
2893,20200810,우이신설선,삼양,1931,2055,3986
2894,20200810,우이신설선,화계,2966,2777,5743
2895,20200810,우이신설선,가오리,3749,3729,7478
2896,20200810,우이신설선,4.19민주묘지,2388,2339,4727
2897,20200810,우이신설선,솔밭공원,2134,2089,4223
2898,20200810,우이신설선,북한산우이,2081,1896,3977
2899,20200811,우이신설선,신설동,1981,1929,3910
2900,20200811,우이신설선,보문,1358,1319,2677
2901,20200811,우이신설선,성신여대입구(돈암),2774,3154,5928
2902,20200811,우이신설선,정릉,4147,3865,8012
2903,20200811,우이신설선,북한산보국문,5231,4994,10225
2904,20200811,우이신설선,솔샘,5373,4941,10314
2905,20200811,우이신설선,삼양사거리,2241,2306,4547
2906,20200811,우이신설선,삼양,1882,1846,3728
2907,20200811,우이신설선,화계,2928,2744,5672
2908,20200811,우이신설선,가오리,3777,3644,7421
2909,20200811,우이신설선,4.19민주묘지,2514,2499,5013
2910,20200811,우이신설선,솔밭공원,2200,2081,4281
2911,20200811,우이신설선,북한산우이,2133,1865,3998
2912,20200812,우이신설선,신설동,2042,2023,4065
2913,20200812,우이신설선,보문,1401,1354,2755
2914,20200812,우이신설선,성신여대입구(돈암),3086,3460,6546
2915,20200812,우이신설선,정릉,4250,3896,8146
2916,20200812,우이신설선,북한산보국문,5432,5200,10632
2917,20200812,우이신설선,솔샘,5620,5038,10658
2918,20200812,우이신설선,삼양사거리,2423,2375,4798
2919,20200812,우이신설선,삼양,1903,2092,3995
2920,20200812,우이신설선,화계,3226,2883,6109
2921,20200812,우이신설선,가오리,3989,3867,7856
2922,20200812,우이신설선,4.19민주묘지,2794,2626,5420
2923,20200812,우이신설선,솔밭공원,2361,2281,4642
2924,20200812,우이신설선,북한산우이,2846,2651,5497
2925,20200813,우이신설선,북한산우이,2513,2246,4759
2926,20200813,우이신설선,솔밭공원,2233,2173,4406
2927,20200813,우이신설선,4.19민주묘지,2619,2550,5169
2928,20200813,우이신설선,가오리,3883,3790,7673
2929,20200813,우이신설선,화계,3069,2903,5972
2930,20200813,우이신설선,삼양,1932,2045,3977
2931,20200813,우이신설선,삼양사거리,2310,2294,4604
2932,20200813,우이신설선,솔샘,5584,5066,10650
2933,20200813,우이신설선,북한산보국문,5274,4957,10231
2934,20200813,우이신설선,정릉,4208,3819,8027
2935,20200813,우이신설선,성신여대입구(돈암),2948,3361,6309
2936,20200813,우이신설선,보문,1408,1397,2805
2937,20200813,우이신설선,신설동,1955,1952,3907
2938,20200814,우이신설선,북한산우이,2224,1980,4204
2939,20200814,우이신설선,솔밭공원,2162,2060,4222
2940,20200814,우이신설선,4.19민주묘지,2527,2349,4876
2941,20200814,우이신설선,가오리,3796,3626,7422
2942,20200814,우이신설선,화계,3009,2723,5732
2943,20200814,우이신설선,삼양,1807,1912,3719
2944,20200814,우이신설선,삼양사거리,2303,2264,4567
2945,20200814,우이신설선,솔샘,5274,4598,9872
2946,20200814,우이신설선,북한산보국문,5348,4810,10158
2947,20200814,우이신설선,정릉,4160,3651,7811
2948,20200814,우이신설선,성신여대입구(돈암),2951,3428,6379
2949,20200814,우이신설선,보문,1344,1352,2696
2950,20200814,우이신설선,신설동,2022,1981,4003
2951,20200815,우이신설선,신설동,940,883,1823
2952,20200815,우이신설선,보문,892,827,1719
2953,20200815,우이신설선,성신여대입구(돈암),1869,2226,4095
2954,20200815,우이신설선,정릉,2461,1984,4445
2955,20200815,우이신설선,북한산보국문,3319,2882,6201
2956,20200815,우이신설선,솔샘,2720,2198,4918
2957,20200815,우이신설선,삼양사거리,1472,1408,2880
2958,20200815,우이신설선,삼양,1127,1138,2265
2959,20200815,우이신설선,화계,1834,1617,3451
2960,20200815,우이신설선,가오리,2175,2018,4193
2961,20200815,우이신설선,4.19민주묘지,1621,1446,3067
2962,20200815,우이신설선,솔밭공원,1414,1240,2654
2963,20200815,우이신설선,북한산우이,1757,2000,3757
2964,20200816,우이신설선,신설동,1002,919,1921
2965,20200816,우이신설선,보문,805,844,1649
2966,20200816,우이신설선,성신여대입구(돈암),1696,2025,3721
2967,20200816,우이신설선,정릉,2174,1855,4029
2968,20200816,우이신설선,북한산보국문,2999,2644,5643
2969,20200816,우이신설선,솔샘,2305,2049,4354
2970,20200816,우이신설선,삼양사거리,1296,1320,2616
2971,20200816,우이신설선,삼양,1096,1112,2208
2972,20200816,우이신설선,화계,1709,1560,3269
2973,20200816,우이신설선,가오리,1969,1870,3839
2974,20200816,우이신설선,4.19민주묘지,1653,1440,3093
2975,20200816,우이신설선,솔밭공원,1212,1222,2434
2976,20200816,우이신설선,북한산우이,2560,2786,5346
2977,20200817,우이신설선,북한산우이,2351,2312,4663
2978,20200817,우이신설선,솔밭공원,1526,1501,3027
2979,20200817,우이신설선,4.19민주묘지,1742,1628,3370
2980,20200817,우이신설선,가오리,2452,2376,4828
2981,20200817,우이신설선,화계,2122,2003,4125
2982,20200817,우이신설선,삼양,1267,1345,2612
2983,20200817,우이신설선,삼양사거리,1669,1653,3322
2984,20200817,우이신설선,솔샘,2910,2621,5531
2985,20200817,우이신설선,북한산보국문,3539,3172,6711
2986,20200817,우이신설선,정릉,2645,2381,5026
2987,20200817,우이신설선,성신여대입구(돈암),2094,2392,4486
2988,20200817,우이신설선,보문,993,1001,1994
2989,20200817,우이신설선,신설동,1163,1127,2290
2990,20200818,우이신설선,신설동,1963,1913,3876
2991,20200818,우이신설선,보문,1278,1331,2609
2992,20200818,우이신설선,성신여대입구(돈암),2644,2902,5546
2993,20200818,우이신설선,정릉,3782,3598,7380
2994,20200818,우이신설선,북한산보국문,4917,4750,9667
2995,20200818,우이신설선,솔샘,5043,4687,9730
2996,20200818,우이신설선,삼양사거리,2261,2246,4507
2997,20200818,우이신설선,삼양,1760,1915,3675
2998,20200818,우이신설선,화계,3021,2850,5871
2999,20200818,우이신설선,가오리,3581,3556,7137
3000,20200818,우이신설선,4.19민주묘지,2498,2423,4921
3001,20200818,우이신설선,솔밭공원,2171,2176,4347
3002,20200818,우이신설선,북한산우이,2316,2171,4487
3003,20200819,우이신설선,성신여대입구(돈암),2483,2783,5266
3004,20200819,우이신설선,보문,1305,1297,2602
3005,20200819,우이신설선,신설동,1968,1901,3869
3006,20200819,우이신설선,화계,2894,2765,5659
3007,20200819,우이신설선,가오리,3441,3444,6885
3008,20200819,우이신설선,4.19민주묘지,2412,2311,4723
3009,20200819,우이신설선,솔밭공원,2083,2052,4135
3010,20200819,우이신설선,북한산우이,2893,2662,5555
3011,20200819,우이신설선,삼양,1671,1837,3508
3012,20200819,우이신설선,삼양사거리,2079,2155,4234
3013,20200819,우이신설선,솔샘,4890,4530,9420
3014,20200819,우이신설선,북한산보국문,4715,4568,9283
3015,20200819,우이신설선,정릉,3698,3494,7192
3016,20200820,우이신설선,신설동,1922,1802,3724
3017,20200820,우이신설선,보문,1258,1273,2531
3018,20200820,우이신설선,성신여대입구(돈암),2279,2671,4950
3019,20200820,우이신설선,정릉,3639,3356,6995
3020,20200820,우이신설선,북한산보국문,4550,4472,9022
3021,20200820,우이신설선,솔샘,4728,4386,9114
3022,20200820,우이신설선,삼양사거리,2075,2067,4142
3023,20200820,우이신설선,삼양,1606,1742,3348
3024,20200820,우이신설선,화계,2755,2615,5370
3025,20200820,우이신설선,가오리,3366,3338,6704
3026,20200820,우이신설선,4.19민주묘지,2315,2311,4626
3027,20200820,우이신설선,솔밭공원,2025,1982,4007
3028,20200820,우이신설선,북한산우이,2242,2056,4298
3029,20200821,우이신설선,북한산우이,2164,1908,4072
3030,20200821,우이신설선,솔밭공원,1951,1890,3841
3031,20200821,우이신설선,4.19민주묘지,2251,2220,4471
3032,20200821,우이신설선,가오리,3297,3250,6547
3033,20200821,우이신설선,화계,2805,2497,5302
3034,20200821,우이신설선,삼양,1638,1725,3363
3035,20200821,우이신설선,삼양사거리,1956,2003,3959
3036,20200821,우이신설선,솔샘,4563,4203,8766
3037,20200821,우이신설선,북한산보국문,4566,4377,8943
3038,20200821,우이신설선,정릉,3501,3220,6721
3039,20200821,우이신설선,성신여대입구(돈암),2323,2717,5040
3040,20200821,우이신설선,보문,1198,1258,2456
3041,20200821,우이신설선,신설동,1816,1791,3607
3042,20200822,우이신설선,북한산우이,1887,1990,3877
3043,20200822,우이신설선,솔밭공원,1224,1179,2403
3044,20200822,우이신설선,4.19민주묘지,1513,1373,2886
3045,20200822,우이신설선,가오리,1972,1935,3907
3046,20200822,우이신설선,화계,1686,1637,3323
3047,20200822,우이신설선,삼양,1030,1076,2106
3048,20200822,우이신설선,삼양사거리,1353,1333,2686
3049,20200822,우이신설선,솔샘,2281,2071,4352
3050,20200822,우이신설선,북한산보국문,2834,2608,5442
3051,20200822,우이신설선,정릉,2160,1886,4046
3052,20200822,우이신설선,성신여대입구(돈암),1549,1828,3377
3053,20200822,우이신설선,보문,811,791,1602
3054,20200822,우이신설선,신설동,968,945,1913
3055,20200823,우이신설선,북한산우이,2155,2290,4445
3056,20200823,우이신설선,솔밭공원,1044,932,1976
3057,20200823,우이신설선,4.19민주묘지,1308,1125,2433
3058,20200823,우이신설선,가오리,1542,1506,3048
3059,20200823,우이신설선,화계,1294,1249,2543
3060,20200823,우이신설선,삼양,754,766,1520
3061,20200823,우이신설선,삼양사거리,1021,1039,2060
3062,20200823,우이신설선,솔샘,1592,1485,3077
3063,20200823,우이신설선,북한산보국문,2071,1913,3984
3064,20200823,우이신설선,정릉,1598,1262,2860
3065,20200823,우이신설선,성신여대입구(돈암),1185,1413,2598
3066,20200823,우이신설선,보문,610,642,1252
3067,20200823,우이신설선,신설동,754,712,1466
3068,20200824,우이신설선,북한산우이,2146,1970,4116
3069,20200824,우이신설선,솔밭공원,1948,1954,3902
3070,20200824,우이신설선,4.19민주묘지,2216,2276,4492
3071,20200824,우이신설선,가오리,3404,3329,6733
3072,20200824,우이신설선,화계,2654,2604,5258
3073,20200824,우이신설선,삼양,1605,1740,3345
3074,20200824,우이신설선,삼양사거리,1989,1975,3964
3075,20200824,우이신설선,솔샘,4561,4404,8965
3076,20200824,우이신설선,북한산보국문,4374,4274,8648
3077,20200824,우이신설선,정릉,3409,3286,6695
3078,20200824,우이신설선,성신여대입구(돈암),2280,2528,4808
3079,20200824,우이신설선,보문,1208,1244,2452
3080,20200824,우이신설선,신설동,1825,1799,3624
3081,20200825,우이신설선,북한산우이,2494,2293,4787
3082,20200825,우이신설선,솔밭공원,2061,2052,4113
3083,20200825,우이신설선,4.19민주묘지,2258,2274,4532
3084,20200825,우이신설선,가오리,3301,3352,6653
3085,20200825,우이신설선,화계,2768,2679,5447
3086,20200825,우이신설선,삼양,1653,1808,3461
3087,20200825,우이신설선,삼양사거리,2035,2098,4133
3088,20200825,우이신설선,솔샘,4606,4349,8955
3089,20200825,우이신설선,북한산보국문,4504,4456,8960
3090,20200825,우이신설선,정릉,3513,3303,6816
3091,20200825,우이신설선,성신여대입구(돈암),2339,2630,4969
3092,20200825,우이신설선,보문,1252,1278,2530
3093,20200825,우이신설선,신설동,1957,1885,3842
3094,20200826,우이신설선,북한산우이,2228,2081,4309
3095,20200826,우이신설선,솔밭공원,1895,1912,3807
3096,20200826,우이신설선,4.19민주묘지,2208,2255,4463
3097,20200826,우이신설선,가오리,3223,3339,6562
3098,20200826,우이신설선,화계,2701,2667,5368
3099,20200826,우이신설선,삼양,1606,1749,3355
3100,20200826,우이신설선,삼양사거리,1955,2014,3969
3101,20200826,우이신설선,솔샘,4504,4246,8750
3102,20200826,우이신설선,북한산보국문,4430,4339,8769
3103,20200826,우이신설선,정릉,3372,3244,6616
3104,20200826,우이신설선,성신여대입구(돈암),2305,2505,4810
3105,20200826,우이신설선,보문,1206,1258,2464
3106,20200826,우이신설선,신설동,1854,1819,3673
3107,20200827,우이신설선,신설동,1687,1683,3370
3108,20200827,우이신설선,보문,1092,1102,2194
3109,20200827,우이신설선,성신여대입구(돈암),2029,2360,4389
3110,20200827,우이신설선,정릉,3090,3013,6103
3111,20200827,우이신설선,북한산보국문,4060,3910,7970
3112,20200827,우이신설선,솔샘,4222,3979,8201
3113,20200827,우이신설선,삼양사거리,1784,1836,3620
3114,20200827,우이신설선,삼양,1502,1597,3099
3115,20200827,우이신설선,화계,2507,2421,4928
3116,20200827,우이신설선,가오리,3010,2965,5975
3117,20200827,우이신설선,4.19민주묘지,1983,1960,3943
3118,20200827,우이신설선,솔밭공원,1806,1781,3587
3119,20200827,우이신설선,북한산우이,1697,1478,3175
3120,20200828,우이신설선,신설동,1815,1820,3635
3121,20200828,우이신설선,보문,1143,1218,2361
3122,20200828,우이신설선,성신여대입구(돈암),2318,2647,4965
3123,20200828,우이신설선,정릉,3488,3132,6620
3124,20200828,우이신설선,북한산보국문,4400,4175,8575
3125,20200828,우이신설선,솔샘,4495,4169,8664
3126,20200828,우이신설선,삼양사거리,1942,1945,3887
3127,20200828,우이신설선,삼양,1584,1718,3302
3128,20200828,우이신설선,화계,2676,2525,5201
3129,20200828,우이신설선,가오리,3288,3236,6524
3130,20200828,우이신설선,4.19민주묘지,2202,2133,4335
3131,20200828,우이신설선,솔밭공원,1929,1883,3812
3132,20200828,우이신설선,북한산우이,1945,1766,3711
3133,20200829,우이신설선,4.19민주묘지,1331,1262,2593
3134,20200829,우이신설선,가오리,1871,1799,3670
3135,20200829,우이신설선,화계,1621,1490,3111
3136,20200829,우이신설선,삼양,991,1056,2047
3137,20200829,우이신설선,삼양사거리,1267,1308,2575
3138,20200829,우이신설선,솔샘,2162,2006,4168
3139,20200829,우이신설선,북한산보국문,2757,2504,5261
3140,20200829,우이신설선,정릉,2041,1777,3818
3141,20200829,우이신설선,성신여대입구(돈암),1620,1858,3478
3142,20200829,우이신설선,보문,792,791,1583
3143,20200829,우이신설선,신설동,963,892,1855
3144,20200829,우이신설선,북한산우이,1767,1805,3572
3145,20200829,우이신설선,솔밭공원,1177,1125,2302
3146,20200830,우이신설선,북한산우이,1635,1738,3373
3147,20200830,우이신설선,솔밭공원,920,886,1806
3148,20200830,우이신설선,4.19민주묘지,1107,1004,2111
3149,20200830,우이신설선,가오리,1385,1273,2658
3150,20200830,우이신설선,화계,1214,1095,2309
3151,20200830,우이신설선,삼양,690,724,1414
3152,20200830,우이신설선,삼양사거리,920,880,1800
3153,20200830,우이신설선,솔샘,1424,1355,2779
3154,20200830,우이신설선,북한산보국문,1868,1780,3648
3155,20200830,우이신설선,정릉,1396,1262,2658
3156,20200830,우이신설선,성신여대입구(돈암),1037,1201,2238
3157,20200830,우이신설선,보문,515,537,1052
3158,20200830,우이신설선,신설동,672,646,1318
3159,20200831,우이신설선,신설동,1701,1680,3381
3160,20200831,우이신설선,보문,1159,1158,2317
3161,20200831,우이신설선,성신여대입구(돈암),2088,2239,4327
3162,20200831,우이신설선,정릉,3266,3147,6413
3163,20200831,우이신설선,북한산보국문,4244,4168,8412
3164,20200831,우이신설선,솔샘,4379,4232,8611
3165,20200831,우이신설선,삼양사거리,1894,1938,3832
3166,20200831,우이신설선,삼양,1549,1737,3286
3167,20200831,우이신설선,화계,2586,2494,5080
3168,20200831,우이신설선,가오리,3130,3192,6322
3169,20200831,우이신설선,4.19민주묘지,2082,2111,4193
3170,20200831,우이신설선,솔밭공원,1870,1878,3748
3171,20200831,우이신설선,북한산우이,1928,1758,3686
3172,20200901,우이신설선,북한산우이,2094,1960,4054
3173,20200901,우이신설선,솔밭공원,1859,1874,3733
3174,20200901,우이신설선,4.19민주묘지,2147,2111,4258
3175,20200901,우이신설선,가오리,3093,3174,6267
3176,20200901,우이신설선,화계,2636,2540,5176
3177,20200901,우이신설선,삼양,1525,1750,3275
3178,20200901,우이신설선,삼양사거리,1872,1919,3791
3179,20200901,우이신설선,솔샘,4291,4060,8351
3180,20200901,우이신설선,북한산보국문,4108,4128,8236
3181,20200901,우이신설선,정릉,3288,3126,6414
3182,20200901,우이신설선,성신여대입구(돈암),2016,2231,4247
3183,20200901,우이신설선,보문,1099,1178,2277
3184,20200901,우이신설선,신설동,1700,1636,3336
3185,20200902,우이신설선,솔샘,4110,4002,8112
3186,20200902,우이신설선,성신여대입구(돈암),2014,2123,4137
3187,20200902,우이신설선,보문,1108,1128,2236
3188,20200902,우이신설선,신설동,1685,1637,3322
3189,20200902,우이신설선,북한산우이,2185,2075,4260
3190,20200902,우이신설선,솔밭공원,1708,1806,3514
3191,20200902,우이신설선,4.19민주묘지,1947,1955,3902
3192,20200902,우이신설선,가오리,2915,3102,6017
3193,20200902,우이신설선,화계,2473,2507,4980
3194,20200902,우이신설선,삼양,1507,1656,3163
3195,20200902,우이신설선,삼양사거리,1694,1792,3486
3196,20200902,우이신설선,북한산보국문,3985,4109,8094
3197,20200902,우이신설선,정릉,3114,3110,6224
3198,20200903,우이신설선,신설동,1686,1608,3294
3199,20200903,우이신설선,보문,1083,1112,2195
3200,20200903,우이신설선,성신여대입구(돈암),1973,2139,4112
3201,20200903,우이신설선,정릉,3121,2961,6082
3202,20200903,우이신설선,북한산보국문,3972,3895,7867
3203,20200903,우이신설선,솔샘,4066,3857,7923
3204,20200903,우이신설선,삼양사거리,1787,1766,3553
3205,20200903,우이신설선,삼양,1505,1640,3145
3206,20200903,우이신설선,화계,2409,2282,4691
3207,20200903,우이신설선,가오리,2909,2949,5858
3208,20200903,우이신설선,4.19민주묘지,1912,1944,3856
3209,20200903,우이신설선,솔밭공원,1724,1712,3436
3210,20200903,우이신설선,북한산우이,1665,1507,3172
3211,20200904,우이신설선,북한산우이,2285,2023,4308
3212,20200904,우이신설선,솔밭공원,1960,1920,3880
3213,20200904,우이신설선,4.19민주묘지,2317,2200,4517
3214,20200904,우이신설선,가오리,3267,3311,6578
3215,20200904,우이신설선,화계,2840,2713,5553
3216,20200904,우이신설선,삼양,1669,1842,3511
3217,20200904,우이신설선,삼양사거리,1895,2017,3912
3218,20200904,우이신설선,솔샘,4499,4216,8715
3219,20200904,우이신설선,북한산보국문,4444,4225,8669
3220,20200904,우이신설선,정릉,3438,3256,6694
3221,20200904,우이신설선,성신여대입구(돈암),2413,2522,4935
3222,20200904,우이신설선,보문,1193,1230,2423
3223,20200904,우이신설선,신설동,1790,1767,3557
3224,20200905,우이신설선,북한산우이,2720,2714,5434
3225,20200905,우이신설선,솔밭공원,1271,1344,2615
3226,20200905,우이신설선,4.19민주묘지,1682,1530,3212
3227,20200905,우이신설선,가오리,2053,1896,3949
3228,20200905,우이신설선,화계,1791,1727,3518
3229,20200905,우이신설선,삼양,1114,1225,2339
3230,20200905,우이신설선,삼양사거리,1456,1483,2939
3231,20200905,우이신설선,솔샘,2398,2209,4607
3232,20200905,우이신설선,북한산보국문,3102,2803,5905
3233,20200905,우이신설선,정릉,2328,2015,4343
3234,20200905,우이신설선,성신여대입구(돈암),1596,1823,3419
3235,20200905,우이신설선,보문,812,774,1586
3236,20200905,우이신설선,신설동,1016,983,1999
3237,20200906,우이신설선,북한산우이,1996,2086,4082
3238,20200906,우이신설선,솔밭공원,913,925,1838
3239,20200906,우이신설선,4.19민주묘지,1278,1093,2371
3240,20200906,우이신설선,가오리,1444,1382,2826
3241,20200906,우이신설선,화계,1270,1228,2498
3242,20200906,우이신설선,삼양,822,828,1650
3243,20200906,우이신설선,삼양사거리,1003,1064,2067
3244,20200906,우이신설선,솔샘,1489,1488,2977
3245,20200906,우이신설선,북한산보국문,2175,1947,4122
3246,20200906,우이신설선,정릉,1582,1309,2891
3247,20200906,우이신설선,성신여대입구(돈암),1163,1247,2410
3248,20200906,우이신설선,보문,597,645,1242
3249,20200906,우이신설선,신설동,733,779,1512
3250,20200907,우이신설선,신설동,1582,1530,3112
3251,20200907,우이신설선,보문,1083,1136,2219
3252,20200907,우이신설선,성신여대입구(돈암),2060,2085,4145
3253,20200907,우이신설선,정릉,3057,3081,6138
3254,20200907,우이신설선,북한산보국문,4005,4120,8125
3255,20200907,우이신설선,솔샘,4096,4063,8159
3256,20200907,우이신설선,삼양사거리,1664,1745,3409
3257,20200907,우이신설선,삼양,1458,1612,3070
3258,20200907,우이신설선,화계,2375,2283,4658
3259,20200907,우이신설선,가오리,2882,3041,5923
3260,20200907,우이신설선,4.19민주묘지,1852,1869,3721
3261,20200907,우이신설선,솔밭공원,1611,1646,3257
3262,20200907,우이신설선,북한산우이,1463,1284,2747
3263,20200908,우이신설선,보문,1214,1239,2453
3264,20200908,우이신설선,신설동,1850,1736,3586
3265,20200908,우이신설선,성신여대입구(돈암),2326,2502,4828
3266,20200908,우이신설선,정릉,3579,3431,7010
3267,20200908,우이신설선,북한산보국문,4407,4340,8747
3268,20200908,우이신설선,솔샘,4491,4285,8776
3269,20200908,우이신설선,삼양사거리,2015,2071,4086
3270,20200908,우이신설선,삼양,1662,1781,3443
3271,20200908,우이신설선,화계,2746,2626,5372
3272,20200908,우이신설선,가오리,3185,3295,6480
3273,20200908,우이신설선,4.19민주묘지,2311,2262,4573
3274,20200908,우이신설선,솔밭공원,1993,1963,3956
3275,20200908,우이신설선,북한산우이,2098,1989,4087
3276,20200909,우이신설선,신설동,1799,1744,3543
3277,20200909,우이신설선,보문,1182,1156,2338
3278,20200909,우이신설선,성신여대입구(돈암),2140,2359,4499
3279,20200909,우이신설선,정릉,3464,3304,6768
3280,20200909,우이신설선,북한산보국문,4345,4411,8756
3281,20200909,우이신설선,솔샘,4554,4299,8853
3282,20200909,우이신설선,삼양사거리,1843,1932,3775
3283,20200909,우이신설선,삼양,1590,1735,3325
3284,20200909,우이신설선,화계,2609,2529,5138
3285,20200909,우이신설선,가오리,3192,3282,6474
3286,20200909,우이신설선,4.19민주묘지,2154,2119,4273
3287,20200909,우이신설선,솔밭공원,1873,1919,3792
3288,20200909,우이신설선,북한산우이,1900,1711,3611
3289,20200910,우이신설선,북한산우이,2203,2029,4232
3290,20200910,우이신설선,솔밭공원,1939,2015,3954
3291,20200910,우이신설선,4.19민주묘지,2379,2262,4641
3292,20200910,우이신설선,가오리,3319,3338,6657
3293,20200910,우이신설선,삼양,1632,1807,3439
3294,20200910,우이신설선,삼양사거리,1961,2051,4012
3295,20200910,우이신설선,솔샘,4627,4314,8941
3296,20200910,우이신설선,북한산보국문,4506,4373,8879
3297,20200910,우이신설선,정릉,3553,3315,6868
3298,20200910,우이신설선,성신여대입구(돈암),2295,2457,4752
3299,20200910,우이신설선,보문,1177,1266,2443
3300,20200910,우이신설선,신설동,1828,1789,3617
3301,20200910,우이신설선,화계,2717,2669,5386
3302,20200911,우이신설선,신설동,1811,1754,3565
3303,20200911,우이신설선,보문,1199,1285,2484
3304,20200911,우이신설선,성신여대입구(돈암),2400,2631,5031
3305,20200911,우이신설선,정릉,3612,3461,7073
3306,20200911,우이신설선,북한산보국문,4636,4484,9120
3307,20200911,우이신설선,솔샘,4637,4339,8976
3308,20200911,우이신설선,삼양사거리,1936,2024,3960
3309,20200911,우이신설선,삼양,1637,1823,3460
3310,20200911,우이신설선,화계,2787,2616,5403
3311,20200911,우이신설선,가오리,3346,3305,6651
3312,20200911,우이신설선,4.19민주묘지,2355,2267,4622
3313,20200911,우이신설선,솔밭공원,1988,1972,3960
3314,20200911,우이신설선,북한산우이,2198,2106,4304
3315,20200912,우이신설선,신설동,1030,954,1984
3316,20200912,우이신설선,보문,879,831,1710
3317,20200912,우이신설선,성신여대입구(돈암),1696,2052,3748
3318,20200912,우이신설선,정릉,2382,2034,4416
3319,20200912,우이신설선,북한산보국문,3104,2831,5935
3320,20200912,우이신설선,솔샘,2498,2281,4779
3321,20200912,우이신설선,삼양사거리,1393,1456,2849
3322,20200912,우이신설선,삼양,1145,1243,2388
3323,20200912,우이신설선,화계,1864,1649,3513
3324,20200912,우이신설선,가오리,2063,2012,4075
3325,20200912,우이신설선,4.19민주묘지,1612,1476,3088
3326,20200912,우이신설선,솔밭공원,1329,1241,2570
3327,20200912,우이신설선,북한산우이,2102,2159,4261
3328,20200913,우이신설선,4.19민주묘지,1602,1387,2989
3329,20200913,우이신설선,가오리,1704,1550,3254
3330,20200913,우이신설선,보문,751,692,1443
3331,20200913,우이신설선,북한산보국문,2389,2262,4651
3332,20200913,우이신설선,북한산우이,2727,3030,5757
3333,20200913,우이신설선,삼양,862,888,1750
3334,20200913,우이신설선,삼양사거리,1143,1115,2258
3335,20200913,우이신설선,성신여대입구(돈암),1329,1578,2907
3336,20200913,우이신설선,솔밭공원,1012,997,2009
3337,20200913,우이신설선,솔샘,1805,1673,3478
3338,20200913,우이신설선,신설동,807,818,1625
3339,20200913,우이신설선,정릉,1761,1561,3322
3340,20200913,우이신설선,화계,1444,1337,2781
3341,20200914,우이신설선,신설동,2053,1939,3992
3342,20200914,우이신설선,보문,1246,1258,2504
3343,20200914,우이신설선,성신여대입구(돈암),2355,2739,5094
3344,20200914,우이신설선,정릉,3777,3585,7362
3345,20200914,우이신설선,북한산보국문,4819,4633,9452
3346,20200914,우이신설선,솔샘,4905,4616,9521
3347,20200914,우이신설선,삼양사거리,2034,2092,4126
3348,20200914,우이신설선,삼양,1744,1881,3625
3349,20200914,우이신설선,화계,2871,2663,5534
3350,20200914,우이신설선,가오리,3412,3522,6934
3351,20200914,우이신설선,4.19민주묘지,2416,2309,4725
3352,20200914,우이신설선,솔밭공원,2033,2001,4034
3353,20200914,우이신설선,북한산우이,2299,2094,4393
3354,20200915,우이신설선,북한산우이,2353,2217,4570
3355,20200915,우이신설선,솔밭공원,2132,2091,4223
3356,20200915,우이신설선,4.19민주묘지,2423,2351,4774
3357,20200915,우이신설선,가오리,3494,3485,6979
3358,20200915,우이신설선,화계,2954,2857,5811
3359,20200915,우이신설선,삼양,1750,1904,3654
3360,20200915,우이신설선,삼양사거리,2167,2251,4418
3361,20200915,우이신설선,솔샘,4994,4687,9681
3362,20200915,우이신설선,북한산보국문,5056,4828,9884
3363,20200915,우이신설선,정릉,3829,3597,7426
3364,20200915,우이신설선,성신여대입구(돈암),2511,2754,5265
3365,20200915,우이신설선,보문,1311,1309,2620
3366,20200915,우이신설선,신설동,1952,1976,3928
3367,20200916,우이신설선,북한산우이,2002,1789,3791
3368,20200916,우이신설선,솔밭공원,2029,1961,3990
3369,20200916,우이신설선,4.19민주묘지,2260,2296,4556
3370,20200916,우이신설선,가오리,3481,3414,6895
3371,20200916,우이신설선,화계,2875,2646,5521
3372,20200916,우이신설선,삼양,1657,1767,3424
3373,20200916,우이신설선,삼양사거리,1969,2087,4056
3374,20200916,우이신설선,솔샘,4967,4609,9576
3375,20200916,우이신설선,북한산보국문,4896,4694,9590
3376,20200916,우이신설선,정릉,3757,3568,7325
3377,20200916,우이신설선,성신여대입구(돈암),2447,2752,5199
3378,20200916,우이신설선,보문,1326,1296,2622
3379,20200916,우이신설선,신설동,2005,1995,4000
3380,20200917,우이신설선,신설동,2016,2040,4056
3381,20200917,우이신설선,보문,1375,1376,2751
3382,20200917,우이신설선,성신여대입구(돈암),2590,2937,5527
3383,20200917,우이신설선,정릉,4031,3694,7725
3384,20200917,우이신설선,북한산보국문,5052,4818,9870
3385,20200917,우이신설선,솔샘,5072,4590,9662
3386,20200917,우이신설선,삼양사거리,2179,2199,4378
3387,20200917,우이신설선,삼양,1754,1859,3613
3388,20200917,우이신설선,화계,2907,2715,5622
3389,20200917,우이신설선,가오리,3500,3474,6974
3390,20200917,우이신설선,4.19민주묘지,2475,2452,4927
3391,20200917,우이신설선,솔밭공원,2213,2088,4301
3392,20200917,우이신설선,북한산우이,2801,2572,5373
3393,20200918,우이신설선,신설동,2049,2045,4094
3394,20200918,우이신설선,보문,1410,1384,2794
3395,20200918,우이신설선,성신여대입구(돈암),2734,3126,5860
3396,20200918,우이신설선,정릉,4116,3745,7861
3397,20200918,우이신설선,북한산보국문,5302,4871,10173
3398,20200918,우이신설선,솔샘,5117,4722,9839
3399,20200918,우이신설선,삼양사거리,2230,2290,4520
3400,20200918,우이신설선,삼양,1859,2008,3867
3401,20200918,우이신설선,화계,3095,2869,5964
3402,20200918,우이신설선,가오리,3578,3446,7024
3403,20200918,우이신설선,4.19민주묘지,2626,2474,5100
3404,20200918,우이신설선,솔밭공원,2170,2045,4215
3405,20200918,우이신설선,북한산우이,2477,2294,4771
3406,20200919,우이신설선,북한산우이,3048,3123,6171
3407,20200919,우이신설선,솔밭공원,1583,1487,3070
3408,20200919,우이신설선,4.19민주묘지,2076,1822,3898
3409,20200919,우이신설선,가오리,2382,2293,4675
3410,20200919,우이신설선,화계,2162,1986,4148
3411,20200919,우이신설선,삼양,1295,1393,2688
3412,20200919,우이신설선,삼양사거리,1718,1692,3410
3413,20200919,우이신설선,솔샘,3113,2684,5797
3414,20200919,우이신설선,북한산보국문,4274,3579,7853
3415,20200919,우이신설선,정릉,3116,2411,5527
3416,20200919,우이신설선,성신여대입구(돈암),2149,2602,4751
3417,20200919,우이신설선,보문,1031,1015,2046
3418,20200919,우이신설선,신설동,1373,1276,2649
3419,20200920,우이신설선,북한산우이,2774,2910,5684
3420,20200920,우이신설선,솔밭공원,1220,1174,2394
3421,20200920,우이신설선,4.19민주묘지,1700,1475,3175
3422,20200920,우이신설선,가오리,1864,1709,3573
3423,20200920,우이신설선,화계,1613,1494,3107
3424,20200920,우이신설선,삼양,1003,1039,2042
3425,20200920,우이신설선,삼양사거리,1241,1188,2429
3426,20200920,우이신설선,솔샘,2047,1885,3932
3427,20200920,우이신설선,북한산보국문,2910,2629,5539
3428,20200920,우이신설선,정릉,2001,1743,3744
3429,20200920,우이신설선,성신여대입구(돈암),1571,1846,3417
3430,20200920,우이신설선,보문,741,823,1564
3431,20200920,우이신설선,신설동,972,911,1883
3432,20200921,우이신설선,북한산우이,2326,2129,4455
3433,20200921,우이신설선,솔밭공원,2221,2231,4452
3434,20200921,우이신설선,4.19민주묘지,2554,2462,5016
3435,20200921,우이신설선,가오리,3739,3824,7563
3436,20200921,우이신설선,화계,3056,2902,5958
3437,20200921,우이신설선,삼양,1920,2111,4031
3438,20200921,우이신설선,삼양사거리,2228,2305,4533
3439,20200921,우이신설선,솔샘,5194,5000,10194
3440,20200921,우이신설선,북한산보국문,5308,5149,10457
3441,20200921,우이신설선,정릉,4069,3850,7919
3442,20200921,우이신설선,성신여대입구(돈암),2758,2902,5660
3443,20200921,우이신설선,보문,1414,1407,2821
3444,20200921,우이신설선,신설동,2131,2084,4215
3445,20200922,우이신설선,신설동,2122,2083,4205
3446,20200922,우이신설선,보문,1389,1393,2782
3447,20200922,우이신설선,성신여대입구(돈암),2829,3044,5873
3448,20200922,우이신설선,정릉,4106,3896,8002
3449,20200922,우이신설선,북한산보국문,5391,5164,10555
3450,20200922,우이신설선,솔샘,5307,5025,10332
3451,20200922,우이신설선,삼양사거리,2317,2397,4714
3452,20200922,우이신설선,삼양,1932,2064,3996
3453,20200922,우이신설선,화계,3210,2991,6201
3454,20200922,우이신설선,가오리,3824,3757,7581
3455,20200922,우이신설선,4.19민주묘지,2617,2602,5219
3456,20200922,우이신설선,솔밭공원,2304,2265,4569
3457,20200922,우이신설선,북한산우이,2431,2265,4696
3458,20200923,우이신설선,북한산우이,2405,2239,4644
3459,20200923,우이신설선,솔밭공원,2263,2166,4429
3460,20200923,우이신설선,4.19민주묘지,2678,2546,5224
3461,20200923,우이신설선,가오리,3869,3755,7624
3462,20200923,우이신설선,화계,3143,2952,6095
3463,20200923,우이신설선,삼양,1844,2017,3861
3464,20200923,우이신설선,삼양사거리,2289,2291,4580
3465,20200923,우이신설선,솔샘,5410,4951,10361
3466,20200923,우이신설선,북한산보국문,5407,5127,10534
3467,20200923,우이신설선,정릉,4209,3939,8148
3468,20200923,우이신설선,성신여대입구(돈암),2712,3199,5911
3469,20200923,우이신설선,보문,1431,1488,2919
3470,20200923,우이신설선,신설동,2189,2272,4461
3471,20200924,우이신설선,북한산우이,2436,2187,4623
3472,20200924,우이신설선,솔밭공원,2221,2168,4389
3473,20200924,우이신설선,4.19민주묘지,2593,2510,5103
3474,20200924,우이신설선,가오리,3764,3753,7517
3475,20200924,우이신설선,화계,3038,2813,5851
3476,20200924,우이신설선,삼양,1878,2056,3934
3477,20200924,우이신설선,삼양사거리,2163,2290,4453
3478,20200924,우이신설선,솔샘,5265,4851,10116
3479,20200924,우이신설선,북한산보국문,5332,5033,10365
3480,20200924,우이신설선,정릉,4224,3935,8159
3481,20200924,우이신설선,성신여대입구(돈암),2739,2968,5707
3482,20200924,우이신설선,보문,1354,1467,2821
3483,20200924,우이신설선,신설동,2161,2107,4268
3484,20200925,우이신설선,신설동,2253,2170,4423
3485,20200925,우이신설선,보문,1495,1469,2964
3486,20200925,우이신설선,성신여대입구(돈암),3027,3353,6380
3487,20200925,우이신설선,정릉,4495,4041,8536
3488,20200925,우이신설선,북한산보국문,5655,5250,10905
3489,20200925,우이신설선,솔샘,5499,4933,10432
3490,20200925,우이신설선,삼양사거리,2345,2394,4739
3491,20200925,우이신설선,삼양,1973,2066,4039
3492,20200925,우이신설선,화계,3214,2998,6212
3493,20200925,우이신설선,가오리,3859,3757,7616
3494,20200925,우이신설선,4.19민주묘지,2714,2619,5333
3495,20200925,우이신설선,솔밭공원,2315,2174,4489
3496,20200925,우이신설선,북한산우이,2386,2217,4603
3497,20200926,우이신설선,북한산우이,2878,3156,6034
3498,20200926,우이신설선,솔밭공원,1624,1582,3206
3499,20200926,우이신설선,4.19민주묘지,2185,1920,4105
3500,20200926,우이신설선,가오리,2617,2412,5029
3501,20200926,우이신설선,화계,2229,2002,4231
3502,20200926,우이신설선,삼양,1348,1466,2814
3503,20200926,우이신설선,삼양사거리,1694,1677,3371
3504,20200926,우이신설선,솔샘,3309,2844,6153
3505,20200926,우이신설선,북한산보국문,4348,3681,8029
3506,20200926,우이신설선,정릉,3254,2533,5787
3507,20200926,우이신설선,성신여대입구(돈암),2402,2799,5201
3508,20200926,우이신설선,보문,1027,1009,2036
3509,20200926,우이신설선,신설동,1375,1334,2709
3510,20200927,우이신설선,신설동,1127,1043,2170
3511,20200927,우이신설선,보문,851,812,1663
3512,20200927,우이신설선,성신여대입구(돈암),1692,2038,3730
3513,20200927,우이신설선,정릉,2426,1924,4350
3514,20200927,우이신설선,북한산보국문,3392,2904,6296
3515,20200927,우이신설선,솔샘,2248,2111,4359
3516,20200927,우이신설선,삼양사거리,1276,1262,2538
3517,20200927,우이신설선,삼양,938,962,1900
3518,20200927,우이신설선,화계,1633,1547,3180
3519,20200927,우이신설선,가오리,1891,1759,3650
3520,20200927,우이신설선,4.19민주묘지,1684,1402,3086
3521,20200927,우이신설선,솔밭공원,1210,1195,2405
3522,20200927,우이신설선,북한산우이,2821,2893,5714
3523,20200928,우이신설선,북한산우이,2284,2091,4375
3524,20200928,우이신설선,솔밭공원,2261,2140,4401
3525,20200928,우이신설선,4.19민주묘지,2606,2554,5160
3526,20200928,우이신설선,가오리,3838,3786,7624
3527,20200928,우이신설선,화계,3214,2953,6167
3528,20200928,우이신설선,삼양,1949,2106,4055
3529,20200928,우이신설선,삼양사거리,2284,2319,4603
3530,20200928,우이신설선,솔샘,5329,4996,10325
3531,20200928,우이신설선,북한산보국문,5341,5035,10376
3532,20200928,우이신설선,정릉,4306,3881,8187
3533,20200928,우이신설선,성신여대입구(돈암),2963,3169,6132
3534,20200928,우이신설선,보문,1462,1431,2893
3535,20200928,우이신설선,신설동,2221,2134,4355
3536,20200929,우이신설선,신설동,2052,2037,4089
3537,20200929,우이신설선,보문,1452,1384,2836
3538,20200929,우이신설선,성신여대입구(돈암),3036,3358,6394
3539,20200929,우이신설선,정릉,4472,3941,8413
3540,20200929,우이신설선,북한산보국문,5450,5117,10567
3541,20200929,우이신설선,솔샘,5201,4727,9928
3542,20200929,우이신설선,삼양사거리,2241,2288,4529
3543,20200929,우이신설선,삼양,1913,1974,3887
3544,20200929,우이신설선,화계,3081,2791,5872
3545,20200929,우이신설선,가오리,3685,3640,7325
3546,20200929,우이신설선,4.19민주묘지,2572,2421,4993
3547,20200929,우이신설선,솔밭공원,2240,2081,4321
3548,20200929,우이신설선,북한산우이,2277,2056,4333
3549,20200930,우이신설선,신설동,761,703,1464
3550,20200930,우이신설선,보문,689,619,1308
3551,20200930,우이신설선,성신여대입구(돈암),1489,1598,3087
3552,20200930,우이신설선,정릉,1956,1634,3590
3553,20200930,우이신설선,북한산보국문,2622,2167,4789
3554,20200930,우이신설선,솔샘,2036,1797,3833
3555,20200930,우이신설선,삼양사거리,1143,1104,2247
3556,20200930,우이신설선,삼양,929,980,1909
3557,20200930,우이신설선,화계,1442,1289,2731
3558,20200930,우이신설선,가오리,1654,1584,3238
3559,20200930,우이신설선,4.19민주묘지,1304,1166,2470
3560,20200930,우이신설선,솔밭공원,1102,1040,2142
3561,20200930,우이신설선,북한산우이,1861,1928,3789
3562,20201001,우이신설선,신설동,616,573,1189
3563,20201001,우이신설선,보문,520,554,1074
3564,20201001,우이신설선,성신여대입구(돈암),905,1180,2085
3565,20201001,우이신설선,정릉,1635,1416,3051
3566,20201001,우이신설선,북한산보국문,2024,1856,3880
3567,20201001,우이신설선,솔샘,1606,1484,3090
3568,20201001,우이신설선,삼양사거리,867,874,1741
3569,20201001,우이신설선,삼양,740,783,1523
3570,20201001,우이신설선,화계,1257,1060,2317
3571,20201001,우이신설선,가오리,1576,1362,2938
3572,20201001,우이신설선,4.19민주묘지,1091,908,1999
3573,20201001,우이신설선,솔밭공원,865,833,1698
3574,20201001,우이신설선,북한산우이,2058,2057,4115
3575,20201002,우이신설선,신설동,680,652,1332
3576,20201002,우이신설선,보문,577,541,1118
3577,20201002,우이신설선,성신여대입구(돈암),1242,1580,2822
3578,20201002,우이신설선,정릉,1843,1473,3316
3579,20201002,우이신설선,북한산보국문,2348,2071,4419
3580,20201002,우이신설선,솔샘,1927,1649,3576
3581,20201002,우이신설선,삼양사거리,932,919,1851
3582,20201002,우이신설선,삼양,768,802,1570
3583,20201002,우이신설선,화계,1316,1194,2510
3584,20201002,우이신설선,가오리,1547,1399,2946
3585,20201002,우이신설선,4.19민주묘지,1247,1050,2297
3586,20201002,우이신설선,솔밭공원,962,883,1845
3587,20201002,우이신설선,북한산우이,2446,2511,4957
3588,20201003,우이신설선,신설동,971,894,1865
3589,20201003,우이신설선,보문,715,710,1425
3590,20201003,우이신설선,성신여대입구(돈암),1637,2070,3707
3591,20201003,우이신설선,정릉,2204,1851,4055
3592,20201003,우이신설선,북한산보국문,2922,2621,5543
3593,20201003,우이신설선,솔샘,2376,2038,4414
3594,20201003,우이신설선,삼양사거리,1247,1183,2430
3595,20201003,우이신설선,삼양,994,1032,2026
3596,20201003,우이신설선,화계,1636,1559,3195
3597,20201003,우이신설선,가오리,1924,1749,3673
3598,20201003,우이신설선,4.19민주묘지,1686,1431,3117
3599,20201003,우이신설선,솔밭공원,1202,1174,2376
3600,20201003,우이신설선,북한산우이,2972,3190,6162
3601,20201004,우이신설선,신설동,956,927,1883
3602,20201004,우이신설선,보문,704,797,1501
3603,20201004,우이신설선,성신여대입구(돈암),1622,1872,3494
3604,20201004,우이신설선,정릉,1993,1719,3712
3605,20201004,우이신설선,북한산보국문,2808,2582,5390
3606,20201004,우이신설선,솔샘,2069,1901,3970
3607,20201004,우이신설선,삼양사거리,1185,1197,2382
3608,20201004,우이신설선,삼양,1012,1075,2087
3609,20201004,우이신설선,화계,1556,1504,3060
3610,20201004,우이신설선,가오리,1807,1637,3444
3611,20201004,우이신설선,4.19민주묘지,1619,1513,3132
3612,20201004,우이신설선,솔밭공원,1168,1205,2373
3613,20201004,우이신설선,북한산우이,2822,2962,5784
3614,20201005,우이신설선,성신여대입구(돈암),2848,3177,6025
3615,20201005,우이신설선,정릉,4064,3924,7988
3616,20201005,우이신설선,북한산보국문,5119,5068,10187
3617,20201005,우이신설선,삼양사거리,2259,2301,4560
3618,20201005,우이신설선,삼양,1918,2044,3962
3619,20201005,우이신설선,화계,3173,2930,6103
3620,20201005,우이신설선,가오리,3716,3665,7381
3621,20201005,우이신설선,4.19민주묘지,2576,2543,5119
3622,20201005,우이신설선,솔밭공원,2262,2277,4539
3623,20201005,우이신설선,북한산우이,2320,2108,4428
3624,20201005,우이신설선,솔샘,5300,5012,10312
3625,20201005,우이신설선,신설동,2159,2071,4230
3626,20201005,우이신설선,보문,1410,1473,2883
3627,20201006,우이신설선,북한산우이,2502,2357,4859
3628,20201006,우이신설선,솔밭공원,2242,2233,4475
3629,20201006,우이신설선,4.19민주묘지,2765,2675,5440
3630,20201006,우이신설선,가오리,3861,3906,7767
3631,20201006,우이신설선,화계,3215,3028,6243
3632,20201006,우이신설선,삼양,1923,2033,3956
3633,20201006,우이신설선,삼양사거리,2295,2322,4617
3634,20201006,우이신설선,솔샘,5437,5078,10515
3635,20201006,우이신설선,북한산보국문,5404,5223,10627
3636,20201006,우이신설선,정릉,4275,3976,8251
3637,20201006,우이신설선,성신여대입구(돈암),2835,3137,5972
3638,20201006,우이신설선,보문,1395,1424,2819
3639,20201006,우이신설선,신설동,2186,2158,4344
3640,20201007,우이신설선,북한산우이,2419,2265,4684
3641,20201007,우이신설선,솔밭공원,2249,2173,4422
3642,20201007,우이신설선,4.19민주묘지,2839,2762,5601
3643,20201007,우이신설선,가오리,3831,3774,7605
3644,20201007,우이신설선,화계,3206,3026,6232
3645,20201007,우이신설선,삼양,1945,2034,3979
3646,20201007,우이신설선,삼양사거리,2283,2308,4591
3647,20201007,우이신설선,솔샘,5530,5098,10628
3648,20201007,우이신설선,북한산보국문,5658,5373,11031
3649,20201007,우이신설선,정릉,4281,4033,8314
3650,20201007,우이신설선,성신여대입구(돈암),2964,3230,6194
3651,20201007,우이신설선,보문,1425,1509,2934
3652,20201007,우이신설선,신설동,2250,2144,4394
3653,20201008,우이신설선,신설동,2160,2125,4285
3654,20201008,우이신설선,보문,1433,1461,2894
3655,20201008,우이신설선,성신여대입구(돈암),2983,3406,6389
3656,20201008,우이신설선,정릉,4525,4073,8598
3657,20201008,우이신설선,북한산보국문,5766,5397,11163
3658,20201008,우이신설선,솔샘,5669,5033,10702
3659,20201008,우이신설선,삼양사거리,2396,2364,4760
3660,20201008,우이신설선,삼양,2040,2217,4257
3661,20201008,우이신설선,화계,3340,3036,6376
3662,20201008,우이신설선,가오리,4016,3805,7821
3663,20201008,우이신설선,4.19민주묘지,2824,2696,5520
3664,20201008,우이신설선,솔밭공원,2376,2263,4639
3665,20201008,우이신설선,북한산우이,2471,2293,4764
3666,20201009,우이신설선,북한산우이,3260,3369,6629
3667,20201009,우이신설선,솔밭공원,1539,1467,3006
3668,20201009,우이신설선,4.19민주묘지,2173,1865,4038
3669,20201009,우이신설선,가오리,2446,2241,4687
3670,20201009,우이신설선,화계,2190,1907,4097
3671,20201009,우이신설선,삼양,1291,1315,2606
3672,20201009,우이신설선,삼양사거리,1682,1564,3246
3673,20201009,우이신설선,솔샘,3121,2698,5819
3674,20201009,우이신설선,북한산보국문,3967,3495,7462
3675,20201009,우이신설선,정릉,3020,2453,5473
3676,20201009,우이신설선,성신여대입구(돈암),2162,2607,4769
3677,20201009,우이신설선,보문,1018,960,1978
3678,20201009,우이신설선,신설동,1270,1199,2469
3679,20201010,우이신설선,북한산우이,3473,3376,6849
3680,20201010,우이신설선,솔밭공원,1570,1560,3130
3681,20201010,우이신설선,4.19민주묘지,2262,1890,4152
3682,20201010,우이신설선,가오리,2491,2266,4757
3683,20201010,우이신설선,화계,2245,2156,4401
3684,20201010,우이신설선,삼양,1288,1343,2631
3685,20201010,우이신설선,삼양사거리,1720,1693,3413
3686,20201010,우이신설선,솔샘,3108,2829,5937
3687,20201010,우이신설선,북한산보국문,4057,3501,7558
3688,20201010,우이신설선,정릉,3117,2658,5775
3689,20201010,우이신설선,성신여대입구(돈암),2253,2862,5115
3690,20201010,우이신설선,보문,998,943,1941
3691,20201010,우이신설선,신설동,1321,1287,2608
3692,20201011,우이신설선,4.19민주묘지,1867,1595,3462
3693,20201011,우이신설선,가오리,1988,1806,3794
3694,20201011,우이신설선,화계,1775,1650,3425
3695,20201011,우이신설선,삼양,1015,992,2007
3696,20201011,우이신설선,삼양사거리,1346,1295,2641
3697,20201011,우이신설선,솔샘,2275,2184,4459
3698,20201011,우이신설선,북한산보국문,4159,3792,7951
3699,20201011,우이신설선,정릉,2753,2048,4801
3700,20201011,우이신설선,성신여대입구(돈암),1842,2202,4044
3701,20201011,우이신설선,보문,780,758,1538
3702,20201011,우이신설선,신설동,1086,1055,2141
3703,20201011,우이신설선,솔밭공원,1216,1183,2399
3704,20201011,우이신설선,북한산우이,3153,3222,6375
3705,20201012,우이신설선,북한산우이,2426,2233,4659
3706,20201012,우이신설선,솔밭공원,2322,2228,4550
3707,20201012,우이신설선,4.19민주묘지,2844,2717,5561
3708,20201012,우이신설선,가오리,3883,3923,7806
3709,20201012,우이신설선,화계,3223,2971,6194
3710,20201012,우이신설선,삼양,1972,2174,4146
3711,20201012,우이신설선,삼양사거리,2329,2318,4647
3712,20201012,우이신설선,솔샘,5593,5276,10869
3713,20201012,우이신설선,북한산보국문,5554,5337,10891
3714,20201012,우이신설선,정릉,4348,4049,8397
3715,20201012,우이신설선,성신여대입구(돈암),2989,3205,6194
3716,20201012,우이신설선,보문,1415,1483,2898
3717,20201012,우이신설선,신설동,2268,2247,4515
3718,20201013,우이신설선,북한산보국문,5648,5546,11194
3719,20201013,우이신설선,솔샘,5623,5360,10983
3720,20201013,우이신설선,삼양사거리,2425,2431,4856
3721,20201013,우이신설선,삼양,1935,2114,4049
3722,20201013,우이신설선,화계,3215,2995,6210
3723,20201013,우이신설선,가오리,4038,3891,7929
3724,20201013,우이신설선,4.19민주묘지,2851,2879,5730
3725,20201013,우이신설선,솔밭공원,2447,2358,4805
3726,20201013,우이신설선,북한산우이,2533,2339,4872
3727,20201013,우이신설선,신설동,2387,2230,4617
3728,20201013,우이신설선,보문,1462,1462,2924
3729,20201013,우이신설선,성신여대입구(돈암),3000,3201,6201
3730,20201013,우이신설선,정릉,4448,4085,8533
3731,20201014,우이신설선,솔샘,5670,5279,10949
3732,20201014,우이신설선,북한산보국문,5751,5544,11295
3733,20201014,우이신설선,정릉,4359,4081,8440
3734,20201014,우이신설선,성신여대입구(돈암),2938,3181,6119
3735,20201014,우이신설선,보문,1432,1524,2956
3736,20201014,우이신설선,신설동,2311,2291,4602
3737,20201014,우이신설선,북한산우이,2578,2408,4986
3738,20201014,우이신설선,솔밭공원,2333,2226,4559
3739,20201014,우이신설선,4.19민주묘지,2813,2779,5592
3740,20201014,우이신설선,가오리,3990,3960,7950
3741,20201014,우이신설선,삼양사거리,2378,2395,4773
3742,20201014,우이신설선,화계,3224,3014,6238
3743,20201014,우이신설선,삼양,1939,2083,4022
3744,20201015,우이신설선,가오리,3942,3866,7808
3745,20201015,우이신설선,화계,3203,2973,6176
3746,20201015,우이신설선,삼양,1965,2006,3971
3747,20201015,우이신설선,삼양사거리,2334,2325,4659
3748,20201015,우이신설선,솔샘,5554,5183,10737
3749,20201015,우이신설선,북한산보국문,5812,5548,11360
3750,20201015,우이신설선,정릉,4415,4112,8527
3751,20201015,우이신설선,성신여대입구(돈암),2931,3292,6223
3752,20201015,우이신설선,보문,1441,1475,2916
3753,20201015,우이신설선,신설동,2300,2244,4544
3754,20201015,우이신설선,솔밭공원,2430,2301,4731
3755,20201015,우이신설선,4.19민주묘지,2803,2762,5565
3756,20201015,우이신설선,북한산우이,2589,2356,4945
3757,20201016,우이신설선,보문,1502,1474,2976
3758,20201016,우이신설선,성신여대입구(돈암),2994,3447,6441
3759,20201016,우이신설선,정릉,4553,4059,8612
3760,20201016,우이신설선,북한산보국문,5984,5462,11446
3761,20201016,우이신설선,솔샘,5785,5166,10951
3762,20201016,우이신설선,삼양사거리,2414,2365,4779
3763,20201016,우이신설선,삼양,1945,2080,4025
3764,20201016,우이신설선,화계,3299,3039,6338
3765,20201016,우이신설선,가오리,4004,3918,7922
3766,20201016,우이신설선,4.19민주묘지,2873,2737,5610
3767,20201016,우이신설선,솔밭공원,2428,2212,4640
3768,20201016,우이신설선,북한산우이,2542,2278,4820
3769,20201016,우이신설선,신설동,2217,2193,4410
3770,20201017,우이신설선,솔샘,3495,2981,6476
3771,20201017,우이신설선,삼양사거리,1879,1852,3731
3772,20201017,우이신설선,삼양,1486,1583,3069
3773,20201017,우이신설선,화계,2545,2233,4778
3774,20201017,우이신설선,가오리,2831,2614,5445
3775,20201017,우이신설선,4.19민주묘지,2302,2069,4371
3776,20201017,우이신설선,솔밭공원,1741,1660,3401
3777,20201017,우이신설선,북한산우이,4346,4235,8581
3778,20201017,우이신설선,북한산보국문,4497,4023,8520
3779,20201017,우이신설선,정릉,3495,2884,6379
3780,20201017,우이신설선,성신여대입구(돈암),2455,2914,5369
3781,20201017,우이신설선,보문,1065,1034,2099
3782,20201017,우이신설선,신설동,1423,1354,2777
3783,20201018,우이신설선,보문,891,884,1775
3784,20201018,우이신설선,성신여대입구(돈암),1893,2197,4090
3785,20201018,우이신설선,정릉,2503,2102,4605
3786,20201018,우이신설선,북한산보국문,3465,3213,6678
3787,20201018,우이신설선,솔샘,2494,2275,4769
3788,20201018,우이신설선,삼양사거리,1382,1416,2798
3789,20201018,우이신설선,삼양,1247,1271,2518
3790,20201018,우이신설선,화계,1867,1760,3627
3791,20201018,우이신설선,가오리,2174,1964,4138
3792,20201018,우이신설선,4.19민주묘지,2026,1755,3781
3793,20201018,우이신설선,솔밭공원,1361,1341,2702
3794,20201018,우이신설선,북한산우이,3824,3859,7683
3795,20201018,우이신설선,신설동,1206,1172,2378
3796,20201019,우이신설선,신설동,2296,2245,4541
3797,20201019,우이신설선,보문,1484,1507,2991
3798,20201019,우이신설선,성신여대입구(돈암),3019,3335,6354
3799,20201019,우이신설선,정릉,4330,4184,8514
3800,20201019,우이신설선,북한산보국문,5614,5523,11137
3801,20201019,우이신설선,솔샘,5651,5372,11023
3802,20201019,우이신설선,삼양사거리,2457,2451,4908
3803,20201019,우이신설선,삼양,2039,2180,4219
3804,20201019,우이신설선,화계,3306,3072,6378
3805,20201019,우이신설선,가오리,4050,3967,8017
3806,20201019,우이신설선,4.19민주묘지,2802,2710,5512
3807,20201019,우이신설선,솔밭공원,2403,2349,4752
3808,20201019,우이신설선,북한산우이,2613,2430,5043
3809,20201020,우이신설선,신설동,2303,2376,4679
3810,20201020,우이신설선,보문,1443,1471,2914
3811,20201020,우이신설선,성신여대입구(돈암),2960,3258,6218
3812,20201020,우이신설선,정릉,4308,4087,8395
3813,20201020,우이신설선,북한산보국문,5738,5387,11125
3814,20201020,우이신설선,솔샘,5807,5256,11063
3815,20201020,우이신설선,삼양사거리,2427,2495,4922
3816,20201020,우이신설선,삼양,1990,2144,4134
3817,20201020,우이신설선,화계,3384,3098,6482
3818,20201020,우이신설선,가오리,4073,3943,8016
3819,20201020,우이신설선,4.19민주묘지,2899,2879,5778
3820,20201020,우이신설선,솔밭공원,2491,2445,4936
3821,20201020,우이신설선,북한산우이,2771,2473,5244
3822,20201021,우이신설선,북한산우이,2643,2403,5046
3823,20201021,우이신설선,솔밭공원,2415,2324,4739
3824,20201021,우이신설선,4.19민주묘지,2807,2726,5533
3825,20201021,우이신설선,가오리,3977,3955,7932
3826,20201021,우이신설선,화계,3270,3065,6335
3827,20201021,우이신설선,삼양,1901,2025,3926
3828,20201021,우이신설선,삼양사거리,2314,2377,4691
3829,20201021,우이신설선,정릉,4421,4217,8638
3830,20201021,우이신설선,북한산보국문,5776,5588,11364
3831,20201021,우이신설선,솔샘,5742,5350,11092
3832,20201021,우이신설선,신설동,2344,2318,4662
3833,20201021,우이신설선,보문,1445,1469,2914
3834,20201021,우이신설선,성신여대입구(돈암),3084,3311,6395
3835,20201022,우이신설선,4.19민주묘지,2856,2733,5589
3836,20201022,우이신설선,솔밭공원,2367,2330,4697
3837,20201022,우이신설선,신설동,2133,2247,4380
3838,20201022,우이신설선,보문,1442,1493,2935
3839,20201022,우이신설선,성신여대입구(돈암),2943,3197,6140
3840,20201022,우이신설선,정릉,4399,4198,8597
3841,20201022,우이신설선,북한산보국문,5820,5503,11323
3842,20201022,우이신설선,솔샘,5762,5404,11166
3843,20201022,우이신설선,삼양사거리,2355,2432,4787
3844,20201022,우이신설선,삼양,2010,2146,4156
3845,20201022,우이신설선,화계,3340,3104,6444
3846,20201022,우이신설선,가오리,3969,3895,7864
3847,20201022,우이신설선,북한산우이,2737,2387,5124
3848,20201023,우이신설선,신설동,2323,2251,4574
3849,20201023,우이신설선,보문,1548,1551,3099
3850,20201023,우이신설선,성신여대입구(돈암),3176,3635,6811
3851,20201023,우이신설선,정릉,4678,4304,8982
3852,20201023,우이신설선,북한산보국문,6063,5647,11710
3853,20201023,우이신설선,솔샘,5794,5237,11031
3854,20201023,우이신설선,삼양사거리,2391,2402,4793
3855,20201023,우이신설선,삼양,2017,2133,4150
3856,20201023,우이신설선,화계,3382,3022,6404
3857,20201023,우이신설선,가오리,4043,3878,7921
3858,20201023,우이신설선,4.19민주묘지,2947,2730,5677
3859,20201023,우이신설선,솔밭공원,2434,2300,4734
3860,20201023,우이신설선,북한산우이,2821,2524,5345
3861,20201024,우이신설선,신설동,1420,1286,2706
3862,20201024,우이신설선,보문,1067,1024,2091
3863,20201024,우이신설선,성신여대입구(돈암),2523,3010,5533
3864,20201024,우이신설선,정릉,3455,2877,6332
3865,20201024,우이신설선,북한산보국문,4763,4210,8973
3866,20201024,우이신설선,솔샘,3723,3196,6919
3867,20201024,우이신설선,삼양사거리,1827,1823,3650
3868,20201024,우이신설선,삼양,1490,1533,3023
3869,20201024,우이신설선,화계,2314,2111,4425
3870,20201024,우이신설선,가오리,2836,2592,5428
3871,20201024,우이신설선,4.19민주묘지,2340,2145,4485
3872,20201024,우이신설선,솔밭공원,1729,1590,3319
3873,20201024,우이신설선,북한산우이,3933,3921,7854
3874,20201025,우이신설선,북한산우이,4435,4384,8819
3875,20201025,우이신설선,솔밭공원,1368,1261,2629
3876,20201025,우이신설선,4.19민주묘지,2055,1716,3771
3877,20201025,우이신설선,가오리,2238,2050,4288
3878,20201025,우이신설선,화계,1932,1746,3678
3879,20201025,우이신설선,삼양,1159,1122,2281
3880,20201025,우이신설선,삼양사거리,1479,1448,2927
3881,20201025,우이신설선,솔샘,2504,2438,4942
3882,20201025,우이신설선,북한산보국문,3538,3255,6793
3883,20201025,우이신설선,정릉,2538,2255,4793
3884,20201025,우이신설선,성신여대입구(돈암),2050,2290,4340
3885,20201025,우이신설선,보문,913,953,1866
3886,20201025,우이신설선,신설동,1176,1224,2400
3887,20201026,우이신설선,북한산우이,2652,2458,5110
3888,20201026,우이신설선,솔밭공원,2382,2352,4734
3889,20201026,우이신설선,4.19민주묘지,2900,2858,5758
3890,20201026,우이신설선,가오리,4054,3933,7987
3891,20201026,우이신설선,화계,3334,3170,6504
3892,20201026,우이신설선,삼양,2043,2080,4123
3893,20201026,우이신설선,삼양사거리,2362,2466,4828
3894,20201026,우이신설선,신설동,2275,2196,4471
3895,20201026,우이신설선,보문,1518,1502,3020
3896,20201026,우이신설선,성신여대입구(돈암),2988,3267,6255
3897,20201026,우이신설선,정릉,4415,4221,8636
3898,20201026,우이신설선,북한산보국문,5819,5569,11388
3899,20201026,우이신설선,솔샘,5780,5375,11155
3900,20201027,우이신설선,신설동,2472,2293,4765
3901,20201027,우이신설선,보문,1463,1538,3001
3902,20201027,우이신설선,성신여대입구(돈암),3063,3371,6434
3903,20201027,우이신설선,정릉,4465,4287,8752
3904,20201027,우이신설선,북한산보국문,5914,5769,11683
3905,20201027,우이신설선,솔샘,5727,5416,11143
3906,20201027,우이신설선,삼양사거리,2488,2508,4996
3907,20201027,우이신설선,삼양,2009,2077,4086
3908,20201027,우이신설선,화계,3300,3058,6358
3909,20201027,우이신설선,가오리,4049,3944,7993
3910,20201027,우이신설선,4.19민주묘지,2989,2862,5851
3911,20201027,우이신설선,솔밭공원,2407,2394,4801
3912,20201027,우이신설선,북한산우이,3052,2643,5695
3913,20201028,우이신설선,북한산우이,2779,2501,5280
3914,20201028,우이신설선,솔밭공원,2462,2330,4792
3915,20201028,우이신설선,4.19민주묘지,2946,2905,5851
3916,20201028,우이신설선,가오리,4071,4029,8100
3917,20201028,우이신설선,화계,3361,3103,6464
3918,20201028,우이신설선,삼양,2010,2136,4146
3919,20201028,우이신설선,삼양사거리,2388,2473,4861
3920,20201028,우이신설선,솔샘,5864,5300,11164
3921,20201028,우이신설선,북한산보국문,5907,5772,11679
3922,20201028,우이신설선,정릉,4477,4201,8678
3923,20201028,우이신설선,신설동,2336,2243,4579
3924,20201028,우이신설선,보문,1499,1534,3033
3925,20201028,우이신설선,성신여대입구(돈암),3092,3429,6521
3926,20201029,우이신설선,신설동,2312,2262,4574
3927,20201029,우이신설선,보문,1490,1516,3006
3928,20201029,우이신설선,성신여대입구(돈암),3094,3502,6596
3929,20201029,우이신설선,정릉,4564,4211,8775
3930,20201029,우이신설선,북한산보국문,5974,5624,11598
3931,20201029,우이신설선,솔샘,5823,5433,11256
3932,20201029,우이신설선,삼양사거리,2438,2393,4831
3933,20201029,우이신설선,삼양,2012,2127,4139
3934,20201029,우이신설선,화계,3352,3119,6471
3935,20201029,우이신설선,가오리,4090,4001,8091
3936,20201029,우이신설선,4.19민주묘지,3061,2922,5983
3937,20201029,우이신설선,솔밭공원,2398,2308,4706
3938,20201029,우이신설선,북한산우이,2919,2597,5516
3939,20201030,우이신설선,북한산우이,3051,2881,5932
3940,20201030,우이신설선,솔밭공원,2480,2279,4759
3941,20201030,우이신설선,4.19민주묘지,2945,2820,5765
3942,20201030,우이신설선,가오리,4177,3950,8127
3943,20201030,우이신설선,화계,3365,3051,6416
3944,20201030,우이신설선,삼양,2090,2150,4240
3945,20201030,우이신설선,삼양사거리,2409,2427,4836
3946,20201030,우이신설선,솔샘,6008,5301,11309
3947,20201030,우이신설선,북한산보국문,6288,5662,11950
3948,20201030,우이신설선,정릉,4700,4217,8917
3949,20201030,우이신설선,성신여대입구(돈암),3242,3702,6944
3950,20201030,우이신설선,보문,1585,1563,3148
3951,20201030,우이신설선,신설동,2237,2292,4529
3952,20201031,우이신설선,신설동,1510,1374,2884
3953,20201031,우이신설선,보문,1138,1086,2224
3954,20201031,우이신설선,성신여대입구(돈암),2694,3295,5989
3955,20201031,우이신설선,정릉,3617,3008,6625
3956,20201031,우이신설선,북한산보국문,4816,4189,9005
3957,20201031,우이신설선,솔샘,3830,3238,7068
3958,20201031,우이신설선,삼양사거리,1876,1841,3717
3959,20201031,우이신설선,삼양,1524,1613,3137
3960,20201031,우이신설선,화계,2433,2224,4657
3961,20201031,우이신설선,가오리,2849,2636,5485
3962,20201031,우이신설선,4.19민주묘지,2440,2214,4654
3963,20201031,우이신설선,솔밭공원,1780,1614,3394
3964,20201031,우이신설선,북한산우이,4573,4522,9095
3965,20201101,우이신설선,신설동,907,853,1760
3966,20201101,우이신설선,보문,768,756,1524
3967,20201101,우이신설선,성신여대입구(돈암),1688,2048,3736
3968,20201101,우이신설선,정릉,2216,1854,4070
3969,20201101,우이신설선,북한산보국문,3150,2906,6056
3970,20201101,우이신설선,솔샘,2431,2206,4637
3971,20201101,우이신설선,삼양사거리,1189,1245,2434
3972,20201101,우이신설선,삼양,1047,1027,2074
3973,20201101,우이신설선,화계,1604,1531,3135
3974,20201101,우이신설선,가오리,1956,1814,3770
3975,20201101,우이신설선,4.19민주묘지,1444,1479,2923
3976,20201101,우이신설선,솔밭공원,1208,1075,2283
3977,20201101,우이신설선,북한산우이,2217,2082,4299
3978,20201102,우이신설선,북한산우이,2719,2483,5202
3979,20201102,우이신설선,솔밭공원,2302,2302,4604
3980,20201102,우이신설선,4.19민주묘지,2926,2844,5770
3981,20201102,우이신설선,가오리,4021,4052,8073
3982,20201102,우이신설선,화계,3299,3156,6455
3983,20201102,우이신설선,삼양,2098,2161,4259
3984,20201102,우이신설선,삼양사거리,2418,2437,4855
3985,20201102,우이신설선,솔샘,5777,5319,11096
3986,20201102,우이신설선,북한산보국문,5782,5604,11386
3987,20201102,우이신설선,정릉,4389,4166,8555
3988,20201102,우이신설선,성신여대입구(돈암),3033,3233,6266
3989,20201102,우이신설선,보문,1556,1523,3079
3990,20201102,우이신설선,신설동,2295,2236,4531
3991,20201103,우이신설선,북한산우이,2881,2606,5487
3992,20201103,우이신설선,솔밭공원,2327,2245,4572
3993,20201103,우이신설선,4.19민주묘지,2812,2778,5590
3994,20201103,우이신설선,가오리,3956,3940,7896
3995,20201103,우이신설선,화계,3312,3105,6417
3996,20201103,우이신설선,삼양,1992,2178,4170
3997,20201103,우이신설선,삼양사거리,2351,2458,4809
3998,20201103,우이신설선,솔샘,5750,5389,11139
3999,20201103,우이신설선,북한산보국문,5792,5546,11338
4000,20201103,우이신설선,정릉,4409,4220,8629
4001,20201103,우이신설선,성신여대입구(돈암),3096,3418,6514
4002,20201103,우이신설선,보문,1458,1664,3122
4003,20201103,우이신설선,신설동,2281,2297,4578
4004,20201104,우이신설선,북한산우이,2710,2303,5013
4005,20201104,우이신설선,솔밭공원,2301,2255,4556
4006,20201104,우이신설선,4.19민주묘지,2732,2776,5508
4007,20201104,우이신설선,가오리,3997,3952,7949
4008,20201104,우이신설선,화계,3264,3058,6322
4009,20201104,우이신설선,삼양,1982,2104,4086
4010,20201104,우이신설선,삼양사거리,2365,2385,4750
4011,20201104,우이신설선,솔샘,5822,5415,11237
4012,20201104,우이신설선,북한산보국문,5881,5622,11503
4013,20201104,우이신설선,정릉,4472,4255,8727
4014,20201104,우이신설선,성신여대입구(돈암),3174,3368,6542
4015,20201104,우이신설선,보문,1424,1483,2907
4016,20201104,우이신설선,신설동,2328,2258,4586
4017,20201105,우이신설선,북한산우이,2893,2591,5484
4018,20201105,우이신설선,솔밭공원,2373,2329,4702
4019,20201105,우이신설선,4.19민주묘지,2909,2872,5781
4020,20201105,우이신설선,가오리,4056,3888,7944
4021,20201105,우이신설선,화계,3361,3166,6527
4022,20201105,우이신설선,삼양,2009,2068,4077
4023,20201105,우이신설선,삼양사거리,2401,2456,4857
4024,20201105,우이신설선,솔샘,5949,5441,11390
4025,20201105,우이신설선,북한산보국문,5988,5465,11453
4026,20201105,우이신설선,정릉,4632,4285,8917
4027,20201105,우이신설선,성신여대입구(돈암),3052,3451,6503
4028,20201105,우이신설선,보문,1513,1494,3007
4029,20201105,우이신설선,신설동,2388,2280,4668
4030,20201106,우이신설선,신설동,2361,2266,4627
4031,20201106,우이신설선,보문,1538,1544,3082
4032,20201106,우이신설선,성신여대입구(돈암),3248,3706,6954
4033,20201106,우이신설선,정릉,4718,4210,8928
4034,20201106,우이신설선,북한산보국문,6167,5612,11779
4035,20201106,우이신설선,솔샘,5863,5188,11051
4036,20201106,우이신설선,삼양사거리,2422,2455,4877
4037,20201106,우이신설선,삼양,2051,2165,4216
4038,20201106,우이신설선,화계,3305,2977,6282
4039,20201106,우이신설선,가오리,4035,3820,7855
4040,20201106,우이신설선,4.19민주묘지,2918,2806,5724
4041,20201106,우이신설선,솔밭공원,2434,2219,4653
4042,20201106,우이신설선,북한산우이,2679,2498,5177
4043,20201107,우이신설선,보문,1129,1137,2266
4044,20201107,우이신설선,신설동,1464,1330,2794
4045,20201107,우이신설선,북한산우이,3541,3627,7168
4046,20201107,우이신설선,솔밭공원,1818,1642,3460
4047,20201107,우이신설선,4.19민주묘지,2385,2206,4591
4048,20201107,우이신설선,가오리,2737,2570,5307
4049,20201107,우이신설선,화계,2298,2229,4527
4050,20201107,우이신설선,삼양,1463,1532,2995
4051,20201107,우이신설선,삼양사거리,1892,1803,3695
4052,20201107,우이신설선,솔샘,3765,3295,7060
4053,20201107,우이신설선,북한산보국문,4580,3904,8484
4054,20201107,우이신설선,정릉,3535,2898,6433
4055,20201107,우이신설선,성신여대입구(돈암),2675,3125,5800
4056,20201108,우이신설선,솔밭공원,1396,1308,2704
4057,20201108,우이신설선,가오리,2168,2042,4210
4058,20201108,우이신설선,화계,1938,1779,3717
4059,20201108,우이신설선,삼양,1158,1073,2231
4060,20201108,우이신설선,삼양사거리,1486,1458,2944
4061,20201108,우이신설선,솔샘,2706,2504,5210
4062,20201108,우이신설선,북한산보국문,3584,3329,6913
4063,20201108,우이신설선,정릉,2610,2291,4901
4064,20201108,우이신설선,성신여대입구(돈암),2128,2405,4533
4065,20201108,우이신설선,보문,954,953,1907
4066,20201108,우이신설선,신설동,1205,1166,2371
4067,20201108,우이신설선,북한산우이,3634,3699,7333
4068,20201108,우이신설선,4.19민주묘지,2041,1866,3907
4069,20201109,우이신설선,신설동,2304,2251,4555
4070,20201109,우이신설선,보문,1451,1495,2946
4071,20201109,우이신설선,성신여대입구(돈암),2973,3314,6287
4072,20201109,우이신설선,정릉,4410,4229,8639
4073,20201109,우이신설선,북한산보국문,5817,5546,11363
4074,20201109,우이신설선,솔샘,5813,5371,11184
4075,20201109,우이신설선,삼양사거리,2351,2408,4759
4076,20201109,우이신설선,삼양,2099,2258,4357
4077,20201109,우이신설선,화계,3306,3157,6463
4078,20201109,우이신설선,가오리,4050,3955,8005
4079,20201109,우이신설선,4.19민주묘지,2815,2826,5641
4080,20201109,우이신설선,솔밭공원,2301,2269,4570
4081,20201109,우이신설선,북한산우이,2735,2493,5228
4082,20201110,우이신설선,신설동,2289,2238,4527
4083,20201110,우이신설선,북한산우이,2641,2410,5051
4084,20201110,우이신설선,솔밭공원,2449,2392,4841
4085,20201110,우이신설선,4.19민주묘지,2909,2826,5735
4086,20201110,우이신설선,가오리,4111,4109,8220
4087,20201110,우이신설선,화계,3357,3117,6474
4088,20201110,우이신설선,삼양,2057,2215,4272
4089,20201110,우이신설선,삼양사거리,2345,2378,4723
4090,20201110,우이신설선,솔샘,5928,5508,11436
4091,20201110,우이신설선,북한산보국문,6025,5705,11730
4092,20201110,우이신설선,정릉,4554,4309,8863
4093,20201110,우이신설선,성신여대입구(돈암),3052,3412,6464
4094,20201110,우이신설선,보문,1453,1545,2998
4095,20201111,우이신설선,정릉,4685,4363,9048
4096,20201111,우이신설선,북한산보국문,6078,5667,11745
4097,20201111,우이신설선,솔샘,5858,5463,11321
4098,20201111,우이신설선,삼양사거리,2449,2416,4865
4099,20201111,우이신설선,삼양,2015,2087,4102
4100,20201111,우이신설선,화계,3371,3151,6522
4101,20201111,우이신설선,가오리,4127,4070,8197
4102,20201111,우이신설선,4.19민주묘지,2995,2865,5860
4103,20201111,우이신설선,솔밭공원,2453,2340,4793
4104,20201111,우이신설선,북한산우이,2601,2307,4908
4105,20201111,우이신설선,신설동,2283,2307,4590
4106,20201111,우이신설선,보문,1531,1453,2984
4107,20201111,우이신설선,성신여대입구(돈암),3177,3535,6712
4108,20201112,우이신설선,북한산우이,2590,2422,5012
4109,20201112,우이신설선,솔밭공원,2433,2263,4696
4110,20201112,우이신설선,4.19민주묘지,3040,2917,5957
4111,20201112,우이신설선,가오리,4048,3960,8008
4112,20201112,우이신설선,화계,3348,3094,6442
4113,20201112,우이신설선,삼양,2093,2103,4196
4114,20201112,우이신설선,삼양사거리,2384,2429,4813
4115,20201112,우이신설선,솔샘,5886,5477,11363
4116,20201112,우이신설선,북한산보국문,6009,5547,11556
4117,20201112,우이신설선,정릉,4580,4219,8799
4118,20201112,우이신설선,성신여대입구(돈암),3085,3509,6594
4119,20201112,우이신설선,보문,1510,1545,3055
4120,20201112,우이신설선,신설동,2359,2288,4647
4121,20201113,우이신설선,북한산우이,2590,2357,4947
4122,20201113,우이신설선,솔밭공원,2379,2172,4551
4123,20201113,우이신설선,4.19민주묘지,2879,2716,5595
4124,20201113,우이신설선,가오리,4126,3902,8028
4125,20201113,우이신설선,화계,3306,2978,6284
4126,20201113,우이신설선,삼양,2020,2075,4095
4127,20201113,우이신설선,삼양사거리,2432,2387,4819
4128,20201113,우이신설선,솔샘,5927,5218,11145
4129,20201113,우이신설선,북한산보국문,6150,5443,11593
4130,20201113,우이신설선,정릉,4643,4052,8695
4131,20201113,우이신설선,성신여대입구(돈암),3197,3595,6792
4132,20201113,우이신설선,보문,1523,1519,3042
4133,20201113,우이신설선,신설동,2418,2345,4763
4134,20201114,우이신설선,북한산우이,3345,3458,6803
4135,20201114,우이신설선,솔밭공원,1732,1647,3379
4136,20201114,우이신설선,4.19민주묘지,2303,1980,4283
4137,20201114,우이신설선,가오리,2751,2612,5363
4138,20201114,우이신설선,화계,2351,2121,4472
4139,20201114,우이신설선,삼양,1419,1470,2889
4140,20201114,우이신설선,삼양사거리,1795,1727,3522
4141,20201114,우이신설선,솔샘,3705,3191,6896
4142,20201114,우이신설선,북한산보국문,4740,4043,8783
4143,20201114,우이신설선,정릉,3519,2912,6431
4144,20201114,우이신설선,성신여대입구(돈암),2512,3001,5513
4145,20201114,우이신설선,보문,1040,1072,2112
4146,20201114,우이신설선,신설동,1456,1362,2818
4147,20201115,우이신설선,솔샘,2659,2466,5125
4148,20201115,우이신설선,삼양사거리,1467,1505,2972
4149,20201115,우이신설선,신설동,1194,1119,2313
4150,20201115,우이신설선,보문,873,952,1825
4151,20201115,우이신설선,성신여대입구(돈암),1991,2339,4330
4152,20201115,우이신설선,정릉,2702,2352,5054
4153,20201115,우이신설선,북한산보국문,3511,3237,6748
4154,20201115,우이신설선,삼양,1219,1260,2479
4155,20201115,우이신설선,화계,1957,1867,3824
4156,20201115,우이신설선,가오리,2226,2024,4250
4157,20201115,우이신설선,4.19민주묘지,2111,1865,3976
4158,20201115,우이신설선,솔밭공원,1366,1280,2646
4159,20201115,우이신설선,북한산우이,3903,3839,7742
4160,20201116,우이신설선,신설동,2307,2193,4500
4161,20201116,우이신설선,보문,1483,1485,2968
4162,20201116,우이신설선,성신여대입구(돈암),3053,3326,6379
4163,20201116,우이신설선,정릉,4484,4202,8686
4164,20201116,우이신설선,북한산보국문,5790,5631,11421
4165,20201116,우이신설선,솔샘,5799,5353,11152
4166,20201116,우이신설선,삼양사거리,2377,2404,4781
4167,20201116,우이신설선,삼양,2034,2148,4182
4168,20201116,우이신설선,화계,3310,3123,6433
4169,20201116,우이신설선,가오리,3954,3965,7919
4170,20201116,우이신설선,4.19민주묘지,2924,2934,5858
4171,20201116,우이신설선,솔밭공원,2346,2369,4715
4172,20201116,우이신설선,북한산우이,2524,2233,4757
4173,20201117,우이신설선,북한산우이,2669,2396,5065
4174,20201117,우이신설선,솔밭공원,2407,2328,4735
4175,20201117,우이신설선,4.19민주묘지,2937,2805,5742
4176,20201117,우이신설선,가오리,4020,3987,8007
4177,20201117,우이신설선,화계,3272,3059,6331
4178,20201117,우이신설선,삼양,2029,2176,4205
4179,20201117,우이신설선,삼양사거리,2399,2518,4917
4180,20201117,우이신설선,솔샘,5747,5387,11134
4181,20201117,우이신설선,북한산보국문,5899,5675,11574
4182,20201117,우이신설선,정릉,4486,4232,8718
4183,20201117,우이신설선,성신여대입구(돈암),2984,3349,6333
4184,20201117,우이신설선,보문,1531,1499,3030
4185,20201117,우이신설선,신설동,2337,2215,4552
4186,20201118,우이신설선,북한산우이,2228,1922,4150
4187,20201118,우이신설선,솔밭공원,2375,2286,4661
4188,20201118,우이신설선,4.19민주묘지,2791,2745,5536
4189,20201118,우이신설선,가오리,3924,3973,7897
4190,20201118,우이신설선,화계,3110,2925,6035
4191,20201118,우이신설선,삼양,1951,2085,4036
4192,20201118,우이신설선,삼양사거리,2273,2248,4521
4193,20201118,우이신설선,솔샘,5621,5290,10911
4194,20201118,우이신설선,북한산보국문,5707,5630,11337
4195,20201118,우이신설선,정릉,4369,4071,8440
4196,20201118,우이신설선,성신여대입구(돈암),2998,3336,6334
4197,20201118,우이신설선,보문,1489,1483,2972
4198,20201118,우이신설선,신설동,2232,2186,4418
4199,20201119,우이신설선,북한산우이,1889,1612,3501
4200,20201119,우이신설선,솔밭공원,2226,2187,4413
4201,20201119,우이신설선,4.19민주묘지,2535,2520,5055
4202,20201119,우이신설선,가오리,3686,3659,7345
4203,20201119,우이신설선,화계,3084,2866,5950
4204,20201119,우이신설선,삼양,1886,1898,3784
4205,20201119,우이신설선,삼양사거리,2203,2235,4438
4206,20201119,우이신설선,솔샘,5606,5056,10662
4207,20201119,우이신설선,북한산보국문,5449,5214,10663
4208,20201119,우이신설선,정릉,4131,3897,8028
4209,20201119,우이신설선,성신여대입구(돈암),2843,3139,5982
4210,20201119,우이신설선,보문,1422,1356,2778
4211,20201119,우이신설선,신설동,1969,2004,3973
4212,20201120,우이신설선,북한산우이,2392,2149,4541
4213,20201120,우이신설선,솔밭공원,2321,2233,4554
4214,20201120,우이신설선,4.19민주묘지,2841,2688,5529
4215,20201120,우이신설선,가오리,4054,3839,7893
4216,20201120,우이신설선,화계,3305,3062,6367
4217,20201120,우이신설선,삼양,2067,2108,4175
4218,20201120,우이신설선,삼양사거리,2361,2405,4766
4219,20201120,우이신설선,솔샘,5609,5130,10739
4220,20201120,우이신설선,북한산보국문,5960,5589,11549
4221,20201120,우이신설선,정릉,4455,4114,8569
4222,20201120,우이신설선,성신여대입구(돈암),3185,3533,6718
4223,20201120,우이신설선,보문,1587,1524,3111
4224,20201120,우이신설선,신설동,2153,2216,4369
4225,20201121,우이신설선,신설동,1383,1257,2640
4226,20201121,우이신설선,보문,993,1045,2038
4227,20201121,우이신설선,성신여대입구(돈암),2251,2849,5100
4228,20201121,우이신설선,정릉,3211,2702,5913
4229,20201121,우이신설선,북한산보국문,4276,3719,7995
4230,20201121,우이신설선,솔샘,3288,2910,6198
4231,20201121,우이신설선,삼양사거리,1686,1626,3312
4232,20201121,우이신설선,삼양,1297,1389,2686
4233,20201121,우이신설선,화계,2119,2035,4154
4234,20201121,우이신설선,가오리,2582,2454,5036
4235,20201121,우이신설선,4.19민주묘지,2122,1939,4061
4236,20201121,우이신설선,솔밭공원,1591,1465,3056
4237,20201121,우이신설선,북한산우이,2776,2775,5551
4238,20201122,우이신설선,신설동,870,879,1749
4239,20201122,우이신설선,보문,782,837,1619
4240,20201122,우이신설선,성신여대입구(돈암),1594,1926,3520
4241,20201122,우이신설선,정릉,2068,1834,3902
4242,20201122,우이신설선,북한산보국문,2958,2706,5664
4243,20201122,우이신설선,솔샘,2173,1980,4153
4244,20201122,우이신설선,삼양사거리,1207,1159,2366
4245,20201122,우이신설선,삼양,987,964,1951
4246,20201122,우이신설선,화계,1573,1460,3033
4247,20201122,우이신설선,가오리,1820,1721,3541
4248,20201122,우이신설선,4.19민주묘지,1391,1286,2677
4249,20201122,우이신설선,솔밭공원,1178,1073,2251
4250,20201122,우이신설선,북한산우이,1793,1803,3596
4251,20201123,우이신설선,신설동,2301,2292,4593
4252,20201123,우이신설선,보문,1476,1484,2960
4253,20201123,우이신설선,성신여대입구(돈암),2821,3248,6069
4254,20201123,우이신설선,정릉,4188,4078,8266
4255,20201123,우이신설선,북한산보국문,5577,5332,10909
4256,20201123,우이신설선,솔샘,5484,5066,10550
4257,20201123,우이신설선,삼양사거리,2360,2362,4722
4258,20201123,우이신설선,삼양,2000,2149,4149
4259,20201123,우이신설선,화계,3186,3002,6188
4260,20201123,우이신설선,가오리,3865,3787,7652
4261,20201123,우이신설선,4.19민주묘지,2694,2629,5323
4262,20201123,우이신설선,솔밭공원,2252,2172,4424
4263,20201123,우이신설선,북한산우이,2298,1990,4288
4264,20201124,우이신설선,북한산우이,2241,2037,4278
4265,20201124,우이신설선,솔밭공원,2233,2200,4433
4266,20201124,우이신설선,4.19민주묘지,2622,2569,5191
4267,20201124,우이신설선,신설동,2162,2192,4354
4268,20201124,우이신설선,보문,1493,1469,2962
4269,20201124,우이신설선,성신여대입구(돈암),2898,3128,6026
4270,20201124,우이신설선,정릉,4106,4024,8130
4271,20201124,우이신설선,북한산보국문,5491,5373,10864
4272,20201124,우이신설선,솔샘,5371,5103,10474
4273,20201124,우이신설선,삼양사거리,2246,2369,4615
4274,20201124,우이신설선,삼양,1941,2030,3971
4275,20201124,우이신설선,화계,3242,3074,6316
4276,20201124,우이신설선,가오리,3722,3762,7484
4277,20201125,우이신설선,북한산우이,2294,2017,4311
4278,20201125,우이신설선,솔밭공원,2243,2178,4421
4279,20201125,우이신설선,4.19민주묘지,2691,2692,5383
4280,20201125,우이신설선,가오리,3826,3894,7720
4281,20201125,우이신설선,화계,3066,2990,6056
4282,20201125,우이신설선,삼양,1936,2088,4024
4283,20201125,우이신설선,삼양사거리,2264,2303,4567
4284,20201125,우이신설선,솔샘,5471,5166,10637
4285,20201125,우이신설선,북한산보국문,5506,5387,10893
4286,20201125,우이신설선,정릉,4236,4129,8365
4287,20201125,우이신설선,성신여대입구(돈암),2876,3069,5945
4288,20201125,우이신설선,보문,1424,1418,2842
4289,20201125,우이신설선,신설동,2205,2181,4386
4290,20201126,우이신설선,삼양,1904,2043,3947
4291,20201126,우이신설선,화계,3039,2890,5929
4292,20201126,우이신설선,가오리,3666,3755,7421
4293,20201126,우이신설선,4.19민주묘지,2658,2581,5239
4294,20201126,우이신설선,솔밭공원,2196,2222,4418
4295,20201126,우이신설선,북한산우이,2264,2008,4272
4296,20201126,우이신설선,북한산보국문,5237,5075,10312
4297,20201126,우이신설선,정릉,4046,3851,7897
4298,20201126,우이신설선,성신여대입구(돈암),2676,2834,5510
4299,20201126,우이신설선,보문,1402,1412,2814
4300,20201126,우이신설선,신설동,2084,2101,4185
4301,20201126,우이신설선,솔샘,5249,4924,10173
4302,20201126,우이신설선,삼양사거리,2186,2347,4533
4303,20201127,우이신설선,신설동,2024,2052,4076
4304,20201127,우이신설선,보문,1395,1351,2746
4305,20201127,우이신설선,성신여대입구(돈암),2817,2972,5789
4306,20201127,우이신설선,정릉,4027,3856,7883
4307,20201127,우이신설선,북한산보국문,5239,5043,10282
4308,20201127,우이신설선,솔샘,5064,4786,9850
4309,20201127,우이신설선,삼양사거리,2223,2329,4552
4310,20201127,우이신설선,삼양,1850,2017,3867
4311,20201127,우이신설선,화계,3005,2881,5886
4312,20201127,우이신설선,가오리,3624,3699,7323
4313,20201127,우이신설선,4.19민주묘지,2459,2414,4873
4314,20201127,우이신설선,솔밭공원,2145,2112,4257
4315,20201127,우이신설선,북한산우이,2122,1835,3957
4316,20201128,우이신설선,북한산우이,2111,2155,4266
4317,20201128,우이신설선,솔밭공원,1360,1319,2679
4318,20201128,우이신설선,4.19민주묘지,1756,1645,3401
4319,20201128,우이신설선,가오리,2209,2153,4362
4320,20201128,우이신설선,화계,1925,1833,3758
4321,20201128,우이신설선,삼양,1145,1225,2370
4322,20201128,우이신설선,삼양사거리,1541,1532,3073
4323,20201128,우이신설선,솔샘,2811,2560,5371
4324,20201128,우이신설선,북한산보국문,3578,3333,6911
4325,20201128,우이신설선,정릉,2678,2343,5021
4326,20201128,우이신설선,성신여대입구(돈암),1945,2287,4232
4327,20201128,우이신설선,보문,897,899,1796
4328,20201128,우이신설선,신설동,1169,1069,2238
4329,20201129,우이신설선,삼양,957,963,1920
4330,20201129,우이신설선,화계,1473,1372,2845
4331,20201129,우이신설선,가오리,1724,1563,3287
4332,20201129,우이신설선,4.19민주묘지,1322,1231,2553
4333,20201129,우이신설선,솔밭공원,1022,1018,2040
4334,20201129,우이신설선,북한산우이,1907,1942,3849
4335,20201129,우이신설선,신설동,838,855,1693
4336,20201129,우이신설선,보문,692,713,1405
4337,20201129,우이신설선,성신여대입구(돈암),1405,1499,2904
4338,20201129,우이신설선,정릉,1880,1738,3618
4339,20201129,우이신설선,북한산보국문,2682,2516,5198
4340,20201129,우이신설선,솔샘,1929,1850,3779
4341,20201129,우이신설선,삼양사거리,1006,1057,2063
4342,20201130,우이신설선,북한산우이,2034,1834,3868
4343,20201130,우이신설선,솔밭공원,2044,2076,4120
4344,20201130,우이신설선,4.19민주묘지,2450,2406,4856
4345,20201130,우이신설선,가오리,3614,3647,7261
4346,20201130,우이신설선,화계,2938,2800,5738
4347,20201130,우이신설선,삼양,1917,2020,3937
4348,20201130,우이신설선,삼양사거리,2202,2320,4522
4349,20201130,우이신설선,솔샘,5075,4843,9918
4350,20201130,우이신설선,북한산보국문,4976,4999,9975
4351,20201130,우이신설선,정릉,3958,3827,7785
4352,20201130,우이신설선,성신여대입구(돈암),2612,2819,5431
4353,20201130,우이신설선,보문,1383,1361,2744
4354,20201130,우이신설선,신설동,2040,2018,4058
4355,20201201,우이신설선,신설동,2160,2055,4215
4356,20201201,우이신설선,보문,1317,1305,2622
4357,20201201,우이신설선,성신여대입구(돈암),2616,2841,5457
4358,20201201,우이신설선,정릉,3871,3755,7626
4359,20201201,우이신설선,북한산보국문,5091,5051,10142
4360,20201201,우이신설선,솔샘,5048,4818,9866
4361,20201201,우이신설선,삼양사거리,2164,2224,4388
4362,20201201,우이신설선,삼양,1744,1955,3699
4363,20201201,우이신설선,화계,2937,2891,5828
4364,20201201,우이신설선,가오리,3540,3592,7132
4365,20201201,우이신설선,4.19민주묘지,2374,2427,4801
4366,20201201,우이신설선,솔밭공원,2139,2107,4246
4367,20201201,우이신설선,북한산우이,2088,1769,3857
4368,20201202,우이신설선,보문,1423,1360,2783
4369,20201202,우이신설선,성신여대입구(돈암),2710,2921,5631
4370,20201202,우이신설선,정릉,4041,3904,7945
4371,20201202,우이신설선,북한산보국문,5280,5241,10521
4372,20201202,우이신설선,솔샘,5141,5042,10183
4373,20201202,우이신설선,삼양사거리,2192,2211,4403
4374,20201202,우이신설선,삼양,1775,1975,3750
4375,20201202,우이신설선,화계,3003,2851,5854
4376,20201202,우이신설선,가오리,3596,3687,7283
4377,20201202,우이신설선,4.19민주묘지,2529,2484,5013
4378,20201202,우이신설선,솔밭공원,2189,2082,4271
4379,20201202,우이신설선,북한산우이,2181,1987,4168
4380,20201202,우이신설선,신설동,2194,2070,4264
4381,20201203,우이신설선,북한산우이,2182,2009,4191
4382,20201203,우이신설선,솔밭공원,2112,2087,4199
4383,20201203,우이신설선,4.19민주묘지,2434,2400,4834
4384,20201203,우이신설선,가오리,3532,3616,7148
4385,20201203,우이신설선,화계,2900,2864,5764
4386,20201203,우이신설선,삼양,1781,1996,3777
4387,20201203,우이신설선,삼양사거리,2148,2230,4378
4388,20201203,우이신설선,솔샘,5104,4885,9989
4389,20201203,우이신설선,북한산보국문,5071,5058,10129
4390,20201203,우이신설선,정릉,3927,3787,7714
4391,20201203,우이신설선,성신여대입구(돈암),2734,2892,5626
4392,20201203,우이신설선,보문,1411,1477,2888
4393,20201203,우이신설선,신설동,2046,1993,4039
4394,20201204,우이신설선,신설동,2018,1952,3970
4395,20201204,우이신설선,보문,1366,1366,2732
4396,20201204,우이신설선,성신여대입구(돈암),2714,2867,5581
4397,20201204,우이신설선,정릉,3954,3758,7712
4398,20201204,우이신설선,북한산보국문,5140,4967,10107
4399,20201204,우이신설선,솔샘,5052,4680,9732
4400,20201204,우이신설선,삼양사거리,2184,2207,4391
4401,20201204,우이신설선,삼양,1791,2030,3821
4402,20201204,우이신설선,화계,2990,2809,5799
4403,20201204,우이신설선,가오리,3566,3649,7215
4404,20201204,우이신설선,4.19민주묘지,2473,2390,4863
4405,20201204,우이신설선,솔밭공원,2059,2035,4094
4406,20201204,우이신설선,북한산우이,2007,1782,3789
4407,20201205,우이신설선,신설동,1194,1129,2323
4408,20201205,우이신설선,보문,895,926,1821
4409,20201205,우이신설선,성신여대입구(돈암),2031,2312,4343
4410,20201205,우이신설선,정릉,2678,2328,5006
4411,20201205,우이신설선,북한산보국문,3478,3261,6739
4412,20201205,우이신설선,솔샘,2760,2559,5319
4413,20201205,우이신설선,삼양사거리,1489,1463,2952
4414,20201205,우이신설선,삼양,1194,1345,2539
4415,20201205,우이신설선,화계,1878,1823,3701
4416,20201205,우이신설선,가오리,2155,2075,4230
4417,20201205,우이신설선,4.19민주묘지,1696,1567,3263
4418,20201205,우이신설선,솔밭공원,1334,1258,2592
4419,20201205,우이신설선,북한산우이,2236,2181,4417
4420,20201206,우이신설선,신설동,1038,959,1997
4421,20201206,우이신설선,보문,733,758,1491
4422,20201206,우이신설선,성신여대입구(돈암),1461,1709,3170
4423,20201206,우이신설선,정릉,1880,1694,3574
4424,20201206,우이신설선,북한산보국문,2640,2476,5116
4425,20201206,우이신설선,솔샘,1977,1807,3784
4426,20201206,우이신설선,삼양사거리,1165,1126,2291
4427,20201206,우이신설선,삼양,920,909,1829
4428,20201206,우이신설선,화계,1475,1472,2947
4429,20201206,우이신설선,가오리,1746,1653,3399
4430,20201206,우이신설선,4.19민주묘지,2701,2339,5040
4431,20201206,우이신설선,솔밭공원,1203,1109,2312
4432,20201206,우이신설선,북한산우이,2043,2052,4095
4433,20201207,우이신설선,신설동,1999,1935,3934
4434,20201207,우이신설선,보문,1322,1355,2677
4435,20201207,우이신설선,성신여대입구(돈암),2528,2717,5245
4436,20201207,우이신설선,정릉,3815,3745,7560
4437,20201207,우이신설선,북한산보국문,4928,4925,9853
4438,20201207,우이신설선,솔샘,5128,4903,10031
4439,20201207,우이신설선,삼양사거리,2160,2216,4376
4440,20201207,우이신설선,삼양,1821,1988,3809
4441,20201207,우이신설선,화계,2982,2839,5821
4442,20201207,우이신설선,가오리,3548,3585,7133
4443,20201207,우이신설선,4.19민주묘지,2373,2422,4795
4444,20201207,우이신설선,솔밭공원,2109,2115,4224
4445,20201207,우이신설선,북한산우이,2059,1788,3847
4446,20201208,우이신설선,신설동,1963,1868,3831
4447,20201208,우이신설선,보문,1250,1308,2558
4448,20201208,우이신설선,성신여대입구(돈암),2348,2508,4856
4449,20201208,우이신설선,정릉,3643,3594,7237
4450,20201208,우이신설선,북한산보국문,4814,4777,9591
4451,20201208,우이신설선,솔샘,4896,4705,9601
4452,20201208,우이신설선,삼양사거리,2031,2091,4122
4453,20201208,우이신설선,삼양,1737,1972,3709
4454,20201208,우이신설선,화계,2873,2801,5674
4455,20201208,우이신설선,가오리,3370,3496,6866
4456,20201208,우이신설선,4.19민주묘지,2382,2332,4714
4457,20201208,우이신설선,솔밭공원,2003,2059,4062
4458,20201208,우이신설선,북한산우이,2027,1814,3841
4459,20201209,우이신설선,신설동,1988,1948,3936
4460,20201209,우이신설선,화계,2927,2766,5693
4461,20201209,우이신설선,북한산우이,2005,1832,3837
4462,20201209,우이신설선,솔밭공원,2060,2006,4066
4463,20201209,우이신설선,4.19민주묘지,2301,2315,4616
4464,20201209,우이신설선,가오리,3431,3493,6924
4465,20201209,우이신설선,삼양,1716,1889,3605
4466,20201209,우이신설선,삼양사거리,2038,2076,4114
4467,20201209,우이신설선,솔샘,4886,4714,9600
4468,20201209,우이신설선,북한산보국문,4846,4797,9643
4469,20201209,우이신설선,정릉,3651,3561,7212
4470,20201209,우이신설선,성신여대입구(돈암),2490,2640,5130
4471,20201209,우이신설선,보문,1234,1303,2537
4472,20201210,우이신설선,신설동,2004,1905,3909
4473,20201210,우이신설선,보문,1280,1404,2684
4474,20201210,우이신설선,성신여대입구(돈암),2408,2575,4983
4475,20201210,우이신설선,정릉,3665,3648,7313
4476,20201210,우이신설선,북한산보국문,4762,4738,9500
4477,20201210,우이신설선,솔샘,4717,4542,9259
4478,20201210,우이신설선,삼양사거리,2015,2121,4136
4479,20201210,우이신설선,삼양,1781,1911,3692
4480,20201210,우이신설선,화계,2882,2708,5590
4481,20201210,우이신설선,가오리,3460,3449,6909
4482,20201210,우이신설선,4.19민주묘지,2200,2218,4418
4483,20201210,우이신설선,솔밭공원,2030,2014,4044
4484,20201210,우이신설선,북한산우이,2039,1839,3878
4485,20201211,우이신설선,신설동,1988,1899,3887
4486,20201211,우이신설선,보문,1262,1281,2543
4487,20201211,우이신설선,성신여대입구(돈암),2583,2740,5323
4488,20201211,우이신설선,정릉,3737,3654,7391
4489,20201211,우이신설선,북한산보국문,4908,4722,9630
4490,20201211,우이신설선,솔샘,4870,4487,9357
4491,20201211,우이신설선,삼양사거리,2142,2210,4352
4492,20201211,우이신설선,삼양,1809,2070,3879
4493,20201211,우이신설선,화계,2992,2770,5762
4494,20201211,우이신설선,가오리,3463,3422,6885
4495,20201211,우이신설선,4.19민주묘지,2303,2226,4529
4496,20201211,우이신설선,솔밭공원,2040,2037,4077
4497,20201211,우이신설선,북한산우이,2051,1838,3889
4498,20201212,우이신설선,신설동,1227,1134,2361
4499,20201212,우이신설선,보문,821,827,1648
4500,20201212,우이신설선,성신여대입구(돈암),1712,2016,3728
4501,20201212,우이신설선,정릉,2480,2079,4559
4502,20201212,우이신설선,북한산보국문,3279,3166,6445
4503,20201212,우이신설선,솔샘,2467,2276,4743
4504,20201212,우이신설선,삼양사거리,1394,1361,2755
4505,20201212,우이신설선,삼양,1094,1210,2304
4506,20201212,우이신설선,화계,1836,1764,3600
4507,20201212,우이신설선,가오리,2066,1921,3987
4508,20201212,우이신설선,4.19민주묘지,1739,1542,3281
4509,20201212,우이신설선,솔밭공원,1264,1229,2493
4510,20201212,우이신설선,북한산우이,2164,2314,4478
4511,20201213,우이신설선,북한산우이,1382,1534,2916
4512,20201213,우이신설선,솔밭공원,834,808,1642
4513,20201213,우이신설선,4.19민주묘지,1102,1027,2129
4514,20201213,우이신설선,가오리,1366,1305,2671
4515,20201213,우이신설선,화계,1233,1132,2365
4516,20201213,우이신설선,삼양,669,721,1390
4517,20201213,우이신설선,삼양사거리,909,965,1874
4518,20201213,우이신설선,솔샘,1622,1487,3109
4519,20201213,우이신설선,북한산보국문,2135,1960,4095
4520,20201213,우이신설선,정릉,1481,1377,2858
4521,20201213,우이신설선,성신여대입구(돈암),1124,1308,2432
4522,20201213,우이신설선,보문,555,595,1150
4523,20201213,우이신설선,신설동,653,623,1276
4524,20201214,우이신설선,북한산우이,1641,1501,3142
4525,20201214,우이신설선,솔밭공원,1790,1828,3618
4526,20201214,우이신설선,4.19민주묘지,2029,1963,3992
4527,20201214,우이신설선,가오리,3125,3239,6364
4528,20201214,우이신설선,화계,2731,2607,5338
4529,20201214,우이신설선,삼양,1646,1820,3466
4530,20201214,우이신설선,삼양사거리,1883,1916,3799
4531,20201214,우이신설선,솔샘,4578,4499,9077
4532,20201214,우이신설선,북한산보국문,4332,4442,8774
4533,20201214,우이신설선,정릉,3332,3312,6644
4534,20201214,우이신설선,성신여대입구(돈암),2170,2309,4479
4535,20201214,우이신설선,보문,1253,1281,2534
4536,20201214,우이신설선,신설동,1746,1707,3453
4537,20201215,우이신설선,북한산우이,2054,1815,3869
4538,20201215,우이신설선,솔밭공원,1808,1829,3637
4539,20201215,우이신설선,4.19민주묘지,1983,1796,3779
4540,20201215,우이신설선,가오리,3113,3207,6320
4541,20201215,우이신설선,화계,2671,2606,5277
4542,20201215,우이신설선,삼양,1624,1790,3414
4543,20201215,우이신설선,삼양사거리,1830,1930,3760
4544,20201215,우이신설선,솔샘,4423,4314,8737
4545,20201215,우이신설선,북한산보국문,4422,4439,8861
4546,20201215,우이신설선,정릉,3254,3320,6574
4547,20201215,우이신설선,성신여대입구(돈암),2209,2353,4562
4548,20201215,우이신설선,보문,1216,1295,2511
4549,20201215,우이신설선,신설동,1826,1718,3544
4550,20201216,우이신설선,신설동,1838,1785,3623
4551,20201216,우이신설선,보문,1147,1281,2428
4552,20201216,우이신설선,성신여대입구(돈암),2158,2393,4551
4553,20201216,우이신설선,정릉,3341,3191,6532
4554,20201216,우이신설선,북한산보국문,4306,4302,8608
4555,20201216,우이신설선,솔샘,4339,4158,8497
4556,20201216,우이신설선,삼양사거리,1783,1865,3648
4557,20201216,우이신설선,삼양,1602,1735,3337
4558,20201216,우이신설선,화계,2633,2515,5148
4559,20201216,우이신설선,가오리,3153,3147,6300
4560,20201216,우이신설선,4.19민주묘지,1988,1801,3789
4561,20201216,우이신설선,솔밭공원,1750,1717,3467
4562,20201216,우이신설선,북한산우이,1740,1553,3293
4563,20201217,우이신설선,신설동,1829,1706,3535
4564,20201217,우이신설선,보문,1174,1188,2362
4565,20201217,우이신설선,성신여대입구(돈암),2138,2360,4498
4566,20201217,우이신설선,정릉,3422,3256,6678
4567,20201217,우이신설선,북한산보국문,4327,4370,8697
4568,20201217,우이신설선,솔샘,4422,4242,8664
4569,20201217,우이신설선,삼양사거리,1838,1859,3697
4570,20201217,우이신설선,삼양,1661,1871,3532
4571,20201217,우이신설선,화계,2613,2565,5178
4572,20201217,우이신설선,가오리,3184,3222,6406
4573,20201217,우이신설선,4.19민주묘지,2041,2025,4066
4574,20201217,우이신설선,솔밭공원,1864,1895,3759
4575,20201217,우이신설선,북한산우이,1918,1690,3608
4576,20201218,우이신설선,북한산우이,1825,1699,3524
4577,20201218,우이신설선,솔밭공원,1934,1924,3858
4578,20201218,우이신설선,4.19민주묘지,2249,2139,4388
4579,20201218,우이신설선,가오리,3301,3275,6576
4580,20201218,우이신설선,화계,2710,2570,5280
4581,20201218,우이신설선,삼양,1635,1821,3456
4582,20201218,우이신설선,삼양사거리,1998,2015,4013
4583,20201218,우이신설선,솔샘,4622,4342,8964
4584,20201218,우이신설선,북한산보국문,4610,4613,9223
4585,20201218,우이신설선,정릉,3574,3390,6964
4586,20201218,우이신설선,성신여대입구(돈암),2422,2554,4976
4587,20201218,우이신설선,보문,1215,1218,2433
4588,20201218,우이신설선,신설동,1803,1739,3542
4589,20201219,우이신설선,북한산우이,1756,1690,3446
4590,20201219,우이신설선,솔밭공원,1174,1144,2318
4591,20201219,우이신설선,4.19민주묘지,1413,1269,2682
4592,20201219,우이신설선,가오리,1851,1923,3774
4593,20201219,우이신설선,화계,1686,1540,3226
4594,20201219,우이신설선,삼양,1027,1139,2166
4595,20201219,우이신설선,삼양사거리,1235,1268,2503
4596,20201219,우이신설선,솔샘,2349,2149,4498
4597,20201219,우이신설선,북한산보국문,3066,2893,5959
4598,20201219,우이신설선,정릉,2376,2081,4457
4599,20201219,우이신설선,성신여대입구(돈암),1635,1848,3483
4600,20201219,우이신설선,보문,763,808,1571
4601,20201219,우이신설선,신설동,1002,979,1981
4602,20201220,우이신설선,솔밭공원,899,848,1747
4603,20201220,우이신설선,북한산우이,1560,1692,3252
4604,20201220,우이신설선,신설동,704,687,1391
4605,20201220,우이신설선,보문,561,584,1145
4606,20201220,우이신설선,성신여대입구(돈암),1151,1276,2427
4607,20201220,우이신설선,정릉,1498,1372,2870
4608,20201220,우이신설선,북한산보국문,2136,2021,4157
4609,20201220,우이신설선,솔샘,1598,1465,3063
4610,20201220,우이신설선,삼양사거리,936,967,1903
4611,20201220,우이신설선,삼양,790,830,1620
4612,20201220,우이신설선,화계,1246,1134,2380
4613,20201220,우이신설선,가오리,1385,1352,2737
4614,20201220,우이신설선,4.19민주묘지,1145,960,2105
4615,20201221,우이신설선,북한산우이,2880,2746,5626
4616,20201221,우이신설선,삼양,1693,1848,3541
4617,20201221,우이신설선,삼양사거리,1959,2103,4062
4618,20201221,우이신설선,솔샘,4643,4469,9112
4619,20201221,우이신설선,북한산보국문,4716,4631,9347
4620,20201221,우이신설선,정릉,3522,3396,6918
4621,20201221,우이신설선,성신여대입구(돈암),2397,2403,4800
4622,20201221,우이신설선,보문,1215,1254,2469
4623,20201221,우이신설선,신설동,1880,1783,3663
4624,20201221,우이신설선,솔밭공원,1905,1853,3758
4625,20201221,우이신설선,4.19민주묘지,2231,2178,4409
4626,20201221,우이신설선,가오리,3260,3381,6641
4627,20201221,우이신설선,화계,2842,2656,5498
4628,20201222,우이신설선,신설동,1803,1729,3532
4629,20201222,우이신설선,보문,1213,1208,2421
4630,20201222,우이신설선,성신여대입구(돈암),2344,2420,4764
4631,20201222,우이신설선,정릉,3467,3348,6815
4632,20201222,우이신설선,북한산보국문,4549,4589,9138
4633,20201222,우이신설선,솔샘,4559,4414,8973
4634,20201222,우이신설선,삼양사거리,1868,1995,3863
4635,20201222,우이신설선,삼양,1623,1768,3391
4636,20201222,우이신설선,화계,2720,2443,5163
4637,20201222,우이신설선,가오리,3246,3224,6470
4638,20201222,우이신설선,4.19민주묘지,2231,2156,4387
4639,20201222,우이신설선,솔밭공원,1962,1928,3890
4640,20201222,우이신설선,북한산우이,2027,1867,3894
4641,20201223,우이신설선,신설동,1877,1819,3696
4642,20201223,우이신설선,보문,1253,1248,2501
4643,20201223,우이신설선,성신여대입구(돈암),2285,2505,4790
4644,20201223,우이신설선,정릉,3492,3423,6915
4645,20201223,우이신설선,북한산보국문,4689,4604,9293
4646,20201223,우이신설선,삼양사거리,1879,1942,3821
4647,20201223,우이신설선,삼양,1632,1831,3463
4648,20201223,우이신설선,화계,2683,2421,5104
4649,20201223,우이신설선,가오리,3255,3356,6611
4650,20201223,우이신설선,4.19민주묘지,2271,2159,4430
4651,20201223,우이신설선,솔밭공원,1901,1925,3826
4652,20201223,우이신설선,북한산우이,1924,1735,3659
4653,20201223,우이신설선,솔샘,4556,4327,8883
4654,20201224,우이신설선,신설동,1837,1721,3558
4655,20201224,우이신설선,보문,1285,1284,2569
4656,20201224,우이신설선,성신여대입구(돈암),2469,2670,5139
4657,20201224,우이신설선,정릉,3628,3495,7123
4658,20201224,우이신설선,북한산보국문,4650,4462,9112
4659,20201224,우이신설선,솔샘,4516,4167,8683
4660,20201224,우이신설선,삼양사거리,1977,2000,3977
4661,20201224,우이신설선,삼양,1639,1874,3513
4662,20201224,우이신설선,화계,2776,2463,5239
4663,20201224,우이신설선,가오리,3241,3219,6460
4664,20201224,우이신설선,4.19민주묘지,2216,2133,4349
4665,20201224,우이신설선,솔밭공원,1908,1905,3813
4666,20201224,우이신설선,북한산우이,1868,1647,3515
4667,20201225,우이신설선,신설동,819,810,1629
4668,20201225,우이신설선,보문,707,647,1354
4669,20201225,우이신설선,성신여대입구(돈암),1365,1564,2929
4670,20201225,우이신설선,정릉,1815,1559,3374
4671,20201225,우이신설선,북한산보국문,2404,2179,4583
4672,20201225,우이신설선,솔샘,1897,1704,3601
4673,20201225,우이신설선,삼양사거리,1095,1102,2197
4674,20201225,우이신설선,삼양,864,916,1780
4675,20201225,우이신설선,화계,1429,1320,2749
4676,20201225,우이신설선,가오리,1576,1557,3133
4677,20201225,우이신설선,4.19민주묘지,1299,1228,2527
4678,20201225,우이신설선,솔밭공원,1026,955,1981
4679,20201225,우이신설선,북한산우이,1511,1554,3065
4680,20201226,우이신설선,솔샘,2203,2063,4266
4681,20201226,우이신설선,북한산보국문,2639,2548,5187
4682,20201226,우이신설선,정릉,2062,1856,3918
4683,20201226,우이신설선,성신여대입구(돈암),1565,1774,3339
4684,20201226,우이신설선,보문,722,708,1430
4685,20201226,우이신설선,신설동,1055,933,1988
4686,20201226,우이신설선,북한산우이,1811,1863,3674
4687,20201226,우이신설선,솔밭공원,1177,1191,2368
4688,20201226,우이신설선,4.19민주묘지,1440,1207,2647
4689,20201226,우이신설선,가오리,1798,1796,3594
4690,20201226,우이신설선,화계,1679,1601,3280
4691,20201226,우이신설선,삼양,1043,1173,2216
4692,20201226,우이신설선,삼양사거리,1260,1357,2617
4693,20201227,우이신설선,신설동,733,664,1397
4694,20201227,우이신설선,보문,526,557,1083
4695,20201227,우이신설선,성신여대입구(돈암),1072,1297,2369
4696,20201227,우이신설선,정릉,1410,1267,2677
4697,20201227,우이신설선,북한산보국문,2069,1912,3981
4698,20201227,우이신설선,솔샘,1561,1410,2971
4699,20201227,우이신설선,삼양사거리,905,931,1836
4700,20201227,우이신설선,삼양,760,784,1544
4701,20201227,우이신설선,화계,1268,1129,2397
4702,20201227,우이신설선,가오리,1409,1388,2797
4703,20201227,우이신설선,4.19민주묘지,1163,967,2130
4704,20201227,우이신설선,솔밭공원,856,848,1704
4705,20201227,우이신설선,북한산우이,1796,1851,3647
4706,20201228,우이신설선,삼양,1627,1818,3445
4707,20201228,우이신설선,화계,2790,2588,5378
4708,20201228,우이신설선,가오리,3225,3298,6523
4709,20201228,우이신설선,4.19민주묘지,2232,2140,4372
4710,20201228,우이신설선,솔밭공원,1915,1943,3858
4711,20201228,우이신설선,북한산우이,1930,1748,3678
4712,20201228,우이신설선,신설동,1812,1672,3484
4713,20201228,우이신설선,보문,1200,1229,2429
4714,20201228,우이신설선,성신여대입구(돈암),2267,2485,4752
4715,20201228,우이신설선,정릉,3501,3306,6807
4716,20201228,우이신설선,북한산보국문,4555,4470,9025
4717,20201228,우이신설선,솔샘,4514,4362,8876
4718,20201228,우이신설선,삼양사거리,2010,1998,4008
4719,20201229,우이신설선,신설동,1823,1716,3539
4720,20201229,우이신설선,보문,1252,1222,2474
4721,20201229,우이신설선,성신여대입구(돈암),2379,2522,4901
4722,20201229,우이신설선,정릉,3503,3360,6863
4723,20201229,우이신설선,북한산보국문,4543,4468,9011
4724,20201229,우이신설선,솔샘,4457,4245,8702
4725,20201229,우이신설선,삼양사거리,1911,2055,3966
4726,20201229,우이신설선,삼양,1702,1878,3580
4727,20201229,우이신설선,화계,2696,2645,5341
4728,20201229,우이신설선,가오리,3172,3216,6388
4729,20201229,우이신설선,4.19민주묘지,2042,2046,4088
4730,20201229,우이신설선,솔밭공원,1973,1912,3885
4731,20201229,우이신설선,북한산우이,2059,1861,3920
4732,20201230,우이신설선,신설동,1698,1594,3292
4733,20201230,우이신설선,보문,1203,1179,2382
4734,20201230,우이신설선,성신여대입구(돈암),2220,2449,4669
4735,20201230,우이신설선,정릉,3213,3157,6370
4736,20201230,우이신설선,북한산보국문,4235,4241,8476
4737,20201230,우이신설선,솔샘,4309,4067,8376
4738,20201230,우이신설선,삼양사거리,1778,1842,3620
4739,20201230,우이신설선,삼양,1549,1691,3240
4740,20201230,우이신설선,화계,2491,2399,4890
4741,20201230,우이신설선,가오리,3074,3195,6269
4742,20201230,우이신설선,4.19민주묘지,1870,1855,3725
4743,20201230,우이신설선,솔밭공원,1769,1801,3570
4744,20201230,우이신설선,북한산우이,1618,1436,3054
4745,20201231,우이신설선,신설동,1597,1574,3171
4746,20201231,우이신설선,보문,1135,1154,2289
4747,20201231,우이신설선,성신여대입구(돈암),2228,2481,4709
4748,20201231,우이신설선,정릉,3268,3085,6353
4749,20201231,우이신설선,북한산보국문,4161,4014,8175
4750,20201231,우이신설선,솔샘,4036,3747,7783
4751,20201231,우이신설선,삼양사거리,1750,1866,3616
4752,20201231,우이신설선,삼양,1473,1673,3146
4753,20201231,우이신설선,화계,2492,2340,4832
4754,20201231,우이신설선,가오리,2887,2960,5847
4755,20201231,우이신설선,4.19민주묘지,1899,1880,3779
4756,20201231,우이신설선,솔밭공원,1717,1721,3438
4757,20201231,우이신설선,북한산우이,1644,1458,3102
