사용일자,호선명,지하철역,승차총승객수,하차총승객수,승하차총승객수
20211101,1호선,동대문,10855,10327,21182
20211101,4호선,총신대입구,18768,20176,38944
20211101,4호선,동작,1816,2032,3848
20211101,4호선,이촌,6548,7256,13804
20211101,4호선,신용산,16029,17131,33160
20211101,4호선,삼각지,4890,5395,10285
20211101,4호선,숙대입구,12637,12342,24979
20211101,4호선,사당,20821,19987,40808
20211101,4호선,서울역,10710,15107,25817
20211101,4호선,명동,18099,18406,36505
20211101,4호선,충무로,26306,27742,54048
20211101,4호선,동대문역사문화공원,14120,13026,27146
20211101,4호선,동대문,19464,20443,39907
20211101,4호선,혜화,28426,29158,57584
20211101,4호선,한성대입구,13436,13096,26532
20211101,4호선,회현,23558,25035,48593
20211101,4호선,남태령,1202,1028,2230
20211101,4호선,당고개,12899,11339,24238
20211101,4호선,상계,19017,17567,36584
20211101,5호선,오목교,20997,22840,43837
20211101,5호선,목동,16638,17964,34602
20211101,5호선,신정,14114,11215,25329
20211101,5호선,까치산,28922,27589,56511
20211101,5호선,화곡,28369,26237,54606
20211101,5호선,우장산,14719,14350,29069
20211101,5호선,발산,19906,20650,40556
20211101,5호선,마곡,10624,10596,21220
20211101,5호선,송정,6682,6147,12829
20211101,5호선,김포공항,7028,6586,13614
20211101,5호선,개화산,5592,5321,10913
20211101,5호선,방화,6764,6488,13252
20211101,4호선,쌍문,29579,26594,56173
20211101,4호선,창동,25233,26498,51731
20211101,4호선,노원,17772,20165,37937
20211101,4호선,성신여대입구,19237,18633,37870
20211101,4호선,길음,20113,19645,39758
20211101,4호선,미아사거리,27146,26121,53267
20211101,4호선,미아,15031,14628,29659
20211101,1호선,서울역,42897,40304,83201
20211101,1호선,동묘앞,7553,7826,15379
20211101,1호선,시청,21877,22165,44042
20211101,우이신설선,북한산우이,3103,2904,6007
20211101,안산선,수리산,4305,3580,7885
20211101,안산선,오이도,8284,7991,16275
20211101,안산선,정왕,9147,9980,19127
20211101,안산선,신길온천,1769,1560,3329
20211101,안산선,안산,11821,10771,22592
20211101,안산선,초지,5157,5351,10508
20211101,안산선,고잔,8829,8387,17216
20211101,안산선,중앙,17274,17974,35248
20211101,수인선,인천논현,5560,5909,11469
20211101,수인선,소래포구,6302,5974,12276
20211101,수인선,월곶,2578,2335,4913
20211101,5호선,신길,4058,4301,8359
20211101,5호선,양평,7461,7391,14852
20211101,1호선,종각,34081,33763,67844
20211101,수인선,호구포,3984,4218,8202
20211101,4호선,수유,33191,33078,66269
20211101,3호선,오금,6353,5620,11973
20211101,3호선,경찰병원,7427,7476,14903
20211101,3호선,가락시장,8761,8695,17456
20211101,3호선,수서,16443,17109,33552
20211101,3호선,일원,10360,9988,20348
20211101,3호선,대청,10046,9367,19413
20211101,3호선,학여울,1781,1737,3518
20211101,3호선,대치,10463,10562,21025
20211101,3호선,도곡,5358,5559,10917
20211101,3호선,매봉,12473,12042,24515
20211101,3호선,양재,37622,41445,79067
20211101,3호선,남부터미널,27913,28757,56670
20211101,3호선,교대,13811,9194,23005
20211101,수인선,남동인더스파크,2242,2550,4792
20211101,7호선,건대입구,11473,12123,23596
20211101,5호선,영등포구청,3920,3976,7896
20211101,5호선,영등포시장,9639,9917,19556
20211101,5호선,여의도,27841,29579,57420
20211101,6호선,광흥창,8930,8659,17589
20211101,6호선,상수,7078,8006,15084
20211101,6호선,합정,11856,11986,23842
20211101,6호선,망원,13211,13870,27081
20211101,6호선,마포구청,14142,12631,26773
20211101,6호선,월드컵경기장,4864,5160,10024
20211101,6호선,디지털미디어시티,13816,15066,28882
20211101,6호선,증산,10115,9729,19844
20211101,6호선,새절,12939,12087,25026
20211101,6호선,구산,7644,5718,13362
20211101,6호선,연신내,2,0,2
20211101,6호선,독바위,2734,2898,5632
20211101,6호선,불광,4073,4076,8149
20211101,6호선,응암,17661,17201,34862
20211101,5호선,하남검단산,5121,4916,10037
20211101,6호선,대흥,7899,8120,16019
20211101,5호선,하남시청,6031,5747,11778
20211101,6호선,공덕,18377,17818,36195
20211101,6호선,삼각지,5724,4912,10636
20211101,6호선,돌곶이,9299,8694,17993
20211101,6호선,상월곡,6324,5594,11918
20211101,6호선,월곡,11826,11669,23495
20211101,6호선,고려대,7898,7683,15581
20211101,6호선,안암,10303,10639,20942
20211101,6호선,보문,7180,6580,13760
20211101,6호선,창신,3573,2871,6444
20211101,6호선,동묘앞,7473,7792,15265
20211101,6호선,신당,7482,8153,15635
20211101,6호선,청구,3638,4013,7651
20211101,6호선,약수,3748,3824,7572
20211101,6호선,버티고개,1835,1371,3206
20211101,6호선,한강진,6365,7359,13724
20211101,6호선,이태원,9005,8996,18001
20211101,6호선,녹사평,4311,4286,8597
20211101,6호선,효창공원앞,6941,6171,13112
20211101,수인선,사리,4417,3901,8318
20211101,5호선,하남풍산,4224,4188,8412
20211101,5호선,강일,3788,3783,7571
20211101,5호선,마장,5716,5222,10938
20211101,5호선,왕십리,4374,4971,9345
20211101,5호선,행당,8027,7132,15159
20211101,5호선,신금호,6407,6673,13080
20211101,5호선,청구,4070,3649,7719
20211101,5호선,동대문역사문화공원,2916,3431,6347
20211101,5호선,을지로4가,6209,6274,12483
20211101,5호선,종로3가,11247,11236,22483
20211101,5호선,광화문,29354,30928,60282
20211101,5호선,서대문,19078,19801,38879
20211101,5호선,충정로,4930,5028,9958
20211101,5호선,애오개,6607,6656,13263
20211101,5호선,공덕,13994,14921,28915
20211101,5호선,마포,14282,14603,28885
20211101,5호선,여의나루,9535,10995,20530
20211101,5호선,답십리,15781,14527,30308
20211101,5호선,미사,15749,15288,31037
20211101,5호선,장한평,18559,18374,36933
20211101,5호선,아차산,14308,13816,28124
20211101,5호선,마천,6855,6654,13509
20211101,5호선,거여,9153,8596,17749
20211101,5호선,개롱,6597,6867,13464
20211101,5호선,오금,3802,3766,7568
20211101,5호선,방이,6979,7186,14165
20211101,5호선,올림픽공원,4550,4048,8598
20211101,5호선,둔촌동,8587,8501,17088
20211101,5호선,상일동,15841,13969,29810
20211101,5호선,고덕,9729,9498,19227
20211101,5호선,명일,8531,8779,17310
20211101,5호선,굽은다리,9552,9029,18581
20211101,5호선,길동,7791,8152,15943
20211101,5호선,강동,18303,17434,35737
20211101,5호선,천호,16628,17193,33821
20211101,5호선,광나루,12848,11910,24758
20211101,5호선,군자,10773,11842,22615
20211101,수인선,야목,329,238,567
20211101,수인선,어천,789,774,1563
20211101,수인선,오목천,3222,3007,6229
20211101,2호선,구로디지털단지,60417,60702,121119
20211101,안산선,한대앞,9699,9885,19584
20211101,안산선,상록수,16052,16185,32237
20211101,안산선,반월,4475,4220,8695
20211101,안산선,대야미,5023,4549,9572
20211101,안산선,산본,15954,17181,33135
20211101,수인선,인천,1010,1672,2682
20211101,수인선,신포,1860,1832,3692
20211101,수인선,숭의,4181,3810,7991
20211101,수인선,인하대,5972,5716,11688
20211101,수인선,송도,2567,2263,4830
20211101,수인선,연수,4476,4364,8840
20211101,수인선,원인재,4504,4641,9145
20211101,중앙선,국수,787,779,1566
20211101,중앙선,신원,203,184,387
20211101,중앙선,아신,548,551,1099
20211101,중앙선,양수,2028,2006,4034
20211101,중앙선,오빈,318,289,607
20211101,중앙선,원덕,393,376,769
20211101,2호선,신답,1648,1896,3544
20211101,2호선,용답,2781,2753,5534
20211101,2호선,충정로,10045,10482,20527
20211101,2호선,아현,10290,9847,20137
20211101,2호선,이대,12901,13748,26649
20211101,2호선,신촌,29898,30930,60828
20211101,2호선,홍대입구,45737,48427,94164
20211101,2호선,합정,28171,29932,58103
20211101,2호선,당산,18369,21610,39979
20211101,2호선,영등포구청,23147,23230,46377
20211101,2호선,문래,21379,21864,43243
20211101,2호선,신도림,46201,45502,91703
20211101,2호선,대림,24310,24619,48929
20211101,중앙선,지평,73,69,142
20211101,중앙선,용문,2271,2199,4470
20211101,중앙선,양평,2667,2720,5387
20211101,2호선,신설동,3066,3053,6119
20211101,중앙선,운길산,897,853,1750
20211101,중앙선,도심,2644,2026,4670
20211101,2호선,선릉,56895,50844,107739
20211101,2호선,역삼,51474,57809,109283
20211101,2호선,강남,77095,77542,154637
20211101,2호선,교대,33038,37615,70653
20211101,2호선,서초,21498,20958,42456
20211101,2호선,방배,15635,16373,32008
20211101,2호선,사당,37489,38346,75835
20211101,2호선,낙성대,26412,25715,52127
20211101,2호선,서울대입구,45797,45509,91306
20211101,2호선,봉천,23916,22035,45951
20211101,2호선,신림,60916,58969,119885
20211101,2호선,신대방,26338,25427,51765
20211101,6호선,역촌,3832,4456,8288
20211101,1호선,종로3가,24261,22213,46474
20211101,1호선,종로5가,21309,21179,42488
20211101,2호선,삼성,49029,50411,99440
20211101,중앙선,팔당,806,883,1689
20211101,2호선,종합운동장,12727,14066,26793
20211101,2호선,잠실,63586,63679,127265
20211101,중앙선,덕소,5782,5622,11404
20211101,중앙선,양정,847,736,1583
20211101,중앙선,도농,10693,9352,20045
20211101,중앙선,구리,13727,13603,27330
20211101,중앙선,양원,2048,2055,4103
20211101,중앙선,망우,7662,7455,15117
20211101,중앙선,상봉,6028,5916,11944
20211101,중앙선,중랑,5697,5286,10983
20211101,중앙선,회기,24100,23761,47861
20211101,장항선,신창,2215,2520,4735
20211101,장항선,온양온천,3492,3583,7075
20211101,장항선,배방,1119,1093,2212
20211101,장항선,탕정,330,315,645
20211101,장항선,아산,3665,3117,6782
20211101,장항선,쌍용,2362,2389,4751
20211101,2호선,잠실새내,20519,20602,41121
20211101,6호선,석계,12113,12594,24707
20211101,2호선,도림천,1413,1421,2834
20211101,2호선,신정네거리,10420,10614,21034
20211101,분당선,야탑,25216,26139,51355
20211101,분당선,모란,19701,19966,39667
20211101,분당선,태평,13273,12731,26004
20211101,분당선,가천대,8886,10059,18945
20211101,분당선,선정릉,8052,8795,16847
20211101,분당선,강남구청,9718,11125,20843
20211101,분당선,압구정로데오,15852,17685,33537
20211101,분당선,서울숲,11135,11400,22535
20211101,분당선,수원,7965,6502,14467
20211101,분당선,복정,1,0,1
20211101,분당선,수서,13415,13371,26786
20211101,분당선,대모산입구,4371,3960,8331
20211101,분당선,개포동,3723,3869,7592
20211101,분당선,구룡,2156,2120,4276
20211101,분당선,도곡,6846,6844,13690
20211101,분당선,서현,23772,24150,47922
20211101,분당선,한티,13351,14507,27858
20211101,분당선,수내,12882,12865,25747
20211101,분당선,미금,14936,16178,31114
20211101,수인선,고색,4403,4156,8559
20211101,분당선,매교,3133,3160,6293
20211101,분당선,수원시청,12062,12916,24978
20211101,분당선,매탄권선,4987,4813,9800
20211101,분당선,망포,14290,13511,27801
20211101,분당선,영통,7864,8184,16048
20211101,분당선,청명,4303,4067,8370
20211101,분당선,상갈,5441,5142,10583
20211101,분당선,기흥,9839,9173,19012
20211101,분당선,신갈,4572,4478,9050
20211101,분당선,구성,5167,5350,10517
20211101,분당선,죽전,13056,14384,27440
20211101,분당선,보정,2566,2217,4783
20211101,분당선,이매,5684,5158,10842
20211101,분당선,오리,11888,9965,21853
20211101,분당선,정자,16960,18012,34972
20211101,2호선,양천구청,6789,7085,13874
20211101,분당선,선릉,13347,20480,33827
20211101,과천선,평촌,18091,17991,36082
20211101,3호선,동대입구,7498,8140,15638
20211101,3호선,충무로,1,0,1
20211101,3호선,을지로3가,10152,10495,20647
20211101,3호선,종로3가,9591,11205,20796
20211101,3호선,안국,19631,20639,40270
20211101,3호선,경복궁,19424,19433,38857
20211101,3호선,독립문,6919,7265,14184
20211101,3호선,무악재,3917,4003,7920
20211101,3호선,홍제,17393,16295,33688
20211101,3호선,녹번,15437,14038,29475
20211101,3호선,불광,16606,17622,34228
20211101,3호선,연신내,36447,34558,71005
20211101,3호선,구파발,20590,19599,40189
20211101,3호선,지축,4653,4359,9012
20211101,2호선,용두,2342,2322,4664
20211101,3호선,약수,12707,12645,25352
20211101,과천선,범계,24903,24822,49725
20211101,3호선,금호,7757,7256,15013
20211101,3호선,압구정,28585,30764,59349
20211101,과천선,인덕원,24042,25339,49381
20211101,과천선,정부과천청사,11193,10678,21871
20211101,과천선,과천,5658,5107,10765
20211101,과천선,대공원,4063,4112,8175
20211101,과천선,경마공원,1097,1047,2144
20211101,과천선,선바위,8595,7424,16019
20211101,공항철도 1호선,영종,3069,2893,5962
20211101,공항철도 1호선,인천공항2터미널,2120,1920,4040
20211101,공항철도 1호선,인천공항1터미널,3409,3424,6833
20211101,공항철도 1호선,공항화물청사,2266,2511,4777
20211101,공항철도 1호선,운서,6444,6465,12909
20211101,공항철도 1호선,청라국제도시,6716,6228,12944
20211101,3호선,고속터미널,35265,33923,69188
20211101,3호선,잠원,4825,4832,9657
20211101,3호선,신사,28099,30252,58351
20211101,3호선,옥수,8792,8997,17789
20211101,6호선,태릉입구,5358,5960,11318
20211101,수인선,달월,103,71,174
20211101,6호선,봉화산,8899,8350,17249
20211101,경의선,운정,7254,6654,13908
20211101,경의선,야당,7165,6947,14112
20211101,경의선,탄현,7974,7420,15394
20211101,경의선,일산,9635,9293,18928
20211101,경의선,풍산,5621,5320,10941
20211101,경의선,백마,7200,6661,13861
20211101,경의선,곡산,628,659,1287
20211101,경의선,능곡,3894,3578,7472
20211101,경의선,행신,8100,8019,16119
20211101,경의선,강매,3315,2877,6192
20211101,경의선,화전,1906,1783,3689
20211101,경의선,수색,2874,2947,5821
20211101,경의선,디지털미디어시티,2546,2323,4869
20211101,경의선,가좌,5567,5195,10762
20211101,경의선,홍대입구,1477,1686,3163
20211101,경의선,금릉,4780,4606,9386
20211101,경의선,서강대,2118,2004,4122
20211101,경의선,금촌,6846,6856,13702
20211101,경의선,파주,1697,1194,2891
20211101,경인선,인천,3566,2627,6193
20211101,경인선,동인천,13807,12986,26793
20211101,경인선,제물포,11022,10534,21556
20211101,경인선,주안,18775,17057,35832
20211101,경인선,동암,14846,14807,29653
20211101,경인선,백운,7228,6995,14223
20211101,경인선,부평,28148,30393,58541
20211101,경인선,송내,27279,27036,54315
20211101,경인선,부천,32523,32302,64825
20211101,경인선,역곡,28406,27990,56396
20211101,경인선,오류동,12302,11559,23861
20211101,경인선,개봉,21724,21708,43432
20211101,경의선,계양,2,0,2
20211101,경의선,임진강,16,6,22
20211101,경의선,문산,5053,4955,10008
20211101,경의선,월롱,2676,2766,5442
20211101,경인선,구일,6591,6587,13178
20211101,경의선,공덕,3447,3267,6714
20211101,경의선,신촌,874,1075,1949
20211101,경원선,광운대,8721,8531,17252
20211101,경원선,석계,7920,9219,17139
20211101,경원선,신이문,8555,7810,16365
20211101,경원선,외대앞,8190,8390,16580
20211101,경원선,청량리,14987,15313,30300
20211101,경원선,왕십리,13399,15286,28685
20211101,경원선,응봉,1919,1586,3505
20211101,경원선,옥수,54,46,100
20211101,경원선,한남,4140,3854,7994
20211101,경원선,서빙고,1893,1711,3604
20211101,경원선,이촌,3702,2880,6582
20211101,경부선,광명,3401,2847,6248
20211101,경부선,서동탄,1488,1283,2771
20211101,경부선,당정,6398,6075,12473
20211101,경부선,천안,5510,5752,11262
20211101,경원선,월계,7093,6620,13713
20211101,경의선,효창공원앞,2894,3316,6210
20211101,경원선,녹천,4731,3945,8676
20211101,경원선,도봉,6214,5911,12125
20211101,경의선,서울역,4438,5635,10073
20211101,경원선,소요산,4016,3439,7455
20211101,경원선,동두천,2065,2305,4370
20211101,경원선,보산,1641,1387,3028
20211101,경원선,동두천중앙,3249,3014,6263
20211101,경원선,지행,6471,6414,12885
20211101,경원선,덕정,5767,5635,11402
20211101,경원선,덕계,3216,2869,6085
20211101,경원선,양주,8130,7557,15687
20211101,경원선,녹양,4549,4303,8852
20211101,경원선,가능,6696,6393,13089
20211101,경원선,의정부,17620,18076,35696
20211101,경원선,회룡,12687,12396,25083
20211101,경원선,망월사,7687,7852,15539
20211101,경원선,도봉산,8305,5405,13710
20211101,경원선,방학,9797,9453,19250
20211101,경부선,두정,5170,5478,10648
20211101,경인선,소사,9025,8894,17919
20211101,경인선,간석,6054,5670,11724
20211101,일산선,대화,13017,10117,23134
20211101,일산선,주엽,9212,8994,18206
20211101,일산선,정발산,6948,7072,14020
20211101,일산선,마두,7631,7675,15306
20211101,일산선,백석,9734,9840,19574
20211101,일산선,대곡,1913,1511,3424
20211101,일산선,화정,17128,17388,34516
20211101,일산선,원당,11405,10685,22090
20211101,일산선,삼송,19093,18501,37594
20211101,일산선,원흥,10812,10239,21051
20211101,우이신설선,신설동,2243,2163,4406
20211101,우이신설선,보문,1495,1473,2968
20211101,우이신설선,성신여대입구,3192,3480,6672
20211101,우이신설선,정릉,4607,4251,8858
20211101,우이신설선,북한산보국문,5919,5630,11549
20211101,장항선,봉명,1247,1205,2452
20211101,우이신설선,솔샘,5795,5382,11177
20211101,2호선,잠실나루,14725,14375,29100
20211101,2호선,구의,23366,23151,46517
20211101,6호선,화랑대,11860,9650,21510
20211101,1호선,제기동,17584,17948,35532
20211101,1호선,청량리,19604,19787,39391
20211101,2호선,시청,23006,22704,45710
20211101,2호선,을지로입구,37349,38597,75946
20211101,2호선,을지로3가,21528,21600,43128
20211101,2호선,을지로4가,13048,12920,25968
20211101,2호선,동대문역사문화공원,11200,12591,23791
20211101,2호선,신당,13503,13846,27349
20211101,2호선,상왕십리,14180,13777,27957
20211101,2호선,왕십리,15041,12249,27290
20211101,2호선,한양대,8016,8780,16796
20211101,2호선,뚝섬,20908,22631,43539
20211101,2호선,성수,36468,39643,76111
20211101,2호선,건대입구,31971,34714,66685
20211101,2호선,강변,29653,28426,58079
20211101,경인선,부개,8829,8110,16939
20211101,우이신설선,삼양사거리,2514,2530,5044
20211101,우이신설선,화계,3343,3204,6547
20211101,경춘선,청평,1585,1543,3128
20211101,경춘선,대성리,510,425,935
20211101,경춘선,마석,4088,4016,8104
20211101,경춘선,천마산,1829,1629,3458
20211101,경춘선,평내호평,6591,6154,12745
20211101,경춘선,금곡,1612,1520,3132
20211101,경춘선,사릉,3689,3433,7122
20211101,경춘선,퇴계원,3679,3410,7089
20211101,경춘선,별내,3536,3317,6853
20211101,경춘선,갈매,3268,2812,6080
20211101,경춘선,신내,2120,1966,4086
20211101,경인선,도화,4179,3812,7991
20211101,경인선,중동,9528,9010,18538
20211101,경인선,온수,7090,6703,13793
20211101,경인선,도원,3368,3331,6699
20211101,경춘선,상천,278,260,538
20211101,우이신설선,삼양,2125,2197,4322
20211101,경춘선,가평,2017,1936,3953
20211101,경춘선,백양리,91,86,177
20211101,우이신설선,가오리,4088,4085,8173
20211101,우이신설선,4.19민주묘지,3024,2824,5848
20211101,우이신설선,솔밭공원,2379,2311,4690
20211101,공항철도 1호선,검암,7023,6776,13799
20211101,공항철도 1호선,계양,10217,9520,19737
20211101,공항철도 1호선,김포공항,11894,7163,19057
20211101,공항철도 1호선,마곡나루,8675,8475,17150
20211101,공항철도 1호선,디지털미디어시티,14181,12993,27174
20211101,공항철도 1호선,홍대입구,8344,8440,16784
20211101,공항철도 1호선,공덕,2314,2867,5181
20211101,공항철도 1호선,서울역,7242,6910,14152
20211101,경춘선,춘천,1741,1704,3445
20211101,경춘선,남춘천,2430,2693,5123
20211101,경춘선,김유정,323,312,635
20211101,경춘선,강촌,482,435,917
20211101,경춘선,굴봉산,171,150,321
20211101,경부선,직산,815,763,1578
20211101,1호선,신설동,13933,13614,27547
20211101,경부선,평택,12064,12055,24119
20211101,8호선,천호,14212,16250,30462
20211101,8호선,암사,18870,16573,35443
20211101,7호선,부평구청,7552,6688,14240
20211101,7호선,굴포천,9004,9499,18503
20211101,7호선,삼산체육관,5382,4843,10225
20211101,7호선,상동,12745,13307,26052
20211101,7호선,부천시청,12603,12607,25210
20211101,7호선,신중동,14020,13999,28019
20211101,7호선,춘의,10119,9963,20082
20211101,7호선,부천종합운동장,5043,4360,9403
20211101,7호선,까치울,7982,7639,15621
20211101,7호선,온수,11099,10170,21269
20211101,7호선,천왕,11569,11030,22599
20211101,7호선,광명사거리,22558,21975,44533
20211101,7호선,철산,20998,21422,42420
20211101,8호선,강동구청,10511,10773,21284
20211101,7호선,가산디지털단지,47567,47746,95313
20211101,8호선,몽촌토성,6440,6520,12960
20211101,8호선,석촌,7478,8611,16089
20211101,9호선,신방화,6953,6733,13686
20211101,9호선,공항시장,2948,3198,6146
20211101,9호선,김포공항,7168,10786,17954
20211101,9호선,개화,2751,1899,4650
20211101,8호선,모란,4316,3464,7780
20211101,8호선,수진,5267,4833,10100
20211101,8호선,신흥,4238,4461,8699
20211101,8호선,단대오거리,10511,10193,20704
20211101,8호선,남한산성입구,14176,13106,27282
20211101,8호선,산성,5728,5767,11495
20211101,8호선,복정,11329,9781,21110
20211101,8호선,장지,16723,16042,32765
20211101,8호선,문정,22092,23362,45454
20211101,8호선,가락시장,7486,8250,15736
20211101,8호선,송파,7544,7460,15004
20211101,8호선,잠실,12724,15409,28133
20211101,9호선,마곡나루,11596,11503,23099
20211101,7호선,남구로,16476,17294,33770
20211101,7호선,신풍,11806,11279,23085
20211101,7호선,사가정,16342,16147,32489
20211101,7호선,면목,15758,15292,31050
20211101,7호선,상봉,16713,15586,32299
20211101,7호선,중화,10942,10891,21833
20211101,7호선,먹골,9947,9626,19573
20211101,7호선,태릉입구,8441,8113,16554
20211101,7호선,공릉,11865,11843,23708
20211101,7호선,하계,17594,16499,34093
20211101,7호선,중계,14438,13254,27692
20211101,7호선,노원,18678,19998,38676
20211101,7호선,마들,12905,12043,24948
20211101,7호선,수락산,12683,12382,25065
20211101,7호선,도봉산,9699,11275,20974
20211101,7호선,장암,2390,838,3228
20211101,경부선,성환,4626,4935,9561
20211101,7호선,용마산,6118,5923,12041
20211101,7호선,대림,7916,7613,15529
20211101,7호선,중곡,10367,9478,19845
20211101,7호선,어린이대공원,12202,12213,24415
20211101,7호선,보라매,10024,9970,19994
20211101,7호선,신대방삼거리,16340,15653,31993
20211101,7호선,장승배기,9352,9103,18455
20211101,7호선,상도,10340,10065,20405
20211101,7호선,숭실대입구,13035,13448,26483
20211101,7호선,남성,10905,9968,20873
20211101,7호선,이수,15155,14910,30065
20211101,7호선,내방,14301,14624,28925
20211101,7호선,고속터미널,15808,13136,28944
20211101,7호선,반포,5551,5330,10881
20211101,7호선,논현,19970,21724,41694
20211101,7호선,학동,24182,25678,49860
20211101,7호선,강남구청,15872,17505,33377
20211101,7호선,청담,19168,21240,40408
20211101,7호선,뚝섬유원지,7753,7680,15433
20211101,7호선,군자,14387,11799,26186
20211101,9호선,양천향교,9608,9873,19481
20211101,6호선,신내,1,0,1
20211101,9호선,증미,7442,7419,14861
20211101,경부선,석수,9962,8957,18919
20211101,경부선,금천구청,12177,11863,24040
20211101,경부선,가산디지털단지,18801,21856,40657
20211101,경부선,구로,19003,19473,38476
20211101,경부선,신길,9329,8024,17353
20211101,경부선,신도림,4236,4291,8527
20211101,경부선,영등포,35237,36608,71845
20211101,경부선,대방,13022,13438,26460
20211101,경부선,노량진,7972,8322,16294
20211101,경부선,용산,32247,32410,64657
20211101,경부선,남영,9310,9779,19089
20211101,경부선,서울역,5903,1796,7699
20211101,경강선,여주,2551,2624,5175
20211101,경강선,세종대왕릉,326,307,633
20211101,경강선,부발,1837,1865,3702
20211101,경부선,안양,24309,24093,48402
20211101,경강선,이천,2450,2659,5109
20211101,경부선,명학,9458,9366,18824
20211101,경부선,군포,7837,7865,15702
20211101,9호선,가양,20551,20076,40627
20211101,경부선,평택지제,3280,3145,6425
20211101,경부선,서정리,7151,6982,14133
20211101,경부선,송탄,4232,4029,8261
20211101,경부선,진위,1577,1411,2988
20211101,경부선,오산,9912,9978,19890
20211101,경부선,오산대,3661,3392,7053
20211101,경부선,세마,2839,2624,5463
20211101,경부선,병점,14538,14251,28789
20211101,경부선,세류,3004,2719,5723
20211101,경부선,독산,18661,19487,38148
20211101,경부선,수원,33385,35838,69223
20211101,경부선,화서,8109,7652,15761
20211101,경부선,성균관대,14553,14619,29172
20211101,경부선,의왕,9252,9355,18607
20211101,경부선,금정,26715,27034,53749
20211101,경강선,신둔도예촌,1554,1416,2970
20211101,경부선,관악,7409,6702,14111
20211101,경강선,초월,3098,3029,6127
20211101,9호선,사평,3447,3437,6884
20211101,9호선,고속터미널,11341,13895,25236
20211101,9호선,신반포,3229,3174,6403
20211101,9호선,구반포,2013,2037,4050
20211101,9호선,동작,1847,1474,3321
20211101,9호선,노들,4393,3731,8124
20211101,9호선,노량진,25597,24866,50463
20211101,9호선,샛강,5602,5978,11580
20211101,9호선,여의도,26772,26173,52945
20211101,9호선,국회의사당,15935,16579,32514
20211101,9호선,당산,17510,17982,35492
20211101,9호선,선유도,8909,8523,17432
20211101,9호선,신목동,4108,3743,7851
20211101,9호선,염창,17219,16685,33904
20211101,경강선,곤지암,2570,2457,5027
20211101,9호선,신논현,29831,29637,59468
20211101,9호선2~3단계,언주,10108,10553,20661
20211101,9호선,흑석,7841,8175,16016
20211101,9호선,등촌,11566,11244,22810
20211101,9호선2~3단계,선정릉,9555,10571,20126
20211101,경강선,삼동,2441,2133,4574
20211101,경강선,이매,1135,959,2094
20211101,경강선,판교,4541,4404,8945
20211101,9호선2~3단계,중앙보훈병원,10979,9856,20835
20211101,9호선2~3단계,둔촌오륜,1035,1007,2042
20211101,9호선2~3단계,올림픽공원,6241,6460,12701
20211101,9호선2~3단계,한성백제,2664,2407,5071
20211101,경강선,경기광주,7419,7039,14458
20211101,9호선2~3단계,석촌,8404,7388,15792
20211101,9호선2~3단계,석촌고분,5955,5920,11875
20211101,9호선2~3단계,삼전,6602,6361,12963
20211101,9호선2~3단계,종합운동장,3861,4092,7953
20211101,9호선2~3단계,봉은사,14705,14829,29534
20211101,9호선2~3단계,삼성중앙,6645,7136,13781
20211101,9호선2~3단계,송파나루,4494,4876,9370
20211102,경부선,서정리,7306,7020,14326
20211102,경부선,평택지제,3251,3068,6319
20211102,경부선,평택,11552,11515,23067
20211102,경부선,성환,4211,4329,8540
20211102,경부선,직산,816,826,1642
20211102,경부선,두정,5535,5616,11151
20211102,경부선,천안,5347,5546,10893
20211102,경부선,광명,3184,2709,5893
20211102,경부선,서동탄,1572,1359,2931
20211102,경원선,이촌,3763,3034,6797
20211102,경원선,서빙고,2222,2194,4416
20211102,경원선,한남,4290,4008,8298
20211102,경원선,옥수,56,46,102
20211102,경부선,송탄,4228,3993,8221
20211102,경부선,당정,6404,6059,12463
20211102,경부선,진위,1570,1392,2962
20211102,경부선,금천구청,12420,12396,24816
20211102,경부선,오산대,4058,3716,7774
20211102,경원선,응봉,1980,1746,3726
20211102,경부선,석수,10234,9070,19304
20211102,경부선,관악,7518,6855,14373
20211102,경부선,안양,24660,24374,49034
20211102,경부선,명학,9739,9641,19380
20211102,경부선,금정,27419,27848,55267
20211102,경부선,군포,8003,7920,15923
20211102,경부선,의왕,9602,9565,19167
20211102,경부선,성균관대,15090,14842,29932
20211102,경부선,화서,8285,7968,16253
20211102,경부선,수원,33177,35643,68820
20211102,경부선,독산,19047,19852,38899
20211102,경부선,세류,3095,2786,5881
20211102,경부선,병점,14808,14756,29564
20211102,경부선,세마,2818,2615,5433
20211102,경부선,오산,9936,9893,19829
20211102,경원선,왕십리,13689,15680,29369
20211102,경춘선,금곡,1627,1611,3238
20211102,경원선,외대앞,8498,8522,17020
20211102,경원선,동두천,2115,2367,4482
20211102,경원선,소요산,4661,4181,8842
20211102,경의선,서울역,4472,5791,10263
20211102,경의선,신촌,830,1112,1942
20211102,경의선,효창공원앞,2891,3346,6237
20211102,경의선,공덕,3582,3359,6941
20211102,경의선,서강대,2162,2108,4270
20211102,경의선,홍대입구,1573,1789,3362
20211102,경의선,가좌,5545,5180,10725
20211102,경의선,디지털미디어시티,2614,2340,4954
20211102,경의선,수색,2875,3013,5888
20211102,경의선,화전,1978,1842,3820
20211102,경의선,강매,3384,2932,6316
20211102,경춘선,사릉,3610,3399,7009
20211102,7호선,부평구청,7757,6943,14700
20211102,경원선,보산,1502,1411,2913
20211102,경원선,청량리,14737,15426,30163
20211102,경원선,동두천중앙,3198,3136,6334
20211102,경원선,덕정,6214,6082,12296
20211102,경원선,신이문,8758,8032,16790
20211102,경원선,석계,8087,9397,17484
20211102,경원선,광운대,9004,8562,17566
20211102,경원선,월계,7203,6826,14029
20211102,경원선,녹천,4882,4103,8985
20211102,경원선,방학,9965,9614,19579
20211102,경원선,도봉,6336,6117,12453
20211102,경원선,도봉산,8949,5974,14923
20211102,경원선,망월사,7986,8120,16106
20211102,경원선,회룡,13082,12819,25901
20211102,경원선,의정부,17794,18416,36210
20211102,경원선,가능,6959,6630,13589
20211102,경원선,녹양,4713,4441,9154
20211102,경원선,양주,8347,7544,15891
20211102,경원선,덕계,3425,3059,6484
20211102,경원선,지행,6606,6488,13094
20211102,경부선,가산디지털단지,19019,20923,39942
20211102,9호선,신반포,3350,3214,6564
20211102,경부선,신길,9313,7938,17251
20211102,9호선,공항시장,2981,3186,6167
20211102,9호선,신방화,7055,6754,13809
20211102,9호선,마곡나루,11730,11815,23545
20211102,9호선,양천향교,9886,10045,19931
20211102,9호선,가양,20841,20300,41141
20211102,9호선,증미,7579,7455,15034
20211102,9호선,등촌,11736,11336,23072
20211102,9호선,염창,17440,16899,34339
20211102,9호선,신목동,4305,3818,8123
20211102,9호선,선유도,9124,8687,17811
20211102,9호선,당산,17765,18039,35804
20211102,9호선,국회의사당,16143,16916,33059
20211102,9호선,여의도,27207,26592,53799
20211102,9호선,샛강,5957,6224,12181
20211102,9호선,노량진,25658,24799,50457
20211102,9호선,김포공항,7011,10742,17753
20211102,9호선,노들,4620,3802,8422
20211102,9호선,개화,2830,1950,4780
20211102,8호선,신흥,4075,4358,8433
20211102,경춘선,평내호평,6587,6351,12938
20211102,8호선,암사,19151,16871,36022
20211102,8호선,천호,14687,16572,31259
20211102,8호선,강동구청,10631,11017,21648
20211102,8호선,몽촌토성,6660,6830,13490
20211102,8호선,잠실,13085,15797,28882
20211102,8호선,석촌,7562,8653,16215
20211102,8호선,송파,7769,7663,15432
20211102,8호선,가락시장,7654,8486,16140
20211102,8호선,문정,22453,23623,46076
20211102,8호선,장지,17293,16437,33730
20211102,8호선,복정,11928,10180,22108
20211102,8호선,산성,6051,6148,12199
20211102,8호선,남한산성입구,14396,13265,27661
20211102,8호선,단대오거리,10719,10231,20950
20211102,8호선,모란,4223,3354,7577
20211102,경부선,구로,19096,19357,38453
20211102,9호선,흑석,7996,8373,16369
20211102,9호선,구반포,1867,1982,3849
20211102,경강선,경기광주,7525,7195,14720
20211102,경강선,초월,3203,3031,6234
20211102,경강선,곤지암,2844,2770,5614
20211102,경강선,신둔도예촌,1569,1425,2994
20211102,경강선,이천,2588,2680,5268
20211102,경강선,부발,1898,1863,3761
20211102,경강선,세종대왕릉,329,335,664
20211102,경강선,여주,2595,2470,5065
20211102,경부선,서울역,4868,1693,6561
20211102,경부선,남영,9679,10068,19747
20211102,경부선,용산,32342,33076,65418
20211102,경부선,노량진,8567,8751,17318
20211102,경부선,대방,13481,13763,27244
20211102,경부선,영등포,35764,37001,72765
20211102,경부선,신도림,4323,4342,8665
20211102,경강선,삼동,2385,2109,4494
20211102,9호선,동작,1977,1620,3597
20211102,경강선,이매,1204,997,2201
20211102,9호선2~3단계,중앙보훈병원,11100,9949,21049
20211102,9호선,고속터미널,11167,13906,25073
20211102,9호선,사평,3587,3467,7054
20211102,9호선,신논현,30576,30607,61183
20211102,9호선2~3단계,언주,10512,10827,21339
20211102,9호선2~3단계,선정릉,9835,10952,20787
20211102,9호선2~3단계,삼성중앙,6814,7327,14141
20211102,9호선2~3단계,봉은사,14998,15310,30308
20211102,9호선2~3단계,종합운동장,4015,4126,8141
20211102,9호선2~3단계,삼전,6751,6562,13313
20211102,9호선2~3단계,석촌고분,6052,5838,11890
20211102,9호선2~3단계,석촌,8382,7470,15852
20211102,9호선2~3단계,송파나루,4907,4993,9900
20211102,9호선2~3단계,한성백제,2686,2431,5117
20211102,9호선2~3단계,올림픽공원,6561,6684,13245
20211102,9호선2~3단계,둔촌오륜,1072,988,2060
20211102,경강선,판교,4623,4680,9303
20211102,경춘선,천마산,1794,1632,3426
20211102,수인선,월곶,2563,2423,4986
20211102,경춘선,대성리,514,486,1000
20211102,안산선,수리산,4458,3658,8116
20211102,우이신설선,북한산우이,3192,3023,6215
20211102,우이신설선,솔밭공원,2543,2422,4965
20211102,우이신설선,4.19민주묘지,3015,2928,5943
20211102,우이신설선,가오리,4257,4233,8490
20211102,우이신설선,화계,3510,3364,6874
20211102,우이신설선,삼양,2073,2197,4270
20211102,우이신설선,삼양사거리,2495,2508,5003
20211102,우이신설선,솔샘,5884,5528,11412
20211102,우이신설선,북한산보국문,6122,5709,11831
20211102,우이신설선,정릉,4812,4394,9206
20211102,우이신설선,성신여대입구,3296,3586,6882
20211102,우이신설선,보문,1474,1548,3022
20211102,우이신설선,신설동,2238,2153,4391
20211102,일산선,원흥,10962,10329,21291
20211102,안산선,오이도,8564,8220,16784
20211102,일산선,삼송,19254,18659,37913
20211102,안산선,정왕,9464,9845,19309
20211102,안산선,안산,11525,10532,22057
20211102,수인선,원인재,4476,4665,9141
20211102,수인선,연수,4448,4417,8865
20211102,수인선,송도,2643,2461,5104
20211102,수인선,인하대,6091,5746,11837
20211102,수인선,숭의,4270,3945,8215
20211102,수인선,신포,1909,2058,3967
20211102,수인선,인천,1045,1732,2777
20211102,안산선,산본,16065,17415,33480
20211102,안산선,대야미,5149,4578,9727
20211102,안산선,반월,4520,4321,8841
20211102,안산선,상록수,16787,16954,33741
20211102,안산선,한대앞,9915,10084,19999
20211102,안산선,중앙,17670,18230,35900
20211102,안산선,고잔,9025,8507,17532
20211102,안산선,초지,5079,5503,10582
20211102,안산선,신길온천,1817,1647,3464
20211102,수인선,남동인더스파크,2359,2604,4963
20211102,일산선,원당,11699,11146,22845
20211102,일산선,대곡,1937,1539,3476
20211102,중앙선,양정,841,711,1552
20211102,중앙선,덕소,5767,5804,11571
20211102,중앙선,도심,2598,1971,4569
20211102,중앙선,팔당,919,917,1836
20211102,중앙선,운길산,854,749,1603
20211102,중앙선,양수,1965,2006,3971
20211102,중앙선,신원,211,186,397
20211102,중앙선,국수,753,758,1511
20211102,중앙선,아신,530,547,1077
20211102,중앙선,오빈,329,317,646
20211102,중앙선,양평,2649,2637,5286
20211102,중앙선,원덕,371,349,720
20211102,중앙선,용문,2506,2460,4966
20211102,중앙선,지평,72,79,151
20211102,7호선,굴포천,9355,9610,18965
20211102,중앙선,도농,10644,9360,20004
20211102,일산선,화정,17581,17920,35501
20211102,중앙선,구리,13845,13889,27734
20211102,중앙선,망우,7703,7648,15351
20211102,일산선,백석,10043,9864,19907
20211102,일산선,마두,7892,8033,15925
20211102,일산선,정발산,7175,7282,14457
20211102,일산선,주엽,9401,9104,18505
20211102,일산선,대화,13381,10300,23681
20211102,장항선,봉명,1289,1233,2522
20211102,장항선,쌍용,2488,2379,4867
20211102,장항선,아산,3493,3021,6514
20211102,장항선,탕정,346,345,691
20211102,장항선,배방,1155,1091,2246
20211102,장항선,온양온천,3407,3530,6937
20211102,장항선,신창,2243,2321,4564
20211102,중앙선,회기,24947,24077,49024
20211102,중앙선,중랑,5735,5401,11136
20211102,중앙선,상봉,6206,6020,12226
20211102,중앙선,양원,2156,2158,4314
20211102,경춘선,마석,4197,4154,8351
20211102,수인선,호구포,4090,4267,8357
20211102,수인선,소래포구,7145,6819,13964
20211102,공항철도 1호선,공항화물청사,2348,2626,4974
20211102,공항철도 1호선,인천공항1터미널,3416,3607,7023
20211102,공항철도 1호선,인천공항2터미널,2026,1931,3957
20211102,공항철도 1호선,영종,2945,2973,5918
20211102,과천선,선바위,8716,7586,16302
20211102,과천선,경마공원,1196,1136,2332
20211102,과천선,대공원,4763,4897,9660
20211102,과천선,과천,5970,5404,11374
20211102,과천선,정부과천청사,11177,10891,22068
20211102,과천선,인덕원,24980,26169,51149
20211102,과천선,평촌,18623,18226,36849
20211102,과천선,범계,25758,25624,51382
20211102,분당선,선릉,13888,21001,34889
20211102,분당선,한티,13839,14876,28715
20211102,분당선,도곡,7017,6852,13869
20211102,공항철도 1호선,운서,6487,6377,12864
20211102,분당선,구룡,2145,2148,4293
20211102,공항철도 1호선,청라국제도시,6888,6527,13415
20211102,공항철도 1호선,계양,10320,9824,20144
20211102,경춘선,청평,1726,1618,3344
20211102,경춘선,상천,311,293,604
20211102,경춘선,가평,2197,2194,4391
20211102,경춘선,굴봉산,161,144,305
20211102,경춘선,백양리,92,93,185
20211102,경춘선,강촌,537,533,1070
20211102,경춘선,김유정,368,429,797
20211102,경춘선,남춘천,3328,3465,6793
20211102,경춘선,춘천,1732,1513,3245
20211102,공항철도 1호선,서울역,6959,6519,13478
20211102,공항철도 1호선,공덕,2222,2946,5168
20211102,공항철도 1호선,홍대입구,8549,8664,17213
20211102,공항철도 1호선,디지털미디어시티,14269,13089,27358
20211102,공항철도 1호선,마곡나루,8772,8606,17378
20211102,공항철도 1호선,김포공항,11079,6553,17632
20211102,공항철도 1호선,검암,6852,6772,13624
20211102,수인선,인천논현,5500,5945,11445
20211102,분당선,개포동,3865,3932,7797
20211102,분당선,수서,13365,13267,26632
20211102,분당선,신갈,4710,4656,9366
20211102,분당선,기흥,10031,9272,19303
20211102,분당선,상갈,5577,5271,10848
20211102,분당선,청명,4518,4241,8759
20211102,분당선,영통,8113,8420,16533
20211102,분당선,망포,14688,13744,28432
20211102,분당선,매탄권선,5171,5057,10228
20211102,분당선,수원시청,12310,13386,25696
20211102,분당선,매교,3144,3170,6314
20211102,수인선,고색,4582,4303,8885
20211102,수인선,오목천,3224,3081,6305
20211102,수인선,어천,774,796,1570
20211102,수인선,야목,340,271,611
20211102,수인선,사리,4555,4031,8586
20211102,수인선,달월,109,62,171
20211102,분당선,구성,5180,5515,10695
20211102,분당선,대모산입구,4385,4108,8493
20211102,분당선,죽전,13490,14910,28400
20211102,분당선,이매,5868,5493,11361
20211102,분당선,복정,2,0,2
20211102,분당선,수원,7831,6474,14305
20211102,분당선,서울숲,11603,11996,23599
20211102,분당선,압구정로데오,17635,19800,37435
20211102,분당선,강남구청,10153,11726,21879
20211102,분당선,선정릉,8199,8747,16946
20211102,분당선,가천대,9073,10032,19105
20211102,분당선,태평,13588,12978,26566
20211102,분당선,모란,20029,19969,39998
20211102,분당선,야탑,25736,26570,52306
20211102,분당선,서현,23960,24646,48606
20211102,분당선,수내,13413,13342,26755
20211102,분당선,정자,17404,18614,36018
20211102,분당선,미금,15575,16661,32236
20211102,분당선,오리,12177,10083,22260
20211102,분당선,보정,2659,2349,5008
20211102,7호선,삼산체육관,5634,5003,10637
20211102,4호선,삼각지,5106,5567,10673
20211102,7호선,부천시청,12861,12922,25783
20211102,2호선,신설동,2974,3045,6019
20211102,2호선,도림천,1398,1490,2888
20211102,2호선,양천구청,6968,7420,14388
20211102,2호선,신정네거리,10624,10764,21388
20211102,2호선,용두,2407,2431,4838
20211102,3호선,지축,4697,4399,9096
20211102,2호선,신답,1640,1909,3549
20211102,3호선,구파발,21184,20093,41277
20211102,3호선,불광,16953,18024,34977
20211102,3호선,녹번,15762,14413,30175
20211102,3호선,홍제,17939,16767,34706
20211102,3호선,무악재,4009,3996,8005
20211102,3호선,독립문,7430,7694,15124
20211102,3호선,경복궁,20402,20460,40862
20211102,3호선,연신내,37041,35051,72092
20211102,2호선,용답,2832,2842,5674
20211102,2호선,충정로,10182,10606,20788
20211102,2호선,아현,10595,10058,20653
20211102,2호선,낙성대,27112,26264,53376
20211102,2호선,서울대입구,47505,46784,94289
20211102,2호선,봉천,24271,22383,46654
20211102,2호선,신림,62234,60315,122549
20211102,2호선,신대방,26797,26089,52886
20211102,2호선,구로디지털단지,61629,61733,123362
20211102,2호선,대림,24279,24872,49151
20211102,2호선,신도림,48317,47470,95787
20211102,2호선,문래,21854,22395,44249
20211102,2호선,영등포구청,23649,23802,47451
20211102,2호선,당산,19224,22339,41563
20211102,2호선,합정,29899,31438,61337
20211102,2호선,홍대입구,47136,49692,96828
20211102,2호선,신촌,30641,31535,62176
20211102,2호선,이대,13506,14245,27751
20211102,3호선,안국,21941,23041,44982
20211102,3호선,종로3가,9982,11405,21387
20211102,3호선,을지로3가,10390,10848,21238
20211102,3호선,충무로,2,0,2
20211102,3호선,경찰병원,7456,7590,15046
20211102,3호선,오금,6440,5751,12191
20211102,4호선,수유,33640,33438,67078
20211102,4호선,미아,15310,14802,30112
20211102,4호선,미아사거리,27445,26531,53976
20211102,4호선,길음,20808,20224,41032
20211102,4호선,성신여대입구,20078,19420,39498
20211102,4호선,한성대입구,13986,13734,27720
20211102,4호선,혜화,31694,32005,63699
20211102,4호선,동대문,19604,20144,39748
20211102,4호선,동대문역사문화공원,13934,13067,27001
20211102,4호선,충무로,27352,28454,55806
20211102,4호선,명동,17527,18324,35851
20211102,4호선,회현,24281,25886,50167
20211102,4호선,서울역,11332,15229,26561
20211102,3호선,가락시장,9220,9026,18246
20211102,2호선,사당,36813,40279,77092
20211102,3호선,수서,16763,17048,33811
20211102,3호선,대청,10429,9510,19939
20211102,3호선,동대입구,8018,8514,16532
20211102,3호선,약수,13141,13010,26151
20211102,3호선,금호,7991,7513,15504
20211102,3호선,옥수,9084,9418,18502
20211102,3호선,압구정,30632,32891,63523
20211102,3호선,신사,29622,31339,60961
20211102,3호선,잠원,4914,4782,9696
20211102,3호선,고속터미널,34607,33688,68295
20211102,3호선,교대,14431,9470,23901
20211102,3호선,남부터미널,28591,29383,57974
20211102,3호선,양재,39406,43012,82418
20211102,3호선,매봉,12821,12263,25084
20211102,3호선,도곡,5420,5634,11054
20211102,3호선,대치,10682,10849,21531
20211102,3호선,학여울,1752,1755,3507
20211102,3호선,일원,10599,10221,20820
20211102,2호선,방배,17953,18767,36720
20211102,2호선,서초,22490,22034,44524
20211102,2호선,교대,34310,38918,73228
20211102,경의선,월롱,2769,2677,5446
20211102,경의선,금촌,6481,6376,12857
20211102,경의선,금릉,4914,4616,9530
20211102,경의선,운정,7141,6843,13984
20211102,경의선,야당,7289,7076,14365
20211102,경의선,탄현,8018,7564,15582
20211102,경의선,일산,9754,9606,19360
20211102,경의선,풍산,5931,5433,11364
20211102,경의선,백마,7419,7102,14521
20211102,경의선,곡산,650,698,1348
20211102,경의선,능곡,3957,3676,7633
20211102,경의선,행신,8082,8170,16252
20211102,경인선,간석,5955,5698,11653
20211102,경인선,도원,3133,3258,6391
20211102,경인선,온수,7200,6859,14059
20211102,경의선,파주,1643,1205,2848
20211102,경인선,중동,9736,9257,18993
20211102,경의선,문산,5071,4925,9996
20211102,경인선,개봉,22184,22156,44340
20211102,7호선,상동,13256,13973,27229
20211102,경인선,부개,8936,8265,17201
20211102,경인선,소사,8992,8912,17904
20211102,경인선,구일,7205,7214,14419
20211102,경인선,인천,3771,2872,6643
20211102,경인선,동인천,13948,12913,26861
20211102,경인선,제물포,10858,10540,21398
20211102,경인선,주안,18624,16764,35388
20211102,경인선,동암,14971,15088,30059
20211102,경인선,백운,7325,7142,14467
20211102,경인선,부평,28081,30238,58319
20211102,경인선,송내,27942,27997,55939
20211102,경인선,부천,32491,32574,65065
20211102,경인선,역곡,28852,28386,57238
20211102,경인선,오류동,12223,11459,23682
20211102,경의선,임진강,21,19,40
20211102,4호선,숙대입구,13219,12847,26066
20211102,경인선,도화,4326,3943,8269
20211102,경춘선,갈매,3250,2844,6094
20211102,2호선,왕십리,15745,12882,28627
20211102,2호선,한양대,8365,9068,17433
20211102,2호선,뚝섬,22078,23740,45818
20211102,2호선,성수,37373,41049,78422
20211102,2호선,건대입구,32253,35015,67268
20211102,2호선,구의,23824,23265,47089
20211102,2호선,강변,28998,27786,56784
20211102,2호선,잠실나루,15290,14937,30227
20211102,2호선,잠실,65682,65419,131101
20211102,2호선,잠실새내,20669,20720,41389
20211102,2호선,종합운동장,11230,12515,23745
20211102,2호선,삼성,51228,52690,103918
20211102,2호선,선릉,58889,52472,111361
20211102,2호선,역삼,53516,59953,113469
20211102,2호선,강남,79761,79635,159396
20211102,2호선,상왕십리,14295,13733,28028
20211102,경춘선,신내,2150,2071,4221
20211102,2호선,신당,13920,14276,28196
20211102,2호선,을지로4가,13175,13337,26512
20211102,경춘선,별내,3606,3320,6926
20211102,경춘선,퇴계원,3761,3522,7283
20211102,1호선,서울역,42269,40549,82818
20211102,1호선,동묘앞,8073,8468,16541
20211102,1호선,시청,23368,23917,47285
20211102,1호선,종각,34769,34252,69021
20211102,1호선,종로3가,25163,22814,47977
20211102,1호선,종로5가,22236,22046,44282
20211102,1호선,동대문,11024,10445,21469
20211102,1호선,신설동,14063,13593,27656
20211102,1호선,제기동,17969,18323,36292
20211102,1호선,청량리,19838,20164,40002
20211102,2호선,시청,24050,23602,47652
20211102,2호선,을지로입구,38533,40058,78591
20211102,2호선,을지로3가,21870,22053,43923
20211102,2호선,동대문역사문화공원,10990,12481,23471
20211102,4호선,신용산,16809,17909,34718
20211102,8호선,수진,5115,4621,9736
20211102,4호선,동작,1916,2076,3992
20211102,6호선,월곡,11946,11615,23561
20211102,6호선,상월곡,6364,5737,12101
20211102,6호선,돌곶이,9447,8745,18192
20211102,6호선,석계,12365,12802,25167
20211102,6호선,태릉입구,5467,6062,11529
20211102,6호선,화랑대,12137,9484,21621
20211102,6호선,봉화산,9131,8496,17627
20211102,7호선,장암,2447,963,3410
20211102,7호선,도봉산,9948,11825,21773
20211102,7호선,수락산,12878,12515,25393
20211102,7호선,마들,12957,12279,25236
20211102,7호선,노원,18840,20118,38958
20211102,7호선,중계,14979,13559,28538
20211102,7호선,하계,17926,16792,34718
20211102,7호선,공릉,12160,12028,24188
20211102,6호선,고려대,7971,7702,15673
20211102,7호선,태릉입구,8584,8157,16741
20211102,6호선,안암,10741,10833,21574
20211102,6호선,창신,3572,2965,6537
20211102,6호선,합정,12673,12453,25126
20211102,6호선,상수,7661,8532,16193
20211102,6호선,광흥창,9183,8857,18040
20211102,6호선,대흥,8044,8192,16236
20211102,6호선,공덕,18784,18149,36933
20211102,6호선,효창공원앞,7094,6378,13472
20211102,6호선,삼각지,5978,5381,11359
20211102,6호선,녹사평,4512,4450,8962
20211102,6호선,이태원,8943,9258,18201
20211102,6호선,한강진,7536,8711,16247
20211102,6호선,버티고개,1870,1458,3328
20211102,6호선,약수,3860,4010,7870
20211102,6호선,청구,3785,4128,7913
20211102,6호선,신당,7831,8376,16207
20211102,6호선,동묘앞,7574,7843,15417
20211102,6호선,보문,7214,6750,13964
20211102,6호선,망원,13367,14395,27762
20211102,7호선,먹골,10154,9813,19967
20211102,7호선,상봉,17054,16030,33084
20211102,7호선,장승배기,9352,9310,18662
20211102,7호선,신대방삼거리,16584,15774,32358
20211102,7호선,보라매,10244,10075,20319
20211102,7호선,신풍,11979,11354,23333
20211102,7호선,대림,7616,7647,15263
20211102,7호선,남구로,16441,17302,33743
20211102,7호선,가산디지털단지,48211,48395,96606
20211102,7호선,철산,21386,21801,43187
20211102,7호선,광명사거리,22813,22085,44898
20211102,7호선,천왕,11933,11381,23314
20211102,7호선,온수,11423,10612,22035
20211102,7호선,까치울,8229,7793,16022
20211102,7호선,부천종합운동장,4995,4347,9342
20211102,7호선,춘의,10334,10150,20484
20211102,4호선,이촌,7403,8078,15481
20211102,7호선,상도,10796,10396,21192
20211102,7호선,중화,11202,11001,22203
20211102,7호선,숭실대입구,13442,13637,27079
20211102,7호선,이수,15577,15150,30727
20211102,7호선,면목,15936,15433,31369
20211102,7호선,사가정,16335,16359,32694
20211102,7호선,용마산,6357,6030,12387
20211102,7호선,중곡,10566,9721,20287
20211102,7호선,군자,14764,11917,26681
20211102,7호선,어린이대공원,12802,12757,25559
20211102,7호선,건대입구,11731,12270,24001
20211102,7호선,뚝섬유원지,7989,7865,15854
20211102,7호선,청담,19688,22021,41709
20211102,7호선,강남구청,16805,18804,35609
20211102,7호선,학동,24740,26388,51128
20211102,7호선,논현,20647,22650,43297
20211102,7호선,반포,5899,5563,11462
20211102,7호선,고속터미널,14728,12927,27655
20211102,7호선,내방,14817,15157,29974
20211102,7호선,남성,11207,10337,21544
20211102,6호선,마포구청,14326,12805,27131
20211102,7호선,신중동,14445,14334,28779
20211102,6호선,디지털미디어시티,14297,15480,29777
20211102,5호선,오목교,21469,23219,44688
20211102,5호선,양평,7523,7405,14928
20211102,5호선,영등포구청,4135,4173,8308
20211102,5호선,영등포시장,10012,10162,20174
20211102,5호선,신길,4073,4368,8441
20211102,5호선,여의도,28405,30223,58628
20211102,5호선,여의나루,9942,10904,20846
20211102,5호선,마포,14486,14925,29411
20211102,5호선,공덕,14335,15359,29694
20211102,5호선,애오개,6926,6881,13807
20211102,5호선,충정로,4870,4979,9849
20211102,5호선,서대문,19686,20300,39986
20211102,5호선,광화문,30342,32299,62641
20211102,5호선,종로3가,12119,12077,24196
20211102,5호선,을지로4가,6300,6432,12732
20211102,5호선,신정,14116,11408,25524
20211102,5호선,동대문역사문화공원,2925,3546,6471
20211102,5호선,까치산,29245,27885,57130
20211102,5호선,우장산,14876,14529,29405
20211102,6호선,월드컵경기장,5190,5630,10820
20211102,4호선,총신대입구,19061,20480,39541
20211102,4호선,사당,24694,20778,45472
20211102,4호선,남태령,1294,1096,2390
20211102,4호선,당고개,13046,11722,24768
20211102,4호선,상계,19379,17698,37077
20211102,4호선,노원,18455,20790,39245
20211102,4호선,창동,25911,27272,53183
20211102,4호선,쌍문,29695,26958,56653
20211102,5호선,방화,7112,6727,13839
20211102,5호선,개화산,5796,5512,11308
20211102,5호선,김포공항,6817,6421,13238
20211102,5호선,송정,6793,6356,13149
20211102,5호선,마곡,10815,10615,21430
20211102,5호선,발산,20457,21182,41639
20211102,5호선,화곡,28799,26770,55569
20211102,5호선,청구,4181,3727,7908
20211102,5호선,목동,17009,18190,35199
20211102,5호선,행당,8366,7367,15733
20211102,5호선,개롱,6790,6944,13734
20211102,5호선,거여,9244,8805,18049
20211102,5호선,마천,7022,6877,13899
20211102,5호선,강일,3852,3821,7673
20211102,5호선,미사,16069,15897,31966
20211102,5호선,하남시청,6048,5870,11918
20211102,5호선,하남검단산,5207,5045,10252
20211102,6호선,응암,17896,17451,35347
20211102,6호선,역촌,3861,4486,8347
20211102,6호선,불광,4193,4203,8396
20211102,6호선,독바위,2813,2971,5784
20211102,6호선,연신내,2,0,2
20211102,6호선,구산,7710,5848,13558
20211102,6호선,새절,13055,12170,25225
20211102,5호선,신금호,6462,6767,13229
20211102,5호선,오금,3865,3824,7689
20211102,5호선,방이,7112,7321,14433
20211102,5호선,하남풍산,4287,4227,8514
20211102,6호선,증산,10256,9980,20236
20211102,5호선,올림픽공원,4663,4218,8881
20211102,5호선,마장,5616,5223,10839
20211102,5호선,답십리,16171,14642,30813
20211102,5호선,장한평,18873,18610,37483
20211102,5호선,군자,11108,12305,23413
20211102,5호선,아차산,14886,14212,29098
20211102,5호선,광나루,13458,12300,25758
20211102,5호선,천호,17256,17424,34680
20211102,5호선,왕십리,4463,4974,9437
20211102,5호선,길동,8067,8232,16299
20211102,5호선,굽은다리,9728,9204,18932
20211102,5호선,명일,8839,9146,17985
20211102,5호선,고덕,9741,9583,19324
20211102,5호선,상일동,16136,14497,30633
20211102,5호선,둔촌동,8712,8652,17364
20211102,5호선,강동,18620,17481,36101
20211103,9호선,노들,4670,3880,8550
20211103,9호선,노량진,26717,25748,52465
20211103,9호선,샛강,6024,6348,12372
20211103,9호선,여의도,27880,26904,54784
20211103,9호선,국회의사당,17046,17544,34590
20211103,9호선,당산,18181,18422,36603
20211103,9호선,선유도,9090,8692,17782
20211103,9호선,등촌,11792,11497,23289
20211103,9호선,염창,17685,17198,34883
20211103,9호선,증미,7428,7249,14677
20211103,9호선,가양,21020,20346,41366
20211103,9호선,양천향교,9922,10088,20010
20211103,9호선,마곡나루,12104,12179,24283
20211103,9호선,흑석,8073,8340,16413
20211103,9호선,신목동,4239,3724,7963
20211103,9호선,동작,1972,1625,3597
20211103,9호선2~3단계,둔촌오륜,1152,1125,2277
20211103,9호선,신반포,3401,3351,6752
20211103,9호선,신방화,7075,6712,13787
20211103,9호선2~3단계,올림픽공원,6662,6640,13302
20211103,9호선2~3단계,한성백제,2813,2464,5277
20211103,9호선2~3단계,송파나루,4756,5146,9902
20211103,9호선2~3단계,석촌,8631,7524,16155
20211103,9호선2~3단계,석촌고분,6127,6004,12131
20211103,9호선2~3단계,삼전,6952,6691,13643
20211103,9호선2~3단계,종합운동장,4121,4105,8226
20211103,9호선2~3단계,봉은사,16032,16408,32440
20211103,9호선2~3단계,삼성중앙,6866,7335,14201
20211103,9호선2~3단계,선정릉,10054,10897,20951
20211103,9호선2~3단계,언주,10673,10936,21609
20211103,9호선,신논현,30925,30807,61732
20211103,9호선,사평,3612,3509,7121
20211103,9호선,고속터미널,11990,14403,26393
20211103,9호선,구반포,2060,2085,4145
20211103,9호선,공항시장,2984,3248,6232
20211103,7호선,보라매,10176,10121,20297
20211103,9호선,개화,2805,1917,4722
20211103,7호선,삼산체육관,5600,5089,10689
20211103,7호선,상동,13744,14416,28160
20211103,7호선,부천시청,12926,13073,25999
20211103,7호선,신중동,14494,14588,29082
20211103,7호선,춘의,10396,10183,20579
20211103,7호선,부천종합운동장,4889,4245,9134
20211103,7호선,까치울,8315,7839,16154
20211103,7호선,온수,11249,10476,21725
20211103,7호선,천왕,12092,11267,23359
20211103,7호선,광명사거리,22884,22266,45150
20211103,7호선,철산,21446,21898,43344
20211103,7호선,가산디지털단지,47944,48277,96221
20211103,7호선,남구로,16314,17324,33638
20211103,7호선,대림,7588,7586,15174
20211103,9호선2~3단계,중앙보훈병원,11066,9752,20818
20211103,7호선,굴포천,9439,9768,19207
20211103,9호선,김포공항,6808,11718,18526
20211103,7호선,부평구청,7806,7045,14851
20211103,8호선,천호,14838,16808,31646
20211103,8호선,모란,4320,3351,7671
20211103,8호선,수진,5294,4699,9993
20211103,8호선,신흥,4292,4607,8899
20211103,8호선,단대오거리,10837,10430,21267
20211103,8호선,남한산성입구,14657,13267,27924
20211103,8호선,산성,6071,6069,12140
20211103,8호선,복정,12064,10276,22340
20211103,8호선,장지,18243,17693,35936
20211103,8호선,문정,22753,23838,46591
20211103,8호선,가락시장,8147,8917,17064
20211103,8호선,송파,7763,7701,15464
20211103,8호선,석촌,7724,8942,16666
20211103,8호선,잠실,13711,16638,30349
20211103,8호선,몽촌토성,6572,6626,13198
20211103,8호선,강동구청,10758,10889,21647
20211103,8호선,암사,19295,16856,36151
20211103,경원선,지행,6550,6677,13227
20211103,경부선,오산대,3987,3631,7618
20211103,경강선,이매,1171,971,2142
20211103,경원선,왕십리,13825,15917,29742
20211103,경원선,응봉,1992,1680,3672
20211103,경원선,옥수,81,38,119
20211103,경원선,한남,4212,3997,8209
20211103,경원선,서빙고,2275,2303,4578
20211103,경원선,이촌,3841,2890,6731
20211103,경부선,광명,3193,2743,5936
20211103,경부선,서동탄,1522,1331,2853
20211103,경부선,당정,6557,6281,12838
20211103,경부선,천안,5469,5570,11039
20211103,경부선,두정,5634,5668,11302
20211103,경부선,직산,809,755,1564
20211103,경부선,성환,4509,4449,8958
20211103,경부선,평택,11856,11668,23524
20211103,경부선,평택지제,3200,3158,6358
20211103,경원선,청량리,14992,15640,30632
20211103,경부선,서정리,7210,6838,14048
20211103,경원선,외대앞,8444,8557,17001
20211103,경원선,석계,8276,9247,17523
20211103,7호선,신대방삼거리,16391,15786,32177
20211103,경원선,덕정,6134,5680,11814
20211103,경원선,덕계,3348,2958,6306
20211103,경원선,양주,8165,7717,15882
20211103,경원선,녹양,4882,4659,9541
20211103,경원선,가능,6890,6558,13448
20211103,경원선,의정부,18444,18956,37400
20211103,경원선,회룡,13015,12837,25852
20211103,경원선,망월사,8047,8078,16125
20211103,경원선,도봉산,8859,5822,14681
20211103,경원선,도봉,6565,6267,12832
20211103,경원선,방학,9972,9707,19679
20211103,경원선,녹천,4855,4122,8977
20211103,경원선,월계,7375,6851,14226
20211103,경원선,광운대,8552,8264,16816
20211103,경원선,신이문,8772,8007,16779
20211103,경강선,판교,4722,4684,9406
20211103,경부선,송탄,4259,4112,8371
20211103,경부선,오산,10484,10395,20879
20211103,경부선,영등포,36384,37961,74345
20211103,경부선,대방,13483,13755,27238
20211103,경부선,노량진,8961,9124,18085
20211103,경부선,용산,32962,33904,66866
20211103,경부선,남영,9565,10029,19594
20211103,경부선,서울역,5122,1768,6890
20211103,경강선,여주,2526,2453,4979
20211103,경강선,세종대왕릉,312,327,639
20211103,경강선,부발,1971,1880,3851
20211103,경강선,이천,2540,2599,5139
20211103,경강선,신둔도예촌,1626,1419,3045
20211103,경강선,곤지암,2715,2626,5341
20211103,경강선,초월,3276,3037,6313
20211103,경강선,경기광주,7498,7113,14611
20211103,경강선,삼동,2482,2153,4635
20211103,경부선,신도림,4372,4523,8895
20211103,경부선,진위,1694,1438,3132
20211103,경부선,신길,9512,8113,17625
20211103,경부선,가산디지털단지,19099,22025,41124
20211103,경부선,세마,2916,2776,5692
20211103,경부선,병점,14945,14811,29756
20211103,경부선,세류,3092,2899,5991
20211103,경부선,독산,19086,19772,38858
20211103,경부선,수원,34625,37084,71709
20211103,경부선,화서,8361,7931,16292
20211103,경부선,성균관대,15363,15154,30517
20211103,경부선,의왕,9632,9654,19286
20211103,경부선,군포,8169,8058,16227
20211103,경부선,금정,27583,27863,55446
20211103,경부선,명학,9852,9645,19497
20211103,경부선,안양,25039,25138,50177
20211103,경부선,관악,7683,7086,14769
20211103,경부선,석수,10275,9016,19291
20211103,경부선,금천구청,12405,12234,24639
20211103,경부선,구로,19489,20071,39560
20211103,7호선,장승배기,9547,9345,18892
20211103,5호선,화곡,29163,26852,56015
20211103,7호선,숭실대입구,13734,13892,27626
20211103,6호선,신당,7821,8510,16331
20211103,6호선,청구,3839,4080,7919
20211103,6호선,약수,3746,3853,7599
20211103,6호선,버티고개,1861,1565,3426
20211103,6호선,한강진,8220,9476,17696
20211103,6호선,이태원,9102,9556,18658
20211103,6호선,동묘앞,7626,7881,15507
20211103,6호선,녹사평,4766,4740,9506
20211103,6호선,효창공원앞,7264,6536,13800
20211103,6호선,공덕,18646,17766,36412
20211103,6호선,대흥,8231,8398,16629
20211103,6호선,광흥창,9244,9015,18259
20211103,6호선,상수,7559,8717,16276
20211103,6호선,합정,12922,12618,25540
20211103,6호선,삼각지,6394,5545,11939
20211103,6호선,창신,3692,2995,6687
20211103,6호선,보문,7272,6722,13994
20211103,5호선,청구,4175,3833,8008
20211103,5호선,양평,7748,7565,15313
20211103,5호선,영등포구청,4055,4079,8134
20211103,5호선,영등포시장,10060,10240,20300
20211103,5호선,신길,4154,4453,8607
20211103,5호선,여의도,28751,30637,59388
20211103,5호선,여의나루,10178,11244,21422
20211103,5호선,마포,14614,15019,29633
20211103,5호선,공덕,14170,15176,29346
20211103,5호선,애오개,6967,7000,13967
20211103,5호선,충정로,4991,5097,10088
20211103,5호선,서대문,19831,20368,40199
20211103,5호선,광화문,31019,33089,64108
20211103,5호선,종로3가,12456,12666,25122
20211103,5호선,을지로4가,6328,6367,12695
20211103,5호선,동대문역사문화공원,2929,3521,6450
20211103,6호선,망원,13864,14596,28460
20211103,6호선,마포구청,14718,13075,27793
20211103,6호선,월드컵경기장,5074,5691,10765
20211103,6호선,디지털미디어시티,14317,15363,29680
20211103,5호선,상일동,15995,14505,30500
20211103,5호선,고덕,10077,9853,19930
20211103,5호선,명일,9041,9313,18354
20211103,5호선,굽은다리,9795,9351,19146
20211103,5호선,강동,18620,17781,36401
20211103,5호선,천호,17834,18036,35870
20211103,5호선,광나루,13509,12247,25756
20211103,5호선,아차산,15041,14532,29573
20211103,5호선,군자,11307,12507,23814
20211103,5호선,장한평,19372,19102,38474
20211103,5호선,답십리,16176,14595,30771
20211103,5호선,마장,5715,5299,11014
20211103,5호선,왕십리,4578,5161,9739
20211103,5호선,행당,8351,7364,15715
20211103,경원선,동두천중앙,3239,3121,6360
20211103,5호선,둔촌동,8734,8556,17290
20211103,5호선,오목교,21778,23405,45183
20211103,5호선,올림픽공원,4798,4290,9088
20211103,5호선,오금,3843,3878,7721
20211103,6호선,증산,10275,9978,20253
20211103,6호선,새절,13126,12271,25397
20211103,6호선,구산,7836,5885,13721
20211103,6호선,독바위,2784,2902,5686
20211103,6호선,불광,4818,4716,9534
20211103,6호선,역촌,3893,4440,8333
20211103,6호선,응암,18097,17625,35722
20211103,5호선,하남검단산,5461,5182,10643
20211103,5호선,하남시청,6233,6023,12256
20211103,5호선,하남풍산,4250,4268,8518
20211103,5호선,미사,16441,16256,32697
20211103,5호선,강일,3888,3818,7706
20211103,5호선,마천,7116,6916,14032
20211103,5호선,거여,9395,8850,18245
20211103,5호선,개롱,6713,6832,13545
20211103,5호선,방이,7018,7256,14274
20211103,5호선,목동,17121,18485,35606
20211103,5호선,신정,14257,11402,25659
20211103,5호선,까치산,29510,28326,57836
20211103,7호선,먹골,10261,9975,20236
20211103,7호선,태릉입구,8469,8132,16601
20211103,7호선,공릉,12290,12163,24453
20211103,7호선,하계,18650,17617,36267
20211103,7호선,중계,15026,13764,28790
20211103,7호선,노원,18932,20472,39404
20211103,7호선,마들,13345,12452,25797
20211103,7호선,수락산,13036,12687,25723
20211103,7호선,도봉산,10005,11687,21692
20211103,7호선,장암,2403,936,3339
20211103,6호선,봉화산,9173,8501,17674
20211103,6호선,화랑대,12056,9279,21335
20211103,6호선,태릉입구,5508,6052,11560
20211103,6호선,석계,12609,13024,25633
20211103,6호선,돌곶이,9622,9290,18912
20211103,7호선,중화,11249,10983,22232
20211103,6호선,상월곡,6624,5831,12455
20211103,7호선,상봉,17410,16150,33560
20211103,7호선,사가정,16640,16483,33123
20211103,7호선,남성,11147,10093,21240
20211103,7호선,이수,15942,15682,31624
20211103,7호선,내방,14908,15133,30041
20211103,7호선,고속터미널,14690,12948,27638
20211103,7호선,반포,6043,5859,11902
20211103,7호선,논현,20717,22592,43309
20211103,7호선,학동,24961,26753,51714
20211103,7호선,강남구청,16848,18659,35507
20211103,7호선,청담,19752,22177,41929
20211103,7호선,뚝섬유원지,8293,8040,16333
20211103,7호선,건대입구,12146,12730,24876
20211103,7호선,어린이대공원,12707,12716,25423
20211103,7호선,군자,14980,12137,27117
20211103,7호선,중곡,10724,9923,20647
20211103,7호선,용마산,6461,6207,12668
20211103,7호선,면목,15748,15319,31067
20211103,7호선,상도,10668,10336,21004
20211103,6호선,월곡,11711,11625,23336
20211103,6호선,안암,10789,10819,21608
20211103,4호선,총신대입구,19587,21127,40714
20211103,4호선,사당,24959,21335,46294
20211103,4호선,남태령,1279,1302,2581
20211103,4호선,당고개,13419,11826,25245
20211103,4호선,상계,19375,17965,37340
20211103,4호선,노원,18716,21168,39884
20211103,4호선,창동,26168,27165,53333
20211103,4호선,쌍문,29986,27331,57317
20211103,5호선,방화,7142,6735,13877
20211103,5호선,개화산,5852,5548,11400
20211103,5호선,김포공항,6984,6832,13816
20211103,5호선,송정,6841,6355,13196
20211103,5호선,마곡,10836,10777,21613
20211103,5호선,발산,21171,21983,43154
20211103,5호선,우장산,14987,14648,29635
20211103,4호선,동작,1929,2118,4047
20211103,6호선,고려대,8094,7651,15745
20211103,4호선,이촌,7296,7901,15197
20211103,4호선,삼각지,5240,5798,11038
20211103,4호선,수유,34258,34445,68703
20211103,4호선,미아,14293,13827,28120
20211103,4호선,미아사거리,28306,27187,55493
20211103,4호선,길음,20839,20375,41214
20211103,4호선,성신여대입구,20321,19323,39644
20211103,4호선,한성대입구,14228,13768,27996
20211103,4호선,혜화,32251,33284,65535
20211103,4호선,동대문,19961,20398,40359
20211103,4호선,동대문역사문화공원,14537,13982,28519
20211103,4호선,충무로,27404,28513,55917
20211103,4호선,명동,18416,19085,37501
20211103,4호선,회현,24114,25722,49836
20211103,4호선,서울역,11278,15769,27047
20211103,4호선,숙대입구,13310,12919,26229
20211103,중앙선,구리,14059,14088,28147
20211103,4호선,신용산,16978,18493,35471
20211103,경원선,보산,1548,1405,2953
20211103,7호선,신풍,12176,11653,23829
20211103,경의선,효창공원앞,2995,3355,6350
20211103,2호선,신설동,3321,3291,6612
20211103,2호선,도림천,1329,1398,2727
20211103,2호선,양천구청,6936,7387,14323
20211103,2호선,신정네거리,10574,10743,21317
20211103,2호선,용두,2344,2461,4805
20211103,3호선,지축,4607,4372,8979
20211103,2호선,신답,1676,1875,3551
20211103,3호선,구파발,21634,20504,42138
20211103,3호선,불광,17391,18688,36079
20211103,3호선,녹번,16090,14493,30583
20211103,3호선,홍제,17855,16644,34499
20211103,3호선,무악재,3949,4096,8045
20211103,3호선,독립문,7384,7650,15034
20211103,3호선,경복궁,21950,21956,43906
20211103,3호선,연신내,37704,35498,73202
20211103,2호선,용답,2781,2783,5564
20211103,2호선,충정로,10220,10677,20897
20211103,2호선,아현,10657,10174,20831
20211103,2호선,낙성대,27677,26434,54111
20211103,2호선,서울대입구,48146,47538,95684
20211103,2호선,봉천,24560,22379,46939
20211103,2호선,신림,62985,60657,123642
20211103,2호선,신대방,26777,26058,52835
20211103,2호선,구로디지털단지,62008,62166,124174
20211103,2호선,대림,24463,24743,49206
20211103,2호선,신도림,48239,47504,95743
20211103,2호선,문래,22024,22648,44672
20211103,2호선,영등포구청,23564,23935,47499
20211103,2호선,당산,19282,22431,41713
20211103,2호선,합정,30324,32094,62418
20211103,2호선,홍대입구,48806,52159,100965
20211103,2호선,신촌,31137,32023,63160
20211103,2호선,이대,13423,14257,27680
20211103,3호선,종로3가,10117,11627,21744
20211103,3호선,을지로3가,10694,10956,21650
20211103,3호선,충무로,3,0,3
20211103,3호선,동대입구,7962,8482,16444
20211103,중앙선,오빈,321,318,639
20211103,중앙선,아신,614,633,1247
20211103,중앙선,국수,829,838,1667
20211103,중앙선,신원,211,198,409
20211103,중앙선,양수,1969,2002,3971
20211103,중앙선,운길산,929,871,1800
20211103,중앙선,팔당,1017,1033,2050
20211103,중앙선,도심,2589,2015,4604
20211103,중앙선,덕소,5876,5803,11679
20211103,중앙선,양정,835,762,1597
20211103,중앙선,도농,10737,9668,20405
20211103,중앙선,양원,2202,2193,4395
20211103,중앙선,망우,7915,7622,15537
20211103,중앙선,상봉,6173,6182,12355
20211103,중앙선,중랑,5797,5476,11273
20211103,중앙선,양평,4136,4114,8250
20211103,2호선,사당,37147,40938,78085
20211103,중앙선,원덕,400,367,767
20211103,중앙선,지평,77,81,158
20211103,3호선,약수,13273,13070,26343
20211103,3호선,금호,8171,7649,15820
20211103,3호선,옥수,9239,9410,18649
20211103,3호선,압구정,30425,32713,63138
20211103,3호선,신사,28879,31080,59959
20211103,3호선,잠원,5017,4938,9955
20211103,3호선,고속터미널,35335,34429,69764
20211103,3호선,교대,14783,9642,24425
20211103,3호선,남부터미널,28489,29528,58017
20211103,3호선,양재,39768,43393,83161
20211103,3호선,매봉,12958,12371,25329
20211103,3호선,도곡,5444,5798,11242
20211103,3호선,대치,10607,10671,21278
20211103,3호선,학여울,1864,1873,3737
20211103,3호선,대청,10435,9506,19941
20211103,중앙선,용문,2409,2426,4835
20211103,2호선,방배,18069,19060,37129
20211103,2호선,서초,22596,22192,44788
20211103,2호선,교대,34998,39612,74610
20211103,분당선,개포동,3903,4049,7952
20211103,분당선,구룡,2206,2092,4298
20211103,분당선,도곡,7195,6977,14172
20211103,분당선,한티,14112,15015,29127
20211103,분당선,선릉,13774,20920,34694
20211103,과천선,범계,26480,26370,52850
20211103,과천선,평촌,18723,18431,37154
20211103,과천선,인덕원,25446,26544,51990
20211103,과천선,정부과천청사,11339,10946,22285
20211103,과천선,과천,5958,5521,11479
20211103,과천선,대공원,4809,4937,9746
20211103,과천선,경마공원,1602,1548,3150
20211103,과천선,선바위,8865,7606,16471
20211103,공항철도 1호선,영종,2996,3074,6070
20211103,공항철도 1호선,인천공항2터미널,2120,1968,4088
20211103,분당선,대모산입구,4523,4118,8641
20211103,공항철도 1호선,인천공항1터미널,3601,3799,7400
20211103,분당선,수서,13399,13832,27231
20211103,5호선,길동,8107,8369,16476
20211103,2호선,동대문역사문화공원,11662,13260,24922
20211103,2호선,을지로4가,13227,13213,26440
20211103,2호선,을지로3가,22402,22556,44958
20211103,2호선,을지로입구,39262,40692,79954
20211103,2호선,시청,23801,23489,47290
20211103,1호선,청량리,19803,19828,39631
20211103,1호선,제기동,17624,18224,35848
20211103,1호선,신설동,14569,14033,28602
20211103,1호선,동대문,11061,10305,21366
20211103,1호선,종로5가,21582,21503,43085
20211103,1호선,종로3가,25944,23669,49613
20211103,1호선,종각,35731,34868,70599
20211103,1호선,시청,23365,23583,46948
20211103,1호선,동묘앞,8025,8441,16466
20211103,1호선,서울역,43224,41620,84844
20211103,3호선,안국,22375,23665,46040
20211103,중앙선,회기,25128,24034,49162
20211103,경의선,신촌,881,1131,2012
20211103,경원선,소요산,4355,3803,8158
20211103,2호선,역삼,53232,59780,113012
20211103,2호선,강남,82299,82006,164305
20211103,분당선,복정,1,0,1
20211103,분당선,수원,8172,6615,14787
20211103,분당선,서울숲,11895,12246,24141
20211103,분당선,압구정로데오,17915,20273,38188
20211103,분당선,강남구청,10289,11639,21928
20211103,분당선,선정릉,8182,8902,17084
20211103,분당선,가천대,9372,10370,19742
20211103,분당선,태평,13739,13041,26780
20211103,분당선,모란,19993,20414,40407
20211103,분당선,야탑,26780,28045,54825
20211103,분당선,서현,24299,24781,49080
20211103,분당선,수내,13459,13516,26975
20211103,분당선,정자,17881,19072,36953
20211103,2호선,선릉,58905,52376,111281
20211103,경의선,서울역,4486,5640,10126
20211103,2호선,삼성,52796,54432,107228
20211103,2호선,잠실새내,20834,20628,41462
20211103,5호선,신금호,6671,6910,13581
20211103,3호선,일원,10433,10125,20558
20211103,3호선,수서,16817,17081,33898
20211103,3호선,가락시장,9126,8842,17968
20211103,3호선,경찰병원,7501,7592,15093
20211103,2호선,상왕십리,14388,13857,28245
20211103,2호선,왕십리,16085,13308,29393
20211103,2호선,한양대,8265,8887,17152
20211103,2호선,뚝섬,22171,23978,46149
20211103,2호선,성수,37682,41287,78969
20211103,2호선,건대입구,33894,36970,70864
20211103,2호선,구의,23874,23333,47207
20211103,2호선,강변,29524,28058,57582
20211103,2호선,잠실나루,15419,14817,30236
20211103,2호선,잠실,68127,68280,136407
20211103,2호선,종합운동장,7133,7696,14829
20211103,장항선,신창,2404,2236,4640
20211103,2호선,신당,13967,14121,28088
20211103,장항선,배방,1108,1104,2212
20211103,경춘선,마석,4557,4555,9112
20211103,경춘선,천마산,1809,1701,3510
20211103,경춘선,평내호평,6681,6372,13053
20211103,3호선,오금,6409,5784,12193
20211103,경춘선,금곡,1607,1546,3153
20211103,경춘선,사릉,3672,3461,7133
20211103,경춘선,퇴계원,3798,3468,7266
20211103,경춘선,별내,3662,3377,7039
20211103,경춘선,갈매,3305,2912,6217
20211103,경춘선,신내,2125,2033,4158
20211103,경인선,도화,4364,4052,8416
20211103,경인선,중동,9581,9050,18631
20211103,경인선,온수,7265,6990,14255
20211103,경인선,도원,3366,3452,6818
20211103,경인선,간석,6199,5982,12181
20211103,경춘선,대성리,484,480,964
20211103,경인선,소사,9183,8922,18105
20211103,경춘선,청평,1690,1697,3387
20211103,경춘선,가평,2104,2200,4304
20211103,공항철도 1호선,청라국제도시,6936,6552,13488
20211103,공항철도 1호선,검암,7048,6901,13949
20211103,공항철도 1호선,계양,10418,9630,20048
20211103,공항철도 1호선,김포공항,11376,6801,18177
20211103,공항철도 1호선,마곡나루,9125,8872,17997
20211103,공항철도 1호선,디지털미디어시티,14263,13147,27410
20211103,공항철도 1호선,홍대입구,9034,9240,18274
20211103,공항철도 1호선,공덕,2373,2915,5288
20211103,공항철도 1호선,서울역,7277,6803,14080
20211103,경춘선,춘천,1659,1413,3072
20211103,경춘선,남춘천,2429,2483,4912
20211103,경춘선,김유정,382,389,771
20211103,경춘선,강촌,576,583,1159
20211103,경춘선,백양리,78,73,151
20211103,경춘선,굴봉산,162,146,308
20211103,경춘선,상천,347,340,687
20211103,공항철도 1호선,운서,6600,6504,13104
20211103,경인선,구일,6634,6566,13200
20211103,경인선,동인천,14231,13460,27691
20211103,경의선,일산,10854,10656,21510
20211103,경의선,풍산,5838,5439,11277
20211103,경의선,백마,7373,6966,14339
20211103,경의선,곡산,659,649,1308
20211103,경의선,능곡,4045,3717,7762
20211103,경의선,행신,8092,8120,16212
20211103,경의선,강매,3460,2958,6418
20211103,경의선,화전,1949,1818,3767
20211103,경의선,수색,2891,2930,5821
20211103,경의선,디지털미디어시티,2688,2461,5149
20211103,경의선,가좌,5629,5347,10976
20211103,경의선,홍대입구,1623,1929,3552
20211103,경의선,서강대,2135,2144,4279
20211103,경의선,공덕,3526,3382,6908
20211103,장항선,온양온천,3447,3523,6970
20211103,경의선,탄현,8112,7698,15810
20211103,경인선,인천,3755,2923,6678
20211103,경의선,야당,7546,7339,14885
20211103,경의선,금릉,4986,4819,9805
20211103,경인선,제물포,11122,10680,21802
20211103,경인선,주안,19154,17262,36416
20211103,경인선,동암,15179,15292,30471
20211103,경인선,백운,7338,7101,14439
20211103,경인선,부평,28720,31177,59897
20211103,경인선,송내,27970,28083,56053
20211103,경인선,부천,32856,33111,65967
20211103,경인선,역곡,29145,28490,57635
20211103,경인선,오류동,12477,11501,23978
20211103,경인선,개봉,22342,22081,44423
20211103,경의선,임진강,11,11,22
20211103,경의선,문산,5022,4847,9869
20211103,경의선,파주,1524,1070,2594
20211103,경의선,월롱,2782,2643,5425
20211103,경의선,금촌,6373,6385,12758
20211103,경의선,운정,7289,6817,14106
20211103,공항철도 1호선,공항화물청사,2318,2590,4908
20211103,경인선,부개,8943,8161,17104
20211103,분당선,오리,12355,10390,22745
20211103,우이신설선,솔샘,5963,5557,11520
20211103,우이신설선,삼양사거리,2446,2468,4914
20211103,우이신설선,삼양,1990,2123,4113
20211103,우이신설선,화계,3505,3289,6794
20211103,우이신설선,가오리,4273,4109,8382
20211103,우이신설선,4.19민주묘지,3091,2896,5987
20211103,우이신설선,솔밭공원,2542,2450,4992
20211103,우이신설선,북한산우이,3217,2892,6109
20211103,안산선,수리산,4513,3706,8219
20211103,안산선,오이도,8695,8462,17157
20211103,안산선,정왕,9425,9776,19201
20211103,안산선,신길온천,1813,1620,3433
20211103,안산선,안산,11586,10480,22066
20211103,안산선,초지,5097,5499,10596
20211103,안산선,고잔,9175,8717,17892
20211103,우이신설선,정릉,4845,4340,9185
20211103,안산선,중앙,17944,18876,36820
20211103,우이신설선,성신여대입구,3411,3664,7075
20211103,우이신설선,신설동,2201,2205,4406
20211103,분당선,미금,16028,17326,33354
20211103,장항선,탕정,330,336,666
20211103,장항선,아산,3482,3071,6553
20211103,장항선,쌍용,2575,2437,5012
20211103,장항선,봉명,1228,1209,2437
20211103,일산선,대화,13157,10246,23403
20211103,일산선,주엽,9298,9286,18584
20211103,일산선,정발산,7377,7571,14948
20211103,일산선,마두,7977,8176,16153
20211103,일산선,백석,9973,9935,19908
20211103,일산선,대곡,2056,1641,3697
20211103,일산선,화정,17412,17716,35128
20211103,일산선,원당,11742,11067,22809
20211103,일산선,삼송,19481,18860,38341
20211103,일산선,원흥,11032,10394,21426
20211103,우이신설선,보문,1498,1456,2954
20211103,안산선,한대앞,9727,9786,19513
20211103,우이신설선,북한산보국문,6144,5803,11947
20211103,경원선,동두천,2227,2583,4810
20211103,수인선,오목천,3367,3173,6540
20211103,수인선,고색,4590,4279,8869
20211103,분당선,매교,3256,3342,6598
20211103,분당선,수원시청,12760,13771,26531
20211103,분당선,매탄권선,5234,5066,10300
20211103,분당선,망포,14923,13922,28845
20211103,분당선,영통,8477,8624,17101
20211103,분당선,청명,4540,4311,8851
20211103,분당선,상갈,5627,5436,11063
20211103,분당선,기흥,10062,9453,19515
20211103,분당선,신갈,4651,4636,9287
20211103,분당선,구성,5330,5547,10877
20211103,분당선,죽전,13685,14849,28534
20211103,분당선,보정,2692,2394,5086
20211103,안산선,상록수,16397,16529,32926
20211103,수인선,어천,766,811,1577
20211103,수인선,야목,357,228,585
20211103,분당선,이매,5913,5421,11334
20211103,수인선,달월,85,56,141
20211103,수인선,사리,4645,4059,8704
20211103,안산선,대야미,5289,4644,9933
20211103,안산선,산본,16416,17719,34135
20211103,수인선,인천,1127,1767,2894
20211103,수인선,신포,1883,1950,3833
20211103,수인선,숭의,4218,3917,8135
20211103,수인선,인하대,6188,5835,12023
20211103,수인선,송도,2670,2410,5080
20211103,안산선,반월,4576,4350,8926
20211103,수인선,원인재,4617,4769,9386
20211103,수인선,남동인더스파크,2339,2650,4989
20211103,수인선,호구포,4195,4356,8551
20211103,수인선,인천논현,5845,6194,12039
20211103,수인선,소래포구,7247,6955,14202
20211103,수인선,월곶,2718,2522,5240
20211103,수인선,연수,4588,4614,9202
20211104,7호선,신풍,11885,11305,23190
20211104,7호선,보라매,10044,10055,20099
20211104,7호선,신대방삼거리,16677,15642,32319
20211104,7호선,장승배기,9351,9067,18418
20211104,7호선,상도,10736,10348,21084
20211104,7호선,강남구청,16605,18597,35202
20211104,7호선,숭실대입구,13550,13431,26981
20211104,7호선,내방,14752,14935,29687
20211104,7호선,이수,15596,15229,30825
20211104,7호선,고속터미널,15018,12994,28012
20211104,7호선,반포,5841,5694,11535
20211104,7호선,논현,20475,22473,42948
20211104,7호선,학동,24593,26467,51060
20211104,7호선,대림,7809,7778,15587
20211104,7호선,남성,11063,10125,21188
20211104,7호선,남구로,16011,16978,32989
20211104,7호선,신중동,14279,14353,28632
20211104,7호선,철산,21309,21776,43085
20211104,7호선,청담,19717,22455,42172
20211104,8호선,강동구청,10896,11282,22178
20211104,8호선,천호,14920,16849,31769
20211104,8호선,암사,19425,16972,36397
20211104,7호선,부평구청,7622,6852,14474
20211104,7호선,굴포천,9306,9772,19078
20211104,7호선,삼산체육관,5538,4914,10452
20211104,7호선,상동,13114,13730,26844
20211104,7호선,부천시청,12780,12762,25542
20211104,7호선,춘의,10344,10084,20428
20211104,7호선,부천종합운동장,4820,4284,9104
20211104,7호선,까치울,8203,7803,16006
20211104,7호선,온수,11423,10668,22091
20211104,7호선,천왕,11939,11262,23201
20211104,7호선,광명사거리,22658,22264,44922
20211104,7호선,가산디지털단지,47319,47701,95020
20211104,7호선,뚝섬유원지,8132,7713,15845
20211104,6호선,한강진,7521,9028,16549
20211104,7호선,어린이대공원,12926,12892,25818
20211104,6호선,태릉입구,5500,6104,11604
20211104,6호선,석계,12425,12687,25112
20211104,6호선,돌곶이,9760,8874,18634
20211104,6호선,상월곡,6502,5726,12228
20211104,6호선,월곡,11646,11433,23079
20211104,6호선,고려대,8070,7741,15811
20211104,6호선,안암,10706,10548,21254
20211104,6호선,보문,7343,6542,13885
20211104,6호선,창신,3589,2947,6536
20211104,6호선,동묘앞,7499,7696,15195
20211104,6호선,신당,7891,8418,16309
20211104,6호선,청구,3901,4122,8023
20211104,6호선,약수,3759,3731,7490
20211104,6호선,버티고개,1883,1702,3585
20211104,8호선,몽촌토성,6457,6582,13039
20211104,6호선,화랑대,12115,9226,21341
20211104,7호선,건대입구,11929,12411,24340
20211104,6호선,봉화산,9079,8460,17539
20211104,7호선,도봉산,9605,11221,20826
20211104,7호선,군자,14906,11777,26683
20211104,7호선,중곡,10708,9738,20446
20211104,7호선,용마산,6395,6046,12441
20211104,7호선,사가정,16584,16291,32875
20211104,7호선,면목,15829,15291,31120
20211104,7호선,상봉,17403,16468,33871
20211104,7호선,중화,11222,11110,22332
20211104,7호선,먹골,10201,9857,20058
20211104,7호선,태릉입구,8563,8187,16750
20211104,7호선,공릉,12075,11911,23986
20211104,7호선,하계,18193,16942,35135
20211104,7호선,중계,14862,13422,28284
20211104,7호선,노원,18837,20040,38877
20211104,7호선,마들,13231,12503,25734
20211104,7호선,수락산,12834,12619,25453
20211104,7호선,장암,2445,1002,3447
20211104,8호선,잠실,13313,16319,29632
20211104,경부선,안양,24302,24225,48527
20211104,8호선,송파,7963,7752,15715
20211104,경강선,곤지암,2728,2633,5361
20211104,경강선,초월,3270,3089,6359
20211104,경강선,경기광주,7667,7313,14980
20211104,경강선,삼동,2468,2214,4682
20211104,경강선,이매,1224,1000,2224
20211104,경강선,판교,4822,4783,9605
20211104,9호선2~3단계,중앙보훈병원,10915,9692,20607
20211104,9호선2~3단계,둔촌오륜,1145,1067,2212
20211104,9호선2~3단계,올림픽공원,6597,6508,13105
20211104,9호선2~3단계,한성백제,2777,2518,5295
20211104,9호선2~3단계,송파나루,4834,5187,10021
20211104,9호선2~3단계,석촌,8666,7574,16240
20211104,9호선2~3단계,석촌고분,6067,5887,11954
20211104,9호선2~3단계,삼전,6808,6698,13506
20211104,9호선2~3단계,종합운동장,4202,4318,8520
20211104,경강선,신둔도예촌,1605,1439,3044
20211104,9호선2~3단계,봉은사,16286,16845,33131
20211104,경강선,이천,2581,2704,5285
20211104,경강선,세종대왕릉,333,352,685
20211104,6호선,이태원,9238,9896,19134
20211104,경부선,관악,7497,6883,14380
20211104,경부선,석수,10155,9058,19213
20211104,경부선,금천구청,12224,12152,24376
20211104,경부선,가산디지털단지,18936,21957,40893
20211104,경부선,구로,19061,19537,38598
20211104,경부선,신길,9437,8080,17517
20211104,경부선,신도림,4273,4268,8541
20211104,경부선,영등포,36704,37922,74626
20211104,경부선,대방,13438,13604,27042
20211104,경부선,노량진,8700,8895,17595
20211104,경부선,용산,34314,34583,68897
20211104,경부선,남영,9624,10060,19684
20211104,경부선,서울역,5505,1842,7347
20211104,경강선,여주,2726,2555,5281
20211104,경강선,부발,2004,1891,3895
20211104,8호선,석촌,7723,8928,16651
20211104,9호선2~3단계,삼성중앙,6895,7277,14172
20211104,9호선2~3단계,언주,10561,10756,21317
20211104,9호선,양천향교,9929,10031,19960
20211104,9호선,마곡나루,12046,11994,24040
20211104,9호선,신방화,7099,6684,13783
20211104,9호선,공항시장,3066,3243,6309
20211104,9호선,김포공항,7300,12090,19390
20211104,9호선,개화,2768,1908,4676
20211104,8호선,모란,5949,4867,10816
20211104,8호선,신흥,4364,4625,8989
20211104,8호선,단대오거리,10870,10256,21126
20211104,8호선,남한산성입구,14634,13212,27846
20211104,8호선,산성,6085,6173,12258
20211104,8호선,복정,11930,10279,22209
20211104,8호선,장지,17613,16665,34278
20211104,8호선,문정,22464,24052,46516
20211104,8호선,가락시장,7969,8789,16758
20211104,9호선,가양,20778,20227,41005
20211104,9호선2~3단계,선정릉,9918,10947,20865
20211104,9호선,증미,7447,7161,14608
20211104,9호선,염창,17639,17152,34791
20211104,9호선,신논현,31171,31211,62382
20211104,9호선,사평,3501,3435,6936
20211104,9호선,고속터미널,12028,14972,27000
20211104,9호선,신반포,3548,3378,6926
20211104,9호선,구반포,1880,1999,3879
20211104,9호선,동작,1902,1562,3464
20211104,9호선,흑석,7728,8083,15811
20211104,9호선,노들,4479,3782,8261
20211104,9호선,노량진,26409,25584,51993
20211104,9호선,샛강,5850,6272,12122
20211104,9호선,여의도,27699,27057,54756
20211104,9호선,국회의사당,15998,16897,32895
20211104,9호선,당산,18383,18288,36671
20211104,9호선,선유도,8874,8416,17290
20211104,9호선,신목동,4220,3700,7920
20211104,9호선,등촌,11691,11294,22985
20211104,6호선,녹사평,4482,4605,9087
20211104,5호선,방화,7027,6713,13740
20211104,6호선,효창공원앞,7298,6487,13785
20211104,4호선,미아사거리,27772,26601,54373
20211104,4호선,미아,15185,14880,30065
20211104,4호선,수유,33812,33599,67411
20211104,3호선,오금,6531,5814,12345
20211104,3호선,경찰병원,7489,7469,14958
20211104,3호선,가락시장,9109,8892,18001
20211104,3호선,수서,17115,17216,34331
20211104,3호선,일원,10565,10257,20822
20211104,3호선,대청,10303,9381,19684
20211104,3호선,학여울,2522,2614,5136
20211104,3호선,대치,10627,10727,21354
20211104,3호선,도곡,5445,5673,11118
20211104,3호선,매봉,12911,12259,25170
20211104,3호선,양재,39789,43857,83646
20211104,3호선,남부터미널,28814,29586,58400
20211104,4호선,길음,20888,20270,41158
20211104,3호선,교대,15003,9733,24736
20211104,4호선,성신여대입구,20518,19680,40198
20211104,4호선,혜화,32647,33213,65860
20211104,4호선,당고개,13109,11728,24837
20211104,4호선,남태령,1300,1140,2440
20211104,4호선,사당,25292,21480,46772
20211104,4호선,총신대입구,18952,20433,39385
20211104,4호선,동작,1819,2001,3820
20211104,4호선,이촌,7433,8127,15560
20211104,4호선,신용산,16949,18059,35008
20211104,4호선,삼각지,5224,5829,11053
20211104,4호선,숙대입구,13363,12939,26302
20211104,4호선,서울역,11108,16398,27506
20211104,4호선,회현,23623,25389,49012
20211104,4호선,명동,17837,18772,36609
20211104,4호선,충무로,27180,28320,55500
20211104,4호선,동대문역사문화공원,14177,13357,27534
20211104,4호선,동대문,19695,20311,40006
20211104,4호선,한성대입구,13992,13645,27637
20211104,4호선,상계,19534,17874,37408
20211104,3호선,고속터미널,36900,35780,72680
20211104,3호선,신사,29599,31730,61329
20211104,2호선,양천구청,6919,7271,14190
20211104,2호선,도림천,1363,1451,2814
20211104,2호선,신설동,3061,3163,6224
20211104,2호선,신답,1716,1875,3591
20211104,2호선,용답,2890,2867,5757
20211104,2호선,충정로,10222,10565,20787
20211104,2호선,아현,10662,10167,20829
20211104,2호선,이대,13625,14067,27692
20211104,2호선,신촌,30926,32024,62950
20211104,2호선,홍대입구,49055,52490,101545
20211104,2호선,합정,30408,32451,62859
20211104,2호선,당산,19143,22213,41356
20211104,2호선,영등포구청,23331,23552,46883
20211104,2호선,문래,21822,22214,44036
20211104,경부선,명학,9760,9473,19233
20211104,2호선,신정네거리,10451,10755,21206
20211104,3호선,잠원,4826,4824,9650
20211104,2호선,용두,2405,2512,4917
20211104,3호선,구파발,21439,20175,41614
20211104,3호선,압구정,30361,32610,62971
20211104,3호선,옥수,9254,9517,18771
20211104,3호선,금호,8101,7457,15558
20211104,3호선,약수,13090,12869,25959
20211104,3호선,동대입구,7995,8604,16599
20211104,3호선,을지로3가,10446,11010,21456
20211104,3호선,종로3가,9908,11564,21472
20211104,3호선,안국,21903,23186,45089
20211104,3호선,경복궁,21916,21850,43766
20211104,3호선,독립문,7120,7638,14758
20211104,3호선,무악재,3924,3975,7899
20211104,3호선,홍제,17816,16569,34385
20211104,3호선,녹번,15773,14279,30052
20211104,3호선,불광,16608,17855,34463
20211104,3호선,연신내,36704,34814,71518
20211104,3호선,지축,4615,4420,9035
20211104,6호선,삼각지,6220,5412,11632
20211104,4호선,노원,18565,20999,39564
20211104,4호선,쌍문,29834,26955,56789
20211104,5호선,하남풍산,4169,4194,8363
20211104,5호선,미사,16275,15966,32241
20211104,5호선,강일,3917,3801,7718
20211104,5호선,마천,7131,6843,13974
20211104,5호선,거여,9396,8841,18237
20211104,5호선,개롱,6842,6883,13725
20211104,5호선,오금,3877,3847,7724
20211104,5호선,방이,7114,7281,14395
20211104,5호선,올림픽공원,4646,4030,8676
20211104,5호선,둔촌동,8754,8772,17526
20211104,5호선,상일동,16180,14353,30533
20211104,5호선,고덕,9695,9637,19332
20211104,5호선,명일,8663,8776,17439
20211104,5호선,굽은다리,9686,9086,18772
20211104,5호선,길동,7852,8071,15923
20211104,5호선,하남시청,6274,6180,12454
20211104,5호선,강동,18695,17705,36400
20211104,5호선,하남검단산,5315,5131,10446
20211104,6호선,역촌,3768,4429,8197
20211104,6호선,공덕,18638,18136,36774
20211104,6호선,대흥,8144,8336,16480
20211104,6호선,광흥창,8978,8663,17641
20211104,6호선,상수,7614,8802,16416
20211104,6호선,합정,12647,12997,25644
20211104,6호선,망원,13734,14771,28505
20211104,6호선,마포구청,14435,12850,27285
20211104,6호선,월드컵경기장,5201,5584,10785
20211104,6호선,디지털미디어시티,14149,15276,29425
20211104,6호선,증산,10329,9997,20326
20211104,6호선,새절,13144,12216,25360
20211104,6호선,구산,7863,5718,13581
20211104,6호선,연신내,1,0,1
20211104,6호선,독바위,2849,2904,5753
20211104,6호선,불광,4297,4362,8659
20211104,6호선,응암,18170,17661,35831
20211104,4호선,창동,25870,27068,52938
20211104,5호선,천호,17399,17672,35071
20211104,5호선,아차산,14822,14211,29033
20211104,5호선,신길,4133,4392,8525
20211104,5호선,영등포시장,9949,10319,20268
20211104,5호선,영등포구청,4060,4118,8178
20211104,5호선,양평,7654,7516,15170
20211104,5호선,오목교,21792,23583,45375
20211104,5호선,목동,16832,18211,35043
20211104,5호선,신정,14105,11336,25441
20211104,5호선,까치산,29264,27766,57030
20211104,5호선,화곡,28631,26450,55081
20211104,5호선,우장산,14948,14570,29518
20211104,5호선,발산,20430,21136,41566
20211104,5호선,마곡,10726,10656,21382
20211104,5호선,송정,6778,6294,13072
20211104,5호선,김포공항,7219,6725,13944
20211104,5호선,개화산,5678,5473,11151
20211104,5호선,여의도,28175,30323,58498
20211104,5호선,광나루,13456,12244,25700
20211104,5호선,여의나루,9662,10757,20419
20211104,5호선,공덕,14387,15292,29679
20211104,5호선,군자,11290,12401,23691
20211104,5호선,장한평,19120,18757,37877
20211104,5호선,답십리,16191,14611,30802
20211104,5호선,마장,5602,5336,10938
20211104,5호선,왕십리,4506,5217,9723
20211104,5호선,행당,8365,7233,15598
20211104,5호선,신금호,6681,6868,13549
20211104,5호선,청구,4126,3767,7893
20211104,5호선,동대문역사문화공원,2890,3316,6206
20211104,5호선,을지로4가,6205,6546,12751
20211104,5호선,종로3가,12570,12423,24993
20211104,5호선,광화문,30795,32799,63594
20211104,5호선,서대문,19659,20330,39989
20211104,5호선,충정로,4930,5031,9961
20211104,5호선,애오개,6935,6788,13723
20211104,5호선,마포,14490,15023,29513
20211104,경부선,금정,27118,27595,54713
20211104,경부선,군포,7841,7847,15688
20211104,경부선,의왕,9592,9488,19080
20211104,일산선,원당,11795,11083,22878
20211104,일산선,삼송,19325,18582,37907
20211104,일산선,원흥,11059,10277,21336
20211104,우이신설선,신설동,2183,2134,4317
20211104,우이신설선,보문,1490,1534,3024
20211104,우이신설선,성신여대입구,3214,3625,6839
20211104,일산선,화정,17025,17220,34245
20211104,우이신설선,정릉,4825,4304,9129
20211104,우이신설선,솔샘,5863,5498,11361
20211104,우이신설선,삼양사거리,2441,2451,4892
20211104,우이신설선,삼양,2075,2133,4208
20211104,우이신설선,화계,3446,3266,6712
20211104,우이신설선,가오리,4176,4125,8301
20211104,우이신설선,4.19민주묘지,2947,2752,5699
20211104,우이신설선,북한산보국문,6087,5582,11669
20211104,일산선,대곡,1935,1577,3512
20211104,일산선,백석,9828,9707,19535
20211104,일산선,마두,7810,7906,15716
20211104,중앙선,양원,2161,2142,4303
20211104,중앙선,망우,7959,7799,15758
20211104,중앙선,상봉,6242,6137,12379
20211104,중앙선,중랑,5721,5369,11090
20211104,중앙선,회기,24994,23994,48988
20211104,장항선,신창,2566,2246,4812
20211104,장항선,온양온천,5408,5434,10842
20211104,장항선,배방,1324,1230,2554
20211104,장항선,탕정,365,328,693
20211104,장항선,아산,3607,3371,6978
20211104,장항선,쌍용,2899,2564,5463
20211104,장항선,봉명,1396,1306,2702
20211104,일산선,대화,12882,10111,22993
20211104,일산선,주엽,9180,9114,18294
20211104,일산선,정발산,7256,7402,14658
20211104,우이신설선,솔밭공원,2535,2406,4941
20211104,우이신설선,북한산우이,3248,2931,6179
20211104,안산선,수리산,4370,3621,7991
20211104,안산선,오이도,8532,8310,16842
20211104,분당선,청명,4501,4263,8764
20211104,분당선,상갈,5627,5291,10918
20211104,분당선,기흥,10059,9411,19470
20211104,분당선,신갈,4673,4646,9319
20211104,분당선,구성,5325,5467,10792
20211104,분당선,죽전,13859,15125,28984
20211104,분당선,보정,2690,2319,5009
20211104,분당선,이매,5904,5522,11426
20211104,분당선,오리,12538,10398,22936
20211104,분당선,미금,15671,16740,32411
20211104,분당선,정자,17559,18830,36389
20211104,분당선,수내,13289,13407,26696
20211104,분당선,서현,24188,24895,49083
20211104,분당선,야탑,26753,27666,54419
20211104,분당선,모란,26324,27197,53521
20211104,분당선,영통,8351,8469,16820
20211104,중앙선,구리,13810,13897,27707
20211104,분당선,망포,14820,13796,28616
20211104,분당선,수원시청,12298,13417,25715
20211104,안산선,정왕,9422,9700,19122
20211104,안산선,신길온천,1741,1594,3335
20211104,안산선,안산,11354,10314,21668
20211104,안산선,초지,5133,5566,10699
20211104,수인선,호구포,4081,4246,8327
20211104,수인선,인천논현,5539,5966,11505
20211104,수인선,소래포구,7322,7035,14357
20211104,수인선,월곶,2596,2416,5012
20211104,수인선,달월,107,70,177
20211104,수인선,사리,4554,4035,8589
20211104,수인선,야목,290,221,511
20211104,수인선,어천,747,773,1520
20211104,수인선,오목천,3426,3081,6507
20211104,수인선,고색,4574,4251,8825
20211104,분당선,매교,3027,3049,6076
20211104,분당선,매탄권선,5172,4943,10115
20211104,중앙선,양정,864,709,1573
20211104,중앙선,덕소,5831,5836,11667
20211104,중앙선,도심,2546,1979,4525
20211104,2호선,신대방,26771,25604,52375
20211104,2호선,신림,62321,60273,122594
20211104,2호선,봉천,23975,21895,45870
20211104,2호선,서울대입구,47663,46724,94387
20211104,2호선,낙성대,27583,26428,54011
20211104,2호선,사당,37286,40994,78280
20211104,2호선,방배,18311,19035,37346
20211104,2호선,서초,22262,21692,43954
20211104,2호선,교대,34906,39560,74466
20211104,2호선,강남,81911,81925,163836
20211104,2호선,역삼,52925,59847,112772
20211104,2호선,선릉,58291,51949,110240
20211104,2호선,삼성,52911,54873,107784
20211104,2호선,종합운동장,15812,17980,33792
20211104,2호선,잠실새내,20962,21281,42243
20211104,2호선,구로디지털단지,61556,61532,123088
20211104,2호선,잠실,67738,67916,135654
20211104,2호선,대림,24306,24645,48951
20211104,안산선,고잔,9030,8592,17622
20211104,경원선,가능,6874,6511,13385
20211104,수인선,남동인더스파크,2313,2584,4897
20211104,수인선,원인재,4574,4667,9241
20211104,수인선,연수,4532,4472,9004
20211104,수인선,송도,2527,2332,4859
20211104,수인선,인하대,6156,5683,11839
20211104,수인선,숭의,4182,3886,8068
20211104,수인선,신포,1825,1822,3647
20211104,수인선,인천,1091,1794,2885
20211104,안산선,산본,16113,17207,33320
20211104,안산선,대야미,5209,4648,9857
20211104,안산선,반월,4367,4186,8553
20211104,안산선,상록수,16480,16592,33072
20211104,안산선,한대앞,9836,9878,19714
20211104,안산선,중앙,17502,18406,35908
20211104,2호선,신도림,47723,47657,95380
20211104,분당선,태평,13733,13211,26944
20211104,2호선,잠실나루,14925,14351,29276
20211104,2호선,구의,23853,23248,47101
20211104,1호선,시청,23112,23732,46844
20211104,1호선,동묘앞,7906,8178,16084
20211104,1호선,서울역,44063,42611,86674
20211104,8호선,수진,5382,4789,10171
20211104,중앙선,지평,61,72,133
20211104,중앙선,용문,2486,2486,4972
20211104,중앙선,원덕,371,345,716
20211104,중앙선,양평,2656,2724,5380
20211104,중앙선,오빈,306,330,636
20211104,중앙선,아신,568,579,1147
20211104,중앙선,국수,753,745,1498
20211104,중앙선,신원,220,168,388
20211104,중앙선,양수,1895,1944,3839
20211104,중앙선,운길산,867,821,1688
20211104,중앙선,팔당,913,880,1793
20211104,1호선,종각,34970,34414,69384
20211104,2호선,강변,30069,28616,58685
20211104,1호선,종로3가,25944,23616,49560
20211104,1호선,동대문,10966,10118,21084
20211104,2호선,건대입구,33665,36845,70510
20211104,2호선,성수,37868,41879,79747
20211104,2호선,뚝섬,22284,23869,46153
20211104,2호선,한양대,8310,8932,17242
20211104,2호선,왕십리,15874,13080,28954
20211104,2호선,상왕십리,14492,13976,28468
20211104,2호선,신당,13673,14024,27697
20211104,2호선,동대문역사문화공원,11291,12665,23956
20211104,2호선,을지로4가,13384,13181,26565
20211104,2호선,을지로3가,22268,22616,44884
20211104,2호선,을지로입구,38319,39998,78317
20211104,2호선,시청,23892,23565,47457
20211104,1호선,청량리,19675,19935,39610
20211104,1호선,제기동,17709,17890,35599
20211104,1호선,신설동,14002,13730,27732
20211104,1호선,종로5가,21744,21949,43693
20211104,분당선,가천대,9106,9815,18921
20211104,중앙선,도농,10658,9548,20206
20211104,분당선,강남구청,10113,11659,21772
20211104,경의선,공덕,3650,3372,7022
20211104,경의선,효창공원앞,2999,3341,6340
20211104,경의선,신촌,876,1086,1962
20211104,경의선,서울역,4531,5842,10373
20211104,경원선,소요산,4283,3842,8125
20211104,경원선,동두천,2169,2563,4732
20211104,경원선,보산,1499,1329,2828
20211104,경원선,동두천중앙,3253,3179,6432
20211104,경원선,지행,6558,6527,13085
20211104,경원선,덕정,5765,5687,11452
20211104,경원선,덕계,3265,2901,6166
20211104,경원선,양주,8238,7607,15845
20211104,경원선,녹양,4770,4429,9199
20211104,경원선,의정부,17803,18565,36368
20211104,경원선,회룡,12932,12637,25569
20211104,경의선,서강대,2176,2156,4332
20211104,경원선,망월사,8094,8133,16227
20211104,경의선,홍대입구,1578,1864,3442
20211104,경의선,디지털미디어시티,2558,2404,4962
20211104,경의선,월롱,2744,2547,5291
20211104,경의선,금촌,6456,6303,12759
20211104,경의선,금릉,4944,4816,9760
20211104,경의선,운정,7026,6639,13665
20211104,경의선,야당,7426,7258,14684
20211104,경의선,탄현,8052,7536,15588
20211104,경의선,일산,9591,9441,19032
20211104,경의선,풍산,5935,5446,11381
20211104,경의선,백마,7321,6994,14315
20211104,경의선,곡산,660,684,1344
20211104,경의선,능곡,3897,3556,7453
20211104,경의선,행신,8154,8097,16251
20211104,경의선,강매,3441,2939,6380
20211104,경의선,화전,1871,1752,3623
20211104,경의선,수색,2893,2992,5885
20211104,경의선,가좌,5484,5246,10730
20211104,경의선,파주,1614,1174,2788
20211104,경원선,도봉산,8524,5682,14206
20211104,경원선,방학,9882,9690,19572
20211104,경부선,성환,4618,4468,9086
20211104,경부선,평택,12230,11933,24163
20211104,경부선,평택지제,3290,3120,6410
20211104,경부선,서정리,7182,6696,13878
20211104,경부선,송탄,4196,4012,8208
20211104,경부선,진위,1638,1399,3037
20211104,경부선,오산,9913,9845,19758
20211104,경부선,오산대,3918,3662,7580
20211104,경부선,세마,2813,2651,5464
20211104,경부선,병점,14878,14822,29700
20211104,경부선,세류,3088,2761,5849
20211104,경부선,독산,18805,19740,38545
20211104,경부선,수원,34225,36690,70915
20211104,경부선,화서,8297,7885,16182
20211104,분당선,선정릉,8063,8769,16832
20211104,경부선,직산,803,776,1579
20211104,경원선,도봉,6397,6093,12490
20211104,경부선,두정,5976,5919,11895
20211104,경부선,당정,6478,6168,12646
20211104,경원선,녹천,4816,4053,8869
20211104,경원선,월계,7232,6802,14034
20211104,경원선,광운대,8782,8327,17109
20211104,경원선,석계,8208,9498,17706
20211104,경원선,신이문,8583,7852,16435
20211104,경원선,외대앞,8587,8384,16971
20211104,경원선,청량리,15293,15627,30920
20211104,경원선,왕십리,13937,15805,29742
20211104,경원선,응봉,1952,1675,3627
20211104,경원선,옥수,55,35,90
20211104,경원선,한남,4181,3946,8127
20211104,경원선,서빙고,2201,2216,4417
20211104,경원선,이촌,3795,2932,6727
20211104,경부선,광명,3388,2956,6344
20211104,경부선,서동탄,1518,1328,2846
20211104,경부선,천안,5740,5808,11548
20211104,경의선,문산,5484,5529,11013
20211104,경부선,성균관대,15221,14780,30001
20211104,과천선,선바위,8928,7789,16717
20211104,공항철도 1호선,영종,2994,2919,5913
20211104,공항철도 1호선,인천공항2터미널,2248,2098,4346
20211104,공항철도 1호선,인천공항1터미널,3612,3665,7277
20211104,공항철도 1호선,공항화물청사,2240,2504,4744
20211104,공항철도 1호선,운서,6662,6656,13318
20211104,공항철도 1호선,청라국제도시,7007,6665,13672
20211104,경의선,임진강,10,8,18
20211104,공항철도 1호선,검암,7037,6897,13934
20211104,공항철도 1호선,김포공항,11821,7118,18939
20211104,공항철도 1호선,디지털미디어시티,14415,13312,27727
20211104,공항철도 1호선,홍대입구,9032,9006,18038
20211104,공항철도 1호선,공덕,2307,2907,5214
20211104,공항철도 1호선,서울역,7671,7027,14698
20211104,경춘선,춘천,1930,1499,3429
20211104,공항철도 1호선,계양,10493,9690,20183
20211104,과천선,경마공원,1937,1893,3830
20211104,과천선,대공원,4610,4733,9343
20211104,과천선,과천,5898,5448,11346
20211104,분당선,압구정로데오,17948,20133,38081
20211104,분당선,서울숲,11825,12136,23961
20211104,분당선,수원,8036,6683,14719
20211104,분당선,복정,1,0,1
20211104,분당선,수서,13982,14562,28544
20211104,분당선,대모산입구,4603,4187,8790
20211104,분당선,개포동,3824,3965,7789
20211104,분당선,구룡,2288,2198,4486
20211104,분당선,도곡,7102,6889,13991
20211104,분당선,한티,14050,14800,28850
20211104,분당선,선릉,13616,20744,34360
20211104,과천선,범계,25925,25816,51741
20211104,과천선,평촌,18663,18230,36893
20211104,과천선,인덕원,24947,26130,51077
20211104,과천선,정부과천청사,11024,10643,21667
20211104,경춘선,남춘천,2648,2593,5241
20211104,경춘선,김유정,336,429,765
20211104,공항철도 1호선,마곡나루,8948,8782,17730
20211104,경춘선,백양리,83,91,174
20211104,경인선,부개,8808,8057,16865
20211104,경인선,소사,8905,8744,17649
20211104,경인선,구일,6461,6380,12841
20211104,경인선,인천,3641,2833,6474
20211104,경인선,동인천,13844,13068,26912
20211104,경춘선,강촌,612,529,1141
20211104,경인선,주안,18872,17100,35972
20211104,경인선,동암,14816,14826,29642
20211104,경인선,백운,7184,6951,14135
20211104,경인선,부평,28298,30973,59271
20211104,경인선,송내,27862,27671,55533
20211104,경인선,부천,32295,32534,64829
20211104,경인선,역곡,28754,27945,56699
20211104,경인선,오류동,12216,11265,23481
20211104,경인선,개봉,22023,21807,43830
20211104,경인선,간석,5944,5598,11542
20211104,경인선,도원,3172,3332,6504
20211104,경인선,제물포,10942,10346,21288
20211104,경인선,중동,9537,8853,18390
20211104,경인선,온수,7208,6873,14081
20211104,경춘선,가평,2204,2258,4462
20211104,경춘선,상천,306,309,615
20211104,경춘선,청평,1559,1657,3216
20211104,경춘선,대성리,575,493,1068
20211104,경춘선,마석,4082,4009,8091
20211104,경춘선,천마산,1747,1579,3326
20211104,경춘선,굴봉산,157,146,303
20211104,경춘선,금곡,1573,1523,3096
20211104,경춘선,사릉,3620,3454,7074
20211104,경춘선,퇴계원,3802,3486,7288
20211104,경춘선,별내,3533,3272,6805
20211104,경춘선,갈매,3203,2788,5991
20211104,경춘선,신내,2151,1988,4139
20211104,경인선,도화,4181,3884,8065
20211104,경춘선,평내호평,6495,6284,12779
20211105,1호선,제기동,18165,18274,36439
20211105,3호선,독립문,7597,7809,15406
20211105,3호선,무악재,4123,4031,8154
20211105,3호선,홍제,18420,16937,35357
20211105,3호선,녹번,16158,14062,30220
20211105,3호선,불광,17183,18208,35391
20211105,3호선,연신내,38735,36270,75005
20211105,2호선,신정네거리,11028,11091,22119
20211105,3호선,지축,4759,4340,9099
20211105,2호선,용두,2458,2431,4889
20211105,2호선,양천구청,7093,7392,14485
20211105,2호선,도림천,1407,1424,2831
20211105,2호선,신설동,3456,3275,6731
20211105,2호선,신답,1831,1868,3699
20211105,1호선,신설동,14430,14148,28578
20211105,3호선,구파발,21872,20913,42785
20211105,1호선,동대문,11389,10857,22246
20211105,2호선,강남,86937,89845,176782
20211105,1호선,종로3가,27084,25529,52613
20211105,3호선,경복궁,23514,24213,47727
20211105,2호선,서울대입구,50708,49074,99782
20211105,2호선,봉천,24860,22097,46957
20211105,경의선,야당,7602,7652,15254
20211105,경의선,탄현,8240,7799,16039
20211105,경의선,일산,9804,9721,19525
20211105,경의선,풍산,6039,5699,11738
20211105,경의선,백마,7499,7036,14535
20211105,경의선,곡산,684,698,1382
20211105,경의선,능곡,4075,3739,7814
20211105,경의선,행신,8475,8458,16933
20211105,1호선,서울역,49620,48802,98422
20211105,1호선,동묘앞,8249,8679,16928
20211105,1호선,시청,23430,24169,47599
20211105,1호선,종각,36619,36215,72834
20211105,1호선,종로5가,22711,22718,45429
20211105,2호선,용답,2962,2768,5730
20211105,2호선,역삼,51093,57531,108624
20211105,2호선,아현,10910,10121,21031
20211105,2호선,상왕십리,14983,14068,29051
20211105,2호선,왕십리,16746,14228,30974
20211105,2호선,한양대,8052,8579,16631
20211105,2호선,뚝섬,23146,24762,47908
20211105,2호선,성수,38460,42814,81274
20211105,2호선,건대입구,37173,42172,79345
20211105,2호선,구의,24635,23653,48288
20211105,2호선,강변,33949,33946,67895
20211105,2호선,잠실나루,15012,14274,29286
20211105,2호선,잠실,73768,73797,147565
20211105,2호선,잠실새내,22219,23105,45324
20211105,2호선,종합운동장,17435,20687,38122
20211105,2호선,삼성,53184,54619,107803
20211105,2호선,선릉,57430,51150,108580
20211105,3호선,안국,23777,25018,48795
20211105,2호선,신당,14280,14563,28843
20211105,2호선,충정로,9979,10460,20439
20211105,2호선,동대문역사문화공원,11703,13437,25140
20211105,2호선,을지로3가,22682,23584,46266
20211105,2호선,이대,13974,14200,28174
20211105,2호선,신촌,33880,35160,69040
20211105,2호선,홍대입구,55704,63397,119101
20211105,2호선,합정,32440,36266,68706
20211105,2호선,당산,19860,22784,42644
20211105,2호선,영등포구청,23257,23723,46980
20211105,2호선,문래,22216,22805,45021
20211105,2호선,신도림,50257,50638,100895
20211105,2호선,대림,24710,25069,49779
20211105,2호선,구로디지털단지,62685,61633,124318
20211105,2호선,신대방,27547,26075,53622
20211105,2호선,신림,65695,62586,128281
20211105,1호선,청량리,20843,20877,41720
20211105,2호선,시청,24571,23958,48529
20211105,2호선,을지로입구,38690,40281,78971
20211105,2호선,을지로4가,13380,13423,26803
20211105,3호선,종로3가,10396,12622,23018
20211105,4호선,숙대입구,13866,13601,27467
20211105,3호선,충무로,5,0,5
20211105,5호선,발산,20180,21588,41768
20211105,5호선,마곡,10794,10664,21458
20211105,5호선,송정,7082,6461,13543
20211105,5호선,김포공항,8361,7472,15833
20211105,5호선,개화산,5820,5360,11180
20211105,5호선,방화,7185,6747,13932
20211105,5호선,우장산,15172,14546,29718
20211105,4호선,쌍문,30748,27186,57934
20211105,4호선,노원,19447,22918,42365
20211105,4호선,상계,20099,18091,38190
20211105,4호선,당고개,13518,12165,25683
20211105,4호선,남태령,1438,1122,2560
20211105,4호선,사당,26960,23290,50250
20211105,4호선,총신대입구,20161,21949,42110
20211105,4호선,창동,26599,28104,54703
20211105,5호선,화곡,29531,26822,56353
20211105,5호선,까치산,30064,27970,58034
20211105,5호선,신정,14454,11236,25690
20211105,5호선,종로3가,13845,14663,28508
20211105,5호선,광화문,30524,32621,63145
20211105,5호선,서대문,18939,19370,38309
20211105,5호선,충정로,4821,4807,9628
20211105,5호선,애오개,6964,6764,13728
20211105,5호선,공덕,14003,14865,28868
20211105,5호선,마포,14391,15041,29432
20211105,5호선,여의나루,11786,12558,24344
20211105,5호선,여의도,27681,30085,57766
20211105,5호선,신길,4126,4202,8328
20211105,5호선,영등포시장,10105,10208,20313
20211105,5호선,영등포구청,4002,4080,8082
20211105,5호선,양평,7643,7248,14891
20211105,5호선,오목교,22618,25019,47637
20211105,5호선,목동,17353,18475,35828
20211105,4호선,동작,1962,2126,4088
20211105,4호선,이촌,7535,8381,15916
20211105,4호선,신용산,17449,18831,36280
20211105,4호선,삼각지,5353,6194,11547
20211105,3호선,학여울,2425,2549,4974
20211105,3호선,대치,11213,11325,22538
20211105,3호선,도곡,5644,5803,11447
20211105,3호선,매봉,12917,12448,25365
20211105,3호선,양재,42049,44267,86316
20211105,3호선,남부터미널,31436,32111,63547
20211105,3호선,교대,14963,9698,24661
20211105,3호선,고속터미널,43777,47063,90840
20211105,3호선,잠원,5246,5039,10285
20211105,3호선,신사,32047,35604,67651
20211105,3호선,압구정,32729,35520,68249
20211105,3호선,옥수,9769,9888,19657
20211105,3호선,금호,8467,7661,16128
20211105,3호선,약수,13616,13235,26851
20211105,3호선,동대입구,8040,8919,16959
20211105,3호선,대청,10534,9455,19989
20211105,3호선,을지로3가,10894,11854,22748
20211105,3호선,일원,10282,9614,19896
20211105,3호선,가락시장,9508,9238,18746
20211105,4호선,서울역,11017,18464,29481
20211105,4호선,회현,23992,25795,49787
20211105,4호선,명동,18545,19829,38374
20211105,4호선,충무로,28059,29552,57611
20211105,4호선,동대문역사문화공원,14342,13399,27741
20211105,4호선,동대문,20204,21234,41438
20211105,4호선,혜화,34046,34634,68680
20211105,4호선,한성대입구,14797,14408,29205
20211105,4호선,성신여대입구,21407,20538,41945
20211105,4호선,길음,21407,20020,41427
20211105,4호선,미아사거리,29077,27692,56769
20211105,4호선,미아,15390,14656,30046
20211105,4호선,수유,35572,35412,70984
20211105,3호선,오금,6560,5759,12319
20211105,3호선,경찰병원,7608,7587,15195
20211105,3호선,수서,18791,18918,37709
20211105,경의선,운정,7329,6848,14177
20211105,경의선,금릉,5028,4877,9905
20211105,2호선,서초,21925,20968,42893
20211105,공항철도 1호선,검암,7357,7154,14511
20211105,공항철도 1호선,계양,10691,9801,20492
20211105,공항철도 1호선,김포공항,14967,7670,22637
20211105,공항철도 1호선,마곡나루,8755,8351,17106
20211105,공항철도 1호선,디지털미디어시티,14309,12886,27195
20211105,공항철도 1호선,홍대입구,10323,10939,21262
20211105,공항철도 1호선,공덕,2334,3120,5454
20211105,공항철도 1호선,서울역,9497,9163,18660
20211105,경춘선,춘천,2140,1709,3849
20211105,경춘선,남춘천,3262,3137,6399
20211105,경춘선,김유정,431,543,974
20211105,경춘선,강촌,551,550,1101
20211105,경춘선,백양리,93,101,194
20211105,경춘선,굴봉산,145,142,287
20211105,경춘선,가평,2574,2721,5295
20211105,공항철도 1호선,청라국제도시,7229,6748,13977
20211105,경춘선,상천,326,320,646
20211105,공항철도 1호선,운서,7149,6924,14073
20211105,공항철도 1호선,인천공항1터미널,4137,4387,8524
20211105,분당선,개포동,3831,4005,7836
20211105,분당선,구룡,2382,2219,4601
20211105,분당선,도곡,7488,7168,14656
20211105,분당선,한티,14664,15613,30277
20211105,분당선,선릉,13342,20462,33804
20211105,과천선,범계,27158,27916,55074
20211105,과천선,평촌,18653,18271,36924
20211105,과천선,인덕원,26116,26445,52561
20211105,과천선,정부과천청사,11598,11034,22632
20211105,과천선,과천,6373,5685,12058
20211105,과천선,대공원,5496,5634,11130
20211105,과천선,경마공원,4282,4265,8547
20211105,과천선,선바위,9426,8031,17457
20211105,공항철도 1호선,영종,3231,3385,6616
20211105,공항철도 1호선,인천공항2터미널,2195,2078,4273
20211105,공항철도 1호선,공항화물청사,2291,2464,4755
20211105,분당선,대모산입구,4585,4105,8690
20211105,경춘선,청평,1765,1972,3737
20211105,경춘선,마석,4248,4237,8485
20211105,경인선,주안,20236,18199,38435
20211105,경인선,동암,15717,15865,31582
20211105,경인선,백운,7592,7269,14861
20211105,경인선,부평,30652,34787,65439
20211105,경인선,송내,28503,28067,56570
20211105,경인선,부천,33624,34791,68415
20211105,경인선,역곡,29397,28428,57825
20211105,경인선,오류동,12786,11472,24258
20211105,경인선,개봉,22877,22302,45179
20211105,경의선,임진강,22,17,39
20211105,경의선,문산,5331,5281,10612
20211105,경의선,파주,1446,988,2434
20211105,경의선,월롱,2925,2194,5119
20211105,경의선,금촌,6911,6826,13737
20211105,5호선,을지로4가,6237,6583,12820
20211105,경인선,제물포,11700,10864,22564
20211105,경춘선,대성리,639,612,1251
20211105,경인선,동인천,14789,14189,28978
20211105,경인선,구일,6625,6366,12991
20211105,경춘선,천마산,1790,1554,3344
20211105,경춘선,평내호평,6565,6637,13202
20211105,경춘선,금곡,1617,1545,3162
20211105,경춘선,사릉,3715,3525,7240
20211105,경춘선,퇴계원,3915,3554,7469
20211105,경춘선,별내,3656,3471,7127
20211105,경춘선,갈매,3381,2875,6256
20211105,경춘선,신내,2124,2056,4180
20211105,경인선,도화,4488,4085,8573
20211105,경인선,중동,9650,9076,18726
20211105,경인선,온수,7540,6954,14494
20211105,경인선,도원,3373,3442,6815
20211105,경인선,간석,6240,5888,12128
20211105,경인선,부개,8918,8294,17212
20211105,경인선,소사,9264,8959,18223
20211105,경인선,인천,4424,3419,7843
20211105,2호선,교대,35097,40214,75311
20211105,분당선,수서,14931,15753,30684
20211105,분당선,수원,9013,7882,16895
20211105,안산선,수리산,4511,3498,8009
20211105,안산선,오이도,9058,9189,18247
20211105,안산선,정왕,9961,9653,19614
20211105,안산선,신길온천,1820,1687,3507
20211105,안산선,안산,12089,11001,23090
20211105,안산선,초지,5162,5301,10463
20211105,안산선,고잔,9343,8989,18332
20211105,안산선,중앙,18982,20781,39763
20211105,안산선,한대앞,10567,10261,20828
20211105,안산선,상록수,17099,16902,34001
20211105,안산선,반월,4665,4415,9080
20211105,안산선,대야미,5442,4709,10151
20211105,안산선,산본,17042,18452,35494
20211105,수인선,인천,1221,2018,3239
20211105,수인선,신포,1993,2017,4010
20211105,우이신설선,북한산우이,4314,3929,8243
20211105,수인선,숭의,4274,3953,8227
20211105,우이신설선,솔밭공원,2557,2321,4878
20211105,우이신설선,가오리,4334,4049,8383
20211105,2호선,방배,18218,18974,37192
20211105,일산선,대곡,2032,1570,3602
20211105,일산선,화정,17718,18099,35817
20211105,일산선,원당,12211,11278,23489
20211105,일산선,삼송,19819,18801,38620
20211105,일산선,원흥,11179,10473,21652
20211105,우이신설선,신설동,2248,2273,4521
20211105,우이신설선,보문,1555,1502,3057
20211105,우이신설선,성신여대입구,3405,3790,7195
20211105,우이신설선,정릉,4924,4378,9302
20211105,우이신설선,북한산보국문,6402,5647,12049
20211105,우이신설선,솔샘,5994,5301,11295
20211105,우이신설선,삼양사거리,2620,2597,5217
20211105,우이신설선,삼양,2056,2168,4224
20211105,우이신설선,화계,3536,3260,6796
20211105,우이신설선,4.19민주묘지,3070,2910,5980
20211105,분당선,복정,2,0,2
20211105,수인선,인하대,6565,6009,12574
20211105,수인선,연수,4957,4875,9832
20211105,분당선,보정,2766,2336,5102
20211105,분당선,이매,5974,5617,11591
20211105,분당선,오리,12892,10636,23528
20211105,분당선,미금,16112,17127,33239
20211105,분당선,정자,18211,19359,37570
20211105,분당선,수내,13586,13554,27140
20211105,분당선,서현,25774,26760,52534
20211105,분당선,야탑,27383,28567,55950
20211105,분당선,모란,20956,21295,42251
20211105,분당선,태평,14103,13252,27355
20211105,분당선,가천대,8863,9276,18139
20211105,분당선,선정릉,7920,8661,16581
20211105,분당선,강남구청,10422,11906,22328
20211105,분당선,압구정로데오,19982,23903,43885
20211105,분당선,서울숲,12976,13327,26303
20211105,분당선,죽전,14755,15621,30376
20211105,수인선,송도,2711,2504,5215
20211105,분당선,구성,5492,5564,11056
20211105,분당선,기흥,10375,9764,20139
20211105,수인선,원인재,4875,5063,9938
20211105,수인선,남동인더스파크,2388,2653,5041
20211105,수인선,호구포,4266,4390,8656
20211105,수인선,인천논현,5931,6394,12325
20211105,수인선,소래포구,7225,7102,14327
20211105,수인선,월곶,2656,2499,5155
20211105,수인선,달월,104,75,179
20211105,수인선,사리,4840,4166,9006
20211105,수인선,야목,352,272,624
20211105,분당선,수원시청,13483,16046,29529
20211105,분당선,매탄권선,5558,5092,10650
20211105,분당선,망포,16187,14484,30671
20211105,분당선,영통,9165,9403,18568
20211105,분당선,청명,4936,4397,9333
20211105,분당선,상갈,5886,5511,11397
20211105,분당선,신갈,4789,4770,9559
20211105,5호선,동대문역사문화공원,2396,3052,5448
20211105,2호선,사당,39959,44346,84305
20211105,5호선,신금호,6811,6876,13687
20211105,9호선2~3단계,송파나루,5160,5500,10660
20211105,9호선2~3단계,석촌,8799,7709,16508
20211105,9호선2~3단계,석촌고분,6240,5999,12239
20211105,9호선2~3단계,삼전,7033,6704,13737
20211105,9호선2~3단계,종합운동장,4343,4426,8769
20211105,9호선2~3단계,봉은사,16764,17284,34048
20211105,9호선2~3단계,한성백제,2882,2472,5354
20211105,9호선2~3단계,삼성중앙,6886,7204,14090
20211105,9호선2~3단계,언주,10847,11330,22177
20211105,9호선,신논현,33637,34941,68578
20211105,9호선,사평,3700,3526,7226
20211105,9호선,고속터미널,13558,18338,31896
20211105,9호선,신반포,3564,3485,7049
20211105,9호선,구반포,2032,2076,4108
20211105,9호선2~3단계,선정릉,10058,10928,20986
20211105,9호선2~3단계,올림픽공원,6945,6979,13924
20211105,9호선2~3단계,둔촌오륜,1137,1019,2156
20211105,9호선2~3단계,중앙보훈병원,8701,7184,15885
20211105,경부선,노량진,9672,9916,19588
20211105,경부선,용산,39212,42014,81226
20211105,경부선,남영,9924,10257,20181
20211105,경부선,서울역,7894,2601,10495
20211105,경강선,여주,2314,2606,4920
20211105,경강선,세종대왕릉,360,397,757
20211105,경강선,부발,2828,2105,4933
20211105,경강선,이천,2936,3177,6113
20211105,경강선,신둔도예촌,1742,1527,3269
20211105,경강선,곤지암,2652,2563,5215
20211105,경강선,초월,3498,3073,6571
20211105,경강선,경기광주,7791,7326,15117
20211105,경강선,삼동,2437,2127,4564
20211105,경강선,이매,1185,997,2182
20211105,경강선,판교,4796,4793,9589
20211105,9호선,동작,2030,1647,3677
20211105,9호선,흑석,8364,8553,16917
20211105,9호선,노들,4818,3798,8616
20211105,9호선,노량진,27817,26774,54591
20211105,8호선,단대오거리,10944,10119,21063
20211105,8호선,남한산성입구,14593,12733,27326
20211105,8호선,산성,6231,5976,12207
20211105,8호선,복정,12127,10250,22377
20211105,8호선,장지,17948,16822,34770
20211105,8호선,문정,22330,23047,45377
20211105,8호선,가락시장,8076,9255,17331
20211105,8호선,송파,7915,7705,15620
20211105,8호선,석촌,7952,9177,17129
20211105,8호선,잠실,14159,17571,31730
20211105,8호선,몽촌토성,6735,6958,13693
20211105,8호선,강동구청,10839,10869,21708
20211105,8호선,천호,15441,18190,33631
20211105,8호선,암사,19442,16727,36169
20211105,7호선,부평구청,7682,6884,14566
20211105,8호선,신흥,4416,4742,9158
20211105,경부선,영등포,40294,43548,83842
20211105,8호선,수진,5368,4731,10099
20211105,9호선,개화,2833,1932,4765
20211105,9호선,샛강,5789,6106,11895
20211105,9호선,여의도,28309,26484,54793
20211105,9호선,국회의사당,16150,16500,32650
20211105,9호선,당산,19063,18628,37691
20211105,9호선,선유도,8701,8161,16862
20211105,9호선,신목동,4303,3704,8007
20211105,9호선,염창,18252,17056,35308
20211105,9호선,등촌,11896,11414,23310
20211105,9호선,증미,7458,7210,14668
20211105,9호선,가양,21392,20251,41643
20211105,9호선,양천향교,10192,9964,20156
20211105,9호선,마곡나루,12471,12467,24938
20211105,9호선,신방화,7289,6894,14183
20211105,9호선,공항시장,3127,3376,6503
20211105,9호선,김포공항,8559,13599,22158
20211105,8호선,모란,4416,3660,8076
20211105,경부선,신도림,4435,4388,8823
20211105,경부선,신길,9651,8127,17778
20211105,경부선,구로,19435,20115,39550
20211105,경원선,덕계,3407,2965,6372
20211105,경원선,양주,8487,7865,16352
20211105,경원선,녹양,4908,4658,9566
20211105,경원선,가능,7124,6741,13865
20211105,경원선,의정부,19379,20561,39940
20211105,경원선,회룡,13103,12968,26071
20211105,경원선,망월사,8120,8057,16177
20211105,경원선,도봉산,8817,5820,14637
20211105,경원선,도봉,6423,6038,12461
20211105,경원선,방학,10077,9688,19765
20211105,경원선,녹천,4863,4022,8885
20211105,경원선,월계,7089,6469,13558
20211105,경원선,광운대,8847,8402,17249
20211105,경원선,석계,8849,9876,18725
20211105,경원선,신이문,8815,7913,16728
20211105,경원선,덕정,6125,5695,11820
20211105,경원선,외대앞,9103,8710,17813
20211105,경원선,지행,6987,6978,13965
20211105,경원선,보산,2030,1632,3662
20211105,5호선,청구,4126,3732,7858
20211105,2호선,낙성대,29044,26445,55489
20211105,경의선,강매,3408,2906,6314
20211105,경의선,화전,2060,1800,3860
20211105,경의선,수색,2837,2851,5688
20211105,경의선,디지털미디어시티,2734,2495,5229
20211105,경의선,가좌,5641,5286,10927
20211105,경의선,홍대입구,1816,2241,4057
20211105,경의선,서강대,2275,2184,4459
20211105,경의선,공덕,3725,3331,7056
20211105,경의선,효창공원앞,2968,3455,6423
20211105,경의선,신촌,890,1135,2025
20211105,경의선,서울역,4588,5960,10548
20211105,경원선,소요산,4455,4059,8514
20211105,경원선,동두천,2309,2629,4938
20211105,경원선,동두천중앙,3570,3642,7212
20211105,7호선,굴포천,9505,9933,19438
20211105,경원선,청량리,17509,18784,36293
20211105,경원선,응봉,2055,1654,3709
20211105,경부선,병점,16065,15571,31636
20211105,경부선,세류,3292,2982,6274
20211105,경부선,독산,18895,19152,38047
20211105,경부선,수원,38553,43091,81644
20211105,경부선,화서,8532,8187,16719
20211105,경부선,성균관대,15511,14964,30475
20211105,경부선,의왕,9621,9464,19085
20211105,경부선,군포,8128,7930,16058
20211105,경부선,금정,28461,28868,57329
20211105,경부선,명학,9543,9294,18837
20211105,경부선,안양,25148,25275,50423
20211105,경부선,관악,7827,7115,14942
20211105,경부선,석수,10360,9087,19447
20211105,경부선,금천구청,12721,12564,25285
20211105,경부선,가산디지털단지,19080,21887,40967
20211105,경부선,세마,3050,2824,5874
20211105,경원선,왕십리,15234,17296,32530
20211105,경부선,오산대,4133,3810,7943
20211105,경부선,진위,1874,1503,3377
20211105,경원선,옥수,50,37,87
20211105,경원선,한남,4202,3978,8180
20211105,경원선,서빙고,2343,2412,4755
20211105,경원선,이촌,3963,2945,6908
20211105,경부선,광명,3868,3467,7335
20211105,경부선,서동탄,1640,1484,3124
20211105,경부선,당정,6687,6131,12818
20211105,경부선,천안,6289,6387,12676
20211105,경부선,두정,6594,6128,12722
20211105,경부선,직산,914,885,1799
20211105,경부선,성환,4343,3833,8176
20211105,경부선,평택,13854,13294,27148
20211105,경부선,평택지제,3835,3624,7459
20211105,경부선,서정리,7902,6526,14428
20211105,경부선,송탄,4950,4361,9311
20211105,경부선,오산,11024,10537,21561
20211105,7호선,삼산체육관,5605,4969,10574
20211105,경부선,대방,13454,13540,26994
20211105,7호선,부천시청,13373,13279,26652
20211105,6호선,신당,7991,8620,16611
20211105,6호선,청구,3867,4071,7938
20211105,6호선,약수,3775,3862,7637
20211105,6호선,버티고개,1948,1745,3693
20211105,6호선,한강진,8858,10644,19502
20211105,6호선,이태원,10925,13620,24545
20211105,6호선,녹사평,5125,5389,10514
20211105,6호선,삼각지,6741,5636,12377
20211105,6호선,효창공원앞,7793,6768,14561
20211105,6호선,공덕,18837,18571,37408
20211105,6호선,대흥,8466,8498,16964
20211105,6호선,광흥창,9273,8916,18189
20211105,6호선,상수,8627,10624,19251
20211105,6호선,합정,13871,14103,27974
20211105,6호선,망원,15064,16207,31271
20211105,6호선,동묘앞,7863,7837,15700
20211105,6호선,마포구청,15108,13000,28108
20211105,6호선,창신,3678,2980,6658
20211105,6호선,안암,11535,11153,22688
20211105,7호선,하계,18330,16565,34895
20211105,7호선,중계,14946,13113,28059
20211105,7호선,노원,19744,21765,41509
20211105,7호선,마들,13374,12278,25652
20211105,7호선,수락산,13261,12752,26013
20211105,7호선,도봉산,9859,11366,21225
20211105,7호선,장암,2449,1050,3499
20211105,6호선,봉화산,9103,8340,17443
20211105,6호선,화랑대,12498,9496,21994
20211105,6호선,태릉입구,5706,6195,11901
20211105,6호선,석계,12718,13126,25844
20211105,6호선,돌곶이,10468,9140,19608
20211105,6호선,상월곡,6528,5692,12220
20211105,6호선,월곡,12161,11564,23725
20211105,6호선,고려대,8373,7832,16205
20211105,6호선,보문,7579,6692,14271
20211105,7호선,공릉,12853,12276,25129
20211105,6호선,월드컵경기장,5821,6508,12329
20211105,6호선,증산,10499,10038,20537
20211105,5호선,상일동,16200,14173,30373
20211105,5호선,고덕,9977,9650,19627
20211105,5호선,명일,9105,9119,18224
20211105,5호선,굽은다리,9993,9293,19286
20211105,5호선,길동,8255,8696,16951
20211105,5호선,강동,18984,17577,36561
20211105,5호선,천호,19014,19170,38184
20211105,5호선,광나루,13758,12429,26187
20211105,5호선,아차산,15937,15110,31047
20211105,5호선,군자,11677,12865,24542
20211105,5호선,장한평,19422,18798,38220
20211105,5호선,답십리,16496,14714,31210
20211105,5호선,마장,5904,5461,11365
20211105,5호선,왕십리,4616,5556,10172
20211105,7호선,상동,13528,14389,27917
20211105,5호선,둔촌동,8972,9026,17998
20211105,6호선,디지털미디어시티,14266,15082,29348
20211105,5호선,올림픽공원,4890,4366,9256
20211105,5호선,오금,3818,3846,7664
20211105,6호선,새절,13544,12253,25797
20211105,6호선,구산,8186,5901,14087
20211105,6호선,연신내,2,0,2
20211105,6호선,독바위,2815,2908,5723
20211105,6호선,불광,4495,4393,8888
20211105,6호선,역촌,4001,4671,8672
20211105,6호선,응암,18317,17510,35827
20211105,5호선,하남검단산,5483,5248,10731
20211105,5호선,하남시청,6325,6108,12433
20211105,5호선,하남풍산,4342,4249,8591
20211105,5호선,미사,16614,16423,33037
20211105,5호선,강일,4047,3881,7928
20211105,5호선,마천,7161,6785,13946
20211105,5호선,거여,9524,8792,18316
20211105,5호선,개롱,6774,6856,13630
20211105,5호선,방이,7345,7562,14907
20211105,7호선,태릉입구,9026,8372,17398
20211105,5호선,행당,8430,7161,15591
20211105,7호선,중화,11300,10872,22172
20211105,중앙선,덕소,6041,6079,12120
20211105,중앙선,양정,900,817,1717
20211105,중앙선,도농,11062,9879,20941
20211105,중앙선,구리,14474,14750,29224
20211105,중앙선,양원,2167,2136,4303
20211105,중앙선,망우,8228,7997,16225
20211105,중앙선,상봉,6600,6323,12923
20211105,중앙선,중랑,6082,5661,11743
20211105,중앙선,회기,26672,24536,51208
20211105,장항선,신창,2887,1931,4818
20211105,장항선,온양온천,3887,4166,8053
20211105,장항선,배방,1314,1192,2506
20211105,장항선,탕정,385,342,727
20211105,장항선,아산,3986,3981,7967
20211105,장항선,쌍용,2378,2077,4455
20211105,중앙선,도심,2650,2028,4678
20211105,장항선,봉명,1252,1205,2457
20211105,중앙선,팔당,1017,1086,2103
20211105,중앙선,양수,2035,2098,4133
20211105,7호선,먹골,10512,10012,20524
20211105,7호선,춘의,10364,9971,20335
20211105,7호선,부천종합운동장,5003,4352,9355
20211105,7호선,까치울,8392,7902,16294
20211105,7호선,온수,11476,10546,22022
20211105,7호선,천왕,12016,11035,23051
20211105,7호선,광명사거리,23733,23155,46888
20211105,중앙선,지평,68,90,158
20211105,중앙선,용문,4379,4672,9051
20211105,중앙선,원덕,410,461,871
20211105,중앙선,양평,2841,3145,5986
20211105,중앙선,오빈,303,322,625
20211105,중앙선,아신,631,635,1266
20211105,중앙선,국수,826,800,1626
20211105,중앙선,신원,197,190,387
20211105,중앙선,운길산,954,952,1906
20211105,일산선,대화,13382,10601,23983
20211105,7호선,신중동,14833,15314,30147
20211105,일산선,정발산,7818,8174,15992
20211105,7호선,고속터미널,17688,14497,32185
20211105,7호선,반포,6204,5815,12019
20211105,7호선,논현,20795,23462,44257
20211105,7호선,학동,24080,26082,50162
20211105,7호선,강남구청,16790,18924,35714
20211105,7호선,뚝섬유원지,9084,8625,17709
20211105,7호선,건대입구,12180,13179,25359
20211105,7호선,어린이대공원,13354,13126,26480
20211105,7호선,군자,15459,12311,27770
20211105,7호선,중곡,10894,9735,20629
20211105,7호선,용마산,6432,5884,12316
20211105,7호선,사가정,16940,16627,33567
20211105,7호선,면목,16158,15350,31508
20211105,7호선,상봉,17790,16923,34713
20211105,일산선,주엽,9550,9383,18933
20211105,7호선,내방,14791,15037,29828
20211105,7호선,이수,16369,15957,32326
20211105,7호선,청담,19210,22170,41380
20211105,7호선,숭실대입구,13444,12997,26441
20211105,7호선,남성,11341,10127,21468
20211105,일산선,백석,10238,10317,20555
20211105,수인선,어천,998,828,1826
20211105,수인선,오목천,3539,3004,6543
20211105,수인선,고색,4780,4428,9208
20211105,7호선,철산,22069,22955,45024
20211105,7호선,가산디지털단지,47022,46977,93999
20211105,분당선,매교,3175,3235,6410
20211105,7호선,대림,7820,7911,15731
20211105,일산선,마두,8028,8321,16349
20211105,7호선,신풍,12020,11445,23465
20211105,7호선,보라매,10512,10099,20611
20211105,7호선,신대방삼거리,16994,15851,32845
20211105,7호선,장승배기,9641,9198,18839
20211105,7호선,상도,10977,10240,21217
20211105,7호선,남구로,16062,16848,32910
20211108,2호선,당산,17049,20123,37172
20211108,2호선,대림,22669,23207,45876
20211108,2호선,신도림,44341,43698,88039
20211108,2호선,문래,20853,21201,42054
20211108,2호선,영등포구청,22180,22323,44503
20211108,2호선,합정,26982,28109,55091
20211108,2호선,신설동,3299,3384,6683
20211108,2호선,신촌,29075,30035,59110
20211108,2호선,이대,12428,13366,25794
20211108,2호선,아현,10431,9981,20412
20211108,2호선,충정로,9816,10304,20120
20211108,2호선,용답,2599,2670,5269
20211108,2호선,신답,1575,1799,3374
20211108,2호선,구로디지털단지,58467,59071,117538
20211108,2호선,홍대입구,42472,44125,86597
20211108,2호선,신대방,24834,24327,49161
20211108,2호선,강변,28251,27200,55451
20211108,2호선,봉천,22525,21250,43775
20211108,2호선,상왕십리,13634,13332,26966
20211108,2호선,잠실나루,13979,13589,27568
20211108,2호선,잠실,56494,58015,114509
20211108,2호선,잠실새내,19854,19559,39413
20211108,2호선,종합운동장,6326,7105,13431
20211108,2호선,삼성,50072,51303,101375
20211108,2호선,선릉,55540,49648,105188
20211108,2호선,역삼,53094,58530,111624
20211108,2호선,강남,77570,77413,154983
20211108,2호선,교대,32349,36693,69042
20211108,2호선,서초,22196,20357,42553
20211108,2호선,방배,16912,17725,34637
20211108,2호선,사당,33236,36592,69828
20211108,2호선,낙성대,25545,25132,50677
20211108,2호선,서울대입구,44401,43853,88254
20211108,2호선,신림,59263,57466,116729
20211108,2호선,도림천,1396,1438,2834
20211108,3호선,약수,12338,12069,24407
20211108,2호선,신정네거리,9987,10294,20281
20211108,3호선,잠원,4630,4645,9275
20211108,3호선,고속터미널,36596,34211,70807
20211108,3호선,교대,13815,9106,22921
20211108,3호선,남부터미널,27522,28323,55845
20211108,3호선,양재,38114,41481,79595
20211108,3호선,매봉,12185,11752,23937
20211108,3호선,도곡,5336,5403,10739
20211108,3호선,대치,10279,10680,20959
20211108,3호선,학여울,1643,1704,3347
20211108,3호선,대청,9959,9177,19136
20211108,3호선,일원,10176,10089,20265
20211108,3호선,수서,16654,16646,33300
20211108,3호선,가락시장,8364,8227,16591
20211108,3호선,오금,6264,5474,11738
20211108,2호선,구의,22460,22354,44814
20211108,3호선,신사,27939,29615,57554
20211108,2호선,양천구청,6548,6856,13404
20211108,3호선,압구정,28995,30935,59930
20211108,3호선,금호,7600,7090,14690
20211108,2호선,용두,2087,2223,4310
20211108,3호선,지축,4075,4022,8097
20211108,3호선,구파발,19414,18353,37767
20211108,3호선,연신내,33797,32361,66158
20211108,3호선,불광,15154,16139,31293
20211108,3호선,녹번,14887,13457,28344
20211108,3호선,홍제,16308,15516,31824
20211108,3호선,무악재,3845,3873,7718
20211108,3호선,독립문,6355,6499,12854
20211108,3호선,경복궁,18368,18332,36700
20211108,3호선,안국,19143,19408,38551
20211108,3호선,종로3가,9552,10666,20218
20211108,3호선,을지로3가,10478,10650,21128
20211108,3호선,충무로,3,0,3
20211108,3호선,동대입구,7127,7453,14580
20211108,3호선,옥수,8258,8776,17034
20211108,2호선,건대입구,29922,32429,62351
20211108,중앙선,회기,22787,22483,45270
20211108,2호선,뚝섬,20013,21537,41550
20211108,우이신설선,보문,1423,1445,2868
20211108,우이신설선,신설동,1964,1904,3868
20211108,일산선,원흥,9977,9461,19438
20211108,일산선,삼송,17832,17212,35044
20211108,일산선,원당,10537,10025,20562
20211108,일산선,화정,15612,15808,31420
20211108,일산선,대곡,1760,1359,3119
20211108,일산선,백석,9261,9192,18453
20211108,일산선,마두,7291,7433,14724
20211108,일산선,정발산,5730,5785,11515
20211108,일산선,주엽,8382,8257,16639
20211108,일산선,대화,12185,9304,21489
20211108,장항선,봉명,1207,1134,2341
20211108,장항선,쌍용,2311,2323,4634
20211108,장항선,아산,3445,2780,6225
20211108,우이신설선,성신여대입구,3046,3285,6331
20211108,장항선,탕정,272,257,529
20211108,우이신설선,정릉,4365,4081,8446
20211108,우이신설선,솔샘,5656,5311,10967
20211108,4호선,수유,31184,31299,62483
20211108,안산선,고잔,8196,7651,15847
20211108,안산선,초지,4835,5203,10038
20211108,안산선,안산,10884,9959,20843
20211108,안산선,신길온천,1480,1317,2797
20211108,안산선,정왕,8665,9235,17900
20211108,안산선,오이도,7589,7233,14822
20211108,안산선,수리산,4020,3284,7304
20211108,우이신설선,북한산우이,2190,1914,4104
20211108,우이신설선,솔밭공원,2203,2154,4357
20211108,우이신설선,4.19민주묘지,2451,2433,4884
20211108,우이신설선,가오리,3807,3825,7632
20211108,우이신설선,화계,3072,2918,5990
20211108,우이신설선,삼양,1889,1949,3838
20211108,우이신설선,삼양사거리,2288,2349,4637
20211108,우이신설선,북한산보국문,5494,5316,10810
20211108,2호선,성수,34917,38270,73187
20211108,장항선,배방,955,971,1926
20211108,장항선,신창,2070,2374,4444
20211108,9호선,신목동,3952,3573,7525
20211108,9호선,선유도,8913,8682,17595
20211108,9호선,당산,16936,17269,34205
20211108,9호선,국회의사당,16881,17464,34345
20211108,9호선,여의도,26505,25230,51735
20211108,9호선,샛강,5642,5945,11587
20211108,9호선,노량진,25025,24197,49222
20211108,중앙선,아신,469,475,944
20211108,중앙선,오빈,268,249,517
20211108,중앙선,양평,2543,2515,5058
20211108,중앙선,원덕,307,308,615
20211108,중앙선,용문,1480,1311,2791
20211108,중앙선,지평,53,49,102
20211108,2호선,왕십리,14925,12195,27120
20211108,2호선,한양대,7883,8511,16394
20211108,9호선,염창,16369,16011,32380
20211108,장항선,온양온천,3204,3219,6423
20211108,9호선,등촌,11265,11115,22380
20211108,9호선,가양,19710,19224,38934
20211108,중앙선,중랑,5174,4896,10070
20211108,중앙선,상봉,5530,5459,10989
20211108,중앙선,망우,6951,6900,13851
20211108,중앙선,양원,1908,1940,3848
20211108,중앙선,구리,12544,12381,24925
20211108,중앙선,도농,9951,8776,18727
20211108,중앙선,양정,706,612,1318
20211108,중앙선,덕소,5389,5213,10602
20211108,중앙선,도심,2393,1737,4130
20211108,중앙선,팔당,613,650,1263
20211108,중앙선,운길산,443,390,833
20211108,중앙선,양수,1504,1503,3007
20211108,중앙선,신원,141,128,269
20211108,중앙선,국수,590,591,1181
20211108,9호선,양천향교,9619,9820,19439
20211108,9호선,증미,7244,7254,14498
20211108,4호선,미아,14286,13946,28232
20211108,안산선,중앙,16070,16518,32588
20211108,4호선,길음,19010,18837,37847
20211108,6호선,독바위,2646,2715,5361
20211108,6호선,불광,3813,3843,7656
20211108,분당선,복정,1,0,1
20211108,9호선2~3단계,선정릉,9394,9987,19381
20211108,9호선2~3단계,삼성중앙,6705,7140,13845
20211108,경원선,도봉,5665,5402,11067
20211108,경원선,도봉산,5766,3580,9346
20211108,경원선,망월사,7245,7345,14590
20211108,경원선,회룡,11570,11381,22951
20211108,경원선,의정부,16097,16470,32567
20211108,경원선,가능,6276,5947,12223
20211108,5호선,애오개,6712,6740,13452
20211108,5호선,충정로,4900,5145,10045
20211108,5호선,서대문,19069,19611,38680
20211108,5호선,광화문,29159,30646,59805
20211108,6호선,연신내,1,0,1
20211108,5호선,종로3가,10424,10227,20651
20211108,6호선,구산,7492,5717,13209
20211108,6호선,증산,9632,9464,19096
20211108,경부선,수원,31811,33199,65010
20211108,경부선,화서,7421,6987,14408
20211108,경부선,성균관대,13896,13905,27801
20211108,경부선,의왕,8369,8470,16839
20211108,경부선,군포,7424,7494,14918
20211108,경부선,금정,24855,25643,50498
20211108,경부선,명학,9238,9251,18489
20211108,경부선,안양,22976,22518,45494
20211108,경부선,관악,6745,6185,12930
20211108,경부선,석수,9258,8247,17505
20211108,경부선,금천구청,11143,11037,22180
20211108,경부선,가산디지털단지,18041,21219,39260
20211108,9호선2~3단계,삼전,6765,6594,13359
20211108,9호선,신논현,28825,28546,57371
20211108,9호선2~3단계,언주,10569,10762,21331
20211108,6호선,새절,12460,11593,24053
20211108,경부선,독산,18322,19271,37593
20211108,5호선,을지로4가,5751,5808,11559
20211108,5호선,청구,3928,3552,7480
20211108,1호선,종각,33868,33333,67201
20211108,1호선,종로3가,21468,20053,41521
20211108,1호선,종로5가,20267,20057,40324
20211108,1호선,동대문,9673,9305,18978
20211108,1호선,신설동,13129,12912,26041
20211108,1호선,제기동,13989,14053,28042
20211108,1호선,청량리,16773,16935,33708
20211108,2호선,시청,22649,22205,44854
20211108,2호선,을지로입구,33845,35098,68943
20211108,2호선,을지로3가,21390,21206,42596
20211108,2호선,을지로4가,12570,12374,24944
20211108,2호선,동대문역사문화공원,10079,11193,21272
20211108,2호선,신당,12533,13098,25631
20211108,9호선2~3단계,종합운동장,4082,3947,8029
20211108,4호선,신용산,16046,17259,33305
20211108,1호선,시청,20597,20747,41344
20211108,5호선,동대문역사문화공원,3151,3561,6712
20211108,1호선,동묘앞,5575,5850,11425
20211108,9호선2~3단계,봉은사,14974,15141,30115
20211108,5호선,신금호,6344,6495,12839
20211108,5호선,행당,7933,7084,15017
20211108,5호선,왕십리,4290,4696,8986
20211108,5호선,마장,5414,5113,10527
20211108,5호선,답십리,15345,13949,29294
20211108,5호선,장한평,18124,18002,36126
20211108,5호선,군자,10523,11455,21978
20211108,5호선,아차산,13193,12785,25978
20211108,5호선,광나루,12177,11124,23301
20211108,5호선,천호,16028,16105,32133
20211108,5호선,강동,18242,17262,35504
20211108,5호선,길동,7569,7931,15500
20211108,5호선,굽은다리,9146,8773,17919
20211108,5호선,명일,8432,8634,17066
20211108,5호선,고덕,9176,9070,18246
20211108,1호선,서울역,41922,39334,81256
20211108,4호선,미아사거리,25403,24409,49812
20211108,경부선,세류,2848,2541,5389
20211108,경부선,세마,2620,2431,5051
20211108,6호선,효창공원앞,6739,6199,12938
20211108,6호선,삼각지,5362,4940,10302
20211108,6호선,녹사평,3952,3908,7860
20211108,6호선,이태원,8259,8276,16535
20211108,6호선,한강진,6108,7010,13118
20211108,6호선,버티고개,1891,1749,3640
20211108,6호선,약수,3477,3461,6938
20211108,6호선,청구,3771,4015,7786
20211108,6호선,신당,7491,8106,15597
20211108,6호선,동묘앞,6911,7250,14161
20211108,6호선,창신,3550,2907,6457
20211108,6호선,보문,6863,6334,13197
20211108,6호선,안암,10110,10339,20449
20211108,6호선,고려대,7649,7525,15174
20211108,6호선,돌곶이,9072,8508,17580
20211108,6호선,공덕,17900,17378,35278
20211108,9호선2~3단계,석촌고분,5923,5989,11912
20211108,6호선,대흥,7789,8011,15800
20211108,6호선,상수,7224,7965,15189
20211108,4호선,성신여대입구,18246,17730,35976
20211108,4호선,한성대입구,12647,12558,25205
20211108,4호선,혜화,27826,28154,55980
20211108,4호선,동대문,18334,18867,37201
20211108,4호선,동대문역사문화공원,13215,12347,25562
20211108,4호선,충무로,25138,26162,51300
20211108,4호선,명동,16432,16784,33216
20211108,4호선,회현,20954,22036,42990
20211108,4호선,서울역,10499,14854,25353
20211108,4호선,숙대입구,12464,12169,24633
20211108,4호선,삼각지,4719,5128,9847
20211108,6호선,월드컵경기장,3069,3315,6384
20211108,6호선,마포구청,13714,12616,26330
20211108,6호선,망원,12299,13224,25523
20211108,6호선,합정,11388,11378,22766
20211108,6호선,광흥창,8680,8535,17215
20211108,경부선,병점,13537,13501,27038
20211108,9호선2~3단계,석촌,7787,6919,14706
20211108,9호선2~3단계,한성백제,2457,2306,4763
20211108,경원선,이촌,3426,2709,6135
20211108,경부선,광명,3464,2825,6289
20211108,경부선,서동탄,1352,1129,2481
20211108,경부선,당정,5880,5691,11571
20211108,경부선,천안,5056,5340,10396
20211108,경부선,두정,5081,5462,10543
20211108,경부선,직산,693,660,1353
20211108,경부선,성환,4318,4566,8884
20211108,경부선,평택,10914,10799,21713
20211108,경부선,평택지제,3264,3107,6371
20211108,경부선,서정리,6477,6484,12961
20211108,경부선,송탄,3895,3588,7483
20211108,경부선,진위,1519,1321,2840
20211108,경부선,오산,9521,9608,19129
20211108,경부선,오산대,3477,3192,6669
20211108,경원선,서빙고,1688,1539,3227
20211108,9호선2~3단계,송파나루,4628,4888,9516
20211108,경원선,한남,3998,3723,7721
20211108,경원선,응봉,1735,1469,3204
20211108,9호선2~3단계,올림픽공원,5237,5261,10498
20211108,9호선2~3단계,둔촌오륜,1168,1075,2243
20211108,9호선2~3단계,중앙보훈병원,10718,9460,20178
20211108,9호선,노들,4229,3645,7874
20211108,9호선,흑석,7269,7811,15080
20211108,9호선,동작,1659,1270,2929
20211108,9호선,구반포,1852,1944,3796
20211108,9호선,신반포,3196,3052,6248
20211108,9호선,고속터미널,10720,13653,24373
20211108,9호선,사평,3460,3488,6948
20211108,경원선,석계,7328,8727,16055
20211108,경원선,신이문,8010,7550,15560
20211108,경원선,외대앞,7876,8032,15908
20211108,경원선,청량리,12889,12923,25812
20211108,경원선,왕십리,12857,14540,27397
20211108,경원선,옥수,55,41,96
20211108,안산선,한대앞,9097,9170,18267
20211108,3호선,경찰병원,7466,7656,15122
20211108,안산선,반월,3923,3748,7671
20211108,8호선,천호,13742,15537,29279
20211108,8호선,강동구청,10326,10765,21091
20211108,8호선,몽촌토성,5955,6033,11988
20211108,8호선,잠실,12491,14713,27204
20211108,8호선,석촌,7220,8081,15301
20211108,8호선,송파,7572,7651,15223
20211108,8호선,가락시장,7266,8103,15369
20211108,8호선,문정,22206,23526,45732
20211108,8호선,장지,16258,15636,31894
20211108,8호선,복정,10835,9254,20089
20211108,8호선,산성,5503,5445,10948
20211108,8호선,남한산성입구,13171,12305,25476
20211108,8호선,단대오거리,9890,9701,19591
20211108,8호선,신흥,4011,4291,8302
20211108,8호선,수진,5059,4651,9710
20211108,8호선,암사,18344,16258,34602
20211108,8호선,모란,3947,3055,7002
20211108,7호선,부평구청,7231,6501,13732
20211108,7호선,삼산체육관,5109,4668,9777
20211108,7호선,보라매,9608,9517,19125
20211108,7호선,신풍,11322,10951,22273
20211108,7호선,대림,8193,7852,16045
20211108,7호선,남구로,16626,17164,33790
20211108,7호선,가산디지털단지,48212,47484,95696
20211108,7호선,철산,20334,20583,40917
20211108,7호선,광명사거리,21174,20723,41897
20211108,7호선,천왕,11246,10649,21895
20211108,7호선,온수,10661,9758,20419
20211108,7호선,까치울,7361,7119,14480
20211108,7호선,부천종합운동장,4466,3853,8319
20211108,7호선,춘의,9907,9854,19761
20211108,7호선,신중동,13197,13196,26393
20211108,7호선,부천시청,12081,12103,24184
20211108,7호선,상동,12334,12758,25092
20211108,7호선,굴포천,8847,9227,18074
20211108,7호선,신대방삼거리,16020,15443,31463
20211108,9호선,개화,2620,1711,4331
20211108,9호선,공항시장,2878,3168,6046
20211108,경부선,신도림,3613,3799,7412
20211108,경부선,신길,8636,7257,15893
20211108,경부선,구로,18169,18609,36778
20211108,경원선,광운대,8297,8124,16421
20211108,경원선,월계,6598,6207,12805
20211108,경원선,녹천,4529,3784,8313
20211108,경원선,방학,8822,8701,17523
20211108,경원선,녹양,4245,3934,8179
20211108,경원선,양주,7369,6851,14220
20211108,경원선,덕계,2976,2677,5653
20211108,경원선,덕정,5286,5194,10480
20211108,경원선,지행,6111,5926,12037
20211108,경원선,동두천중앙,2888,2736,5624
20211108,경원선,보산,1386,1244,2630
20211108,경원선,동두천,1941,2122,4063
20211108,경부선,영등포,32889,33831,66720
20211108,9호선,김포공항,6788,10278,17066
20211108,경부선,대방,12370,12928,25298
20211108,경부선,용산,31537,31798,63335
20211108,9호선,신방화,6830,6734,13564
20211108,9호선,마곡나루,10786,10790,21576
20211108,경강선,판교,4474,4379,8853
20211108,경강선,이매,1124,892,2016
20211108,경강선,삼동,2293,2086,4379
20211108,경강선,경기광주,6963,6676,13639
20211108,경강선,초월,2940,2834,5774
20211108,경강선,곤지암,2190,2115,4305
20211108,경강선,신둔도예촌,1396,1278,2674
20211108,경강선,이천,2303,2441,4744
20211108,경강선,부발,1752,1810,3562
20211108,경강선,세종대왕릉,260,251,511
20211108,경강선,여주,2308,2298,4606
20211108,경부선,서울역,6007,1954,7961
20211108,경부선,남영,8842,9388,18230
20211108,경부선,노량진,7318,7858,15176
20211108,경원선,소요산,1800,1390,3190
20211108,7호선,장승배기,9025,8836,17861
20211108,7호선,숭실대입구,12338,12804,25142
20211108,5호선,신정,13573,11003,24576
20211108,5호선,목동,15622,17400,33022
20211108,5호선,오목교,20361,22042,42403
20211108,5호선,양평,7388,7374,14762
20211108,5호선,영등포구청,3649,3825,7474
20211108,5호선,영등포시장,9351,9633,18984
20211108,5호선,신길,4086,4483,8569
20211108,5호선,여의도,28690,30046,58736
20211108,5호선,여의나루,8014,9230,17244
20211108,5호선,마포,14204,14614,28818
20211108,5호선,공덕,13708,14826,28534
20211108,5호선,상일동,15220,13823,29043
20211108,5호선,둔촌동,8119,8225,16344
20211108,5호선,올림픽공원,4016,3447,7463
20211108,5호선,방이,6774,6983,13757
20211108,5호선,까치산,27541,26532,54073
20211108,5호선,오금,3777,3742,7519
20211108,5호선,화곡,26921,25205,52126
20211108,5호선,발산,19380,19863,39243
20211108,4호선,이촌,6385,7019,13404
20211108,4호선,동작,1230,1390,2620
20211108,4호선,총신대입구,17231,18675,35906
20211108,4호선,사당,22781,19415,42196
20211108,4호선,남태령,1178,1085,2263
20211108,4호선,당고개,12105,10690,22795
20211108,4호선,상계,18259,16845,35104
20211108,4호선,노원,16667,18741,35408
20211108,4호선,창동,23476,24712,48188
20211108,4호선,쌍문,27831,25509,53340
20211108,5호선,방화,6364,6213,12577
20211108,5호선,개화산,5254,4942,10196
20211108,5호선,김포공항,6649,6009,12658
20211108,5호선,송정,6272,5968,12240
20211108,5호선,마곡,10492,10301,20793
20211108,5호선,우장산,14092,13826,27918
20211108,7호선,상도,9921,9694,19615
20211108,5호선,개롱,6452,6713,13165
20211108,5호선,마천,6367,6269,12636
20211108,7호선,용마산,6028,5566,11594
20211108,7호선,중곡,10139,9475,19614
20211108,7호선,군자,14282,11696,25978
20211108,7호선,어린이대공원,11859,11863,23722
20211108,7호선,건대입구,11286,11849,23135
20211108,7호선,뚝섬유원지,6445,6348,12793
20211108,7호선,청담,18634,20747,39381
20211108,7호선,강남구청,15514,17046,32560
20211108,7호선,학동,24211,25630,49841
20211108,7호선,논현,19362,21269,40631
20211108,7호선,반포,5485,5304,10789
20211108,7호선,고속터미널,15051,12475,27526
20211108,7호선,내방,14257,14471,28728
20211108,7호선,이수,14574,14407,28981
20211108,7호선,남성,10655,9940,20595
20211108,7호선,사가정,15260,15383,30643
20211108,5호선,거여,8867,8519,17386
20211108,7호선,면목,15006,14843,29849
20211108,7호선,수락산,11707,11289,22996
20211108,5호선,강일,3388,3514,6902
20211108,5호선,미사,14832,14491,29323
20211108,5호선,하남풍산,4005,3952,7957
20211108,5호선,하남시청,5430,5406,10836
20211108,5호선,하남검단산,4631,4504,9135
20211108,6호선,응암,16868,16505,33373
20211108,6호선,역촌,3839,4419,8258
20211108,6호선,월곡,11108,10956,22064
20211108,6호선,상월곡,6212,5609,11821
20211108,6호선,석계,11926,12433,24359
20211108,6호선,태릉입구,5024,5524,10548
20211108,6호선,화랑대,11380,8888,20268
20211108,6호선,봉화산,8575,8071,16646
20211108,7호선,장암,2198,767,2965
20211108,7호선,도봉산,8915,9755,18670
20211108,7호선,상봉,16157,15034,31191
20211108,경의선,서울역,4202,5280,9482
20211108,안산선,상록수,15048,15259,30307
20211108,경의선,효창공원앞,2842,3240,6082
20211108,분당선,압구정로데오,15672,17484,33156
20211108,분당선,강남구청,9610,10947,20557
20211108,분당선,선정릉,8122,8748,16870
20211108,분당선,가천대,8595,9824,18419
20211108,분당선,태평,12964,12323,25287
20211108,분당선,모란,18103,18226,36329
20211108,분당선,서울숲,9804,9929,19733
20211108,분당선,야탑,24272,25251,49523
20211108,분당선,수내,11940,11989,23929
20211108,분당선,정자,16507,17549,34056
20211108,분당선,미금,14320,15237,29557
20211108,분당선,오리,11277,9474,20751
20211108,분당선,이매,5459,5048,10507
20211108,분당선,보정,2489,2178,4667
20211108,분당선,서현,22848,23067,45915
20211108,분당선,수원,7271,6265,13536
20211108,분당선,수서,13160,13245,26405
20211108,분당선,대모산입구,4340,3931,8271
20211108,공항철도 1호선,인천공항2터미널,2117,1876,3993
20211108,공항철도 1호선,영종,2680,2626,5306
20211108,과천선,선바위,8188,6948,15136
20211108,과천선,경마공원,953,843,1796
20211108,과천선,대공원,1165,1278,2443
20211108,과천선,과천,5423,4987,10410
20211108,과천선,정부과천청사,10153,10020,20173
20211108,과천선,인덕원,22630,24232,46862
20211108,과천선,평촌,17641,17305,34946
20211108,과천선,범계,22987,22836,45823
20211108,분당선,선릉,13491,20526,34017
20211108,분당선,한티,12466,13536,26002
20211108,분당선,도곡,6714,6663,13377
20211108,분당선,구룡,1983,1963,3946
20211108,분당선,개포동,3611,3663,7274
20211108,분당선,죽전,12226,13775,26001
20211108,분당선,구성,4834,5075,9909
20211108,분당선,신갈,4459,4325,8784
20211108,분당선,기흥,9469,8746,18215
20211108,7호선,마들,12416,11798,24214
20211108,7호선,노원,16889,17805,34694
20211108,7호선,중계,13708,12687,26395
20211108,7호선,하계,17101,16040,33141
20211108,7호선,공릉,11273,11289,22562
20211108,7호선,태릉입구,7944,7558,15502
20211108,7호선,먹골,9620,9454,19074
20211108,7호선,중화,10476,10455,20931
20211108,수인선,연수,4146,3996,8142
20211108,수인선,송도,2238,2002,4240
20211108,수인선,인하대,5588,5369,10957
20211108,수인선,숭의,3631,3422,7053
20211108,수인선,신포,1544,1566,3110
20211108,수인선,인천,842,1374,2216
20211108,안산선,산본,14662,15777,30439
20211108,수인선,원인재,4185,4241,8426
20211108,공항철도 1호선,인천공항1터미널,3168,3300,6468
20211108,수인선,남동인더스파크,2263,2578,4841
20211108,수인선,인천논현,4997,5271,10268
20211108,분당선,상갈,5127,4890,10017
20211108,분당선,청명,4176,4021,8197
20211108,분당선,영통,7601,7927,15528
20211108,분당선,망포,13656,12920,26576
20211108,분당선,매탄권선,4798,4631,9429
20211108,분당선,수원시청,11493,12233,23726
20211108,분당선,매교,2725,2736,5461
20211108,수인선,고색,4161,3865,8026
20211108,수인선,오목천,3002,2769,5771
20211108,수인선,어천,632,694,1326
20211108,수인선,야목,297,210,507
20211108,수인선,사리,4127,3630,7757
20211108,수인선,달월,93,54,147
20211108,수인선,월곶,2187,2054,4241
20211108,수인선,소래포구,4382,4127,8509
20211108,수인선,호구포,3709,3965,7674
20211108,공항철도 1호선,공항화물청사,2131,2413,4544
20211108,안산선,대야미,4515,4100,8615
20211108,공항철도 1호선,청라국제도시,6341,6008,12349
20211108,경의선,금촌,5767,5607,11374
20211108,경의선,월롱,2557,2562,5119
20211108,경의선,파주,1479,1092,2571
20211108,경의선,문산,4510,4319,8829
20211108,경의선,임진강,2,1,3
20211108,경인선,개봉,20457,20537,40994
20211108,경인선,오류동,11332,10686,22018
20211108,경인선,역곡,26457,26036,52493
20211108,경인선,부천,29639,29471,59110
20211108,경인선,송내,25760,25901,51661
20211108,경인선,부평,26314,27725,54039
20211108,경인선,백운,6613,6596,13209
20211108,경인선,동암,13841,13612,27453
20211108,경인선,주안,17526,15860,33386
20211108,경인선,제물포,10274,9864,20138
20211108,경의선,운정,6575,6174,12749
20211108,경인선,동인천,12159,11565,23724
20211108,경의선,야당,6511,6246,12757
20211108,경의선,일산,9203,9062,18265
20211108,공항철도 1호선,운서,5791,5771,11562
20211108,경의선,공덕,3397,3025,6422
20211108,경의선,서강대,2073,1980,4053
20211108,경의선,신촌,820,1037,1857
20211108,경의선,홍대입구,1279,1483,2762
20211108,경의선,가좌,5129,4841,9970
20211108,경의선,디지털미디어시티,2371,2175,4546
20211108,경의선,수색,2750,2849,5599
20211108,경의선,화전,1677,1563,3240
20211108,경의선,강매,3064,2616,5680
20211108,경의선,행신,7616,7732,15348
20211108,경의선,능곡,3592,3290,6882
20211108,경의선,곡산,536,561,1097
20211108,경의선,백마,6819,6426,13245
20211108,경의선,풍산,5360,4994,10354
20211108,경의선,탄현,7533,7090,14623
20211108,경인선,인천,2668,1777,4445
20211108,경의선,금릉,4331,4177,8508
20211108,경인선,소사,8138,8046,16184
20211108,경춘선,상천,178,168,346
20211108,경춘선,가평,1507,1332,2839
20211108,경춘선,굴봉산,77,71,148
20211108,경춘선,백양리,46,49,95
20211108,경춘선,강촌,361,338,699
20211108,경춘선,남춘천,2030,2227,4257
20211108,경춘선,춘천,1279,1344,2623
20211108,공항철도 1호선,서울역,7480,7265,14745
20211108,공항철도 1호선,공덕,2106,2631,4737
20211108,공항철도 1호선,홍대입구,7498,7608,15106
20211108,공항철도 1호선,디지털미디어시티,13759,12685,26444
20211108,공항철도 1호선,마곡나루,7817,7475,15292
20211108,공항철도 1호선,김포공항,11515,6571,18086
20211108,공항철도 1호선,계양,9717,9039,18756
20211108,경인선,구일,6079,6074,12153
20211108,경춘선,청평,1303,1204,2507
20211108,6호선,디지털미디어시티,13325,14769,28094
20211108,경춘선,김유정,215,197,412
20211108,공항철도 1호선,검암,6227,6163,12390
20211108,경춘선,대성리,358,335,693
20211108,경인선,간석,5609,5373,10982
20211108,경인선,도원,3003,3017,6020
20211108,경인선,온수,6508,6259,12767
20211108,경인선,중동,8980,8389,17369
20211108,경인선,도화,3856,3592,7448
20211108,경춘선,신내,1933,1795,3728
20211108,경춘선,갈매,2986,2592,5578
20211108,경인선,부개,8123,7659,15782
20211108,경춘선,퇴계원,3524,3145,6669
20211108,경춘선,사릉,3364,3122,6486
20211108,경춘선,금곡,1408,1317,2725
20211108,경춘선,평내호평,5854,5620,11474
20211108,경춘선,천마산,1520,1356,2876
20211108,경춘선,마석,3666,3520,7186
20211108,경춘선,별내,3145,2834,5979
20211109,경의선,서울역,4346,5475,9821
20211109,경의선,신촌,859,1149,2008
20211109,경의선,효창공원앞,2958,3428,6386
20211109,경의선,공덕,3568,3260,6828
20211109,경의선,서강대,2101,2055,4156
20211109,경의선,홍대입구,1420,1645,3065
20211109,경의선,가좌,5349,4960,10309
20211109,경의선,화전,1861,1755,3616
20211109,경의선,수색,2778,3003,5781
20211109,경의선,강매,3288,2819,6107
20211109,경의선,행신,7846,7840,15686
20211109,경의선,능곡,3726,3412,7138
20211109,경의선,곡산,634,628,1262
20211109,경원선,소요산,2219,1972,4191
20211109,경의선,디지털미디어시티,2509,2242,4751
20211109,경원선,동두천,2089,2275,4364
20211109,경원선,광운대,8558,8378,16936
20211109,경원선,동두천중앙,3010,2980,5990
20211109,경의선,백마,7077,6741,13818
20211109,경원선,월계,7044,6628,13672
20211109,경원선,녹천,4750,3967,8717
20211109,경원선,방학,9522,9162,18684
20211109,경원선,도봉,6159,5798,11957
20211109,경원선,도봉산,6803,4346,11149
20211109,경원선,망월사,7795,7959,15754
20211109,경원선,회룡,12414,12248,24662
20211109,경원선,의정부,17574,17828,35402
20211109,경원선,가능,6420,6315,12735
20211109,경원선,녹양,4464,4240,8704
20211109,경원선,양주,7879,7384,15263
20211109,경원선,덕계,3153,2762,5915
20211109,경원선,덕정,6038,5852,11890
20211109,경원선,지행,6378,6262,12640
20211109,경원선,보산,1383,1228,2611
20211109,경의선,풍산,5645,5186,10831
20211109,경춘선,금곡,1538,1432,2970
20211109,경의선,탄현,7834,7443,15277
20211109,경인선,인천,2853,2054,4907
20211109,경인선,구일,6295,6397,12692
20211109,경인선,소사,8300,8198,16498
20211109,경인선,부개,8413,7909,16322
20211109,경인선,간석,5833,5559,11392
20211109,경인선,도원,3083,2999,6082
20211109,경인선,온수,6705,6459,13164
20211109,경인선,중동,9282,8645,17927
20211109,경인선,도화,3924,3604,7528
20211109,경춘선,신내,1934,1887,3821
20211109,경춘선,갈매,3179,2729,5908
20211109,경춘선,별내,3372,3142,6514
20211109,경춘선,퇴계원,3618,3290,6908
20211109,경춘선,사릉,3490,3288,6778
20211109,경원선,석계,7800,9016,16816
20211109,경인선,동인천,12983,12298,25281
20211109,경의선,일산,9149,8890,18039
20211109,경인선,제물포,10303,9923,20226
20211109,경인선,동암,14151,14351,28502
20211109,경의선,야당,6913,6665,13578
20211109,경의선,운정,6861,6375,13236
20211109,경의선,금릉,4665,4483,9148
20211109,경의선,금촌,6068,6201,12269
20211109,경의선,월롱,2724,2629,5353
20211109,경의선,파주,1562,1172,2734
20211109,경의선,문산,4932,5044,9976
20211109,경의선,임진강,7,2,9
20211109,경인선,개봉,21323,21218,42541
20211109,경인선,오류동,11678,10832,22510
20211109,경인선,역곡,27735,27223,54958
20211109,경인선,부천,30717,30677,61394
20211109,경인선,송내,26920,26970,53890
20211109,경인선,부평,26981,28614,55595
20211109,경인선,백운,6907,6726,13633
20211109,경인선,주안,18153,16515,34668
20211109,경원선,신이문,8376,7752,16128
20211109,경부선,가산디지털단지,18394,21510,39904
20211109,경원선,청량리,13907,14434,28341
20211109,경강선,이매,1105,970,2075
20211109,경강선,삼동,2338,2141,4479
20211109,경강선,경기광주,7299,6942,14241
20211109,경강선,초월,3075,2929,6004
20211109,경강선,곤지암,2243,2163,4406
20211109,경강선,신둔도예촌,1487,1356,2843
20211109,경강선,이천,2354,2439,4793
20211109,경강선,부발,1876,1925,3801
20211109,경강선,세종대왕릉,281,282,563
20211109,경강선,여주,2303,2221,4524
20211109,경부선,서울역,5056,1761,6817
20211109,경부선,남영,9283,9793,19076
20211109,경부선,용산,31322,31597,62919
20211109,경부선,노량진,8205,8311,16516
20211109,경부선,대방,13015,13290,26305
20211109,경강선,판교,4515,4562,9077
20211109,경부선,영등포,35276,36627,71903
20211109,9호선2~3단계,중앙보훈병원,11003,9744,20747
20211109,9호선2~3단계,올림픽공원,6178,6236,12414
20211109,경춘선,평내호평,6199,5928,12127
20211109,9호선,신반포,3161,3148,6309
20211109,9호선,고속터미널,11111,13888,24999
20211109,9호선,사평,3504,3502,7006
20211109,9호선,신논현,30026,30545,60571
20211109,9호선2~3단계,언주,10594,10954,21548
20211109,9호선2~3단계,선정릉,9687,10560,20247
20211109,9호선2~3단계,삼성중앙,6889,7331,14220
20211109,9호선2~3단계,봉은사,15903,16234,32137
20211109,9호선2~3단계,종합운동장,4084,4067,8151
20211109,9호선2~3단계,삼전,6968,6752,13720
20211109,9호선2~3단계,석촌고분,6049,5969,12018
20211109,9호선2~3단계,석촌,8142,7337,15479
20211109,9호선2~3단계,송파나루,4817,5085,9902
20211109,9호선2~3단계,한성백제,2520,2355,4875
20211109,9호선2~3단계,둔촌오륜,1195,1097,2292
20211109,경원선,외대앞,8277,8453,16730
20211109,경부선,신도림,3864,3892,7756
20211109,경부선,구로,18463,19074,37537
20211109,경부선,평택지제,3072,2892,5964
20211109,경부선,평택,11008,10849,21857
20211109,경부선,성환,4137,4234,8371
20211109,경부선,직산,747,742,1489
20211109,경부선,두정,5288,5528,10816
20211109,경부선,천안,5207,5356,10563
20211109,경부선,당정,6207,5930,12137
20211109,경부선,서동탄,1414,1265,2679
20211109,경부선,광명,3178,2701,5879
20211109,경원선,이촌,3484,2680,6164
20211109,경원선,서빙고,1915,1742,3657
20211109,경원선,한남,4087,3872,7959
20211109,경원선,옥수,45,32,77
20211109,경원선,응봉,1801,1511,3312
20211109,경원선,왕십리,13308,15242,28550
20211109,경부선,서정리,6728,6372,13100
20211109,경부선,신길,9233,7810,17043
20211109,경부선,송탄,3814,3710,7524
20211109,경부선,오산,9290,9377,18667
20211109,경부선,금천구청,11581,11440,23021
20211109,경부선,석수,9749,8550,18299
20211109,경부선,관악,7036,6521,13557
20211109,경부선,안양,23992,23898,47890
20211109,경부선,명학,9622,9460,19082
20211109,경부선,금정,26480,26776,53256
20211109,경부선,군포,7792,7773,15565
20211109,경부선,의왕,8982,8968,17950
20211109,경부선,성균관대,14658,14239,28897
20211109,경부선,화서,7739,7279,15018
20211109,경부선,독산,18879,19609,38488
20211109,경부선,세류,2880,2648,5528
20211109,경부선,병점,13925,13969,27894
20211109,경부선,세마,2614,2426,5040
20211109,경부선,오산대,3662,3299,6961
20211109,경부선,진위,1520,1302,2822
20211109,경춘선,천마산,1647,1461,3108
20211109,수인선,소래포구,4797,4516,9313
20211109,경춘선,대성리,386,362,748
20211109,우이신설선,솔밭공원,2418,2270,4688
20211109,우이신설선,4.19민주묘지,2841,2613,5454
20211109,우이신설선,가오리,4069,4038,8107
20211109,우이신설선,화계,3319,3088,6407
20211109,우이신설선,삼양,1957,2038,3995
20211109,우이신설선,삼양사거리,2369,2374,4743
20211109,우이신설선,북한산우이,2401,2124,4525
20211109,우이신설선,솔샘,5864,5387,11251
20211109,우이신설선,정릉,4611,4231,8842
20211109,우이신설선,성신여대입구,3276,3568,6844
20211109,우이신설선,보문,1486,1507,2993
20211109,우이신설선,신설동,2120,2079,4199
20211109,일산선,원흥,10678,10216,20894
20211109,일산선,삼송,18849,18296,37145
20211109,우이신설선,북한산보국문,5759,5577,11336
20211109,안산선,수리산,4244,3327,7571
20211109,안산선,오이도,7833,7531,15364
20211109,안산선,정왕,8902,9415,18317
20211109,수인선,연수,4224,4073,8297
20211109,수인선,송도,2250,2030,4280
20211109,수인선,인하대,5829,5519,11348
20211109,수인선,숭의,3873,3575,7448
20211109,수인선,신포,1612,1602,3214
20211109,수인선,인천,895,1479,2374
20211109,안산선,산본,15327,16528,31855
20211109,안산선,대야미,4636,4209,8845
20211109,안산선,반월,4119,3944,8063
20211109,안산선,상록수,15909,16107,32016
20211109,안산선,한대앞,9413,9570,18983
20211109,안산선,중앙,16582,17314,33896
20211109,안산선,고잔,8637,8119,16756
20211109,안산선,초지,5058,5266,10324
20211109,안산선,안산,10927,10024,20951
20211109,일산선,원당,11165,10619,21784
20211109,일산선,화정,16745,17167,33912
20211109,일산선,대곡,1859,1415,3274
20211109,일산선,백석,9811,9749,19560
20211109,중앙선,덕소,5590,5296,10886
20211109,중앙선,도심,2435,1878,4313
20211109,중앙선,팔당,705,684,1389
20211109,중앙선,운길산,580,520,1100
20211109,중앙선,양수,1645,1659,3304
20211109,중앙선,신원,151,146,297
20211109,중앙선,국수,600,606,1206
20211109,중앙선,아신,469,507,976
20211109,중앙선,오빈,261,252,513
20211109,중앙선,양평,2309,2409,4718
20211109,중앙선,원덕,336,304,640
20211109,중앙선,용문,1606,1639,3245
20211109,중앙선,지평,51,52,103
20211109,2호선,시청,23698,23200,46898
20211109,경부선,수원,32135,33983,66118
20211109,중앙선,양정,721,647,1368
20211109,수인선,원인재,4220,4375,8595
20211109,중앙선,도농,10369,9292,19661
20211109,중앙선,양원,1979,1986,3965
20211109,일산선,마두,7666,7887,15553
20211109,일산선,정발산,6810,6805,13615
20211109,일산선,주엽,9028,8972,18000
20211109,일산선,대화,12887,10077,22964
20211109,장항선,봉명,1310,1231,2541
20211109,장항선,쌍용,2659,2474,5133
20211109,장항선,아산,3397,2870,6267
20211109,장항선,탕정,328,286,614
20211109,장항선,배방,1078,1019,2097
20211109,장항선,온양온천,4292,4336,8628
20211109,장항선,신창,2333,2404,4737
20211109,중앙선,회기,24017,23486,47503
20211109,중앙선,중랑,5462,5138,10600
20211109,중앙선,상봉,5677,5740,11417
20211109,중앙선,망우,7334,7339,14673
20211109,중앙선,구리,13256,13337,26593
20211109,수인선,남동인더스파크,2343,2633,4976
20211109,수인선,호구포,3943,4138,8081
20211109,수인선,인천논현,5187,5535,10722
20211109,공항철도 1호선,공항화물청사,2321,2527,4848
20211109,공항철도 1호선,인천공항1터미널,3407,3407,6814
20211109,공항철도 1호선,인천공항2터미널,2001,1963,3964
20211109,공항철도 1호선,영종,2774,2741,5515
20211109,과천선,경마공원,1436,1367,2803
20211109,과천선,대공원,1901,1984,3885
20211109,과천선,과천,5686,5311,10997
20211109,과천선,정부과천청사,10731,10554,21285
20211109,과천선,인덕원,23795,24906,48701
20211109,과천선,평촌,18518,18165,36683
20211109,과천선,범계,24710,24755,49465
20211109,분당선,선릉,13987,20972,34959
20211109,분당선,한티,13737,15060,28797
20211109,분당선,도곡,6914,6780,13694
20211109,분당선,구룡,2059,2016,4075
20211109,공항철도 1호선,운서,6051,6141,12192
20211109,분당선,개포동,3692,3838,7530
20211109,공항철도 1호선,청라국제도시,6518,6184,12702
20211109,공항철도 1호선,계양,10092,9492,19584
20211109,경춘선,청평,1322,1354,2676
20211109,경춘선,상천,222,188,410
20211109,경춘선,가평,1485,1358,2843
20211109,경춘선,굴봉산,100,99,199
20211109,경춘선,백양리,69,65,134
20211109,경춘선,강촌,421,387,808
20211109,경춘선,김유정,217,225,442
20211109,경춘선,남춘천,2003,2075,4078
20211109,경춘선,춘천,1315,1246,2561
20211109,공항철도 1호선,서울역,7060,6520,13580
20211109,공항철도 1호선,공덕,2159,2816,4975
20211109,공항철도 1호선,홍대입구,7891,8015,15906
20211109,공항철도 1호선,디지털미디어시티,14429,13304,27733
20211109,공항철도 1호선,마곡나루,8501,8254,16755
20211109,공항철도 1호선,김포공항,11488,6580,18068
20211109,공항철도 1호선,검암,6604,6439,13043
20211109,경춘선,마석,3768,3678,7446
20211109,분당선,대모산입구,4528,4151,8679
20211109,분당선,수원,7480,6169,13649
20211109,분당선,상갈,5442,5181,10623
20211109,분당선,청명,4310,4043,8353
20211109,분당선,영통,8039,8171,16210
20211109,분당선,망포,14189,13273,27462
20211109,분당선,매탄권선,4800,4667,9467
20211109,분당선,수원시청,12077,13003,25080
20211109,분당선,매교,2857,2964,5821
20211109,수인선,고색,4345,4119,8464
20211109,수인선,오목천,3177,2984,6161
20211109,수인선,어천,699,702,1401
20211109,수인선,야목,307,224,531
20211109,수인선,사리,4201,3753,7954
20211109,수인선,달월,94,51,145
20211109,수인선,월곶,2416,2230,4646
20211109,9호선,구반포,1792,1880,3672
20211109,분당선,기흥,9927,9276,19203
20211109,분당선,수서,13585,13759,27344
20211109,분당선,신갈,4635,4526,9161
20211109,분당선,죽전,13153,14582,27735
20211109,분당선,서울숲,10403,10733,21136
20211109,분당선,압구정로데오,17503,19881,37384
20211109,분당선,강남구청,10287,11771,22058
20211109,분당선,선정릉,8304,8976,17280
20211109,분당선,가천대,8947,9950,18897
20211109,분당선,태평,13480,12818,26298
20211109,분당선,모란,22219,22924,45143
20211109,분당선,야탑,25398,26348,51746
20211109,분당선,서현,23473,23908,47381
20211109,분당선,수내,13178,13081,26259
20211109,분당선,정자,17570,18456,36026
20211109,분당선,미금,15122,16196,31318
20211109,분당선,오리,11875,9786,21661
20211109,분당선,이매,5759,5356,11115
20211109,분당선,보정,2610,2249,4859
20211109,분당선,구성,5089,5352,10441
20211109,9호선,동작,1810,1434,3244
20211109,과천선,선바위,8527,7231,15758
20211109,9호선,노들,4396,3784,8180
20211109,4호선,미아,15115,14530,29645
20211109,4호선,미아사거리,27334,26378,53712
20211109,4호선,길음,20289,19962,40251
20211109,4호선,성신여대입구,19974,19257,39231
20211109,4호선,한성대입구,13560,13401,26961
20211109,4호선,혜화,31233,31588,62821
20211109,4호선,수유,33190,33263,66453
20211109,4호선,동대문,19319,19975,39294
20211109,4호선,충무로,26673,27863,54536
20211109,4호선,명동,17596,18126,35722
20211109,4호선,회현,22801,24173,46974
20211109,4호선,서울역,11229,15529,26758
20211109,4호선,숙대입구,13132,12978,26110
20211109,4호선,삼각지,5034,5504,10538
20211109,4호선,동대문역사문화공원,14028,13066,27094
20211109,3호선,오금,6445,5655,12100
20211109,3호선,경찰병원,7609,7605,15214
20211109,3호선,가락시장,8896,8859,17755
20211109,3호선,옥수,8717,9092,17809
20211109,3호선,압구정,30737,32753,63490
20211109,3호선,신사,28978,30925,59903
20211109,3호선,잠원,4854,4785,9639
20211109,3호선,고속터미널,35966,34477,70443
20211109,3호선,교대,14425,9434,23859
20211109,3호선,남부터미널,28458,28962,57420
20211109,3호선,양재,39386,42688,82074
20211109,3호선,매봉,12854,12288,25142
20211109,3호선,도곡,5384,5583,10967
20211109,3호선,대치,10671,10859,21530
20211109,3호선,학여울,1725,1790,3515
20211109,3호선,대청,10224,9379,19603
20211109,3호선,일원,10330,10065,20395
20211109,3호선,수서,16749,16790,33539
20211109,4호선,신용산,16552,17538,34090
20211109,4호선,이촌,6942,7626,14568
20211109,4호선,동작,1395,1694,3089
20211109,4호선,총신대입구,18207,19757,37964
20211109,5호선,양평,7684,7572,15256
20211109,5호선,영등포구청,3904,4029,7933
20211109,5호선,영등포시장,9719,10079,19798
20211109,5호선,신길,4135,4423,8558
20211109,5호선,여의도,28860,30610,59470
20211109,5호선,여의나루,8027,9335,17362
20211109,5호선,마포,14618,15000,29618
20211109,5호선,공덕,14427,15436,29863
20211109,5호선,애오개,6895,7000,13895
20211109,5호선,충정로,4891,4990,9881
20211109,5호선,서대문,20274,20809,41083
20211109,5호선,광화문,30485,32344,62829
20211109,5호선,종로3가,11528,11174,22702
20211109,5호선,을지로4가,6144,6282,12426
20211109,5호선,동대문역사문화공원,3058,3611,6669
20211109,5호선,오목교,21215,22889,44104
20211109,3호선,금호,7918,7345,15263
20211109,5호선,목동,16542,17986,34528
20211109,5호선,까치산,28489,27154,55643
20211109,4호선,사당,24341,20836,45177
20211109,4호선,남태령,1239,1084,2323
20211109,4호선,당고개,12675,11450,24125
20211109,4호선,상계,18895,17473,36368
20211109,4호선,노원,17921,20294,38215
20211109,4호선,창동,24819,26149,50968
20211109,4호선,쌍문,29241,26793,56034
20211109,5호선,방화,6902,6514,13416
20211109,5호선,개화산,5540,5216,10756
20211109,5호선,김포공항,7176,6390,13566
20211109,5호선,송정,6631,6097,12728
20211109,5호선,마곡,10870,10830,21700
20211109,5호선,발산,20360,21001,41361
20211109,5호선,우장산,14497,14213,28710
20211109,5호선,화곡,28177,26049,54226
20211109,5호선,신정,14079,11312,25391
20211109,3호선,약수,12717,12662,25379
20211109,3호선,동대입구,7453,7943,15396
20211109,3호선,충무로,1,0,1
20211109,2호선,뚝섬,21475,23154,44629
20211109,2호선,성수,36733,40254,76987
20211109,2호선,건대입구,31709,34305,66014
20211109,2호선,구의,23602,23377,46979
20211109,2호선,강변,28141,26620,54761
20211109,2호선,잠실나루,14816,14389,29205
20211109,2호선,잠실,63342,63683,127025
20211109,2호선,잠실새내,20512,20653,41165
20211109,2호선,종합운동장,6727,7440,14167
20211109,2호선,삼성,51958,53333,105291
20211109,2호선,선릉,58440,52231,110671
20211109,2호선,역삼,54605,60613,115218
20211109,2호선,강남,81216,81060,162276
20211109,2호선,교대,34238,38925,73163
20211109,2호선,서초,23330,21601,44931
20211109,2호선,한양대,8735,9399,18134
20211109,2호선,방배,17906,18834,36740
20211109,2호선,왕십리,15767,12849,28616
20211109,2호선,신당,13314,13687,27001
20211109,안산선,신길온천,1547,1414,2961
20211109,1호선,서울역,42800,40561,83361
20211109,1호선,동묘앞,6275,6700,12975
20211109,1호선,시청,22243,22649,44892
20211109,1호선,종각,34832,34307,69139
20211109,1호선,종로3가,23669,22188,45857
20211109,1호선,종로5가,21938,21572,43510
20211109,1호선,동대문,10552,9776,20328
20211109,1호선,신설동,13555,13254,26809
20211109,1호선,제기동,15718,15719,31437
20211109,1호선,청량리,18065,18329,36394
20211109,2호선,을지로입구,38641,40158,78799
20211109,2호선,을지로3가,21996,22133,44129
20211109,2호선,을지로4가,13087,12883,25970
20211109,2호선,동대문역사문화공원,10474,11859,22333
20211109,2호선,상왕십리,14450,13891,28341
20211109,5호선,청구,4204,3759,7963
20211109,2호선,사당,36600,39777,76377
20211109,2호선,서울대입구,46390,45824,92214
20211109,2호선,양천구청,6787,7319,14106
20211109,2호선,신정네거리,10407,10542,20949
20211109,2호선,용두,2248,2345,4593
20211109,3호선,지축,4297,4128,8425
20211109,3호선,구파발,20439,19395,39834
20211109,3호선,연신내,35713,33806,69519
20211109,3호선,불광,16232,17187,33419
20211109,3호선,녹번,15560,14098,29658
20211109,3호선,홍제,17318,16457,33775
20211109,3호선,무악재,4061,4091,8152
20211109,3호선,독립문,6796,7027,13823
20211109,3호선,경복궁,19220,18938,38158
20211109,3호선,안국,20777,21413,42190
20211109,3호선,종로3가,9800,11317,21117
20211109,3호선,을지로3가,10647,10892,21539
20211109,2호선,도림천,1391,1511,2902
20211109,2호선,낙성대,26779,25965,52744
20211109,2호선,신설동,3099,3172,6271
20211109,2호선,용답,2756,2797,5553
20211109,2호선,봉천,23740,21708,45448
20211109,2호선,신림,61481,59288,120769
20211109,2호선,신대방,25970,25353,51323
20211109,2호선,구로디지털단지,60899,61179,122078
20211109,2호선,대림,23658,23974,47632
20211109,2호선,신도림,46256,45774,92030
20211109,2호선,문래,21752,22147,43899
20211109,2호선,영등포구청,23396,23716,47112
20211109,2호선,당산,18180,21446,39626
20211109,2호선,합정,28649,30113,58762
20211109,2호선,홍대입구,45223,47598,92821
20211109,2호선,신촌,30044,31695,61739
20211109,2호선,이대,13031,13862,26893
20211109,2호선,아현,10412,10008,20420
20211109,2호선,충정로,9834,10466,20300
20211109,2호선,신답,1658,1923,3581
20211109,5호선,신금호,6558,6820,13378
20211109,9호선,흑석,7808,8215,16023
20211109,5호선,왕십리,4633,5163,9796
20211109,7호선,보라매,10044,9956,20000
20211109,7호선,신풍,11812,11282,23094
20211109,7호선,대림,7927,7907,15834
20211109,7호선,남구로,16635,17313,33948
20211109,7호선,가산디지털단지,48499,48455,96954
20211109,7호선,철산,20835,21349,42184
20211109,7호선,신대방삼거리,16535,15901,32436
20211109,7호선,광명사거리,21938,21408,43346
20211109,7호선,온수,11031,10092,21123
20211109,7호선,까치울,7795,7437,15232
20211109,7호선,부천종합운동장,4556,4015,8571
20211109,7호선,춘의,10263,10094,20357
20211109,7호선,신중동,14266,14029,28295
20211109,7호선,부천시청,12565,12553,25118
20211109,7호선,천왕,11607,10925,22532
20211109,7호선,장승배기,9346,9197,18543
20211109,7호선,상도,10486,10239,20725
20211109,7호선,숭실대입구,13067,13220,26287
20211109,7호선,용마산,6198,5957,12155
20211109,7호선,중곡,10573,9858,20431
20211109,7호선,군자,14964,12125,27089
20211109,7호선,어린이대공원,12544,12356,24900
20211109,7호선,건대입구,11789,12422,24211
20211109,7호선,뚝섬유원지,6830,6607,13437
20211109,7호선,청담,19857,22102,41959
20211109,7호선,강남구청,16656,18480,35136
20211109,7호선,학동,25028,26426,51454
20211109,7호선,논현,20563,22545,43108
20211109,7호선,반포,5719,5604,11323
20211109,7호선,고속터미널,14756,12824,27580
20211109,7호선,내방,14660,14971,29631
20211109,7호선,이수,15273,15044,30317
20211109,7호선,남성,11138,10220,21358
20211109,7호선,삼산체육관,5309,4814,10123
20211109,7호선,굴포천,9256,9690,18946
20211109,7호선,부평구청,7607,6820,14427
20211109,8호선,암사,19188,16883,36071
20211109,9호선,신방화,6993,6742,13735
20211109,9호선,마곡나루,11579,11641,23220
20211109,9호선,양천향교,9998,10057,20055
20211109,9호선,가양,20454,19777,40231
20211109,9호선,증미,7350,7455,14805
20211109,9호선,등촌,11644,11401,23045
20211109,9호선,염창,17163,16686,33849
20211109,9호선,신목동,4046,3525,7571
20211109,9호선,선유도,8827,8484,17311
20211109,9호선,당산,17939,18014,35953
20211109,9호선,국회의사당,16832,17478,34310
20211109,9호선,여의도,27444,26365,53809
20211109,9호선,샛강,5870,6347,12217
20211109,9호선,노량진,25625,25124,50749
20211109,5호선,행당,8247,7356,15603
20211109,9호선,공항시장,2940,3206,6146
20211109,7호선,사가정,15919,15659,31578
20211109,9호선,김포공항,7118,10560,17678
20211109,8호선,모란,5094,3866,8960
20211109,8호선,천호,14721,16652,31373
20211109,8호선,강동구청,10727,10911,21638
20211109,8호선,몽촌토성,6073,6264,12337
20211109,8호선,잠실,13459,15949,29408
20211109,8호선,석촌,7679,8576,16255
20211109,8호선,송파,7853,7708,15561
20211109,8호선,가락시장,7681,8422,16103
20211109,8호선,문정,22804,24069,46873
20211109,8호선,장지,17183,16285,33468
20211109,8호선,복정,11532,9862,21394
20211109,8호선,산성,5888,5913,11801
20211109,8호선,남한산성입구,13946,12857,26803
20211109,8호선,단대오거리,10312,9930,20242
20211109,8호선,신흥,4145,4470,8615
20211109,8호선,수진,5320,4853,10173
20211109,9호선,개화,2669,1750,4419
20211109,7호선,면목,15550,15293,30843
20211109,7호선,상동,12832,13372,26204
20211109,7호선,중화,11054,10781,21835
20211109,5호선,강일,3813,3735,7548
20211109,5호선,미사,15742,15409,31151
20211109,5호선,하남풍산,4233,4132,8365
20211109,5호선,하남시청,6035,5965,12000
20211109,5호선,하남검단산,4921,4768,9689
20211109,6호선,응암,17541,17110,34651
20211109,6호선,역촌,3777,4424,8201
20211109,6호선,불광,4132,4129,8261
20211109,6호선,독바위,2726,2794,5520
20211109,6호선,구산,7759,5842,13601
20211109,6호선,새절,13093,11969,25062
20211109,6호선,증산,10012,9942,19954
20211109,6호선,디지털미디어시티,13933,15316,29249
20211109,6호선,월드컵경기장,3471,3807,7278
20211109,6호선,마포구청,14341,12815,27156
20211109,5호선,거여,9149,8618,17767
20211109,6호선,망원,13088,14091,27179
20211109,5호선,개롱,6511,6856,13367
20211109,5호선,방이,7007,7269,14276
20211109,7호선,상봉,16728,15694,32422
20211109,5호선,답십리,15947,14399,30346
20211109,5호선,장한평,18951,18717,37668
20211109,5호선,군자,10949,12351,23300
20211109,5호선,아차산,13818,13433,27251
20211109,5호선,광나루,12818,11529,24347
20211109,5호선,천호,17007,17188,34195
20211109,5호선,강동,18708,17699,36407
20211109,5호선,길동,7926,8290,16216
20211109,5호선,굽은다리,9528,9051,18579
20211109,5호선,명일,8628,8888,17516
20211109,5호선,고덕,9609,9510,19119
20211109,5호선,상일동,15903,14335,30238
20211109,5호선,둔촌동,8614,8649,17263
20211109,5호선,올림픽공원,4234,3790,8024
20211109,5호선,오금,3884,3903,7787
20211109,6호선,합정,12008,12212,24220
20211109,5호선,마천,6976,6705,13681
20211109,5호선,마장,5595,5294,10889
20211109,6호선,돌곶이,9364,8638,18002
20211109,6호선,석계,12457,12781,25238
20211109,6호선,태릉입구,5370,5872,11242
20211109,6호선,화랑대,11734,9250,20984
20211109,6호선,봉화산,9033,8475,17508
20211109,7호선,장암,2305,829,3134
20211109,7호선,도봉산,9358,10398,19756
20211109,7호선,수락산,12296,12127,24423
20211109,7호선,마들,12865,12257,25122
20211109,7호선,노원,18981,20008,38989
20211109,7호선,중계,14472,13261,27733
20211109,7호선,하계,17755,16641,34396
20211109,7호선,공릉,12097,11869,23966
20211109,7호선,태릉입구,8254,7880,16134
20211109,6호선,상수,7496,8435,15931
20211109,6호선,상월곡,6331,5709,12040
20211109,6호선,월곡,11422,11247,22669
20211109,7호선,먹골,10051,9806,19857
20211109,6호선,안암,10493,10566,21059
20211109,6호선,고려대,7893,7537,15430
20211109,6호선,대흥,7888,8072,15960
20211109,6호선,공덕,18674,18097,36771
20211109,6호선,효창공원앞,7074,6360,13434
20211109,6호선,삼각지,5754,5262,11016
20211109,6호선,녹사평,4130,4201,8331
20211109,6호선,이태원,8502,8873,17375
20211109,6호선,한강진,6953,8085,15038
20211109,6호선,광흥창,8911,8745,17656
20211109,6호선,약수,3629,3505,7134
20211109,6호선,청구,3812,4159,7971
20211109,6호선,신당,7771,8136,15907
20211109,6호선,동묘앞,7293,7446,14739
20211109,6호선,창신,3636,2999,6635
20211109,6호선,보문,7021,6557,13578
20211109,6호선,버티고개,1856,1844,3700
20211110,경의선,서울역,4405,5499,9904
20211110,경의선,신촌,851,1070,1921
20211110,경의선,효창공원앞,3009,3446,6455
20211110,경의선,공덕,3642,3299,6941
20211110,경의선,서강대,2150,2052,4202
20211110,경의선,곡산,593,641,1234
20211110,경의선,홍대입구,1577,1814,3391
20211110,경의선,수색,2853,2983,5836
20211110,경의선,디지털미디어시티,2628,2443,5071
20211110,경의선,화전,1977,1785,3762
20211110,경의선,강매,3309,2883,6192
20211110,경의선,행신,8106,8168,16274
20211110,경의선,능곡,3965,3596,7561
20211110,경원선,소요산,2539,2198,4737
20211110,경의선,가좌,5587,5260,10847
20211110,경원선,동두천,2253,2437,4690
20211110,경원선,의정부,18132,18599,36731
20211110,경원선,동두천중앙,3310,3218,6528
20211110,경의선,백마,7197,6899,14096
20211110,경원선,광운대,8550,8335,16885
20211110,경원선,월계,7288,6765,14053
20211110,경원선,녹천,4903,4016,8919
20211110,경원선,방학,9757,9550,19307
20211110,경원선,도봉,6351,6105,12456
20211110,경원선,도봉산,7615,4888,12503
20211110,경원선,망월사,8030,8100,16130
20211110,경원선,회룡,12858,12679,25537
20211110,경원선,가능,6660,6485,13145
20211110,경원선,녹양,4697,4353,9050
20211110,경원선,양주,8103,7455,15558
20211110,경원선,덕계,3211,2823,6034
20211110,경원선,덕정,5924,5616,11540
20211110,경원선,지행,6690,6623,13313
20211110,경원선,보산,1670,1322,2992
20211110,경의선,풍산,5540,5197,10737
20211110,경춘선,금곡,1515,1490,3005
20211110,경의선,탄현,7949,7551,15500
20211110,경인선,인천,3368,2457,5825
20211110,경인선,구일,6834,6780,13614
20211110,경인선,소사,9042,8703,17745
20211110,경인선,부개,8760,8205,16965
20211110,경인선,간석,6147,5729,11876
20211110,경인선,도원,3226,3336,6562
20211110,경인선,온수,7288,7000,14288
20211110,경인선,중동,9628,8973,18601
20211110,경인선,도화,4278,4037,8315
20211110,경춘선,신내,2166,2090,4256
20211110,경춘선,갈매,3317,2845,6162
20211110,경춘선,별내,3348,3134,6482
20211110,경춘선,퇴계원,3718,3367,7085
20211110,경춘선,사릉,3588,3402,6990
20211110,경원선,석계,8339,9398,17737
20211110,경인선,동인천,14250,13355,27605
20211110,경의선,일산,9461,9371,18832
20211110,경인선,제물포,11256,10569,21825
20211110,경인선,동암,15000,15111,30111
20211110,경의선,야당,7227,7054,14281
20211110,경의선,운정,7110,6691,13801
20211110,경의선,금릉,4813,4657,9470
20211110,경의선,금촌,6208,6305,12513
20211110,경의선,월롱,2842,2571,5413
20211110,경의선,파주,1533,1136,2669
20211110,경의선,문산,4939,4753,9692
20211110,경의선,임진강,7,2,9
20211110,경인선,개봉,22180,22030,44210
20211110,경인선,오류동,12379,11417,23796
20211110,경인선,역곡,28886,28329,57215
20211110,경인선,부천,32853,32975,65828
20211110,경인선,송내,28040,28026,56066
20211110,경인선,부평,29063,31347,60410
20211110,경인선,백운,7381,7202,14583
20211110,경인선,주안,19296,17540,36836
20211110,경원선,신이문,8640,7968,16608
20211110,9호선,신반포,3468,3366,6834
20211110,경원선,청량리,14568,15176,29744
20211110,경강선,삼동,2457,2169,4626
20211110,경강선,경기광주,7716,7226,14942
20211110,경강선,초월,3218,3017,6235
20211110,경강선,곤지암,2496,2384,4880
20211110,경강선,신둔도예촌,1584,1464,3048
20211110,경강선,이천,2444,2527,4971
20211110,경강선,부발,2036,1933,3969
20211110,경강선,세종대왕릉,305,319,624
20211110,경강선,여주,2449,2437,4886
20211110,경부선,서울역,5529,1770,7299
20211110,경부선,남영,9768,10165,19933
20211110,경부선,용산,33198,33495,66693
20211110,경부선,노량진,8921,9260,18181
20211110,경부선,대방,13447,13960,27407
20211110,경부선,영등포,36344,37887,74231
20211110,경강선,이매,1113,933,2046
20211110,경부선,신도림,4091,4287,8378
20211110,경강선,판교,4684,4736,9420
20211110,9호선2~3단계,둔촌오륜,1259,1144,2403
20211110,경춘선,평내호평,6376,6106,12482
20211110,9호선,고속터미널,12090,15052,27142
20211110,9호선,사평,3696,3591,7287
20211110,9호선,신논현,31191,31437,62628
20211110,9호선2~3단계,언주,10882,10963,21845
20211110,9호선2~3단계,선정릉,10052,10960,21012
20211110,9호선2~3단계,삼성중앙,7090,7477,14567
20211110,9호선2~3단계,봉은사,18150,18895,37045
20211110,9호선2~3단계,종합운동장,4324,4387,8711
20211110,9호선2~3단계,삼전,7024,6741,13765
20211110,9호선2~3단계,석촌고분,6247,6027,12274
20211110,9호선2~3단계,석촌,8594,7556,16150
20211110,9호선2~3단계,송파나루,5099,5398,10497
20211110,9호선2~3단계,한성백제,2772,2539,5311
20211110,9호선2~3단계,올림픽공원,6314,6367,12681
20211110,9호선2~3단계,중앙보훈병원,11404,10029,21433
20211110,경원선,외대앞,8447,8619,17066
20211110,경부선,신길,9262,7904,17166
20211110,경부선,가산디지털단지,18938,22212,41150
20211110,경부선,평택지제,3160,3123,6283
20211110,경부선,평택,11629,11506,23135
20211110,경부선,성환,4475,4402,8877
20211110,경부선,직산,731,700,1431
20211110,경부선,두정,5418,5502,10920
20211110,경부선,천안,5261,5479,10740
20211110,경부선,당정,6388,6061,12449
20211110,경부선,서동탄,1475,1284,2759
20211110,경부선,광명,3333,2824,6157
20211110,경원선,이촌,3741,2933,6674
20211110,경원선,서빙고,2198,2174,4372
20211110,경원선,한남,4184,4026,8210
20211110,경원선,옥수,55,37,92
20211110,경원선,응봉,1958,1644,3602
20211110,경원선,왕십리,14403,16340,30743
20211110,경부선,서정리,7251,6855,14106
20211110,경부선,구로,19278,20137,39415
20211110,경부선,송탄,4088,3920,8008
20211110,경부선,오산,9893,9761,19654
20211110,경부선,금천구청,12232,12341,24573
20211110,경부선,석수,10168,9052,19220
20211110,경부선,관악,7466,6883,14349
20211110,경부선,안양,24864,24703,49567
20211110,경부선,명학,9724,9565,19289
20211110,경부선,금정,27536,27759,55295
20211110,경부선,군포,7901,7879,15780
20211110,경부선,의왕,9401,9359,18760
20211110,경부선,성균관대,15222,14890,30112
20211110,경부선,화서,8140,7712,15852
20211110,경부선,수원,34006,36020,70026
20211110,경부선,독산,19262,20200,39462
20211110,경부선,세류,3001,2702,5703
20211110,경부선,병점,14495,14599,29094
20211110,경부선,세마,2846,2577,5423
20211110,경부선,진위,1603,1413,3016
20211110,경춘선,천마산,1676,1543,3219
20211110,수인선,월곶,2710,2519,5229
20211110,경춘선,대성리,457,406,863
20211110,안산선,수리산,4450,3522,7972
20211110,우이신설선,북한산우이,2721,2472,5193
20211110,우이신설선,솔밭공원,2543,2395,4938
20211110,우이신설선,4.19민주묘지,2980,2785,5765
20211110,우이신설선,가오리,4216,4148,8364
20211110,우이신설선,화계,3445,3118,6563
20211110,우이신설선,삼양,2032,2132,4164
20211110,우이신설선,삼양사거리,2366,2410,4776
20211110,우이신설선,솔샘,6109,5647,11756
20211110,우이신설선,북한산보국문,6205,5825,12030
20211110,우이신설선,정릉,4769,4453,9222
20211110,우이신설선,성신여대입구,3282,3682,6964
20211110,우이신설선,보문,1561,1545,3106
20211110,우이신설선,신설동,2172,2195,4367
20211110,일산선,원흥,10922,10349,21271
20211110,안산선,오이도,8291,7973,16264
20211110,일산선,지축,1,0,1
20211110,안산선,정왕,9812,10174,19986
20211110,안산선,안산,11426,10275,21701
20211110,수인선,원인재,4604,4780,9384
20211110,수인선,연수,4524,4522,9046
20211110,수인선,송도,2539,2342,4881
20211110,수인선,인하대,6234,5913,12147
20211110,수인선,숭의,4177,3784,7961
20211110,수인선,신포,1894,1882,3776
20211110,수인선,인천,964,1657,2621
20211110,안산선,산본,16231,17608,33839
20211110,안산선,대야미,5115,4554,9669
20211110,안산선,반월,4405,4199,8604
20211110,안산선,상록수,16459,16604,33063
20211110,안산선,한대앞,9597,9552,19149
20211110,안산선,중앙,17856,18616,36472
20211110,안산선,고잔,9059,8593,17652
20211110,안산선,초지,5176,5575,10751
20211110,안산선,신길온천,1744,1604,3348
20211110,수인선,남동인더스파크,2335,2632,4967
20211110,일산선,삼송,19425,18847,38272
20211110,일산선,화정,17483,17806,35289
20211110,중앙선,도농,10781,9757,20538
20211110,중앙선,양정,800,700,1500
20211110,중앙선,덕소,5755,4445,10200
20211110,중앙선,도심,2463,1873,4336
20211110,중앙선,팔당,861,822,1683
20211110,중앙선,운길산,686,718,1404
20211110,중앙선,양수,1948,1881,3829
20211110,중앙선,신원,162,156,318
20211110,중앙선,국수,662,660,1322
20211110,중앙선,아신,550,521,1071
20211110,중앙선,오빈,282,303,585
20211110,중앙선,양평,2612,2629,5241
20211110,중앙선,원덕,338,346,684
20211110,9호선,구반포,1920,2047,3967
20211110,중앙선,지평,66,75,141
20211110,중앙선,구리,14042,13850,27892
20211110,일산선,원당,11510,10909,22419
20211110,중앙선,양원,2211,2170,4381
20211110,중앙선,상봉,5951,5815,11766
20211110,일산선,대곡,1914,1554,3468
20211110,일산선,백석,9873,9767,19640
20211110,일산선,마두,8050,8158,16208
20211110,일산선,정발산,7158,7249,14407
20211110,일산선,주엽,9326,9212,18538
20211110,일산선,대화,13581,10558,24139
20211110,장항선,봉명,1243,1175,2418
20211110,장항선,쌍용,2475,2315,4790
20211110,장항선,아산,3306,2854,6160
20211110,장항선,탕정,288,257,545
20211110,장항선,배방,942,967,1909
20211110,장항선,온양온천,3196,3320,6516
20211110,장항선,신창,2456,2313,4769
20211110,중앙선,회기,25416,24446,49862
20211110,중앙선,중랑,5696,5430,11126
20211110,중앙선,망우,7913,7747,15660
20211110,경춘선,마석,3976,3815,7791
20211110,수인선,호구포,4047,4238,8285
20211110,수인선,소래포구,5396,5217,10613
20211110,공항철도 1호선,공항화물청사,2331,2568,4899
20211110,공항철도 1호선,인천공항1터미널,3642,3945,7587
20211110,공항철도 1호선,인천공항2터미널,2047,1943,3990
20211110,공항철도 1호선,영종,2988,3063,6051
20211110,과천선,선바위,8868,7460,16328
20211110,과천선,경마공원,1786,1760,3546
20211110,과천선,대공원,2545,2777,5322
20211110,과천선,과천,5882,5403,11285
20211110,과천선,정부과천청사,11042,10717,21759
20211110,과천선,인덕원,24730,26063,50793
20211110,과천선,평촌,18638,18448,37086
20211110,과천선,범계,26361,26098,52459
20211110,분당선,선릉,14131,21190,35321
20211110,분당선,한티,14113,15198,29311
20211110,분당선,도곡,7146,6922,14068
20211110,공항철도 1호선,운서,6629,6491,13120
20211110,분당선,구룡,2293,2157,4450
20211110,공항철도 1호선,청라국제도시,7075,6605,13680
20211110,공항철도 1호선,계양,10499,9739,20238
20211110,경춘선,청평,1450,1457,2907
20211110,경춘선,상천,221,226,447
20211110,경춘선,가평,1517,1618,3135
20211110,경춘선,굴봉산,116,113,229
20211110,경춘선,백양리,75,65,140
20211110,경춘선,강촌,470,459,929
20211110,경춘선,김유정,253,298,551
20211110,경춘선,남춘천,2195,2192,4387
20211110,경춘선,춘천,1359,1217,2576
20211110,공항철도 1호선,서울역,7499,7003,14502
20211110,공항철도 1호선,공덕,2239,3008,5247
20211110,공항철도 1호선,홍대입구,8784,9058,17842
20211110,공항철도 1호선,디지털미디어시티,14639,13395,28034
20211110,공항철도 1호선,마곡나루,8864,8582,17446
20211110,공항철도 1호선,김포공항,11662,6929,18591
20211110,공항철도 1호선,검암,6886,6787,13673
20211110,수인선,인천논현,5658,6018,11676
20211110,분당선,개포동,3885,4007,7892
20211110,분당선,수서,14066,14409,28475
20211110,분당선,신갈,4707,4725,9432
20211110,분당선,기흥,9968,9468,19436
20211110,분당선,상갈,5605,5375,10980
20211110,분당선,청명,4406,4246,8652
20211110,분당선,영통,8428,8545,16973
20211110,분당선,망포,14724,13891,28615
20211110,분당선,매탄권선,5048,4905,9953
20211110,분당선,수원시청,12658,13751,26409
20211110,분당선,매교,3016,3030,6046
20211110,수인선,고색,4432,4170,8602
20211110,수인선,오목천,3251,3045,6296
20211110,수인선,어천,754,763,1517
20211110,수인선,야목,317,233,550
20211110,수인선,사리,4570,4041,8611
20211110,수인선,달월,102,56,158
20211110,분당선,구성,5296,5620,10916
20211110,분당선,대모산입구,4540,4184,8724
20211110,분당선,죽전,13680,15034,28714
20211110,분당선,이매,5849,5530,11379
20211110,분당선,복정,1,0,1
20211110,분당선,수원,8030,6719,14749
20211110,분당선,서울숲,11312,11658,22970
20211110,분당선,압구정로데오,18419,20737,39156
20211110,분당선,강남구청,10533,12018,22551
20211110,분당선,선정릉,8371,9027,17398
20211110,분당선,가천대,9059,10021,19080
20211110,분당선,태평,13756,13076,26832
20211110,분당선,모란,20087,20246,40333
20211110,분당선,야탑,26611,27823,54434
20211110,분당선,서현,24341,25150,49491
20211110,분당선,수내,13487,13499,26986
20211110,분당선,정자,17975,19110,37085
20211110,분당선,미금,15720,16634,32354
20211110,분당선,오리,12467,10398,22865
20211110,분당선,보정,2660,2312,4972
20211110,중앙선,용문,2934,2982,5916
20211110,9호선,동작,1884,1496,3380
20211110,9호선,노들,4679,3952,8631
20211110,4호선,미아,15176,14766,29942
20211110,4호선,미아사거리,28306,27343,55649
20211110,4호선,길음,21016,20262,41278
20211110,4호선,성신여대입구,20289,19490,39779
20211110,4호선,한성대입구,14079,13925,28004
20211110,4호선,혜화,33347,33880,67227
20211110,4호선,수유,34024,34085,68109
20211110,4호선,동대문,19758,20404,40162
20211110,4호선,충무로,27646,28522,56168
20211110,4호선,명동,18829,19592,38421
20211110,4호선,회현,24276,25769,50045
20211110,4호선,서울역,11599,16383,27982
20211110,4호선,숙대입구,13928,13760,27688
20211110,4호선,삼각지,5276,5957,11233
20211110,4호선,동대문역사문화공원,14845,13834,28679
20211110,3호선,오금,6477,5832,12309
20211110,3호선,경찰병원,7876,7767,15643
20211110,3호선,가락시장,9151,8960,18111
20211110,3호선,옥수,9304,9537,18841
20211110,3호선,압구정,30772,33031,63803
20211110,3호선,신사,30088,31650,61738
20211110,3호선,잠원,4916,4865,9781
20211110,3호선,고속터미널,37979,36674,74653
20211110,3호선,교대,15211,9775,24986
20211110,3호선,남부터미널,29553,30033,59586
20211110,3호선,양재,40245,44072,84317
20211110,3호선,매봉,13210,12663,25873
20211110,3호선,도곡,5564,5811,11375
20211110,3호선,대치,10582,10772,21354
20211110,3호선,학여울,1910,1976,3886
20211110,3호선,대청,10461,9633,20094
20211110,3호선,일원,10515,10163,20678
20211110,3호선,수서,17398,17572,34970
20211110,4호선,신용산,17440,18408,35848
20211110,4호선,이촌,7093,7979,15072
20211110,4호선,동작,1690,1847,3537
20211110,4호선,총신대입구,19104,20631,39735
20211110,5호선,양평,8012,7778,15790
20211110,5호선,영등포구청,3965,4102,8067
20211110,5호선,영등포시장,10180,10458,20638
20211110,5호선,신길,4219,4592,8811
20211110,5호선,여의도,29726,31257,60983
20211110,5호선,여의나루,8949,10276,19225
20211110,5호선,마포,15407,15883,31290
20211110,5호선,공덕,15076,15794,30870
20211110,5호선,애오개,7128,7123,14251
20211110,5호선,충정로,5308,5367,10675
20211110,5호선,서대문,20383,21059,41442
20211110,5호선,광화문,31707,33562,65269
20211110,5호선,종로3가,12744,12527,25271
20211110,5호선,을지로4가,6392,6412,12804
20211110,5호선,동대문역사문화공원,3117,3672,6789
20211110,5호선,오목교,21921,23766,45687
20211110,3호선,약수,13544,13196,26740
20211110,5호선,목동,16982,18649,35631
20211110,5호선,까치산,29755,28335,58090
20211110,4호선,사당,25667,21855,47522
20211110,4호선,남태령,1343,1155,2498
20211110,4호선,당고개,12989,11690,24679
20211110,4호선,상계,19562,17951,37513
20211110,4호선,노원,18546,21026,39572
20211110,4호선,창동,26044,27367,53411
20211110,4호선,쌍문,29950,27216,57166
20211110,5호선,방화,7050,6765,13815
20211110,5호선,개화산,5664,5436,11100
20211110,5호선,김포공항,7469,6930,14399
20211110,5호선,송정,6899,6379,13278
20211110,5호선,마곡,11223,11066,22289
20211110,5호선,발산,21333,21864,43197
20211110,5호선,우장산,15087,14786,29873
20211110,5호선,화곡,29092,27079,56171
20211110,5호선,신정,14405,11583,25988
20211110,3호선,동대입구,9180,9835,19015
20211110,3호선,을지로3가,11098,11545,22643
20211110,3호선,종로3가,10421,11695,22116
20211110,2호선,왕십리,16255,13607,29862
20211110,2호선,한양대,8798,9510,18308
20211110,2호선,뚝섬,22459,24215,46674
20211110,2호선,성수,38079,41766,79845
20211110,2호선,건대입구,33916,36896,70812
20211110,2호선,구의,24351,24058,48409
20211110,2호선,강변,30028,28876,58904
20211110,2호선,잠실나루,15174,14684,29858
20211110,2호선,잠실,67669,68335,136004
20211110,2호선,잠실새내,21391,22127,43518
20211110,2호선,종합운동장,19155,21741,40896
20211110,2호선,삼성,57472,58386,115858
20211110,2호선,선릉,59178,53016,112194
20211110,2호선,역삼,55851,61802,117653
20211110,2호선,강남,84587,84480,169067
20211110,2호선,상왕십리,14930,14440,29370
20211110,2호선,교대,35263,40326,75589
20211110,2호선,신당,13919,14371,28290
20211110,2호선,을지로4가,13503,13523,27026
20211110,9호선,흑석,7967,8338,16305
20211110,경부선,오산대,3848,3449,7297
20211110,1호선,서울역,44256,42023,86279
20211110,1호선,동묘앞,7649,8068,15717
20211110,1호선,시청,23262,23592,46854
20211110,1호선,종각,36660,35635,72295
20211110,1호선,종로3가,25312,23399,48711
20211110,1호선,종로5가,22230,22087,44317
20211110,1호선,동대문,10926,10216,21142
20211110,1호선,신설동,14156,13722,27878
20211110,1호선,제기동,16949,17331,34280
20211110,1호선,청량리,19201,19421,38622
20211110,2호선,시청,25115,24093,49208
20211110,2호선,을지로입구,40616,41707,82323
20211110,2호선,을지로3가,23402,23115,46517
20211110,2호선,동대문역사문화공원,11483,12997,24480
20211110,5호선,청구,4228,3792,8020
20211110,2호선,서초,23821,22204,46025
20211110,2호선,사당,37656,41482,79138
20211110,2호선,신설동,3251,3307,6558
20211110,2호선,도림천,1423,1469,2892
20211110,2호선,양천구청,6962,7428,14390
20211110,2호선,신정네거리,10773,10964,21737
20211110,2호선,용두,2366,2444,4810
20211110,3호선,지축,4607,4347,8954
20211110,3호선,구파발,21184,20074,41258
20211110,3호선,연신내,37189,35104,72293
20211110,3호선,불광,17013,18097,35110
20211110,3호선,녹번,15905,14493,30398
20211110,3호선,홍제,17756,16861,34617
20211110,3호선,무악재,4044,4128,8172
20211110,3호선,독립문,7189,7401,14590
20211110,3호선,경복궁,22508,22613,45121
20211110,3호선,안국,22540,23538,46078
20211110,2호선,신답,1693,1927,3620
20211110,2호선,방배,18545,19468,38013
20211110,2호선,용답,2810,2789,5599
20211110,2호선,아현,10749,10315,21064
20211110,2호선,낙성대,27727,26839,54566
20211110,2호선,서울대입구,48349,47516,95865
20211110,2호선,봉천,24408,22334,46742
20211110,2호선,신림,63824,61833,125657
20211110,2호선,신대방,26801,26066,52867
20211110,2호선,구로디지털단지,62679,62669,125348
20211110,2호선,대림,24228,24625,48853
20211110,2호선,신도림,48833,48683,97516
20211110,2호선,문래,22329,22821,45150
20211110,2호선,영등포구청,24108,24353,48461
20211110,2호선,당산,19191,22803,41994
20211110,2호선,합정,30885,32491,63376
20211110,2호선,홍대입구,49961,52695,102656
20211110,2호선,신촌,31894,33159,65053
20211110,2호선,이대,13795,14459,28254
20211110,2호선,충정로,10252,10794,21046
20211110,5호선,신금호,6835,7031,13866
20211110,3호선,금호,8281,7635,15916
20211110,5호선,왕십리,4682,5300,9982
20211110,7호선,신대방삼거리,16891,16116,33007
20211110,7호선,보라매,10363,10265,20628
20211110,7호선,신풍,12139,11563,23702
20211110,7호선,대림,7852,7796,15648
20211110,7호선,남구로,16612,17461,34073
20211110,7호선,가산디지털단지,49003,48945,97948
20211110,7호선,철산,21760,22504,44264
20211110,7호선,광명사거리,23129,22619,45748
20211110,7호선,천왕,12003,11199,23202
20211110,7호선,온수,11505,10750,22255
20211110,7호선,까치울,8327,7785,16112
20211110,7호선,부천종합운동장,4892,4242,9134
20211110,7호선,춘의,10534,10237,20771
20211110,7호선,신중동,14743,14912,29655
20211110,7호선,부천시청,13064,13124,26188
20211110,7호선,장승배기,9635,9388,19023
20211110,7호선,상동,13681,14313,27994
20211110,7호선,상도,10685,10229,20914
20211110,7호선,남성,11428,10412,21840
20211110,7호선,사가정,16721,16644,33365
20211110,7호선,용마산,6541,6096,12637
20211110,7호선,중곡,10908,10295,21203
20211110,7호선,군자,15136,12321,27457
20211110,7호선,어린이대공원,12857,12597,25454
20211110,7호선,건대입구,12111,12687,24798
20211110,7호선,뚝섬유원지,7497,7263,14760
20211110,7호선,청담,19969,22682,42651
20211110,7호선,강남구청,17007,18712,35719
20211110,7호선,학동,25473,27248,52721
20211110,7호선,논현,20579,22580,43159
20211110,7호선,반포,5845,5541,11386
20211110,7호선,고속터미널,15160,13371,28531
20211110,7호선,내방,15031,15410,30441
20211110,7호선,이수,15726,15548,31274
20211110,7호선,숭실대입구,13737,13927,27664
20211110,7호선,면목,16851,16342,33193
20211110,7호선,삼산체육관,5595,5044,10639
20211110,7호선,부평구청,7730,7055,14785
20211110,9호선,공항시장,3006,3320,6326
20211110,9호선,신방화,7284,6945,14229
20211110,9호선,마곡나루,12183,11981,24164
20211110,9호선,양천향교,10123,10378,20501
20211110,9호선,가양,21355,20934,42289
20211110,9호선,증미,7514,7465,14979
20211110,9호선,등촌,11986,11706,23692
20211110,9호선,염창,17749,17319,35068
20211110,9호선,신목동,4242,3728,7970
20211110,9호선,선유도,9103,8840,17943
20211110,9호선,당산,18760,18954,37714
20211110,9호선,국회의사당,17593,17949,35542
20211110,9호선,여의도,28612,27152,55764
20211110,9호선,샛강,6093,6429,12522
20211110,5호선,행당,8566,7515,16081
20211110,9호선,김포공항,7346,11547,18893
20211110,7호선,굴포천,9434,10056,19490
20211110,9호선,개화,2837,1859,4696
20211110,8호선,수진,5315,4810,10125
20211110,8호선,암사,19571,17317,36888
20211110,8호선,천호,15120,17305,32425
20211110,8호선,강동구청,10885,11174,22059
20211110,8호선,몽촌토성,6454,6622,13076
20211110,8호선,잠실,13957,16544,30501
20211110,8호선,석촌,7864,8924,16788
20211110,8호선,송파,7871,7906,15777
20211110,8호선,가락시장,8074,9093,17167
20211110,8호선,문정,22856,24318,47174
20211110,8호선,장지,17709,17005,34714
20211110,8호선,복정,11805,10134,21939
20211110,8호선,산성,6110,6034,12144
20211110,8호선,남한산성입구,14402,13008,27410
20211110,8호선,단대오거리,10701,10384,21085
20211110,8호선,신흥,4235,4553,8788
20211110,8호선,모란,4261,3327,7588
20211110,7호선,상봉,17419,16455,33874
20211110,9호선,노량진,27400,26341,53741
20211110,7호선,먹골,10265,10043,20308
20211110,5호선,강일,3831,3787,7618
20211110,5호선,미사,16221,15940,32161
20211110,5호선,하남풍산,4261,4252,8513
20211110,5호선,하남시청,6153,5940,12093
20211110,5호선,하남검단산,5138,4891,10029
20211110,6호선,응암,18131,17776,35907
20211110,5호선,거여,9570,8977,18547
20211110,6호선,역촌,3919,4573,8492
20211110,6호선,독바위,2767,2856,5623
20211110,6호선,구산,7886,5869,13755
20211110,6호선,새절,13275,12355,25630
20211110,6호선,증산,10378,10142,20520
20211110,6호선,디지털미디어시티,14270,15622,29892
20211110,6호선,월드컵경기장,4005,4382,8387
20211110,6호선,불광,4389,4296,8685
20211110,5호선,개롱,6749,6883,13632
20211110,5호선,오금,3949,3940,7889
20211110,5호선,방이,7296,7438,14734
20211110,7호선,중화,11337,11224,22561
20211110,5호선,답십리,16450,15044,31494
20211110,5호선,장한평,19483,19244,38727
20211110,5호선,군자,11472,12649,24121
20211110,5호선,아차산,14593,14143,28736
20211110,5호선,광나루,13582,12333,25915
20211110,5호선,천호,18132,18041,36173
20211110,5호선,강동,18890,17886,36776
20211110,5호선,길동,8113,8407,16520
20211110,5호선,굽은다리,9682,9177,18859
20211110,5호선,명일,9060,9217,18277
20211110,5호선,고덕,9685,9742,19427
20211110,5호선,상일동,16267,14627,30894
20211110,5호선,둔촌동,8856,8915,17771
20211110,5호선,올림픽공원,4511,4004,8515
20211110,6호선,마포구청,14820,13226,28046
20211110,6호선,망원,14155,15028,29183
20211110,5호선,마천,7004,6808,13812
20211110,6호선,상수,7904,8956,16860
20211110,6호선,돌곶이,9741,8976,18717
20211110,6호선,석계,12685,13107,25792
20211110,6호선,태릉입구,5543,6060,11603
20211110,6호선,화랑대,12109,9330,21439
20211110,6호선,봉화산,9114,8558,17672
20211110,7호선,장암,2405,889,3294
20211110,7호선,도봉산,9600,11109,20709
20211110,7호선,수락산,13085,12743,25828
20211110,7호선,마들,13358,12487,25845
20211110,7호선,노원,19238,20464,39702
20211110,7호선,중계,15008,13681,28689
20211110,7호선,하계,18955,17929,36884
20211110,7호선,공릉,12453,12313,24766
20211110,6호선,합정,12846,12903,25749
20211110,5호선,마장,5787,5523,11310
20211110,6호선,상월곡,6582,5899,12481
20211110,6호선,월곡,11780,11750,23530
20211110,7호선,태릉입구,8651,8142,16793
20211110,6호선,안암,11090,11083,22173
20211110,6호선,고려대,8266,7878,16144
20211110,6호선,공덕,19004,18582,37586
20211110,6호선,효창공원앞,7160,6496,13656
20211110,6호선,삼각지,6198,5698,11896
20211110,6호선,녹사평,4596,4681,9277
20211110,6호선,이태원,9276,9688,18964
20211110,6호선,한강진,7429,8787,16216
20211110,6호선,대흥,8197,8362,16559
20211110,6호선,약수,3733,3732,7465
20211110,6호선,청구,3871,4182,8053
20211110,6호선,신당,8112,8475,16587
20211110,6호선,동묘앞,7759,7941,15700
20211110,6호선,창신,3761,3117,6878
20211110,6호선,보문,7430,6799,14229
20211110,6호선,광흥창,9377,9189,18566
20211110,6호선,버티고개,1957,1957,3914
20211111,경인선,도원,2546,2643,5189
20211111,경인선,온수,6920,6628,13548
20211111,경인선,중동,9656,8990,18646
20211111,경인선,도화,4123,3785,7908
20211111,경춘선,신내,2026,1922,3948
20211111,경춘선,갈매,3231,2754,5985
20211111,경춘선,사릉,3580,3294,6874
20211111,경춘선,퇴계원,3761,3506,7267
20211111,경춘선,금곡,1494,1478,2972
20211111,경춘선,평내호평,6355,6171,12526
20211111,경춘선,천마산,1659,1522,3181
20211111,경춘선,마석,3973,3894,7867
20211111,경인선,간석,5846,5634,11480
20211111,경춘선,별내,3475,3223,6698
20211111,경인선,부개,8741,8131,16872
20211111,경인선,백운,7340,7188,14528
20211111,경인선,구일,6650,6658,13308
20211111,경춘선,대성리,525,420,945
20211111,경의선,파주,1403,1115,2518
20211111,경의선,문산,5001,5153,10154
20211111,경의선,임진강,9,22,31
20211111,경인선,개봉,22321,22081,44402
20211111,경인선,오류동,12371,11506,23877
20211111,경인선,역곡,28790,28042,56832
20211111,경인선,부천,33149,33167,66316
20211111,경인선,송내,27860,27847,55707
20211111,경인선,부평,29671,32071,61742
20211111,경인선,동암,14956,15022,29978
20211111,경인선,주안,19443,17419,36862
20211111,경인선,제물포,10731,10298,21029
20211111,경인선,동인천,13978,13082,27060
20211111,경인선,인천,3486,2718,6204
20211111,경인선,소사,8888,8667,17555
20211111,경춘선,청평,1428,1493,2921
20211111,분당선,대모산입구,4475,4222,8697
20211111,경춘선,가평,1516,1662,3178
20211111,과천선,선바위,8946,7707,16653
20211111,과천선,경마공원,1617,1593,3210
20211111,과천선,대공원,3466,3556,7022
20211111,과천선,과천,5866,5316,11182
20211111,과천선,정부과천청사,10800,10765,21565
20211111,과천선,인덕원,24978,25982,50960
20211111,과천선,평촌,18355,18152,36507
20211111,과천선,범계,26172,26018,52190
20211111,분당선,선릉,13915,20869,34784
20211111,분당선,한티,14154,15113,29267
20211111,분당선,도곡,7253,6893,14146
20211111,분당선,구룡,2050,1952,4002
20211111,분당선,개포동,3751,3839,7590
20211111,경의선,월롱,2814,2558,5372
20211111,분당선,수서,13963,14510,28473
20211111,공항철도 1호선,영종,2968,3056,6024
20211111,공항철도 1호선,인천공항2터미널,2402,2257,4659
20211111,공항철도 1호선,인천공항1터미널,3711,3740,7451
20211111,공항철도 1호선,공항화물청사,2310,2628,4938
20211111,경춘선,굴봉산,145,131,276
20211111,경춘선,백양리,45,58,103
20211111,경춘선,강촌,465,463,928
20211111,경춘선,김유정,293,350,643
20211111,경춘선,남춘천,2451,2314,4765
20211111,경춘선,춘천,1499,1294,2793
20211111,공항철도 1호선,서울역,7984,7390,15374
20211111,경춘선,상천,226,235,461
20211111,공항철도 1호선,공덕,2395,3099,5494
20211111,공항철도 1호선,디지털미디어시티,14847,13523,28370
20211111,공항철도 1호선,마곡나루,8846,8715,17561
20211111,공항철도 1호선,김포공항,12347,7296,19643
20211111,공항철도 1호선,계양,10612,9725,20337
20211111,공항철도 1호선,검암,7013,6822,13835
20211111,공항철도 1호선,청라국제도시,7002,6677,13679
20211111,공항철도 1호선,운서,6815,6715,13530
20211111,공항철도 1호선,홍대입구,9307,9457,18764
20211111,경의선,금촌,6652,6665,13317
20211111,경원선,도봉,6333,6115,12448
20211111,경의선,운정,7117,6568,13685
20211111,경부선,직산,749,795,1544
20211111,경부선,두정,5746,5807,11553
20211111,경부선,천안,5566,5815,11381
20211111,경부선,당정,6438,6138,12576
20211111,경부선,서동탄,1452,1226,2678
20211111,경부선,광명,3516,2980,6496
20211111,경원선,이촌,3715,2883,6598
20211111,경원선,서빙고,2193,2252,4445
20211111,경원선,한남,4353,4051,8404
20211111,경원선,옥수,48,38,86
20211111,경원선,응봉,1929,1711,3640
20211111,경원선,왕십리,14386,16102,30488
20211111,경원선,청량리,15282,15731,31013
20211111,경원선,외대앞,8745,8708,17453
20211111,경원선,신이문,8705,7961,16666
20211111,경부선,성환,4544,4421,8965
20211111,경원선,석계,8239,9406,17645
20211111,경부선,평택,12358,11887,24245
20211111,경부선,서정리,7298,6800,14098
20211111,경부선,금정,26818,27197,54015
20211111,분당선,수원,8223,7106,15329
20211111,경부선,군포,7871,7829,15700
20211111,경부선,의왕,9695,9464,19159
20211111,경부선,성균관대,15377,14972,30349
20211111,경부선,화서,8169,7786,15955
20211111,경부선,수원,35484,37752,73236
20211111,경부선,독산,19175,19743,38918
20211111,경부선,세류,3097,2801,5898
20211111,경부선,병점,14995,15010,30005
20211111,경부선,세마,2780,2585,5365
20211111,경부선,오산대,3916,3563,7479
20211111,경부선,오산,10166,9912,20078
20211111,경부선,진위,1669,1454,3123
20211111,경부선,송탄,4597,4253,8850
20211111,경부선,평택지제,3307,3237,6544
20211111,경의선,금릉,4768,4588,9356
20211111,경원선,광운대,8804,8380,17184
20211111,경원선,녹천,4695,3957,8652
20211111,경의선,서강대,2160,2133,4293
20211111,경의선,홍대입구,1587,1862,3449
20211111,경의선,가좌,5605,5356,10961
20211111,경의선,디지털미디어시티,2690,2466,5156
20211111,경의선,수색,2975,3128,6103
20211111,경의선,화전,1970,1875,3845
20211111,경의선,강매,3322,2842,6164
20211111,경의선,행신,8196,8088,16284
20211111,경의선,능곡,3890,3491,7381
20211111,경의선,곡산,612,677,1289
20211111,경의선,백마,7243,6864,14107
20211111,경의선,풍산,5891,5470,11361
20211111,경의선,일산,9294,9185,18479
20211111,경의선,탄현,8049,7619,15668
20211111,경의선,야당,7257,7021,14278
20211111,경의선,공덕,3781,3399,7180
20211111,경원선,월계,7365,6851,14216
20211111,경의선,효창공원앞,2981,3392,6373
20211111,경의선,서울역,4636,5816,10452
20211111,경원선,방학,9777,9343,19120
20211111,경원선,도봉산,8006,5224,13230
20211111,경원선,망월사,8054,8064,16118
20211111,경원선,회룡,12641,12427,25068
20211111,경원선,의정부,18356,19106,37462
20211111,경원선,가능,6692,6414,13106
20211111,경원선,녹양,4735,4542,9277
20211111,경원선,양주,8185,7707,15892
20211111,경원선,덕계,3182,2869,6051
20211111,경원선,덕정,5861,5551,11412
20211111,경원선,지행,6726,6708,13434
20211111,경원선,동두천중앙,3126,2974,6100
20211111,경원선,보산,1905,1604,3509
20211111,경원선,동두천,2126,2365,4491
20211111,경원선,소요산,2718,2418,5136
20211111,경의선,신촌,885,1096,1981
20211111,분당선,서울숲,11558,11931,23489
20211111,일산선,대곡,2050,1693,3743
20211111,분당선,강남구청,10322,11915,22237
20211111,중앙선,양수,1762,1815,3577
20211111,중앙선,신원,192,171,363
20211111,중앙선,국수,672,699,1371
20211111,중앙선,아신,509,562,1071
20211111,중앙선,오빈,314,319,633
20211111,중앙선,양평,2424,2474,4898
20211111,중앙선,운길산,741,669,1410
20211111,중앙선,원덕,329,337,666
20211111,중앙선,지평,68,79,147
20211111,2호선,대림,24307,24801,49108
20211111,2호선,구로디지털단지,62666,62396,125062
20211111,2호선,신대방,26938,26001,52939
20211111,2호선,신림,64055,61947,126002
20211111,2호선,봉천,24118,21993,46111
20211111,중앙선,용문,1858,1951,3809
20211111,중앙선,팔당,883,925,1808
20211111,중앙선,도심,2430,1885,4315
20211111,중앙선,덕소,5837,4598,10435
20211111,장항선,봉명,1206,1124,2330
20211111,장항선,쌍용,2690,2398,5088
20211111,장항선,아산,3430,3127,6557
20211111,장항선,탕정,343,298,641
20211111,장항선,배방,1023,982,2005
20211111,장항선,온양온천,3427,3489,6916
20211111,장항선,신창,2566,2186,4752
20211111,중앙선,회기,25277,24259,49536
20211111,중앙선,중랑,5786,5501,11287
20211111,중앙선,상봉,6154,6001,12155
20211111,중앙선,망우,7878,7695,15573
20211111,중앙선,양원,1874,1767,3641
20211111,중앙선,구리,13720,13624,27344
20211111,중앙선,도농,10579,9562,20141
20211111,중앙선,양정,819,732,1551
20211111,2호선,서울대입구,48806,48142,96948
20211111,2호선,낙성대,27578,26447,54025
20211111,2호선,사당,38848,42630,81478
20211111,2호선,방배,18561,19502,38063
20211111,2호선,동대문역사문화공원,12224,13960,26184
20211111,2호선,을지로4가,13569,13491,27060
20211111,2호선,을지로3가,23063,22946,46009
20211111,2호선,을지로입구,40141,41036,81177
20211111,2호선,시청,24865,24005,48870
20211111,1호선,청량리,20208,20259,40467
20211111,1호선,제기동,17639,17933,35572
20211111,1호선,신설동,14270,13775,28045
20211111,1호선,동대문,11233,10508,21741
20211111,1호선,종로5가,22670,22418,45088
20211111,1호선,종로3가,26177,24087,50264
20211111,1호선,종각,36072,35367,71439
20211111,1호선,시청,23481,23732,47213
20211111,1호선,동묘앞,7638,8103,15741
20211111,1호선,서울역,45900,44348,90248
20211111,2호선,신당,14028,14355,28383
20211111,일산선,대화,19067,17914,36981
20211111,2호선,상왕십리,14732,14311,29043
20211111,2호선,한양대,8854,9450,18304
20211111,2호선,서초,23413,21781,45194
20211111,2호선,교대,35814,40990,76804
20211111,2호선,강남,84684,84623,169307
20211111,2호선,역삼,54946,61146,116092
20211111,2호선,선릉,58878,52658,111536
20211111,2호선,삼성,57622,58393,116015
20211111,2호선,종합운동장,7419,8021,15440
20211111,2호선,잠실새내,21370,21427,42797
20211111,2호선,잠실,69667,70025,139692
20211111,2호선,잠실나루,15033,14533,29566
20211111,2호선,강변,30863,29293,60156
20211111,2호선,구의,24125,23631,47756
20211111,2호선,건대입구,35212,38578,73790
20211111,2호선,성수,38353,41888,80241
20211111,2호선,뚝섬,22792,24341,47133
20211111,2호선,왕십리,16138,13742,29880
20211111,일산선,주엽,9500,9364,18864
20211111,일산선,정발산,7493,7661,15154
20211111,일산선,마두,8082,8342,16424
20211111,분당선,망포,14784,13743,28527
20211111,분당선,매탄권선,4963,4694,9657
20211111,분당선,수원시청,12529,13621,26150
20211111,분당선,매교,2704,2794,5498
20211111,수인선,고색,4440,4202,8642
20211111,수인선,오목천,3247,3018,6265
20211111,수인선,어천,749,733,1482
20211111,수인선,야목,319,253,572
20211111,수인선,사리,4703,4174,8877
20211111,수인선,달월,101,61,162
20211111,수인선,월곶,2623,2486,5109
20211111,수인선,소래포구,5695,5336,11031
20211111,수인선,인천논현,5481,5804,11285
20211111,수인선,호구포,4022,4247,8269
20211111,수인선,남동인더스파크,2268,2575,4843
20211111,분당선,영통,8373,8572,16945
20211111,수인선,원인재,4479,4677,9156
20211111,분당선,청명,4337,4029,8366
20211111,분당선,기흥,10120,9432,19552
20211111,분당선,선정릉,8442,8990,17432
20211111,분당선,가천대,9007,9964,18971
20211111,분당선,태평,13697,13078,26775
20211111,분당선,모란,20181,20439,40620
20211111,분당선,야탑,26602,27461,54063
20211111,분당선,서현,24420,25087,49507
20211111,분당선,수내,13574,13494,27068
20211111,분당선,정자,17716,19000,36716
20211111,분당선,미금,15430,16422,31852
20211111,분당선,오리,12230,10134,22364
20211111,분당선,이매,5568,5369,10937
20211111,분당선,보정,2583,2305,4888
20211111,분당선,죽전,13951,15219,29170
20211111,분당선,구성,5345,5513,10858
20211111,분당선,신갈,4660,4570,9230
20211111,분당선,상갈,5642,5292,10934
20211111,분당선,압구정로데오,18947,21315,40262
20211111,수인선,연수,4523,4530,9053
20211111,수인선,인하대,6324,5904,12228
20211111,우이신설선,가오리,4132,4028,8160
20211111,우이신설선,화계,3481,3184,6665
20211111,우이신설선,삼양,2052,2056,4108
20211111,우이신설선,삼양사거리,2411,2489,4900
20211111,우이신설선,솔샘,5982,5470,11452
20211111,우이신설선,북한산보국문,6006,5741,11747
20211111,우이신설선,정릉,4785,4344,9129
20211111,우이신설선,성신여대입구,3335,3642,6977
20211111,우이신설선,보문,1497,1459,2956
20211111,우이신설선,신설동,2180,2179,4359
20211111,일산선,원흥,11064,10301,21365
20211111,일산선,삼송,19525,18885,38410
20211111,일산선,원당,11846,11162,23008
20211111,일산선,화정,17725,18118,35843
20211111,일산선,백석,10372,10386,20758
20211111,우이신설선,4.19민주묘지,3002,2855,5857
20211111,수인선,송도,2495,2356,4851
20211111,우이신설선,솔밭공원,2549,2392,4941
20211111,안산선,수리산,4443,3488,7931
20211111,수인선,숭의,4123,3778,7901
20211111,수인선,신포,1738,1717,3455
20211111,수인선,인천,947,1673,2620
20211111,안산선,산본,16130,17389,33519
20211111,안산선,대야미,5101,4493,9594
20211111,안산선,반월,4337,4107,8444
20211111,안산선,상록수,16430,16410,32840
20211111,안산선,한대앞,9841,9804,19645
20211111,안산선,중앙,18317,19171,37488
20211111,안산선,고잔,9238,8867,18105
20211111,안산선,초지,5019,5367,10386
20211111,안산선,안산,11459,10441,21900
20211111,안산선,신길온천,1725,1616,3341
20211111,안산선,정왕,9904,10172,20076
20211111,안산선,오이도,8286,8075,16361
20211111,우이신설선,북한산우이,2916,2656,5572
20211111,경부선,명학,9700,9572,19272
20211111,경부선,안양,24940,24798,49738
20211111,경부선,석수,10249,9051,19300
20211111,5호선,공덕,14882,15869,30751
20211111,5호선,애오개,7007,7118,14125
20211111,5호선,충정로,5061,5137,10198
20211111,5호선,서대문,20006,20718,40724
20211111,5호선,광화문,31220,32923,64143
20211111,5호선,종로3가,12778,12943,25721
20211111,5호선,마포,15056,15551,30607
20211111,5호선,을지로4가,6297,6429,12726
20211111,5호선,청구,4136,3762,7898
20211111,5호선,신금호,6674,6839,13513
20211111,5호선,행당,8342,7369,15711
20211111,5호선,왕십리,4572,5345,9917
20211111,5호선,마장,5868,5494,11362
20211111,5호선,답십리,16294,14889,31183
20211111,5호선,동대문역사문화공원,3082,3634,6716
20211111,5호선,여의나루,8743,10317,19060
20211111,5호선,여의도,29694,30992,60686
20211111,5호선,신길,4234,4608,8842
20211111,5호선,방화,6830,6521,13351
20211111,5호선,개화산,5539,5229,10768
20211111,5호선,김포공항,7570,6931,14501
20211111,5호선,송정,6886,6407,13293
20211111,5호선,마곡,11174,11037,22211
20211111,5호선,발산,21076,21889,42965
20211111,5호선,우장산,14492,14453,28945
20211111,5호선,화곡,28868,26773,55641
20211111,5호선,까치산,29526,28085,57611
20211111,5호선,신정,14179,11395,25574
20211111,5호선,목동,17076,18501,35577
20211111,5호선,오목교,22062,23858,45920
20211111,5호선,양평,7645,7536,15181
20211111,5호선,영등포구청,3838,4037,7875
20211111,5호선,영등포시장,10249,10538,20787
20211111,5호선,장한평,19405,19010,38415
20211111,5호선,군자,11577,12619,24196
20211111,5호선,아차산,14885,14346,29231
20211111,5호선,광나루,13681,12485,26166
20211111,6호선,응암,18080,17672,35752
20211111,6호선,역촌,3892,4554,8446
20211111,6호선,불광,4388,4263,8651
20211111,6호선,독바위,2800,2870,5670
20211111,6호선,연신내,1,0,1
20211111,6호선,구산,7794,6044,13838
20211111,6호선,새절,13358,12393,25751
20211111,6호선,증산,10444,10303,20747
20211111,6호선,디지털미디어시티,14245,15503,29748
20211111,6호선,월드컵경기장,4234,4533,8767
20211111,6호선,마포구청,14711,13078,27789
20211111,6호선,망원,13978,14883,28861
20211111,6호선,합정,13135,13104,26239
20211111,6호선,상수,8265,9391,17656
20211111,6호선,광흥창,9198,8855,18053
20211111,5호선,하남검단산,5201,4885,10086
20211111,4호선,쌍문,29814,27047,56861
20211111,5호선,하남시청,6090,6008,12098
20211111,5호선,미사,16150,15895,32045
20211111,5호선,천호,18197,18119,36316
20211111,5호선,강동,18665,17975,36640
20211111,5호선,길동,8177,8388,16565
20211111,5호선,굽은다리,9716,9066,18782
20211111,5호선,명일,8817,9013,17830
20211111,5호선,고덕,9598,9585,19183
20211111,5호선,상일동,16073,14379,30452
20211111,5호선,둔촌동,8885,8889,17774
20211111,5호선,올림픽공원,4611,4043,8654
20211111,5호선,방이,7247,7588,14835
20211111,5호선,오금,3803,3799,7602
20211111,5호선,개롱,6695,6923,13618
20211111,5호선,거여,9261,8640,17901
20211111,5호선,마천,6948,6788,13736
20211111,5호선,강일,3864,3822,7686
20211111,5호선,하남풍산,4369,4319,8688
20211111,4호선,노원,18809,21378,40187
20211111,4호선,상계,19439,17887,37326
20211111,4호선,당고개,13156,11604,24760
20211111,3호선,구파발,21281,20267,41548
20211111,3호선,연신내,37442,35394,72836
20211111,3호선,불광,17034,18131,35165
20211111,3호선,녹번,16110,14390,30500
20211111,3호선,홍제,18005,16860,34865
20211111,3호선,무악재,4118,4184,8302
20211111,3호선,독립문,7218,7679,14897
20211111,3호선,경복궁,23054,23093,46147
20211111,3호선,안국,22163,23234,45397
20211111,3호선,종로3가,10285,11744,22029
20211111,3호선,을지로3가,11013,11458,22471
20211111,3호선,동대입구,8155,8713,16868
20211111,3호선,약수,13021,12807,25828
20211111,3호선,금호,8189,7642,15831
20211111,3호선,옥수,9267,9527,18794
20211111,3호선,지축,4668,4329,8997
20211111,3호선,압구정,30838,33180,64018
20211111,2호선,용두,2383,2503,4886
20211111,2호선,양천구청,6974,7358,14332
20211111,경부선,관악,7445,6817,14262
20211111,2호선,신도림,49512,49164,98676
20211111,2호선,문래,22347,22777,45124
20211111,2호선,영등포구청,23931,24284,48215
20211111,2호선,당산,19067,22215,41282
20211111,2호선,합정,32205,34282,66487
20211111,2호선,홍대입구,52503,56251,108754
20211111,2호선,신촌,32783,34079,66862
20211111,2호선,이대,14150,14990,29140
20211111,2호선,아현,10531,10198,20729
20211111,2호선,충정로,10167,10769,20936
20211111,2호선,용답,2771,2856,5627
20211111,2호선,신답,1735,1941,3676
20211111,2호선,신설동,3295,3238,6533
20211111,2호선,도림천,1289,1370,2659
20211111,2호선,신정네거리,10537,10913,21450
20211111,6호선,대흥,8138,8291,16429
20211111,3호선,신사,30853,32776,63629
20211111,3호선,고속터미널,40036,39147,79183
20211111,4호선,혜화,33294,33702,66996
20211111,4호선,동대문,20190,20902,41092
20211111,4호선,동대문역사문화공원,15267,14180,29447
20211111,4호선,충무로,27942,28996,56938
20211111,4호선,명동,18311,19494,37805
20211111,4호선,회현,24005,25616,49621
20211111,4호선,서울역,11570,17073,28643
20211111,4호선,숙대입구,13310,13007,26317
20211111,4호선,삼각지,5320,6122,11442
20211111,4호선,신용산,17100,17977,35077
20211111,4호선,이촌,7059,7809,14868
20211111,4호선,동작,1720,2019,3739
20211111,4호선,총신대입구,19070,20640,39710
20211111,4호선,사당,26047,22203,48250
20211111,4호선,남태령,1315,1130,2445
20211111,4호선,한성대입구,13888,13960,27848
20211111,3호선,잠원,4928,4940,9868
20211111,4호선,성신여대입구,20734,20061,40795
20211111,4호선,미아사거리,27753,26644,54397
20211111,3호선,교대,15421,9918,25339
20211111,3호선,남부터미널,30058,30360,60418
20211111,3호선,양재,40253,44170,84423
20211111,3호선,매봉,13041,12595,25636
20211111,3호선,도곡,5457,5769,11226
20211111,3호선,대치,10717,10759,21476
20211111,3호선,학여울,3012,3133,6145
20211111,3호선,대청,10098,9289,19387
20211111,3호선,일원,10294,10022,20316
20211111,3호선,수서,17373,17751,35124
20211111,3호선,가락시장,9215,9272,18487
20211111,3호선,경찰병원,7745,7720,15465
20211111,3호선,오금,6505,5756,12261
20211111,4호선,수유,34295,34003,68298
20211111,4호선,미아,14738,14442,29180
20211111,4호선,길음,20673,20117,40790
20211111,6호선,공덕,19135,18477,37612
20211111,4호선,창동,25825,27361,53186
20211111,6호선,삼각지,6352,5609,11961
20211111,9호선,증미,7521,7405,14926
20211111,9호선,등촌,11806,11576,23382
20211111,9호선,염창,17723,17008,34731
20211111,9호선,신목동,4267,3693,7960
20211111,9호선,선유도,8864,8364,17228
20211111,9호선,당산,18822,18762,37584
20211111,9호선,국회의사당,16465,17107,33572
20211111,9호선,여의도,28442,27364,55806
20211111,9호선,샛강,6069,6395,12464
20211111,9호선,노량진,27280,26374,53654
20211111,9호선,노들,4584,3885,8469
20211111,9호선,흑석,7981,8286,16267
20211111,9호선,동작,1858,1508,3366
20211111,9호선,구반포,1909,1920,3829
20211111,9호선,신반포,3335,3324,6659
20211111,9호선,가양,21057,20362,41419
20211111,9호선,고속터미널,12142,15789,27931
20211111,9호선,양천향교,10091,10285,20376
20211111,9호선,신방화,7158,6651,13809
20211111,8호선,석촌,7948,9099,17047
20211111,8호선,송파,7772,7703,15475
20211111,8호선,가락시장,8145,8880,17025
20211111,8호선,문정,22561,23834,46395
20211111,8호선,장지,17602,16760,34362
20211111,8호선,복정,11755,10120,21875
20211111,8호선,산성,5962,5899,11861
20211111,8호선,남한산성입구,14336,12983,27319
20211111,8호선,단대오거리,10656,10250,20906
20211111,8호선,신흥,4200,4535,8735
20211111,8호선,수진,5308,4706,10014
20211111,8호선,모란,4302,3368,7670
20211111,9호선,개화,2739,1894,4633
20211111,9호선,김포공항,7577,12268,19845
20211111,9호선,공항시장,3029,3328,6357
20211111,9호선,마곡나루,12284,12223,24507
20211111,8호선,잠실,14106,16892,30998
20211111,9호선,사평,3625,3455,7080
20211111,9호선2~3단계,언주,10820,11031,21851
20211111,경강선,이천,2507,2666,5173
20211111,경강선,부발,1978,1938,3916
20211111,경강선,세종대왕릉,344,337,681
20211111,경강선,여주,2526,2405,4931
20211111,경부선,서울역,5934,1990,7924
20211111,경부선,남영,9380,9716,19096
20211111,경부선,용산,34962,35363,70325
20211111,경부선,노량진,9169,9321,18490
20211111,경부선,대방,13658,14005,27663
20211111,경부선,영등포,37963,39383,77346
20211111,경부선,신도림,4158,4286,8444
20211111,경부선,신길,9243,7900,17143
20211111,경부선,구로,18974,19561,38535
20211111,경부선,가산디지털단지,18560,21651,40211
20211111,6호선,효창공원앞,7238,6488,13726
20211111,경강선,신둔도예촌,1502,1347,2849
20211111,9호선,신논현,32027,32186,64213
20211111,경강선,곤지암,2602,2516,5118
20211111,경강선,경기광주,7711,7163,14874
20211111,9호선2~3단계,선정릉,9877,11037,20914
20211111,9호선2~3단계,삼성중앙,6947,7502,14449
20211111,9호선2~3단계,봉은사,18741,19359,38100
20211111,9호선2~3단계,종합운동장,4313,4208,8521
20211111,9호선2~3단계,삼전,6992,6755,13747
20211111,9호선2~3단계,석촌고분,6105,6052,12157
20211111,9호선2~3단계,석촌,8508,7426,15934
20211111,9호선2~3단계,송파나루,5008,5266,10274
20211111,9호선2~3단계,한성백제,2732,2456,5188
20211111,9호선2~3단계,올림픽공원,6427,6302,12729
20211111,9호선2~3단계,둔촌오륜,1057,993,2050
20211111,9호선2~3단계,중앙보훈병원,11145,9814,20959
20211111,경강선,판교,4677,4706,9383
20211111,경강선,이매,1078,925,2003
20211111,경강선,삼동,2435,2137,4572
20211111,경강선,초월,3181,2960,6141
20211111,8호선,몽촌토성,6381,6515,12896
20211111,경부선,금천구청,12157,12043,24200
20211111,6호선,봉화산,9257,8409,17666
20211111,7호선,장암,2440,979,3419
20211111,7호선,도봉산,9580,10926,20506
20211111,7호선,수락산,12964,12613,25577
20211111,7호선,마들,13195,12547,25742
20211111,7호선,노원,19051,20377,39428
20211111,7호선,중계,14615,13274,27889
20211111,8호선,강동구청,10791,11128,21919
20211111,7호선,하계,18170,16909,35079
20211111,7호선,태릉입구,8567,8213,16780
20211111,7호선,중화,11248,11031,22279
20211111,7호선,상봉,17449,16403,33852
20211111,7호선,면목,16798,16196,32994
20211111,7호선,사가정,16662,16519,33181
20211111,7호선,용마산,6465,6212,12677
20211111,7호선,공릉,12171,12057,24228
20211111,6호선,화랑대,12161,9257,21418
20211111,6호선,태릉입구,5672,6007,11679
20211111,6호선,석계,12368,12959,25327
20211111,6호선,녹사평,4606,4623,9229
20211111,6호선,이태원,10083,10727,20810
20211111,6호선,한강진,7796,9163,16959
20211111,6호선,버티고개,1906,1915,3821
20211111,6호선,약수,3852,3782,7634
20211111,6호선,청구,3908,4143,8051
20211111,6호선,신당,7949,8433,16382
20211111,6호선,동묘앞,7786,7969,15755
20211111,6호선,창신,3708,3049,6757
20211111,6호선,보문,7434,6873,14307
20211111,6호선,안암,10824,10829,21653
20211111,6호선,고려대,8213,7811,16024
20211111,6호선,월곡,11765,11411,23176
20211111,6호선,상월곡,6503,5767,12270
20211111,6호선,돌곶이,9533,8796,18329
20211111,7호선,중곡,10587,9875,20462
20211111,7호선,군자,15103,12302,27405
20211111,7호선,먹골,10343,9860,20203
20211111,7호선,건대입구,12576,13087,25663
20211111,7호선,철산,21889,22494,44383
20211111,7호선,광명사거리,23073,22749,45822
20211111,7호선,천왕,11948,11166,23114
20211111,7호선,온수,11181,10454,21635
20211111,7호선,까치울,8137,7617,15754
20211111,7호선,어린이대공원,13099,13034,26133
20211111,7호선,춘의,10323,10249,20572
20211111,7호선,신중동,14718,14721,29439
20211111,7호선,부천시청,13028,13030,26058
20211111,7호선,상동,13586,14101,27687
20211111,7호선,삼산체육관,5485,4937,10422
20211111,7호선,굴포천,9644,9899,19543
20211111,7호선,부평구청,7894,6952,14846
20211111,8호선,암사,19518,17138,36656
20211111,8호선,천호,15066,17196,32262
20211111,7호선,가산디지털단지,48332,48414,96746
20211111,7호선,남구로,16406,17311,33717
20211111,7호선,부천종합운동장,4853,4186,9039
20211111,7호선,신풍,11839,11262,23101
20211111,7호선,대림,7901,7910,15811
20211111,7호선,청담,19993,22742,42735
20211111,7호선,강남구청,16942,18875,35817
20211111,7호선,학동,25292,27123,52415
20211111,7호선,논현,20755,22769,43524
20211111,7호선,반포,5975,5620,11595
20211111,7호선,고속터미널,15700,13644,29344
20211111,7호선,뚝섬유원지,7684,7493,15177
20211111,7호선,이수,16004,15486,31490
20211111,7호선,남성,11214,10395,21609
20211111,7호선,숭실대입구,13343,13458,26801
20211111,7호선,상도,10822,10327,21149
20211111,7호선,장승배기,9717,9269,18986
20211111,7호선,신대방삼거리,16836,16209,33045
20211111,7호선,보라매,10154,10124,20278
20211111,7호선,내방,15124,15370,30494
20211112,경원선,소요산,2856,2503,5359
20211112,경의선,서울역,3245,5702,8947
20211112,경의선,신촌,891,1148,2039
20211112,경의선,효창공원앞,3033,3369,6402
20211112,경의선,공덕,3763,3317,7080
20211112,경의선,서강대,2216,2172,4388
20211112,경의선,홍대입구,1801,2199,4000
20211112,경의선,화전,2075,1856,3931
20211112,경의선,디지털미디어시티,2745,2432,5177
20211112,경의선,수색,2795,2923,5718
20211112,경의선,강매,3310,2833,6143
20211112,경의선,행신,8506,8590,17096
20211112,경의선,능곡,3920,3612,7532
20211112,경의선,곡산,629,654,1283
20211112,경원선,동두천,2127,2428,4555
20211112,경의선,가좌,5651,5297,10948
20211112,경원선,보산,2124,1750,3874
20211112,경춘선,사릉,3548,3381,6929
20211112,경원선,지행,7010,6956,13966
20211112,경원선,석계,8654,9627,18281
20211112,경원선,광운대,8599,8202,16801
20211112,경원선,월계,7138,6596,13734
20211112,경원선,녹천,4658,3865,8523
20211112,경원선,방학,9795,9425,19220
20211112,경원선,도봉,6230,5993,12223
20211112,경원선,도봉산,7853,4956,12809
20211112,경원선,망월사,7981,7980,15961
20211112,경원선,회룡,12938,12627,25565
20211112,경원선,의정부,19138,20583,39721
20211112,경원선,가능,6765,6377,13142
20211112,경원선,녹양,4761,4468,9229
20211112,경원선,양주,8246,7689,15935
20211112,경원선,덕계,3208,2873,6081
20211112,경원선,덕정,5933,5496,11429
20211112,경원선,동두천중앙,3123,3099,6222
20211112,경의선,백마,7459,6814,14273
20211112,경춘선,퇴계원,3817,3455,7272
20211112,경의선,일산,9414,9305,18719
20211112,경인선,제물포,10997,10297,21294
20211112,경인선,동인천,14622,14005,28627
20211112,경인선,인천,3580,2656,6236
20211112,경인선,구일,6631,6471,13102
20211112,경인선,소사,8821,8532,17353
20211112,경인선,부개,8824,8005,16829
20211112,경인선,간석,6007,5674,11681
20211112,경인선,도원,2603,2687,5290
20211112,경인선,온수,6837,6427,13264
20211112,경인선,중동,9621,8935,18556
20211112,경인선,도화,4204,3778,7982
20211112,경춘선,신내,2067,1868,3935
20211112,경춘선,갈매,3266,2716,5982
20211112,경춘선,별내,3568,3421,6989
20211112,경원선,신이문,8742,7772,16514
20211112,경인선,주안,19904,17708,37612
20211112,경의선,풍산,5745,5556,11301
20211112,경인선,동암,15179,15546,30725
20211112,경인선,부평,30818,35047,65865
20211112,경의선,탄현,8097,7670,15767
20211112,경의선,야당,7482,7541,15023
20211112,경의선,운정,7046,6673,13719
20211112,경의선,금릉,4888,4727,9615
20211112,경의선,금촌,6603,6441,13044
20211112,경의선,월롱,2888,2126,5014
20211112,경의선,파주,1146,840,1986
20211112,경의선,문산,5308,5108,10416
20211112,경의선,임진강,5,8,13
20211112,경의선,서울역,1195,296,1491
20211112,경인선,개봉,22350,21888,44238
20211112,경인선,오류동,12302,11243,23545
20211112,경인선,역곡,28960,27957,56917
20211112,경인선,부천,33451,34175,67626
20211112,경인선,송내,27844,27503,55347
20211112,경인선,백운,7336,7075,14411
20211112,경원선,외대앞,9152,8828,17980
20211112,경부선,가산디지털단지,18697,21411,40108
20211112,경원선,왕십리,15141,16878,32019
20211112,경강선,삼동,2457,2136,4593
20211112,경강선,경기광주,7870,7295,15165
20211112,경강선,초월,3352,3003,6355
20211112,경강선,곤지암,2557,2436,4993
20211112,경강선,신둔도예촌,1665,1445,3110
20211112,경강선,이천,2913,3127,6040
20211112,경강선,이매,1168,970,2138
20211112,경강선,부발,2829,2021,4850
20211112,경강선,여주,2366,2539,4905
20211112,경부선,서울역,8440,2763,11203
20211112,경부선,남영,9519,9667,19186
20211112,경부선,용산,40094,42355,82449
20211112,경부선,노량진,9733,10029,19762
20211112,경부선,대방,13394,13264,26658
20211112,경강선,세종대왕릉,353,397,750
20211112,경강선,판교,4636,4789,9425
20211112,9호선2~3단계,중앙보훈병원,10904,9430,20334
20211112,9호선2~3단계,둔촌오륜,1049,967,2016
20211112,9호선,신반포,3509,3412,6921
20211112,9호선,고속터미널,13580,19298,32878
20211112,9호선,사평,3698,3380,7078
20211112,9호선,신논현,34148,35948,70096
20211112,9호선2~3단계,언주,10941,11238,22179
20211112,9호선2~3단계,선정릉,10088,10813,20901
20211112,9호선2~3단계,삼성중앙,6986,7171,14157
20211112,9호선2~3단계,봉은사,19623,20198,39821
20211112,9호선2~3단계,종합운동장,4359,4386,8745
20211112,9호선2~3단계,삼전,7234,6666,13900
20211112,9호선2~3단계,석촌고분,6330,6114,12444
20211112,9호선2~3단계,석촌,8877,7770,16647
20211112,9호선2~3단계,송파나루,5242,5693,10935
20211112,9호선2~3단계,한성백제,2839,2527,5366
20211112,9호선2~3단계,올림픽공원,7478,7344,14822
20211112,경부선,영등포,41199,44124,85323
20211112,경부선,신도림,4189,4289,8478
20211112,경부선,신길,9288,7863,17151
20211112,경부선,구로,19253,20368,39621
20211112,경부선,서정리,8017,6683,14700
20211112,경부선,평택지제,3833,3616,7449
20211112,경부선,평택,13481,13219,26700
20211112,경부선,성환,4295,3731,8026
20211112,경부선,직산,932,881,1813
20211112,경부선,두정,6386,5810,12196
20211112,경부선,천안,6205,6398,12603
20211112,경부선,당정,6433,6073,12506
20211112,경부선,서동탄,1557,1489,3046
20211112,경부선,광명,4000,3578,7578
20211112,경원선,이촌,3827,2936,6763
20211112,경원선,서빙고,2393,2322,4715
20211112,경원선,한남,4264,4162,8426
20211112,경원선,옥수,44,30,74
20211112,경원선,응봉,2008,1704,3712
20211112,경부선,송탄,5090,4503,9593
20211112,경원선,청량리,17583,18189,35772
20211112,경부선,진위,1831,1526,3357
20211112,경부선,오산대,3873,3550,7423
20211112,경부선,금천구청,12272,12203,24475
20211112,경부선,석수,10123,8872,18995
20211112,경부선,관악,7495,6875,14370
20211112,경부선,안양,24607,24687,49294
20211112,경부선,명학,9319,9112,18431
20211112,경부선,금정,27347,27422,54769
20211112,경부선,군포,7945,7814,15759
20211112,경부선,의왕,9360,9143,18503
20211112,경부선,성균관대,15380,14848,30228
20211112,경부선,화서,8040,7676,15716
20211112,경부선,수원,37729,41557,79286
20211112,경부선,독산,18920,19215,38135
20211112,경부선,세류,3247,2914,6161
20211112,경부선,병점,15795,15529,31324
20211112,경부선,세마,2888,2695,5583
20211112,경부선,오산,10762,10494,21256
20211112,경춘선,금곡,1562,1442,3004
20211112,중앙선,용문,1761,2064,3825
20211112,경춘선,천마산,1738,1574,3312
20211112,안산선,정왕,10459,10012,20471
20211112,안산선,오이도,8944,8865,17809
20211112,안산선,수리산,4339,3343,7682
20211112,우이신설선,북한산우이,2899,2569,5468
20211112,우이신설선,솔밭공원,2512,2259,4771
20211112,우이신설선,4.19민주묘지,2922,2750,5672
20211112,우이신설선,가오리,4143,3908,8051
20211112,우이신설선,화계,3395,3090,6485
20211112,우이신설선,삼양,2042,2147,4189
20211112,우이신설선,삼양사거리,2478,2485,4963
20211112,우이신설선,솔샘,5946,5242,11188
20211112,우이신설선,북한산보국문,6305,5580,11885
20211112,우이신설선,정릉,4843,4232,9075
20211112,우이신설선,성신여대입구,3431,3726,7157
20211112,우이신설선,보문,1543,1522,3065
20211112,안산선,신길온천,1808,1668,3476
20211112,우이신설선,신설동,2078,2086,4164
20211112,안산선,안산,11657,10716,22373
20211112,안산선,고잔,9158,8719,17877
20211112,수인선,호구포,4158,4271,8429
20211112,수인선,남동인더스파크,2272,2531,4803
20211112,수인선,원인재,4699,4791,9490
20211112,수인선,연수,4705,4684,9389
20211112,수인선,송도,2617,2405,5022
20211112,수인선,인하대,6396,5893,12289
20211112,수인선,숭의,4101,3740,7841
20211112,수인선,신포,1859,1922,3781
20211112,수인선,인천,1079,1799,2878
20211112,안산선,산본,16516,17971,34487
20211112,안산선,대야미,5254,4490,9744
20211112,안산선,반월,4465,4191,8656
20211112,안산선,상록수,16772,16774,33546
20211112,안산선,한대앞,10282,9905,20187
20211112,안산선,중앙,18733,20335,39068
20211112,안산선,초지,4889,5206,10095
20211112,수인선,인천논현,5696,6067,11763
20211112,일산선,원흥,10887,10042,20929
20211112,일산선,원당,11774,10957,22731
20211112,중앙선,구리,14101,14132,28233
20211112,중앙선,도농,10576,9611,20187
20211112,중앙선,양정,796,698,1494
20211112,중앙선,덕소,5771,4560,10331
20211112,중앙선,도심,2444,1892,4336
20211112,중앙선,팔당,895,943,1838
20211112,중앙선,운길산,738,742,1480
20211112,중앙선,양수,1802,1868,3670
20211112,중앙선,신원,177,181,358
20211112,중앙선,국수,711,729,1440
20211112,중앙선,아신,518,576,1094
20211112,중앙선,오빈,304,296,600
20211112,중앙선,양평,2660,2824,5484
20211112,중앙선,원덕,319,383,702
20211112,9호선,구반포,1878,2007,3885
20211112,중앙선,양원,1869,1851,3720
20211112,일산선,삼송,19260,18289,37549
20211112,중앙선,망우,8143,7931,16074
20211112,중앙선,중랑,5932,5564,11496
20211112,일산선,화정,17525,17977,35502
20211112,일산선,대곡,1996,1515,3511
20211112,일산선,백석,10250,10106,20356
20211112,일산선,마두,7997,8133,16130
20211112,일산선,정발산,7611,8167,15778
20211112,일산선,주엽,9512,9422,18934
20211112,일산선,대화,13834,10848,24682
20211112,장항선,봉명,1326,1252,2578
20211112,장항선,쌍용,2419,2054,4473
20211112,장항선,아산,4118,3942,8060
20211112,장항선,탕정,361,318,679
20211112,장항선,배방,1178,1105,2283
20211112,장항선,온양온천,3766,4154,7920
20211112,장항선,신창,2788,1982,4770
20211112,중앙선,회기,26201,24534,50735
20211112,중앙선,상봉,6333,6142,12475
20211112,경춘선,평내호평,6303,6370,12673
20211112,수인선,소래포구,5571,5461,11032
20211112,수인선,달월,106,63,169
20211112,공항철도 1호선,청라국제도시,7116,6852,13968
20211112,공항철도 1호선,운서,7082,6747,13829
20211112,공항철도 1호선,공항화물청사,2348,2470,4818
20211112,공항철도 1호선,인천공항1터미널,4035,4196,8231
20211112,공항철도 1호선,인천공항2터미널,2299,2054,4353
20211112,공항철도 1호선,영종,3097,3317,6414
20211112,과천선,선바위,9116,7703,16819
20211112,과천선,경마공원,4375,4346,8721
20211112,과천선,대공원,3327,3555,6882
20211112,과천선,과천,6073,5424,11497
20211112,과천선,정부과천청사,11072,10686,21758
20211112,과천선,인덕원,25456,25950,51406
20211112,과천선,평촌,18531,18117,36648
20211112,과천선,범계,26971,27239,54210
20211112,분당선,선릉,13603,20678,34281
20211112,공항철도 1호선,검암,7147,6929,14076
20211112,분당선,한티,14613,15449,30062
20211112,공항철도 1호선,계양,10729,9736,20465
20211112,공항철도 1호선,마곡나루,8446,8105,16551
20211112,경춘선,마석,4017,3986,8003
20211112,경춘선,대성리,462,553,1015
20211112,경춘선,청평,1597,1759,3356
20211112,경춘선,상천,260,270,530
20211112,경춘선,가평,1869,2140,4009
20211112,경춘선,굴봉산,140,145,285
20211112,경춘선,백양리,85,97,182
20211112,경춘선,강촌,427,510,937
20211112,경춘선,김유정,324,420,744
20211112,경춘선,남춘천,3366,3261,6627
20211112,경춘선,춘천,1840,1440,3280
20211112,공항철도 1호선,서울역,9808,9830,19638
20211112,공항철도 1호선,공덕,2407,3180,5587
20211112,공항철도 1호선,홍대입구,10526,11498,22024
20211112,공항철도 1호선,디지털미디어시티,14410,12781,27191
20211112,공항철도 1호선,김포공항,14207,7653,21860
20211112,수인선,월곶,2613,2455,5068
20211112,분당선,도곡,7339,6360,13699
20211112,분당선,개포동,3895,4085,7980
20211112,분당선,죽전,14594,15657,30251
20211112,분당선,구성,5410,5519,10929
20211112,분당선,신갈,4843,4726,9569
20211112,분당선,기흥,10307,9674,19981
20211112,분당선,상갈,5856,5532,11388
20211112,분당선,청명,4701,4185,8886
20211112,분당선,영통,9301,9267,18568
20211112,분당선,망포,15890,14380,30270
20211112,분당선,수원시청,13412,16029,29441
20211112,분당선,매교,2798,2842,5640
20211112,수인선,고색,4677,4324,9001
20211112,수인선,오목천,3281,2800,6081
20211112,수인선,어천,941,823,1764
20211112,수인선,야목,332,241,573
20211112,수인선,사리,4636,3918,8554
20211112,분당선,보정,2585,2282,4867
20211112,분당선,구룡,2057,1941,3998
20211112,분당선,이매,5740,5531,11271
20211112,분당선,미금,15882,16809,32691
20211112,분당선,대모산입구,4545,4147,8692
20211112,분당선,수서,15050,15960,31010
20211112,분당선,복정,1,0,1
20211112,분당선,수원,8914,8050,16964
20211112,분당선,서울숲,11975,12461,24436
20211112,분당선,압구정로데오,20728,24265,44993
20211112,분당선,강남구청,10762,12200,22962
20211112,분당선,선정릉,8238,8849,17087
20211112,분당선,가천대,8420,8856,17276
20211112,분당선,태평,13968,13207,27175
20211112,분당선,모란,20621,21103,41724
20211112,분당선,야탑,27233,28290,55523
20211112,분당선,서현,25887,26961,52848
20211112,분당선,수내,13645,13685,27330
20211112,분당선,정자,17995,19223,37218
20211112,분당선,오리,12682,10422,23104
20211112,9호선,동작,1982,1609,3591
20211112,중앙선,지평,63,71,134
20211112,9호선,노들,4714,3922,8636
20211112,4호선,미아,14938,14384,29322
20211112,4호선,미아사거리,28584,27207,55791
20211112,4호선,길음,20809,19413,40222
20211112,4호선,성신여대입구,20899,20123,41022
20211112,4호선,한성대입구,14377,14040,28417
20211112,4호선,혜화,34377,35010,69387
20211112,4호선,수유,34952,34695,69647
20211112,4호선,동대문,20384,21267,41651
20211112,4호선,충무로,27975,29314,57289
20211112,4호선,명동,18776,20097,38873
20211112,4호선,회현,24340,25993,50333
20211112,4호선,서울역,11644,19591,31235
20211112,4호선,숙대입구,13913,13775,27688
20211112,4호선,삼각지,5560,6508,12068
20211112,4호선,동대문역사문화공원,15161,14402,29563
20211112,3호선,오금,6626,5797,12423
20211112,3호선,경찰병원,7507,7530,15037
20211112,3호선,가락시장,9424,9203,18627
20211112,3호선,옥수,9519,9700,19219
20211112,3호선,압구정,33159,36208,69367
20211112,3호선,신사,33060,36504,69564
20211112,3호선,잠원,5220,5172,10392
20211112,3호선,고속터미널,47248,50572,97820
20211112,3호선,교대,15458,9882,25340
20211112,3호선,남부터미널,32000,32791,64791
20211112,3호선,양재,41633,43931,85564
20211112,3호선,매봉,13025,12580,25605
20211112,3호선,도곡,5490,5613,11103
20211112,3호선,대치,11107,11162,22269
20211112,3호선,학여울,3108,3083,6191
20211112,3호선,대청,10061,9077,19138
20211112,3호선,일원,10288,9572,19860
20211112,3호선,수서,18425,18801,37226
20211112,4호선,신용산,17354,18667,36021
20211112,4호선,이촌,7759,8411,16170
20211112,4호선,동작,1727,1931,3658
20211112,4호선,총신대입구,19525,21280,40805
20211112,5호선,양평,7577,7111,14688
20211112,5호선,영등포구청,3863,4084,7947
20211112,5호선,영등포시장,10125,10197,20322
20211112,5호선,신길,4159,4423,8582
20211112,5호선,여의도,28662,30827,59489
20211112,5호선,여의나루,9604,11291,20895
20211112,5호선,마포,14893,15359,30252
20211112,5호선,공덕,14564,15965,30529
20211112,5호선,애오개,6923,6925,13848
20211112,5호선,충정로,4870,4812,9682
20211112,5호선,서대문,18788,19417,38205
20211112,5호선,광화문,31123,33160,64283
20211112,5호선,종로3가,13742,14472,28214
20211112,5호선,을지로4가,6177,6420,12597
20211112,5호선,동대문역사문화공원,2941,3527,6468
20211112,5호선,오목교,22174,24047,46221
20211112,3호선,금호,8431,7744,16175
20211112,5호선,목동,17292,17988,35280
20211112,5호선,까치산,29551,27513,57064
20211112,4호선,사당,27134,23773,50907
20211112,4호선,남태령,1419,1096,2515
20211112,4호선,당고개,13196,11853,25049
20211112,4호선,상계,19676,17718,37394
20211112,4호선,노원,19352,22659,42011
20211112,4호선,창동,26369,27922,54291
20211112,4호선,쌍문,30406,26902,57308
20211112,5호선,방화,6733,6249,12982
20211112,5호선,개화산,5655,5147,10802
20211112,5호선,김포공항,7815,7311,15126
20211112,5호선,송정,7006,6509,13515
20211112,5호선,마곡,10687,10358,21045
20211112,5호선,발산,20120,21278,41398
20211112,5호선,우장산,14569,13967,28536
20211112,5호선,화곡,29080,26108,55188
20211112,5호선,신정,14316,11119,25435
20211112,3호선,약수,13291,13194,26485
20211112,3호선,동대입구,8159,8775,16934
20211112,3호선,을지로3가,11245,11924,23169
20211112,2호선,왕십리,16973,14631,31604
20211112,2호선,한양대,8399,8770,17169
20211112,2호선,뚝섬,22918,24210,47128
20211112,2호선,성수,37754,41824,79578
20211112,2호선,건대입구,37227,42113,79340
20211112,2호선,구의,24410,23544,47954
20211112,2호선,강변,33686,33587,67273
20211112,2호선,잠실나루,15056,14107,29163
20211112,2호선,잠실,73019,72900,145919
20211112,2호선,잠실새내,22158,22900,45058
20211112,2호선,종합운동장,7206,7648,14854
20211112,2호선,삼성,58483,59173,117656
20211112,2호선,선릉,57530,51178,108708
20211112,2호선,역삼,52453,58646,111099
20211112,2호선,강남,89317,92082,181399
20211112,2호선,상왕십리,15015,14182,29197
20211112,2호선,교대,35720,40666,76386
20211112,2호선,신당,14180,14488,28668
20211112,2호선,을지로4가,13448,13441,26889
20211112,분당선,매탄권선,5334,5045,10379
20211112,1호선,서울역,50931,50257,101188
20211112,1호선,동묘앞,8066,8304,16370
20211112,1호선,시청,23307,23737,47044
20211112,1호선,종각,36349,35916,72265
20211112,1호선,종로3가,27161,25218,52379
20211112,1호선,종로5가,22730,22714,45444
20211112,1호선,동대문,11168,10415,21583
20211112,1호선,신설동,14346,13926,28272
20211112,1호선,제기동,17534,17676,35210
20211112,1호선,청량리,20333,20732,41065
20211112,2호선,시청,24358,23520,47878
20211112,2호선,을지로입구,40136,41368,81504
20211112,2호선,을지로3가,23425,24040,47465
20211112,2호선,아현,10594,9999,20593
20211112,2호선,동대문역사문화공원,12170,13746,25916
20211112,5호선,청구,4105,3776,7881
20211112,2호선,서초,22873,21057,43930
20211112,2호선,사당,40263,45440,85703
20211112,2호선,도림천,1283,1362,2645
20211112,2호선,양천구청,7053,7318,14371
20211112,2호선,신정네거리,10800,10965,21765
20211112,2호선,용두,2508,2499,5007
20211112,3호선,지축,4656,4379,9035
20211112,3호선,구파발,21281,19991,41272
20211112,3호선,연신내,37729,35419,73148
20211112,3호선,불광,16926,17989,34915
20211112,3호선,녹번,15939,13996,29935
20211112,3호선,홍제,17982,16690,34672
20211112,3호선,무악재,4061,4083,8144
20211112,3호선,독립문,7323,7614,14937
20211112,3호선,경복궁,23487,23851,47338
20211112,3호선,안국,22935,23840,46775
20211112,3호선,종로3가,10363,12431,22794
20211112,2호선,신설동,3529,3525,7054
20211112,2호선,방배,17805,18590,36395
20211112,2호선,신답,1677,1871,3548
20211112,2호선,충정로,10018,10574,20592
20211112,2호선,낙성대,28729,26092,54821
20211112,2호선,서울대입구,50848,48725,99573
20211112,2호선,봉천,24421,21708,46129
20211112,2호선,신림,65638,62568,128206
20211112,2호선,신대방,27163,25677,52840
20211112,2호선,구로디지털단지,62071,61665,123736
20211112,2호선,대림,24128,24753,48881
20211112,2호선,신도림,50042,50537,100579
20211112,2호선,문래,22253,22986,45239
20211112,2호선,영등포구청,23672,24168,47840
20211112,2호선,당산,19471,22637,42108
20211112,2호선,합정,33119,36543,69662
20211112,2호선,홍대입구,57887,65914,123801
20211112,2호선,신촌,34878,35931,70809
20211112,2호선,이대,14459,14825,29284
20211112,2호선,용답,2848,2802,5650
20211112,5호선,신금호,6680,6724,13404
20211112,9호선,흑석,8458,8796,17254
20211112,5호선,왕십리,4775,5705,10480
20211112,7호선,신대방삼거리,16980,15713,32693
20211112,7호선,보라매,10093,9624,19717
20211112,7호선,신풍,11937,11297,23234
20211112,7호선,대림,7817,8014,15831
20211112,7호선,남구로,15963,16786,32749
20211112,7호선,가산디지털단지,47053,46517,93570
20211112,7호선,철산,22066,22997,45063
20211112,7호선,광명사거리,23389,22790,46179
20211112,7호선,천왕,11954,10836,22790
20211112,7호선,온수,10761,10108,20869
20211112,7호선,까치울,8271,7813,16084
20211112,7호선,부천종합운동장,4838,4282,9120
20211112,7호선,춘의,10390,9917,20307
20211112,7호선,신중동,14865,14900,29765
20211112,7호선,부천시청,13379,13432,26811
20211112,7호선,장승배기,9594,9204,18798
20211112,7호선,삼산체육관,5653,4796,10449
20211112,7호선,상도,11001,10176,21177
20211112,7호선,남성,11367,10030,21397
20211112,7호선,사가정,16812,16684,33496
20211112,7호선,용마산,6404,5829,12233
20211112,7호선,중곡,10918,9980,20898
20211112,7호선,군자,15460,12224,27684
20211112,7호선,어린이대공원,13716,13273,26989
20211112,7호선,건대입구,12628,13612,26240
20211112,7호선,뚝섬유원지,7961,7617,15578
20211112,7호선,청담,19309,22532,41841
20211112,7호선,강남구청,16971,19015,35986
20211112,7호선,학동,24639,26408,51047
20211112,7호선,논현,21063,23661,44724
20211112,7호선,반포,5993,5772,11765
20211112,7호선,고속터미널,18368,15006,33374
20211112,7호선,내방,14737,14928,29665
20211112,7호선,이수,16485,15996,32481
20211112,7호선,숭실대입구,13503,13120,26623
20211112,7호선,면목,16844,16012,32856
20211112,7호선,굴포천,9427,9893,19320
20211112,8호선,암사,19254,16632,35886
20211112,9호선,신방화,7187,6811,13998
20211112,9호선,마곡나루,12406,12280,24686
20211112,9호선,양천향교,10018,9713,19731
20211112,9호선,가양,21214,20127,41341
20211112,9호선,증미,7681,7340,15021
20211112,9호선,등촌,12082,11517,23599
20211112,9호선,염창,17917,16973,34890
20211112,9호선,신목동,4216,3662,7878
20211112,9호선,선유도,8738,8251,16989
20211112,9호선,당산,19199,19028,38227
20211112,9호선,국회의사당,17127,17096,34223
20211112,9호선,여의도,28801,26716,55517
20211112,9호선,샛강,6058,6296,12354
20211112,9호선,노량진,28323,27491,55814
20211112,5호선,행당,8359,7306,15665
20211112,9호선,공항시장,3163,3293,6456
20211112,7호선,부평구청,7628,6877,14505
20211112,9호선,김포공항,8845,13878,22723
20211112,8호선,모란,4235,3604,7839
20211112,8호선,천호,15379,18084,33463
20211112,8호선,강동구청,10918,10909,21827
20211112,8호선,몽촌토성,6423,6505,12928
20211112,8호선,잠실,14549,17536,32085
20211112,8호선,석촌,8040,9319,17359
20211112,8호선,송파,7782,7674,15456
20211112,8호선,가락시장,8148,9234,17382
20211112,8호선,문정,22260,23091,45351
20211112,8호선,장지,17927,16595,34522
20211112,8호선,복정,11833,10083,21916
20211112,8호선,산성,5995,5870,11865
20211112,8호선,남한산성입구,14303,12592,26895
20211112,8호선,단대오거리,10848,10018,20866
20211112,8호선,신흥,4331,4562,8893
20211112,8호선,수진,5377,4602,9979
20211112,9호선,개화,2722,1904,4626
20211112,7호선,상봉,17957,16915,34872
20211112,7호선,상동,13635,14536,28171
20211112,7호선,먹골,10442,9871,20313
20211112,5호선,강일,3909,3654,7563
20211112,5호선,미사,16429,16098,32527
20211112,5호선,하남풍산,4328,4349,8677
20211112,5호선,하남시청,6187,6082,12269
20211112,5호선,하남검단산,5407,5143,10550
20211112,6호선,응암,18261,17333,35594
20211112,6호선,역촌,3959,4435,8394
20211112,6호선,불광,4514,4219,8733
20211112,6호선,독바위,2789,2856,5645
20211112,6호선,연신내,1,0,1
20211112,6호선,구산,7818,5713,13531
20211112,6호선,새절,12985,11888,24873
20211112,6호선,증산,10306,9869,20175
20211112,6호선,디지털미디어시티,13826,14929,28755
20211112,6호선,월드컵경기장,4311,4586,8897
20211112,5호선,거여,9335,8496,17831
20211112,6호선,마포구청,14592,12852,27444
20211112,5호선,개롱,6786,6941,13727
20211112,5호선,방이,7369,7675,15044
20211112,7호선,중화,11387,10919,22306
20211112,5호선,답십리,16324,14911,31235
20211112,5호선,장한평,19257,18752,38009
20211112,5호선,군자,11667,13219,24886
20211112,5호선,아차산,14420,13800,28220
20211112,5호선,광나루,13652,12353,26005
20211112,5호선,천호,18856,19246,38102
20211112,5호선,강동,18942,17628,36570
20211112,5호선,길동,8180,8784,16964
20211112,5호선,굽은다리,9773,9054,18827
20211112,5호선,명일,8913,9019,17932
20211112,5호선,고덕,9586,9580,19166
20211112,5호선,상일동,16155,14184,30339
20211112,5호선,둔촌동,8941,8817,17758
20211112,5호선,올림픽공원,4469,4060,8529
20211112,5호선,오금,3689,3709,7398
20211112,6호선,망원,14790,15975,30765
20211112,5호선,마천,6959,6633,13592
20211112,5호선,마장,5796,5335,11131
20211112,6호선,상월곡,6450,5554,12004
20211112,6호선,돌곶이,9838,8764,18602
20211112,6호선,석계,12702,13018,25720
20211112,6호선,태릉입구,5662,6198,11860
20211112,6호선,화랑대,12283,9272,21555
20211112,6호선,봉화산,9002,8362,17364
20211112,7호선,장암,2405,993,3398
20211112,7호선,도봉산,9429,10745,20174
20211112,7호선,수락산,12855,12250,25105
20211112,7호선,마들,13349,12192,25541
20211112,7호선,노원,20061,21722,41783
20211112,7호선,중계,14511,12777,27288
20211112,7호선,하계,18430,16854,35284
20211112,7호선,공릉,12446,12318,24764
20211112,6호선,합정,13978,14113,28091
20211112,6호선,월곡,11573,11248,22821
20211112,6호선,고려대,8137,7724,15861
20211112,7호선,태릉입구,8778,8331,17109
20211112,6호선,보문,7524,6734,14258
20211112,6호선,안암,11446,11083,22529
20211112,6호선,광흥창,9109,8730,17839
20211112,6호선,대흥,8179,8183,16362
20211112,6호선,공덕,19407,18945,38352
20211112,6호선,효창공원앞,7345,6553,13898
20211112,6호선,삼각지,6689,5836,12525
20211112,6호선,녹사평,5066,5443,10509
20211112,6호선,이태원,11477,14726,26203
20211112,6호선,상수,9050,10808,19858
20211112,6호선,버티고개,1946,1856,3802
20211112,6호선,약수,3828,3830,7658
20211112,6호선,청구,3859,4092,7951
20211112,6호선,신당,8100,8571,16671
20211112,6호선,동묘앞,7804,8039,15843
20211112,6호선,창신,3663,2975,6638
20211112,6호선,한강진,8744,10628,19372
20211115,경인선,송내,27183,27003,54186
20211115,경인선,부평,28475,30307,58782
20211115,경인선,백운,7098,6888,13986
20211115,경인선,동암,14827,14637,29464
20211115,경인선,주안,18807,16946,35753
20211115,경인선,온수,6610,6397,13007
20211115,경인선,제물포,10687,10154,20841
20211115,경인선,구일,11643,13266,24909
20211115,경인선,인천,3558,2654,6212
20211115,경인선,소사,9141,8804,17945
20211115,경인선,부개,8651,7921,16572
20211115,경인선,간석,5774,5572,11346
20211115,경인선,도원,2559,2644,5203
20211115,경인선,부천,32761,32628,65389
20211115,경인선,동인천,13549,12811,26360
20211115,경인선,역곡,28150,27777,55927
20211115,경의선,야당,6988,6679,13667
20211115,경의선,임진강,10,8,18
20211115,경인선,중동,9577,8902,18479
20211115,경의선,강매,3289,2820,6109
20211115,경의선,행신,8109,8147,16256
20211115,경의선,능곡,3801,3454,7255
20211115,경의선,곡산,610,621,1231
20211115,경의선,백마,7190,6769,13959
20211115,경의선,풍산,5734,5183,10917
20211115,경의선,일산,9340,9129,18469
20211115,경의선,탄현,7893,7376,15269
20211115,경의선,운정,7194,6571,13765
20211115,경의선,금릉,4774,4549,9323
20211115,경의선,금촌,6401,6232,12633
20211115,경의선,월롱,2678,2592,5270
20211115,경의선,파주,1402,1176,2578
20211115,경의선,문산,4965,4773,9738
20211115,경인선,개봉,21781,21665,43446
20211115,경인선,도화,4175,3801,7976
20211115,과천선,대공원,2825,2936,5761
20211115,경춘선,갈매,3116,2742,5858
20211115,공항철도 1호선,홍대입구,8565,8735,17300
20211115,공항철도 1호선,디지털미디어시티,14308,13035,27343
20211115,공항철도 1호선,마곡나루,8782,8465,17247
20211115,공항철도 1호선,김포공항,12795,7300,20095
20211115,공항철도 1호선,계양,10493,9660,20153
20211115,공항철도 1호선,검암,6869,6653,13522
20211115,공항철도 1호선,청라국제도시,6892,6337,13229
20211115,공항철도 1호선,운서,6529,6577,13106
20211115,공항철도 1호선,공항화물청사,2231,2512,4743
20211115,공항철도 1호선,인천공항1터미널,3508,3678,7186
20211115,공항철도 1호선,인천공항2터미널,2259,2036,4295
20211115,공항철도 1호선,영종,3036,3069,6105
20211115,과천선,선바위,8639,7497,16136
20211115,과천선,경마공원,1050,933,1983
20211115,경의선,화전,1880,1745,3625
20211115,공항철도 1호선,공덕,2305,2983,5288
20211115,경춘선,신내,2035,1842,3877
20211115,공항철도 1호선,서울역,7705,7158,14863
20211115,경춘선,남춘천,2286,2566,4852
20211115,경춘선,별내,3468,3261,6729
20211115,경춘선,퇴계원,3784,3345,7129
20211115,경춘선,사릉,3626,3325,6951
20211115,경춘선,금곡,1568,1479,3047
20211115,경춘선,평내호평,6411,6077,12488
20211115,경춘선,천마산,1674,1537,3211
20211115,경춘선,마석,4005,3800,7805
20211115,경춘선,대성리,516,446,962
20211115,경춘선,청평,1595,1412,3007
20211115,경춘선,상천,265,261,526
20211115,경춘선,가평,1617,1558,3175
20211115,경춘선,굴봉산,140,134,274
20211115,경춘선,백양리,91,86,177
20211115,경춘선,강촌,485,462,947
20211115,경춘선,김유정,310,305,615
20211115,경춘선,춘천,1555,1583,3138
20211115,2호선,역삼,53079,59312,112391
20211115,경부선,용산,33175,33703,66878
20211115,경의선,가좌,5387,5164,10551
20211115,경부선,독산,18719,19619,38338
20211115,경부선,세류,3112,2790,5902
20211115,경부선,병점,14779,14593,29372
20211115,경부선,세마,2815,2610,5425
20211115,경부선,오산대,3714,3473,7187
20211115,경부선,오산,10266,10139,20405
20211115,경부선,진위,1647,1548,3195
20211115,경부선,송탄,4343,4166,8509
20211115,경부선,서정리,7125,6966,14091
20211115,경부선,평택지제,3376,3217,6593
20211115,경부선,평택,12234,11985,24219
20211115,경부선,성환,4960,5276,10236
20211115,경부선,직산,759,751,1510
20211115,경부선,두정,5509,6007,11516
20211115,경부선,천안,5475,5624,11099
20211115,경부선,수원,33585,35549,69134
20211115,경부선,당정,6385,6104,12489
20211115,경부선,화서,8173,7806,15979
20211115,경부선,의왕,9621,9680,19301
20211115,과천선,과천,5670,5304,10974
20211115,경부선,노량진,8426,8834,17260
20211115,경부선,대방,13061,13398,26459
20211115,경부선,영등포,35568,36604,72172
20211115,경부선,신도림,4271,4357,8628
20211115,경부선,신길,9274,7889,17163
20211115,경부선,구로,19212,19280,38492
20211115,경부선,가산디지털단지,19170,22009,41179
20211115,경부선,금천구청,11990,11827,23817
20211115,경부선,석수,10004,8990,18994
20211115,경부선,관악,7291,6753,14044
20211115,경부선,안양,24304,24345,48649
20211115,경부선,명학,9587,9499,19086
20211115,경부선,금정,26788,27416,54204
20211115,경부선,군포,7788,7860,15648
20211115,경부선,성균관대,14934,14961,29895
20211115,경의선,디지털미디어시티,2500,2356,4856
20211115,경부선,서동탄,1530,1304,2834
20211115,경원선,이촌,3682,2853,6535
20211115,경원선,녹양,4502,4319,8821
20211115,경원선,양주,7909,7285,15194
20211115,경원선,덕계,3163,2904,6067
20211115,경원선,덕정,5863,5809,11672
20211115,경원선,지행,6581,6331,12912
20211115,경원선,동두천중앙,3369,3235,6604
20211115,경원선,보산,1424,1240,2664
20211115,경원선,동두천,2131,2378,4509
20211115,경원선,소요산,2822,2363,5185
20211115,경의선,서울역,4473,5594,10067
20211115,경의선,신촌,853,1061,1914
20211115,경의선,효창공원앞,2977,3306,6283
20211115,경의선,공덕,3495,3208,6703
20211115,경의선,서강대,2129,2124,4253
20211115,경의선,홍대입구,1505,1700,3205
20211115,경원선,가능,6705,6297,13002
20211115,경부선,광명,3723,2993,6716
20211115,경원선,의정부,17253,17704,34957
20211115,경원선,망월사,7753,7923,15676
20211115,경원선,서빙고,1958,1803,3761
20211115,경원선,한남,4245,4050,8295
20211115,경원선,옥수,59,43,102
20211115,경원선,응봉,1954,1541,3495
20211115,경원선,왕십리,13252,15054,28306
20211115,경원선,청량리,14638,15299,29937
20211115,경원선,외대앞,8321,8456,16777
20211115,경원선,신이문,8426,7721,16147
20211115,경원선,석계,8222,9403,17625
20211115,경원선,광운대,8556,8373,16929
20211115,경원선,월계,7157,6671,13828
20211115,경원선,녹천,4722,4030,8752
20211115,경원선,방학,9626,9352,18978
20211115,경원선,도봉,6058,5804,11862
20211115,경원선,도봉산,7885,4986,12871
20211115,경원선,회룡,12551,12297,24848
20211115,과천선,정부과천청사,11144,10829,21973
20211115,우이신설선,솔샘,5795,5425,11220
20211115,과천선,평촌,18275,17993,36268
20211115,중앙선,중랑,5608,5282,10890
20211115,중앙선,상봉,5910,5866,11776
20211115,중앙선,망우,7921,7609,15530
20211115,중앙선,양원,1781,1873,3654
20211115,중앙선,구리,13815,13608,27423
20211115,중앙선,도농,10587,9476,20063
20211115,중앙선,양정,781,687,1468
20211115,중앙선,덕소,5776,4481,10257
20211115,중앙선,도심,2466,1907,4373
20211115,중앙선,팔당,843,855,1698
20211115,중앙선,운길산,661,639,1300
20211115,중앙선,양수,1780,1786,3566
20211115,중앙선,신원,178,148,326
20211115,중앙선,국수,661,681,1342
20211115,중앙선,아신,609,624,1233
20211115,중앙선,회기,24068,23563,47631
20211115,중앙선,오빈,301,277,578
20211115,장항선,신창,2207,2532,4739
20211115,장항선,배방,1078,1089,2167
20211115,우이신설선,신설동,2154,2138,4292
20211115,일산선,원흥,10658,10142,20800
20211115,일산선,삼송,18861,18317,37178
20211115,일산선,원당,11473,10842,22315
20211115,일산선,화정,16829,17086,33915
20211115,일산선,대곡,1931,1449,3380
20211115,일산선,백석,9890,9822,19712
20211115,일산선,마두,7939,8112,16051
20211115,일산선,정발산,6758,6920,13678
20211115,일산선,주엽,9136,9025,18161
20211115,일산선,대화,13243,10199,23442
20211115,장항선,봉명,1231,1196,2427
20211115,장항선,쌍용,2556,2535,5091
20211115,장항선,아산,3627,3099,6726
20211115,장항선,탕정,334,312,646
20211115,장항선,온양온천,3620,3629,7249
20211115,우이신설선,보문,1481,1459,2940
20211115,중앙선,양평,2614,2617,5231
20211115,중앙선,용문,3379,3299,6678
20211115,2호선,신당,13275,13688,26963
20211115,2호선,상왕십리,14135,13675,27810
20211115,2호선,왕십리,14899,12437,27336
20211115,2호선,한양대,8458,9463,17921
20211115,2호선,뚝섬,21344,22764,44108
20211115,2호선,성수,35604,38907,74511
20211115,2호선,건대입구,32450,35149,67599
20211115,2호선,구의,23113,23055,46168
20211115,2호선,강변,30138,28723,58861
20211115,2호선,잠실나루,14859,14426,29285
20211115,2호선,잠실,65124,65830,130954
20211115,2호선,잠실새내,20688,20412,41100
20211115,2호선,종합운동장,7162,8050,15212
20211115,2호선,삼성,48320,49338,97658
20211115,경부선,남영,9117,9603,18720
20211115,2호선,동대문역사문화공원,10890,12123,23013
20211115,중앙선,원덕,401,390,791
20211115,2호선,을지로4가,13138,13114,26252
20211115,2호선,을지로입구,37837,39350,77187
20211115,중앙선,지평,68,75,143
20211115,8호선,석촌,7384,8449,15833
20211115,경인선,오류동,11910,11266,23176
20211115,안산선,초지,5255,5538,10793
20211115,1호선,서울역,44615,42446,87061
20211115,1호선,동묘앞,7554,8005,15559
20211115,1호선,시청,21941,22004,43945
20211115,1호선,종각,34956,34287,69243
20211115,1호선,종로3가,25055,22974,48029
20211115,1호선,종로5가,21203,21175,42378
20211115,1호선,동대문,11015,10505,21520
20211115,1호선,신설동,13804,13557,27361
20211115,1호선,제기동,17292,17741,35033
20211115,1호선,청량리,19144,19283,38427
20211115,2호선,시청,22604,21921,44525
20211115,2호선,을지로3가,21999,21835,43834
20211115,과천선,인덕원,24108,25412,49520
20211115,우이신설선,성신여대입구,3209,3465,6674
20211115,우이신설선,북한산보국문,5755,5514,11269
20211115,분당선,정자,17097,18216,35313
20211115,분당선,미금,14947,16152,31099
20211115,분당선,오리,12074,9922,21996
20211115,분당선,이매,5459,5228,10687
20211115,분당선,보정,2501,2203,4704
20211115,분당선,죽전,12389,13587,25976
20211115,분당선,구성,5194,5353,10547
20211115,분당선,신갈,4599,4525,9124
20211115,분당선,기흥,9836,9055,18891
20211115,분당선,상갈,5483,5260,10743
20211115,분당선,청명,4199,4043,8242
20211115,분당선,영통,7951,8163,16114
20211115,분당선,망포,14439,13590,28029
20211115,분당선,매탄권선,4908,4659,9567
20211115,분당선,수원시청,12444,13137,25581
20211115,분당선,수내,13038,12983,26021
20211115,분당선,매교,2731,2753,5484
20211115,분당선,서현,24148,24362,48510
20211115,분당선,모란,19598,19962,39560
20211115,과천선,범계,25192,24667,49859
20211115,분당선,선릉,13651,20888,34539
20211115,분당선,한티,13344,14600,27944
20211115,분당선,도곡,6792,5993,12785
20211115,분당선,구룡,2077,2011,4088
20211115,분당선,개포동,3918,4068,7986
20211115,분당선,대모산입구,4550,4183,8733
20211115,분당선,수서,13794,13855,27649
20211115,분당선,수원,7754,6754,14508
20211115,분당선,서울숲,10842,11248,22090
20211115,분당선,압구정로데오,16797,18678,35475
20211115,분당선,강남구청,10035,11441,21476
20211115,분당선,선정릉,8095,8740,16835
20211115,분당선,가천대,9235,10279,19514
20211115,분당선,태평,13471,12969,26440
20211115,분당선,야탑,25537,26561,52098
20211115,우이신설선,정릉,4583,4193,8776
20211115,수인선,고색,4566,4251,8817
20211115,수인선,어천,780,806,1586
20211115,안산선,한대앞,9726,9845,19571
20211115,안산선,중앙,17701,18378,36079
20211115,안산선,고잔,8943,8363,17306
20211115,안산선,안산,11856,10780,22636
20211115,안산선,신길온천,1798,1600,3398
20211115,안산선,정왕,9707,10375,20082
20211115,안산선,오이도,8420,7974,16394
20211115,안산선,수리산,4343,3576,7919
20211115,우이신설선,북한산우이,2941,2624,5565
20211115,우이신설선,솔밭공원,2468,2356,4824
20211115,우이신설선,4.19민주묘지,2855,2762,5617
20211115,우이신설선,가오리,4107,4139,8246
20211115,우이신설선,화계,3479,3278,6757
20211115,우이신설선,삼양,1986,2061,4047
20211115,우이신설선,삼양사거리,2390,2452,4842
20211115,안산선,상록수,16064,16360,32424
20211115,수인선,오목천,3119,2887,6006
20211115,안산선,반월,4441,4177,8618
20211115,안산선,산본,15900,17068,32968
20211115,수인선,야목,346,265,611
20211115,수인선,사리,4421,3825,8246
20211115,수인선,달월,102,70,172
20211115,수인선,월곶,2553,2419,4972
20211115,수인선,소래포구,5637,5325,10962
20211115,수인선,인천논현,5398,5795,11193
20211115,수인선,호구포,3937,4129,8066
20211115,수인선,남동인더스파크,2241,2530,4771
20211115,수인선,원인재,4493,4699,9192
20211115,수인선,연수,4265,4197,8462
20211115,수인선,송도,2494,2263,4757
20211115,수인선,인하대,6130,5799,11929
20211115,수인선,숭의,4028,3801,7829
20211115,수인선,신포,1755,1731,3486
20211115,수인선,인천,997,1598,2595
20211115,안산선,대야미,5012,4616,9628
20211115,2호선,선릉,57758,51829,109587
20211115,경부선,서울역,6519,1940,8459
20211115,경강선,세종대왕릉,315,288,603
20211115,5호선,발산,19955,20653,40608
20211115,5호선,우장산,14309,14030,28339
20211115,5호선,화곡,28107,26252,54359
20211115,5호선,까치산,28620,27408,56028
20211115,5호선,신정,13696,11110,24806
20211115,5호선,목동,16499,18019,34518
20211115,5호선,마곡,10798,10682,21480
20211115,5호선,오목교,20280,21517,41797
20211115,5호선,영등포구청,3964,4028,7992
20211115,5호선,영등포시장,9662,9918,19580
20211115,5호선,신길,4160,4497,8657
20211115,5호선,여의도,27447,29630,57077
20211115,5호선,여의나루,8473,9060,17533
20211115,5호선,마포,14232,14755,28987
20211115,5호선,양평,7528,7391,14919
20211115,5호선,송정,6568,6110,12678
20211115,5호선,김포공항,7245,6714,13959
20211115,5호선,개화산,5531,5348,10879
20211115,4호선,서울역,11124,16145,27269
20211115,4호선,숙대입구,12659,12388,25047
20211115,4호선,삼각지,4961,5357,10318
20211115,4호선,신용산,16538,17689,34227
20211115,4호선,이촌,6906,7628,14534
20211115,4호선,동작,1890,1977,3867
20211115,4호선,총신대입구,18252,20048,38300
20211115,4호선,사당,24194,20591,44785
20211115,4호선,남태령,1212,1052,2264
20211115,4호선,당고개,12859,11436,24295
20211115,4호선,상계,18764,17180,35944
20211115,4호선,노원,18091,20550,38641
20211115,4호선,창동,25039,26308,51347
20211115,4호선,쌍문,28950,26294,55244
20211115,5호선,방화,6726,6311,13037
20211115,5호선,공덕,13850,14826,28676
20211115,5호선,애오개,6576,6611,13187
20211115,5호선,충정로,5013,5115,10128
20211115,5호선,서대문,19171,20092,39263
20211115,5호선,고덕,9292,9401,18693
20211115,5호선,상일동,15866,14114,29980
20211115,5호선,둔촌동,8444,8424,16868
20211115,5호선,올림픽공원,4225,3748,7973
20211115,5호선,방이,6903,7095,13998
20211115,5호선,오금,3742,3606,7348
20211115,5호선,개롱,6436,6754,13190
20211115,5호선,거여,9059,8520,17579
20211115,5호선,마천,6788,6704,13492
20211115,5호선,강일,3877,3819,7696
20211115,5호선,미사,15814,15629,31443
20211115,5호선,하남풍산,4218,4114,8332
20211115,5호선,하남시청,6027,5852,11879
20211115,5호선,하남검단산,5105,4947,10052
20211115,6호선,응암,17666,17171,34837
20211115,5호선,명일,8624,8819,17443
20211115,4호선,회현,23846,25227,49073
20211115,5호선,굽은다리,9398,8946,18344
20211115,5호선,강동,18480,17659,36139
20211115,5호선,광화문,30189,31710,61899
20211115,5호선,종로3가,11756,11678,23434
20211115,5호선,을지로4가,6227,6367,12594
20211115,5호선,동대문역사문화공원,3024,3448,6472
20211115,5호선,청구,3972,3626,7598
20211115,5호선,신금호,6275,6560,12835
20211115,5호선,행당,8099,7173,15272
20211115,5호선,왕십리,4478,4893,9371
20211115,5호선,마장,5579,5234,10813
20211115,5호선,답십리,15759,14267,30026
20211115,5호선,장한평,18751,18485,37236
20211115,5호선,군자,10856,11854,22710
20211115,5호선,아차산,13844,13604,27448
20211115,5호선,광나루,12793,11674,24467
20211115,5호선,천호,15944,16215,32159
20211115,5호선,길동,7995,8284,16279
20211115,4호선,충무로,25911,27364,53275
20211115,4호선,동대문역사문화공원,13985,13159,27144
20211115,4호선,동대문,20054,20669,40723
20211115,2호선,홍대입구,47250,49757,97007
20211115,2호선,신촌,29109,30103,59212
20211115,2호선,이대,13092,14040,27132
20211115,2호선,아현,10165,9573,19738
20211115,2호선,충정로,9814,10359,20173
20211115,2호선,용답,2765,2803,5568
20211115,2호선,신답,1672,1891,3563
20211115,2호선,신설동,3113,3222,6335
20211115,2호선,도림천,1332,1371,2703
20211115,2호선,양천구청,6869,7189,14058
20211115,2호선,신정네거리,10461,10763,21224
20211115,2호선,용두,2369,2470,4839
20211115,3호선,지축,4657,4333,8990
20211115,3호선,구파발,20798,19618,40416
20211115,3호선,연신내,36074,34145,70219
20211115,2호선,합정,28818,30255,59073
20211115,3호선,불광,16434,17562,33996
20211115,2호선,당산,18325,21321,39646
20211115,2호선,문래,21524,22017,43541
20211115,경강선,여주,2529,2548,5077
20211115,경의선,수색,2947,3100,6047
20211115,2호선,강남,81191,80776,161967
20211115,2호선,교대,33758,38135,71893
20211115,2호선,서초,21768,21402,43170
20211115,2호선,방배,17303,18106,35409
20211115,2호선,사당,35521,38934,74455
20211115,2호선,낙성대,26406,25735,52141
20211115,2호선,서울대입구,46356,46050,92406
20211115,2호선,봉천,23842,22130,45972
20211115,2호선,신림,60992,59574,120566
20211115,2호선,신대방,25972,25300,51272
20211115,2호선,구로디지털단지,61023,61244,122267
20211115,2호선,대림,24311,24512,48823
20211115,2호선,신도림,45741,45086,90827
20211115,2호선,영등포구청,22935,23338,46273
20211115,6호선,역촌,3789,4470,8259
20211115,3호선,녹번,15344,14116,29460
20211115,3호선,무악재,3971,4028,7999
20211115,3호선,대치,10442,10486,20928
20211115,3호선,학여울,1714,1819,3533
20211115,3호선,대청,9890,9152,19042
20211115,3호선,일원,9862,9765,19627
20211115,3호선,수서,16812,17124,33936
20211115,3호선,가락시장,8962,8739,17701
20211115,3호선,경찰병원,7587,7645,15232
20211115,3호선,오금,6267,5599,11866
20211115,4호선,수유,33178,33233,66411
20211115,4호선,미아,14489,14055,28544
20211115,4호선,미아사거리,26739,25598,52337
20211115,4호선,길음,19757,19238,38995
20211115,4호선,성신여대입구,19147,18584,37731
20211115,4호선,한성대입구,13052,12885,25937
20211115,4호선,혜화,28616,29211,57827
20211115,3호선,도곡,5536,5646,11182
20211115,3호선,홍제,17296,16424,33720
20211115,3호선,매봉,12547,12011,24558
20211115,3호선,남부터미널,28576,29193,57769
20211115,3호선,독립문,6783,7024,13807
20211115,3호선,경복궁,21295,21617,42912
20211115,3호선,안국,19894,20637,40531
20211115,3호선,종로3가,10142,11213,21355
20211115,3호선,을지로3가,10623,10871,21494
20211115,3호선,충무로,1,0,1
20211115,3호선,동대입구,7769,8409,16178
20211115,3호선,약수,12347,12335,24682
20211115,3호선,금호,7833,7356,15189
20211115,3호선,옥수,8768,9153,17921
20211115,3호선,압구정,30899,33023,63922
20211115,3호선,신사,29022,30905,59927
20211115,3호선,잠원,4931,4849,9780
20211115,3호선,고속터미널,34148,32341,66489
20211115,3호선,교대,14271,9229,23500
20211115,3호선,양재,38634,42380,81014
20211115,6호선,불광,4109,4116,8225
20211115,4호선,명동,18296,18811,37107
20211115,6호선,연신내,4,0,4
20211115,8호선,산성,5738,5696,11434
20211115,8호선,남한산성입구,13881,12744,26625
20211115,8호선,단대오거리,10422,9969,20391
20211115,8호선,신흥,4094,4436,8530
20211115,8호선,수진,5155,4675,9830
20211115,8호선,모란,4131,3254,7385
20211115,9호선,개화,2775,1880,4655
20211115,9호선,김포공항,7791,11730,19521
20211115,9호선,공항시장,2921,3124,6045
20211115,9호선,신방화,6814,6683,13497
20211115,9호선,마곡나루,11549,11645,23194
20211115,9호선,양천향교,9873,9871,19744
20211115,9호선,가양,20570,20178,40748
20211115,9호선,증미,7374,7292,14666
20211115,9호선,등촌,11601,11524,23125
20211115,8호선,복정,11230,9806,21036
20211115,9호선,염창,17517,16740,34257
20211115,8호선,장지,16469,16050,32519
20211115,8호선,가락시장,7690,8589,16279
20211115,7호선,까치울,7969,7418,15387
20211115,7호선,부천종합운동장,4862,4245,9107
20211115,7호선,춘의,10152,9950,20102
20211115,7호선,신중동,14351,14412,28763
20211115,7호선,부천시청,11912,11794,23706
20211115,7호선,상동,13025,13482,26507
20211115,7호선,삼산체육관,5432,4851,10283
20211115,7호선,굴포천,9179,9462,18641
20211115,7호선,부평구청,7562,6697,14259
20211115,8호선,암사,18934,16625,35559
20211115,8호선,천호,13942,15690,29632
20211115,8호선,강동구청,10381,10808,21189
20211115,8호선,몽촌토성,6615,6649,13264
20211115,8호선,잠실,13259,15881,29140
20211115,8호선,송파,7405,7378,14783
20211115,8호선,문정,22351,23774,46125
20211115,7호선,온수,10726,9764,20490
20211115,9호선,신목동,4123,3646,7769
20211115,9호선,당산,17696,18050,35746
20211115,9호선2~3단계,석촌,8169,7199,15368
20211115,9호선2~3단계,송파나루,4650,4905,9555
20211115,9호선2~3단계,한성백제,2693,2486,5179
20211115,9호선2~3단계,올림픽공원,5964,5974,11938
20211115,9호선2~3단계,둔촌오륜,1025,1011,2036
20211115,9호선2~3단계,중앙보훈병원,10354,9120,19474
20211115,경강선,판교,4168,4118,8286
20211115,경강선,이매,1125,986,2111
20211115,경강선,삼동,2375,2113,4488
20211115,경강선,경기광주,7396,6951,14347
20211115,경강선,초월,3037,2950,5987
20211115,경강선,곤지암,2351,2293,4644
20211115,경강선,신둔도예촌,1535,1408,2943
20211115,경강선,이천,2449,2641,5090
20211115,6호선,독바위,2679,2855,5534
20211115,9호선2~3단계,석촌고분,5908,5744,11652
20211115,9호선,선유도,8558,8298,16856
20211115,9호선2~3단계,삼전,6684,6460,13144
20211115,9호선2~3단계,봉은사,14866,15418,30284
20211115,9호선,국회의사당,16021,16769,32790
20211115,9호선,여의도,26265,25587,51852
20211115,9호선,샛강,5963,6284,12247
20211115,9호선,노량진,26105,25652,51757
20211115,9호선,노들,4406,3744,8150
20211115,9호선,흑석,7967,8484,16451
20211115,9호선,동작,1854,1458,3312
20211115,9호선,구반포,1869,2003,3872
20211115,9호선,신반포,3255,3147,6402
20211115,9호선,고속터미널,11646,14350,25996
20211115,9호선,사평,3402,3325,6727
20211115,9호선,신논현,30547,30708,61255
20211115,9호선2~3단계,언주,10256,10702,20958
20211115,9호선2~3단계,선정릉,9698,10641,20339
20211115,9호선2~3단계,삼성중앙,6837,7279,14116
20211115,9호선2~3단계,종합운동장,3996,3974,7970
20211115,7호선,천왕,11616,10939,22555
20211115,경강선,부발,1913,1994,3907
20211115,6호선,약수,3763,3627,7390
20211115,6호선,청구,3737,3937,7674
20211115,6호선,신당,7475,8016,15491
20211115,6호선,동묘앞,7591,7690,15281
20211115,6호선,창신,3454,2889,6343
20211115,6호선,보문,7046,6514,13560
20211115,6호선,안암,10578,11014,21592
20211115,7호선,광명사거리,22412,21997,44409
20211115,6호선,고려대,7847,7511,15358
20211115,6호선,상월곡,6257,5613,11870
20211115,6호선,석계,12185,12617,24802
20211115,6호선,태릉입구,5362,5755,11117
20211115,6호선,화랑대,11711,9195,20906
20211115,6호선,봉화산,9043,8300,17343
20211115,7호선,장암,2342,888,3230
20211115,6호선,월곡,11818,11615,23433
20211115,6호선,버티고개,1883,1880,3763
20211115,6호선,한강진,6556,7730,14286
20211115,6호선,이태원,8975,9158,18133
20211115,6호선,구산,7583,5702,13285
20211115,6호선,새절,12785,11921,24706
20211115,6호선,증산,10123,9838,19961
20211115,6호선,디지털미디어시티,14120,15158,29278
20211115,6호선,월드컵경기장,4034,4322,8356
20211115,6호선,마포구청,14258,12691,26949
20211115,6호선,망원,13034,13900,26934
20211115,6호선,합정,12002,11952,23954
20211115,6호선,상수,7349,8234,15583
20211115,6호선,광흥창,8864,8518,17382
20211115,6호선,대흥,7702,7972,15674
20211115,6호선,공덕,18426,17913,36339
20211115,6호선,효창공원앞,6813,6168,12981
20211115,6호선,삼각지,5785,5081,10866
20211115,6호선,녹사평,4367,4373,8740
20211115,7호선,도봉산,9566,10915,20481
20211115,7호선,수락산,12556,12282,24838
20211115,6호선,돌곶이,10198,9677,19875
20211115,7호선,노원,18927,20044,38971
20211115,7호선,반포,5810,5562,11372
20211115,7호선,고속터미널,16083,13236,29319
20211115,7호선,내방,14621,14887,29508
20211115,7호선,이수,15445,15046,30491
20211115,7호선,남성,10893,10131,21024
20211115,7호선,마들,12844,12205,25049
20211115,7호선,상도,10618,10278,20896
20211115,7호선,장승배기,9431,9119,18550
20211115,7호선,신대방삼거리,16495,15751,32246
20211115,7호선,보라매,9780,9760,19540
20211115,7호선,신풍,11746,11208,22954
20211115,7호선,대림,8159,8099,16258
20211115,7호선,남구로,16296,17093,33389
20211115,7호선,가산디지털단지,48094,48108,96202
20211115,7호선,철산,21049,21597,42646
20211115,7호선,논현,20546,22377,42923
20211115,7호선,학동,24528,26076,50604
20211115,7호선,숭실대입구,13118,13438,26556
20211115,7호선,청담,19445,21734,41179
20211115,7호선,강남구청,16167,17841,34008
20211115,7호선,하계,17224,16230,33454
20211115,7호선,공릉,11488,11428,22916
20211115,7호선,태릉입구,8242,7922,16164
20211115,7호선,먹골,9982,9708,19690
20211115,7호선,중화,10881,10534,21415
20211115,7호선,상봉,16783,15849,32632
20211115,7호선,중계,14462,13244,27706
20211115,7호선,사가정,16312,16319,32631
20211115,7호선,용마산,6184,5894,12078
20211115,7호선,중곡,10264,9686,19950
20211115,7호선,군자,14662,12094,26756
20211115,7호선,어린이대공원,12528,12326,24854
20211115,7호선,건대입구,11791,12353,24144
20211115,7호선,뚝섬유원지,7692,7330,15022
20211115,7호선,면목,16396,16102,32498
20211116,경부선,대방,13203,13541,26744
20211116,경부선,영등포,36360,37419,73779
20211116,경부선,신도림,4241,4244,8485
20211116,경부선,신길,9343,8012,17355
20211116,경부선,구로,19034,19521,38555
20211116,경부선,가산디지털단지,19068,22258,41326
20211116,경부선,금천구청,12265,12079,24344
20211116,경부선,명학,9852,9689,19541
20211116,경부선,관악,7553,6914,14467
20211116,경부선,안양,24990,24871,49861
20211116,경부선,금정,27438,27772,55210
20211116,경부선,군포,8002,7910,15912
20211116,경부선,의왕,9835,9676,19511
20211116,경부선,성균관대,15172,15010,30182
20211116,경부선,노량진,8939,9038,17977
20211116,경부선,석수,10239,9157,19396
20211116,경부선,용산,31984,32539,64523
20211116,경원선,회룡,12839,12450,25289
20211116,경부선,서울역,5714,1716,7430
20211116,9호선2~3단계,한성백제,2597,2420,5017
20211116,9호선2~3단계,올림픽공원,6152,6095,12247
20211116,9호선2~3단계,둔촌오륜,1032,956,1988
20211116,9호선2~3단계,중앙보훈병원,10764,9426,20190
20211116,경강선,판교,4809,4735,9544
20211116,경강선,이매,1118,938,2056
20211116,경강선,삼동,2417,2241,4658
20211116,경강선,경기광주,7750,7299,15049
20211116,경강선,초월,3137,2958,6095
20211116,경강선,곤지암,2430,2274,4704
20211116,경강선,신둔도예촌,1550,1387,2937
20211116,경강선,이천,2522,2639,5161
20211116,경강선,부발,2027,1995,4022
20211116,경강선,세종대왕릉,319,314,633
20211116,경강선,여주,2537,2520,5057
20211116,경부선,남영,9372,9891,19263
20211116,경부선,화서,8294,7976,16270
20211116,경원선,망월사,8131,8289,16420
20211116,경부선,독산,19177,20054,39231
20211116,경원선,한남,4183,3930,8113
20211116,경원선,옥수,47,33,80
20211116,경원선,응봉,1911,1663,3574
20211116,경원선,왕십리,13583,15516,29099
20211116,경원선,청량리,14719,15308,30027
20211116,경원선,외대앞,8470,8487,16957
20211116,경원선,신이문,8618,7972,16590
20211116,경원선,석계,8328,9517,17845
20211116,경원선,광운대,8570,8306,16876
20211116,경원선,월계,7412,6940,14352
20211116,경원선,녹천,4850,4067,8917
20211116,경원선,방학,9643,9363,19006
20211116,경원선,도봉,6222,6121,12343
20211116,경원선,도봉산,8093,5287,13380
20211116,9호선2~3단계,송파나루,4793,5040,9833
20211116,경원선,서빙고,2280,2360,4640
20211116,경부선,수원,33999,36072,70071
20211116,경원선,이촌,3730,2985,6715
20211116,경부선,서동탄,1497,1312,2809
20211116,경부선,세류,3118,2829,5947
20211116,경부선,병점,14716,14686,29402
20211116,경부선,세마,2802,2602,5404
20211116,경부선,오산대,3915,3671,7586
20211116,경부선,오산,10238,10006,20244
20211116,경부선,진위,1642,1461,3103
20211116,경부선,송탄,4253,4021,8274
20211116,경부선,서정리,7165,6688,13853
20211116,경부선,평택지제,3301,3091,6392
20211116,경부선,평택,11770,11729,23499
20211116,경부선,성환,5311,5316,10627
20211116,경부선,직산,752,750,1502
20211116,경부선,두정,5624,5887,11511
20211116,경부선,천안,5663,5691,11354
20211116,경부선,당정,6436,6078,12514
20211116,경부선,광명,3344,2883,6227
20211116,9호선2~3단계,석촌,8480,7487,15967
20211116,8호선,남한산성입구,14270,13050,27320
20211116,9호선2~3단계,삼전,6833,6597,13430
20211116,7호선,신중동,14552,14553,29105
20211116,7호선,부천시청,12925,12953,25878
20211116,7호선,상동,13203,13720,26923
20211116,7호선,삼산체육관,5569,4964,10533
20211116,7호선,굴포천,9378,9807,19185
20211116,7호선,부평구청,7844,7046,14890
20211116,7호선,춘의,10457,10194,20651
20211116,8호선,암사,19360,16932,36292
20211116,8호선,강동구청,10617,10907,21524
20211116,8호선,몽촌토성,6584,6692,13276
20211116,8호선,잠실,13206,15765,28971
20211116,8호선,석촌,7724,8810,16534
20211116,8호선,송파,7692,7663,15355
20211116,8호선,가락시장,7892,8918,16810
20211116,8호선,천호,14934,17105,32039
20211116,7호선,부천종합운동장,4964,4410,9374
20211116,7호선,까치울,8143,7738,15881
20211116,7호선,온수,11001,10064,21065
20211116,7호선,내방,15002,15209,30211
20211116,7호선,이수,15664,15614,31278
20211116,7호선,남성,11239,10266,21505
20211116,7호선,숭실대입구,13443,13812,27255
20211116,7호선,상도,10756,10283,21039
20211116,7호선,장승배기,9477,9302,18779
20211116,7호선,신대방삼거리,16913,16179,33092
20211116,7호선,보라매,10085,10017,20102
20211116,7호선,신풍,12032,11536,23568
20211116,7호선,대림,7905,7942,15847
20211116,7호선,남구로,16444,17323,33767
20211116,7호선,가산디지털단지,48589,48890,97479
20211116,7호선,철산,21544,22178,43722
20211116,7호선,광명사거리,22897,22269,45166
20211116,7호선,천왕,11912,11171,23083
20211116,8호선,문정,22708,24074,46782
20211116,8호선,장지,17336,16552,33888
20211116,8호선,복정,12018,10323,22341
20211116,8호선,산성,6097,5986,12083
20211116,9호선,샛강,5979,6490,12469
20211116,9호선,노량진,26443,25828,52271
20211116,9호선,노들,4591,3914,8505
20211116,9호선,흑석,8172,8555,16727
20211116,9호선,동작,1906,1538,3444
20211116,9호선,구반포,1884,1935,3819
20211116,9호선,신반포,3270,3192,6462
20211116,9호선,고속터미널,11833,14765,26598
20211116,9호선,사평,3545,3356,6901
20211116,9호선,신논현,31180,31371,62551
20211116,9호선2~3단계,언주,10789,11168,21957
20211116,9호선2~3단계,선정릉,9952,10947,20899
20211116,9호선2~3단계,삼성중앙,7051,7492,14543
20211116,9호선2~3단계,봉은사,15486,15737,31223
20211116,9호선2~3단계,종합운동장,4022,4057,8079
20211116,9호선,여의도,28341,27104,55445
20211116,9호선2~3단계,석촌고분,6067,6010,12077
20211116,9호선,국회의사당,16589,17311,33900
20211116,9호선,선유도,8951,8606,17557
20211116,8호선,단대오거리,10500,10104,20604
20211116,8호선,신흥,4024,4353,8377
20211116,8호선,수진,5126,4554,9680
20211116,8호선,모란,4187,3350,7537
20211116,9호선,개화,2740,1904,4644
20211116,9호선,김포공항,7218,11152,18370
20211116,9호선,공항시장,3009,3197,6206
20211116,9호선,신방화,7009,6775,13784
20211116,9호선,마곡나루,11960,11926,23886
20211116,9호선,양천향교,9961,10138,20099
20211116,9호선,가양,20868,20099,40967
20211116,9호선,증미,7524,7519,15043
20211116,9호선,등촌,12087,11761,23848
20211116,9호선,염창,17487,17080,34567
20211116,9호선,신목동,4174,3717,7891
20211116,9호선,당산,18316,18435,36751
20211116,경원선,의정부,18147,18726,36873
20211116,7호선,고속터미널,15398,13280,28678
20211116,경원선,녹양,4705,4440,9145
20211116,2호선,건대입구,32986,36022,69008
20211116,2호선,성수,37006,40693,77699
20211116,2호선,뚝섬,22328,23747,46075
20211116,2호선,한양대,8914,9794,18708
20211116,2호선,왕십리,15621,13020,28641
20211116,2호선,상왕십리,14242,13855,28097
20211116,2호선,구의,24005,23634,47639
20211116,2호선,신당,13642,14188,27830
20211116,2호선,을지로4가,13383,13322,26705
20211116,2호선,을지로3가,22688,22601,45289
20211116,2호선,을지로입구,39421,40459,79880
20211116,2호선,시청,24349,23603,47952
20211116,1호선,청량리,19510,19524,39034
20211116,1호선,제기동,17600,18188,35788
20211116,2호선,동대문역사문화공원,11351,12885,24236
20211116,2호선,강변,29388,28148,57536
20211116,2호선,잠실나루,15292,14866,30158
20211116,2호선,잠실,66778,66482,133260
20211116,경춘선,퇴계원,3798,3453,7251
20211116,경춘선,별내,3480,3183,6663
20211116,경춘선,갈매,3210,2726,5936
20211116,경춘선,신내,2113,1949,4062
20211116,경인선,도화,4263,3888,8151
20211116,경인선,중동,9838,9174,19012
20211116,경인선,온수,6786,6557,13343
20211116,경인선,도원,2638,2784,5422
20211116,경인선,간석,5878,5746,11624
20211116,경인선,부개,8788,8278,17066
20211116,경인선,소사,9153,8865,18018
20211116,경인선,구일,6685,6648,13333
20211116,경인선,인천,3825,2933,6758
20211116,2호선,종합운동장,7057,7534,14591
20211116,2호선,잠실새내,20983,20896,41879
20211116,1호선,신설동,13602,13340,26942
20211116,1호선,동대문,10946,10397,21343
20211116,1호선,종로5가,22270,22242,44512
20211116,1호선,종로3가,25717,23383,49100
20211116,4호선,한성대입구,13688,13331,27019
20211116,4호선,혜화,31487,31917,63404
20211116,4호선,동대문,20332,20867,41199
20211116,4호선,동대문역사문화공원,14659,13601,28260
20211116,4호선,충무로,27285,28370,55655
20211116,4호선,명동,18440,19417,37857
20211116,4호선,회현,24815,26210,51025
20211116,4호선,서울역,11260,16022,27282
20211116,4호선,숙대입구,13163,13116,26279
20211116,4호선,삼각지,5118,5774,10892
20211116,4호선,신용산,16757,17755,34512
20211116,4호선,이촌,7181,7991,15172
20211116,4호선,동작,1835,2076,3911
20211116,4호선,총신대입구,19012,20331,39343
20211116,4호선,사당,25284,21498,46782
20211116,1호선,시청,22993,23693,46686
20211116,경춘선,사릉,3603,3415,7018
20211116,중앙선,신원,228,192,420
20211116,중앙선,아신,534,526,1060
20211116,1호선,종각,35745,35073,70818
20211116,경인선,동인천,13921,13093,27014
20211116,3호선,가락시장,9310,9068,18378
20211116,3호선,경찰병원,7675,7738,15413
20211116,3호선,오금,6452,5694,12146
20211116,4호선,수유,33687,33475,67162
20211116,4호선,미아,14757,14394,29151
20211116,4호선,미아사거리,27647,26410,54057
20211116,4호선,길음,20748,20031,40779
20211116,4호선,성신여대입구,20029,19397,39426
20211116,중앙선,지평,63,71,134
20211116,중앙선,용문,1793,1829,3622
20211116,중앙선,원덕,363,326,689
20211116,중앙선,양평,2498,2522,5020
20211116,중앙선,오빈,308,292,600
20211116,중앙선,국수,639,643,1282
20211116,경춘선,금곡,1571,1502,3073
20211116,2호선,삼성,52310,53510,105820
20211116,1호선,서울역,44102,42216,86318
20211116,경의선,행신,8130,8014,16144
20211116,경의선,능곡,3853,3677,7530
20211116,경의선,곡산,635,654,1289
20211116,경의선,백마,7134,6900,14034
20211116,경의선,풍산,5738,5350,11088
20211116,경의선,일산,9454,9299,18753
20211116,경의선,탄현,8125,7522,15647
20211116,경의선,야당,7281,6940,14221
20211116,경의선,운정,7300,6757,14057
20211116,경의선,금릉,4868,4635,9503
20211116,경의선,금촌,6761,6661,13422
20211116,경의선,월롱,2791,2743,5534
20211116,경의선,파주,1411,1115,2526
20211116,경의선,문산,5049,5053,10102
20211116,경의선,임진강,17,16,33
20211116,경의선,강매,3455,3002,6457
20211116,경인선,개봉,22265,22143,44408
20211116,경의선,화전,2032,1820,3852
20211116,경의선,디지털미디어시티,2610,2414,5024
20211116,경원선,양주,8137,7590,15727
20211116,경원선,덕계,3298,2920,6218
20211116,경원선,덕정,6146,5900,12046
20211116,경원선,지행,6521,6424,12945
20211116,경원선,동두천중앙,3264,3201,6465
20211116,경원선,보산,1441,1277,2718
20211116,경원선,동두천,2167,2400,4567
20211116,경원선,소요산,3027,2521,5548
20211116,경의선,서울역,4514,5677,10191
20211116,경의선,신촌,894,1106,2000
20211116,경의선,효창공원앞,2934,3377,6311
20211116,경의선,공덕,3659,3295,6954
20211116,경의선,서강대,2122,2101,4223
20211116,경의선,홍대입구,1481,1772,3253
20211116,경의선,가좌,5393,5138,10531
20211116,경의선,수색,3008,3153,6161
20211116,경원선,가능,6730,6447,13177
20211116,경인선,오류동,12139,11385,23524
20211116,경인선,부천,32678,32973,65651
20211116,공항철도 1호선,서울역,7380,6870,14250
20211116,경춘선,춘천,1579,1482,3061
20211116,경춘선,남춘천,2248,2420,4668
20211116,경춘선,김유정,340,362,702
20211116,경춘선,강촌,501,473,974
20211116,경춘선,백양리,95,83,178
20211116,경춘선,굴봉산,148,134,282
20211116,경춘선,가평,1575,1555,3130
20211116,경춘선,상천,262,245,507
20211116,경춘선,청평,1496,1425,2921
20211116,경춘선,대성리,471,436,907
20211116,경춘선,마석,4026,3960,7986
20211116,경춘선,천마산,1773,1564,3337
20211116,경춘선,평내호평,6470,6267,12737
20211116,1호선,동묘앞,7973,8248,16221
20211116,공항철도 1호선,공덕,2281,3033,5314
20211116,경인선,역곡,28833,28459,57292
20211116,공항철도 1호선,홍대입구,8628,8869,17497
20211116,공항철도 1호선,마곡나루,9126,8805,17931
20211116,경인선,송내,28067,27809,55876
20211116,경인선,부평,28926,30752,59678
20211116,경인선,백운,7281,7082,14363
20211116,경인선,동암,15073,15079,30152
20211116,경인선,주안,18909,17188,36097
20211116,경인선,제물포,10687,10086,20773
20211116,공항철도 1호선,인천공항2터미널,2082,1981,4063
20211116,공항철도 1호선,인천공항1터미널,3849,4073,7922
20211116,공항철도 1호선,공항화물청사,2352,2608,4960
20211116,경원선,창동,1,0,1
20211116,공항철도 1호선,운서,6661,6612,13273
20211116,공항철도 1호선,청라국제도시,6963,6595,13558
20211116,공항철도 1호선,검암,6982,6964,13946
20211116,공항철도 1호선,계양,10485,9850,20335
20211116,공항철도 1호선,김포공항,12074,6922,18996
20211116,공항철도 1호선,디지털미디어시티,14878,13684,28562
20211116,7호선,반포,5900,5771,11671
20211116,4호선,남태령,1250,1093,2343
20211116,7호선,학동,25235,26907,52142
20211116,2호선,방배,18663,19477,38140
20211116,2호선,사당,37666,41264,78930
20211116,2호선,낙성대,27164,26280,53444
20211116,2호선,선릉,59358,53306,112664
20211116,중앙선,양수,2076,1993,4069
20211116,중앙선,운길산,801,766,1567
20211116,2호선,서초,22846,22717,45563
20211116,중앙선,팔당,880,843,1723
20211116,중앙선,덕소,5762,4507,10269
20211116,중앙선,양정,819,732,1551
20211116,중앙선,도농,10668,9572,20240
20211116,중앙선,구리,13843,13839,27682
20211116,중앙선,양원,1874,1865,3739
20211116,중앙선,망우,7858,7621,15479
20211116,중앙선,도심,2420,1873,4293
20211116,2호선,교대,35401,40261,75662
20211116,3호선,수서,17058,17120,34178
20211116,3호선,일원,10213,10018,20231
20211116,3호선,약수,12833,12706,25539
20211116,3호선,금호,8194,7585,15779
20211116,3호선,옥수,9118,9251,18369
20211116,3호선,압구정,31996,34309,66305
20211116,3호선,신사,30150,31923,62073
20211116,3호선,잠원,5004,4913,9917
20211116,3호선,고속터미널,38097,37064,75161
20211116,3호선,교대,14600,9668,24268
20211116,3호선,남부터미널,29045,29979,59024
20211116,3호선,양재,40527,44191,84718
20211116,3호선,매봉,13199,12519,25718
20211116,3호선,도곡,5379,5512,10891
20211116,3호선,대치,10574,10647,21221
20211116,3호선,학여울,1779,1855,3634
20211116,3호선,대청,10042,9153,19195
20211116,중앙선,상봉,6123,5990,12113
20211116,중앙선,중랑,5800,5519,11319
20211116,중앙선,회기,24697,24052,48749
20211116,장항선,신창,2298,2293,4591
20211116,우이신설선,정릉,4748,4316,9064
20211116,우이신설선,북한산보국문,5999,5669,11668
20211116,우이신설선,솔샘,5946,5473,11419
20211116,우이신설선,삼양사거리,2435,2511,4946
20211116,우이신설선,삼양,2040,2150,4190
20211116,2호선,역삼,55162,61461,116623
20211116,우이신설선,화계,3437,3266,6703
20211116,우이신설선,가오리,4218,4156,8374
20211116,우이신설선,4.19민주묘지,2965,2789,5754
20211116,우이신설선,솔밭공원,2592,2492,5084
20211116,우이신설선,북한산우이,2881,2623,5504
20211116,안산선,수리산,4462,3592,8054
20211116,안산선,오이도,8547,8231,16778
20211116,안산선,정왕,10021,10283,20304
20211116,안산선,신길온천,1739,1588,3327
20211116,우이신설선,성신여대입구,3304,3527,6831
20211116,2호선,강남,84026,82383,166409
20211116,우이신설선,보문,1451,1486,2937
20211116,일산선,원흥,10997,10490,21487
20211116,장항선,온양온천,3603,3774,7377
20211116,장항선,배방,1031,1026,2057
20211116,장항선,탕정,386,324,710
20211116,장항선,아산,3554,2981,6535
20211116,장항선,쌍용,2666,2554,5220
20211116,장항선,봉명,1274,1212,2486
20211116,일산선,대화,13167,10424,23591
20211116,일산선,주엽,9247,9081,18328
20211116,일산선,정발산,7138,7070,14208
20211116,일산선,마두,7942,8062,16004
20211116,일산선,백석,10227,10026,20253
20211116,일산선,대곡,2006,1535,3541
20211116,일산선,화정,17316,17830,35146
20211116,일산선,원당,11747,11168,22915
20211116,일산선,삼송,18974,18316,37290
20211116,우이신설선,신설동,2135,2124,4259
20211116,3호선,을지로3가,10775,11433,22208
20211116,3호선,종로3가,9997,11561,21558
20211116,3호선,안국,21544,22509,44053
20211116,분당선,선정릉,8319,9045,17364
20211116,분당선,강남구청,10536,12123,22659
20211116,분당선,압구정로데오,18272,20547,38819
20211116,분당선,서울숲,11437,11822,23259
20211116,분당선,수원,8022,6925,14947
20211116,분당선,수서,13971,14245,28216
20211116,분당선,대모산입구,4492,4144,8636
20211116,분당선,개포동,3878,3994,7872
20211116,분당선,구룡,2069,1998,4067
20211116,분당선,도곡,6942,6015,12957
20211116,분당선,한티,13688,14545,28233
20211116,분당선,선릉,14187,21434,35621
20211116,과천선,범계,25767,25613,51380
20211116,과천선,평촌,18799,18385,37184
20211116,과천선,인덕원,24795,26055,50850
20211116,분당선,가천대,9589,10574,20163
20211116,과천선,정부과천청사,11439,11321,22760
20211116,분당선,태평,13660,12952,26612
20211116,분당선,야탑,26043,26972,53015
20211116,7호선,논현,21111,23004,44115
20211116,4호선,당고개,13165,11787,24952
20211116,4호선,상계,19404,17814,37218
20211116,4호선,노원,18352,20986,39338
20211116,4호선,창동,25829,27098,52927
20211116,4호선,쌍문,29480,26797,56277
20211116,5호선,방화,6690,6457,13147
20211116,5호선,개화산,5696,5399,11095
20211116,5호선,김포공항,7064,6397,13461
20211116,5호선,송정,6619,6111,12730
20211116,분당선,오리,12197,10047,22244
20211116,분당선,미금,15229,16386,31615
20211116,분당선,정자,17758,18963,36721
20211116,분당선,수내,13345,13393,26738
20211116,분당선,서현,23868,24475,48343
20211116,분당선,모란,20267,20267,40534
20211116,안산선,안산,11647,10488,22135
20211116,과천선,과천,5985,5420,11405
20211116,과천선,경마공원,1733,1631,3364
20211116,2호선,신답,1692,1926,3618
20211116,2호선,신설동,2971,3073,6044
20211116,2호선,도림천,1290,1351,2641
20211116,2호선,양천구청,7090,7415,14505
20211116,2호선,신정네거리,10569,10841,21410
20211116,2호선,용두,2346,2429,4775
20211116,3호선,지축,4758,4446,9204
20211116,3호선,구파발,21435,20412,41847
20211116,3호선,연신내,36662,34589,71251
20211116,3호선,불광,16801,17733,34534
20211116,3호선,녹번,15967,14596,30563
20211116,3호선,홍제,17675,16729,34404
20211116,3호선,무악재,4047,4093,8140
20211116,3호선,독립문,7157,7575,14732
20211116,3호선,경복궁,21450,21182,42632
20211116,2호선,용답,2779,2830,5609
20211116,과천선,대공원,3421,3656,7077
20211116,2호선,충정로,10067,10544,20611
20211116,2호선,이대,13740,14545,28285
20211116,과천선,선바위,8951,7713,16664
20211116,공항철도 1호선,영종,3085,3001,6086
20211116,2호선,서울대입구,47494,46716,94210
20211116,2호선,봉천,24277,22411,46688
20211116,2호선,신림,62610,60408,123018
20211116,2호선,신대방,26701,26015,52716
20211116,2호선,구로디지털단지,62163,62306,124469
20211116,2호선,대림,24491,25063,49554
20211116,2호선,신도림,48245,47621,95866
20211116,2호선,문래,22447,22892,45339
20211116,2호선,영등포구청,23962,24051,48013
20211116,2호선,당산,19024,22018,41042
20211116,2호선,합정,29950,31939,61889
20211116,2호선,홍대입구,48391,51036,99427
20211116,2호선,신촌,31497,32540,64037
20211116,2호선,아현,10275,9834,20109
20211116,안산선,초지,5091,5461,10552
20211116,3호선,동대입구,8041,8682,16723
20211116,안산선,중앙,17999,18707,36706
20211116,6호선,증산,10203,10103,20306
20211116,6호선,디지털미디어시티,14196,15484,29680
20211116,6호선,월드컵경기장,4349,4653,9002
20211116,6호선,마포구청,14722,13131,27853
20211116,6호선,망원,13707,14794,28501
20211116,6호선,합정,12573,12496,25069
20211116,6호선,상수,7722,8829,16551
20211116,6호선,광흥창,8998,8719,17717
20211116,6호선,대흥,7928,8246,16174
20211116,6호선,공덕,19007,18543,37550
20211116,6호선,효창공원앞,7064,6294,13358
20211116,6호선,삼각지,6282,5560,11842
20211116,6호선,녹사평,4604,4623,9227
20211116,6호선,이태원,9164,9473,18637
20211116,6호선,한강진,7403,8617,16020
20211116,6호선,새절,13071,12241,25312
20211116,6호선,버티고개,1909,1917,3826
20211116,6호선,구산,7736,5770,13506
20211116,6호선,불광,4184,4177,8361
20211116,5호선,상일동,16149,14505,30654
20211116,5호선,둔촌동,8884,8818,17702
20211116,5호선,올림픽공원,4276,3797,8073
20211116,5호선,방이,6995,7356,14351
20211116,5호선,오금,3867,3750,7617
20211116,5호선,개롱,6539,6862,13401
20211116,5호선,거여,9245,8755,18000
20211116,5호선,마천,6983,6702,13685
20211116,5호선,강일,3916,3922,7838
20211116,5호선,미사,16143,15914,32057
20211116,5호선,하남풍산,4258,4195,8453
20211116,5호선,하남시청,6138,6105,12243
20211116,5호선,하남검단산,5198,5049,10247
20211116,6호선,응암,17958,17424,35382
20211116,6호선,역촌,3883,4488,8371
20211116,6호선,독바위,2795,2924,5719
20211116,5호선,고덕,9665,9768,19433
20211116,6호선,약수,3728,3659,7387
20211116,6호선,신당,8284,8670,16954
20211116,7호선,공릉,11963,11927,23890
20211116,7호선,태릉입구,8536,8168,16704
20211116,7호선,먹골,10113,9833,19946
20211116,7호선,중화,11241,10967,22208
20211116,7호선,상봉,17316,16467,33783
20211116,7호선,면목,16706,16289,32995
20211116,7호선,사가정,16443,16425,32868
20211116,7호선,용마산,6423,6133,12556
20211116,7호선,중곡,10729,10047,20776
20211116,7호선,군자,15086,12247,27333
20211116,7호선,어린이대공원,12916,13059,25975
20211116,7호선,건대입구,11895,12271,24166
20211116,7호선,뚝섬유원지,7691,7504,15195
20211116,7호선,청담,19822,22399,42221
20211116,안산선,고잔,9208,8743,17951
20211116,7호선,하계,17565,16533,34098
20211116,6호선,청구,3732,4128,7860
20211116,7호선,중계,14760,13365,28125
20211116,7호선,마들,13003,12206,25209
20211116,6호선,동묘앞,7739,7835,15574
20211116,6호선,창신,3608,2915,6523
20211116,6호선,보문,7190,6653,13843
20211116,6호선,안암,10562,10762,21324
20211116,6호선,고려대,8093,7613,15706
20211116,6호선,월곡,11706,11684,23390
20211116,6호선,상월곡,6338,5741,12079
20211116,6호선,돌곶이,9965,9334,19299
20211116,6호선,석계,12455,12814,25269
20211116,6호선,태릉입구,5578,6109,11687
20211116,6호선,화랑대,12174,9475,21649
20211116,6호선,봉화산,9154,8561,17715
20211116,7호선,장암,2419,907,3326
20211116,7호선,도봉산,9774,11311,21085
20211116,7호선,수락산,12875,12599,25474
20211116,7호선,노원,19395,20470,39865
20211116,5호선,명일,9033,9163,18196
20211116,7호선,강남구청,17061,18919,35980
20211116,수인선,사리,4517,4014,8531
20211116,수인선,야목,317,239,556
20211116,수인선,어천,756,806,1562
20211116,수인선,오목천,3173,2945,6118
20211116,수인선,고색,4512,4231,8743
20211116,분당선,매교,2729,2770,5499
20211116,분당선,수원시청,12825,13864,26689
20211116,5호선,굽은다리,9666,9018,18684
20211116,분당선,매탄권선,4977,4799,9776
20211116,분당선,영통,8296,8495,16791
20211116,분당선,상갈,5571,5388,10959
20211116,분당선,기흥,10064,9473,19537
20211116,분당선,신갈,4693,4607,9300
20211116,분당선,구성,5365,5456,10821
20211116,분당선,죽전,13661,15158,28819
20211116,분당선,망포,14759,13978,28737
20211116,수인선,달월,99,61,160
20211116,수인선,월곶,2546,2431,4977
20211116,수인선,소래포구,6366,6016,12382
20211116,안산선,한대앞,9968,9914,19882
20211116,안산선,상록수,16446,16712,33158
20211116,안산선,반월,4419,4213,8632
20211116,안산선,대야미,5211,4675,9886
20211116,안산선,산본,16215,17585,33800
20211116,수인선,인천,1018,1769,2787
20211116,수인선,신포,1792,1878,3670
20211116,수인선,숭의,4049,3862,7911
20211116,수인선,인하대,6321,5999,12320
20211116,수인선,송도,2517,2356,4873
20211116,수인선,연수,4548,4490,9038
20211116,수인선,원인재,4517,4745,9262
20211116,수인선,남동인더스파크,2381,2560,4941
20211116,수인선,호구포,4119,4202,8321
20211116,수인선,인천논현,5527,5899,11426
20211116,분당선,보정,2470,2151,4621
20211116,분당선,이매,5723,5423,11146
20211116,분당선,청명,4370,4147,8517
20211116,5호선,발산,20792,21488,42280
20211116,5호선,을지로4가,6445,6525,12970
20211116,5호선,동대문역사문화공원,3096,3584,6680
20211116,5호선,청구,4225,3599,7824
20211116,5호선,신금호,6407,6741,13148
20211116,5호선,행당,8420,7347,15767
20211116,5호선,마곡,10951,10734,21685
20211116,5호선,마장,5685,5423,11108
20211116,5호선,답십리,16315,14706,31021
20211116,5호선,장한평,19027,18879,37906
20211116,5호선,군자,11506,12366,23872
20211116,5호선,아차산,14258,14047,28305
20211116,5호선,광나루,13539,12159,25698
20211116,5호선,천호,17833,17904,35737
20211116,5호선,강동,18717,17756,36473
20211116,5호선,길동,8145,8438,16583
20211116,5호선,종로3가,12286,12242,24528
20211116,5호선,광화문,31175,32955,64130
20211116,5호선,왕십리,4688,5213,9901
20211116,5호선,충정로,4991,5171,10162
20211116,5호선,서대문,19936,20623,40559
20211116,5호선,화곡,28824,26613,55437
20211116,5호선,까치산,29229,27773,57002
20211116,5호선,신정,14050,11262,25312
20211116,5호선,목동,17045,18416,35461
20211116,5호선,오목교,21679,23427,45106
20211116,5호선,양평,7604,7467,15071
20211116,5호선,우장산,14416,14214,28630
20211116,5호선,영등포시장,10295,10542,20837
20211116,5호선,신길,4283,4519,8802
20211116,5호선,여의도,29343,31194,60537
20211116,5호선,여의나루,9544,10907,20451
20211116,5호선,마포,15050,15437,30487
20211116,5호선,공덕,14693,15500,30193
20211116,5호선,애오개,6858,6906,13764
20211116,5호선,영등포구청,3963,4093,8056
20211117,우이신설선,화계,3514,3390,6904
20211117,우이신설선,가오리,4373,4223,8596
20211117,우이신설선,4.19민주묘지,3061,2907,5968
20211117,우이신설선,솔밭공원,2578,2488,5066
20211117,우이신설선,북한산우이,2969,2706,5675
20211117,안산선,수리산,4359,3377,7736
20211117,안산선,오이도,8590,8255,16845
20211117,수인선,남동인더스파크,2272,2559,4831
20211117,안산선,신길온천,1779,1637,3416
20211117,수인선,원인재,4624,4839,9463
20211117,수인선,호구포,4062,4278,8340
20211117,수인선,인천논현,5785,6126,11911
20211117,수인선,소래포구,6001,5545,11546
20211117,수인선,월곶,2714,2606,5320
20211117,우이신설선,삼양,2091,2252,4343
20211117,안산선,정왕,9850,10161,20011
20211117,우이신설선,삼양사거리,2533,2579,5112
20211117,분당선,도곡,7099,6187,13286
20211117,우이신설선,북한산보국문,6281,5763,12044
20211117,장항선,봉명,1176,1155,2331
20211117,일산선,대화,13462,10651,24113
20211117,일산선,주엽,9440,9304,18744
20211117,일산선,정발산,7357,7381,14738
20211117,일산선,마두,8040,8188,16228
20211117,일산선,백석,10065,10078,20143
20211117,일산선,대곡,2044,1665,3709
20211117,일산선,화정,17383,17894,35277
20211117,일산선,원당,11824,11067,22891
20211117,일산선,삼송,19548,18815,38363
20211117,일산선,원흥,11058,10391,21449
20211117,우이신설선,신설동,2387,2201,4588
20211117,우이신설선,보문,1554,1527,3081
20211117,우이신설선,성신여대입구,4291,4309,8600
20211117,우이신설선,정릉,4884,4457,9341
20211117,우이신설선,솔샘,6111,5614,11725
20211117,수인선,달월,99,62,161
20211117,분당선,구룡,2231,2060,4291
20211117,수인선,야목,355,231,586
20211117,분당선,수내,13694,13652,27346
20211117,분당선,서현,24910,25373,50283
20211117,분당선,야탑,26680,27930,54610
20211117,분당선,모란,20135,20334,40469
20211117,분당선,태평,13719,12984,26703
20211117,분당선,가천대,9602,10527,20129
20211117,분당선,선정릉,8703,9363,18066
20211117,분당선,강남구청,10598,12024,22622
20211117,분당선,압구정로데오,18239,20500,38739
20211117,분당선,서울숲,11691,11888,23579
20211117,분당선,수원,8254,6959,15213
20211117,분당선,수서,13899,14308,28207
20211117,분당선,대모산입구,4493,4195,8688
20211117,분당선,개포동,4000,4076,8076
20211117,장항선,쌍용,2554,2337,4891
20211117,분당선,정자,17928,19257,37185
20211117,수인선,사리,4735,4312,9047
20211117,분당선,미금,15615,16802,32417
20211117,분당선,이매,5759,5510,11269
20211117,수인선,어천,836,832,1668
20211117,수인선,오목천,3325,3129,6454
20211117,수인선,고색,4588,4304,8892
20211117,분당선,매교,3060,3013,6073
20211117,분당선,수원시청,12913,13935,26848
20211117,분당선,매탄권선,5246,4943,10189
20211117,분당선,망포,15091,14342,29433
20211117,분당선,영통,8570,8560,17130
20211117,분당선,청명,4461,4186,8647
20211117,분당선,상갈,5730,5466,11196
20211117,분당선,기흥,10101,9484,19585
20211117,분당선,신갈,4677,4664,9341
20211117,분당선,구성,5352,5697,11049
20211117,분당선,죽전,13989,15298,29287
20211117,분당선,보정,2652,2341,4993
20211117,분당선,오리,12531,10255,22786
20211117,장항선,아산,3390,3035,6425
20211117,경원선,응봉,1904,1603,3507
20211117,장항선,배방,1095,1033,2128
20211117,경부선,오산대,3982,3605,7587
20211117,경부선,오산,10211,10063,20274
20211117,경부선,진위,1671,1451,3122
20211117,경부선,송탄,4475,4277,8752
20211117,경부선,서정리,7579,7220,14799
20211117,경부선,평택지제,3312,3164,6476
20211117,경부선,세마,2869,2677,5546
20211117,경부선,평택,11928,11850,23778
20211117,경부선,직산,750,747,1497
20211117,경부선,두정,5831,5752,11583
20211117,경부선,천안,5323,5559,10882
20211117,경부선,당정,6536,6200,12736
20211117,경부선,서동탄,1602,1420,3022
20211117,경부선,광명,3451,2914,6365
20211117,경부선,성환,5090,5106,10196
20211117,경부선,병점,15077,15093,30170
20211117,경부선,세류,3185,2843,6028
20211117,경부선,독산,19148,19915,39063
20211117,경부선,신도림,4363,4305,8668
20211117,경부선,신길,9475,8039,17514
20211117,경부선,구로,19799,20311,40110
20211117,경부선,가산디지털단지,19231,22249,41480
20211117,경부선,금천구청,12507,12250,24757
20211117,경부선,석수,10374,9259,19633
20211117,경부선,관악,7645,7047,14692
20211117,경부선,안양,25461,25419,50880
20211117,경부선,명학,9862,9717,19579
20211117,경부선,금정,28106,29073,57179
20211117,경부선,군포,8077,7960,16037
20211117,경부선,의왕,9691,9546,19237
20211117,경부선,성균관대,15630,15196,30826
20211117,경부선,화서,8534,8087,16621
20211117,경부선,수원,35550,37623,73173
20211117,경원선,이촌,3795,2891,6686
20211117,경원선,서빙고,2273,2262,4535
20211117,경원선,한남,4126,3989,8115
20211117,경원선,옥수,46,32,78
20211117,중앙선,양수,1876,1881,3757
20211117,중앙선,운길산,737,686,1423
20211117,중앙선,팔당,841,843,1684
20211117,중앙선,도심,2504,1952,4456
20211117,중앙선,덕소,5843,4586,10429
20211117,중앙선,양정,774,660,1434
20211117,중앙선,도농,10774,9642,20416
20211117,중앙선,구리,14040,13991,28031
20211117,중앙선,양원,1999,1997,3996
20211117,중앙선,망우,7690,7595,15285
20211117,중앙선,상봉,6225,6134,12359
20211117,중앙선,중랑,5653,5431,11084
20211117,중앙선,회기,25572,24709,50281
20211117,장항선,신창,2411,2211,4622
20211117,장항선,온양온천,3459,3523,6982
20211117,중앙선,신원,181,179,360
20211117,장항선,탕정,365,320,685
20211117,중앙선,국수,679,659,1338
20211117,중앙선,오빈,313,290,603
20211117,경원선,왕십리,14452,16295,30747
20211117,경원선,청량리,15047,15430,30477
20211117,경원선,외대앞,8632,8485,17117
20211117,경원선,신이문,8861,8052,16913
20211117,경원선,석계,8397,9675,18072
20211117,경원선,광운대,8340,8147,16487
20211117,경원선,월계,7170,6595,13765
20211117,경원선,녹천,4845,4230,9075
20211117,경원선,방학,10006,9596,19602
20211117,경원선,도봉,6445,6086,12531
20211117,경원선,도봉산,8456,5397,13853
20211117,중앙선,지평,83,83,166
20211117,중앙선,용문,1763,1755,3518
20211117,중앙선,원덕,341,329,670
20211117,중앙선,양평,2757,2740,5497
20211117,중앙선,아신,582,604,1186
20211117,분당선,한티,13664,14773,28437
20211117,2호선,신정네거리,10716,11010,21726
20211117,과천선,범계,26126,24990,51116
20211117,경의선,서강대,2106,2119,4225
20211117,경의선,홍대입구,1539,1812,3351
20211117,경의선,가좌,5416,5143,10559
20211117,경의선,디지털미디어시티,2602,2374,4976
20211117,경의선,수색,2979,3081,6060
20211117,경의선,화전,1942,1758,3700
20211117,경의선,강매,3360,2888,6248
20211117,수인선,연수,4457,4485,8942
20211117,수인선,송도,2557,2365,4922
20211117,수인선,인하대,6256,5901,12157
20211117,수인선,숭의,4046,3772,7818
20211117,수인선,신포,1909,1892,3801
20211117,수인선,인천,1124,1731,2855
20211117,안산선,산본,16235,15292,31527
20211117,안산선,대야미,5268,4481,9749
20211117,경의선,공덕,3826,3393,7219
20211117,안산선,반월,4504,4124,8628
20211117,경의선,효창공원앞,2968,3373,6341
20211117,경의선,서울역,4397,5827,10224
20211117,6호선,역촌,3893,4555,8448
20211117,4호선,혜화,31362,34632,65994
20211117,2호선,용답,2774,2797,5571
20211117,경원선,회룡,13012,12656,25668
20211117,경원선,의정부,18427,18571,36998
20211117,경원선,가능,6756,6386,13142
20211117,경원선,녹양,4697,4505,9202
20211117,경원선,양주,8315,7533,15848
20211117,경원선,덕계,3299,2917,6216
20211117,경원선,덕정,6006,5770,11776
20211117,경원선,지행,6756,6741,13497
20211117,경원선,동두천중앙,3100,3073,6173
20211117,경원선,보산,1430,1295,2725
20211117,경원선,동두천,2197,2477,4674
20211117,경원선,소요산,2838,2356,5194
20211117,경의선,신촌,910,1159,2069
20211117,경의선,행신,8233,8097,16330
20211117,안산선,상록수,16392,16106,32498
20211117,안산선,중앙,18226,18667,36893
20211117,2호선,대림,24472,25003,49475
20211117,2호선,신도림,48955,48723,97678
20211117,2호선,문래,22670,23118,45788
20211117,2호선,영등포구청,24056,24187,48243
20211117,2호선,당산,19181,22533,41714
20211117,2호선,합정,30842,32633,63475
20211117,2호선,홍대입구,50367,53467,103834
20211117,2호선,신촌,31547,32539,64086
20211117,2호선,이대,14024,14938,28962
20211117,2호선,아현,10700,10110,20810
20211117,2호선,충정로,10333,10867,21200
20211117,2호선,신설동,3101,3132,6233
20211117,2호선,도림천,1398,1447,2845
20211117,2호선,양천구청,7042,7368,14410
20211117,경부선,영등포,36801,38051,74852
20211117,2호선,구로디지털단지,62289,62632,124921
20211117,안산선,한대앞,9781,9870,19651
20211117,2호선,신대방,26990,25843,52833
20211117,2호선,봉천,24314,22256,46570
20211117,안산선,고잔,9124,8683,17807
20211117,안산선,초지,5204,5423,10627
20211117,안산선,안산,11533,10448,21981
20211117,2호선,잠실새내,21545,21449,42994
20211117,2호선,종합운동장,7301,7979,15280
20211117,2호선,삼성,53555,54994,108549
20211117,2호선,선릉,59043,52549,111592
20211117,2호선,역삼,55035,61525,116560
20211117,2호선,강남,83467,83214,166681
20211117,2호선,교대,35464,40475,75939
20211117,2호선,서초,23425,22882,46307
20211117,2호선,방배,18664,19476,38140
20211117,2호선,사당,38954,43386,82340
20211117,2호선,낙성대,27451,26553,54004
20211117,2호선,서울대입구,47852,46710,94562
20211117,2호선,신림,63925,61274,125199
20211117,분당선,선릉,13896,21262,35158
20211117,경의선,능곡,4006,3617,7623
20211117,경의선,백마,7270,6915,14185
20211117,공항철도 1호선,공덕,2322,3136,5458
20211117,공항철도 1호선,서울역,7870,7140,15010
20211117,경춘선,춘천,1428,1327,2755
20211117,경춘선,남춘천,2930,2878,5808
20211117,경춘선,김유정,343,332,675
20211117,경춘선,강촌,474,469,943
20211117,경춘선,백양리,79,66,145
20211117,경춘선,굴봉산,133,126,259
20211117,경춘선,가평,1624,1658,3282
20211117,경춘선,상천,323,305,628
20211117,경춘선,청평,1589,1541,3130
20211117,경춘선,대성리,541,482,1023
20211117,경춘선,마석,4010,3868,7878
20211117,경춘선,천마산,1737,1618,3355
20211117,경춘선,평내호평,6443,6324,12767
20211117,공항철도 1호선,홍대입구,9047,9216,18263
20211117,경춘선,금곡,1605,1509,3114
20211117,공항철도 1호선,디지털미디어시티,14735,13624,28359
20211117,공항철도 1호선,김포공항,11985,7153,19138
20211117,과천선,평촌,17817,17833,35650
20211117,과천선,인덕원,24956,24978,49934
20211117,과천선,정부과천청사,11083,10867,21950
20211117,과천선,과천,5847,5199,11046
20211117,과천선,대공원,3182,3324,6506
20211117,과천선,경마공원,1839,1821,3660
20211117,과천선,선바위,8835,7950,16785
20211117,공항철도 1호선,영종,3020,3043,6063
20211117,공항철도 1호선,인천공항2터미널,2303,2232,4535
20211117,공항철도 1호선,인천공항1터미널,3988,4144,8132
20211117,공항철도 1호선,공항화물청사,2375,2583,4958
20211117,공항철도 1호선,운서,6760,6729,13489
20211117,공항철도 1호선,청라국제도시,7155,6750,13905
20211117,공항철도 1호선,검암,7160,6888,14048
20211117,공항철도 1호선,계양,10503,9822,20325
20211117,공항철도 1호선,마곡나루,9206,8789,17995
20211117,경의선,곡산,636,678,1314
20211117,경춘선,사릉,3550,3420,6970
20211117,3호선,구파발,21459,20207,41666
20211117,경인선,역곡,29040,28328,57368
20211117,경인선,오류동,12273,11494,23767
20211117,경인선,개봉,22424,21991,44415
20211117,경의선,김포공항,1,0,1
20211117,경의선,임진강,19,3,22
20211117,경의선,문산,5087,4920,10007
20211117,경의선,파주,1426,1064,2490
20211117,경의선,월롱,2865,2637,5502
20211117,경의선,금촌,6539,6397,12936
20211117,경의선,금릉,4958,4714,9672
20211117,경의선,운정,7202,6697,13899
20211117,경의선,야당,7530,7271,14801
20211117,경의선,탄현,8102,7667,15769
20211117,경의선,일산,9386,9279,18665
20211117,경의선,풍산,5845,5431,11276
20211117,경인선,부천,33164,33094,66258
20211117,경춘선,퇴계원,3804,3424,7228
20211117,경인선,송내,28006,27844,55850
20211117,경인선,백운,7316,7099,14415
20211117,경춘선,갈매,3226,2850,6076
20211117,경춘선,신내,2046,2015,4061
20211117,경인선,도화,4289,3981,8270
20211117,경인선,중동,9769,9293,19062
20211117,경인선,온수,7019,6850,13869
20211117,경인선,도원,2586,2733,5319
20211117,경인선,간석,6005,5820,11825
20211117,경인선,부개,9009,8371,17380
20211117,경인선,소사,9053,8717,17770
20211117,경인선,구일,12126,14072,26198
20211117,경인선,인천,3656,2885,6541
20211117,경인선,동인천,14407,13520,27927
20211117,경인선,제물포,11008,10468,21476
20211117,경인선,주안,19646,17834,37480
20211117,경인선,동암,15032,15219,30251
20211117,경인선,부평,29430,31778,61208
20211117,경부선,대방,13483,13841,27324
20211117,경부선,노량진,9071,9318,18389
20211117,경부선,용산,33737,33983,67720
20211117,5호선,아차산,14919,14337,29256
20211117,5호선,광나루,13871,12532,26403
20211117,5호선,천호,17814,17924,35738
20211117,5호선,강동,18957,17936,36893
20211117,5호선,길동,7991,8455,16446
20211117,5호선,굽은다리,9777,9041,18818
20211117,5호선,군자,11462,12605,24067
20211117,5호선,명일,9109,9412,18521
20211117,5호선,상일동,16353,14525,30878
20211117,5호선,둔촌동,8792,8627,17419
20211117,5호선,올림픽공원,4725,4132,8857
20211117,5호선,방이,7262,7489,14751
20211117,5호선,오금,3909,3880,7789
20211117,5호선,개롱,6775,7004,13779
20211117,5호선,고덕,10079,10150,20229
20211117,5호선,장한평,19518,19307,38825
20211117,5호선,답십리,16424,14644,31068
20211117,5호선,마장,5716,5369,11085
20211117,5호선,여의도,29626,31523,61149
20211117,5호선,여의나루,10298,11317,21615
20211117,5호선,마포,15119,15565,30684
20211117,5호선,공덕,14732,15926,30658
20211117,5호선,애오개,6986,7003,13989
20211117,5호선,충정로,5242,5190,10432
20211117,5호선,서대문,20465,20758,41223
20211117,5호선,광화문,32212,34271,66483
20211117,5호선,종로3가,13090,12663,25753
20211117,5호선,을지로4가,6545,6469,13014
20211117,5호선,동대문역사문화공원,3074,3576,6650
20211117,5호선,청구,4256,3790,8046
20211117,5호선,신금호,6647,6910,13557
20211117,5호선,행당,8573,7512,16085
20211117,5호선,왕십리,4680,5424,10104
20211117,5호선,거여,9667,8927,18594
20211117,5호선,마천,7035,6846,13881
20211117,5호선,강일,3945,3950,7895
20211117,5호선,미사,16402,16161,32563
20211117,6호선,효창공원앞,7211,6444,13655
20211117,6호선,삼각지,6432,5724,12156
20211117,6호선,녹사평,4696,4691,9387
20211117,6호선,이태원,9597,9769,19366
20211117,6호선,한강진,8350,9590,17940
20211117,6호선,버티고개,1869,1969,3838
20211117,6호선,약수,3895,3807,7702
20211117,6호선,청구,3883,4126,8009
20211117,6호선,신당,8887,9204,18091
20211117,6호선,동묘앞,7950,7983,15933
20211117,6호선,창신,3744,3121,6865
20211117,6호선,보문,7812,7078,14890
20211117,6호선,안암,11085,11200,22285
20211117,6호선,고려대,8329,7942,16271
20211117,6호선,월곡,11874,11753,23627
20211117,6호선,공덕,19192,18381,37573
20211117,5호선,신길,4262,4521,8783
20211117,6호선,대흥,8210,8420,16630
20211117,6호선,상수,7795,8874,16669
20211117,5호선,하남풍산,4384,4268,8652
20211117,5호선,하남시청,6235,6104,12339
20211117,5호선,하남검단산,5330,5247,10577
20211117,6호선,응암,18211,17769,35980
20211117,6호선,불광,4367,4380,8747
20211117,6호선,독바위,2750,2834,5584
20211117,6호선,연신내,1,0,1
20211117,6호선,구산,8067,6009,14076
20211117,6호선,새절,13200,12307,25507
20211117,6호선,증산,10332,10025,20357
20211117,6호선,디지털미디어시티,14508,15715,30223
20211117,6호선,월드컵경기장,4360,4675,9035
20211117,6호선,마포구청,14950,13287,28237
20211117,6호선,망원,14064,14908,28972
20211117,6호선,합정,13362,13266,26628
20211117,6호선,광흥창,9451,9176,18627
20211117,5호선,영등포시장,10177,10406,20583
20211117,5호선,영등포구청,3936,4077,8013
20211117,5호선,양평,7810,7609,15419
20211117,3호선,잠원,4947,4900,9847
20211117,3호선,고속터미널,38288,37080,75368
20211117,3호선,교대,15161,9797,24958
20211117,3호선,남부터미널,29406,30098,59504
20211117,3호선,양재,40653,44585,85238
20211117,3호선,매봉,13127,12398,25525
20211117,3호선,도곡,5495,5757,11252
20211117,3호선,대치,10372,10411,20783
20211117,3호선,학여울,1781,1859,3640
20211117,3호선,대청,10543,9706,20249
20211117,3호선,일원,10471,10170,20641
20211117,3호선,수서,17303,17518,34821
20211117,3호선,가락시장,9380,9282,18662
20211117,3호선,경찰병원,7779,7676,15455
20211117,3호선,오금,6566,5866,12432
20211117,3호선,신사,29542,31065,60607
20211117,4호선,수유,31612,30652,62264
20211117,3호선,압구정,32061,34201,66262
20211117,3호선,금호,8257,7485,15742
20211117,3호선,지축,4844,4512,9356
20211117,경춘선,별내,3470,3281,6751
20211117,3호선,연신내,37341,35210,72551
20211117,3호선,불광,17005,18176,35181
20211117,3호선,녹번,15980,14425,30405
20211117,3호선,홍제,17614,16583,34197
20211117,3호선,무악재,4077,4164,8241
20211117,3호선,독립문,7284,7726,15010
20211117,3호선,경복궁,23172,23145,46317
20211117,3호선,안국,22927,23849,46776
20211117,3호선,종로3가,10307,11718,22025
20211117,3호선,을지로3가,11212,11586,22798
20211117,3호선,충무로,1,0,1
20211117,3호선,동대입구,8088,8545,16633
20211117,3호선,약수,13211,13010,26221
20211117,3호선,옥수,9280,9564,18844
20211117,6호선,상월곡,6630,5875,12505
20211117,4호선,미아,13995,13939,27934
20211117,4호선,길음,20154,18885,39039
20211117,4호선,노원,17200,19387,36587
20211117,4호선,창동,26437,28463,54900
20211117,4호선,쌍문,28424,24373,52797
20211117,5호선,방화,6746,6499,13245
20211117,5호선,개화산,5786,5433,11219
20211117,5호선,김포공항,7236,6879,14115
20211117,5호선,송정,6860,6336,13196
20211117,5호선,마곡,11070,10877,21947
20211117,5호선,발산,21219,22052,43271
20211117,5호선,우장산,15180,14899,30079
20211117,5호선,화곡,29245,27277,56522
20211117,5호선,까치산,29583,28192,57775
20211117,5호선,신정,14335,11513,25848
20211117,5호선,목동,17274,18770,36044
20211117,5호선,오목교,22066,23743,45809
20211117,4호선,상계,18202,15966,34168
20211117,4호선,미아사거리,25974,24504,50478
20211117,4호선,당고개,12072,10376,22448
20211117,4호선,사당,26087,22672,48759
20211117,4호선,성신여대입구,19007,18346,37353
20211117,4호선,한성대입구,13170,15325,28495
20211117,4호선,동대문,19631,21671,41302
20211117,4호선,동대문역사문화공원,15970,16663,32633
20211117,2호선,잠실,69018,69244,138262
20211117,4호선,충무로,27921,29695,57616
20211117,4호선,명동,17022,18989,36011
20211117,4호선,회현,19230,25437,44667
20211117,4호선,서울역,11502,16590,28092
20211117,4호선,숙대입구,13291,13273,26564
20211117,4호선,삼각지,5438,6525,11963
20211117,4호선,신용산,16406,18327,34733
20211117,4호선,이촌,7674,9001,16675
20211117,4호선,동작,1936,2555,4491
20211117,4호선,총신대입구,18987,20949,39936
20211117,4호선,남태령,1213,1662,2875
20211117,6호선,돌곶이,10023,9425,19448
20211117,2호선,용두,2363,2477,4840
20211117,6호선,태릉입구,5614,6192,11806
20211117,9호선,공항시장,3062,3244,6306
20211117,9호선,신방화,7240,6966,14206
20211117,9호선,마곡나루,12235,12072,24307
20211117,9호선,양천향교,9949,10125,20074
20211117,9호선,가양,21173,20562,41735
20211117,9호선,증미,7587,7365,14952
20211117,9호선,등촌,12066,11712,23778
20211117,9호선,염창,17842,17282,35124
20211117,2호선,신답,1691,1909,3600
20211117,1호선,서울역,46947,43866,90813
20211117,7호선,부천시청,12981,13036,26017
20211117,경원선,망월사,8044,8223,16267
20211117,9호선,신목동,4264,3759,8023
20211117,9호선,선유도,9047,8589,17636
20211117,9호선,당산,18594,18689,37283
20211117,9호선,김포공항,7023,11912,18935
20211117,9호선,여의도,28881,27641,56522
20211117,9호선,개화,2754,1869,4623
20211117,8호선,수진,5263,4720,9983
20211117,8호선,암사,19387,16910,36297
20211117,8호선,천호,15040,17373,32413
20211117,8호선,강동구청,10926,11157,22083
20211117,8호선,몽촌토성,6494,6532,13026
20211117,8호선,잠실,13729,16392,30121
20211117,8호선,석촌,7760,8870,16630
20211117,8호선,송파,7728,7661,15389
20211117,8호선,가락시장,8076,9034,17110
20211117,8호선,문정,22946,23989,46935
20211117,8호선,장지,18025,17168,35193
20211117,8호선,복정,12018,10301,22319
20211117,8호선,산성,6138,6138,12276
20211117,8호선,남한산성입구,14311,12993,27304
20211117,8호선,단대오거리,10731,10362,21093
20211117,8호선,신흥,4163,4429,8592
20211117,8호선,모란,4236,3388,7624
20211117,7호선,부평구청,7799,6974,14773
20211117,9호선,샛강,6127,6442,12569
20211117,9호선,노들,4735,3862,8597
20211117,9호선2~3단계,중앙보훈병원,10677,9432,20109
20211117,경강선,판교,4847,4833,9680
20211117,경강선,이매,1153,944,2097
20211117,경강선,삼동,2506,2215,4721
20211117,경강선,경기광주,7753,7215,14968
20211117,경강선,초월,3208,3040,6248
20211117,경강선,곤지암,2447,2422,4869
20211117,경강선,신둔도예촌,1567,1447,3014
20211117,경강선,이천,2559,2719,5278
20211117,경강선,부발,2078,1966,4044
20211117,경강선,세종대왕릉,366,366,732
20211117,경강선,여주,2726,2517,5243
20211117,경부선,서울역,5627,1785,7412
20211117,경부선,남영,9705,10292,19997
20211117,6호선,석계,12754,13257,26011
20211117,9호선2~3단계,둔촌오륜,1246,1170,2416
20211117,9호선,노량진,27086,26329,53415
20211117,9호선2~3단계,올림픽공원,6547,6553,13100
20211117,9호선2~3단계,송파나루,4965,5228,10193
20211117,9호선,흑석,8241,8580,16821
20211117,9호선,동작,2026,1729,3755
20211117,9호선,구반포,1930,1952,3882
20211117,9호선,신반포,3358,3305,6663
20211117,9호선,고속터미널,12180,14967,27147
20211117,9호선,사평,3704,3592,7296
20211117,9호선,신논현,31589,31554,63143
20211117,9호선2~3단계,언주,10710,10940,21650
20211117,9호선2~3단계,선정릉,10200,11110,21310
20211117,9호선2~3단계,삼성중앙,6921,7506,14427
20211117,9호선2~3단계,봉은사,16232,16826,33058
20211117,9호선2~3단계,종합운동장,4168,4181,8349
20211117,9호선2~3단계,삼전,6981,6683,13664
20211117,9호선2~3단계,석촌고분,6233,6093,12326
20211117,9호선2~3단계,석촌,8569,7770,16339
20211117,9호선2~3단계,한성백제,2636,2418,5054
20211117,7호선,굴포천,9396,9866,19262
20211117,9호선,국회의사당,18479,18330,36809
20211117,7호선,상동,13557,14167,27724
20211117,7호선,건대입구,11967,12306,24273
20211117,7호선,뚝섬유원지,7910,7680,15590
20211117,7호선,청담,19846,22389,42235
20211117,7호선,강남구청,17186,18960,36146
20211117,7호선,학동,25430,27004,52434
20211117,7호선,논현,20986,22843,43829
20211117,7호선,반포,6048,5747,11795
20211117,7호선,고속터미널,15504,13590,29094
20211117,7호선,내방,15161,15422,30583
20211117,7호선,이수,16168,15689,31857
20211117,7호선,남성,11270,10204,21474
20211117,7호선,숭실대입구,13516,13743,27259
20211117,7호선,상도,10859,10302,21161
20211117,7호선,장승배기,9664,9309,18973
20211117,7호선,신대방삼거리,16857,16196,33053
20211117,7호선,군자,15094,12345,27439
20211117,7호선,보라매,10111,10116,20227
20211117,7호선,중곡,10720,10107,20827
20211117,7호선,사가정,16796,16615,33411
20211117,7호선,삼산체육관,5620,5015,10635
20211117,6호선,봉화산,9386,8701,18087
20211117,7호선,장암,2451,953,3404
20211117,7호선,도봉산,9921,11500,21421
20211117,7호선,수락산,12992,12628,25620
20211117,7호선,마들,13377,12781,26158
20211117,7호선,노원,19606,21020,40626
20211117,7호선,중계,15038,13557,28595
20211117,7호선,하계,18572,17305,35877
20211117,7호선,공릉,11971,11859,23830
20211117,7호선,태릉입구,8698,8217,16915
20211117,7호선,먹골,10245,9821,20066
20211117,7호선,중화,11112,10935,22047
20211117,7호선,상봉,17261,16154,33415
20211117,7호선,면목,16621,16230,32851
20211117,7호선,용마산,6265,6065,12330
20211117,7호선,신풍,11990,11448,23438
20211117,7호선,어린이대공원,12650,12481,25131
20211117,6호선,화랑대,12333,9517,21850
20211117,2호선,신당,14157,14633,28790
20211117,2호선,동대문역사문화공원,13269,15309,28578
20211117,2호선,을지로4가,13537,13387,26924
20211117,2호선,을지로3가,23428,23250,46678
20211117,2호선,을지로입구,40869,41605,82474
20211117,2호선,시청,25096,24156,49252
20211117,1호선,청량리,19560,19498,39058
20211117,1호선,제기동,17199,17677,34876
20211117,1호선,신설동,14390,14037,28427
20211117,1호선,동대문,11193,10658,21851
20211117,1호선,종로5가,22674,21854,44528
20211117,1호선,종로3가,26084,23317,49401
20211117,1호선,종각,36804,35837,72641
20211117,1호선,시청,24003,23833,47836
20211117,7호선,대림,7754,7958,15712
20211117,2호선,상왕십리,14600,14064,28664
20211117,2호선,왕십리,16634,13783,30417
20211117,1호선,동묘앞,7785,8139,15924
20211117,2호선,뚝섬,22778,24329,47107
20211117,2호선,한양대,8810,9741,18551
20211117,7호선,가산디지털단지,48469,48530,96999
20211117,7호선,철산,21822,22338,44160
20211117,7호선,광명사거리,23181,22536,45717
20211117,7호선,천왕,12037,11317,23354
20211117,7호선,온수,11286,10506,21792
20211117,7호선,까치울,8178,7794,15972
20211117,7호선,부천종합운동장,4931,4292,9223
20211117,7호선,남구로,16396,17271,33667
20211117,7호선,신중동,14784,14661,29445
20211117,2호선,잠실나루,15280,14676,29956
20211117,2호선,강변,30041,28535,58576
20211117,2호선,구의,24309,23693,48002
20211117,2호선,건대입구,33628,36759,70387
20211117,2호선,성수,37707,41440,79147
20211117,7호선,춘의,10564,10350,20914
20211118,6호선,한강진,7453,8814,16267
20211118,6호선,이태원,9414,10164,19578
20211118,6호선,녹사평,4455,4585,9040
20211118,6호선,삼각지,6125,5408,11533
20211118,6호선,효창공원앞,7020,6284,13304
20211118,6호선,디지털미디어시티,13882,15255,29137
20211118,6호선,공덕,18774,18135,36909
20211118,6호선,상수,7937,9057,16994
20211118,6호선,광흥창,9100,8897,17997
20211118,6호선,합정,12473,12734,25207
20211118,6호선,망원,13941,14843,28784
20211118,6호선,마포구청,14432,12863,27295
20211118,6호선,월드컵경기장,4026,4334,8360
20211118,6호선,버티고개,1843,1898,3741
20211118,6호선,대흥,8293,8426,16719
20211118,6호선,약수,3546,3477,7023
20211118,6호선,상월곡,6364,5608,11972
20211118,6호선,신당,8455,8522,16977
20211118,6호선,증산,10277,9898,20175
20211118,7호선,수락산,12674,12165,24839
20211118,7호선,도봉산,9430,10727,20157
20211118,7호선,장암,2326,836,3162
20211118,6호선,봉화산,8999,8321,17320
20211118,6호선,화랑대,11977,9235,21212
20211118,6호선,태릉입구,5495,6012,11507
20211118,6호선,석계,12433,12901,25334
20211118,6호선,돌곶이,9623,8822,18445
20211118,6호선,월곡,11522,11377,22899
20211118,6호선,고려대,8002,7488,15490
20211118,6호선,안암,10401,10340,20741
20211118,6호선,보문,7301,6651,13952
20211118,6호선,창신,3450,2799,6249
20211118,6호선,동묘앞,7716,7847,15563
20211118,6호선,청구,3885,4096,7981
20211118,6호선,새절,13246,12221,25467
20211118,5호선,동대문역사문화공원,3032,3513,6545
20211118,6호선,연신내,2,0,2
20211118,5호선,굽은다리,9521,8923,18444
20211118,5호선,길동,7829,8036,15865
20211118,5호선,강동,18536,17606,36142
20211118,5호선,천호,17571,17727,35298
20211118,5호선,광나루,13531,12121,25652
20211118,5호선,아차산,14004,13549,27553
20211118,5호선,군자,11396,12295,23691
20211118,5호선,장한평,19081,18839,37920
20211118,5호선,답십리,16126,14452,30578
20211118,5호선,마장,5660,5230,10890
20211118,5호선,왕십리,4568,5276,9844
20211118,5호선,행당,8380,7230,15610
20211118,5호선,신금호,6449,6524,12973
20211118,5호선,청구,4050,3740,7790
20211118,7호선,마들,13002,12233,25235
20211118,5호선,명일,8713,8989,17702
20211118,6호선,구산,7901,5792,13693
20211118,5호선,고덕,9825,9677,19502
20211118,5호선,둔촌동,8630,8626,17256
20211118,6호선,독바위,2712,2815,5527
20211118,6호선,불광,4211,4217,8428
20211118,6호선,역촌,3857,4485,8342
20211118,6호선,응암,17680,17243,34923
20211118,5호선,하남검단산,5257,4962,10219
20211118,5호선,하남시청,6117,5940,12057
20211118,5호선,하남풍산,4184,4198,8382
20211118,5호선,미사,16162,15910,32072
20211118,5호선,강일,3890,3786,7676
20211118,5호선,마천,6749,6587,13336
20211118,5호선,거여,9206,8576,17782
20211118,5호선,개롱,6605,6801,13406
20211118,5호선,오금,3802,3811,7613
20211118,5호선,방이,7127,7341,14468
20211118,5호선,올림픽공원,4373,3794,8167
20211118,5호선,상일동,16001,14118,30119
20211118,7호선,노원,18952,20107,39059
20211118,9호선,선유도,8716,8146,16862
20211118,7호선,하계,17926,16551,34477
20211118,8호선,장지,17341,16546,33887
20211118,8호선,문정,22442,23577,46019
20211118,8호선,가락시장,7927,8822,16749
20211118,8호선,송파,7612,7496,15108
20211118,8호선,잠실,13506,16270,29776
20211118,8호선,몽촌토성,6097,6203,12300
20211118,8호선,강동구청,10583,10896,21479
20211118,8호선,천호,14865,16848,31713
20211118,8호선,암사,19005,16483,35488
20211118,7호선,부평구청,7562,6869,14431
20211118,7호선,굴포천,9417,9820,19237
20211118,7호선,삼산체육관,5978,5392,11370
20211118,7호선,상동,13133,13695,26828
20211118,7호선,부천시청,12904,12807,25711
20211118,7호선,신중동,14384,14413,28797
20211118,8호선,복정,11739,10213,21952
20211118,7호선,춘의,10341,9981,20322
20211118,8호선,산성,5870,5865,11735
20211118,8호선,단대오거리,10381,9993,20374
20211118,5호선,을지로4가,6212,6370,12582
20211118,9호선,신목동,4178,3694,7872
20211118,9호선,염창,17439,16844,34283
20211118,9호선,등촌,11854,11383,23237
20211118,9호선,증미,7322,7115,14437
20211118,9호선,가양,20720,20016,40736
20211118,9호선,양천향교,9755,9960,19715
20211118,9호선,마곡나루,11944,11904,23848
20211118,9호선,신방화,7051,6625,13676
20211118,9호선,공항시장,2940,3147,6087
20211118,9호선,김포공항,7346,12008,19354
20211118,9호선,개화,2643,1782,4425
20211118,8호선,모란,4167,3308,7475
20211118,8호선,수진,5282,4600,9882
20211118,8호선,신흥,4209,4501,8710
20211118,8호선,남한산성입구,13717,12534,26251
20211118,7호선,중계,14444,12952,27396
20211118,7호선,부천종합운동장,4856,4218,9074
20211118,7호선,온수,10803,10212,21015
20211118,7호선,강남구청,16929,18801,35730
20211118,7호선,청담,19645,22237,41882
20211118,7호선,뚝섬유원지,7989,7554,15543
20211118,7호선,건대입구,11700,12543,24243
20211118,7호선,어린이대공원,12477,12264,24741
20211118,7호선,군자,14823,11961,26784
20211118,7호선,중곡,10639,9926,20565
20211118,7호선,용마산,6096,5840,11936
20211118,7호선,사가정,16288,16049,32337
20211118,7호선,면목,16334,15786,32120
20211118,7호선,상봉,17067,16101,33168
20211118,7호선,중화,11105,10723,21828
20211118,7호선,먹골,9963,9605,19568
20211118,7호선,태릉입구,8436,8219,16655
20211118,7호선,공릉,11799,11691,23490
20211118,7호선,학동,24804,26595,51399
20211118,7호선,까치울,7950,7540,15490
20211118,7호선,논현,20235,22240,42475
20211118,7호선,고속터미널,15501,13449,28950
20211118,7호선,천왕,11746,10977,22723
20211118,7호선,광명사거리,22558,22173,44731
20211118,7호선,철산,21153,21788,42941
20211118,7호선,가산디지털단지,47447,47888,95335
20211118,7호선,남구로,15989,16922,32911
20211118,7호선,대림,7826,7789,15615
20211118,7호선,신풍,11853,11206,23059
20211118,7호선,보라매,9852,9699,19551
20211118,7호선,신대방삼거리,16969,16093,33062
20211118,7호선,장승배기,9370,9081,18451
20211118,7호선,상도,10688,10100,20788
20211118,7호선,숭실대입구,12938,13193,26131
20211118,7호선,남성,11148,10129,21277
20211118,7호선,이수,15657,15394,31051
20211118,7호선,내방,14764,15117,29881
20211118,7호선,반포,5841,5566,11407
20211118,5호선,종로3가,12471,12379,24850
20211118,3호선,안국,21288,22622,43910
20211118,5호선,서대문,19495,19990,39485
20211118,2호선,영등포구청,23391,23730,47121
20211118,2호선,문래,21935,22479,44414
20211118,2호선,신도림,48442,48145,96587
20211118,2호선,대림,23977,24252,48229
20211118,2호선,구로디지털단지,61357,61129,122486
20211118,2호선,신대방,26637,25502,52139
20211118,2호선,신림,63205,60471,123676
20211118,2호선,봉천,23871,21796,45667
20211118,2호선,서울대입구,47160,46099,93259
20211118,2호선,낙성대,27157,25965,53122
20211118,2호선,사당,37725,41437,79162
20211118,2호선,방배,18509,19454,37963
20211118,2호선,서초,22289,21921,44210
20211118,2호선,교대,34500,39425,73925
20211118,2호선,강남,82363,83235,165598
20211118,2호선,당산,18738,21690,40428
20211118,2호선,역삼,52984,59947,112931
20211118,2호선,합정,30936,32973,63909
20211118,2호선,신촌,31134,32379,63513
20211118,3호선,녹번,15754,14104,29858
20211118,3호선,불광,16352,17266,33618
20211118,3호선,연신내,36552,34674,71226
20211118,3호선,구파발,20851,19763,40614
20211118,3호선,지축,4561,4315,8876
20211118,2호선,용두,2333,2478,4811
20211118,2호선,신정네거리,10409,10660,21069
20211118,2호선,양천구청,7066,7362,14428
20211118,2호선,도림천,1534,1521,3055
20211118,2호선,신설동,3123,3108,6231
20211118,2호선,신답,1676,1942,3618
20211118,2호선,용답,2741,2751,5492
20211118,2호선,충정로,9998,10585,20583
20211118,2호선,아현,10460,9626,20086
20211118,2호선,이대,13943,14743,28686
20211118,2호선,홍대입구,51916,55509,107425
20211118,3호선,홍제,17295,16412,33707
20211118,2호선,선릉,57505,51756,109261
20211118,2호선,종합운동장,6971,7381,14352
20211118,1호선,동대문,10583,9984,20567
20211118,1호선,종로5가,21781,21783,43564
20211118,1호선,종로3가,25264,23183,48447
20211118,1호선,종각,35475,35073,70548
20211118,1호선,시청,23167,23320,46487
20211118,1호선,동묘앞,7547,8052,15599
20211118,1호선,서울역,44766,43447,88213
20211118,2호선,시청,24011,23502,47513
20211118,경의선,검암,1,0,1
20211118,수인선,오목천,3356,3071,6427
20211118,수인선,어천,805,794,1599
20211118,수인선,야목,313,257,570
20211118,수인선,사리,4690,4059,8749
20211118,수인선,월곶,2639,2496,5135
20211118,9호선,당산,18033,18220,36253
20211118,1호선,신설동,13776,13447,27223
20211118,2호선,삼성,54163,55710,109873
20211118,1호선,제기동,16817,17126,33943
20211118,2호선,을지로입구,38880,40519,79399
20211118,2호선,잠실새내,21116,20989,42105
20211118,2호선,잠실,70111,69733,139844
20211118,2호선,잠실나루,14888,14389,29277
20211118,2호선,강변,30300,28877,59177
20211118,2호선,구의,24065,23334,47399
20211118,2호선,건대입구,33779,36937,70716
20211118,2호선,성수,36639,40637,77276
20211118,2호선,뚝섬,22202,23986,46188
20211118,2호선,한양대,8631,9351,17982
20211118,2호선,왕십리,15997,13406,29403
20211118,2호선,상왕십리,14494,13830,28324
20211118,2호선,신당,13748,14121,27869
20211118,2호선,동대문역사문화공원,12245,13809,26054
20211118,2호선,을지로4가,13206,13119,26325
20211118,2호선,을지로3가,22391,22892,45283
20211118,1호선,청량리,19188,19365,38553
20211118,5호선,광화문,31175,33320,64495
20211118,3호선,무악재,4043,3993,8036
20211118,3호선,경복궁,22462,22418,44880
20211118,5호선,김포공항,7385,6982,14367
20211118,5호선,개화산,5762,5442,11204
20211118,5호선,방화,6807,6424,13231
20211118,4호선,쌍문,29757,26617,56374
20211118,4호선,창동,25377,26777,52154
20211118,4호선,노원,18611,21154,39765
20211118,4호선,상계,18858,17212,36070
20211118,4호선,당고개,12778,11649,24427
20211118,4호선,남태령,1336,1133,2469
20211118,4호선,사당,25177,21591,46768
20211118,4호선,총신대입구,19064,20535,39599
20211118,4호선,동작,1632,1869,3501
20211118,4호선,이촌,7397,8160,15557
20211118,4호선,신용산,16838,17728,34566
20211118,4호선,삼각지,5063,5794,10857
20211118,5호선,송정,6624,6261,12885
20211118,4호선,숙대입구,13176,13153,26329
20211118,5호선,마곡,10966,10760,21726
20211118,5호선,우장산,15075,14646,29721
20211118,5호선,충정로,4986,5121,10107
20211118,5호선,애오개,6831,6855,13686
20211118,5호선,공덕,14322,15333,29655
20211118,5호선,마포,14600,15222,29822
20211118,5호선,여의나루,10685,11891,22576
20211118,5호선,여의도,29016,30909,59925
20211118,5호선,신길,4122,4295,8417
20211118,5호선,영등포시장,9947,10298,20245
20211118,5호선,영등포구청,3896,4041,7937
20211118,5호선,양평,7664,7524,15188
20211118,5호선,오목교,21674,23530,45204
20211118,5호선,목동,17139,18538,35677
20211118,5호선,신정,14016,11310,25326
20211118,5호선,까치산,29211,27626,56837
20211118,5호선,화곡,28487,26391,54878
20211118,5호선,발산,20903,21554,42457
20211118,3호선,독립문,7008,7250,14258
20211118,4호선,서울역,11202,16814,28016
20211118,4호선,명동,17661,18725,36386
20211118,3호선,매봉,12921,12527,25448
20211118,3호선,양재,40244,43948,84192
20211118,3호선,남부터미널,29070,29731,58801
20211118,3호선,교대,14877,9568,24445
20211118,3호선,고속터미널,38447,37916,76363
20211118,3호선,잠원,4878,4905,9783
20211118,3호선,신사,29814,31984,61798
20211118,3호선,압구정,31318,33525,64843
20211118,3호선,옥수,8970,9225,18195
20211118,3호선,금호,7957,7309,15266
20211118,3호선,약수,12533,12485,25018
20211118,3호선,동대입구,7906,8266,16172
20211118,3호선,충무로,2,0,2
20211118,3호선,을지로3가,10733,11057,21790
20211118,3호선,종로3가,10058,11489,21547
20211118,3호선,도곡,5485,5668,11153
20211118,4호선,회현,23544,25164,48708
20211118,3호선,대치,10357,10480,20837
20211118,3호선,대청,10323,9332,19655
20211118,4호선,충무로,26640,27853,54493
20211118,4호선,동대문역사문화공원,15143,14431,29574
20211118,4호선,동대문,19938,20450,40388
20211118,4호선,혜화,32854,33394,66248
20211118,4호선,한성대입구,14048,13473,27521
20211118,4호선,성신여대입구,20491,19686,40177
20211118,4호선,길음,20399,19603,40002
20211118,4호선,미아사거리,27110,26093,53203
20211118,4호선,미아,14816,14366,29182
20211118,4호선,수유,33498,33149,66647
20211118,3호선,오금,6411,5779,12190
20211118,3호선,경찰병원,7456,7451,14907
20211118,3호선,가락시장,9103,9039,18142
20211118,3호선,수서,17120,17573,34693
20211118,3호선,일원,10407,10084,20491
20211118,3호선,학여울,1940,1962,3902
20211118,9호선,국회의사당,16477,17325,33802
20211118,수인선,달월,84,56,140
20211118,9호선,샛강,5870,6213,12083
20211118,분당선,야탑,26349,27168,53517
20211118,분당선,모란,19910,19966,39876
20211118,분당선,태평,13562,12822,26384
20211118,분당선,가천대,9146,10004,19150
20211118,분당선,선정릉,8166,8844,17010
20211118,분당선,강남구청,10705,12310,23015
20211118,분당선,압구정로데오,19013,21511,40524
20211118,분당선,서울숲,11063,11402,22465
20211118,분당선,수원,8146,7099,15245
20211118,분당선,복정,1,0,1
20211118,분당선,수서,13709,14414,28123
20211118,분당선,대모산입구,4470,4008,8478
20211118,분당선,개포동,3592,3748,7340
20211118,분당선,구룡,1966,1871,3837
20211118,분당선,도곡,7170,6059,13229
20211118,분당선,서현,24662,25282,49944
20211118,분당선,한티,13677,14678,28355
20211118,분당선,수내,13194,13279,26473
20211118,분당선,미금,15113,16360,31473
20211118,수인선,고색,4588,4303,8891
20211118,분당선,매교,2919,2790,5709
20211118,분당선,수원시청,12800,13656,26456
20211118,분당선,매탄권선,5313,5004,10317
20211118,분당선,망포,15008,14185,29193
20211118,분당선,영통,8737,8809,17546
20211118,분당선,청명,4421,4201,8622
20211118,분당선,상갈,5615,5324,10939
20211118,분당선,기흥,10223,9377,19600
20211118,분당선,신갈,4731,4604,9335
20211118,분당선,구성,5342,5462,10804
20211118,분당선,죽전,14005,15161,29166
20211118,분당선,보정,2561,2305,4866
20211118,분당선,이매,5635,5376,11011
20211118,분당선,오리,12167,10127,22294
20211118,분당선,정자,17578,18863,36441
20211118,수인선,소래포구,5782,5595,11377
20211118,분당선,선릉,13827,21042,34869
20211118,과천선,평촌,18692,18448,37140
20211118,공항철도 1호선,서울역,7836,7389,15225
20211118,경춘선,춘천,1532,1257,2789
20211118,경춘선,남춘천,2386,2270,4656
20211118,경춘선,김유정,271,329,600
20211118,경춘선,강촌,455,442,897
20211118,경춘선,백양리,73,79,152
20211118,경춘선,굴봉산,118,130,248
20211118,경춘선,가평,1513,1582,3095
20211118,경춘선,상천,259,244,503
20211118,경춘선,청평,1495,1464,2959
20211118,경춘선,대성리,517,397,914
20211118,경춘선,마석,4102,4098,8200
20211118,경춘선,천마산,1638,1539,3177
20211118,경춘선,평내호평,6313,6194,12507
20211118,경춘선,금곡,1513,1411,2924
20211118,공항철도 1호선,공덕,2293,3007,5300
20211118,과천선,범계,26197,25908,52105
20211118,공항철도 1호선,홍대입구,9282,9491,18773
20211118,공항철도 1호선,마곡나루,8888,8623,17511
20211118,과천선,인덕원,24943,25544,50487
20211118,과천선,정부과천청사,10853,10802,21655
20211118,과천선,과천,5961,5424,11385
20211118,과천선,대공원,3176,3300,6476
20211118,과천선,경마공원,1844,1788,3632
20211118,과천선,선바위,8427,7529,15956
20211118,공항철도 1호선,영종,2966,2986,5952
20211118,공항철도 1호선,인천공항2터미널,2298,2143,4441
20211118,공항철도 1호선,인천공항1터미널,4006,3832,7838
20211118,공항철도 1호선,공항화물청사,2368,2588,4956
20211118,공항철도 1호선,운서,6594,6610,13204
20211118,공항철도 1호선,청라국제도시,6968,6668,13636
20211118,공항철도 1호선,검암,7017,6790,13807
20211118,공항철도 1호선,계양,10315,9677,19992
20211118,공항철도 1호선,김포공항,12015,7067,19082
20211118,공항철도 1호선,디지털미디어시티,14300,13114,27414
20211118,경춘선,사릉,3551,3377,6928
20211118,수인선,인천논현,5517,5772,11289
20211118,수인선,남동인더스파크,2293,2613,4906
20211118,중앙선,상봉,6014,5957,11971
20211118,중앙선,중랑,5699,5361,11060
20211118,중앙선,회기,24911,23851,48762
20211118,장항선,신창,2621,2203,4824
20211118,장항선,온양온천,3561,3730,7291
20211118,장항선,배방,1075,1017,2092
20211118,장항선,탕정,413,349,762
20211118,장항선,아산,3562,3258,6820
20211118,장항선,쌍용,2663,2426,5089
20211118,장항선,봉명,1184,1129,2313
20211118,일산선,대화,13791,11113,24904
20211118,일산선,주엽,8980,8854,17834
20211118,일산선,정발산,7256,7313,14569
20211118,일산선,마두,7804,7880,15684
20211118,일산선,백석,9916,9925,19841
20211118,중앙선,망우,7756,7634,15390
20211118,일산선,대곡,1935,1508,3443
20211118,중앙선,양원,1875,1738,3613
20211118,중앙선,도농,10580,9464,20044
20211118,8호선,석촌,7635,8767,16402
20211118,중앙선,지평,65,64,129
20211118,중앙선,용문,1761,1800,3561
20211118,중앙선,원덕,350,338,688
20211118,중앙선,양평,3501,3537,7038
20211118,중앙선,오빈,315,313,628
20211118,중앙선,아신,508,566,1074
20211118,중앙선,국수,662,671,1333
20211118,중앙선,신원,192,169,361
20211118,중앙선,양수,1816,1782,3598
20211118,중앙선,운길산,663,569,1232
20211118,중앙선,팔당,759,834,1593
20211118,중앙선,도심,2353,1830,4183
20211118,중앙선,덕소,5715,4592,10307
20211118,중앙선,양정,771,667,1438
20211118,중앙선,구리,13893,13855,27748
20211118,수인선,호구포,3991,4167,8158
20211118,일산선,화정,16979,17312,34291
20211118,일산선,삼송,19190,18251,37441
20211118,안산선,초지,5044,5346,10390
20211118,안산선,고잔,9018,8609,17627
20211118,안산선,중앙,18406,19181,37587
20211118,안산선,한대앞,9851,9832,19683
20211118,안산선,상록수,16341,16448,32789
20211118,안산선,반월,4268,4099,8367
20211118,안산선,대야미,5090,4583,9673
20211118,안산선,산본,15962,16256,32218
20211118,수인선,인천,1008,1697,2705
20211118,수인선,신포,1765,1781,3546
20211118,수인선,숭의,3929,3616,7545
20211118,수인선,인하대,6232,5888,12120
20211118,수인선,송도,2501,2320,4821
20211118,수인선,연수,4508,4346,8854
20211118,수인선,원인재,4541,4718,9259
20211118,안산선,안산,11602,10477,22079
20211118,일산선,원당,11583,10980,22563
20211118,안산선,신길온천,1768,1649,3417
20211118,안산선,오이도,8501,8332,16833
20211118,일산선,원흥,10803,10202,21005
20211118,우이신설선,신설동,2150,2098,4248
20211118,우이신설선,보문,1613,1582,3195
20211118,우이신설선,성신여대입구,3225,3690,6915
20211118,우이신설선,정릉,4693,4278,8971
20211118,우이신설선,북한산보국문,6006,5499,11505
20211118,우이신설선,솔샘,5996,5453,11449
20211118,우이신설선,삼양사거리,2496,2436,4932
20211118,우이신설선,삼양,1970,2031,4001
20211118,우이신설선,화계,3388,3198,6586
20211118,우이신설선,가오리,3995,4016,8011
20211118,우이신설선,4.19민주묘지,2932,2714,5646
20211118,우이신설선,솔밭공원,2459,2294,4753
20211118,우이신설선,북한산우이,2587,2369,4956
20211118,안산선,수리산,4316,3393,7709
20211118,안산선,정왕,9882,10051,19933
20211118,경춘선,퇴계원,3710,3396,7106
20211118,9호선,여의도,27880,27122,55002
20211118,경춘선,갈매,3143,2698,5841
20211118,경부선,화서,8395,7971,16366
20211118,경부선,성균관대,15173,14787,29960
20211118,경부선,의왕,9835,9633,19468
20211118,경부선,군포,7913,7825,15738
20211118,경부선,금정,27093,27655,54748
20211118,경부선,명학,9625,9479,19104
20211118,경부선,안양,24358,24323,48681
20211118,경부선,관악,7570,6909,14479
20211118,경부선,석수,10147,9006,19153
20211118,경부선,금천구청,12316,11999,24315
20211118,경부선,가산디지털단지,18883,21793,40676
20211118,경부선,구로,19233,19944,39177
20211118,경부선,신길,9325,7894,17219
20211118,경부선,신도림,4305,4433,8738
20211118,경부선,영등포,36886,38221,75107
20211118,경부선,수원,35652,38316,73968
20211118,경부선,대방,13285,13599,26884
20211118,경부선,독산,18867,19563,38430
20211118,경부선,병점,14959,15064,30023
20211118,경부선,광명,3435,3072,6507
20211118,경부선,서동탄,1531,1374,2905
20211118,경부선,당정,6391,6044,12435
20211118,경부선,천안,5690,5662,11352
20211118,경부선,두정,5935,5800,11735
20211118,경부선,직산,754,741,1495
20211118,경부선,성환,5181,4960,10141
20211118,경부선,평택,12118,11977,24095
20211118,경부선,평택지제,3384,3308,6692
20211118,경부선,서정리,7303,6740,14043
20211118,경부선,송탄,4271,4092,8363
20211118,경부선,진위,1624,1508,3132
20211118,경부선,오산,10410,10340,20750
20211118,경부선,오산대,3974,3602,7576
20211118,경부선,세마,2970,2669,5639
20211118,경부선,세류,3221,2907,6128
20211118,경원선,이촌,3769,2863,6632
20211118,경부선,노량진,8800,9068,17868
20211118,경부선,남영,9213,9618,18831
20211118,9호선2~3단계,삼전,6734,6475,13209
20211118,9호선2~3단계,종합운동장,4074,4037,8111
20211118,9호선2~3단계,봉은사,17118,17825,34943
20211118,9호선2~3단계,삼성중앙,6961,7387,14348
20211118,9호선2~3단계,선정릉,9901,10864,20765
20211118,9호선2~3단계,언주,10454,10789,21243
20211118,9호선,신논현,30983,31670,62653
20211118,9호선,사평,3831,3532,7363
20211118,9호선,고속터미널,12004,15375,27379
20211118,9호선,신반포,3356,3261,6617
20211118,9호선,구반포,1892,1981,3873
20211118,9호선,동작,1870,1573,3443
20211118,9호선,흑석,7944,8203,16147
20211118,9호선,노들,4482,3718,8200
20211118,경춘선,별내,3432,3142,6574
20211118,9호선2~3단계,석촌고분,6124,5933,12057
20211118,경부선,용산,33787,34556,68343
20211118,9호선2~3단계,석촌,8449,7468,15917
20211118,9호선2~3단계,한성백제,2595,2339,4934
20211118,경부선,서울역,6166,2048,8214
20211118,경강선,여주,2057,1971,4028
20211118,경강선,세종대왕릉,318,314,632
20211118,경강선,부발,1951,1816,3767
20211118,경강선,이천,2550,2624,5174
20211118,경강선,신둔도예촌,1571,1377,2948
20211118,경강선,곤지암,2347,2240,4587
20211118,경강선,초월,3119,2950,6069
20211118,경강선,경기광주,7545,7085,14630
20211118,경강선,삼동,2337,2165,4502
20211118,경강선,이매,1103,914,2017
20211118,경강선,판교,4695,4779,9474
20211118,9호선2~3단계,중앙보훈병원,10492,9111,19603
20211118,9호선2~3단계,둔촌오륜,1159,1018,2177
20211118,9호선2~3단계,올림픽공원,6181,6188,12369
20211118,9호선2~3단계,송파나루,4792,4991,9783
20211118,경원선,서빙고,2137,2131,4268
20211118,9호선,노량진,25803,25155,50958
20211118,경원선,옥수,55,33,88
20211118,경인선,오류동,12063,11177,23240
20211118,경인선,개봉,21709,21529,43238
20211118,경의선,임진강,15,7,22
20211118,경의선,문산,4944,5051,9995
20211118,경의선,파주,1363,1118,2481
20211118,경의선,월롱,2763,2470,5233
20211118,경의선,금촌,6250,6167,12417
20211118,경의선,금릉,4999,4832,9831
20211118,경의선,운정,7140,6624,13764
20211118,경의선,야당,7394,7175,14569
20211118,경의선,탄현,8104,7749,15853
20211118,경의선,일산,10182,10076,20258
20211118,경의선,풍산,5936,5468,11404
20211118,경의선,백마,7215,6926,14141
20211118,경의선,곡산,634,679,1313
20211118,경인선,부천,32629,32879,65508
20211118,경의선,능곡,3785,3486,7271
20211118,경인선,송내,27524,27277,54801
20211118,경인선,백운,7058,6927,13985
20211118,경원선,한남,4290,4143,8433
20211118,경춘선,신내,1983,1853,3836
20211118,경인선,도화,4148,3936,8084
20211118,경인선,중동,9577,8880,18457
20211118,경인선,온수,6880,6485,13365
20211118,경인선,도원,2313,2453,4766
20211118,경인선,간석,5925,5641,11566
20211118,경인선,부개,8825,8135,16960
20211118,경인선,소사,8814,8497,17311
20211118,경인선,구일,12662,14080,26742
20211118,경인선,인천,3588,2747,6335
20211118,경인선,동인천,13972,13309,27281
20211118,경인선,제물포,10535,9926,20461
20211118,경인선,주안,19151,17054,36205
20211118,경인선,동암,14839,14881,29720
20211118,경인선,부평,29228,31274,60502
20211118,경의선,행신,8074,8110,16184
20211118,경인선,역곡,28249,27682,55931
20211118,경의선,화전,1867,1710,3577
20211118,경원선,의정부,18008,18811,36819
20211118,경원선,회룡,12419,12194,24613
20211118,경원선,망월사,7982,8140,16122
20211118,경원선,도봉산,7552,4742,12294
20211118,경원선,도봉,5998,5802,11800
20211118,경원선,방학,9469,9218,18687
20211118,경원선,녹천,4559,3855,8414
20211118,경원선,월계,7048,6565,13613
20211118,경원선,광운대,8277,7872,16149
20211118,경원선,석계,8341,9452,17793
20211118,경원선,신이문,8496,7807,16303
20211118,경원선,외대앞,8441,8285,16726
20211118,경원선,청량리,14932,15228,30160
20211118,경의선,강매,3370,2870,6240
20211118,경원선,응봉,1947,1628,3575
20211118,경원선,가능,6583,6306,12889
20211118,경원선,녹양,4575,4215,8790
20211118,경원선,왕십리,13971,15816,29787
20211118,경원선,덕계,3205,2872,6077
20211118,경원선,양주,7918,7310,15228
20211118,경의선,가좌,5457,5127,10584
20211118,경의선,홍대입구,1677,1947,3624
20211118,경의선,서강대,2107,2077,4184
20211118,경의선,공덕,3548,3277,6825
20211118,경의선,효창공원앞,2976,3348,6324
20211118,경의선,신촌,933,1111,2044
20211118,경의선,디지털미디어시티,2612,2384,4996
20211118,경원선,소요산,2341,2012,4353
20211118,경원선,동두천,2019,2383,4402
20211118,경원선,보산,1420,1282,2702
20211118,경원선,동두천중앙,3085,3012,6097
20211118,경원선,지행,6801,6576,13377
20211118,경원선,덕정,5834,5667,11501
20211118,경의선,서울역,4483,5745,10228
20211118,경의선,수색,2890,2981,5871
20211119,경인선,송내,28154,27841,55995
20211119,경인선,부평,30549,34810,65359
20211119,경인선,백운,7201,6971,14172
20211119,경인선,동암,15382,15434,30816
20211119,경인선,주안,20314,18185,38499
20211119,경인선,제물포,11288,10433,21721
20211119,경인선,소사,9051,8821,17872
20211119,경인선,인천,3966,3170,7136
20211119,경인선,구일,6767,6584,13351
20211119,경인선,부개,8774,8051,16825
20211119,경인선,간석,6003,5580,11583
20211119,경인선,도원,2693,2823,5516
20211119,경인선,부천,33740,34295,68035
20211119,경인선,온수,6808,6497,13305
20211119,경인선,동인천,14245,13521,27766
20211119,경인선,역곡,29139,27936,57075
20211119,경의선,금릉,5067,4851,9918
20211119,경인선,개봉,22474,21759,44233
20211119,경인선,중동,9684,8959,18643
20211119,경의선,행신,8639,8687,17326
20211119,경의선,능곡,3940,3616,7556
20211119,경의선,곡산,647,688,1335
20211119,경의선,백마,7435,6934,14369
20211119,경의선,풍산,5803,5499,11302
20211119,경의선,일산,9614,9381,18995
20211119,경의선,탄현,8171,7662,15833
20211119,경의선,야당,7530,7612,15142
20211119,경의선,운정,7396,6809,14205
20211119,경의선,금촌,6870,6741,13611
20211119,경의선,월롱,2979,2255,5234
20211119,경의선,파주,1360,897,2257
20211119,경의선,문산,5851,5641,11492
20211119,경의선,임진강,20,53,73
20211119,경인선,오류동,12334,11219,23553
20211119,경인선,도화,4330,3956,8286
20211119,과천선,대공원,3628,3803,7431
20211119,경춘선,갈매,3225,2727,5952
20211119,공항철도 1호선,홍대입구,10745,11640,22385
20211119,공항철도 1호선,디지털미디어시티,14241,12766,27007
20211119,공항철도 1호선,마곡나루,8376,7999,16375
20211119,공항철도 1호선,김포공항,15003,7479,22482
20211119,공항철도 1호선,계양,10757,9876,20633
20211119,공항철도 1호선,검암,7355,7347,14702
20211119,공항철도 1호선,청라국제도시,7163,6846,14009
20211119,공항철도 1호선,운서,7271,7095,14366
20211119,공항철도 1호선,공항화물청사,2303,2520,4823
20211119,공항철도 1호선,인천공항1터미널,4364,4489,8853
20211119,공항철도 1호선,인천공항2터미널,2284,2111,4395
20211119,공항철도 1호선,영종,3144,3308,6452
20211119,과천선,선바위,9282,7879,17161
20211119,과천선,경마공원,4709,4640,9349
20211119,과천선,과천,6191,5495,11686
20211119,공항철도 1호선,공덕,2365,3296,5661
20211119,경춘선,신내,2016,1852,3868
20211119,공항철도 1호선,서울역,10160,9816,19976
20211119,경춘선,남춘천,2937,2782,5719
20211119,경춘선,별내,3480,3287,6767
20211119,경춘선,퇴계원,3781,3487,7268
20211119,경춘선,사릉,3554,3391,6945
20211119,경춘선,금곡,1587,1428,3015
20211119,경춘선,평내호평,6455,6341,12796
20211119,경춘선,천마산,1758,1558,3316
20211119,경춘선,마석,4006,4001,8007
20211119,경춘선,대성리,497,708,1205
20211119,경춘선,청평,1628,1752,3380
20211119,경춘선,상천,270,254,524
20211119,경춘선,가평,1717,1956,3673
20211119,경춘선,굴봉산,124,122,246
20211119,경춘선,백양리,60,96,156
20211119,경춘선,강촌,417,446,863
20211119,경춘선,김유정,360,417,777
20211119,경춘선,춘천,1913,1472,3385
20211119,경의선,강매,3271,2784,6055
20211119,경원선,옥수,54,42,96
20211119,경의선,수색,2837,2901,5738
20211119,경부선,세류,3277,2999,6276
20211119,경부선,병점,16153,15440,31593
20211119,경부선,세마,2999,2700,5699
20211119,경부선,오산대,3954,3660,7614
20211119,경부선,오산,11051,10527,21578
20211119,경부선,진위,1873,1503,3376
20211119,경부선,송탄,4842,4515,9357
20211119,경부선,서정리,7946,6722,14668
20211119,경부선,평택지제,3938,3759,7697
20211119,경부선,평택,14081,13344,27425
20211119,경부선,성환,4232,3829,8061
20211119,경부선,직산,919,887,1806
20211119,경부선,두정,6477,5943,12420
20211119,경부선,천안,6393,6671,13064
20211119,경부선,당정,6583,6229,12812
20211119,경부선,독산,18928,19258,38186
20211119,경부선,서동탄,1552,1431,2983
20211119,경부선,수원,38896,42991,81887
20211119,경부선,성균관대,15442,15043,30485
20211119,경부선,대방,13337,13352,26689
20211119,과천선,정부과천청사,10820,10291,21111
20211119,경부선,영등포,40916,44200,85116
20211119,경부선,신도림,4244,4407,8651
20211119,경부선,신길,9477,7975,17452
20211119,경부선,구로,19300,20211,39511
20211119,경부선,가산디지털단지,18552,21467,40019
20211119,경부선,금천구청,12428,12222,24650
20211119,경부선,석수,10202,8960,19162
20211119,경부선,관악,7694,7030,14724
20211119,경부선,안양,24583,24681,49264
20211119,경부선,명학,9461,9158,18619
20211119,경부선,금정,28151,28368,56519
20211119,경부선,군포,8100,7892,15992
20211119,경부선,의왕,9689,9407,19096
20211119,경부선,화서,8397,8063,16460
20211119,경의선,화전,1977,1750,3727
20211119,경부선,광명,4010,3721,7731
20211119,경원선,서빙고,2427,2382,4809
20211119,경원선,덕계,3326,2874,6200
20211119,경원선,덕정,6001,5697,11698
20211119,경원선,지행,6811,6753,13564
20211119,경원선,동두천중앙,3201,3146,6347
20211119,경원선,보산,1835,1466,3301
20211119,경원선,동두천,2245,2488,4733
20211119,경원선,소요산,2873,2505,5378
20211119,경의선,서울역,4607,5926,10533
20211119,경의선,신촌,960,1143,2103
20211119,경의선,효창공원앞,2892,3290,6182
20211119,경의선,공덕,3814,3469,7283
20211119,경의선,서강대,2237,2311,4548
20211119,경의선,홍대입구,1910,2238,4148
20211119,경의선,가좌,5588,5350,10938
20211119,경의선,디지털미디어시티,2778,2528,5306
20211119,경원선,양주,8217,7560,15777
20211119,경원선,이촌,3881,2816,6697
20211119,경원선,녹양,4821,4461,9282
20211119,경원선,의정부,19046,20334,39380
20211119,경원선,한남,4119,4046,8165
20211119,경원선,응봉,1913,1607,3520
20211119,경원선,왕십리,15250,17408,32658
20211119,경원선,청량리,17627,18537,36164
20211119,경원선,외대앞,9032,8569,17601
20211119,경원선,신이문,8697,7793,16490
20211119,경원선,석계,8731,9795,18526
20211119,경원선,광운대,8342,7926,16268
20211119,경원선,월계,7091,6477,13568
20211119,경원선,녹천,4542,3941,8483
20211119,경원선,방학,9837,9515,19352
20211119,경원선,도봉,6404,6043,12447
20211119,경원선,도봉산,7997,5121,13118
20211119,경원선,망월사,8013,7908,15921
20211119,경원선,회룡,12990,12627,25617
20211119,경원선,가능,6815,6356,13171
20211119,과천선,인덕원,25830,26634,52464
20211119,우이신설선,삼양사거리,2493,2449,4942
20211119,과천선,범계,27082,27497,54579
20211119,중앙선,회기,26320,24784,51104
20211119,중앙선,중랑,5957,5557,11514
20211119,중앙선,상봉,6379,6199,12578
20211119,중앙선,망우,8158,7898,16056
20211119,중앙선,양원,1852,1743,3595
20211119,중앙선,구리,14134,14241,28375
20211119,장항선,신창,2752,1989,4741
20211119,중앙선,도농,10735,9718,20453
20211119,중앙선,덕소,5910,4561,10471
20211119,중앙선,도심,2457,1900,4357
20211119,중앙선,팔당,819,935,1754
20211119,중앙선,운길산,743,689,1432
20211119,중앙선,양수,1824,1921,3745
20211119,중앙선,신원,197,185,382
20211119,중앙선,양정,828,689,1517
20211119,장항선,온양온천,5263,5529,10792
20211119,장항선,배방,1293,1179,2472
20211119,장항선,탕정,431,361,792
20211119,우이신설선,보문,1451,1483,2934
20211119,우이신설선,신설동,2108,2139,4247
20211119,일산선,원흥,11193,10375,21568
20211119,일산선,삼송,19676,18498,38174
20211119,일산선,원당,11948,10899,22847
20211119,일산선,화정,17364,18121,35485
20211119,일산선,대곡,2022,1550,3572
20211119,일산선,백석,10224,10120,20344
20211119,일산선,마두,8061,8081,16142
20211119,일산선,정발산,7941,8257,16198
20211119,일산선,주엽,9593,9534,19127
20211119,일산선,대화,14776,11934,26710
20211119,장항선,봉명,1339,1229,2568
20211119,장항선,쌍용,2602,2195,4797
20211119,장항선,아산,4221,4040,8261
20211119,중앙선,국수,703,705,1408
20211119,중앙선,아신,599,619,1218
20211119,중앙선,오빈,314,295,609
20211119,중앙선,양평,2747,2926,5673
20211119,8호선,산성,6108,5941,12049
20211119,8호선,남한산성입구,14481,12556,27037
20211119,8호선,단대오거리,10988,10187,21175
20211119,8호선,신흥,4332,4616,8948
20211119,8호선,수진,5329,4699,10028
20211119,8호선,모란,5727,4789,10516
20211119,9호선,개화,2738,1868,4606
20211119,9호선,김포공항,8985,14189,23174
20211119,9호선,공항시장,3101,3199,6300
20211119,9호선,신방화,7045,6672,13717
20211119,9호선,마곡나루,12262,12184,24446
20211119,9호선,양천향교,10203,9843,20046
20211119,9호선,가양,21591,20498,42089
20211119,9호선,증미,7544,7200,14744
20211119,경부선,노량진,9756,10059,19815
20211119,8호선,복정,12243,10202,22445
20211119,우이신설선,성신여대입구,3426,3862,7288
20211119,8호선,장지,17951,16788,34739
20211119,8호선,가락시장,7982,9120,17102
20211119,중앙선,원덕,369,407,776
20211119,중앙선,용문,1789,1959,3748
20211119,중앙선,지평,60,70,130
20211119,7호선,부천시청,13589,13475,27064
20211119,7호선,상동,13707,14471,28178
20211119,7호선,삼산체육관,5519,4738,10257
20211119,7호선,굴포천,9541,9959,19500
20211119,7호선,부평구청,7775,6908,14683
20211119,8호선,암사,19518,16795,36313
20211119,8호선,천호,15224,18094,33318
20211119,8호선,강동구청,10641,10815,21456
20211119,8호선,몽촌토성,6454,6555,13009
20211119,8호선,잠실,14577,17749,32326
20211119,8호선,석촌,7989,9438,17427
20211119,8호선,송파,7596,7576,15172
20211119,8호선,문정,22360,23202,45562
20211119,우이신설선,정릉,4811,4145,8956
20211119,우이신설선,북한산보국문,6203,5579,11782
20211119,우이신설선,솔샘,6023,5299,11322
20211119,분당선,정자,18689,19786,38475
20211119,분당선,미금,16269,17184,33453
20211119,분당선,오리,12726,10341,23067
20211119,분당선,이매,5947,5657,11604
20211119,분당선,보정,2486,2238,4724
20211119,분당선,죽전,14751,15825,30576
20211119,분당선,구성,5483,5617,11100
20211119,분당선,신갈,4757,4519,9276
20211119,분당선,기흥,10459,9703,20162
20211119,분당선,상갈,5984,5528,11512
20211119,분당선,청명,4646,4289,8935
20211119,분당선,영통,9344,9468,18812
20211119,분당선,망포,16171,14509,30680
20211119,분당선,매탄권선,5499,4984,10483
20211119,분당선,수원시청,13766,16285,30051
20211119,분당선,수내,13766,13717,27483
20211119,분당선,매교,2910,2965,5875
20211119,분당선,서현,26390,27177,53567
20211119,분당선,모란,25907,27087,52994
20211119,분당선,선릉,13690,21035,34725
20211119,분당선,한티,15773,16694,32467
20211119,분당선,도곡,7203,6207,13410
20211119,분당선,구룡,1992,1833,3825
20211119,분당선,개포동,3909,4103,8012
20211119,분당선,대모산입구,4596,4135,8731
20211119,분당선,수서,15297,16089,31386
20211119,분당선,복정,2,0,2
20211119,분당선,수원,9011,8074,17085
20211119,분당선,서울숲,11974,12134,24108
20211119,분당선,압구정로데오,20781,24951,45732
20211119,분당선,강남구청,10510,12044,22554
20211119,분당선,선정릉,8087,8741,16828
20211119,분당선,가천대,9273,9605,18878
20211119,분당선,태평,14428,13642,28070
20211119,분당선,야탑,27496,28388,55884
20211119,과천선,평촌,18541,18049,36590
20211119,수인선,고색,4672,4339,9011
20211119,수인선,어천,960,810,1770
20211119,안산선,한대앞,10473,10291,20764
20211119,안산선,중앙,19169,20607,39776
20211119,안산선,고잔,9248,8914,18162
20211119,안산선,초지,5036,5109,10145
20211119,안산선,안산,11969,10871,22840
20211119,안산선,신길온천,1807,1699,3506
20211119,안산선,정왕,10627,10022,20649
20211119,안산선,오이도,8931,8867,17798
20211119,안산선,수리산,4395,3438,7833
20211119,우이신설선,북한산우이,2792,2527,5319
20211119,우이신설선,솔밭공원,2422,2226,4648
20211119,우이신설선,4.19민주묘지,2968,2822,5790
20211119,우이신설선,가오리,4289,3981,8270
20211119,우이신설선,화계,3421,3108,6529
20211119,우이신설선,삼양,2005,2035,4040
20211119,안산선,상록수,16717,16578,33295
20211119,수인선,오목천,3470,2974,6444
20211119,안산선,반월,4398,4058,8456
20211119,안산선,산본,16695,18030,34725
20211119,수인선,야목,354,254,608
20211119,수인선,사리,4665,4153,8818
20211119,수인선,달월,108,61,169
20211119,수인선,월곶,2599,2487,5086
20211119,수인선,소래포구,5903,5739,11642
20211119,수인선,인천논현,5842,6226,12068
20211119,수인선,호구포,4089,4170,8259
20211119,수인선,남동인더스파크,2313,2566,4879
20211119,수인선,원인재,4765,4912,9677
20211119,수인선,연수,4766,4828,9594
20211119,수인선,송도,2699,2480,5179
20211119,수인선,인하대,6606,6019,12625
20211119,수인선,숭의,4155,3796,7951
20211119,수인선,신포,1847,1920,3767
20211119,수인선,인천,1102,1872,2974
20211119,안산선,대야미,5376,4563,9939
20211119,경부선,용산,39936,42040,81976
20211119,9호선,등촌,12161,11670,23831
20211119,경부선,서울역,8747,2720,11467
20211119,3호선,홍제,17923,16601,34524
20211119,3호선,무악재,4019,4034,8053
20211119,3호선,독립문,7118,7430,14548
20211119,3호선,경복궁,22761,23011,45772
20211119,3호선,안국,22973,24497,47470
20211119,3호선,종로3가,10347,12591,22938
20211119,3호선,녹번,16184,14194,30378
20211119,3호선,을지로3가,11388,11935,23323
20211119,3호선,약수,13211,12935,26146
20211119,3호선,금호,8355,7387,15742
20211119,3호선,옥수,9511,9654,19165
20211119,3호선,압구정,34193,37301,71494
20211119,3호선,신사,32871,36262,69133
20211119,3호선,잠원,5220,4909,10129
20211119,3호선,동대입구,9194,10015,19209
20211119,3호선,불광,16922,17739,34661
20211119,3호선,연신내,37681,35581,73262
20211119,3호선,구파발,21328,20110,41438
20211119,2호선,당산,19521,22335,41856
20211119,2호선,합정,33182,37633,70815
20211119,2호선,홍대입구,58159,66934,125093
20211119,2호선,신촌,34418,35849,70267
20211119,2호선,이대,14428,14786,29214
20211119,2호선,아현,10529,9621,20150
20211119,2호선,충정로,10084,10650,20734
20211119,2호선,용답,2871,2806,5677
20211119,2호선,신답,1703,1856,3559
20211119,2호선,신설동,3370,3333,6703
20211119,2호선,도림천,1254,1317,2571
20211119,2호선,양천구청,6966,7211,14177
20211119,2호선,신정네거리,10684,10728,21412
20211119,2호선,용두,2448,2430,4878
20211119,3호선,지축,4736,4369,9105
20211119,3호선,고속터미널,46762,50464,97226
20211119,3호선,교대,14919,9657,24576
20211119,3호선,남부터미널,32824,33144,65968
20211119,3호선,양재,42299,44974,87273
20211119,4호선,충무로,27404,28794,56198
20211119,4호선,명동,18873,20433,39306
20211119,4호선,회현,23913,25973,49886
20211119,4호선,서울역,11543,19936,31479
20211119,4호선,숙대입구,13354,13408,26762
20211119,4호선,삼각지,5431,6456,11887
20211119,4호선,신용산,17743,18946,36689
20211119,4호선,이촌,7463,8370,15833
20211119,4호선,동작,1849,2047,3896
20211119,4호선,총신대입구,19674,21507,41181
20211119,4호선,사당,27087,23641,50728
20211119,4호선,남태령,1334,1066,2400
20211119,4호선,당고개,13289,11863,25152
20211119,4호선,상계,19613,17669,37282
20211119,4호선,노원,19488,22841,42329
20211119,4호선,동대문역사문화공원,15618,14767,30385
20211119,2호선,영등포구청,23509,24098,47607
20211119,4호선,동대문,20019,20949,40968
20211119,4호선,한성대입구,14244,13726,27970
20211119,3호선,매봉,12995,12465,25460
20211119,3호선,도곡,5528,5678,11206
20211119,3호선,대치,11628,11597,23225
20211119,3호선,학여울,1998,2002,4000
20211119,3호선,대청,10224,9416,19640
20211119,3호선,일원,9908,9361,19269
20211119,3호선,수서,18755,18863,37618
20211119,3호선,가락시장,9393,9262,18655
20211119,3호선,경찰병원,7581,7368,14949
20211119,3호선,오금,6587,5790,12377
20211119,4호선,수유,35355,35329,70684
20211119,4호선,미아,15336,14355,29691
20211119,4호선,미아사거리,28508,27158,55666
20211119,4호선,길음,21169,19683,40852
20211119,4호선,성신여대입구,21515,20588,42103
20211119,4호선,혜화,34787,35691,70478
20211119,2호선,문래,22136,22918,45054
20211119,2호선,신도림,49681,50068,99749
20211119,2호선,대림,24474,24787,49261
20211119,5호선,굽은다리,9740,9029,18769
20211119,5호선,길동,8187,8661,16848
20211119,5호선,강동,18945,17431,36376
20211119,5호선,천호,18607,18915,37522
20211119,5호선,광나루,14299,12822,27121
20211119,5호선,아차산,14775,14017,28792
20211119,5호선,군자,11689,12840,24529
20211119,5호선,장한평,19436,18925,38361
20211119,5호선,답십리,16611,14546,31157
20211119,5호선,마장,5709,5440,11149
20211119,7호선,장암,2441,1038,3479
20211119,1호선,서울역,51324,50066,101390
20211119,1호선,동묘앞,8187,8361,16548
20211119,1호선,시청,23064,23793,46857
20211119,1호선,종각,36232,36602,72834
20211119,5호선,명일,8863,8939,17802
20211119,1호선,종로3가,26941,25459,52400
20211119,5호선,고덕,9560,9561,19121
20211119,5호선,둔촌동,8929,8983,17912
20211119,6호선,독바위,2699,2741,5440
20211119,6호선,불광,4258,4113,8371
20211119,6호선,역촌,4001,4574,8575
20211119,6호선,응암,18027,16966,34993
20211119,5호선,하남검단산,5606,5350,10956
20211119,5호선,하남시청,6701,6511,13212
20211119,5호선,하남풍산,4422,4344,8766
20211119,5호선,미사,16739,16399,33138
20211119,5호선,강일,3884,3783,7667
20211119,5호선,마천,7043,6643,13686
20211119,5호선,거여,9530,8697,18227
20211119,5호선,개롱,6488,6762,13250
20211119,5호선,오금,3648,3585,7233
20211119,5호선,방이,7185,7512,14697
20211119,5호선,올림픽공원,4569,4136,8705
20211119,5호선,상일동,15969,13956,29925
20211119,4호선,창동,26552,27791,54343
20211119,1호선,종로5가,22465,22688,45153
20211119,1호선,신설동,14310,13733,28043
20211119,2호선,종합운동장,7141,7750,14891
20211119,2호선,삼성,56088,56599,112687
20211119,2호선,선릉,57874,51955,109829
20211119,2호선,역삼,51496,57998,109494
20211119,2호선,강남,89195,92803,181998
20211119,2호선,교대,35663,41134,76797
20211119,2호선,서초,21869,21185,43054
20211119,2호선,방배,18029,18800,36829
20211119,2호선,사당,40374,45034,85408
20211119,2호선,낙성대,28754,25717,54471
20211119,2호선,서울대입구,50341,48522,98863
20211119,2호선,봉천,24592,21861,46453
20211119,2호선,신림,65562,62451,128013
20211119,2호선,신대방,27263,25578,52841
20211119,2호선,구로디지털단지,62107,61665,123772
20211119,2호선,잠실새내,21891,22669,44560
20211119,1호선,동대문,11405,10609,22014
20211119,2호선,잠실,73943,73675,147618
20211119,2호선,강변,34545,33633,68178
20211119,1호선,제기동,17326,17515,34841
20211119,1호선,청량리,20676,21076,41752
20211119,2호선,시청,24238,23629,47867
20211119,2호선,을지로입구,39403,40649,80052
20211119,2호선,을지로3가,22983,23862,46845
20211119,2호선,을지로4가,13462,13455,26917
20211119,2호선,동대문역사문화공원,12627,14826,27453
20211119,2호선,신당,14260,14626,28886
20211119,2호선,상왕십리,14941,13995,28936
20211119,2호선,왕십리,16900,14603,31503
20211119,2호선,한양대,8371,9030,17401
20211119,2호선,뚝섬,22889,24720,47609
20211119,2호선,성수,37992,41988,79980
20211119,2호선,건대입구,37555,42553,80108
20211119,2호선,구의,24325,23589,47914
20211119,2호선,잠실나루,15214,14447,29661
20211119,4호선,쌍문,30451,26901,57352
20211119,경부선,남영,9390,9740,19130
20211119,5호선,개화산,5648,5270,10918
20211119,7호선,신풍,11825,11093,22918
20211119,7호선,대림,7948,8038,15986
20211119,7호선,남구로,15610,16618,32228
20211119,7호선,가산디지털단지,46130,45853,91983
20211119,7호선,철산,22169,22954,45123
20211119,7호선,광명사거리,23169,22575,45744
20211119,7호선,보라매,9917,9490,19407
20211119,7호선,천왕,11877,10811,22688
20211119,7호선,까치울,8087,7708,15795
20211119,7호선,부천종합운동장,5071,4287,9358
20211119,7호선,춘의,10237,9941,20178
20211119,7호선,신중동,14894,15186,30080
20211119,9호선,염창,18266,17109,35375
20211119,9호선,신목동,4301,3626,7927
20211119,7호선,온수,10825,10001,20826
20211119,7호선,신대방삼거리,16826,15599,32425
20211119,7호선,장승배기,9532,9137,18669
20211119,7호선,상도,11301,10431,21732
20211119,7호선,중곡,10521,9844,20365
20211119,7호선,군자,15405,12224,27629
20211119,7호선,어린이대공원,13376,12949,26325
20211119,7호선,건대입구,12402,13393,25795
20211119,7호선,뚝섬유원지,8796,8392,17188
20211119,7호선,청담,19369,22343,41712
20211119,7호선,강남구청,16594,18811,35405
20211119,7호선,학동,24020,26006,50026
20211119,7호선,논현,20918,23620,44538
20211119,7호선,반포,6216,5757,11973
20211119,7호선,고속터미널,18655,15137,33792
20211119,7호선,내방,14946,15120,30066
20211119,7호선,이수,16420,16276,32696
20211119,7호선,남성,11305,10082,21387
20211119,7호선,숭실대입구,15259,14459,29718
20211119,9호선,당산,19120,18831,37951
20211119,9호선,국회의사당,16388,16699,33087
20211119,9호선,여의도,28852,27180,56032
20211119,9호선,샛강,5795,6228,12023
20211119,9호선2~3단계,올림픽공원,8163,7963,16126
20211119,9호선2~3단계,둔촌오륜,1078,1039,2117
20211119,9호선2~3단계,중앙보훈병원,10357,8863,19220
20211119,경강선,판교,4779,4821,9600
20211119,경강선,이매,1155,1000,2155
20211119,경강선,삼동,2517,2223,4740
20211119,경강선,경기광주,7953,7294,15247
20211119,경강선,초월,3378,3009,6387
20211119,경강선,곤지암,2498,2330,4828
20211119,경강선,신둔도예촌,1694,1556,3250
20211119,경강선,이천,2974,3093,6067
20211119,경강선,부발,2949,2058,5007
20211119,경강선,세종대왕릉,402,388,790
20211119,경강선,여주,2159,2357,4516
20211119,5호선,방화,6715,6205,12920
20211119,9호선2~3단계,한성백제,2754,2415,5169
20211119,7호선,용마산,6210,5818,12028
20211119,9호선2~3단계,송파나루,5122,5516,10638
20211119,9호선2~3단계,석촌고분,6274,6056,12330
20211119,9호선,노량진,27954,27311,55265
20211119,9호선,노들,4634,3750,8384
20211119,9호선,흑석,8408,8665,17073
20211119,9호선,동작,1931,1550,3481
20211119,9호선,구반포,1951,1968,3919
20211119,9호선,신반포,3488,3302,6790
20211119,9호선,고속터미널,14141,19687,33828
20211119,9호선,사평,3600,3362,6962
20211119,9호선,신논현,34643,36370,71013
20211119,9호선2~3단계,언주,11000,11058,22058
20211119,9호선2~3단계,선정릉,9918,10850,20768
20211119,9호선2~3단계,삼성중앙,6848,7185,14033
20211119,9호선2~3단계,봉은사,18062,18932,36994
20211119,9호선2~3단계,종합운동장,4386,4284,8670
20211119,9호선2~3단계,삼전,7064,6720,13784
20211119,9호선2~3단계,석촌,9033,7790,16823
20211119,7호선,사가정,16794,16486,33280
20211119,9호선,선유도,8972,8227,17199
20211119,7호선,상봉,17817,16932,34749
20211119,5호선,서대문,18840,19387,38227
20211119,5호선,광화문,31556,33927,65483
20211119,5호선,종로3가,13525,14212,27737
20211119,5호선,을지로4가,6075,6495,12570
20211119,5호선,동대문역사문화공원,2872,3437,6309
20211119,5호선,청구,4140,3864,8004
20211119,5호선,신금호,6571,6701,13272
20211119,5호선,행당,8241,7176,15417
20211119,5호선,왕십리,4696,5771,10467
20211119,6호선,구산,7697,5586,13283
20211119,6호선,새절,13077,11798,24875
20211119,6호선,증산,10276,9797,20073
20211119,6호선,디지털미디어시티,14063,14819,28882
20211119,6호선,월드컵경기장,4239,4615,8854
20211119,6호선,마포구청,15077,13060,28137
20211119,5호선,애오개,6932,6908,13840
20211119,6호선,망원,14942,16122,31064
20211119,5호선,공덕,14449,15501,29950
20211119,5호선,여의나루,11388,12516,23904
20211119,7호선,면목,16803,16018,32821
20211119,5호선,송정,6853,6395,13248
20211119,5호선,마곡,10927,10745,21672
20211119,5호선,발산,20076,21497,41573
20211119,5호선,우장산,14727,14286,29013
20211119,5호선,화곡,29402,26465,55867
20211119,5호선,까치산,29618,27681,57299
20211119,5호선,신정,14224,11016,25240
20211119,5호선,목동,17780,18691,36471
20211119,5호선,오목교,22575,24498,47073
20211119,5호선,양평,7653,7314,14967
20211119,5호선,영등포구청,3958,4093,8051
20211119,5호선,영등포시장,10234,10547,20781
20211119,5호선,신길,4126,4227,8353
20211119,5호선,여의도,28539,30451,58990
20211119,5호선,마포,14834,15615,30449
20211119,6호선,합정,13767,14234,28001
20211119,5호선,충정로,4773,4755,9528
20211119,5호선,김포공항,8632,7850,16482
20211119,6호선,돌곶이,10023,8978,19001
20211119,6호선,석계,12645,12734,25379
20211119,6호선,태릉입구,5691,6242,11933
20211119,6호선,화랑대,12033,9090,21123
20211119,6호선,봉화산,9202,8507,17709
20211119,7호선,도봉산,9467,10753,20220
20211119,7호선,수락산,12940,12291,25231
20211119,7호선,마들,13222,12157,25379
20211119,7호선,노원,19845,21596,41441
20211119,7호선,중계,14623,12915,27538
20211119,7호선,하계,18136,16326,34462
20211119,7호선,공릉,12515,11943,24458
20211119,7호선,태릉입구,8996,8613,17609
20211119,7호선,먹골,10266,9852,20118
20211119,6호선,상수,8915,10934,19849
20211119,6호선,상월곡,6462,5666,12128
20211119,6호선,월곡,11889,11339,23228
20211119,7호선,중화,11143,10593,21736
20211119,6호선,안암,11267,10850,22117
20211119,6호선,고려대,8014,7416,15430
20211119,6호선,대흥,8275,8289,16564
20211119,6호선,공덕,19102,18532,37634
20211119,6호선,효창공원앞,7301,6384,13685
20211119,6호선,삼각지,6675,5612,12287
20211119,6호선,녹사평,5344,5558,10902
20211119,6호선,이태원,11470,14791,26261
20211119,6호선,한강진,8285,10061,18346
20211119,6호선,광흥창,9309,8838,18147
20211119,6호선,약수,3770,3772,7542
20211119,6호선,청구,3881,4085,7966
20211119,6호선,신당,8253,8643,16896
20211119,6호선,동묘앞,7890,7973,15863
20211119,6호선,창신,3607,2891,6498
20211119,6호선,보문,7566,6720,14286
20211119,6호선,버티고개,1986,1940,3926
20211122,경의선,서울역,4392,5518,9910
20211122,경의선,신촌,855,1091,1946
20211122,경의선,효창공원앞,2956,3323,6279
20211122,경의선,공덕,3680,3221,6901
20211122,경의선,서강대,2099,2076,4175
20211122,경의선,곡산,598,614,1212
20211122,경의선,홍대입구,1488,1789,3277
20211122,경의선,수색,2810,2947,5757
20211122,경의선,디지털미디어시티,2526,2243,4769
20211122,경의선,화전,1825,1719,3544
20211122,경의선,강매,3210,2748,5958
20211122,경의선,행신,7852,8022,15874
20211122,경의선,능곡,3854,3523,7377
20211122,경원선,소요산,2232,1881,4113
20211122,경의선,가좌,5307,5070,10377
20211122,경원선,동두천,2188,2395,4583
20211122,경원선,의정부,17585,17901,35486
20211122,경원선,동두천중앙,3160,3052,6212
20211122,경의선,백마,7073,6640,13713
20211122,경원선,광운대,8275,8040,16315
20211122,경원선,월계,7011,6606,13617
20211122,경원선,녹천,4811,4016,8827
20211122,경원선,방학,9520,9232,18752
20211122,경원선,도봉,5876,5720,11596
20211122,경원선,도봉산,7186,4591,11777
20211122,경원선,망월사,7668,7832,15500
20211122,경원선,회룡,12426,12154,24580
20211122,경원선,가능,6603,6389,12992
20211122,경원선,녹양,4589,4280,8869
20211122,경원선,양주,7808,7265,15073
20211122,경원선,덕계,3087,2804,5891
20211122,경원선,덕정,6028,5910,11938
20211122,경원선,지행,6622,6443,13065
20211122,경원선,보산,1465,1255,2720
20211122,경의선,풍산,5581,5084,10665
20211122,경춘선,사릉,3490,3182,6672
20211122,경의선,탄현,7889,7452,15341
20211122,경인선,동인천,13243,12391,25634
20211122,경인선,인천,3053,2252,5305
20211122,경인선,구일,6705,6722,13427
20211122,경인선,소사,8785,8506,17291
20211122,경인선,부개,8547,8050,16597
20211122,경인선,간석,5918,5567,11485
20211122,경인선,도원,3374,3356,6730
20211122,경인선,온수,6883,6549,13432
20211122,경인선,중동,9519,8878,18397
20211122,경인선,도화,4102,3875,7977
20211122,경춘선,신내,2134,2021,4155
20211122,경춘선,갈매,3100,2631,5731
20211122,경춘선,별내,3421,3190,6611
20211122,경춘선,퇴계원,3708,3349,7057
20211122,경원선,석계,7995,9175,17170
20211122,경인선,제물포,10984,10642,21626
20211122,경의선,일산,9431,9197,18628
20211122,경인선,주안,18807,16803,35610
20211122,경인선,백운,7096,7008,14104
20211122,경의선,야당,7184,6822,14006
20211122,경의선,운정,7105,6638,13743
20211122,경의선,금릉,4837,4539,9376
20211122,경의선,금촌,6299,6322,12621
20211122,경의선,월롱,2734,2743,5477
20211122,경의선,파주,1673,1150,2823
20211122,경의선,문산,4893,4877,9770
20211122,경의선,임진강,4,10,14
20211122,경의선,계양,1,0,1
20211122,경인선,개봉,21202,21531,42733
20211122,경인선,오류동,11939,11190,23129
20211122,경인선,역곡,28257,27687,55944
20211122,경인선,부천,32072,31993,64065
20211122,경인선,송내,26875,26890,53765
20211122,경인선,부평,28285,29790,58075
20211122,경인선,동암,14516,14496,29012
20211122,경원선,신이문,8526,7865,16391
20211122,9호선,고속터미널,11654,15109,26763
20211122,경원선,청량리,14783,15110,29893
20211122,경강선,경기광주,7493,7117,14610
20211122,경강선,초월,3189,3035,6224
20211122,경강선,곤지암,2214,2202,4416
20211122,경강선,신둔도예촌,1518,1387,2905
20211122,경강선,이천,2521,2732,5253
20211122,경강선,부발,1972,1960,3932
20211122,경강선,세종대왕릉,310,295,605
20211122,경강선,여주,2473,2496,4969
20211122,경부선,서울역,6525,1978,8503
20211122,경부선,남영,9320,9744,19064
20211122,경부선,용산,33000,33277,66277
20211122,경부선,노량진,8092,8481,16573
20211122,경부선,대방,12878,13202,26080
20211122,경부선,영등포,35465,36822,72287
20211122,경부선,신도림,3947,4028,7975
20211122,경강선,삼동,2435,2227,4662
20211122,경부선,신길,9085,7843,16928
20211122,경강선,이매,1144,1014,2158
20211122,9호선2~3단계,중앙보훈병원,10660,9356,20016
20211122,경춘선,금곡,1550,1437,2987
20211122,9호선,사평,3638,3627,7265
20211122,9호선,신논현,30951,31095,62046
20211122,9호선2~3단계,언주,10783,11111,21894
20211122,9호선2~3단계,선정릉,9846,10989,20835
20211122,9호선2~3단계,삼성중앙,7097,7513,14610
20211122,9호선2~3단계,봉은사,15867,16130,31997
20211122,9호선2~3단계,종합운동장,4207,4063,8270
20211122,9호선2~3단계,삼전,6797,6564,13361
20211122,9호선2~3단계,석촌고분,6066,6015,12081
20211122,9호선2~3단계,석촌,8301,7346,15647
20211122,9호선2~3단계,송파나루,4721,5250,9971
20211122,9호선2~3단계,한성백제,2621,2427,5048
20211122,9호선2~3단계,올림픽공원,5719,5704,11423
20211122,9호선2~3단계,둔촌오륜,1268,1193,2461
20211122,경강선,판교,4726,4586,9312
20211122,경원선,외대앞,8097,8244,16341
20211122,경부선,구로,18973,19002,37975
20211122,경부선,금천구청,12024,11664,23688
20211122,경부선,평택지제,3405,3226,6631
20211122,경부선,평택,11692,11760,23452
20211122,경부선,성환,4657,4933,9590
20211122,경부선,직산,743,699,1442
20211122,경부선,두정,5121,5692,10813
20211122,경부선,천안,5194,5496,10690
20211122,경부선,당정,6206,5959,12165
20211122,경부선,서동탄,1464,1257,2721
20211122,경부선,광명,3649,2908,6557
20211122,경원선,이촌,3566,2796,6362
20211122,경원선,서빙고,1884,1730,3614
20211122,경원선,한남,3972,3814,7786
20211122,경원선,옥수,50,52,102
20211122,경원선,응봉,1852,1583,3435
20211122,경원선,왕십리,13392,15306,28698
20211122,경부선,서정리,7141,7000,14141
20211122,경부선,가산디지털단지,18142,21475,39617
20211122,경부선,송탄,4313,4088,8401
20211122,경부선,오산,9834,9875,19709
20211122,경부선,석수,9723,8700,18423
20211122,경부선,관악,7279,6600,13879
20211122,경부선,안양,24129,23880,48009
20211122,경부선,명학,9388,9342,18730
20211122,경부선,금정,26275,26962,53237
20211122,경부선,군포,7774,7905,15679
20211122,경부선,의왕,9122,9227,18349
20211122,경부선,성균관대,14652,14599,29251
20211122,경부선,화서,7830,7403,15233
20211122,경부선,수원,33417,35294,68711
20211122,경부선,독산,18790,19421,38211
20211122,경부선,세류,2985,2666,5651
20211122,경부선,병점,14228,14224,28452
20211122,경부선,세마,2752,2580,5332
20211122,경부선,오산대,3772,3420,7192
20211122,경부선,진위,1679,1485,3164
20211122,경춘선,평내호평,6472,6086,12558
20211122,수인선,달월,89,52,141
20211122,경춘선,마석,4007,3965,7972
20211122,안산선,수리산,4275,3496,7771
20211122,우이신설선,북한산우이,2583,2350,4933
20211122,우이신설선,솔밭공원,2431,2386,4817
20211122,우이신설선,4.19민주묘지,2811,2710,5521
20211122,우이신설선,가오리,4038,4058,8096
20211122,우이신설선,화계,3410,3217,6627
20211122,안산선,오이도,8389,7724,16113
20211122,우이신설선,삼양,1998,2192,4190
20211122,우이신설선,솔샘,5891,5532,11423
20211122,우이신설선,북한산보국문,5854,5703,11557
20211122,우이신설선,정릉,4636,4249,8885
20211122,우이신설선,성신여대입구,3239,3545,6784
20211122,우이신설선,보문,1506,1524,3030
20211122,우이신설선,신설동,2124,2085,4209
20211122,우이신설선,삼양사거리,2461,2515,4976
20211122,안산선,정왕,9570,10352,19922
20211122,안산선,신길온천,1700,1535,3235
20211122,안산선,안산,11586,10449,22035
20211122,수인선,원인재,4505,4562,9067
20211122,수인선,연수,4564,4449,9013
20211122,수인선,송도,2463,2271,4734
20211122,수인선,인하대,5902,5618,11520
20211122,수인선,숭의,4034,3743,7777
20211122,수인선,신포,1748,1767,3515
20211122,수인선,인천,1010,1620,2630
20211122,안산선,산본,15621,16746,32367
20211122,안산선,대야미,4861,4460,9321
20211122,안산선,반월,4306,4149,8455
20211122,안산선,상록수,15961,16031,31992
20211122,안산선,한대앞,9675,9862,19537
20211122,안산선,중앙,17356,18061,35417
20211122,안산선,고잔,8796,8363,17159
20211122,안산선,초지,5052,5418,10470
20211122,일산선,원흥,10675,10185,20860
20211122,일산선,삼송,19077,18630,37707
20211122,일산선,원당,11193,10533,21726
20211122,일산선,화정,16743,17100,33843
20211122,중앙선,도농,10879,9604,20483
20211122,중앙선,양정,798,675,1473
20211122,중앙선,덕소,5816,4466,10282
20211122,중앙선,도심,2489,1886,4375
20211122,중앙선,팔당,742,765,1507
20211122,중앙선,운길산,629,566,1195
20211122,중앙선,양수,1869,1815,3684
20211122,중앙선,신원,166,159,325
20211122,중앙선,국수,743,723,1466
20211122,중앙선,아신,518,537,1055
20211122,중앙선,오빈,306,280,586
20211122,중앙선,양평,2619,2680,5299
20211122,중앙선,원덕,357,328,685
20211122,중앙선,용문,1700,1565,3265
20211122,9호선,신반포,3294,3160,6454
20211122,중앙선,구리,13656,13664,27320
20211122,수인선,남동인더스파크,2227,2565,4792
20211122,중앙선,양원,2090,2072,4162
20211122,중앙선,상봉,5740,5810,11550
20211122,일산선,대곡,1869,1524,3393
20211122,일산선,백석,9804,9709,19513
20211122,일산선,마두,7778,7878,15656
20211122,일산선,정발산,6713,6600,13313
20211122,일산선,주엽,9136,8956,18092
20211122,일산선,대화,13028,10222,23250
20211122,장항선,봉명,1154,1154,2308
20211122,장항선,쌍용,2391,2411,4802
20211122,장항선,아산,3533,2835,6368
20211122,장항선,탕정,327,304,631
20211122,장항선,배방,1015,982,1997
20211122,장항선,온양온천,3394,3425,6819
20211122,장항선,신창,1989,2357,4346
20211122,중앙선,회기,24405,23931,48336
20211122,중앙선,중랑,5591,5227,10818
20211122,중앙선,망우,7610,7387,14997
20211122,수인선,호구포,3908,4083,7991
20211122,수인선,인천논현,5486,5772,11258
20211122,수인선,소래포구,4843,4484,9327
20211122,공항철도 1호선,운서,6454,6429,12883
20211122,공항철도 1호선,공항화물청사,2165,2428,4593
20211122,공항철도 1호선,인천공항1터미널,3590,3729,7319
20211122,공항철도 1호선,인천공항2터미널,2291,2053,4344
20211122,공항철도 1호선,영종,2959,2879,5838
20211122,과천선,선바위,8369,7179,15548
20211122,과천선,경마공원,993,913,1906
20211122,과천선,대공원,1941,2079,4020
20211122,과천선,과천,5637,5235,10872
20211122,과천선,정부과천청사,10541,10335,20876
20211122,과천선,인덕원,23915,25259,49174
20211122,과천선,평촌,18257,17987,36244
20211122,과천선,범계,25231,25035,50266
20211122,분당선,선릉,14029,21289,35318
20211122,분당선,한티,15101,16429,31530
20211122,공항철도 1호선,청라국제도시,6843,6396,13239
20211122,분당선,도곡,6893,6249,13142
20211122,공항철도 1호선,검암,6760,6559,13319
20211122,공항철도 1호선,김포공항,12459,6984,19443
20211122,경춘선,대성리,502,408,910
20211122,경춘선,청평,1554,1469,3023
20211122,경춘선,상천,219,203,422
20211122,경춘선,가평,1537,1460,2997
20211122,경춘선,굴봉산,111,108,219
20211122,경춘선,백양리,88,61,149
20211122,경춘선,강촌,397,400,797
20211122,경춘선,김유정,269,252,521
20211122,경춘선,남춘천,2610,2887,5497
20211122,경춘선,춘천,1359,1474,2833
20211122,공항철도 1호선,서울역,7820,7280,15100
20211122,공항철도 1호선,공덕,2244,2944,5188
20211122,공항철도 1호선,홍대입구,8626,9113,17739
20211122,공항철도 1호선,디지털미디어시티,14223,12973,27196
20211122,공항철도 1호선,마곡나루,8373,8103,16476
20211122,공항철도 1호선,계양,10138,9547,19685
20211122,경춘선,천마산,1745,1603,3348
20211122,분당선,구룡,2187,2108,4295
20211122,분당선,대모산입구,4512,4108,8620
20211122,분당선,신갈,4657,4615,9272
20211122,분당선,기흥,10039,9335,19374
20211122,분당선,상갈,5460,5283,10743
20211122,분당선,청명,4416,4241,8657
20211122,분당선,영통,8369,8635,17004
20211122,분당선,망포,14480,13803,28283
20211122,분당선,매탄권선,5157,5044,10201
20211122,분당선,수원시청,12578,13309,25887
20211122,분당선,매교,3175,3148,6323
20211122,수인선,고색,4456,4145,8601
20211122,수인선,오목천,3281,3095,6376
20211122,수인선,어천,745,828,1573
20211122,수인선,야목,339,256,595
20211122,수인선,사리,4557,3971,8528
20211122,수인선,월곶,2480,2321,4801
20211122,분당선,구성,5016,5311,10327
20211122,분당선,개포동,3957,4067,8024
20211122,분당선,죽전,12932,14479,27411
20211122,분당선,이매,5860,5290,11150
20211122,분당선,수서,13881,14091,27972
20211122,분당선,수원,7851,6615,14466
20211122,분당선,서울숲,10278,10618,20896
20211122,분당선,압구정로데오,17076,18875,35951
20211122,분당선,강남구청,10360,11833,22193
20211122,분당선,선정릉,8269,8971,17240
20211122,분당선,가천대,9333,10334,19667
20211122,분당선,태평,13495,12952,26447
20211122,분당선,모란,19401,19520,38921
20211122,분당선,야탑,25573,26678,52251
20211122,분당선,서현,24451,24877,49328
20211122,분당선,수내,13124,13143,26267
20211122,분당선,정자,17322,18636,35958
20211122,분당선,미금,15409,16457,31866
20211122,분당선,오리,11949,9945,21894
20211122,분당선,보정,2607,2258,4865
20211122,중앙선,지평,63,72,135
20211122,9호선,구반포,1810,1865,3675
20211122,9호선,흑석,7809,8275,16084
20211122,4호선,미아,14832,14472,29304
20211122,4호선,미아사거리,27224,26219,53443
20211122,4호선,길음,20059,19650,39709
20211122,4호선,성신여대입구,19523,18983,38506
20211122,4호선,한성대입구,13220,13015,26235
20211122,4호선,혜화,29432,29602,59034
20211122,4호선,수유,33169,33296,66465
20211122,4호선,동대문,19734,20392,40126
20211122,4호선,충무로,25791,27078,52869
20211122,4호선,명동,18246,18425,36671
20211122,4호선,회현,21274,22715,43989
20211122,4호선,서울역,11084,15940,27024
20211122,4호선,숙대입구,12947,12738,25685
20211122,4호선,삼각지,4907,5254,10161
20211122,4호선,동대문역사문화공원,14000,12955,26955
20211122,3호선,오금,6349,5617,11966
20211122,3호선,경찰병원,7697,7751,15448
20211122,3호선,가락시장,8930,8795,17725
20211122,3호선,옥수,8577,9029,17606
20211122,3호선,압구정,28950,30767,59717
20211122,3호선,신사,29528,31086,60614
20211122,3호선,잠원,4812,4788,9600
20211122,3호선,고속터미널,39314,37153,76467
20211122,3호선,교대,14177,9297,23474
20211122,3호선,남부터미널,28393,29386,57779
20211122,3호선,양재,38972,42699,81671
20211122,3호선,매봉,12930,12287,25217
20211122,3호선,도곡,5632,5580,11212
20211122,3호선,대치,11427,11700,23127
20211122,3호선,학여울,1773,1836,3609
20211122,3호선,대청,11062,10231,21293
20211122,3호선,일원,10806,10587,21393
20211122,3호선,수서,17139,17602,34741
20211122,4호선,신용산,16841,17664,34505
20211122,4호선,이촌,6969,7628,14597
20211122,4호선,동작,1461,1678,3139
20211122,4호선,총신대입구,18330,19959,38289
20211122,5호선,양평,7567,7626,15193
20211122,5호선,영등포구청,3875,4066,7941
20211122,5호선,영등포시장,9694,10007,19701
20211122,5호선,신길,4069,4499,8568
20211122,5호선,여의도,29284,30240,59524
20211122,5호선,여의나루,8789,10225,19014
20211122,5호선,마포,14765,15249,30014
20211122,5호선,공덕,14087,15267,29354
20211122,5호선,애오개,6780,6876,13656
20211122,5호선,충정로,5083,5276,10359
20211122,5호선,서대문,20037,20487,40524
20211122,5호선,광화문,30696,31882,62578
20211122,5호선,종로3가,11774,11439,23213
20211122,5호선,을지로4가,6061,6200,12261
20211122,5호선,동대문역사문화공원,3033,3485,6518
20211122,5호선,오목교,21640,23298,44938
20211122,3호선,약수,12881,12543,25424
20211122,5호선,목동,16639,18193,34832
20211122,5호선,까치산,28624,27521,56145
20211122,4호선,사당,24075,20494,44569
20211122,4호선,남태령,1159,1062,2221
20211122,4호선,당고개,12868,11434,24302
20211122,4호선,상계,19057,17468,36525
20211122,4호선,노원,17845,20079,37924
20211122,4호선,창동,24731,26148,50879
20211122,4호선,쌍문,29093,26699,55792
20211122,5호선,방화,6739,6549,13288
20211122,5호선,개화산,5595,5292,10887
20211122,5호선,김포공항,7453,6685,14138
20211122,5호선,송정,6630,6220,12850
20211122,5호선,마곡,11021,10854,21875
20211122,5호선,발산,20199,20500,40699
20211122,5호선,우장산,14755,14661,29416
20211122,5호선,화곡,28198,26396,54594
20211122,5호선,신정,13978,11583,25561
20211122,3호선,동대입구,7531,7826,15357
20211122,3호선,충무로,1,0,1
20211122,3호선,을지로3가,10810,10966,21776
20211122,2호선,한양대,8510,9412,17922
20211122,2호선,뚝섬,20865,22426,43291
20211122,2호선,성수,36293,39286,75579
20211122,2호선,건대입구,32066,34903,66969
20211122,2호선,구의,23369,23341,46710
20211122,2호선,강변,29729,28688,58417
20211122,2호선,잠실나루,14882,14706,29588
20211122,2호선,잠실,63912,64192,128104
20211122,2호선,잠실새내,20832,20849,41681
20211122,2호선,종합운동장,6662,7572,14234
20211122,2호선,삼성,51959,52746,104705
20211122,2호선,선릉,58444,52230,110674
20211122,2호선,역삼,54413,59682,114095
20211122,2호선,강남,82649,81796,164445
20211122,2호선,교대,34063,38690,72753
20211122,2호선,왕십리,15961,12973,28934
20211122,2호선,서초,22389,21739,44128
20211122,2호선,상왕십리,14339,14102,28441
20211122,2호선,동대문역사문화공원,11302,12580,23882
20211122,9호선,동작,1797,1398,3195
20211122,1호선,서울역,44489,42041,86530
20211122,1호선,동묘앞,6975,7313,14288
20211122,1호선,시청,22063,22129,44192
20211122,1호선,종각,34947,34622,69569
20211122,1호선,종로3가,23334,21767,45101
20211122,1호선,종로5가,21432,21372,42804
20211122,1호선,동대문,10541,10081,20622
20211122,1호선,신설동,13786,13516,27302
20211122,1호선,제기동,16254,16629,32883
20211122,1호선,청량리,18720,18987,37707
20211122,2호선,시청,23566,22612,46178
20211122,2호선,을지로입구,38580,39526,78106
20211122,2호선,을지로3가,22111,21992,44103
20211122,2호선,을지로4가,13101,12691,25792
20211122,2호선,신당,13170,13786,26956
20211122,5호선,청구,3934,3664,7598
20211122,2호선,방배,17669,18281,35950
20211122,2호선,낙성대,26589,26238,52827
20211122,2호선,도림천,1410,1542,2952
20211122,2호선,양천구청,6817,7179,13996
20211122,2호선,신정네거리,10346,10540,20886
20211122,2호선,용두,2249,2341,4590
20211122,3호선,지축,4605,4358,8963
20211122,3호선,구파발,21012,19828,40840
20211122,3호선,연신내,36349,34306,70655
20211122,3호선,불광,16271,17258,33529
20211122,3호선,녹번,15588,14346,29934
20211122,3호선,홍제,17180,16485,33665
20211122,3호선,무악재,3957,4009,7966
20211122,3호선,독립문,6782,7080,13862
20211122,3호선,경복궁,20691,20671,41362
20211122,3호선,안국,21011,21213,42224
20211122,3호선,종로3가,9931,11139,21070
20211122,2호선,신설동,3277,3200,6477
20211122,2호선,사당,35350,38633,73983
20211122,2호선,신답,1607,1924,3531
20211122,2호선,충정로,10300,10846,21146
20211122,2호선,서울대입구,46569,45956,92525
20211122,2호선,봉천,23540,22026,45566
20211122,2호선,신림,61667,59760,121427
20211122,2호선,신대방,25879,25366,51245
20211122,2호선,구로디지털단지,61004,61418,122422
20211122,2호선,대림,23911,24286,48197
20211122,2호선,신도림,46410,45454,91864
20211122,2호선,문래,21562,22086,43648
20211122,2호선,영등포구청,23484,23413,46897
20211122,2호선,당산,18207,21385,39592
20211122,2호선,합정,29063,30287,59350
20211122,2호선,홍대입구,48786,50475,99261
20211122,2호선,신촌,31038,31802,62840
20211122,2호선,이대,13048,13992,27040
20211122,2호선,아현,10266,9902,20168
20211122,2호선,용답,2699,2758,5457
20211122,5호선,신금호,6510,6856,13366
20211122,3호선,금호,7781,7293,15074
20211122,5호선,왕십리,4571,5124,9695
20211122,7호선,보라매,10161,10050,20211
20211122,7호선,신풍,11517,11113,22630
20211122,7호선,대림,8214,8064,16278
20211122,7호선,남구로,16496,17341,33837
20211122,7호선,가산디지털단지,48018,47645,95663
20211122,7호선,철산,20932,21614,42546
20211122,7호선,광명사거리,22305,21839,44144
20211122,7호선,천왕,11628,11086,22714
20211122,7호선,온수,10938,10143,21081
20211122,7호선,까치울,7887,7422,15309
20211122,7호선,부천종합운동장,4741,4171,8912
20211122,7호선,춘의,10274,10231,20505
20211122,7호선,신중동,14564,14404,28968
20211122,7호선,부천시청,12816,12778,25594
20211122,7호선,상동,13014,13431,26445
20211122,7호선,신대방삼거리,16591,15995,32586
20211122,7호선,삼산체육관,5449,4965,10414
20211122,7호선,장승배기,9469,9367,18836
20211122,7호선,숭실대입구,13144,13462,26606
20211122,7호선,용마산,6142,5996,12138
20211122,7호선,중곡,11112,10185,21297
20211122,7호선,군자,14623,11955,26578
20211122,7호선,어린이대공원,12395,12527,24922
20211122,7호선,건대입구,12012,12421,24433
20211122,7호선,뚝섬유원지,6987,6908,13895
20211122,7호선,청담,19365,21843,41208
20211122,7호선,강남구청,16218,17953,34171
20211122,7호선,학동,24789,26295,51084
20211122,7호선,논현,20346,22348,42694
20211122,7호선,반포,5863,5641,11504
20211122,7호선,고속터미널,16237,13454,29691
20211122,7호선,내방,14730,15049,29779
20211122,7호선,이수,15292,14918,30210
20211122,7호선,남성,10941,10337,21278
20211122,7호선,상도,10506,10170,20676
20211122,7호선,사가정,16316,16333,32649
20211122,7호선,굴포천,9161,9629,18790
20211122,8호선,암사,18908,16921,35829
20211122,9호선,신방화,7039,6885,13924
20211122,9호선,마곡나루,11407,11333,22740
20211122,9호선,양천향교,9729,9957,19686
20211122,9호선,가양,20494,19995,40489
20211122,9호선,증미,7471,7348,14819
20211122,9호선,등촌,11852,11746,23598
20211122,9호선,염창,17415,16976,34391
20211122,9호선,신목동,4117,3728,7845
20211122,9호선,선유도,8884,8535,17419
20211122,9호선,당산,17785,18081,35866
20211122,9호선,국회의사당,16692,17213,33905
20211122,9호선,여의도,27585,26334,53919
20211122,9호선,샛강,5837,6203,12040
20211122,9호선,노량진,25658,24969,50627
20211122,5호선,행당,8236,7357,15593
20211122,9호선,공항시장,2907,3201,6108
20211122,7호선,부평구청,7591,6768,14359
20211122,9호선,김포공항,7440,11190,18630
20211122,8호선,모란,4160,3288,7448
20211122,8호선,천호,14460,16289,30749
20211122,8호선,강동구청,10681,11153,21834
20211122,8호선,몽촌토성,6190,6211,12401
20211122,8호선,잠실,13392,16098,29490
20211122,8호선,석촌,7669,8645,16314
20211122,8호선,송파,7608,7648,15256
20211122,8호선,가락시장,7463,8399,15862
20211122,8호선,문정,22412,23704,46116
20211122,8호선,장지,16866,16390,33256
20211122,8호선,복정,11363,9881,21244
20211122,8호선,산성,5769,5867,11636
20211122,8호선,남한산성입구,13652,12602,26254
20211122,8호선,단대오거리,10376,10164,20540
20211122,8호선,신흥,4204,4592,8796
20211122,8호선,수진,5397,4885,10282
20211122,9호선,개화,2670,1871,4541
20211122,7호선,면목,16627,16241,32868
20211122,9호선,노들,4400,3801,8201
20211122,7호선,중화,10970,10839,21809
20211122,5호선,마천,6990,6815,13805
20211122,5호선,강일,3878,3920,7798
20211122,5호선,미사,15540,15438,30978
20211122,5호선,하남풍산,4281,4244,8525
20211122,5호선,하남시청,6040,5920,11960
20211122,5호선,하남검단산,5203,4986,10189
20211122,6호선,응암,17392,17230,34622
20211122,6호선,역촌,3894,4570,8464
20211122,6호선,불광,4198,4248,8446
20211122,6호선,독바위,2706,2880,5586
20211122,6호선,구산,7875,6005,13880
20211122,6호선,새절,12765,12138,24903
20211122,6호선,증산,9932,9892,19824
20211122,6호선,디지털미디어시티,13893,15310,29203
20211122,6호선,월드컵경기장,3558,3848,7406
20211122,5호선,거여,9344,8987,18331
20211122,6호선,마포구청,14322,13027,27349
20211122,5호선,개롱,6648,6863,13511
20211122,5호선,방이,7098,7158,14256
20211122,7호선,상봉,16772,15852,32624
20211122,5호선,답십리,15963,14671,30634
20211122,5호선,장한평,18481,18340,36821
20211122,5호선,군자,10843,11921,22764
20211122,5호선,아차산,14097,13699,27796
20211122,5호선,광나루,13191,12325,25516
20211122,5호선,천호,16955,17149,34104
20211122,5호선,강동,18638,17685,36323
20211122,5호선,길동,8117,8361,16478
20211122,5호선,굽은다리,9393,8944,18337
20211122,5호선,명일,8670,9033,17703
20211122,5호선,고덕,9894,9674,19568
20211122,5호선,상일동,15957,14341,30298
20211122,5호선,둔촌동,8628,8667,17295
20211122,5호선,올림픽공원,4430,3807,8237
20211122,5호선,오금,3877,3877,7754
20211122,6호선,망원,12936,13859,26795
20211122,5호선,마장,5589,5399,10988
20211122,6호선,상수,7647,8280,15927
20211122,6호선,돌곶이,9825,9206,19031
20211122,6호선,석계,12251,13073,25324
20211122,6호선,태릉입구,5319,5853,11172
20211122,6호선,화랑대,12022,9362,21384
20211122,6호선,봉화산,8930,8410,17340
20211122,7호선,도봉산,9199,10483,19682
20211122,7호선,수락산,12458,12098,24556
20211122,7호선,마들,12860,12298,25158
20211122,7호선,노원,19120,19947,39067
20211122,7호선,중계,14160,12994,27154
20211122,7호선,하계,17845,16773,34618
20211122,7호선,공릉,13091,12913,26004
20211122,7호선,태릉입구,8247,7926,16173
20211122,7호선,먹골,10220,9968,20188
20211122,6호선,합정,12267,12001,24268
20211122,6호선,상월곡,6357,5765,12122
20211122,6호선,월곡,11679,11621,23300
20211122,7호선,장암,2384,863,3247
20211122,6호선,안암,11006,11276,22282
20211122,6호선,고려대,7791,7594,15385
20211122,6호선,대흥,8017,8314,16331
20211122,6호선,공덕,18590,17951,36541
20211122,6호선,효창공원앞,7048,6447,13495
20211122,6호선,삼각지,5680,5177,10857
20211122,6호선,이태원,9064,9102,18166
20211122,6호선,한강진,6817,7900,14717
20211122,6호선,녹사평,4297,4206,8503
20211122,6호선,약수,3665,3575,7240
20211122,6호선,광흥창,9032,8935,17967
20211122,6호선,청구,3719,3967,7686
20211122,6호선,신당,7776,8216,15992
20211122,6호선,동묘앞,7450,7678,15128
20211122,6호선,창신,3589,3108,6697
20211122,6호선,보문,7028,6583,13611
20211122,6호선,버티고개,1940,1945,3885
20211123,8호선,석촌,7715,8812,16527
20211123,8호선,장지,17432,16944,34376
20211123,8호선,문정,22786,23942,46728
20211123,8호선,가락시장,7674,8742,16416
20211123,8호선,송파,7715,7712,15427
20211123,8호선,잠실,13706,16229,29935
20211123,7호선,상동,13303,13923,27226
20211123,8호선,강동구청,10816,11275,22091
20211123,8호선,천호,14879,16842,31721
20211123,8호선,암사,19251,17130,36381
20211123,7호선,부평구청,7834,6994,14828
20211123,7호선,굴포천,9597,10060,19657
20211123,7호선,삼산체육관,6154,5789,11943
20211123,8호선,복정,11916,10367,22283
20211123,8호선,몽촌토성,6297,6367,12664
20211123,8호선,산성,5900,5915,11815
20211123,9호선,선유도,9129,8631,17760
20211123,8호선,단대오거리,10359,10040,20399
20211123,7호선,먹골,10161,9854,20015
20211123,9호선,신목동,4214,3703,7917
20211123,9호선,염창,17754,17164,34918
20211123,9호선,등촌,11950,11771,23721
20211123,9호선,증미,7474,7447,14921
20211123,9호선,가양,20782,20201,40983
20211123,9호선,양천향교,10028,10186,20214
20211123,9호선,마곡나루,11844,11808,23652
20211123,9호선,신방화,7162,6995,14157
20211123,9호선,공항시장,2997,3286,6283
20211123,9호선,김포공항,7390,10747,18137
20211123,9호선,개화,2660,1825,4485
20211123,8호선,모란,4215,3223,7438
20211123,8호선,수진,5239,4872,10111
20211123,8호선,신흥,4144,4426,8570
20211123,8호선,남한산성입구,13906,12742,26648
20211123,7호선,부천시청,13001,12878,25879
20211123,7호선,남성,11164,10439,21603
20211123,7호선,춘의,10440,10195,20635
20211123,7호선,논현,20891,22988,43879
20211123,7호선,학동,25471,27076,52547
20211123,7호선,강남구청,17059,18797,35856
20211123,7호선,청담,19979,22626,42605
20211123,7호선,뚝섬유원지,6983,6848,13831
20211123,7호선,건대입구,11953,12625,24578
20211123,7호선,어린이대공원,12516,12558,25074
20211123,7호선,군자,15013,12072,27085
20211123,7호선,중곡,11042,10227,21269
20211123,7호선,용마산,6297,6057,12354
20211123,7호선,사가정,16393,16373,32766
20211123,7호선,면목,16638,16319,32957
20211123,7호선,상봉,17049,15749,32798
20211123,7호선,중화,11134,11041,22175
20211123,9호선,당산,18175,18291,36466
20211123,7호선,반포,5982,5674,11656
20211123,7호선,신중동,14598,14374,28972
20211123,7호선,고속터미널,15243,13476,28719
20211123,7호선,이수,15588,15498,31086
20211123,7호선,부천종합운동장,4811,4171,8982
20211123,7호선,까치울,7924,7569,15493
20211123,7호선,온수,10982,10185,21167
20211123,7호선,천왕,11813,11246,23059
20211123,7호선,광명사거리,22448,22220,44668
20211123,7호선,철산,21393,21769,43162
20211123,7호선,가산디지털단지,48533,48503,97036
20211123,7호선,남구로,16340,17335,33675
20211123,7호선,대림,8022,7898,15920
20211123,7호선,신풍,11923,11339,23262
20211123,7호선,보라매,10255,10167,20422
20211123,7호선,신대방삼거리,16833,16129,32962
20211123,7호선,장승배기,9501,9239,18740
20211123,7호선,상도,10734,10432,21166
20211123,7호선,숭실대입구,13335,13547,26882
20211123,7호선,내방,14888,15188,30076
20211123,9호선,국회의사당,17507,17921,35428
20211123,경부선,남영,9387,9796,19183
20211123,9호선,샛강,5981,6497,12478
20211123,경부선,수원,33556,35500,69056
20211123,경부선,화서,8216,7805,16021
20211123,경부선,성균관대,14957,14573,29530
20211123,경부선,의왕,9524,9383,18907
20211123,경부선,군포,7814,7748,15562
20211123,경부선,금정,26773,27458,54231
20211123,경부선,명학,9803,9723,19526
20211123,경부선,안양,24804,24653,49457
20211123,경부선,관악,7311,6743,14054
20211123,경부선,석수,10050,8773,18823
20211123,경부선,금천구청,11907,11770,23677
20211123,경부선,가산디지털단지,18641,21708,40349
20211123,경부선,구로,18759,19468,38227
20211123,경부선,신길,9335,7960,17295
20211123,경부선,신도림,3981,4062,8043
20211123,경부선,독산,18989,19835,38824
20211123,경부선,영등포,35856,36968,72824
20211123,경부선,세류,3019,2792,5811
20211123,경부선,세마,2766,2625,5391
20211123,7호선,태릉입구,8614,8133,16747
20211123,경부선,광명,3238,2724,5962
20211123,경부선,서동탄,1447,1295,2742
20211123,경부선,당정,6507,6228,12735
20211123,경부선,천안,5511,5598,11109
20211123,경부선,두정,5438,5611,11049
20211123,경부선,직산,733,741,1474
20211123,경부선,성환,4579,4700,9279
20211123,경부선,평택,11434,11257,22691
20211123,경부선,평택지제,3204,3208,6412
20211123,경부선,서정리,7156,6752,13908
20211123,경부선,송탄,4169,4003,8172
20211123,경부선,진위,1590,1389,2979
20211123,경부선,오산,10110,9923,20033
20211123,경부선,오산대,3890,3566,7456
20211123,경부선,병점,14641,14640,29281
20211123,9호선,여의도,28426,27216,55642
20211123,경부선,대방,13078,13328,26406
20211123,경부선,용산,31353,31604,62957
20211123,9호선2~3단계,삼전,6879,6796,13675
20211123,9호선2~3단계,종합운동장,4230,4134,8364
20211123,9호선2~3단계,봉은사,15831,16242,32073
20211123,9호선2~3단계,삼성중앙,7041,7471,14512
20211123,9호선2~3단계,선정릉,10161,11249,21410
20211123,9호선2~3단계,언주,10928,11230,22158
20211123,9호선,신논현,31430,31527,62957
20211123,9호선,사평,3682,3593,7275
20211123,9호선,고속터미널,11529,14567,26096
20211123,9호선,신반포,3369,3295,6664
20211123,9호선,구반포,1801,1841,3642
20211123,9호선,동작,1840,1432,3272
20211123,9호선,흑석,8137,8541,16678
20211123,9호선,노들,4491,3759,8250
20211123,9호선,노량진,26112,25477,51589
20211123,9호선2~3단계,석촌고분,6115,6140,12255
20211123,경부선,노량진,8406,8840,17246
20211123,9호선2~3단계,석촌,8395,7261,15656
20211123,9호선2~3단계,한성백제,2648,2339,4987
20211123,경부선,서울역,5629,1815,7444
20211123,경강선,여주,2445,2377,4822
20211123,경강선,세종대왕릉,287,293,580
20211123,경강선,부발,1965,1935,3900
20211123,경강선,이천,2464,2553,5017
20211123,경강선,신둔도예촌,1478,1372,2850
20211123,경강선,곤지암,2227,2183,4410
20211123,경강선,초월,3132,2989,6121
20211123,경강선,경기광주,7607,7076,14683
20211123,경강선,삼동,2422,2220,4642
20211123,경강선,이매,1186,1002,2188
20211123,경강선,판교,4906,4767,9673
20211123,9호선2~3단계,중앙보훈병원,10722,9495,20217
20211123,9호선2~3단계,둔촌오륜,1300,1116,2416
20211123,9호선2~3단계,올림픽공원,5966,5960,11926
20211123,9호선2~3단계,송파나루,4898,5226,10124
20211123,7호선,공릉,13082,12840,25922
20211123,경원선,이촌,3561,2816,6377
20211123,3호선,경복궁,20919,20612,41531
20211123,5호선,송정,6618,6200,12818
20211123,5호선,개화산,5711,5323,11034
20211123,5호선,방화,6804,6474,13278
20211123,4호선,쌍문,29583,26958,56541
20211123,4호선,창동,24969,26588,51557
20211123,4호선,노원,18252,20710,38962
20211123,4호선,상계,19231,17766,36997
20211123,4호선,당고개,12850,11641,24491
20211123,4호선,남태령,1341,1135,2476
20211123,4호선,사당,25075,21377,46452
20211123,4호선,총신대입구,18986,20267,39253
20211123,4호선,동작,1531,1763,3294
20211123,4호선,이촌,7148,7866,15014
20211123,4호선,신용산,16761,17719,34480
20211123,4호선,삼각지,5008,5503,10511
20211123,5호선,마곡,11053,10940,21993
20211123,4호선,숙대입구,13271,13066,26337
20211123,5호선,발산,20864,21451,42315
20211123,5호선,화곡,28524,26776,55300
20211123,5호선,서대문,20349,20829,41178
20211123,5호선,충정로,5082,5187,10269
20211123,5호선,애오개,7160,7293,14453
20211123,5호선,공덕,14937,15986,30923
20211123,5호선,마포,15101,15438,30539
20211123,5호선,여의나루,8755,10103,18858
20211123,5호선,여의도,30204,31534,61738
20211123,5호선,신길,4210,4499,8709
20211123,5호선,영등포시장,9997,10419,20416
20211123,5호선,영등포구청,3930,4133,8063
20211123,5호선,양평,7740,7714,15454
20211123,5호선,오목교,22190,23970,46160
20211123,5호선,목동,16967,18474,35441
20211123,5호선,신정,14342,11514,25856
20211123,5호선,까치산,29089,27814,56903
20211123,5호선,우장산,15048,14813,29861
20211123,5호선,광화문,31648,33468,65116
20211123,4호선,서울역,11257,16287,27544
20211123,4호선,명동,18633,19518,38151
20211123,3호선,매봉,13115,12493,25608
20211123,3호선,양재,40809,44256,85065
20211123,3호선,남부터미널,28861,29728,58589
20211123,3호선,교대,14775,9640,24415
20211123,3호선,고속터미널,38114,36822,74936
20211123,3호선,잠원,4907,4976,9883
20211123,3호선,신사,30375,32220,62595
20211123,3호선,압구정,31938,34422,66360
20211123,3호선,옥수,8931,9211,18142
20211123,3호선,금호,7939,7549,15488
20211123,3호선,약수,13089,12702,25791
20211123,3호선,동대입구,7998,8580,16578
20211123,3호선,을지로3가,10807,11238,22045
20211123,3호선,종로3가,10009,11217,21226
20211123,3호선,안국,21749,22391,44140
20211123,3호선,도곡,5604,5648,11252
20211123,4호선,회현,24045,25651,49696
20211123,3호선,대치,11291,11647,22938
20211123,3호선,대청,10805,9798,20603
20211123,4호선,충무로,26635,27726,54361
20211123,4호선,동대문역사문화공원,14259,13349,27608
20211123,4호선,동대문,19811,20299,40110
20211123,4호선,혜화,31666,31912,63578
20211123,4호선,한성대입구,13439,13159,26598
20211123,4호선,성신여대입구,20447,19754,40201
20211123,4호선,길음,20635,20159,40794
20211123,4호선,미아사거리,27567,26577,54144
20211123,4호선,미아,15122,14541,29663
20211123,4호선,수유,33288,33328,66616
20211123,3호선,오금,6433,5779,12212
20211123,3호선,경찰병원,7697,7774,15471
20211123,3호선,가락시장,8983,8849,17832
20211123,3호선,수서,17256,17399,34655
20211123,3호선,일원,10721,10244,20965
20211123,3호선,학여울,1972,2016,3988
20211123,7호선,하계,18220,17092,35312
20211123,5호선,종로3가,11931,11743,23674
20211123,5호선,동대문역사문화공원,3106,3555,6661
20211123,6호선,약수,3602,3612,7214
20211123,6호선,버티고개,1967,2008,3975
20211123,6호선,한강진,7351,8560,15911
20211123,6호선,이태원,9079,9268,18347
20211123,6호선,녹사평,4393,4480,8873
20211123,6호선,삼각지,6144,5472,11616
20211123,6호선,효창공원앞,7162,6594,13756
20211123,6호선,공덕,19353,18542,37895
20211123,6호선,대흥,8049,8327,16376
20211123,6호선,광흥창,9296,9210,18506
20211123,6호선,상수,7835,8632,16467
20211123,6호선,합정,12586,12444,25030
20211123,6호선,망원,13245,14394,27639
20211123,6호선,마포구청,14628,13300,27928
20211123,6호선,월드컵경기장,3596,3945,7541
20211123,6호선,청구,3809,4070,7879
20211123,6호선,디지털미디어시티,14254,15644,29898
20211123,6호선,신당,8719,9054,17773
20211123,6호선,창신,3719,3098,6817
20211123,7호선,노원,19260,20264,39524
20211123,7호선,마들,12938,12416,25354
20211123,7호선,수락산,12572,12249,24821
20211123,7호선,도봉산,9336,10700,20036
20211123,7호선,장암,2369,896,3265
20211123,6호선,봉화산,9096,8513,17609
20211123,6호선,화랑대,12087,9317,21404
20211123,6호선,태릉입구,5494,5934,11428
20211123,6호선,석계,12484,13203,25687
20211123,6호선,돌곶이,9522,8967,18489
20211123,6호선,상월곡,6439,5819,12258
20211123,6호선,월곡,11544,11478,23022
20211123,6호선,고려대,7764,7555,15319
20211123,6호선,안암,10486,10607,21093
20211123,6호선,보문,7148,6692,13840
20211123,6호선,동묘앞,7494,7609,15103
20211123,5호선,을지로4가,6141,6328,12469
20211123,6호선,증산,10099,9969,20068
20211123,6호선,구산,7981,6057,14038
20211123,5호선,명일,8943,9142,18085
20211123,5호선,굽은다리,9440,8766,18206
20211123,5호선,길동,8015,8313,16328
20211123,5호선,강동,18515,17619,36134
20211123,5호선,천호,17597,17497,35094
20211123,5호선,광나루,13803,12585,26388
20211123,5호선,아차산,14528,13954,28482
20211123,5호선,군자,11008,12439,23447
20211123,5호선,장한평,18709,18566,37275
20211123,5호선,답십리,16218,14843,31061
20211123,5호선,마장,5702,5386,11088
20211123,5호선,왕십리,4608,5168,9776
20211123,5호선,행당,8389,7512,15901
20211123,5호선,신금호,6601,6888,13489
20211123,5호선,청구,3996,3774,7770
20211123,5호선,고덕,9969,9989,19958
20211123,6호선,새절,13003,11939,24942
20211123,5호선,상일동,16051,14468,30519
20211123,5호선,올림픽공원,4509,3993,8502
20211123,6호선,연신내,1,0,1
20211123,6호선,독바위,2760,2883,5643
20211123,6호선,불광,4124,4008,8132
20211123,6호선,역촌,3938,4655,8593
20211123,6호선,응암,17783,17496,35279
20211123,5호선,하남검단산,5144,4937,10081
20211123,5호선,하남시청,6021,5973,11994
20211123,5호선,하남풍산,4218,4248,8466
20211123,5호선,미사,15862,15619,31481
20211123,5호선,강일,3807,3852,7659
20211123,5호선,마천,6968,6862,13830
20211123,5호선,거여,9646,9128,18774
20211123,5호선,개롱,6676,6837,13513
20211123,5호선,오금,3990,3866,7856
20211123,5호선,방이,7105,7434,14539
20211123,5호선,둔촌동,8767,8762,17529
20211123,경원선,서빙고,2083,1988,4071
20211123,7호선,중계,14400,13229,27629
20211123,경원선,옥수,58,37,95
20211123,중앙선,덕소,5634,4387,10021
20211123,중앙선,양정,747,663,1410
20211123,중앙선,도농,10765,9589,20354
20211123,중앙선,구리,13610,13721,27331
20211123,중앙선,양원,2199,2266,4465
20211123,중앙선,망우,7535,7426,14961
20211123,중앙선,도심,2487,1910,4397
20211123,중앙선,상봉,5665,5615,11280
20211123,중앙선,회기,24540,23989,48529
20211123,장항선,신창,2105,2163,4268
20211123,장항선,온양온천,3367,3438,6805
20211123,장항선,배방,1019,961,1980
20211123,장항선,탕정,372,320,692
20211123,장항선,아산,3428,2871,6299
20211123,중앙선,중랑,5683,5306,10989
20211123,중앙선,팔당,762,825,1587
20211123,중앙선,운길산,593,529,1122
20211123,중앙선,양수,1699,1707,3406
20211123,1호선,종로3가,23730,21997,45727
20211123,1호선,종각,35532,34795,70327
20211123,1호선,시청,22964,23296,46260
20211123,1호선,동묘앞,6951,7340,14291
20211123,1호선,서울역,44027,41590,85617
20211123,5호선,김포공항,7360,6562,13922
20211123,공항철도 1호선,홍대입구,8655,8897,17552
20211123,중앙선,지평,53,64,117
20211123,중앙선,용문,1590,1594,3184
20211123,중앙선,원덕,308,285,593
20211123,중앙선,양평,3293,3319,6612
20211123,중앙선,오빈,314,297,611
20211123,중앙선,아신,533,549,1082
20211123,중앙선,국수,682,687,1369
20211123,중앙선,신원,183,151,334
20211123,장항선,쌍용,2628,2475,5103
20211123,장항선,봉명,1147,1126,2273
20211123,일산선,대화,13042,10260,23302
20211123,일산선,주엽,9031,8856,17887
20211123,우이신설선,4.19민주묘지,2769,2681,5450
20211123,우이신설선,솔밭공원,2410,2369,4779
20211123,우이신설선,북한산우이,2458,2197,4655
20211123,안산선,수리산,4403,3536,7939
20211123,안산선,오이도,8391,8071,16462
20211123,안산선,정왕,9608,10080,19688
20211123,안산선,신길온천,1719,1517,3236
20211123,안산선,안산,11284,10180,21464
20211123,안산선,초지,5037,5229,10266
20211123,안산선,고잔,8892,8631,17523
20211123,안산선,중앙,17545,18381,35926
20211123,안산선,한대앞,9676,9845,19521
20211123,수인선,인천논현,5647,6008,11655
20211123,수인선,소래포구,4804,4487,9291
20211123,수인선,월곶,2532,2372,4904
20211123,우이신설선,가오리,4120,4145,8265
20211123,1호선,종로5가,21233,21240,42473
20211123,우이신설선,화계,3349,3173,6522
20211123,우이신설선,삼양사거리,2362,2426,4788
20211123,일산선,정발산,6707,6766,13473
20211123,일산선,마두,7549,7653,15202
20211123,일산선,백석,9866,9817,19683
20211123,일산선,대곡,1953,1561,3514
20211123,일산선,화정,17321,17656,34977
20211123,일산선,원당,11368,10782,22150
20211123,일산선,삼송,19151,18471,37622
20211123,일산선,지축,1,0,1
20211123,일산선,원흥,10722,10206,20928
20211123,우이신설선,신설동,2173,2097,4270
20211123,우이신설선,보문,1557,1542,3099
20211123,우이신설선,성신여대입구,3299,3687,6986
20211123,우이신설선,정릉,4645,4255,8900
20211123,우이신설선,북한산보국문,5983,5664,11647
20211123,우이신설선,솔샘,5894,5452,11346
20211123,우이신설선,삼양,1986,2054,4040
20211123,1호선,동대문,10554,9888,20442
20211123,1호선,신설동,13729,13548,27277
20211123,1호선,제기동,15762,15868,31630
20211123,3호선,구파발,20855,19892,40747
20211123,3호선,지축,4655,4386,9041
20211123,2호선,용두,2326,2369,4695
20211123,2호선,신정네거리,10393,10726,21119
20211123,2호선,양천구청,6899,7345,14244
20211123,2호선,도림천,1386,1440,2826
20211123,2호선,신설동,3216,3262,6478
20211123,2호선,신답,1658,1958,3616
20211123,2호선,용답,2780,2885,5665
20211123,2호선,충정로,10428,11027,21455
20211123,2호선,아현,10700,10431,21131
20211123,2호선,이대,13543,14310,27853
20211123,2호선,신촌,31532,32566,64098
20211123,2호선,홍대입구,48475,51100,99575
20211123,2호선,합정,30036,31341,61377
20211123,3호선,연신내,36357,34368,70725
20211123,2호선,당산,18658,21735,40393
20211123,3호선,불광,16546,17382,33928
20211123,3호선,홍제,17355,16342,33697
20211123,3호선,독립문,6984,7369,14353
20211123,안산선,상록수,16301,16646,32947
20211123,안산선,반월,4335,4144,8479
20211123,안산선,대야미,4944,4562,9506
20211123,안산선,산본,15999,17128,33127
20211123,수인선,인천,948,1595,2543
20211123,수인선,신포,1795,1872,3667
20211123,수인선,숭의,4023,3749,7772
20211123,수인선,인하대,6127,5795,11922
20211123,수인선,송도,2471,2268,4739
20211123,수인선,연수,4403,4354,8757
20211123,수인선,원인재,4383,4500,8883
20211123,수인선,남동인더스파크,2355,2633,4988
20211123,수인선,호구포,4093,4128,8221
20211123,3호선,무악재,4023,3999,8022
20211123,3호선,녹번,16098,14361,30459
20211123,수인선,달월,99,53,152
20211123,2호선,영등포구청,23919,23875,47794
20211123,2호선,신도림,46866,46342,93208
20211123,2호선,강변,28755,27262,56017
20211123,2호선,구의,23956,23599,47555
20211123,2호선,건대입구,32417,35208,67625
20211123,2호선,성수,36957,40301,77258
20211123,2호선,뚝섬,21802,23453,45255
20211123,2호선,한양대,8785,9496,18281
20211123,2호선,왕십리,16262,13362,29624
20211123,2호선,상왕십리,14508,14102,28610
20211123,2호선,신당,13698,14245,27943
20211123,2호선,동대문역사문화공원,11363,12697,24060
20211123,2호선,을지로4가,13257,12841,26098
20211123,2호선,을지로3가,22763,22649,45412
20211123,2호선,을지로입구,39806,40975,80781
20211123,2호선,시청,24568,23662,48230
20211123,1호선,청량리,18414,18510,36924
20211123,2호선,잠실나루,14914,14628,29542
20211123,2호선,문래,22288,22651,44939
20211123,2호선,잠실,66373,66173,132546
20211123,2호선,종합운동장,6917,7697,14614
20211123,2호선,대림,23726,24303,48029
20211123,2호선,구로디지털단지,62345,62292,124637
20211123,2호선,신대방,26537,25789,52326
20211123,2호선,신림,62429,60619,123048
20211123,2호선,봉천,23998,22231,46229
20211123,2호선,서울대입구,47035,46557,93592
20211123,2호선,낙성대,27275,26428,53703
20211123,2호선,사당,36937,40173,77110
20211123,2호선,방배,18279,19190,37469
20211123,2호선,서초,22952,22480,45432
20211123,2호선,교대,35382,39855,75237
20211123,2호선,강남,84958,84098,169056
20211123,2호선,역삼,55952,61828,117780
20211123,2호선,선릉,59765,53674,113439
20211123,2호선,삼성,53118,54087,107205
20211123,2호선,잠실새내,20912,20780,41692
20211123,수인선,사리,4630,3988,8618
20211123,경원선,한남,4168,3923,8091
20211123,수인선,어천,698,736,1434
20211123,경인선,오류동,11973,11155,23128
20211123,경인선,개봉,21620,21349,42969
20211123,경의선,임진강,11,8,19
20211123,경의선,문산,4805,4906,9711
20211123,경의선,파주,1624,1223,2847
20211123,경의선,월롱,2721,2701,5422
20211123,경의선,금촌,6234,6216,12450
20211123,경의선,금릉,4744,4578,9322
20211123,경의선,운정,7226,6781,14007
20211123,경의선,야당,7274,7013,14287
20211123,경의선,탄현,7966,7426,15392
20211123,경의선,일산,10086,10018,20104
20211123,경의선,풍산,5649,5274,10923
20211123,경의선,백마,7127,6916,14043
20211123,경의선,곡산,625,638,1263
20211123,경인선,역곡,27978,27665,55643
20211123,경의선,행신,7944,8136,16080
20211123,경인선,부천,31693,31709,63402
20211123,경인선,부평,27786,29492,57278
20211123,경춘선,신내,2130,2037,4167
20211123,경인선,도화,4133,3865,7998
20211123,경인선,중동,9442,8941,18383
20211123,경인선,온수,6848,6505,13353
20211123,경인선,도원,3136,3205,6341
20211123,경인선,간석,5889,5630,11519
20211123,경인선,부개,8549,8006,16555
20211123,경인선,소사,8792,8657,17449
20211123,경인선,구일,6643,6572,13215
20211123,경인선,인천,3130,2220,5350
20211123,경인선,동인천,13189,12564,25753
20211123,경인선,제물포,10905,10286,21191
20211123,경인선,주안,18835,16999,35834
20211123,경인선,동암,14509,14544,29053
20211123,경인선,백운,7063,6900,13963
20211123,경인선,송내,27237,27339,54576
20211123,경춘선,갈매,3183,2654,5837
20211123,경의선,강매,3360,2845,6205
20211123,경의선,수색,2860,3004,5864
20211123,경원선,회룡,12351,12291,24642
20211123,경원선,망월사,8149,8136,16285
20211123,경원선,도봉산,7297,4523,11820
20211123,경원선,도봉,5918,5774,11692
20211123,경원선,방학,9529,9379,18908
20211123,경원선,녹천,4797,4071,8868
20211123,경원선,월계,7248,6717,13965
20211123,경원선,광운대,8292,8148,16440
20211123,경원선,석계,8138,9111,17249
20211123,경원선,신이문,8452,7910,16362
20211123,경원선,외대앞,8434,8322,16756
20211123,경원선,청량리,14042,14388,28430
20211123,경원선,왕십리,13811,15627,29438
20211123,경원선,응봉,1863,1544,3407
20211123,수인선,야목,350,235,585
20211123,경원선,의정부,17279,17793,35072
20211123,경의선,화전,1927,1763,3690
20211123,경원선,가능,6662,6323,12985
20211123,경원선,양주,7680,7124,14804
20211123,경의선,디지털미디어시티,2588,2412,5000
20211123,경의선,가좌,5424,5058,10482
20211123,경의선,홍대입구,1546,1827,3373
20211123,경의선,서강대,2092,2048,4140
20211123,경의선,공덕,3572,3193,6765
20211123,경의선,효창공원앞,2975,3524,6499
20211123,경의선,신촌,878,1157,2035
20211123,경의선,서울역,4462,5569,10031
20211123,경원선,소요산,2030,1812,3842
20211123,경원선,동두천,2164,2336,4500
20211123,경원선,보산,1403,1297,2700
20211123,경원선,동두천중앙,3030,2922,5952
20211123,경원선,지행,6357,6312,12669
20211123,경원선,덕정,6230,6110,12340
20211123,경원선,덕계,3115,2761,5876
20211123,경원선,녹양,4658,4363,9021
20211123,경춘선,별내,3424,3131,6555
20211123,경의선,능곡,3843,3475,7318
20211123,경춘선,사릉,3496,3371,6867
20211123,분당선,야탑,25943,26977,52920
20211123,분당선,모란,19636,19749,39385
20211123,분당선,태평,13486,12926,26412
20211123,분당선,가천대,9175,10209,19384
20211123,분당선,선정릉,8504,9086,17590
20211123,분당선,강남구청,10704,12122,22826
20211123,분당선,압구정로데오,18442,20392,38834
20211123,분당선,서울숲,10828,11012,21840
20211123,분당선,수원,7784,6671,14455
20211123,분당선,복정,1,0,1
20211123,분당선,수서,13679,14025,27704
20211123,분당선,대모산입구,4464,4115,8579
20211123,분당선,개포동,4097,4189,8286
20211123,분당선,구룡,2190,2070,4260
20211123,분당선,도곡,7134,6370,13504
20211123,분당선,수내,13493,13523,27016
20211123,분당선,한티,15358,16732,32090
20211123,분당선,정자,17969,19204,37173
20211123,분당선,오리,12145,9977,22122
20211123,경춘선,퇴계원,3641,3243,6884
20211123,수인선,고색,4599,4342,8941
20211123,분당선,매교,3121,3148,6269
20211123,분당선,수원시청,12606,13690,26296
20211123,분당선,매탄권선,5172,5044,10216
20211123,분당선,망포,14736,13917,28653
20211123,분당선,영통,8722,7262,15984
20211123,분당선,청명,4483,4288,8771
20211123,분당선,상갈,5562,5430,10992
20211123,분당선,기흥,10087,9431,19518
20211123,분당선,신갈,4670,4608,9278
20211123,분당선,구성,5214,5408,10622
20211123,분당선,죽전,13466,14813,28279
20211123,분당선,보정,2645,2274,4919
20211123,분당선,이매,5972,5427,11399
20211123,분당선,미금,15660,16768,32428
20211123,분당선,선릉,14440,21850,36290
20211123,분당선,서현,24191,24977,49168
20211123,수인선,오목천,3360,3100,6460
20211123,공항철도 1호선,서울역,7346,6924,14270
20211123,경춘선,춘천,1264,1206,2470
20211123,경춘선,남춘천,2114,2128,4242
20211123,경춘선,김유정,275,271,546
20211123,경춘선,강촌,446,407,853
20211123,경춘선,백양리,62,60,122
20211123,경춘선,굴봉산,107,91,198
20211123,경춘선,가평,1430,1421,2851
20211123,경춘선,상천,220,189,409
20211123,경춘선,청평,1382,1350,2732
20211123,경춘선,대성리,441,372,813
20211123,경춘선,마석,4068,4082,8150
20211123,경춘선,천마산,1717,1542,3259
20211123,경춘선,평내호평,6246,5974,12220
20211123,과천선,범계,25801,25786,51587
20211123,공항철도 1호선,공덕,2243,2937,5180
20211123,공항철도 1호선,디지털미디어시티,14663,13396,28059
20211123,경춘선,금곡,1562,1485,3047
20211123,공항철도 1호선,김포공항,11894,6616,18510
20211123,공항철도 1호선,마곡나루,8673,8431,17104
20211123,과천선,인덕원,24460,25469,49929
20211123,과천선,정부과천청사,11160,10931,22091
20211123,과천선,과천,5908,5532,11440
20211123,과천선,대공원,2116,2232,4348
20211123,과천선,경마공원,1398,1324,2722
20211123,과천선,선바위,8746,7476,16222
20211123,공항철도 1호선,영종,2974,2985,5959
20211123,과천선,평촌,18877,18535,37412
20211123,공항철도 1호선,인천공항1터미널,3657,3789,7446
20211123,공항철도 1호선,공항화물청사,2345,2586,4931
20211123,공항철도 1호선,운서,6441,6368,12809
20211123,공항철도 1호선,청라국제도시,6969,6606,13575
20211123,공항철도 1호선,검암,6857,6674,13531
20211123,공항철도 1호선,계양,10238,9714,19952
20211123,공항철도 1호선,인천공항2터미널,2130,2104,4234
20211124,9호선2~3단계,봉은사,17292,17784,35076
20211124,9호선2~3단계,종합운동장,4071,4253,8324
20211124,9호선2~3단계,삼전,7030,6813,13843
20211124,9호선2~3단계,석촌고분,6198,6043,12241
20211124,9호선2~3단계,석촌,8538,7540,16078
20211124,경강선,경기광주,7666,7055,14721
20211124,9호선2~3단계,송파나루,4874,5165,10039
20211124,9호선2~3단계,둔촌오륜,1202,1097,2299
20211124,9호선2~3단계,올림픽공원,6270,6094,12364
20211124,9호선2~3단계,중앙보훈병원,10910,9560,20470
20211124,경강선,판교,4814,4819,9633
20211124,경강선,이매,1179,981,2160
20211124,경강선,삼동,2453,2191,4644
20211124,9호선2~3단계,삼성중앙,7081,7467,14548
20211124,9호선2~3단계,한성백제,2602,2368,4970
20211124,9호선2~3단계,선정릉,10026,11002,21028
20211124,분당선,선릉,14299,21649,35948
20211124,9호선,신논현,31441,31695,63136
20211124,경강선,초월,3193,2982,6175
20211124,1호선,신설동,13970,13583,27553
20211124,1호선,동대문,10684,10073,20757
20211124,1호선,종로5가,21398,21199,42597
20211124,1호선,종로3가,24025,21923,45948
20211124,1호선,종각,35396,35167,70563
20211124,1호선,시청,23362,23747,47109
20211124,1호선,동묘앞,7262,7663,14925
20211124,1호선,서울역,44218,42001,86219
20211124,과천선,범계,26166,26047,52213
20211124,과천선,평촌,18667,18374,37041
20211124,과천선,인덕원,24834,25786,50620
20211124,과천선,정부과천청사,10914,10680,21594
20211124,9호선,고속터미널,11826,14686,26512
20211124,9호선,사평,3610,3513,7123
20211124,9호선2~3단계,언주,11031,11164,22195
20211124,경강선,곤지암,2265,2182,4447
20211124,경부선,평택지제,3367,3221,6588
20211124,경강선,이천,2492,2611,5103
20211124,경부선,군포,7930,7892,15822
20211124,경부선,의왕,9317,9363,18680
20211124,경부선,성균관대,14824,14614,29438
20211124,경부선,화서,8182,7856,16038
20211124,경부선,수원,34126,35902,70028
20211124,경부선,독산,19034,19855,38889
20211124,경부선,세류,3035,2731,5766
20211124,경부선,병점,14509,14651,29160
20211124,경부선,세마,2820,2600,5420
20211124,경부선,오산대,3846,3564,7410
20211124,경부선,오산,9845,9769,19614
20211124,경부선,진위,1634,1434,3068
20211124,경부선,송탄,4364,4101,8465
20211124,경부선,서정리,7343,6898,14241
20211124,1호선,제기동,16102,16230,32332
20211124,경부선,금정,27092,27675,54767
20211124,경강선,신둔도예촌,1499,1377,2876
20211124,경부선,명학,9737,9640,19377
20211124,경부선,관악,7429,6816,14245
20211124,경강선,부발,1972,1907,3879
20211124,경강선,세종대왕릉,287,288,575
20211124,경강선,여주,2479,2405,4884
20211124,경부선,서울역,5553,1923,7476
20211124,경부선,남영,9563,9977,19540
20211124,경부선,용산,32350,32958,65308
20211124,경부선,노량진,8070,8232,16302
20211124,경부선,대방,13403,13830,27233
20211124,경부선,영등포,35923,36881,72804
20211124,경부선,신도림,4162,4293,8455
20211124,경부선,신길,9386,7913,17299
20211124,경부선,구로,19242,20005,39247
20211124,경부선,가산디지털단지,18825,21969,40794
20211124,경부선,금천구청,12246,12082,24328
20211124,경부선,석수,10134,8915,19049
20211124,경부선,안양,24957,24655,49612
20211124,1호선,청량리,18879,18919,37798
20211124,3호선,양재,40986,44325,85311
20211124,2호선,을지로입구,40553,41685,82238
20211124,3호선,녹번,15982,14447,30429
20211124,3호선,불광,16607,17650,34257
20211124,3호선,연신내,36932,34769,71701
20211124,3호선,구파발,21031,20123,41154
20211124,3호선,지축,4691,4445,9136
20211124,2호선,용두,2283,2417,4700
20211124,2호선,신정네거리,10393,10697,21090
20211124,2호선,양천구청,7027,7366,14393
20211124,2호선,도림천,1381,1410,2791
20211124,2호선,신설동,3146,3272,6418
20211124,2호선,신답,1699,1934,3633
20211124,2호선,용답,2821,2873,5694
20211124,2호선,충정로,10435,10978,21413
20211124,2호선,아현,10773,10232,21005
20211124,2호선,이대,13872,14830,28702
20211124,3호선,홍제,17604,16478,34082
20211124,2호선,신촌,32235,33222,65457
20211124,3호선,무악재,4017,4121,8138
20211124,3호선,경복궁,22142,22163,44305
20211124,경부선,평택,11959,11590,23549
20211124,3호선,남부터미널,29331,29908,59239
20211124,3호선,교대,15391,9945,25336
20211124,3호선,고속터미널,37711,36818,74529
20211124,3호선,잠원,4920,4863,9783
20211124,3호선,신사,29978,31701,61679
20211124,3호선,압구정,31963,34220,66183
20211124,3호선,옥수,9087,9418,18505
20211124,3호선,금호,8217,7578,15795
20211124,3호선,약수,13245,13056,26301
20211124,3호선,동대입구,8876,9394,18270
20211124,3호선,충무로,2,0,2
20211124,3호선,을지로3가,10898,11375,22273
20211124,3호선,종로3가,10101,11381,21482
20211124,3호선,안국,21961,22952,44913
20211124,3호선,독립문,7132,7396,14528
20211124,2호선,시청,24618,23931,48549
20211124,2호선,홍대입구,49788,52634,102422
20211124,2호선,당산,19063,22454,41517
20211124,2호선,잠실새내,20846,20724,41570
20211124,2호선,잠실,67270,67316,134586
20211124,2호선,잠실나루,15123,14650,29773
20211124,2호선,강변,29739,28448,58187
20211124,2호선,구의,24046,23700,47746
20211124,2호선,건대입구,33456,36197,69653
20211124,2호선,성수,37369,40935,78304
20211124,2호선,뚝섬,22015,23859,45874
20211124,2호선,한양대,8418,9150,17568
20211124,2호선,왕십리,16642,13594,30236
20211124,2호선,상왕십리,14578,14070,28648
20211124,2호선,신당,13795,14381,28176
20211124,2호선,동대문역사문화공원,11906,13261,25167
20211124,2호선,을지로4가,13114,13049,26163
20211124,2호선,을지로3가,23140,23166,46306
20211124,2호선,종합운동장,7157,7792,14949
20211124,2호선,합정,30727,32598,63325
20211124,2호선,삼성,55669,56761,112430
20211124,2호선,역삼,55173,61984,117157
20211124,2호선,영등포구청,23699,24085,47784
20211124,2호선,문래,22131,22569,44700
20211124,2호선,신도림,48594,48066,96660
20211124,2호선,대림,23954,24455,48409
20211124,2호선,구로디지털단지,62320,62325,124645
20211124,2호선,신대방,26410,25575,51985
20211124,2호선,신림,63355,61400,124755
20211124,2호선,봉천,24015,22004,46019
20211124,2호선,서울대입구,47393,46709,94102
20211124,2호선,낙성대,27442,26363,53805
20211124,2호선,사당,37718,41328,79046
20211124,2호선,방배,18271,19166,37437
20211124,2호선,서초,23794,23493,47287
20211124,2호선,교대,35168,40304,75472
20211124,2호선,강남,84831,84387,169218
20211124,2호선,선릉,59490,53357,112847
20211124,경부선,성환,4841,4825,9666
20211124,공항철도 1호선,계양,10403,9714,20117
20211124,경부선,두정,5619,5686,11305
20211124,경춘선,갈매,3156,2728,5884
20211124,경춘선,신내,2151,2072,4223
20211124,경인선,도화,4299,4000,8299
20211124,경인선,중동,9478,8823,18301
20211124,경인선,온수,6988,6727,13715
20211124,경인선,도원,3252,3259,6511
20211124,경인선,간석,5948,5539,11487
20211124,경인선,부개,8560,7927,16487
20211124,경인선,소사,8932,8662,17594
20211124,경인선,구일,6794,6690,13484
20211124,경인선,인천,3423,2592,6015
20211124,경인선,동인천,14015,13343,27358
20211124,중앙선,지평,58,70,128
20211124,중앙선,용문,1614,1583,3197
20211124,중앙선,원덕,293,288,581
20211124,경춘선,별내,3334,3115,6449
20211124,중앙선,양평,2563,2606,5169
20211124,경춘선,퇴계원,3662,3355,7017
20211124,경춘선,금곡,1500,1494,2994
20211124,공항철도 1호선,공덕,2267,3013,5280
20211124,공항철도 1호선,서울역,7556,6819,14375
20211124,경춘선,춘천,1247,1130,2377
20211124,경춘선,남춘천,2042,2086,4128
20211124,경춘선,김유정,249,260,509
20211124,경춘선,강촌,402,413,815
20211124,경춘선,백양리,63,68,131
20211124,경춘선,굴봉산,95,104,199
20211124,경춘선,가평,1464,1448,2912
20211124,경춘선,상천,236,219,455
20211124,경춘선,청평,1409,1389,2798
20211124,경춘선,대성리,421,407,828
20211124,경춘선,마석,3882,3751,7633
20211124,경춘선,천마산,1699,1558,3257
20211124,경춘선,평내호평,6247,6001,12248
20211124,경춘선,사릉,3523,3298,6821
20211124,공항철도 1호선,홍대입구,9016,9166,18182
20211124,중앙선,오빈,303,296,599
20211124,중앙선,국수,717,690,1407
20211124,안산선,산본,16055,17447,33502
20211124,수인선,인천,1021,1652,2673
20211124,수인선,신포,1913,1939,3852
20211124,수인선,숭의,4136,3678,7814
20211124,수인선,인하대,6181,5843,12024
20211124,수인선,송도,2507,2311,4818
20211124,수인선,연수,4559,4476,9035
20211124,수인선,원인재,4499,4632,9131
20211124,수인선,남동인더스파크,2336,2670,5006
20211124,수인선,호구포,4091,4211,8302
20211124,수인선,인천논현,5650,6010,11660
20211124,수인선,소래포구,5001,4776,9777
20211124,수인선,월곶,2674,2482,5156
20211124,수인선,달월,110,60,170
20211124,3호선,매봉,13158,12586,25744
20211124,안산선,대야미,5128,4619,9747
20211124,중앙선,아신,464,453,917
20211124,안산선,반월,4302,4123,8425
20211124,안산선,한대앞,9604,9511,19115
20211124,중앙선,신원,142,155,297
20211124,중앙선,양수,1783,1830,3613
20211124,중앙선,운길산,609,568,1177
20211124,중앙선,팔당,784,785,1569
20211124,중앙선,도심,2504,1947,4451
20211124,우이신설선,솔밭공원,2463,2347,4810
20211124,우이신설선,북한산우이,2601,2317,4918
20211124,안산선,수리산,4367,3540,7907
20211124,안산선,오이도,8482,8107,16589
20211124,안산선,정왕,9656,10057,19713
20211124,안산선,신길온천,1679,1583,3262
20211124,안산선,안산,11323,10301,21624
20211124,안산선,초지,5012,5363,10375
20211124,안산선,고잔,9137,8636,17773
20211124,안산선,중앙,17632,18432,36064
20211124,안산선,상록수,16063,16389,32452
20211124,경부선,직산,778,726,1504
20211124,공항철도 1호선,디지털미디어시티,14713,13367,28080
20211124,공항철도 1호선,김포공항,11337,6875,18212
20211124,경원선,도봉산,7621,4805,12426
20211124,경원선,망월사,7981,8068,16049
20211124,경원선,회룡,12697,12430,25127
20211124,우이신설선,삼양,2017,2122,4139
20211124,우이신설선,삼양사거리,2463,2431,4894
20211124,우이신설선,솔샘,5928,5578,11506
20211124,우이신설선,북한산보국문,5963,5589,11552
20211124,우이신설선,정릉,4757,4311,9068
20211124,우이신설선,성신여대입구,3214,3571,6785
20211124,우이신설선,보문,1538,1529,3067
20211124,우이신설선,신설동,2274,2197,4471
20211124,일산선,원흥,11065,10341,21406
20211124,일산선,삼송,19336,18671,38007
20211124,일산선,원당,11294,10739,22033
20211124,일산선,화정,17054,17339,34393
20211124,경원선,도봉,6186,6000,12186
20211124,일산선,대곡,2004,1629,3633
20211124,경원선,방학,9578,9470,19048
20211124,경원선,월계,7240,6769,14009
20211124,경부선,천안,5146,5332,10478
20211124,경부선,당정,6543,6118,12661
20211124,경부선,서동탄,1520,1270,2790
20211124,경부선,광명,3343,2808,6151
20211124,경원선,이촌,3678,2848,6526
20211124,경원선,서빙고,2088,2050,4138
20211124,경원선,한남,4198,4006,8204
20211124,경원선,옥수,46,29,75
20211124,경원선,응봉,1889,1601,3490
20211124,경원선,왕십리,13963,15940,29903
20211124,경원선,청량리,14203,14738,28941
20211124,경원선,외대앞,8319,8328,16647
20211124,경원선,신이문,8652,8022,16674
20211124,경원선,석계,8127,9269,17396
20211124,경원선,광운대,8221,8034,16255
20211124,경원선,녹천,4807,3951,8758
20211124,공항철도 1호선,마곡나루,9143,8651,17794
20211124,일산선,백석,9673,9497,19170
20211124,일산선,정발산,7016,7135,14151
20211124,경원선,창동,1,0,1
20211124,우이신설선,4.19민주묘지,2937,2732,5669
20211124,우이신설선,가오리,4130,4074,8204
20211124,경의선,운정,7188,6791,13979
20211124,과천선,과천,5955,5432,11387
20211124,과천선,대공원,2187,2368,4555
20211124,과천선,경마공원,1706,1701,3407
20211124,과천선,선바위,8774,7652,16426
20211124,공항철도 1호선,영종,3013,2999,6012
20211124,공항철도 1호선,인천공항2터미널,2092,2033,4125
20211124,공항철도 1호선,인천공항1터미널,3754,3816,7570
20211124,공항철도 1호선,공항화물청사,2298,2520,4818
20211124,공항철도 1호선,운서,6609,6582,13191
20211124,공항철도 1호선,청라국제도시,6965,6582,13547
20211124,공항철도 1호선,검암,6816,6781,13597
20211124,우이신설선,화계,3415,3117,6532
20211124,일산선,마두,7762,7902,15664
20211124,중앙선,덕소,5701,4474,10175
20211124,중앙선,도농,10789,9543,20332
20211124,일산선,주엽,9091,8945,18036
20211124,일산선,대화,13191,10592,23783
20211124,장항선,봉명,1234,1185,2419
20211124,장항선,쌍용,2614,2528,5142
20211124,장항선,아산,3262,2957,6219
20211124,장항선,탕정,410,371,781
20211124,장항선,배방,1045,978,2023
20211124,장항선,온양온천,4263,4339,8602
20211124,장항선,신창,2206,2022,4228
20211124,중앙선,회기,24778,24016,48794
20211124,중앙선,중랑,5655,5366,11021
20211124,중앙선,상봉,5886,5869,11755
20211124,중앙선,망우,7632,7447,15079
20211124,중앙선,양원,2174,2212,4386
20211124,중앙선,구리,13827,13775,27602
20211124,중앙선,양정,730,684,1414
20211124,3호선,도곡,5529,5607,11136
20211124,수인선,사리,4773,4096,8869
20211124,3호선,학여울,1910,2009,3919
20211124,9호선,염창,17707,17206,34913
20211124,9호선,등촌,11956,11603,23559
20211124,9호선,증미,7475,7417,14892
20211124,9호선,가양,21040,20417,41457
20211124,9호선,양천향교,10019,10214,20233
20211124,9호선,마곡나루,11997,11932,23929
20211124,9호선,신목동,4204,3701,7905
20211124,9호선,신방화,7183,6922,14105
20211124,9호선,김포공항,6912,11303,18215
20211124,9호선,개화,2727,1861,4588
20211124,8호선,모란,5481,4326,9807
20211124,8호선,수진,5367,4893,10260
20211124,8호선,신흥,4219,4639,8858
20211124,8호선,단대오거리,10771,10390,21161
20211124,9호선,공항시장,3040,3231,6271
20211124,9호선,선유도,9098,8650,17748
20211124,9호선,당산,18420,18418,36838
20211124,9호선,국회의사당,17239,17884,35123
20211124,분당선,수원,8013,6828,14841
20211124,분당선,수서,14042,14366,28408
20211124,분당선,대모산입구,4649,4226,8875
20211124,분당선,개포동,4127,4214,8341
20211124,분당선,구룡,2212,2105,4317
20211124,분당선,도곡,7100,6989,14089
20211124,분당선,한티,15233,16503,31736
20211124,9호선,신반포,3414,3288,6702
20211124,9호선,구반포,1820,1907,3727
20211124,9호선,동작,1791,1388,3179
20211124,9호선,흑석,8085,8469,16554
20211124,9호선,노들,4592,3799,8391
20211124,9호선,노량진,25888,25006,50894
20211124,9호선,샛강,6004,6407,12411
20211124,9호선,여의도,28499,27546,56045
20211124,8호선,남한산성입구,14415,13084,27499
20211124,8호선,산성,5992,5948,11940
20211124,8호선,복정,12143,10092,22235
20211124,8호선,장지,17969,17185,35154
20211124,7호선,천왕,11852,11110,22962
20211124,7호선,광명사거리,23013,22620,45633
20211124,7호선,철산,21433,22037,43470
20211124,7호선,가산디지털단지,47970,48233,96203
20211124,7호선,남구로,16183,17175,33358
20211124,7호선,대림,7825,7917,15742
20211124,7호선,신풍,11878,11400,23278
20211124,7호선,보라매,10307,10191,20498
20211124,7호선,신대방삼거리,16891,16117,33008
20211124,7호선,장승배기,9465,9427,18892
20211124,7호선,상도,10904,10417,21321
20211124,7호선,숭실대입구,13485,13676,27161
20211124,7호선,남성,11205,10421,21626
20211124,7호선,이수,15705,15254,30959
20211124,7호선,내방,14996,15409,30405
20211124,7호선,온수,11330,10486,21816
20211124,분당선,서울숲,10937,11178,22115
20211124,7호선,까치울,7969,7487,15456
20211124,7호선,춘의,10364,10213,20577
20211124,8호선,문정,22761,24152,46913
20211124,8호선,가락시장,7825,8757,16582
20211124,8호선,송파,7774,7646,15420
20211124,8호선,석촌,7726,8881,16607
20211124,8호선,잠실,13699,16416,30115
20211124,8호선,몽촌토성,6278,6357,12635
20211124,8호선,강동구청,10959,11189,22148
20211124,8호선,천호,14963,17142,32105
20211124,8호선,암사,19371,17000,36371
20211124,7호선,부평구청,7690,6939,14629
20211124,7호선,굴포천,9616,10089,19705
20211124,7호선,삼산체육관,5563,5029,10592
20211124,7호선,상동,13491,14059,27550
20211124,7호선,부천시청,13099,13130,26229
20211124,7호선,신중동,14691,14705,29396
20211124,7호선,부천종합운동장,4964,4314,9278
20211124,분당선,압구정로데오,17944,20221,38165
20211124,분당선,강남구청,10595,12222,22817
20211124,분당선,선정릉,8362,9104,17466
20211124,경의선,일산,9479,9317,18796
20211124,경의선,풍산,5635,5147,10782
20211124,경의선,백마,6943,6677,13620
20211124,경의선,곡산,620,677,1297
20211124,경의선,능곡,3920,3641,7561
20211124,경의선,행신,8194,8085,16279
20211124,경의선,강매,3295,2826,6121
20211124,경의선,화전,1907,1699,3606
20211124,경의선,수색,2828,2933,5761
20211124,경의선,디지털미디어시티,2521,2417,4938
20211124,경의선,가좌,5409,5164,10573
20211124,경의선,홍대입구,1610,1925,3535
20211124,경의선,서강대,2118,2058,4176
20211124,경의선,공덕,3631,3326,6957
20211124,경의선,효창공원앞,2948,3334,6282
20211124,경의선,탄현,7962,7476,15438
20211124,경의선,신촌,924,1124,2048
20211124,경의선,야당,7374,7173,14547
20211124,경의선,금촌,6511,6350,12861
20211124,수인선,야목,333,237,570
20211124,경인선,제물포,11057,10588,21645
20211124,경인선,주안,19086,17425,36511
20211124,경인선,동암,14913,14931,29844
20211124,경인선,백운,7188,7019,14207
20211124,경인선,부평,28535,30627,59162
20211124,경인선,송내,27605,27365,54970
20211124,경인선,부천,32031,32317,64348
20211124,경인선,역곡,28141,27773,55914
20211124,경인선,오류동,12137,11216,23353
20211124,경인선,개봉,21722,21647,43369
20211124,경의선,임진강,5,14,19
20211124,경의선,문산,5213,5139,10352
20211124,경의선,파주,1447,1007,2454
20211124,경의선,월롱,2817,2603,5420
20211124,경의선,금릉,4832,4755,9587
20211124,7호선,고속터미널,15264,13379,28643
20211124,경의선,서울역,4399,5646,10045
20211124,경원선,동두천,2195,2381,4576
20211124,분당선,기흥,10313,9506,19819
20211124,분당선,신갈,4747,4684,9431
20211124,분당선,구성,5336,5491,10827
20211124,분당선,죽전,13646,15259,28905
20211124,분당선,보정,2693,2325,5018
20211124,분당선,이매,5958,5548,11506
20211124,분당선,오리,12197,10109,22306
20211124,분당선,미금,15872,17009,32881
20211124,분당선,정자,18138,19473,37611
20211124,분당선,수내,13681,13812,27493
20211124,분당선,서현,24957,25660,50617
20211124,분당선,야탑,26892,27794,54686
20211124,분당선,모란,24282,24926,49208
20211124,분당선,태평,13831,13167,26998
20211124,분당선,가천대,8040,9056,17096
20211124,분당선,상갈,5666,5485,11151
20211124,경원선,소요산,2264,1930,4194
20211124,분당선,청명,4465,4231,8696
20211124,분당선,망포,14937,14248,29185
20211124,경원선,보산,1783,1410,3193
20211124,경원선,동두천중앙,3141,2903,6044
20211124,경원선,지행,6659,6539,13198
20211124,경원선,덕정,6108,5913,12021
20211124,경원선,덕계,3150,2831,5981
20211124,경원선,양주,7569,7022,14591
20211124,경원선,녹양,4654,4397,9051
20211124,경원선,가능,6791,6460,13251
20211124,경원선,의정부,18091,18613,36704
20211124,수인선,어천,749,789,1538
20211124,수인선,오목천,3443,3150,6593
20211124,수인선,고색,4684,4364,9048
20211124,분당선,매교,3136,3217,6353
20211124,분당선,수원시청,12661,13779,26440
20211124,분당선,매탄권선,5217,4980,10197
20211124,분당선,영통,8833,8817,17650
20211124,7호선,반포,5801,5622,11423
20211124,3호선,대치,11183,11436,22619
20211124,7호선,학동,25480,27178,52658
20211124,5호선,애오개,7044,7085,14129
20211124,5호선,공덕,14822,16016,30838
20211124,5호선,마포,15208,15660,30868
20211124,5호선,여의나루,9073,10436,19509
20211124,5호선,여의도,29646,31327,60973
20211124,5호선,신길,4225,4523,8748
20211124,5호선,영등포시장,9831,10114,19945
20211124,5호선,영등포구청,4020,4247,8267
20211124,5호선,양평,7873,7703,15576
20211124,5호선,오목교,21769,23615,45384
20211124,5호선,목동,17312,18480,35792
20211124,5호선,신정,14276,11541,25817
20211124,5호선,까치산,29404,28101,57505
20211124,5호선,화곡,28801,26764,55565
20211124,5호선,우장산,15071,14621,29692
20211124,5호선,충정로,5131,5215,10346
20211124,5호선,마곡,11069,10930,21999
20211124,5호선,서대문,19923,20364,40287
20211124,5호선,종로3가,12232,12403,24635
20211124,5호선,길동,8123,8479,16602
20211124,5호선,강동,18438,17548,35986
20211124,5호선,천호,17679,17672,35351
20211124,5호선,광나루,13652,12477,26129
20211124,5호선,아차산,14605,13971,28576
20211124,5호선,군자,11411,12595,24006
20211124,5호선,장한평,19200,19076,38276
20211124,5호선,답십리,16495,14864,31359
20211124,5호선,마장,5730,5347,11077
20211124,5호선,왕십리,4586,5246,9832
20211124,5호선,행당,8456,7414,15870
20211124,5호선,신금호,6718,6955,13673
20211124,5호선,청구,4127,3799,7926
20211124,5호선,동대문역사문화공원,2992,3570,6562
20211124,5호선,을지로4가,6148,6354,12502
20211124,5호선,광화문,32402,34525,66927
20211124,5호선,굽은다리,9473,8975,18448
20211124,5호선,송정,6710,6319,13029
20211124,5호선,개화산,5657,5323,10980
20211124,4호선,동대문,19536,20383,39919
20211124,4호선,혜화,32820,33377,66197
20211124,4호선,한성대입구,13819,13582,27401
20211124,4호선,성신여대입구,20298,19434,39732
20211124,4호선,길음,20918,20266,41184
20211124,4호선,미아사거리,27698,26655,54353
20211124,4호선,미아,15261,14767,30028
20211124,4호선,수유,33607,33663,67270
20211124,3호선,오금,6444,5898,12342
20211124,3호선,경찰병원,7701,7712,15413
20211124,3호선,가락시장,8979,8861,17840
20211124,3호선,수서,17324,17597,34921
20211124,3호선,일원,10487,10132,20619
20211124,3호선,대청,10873,9866,20739
20211124,7호선,논현,20686,22625,43311
20211124,4호선,동대문역사문화공원,14621,13571,28192
20211124,5호선,김포공항,7020,6854,13874
20211124,4호선,충무로,26754,27759,54513
20211124,4호선,회현,23899,25571,49470
20211124,5호선,방화,6841,6487,13328
20211124,4호선,쌍문,30112,27200,57312
20211124,4호선,창동,25839,27190,53029
20211124,4호선,노원,18476,20861,39337
20211124,4호선,상계,19040,17666,36706
20211124,4호선,당고개,13031,11582,24613
20211124,4호선,남태령,1286,1124,2410
20211124,4호선,사당,25136,21386,46522
20211124,4호선,총신대입구,19060,20504,39564
20211124,4호선,동작,1567,1782,3349
20211124,4호선,이촌,7318,7995,15313
20211124,4호선,신용산,16968,17983,34951
20211124,4호선,삼각지,5185,5670,10855
20211124,4호선,숙대입구,13303,13115,26418
20211124,4호선,서울역,11555,16451,28006
20211124,4호선,명동,18789,19732,38521
20211124,5호선,명일,8848,9176,18024
20211124,5호선,발산,20957,21656,42613
20211124,5호선,상일동,16185,14459,30644
20211124,7호선,도봉산,9439,10948,20387
20211124,7호선,장암,2406,865,3271
20211124,6호선,봉화산,9054,8462,17516
20211124,6호선,화랑대,12277,9532,21809
20211124,6호선,태릉입구,5449,6130,11579
20211124,6호선,석계,12670,13144,25814
20211124,6호선,돌곶이,9922,9221,19143
20211124,6호선,상월곡,6549,5939,12488
20211124,6호선,월곡,11752,11599,23351
20211124,6호선,고려대,8144,7797,15941
20211124,6호선,안암,10929,10997,21926
20211124,6호선,보문,7321,6787,14108
20211124,6호선,창신,3767,3152,6919
20211124,6호선,동묘앞,7577,7890,15467
20211124,6호선,신당,9065,9321,18386
20211124,7호선,마들,13257,12474,25731
20211124,6호선,청구,3866,4105,7971
20211124,7호선,노원,19048,20192,39240
20211124,7호선,하계,18790,17555,36345
20211124,5호선,고덕,10149,9943,20092
20211124,7호선,청담,20169,22822,42991
20211124,7호선,뚝섬유원지,7492,7192,14684
20211124,7호선,건대입구,12016,12636,24652
20211124,7호선,어린이대공원,12352,12191,24543
20211124,7호선,군자,15051,12042,27093
20211124,7호선,중곡,11269,10360,21629
20211124,7호선,용마산,6377,6134,12511
20211124,7호선,사가정,16557,16543,33100
20211124,7호선,면목,16710,16263,32973
20211124,7호선,상봉,17043,16063,33106
20211124,7호선,중화,11171,11075,22246
20211124,7호선,먹골,10231,9841,20072
20211124,7호선,태릉입구,8614,8054,16668
20211124,7호선,공릉,12252,12171,24423
20211124,7호선,중계,14547,13342,27889
20211124,6호선,약수,3752,3584,7336
20211124,7호선,수락산,12707,12302,25009
20211124,7호선,강남구청,17057,18989,36046
20211124,6호선,불광,4294,4240,8534
20211124,6호선,역촌,3973,4727,8700
20211124,6호선,응암,17880,17445,35325
20211124,5호선,하남검단산,5396,5038,10434
20211124,5호선,하남시청,6511,6449,12960
20211124,5호선,하남풍산,4288,4263,8551
20211124,5호선,미사,16307,16091,32398
20211124,5호선,강일,3929,3957,7886
20211124,5호선,마천,7085,6884,13969
20211124,5호선,거여,9609,8978,18587
20211124,5호선,개롱,6803,6861,13664
20211124,5호선,오금,3907,3881,7788
20211124,5호선,방이,7230,7528,14758
20211124,5호선,올림픽공원,4471,4020,8491
20211124,6호선,버티고개,1954,1983,3937
20211124,6호선,독바위,2722,2825,5547
20211124,6호선,연신내,2,0,2
20211124,5호선,둔촌동,8776,8587,17363
20211124,6호선,새절,12947,12101,25048
20211124,6호선,구산,7942,5954,13896
20211124,6호선,이태원,9200,9442,18642
20211124,6호선,녹사평,4527,4636,9163
20211124,6호선,삼각지,6246,5661,11907
20211124,6호선,효창공원앞,7120,6519,13639
20211124,6호선,공덕,19123,18666,37789
20211124,6호선,대흥,8258,8508,16766
20211124,6호선,광흥창,9362,9146,18508
20211124,6호선,한강진,8547,9868,18415
20211124,6호선,합정,12862,12904,25766
20211124,6호선,망원,13544,14556,28100
20211124,6호선,마포구청,14630,13207,27837
20211124,6호선,월드컵경기장,3793,4124,7917
20211124,6호선,디지털미디어시티,14469,15540,30009
20211124,6호선,증산,10176,9878,20054
20211124,6호선,상수,7730,8804,16534
20211125,수인선,소래포구,5284,5034,10318
20211125,수인선,인천논현,5795,6102,11897
20211125,수인선,호구포,4006,4151,8157
20211125,수인선,남동인더스파크,2215,2623,4838
20211125,수인선,원인재,4511,4701,9212
20211125,4호선,사당,25582,21961,47543
20211125,5호선,김포공항,7319,6775,14094
20211125,4호선,창동,25761,27341,53102
20211125,5호선,방화,6983,6578,13561
20211125,4호선,노원,18680,21119,39799
20211125,4호선,상계,19394,17801,37195
20211125,4호선,당고개,13089,11869,24958
20211125,4호선,남태령,1284,1059,2343
20211125,수인선,월곶,2767,2544,5311
20211125,5호선,개화산,5784,5421,11205
20211125,수인선,달월,108,67,175
20211125,5호선,발산,20863,21662,42525
20211125,수인선,야목,351,233,584
20211125,4호선,총신대입구,18955,20658,39613
20211125,5호선,영등포구청,3986,4145,8131
20211125,5호선,양평,7851,7634,15485
20211125,5호선,오목교,22089,23821,45910
20211125,5호선,목동,17142,18626,35768
20211125,5호선,신정,14148,11387,25535
20211125,5호선,까치산,29505,28151,57656
20211125,5호선,화곡,28739,26784,55523
20211125,5호선,우장산,15046,14620,29666
20211125,5호선,마곡,11156,11066,22222
20211125,5호선,송정,6989,6511,13500
20211125,분당선,매교,3252,3272,6524
20211125,수인선,고색,4640,4392,9032
20211125,수인선,오목천,3418,3129,6547
20211125,수인선,어천,793,760,1553
20211125,수인선,사리,4749,4150,8899
20211125,4호선,동작,1695,1877,3572
20211125,경부선,당정,6531,6069,12600
20211125,4호선,신용산,17302,18115,35417
20211125,경인선,제물포,11034,10489,21523
20211125,경인선,동인천,14192,13556,27748
20211125,경인선,인천,3440,2624,6064
20211125,경인선,구일,6562,6633,13195
20211125,경인선,소사,8968,8783,17751
20211125,경인선,부개,8677,8073,16750
20211125,경인선,간석,5926,5574,11500
20211125,경원선,응봉,1865,1630,3495
20211125,경원선,옥수,46,29,75
20211125,경원선,한남,4371,4006,8377
20211125,경원선,서빙고,2086,2095,4181
20211125,경원선,이촌,3794,2878,6672
20211125,경부선,광명,3402,2889,6291
20211125,경부선,서동탄,1560,1331,2891
20211125,5호선,영등포시장,10050,10345,20395
20211125,경인선,주안,19311,17579,36890
20211125,4호선,이촌,7305,8120,15425
20211125,경인선,동암,15117,15178,30295
20211125,경인선,부평,28819,30997,59816
20211125,4호선,삼각지,5276,5997,11273
20211125,4호선,숙대입구,13330,12977,26307
20211125,4호선,서울역,11479,16957,28436
20211125,4호선,회현,23698,25567,49265
20211125,4호선,명동,18640,19742,38382
20211125,4호선,충무로,27442,28414,55856
20211125,4호선,동대문역사문화공원,14858,13749,28607
20211125,4호선,동대문,20007,20801,40808
20211125,4호선,혜화,32511,33047,65558
20211125,4호선,한성대입구,13859,13622,27481
20211125,4호선,성신여대입구,20813,19889,40702
20211125,4호선,길음,20788,19988,40776
20211125,경인선,역곡,28557,27734,56291
20211125,경인선,부천,32384,32599,64983
20211125,경인선,송내,27559,27467,55026
20211125,경인선,백운,7322,7134,14456
20211125,5호선,신길,4223,4533,8756
20211125,6호선,태릉입구,5665,6056,11721
20211125,5호선,여의나루,9166,10483,19649
20211125,6호선,공덕,19383,18740,38123
20211125,6호선,대흥,8307,8573,16880
20211125,6호선,광흥창,9454,9217,18671
20211125,6호선,상수,8107,9443,17550
20211125,6호선,합정,13456,13309,26765
20211125,6호선,망원,13837,14974,28811
20211125,6호선,마포구청,14845,13228,28073
20211125,6호선,월드컵경기장,3917,4183,8100
20211125,6호선,디지털미디어시티,14227,15732,29959
20211125,6호선,증산,10243,10104,20347
20211125,6호선,새절,13397,12438,25835
20211125,6호선,구산,7887,5794,13681
20211125,6호선,독바위,2756,2872,5628
20211125,6호선,불광,4330,4222,8552
20211125,6호선,역촌,3987,4716,8703
20211125,6호선,효창공원앞,7207,6502,13709
20211125,6호선,응암,18013,17428,35441
20211125,6호선,삼각지,6267,5602,11869
20211125,6호선,이태원,9762,10162,19924
20211125,경부선,천안,5429,5484,10913
20211125,6호선,석계,12761,13248,26009
20211125,6호선,돌곶이,9856,9107,18963
20211125,6호선,상월곡,6562,5797,12359
20211125,6호선,월곡,11970,11645,23615
20211125,6호선,고려대,8054,7676,15730
20211125,6호선,안암,10414,10701,21115
20211125,6호선,보문,7477,6784,14261
20211125,6호선,창신,3544,2928,6472
20211125,6호선,동묘앞,7906,8003,15909
20211125,6호선,신당,8670,9158,17828
20211125,6호선,청구,3907,4118,8025
20211125,6호선,약수,3714,3668,7382
20211125,6호선,버티고개,2061,2077,4138
20211125,6호선,한강진,8123,9486,17609
20211125,6호선,녹사평,4847,4987,9834
20211125,5호선,여의도,29601,31282,60883
20211125,5호선,하남검단산,5467,5179,10646
20211125,5호선,하남풍산,4335,4276,8611
20211125,5호선,답십리,16537,14841,31378
20211125,5호선,마장,5918,5581,11499
20211125,5호선,왕십리,4626,5221,9847
20211125,5호선,행당,8632,7420,16052
20211125,5호선,신금호,6724,6953,13677
20211125,5호선,청구,4064,3786,7850
20211125,5호선,동대문역사문화공원,3079,3563,6642
20211125,5호선,을지로4가,6261,6419,12680
20211125,5호선,종로3가,12514,12494,25008
20211125,5호선,광화문,31595,33718,65313
20211125,5호선,서대문,20160,20838,40998
20211125,5호선,충정로,5139,5119,10258
20211125,5호선,애오개,7096,7216,14312
20211125,5호선,공덕,15013,16027,31040
20211125,5호선,마포,14964,15373,30337
20211125,5호선,장한평,19169,19012,38181
20211125,5호선,하남시청,6411,6225,12636
20211125,5호선,군자,11355,12627,23982
20211125,5호선,광나루,13888,12824,26712
20211125,5호선,미사,16391,16280,32671
20211125,5호선,강일,4021,3890,7911
20211125,5호선,마천,7105,6926,14031
20211125,5호선,거여,9620,8924,18544
20211125,5호선,개롱,6937,7088,14025
20211125,5호선,오금,3946,3956,7902
20211125,5호선,방이,7289,7549,14838
20211125,5호선,올림픽공원,4460,3912,8372
20211125,5호선,둔촌동,8819,8682,17501
20211125,5호선,상일동,16235,14529,30764
20211125,5호선,고덕,10045,9791,19836
20211125,5호선,명일,8925,9097,18022
20211125,5호선,굽은다리,9679,9058,18737
20211125,5호선,강동,18739,17635,36374
20211125,5호선,천호,17903,17990,35893
20211125,5호선,아차산,14767,14104,28871
20211125,분당선,복정,2,0,2
20211125,2호선,강변,30821,29270,60091
20211125,4호선,미아사거리,27891,26961,54852
20211125,경원선,청량리,15364,15492,30856
20211125,경원선,외대앞,8358,8162,16520
20211125,경원선,신이문,8598,7591,16189
20211125,경원선,석계,8077,9082,17159
20211125,경원선,광운대,8383,7972,16355
20211125,경원선,월계,7399,6693,14092
20211125,경원선,녹천,4796,3991,8787
20211125,경원선,창동,2,0,2
20211125,경원선,방학,9722,9323,19045
20211125,경원선,도봉,6247,5796,12043
20211125,경원선,도봉산,7785,5107,12892
20211125,경원선,망월사,8266,8202,16468
20211125,경원선,회룡,12780,12189,24969
20211125,경원선,의정부,18184,18554,36738
20211125,경원선,가능,6773,6545,13318
20211125,1호선,서울역,45703,43637,89340
20211125,경원선,녹양,4703,4389,9092
20211125,1호선,동묘앞,7895,8320,16215
20211125,1호선,종각,36036,35912,71948
20211125,2호선,한양대,8479,9192,17671
20211125,2호선,왕십리,16514,13444,29958
20211125,2호선,상왕십리,14640,14239,28879
20211125,2호선,신당,14032,14558,28590
20211125,2호선,동대문역사문화공원,11980,13449,25429
20211125,2호선,을지로4가,13274,13259,26533
20211125,2호선,을지로3가,23017,23005,46022
20211125,2호선,을지로입구,40409,41656,82065
20211125,2호선,시청,24710,23835,48545
20211125,1호선,청량리,19985,20464,40449
20211125,1호선,제기동,17145,17658,34803
20211125,1호선,신설동,14362,13901,28263
20211125,1호선,동대문,10877,10390,21267
20211125,1호선,종로5가,22144,22586,44730
20211125,1호선,종로3가,25488,23486,48974
20211125,1호선,시청,22908,23651,46559
20211125,2호선,뚝섬,22311,24188,46499
20211125,경원선,양주,7849,7253,15102
20211125,경원선,덕정,6215,5953,12168
20211125,경의선,백마,7159,6823,13982
20211125,경의선,풍산,5882,5327,11209
20211125,경의선,일산,9672,9454,19126
20211125,경의선,탄현,8098,7639,15737
20211125,경의선,야당,7480,7333,14813
20211125,경의선,운정,7255,6844,14099
20211125,경의선,금릉,4887,4868,9755
20211125,경의선,금촌,6481,6449,12930
20211125,경의선,월롱,2899,2660,5559
20211125,경의선,파주,1510,1069,2579
20211125,경의선,문산,4964,5038,10002
20211125,경의선,임진강,5,2,7
20211125,경인선,개봉,21939,21458,43397
20211125,경인선,오류동,12411,11278,23689
20211125,6호선,화랑대,12147,9349,21496
20211125,경의선,곡산,615,653,1268
20211125,경원선,덕계,3184,2765,5949
20211125,경의선,능곡,3842,3556,7398
20211125,경의선,강매,3328,2836,6164
20211125,경원선,지행,6838,6794,13632
20211125,경원선,동두천중앙,3360,3273,6633
20211125,경원선,보산,1783,1541,3324
20211125,경원선,동두천,2229,2481,4710
20211125,경원선,소요산,2423,2144,4567
20211125,경의선,서울역,4518,5677,10195
20211125,경의선,신촌,906,1108,2014
20211125,경의선,효창공원앞,3046,3470,6516
20211125,경의선,공덕,3637,3254,6891
20211125,경의선,서강대,2117,2110,4227
20211125,경의선,홍대입구,1600,1970,3570
20211125,경의선,가좌,5509,5195,10704
20211125,경의선,디지털미디어시티,2610,2397,5007
20211125,경의선,수색,2817,3020,5837
20211125,경의선,화전,1781,1669,3450
20211125,경의선,행신,8162,8163,16325
20211125,5호선,길동,8234,8542,16776
20211125,2호선,성수,37227,40841,78068
20211125,2호선,구의,24234,23627,47861
20211125,3호선,옥수,9272,9526,18798
20211125,3호선,금호,8238,7624,15862
20211125,3호선,약수,13419,13105,26524
20211125,3호선,동대입구,7823,8234,16057
20211125,3호선,충무로,1,0,1
20211125,3호선,을지로3가,11014,11384,22398
20211125,3호선,종로3가,10044,11454,21498
20211125,3호선,안국,21763,22886,44649
20211125,3호선,경복궁,22063,22185,44248
20211125,3호선,독립문,7142,7527,14669
20211125,3호선,무악재,3957,4039,7996
20211125,3호선,홍제,17738,16526,34264
20211125,3호선,녹번,16069,14496,30565
20211125,3호선,불광,16877,17965,34842
20211125,3호선,연신내,37405,35271,72676
20211125,3호선,압구정,31625,34175,65800
20211125,3호선,구파발,21320,20037,41357
20211125,3호선,신사,30945,33054,63999
20211125,3호선,고속터미널,39186,38584,77770
20211125,4호선,미아,15448,14993,30441
20211125,4호선,수유,34225,33738,67963
20211125,3호선,오금,6504,5909,12413
20211125,3호선,경찰병원,7568,7596,15164
20211125,3호선,가락시장,9328,9160,18488
20211125,3호선,수서,17675,17995,35670
20211125,3호선,일원,10858,10336,21194
20211125,3호선,대청,10828,9755,20583
20211125,3호선,학여울,3604,3698,7302
20211125,3호선,대치,11464,11671,23135
20211125,3호선,도곡,5628,5685,11313
20211125,3호선,매봉,13262,12716,25978
20211125,3호선,양재,41207,45336,86543
20211125,3호선,남부터미널,29581,30262,59843
20211125,3호선,교대,15487,9913,25400
20211125,3호선,잠원,5114,5109,10223
20211125,2호선,건대입구,34232,37377,71609
20211125,3호선,지축,4873,4427,9300
20211125,2호선,신정네거리,10289,10601,20890
20211125,2호선,봉천,24349,22210,46559
20211125,2호선,서울대입구,48254,47277,95531
20211125,2호선,낙성대,27407,26239,53646
20211125,2호선,사당,38403,42383,80786
20211125,2호선,방배,18541,19387,37928
20211125,2호선,서초,22524,22050,44574
20211125,2호선,교대,35620,40966,76586
20211125,2호선,강남,85434,85770,171204
20211125,2호선,역삼,54905,61551,116456
20211125,2호선,선릉,60008,53785,113793
20211125,2호선,삼성,57287,58833,116120
20211125,2호선,종합운동장,7415,8000,15415
20211125,2호선,잠실새내,21552,21534,43086
20211125,2호선,잠실,69449,69372,138821
20211125,2호선,잠실나루,15243,14734,29977
20211125,2호선,신림,63710,61236,124946
20211125,2호선,용두,2458,2440,4898
20211125,2호선,신대방,26745,25982,52727
20211125,2호선,대림,24192,24640,48832
20211125,2호선,양천구청,6987,7295,14282
20211125,2호선,도림천,1393,1424,2817
20211125,2호선,신설동,3233,3325,6558
20211125,2호선,신답,1718,1946,3664
20211125,2호선,용답,2928,2889,5817
20211125,2호선,충정로,10412,11120,21532
20211125,2호선,아현,10901,10495,21396
20211125,2호선,이대,13990,14820,28810
20211125,2호선,신촌,32503,33479,65982
20211125,2호선,홍대입구,51748,54973,106721
20211125,2호선,합정,31643,33725,65368
20211125,2호선,당산,19327,22554,41881
20211125,2호선,영등포구청,23831,24233,48064
20211125,2호선,문래,22321,22621,44942
20211125,2호선,신도림,48406,48548,96954
20211125,2호선,구로디지털단지,62267,62493,124760
20211125,4호선,쌍문,30050,27408,57458
20211125,6호선,봉화산,9166,8595,17761
20211125,7호선,도봉산,9425,11100,20525
20211125,공항철도 1호선,공덕,2336,3117,5453
20211125,공항철도 1호선,홍대입구,9243,9641,18884
20211125,공항철도 1호선,디지털미디어시티,14515,13358,27873
20211125,공항철도 1호선,마곡나루,9032,8703,17735
20211125,공항철도 1호선,김포공항,12173,7136,19309
20211125,공항철도 1호선,계양,10395,9651,20046
20211125,공항철도 1호선,서울역,8003,7411,15414
20211125,공항철도 1호선,검암,7065,6873,13938
20211125,공항철도 1호선,운서,6768,6707,13475
20211125,공항철도 1호선,공항화물청사,2394,2580,4974
20211125,공항철도 1호선,인천공항1터미널,3966,3807,7773
20211125,공항철도 1호선,인천공항2터미널,2350,2150,4500
20211125,공항철도 1호선,영종,3023,3073,6096
20211125,과천선,선바위,8942,7625,16567
20211125,공항철도 1호선,청라국제도시,7131,6720,13851
20211125,경춘선,춘천,1435,1224,2659
20211125,경춘선,남춘천,2445,2307,4752
20211125,경춘선,김유정,340,352,692
20211125,경춘선,갈매,3243,2737,5980
20211125,경춘선,별내,3438,3279,6717
20211125,경춘선,퇴계원,3756,3395,7151
20211125,경춘선,사릉,3581,3501,7082
20211125,경춘선,금곡,1576,1573,3149
20211125,경춘선,평내호평,6312,6175,12487
20211125,경춘선,천마산,1738,1566,3304
20211125,경춘선,마석,3960,3880,7840
20211125,경춘선,대성리,465,407,872
20211125,경춘선,청평,1481,1534,3015
20211125,경춘선,상천,218,194,412
20211125,경춘선,가평,1497,1537,3034
20211125,경춘선,굴봉산,111,113,224
20211125,경춘선,백양리,88,76,164
20211125,경춘선,강촌,456,462,918
20211125,과천선,경마공원,1720,1613,3333
20211125,과천선,대공원,2447,2612,5059
20211125,과천선,과천,6015,5483,11498
20211125,과천선,정부과천청사,11085,10951,22036
20211125,분당선,서현,24943,25844,50787
20211125,분당선,수내,13818,13912,27730
20211125,분당선,정자,18060,19446,37506
20211125,분당선,미금,15918,16966,32884
20211125,분당선,오리,12465,10324,22789
20211125,분당선,이매,6141,5618,11759
20211125,분당선,보정,2770,2414,5184
20211125,분당선,죽전,13920,15198,29118
20211125,분당선,구성,5206,5574,10780
20211125,분당선,신갈,4784,4663,9447
20211125,분당선,기흥,10578,9834,20412
20211125,분당선,상갈,5765,5680,11445
20211125,분당선,청명,4563,4356,8919
20211125,분당선,영통,8994,9099,18093
20211125,분당선,망포,15180,14206,29386
20211125,분당선,야탑,26875,28069,54944
20211125,경인선,도화,4233,3917,8150
20211125,분당선,모란,20342,20496,40838
20211125,분당선,가천대,13184,13339,26523
20211125,과천선,인덕원,25107,25933,51040
20211125,과천선,평촌,18890,18616,37506
20211125,과천선,범계,26253,26044,52297
20211125,분당선,선릉,14436,21899,36335
20211125,분당선,한티,15396,16522,31918
20211125,분당선,도곡,7135,7019,14154
20211125,분당선,구룡,2222,2144,4366
20211125,분당선,개포동,3907,4043,7950
20211125,분당선,대모산입구,4667,4273,8940
20211125,분당선,수서,14570,15087,29657
20211125,분당선,수원,8191,7135,15326
20211125,분당선,서울숲,11009,11526,22535
20211125,분당선,압구정로데오,18775,21134,39909
20211125,분당선,강남구청,10685,12477,23162
20211125,분당선,선정릉,8423,8957,17380
20211125,분당선,태평,13714,13149,26863
20211125,경인선,중동,9616,8963,18579
20211125,경인선,온수,7085,6665,13750
20211125,경인선,도원,3196,3243,6439
20211125,장항선,배방,1060,989,2049
20211125,장항선,온양온천,3330,3441,6771
20211125,장항선,신창,2319,1964,4283
20211125,중앙선,회기,25417,24380,49797
20211125,중앙선,중랑,5687,5317,11004
20211125,중앙선,상봉,6095,6046,12141
20211125,중앙선,망우,7994,7724,15718
20211125,중앙선,양원,2224,2219,4443
20211125,중앙선,구리,13973,13993,27966
20211125,중앙선,도농,10854,9754,20608
20211125,중앙선,양정,771,639,1410
20211125,중앙선,덕소,5821,4587,10408
20211125,중앙선,도심,2531,1969,4500
20211125,중앙선,팔당,891,921,1812
20211125,중앙선,운길산,680,618,1298
20211125,장항선,탕정,387,339,726
20211125,중앙선,양수,1798,1847,3645
20211125,장항선,아산,3379,3073,6452
20211125,안산선,고잔,9242,8671,17913
20211125,7호선,장암,2397,878,3275
20211125,경원선,왕십리,14113,16166,30279
20211125,수인선,연수,4574,4494,9068
20211125,수인선,송도,2620,2379,4999
20211125,우이신설선,정릉,4749,4295,9044
20211125,수인선,인하대,6284,5962,12246
20211125,수인선,숭의,4129,3905,8034
20211125,수인선,신포,1897,1925,3822
20211125,수인선,인천,1035,1660,2695
20211125,안산선,산본,16397,17223,33620
20211125,안산선,대야미,5188,4633,9821
20211125,안산선,반월,4429,4199,8628
20211125,안산선,상록수,16259,16595,32854
20211125,안산선,한대앞,9761,9863,19624
20211125,안산선,중앙,18123,18912,37035
20211125,안산선,초지,5122,5527,10649
20211125,분당선,매탄권선,5275,5010,10285
20211125,중앙선,신원,199,178,377
20211125,중앙선,아신,532,538,1070
20211125,장항선,쌍용,2676,2354,5030
20211125,안산선,안산,11462,10403,21865
20211125,안산선,신길온천,1748,1605,3353
20211125,안산선,정왕,9967,10292,20259
20211125,안산선,오이도,8475,8189,16664
20211125,안산선,수리산,4465,3661,8126
20211125,우이신설선,북한산우이,2660,2367,5027
20211125,우이신설선,솔밭공원,2550,2407,4957
20211125,우이신설선,4.19민주묘지,2957,2790,5747
20211125,우이신설선,가오리,4262,4183,8445
20211125,우이신설선,화계,3531,3257,6788
20211125,우이신설선,삼양,2121,2151,4272
20211125,우이신설선,삼양사거리,2479,2498,4977
20211125,우이신설선,솔샘,6057,5542,11599
20211125,우이신설선,북한산보국문,6050,5750,11800
20211125,장항선,봉명,1221,1189,2410
20211125,중앙선,국수,714,718,1432
20211125,일산선,대화,13743,11133,24876
20211125,일산선,정발산,7238,7145,14383
20211125,중앙선,오빈,347,321,668
20211125,중앙선,양평,2671,2696,5367
20211125,중앙선,원덕,352,340,692
20211125,중앙선,용문,2910,2866,5776
20211125,중앙선,지평,67,67,134
20211125,우이신설선,성신여대입구,3320,3651,6971
20211125,우이신설선,보문,1481,1491,2972
20211125,우이신설선,신설동,2163,2175,4338
20211125,일산선,원흥,11160,10475,21635
20211125,일산선,삼송,19686,18988,38674
20211125,일산선,원당,11603,10886,22489
20211125,일산선,화정,17617,18037,35654
20211125,일산선,대곡,2049,1632,3681
20211125,일산선,백석,10082,10165,20247
20211125,일산선,마두,7826,7919,15745
20211125,일산선,주엽,9247,8952,18199
20211125,분당선,수원시청,13114,14108,27222
20211125,경춘선,신내,2153,2051,4204
20211125,경부선,직산,770,770,1540
20211125,8호선,몽촌토성,6539,6501,13040
20211125,8호선,강동구청,10841,11200,22041
20211125,8호선,천호,15095,17239,32334
20211125,8호선,암사,19558,17045,36603
20211125,7호선,부평구청,7769,7079,14848
20211125,7호선,굴포천,9511,9832,19343
20211125,7호선,삼산체육관,5707,5078,10785
20211125,7호선,상동,13441,14162,27603
20211125,7호선,부천시청,13026,13015,26041
20211125,7호선,신중동,14743,14875,29618
20211125,7호선,춘의,10340,10081,20421
20211125,7호선,부천종합운동장,5183,4506,9689
20211125,7호선,까치울,8074,7612,15686
20211125,7호선,온수,11457,10709,22166
20211125,7호선,천왕,11909,11251,23160
20211125,8호선,잠실,13754,16702,30456
20211125,7호선,광명사거리,23312,23049,46361
20211125,8호선,석촌,7827,8977,16804
20211125,8호선,가락시장,7862,8840,16702
20211125,9호선,양천향교,9908,10192,20100
20211125,9호선,마곡나루,12143,12119,24262
20211125,9호선,신방화,7079,6857,13936
20211125,9호선,공항시장,3037,3294,6331
20211125,9호선,김포공항,7422,11972,19394
20211125,9호선,개화,2700,1911,4611
20211125,8호선,모란,4335,3422,7757
20211125,8호선,수진,5423,4868,10291
20211125,8호선,신흥,4343,4643,8986
20211125,8호선,단대오거리,10533,10327,20860
20211125,8호선,남한산성입구,14402,13025,27427
20211125,8호선,산성,5892,5921,11813
20211125,8호선,복정,12108,10366,22474
20211125,8호선,장지,17733,16910,34643
20211125,8호선,문정,23017,24266,47283
20211125,8호선,송파,7843,7711,15554
20211125,9호선,가양,21204,20481,41685
20211125,7호선,철산,21417,21817,43234
20211125,7호선,남구로,16196,17302,33498
20211125,7호선,군자,15300,12075,27375
20211125,7호선,중곡,10856,10084,20940
20211125,7호선,용마산,6302,5983,12285
20211125,7호선,사가정,16713,16553,33266
20211125,7호선,면목,16864,16358,33222
20211125,7호선,상봉,17191,16141,33332
20211125,7호선,중화,11297,11064,22361
20211125,7호선,먹골,10278,9893,20171
20211125,7호선,태릉입구,8786,8364,17150
20211125,7호선,공릉,12439,12282,24721
20211125,7호선,하계,18735,17442,36177
20211125,7호선,중계,14602,13267,27869
20211125,7호선,노원,19285,20400,39685
20211125,7호선,마들,13462,12628,26090
20211125,경부선,두정,5735,5720,11455
20211125,7호선,어린이대공원,12508,12619,25127
20211125,7호선,가산디지털단지,48223,48274,96497
20211125,7호선,건대입구,12105,12804,24909
20211125,7호선,청담,20146,23058,43204
20211125,7호선,대림,7971,7992,15963
20211125,7호선,신풍,11894,11420,23314
20211125,7호선,보라매,10464,10453,20917
20211125,7호선,신대방삼거리,17071,16388,33459
20211125,7호선,장승배기,9655,9346,19001
20211125,7호선,상도,10860,10424,21284
20211125,7호선,숭실대입구,13516,13565,27081
20211125,7호선,남성,11425,10411,21836
20211125,7호선,이수,15996,15469,31465
20211125,7호선,내방,14962,15412,30374
20211125,7호선,고속터미널,15479,13489,28968
20211125,7호선,반포,6057,5767,11824
20211125,7호선,논현,20746,22980,43726
20211125,7호선,학동,25298,27080,52378
20211125,7호선,강남구청,17285,19275,36560
20211125,7호선,뚝섬유원지,7529,7300,14829
20211125,9호선,증미,7494,7331,14825
20211125,7호선,수락산,13025,12710,25735
20211125,9호선,염창,18140,17239,35379
20211125,경부선,안양,24957,24811,49768
20211125,경부선,관악,7555,6771,14326
20211125,경부선,석수,10113,9073,19186
20211125,경부선,금천구청,12321,11993,24314
20211125,경부선,가산디지털단지,18858,21862,40720
20211125,경부선,구로,18971,20049,39020
20211125,경부선,신길,9343,7952,17295
20211125,경부선,신도림,4225,4439,8664
20211125,경부선,영등포,36708,37630,74338
20211125,경부선,대방,13400,13796,27196
20211125,경부선,노량진,8072,8306,16378
20211125,경부선,용산,33599,34298,67897
20211125,경부선,남영,9444,9957,19401
20211125,경부선,서울역,6294,2016,8310
20211125,경강선,여주,2638,2499,5137
20211125,경부선,명학,9659,9599,19258
20211125,경강선,세종대왕릉,311,281,592
20211125,경부선,금정,27249,27916,55165
20211125,경부선,의왕,9636,9565,19201
20211125,9호선,등촌,12028,11589,23617
20211125,경부선,평택,12191,12015,24206
20211125,경부선,평택지제,3402,3307,6709
20211125,경부선,서정리,7495,6894,14389
20211125,경부선,송탄,4573,4167,8740
20211125,경부선,진위,1701,1544,3245
20211125,경부선,오산,10065,9989,20054
20211125,경부선,오산대,3810,3479,7289
20211125,경부선,세마,2800,2682,5482
20211125,경부선,병점,14912,14860,29772
20211125,경부선,세류,3210,2784,5994
20211125,경부선,독산,19125,19862,38987
20211125,경부선,수원,35152,37525,72677
20211125,경부선,화서,8216,7942,16158
20211125,경부선,성균관대,15004,14781,29785
20211125,경부선,군포,7866,7842,15708
20211125,경강선,부발,2062,1938,4000
20211125,경부선,성환,4965,4896,9861
20211125,경강선,신둔도예촌,1580,1456,3036
20211125,9호선,신논현,32485,32661,65146
20211125,9호선,사평,3674,3634,7308
20211125,9호선,고속터미널,12245,15296,27541
20211125,9호선,신반포,3419,3325,6744
20211125,9호선,구반포,1866,2039,3905
20211125,9호선,흑석,8075,8423,16498
20211125,9호선,노들,4518,3783,8301
20211125,9호선,노량진,26157,25177,51334
20211125,9호선,샛강,6085,6403,12488
20211125,9호선,여의도,28727,27692,56419
20211125,9호선,국회의사당,17024,17817,34841
20211125,9호선,당산,18617,18784,37401
20211125,9호선,선유도,9026,8708,17734
20211125,9호선,신목동,4369,3756,8125
20211125,경강선,이천,2568,2729,5297
20211125,9호선2~3단계,언주,10997,11304,22301
20211125,9호선2~3단계,선정릉,9955,11250,21205
20211125,9호선,동작,1957,1595,3552
20211125,9호선2~3단계,봉은사,17643,18377,36020
20211125,9호선2~3단계,삼성중앙,7099,7556,14655
20211125,경강선,초월,3165,3017,6182
20211125,경강선,경기광주,7707,7141,14848
20211125,경강선,삼동,2448,2167,4615
20211125,경강선,이매,1178,1007,2185
20211125,9호선2~3단계,중앙보훈병원,10824,9489,20313
20211125,9호선2~3단계,둔촌오륜,1329,1154,2483
20211125,경강선,판교,4751,4845,9596
20211125,9호선2~3단계,한성백제,2733,2462,5195
20211125,경강선,곤지암,2267,2206,4473
20211125,9호선2~3단계,송파나루,4794,5248,10042
20211125,9호선2~3단계,석촌,8533,7525,16058
20211125,9호선2~3단계,석촌고분,6132,6156,12288
20211125,9호선2~3단계,삼전,6938,6651,13589
20211125,9호선2~3단계,종합운동장,4224,4201,8425
20211125,9호선2~3단계,올림픽공원,6204,6123,12327
20211126,경원선,소요산,2440,2085,4525
20211126,경원선,지행,6894,6996,13890
20211126,경원선,동두천중앙,3227,3167,6394
20211126,경원선,보산,1967,1686,3653
20211126,경원선,동두천,2181,2380,4561
20211126,경의선,서울역,4634,5990,10624
20211126,경의선,수색,2762,2834,5596
20211126,경의선,효창공원앞,3013,3449,6462
20211126,경의선,공덕,3747,3473,7220
20211126,경의선,서강대,2243,2213,4456
20211126,경의선,홍대입구,1747,2208,3955
20211126,경의선,가좌,5625,5237,10862
20211126,경의선,디지털미디어시티,2694,2497,5191
20211126,경원선,덕정,6163,5597,11760
20211126,경의선,신촌,975,1143,2118
20211126,경원선,덕계,3218,2848,6066
20211126,경원선,왕십리,14886,17345,32231
20211126,경원선,녹양,4704,4362,9066
20211126,경춘선,신내,2198,2064,4262
20211126,경원선,청량리,17765,18053,35818
20211126,경원선,외대앞,8893,8737,17630
20211126,경원선,신이문,8763,8007,16770
20211126,경원선,석계,8360,9572,17932
20211126,경원선,광운대,8204,7883,16087
20211126,경원선,월계,7287,6672,13959
20211126,경원선,녹천,4770,3933,8703
20211126,경원선,방학,9834,9611,19445
20211126,경원선,도봉,6188,5875,12063
20211126,경원선,도봉산,7679,4887,12566
20211126,경원선,망월사,7939,7928,15867
20211126,경원선,회룡,12742,12601,25343
20211126,경원선,의정부,18897,19988,38885
20211126,경원선,가능,6856,6483,13339
20211126,경원선,양주,8122,7546,15668
20211126,경의선,화전,1852,1643,3495
20211126,경인선,오류동,12410,11249,23659
20211126,경의선,행신,8576,8503,17079
20211126,경인선,백운,7510,7173,14683
20211126,경인선,동암,15381,15537,30918
20211126,경인선,주안,19883,18019,37902
20211126,경인선,제물포,11520,10883,22403
20211126,경인선,동인천,14590,13682,28272
20211126,경인선,인천,3399,2641,6040
20211126,경인선,구일,6699,6637,13336
20211126,경인선,소사,8914,8603,17517
20211126,경인선,부개,8770,7969,16739
20211126,경인선,간석,6108,5782,11890
20211126,경인선,도원,3281,3310,6591
20211126,경인선,온수,7054,6635,13689
20211126,경인선,중동,9670,9078,18748
20211126,경인선,도화,4392,3919,8311
20211126,경원선,응봉,1984,1611,3595
20211126,경인선,부평,30406,34463,64869
20211126,경의선,강매,3336,2776,6112
20211126,경인선,송내,27748,27476,55224
20211126,경인선,역곡,28875,27750,56625
20211126,경의선,능곡,4045,3659,7704
20211126,경의선,곡산,611,619,1230
20211126,경의선,백마,7238,6883,14121
20211126,경의선,풍산,5838,5482,11320
20211126,경의선,일산,9636,9607,19243
20211126,경의선,탄현,8139,7553,15692
20211126,경의선,야당,7607,7740,15347
20211126,경의선,운정,7573,7136,14709
20211126,경의선,금릉,5196,4877,10073
20211126,경의선,금촌,7224,7069,14293
20211126,경의선,월롱,2854,2194,5048
20211126,경의선,파주,1374,901,2275
20211126,경의선,문산,6942,6720,13662
20211126,경의선,임진강,9,30,39
20211126,경인선,개봉,22198,21779,43977
20211126,경인선,부천,33105,33806,66911
20211126,경원선,옥수,46,28,74
20211126,경부선,영등포,40601,43430,84031
20211126,경원선,서빙고,2114,2085,4199
20211126,9호선2~3단계,올림픽공원,7756,7836,15592
20211126,9호선2~3단계,둔촌오륜,1312,1137,2449
20211126,9호선2~3단계,중앙보훈병원,10801,9256,20057
20211126,경강선,판교,4862,4997,9859
20211126,경강선,이매,1236,1011,2247
20211126,경강선,삼동,2475,2113,4588
20211126,경강선,경기광주,7932,7382,15314
20211126,경강선,초월,3424,3094,6518
20211126,경강선,곤지암,2410,2250,4660
20211126,경강선,신둔도예촌,1641,1488,3129
20211126,경강선,이천,2927,3058,5985
20211126,경강선,부발,2925,2043,4968
20211126,경강선,세종대왕릉,352,342,694
20211126,경강선,여주,2490,2504,4994
20211126,경부선,서울역,8577,2675,11252
20211126,9호선2~3단계,한성백제,2694,2452,5146
20211126,경부선,남영,9511,10002,19513
20211126,9호선2~3단계,송파나루,5197,5701,10898
20211126,9호선2~3단계,석촌고분,6394,6122,12516
20211126,경춘선,갈매,3225,2701,5926
20211126,9호선,노들,4672,3796,8468
20211126,9호선,흑석,8448,8757,17205
20211126,9호선,동작,1880,1439,3319
20211126,9호선,구반포,2054,2187,4241
20211126,9호선,신반포,3540,3442,6982
20211126,9호선,고속터미널,13622,19013,32635
20211126,9호선,사평,3748,3607,7355
20211126,9호선,신논현,34803,36618,71421
20211126,9호선2~3단계,언주,11222,11336,22558
20211126,9호선2~3단계,선정릉,10223,11052,21275
20211126,9호선2~3단계,삼성중앙,7089,7465,14554
20211126,9호선2~3단계,봉은사,18230,18799,37029
20211126,9호선2~3단계,종합운동장,4820,4917,9737
20211126,9호선2~3단계,삼전,7237,6855,14092
20211126,9호선2~3단계,석촌,8987,7854,16841
20211126,경원선,한남,4232,3998,8230
20211126,경부선,용산,39463,41866,81329
20211126,경부선,대방,13438,13384,26822
20211126,경부선,오산대,3886,3566,7452
20211126,경부선,오산,10838,10497,21335
20211126,경부선,진위,1959,1577,3536
20211126,경부선,송탄,5281,4696,9977
20211126,경부선,서정리,8077,2712,10789
20211126,경부선,평택지제,3976,3750,7726
20211126,경부선,평택,13769,13340,27109
20211126,경부선,성환,4202,3777,7979
20211126,경부선,직산,907,794,1701
20211126,경부선,두정,6547,5997,12544
20211126,경부선,천안,6219,6297,12516
20211126,경부선,당정,6443,6002,12445
20211126,경부선,서동탄,1613,1478,3091
20211126,경부선,광명,3975,3598,7573
20211126,경원선,이촌,3835,2932,6767
20211126,경부선,세마,2948,2728,5676
20211126,경부선,노량진,8947,8780,17727
20211126,경부선,병점,16143,15676,31819
20211126,경부선,독산,18816,19252,38068
20211126,경부선,신도림,4192,4298,8490
20211126,경부선,신길,9499,7990,17489
20211126,경부선,구로,19209,20164,39373
20211126,경부선,가산디지털단지,18636,21449,40085
20211126,경부선,금천구청,12346,12196,24542
20211126,경부선,석수,10302,8924,19226
20211126,경부선,관악,7531,6819,14350
20211126,경부선,안양,24787,24661,49448
20211126,경부선,명학,9382,9177,18559
20211126,경부선,금정,27786,28076,55862
20211126,경부선,군포,8066,7835,15901
20211126,경부선,의왕,9587,9389,18976
20211126,경부선,성균관대,16028,15505,31533
20211126,경부선,화서,8221,7866,16087
20211126,경부선,수원,38331,42632,80963
20211126,경부선,세류,3284,2988,6272
20211126,1호선,서울역,51052,50260,101312
20211126,9호선,노량진,27090,25615,52705
20211126,경춘선,퇴계원,3789,3469,7258
20211126,안산선,중앙,18786,20343,39129
20211126,안산선,고잔,9343,8942,18285
20211126,안산선,초지,4906,5069,9975
20211126,안산선,안산,11829,10733,22562
20211126,우이신설선,4.19민주묘지,2878,2794,5672
20211126,우이신설선,가오리,4244,4131,8375
20211126,우이신설선,삼양,2083,2166,4249
20211126,우이신설선,삼양사거리,2441,2405,4846
20211126,우이신설선,솔샘,5914,5365,11279
20211126,우이신설선,북한산보국문,6272,5664,11936
20211126,우이신설선,정릉,4899,4387,9286
20211126,우이신설선,성신여대입구,3473,3844,7317
20211126,우이신설선,보문,1577,1532,3109
20211126,우이신설선,신설동,2132,2108,4240
20211126,일산선,원흥,11186,10192,21378
20211126,안산선,한대앞,10597,10337,20934
20211126,일산선,지축,1,0,1
20211126,안산선,상록수,16646,16600,33246
20211126,안산선,대야미,5306,4645,9951
20211126,수인선,사리,4907,4191,9098
20211126,수인선,달월,94,59,153
20211126,수인선,월곶,2703,2528,5231
20211126,수인선,소래포구,5291,5114,10405
20211126,수인선,인천논현,5942,6366,12308
20211126,수인선,호구포,4123,4251,8374
20211126,수인선,남동인더스파크,2335,2579,4914
20211126,수인선,원인재,4738,4842,9580
20211126,수인선,연수,4810,4859,9669
20211126,수인선,송도,2642,2466,5108
20211126,수인선,인하대,6382,5922,12304
20211126,수인선,숭의,4118,3804,7922
20211126,수인선,신포,1978,2089,4067
20211126,수인선,인천,1049,1803,2852
20211126,안산선,산본,16479,17822,34301
20211126,안산선,반월,4593,4382,8975
20211126,수인선,야목,350,255,605
20211126,일산선,삼송,19715,18793,38508
20211126,일산선,화정,17647,18041,35688
20211126,중앙선,도농,10829,9735,20564
20211126,중앙선,양정,782,654,1436
20211126,중앙선,덕소,5929,4675,10604
20211126,중앙선,도심,2476,1815,4291
20211126,중앙선,팔당,783,861,1644
20211126,중앙선,운길산,707,612,1319
20211126,중앙선,양수,1835,1900,3735
20211126,중앙선,신원,186,165,351
20211126,중앙선,국수,763,726,1489
20211126,중앙선,아신,579,595,1174
20211126,중앙선,오빈,298,314,612
20211126,중앙선,양평,2807,2918,5725
20211126,중앙선,원덕,346,338,684
20211126,중앙선,용문,1736,1870,3606
20211126,중앙선,지평,64,72,136
20211126,중앙선,구리,14151,14397,28548
20211126,일산선,원당,11613,10817,22430
20211126,중앙선,양원,2209,2188,4397
20211126,중앙선,상봉,6350,6199,12549
20211126,일산선,대곡,2023,1619,3642
20211126,일산선,백석,10202,10179,20381
20211126,일산선,마두,7985,8130,16115
20211126,일산선,정발산,7612,8022,15634
20211126,일산선,주엽,9310,9238,18548
20211126,일산선,대화,14468,11428,25896
20211126,장항선,봉명,1223,1220,2443
20211126,장항선,쌍용,2472,2187,4659
20211126,장항선,아산,3988,3849,7837
20211126,장항선,탕정,457,413,870
20211126,장항선,배방,1196,1157,2353
20211126,장항선,온양온천,3794,4128,7922
20211126,장항선,신창,2533,1743,4276
20211126,중앙선,회기,26445,24840,51285
20211126,중앙선,중랑,5829,5516,11345
20211126,중앙선,망우,8086,7922,16008
20211126,경춘선,별내,3508,3324,6832
20211126,수인선,어천,912,778,1690
20211126,수인선,고색,4882,4502,9384
20211126,공항철도 1호선,마곡나루,8542,7952,16494
20211126,공항철도 1호선,김포공항,14957,7688,22645
20211126,공항철도 1호선,계양,10464,9620,20084
20211126,공항철도 1호선,검암,7086,7036,14122
20211126,공항철도 1호선,청라국제도시,7168,6764,13932
20211126,공항철도 1호선,운서,6870,6683,13553
20211126,공항철도 1호선,공항화물청사,2368,2495,4863
20211126,공항철도 1호선,인천공항1터미널,4144,4722,8866
20211126,공항철도 1호선,인천공항2터미널,2326,2259,4585
20211126,공항철도 1호선,영종,3125,3244,6369
20211126,과천선,선바위,8990,7640,16630
20211126,과천선,경마공원,4686,4735,9421
20211126,과천선,대공원,2592,2709,5301
20211126,과천선,과천,6238,5530,11768
20211126,과천선,정부과천청사,11039,10753,21792
20211126,공항철도 1호선,디지털미디어시티,14384,12676,27060
20211126,과천선,인덕원,25820,26400,52220
20211126,공항철도 1호선,홍대입구,10354,11361,21715
20211126,공항철도 1호선,서울역,9982,9562,19544
20211126,경춘선,사릉,3580,3331,6911
20211126,경춘선,금곡,1576,1548,3124
20211126,경춘선,평내호평,6426,6407,12833
20211126,경춘선,천마산,1744,1640,3384
20211126,경춘선,마석,3956,3861,7817
20211126,경춘선,대성리,489,704,1193
20211126,경춘선,청평,1595,1695,3290
20211126,경춘선,상천,224,245,469
20211126,경춘선,가평,1625,1784,3409
20211126,경춘선,굴봉산,112,132,244
20211126,경춘선,백양리,135,140,275
20211126,경춘선,강촌,452,446,898
20211126,경춘선,김유정,351,386,737
20211126,경춘선,남춘천,3051,2821,5872
20211126,경춘선,춘천,1709,1433,3142
20211126,공항철도 1호선,공덕,2411,3265,5676
20211126,수인선,오목천,3569,3096,6665
20211126,과천선,평촌,18831,18466,37297
20211126,분당선,선릉,13724,21337,35061
20211126,분당선,미금,16365,17163,33528
20211126,분당선,오리,12641,10425,23066
20211126,분당선,이매,6145,5669,11814
20211126,분당선,보정,2923,2448,5371
20211126,분당선,죽전,14529,15791,30320
20211126,분당선,구성,5191,5519,10710
20211126,분당선,신갈,4817,4727,9544
20211126,분당선,기흥,10439,9652,20091
20211126,분당선,상갈,6072,5653,11725
20211126,분당선,청명,4792,4400,9192
20211126,분당선,영통,9669,9736,19405
20211126,분당선,망포,16366,14872,31238
20211126,분당선,매탄권선,5700,5169,10869
20211126,분당선,수원시청,13789,16440,30229
20211126,분당선,매교,3317,3380,6697
20211126,분당선,정자,18712,20084,38796
20211126,과천선,범계,27316,27416,54732
20211126,분당선,수내,13888,13862,27750
20211126,분당선,야탑,27743,29334,57077
20211126,분당선,한티,15871,16865,32736
20211126,분당선,도곡,7440,7270,14710
20211126,분당선,구룡,2488,2294,4782
20211126,분당선,개포동,4173,4260,8433
20211126,분당선,대모산입구,4595,4164,8759
20211126,분당선,수서,15395,16126,31521
20211126,분당선,복정,1,0,1
20211126,분당선,수원,9027,7909,16936
20211126,분당선,서울숲,11336,11692,23028
20211126,분당선,압구정로데오,20548,24667,45215
20211126,분당선,강남구청,10825,12428,23253
20211126,분당선,선정릉,8234,8833,17067
20211126,분당선,가천대,13681,13143,26824
20211126,분당선,태평,14290,12879,27169
20211126,분당선,모란,21055,21181,42236
20211126,분당선,서현,26682,27449,54131
20211126,9호선,샛강,6083,6358,12441
20211126,5호선,광화문,31348,33735,65083
20211126,9호선,국회의사당,16723,17298,34021
20211126,3호선,일원,10612,9926,20538
20211126,3호선,수서,19165,19125,38290
20211126,3호선,가락시장,9402,9288,18690
20211126,3호선,경찰병원,7468,7370,14838
20211126,3호선,오금,6634,5855,12489
20211126,4호선,수유,35265,35167,70432
20211126,3호선,대청,10986,9908,20894
20211126,4호선,미아,15501,14759,30260
20211126,4호선,길음,21143,19982,41125
20211126,4호선,성신여대입구,21274,20439,41713
20211126,4호선,한성대입구,14442,13992,28434
20211126,4호선,혜화,33608,34103,67711
20211126,4호선,동대문,20226,21287,41513
20211126,4호선,동대문역사문화공원,15720,14549,30269
20211126,4호선,미아사거리,29058,27930,56988
20211126,3호선,학여울,3663,3696,7359
20211126,3호선,대치,11687,11806,23493
20211126,3호선,도곡,5798,5744,11542
20211126,3호선,안국,22437,23567,46004
20211126,3호선,종로3가,10336,12245,22581
20211126,3호선,을지로3가,11306,11978,23284
20211126,3호선,동대입구,7952,8387,16339
20211126,3호선,약수,14059,13674,27733
20211126,3호선,금호,8316,7642,15958
20211126,3호선,옥수,9504,9685,19189
20211126,3호선,압구정,34514,37394,71908
20211126,3호선,신사,33009,36521,69530
20211126,3호선,잠원,5298,5072,10370
20211126,3호선,고속터미널,46426,49772,96198
20211126,3호선,교대,15168,9916,25084
20211126,3호선,남부터미널,32178,32802,64980
20211126,3호선,양재,42565,45192,87757
20211126,3호선,매봉,13009,12367,25376
20211126,4호선,충무로,26941,28510,55451
20211126,4호선,명동,18850,20475,39325
20211126,4호선,회현,24553,26439,50992
20211126,4호선,서울역,11571,20503,32074
20211126,5호선,우장산,15115,14662,29777
20211126,5호선,화곡,29352,26621,55973
20211126,5호선,까치산,29828,28016,57844
20211126,5호선,신정,14265,11297,25562
20211126,5호선,목동,17347,18432,35779
20211126,5호선,오목교,22392,24403,46795
20211126,5호선,양평,7716,7267,14983
20211126,5호선,영등포구청,3865,4024,7889
20211126,5호선,영등포시장,10302,10446,20748
20211126,5호선,신길,4243,4369,8612
20211126,5호선,여의도,28843,30730,59573
20211126,5호선,여의나루,9319,10744,20063
20211126,5호선,마포,14704,15506,30210
20211126,5호선,공덕,14849,15862,30711
20211126,5호선,애오개,7133,7070,14203
20211126,5호선,발산,20581,21623,42204
20211126,3호선,경복궁,22650,22767,45417
20211126,5호선,마곡,11198,10928,22126
20211126,5호선,김포공항,8155,7558,15713
20211126,4호선,숙대입구,13915,13814,27729
20211126,4호선,삼각지,5559,6487,12046
20211126,4호선,신용산,17762,18913,36675
20211126,4호선,이촌,7744,8455,16199
20211126,4호선,동작,1657,1834,3491
20211126,4호선,총신대입구,19599,21584,41183
20211126,4호선,사당,27226,24087,51313
20211126,4호선,남태령,1411,1067,2478
20211126,4호선,당고개,13301,11735,25036
20211126,4호선,상계,19602,17852,37454
20211126,4호선,노원,19464,22850,42314
20211126,4호선,창동,26558,28072,54630
20211126,4호선,쌍문,30596,27083,57679
20211126,5호선,방화,6998,6586,13584
20211126,5호선,개화산,5725,5377,11102
20211126,5호선,송정,6964,6488,13452
20211126,3호선,무악재,3955,3916,7871
20211126,3호선,홍제,17842,16712,34554
20211126,3호선,녹번,16315,14210,30525
20211126,2호선,시청,24342,23780,48122
20211126,2호선,을지로입구,40323,41852,82175
20211126,2호선,을지로3가,23691,24107,47798
20211126,2호선,을지로4가,13638,13617,27255
20211126,2호선,동대문역사문화공원,12685,14678,27363
20211126,2호선,신당,14306,14823,29129
20211126,2호선,상왕십리,14771,14147,28918
20211126,2호선,왕십리,17619,14838,32457
20211126,2호선,한양대,8062,8597,16659
20211126,2호선,뚝섬,22276,23999,46275
20211126,2호선,성수,37629,41559,79188
20211126,2호선,건대입구,36740,41377,78117
20211126,2호선,구의,24404,23926,48330
20211126,2호선,강변,34049,32559,66608
20211126,2호선,잠실나루,15113,14199,29312
20211126,1호선,청량리,19980,20257,40237
20211126,2호선,잠실,73193,72841,146034
20211126,1호선,제기동,16732,16880,33612
20211126,1호선,동대문,11110,10450,21560
20211126,6호선,신당,9027,9274,18301
20211126,우이신설선,화계,3481,3197,6678
20211126,우이신설선,솔밭공원,2533,2374,4907
20211126,우이신설선,북한산우이,2584,2372,4956
20211126,안산선,수리산,4528,3565,8093
20211126,안산선,오이도,8943,8785,17728
20211126,안산선,정왕,10643,10037,20680
20211126,안산선,신길온천,1778,1638,3416
20211126,경원선,창동,1,0,1
20211126,2호선,용답,2916,2818,5734
20211126,1호선,동묘앞,8014,8343,16357
20211126,1호선,시청,23406,24152,47558
20211126,1호선,종각,36112,35766,71878
20211126,1호선,종로3가,25897,24606,50503
20211126,1호선,종로5가,23127,22795,45922
20211126,1호선,신설동,14366,13758,28124
20211126,5호선,충정로,4937,4895,9832
20211126,2호선,잠실새내,22438,22919,45357
20211126,2호선,삼성,57995,58710,116705
20211126,2호선,홍대입구,56954,64613,121567
20211126,2호선,신촌,35574,36874,72448
20211126,2호선,이대,14371,14847,29218
20211126,2호선,아현,10824,10211,21035
20211126,2호선,충정로,10144,10739,20883
20211126,2호선,신답,1675,1865,3540
20211126,2호선,신설동,3426,3473,6899
20211126,2호선,도림천,1374,1389,2763
20211126,2호선,양천구청,6957,7302,14259
20211126,2호선,신정네거리,10688,10857,21545
20211126,2호선,용두,2447,2467,4914
20211126,3호선,지축,4654,4277,8931
20211126,3호선,구파발,21076,19894,40970
20211126,3호선,연신내,38082,35956,74038
20211126,3호선,불광,16874,17951,34825
20211126,2호선,합정,33170,37023,70193
20211126,2호선,종합운동장,8894,9686,18580
20211126,2호선,당산,19386,22450,41836
20211126,2호선,문래,22209,22887,45096
20211126,2호선,선릉,58150,52340,110490
20211126,2호선,역삼,52855,59257,112112
20211126,2호선,강남,90583,93604,184187
20211126,2호선,교대,35539,40964,76503
20211126,2호선,서초,22359,21437,43796
20211126,2호선,방배,18182,18952,37134
20211126,2호선,사당,40345,45292,85637
20211126,2호선,낙성대,29354,26246,55600
20211126,2호선,서울대입구,51020,48841,99861
20211126,2호선,봉천,24493,21759,46252
20211126,2호선,신림,66039,62631,128670
20211126,2호선,신대방,26849,25445,52294
20211126,2호선,구로디지털단지,62411,62024,124435
20211126,2호선,대림,24314,24953,49267
20211126,2호선,신도림,49928,50109,100037
20211126,2호선,영등포구청,23423,23642,47065
20211126,5호선,서대문,19695,19812,39507
20211126,3호선,독립문,7312,7400,14712
20211126,5호선,을지로4가,6100,6560,12660
20211126,7호선,숭실대입구,13399,13048,26447
20211126,7호선,상도,11050,10319,21369
20211126,7호선,장승배기,9733,9168,18901
20211126,7호선,신대방삼거리,17204,15948,33152
20211126,7호선,보라매,10487,10098,20585
20211126,7호선,신풍,12061,11446,23507
20211126,7호선,대림,7927,8060,15987
20211126,7호선,남구로,15864,16802,32666
20211126,7호선,가산디지털단지,47026,46468,93494
20211126,7호선,철산,22026,22777,44803
20211126,7호선,광명사거리,23581,22990,46571
20211126,7호선,천왕,11795,10839,22634
20211126,7호선,온수,11194,10217,21411
20211126,7호선,까치울,8055,7686,15741
20211126,7호선,부천종합운동장,5209,4506,9715
20211126,7호선,남성,11465,10239,21704
20211126,7호선,춘의,10270,9950,20220
20211126,7호선,이수,16568,16243,32811
20211126,7호선,고속터미널,18102,14746,32848
20211126,7호선,중화,11403,10886,22289
20211126,7호선,상봉,17561,16605,34166
20211126,7호선,면목,17121,16515,33636
20211126,7호선,사가정,16919,16630,33549
20211126,7호선,용마산,6384,5852,12236
20211126,7호선,중곡,11287,10128,21415
20211126,7호선,군자,15474,12128,27602
20211126,7호선,어린이대공원,13030,12819,25849
20211126,7호선,건대입구,12804,13541,26345
20211126,7호선,뚝섬유원지,7450,7260,14710
20211126,7호선,청담,19730,22700,42430
20211126,7호선,강남구청,16910,18956,35866
20211126,7호선,학동,24071,26016,50087
20211126,7호선,논현,21035,23991,45026
20211126,7호선,반포,6224,5884,12108
20211126,7호선,내방,15049,15317,30366
20211126,7호선,먹골,10328,9994,20322
20211126,7호선,신중동,14941,15206,30147
20211126,7호선,상동,13865,14682,28547
20211126,8호선,모란,4343,3682,8025
20211126,9호선,개화,2711,1833,4544
20211126,9호선,김포공항,8783,13814,22597
20211126,9호선,공항시장,3098,3263,6361
20211126,9호선,신방화,7448,6938,14386
20211126,9호선,마곡나루,12358,12270,24628
20211126,9호선,양천향교,10200,10037,20237
20211126,9호선,가양,21409,20290,41699
20211126,9호선,증미,7509,7283,14792
20211126,9호선,등촌,12085,11510,23595
20211126,9호선,염창,17952,17012,34964
20211126,9호선,신목동,4265,3616,7881
20211126,9호선,선유도,9027,8538,17565
20211126,9호선,당산,19044,18862,37906
20211126,5호선,종로3가,13259,14044,27303
20211126,8호선,수진,5484,4837,10321
20211126,7호선,부천시청,13627,13580,27207
20211126,8호선,신흥,4402,4783,9185
20211126,8호선,남한산성입구,14822,12937,27759
20211126,7호선,삼산체육관,5513,4850,10363
20211126,7호선,굴포천,9592,10098,19690
20211126,7호선,부평구청,7898,7022,14920
20211126,8호선,암사,19565,16810,36375
20211126,8호선,천호,15434,18216,33650
20211126,8호선,강동구청,11147,11386,22533
20211126,8호선,몽촌토성,6517,6523,13040
20211126,8호선,잠실,14458,17798,32256
20211126,8호선,석촌,8028,9281,17309
20211126,8호선,송파,7888,7700,15588
20211126,8호선,가락시장,8020,9245,17265
20211126,8호선,문정,22709,23333,46042
20211126,8호선,장지,18259,17148,35407
20211126,8호선,복정,12195,10297,22492
20211126,8호선,산성,5912,5709,11621
20211126,8호선,단대오거리,10957,10231,21188
20211126,7호선,태릉입구,9048,8438,17486
20211126,9호선,여의도,28660,27171,55831
20211126,7호선,하계,18287,16917,35204
20211126,5호선,올림픽공원,4718,4660,9378
20211126,5호선,방이,7379,7808,15187
20211126,5호선,오금,3948,3913,7861
20211126,5호선,개롱,6835,6847,13682
20211126,5호선,거여,9818,9059,18877
20211126,5호선,마천,7084,6788,13872
20211126,5호선,강일,3943,3861,7804
20211126,5호선,미사,16433,16000,32433
20211126,5호선,하남풍산,4407,4296,8703
20211126,5호선,하남시청,6435,6208,12643
20211126,5호선,하남검단산,5487,5258,10745
20211126,6호선,응암,18235,17282,35517
20211126,6호선,역촌,4049,4695,8744
20211126,6호선,불광,4442,4244,8686
20211126,6호선,독바위,2812,2838,5650
20211126,5호선,둔촌동,9015,8899,17914
20211126,6호선,구산,7999,5777,13776
20211126,5호선,상일동,16247,14350,30597
20211126,5호선,명일,8972,9145,18117
20211126,7호선,공릉,12819,12388,25207
20211126,5호선,청구,4152,3812,7964
20211126,5호선,신금호,6805,6810,13615
20211126,5호선,행당,8443,7317,15760
20211126,5호선,왕십리,4832,5594,10426
20211126,5호선,마장,5949,5576,11525
20211126,5호선,답십리,16635,14800,31435
20211126,5호선,장한평,19382,19152,38534
20211126,5호선,군자,11583,12870,24453
20211126,5호선,아차산,15056,14250,29306
20211126,5호선,광나루,13784,12288,26072
20211126,5호선,천호,18881,19015,37896
20211126,5호선,강동,19240,17723,36963
20211126,5호선,길동,8412,8830,17242
20211126,5호선,굽은다리,9708,9185,18893
20211126,5호선,고덕,10319,9900,20219
20211126,6호선,새절,13092,11917,25009
20211126,5호선,동대문역사문화공원,2889,3494,6383
20211126,6호선,디지털미디어시티,14006,15126,29132
20211126,6호선,안암,11412,11099,22511
20211126,6호선,고려대,8388,7828,16216
20211126,6호선,월곡,12072,11652,23724
20211126,6호선,상월곡,6593,5667,12260
20211126,6호선,돌곶이,9729,8858,18587
20211126,6호선,태릉입구,5690,6152,11842
20211126,6호선,화랑대,12259,9251,21510
20211126,6호선,봉화산,9164,8377,17541
20211126,7호선,장암,2333,999,3332
20211126,7호선,도봉산,9261,10459,19720
20211126,7호선,수락산,13179,12524,25703
20211126,7호선,마들,13451,12534,25985
20211126,7호선,노원,20253,21920,42173
20211126,7호선,중계,14612,12806,27418
20211126,6호선,증산,10380,9909,20289
20211126,6호선,보문,7591,6893,14484
20211126,6호선,창신,3618,2932,6550
20211126,6호선,석계,12704,13158,25862
20211126,6호선,청구,3975,4086,8061
20211126,6호선,동묘앞,7984,8100,16084
20211126,6호선,마포구청,14939,13194,28133
20211126,6호선,망원,14605,15948,30553
20211126,6호선,합정,13886,14142,28028
20211126,6호선,상수,8903,10787,19690
20211126,6호선,대흥,8702,8759,17461
20211126,6호선,공덕,19728,19195,38923
20211126,6호선,광흥창,9544,9231,18775
20211126,6호선,삼각지,7007,5940,12947
20211126,6호선,월드컵경기장,3709,4060,7769
20211126,6호선,녹사평,5321,5630,10951
20211126,6호선,이태원,11132,13915,25047
20211126,6호선,한강진,9742,11619,21361
20211126,6호선,버티고개,2059,1998,4057
20211126,6호선,약수,3853,3821,7674
20211126,6호선,효창공원앞,7342,6503,13845
20211129,경의선,홍대입구,1467,1759,3226
20211129,경의선,신촌,853,1051,1904
20211129,경의선,효창공원앞,2915,3306,6221
20211129,경의선,공덕,3543,3335,6878
20211129,경의선,서강대,2132,2041,4173
20211129,경의선,가좌,5407,5017,10424
20211129,경의선,백마,7050,6732,13782
20211129,경의선,수색,2835,2999,5834
20211129,경의선,화전,1874,1699,3573
20211129,경의선,강매,3281,2853,6134
20211129,경의선,행신,8072,8097,16169
20211129,경의선,능곡,3831,3465,7296
20211129,경의선,곡산,607,592,1199
20211129,경의선,서울역,4508,5673,10181
20211129,경의선,디지털미디어시티,2561,2318,4879
20211129,경원선,소요산,2477,1965,4442
20211129,경원선,월계,7161,6639,13800
20211129,경원선,보산,1543,1294,2837
20211129,경춘선,평내호평,6464,6080,12544
20211129,경원선,녹천,4704,4056,8760
20211129,경원선,방학,9673,9409,19082
20211129,경원선,도봉,6054,5822,11876
20211129,경원선,도봉산,7611,4783,12394
20211129,경원선,망월사,8006,8030,16036
20211129,경원선,회룡,12657,12414,25071
20211129,경원선,의정부,17631,17907,35538
20211129,경원선,가능,6592,6451,13043
20211129,경원선,녹양,4525,4124,8649
20211129,경원선,양주,7824,7242,15066
20211129,경원선,덕계,3087,2797,5884
20211129,경원선,덕정,6066,5941,12007
20211129,경원선,지행,6670,6631,13301
20211129,경원선,동두천중앙,3116,3020,6136
20211129,경원선,동두천,2159,2417,4576
20211129,경의선,풍산,5560,5110,10670
20211129,경인선,동암,14833,14796,29629
20211129,경의선,탄현,7985,7462,15447
20211129,경인선,구일,6603,6602,13205
20211129,경인선,소사,9084,8719,17803
20211129,경인선,부개,8774,8124,16898
20211129,경인선,간석,5938,5669,11607
20211129,경인선,도원,3146,3213,6359
20211129,경인선,온수,6849,6578,13427
20211129,경인선,중동,9642,8912,18554
20211129,경인선,도화,4226,3892,8118
20211129,경춘선,신내,2190,2130,4320
20211129,경춘선,갈매,3112,2666,5778
20211129,경춘선,별내,3472,3213,6685
20211129,경춘선,퇴계원,3744,3375,7119
20211129,경춘선,사릉,3675,3418,7093
20211129,경춘선,금곡,1557,1496,3053
20211129,경원선,광운대,8165,8048,16213
20211129,경인선,인천,3316,2437,5753
20211129,경의선,일산,9537,9401,18938
20211129,경인선,동인천,13692,12702,26394
20211129,경인선,주안,18857,17053,35910
20211129,경의선,야당,7162,6896,14058
20211129,경의선,운정,7330,6780,14110
20211129,경의선,금릉,4930,4764,9694
20211129,경의선,금촌,6395,6314,12709
20211129,경의선,월롱,2705,2706,5411
20211129,경의선,파주,1662,1211,2873
20211129,경의선,문산,5322,5185,10507
20211129,경의선,임진강,9,7,16
20211129,경인선,개봉,21712,21383,43095
20211129,경인선,오류동,12124,11353,23477
20211129,경인선,역곡,27864,27490,55354
20211129,경인선,부천,32213,32206,64419
20211129,경인선,송내,27117,26958,54075
20211129,경인선,부평,28282,30021,58303
20211129,경인선,백운,7179,7112,14291
20211129,경인선,제물포,11280,10695,21975
20211129,경원선,석계,8156,9299,17455
20211129,경부선,석수,10016,8787,18803
20211129,경원선,외대앞,8088,8357,16445
20211129,경강선,경기광주,7600,7237,14837
20211129,경강선,초월,3223,3076,6299
20211129,경강선,곤지암,2240,2199,4439
20211129,경강선,신둔도예촌,1542,1429,2971
20211129,경강선,이천,2575,2623,5198
20211129,경강선,부발,1871,1988,3859
20211129,경강선,세종대왕릉,321,306,627
20211129,경강선,여주,2491,2448,4939
20211129,경부선,서울역,6453,1945,8398
20211129,경부선,남영,9360,9773,19133
20211129,경부선,용산,32335,32526,64861
20211129,경부선,노량진,7992,8134,16126
20211129,경부선,대방,12947,13477,26424
20211129,경부선,영등포,35430,37044,72474
20211129,경부선,신도림,4066,4099,8165
20211129,경강선,삼동,2417,2243,4660
20211129,경부선,신길,9453,7871,17324
20211129,경강선,이매,1128,961,2089
20211129,9호선2~3단계,중앙보훈병원,10746,9562,20308
20211129,경춘선,천마산,1795,1600,3395
20211129,9호선,사평,3658,3469,7127
20211129,9호선,신논현,31023,30852,61875
20211129,9호선2~3단계,언주,10508,10751,21259
20211129,9호선2~3단계,선정릉,9704,10693,20397
20211129,9호선2~3단계,삼성중앙,6969,7468,14437
20211129,9호선2~3단계,봉은사,15354,15768,31122
20211129,9호선2~3단계,종합운동장,4118,4045,8163
20211129,9호선2~3단계,삼전,6610,6479,13089
20211129,9호선2~3단계,석촌고분,6114,6069,12183
20211129,9호선2~3단계,석촌,8246,7273,15519
20211129,9호선2~3단계,송파나루,4539,4787,9326
20211129,9호선2~3단계,한성백제,2594,2375,4969
20211129,9호선2~3단계,올림픽공원,5698,5673,11371
20211129,9호선2~3단계,둔촌오륜,1262,1204,2466
20211129,경강선,판교,4768,4689,9457
20211129,경원선,신이문,8422,7796,16218
20211129,경부선,구로,18667,19071,37738
20211129,경부선,금천구청,12110,11937,24047
20211129,경부선,평택,12171,12055,24226
20211129,경부선,성환,4776,4997,9773
20211129,경부선,직산,826,732,1558
20211129,경부선,두정,5358,5811,11169
20211129,경부선,천안,5432,5701,11133
20211129,경부선,당정,6299,6044,12343
20211129,경부선,서동탄,1528,1290,2818
20211129,경부선,광명,3606,2998,6604
20211129,경원선,이촌,3612,2750,6362
20211129,경원선,서빙고,1865,1680,3545
20211129,경원선,한남,4208,4060,8268
20211129,경원선,옥수,55,45,100
20211129,경원선,응봉,1859,1587,3446
20211129,경원선,왕십리,13271,15117,28388
20211129,경원선,청량리,14705,15191,29896
20211129,경부선,평택지제,3412,3251,6663
20211129,경부선,가산디지털단지,18852,21779,40631
20211129,경부선,서정리,7395,7138,14533
20211129,경부선,진위,1676,1532,3208
20211129,경부선,관악,7253,6608,13861
20211129,경부선,안양,24217,23877,48094
20211129,경부선,명학,9592,9471,19063
20211129,경부선,금정,26473,27360,53833
20211129,경부선,군포,7926,7890,15816
20211129,경부선,의왕,9264,9234,18498
20211129,경부선,성균관대,14414,14501,28915
20211129,경부선,화서,8126,7708,15834
20211129,경부선,수원,33639,35465,69104
20211129,경부선,독산,18617,19518,38135
20211129,경부선,세류,3042,2725,5767
20211129,경부선,병점,14596,14618,29214
20211129,경부선,세마,2764,2617,5381
20211129,경부선,오산대,3868,3438,7306
20211129,경부선,오산,10119,10000,20119
20211129,경부선,송탄,4376,4153,8529
20211129,9호선,고속터미널,11897,14766,26663
20211129,중앙선,지평,58,69,127
20211129,경춘선,청평,1491,1408,2899
20211129,우이신설선,북한산우이,2545,2318,4863
20211129,우이신설선,솔밭공원,2505,2398,4903
20211129,우이신설선,4.19민주묘지,2868,2801,5669
20211129,우이신설선,가오리,4197,4083,8280
20211129,우이신설선,화계,3415,3178,6593
20211129,우이신설선,삼양,2143,2242,4385
20211129,안산선,수리산,4387,3628,8015
20211129,우이신설선,삼양사거리,2415,2441,4856
20211129,우이신설선,북한산보국문,5842,5608,11450
20211129,우이신설선,정릉,4646,4274,8920
20211129,우이신설선,성신여대입구,3078,3509,6587
20211129,우이신설선,보문,1521,1528,3049
20211129,우이신설선,신설동,2197,2076,4273
20211129,일산선,원흥,10662,10125,20787
20211129,우이신설선,솔샘,5795,5491,11286
20211129,안산선,오이도,8385,7956,16341
20211129,안산선,정왕,9575,10178,19753
20211129,안산선,신길온천,1702,1503,3205
20211129,수인선,연수,4540,4426,8966
20211129,수인선,송도,2573,2297,4870
20211129,수인선,인하대,6084,5733,11817
20211129,수인선,숭의,4042,3793,7835
20211129,수인선,신포,1858,1895,3753
20211129,수인선,인천,968,1651,2619
20211129,안산선,산본,15932,17228,33160
20211129,안산선,대야미,5142,4622,9764
20211129,안산선,반월,4399,4312,8711
20211129,안산선,상록수,16271,16285,32556
20211129,안산선,한대앞,9556,9828,19384
20211129,안산선,중앙,17733,18093,35826
20211129,안산선,고잔,8959,8349,17308
20211129,안산선,초지,5116,5429,10545
20211129,안산선,안산,11639,10606,22245
20211129,일산선,지축,1,0,1
20211129,일산선,삼송,19309,18605,37914
20211129,일산선,원당,11314,10607,21921
20211129,일산선,화정,17010,17285,34295
20211129,중앙선,도농,10953,9732,20685
20211129,중앙선,양정,784,669,1453
20211129,중앙선,덕소,5693,4492,10185
20211129,중앙선,도심,2508,1924,4432
20211129,중앙선,팔당,825,836,1661
20211129,중앙선,운길산,721,633,1354
20211129,중앙선,양수,1796,1779,3575
20211129,중앙선,신원,178,195,373
20211129,중앙선,국수,754,752,1506
20211129,중앙선,아신,559,554,1113
20211129,중앙선,오빈,292,308,600
20211129,중앙선,양평,2768,2741,5509
20211129,중앙선,원덕,357,342,699
20211129,중앙선,용문,1745,1687,3432
20211129,9호선,신반포,3247,3187,6434
20211129,중앙선,구리,14002,13828,27830
20211129,수인선,원인재,4632,4667,9299
20211129,중앙선,양원,2150,2168,4318
20211129,중앙선,상봉,5873,5843,11716
20211129,일산선,대곡,2042,1616,3658
20211129,일산선,백석,9673,9670,19343
20211129,일산선,마두,7712,7807,15519
20211129,일산선,정발산,6687,6714,13401
20211129,일산선,주엽,9184,8948,18132
20211129,일산선,대화,13526,10431,23957
20211129,장항선,봉명,1280,1187,2467
20211129,장항선,쌍용,2709,2640,5349
20211129,장항선,아산,3485,3043,6528
20211129,장항선,탕정,377,367,744
20211129,장항선,배방,1036,1006,2042
20211129,장항선,온양온천,4528,4653,9181
20211129,장항선,신창,2074,2288,4362
20211129,중앙선,회기,24047,23478,47525
20211129,중앙선,중랑,5534,5223,10757
20211129,중앙선,망우,7651,7569,15220
20211129,수인선,남동인더스파크,2253,2583,4836
20211129,수인선,호구포,4018,4225,8243
20211129,수인선,인천논현,5585,5922,11507
20211129,공항철도 1호선,인천공항1터미널,3525,3610,7135
20211129,공항철도 1호선,인천공항2터미널,2324,2105,4429
20211129,공항철도 1호선,영종,2969,2934,5903
20211129,과천선,선바위,8371,7290,15661
20211129,과천선,경마공원,997,898,1895
20211129,과천선,대공원,2328,2460,4788
20211129,과천선,과천,5833,5372,11205
20211129,과천선,정부과천청사,10743,10490,21233
20211129,과천선,인덕원,24054,25137,49191
20211129,과천선,평촌,18270,18011,36281
20211129,과천선,범계,25441,25161,50602
20211129,분당선,선릉,14169,21445,35614
20211129,분당선,한티,13925,15124,29049
20211129,분당선,도곡,7112,7291,14403
20211129,분당선,구룡,2204,2123,4327
20211129,공항철도 1호선,공항화물청사,2217,2532,4749
20211129,분당선,개포동,3840,4032,7872
20211129,공항철도 1호선,운서,6492,6408,12900
20211129,공항철도 1호선,검암,6937,6758,13695
20211129,경춘선,상천,237,221,458
20211129,경춘선,가평,1578,1453,3031
20211129,경춘선,굴봉산,112,97,209
20211129,경춘선,백양리,68,63,131
20211129,경춘선,강촌,469,428,897
20211129,경춘선,김유정,274,244,518
20211129,경춘선,남춘천,2125,2378,4503
20211129,경춘선,춘천,1406,1478,2884
20211129,공항철도 1호선,서울역,7701,7091,14792
20211129,공항철도 1호선,공덕,2316,2955,5271
20211129,공항철도 1호선,홍대입구,8596,8644,17240
20211129,공항철도 1호선,디지털미디어시티,14397,12992,27389
20211129,공항철도 1호선,마곡나루,8738,8285,17023
20211129,공항철도 1호선,김포공항,12401,7103,19504
20211129,공항철도 1호선,계양,10341,9611,19952
20211129,공항철도 1호선,청라국제도시,6807,6432,13239
20211129,경춘선,대성리,473,395,868
20211129,분당선,대모산입구,4610,4231,8841
20211129,분당선,수원,8002,6856,14858
20211129,분당선,상갈,5671,5364,11035
20211129,분당선,청명,4392,4324,8716
20211129,분당선,영통,8431,8711,17142
20211129,분당선,망포,14709,13928,28637
20211129,분당선,매탄권선,5187,4904,10091
20211129,분당선,수원시청,12581,13410,25991
20211129,분당선,매교,3316,3217,6533
20211129,수인선,고색,4658,4375,9033
20211129,수인선,오목천,3370,3168,6538
20211129,수인선,어천,775,794,1569
20211129,수인선,야목,329,243,572
20211129,수인선,사리,4696,4059,8755
20211129,수인선,달월,88,56,144
20211129,수인선,월곶,2543,2329,4872
20211129,수인선,소래포구,5012,4578,9590
20211129,분당선,기흥,10048,9266,19314
20211129,분당선,수서,14020,14256,28276
20211129,분당선,신갈,4661,4667,9328
20211129,분당선,죽전,13350,14800,28150
20211129,분당선,서울숲,10389,10699,21088
20211129,분당선,압구정로데오,16887,18762,35649
20211129,분당선,강남구청,10255,11549,21804
20211129,분당선,선정릉,8095,8785,16880
20211129,분당선,가천대,8891,10056,18947
20211129,분당선,태평,13682,13147,26829
20211129,분당선,모란,24646,25333,49979
20211129,분당선,야탑,26110,27009,53119
20211129,분당선,서현,24895,25118,50013
20211129,분당선,수내,13174,13094,26268
20211129,분당선,정자,17508,18565,36073
20211129,분당선,미금,15776,16731,32507
20211129,분당선,오리,12233,10146,22379
20211129,분당선,이매,5932,5482,11414
20211129,분당선,보정,2559,2289,4848
20211129,분당선,구성,5180,5422,10602
20211129,9호선,구반포,2551,2685,5236
20211129,경춘선,마석,4114,4022,8136
20211129,9호선,흑석,7918,8300,16218
20211129,4호선,미아사거리,27506,26685,54191
20211129,4호선,길음,20142,19682,39824
20211129,4호선,성신여대입구,19475,18656,38131
20211129,4호선,한성대입구,13236,12946,26182
20211129,4호선,혜화,28163,28670,56833
20211129,4호선,동대문,20107,20899,41006
20211129,4호선,미아,15151,14796,29947
20211129,4호선,동대문역사문화공원,14567,13533,28100
20211129,4호선,명동,18144,18889,37033
20211129,4호선,회현,23745,25377,49122
20211129,4호선,서울역,11063,15830,26893
20211129,4호선,숙대입구,12894,12596,25490
20211129,4호선,삼각지,4723,5124,9847
20211129,4호선,신용산,16372,17316,33688
20211129,4호선,충무로,25634,27040,52674
20211129,4호선,수유,33407,33642,67049
20211129,3호선,오금,6425,5597,12022
20211129,3호선,경찰병원,7460,7628,15088
20211129,3호선,압구정,31287,33895,65182
20211129,3호선,신사,28962,30838,59800
20211129,3호선,잠원,4931,4776,9707
20211129,3호선,고속터미널,38935,36835,75770
20211129,3호선,교대,13907,9197,23104
20211129,3호선,남부터미널,27876,29070,56946
20211129,3호선,양재,39110,42656,81766
20211129,3호선,매봉,12476,12051,24527
20211129,3호선,도곡,5514,5455,10969
20211129,3호선,대치,10736,10836,21572
20211129,3호선,학여울,1796,1831,3627
20211129,3호선,대청,10965,10053,21018
20211129,3호선,일원,10648,10378,21026
20211129,3호선,수서,17029,17257,34286
20211129,3호선,가락시장,8981,8790,17771
20211129,4호선,이촌,7144,7821,14965
20211129,4호선,동작,1611,1794,3405
20211129,4호선,총신대입구,18447,19992,38439
20211129,4호선,사당,23847,20362,44209
20211129,5호선,영등포구청,3975,4056,8031
20211129,5호선,영등포시장,9760,9949,19709
20211129,5호선,신길,4165,4398,8563
20211129,5호선,여의도,28791,30552,59343
20211129,5호선,여의나루,9070,10182,19252
20211129,5호선,마포,14659,15217,29876
20211129,5호선,공덕,14237,15211,29448
20211129,5호선,애오개,6796,6835,13631
20211129,5호선,충정로,4902,4991,9893
20211129,5호선,서대문,19462,20347,39809
20211129,5호선,광화문,30287,32091,62378
20211129,5호선,종로3가,11570,11619,23189
20211129,5호선,을지로4가,6209,6386,12595
20211129,5호선,동대문역사문화공원,2984,3424,6408
20211129,5호선,청구,4019,3603,7622
20211129,5호선,양평,7589,7544,15133
20211129,3호선,금호,8092,7479,15571
20211129,5호선,오목교,21303,22927,44230
20211129,5호선,신정,14061,11350,25411
20211129,4호선,남태령,1217,1083,2300
20211129,4호선,당고개,12915,11430,24345
20211129,4호선,상계,19084,17475,36559
20211129,4호선,노원,17988,20358,38346
20211129,4호선,창동,25060,26354,51414
20211129,4호선,쌍문,29372,27064,56436
20211129,5호선,방화,7038,6688,13726
20211129,5호선,개화산,5673,5341,11014
20211129,5호선,김포공항,7250,6676,13926
20211129,5호선,송정,6781,6276,13057
20211129,5호선,마곡,10742,10610,21352
20211129,5호선,발산,20535,21169,41704
20211129,5호선,우장산,14798,14533,29331
20211129,5호선,화곡,28454,26625,55079
20211129,5호선,까치산,29047,27738,56785
20211129,5호선,목동,16673,18099,34772
20211129,3호선,약수,12937,12684,25621
20211129,3호선,동대입구,7422,7762,15184
20211129,3호선,을지로3가,10462,10815,21277
20211129,2호선,한양대,8244,9225,17469
20211129,2호선,뚝섬,20855,22783,43638
20211129,2호선,성수,36493,39568,76061
20211129,2호선,건대입구,32569,34805,67374
20211129,2호선,구의,23245,23110,46355
20211129,2호선,강변,29813,28574,58387
20211129,2호선,잠실나루,14630,14136,28766
20211129,2호선,잠실,67378,68382,135760
20211129,2호선,잠실새내,21006,20834,41840
20211129,2호선,종합운동장,7031,7874,14905
20211129,2호선,삼성,51671,52896,104567
20211129,2호선,선릉,58653,52348,111001
20211129,2호선,역삼,52928,59445,112373
20211129,2호선,강남,80865,80992,161857
20211129,2호선,교대,33661,38105,71766
20211129,2호선,왕십리,15677,12597,28274
20211129,2호선,서초,21974,21695,43669
20211129,2호선,상왕십리,14024,13644,27668
20211129,2호선,동대문역사문화공원,11759,13310,25069
20211129,9호선,동작,1728,1426,3154
20211129,1호선,서울역,44369,41725,86094
20211129,1호선,동묘앞,7336,7584,14920
20211129,1호선,시청,21987,22401,44388
20211129,1호선,종각,34963,34287,69250
20211129,1호선,종로3가,23932,21712,45644
20211129,1호선,종로5가,21750,21914,43664
20211129,1호선,동대문,10775,10294,21069
20211129,1호선,신설동,13601,13380,26981
20211129,1호선,제기동,17023,17361,34384
20211129,1호선,청량리,19224,19366,38590
20211129,2호선,시청,23117,22620,45737
20211129,2호선,을지로입구,38712,39799,78511
20211129,2호선,을지로3가,21913,21901,43814
20211129,2호선,을지로4가,13260,13117,26377
20211129,2호선,신당,13454,13824,27278
20211129,5호선,신금호,6544,6844,13388
20211129,2호선,방배,17469,18063,35532
20211129,2호선,낙성대,26633,26037,52670
20211129,2호선,도림천,1456,1491,2947
20211129,2호선,양천구청,6849,7099,13948
20211129,2호선,신정네거리,10394,10645,21039
20211129,2호선,용두,2276,2407,4683
20211129,3호선,지축,4674,4457,9131
20211129,3호선,구파발,20609,19598,40207
20211129,3호선,연신내,36461,34381,70842
20211129,3호선,불광,16353,17260,33613
20211129,3호선,녹번,15610,14267,29877
20211129,3호선,홍제,16914,16139,33053
20211129,3호선,무악재,3920,3973,7893
20211129,3호선,독립문,6870,7113,13983
20211129,3호선,경복궁,20741,20432,41173
20211129,3호선,안국,20183,20948,41131
20211129,3호선,종로3가,9791,11219,21010
20211129,2호선,신설동,2940,3057,5997
20211129,2호선,사당,35473,38934,74407
20211129,2호선,신답,1587,1895,3482
20211129,2호선,충정로,10014,10506,20520
20211129,2호선,서울대입구,45846,45835,91681
20211129,2호선,봉천,23657,22116,45773
20211129,2호선,신림,61632,59972,121604
20211129,2호선,신대방,26347,25794,52141
20211129,2호선,구로디지털단지,61085,61141,122226
20211129,2호선,대림,24076,24690,48766
20211129,2호선,신도림,45904,45066,90970
20211129,2호선,문래,21585,21978,43563
20211129,2호선,영등포구청,23428,23691,47119
20211129,2호선,당산,18447,21571,40018
20211129,2호선,합정,28639,30119,58758
20211129,2호선,홍대입구,47364,49512,96876
20211129,2호선,신촌,29941,30913,60854
20211129,2호선,이대,12944,13897,26841
20211129,2호선,아현,10491,9885,20376
20211129,2호선,용답,2756,2824,5580
20211129,5호선,행당,8133,7260,15393
20211129,3호선,옥수,8831,9205,18036
20211129,5호선,마장,5476,5237,10713
20211129,7호선,신대방삼거리,16751,16163,32914
20211129,7호선,보라매,10398,10339,20737
20211129,7호선,신풍,11681,11238,22919
20211129,7호선,대림,7908,7922,15830
20211129,7호선,남구로,16437,17211,33648
20211129,7호선,가산디지털단지,47553,47858,95411
20211129,7호선,철산,21220,21658,42878
20211129,7호선,광명사거리,22638,22227,44865
20211129,7호선,천왕,11960,11322,23282
20211129,7호선,온수,11119,10257,21376
20211129,7호선,까치울,7681,7443,15124
20211129,7호선,부천종합운동장,5229,4596,9825
20211129,7호선,춘의,10228,10091,20319
20211129,7호선,신중동,14303,14334,28637
20211129,7호선,부천시청,12961,12877,25838
20211129,7호선,장승배기,9399,9358,18757
20211129,7호선,삼산체육관,5546,4965,10511
20211129,7호선,상도,10558,10187,20745
20211129,7호선,남성,11069,10267,21336
20211129,7호선,사가정,16227,16325,32552
20211129,7호선,용마산,6223,5892,12115
20211129,7호선,중곡,10942,10064,21006
20211129,7호선,군자,14723,11937,26660
20211129,7호선,어린이대공원,12206,12276,24482
20211129,7호선,건대입구,11413,12316,23729
20211129,7호선,뚝섬유원지,7448,7300,14748
20211129,7호선,청담,19550,21820,41370
20211129,7호선,강남구청,16341,17997,34338
20211129,7호선,학동,24862,26477,51339
20211129,7호선,논현,20691,22291,42982
20211129,7호선,반포,5860,5619,11479
20211129,7호선,고속터미널,15874,13108,28982
20211129,7호선,내방,14598,14984,29582
20211129,7호선,이수,15223,15053,30276
20211129,7호선,숭실대입구,12933,13261,26194
20211129,7호선,면목,16494,15980,32474
20211129,7호선,굴포천,9235,9650,18885
20211129,8호선,암사,19178,16925,36103
20211129,9호선,신방화,6921,6772,13693
20211129,9호선,마곡나루,11349,11382,22731
20211129,9호선,양천향교,9727,9993,19720
20211129,9호선,가양,20639,19859,40498
20211129,9호선,증미,7534,7526,15060
20211129,9호선,등촌,11746,11688,23434
20211129,9호선,염창,17418,16794,34212
20211129,9호선,신목동,4204,3695,7899
20211129,9호선,선유도,8922,8625,17547
20211129,9호선,당산,17619,18041,35660
20211129,9호선,국회의사당,15825,16864,32689
20211129,9호선,여의도,27608,26651,54259
20211129,9호선,샛강,5836,6159,11995
20211129,9호선,노량진,25461,24986,50447
20211129,5호선,왕십리,4539,5160,9699
20211129,9호선,공항시장,2902,3143,6045
20211129,7호선,부평구청,7640,6877,14517
20211129,9호선,김포공항,7326,11005,18331
20211129,8호선,모란,5788,4566,10354
20211129,8호선,천호,14471,16443,30914
20211129,8호선,강동구청,10680,11062,21742
20211129,8호선,몽촌토성,6144,6269,12413
20211129,8호선,잠실,13364,16062,29426
20211129,8호선,석촌,7539,8641,16180
20211129,8호선,송파,7593,7597,15190
20211129,8호선,가락시장,7461,8347,15808
20211129,8호선,문정,22316,23635,45951
20211129,8호선,장지,16706,16213,32919
20211129,8호선,복정,11343,9902,21245
20211129,8호선,산성,5838,5965,11803
20211129,8호선,남한산성입구,14068,12922,26990
20211129,8호선,단대오거리,10754,10365,21119
20211129,8호선,신흥,4258,4582,8840
20211129,8호선,수진,5287,4893,10180
20211129,9호선,개화,2753,1845,4598
20211129,7호선,상봉,16748,15726,32474
20211129,7호선,상동,12811,13388,26199
20211129,9호선,노들,4423,3812,8235
20211129,5호선,강일,3857,3929,7786
20211129,5호선,미사,15643,15473,31116
20211129,5호선,하남풍산,4256,4152,8408
20211129,5호선,하남시청,6500,6314,12814
20211129,5호선,하남검단산,5283,5089,10372
20211129,6호선,응암,17323,17015,34338
20211129,6호선,역촌,3893,4554,8447
20211129,6호선,불광,4192,4212,8404
20211129,6호선,독바위,2635,2763,5398
20211129,6호선,구산,7722,5916,13638
20211129,6호선,새절,12820,11997,24817
20211129,6호선,증산,10022,9828,19850
20211129,6호선,디지털미디어시티,14273,15489,29762
20211129,6호선,월드컵경기장,3789,4094,7883
20211129,6호선,마포구청,14383,12870,27253
20211129,5호선,마천,7040,6883,13923
20211129,6호선,망원,13024,13820,26844
20211129,5호선,거여,9565,9024,18589
20211129,5호선,오금,3955,3789,7744
20211129,7호선,중화,10955,10777,21732
20211129,5호선,장한평,18609,18525,37134
20211129,5호선,군자,10924,11962,22886
20211129,5호선,아차산,14290,13734,28024
20211129,5호선,광나루,13214,12048,25262
20211129,5호선,천호,17365,17681,35046
20211129,5호선,강동,18307,17507,35814
20211129,5호선,길동,8007,8285,16292
20211129,5호선,굽은다리,9350,8862,18212
20211129,5호선,명일,8800,8959,17759
20211129,5호선,고덕,9915,9726,19641
20211129,5호선,상일동,15824,14196,30020
20211129,5호선,둔촌동,8511,8443,16954
20211129,5호선,올림픽공원,4428,3793,8221
20211129,5호선,방이,6949,7311,14260
20211129,5호선,개롱,6683,6946,13629
20211129,6호선,합정,11978,12060,24038
20211129,5호선,답십리,16015,14491,30506
20211129,6호선,광흥창,9132,8877,18009
20211129,6호선,석계,12377,12958,25335
20211129,6호선,태릉입구,5436,5895,11331
20211129,6호선,화랑대,11816,9720,21536
20211129,6호선,봉화산,8969,8331,17300
20211129,6호선,신내,1,0,1
20211129,7호선,장암,2425,860,3285
20211129,7호선,도봉산,9438,10679,20117
20211129,7호선,수락산,12547,12372,24919
20211129,7호선,마들,12930,12252,25182
20211129,7호선,노원,19268,20482,39750
20211129,7호선,중계,14329,12990,27319
20211129,7호선,하계,17868,16618,34486
20211129,7호선,공릉,12095,12071,24166
20211129,7호선,태릉입구,8358,7998,16356
20211129,6호선,상수,7176,8064,15240
20211129,6호선,돌곶이,9486,8748,18234
20211129,6호선,상월곡,6380,5779,12159
20211129,7호선,먹골,9968,9752,19720
20211129,6호선,고려대,7820,7505,15325
20211129,6호선,대흥,8098,8321,16419
20211129,6호선,공덕,18746,18099,36845
20211129,6호선,효창공원앞,7027,6270,13297
20211129,6호선,삼각지,5684,4995,10679
20211129,6호선,월곡,11858,11742,23600
20211129,6호선,이태원,8815,8796,17611
20211129,6호선,한강진,6558,7605,14163
20211129,6호선,녹사평,4333,4318,8651
20211129,6호선,약수,3625,3591,7216
20211129,6호선,청구,3802,4016,7818
20211129,6호선,신당,7903,8405,16308
20211129,6호선,동묘앞,7491,7654,15145
20211129,6호선,창신,3634,2994,6628
20211129,6호선,보문,7119,6627,13746
20211129,6호선,안암,10465,10842,21307
20211129,6호선,버티고개,1877,1933,3810
20211130,경원선,소요산,1437,1196,2633
20211130,경의선,서울역,4123,5180,9303
20211130,경의선,신촌,831,1031,1862
20211130,경의선,효창공원앞,2851,3409,6260
20211130,경의선,공덕,3467,3013,6480
20211130,경의선,서강대,2050,1969,4019
20211130,경의선,능곡,3492,3214,6706
20211130,경의선,가좌,5065,4753,9818
20211130,경의선,디지털미디어시티,2435,2230,4665
20211130,경의선,수색,2646,2777,5423
20211130,경의선,화전,1674,1537,3211
20211130,경의선,강매,3131,2647,5778
20211130,경의선,행신,7572,7605,15177
20211130,경원선,석계,7381,8543,15924
20211130,경의선,홍대입구,1348,1617,2965
20211130,경원선,동두천,1867,2033,3900
20211130,경원선,의정부,16337,16645,32982
20211130,경원선,동두천중앙,2789,2775,5564
20211130,경의선,곡산,548,565,1113
20211130,경원선,광운대,7964,7717,15681
20211130,경원선,월계,6685,6338,13023
20211130,경원선,녹천,4501,3769,8270
20211130,경원선,방학,8884,8615,17499
20211130,경원선,도봉,5570,5411,10981
20211130,경원선,도봉산,5700,3581,9281
20211130,경원선,망월사,7522,7513,15035
20211130,경원선,회룡,11539,11355,22894
20211130,경원선,가능,6103,5939,12042
20211130,경원선,녹양,4198,3967,8165
20211130,경원선,양주,7259,6623,13882
20211130,경원선,덕계,2744,2488,5232
20211130,경원선,덕정,5699,5537,11236
20211130,경원선,지행,5870,5832,11702
20211130,경원선,보산,1374,1225,2599
20211130,경의선,백마,6613,6361,12974
20211130,경인선,부평,26052,27774,53826
20211130,경의선,일산,8873,8706,17579
20211130,경인선,동인천,12526,11857,24383
20211130,경인선,인천,2672,1949,4621
20211130,경인선,구일,6331,6359,12690
20211130,경인선,소사,8112,7962,16074
20211130,경인선,부개,8052,7544,15596
20211130,경인선,간석,5488,5248,10736
20211130,경인선,도원,2794,2827,5621
20211130,경인선,온수,6468,6252,12720
20211130,경인선,중동,9072,8630,17702
20211130,경인선,도화,3830,3627,7457
20211130,경춘선,신내,1964,1916,3880
20211130,경춘선,갈매,2995,2512,5507
20211130,경춘선,별내,3152,2863,6015
20211130,경춘선,퇴계원,3411,3091,6502
20211130,경원선,신이문,8124,7500,15624
20211130,경인선,제물포,10141,9623,19764
20211130,경의선,풍산,5169,4823,9992
20211130,경인선,주안,17751,16094,33845
20211130,경인선,백운,6661,6450,13111
20211130,경의선,탄현,7530,7058,14588
20211130,경의선,야당,6691,6434,13125
20211130,경의선,운정,6648,6397,13045
20211130,경의선,금릉,4454,4237,8691
20211130,경의선,금촌,5742,5724,11466
20211130,경의선,월롱,2684,2577,5261
20211130,경의선,파주,1421,1032,2453
20211130,경의선,문산,4402,4339,8741
20211130,경의선,임진강,8,7,15
20211130,경의선,계양,1,0,1
20211130,경인선,개봉,20497,20389,40886
20211130,경인선,오류동,11357,10498,21855
20211130,경인선,역곡,26417,25877,52294
20211130,경인선,부천,30038,29927,59965
20211130,경인선,송내,25972,26105,52077
20211130,경인선,동암,13852,13940,27792
20211130,경원선,외대앞,7832,7953,15785
20211130,9호선,신반포,3224,3132,6356
20211130,경원선,왕십리,12870,14808,27678
20211130,경강선,삼동,2336,2084,4420
20211130,경강선,경기광주,7170,6719,13889
20211130,경강선,초월,2929,2783,5712
20211130,경강선,곤지암,1987,1901,3888
20211130,경강선,신둔도예촌,1344,1261,2605
20211130,경강선,이천,2373,2502,4875
20211130,경강선,부발,1846,1828,3674
20211130,경강선,세종대왕릉,280,250,530
20211130,경강선,여주,2180,2124,4304
20211130,경부선,서울역,5475,1823,7298
20211130,경부선,남영,9139,9488,18627
20211130,경부선,용산,30284,30170,60454
20211130,경부선,노량진,7013,7377,14390
20211130,경부선,대방,12685,13247,25932
20211130,경부선,영등포,33676,34551,68227
20211130,경강선,이매,1095,949,2044
20211130,경부선,신도림,3581,3679,7260
20211130,경강선,판교,4565,4596,9161
20211130,9호선2~3단계,둔촌오륜,1323,1183,2506
20211130,경춘선,사릉,3396,3167,6563
20211130,9호선,고속터미널,10758,13532,24290
20211130,9호선,사평,3667,3513,7180
20211130,9호선,신논현,30081,30286,60367
20211130,9호선2~3단계,언주,10719,11083,21802
20211130,9호선2~3단계,선정릉,9674,10691,20365
20211130,9호선2~3단계,삼성중앙,7091,7551,14642
20211130,9호선2~3단계,봉은사,15437,15861,31298
20211130,9호선2~3단계,종합운동장,4051,4087,8138
20211130,9호선2~3단계,삼전,6813,6617,13430
20211130,9호선2~3단계,석촌고분,6218,6071,12289
20211130,9호선2~3단계,석촌,7899,7106,15005
20211130,9호선2~3단계,송파나루,4765,4899,9664
20211130,9호선2~3단계,한성백제,2514,2336,4850
20211130,9호선2~3단계,올림픽공원,5228,5245,10473
20211130,9호선2~3단계,중앙보훈병원,10611,9262,19873
20211130,경원선,청량리,12887,13249,26136
20211130,경부선,신길,8589,7159,15748
20211130,경부선,가산디지털단지,18304,21331,39635
20211130,경부선,서정리,6773,6430,13203
20211130,경부선,평택지제,3166,2982,6148
20211130,경부선,평택,10630,10523,21153
20211130,경부선,성환,4132,4260,8392
20211130,경부선,직산,631,656,1287
20211130,경부선,두정,4867,5062,9929
20211130,경부선,천안,4823,4914,9737
20211130,경부선,당정,6126,5780,11906
20211130,경부선,서동탄,1378,1166,2544
20211130,경부선,광명,3276,2738,6014
20211130,경원선,이촌,3433,2712,6145
20211130,경원선,서빙고,1805,1688,3493
20211130,경원선,한남,3872,3709,7581
20211130,경원선,옥수,55,33,88
20211130,경원선,응봉,1761,1470,3231
20211130,경부선,송탄,4012,3802,7814
20211130,경부선,구로,17916,18431,36347
20211130,경부선,진위,1557,1351,2908
20211130,경부선,오산대,3568,3217,6785
20211130,경부선,금천구청,11171,11069,22240
20211130,경부선,석수,9453,8327,17780
20211130,경부선,관악,6814,6297,13111
20211130,경부선,안양,23040,22978,46018
20211130,경부선,명학,9455,9259,18714
20211130,경부선,금정,25353,25822,51175
20211130,경부선,군포,7509,7433,14942
20211130,경부선,의왕,8604,8718,17322
20211130,경부선,성균관대,14026,13805,27831
20211130,경부선,화서,7699,7378,15077
20211130,경부선,수원,30966,32855,63821
20211130,경부선,독산,18290,19292,37582
20211130,경부선,세류,2864,2551,5415
20211130,경부선,병점,13667,13664,27331
20211130,경부선,세마,2592,2392,4984
20211130,경부선,오산,9163,9189,18352
20211130,경춘선,금곡,1313,1294,2607
20211130,중앙선,원덕,260,247,507
20211130,경춘선,천마산,1465,1328,2793
20211130,안산선,신길온천,1523,1381,2904
20211130,안산선,정왕,8831,9234,18065
20211130,안산선,오이도,7587,7264,14851
20211130,안산선,수리산,4063,3320,7383
20211130,우이신설선,북한산우이,2085,1746,3831
20211130,우이신설선,솔밭공원,2284,2155,4439
20211130,우이신설선,4.19민주묘지,2467,2482,4949
20211130,우이신설선,가오리,3939,3813,7752
20211130,우이신설선,화계,3160,2949,6109
20211130,우이신설선,삼양,1827,1940,3767
20211130,우이신설선,삼양사거리,2182,2242,4424
20211130,우이신설선,솔샘,5651,5257,10908
20211130,우이신설선,북한산보국문,5480,5368,10848
20211130,우이신설선,정릉,4323,4081,8404
20211130,우이신설선,성신여대입구,3029,3282,6311
20211130,안산선,안산,10844,9675,20519
20211130,우이신설선,보문,1466,1402,2868
20211130,안산선,초지,4837,5049,9886
20211130,안산선,중앙,16316,16976,33292
20211130,수인선,인천논현,5068,5463,10531
20211130,수인선,호구포,3804,3897,7701
20211130,수인선,남동인더스파크,2299,2608,4907
20211130,수인선,원인재,4100,4220,8320
20211130,수인선,연수,4022,4036,8058
20211130,수인선,송도,2191,2002,4193
20211130,수인선,인하대,5652,5330,10982
20211130,수인선,숭의,3726,3447,7173
20211130,수인선,신포,1648,1692,3340
20211130,수인선,인천,828,1376,2204
20211130,안산선,산본,14635,15897,30532
20211130,안산선,대야미,4639,4105,8744
20211130,안산선,반월,3958,3779,7737
20211130,안산선,상록수,15528,15554,31082
20211130,안산선,한대앞,9053,9068,18121
20211130,안산선,고잔,8303,7933,16236
20211130,수인선,소래포구,4086,3760,7846
20211130,우이신설선,신설동,1920,1897,3817
20211130,일산선,삼송,18179,17632,35811
20211130,중앙선,양원,1975,1960,3935
20211130,중앙선,구리,12925,12907,25832
20211130,중앙선,도농,10348,9065,19413
20211130,중앙선,양정,649,581,1230
20211130,중앙선,덕소,5328,4129,9457
20211130,중앙선,도심,2355,1803,4158
20211130,중앙선,팔당,549,612,1161
20211130,중앙선,운길산,443,419,862
20211130,중앙선,양수,1424,1446,2870
20211130,중앙선,신원,117,117,234
20211130,중앙선,국수,618,586,1204
20211130,중앙선,아신,456,476,932
20211130,중앙선,오빈,249,236,485
20211130,중앙선,양평,2258,2229,4487
20211130,9호선,구반포,1639,1736,3375
20211130,중앙선,망우,6915,6972,13887
20211130,일산선,원흥,10170,9566,19736
20211130,중앙선,상봉,5387,5331,10718
20211130,중앙선,회기,22854,22417,45271
20211130,일산선,원당,10516,9833,20349
20211130,일산선,화정,15884,16188,32072
20211130,일산선,대곡,1755,1429,3184
20211130,일산선,백석,9273,9103,18376
20211130,일산선,마두,7245,7310,14555
20211130,일산선,정발산,6212,6305,12517
20211130,일산선,주엽,8536,8383,16919
20211130,일산선,대화,12765,9951,22716
20211130,장항선,봉명,1100,1049,2149
20211130,장항선,쌍용,2346,2259,4605
20211130,장항선,아산,3178,2627,5805
20211130,장항선,탕정,306,254,560
20211130,장항선,배방,876,875,1751
20211130,장항선,온양온천,2921,3000,5921
20211130,장항선,신창,1886,1806,3692
20211130,중앙선,중랑,5208,4960,10168
20211130,경춘선,평내호평,5640,5472,11112
20211130,수인선,월곶,2309,2119,4428
20211130,수인선,사리,4228,3760,7988
20211130,공항철도 1호선,청라국제도시,6551,6349,12900
20211130,공항철도 1호선,운서,6054,6017,12071
20211130,공항철도 1호선,공항화물청사,2271,2559,4830
20211130,공항철도 1호선,인천공항1터미널,3717,3819,7536
20211130,공항철도 1호선,인천공항2터미널,2213,2104,4317
20211130,공항철도 1호선,영종,2723,2662,5385
20211130,과천선,선바위,8350,7054,15404
20211130,과천선,경마공원,1136,1146,2282
20211130,과천선,대공원,1350,1412,2762
20211130,과천선,과천,5686,5296,10982
20211130,과천선,정부과천청사,10403,10324,20727
20211130,과천선,인덕원,23125,24282,47407
20211130,과천선,평촌,17969,17632,35601
20211130,과천선,범계,24397,24263,48660
20211130,분당선,선릉,14025,21550,35575
20211130,공항철도 1호선,검암,6563,6519,13082
20211130,분당선,한티,13754,14997,28751
20211130,공항철도 1호선,계양,9801,9401,19202
20211130,공항철도 1호선,마곡나루,8446,7980,16426
20211130,경춘선,마석,3472,3339,6811
20211130,경춘선,대성리,307,266,573
20211130,경춘선,청평,1183,1177,2360
20211130,경춘선,상천,138,117,255
20211130,경춘선,가평,1233,1226,2459
20211130,경춘선,굴봉산,64,67,131
20211130,경춘선,백양리,68,57,125
20211130,경춘선,강촌,333,317,650
20211130,경춘선,김유정,179,162,341
20211130,경춘선,남춘천,1736,1833,3569
20211130,경춘선,춘천,1196,1103,2299
20211130,공항철도 1호선,서울역,7078,6527,13605
20211130,공항철도 1호선,공덕,2212,2900,5112
20211130,공항철도 1호선,홍대입구,7882,8223,16105
20211130,공항철도 1호선,디지털미디어시티,14231,13070,27301
20211130,공항철도 1호선,김포공항,11076,6311,17387
20211130,수인선,달월,95,68,163
20211130,분당선,도곡,6717,6951,13668
20211130,분당선,개포동,3767,3862,7629
20211130,분당선,죽전,12458,13893,26351
20211130,분당선,구성,4941,5242,10183
20211130,분당선,신갈,4499,4373,8872
20211130,분당선,기흥,9609,9007,18616
20211130,분당선,상갈,5383,5065,10448
20211130,분당선,청명,4203,4086,8289
20211130,분당선,영통,8190,8228,16418
20211130,분당선,망포,14344,13292,27636
20211130,분당선,매탄권선,4993,4790,9783
20211130,분당선,수원시청,11860,12793,24653
20211130,분당선,매교,3008,2712,5720
20211130,수인선,고색,4344,4086,8430
20211130,수인선,오목천,3144,2868,6012
20211130,수인선,어천,603,630,1233
20211130,수인선,야목,315,213,528
20211130,분당선,보정,2523,2158,4681
20211130,분당선,구룡,2014,2015,4029
20211130,분당선,이매,5549,5087,10636
20211130,분당선,미금,14762,15613,30375
20211130,분당선,대모산입구,4346,4025,8371
20211130,분당선,수서,13181,13520,26701
20211130,분당선,복정,1,0,1
20211130,분당선,수원,7238,6194,13432
20211130,분당선,서울숲,9896,10268,20164
20211130,분당선,압구정로데오,17361,19496,36857
20211130,분당선,강남구청,10272,11740,22012
20211130,분당선,선정릉,8334,9010,17344
20211130,분당선,가천대,8587,9562,18149
20211130,분당선,태평,12902,12185,25087
20211130,분당선,모란,18244,18425,36669
20211130,분당선,야탑,24911,25991,50902
20211130,분당선,서현,23253,23876,47129
20211130,분당선,수내,12815,12909,25724
20211130,분당선,정자,17390,18419,35809
20211130,분당선,오리,11330,9330,20660
20211130,9호선,동작,1608,1262,2870
20211130,5호선,마장,5588,5272,10860
20211130,9호선,노들,4292,3684,7976
20211130,4호선,수유,31793,31825,63618
20211130,4호선,미아,14458,14051,28509
20211130,4호선,미아사거리,26072,25231,51303
20211130,4호선,길음,19631,19487,39118
20211130,4호선,성신여대입구,19363,18700,38063
20211130,4호선,한성대입구,12977,12699,25676
20211130,3호선,오금,6197,5460,11657
20211130,4호선,혜화,29731,30260,59991
20211130,4호선,동대문역사문화공원,13906,13043,26949
20211130,4호선,충무로,25490,26401,51891
20211130,4호선,명동,17201,17748,34949
20211130,4호선,회현,21797,23125,44922
20211130,4호선,서울역,10974,15083,26057
20211130,4호선,숙대입구,12896,12577,25473
20211130,4호선,동대문,18380,19064,37444
20211130,3호선,경찰병원,7370,7306,14676
20211130,3호선,가락시장,8509,8274,16783
20211130,3호선,수서,16716,16738,33454
20211130,3호선,금호,7687,7254,14941
20211130,3호선,옥수,8399,8582,16981
20211130,3호선,압구정,31284,33772,65056
20211130,3호선,신사,28954,30722,59676
20211130,3호선,잠원,4763,4638,9401
20211130,3호선,고속터미널,35827,34403,70230
20211130,3호선,교대,14020,9161,23181
20211130,3호선,남부터미널,28159,29134,57293
20211130,3호선,양재,39101,42504,81605
20211130,3호선,매봉,12552,12111,24663
20211130,3호선,도곡,5278,5258,10536
20211130,3호선,대치,10355,10597,20952
20211130,3호선,학여울,1691,1789,3480
20211130,3호선,대청,10426,9525,19951
20211130,3호선,일원,10233,9741,19974
20211130,4호선,삼각지,4681,5180,9861
20211130,4호선,신용산,16548,17468,34016
20211130,4호선,이촌,6907,7630,14537
20211130,4호선,동작,1195,1358,2553
20211130,5호선,오목교,20715,22446,43161
20211130,5호선,양평,7482,7476,14958
20211130,5호선,영등포구청,3719,3869,7588
20211130,5호선,영등포시장,9753,9960,19713
20211130,5호선,신길,4243,4523,8766
20211130,5호선,여의도,29374,31422,60796
20211130,5호선,여의나루,8067,9123,17190
20211130,5호선,마포,14724,15087,29811
20211130,5호선,공덕,14322,15559,29881
20211130,5호선,애오개,6879,6882,13761
20211130,5호선,충정로,4916,5137,10053
20211130,5호선,서대문,19789,20401,40190
20211130,5호선,광화문,30793,33004,63797
20211130,5호선,종로3가,10751,10531,21282
20211130,5호선,을지로4가,5904,6070,11974
20211130,5호선,목동,16188,17666,33854
20211130,3호선,약수,12506,12156,24662
20211130,5호선,신정,13834,11125,24959
20211130,5호선,화곡,27536,25472,53008
20211130,4호선,총신대입구,17615,19062,36677
20211130,4호선,사당,23490,20019,43509
20211130,4호선,남태령,1221,1047,2268
20211130,4호선,당고개,12043,10828,22871
20211130,4호선,상계,18411,16897,35308
20211130,4호선,노원,17057,19534,36591
20211130,4호선,창동,23490,25116,48606
20211130,4호선,쌍문,28247,25765,54012
20211130,5호선,방화,6503,6392,12895
20211130,5호선,개화산,5432,5111,10543
20211130,5호선,김포공항,6909,6083,12992
20211130,5호선,송정,6377,5941,12318
20211130,5호선,마곡,10903,10772,21675
20211130,5호선,발산,20165,20595,40760
20211130,5호선,우장산,14443,14056,28499
20211130,5호선,까치산,28034,26746,54780
20211130,3호선,동대입구,8451,8868,17319
20211130,3호선,충무로,1,0,1
20211130,3호선,을지로3가,10580,11011,21591
20211130,2호선,한양대,8568,9311,17879
20211130,2호선,뚝섬,20949,22850,43799
20211130,2호선,성수,35757,39398,75155
20211130,2호선,건대입구,30582,32911,63493
20211130,2호선,구의,23140,22453,45593
20211130,2호선,강변,27297,26124,53421
20211130,2호선,잠실나루,14185,13672,27857
20211130,2호선,잠실,63302,64057,127359
20211130,2호선,잠실새내,20095,19784,39879
20211130,2호선,종합운동장,6571,7147,13718
20211130,2호선,삼성,51472,53022,104494
20211130,2호선,선릉,57724,51861,109585
20211130,2호선,역삼,54234,60464,114698
20211130,2호선,강남,79857,80079,159936
20211130,2호선,교대,33711,37984,71695
20211130,2호선,왕십리,15712,12605,28317
20211130,2호선,서초,21458,21088,42546
20211130,2호선,상왕십리,14013,13679,27692
20211130,2호선,동대문역사문화공원,10970,12365,23335
20211130,중앙선,용문,1610,1558,3168
20211130,1호선,서울역,41764,39190,80954
20211130,1호선,동묘앞,5302,5633,10935
20211130,1호선,시청,22200,22381,44581
20211130,1호선,종각,34222,34180,68402
20211130,1호선,종로3가,20903,19290,40193
20211130,1호선,종로5가,20221,19913,40134
20211130,1호선,동대문,9720,8923,18643
20211130,1호선,신설동,12858,12618,25476
20211130,1호선,제기동,13055,12956,26011
20211130,1호선,청량리,16488,16510,32998
20211130,2호선,시청,23937,23581,47518
20211130,2호선,을지로입구,39188,40706,79894
20211130,2호선,을지로3가,21847,21837,43684
20211130,2호선,을지로4가,12740,12561,25301
20211130,2호선,신당,12889,13572,26461
20211130,5호선,동대문역사문화공원,2977,3552,6529
20211130,2호선,방배,18170,18893,37063
20211130,2호선,낙성대,26062,25264,51326
20211130,2호선,도림천,1447,1483,2930
20211130,2호선,양천구청,6570,6964,13534
20211130,2호선,신정네거리,10004,10216,20220
20211130,2호선,용두,2157,2253,4410
20211130,3호선,지축,4219,4042,8261
20211130,3호선,구파발,19736,18828,38564
20211130,3호선,연신내,33899,32304,66203
20211130,3호선,불광,15329,16243,31572
20211130,3호선,녹번,15391,13864,29255
20211130,3호선,홍제,16393,15663,32056
20211130,3호선,무악재,3834,3859,7693
20211130,3호선,독립문,6353,6445,12798
20211130,3호선,경복궁,19217,18901,38118
20211130,3호선,안국,20192,20851,41043
20211130,3호선,종로3가,9543,10686,20229
20211130,2호선,신설동,2981,3121,6102
20211130,2호선,사당,35274,38462,73736
20211130,2호선,신답,1649,1929,3578
20211130,2호선,충정로,10099,10573,20672
20211130,2호선,서울대입구,45471,44532,90003
20211130,2호선,봉천,23071,21208,44279
20211130,2호선,신림,60245,58559,118804
20211130,2호선,신대방,25305,24412,49717
20211130,2호선,구로디지털단지,59266,60024,119290
20211130,2호선,대림,22677,23285,45962
20211130,2호선,신도림,45168,44612,89780
20211130,2호선,문래,21408,21822,43230
20211130,2호선,영등포구청,22945,23098,46043
20211130,2호선,당산,17595,20855,38450
20211130,2호선,합정,28293,29700,57993
20211130,2호선,홍대입구,45209,47118,92327
20211130,2호선,신촌,29357,30350,59707
20211130,2호선,이대,12886,13625,26511
20211130,2호선,아현,9788,9375,19163
20211130,2호선,용답,2678,2728,5406
20211130,5호선,청구,3976,3643,7619
20211130,5호선,신금호,6530,6717,13247
20211130,5호선,행당,8305,7263,15568
20211130,7호선,신대방삼거리,16589,15694,32283
20211130,7호선,보라매,10238,10126,20364
20211130,7호선,신풍,11477,10964,22441
20211130,7호선,대림,7852,7851,15703
20211130,7호선,남구로,16308,16971,33279
20211130,7호선,가산디지털단지,47461,47615,95076
20211130,7호선,철산,20356,20892,41248
20211130,7호선,광명사거리,21405,20992,42397
20211130,7호선,천왕,11314,10749,22063
20211130,7호선,온수,10805,9918,20723
20211130,7호선,까치울,7525,7144,14669
20211130,7호선,부천종합운동장,4765,4116,8881
20211130,7호선,춘의,10004,9891,19895
20211130,7호선,신중동,13780,13884,27664
20211130,7호선,부천시청,12356,12156,24512
20211130,7호선,장승배기,8999,8749,17748
20211130,7호선,상동,12827,13303,26130
20211130,7호선,상도,10365,9886,20251
20211130,7호선,남성,11187,10176,21363
20211130,7호선,사가정,15733,15719,31452
20211130,7호선,용마산,6039,5765,11804
20211130,7호선,중곡,10726,9833,20559
20211130,7호선,군자,14400,11637,26037
20211130,7호선,어린이대공원,12214,12028,24242
20211130,7호선,건대입구,11600,12099,23699
20211130,7호선,뚝섬유원지,6603,6422,13025
20211130,7호선,청담,19138,21746,40884
20211130,7호선,강남구청,16571,18210,34781
20211130,7호선,학동,24616,26276,50892
20211130,7호선,논현,19986,22050,42036
20211130,7호선,반포,5751,5538,11289
20211130,7호선,고속터미널,14361,12454,26815
20211130,7호선,내방,14400,14790,29190
20211130,7호선,이수,14948,14624,29572
20211130,7호선,숭실대입구,12959,13075,26034
20211130,7호선,면목,16186,15793,31979
20211130,7호선,삼산체육관,5194,4698,9892
20211130,7호선,부평구청,7674,6855,14529
20211130,9호선,공항시장,2915,3236,6151
20211130,9호선,신방화,6902,6755,13657
20211130,9호선,마곡나루,11300,11177,22477
20211130,9호선,양천향교,9747,10062,19809
20211130,9호선,가양,19925,19338,39263
20211130,9호선,증미,7343,7442,14785
20211130,9호선,등촌,11671,11342,23013
20211130,9호선,염창,16964,16380,33344
20211130,9호선,신목동,4119,3543,7662
20211130,9호선,선유도,9040,8695,17735
20211130,9호선,당산,17674,18044,35718
20211130,9호선,국회의사당,16841,17715,34556
20211130,9호선,여의도,27430,26580,54010
20211130,9호선,샛강,5964,6364,12328
20211130,9호선,노량진,24712,24036,48748
20211130,9호선,김포공항,6956,9527,16483
20211130,7호선,굴포천,9241,9609,18850
20211130,9호선,개화,2680,1737,4417
20211130,8호선,수진,5022,4621,9643
20211130,8호선,암사,18531,16331,34862
20211130,8호선,천호,14296,16042,30338
20211130,8호선,강동구청,10534,11037,21571
20211130,8호선,몽촌토성,6109,6218,12327
20211130,8호선,잠실,13236,15995,29231
20211130,8호선,석촌,7543,8576,16119
20211130,8호선,송파,7747,7584,15331
20211130,8호선,가락시장,7338,8119,15457
20211130,8호선,문정,22370,23771,46141
20211130,8호선,장지,16987,16334,33321
20211130,8호선,복정,11310,9742,21052
20211130,8호선,산성,5707,5651,11358
20211130,8호선,남한산성입구,13366,12234,25600
20211130,8호선,단대오거리,9875,9659,19534
20211130,8호선,신흥,4072,4352,8424
20211130,8호선,모란,4049,3070,7119
20211130,9호선,흑석,7477,7936,15413
20211130,7호선,상봉,16138,15028,31166
20211130,7호선,먹골,9863,9458,19321
20211130,5호선,마천,6643,6425,13068
20211130,5호선,강일,3478,3626,7104
20211130,5호선,미사,15243,14924,30167
20211130,5호선,하남풍산,4143,4115,8258
20211130,5호선,하남시청,5623,5473,11096
20211130,5호선,하남검단산,4723,4653,9376
20211130,6호선,응암,17071,16700,33771
20211130,6호선,역촌,3830,4425,8255
20211130,6호선,불광,3986,3919,7905
20211130,6호선,독바위,2637,2704,5341
20211130,6호선,연신내,1,0,1
20211130,6호선,구산,7427,5643,13070
20211130,6호선,새절,12617,11704,24321
20211130,6호선,증산,9739,9537,19276
20211130,6호선,디지털미디어시티,13555,15148,28703
20211130,5호선,거여,9144,8566,17710
20211130,6호선,월드컵경기장,2934,3292,6226
20211130,5호선,개롱,6397,6626,13023
20211130,5호선,방이,6917,7189,14106
20211130,5호선,왕십리,4483,5100,9583
20211130,5호선,답십리,15939,14295,30234
20211130,5호선,장한평,18384,18322,36706
20211130,5호선,군자,10647,11869,22516
20211130,5호선,아차산,13577,13118,26695
20211130,5호선,광나루,12574,11370,23944
20211130,5호선,천호,16122,16262,32384
20211130,5호선,강동,18237,17365,35602
20211130,5호선,길동,7543,7860,15403
20211130,5호선,굽은다리,9123,8641,17764
20211130,5호선,명일,8337,8664,17001
20211130,5호선,고덕,9507,9309,18816
20211130,5호선,상일동,15441,13851,29292
20211130,5호선,둔촌동,8225,8302,16527
20211130,5호선,올림픽공원,4096,3442,7538
20211130,5호선,오금,3722,3783,7505
20211130,7호선,중화,10908,10609,21517
20211130,6호선,마포구청,14223,12776,26999
20211130,6호선,합정,11843,11884,23727
20211130,6호선,상월곡,6246,5596,11842
20211130,6호선,돌곶이,9154,8498,17652
20211130,6호선,석계,12185,12570,24755
20211130,6호선,태릉입구,5148,5785,10933
20211130,6호선,화랑대,11654,9043,20697
20211130,6호선,봉화산,8711,8134,16845
20211130,7호선,장암,2179,752,2931
20211130,7호선,도봉산,8922,9869,18791
20211130,7호선,수락산,12045,11623,23668
20211130,7호선,마들,12713,12045,24758
20211130,7호선,노원,18447,19235,37682
20211130,7호선,중계,14109,12805,26914
20211130,7호선,하계,17377,16429,33806
20211130,7호선,공릉,11697,11661,23358
20211130,7호선,태릉입구,8020,7798,15818
20211130,6호선,월곡,11130,10909,22039
20211130,6호선,망원,12603,13678,26281
20211130,6호선,고려대,7372,7177,14549
20211130,6호선,보문,7112,6546,13658
20211130,6호선,상수,7648,8424,16072
20211130,6호선,광흥창,8978,8779,17757
20211130,6호선,대흥,8108,8284,16392
20211130,6호선,공덕,18455,17763,36218
20211130,6호선,효창공원앞,6806,6176,12982
20211130,6호선,삼각지,5705,5337,11042
20211130,6호선,녹사평,4228,4258,8486
20211130,6호선,이태원,8475,8699,17174
20211130,6호선,한강진,7734,8922,16656
20211130,6호선,버티고개,1913,1877,3790
20211130,6호선,약수,3576,3507,7083
20211130,6호선,청구,3813,3994,7807
20211130,6호선,신당,8451,8682,17133
20211130,6호선,동묘앞,6869,7092,13961
20211130,6호선,창신,3693,3098,6791
20211130,6호선,안암,10113,10214,20327
20211130,중앙선,지평,49,49,98
